[name]
unknown

[dist]
# distance from previous block
# <min> <max>
0	758

[block]
# block no. 0 follows, 62 sequences, length 22
# corresponding to MSA columns:
# 758-779
name=unknown_A
#
# <colnr> <probs for GDERKNQSTAVLIFYWHMCP>
#	G	D	E	R	K	N	Q	S	T	A	V	L	I	F	Y	W	H	M	C	P
0	0.00883	0.05786	0.06789	0.34880	0.06168	0.00855	0.00937	0.02129	0.06213	0.03725	0.01096	0.01612	0.02573	0.00603	0.00519	0.06641	0.00474	0.09769	0.00252	0.08094
1	0.04897	0.09258	0.02847	0.09299	0.08232	0.04892	0.02085	0.13885	0.10250	0.05449	0.05473	0.07722	0.05169	0.05647	0.00525	0.00149	0.00427	0.01938	0.00325	0.01530
2	0.03496	0.04959	0.01066	0.05818	0.14072	0.00758	0.04203	0.08568	0.01868	0.12884	0.05301	0.18030	0.02339	0.02409	0.03031	0.00159	0.00405	0.02165	0.07940	0.00528
3	0.05310	0.00838	0.00906	0.07926	0.01167	0.06767	0.00576	0.01125	0.00896	0.01370	0.00769	0.00917	0.00630	0.00346	0.00326	0.00078	0.00366	0.00270	0.04085	0.65330
4	0.01425	0.01829	0.05301	0.01185	0.08360	0.65842	0.00865	0.01566	0.01152	0.01095	0.00947	0.01046	0.06631	0.00479	0.00397	0.00115	0.00696	0.00332	0.00230	0.00506
5	0.00677	0.00555	0.00623	0.07802	0.00879	0.00534	0.00466	0.10689	0.01110	0.01387	0.10860	0.03368	0.57634	0.00931	0.00486	0.00141	0.00276	0.00776	0.00388	0.00418
6	0.00578	0.07788	0.00647	0.00589	0.00657	0.00467	0.00420	0.00669	0.00858	0.01129	0.08257	0.66044	0.07944	0.01197	0.00514	0.00161	0.00260	0.01071	0.00382	0.00368
7	0.00579	0.00466	0.00538	0.00515	0.00614	0.00449	0.00379	0.00694	0.00953	0.01237	0.24185	0.03412	0.42832	0.14119	0.00829	0.00186	0.06492	0.00781	0.00378	0.00362
8	0.01025	0.07104	0.00989	0.00808	0.01030	0.00987	0.00634	0.03902	0.58381	0.04144	0.01705	0.12944	0.01425	0.00661	0.00433	0.00143	0.00334	0.00557	0.02179	0.00616
9	0.80440	0.00817	0.00682	0.07841	0.01007	0.00954	0.00524	0.01237	0.00735	0.01837	0.00607	0.00730	0.00470	0.00398	0.00277	0.00133	0.00350	0.00243	0.00257	0.00462
10	0.01095	0.00932	0.00983	0.00873	0.01121	0.01076	0.00682	0.07454	0.76370	0.01839	0.01685	0.01550	0.01261	0.00573	0.00432	0.00143	0.00345	0.00475	0.00432	0.00677
11	0.00882	0.00756	0.00882	0.00630	0.01008	0.00567	0.00504	0.01071	0.00882	0.01387	0.00756	0.00882	0.00630	0.00315	0.00315	0.00063	0.00315	0.00252	0.00252	0.87647
12	0.74210	0.00783	0.00639	0.00564	0.00821	0.00885	0.00463	0.01301	0.00779	0.08733	0.00744	0.00822	0.00558	0.00414	0.00280	0.00129	0.00322	0.00260	0.06816	0.00478
13	0.00827	0.00568	0.00697	0.00626	0.00778	0.00565	0.00481	0.04672	0.13986	0.08467	0.59178	0.02688	0.03194	0.00779	0.00481	0.00135	0.00247	0.00678	0.00466	0.00486
14	0.88052	0.00823	0.00625	0.00560	0.00823	0.00955	0.00461	0.01251	0.00724	0.01909	0.00592	0.00691	0.00461	0.00395	0.00263	0.00132	0.00329	0.00230	0.00263	0.00461
15	0.01053	0.01011	0.01727	0.02612	0.82392	0.01011	0.01306	0.01306	0.00969	0.01390	0.00800	0.01053	0.00674	0.00379	0.00421	0.00126	0.00505	0.00379	0.00211	0.00674
16	0.01504	0.01136	0.01213	0.00956	0.01276	0.01267	0.00781	0.65017	0.18141	0.02499	0.01166	0.01136	0.00840	0.00524	0.00427	0.00131	0.00442	0.00403	0.00427	0.00713
17	0.00923	0.00849	0.03530	0.02705	0.07113	0.01904	0.00736	0.02664	0.41121	0.01470	0.01503	0.12276	0.01317	0.00959	0.09547	0.00209	0.08361	0.01893	0.00350	0.00568
18	0.00551	0.00407	0.00516	0.00589	0.00651	0.00378	0.00428	0.00653	0.00874	0.01134	0.04266	0.49737	0.18056	0.04725	0.00610	0.00181	0.00273	0.15228	0.00390	0.00354
19	0.01228	0.00677	0.00749	0.00624	0.00833	0.00694	0.00499	0.23259	0.01259	0.16966	0.01341	0.01405	0.00982	0.00506	0.00357	0.00113	0.00303	0.00399	0.47258	0.00548
20	0.00956	0.02215	0.16387	0.18170	0.27183	0.00975	0.12946	0.03421	0.01879	0.03014	0.00923	0.06584	0.00778	0.00469	0.00457	0.00138	0.02250	0.00440	0.00228	0.00586
21	0.02514	0.04873	0.22059	0.13904	0.17975	0.02045	0.04884	0.01194	0.03077	0.03082	0.01243	0.10437	0.05720	0.00580	0.00448	0.00140	0.01532	0.03494	0.00250	0.00549

[dist]
# distance from previous block
# <min> <max>
0	1

[block]
# block no. 1 follows, 62 sequences, length 38
# corresponding to MSA columns:
# 781,783-819
name=unknown_B
#
# <colnr> <probs for GDERKNQSTAVLIFYWHMCP>
#	G	D	E	R	K	N	Q	S	T	A	V	L	I	F	Y	W	H	M	C	P
0	0.00530	0.00394	0.00494	0.00549	0.00612	0.00358	0.00381	0.00634	0.00916	0.01210	0.17012	0.53603	0.19355	0.01198	0.00527	0.00160	0.00232	0.01067	0.00408	0.00358
1	0.01637	0.00910	0.03690	0.03292	0.06223	0.00860	0.01617	0.23370	0.02591	0.45405	0.03147	0.01322	0.00976	0.00512	0.00426	0.00130	0.00410	0.00416	0.02371	0.00694
2	0.01927	0.12776	0.43582	0.03263	0.17284	0.03212	0.06206	0.04523	0.00963	0.01357	0.00760	0.00920	0.00580	0.00397	0.00396	0.00127	0.00580	0.00329	0.00200	0.00618
3	0.03352	0.00888	0.05479	0.26147	0.21565	0.02292	0.08577	0.01149	0.00925	0.03749	0.03881	0.06192	0.06194	0.00540	0.00467	0.00139	0.03107	0.01447	0.03384	0.00526
4	0.00931	0.05983	0.00937	0.03387	0.01029	0.02879	0.00623	0.06386	0.40474	0.01514	0.01735	0.24462	0.02780	0.00835	0.02514	0.00161	0.01778	0.00656	0.00384	0.00552
5	0.45889	0.08179	0.02414	0.02223	0.12834	0.10220	0.01526	0.05207	0.00911	0.03499	0.00689	0.00806	0.00545	0.00401	0.00321	0.00123	0.00434	0.00276	0.00254	0.03250
6	0.00570	0.00399	0.00512	0.00579	0.00606	0.00387	0.00391	0.00638	0.00773	0.01028	0.02009	0.49174	0.02356	0.26235	0.02873	0.00258	0.00333	0.10203	0.00350	0.00326
7	0.01770	0.02016	0.24997	0.09769	0.16338	0.07177	0.06142	0.02120	0.15679	0.02443	0.02376	0.01289	0.05053	0.00478	0.00424	0.00134	0.00526	0.00410	0.00261	0.00598
8	0.00728	0.00377	0.00553	0.00553	0.00559	0.00381	0.00371	0.00578	0.00572	0.00775	0.00803	0.01392	0.00803	0.05622	0.05837	0.76985	0.00407	0.00387	0.02116	0.00203
9	0.00593	0.00511	0.00741	0.10336	0.01011	0.00488	0.07461	0.00738	0.00922	0.01177	0.08162	0.30788	0.33441	0.01012	0.00507	0.00153	0.00310	0.00900	0.00360	0.00389
10	0.01099	0.39699	0.31367	0.00957	0.01388	0.14595	0.01041	0.01363	0.00933	0.01147	0.00683	0.00795	0.00556	0.00394	0.00339	0.00110	0.00563	0.00270	0.02138	0.00564
11	0.00593	0.00430	0.00511	0.00491	0.00604	0.00389	0.00368	0.00766	0.01104	0.01532	0.51259	0.03285	0.26546	0.00893	0.00481	0.00133	0.00205	0.00769	0.09253	0.00389
12	0.08755	0.01219	0.01212	0.00949	0.01274	0.07779	0.00778	0.66619	0.01817	0.03997	0.00970	0.00982	0.00694	0.00496	0.00409	0.00127	0.00478	0.00363	0.00398	0.00684
13	0.01072	0.10866	0.06631	0.06166	0.57147	0.03460	0.04143	0.01325	0.00961	0.03135	0.00790	0.01009	0.00650	0.00385	0.00405	0.00124	0.00522	0.00360	0.00212	0.00639
14	0.00538	0.00415	0.00477	0.00497	0.00584	0.00374	0.00349	0.00636	0.00905	0.01157	0.13328	0.23931	0.38944	0.12492	0.03258	0.00202	0.00276	0.00908	0.00381	0.00348
15	0.01784	0.00714	0.00960	0.00745	0.01054	0.00628	0.00612	0.04565	0.01243	0.72869	0.08790	0.01588	0.01305	0.00557	0.00434	0.00132	0.00351	0.00457	0.00518	0.00696
16	0.00858	0.00950	0.09606	0.04497	0.31773	0.02101	0.08666	0.01113	0.02384	0.02642	0.04025	0.02068	0.26284	0.00620	0.00455	0.00135	0.00441	0.00558	0.00281	0.00545
17	0.00940	0.16348	0.51906	0.01342	0.10661	0.01120	0.09300	0.01332	0.00911	0.01294	0.00748	0.00903	0.00566	0.00390	0.00393	0.00127	0.00594	0.00325	0.00187	0.00614
18	0.01158	0.01344	0.06764	0.05396	0.08238	0.31421	0.04703	0.03824	0.02216	0.01211	0.00844	0.01139	0.00723	0.03884	0.04207	0.00165	0.12604	0.01691	0.07965	0.00502
19	0.20932	0.13658	0.07862	0.02461	0.13973	0.21721	0.05140	0.03098	0.00958	0.01364	0.00679	0.00832	0.00557	0.00418	0.00406	0.00123	0.04757	0.00298	0.00221	0.00540
20	0.00717	0.00399	0.00429	0.00440	0.00506	0.00397	0.00303	0.00852	0.00813	0.01335	0.01478	0.11120	0.01392	0.21162	0.02319	0.00194	0.00273	0.00542	0.54970	0.00357
21	0.00564	0.00426	0.00521	0.00558	0.00631	0.00405	0.00394	0.00707	0.04081	0.01178	0.12050	0.38805	0.21218	0.08429	0.05977	0.00214	0.00312	0.02785	0.00383	0.00364
22	0.02953	0.16588	0.42320	0.01157	0.08073	0.01060	0.04769	0.03522	0.03593	0.01330	0.01049	0.05937	0.04896	0.00490	0.00398	0.00129	0.00527	0.00400	0.00225	0.00585
23	0.10485	0.05594	0.57969	0.01143	0.04535	0.01054	0.01316	0.10492	0.01007	0.01548	0.00768	0.00886	0.00557	0.00413	0.00386	0.00131	0.00565	0.00312	0.00218	0.00619
24	0.00659	0.00493	0.00700	0.04921	0.00835	0.00566	0.00527	0.03191	0.00717	0.01010	0.01134	0.01808	0.01101	0.17993	0.58291	0.02492	0.02480	0.00476	0.00236	0.00370
25	0.01138	0.85302	0.02230	0.00728	0.01092	0.01684	0.00728	0.01274	0.00865	0.01001	0.00592	0.00683	0.00546	0.00364	0.00273	0.00091	0.00455	0.00228	0.00182	0.00546
26	0.00941	0.10182	0.54192	0.01043	0.01571	0.00993	0.01241	0.03794	0.00930	0.03591	0.00774	0.00894	0.00576	0.00399	0.00399	0.00119	0.02385	0.00302	0.00210	0.15464
27	0.05295	0.01401	0.40332	0.03617	0.04101	0.00827	0.03945	0.01264	0.06797	0.03310	0.19467	0.01649	0.03520	0.00556	0.00433	0.00137	0.00471	0.02036	0.00288	0.00557
28	0.00606	0.00454	0.00664	0.04912	0.00820	0.00513	0.00517	0.00737	0.00705	0.00991	0.01320	0.14130	0.01348	0.11034	0.58591	0.00553	0.00904	0.00581	0.00254	0.00367
29	0.02097	0.14393	0.24536	0.02173	0.07188	0.06630	0.30613	0.03147	0.00974	0.01310	0.00768	0.00962	0.00593	0.00392	0.00441	0.00130	0.02489	0.00374	0.00205	0.00585
30	0.00848	0.00455	0.00461	0.00441	0.00558	0.00466	0.00336	0.05710	0.02801	0.01655	0.01374	0.01553	0.01074	0.00498	0.00308	0.00102	0.00217	0.00398	0.80322	0.00422
31	0.02859	0.05125	0.01038	0.02385	0.01092	0.00758	0.02099	0.06668	0.00934	0.01422	0.00762	0.00917	0.00637	0.00464	0.03149	0.00104	0.06807	0.00283	0.00253	0.62246
32	0.00580	0.00496	0.03474	0.00521	0.00646	0.00411	0.00408	0.00740	0.01053	0.01411	0.43439	0.03400	0.30379	0.09030	0.00660	0.00165	0.00245	0.02149	0.00411	0.00381
33	0.00517	0.00378	0.00486	0.00573	0.00612	0.00347	0.00386	0.00595	0.00833	0.01094	0.02580	0.75140	0.12291	0.01303	0.00538	0.00169	0.00243	0.01172	0.00395	0.00347
34	0.01197	0.70260	0.04528	0.00798	0.01148	0.13933	0.00768	0.01340	0.00917	0.01018	0.00607	0.00702	0.00546	0.00376	0.00294	0.00095	0.00507	0.00237	0.00188	0.00541
35	0.00868	0.06360	0.78807	0.01189	0.01804	0.01023	0.01530	0.01344	0.00897	0.01330	0.00755	0.00888	0.00539	0.00402	0.00398	0.00133	0.00620	0.00310	0.00180	0.00625
36	0.02165	0.69891	0.09065	0.06891	0.01291	0.02549	0.00832	0.01272	0.00869	0.01049	0.00619	0.00735	0.00546	0.00373	0.00297	0.00099	0.00480	0.00247	0.00184	0.00546
37	0.03774	0.00997	0.03242	0.09261	0.67984	0.00992	0.01245	0.01323	0.02014	0.03912	0.00829	0.01065	0.00676	0.00391	0.00417	0.00128	0.00501	0.00376	0.00223	0.00651

[dist]
# distance from previous block
# <min> <max>
0	2

[block]
# block no. 2 follows, 62 sequences, length 10
# corresponding to MSA columns:
# 822-831
name=unknown_C
#
# <colnr> <probs for GDERKNQSTAVLIFYWHMCP>
#	G	D	E	R	K	N	Q	S	T	A	V	L	I	F	Y	W	H	M	C	P
0	0.00549	0.00397	0.00520	0.00574	0.00630	0.00368	0.00404	0.00667	0.00946	0.01284	0.26764	0.53545	0.06760	0.01175	0.00530	0.00160	0.00236	0.03708	0.00417	0.00365
1	0.00557	0.00399	0.00516	0.00583	0.00639	0.00370	0.00417	0.00640	0.00865	0.01132	0.07418	0.50816	0.15705	0.01255	0.00621	0.06581	0.00265	0.10494	0.00384	0.00345
2	0.01147	0.58582	0.01995	0.01091	0.14234	0.08365	0.00844	0.01296	0.00894	0.01069	0.00628	0.00768	0.00568	0.00400	0.00388	0.00105	0.06612	0.00266	0.00190	0.00556
3	0.10873	0.00930	0.14195	0.06882	0.01145	0.01969	0.02933	0.09582	0.00947	0.01395	0.06748	0.07793	0.07014	0.15333	0.06587	0.00226	0.04179	0.00524	0.00286	0.00461
4	0.00577	0.00417	0.00558	0.00649	0.00709	0.00398	0.00494	0.00697	0.00885	0.01158	0.02456	0.50287	0.08484	0.01258	0.00556	0.00179	0.00296	0.29185	0.00394	0.00363
5	0.00975	0.06610	0.54601	0.01456	0.18470	0.01060	0.01405	0.07983	0.01003	0.01448	0.00783	0.00928	0.00583	0.00406	0.00402	0.00130	0.00580	0.00329	0.00207	0.00641
6	0.12265	0.13404	0.10410	0.01001	0.07192	0.04866	0.07464	0.08075	0.03109	0.01489	0.00868	0.01043	0.02119	0.00415	0.00361	0.00110	0.00455	0.02243	0.00253	0.22857
7	0.00753	0.00650	0.02274	0.07057	0.16750	0.00623	0.05277	0.00945	0.02458	0.02252	0.08021	0.26328	0.04625	0.02707	0.02728	0.02526	0.00399	0.08907	0.00319	0.04400
8	0.00626	0.00459	0.00608	0.00680	0.00775	0.00441	0.00563	0.00790	0.00972	0.01261	0.08978	0.15986	0.15513	0.01158	0.00561	0.00179	0.00327	0.49344	0.00399	0.00381
9	0.04331	0.02553	0.13106	0.04178	0.07232	0.02468	0.07552	0.22959	0.01244	0.12442	0.02340	0.08105	0.00963	0.00593	0.02165	0.00144	0.00479	0.00455	0.06088	0.00603

[dist]
# distance from previous block
# <min> <max>
0	1

[block]
# block no. 3 follows, 62 sequences, length 16
# corresponding to MSA columns:
# 833-848
name=unknown_D
#
# <colnr> <probs for GDERKNQSTAVLIFYWHMCP>
#	G	D	E	R	K	N	Q	S	T	A	V	L	I	F	Y	W	H	M	C	P
0	0.03403	0.02627	0.34437	0.02759	0.26490	0.03929	0.09725	0.01322	0.00936	0.02702	0.00855	0.01040	0.01759	0.00416	0.00439	0.00132	0.02855	0.00365	0.03200	0.00609
1	0.83560	0.00842	0.00659	0.00581	0.00849	0.00974	0.00479	0.05394	0.00790	0.01949	0.00615	0.00708	0.00474	0.00401	0.00272	0.00131	0.00336	0.00238	0.00272	0.00474
2	0.80119	0.00933	0.00679	0.00609	0.00868	0.08513	0.00494	0.01292	0.00768	0.01829	0.00598	0.00698	0.00469	0.00399	0.00274	0.00130	0.00369	0.00234	0.00259	0.00464
3	0.01180	0.01302	0.01263	0.01477	0.26827	0.34832	0.03174	0.01363	0.02210	0.01189	0.02195	0.01245	0.00828	0.05128	0.09082	0.00194	0.00660	0.02340	0.02987	0.00524
4	0.00561	0.00430	0.00474	0.00480	0.00605	0.00370	0.00353	0.00675	0.00977	0.03777	0.12354	0.17588	0.57695	0.01081	0.00507	0.00147	0.00224	0.00922	0.00407	0.00373
5	0.00628	0.00433	0.00554	0.00543	0.00643	0.00394	0.00400	0.00790	0.01097	0.04905	0.52929	0.19842	0.13292	0.00975	0.00507	0.00143	0.00219	0.00861	0.00447	0.00398
6	0.01033	0.54704	0.31911	0.00907	0.01368	0.01428	0.01039	0.01301	0.00877	0.01129	0.00655	0.00762	0.00543	0.00379	0.00321	0.00107	0.00519	0.00260	0.00181	0.00577
7	0.00608	0.00456	0.00684	0.00684	0.00760	0.00532	0.00532	0.00760	0.00684	0.00988	0.01140	0.01672	0.01064	0.03191	0.83360	0.00684	0.01140	0.00456	0.00228	0.00380
8	0.00917	0.00911	0.01277	0.01099	0.01102	0.01271	0.00914	0.01013	0.00653	0.01023	0.00583	0.00962	0.00580	0.00847	0.04826	0.00207	0.80789	0.00376	0.00188	0.00462
9	0.45215	0.01006	0.00948	0.00767	0.01069	0.01135	0.00633	0.40761	0.01357	0.02292	0.00805	0.00855	0.00591	0.00452	0.00344	0.00130	0.00398	0.00306	0.00344	0.00591
10	0.01264	0.00767	0.00815	0.00676	0.00897	0.03219	0.00541	0.26858	0.03337	0.14984	0.02737	0.01387	0.01008	0.00513	0.00369	0.00116	0.00332	0.00402	0.39215	0.00564
11	0.10062	0.37650	0.32862	0.00917	0.01370	0.01311	0.01031	0.08008	0.00959	0.01369	0.00694	0.00795	0.00549	0.00395	0.00335	0.00115	0.00510	0.00274	0.00210	0.00584
12	0.00606	0.00409	0.00480	0.00501	0.00510	0.00405	0.00301	0.00627	0.00668	0.00890	0.01549	0.16179	0.01797	0.67329	0.01825	0.00363	0.00385	0.04611	0.00287	0.00279
13	0.00608	0.00408	0.00467	0.00477	0.00480	0.00406	0.00272	0.00616	0.00639	0.00852	0.01445	0.11268	0.01678	0.76384	0.01998	0.00388	0.00395	0.00680	0.00272	0.00267
14	0.00900	0.00783	0.00970	0.00835	0.09429	0.00613	0.00587	0.01096	0.00891	0.01387	0.00761	0.00900	0.00635	0.00322	0.00326	0.00070	0.00335	0.00265	0.00248	0.78648
15	0.00887	0.06052	0.60741	0.04197	0.12614	0.01016	0.01431	0.01306	0.00907	0.01329	0.03081	0.00982	0.00658	0.00421	0.00428	0.00133	0.02673	0.00335	0.00193	0.00615

[dist]
# distance from previous block
# <min> <max>
0	1

[block]
# block no. 4 follows, 62 sequences, length 13
# corresponding to MSA columns:
# 850-862
name=unknown_E
#
# <colnr> <probs for GDERKNQSTAVLIFYWHMCP>
#	G	D	E	R	K	N	Q	S	T	A	V	L	I	F	Y	W	H	M	C	P
0	0.00882	0.09064	0.01386	0.68821	0.05926	0.02878	0.01126	0.02933	0.00891	0.01126	0.00746	0.01076	0.00573	0.00420	0.00409	0.00135	0.00556	0.00361	0.00195	0.00494
1	0.00725	0.00370	0.00550	0.00557	0.00558	0.00368	0.00371	0.00557	0.00571	0.00761	0.00843	0.06679	0.00873	0.01469	0.01591	0.81978	0.00362	0.00424	0.00198	0.00195
2	0.00603	0.00413	0.00462	0.00466	0.00482	0.00404	0.00270	0.00617	0.00664	0.00870	0.01695	0.06080	0.10167	0.72903	0.01927	0.00375	0.00385	0.00671	0.00278	0.00272
3	0.01188	0.54660	0.06075	0.00925	0.01292	0.01462	0.10783	0.08551	0.00999	0.06056	0.00736	0.00837	0.00605	0.00404	0.00376	0.00109	0.03838	0.00298	0.00229	0.00577
4	0.08526	0.00698	0.00885	0.00720	0.00970	0.00670	0.04470	0.06133	0.03212	0.34841	0.06501	0.02150	0.23520	0.00687	0.00483	0.00138	0.03843	0.00560	0.00427	0.00565
5	0.00602	0.00435	0.00569	0.00535	0.00636	0.00401	0.00401	0.00803	0.01204	0.01706	0.82167	0.03178	0.04015	0.00870	0.00502	0.00134	0.00201	0.00770	0.00468	0.00401
6	0.00624	0.00418	0.00509	0.00509	0.00523	0.00432	0.00314	0.00641	0.00627	0.00850	0.01268	0.02493	0.01411	0.65186	0.16925	0.05629	0.00542	0.00574	0.00248	0.00276
7	0.00602	0.00435	0.00569	0.00535	0.00636	0.00401	0.00401	0.00803	0.01204	0.01706	0.82167	0.03178	0.04015	0.00870	0.00502	0.00134	0.00201	0.00770	0.00468	0.00401
8	0.00584	0.00439	0.00553	0.00575	0.00663	0.00401	0.00408	0.00740	0.03525	0.01305	0.24068	0.46853	0.09692	0.01086	0.00508	0.00151	0.00240	0.00969	0.00406	0.06837
9	0.00898	0.00820	0.01252	0.61515	0.02479	0.00989	0.03402	0.05234	0.16481	0.01307	0.00960	0.01217	0.00718	0.00457	0.00429	0.00142	0.00522	0.00402	0.00248	0.00527
10	0.01122	0.00690	0.00767	0.00678	0.00885	0.00733	0.00531	0.01756	0.36540	0.17523	0.04248	0.01612	0.01271	0.00550	0.00389	0.00127	0.00291	0.00452	0.29252	0.00583
11	0.06910	0.29675	0.07566	0.00954	0.04615	0.20352	0.00817	0.14625	0.01141	0.03543	0.00738	0.00822	0.00594	0.00413	0.00346	0.00108	0.00526	0.00284	0.00251	0.05722
12	0.01380	0.01589	0.01110	0.01006	0.01233	0.50942	0.00764	0.01920	0.32869	0.01332	0.01081	0.01090	0.00844	0.00493	0.00403	0.00123	0.00598	0.00356	0.00303	0.00564

[dist]
# distance from previous block
# <min> <max>
0	1

[block]
# block no. 5 follows, 62 sequences, length 66
# corresponding to MSA columns:
# 864-929
name=unknown_F
#
# <colnr> <probs for GDERKNQSTAVLIFYWHMCP>
#	G	D	E	R	K	N	Q	S	T	A	V	L	I	F	Y	W	H	M	C	P
0	0.01164	0.05690	0.03078	0.00950	0.04359	0.01129	0.00742	0.18391	0.53748	0.01876	0.01453	0.01409	0.01101	0.02415	0.00460	0.00143	0.00386	0.00442	0.00399	0.00666
1	0.00732	0.00713	0.08202	0.00660	0.00862	0.00591	0.01892	0.03189	0.14671	0.03998	0.15763	0.09707	0.33746	0.00920	0.02290	0.00155	0.00314	0.00734	0.00392	0.00468
2	0.00518	0.00372	0.00492	0.00587	0.00616	0.00346	0.00392	0.00593	0.00820	0.01088	0.02414	0.81957	0.05581	0.01324	0.00542	0.00172	0.00246	0.01199	0.00395	0.00346
3	0.00651	0.00511	0.00734	0.00710	0.00766	0.00615	0.00547	0.00775	0.00671	0.00971	0.01092	0.01724	0.01063	0.13696	0.62175	0.00585	0.11647	0.00467	0.00227	0.00375
4	0.01101	0.71819	0.07341	0.04268	0.05739	0.01571	0.00833	0.01273	0.00872	0.01049	0.00621	0.00736	0.00554	0.00370	0.00296	0.00098	0.00474	0.00248	0.00184	0.00555
5	0.00804	0.00756	0.01276	0.84023	0.02931	0.00945	0.01182	0.01087	0.00851	0.01087	0.00756	0.01134	0.00567	0.00425	0.00425	0.00142	0.00567	0.00378	0.00189	0.00473
6	0.00518	0.00370	0.00494	0.00592	0.00617	0.00346	0.00395	0.00592	0.00815	0.01086	0.02345	0.84768	0.02814	0.01333	0.00543	0.00173	0.00247	0.01210	0.00395	0.00346
7	0.00975	0.00991	0.09210	0.03485	0.22646	0.03057	0.07033	0.03091	0.17978	0.04551	0.14440	0.01669	0.04388	0.02111	0.00473	0.00139	0.00432	0.00490	0.02256	0.00585
8	0.02202	0.04448	0.26978	0.01100	0.07543	0.05285	0.03100	0.07734	0.01106	0.28897	0.01181	0.03382	0.02166	0.00495	0.00439	0.00132	0.02440	0.00397	0.00332	0.00643
9	0.00814	0.00767	0.01296	0.80536	0.06335	0.00948	0.01187	0.01097	0.00856	0.01100	0.00758	0.01131	0.00572	0.00423	0.00425	0.00141	0.00565	0.00378	0.00190	0.00481
10	0.77728	0.02326	0.02674	0.00620	0.00891	0.07457	0.00520	0.01289	0.00769	0.01812	0.00602	0.00702	0.00471	0.00398	0.00276	0.00129	0.00373	0.00236	0.00257	0.00469
11	0.00618	0.00473	0.00729	0.00711	0.00796	0.00545	0.02527	0.00775	0.00692	0.00997	0.01133	0.01659	0.01053	0.03121	0.81302	0.00670	0.01129	0.00457	0.00228	0.00385
12	0.03409	0.06042	0.01233	0.02598	0.06447	0.24979	0.02764	0.19850	0.20594	0.01657	0.01086	0.01833	0.01669	0.01228	0.00418	0.00127	0.00518	0.00380	0.02568	0.00597
13	0.50298	0.10785	0.11564	0.00830	0.05332	0.01043	0.02489	0.03263	0.03728	0.06201	0.00743	0.00828	0.00565	0.00408	0.00315	0.00128	0.00406	0.00278	0.00264	0.00535
14	0.01035	0.01018	0.04050	0.13970	0.65498	0.01014	0.01276	0.04532	0.00992	0.01399	0.00802	0.01059	0.00657	0.00392	0.00422	0.00129	0.00516	0.00377	0.00215	0.00646
15	0.01053	0.01011	0.01727	0.02612	0.82392	0.01011	0.01306	0.01306	0.00969	0.01390	0.00800	0.01053	0.00674	0.00379	0.00421	0.00126	0.00505	0.00379	0.00211	0.00674
16	0.00521	0.00384	0.00486	0.00560	0.00608	0.00351	0.00381	0.00605	0.00855	0.01119	0.06035	0.66131	0.16551	0.02568	0.00560	0.00170	0.00242	0.01128	0.00396	0.00349
17	0.00999	0.08083	0.35335	0.04762	0.15185	0.04760	0.11815	0.02673	0.07063	0.02551	0.02278	0.01046	0.00706	0.00418	0.00414	0.00131	0.00574	0.00367	0.00225	0.00613
18	0.01257	0.48507	0.07889	0.00908	0.01279	0.07606	0.05111	0.20211	0.01169	0.01447	0.00726	0.00810	0.00593	0.00407	0.00339	0.00107	0.00508	0.00289	0.00244	0.00592
19	0.01589	0.02028	0.01206	0.01096	0.01315	0.83338	0.00822	0.01699	0.01206	0.01041	0.00658	0.00767	0.00548	0.00438	0.00384	0.00110	0.00767	0.00274	0.00219	0.00493
20	0.00541	0.00434	0.00487	0.00499	0.00622	0.00380	0.00382	0.00672	0.01000	0.01254	0.17339	0.09762	0.54356	0.01071	0.00515	0.00150	0.00235	0.09525	0.00407	0.00369
21	0.00981	0.21481	0.38293	0.01217	0.01703	0.02447	0.20510	0.03203	0.00950	0.01294	0.00803	0.01045	0.00638	0.00414	0.00404	0.00128	0.00599	0.03101	0.00203	0.00588
22	0.00841	0.00433	0.00446	0.00431	0.00543	0.00437	0.00328	0.03829	0.00933	0.03283	0.01376	0.01566	0.01076	0.00558	0.02187	0.00114	0.00233	0.00398	0.80575	0.00414
23	0.00853	0.02201	0.82841	0.01213	0.01842	0.00988	0.01572	0.01348	0.00898	0.01348	0.00764	0.00898	0.00539	0.00404	0.00404	0.00135	0.00629	0.00314	0.00180	0.00629
24	0.00503	0.00431	0.00431	0.00431	0.00575	0.00359	0.00323	0.00611	0.00970	0.01149	0.04310	0.04095	0.82219	0.01078	0.00503	0.00144	0.00216	0.00898	0.00395	0.00359
25	0.00616	0.00412	0.00465	0.00467	0.00468	0.00411	0.00261	0.00618	0.00623	0.00831	0.01364	0.04720	0.01577	0.83069	0.02127	0.00407	0.00409	0.00633	0.00261	0.00260
26	0.11897	0.01167	0.08329	0.04041	0.04159	0.01042	0.59178	0.01348	0.00959	0.02513	0.00826	0.01073	0.00618	0.00371	0.00459	0.00141	0.00647	0.00446	0.00222	0.00566
27	0.00851	0.00715	0.00757	0.00703	0.00883	0.03591	0.00544	0.01485	0.37682	0.02899	0.22485	0.02605	0.17180	0.00772	0.00470	0.00143	0.00298	0.04985	0.00427	0.00525
28	0.00740	0.00519	0.00599	0.00561	0.00717	0.00471	0.00425	0.06867	0.01058	0.07161	0.13197	0.19251	0.35249	0.00957	0.00484	0.00141	0.00259	0.02561	0.02723	0.06062
29	0.00539	0.00388	0.00513	0.00601	0.00636	0.00367	0.00410	0.00645	0.02340	0.01140	0.06758	0.76063	0.02841	0.01288	0.00540	0.00171	0.00251	0.03755	0.00400	0.00356
30	0.02826	0.25853	0.54125	0.01061	0.01590	0.02499	0.02915	0.01322	0.00893	0.01254	0.00753	0.00873	0.01497	0.00400	0.00367	0.00122	0.00572	0.00298	0.00186	0.00595
31	0.00862	0.03632	0.79767	0.01216	0.01836	0.01002	0.03201	0.01347	0.00900	0.01342	0.00763	0.00900	0.00541	0.00403	0.00404	0.00134	0.00628	0.00317	0.00180	0.00626
32	0.01894	0.00728	0.00987	0.00759	0.01087	0.00633	0.00626	0.02077	0.02650	0.81245	0.01680	0.01451	0.01058	0.00528	0.00428	0.00132	0.00362	0.00429	0.00525	0.00723
33	0.00944	0.00921	0.01530	0.26262	0.35827	0.02927	0.10204	0.01235	0.03748	0.01279	0.01032	0.01403	0.04074	0.00475	0.00465	0.00139	0.02475	0.04264	0.00229	0.00567
34	0.02134	0.21685	0.29083	0.01003	0.01423	0.10812	0.03151	0.11352	0.06437	0.06964	0.00884	0.01721	0.00673	0.00439	0.00379	0.00121	0.00542	0.00329	0.00260	0.00608
35	0.01581	0.01069	0.01180	0.00919	0.01237	0.01158	0.00752	0.60204	0.07058	0.14763	0.01179	0.01182	0.00840	0.02815	0.01923	0.00147	0.00454	0.00404	0.00434	0.00702
36	0.00609	0.00450	0.00656	0.00656	0.00722	0.00517	0.00497	0.00742	0.00676	0.00967	0.01165	0.01813	0.01125	0.13607	0.73028	0.00649	0.01047	0.00477	0.00232	0.00364
37	0.04605	0.14310	0.04979	0.20602	0.37460	0.04971	0.02395	0.01291	0.00931	0.03502	0.00766	0.00991	0.00619	0.00396	0.00391	0.00125	0.00521	0.00345	0.00211	0.00589
38	0.02858	0.06064	0.24134	0.00993	0.06218	0.02472	0.00928	0.09109	0.03168	0.06454	0.01711	0.00973	0.00683	0.00413	0.00409	0.00109	0.03707	0.00316	0.00263	0.29018
39	0.01071	0.22958	0.40019	0.01064	0.01531	0.10017	0.05124	0.05057	0.04288	0.02820	0.01873	0.00917	0.00643	0.00416	0.00378	0.00121	0.00574	0.00316	0.00218	0.00596
40	0.00504	0.00427	0.00435	0.00441	0.00577	0.00358	0.00328	0.00610	0.00960	0.01145	0.04186	0.09199	0.77195	0.01094	0.00505	0.00146	0.00218	0.00918	0.00395	0.00358
41	0.00586	0.00434	0.00546	0.00518	0.00626	0.00394	0.00389	0.00771	0.01166	0.01614	0.69281	0.03330	0.16959	0.00904	0.00502	0.00135	0.00203	0.00791	0.00456	0.00394
42	0.00855	0.00793	0.01044	0.01852	0.01856	0.02550	0.01699	0.01063	0.08644	0.01141	0.08709	0.01576	0.02108	0.13833	0.05699	0.00235	0.45173	0.00470	0.00254	0.00446
43	0.00894	0.01982	0.68540	0.01195	0.01771	0.00978	0.06205	0.05419	0.00972	0.01431	0.03619	0.00999	0.00679	0.00421	0.00412	0.00133	0.00602	0.00343	0.00207	0.03202
44	0.00537	0.00393	0.00527	0.03492	0.00701	0.00373	0.00424	0.00631	0.00855	0.01140	0.08720	0.71458	0.05670	0.01253	0.00535	0.00168	0.00255	0.02120	0.00394	0.00356
45	0.01053	0.03090	0.07795	0.07560	0.11269	0.04039	0.23631	0.08385	0.10807	0.03165	0.02579	0.01243	0.00834	0.00518	0.02350	0.00147	0.03517	0.01806	0.01650	0.04563
46	0.18459	0.01394	0.01127	0.00936	0.01221	0.28094	0.00745	0.39483	0.01492	0.01994	0.00819	0.00874	0.00615	0.00465	0.00380	0.00123	0.00539	0.00318	0.00326	0.00597
47	0.01215	0.19314	0.18717	0.02678	0.01343	0.36220	0.00924	0.02863	0.02286	0.01182	0.05541	0.02087	0.02964	0.00472	0.00379	0.00116	0.00602	0.00337	0.00231	0.00529
48	0.01162	0.07979	0.02602	0.00964	0.03837	0.15946	0.00747	0.04110	0.51578	0.01563	0.01383	0.01336	0.01982	0.00533	0.00432	0.00133	0.02317	0.00417	0.00356	0.00623
49	0.00891	0.05389	0.17046	0.02917	0.12573	0.00794	0.06628	0.02367	0.00934	0.05403	0.03009	0.14032	0.05910	0.00663	0.02028	0.00141	0.02534	0.02714	0.00278	0.13748
50	0.01220	0.22611	0.24080	0.02840	0.03314	0.07809	0.06276	0.04738	0.02833	0.16340	0.00968	0.03507	0.00741	0.00453	0.00387	0.00123	0.00524	0.00359	0.00273	0.00605
51	0.01036	0.37116	0.19827	0.01192	0.01626	0.02569	0.26930	0.01321	0.00919	0.01195	0.00717	0.00886	0.00577	0.00379	0.00398	0.00120	0.02091	0.00339	0.00193	0.00571
52	0.00853	0.00508	0.00666	0.04050	0.00853	0.00485	0.00515	0.01027	0.04582	0.16771	0.04984	0.33265	0.10815	0.05379	0.00597	0.00174	0.00313	0.13308	0.00408	0.00444
53	0.00950	0.12980	0.32355	0.01012	0.01405	0.01001	0.08113	0.04586	0.09103	0.04072	0.02104	0.05696	0.04989	0.00550	0.00449	0.00135	0.03341	0.03282	0.03303	0.00571
54	0.02765	0.15299	0.18370	0.04740	0.19268	0.06224	0.03590	0.05912	0.02945	0.12518	0.02629	0.01094	0.01934	0.00440	0.00395	0.00124	0.00509	0.00360	0.00269	0.00616
55	0.04432	0.01845	0.01191	0.01057	0.01295	0.67216	0.00805	0.12742	0.03234	0.01316	0.00732	0.00820	0.00588	0.00450	0.00387	0.00114	0.00701	0.00293	0.00255	0.00529
56	0.00584	0.00432	0.00539	0.00542	0.00634	0.00401	0.00395	0.00770	0.03454	0.01475	0.47683	0.23260	0.14797	0.00998	0.00507	0.00145	0.00218	0.00881	0.01895	0.00390
57	0.01208	0.13901	0.14050	0.01435	0.19578	0.23713	0.07884	0.03232	0.05918	0.03080	0.00808	0.00944	0.00644	0.00417	0.00405	0.00121	0.01507	0.00336	0.00229	0.00590
58	0.00987	0.02281	0.01188	0.26436	0.12606	0.04578	0.02415	0.05645	0.18833	0.03662	0.03088	0.04839	0.01038	0.05446	0.00567	0.00156	0.03232	0.02162	0.00293	0.00547
59	0.00529	0.00432	0.00467	0.00458	0.00591	0.00370	0.00344	0.00661	0.01031	0.01294	0.24583	0.03856	0.61857	0.01024	0.00503	0.00141	0.00212	0.00865	0.00414	0.00370
60	0.07295	0.00604	0.02469	0.02793	0.10561	0.00587	0.00549	0.04262	0.02628	0.01529	0.12241	0.08378	0.09092	0.01989	0.00431	0.00132	0.00295	0.04194	0.29521	0.00452
61	0.01090	0.06177	0.14543	0.06299	0.02901	0.10745	0.21918	0.08462	0.01061	0.06558	0.01110	0.08559	0.03536	0.02050	0.00502	0.00141	0.03050	0.00478	0.00267	0.00554
62	0.00733	0.00443	0.02384	0.00638	0.03915	0.00415	0.00418	0.00612	0.00597	0.00800	0.00906	0.01540	0.02732	0.12605	0.01625	0.68411	0.00383	0.00414	0.00200	0.00228
63	0.00540	0.00415	0.00503	0.00528	0.00615	0.00383	0.00380	0.00655	0.00920	0.01200	0.16956	0.28822	0.32253	0.04026	0.09591	0.00218	0.00330	0.00916	0.00385	0.00361
64	0.01060	0.09911	0.28306	0.08437	0.11899	0.11640	0.17075	0.03090	0.00989	0.02556	0.00776	0.00960	0.00593	0.00398	0.00413	0.00128	0.00619	0.00355	0.00207	0.00588
65	0.01168	0.02659	0.07020	0.05168	0.05357	0.20072	0.31788	0.03200	0.01066	0.07243	0.02366	0.01352	0.02561	0.00478	0.00471	0.00136	0.02155	0.04930	0.00257	0.00553

[dist]
# distance from previous block
# <min> <max>
2	13

# created by:
# /st0/software/busco_prod/Augustus/scripts/msa2prfl.pl ./align_prep/134311.fa
