[name]
unknown

[dist]
# distance from previous block
# <min> <max>
0	44

[block]
# block no. 0 follows, 61 sequences, length 19
# corresponding to MSA columns:
# 70-88
name=unknown_A
#
# <colnr> <probs for GDERKNQSTAVLIFYWHMCP>
#	G	D	E	R	K	N	Q	S	T	A	V	L	I	F	Y	W	H	M	C	P
0	0.01193	0.07415	0.09912	0.03202	0.04153	0.10233	0.14971	0.19668	0.03359	0.04218	0.05910	0.01375	0.00988	0.01796	0.00460	0.00134	0.00535	0.04527	0.00304	0.05647
1	0.04267	0.18598	0.22948	0.00953	0.01326	0.05853	0.06666	0.04568	0.04106	0.05986	0.05947	0.02269	0.00964	0.03035	0.00466	0.00133	0.02206	0.02386	0.02226	0.05098
2	0.04760	0.14502	0.11492	0.01091	0.08201	0.04639	0.06896	0.14139	0.07714	0.04046	0.04778	0.03707	0.00963	0.00502	0.00420	0.00125	0.01849	0.02363	0.00296	0.07515
3	0.01175	0.02597	0.12796	0.02905	0.01412	0.15069	0.10888	0.12251	0.09660	0.06034	0.02904	0.04832	0.00958	0.02238	0.00463	0.00133	0.00527	0.02520	0.00306	0.10331
4	0.01095	0.01306	0.22119	0.01024	0.01415	0.07935	0.11249	0.07146	0.05610	0.09015	0.05097	0.01286	0.00935	0.04012	0.00491	0.00134	0.00509	0.01610	0.00291	0.17719
5	0.03252	0.03956	0.20903	0.01138	0.07173	0.02800	0.10992	0.02505	0.21893	0.03525	0.03345	0.04356	0.01953	0.00504	0.00421	0.00132	0.00473	0.00441	0.03962	0.06273
6	0.03152	0.04870	0.17204	0.01053	0.06851	0.00882	0.08898	0.05482	0.12674	0.05593	0.10053	0.01605	0.05314	0.01706	0.00452	0.00133	0.00442	0.02412	0.00316	0.10909
7	0.00995	0.06286	0.27487	0.01383	0.12066	0.06084	0.17951	0.01391	0.06419	0.01379	0.03301	0.01077	0.00757	0.00411	0.00417	0.00125	0.00566	0.00377	0.00231	0.11295
8	0.00855	0.03785	0.01020	0.00971	0.10042	0.00647	0.07155	0.03186	0.02159	0.06001	0.07834	0.26684	0.04092	0.00800	0.00468	0.00138	0.00360	0.07209	0.00344	0.16248
9	0.01385	0.23579	0.01523	0.00929	0.01261	0.10748	0.03178	0.35443	0.09559	0.01861	0.00928	0.00967	0.00715	0.00460	0.00381	0.00116	0.00490	0.00339	0.00325	0.05813
10	0.01241	0.01051	0.01034	0.03031	0.01177	0.13913	0.00666	0.20285	0.05354	0.07612	0.05608	0.02732	0.00978	0.00484	0.00394	0.00107	0.00434	0.01678	0.00337	0.31885
11	0.16163	0.01184	0.03135	0.12357	0.16952	0.15363	0.04536	0.12505	0.03827	0.01558	0.00787	0.00968	0.00623	0.00461	0.00483	0.00135	0.07790	0.00347	0.00257	0.00569
12	0.01046	0.32189	0.37753	0.01108	0.01597	0.04295	0.11447	0.01373	0.00931	0.03489	0.00744	0.00873	0.00577	0.00393	0.00374	0.00120	0.00582	0.00313	0.00199	0.00597
13	0.00684	0.00512	0.00604	0.00597	0.00710	0.00494	0.00438	0.11018	0.01108	0.01466	0.20653	0.35467	0.22475	0.01072	0.00515	0.00153	0.00260	0.00938	0.00421	0.00416
14	0.00856	0.01992	0.71994	0.01121	0.01688	0.00923	0.01425	0.01318	0.00909	0.01395	0.00855	0.01000	0.00618	0.00421	0.00395	0.00132	0.00580	0.00329	0.11444	0.00606
15	0.01135	0.01161	0.01704	0.02421	0.69318	0.11646	0.03639	0.01375	0.01013	0.01361	0.00793	0.01032	0.00665	0.00391	0.00424	0.00126	0.00552	0.00374	0.00214	0.00656
16	0.00725	0.00583	0.00877	0.00795	0.00940	0.02364	0.13496	0.00867	0.00933	0.06430	0.02466	0.42671	0.19169	0.01053	0.00525	0.00161	0.00347	0.04800	0.00375	0.00421
17	0.00908	0.12905	0.68859	0.01189	0.01783	0.01095	0.04810	0.01355	0.00910	0.01319	0.00755	0.00892	0.00551	0.00402	0.00396	0.00131	0.00618	0.00315	0.00184	0.00623
18	0.00960	0.02205	0.72100	0.01212	0.01795	0.11624	0.01493	0.01410	0.00950	0.01324	0.00759	0.00892	0.00547	0.00414	0.00407	0.00133	0.00655	0.00313	0.00187	0.00619

[dist]
# distance from previous block
# <min> <max>
0	1

[block]
# block no. 1 follows, 61 sequences, length 8
# corresponding to MSA columns:
# 90-97
name=unknown_B
#
# <colnr> <probs for GDERKNQSTAVLIFYWHMCP>
#	G	D	E	R	K	N	Q	S	T	A	V	L	I	F	Y	W	H	M	C	P
0	0.01471	0.01379	0.36261	0.00966	0.01430	0.00792	0.01047	0.01782	0.01093	0.47437	0.01299	0.01226	0.00841	0.00480	0.00423	0.00135	0.00483	0.00384	0.00381	0.00691
1	0.01009	0.00894	0.01480	0.02192	0.65415	0.00894	0.01116	0.01234	0.00947	0.01404	0.00898	0.01162	0.00750	0.00460	0.00472	0.04645	0.00457	0.00386	0.13571	0.00614
2	0.00562	0.00405	0.00540	0.00635	0.00683	0.00383	0.00462	0.00666	0.00870	0.01145	0.02449	0.62803	0.06591	0.01301	0.00558	0.00179	0.00281	0.18725	0.00399	0.00361
3	0.01041	0.00998	0.01703	0.10770	0.74246	0.01017	0.01309	0.01300	0.00969	0.01377	0.00806	0.01074	0.00671	0.00388	0.00427	0.00129	0.00518	0.00384	0.00211	0.00662
4	0.01693	0.00857	0.01154	0.01089	0.13571	0.00818	0.00766	0.16893	0.01344	0.51786	0.04487	0.01389	0.01058	0.00520	0.00435	0.00132	0.00403	0.00430	0.00462	0.00713
5	0.01045	0.01031	0.01847	0.06722	0.65805	0.01030	0.13485	0.01319	0.00980	0.01387	0.00817	0.01085	0.00672	0.00383	0.00439	0.00131	0.00548	0.00403	0.00213	0.00656
6	0.00620	0.00443	0.00600	0.00600	0.00645	0.00488	0.00424	0.00710	0.00665	0.00932	0.01238	0.02158	0.01279	0.36994	0.49668	0.00579	0.00849	0.00530	0.00243	0.00333
7	0.08287	0.00854	0.01168	0.00891	0.03745	0.00728	0.12840	0.03871	0.00949	0.03820	0.00805	0.00945	0.00643	0.00347	0.00354	0.00088	0.00395	0.00306	0.00263	0.58700

[dist]
# distance from previous block
# <min> <max>
2	12

[block]
# block no. 2 follows, 61 sequences, length 34
# corresponding to MSA columns:
# 111-123,127-130,133-149
name=unknown_C
#
# <colnr> <probs for GDERKNQSTAVLIFYWHMCP>
#	G	D	E	R	K	N	Q	S	T	A	V	L	I	F	Y	W	H	M	C	P
0	0.00767	0.00626	0.00701	0.03982	0.00888	0.04616	0.00500	0.00909	0.00936	0.04015	0.06275	0.14062	0.18803	0.07765	0.00602	0.00154	0.00334	0.10197	0.00341	0.23526
1	0.37698	0.00991	0.00974	0.02692	0.01131	0.01103	0.00654	0.35659	0.05356	0.05107	0.00895	0.00935	0.00655	0.00462	0.00358	0.00130	0.00401	0.00324	0.00354	0.04122
2	0.82747	0.00827	0.00655	0.00578	0.00849	0.00946	0.00476	0.01316	0.00763	0.06764	0.00666	0.00746	0.00502	0.00408	0.00277	0.00133	0.00335	0.00245	0.00283	0.00482
3	0.00942	0.00942	0.01319	0.01131	0.01131	0.01319	0.00942	0.01037	0.00660	0.01037	0.00565	0.00942	0.00565	0.00754	0.01414	0.00188	0.84073	0.00377	0.00188	0.00471
4	0.01602	0.01189	0.01273	0.00984	0.01322	0.01319	0.00810	0.75828	0.06993	0.02658	0.01079	0.01070	0.00769	0.00521	0.00431	0.00130	0.00466	0.00394	0.00431	0.00729
5	0.03824	0.00695	0.00932	0.00731	0.01030	0.00610	0.00598	0.01902	0.01219	0.69406	0.12729	0.01689	0.01465	0.00578	0.00439	0.00134	0.00343	0.00476	0.00519	0.00682
6	0.00622	0.00416	0.00471	0.00475	0.00476	0.00415	0.00266	0.00625	0.00634	0.00845	0.01397	0.05989	0.01616	0.81624	0.02129	0.00408	0.00411	0.00650	0.00266	0.00264
7	0.00525	0.00375	0.00500	0.00600	0.00625	0.00350	0.00400	0.00600	0.00825	0.01100	0.02374	0.84580	0.02849	0.01350	0.00550	0.00175	0.00250	0.01225	0.00400	0.00350
8	0.01055	0.01144	0.02478	0.01772	0.02203	0.01070	0.77278	0.01410	0.01026	0.04758	0.00906	0.01175	0.00671	0.00370	0.00505	0.00145	0.00711	0.00505	0.00231	0.00587
9	0.01066	0.01023	0.01748	0.02644	0.82174	0.01023	0.01322	0.01322	0.00981	0.01407	0.00810	0.01066	0.00682	0.00384	0.00426	0.00128	0.00512	0.00384	0.00213	0.00682
10	0.00856	0.00809	0.01368	0.70318	0.16147	0.00968	0.01217	0.01137	0.00881	0.01152	0.00773	0.01135	0.00592	0.00423	0.00430	0.00141	0.00564	0.00383	0.00195	0.00512
11	0.00525	0.00375	0.00500	0.00600	0.00625	0.00350	0.00400	0.00600	0.00825	0.01100	0.02374	0.84580	0.02849	0.01350	0.00550	0.00175	0.00250	0.01225	0.00400	0.00350
12	0.01710	0.00820	0.01244	0.00941	0.01279	0.00743	0.13301	0.07420	0.01238	0.60767	0.01549	0.04749	0.01050	0.00538	0.00450	0.00137	0.00426	0.00474	0.00471	0.00693
13	0.01103	0.01094	0.01712	0.02539	0.76660	0.06624	0.01289	0.01349	0.00997	0.01383	0.00800	0.01046	0.00674	0.00388	0.00424	0.00127	0.00530	0.00377	0.00214	0.00670
14	0.81964	0.00828	0.00678	0.06246	0.00979	0.00966	0.00516	0.01255	0.00742	0.01876	0.00611	0.00730	0.00474	0.00402	0.00278	0.00134	0.00350	0.00243	0.00261	0.00467
15	0.01019	0.01150	0.02463	0.01769	0.02195	0.01088	0.76610	0.01425	0.05040	0.01401	0.00916	0.01184	0.00687	0.00374	0.00505	0.00145	0.00707	0.00507	0.00229	0.00586
16	0.01066	0.01023	0.01748	0.02644	0.82174	0.01023	0.01322	0.01322	0.00981	0.01407	0.00810	0.01066	0.00682	0.00384	0.00426	0.00128	0.00512	0.00384	0.00213	0.00682
17	0.00621	0.00441	0.00587	0.00587	0.00628	0.00481	0.00407	0.00702	0.00661	0.00922	0.01250	0.02225	0.01308	0.41863	0.44839	0.00562	0.00805	0.00540	0.00245	0.00326
18	0.00626	0.00418	0.00470	0.00470	0.00470	0.00418	0.00261	0.00626	0.00626	0.00835	0.01357	0.02819	0.01566	0.84862	0.02192	0.00418	0.00418	0.00626	0.00261	0.00261
19	0.01152	0.85121	0.02257	0.00737	0.01106	0.01704	0.00737	0.01290	0.00875	0.01013	0.00599	0.00691	0.00553	0.00369	0.00276	0.00092	0.00461	0.00230	0.00184	0.00553
20	0.01637	0.01207	0.01293	0.00991	0.01336	0.01336	0.00819	0.80738	0.02025	0.02715	0.01034	0.01034	0.00733	0.00517	0.00431	0.00129	0.00474	0.00388	0.00431	0.00733
21	0.87904	0.00833	0.00633	0.00566	0.00833	0.00966	0.00467	0.01266	0.00733	0.01933	0.00600	0.00700	0.00467	0.00400	0.00267	0.00133	0.00333	0.00233	0.00267	0.00467
22	0.01152	0.85121	0.02257	0.00737	0.01106	0.01704	0.00737	0.01290	0.00875	0.01013	0.00599	0.00691	0.00553	0.00369	0.00276	0.00092	0.00461	0.00230	0.00184	0.00553
23	0.00615	0.00462	0.00692	0.00692	0.00769	0.00538	0.00538	0.00769	0.00692	0.01000	0.01154	0.01692	0.01077	0.03231	0.83154	0.00692	0.01154	0.00462	0.00231	0.00385
24	0.01048	0.01210	0.02471	0.01778	0.02202	0.05475	0.76345	0.01398	0.01028	0.01362	0.00860	0.01141	0.00648	0.00367	0.00502	0.00143	0.00729	0.00496	0.00218	0.00577
25	0.00694	0.00496	0.00694	0.00793	0.00892	0.00496	0.00694	0.00892	0.00992	0.01289	0.02281	0.04859	0.02479	0.01190	0.00595	0.00198	0.00397	0.79275	0.00397	0.00397
26	0.01933	0.00733	0.01000	0.00766	0.01100	0.00633	0.00633	0.02099	0.01233	0.82473	0.01699	0.01466	0.01066	0.00533	0.00433	0.00133	0.00367	0.00433	0.00533	0.00733
27	0.01028	0.00985	0.01680	0.14876	0.70240	0.01013	0.01303	0.01289	0.00963	0.01361	0.00804	0.01079	0.00666	0.00391	0.00427	0.00130	0.00521	0.00384	0.00210	0.00652
28	0.01017	0.01162	0.02542	0.01816	0.02251	0.01089	0.80610	0.01380	0.01017	0.01380	0.00871	0.01162	0.00654	0.00363	0.00508	0.00145	0.00726	0.00508	0.00218	0.00581
29	0.01104	0.01051	0.01576	0.13880	0.50992	0.07333	0.04389	0.01440	0.08178	0.04513	0.00914	0.01123	0.00727	0.00418	0.00429	0.00131	0.00529	0.00392	0.00243	0.00637
30	0.18898	0.00837	0.00982	0.00900	0.07041	0.00869	0.04592	0.16326	0.08669	0.01753	0.03524	0.03577	0.06815	0.02345	0.04329	0.00159	0.00416	0.02647	0.02329	0.12991
31	0.34330	0.00878	0.00858	0.00730	0.01003	0.04079	0.00586	0.07552	0.16582	0.20881	0.01211	0.05287	0.00919	0.00523	0.00372	0.00135	0.00366	0.00393	0.00380	0.02937
32	0.33023	0.00934	0.00856	0.00717	0.00995	0.11149	0.00574	0.03891	0.03196	0.24703	0.04639	0.02687	0.02130	0.00494	0.00363	0.00125	0.00393	0.00362	0.00359	0.08410
33	0.04709	0.00846	0.01124	0.03506	0.28749	0.04011	0.00825	0.10524	0.06444	0.02936	0.15804	0.11747	0.05645	0.00661	0.00453	0.00137	0.00396	0.00580	0.00340	0.00562

[dist]
# distance from previous block
# <min> <max>
3	19

[block]
# block no. 3 follows, 61 sequences, length 11
# corresponding to MSA columns:
# 170-180
name=unknown_D
#
# <colnr> <probs for GDERKNQSTAVLIFYWHMCP>
#	G	D	E	R	K	N	Q	S	T	A	V	L	I	F	Y	W	H	M	C	P
0	0.03048	0.00841	0.04577	0.00821	0.02912	0.06086	0.04507	0.01425	0.06999	0.24357	0.11270	0.05687	0.05043	0.06671	0.00563	0.00149	0.00390	0.02572	0.00383	0.11698
1	0.18601	0.00869	0.00829	0.00782	0.04877	0.12814	0.00563	0.01258	0.00955	0.14676	0.03587	0.13712	0.05443	0.06328	0.00519	0.00146	0.00395	0.00507	0.00332	0.12808
2	0.04527	0.00861	0.01093	0.01202	0.20758	0.06218	0.03078	0.10003	0.01140	0.07589	0.18020	0.05748	0.04396	0.04418	0.00517	0.00139	0.00403	0.00519	0.00340	0.09032
3	0.00646	0.00508	0.00581	0.00599	0.00661	0.04076	0.00419	0.00773	0.02994	0.01168	0.14335	0.31196	0.07739	0.17851	0.10033	0.00267	0.02106	0.00829	0.02855	0.00365
4	0.12159	0.00810	0.00920	0.00726	0.01031	0.00779	0.00586	0.05815	0.12469	0.15574	0.04670	0.01183	0.00941	0.00463	0.00421	0.00110	0.04756	0.00353	0.00347	0.35889
5	0.01071	0.00925	0.00974	0.00877	0.01120	0.01071	0.00682	0.02289	0.81396	0.01802	0.01753	0.01607	0.01315	0.00584	0.00438	0.00146	0.00341	0.00487	0.00438	0.00682
6	0.87904	0.00833	0.00633	0.00566	0.00833	0.00966	0.00467	0.01266	0.00733	0.01933	0.00600	0.00700	0.00467	0.00400	0.00267	0.00133	0.00333	0.00233	0.00267	0.00467
7	0.01004	0.42512	0.43571	0.00989	0.01496	0.01343	0.01176	0.01328	0.00893	0.01194	0.00688	0.00803	0.00549	0.00389	0.00345	0.00115	0.00551	0.00276	0.00183	0.00596
8	0.01680	0.00883	0.08924	0.00811	0.01154	0.00701	0.00720	0.01984	0.09058	0.62737	0.05523	0.01511	0.01186	0.00543	0.00435	0.00135	0.00382	0.00444	0.00487	0.00703
9	0.00509	0.00436	0.00436	0.00436	0.00582	0.00364	0.00327	0.00618	0.00982	0.01164	0.04364	0.04146	0.82000	0.01091	0.00509	0.00145	0.00218	0.00909	0.00400	0.00364
10	0.00893	0.00766	0.00893	0.00638	0.01021	0.00574	0.00510	0.01085	0.00893	0.01404	0.00766	0.00893	0.00638	0.00319	0.00319	0.00064	0.00319	0.00255	0.00255	0.87495

[dist]
# distance from previous block
# <min> <max>
0	5

[block]
# block no. 4 follows, 61 sequences, length 13
# corresponding to MSA columns:
# 186-198
name=unknown_E
#
# <colnr> <probs for GDERKNQSTAVLIFYWHMCP>
#	G	D	E	R	K	N	Q	S	T	A	V	L	I	F	Y	W	H	M	C	P
0	0.01071	0.00925	0.00974	0.00877	0.01120	0.01071	0.00682	0.02289	0.81396	0.01802	0.01753	0.01607	0.01315	0.00584	0.00438	0.00146	0.00341	0.00487	0.00438	0.00682
1	0.00893	0.00766	0.00893	0.00638	0.01021	0.00574	0.00510	0.01085	0.00893	0.01404	0.00766	0.00893	0.00638	0.00319	0.00319	0.00064	0.00319	0.00255	0.00255	0.87495
2	0.00894	0.10881	0.74240	0.01177	0.01785	0.01074	0.01502	0.01356	0.00906	0.01328	0.00755	0.00887	0.00546	0.00405	0.00395	0.00132	0.00618	0.00309	0.00182	0.00628
3	0.01178	0.01010	0.01032	0.00903	0.01161	0.04197	0.00708	0.14178	0.66331	0.01912	0.01603	0.01489	0.01198	0.00569	0.00435	0.00142	0.00378	0.00464	0.00429	0.00683
4	0.00603	0.00440	0.00567	0.00535	0.00640	0.00404	0.00401	0.00801	0.01204	0.01692	0.77079	0.03276	0.08955	0.00894	0.00508	0.00136	0.00204	0.00787	0.00470	0.00404
5	0.00893	0.00766	0.00893	0.00638	0.01021	0.00574	0.00510	0.01085	0.00893	0.01404	0.00766	0.00893	0.00638	0.00319	0.00319	0.00064	0.00319	0.00255	0.00255	0.87495
6	0.01009	0.00716	0.01172	0.00937	0.01175	0.00673	0.20492	0.01314	0.08215	0.18151	0.24584	0.11703	0.06506	0.00720	0.00491	0.00144	0.00386	0.00673	0.00406	0.00533
7	0.00813	0.00766	0.01292	0.83826	0.02967	0.00957	0.01196	0.01101	0.00861	0.01101	0.00766	0.01148	0.00574	0.00431	0.00431	0.00144	0.00574	0.00383	0.00191	0.00479
8	0.01066	0.01023	0.01748	0.02644	0.82174	0.01023	0.01322	0.01322	0.00981	0.01407	0.00810	0.01066	0.00682	0.00384	0.00426	0.00128	0.00512	0.00384	0.00213	0.00682
9	0.01071	0.00925	0.00974	0.00877	0.01120	0.01071	0.00682	0.02289	0.81396	0.01802	0.01753	0.01607	0.01315	0.00584	0.00438	0.00146	0.00341	0.00487	0.00438	0.00682
10	0.01637	0.01207	0.01293	0.00991	0.01336	0.01336	0.00819	0.80738	0.02025	0.02715	0.01034	0.01034	0.00733	0.00517	0.00431	0.00129	0.00474	0.00388	0.00431	0.00733
11	0.00510	0.00432	0.00441	0.00448	0.00585	0.00363	0.00332	0.00617	0.00971	0.01159	0.04228	0.09644	0.76589	0.01109	0.00512	0.00147	0.00220	0.00931	0.00400	0.00363
12	0.00651	0.00464	0.00501	0.00476	0.00636	0.00393	0.00363	0.00773	0.01026	0.08799	0.10922	0.03814	0.67612	0.01020	0.00502	0.00143	0.00231	0.00853	0.00419	0.00402

[dist]
# distance from previous block
# <min> <max>
0	1

[block]
# block no. 5 follows, 61 sequences, length 7
# corresponding to MSA columns:
# 200-206
name=unknown_F
#
# <colnr> <probs for GDERKNQSTAVLIFYWHMCP>
#	G	D	E	R	K	N	Q	S	T	A	V	L	I	F	Y	W	H	M	C	P
0	0.00984	0.00942	0.01529	0.01105	0.01498	0.00827	0.30301	0.05068	0.05066	0.01478	0.00868	0.01036	0.00683	0.00358	0.00401	0.00101	0.00479	0.00367	0.00259	0.46650
1	0.01205	0.01032	0.01439	0.01639	0.34743	0.01045	0.04188	0.24981	0.07423	0.01825	0.00944	0.01072	0.00737	0.00427	0.00414	0.00119	0.00463	0.00376	0.00303	0.15627
2	0.00851	0.00700	0.00916	0.01142	0.22808	0.04818	0.00654	0.00984	0.00815	0.01180	0.01114	0.01785	0.01078	0.28865	0.07659	0.00267	0.06066	0.00469	0.17390	0.00439
3	0.01071	0.01129	0.01154	0.01065	0.06548	0.25280	0.10574	0.04634	0.04315	0.01204	0.01249	0.08222	0.05140	0.16804	0.00827	0.00188	0.04626	0.02125	0.00273	0.03573
4	0.01223	0.01054	0.01180	0.01221	0.17110	0.12003	0.02530	0.10723	0.21442	0.08772	0.03481	0.01360	0.01015	0.06122	0.00537	0.00145	0.00458	0.00418	0.00339	0.08865
5	0.01090	0.00896	0.01000	0.00795	0.01054	0.04142	0.03321	0.22932	0.09012	0.01652	0.01058	0.01427	0.00927	0.18836	0.00811	0.00175	0.02905	0.00408	0.00318	0.27238
6	0.01277	0.01135	0.01205	0.00965	0.01245	0.13912	0.06751	0.26817	0.07987	0.04656	0.03901	0.01299	0.05747	0.00537	0.00504	0.00125	0.07534	0.00413	0.00339	0.13650

[dist]
# distance from previous block
# <min> <max>
0	24

# created by:
# /st0/software/busco_prod/Augustus/scripts/msa2prfl.pl ./align_prep/134540.fa
