[name]
unknown

[dist]
# distance from previous block
# <min> <max>
0	30

[block]
# block no. 0 follows, 55 sequences, length 93
# corresponding to MSA columns:
# 30-82,183-194,229-256
name=unknown_A
#
# <colnr> <probs for GDERKNQSTAVLIFYWHMCP>
#	G	D	E	R	K	N	Q	S	T	A	V	L	I	F	Y	W	H	M	C	P
0	0.22798	0.13357	0.03771	0.00931	0.01217	0.10287	0.06526	0.06415	0.06557	0.02746	0.02491	0.01774	0.01104	0.00747	0.04106	0.00176	0.00537	0.13586	0.00317	0.00557
1	0.00713	0.02535	0.00651	0.00616	0.00736	0.04754	0.00448	0.00834	0.01867	0.02403	0.04964	0.20325	0.30365	0.13443	0.08181	0.00255	0.00416	0.02864	0.00377	0.03253
2	0.02999	0.00523	0.00643	0.00664	0.00760	0.00515	0.00478	0.04481	0.05749	0.03095	0.15629	0.43022	0.09349	0.01219	0.00646	0.06264	0.00294	0.02806	0.00432	0.00431
3	0.00964	0.01169	0.11938	0.05095	0.07253	0.01001	0.35765	0.01337	0.05017	0.01419	0.01249	0.12978	0.01147	0.00753	0.04154	0.00189	0.04335	0.03374	0.00275	0.00586
4	0.00840	0.00668	0.00898	0.02980	0.01006	0.02303	0.07641	0.06944	0.02747	0.04431	0.18412	0.21907	0.16596	0.05801	0.03222	0.00196	0.01670	0.00852	0.00411	0.00475
5	0.00597	0.00459	0.00521	0.00548	0.00639	0.00417	0.00379	0.00717	0.02576	0.01239	0.09516	0.27366	0.36768	0.15087	0.00867	0.00215	0.00283	0.01011	0.00414	0.00380
6	0.07722	0.00938	0.01132	0.00885	0.01234	0.00924	0.00732	0.24560	0.01534	0.49934	0.01569	0.01529	0.01060	0.00588	0.00461	0.00145	0.00428	0.03346	0.00518	0.00758
7	0.01398	0.58402	0.02088	0.00922	0.01270	0.26816	0.00828	0.01538	0.01062	0.01108	0.00669	0.00775	0.00598	0.00423	0.00336	0.00106	0.00604	0.00265	0.00212	0.00579
8	0.05012	0.00550	0.00629	0.00605	0.00736	0.00528	0.00440	0.03827	0.03472	0.07742	0.15182	0.17626	0.22422	0.15455	0.00848	0.00210	0.00313	0.02149	0.01810	0.00442
9	0.00578	0.00412	0.00537	0.00630	0.00660	0.00386	0.00418	0.00657	0.00889	0.01184	0.04559	0.72557	0.05132	0.08134	0.00736	0.00208	0.00282	0.01248	0.00422	0.00372
10	0.01768	0.01303	0.01396	0.01070	0.01443	0.01443	0.00884	0.79197	0.02187	0.02932	0.01117	0.01117	0.00791	0.00558	0.00465	0.00140	0.00512	0.00419	0.00465	0.00791
11	0.00676	0.00532	0.00617	0.00630	0.00747	0.00518	0.00459	0.00981	0.12952	0.01447	0.17978	0.28469	0.25403	0.03897	0.00615	0.00176	0.00275	0.02733	0.00448	0.00446
12	0.00574	0.00461	0.00510	0.00528	0.00651	0.00401	0.00387	0.00697	0.01049	0.01306	0.12568	0.18399	0.53834	0.03420	0.00609	0.00171	0.00252	0.03353	0.00437	0.00393
13	0.01127	0.00974	0.01024	0.00923	0.01181	0.01120	0.00718	0.02384	0.76052	0.01912	0.02031	0.01870	0.05291	0.00658	0.00477	0.00158	0.00362	0.00548	0.00471	0.00720
14	0.00572	0.00472	0.00502	0.00495	0.00642	0.00402	0.00371	0.00711	0.01113	0.01383	0.20380	0.04270	0.64814	0.01131	0.00550	0.00155	0.00232	0.00953	0.00449	0.00402
15	0.15635	0.00865	0.00944	0.00815	0.01060	0.00921	0.00641	0.23084	0.09399	0.14300	0.03596	0.18402	0.01508	0.04283	0.00550	0.00168	0.00392	0.02381	0.00439	0.00613
16	0.01138	0.00849	0.00971	0.00879	0.01094	0.00906	0.00715	0.31214	0.08380	0.02001	0.03898	0.12211	0.08077	0.02662	0.00580	0.00176	0.00417	0.22800	0.00446	0.00584
17	0.00895	0.00460	0.00463	0.00453	0.00569	0.00464	0.00342	0.03463	0.01013	0.01771	0.01505	0.01716	0.01180	0.00543	0.00329	0.00109	0.00226	0.00433	0.83621	0.00444
18	0.03861	0.00438	0.00533	0.00599	0.00629	0.00426	0.00386	0.00692	0.00823	0.01144	0.02135	0.54026	0.02519	0.26692	0.01123	0.00266	0.00328	0.01067	0.01958	0.00354
19	0.00621	0.00467	0.00529	0.00517	0.00613	0.00424	0.00359	0.00735	0.01026	0.01340	0.27194	0.03744	0.33720	0.25454	0.01086	0.00241	0.00294	0.00848	0.00412	0.00374
20	0.00754	0.00566	0.00800	0.00775	0.00892	0.00540	0.06965	0.06958	0.01044	0.04026	0.02540	0.58237	0.11596	0.01237	0.00571	0.00177	0.00332	0.01120	0.00423	0.00447
21	0.01151	0.01105	0.01888	0.02855	0.80748	0.01105	0.01428	0.01428	0.01059	0.01520	0.00875	0.01151	0.00737	0.00415	0.00461	0.00138	0.00553	0.00415	0.00230	0.00737
22	0.00626	0.00470	0.00571	0.00553	0.00665	0.00424	0.00407	0.00799	0.01191	0.01615	0.51976	0.07516	0.24529	0.05812	0.00656	0.00169	0.00240	0.00892	0.00474	0.00415
23	0.00965	0.00827	0.00965	0.00689	0.01102	0.00620	0.00551	0.01171	0.00965	0.01516	0.00827	0.00965	0.00689	0.00345	0.00345	0.00069	0.00345	0.00276	0.00276	0.86494
24	0.01098	0.01255	0.02745	0.01961	0.02431	0.01176	0.79059	0.01490	0.01098	0.01490	0.00941	0.01255	0.00706	0.00392	0.00549	0.00157	0.00784	0.00549	0.00235	0.00627
25	0.00550	0.00471	0.00471	0.00471	0.00628	0.00393	0.00353	0.00668	0.01060	0.01257	0.04713	0.04477	0.80560	0.01178	0.00550	0.00157	0.00236	0.00982	0.00432	0.00393
26	0.00848	0.00761	0.00881	0.03954	0.07241	0.09950	0.02952	0.02272	0.01015	0.01261	0.02195	0.26574	0.12349	0.04429	0.00704	0.05406	0.00432	0.15974	0.00360	0.00441
27	0.01280	0.03357	0.01333	0.06877	0.09999	0.17847	0.03699	0.12125	0.23273	0.01649	0.01194	0.01349	0.00953	0.02952	0.07618	0.00204	0.02889	0.00437	0.00332	0.00634
28	0.00576	0.00454	0.00521	0.00551	0.00661	0.00399	0.00400	0.00700	0.01047	0.01328	0.14984	0.28039	0.44112	0.01232	0.00565	0.00167	0.00249	0.03174	0.00443	0.00396
29	0.00729	0.00602	0.00905	0.15686	0.08215	0.00629	0.02982	0.00893	0.00938	0.01248	0.05259	0.26547	0.12379	0.05875	0.07151	0.01959	0.01338	0.04531	0.01688	0.00445
30	0.03437	0.04056	0.09468	0.11891	0.21110	0.04950	0.09806	0.11672	0.05199	0.08277	0.01171	0.02208	0.03655	0.00506	0.00464	0.00144	0.00565	0.00448	0.00307	0.00667
31	0.01071	0.00860	0.01042	0.03185	0.10748	0.08701	0.03423	0.06718	0.04462	0.09760	0.23322	0.16845	0.04110	0.00890	0.02584	0.00166	0.00431	0.00716	0.00412	0.00554
32	0.01125	0.01194	0.07300	0.05122	0.68069	0.01106	0.06387	0.01428	0.01053	0.01505	0.00875	0.01149	0.00721	0.00416	0.00465	0.00140	0.00579	0.00418	0.00228	0.00720
33	0.01706	0.04397	0.01416	0.01084	0.01421	0.14065	0.00885	0.60012	0.03469	0.02501	0.01035	0.01069	0.00760	0.00551	0.00490	0.00138	0.03462	0.00396	0.00411	0.00734
34	0.01984	0.00890	0.01133	0.00876	0.01233	0.00839	0.00721	0.15486	0.05545	0.63560	0.01715	0.01511	0.01104	0.00576	0.00468	0.00144	0.00414	0.00462	0.00552	0.00789
35	0.01194	0.14814	0.11234	0.10527	0.18616	0.02400	0.07126	0.03625	0.03408	0.11072	0.08906	0.01374	0.01111	0.00511	0.00469	0.00139	0.02086	0.00439	0.00302	0.00646
36	0.73702	0.00989	0.04767	0.00748	0.01065	0.01040	0.06759	0.01375	0.00830	0.02001	0.00703	0.00832	0.00542	0.00432	0.00317	0.00144	0.00406	0.00285	0.02542	0.00521
37	0.00560	0.00464	0.00492	0.00512	0.00648	0.00396	0.00380	0.00676	0.01036	0.01252	0.04308	0.16182	0.66102	0.01224	0.00560	0.00164	0.00248	0.03971	0.00432	0.00392
38	0.01552	0.01331	0.01248	0.01020	0.01314	0.17211	0.00814	0.48382	0.01733	0.02213	0.01063	0.01234	0.00838	0.04485	0.11191	0.00227	0.00666	0.00413	0.00380	0.02685
39	0.00648	0.00503	0.00618	0.00683	0.03716	0.00471	0.00473	0.00840	0.04837	0.01392	0.17161	0.28574	0.27023	0.04126	0.00623	0.00178	0.00281	0.05556	0.01871	0.00425
40	0.00878	0.00903	0.04181	0.01102	0.06596	0.08248	0.14286	0.01130	0.04500	0.01381	0.11132	0.20758	0.09185	0.03302	0.07375	0.00215	0.00533	0.02097	0.00347	0.01850
41	0.54596	0.00943	0.00886	0.00734	0.01051	0.01031	0.00605	0.14357	0.01138	0.19297	0.00982	0.00994	0.00691	0.00484	0.00356	0.00143	0.00393	0.00326	0.00379	0.00613
42	0.00599	0.00428	0.00576	0.00684	0.00725	0.00405	0.00487	0.00703	0.00922	0.01223	0.02547	0.69767	0.03007	0.01428	0.00602	0.00193	0.00297	0.14588	0.00431	0.00387
43	0.02416	0.00528	0.00642	0.00658	0.00762	0.00520	0.00480	0.04218	0.03735	0.07807	0.03350	0.37655	0.05539	0.08925	0.02770	0.00209	0.00340	0.07029	0.11968	0.00448
44	0.00641	0.00464	0.00620	0.00719	0.00790	0.00444	0.00556	0.00779	0.00979	0.01277	0.02703	0.44654	0.09404	0.01363	0.00610	0.00197	0.00332	0.32638	0.00430	0.00400
45	0.00933	0.02406	0.81240	0.01326	0.02014	0.01080	0.01719	0.01473	0.00982	0.01473	0.00835	0.00982	0.00589	0.00442	0.00442	0.00147	0.00688	0.00344	0.00196	0.00688
46	0.00589	0.00439	0.00551	0.00627	0.00687	0.00410	0.00430	0.00724	0.03580	0.01261	0.07137	0.64116	0.15014	0.01359	0.00581	0.00181	0.00265	0.01217	0.00438	0.00395
47	0.04932	0.00813	0.00866	0.00777	0.00975	0.00895	0.00587	0.09374	0.36378	0.03837	0.04470	0.02221	0.06639	0.18799	0.00882	0.00218	0.00382	0.02172	0.04200	0.00581
48	0.16577	0.01233	0.01272	0.00991	0.01348	0.01373	0.00818	0.65664	0.01945	0.02785	0.01035	0.01054	0.00741	0.00536	0.00435	0.00140	0.00485	0.00390	0.00435	0.00741
49	0.00671	0.00489	0.00699	0.00699	0.00768	0.00555	0.00524	0.00810	0.00741	0.01064	0.01291	0.02037	0.01256	0.17359	0.66115	0.00681	0.01084	0.00528	0.02238	0.00393
50	0.01310	0.01076	0.01138	0.00978	0.01268	0.01229	0.00773	0.21710	0.60421	0.02193	0.01699	0.01581	0.01262	0.00613	0.00471	0.00153	0.00404	0.00499	0.00471	0.00750
51	0.00689	0.00549	0.00627	0.00594	0.00744	0.00525	0.00450	0.01028	0.12482	0.01649	0.40901	0.03601	0.32445	0.00990	0.00538	0.00152	0.00247	0.00849	0.00477	0.00464
52	0.00873	0.00653	0.00828	0.00859	0.01009	0.00683	0.00727	0.06514	0.13269	0.01627	0.09734	0.04258	0.02519	0.01103	0.00596	0.00194	0.00405	0.53201	0.00446	0.00501
53	0.01118	0.00789	0.00916	0.00859	0.01069	0.00848	0.00682	0.04164	0.37426	0.12072	0.02118	0.09993	0.04110	0.03745	0.00589	0.00181	0.00380	0.17858	0.00465	0.00618
54	0.02360	0.00870	0.00968	0.00848	0.01062	0.00933	0.00662	0.39082	0.03178	0.02123	0.01720	0.30270	0.01709	0.00899	0.00502	0.00157	0.00392	0.03510	0.08160	0.00596
55	0.00665	0.00498	0.00748	0.00748	0.00831	0.00582	0.00582	0.00831	0.00748	0.01080	0.01246	0.01828	0.01163	0.03489	0.81807	0.00748	0.01246	0.00498	0.00249	0.00415
56	0.01738	0.02217	0.01318	0.01199	0.01438	0.81783	0.00899	0.01858	0.01318	0.01139	0.00719	0.00839	0.00599	0.00479	0.00419	0.00120	0.00839	0.00300	0.00240	0.00539
57	0.00669	0.00483	0.00667	0.00667	0.00722	0.00538	0.00481	0.00779	0.00724	0.01020	0.01320	0.02236	0.01340	0.30387	0.55151	0.00648	0.00979	0.00558	0.00260	0.00371
58	0.01073	0.00882	0.01016	0.12189	0.01387	0.01007	0.00754	0.05568	0.49241	0.02945	0.07058	0.04885	0.03168	0.00662	0.00473	0.00154	0.00384	0.00559	0.05945	0.00649
59	0.01685	0.02074	0.01311	0.03803	0.01480	0.72289	0.00903	0.06450	0.01343	0.01246	0.00760	0.00894	0.00626	0.00560	0.02497	0.00138	0.00823	0.00316	0.00252	0.00551
60	0.41512	0.06124	0.04819	0.10754	0.09512	0.11168	0.04566	0.01417	0.00931	0.01658	0.00722	0.00906	0.00576	0.00449	0.00404	0.00142	0.03220	0.00317	0.00252	0.00553
61	0.00677	0.00517	0.00772	0.00765	0.00845	0.00612	0.00597	0.00841	0.00746	0.01081	0.01223	0.01799	0.01143	0.03393	0.78925	0.00728	0.04174	0.00495	0.00248	0.00419
62	0.06895	0.04755	0.05821	0.06586	0.04457	0.03583	0.00889	0.31128	0.02782	0.26601	0.01245	0.01226	0.00855	0.00530	0.00445	0.00141	0.00493	0.00410	0.00429	0.00730
63	0.00609	0.00448	0.00541	0.00575	0.00647	0.00413	0.00392	0.00691	0.00913	0.01193	0.08287	0.35149	0.22941	0.16128	0.03849	0.03235	0.00331	0.00999	0.00393	0.02265
64	0.00597	0.00432	0.00571	0.00671	0.00722	0.00406	0.00481	0.00704	0.00934	0.01228	0.02702	0.64059	0.08615	0.01407	0.00599	0.00191	0.00295	0.14564	0.00431	0.00388
65	0.01622	0.01293	0.01309	0.01050	0.01387	0.06846	0.00850	0.55770	0.20525	0.02576	0.01274	0.01244	0.00927	0.00570	0.00464	0.00143	0.00500	0.00436	0.00452	0.00761
66	0.00665	0.00498	0.00748	0.00748	0.00831	0.00582	0.00582	0.00831	0.00748	0.01080	0.01246	0.01828	0.01163	0.03489	0.81807	0.00748	0.01246	0.00498	0.00249	0.00415
67	0.00668	0.00473	0.00635	0.00729	0.00790	0.00463	0.00563	0.00802	0.00948	0.01247	0.02370	0.35527	0.02703	0.12276	0.00852	0.00236	0.00369	0.37549	0.00410	0.00389
68	0.00939	0.03827	0.79867	0.01317	0.01999	0.01094	0.01703	0.01472	0.00982	0.01467	0.00832	0.00978	0.00589	0.00441	0.00439	0.00146	0.00684	0.00342	0.00196	0.00686
69	0.00665	0.00498	0.00748	0.00748	0.00831	0.00582	0.00582	0.00831	0.00748	0.01080	0.01246	0.01828	0.01163	0.03489	0.81807	0.00748	0.01246	0.00498	0.00249	0.00415
70	0.00936	0.00803	0.00931	0.00674	0.01070	0.00605	0.00538	0.01137	0.00971	0.01498	0.01091	0.01204	0.06128	0.00401	0.00359	0.00075	0.00337	0.00324	0.00286	0.80631
71	0.00580	0.00470	0.00514	0.00508	0.00648	0.00405	0.00379	0.00723	0.01123	0.01417	0.24955	0.07180	0.57215	0.01128	0.00551	0.00155	0.00233	0.00957	0.00453	0.00405
72	0.00555	0.00449	0.00494	0.00530	0.00644	0.00388	0.00380	0.00661	0.01004	0.01234	0.03998	0.30700	0.54798	0.01271	0.00564	0.00168	0.00247	0.01095	0.00432	0.00388
73	0.00564	0.00417	0.00527	0.00614	0.00666	0.00381	0.00417	0.00652	0.00923	0.01201	0.02972	0.68374	0.17787	0.01404	0.00585	0.00183	0.00263	0.01258	0.00432	0.00381
74	0.00673	0.00464	0.00560	0.00580	0.00680	0.00420	0.00416	0.00800	0.01040	0.04992	0.18727	0.29899	0.25848	0.06665	0.00675	0.00184	0.00270	0.03019	0.03678	0.00410
75	0.01098	0.01255	0.02745	0.01961	0.02431	0.01176	0.79059	0.01490	0.01098	0.01490	0.00941	0.01255	0.00706	0.00392	0.00549	0.00157	0.00784	0.00549	0.00235	0.00627
76	0.00966	0.08579	0.50585	0.01200	0.01724	0.05382	0.07246	0.01382	0.01051	0.01465	0.10532	0.01484	0.03312	0.00540	0.00458	0.00145	0.00612	0.02461	0.00252	0.00623
77	0.00639	0.00478	0.00680	0.00698	0.00775	0.00526	0.00526	0.00780	0.00796	0.01107	0.01771	0.16181	0.08134	0.05907	0.58061	0.00591	0.00964	0.00688	0.00297	0.00402
78	0.00705	0.00505	0.00595	0.00567	0.00708	0.00454	0.00429	0.02446	0.01190	0.05328	0.36654	0.05678	0.35716	0.03647	0.00605	0.00163	0.00256	0.03444	0.00469	0.00437
79	0.00589	0.00422	0.00564	0.00670	0.00709	0.00397	0.00469	0.00687	0.00916	0.01214	0.02594	0.72316	0.04538	0.01431	0.00599	0.00191	0.00289	0.10591	0.00431	0.00384
80	0.00601	0.00480	0.00527	0.00531	0.00656	0.00428	0.00388	0.00754	0.03098	0.01333	0.15791	0.11217	0.50273	0.08912	0.00725	0.00187	0.00265	0.03007	0.00431	0.00398
81	0.00924	0.00563	0.00785	0.00782	0.03688	0.00587	0.00559	0.01079	0.02354	0.14355	0.02698	0.06876	0.01424	0.19261	0.41353	0.00511	0.00825	0.00582	0.00329	0.00466
82	0.00621	0.00439	0.00575	0.00626	0.00674	0.00436	0.00431	0.00717	0.00864	0.01181	0.07167	0.41958	0.06529	0.14165	0.16897	0.01798	0.00485	0.00970	0.03092	0.00374
83	0.00762	0.00520	0.00665	0.00614	0.00747	0.00487	0.00465	0.01031	0.05229	0.06371	0.70063	0.03307	0.06101	0.00920	0.00540	0.00147	0.00237	0.00808	0.00512	0.00473
84	0.00594	0.00422	0.00549	0.00640	0.00672	0.00399	0.00433	0.00675	0.00879	0.01166	0.02459	0.65088	0.04649	0.12495	0.00835	0.00225	0.00305	0.06734	0.00411	0.00369
85	0.01023	0.00940	0.01478	0.01964	0.45294	0.02428	0.04199	0.04002	0.00999	0.01393	0.01155	0.04460	0.03133	0.12712	0.08847	0.00249	0.04353	0.00511	0.00260	0.00602
86	0.00666	0.00491	0.00710	0.00710	0.00781	0.00561	0.00535	0.00807	0.00737	0.01052	0.01280	0.02016	0.01245	0.15927	0.69481	0.00702	0.01123	0.00526	0.00254	0.00395
87	0.01038	0.00997	0.03971	0.11360	0.23316	0.00977	0.17362	0.10598	0.01151	0.01569	0.01327	0.18367	0.01285	0.00686	0.00515	0.00158	0.00544	0.03867	0.00306	0.00606
88	0.11135	0.11249	0.01444	0.11656	0.07959	0.36512	0.00937	0.09113	0.01213	0.01451	0.00765	0.00927	0.00621	0.00474	0.00433	0.00130	0.02820	0.00327	0.00256	0.00579
89	0.00822	0.00698	0.01173	0.04280	0.13349	0.00687	0.12982	0.01014	0.00963	0.02635	0.01808	0.28287	0.03122	0.06918	0.06327	0.00233	0.00511	0.12001	0.01701	0.00488
90	0.00611	0.00472	0.00593	0.00678	0.03554	0.00427	0.00453	0.00719	0.00956	0.01248	0.05744	0.47684	0.23804	0.04729	0.00642	0.00184	0.00284	0.03162	0.00415	0.03639
91	0.20572	0.01625	0.01180	0.01085	0.04123	0.44350	0.02414	0.08199	0.01217	0.03169	0.00845	0.03109	0.00719	0.03638	0.00494	0.00144	0.01928	0.00354	0.00282	0.00553
92	0.02100	0.00897	0.01162	0.10614	0.09644	0.05329	0.05521	0.07276	0.12893	0.05852	0.07406	0.06686	0.09093	0.00793	0.01819	0.00166	0.00472	0.09645	0.00376	0.02254

[dist]
# distance from previous block
# <min> <max>
1	2

[block]
# block no. 1 follows, 55 sequences, length 111
# corresponding to MSA columns:
# 259-287,319-353,362-372,376-387,391,394-416
name=unknown_B
#
# <colnr> <probs for GDERKNQSTAVLIFYWHMCP>
#	G	D	E	R	K	N	Q	S	T	A	V	L	I	F	Y	W	H	M	C	P
0	0.01175	0.00846	0.00952	0.00826	0.01050	0.00905	0.00644	0.20833	0.23235	0.07934	0.16675	0.06293	0.05021	0.07985	0.00665	0.00179	0.00377	0.03324	0.00464	0.00616
1	0.02362	0.00638	0.00883	0.00790	0.03061	0.00571	0.06954	0.01024	0.00979	0.09055	0.05786	0.16381	0.16144	0.12088	0.03647	0.02146	0.00401	0.01646	0.00367	0.15078
2	0.08587	0.00542	0.00635	0.00625	0.00752	0.00518	0.01710	0.02333	0.00996	0.06718	0.09337	0.25776	0.22146	0.12739	0.00792	0.00207	0.00319	0.04431	0.00411	0.00427
3	0.16148	0.00635	0.00697	0.00654	0.00813	0.00651	0.00492	0.07266	0.02364	0.08237	0.08628	0.16794	0.12055	0.09915	0.04992	0.03973	0.00387	0.02259	0.02573	0.00468
4	0.01527	0.00821	0.00989	0.00810	0.01078	0.00815	0.00639	0.15132	0.11955	0.35690	0.07489	0.02021	0.03788	0.12962	0.00761	0.00192	0.00403	0.01772	0.00488	0.00665
5	0.23528	0.00705	0.00723	0.00668	0.00865	0.00740	0.00516	0.06752	0.09118	0.05819	0.15399	0.14286	0.14761	0.02621	0.00509	0.00162	0.00319	0.01582	0.00418	0.00509
6	0.02790	0.00571	0.00685	0.00637	0.00798	0.00532	0.00477	0.04758	0.02406	0.16065	0.17799	0.20726	0.20837	0.05274	0.00620	0.00172	0.00298	0.00853	0.03209	0.00494
7	0.00665	0.00498	0.00748	0.00748	0.00831	0.00582	0.00582	0.00831	0.00748	0.01080	0.01246	0.01828	0.01163	0.03489	0.81807	0.00748	0.01246	0.00498	0.00249	0.00415
8	0.04905	0.00563	0.00632	0.00598	0.00697	0.00568	0.00413	0.04063	0.06234	0.04641	0.14767	0.04966	0.09263	0.40137	0.01386	0.00294	0.00373	0.02690	0.02402	0.00410
9	0.08419	0.00728	0.00822	0.00730	0.00946	0.00737	0.00568	0.11075	0.11397	0.16423	0.10786	0.15356	0.14293	0.02063	0.00521	0.00159	0.00336	0.01649	0.02419	0.00572
10	0.00810	0.00584	0.00688	0.00670	0.00814	0.00577	0.00502	0.02704	0.14052	0.06457	0.16710	0.21089	0.21336	0.04105	0.03271	0.00194	0.00327	0.04174	0.00451	0.00485
11	0.01253	0.00729	0.00872	0.00744	0.00953	0.00726	0.00576	0.16783	0.04582	0.20939	0.18350	0.06803	0.03816	0.12610	0.00762	0.00191	0.00368	0.02882	0.05483	0.00579
12	0.08146	0.00726	0.00804	0.00720	0.00929	0.00744	0.00552	0.07185	0.18229	0.14812	0.07519	0.11779	0.17421	0.07554	0.00644	0.00179	0.00342	0.00702	0.00448	0.00564
13	0.36555	0.00762	0.00732	0.00667	0.00887	0.00827	0.00523	0.08967	0.04952	0.07557	0.02489	0.16802	0.03335	0.00700	0.00401	0.00148	0.00336	0.00552	0.12278	0.00527
14	0.00646	0.00451	0.00518	0.00532	0.00565	0.00435	0.00329	0.00688	0.00798	0.01047	0.06006	0.13295	0.13143	0.55762	0.01760	0.00356	0.00386	0.02623	0.00337	0.00321
15	0.05437	0.00567	0.00740	0.00707	0.00865	0.00536	0.00538	0.01206	0.01051	0.24215	0.09268	0.32715	0.05172	0.01309	0.09395	0.00231	0.00419	0.04663	0.00453	0.00516
16	0.00772	0.00578	0.00695	0.00705	0.00806	0.00599	0.00518	0.04718	0.12874	0.01411	0.08963	0.25503	0.05723	0.17949	0.05221	0.00263	0.00400	0.11448	0.00406	0.00447
17	0.31323	0.09391	0.07699	0.03541	0.15632	0.02911	0.14903	0.03524	0.02254	0.01687	0.00793	0.00979	0.00628	0.00437	0.00423	0.00142	0.02516	0.00359	0.00255	0.00604
18	0.00656	0.00494	0.00568	0.00577	0.00697	0.00451	0.00420	0.02467	0.03322	0.03131	0.14976	0.25513	0.38019	0.04681	0.00634	0.00177	0.00268	0.02089	0.00442	0.00419
19	0.00694	0.00462	0.00561	0.00583	0.00660	0.00424	0.00397	0.00786	0.00952	0.06197	0.11745	0.34023	0.18654	0.20531	0.00987	0.00236	0.00307	0.00992	0.00415	0.00391
20	0.00979	0.05134	0.01041	0.00695	0.01107	0.00683	0.00564	0.01183	0.00964	0.01494	0.00818	0.00953	0.00684	0.00347	0.00342	0.00070	0.00352	0.00274	0.00272	0.82043
21	0.01083	0.00934	0.01416	0.12351	0.37834	0.00957	0.01075	0.11025	0.01170	0.02980	0.02460	0.10143	0.05534	0.00628	0.00482	0.00146	0.00485	0.03316	0.00309	0.05672
22	0.10903	0.05502	0.05867	0.00920	0.03742	0.00973	0.04002	0.16227	0.09669	0.06565	0.08602	0.03081	0.12052	0.05306	0.01966	0.00175	0.01859	0.01610	0.00385	0.00593
23	0.00636	0.00476	0.00547	0.00549	0.00672	0.00422	0.00400	0.00786	0.02156	0.03636	0.22727	0.18232	0.41246	0.04620	0.00631	0.00172	0.00253	0.00975	0.00450	0.00413
24	0.00571	0.00411	0.00539	0.00636	0.00671	0.00382	0.00427	0.00657	0.00909	0.01209	0.05185	0.76172	0.06530	0.02535	0.00614	0.00190	0.00269	0.01283	0.00432	0.00379
25	0.07452	0.00958	0.01098	0.00967	0.02459	0.01052	0.02832	0.13010	0.40007	0.11890	0.01679	0.01874	0.01314	0.00744	0.03075	0.00176	0.00439	0.07832	0.00450	0.00692
26	0.00646	0.00458	0.00574	0.00607	0.00651	0.00458	0.00414	0.00723	0.00814	0.01084	0.03258	0.20754	0.09028	0.36659	0.14530	0.00390	0.00516	0.07746	0.00339	0.00350
27	0.00593	0.00420	0.00545	0.00640	0.00685	0.00392	0.00443	0.00693	0.00918	0.01233	0.02646	0.68752	0.08019	0.01382	0.00581	0.00185	0.00276	0.06523	0.04690	0.00385
28	0.00953	0.00554	0.00713	0.00641	0.00807	0.00506	0.00492	0.01186	0.03970	0.17953	0.51078	0.07537	0.09935	0.00911	0.00532	0.00149	0.00265	0.00793	0.00513	0.00514
29	0.01005	0.00851	0.00986	0.00708	0.01119	0.00661	0.00568	0.05044	0.01025	0.01586	0.00841	0.00972	0.00694	0.00355	0.00351	0.00072	0.00353	0.00283	0.00285	0.82241
30	0.05047	0.00470	0.00580	0.00647	0.00699	0.00465	0.00459	0.00769	0.00869	0.01214	0.02129	0.39618	0.02449	0.23055	0.01050	0.00259	0.00354	0.16945	0.02550	0.00371
31	0.02259	0.00536	0.00555	0.00527	0.00671	0.00555	0.00402	0.01338	0.11864	0.05706	0.01572	0.01712	0.01211	0.00554	0.00352	0.00118	0.00249	0.00445	0.68879	0.00494
32	0.01150	0.00964	0.01027	0.00928	0.01182	0.01105	0.00719	0.02374	0.73893	0.03905	0.01926	0.05895	0.01498	0.00672	0.00479	0.00159	0.00364	0.00565	0.00474	0.00719
33	0.00965	0.00827	0.00965	0.00689	0.01102	0.00620	0.00551	0.01171	0.00965	0.01516	0.00827	0.00965	0.00689	0.00345	0.00345	0.00069	0.00345	0.00276	0.00276	0.86494
34	0.00618	0.00471	0.00537	0.00543	0.00673	0.00411	0.00403	0.00756	0.01095	0.03302	0.20419	0.16899	0.47826	0.01163	0.00557	0.00161	0.00247	0.03058	0.00452	0.00411
35	0.31715	0.01161	0.01146	0.00909	0.01252	0.01302	0.00750	0.51831	0.01697	0.02635	0.00952	0.00990	0.00690	0.00514	0.00403	0.00141	0.00458	0.00360	0.00403	0.00690
36	0.15363	0.00720	0.00888	0.00740	0.01012	0.00672	0.00590	0.01739	0.01172	0.48417	0.09299	0.13168	0.01637	0.01843	0.00490	0.00155	0.00356	0.00592	0.00499	0.00646
37	0.01457	0.01082	0.01163	0.00940	0.01234	0.01191	0.00749	0.47980	0.17826	0.04426	0.01520	0.01661	0.05108	0.10677	0.00702	0.00182	0.00458	0.00502	0.00446	0.00698
38	0.01826	0.01211	0.01339	0.01027	0.01397	0.01306	0.00848	0.65356	0.02033	0.16991	0.01246	0.01201	0.00856	0.00562	0.00466	0.00140	0.00491	0.00428	0.00485	0.00791
39	0.01151	0.01105	0.01888	0.02855	0.80748	0.01105	0.01428	0.01428	0.01059	0.01520	0.00875	0.01151	0.00737	0.00415	0.00461	0.00138	0.00553	0.00415	0.00230	0.00737
40	0.00869	0.00570	0.00699	0.00629	0.00793	0.00533	0.00483	0.05698	0.03209	0.10368	0.49974	0.04630	0.17873	0.00930	0.00534	0.00149	0.00263	0.00802	0.00499	0.00496
41	0.00836	0.00588	0.00714	0.00689	0.00840	0.00577	0.00533	0.03625	0.11345	0.06979	0.29880	0.14073	0.15549	0.01019	0.00549	0.00164	0.00296	0.10772	0.00475	0.00495
42	0.01028	0.01133	0.02424	0.01766	0.02174	0.01081	0.66437	0.01384	0.01042	0.01424	0.00990	0.01347	0.00779	0.00890	0.13618	0.00252	0.00859	0.00541	0.00238	0.00593
43	0.00564	0.00416	0.00529	0.00619	0.00667	0.00380	0.00419	0.00651	0.00918	0.01199	0.02910	0.70662	0.15538	0.01413	0.00587	0.00184	0.00264	0.01268	0.00432	0.00380
44	0.00757	0.00500	0.00693	0.00758	0.04703	0.00484	0.00517	0.00863	0.00956	0.06682	0.14125	0.30955	0.09043	0.02628	0.13780	0.09283	0.00458	0.02006	0.00389	0.00422
45	0.15185	0.01444	0.30690	0.01011	0.01456	0.00975	0.01063	0.03753	0.06227	0.27804	0.01199	0.01198	0.00821	0.00518	0.00482	0.00149	0.04588	0.00387	0.00361	0.00689
46	0.00561	0.00473	0.00487	0.00495	0.00647	0.00400	0.00376	0.00683	0.01057	0.01262	0.04548	0.06290	0.74774	0.01190	0.00556	0.00161	0.00246	0.04969	0.00432	0.00394
47	0.00580	0.00431	0.00523	0.00584	0.00653	0.00391	0.00402	0.00680	0.00960	0.01253	0.08734	0.50415	0.24526	0.05163	0.00656	0.00188	0.00264	0.01146	0.02069	0.00383
48	0.00977	0.00926	0.01552	0.53396	0.25800	0.01064	0.02995	0.01329	0.04891	0.01330	0.00896	0.01239	0.00696	0.00457	0.00466	0.00150	0.00591	0.00422	0.00227	0.00595
49	0.01546	0.00999	0.02907	0.00986	0.03304	0.01031	0.00784	0.14193	0.33278	0.28835	0.01675	0.03164	0.01202	0.00614	0.00506	0.00152	0.03096	0.00495	0.00485	0.00748
50	0.07687	0.01027	0.01693	0.09539	0.49796	0.01055	0.06981	0.01454	0.01043	0.08402	0.00985	0.01304	0.00801	0.00474	0.00496	0.00147	0.03238	0.02933	0.00268	0.00678
51	0.01585	0.25208	0.01627	0.01079	0.01364	0.57360	0.00866	0.01741	0.03068	0.01145	0.00726	0.00834	0.00618	0.00460	0.00387	0.00115	0.00732	0.00291	0.00234	0.00560
52	0.01875	0.00917	0.01135	0.00879	0.01222	0.00888	0.00723	0.24874	0.01583	0.51468	0.08104	0.01601	0.01312	0.00602	0.00474	0.00143	0.00416	0.00484	0.00538	0.00762
53	0.01182	0.35975	0.24687	0.05855	0.03720	0.01447	0.06276	0.10730	0.03425	0.01489	0.00829	0.00959	0.00654	0.00440	0.00395	0.00128	0.00577	0.00338	0.00242	0.00651
54	0.01752	0.03796	0.01324	0.00998	0.01354	0.01254	0.00827	0.53891	0.06495	0.19055	0.01337	0.01359	0.00952	0.00582	0.00466	0.00142	0.00476	0.02688	0.00479	0.00771
55	0.00635	0.00472	0.00590	0.00565	0.00682	0.00428	0.00422	0.00830	0.01254	0.01726	0.63374	0.06284	0.18995	0.01011	0.00550	0.00150	0.00224	0.00884	0.00494	0.00428
56	0.01768	0.01303	0.01396	0.01070	0.01443	0.01443	0.00884	0.79197	0.02187	0.02932	0.01117	0.01117	0.00791	0.00558	0.00465	0.00140	0.00512	0.00419	0.00465	0.00791
57	0.00784	0.00602	0.00781	0.09578	0.01080	0.00565	0.00570	0.03062	0.02452	0.03433	0.24108	0.25112	0.07303	0.00909	0.00506	0.00145	0.00318	0.00801	0.00404	0.17487
58	0.00796	0.00649	0.00768	0.00808	0.03598	0.00683	0.00579	0.01312	0.26950	0.01488	0.05114	0.29918	0.14854	0.01179	0.04574	0.00200	0.00362	0.05219	0.00432	0.00517
59	0.01197	0.01019	0.01074	0.00955	0.01225	0.01176	0.00746	0.07486	0.74829	0.02011	0.01843	0.01695	0.01379	0.00626	0.00473	0.00157	0.00378	0.00519	0.00473	0.00740
60	0.00808	0.00404	0.00606	0.00606	0.00606	0.00404	0.00404	0.00606	0.00606	0.00808	0.00808	0.01414	0.00808	0.01616	0.01818	0.86465	0.00404	0.00404	0.00202	0.00202
61	0.03460	0.00509	0.00600	0.00577	0.00670	0.00482	0.00392	0.00919	0.00917	0.11116	0.10711	0.11875	0.13050	0.39476	0.01385	0.00295	0.00366	0.02416	0.00384	0.00398
62	0.00564	0.00458	0.00502	0.00533	0.00656	0.00396	0.00392	0.00678	0.01020	0.01247	0.04082	0.23590	0.57955	0.01251	0.00565	0.00168	0.00253	0.04867	0.00432	0.00391
63	0.01768	0.01303	0.01396	0.01070	0.01443	0.01443	0.00884	0.79197	0.02187	0.02932	0.01117	0.01117	0.00791	0.00558	0.00465	0.00140	0.00512	0.00419	0.00465	0.00791
64	0.01776	0.00761	0.01003	0.00798	0.01103	0.00687	0.00645	0.05819	0.03542	0.60136	0.11954	0.04458	0.01634	0.02809	0.00532	0.00154	0.00376	0.00548	0.00547	0.00718
65	0.00695	0.00480	0.00556	0.00563	0.00590	0.00481	0.00345	0.02470	0.03311	0.01079	0.05471	0.17744	0.02047	0.60082	0.01852	0.00372	0.00405	0.00793	0.00331	0.00333
66	0.01185	0.01013	0.01068	0.00952	0.01220	0.01170	0.00743	0.06018	0.76317	0.01992	0.01858	0.01707	0.01391	0.00628	0.00473	0.00157	0.00375	0.00521	0.00473	0.00739
67	0.01738	0.02217	0.01318	0.01199	0.01438	0.81783	0.00899	0.01858	0.01318	0.01139	0.00719	0.00839	0.00599	0.00479	0.00419	0.00120	0.00839	0.00300	0.00240	0.00539
68	0.03134	0.00550	0.00692	0.00698	0.00808	0.00533	0.00510	0.04405	0.02350	0.13269	0.04163	0.39549	0.02356	0.14541	0.00852	0.00223	0.00350	0.10129	0.00429	0.00459
69	0.01338	0.01003	0.01089	0.00939	0.01226	0.01122	0.00742	0.12389	0.58693	0.11716	0.01840	0.01690	0.02832	0.00626	0.00473	0.00154	0.00388	0.00514	0.00484	0.00744
70	0.00879	0.00827	0.01395	0.82532	0.03204	0.01034	0.01292	0.01189	0.00930	0.01189	0.00827	0.01240	0.00620	0.00465	0.00465	0.00155	0.00620	0.00413	0.00207	0.00517
71	0.00600	0.00470	0.00543	0.00532	0.00661	0.00413	0.00396	0.00761	0.01167	0.01527	0.38698	0.08344	0.42044	0.01091	0.00552	0.00154	0.00230	0.00937	0.00468	0.00413
72	0.00671	0.00469	0.00599	0.00597	0.00633	0.00496	0.00398	0.00745	0.00747	0.01033	0.07088	0.02652	0.01702	0.49783	0.29890	0.00532	0.00711	0.00626	0.00287	0.00340
73	0.01157	0.00999	0.01052	0.00947	0.01210	0.01157	0.00736	0.02472	0.79908	0.01946	0.01893	0.01736	0.01420	0.00631	0.00473	0.00158	0.00368	0.00526	0.00473	0.00736
74	0.00615	0.00499	0.00549	0.00532	0.00679	0.00446	0.00400	0.00827	0.05137	0.01487	0.28897	0.04017	0.52102	0.01078	0.00546	0.00154	0.00237	0.00914	0.00460	0.00425
75	0.00822	0.00502	0.00695	0.00694	0.00770	0.00519	0.00508	0.03090	0.00843	0.07188	0.01552	0.18184	0.01603	0.10984	0.26966	0.18502	0.00655	0.05211	0.00321	0.00389
76	0.00734	0.00530	0.00692	0.00713	0.00825	0.00516	0.00571	0.04760	0.01200	0.01629	0.34728	0.13388	0.05709	0.02416	0.00613	0.00181	0.00322	0.29565	0.00463	0.00441
77	0.01199	0.67410	0.09726	0.00972	0.01404	0.01698	0.09415	0.01411	0.00965	0.01173	0.00696	0.00823	0.00608	0.00401	0.00339	0.00110	0.00546	0.00290	0.00203	0.00609
78	0.01751	0.01294	0.01386	0.01067	0.01436	0.01434	0.00880	0.76953	0.04460	0.02903	0.01140	0.01135	0.00810	0.00561	0.00466	0.00140	0.00508	0.00422	0.00466	0.00790
79	0.11655	0.00840	0.01058	0.00888	0.03196	0.01888	0.00708	0.04779	0.01228	0.53461	0.03095	0.01670	0.01163	0.01841	0.00557	0.00156	0.05969	0.04663	0.00486	0.00700
80	0.01244	0.83930	0.02438	0.00796	0.01194	0.01841	0.00796	0.01393	0.00945	0.01095	0.00647	0.00746	0.00597	0.00398	0.00299	0.00100	0.00498	0.00249	0.00199	0.00597
81	0.04393	0.00612	0.00783	0.09786	0.04552	0.00633	0.00616	0.01062	0.09767	0.03458	0.07043	0.17635	0.19722	0.04557	0.02865	0.05036	0.00381	0.06256	0.00381	0.00463
82	0.00845	0.00679	0.00904	0.01093	0.13718	0.02059	0.00719	0.02612	0.09695	0.03019	0.04090	0.28320	0.08211	0.01127	0.02666	0.00191	0.00402	0.18740	0.00401	0.00509
83	0.00566	0.00406	0.00539	0.00645	0.00674	0.00378	0.00430	0.00648	0.00894	0.01189	0.02604	0.81887	0.04511	0.01452	0.00593	0.00188	0.00269	0.01316	0.00432	0.00378
84	0.00584	0.00419	0.00559	0.00664	0.00702	0.00393	0.00461	0.00679	0.00912	0.01209	0.02601	0.74072	0.04723	0.01435	0.00598	0.00191	0.00285	0.08701	0.00432	0.00383
85	0.20462	0.00841	0.00893	0.00789	0.01026	0.00907	0.00616	0.13891	0.17133	0.13214	0.02788	0.15418	0.01451	0.05883	0.00573	0.00175	0.00381	0.02534	0.00426	0.00600
86	0.01738	0.02217	0.01318	0.01199	0.01438	0.81783	0.00899	0.01858	0.01318	0.01139	0.00719	0.00839	0.00599	0.00479	0.00419	0.00120	0.00839	0.00300	0.00240	0.00539
87	0.00675	0.00451	0.00516	0.00518	0.00527	0.00451	0.00299	0.00692	0.00711	0.00961	0.04087	0.05627	0.01805	0.75135	0.03917	0.00433	0.00451	0.00695	0.01753	0.00296
88	0.08571	0.00713	0.00755	0.00698	0.00888	0.00746	0.00533	0.09016	0.19262	0.03702	0.08241	0.12695	0.22988	0.05110	0.00592	0.00172	0.00325	0.01804	0.02660	0.00529
89	0.00584	0.00462	0.00527	0.00540	0.00661	0.00404	0.00397	0.00722	0.01092	0.01395	0.22698	0.18624	0.46169	0.01176	0.00560	0.00162	0.00242	0.02732	0.00451	0.00402
90	0.01764	0.01435	0.01385	0.01089	0.01442	0.13002	0.00886	0.68070	0.02062	0.02674	0.01060	0.01077	0.00764	0.00547	0.00459	0.00137	0.00559	0.00402	0.00433	0.00755
91	0.01106	0.00875	0.00962	0.00852	0.01082	0.00970	0.00661	0.09118	0.48378	0.04515	0.21322	0.02144	0.02098	0.03130	0.00547	0.00161	0.00348	0.00597	0.00480	0.00656
92	0.00898	0.00548	0.00678	0.00656	0.00783	0.00518	0.00481	0.03725	0.03601	0.13504	0.13893	0.25392	0.13218	0.14347	0.00842	0.00212	0.00327	0.05467	0.00444	0.00465
93	0.00577	0.00412	0.00552	0.00660	0.00692	0.00387	0.00450	0.00666	0.00901	0.01200	0.02558	0.78780	0.03054	0.01447	0.00597	0.00190	0.00279	0.05783	0.00432	0.00381
94	0.01768	0.01303	0.01396	0.01070	0.01443	0.01443	0.00884	0.79197	0.02187	0.02932	0.01117	0.01117	0.00791	0.00558	0.00465	0.00140	0.00512	0.00419	0.00465	0.00791
95	0.10066	0.01058	0.01138	0.00908	0.01223	0.01145	0.00739	0.46593	0.05603	0.12833	0.01309	0.05173	0.00993	0.01549	0.00465	0.00145	0.00438	0.00461	0.07455	0.00705
96	0.13514	0.01126	0.01187	0.00938	0.01269	0.01233	0.00768	0.55247	0.01812	0.08533	0.01188	0.04625	0.00896	0.00580	0.00439	0.00141	0.00457	0.00438	0.04894	0.00715
97	0.00610	0.00474	0.00554	0.00534	0.00665	0.00418	0.00401	0.00784	0.01202	0.01593	0.46527	0.03924	0.38536	0.01053	0.00549	0.00151	0.00227	0.00904	0.00476	0.00418
98	0.00792	0.00527	0.00689	0.00739	0.00828	0.00525	0.00575	0.00985	0.04869	0.05924	0.02178	0.20610	0.02363	0.18826	0.02936	0.00265	0.00415	0.35126	0.00404	0.00423
99	0.02728	0.00539	0.00639	0.00630	0.00729	0.00531	0.00445	0.03471	0.05097	0.07687	0.10643	0.23420	0.06437	0.25241	0.01066	0.00248	0.00345	0.04298	0.05376	0.00430
100	0.01594	0.00956	0.01098	0.00889	0.01200	0.00997	0.00719	0.25464	0.20727	0.28261	0.04980	0.01660	0.03833	0.00618	0.00467	0.00145	0.00403	0.00498	0.04761	0.00733
101	0.01890	0.00774	0.01026	0.00800	0.01128	0.00690	0.00656	0.06083	0.01357	0.66445	0.08372	0.01725	0.01406	0.00605	0.00467	0.00142	0.00378	0.00495	0.04816	0.00744
102	0.00695	0.00479	0.00621	0.00649	0.00739	0.00476	0.00489	0.01963	0.00955	0.02358	0.08711	0.21904	0.13980	0.04084	0.17402	0.05240	0.00497	0.11061	0.07294	0.00403
103	0.00689	0.00509	0.00710	0.00701	0.00777	0.00565	0.00527	0.00828	0.00822	0.02345	0.08560	0.07440	0.05904	0.13469	0.49949	0.00556	0.04317	0.00627	0.00301	0.00406
104	0.00666	0.00488	0.00701	0.00707	0.00776	0.00552	0.00531	0.00803	0.00749	0.01062	0.01357	0.04775	0.01352	0.16648	0.63898	0.00666	0.01061	0.02550	0.00265	0.00392
105	0.03900	0.01089	0.01983	0.16419	0.44527	0.01109	0.21308	0.01400	0.01038	0.01473	0.00876	0.01180	0.00701	0.00418	0.00478	0.00146	0.00618	0.00444	0.00229	0.00663
106	0.01187	0.01133	0.01633	0.11293	0.24277	0.09086	0.12846	0.08448	0.02071	0.03372	0.00977	0.01363	0.00822	0.02261	0.02203	0.02305	0.07424	0.03486	0.00269	0.03545
107	0.02437	0.01003	0.01362	0.10343	0.24657	0.06317	0.03480	0.05279	0.01053	0.01468	0.01073	0.01378	0.04082	0.00730	0.06841	0.00177	0.05000	0.02355	0.00266	0.20701
108	0.03069	0.01039	0.03380	0.07957	0.20335	0.06210	0.04370	0.07004	0.09657	0.02893	0.08408	0.02934	0.01188	0.00582	0.02072	0.00143	0.00494	0.00456	0.03063	0.14745
109	0.04042	0.00936	0.01452	0.03048	0.38686	0.00925	0.04899	0.03959	0.05300	0.12300	0.12077	0.03436	0.03252	0.00565	0.00475	0.00142	0.00461	0.00517	0.00348	0.03181
110	0.02915	0.07519	0.05922	0.02939	0.24953	0.01029	0.07643	0.07622	0.02217	0.14941	0.03319	0.04052	0.01051	0.00549	0.00485	0.00142	0.02442	0.03698	0.02071	0.04494

[dist]
# distance from previous block
# <min> <max>
0	61

# created by:
# /st0/software/busco_prod/Augustus/scripts/msa2prfl.pl ./align_prep/134670.fa
