[name]
unknown

[dist]
# distance from previous block
# <min> <max>
7	41

[block]
# block no. 0 follows, 62 sequences, length 13
# corresponding to MSA columns:
# 42-54
name=unknown_A
#
# <colnr> <probs for GDERKNQSTAVLIFYWHMCP>
#	G	D	E	R	K	N	Q	S	T	A	V	L	I	F	Y	W	H	M	C	P
0	0.14293	0.07512	0.10204	0.03502	0.06463	0.00904	0.04146	0.03539	0.11135	0.04259	0.09313	0.01498	0.02423	0.05752	0.00543	0.00148	0.04007	0.02276	0.02756	0.05328
1	0.02776	0.02924	0.07843	0.00950	0.08705	0.06856	0.00725	0.08644	0.11818	0.10686	0.05190	0.06888	0.09083	0.04395	0.07253	0.00191	0.00470	0.02134	0.01923	0.00545
2	0.04926	0.12079	0.05946	0.00920	0.04887	0.06774	0.03895	0.18302	0.08836	0.04396	0.09943	0.03216	0.04841	0.00566	0.00409	0.00126	0.00424	0.02906	0.03988	0.02617
3	0.01880	0.08141	0.05954	0.08700	0.07515	0.05813	0.10344	0.08589	0.01040	0.04671	0.08324	0.05230	0.07656	0.02413	0.07190	0.01633	0.01842	0.02266	0.00290	0.00511
4	0.05901	0.06946	0.03675	0.00927	0.05962	0.04362	0.07062	0.05878	0.14032	0.03157	0.09948	0.04284	0.04674	0.01720	0.00453	0.00125	0.02541	0.00456	0.02764	0.15133
5	0.00791	0.00654	0.02786	0.07605	0.05356	0.01761	0.03311	0.03446	0.00927	0.05409	0.16573	0.01986	0.07150	0.02843	0.30141	0.00337	0.04757	0.01831	0.00302	0.02033
6	0.02624	0.04281	0.27252	0.03128	0.04332	0.11565	0.03487	0.01516	0.11978	0.11199	0.02378	0.03204	0.02628	0.00582	0.03016	0.00149	0.02868	0.00397	0.00284	0.03134
7	0.00695	0.03161	0.00679	0.00601	0.00739	0.00563	0.00466	0.01008	0.12913	0.02965	0.35409	0.04831	0.22470	0.01026	0.05947	0.00177	0.02327	0.03171	0.00411	0.00440
8	0.08245	0.60185	0.08729	0.00799	0.01163	0.08890	0.00789	0.04905	0.00938	0.01183	0.00631	0.00724	0.00547	0.00383	0.00300	0.00101	0.00488	0.00246	0.00203	0.00549
9	0.00771	0.00394	0.00404	0.00413	0.00506	0.00392	0.00305	0.00959	0.00886	0.01546	0.01466	0.08352	0.01231	0.00564	0.00317	0.00105	0.00202	0.00463	0.80331	0.00392
10	0.01463	0.11256	0.06492	0.01046	0.04750	0.25166	0.00851	0.29461	0.06885	0.07219	0.00932	0.00969	0.00699	0.00466	0.00395	0.00120	0.00549	0.00338	0.00320	0.00624
11	0.01162	0.09192	0.06602	0.01117	0.05563	0.19202	0.09170	0.05957	0.25454	0.01441	0.03390	0.01230	0.02570	0.00507	0.00473	0.00131	0.05554	0.00403	0.00297	0.00585
12	0.00518	0.00370	0.00494	0.00592	0.00617	0.00346	0.00395	0.00592	0.00815	0.01086	0.02345	0.84768	0.02814	0.01333	0.00543	0.00173	0.00247	0.01210	0.00395	0.00346

[dist]
# distance from previous block
# <min> <max>
4	5

[block]
# block no. 1 follows, 62 sequences, length 7
# corresponding to MSA columns:
# 61-67
name=unknown_B
#
# <colnr> <probs for GDERKNQSTAVLIFYWHMCP>
#	G	D	E	R	K	N	Q	S	T	A	V	L	I	F	Y	W	H	M	C	P
0	0.00613	0.00435	0.00580	0.00580	0.00620	0.00475	0.00402	0.00693	0.00653	0.00911	0.01235	0.02198	0.01292	0.41909	0.44954	0.00556	0.00796	0.00533	0.00242	0.00322
1	0.00539	0.00414	0.00498	0.00552	0.00638	0.00374	0.00407	0.00649	0.00917	0.01164	0.06494	0.37507	0.34904	0.01188	0.00531	0.00163	0.00253	0.12051	0.00398	0.00360
2	0.00851	0.00533	0.00692	0.00889	0.18695	0.00533	0.00522	0.01061	0.00909	0.01543	0.01257	0.01468	0.00998	0.00470	0.00325	0.00105	0.00267	0.00393	0.68031	0.00458
3	0.00865	0.00756	0.00970	0.19162	0.01436	0.00651	0.00655	0.01075	0.00875	0.01320	0.00756	0.00938	0.00616	0.00340	0.00340	0.00081	0.00371	0.00280	0.00238	0.68275
4	0.01185	0.40134	0.04443	0.00886	0.01164	0.04181	0.00808	0.18926	0.01087	0.01397	0.00811	0.00934	0.03277	0.00506	0.00564	0.00123	0.18447	0.00320	0.00245	0.00563
5	0.20270	0.06195	0.00912	0.00621	0.00973	0.00725	0.00509	0.01124	0.00846	0.01478	0.00709	0.00827	0.00587	0.00336	0.00301	0.00080	0.00327	0.00246	0.00250	0.62684
6	0.12431	0.19208	0.03078	0.00904	0.03457	0.06525	0.00755	0.33693	0.03135	0.07931	0.02676	0.00978	0.00742	0.00469	0.00391	0.00121	0.02217	0.00335	0.00332	0.00620

[dist]
# distance from previous block
# <min> <max>
1	3

[block]
# block no. 2 follows, 62 sequences, length 8
# corresponding to MSA columns:
# 71-78
name=unknown_C
#
# <colnr> <probs for GDERKNQSTAVLIFYWHMCP>
#	G	D	E	R	K	N	Q	S	T	A	V	L	I	F	Y	W	H	M	C	P
0	0.03182	0.42034	0.08401	0.03400	0.04450	0.11545	0.00828	0.01541	0.18366	0.01242	0.00874	0.00935	0.00712	0.00426	0.00342	0.00112	0.00485	0.00306	0.00244	0.00575
1	0.00843	0.00771	0.01212	0.00994	0.01181	0.00820	0.21263	0.02874	0.18302	0.01284	0.01443	0.10291	0.04815	0.15114	0.09664	0.00253	0.07504	0.00589	0.00299	0.00483
2	0.00554	0.00446	0.00502	0.00524	0.00654	0.00394	0.00417	0.00689	0.00987	0.01215	0.08671	0.04210	0.57822	0.01089	0.00524	0.00156	0.00258	0.20123	0.00399	0.00370
3	0.01253	0.64062	0.01969	0.00822	0.01149	0.22510	0.00752	0.01383	0.00952	0.01011	0.00608	0.00704	0.00547	0.00383	0.00301	0.00096	0.00535	0.00239	0.00192	0.00533
4	0.00800	0.00678	0.00849	0.04964	0.03896	0.00582	0.00557	0.00996	0.03333	0.01298	0.01180	0.21948	0.01194	0.00598	0.00415	0.00103	0.02657	0.00513	0.00287	0.53152
5	0.01047	0.08249	0.07338	0.02168	0.60328	0.02996	0.03088	0.01348	0.04664	0.01371	0.02867	0.01084	0.00763	0.00402	0.00411	0.00125	0.00506	0.00377	0.00223	0.00647
6	0.00942	0.00797	0.00861	0.00807	0.01001	0.00904	0.00613	0.01900	0.64156	0.01630	0.01864	0.19567	0.01626	0.00741	0.00457	0.00150	0.00317	0.00639	0.00425	0.00603
7	0.00988	0.01101	0.02250	0.01647	0.01985	0.01125	0.63572	0.01290	0.00928	0.01290	0.00795	0.01101	0.00627	0.00442	0.00695	0.00153	0.18777	0.00474	0.00209	0.00550

[dist]
# distance from previous block
# <min> <max>
0	1

[block]
# block no. 3 follows, 62 sequences, length 6
# corresponding to MSA columns:
# 80-85
name=unknown_D
#
# <colnr> <probs for GDERKNQSTAVLIFYWHMCP>
#	G	D	E	R	K	N	Q	S	T	A	V	L	I	F	Y	W	H	M	C	P
0	0.00712	0.00570	0.00676	0.00574	0.00772	0.00480	0.00422	0.00834	0.00810	0.01166	0.01523	0.12093	0.10565	0.18350	0.09050	0.00220	0.00398	0.00541	0.00285	0.39962
1	0.00904	0.00741	0.01108	0.21835	0.20298	0.00814	0.00877	0.01264	0.14047	0.05102	0.04624	0.01623	0.01091	0.06359	0.10478	0.03760	0.00533	0.03741	0.00279	0.00521
2	0.57476	0.07032	0.14254	0.00842	0.06466	0.05279	0.00736	0.01295	0.00804	0.01674	0.00638	0.00752	0.00498	0.00396	0.00304	0.00128	0.00421	0.00256	0.00238	0.00510
3	0.00923	0.00663	0.00529	0.00511	0.00629	0.13928	0.00383	0.01107	0.00943	0.01497	0.01269	0.01453	0.01002	0.00486	0.00312	0.00101	0.00291	0.00377	0.73184	0.00412
4	0.00932	0.04517	0.03261	0.04306	0.01149	0.04789	0.05960	0.03490	0.38091	0.01533	0.09013	0.02094	0.15856	0.00664	0.00449	0.00140	0.00376	0.02446	0.00376	0.00558
5	0.15175	0.04354	0.04262	0.14175	0.38874	0.00976	0.03867	0.01254	0.02735	0.01412	0.00869	0.01247	0.00744	0.00444	0.00401	0.00132	0.00480	0.05621	0.00232	0.02747

[dist]
# distance from previous block
# <min> <max>
3	23

[block]
# block no. 4 follows, 62 sequences, length 30
# corresponding to MSA columns:
# 116-145
name=unknown_E
#
# <colnr> <probs for GDERKNQSTAVLIFYWHMCP>
#	G	D	E	R	K	N	Q	S	T	A	V	L	I	F	Y	W	H	M	C	P
0	0.01794	0.00706	0.00960	0.02927	0.01099	0.00618	0.00619	0.01955	0.01183	0.75335	0.01741	0.01573	0.04001	0.02862	0.00478	0.00140	0.00364	0.00449	0.00506	0.00691
1	0.00982	0.03832	0.06187	0.15213	0.47317	0.00980	0.02901	0.02934	0.04668	0.01348	0.00895	0.02843	0.00761	0.02652	0.00465	0.00136	0.00501	0.01387	0.00228	0.03771
2	0.00636	0.00462	0.00590	0.00548	0.00658	0.00433	0.00413	0.03707	0.01225	0.01722	0.76403	0.03133	0.06725	0.00864	0.00499	0.00134	0.00211	0.00760	0.00464	0.00412
3	0.00745	0.01705	0.03949	0.11964	0.04961	0.00624	0.09787	0.00888	0.02942	0.01118	0.04940	0.21184	0.04241	0.01018	0.03814	0.20523	0.00436	0.00619	0.00271	0.04270
4	0.00793	0.00397	0.00397	0.00397	0.00496	0.00397	0.00297	0.00991	0.00892	0.01586	0.01388	0.01586	0.01091	0.00496	0.00297	0.00099	0.00198	0.00397	0.87408	0.00397
5	0.00661	0.00586	0.00867	0.10399	0.11463	0.00571	0.06066	0.00841	0.02601	0.01203	0.05291	0.23936	0.32040	0.00913	0.00492	0.00148	0.00337	0.00813	0.00339	0.00432
6	0.01852	0.00719	0.00974	0.00753	0.01073	0.00627	0.00620	0.02039	0.02844	0.78601	0.04114	0.01503	0.01148	0.00538	0.00430	0.00132	0.00357	0.00439	0.00523	0.00713
7	0.01679	0.00705	0.00937	0.00734	0.01027	0.00631	0.00600	0.06605	0.01263	0.64698	0.14743	0.01704	0.01516	0.00582	0.00440	0.00132	0.00342	0.00481	0.00511	0.00672
8	0.01084	0.55648	0.22478	0.00876	0.01293	0.05506	0.00943	0.01367	0.05241	0.01133	0.00700	0.00790	0.00585	0.00389	0.00320	0.00106	0.00508	0.00265	0.00197	0.00571
9	0.72788	0.03585	0.07643	0.03443	0.01001	0.03157	0.00597	0.01266	0.00760	0.01783	0.00614	0.00725	0.00476	0.00397	0.00284	0.00130	0.00378	0.00244	0.00250	0.00479
10	0.00511	0.00413	0.00455	0.00484	0.00590	0.00357	0.00348	0.00612	0.00931	0.01150	0.06455	0.28805	0.55106	0.01149	0.00515	0.00152	0.00225	0.00989	0.00398	0.00357
11	0.00784	0.00806	0.04873	0.00663	0.02423	0.12112	0.00523	0.02861	0.04915	0.03195	0.14004	0.03023	0.46498	0.00861	0.00472	0.00136	0.00333	0.00709	0.00371	0.00436
12	0.00793	0.00397	0.00397	0.00397	0.00496	0.00397	0.00297	0.00991	0.00892	0.01586	0.01388	0.01586	0.01091	0.00496	0.00297	0.00099	0.00198	0.00397	0.87408	0.00397
13	0.01068	0.06304	0.04319	0.02659	0.04073	0.10791	0.02330	0.10856	0.25944	0.03014	0.01553	0.12774	0.06288	0.02543	0.00498	0.00145	0.02351	0.01580	0.00347	0.00561
14	0.08074	0.03883	0.66569	0.01213	0.05243	0.01006	0.03253	0.01361	0.03103	0.01400	0.00776	0.00908	0.00562	0.00405	0.00393	0.00134	0.00589	0.00317	0.00196	0.00615
15	0.01131	0.00943	0.00995	0.00869	0.01123	0.01077	0.00683	0.15159	0.65671	0.01906	0.01706	0.01583	0.04060	0.00584	0.00434	0.00142	0.00354	0.00480	0.00430	0.00671
16	0.16838	0.01150	0.01347	0.05852	0.38517	0.17273	0.02649	0.04602	0.01008	0.02974	0.00809	0.03641	0.00683	0.00435	0.00391	0.00127	0.00521	0.00362	0.00241	0.00580
17	0.01573	0.01945	0.01201	0.01082	0.01309	0.76093	0.00816	0.06038	0.03962	0.01156	0.00714	0.00809	0.00583	0.00447	0.00388	0.00112	0.00737	0.00287	0.00238	0.00512
18	0.05693	0.03050	0.01209	0.02910	0.01303	0.27432	0.00786	0.39732	0.05480	0.06918	0.00945	0.00974	0.00696	0.00482	0.00402	0.00123	0.00546	0.00345	0.00348	0.00626
19	0.01178	0.00953	0.01014	0.00881	0.01140	0.01086	0.00694	0.15056	0.65961	0.04656	0.01615	0.01491	0.01197	0.00565	0.00432	0.00141	0.00359	0.00463	0.00435	0.00683
20	0.00619	0.00413	0.00464	0.00464	0.00464	0.00413	0.00258	0.00619	0.00619	0.00825	0.01341	0.02785	0.01547	0.85046	0.02166	0.00413	0.00413	0.00619	0.00258	0.00258
21	0.00965	0.00939	0.05635	0.03197	0.32630	0.00934	0.02323	0.01532	0.29080	0.01434	0.01185	0.01394	0.00969	0.05384	0.08444	0.02118	0.00510	0.00434	0.00290	0.00604
22	0.03058	0.00923	0.01558	0.27889	0.52308	0.00982	0.02717	0.01255	0.00933	0.03183	0.00803	0.01081	0.00644	0.00397	0.00420	0.00132	0.00521	0.00379	0.00213	0.00605
23	0.01000	0.31279	0.40615	0.01206	0.11572	0.03128	0.01204	0.01345	0.02751	0.01234	0.00727	0.00854	0.00576	0.00392	0.00360	0.00118	0.00549	0.00295	0.00191	0.00603
24	0.00582	0.00451	0.00564	0.00592	0.00700	0.00414	0.01743	0.00720	0.00960	0.01221	0.10657	0.15300	0.35329	0.04532	0.00601	0.00173	0.00287	0.24410	0.00393	0.00370
25	0.00910	0.02653	0.00936	0.02848	0.01071	0.00627	0.00537	0.03696	0.00918	0.01412	0.00761	0.00889	0.00630	0.00326	0.00321	0.00068	0.00330	0.00259	0.00255	0.80555
26	0.00793	0.00397	0.00397	0.00397	0.00496	0.00397	0.00297	0.00991	0.00892	0.01586	0.01388	0.01586	0.01091	0.00496	0.00297	0.00099	0.00198	0.00397	0.87408	0.00397
27	0.01027	0.00995	0.01730	0.10144	0.70410	0.01009	0.05843	0.01289	0.00960	0.01360	0.00800	0.01066	0.00662	0.00382	0.00426	0.00129	0.00523	0.00386	0.00209	0.00650
28	0.00739	0.00370	0.00554	0.00554	0.00554	0.00370	0.00370	0.00554	0.00554	0.00739	0.00739	0.01293	0.00739	0.01478	0.01663	0.87620	0.00370	0.00370	0.00185	0.00185
29	0.01058	0.00914	0.00962	0.00866	0.01106	0.01058	0.00673	0.02261	0.81623	0.01780	0.01732	0.01588	0.01299	0.00577	0.00433	0.00144	0.00337	0.00481	0.00433	0.00673

[dist]
# distance from previous block
# <min> <max>
0	6

[block]
# block no. 5 follows, 62 sequences, length 91
# corresponding to MSA columns:
# 152-238,252-255
name=unknown_F
#
# <colnr> <probs for GDERKNQSTAVLIFYWHMCP>
#	G	D	E	R	K	N	Q	S	T	A	V	L	I	F	Y	W	H	M	C	P
0	0.01589	0.02028	0.01206	0.01096	0.01315	0.83338	0.00822	0.01699	0.01206	0.01041	0.00658	0.00767	0.00548	0.00438	0.00384	0.00110	0.00767	0.00274	0.00219	0.00493
1	0.88052	0.00823	0.00625	0.00560	0.00823	0.00955	0.00461	0.01251	0.00724	0.01909	0.00592	0.00691	0.00461	0.00395	0.00263	0.00132	0.00329	0.00230	0.00263	0.00461
2	0.00614	0.00465	0.00696	0.00692	0.00767	0.00547	0.00540	0.00765	0.00683	0.00988	0.01128	0.01657	0.01054	0.03144	0.81768	0.00674	0.02754	0.00454	0.00227	0.00382
3	0.01416	0.01113	0.01284	0.02650	0.01297	0.01308	0.00849	0.57827	0.01614	0.02203	0.00891	0.00999	0.00676	0.00572	0.00688	0.00144	0.23084	0.00380	0.00356	0.00649
4	0.00592	0.00403	0.00481	0.00507	0.00517	0.00400	0.00306	0.00618	0.00673	0.00900	0.01594	0.24118	0.01856	0.59630	0.05297	0.00362	0.00401	0.00766	0.00292	0.00286
5	0.00954	0.26476	0.57920	0.01064	0.01610	0.01186	0.01310	0.01338	0.00894	0.02588	0.00728	0.00844	0.00550	0.00395	0.00366	0.00122	0.00574	0.00291	0.00186	0.00606
6	0.00990	0.00852	0.00899	0.00818	0.01045	0.00970	0.00637	0.02052	0.71062	0.01701	0.02017	0.01934	0.09870	0.00645	0.00444	0.00146	0.00325	0.02532	0.00428	0.00633
7	0.01661	0.00864	0.01046	0.00819	0.01129	0.00859	0.00670	0.26406	0.07828	0.45915	0.07061	0.01447	0.01176	0.00550	0.00433	0.00132	0.00382	0.00442	0.00484	0.00698
8	0.00541	0.00387	0.00519	0.00613	0.00649	0.00365	0.00429	0.00634	0.00848	0.01131	0.05212	0.72414	0.02815	0.01298	0.00547	0.00174	0.00262	0.10412	0.00397	0.00353
9	0.00518	0.00370	0.00494	0.00592	0.00617	0.00346	0.00395	0.00592	0.00815	0.01086	0.02345	0.84768	0.02814	0.01333	0.00543	0.00173	0.00247	0.01210	0.00395	0.00346
10	0.00518	0.00372	0.00492	0.00588	0.00616	0.00346	0.00393	0.00593	0.00819	0.01088	0.02395	0.82733	0.04818	0.01327	0.00542	0.00172	0.00246	0.01202	0.00395	0.00346
11	0.01618	0.01192	0.01277	0.00979	0.01320	0.01320	0.00809	0.80973	0.02001	0.02682	0.01022	0.01022	0.00724	0.00511	0.00426	0.00128	0.00468	0.00383	0.00426	0.00724
12	0.00545	0.00433	0.00490	0.00478	0.00604	0.00378	0.00360	0.00692	0.01064	0.01375	0.35542	0.03737	0.49655	0.00996	0.00504	0.00140	0.00212	0.01993	0.00425	0.00377
13	0.00619	0.00413	0.00464	0.00464	0.00464	0.00413	0.00258	0.00619	0.00619	0.00825	0.01341	0.02785	0.01547	0.85046	0.02166	0.00413	0.00413	0.00619	0.00258	0.00258
14	0.00561	0.00410	0.00525	0.00605	0.00644	0.00398	0.00408	0.00709	0.06408	0.01122	0.02255	0.75072	0.02648	0.05293	0.00613	0.00182	0.00261	0.01131	0.00391	0.00364
15	0.88052	0.00823	0.00625	0.00560	0.00823	0.00955	0.00461	0.01251	0.00724	0.01909	0.00592	0.00691	0.00461	0.00395	0.00263	0.00132	0.00329	0.00230	0.00263	0.00461
16	0.00686	0.00490	0.00686	0.00784	0.00882	0.00490	0.00686	0.00882	0.00980	0.01273	0.02253	0.04800	0.02449	0.01175	0.00588	0.00196	0.00392	0.79528	0.00392	0.00392
17	0.00619	0.00413	0.00464	0.00464	0.00464	0.00413	0.00258	0.00619	0.00619	0.00825	0.01341	0.02785	0.01547	0.85046	0.02166	0.00413	0.00413	0.00619	0.00258	0.00258
18	0.88052	0.00823	0.00625	0.00560	0.00823	0.00955	0.00461	0.01251	0.00724	0.01909	0.00592	0.00691	0.00461	0.00395	0.00263	0.00132	0.00329	0.00230	0.00263	0.00461
19	0.01146	0.00552	0.00722	0.00631	0.00826	0.00486	0.00493	0.01298	0.01110	0.36836	0.21102	0.14857	0.14555	0.00829	0.00478	0.00142	0.00285	0.02654	0.00470	0.00527
20	0.01138	0.85302	0.02230	0.00728	0.01092	0.01684	0.00728	0.01274	0.00865	0.01001	0.00592	0.00683	0.00546	0.00364	0.00273	0.00091	0.00455	0.00228	0.00182	0.00546
21	0.00804	0.00756	0.01276	0.84023	0.02931	0.00945	0.01182	0.01087	0.00851	0.01087	0.00756	0.01134	0.00567	0.00425	0.00425	0.00142	0.00567	0.00378	0.00189	0.00473
22	0.00619	0.00413	0.00464	0.00464	0.00464	0.00413	0.00258	0.00619	0.00619	0.00825	0.01341	0.02785	0.01547	0.85046	0.02166	0.00413	0.00413	0.00619	0.00258	0.00258
23	0.00608	0.00456	0.00684	0.00684	0.00760	0.00532	0.00532	0.00760	0.00684	0.00988	0.01140	0.01672	0.01064	0.03191	0.83360	0.00684	0.01140	0.00456	0.00228	0.00380
24	0.00518	0.00370	0.00494	0.00592	0.00617	0.00346	0.00395	0.00592	0.00815	0.01086	0.02345	0.84768	0.02814	0.01333	0.00543	0.00173	0.00247	0.01210	0.00395	0.00346
25	0.88052	0.00823	0.00625	0.00560	0.00823	0.00955	0.00461	0.01251	0.00724	0.01909	0.00592	0.00691	0.00461	0.00395	0.00263	0.00132	0.00329	0.00230	0.00263	0.00461
26	0.00608	0.00456	0.00684	0.00684	0.00760	0.00532	0.00532	0.00760	0.00684	0.00988	0.01140	0.01672	0.01064	0.03191	0.83360	0.00684	0.01140	0.00456	0.00228	0.00380
27	0.00863	0.00735	0.00869	0.00634	0.00991	0.00565	0.00506	0.01050	0.00869	0.01359	0.00783	0.00937	0.00660	0.00515	0.06073	0.00106	0.00372	0.00266	0.00250	0.81596
28	0.29517	0.00756	0.00871	0.00694	0.01002	0.00731	0.00573	0.01810	0.01060	0.56798	0.01331	0.01206	0.00863	0.00484	0.00375	0.00132	0.00352	0.00365	0.00442	0.00640
29	0.00542	0.00438	0.00509	0.00539	0.00636	0.00406	0.00401	0.00648	0.00915	0.01146	0.04926	0.28436	0.46826	0.01145	0.00559	0.00158	0.03729	0.07291	0.00388	0.00363
30	0.86448	0.00821	0.00632	0.00563	0.00828	0.00948	0.00464	0.01266	0.00733	0.03413	0.00613	0.00705	0.00472	0.00397	0.00266	0.00132	0.00330	0.00234	0.00268	0.00466
31	0.00527	0.00375	0.00498	0.00590	0.00617	0.00352	0.00396	0.00603	0.00819	0.01093	0.03886	0.78635	0.02785	0.04328	0.00601	0.00181	0.00255	0.02721	0.00391	0.00344
32	0.00879	0.00464	0.00620	0.00631	0.00738	0.00419	0.00453	0.00978	0.00924	0.22281	0.02228	0.60841	0.04609	0.01116	0.00512	0.00161	0.00276	0.00998	0.00429	0.00444
33	0.01053	0.01011	0.01727	0.02612	0.82392	0.01011	0.01306	0.01306	0.00969	0.01390	0.00800	0.01053	0.00674	0.00379	0.00421	0.00126	0.00505	0.00379	0.00211	0.00674
34	0.00625	0.00406	0.00505	0.00544	0.00573	0.00388	0.00347	0.00675	0.00759	0.04631	0.03860	0.44043	0.02224	0.37015	0.01229	0.00272	0.00322	0.00912	0.00344	0.00326
35	0.01016	0.00615	0.00640	0.00558	0.00721	0.00650	0.00437	0.22933	0.01191	0.01872	0.01287	0.01455	0.00999	0.02197	0.00370	0.00113	0.00277	0.00397	0.61789	0.00484
36	0.01082	0.00926	0.00975	0.00871	0.01115	0.01069	0.00679	0.05529	0.78317	0.01817	0.01702	0.01564	0.01275	0.00575	0.00433	0.00144	0.00342	0.00477	0.00433	0.00676
37	0.00526	0.00375	0.00500	0.00596	0.00623	0.00352	0.00402	0.00603	0.00816	0.01087	0.02320	0.80232	0.02774	0.03138	0.00580	0.00179	0.00255	0.03904	0.00392	0.00345
38	0.88052	0.00823	0.00625	0.00560	0.00823	0.00955	0.00461	0.01251	0.00724	0.01909	0.00592	0.00691	0.00461	0.00395	0.00263	0.00132	0.00329	0.00230	0.00263	0.00461
39	0.12472	0.00470	0.00495	0.00486	0.00525	0.00491	0.00297	0.00710	0.00636	0.00979	0.01231	0.02455	0.01380	0.70171	0.05279	0.00386	0.00431	0.00559	0.00257	0.00290
40	0.00631	0.00449	0.00613	0.00704	0.00773	0.00441	0.00569	0.00777	0.00905	0.01186	0.02217	0.28645	0.02496	0.07038	0.00684	0.00204	0.00350	0.50566	0.00383	0.00369
41	0.00616	0.00411	0.00465	0.00468	0.00469	0.00410	0.00262	0.00618	0.00625	0.00834	0.01373	0.05443	0.01588	0.82332	0.02113	0.00405	0.00407	0.00638	0.00262	0.00261
42	0.00519	0.00393	0.00480	0.00544	0.00609	0.00354	0.00378	0.00610	0.00879	0.01131	0.05820	0.55909	0.27075	0.01236	0.00530	0.00163	0.00238	0.02381	0.00398	0.00353
43	0.88052	0.00823	0.00625	0.00560	0.00823	0.00955	0.00461	0.01251	0.00724	0.01909	0.00592	0.00691	0.00461	0.00395	0.00263	0.00132	0.00329	0.00230	0.00263	0.00461
44	0.00991	0.01125	0.02452	0.01757	0.02176	0.01058	0.78242	0.01343	0.00994	0.01351	0.00870	0.01165	0.00659	0.00451	0.03189	0.00161	0.00731	0.00501	0.00216	0.00568
45	0.00545	0.00381	0.00486	0.00558	0.00577	0.00363	0.00359	0.00599	0.00763	0.01017	0.02079	0.63037	0.02478	0.23523	0.00973	0.00236	0.00291	0.01053	0.00359	0.00322
46	0.00736	0.00455	0.00559	0.00533	0.00657	0.00415	0.00400	0.00891	0.01041	0.10494	0.32254	0.12905	0.21147	0.02132	0.03940	0.00163	0.00269	0.00759	0.09830	0.00418
47	0.01138	0.85302	0.02230	0.00728	0.01092	0.01684	0.00728	0.01274	0.00865	0.01001	0.00592	0.00683	0.00546	0.00364	0.00273	0.00091	0.00455	0.00228	0.00182	0.00546
48	0.00542	0.00433	0.00485	0.00472	0.00599	0.00376	0.00354	0.00686	0.01062	0.01367	0.34789	0.03736	0.51604	0.00996	0.00502	0.00140	0.00210	0.00848	0.00424	0.00376
49	0.00514	0.00429	0.00448	0.00449	0.00583	0.00363	0.00334	0.00630	0.00988	0.01205	0.12391	0.07349	0.70724	0.01066	0.00504	0.00144	0.00215	0.00897	0.00403	0.00363
50	0.00541	0.00397	0.00545	0.00676	0.04013	0.00373	0.00433	0.00622	0.00821	0.01099	0.02281	0.81292	0.02725	0.01293	0.00538	0.00171	0.00258	0.01175	0.00387	0.00359
51	0.00503	0.00431	0.00431	0.00431	0.00575	0.00359	0.00323	0.00611	0.00970	0.01149	0.04310	0.04095	0.82219	0.01078	0.00503	0.00144	0.00216	0.00898	0.00395	0.00359
52	0.01888	0.00757	0.01008	0.00773	0.01103	0.00675	0.00638	0.07657	0.01273	0.77025	0.01632	0.01418	0.01030	0.00526	0.00428	0.00131	0.00370	0.00425	0.00519	0.00724
53	0.01102	0.00841	0.00921	0.00827	0.01056	0.00942	0.00641	0.03666	0.62851	0.10264	0.01778	0.10479	0.01424	0.00652	0.00444	0.00146	0.00332	0.00552	0.00439	0.00645
54	0.01004	0.01148	0.02511	0.01793	0.02224	0.01076	0.80846	0.01363	0.01004	0.01363	0.00861	0.01148	0.00646	0.00359	0.00502	0.00143	0.00717	0.00502	0.00215	0.00574
55	0.00610	0.00482	0.00568	0.01900	0.00699	0.00456	0.00417	0.00864	0.08072	0.01478	0.42313	0.03358	0.32450	0.00953	0.01668	0.00148	0.00241	0.02484	0.00429	0.00410
56	0.00603	0.00439	0.00570	0.00549	0.00644	0.00410	0.00407	0.00813	0.02971	0.01641	0.71748	0.11943	0.03824	0.00913	0.00505	0.00138	0.00209	0.00810	0.00460	0.00402
57	0.69972	0.00818	0.00737	0.11785	0.01123	0.00955	0.00571	0.02676	0.03977	0.01804	0.01958	0.00831	0.00569	0.00416	0.00298	0.00133	0.00362	0.00271	0.00266	0.00475
58	0.00882	0.00756	0.00882	0.00630	0.01008	0.00567	0.00504	0.01071	0.00882	0.01387	0.00756	0.00882	0.00630	0.00315	0.00315	0.00063	0.00315	0.00252	0.00252	0.87647
59	0.01872	0.00783	0.01024	0.00785	0.01116	0.00713	0.00649	0.12071	0.01317	0.72549	0.01595	0.01394	0.01012	0.00525	0.00428	0.00131	0.00376	0.00422	0.00514	0.00724
60	0.01138	0.85302	0.02230	0.00728	0.01092	0.01684	0.00728	0.01274	0.00865	0.01001	0.00592	0.00683	0.00546	0.00364	0.00273	0.00091	0.00455	0.00228	0.00182	0.00546
61	0.88052	0.00823	0.00625	0.00560	0.00823	0.00955	0.00461	0.01251	0.00724	0.01909	0.00592	0.00691	0.00461	0.00395	0.00263	0.00132	0.00329	0.00230	0.00263	0.00461
62	0.01618	0.01192	0.01277	0.00979	0.01320	0.01320	0.00809	0.80973	0.02001	0.02682	0.01022	0.01022	0.00724	0.00511	0.00426	0.00128	0.00468	0.00383	0.00426	0.00724
63	0.03209	0.00855	0.01132	0.00943	0.01100	0.03955	0.03114	0.05116	0.00929	0.26601	0.01025	0.01197	0.00792	0.00982	0.12585	0.00232	0.34970	0.00399	0.00313	0.00550
64	0.00608	0.00454	0.00677	0.00677	0.00750	0.00528	0.00523	0.00755	0.00682	0.00982	0.01146	0.01708	0.01080	0.05903	0.80670	0.00675	0.01116	0.00461	0.00229	0.00376
65	0.00577	0.00434	0.00534	0.00509	0.00620	0.00391	0.00382	0.00755	0.01145	0.01566	0.62577	0.03409	0.23693	0.00922	0.00502	0.00136	0.00204	0.00802	0.00450	0.00391
66	0.00557	0.00448	0.00506	0.00535	0.00665	0.00398	0.00430	0.00690	0.00973	0.01186	0.03705	0.04302	0.58763	0.01106	0.00528	0.00159	0.00267	0.24019	0.00394	0.00369
67	0.00930	0.02544	0.00915	0.00638	0.01013	0.00593	0.00514	0.01117	0.00896	0.04754	0.00791	0.00902	0.00646	0.00325	0.00319	0.00066	0.00320	0.00259	0.00262	0.82195
68	0.00608	0.00453	0.00671	0.00671	0.00742	0.00525	0.00516	0.00752	0.00680	0.00978	0.01152	0.01737	0.01092	0.07986	0.78604	0.00668	0.01097	0.00465	0.00230	0.00373
69	0.00609	0.00450	0.00655	0.00655	0.00721	0.00516	0.00496	0.00741	0.00675	0.00966	0.01166	0.01818	0.01127	0.13957	0.72681	0.00648	0.01044	0.00477	0.00232	0.00364
70	0.86351	0.00830	0.00638	0.00568	0.00833	0.00962	0.00468	0.02820	0.00749	0.01924	0.00601	0.00698	0.00466	0.00397	0.00267	0.00132	0.00332	0.00233	0.00267	0.00466
71	0.03262	0.00741	0.00948	0.00715	0.01055	0.00624	0.00585	0.03261	0.01119	0.53144	0.02407	0.01271	0.00942	0.00462	0.00390	0.00110	0.00347	0.00373	0.00433	0.27810
72	0.67102	0.00863	0.02628	0.02377	0.02554	0.02519	0.02350	0.01274	0.00803	0.06073	0.05384	0.00914	0.00714	0.00439	0.00332	0.00133	0.02487	0.00290	0.00281	0.00483
73	0.00538	0.00429	0.00482	0.00476	0.00598	0.00373	0.00354	0.00675	0.01040	0.01335	0.30634	0.08663	0.50855	0.01023	0.00505	0.00142	0.00212	0.00873	0.00420	0.00373
74	0.01154	0.05280	0.19501	0.01127	0.05479	0.15906	0.03262	0.09650	0.18768	0.02550	0.02570	0.01100	0.00814	0.00506	0.00526	0.00135	0.10421	0.00373	0.00281	0.00598
75	0.00556	0.00433	0.00503	0.00495	0.00612	0.00384	0.00373	0.00704	0.01058	0.01382	0.37190	0.05552	0.41786	0.02965	0.00546	0.00149	0.00222	0.04290	0.00423	0.00376
76	0.00539	0.00429	0.00484	0.00478	0.00599	0.00373	0.00355	0.00678	0.01044	0.01343	0.31788	0.08714	0.49632	0.01020	0.00505	0.00142	0.00212	0.00872	0.00421	0.00373
77	0.00883	0.00814	0.01273	0.52636	0.13282	0.00954	0.02646	0.02348	0.14221	0.01263	0.00980	0.03192	0.00781	0.02401	0.00470	0.00147	0.00511	0.00423	0.00242	0.00531
78	0.01595	0.01188	0.01262	0.00976	0.01309	0.02520	0.00806	0.77920	0.01965	0.02624	0.01045	0.01106	0.00761	0.00525	0.00429	0.00129	0.00471	0.02234	0.00422	0.00712
79	0.01286	0.56406	0.01871	0.00852	0.01166	0.28657	0.00758	0.01431	0.02296	0.01027	0.00632	0.00725	0.00559	0.00392	0.00312	0.00098	0.00556	0.00247	0.00198	0.00531
80	0.01582	0.03417	0.01223	0.01090	0.01312	0.81976	0.00821	0.01692	0.01200	0.01041	0.00657	0.00766	0.00548	0.00437	0.00382	0.00109	0.00762	0.00273	0.00219	0.00494
81	0.00820	0.01013	0.23020	0.00773	0.00991	0.02770	0.00730	0.04085	0.08941	0.01139	0.01048	0.01625	0.00978	0.24268	0.04485	0.20403	0.00491	0.00437	0.01570	0.00415
82	0.01058	0.00914	0.00962	0.00866	0.01106	0.01058	0.00673	0.02261	0.81623	0.01780	0.01732	0.01588	0.01299	0.00577	0.00433	0.00144	0.00337	0.00481	0.00433	0.00673
83	0.00608	0.00453	0.00672	0.00672	0.00743	0.00525	0.00517	0.00752	0.00680	0.00979	0.01151	0.01733	0.01090	0.07710	0.78878	0.00669	0.01100	0.00465	0.00230	0.00373
84	0.00819	0.00761	0.01274	0.58304	0.18268	0.00888	0.01114	0.01072	0.00870	0.01147	0.00950	0.10872	0.00850	0.00522	0.00438	0.00142	0.00518	0.00475	0.00217	0.00497
85	0.00570	0.00423	0.00588	0.02401	0.00712	0.00398	0.02298	0.00707	0.00979	0.01345	0.34806	0.47753	0.03204	0.01102	0.00523	0.00156	0.00246	0.00996	0.00416	0.00376
86	0.00917	0.00869	0.04652	0.05498	0.03769	0.02315	0.00635	0.02833	0.03477	0.01401	0.00793	0.00926	0.00645	0.00342	0.00336	0.00078	0.00363	0.00277	0.00253	0.69622
87	0.00976	0.01105	0.03528	0.11807	0.04262	0.01047	0.66352	0.01322	0.00981	0.01330	0.00843	0.01135	0.00635	0.00367	0.00486	0.00141	0.00684	0.00476	0.00212	0.02312
88	0.01135	0.44740	0.01651	0.02136	0.01113	0.03954	0.02526	0.08292	0.00973	0.07269	0.00825	0.00975	0.00696	0.00876	0.14487	0.00200	0.01638	0.00309	0.00244	0.05962
89	0.01139	0.70785	0.06603	0.00775	0.01138	0.06123	0.00771	0.02924	0.02226	0.01073	0.00727	0.00808	0.02636	0.00395	0.00298	0.00097	0.00474	0.00259	0.00198	0.00549
90	0.02183	0.00409	0.00580	0.00597	0.02645	0.00415	0.00396	0.01685	0.00630	0.00906	0.00829	0.01319	0.00783	0.01351	0.03671	0.70159	0.00375	0.00373	0.10453	0.00239

[dist]
# distance from previous block
# <min> <max>
0	9

# created by:
# /st0/software/busco_prod/Augustus/scripts/msa2prfl.pl ./align_prep/134828.fa
