[name]
unknown

[dist]
# distance from previous block
# <min> <max>
0	165

[block]
# block no. 0 follows, 52 sequences, length 14
# corresponding to MSA columns:
# 294,295,297-308
name=unknown_A
#
# <colnr> <probs for GDERKNQSTAVLIFYWHMCP>
#	G	D	E	R	K	N	Q	S	T	A	V	L	I	F	Y	W	H	M	C	P
0	0.00770	0.00550	0.00768	0.00880	0.00987	0.00548	0.00762	0.00985	0.01105	0.01438	0.02572	0.09910	0.02813	0.01349	0.00666	0.00222	0.00437	0.72349	0.00446	0.00443
1	0.01315	0.01141	0.01292	0.01383	0.17132	0.07012	0.00912	0.11451	0.39252	0.04537	0.03587	0.03029	0.03026	0.00623	0.00488	0.00154	0.00466	0.00523	0.01944	0.00733
2	0.06959	0.01201	0.06209	0.25281	0.15381	0.08005	0.03158	0.11526	0.04855	0.03585	0.01006	0.01240	0.00774	0.00592	0.02695	0.00168	0.02331	0.00419	0.03974	0.00641
3	0.01241	0.00906	0.00991	0.00778	0.01098	0.00881	0.00624	0.24664	0.05514	0.02114	0.01214	0.01320	0.00937	0.00500	0.00399	0.00111	0.00376	0.00392	0.24321	0.31619
4	0.02354	0.00718	0.02750	0.00727	0.00947	0.00662	0.00587	0.04072	0.12128	0.15618	0.22628	0.03208	0.23483	0.02746	0.00584	0.00168	0.00330	0.05229	0.00493	0.00568
5	0.01168	0.01096	0.01725	0.02313	0.54021	0.01084	0.03845	0.01602	0.12129	0.01644	0.01056	0.01259	0.00860	0.00452	0.00466	0.00136	0.00523	0.00431	0.00283	0.13905
6	0.00636	0.00451	0.00558	0.00609	0.00650	0.00426	0.00398	0.00717	0.00932	0.01246	0.12569	0.42663	0.08680	0.25833	0.01163	0.00270	0.00328	0.01084	0.00414	0.00373
7	0.00668	0.00520	0.00620	0.00664	0.00787	0.00485	0.00515	0.00876	0.04926	0.01411	0.09264	0.21751	0.34374	0.01273	0.00603	0.00185	0.00309	0.19875	0.00457	0.00436
8	0.01294	0.46598	0.11842	0.00940	0.01344	0.03742	0.00926	0.15354	0.01257	0.01595	0.06039	0.05096	0.01042	0.00545	0.00397	0.00126	0.00525	0.00400	0.00292	0.00647
9	0.01305	0.22801	0.40298	0.01151	0.01705	0.01359	0.01305	0.14886	0.01261	0.08214	0.00957	0.01036	0.00701	0.00481	0.00429	0.00139	0.00609	0.00357	0.00287	0.00720
10	0.16471	0.04722	0.01210	0.01026	0.01276	0.35014	0.00801	0.05299	0.13612	0.03079	0.01103	0.01215	0.02967	0.02136	0.02485	0.00165	0.06122	0.00387	0.00317	0.00593
11	0.22687	0.00667	0.00704	0.00721	0.00873	0.02240	0.00576	0.01091	0.02947	0.01622	0.08841	0.10584	0.05634	0.07795	0.03889	0.00228	0.00418	0.24321	0.03704	0.00458
12	0.00995	0.02364	0.06353	0.01327	0.01658	0.00925	0.34730	0.03439	0.05693	0.03730	0.10742	0.13104	0.07926	0.03976	0.00633	0.00176	0.00561	0.00734	0.00353	0.00581
13	0.00727	0.00549	0.00651	0.00661	0.00737	0.02394	0.02380	0.02563	0.00943	0.01239	0.02436	0.27508	0.14536	0.28096	0.03027	0.00288	0.00402	0.05853	0.04619	0.00391

[dist]
# distance from previous block
# <min> <max>
6	19

[block]
# block no. 1 follows, 52 sequences, length 31
# corresponding to MSA columns:
# 329-359
name=unknown_B
#
# <colnr> <probs for GDERKNQSTAVLIFYWHMCP>
#	G	D	E	R	K	N	Q	S	T	A	V	L	I	F	Y	W	H	M	C	P
0	0.00739	0.00625	0.00788	0.00806	0.00874	0.04258	0.02750	0.00860	0.00982	0.01300	0.08398	0.48452	0.06069	0.03567	0.02509	0.00211	0.09218	0.06757	0.00407	0.00431
1	0.01078	0.14066	0.05006	0.01309	0.12061	0.04514	0.09591	0.03603	0.11300	0.01493	0.03544	0.08891	0.02215	0.01039	0.10779	0.00232	0.03790	0.02623	0.02258	0.00608
2	0.03708	0.39284	0.17654	0.00983	0.01415	0.02939	0.01000	0.08054	0.10921	0.04632	0.00992	0.01058	0.00782	0.00489	0.00408	0.00130	0.01836	0.00348	0.02693	0.00674
3	0.01505	0.01742	0.01985	0.01554	0.01909	0.36537	0.32511	0.09164	0.03216	0.01536	0.00910	0.01107	0.00710	0.00484	0.00531	0.00146	0.03109	0.00439	0.00275	0.00629
4	0.01366	0.01400	0.01615	0.03252	0.01676	0.19341	0.19642	0.10194	0.28973	0.01808	0.04727	0.01471	0.01149	0.00563	0.00502	0.00153	0.00616	0.00500	0.00372	0.00680
5	0.01355	0.68292	0.05693	0.00912	0.01316	0.13150	0.00885	0.01524	0.01042	0.01163	0.00693	0.00802	0.00622	0.00429	0.00335	0.00109	0.00577	0.00271	0.00213	0.00617
6	0.00703	0.00477	0.00564	0.00564	0.00577	0.00489	0.00338	0.00728	0.00715	0.00966	0.01494	0.02991	0.01683	0.71671	0.13658	0.00514	0.00588	0.00678	0.00289	0.00313
7	0.00643	0.00471	0.00603	0.00690	0.00741	0.00456	0.00474	0.00814	0.05761	0.01303	0.04812	0.66911	0.04907	0.04986	0.00691	0.00206	0.00300	0.04365	0.00448	0.00417
8	0.00717	0.00503	0.00653	0.00611	0.00733	0.00461	0.00460	0.00940	0.01361	0.03809	0.74625	0.03617	0.07694	0.00991	0.00570	0.00153	0.00234	0.00873	0.00532	0.00464
9	0.00666	0.00495	0.00621	0.00589	0.00712	0.00449	0.00442	0.00877	0.01326	0.01834	0.66754	0.03800	0.17578	0.01032	0.00572	0.00154	0.00232	0.00902	0.00519	0.00449
10	0.86392	0.00937	0.00712	0.00637	0.00937	0.01087	0.00525	0.01425	0.00825	0.02174	0.00675	0.00787	0.00525	0.00450	0.00300	0.00150	0.00375	0.00262	0.00300	0.00525
11	0.00764	0.00490	0.00545	0.00527	0.00653	0.00460	0.00394	0.02119	0.01172	0.01744	0.29303	0.03094	0.20090	0.02468	0.00516	0.00145	0.00241	0.00732	0.34096	0.00447
12	0.00649	0.00477	0.00586	0.00616	0.00719	0.00430	0.00450	0.00795	0.01125	0.02770	0.25332	0.31230	0.26469	0.01256	0.00592	0.00175	0.00266	0.05159	0.00476	0.00426
13	0.86392	0.00937	0.00712	0.00637	0.00937	0.01087	0.00525	0.01425	0.00825	0.02174	0.00675	0.00787	0.00525	0.00450	0.00300	0.00150	0.00375	0.00262	0.00300	0.00525
14	0.06910	0.00849	0.01044	0.00937	0.03589	0.00843	0.02801	0.03377	0.21825	0.19901	0.01791	0.14176	0.01545	0.00752	0.00493	0.00155	0.00396	0.05783	0.00452	0.12380
15	0.01143	0.01287	0.02567	0.03164	0.02318	0.04610	0.64366	0.01497	0.01101	0.01475	0.00966	0.01351	0.00766	0.04046	0.00725	0.00179	0.07019	0.00553	0.00244	0.00623
16	0.72135	0.01000	0.00828	0.00714	0.01026	0.01150	0.00588	0.12466	0.03007	0.02297	0.00777	0.00867	0.00592	0.00474	0.00331	0.00150	0.00398	0.00295	0.00331	0.00574
17	0.00837	0.00586	0.00737	0.00664	0.00812	0.00563	0.00508	0.08240	0.01457	0.04252	0.70113	0.03333	0.04125	0.00941	0.00561	0.00152	0.00262	0.00824	0.00531	0.00502
18	0.86392	0.00937	0.00712	0.00637	0.00937	0.01087	0.00525	0.01425	0.00825	0.02174	0.00675	0.00787	0.00525	0.00450	0.00300	0.00150	0.00375	0.00262	0.00300	0.00525
19	0.01199	0.01151	0.01967	0.02974	0.79946	0.01151	0.01487	0.01487	0.01103	0.01583	0.00912	0.01199	0.00768	0.00432	0.00480	0.00144	0.00576	0.00432	0.00240	0.00768
20	0.01842	0.01357	0.01454	0.01115	0.01503	0.01503	0.00921	0.78330	0.02278	0.03054	0.01163	0.01163	0.00824	0.00582	0.00485	0.00145	0.00533	0.00436	0.00485	0.00824
21	0.01143	0.00946	0.01038	0.00959	0.01198	0.01074	0.00760	0.06890	0.56446	0.01934	0.01991	0.02437	0.01663	0.03326	0.02851	0.00200	0.00432	0.13547	0.00472	0.00692
22	0.00596	0.00479	0.00528	0.00542	0.00671	0.00415	0.00394	0.00725	0.01104	0.01383	0.15607	0.18360	0.53089	0.03127	0.00624	0.00175	0.00254	0.01057	0.00459	0.00411
23	0.00682	0.00487	0.00667	0.00775	0.00845	0.00472	0.00606	0.00835	0.01026	0.01354	0.04437	0.44528	0.03042	0.01421	0.00641	0.00208	0.00357	0.36744	0.00450	0.00420
24	0.01808	0.01810	0.01404	0.01176	0.01493	0.40079	0.00924	0.38985	0.04147	0.02117	0.00987	0.01042	0.00747	0.00544	0.00462	0.00136	0.00694	0.00379	0.00371	0.00695
25	0.00743	0.02176	0.00845	0.00806	0.00879	0.00607	0.04970	0.00848	0.00915	0.03443	0.02230	0.52917	0.05162	0.09286	0.03148	0.00235	0.08883	0.01083	0.00392	0.00431
26	0.00591	0.00434	0.00550	0.00642	0.00690	0.00398	0.00433	0.00679	0.00949	0.01240	0.02991	0.68116	0.15218	0.03785	0.00664	0.00199	0.00281	0.01303	0.00445	0.00393
27	0.03809	0.00938	0.03003	0.00897	0.01235	0.00899	0.00740	0.06727	0.23531	0.44323	0.03829	0.01809	0.04731	0.00645	0.00489	0.00155	0.00406	0.00526	0.00538	0.00771
28	0.09270	0.07201	0.03494	0.03272	0.03770	0.08870	0.09303	0.28540	0.01484	0.07724	0.01004	0.01125	0.00756	0.00553	0.00584	0.00151	0.09928	0.00411	0.01872	0.00687
29	0.03825	0.09615	0.10153	0.04367	0.04357	0.39506	0.01016	0.07703	0.06125	0.01481	0.00875	0.00998	0.00700	0.00499	0.00455	0.00132	0.02474	0.00345	0.00275	0.05097
30	0.01165	0.04374	0.03086	0.04597	0.14872	0.06671	0.07807	0.07281	0.06706	0.05013	0.02033	0.01437	0.01899	0.01225	0.19007	0.00286	0.02612	0.00456	0.00305	0.09168

[dist]
# distance from previous block
# <min> <max>
3	56

[block]
# block no. 2 follows, 52 sequences, length 6
# corresponding to MSA columns:
# 421-426
name=unknown_C
#
# <colnr> <probs for GDERKNQSTAVLIFYWHMCP>
#	G	D	E	R	K	N	Q	S	T	A	V	L	I	F	Y	W	H	M	C	P
0	0.02993	0.01078	0.05566	0.09274	0.20224	0.03646	0.04082	0.01434	0.01060	0.09198	0.01024	0.04005	0.00840	0.00493	0.00504	0.00129	0.04982	0.00416	0.00294	0.28757
1	0.01105	0.00900	0.01209	0.01058	0.03839	0.00925	0.10025	0.07720	0.26534	0.05571	0.15695	0.02501	0.07513	0.00760	0.00531	0.00160	0.00423	0.07909	0.00448	0.05175
2	0.01153	0.01265	0.08811	0.11121	0.10973	0.01131	0.42965	0.04453	0.01135	0.04993	0.01033	0.01400	0.00809	0.05774	0.00658	0.00179	0.00711	0.00522	0.00266	0.00649
3	0.03186	0.17648	0.01515	0.01012	0.01309	0.04664	0.06079	0.11325	0.24554	0.01740	0.01380	0.10314	0.01204	0.00659	0.00529	0.00148	0.05667	0.00528	0.00367	0.06169
4	0.02550	0.03312	0.02671	0.01376	0.20391	0.00909	0.03209	0.05813	0.07638	0.01582	0.05999	0.16818	0.08642	0.02268	0.02682	0.00182	0.05727	0.02789	0.00357	0.05086
5	0.01295	0.09696	0.26553	0.01242	0.05739	0.01238	0.03876	0.23749	0.06382	0.04183	0.01194	0.06385	0.00977	0.00589	0.00472	0.00149	0.00566	0.02238	0.00342	0.03135

[dist]
# distance from previous block
# <min> <max>
4	11

[block]
# block no. 3 follows, 52 sequences, length 14
# corresponding to MSA columns:
# 440-453
name=unknown_D
#
# <colnr> <probs for GDERKNQSTAVLIFYWHMCP>
#	G	D	E	R	K	N	Q	S	T	A	V	L	I	F	Y	W	H	M	C	P
0	0.26310	0.02598	0.01028	0.00860	0.01146	0.09992	0.00691	0.15372	0.03127	0.17941	0.01364	0.09540	0.01143	0.00665	0.00441	0.00153	0.00460	0.04021	0.02514	0.00632
1	0.05476	0.00816	0.01085	0.20925	0.01630	0.00898	0.02629	0.10488	0.10850	0.07468	0.11636	0.06746	0.03716	0.00854	0.02562	0.04536	0.00473	0.04727	0.01908	0.00575
2	0.01454	0.01578	0.01357	0.01153	0.01373	0.34066	0.00913	0.10827	0.01230	0.01470	0.00783	0.00987	0.00667	0.00593	0.00782	0.00145	0.25505	0.00357	0.00273	0.14485
3	0.03700	0.00696	0.00892	0.22742	0.01490	0.00762	0.00712	0.05570	0.04597	0.10625	0.01390	0.01583	0.01041	0.00548	0.00409	0.00136	0.00390	0.00448	0.41718	0.00554
4	0.01205	0.01041	0.01096	0.00986	0.01260	0.01205	0.00767	0.02575	0.79071	0.02027	0.01972	0.01808	0.01479	0.00657	0.00493	0.00164	0.00384	0.00548	0.00493	0.00767
5	0.05568	0.02999	0.23865	0.04975	0.07353	0.05191	0.05594	0.11967	0.10250	0.05262	0.02616	0.01331	0.02600	0.00637	0.02678	0.00172	0.05500	0.00441	0.00319	0.00684
6	0.65412	0.01041	0.00863	0.00744	0.01055	0.04268	0.00608	0.10840	0.04272	0.05867	0.00848	0.00918	0.00636	0.00483	0.00344	0.00149	0.00416	0.00308	0.00342	0.00586
7	0.00677	0.00550	0.00609	0.00601	0.00750	0.00514	0.00447	0.00970	0.10576	0.01532	0.21330	0.13986	0.43407	0.01141	0.00569	0.00165	0.00263	0.00977	0.00474	0.00461
8	0.01265	0.56464	0.02413	0.01099	0.01468	0.05179	0.13458	0.01454	0.00998	0.01212	0.00722	0.00902	0.00642	0.00470	0.00514	0.00127	0.10451	0.00332	0.00216	0.00613
9	0.00898	0.00539	0.00667	0.00659	0.00771	0.00505	0.00485	0.01009	0.01006	0.12552	0.06750	0.10213	0.15154	0.30110	0.01254	0.00284	0.00391	0.15896	0.00420	0.00437
10	0.00703	0.00484	0.00626	0.00630	0.00663	0.00515	0.00419	0.00759	0.00735	0.01012	0.01446	0.05236	0.01561	0.47131	0.31128	0.04917	0.00764	0.00645	0.00282	0.00344
11	0.00622	0.00493	0.00559	0.00542	0.00684	0.00430	0.00407	0.00790	0.01220	0.01583	0.37161	0.04214	0.47327	0.01125	0.00572	0.00159	0.00238	0.00960	0.00486	0.00430
12	0.01301	0.01088	0.01149	0.01005	0.01296	0.01250	0.00790	0.13904	0.67586	0.02181	0.01851	0.01712	0.01381	0.00646	0.00492	0.00162	0.00406	0.00531	0.00492	0.00776
13	0.07843	0.07892	0.03231	0.09579	0.26876	0.04488	0.03459	0.18436	0.02648	0.03826	0.00959	0.01129	0.00747	0.00476	0.00447	0.00139	0.00553	0.00397	0.00310	0.06566

[dist]
# distance from previous block
# <min> <max>
0	6

[block]
# block no. 4 follows, 52 sequences, length 15
# corresponding to MSA columns:
# 460-474
name=unknown_E
#
# <colnr> <probs for GDERKNQSTAVLIFYWHMCP>
#	G	D	E	R	K	N	Q	S	T	A	V	L	I	F	Y	W	H	M	C	P
0	0.01547	0.19681	0.13207	0.01154	0.01502	0.40172	0.01034	0.04207	0.01226	0.05472	0.00818	0.00937	0.00660	0.00506	0.00493	0.00132	0.06047	0.00328	0.00258	0.00618
1	0.00915	0.00861	0.01453	0.81804	0.03338	0.01077	0.01346	0.01238	0.00969	0.01238	0.00861	0.01292	0.00646	0.00484	0.00484	0.00161	0.00646	0.00431	0.00215	0.00538
2	0.00735	0.00554	0.00709	0.00704	0.00808	0.00557	0.00538	0.00995	0.06274	0.01657	0.41179	0.13416	0.07052	0.06448	0.00756	0.00193	0.03873	0.12620	0.00473	0.00458
3	0.00591	0.00493	0.00517	0.00524	0.00679	0.00419	0.00398	0.00723	0.01114	0.01348	0.08676	0.06872	0.69414	0.01229	0.00579	0.00167	0.00256	0.05133	0.00454	0.00413
4	0.00634	0.00453	0.00610	0.00677	0.00715	0.00457	0.00463	0.00726	0.00856	0.01162	0.02153	0.50267	0.02489	0.15072	0.20499	0.00382	0.00559	0.01061	0.00379	0.00387
5	0.00590	0.00422	0.00562	0.00675	0.00703	0.00394	0.00450	0.00675	0.00928	0.01237	0.02671	0.82653	0.03205	0.01518	0.00619	0.00197	0.00281	0.01378	0.00450	0.00394
6	0.01296	0.83261	0.02539	0.00829	0.01244	0.01917	0.00829	0.01451	0.00985	0.01140	0.00674	0.00777	0.00622	0.00415	0.00311	0.00104	0.00518	0.00259	0.00207	0.00622
7	0.01159	0.00853	0.00892	0.00799	0.01025	0.00954	0.00623	0.10046	0.41651	0.02053	0.01740	0.01739	0.01321	0.00615	0.00434	0.00143	0.00340	0.00500	0.32459	0.00655
8	0.01155	0.01201	0.02303	0.01656	0.02113	0.01116	0.53193	0.06485	0.01175	0.01647	0.00956	0.01221	0.00734	0.00420	0.00543	0.00142	0.02792	0.00493	0.00270	0.20384
9	0.01105	0.00858	0.01015	0.00730	0.01156	0.00652	0.00586	0.01318	0.01038	0.08309	0.00951	0.01060	0.00759	0.00379	0.00370	0.00078	0.00363	0.00304	0.00314	0.78654
10	0.00713	0.00492	0.00592	0.00601	0.00707	0.00446	0.00430	0.00839	0.01080	0.05566	0.20305	0.23331	0.26427	0.12653	0.00848	0.00213	0.00298	0.03582	0.00454	0.00423
11	0.00761	0.00570	0.00707	0.00762	0.00837	0.04309	0.02312	0.00862	0.00978	0.02831	0.02367	0.47520	0.04881	0.03036	0.00751	0.07305	0.00369	0.15774	0.02656	0.00411
12	0.01651	0.01198	0.01288	0.01002	0.01349	0.01303	0.00821	0.63018	0.02043	0.02803	0.04539	0.01333	0.01026	0.00587	0.00467	0.00139	0.00478	0.00450	0.10019	0.04486
13	0.18794	0.02288	0.00973	0.00811	0.01088	0.13269	0.00639	0.05768	0.03730	0.15282	0.13014	0.05991	0.02753	0.00640	0.00440	0.00138	0.00435	0.00500	0.02708	0.10737
14	0.07361	0.01174	0.01243	0.00978	0.01325	0.04584	0.00793	0.45947	0.01800	0.15264	0.02662	0.03832	0.01024	0.03584	0.00540	0.00154	0.00491	0.00465	0.00461	0.06318

[dist]
# distance from previous block
# <min> <max>
0	44

[block]
# block no. 5 follows, 52 sequences, length 9
# corresponding to MSA columns:
# 519-527
name=unknown_F
#
# <colnr> <probs for GDERKNQSTAVLIFYWHMCP>
#	G	D	E	R	K	N	Q	S	T	A	V	L	I	F	Y	W	H	M	C	P
0	0.01284	0.18153	0.06195	0.00910	0.01206	0.10311	0.00789	0.14153	0.06802	0.07317	0.05239	0.12651	0.06267	0.00748	0.00472	0.00147	0.00483	0.03181	0.03078	0.00616
1	0.03933	0.09276	0.31353	0.04527	0.01612	0.01082	0.01160	0.09205	0.05972	0.12718	0.01351	0.08364	0.01131	0.00648	0.00477	0.00157	0.00548	0.05461	0.00346	0.00678
2	0.04342	0.13428	0.01361	0.01010	0.01269	0.33597	0.00803	0.06645	0.10835	0.03660	0.05889	0.03533	0.05623	0.00690	0.02234	0.00153	0.03547	0.00455	0.00332	0.00595
3	0.03930	0.08813	0.01223	0.00941	0.01185	0.19737	0.00752	0.10487	0.04768	0.12416	0.07826	0.05217	0.07159	0.00938	0.07151	0.00199	0.05754	0.00524	0.00379	0.00602
4	0.10059	0.00986	0.01010	0.00930	0.01102	0.15323	0.05568	0.03357	0.01127	0.04885	0.10098	0.19989	0.01986	0.03038	0.00640	0.00177	0.05483	0.10818	0.02918	0.00506
5	0.01049	0.12346	0.58386	0.01251	0.01861	0.01237	0.01511	0.01686	0.13171	0.01562	0.01017	0.01115	0.00750	0.00485	0.00447	0.00149	0.00640	0.00375	0.00250	0.00712
6	0.00699	0.00492	0.00619	0.00664	0.00755	0.00447	0.00477	0.00826	0.01102	0.03959	0.20163	0.43477	0.17381	0.01322	0.00609	0.00186	0.00287	0.05612	0.00481	0.00442
7	0.01158	0.20453	0.05728	0.01424	0.01809	0.03213	0.34855	0.04691	0.01117	0.01462	0.01222	0.04167	0.05490	0.00754	0.05664	0.00195	0.05175	0.00528	0.00272	0.00624
8	0.09597	0.11294	0.01376	0.00953	0.01290	0.03879	0.00793	0.46909	0.01769	0.02501	0.01135	0.01208	0.00855	0.00561	0.00433	0.00140	0.00488	0.00405	0.13697	0.00718

[dist]
# distance from previous block
# <min> <max>
0	4

[block]
# block no. 6 follows, 52 sequences, length 15
# corresponding to MSA columns:
# 532-546
name=unknown_G
#
# <colnr> <probs for GDERKNQSTAVLIFYWHMCP>
#	G	D	E	R	K	N	Q	S	T	A	V	L	I	F	Y	W	H	M	C	P
0	0.06645	0.00896	0.01037	0.00833	0.01151	0.00874	0.00675	0.21031	0.01516	0.35881	0.02215	0.02089	0.15867	0.00719	0.00493	0.00154	0.00406	0.00568	0.06232	0.00717
1	0.00867	0.00657	0.00841	0.00757	0.00832	0.00701	0.04904	0.04120	0.06280	0.01215	0.01460	0.02644	0.01536	0.55243	0.07957	0.00418	0.06020	0.00643	0.02491	0.00414
2	0.00640	0.00457	0.00592	0.00691	0.00729	0.00428	0.00470	0.00721	0.00946	0.01256	0.02663	0.68830	0.05367	0.07734	0.00773	0.00223	0.00315	0.06314	0.00446	0.00404
3	0.00692	0.00491	0.00646	0.00736	0.00787	0.00475	0.00536	0.00798	0.00957	0.01272	0.02435	0.46229	0.02810	0.13554	0.04348	0.00274	0.00407	0.21718	0.00426	0.00409
4	0.01892	0.01350	0.01406	0.01100	0.01474	0.06718	0.00897	0.59479	0.04439	0.14222	0.01296	0.01271	0.00911	0.00598	0.00494	0.00150	0.00543	0.00447	0.00494	0.00818
5	0.00766	0.00531	0.00662	0.00619	0.00757	0.00477	0.00465	0.00964	0.01337	0.05696	0.61419	0.03747	0.18638	0.01032	0.00579	0.00159	0.00251	0.00892	0.00529	0.00480
6	0.00931	0.00472	0.00472	0.00471	0.00586	0.00468	0.00352	0.01148	0.01033	0.01830	0.01605	0.01840	0.01265	0.00582	0.00351	0.00118	0.00236	0.00460	0.85312	0.00466
7	0.01126	0.01144	0.01495	0.01287	0.01303	0.05656	0.01064	0.01226	0.00793	0.01193	0.00670	0.01087	0.00661	0.00846	0.01537	0.00212	0.77504	0.00427	0.00223	0.00546
8	0.00663	0.00499	0.00616	0.00618	0.00727	0.00463	0.00451	0.00883	0.04275	0.01664	0.44716	0.22204	0.18131	0.01145	0.00580	0.00165	0.00250	0.01008	0.00497	0.00446
9	0.00612	0.00455	0.00571	0.00622	0.00699	0.00414	0.00436	0.00743	0.01081	0.01440	0.23655	0.46367	0.18490	0.01321	0.00597	0.00178	0.00260	0.01175	0.00472	0.00414
10	0.00585	0.00483	0.00514	0.00523	0.00667	0.00412	0.00386	0.00713	0.01108	0.01359	0.11495	0.13683	0.63920	0.01240	0.00578	0.00166	0.00248	0.01051	0.00458	0.00412
11	0.00807	0.00518	0.00639	0.00621	0.00725	0.00488	0.00444	0.00977	0.02985	0.07676	0.30569	0.14692	0.09773	0.20020	0.01002	0.00234	0.00318	0.03260	0.03809	0.00442
12	0.00912	0.00558	0.00721	0.00650	0.00810	0.00512	0.00498	0.01159	0.03432	0.13390	0.62255	0.03338	0.07983	0.00937	0.00557	0.00153	0.00261	0.00818	0.00538	0.00517
13	0.01096	0.09595	0.02401	0.01656	0.02069	0.03268	0.54752	0.01433	0.01145	0.01508	0.06519	0.01793	0.05606	0.00543	0.00546	0.00158	0.00697	0.04320	0.00282	0.00611
14	0.01340	0.79123	0.02468	0.00831	0.01243	0.01857	0.00823	0.01497	0.01005	0.05113	0.00736	0.00821	0.00651	0.00424	0.00320	0.00106	0.00513	0.00271	0.00227	0.00632

[dist]
# distance from previous block
# <min> <max>
0	2

[block]
# block no. 7 follows, 52 sequences, length 18
# corresponding to MSA columns:
# 549-566
name=unknown_H
#
# <colnr> <probs for GDERKNQSTAVLIFYWHMCP>
#	G	D	E	R	K	N	Q	S	T	A	V	L	I	F	Y	W	H	M	C	P
0	0.00770	0.00526	0.00652	0.00641	0.00710	0.00530	0.00448	0.00909	0.02979	0.03998	0.20863	0.09351	0.04377	0.35961	0.05370	0.00328	0.02924	0.06208	0.02051	0.00402
1	0.01525	0.50446	0.02060	0.00969	0.01333	0.24415	0.00859	0.06529	0.01200	0.05584	0.00794	0.00877	0.00667	0.00460	0.00368	0.00115	0.00615	0.00298	0.00258	0.00629
2	0.00907	0.00716	0.00856	0.00781	0.01000	0.00681	0.00603	0.06329	0.11196	0.01586	0.01882	0.25845	0.03604	0.01115	0.06119	0.00194	0.00422	0.09267	0.01655	0.25242
3	0.01596	0.03755	0.17525	0.01243	0.01598	0.44453	0.02335	0.07814	0.01320	0.07066	0.00884	0.01000	0.00682	0.00525	0.00527	0.00140	0.06271	0.00354	0.00281	0.00633
4	0.00772	0.00645	0.01008	0.00880	0.01021	0.00622	0.13895	0.02415	0.01039	0.01394	0.15261	0.20986	0.10747	0.20141	0.01050	0.00244	0.02253	0.04797	0.00387	0.00442
5	0.00688	0.00512	0.00625	0.00645	0.00747	0.00473	0.00463	0.03155	0.01075	0.01433	0.16684	0.34223	0.17023	0.09726	0.00780	0.00205	0.00308	0.06168	0.00442	0.04624
6	0.01034	0.01043	0.01467	0.61202	0.05638	0.09307	0.01275	0.01310	0.00988	0.01237	0.00825	0.01218	0.00647	0.00527	0.00611	0.00163	0.10322	0.00418	0.00219	0.00548
7	0.00668	0.00456	0.00563	0.00617	0.00654	0.00446	0.00409	0.00746	0.00861	0.01178	0.02179	0.37176	0.05143	0.30579	0.06030	0.00323	0.00412	0.04715	0.06479	0.00368
8	0.00588	0.00443	0.00544	0.00621	0.00690	0.00400	0.00427	0.00687	0.00990	0.01276	0.05345	0.58320	0.25073	0.01421	0.00604	0.00186	0.00270	0.01263	0.00452	0.00400
9	0.01145	0.01279	0.02249	0.09930	0.02243	0.09892	0.48979	0.01471	0.01132	0.01473	0.06576	0.02774	0.01022	0.00521	0.00629	0.00163	0.07103	0.00553	0.00264	0.00604
10	0.01365	0.06764	0.01113	0.00873	0.01136	0.00987	0.00696	0.08248	0.29882	0.20071	0.01901	0.04785	0.03876	0.10106	0.00722	0.00195	0.00419	0.05718	0.00468	0.00676
11	0.06001	0.00868	0.01129	0.00870	0.01242	0.00786	0.00719	0.07754	0.01425	0.71185	0.01802	0.01575	0.01142	0.00592	0.00479	0.00150	0.00419	0.00473	0.00578	0.00811
12	0.00906	0.02146	0.66635	0.01259	0.01856	0.00999	0.01559	0.01386	0.01007	0.01483	0.01181	0.15146	0.01062	0.00643	0.00488	0.00161	0.00641	0.00534	0.00247	0.00660
13	0.00845	0.00711	0.00903	0.14878	0.01396	0.06071	0.00838	0.01060	0.01085	0.01366	0.02223	0.13695	0.04372	0.01153	0.00613	0.00201	0.00485	0.47249	0.00394	0.00463
14	0.00641	0.00458	0.00620	0.00732	0.00782	0.00437	0.00537	0.00762	0.00977	0.01293	0.02643	0.62289	0.03095	0.01471	0.00632	0.00204	0.00325	0.21245	0.00449	0.00407
15	0.01150	0.01101	0.01878	0.16613	0.66692	0.01138	0.01463	0.01444	0.01080	0.01523	0.00903	0.01215	0.00747	0.00441	0.00481	0.00147	0.00588	0.00432	0.00236	0.00728
16	0.01015	0.00851	0.00993	0.00729	0.01127	0.00670	0.00581	0.04983	0.01091	0.01669	0.06252	0.02988	0.01039	0.00438	0.00385	0.00084	0.00357	0.00358	0.00317	0.74073
17	0.01428	0.06673	0.01405	0.06169	0.01505	0.01251	0.05081	0.31495	0.21331	0.06036	0.01595	0.01583	0.06620	0.00609	0.00480	0.00147	0.00481	0.00496	0.00431	0.05183

[dist]
# distance from previous block
# <min> <max>
3	15

[block]
# block no. 8 follows, 52 sequences, length 52
# corresponding to MSA columns:
# 633-651,653-673,677,679-689
name=unknown_I
#
# <colnr> <probs for GDERKNQSTAVLIFYWHMCP>
#	G	D	E	R	K	N	Q	S	T	A	V	L	I	F	Y	W	H	M	C	P
0	0.01268	0.40625	0.19171	0.01399	0.16687	0.03460	0.01175	0.08361	0.01141	0.01483	0.00808	0.00949	0.00666	0.00445	0.00395	0.00126	0.00582	0.00331	0.00239	0.00687
1	0.11604	0.17601	0.13977	0.01113	0.01518	0.01165	0.16561	0.03036	0.05755	0.01602	0.04359	0.07934	0.01088	0.00556	0.00442	0.00141	0.00532	0.00484	0.01971	0.08562
2	0.04586	0.17864	0.19799	0.01041	0.02934	0.09147	0.03373	0.04531	0.05774	0.01444	0.02896	0.03973	0.01033	0.10319	0.06198	0.00219	0.00625	0.00446	0.00277	0.03522
3	0.03543	0.07457	0.00835	0.00704	0.00834	0.00654	0.00543	0.03034	0.01017	0.01401	0.13495	0.22320	0.09869	0.05647	0.19485	0.00325	0.00559	0.05765	0.00382	0.02130
4	0.07866	0.00762	0.00893	0.06375	0.03576	0.02542	0.00654	0.09413	0.05314	0.01814	0.28975	0.05135	0.08602	0.06007	0.00691	0.00179	0.04192	0.03858	0.02630	0.00523
5	0.01108	0.23270	0.50135	0.06283	0.01915	0.05011	0.01457	0.03023	0.01051	0.01428	0.00819	0.00972	0.00623	0.00454	0.00423	0.00140	0.00664	0.00336	0.00214	0.00676
6	0.00919	0.00778	0.00992	0.00910	0.01019	0.05210	0.02123	0.07706	0.00936	0.01292	0.01160	0.01721	0.01081	0.07682	0.50080	0.02348	0.12797	0.00498	0.00273	0.00479
7	0.00847	0.00629	0.00806	0.00755	0.00834	0.00685	0.02136	0.09211	0.00943	0.01288	0.01529	0.10648	0.01634	0.37771	0.19735	0.00445	0.05576	0.03783	0.00323	0.00421
8	0.01054	0.00860	0.01010	0.00724	0.01152	0.00649	0.00580	0.01268	0.01021	0.04869	0.00905	0.01032	0.00738	0.00369	0.00364	0.00075	0.00361	0.00295	0.00300	0.82374
9	0.01227	0.01345	0.01549	0.01317	0.01402	0.18569	0.05982	0.01356	0.00904	0.01195	0.00683	0.01036	0.00640	0.00745	0.01277	0.00190	0.59408	0.00409	0.00222	0.00545
10	0.00654	0.00494	0.00607	0.00625	0.00727	0.00460	0.00451	0.00864	0.04718	0.01576	0.34542	0.30853	0.19224	0.01204	0.00584	0.00170	0.00257	0.01063	0.00486	0.00440
11	0.00637	0.00463	0.00600	0.00661	0.00732	0.00431	0.00476	0.00773	0.01068	0.01432	0.21752	0.44863	0.10757	0.03761	0.00663	0.00194	0.00289	0.09570	0.00465	0.00414
12	0.00668	0.00464	0.00546	0.00580	0.00606	0.00450	0.00363	0.00711	0.00814	0.01070	0.02147	0.23595	0.08635	0.51605	0.01754	0.00363	0.00402	0.04538	0.00354	0.00336
13	0.00641	0.00457	0.00577	0.00616	0.00696	0.00421	0.00436	0.00789	0.01109	0.01527	0.29669	0.40875	0.12580	0.01240	0.00579	0.00172	0.00255	0.01103	0.05835	0.00421
14	0.01065	0.01074	0.01732	0.14724	0.10933	0.01342	0.12192	0.01271	0.00879	0.01282	0.00754	0.01150	0.00667	0.00678	0.01135	0.00189	0.47690	0.00447	0.00221	0.00577
15	0.01779	0.02118	0.01344	0.01208	0.01469	0.68831	0.00914	0.04626	0.07424	0.04544	0.00906	0.00988	0.00721	0.00519	0.00445	0.00130	0.00805	0.00342	0.00291	0.00597
16	0.01088	0.01038	0.01748	0.34587	0.40658	0.01150	0.03673	0.02902	0.01053	0.01448	0.00882	0.01231	0.00711	0.00479	0.00549	0.00156	0.05319	0.00435	0.00233	0.00659
17	0.03268	0.00779	0.00976	0.00783	0.01087	0.00727	0.00636	0.07227	0.04531	0.50408	0.05366	0.01731	0.01338	0.00609	0.00457	0.00143	0.00371	0.00493	0.18349	0.00722
18	0.02112	0.02410	0.20070	0.03775	0.19397	0.01187	0.28118	0.01541	0.05909	0.01539	0.00981	0.01265	0.00773	0.02456	0.00628	0.00167	0.06271	0.00473	0.00249	0.00679
19	0.00905	0.00766	0.00956	0.18338	0.01467	0.05738	0.00764	0.01130	0.03503	0.04172	0.05594	0.25989	0.04062	0.01004	0.02500	0.00180	0.02974	0.08451	0.00365	0.11144
20	0.01161	0.03187	0.18549	0.08902	0.01941	0.01144	0.21708	0.16116	0.02539	0.03159	0.01297	0.07826	0.04165	0.00682	0.02486	0.00175	0.03441	0.00554	0.00313	0.00653
21	0.01255	0.70334	0.04666	0.00864	0.01249	0.04261	0.00849	0.01423	0.00995	0.01178	0.03137	0.00923	0.00764	0.00561	0.03141	0.00134	0.03139	0.00297	0.00221	0.00608
22	0.00702	0.00470	0.00534	0.00536	0.00538	0.00471	0.00303	0.00707	0.00710	0.00949	0.01542	0.04535	0.01776	0.79972	0.03993	0.00471	0.00483	0.00713	0.00296	0.00298
23	0.01195	0.01162	0.10476	0.01033	0.01340	0.02913	0.02999	0.15381	0.29835	0.03812	0.03709	0.07320	0.03350	0.00790	0.00527	0.00169	0.00470	0.12404	0.00438	0.00676
24	0.01047	0.00919	0.01151	0.00917	0.03654	0.02211	0.06725	0.04008	0.08936	0.01650	0.01293	0.01405	0.05954	0.00528	0.01839	0.00114	0.00423	0.00404	0.03888	0.52932
25	0.01485	0.05229	0.16427	0.07653	0.05663	0.05034	0.09287	0.22506	0.03915	0.14180	0.01139	0.01226	0.00814	0.00526	0.00508	0.00150	0.02735	0.00432	0.00361	0.00729
26	0.01417	0.01261	0.01564	0.09716	0.10879	0.13280	0.11115	0.14615	0.09985	0.09409	0.01256	0.01428	0.02631	0.00663	0.03070	0.00174	0.05008	0.01502	0.00350	0.00677
27	0.00763	0.00644	0.00962	0.09043	0.06623	0.00634	0.07286	0.00957	0.02106	0.01387	0.13578	0.14748	0.18947	0.13450	0.00858	0.00216	0.00412	0.06540	0.00383	0.00463
28	0.01199	0.05447	0.26568	0.05053	0.27645	0.02901	0.08283	0.03366	0.02956	0.06757	0.01001	0.01233	0.00774	0.00488	0.00511	0.00151	0.03141	0.01547	0.00265	0.00714
29	0.00965	0.00973	0.07080	0.18667	0.09044	0.02315	0.03045	0.02974	0.17792	0.01565	0.03937	0.08400	0.10539	0.00776	0.00522	0.00166	0.00481	0.07836	0.02329	0.00592
30	0.00759	0.00572	0.00778	0.00837	0.00957	0.00567	0.02459	0.01026	0.05997	0.01468	0.07168	0.18697	0.09201	0.01277	0.00633	0.00204	0.00392	0.46097	0.00451	0.00459
31	0.01232	0.13342	0.08535	0.02619	0.14621	0.03243	0.38647	0.07732	0.02379	0.01612	0.00939	0.01176	0.00729	0.00438	0.00498	0.00148	0.00697	0.00468	0.00258	0.00684
32	0.01234	0.17619	0.19850	0.07436	0.16314	0.09219	0.11906	0.06184	0.01147	0.01497	0.00854	0.01061	0.00677	0.00461	0.00478	0.00142	0.02619	0.00389	0.00240	0.00673
33	0.03469	0.00643	0.00857	0.00850	0.04121	0.00635	0.05160	0.03448	0.05748	0.03505	0.11925	0.15086	0.11905	0.19678	0.01001	0.00242	0.00398	0.10453	0.00406	0.00469
34	0.00665	0.00494	0.00702	0.00726	0.00799	0.00542	0.00541	0.00806	0.00823	0.01147	0.01796	0.19006	0.05949	0.08048	0.54911	0.00604	0.00976	0.00738	0.00312	0.00414
35	0.02747	0.02530	0.04913	0.20839	0.23013	0.16231	0.01147	0.05406	0.04591	0.04723	0.03333	0.03903	0.03436	0.00557	0.00477	0.00148	0.00604	0.00468	0.00294	0.00639
36	0.06584	0.03559	0.04593	0.03061	0.29538	0.05581	0.08545	0.04464	0.01132	0.08847	0.01308	0.07893	0.03475	0.00738	0.03809	0.00180	0.02852	0.02870	0.00314	0.00656
37	0.00891	0.00590	0.00723	0.00710	0.00837	0.00580	0.00517	0.03433	0.10228	0.09211	0.18075	0.30863	0.07453	0.10053	0.00778	0.00207	0.00327	0.03556	0.00470	0.00497
38	0.00749	0.00519	0.00607	0.00598	0.00630	0.00538	0.00372	0.03174	0.03220	0.01074	0.01549	0.06234	0.01717	0.64745	0.11883	0.00477	0.00563	0.00697	0.00308	0.00346
39	0.09854	0.03705	0.03211	0.06614	0.11814	0.06128	0.09177	0.16364	0.02495	0.11602	0.01291	0.09756	0.02081	0.00629	0.00516	0.00155	0.03050	0.00531	0.00363	0.00665
40	0.06624	0.13275	0.01792	0.14174	0.18315	0.04627	0.09733	0.12449	0.05681	0.01704	0.00942	0.01142	0.00745	0.00482	0.00480	0.00143	0.02848	0.00407	0.00287	0.04151
41	0.01714	0.01294	0.01382	0.01089	0.01454	0.01443	0.00890	0.63074	0.17744	0.02847	0.01326	0.01293	0.00956	0.00597	0.00486	0.00149	0.00503	0.00459	0.00486	0.00813
42	0.09731	0.01220	0.01702	0.28322	0.20385	0.12549	0.13386	0.01491	0.02694	0.01470	0.00877	0.01170	0.00690	0.00468	0.00489	0.00152	0.01920	0.00422	0.00245	0.00616
43	0.00607	0.00432	0.00574	0.00682	0.00713	0.00407	0.00463	0.00696	0.00930	0.01237	0.02617	0.74743	0.03120	0.04913	0.00699	0.00210	0.00299	0.05825	0.00443	0.00393
44	0.01090	0.01200	0.04435	0.11038	0.07055	0.03630	0.37860	0.01402	0.01054	0.01454	0.03612	0.02365	0.00867	0.00526	0.00701	0.00162	0.14066	0.00509	0.00250	0.06725
45	0.00745	0.00619	0.00715	0.00778	0.05011	0.00608	0.00534	0.01115	0.16667	0.01442	0.03397	0.24110	0.36587	0.03263	0.00614	0.00180	0.00309	0.02367	0.00443	0.00494
46	0.01166	0.04649	0.05279	0.02863	0.07536	0.09596	0.14059	0.07302	0.05979	0.01469	0.01001	0.01330	0.00851	0.02997	0.14420	0.00275	0.17897	0.00459	0.00272	0.00601
47	0.01585	0.01223	0.01422	0.13041	0.05298	0.01369	0.00983	0.54021	0.09732	0.02590	0.03074	0.01308	0.00951	0.00578	0.00487	0.00150	0.00529	0.00457	0.00436	0.00765
48	0.71820	0.01035	0.00807	0.00706	0.01007	0.06367	0.00575	0.03189	0.00904	0.02072	0.00702	0.00821	0.00553	0.00458	0.00342	0.00144	0.02024	0.00274	0.00298	0.05903
49	0.00742	0.00620	0.00980	0.09003	0.01254	0.00616	0.09650	0.00941	0.01047	0.01379	0.08396	0.26569	0.12058	0.01301	0.05658	0.00224	0.00473	0.18231	0.00396	0.00460
50	0.39106	0.13900	0.01142	0.00780	0.01079	0.04836	0.00654	0.08922	0.04687	0.06809	0.01122	0.01219	0.04390	0.00835	0.08501	0.00206	0.00526	0.00369	0.00332	0.00586
51	0.00909	0.06416	0.03399	0.00793	0.00979	0.05715	0.00666	0.02883	0.03731	0.05076	0.05078	0.14863	0.21648	0.01107	0.00571	0.00179	0.00405	0.24664	0.00423	0.00495

[dist]
# distance from previous block
# <min> <max>
1	25

[block]
# block no. 9 follows, 52 sequences, length 13
# corresponding to MSA columns:
# 761,762,765-775
name=unknown_J
#
# <colnr> <probs for GDERKNQSTAVLIFYWHMCP>
#	G	D	E	R	K	N	Q	S	T	A	V	L	I	F	Y	W	H	M	C	P
0	0.07901	0.08578	0.24079	0.11101	0.04060	0.09608	0.01160	0.09184	0.06026	0.07433	0.00995	0.01128	0.00743	0.00535	0.00499	0.02587	0.01796	0.00379	0.00295	0.01912
1	0.12193	0.01081	0.06290	0.01024	0.03403	0.04739	0.11926	0.04889	0.01106	0.07146	0.01067	0.03545	0.00852	0.00476	0.00416	0.00122	0.00476	0.00405	0.09449	0.29397
2	0.00610	0.00461	0.00557	0.00605	0.00691	0.00417	0.00427	0.00728	0.01044	0.01354	0.14542	0.39642	0.27935	0.05491	0.00693	0.00194	0.00277	0.03472	0.00454	0.00404
3	0.01810	0.02310	0.01373	0.01248	0.01498	0.81024	0.00936	0.01935	0.01373	0.01186	0.00749	0.00874	0.00624	0.00499	0.00437	0.00125	0.00874	0.00312	0.00250	0.00562
4	0.00817	0.00580	0.00708	0.00728	0.00834	0.00573	0.00521	0.10342	0.03846	0.03857	0.08283	0.56378	0.08071	0.01288	0.00587	0.00182	0.00313	0.01146	0.00466	0.00478
5	0.00698	0.00473	0.00558	0.00563	0.00574	0.00481	0.00336	0.00721	0.00724	0.00975	0.01560	0.07097	0.01775	0.70125	0.10969	0.00490	0.00551	0.00719	0.00298	0.00314
6	0.00619	0.00443	0.00576	0.00649	0.00692	0.00419	0.00438	0.00718	0.00963	0.01297	0.12728	0.57841	0.05843	0.10082	0.04092	0.00242	0.00334	0.01193	0.00437	0.00394
7	0.00615	0.00467	0.00555	0.00613	0.00698	0.00424	0.00437	0.00720	0.00990	0.01255	0.03379	0.37078	0.31719	0.09955	0.00801	0.00216	0.00305	0.08948	0.00433	0.00394
8	0.01083	0.00859	0.01013	0.00727	0.01154	0.00650	0.00583	0.01296	0.01030	0.06812	0.00931	0.01048	0.00750	0.00375	0.00367	0.00077	0.00362	0.00300	0.00308	0.80273
9	0.01138	0.13465	0.35805	0.05413	0.04523	0.08071	0.01273	0.08783	0.01170	0.01562	0.02329	0.07385	0.00993	0.00591	0.00461	0.00148	0.00616	0.03557	0.00273	0.02443
10	0.00795	0.00727	0.03541	0.04484	0.03010	0.03499	0.00590	0.06055	0.02546	0.01496	0.13552	0.08375	0.36050	0.06462	0.04807	0.00213	0.00406	0.02504	0.00412	0.00475
11	0.03960	0.13756	0.06740	0.01268	0.12399	0.14006	0.02533	0.07176	0.07637	0.09000	0.06333	0.04052	0.01175	0.00816	0.06896	0.00191	0.00614	0.00462	0.00337	0.00649
12	0.07146	0.14214	0.15678	0.03260	0.13177	0.11562	0.01075	0.10468	0.02940	0.05804	0.01036	0.02656	0.02189	0.00507	0.00430	0.00135	0.00575	0.00389	0.00297	0.06461

[dist]
# distance from previous block
# <min> <max>
3	10

[block]
# block no. 10 follows, 52 sequences, length 27
# corresponding to MSA columns:
# 786-812
name=unknown_K
#
# <colnr> <probs for GDERKNQSTAVLIFYWHMCP>
#	G	D	E	R	K	N	Q	S	T	A	V	L	I	F	Y	W	H	M	C	P
0	0.01134	0.01040	0.05937	0.10914	0.10913	0.06886	0.00902	0.04354	0.17203	0.07009	0.05596	0.03504	0.07795	0.01914	0.05150	0.00194	0.00526	0.02344	0.06063	0.00621
1	0.26548	0.03139	0.07133	0.00753	0.00965	0.02793	0.00638	0.02091	0.00921	0.04580	0.04523	0.03128	0.04719	0.19048	0.08708	0.00288	0.03163	0.06053	0.00323	0.00484
2	0.03769	0.00987	0.01273	0.06128	0.01293	0.05523	0.01957	0.01168	0.00842	0.01267	0.00989	0.05770	0.02723	0.00959	0.05457	0.00222	0.51389	0.00490	0.07284	0.00512
3	0.01106	0.07320	0.16003	0.01143	0.08105	0.00972	0.04791	0.03396	0.07305	0.04139	0.01106	0.01221	0.03106	0.00459	0.00435	0.00116	0.01492	0.00379	0.00295	0.37111
4	0.14821	0.11235	0.02789	0.00980	0.03422	0.18131	0.00787	0.18955	0.01345	0.01884	0.00897	0.01003	0.00710	0.00476	0.00393	0.00122	0.00534	0.00334	0.05210	0.15972
5	0.00774	0.00910	0.16393	0.01999	0.01083	0.00634	0.03458	0.00969	0.00917	0.03363	0.01917	0.26657	0.06197	0.18854	0.11001	0.00315	0.00564	0.03191	0.00338	0.00466
6	0.14890	0.03827	0.30151	0.04579	0.12602	0.01091	0.02070	0.05438	0.05300	0.05988	0.03954	0.01218	0.00880	0.00569	0.02341	0.00162	0.00573	0.00398	0.00294	0.03676
7	0.01097	0.11103	0.34121	0.01473	0.13415	0.02195	0.05965	0.07120	0.02975	0.01572	0.01138	0.01435	0.03591	0.01717	0.04384	0.00184	0.02214	0.03364	0.00263	0.00673
8	0.00610	0.00463	0.00628	0.00688	0.00754	0.00425	0.02865	0.00717	0.00982	0.01293	0.06904	0.65003	0.14033	0.01415	0.00608	0.00189	0.00290	0.01276	0.00448	0.00407
9	0.00840	0.00558	0.00667	0.00643	0.00800	0.00510	0.00490	0.03074	0.03036	0.09995	0.21207	0.15566	0.31796	0.02440	0.00603	0.00173	0.00294	0.06340	0.00485	0.00483
10	0.01189	0.10345	0.16736	0.12188	0.19629	0.05257	0.08635	0.04169	0.01115	0.06705	0.01073	0.06670	0.00903	0.00616	0.02563	0.00165	0.00630	0.00476	0.00275	0.00662
11	0.01130	0.05878	0.06704	0.12274	0.30384	0.01154	0.16178	0.06512	0.01146	0.01580	0.03379	0.01431	0.03043	0.03070	0.00577	0.00160	0.02404	0.00483	0.01847	0.00663
12	0.00627	0.00440	0.00563	0.00648	0.00672	0.00420	0.00425	0.00696	0.00880	0.01172	0.02381	0.59524	0.02827	0.21814	0.01081	0.00266	0.00335	0.04445	0.00411	0.00371
13	0.00960	0.00907	0.01534	0.69493	0.15302	0.01088	0.01368	0.01277	0.00990	0.01292	0.00869	0.01278	0.00665	0.00476	0.00484	0.00159	0.00635	0.00431	0.00219	0.00574
14	0.01242	0.01165	0.08335	0.10198	0.04369	0.07001	0.07246	0.12873	0.09816	0.07500	0.01364	0.04118	0.02229	0.02807	0.02953	0.06864	0.02987	0.05969	0.00349	0.00615
15	0.02926	0.01121	0.01738	0.14185	0.21842	0.08974	0.19538	0.01355	0.01077	0.01424	0.01267	0.11395	0.02995	0.00649	0.00569	0.00163	0.04122	0.03782	0.00278	0.00601
16	0.00606	0.00485	0.00542	0.00544	0.00679	0.00421	0.00402	0.00753	0.01159	0.01475	0.25190	0.12932	0.50718	0.01194	0.00577	0.00164	0.00245	0.01022	0.00473	0.00421
17	0.00850	0.00698	0.00878	0.00846	0.00889	0.03015	0.00629	0.03027	0.00881	0.02583	0.01660	0.28393	0.01864	0.19894	0.07430	0.00304	0.21923	0.03466	0.00335	0.00436
18	0.63541	0.00952	0.00826	0.00737	0.01026	0.01084	0.00611	0.11345	0.03151	0.02202	0.00986	0.01390	0.00844	0.00573	0.00371	0.00158	0.00404	0.08893	0.00345	0.00561
19	0.01012	0.00691	0.00815	0.00742	0.00926	0.00700	0.00567	0.08017	0.15984	0.09354	0.31055	0.14117	0.08731	0.00931	0.00539	0.00159	0.00310	0.00805	0.03975	0.00569
20	0.01331	0.01149	0.01132	0.00939	0.01262	0.10274	0.00739	0.13716	0.30603	0.05323	0.04816	0.01521	0.02599	0.00575	0.00456	0.00132	0.00449	0.00458	0.00418	0.22108
21	0.00970	0.00913	0.01499	0.55885	0.18624	0.01056	0.01287	0.01267	0.00996	0.01328	0.01007	0.01368	0.03456	0.00503	0.00512	0.00154	0.03005	0.00443	0.00233	0.05492
22	0.01482	0.01515	0.01393	0.03763	0.04820	0.31673	0.03220	0.11703	0.02679	0.06047	0.03560	0.01275	0.02843	0.00738	0.03708	0.00178	0.18061	0.00427	0.00310	0.00607
23	0.01421	0.05469	0.01394	0.00979	0.01386	0.03119	0.08580	0.17559	0.01356	0.14998	0.01123	0.02248	0.00848	0.00473	0.00431	0.00114	0.00472	0.00394	0.00373	0.37261
24	0.00730	0.00506	0.00670	0.00754	0.00845	0.00483	0.00594	0.00882	0.01039	0.03813	0.02809	0.32941	0.11575	0.04519	0.00704	0.00214	0.00364	0.35683	0.00447	0.00429
25	0.01115	0.00922	0.01033	0.04402	0.01257	0.01061	0.00754	0.05067	0.54579	0.01879	0.01817	0.01958	0.01437	0.01047	0.10530	0.00240	0.00509	0.04377	0.05334	0.00683
26	0.01243	0.01136	0.01283	0.01042	0.01290	0.09559	0.03313	0.10094	0.07183	0.03823	0.02831	0.01203	0.00876	0.00599	0.00776	0.00143	0.24960	0.00402	0.02992	0.25254

[dist]
# distance from previous block
# <min> <max>
2	7

[block]
# block no. 11 follows, 52 sequences, length 6
# corresponding to MSA columns:
# 820-825
name=unknown_L
#
# <colnr> <probs for GDERKNQSTAVLIFYWHMCP>
#	G	D	E	R	K	N	Q	S	T	A	V	L	I	F	Y	W	H	M	C	P
0	0.00608	0.00429	0.00557	0.00653	0.00676	0.00405	0.00426	0.00679	0.00894	0.01192	0.02497	0.70561	0.02986	0.13909	0.00900	0.00238	0.00310	0.01275	0.00426	0.00378
1	0.01460	0.01167	0.01239	0.01038	0.01357	0.01324	0.00829	0.32823	0.48408	0.02437	0.01649	0.01551	0.01218	0.00627	0.00490	0.00157	0.00443	0.00503	0.00490	0.00790
2	0.00972	0.02507	0.80458	0.01381	0.02097	0.01125	0.01790	0.01535	0.01023	0.01535	0.00870	0.01023	0.00614	0.00460	0.00460	0.00153	0.00716	0.00358	0.00205	0.00716
3	0.01248	0.01200	0.08600	0.09794	0.50651	0.01105	0.01355	0.01660	0.08793	0.09190	0.01104	0.01296	0.00855	0.00478	0.00481	0.00149	0.00560	0.00442	0.00294	0.00747
4	0.11813	0.04215	0.01076	0.00947	0.01186	0.28800	0.00745	0.04335	0.14929	0.01573	0.01832	0.02210	0.12955	0.00741	0.00478	0.00154	0.00551	0.10533	0.00362	0.00566
5	0.00842	0.00421	0.00631	0.00631	0.00631	0.00421	0.00421	0.00631	0.00631	0.00842	0.00842	0.01473	0.00842	0.01684	0.01894	0.85901	0.00421	0.00421	0.00210	0.00210

[dist]
# distance from previous block
# <min> <max>
0	29

[block]
# block no. 12 follows, 52 sequences, length 11
# corresponding to MSA columns:
# 855-865
name=unknown_M
#
# <colnr> <probs for GDERKNQSTAVLIFYWHMCP>
#	G	D	E	R	K	N	Q	S	T	A	V	L	I	F	Y	W	H	M	C	P
0	0.00687	0.00471	0.00590	0.00608	0.00632	0.00482	0.00390	0.00734	0.00772	0.01050	0.03769	0.16137	0.01940	0.48889	0.17501	0.03324	0.00593	0.00776	0.00317	0.00339
1	0.00964	0.06482	0.23499	0.01176	0.01453	0.01165	0.05623	0.01236	0.00959	0.01397	0.11258	0.05466	0.02947	0.00812	0.02792	0.00190	0.31211	0.00524	0.00271	0.00574
2	0.00686	0.00491	0.00700	0.00728	0.00798	0.00531	0.00546	0.00802	0.00829	0.01143	0.01798	0.17485	0.05974	0.05689	0.46685	0.08246	0.00889	0.05267	0.00314	0.00400
3	0.03878	0.00594	0.00739	0.00688	0.00857	0.00561	0.00519	0.04224	0.01176	0.21954	0.13471	0.29607	0.02352	0.00959	0.00511	0.00159	0.00310	0.00833	0.16062	0.00546
4	0.06857	0.01164	0.01185	0.00975	0.01296	0.08785	0.00781	0.27730	0.15646	0.21914	0.01594	0.05607	0.02983	0.00647	0.00480	0.00151	0.00479	0.00509	0.00479	0.00739
