[name]
unknown

[dist]
# distance from previous block
# <min> <max>
2	71

[block]
# block no. 0 follows, 51 sequences, length 24
# corresponding to MSA columns:
# 72-95
name=unknown_A
#
# <colnr> <probs for GDERKNQSTAVLIFYWHMCP>
#	G	D	E	R	K	N	Q	S	T	A	V	L	I	F	Y	W	H	M	C	P
0	0.01179	0.05224	0.03029	0.05548	0.06139	0.05987	0.04616	0.13666	0.07017	0.01755	0.05452	0.11319	0.01311	0.00673	0.00541	0.01742	0.03312	0.00544	0.00351	0.20596
1	0.06217	0.03154	0.07198	0.01242	0.11825	0.06959	0.05743	0.08748	0.01173	0.05754	0.03439	0.27425	0.01693	0.02749	0.04246	0.00200	0.00533	0.00750	0.00366	0.00586
2	0.00635	0.00461	0.00593	0.00676	0.00731	0.00426	0.00464	0.00729	0.00948	0.01260	0.02676	0.63508	0.07578	0.08106	0.00771	0.00217	0.00312	0.05964	0.00437	0.03507
3	0.01533	0.06416	0.08259	0.01140	0.03036	0.09357	0.00964	0.33837	0.24059	0.02287	0.01306	0.01300	0.00972	0.00574	0.00473	0.00147	0.00543	0.00441	0.00418	0.02938
4	0.03052	0.14672	0.30771	0.01381	0.12388	0.02736	0.01260	0.06630	0.10217	0.04822	0.01121	0.04641	0.00900	0.00536	0.00452	0.00146	0.00578	0.00430	0.00298	0.02970
5	0.04282	0.15749	0.07977	0.02929	0.01327	0.01183	0.02685	0.14657	0.08587	0.03566	0.03869	0.01508	0.01088	0.01313	0.18912	0.02089	0.03780	0.01942	0.00330	0.02225
6	0.00990	0.00776	0.02847	0.00835	0.01042	0.01780	0.05121	0.07491	0.09004	0.06543	0.31489	0.07730	0.10397	0.00907	0.00569	0.00162	0.01849	0.04655	0.05255	0.00558
7	0.00711	0.05692	0.00774	0.00665	0.00810	0.00590	0.02222	0.00924	0.05652	0.01432	0.15167	0.23211	0.31736	0.04198	0.02214	0.00194	0.00327	0.02582	0.00442	0.00456
8	0.03499	0.03265	0.21854	0.08694	0.14584	0.12586	0.08447	0.08523	0.03063	0.02669	0.02568	0.04543	0.00908	0.00595	0.01955	0.00163	0.00670	0.00460	0.00283	0.00672
9	0.01073	0.02595	0.01348	0.07007	0.15724	0.07330	0.08188	0.04809	0.03970	0.03937	0.08337	0.14225	0.09468	0.00807	0.00559	0.00161	0.02424	0.03982	0.00363	0.03694
10	0.00599	0.00428	0.00570	0.00684	0.00713	0.00399	0.00456	0.00684	0.00941	0.01254	0.02709	0.82409	0.03250	0.01540	0.00627	0.00200	0.00285	0.01397	0.00456	0.00399
11	0.04355	0.01350	0.09855	0.17090	0.05843	0.13214	0.10025	0.06198	0.04467	0.07650	0.01125	0.05174	0.00934	0.04907	0.00666	0.00176	0.05552	0.00491	0.00305	0.00623
12	0.04364	0.02838	0.01780	0.14196	0.26839	0.02611	0.13358	0.12072	0.01282	0.08010	0.02712	0.02905	0.02681	0.00534	0.00514	0.00154	0.01641	0.00494	0.00320	0.00696
13	0.01258	0.01291	0.01574	0.20960	0.24859	0.18425	0.03373	0.02890	0.03027	0.02986	0.05028	0.01332	0.00948	0.00634	0.02932	0.00172	0.06963	0.00445	0.00271	0.00631
14	0.13276	0.10491	0.01649	0.13075	0.23356	0.20373	0.03898	0.01553	0.01100	0.01483	0.00824	0.01055	0.00679	0.00478	0.00468	0.00142	0.03214	0.00370	0.01889	0.00626
15	0.00599	0.00497	0.00514	0.00511	0.00662	0.00423	0.00377	0.00725	0.01119	0.01361	0.11332	0.04541	0.68006	0.06316	0.00701	0.00184	0.00262	0.01004	0.00454	0.00412
16	0.03092	0.00783	0.03971	0.00793	0.00939	0.03008	0.02285	0.07178	0.06762	0.01450	0.04440	0.05612	0.05019	0.24741	0.17343	0.01909	0.03018	0.01883	0.05298	0.00476
17	0.01251	0.01030	0.01105	0.00975	0.01244	0.01171	0.00761	0.12895	0.58913	0.02140	0.06714	0.04214	0.01638	0.00731	0.00546	0.02458	0.00398	0.00582	0.00492	0.00740
18	0.00747	0.00623	0.02344	0.04042	0.05808	0.00570	0.00584	0.02498	0.02893	0.01730	0.44116	0.07516	0.20676	0.02939	0.00613	0.00167	0.00303	0.00871	0.00472	0.00488
19	0.04855	0.03960	0.03012	0.02975	0.01014	0.05328	0.03193	0.01023	0.02322	0.01402	0.14470	0.22596	0.06678	0.07269	0.13668	0.00292	0.04300	0.00805	0.00369	0.00469
20	0.01229	0.50178	0.20090	0.01184	0.04748	0.03202	0.08407	0.01539	0.02912	0.01327	0.00801	0.00940	0.00667	0.00439	0.00389	0.00126	0.00606	0.00331	0.00222	0.00664
21	0.00692	0.00470	0.00546	0.00563	0.00576	0.00462	0.00332	0.00718	0.00790	0.01054	0.05075	0.16175	0.04031	0.64106	0.02069	0.00410	0.00430	0.00841	0.00338	0.00324
22	0.00765	0.00635	0.00670	0.00699	0.00807	0.07064	0.00511	0.00904	0.01124	0.03142	0.17732	0.35106	0.20040	0.01295	0.02103	0.00189	0.00350	0.05966	0.00455	0.00443
23	0.01192	0.09003	0.04270	0.11326	0.09846	0.04853	0.14978	0.09719	0.02468	0.04328	0.03451	0.05344	0.04707	0.00661	0.00557	0.00160	0.03780	0.06866	0.00325	0.02168

[dist]
# distance from previous block
# <min> <max>
1	15

[block]
# block no. 1 follows, 51 sequences, length 11
# corresponding to MSA columns:
# 112-122
name=unknown_B
#
# <colnr> <probs for GDERKNQSTAVLIFYWHMCP>
#	G	D	E	R	K	N	Q	S	T	A	V	L	I	F	Y	W	H	M	C	P
0	0.01356	0.47109	0.05313	0.01092	0.06786	0.07678	0.00929	0.06566	0.09845	0.02705	0.00920	0.01008	0.00765	0.00480	0.00412	0.00124	0.02544	0.00336	0.00276	0.03758
1	0.03233	0.06635	0.03942	0.00929	0.01247	0.06971	0.02621	0.15017	0.10381	0.07019	0.04919	0.05652	0.04424	0.00633	0.00497	0.00137	0.03407	0.00500	0.05701	0.16133
2	0.03396	0.18629	0.32222	0.03836	0.10316	0.01256	0.07273	0.02869	0.03378	0.03051	0.02049	0.03114	0.03090	0.00513	0.00450	0.00144	0.00605	0.00425	0.00259	0.03124
3	0.01158	0.04030	0.09026	0.07574	0.44556	0.04279	0.03797	0.04477	0.03296	0.01569	0.01126	0.08825	0.01021	0.02489	0.00541	0.00160	0.00582	0.00524	0.00276	0.00696
4	0.00635	0.00491	0.00638	0.00773	0.04993	0.00451	0.00506	0.00747	0.01003	0.01300	0.03173	0.55604	0.22096	0.01399	0.00610	0.00189	0.00299	0.04220	0.00445	0.00426
5	0.03697	0.00972	0.08423	0.02951	0.03025	0.00882	0.03057	0.08090	0.10505	0.09284	0.07847	0.04057	0.11364	0.00880	0.00609	0.00176	0.05083	0.16902	0.01590	0.00606
6	0.03154	0.01293	0.08532	0.07333	0.21666	0.10207	0.03001	0.07443	0.13034	0.01682	0.04227	0.04445	0.04581	0.00738	0.03721	0.00181	0.03254	0.00516	0.00327	0.00666
7	0.00799	0.00654	0.00746	0.03483	0.03122	0.03305	0.00547	0.03242	0.02940	0.03163	0.04925	0.18222	0.33167	0.10005	0.04070	0.00229	0.04424	0.00904	0.01593	0.00459
8	0.01198	0.00908	0.00999	0.00899	0.01138	0.01005	0.00695	0.09414	0.45005	0.06656	0.02064	0.10060	0.05778	0.00927	0.03747	0.03140	0.00418	0.00642	0.04627	0.00680
9	0.22600	0.09412	0.03243	0.03913	0.11766	0.21724	0.03722	0.08015	0.01206	0.06172	0.00869	0.01007	0.00682	0.00496	0.00454	0.00143	0.03289	0.00354	0.00297	0.00636
10	0.00649	0.00501	0.00700	0.00733	0.00814	0.00465	0.04653	0.00766	0.00991	0.01298	0.05152	0.53943	0.14654	0.06630	0.00740	0.00211	0.00330	0.05919	0.00437	0.00415

[dist]
# distance from previous block
# <min> <max>
0	7

[block]
# block no. 2 follows, 51 sequences, length 8
# corresponding to MSA columns:
# 132-139
name=unknown_C
#
# <colnr> <probs for GDERKNQSTAVLIFYWHMCP>
#	G	D	E	R	K	N	Q	S	T	A	V	L	I	F	Y	W	H	M	C	P
0	0.02790	0.04603	0.04316	0.03955	0.01027	0.00657	0.03136	0.04282	0.01046	0.04654	0.03788	0.41647	0.10035	0.06559	0.02947	0.00216	0.00408	0.03047	0.00408	0.00478
1	0.01224	0.12441	0.27017	0.05298	0.07347	0.03031	0.08981	0.05089	0.07169	0.07977	0.04051	0.01399	0.00987	0.00545	0.00514	0.00153	0.03290	0.02492	0.00304	0.00693
2	0.00680	0.00512	0.00607	0.03954	0.00826	0.00463	0.00469	0.00819	0.01105	0.04108	0.12429	0.21710	0.43159	0.03295	0.00637	0.00182	0.00291	0.03860	0.00457	0.00435
3	0.01124	0.01074	0.01807	0.23586	0.48039	0.01120	0.05036	0.01463	0.03649	0.01526	0.00946	0.01254	0.00765	0.00454	0.00485	0.00148	0.00594	0.00439	0.00249	0.06243
4	0.01234	0.04114	0.06362	0.11509	0.23515	0.11824	0.15554	0.03398	0.06254	0.01529	0.03157	0.01277	0.00871	0.00516	0.00580	0.00155	0.06755	0.00458	0.00268	0.00668
5	0.01225	0.13528	0.19438	0.04009	0.04227	0.10863	0.04996	0.05914	0.13750	0.01600	0.03653	0.01292	0.00965	0.00633	0.02550	0.00165	0.06632	0.00424	0.03475	0.00660
6	0.00710	0.00497	0.00570	0.00585	0.00706	0.00438	0.00415	0.00818	0.01053	0.06413	0.06319	0.26956	0.41481	0.09801	0.00789	0.00207	0.00294	0.01068	0.00453	0.00427
7	0.03808	0.00683	0.00815	0.02555	0.03522	0.00697	0.00592	0.06376	0.11155	0.07041	0.07155	0.20594	0.15605	0.08583	0.04063	0.00225	0.00401	0.03295	0.02306	0.00530

[dist]
# distance from previous block
# <min> <max>
0	1

[block]
# block no. 3 follows, 51 sequences, length 6
# corresponding to MSA columns:
# 141-146
name=unknown_D
#
# <colnr> <probs for GDERKNQSTAVLIFYWHMCP>
#	G	D	E	R	K	N	Q	S	T	A	V	L	I	F	Y	W	H	M	C	P
0	0.01194	0.08673	0.01611	0.09738	0.19360	0.08412	0.08643	0.08888	0.01177	0.03424	0.01236	0.12699	0.01173	0.05406	0.04329	0.00202	0.02334	0.00580	0.00306	0.00616
1	0.00920	0.00643	0.00772	0.00720	0.00838	0.02611	0.00529	0.05237	0.00957	0.05952	0.01618	0.06267	0.05008	0.24340	0.27235	0.00447	0.03229	0.00614	0.07794	0.04266
2	0.26159	0.01095	0.01076	0.00959	0.04660	0.05597	0.00721	0.28455	0.03545	0.04947	0.01269	0.01462	0.05179	0.07040	0.00680	0.05227	0.00479	0.00442	0.00383	0.00626
3	0.31577	0.00876	0.00944	0.00857	0.04948	0.00911	0.00648	0.07179	0.01157	0.14406	0.10380	0.01751	0.09240	0.00643	0.00486	0.00149	0.04293	0.00484	0.00401	0.08669
4	0.01092	0.07614	0.06336	0.05655	0.10249	0.02238	0.06725	0.10371	0.05496	0.03099	0.05455	0.07128	0.07799	0.11133	0.00753	0.00192	0.00500	0.01892	0.02141	0.04132
5	0.00957	0.06788	0.01287	0.04067	0.12688	0.00845	0.06750	0.03348	0.03649	0.01620	0.17124	0.07278	0.10161	0.00801	0.02481	0.00156	0.00442	0.02118	0.00365	0.17074

[dist]
# distance from previous block
# <min> <max>
15	47

[block]
# block no. 4 follows, 51 sequences, length 6
# corresponding to MSA columns:
# 197-202
name=unknown_E
#
# <colnr> <probs for GDERKNQSTAVLIFYWHMCP>
#	G	D	E	R	K	N	Q	S	T	A	V	L	I	F	Y	W	H	M	C	P
0	0.00615	0.00442	0.00567	0.00653	0.00694	0.00412	0.00436	0.00704	0.00960	0.01276	0.07598	0.64361	0.08482	0.09365	0.00803	0.00221	0.00298	0.01274	0.00446	0.00394
1	0.01368	0.74724	0.02453	0.00885	0.01288	0.10053	0.00852	0.01522	0.01039	0.01161	0.00691	0.00798	0.00631	0.00429	0.00328	0.00107	0.00563	0.00268	0.00215	0.00624
2	0.03285	0.14612	0.12929	0.01234	0.06394	0.21686	0.04721	0.08754	0.01278	0.10000	0.01187	0.05012	0.03260	0.00658	0.02760	0.00159	0.00655	0.00443	0.00316	0.00656
3	0.00689	0.00479	0.00611	0.00670	0.00752	0.00441	0.00482	0.00814	0.01054	0.04160	0.12668	0.46548	0.15467	0.04224	0.00680	0.00199	0.00301	0.08867	0.00466	0.00427
4	0.00645	0.00474	0.00597	0.00682	0.00732	0.00457	0.00460	0.00807	0.05766	0.01286	0.02711	0.67141	0.07429	0.07402	0.00754	0.00216	0.00303	0.01274	0.00447	0.00416
5	0.23106	0.08120	0.10413	0.04811	0.10227	0.14660	0.03518	0.12156	0.01249	0.06156	0.00902	0.01027	0.00687	0.00488	0.00421	0.00144	0.00590	0.00359	0.00307	0.00660

[dist]
# distance from previous block
# <min> <max>
4	22

[block]
# block no. 5 follows, 51 sequences, length 28
# corresponding to MSA columns:
# 226-253
name=unknown_F
#
# <colnr> <probs for GDERKNQSTAVLIFYWHMCP>
#	G	D	E	R	K	N	Q	S	T	A	V	L	I	F	Y	W	H	M	C	P
0	0.01221	0.00950	0.01067	0.02614	0.04546	0.02904	0.00713	0.09166	0.26127	0.06676	0.04385	0.01685	0.02769	0.03882	0.01547	0.00155	0.00419	0.00484	0.07765	0.20925
1	0.66968	0.00948	0.00856	0.04468	0.04431	0.01085	0.00634	0.03400	0.00906	0.02088	0.00759	0.00909	0.00597	0.00474	0.00371	0.00150	0.02986	0.00300	0.03736	0.03936
2	0.01300	0.04708	0.07380	0.08896	0.09790	0.13899	0.15710	0.10572	0.06997	0.01628	0.01039	0.01352	0.00848	0.02118	0.02008	0.00175	0.08224	0.02411	0.00292	0.00654
3	0.00637	0.00504	0.00568	0.00585	0.00716	0.00447	0.00435	0.01933	0.01136	0.01434	0.14917	0.18139	0.47252	0.03277	0.00641	0.00182	0.00276	0.06030	0.00465	0.00425
4	0.00802	0.00573	0.00752	0.00746	0.00846	0.00622	0.00562	0.03694	0.07044	0.01320	0.01877	0.13494	0.08919	0.02222	0.32798	0.13451	0.02094	0.02701	0.05043	0.00440
5	0.00997	0.05279	0.77544	0.01382	0.02098	0.01169	0.01783	0.01553	0.01036	0.01543	0.00875	0.01029	0.00623	0.00465	0.00462	0.00154	0.00719	0.00360	0.00208	0.00723
6	0.00616	0.00478	0.00539	0.00563	0.00667	0.00425	0.00394	0.00726	0.01052	0.01331	0.12272	0.23711	0.41767	0.12198	0.00849	0.00215	0.00286	0.01067	0.00445	0.00401
7	0.00923	0.00513	0.00543	0.00526	0.00649	0.00524	0.00396	0.04959	0.01063	0.01776	0.01690	0.01986	0.04397	0.04561	0.07485	0.00193	0.00352	0.00498	0.66499	0.00466
8	0.86201	0.00950	0.00722	0.00646	0.00950	0.01102	0.00532	0.01445	0.00836	0.02205	0.00684	0.00798	0.00532	0.00456	0.00304	0.00152	0.00380	0.00266	0.00304	0.00532
9	0.00957	0.04484	0.05664	0.00958	0.04345	0.00786	0.05879	0.08629	0.02896	0.02582	0.05666	0.25576	0.05892	0.05585	0.03504	0.00194	0.00452	0.00774	0.02590	0.12586
10	0.01567	0.01127	0.04050	0.02113	0.01374	0.01083	0.00811	0.33185	0.07895	0.15203	0.03293	0.01356	0.01027	0.00550	0.00459	0.00132	0.00457	0.00433	0.03081	0.20804
11	0.35488	0.07012	0.01181	0.00865	0.01218	0.03235	0.00722	0.23788	0.01411	0.19095	0.01099	0.01098	0.00777	0.00526	0.00404	0.00147	0.00458	0.00367	0.00416	0.00693
12	0.01524	0.01064	0.01142	0.00919	0.01218	0.02953	0.00743	0.44332	0.03340	0.08194	0.12431	0.01823	0.05049	0.00676	0.00487	0.00145	0.00437	0.00537	0.12283	0.00705
13	0.86201	0.00950	0.00722	0.00646	0.00950	0.01102	0.00532	0.01445	0.00836	0.02205	0.00684	0.00798	0.00532	0.00456	0.00304	0.00152	0.00380	0.00266	0.00304	0.00532
14	0.01216	0.01168	0.01995	0.03016	0.79664	0.01168	0.01508	0.01508	0.01119	0.01605	0.00924	0.01216	0.00778	0.00438	0.00487	0.00146	0.00584	0.00438	0.00243	0.00778
15	0.01304	0.01085	0.01151	0.01010	0.01298	0.01242	0.00792	0.14606	0.63886	0.02195	0.01893	0.04484	0.01454	0.00684	0.00503	0.00165	0.00410	0.00566	0.00497	0.00774
16	0.01117	0.01267	0.05579	0.01815	0.02240	0.01179	0.58645	0.03233	0.03546	0.01577	0.01177	0.06537	0.01000	0.00560	0.00634	0.00172	0.05151	0.03650	0.00279	0.00641
17	0.00625	0.00453	0.00576	0.00664	0.00714	0.00423	0.00458	0.00719	0.00956	0.01251	0.02864	0.57864	0.12631	0.09935	0.00821	0.00226	0.00315	0.07670	0.00439	0.00395
18	0.01027	0.00554	0.00628	0.00598	0.00737	0.00563	0.00461	0.02608	0.03751	0.08959	0.05494	0.08187	0.01614	0.00715	0.00455	0.00137	0.03046	0.03574	0.56386	0.00509
19	0.00813	0.00691	0.00855	0.00894	0.02943	0.03911	0.00645	0.00998	0.05642	0.01278	0.02014	0.38321	0.03412	0.09143	0.07060	0.00268	0.13801	0.06477	0.00376	0.00459
20	0.01323	0.01070	0.01272	0.01078	0.01373	0.03089	0.07786	0.05592	0.55367	0.08685	0.01772	0.01703	0.01320	0.00692	0.00587	0.05105	0.00452	0.00534	0.00464	0.00737
21	0.00635	0.00493	0.00571	0.00608	0.00711	0.00451	0.00432	0.00795	0.03836	0.01366	0.10613	0.32495	0.35114	0.06670	0.00723	0.00199	0.00286	0.03126	0.00455	0.00420
22	0.03547	0.00812	0.01037	0.00847	0.01162	0.00750	0.00686	0.07302	0.05066	0.52951	0.02206	0.09249	0.07869	0.00770	0.00516	0.00161	0.00400	0.03373	0.00557	0.00739
23	0.01185	0.00737	0.00934	0.00952	0.08493	0.01692	0.00665	0.04577	0.06159	0.20524	0.15513	0.07810	0.19273	0.01988	0.00568	0.00166	0.00364	0.05115	0.02683	0.00602
24	0.01723	0.02113	0.01396	0.01302	0.04270	0.66936	0.00960	0.03711	0.01341	0.01282	0.00793	0.00951	0.00664	0.00537	0.00538	0.00135	0.07471	0.00338	0.02962	0.00577
25	0.00951	0.00625	0.00703	0.00646	0.00802	0.02217	0.00475	0.04005	0.04299	0.11198	0.21205	0.06561	0.22545	0.16210	0.00908	0.00217	0.00338	0.00803	0.04800	0.00492
26	0.01393	0.00715	0.00903	0.00768	0.01013	0.00671	0.00605	0.05114	0.07819	0.33270	0.25670	0.08195	0.07052	0.00835	0.00530	0.00157	0.00338	0.00712	0.03593	0.00649
27	0.02334	0.00899	0.04252	0.05947	0.06954	0.02126	0.04048	0.13404	0.04411	0.07841	0.02944	0.21685	0.11534	0.00927	0.00600	0.03284	0.01672	0.00763	0.03789	0.00584

[dist]
# distance from previous block
# <min> <max>
1	5

[block]
# block no. 6 follows, 51 sequences, length 10
# corresponding to MSA columns:
# 261-270
name=unknown_G
#
# <colnr> <probs for GDERKNQSTAVLIFYWHMCP>
#	G	D	E	R	K	N	Q	S	T	A	V	L	I	F	Y	W	H	M	C	P
0	0.05418	0.18990	0.03091	0.01439	0.16072	0.12059	0.07118	0.09931	0.01222	0.01614	0.03313	0.05280	0.00948	0.00552	0.00507	0.00139	0.05122	0.00438	0.00289	0.06458
1	0.12886	0.01145	0.04105	0.05584	0.03988	0.08270	0.10620	0.13452	0.04459	0.07652	0.04929	0.01839	0.09939	0.06491	0.00654	0.00178	0.02289	0.00535	0.00367	0.00615
2	0.01105	0.08863	0.10789	0.01209	0.09254	0.08914	0.05567	0.02896	0.09588	0.02862	0.06876	0.05312	0.12388	0.00744	0.01705	0.00160	0.04903	0.00574	0.01928	0.04362
3	0.00814	0.00565	0.00704	0.00655	0.00802	0.00535	0.00496	0.01123	0.07735	0.06490	0.58718	0.05891	0.11589	0.00994	0.00570	0.00158	0.00259	0.00868	0.00531	0.00505
4	0.00829	0.02760	0.02778	0.06510	0.01111	0.00863	0.00740	0.00937	0.00861	0.01199	0.03851	0.22721	0.05903	0.07955	0.08348	0.06301	0.24819	0.00753	0.00311	0.00449
5	0.00700	0.00514	0.00719	0.00717	0.00790	0.00570	0.00531	0.00840	0.00819	0.01153	0.05765	0.02396	0.04333	0.20068	0.57071	0.00667	0.01042	0.00604	0.00293	0.00410
6	0.00674	0.00501	0.00560	0.00553	0.00684	0.00441	0.00399	0.00802	0.01115	0.03975	0.18441	0.10400	0.46651	0.11630	0.00827	0.00206	0.00283	0.00978	0.00457	0.00422
7	0.01314	0.83025	0.02575	0.00841	0.01261	0.01945	0.00841	0.01472	0.00999	0.01156	0.00683	0.00788	0.00631	0.00420	0.00315	0.00105	0.00526	0.00263	0.00210	0.00631
8	0.01317	0.01023	0.01098	0.00968	0.01251	0.01158	0.00758	0.06528	0.64446	0.08217	0.01930	0.01786	0.01430	0.00653	0.00491	0.00162	0.00391	0.00540	0.05086	0.00768
9	0.01307	0.01237	0.01918	0.02756	0.68650	0.04495	0.01428	0.09147	0.01249	0.01737	0.00943	0.01199	0.00778	0.00456	0.00485	0.00145	0.00592	0.00433	0.00268	0.00775

[dist]
# distance from previous block
# <min> <max>
0	1

[block]
# block no. 7 follows, 51 sequences, length 14
# corresponding to MSA columns:
# 272-285
name=unknown_H
#
# <colnr> <probs for GDERKNQSTAVLIFYWHMCP>
#	G	D	E	R	K	N	Q	S	T	A	V	L	I	F	Y	W	H	M	C	P
0	0.18039	0.01092	0.01263	0.13000	0.10424	0.11594	0.04209	0.01420	0.03167	0.03385	0.01011	0.04189	0.00866	0.00888	0.08512	0.00221	0.10703	0.00442	0.05004	0.00569
1	0.03261	0.67225	0.08787	0.00945	0.01380	0.06612	0.03258	0.01511	0.01027	0.01228	0.00713	0.00831	0.00631	0.00430	0.00343	0.00113	0.00570	0.00284	0.00216	0.00633
2	0.00706	0.00478	0.00534	0.00534	0.00544	0.00473	0.00302	0.00714	0.00740	0.00976	0.01763	0.03311	0.06645	0.77633	0.02381	0.00457	0.00462	0.00735	0.00308	0.00305
3	0.01548	0.01274	0.03303	0.04862	0.01522	0.05939	0.05242	0.45813	0.04779	0.02416	0.01188	0.01352	0.00908	0.04343	0.00626	0.00164	0.04581	0.00458	0.08966	0.00715
4	0.18563	0.00877	0.01014	0.06467	0.01271	0.00876	0.00687	0.09977	0.02835	0.31154	0.01603	0.01653	0.05893	0.05385	0.00564	0.00165	0.00424	0.00469	0.02400	0.07722
5	0.01243	0.02912	0.08087	0.07933	0.14432	0.06100	0.06761	0.18128	0.09069	0.01892	0.07188	0.05779	0.04140	0.01915	0.00541	0.00161	0.00551	0.02131	0.00364	0.00673
6	0.00948	0.00890	0.01483	0.65855	0.10860	0.01084	0.01321	0.01249	0.00984	0.01287	0.00959	0.05314	0.00796	0.00555	0.00550	0.00166	0.04420	0.00484	0.00233	0.00562
7	0.00689	0.00491	0.00596	0.00613	0.00712	0.00462	0.00440	0.00817	0.01028	0.03212	0.13529	0.21975	0.25587	0.11931	0.10267	0.00284	0.00417	0.02614	0.03918	0.00418
8	0.01203	0.01451	0.13641	0.03943	0.18774	0.09384	0.19259	0.07810	0.01224	0.01636	0.04951	0.05408	0.01097	0.00590	0.00582	0.00160	0.05260	0.02674	0.00290	0.00663
9	0.03182	0.09731	0.09938	0.05912	0.12194	0.03806	0.20911	0.11478	0.03499	0.01704	0.01245	0.01611	0.04381	0.00571	0.00534	0.00157	0.02824	0.05356	0.00300	0.00667
10	0.00651	0.00526	0.00618	0.00681	0.03037	0.00470	0.00510	0.00803	0.01114	0.01379	0.06209	0.11597	0.51286	0.01266	0.00604	0.00181	0.00307	0.17875	0.00452	0.00434
11	0.00625	0.00447	0.00599	0.00704	0.00746	0.00420	0.00492	0.00734	0.00987	0.01319	0.07178	0.69742	0.03287	0.01489	0.00630	0.00200	0.00300	0.09234	0.00461	0.00409
12	0.01098	0.08434	0.17800	0.10335	0.17306	0.09025	0.03022	0.01405	0.02375	0.02458	0.02502	0.12183	0.01149	0.01660	0.01638	0.00162	0.00593	0.00537	0.02196	0.04120
13	0.01485	0.01338	0.10981	0.04277	0.04365	0.15702	0.01832	0.08144	0.03215	0.21312	0.01515	0.03127	0.04916	0.00878	0.06793	0.00203	0.03669	0.02784	0.02801	0.00663

[dist]
# distance from previous block
# <min> <max>
2	8

[block]
# block no. 8 follows, 51 sequences, length 27
# corresponding to MSA columns:
# 296-322
name=unknown_I
#
# <colnr> <probs for GDERKNQSTAVLIFYWHMCP>
#	G	D	E	R	K	N	Q	S	T	A	V	L	I	F	Y	W	H	M	C	P
0	0.00845	0.00643	0.00855	0.05068	0.02863	0.00629	0.03913	0.04492	0.02936	0.03665	0.08314	0.09795	0.24774	0.02995	0.04996	0.00212	0.00425	0.13617	0.06568	0.02397
1	0.14935	0.12195	0.09078	0.03407	0.11801	0.04586	0.04279	0.03176	0.03267	0.16390	0.07366	0.03325	0.03030	0.00575	0.00449	0.00147	0.00503	0.00466	0.00359	0.00663
2	0.11185	0.11610	0.18806	0.08468	0.11602	0.01184	0.03250	0.06237	0.01113	0.07795	0.01110	0.04636	0.00941	0.00594	0.00519	0.00157	0.04759	0.05079	0.00300	0.00656
3	0.01249	0.00683	0.00832	0.00725	0.00958	0.00633	0.00567	0.03602	0.08688	0.27842	0.17371	0.09080	0.22277	0.00924	0.00541	0.00160	0.00326	0.00783	0.02149	0.00610
4	0.00737	0.00534	0.00719	0.00819	0.00910	0.00528	0.00664	0.00948	0.03464	0.01405	0.02658	0.29197	0.05053	0.03327	0.00698	0.00220	0.00393	0.46832	0.00452	0.00441
5	0.05191	0.06909	0.27428	0.04581	0.10392	0.06590	0.09334	0.14004	0.02640	0.03623	0.00965	0.01132	0.00728	0.00558	0.02106	0.00163	0.02259	0.00407	0.00286	0.00705
6	0.06136	0.04669	0.01592	0.31529	0.14747	0.11933	0.05484	0.03261	0.01104	0.06734	0.00932	0.01212	0.00726	0.00591	0.02675	0.00171	0.05199	0.00418	0.00267	0.00619
7	0.00671	0.00540	0.00575	0.00565	0.00731	0.00482	0.00427	0.00892	0.06353	0.02996	0.11523	0.07795	0.61071	0.01186	0.00577	0.00167	0.00265	0.02263	0.00470	0.00452
8	0.01018	0.00981	0.03298	0.15655	0.34407	0.02244	0.03822	0.02998	0.02647	0.01467	0.01550	0.13200	0.07559	0.04563	0.00636	0.00176	0.02221	0.00640	0.00299	0.00620
9	0.00662	0.00496	0.00614	0.00595	0.00716	0.00448	0.00442	0.00858	0.01295	0.01768	0.56445	0.09819	0.21835	0.01100	0.00583	0.00161	0.00240	0.00961	0.00515	0.00448
10	0.01011	0.01179	0.16539	0.01191	0.10176	0.03079	0.03117	0.03093	0.15353	0.01711	0.13515	0.01910	0.02977	0.02539	0.08163	0.00219	0.02362	0.00542	0.10705	0.00619
11	0.01123	0.02541	0.03842	0.28580	0.05309	0.06681	0.14035	0.06234	0.03972	0.01488	0.01009	0.02997	0.00827	0.02228	0.02322	0.00179	0.09453	0.00475	0.03474	0.03231
12	0.00853	0.00597	0.00687	0.00626	0.00810	0.00546	0.00479	0.05464	0.03071	0.06924	0.27814	0.07041	0.32899	0.01012	0.00547	0.00155	0.00281	0.00860	0.04980	0.04354
13	0.05711	0.03096	0.03130	0.12755	0.09642	0.02622	0.04383	0.08363	0.06243	0.03732	0.01176	0.05547	0.01051	0.04711	0.06034	0.08528	0.08298	0.02637	0.00307	0.02033
14	0.01462	0.14445	0.03545	0.02936	0.05563	0.09539	0.00918	0.23476	0.27303	0.02059	0.01312	0.01320	0.01000	0.00566	0.00457	0.00145	0.00526	0.00436	0.02256	0.00736
15	0.03411	0.02586	0.00991	0.03109	0.06580	0.00731	0.02200	0.06844	0.02135	0.09357	0.05938	0.07904	0.23384	0.00951	0.02281	0.00170	0.00407	0.08914	0.00417	0.11691
16	0.01058	0.05519	0.23143	0.02333	0.01542	0.05388	0.06675	0.01356	0.02222	0.03542	0.01009	0.03796	0.00880	0.02994	0.12978	0.00270	0.21196	0.00461	0.01447	0.02188
17	0.07358	0.20319	0.33274	0.01348	0.05203	0.01360	0.11339	0.03325	0.01052	0.03673	0.00857	0.01033	0.00664	0.00484	0.00524	0.00149	0.06746	0.00375	0.00240	0.00676
18	0.00612	0.00447	0.00578	0.00671	0.00725	0.00413	0.00465	0.00717	0.00994	0.01310	0.06742	0.65350	0.12112	0.01469	0.00622	0.00195	0.00287	0.05421	0.00460	0.00407
19	0.00690	0.00549	0.00588	0.00596	0.00711	0.02704	0.00426	0.00853	0.03259	0.01414	0.15865	0.18412	0.34286	0.10550	0.02544	0.00216	0.00323	0.00970	0.04619	0.00424
20	0.03719	0.06835	0.12501	0.05208	0.10151	0.16798	0.08162	0.14491	0.08443	0.03538	0.02663	0.01209	0.00868	0.00515	0.00469	0.00144	0.00637	0.00419	0.00320	0.02908
21	0.03690	0.02614	0.00871	0.00758	0.00941	0.00759	0.00578	0.10211	0.09653	0.09902	0.15868	0.14887	0.11560	0.10980	0.00802	0.00204	0.01905	0.02804	0.00461	0.00551
22	0.00612	0.00439	0.00568	0.00659	0.00697	0.00410	0.00439	0.00700	0.00955	0.01270	0.06624	0.67784	0.07241	0.08172	0.00776	0.00218	0.00296	0.01296	0.00447	0.00395
23	0.01036	0.03442	0.14375	0.13514	0.11924	0.02899	0.05190	0.01320	0.02426	0.03436	0.01025	0.01492	0.00894	0.10055	0.09283	0.00264	0.13508	0.00466	0.01345	0.02108
24	0.02975	0.05648	0.17484	0.03212	0.09870	0.06376	0.04958	0.14103	0.03018	0.04790	0.01049	0.03303	0.00855	0.00839	0.06248	0.03901	0.08784	0.00445	0.01488	0.00656
25	0.00655	0.00492	0.00609	0.03140	0.00795	0.00465	0.00470	0.02512	0.01023	0.01327	0.06818	0.46046	0.21239	0.09037	0.00785	0.00214	0.00314	0.03208	0.00439	0.00413
26	0.02820	0.06544	0.01457	0.01657	0.30198	0.02134	0.02711	0.04431	0.05325	0.05384	0.08318	0.09377	0.09230	0.00796	0.02422	0.00172	0.05411	0.00623	0.00349	0.00642

[dist]
# distance from previous block
# <min> <max>
1	16

[block]
# block no. 9 follows, 51 sequences, length 22
# corresponding to MSA columns:
# 339-360
name=unknown_J
#
# <colnr> <probs for GDERKNQSTAVLIFYWHMCP>
#	G	D	E	R	K	N	Q	S	T	A	V	L	I	F	Y	W	H	M	C	P
0	0.09679	0.05874	0.05516	0.03489	0.06943	0.03697	0.02034	0.06810	0.04041	0.06254	0.01646	0.15923	0.04689	0.00916	0.03554	0.00186	0.03929	0.06460	0.05147	0.03212
1	0.03484	0.01389	0.03919	0.09878	0.17222	0.20404	0.05237	0.06769	0.08225	0.05200	0.01059	0.01241	0.00831	0.00643	0.03607	0.01208	0.01616	0.00418	0.02109	0.05541
2	0.00961	0.02588	0.03960	0.00878	0.04350	0.00795	0.00659	0.03635	0.22908	0.04071	0.08075	0.16080	0.12766	0.07241	0.00681	0.00188	0.00371	0.02741	0.03911	0.03141
3	0.03740	0.00987	0.01598	0.34819	0.35364	0.01078	0.01299	0.03696	0.01096	0.02996	0.03469	0.04366	0.00944	0.00526	0.00489	0.00155	0.00576	0.00481	0.00268	0.02053
4	0.00685	0.00477	0.00600	0.00647	0.00738	0.00432	0.00461	0.00813	0.01082	0.04747	0.16207	0.46507	0.19881	0.01340	0.00605	0.00183	0.00279	0.03405	0.00477	0.00434
5	0.00615	0.00486	0.00555	0.00566	0.00692	0.00425	0.00414	0.00762	0.01160	0.01489	0.24833	0.19132	0.44656	0.01235	0.00589	0.00169	0.00251	0.01065	0.00479	0.00425
6	0.00610	0.00491	0.00533	0.00543	0.00676	0.00427	0.00397	0.00735	0.01101	0.01365	0.12418	0.12737	0.55840	0.07142	0.00727	0.00192	0.00272	0.02927	0.00454	0.00411
7	0.00598	0.00497	0.00523	0.00520	0.00675	0.00422	0.00389	0.00737	0.01155	0.01420	0.15786	0.06601	0.66551	0.01217	0.00582	0.00165	0.00247	0.01025	0.00469	0.00422
8	0.01300	0.79697	0.05784	0.00864	0.01297	0.01911	0.00881	0.01475	0.01000	0.01173	0.00691	0.00799	0.00630	0.00422	0.00322	0.00107	0.00534	0.00267	0.00210	0.00635
9	0.01818	0.01287	0.01388	0.01072	0.01445	0.01412	0.00883	0.69083	0.02178	0.06642	0.01245	0.01249	0.00883	0.00590	0.00481	0.00145	0.00513	0.00446	0.06432	0.00809
10	0.00614	0.00450	0.00579	0.00671	0.00728	0.00416	0.00468	0.00721	0.00998	0.01310	0.06306	0.62877	0.13929	0.01463	0.00622	0.00195	0.00289	0.06498	0.00460	0.00408
11	0.01279	0.00961	0.01108	0.00844	0.01230	0.00877	0.00679	0.12251	0.11623	0.09450	0.01179	0.01232	0.00902	0.00477	0.00446	0.00108	0.02576	0.00374	0.02104	0.50298
12	0.08300	0.00831	0.01012	0.00820	0.01126	0.00795	0.00661	0.11021	0.03806	0.40711	0.12814	0.05910	0.01704	0.00690	0.00486	0.00150	0.00385	0.00566	0.04657	0.03555
13	0.00694	0.00509	0.00621	0.00627	0.00750	0.00451	0.00450	0.00847	0.01090	0.01523	0.20776	0.36117	0.14496	0.01153	0.00555	0.00162	0.00271	0.01017	0.07740	0.10151
14	0.00731	0.00500	0.00601	0.00607	0.00666	0.00498	0.00410	0.02300	0.00873	0.01169	0.03447	0.08428	0.14053	0.37800	0.11327	0.07386	0.00512	0.04352	0.03978	0.00361
15	0.00849	0.00564	0.00739	0.00710	0.00782	0.00575	0.02385	0.02304	0.02419	0.06453	0.04106	0.17443	0.01977	0.38903	0.10248	0.02613	0.02706	0.03456	0.00359	0.00411
16	0.01107	0.05065	0.01686	0.01463	0.13082	0.02342	0.20663	0.04982	0.03423	0.03139	0.03451	0.07386	0.04529	0.04671	0.00655	0.00164	0.04261	0.02735	0.00317	0.14881
17	0.00919	0.00707	0.00888	0.00829	0.00932	0.00801	0.00628	0.10972	0.04648	0.01542	0.09133	0.18054	0.01960	0.14459	0.15547	0.00338	0.12007	0.02345	0.02798	0.00493
18	0.01071	0.02321	0.03811	0.11759	0.05046	0.04719	0.05517	0.07075	0.11634	0.03652	0.04695	0.12763	0.05734	0.04666	0.00632	0.00174	0.02089	0.03772	0.01476	0.07392
19	0.31953	0.12240	0.06124	0.06584	0.05329	0.10786	0.01969	0.07019	0.05206	0.03877	0.02831	0.01065	0.00783	0.00496	0.00395	0.00143	0.00526	0.00352	0.00307	0.02016
20	0.01276	0.17675	0.13131	0.03169	0.08146	0.12640	0.01035	0.06511	0.06906	0.04747	0.03044	0.04492	0.04626	0.00698	0.02647	0.00165	0.07680	0.00463	0.00306	0.00643
21	0.04322	0.07835	0.03203	0.03111	0.04548	0.11933	0.07137	0.11748	0.12926	0.08866	0.02460	0.05464	0.01091	0.00806	0.05749	0.00191	0.03839	0.00490	0.00365	0.03914

[dist]
# distance from previous block
# <min> <max>
1	35

[block]
# block no. 10 follows, 51 sequences, length 16
# corresponding to MSA columns:
# 396-411
name=unknown_K
#
# <colnr> <probs for GDERKNQSTAVLIFYWHMCP>
#	G	D	E	R	K	N	Q	S	T	A	V	L	I	F	Y	W	H	M	C	P
0	0.01093	0.00991	0.01096	0.01158	0.10342	0.12371	0.04241	0.02523	0.16315	0.04399	0.03499	0.26364	0.04706	0.04616	0.00622	0.00179	0.00465	0.00789	0.03653	0.00576
1	0.14237	0.01046	0.02482	0.03686	0.04785	0.08391	0.02414	0.15310	0.04845	0.03591	0.03337	0.02692	0.05618	0.04471	0.10977	0.03032	0.00600	0.00485	0.03485	0.04514
2	0.00929	0.00769	0.05839	0.00899	0.03651	0.00668	0.03786	0.05929	0.03507	0.07553	0.03948	0.28092	0.09545	0.10456	0.06679	0.00254	0.00476	0.04287	0.00407	0.02326
3	0.00623	0.00445	0.00598	0.00712	0.00752	0.00420	0.00499	0.00727	0.00965	0.01282	0.02695	0.72657	0.03197	0.01517	0.00634	0.00203	0.00306	0.10906	0.00456	0.00406
4	0.01666	0.05057	0.01379	0.01139	0.01429	0.41828	0.02553	0.13552	0.13676	0.06230	0.04116	0.01258	0.01003	0.00565	0.00463	0.00138	0.00673	0.00412	0.02207	0.00656
5	0.01147	0.07812	0.09220	0.07407	0.04577	0.05083	0.05310	0.09586	0.03331	0.01520	0.02935	0.01479	0.03923	0.00917	0.07140	0.00220	0.25332	0.02172	0.00283	0.00605
6	0.00651	0.00474	0.00597	0.00665	0.00734	0.00446	0.00471	0.00795	0.02656	0.01368	0.10933	0.48442	0.13458	0.06499	0.00730	0.00208	0.00303	0.07987	0.02167	0.00416
7	0.04955	0.00906	0.01058	0.00862	0.01165	0.04288	0.00692	0.12707	0.04069	0.41304	0.13714	0.05596	0.03676	0.00734	0.00528	0.01498	0.00415	0.00587	0.00534	0.00714
8	0.05362	0.01691	0.07902	0.01149	0.01453	0.35608	0.04907	0.10278	0.04518	0.05809	0.01233	0.01455	0.03878	0.00600	0.00505	0.00146	0.03397	0.03867	0.05621	0.00619
9	0.00925	0.00680	0.00834	0.02522	0.05587	0.03223	0.00620	0.02751	0.04236	0.09192	0.13750	0.23131	0.19655	0.01212	0.04488	0.00202	0.02309	0.03720	0.00447	0.00517
10	0.00830	0.00545	0.00644	0.00661	0.00778	0.00533	0.00494	0.06932	0.01137	0.03114	0.05993	0.31804	0.12574	0.01177	0.02405	0.00183	0.00326	0.07777	0.21627	0.00467
11	0.01016	0.00972	0.01519	0.48828	0.16411	0.03689	0.03047	0.01354	0.04537	0.01343	0.00964	0.01372	0.00776	0.02454	0.05630	0.00208	0.04598	0.00453	0.00242	0.00589
12	0.00894	0.00771	0.01216	0.12666	0.10941	0.02421	0.10061	0.01079	0.00912	0.01246	0.01268	0.02141	0.01229	0.23570	0.18817	0.02684	0.00740	0.03619	0.03244	0.00482
13	0.00606	0.00461	0.00560	0.00626	0.00709	0.00415	0.00441	0.00719	0.01037	0.01333	0.08392	0.48636	0.28718	0.01400	0.00611	0.00186	0.00276	0.04003	0.00462	0.00411
14	0.01812	0.00917	0.01092	0.00874	0.01196	0.03134	0.00708	0.14257	0.07211	0.45387	0.08674	0.01776	0.01469	0.00639	0.00486	0.00148	0.00415	0.00517	0.08531	0.00755
15	0.05326	0.05816	0.01292	0.12472	0.12221	0.13220	0.00907	0.05013	0.10037	0.05390	0.10875	0.03571	0.03090	0.02106	0.00530	0.00156	0.01580	0.02172	0.03611	0.00613

[dist]
# distance from previous block
# <min> <max>
0	1

[block]
# block no. 11 follows, 51 sequences, length 13
# corresponding to MSA columns:
# 413-425
name=unknown_L
#
# <colnr> <probs for GDERKNQSTAVLIFYWHMCP>
#	G	D	E	R	K	N	Q	S	T	A	V	L	I	F	Y	W	H	M	C	P
0	0.00976	0.00865	0.02856	0.07833	0.03521	0.06684	0.00737	0.05985	0.00991	0.01359	0.01354	0.07862	0.01354	0.20908	0.10768	0.00317	0.12166	0.03919	0.09065	0.00480
1	0.13139	0.02934	0.05251	0.10623	0.01680	0.19511	0.11069	0.01452	0.01032	0.01430	0.00901	0.01290	0.00776	0.02860	0.04102	0.00196	0.15526	0.02557	0.03113	0.00557
2	0.00800	0.00532	0.00649	0.00637	0.00779	0.00480	0.00476	0.00989	0.03075	0.09217	0.26546	0.21336	0.28040	0.01165	0.00583	0.00170	0.00278	0.03274	0.00498	0.00477
3	0.11254	0.00845	0.00964	0.00789	0.01083	0.00831	0.00634	0.15415	0.03485	0.24579	0.14476	0.03744	0.09962	0.00722	0.00484	0.00148	0.00375	0.00585	0.03195	0.06432
4	0.00712	0.00513	0.00586	0.00571	0.00685	0.00474	0.00405	0.00880	0.03348	0.03149	0.25624	0.07429	0.29547	0.19340	0.00998	0.00231	0.00303	0.00889	0.03893	0.00424
5	0.00627	0.00487	0.00569	0.00575	0.00698	0.00430	0.00421	0.00784	0.01189	0.01554	0.32208	0.17872	0.38411	0.01207	0.00588	0.00168	0.00249	0.01045	0.00488	0.00430
6	0.00830	0.00648	0.00718	0.00687	0.00840	0.02055	0.00516	0.01279	0.18515	0.01727	0.27624	0.08928	0.16795	0.03088	0.04391	0.00196	0.00343	0.00801	0.09501	0.00516
7	0.09135	0.00691	0.00761	0.00705	0.00889	0.00719	0.00541	0.01391	0.21681	0.01929	0.41315	0.03050	0.13514	0.00895	0.00532	0.00159	0.00290	0.00760	0.00496	0.00546
8	0.01836	0.02342	0.01393	0.01266	0.01519	0.80756	0.00950	0.01962	0.01393	0.01203	0.00760	0.00886	0.00633	0.00506	0.00443	0.00127	0.00886	0.00317	0.00253	0.00570
9	0.00811	0.00568	0.00719	0.02909	0.00892	0.00564	0.00544	0.05451	0.02907	0.05881	0.05237	0.51284	0.11726	0.03151	0.00670	0.00194	0.02694	0.02874	0.00454	0.00470
10	0.07276	0.00808	0.01084	0.03202	0.02880	0.00790	0.07395	0.11413	0.01343	0.17998	0.15145	0.10422	0.15062	0.00851	0.00533	0.00162	0.00406	0.02159	0.00466	0.00606
11	0.03029	0.00881	0.00990	0.06389	0.03709	0.02826	0.00721	0.04958	0.35808	0.01754	0.07762	0.07368	0.07537	0.08846	0.03047	0.00215	0.00440	0.02674	0.00431	0.00615
12	0.01081	0.01010	0.03278	0.16098	0.07416	0.03565	0.11278	0.06750	0.06215	0.03674	0.04957	0.09277	0.03948	0.03490	0.02050	0.00187	0.08767	0.02583	0.00330	0.04042

[dist]
# distance from previous block
# <min> <max>
8	59

[block]
# block no. 12 follows, 51 sequences, length 24
# corresponding to MSA columns:
# 489-512
name=unknown_M
#
# <colnr> <probs for GDERKNQSTAVLIFYWHMCP>
#	G	D	E	R	K	N	Q	S	T	A	V	L	I	F	Y	W	H	M	C	P
0	0.04363	0.18726	0.09127	0.03193	0.15859	0.04764	0.06022	0.05765	0.05540	0.02949	0.05557	0.03525	0.08757	0.00598	0.00460	0.00142	0.00527	0.00500	0.00313	0.03314
1	0.00790	0.00941	0.14459	0.04737	0.06633	0.00698	0.03317	0.01062	0.02525	0.01471	0.13843	0.19260	0.11746	0.02788	0.08220	0.00237	0.00518	0.05860	0.00373	0.00521
2	0.01131	0.01190	0.07369	0.16774	0.20555	0.07051	0.04018	0.05948	0.13298	0.01638	0.05458	0.04404	0.04788	0.00720	0.03378	0.00179	0.00589	0.00534	0.00325	0.00655
3	0.00990	0.00864	0.01098	0.10298	0.01434	0.00734	0.03361	0.02534	0.03340	0.01583	0.02890	0.01456	0.07414	0.00480	0.00415	0.00100	0.00406	0.00404	0.00310	0.59889
4	0.08909	0.00833	0.01015	0.00902	0.03488	0.00833	0.00698	0.08985	0.08838	0.32616	0.06723	0.08385	0.01621	0.02145	0.00549	0.00166	0.01682	0.05400	0.05529	0.00683
5	0.00693	0.00470	0.00597	0.00681	0.00737	0.00452	0.00475	0.03244	0.01007	0.01403	0.02506	0.64747	0.02883	0.01370	0.00588	0.00188	0.00295	0.05413	0.11830	0.00424
6	0.80319	0.06638	0.00851	0.00660	0.00972	0.01161	0.00554	0.01446	0.00848	0.02132	0.00684	0.00798	0.00539	0.00454	0.00305	0.00149	0.00390	0.00266	0.00298	0.00539
7	0.03092	0.01249	0.06327	0.12802	0.42066	0.05965	0.01297	0.10100	0.02571	0.03253	0.03476	0.03620	0.00958	0.00525	0.00487	0.00150	0.00585	0.00468	0.00295	0.00713
8	0.00754	0.00529	0.00750	0.00745	0.00827	0.00590	0.00560	0.00904	0.00836	0.03563	0.04145	0.07707	0.01549	0.13337	0.56430	0.00639	0.02330	0.00619	0.02755	0.00433
9	0.00854	0.00427	0.00640	0.00640	0.00640	0.00427	0.00427	0.00640	0.00640	0.00854	0.00854	0.01494	0.00854	0.01707	0.01921	0.85702	0.00427	0.00427	0.00213	0.00213
10	0.01177	0.01055	0.09181	0.04444	0.04842	0.02552	0.11897	0.07142	0.02395	0.13395	0.01700	0.16715	0.04859	0.04962	0.03651	0.00209	0.05863	0.02980	0.00374	0.00608
11	0.08221	0.02665	0.01349	0.09601	0.01537	0.08759	0.00948	0.17319	0.09421	0.07226	0.01074	0.01296	0.00855	0.00712	0.02165	0.00181	0.23827	0.01852	0.00345	0.00647
12	0.00775	0.00563	0.00713	0.00749	0.05766	0.00509	0.00517	0.00963	0.01249	0.05963	0.39194	0.03815	0.30139	0.03852	0.00639	0.00171	0.00286	0.03171	0.00485	0.00481
13	0.01010	0.00808	0.00945	0.00706	0.01087	0.00623	0.00558	0.01220	0.01024	0.03507	0.01086	0.06741	0.00958	0.00468	0.00384	0.00087	0.00349	0.00386	0.07240	0.70812
14	0.01544	0.07271	0.03756	0.03900	0.01432	0.36195	0.00899	0.02864	0.11343	0.10222	0.06812	0.01349	0.01118	0.00598	0.00551	0.00144	0.07075	0.00424	0.01877	0.00626
15	0.01004	0.00831	0.00937	0.00899	0.02154	0.03109	0.00670	0.07804	0.28882	0.01789	0.13348	0.23977	0.02304	0.01155	0.06141	0.00216	0.02916	0.00811	0.00458	0.00597
16	0.00915	0.00845	0.01406	0.67305	0.07638	0.01021	0.01267	0.01226	0.01027	0.01342	0.08087	0.03688	0.01095	0.00563	0.00503	0.00163	0.00602	0.00504	0.00256	0.00548
17	0.00621	0.00452	0.00575	0.00650	0.00706	0.00419	0.00446	0.00725	0.01002	0.01325	0.10965	0.56192	0.13153	0.07065	0.00748	0.00211	0.00293	0.03598	0.00454	0.00403
18	0.00969	0.00806	0.02561	0.02254	0.05890	0.00815	0.04487	0.14678	0.05668	0.01656	0.02083	0.34287	0.06622	0.06326	0.03259	0.00218	0.03248	0.03219	0.00409	0.00545
19	0.00655	0.00490	0.00605	0.00654	0.00750	0.00452	0.00488	0.00798	0.01089	0.01418	0.16318	0.27192	0.24460	0.06882	0.00744	0.00207	0.00311	0.15610	0.00459	0.00418
20	0.01139	0.07194	0.40636	0.04786	0.05187	0.03891	0.02429	0.06674	0.13622	0.01662	0.01124	0.01243	0.02155	0.00542	0.00539	0.00157	0.05615	0.00416	0.00282	0.00707
21	0.01188	0.01041	0.03102	0.16720	0.31605	0.04572	0.05362	0.01465	0.02690	0.09577	0.01222	0.07530	0.01065	0.05549	0.03419	0.00195	0.00598	0.00536	0.00303	0.02261
22	0.02856	0.02740	0.10610	0.02017	0.04547	0.04416	0.03335	0.01196	0.04041	0.01468	0.02056	0.13842	0.16900	0.00812	0.00548	0.00148	0.04282	0.03312	0.01346	0.19526
23	0.05941	0.14514	0.12786	0.01252	0.10568	0.07943	0.02900	0.09677	0.03873	0.03281	0.04892	0.06518	0.03617	0.00728	0.03376	0.00169	0.04066	0.00489	0.00316	0.03094

[dist]
# distance from previous block
# <min> <max>
0	19

[block]
# block no. 13 follows, 51 sequences, length 10
# corresponding to MSA columns:
# 532-541
name=unknown_N
#
# <colnr> <probs for GDERKNQSTAVLIFYWHMCP>
#	G	D	E	R	K	N	Q	S	T	A	V	L	I	F	Y	W	H	M	C	P
0	0.13625	0.08842	0.13415	0.02327	0.02797	0.05785	0.03749	0.12901	0.06660	0.01861	0.10945	0.01771	0.07887	0.03299	0.00548	0.00161	0.01945	0.00507	0.00355	0.00620
1	0.04469	0.01353	0.15745	0.12399	0.11608	0.07163	0.05278	0.06105	0.07689	0.03845	0.01192	0.08290	0.01020	0.01577	0.01638	0.00169	0.04569	0.00510	0.01977	0.03403
2	0.00872	0.00753	0.01140	0.48471	0.02322	0.00882	0.01003	0.01227	0.06770	0.01442	0.10127	0.07716	0.07625	0.00701	0.00508	0.00162	0.00499	0.00613	0.06641	0.00527
3	0.01105	0.03787	0.05525	0.10478	0.25145	0.08965	0.08301	0.03521	0.03856	0.01498	0.03313	0.06189	0.10623	0.02925	0.00567	0.00164	0.00571	0.02539	0.00306	0.00622
4	0.00770	0.00563	0.00649	0.00636	0.00786	0.00519	0.00478	0.06512	0.01226	0.04594	0.16839	0.21701	0.37787	0.01201	0.00585	0.00172	0.00290	0.03747	0.00479	0.00468
5	0.01394	0.01332	0.09230	0.03330	0.07062	0.05840	0.03721	0.27147	0.20607	0.03641	0.03958	0.01592	0.03948	0.02075	0.02746	0.00177	0.00556	0.00503	0.00411	0.00730
6	0.00667	0.00494	0.00627	0.00645	0.00752	0.00454	0.00486	0.00849	0.01219	0.01648	0.40986	0.19858	0.17858	0.01199	0.00602	0.00174	0.00273	0.10271	0.00498	0.00440
7	0.00876	0.00701	0.03577	0.00771	0.00944	0.00635	0.04466	0.07710	0.04817	0.03056	0.04710	0.13885	0.26549	0.03467	0.00870	0.15875	0.00384	0.04401	0.01843	0.00463
8	0.04253	0.01348	0.05555	0.10649	0.40554	0.10926	0.02839	0.07260	0.06206	0.01663	0.00969	0.01197	0.00777	0.00493	0.00514	0.00150	0.03236	0.00424	0.00276	0.00711
9	0.03822	0.05205	0.01358	0.01033	0.01362	0.09398	0.00842	0.45219	0.06549	0.02459	0.06897	0.01358	0.01122	0.00602	0.00505	0.00142	0.03193	0.00449	0.03594	0.04891

[dist]
# distance from previous block
# <min> <max>
4	9

[block]
# block no. 14 follows, 51 sequences, length 7
# corresponding to MSA columns:
# 552-558
name=unknown_O
#
# <colnr> <probs for GDERKNQSTAVLIFYWHMCP>
#	G	D	E	R	K	N	Q	S	T	A	V	L	I	F	Y	W	H	M	C	P
0	0.01371	0.01212	0.05661	0.06968	0.07440	0.04972	0.04617	0.27586	0.09800	0.03840	0.02757	0.01522	0.01047	0.08492	0.00715	0.00181	0.03273	0.00481	0.04104	0.03961
1	0.03311	0.00607	0.00733	0.02872	0.03865	0.00618	0.03382	0.04231	0.02879	0.04630	0.05777	0.01817	0.01358	0.00584	0.00388	0.00126	0.00303	0.00483	0.61519	0.00518
2	0.03034	0.02270	0.05131	0.01157	0.08791	0.08489	0.03112	0.11246	0.11914	0.05881	0.05294	0.11655	0.05998	0.05684	0.02142	0.00193	0.02108	0.04890	0.00396	0.00618
