[name]
unknown

[dist]
# distance from previous block
# <min> <max>
0	35

[block]
# block no. 0 follows, 42 sequences, length 26
# corresponding to MSA columns:
# 423-448
name=unknown_A
#
# <colnr> <probs for GDERKNQSTAVLIFYWHMCP>
#	G	D	E	R	K	N	Q	S	T	A	V	L	I	F	Y	W	H	M	C	P
0	0.01177	0.01113	0.06945	0.19199	0.17836	0.01060	0.01270	0.03519	0.06138	0.04372	0.06925	0.02749	0.01753	0.00985	0.04188	0.00226	0.00646	0.15956	0.00388	0.03554
1	0.01447	0.01510	0.08537	0.11668	0.16092	0.08485	0.07842	0.14257	0.09518	0.02078	0.04647	0.03210	0.01219	0.00738	0.02586	0.00195	0.02029	0.00559	0.02604	0.00779
2	0.05312	0.10932	0.25573	0.09131	0.02103	0.06920	0.07884	0.07583	0.01348	0.07467	0.01291	0.06037	0.01076	0.01822	0.00576	0.00181	0.00715	0.02961	0.00340	0.00748
3	0.09750	0.11474	0.04548	0.13389	0.01869	0.07118	0.06829	0.09502	0.01328	0.01827	0.03683	0.02002	0.04731	0.01224	0.11919	0.00283	0.01961	0.05557	0.00348	0.00658
4	0.03575	0.01001	0.03839	0.03809	0.05894	0.01049	0.00880	0.07073	0.18888	0.01938	0.09684	0.10413	0.09119	0.03668	0.10444	0.00293	0.06531	0.00776	0.00454	0.00670
5	0.01160	0.01171	0.03836	0.11254	0.23946	0.06021	0.03329	0.01431	0.01254	0.01703	0.14334	0.05650	0.07122	0.00942	0.03431	0.00212	0.11487	0.00683	0.00358	0.00676
6	0.00864	0.00760	0.01146	0.02442	0.01215	0.00743	0.11188	0.01093	0.01333	0.01787	0.29225	0.09569	0.25437	0.03645	0.00827	0.00204	0.06483	0.01005	0.00491	0.00544
7	0.09283	0.00871	0.00990	0.00862	0.01098	0.00902	0.00675	0.15106	0.07089	0.04931	0.47261	0.03124	0.03652	0.00958	0.00604	0.00176	0.00368	0.00811	0.00582	0.00658
8	0.01413	0.00970	0.01163	0.00850	0.01321	0.00754	0.00684	0.01658	0.01250	0.15794	0.01265	0.01349	0.00965	0.00480	0.00443	0.00102	0.00421	0.00385	0.04239	0.64493
9	0.00978	0.00489	0.00733	0.00733	0.00733	0.00489	0.00489	0.00733	0.00733	0.00978	0.00978	0.01711	0.00978	0.01955	0.02199	0.83627	0.00489	0.00489	0.00244	0.00244
10	0.01115	0.00842	0.01192	0.11914	0.14608	0.00889	0.00870	0.06234	0.01130	0.05058	0.01625	0.05017	0.03009	0.34105	0.09677	0.00408	0.00686	0.00695	0.00355	0.00571
11	0.01963	0.22421	0.01988	0.01255	0.01665	0.24582	0.01047	0.34205	0.01942	0.02323	0.01060	0.01134	0.00827	0.00597	0.00494	0.00149	0.00733	0.00410	0.00398	0.00805
12	0.01174	0.00926	0.01245	0.06753	0.12768	0.00957	0.00939	0.10620	0.09026	0.03512	0.16204	0.17444	0.02623	0.01035	0.00630	0.00192	0.00473	0.08926	0.00490	0.04062
13	0.01623	0.10210	0.21031	0.01440	0.07473	0.02874	0.04385	0.12651	0.06832	0.16854	0.01546	0.07962	0.01226	0.00696	0.00551	0.00174	0.00633	0.00577	0.00430	0.00834
14	0.01129	0.02911	0.77306	0.01604	0.02436	0.01307	0.02079	0.01782	0.01188	0.01782	0.01010	0.01188	0.00713	0.00535	0.00535	0.00178	0.00832	0.00416	0.00238	0.00832
15	0.00920	0.00509	0.00690	0.00690	0.00690	0.00509	0.00436	0.00764	0.00764	0.01018	0.01264	0.02420	0.01362	0.30105	0.02439	0.53745	0.00509	0.00607	0.00279	0.00279
16	0.01268	0.03916	0.07783	0.07960	0.11240	0.10786	0.05912	0.01557	0.03644	0.01536	0.01255	0.10022	0.01196	0.03248	0.03458	0.00230	0.21683	0.00617	0.02025	0.00664
17	0.01577	0.10404	0.10116	0.07378	0.09665	0.09149	0.14389	0.12170	0.04359	0.08396	0.01281	0.03543	0.01019	0.03325	0.00633	0.00183	0.00725	0.00537	0.00366	0.00783
18	0.01018	0.00661	0.00847	0.00770	0.00947	0.00625	0.00588	0.01375	0.06996	0.09945	0.63399	0.03816	0.04646	0.01076	0.00647	0.00178	0.00301	0.00944	0.00624	0.00601
19	0.03764	0.00631	0.00903	0.00901	0.01005	0.00731	0.00702	0.01033	0.00920	0.01358	0.01549	0.02408	0.01482	0.07486	0.66783	0.00820	0.02766	0.03944	0.00314	0.00501
20	0.01492	0.06852	0.18263	0.09596	0.25397	0.20088	0.03048	0.03787	0.01352	0.01685	0.01033	0.01352	0.00843	0.00561	0.00536	0.00166	0.00793	0.02102	0.00281	0.00774
21	0.04907	0.05717	0.05120	0.05403	0.14312	0.02421	0.20940	0.01473	0.01154	0.03627	0.01383	0.12675	0.01311	0.03158	0.03121	0.08929	0.02688	0.00688	0.00322	0.00653
22	0.00685	0.00551	0.00611	0.00637	0.00783	0.00477	0.00462	0.00830	0.01268	0.01583	0.13004	0.23241	0.50946	0.01476	0.00678	0.00198	0.00293	0.01268	0.00533	0.00477
23	0.00868	0.00597	0.00825	0.00815	0.00895	0.00657	0.00592	0.01005	0.00901	0.03837	0.01617	0.02672	0.01611	0.28424	0.51292	0.00765	0.01164	0.00671	0.00328	0.00466
24	0.09855	0.10026	0.01753	0.04688	0.01750	0.08404	0.04467	0.40347	0.01994	0.07098	0.01232	0.01301	0.00904	0.00618	0.00516	0.00163	0.00637	0.00463	0.02950	0.00834
25	0.05708	0.04506	0.20752	0.04997	0.07412	0.19009	0.05454	0.11068	0.04032	0.04525	0.01097	0.01248	0.00830	0.00561	0.00521	0.00161	0.00757	0.00437	0.00336	0.06589

[dist]
# distance from previous block
# <min> <max>
2	7

[block]
# block no. 1 follows, 42 sequences, length 16
# corresponding to MSA columns:
# 459-474
name=unknown_B
#
# <colnr> <probs for GDERKNQSTAVLIFYWHMCP>
#	G	D	E	R	K	N	Q	S	T	A	V	L	I	F	Y	W	H	M	C	P
0	0.01263	0.01277	0.02437	0.08286	0.28237	0.01282	0.31057	0.01600	0.01224	0.01697	0.01208	0.06950	0.01060	0.00682	0.00763	0.04375	0.04926	0.00643	0.00292	0.00740
1	0.01299	0.03165	0.15860	0.11437	0.10313	0.07690	0.06131	0.05690	0.12453	0.03004	0.04425	0.06935	0.04253	0.00760	0.00584	0.00184	0.00659	0.04033	0.00382	0.00744
2	0.01276	0.06231	0.16027	0.09407	0.32427	0.01310	0.07687	0.03660	0.04433	0.01799	0.01241	0.05608	0.01058	0.02078	0.00598	0.00180	0.00682	0.00558	0.02950	0.00791
3	0.26228	0.01023	0.01174	0.00938	0.01338	0.01003	0.00771	0.07002	0.01473	0.48634	0.01770	0.03682	0.01200	0.00673	0.00506	0.00175	0.00471	0.00514	0.00582	0.00843
4	0.00832	0.00586	0.00823	0.00866	0.00938	0.00625	0.00631	0.00973	0.01017	0.04406	0.02318	0.41631	0.02568	0.04496	0.30437	0.00494	0.04325	0.01108	0.00428	0.00499
5	0.04368	0.02118	0.31371	0.09167	0.05076	0.13083	0.06388	0.12805	0.01476	0.01966	0.01343	0.01508	0.05633	0.00617	0.00549	0.00174	0.00772	0.00495	0.00323	0.00769
6	0.01141	0.00958	0.01473	0.15292	0.05636	0.01031	0.10013	0.03086	0.10445	0.04567	0.07186	0.07604	0.07157	0.02766	0.00831	0.03995	0.05232	0.10527	0.00419	0.00641
7	0.00696	0.00516	0.00652	0.00756	0.00827	0.00473	0.00528	0.00813	0.01133	0.01470	0.03625	0.59919	0.18565	0.01681	0.00711	0.00223	0.00330	0.06095	0.00522	0.00465
8	0.01028	0.00939	0.01310	0.18374	0.18192	0.05917	0.01061	0.01255	0.01201	0.01573	0.06067	0.34229	0.02333	0.01109	0.00634	0.00199	0.00541	0.03031	0.00400	0.00607
9	0.06623	0.00701	0.00815	0.00753	0.00959	0.00665	0.00584	0.04375	0.02938	0.09537	0.32872	0.07457	0.24021	0.01158	0.00635	0.00186	0.00337	0.04231	0.00570	0.00585
10	0.00978	0.00489	0.00733	0.00733	0.00733	0.00489	0.00489	0.00733	0.00733	0.00978	0.00978	0.01711	0.00978	0.01955	0.02199	0.83627	0.00489	0.00489	0.00244	0.00244
11	0.01415	0.01347	0.02179	0.09628	0.51837	0.04044	0.08567	0.06503	0.01368	0.01909	0.01113	0.01434	0.00901	0.00526	0.00558	0.00169	0.00691	0.00513	0.04465	0.00833
12	0.03558	0.00914	0.01140	0.00952	0.01277	0.00872	0.00758	0.10839	0.04929	0.39506	0.02566	0.14027	0.09927	0.01122	0.04707	0.00223	0.00504	0.00783	0.00601	0.00794
13	0.01063	0.01000	0.01688	0.78870	0.03876	0.01250	0.01563	0.01438	0.01125	0.01438	0.01000	0.01500	0.00750	0.00563	0.00563	0.00188	0.00750	0.00500	0.00250	0.00625
14	0.01055	0.00854	0.01287	0.17000	0.04964	0.00887	0.09144	0.06107	0.01312	0.01829	0.04764	0.09128	0.13874	0.00963	0.01787	0.00194	0.00527	0.05909	0.17814	0.00601
15	0.07887	0.01114	0.01268	0.01007	0.01410	0.04054	0.03140	0.12981	0.02672	0.11040	0.04115	0.01980	0.01348	0.00668	0.00514	0.00146	0.00501	0.08385	0.02252	0.33521

[dist]
# distance from previous block
# <min> <max>
1	2

[block]
# block no. 2 follows, 42 sequences, length 22
# corresponding to MSA columns:
# 477-498
name=unknown_C
#
# <colnr> <probs for GDERKNQSTAVLIFYWHMCP>
#	G	D	E	R	K	N	Q	S	T	A	V	L	I	F	Y	W	H	M	C	P
0	0.00857	0.00616	0.00731	0.00782	0.00890	0.00618	0.00555	0.01224	0.12578	0.01743	0.08354	0.46433	0.07184	0.01378	0.00640	0.00202	0.00328	0.01223	0.13123	0.00540
1	0.01167	0.01000	0.01167	0.00834	0.01334	0.00750	0.00667	0.01417	0.01167	0.01834	0.01000	0.01167	0.00834	0.00417	0.00417	0.00083	0.00417	0.00333	0.00333	0.83663
2	0.01538	0.00933	0.01145	0.01025	0.04402	0.00907	0.00769	0.13566	0.07710	0.22200	0.18944	0.07780	0.11558	0.00939	0.00604	0.00177	0.00423	0.00794	0.00583	0.04004
3	0.56011	0.01072	0.00978	0.00827	0.01188	0.01176	0.00680	0.08316	0.01248	0.17125	0.01177	0.01219	0.00843	0.00578	0.00412	0.00171	0.00450	0.00387	0.05438	0.00703
4	0.00960	0.00616	0.00775	0.00711	0.00889	0.00552	0.00542	0.01194	0.01529	0.10376	0.53159	0.04209	0.20027	0.01159	0.00653	0.00179	0.00293	0.01004	0.00607	0.00566
5	0.01070	0.15070	0.30339	0.05969	0.01905	0.01210	0.07698	0.01442	0.01155	0.01580	0.01620	0.25198	0.01647	0.00897	0.00574	0.00185	0.00644	0.00784	0.00330	0.00680
6	0.01512	0.00819	0.00876	0.00754	0.00995	0.02494	0.00595	0.13431	0.01502	0.15734	0.01805	0.01921	0.01339	0.00664	0.00454	0.00145	0.00375	0.00525	0.53383	0.00675
7	0.01400	0.01209	0.01273	0.01145	0.01463	0.01400	0.00891	0.02990	0.75695	0.02354	0.02291	0.02100	0.01718	0.00764	0.00573	0.00191	0.00445	0.00636	0.00573	0.00891
8	0.00870	0.00655	0.00844	0.00967	0.05814	0.00638	0.00629	0.07304	0.01260	0.01679	0.07066	0.51926	0.10325	0.06249	0.00815	0.00232	0.00380	0.01314	0.00505	0.00528
9	0.04818	0.08033	0.01458	0.01076	0.01418	0.02320	0.05258	0.20137	0.15173	0.09066	0.08603	0.05517	0.09849	0.00825	0.00564	0.00174	0.00498	0.00683	0.03762	0.00767
10	0.00682	0.00531	0.00620	0.00682	0.00792	0.00469	0.00479	0.00808	0.01197	0.01515	0.07858	0.42019	0.37188	0.01578	0.00691	0.00208	0.00305	0.01382	0.00527	0.00469
11	0.00719	0.00527	0.00666	0.00754	0.00825	0.00488	0.00528	0.00843	0.01148	0.01505	0.08603	0.50394	0.15528	0.07304	0.00866	0.00244	0.00348	0.07730	0.00516	0.00462
12	0.01250	0.07227	0.34894	0.01914	0.02566	0.01438	0.35726	0.01767	0.01237	0.01744	0.01044	0.01325	0.00780	0.00522	0.00639	0.00183	0.04175	0.00527	0.00260	0.00782
13	0.01198	0.00665	0.00873	0.00770	0.00977	0.00598	0.00595	0.01445	0.01580	0.19901	0.54998	0.03730	0.08295	0.01058	0.00641	0.00177	0.00317	0.00920	0.00632	0.00629
14	0.01195	0.01014	0.01682	0.01340	0.01606	0.01055	0.23900	0.08205	0.01302	0.01925	0.01636	0.14162	0.01493	0.00912	0.02805	0.00203	0.09840	0.00737	0.24350	0.00638
15	0.00861	0.00665	0.00783	0.00813	0.00921	0.02882	0.00590	0.01112	0.06078	0.02868	0.19537	0.39499	0.10976	0.01408	0.00710	0.00206	0.02872	0.03431	0.03262	0.00526
16	0.01108	0.01288	0.12068	0.25804	0.13804	0.01147	0.10371	0.01544	0.05986	0.01625	0.01427	0.11089	0.01300	0.05615	0.03200	0.00233	0.00714	0.00673	0.00318	0.00686
17	0.01476	0.71104	0.07042	0.01160	0.06380	0.02118	0.01075	0.01693	0.01155	0.01383	0.00813	0.00950	0.00733	0.00486	0.00383	0.00127	0.00619	0.00320	0.00243	0.00739
18	0.03836	0.05597	0.06501	0.22798	0.08177	0.04557	0.06729	0.04882	0.01276	0.03726	0.03743	0.14099	0.06894	0.00815	0.00577	0.00180	0.00617	0.00717	0.00361	0.03915
19	0.01482	0.08604	0.29005	0.08718	0.14271	0.06113	0.03913	0.11118	0.03416	0.06440	0.01143	0.01314	0.00849	0.00562	0.00535	0.00170	0.00735	0.00459	0.00328	0.00825
20	0.06357	0.03534	0.03786	0.01250	0.05864	0.15590	0.03090	0.12422	0.01402	0.03444	0.05472	0.06445	0.02469	0.01051	0.00956	0.17586	0.03704	0.04591	0.00376	0.00612
21	0.08817	0.02973	0.01386	0.01249	0.05560	0.10735	0.05296	0.09243	0.18046	0.01938	0.01477	0.04808	0.01282	0.08796	0.00981	0.07474	0.04795	0.00577	0.03894	0.00673

[dist]
# distance from previous block
# <min> <max>
0	14

[block]
# block no. 3 follows, 42 sequences, length 22
# corresponding to MSA columns:
# 517-538
name=unknown_D
#
# <colnr> <probs for GDERKNQSTAVLIFYWHMCP>
#	G	D	E	R	K	N	Q	S	T	A	V	L	I	F	Y	W	H	M	C	P
0	0.01672	0.01794	0.04068	0.10442	0.08017	0.27947	0.09177	0.09689	0.01489	0.04914	0.01110	0.01455	0.00904	0.00644	0.00683	0.00173	0.08611	0.03102	0.00334	0.03775
1	0.01229	0.38844	0.16103	0.01192	0.04712	0.01552	0.05415	0.01516	0.01208	0.01548	0.06967	0.04795	0.09909	0.02145	0.00535	0.00161	0.00595	0.00564	0.00316	0.00693
2	0.00715	0.00522	0.00665	0.00750	0.00814	0.00490	0.00517	0.00830	0.01111	0.01467	0.07418	0.52416	0.13234	0.08942	0.04334	0.00281	0.00397	0.04140	0.00501	0.00457
3	0.01257	0.01072	0.01805	0.23666	0.08706	0.01120	0.18815	0.07276	0.01350	0.04762	0.01693	0.01965	0.07862	0.00646	0.00566	0.00174	0.00640	0.00610	0.15328	0.00687
4	0.01327	0.04280	0.01112	0.00987	0.01197	0.06186	0.00759	0.11236	0.07721	0.11495	0.02425	0.37197	0.02509	0.01243	0.00642	0.00203	0.00472	0.07829	0.00526	0.00655
5	0.01094	0.00664	0.00868	0.00900	0.01065	0.00634	0.00723	0.01353	0.04414	0.12940	0.05452	0.23534	0.09616	0.01386	0.00694	0.00222	0.00422	0.29699	0.03737	0.00581
6	0.00826	0.00596	0.00870	0.00870	0.00973	0.00687	0.00675	0.01033	0.00930	0.01379	0.01537	0.02201	0.01410	0.03895	0.70913	0.00834	0.01394	0.00596	0.07878	0.00504
7	0.02119	0.01458	0.08417	0.01197	0.01664	0.01365	0.01056	0.42423	0.02125	0.26263	0.01613	0.01545	0.01092	0.00668	0.00554	0.00170	0.00579	0.00518	0.04247	0.00927
8	0.09448	0.01256	0.01328	0.01158	0.01458	0.03670	0.00938	0.21102	0.29812	0.02460	0.01881	0.02269	0.03222	0.00843	0.00690	0.00195	0.07696	0.09275	0.00503	0.00794
9	0.02160	0.01023	0.01287	0.01029	0.01422	0.00979	0.00838	0.09212	0.13629	0.51920	0.05941	0.02147	0.03128	0.00756	0.00577	0.00178	0.00472	0.01740	0.00654	0.00909
10	0.00717	0.00543	0.00619	0.00650	0.00749	0.00491	0.00443	0.00826	0.01151	0.01467	0.10459	0.24891	0.33783	0.19268	0.01175	0.00279	0.00353	0.01200	0.00490	0.00445
11	0.01037	0.00808	0.00992	0.01032	0.01218	0.00861	0.00856	0.01696	0.24242	0.01895	0.05552	0.08384	0.04999	0.01302	0.00704	0.00232	0.00471	0.42548	0.00539	0.00629
12	0.01126	0.01065	0.01803	0.64379	0.17871	0.01267	0.01594	0.01493	0.01155	0.01515	0.01011	0.01480	0.00777	0.00551	0.00562	0.00184	0.00735	0.00500	0.00256	0.00676
13	0.00819	0.00546	0.00624	0.00628	0.00645	0.00547	0.00369	0.00848	0.00860	0.01169	0.01912	0.06267	0.03984	0.68315	0.06150	0.00524	0.00564	0.00832	0.04033	0.00364
14	0.00724	0.00534	0.00674	0.00733	0.00814	0.00502	0.00513	0.00858	0.01163	0.01542	0.14309	0.40701	0.17238	0.08419	0.06633	0.00291	0.00421	0.02959	0.00505	0.00466
15	0.02102	0.02682	0.01595	0.01450	0.01740	0.77963	0.01087	0.02247	0.01595	0.01377	0.00870	0.01015	0.00725	0.00580	0.00507	0.00145	0.01015	0.00362	0.00290	0.00652
16	0.01031	0.00916	0.01238	0.01114	0.01124	0.01188	0.00862	0.01120	0.00866	0.01273	0.01280	0.07178	0.01398	0.26244	0.08275	0.00393	0.43016	0.00676	0.00298	0.00510
17	0.01009	0.00637	0.00809	0.00835	0.01002	0.00587	0.00669	0.01196	0.01289	0.11374	0.05799	0.15816	0.23844	0.04926	0.00799	0.00234	0.00413	0.27675	0.00538	0.00547
18	0.01613	0.01175	0.01315	0.01107	0.01417	0.01280	0.00874	0.33241	0.16443	0.07292	0.01920	0.17110	0.01702	0.02695	0.00686	0.00193	0.03392	0.00753	0.02077	0.03714
19	0.01825	0.13771	0.11026	0.01290	0.01735	0.21143	0.01151	0.30499	0.05358	0.02319	0.01299	0.01356	0.03520	0.00635	0.00519	0.00158	0.00724	0.00458	0.00405	0.00809
20	0.04039	0.00770	0.00854	0.00821	0.02259	0.00774	0.00596	0.09571	0.08119	0.03316	0.09508	0.12663	0.26821	0.11518	0.03318	0.00257	0.00428	0.00954	0.02839	0.00576
21	0.21342	0.06298	0.10476	0.03708	0.08395	0.01199	0.04065	0.01708	0.04826	0.09211	0.02975	0.02068	0.06766	0.00739	0.00604	0.00183	0.05529	0.06628	0.00386	0.02892

[dist]
# distance from previous block
# <min> <max>
2	7

[block]
# block no. 4 follows, 42 sequences, length 67
# corresponding to MSA columns:
# 550-616
name=unknown_E
#
# <colnr> <probs for GDERKNQSTAVLIFYWHMCP>
#	G	D	E	R	K	N	Q	S	T	A	V	L	I	F	Y	W	H	M	C	P
0	0.16997	0.01198	0.03169	0.04298	0.15017	0.01205	0.21598	0.01688	0.06010	0.03774	0.01597	0.02121	0.05596	0.00834	0.03674	0.00218	0.02661	0.07277	0.00358	0.00711
1	0.10954	0.01314	0.03536	0.06689	0.07637	0.05356	0.07151	0.13541	0.21400	0.05551	0.01657	0.05461	0.02647	0.03851	0.00646	0.00196	0.00589	0.00600	0.00445	0.00779
2	0.02026	0.01569	0.01622	0.01279	0.01703	0.05035	0.01043	0.60832	0.13602	0.03272	0.01472	0.01449	0.01061	0.00685	0.00562	0.00171	0.00610	0.00520	0.00552	0.00934
3	0.00757	0.00547	0.00723	0.00838	0.00911	0.00520	0.00626	0.00904	0.01151	0.01506	0.03218	0.48577	0.09213	0.04649	0.00814	0.00247	0.00390	0.23422	0.00514	0.00473
4	0.00929	0.00631	0.00834	0.00805	0.00896	0.00681	0.00578	0.03785	0.00997	0.04442	0.04939	0.02809	0.01803	0.32443	0.40203	0.00680	0.01015	0.00697	0.00356	0.00479
5	0.01501	0.10131	0.06015	0.08073	0.09270	0.12806	0.24168	0.06932	0.01421	0.04619	0.04211	0.01607	0.01091	0.00602	0.00607	0.00174	0.02849	0.02845	0.00330	0.00745
6	0.01321	0.00878	0.01076	0.07320	0.03812	0.00875	0.00788	0.08488	0.10219	0.16220	0.07956	0.03509	0.28932	0.01029	0.00621	0.00187	0.00435	0.05100	0.00541	0.00693
7	0.02317	0.00914	0.01244	0.00978	0.01376	0.00795	0.00805	0.02541	0.01597	0.67909	0.08550	0.02277	0.01795	0.00767	0.00582	0.00178	0.00462	0.03326	0.00683	0.00905
8	0.01350	0.02681	0.06365	0.21399	0.43879	0.01317	0.03353	0.05289	0.01301	0.03843	0.01104	0.01475	0.00891	0.02648	0.00618	0.00183	0.00692	0.00507	0.00296	0.00808
9	0.04097	0.04963	0.16994	0.03799	0.03372	0.20453	0.21723	0.01842	0.03242	0.01654	0.01107	0.01502	0.00909	0.00697	0.02536	0.00197	0.06316	0.03590	0.00291	0.00716
10	0.00727	0.00534	0.00671	0.00764	0.00834	0.00498	0.00526	0.02615	0.01148	0.01499	0.03437	0.62430	0.15185	0.03575	0.00759	0.00229	0.00337	0.03241	0.00519	0.00471
11	0.41141	0.03183	0.01439	0.05251	0.09786	0.16777	0.04858	0.01754	0.01145	0.02000	0.00857	0.01075	0.00697	0.00570	0.00559	0.00174	0.07380	0.00383	0.00310	0.00661
12	0.00683	0.00551	0.00608	0.00636	0.00782	0.00476	0.00461	0.00826	0.01262	0.01570	0.11852	0.23755	0.51604	0.01483	0.00678	0.00198	0.00293	0.01274	0.00532	0.00476
13	0.01243	0.07475	0.12631	0.01002	0.01548	0.00967	0.02711	0.01552	0.01189	0.04641	0.01034	0.01187	0.00829	0.00451	0.00442	0.00106	0.00508	0.00360	0.00325	0.59800
14	0.08337	0.24056	0.22587	0.02420	0.03696	0.01674	0.01290	0.21299	0.04592	0.03489	0.01092	0.01188	0.00830	0.00568	0.00481	0.00159	0.00651	0.00414	0.00357	0.00819
15	0.00924	0.00513	0.00721	0.00721	0.00730	0.00522	0.00474	0.00779	0.00769	0.01035	0.01216	0.02225	0.01271	0.20729	0.09460	0.56171	0.00598	0.00578	0.00273	0.00291
16	0.00704	0.00559	0.00634	0.00650	0.00798	0.00489	0.00479	0.00869	0.01316	0.01674	0.21005	0.18230	0.46025	0.01426	0.00677	0.00196	0.00294	0.02946	0.00544	0.00485
17	0.00771	0.00574	0.00717	0.00681	0.00825	0.00520	0.00511	0.01013	0.01533	0.02115	0.62808	0.04437	0.19006	0.01203	0.00664	0.00180	0.00269	0.01050	0.00601	0.00520
18	0.03100	0.33089	0.17994	0.01319	0.01814	0.26160	0.04675	0.03073	0.01327	0.01516	0.00884	0.01034	0.00729	0.00528	0.00461	0.00145	0.00795	0.00365	0.00265	0.00726
19	0.00690	0.00499	0.00654	0.00776	0.00822	0.00463	0.00526	0.00795	0.01097	0.01449	0.03276	0.72825	0.08690	0.01734	0.00716	0.00227	0.00329	0.03448	0.00522	0.00460
20	0.01063	0.01000	0.01688	0.78870	0.03876	0.01250	0.01563	0.01438	0.01125	0.01438	0.01000	0.01500	0.00750	0.00563	0.00563	0.00188	0.00750	0.00500	0.00250	0.00625
21	0.01231	0.01231	0.01724	0.01477	0.01477	0.01724	0.01231	0.01354	0.00862	0.01354	0.00739	0.01231	0.00739	0.00985	0.01847	0.00246	0.79192	0.00492	0.00246	0.00616
22	0.01315	0.38808	0.06383	0.01098	0.01465	0.10892	0.06112	0.01518	0.01205	0.01425	0.01597	0.19452	0.04953	0.00836	0.00507	0.00160	0.00611	0.00682	0.00328	0.00650
23	0.01503	0.00917	0.01028	0.00896	0.01177	0.00959	0.00704	0.06245	0.27450	0.17778	0.06470	0.02314	0.05694	0.00772	0.00531	0.00169	0.00392	0.00634	0.23602	0.00764
24	0.02455	0.01070	0.01375	0.01054	0.01492	0.00993	0.00871	0.15785	0.01798	0.63794	0.02063	0.01813	0.01314	0.00693	0.00565	0.00173	0.00504	0.00555	0.00672	0.00958
25	0.01231	0.01231	0.01724	0.01477	0.01477	0.01724	0.01231	0.01354	0.00862	0.01354	0.00739	0.01231	0.00739	0.00985	0.01847	0.00246	0.79192	0.00492	0.00246	0.00616
26	0.58035	0.01259	0.01096	0.06147	0.01440	0.05105	0.00790	0.16434	0.01341	0.02602	0.00917	0.01047	0.00695	0.00559	0.00414	0.00173	0.00522	0.00361	0.00382	0.00683
27	0.01457	0.03415	0.03597	0.01552	0.05692	0.12286	0.12515	0.12408	0.05758	0.01883	0.03647	0.04607	0.01177	0.01005	0.06445	0.00242	0.19330	0.00575	0.01696	0.00713
28	0.01241	0.03336	0.31741	0.07129	0.02020	0.07161	0.05289	0.08361	0.03373	0.01957	0.14137	0.02097	0.03544	0.00736	0.00604	0.00180	0.02225	0.03768	0.00369	0.00731
29	0.00911	0.00668	0.00824	0.00874	0.00978	0.00673	0.00624	0.09993	0.05236	0.01764	0.03840	0.62297	0.03280	0.01561	0.00693	0.00220	0.00375	0.04113	0.00531	0.00545
30	0.01117	0.00929	0.01109	0.00830	0.01267	0.00715	0.01960	0.01349	0.01190	0.03667	0.01721	0.05879	0.10271	0.00620	0.00471	0.00108	0.00407	0.00517	0.00375	0.65497
31	0.01935	0.04055	0.01601	0.01190	0.01638	0.05563	0.00977	0.50031	0.03995	0.06260	0.01303	0.01328	0.00952	0.00619	0.00527	0.00151	0.00592	0.00466	0.00501	0.16318
32	0.00713	0.00559	0.00655	0.00689	0.00822	0.00487	0.00491	0.00853	0.01217	0.01569	0.10925	0.37284	0.34357	0.01492	0.00675	0.00200	0.00308	0.01305	0.00522	0.04877
33	0.12283	0.29663	0.16833	0.01289	0.06458	0.01633	0.03044	0.08696	0.06069	0.04351	0.04044	0.01289	0.01009	0.00568	0.00465	0.00157	0.00613	0.00424	0.00339	0.00774
34	0.00843	0.00618	0.00810	0.00785	0.00923	0.00581	0.02279	0.02414	0.03795	0.03492	0.40950	0.25987	0.11755	0.01310	0.00673	0.00194	0.00318	0.01165	0.00573	0.00537
35	0.00725	0.00510	0.00662	0.00769	0.00802	0.00486	0.00514	0.00815	0.01044	0.01389	0.02848	0.61004	0.03381	0.16246	0.01119	0.00289	0.00379	0.06091	0.00489	0.00440
36	0.01062	0.00991	0.01662	0.71745	0.06599	0.01216	0.01515	0.01429	0.01156	0.01497	0.04996	0.01639	0.00997	0.00591	0.00568	0.00186	0.00721	0.00528	0.00271	0.00631
37	0.01312	0.03538	0.14375	0.10734	0.03684	0.10452	0.03909	0.03246	0.04781	0.09112	0.05317	0.04898	0.16860	0.00849	0.00625	0.00181	0.03130	0.01905	0.00405	0.00688
38	0.10194	0.01095	0.01295	0.01030	0.01427	0.01094	0.00841	0.16727	0.09864	0.42301	0.06739	0.01876	0.01521	0.00712	0.00551	0.00175	0.00485	0.00566	0.00618	0.00888
39	0.01676	0.00944	0.01120	0.00948	0.01254	0.00940	0.00746	0.11598	0.15149	0.28448	0.06719	0.09656	0.09641	0.03921	0.00676	0.00195	0.00437	0.00764	0.04386	0.00782
40	0.01537	0.03660	0.15193	0.03432	0.01818	0.27742	0.06518	0.05067	0.08994	0.03730	0.07582	0.07206	0.01461	0.00731	0.00597	0.00173	0.02890	0.00583	0.00372	0.00713
41	0.00837	0.00681	0.00810	0.00829	0.02725	0.02322	0.00592	0.01063	0.04736	0.01564	0.13814	0.09828	0.24989	0.12089	0.16983	0.00386	0.02535	0.02257	0.00452	0.00508
42	0.07327	0.00722	0.00790	0.00762	0.00934	0.00739	0.00569	0.11618	0.01356	0.05053	0.02277	0.29482	0.04551	0.01066	0.00545	0.00178	0.00358	0.00909	0.30182	0.00584
43	0.00765	0.00553	0.00710	0.00808	0.00875	0.00528	0.00572	0.03237	0.01157	0.01525	0.03153	0.59264	0.08726	0.05469	0.00820	0.00243	0.00367	0.10237	0.00514	0.00476
44	0.01551	0.16428	0.15079	0.03158	0.10350	0.11417	0.05171	0.07407	0.07058	0.06951	0.03775	0.01399	0.01048	0.00616	0.00613	0.00167	0.06206	0.00472	0.00348	0.00784
45	0.00978	0.00489	0.00733	0.00733	0.00733	0.00489	0.00489	0.00733	0.00733	0.00978	0.00978	0.01711	0.00978	0.01955	0.02199	0.83627	0.00489	0.00489	0.00244	0.00244
46	0.00689	0.00504	0.00648	0.00754	0.00811	0.00463	0.00511	0.00800	0.01127	0.01487	0.06988	0.67252	0.12513	0.01693	0.00709	0.00221	0.00319	0.01522	0.00527	0.00463
47	0.01258	0.04384	0.02087	0.11058	0.21267	0.01505	0.11082	0.01514	0.01079	0.01548	0.00970	0.03043	0.00870	0.00796	0.02413	0.00217	0.33401	0.00537	0.00267	0.00705
48	0.07795	0.17873	0.23187	0.06122	0.10146	0.04879	0.01325	0.04502	0.03110	0.05152	0.07595	0.03519	0.01268	0.00626	0.00507	0.00165	0.00644	0.00494	0.00336	0.00754
49	0.01344	0.01914	0.27709	0.01287	0.01701	0.16344	0.02231	0.04877	0.01252	0.04694	0.01220	0.01635	0.01026	0.08466	0.14232	0.00332	0.05131	0.00496	0.03429	0.00681
50	0.00805	0.00600	0.00892	0.00892	0.00988	0.00696	0.00687	0.00997	0.00901	0.01297	0.01519	0.02276	0.01435	0.07577	0.74675	0.00889	0.01465	0.00612	0.00303	0.00495
51	0.00978	0.00489	0.00733	0.00733	0.00733	0.00489	0.00489	0.00733	0.00733	0.00978	0.00978	0.01711	0.00978	0.01955	0.02199	0.83627	0.00489	0.00489	0.00244	0.00244
52	0.01563	0.16882	0.09062	0.01599	0.17110	0.01305	0.04144	0.05253	0.03260	0.18003	0.07704	0.05577	0.03018	0.00701	0.00570	0.00168	0.02271	0.00588	0.00422	0.00799
53	0.01590	0.01271	0.03571	0.11145	0.16181	0.05245	0.07416	0.07157	0.03504	0.16761	0.02401	0.01587	0.02578	0.00581	0.00543	0.00157	0.00616	0.00511	0.00407	0.16777
54	0.01173	0.02368	0.51365	0.01643	0.02273	0.03223	0.11336	0.01691	0.01161	0.01694	0.01054	0.03316	0.00832	0.00719	0.02775	0.00209	0.11651	0.00493	0.00255	0.00770
55	0.03634	0.01048	0.03828	0.03474	0.15813	0.02722	0.03905	0.04170	0.02586	0.24772	0.05980	0.18973	0.03036	0.00923	0.00605	0.00188	0.00521	0.02563	0.00501	0.00758
56	0.01372	0.04319	0.21524	0.07686	0.21739	0.03361	0.12828	0.08932	0.03174	0.01917	0.01081	0.01341	0.00837	0.00558	0.00624	0.00175	0.04756	0.00493	0.00301	0.02981
57	0.07073	0.01240	0.01392	0.04215	0.04618	0.12741	0.06989	0.06696	0.06178	0.11671	0.01901	0.05048	0.08262	0.01006	0.04232	0.03518	0.04240	0.03752	0.04546	0.00682
58	0.00933	0.00717	0.00899	0.00979	0.04034	0.00708	0.00752	0.04967	0.05746	0.01771	0.07551	0.10348	0.21199	0.05244	0.00809	0.00237	0.00441	0.31597	0.00513	0.00555
59	0.01330	0.06017	0.18457	0.01703	0.09285	0.01247	0.21513	0.05899	0.05205	0.05862	0.01599	0.01868	0.05903	0.00679	0.00627	0.02845	0.00691	0.02496	0.06018	0.00757
60	0.01497	0.37199	0.11194	0.01353	0.08461	0.11149	0.02387	0.07679	0.01354	0.01672	0.02899	0.04324	0.02084	0.00595	0.00467	0.00145	0.00662	0.00446	0.00305	0.04124
61	0.01085	0.00860	0.05877	0.02298	0.01142	0.01893	0.02245	0.04282	0.03097	0.05874	0.11848	0.07985	0.01988	0.03673	0.18546	0.08000	0.02592	0.00690	0.15458	0.00567
62	0.01085	0.09392	0.14517	0.01160	0.04265	0.01080	0.04038	0.07249	0.04734	0.01803	0.09260	0.12883	0.14206	0.01272	0.07773	0.00250	0.03166	0.00798	0.00410	0.00658
63	0.04473	0.04018	0.02363	0.01036	0.05765	0.01923	0.00772	0.05974	0.07508	0.15771	0.06820	0.12123	0.14637	0.00972	0.00599	0.00180	0.01694	0.03274	0.06755	0.03344
64	0.18306	0.03504	0.10078	0.04533	0.17178	0.11060	0.01189	0.10783	0.04689	0.05870	0.01218	0.02599	0.02109	0.00596	0.00502	0.00166	0.00638	0.00461	0.00366	0.04155
65	0.01324	0.08664	0.15172	0.03039	0.16429	0.02298	0.15871	0.05890	0.07283	0.01854	0.03084	0.01559	0.02912	0.00696	0.02521	0.00193	0.06880	0.00537	0.00323	0.03473
66	0.04262	0.07116	0.15467	0.01120	0.04651	0.05376	0.02469	0.01416	0.01274	0.07464	0.12268	0.18556	0.10852	0.03098	0.00656	0.00194	0.00521	0.02168	0.00434	0.00638

[dist]
# distance from previous block
# <min> <max>
3	14

[block]
# block no. 5 follows, 42 sequences, length 20
# corresponding to MSA columns:
# 633-648,650-653
name=unknown_F
#
# <colnr> <probs for GDERKNQSTAVLIFYWHMCP>
#	G	D	E	R	K	N	Q	S	T	A	V	L	I	F	Y	W	H	M	C	P
0	0.01086	0.15447	0.18895	0.01091	0.01447	0.02316	0.05215	0.03268	0.01158	0.01557	0.07339	0.06643	0.05789	0.17239	0.07163	0.00305	0.02427	0.00665	0.00338	0.00614
1	0.04217	0.09828	0.20391	0.04956	0.06940	0.01149	0.05948	0.03522	0.03876	0.05312	0.10148	0.08756	0.07661	0.00832	0.00576	0.00181	0.00587	0.04024	0.00392	0.00706
2	0.03326	0.07844	0.17308	0.08338	0.11511	0.08104	0.11229	0.06703	0.03417	0.01805	0.01187	0.01425	0.02960	0.00682	0.02681	0.00189	0.04989	0.00490	0.00305	0.05505
3	0.03764	0.14791	0.08275	0.13616	0.18279	0.16916	0.01306	0.01911	0.03832	0.08891	0.02626	0.01352	0.00951	0.00567	0.00511	0.00161	0.00714	0.00449	0.00326	0.00761
4	0.00731	0.00537	0.00648	0.00705	0.00782	0.00497	0.00484	0.00842	0.01127	0.01467	0.09678	0.35381	0.20618	0.18377	0.01163	0.00285	0.00369	0.05370	0.00492	0.00446
5	0.05091	0.06218	0.10591	0.09153	0.04931	0.05215	0.01097	0.12865	0.17333	0.06149	0.07900	0.03572	0.03143	0.00716	0.00545	0.00174	0.00571	0.00580	0.03383	0.00773
6	0.03356	0.21998	0.05962	0.01202	0.06179	0.06639	0.00985	0.09222	0.05857	0.09482	0.07924	0.01789	0.04047	0.01107	0.09906	0.00249	0.02437	0.00527	0.00398	0.00735
7	0.00689	0.00515	0.00642	0.00738	0.00812	0.00468	0.00510	0.00806	0.01145	0.01484	0.05644	0.58589	0.20831	0.01663	0.00706	0.00219	0.00320	0.03231	0.00525	0.00465
8	0.00820	0.00574	0.00683	0.00702	0.00825	0.00522	0.00507	0.00959	0.01217	0.05064	0.13401	0.20892	0.29008	0.14792	0.01054	0.00262	0.00365	0.07358	0.00512	0.00482
9	0.01358	0.05103	0.32234	0.05951	0.05562	0.15277	0.05469	0.06870	0.01400	0.01814	0.07304	0.01637	0.04045	0.00733	0.02687	0.00190	0.00788	0.00514	0.00319	0.00744
10	0.00978	0.00702	0.00811	0.00794	0.00932	0.00703	0.00563	0.06231	0.10369	0.04600	0.09088	0.27158	0.14846	0.18276	0.01132	0.00275	0.00402	0.01084	0.00507	0.00548
11	0.00904	0.00544	0.00771	0.00771	0.00829	0.00586	0.00557	0.00923	0.00865	0.01260	0.01355	0.02091	0.01281	0.07679	0.33535	0.33621	0.00888	0.00562	0.10584	0.00393
12	0.01272	0.27435	0.03999	0.01132	0.01499	0.01433	0.10177	0.06748	0.12290	0.01776	0.04836	0.07849	0.09912	0.03630	0.00626	0.00183	0.00557	0.03552	0.00399	0.00695
13	0.05095	0.01109	0.04376	0.01028	0.01406	0.01032	0.00861	0.17861	0.06521	0.35683	0.05583	0.08601	0.04392	0.00820	0.00572	0.00178	0.00484	0.00672	0.02883	0.00843
14	0.01060	0.00634	0.00805	0.00771	0.00942	0.00577	0.00573	0.01287	0.03544	0.14862	0.28621	0.25973	0.15588	0.01284	0.00660	0.00194	0.00329	0.01125	0.00588	0.00585
15	0.15109	0.01194	0.01277	0.01131	0.03036	0.03092	0.00886	0.26168	0.12125	0.07926	0.01767	0.12655	0.01564	0.00882	0.00613	0.00190	0.03482	0.05629	0.00506	0.00770
16	0.00963	0.01102	0.15527	0.01244	0.10601	0.00756	0.00970	0.01216	0.01206	0.05924	0.04938	0.34899	0.15961	0.01231	0.00643	0.00200	0.00465	0.01086	0.00450	0.00617
17	0.06652	0.00651	0.00811	0.00773	0.00937	0.00680	0.00594	0.01361	0.01100	0.12275	0.01788	0.07937	0.01561	0.05089	0.29948	0.00456	0.00792	0.00637	0.25389	0.00571
18	0.01146	0.02999	0.01159	0.05552	0.06477	0.00910	0.00855	0.06395	0.03349	0.08290	0.10152	0.08054	0.18282	0.01305	0.05516	0.00243	0.06577	0.11635	0.00476	0.00629
19	0.01215	0.02172	0.04665	0.09520	0.08822	0.04122	0.07066	0.03455	0.01180	0.03157	0.05745	0.06277	0.05215	0.00887	0.01024	0.00205	0.27375	0.03618	0.03627	0.00653

[dist]
# distance from previous block
# <min> <max>
0	2

[block]
# block no. 6 follows, 42 sequences, length 11
# corresponding to MSA columns:
# 656-666
name=unknown_G
#
# <colnr> <probs for GDERKNQSTAVLIFYWHMCP>
#	G	D	E	R	K	N	Q	S	T	A	V	L	I	F	Y	W	H	M	C	P
0	0.01578	0.00973	0.01369	0.09947	0.17388	0.00986	0.01007	0.05119	0.08035	0.22611	0.04243	0.06334	0.01499	0.00715	0.00545	0.00171	0.00496	0.00616	0.15590	0.00780
1	0.37658	0.10253	0.01530	0.16600	0.12726	0.09631	0.01051	0.01690	0.01127	0.01952	0.00875	0.01108	0.00703	0.00529	0.00439	0.00167	0.00612	0.00377	0.00300	0.00671
2	0.01363	0.00894	0.01064	0.00961	0.01153	0.05949	0.00756	0.01529	0.01206	0.20804	0.02359	0.06321	0.12650	0.08155	0.18584	0.00387	0.09861	0.04926	0.00454	0.00624
3	0.04494	0.03671	0.14618	0.11744	0.17726	0.04576	0.03600	0.06942	0.05329	0.04638	0.02801	0.01468	0.00994	0.00814	0.04655	0.00219	0.10122	0.00499	0.00327	0.00764
4	0.01283	0.01197	0.01309	0.04241	0.09498	0.10935	0.00966	0.06952	0.17445	0.01825	0.02035	0.19945	0.04125	0.02846	0.00783	0.00207	0.07916	0.05372	0.00440	0.00681
5	0.00861	0.00625	0.00799	0.00809	0.00919	0.00621	0.00604	0.01060	0.02877	0.04549	0.23200	0.27701	0.14493	0.05278	0.00873	0.00226	0.05604	0.07852	0.00529	0.00519
6	0.09554	0.01374	0.08533	0.02568	0.11171	0.03301	0.01067	0.24410	0.04481	0.10093	0.06493	0.03719	0.07614	0.00744	0.00553	0.00174	0.00555	0.00600	0.02195	0.00800
7	0.06719	0.20099	0.14129	0.02976	0.03074	0.05297	0.12531	0.09874	0.04931	0.05106	0.01221	0.01581	0.01004	0.02752	0.00616	0.00180	0.02646	0.04164	0.00345	0.00756
8	0.05301	0.00830	0.05870	0.00788	0.01024	0.00681	0.00650	0.05770	0.01358	0.07644	0.11278	0.20395	0.33782	0.01260	0.00637	0.00193	0.00373	0.01071	0.00520	0.00576
9	0.01251	0.06520	0.08246	0.01278	0.11784	0.01031	0.00962	0.06022	0.03286	0.01914	0.01340	0.01490	0.04754	0.00534	0.00467	0.00122	0.00499	0.00435	0.05176	0.42890
10	0.01374	0.39462	0.11620	0.07231	0.14197	0.04818	0.05909	0.01664	0.01196	0.01512	0.01033	0.05703	0.00934	0.00575	0.00475	0.00152	0.00674	0.00464	0.00268	0.00740

[dist]
# distance from previous block
# <min> <max>
0	5

[block]
# block no. 7 follows, 42 sequences, length 8
# corresponding to MSA columns:
# 672-679
name=unknown_H
#
# <colnr> <probs for GDERKNQSTAVLIFYWHMCP>
#	G	D	E	R	K	N	Q	S	T	A	V	L	I	F	Y	W	H	M	C	P
0	0.04245	0.01374	0.07521	0.01254	0.01578	0.04383	0.05842	0.16143	0.19369	0.04175	0.03642	0.07032	0.07624	0.00854	0.00770	0.00193	0.12120	0.00668	0.00455	0.00761
1	0.00881	0.00754	0.00866	0.01006	0.05893	0.05673	0.00678	0.01096	0.04607	0.01577	0.06710	0.43639	0.14564	0.01455	0.00682	0.00212	0.00409	0.08268	0.00498	0.00530
2	0.01456	0.01323	0.05738	0.03926	0.07440	0.07537	0.10501	0.08219	0.12831	0.10399	0.10422	0.02233	0.07327	0.03070	0.01895	0.00202	0.03623	0.00656	0.00452	0.00750
3	0.07898	0.21518	0.08182	0.03766	0.04867	0.11629	0.01100	0.15539	0.01486	0.06079	0.01115	0.04301	0.00927	0.00636	0.00572	0.00160	0.05811	0.00453	0.00357	0.03604
4	0.06532	0.16281	0.03952	0.01145	0.06147	0.02870	0.05658	0.04355	0.01227	0.04220	0.04640	0.18942	0.08434	0.05957	0.04946	0.00242	0.00576	0.02854	0.00399	0.00621
5	0.01186	0.03544	0.14081	0.21563	0.08536	0.01132	0.05812	0.01529	0.02912	0.06715	0.06924	0.05083	0.04564	0.02477	0.00817	0.05451	0.06046	0.00616	0.00341	0.00671
6	0.01246	0.01115	0.07430	0.09113	0.09957	0.02528	0.05427	0.04609	0.08454	0.08740	0.01994	0.05996	0.08978	0.16885	0.01123	0.04063	0.00585	0.00704	0.00400	0.00653
7	0.01246	0.05576	0.11225	0.05823	0.12572	0.07535	0.05763	0.01540	0.01191	0.05052	0.01385	0.06909	0.01265	0.03387	0.13498	0.00301	0.02340	0.04053	0.00328	0.09013

[dist]
# distance from previous block
# <min> <max>
10	51

[block]
# block no. 8 follows, 42 sequences, length 12
# corresponding to MSA columns:
# 751-762
name=unknown_I
#
# <colnr> <probs for GDERKNQSTAVLIFYWHMCP>
#	G	D	E	R	K	N	Q	S	T	A	V	L	I	F	Y	W	H	M	C	P
0	0.00797	0.00581	0.00736	0.00811	0.00884	0.00569	0.00563	0.03202	0.05477	0.01619	0.09820	0.58865	0.03556	0.06248	0.00829	0.00239	0.00356	0.03822	0.00525	0.00500
1	0.01486	0.01408	0.05905	0.08488	0.23356	0.03811	0.06188	0.20423	0.02762	0.02224	0.04460	0.01772	0.01207	0.00655	0.00611	0.00173	0.03111	0.04701	0.00384	0.06875
2	0.03505	0.15066	0.13249	0.01153	0.03003	0.01361	0.01049	0.05951	0.23598	0.08760	0.07334	0.04307	0.05372	0.00757	0.00578	0.00175	0.02943	0.00601	0.00452	0.00786
3	0.01467	0.00811	0.03338	0.00863	0.01138	0.00693	0.00707	0.01747	0.04288	0.30105	0.21903	0.09255	0.12446	0.01037	0.00622	0.00185	0.00392	0.05021	0.03282	0.00700
4	0.01231	0.00998	0.01428	0.10913	0.04047	0.01043	0.09916	0.14873	0.07931	0.04200	0.11378	0.18266	0.06509	0.03795	0.00708	0.00204	0.00532	0.00877	0.00474	0.00678
5	0.02912	0.04077	0.08678	0.04502	0.01457	0.05956	0.00907	0.12793	0.13511	0.05440	0.06688	0.08777	0.17572	0.03417	0.00659	0.00193	0.00516	0.00770	0.00476	0.00700
6	0.04817	0.05465	0.01256	0.01075	0.03355	0.07007	0.04076	0.01515	0.03954	0.11082	0.07981	0.16302	0.07532	0.02846	0.05383	0.00239	0.08356	0.02472	0.04660	0.00626
7	0.01006	0.00756	0.00852	0.00842	0.00985	0.03525	0.00611	0.08438	0.04690	0.04548	0.13180	0.36956	0.11440	0.06118	0.03140	0.00244	0.00428	0.01160	0.00523	0.00559
8	0.00799	0.00635	0.00789	0.00918	0.05323	0.02912	0.00595	0.00946	0.01218	0.01618	0.18181	0.46328	0.10567	0.05482	0.00795	0.00224	0.00363	0.01298	0.00512	0.00500
9	0.08852	0.05226	0.03294	0.08303	0.08490	0.08143	0.03552	0.09911	0.05021	0.03425	0.08025	0.06865	0.12339	0.02835	0.00616	0.00184	0.00553	0.00687	0.03005	0.00673
10	0.05488	0.12001	0.27516	0.01627	0.10506	0.09482	0.08778	0.01661	0.01211	0.01664	0.01219	0.09411	0.01097	0.00858	0.04909	0.00213	0.00780	0.00558	0.00292	0.00729
11	0.00847	0.00670	0.00737	0.00777	0.00918	0.03402	0.00577	0.01061	0.04785	0.03803	0.06062	0.31866	0.31314	0.01469	0.00684	0.00209	0.00366	0.09412	0.00524	0.00516

[dist]
# distance from previous block
# <min> <max>
0	1

[block]
# block no. 9 follows, 42 sequences, length 6
# corresponding to MSA columns:
# 765-770
name=unknown_J
#
# <colnr> <probs for GDERKNQSTAVLIFYWHMCP>
#	G	D	E	R	K	N	Q	S	T	A	V	L	I	F	Y	W	H	M	C	P
0	0.01563	0.07633	0.04714	0.12022	0.11999	0.15233	0.01151	0.05136	0.03970	0.12260	0.07875	0.01950	0.04554	0.00720	0.00617	0.00173	0.04388	0.02910	0.00399	0.00735
1	0.01137	0.05090	0.04127	0.01157	0.07185	0.04631	0.03390	0.04097	0.04921	0.03825	0.08487	0.13267	0.08295	0.05351	0.05676	0.00247	0.05313	0.02408	0.10778	0.00617
2	0.00855	0.00775	0.03013	0.01050	0.06056	0.03205	0.02760	0.01016	0.01164	0.01528	0.06955	0.41329	0.14089	0.05474	0.00848	0.00229	0.04018	0.04649	0.00467	0.00522
3	0.05751	0.01476	0.07247	0.01725	0.19011	0.09111	0.04025	0.13587	0.09504	0.07591	0.03599	0.01575	0.01161	0.00817	0.04972	0.00208	0.00681	0.00513	0.03468	0.03977
4	0.03767	0.01248	0.06883	0.17622	0.27127	0.01187	0.04654	0.05487	0.04839	0.06034	0.01362	0.07589	0.01174	0.03891	0.00657	0.00191	0.00635	0.00597	0.00349	0.04708
5	0.05432	0.06692	0.10233	0.07968	0.17633	0.07476	0.01248	0.10166	0.03001	0.04077	0.01116	0.01337	0.00884	0.00694	0.03224	0.00184	0.04410	0.00447	0.03227	0.10549

[dist]
# distance from previous block
# <min> <max>
5	12

[block]
# block no. 10 follows, 42 sequences, length 18
# corresponding to MSA columns:
# 783-800
name=unknown_K
#
# <colnr> <probs for GDERKNQSTAVLIFYWHMCP>
#	G	D	E	R	K	N	Q	S	T	A	V	L	I	F	Y	W	H	M	C	P
0	0.00781	0.00563	0.00675	0.00687	0.00808	0.00532	0.00506	0.00958	0.01236	0.01685	0.20416	0.12753	0.24578	0.09629	0.08684	0.00298	0.00447	0.05259	0.09023	0.00483
1	0.01298	0.01135	0.01074	0.01075	0.05234	0.15595	0.00767	0.01644	0.09741	0.06627	0.08359	0.13067	0.11007	0.00954	0.00643	0.00176	0.05206	0.00775	0.14994	0.00629
2	0.01582	0.14678	0.16867	0.01675	0.14700	0.17459	0.03401	0.08581	0.01459	0.05896	0.04789	0.04126	0.01141	0.00623	0.00526	0.00161	0.00724	0.00495	0.00341	0.00775
3	0.01331	0.00771	0.00990	0.00938	0.03730	0.00743	0.00691	0.03307	0.05876	0.21326	0.20471	0.12291	0.11262	0.04911	0.00771	0.00205	0.02813	0.03365	0.03544	0.00663
4	0.00713	0.00508	0.00653	0.00744	0.00788	0.00477	0.00494	0.00814	0.01095	0.01464	0.09472	0.59496	0.06620	0.12658	0.01011	0.00267	0.00350	0.01423	0.00506	0.00448
5	0.00901	0.00844	0.08659	0.00895	0.01077	0.00660	0.02634	0.01183	0.05620	0.04075	0.06574	0.40600	0.06888	0.06728	0.00799	0.00228	0.00416	0.03049	0.07620	0.00550
6	0.16074	0.06946	0.10131	0.03605	0.19635	0.12545	0.01215	0.05397	0.03018	0.03887	0.01049	0.01263	0.00839	0.00619	0.00611	0.02734	0.04919	0.00429	0.04348	0.00734
7	0.09237	0.06998	0.06322	0.03828	0.03096	0.12869	0.00934	0.13753	0.03950	0.02120	0.01489	0.02038	0.01268	0.00722	0.00504	0.00166	0.00578	0.09341	0.20106	0.00681
8	0.03282	0.15866	0.20175	0.03726	0.19794	0.07452	0.08452	0.09504	0.03229	0.01893	0.01045	0.01245	0.00820	0.00536	0.00520	0.00163	0.00735	0.00450	0.00302	0.00811
9	0.05571	0.00898	0.01127	0.05171	0.01324	0.00958	0.00789	0.13183	0.01456	0.17147	0.12417	0.04682	0.03633	0.06065	0.14347	0.00329	0.05366	0.00666	0.04196	0.00679
10	0.00799	0.00546	0.00662	0.00710	0.00735	0.00538	0.00459	0.00856	0.00943	0.01252	0.02247	0.22025	0.02600	0.51237	0.02080	0.00433	0.00490	0.10589	0.00407	0.00392
11	0.00759	0.00524	0.00646	0.00718	0.00755	0.00504	0.00470	0.00838	0.01009	0.01352	0.02681	0.41593	0.06259	0.30385	0.01493	0.00341	0.00414	0.05533	0.03304	0.00421
12	0.04205	0.01297	0.11425	0.01286	0.07119	0.03366	0.05395	0.03496	0.11674	0.04762	0.05297	0.15317	0.01686	0.00789	0.00554	0.00164	0.00530	0.00688	0.00413	0.20539
13	0.01849	0.07537	0.01543	0.01144	0.01511	0.11046	0.02226	0.30098	0.05201	0.14880	0.10770	0.04217	0.03957	0.00766	0.00563	0.00168	0.00581	0.00607	0.00525	0.00812
14	0.12083	0.01332	0.08974	0.01291	0.08339	0.05695	0.02128	0.09795	0.02596	0.10799	0.03470	0.08436	0.02313	0.03472	0.00672	0.00183	0.04203	0.02175	0.00416	0.11626
15	0.01382	0.32556	0.22333	0.01119	0.01621	0.03858	0.01177	0.04038	0.01313	0.07340	0.11509	0.04373	0.01522	0.00658	0.00490	0.00153	0.00606	0.00507	0.00351	0.03095
16	0.01008	0.00931	0.03730	0.05202	0.03488	0.04571	0.00774	0.03584	0.09211	0.01760	0.17585	0.14057	0.13016	0.10742	0.00980	0.00237	0.05173	0.02906	0.00466	0.00578
17	0.07518	0.00744	0.00902	0.00875	0.01013	0.00797	0.00669	0.05506	0.01211	0.05074	0.06988	0.25071	0.14223	0.06060	0.07126	0.00286	0.09067	0.05858	0.00466	0.00547

[dist]
# distance from previous block
# <min> <max>
0	34

[block]
