[name]
unknown

[dist]
# distance from previous block
# <min> <max>
0	29

[block]
# block no. 0 follows, 64 sequences, length 54
# corresponding to MSA columns:
# 30-83
name=unknown_A
#
# <colnr> <probs for GDERKNQSTAVLIFYWHMCP>
#	G	D	E	R	K	N	Q	S	T	A	V	L	I	F	Y	W	H	M	C	P
0	0.01551	0.01146	0.01230	0.00950	0.01276	0.01269	0.00784	0.78265	0.03746	0.02575	0.01033	0.01073	0.00748	0.00511	0.00418	0.00126	0.00453	0.01732	0.00415	0.00700
1	0.01548	0.00996	0.01125	0.00860	0.01192	0.01031	0.00708	0.50736	0.03681	0.21801	0.01138	0.01095	0.00787	0.00481	0.00403	0.00118	0.00411	0.00372	0.00419	0.11097
2	0.00941	0.09490	0.01363	0.01050	0.01092	0.01310	0.00887	0.02461	0.00681	0.01026	0.00557	0.00886	0.00547	0.00685	0.01235	0.00171	0.74617	0.00349	0.00186	0.00467
3	0.00506	0.00361	0.00482	0.00578	0.00602	0.00337	0.00386	0.00578	0.00795	0.01060	0.02289	0.85131	0.02747	0.01301	0.00530	0.00169	0.00241	0.01181	0.00386	0.00337
4	0.01332	0.01483	0.01051	0.00936	0.01146	0.49784	0.00716	0.12841	0.07271	0.01415	0.15112	0.01329	0.01240	0.00535	0.00408	0.00118	0.00573	0.01899	0.00304	0.00509
5	0.00722	0.00361	0.00541	0.00541	0.00541	0.00361	0.00361	0.00541	0.00541	0.00722	0.00722	0.01263	0.00722	0.01443	0.01623	0.87915	0.00361	0.00361	0.00180	0.00180
6	0.01820	0.00569	0.00683	0.00733	0.00835	0.03863	0.00594	0.08178	0.01003	0.01310	0.02035	0.29440	0.02250	0.01098	0.00534	0.00174	0.00359	0.43743	0.00378	0.00403
7	0.00499	0.00421	0.00432	0.00429	0.00566	0.00354	0.00322	0.00612	0.00966	0.01168	0.10829	0.03922	0.75993	0.01035	0.00491	0.00139	0.00209	0.00866	0.00392	0.00354
8	0.00513	0.00422	0.00451	0.00444	0.00575	0.00360	0.00333	0.00639	0.00999	0.01245	0.21985	0.03795	0.64789	0.01006	0.00491	0.00138	0.00207	0.00848	0.00402	0.00360
9	0.00805	0.00759	0.01283	0.77492	0.09612	0.00928	0.01164	0.01079	0.00840	0.01086	0.00742	0.01101	0.00563	0.00411	0.00415	0.00137	0.00549	0.00369	0.00186	0.00478
10	0.03068	0.12134	0.01306	0.01067	0.04006	0.69405	0.00801	0.01587	0.01120	0.01039	0.00638	0.00747	0.00537	0.00416	0.00360	0.00106	0.00695	0.00265	0.00210	0.00493
11	0.01463	0.01798	0.01164	0.01047	0.01239	0.70288	0.00793	0.04720	0.01140	0.01071	0.00670	0.00840	0.00576	0.03332	0.00523	0.00124	0.08220	0.00292	0.00220	0.00480
12	0.01533	0.01917	0.01183	0.01067	0.01278	0.78224	0.00805	0.04529	0.01189	0.01074	0.00652	0.00763	0.00542	0.00440	0.00406	0.00110	0.03305	0.00274	0.00220	0.00489
13	0.01811	0.00791	0.01016	0.00779	0.01102	0.00735	0.00643	0.16576	0.01329	0.68350	0.01521	0.01337	0.00969	0.00511	0.00417	0.00128	0.00372	0.00410	0.00496	0.00707
14	0.00631	0.00460	0.00515	0.00512	0.00533	0.03012	0.00319	0.00662	0.00634	0.00842	0.01252	0.02455	0.01392	0.67430	0.17273	0.00443	0.00546	0.00564	0.00245	0.00281
15	0.00505	0.00364	0.00479	0.00572	0.00601	0.00338	0.00383	0.00579	0.00802	0.01063	0.02373	0.81609	0.06215	0.01291	0.00528	0.00167	0.00240	0.01168	0.00386	0.00338
16	0.00612	0.00455	0.00599	0.01835	0.04299	0.00441	0.00448	0.03894	0.02227	0.01287	0.22759	0.45407	0.06749	0.04462	0.00591	0.01980	0.00262	0.00925	0.00385	0.00381
17	0.01028	0.00987	0.01686	0.02550	0.82811	0.00987	0.01275	0.01275	0.00946	0.01357	0.00781	0.01028	0.00658	0.00370	0.00411	0.00123	0.00493	0.00370	0.00206	0.00658
18	0.01046	0.00969	0.01674	0.06977	0.70762	0.00972	0.05531	0.01296	0.00951	0.04627	0.00817	0.01053	0.00666	0.00377	0.00416	0.00125	0.00502	0.00378	0.00217	0.00644
19	0.00827	0.04171	0.01266	0.74626	0.02656	0.00965	0.01100	0.02663	0.05542	0.01127	0.00792	0.01113	0.00597	0.00423	0.00410	0.00136	0.00534	0.00369	0.00202	0.00480
20	0.01484	0.14874	0.01331	0.01015	0.01251	0.71084	0.00788	0.01595	0.01126	0.01011	0.00632	0.00736	0.00535	0.00417	0.00358	0.00104	0.00702	0.00261	0.00208	0.00489
21	0.00503	0.00418	0.00439	0.00440	0.00570	0.00355	0.00328	0.00617	0.00966	0.01182	0.13230	0.07742	0.69700	0.01040	0.00493	0.00140	0.00210	0.00876	0.00394	0.00355
22	0.02406	0.02332	0.01466	0.09013	0.45518	0.18076	0.01077	0.10471	0.03161	0.01416	0.00791	0.00977	0.00640	0.00405	0.00401	0.00121	0.00540	0.00348	0.00235	0.00606
23	0.01028	0.00987	0.01686	0.02550	0.82811	0.00987	0.01275	0.01275	0.00946	0.01357	0.00781	0.01028	0.00658	0.00370	0.00411	0.00123	0.00493	0.00370	0.00206	0.00658
24	0.00869	0.00765	0.00925	0.00689	0.01001	0.00664	0.00556	0.01039	0.00827	0.01299	0.00709	0.00869	0.00604	0.00372	0.00470	0.00080	0.13309	0.00264	0.00236	0.74454
25	0.00604	0.00403	0.00453	0.00453	0.00453	0.00403	0.00252	0.00604	0.00604	0.00805	0.01309	0.02718	0.01510	0.85402	0.02114	0.00403	0.00403	0.00604	0.00252	0.00252
26	0.01579	0.01163	0.01247	0.00956	0.01288	0.01288	0.00789	0.81426	0.01953	0.02618	0.00997	0.00997	0.00706	0.00499	0.00416	0.00125	0.00457	0.00374	0.00416	0.00706
27	0.01040	0.00926	0.01186	0.03111	0.26611	0.01023	0.00864	0.03912	0.53040	0.01627	0.01370	0.01364	0.01049	0.00498	0.00419	0.00135	0.00388	0.00434	0.00350	0.00655
28	0.00833	0.02149	0.83250	0.01184	0.01798	0.00965	0.01535	0.01315	0.00877	0.01315	0.00745	0.00877	0.00526	0.00395	0.00395	0.00132	0.00614	0.00307	0.00175	0.00614
29	0.01068	0.00755	0.00894	0.00658	0.01003	0.00617	0.00527	0.06928	0.02143	0.14554	0.00933	0.01027	0.00725	0.03000	0.00391	0.00089	0.00329	0.00297	0.00304	0.63758
30	0.10549	0.01625	0.01159	0.01028	0.01236	0.57543	0.04433	0.04100	0.01089	0.01183	0.00731	0.00988	0.00635	0.00485	0.00459	0.00122	0.07406	0.04519	0.00231	0.00482
31	0.01552	0.01980	0.01177	0.01070	0.01284	0.83735	0.00803	0.01659	0.01177	0.01017	0.00642	0.00749	0.00535	0.00428	0.00375	0.00107	0.00749	0.00268	0.00214	0.00482
32	0.00515	0.00372	0.00488	0.00565	0.00603	0.00344	0.00383	0.00604	0.00847	0.01135	0.11901	0.71812	0.06419	0.01237	0.00524	0.00163	0.00234	0.01116	0.00394	0.00344
33	0.01006	0.00852	0.00917	0.00851	0.03565	0.04145	0.00641	0.04214	0.49969	0.03955	0.01564	0.09134	0.01311	0.00616	0.00424	0.00134	0.00347	0.04756	0.00383	0.11216
34	0.01518	0.01873	0.01145	0.01035	0.01249	0.76373	0.00779	0.05185	0.01198	0.01112	0.00689	0.00795	0.00566	0.00434	0.00373	0.00107	0.00711	0.00278	0.04091	0.00487
35	0.00542	0.00447	0.03113	0.00616	0.00681	0.00384	0.02388	0.00656	0.00871	0.01183	0.16602	0.65769	0.02837	0.01169	0.00518	0.00160	0.00256	0.01060	0.00388	0.00361
36	0.01592	0.01256	0.01185	0.00950	0.01240	0.19352	0.00768	0.47028	0.01597	0.15700	0.01007	0.01009	0.00716	0.00496	0.00448	0.00124	0.04153	0.00357	0.00378	0.00646
37	0.01529	0.01124	0.01205	0.00935	0.01256	0.01244	0.00769	0.73052	0.07878	0.03711	0.01064	0.01053	0.00759	0.00503	0.00414	0.00125	0.00442	0.00382	0.01856	0.00698
38	0.00616	0.00446	0.00602	0.00637	0.03846	0.00480	0.00418	0.00695	0.00647	0.00902	0.01196	0.02142	0.01255	0.43468	0.40315	0.00516	0.00739	0.00520	0.00236	0.00324
39	0.00816	0.00770	0.01302	0.73925	0.13096	0.00931	0.01169	0.01089	0.00845	0.01099	0.00744	0.01097	0.00567	0.00409	0.00415	0.00136	0.00546	0.00369	0.00187	0.00487
40	0.00593	0.00445	0.00668	0.00668	0.00742	0.00519	0.00519	0.00742	0.00668	0.00964	0.01113	0.01632	0.01038	0.03115	0.83756	0.00668	0.01113	0.00445	0.00223	0.00371
41	0.01567	0.01533	0.01215	0.01008	0.01286	0.38658	0.00795	0.45271	0.01601	0.01892	0.00836	0.00885	0.00629	0.00467	0.00397	0.00117	0.00589	0.00326	0.00324	0.00604
42	0.88336	0.00803	0.00611	0.00546	0.00803	0.00932	0.00450	0.01221	0.00707	0.01864	0.00578	0.00675	0.00450	0.00386	0.00257	0.00129	0.00321	0.00225	0.00257	0.00450
43	0.00507	0.00372	0.00476	0.00554	0.00597	0.00341	0.00376	0.00589	0.00832	0.01093	0.05747	0.70248	0.14248	0.01248	0.00523	0.00163	0.00235	0.01120	0.00388	0.00341
44	0.00549	0.00423	0.00501	0.00482	0.00597	0.00375	0.00361	0.00708	0.01084	0.01447	0.51062	0.03463	0.35586	0.00931	0.00490	0.00135	0.00202	0.00802	0.00428	0.00375
45	0.00914	0.00923	0.01352	0.01135	0.01164	0.01257	0.06372	0.01022	0.00660	0.01022	0.00565	0.00923	0.00551	0.00701	0.01304	0.00179	0.78937	0.00372	0.00184	0.00462
46	0.01000	0.04251	0.01498	0.19128	0.50055	0.00960	0.01121	0.01260	0.02930	0.04571	0.00813	0.01044	0.00656	0.00392	0.00419	0.00122	0.02219	0.00359	0.00220	0.06980
47	0.01045	0.01024	0.01654	0.02449	0.77235	0.04269	0.01246	0.01282	0.00946	0.01333	0.00769	0.01014	0.00650	0.00383	0.00437	0.00124	0.02924	0.00366	0.00205	0.00645
48	0.01414	0.00987	0.01083	0.00874	0.01163	0.01081	0.00707	0.44459	0.24586	0.12938	0.01325	0.03793	0.00978	0.00543	0.00419	0.00131	0.00395	0.00432	0.02016	0.00675
49	0.00544	0.00413	0.00501	0.00501	0.00599	0.00370	0.00367	0.00690	0.01039	0.01393	0.44446	0.17539	0.28107	0.00990	0.00497	0.00140	0.00208	0.00864	0.00423	0.00370
50	0.70514	0.03694	0.00760	0.00624	0.00867	0.00990	0.00519	0.04137	0.02445	0.04190	0.00645	0.00746	0.00504	0.00425	0.00365	0.00132	0.07452	0.00253	0.00265	0.00474
51	0.00532	0.00422	0.00478	0.00464	0.00586	0.00368	0.00348	0.00676	0.01044	0.01353	0.37454	0.03618	0.49253	0.00966	0.00490	0.00136	0.00204	0.00823	0.00416	0.00368
52	0.00724	0.00775	0.13595	0.00680	0.00884	0.00586	0.00616	0.03764	0.10335	0.02768	0.52593	0.05047	0.04475	0.00747	0.00465	0.00133	0.00289	0.00648	0.00405	0.00469
53	0.02642	0.24993	0.11841	0.00739	0.01115	0.02364	0.00709	0.04408	0.00941	0.09471	0.00943	0.01002	0.04248	0.00397	0.00331	0.00093	0.00400	0.00297	0.00257	0.32810

[dist]
# distance from previous block
# <min> <max>
1	5

[block]
# block no. 1 follows, 64 sequences, length 66
# corresponding to MSA columns:
# 89-98,102-157
name=unknown_B
#
# <colnr> <probs for GDERKNQSTAVLIFYWHMCP>
#	G	D	E	R	K	N	Q	S	T	A	V	L	I	F	Y	W	H	M	C	P
0	0.01131	0.06114	0.01560	0.09633	0.52104	0.17509	0.01123	0.03627	0.01004	0.01276	0.00744	0.00958	0.00618	0.00389	0.00396	0.00120	0.00546	0.00341	0.00210	0.00599
1	0.01011	0.00982	0.01630	0.08189	0.70065	0.03123	0.03528	0.01258	0.00945	0.01323	0.00823	0.01149	0.00703	0.00400	0.00418	0.00127	0.00507	0.02981	0.00210	0.00628
2	0.85475	0.00806	0.00621	0.00556	0.00812	0.00935	0.00457	0.01253	0.03373	0.01860	0.00615	0.00703	0.00477	0.00391	0.00262	0.00129	0.00322	0.00233	0.00262	0.00457
3	0.00596	0.00406	0.00461	0.00458	0.00476	0.00399	0.00270	0.00622	0.00682	0.00911	0.09699	0.02832	0.06495	0.71922	0.01855	0.00360	0.00371	0.00635	0.00280	0.00272
4	0.01036	0.00929	0.01021	0.00988	0.08217	0.06359	0.02947	0.08445	0.48294	0.01674	0.08921	0.01688	0.06481	0.00583	0.00430	0.00135	0.00372	0.00491	0.00384	0.00604
5	0.00678	0.00438	0.00569	0.00534	0.00636	0.00405	0.00395	0.00849	0.01105	0.07319	0.64193	0.08263	0.03409	0.06918	0.00600	0.00152	0.00225	0.00738	0.02177	0.00400
6	0.00688	0.00509	0.00650	0.06461	0.00840	0.00506	0.00477	0.00992	0.10321	0.04342	0.58581	0.02801	0.09634	0.00791	0.00475	0.00133	0.00243	0.00691	0.00430	0.00434
7	0.00654	0.00485	0.00668	0.00671	0.00755	0.00543	0.00515	0.00896	0.10678	0.01085	0.03575	0.10464	0.01380	0.02281	0.50182	0.08139	0.00789	0.05574	0.00277	0.00387
8	0.01048	0.01025	0.01667	0.02493	0.79715	0.04129	0.01257	0.01289	0.00955	0.01344	0.00776	0.01017	0.00653	0.00372	0.00410	0.00123	0.00503	0.00366	0.00206	0.00651
9	0.00972	0.00926	0.01555	0.21222	0.61184	0.00974	0.01222	0.01264	0.04215	0.01305	0.00808	0.01067	0.00659	0.00388	0.00413	0.00128	0.00501	0.00374	0.00210	0.00613
10	0.10194	0.00773	0.00984	0.02789	0.07497	0.00713	0.00645	0.06581	0.02127	0.43318	0.02046	0.01184	0.00859	0.00449	0.00380	0.00115	0.00361	0.00360	0.00395	0.18228
11	0.07223	0.01024	0.01542	0.05205	0.64986	0.05021	0.01158	0.06387	0.01000	0.01446	0.00772	0.00991	0.00637	0.00384	0.00399	0.00124	0.00494	0.00355	0.00222	0.00631
12	0.01253	0.00809	0.01040	0.02744	0.16430	0.05587	0.00729	0.11766	0.01116	0.26165	0.05577	0.03334	0.01084	0.02146	0.14176	0.00218	0.00528	0.00435	0.04284	0.00578
13	0.01064	0.00777	0.01146	0.02045	0.03394	0.03458	0.15971	0.03175	0.09962	0.18465	0.08007	0.08506	0.04686	0.07395	0.00678	0.02677	0.05436	0.02292	0.00348	0.00518
14	0.01229	0.01440	0.01236	0.04575	0.03118	0.45201	0.07598	0.01447	0.06890	0.01097	0.00783	0.00981	0.00658	0.00774	0.09998	0.00187	0.11736	0.00340	0.00224	0.00488
15	0.01001	0.00960	0.01632	0.10729	0.72942	0.00987	0.01254	0.01247	0.00927	0.01319	0.00772	0.01033	0.00645	0.00383	0.00433	0.00126	0.02402	0.00370	0.00203	0.00634
16	0.00861	0.00738	0.00861	0.00615	0.00984	0.00554	0.00492	0.01046	0.00861	0.01354	0.00738	0.00861	0.00615	0.00308	0.00308	0.00062	0.00308	0.00246	0.00246	0.87941
17	0.19360	0.00728	0.00911	0.09628	0.01187	0.00716	0.00630	0.03500	0.01069	0.52468	0.04742	0.01292	0.00975	0.00491	0.00388	0.00130	0.00364	0.00386	0.00422	0.00615
18	0.01044	0.01096	0.08092	0.02300	0.66921	0.01007	0.05766	0.06205	0.01004	0.01430	0.00795	0.01020	0.00649	0.00379	0.00415	0.00125	0.00512	0.00372	0.00216	0.00652
19	0.03333	0.01194	0.01091	0.00887	0.01172	0.22041	0.00710	0.32020	0.02484	0.25118	0.01107	0.01080	0.00774	0.00483	0.00397	0.00120	0.00485	0.00358	0.04519	0.00628
20	0.00870	0.00721	0.00742	0.00694	0.00867	0.04990	0.00526	0.02317	0.36234	0.03245	0.03473	0.16396	0.12084	0.00819	0.03164	0.00154	0.00332	0.00623	0.07917	0.03831
21	0.06172	0.00459	0.00555	0.00518	0.00636	0.00430	0.00390	0.00832	0.01095	0.04934	0.61197	0.02973	0.13099	0.04266	0.00538	0.00143	0.00221	0.00714	0.00430	0.00398
22	0.00969	0.00895	0.01454	0.37382	0.38446	0.00987	0.02437	0.07845	0.03093	0.01344	0.00805	0.01075	0.00633	0.00405	0.00415	0.00131	0.00515	0.00375	0.00220	0.00576
23	0.00770	0.00755	0.06723	0.28308	0.01567	0.00732	0.04124	0.04747	0.08865	0.01396	0.19928	0.02014	0.13097	0.00621	0.00440	0.00134	0.00391	0.00539	0.04379	0.00472
24	0.01006	0.03502	0.05636	0.00885	0.03343	0.02888	0.01606	0.04536	0.55393	0.01657	0.07973	0.01508	0.01314	0.00541	0.00413	0.00131	0.00359	0.00450	0.00379	0.06480
25	0.00609	0.00433	0.00562	0.00617	0.00677	0.00429	0.00473	0.00719	0.00811	0.01063	0.02026	0.15919	0.07748	0.25306	0.06662	0.00277	0.00405	0.34594	0.00335	0.00335
26	0.01084	0.01038	0.01632	0.03395	0.68601	0.04372	0.03401	0.06951	0.02906	0.01436	0.00813	0.01030	0.00668	0.00386	0.00413	0.00124	0.00504	0.00372	0.00226	0.00649
27	0.07720	0.00927	0.04220	0.00866	0.01180	0.00900	0.03981	0.23781	0.03127	0.42110	0.01258	0.01188	0.00841	0.00503	0.00463	0.00131	0.05328	0.00389	0.00422	0.00663
28	0.75930	0.00817	0.00722	0.03022	0.04451	0.00958	0.00538	0.01203	0.00716	0.01758	0.00589	0.00719	0.00469	0.00410	0.00346	0.00132	0.06269	0.00245	0.00247	0.00460
29	0.01290	0.00773	0.01022	0.00752	0.01105	0.00646	0.05657	0.05747	0.01052	0.32609	0.01102	0.01096	0.00779	0.00399	0.00367	0.00095	0.00358	0.00334	0.00355	0.44461
30	0.00811	0.00745	0.01254	0.80526	0.05175	0.00919	0.01148	0.01085	0.00840	0.02517	0.00755	0.01110	0.00565	0.00416	0.00415	0.00138	0.00548	0.00370	0.00191	0.00472
31	0.00820	0.00741	0.01181	0.71191	0.02552	0.00901	0.01059	0.06686	0.00932	0.01206	0.05348	0.01304	0.03439	0.00466	0.00422	0.00137	0.00516	0.00407	0.00222	0.00471
32	0.01542	0.01075	0.01174	0.00916	0.01235	0.01176	0.00752	0.61930	0.12211	0.11893	0.01162	0.01117	0.00816	0.00509	0.00417	0.00127	0.00428	0.00391	0.00428	0.00700
33	0.00506	0.00361	0.00482	0.00578	0.00602	0.00337	0.00386	0.00578	0.00795	0.01060	0.02289	0.85131	0.02747	0.01301	0.00530	0.00169	0.00241	0.01181	0.00386	0.00337
34	0.00872	0.00725	0.01093	0.01317	0.26602	0.00808	0.00802	0.04272	0.01788	0.04083	0.00975	0.02871	0.00903	0.09910	0.26209	0.01710	0.13903	0.00433	0.00237	0.00488
35	0.01025	0.00991	0.01656	0.04838	0.77316	0.02083	0.01256	0.01267	0.00937	0.01335	0.00772	0.01024	0.00650	0.00381	0.00436	0.00125	0.02690	0.00369	0.00204	0.00645
36	0.00516	0.00374	0.00486	0.00559	0.00600	0.00346	0.00380	0.00605	0.00849	0.01135	0.12189	0.68528	0.08251	0.02400	0.00545	0.00165	0.00236	0.01100	0.00392	0.00344
37	0.00953	0.00887	0.02657	0.37255	0.44544	0.00945	0.01202	0.01213	0.00905	0.04335	0.00795	0.01074	0.00626	0.00395	0.00413	0.00130	0.00516	0.00371	0.00208	0.00576
38	0.01145	0.01298	0.01240	0.35756	0.06942	0.36233	0.02564	0.01410	0.06514	0.01117	0.01522	0.00999	0.00633	0.00431	0.00400	0.00124	0.00618	0.00339	0.00218	0.00497
39	0.00589	0.00448	0.00604	0.00721	0.06416	0.00437	0.00469	0.00733	0.04130	0.01138	0.07211	0.51549	0.07092	0.07007	0.04836	0.00203	0.00321	0.05358	0.00361	0.00375
40	0.00524	0.00394	0.00490	0.00556	0.00623	0.00359	0.00401	0.00623	0.00867	0.01116	0.05057	0.50823	0.24734	0.01202	0.00523	0.00163	0.00248	0.10563	0.00387	0.00348
41	0.02586	0.02643	0.01446	0.13030	0.22056	0.06494	0.15505	0.03772	0.11971	0.04694	0.04640	0.03261	0.04055	0.00485	0.00441	0.00132	0.01500	0.00450	0.00274	0.00565
42	0.13674	0.02902	0.03410	0.02661	0.21098	0.00848	0.00778	0.11054	0.01094	0.28273	0.01107	0.01157	0.00793	0.01736	0.00404	0.00128	0.00396	0.00365	0.07507	0.00614
43	0.02792	0.01753	0.01168	0.01044	0.01269	0.66808	0.03139	0.04062	0.07167	0.02954	0.00810	0.00973	0.00670	0.00463	0.00389	0.00115	0.00680	0.02992	0.00248	0.00505
44	0.00990	0.00983	0.01449	0.22943	0.44367	0.08065	0.01136	0.02213	0.00912	0.01223	0.00755	0.01038	0.00628	0.00530	0.03875	0.00153	0.07609	0.00364	0.00202	0.00565
45	0.00593	0.00445	0.00668	0.00668	0.00742	0.00519	0.00519	0.00742	0.00668	0.00964	0.01113	0.01632	0.01038	0.03115	0.83756	0.00668	0.01113	0.00445	0.00223	0.00371
46	0.00784	0.00738	0.01246	0.84404	0.02861	0.00923	0.01154	0.01061	0.00831	0.01061	0.00738	0.01107	0.00554	0.00415	0.00415	0.00138	0.00554	0.00369	0.00185	0.00461
47	0.00953	0.00846	0.01179	0.18980	0.14638	0.04220	0.06495	0.02452	0.20735	0.04536	0.13482	0.01546	0.01313	0.00517	0.00428	0.00131	0.00429	0.01716	0.00312	0.05093
48	0.01091	0.79776	0.07881	0.00744	0.01118	0.01596	0.00769	0.01249	0.00846	0.01001	0.00589	0.00681	0.00533	0.00358	0.00276	0.00092	0.00456	0.00228	0.00178	0.00539
49	0.00506	0.00361	0.00482	0.00578	0.00602	0.00337	0.00386	0.00578	0.00795	0.01060	0.02289	0.85131	0.02747	0.01301	0.00530	0.00169	0.00241	0.01181	0.00386	0.00337
50	0.01004	0.00863	0.01052	0.08991	0.04593	0.02652	0.05795	0.03856	0.50401	0.03953	0.01577	0.04439	0.04200	0.00570	0.00428	0.00138	0.00382	0.01364	0.03142	0.00597
51	0.04314	0.00997	0.01812	0.07997	0.51317	0.00998	0.22824	0.01284	0.01922	0.01353	0.00798	0.01051	0.00643	0.00371	0.00427	0.00129	0.00545	0.00398	0.00210	0.00610
52	0.01547	0.00643	0.00870	0.00700	0.00969	0.00562	0.00574	0.01714	0.01160	0.62378	0.13597	0.01942	0.03387	0.00617	0.00439	0.00133	0.00329	0.06075	0.00490	0.01872
53	0.01786	0.00743	0.00975	0.00757	0.01073	0.00675	0.00622	0.05754	0.07446	0.73073	0.01613	0.01405	0.01032	0.00517	0.00418	0.00129	0.00356	0.00420	0.00502	0.00703
54	0.00509	0.00365	0.00484	0.00574	0.00603	0.00340	0.00385	0.00587	0.00813	0.01086	0.05582	0.80521	0.04052	0.01279	0.00528	0.00167	0.00239	0.01159	0.00388	0.00340
55	0.00784	0.00714	0.01185	0.78492	0.02694	0.00885	0.01093	0.01055	0.00833	0.01096	0.00782	0.01138	0.00590	0.00420	0.00406	0.00135	0.00528	0.00370	0.06343	0.00456
56	0.00805	0.00759	0.01283	0.77482	0.09621	0.00928	0.01164	0.01079	0.00840	0.01086	0.00742	0.01101	0.00563	0.00411	0.00415	0.00137	0.00549	0.00369	0.00186	0.00478
57	0.01820	0.00697	0.00950	0.00732	0.01045	0.00603	0.00603	0.01982	0.01188	0.80345	0.04377	0.01471	0.01126	0.00525	0.00420	0.00129	0.00348	0.00429	0.00512	0.00696
58	0.01562	0.01147	0.01228	0.00944	0.01271	0.01269	0.00779	0.79723	0.01930	0.02595	0.01005	0.01009	0.00714	0.00498	0.00413	0.00124	0.00452	0.00374	0.02263	0.00700
59	0.01864	0.00707	0.00964	0.00739	0.01060	0.00611	0.00611	0.02024	0.01189	0.83099	0.01639	0.01414	0.01028	0.00514	0.00418	0.00129	0.00353	0.00418	0.00514	0.00707
60	0.00544	0.00419	0.00487	0.00475	0.00582	0.00373	0.00349	0.00683	0.01024	0.01350	0.40256	0.05960	0.38036	0.06901	0.00606	0.00155	0.00218	0.00809	0.00409	0.00362
61	0.00538	0.00389	0.00512	0.00590	0.00630	0.00373	0.00406	0.02307	0.00822	0.01094	0.02268	0.72656	0.06015	0.01385	0.05784	0.00199	0.00303	0.03005	0.00376	0.00349
62	0.00913	0.01018	0.08994	0.55911	0.11017	0.08176	0.03990	0.01191	0.00891	0.02927	0.00758	0.01053	0.00574	0.00410	0.00412	0.00133	0.00571	0.00360	0.00197	0.00507
63	0.01588	0.01150	0.01238	0.00949	0.01281	0.01268	0.00784	0.79012	0.01930	0.05065	0.01017	0.01010	0.00716	0.00499	0.00416	0.00125	0.00454	0.00375	0.00419	0.00706
64	0.00972	0.01107	0.02416	0.01730	0.02143	0.01038	0.79852	0.01317	0.00977	0.01326	0.00866	0.02627	0.00668	0.00367	0.00491	0.00141	0.00692	0.00503	0.00213	0.00556
65	0.00970	0.00928	0.01581	0.22108	0.63708	0.00972	0.01246	0.01224	0.00918	0.01286	0.00771	0.01047	0.00633	0.00381	0.00412	0.00127	0.00508	0.00370	0.00201	0.00611

[dist]
# distance from previous block
# <min> <max>
1	2

[block]
# block no. 2 follows, 64 sequences, length 7
# corresponding to MSA columns:
# 160-166
name=unknown_C
#
# <colnr> <probs for GDERKNQSTAVLIFYWHMCP>
#	G	D	E	R	K	N	Q	S	T	A	V	L	I	F	Y	W	H	M	C	P
0	0.00903	0.00668	0.01001	0.03465	0.13207	0.00642	0.08312	0.01173	0.08802	0.12948	0.08624	0.22144	0.10786	0.00750	0.00461	0.00139	0.00352	0.00679	0.00358	0.04588
1	0.00993	0.00771	0.01113	0.02867	0.17788	0.00704	0.06610	0.03048	0.05863	0.11524	0.05251	0.07360	0.05904	0.00513	0.00403	0.00112	0.00374	0.00459	0.00310	0.28034
2	0.06625	0.05386	0.00983	0.00817	0.05538	0.04823	0.00617	0.06283	0.11914	0.28160	0.14983	0.01575	0.03358	0.00546	0.00404	0.00122	0.00353	0.00445	0.00399	0.06668
3	0.01084	0.00887	0.01449	0.11065	0.55497	0.00898	0.01101	0.04076	0.00987	0.11221	0.00996	0.07102	0.00843	0.00464	0.00421	0.00129	0.00464	0.00434	0.00261	0.00621
4	0.04184	0.01012	0.01566	0.02109	0.59600	0.04298	0.05463	0.04462	0.05524	0.06447	0.00883	0.01061	0.00703	0.00396	0.00410	0.00125	0.00490	0.00376	0.00247	0.00643
5	0.08828	0.00843	0.01197	0.05897	0.21250	0.00845	0.06679	0.06136	0.10724	0.13702	0.06090	0.01346	0.02500	0.00472	0.00403	0.00124	0.00408	0.01663	0.00320	0.10576
6	0.03771	0.00832	0.01304	0.21348	0.26807	0.00868	0.04887	0.06069	0.00999	0.17114	0.01047	0.07126	0.00845	0.00490	0.00442	0.00132	0.02513	0.00436	0.00288	0.02681

[dist]
# distance from previous block
# <min> <max>
0	25

# created by:
# /st0/software/busco_prod/Augustus/scripts/msa2prfl.pl ./align_prep/135470.fa
