[name]
unknown

[dist]
# distance from previous block
# <min> <max>
0	53

[block]
# block no. 0 follows, 59 sequences, length 38
# corresponding to MSA columns:
# 53-90
name=unknown_A
#
# <colnr> <probs for GDERKNQSTAVLIFYWHMCP>
#	G	D	E	R	K	N	Q	S	T	A	V	L	I	F	Y	W	H	M	C	P
0	0.04873	0.00777	0.00995	0.00794	0.01110	0.02009	0.00654	0.02056	0.06987	0.67275	0.01725	0.01682	0.01168	0.00584	0.00448	0.00141	0.00381	0.05111	0.00516	0.00714
1	0.37439	0.00815	0.00824	0.00701	0.00974	0.02552	0.00565	0.01674	0.10912	0.29052	0.06321	0.04225	0.01116	0.00546	0.00382	0.00139	0.00352	0.00413	0.00405	0.00591
2	0.00825	0.00727	0.10775	0.00687	0.00896	0.00530	0.00615	0.01066	0.01187	0.10719	0.55106	0.02825	0.03160	0.00803	0.00499	0.00140	0.00298	0.05334	0.00444	0.03366
3	0.01450	0.01304	0.01301	0.01049	0.01339	0.21039	0.08313	0.37392	0.03499	0.04683	0.10998	0.03286	0.01200	0.00565	0.00452	0.00132	0.00540	0.00456	0.00377	0.00626
4	0.01085	0.58054	0.28168	0.00919	0.01385	0.01514	0.01039	0.01347	0.00909	0.01155	0.00672	0.00781	0.00564	0.00391	0.00327	0.00109	0.00531	0.00265	0.00188	0.00595
5	0.00766	0.00420	0.00478	0.00474	0.00559	0.00422	0.00346	0.00917	0.00897	0.01477	0.11280	0.01914	0.01504	0.06482	0.07419	0.08179	0.00318	0.00478	0.55289	0.00381
6	0.00642	0.00428	0.00482	0.00482	0.00482	0.00428	0.00268	0.00642	0.00642	0.00856	0.01392	0.02890	0.01606	0.84478	0.02248	0.00428	0.00428	0.00642	0.00268	0.00268
7	0.06476	0.01111	0.01172	0.00942	0.01260	0.02456	0.00765	0.46989	0.23396	0.08867	0.01285	0.01232	0.00923	0.00542	0.00434	0.00138	0.00436	0.00418	0.00439	0.00718
8	0.00528	0.00437	0.00463	0.00478	0.00606	0.00372	0.00350	0.00637	0.00988	0.01201	0.06652	0.17316	0.66140	0.01155	0.00529	0.00154	0.00229	0.00981	0.00413	0.00372
9	0.87598	0.00854	0.00649	0.00581	0.00854	0.00991	0.00478	0.01298	0.00752	0.01982	0.00615	0.00717	0.00478	0.00410	0.00273	0.00137	0.00342	0.00239	0.00273	0.00478
10	0.01679	0.01237	0.01325	0.01016	0.01370	0.01370	0.00839	0.80251	0.02077	0.02783	0.01060	0.01060	0.00751	0.00530	0.00442	0.00133	0.00486	0.00398	0.00442	0.00751
11	0.00957	0.00809	0.00863	0.00786	0.01003	0.00897	0.00610	0.03975	0.55072	0.01736	0.09758	0.02331	0.16223	0.00733	0.00473	0.00149	0.00318	0.02253	0.00445	0.00608
12	0.00625	0.00451	0.00590	0.00556	0.00660	0.00417	0.00417	0.00833	0.01250	0.01771	0.81490	0.03299	0.04167	0.00903	0.00521	0.00139	0.00208	0.00799	0.00486	0.00417
13	0.01295	0.00779	0.07309	0.00767	0.00995	0.01860	0.00648	0.07529	0.01079	0.32113	0.06504	0.07445	0.01326	0.00931	0.01849	0.22066	0.00408	0.04175	0.00392	0.00529
14	0.00829	0.00448	0.00459	0.00451	0.00563	0.00455	0.00340	0.01101	0.06001	0.01667	0.06240	0.01745	0.01327	0.00543	0.00330	0.00108	0.00215	0.00440	0.76307	0.00430
15	0.01034	0.00955	0.01446	0.16366	0.42415	0.01031	0.01117	0.01579	0.23591	0.01513	0.03727	0.01337	0.00977	0.00477	0.00444	0.00140	0.00476	0.00436	0.00289	0.00653
16	0.01128	0.01011	0.01012	0.00912	0.01160	0.05470	0.00707	0.02316	0.76657	0.01806	0.01738	0.01602	0.01306	0.00591	0.00447	0.00148	0.00373	0.00488	0.00438	0.00689
17	0.00801	0.00414	0.00420	0.00420	0.00510	0.00414	0.00304	0.00981	0.00891	0.01549	0.01435	0.01801	0.01191	0.10925	0.00549	0.00143	0.00233	0.00440	0.76185	0.00394
18	0.00804	0.00623	0.00793	0.00741	0.00838	0.02444	0.00566	0.10651	0.00877	0.01216	0.01161	0.01798	0.01110	0.17503	0.51545	0.00545	0.05613	0.00486	0.00265	0.00423
19	0.01452	0.14814	0.07281	0.01233	0.08991	0.51778	0.00944	0.04075	0.01161	0.01185	0.00703	0.00834	0.00586	0.00446	0.00415	0.00117	0.02910	0.00297	0.00224	0.00555
20	0.01037	0.01449	0.27862	0.03216	0.29821	0.01089	0.09930	0.03994	0.02703	0.03024	0.00840	0.01056	0.00658	0.00460	0.00567	0.00144	0.10892	0.00388	0.00224	0.00645
21	0.00939	0.04931	0.60296	0.01246	0.06479	0.07256	0.01403	0.01361	0.00986	0.01388	0.06971	0.01180	0.02716	0.00472	0.00424	0.00136	0.00606	0.00374	0.00219	0.00617
22	0.00552	0.00448	0.00501	0.00501	0.00627	0.00402	0.00373	0.00677	0.00984	0.01232	0.13492	0.06779	0.56698	0.03760	0.10766	0.00227	0.00348	0.00862	0.00394	0.00377
23	0.01036	0.01993	0.64734	0.01256	0.01851	0.00987	0.08801	0.01494	0.00984	0.11398	0.00920	0.01027	0.00636	0.00431	0.00432	0.00140	0.00627	0.00359	0.00235	0.00660
24	0.87598	0.00854	0.00649	0.00581	0.00854	0.00991	0.00478	0.01298	0.00752	0.01982	0.00615	0.00717	0.00478	0.00410	0.00273	0.00137	0.00342	0.00239	0.00273	0.00478
25	0.00908	0.05663	0.74105	0.01274	0.01903	0.01061	0.06279	0.01396	0.00938	0.01385	0.00791	0.00939	0.00566	0.00415	0.00420	0.00139	0.00651	0.00334	0.00189	0.00646
26	0.00625	0.00451	0.00590	0.00556	0.00660	0.00417	0.00417	0.00833	0.01250	0.01771	0.81490	0.03299	0.04167	0.00903	0.00521	0.00139	0.00208	0.00799	0.00486	0.00417
27	0.00676	0.00551	0.00813	0.00800	0.00905	0.00544	0.08994	0.00940	0.10810	0.01264	0.02183	0.58476	0.02454	0.01165	0.00549	0.00174	0.00333	0.07545	0.00395	0.00430
28	0.15453	0.00779	0.00973	0.00759	0.01090	0.00720	0.00627	0.03825	0.01202	0.67594	0.01549	0.01369	0.00989	0.00525	0.00417	0.00137	0.00373	0.00411	0.00501	0.00709
29	0.00641	0.00434	0.00510	0.00510	0.00520	0.00444	0.00303	0.00660	0.00651	0.00877	0.01366	0.02747	0.01544	0.74415	0.12227	0.00463	0.00522	0.00621	0.00264	0.00283
30	0.01144	0.71600	0.04866	0.00823	0.01163	0.01675	0.00811	0.01293	0.00871	0.01054	0.00616	0.00748	0.00568	0.00428	0.00433	0.00108	0.10794	0.00258	0.00189	0.00559
31	0.00899	0.00838	0.03002	0.00813	0.01141	0.00703	0.07203	0.01094	0.00889	0.01360	0.00891	0.05978	0.00812	0.03186	0.00538	0.00106	0.08932	0.00369	0.00259	0.60988
32	0.01150	0.01484	0.13427	0.01533	0.01953	0.15469	0.45540	0.04224	0.06421	0.01430	0.00906	0.01106	0.00684	0.00413	0.00474	0.00139	0.00698	0.00441	0.00242	0.02265
33	0.01065	0.00899	0.00948	0.00845	0.01087	0.01015	0.00659	0.08725	0.62420	0.01844	0.03957	0.01960	0.11308	0.00665	0.00459	0.00148	0.00342	0.00551	0.00445	0.00656
34	0.01061	0.01017	0.01735	0.12718	0.71968	0.01041	0.01339	0.01327	0.00990	0.01404	0.00825	0.01104	0.00686	0.00399	0.00438	0.00133	0.00533	0.00393	0.00216	0.00674
35	0.00729	0.00551	0.00704	0.00757	0.00884	0.00557	0.00639	0.01050	0.10940	0.01403	0.08356	0.04350	0.12819	0.01107	0.00572	0.00185	0.00361	0.53178	0.00418	0.00439
36	0.00538	0.00384	0.00512	0.00615	0.00641	0.00359	0.00410	0.00615	0.00846	0.01127	0.02434	0.84190	0.02921	0.01384	0.00564	0.00179	0.00256	0.01256	0.00410	0.00359
37	0.00547	0.00448	0.00482	0.00473	0.00612	0.00383	0.00355	0.00682	0.01065	0.01332	0.22926	0.04023	0.63006	0.01067	0.00522	0.00147	0.00220	0.00900	0.00428	0.00383

[dist]
# distance from previous block
# <min> <max>
8	38

[block]
# block no. 1 follows, 59 sequences, length 23
# corresponding to MSA columns:
# 132-154
name=unknown_B
#
# <colnr> <probs for GDERKNQSTAVLIFYWHMCP>
#	G	D	E	R	K	N	Q	S	T	A	V	L	I	F	Y	W	H	M	C	P
0	0.02822	0.01183	0.05428	0.03508	0.32450	0.06448	0.07306	0.19991	0.05916	0.01732	0.00994	0.04819	0.00821	0.00498	0.00475	0.00137	0.03098	0.00434	0.00293	0.01648
1	0.00699	0.00579	0.00732	0.08794	0.00992	0.04924	0.03221	0.02314	0.00901	0.01196	0.02809	0.54451	0.02205	0.03813	0.03215	0.00188	0.00373	0.00956	0.04558	0.03078
2	0.01468	0.01692	0.01293	0.01256	0.09223	0.52367	0.00896	0.09639	0.01219	0.01298	0.00753	0.00918	0.00629	0.00585	0.03075	0.00145	0.10827	0.00327	0.01845	0.00546
3	0.01295	0.64651	0.02056	0.00849	0.01190	0.21432	0.00779	0.01430	0.00984	0.01049	0.00631	0.00730	0.00567	0.00397	0.00311	0.00099	0.00551	0.00248	0.00198	0.00553
4	0.00611	0.00451	0.00571	0.00541	0.00651	0.00411	0.00406	0.00806	0.01217	0.01693	0.71035	0.03428	0.14671	0.00932	0.00521	0.00140	0.00210	0.00817	0.00476	0.00411
5	0.00925	0.00919	0.01028	0.00920	0.00992	0.13754	0.02322	0.01040	0.00833	0.01105	0.08815	0.01610	0.01190	0.13224	0.18265	0.00316	0.31591	0.00468	0.00248	0.00434
6	0.00625	0.00456	0.00515	0.00506	0.00614	0.00410	0.00364	0.00736	0.00977	0.03641	0.19166	0.03688	0.40378	0.20959	0.00936	0.00216	0.00283	0.04766	0.00395	0.00370
7	0.00598	0.00448	0.00555	0.00546	0.00655	0.00406	0.00410	0.00773	0.01150	0.01561	0.53072	0.09349	0.23088	0.01005	0.00529	0.00147	0.00225	0.04621	0.00458	0.00401
8	0.01650	0.02105	0.01252	0.01138	0.01365	0.82705	0.00853	0.01764	0.01252	0.01081	0.00683	0.00796	0.00569	0.00455	0.00398	0.00114	0.00796	0.00284	0.00228	0.00512
9	0.00538	0.00384	0.00512	0.00615	0.00641	0.00359	0.00410	0.00615	0.00846	0.01127	0.02434	0.84190	0.02921	0.01384	0.00564	0.00179	0.00256	0.01256	0.00410	0.00359
10	0.03945	0.01136	0.03790	0.00972	0.01302	0.03900	0.03236	0.46039	0.09515	0.15072	0.01277	0.05653	0.00959	0.00571	0.00445	0.00138	0.00462	0.00455	0.00431	0.00701
11	0.00696	0.00492	0.00626	0.00685	0.02207	0.00488	0.00466	0.08489	0.00938	0.01252	0.02040	0.55894	0.02361	0.11077	0.00821	0.05503	0.00319	0.04880	0.00379	0.00385
12	0.00739	0.00454	0.00562	0.00528	0.00642	0.00426	0.00398	0.00945	0.01164	0.05342	0.56549	0.02778	0.03219	0.00783	0.00461	0.00129	0.00215	0.00680	0.23555	0.00430
13	0.04418	0.01128	0.01262	0.01113	0.09218	0.01227	0.00829	0.61934	0.01820	0.02467	0.01359	0.01366	0.08696	0.00571	0.00444	0.00134	0.00459	0.00445	0.00411	0.00700
14	0.01203	0.48217	0.15632	0.01100	0.09245	0.15556	0.00980	0.01415	0.00975	0.01147	0.00678	0.00800	0.00579	0.00400	0.00342	0.00109	0.00564	0.00275	0.00198	0.00585
15	0.00597	0.00436	0.00561	0.00559	0.00650	0.00400	0.00408	0.00769	0.01141	0.01581	0.57661	0.21009	0.10528	0.01026	0.00530	0.00149	0.00220	0.00910	0.00463	0.00400
16	0.01039	0.01190	0.04000	0.09863	0.08254	0.05473	0.57900	0.01376	0.01032	0.01363	0.00978	0.01253	0.03227	0.00410	0.00498	0.00145	0.00697	0.00495	0.00226	0.00583
17	0.00615	0.00451	0.00576	0.00545	0.00653	0.00412	0.00409	0.00813	0.01226	0.01713	0.73739	0.03395	0.11955	0.00925	0.00521	0.00140	0.00210	0.00812	0.00479	0.00412
18	0.00985	0.00925	0.01513	0.03379	0.62739	0.00921	0.01145	0.01250	0.03275	0.01424	0.04787	0.04329	0.10328	0.00539	0.00455	0.00136	0.00463	0.00505	0.00265	0.00635
19	0.01111	0.01130	0.01639	0.16265	0.53435	0.11343	0.03266	0.01353	0.01004	0.01326	0.00800	0.01074	0.00662	0.00433	0.00472	0.01426	0.02037	0.00383	0.00215	0.00626
20	0.00915	0.10408	0.74321	0.01209	0.01835	0.01097	0.01546	0.01391	0.00929	0.01363	0.00775	0.00910	0.00560	0.00415	0.00406	0.00135	0.00635	0.00317	0.00187	0.00644
21	0.09363	0.00621	0.00655	0.00598	0.00746	0.04960	0.00458	0.04559	0.01193	0.04530	0.51141	0.02577	0.05135	0.00761	0.00458	0.00133	0.00272	0.00643	0.10743	0.00453
22	0.01412	0.01391	0.01134	0.00981	0.01235	0.30423	0.00763	0.24090	0.21535	0.01806	0.05500	0.04003	0.01099	0.00569	0.00434	0.00132	0.00536	0.00433	0.01909	0.00615

[dist]
# distance from previous block
# <min> <max>
2	6

[block]
# block no. 2 follows, 59 sequences, length 10
# corresponding to MSA columns:
# 164-173
name=unknown_C
#
# <colnr> <probs for GDERKNQSTAVLIFYWHMCP>
#	G	D	E	R	K	N	Q	S	T	A	V	L	I	F	Y	W	H	M	C	P
0	0.03453	0.00966	0.01083	0.00857	0.01136	0.09816	0.05383	0.06850	0.02829	0.03906	0.08454	0.02287	0.02036	0.02044	0.00551	0.00118	0.10268	0.00392	0.00298	0.37272
1	0.04143	0.20129	0.47499	0.01088	0.01606	0.01130	0.06284	0.01330	0.00944	0.01368	0.05868	0.01041	0.00798	0.00433	0.00393	0.00127	0.00564	0.00343	0.00215	0.04696
2	0.02247	0.10806	0.06471	0.00876	0.01235	0.00891	0.08795	0.05470	0.01014	0.05617	0.06067	0.01169	0.02273	0.00446	0.00446	0.00105	0.05693	0.00360	0.00282	0.39740
3	0.00909	0.00790	0.01000	0.00752	0.01108	0.00641	0.05584	0.01180	0.06177	0.01445	0.01005	0.05094	0.00891	0.00437	0.00371	0.00088	0.00355	0.03799	0.00285	0.68089
4	0.01088	0.01051	0.01978	0.01576	0.09499	0.02915	0.47032	0.01387	0.01047	0.07878	0.03965	0.02948	0.00912	0.00440	0.00479	0.00135	0.00600	0.02018	0.00271	0.12779
5	0.01548	0.01177	0.01300	0.01161	0.10761	0.06777	0.00847	0.49151	0.01684	0.09766	0.01039	0.01071	0.00753	0.00487	0.00425	0.00124	0.00483	0.00378	0.00390	0.10676
6	0.00543	0.00393	0.00514	0.00600	0.00639	0.00364	0.00406	0.00631	0.00884	0.01176	0.08009	0.73509	0.08032	0.01334	0.00558	0.00175	0.00251	0.01203	0.00415	0.00364
7	0.01624	0.06761	0.01315	0.01111	0.01352	0.74518	0.00847	0.05201	0.01268	0.01154	0.00695	0.00803	0.00577	0.00454	0.00394	0.00114	0.00764	0.00287	0.00235	0.00526
8	0.00547	0.00389	0.00514	0.00606	0.00634	0.00365	0.00403	0.00625	0.00852	0.01140	0.05565	0.76913	0.02906	0.05474	0.00645	0.00190	0.00263	0.01207	0.00406	0.00357
9	0.01035	0.01401	0.17411	0.03702	0.01827	0.09473	0.33113	0.01336	0.00947	0.01284	0.00791	0.01064	0.00632	0.00574	0.03486	0.00169	0.17962	0.00418	0.00211	0.03164

[dist]
# distance from previous block
# <min> <max>
0	11

[block]
# block no. 3 follows, 59 sequences, length 40
# corresponding to MSA columns:
# 185-200,204-227
name=unknown_D
#
# <colnr> <probs for GDERKNQSTAVLIFYWHMCP>
#	G	D	E	R	K	N	Q	S	T	A	V	L	I	F	Y	W	H	M	C	P
0	0.00891	0.00876	0.01599	0.55573	0.08548	0.00989	0.18047	0.01195	0.00933	0.01223	0.00896	0.01382	0.00721	0.00466	0.00467	0.00149	0.00607	0.04698	0.00215	0.00524
1	0.00542	0.00404	0.00505	0.00572	0.00632	0.00367	0.00394	0.00639	0.00918	0.01199	0.09917	0.59108	0.20630	0.01282	0.00551	0.00169	0.00245	0.01143	0.00417	0.00367
2	0.01523	0.01743	0.01364	0.01436	0.17767	0.53154	0.00949	0.11682	0.03778	0.01395	0.00796	0.00917	0.00643	0.00457	0.00413	0.00121	0.00688	0.00328	0.00260	0.00587
3	0.01095	0.01039	0.01018	0.08839	0.03469	0.14420	0.00752	0.07894	0.34093	0.01575	0.01762	0.07087	0.08929	0.00687	0.00463	0.00147	0.00447	0.05331	0.00373	0.00582
4	0.00834	0.00785	0.01325	0.83417	0.03042	0.00981	0.01227	0.01128	0.00883	0.01128	0.00785	0.01178	0.00589	0.00442	0.00442	0.00147	0.00589	0.00393	0.00196	0.00491
5	0.00644	0.00446	0.00569	0.00567	0.00666	0.00405	0.00414	0.00804	0.01112	0.04827	0.47185	0.24704	0.13915	0.01044	0.00529	0.00151	0.00230	0.00922	0.00459	0.00409
6	0.00857	0.00810	0.01357	0.74573	0.08128	0.01002	0.01224	0.01141	0.00882	0.01146	0.00779	0.01163	0.00596	0.00453	0.00485	0.00148	0.04163	0.00392	0.00198	0.00504
7	0.01497	0.01810	0.03599	0.01428	0.17060	0.58166	0.00960	0.01714	0.05562	0.03012	0.00799	0.00921	0.00649	0.00452	0.00410	0.00120	0.00705	0.00322	0.00244	0.00568
8	0.01188	0.01204	0.01895	0.01477	0.04298	0.08642	0.40713	0.08992	0.20119	0.03116	0.01111	0.01248	0.00836	0.00462	0.00504	0.00145	0.02642	0.00474	0.00303	0.00630
9	0.00580	0.00447	0.00530	0.00515	0.00634	0.00397	0.00384	0.00745	0.01136	0.01513	0.47428	0.07219	0.34857	0.01010	0.00523	0.00145	0.00217	0.00872	0.00453	0.00397
10	0.00986	0.13679	0.54294	0.01283	0.01844	0.04660	0.14483	0.01406	0.00960	0.01337	0.00780	0.00938	0.00579	0.00407	0.00416	0.00134	0.00649	0.00344	0.00195	0.00625
11	0.00989	0.03535	0.35207	0.06463	0.04668	0.05625	0.22401	0.01374	0.02388	0.01327	0.00811	0.01039	0.00622	0.00498	0.01919	0.00155	0.09780	0.00393	0.00207	0.00597
12	0.01040	0.00995	0.01697	0.19190	0.65658	0.01035	0.01329	0.01309	0.00981	0.01379	0.00821	0.01110	0.00677	0.00403	0.00438	0.00134	0.00538	0.00393	0.00214	0.00657
13	0.01004	0.01003	0.01841	0.26641	0.39838	0.01045	0.19530	0.01301	0.00978	0.01342	0.00832	0.01141	0.00660	0.00403	0.00458	0.00140	0.00595	0.00423	0.00213	0.00613
14	0.00903	0.05938	0.01251	0.49358	0.05512	0.02031	0.01011	0.01271	0.10165	0.01269	0.01018	0.02966	0.00828	0.00515	0.00470	0.00143	0.04086	0.02528	0.08221	0.00516
15	0.00644	0.00502	0.00746	0.00802	0.04279	0.00499	0.04875	0.00795	0.02768	0.01177	0.04134	0.43831	0.04978	0.04201	0.14802	0.01958	0.00475	0.07779	0.00356	0.00401
16	0.02436	0.00435	0.00543	0.00563	0.00648	0.00401	0.00404	0.00735	0.01056	0.01458	0.39875	0.33346	0.14273	0.01100	0.00532	0.00155	0.00231	0.00974	0.00443	0.00391
17	0.01267	0.01008	0.01444	0.01528	0.24165	0.02757	0.09974	0.17527	0.12077	0.10670	0.01312	0.01725	0.01078	0.00574	0.00472	0.00146	0.00492	0.10765	0.00357	0.00661
18	0.01906	0.00872	0.01100	0.00843	0.01188	0.00828	0.00696	0.21550	0.01466	0.62347	0.01573	0.01393	0.01008	0.00543	0.00444	0.00136	0.00403	0.00433	0.00521	0.00752
19	0.00647	0.00524	0.00753	0.05218	0.13120	0.00508	0.00602	0.00779	0.00916	0.01213	0.04602	0.49172	0.13821	0.01124	0.00533	0.00166	0.00316	0.05189	0.00372	0.00424
20	0.01434	0.01319	0.01569	0.08219	0.10293	0.19531	0.15908	0.24275	0.02936	0.08733	0.00970	0.01089	0.00717	0.00464	0.00447	0.00133	0.00605	0.00401	0.00317	0.00640
21	0.04274	0.00791	0.02183	0.00794	0.01138	0.00685	0.00664	0.04453	0.01270	0.76342	0.01678	0.01461	0.01059	0.00541	0.00439	0.00137	0.00382	0.00436	0.00531	0.00743
22	0.41016	0.19027	0.01130	0.00729	0.01004	0.16624	0.00610	0.05008	0.00955	0.01616	0.00723	0.00830	0.00586	0.00427	0.00310	0.00120	0.00450	0.00270	0.08056	0.00510
23	0.00638	0.00450	0.00590	0.00564	0.00665	0.00415	0.00420	0.00834	0.01214	0.02922	0.73172	0.10555	0.04009	0.00941	0.00524	0.00143	0.00215	0.00835	0.00480	0.00417
24	0.01545	0.08708	0.01366	0.00965	0.01313	0.01343	0.00804	0.62323	0.09176	0.02478	0.01075	0.01076	0.00785	0.00513	0.00423	0.00128	0.00465	0.00386	0.00411	0.04715
25	0.00981	0.03478	0.04549	0.00777	0.01135	0.00692	0.05440	0.02962	0.00983	0.06665	0.05641	0.05431	0.01000	0.00452	0.00399	0.00094	0.02126	0.00380	0.00296	0.56520
26	0.00912	0.08814	0.74639	0.01228	0.01856	0.01084	0.02756	0.01393	0.00931	0.01370	0.00780	0.00919	0.00562	0.00416	0.00410	0.00136	0.00640	0.00322	0.00187	0.00645
27	0.65475	0.00828	0.00746	0.00634	0.00925	0.00903	0.00522	0.01519	0.00884	0.22666	0.00906	0.00921	0.00637	0.00445	0.00317	0.00137	0.00350	0.00292	0.00344	0.00549
28	0.01002	0.01099	0.02322	0.06565	0.05643	0.01050	0.64808	0.01349	0.01029	0.01391	0.01018	0.01535	0.00839	0.00455	0.00521	0.00153	0.00695	0.07710	0.00238	0.00577
29	0.01086	0.01308	0.17968	0.12169	0.31442	0.06196	0.02709	0.11096	0.01122	0.01521	0.00978	0.03079	0.00832	0.00505	0.00449	0.00141	0.00561	0.05954	0.00255	0.00628
30	0.00538	0.00384	0.00512	0.00615	0.00641	0.00359	0.00410	0.00615	0.00846	0.01127	0.02434	0.84190	0.02921	0.01384	0.00564	0.00179	0.00256	0.01256	0.00410	0.00359
31	0.00639	0.00440	0.00540	0.00540	0.00560	0.00460	0.00341	0.00680	0.00660	0.00900	0.01338	0.02594	0.01477	0.63661	0.22889	0.00500	0.00622	0.00599	0.00260	0.00300
32	0.00728	0.00629	0.00837	0.17593	0.01267	0.03165	0.02867	0.04315	0.00971	0.01247	0.04602	0.30254	0.17742	0.01024	0.01892	0.00171	0.04006	0.05916	0.00347	0.00428
33	0.01607	0.00802	0.00993	0.00810	0.01104	0.00785	0.00652	0.06636	0.22074	0.49163	0.05992	0.04725	0.01372	0.00610	0.00454	0.00142	0.00362	0.00505	0.00507	0.00705
34	0.00527	0.00443	0.00452	0.00458	0.00595	0.00374	0.00337	0.00633	0.00984	0.01177	0.04246	0.08610	0.74195	0.04273	0.00589	0.00161	0.00233	0.00939	0.00405	0.00368
35	0.01728	0.00996	0.01152	0.00897	0.01230	0.01032	0.00737	0.40672	0.07853	0.34221	0.01401	0.01300	0.00945	0.00542	0.00439	0.00135	0.00423	0.00424	0.03136	0.00737
36	0.01062	0.01017	0.01736	0.12559	0.72122	0.01041	0.01340	0.01328	0.00991	0.01405	0.00825	0.01103	0.00686	0.00399	0.00438	0.00133	0.00533	0.00393	0.00216	0.00674
37	0.00999	0.00907	0.01251	0.01036	0.01300	0.00977	0.16869	0.01872	0.49717	0.01718	0.12300	0.01936	0.03531	0.00624	0.00480	0.00150	0.00410	0.02893	0.00406	0.00624
38	0.00550	0.00442	0.00473	0.00480	0.00591	0.00393	0.00342	0.00644	0.00916	0.01121	0.03614	0.08811	0.57934	0.15670	0.05864	0.00234	0.00320	0.00874	0.00375	0.00355
39	0.06508	0.12699	0.03083	0.01403	0.17342	0.17196	0.13369	0.03980	0.08714	0.01425	0.00863	0.01005	0.00694	0.00419	0.00401	0.00121	0.00558	0.00357	0.00253	0.09610

[dist]
# distance from previous block
# <min> <max>
1	3

[block]
# block no. 4 follows, 59 sequences, length 12
# corresponding to MSA columns:
# 231-242
name=unknown_E
#
# <colnr> <probs for GDERKNQSTAVLIFYWHMCP>
#	G	D	E	R	K	N	Q	S	T	A	V	L	I	F	Y	W	H	M	C	P
0	0.00660	0.00482	0.00586	0.00551	0.00680	0.00444	0.00416	0.00891	0.04821	0.03949	0.56377	0.03409	0.23218	0.00932	0.00516	0.00142	0.00223	0.00808	0.00467	0.00428
1	0.01286	0.01005	0.01206	0.10985	0.04330	0.01125	0.03375	0.25652	0.35683	0.06699	0.01378	0.01370	0.01012	0.00540	0.00445	0.00142	0.00437	0.00448	0.02198	0.00683
2	0.00767	0.00384	0.00575	0.00575	0.00575	0.00384	0.00384	0.00575	0.00575	0.00767	0.00767	0.01343	0.00767	0.01534	0.01726	0.87150	0.00384	0.00384	0.00192	0.00192
3	0.01325	0.02910	0.01715	0.12737	0.03895	0.18100	0.26303	0.17052	0.01284	0.07130	0.02657	0.01136	0.00757	0.00454	0.00457	0.00136	0.00635	0.00422	0.00291	0.00603
4	0.71390	0.01090	0.00763	0.00686	0.00951	0.16401	0.00549	0.01386	0.00846	0.01812	0.00628	0.00732	0.00495	0.00418	0.00297	0.00132	0.00427	0.00248	0.00265	0.00485
5	0.01214	0.00914	0.01263	0.00953	0.01298	0.00852	0.13763	0.18861	0.03842	0.12235	0.04435	0.06622	0.01050	0.00510	0.00427	0.00117	0.00429	0.00453	0.00357	0.30404
6	0.01530	0.11128	0.08852	0.01100	0.01391	0.61414	0.00914	0.06381	0.01233	0.01208	0.00708	0.00815	0.00579	0.00448	0.00390	0.00115	0.00729	0.00290	0.00232	0.00545
7	0.00522	0.00447	0.00447	0.00447	0.00597	0.00373	0.00336	0.00634	0.01007	0.01193	0.04474	0.04250	0.81544	0.01119	0.00522	0.00149	0.00224	0.00932	0.00410	0.00373
8	0.00718	0.00587	0.00900	0.09775	0.01119	0.00578	0.08910	0.03205	0.01181	0.01637	0.54255	0.06535	0.05139	0.00822	0.00514	0.00144	0.00322	0.02791	0.00418	0.00449
9	0.00599	0.00450	0.00554	0.00528	0.00644	0.00405	0.00396	0.00782	0.01188	0.01623	0.61750	0.03543	0.24000	0.00958	0.00521	0.00142	0.00212	0.00833	0.00467	0.00405
10	0.00677	0.00425	0.00569	0.00590	0.00618	0.00434	0.00406	0.00680	0.00700	0.00952	0.01385	0.11226	0.01507	0.28313	0.14199	0.25675	0.00506	0.08353	0.02493	0.00293
11	0.03368	0.18763	0.03816	0.01167	0.06884	0.53184	0.02469	0.01626	0.01139	0.02790	0.00707	0.00824	0.00588	0.00433	0.00379	0.00113	0.00688	0.00290	0.00225	0.00546

[dist]
# distance from previous block
# <min> <max>
1	5

[block]
# block no. 5 follows, 59 sequences, length 15
# corresponding to MSA columns:
# 248-262
name=unknown_F
#
# <colnr> <probs for GDERKNQSTAVLIFYWHMCP>
#	G	D	E	R	K	N	Q	S	T	A	V	L	I	F	Y	W	H	M	C	P
0	0.00620	0.00451	0.00584	0.00551	0.00657	0.00415	0.00413	0.00824	0.01239	0.01745	0.77985	0.03342	0.07689	0.00913	0.00521	0.00139	0.00209	0.00805	0.00483	0.00415
1	0.00924	0.00783	0.00849	0.00788	0.00992	0.00874	0.00611	0.01801	0.54138	0.01642	0.05549	0.04989	0.14048	0.00933	0.06367	0.00192	0.00382	0.03115	0.00427	0.00594
2	0.00529	0.00448	0.00458	0.00455	0.00601	0.00376	0.00341	0.00648	0.01024	0.01234	0.09933	0.04183	0.76060	0.01103	0.00522	0.00148	0.00223	0.00923	0.00416	0.00376
3	0.01181	0.00941	0.01123	0.13278	0.06774	0.01053	0.00814	0.22870	0.30688	0.03871	0.03539	0.01567	0.05582	0.00575	0.00445	0.00141	0.00417	0.00476	0.04020	0.00646
4	0.00916	0.00785	0.00916	0.00654	0.01047	0.00589	0.00523	0.01112	0.00916	0.01439	0.00785	0.00916	0.00654	0.00327	0.00327	0.00065	0.00327	0.00262	0.00262	0.87178
5	0.00916	0.00785	0.00916	0.00654	0.01047	0.00589	0.00523	0.01112	0.00916	0.01439	0.00785	0.00916	0.00654	0.00327	0.00327	0.00065	0.00327	0.00262	0.00262	0.87178
6	0.00631	0.00473	0.00710	0.00710	0.00789	0.00552	0.00552	0.00789	0.00710	0.01025	0.01183	0.01735	0.01104	0.03312	0.82728	0.00710	0.01183	0.00473	0.00237	0.00394
7	0.01045	0.01024	0.01798	0.14966	0.51394	0.01053	0.13941	0.01396	0.06326	0.01417	0.00898	0.01159	0.00721	0.00411	0.00452	0.00138	0.00558	0.00421	0.00231	0.00650
8	0.00814	0.00534	0.00677	0.00618	0.00776	0.00480	0.00465	0.01030	0.04562	0.10714	0.39107	0.20369	0.05541	0.00889	0.00494	0.00139	0.00259	0.00782	0.00444	0.11305
9	0.01016	0.38602	0.47010	0.01037	0.01569	0.01344	0.01246	0.01365	0.00917	0.01240	0.00714	0.00834	0.00563	0.00401	0.00360	0.00120	0.00573	0.00287	0.00188	0.00615
10	0.01617	0.08174	0.01334	0.01103	0.01348	0.72225	0.00845	0.06061	0.01271	0.01172	0.00698	0.00805	0.00579	0.00454	0.00392	0.00113	0.00755	0.00287	0.00237	0.00529
11	0.00601	0.00448	0.00559	0.00536	0.00646	0.00406	0.00400	0.00786	0.01187	0.01632	0.63168	0.06272	0.19803	0.00963	0.00523	0.00142	0.00213	0.00841	0.00468	0.00406
12	0.00904	0.00918	0.05689	0.11023	0.14754	0.03046	0.06477	0.04221	0.02410	0.02473	0.05252	0.09342	0.14969	0.00720	0.00656	0.00154	0.15590	0.00588	0.00290	0.00523
13	0.64355	0.00852	0.00732	0.00638	0.00901	0.00964	0.00519	0.11529	0.00972	0.04005	0.05245	0.03732	0.00831	0.00491	0.00324	0.00137	0.00348	0.00334	0.02580	0.00511
14	0.01343	0.17890	0.10369	0.01049	0.03029	0.29558	0.00902	0.07795	0.15626	0.03350	0.00937	0.01000	0.00739	0.00483	0.00438	0.00125	0.04151	0.00338	0.00278	0.00599

[dist]
# distance from previous block
# <min> <max>
0	8

[block]
# block no. 6 follows, 59 sequences, length 24
# corresponding to MSA columns:
# 271-294
name=unknown_G
#
# <colnr> <probs for GDERKNQSTAVLIFYWHMCP>
#	G	D	E	R	K	N	Q	S	T	A	V	L	I	F	Y	W	H	M	C	P
0	0.01261	0.28198	0.15972	0.01161	0.07275	0.28223	0.02592	0.01506	0.03595	0.01181	0.00726	0.00858	0.00604	0.00439	0.00425	0.00119	0.04777	0.00301	0.00213	0.00574
1	0.03915	0.06035	0.08465	0.01225	0.09441	0.07417	0.07115	0.41619	0.03091	0.02103	0.00966	0.01051	0.00719	0.00477	0.00423	0.00130	0.00528	0.00381	0.04227	0.00673
2	0.07834	0.01055	0.01504	0.10681	0.42788	0.03405	0.02746	0.13667	0.07405	0.01680	0.00917	0.01102	0.00724	0.00437	0.00425	0.00134	0.00506	0.00387	0.00274	0.02328
3	0.02688	0.01024	0.13269	0.03532	0.01317	0.00803	0.04747	0.10899	0.04312	0.31715	0.01444	0.12570	0.01148	0.00609	0.00448	0.00138	0.00434	0.00517	0.00402	0.07982
4	0.00662	0.00449	0.00583	0.00599	0.00662	0.00482	0.00437	0.00790	0.00786	0.01170	0.01617	0.19189	0.04108	0.12483	0.31888	0.00394	0.03037	0.00657	0.19630	0.00376
5	0.06110	0.04705	0.06009	0.04325	0.07433	0.32350	0.04382	0.04728	0.09709	0.02606	0.01115	0.06328	0.03485	0.00543	0.00421	0.00130	0.00579	0.01392	0.00282	0.03368
6	0.00753	0.00650	0.00933	0.00863	0.00910	0.00837	0.00690	0.00882	0.00695	0.01031	0.00973	0.01508	0.00936	0.06041	0.49583	0.00510	0.31112	0.00449	0.00222	0.00421
7	0.00555	0.00449	0.00493	0.00482	0.00617	0.00387	0.00361	0.00697	0.01084	0.01377	0.29030	0.03947	0.56873	0.01050	0.00522	0.00146	0.00219	0.00890	0.00434	0.00387
8	0.00983	0.00932	0.01579	0.31329	0.50566	0.01000	0.01273	0.01254	0.00972	0.01344	0.03973	0.01210	0.00796	0.00431	0.00442	0.00137	0.00535	0.00409	0.00221	0.00614
9	0.01088	0.01060	0.01735	0.09656	0.72338	0.03650	0.01328	0.01349	0.01003	0.01404	0.00822	0.01091	0.00686	0.00400	0.00436	0.00132	0.00539	0.00390	0.00217	0.00675
10	0.00603	0.00448	0.00554	0.00566	0.00662	0.00412	0.00424	0.00753	0.01058	0.01413	0.35549	0.13794	0.22095	0.08211	0.00686	0.00180	0.00264	0.11515	0.00429	0.00385
11	0.00602	0.00451	0.00558	0.00531	0.00646	0.00407	0.00399	0.00789	0.01196	0.01642	0.64301	0.03511	0.21437	0.00951	0.00521	0.00141	0.00212	0.00829	0.00469	0.00407
12	0.00883	0.02066	0.70415	0.01347	0.08755	0.00989	0.01536	0.01349	0.00934	0.01387	0.00893	0.05846	0.00711	0.00474	0.00430	0.00141	0.00618	0.00387	0.00202	0.00639
13	0.01142	0.01189	0.01727	0.11876	0.53566	0.13279	0.08092	0.01395	0.01031	0.01349	0.00809	0.01067	0.00664	0.00407	0.00439	0.00132	0.00592	0.00388	0.00218	0.00638
14	0.00835	0.00761	0.01053	0.05777	0.01055	0.01000	0.00756	0.00925	0.00689	0.01015	0.00904	0.04164	0.00952	0.21295	0.09153	0.00295	0.48245	0.00485	0.00222	0.00419
15	0.00706	0.00631	0.04656	0.00710	0.00838	0.01813	0.05188	0.00870	0.04196	0.01212	0.11441	0.10098	0.16907	0.17124	0.00994	0.08497	0.02130	0.11258	0.00343	0.00388
16	0.01098	0.01221	0.09948	0.14562	0.37853	0.10736	0.04280	0.01407	0.04292	0.04303	0.01075	0.01267	0.05080	0.00464	0.00440	0.00135	0.00560	0.00414	0.00245	0.00620
17	0.08480	0.49883	0.09735	0.00893	0.01269	0.05891	0.05486	0.01484	0.10787	0.01278	0.00798	0.00880	0.00661	0.00416	0.00336	0.00114	0.00497	0.00297	0.00232	0.00583
18	0.01094	0.01009	0.01328	0.20299	0.04683	0.07779	0.10587	0.09160	0.20576	0.03472	0.01269	0.04103	0.02211	0.00624	0.01871	0.00158	0.04549	0.04327	0.00318	0.00583
19	0.02985	0.00915	0.04306	0.07070	0.01406	0.00834	0.07885	0.12415	0.02844	0.38614	0.01359	0.04880	0.00970	0.00531	0.00453	0.00133	0.01565	0.00449	0.00415	0.09971
20	0.04118	0.03776	0.04555	0.00953	0.01245	0.07281	0.08482	0.17374	0.04007	0.22700	0.04189	0.10939	0.01284	0.00702	0.02036	0.00154	0.00477	0.04711	0.00399	0.00615
21	0.04995	0.04891	0.05974	0.03303	0.01341	0.05675	0.07740	0.20648	0.02646	0.16348	0.01218	0.02904	0.03134	0.00532	0.00458	0.00131	0.03239	0.02468	0.02425	0.09929
22	0.03033	0.04516	0.13235	0.01132	0.01492	0.14872	0.14119	0.13845	0.04590	0.16173	0.04782	0.01205	0.00906	0.00499	0.00477	0.00136	0.03614	0.00411	0.00331	0.00631
23	0.02420	0.03260	0.04247	0.01025	0.02363	0.09988	0.11492	0.19192	0.07915	0.10400	0.04685	0.09784	0.02047	0.00599	0.00450	0.00135	0.00482	0.01309	0.01775	0.06432

[dist]
# distance from previous block
# <min> <max>
0	60

# created by:
# /st0/software/busco_prod/Augustus/scripts/msa2prfl.pl ./align_prep/135688.fa
