[name]
unknown

[dist]
# distance from previous block
# <min> <max>
10	68

[block]
# block no. 0 follows, 48 sequences, length 11
# corresponding to MSA columns:
# 111-121
name=unknown_A
#
# <colnr> <probs for GDERKNQSTAVLIFYWHMCP>
#	G	D	E	R	K	N	Q	S	T	A	V	L	I	F	Y	W	H	M	C	P
0	0.13628	0.00926	0.04382	0.00837	0.01133	0.00861	0.00699	0.13065	0.03228	0.16684	0.14794	0.08634	0.05209	0.00788	0.00505	0.00158	0.00399	0.02972	0.04597	0.06501
1	0.07558	0.03887	0.01415	0.03734	0.01509	0.23008	0.09926	0.06508	0.04806	0.04748	0.05003	0.08709	0.01290	0.00807	0.04138	0.00180	0.00656	0.02231	0.00351	0.09535
2	0.05294	0.01091	0.08978	0.06758	0.10580	0.01016	0.00963	0.08690	0.17053	0.03646	0.05370	0.15596	0.01608	0.00911	0.02724	0.03348	0.02298	0.00664	0.00395	0.03018
3	0.03145	0.01083	0.13075	0.00992	0.01249	0.03753	0.04332	0.10101	0.02835	0.03282	0.10924	0.26731	0.02243	0.03096	0.07121	0.00240	0.00551	0.04258	0.00413	0.00575
4	0.01154	0.06010	0.06468	0.17026	0.33226	0.01189	0.04984	0.03875	0.08823	0.01636	0.01418	0.04559	0.06222	0.00596	0.00516	0.00161	0.00584	0.00541	0.00303	0.00710
5	0.01056	0.00574	0.00584	0.00548	0.00697	0.00589	0.00420	0.08775	0.01210	0.02045	0.01630	0.01845	0.01271	0.00600	0.00374	0.00123	0.00272	0.00477	0.76392	0.00518
6	0.01122	0.00890	0.01105	0.00830	0.01231	0.00715	0.03682	0.01395	0.04633	0.06904	0.01207	0.06951	0.01058	0.03333	0.00502	0.00114	0.00403	0.00440	0.00347	0.63137
7	0.00684	0.00490	0.00673	0.06143	0.00938	0.00478	0.00549	0.00769	0.00977	0.01285	0.02667	0.59044	0.08264	0.01520	0.00779	0.08684	0.00345	0.04867	0.00434	0.00412
8	0.00956	0.00478	0.00478	0.00478	0.00598	0.00478	0.00359	0.01196	0.01076	0.01913	0.01674	0.01913	0.01315	0.00598	0.00359	0.00120	0.00239	0.00478	0.84816	0.00478
9	0.06986	0.01137	0.01232	0.02195	0.04387	0.12873	0.03162	0.07818	0.01175	0.08813	0.01390	0.10701	0.02957	0.06312	0.01954	0.00205	0.18967	0.00586	0.06561	0.00592
10	0.11384	0.01421	0.01508	0.09631	0.15273	0.20375	0.04132	0.10424	0.03952	0.03633	0.00999	0.01226	0.00802	0.00803	0.06648	0.00208	0.06184	0.00424	0.00310	0.00664

[dist]
# distance from previous block
# <min> <max>
0	3

[block]
# block no. 1 follows, 48 sequences, length 17
# corresponding to MSA columns:
# 125-141
name=unknown_B
#
# <colnr> <probs for GDERKNQSTAVLIFYWHMCP>
#	G	D	E	R	K	N	Q	S	T	A	V	L	I	F	Y	W	H	M	C	P
0	0.10856	0.01345	0.12724	0.27779	0.06918	0.02694	0.13086	0.10011	0.01247	0.07032	0.01023	0.01266	0.00747	0.00509	0.00501	0.00164	0.00660	0.00451	0.00303	0.00683
1	0.01459	0.01054	0.01564	0.25722	0.17656	0.03448	0.03265	0.05218	0.02760	0.21364	0.01285	0.03939	0.00972	0.00606	0.00616	0.00168	0.07318	0.00506	0.00366	0.00714
2	0.01244	0.01085	0.01294	0.10994	0.06138	0.07759	0.02508	0.14981	0.03286	0.05033	0.06133	0.05561	0.14516	0.00839	0.00737	0.00175	0.13842	0.02863	0.00388	0.00624
3	0.01053	0.00741	0.00827	0.00734	0.00846	0.00784	0.00502	0.20249	0.01193	0.01603	0.03416	0.02759	0.01656	0.55227	0.05939	0.00418	0.00553	0.00668	0.00367	0.00466
4	0.00880	0.00678	0.00980	0.00919	0.00959	0.00841	0.00712	0.00935	0.00772	0.01120	0.01067	0.01698	0.01035	0.05010	0.36183	0.22166	0.22872	0.00502	0.00249	0.00422
5	0.00958	0.00540	0.00629	0.11866	0.01014	0.00572	0.00510	0.01212	0.01069	0.01828	0.01566	0.01836	0.01226	0.00586	0.00381	0.00127	0.00302	0.00475	0.72814	0.00491
6	0.03907	0.01258	0.01588	0.31377	0.22889	0.12361	0.01259	0.10119	0.03207	0.01699	0.01006	0.01287	0.00785	0.00520	0.00491	0.00156	0.00648	0.00438	0.04333	0.00674
7	0.01399	0.13514	0.07865	0.02226	0.01647	0.05766	0.14594	0.09907	0.05149	0.10443	0.01345	0.01521	0.05135	0.02915	0.02012	0.00184	0.12853	0.00499	0.00342	0.00683
8	0.00909	0.00474	0.00495	0.00512	0.00619	0.00470	0.00375	0.01127	0.01063	0.01827	0.01838	0.13224	0.01610	0.00741	0.00401	0.00132	0.00247	0.00617	0.72849	0.00470
9	0.00887	0.01033	0.09663	0.00801	0.01024	0.11814	0.00688	0.01111	0.01297	0.01647	0.32010	0.08182	0.25855	0.01021	0.00575	0.00164	0.00406	0.00860	0.00451	0.00512
10	0.03158	0.12699	0.02067	0.26636	0.12344	0.05008	0.17770	0.01526	0.03477	0.01456	0.00922	0.01242	0.00740	0.00520	0.00611	0.00163	0.08306	0.00456	0.00250	0.00648
11	0.01605	0.04213	0.03507	0.11410	0.03407	0.37943	0.01099	0.13072	0.01395	0.01574	0.00857	0.01072	0.00701	0.00602	0.00696	0.00158	0.15374	0.00390	0.00287	0.00638
12	0.75998	0.00983	0.00789	0.00684	0.01018	0.01098	0.00562	0.01484	0.00895	0.02231	0.00737	0.00860	0.00579	0.00465	0.00325	0.00149	0.00395	0.00281	0.00316	0.10152
13	0.01434	0.40843	0.10239	0.01012	0.01414	0.10919	0.02725	0.03531	0.01177	0.10184	0.03350	0.03734	0.01002	0.02909	0.03359	0.00167	0.00623	0.00412	0.00303	0.00662
14	0.00884	0.00536	0.00630	0.00616	0.00691	0.00505	0.00397	0.00939	0.00927	0.09967	0.02384	0.14524	0.13775	0.48964	0.01789	0.00368	0.00426	0.00873	0.00397	0.00408
15	0.02836	0.00687	0.00840	0.03327	0.01001	0.00741	0.00620	0.03580	0.11630	0.01697	0.21957	0.06748	0.14086	0.05403	0.13294	0.00293	0.04914	0.03066	0.02754	0.00526
16	0.01357	0.01104	0.01615	0.06448	0.05313	0.02756	0.09634	0.08510	0.01140	0.12549	0.01079	0.03328	0.00892	0.00854	0.03738	0.02203	0.33687	0.00501	0.00326	0.02966

[dist]
# distance from previous block
# <min> <max>
6	23

[block]
# block no. 2 follows, 48 sequences, length 10
# corresponding to MSA columns:
# 177-186
name=unknown_C
#
# <colnr> <probs for GDERKNQSTAVLIFYWHMCP>
#	G	D	E	R	K	N	Q	S	T	A	V	L	I	F	Y	W	H	M	C	P
0	0.05516	0.01108	0.06240	0.33848	0.05567	0.04697	0.01108	0.08658	0.09736	0.01793	0.09327	0.01646	0.01282	0.00601	0.00498	0.00161	0.00560	0.00502	0.06519	0.00633
1	0.00712	0.00492	0.00610	0.00642	0.00664	0.00498	0.00406	0.00764	0.00822	0.01110	0.01905	0.24228	0.02187	0.48261	0.14030	0.00470	0.00579	0.00908	0.00350	0.00362
2	0.04785	0.01054	0.05325	0.00965	0.01269	0.01021	0.00816	0.22620	0.08194	0.18819	0.05154	0.02309	0.03788	0.08819	0.00767	0.00202	0.02503	0.08462	0.02425	0.00704
3	0.01250	0.37009	0.30394	0.01413	0.11923	0.04353	0.01343	0.01632	0.03660	0.01455	0.00871	0.01017	0.00706	0.00471	0.00422	0.00138	0.00642	0.00349	0.00235	0.00718
4	0.01301	0.01091	0.01798	0.02593	0.60424	0.01072	0.01352	0.01573	0.01193	0.09837	0.01444	0.05162	0.05231	0.00603	0.00527	0.00159	0.00554	0.02993	0.00323	0.00770
5	0.01250	0.01384	0.02435	0.05372	0.14442	0.09572	0.45062	0.01594	0.01176	0.01544	0.00998	0.01343	0.00794	0.00691	0.05657	0.00209	0.05011	0.00535	0.00257	0.00674
6	0.01055	0.00934	0.01533	0.01521	0.14519	0.00922	0.18070	0.04549	0.09319	0.03544	0.03825	0.19794	0.08109	0.00927	0.00596	0.00183	0.00520	0.09052	0.00401	0.00627
7	0.01212	0.01168	0.01621	0.40199	0.13906	0.11235	0.05467	0.01498	0.01146	0.05452	0.05873	0.01457	0.00999	0.00568	0.00595	0.00166	0.06050	0.00481	0.00280	0.00625
8	0.00829	0.00709	0.00758	0.00794	0.00852	0.08925	0.00555	0.00911	0.00948	0.01214	0.02020	0.41376	0.02311	0.14608	0.13554	0.04083	0.03755	0.00998	0.00375	0.00422
9	0.00791	0.00641	0.00835	0.02353	0.02233	0.03834	0.05079	0.00924	0.01055	0.03135	0.04761	0.44971	0.12826	0.08434	0.01910	0.00230	0.00408	0.04687	0.00435	0.00458

[dist]
# distance from previous block
# <min> <max>
0	4

[block]
# block no. 3 follows, 48 sequences, length 52
# corresponding to MSA columns:
# 191-242
name=unknown_D
#
# <colnr> <probs for GDERKNQSTAVLIFYWHMCP>
#	G	D	E	R	K	N	Q	S	T	A	V	L	I	F	Y	W	H	M	C	P
0	0.01275	0.03959	0.06189	0.27500	0.08234	0.18922	0.07985	0.05006	0.05129	0.01500	0.01180	0.03669	0.03417	0.00679	0.03043	0.00180	0.00727	0.00490	0.00285	0.00633
1	0.00757	0.00599	0.00809	0.03376	0.00996	0.00590	0.04056	0.03367	0.05983	0.01476	0.05025	0.48648	0.14747	0.01428	0.03078	0.00215	0.00383	0.03528	0.00459	0.00482
2	0.01167	0.01210	0.04399	0.10037	0.38839	0.03740	0.15919	0.01484	0.01165	0.01603	0.04631	0.04226	0.01170	0.00595	0.00582	0.00167	0.03123	0.04955	0.00285	0.00702
3	0.06166	0.03391	0.05795	0.01487	0.16181	0.03545	0.05809	0.12100	0.08201	0.25295	0.02212	0.01477	0.01055	0.00716	0.04098	0.00187	0.00585	0.00482	0.00433	0.00784
4	0.13498	0.10432	0.11067	0.03377	0.03429	0.04748	0.08650	0.05311	0.01286	0.28828	0.03655	0.01377	0.01012	0.00551	0.00473	0.00154	0.00560	0.00446	0.00409	0.00737
5	0.01094	0.00997	0.01449	0.30462	0.19867	0.04001	0.01171	0.08169	0.01184	0.01566	0.01431	0.17159	0.03422	0.00767	0.00603	0.00174	0.04880	0.00666	0.00317	0.00620
6	0.01552	0.04322	0.01642	0.04226	0.27059	0.12357	0.05178	0.06990	0.02033	0.17914	0.01368	0.08426	0.01128	0.00623	0.00511	0.00155	0.00590	0.00543	0.02648	0.00735
7	0.01183	0.08075	0.06979	0.01560	0.11822	0.01144	0.22291	0.01716	0.15737	0.05377	0.06667	0.07834	0.03632	0.00660	0.00538	0.00164	0.00571	0.00631	0.02727	0.00693
8	0.00803	0.00545	0.00680	0.00713	0.00811	0.00522	0.00507	0.01002	0.05783	0.06303	0.10240	0.40609	0.12201	0.10315	0.02881	0.00243	0.00361	0.04537	0.00474	0.00470
9	0.01231	0.01928	0.37191	0.01586	0.05550	0.03278	0.18120	0.13670	0.01343	0.01873	0.03520	0.01386	0.03310	0.00551	0.00563	0.00164	0.03220	0.00486	0.00296	0.00735
10	0.01373	0.04014	0.22735	0.01577	0.10795	0.13197	0.10772	0.13305	0.09836	0.01859	0.01288	0.01403	0.04399	0.00562	0.00510	0.00157	0.00683	0.00474	0.00325	0.00737
11	0.01220	0.04474	0.12424	0.14144	0.25326	0.08160	0.08890	0.03845	0.01184	0.03759	0.01194	0.10816	0.01070	0.00620	0.00523	0.00162	0.00649	0.00564	0.00290	0.00687
12	0.04049	0.00513	0.00563	0.00560	0.00682	0.00532	0.00425	0.01112	0.01016	0.01730	0.01783	0.02075	0.06122	0.01301	0.16001	0.02162	0.00473	0.00522	0.57910	0.00469
13	0.04978	0.04138	0.36396	0.01143	0.02242	0.01017	0.01231	0.06672	0.05131	0.06232	0.07727	0.12684	0.02307	0.00774	0.00527	0.00171	0.00558	0.05035	0.00363	0.00675
14	0.01188	0.05310	0.05894	0.16033	0.34142	0.03669	0.05744	0.01479	0.01126	0.04021	0.01207	0.04489	0.03324	0.00587	0.00566	0.00160	0.04305	0.02578	0.00280	0.03897
15	0.01071	0.00689	0.00973	0.05825	0.09845	0.00671	0.00752	0.01273	0.02446	0.15252	0.04765	0.21302	0.10702	0.05978	0.05237	0.00241	0.00475	0.11490	0.00446	0.00567
16	0.00663	0.00488	0.00615	0.00697	0.00769	0.00453	0.00500	0.00781	0.01050	0.01365	0.06063	0.47320	0.17960	0.06933	0.00784	0.00223	0.00327	0.12115	0.00468	0.00424
17	0.03200	0.02228	0.29427	0.07664	0.08039	0.03555	0.13036	0.05111	0.05656	0.08796	0.02986	0.01478	0.00973	0.00585	0.00559	0.02448	0.00666	0.02559	0.00316	0.00717
18	0.03776	0.06020	0.07009	0.19066	0.24848	0.03618	0.06447	0.03770	0.01144	0.01599	0.01107	0.01456	0.02988	0.00533	0.00517	0.00152	0.02497	0.02571	0.02110	0.08770
19	0.01134	0.01174	0.03366	0.20574	0.19389	0.06219	0.05314	0.01375	0.01015	0.01388	0.01005	0.04309	0.02160	0.00762	0.03000	0.00200	0.26238	0.00503	0.00251	0.00623
20	0.01043	0.01027	0.04082	0.18351	0.20070	0.01028	0.13673	0.04764	0.01169	0.01594	0.06046	0.16311	0.04053	0.00763	0.00605	0.00174	0.03581	0.00711	0.00326	0.00629
21	0.01254	0.01321	0.09689	0.08523	0.19937	0.01216	0.20218	0.13772	0.03152	0.01866	0.01174	0.05638	0.00969	0.00630	0.01926	0.00176	0.03139	0.00546	0.04138	0.00716
22	0.03715	0.01011	0.01184	0.11500	0.06650	0.08046	0.01414	0.08755	0.07174	0.17004	0.09702	0.07234	0.07935	0.00879	0.03043	0.00186	0.00524	0.02942	0.00445	0.00659
23	0.07031	0.30428	0.22262	0.01100	0.04413	0.03510	0.01095	0.01670	0.06753	0.06439	0.03600	0.01236	0.00948	0.00597	0.02287	0.00156	0.00581	0.00387	0.04819	0.00687
24	0.05160	0.03209	0.07376	0.07042	0.18359	0.13898	0.09923	0.01605	0.03759	0.06763	0.10250	0.07664	0.01471	0.00649	0.00522	0.00159	0.00611	0.00575	0.00341	0.00663
25	0.00694	0.00530	0.00740	0.06312	0.04477	0.00516	0.00598	0.00833	0.01060	0.01417	0.10778	0.57601	0.07416	0.01398	0.00632	0.00197	0.00336	0.03549	0.00458	0.00455
26	0.03381	0.00904	0.03733	0.13540	0.13779	0.00875	0.04924	0.04214	0.04491	0.08711	0.04932	0.11171	0.17603	0.00944	0.02990	0.00191	0.00508	0.02101	0.00394	0.00616
27	0.11492	0.04013	0.01013	0.00832	0.01087	0.03199	0.00666	0.15502	0.13167	0.08793	0.01579	0.01934	0.01282	0.05849	0.00591	0.00175	0.00424	0.05618	0.22141	0.00645
28	0.01271	0.22654	0.38889	0.05069	0.08795	0.01366	0.03786	0.01673	0.01121	0.09394	0.00987	0.01123	0.00735	0.00487	0.00456	0.00148	0.00658	0.00384	0.00265	0.00739
29	0.00645	0.00544	0.00562	0.00559	0.00729	0.00474	0.00418	0.00841	0.04652	0.01461	0.09701	0.07639	0.67461	0.01268	0.00604	0.00174	0.00267	0.01064	0.00484	0.00453
30	0.01388	0.12925	0.06693	0.06695	0.38069	0.12647	0.01311	0.08619	0.01294	0.01661	0.01055	0.01261	0.03160	0.00511	0.00479	0.00146	0.00645	0.00428	0.00278	0.00736
31	0.01255	0.01035	0.06465	0.10931	0.01796	0.00937	0.17081	0.03419	0.09171	0.16774	0.03152	0.10891	0.09224	0.00795	0.00569	0.00176	0.00545	0.04702	0.00421	0.00663
32	0.01085	0.00862	0.01210	0.10688	0.19371	0.00950	0.00924	0.05743	0.05963	0.01750	0.03665	0.05350	0.03797	0.00774	0.03069	0.00178	0.08241	0.00553	0.25214	0.00614
33	0.03121	0.01272	0.05393	0.18402	0.35261	0.04372	0.06590	0.06596	0.06160	0.03809	0.01055	0.01313	0.00825	0.00516	0.00547	0.00161	0.03114	0.00464	0.00293	0.00736
34	0.01137	0.19102	0.50341	0.01551	0.09302	0.01378	0.07178	0.01603	0.01092	0.01544	0.00890	0.01069	0.00677	0.00470	0.00465	0.00151	0.00708	0.00381	0.00224	0.00738
35	0.01103	0.01109	0.01824	0.52838	0.16144	0.05392	0.11433	0.01440	0.01098	0.01414	0.00931	0.01330	0.00717	0.00494	0.00522	0.00166	0.00708	0.00469	0.00239	0.00629
36	0.00869	0.00765	0.00717	0.00689	0.00853	0.10259	0.00514	0.01032	0.01285	0.04469	0.26577	0.11028	0.36783	0.01132	0.00589	0.00167	0.00347	0.00956	0.00483	0.00484
37	0.03416	0.10331	0.09254	0.29528	0.11202	0.05977	0.09474	0.01553	0.04630	0.03865	0.01087	0.05492	0.00899	0.00557	0.00499	0.00160	0.00653	0.00493	0.00276	0.00653
38	0.00746	0.00630	0.00700	0.00751	0.00841	0.05633	0.01720	0.00894	0.03100	0.01370	0.05530	0.51899	0.16538	0.03898	0.00690	0.00204	0.00353	0.03598	0.00458	0.00447
39	0.00628	0.00460	0.00595	0.00693	0.00744	0.00427	0.00471	0.00728	0.01008	0.01328	0.04365	0.68376	0.12580	0.01631	0.03149	0.00223	0.00326	0.01375	0.00471	0.00421
40	0.01170	0.01245	0.04138	0.27265	0.24662	0.05419	0.20544	0.01509	0.01136	0.01510	0.01001	0.01441	0.00812	0.00516	0.00574	0.00167	0.03183	0.02782	0.00252	0.00674
41	0.01142	0.01006	0.01466	0.08195	0.14502	0.03080	0.10007	0.13761	0.05168	0.01773	0.01700	0.26992	0.01723	0.00911	0.00619	0.00180	0.03651	0.03102	0.00385	0.00636
42	0.00936	0.00625	0.00848	0.00833	0.00973	0.00599	0.04064	0.03209	0.06420	0.10376	0.05060	0.49207	0.08688	0.01302	0.00621	0.00194	0.00358	0.04668	0.00491	0.00527
43	0.00714	0.00643	0.02674	0.03265	0.00924	0.02642	0.01749	0.00889	0.01195	0.01525	0.19557	0.19074	0.36832	0.01232	0.00611	0.00179	0.00329	0.05032	0.00471	0.00464
44	0.03752	0.01715	0.18663	0.01497	0.09946	0.13778	0.07658	0.15150	0.06806	0.13432	0.01208	0.01280	0.00873	0.00549	0.00514	0.00157	0.01439	0.00446	0.00370	0.00766
45	0.03106	0.14192	0.46326	0.01360	0.04700	0.06970	0.03477	0.03547	0.03279	0.01589	0.01044	0.06256	0.00867	0.00562	0.00474	0.00155	0.00684	0.00444	0.00258	0.00710
46	0.01231	0.01103	0.01617	0.06443	0.42287	0.01166	0.01213	0.01897	0.26038	0.02964	0.01560	0.01681	0.04643	0.00584	0.00513	0.00160	0.00517	0.00527	0.03083	0.00772
47	0.04814	0.01156	0.03553	0.30709	0.29833	0.04727	0.05401	0.01519	0.03076	0.03618	0.01039	0.03890	0.00853	0.00542	0.00546	0.00165	0.03124	0.00486	0.00271	0.00677
48	0.03520	0.05804	0.13560	0.01825	0.18181	0.01209	0.22966	0.06866	0.05183	0.04253	0.01371	0.03825	0.03907	0.00597	0.00538	0.00166	0.00648	0.04542	0.00320	0.00718
49	0.01388	0.01384	0.03801	0.12904	0.09665	0.20427	0.01013	0.13006	0.05566	0.04582	0.01566	0.09410	0.06999	0.02822	0.00611	0.00170	0.03095	0.00586	0.00359	0.00645
50	0.00755	0.00633	0.00862	0.00896	0.05786	0.00583	0.05524	0.03337	0.01183	0.01518	0.09415	0.25368	0.36314	0.01239	0.00615	0.00183	0.00350	0.04492	0.00456	0.00489
51	0.04527	0.02110	0.12762	0.06093	0.03795	0.14103	0.05896	0.13123	0.11313	0.07521	0.04987	0.03593	0.03302	0.01426	0.00567	0.00164	0.03122	0.00515	0.00379	0.00700

[dist]
# distance from previous block
# <min> <max>
1	1

[block]
# block no. 4 follows, 48 sequences, length 42
# corresponding to MSA columns:
# 247-284,286-289
name=unknown_E
#
# <colnr> <probs for GDERKNQSTAVLIFYWHMCP>
#	G	D	E	R	K	N	Q	S	T	A	V	L	I	F	Y	W	H	M	C	P
0	0.26099	0.07248	0.01307	0.08273	0.11683	0.08950	0.03442	0.01385	0.01035	0.01654	0.01231	0.14538	0.01219	0.00804	0.02449	0.00183	0.03892	0.03715	0.00314	0.00579
1	0.04801	0.05428	0.07496	0.05700	0.29049	0.18282	0.08616	0.02761	0.04393	0.01581	0.01060	0.05743	0.00918	0.00557	0.00511	0.00155	0.01487	0.00484	0.00281	0.00696
2	0.01335	0.04107	0.22255	0.01623	0.10348	0.04821	0.19543	0.05794	0.04438	0.10403	0.01228	0.05417	0.00966	0.00556	0.00521	0.00159	0.00665	0.00517	0.00327	0.04978
3	0.01087	0.02774	0.08088	0.27272	0.16310	0.03980	0.12884	0.01459	0.04345	0.01500	0.01228	0.08940	0.01092	0.00637	0.00563	0.00171	0.02450	0.03095	0.01483	0.00642
4	0.00854	0.00723	0.03827	0.06487	0.08288	0.00654	0.03775	0.02949	0.01126	0.04132	0.07822	0.40518	0.11434	0.01168	0.00595	0.00184	0.00394	0.01050	0.03495	0.00523
5	0.02902	0.07653	0.04687	0.06776	0.22249	0.15938	0.01140	0.09158	0.06179	0.10321	0.01259	0.01453	0.02798	0.00582	0.00524	0.00154	0.02803	0.02351	0.00346	0.00726
6	0.01105	0.06835	0.26441	0.01329	0.11179	0.07051	0.01177	0.01428	0.01186	0.05271	0.13654	0.04882	0.10441	0.00735	0.00583	0.00161	0.04959	0.00595	0.00339	0.00648
7	0.00641	0.00466	0.00608	0.00716	0.00767	0.00433	0.00498	0.00747	0.01017	0.01337	0.03043	0.67809	0.10471	0.01562	0.00655	0.00207	0.00309	0.07814	0.00476	0.00423
8	0.03484	0.01067	0.01558	0.11210	0.37071	0.03310	0.01186	0.05107	0.03019	0.02624	0.03760	0.01933	0.13320	0.00718	0.01769	0.00174	0.07126	0.00566	0.00319	0.00680
9	0.06852	0.25946	0.16351	0.03704	0.15967	0.04638	0.03291	0.01569	0.04099	0.03495	0.01106	0.08773	0.00995	0.00586	0.00453	0.00148	0.00585	0.00476	0.00282	0.00683
10	0.01316	0.04068	0.07834	0.05345	0.08554	0.03629	0.04750	0.10679	0.04716	0.13840	0.13934	0.02308	0.11165	0.00755	0.00570	0.00163	0.02619	0.02643	0.00432	0.00679
11	0.01788	0.02196	0.01394	0.01256	0.01510	0.66771	0.00952	0.05685	0.01453	0.01364	0.01137	0.01246	0.06446	0.00606	0.00527	0.00140	0.04245	0.00398	0.00291	0.00595
12	0.04568	0.05109	0.10316	0.08005	0.09468	0.03127	0.04882	0.25025	0.04095	0.08355	0.01209	0.01461	0.00945	0.07055	0.03962	0.00211	0.00630	0.00474	0.00375	0.00728
13	0.01288	0.11749	0.12583	0.01801	0.16304	0.07024	0.22637	0.06757	0.05976	0.01675	0.01087	0.03301	0.00887	0.00655	0.03870	0.00184	0.00726	0.00494	0.00288	0.00715
14	0.00880	0.00782	0.01272	0.22813	0.17933	0.00822	0.04515	0.01102	0.01058	0.01415	0.02796	0.34878	0.05660	0.00996	0.00581	0.00183	0.00491	0.00915	0.00354	0.00555
15	0.01317	0.04559	0.07935	0.21180	0.08367	0.01030	0.03199	0.05367	0.07724	0.17386	0.09798	0.04755	0.03825	0.00668	0.00525	0.00164	0.00529	0.00576	0.00404	0.00691
16	0.03467	0.02619	0.04022	0.08689	0.17278	0.04232	0.05324	0.08382	0.01276	0.10937	0.01960	0.15558	0.10554	0.00821	0.00546	0.00169	0.00519	0.02599	0.00391	0.00655
17	0.01142	0.04249	0.01633	0.42725	0.14807	0.04417	0.03985	0.05155	0.08490	0.01535	0.01076	0.01435	0.00852	0.02753	0.03482	0.00196	0.00671	0.00472	0.00280	0.00644
18	0.00636	0.00457	0.00605	0.00709	0.00751	0.00426	0.00482	0.00741	0.01026	0.01372	0.08603	0.72532	0.05221	0.01555	0.00651	0.00205	0.00296	0.02827	0.00483	0.00423
19	0.01058	0.04682	0.01143	0.04145	0.01302	0.00756	0.00650	0.01283	0.01058	0.01622	0.00972	0.03991	0.00848	0.00433	0.00393	0.00086	0.00398	0.00351	0.00303	0.74524
20	0.01118	0.01063	0.01673	0.42703	0.25643	0.03965	0.03690	0.04537	0.01164	0.01537	0.03908	0.03575	0.02109	0.00559	0.00521	0.00164	0.00638	0.00510	0.00273	0.00651
21	0.00844	0.00690	0.01003	0.00937	0.01012	0.00852	0.01973	0.01011	0.00833	0.01241	0.01233	0.01848	0.01159	0.06172	0.52821	0.00622	0.19719	0.00531	0.05016	0.00481
22	0.07456	0.08694	0.42332	0.06241	0.05222	0.01204	0.03990	0.04346	0.01125	0.03695	0.00932	0.01099	0.00694	0.00477	0.00457	0.00148	0.00647	0.00376	0.00260	0.10604
23	0.03438	0.26336	0.23585	0.01185	0.03968	0.07564	0.06082	0.01525	0.01126	0.04495	0.03690	0.01513	0.07766	0.00748	0.04748	0.00181	0.00661	0.00452	0.00281	0.00658
24	0.01074	0.01038	0.01799	0.43648	0.25380	0.01171	0.08263	0.01392	0.01071	0.01445	0.01002	0.04474	0.00836	0.00552	0.00584	0.00170	0.04699	0.00509	0.00248	0.00646
25	0.00733	0.00542	0.00686	0.00647	0.00778	0.00504	0.00486	0.01002	0.03782	0.02002	0.69718	0.03871	0.11200	0.01060	0.00603	0.00163	0.00249	0.00931	0.00556	0.00490
26	0.03246	0.04690	0.30709	0.08448	0.17963	0.07317	0.07017	0.07591	0.01251	0.01731	0.04551	0.01280	0.00908	0.00517	0.00498	0.00157	0.00687	0.00441	0.00275	0.00724
27	0.01188	0.01253	0.09473	0.14510	0.42203	0.01143	0.06380	0.01551	0.03261	0.04387	0.01242	0.01651	0.03318	0.00562	0.00545	0.00164	0.01844	0.04308	0.00285	0.00731
28	0.00663	0.00488	0.00653	0.03841	0.00870	0.00465	0.00527	0.00794	0.01074	0.01437	0.14125	0.58806	0.07705	0.01455	0.00642	0.00199	0.00311	0.05029	0.00480	0.00437
29	0.09454	0.03934	0.30648	0.07490	0.08543	0.01217	0.04794	0.03637	0.01093	0.07523	0.01097	0.01293	0.03129	0.00622	0.01612	0.00178	0.12324	0.00436	0.00282	0.00693
30	0.05543	0.23575	0.10212	0.14971	0.14744	0.07567	0.01907	0.03642	0.03127	0.04787	0.00987	0.03094	0.00815	0.00569	0.01589	0.00156	0.01347	0.00412	0.00276	0.00679
31	0.00777	0.02689	0.00856	0.06311	0.01034	0.00681	0.00634	0.00936	0.00884	0.01229	0.01723	0.06307	0.06443	0.15216	0.43220	0.00573	0.03032	0.03389	0.03618	0.00448
32	0.00996	0.00689	0.00841	0.00753	0.00937	0.00684	0.00580	0.06239	0.12077	0.07829	0.55990	0.03265	0.05167	0.00946	0.00581	0.00163	0.00300	0.00822	0.00559	0.00582
33	0.02733	0.03901	0.01234	0.05876	0.08808	0.04530	0.02880	0.10804	0.10373	0.09815	0.04648	0.20392	0.03635	0.03911	0.03918	0.00209	0.00515	0.00747	0.00428	0.00642
34	0.27077	0.13294	0.08182	0.00995	0.03146	0.09922	0.02894	0.07628	0.02959	0.05075	0.03926	0.05424	0.06287	0.00631	0.00438	0.00153	0.00523	0.00473	0.00346	0.00630
35	0.01029	0.00949	0.03487	0.14844	0.26701	0.00942	0.04633	0.05724	0.01172	0.01601	0.01739	0.21139	0.04721	0.00860	0.00564	0.00176	0.00527	0.06208	0.02357	0.00626
36	0.05352	0.00940	0.01316	0.08512	0.22343	0.01021	0.00984	0.11944	0.01242	0.01769	0.05838	0.10810	0.06685	0.04148	0.05381	0.00222	0.07150	0.01423	0.02294	0.00626
37	0.01313	0.09352	0.22617	0.01068	0.01459	0.10760	0.01053	0.09095	0.01317	0.09955	0.10888	0.03707	0.05338	0.06143	0.00676	0.00179	0.02762	0.01293	0.00368	0.00656
38	0.01243	0.12231	0.19738	0.02770	0.33143	0.01306	0.03319	0.04156	0.03996	0.03842	0.04597	0.01320	0.00976	0.00530	0.00547	0.00155	0.04651	0.00447	0.00283	0.00750
39	0.01155	0.00902	0.01387	0.08556	0.04586	0.02771	0.16187	0.07660	0.01273	0.09648	0.07309	0.14759	0.10673	0.00865	0.00604	0.02786	0.00505	0.00757	0.07019	0.00597
40	0.03177	0.05224	0.30821	0.04269	0.05702	0.17062	0.08604	0.01567	0.01204	0.01569	0.07934	0.01599	0.06328	0.00594	0.00501	0.00155	0.00687	0.00488	0.01860	0.00655
41	0.04741	0.05144	0.14011	0.10001	0.34074	0.01216	0.08874	0.04397	0.01158	0.01657	0.01169	0.04078	0.03886	0.00555	0.00540	0.00161	0.02845	0.00502	0.00273	0.00717

[dist]
# distance from previous block
# <min> <max>
0	1

[block]
# block no. 5 follows, 48 sequences, length 37
# corresponding to MSA columns:
# 291-327
name=unknown_F
#
# <colnr> <probs for GDERKNQSTAVLIFYWHMCP>
#	G	D	E	R	K	N	Q	S	T	A	V	L	I	F	Y	W	H	M	C	P
0	0.04172	0.03132	0.05065	0.29830	0.20915	0.08706	0.05029	0.01465	0.01108	0.03701	0.01100	0.01508	0.02453	0.00705	0.03297	0.03500	0.00680	0.02734	0.00268	0.00633
1	0.05792	0.17836	0.32699	0.03887	0.04132	0.07618	0.03445	0.03459	0.01165	0.08521	0.01088	0.03595	0.00879	0.00561	0.00466	0.00153	0.00650	0.03062	0.00290	0.00701
2	0.04135	0.04454	0.05341	0.11990	0.08499	0.12844	0.03679	0.06725	0.06937	0.20791	0.03529	0.01571	0.03717	0.00596	0.00497	0.00155	0.00582	0.00485	0.02757	0.00714
3	0.00791	0.00620	0.00808	0.00792	0.00862	0.00676	0.00585	0.03501	0.01096	0.01518	0.21407	0.29801	0.06975	0.09477	0.06115	0.00264	0.12832	0.00985	0.00432	0.00465
4	0.01290	0.12533	0.12590	0.01332	0.09892	0.06066	0.07528	0.05160	0.09559	0.09086	0.03140	0.08489	0.04286	0.04791	0.01868	0.00185	0.00581	0.00581	0.00360	0.00682
5	0.09056	0.03359	0.13496	0.17477	0.18640	0.07476	0.03771	0.05479	0.02645	0.12197	0.01085	0.01261	0.00801	0.00516	0.00485	0.00158	0.00631	0.00430	0.00319	0.00719
6	0.01005	0.01106	0.10360	0.02193	0.19313	0.06873	0.01872	0.01287	0.03510	0.03047	0.12944	0.22092	0.07792	0.00944	0.00569	0.00173	0.00485	0.03445	0.00389	0.00601
7	0.01034	0.01085	0.04206	0.26964	0.08902	0.01102	0.27130	0.01364	0.01098	0.01474	0.01336	0.10208	0.02735	0.00678	0.00625	0.00180	0.04411	0.04569	0.00285	0.00613
8	0.01188	0.16886	0.22395	0.01425	0.06808	0.03978	0.15414	0.01620	0.06831	0.03454	0.03046	0.05211	0.03279	0.00576	0.00505	0.00152	0.01509	0.00506	0.00295	0.04921
9	0.03692	0.04222	0.14305	0.12845	0.13273	0.08178	0.27522	0.03373	0.02607	0.01608	0.01017	0.03164	0.00808	0.00503	0.00528	0.00162	0.00739	0.00500	0.00264	0.00689
10	0.00653	0.00494	0.00642	0.00743	0.02273	0.00467	0.00500	0.00763	0.01040	0.01375	0.07995	0.61378	0.14876	0.01485	0.00666	0.00199	0.02220	0.01323	0.00472	0.00435
11	0.01216	0.01180	0.02068	0.12579	0.60739	0.01200	0.08244	0.01535	0.01155	0.01625	0.01010	0.01407	0.00848	0.00486	0.00522	0.00159	0.00638	0.02369	0.00257	0.00763
12	0.01277	0.06537	0.05253	0.07625	0.29887	0.08024	0.25601	0.01633	0.03030	0.01567	0.00968	0.01258	0.00777	0.00482	0.00570	0.00160	0.03893	0.00482	0.00257	0.00717
13	0.00876	0.00709	0.03620	0.05966	0.05071	0.00651	0.00700	0.01140	0.04365	0.06226	0.28199	0.16412	0.15153	0.01079	0.00623	0.00178	0.02312	0.05710	0.00475	0.00534
14	0.01010	0.00777	0.00968	0.10115	0.05806	0.00794	0.00722	0.06418	0.12631	0.06819	0.17682	0.03195	0.29161	0.00933	0.00565	0.00167	0.00379	0.00791	0.00471	0.00595
15	0.01011	0.00959	0.01627	0.63374	0.15706	0.01132	0.03181	0.01342	0.01059	0.01381	0.01076	0.01479	0.03467	0.00530	0.00518	0.00168	0.00661	0.00482	0.00242	0.00608
16	0.01181	0.05772	0.03203	0.10215	0.01553	0.01154	0.03562	0.09400	0.26107	0.04066	0.03793	0.09825	0.05908	0.00898	0.03041	0.00195	0.06611	0.02426	0.00419	0.00671
17	0.05968	0.05388	0.01489	0.21050	0.01972	0.18513	0.03345	0.10059	0.01351	0.17475	0.01222	0.01351	0.02703	0.00586	0.00557	0.00158	0.05335	0.00442	0.00362	0.00674
18	0.01002	0.00615	0.00712	0.00648	0.00860	0.00542	0.00499	0.01217	0.04503	0.17525	0.15040	0.06525	0.46139	0.01111	0.00586	0.00170	0.00301	0.00935	0.00524	0.00547
19	0.01334	0.03751	0.07315	0.09090	0.23351	0.10333	0.23543	0.07677	0.01272	0.01671	0.00958	0.01237	0.00756	0.00501	0.00588	0.00161	0.05001	0.00476	0.00270	0.00714
20	0.01221	0.01424	0.05065	0.05201	0.06263	0.04063	0.62964	0.01628	0.01193	0.01604	0.01006	0.01344	0.00765	0.00457	0.00624	0.00172	0.03492	0.00571	0.00256	0.00687
21	0.00624	0.00450	0.00592	0.00705	0.00742	0.00418	0.00472	0.00715	0.00991	0.01313	0.02938	0.78072	0.06883	0.01593	0.00653	0.00207	0.00296	0.01441	0.00476	0.00418
22	0.00689	0.00518	0.00623	0.00603	0.00726	0.00468	0.00441	0.00873	0.01293	0.01744	0.47813	0.06483	0.26358	0.08180	0.00782	0.00196	0.00271	0.00974	0.00514	0.00452
23	0.01205	0.03339	0.11842	0.10268	0.17853	0.01291	0.25700	0.04005	0.11317	0.01694	0.01111	0.01359	0.00858	0.00520	0.00603	0.00168	0.05346	0.00507	0.00289	0.00725
24	0.00750	0.00571	0.00822	0.00810	0.00889	0.00665	0.00619	0.00907	0.00824	0.01176	0.01485	0.02218	0.03693	0.12763	0.64533	0.00736	0.05227	0.00584	0.00283	0.00445
25	0.00618	0.00520	0.00536	0.00532	0.00700	0.00438	0.00399	0.00759	0.01198	0.01453	0.12470	0.04828	0.71245	0.01275	0.00606	0.00172	0.00258	0.01068	0.00485	0.00438
26	0.00746	0.00497	0.00560	0.00560	0.00560	0.00497	0.00311	0.00746	0.00746	0.00995	0.01617	0.03358	0.01865	0.81967	0.02612	0.00497	0.00497	0.00746	0.00311	0.00311
27	0.01108	0.00938	0.01088	0.00781	0.01235	0.00729	0.00626	0.05086	0.01132	0.01750	0.00928	0.01072	0.00766	0.00392	0.00387	0.00080	0.00389	0.00312	0.00314	0.80886
28	0.00611	0.00502	0.00538	0.00567	0.00706	0.00429	0.00411	0.00731	0.01124	0.01368	0.04621	0.23596	0.60273	0.01374	0.00618	0.00182	0.00269	0.01174	0.00476	0.00429
29	0.01658	0.01456	0.08031	0.01138	0.01514	0.07139	0.00980	0.42287	0.13334	0.05790	0.04098	0.01527	0.03350	0.00654	0.00547	0.00159	0.02998	0.00499	0.02051	0.00790
30	0.01029	0.01516	0.26193	0.11225	0.13742	0.01051	0.15241	0.01436	0.01179	0.01670	0.14700	0.01778	0.03342	0.00591	0.00536	0.00161	0.00632	0.00553	0.00302	0.03121
31	0.00899	0.00678	0.00763	0.00702	0.00873	0.03392	0.00534	0.04106	0.06092	0.05621	0.48003	0.04555	0.19746	0.01032	0.00588	0.00164	0.00303	0.00887	0.00533	0.00530
32	0.01037	0.02383	0.10639	0.01533	0.11360	0.01008	0.21506	0.03572	0.03073	0.01734	0.18030	0.04231	0.07906	0.00739	0.00626	0.00169	0.04593	0.03297	0.00361	0.02203
33	0.01091	0.00843	0.01015	0.03900	0.01231	0.00703	0.00639	0.05762	0.01156	0.06256	0.01493	0.15754	0.04025	0.00668	0.00459	0.00117	0.00387	0.00567	0.00370	0.53564
34	0.01498	0.01475	0.06090	0.05664	0.22145	0.15748	0.03652	0.18003	0.05336	0.05717	0.03537	0.04201	0.03413	0.00611	0.00515	0.00155	0.00628	0.00511	0.00364	0.00734
35	0.03771	0.13442	0.04542	0.21441	0.05796	0.07594	0.04005	0.10129	0.01264	0.01638	0.03433	0.04412	0.09771	0.00639	0.00487	0.00150	0.00574	0.00525	0.00318	0.06069
36	0.01403	0.04474	0.24648	0.08861	0.03443	0.02053	0.01225	0.29434	0.01600	0.05212	0.04793	0.05374	0.01118	0.00627	0.00505	0.00158	0.00594	0.00503	0.03230	0.00744

[dist]
# distance from previous block
# <min> <max>
0	22

[block]
# block no. 6 follows, 48 sequences, length 18
# corresponding to MSA columns:
# 386-403
name=unknown_G
#
# <colnr> <probs for GDERKNQSTAVLIFYWHMCP>
#	G	D	E	R	K	N	Q	S	T	A	V	L	I	F	Y	W	H	M	C	P
0	0.07404	0.12454	0.18273	0.01254	0.07239	0.05484	0.02748	0.14530	0.09606	0.02833	0.04539	0.01500	0.01103	0.00588	0.00472	0.00152	0.00569	0.03406	0.03376	0.02471
1	0.06193	0.10430	0.08177	0.00987	0.01314	0.06209	0.02528	0.12403	0.09632	0.08738	0.10395	0.04851	0.01524	0.01016	0.09183	0.00225	0.00600	0.00536	0.02556	0.02503
2	0.01373	0.31108	0.01824	0.04447	0.05435	0.06835	0.03503	0.12165	0.02928	0.05192	0.02968	0.10013	0.01186	0.00653	0.00485	0.00144	0.02761	0.00513	0.05808	0.00658
3	0.01290	0.27437	0.13035	0.09741	0.01648	0.03643	0.01040	0.12444	0.02205	0.04759	0.06259	0.04021	0.04932	0.00651	0.00497	0.00150	0.02445	0.02802	0.00334	0.00665
4	0.14609	0.00837	0.00888	0.00835	0.01053	0.00919	0.00649	0.01759	0.32986	0.02008	0.19782	0.09286	0.05774	0.00892	0.00535	0.00176	0.00355	0.05545	0.00490	0.00623
5	0.01275	0.00859	0.01047	0.01009	0.06830	0.00867	0.00731	0.09921	0.17418	0.15601	0.19908	0.02848	0.15129	0.00867	0.00559	0.00167	0.00384	0.03381	0.00522	0.00679
6	0.01602	0.01231	0.04109	0.06981	0.03295	0.03520	0.00934	0.39869	0.05172	0.07629	0.01318	0.01442	0.00982	0.02422	0.01850	0.00172	0.04040	0.00473	0.12211	0.00747
7	0.02014	0.01144	0.08900	0.01072	0.01481	0.00968	0.03637	0.10454	0.01475	0.54776	0.01696	0.01567	0.01105	0.00631	0.00602	0.00164	0.06449	0.00495	0.00537	0.00832
8	0.00783	0.00574	0.00675	0.00707	0.00817	0.00552	0.00504	0.09102	0.01188	0.01570	0.03154	0.50598	0.20776	0.01374	0.00613	0.00190	0.00315	0.01210	0.04824	0.00474
9	0.06230	0.01064	0.05554	0.01202	0.09829	0.00951	0.00909	0.06182	0.10829	0.47408	0.01763	0.03234	0.01208	0.00626	0.00507	0.00161	0.00471	0.00514	0.00531	0.00827
10	0.05622	0.42632	0.30946	0.01117	0.01656	0.07425	0.01248	0.01606	0.01079	0.01422	0.00796	0.00928	0.00650	0.00466	0.00397	0.00134	0.00647	0.00318	0.00227	0.00686
11	0.02190	0.00898	0.01187	0.00927	0.01313	0.00811	0.00760	0.02525	0.09829	0.70695	0.02031	0.01765	0.01303	0.00642	0.00517	0.00160	0.00433	0.00523	0.00623	0.00867
12	0.01518	0.01305	0.07128	0.01293	0.09391	0.01304	0.00995	0.38101	0.17333	0.02543	0.05234	0.03585	0.01279	0.00652	0.00511	0.00158	0.00508	0.00529	0.05842	0.00790
13	0.15953	0.01146	0.01407	0.23889	0.05332	0.09254	0.04706	0.02578	0.01033	0.01561	0.00861	0.01180	0.00708	0.00719	0.04579	0.00195	0.14390	0.00406	0.00264	0.09839
14	0.01293	0.00985	0.01078	0.00973	0.01248	0.01092	0.00761	0.02401	0.57430	0.10457	0.02368	0.05739	0.07355	0.00802	0.00541	0.00176	0.00397	0.03617	0.00527	0.00760
15	0.01958	0.01135	0.01318	0.01042	0.01422	0.01180	0.00850	0.30978	0.17495	0.34392	0.01735	0.01585	0.01179	0.00640	0.00516	0.00160	0.00479	0.00509	0.00565	0.00860
16	0.00755	0.00569	0.00815	0.00804	0.00874	0.00662	0.00607	0.00902	0.00809	0.01159	0.01383	0.02209	0.01356	0.17519	0.62400	0.00737	0.05147	0.00580	0.00279	0.00437
17	0.00689	0.00525	0.00634	0.00612	0.00750	0.00470	0.00462	0.00892	0.01349	0.01815	0.51453	0.04264	0.29771	0.01145	0.00609	0.00168	0.00255	0.03141	0.00532	0.00467

[dist]
# distance from previous block
# <min> <max>
0	1

[block]
# block no. 7 follows, 48 sequences, length 8
# corresponding to MSA columns:
# 405-412
name=unknown_H
#
# <colnr> <probs for GDERKNQSTAVLIFYWHMCP>
#	G	D	E	R	K	N	Q	S	T	A	V	L	I	F	Y	W	H	M	C	P
0	0.06282	0.01036	0.01694	0.46156	0.05135	0.01176	0.14178	0.09643	0.01207	0.01688	0.01007	0.01356	0.00758	0.00512	0.00507	0.00165	0.00653	0.00473	0.05749	0.00625
1	0.65398	0.08534	0.01034	0.00791	0.01111	0.13096	0.00650	0.01592	0.00976	0.02046	0.00726	0.00846	0.00581	0.00481	0.00340	0.00150	0.00490	0.00285	0.00301	0.00571
2	0.01123	0.01107	0.01994	0.38368	0.31609	0.01196	0.14223	0.01466	0.01111	0.01504	0.00953	0.01334	0.00748	0.00478	0.00527	0.00164	0.00687	0.00482	0.00243	0.00682
3	0.00897	0.00448	0.00652	0.00652	0.00662	0.00448	0.00438	0.00714	0.00703	0.00979	0.00958	0.01590	0.00928	0.01681	0.01864	0.77779	0.00428	0.00448	0.07484	0.00245
4	0.00722	0.00741	0.08681	0.00692	0.00894	0.00542	0.00601	0.00967	0.01332	0.01816	0.49037	0.03876	0.26058	0.01065	0.00594	0.00165	0.00300	0.00917	0.00503	0.00497
5	0.01089	0.06212	0.01027	0.00855	0.01009	0.12791	0.00641	0.10109	0.01146	0.01438	0.04034	0.08450	0.03738	0.22143	0.22639	0.00422	0.00781	0.00637	0.00338	0.00501
6	0.01310	0.16530	0.05419	0.01144	0.01496	0.05836	0.06915	0.06269	0.27209	0.01759	0.01270	0.01342	0.01002	0.00587	0.00599	0.00152	0.09493	0.00446	0.00355	0.10866
7	0.08378	0.31677	0.01749	0.01086	0.06855	0.12196	0.00859	0.05928	0.09401	0.03911	0.01257	0.01455	0.03602	0.00579	0.00423	0.00139	0.00541	0.03507	0.05795	0.00660

[dist]
# distance from previous block
# <min> <max>
1	13

[block]
# block no. 8 follows, 48 sequences, length 33
# corresponding to MSA columns:
# 426-433,435-459
name=unknown_I
#
# <colnr> <probs for GDERKNQSTAVLIFYWHMCP>
#	G	D	E	R	K	N	Q	S	T	A	V	L	I	F	Y	W	H	M	C	P
0	0.25755	0.01079	0.01113	0.00988	0.03608	0.01193	0.00757	0.33428	0.05139	0.02455	0.01424	0.16389	0.01309	0.02477	0.00528	0.00174	0.00458	0.00609	0.00438	0.00679
1	0.04312	0.02484	0.70090	0.01507	0.03666	0.01197	0.06466	0.01621	0.01085	0.01653	0.00921	0.01096	0.00657	0.00483	0.00489	0.00163	0.00748	0.00391	0.00224	0.00747
2	0.00760	0.00651	0.03799	0.04976	0.03697	0.00577	0.00664	0.02187	0.01201	0.01613	0.24230	0.25426	0.14354	0.01225	0.00641	0.01492	0.00356	0.11201	0.00467	0.00485
3	0.05155	0.01300	0.02508	0.03483	0.07434	0.01343	0.50178	0.04465	0.01158	0.01657	0.00957	0.01297	0.00753	0.00529	0.00776	0.00180	0.15341	0.00544	0.00265	0.00675
4	0.00949	0.00870	0.01239	0.01116	0.01154	0.01159	0.00908	0.01090	0.00808	0.01219	0.01024	0.03971	0.01004	0.02116	0.33363	0.00467	0.46255	0.00521	0.00253	0.00515
5	0.01010	0.00774	0.01072	0.33085	0.04315	0.00873	0.00898	0.07064	0.03538	0.01714	0.04325	0.03424	0.08599	0.00665	0.00480	0.00154	0.00464	0.00562	0.26422	0.00561
6	0.00606	0.00520	0.00520	0.00520	0.00693	0.00433	0.00390	0.00736	0.01170	0.01386	0.05198	0.04938	0.78558	0.01299	0.00606	0.00173	0.00260	0.01083	0.00476	0.00433
7	0.00722	0.00524	0.00680	0.00641	0.00764	0.00482	0.00481	0.00960	0.01443	0.02034	0.75942	0.03871	0.07410	0.01058	0.00605	0.00162	0.00243	0.00933	0.00562	0.00482
8	0.05966	0.01058	0.08165	0.00973	0.01383	0.00859	0.00866	0.03613	0.01395	0.64188	0.01797	0.01611	0.01151	0.00625	0.00552	0.00162	0.03748	0.00489	0.00564	0.00836
9	0.01064	0.00912	0.01064	0.00760	0.01216	0.00684	0.00608	0.01292	0.01064	0.01672	0.00912	0.01064	0.00760	0.00380	0.00380	0.00076	0.00380	0.00304	0.00304	0.85104
10	0.01468	0.01065	0.01181	0.01017	0.01311	0.01176	0.00804	0.20114	0.39391	0.10960	0.01896	0.05811	0.01510	0.03977	0.03051	0.00204	0.00478	0.03302	0.00513	0.00772
11	0.00625	0.00447	0.00595	0.00714	0.00744	0.00417	0.00476	0.00714	0.00982	0.01310	0.02828	0.81633	0.03394	0.01608	0.00655	0.00208	0.00298	0.01459	0.00476	0.00417
12	0.01087	0.00926	0.01077	0.00771	0.01226	0.00708	0.00618	0.03296	0.01100	0.01713	0.00920	0.01068	0.00763	0.00386	0.00384	0.00078	0.00385	0.00308	0.00310	0.82876
13	0.46946	0.02673	0.00993	0.00791	0.01140	0.01044	0.00655	0.06972	0.01194	0.29059	0.01230	0.01206	0.00848	0.00543	0.00401	0.00156	0.00421	0.00378	0.02661	0.00688
14	0.01778	0.01649	0.01423	0.01189	0.01528	0.24222	0.00940	0.37331	0.20377	0.02397	0.01312	0.01308	0.00979	0.00610	0.00501	0.00153	0.00631	0.00452	0.00443	0.00777
15	0.85592	0.00992	0.00754	0.00675	0.00992	0.01151	0.00556	0.01508	0.00873	0.02302	0.00714	0.00834	0.00556	0.00476	0.00318	0.00159	0.00397	0.00278	0.00318	0.00556
16	0.01541	0.57523	0.02306	0.01016	0.01400	0.26178	0.00913	0.01695	0.01170	0.01222	0.00738	0.00855	0.00659	0.00467	0.00371	0.00117	0.00665	0.00292	0.00233	0.00639
17	0.00734	0.00547	0.00812	0.00812	0.00899	0.00634	0.00625	0.00908	0.00821	0.01182	0.01386	0.02081	0.01311	0.07649	0.76172	0.00809	0.01332	0.00559	0.00277	0.00451
18	0.01796	0.01436	0.05260	0.01172	0.01578	0.01510	0.00996	0.62251	0.11997	0.02980	0.01358	0.01408	0.00995	0.00637	0.00517	0.00159	0.00552	0.02049	0.00499	0.00851
19	0.02287	0.00898	0.01206	0.00925	0.01322	0.00791	0.00764	0.05790	0.01510	0.75773	0.01989	0.01724	0.01253	0.00634	0.00516	0.00159	0.00442	0.00514	0.00630	0.00873
20	0.00733	0.00548	0.00817	0.00817	0.00906	0.00637	0.00632	0.00911	0.00822	0.01185	0.01381	0.02054	0.01299	0.06092	0.77713	0.00815	0.01349	0.00555	0.00276	0.00454
21	0.03272	0.01668	0.01319	0.01135	0.01423	0.33250	0.00881	0.31701	0.01749	0.02093	0.01344	0.11029	0.02900	0.00714	0.00504	0.00151	0.00659	0.00542	0.02991	0.00676
22	0.01025	0.31395	0.07855	0.05780	0.01284	0.01188	0.00816	0.02951	0.01096	0.02520	0.04492	0.21287	0.13088	0.00896	0.00516	0.00157	0.02005	0.00735	0.00345	0.00569
23	0.00891	0.00446	0.00668	0.00668	0.00668	0.00446	0.00446	0.00668	0.00668	0.00891	0.00891	0.01560	0.00891	0.01783	0.02005	0.85071	0.00446	0.00446	0.00223	0.00223
24	0.00869	0.00632	0.03921	0.00713	0.00872	0.00528	0.00565	0.01099	0.01371	0.09010	0.57317	0.14835	0.04132	0.01069	0.00599	0.00168	0.00289	0.00945	0.00544	0.00521
25	0.01990	0.01013	0.01277	0.01092	0.05413	0.00996	0.00838	0.12254	0.17370	0.49213	0.01878	0.01689	0.01255	0.00636	0.00516	0.00161	0.00456	0.00519	0.00576	0.00857
26	0.04563	0.16636	0.03467	0.04401	0.01656	0.01160	0.15871	0.03277	0.03650	0.33271	0.05846	0.01553	0.01201	0.00569	0.00496	0.00153	0.00548	0.00498	0.00435	0.00746
27	0.07570	0.02100	0.01412	0.01334	0.05110	0.59442	0.00975	0.03402	0.08713	0.01468	0.00924	0.01041	0.00752	0.00551	0.00499	0.00142	0.03277	0.00363	0.00296	0.00627
28	0.04153	0.01223	0.01922	0.11399	0.57081	0.04846	0.04043	0.01551	0.01151	0.01636	0.00942	0.01242	0.00778	0.00462	0.00496	0.00150	0.00621	0.00441	0.00257	0.05606
29	0.05491	0.66866	0.05329	0.04613	0.01438	0.01841	0.00919	0.01583	0.01060	0.05758	0.00806	0.00912	0.00689	0.00457	0.00354	0.00120	0.00549	0.00301	0.00248	0.00665
30	0.41172	0.16703	0.06544	0.00869	0.01241	0.01288	0.03689	0.05247	0.05476	0.06292	0.00983	0.01076	0.00756	0.00505	0.00377	0.00148	0.00468	0.00350	0.06178	0.00636
31	0.05746	0.05312	0.00872	0.00696	0.00893	0.00661	0.00544	0.01138	0.02707	0.04574	0.50423	0.04672	0.05249	0.01038	0.04242	0.00182	0.00347	0.00764	0.00487	0.09454
32	0.07276	0.00878	0.01001	0.00760	0.01148	0.00729	0.00605	0.04888	0.01166	0.05408	0.07462	0.04251	0.04363	0.00544	0.00425	0.00105	0.00374	0.00441	0.00364	0.57813

[dist]
# distance from previous block
# <min> <max>
3	21

[block]
# block no. 9 follows, 48 sequences, length 39
# corresponding to MSA columns:
# 481-515,517-520
name=unknown_J
#
# <colnr> <probs for GDERKNQSTAVLIFYWHMCP>
#	G	D	E	R	K	N	Q	S	T	A	V	L	I	F	Y	W	H	M	C	P
0	0.04462	0.04267	0.02802	0.01005	0.01295	0.21032	0.00796	0.07792	0.21151	0.08282	0.08016	0.01839	0.04835	0.05390	0.00616	0.00170	0.00548	0.00524	0.00420	0.04757
