[name]
unknown

[dist]
# distance from previous block
# <min> <max>
6	87

[block]
# block no. 0 follows, 57 sequences, length 103
# corresponding to MSA columns:
# 99-201
name=unknown_A
#
# <colnr> <probs for GDERKNQSTAVLIFYWHMCP>
#	G	D	E	R	K	N	Q	S	T	A	V	L	I	F	Y	W	H	M	C	P
0	0.01024	0.27812	0.24338	0.00925	0.01296	0.03821	0.01947	0.05194	0.01882	0.03207	0.04881	0.12142	0.03900	0.03396	0.00501	0.00144	0.02253	0.00497	0.00274	0.00566
1	0.06473	0.27214	0.12631	0.00882	0.01235	0.03620	0.02803	0.09590	0.04455	0.08407	0.01971	0.07562	0.01943	0.03143	0.02574	0.00152	0.00495	0.00428	0.00302	0.04119
2	0.07418	0.29019	0.15035	0.00891	0.01250	0.06048	0.00864	0.16957	0.01181	0.01585	0.03083	0.08196	0.03365	0.02728	0.00443	0.00136	0.00494	0.00431	0.00290	0.00588
3	0.10591	0.32551	0.14789	0.00951	0.01351	0.04787	0.03377	0.16861	0.01183	0.04372	0.00848	0.00999	0.00681	0.00463	0.00385	0.00124	0.01411	0.02251	0.00276	0.01749
4	0.06429	0.37829	0.33547	0.01015	0.01499	0.03499	0.03508	0.02508	0.02646	0.01330	0.00807	0.00918	0.01856	0.00427	0.00366	0.00123	0.00560	0.00308	0.00213	0.00613
5	0.07314	0.24814	0.39607	0.01044	0.01529	0.02545	0.03230	0.03365	0.02322	0.01421	0.03532	0.01207	0.01710	0.00486	0.00398	0.00133	0.00559	0.03940	0.00235	0.00609
6	0.07511	0.10830	0.56072	0.01121	0.01672	0.02986	0.02367	0.01412	0.02974	0.02365	0.01053	0.01155	0.05646	0.00477	0.00413	0.00139	0.00591	0.00365	0.00225	0.00627
7	0.02778	0.03218	0.33868	0.01036	0.01457	0.00875	0.06920	0.01325	0.04278	0.05778	0.06601	0.07892	0.02857	0.00585	0.00484	0.00139	0.03677	0.01804	0.02308	0.12119
8	0.00623	0.00570	0.04827	0.02767	0.02845	0.00471	0.00537	0.00770	0.00974	0.01261	0.08930	0.27613	0.29051	0.06089	0.00655	0.00185	0.00315	0.10714	0.00395	0.00406
9	0.03013	0.00998	0.01050	0.00921	0.01193	0.01140	0.00723	0.10400	0.68529	0.01988	0.01713	0.01588	0.01282	0.00596	0.00453	0.00149	0.00372	0.00489	0.00451	0.02951
10	0.01765	0.00812	0.01043	0.00801	0.01142	0.00728	0.00656	0.11066	0.01350	0.56959	0.07132	0.01544	0.01246	0.00557	0.00446	0.00131	0.00381	0.00453	0.00508	0.11279
11	0.07371	0.05632	0.11357	0.01515	0.01948	0.05380	0.46252	0.04555	0.01075	0.04487	0.00886	0.01102	0.00666	0.00417	0.00498	0.00144	0.02813	0.00443	0.00249	0.03211
12	0.05576	0.02498	0.22959	0.01599	0.25401	0.02341	0.05460	0.08429	0.11792	0.02918	0.02100	0.01313	0.04619	0.00496	0.00444	0.00141	0.00531	0.00427	0.00288	0.00669
13	0.00807	0.00494	0.00643	0.00602	0.00733	0.00448	0.00452	0.00989	0.01207	0.12348	0.53608	0.14492	0.09489	0.00963	0.00530	0.00149	0.00245	0.00847	0.00490	0.00462
14	0.00564	0.00404	0.00532	0.00625	0.00659	0.00377	0.00422	0.00651	0.00890	0.01189	0.06607	0.73664	0.04593	0.03900	0.00629	0.00190	0.00269	0.03045	0.00420	0.00370
15	0.05528	0.01502	0.27438	0.06794	0.14368	0.06841	0.16944	0.03615	0.01037	0.01457	0.01935	0.05788	0.03711	0.00510	0.00460	0.00145	0.00609	0.00465	0.00244	0.00608
16	0.01114	0.06242	0.08559	0.03085	0.09663	0.04388	0.00810	0.02862	0.17485	0.12948	0.03204	0.08581	0.11354	0.04165	0.00575	0.00159	0.03267	0.00573	0.00368	0.00597
17	0.00558	0.00425	0.00515	0.00577	0.00654	0.00382	0.00407	0.00661	0.00952	0.01222	0.07248	0.49364	0.29817	0.01294	0.00563	0.00172	0.00255	0.04132	0.00425	0.00378
18	0.00966	0.01870	0.51594	0.03033	0.03823	0.01072	0.17966	0.01527	0.09565	0.01478	0.00954	0.01114	0.00698	0.00487	0.01750	0.00156	0.00660	0.00402	0.00230	0.00656
19	0.01283	0.04761	0.17469	0.05662	0.05881	0.22384	0.03027	0.10956	0.17063	0.02660	0.02824	0.01204	0.01818	0.00508	0.00437	0.00136	0.00592	0.00396	0.00305	0.00635
20	0.06431	0.00772	0.01019	0.00790	0.01128	0.00686	0.00651	0.03205	0.01281	0.73327	0.04668	0.01562	0.01201	0.00567	0.00449	0.00140	0.00379	0.00458	0.00542	0.00744
21	0.00787	0.00394	0.00590	0.00590	0.00590	0.00394	0.00394	0.00590	0.00590	0.00787	0.00787	0.01377	0.00787	0.01574	0.01771	0.86816	0.00394	0.00394	0.00197	0.00197
22	0.00730	0.00632	0.01032	0.00981	0.03978	0.00604	0.15313	0.00957	0.04293	0.01326	0.05443	0.35756	0.09924	0.01077	0.00564	0.00175	0.00395	0.15985	0.00382	0.00454
23	0.01693	0.02160	0.01284	0.01167	0.01401	0.82256	0.00876	0.01809	0.01284	0.01109	0.00700	0.00817	0.00584	0.00467	0.00409	0.00117	0.00817	0.00292	0.00233	0.00525
24	0.00909	0.02344	0.81727	0.01292	0.01961	0.01052	0.01674	0.01435	0.00957	0.01435	0.00813	0.00957	0.00574	0.00431	0.00431	0.00144	0.00670	0.00335	0.00191	0.00670
25	0.01043	0.00996	0.01593	0.17725	0.54069	0.03348	0.01255	0.01333	0.03300	0.01402	0.01047	0.03502	0.01931	0.00505	0.00463	0.00143	0.00536	0.04921	0.00246	0.00641
26	0.00752	0.00527	0.00592	0.00591	0.00640	0.01915	0.00389	0.06343	0.00864	0.01193	0.01667	0.24586	0.01854	0.42994	0.01434	0.00300	0.02437	0.00773	0.09788	0.00361
27	0.01857	0.00927	0.01125	0.00868	0.01209	0.00912	0.00715	0.29419	0.01571	0.49372	0.01524	0.01391	0.01000	0.00553	0.00447	0.00137	0.00416	0.00437	0.05371	0.00751
28	0.01010	0.00803	0.00947	0.00680	0.01079	0.00608	0.00545	0.01210	0.00963	0.06638	0.00869	0.00978	0.00700	0.00350	0.00343	0.00072	0.00339	0.00281	0.00287	0.81298
29	0.00966	0.16262	0.65509	0.01225	0.01839	0.01182	0.04195	0.01422	0.00954	0.01373	0.00786	0.00927	0.00579	0.00422	0.00410	0.00136	0.00641	0.00326	0.00193	0.00653
30	0.00541	0.00437	0.00482	0.00519	0.00628	0.00378	0.00371	0.00644	0.00976	0.01201	0.03865	0.31904	0.53990	0.01242	0.00550	0.00164	0.00241	0.01071	0.00421	0.00378
31	0.00561	0.00401	0.00536	0.00642	0.00672	0.00376	0.00437	0.00647	0.00877	0.01167	0.02492	0.79669	0.02977	0.01411	0.00581	0.00185	0.00271	0.05307	0.00420	0.00371
32	0.00968	0.00904	0.03464	0.00953	0.07264	0.00717	0.06300	0.01253	0.05112	0.01494	0.00898	0.01083	0.00743	0.00377	0.00373	0.00087	0.00394	0.01622	0.00273	0.65721
33	0.01038	0.01040	0.01306	0.01126	0.01180	0.08482	0.02476	0.04336	0.00816	0.01162	0.00722	0.01123	0.00690	0.03113	0.10508	0.00254	0.59504	0.00407	0.00219	0.00496
34	0.01013	0.01108	0.04413	0.09592	0.17003	0.01055	0.46123	0.01341	0.01022	0.01406	0.01013	0.05609	0.00857	0.00482	0.00531	0.00152	0.02579	0.02497	0.01603	0.00599
35	0.14388	0.05766	0.06384	0.00935	0.01245	0.12047	0.02166	0.25099	0.11262	0.05409	0.03042	0.02985	0.02328	0.02777	0.00472	0.00146	0.00492	0.02066	0.00363	0.00626
36	0.01140	0.46770	0.25544	0.00936	0.01386	0.04554	0.01019	0.03415	0.00990	0.03525	0.00887	0.02404	0.03069	0.00452	0.00359	0.00116	0.00535	0.00322	0.00224	0.02351
37	0.00697	0.00544	0.02325	0.00760	0.00854	0.00535	0.01939	0.00840	0.00904	0.02904	0.02182	0.28216	0.08472	0.01621	0.15301	0.02921	0.04713	0.23496	0.00365	0.00410
38	0.00691	0.00470	0.00603	0.00579	0.00692	0.00427	0.00430	0.00874	0.01202	0.05833	0.58265	0.14090	0.12138	0.00997	0.00536	0.00149	0.00231	0.00877	0.00483	0.00433
39	0.01088	0.50612	0.33086	0.00973	0.01470	0.01478	0.01118	0.01382	0.00935	0.01219	0.00705	0.00821	0.00581	0.00403	0.00346	0.00114	0.00553	0.00279	0.00195	0.02643
40	0.00843	0.00453	0.00513	0.00527	0.00631	0.00444	0.00394	0.01044	0.02565	0.06029	0.01792	0.20539	0.01671	0.00779	0.00406	0.00133	0.00249	0.05501	0.55051	0.00435
41	0.00711	0.00508	0.00707	0.00802	0.00901	0.00504	0.00687	0.00910	0.01045	0.01370	0.07338	0.11059	0.02742	0.01244	0.00616	0.00203	0.00393	0.67424	0.00423	0.00414
42	0.00612	0.00439	0.00596	0.00689	0.00746	0.00423	0.00517	0.00739	0.00938	0.01245	0.06132	0.52691	0.04225	0.01401	0.03052	0.00205	0.00335	0.24211	0.00418	0.00387
43	0.25017	0.07005	0.21824	0.01164	0.01582	0.01142	0.20024	0.07677	0.01013	0.01671	0.00894	0.01053	0.02883	0.00461	0.00463	0.00144	0.04759	0.00379	0.00253	0.00591
44	0.01064	0.01206	0.02582	0.01859	0.02285	0.01163	0.74020	0.01426	0.01043	0.01426	0.00894	0.01206	0.00681	0.00411	0.00602	0.00156	0.06621	0.00525	0.00227	0.00603
45	0.00556	0.00451	0.00493	0.00501	0.00629	0.00388	0.00369	0.00683	0.01053	0.01316	0.17327	0.15027	0.57332	0.01147	0.00541	0.00155	0.00231	0.00978	0.00434	0.00388
46	0.01351	0.01035	0.02790	0.01320	0.12620	0.03749	0.13735	0.16737	0.07718	0.17616	0.10172	0.03987	0.01312	0.00579	0.00510	0.00144	0.03056	0.00513	0.00391	0.00664
47	0.03254	0.01001	0.01585	0.01283	0.01405	0.01256	0.18115	0.01202	0.03189	0.01232	0.00754	0.01110	0.00675	0.00800	0.04850	0.00207	0.54723	0.00431	0.02410	0.00521
48	0.00730	0.00522	0.00730	0.00835	0.00939	0.00522	0.00730	0.00939	0.01043	0.01356	0.02399	0.05111	0.02608	0.01252	0.00626	0.00209	0.00417	0.78199	0.00417	0.00417
49	0.00925	0.06794	0.77421	0.01264	0.01918	0.01093	0.01625	0.01431	0.00955	0.01415	0.00803	0.00944	0.00574	0.00428	0.00423	0.00141	0.00660	0.00330	0.00191	0.00665
50	0.04258	0.10876	0.47774	0.11133	0.03922	0.02756	0.03701	0.03263	0.00998	0.04984	0.01838	0.01023	0.00658	0.00441	0.00418	0.00138	0.00610	0.00350	0.00225	0.00634
51	0.01648	0.02064	0.01342	0.01192	0.01439	0.74549	0.04515	0.03363	0.03575	0.01182	0.00751	0.00867	0.00615	0.00469	0.00417	0.00120	0.00795	0.00312	0.00244	0.00540
52	0.00605	0.00459	0.00567	0.00623	0.00717	0.00426	0.00471	0.00760	0.02579	0.01296	0.10306	0.33679	0.26612	0.01240	0.00569	0.00176	0.00284	0.17807	0.00428	0.00396
53	0.02985	0.01319	0.09195	0.04444	0.33713	0.13119	0.06642	0.05204	0.03170	0.08599	0.00942	0.01116	0.00731	0.00465	0.00497	0.00139	0.04902	0.00394	0.01767	0.00656
54	0.05094	0.10507	0.04032	0.14732	0.34192	0.03045	0.08118	0.03104	0.06002	0.03443	0.00900	0.01111	0.00716	0.00429	0.00428	0.00134	0.00543	0.00390	0.00249	0.02831
55	0.00650	0.00437	0.00570	0.00644	0.00700	0.00411	0.00442	0.00779	0.03633	0.05373	0.04200	0.72967	0.04814	0.01330	0.00566	0.00179	0.00271	0.01200	0.00431	0.00403
56	0.03016	0.24042	0.09861	0.03082	0.13241	0.07637	0.00923	0.06852	0.04329	0.03361	0.00839	0.00958	0.00678	0.00416	0.00373	0.00111	0.00499	0.00317	0.00257	0.19210
57	0.01134	0.01061	0.01745	0.09540	0.67364	0.01092	0.01328	0.06023	0.03502	0.01546	0.00892	0.01144	0.00731	0.00423	0.00450	0.00137	0.00536	0.00407	0.00243	0.00702
58	0.20733	0.13583	0.02133	0.00924	0.01210	0.28631	0.00750	0.07900	0.17122	0.01610	0.00937	0.00985	0.00738	0.00480	0.00377	0.00128	0.00545	0.00328	0.00301	0.00585
59	0.01222	0.82585	0.02353	0.00781	0.01168	0.01785	0.00777	0.03020	0.00946	0.01104	0.00640	0.00735	0.00586	0.00391	0.00294	0.00098	0.00485	0.00246	0.00199	0.00586
60	0.00609	0.00445	0.00527	0.00562	0.00624	0.00414	0.00381	0.00683	0.00849	0.01101	0.02553	0.29751	0.20114	0.29611	0.01158	0.00263	0.00330	0.07049	0.00366	0.02609
61	0.00840	0.00780	0.01304	0.71511	0.06596	0.00951	0.01187	0.01120	0.00908	0.01173	0.00965	0.08896	0.00832	0.00541	0.00465	0.00153	0.00569	0.00485	0.00223	0.00501
62	0.02835	0.00615	0.00807	0.07402	0.03017	0.00617	0.00594	0.06570	0.02121	0.14211	0.18088	0.17823	0.09636	0.04197	0.08149	0.00217	0.00420	0.01765	0.00414	0.00501
63	0.06916	0.05559	0.06545	0.00734	0.00957	0.05730	0.00625	0.07777	0.06086	0.04623	0.14735	0.09737	0.19000	0.00842	0.00497	0.01504	0.00369	0.04771	0.02488	0.00505
64	0.00730	0.00507	0.00592	0.00555	0.00712	0.00446	0.00420	0.00911	0.03099	0.08491	0.28989	0.08788	0.39456	0.01004	0.00523	0.00148	0.00247	0.00857	0.00455	0.03070
65	0.00981	0.00976	0.01368	0.01176	0.01178	0.01363	0.00979	0.01082	0.00695	0.01089	0.00613	0.01015	0.00611	0.00872	0.03921	0.00214	0.80774	0.00399	0.00200	0.00493
66	0.02916	0.00992	0.01661	0.30247	0.25269	0.01083	0.14055	0.05023	0.08189	0.01465	0.00956	0.01258	0.00752	0.00464	0.00491	0.00148	0.02719	0.01446	0.00252	0.00613
67	0.00710	0.00505	0.00698	0.00797	0.00889	0.00503	0.00677	0.00895	0.01006	0.01312	0.02358	0.12485	0.02595	0.05595	0.00709	0.00218	0.00404	0.66829	0.00410	0.00405
68	0.00909	0.02344	0.81727	0.01292	0.01961	0.01052	0.01674	0.01435	0.00957	0.01435	0.00813	0.00957	0.00574	0.00431	0.00431	0.00144	0.00670	0.00335	0.00191	0.00670
69	0.00557	0.00415	0.00519	0.00588	0.00649	0.00377	0.00405	0.00657	0.00943	0.01235	0.10481	0.58820	0.20076	0.01313	0.00565	0.00173	0.00251	0.01171	0.00428	0.00377
70	0.01216	0.30495	0.29913	0.01077	0.01544	0.08756	0.05217	0.10523	0.01125	0.03525	0.00814	0.00921	0.00631	0.00435	0.00387	0.00124	0.00589	0.00322	0.01756	0.00633
71	0.00856	0.00805	0.01359	0.82986	0.03121	0.01007	0.01258	0.01158	0.00906	0.01158	0.00805	0.01208	0.00604	0.00453	0.00453	0.00151	0.00604	0.00403	0.00201	0.00503
72	0.00549	0.00462	0.00477	0.00482	0.00631	0.00391	0.00367	0.00671	0.01041	0.01248	0.06702	0.04372	0.74728	0.01147	0.00540	0.00156	0.00239	0.04988	0.00423	0.00386
73	0.00927	0.00888	0.01536	0.60671	0.20692	0.01030	0.05382	0.01226	0.00943	0.01246	0.00822	0.01189	0.00634	0.00438	0.00456	0.00147	0.00598	0.00410	0.00208	0.00557
74	0.00652	0.00468	0.00638	0.00638	0.00688	0.00517	0.00454	0.00751	0.00702	0.00985	0.01296	0.02237	0.01331	0.34494	0.51455	0.00617	0.00915	0.00552	0.00255	0.00354
75	0.00579	0.00450	0.00528	0.00545	0.00657	0.00400	0.00404	0.00720	0.01071	0.01385	0.25664	0.20166	0.39432	0.01145	0.00549	0.00159	0.00242	0.05068	0.00443	0.00394
76	0.00591	0.00466	0.00515	0.00523	0.00661	0.00404	0.00399	0.00725	0.01056	0.02647	0.13242	0.09993	0.58120	0.01140	0.00545	0.00159	0.00249	0.07736	0.00432	0.00396
77	0.01529	0.01036	0.01091	0.00916	0.02486	0.07017	0.00721	0.26987	0.18689	0.20657	0.02772	0.01417	0.01077	0.00560	0.00437	0.00136	0.00426	0.00442	0.10913	0.00692
78	0.01716	0.02889	0.01352	0.01058	0.01393	0.18854	0.00857	0.59308	0.01903	0.04719	0.01016	0.01036	0.00737	0.00525	0.00441	0.00131	0.00564	0.00381	0.00404	0.00714
79	0.00647	0.00485	0.00728	0.00728	0.00809	0.00566	0.00566	0.00809	0.00728	0.01052	0.01214	0.01780	0.01133	0.03398	0.82279	0.00728	0.01214	0.00485	0.00243	0.00405
80	0.00567	0.00415	0.00555	0.00650	0.00676	0.00403	0.00440	0.00647	0.00862	0.01154	0.02432	0.80939	0.02915	0.01398	0.00610	0.00185	0.03110	0.01258	0.00413	0.00372
81	0.00878	0.00828	0.01398	0.76414	0.09523	0.01012	0.01269	0.01177	0.00916	0.01184	0.00809	0.01201	0.00613	0.00449	0.00453	0.00150	0.00599	0.00403	0.00203	0.00521
82	0.01026	0.00746	0.00842	0.00857	0.07514	0.01904	0.00601	0.02918	0.29979	0.07194	0.05119	0.02061	0.12803	0.00656	0.00433	0.00137	0.00320	0.00546	0.23763	0.00580
83	0.00856	0.00805	0.01359	0.82986	0.03121	0.01007	0.01258	0.01158	0.00906	0.01158	0.00805	0.01208	0.00604	0.00453	0.00453	0.00151	0.00604	0.00403	0.00201	0.00503
84	0.00555	0.00405	0.00522	0.00608	0.00653	0.00373	0.00412	0.00645	0.00908	0.01199	0.06840	0.70476	0.12011	0.01363	0.00571	0.00178	0.00257	0.01226	0.00425	0.00373
85	0.01082	0.13645	0.37610	0.02746	0.03959	0.05521	0.20409	0.05806	0.01063	0.01449	0.00833	0.01009	0.00628	0.00422	0.00435	0.00137	0.00653	0.00376	0.01584	0.00635
86	0.01122	0.01077	0.01839	0.02781	0.81248	0.01077	0.01391	0.01391	0.01032	0.01480	0.00852	0.01122	0.00718	0.00404	0.00449	0.00135	0.00538	0.00404	0.00224	0.00718
87	0.00536	0.00456	0.00463	0.00468	0.00614	0.00382	0.00348	0.00649	0.01024	0.01221	0.04479	0.08594	0.76904	0.01162	0.00538	0.00155	0.00231	0.00974	0.00421	0.00382
88	0.00909	0.02344	0.81727	0.01292	0.01961	0.01052	0.01674	0.01435	0.00957	0.01435	0.00813	0.00957	0.00574	0.00431	0.00431	0.00144	0.00670	0.00335	0.00191	0.00670
89	0.01010	0.03547	0.12288	0.13813	0.20716	0.02643	0.08441	0.03498	0.13611	0.01466	0.01210	0.08097	0.01060	0.00584	0.00489	0.00151	0.01922	0.04553	0.00285	0.00615
90	0.00769	0.00655	0.00717	0.00700	0.00765	0.09004	0.00503	0.00865	0.00759	0.00995	0.01223	0.02094	0.01250	0.32627	0.42313	0.00545	0.03063	0.00527	0.00252	0.00372
91	0.01358	0.00810	0.00933	0.00800	0.01059	0.00850	0.00633	0.03089	0.39075	0.27268	0.06210	0.01730	0.01424	0.00602	0.00444	0.00142	0.00341	0.00498	0.12052	0.00679
92	0.00787	0.00643	0.00960	0.04342	0.06790	0.00600	0.10025	0.02061	0.01069	0.05352	0.16159	0.09034	0.29756	0.03792	0.02361	0.00172	0.00378	0.02411	0.00382	0.02925
93	0.01070	0.06813	0.03444	0.01199	0.08329	0.01183	0.04249	0.07985	0.00921	0.03868	0.00837	0.01219	0.00760	0.07419	0.04832	0.00211	0.39061	0.00413	0.01306	0.04882
94	0.00540	0.00451	0.00471	0.00483	0.00619	0.00382	0.00356	0.00653	0.01019	0.01231	0.06334	0.14134	0.69421	0.01175	0.00541	0.00157	0.00233	0.00994	0.00423	0.00382
95	0.00557	0.00410	0.00522	0.00599	0.00652	0.00375	0.00409	0.00652	0.00927	0.01220	0.09155	0.64951	0.15234	0.01338	0.00568	0.00176	0.00254	0.01199	0.00427	0.00375
96	0.01311	0.03596	0.26312	0.01371	0.09512	0.21738	0.06693	0.16181	0.06057	0.01643	0.00905	0.01020	0.00684	0.00465	0.00437	0.00135	0.00646	0.00367	0.00273	0.00653
97	0.01009	0.08065	0.43883	0.03863	0.01961	0.01106	0.23181	0.03405	0.01030	0.03329	0.03160	0.02264	0.00764	0.00448	0.00456	0.00143	0.00650	0.00417	0.00230	0.00635
98	0.00995	0.25650	0.59174	0.01145	0.01734	0.01263	0.01419	0.01413	0.00946	0.01330	0.00761	0.00891	0.00576	0.00418	0.00391	0.00130	0.00617	0.00309	0.00192	0.00645
99	0.03628	0.06862	0.12101	0.09881	0.08378	0.01050	0.03291	0.17115	0.04716	0.24638	0.01194	0.01257	0.00847	0.02452	0.00481	0.00145	0.00499	0.00410	0.00370	0.00686
100	0.05615	0.01180	0.03471	0.05265	0.21212	0.09950	0.15593	0.09745	0.06076	0.13335	0.01103	0.03532	0.00848	0.00490	0.00458	0.00141	0.00562	0.00446	0.00320	0.00658
101	0.00834	0.00781	0.01293	0.74850	0.04192	0.00956	0.01185	0.01120	0.00919	0.01169	0.01119	0.01467	0.07259	0.00510	0.00460	0.00151	0.00572	0.00448	0.00220	0.00497
102	0.10691	0.06436	0.11307	0.00890	0.01255	0.01993	0.02032	0.28584	0.01357	0.01961	0.02911	0.04082	0.05923	0.00557	0.00416	0.00127	0.00448	0.02313	0.00342	0.16377

[dist]
# distance from previous block
# <min> <max>
0	3

[block]
# block no. 1 follows, 57 sequences, length 26
# corresponding to MSA columns:
# 206-231
name=unknown_B
#
# <colnr> <probs for GDERKNQSTAVLIFYWHMCP>
#	G	D	E	R	K	N	Q	S	T	A	V	L	I	F	Y	W	H	M	C	P
0	0.01135	0.22415	0.27073	0.01168	0.06582	0.05647	0.04769	0.05916	0.11309	0.03605	0.01069	0.03138	0.02135	0.00499	0.00414	0.00133	0.00549	0.01535	0.00270	0.00639
1	0.07006	0.01056	0.01314	0.11012	0.22775	0.12602	0.05031	0.04302	0.01076	0.07848	0.01069	0.03562	0.00894	0.00523	0.00455	0.00137	0.02386	0.04212	0.08569	0.04171
2	0.00714	0.00582	0.00883	0.20013	0.01335	0.00697	0.00718	0.00885	0.00765	0.01064	0.01147	0.04391	0.01093	0.10970	0.47399	0.00514	0.05666	0.00505	0.00240	0.00418
3	0.00571	0.00408	0.00548	0.00653	0.00687	0.00385	0.00454	0.00664	0.00886	0.01178	0.02487	0.75345	0.02955	0.01402	0.00583	0.00187	0.00279	0.09534	0.00420	0.00373
4	0.01465	0.01179	0.01212	0.00996	0.01307	0.04695	0.00800	0.43137	0.35827	0.02368	0.01397	0.01336	0.01027	0.00571	0.00455	0.00143	0.00452	0.00448	0.00447	0.00737
5	0.01088	0.09300	0.07131	0.00914	0.04768	0.03067	0.02944	0.06682	0.05108	0.05607	0.06484	0.01239	0.00997	0.02798	0.00466	0.00114	0.02248	0.00368	0.00303	0.38375
6	0.19974	0.09896	0.11579	0.04330	0.01313	0.01977	0.00830	0.11189	0.02997	0.24735	0.01110	0.01162	0.00794	0.00502	0.00426	0.00137	0.02779	0.01599	0.00362	0.02308
7	0.00909	0.02344	0.81727	0.01292	0.01961	0.01052	0.01674	0.01435	0.00957	0.01435	0.00813	0.00957	0.00574	0.00431	0.00431	0.00144	0.00670	0.00335	0.00191	0.00670
8	0.00827	0.00578	0.00765	0.06895	0.00981	0.00617	0.00580	0.04170	0.06185	0.07168	0.04412	0.30869	0.01984	0.12280	0.11489	0.00280	0.03814	0.05288	0.00369	0.00450
9	0.01089	0.01160	0.07358	0.20203	0.40319	0.04583	0.11757	0.01386	0.01015	0.03716	0.00863	0.01139	0.00682	0.00429	0.00481	0.00142	0.02396	0.00413	0.00227	0.00641
10	0.00658	0.00458	0.00582	0.00586	0.00617	0.00485	0.00391	0.00721	0.00698	0.00956	0.01398	0.02662	0.01517	0.53807	0.28777	0.00525	0.00695	0.03871	0.00270	0.00324
11	0.02033	0.00771	0.01052	0.00806	0.01157	0.00666	0.00666	0.02208	0.01297	0.81562	0.01788	0.01542	0.01122	0.00561	0.00456	0.00140	0.00386	0.00456	0.00561	0.00771
12	0.01079	0.01273	0.10693	0.12032	0.33318	0.06299	0.21142	0.01433	0.03805	0.01426	0.02570	0.01187	0.00770	0.00430	0.00469	0.00142	0.00623	0.00435	0.00234	0.00641
13	0.01085	0.18338	0.51660	0.01188	0.01747	0.03961	0.04870	0.09421	0.01085	0.01497	0.00806	0.00932	0.00601	0.00433	0.00409	0.00133	0.00625	0.00332	0.00222	0.00655
14	0.00662	0.00479	0.00669	0.00667	0.00725	0.00540	0.00490	0.00775	0.00716	0.01022	0.01281	0.03842	0.01284	0.23062	0.55693	0.02304	0.02553	0.00541	0.02326	0.00370
15	0.00804	0.00544	0.00760	0.00732	0.00835	0.00535	0.04244	0.03818	0.00975	0.08483	0.08820	0.40944	0.06377	0.06111	0.03907	0.04081	0.03678	0.03523	0.00398	0.00432
16	0.02678	0.03563	0.11571	0.02428	0.08801	0.06327	0.02623	0.18302	0.04488	0.18345	0.02712	0.10996	0.02363	0.00638	0.00463	0.00144	0.00483	0.02039	0.00383	0.00652
17	0.05947	0.01446	0.01152	0.01017	0.01212	0.36158	0.00791	0.15527	0.01253	0.01483	0.01196	0.08939	0.06597	0.00672	0.00617	0.00144	0.14542	0.00469	0.00301	0.00538
18	0.00728	0.00553	0.00704	0.00704	0.00831	0.02771	0.03086	0.00910	0.01101	0.03507	0.24718	0.12410	0.16402	0.01069	0.00556	0.00168	0.00326	0.25793	0.03235	0.00428
19	0.01011	0.13228	0.54774	0.04110	0.09248	0.05163	0.03569	0.01430	0.00976	0.01364	0.00789	0.00950	0.00593	0.00423	0.00416	0.00136	0.00640	0.00334	0.00198	0.00648
20	0.05986	0.03030	0.06635	0.02736	0.12102	0.23666	0.04045	0.09190	0.21349	0.01614	0.01107	0.02338	0.00882	0.00522	0.00451	0.00138	0.01837	0.01427	0.00314	0.00631
21	0.00829	0.00715	0.00993	0.00921	0.00951	0.00912	0.00726	0.00932	0.00774	0.03278	0.01337	0.27508	0.01465	0.02467	0.11273	0.00260	0.41790	0.00697	0.01723	0.00447
22	0.00649	0.00458	0.00578	0.00579	0.00606	0.00448	0.02887	0.00687	0.00735	0.00978	0.01726	0.20723	0.03247	0.59440	0.01792	0.00363	0.00407	0.03074	0.00312	0.00312
23	0.01105	0.04069	0.04590	0.11283	0.26271	0.07264	0.14613	0.05810	0.04830	0.01425	0.00916	0.01202	0.00752	0.02245	0.06118	0.00189	0.06036	0.00425	0.00246	0.00612
24	0.04796	0.01149	0.07893	0.01252	0.07152	0.04232	0.15701	0.11318	0.24815	0.04534	0.01371	0.09941	0.01141	0.00604	0.00491	0.00151	0.01920	0.00539	0.00356	0.00644
25	0.00695	0.00568	0.04235	0.00637	0.00771	0.00485	0.00501	0.00923	0.05041	0.04698	0.35310	0.24131	0.14044	0.01154	0.04532	0.00184	0.00312	0.00893	0.00442	0.00444

[dist]
# distance from previous block
# <min> <max>
0	1

[block]
# block no. 2 follows, 57 sequences, length 8
# corresponding to MSA columns:
# 233-239,242
name=unknown_C
#
# <colnr> <probs for GDERKNQSTAVLIFYWHMCP>
#	G	D	E	R	K	N	Q	S	T	A	V	L	I	F	Y	W	H	M	C	P
0	0.00642	0.00474	0.00579	0.00635	0.00700	0.00469	0.00437	0.00870	0.10280	0.01275	0.06105	0.56759	0.06680	0.07945	0.00691	0.00195	0.00283	0.01076	0.03500	0.00407
1	0.01201	0.07596	0.01873	0.23451	0.10396	0.08272	0.25678	0.08135	0.01134	0.06560	0.00909	0.01143	0.00686	0.00436	0.00462	0.00141	0.00634	0.00426	0.00259	0.00607
2	0.06479	0.00905	0.01288	0.01280	0.12081	0.01135	0.03033	0.03465	0.00829	0.01276	0.00970	0.01383	0.04295	0.01075	0.11914	0.00252	0.44757	0.02830	0.00238	0.00518
3	0.00679	0.00490	0.00651	0.00719	0.00813	0.00476	0.00590	0.00852	0.01030	0.01353	0.13338	0.11387	0.10261	0.07628	0.00731	0.00210	0.00360	0.47614	0.00418	0.00400
4	0.00940	0.00805	0.00940	0.00671	0.01074	0.00604	0.00537	0.01141	0.00940	0.01477	0.00805	0.00940	0.00671	0.00336	0.00336	0.00067	0.00336	0.00268	0.00268	0.86845
5	0.18470	0.01184	0.06307	0.09116	0.01458	0.11765	0.05145	0.10652	0.05504	0.05288	0.00898	0.01029	0.00688	0.00511	0.01876	0.00139	0.03406	0.00346	0.00295	0.15924
6	0.01301	0.01442	0.01197	0.05934	0.01384	0.39795	0.05682	0.08866	0.03645	0.01360	0.02736	0.07253	0.04796	0.00821	0.06311	0.00177	0.00679	0.03795	0.00295	0.02532
7	0.00797	0.00607	0.00929	0.00835	0.00958	0.00608	0.11107	0.00941	0.00917	0.05662	0.05528	0.19111	0.07350	0.18929	0.03845	0.00250	0.05951	0.12790	0.02460	0.00425

[dist]
# distance from previous block
# <min> <max>
1	3

[block]
# block no. 3 follows, 57 sequences, length 23
# corresponding to MSA columns:
# 260-282
name=unknown_D
#
# <colnr> <probs for GDERKNQSTAVLIFYWHMCP>
#	G	D	E	R	K	N	Q	S	T	A	V	L	I	F	Y	W	H	M	C	P
0	0.01075	0.23824	0.41793	0.01178	0.05310	0.04422	0.01267	0.05441	0.03278	0.01397	0.00847	0.01057	0.00681	0.00470	0.00442	0.00134	0.03760	0.02766	0.00224	0.00635
1	0.06561	0.00859	0.07866	0.03128	0.07551	0.00769	0.00758	0.03718	0.06591	0.10571	0.11672	0.14044	0.06631	0.00779	0.00552	0.00152	0.06463	0.04944	0.00374	0.06018
2	0.01332	0.13922	0.08140	0.04779	0.03747	0.27757	0.06390	0.08206	0.10513	0.03920	0.01040	0.06378	0.00877	0.00532	0.00427	0.00132	0.00604	0.00418	0.00290	0.00597
3	0.01144	0.12689	0.01960	0.06515	0.37548	0.01155	0.18768	0.01473	0.05417	0.05598	0.02788	0.01199	0.00826	0.00431	0.00449	0.00136	0.00560	0.00429	0.00257	0.00659
4	0.00826	0.00681	0.02777	0.16686	0.06659	0.00678	0.03250	0.01087	0.05070	0.05064	0.07091	0.13119	0.09141	0.05336	0.00627	0.00183	0.00425	0.20459	0.00359	0.00481
5	0.02208	0.00826	0.06087	0.03114	0.02932	0.00751	0.00692	0.08822	0.14380	0.15658	0.05778	0.09866	0.16698	0.00815	0.00493	0.00154	0.00369	0.07237	0.02540	0.00579
6	0.00695	0.00582	0.02890	0.00601	0.00756	0.00516	0.00472	0.06083	0.04165	0.01618	0.37492	0.09713	0.30738	0.00992	0.00527	0.00149	0.00260	0.00852	0.00452	0.00447
7	0.00997	0.01003	0.09172	0.13805	0.30408	0.00924	0.02409	0.01344	0.06872	0.05495	0.08976	0.01649	0.03422	0.00746	0.06003	0.00185	0.03006	0.02685	0.00291	0.00608
8	0.00940	0.00805	0.00940	0.00671	0.01074	0.00604	0.00537	0.01141	0.00940	0.01477	0.00805	0.00940	0.00671	0.00336	0.00336	0.00067	0.00336	0.00268	0.00268	0.86845
9	0.01662	0.09210	0.01371	0.01122	0.01372	0.72630	0.00860	0.01783	0.01253	0.03747	0.00730	0.00833	0.00601	0.00463	0.00400	0.00116	0.00774	0.00293	0.00241	0.00538
10	0.00611	0.00451	0.00615	0.00679	0.00743	0.00428	0.02263	0.00728	0.00923	0.01218	0.05894	0.50056	0.08630	0.06687	0.01791	0.00208	0.00325	0.16959	0.00407	0.00382
11	0.01132	0.10799	0.08889	0.03941	0.08680	0.13892	0.18819	0.04065	0.01069	0.02379	0.01083	0.04435	0.00993	0.00597	0.00547	0.00150	0.06629	0.11069	0.00263	0.00570
12	0.01587	0.01124	0.01302	0.01132	0.07456	0.01233	0.00859	0.46664	0.14359	0.13346	0.01262	0.01244	0.00904	0.00560	0.00508	0.00142	0.04707	0.00430	0.00439	0.00744
13	0.00916	0.00882	0.01152	0.01009	0.01065	0.05246	0.02718	0.01025	0.00758	0.01096	0.00914	0.06646	0.00939	0.09485	0.13108	0.00287	0.47556	0.00485	0.00233	0.04481
14	0.00629	0.00460	0.00590	0.00563	0.00671	0.00422	0.00420	0.00829	0.01246	0.01742	0.71638	0.06548	0.10619	0.00964	0.00536	0.00145	0.00217	0.00849	0.00489	0.00422
15	0.00689	0.00474	0.00528	0.00522	0.00538	0.00484	0.00303	0.00772	0.05813	0.00944	0.01455	0.02883	0.01630	0.78683	0.02187	0.00421	0.00434	0.00649	0.00287	0.00303
16	0.00637	0.00439	0.00543	0.00586	0.00669	0.00395	0.00410	0.00741	0.00967	0.05418	0.10862	0.48897	0.22774	0.03692	0.00608	0.00177	0.00261	0.01095	0.00432	0.00396
17	0.00994	0.00932	0.01554	0.47538	0.34776	0.01049	0.01298	0.04023	0.01000	0.01349	0.00834	0.01169	0.00656	0.00436	0.00451	0.00144	0.00574	0.00403	0.00220	0.00600
18	0.01673	0.00725	0.00955	0.00760	0.01051	0.00654	0.00617	0.05867	0.02628	0.57045	0.18691	0.01919	0.01784	0.00638	0.00469	0.00140	0.00350	0.00531	0.02817	0.00688
19	0.04761	0.01490	0.01256	0.07840	0.17011	0.42187	0.00913	0.01500	0.01128	0.03529	0.03313	0.08276	0.00976	0.03296	0.00497	0.00142	0.00637	0.00439	0.00266	0.00542
20	0.04319	0.06546	0.13744	0.05607	0.33711	0.02107	0.07826	0.01304	0.01010	0.01458	0.10735	0.01336	0.01101	0.00503	0.00525	0.00142	0.06721	0.00437	0.00251	0.00619
21	0.01317	0.15742	0.05197	0.09618	0.05803	0.10582	0.00899	0.17365	0.09398	0.06597	0.01010	0.01139	0.00786	0.00492	0.00438	0.00127	0.02706	0.01589	0.00314	0.08883
22	0.00768	0.00567	0.00727	0.00639	0.00805	0.00528	0.04496	0.06489	0.01240	0.04498	0.41204	0.03253	0.26796	0.00905	0.00515	0.00144	0.00273	0.00784	0.04911	0.00460

[dist]
# distance from previous block
# <min> <max>
7	18

[block]
# block no. 4 follows, 57 sequences, length 16
# corresponding to MSA columns:
# 301-316
name=unknown_E
#
# <colnr> <probs for GDERKNQSTAVLIFYWHMCP>
#	G	D	E	R	K	N	Q	S	T	A	V	L	I	F	Y	W	H	M	C	P
0	0.00592	0.00424	0.00525	0.00577	0.00621	0.00399	0.00385	0.00672	0.00878	0.01163	0.10158	0.43615	0.11389	0.22820	0.01020	0.00244	0.00305	0.03472	0.00390	0.00353
1	0.01178	0.07049	0.41842	0.05617	0.01654	0.01000	0.01211	0.03529	0.08434	0.17803	0.03166	0.03557	0.00930	0.00516	0.00438	0.00142	0.00540	0.00415	0.00313	0.00668
2	0.01287	0.03242	0.39143	0.01092	0.02711	0.00965	0.02450	0.11201	0.01187	0.20699	0.02296	0.01150	0.00799	0.00471	0.00430	0.00133	0.00536	0.00376	0.00325	0.09508
3	0.45572	0.07400	0.00967	0.00753	0.01018	0.15692	0.00610	0.09057	0.01076	0.01846	0.11227	0.01132	0.01038	0.00505	0.00355	0.00133	0.00441	0.00345	0.00311	0.00523
4	0.01607	0.01190	0.01472	0.01124	0.01487	0.01278	0.11154	0.55102	0.09467	0.09599	0.01201	0.01204	0.00850	0.00531	0.00465	0.00140	0.00510	0.00439	0.00434	0.00745
5	0.01095	0.00974	0.01834	0.02658	0.01749	0.00924	0.44024	0.01486	0.08892	0.11978	0.06056	0.04182	0.10791	0.00582	0.00517	0.00152	0.00562	0.00609	0.00339	0.00596
6	0.01124	0.01125	0.01314	0.03886	0.01267	0.11913	0.00933	0.08885	0.00921	0.01262	0.00717	0.01072	0.00664	0.02640	0.05763	0.00215	0.55154	0.00395	0.00232	0.00517
7	0.00635	0.00488	0.00586	0.08626	0.00893	0.00465	0.00487	0.00790	0.00997	0.01302	0.05431	0.13581	0.41792	0.01038	0.00514	0.00157	0.00289	0.09827	0.11699	0.00403
8	0.00655	0.00511	0.00592	0.00620	0.00725	0.00497	0.00453	0.00915	0.11370	0.01302	0.07047	0.28475	0.27002	0.09114	0.00718	0.00195	0.00295	0.08680	0.00416	0.00417
9	0.00884	0.00834	0.01391	0.08280	0.05649	0.00753	0.21896	0.01117	0.00959	0.01366	0.01241	0.20786	0.01226	0.00620	0.00463	0.00129	0.00467	0.00602	0.00286	0.31050
10	0.00635	0.00474	0.00651	0.00651	0.00727	0.00520	0.00485	0.00761	0.00756	0.01044	0.01695	0.02330	0.11705	0.17517	0.57273	0.00601	0.00946	0.00578	0.00272	0.00378
11	0.02696	0.01981	0.03794	0.04591	0.13605	0.03998	0.16183	0.11857	0.01145	0.02646	0.01625	0.09805	0.11548	0.05331	0.00578	0.00161	0.00490	0.00594	0.06815	0.00556
12	0.01171	0.08772	0.01076	0.00865	0.05510	0.00833	0.00646	0.10149	0.09688	0.15836	0.11925	0.15271	0.01706	0.00701	0.00451	0.00134	0.00359	0.00595	0.02845	0.11465
13	0.00639	0.00467	0.00566	0.00570	0.00690	0.00419	0.00433	0.00797	0.01113	0.03759	0.32567	0.14402	0.32141	0.01094	0.00547	0.00158	0.00251	0.08520	0.00454	0.00412
14	0.01623	0.01050	0.10015	0.01253	0.16251	0.00874	0.00929	0.12272	0.01297	0.42773	0.01419	0.01479	0.00996	0.02892	0.00508	0.00149	0.00463	0.02602	0.00431	0.00726
15	0.01001	0.26836	0.11178	0.00918	0.01198	0.03358	0.02447	0.03812	0.00913	0.01230	0.00946	0.09137	0.00909	0.00958	0.11300	0.00211	0.14166	0.00429	0.00241	0.08813

[dist]
# distance from previous block
# <min> <max>
0	2

[block]
# block no. 5 follows, 57 sequences, length 6
# corresponding to MSA columns:
# 319-324
name=unknown_F
#
# <colnr> <probs for GDERKNQSTAVLIFYWHMCP>
#	G	D	E	R	K	N	Q	S	T	A	V	L	I	F	Y	W	H	M	C	P
0	0.00786	0.00505	0.00706	0.00823	0.07447	0.00483	0.00524	0.00890	0.00898	0.10307	0.02076	0.53199	0.02320	0.10194	0.06391	0.00240	0.00385	0.00997	0.00392	0.00436
1	0.00623	0.00488	0.00640	0.09943	0.00936	0.00471	0.00500	0.00797	0.01100	0.01471	0.38186	0.18316	0.22813	0.01019	0.00534	0.00154	0.00271	0.00893	0.00431	0.00414
2	0.01019	0.01067	0.05420	0.04294	0.41995	0.02924	0.07808	0.01259	0.00960	0.01351	0.01084	0.04773	0.04376	0.00649	0.02886	0.00168	0.14907	0.02206	0.00240	0.00613
3	0.01318	0.11169	0.07134	0.01378	0.15541	0.23470	0.04698	0.14245	0.04250	0.01527	0.00991	0.07910	0.00874	0.00547	0.00465	0.00134	0.03018	0.00434	0.00283	0.00613
4	0.45129	0.03836	0.11053	0.02779	0.01203	0.10647	0.00768	0.10336	0.01032	0.03697	0.00765	0.00875	0.00584	0.00458	0.00380	0.00137	0.02975	0.00298	0.02488	0.00557
5	0.04805	0.09904	0.01416	0.01162	0.10982	0.00969	0.13258	0.10672	0.01139	0.10780	0.03220	0.01579	0.08043	0.00786	0.07304	0.00184	0.02581	0.00474	0.10154	0.00587

[dist]
# distance from previous block
# <min> <max>
3	38

# created by:
# /st0/software/busco_prod/Augustus/scripts/msa2prfl.pl ./align_prep/135872.fa
