[name]
unknown

[dist]
# distance from previous block
# <min> <max>
7	666

[block]
# block no. 0 follows, 52 sequences, length 7
# corresponding to MSA columns:
# 722-728
name=unknown_A
#
# <colnr> <probs for GDERKNQSTAVLIFYWHMCP>
#	G	D	E	R	K	N	Q	S	T	A	V	L	I	F	Y	W	H	M	C	P
0	0.01166	0.02258	0.05704	0.01024	0.03930	0.00953	0.03458	0.16366	0.06321	0.07412	0.01603	0.19126	0.03485	0.03363	0.02315	0.00181	0.08401	0.01807	0.00387	0.10743
1	0.00999	0.00684	0.00645	0.08451	0.00931	0.08880	0.00499	0.01223	0.01049	0.01687	0.01424	0.01660	0.01120	0.00550	0.00363	0.00119	0.00334	0.00435	0.68475	0.00472
2	0.01202	0.01612	0.23475	0.03353	0.17102	0.11040	0.07028	0.09453	0.01241	0.01677	0.05555	0.01312	0.02708	0.00505	0.00470	0.00139	0.00614	0.00429	0.00284	0.10802
3	0.05291	0.00989	0.01372	0.31784	0.11950	0.02806	0.01092	0.11255	0.03353	0.03515	0.01117	0.01475	0.03207	0.02742	0.00682	0.00171	0.11896	0.02051	0.02652	0.00602
4	0.01122	0.02075	0.55117	0.01270	0.01858	0.01186	0.01481	0.10859	0.16872	0.01814	0.01126	0.01198	0.00813	0.00514	0.00470	0.00155	0.00628	0.00406	0.00296	0.00739
5	0.00807	0.00749	0.10116	0.00694	0.00900	0.00544	0.00613	0.01055	0.01263	0.06618	0.49170	0.05517	0.13318	0.00925	0.00541	0.00153	0.00301	0.00800	0.05414	0.00502
6	0.00927	0.00994	0.09151	0.00872	0.01040	0.05491	0.00728	0.03050	0.10203	0.01325	0.01859	0.06062	0.13518	0.23009	0.03180	0.00266	0.15255	0.00639	0.00326	0.02105

[dist]
# distance from previous block
# <min> <max>
15	116

[block]
# block no. 1 follows, 52 sequences, length 34
# corresponding to MSA columns:
# 849-882
name=unknown_B
#
# <colnr> <probs for GDERKNQSTAVLIFYWHMCP>
#	G	D	E	R	K	N	Q	S	T	A	V	L	I	F	Y	W	H	M	C	P
0	0.06155	0.20230	0.29673	0.01081	0.02856	0.06587	0.01127	0.07643	0.01131	0.01566	0.04620	0.03151	0.01007	0.02307	0.03549	0.00171	0.00610	0.03440	0.00274	0.02822
1	0.04939	0.07838	0.11510	0.04801	0.01416	0.02463	0.00914	0.23255	0.09712	0.03713	0.03194	0.03285	0.02759	0.00986	0.10223	0.00225	0.00603	0.03531	0.01521	0.03112
2	0.06222	0.13053	0.11420	0.10394	0.20993	0.01158	0.04111	0.06185	0.03326	0.03641	0.01042	0.03067	0.00882	0.05816	0.03788	0.00189	0.00582	0.00440	0.03052	0.00639
3	0.02909	0.34254	0.19029	0.02684	0.01410	0.01348	0.00996	0.06718	0.05700	0.01507	0.03013	0.03324	0.01023	0.00686	0.03727	0.00161	0.00556	0.05169	0.02704	0.03083
4	0.04616	0.06970	0.10988	0.04329	0.02976	0.04375	0.02661	0.07778	0.09544	0.06264	0.06707	0.05426	0.03155	0.16323	0.02385	0.00225	0.03797	0.00556	0.00348	0.00577
5	0.05822	0.09034	0.08704	0.01032	0.02853	0.03815	0.03059	0.25925	0.05632	0.04751	0.01389	0.03659	0.05594	0.06160	0.02457	0.00183	0.03926	0.01892	0.00368	0.03744
6	0.35068	0.04470	0.05468	0.04566	0.01285	0.04427	0.03467	0.09850	0.06605	0.01964	0.07359	0.03395	0.01103	0.00571	0.00435	0.00148	0.02219	0.01823	0.00340	0.05436
7	0.01285	0.03393	0.01773	0.16910	0.36595	0.08292	0.06538	0.11146	0.01248	0.03277	0.01017	0.01258	0.02398	0.00493	0.00505	0.00148	0.02316	0.00440	0.00278	0.00691
8	0.06149	0.06338	0.01093	0.03948	0.01201	0.02262	0.00646	0.07900	0.01099	0.03714	0.01100	0.08842	0.01006	0.00589	0.00469	0.03682	0.00405	0.02233	0.00320	0.47003
9	0.01191	0.02526	0.01374	0.30049	0.08404	0.11664	0.03260	0.06851	0.11850	0.04654	0.06656	0.03654	0.01202	0.00658	0.02098	0.00167	0.00590	0.02209	0.00329	0.00613
10	0.80735	0.00951	0.00796	0.00792	0.06183	0.01091	0.00589	0.01429	0.00843	0.02135	0.00690	0.00815	0.00541	0.00449	0.00312	0.00150	0.00388	0.00274	0.00296	0.00541
11	0.00618	0.00451	0.00592	0.00678	0.00732	0.00410	0.00458	0.00711	0.00933	0.01260	0.02551	0.77231	0.03040	0.01441	0.00601	0.00189	0.00286	0.01305	0.00439	0.06073
12	0.00775	0.00602	0.00780	0.00805	0.06044	0.00588	0.00558	0.01135	0.10351	0.01901	0.62172	0.03295	0.07256	0.00925	0.00556	0.00154	0.00270	0.00815	0.00506	0.00512
13	0.86392	0.00937	0.00712	0.00637	0.00937	0.01087	0.00525	0.01425	0.00825	0.02174	0.00675	0.00787	0.00525	0.00450	0.00300	0.00150	0.00375	0.00262	0.00300	0.00525
14	0.00590	0.00422	0.00562	0.00675	0.00703	0.00394	0.00450	0.00675	0.00928	0.01237	0.02671	0.82653	0.03205	0.01518	0.00619	0.00197	0.00281	0.01378	0.00450	0.00394
15	0.01148	0.01296	0.02798	0.02106	0.07845	0.01220	0.72923	0.01548	0.01141	0.01554	0.00976	0.01300	0.00738	0.00410	0.00566	0.00162	0.00800	0.00562	0.00245	0.00661
16	0.01810	0.02310	0.01373	0.01248	0.01498	0.81024	0.00936	0.01935	0.01373	0.01186	0.00749	0.00874	0.00624	0.00499	0.00437	0.00125	0.00874	0.00312	0.00250	0.00562
17	0.00602	0.00496	0.00533	0.00549	0.00699	0.00427	0.00422	0.00738	0.01109	0.01347	0.07557	0.08068	0.64726	0.01243	0.00586	0.00171	0.00269	0.09591	0.00453	0.00415
18	0.62573	0.00905	0.00829	0.00701	0.01022	0.00981	0.00578	0.01690	0.00984	0.24265	0.01025	0.01031	0.00716	0.00492	0.00353	0.00150	0.00385	0.00326	0.00385	0.00610
19	0.01810	0.02310	0.01373	0.01248	0.01498	0.81024	0.00936	0.01935	0.01373	0.01186	0.00749	0.00874	0.00624	0.00499	0.00437	0.00125	0.00874	0.00312	0.00250	0.00562
20	0.01205	0.01041	0.01096	0.00986	0.01260	0.01205	0.00767	0.02575	0.79071	0.02027	0.01972	0.01808	0.01479	0.00657	0.00493	0.00164	0.00384	0.00548	0.00493	0.00767
21	0.00903	0.00452	0.00452	0.00452	0.00565	0.00452	0.00339	0.01129	0.01016	0.01807	0.01581	0.01807	0.01242	0.00565	0.00339	0.00113	0.00226	0.00452	0.85659	0.00452
22	0.00692	0.00519	0.00779	0.00779	0.00865	0.00606	0.00606	0.00865	0.00779	0.01125	0.01298	0.01904	0.01211	0.03634	0.81049	0.00779	0.01298	0.00519	0.00260	0.00433
23	0.00771	0.00550	0.00769	0.00881	0.00988	0.00549	0.00763	0.00986	0.01106	0.01439	0.02571	0.09601	0.02811	0.01348	0.00667	0.00222	0.00437	0.72651	0.00446	0.00443
24	0.01810	0.02310	0.01373	0.01248	0.01498	0.81024	0.00936	0.01935	0.01373	0.01186	0.00749	0.00874	0.00624	0.00499	0.00437	0.00125	0.00874	0.00312	0.00250	0.00562
25	0.02052	0.01020	0.01246	0.00955	0.01335	0.01002	0.00789	0.30235	0.01714	0.51947	0.01637	0.01471	0.01062	0.00593	0.00486	0.00148	0.00457	0.00469	0.00558	0.00824
26	0.02174	0.00825	0.01125	0.00862	0.01237	0.00712	0.00712	0.02362	0.01387	0.80282	0.01912	0.01649	0.01200	0.00600	0.00487	0.00150	0.00412	0.00487	0.00600	0.00825
27	0.00588	0.00429	0.00555	0.00655	0.00698	0.00395	0.00441	0.00677	0.00947	0.01245	0.02914	0.74181	0.11520	0.01487	0.00614	0.00193	0.00277	0.01339	0.00450	0.00395
28	0.01144	0.01307	0.02859	0.02042	0.02533	0.01225	0.78186	0.01552	0.01144	0.01552	0.00980	0.01307	0.00735	0.00408	0.00572	0.00163	0.00817	0.00572	0.00245	0.00654
29	0.02174	0.00825	0.01125	0.00862	0.01237	0.00712	0.00712	0.02362	0.01387	0.80282	0.01912	0.01649	0.01200	0.00600	0.00487	0.00150	0.00412	0.00487	0.00600	0.00825
30	0.00590	0.00422	0.00562	0.00675	0.00703	0.00394	0.00450	0.00675	0.00928	0.01237	0.02671	0.82653	0.03205	0.01518	0.00619	0.00197	0.00281	0.01378	0.00450	0.00394
31	0.04649	0.01283	0.01363	0.01055	0.01421	0.01419	0.00869	0.70595	0.02145	0.02941	0.01175	0.01193	0.00842	0.00576	0.00469	0.00143	0.00507	0.00431	0.06134	0.00789
32	0.01767	0.02238	0.01380	0.01250	0.01485	0.76486	0.00943	0.01891	0.01337	0.01185	0.00743	0.00885	0.00625	0.00519	0.00503	0.00130	0.05507	0.00318	0.00248	0.00560
33	0.01087	0.00842	0.00947	0.00845	0.01062	0.00911	0.00653	0.13163	0.32443	0.03726	0.26947	0.09871	0.03768	0.00841	0.00530	0.00160	0.00345	0.00720	0.00502	0.00637

[dist]
# distance from previous block
# <min> <max>
0	2

[block]
# block no. 2 follows, 52 sequences, length 15
# corresponding to MSA columns:
# 885-899
name=unknown_C
#
# <colnr> <probs for GDERKNQSTAVLIFYWHMCP>
#	G	D	E	R	K	N	Q	S	T	A	V	L	I	F	Y	W	H	M	C	P
0	0.01101	0.01000	0.03979	0.02273	0.04536	0.02661	0.07460	0.05972	0.11057	0.04034	0.06347	0.04014	0.03103	0.00554	0.00452	0.00121	0.00440	0.02345	0.00352	0.38196
1	0.01012	0.00883	0.01096	0.00783	0.01217	0.00674	0.04391	0.01237	0.01012	0.01578	0.00867	0.01020	0.00719	0.00361	0.00369	0.00076	0.00381	0.00301	0.00285	0.81738
2	0.00623	0.00444	0.00594	0.00702	0.00742	0.00421	0.00494	0.00725	0.00948	0.01259	0.02616	0.68323	0.03093	0.04316	0.00690	0.00210	0.00312	0.12646	0.00444	0.00398
3	0.01282	0.01053	0.01119	0.00990	0.01275	0.01205	0.00775	0.07343	0.71275	0.05068	0.01919	0.01761	0.01427	0.00650	0.00492	0.00163	0.00394	0.00539	0.00497	0.00773
4	0.11119	0.05455	0.06048	0.06751	0.08387	0.07186	0.23789	0.07358	0.01107	0.01601	0.00843	0.01106	0.00676	0.00525	0.00682	0.00161	0.15892	0.00431	0.00258	0.00626
5	0.00698	0.00497	0.00667	0.00667	0.00715	0.00545	0.00467	0.00794	0.00746	0.01042	0.01400	0.02469	0.01457	0.38998	0.46021	0.00641	0.00929	0.00602	0.00275	0.00371
6	0.00705	0.00470	0.00529	0.00529	0.00529	0.00470	0.00294	0.00705	0.00705	0.00940	0.01527	0.03171	0.01762	0.82969	0.02467	0.00470	0.00470	0.00705	0.00294	0.00294
7	0.00593	0.00430	0.00560	0.00658	0.00700	0.00397	0.00444	0.00686	0.00960	0.01271	0.05984	0.73354	0.09227	0.01474	0.00613	0.00192	0.00276	0.01330	0.00453	0.00397
8	0.01258	0.31456	0.25554	0.01171	0.01626	0.12909	0.06022	0.03420	0.05021	0.01383	0.00838	0.00976	0.00676	0.00481	0.00478	0.00136	0.05366	0.00344	0.00236	0.00650
9	0.00887	0.00455	0.00468	0.00468	0.00575	0.00458	0.00347	0.01102	0.00995	0.01746	0.01568	0.01864	0.01261	0.03933	0.03600	0.00153	0.00278	0.00464	0.78933	0.00445
10	0.33011	0.02915	0.02515	0.00802	0.01121	0.02946	0.02083	0.08845	0.01143	0.21044	0.01220	0.06351	0.00977	0.04724	0.00510	0.00160	0.00427	0.00437	0.00392	0.08377
11	0.01402	0.14786	0.03387	0.00960	0.01248	0.08974	0.01920	0.08091	0.03078	0.17623	0.06158	0.06834	0.01225	0.00703	0.02042	0.00155	0.11415	0.00484	0.00369	0.09145
12	0.01141	0.00831	0.07992	0.00841	0.01080	0.00685	0.00724	0.05057	0.07576	0.20100	0.03821	0.21849	0.10492	0.02320	0.00589	0.00181	0.00397	0.13271	0.00467	0.00585
13	0.00769	0.00514	0.00673	0.00640	0.00766	0.00477	0.00485	0.00976	0.01288	0.06739	0.58614	0.08900	0.08711	0.01161	0.04635	0.00190	0.00305	0.03176	0.00510	0.00472
14	0.01291	0.05480	0.16009	0.03112	0.01539	0.05343	0.06840	0.16545	0.06447	0.08478	0.03443	0.05819	0.04154	0.00692	0.02106	0.00164	0.06704	0.00507	0.00355	0.04974

[dist]
# distance from previous block
# <min> <max>
0	10

[block]
# block no. 3 follows, 52 sequences, length 22
# corresponding to MSA columns:
# 910-931
name=unknown_D
#
# <colnr> <probs for GDERKNQSTAVLIFYWHMCP>
#	G	D	E	R	K	N	Q	S	T	A	V	L	I	F	Y	W	H	M	C	P
0	0.12927	0.03135	0.12138	0.07792	0.18742	0.10843	0.03799	0.04954	0.05747	0.04109	0.01067	0.01232	0.03352	0.00525	0.00516	0.00149	0.05550	0.00410	0.00286	0.02725
1	0.12870	0.34325	0.04105	0.11846	0.01537	0.01323	0.08462	0.01394	0.01010	0.04202	0.03471	0.01233	0.02898	0.00491	0.00387	0.00131	0.00502	0.00383	0.08847	0.00582
2	0.01128	0.01157	0.06723	0.32330	0.27844	0.04732	0.01289	0.05625	0.08189	0.01559	0.01018	0.01285	0.00791	0.00490	0.00474	0.00151	0.00592	0.00433	0.03532	0.00659
3	0.01167	0.01102	0.01805	0.02594	0.66653	0.01066	0.01333	0.01442	0.01087	0.01582	0.00903	0.01167	0.00759	0.00419	0.00459	0.00132	0.00539	0.00407	0.00248	0.15135
4	0.04394	0.00762	0.00896	0.00712	0.01036	0.00629	0.00556	0.01259	0.03665	0.09009	0.07205	0.12378	0.05493	0.00641	0.00434	0.00113	0.00340	0.00541	0.00372	0.49565
5	0.71594	0.00969	0.00779	0.00695	0.00987	0.02909	0.00564	0.04064	0.06025	0.03505	0.00869	0.03736	0.00705	0.00509	0.00336	0.00152	0.00390	0.00331	0.00328	0.00552
6	0.00590	0.00424	0.00560	0.00669	0.00701	0.00394	0.00447	0.00675	0.00934	0.01240	0.02747	0.80002	0.05807	0.01508	0.00617	0.00196	0.00280	0.01366	0.00450	0.00394
7	0.01915	0.01161	0.01318	0.01014	0.01389	0.01221	0.00837	0.52066	0.01959	0.27127	0.01411	0.01336	0.00955	0.00587	0.00481	0.00146	0.00485	0.00453	0.03327	0.00812
8	0.00965	0.00885	0.01466	0.27186	0.36589	0.00945	0.01191	0.01218	0.01031	0.01410	0.03478	0.18839	0.01361	0.00698	0.00514	0.00161	0.00525	0.00648	0.00286	0.00606
9	0.01729	0.01366	0.01385	0.01114	0.01445	0.12270	0.02360	0.42984	0.12500	0.11206	0.01268	0.01264	0.00916	0.00595	0.00545	0.00150	0.05253	0.00442	0.00446	0.00760
10	0.00693	0.00516	0.00762	0.00762	0.00843	0.00597	0.00585	0.00855	0.00774	0.01113	0.01313	0.01987	0.01248	0.08832	0.75901	0.00759	0.01244	0.00531	0.00262	0.00424
11	0.00948	0.00940	0.01733	0.08094	0.01769	0.01003	0.31388	0.01199	0.00989	0.01374	0.01381	0.19228	0.01380	0.00892	0.03302	0.00200	0.16076	0.04416	0.03147	0.00540
12	0.01255	0.01230	0.02825	0.38764	0.13050	0.16577	0.01197	0.04061	0.03480	0.06693	0.00989	0.01309	0.00771	0.00528	0.00520	0.00154	0.03675	0.02038	0.00273	0.00611
13	0.00590	0.00422	0.00562	0.00675	0.00703	0.00394	0.00450	0.00675	0.00928	0.01237	0.02671	0.82653	0.03205	0.01518	0.00619	0.00197	0.00281	0.01378	0.00450	0.00394
14	0.00715	0.00625	0.00633	0.00645	0.00796	0.05729	0.00508	0.00873	0.01160	0.01415	0.13914	0.04456	0.47736	0.01173	0.00585	0.00173	0.00329	0.17655	0.00447	0.00434
15	0.01098	0.01088	0.01944	0.28287	0.29870	0.01167	0.18890	0.02693	0.03650	0.01483	0.00938	0.01267	0.00739	0.00472	0.00553	0.00158	0.04335	0.00467	0.00244	0.00657
16	0.01145	0.45646	0.38833	0.01086	0.01641	0.01549	0.01277	0.01490	0.01003	0.01324	0.00765	0.00892	0.00618	0.00436	0.00381	0.00127	0.00610	0.00305	0.00206	0.00666
17	0.00724	0.00539	0.00702	0.00783	0.00908	0.00517	0.00668	0.00920	0.01113	0.01412	0.03207	0.05247	0.23854	0.01308	0.00643	0.00207	0.00391	0.55975	0.00447	0.00436
18	0.00842	0.00421	0.00631	0.00631	0.00631	0.00421	0.00421	0.00631	0.00631	0.00842	0.00842	0.01473	0.00842	0.01684	0.01894	0.85901	0.00421	0.00421	0.00210	0.00210
19	0.01174	0.03162	0.01292	0.04177	0.02723	0.15634	0.08895	0.11820	0.01238	0.01589	0.05337	0.16443	0.05521	0.00797	0.00645	0.00160	0.11007	0.00648	0.07184	0.00555
20	0.01177	0.07126	0.01785	0.24312	0.37271	0.07321	0.03863	0.02726	0.03686	0.01452	0.00902	0.01186	0.00732	0.00468	0.00494	0.00146	0.02592	0.00416	0.00244	0.02099
21	0.01217	0.01274	0.01655	0.14175	0.42916	0.16800	0.03361	0.01469	0.01148	0.01450	0.04230	0.01459	0.05691	0.00523	0.00484	0.00145	0.00618	0.00466	0.00263	0.00655

[dist]
# distance from previous block
# <min> <max>
0	6

[block]
# block no. 4 follows, 52 sequences, length 15
# corresponding to MSA columns:
# 938-952
name=unknown_E
#
# <colnr> <probs for GDERKNQSTAVLIFYWHMCP>
#	G	D	E	R	K	N	Q	S	T	A	V	L	I	F	Y	W	H	M	C	P
0	0.11528	0.00916	0.01398	0.40366	0.16424	0.01009	0.03561	0.01287	0.00981	0.01467	0.00922	0.04033	0.00765	0.00545	0.01911	0.00158	0.00568	0.00431	0.00249	0.11480
1	0.69464	0.04137	0.05186	0.04902	0.01153	0.01100	0.00658	0.01473	0.00880	0.06334	0.00763	0.00873	0.00577	0.00459	0.00329	0.00149	0.00415	0.00289	0.00303	0.00556
2	0.00737	0.00531	0.00741	0.00732	0.00815	0.00601	0.00552	0.02975	0.00821	0.01185	0.01345	0.02075	0.01288	0.15687	0.62455	0.00679	0.01093	0.00542	0.04725	0.00423
3	0.00685	0.00527	0.00632	0.00609	0.00741	0.00492	0.00455	0.00955	0.06615	0.01734	0.49410	0.09213	0.24000	0.01066	0.00570	0.00159	0.00247	0.00927	0.00503	0.00462
4	0.01086	0.00719	0.00842	0.00742	0.00940	0.03027	0.00575	0.04925	0.12329	0.14905	0.47316	0.02885	0.06009	0.00855	0.00539	0.00153	0.00314	0.00735	0.00525	0.00580
5	0.01005	0.00861	0.01005	0.00718	0.01148	0.00646	0.00574	0.01220	0.01005	0.01579	0.00861	0.01005	0.00718	0.00359	0.00359	0.00072	0.00359	0.00287	0.00287	0.85932
6	0.01303	0.06186	0.01483	0.13021	0.01654	0.08500	0.03257	0.20143	0.07967	0.01768	0.05743	0.01312	0.00996	0.00652	0.00792	0.00165	0.23652	0.00450	0.00326	0.00631
7	0.55747	0.01242	0.10568	0.00834	0.01199	0.04758	0.00763	0.12082	0.01106	0.06619	0.00839	0.00921	0.00620	0.00480	0.00362	0.00149	0.00463	0.00313	0.00329	0.00608
8	0.00579	0.00491	0.00500	0.00498	0.00659	0.00412	0.00373	0.00708	0.01120	0.01346	0.09221	0.04604	0.75415	0.01214	0.00573	0.00163	0.00244	0.01014	0.00455	0.00412
9	0.00588	0.00430	0.00554	0.00652	0.00697	0.00395	0.00440	0.00677	0.00949	0.01246	0.02943	0.73166	0.12516	0.01483	0.00613	0.00193	0.00277	0.01334	0.00450	0.00395
10	0.00974	0.00751	0.00989	0.10694	0.01292	0.00864	0.00746	0.14681	0.08011	0.01573	0.01298	0.01732	0.01118	0.05104	0.44700	0.00506	0.00941	0.00501	0.02986	0.00540
11	0.79295	0.00927	0.00730	0.00656	0.00945	0.01074	0.00535	0.01462	0.04997	0.02127	0.00749	0.00862	0.00585	0.00498	0.00358	0.02705	0.00377	0.00282	0.00308	0.00528
12	0.00589	0.00496	0.00514	0.00523	0.00682	0.00421	0.00401	0.00720	0.01105	0.01320	0.04724	0.04727	0.73672	0.01236	0.00580	0.00168	0.00261	0.06998	0.00450	0.00412
13	0.01028	0.00922	0.01454	0.71989	0.03114	0.01128	0.01294	0.10616	0.01128	0.01459	0.00898	0.01276	0.00668	0.00496	0.00485	0.00160	0.00632	0.00431	0.00248	0.00573
14	0.01507	0.01445	0.01219	0.01060	0.01347	0.24880	0.00825	0.17266	0.34437	0.04322	0.01600	0.01547	0.05143	0.00623	0.00479	0.00148	0.00552	0.00479	0.00420	0.00701

[dist]
# distance from previous block
# <min> <max>
0	1

[block]
# block no. 5 follows, 52 sequences, length 39
# corresponding to MSA columns:
# 954-992
name=unknown_F
#
# <colnr> <probs for GDERKNQSTAVLIFYWHMCP>
#	G	D	E	R	K	N	Q	S	T	A	V	L	I	F	Y	W	H	M	C	P
0	0.00725	0.00505	0.00653	0.00611	0.00736	0.00462	0.00460	0.00946	0.01357	0.04288	0.73077	0.03619	0.08742	0.00992	0.00569	0.00153	0.00235	0.00873	0.00531	0.00466
1	0.01051	0.01055	0.01392	0.01200	0.01239	0.06148	0.03277	0.01169	0.00805	0.01177	0.02137	0.01287	0.00817	0.05494	0.08341	0.00267	0.61949	0.00453	0.00229	0.00513
2	0.03682	0.00859	0.01011	0.00733	0.01153	0.00667	0.00589	0.01364	0.01046	0.11099	0.00983	0.01076	0.00770	0.00391	0.00373	0.00084	0.00366	0.00311	0.00325	0.73120
3	0.00781	0.00558	0.00781	0.00892	0.01004	0.00558	0.00781	0.01004	0.01116	0.01450	0.02566	0.05466	0.02789	0.01339	0.00669	0.00223	0.00446	0.76685	0.00446	0.00446
4	0.00704	0.00471	0.00536	0.00536	0.00539	0.00474	0.00303	0.00710	0.00707	0.00945	0.01520	0.03133	0.01745	0.80588	0.04825	0.00479	0.00495	0.00699	0.00293	0.00298
5	0.00915	0.00861	0.01453	0.81804	0.03338	0.01077	0.01346	0.01238	0.00969	0.01238	0.00861	0.01292	0.00646	0.00484	0.00484	0.00161	0.00646	0.00431	0.00215	0.00538
6	0.86392	0.00937	0.00712	0.00637	0.00937	0.01087	0.00525	0.01425	0.00825	0.02174	0.00675	0.00787	0.00525	0.00450	0.00300	0.00150	0.00375	0.00262	0.00300	0.00525
7	0.00694	0.00512	0.00744	0.00744	0.00818	0.00587	0.00562	0.00843	0.00769	0.01099	0.01330	0.02080	0.01288	0.14678	0.70110	0.00736	0.01183	0.00545	0.00264	0.00413
8	0.01086	0.01150	0.02050	0.01586	0.01798	0.01350	0.33886	0.01322	0.00914	0.01329	0.00801	0.01189	0.00694	0.00739	0.03371	0.00207	0.45230	0.00490	0.00227	0.00580
9	0.01144	0.01307	0.02859	0.02042	0.02533	0.01225	0.78186	0.01552	0.01144	0.01552	0.00980	0.01307	0.00735	0.00408	0.00572	0.00163	0.00817	0.00572	0.00245	0.00654
10	0.01060	0.01060	0.01484	0.01272	0.01272	0.01484	0.01060	0.01166	0.00742	0.01166	0.00636	0.01060	0.00636	0.00848	0.01590	0.00212	0.82082	0.00424	0.00212	0.00530
11	0.01296	0.83261	0.02539	0.00829	0.01244	0.01917	0.00829	0.01451	0.00985	0.01140	0.00674	0.00777	0.00622	0.00415	0.00311	0.00104	0.00518	0.00259	0.00207	0.00622
12	0.01205	0.01041	0.01096	0.00986	0.01260	0.01205	0.00767	0.02575	0.79071	0.02027	0.01972	0.01808	0.01479	0.00657	0.00493	0.00164	0.00384	0.00548	0.00493	0.00767
13	0.01144	0.01307	0.02859	0.02042	0.02533	0.01225	0.78186	0.01552	0.01144	0.01552	0.00980	0.01307	0.00735	0.00408	0.00572	0.00163	0.00817	0.00572	0.00245	0.00654
14	0.00972	0.02507	0.80458	0.01381	0.02097	0.01125	0.01790	0.01535	0.01023	0.01535	0.00870	0.01023	0.00614	0.00460	0.00460	0.00153	0.00716	0.00358	0.00205	0.00716
15	0.00705	0.00470	0.00529	0.00529	0.00529	0.00470	0.00294	0.00705	0.00705	0.00940	0.01527	0.03171	0.01762	0.82969	0.02467	0.00470	0.00470	0.00705	0.00294	0.00294
16	0.00590	0.00422	0.00562	0.00675	0.00703	0.00394	0.00450	0.00675	0.00928	0.01237	0.02671	0.82653	0.03205	0.01518	0.00619	0.00197	0.00281	0.01378	0.00450	0.00394
17	0.00915	0.00861	0.01453	0.81804	0.03338	0.01077	0.01346	0.01238	0.00969	0.01238	0.00861	0.01292	0.00646	0.00484	0.00484	0.00161	0.00646	0.00431	0.00215	0.00538
18	0.01071	0.00795	0.00622	0.00599	0.00737	0.15356	0.00449	0.01278	0.01082	0.01692	0.01427	0.01634	0.01128	0.00553	0.00357	0.00115	0.00346	0.00426	0.69860	0.00472
19	0.00701	0.00468	0.00530	0.00534	0.00535	0.00467	0.00299	0.00704	0.00713	0.00950	0.01568	0.06038	0.01814	0.80032	0.02400	0.00460	0.00463	0.00729	0.00299	0.00297
20	0.00771	0.00551	0.00770	0.00881	0.00989	0.00549	0.00764	0.00987	0.01106	0.01439	0.02571	0.09438	0.02810	0.01348	0.00667	0.00222	0.00438	0.72810	0.00446	0.00444
21	0.01296	0.83261	0.02539	0.00829	0.01244	0.01917	0.00829	0.01451	0.00985	0.01140	0.00674	0.00777	0.00622	0.00415	0.00311	0.00104	0.00518	0.00259	0.00207	0.00622
22	0.01144	0.01307	0.02859	0.02042	0.02533	0.01225	0.78186	0.01552	0.01144	0.01552	0.00980	0.01307	0.00735	0.00408	0.00572	0.00163	0.00817	0.00572	0.00245	0.00654
23	0.00590	0.00422	0.00562	0.00675	0.00703	0.00394	0.00450	0.00675	0.00928	0.01237	0.02671	0.82653	0.03205	0.01518	0.00619	0.00197	0.00281	0.01378	0.00450	0.00394
24	0.01060	0.01060	0.01484	0.01272	0.01272	0.01484	0.01060	0.01166	0.00742	0.01166	0.00636	0.01060	0.00636	0.00848	0.01590	0.00212	0.82082	0.00424	0.00212	0.00530
25	0.00972	0.02507	0.80458	0.01381	0.02097	0.01125	0.01790	0.01535	0.01023	0.01535	0.00870	0.01023	0.00614	0.00460	0.00460	0.00153	0.00716	0.00358	0.00205	0.00716
26	0.00972	0.02507	0.80458	0.01381	0.02097	0.01125	0.01790	0.01535	0.01023	0.01535	0.00870	0.01023	0.00614	0.00460	0.00460	0.00153	0.00716	0.00358	0.00205	0.00716
27	0.00595	0.00425	0.00568	0.00680	0.00711	0.00398	0.00458	0.00683	0.00933	0.01243	0.02668	0.80686	0.03195	0.01514	0.00620	0.00197	0.00285	0.03297	0.00450	0.00395
28	0.01200	0.01143	0.01904	0.02832	0.74292	0.01155	0.01435	0.01565	0.06706	0.01615	0.00988	0.01243	0.00819	0.00448	0.00481	0.00145	0.00562	0.00440	0.00258	0.00768
29	0.00998	0.03823	0.61231	0.01460	0.02104	0.01132	0.15848	0.01511	0.01059	0.01547	0.04153	0.01178	0.00801	0.00472	0.00483	0.00154	0.00711	0.00417	0.00226	0.00692
30	0.00988	0.00940	0.01273	0.03893	0.01329	0.04412	0.09364	0.01218	0.02967	0.01468	0.11276	0.04805	0.04766	0.00741	0.02540	0.00159	0.20593	0.00522	0.00310	0.26439
31	0.00920	0.00731	0.04918	0.00706	0.00917	0.00639	0.00582	0.04698	0.11200	0.08261	0.16325	0.06163	0.30418	0.00992	0.00587	0.03252	0.00326	0.03529	0.04307	0.00529
32	0.01041	0.01344	0.26610	0.02789	0.01473	0.00882	0.04009	0.05945	0.03900	0.05701	0.05500	0.05918	0.01166	0.02875	0.05759	0.03599	0.02449	0.00483	0.02200	0.16357
33	0.01175	0.33183	0.13335	0.00980	0.01403	0.04437	0.05536	0.03329	0.01076	0.03239	0.04486	0.02641	0.00943	0.00496	0.00420	0.00119	0.01961	0.02117	0.00269	0.18855
34	0.01127	0.31194	0.10552	0.02727	0.01326	0.02652	0.02800	0.07527	0.02500	0.01459	0.03541	0.06711	0.04192	0.02213	0.02538	0.00154	0.05408	0.00457	0.01760	0.09160
35	0.01042	0.02520	0.06696	0.22367	0.04345	0.02631	0.02760	0.05079	0.04149	0.04323	0.07141	0.05116	0.01202	0.02225	0.01955	0.00152	0.00503	0.00480	0.04046	0.21269
36	0.01310	0.20915	0.11766	0.00973	0.01358	0.07301	0.02661	0.11520	0.04460	0.08781	0.02736	0.04687	0.05902	0.00586	0.00464	0.00133	0.02552	0.00451	0.00336	0.11109
37	0.05762	0.06973	0.07243	0.02855	0.03247	0.11088	0.06346	0.11015	0.08473	0.03204	0.07151	0.07379	0.03460	0.02228	0.02292	0.00169	0.01685	0.03857	0.00355	0.05217
38	0.01163	0.08013	0.01441	0.05353	0.04809	0.04609	0.11846	0.06152	0.09102	0.08814	0.09535	0.13779	0.03155	0.00762	0.00578	0.00160	0.05218	0.02767	0.00381	0.02363

[dist]
# distance from previous block
# <min> <max>
12	44

[block]
# block no. 6 follows, 52 sequences, length 9
# corresponding to MSA columns:
# 1039-1047
name=unknown_G
#
# <colnr> <probs for GDERKNQSTAVLIFYWHMCP>
#	G	D	E	R	K	N	Q	S	T	A	V	L	I	F	Y	W	H	M	C	P
0	0.08044	0.11836	0.01222	0.05943	0.01271	0.05705	0.00725	0.13156	0.15187	0.01828	0.07421	0.05902	0.02971	0.02406	0.00483	0.00144	0.00440	0.00497	0.03820	0.10999
1	0.18435	0.03304	0.01141	0.00917	0.01229	0.06858	0.00740	0.23543	0.12168	0.14152	0.01313	0.04686	0.01012	0.00768	0.05099	0.00184	0.00515	0.00452	0.00423	0.03062
2	0.07846	0.05831	0.01250	0.00960	0.01243	0.07927	0.03226	0.19726	0.04956	0.12493	0.01271	0.05082	0.01029	0.00738	0.03640	0.00170	0.07048	0.02141	0.07024	0.06399
3	0.07465	0.10259	0.01395	0.00979	0.01330	0.04344	0.00811	0.43402	0.05931	0.06953	0.02861	0.05293	0.01024	0.00600	0.00453	0.00140	0.00490	0.00458	0.00428	0.05383
4	0.06247	0.01096	0.01195	0.00953	0.01278	0.01176	0.00774	0.49144	0.01764	0.02449	0.01396	0.04658	0.05496	0.00979	0.09815	0.00214	0.00568	0.00491	0.00424	0.09884
5	0.06892	0.09122	0.10986	0.01155	0.01554	0.07615	0.06009	0.37909	0.07879	0.02259	0.01057	0.01123	0.00787	0.00540	0.00489	0.00146	0.02969	0.00407	0.00373	0.00729
6	0.04759	0.06526	0.01881	0.01332	0.01733	0.01249	0.27195	0.29389	0.01566	0.12676	0.03701	0.03572	0.01005	0.00548	0.00503	0.00151	0.00590	0.00511	0.00394	0.00718
7	0.01613	0.01315	0.07015	0.01085	0.01451	0.01328	0.00938	0.61743	0.02008	0.02699	0.01351	0.07774	0.01122	0.00695	0.00505	0.00155	0.00521	0.05463	0.00459	0.00758
8	0.13864	0.29768	0.41995	0.01082	0.01633	0.01389	0.01274	0.01490	0.00980	0.01496	0.00774	0.00904	0.00603	0.00443	0.00385	0.00136	0.00598	0.00310	0.00220	0.00655

[dist]
# distance from previous block
# <min> <max>
5	20

[block]
# block no. 7 follows, 52 sequences, length 12
# corresponding to MSA columns:
# 1069-1080
name=unknown_H
#
# <colnr> <probs for GDERKNQSTAVLIFYWHMCP>
#	G	D	E	R	K	N	Q	S	T	A	V	L	I	F	Y	W	H	M	C	P
0	0.01064	0.00632	0.00863	0.27160	0.01556	0.00689	0.00715	0.01317	0.01047	0.11329	0.01386	0.01619	0.01042	0.00543	0.00405	0.00133	0.00387	0.00449	0.47138	0.00526
1	0.01343	0.31569	0.16024	0.00978	0.01410	0.07662	0.00962	0.01757	0.12461	0.11180	0.01077	0.01111	0.00827	0.00482	0.00401	0.00126	0.00533	0.00354	0.00309	0.09432
2	0.01686	0.29871	0.01799	0.00989	0.01385	0.01566	0.00868	0.43721	0.01736	0.10309	0.01069	0.01079	0.00792	0.00525	0.00424	0.00131	0.00516	0.00380	0.00400	0.00754
3	0.60365	0.01067	0.00941	0.00784	0.01111	0.01215	0.00647	0.25099	0.01272	0.02445	0.00825	0.00903	0.00617	0.00490	0.00357	0.00149	0.00424	0.00316	0.00357	0.00617
4	0.00775	0.00573	0.00755	0.00761	0.00867	0.02918	0.00594	0.00960	0.01023	0.03968	0.20498	0.10650	0.02431	0.02260	0.36910	0.00449	0.00774	0.11997	0.00383	0.00453
5	0.01361	0.01014	0.01131	0.00951	0.01207	0.01117	0.00750	0.43498	0.09652	0.02281	0.01525	0.14270	0.01377	0.06706	0.10608	0.00256	0.00569	0.00624	0.00439	0.00666
6	0.00963	0.01647	0.37260	0.37748	0.02700	0.01113	0.09009	0.01403	0.01010	0.01403	0.00877	0.01172	0.00640	0.00466	0.00482	0.00158	0.00694	0.00412	0.00213	0.00630
7	0.00857	0.00788	0.01282	0.12499	0.01516	0.00827	0.16304	0.01146	0.04527	0.01550	0.27286	0.02595	0.11844	0.06056	0.00776	0.00184	0.08380	0.00700	0.00371	0.00513
8	0.01525	0.01271	0.01693	0.01306	0.01630	0.01430	0.14989	0.44730	0.06699	0.02354	0.01081	0.01211	0.00814	0.00606	0.00713	0.00163	0.16198	0.00466	0.00389	0.00733
9	0.10894	0.01590	0.07502	0.01103	0.01476	0.18957	0.00941	0.44086	0.01788	0.05578	0.01027	0.01068	0.00747	0.00541	0.00452	0.00142	0.00601	0.00386	0.00396	0.00726
10	0.01072	0.01409	0.19468	0.01256	0.01613	0.09167	0.18034	0.07400	0.07419	0.01574	0.01516	0.24862	0.01480	0.00786	0.00533	0.00166	0.00587	0.00718	0.00334	0.00605
11	0.01316	0.01236	0.10883	0.00941	0.01253	0.07356	0.00834	0.32937	0.01652	0.02270	0.20446	0.01817	0.01762	0.00658	0.00479	0.00142	0.00465	0.00527	0.12377	0.00648

[dist]
# distance from previous block
# <min> <max>
20	110

[block]
# block no. 8 follows, 52 sequences, length 60
# corresponding to MSA columns:
# 1211-1247,1259,1261-1282
name=unknown_I
#
# <colnr> <probs for GDERKNQSTAVLIFYWHMCP>
#	G	D	E	R	K	N	Q	S	T	A	V	L	I	F	Y	W	H	M	C	P
0	0.07996	0.02971	0.05832	0.06189	0.07809	0.04736	0.02698	0.16091	0.03937	0.06651	0.01135	0.03427	0.02483	0.02417	0.06642	0.00215	0.17350	0.00463	0.00326	0.00631
1	0.12964	0.02963	0.03015	0.26858	0.03944	0.09091	0.04688	0.14650	0.02876	0.03390	0.02740	0.01313	0.03583	0.00544	0.00496	0.00151	0.03502	0.00429	0.00309	0.02493
2	0.06547	0.07571	0.01464	0.08432	0.12185	0.05969	0.04266	0.13478	0.19295	0.07598	0.01277	0.03850	0.01000	0.00557	0.00461	0.00146	0.00512	0.00461	0.00371	0.04560
3	0.09789	0.01140	0.01656	0.05566	0.46556	0.04877	0.04353	0.03972	0.06735	0.03438	0.00984	0.01201	0.00792	0.00488	0.00491	0.02070	0.00550	0.00418	0.00281	0.04643
4	0.07950	0.02938	0.03274	0.03268	0.37517	0.02732	0.04773	0.06698	0.03900	0.06199	0.00994	0.01195	0.00793	0.00570	0.03010	0.00160	0.03567	0.00412	0.00294	0.09755
5	0.07813	0.01079	0.01798	0.01549	0.11213	0.02934	0.29877	0.04427	0.03137	0.03302	0.04799	0.06878	0.02741	0.00655	0.02475	0.00170	0.06310	0.00558	0.00305	0.07981
6	0.00997	0.00783	0.06183	0.00840	0.01055	0.00676	0.02143	0.05928	0.06847	0.10649	0.20764	0.14742	0.06676	0.01003	0.00568	0.00174	0.00380	0.17039	0.00468	0.02087
7	0.01192	0.01102	0.03463	0.10196	0.50573	0.01096	0.01277	0.07440	0.04876	0.03327	0.04493	0.01414	0.02737	0.00502	0.00482	0.00145	0.00538	0.00463	0.00295	0.04388
8	0.00980	0.00819	0.02778	0.00940	0.01106	0.00915	0.02364	0.03046	0.20056	0.05126	0.06398	0.01996	0.03460	0.01844	0.30790	0.00401	0.12914	0.03144	0.00357	0.00567
9	0.00965	0.00931	0.01481	0.71525	0.07528	0.03594	0.01329	0.01271	0.00980	0.01253	0.00851	0.01264	0.00652	0.00497	0.00528	0.00161	0.03991	0.00427	0.00218	0.00552
10	0.01842	0.01357	0.01454	0.01115	0.01503	0.01503	0.00921	0.78330	0.02278	0.03054	0.01163	0.01163	0.00824	0.00582	0.00485	0.00145	0.00533	0.00436	0.00485	0.00824
11	0.03530	0.00506	0.00501	0.00498	0.00666	0.00433	0.00375	0.00725	0.01100	0.01350	0.06128	0.04511	0.75650	0.01196	0.00563	0.00163	0.00250	0.00994	0.00446	0.00414
12	0.03538	0.00507	0.00513	0.00507	0.00671	0.00437	0.00382	0.00741	0.01119	0.01397	0.11594	0.04435	0.70155	0.01179	0.00563	0.00162	0.00248	0.00983	0.00452	0.00417
13	0.01842	0.01357	0.01454	0.01115	0.01503	0.01503	0.00921	0.78330	0.02278	0.03054	0.01163	0.01163	0.00824	0.00582	0.00485	0.00145	0.00533	0.00436	0.00485	0.00824
14	0.01277	0.78645	0.06994	0.00861	0.01293	0.01872	0.00884	0.01456	0.00987	0.01163	0.00685	0.00791	0.00621	0.00417	0.00319	0.00106	0.00530	0.00265	0.00207	0.00627
15	0.00889	0.00694	0.00757	0.00730	0.00896	0.00616	0.00532	0.01065	0.06307	0.01786	0.30967	0.06465	0.43749	0.01237	0.00659	0.00201	0.00331	0.01002	0.00551	0.00568
16	0.00705	0.00470	0.00529	0.00529	0.00529	0.00470	0.00294	0.00705	0.00705	0.00940	0.01527	0.03171	0.01762	0.82969	0.02467	0.00470	0.00470	0.00705	0.00294	0.00294
17	0.01320	0.79443	0.02484	0.00849	0.01256	0.05648	0.00834	0.01474	0.01003	0.01142	0.00677	0.00782	0.00622	0.00419	0.00317	0.00105	0.00535	0.00262	0.00209	0.00619
18	0.86392	0.00937	0.00712	0.00637	0.00937	0.01087	0.00525	0.01425	0.00825	0.02174	0.00675	0.00787	0.00525	0.00450	0.00300	0.00150	0.00375	0.00262	0.00300	0.00525
19	0.01198	0.01156	0.01995	0.02945	0.77517	0.01154	0.03894	0.01489	0.01105	0.01582	0.00914	0.01203	0.00767	0.00431	0.00483	0.00145	0.00583	0.00436	0.00240	0.00764
20	0.00590	0.00422	0.00562	0.00675	0.00703	0.00394	0.00450	0.00675	0.00928	0.01237	0.02671	0.82653	0.03205	0.01518	0.00619	0.00197	0.00281	0.01378	0.00450	0.00394
21	0.00590	0.00422	0.00562	0.00675	0.00703	0.00394	0.00450	0.00675	0.00928	0.01237	0.02671	0.82653	0.03205	0.01518	0.00619	0.00197	0.00281	0.01378	0.00450	0.00394
22	0.01842	0.01357	0.01454	0.01115	0.01503	0.01503	0.00921	0.78330	0.02278	0.03054	0.01163	0.01163	0.00824	0.00582	0.00485	0.00145	0.00533	0.00436	0.00485	0.00824
23	0.01800	0.01322	0.01404	0.01094	0.01468	0.03037	0.00897	0.66209	0.09178	0.06702	0.01265	0.01240	0.00898	0.00588	0.00485	0.00147	0.00521	0.00446	0.00486	0.00814
24	0.00686	0.00495	0.00648	0.00610	0.00724	0.00457	0.00457	0.00914	0.01372	0.01943	0.79691	0.03620	0.04572	0.00991	0.00572	0.00152	0.00229	0.00876	0.00533	0.00457
25	0.01144	0.01307	0.02859	0.02042	0.02533	0.01225	0.78186	0.01552	0.01144	0.01552	0.00980	0.01307	0.00735	0.00408	0.00572	0.00163	0.00817	0.00572	0.00245	0.00654
26	0.00903	0.00452	0.00452	0.00452	0.00565	0.00452	0.00339	0.01129	0.01016	0.01807	0.01581	0.01807	0.01242	0.00565	0.00339	0.00113	0.00226	0.00452	0.85659	0.00452
27	0.00590	0.00422	0.00562	0.00675	0.00703	0.00394	0.00450	0.00675	0.00928	0.01237	0.02671	0.82653	0.03205	0.01518	0.00619	0.00197	0.00281	0.01378	0.00450	0.00394
28	0.01120	0.00965	0.01016	0.00924	0.01181	0.01096	0.00718	0.02317	0.68155	0.01929	0.02342	0.02222	0.11089	0.00739	0.00506	0.00165	0.00368	0.01940	0.00487	0.00718
29	0.00903	0.00452	0.00452	0.00452	0.00565	0.00452	0.00339	0.01129	0.01016	0.01807	0.01581	0.01807	0.01242	0.00565	0.00339	0.00113	0.00226	0.00452	0.85659	0.00452
30	0.01366	0.67157	0.02378	0.00950	0.01343	0.13845	0.04493	0.01529	0.01051	0.01167	0.00700	0.00817	0.00628	0.00427	0.00342	0.00110	0.00586	0.00282	0.00215	0.00614
31	0.00923	0.00869	0.01468	0.79612	0.05469	0.01079	0.01350	0.01245	0.00973	0.01248	0.00863	0.01289	0.00649	0.00483	0.00484	0.00161	0.00644	0.00431	0.00216	0.00545
32	0.00645	0.00511	0.00614	0.04384	0.00815	0.00464	0.00458	0.00829	0.01230	0.01619	0.41601	0.03990	0.38942	0.01076	0.00568	0.00158	0.00256	0.00923	0.00480	0.00439
33	0.01842	0.01357	0.01454	0.01115	0.01503	0.01503	0.00921	0.78330	0.02278	0.03054	0.01163	0.01163	0.00824	0.00582	0.00485	0.00145	0.00533	0.00436	0.00485	0.00824
34	0.01359	0.05014	0.01257	0.02639	0.01360	0.03177	0.00820	0.19201	0.55042	0.02176	0.01682	0.01585	0.01257	0.00622	0.00481	0.00156	0.00440	0.00502	0.00466	0.00763
35	0.00928	0.00855	0.01400	0.75013	0.03138	0.01060	0.01282	0.01297	0.04654	0.01296	0.00940	0.01335	0.00707	0.00496	0.00480	0.00160	0.00618	0.00437	0.03359	0.00546
36	0.00752	0.01021	0.20764	0.00822	0.01105	0.00637	0.02747	0.01053	0.01237	0.01733	0.46413	0.03068	0.14989	0.00879	0.00544	0.00155	0.00369	0.00761	0.00431	0.00520
37	0.00972	0.02507	0.80458	0.01381	0.02097	0.01125	0.01790	0.01535	0.01023	0.01535	0.00870	0.01023	0.00614	0.00460	0.00460	0.00153	0.00716	0.00358	0.00205	0.00716
38	0.01254	0.01030	0.01097	0.00980	0.01259	0.01181	0.00764	0.02564	0.75172	0.05955	0.01969	0.01800	0.01465	0.00655	0.00493	0.00164	0.00385	0.00545	0.00498	0.00770
39	0.00705	0.00470	0.00529	0.00529	0.00529	0.00470	0.00294	0.00705	0.00705	0.00940	0.01527	0.03171	0.01762	0.82969	0.02467	0.00470	0.00470	0.00705	0.00294	0.00294
40	0.01144	0.01307	0.02859	0.02042	0.02533	0.01225	0.78186	0.01552	0.01144	0.01552	0.00980	0.01307	0.00735	0.00408	0.00572	0.00163	0.00817	0.00572	0.00245	0.00654
41	0.01296	0.83261	0.02539	0.00829	0.01244	0.01917	0.00829	0.01451	0.00985	0.01140	0.00674	0.00777	0.00622	0.00415	0.00311	0.00104	0.00518	0.00259	0.00207	0.00622
42	0.00590	0.00422	0.00562	0.00675	0.00703	0.00394	0.00450	0.00675	0.00928	0.01237	0.02671	0.82653	0.03205	0.01518	0.00619	0.00197	0.00281	0.01378	0.00450	0.00394
43	0.01842	0.01357	0.01454	0.01115	0.01503	0.01503	0.00921	0.78330	0.02278	0.03054	0.01163	0.01163	0.00824	0.00582	0.00485	0.00145	0.00533	0.00436	0.00485	0.00824
44	0.00590	0.00422	0.00562	0.00675	0.00703	0.00394	0.00450	0.00675	0.00928	0.01237	0.02671	0.82653	0.03205	0.01518	0.00619	0.00197	0.00281	0.01378	0.00450	0.00394
45	0.01005	0.00861	0.01005	0.00718	0.01148	0.00646	0.00574	0.01220	0.01005	0.01579	0.00861	0.01005	0.00718	0.00359	0.00359	0.00072	0.00359	0.00287	0.00287	0.85932
46	0.00573	0.00491	0.00491	0.00491	0.00655	0.00409	0.00368	0.00695	0.01105	0.01309	0.04909	0.04664	0.79750	0.01227	0.00573	0.00164	0.00245	0.01023	0.00450	0.00409
47	0.01005	0.00861	0.01005	0.00718	0.01148	0.00646	0.00574	0.01220	0.01005	0.01579	0.00861	0.01005	0.00718	0.00359	0.00359	0.00072	0.00359	0.00287	0.00287	0.85932
48	0.09957	0.01434	0.01343	0.01084	0.01423	0.13861	0.00877	0.51164	0.07903	0.02551	0.01101	0.01129	0.00810	0.00569	0.00488	0.00146	0.02588	0.00408	0.00424	0.00742
49	0.00943	0.00890	0.01504	0.73981	0.10941	0.01084	0.01360	0.01263	0.00982	0.01272	0.00866	0.01283	0.00658	0.00479	0.00484	0.00160	0.00639	0.00431	0.00218	0.00561
50	0.01256	0.73369	0.12083	0.00897	0.01348	0.01820	0.00947	0.01461	0.00989	0.01188	0.00698	0.00807	0.00621	0.00420	0.00329	0.00110	0.00542	0.00271	0.00207	0.00633
51	0.01002	0.00967	0.01342	0.01164	0.01168	0.01327	0.00951	0.01099	0.00740	0.01138	0.00769	0.01341	0.00792	0.10359	0.05466	0.00268	0.68923	0.00461	0.00224	0.00498
52	0.00594	0.00452	0.00549	0.00615	0.00695	0.00406	0.00430	0.00703	0.01016	0.01307	0.07951	0.50775	0.28395	0.01388	0.00602	0.00184	0.00270	0.02811	0.00455	0.00404
53	0.01506	0.22831	0.01531	0.00957	0.01258	0.15675	0.00802	0.04447	0.11145	0.18206	0.05182	0.03041	0.01152	0.00602	0.00517	0.00140	0.06255	0.01710	0.00372	0.02671
54	0.00715	0.00515	0.00692	0.00724	0.00832	0.00492	0.00583	0.00929	0.01234	0.01687	0.42300	0.09713	0.05349	0.01169	0.00614	0.00184	0.00319	0.31010	0.00491	0.00448
55	0.00589	0.00426	0.00558	0.00664	0.00700	0.00395	0.00445	0.00676	0.00938	0.01241	0.02803	0.78050	0.07723	0.01501	0.00616	0.00195	0.00279	0.01357	0.00450	0.00395
56	0.01042	0.01036	0.01481	0.11136	0.01525	0.01434	0.01095	0.01175	0.00770	0.01175	0.00664	0.01089	0.00637	0.00804	0.01455	0.00206	0.72107	0.00425	0.00212	0.00531
57	0.13524	0.01130	0.02160	0.01625	0.03821	0.01107	0.51417	0.01491	0.01076	0.04357	0.01047	0.03106	0.00819	0.00474	0.00540	0.00158	0.03219	0.00524	0.07790	0.00616
58	0.33363	0.01100	0.01271	0.12746	0.01633	0.04746	0.10267	0.10124	0.16771	0.01985	0.01057	0.01174	0.00797	0.00508	0.00425	0.00155	0.00510	0.00403	0.00338	0.00626
59	0.03493	0.01360	0.01703	0.01321	0.01658	0.09928	0.18072	0.33176	0.06851	0.02128	0.01042	0.01180	0.00792	0.00563	0.00634	0.00154	0.11220	0.00449	0.00360	0.03917

[dist]
# distance from previous block
# <min> <max>
6	53

[block]
# block no. 9 follows, 52 sequences, length 10
# corresponding to MSA columns:
# 1358-1367
name=unknown_J
#
# <colnr> <probs for GDERKNQSTAVLIFYWHMCP>
#	G	D	E	R	K	N	Q	S	T	A	V	L	I	F	Y	W	H	M	C	P
0	0.04691	0.03179	0.01218	0.06792	0.04453	0.10546	0.03766	0.05277	0.21574	0.06338	0.10657	0.01741	0.01459	0.00607	0.00471	0.00142	0.00477	0.03215	0.00389	0.13008
1	0.15226	0.06696	0.04318	0.00994	0.01292	0.27573	0.03140	0.05001	0.06279	0.11189	0.09045	0.01500	0.02912	0.00591	0.00445	0.00142	0.00572	0.02117	0.00359	0.00608
2	0.07166	0.15603	0.02317	0.01597	0.04982	0.09750	0.41079	0.01598	0.03219	0.03562	0.00917	0.01142	0.00719	0.00452	0.00525	0.00149	0.03875	0.00455	0.00257	0.00637
3	0.06290	0.24857	0.17994	0.01219	0.01693	0.04350	0.16198	0.12470	0.01223	0.03407	0.00884	0.01022	0.00684	0.00453	0.00428	0.00134	0.00613	0.00375	0.00274	0.05432
4	0.55649	0.01172	0.00975	0.00822	0.01142	0.08054	0.00670	0.22838	0.01276	0.02334	0.00817	0.00899	0.00617	0.00491	0.00363	0.00147	0.00462	0.00315	0.00347	0.00611
5	0.00846	0.00423	0.00619	0.00619	0.00627	0.00423	0.00415	0.00665	0.00657	0.00906	0.00891	0.01495	0.00869	0.01609	0.01790	0.80156	0.00408	0.00423	0.05932	0.00227
6	0.00646	0.00476	0.00586	0.00620	0.00703	0.00440	0.00445	0.00777	0.01066	0.01411	0.22569	0.27004	0.19656	0.12773	0.00862	0.00219	0.00303	0.08588	0.00449	0.00404
7	0.04878	0.00956	0.01098	0.00910	0.01146	0.01045	0.00717	0.32484	0.09249	0.09475	0.04026	0.01492	0.01078	0.03999	0.00946	0.20657	0.04359	0.00467	0.00405	0.00612
8	0.00842	0.00421	0.00631	0.00631	0.00631	0.00421	0.00421	0.00631	0.00631	0.00842	0.00842	0.01473	0.00842	0.01684	0.01894	0.85901	0.00421	0.00421	0.00210	0.00210
9	0.00652	0.00473	0.00571	0.00611	0.00676	0.00444	0.00424	0.00750	0.00967	0.01265	0.11416	0.26498	0.18097	0.25507	0.01157	0.00269	0.00342	0.09090	0.00413	0.00380

[dist]
# distance from previous block
# <min> <max>
0	5

[block]
# block no. 10 follows, 52 sequences, length 85
# corresponding to MSA columns:
# 1373-1445,1486-1497
name=unknown_K
#
# <colnr> <probs for GDERKNQSTAVLIFYWHMCP>
#	G	D	E	R	K	N	Q	S	T	A	V	L	I	F	Y	W	H	M	C	P
0	0.00714	0.00434	0.00599	0.00645	0.00668	0.00420	0.00433	0.00684	0.00823	0.01104	0.07125	0.35269	0.02199	0.08548	0.01297	0.35239	0.00355	0.02785	0.00344	0.00316
1	0.08278	0.05835	0.09955	0.01443	0.05581	0.10252	0.24330	0.15300	0.04016	0.07123	0.02610	0.01215	0.00838	0.00493	0.00481	0.00149	0.00645	0.00448	0.00324	0.00685
2	0.00813	0.00440	0.00641	0.00654	0.00675	0.00435	0.00458	0.00684	0.00735	0.00976	0.04612	0.04917	0.03393	0.01601	0.01635	0.68373	0.00405	0.08035	0.00263	0.00256
3	0.00681	0.00481	0.00631	0.00704	0.00766	0.00464	0.00523	0.00804	0.00993	0.01317	0.09895	0.33941	0.05816	0.14745	0.00953	0.01748	0.00359	0.24357	0.00427	0.00397
4	0.00935	0.00868	0.01456	0.70009	0.10337	0.01054	0.01312	0.01248	0.00977	0.01282	0.00897	0.01314	0.00689	0.00573	0.02812	0.00176	0.00647	0.00434	0.02425	0.00554
