[name]
unknown

[dist]
# distance from previous block
# <min> <max>
13	21

[block]
# block no. 0 follows, 63 sequences, length 6
# corresponding to MSA columns:
# 33-38
name=unknown_A
#
# <colnr> <probs for GDERKNQSTAVLIFYWHMCP>
#	G	D	E	R	K	N	Q	S	T	A	V	L	I	F	Y	W	H	M	C	P
0	0.01056	0.29015	0.19645	0.01146	0.12838	0.01171	0.05047	0.09975	0.01028	0.03279	0.02938	0.01085	0.04648	0.00434	0.00369	0.00114	0.00482	0.00347	0.00240	0.05142
1	0.01171	0.00940	0.01479	0.16805	0.47983	0.00977	0.01123	0.11246	0.01093	0.11718	0.00919	0.01100	0.00700	0.00417	0.00418	0.00128	0.00488	0.00381	0.00270	0.00642
2	0.00733	0.00464	0.00582	0.00533	0.00670	0.00415	0.00407	0.00906	0.01139	0.11621	0.54767	0.03133	0.21298	0.00864	0.00487	0.00134	0.00221	0.00747	0.00454	0.00427
3	0.00928	0.23877	0.08582	0.00839	0.03239	0.07699	0.05493	0.01191	0.07204	0.03062	0.12724	0.01869	0.18121	0.00615	0.00432	0.00123	0.02713	0.00495	0.00295	0.00501
4	0.01008	0.01074	0.01377	0.01158	0.01222	0.11600	0.07759	0.01124	0.00742	0.01042	0.00590	0.00918	0.00558	0.00665	0.01178	0.00171	0.66783	0.00367	0.00190	0.00472
5	0.16280	0.00829	0.00858	0.00770	0.03810	0.04821	0.00574	0.14674	0.13486	0.10326	0.11289	0.01636	0.03612	0.11183	0.00615	0.00163	0.00371	0.00452	0.00364	0.03886

[dist]
# distance from previous block
# <min> <max>
0	1

[block]
# block no. 1 follows, 63 sequences, length 22
# corresponding to MSA columns:
# 40-61
name=unknown_B
#
# <colnr> <probs for GDERKNQSTAVLIFYWHMCP>
#	G	D	E	R	K	N	Q	S	T	A	V	L	I	F	Y	W	H	M	C	P
0	0.00937	0.00875	0.01381	0.14097	0.48398	0.02025	0.01052	0.01165	0.00921	0.01302	0.02291	0.04857	0.00850	0.02163	0.00445	0.00127	0.00462	0.02267	0.00229	0.14158
1	0.00525	0.00385	0.00489	0.00564	0.00611	0.00355	0.00389	0.00609	0.00836	0.01093	0.04074	0.62947	0.15002	0.04938	0.00602	0.00177	0.00253	0.05421	0.00386	0.00343
2	0.00890	0.00846	0.01338	0.54744	0.18967	0.03481	0.02764	0.02288	0.02699	0.01196	0.01893	0.01135	0.00660	0.00431	0.00444	0.00136	0.02811	0.00381	0.02381	0.00515
3	0.00947	0.00800	0.00866	0.00784	0.00992	0.00904	0.00607	0.01920	0.64269	0.01743	0.19290	0.01911	0.01868	0.00633	0.00443	0.00140	0.00303	0.00537	0.00435	0.00607
4	0.01305	0.11916	0.01194	0.00933	0.01139	0.53778	0.00723	0.01459	0.04126	0.01073	0.04448	0.01135	0.03798	0.03717	0.05711	0.00158	0.02329	0.00343	0.00239	0.00476
5	0.00506	0.00426	0.00438	0.00435	0.00573	0.00359	0.00326	0.00620	0.00979	0.01185	0.11221	0.03965	0.75440	0.01046	0.00497	0.00141	0.00212	0.00876	0.00397	0.00359
6	0.03102	0.00740	0.00895	0.00658	0.01012	0.00578	0.02331	0.01118	0.00893	0.06600	0.00877	0.02803	0.00740	0.00372	0.00333	0.00076	0.00324	0.02442	0.00273	0.73832
7	0.01886	0.00715	0.00976	0.00748	0.01073	0.00618	0.00618	0.02049	0.01203	0.82895	0.01658	0.01431	0.01041	0.00520	0.00423	0.00130	0.00358	0.00423	0.00520	0.00715
8	0.75791	0.00826	0.00787	0.02794	0.00975	0.00936	0.07389	0.01233	0.00747	0.01809	0.00636	0.00760	0.00493	0.00391	0.00286	0.00130	0.00360	0.00259	0.02933	0.00463
9	0.00713	0.00522	0.00718	0.00766	0.00871	0.00524	0.02526	0.06798	0.01004	0.01319	0.02125	0.23912	0.02338	0.01131	0.00556	0.00182	0.00365	0.52839	0.00386	0.00405
10	0.01886	0.00715	0.00976	0.00748	0.01073	0.00618	0.00618	0.02049	0.01203	0.82895	0.01658	0.01431	0.01041	0.00520	0.00423	0.00130	0.00358	0.00423	0.00520	0.00715
11	0.01478	0.00973	0.01033	0.00874	0.03060	0.10529	0.00686	0.24858	0.06277	0.29294	0.10280	0.01602	0.02488	0.00579	0.00433	0.00130	0.00419	0.03947	0.00428	0.00629
12	0.01487	0.00749	0.00947	0.00716	0.01047	0.00643	0.00584	0.07764	0.01157	0.47354	0.04760	0.01294	0.01007	0.00467	0.00390	0.00108	0.00344	0.00379	0.00424	0.28379
13	0.50456	0.00890	0.00927	0.00949	0.13179	0.00977	0.00656	0.13901	0.02949	0.10372	0.00822	0.00887	0.00608	0.00424	0.00330	0.00129	0.00376	0.00300	0.00309	0.00560
14	0.00872	0.00747	0.00872	0.00623	0.00996	0.00560	0.00498	0.01058	0.00872	0.01370	0.00747	0.00872	0.00623	0.00311	0.00311	0.00062	0.00311	0.00249	0.00249	0.87796
15	0.00872	0.00747	0.00872	0.00623	0.00996	0.00560	0.00498	0.01058	0.00872	0.01370	0.00747	0.00872	0.00623	0.00311	0.00311	0.00062	0.00311	0.00249	0.00249	0.87796
16	0.00512	0.00366	0.00488	0.00585	0.00610	0.00341	0.00390	0.00585	0.00805	0.01073	0.02317	0.84952	0.02780	0.01317	0.00537	0.00171	0.00244	0.01195	0.00390	0.00341
17	0.88196	0.00813	0.00618	0.00553	0.00813	0.00943	0.00455	0.01236	0.00715	0.01886	0.00585	0.00683	0.00455	0.00390	0.00260	0.00130	0.00325	0.00228	0.00260	0.00455
18	0.01074	0.00849	0.00968	0.00708	0.01072	0.00739	0.00573	0.20160	0.01144	0.04053	0.00836	0.00921	0.00657	0.00363	0.00341	0.00079	0.00349	0.00285	0.00298	0.64532
19	0.00804	0.00744	0.01344	0.01117	0.01348	0.00716	0.30619	0.02656	0.02901	0.01329	0.03494	0.03155	0.08672	0.00819	0.00533	0.00166	0.00488	0.38306	0.00325	0.00465
20	0.00512	0.00366	0.00488	0.00585	0.00610	0.00341	0.00390	0.00585	0.00805	0.01073	0.02317	0.84952	0.02780	0.01317	0.00537	0.00171	0.00244	0.01195	0.00390	0.00341
21	0.83081	0.00807	0.00639	0.00564	0.00828	0.00924	0.00465	0.01284	0.00744	0.06687	0.00649	0.00727	0.00490	0.00398	0.00270	0.00130	0.00327	0.00239	0.00276	0.00471

[dist]
# distance from previous block
# <min> <max>
0	18

[block]
# block no. 2 follows, 63 sequences, length 63
# corresponding to MSA columns:
# 80-142
name=unknown_C
#
# <colnr> <probs for GDERKNQSTAVLIFYWHMCP>
#	G	D	E	R	K	N	Q	S	T	A	V	L	I	F	Y	W	H	M	C	P
0	0.00980	0.01114	0.04313	0.01729	0.06341	0.01023	0.70765	0.01324	0.00982	0.01359	0.00872	0.01145	0.00659	0.00363	0.00479	0.00138	0.00669	0.00480	0.04698	0.00565
1	0.00788	0.00734	0.01207	0.72810	0.02607	0.00919	0.01088	0.01040	0.00823	0.01068	0.02354	0.01233	0.00677	0.04922	0.00574	0.00157	0.05956	0.00393	0.00196	0.00454
2	0.40334	0.01278	0.00920	0.00804	0.01061	0.31717	0.00633	0.08277	0.01046	0.09350	0.00748	0.00810	0.00565	0.00428	0.00334	0.00122	0.00501	0.00275	0.00282	0.00514
3	0.00513	0.00418	0.00454	0.00464	0.00582	0.00359	0.00341	0.00628	0.00969	0.01205	0.15126	0.15632	0.59701	0.01072	0.00502	0.00145	0.00215	0.00914	0.00401	0.00359
4	0.01570	0.02004	0.01191	0.01083	0.01300	0.83539	0.00812	0.01679	0.01191	0.01029	0.00650	0.00758	0.00541	0.00433	0.00379	0.00108	0.00758	0.00271	0.00217	0.00487
5	0.00507	0.00426	0.00439	0.00436	0.00574	0.00359	0.00327	0.00622	0.00981	0.01191	0.12087	0.03955	0.74571	0.01044	0.00497	0.00141	0.00211	0.00874	0.00398	0.00359
6	0.04834	0.00824	0.03371	0.00807	0.01138	0.00731	0.03400	0.10326	0.02821	0.60994	0.02853	0.01349	0.00999	0.00506	0.00417	0.00128	0.00383	0.00412	0.00469	0.03238
7	0.03410	0.01062	0.01046	0.00875	0.02299	0.21698	0.02571	0.03063	0.06342	0.46541	0.03966	0.01348	0.02818	0.00515	0.00414	0.00126	0.00461	0.00405	0.00414	0.00627
8	0.00611	0.00408	0.00458	0.00458	0.00458	0.00408	0.00255	0.00611	0.00611	0.00815	0.01325	0.02751	0.01528	0.85226	0.02140	0.00408	0.00408	0.00611	0.00255	0.00255
9	0.00765	0.00395	0.00402	0.00400	0.00500	0.00391	0.00300	0.00958	0.00901	0.01561	0.05849	0.01727	0.03691	0.00527	0.00311	0.00101	0.00197	0.00427	0.80208	0.00391
10	0.01024	0.00982	0.01676	0.08052	0.77261	0.00994	0.01282	0.01276	0.00949	0.01353	0.00788	0.01046	0.00659	0.00378	0.00416	0.00126	0.00503	0.00374	0.00207	0.00653
11	0.01111	0.70350	0.12559	0.00800	0.01186	0.05893	0.00832	0.01290	0.00876	0.01035	0.00610	0.00706	0.00539	0.00369	0.00292	0.00096	0.00488	0.00238	0.00181	0.00547
12	0.00611	0.00408	0.00458	0.00458	0.00458	0.00408	0.00255	0.00611	0.00611	0.00815	0.01325	0.02751	0.01528	0.85226	0.02140	0.00408	0.00408	0.00611	0.00255	0.00255
13	0.01570	0.02004	0.01191	0.01083	0.01300	0.83539	0.00812	0.01679	0.01191	0.01029	0.00650	0.00758	0.00541	0.00433	0.00379	0.00108	0.00758	0.00271	0.00217	0.00487
14	0.00976	0.03763	0.59290	0.01172	0.03705	0.03888	0.03803	0.03319	0.09277	0.05539	0.00901	0.00990	0.00647	0.00424	0.00404	0.00132	0.00575	0.00339	0.00230	0.00626
15	0.00896	0.00870	0.01530	0.48684	0.29645	0.00968	0.09026	0.01173	0.00895	0.01201	0.00772	0.01095	0.00603	0.00398	0.00426	0.00135	0.00554	0.00386	0.00196	0.00544
16	0.01046	0.00903	0.00951	0.00855	0.01093	0.01046	0.00665	0.02234	0.81845	0.01759	0.01711	0.01568	0.01283	0.00570	0.00428	0.00143	0.00333	0.00475	0.00428	0.00665
17	0.03701	0.00934	0.04687	0.01724	0.42621	0.00848	0.03430	0.01591	0.01046	0.33483	0.01127	0.01181	0.00802	0.00433	0.00416	0.00128	0.00450	0.00391	0.00331	0.00675
18	0.03102	0.40696	0.09296	0.00902	0.01190	0.16234	0.00840	0.02518	0.05167	0.01117	0.00672	0.00803	0.00581	0.00454	0.00500	0.00117	0.14791	0.00281	0.00205	0.00531
19	0.00529	0.00429	0.00480	0.00504	0.00624	0.00380	0.00387	0.00646	0.00928	0.01138	0.03607	0.12611	0.58615	0.01214	0.04849	0.00180	0.00288	0.11850	0.00381	0.00359
20	0.01035	0.00994	0.01697	0.04252	0.80972	0.00997	0.01288	0.01286	0.00955	0.01367	0.00790	0.01042	0.00664	0.00375	0.00416	0.00125	0.00501	0.00375	0.00208	0.00662
21	0.00865	0.01845	0.61150	0.06761	0.01888	0.00965	0.12234	0.01318	0.02270	0.01325	0.00783	0.00947	0.00566	0.00393	0.00410	0.00131	0.00609	0.00340	0.00191	0.05009
22	0.88196	0.00813	0.00618	0.00553	0.00813	0.00943	0.00455	0.01236	0.00715	0.01886	0.00585	0.00683	0.00455	0.00390	0.00260	0.00130	0.00325	0.00228	0.00260	0.00455
23	0.00520	0.00433	0.00455	0.00451	0.00586	0.00372	0.00338	0.00656	0.02325	0.01220	0.14937	0.05868	0.68317	0.01034	0.00497	0.00141	0.00214	0.00870	0.00401	0.00365
24	0.00860	0.00732	0.00854	0.00616	0.00973	0.00554	0.00488	0.01039	0.00860	0.01346	0.00772	0.00953	0.00662	0.03992	0.00391	0.00077	0.00315	0.00265	0.00249	0.84002
25	0.00513	0.00374	0.00484	0.00571	0.00610	0.00345	0.00387	0.00592	0.00824	0.01083	0.02527	0.74730	0.11467	0.01287	0.00533	0.00168	0.00243	0.02526	0.00390	0.00344
26	0.00872	0.00747	0.00872	0.00623	0.00996	0.00560	0.00498	0.01058	0.00872	0.01370	0.00747	0.00872	0.00623	0.00311	0.00311	0.00062	0.00311	0.00249	0.00249	0.87796
27	0.00866	0.00565	0.00598	0.00558	0.00706	0.00601	0.00428	0.02566	0.24744	0.03114	0.09509	0.01790	0.04000	0.00569	0.00364	0.00117	0.00244	0.00469	0.47711	0.00482
28	0.00824	0.00772	0.01275	0.74290	0.08199	0.00944	0.01149	0.01150	0.05121	0.01130	0.00801	0.01139	0.00606	0.00425	0.00420	0.00139	0.00544	0.00379	0.00201	0.00491
29	0.00661	0.00448	0.00537	0.00508	0.00639	0.00398	0.00386	0.00819	0.01082	0.07521	0.41320	0.05181	0.32850	0.00915	0.00487	0.00137	0.00220	0.02283	0.03205	0.00403
30	0.01140	0.00976	0.01390	0.06970	0.40730	0.02871	0.01022	0.13982	0.11688	0.05563	0.00992	0.01165	0.00785	0.01942	0.03192	0.00153	0.04126	0.00394	0.00285	0.00634
31	0.01880	0.00453	0.00576	0.00533	0.00653	0.00414	0.00404	0.00862	0.01162	0.06843	0.68677	0.03082	0.11162	0.00851	0.00488	0.00133	0.00212	0.00743	0.00457	0.00414
32	0.01270	0.01479	0.01252	0.05461	0.20036	0.45861	0.00903	0.01465	0.04666	0.01145	0.00928	0.02785	0.04212	0.01490	0.00477	0.00126	0.05325	0.00364	0.00232	0.00522
33	0.01252	0.00893	0.01018	0.00764	0.01113	0.00836	0.00621	0.27897	0.04792	0.12363	0.00994	0.01020	0.00736	0.00414	0.00367	0.00096	0.00369	0.00324	0.00349	0.43783
34	0.01124	0.85479	0.02203	0.00719	0.01079	0.01663	0.00719	0.01259	0.00854	0.00989	0.00584	0.00674	0.00539	0.00360	0.00270	0.00090	0.00450	0.00225	0.00180	0.00539
35	0.07385	0.00793	0.01285	0.64674	0.15697	0.00945	0.01134	0.01121	0.00850	0.01184	0.00742	0.01075	0.00570	0.00411	0.00408	0.00137	0.00533	0.00363	0.00196	0.00498
36	0.03277	0.01090	0.01166	0.00925	0.01236	0.01212	0.00754	0.58398	0.20566	0.05175	0.01186	0.01147	0.00853	0.00518	0.00419	0.00130	0.00426	0.00399	0.00422	0.00698
37	0.00607	0.00450	0.00647	0.00645	0.00706	0.00516	0.00485	0.00731	0.00664	0.00949	0.01152	0.01828	0.01125	0.17006	0.68664	0.00624	0.02141	0.00477	0.00230	0.00356
38	0.01048	0.20446	0.23700	0.01105	0.03445	0.11109	0.12426	0.05880	0.03561	0.01278	0.01017	0.01131	0.06762	0.00466	0.00442	0.00125	0.04904	0.00370	0.00227	0.00558
39	0.00526	0.00384	0.00499	0.00585	0.00630	0.00356	0.00409	0.00614	0.00837	0.01097	0.02525	0.68421	0.11614	0.01274	0.00536	0.00170	0.00254	0.08531	0.00390	0.00347
40	0.00779	0.04351	0.05961	0.01983	0.00876	0.00648	0.00560	0.03608	0.15940	0.04150	0.40041	0.02563	0.13092	0.00794	0.01797	0.00143	0.00299	0.01525	0.00408	0.00481
41	0.00515	0.00428	0.00452	0.00463	0.00596	0.00366	0.00353	0.00629	0.00958	0.01156	0.05863	0.07380	0.70787	0.01078	0.00505	0.00147	0.00228	0.07344	0.00392	0.00358
42	0.00983	0.01020	0.01240	0.01075	0.01110	0.10357	0.00882	0.01118	0.03601	0.01039	0.00628	0.00955	0.00597	0.00797	0.04643	0.00194	0.68732	0.00364	0.00198	0.00467
43	0.01104	0.01016	0.01574	0.01801	0.38095	0.03897	0.13290	0.11605	0.05346	0.03647	0.00988	0.03950	0.00842	0.00497	0.00513	0.00137	0.06952	0.03864	0.00268	0.00614
44	0.00872	0.00747	0.00872	0.00623	0.00996	0.00560	0.00498	0.01058	0.00872	0.01370	0.00747	0.00872	0.00623	0.00311	0.00311	0.00062	0.00311	0.00249	0.00249	0.87796
45	0.00877	0.00752	0.00874	0.00630	0.00999	0.00576	0.00503	0.01096	0.03445	0.01382	0.00778	0.00894	0.00644	0.00320	0.00315	0.00065	0.00312	0.00256	0.00255	0.85028
46	0.01419	0.00711	0.00884	0.00721	0.00982	0.00682	0.00580	0.07547	0.14326	0.44505	0.15282	0.01849	0.05840	0.00612	0.00437	0.00132	0.00324	0.00509	0.02028	0.00629
47	0.02845	0.00856	0.00958	0.00899	0.05335	0.00954	0.00668	0.13144	0.48588	0.02792	0.14970	0.01765	0.01619	0.00606	0.00437	0.00138	0.00339	0.02051	0.00418	0.00619
48	0.00617	0.00455	0.00627	0.00620	0.00666	0.00517	0.00450	0.00714	0.00652	0.00923	0.01170	0.01995	0.01192	0.30938	0.52475	0.00564	0.04352	0.00502	0.00234	0.00338
49	0.00594	0.00414	0.00526	0.00540	0.00565	0.00433	0.00353	0.00648	0.00657	0.00899	0.01407	0.14055	0.01566	0.49385	0.25697	0.00452	0.00594	0.00647	0.00265	0.00302
50	0.00513	0.00370	0.00486	0.00575	0.00608	0.00343	0.00386	0.00590	0.00820	0.01088	0.03848	0.78951	0.07279	0.01295	0.00534	0.00168	0.00241	0.01170	0.00392	0.00343
51	0.01006	0.00950	0.01606	0.02408	0.75535	0.00950	0.01215	0.01240	0.00939	0.01340	0.00867	0.01255	0.00770	0.04876	0.00513	0.00142	0.00491	0.03045	0.00217	0.00635
52	0.00992	0.01134	0.02481	0.01772	0.02197	0.01063	0.81077	0.01347	0.00992	0.01347	0.00850	0.01134	0.00638	0.00354	0.00496	0.00142	0.00709	0.00496	0.00213	0.00567
53	0.01886	0.00715	0.00976	0.00748	0.01073	0.00618	0.00618	0.02049	0.01203	0.82895	0.01658	0.01431	0.01041	0.00520	0.00423	0.00130	0.00358	0.00423	0.00520	0.00715
54	0.01886	0.00715	0.00976	0.00748	0.01073	0.00618	0.00618	0.02049	0.01203	0.82895	0.01658	0.01431	0.01041	0.00520	0.00423	0.00130	0.00358	0.00423	0.00520	0.00715
55	0.88196	0.00813	0.00618	0.00553	0.00813	0.00943	0.00455	0.01236	0.00715	0.01886	0.00585	0.00683	0.00455	0.00390	0.00260	0.00130	0.00325	0.00228	0.00260	0.00455
56	0.00529	0.00429	0.00453	0.00454	0.00589	0.00364	0.00341	0.00644	0.00972	0.02371	0.09853	0.07567	0.69930	0.01055	0.00500	0.00144	0.00220	0.02824	0.00398	0.00363
57	0.01091	0.01274	0.10796	0.02605	0.01907	0.07509	0.50925	0.07938	0.02951	0.04319	0.00933	0.01126	0.01867	0.00399	0.00461	0.00135	0.00644	0.00445	0.00245	0.02432
58	0.00852	0.00805	0.01368	0.54638	0.25016	0.00921	0.02951	0.01115	0.00880	0.01173	0.02091	0.04764	0.00740	0.00452	0.00427	0.00137	0.00527	0.00418	0.00206	0.00518
59	0.75283	0.00792	0.00660	0.00575	0.00840	0.00890	0.00473	0.01336	0.00782	0.12403	0.00740	0.00797	0.00543	0.00409	0.00282	0.00129	0.00327	0.00256	0.01993	0.00488
60	0.01424	0.00804	0.01130	0.04707	0.15500	0.00789	0.02624	0.06620	0.11820	0.40080	0.07408	0.01518	0.01197	0.00528	0.00432	0.00133	0.00391	0.01821	0.00419	0.00657
61	0.00644	0.00470	0.00631	0.00706	0.00808	0.00458	0.00604	0.00823	0.00978	0.01266	0.07868	0.05945	0.13683	0.01130	0.00563	0.00182	0.00348	0.62118	0.00393	0.00382
62	0.04406	0.01332	0.26443	0.02423	0.13821	0.07108	0.04428	0.06697	0.05238	0.02826	0.00935	0.02732	0.00765	0.00748	0.09169	0.00188	0.03703	0.02021	0.01737	0.03278

[dist]
# distance from previous block
# <min> <max>
1	2

[block]
# block no. 3 follows, 63 sequences, length 24
# corresponding to MSA columns:
# 171-194
name=unknown_D
#
# <colnr> <probs for GDERKNQSTAVLIFYWHMCP>
#	G	D	E	R	K	N	Q	S	T	A	V	L	I	F	Y	W	H	M	C	P
0	0.12700	0.03911	0.04867	0.23385	0.25288	0.09131	0.01014	0.01308	0.06193	0.01323	0.00778	0.00992	0.00622	0.00422	0.00427	0.00129	0.04197	0.00340	0.00222	0.02752
1	0.00869	0.05764	0.74107	0.01155	0.01739	0.01011	0.01458	0.01387	0.06189	0.01344	0.00810	0.00923	0.00582	0.00409	0.00396	0.00132	0.00595	0.00318	0.00194	0.00621
2	0.00665	0.00554	0.00619	0.00595	0.02306	0.01907	0.00438	0.00968	0.12750	0.01438	0.31245	0.05161	0.32367	0.00853	0.00472	0.00133	0.00247	0.00728	0.00406	0.06150
3	0.07368	0.00742	0.00917	0.00722	0.01012	0.00703	0.00591	0.12878	0.01248	0.54831	0.05336	0.01417	0.01100	0.00523	0.00403	0.00127	0.00347	0.00417	0.08664	0.00653
4	0.88196	0.00813	0.00618	0.00553	0.00813	0.00943	0.00455	0.01236	0.00715	0.01886	0.00585	0.00683	0.00455	0.00390	0.00260	0.00130	0.00325	0.00228	0.00260	0.00455
5	0.00998	0.00943	0.01597	0.05693	0.72146	0.00950	0.01231	0.01244	0.00953	0.01351	0.00916	0.01373	0.00817	0.00446	0.00431	0.00132	0.00492	0.07429	0.00223	0.00633
6	0.00525	0.00425	0.00467	0.00460	0.00586	0.00366	0.00344	0.00657	0.01020	0.01292	0.26652	0.06219	0.57487	0.01013	0.00498	0.00140	0.00210	0.00860	0.00411	0.00366
7	0.01122	0.00941	0.00993	0.00871	0.01122	0.01081	0.00684	0.13109	0.70846	0.01881	0.01614	0.01491	0.01205	0.00561	0.00427	0.00140	0.00351	0.00462	0.00427	0.00672
8	0.00559	0.00418	0.00563	0.05377	0.00742	0.00426	0.00440	0.00635	0.00774	0.01036	0.02018	0.65602	0.02390	0.12323	0.00779	0.00201	0.03987	0.01035	0.00352	0.00342
9	0.01030	0.00988	0.01687	0.06170	0.79099	0.00996	0.01285	0.01281	0.00952	0.01360	0.00789	0.01044	0.00661	0.00377	0.00416	0.00126	0.00502	0.00375	0.00207	0.00657
10	0.00920	0.00920	0.01288	0.01104	0.01104	0.01288	0.00920	0.01012	0.00644	0.01012	0.00552	0.00920	0.00552	0.00736	0.01380	0.00184	0.84457	0.00368	0.00184	0.00460
11	0.00612	0.00410	0.00519	0.00557	0.00635	0.00370	0.00393	0.00716	0.00918	0.06536	0.14598	0.51819	0.18052	0.01148	0.00515	0.00157	0.00239	0.01021	0.00410	0.00377
12	0.00601	0.00448	0.00665	0.00665	0.00737	0.00520	0.00513	0.00744	0.00673	0.00968	0.01135	0.01703	0.01073	0.07007	0.79737	0.00663	0.01092	0.00458	0.00227	0.00370
13	0.00843	0.02174	0.83048	0.01198	0.01819	0.00976	0.01553	0.01331	0.00888	0.01331	0.00754	0.00888	0.00533	0.00399	0.00399	0.00133	0.00621	0.00311	0.00178	0.00621
14	0.00497	0.00426	0.00426	0.00426	0.00568	0.00355	0.00319	0.00603	0.00958	0.01136	0.04259	0.04046	0.82433	0.01065	0.00497	0.00142	0.00213	0.00887	0.00390	0.00355
15	0.01877	0.00730	0.00985	0.00755	0.01081	0.00640	0.00624	0.04607	0.01228	0.80301	0.01637	0.01417	0.01030	0.00520	0.00423	0.00130	0.00361	0.00421	0.00517	0.00715
16	0.01107	0.00934	0.01536	0.02023	0.53991	0.00911	0.07486	0.02690	0.01040	0.07570	0.06063	0.05162	0.01080	0.00510	0.00454	0.00140	0.00477	0.00472	0.05706	0.00647
17	0.00500	0.00424	0.00431	0.00433	0.00571	0.00355	0.00323	0.00607	0.00959	0.01147	0.06082	0.06477	0.78127	0.01067	0.00498	0.00143	0.00214	0.00893	0.00392	0.00355
18	0.01040	0.00999	0.01706	0.02580	0.82604	0.00999	0.01290	0.01290	0.00957	0.01373	0.00791	0.01040	0.00666	0.00375	0.00416	0.00125	0.00499	0.00375	0.00208	0.00666
19	0.02550	0.00905	0.01137	0.04871	0.04819	0.00970	0.05269	0.36579	0.01394	0.11304	0.01515	0.09821	0.10160	0.00646	0.00506	0.00138	0.05920	0.00526	0.00376	0.00594
20	0.00965	0.01551	0.32702	0.01450	0.03219	0.06410	0.38885	0.01380	0.04130	0.01347	0.03306	0.01093	0.00718	0.00401	0.00448	0.00136	0.00645	0.00416	0.00216	0.00583
21	0.01124	0.85479	0.02203	0.00719	0.01079	0.01663	0.00719	0.01259	0.00854	0.00989	0.00584	0.00674	0.00539	0.00360	0.00270	0.00090	0.00450	0.00225	0.00180	0.00539
22	0.00919	0.00867	0.06260	0.02087	0.01100	0.00651	0.00602	0.07355	0.00954	0.01453	0.00777	0.00906	0.00633	0.00401	0.02289	0.00088	0.00367	0.00270	0.00256	0.71764
23	0.00970	0.00809	0.00868	0.00706	0.00985	0.06135	0.00553	0.03185	0.16605	0.05731	0.05701	0.05169	0.01094	0.00652	0.05820	0.00136	0.00393	0.00395	0.01456	0.42638

[dist]
# distance from previous block
# <min> <max>
0	2

[block]
# block no. 4 follows, 63 sequences, length 62
# corresponding to MSA columns:
# 197-258
name=unknown_E
#
# <colnr> <probs for GDERKNQSTAVLIFYWHMCP>
#	G	D	E	R	K	N	Q	S	T	A	V	L	I	F	Y	W	H	M	C	P
0	0.00836	0.00834	0.00702	0.00731	0.00815	0.23074	0.00528	0.00926	0.00908	0.01054	0.01726	0.40754	0.01964	0.11539	0.00700	0.00186	0.00424	0.11598	0.00325	0.00377
1	0.02589	0.02206	0.29758	0.01016	0.01448	0.00819	0.09984	0.02928	0.02008	0.38861	0.03367	0.01230	0.00880	0.00465	0.00421	0.00132	0.00487	0.00396	0.00355	0.00651
2	0.02103	0.00417	0.00516	0.00566	0.00623	0.00410	0.00394	0.00759	0.05811	0.01188	0.05898	0.50330	0.05347	0.02357	0.00625	0.08805	0.00258	0.02029	0.11209	0.00357
3	0.00691	0.00614	0.03914	0.06972	0.14659	0.00578	0.00676	0.00888	0.04803	0.01174	0.03198	0.38372	0.01961	0.09342	0.00661	0.00184	0.00361	0.10197	0.00326	0.00429
4	0.01275	0.09710	0.01202	0.00873	0.01173	0.05539	0.00713	0.32086	0.30731	0.01942	0.01175	0.01151	0.00885	0.00491	0.00395	0.00121	0.00415	0.00379	0.00371	0.09374
5	0.00540	0.00387	0.00519	0.00613	0.00652	0.00366	0.00436	0.00636	0.00841	0.01116	0.03919	0.69311	0.03814	0.01279	0.00542	0.00173	0.00266	0.13850	0.00391	0.00350
6	0.00920	0.02688	0.41572	0.02933	0.12225	0.01001	0.26937	0.01316	0.00928	0.01334	0.00787	0.00987	0.00587	0.00379	0.00428	0.00132	0.00620	0.00376	0.00195	0.03657
7	0.02983	0.08165	0.23067	0.01455	0.03624	0.01087	0.43264	0.01329	0.02997	0.01315	0.00809	0.01030	0.00618	0.00436	0.01819	0.00145	0.04666	0.00410	0.00206	0.00573
8	0.00565	0.00439	0.00523	0.00547	0.00663	0.00397	0.00434	0.00711	0.00998	0.01271	0.18522	0.07857	0.42070	0.01063	0.00521	0.00155	0.00259	0.22229	0.00403	0.00371
9	0.00797	0.00444	0.00458	0.00446	0.00558	0.00456	0.00337	0.01090	0.08842	0.01594	0.06740	0.01671	0.01288	0.00522	0.00320	0.00105	0.00209	0.00424	0.73279	0.00419
10	0.00987	0.02554	0.10296	0.10651	0.15080	0.07864	0.23178	0.01345	0.08240	0.03403	0.04673	0.06310	0.00978	0.01996	0.00474	0.00140	0.00549	0.00472	0.00255	0.00557
11	0.00804	0.00565	0.00809	0.07782	0.05068	0.00578	0.00741	0.03617	0.01000	0.06218	0.01961	0.05993	0.02049	0.01005	0.00543	0.00179	0.00404	0.59877	0.00371	0.00437
12	0.00541	0.00399	0.00495	0.00547	0.00608	0.00368	0.00384	0.00638	0.00878	0.01151	0.12654	0.44389	0.19148	0.09273	0.00681	0.00184	0.00258	0.06672	0.00386	0.00346
13	0.00608	0.00435	0.00517	0.00504	0.00617	0.00394	0.00375	0.00780	0.02432	0.03522	0.40516	0.11489	0.28771	0.00934	0.00484	0.00137	0.00214	0.00807	0.06073	0.00390
14	0.68706	0.00798	0.00669	0.00597	0.00843	0.02192	0.00485	0.04344	0.00824	0.07562	0.01951	0.06411	0.00747	0.00487	0.00307	0.00133	0.00334	0.01837	0.00298	0.00475
15	0.00701	0.00549	0.00606	0.00557	0.00716	0.00531	0.00428	0.07353	0.10953	0.02626	0.27318	0.03190	0.41106	0.00890	0.00481	0.00138	0.00245	0.00751	0.00421	0.00439
16	0.01886	0.00715	0.00976	0.00748	0.01073	0.00618	0.00618	0.02049	0.01203	0.82895	0.01658	0.01431	0.01041	0.00520	0.00423	0.00130	0.00358	0.00423	0.00520	0.00715
17	0.00819	0.00776	0.01289	0.72604	0.07355	0.00967	0.01154	0.01081	0.00831	0.01086	0.00733	0.01099	0.00566	0.00444	0.00500	0.00143	0.07514	0.00373	0.00188	0.00478
18	0.01279	0.01039	0.01202	0.00974	0.01268	0.01158	0.06917	0.36052	0.41344	0.02109	0.01344	0.01295	0.00990	0.00526	0.00430	0.00135	0.00417	0.00435	0.00408	0.00679
19	0.00796	0.00500	0.00463	0.00460	0.00563	0.05864	0.00342	0.00976	0.00921	0.01495	0.07165	0.06875	0.04019	0.00582	0.00335	0.00107	0.00237	0.00476	0.67429	0.00394
20	0.88196	0.00813	0.00618	0.00553	0.00813	0.00943	0.00455	0.01236	0.00715	0.01886	0.00585	0.00683	0.00455	0.00390	0.00260	0.00130	0.00325	0.00228	0.00260	0.00455
21	0.00499	0.00426	0.00429	0.00428	0.00569	0.00356	0.00321	0.00608	0.00964	0.01149	0.06162	0.04024	0.80522	0.01060	0.00497	0.00142	0.00213	0.00884	0.00392	0.00356
22	0.00888	0.03244	0.57497	0.01431	0.11999	0.00989	0.13146	0.01313	0.00919	0.01342	0.02866	0.00997	0.00653	0.00401	0.00416	0.00133	0.00605	0.00356	0.00194	0.00612
23	0.00541	0.00428	0.00487	0.00472	0.00595	0.00374	0.00354	0.00689	0.01063	0.01383	0.39427	0.03638	0.47110	0.00972	0.00496	0.00138	0.00206	0.00830	0.00423	0.00374
24	0.00632	0.00469	0.00594	0.00556	0.00666	0.00450	0.00419	0.00912	0.07851	0.01692	0.75720	0.03010	0.03745	0.00836	0.00490	0.00133	0.00209	0.00737	0.00460	0.00419
25	0.00927	0.03826	0.03017	0.48770	0.22652	0.06523	0.01152	0.01177	0.00883	0.01145	0.00735	0.01045	0.00584	0.00426	0.00467	0.00135	0.05459	0.00360	0.00194	0.00523
26	0.01030	0.22936	0.35175	0.01162	0.08447	0.05856	0.02302	0.05659	0.04630	0.01297	0.00751	0.00883	0.00593	0.00428	0.00448	0.00124	0.07168	0.00311	0.00208	0.00590
27	0.00519	0.00390	0.00518	0.00586	0.00635	0.00358	0.01974	0.00603	0.00830	0.01087	0.02565	0.71747	0.14108	0.01262	0.00530	0.00166	0.00249	0.01137	0.00387	0.00348
28	0.03068	0.70090	0.03258	0.00813	0.03086	0.11661	0.00751	0.01312	0.00895	0.01028	0.00600	0.00697	0.00541	0.00370	0.00288	0.00095	0.00488	0.00235	0.00187	0.00536
29	0.03575	0.00759	0.00897	0.00665	0.01014	0.00622	0.00538	0.06113	0.01001	0.15831	0.02540	0.01087	0.00795	0.00388	0.00345	0.00084	0.00328	0.01734	0.00314	0.61370
30	0.01014	0.05306	0.30291	0.01286	0.17289	0.07756	0.02528	0.01379	0.06448	0.07783	0.12232	0.02708	0.01166	0.00495	0.00416	0.00128	0.00497	0.00416	0.00274	0.00589
31	0.00891	0.08828	0.74574	0.01149	0.01742	0.01023	0.01464	0.01343	0.00892	0.03275	0.00763	0.00884	0.00545	0.00399	0.00390	0.00130	0.00601	0.00306	0.00186	0.00617
32	0.00635	0.00502	0.00742	0.00722	0.00789	0.00609	0.00568	0.00779	0.00672	0.00980	0.01063	0.01572	0.00997	0.02889	0.74602	0.00622	0.10210	0.00441	0.00221	0.00385
33	0.27492	0.02183	0.09309	0.05333	0.10574	0.00914	0.13700	0.01481	0.04125	0.19582	0.00958	0.01039	0.00685	0.00421	0.00380	0.00132	0.00457	0.00356	0.00298	0.00581
34	0.02479	0.05507	0.27282	0.01529	0.14820	0.02096	0.27353	0.01434	0.08964	0.03137	0.00894	0.01057	0.00673	0.00399	0.00428	0.00133	0.00584	0.00394	0.00228	0.00609
35	0.00611	0.00408	0.00458	0.00458	0.00458	0.00408	0.00255	0.00611	0.00611	0.00815	0.01325	0.02751	0.01528	0.85226	0.02140	0.00408	0.00408	0.00611	0.00255	0.00255
36	0.00534	0.00383	0.00512	0.00608	0.00644	0.00361	0.00427	0.00624	0.00830	0.01099	0.02343	0.72605	0.04288	0.01291	0.00542	0.00173	0.00263	0.11737	0.00390	0.00348
37	0.00989	0.01514	0.38437	0.02769	0.26300	0.02101	0.08798	0.02685	0.00970	0.06246	0.03413	0.01109	0.01913	0.00421	0.00420	0.00131	0.00556	0.00378	0.00227	0.00622
38	0.00919	0.08672	0.63484	0.01205	0.01756	0.05385	0.08768	0.01340	0.00906	0.01284	0.00741	0.00887	0.00544	0.00400	0.00414	0.00130	0.02063	0.00320	0.00183	0.00600
39	0.00794	0.00747	0.01261	0.84216	0.02895	0.00934	0.01167	0.01074	0.00841	0.01074	0.00747	0.01121	0.00560	0.00420	0.00420	0.00140	0.00560	0.00374	0.00187	0.00467
40	0.01009	0.01192	0.20032	0.07327	0.44919	0.00926	0.02860	0.01310	0.02308	0.06937	0.00892	0.01161	0.00721	0.05985	0.00528	0.00147	0.00517	0.00383	0.00228	0.00617
41	0.00967	0.02064	0.14992	0.03593	0.05611	0.00683	0.05376	0.01241	0.04662	0.17858	0.15859	0.10373	0.11074	0.00694	0.00473	0.00139	0.01934	0.01513	0.00361	0.00531
42	0.00726	0.00710	0.02199	0.00687	0.04636	0.10860	0.00500	0.02032	0.03369	0.01304	0.22806	0.02934	0.38275	0.01004	0.05944	0.00169	0.00366	0.00695	0.00365	0.00417
43	0.00592	0.00470	0.02177	0.00546	0.00655	0.00417	0.00416	0.00799	0.03584	0.01531	0.58423	0.13097	0.12803	0.01969	0.00517	0.00142	0.00221	0.00808	0.00436	0.00396
44	0.01037	0.04236	0.52493	0.01202	0.05899	0.02991	0.06714	0.01433	0.02204	0.13246	0.00958	0.02630	0.00710	0.00446	0.00412	0.00133	0.00565	0.01826	0.00244	0.00619
45	0.01002	0.05218	0.38364	0.02897	0.06900	0.04538	0.22348	0.02706	0.00974	0.06340	0.02073	0.01100	0.02755	0.00419	0.00426	0.00132	0.00599	0.00389	0.00225	0.00595
46	0.00891	0.00953	0.01917	0.07042	0.01849	0.02082	0.55015	0.01167	0.00917	0.01231	0.01065	0.06878	0.02769	0.08006	0.04552	0.00192	0.02197	0.00545	0.00231	0.00501
47	0.00868	0.06368	0.01390	0.23802	0.35414	0.00890	0.03947	0.01088	0.00894	0.01208	0.01126	0.15956	0.02433	0.00580	0.00437	0.00137	0.00468	0.02223	0.00240	0.00532
48	0.01006	0.01183	0.17062	0.12653	0.50188	0.00973	0.04696	0.01305	0.00941	0.04809	0.00818	0.01042	0.00642	0.00390	0.00417	0.00129	0.00533	0.00370	0.00213	0.00630
49	0.00912	0.07127	0.53290	0.01180	0.01685	0.00961	0.13703	0.01307	0.00924	0.05383	0.03003	0.04392	0.00810	0.00468	0.00421	0.00135	0.00578	0.02911	0.00222	0.00588
50	0.00518	0.00376	0.00490	0.00579	0.00617	0.00349	0.00396	0.00599	0.00826	0.01087	0.02488	0.74258	0.09951	0.01288	0.00535	0.00169	0.00247	0.04493	0.00390	0.00345
51	0.00954	0.03139	0.18235	0.07695	0.07077	0.01046	0.52922	0.01318	0.00955	0.01318	0.00815	0.01069	0.00611	0.00369	0.00462	0.00138	0.00662	0.00437	0.00203	0.00576
52	0.00948	0.01688	0.58038	0.01056	0.01546	0.00836	0.02672	0.01328	0.00923	0.12992	0.01109	0.12987	0.00929	0.00547	0.00424	0.00138	0.00531	0.00456	0.00258	0.00594
53	0.01192	0.00959	0.06709	0.03484	0.40428	0.00873	0.01004	0.06866	0.04827	0.19075	0.03771	0.03441	0.04479	0.00495	0.00426	0.00130	0.00440	0.00441	0.00318	0.00643
54	0.00934	0.00886	0.01502	0.34463	0.49423	0.00959	0.01217	0.01189	0.00903	0.01243	0.00787	0.01114	0.00646	0.02459	0.00460	0.00138	0.00521	0.00380	0.00201	0.00578
55	0.00830	0.03184	0.72896	0.01154	0.01721	0.00939	0.02889	0.01282	0.00896	0.01317	0.00941	0.01224	0.02761	0.00465	0.00414	0.00137	0.00595	0.05561	0.00197	0.00597
56	0.01804	0.00776	0.01004	0.00778	0.01099	0.00716	0.00640	0.10378	0.06272	0.69445	0.01593	0.01395	0.01021	0.00522	0.00423	0.00130	0.00367	0.00421	0.00504	0.00712
57	0.01023	0.00981	0.01676	0.08201	0.77115	0.00994	0.01282	0.01275	0.00949	0.01353	0.00788	0.01046	0.00659	0.00378	0.00416	0.00126	0.00504	0.00374	0.00207	0.00652
58	0.00631	0.00452	0.00611	0.00687	0.00768	0.00443	0.00564	0.00788	0.00933	0.01224	0.08205	0.17889	0.06246	0.06697	0.00666	0.00197	0.00342	0.51902	0.00385	0.00370
59	0.00610	0.00398	0.00539	0.02682	0.00697	0.00374	0.00425	0.00694	0.00832	0.06462	0.02234	0.77360	0.02610	0.01242	0.00526	0.00167	0.00259	0.01124	0.00394	0.00369
60	0.00810	0.00764	0.01290	0.78839	0.08145	0.00938	0.01176	0.01088	0.00848	0.01094	0.00750	0.01115	0.00567	0.00417	0.00420	0.00139	0.00556	0.00374	0.00188	0.00480
61	0.05101	0.00843	0.00916	0.00813	0.01052	0.00941	0.00639	0.04321	0.58869	0.12224	0.02856	0.04926	0.01327	0.00603	0.00429	0.00142	0.00335	0.02592	0.00430	0.00639

[dist]
# distance from previous block
# <min> <max>
0	11

# created by:
# /st0/software/busco_prod/Augustus/scripts/msa2prfl.pl ./align_prep/136014.fa
