[name]
unknown

[dist]
# distance from previous block
# <min> <max>
0	73

[block]
# block no. 0 follows, 57 sequences, length 9
# corresponding to MSA columns:
# 74-82
name=unknown_A
#
# <colnr> <probs for GDERKNQSTAVLIFYWHMCP>
#	G	D	E	R	K	N	Q	S	T	A	V	L	I	F	Y	W	H	M	C	P
0	0.04428	0.05180	0.01132	0.00979	0.05712	0.00990	0.00765	0.28232	0.07310	0.09790	0.01671	0.04347	0.05506	0.00740	0.00483	0.00152	0.00429	0.18324	0.00415	0.03414
1	0.01368	0.01288	0.13110	0.02515	0.09165	0.04465	0.02195	0.26995	0.16797	0.09624	0.03916	0.01297	0.00992	0.00527	0.00449	0.00138	0.00493	0.00428	0.00382	0.03856
2	0.08318	0.03279	0.29292	0.01150	0.09218	0.00980	0.01069	0.09905	0.05655	0.08504	0.05166	0.01180	0.00903	0.00472	0.00415	0.00130	0.00493	0.00376	0.00304	0.13192
3	0.15789	0.04178	0.05559	0.02797	0.09915	0.03280	0.09706	0.09357	0.07419	0.16576	0.01077	0.01138	0.00785	0.00460	0.00412	0.00132	0.00477	0.00383	0.00340	0.10220
4	0.01264	0.06075	0.04375	0.00858	0.03085	0.08463	0.02169	0.04071	0.01100	0.17324	0.03981	0.01141	0.00882	0.00431	0.00385	0.00099	0.00427	0.00342	0.00328	0.43199
5	0.13494	0.01201	0.07277	0.01455	0.19256	0.10483	0.10847	0.01327	0.00966	0.01440	0.00987	0.01231	0.04785	0.00513	0.00568	0.00140	0.11967	0.01798	0.00246	0.10018
6	0.00870	0.00642	0.00808	0.03454	0.01008	0.00639	0.00637	0.09153	0.05710	0.03918	0.02041	0.21378	0.06035	0.01129	0.04811	0.00196	0.00415	0.25885	0.00395	0.10878
7	0.01003	0.01554	0.28829	0.04583	0.05336	0.01129	0.40382	0.01400	0.00990	0.01403	0.00846	0.01108	0.00639	0.00440	0.00582	0.00153	0.08345	0.00445	0.00213	0.00620
8	0.01018	0.01083	0.06791	0.01552	0.06588	0.00964	0.44418	0.01406	0.05617	0.04711	0.08836	0.01967	0.01339	0.00575	0.00528	0.00157	0.00607	0.10946	0.00304	0.00590

[dist]
# distance from previous block
# <min> <max>
0	3

[block]
# block no. 1 follows, 57 sequences, length 54
# corresponding to MSA columns:
# 86-88,90-140
name=unknown_B
#
# <colnr> <probs for GDERKNQSTAVLIFYWHMCP>
#	G	D	E	R	K	N	Q	S	T	A	V	L	I	F	Y	W	H	M	C	P
0	0.00612	0.00486	0.00527	0.00511	0.00659	0.00427	0.00385	0.02207	0.02406	0.02573	0.20457	0.06427	0.58560	0.01081	0.00533	0.00151	0.00237	0.00913	0.00441	0.00410
1	0.01221	0.62473	0.12218	0.00887	0.01289	0.10123	0.00897	0.01451	0.03736	0.01146	0.00703	0.00799	0.00609	0.00409	0.00327	0.00107	0.00538	0.00269	0.00207	0.00591
2	0.00557	0.00402	0.00527	0.00618	0.00656	0.00372	0.00417	0.00645	0.00901	0.01200	0.07344	0.74826	0.07106	0.01376	0.00574	0.00180	0.00258	0.01243	0.00425	0.00372
3	0.01339	0.01156	0.05946	0.00955	0.01254	0.10217	0.00801	0.14189	0.32058	0.12174	0.01531	0.01746	0.01203	0.00620	0.00462	0.00146	0.00460	0.08376	0.00417	0.04951
4	0.01294	0.01196	0.01578	0.01936	0.41480	0.09893	0.04484	0.11999	0.15471	0.04515	0.01081	0.01206	0.00843	0.00472	0.00451	0.00137	0.00535	0.00419	0.00310	0.00701
5	0.00560	0.00397	0.00521	0.00620	0.00652	0.00370	0.00415	0.00644	0.00875	0.01175	0.02532	0.78924	0.05337	0.01385	0.00569	0.00181	0.00260	0.01252	0.02961	0.00370
6	0.01684	0.01660	0.01259	0.01062	0.01355	0.44212	0.00828	0.24658	0.03080	0.09872	0.00953	0.00994	0.00714	0.00495	0.00424	0.00123	0.00645	0.00346	0.00338	0.05298
7	0.00582	0.00449	0.00542	0.00582	0.00679	0.00395	0.00413	0.00691	0.00949	0.01238	0.07057	0.47512	0.27088	0.01232	0.00547	0.00165	0.00259	0.02919	0.00414	0.06286
8	0.02823	0.06870	0.12226	0.01554	0.05461	0.07508	0.42102	0.01434	0.01033	0.02384	0.00849	0.01079	0.00656	0.00408	0.00497	0.00137	0.03307	0.00428	0.00230	0.09016
9	0.01122	0.01242	0.02520	0.01817	0.02250	0.03198	0.70471	0.06174	0.01127	0.01517	0.00912	0.01197	0.00687	0.00406	0.00556	0.00152	0.03278	0.00517	0.00242	0.00615
10	0.00552	0.00394	0.00526	0.00631	0.00657	0.00368	0.00421	0.00631	0.00868	0.01157	0.02498	0.83779	0.02997	0.01420	0.00578	0.00184	0.00263	0.01288	0.00421	0.00368
11	0.04525	0.00929	0.01072	0.05871	0.01290	0.05731	0.04478	0.06410	0.31536	0.12858	0.06589	0.02102	0.03241	0.00680	0.00480	0.00154	0.00427	0.10578	0.00423	0.00626
12	0.02043	0.01023	0.01904	0.01482	0.04185	0.01017	0.43706	0.02563	0.10950	0.05976	0.04259	0.06197	0.02748	0.00582	0.00579	0.00158	0.05580	0.04140	0.00311	0.00597
13	0.00557	0.00411	0.00513	0.00589	0.00639	0.00376	0.00398	0.00641	0.00894	0.01166	0.04380	0.62466	0.17623	0.06256	0.00672	0.00193	0.00266	0.01179	0.00414	0.00366
14	0.01103	0.01057	0.01805	0.08509	0.75669	0.01072	0.01381	0.01374	0.01023	0.01457	0.00849	0.01128	0.00710	0.00407	0.00449	0.00136	0.00543	0.00404	0.00223	0.00702
15	0.01146	0.01325	0.05930	0.04224	0.10151	0.08532	0.51978	0.05177	0.01112	0.01467	0.00879	0.01148	0.00674	0.00419	0.00539	0.00148	0.03824	0.00475	0.00236	0.00617
16	0.01036	0.03931	0.15480	0.06286	0.02307	0.01143	0.60121	0.01430	0.01037	0.01421	0.00885	0.01163	0.00661	0.00394	0.00506	0.00149	0.00731	0.00486	0.00220	0.00614
17	0.00582	0.00418	0.00536	0.00609	0.00654	0.00392	0.00417	0.00673	0.00900	0.01194	0.08802	0.56388	0.09037	0.11301	0.00783	0.00211	0.00287	0.06040	0.00409	0.00366
18	0.01140	0.65071	0.21028	0.00897	0.01351	0.01619	0.00987	0.01375	0.00929	0.01153	0.00673	0.00781	0.00580	0.00398	0.00324	0.00108	0.00528	0.00264	0.00193	0.00602
19	0.01122	0.01180	0.03824	0.05148	0.10905	0.01124	0.57614	0.03314	0.01077	0.05269	0.00936	0.01208	0.00704	0.00417	0.00553	0.00151	0.04079	0.00499	0.00247	0.00626
20	0.00930	0.08030	0.76225	0.01256	0.01906	0.01104	0.01612	0.01430	0.00954	0.01409	0.00800	0.00941	0.00575	0.00428	0.00421	0.00140	0.00657	0.00328	0.00192	0.00664
21	0.00559	0.00421	0.00520	0.00595	0.00663	0.00383	0.00420	0.00657	0.00927	0.01189	0.03090	0.55739	0.25324	0.01330	0.00569	0.00177	0.00264	0.06375	0.00420	0.00376
22	0.30115	0.01351	0.04565	0.00919	0.01207	0.23515	0.02307	0.13036	0.11396	0.01826	0.04147	0.01107	0.00856	0.00506	0.00390	0.00136	0.00520	0.01205	0.00321	0.00577
23	0.04032	0.00652	0.00671	0.00633	0.00767	0.07270	0.00471	0.04282	0.01185	0.03611	0.41494	0.12224	0.15089	0.04887	0.00598	0.00160	0.00304	0.00794	0.00437	0.00440
24	0.00636	0.00442	0.00498	0.00502	0.00533	0.00430	0.00304	0.00670	0.00746	0.00982	0.03715	0.07098	0.14004	0.62150	0.04008	0.00379	0.00411	0.00731	0.01455	0.00305
25	0.01068	0.01196	0.02518	0.01819	0.02240	0.01160	0.71091	0.01475	0.04819	0.01451	0.00941	0.01231	0.00715	0.00418	0.00589	0.00156	0.05741	0.00525	0.00238	0.00609
26	0.01171	0.52710	0.25925	0.00955	0.01416	0.06684	0.01047	0.01429	0.00963	0.03055	0.00716	0.00820	0.00592	0.00410	0.00344	0.00113	0.00559	0.00278	0.00204	0.00609
27	0.01723	0.01269	0.01360	0.01043	0.01405	0.01405	0.00861	0.79738	0.02131	0.02856	0.01088	0.01088	0.00771	0.00544	0.00453	0.00136	0.00499	0.00408	0.00453	0.00771
28	0.00624	0.00508	0.00572	0.00651	0.00701	0.05313	0.00444	0.00714	0.00921	0.01189	0.06232	0.70746	0.07046	0.01324	0.00564	0.00176	0.00292	0.01188	0.00413	0.00381
29	0.05233	0.01185	0.04322	0.03940	0.01923	0.03232	0.44526	0.06050	0.04904	0.04231	0.00920	0.01167	0.00707	0.00488	0.00668	0.00157	0.15015	0.00470	0.00260	0.00602
30	0.01239	0.01015	0.01191	0.04452	0.03029	0.01147	0.04528	0.13685	0.55100	0.05541	0.01599	0.01528	0.01187	0.00583	0.00481	0.00151	0.01915	0.00486	0.00433	0.00710
31	0.00552	0.00396	0.00524	0.00627	0.00656	0.00368	0.00419	0.00631	0.00872	0.01158	0.02551	0.81764	0.04978	0.01413	0.00577	0.00183	0.00262	0.01280	0.00421	0.00368
32	0.01047	0.00997	0.01687	0.07293	0.61591	0.01039	0.03109	0.01300	0.00974	0.01393	0.00874	0.01190	0.00746	0.00742	0.09050	0.00202	0.05473	0.00415	0.00223	0.00657
33	0.05834	0.02190	0.00690	0.00660	0.00816	0.06010	0.00518	0.03889	0.04850	0.01417	0.09172	0.12953	0.33385	0.01031	0.00522	0.00161	0.00333	0.14723	0.00405	0.00441
34	0.01796	0.00724	0.00948	0.00749	0.01055	0.00648	0.00611	0.02030	0.05002	0.64753	0.01740	0.01573	0.01141	0.00558	0.00433	0.00135	0.00356	0.00453	0.14582	0.00712
35	0.01033	0.01119	0.02314	0.05981	0.16296	0.01074	0.56454	0.01370	0.01041	0.01422	0.01007	0.06824	0.00846	0.00460	0.00518	0.00152	0.00682	0.00556	0.00240	0.00608
36	0.13386	0.01257	0.01180	0.00999	0.02909	0.18006	0.02748	0.24552	0.11750	0.14997	0.03066	0.01195	0.00911	0.00525	0.00426	0.00136	0.00509	0.00396	0.00393	0.00661
37	0.01093	0.01047	0.01787	0.11486	0.72769	0.01069	0.01376	0.01365	0.01018	0.01445	0.00847	0.01131	0.00705	0.00409	0.00449	0.00136	0.00545	0.00404	0.00222	0.00694
38	0.00652	0.00454	0.00574	0.00577	0.00605	0.00480	0.00377	0.00709	0.00688	0.00945	0.01386	0.04870	0.01513	0.54539	0.29200	0.00529	0.00695	0.00618	0.00268	0.00321
39	0.04357	0.01001	0.01721	0.01345	0.03624	0.02440	0.34491	0.06552	0.03411	0.14609	0.05461	0.03457	0.03511	0.00593	0.00566	0.00155	0.05589	0.06171	0.00342	0.00605
40	0.08277	0.10752	0.38854	0.01095	0.01571	0.07579	0.03490	0.09741	0.04885	0.04674	0.02381	0.03032	0.00778	0.00485	0.00415	0.00137	0.00576	0.00373	0.00269	0.00637
41	0.01726	0.01232	0.01333	0.01025	0.01385	0.01354	0.00846	0.73125	0.04039	0.07581	0.01149	0.01130	0.00807	0.00547	0.00454	0.00137	0.00488	0.00413	0.00460	0.00769
42	0.34570	0.01031	0.01229	0.02798	0.32147	0.06159	0.00907	0.04715	0.01001	0.05384	0.02831	0.02121	0.00757	0.00462	0.00406	0.00138	0.02100	0.00360	0.00280	0.00603
43	0.01101	0.07261	0.56797	0.01193	0.01754	0.01129	0.02446	0.11558	0.01844	0.06104	0.00902	0.01023	0.00651	0.01287	0.00477	0.00144	0.03050	0.00354	0.00250	0.00673
44	0.01373	0.00798	0.00871	0.00723	0.00963	0.02722	0.00578	0.21710	0.06609	0.20005	0.03319	0.01520	0.01126	0.00553	0.00400	0.00126	0.00349	0.00438	0.35203	0.00613
45	0.00571	0.00408	0.00546	0.00638	0.00676	0.00383	0.00440	0.00671	0.00917	0.01231	0.09839	0.71508	0.03093	0.01363	0.00577	0.00182	0.00268	0.05886	0.00428	0.00377
46	0.04740	0.21504	0.48315	0.01159	0.03928	0.01208	0.03283	0.01482	0.02969	0.06222	0.00851	0.00958	0.00633	0.00430	0.00396	0.00132	0.00586	0.00328	0.00227	0.00648
47	0.01231	0.01108	0.01659	0.07961	0.46683	0.04802	0.06083	0.09697	0.08102	0.05583	0.01003	0.01185	0.00785	0.00449	0.00453	0.00137	0.00540	0.00417	0.00285	0.01836
48	0.00595	0.00446	0.00506	0.00522	0.00602	0.00408	0.00357	0.00683	0.00921	0.01178	0.11634	0.15885	0.33583	0.26643	0.01089	0.00246	0.00304	0.03662	0.00384	0.00353
49	0.04090	0.03339	0.06294	0.01316	0.10625	0.09395	0.11825	0.08059	0.33610	0.01710	0.01296	0.01340	0.01976	0.00525	0.00478	0.00145	0.02522	0.00449	0.00342	0.00664
50	0.03286	0.04049	0.01053	0.00776	0.03390	0.00747	0.00606	0.06834	0.02936	0.07437	0.00912	0.01004	0.00721	0.00380	0.00356	0.00084	0.00363	0.00300	0.00304	0.64462
51	0.03524	0.24434	0.28463	0.01063	0.03154	0.10107	0.01088	0.09799	0.02918	0.10110	0.00904	0.00970	0.00676	0.00452	0.00392	0.00127	0.00568	0.00329	0.00273	0.00649
52	0.01126	0.00733	0.00855	0.00765	0.00941	0.02774	0.00598	0.15259	0.09139	0.11613	0.07438	0.04974	0.08149	0.00973	0.00795	0.19697	0.01381	0.09270	0.03015	0.00505
53	0.01121	0.02666	0.25062	0.01769	0.29959	0.14004	0.06092	0.01498	0.05834	0.01415	0.00956	0.04524	0.00793	0.00477	0.00444	0.00138	0.00607	0.00415	0.01578	0.00645

[dist]
# distance from previous block
# <min> <max>
1	3

[block]
# block no. 2 follows, 57 sequences, length 71
# corresponding to MSA columns:
# 171-180,194-250,252-255
name=unknown_C
#
# <colnr> <probs for GDERKNQSTAVLIFYWHMCP>
#	G	D	E	R	K	N	Q	S	T	A	V	L	I	F	Y	W	H	M	C	P
0	0.01230	0.01215	0.03078	0.16927	0.41174	0.11394	0.01216	0.13337	0.01198	0.01573	0.00853	0.01087	0.00682	0.00452	0.00471	0.00137	0.02676	0.00389	0.00255	0.00656
1	0.01086	0.09230	0.36417	0.01255	0.01754	0.05192	0.15639	0.06812	0.10146	0.01539	0.00946	0.01069	0.00708	0.00442	0.00435	0.00136	0.00610	0.00382	0.00254	0.05947
2	0.00564	0.00469	0.00495	0.00492	0.00638	0.00405	0.00370	0.00715	0.02563	0.01314	0.14300	0.05511	0.66997	0.01115	0.00536	0.00153	0.00234	0.02303	0.00432	0.00395
3	0.00567	0.00405	0.00543	0.00648	0.00681	0.00381	0.00446	0.00657	0.00882	0.01173	0.02489	0.77220	0.02965	0.01406	0.00582	0.00186	0.00276	0.07701	0.00420	0.00372
4	0.00641	0.00463	0.00606	0.00570	0.00677	0.00428	0.00428	0.00855	0.01283	0.01817	0.81009	0.03385	0.04276	0.00926	0.00534	0.00143	0.00214	0.00819	0.00499	0.00428
5	0.00940	0.00805	0.00940	0.00671	0.01074	0.00604	0.00537	0.01141	0.00940	0.01477	0.00805	0.00940	0.00671	0.00336	0.00336	0.00067	0.00336	0.00268	0.00268	0.86845
6	0.00552	0.00394	0.00526	0.00631	0.00657	0.00368	0.00421	0.00631	0.00868	0.01157	0.02498	0.83779	0.02997	0.01420	0.00578	0.00184	0.00263	0.01288	0.00421	0.00368
7	0.01143	0.00981	0.01033	0.00925	0.01184	0.01134	0.00721	0.04416	0.78396	0.01920	0.01825	0.01675	0.01367	0.00613	0.00461	0.00153	0.00362	0.00510	0.00461	0.00719
8	0.50628	0.01074	0.04110	0.00835	0.03220	0.02368	0.00687	0.25292	0.01230	0.05582	0.00833	0.00897	0.00613	0.00465	0.00353	0.00139	0.00422	0.00312	0.00339	0.00601
9	0.01723	0.01269	0.01360	0.01043	0.01405	0.01405	0.00861	0.79738	0.02131	0.02856	0.01088	0.01088	0.00771	0.00544	0.00453	0.00136	0.00499	0.00408	0.00453	0.00771
10	0.00696	0.00506	0.00685	0.00774	0.00880	0.00495	0.00662	0.00888	0.01040	0.01343	0.04732	0.08903	0.11768	0.01239	0.00611	0.00199	0.00382	0.63365	0.00420	0.00411
11	0.00648	0.00481	0.00705	0.00705	0.00778	0.00554	0.00538	0.00794	0.00721	0.01035	0.01235	0.01897	0.01183	0.11338	0.74409	0.00700	0.01138	0.00503	0.00246	0.00392
12	0.00636	0.00463	0.00598	0.00565	0.00674	0.00425	0.00423	0.00845	0.01270	0.01787	0.77188	0.03434	0.08115	0.00937	0.00535	0.00143	0.00215	0.00826	0.00495	0.00425
13	0.00997	0.00821	0.00948	0.00711	0.01079	0.00684	0.00566	0.03432	0.10884	0.03625	0.04878	0.01172	0.00950	0.00410	0.00367	0.00085	0.00338	0.00334	0.00316	0.67401
14	0.87276	0.00876	0.00666	0.00596	0.00876	0.01017	0.00491	0.01332	0.00771	0.02033	0.00631	0.00736	0.00491	0.00421	0.00280	0.00140	0.00351	0.00245	0.00280	0.00491
15	0.01041	0.00950	0.01458	0.23414	0.37268	0.01035	0.01145	0.04340	0.15771	0.01546	0.06585	0.01405	0.01059	0.00497	0.00458	0.00143	0.00498	0.00453	0.00289	0.00643
16	0.00561	0.00433	0.00513	0.00550	0.00642	0.00385	0.00391	0.00679	0.01009	0.01303	0.17443	0.37020	0.35004	0.01220	0.00553	0.00164	0.00240	0.01069	0.00435	0.00385
17	0.01305	0.02812	0.01131	0.01183	0.18579	0.00795	0.00768	0.06652	0.05037	0.27643	0.13617	0.02038	0.11902	0.00660	0.00495	0.00141	0.02379	0.00556	0.01668	0.00639
18	0.01263	0.69789	0.05749	0.00847	0.01230	0.10481	0.00828	0.03301	0.00991	0.01130	0.00657	0.00756	0.00586	0.00402	0.00314	0.00102	0.00529	0.00256	0.00204	0.00584
19	0.05963	0.00787	0.00887	0.00793	0.01011	0.00849	0.00619	0.04232	0.34988	0.14068	0.08979	0.11393	0.03177	0.00732	0.00493	0.00151	0.02585	0.01781	0.04750	0.01763
20	0.06138	0.26337	0.20601	0.01055	0.02462	0.26439	0.01015	0.06407	0.03263	0.01360	0.00759	0.00863	0.00611	0.00440	0.00376	0.00121	0.00622	0.00299	0.00234	0.00597
21	0.01477	0.03643	0.05449	0.04352	0.19865	0.52457	0.01043	0.03141	0.02146	0.01254	0.00764	0.00921	0.00628	0.00452	0.00419	0.00124	0.00719	0.00327	0.00234	0.00584
22	0.00638	0.00460	0.00584	0.00555	0.00650	0.00427	0.00403	0.00819	0.01188	0.01664	0.66738	0.03378	0.07730	0.11896	0.00768	0.00182	0.00244	0.00805	0.00465	0.00405
23	0.00570	0.00435	0.00526	0.00575	0.00662	0.00391	0.00415	0.00688	0.00993	0.01281	0.13607	0.39763	0.30861	0.01247	0.00560	0.00169	0.00255	0.06187	0.00431	0.00384
24	0.00569	0.00456	0.00509	0.00505	0.00635	0.00395	0.00375	0.00712	0.01098	0.01401	0.27860	0.09450	0.52243	0.01098	0.00538	0.00152	0.00227	0.00937	0.00445	0.00395
25	0.01204	0.82369	0.04290	0.00788	0.01182	0.01775	0.00797	0.01359	0.00922	0.01075	0.00634	0.00732	0.00581	0.00389	0.00294	0.00098	0.00489	0.00245	0.00194	0.00584
26	0.00570	0.00460	0.00506	0.00495	0.00633	0.00397	0.00371	0.00717	0.01114	0.01416	0.29305	0.04045	0.56230	0.01076	0.00535	0.00150	0.00224	0.00912	0.00446	0.00397
27	0.87276	0.00876	0.00666	0.00596	0.00876	0.01017	0.00491	0.01332	0.00771	0.02033	0.00631	0.00736	0.00491	0.00421	0.00280	0.00140	0.00351	0.00245	0.00280	0.00491
28	0.01127	0.00973	0.01025	0.00922	0.01178	0.01127	0.00717	0.02408	0.80430	0.01896	0.01844	0.01691	0.01383	0.00615	0.00461	0.00154	0.00359	0.00512	0.00461	0.00717
29	0.74761	0.00866	0.00766	0.12527	0.01201	0.01015	0.00602	0.01307	0.00791	0.01906	0.00656	0.00804	0.00507	0.00425	0.00305	0.00142	0.00387	0.00268	0.00269	0.00493
30	0.00648	0.00483	0.00715	0.00715	0.00792	0.00559	0.00550	0.00801	0.00724	0.01042	0.01226	0.01847	0.01162	0.07917	0.77800	0.00712	0.01170	0.00495	0.00245	0.00397
31	0.00643	0.00477	0.00701	0.00707	0.00779	0.00546	0.00538	0.00789	0.00731	0.01046	0.01300	0.06455	0.01273	0.08885	0.72154	0.00678	0.01107	0.00542	0.00255	0.00394
32	0.01131	0.00590	0.00748	0.00648	0.00854	0.00529	0.00507	0.01348	0.04404	0.30100	0.30376	0.06271	0.18931	0.00850	0.00506	0.00146	0.00286	0.00726	0.00500	0.00550
33	0.02709	0.01802	0.38798	0.01595	0.11493	0.09073	0.22000	0.03323	0.01057	0.02664	0.00852	0.01040	0.00633	0.00423	0.00456	0.00142	0.00679	0.00393	0.00223	0.00646
34	0.01085	0.01047	0.01661	0.02342	0.60688	0.05206	0.04403	0.01340	0.01048	0.01439	0.01102	0.01767	0.01021	0.00546	0.00479	0.00147	0.00542	0.13226	0.00257	0.00654
35	0.03810	0.39411	0.01735	0.02009	0.02924	0.23703	0.00800	0.05771	0.05552	0.05282	0.00823	0.00908	0.00679	0.00504	0.02110	0.00125	0.00576	0.00302	0.00258	0.02717
36	0.00640	0.00522	0.00572	0.02117	0.00737	0.01805	0.00431	0.04650	0.01083	0.01359	0.12505	0.20920	0.46951	0.01128	0.00539	0.00158	0.00269	0.02780	0.00424	0.00409
37	0.05444	0.22392	0.29821	0.01138	0.07019	0.05547	0.03755	0.01465	0.01866	0.07657	0.02201	0.00995	0.00709	0.00430	0.00388	0.00123	0.00548	0.00330	0.00246	0.07928
38	0.24393	0.22083	0.07182	0.00898	0.01271	0.01303	0.04711	0.23517	0.01261	0.08201	0.00878	0.00936	0.00658	0.00457	0.00369	0.00129	0.00472	0.00328	0.00321	0.00633
39	0.11400	0.00857	0.01055	0.00818	0.01163	0.00814	0.00676	0.13612	0.01363	0.61106	0.01556	0.01386	0.01000	0.00543	0.00436	0.00140	0.00398	0.00425	0.00514	0.00740
40	0.01089	0.01042	0.01749	0.07515	0.68897	0.01058	0.02797	0.01409	0.04985	0.01474	0.00997	0.01241	0.02830	0.00436	0.00453	0.00137	0.00530	0.00426	0.00240	0.00694
41	0.01210	0.71649	0.10019	0.00848	0.01254	0.06356	0.00868	0.01391	0.00945	0.01104	0.00652	0.00754	0.00581	0.00396	0.00311	0.00103	0.00522	0.00254	0.00196	0.00587
42	0.00648	0.00483	0.00716	0.00716	0.00793	0.00560	0.00551	0.00801	0.00725	0.01043	0.01225	0.01842	0.01160	0.07591	0.78124	0.00713	0.01173	0.00495	0.00244	0.00398
43	0.00659	0.00439	0.00494	0.00494	0.00494	0.00439	0.00275	0.00659	0.00659	0.00879	0.01428	0.02965	0.01647	0.84075	0.02306	0.00439	0.00439	0.00659	0.00275	0.00275
44	0.01114	0.11047	0.01840	0.02200	0.54226	0.02323	0.07840	0.01393	0.02910	0.02607	0.04911	0.01333	0.00954	0.00460	0.00446	0.00135	0.00529	0.02814	0.00251	0.00667
45	0.02750	0.00807	0.01344	0.81180	0.03072	0.01007	0.01242	0.01162	0.00903	0.01177	0.00802	0.01198	0.00602	0.00452	0.00449	0.00151	0.00598	0.00399	0.00203	0.00503
46	0.00998	0.00951	0.01616	0.40019	0.44976	0.01044	0.01329	0.01283	0.00973	0.01331	0.00831	0.01162	0.00665	0.00427	0.00451	0.00142	0.00569	0.00403	0.00214	0.00618
47	0.00632	0.00479	0.00584	0.00555	0.00678	0.00440	0.00417	0.00857	0.03844	0.01676	0.59913	0.03565	0.22743	0.00970	0.00532	0.00145	0.00222	0.00842	0.00479	0.00426
48	0.01276	0.18311	0.23361	0.01269	0.12081	0.04752	0.05062	0.01644	0.06973	0.17379	0.02960	0.01168	0.00858	0.00469	0.00419	0.00132	0.00535	0.00382	0.00301	0.00667
49	0.00653	0.00463	0.00612	0.00612	0.00653	0.00504	0.00422	0.00735	0.00694	0.00966	0.01320	0.02366	0.01387	0.43307	0.42719	0.00585	0.00831	0.00571	0.00258	0.00340
50	0.00633	0.00461	0.00596	0.00567	0.00673	0.00423	0.00423	0.00838	0.01257	0.01766	0.74658	0.06164	0.07934	0.00954	0.00536	0.00144	0.00216	0.00842	0.00492	0.00423
51	0.01115	0.00996	0.01302	0.01079	0.01366	0.01098	0.15194	0.04065	0.59462	0.01826	0.01635	0.01590	0.01228	0.00565	0.00466	0.00150	0.00428	0.00509	0.05242	0.00683
52	0.08020	0.02028	0.62221	0.01420	0.09682	0.01058	0.06496	0.01423	0.00956	0.01490	0.00809	0.00972	0.00589	0.00424	0.00427	0.00143	0.00637	0.00347	0.00204	0.00656
53	0.01086	0.01247	0.02637	0.01890	0.02343	0.03285	0.77526	0.01461	0.01075	0.01442	0.00911	0.01212	0.00685	0.00384	0.00531	0.00152	0.00765	0.00528	0.00229	0.00609
54	0.00720	0.00581	0.00679	0.00746	0.00865	0.04555	0.00624	0.00894	0.01044	0.01300	0.02873	0.08743	0.22358	0.01195	0.00590	0.00189	0.00382	0.50843	0.00409	0.00411
55	0.07317	0.06774	0.68499	0.01210	0.01820	0.01081	0.02552	0.01413	0.00944	0.01457	0.00825	0.01020	0.00613	0.00444	0.00417	0.00142	0.00632	0.01991	0.00203	0.00645
56	0.01187	0.01087	0.01781	0.02630	0.74741	0.03109	0.01337	0.01447	0.01053	0.05956	0.00901	0.01137	0.00737	0.00414	0.00448	0.00134	0.00537	0.00404	0.00243	0.00716
57	0.00536	0.00457	0.00461	0.00464	0.00613	0.00382	0.00346	0.00650	0.01028	0.01222	0.04534	0.06518	0.78944	0.01155	0.00537	0.00154	0.00230	0.00965	0.00421	0.00382
58	0.01085	0.01499	0.18573	0.01749	0.04162	0.05673	0.56077	0.02852	0.01077	0.01455	0.00885	0.01141	0.00661	0.00400	0.00503	0.00148	0.00738	0.00475	0.00226	0.00624
59	0.03434	0.00924	0.03566	0.01327	0.11909	0.03807	0.21562	0.01340	0.01088	0.13784	0.12808	0.07581	0.03858	0.00781	0.04202	0.00177	0.02092	0.04838	0.00348	0.00573
60	0.00578	0.00438	0.00538	0.00592	0.00678	0.00398	0.00433	0.00701	0.00993	0.01284	0.12983	0.39269	0.28094	0.01252	0.00565	0.00172	0.00264	0.09955	0.00430	0.00386
61	0.62414	0.00912	0.00937	0.00781	0.01068	0.01023	0.07220	0.05301	0.00910	0.08379	0.00817	0.00991	0.00635	0.00475	0.00391	0.00146	0.04337	0.02420	0.00307	0.00536
62	0.00673	0.00544	0.00747	0.02300	0.04842	0.00516	0.04543	0.00839	0.02939	0.02692	0.06969	0.31510	0.28832	0.02686	0.00597	0.00172	0.01716	0.06058	0.00398	0.00428
63	0.00939	0.04669	0.68915	0.01357	0.01991	0.01087	0.11918	0.01435	0.00970	0.01426	0.00821	0.00985	0.00589	0.00423	0.00440	0.00143	0.00677	0.00358	0.00196	0.00659
64	0.01106	0.01061	0.01811	0.07501	0.76651	0.01073	0.01383	0.01377	0.01024	0.01461	0.00850	0.01127	0.00711	0.00407	0.00449	0.00136	0.00542	0.00404	0.00223	0.00705
65	0.01567	0.01162	0.01322	0.01036	0.01373	0.01273	0.04737	0.56898	0.14249	0.06171	0.01271	0.03260	0.00940	0.00569	0.00459	0.00140	0.00474	0.00455	0.01904	0.00739
66	0.01126	0.01049	0.01692	0.21775	0.52137	0.04550	0.04244	0.01396	0.01027	0.05380	0.00884	0.01154	0.00704	0.00425	0.00452	0.00139	0.00567	0.00406	0.00236	0.00657
67	0.00610	0.00460	0.00529	0.00540	0.00649	0.00413	0.00397	0.00732	0.01015	0.02353	0.17134	0.12312	0.40840	0.12068	0.00780	0.00197	0.00277	0.07896	0.00417	0.00383
68	0.00833	0.00759	0.01248	0.61123	0.07929	0.00914	0.01114	0.01093	0.00902	0.01189	0.01051	0.12151	0.00952	0.00641	0.01960	0.00165	0.02596	0.00522	0.02364	0.00496
69	0.01221	0.44384	0.21011	0.01061	0.03427	0.10863	0.04949	0.04623	0.01037	0.02621	0.00740	0.00855	0.00605	0.00416	0.00363	0.00116	0.00581	0.00299	0.00217	0.00612
70	0.01852	0.00787	0.01032	0.00809	0.01135	0.00718	0.00662	0.05810	0.07104	0.66260	0.07476	0.01664	0.01352	0.00590	0.00462	0.00141	0.00377	0.00484	0.00544	0.00742

[dist]
# distance from previous block
# <min> <max>
0	1

[block]
# block no. 3 follows, 57 sequences, length 13
# corresponding to MSA columns:
# 260-272
name=unknown_D
#
# <colnr> <probs for GDERKNQSTAVLIFYWHMCP>
#	G	D	E	R	K	N	Q	S	T	A	V	L	I	F	Y	W	H	M	C	P
0	0.00893	0.00641	0.00718	0.04595	0.00922	0.06691	0.00569	0.01080	0.01107	0.08470	0.21837	0.04868	0.09845	0.03467	0.00562	0.00163	0.00353	0.20067	0.12698	0.00455
1	0.10530	0.30357	0.25567	0.01032	0.03801	0.01289	0.03510	0.07735	0.01044	0.04611	0.00896	0.01167	0.00744	0.00479	0.00385	0.00130	0.00528	0.05326	0.00254	0.00615
2	0.00703	0.00492	0.00616	0.00596	0.00722	0.00454	0.00456	0.00916	0.03391	0.05472	0.48283	0.09247	0.18477	0.01004	0.00540	0.00153	0.00250	0.07317	0.00474	0.00439
3	0.00663	0.00479	0.00596	0.00644	0.00758	0.00441	0.00511	0.00812	0.01026	0.03951	0.07705	0.20460	0.30611	0.01207	0.00573	0.00178	0.00307	0.28243	0.00429	0.00407
4	0.11272	0.05680	0.57939	0.01250	0.04965	0.01078	0.04735	0.01461	0.02888	0.03512	0.00839	0.00971	0.00608	0.00432	0.00413	0.00141	0.00607	0.00339	0.00221	0.00648
5	0.00904	0.00605	0.00819	0.02438	0.05781	0.00590	0.00701	0.04676	0.01105	0.10190	0.02484	0.09151	0.14023	0.01073	0.00569	0.00182	0.00390	0.43417	0.00420	0.00484
6	0.01103	0.01070	0.01865	0.07387	0.71685	0.01077	0.06364	0.01381	0.01027	0.01460	0.00854	0.01133	0.00709	0.00405	0.00454	0.00137	0.00557	0.00412	0.00223	0.00699
7	0.04139	0.00523	0.00717	0.00692	0.00818	0.00487	0.07011	0.00814	0.00973	0.02675	0.08378	0.34153	0.23737	0.03197	0.00583	0.00173	0.00312	0.06640	0.03566	0.00411
8	0.01105	0.02832	0.03984	0.01676	0.09048	0.04059	0.49137	0.01435	0.02786	0.06682	0.01144	0.09199	0.00978	0.00526	0.00529	0.00152	0.01958	0.01891	0.00275	0.00603
9	0.05297	0.02734	0.01513	0.01189	0.04404	0.07388	0.21098	0.07616	0.02365	0.27784	0.03658	0.01529	0.01045	0.00529	0.00466	0.00140	0.00526	0.04922	0.00381	0.05415
10	0.01145	0.01131	0.07467	0.01409	0.01764	0.03950	0.40675	0.03390	0.03241	0.11631	0.01241	0.07697	0.01056	0.04541	0.00638	0.00169	0.03833	0.04125	0.00305	0.00592
11	0.02185	0.00966	0.07743	0.03598	0.03260	0.05765	0.10823	0.05476	0.03484	0.16688	0.05586	0.08821	0.08363	0.00780	0.00541	0.02617	0.00472	0.11889	0.00379	0.00562
12	0.05687	0.03430	0.05785	0.03221	0.13808	0.06102	0.26862	0.04717	0.02779	0.13796	0.01009	0.01181	0.00753	0.00505	0.00551	0.04617	0.02334	0.00431	0.00291	0.02139

[dist]
# distance from previous block
# <min> <max>
0	122

# created by:
# /st0/software/busco_prod/Augustus/scripts/msa2prfl.pl ./align_prep/136147.fa
