[name]
unknown

[dist]
# distance from previous block
# <min> <max>
0	0

[block]
# block no. 0 follows, 44 sequences, length 129
# corresponding to MSA columns:
# 2-130
name=unknown_A
#
# <colnr> <probs for GDERKNQSTAVLIFYWHMCP>
#	G	D	E	R	K	N	Q	S	T	A	V	L	I	F	Y	W	H	M	C	P
0	0.00879	0.00628	0.00879	0.01004	0.01130	0.00628	0.00879	0.01130	0.01255	0.01632	0.02887	0.06150	0.03138	0.01506	0.00753	0.00251	0.00502	0.73770	0.00502	0.00502
1	0.84691	0.01054	0.00801	0.00717	0.01054	0.01223	0.00590	0.01603	0.00928	0.02446	0.00759	0.00886	0.00590	0.00506	0.00337	0.00169	0.00422	0.00295	0.00337	0.00590
2	0.00772	0.00557	0.00729	0.00686	0.00814	0.00514	0.00514	0.01029	0.01543	0.02186	0.77152	0.04072	0.05144	0.01115	0.00643	0.00171	0.00257	0.00986	0.00600	0.00514
3	0.01190	0.01057	0.01224	0.01114	0.01298	0.03212	0.00877	0.02044	0.39253	0.01815	0.01784	0.07504	0.01520	0.01380	0.13183	0.00306	0.17972	0.00639	0.01924	0.00703
4	0.84691	0.01054	0.00801	0.00717	0.01054	0.01223	0.00590	0.01603	0.00928	0.02446	0.00759	0.00886	0.00590	0.00506	0.00337	0.00169	0.00422	0.00295	0.00337	0.00590
5	0.00664	0.00474	0.00633	0.00759	0.00791	0.00443	0.00506	0.00759	0.01044	0.01392	0.03005	0.80485	0.03606	0.01708	0.00696	0.00221	0.00316	0.01550	0.00506	0.00443
6	0.00947	0.00473	0.00710	0.00710	0.00710	0.00473	0.00473	0.00710	0.00710	0.00947	0.00947	0.01657	0.00947	0.01894	0.02131	0.84138	0.00473	0.00473	0.00237	0.00237
7	0.01207	0.01150	0.01955	0.37346	0.44555	0.01258	0.01602	0.01548	0.01174	0.01608	0.01000	0.01396	0.00803	0.00512	0.00542	0.00171	0.00683	0.00485	0.00258	0.00748
8	0.00664	0.00474	0.00633	0.00759	0.00791	0.00443	0.00506	0.00759	0.01044	0.01392	0.03005	0.80485	0.03606	0.01708	0.00696	0.00221	0.00316	0.01550	0.00506	0.00443
9	0.00664	0.00518	0.00604	0.00656	0.00767	0.00457	0.00464	0.00794	0.01180	0.01499	0.10650	0.38734	0.38064	0.01504	0.00667	0.00200	0.00292	0.01314	0.00514	0.00457
10	0.01238	0.28592	0.51356	0.01342	0.02027	0.01570	0.01634	0.03539	0.01172	0.01623	0.00914	0.01064	0.00699	0.00504	0.00463	0.00154	0.00727	0.00368	0.00239	0.00774
11	0.01630	0.01024	0.01383	0.01109	0.05136	0.00881	0.06163	0.05903	0.02669	0.26523	0.01436	0.01461	0.01031	0.00528	0.00484	0.00129	0.00478	0.00448	0.03667	0.37919
12	0.01791	0.01139	0.01265	0.01031	0.01379	0.01220	0.00832	0.29787	0.20268	0.18325	0.01788	0.01725	0.01277	0.00676	0.00520	0.00164	0.00471	0.00537	0.14965	0.00839
13	0.84691	0.01054	0.00801	0.00717	0.01054	0.01223	0.00590	0.01603	0.00928	0.02446	0.00759	0.00886	0.00590	0.00506	0.00337	0.00169	0.00422	0.00295	0.00337	0.00590
14	0.01404	0.01351	0.02221	0.03119	0.66976	0.03252	0.05871	0.05866	0.01326	0.01861	0.01041	0.01345	0.00861	0.00496	0.00545	0.00163	0.00669	0.00492	0.00286	0.00854
15	0.01152	0.01018	0.01364	0.00998	0.01468	0.00814	0.09211	0.02851	0.01183	0.01797	0.01101	0.01462	0.00946	0.00478	0.00454	0.00104	0.00472	0.04593	0.00332	0.68201
16	0.00772	0.00557	0.00729	0.00686	0.00814	0.00514	0.00514	0.01029	0.01543	0.02186	0.77152	0.04072	0.05144	0.01115	0.00643	0.00171	0.00257	0.00986	0.00600	0.00514
17	0.01148	0.00957	0.01123	0.00808	0.01282	0.00723	0.00646	0.01390	0.01150	0.03321	0.02972	0.01222	0.00931	0.00428	0.00413	0.00085	0.00401	0.00345	0.00337	0.80321
18	0.00702	0.00509	0.00663	0.00721	0.00796	0.00470	0.00504	0.00858	0.01237	0.01685	0.30097	0.48462	0.08322	0.01474	0.00674	0.00201	0.00293	0.01322	0.00540	0.00470
19	0.01134	0.11498	0.69691	0.01485	0.02253	0.01365	0.01894	0.01716	0.01146	0.01677	0.00954	0.01120	0.00692	0.00512	0.00499	0.00166	0.00781	0.00391	0.00231	0.00794
20	0.01458	0.01222	0.01258	0.01104	0.01419	0.03364	0.00865	0.13370	0.59416	0.02410	0.02025	0.01901	0.01517	0.00717	0.00542	0.00177	0.00460	0.00585	0.05344	0.00846
21	0.00664	0.00474	0.00633	0.00759	0.00791	0.00443	0.00506	0.00759	0.01044	0.01392	0.03005	0.80485	0.03606	0.01708	0.00696	0.00221	0.00316	0.01550	0.00506	0.00443
22	0.01182	0.04918	0.71479	0.01503	0.02277	0.01264	0.01914	0.01777	0.01173	0.06096	0.01040	0.01184	0.00729	0.00526	0.00515	0.00171	0.00780	0.00408	0.00256	0.00810
23	0.53702	0.01633	0.01080	0.00975	0.01291	0.30253	0.00764	0.01818	0.01159	0.02029	0.00790	0.00922	0.00632	0.00527	0.00395	0.00158	0.00632	0.00316	0.00316	0.00606
24	0.01349	0.01295	0.02213	0.03346	0.77440	0.01295	0.01673	0.01673	0.01241	0.01781	0.01025	0.01349	0.00864	0.00486	0.00540	0.00162	0.00648	0.00486	0.00270	0.00864
25	0.00766	0.00580	0.00709	0.00672	0.00820	0.00535	0.00506	0.01046	0.04351	0.02031	0.58369	0.04255	0.21017	0.01159	0.00640	0.00175	0.00268	0.01008	0.00578	0.00516
26	0.00664	0.00474	0.00633	0.00759	0.00791	0.00443	0.00506	0.00759	0.01044	0.01392	0.03005	0.80485	0.03606	0.01708	0.00696	0.00221	0.00316	0.01550	0.00506	0.00443
27	0.04498	0.00931	0.01254	0.00964	0.01383	0.00812	0.00796	0.02631	0.01545	0.75937	0.02116	0.01831	0.01331	0.00671	0.00543	0.00169	0.00463	0.00542	0.00666	0.00919
28	0.00719	0.00555	0.00656	0.00631	0.00782	0.00492	0.00473	0.00928	0.01420	0.01893	0.47755	0.04554	0.34724	0.01224	0.00644	0.00177	0.00265	0.01054	0.00562	0.00492
29	0.01458	0.81168	0.02857	0.00933	0.01399	0.02157	0.00933	0.01632	0.01108	0.01283	0.00758	0.00875	0.00700	0.00466	0.00350	0.00117	0.00583	0.00292	0.00233	0.00700
30	0.00684	0.00554	0.00607	0.00594	0.00761	0.00477	0.00445	0.00859	0.01336	0.01695	0.27834	0.04881	0.54769	0.01298	0.00644	0.00180	0.00270	0.01099	0.00536	0.00477
31	0.02072	0.01527	0.01636	0.01254	0.01691	0.01691	0.01036	0.75622	0.02563	0.03436	0.01309	0.01309	0.00927	0.00654	0.00545	0.00164	0.00600	0.00491	0.00545	0.00927
32	0.00644	0.00552	0.00552	0.00552	0.00736	0.00460	0.00414	0.00782	0.01243	0.01473	0.05523	0.05247	0.77218	0.01381	0.00644	0.00184	0.00276	0.01151	0.00506	0.00460
33	0.00947	0.00473	0.00710	0.00710	0.00710	0.00473	0.00473	0.00710	0.00710	0.00947	0.00947	0.01657	0.00947	0.01894	0.02131	0.84138	0.00473	0.00473	0.00237	0.00237
34	0.00662	0.00505	0.00609	0.00691	0.00778	0.00453	0.00481	0.00775	0.01119	0.01425	0.03894	0.52319	0.29666	0.01588	0.00679	0.00209	0.00306	0.02885	0.00506	0.00450
35	0.01144	0.01121	0.01577	0.01366	0.01378	0.01554	0.01133	0.01272	0.00840	0.01307	0.00803	0.01304	0.00792	0.01322	0.10817	0.00313	0.70639	0.00490	0.00245	0.00584
36	0.01287	0.01471	0.03217	0.02298	0.02849	0.01379	0.75460	0.01746	0.01287	0.01746	0.01103	0.01471	0.00827	0.00460	0.00643	0.00184	0.00919	0.00643	0.00276	0.00735
37	0.00962	0.00606	0.00805	0.00771	0.00928	0.00561	0.00606	0.01204	0.01470	0.10097	0.52051	0.07152	0.05745	0.01164	0.00654	0.00187	0.00324	0.13575	0.00586	0.00552
38	0.00740	0.00552	0.00694	0.00715	0.00830	0.00512	0.00528	0.00960	0.03043	0.01806	0.37348	0.26038	0.16594	0.01346	0.00664	0.00193	0.00298	0.06098	0.00550	0.00492
39	0.01325	0.01365	0.02609	0.02932	0.47994	0.01328	0.30802	0.01702	0.01259	0.01767	0.01056	0.01397	0.00849	0.00475	0.00581	0.00171	0.00755	0.00548	0.00272	0.00813
40	0.84691	0.01054	0.00801	0.00717	0.01054	0.01223	0.00590	0.01603	0.00928	0.02446	0.00759	0.00886	0.00590	0.00506	0.00337	0.00169	0.00422	0.00295	0.00337	0.00590
41	0.00789	0.00570	0.00793	0.00800	0.00870	0.00633	0.00588	0.00929	0.00873	0.01225	0.01619	0.02797	0.01649	0.26771	0.51613	0.00737	0.01128	0.04861	0.00316	0.00441
42	0.01281	0.01455	0.03128	0.02248	0.02768	0.01395	0.71182	0.01721	0.01261	0.01721	0.01081	0.01455	0.00821	0.00488	0.00709	0.00187	0.05464	0.00634	0.00274	0.00727
43	0.01473	0.79127	0.02823	0.00945	0.01407	0.04145	0.00936	0.01647	0.01119	0.01284	0.00760	0.00877	0.00700	0.00469	0.00353	0.00117	0.00593	0.00293	0.00234	0.00698
44	0.03367	0.01449	0.01577	0.26861	0.03993	0.17619	0.03091	0.16176	0.05883	0.12819	0.01250	0.01404	0.00906	0.00595	0.00533	0.00167	0.00699	0.00475	0.00392	0.00743
45	0.04389	0.01119	0.01691	0.15603	0.34157	0.03289	0.01299	0.01436	0.01073	0.01539	0.01054	0.01613	0.00957	0.09959	0.05491	0.00261	0.13610	0.00514	0.00271	0.00676
46	0.84691	0.01054	0.00801	0.00717	0.01054	0.01223	0.00590	0.01603	0.00928	0.02446	0.00759	0.00886	0.00590	0.00506	0.00337	0.00169	0.00422	0.00295	0.00337	0.00590
47	0.10716	0.01477	0.01372	0.01124	0.01487	0.19165	0.00902	0.19768	0.02964	0.29325	0.02921	0.01447	0.01079	0.00645	0.00554	0.00163	0.03118	0.00470	0.00500	0.00804
48	0.01488	0.00992	0.01195	0.00926	0.01328	0.00887	0.00746	0.06787	0.08267	0.19204	0.03619	0.03814	0.01264	0.00614	0.00536	0.00132	0.03490	0.01978	0.00453	0.42282
49	0.00824	0.00667	0.00980	0.05674	0.14341	0.00650	0.00763	0.01009	0.01190	0.01620	0.17213	0.42793	0.07577	0.01293	0.00647	0.00197	0.00384	0.01170	0.00468	0.00541
50	0.01465	0.01131	0.01285	0.00956	0.01415	0.06943	0.03602	0.04445	0.01295	0.14637	0.01176	0.01261	0.00896	0.00473	0.00450	0.00107	0.00487	0.00382	0.00386	0.57207
51	0.02001	0.02405	0.01513	0.01365	0.01641	0.69793	0.01032	0.02146	0.01507	0.05736	0.00932	0.01072	0.00759	0.00679	0.02745	0.00166	0.03188	0.00373	0.00303	0.00644
52	0.02446	0.00928	0.01265	0.00970	0.01392	0.00801	0.00801	0.02657	0.01560	0.77817	0.02151	0.01856	0.01350	0.00675	0.00548	0.00169	0.00464	0.00548	0.00675	0.00928
53	0.01193	0.01193	0.01670	0.01431	0.01431	0.01670	0.01193	0.01312	0.00835	0.01312	0.00716	0.01193	0.00716	0.00954	0.01789	0.00239	0.79843	0.00477	0.00239	0.00596
54	0.00667	0.00486	0.00629	0.00736	0.00787	0.00448	0.00498	0.00774	0.01086	0.01436	0.06614	0.69782	0.10752	0.01650	0.00688	0.00216	0.00310	0.01486	0.00510	0.00448
55	0.00684	0.00518	0.00637	0.00722	0.00814	0.00471	0.00522	0.00811	0.01133	0.01447	0.03798	0.47343	0.27155	0.01579	0.00686	0.00213	0.00326	0.10179	0.00506	0.00456
56	0.77194	0.01007	0.00782	0.00709	0.01028	0.01154	0.00578	0.01529	0.00950	0.02357	0.01104	0.03653	0.05099	0.00594	0.00366	0.00171	0.00410	0.00384	0.00352	0.00578
57	0.00664	0.00474	0.00633	0.00759	0.00791	0.00443	0.00506	0.00759	0.01044	0.01392	0.03005	0.80485	0.03606	0.01708	0.00696	0.00221	0.00316	0.01550	0.00506	0.00443
58	0.00784	0.00530	0.00619	0.00627	0.00636	0.00536	0.00368	0.00805	0.00814	0.01093	0.01771	0.07884	0.02026	0.70170	0.08701	0.00539	0.00591	0.00820	0.00337	0.00349
59	0.01350	0.01459	0.01791	0.03962	0.01725	0.16243	0.11766	0.01624	0.05780	0.01473	0.03774	0.01377	0.00965	0.00841	0.02524	0.00215	0.41701	0.00507	0.00286	0.00635
60	0.01030	0.00969	0.01635	0.79530	0.03755	0.01211	0.01514	0.01393	0.01090	0.01393	0.00969	0.01453	0.00727	0.00545	0.00545	0.00182	0.00727	0.00484	0.00242	0.00606
61	0.00658	0.00516	0.00596	0.00654	0.00764	0.00454	0.00461	0.00779	0.01158	0.01456	0.06477	0.40786	0.40255	0.01527	0.00669	0.00201	0.00295	0.01334	0.00509	0.00454
62	0.01016	0.00508	0.00508	0.00508	0.00635	0.00508	0.00381	0.01270	0.01143	0.02033	0.01778	0.02033	0.01397	0.00635	0.00381	0.00127	0.00254	0.00508	0.83867	0.00508
63	0.01349	0.01295	0.02213	0.03346	0.77440	0.01295	0.01673	0.01673	0.01241	0.01781	0.01025	0.01349	0.00864	0.00486	0.00540	0.00162	0.00648	0.00486	0.00270	0.00864
64	0.00664	0.00474	0.00633	0.00759	0.00791	0.00443	0.00506	0.00759	0.01044	0.01392	0.03005	0.80485	0.03606	0.01708	0.00696	0.00221	0.00316	0.01550	0.00506	0.00443
65	0.00701	0.00501	0.00675	0.00801	0.00849	0.00475	0.00570	0.00823	0.01080	0.01433	0.02984	0.67667	0.03525	0.01673	0.00706	0.00227	0.00348	0.14003	0.00505	0.00453
66	0.00794	0.00594	0.00855	0.00847	0.00925	0.00687	0.00640	0.00954	0.00861	0.01233	0.01479	0.02347	0.01445	0.16655	0.63723	0.00799	0.03785	0.00615	0.00297	0.00464
67	0.00783	0.00568	0.00793	0.00793	0.00861	0.00636	0.00577	0.00920	0.00851	0.01204	0.01537	0.02565	0.01547	0.26877	0.56143	0.00773	0.01184	0.00646	0.00303	0.00440
68	0.01177	0.01119	0.01901	0.44499	0.37637	0.01250	0.01587	0.01522	0.01160	0.01571	0.00995	0.01406	0.00790	0.00518	0.00543	0.00173	0.00690	0.00485	0.00255	0.00724
69	0.00666	0.00553	0.00583	0.00575	0.00750	0.00470	0.00432	0.00825	0.01295	0.01596	0.17938	0.05043	0.64726	0.01335	0.00644	0.00182	0.00273	0.01122	0.00523	0.00470
70	0.01305	0.01250	0.02132	0.13981	0.67154	0.01284	0.01651	0.01634	0.01220	0.01727	0.01018	0.01364	0.00844	0.00494	0.00540	0.00165	0.00659	0.00486	0.00266	0.00828
71	0.01130	0.00969	0.01130	0.00807	0.01292	0.00727	0.00646	0.01373	0.01130	0.01776	0.00969	0.01130	0.00807	0.00404	0.00404	0.00081	0.00404	0.00323	0.00323	0.84173
72	0.00754	0.00557	0.00704	0.00667	0.00803	0.00507	0.00500	0.00994	0.01501	0.02085	0.67024	0.04238	0.15335	0.01152	0.00643	0.00173	0.00260	0.01009	0.00587	0.00507
73	0.00793	0.00529	0.00595	0.00595	0.00595	0.00529	0.00330	0.00793	0.00793	0.01057	0.01718	0.03568	0.01982	0.80840	0.02775	0.00529	0.00529	0.00793	0.00330	0.00330
74	0.00761	0.00557	0.00715	0.00675	0.00808	0.00510	0.00506	0.01009	0.01519	0.02129	0.71432	0.04166	0.10900	0.01136	0.00643	0.00172	0.00259	0.00999	0.00593	0.00510
75	0.00793	0.00529	0.00595	0.00595	0.00595	0.00529	0.00330	0.00793	0.00793	0.01057	0.01718	0.03568	0.01982	0.80840	0.02775	0.00529	0.00529	0.00793	0.00330	0.00330
76	0.01458	0.81168	0.02857	0.00933	0.01399	0.02157	0.00933	0.01632	0.01108	0.01283	0.00758	0.00875	0.00700	0.00466	0.00350	0.00117	0.00583	0.00292	0.00233	0.00700
77	0.84691	0.01054	0.00801	0.00717	0.01054	0.01223	0.00590	0.01603	0.00928	0.02446	0.00759	0.00886	0.00590	0.00506	0.00337	0.00169	0.00422	0.00295	0.00337	0.00590
78	0.63806	0.00963	0.00827	0.00799	0.03943	0.01084	0.00608	0.01575	0.00999	0.05274	0.01034	0.03349	0.00832	0.00564	0.00370	0.00164	0.00405	0.00379	0.12427	0.00598
79	0.00935	0.00601	0.00774	0.00713	0.00855	0.00564	0.00528	0.01185	0.03152	0.08692	0.58015	0.03730	0.04265	0.10986	0.02429	0.00230	0.00337	0.00907	0.00566	0.00535
80	0.01126	0.00951	0.01107	0.00796	0.01267	0.00718	0.00636	0.01369	0.01131	0.01786	0.01000	0.01165	0.00830	0.00413	0.00403	0.00083	0.00398	0.00330	0.03543	0.80949
81	0.01091	0.10055	0.05875	0.01124	0.01402	0.00935	0.11591	0.01337	0.01210	0.07696	0.05140	0.20483	0.06604	0.01092	0.00655	0.00196	0.02547	0.17681	0.00430	0.02855
82	0.00664	0.00474	0.00633	0.00759	0.00791	0.00443	0.00506	0.00759	0.01044	0.01392	0.03005	0.80485	0.03606	0.01708	0.00696	0.00221	0.00316	0.01550	0.00506	0.00443
83	0.01349	0.01295	0.02213	0.03346	0.77440	0.01295	0.01673	0.01673	0.01241	0.01781	0.01025	0.01349	0.00864	0.00486	0.00540	0.00162	0.00648	0.00486	0.00270	0.00864
84	0.01250	0.01200	0.02009	0.23150	0.50801	0.01309	0.01585	0.01565	0.01163	0.01634	0.00981	0.01362	0.00813	0.00546	0.00661	0.00174	0.08281	0.00485	0.00260	0.00770
85	0.01574	0.19352	0.19583	0.01474	0.01972	0.25817	0.13617	0.07407	0.01394	0.01639	0.00934	0.01104	0.00737	0.00521	0.00496	0.00152	0.00817	0.00409	0.00278	0.00726
86	0.01356	0.01171	0.01233	0.01109	0.01418	0.01356	0.00863	0.02897	0.76455	0.02281	0.02219	0.02034	0.01664	0.00740	0.00555	0.00185	0.00431	0.00616	0.00555	0.00863
87	0.00664	0.00555	0.00581	0.00590	0.00764	0.00472	0.00448	0.00813	0.01252	0.01513	0.08599	0.07275	0.67650	0.01385	0.00652	0.00188	0.00289	0.05336	0.00510	0.00465
88	0.02345	0.00944	0.01298	0.06124	0.01553	0.00849	0.00853	0.04269	0.01553	0.71082	0.02054	0.01817	0.01299	0.00666	0.00548	0.00169	0.00484	0.00543	0.00643	0.00907
89	0.01459	0.01069	0.01523	0.15205	0.23099	0.02666	0.01145	0.10501	0.03986	0.15371	0.04582	0.12038	0.03433	0.00767	0.00569	0.00176	0.00555	0.00674	0.00429	0.00754
90	0.01030	0.00969	0.01635	0.79530	0.03755	0.01211	0.01514	0.01393	0.01090	0.01393	0.00969	0.01453	0.00727	0.00545	0.00545	0.00182	0.00727	0.00484	0.00242	0.00606
91	0.01295	0.01249	0.02162	0.33855	0.11287	0.05020	0.24302	0.01649	0.01206	0.06531	0.01073	0.01436	0.00812	0.00544	0.00643	0.00181	0.05241	0.00531	0.00286	0.00696
92	0.01396	0.12902	0.04514	0.04481	0.34180	0.05918	0.20244	0.04537	0.01284	0.01714	0.00996	0.01282	0.00811	0.00503	0.00571	0.00163	0.02962	0.00488	0.00275	0.00781
93	0.01403	0.01520	0.02617	0.01943	0.02397	0.10244	0.51408	0.09397	0.01419	0.01836	0.01238	0.07725	0.01043	0.00603	0.00647	0.00181	0.02678	0.00663	0.00322	0.00717
94	0.01282	0.01219	0.02034	0.19299	0.57507	0.01281	0.01593	0.01684	0.05541	0.01728	0.01082	0.01411	0.00881	0.00513	0.00542	0.00167	0.00652	0.00493	0.00280	0.00809
95	0.06781	0.01505	0.01530	0.01260	0.03640	0.09348	0.00997	0.47269	0.06648	0.11273	0.01354	0.01354	0.00969	0.00648	0.00564	0.00165	0.02848	0.00479	0.00505	0.00863
96	0.01176	0.01023	0.01589	0.02063	0.36868	0.02705	0.05365	0.01439	0.01279	0.06082	0.07087	0.06959	0.15867	0.00862	0.00599	0.00179	0.00534	0.07230	0.00393	0.00702
97	0.01606	0.00737	0.00991	0.00860	0.01117	0.00675	0.00671	0.01777	0.01287	0.40690	0.02473	0.15483	0.08970	0.05500	0.14213	0.00319	0.00597	0.00792	0.00547	0.00696
98	0.01655	0.04634	0.03738	0.01717	0.16034	0.18168	0.07676	0.14336	0.06094	0.08407	0.01345	0.03741	0.01114	0.00672	0.00602	0.00170	0.04006	0.04739	0.00387	0.00767
99	0.04436	0.01733	0.04445	0.01260	0.01618	0.22808	0.03232	0.36756	0.03403	0.02432	0.01363	0.05892	0.02966	0.00701	0.00565	0.00164	0.02659	0.00528	0.02272	0.00766
100	0.01266	0.02020	0.37532	0.02213	0.31887	0.03567	0.03251	0.03698	0.01252	0.03453	0.01205	0.01408	0.03720	0.00546	0.00535	0.00168	0.00718	0.00473	0.00277	0.00815
101	0.02345	0.01003	0.01303	0.01003	0.01418	0.00921	0.00827	0.13069	0.01704	0.65015	0.04153	0.01840	0.01396	0.00684	0.00551	0.00168	0.00478	0.00552	0.00654	0.00916
102	0.01370	0.24162	0.19633	0.01613	0.02172	0.03730	0.29565	0.03951	0.01258	0.04564	0.01051	0.02623	0.00829	0.00514	0.00523	0.00161	0.00763	0.00490	0.00281	0.00746
103	0.01203	0.01237	0.04325	0.37466	0.32140	0.02627	0.10027	0.01566	0.01181	0.01593	0.01004	0.01398	0.00790	0.00512	0.00552	0.00173	0.00725	0.00498	0.00257	0.00727
104	0.00843	0.00579	0.00732	0.00780	0.00918	0.00533	0.00613	0.01020	0.01241	0.06260	0.09826	0.24100	0.25225	0.01436	0.00685	0.00212	0.00366	0.23607	0.00523	0.00502
105	0.01259	0.01346	0.06635	0.22249	0.35559	0.01302	0.18323	0.03603	0.01244	0.01716	0.01034	0.01391	0.00812	0.00501	0.00563	0.00173	0.00737	0.00516	0.00269	0.00768
106	0.01626	0.01659	0.15250	0.12627	0.05005	0.13596	0.06606	0.05830	0.12795	0.17425	0.01412	0.01485	0.01009	0.00596	0.00541	0.00170	0.00688	0.00494	0.00401	0.00786
107	0.01088	0.23844	0.21471	0.03618	0.06000	0.01268	0.05904	0.01388	0.01118	0.01492	0.01556	0.25743	0.01618	0.00868	0.00536	0.00172	0.00587	0.00750	0.00322	0.00656
108	0.00663	0.00481	0.00626	0.00742	0.00786	0.00444	0.00499	0.00761	0.01060	0.01398	0.03209	0.74385	0.09574	0.01681	0.00692	0.00218	0.00313	0.01517	0.00506	0.00444
109	0.00888	0.00576	0.00691	0.00710	0.00856	0.00513	0.00513	0.01046	0.02850	0.10711	0.03888	0.39222	0.32638	0.01431	0.00654	0.00199	0.00321	0.01249	0.00528	0.00518
110	0.01404	0.01817	0.12411	0.01767	0.13292	0.26185	0.13960	0.01687	0.01282	0.01536	0.01285	0.14304	0.01227	0.00736	0.00627	0.00174	0.04690	0.00633	0.00306	0.00676
111	0.01838	0.01916	0.01401	0.01235	0.01528	0.43488	0.00945	0.17549	0.05098	0.05946	0.01483	0.09582	0.04140	0.00747	0.00536	0.00159	0.00752	0.00559	0.00403	0.00694
112	0.00670	0.00479	0.00639	0.00766	0.00800	0.00448	0.00516	0.00769	0.01049	0.01398	0.03002	0.78493	0.03593	0.01703	0.00697	0.00222	0.00321	0.03485	0.00506	0.00444
113	0.06635	0.00790	0.00933	0.00815	0.01092	0.00736	0.00651	0.07563	0.01431	0.27702	0.05176	0.09389	0.27381	0.01055	0.00597	0.00184	0.00395	0.06248	0.00558	0.00668
114	0.01340	0.01295	0.02238	0.05048	0.72892	0.01297	0.04501	0.01670	0.01240	0.01771	0.01027	0.01356	0.00859	0.00486	0.00544	0.00163	0.00660	0.00492	0.00269	0.00853
115	0.01157	0.01682	0.25464	0.08490	0.11357	0.01411	0.04364	0.01500	0.01045	0.01550	0.03289	0.01323	0.00871	0.00711	0.01052	0.00199	0.33104	0.00478	0.00253	0.00698
116	0.01502	0.01464	0.08313	0.08410	0.19111	0.02992	0.05601	0.21394	0.21227	0.02297	0.01404	0.01509	0.01058	0.00604	0.00549	0.00172	0.00622	0.00520	0.00411	0.00841
117	0.01559	0.00745	0.00983	0.00839	0.01105	0.00671	0.00662	0.01820	0.04050	0.37306	0.29054	0.09315	0.06183	0.00965	0.00602	0.00177	0.00370	0.02262	0.00620	0.00710
118	0.00744	0.00551	0.00694	0.00669	0.00800	0.00501	0.00498	0.00972	0.01463	0.02021	0.60897	0.09159	0.16619	0.01195	0.00647	0.00177	0.00264	0.01049	0.00579	0.00501
119	0.08046	0.01328	0.02210	0.10709	0.32465	0.03123	0.21647	0.08830	0.01348	0.01928	0.01128	0.01418	0.02266	0.00522	0.00554	0.00171	0.00708	0.00523	0.00305	0.00772
120	0.09068	0.01393	0.04906	0.05733	0.02054	0.04564	0.25650	0.12338	0.14771	0.07349	0.01346	0.01488	0.00995	0.00589	0.00602	0.00177	0.03715	0.00540	0.01954	0.00767
121	0.01487	0.00735	0.00993	0.00918	0.04014	0.00657	0.00683	0.01698	0.01445	0.34229	0.25333	0.12596	0.08708	0.01008	0.00609	0.00179	0.00376	0.03042	0.00597	0.00691
122	0.00740	0.00538	0.00688	0.00785	0.00844	0.00520	0.00536	0.03700	0.03490	0.01500	0.02967	0.73423	0.04951	0.01630	0.00685	0.00217	0.00330	0.01472	0.00509	0.00475
123	0.43206	0.01624	0.08282	0.01037	0.01403	0.20416	0.00896	0.05560	0.02883	0.06457	0.00939	0.01046	0.00716	0.00557	0.00463	0.00164	0.02986	0.00356	0.00345	0.00663
124	0.06437	0.03443	0.01723	0.02015	0.33828	0.05689	0.01191	0.09967	0.07392	0.11476	0.01252	0.01376	0.00959	0.00543	0.00507	0.00153	0.00578	0.00461	0.00383	0.10626
125	0.06042	0.15356	0.16621	0.04480	0.06848	0.10858	0.10388	0.12908	0.01446	0.05366	0.03969	0.01301	0.00955	0.00556	0.00505	0.00158	0.00701	0.00452	0.00333	0.00755
126	0.01645	0.02926	0.09533	0.01298	0.08302	0.09533	0.01030	0.16251	0.10636	0.17210	0.03624	0.02070	0.12062	0.00739	0.00550	0.00168	0.00566	0.00593	0.00475	0.00789
127	0.04178	0.07160	0.10582	0.01538	0.09347	0.04557	0.12502	0.23486	0.03162	0.05307	0.07687	0.01527	0.01231	0.00600	0.00536	0.00161	0.00638	0.00517	0.00400	0.04884
128	0.03208	0.10894	0.04421	0.00988	0.01328	0.13580	0.02217	0.05796	0.01316	0.07869	0.06019	0.13827	0.03270	0.03014	0.00571	0.00156	0.00540	0.00623	0.00392	0.19971

[dist]
# distance from previous block
# <min> <max>
5	22

[block]
# block no. 1 follows, 44 sequences, length 18
# corresponding to MSA columns:
# 153-170
name=unknown_B
#
# <colnr> <probs for GDERKNQSTAVLIFYWHMCP>
#	G	D	E	R	K	N	Q	S	T	A	V	L	I	F	Y	W	H	M	C	P
0	0.01345	0.05606	0.07743	0.01697	0.18675	0.08066	0.09638	0.09171	0.05735	0.03109	0.03926	0.04085	0.03035	0.10640	0.00820	0.00207	0.00638	0.00578	0.00352	0.04933
1	0.04116	0.09071	0.07164	0.06270	0.16521	0.07461	0.09469	0.09896	0.03235	0.05123	0.02479	0.01408	0.02301	0.00583	0.00600	0.00162	0.06018	0.00480	0.01945	0.05697
2	0.01591	0.05972	0.07964	0.01305	0.05494	0.07437	0.04210	0.17116	0.24302	0.08726	0.01655	0.01640	0.03636	0.00644	0.00529	0.00163	0.00577	0.00522	0.00454	0.06063
3	0.01156	0.03406	0.18804	0.06222	0.09978	0.05070	0.03460	0.03993	0.03083	0.03185	0.10427	0.04965	0.05706	0.00715	0.00531	0.00161	0.00558	0.01884	0.10796	0.05902
4	0.01451	0.42514	0.11203	0.01092	0.01535	0.14032	0.01043	0.01846	0.10596	0.01497	0.01067	0.03761	0.00923	0.00560	0.00432	0.00137	0.00636	0.00399	0.00294	0.04981
5	0.01580	0.62138	0.04982	0.01038	0.01481	0.15785	0.00985	0.01764	0.01201	0.03643	0.00823	0.00933	0.00720	0.00492	0.00387	0.00124	0.00658	0.00314	0.00255	0.00698
6	0.00815	0.00569	0.00730	0.00814	0.00931	0.00548	0.00661	0.01020	0.01210	0.01633	0.05964	0.19433	0.14514	0.01401	0.00675	0.00217	0.00392	0.37064	0.10924	0.00486
7	0.00775	0.00528	0.00632	0.00648	0.00664	0.00536	0.00394	0.00810	0.00834	0.01123	0.01848	0.13011	0.02112	0.61927	0.11442	0.00531	0.00612	0.00863	0.00348	0.00363
8	0.01305	0.01300	0.07639	0.02772	0.58441	0.01173	0.01525	0.01633	0.01260	0.05175	0.03822	0.01880	0.04226	0.00612	0.00558	0.00169	0.00615	0.04763	0.00319	0.00814
9	0.00708	0.00479	0.00617	0.00728	0.00771	0.00451	0.00490	0.00823	0.01056	0.01472	0.02852	0.70682	0.03330	0.01574	0.00657	0.00210	0.00309	0.01420	0.10922	0.00451
10	0.01150	0.01032	0.01391	0.00994	0.01487	0.00808	0.09994	0.01419	0.01150	0.01773	0.00986	0.01173	0.00810	0.00411	0.00434	0.00094	0.00468	0.00363	0.00317	0.73748
11	0.01527	0.21968	0.13403	0.01008	0.01481	0.03774	0.00977	0.01799	0.01273	0.20333	0.04899	0.01626	0.03063	0.00599	0.00473	0.00139	0.00539	0.02571	0.00393	0.18155
12	0.00743	0.00652	0.04377	0.00807	0.00931	0.00548	0.00632	0.00952	0.03694	0.01524	0.06488	0.45313	0.16838	0.01501	0.00680	0.00214	0.00363	0.12754	0.00498	0.00490
13	0.01195	0.03760	0.02917	0.01048	0.07238	0.03437	0.00776	0.01496	0.04045	0.04321	0.10567	0.01560	0.01394	0.00530	0.00458	0.00110	0.00442	0.00439	0.00367	0.53898
14	0.12099	0.05473	0.12076	0.01272	0.05687	0.09760	0.03690	0.19133	0.01573	0.14081	0.01439	0.01479	0.04760	0.00614	0.00502	0.00160	0.00611	0.00472	0.01915	0.03204
15	0.03071	0.17706	0.03387	0.02630	0.10921	0.06427	0.04608	0.08301	0.15784	0.03920	0.07236	0.01808	0.02751	0.00653	0.00511	0.00157	0.00562	0.03257	0.00394	0.05915
16	0.03226	0.05747	0.07949	0.01310	0.05790	0.04036	0.02518	0.38991	0.03256	0.09708	0.01484	0.01632	0.03408	0.00776	0.03112	0.00187	0.00629	0.02945	0.00465	0.02831
17	0.05056	0.14592	0.20217	0.01501	0.10815	0.05284	0.08406	0.03861	0.02890	0.05296	0.05275	0.05521	0.01185	0.00604	0.00506	0.00157	0.00636	0.00510	0.00326	0.07363

[dist]
# distance from previous block
# <min> <max>
5	35

[block]
# block no. 2 follows, 44 sequences, length 88
# corresponding to MSA columns:
# 207-283,286-295,305
name=unknown_C
#
# <colnr> <probs for GDERKNQSTAVLIFYWHMCP>
#	G	D	E	R	K	N	Q	S	T	A	V	L	I	F	Y	W	H	M	C	P
0	0.01157	0.16881	0.26047	0.02547	0.01595	0.01221	0.01156	0.09684	0.02422	0.01752	0.03445	0.19459	0.02826	0.02708	0.00583	0.00176	0.00573	0.00690	0.00355	0.04722
1	0.01575	0.24767	0.20175	0.01195	0.01701	0.01646	0.01199	0.31756	0.01698	0.02261	0.01132	0.03389	0.00917	0.03597	0.00570	0.00167	0.00634	0.00452	0.00371	0.00797
2	0.01236	0.03316	0.19393	0.01295	0.09125	0.01061	0.01122	0.12137	0.01341	0.01944	0.01281	0.03912	0.03778	0.00742	0.04455	0.00172	0.00601	0.00465	0.00337	0.32287
3	0.02817	0.05364	0.10917	0.27797	0.05356	0.07797	0.11131	0.03674	0.05667	0.03225	0.01160	0.01517	0.00913	0.04614	0.00640	0.00187	0.00703	0.00498	0.05349	0.00674
4	0.01499	0.05542	0.08825	0.03319	0.30907	0.03937	0.01313	0.12018	0.05072	0.08205	0.01217	0.03211	0.00972	0.00589	0.00585	0.00161	0.04630	0.00488	0.00358	0.07150
5	0.01384	0.06043	0.02158	0.14650	0.10999	0.01342	0.24176	0.13703	0.03197	0.03724	0.01164	0.02728	0.00914	0.00588	0.00623	0.02091	0.02716	0.00538	0.02296	0.04966
6	0.01560	0.01284	0.01512	0.13074	0.07105	0.04936	0.01096	0.28008	0.15001	0.04686	0.01597	0.01851	0.04054	0.00734	0.00662	0.00181	0.07190	0.04242	0.00445	0.00783
7	0.10733	0.01202	0.05077	0.09642	0.25258	0.02945	0.01176	0.09114	0.02834	0.10476	0.01271	0.01686	0.01044	0.06267	0.02379	0.02500	0.02473	0.02827	0.00363	0.00733
8	0.01205	0.00822	0.01062	0.05635	0.01236	0.00907	0.00751	0.21026	0.01294	0.01751	0.01254	0.01848	0.01124	0.03922	0.22064	0.29931	0.00789	0.02514	0.00345	0.00521
9	0.01381	0.02915	0.01302	0.03198	0.07493	0.15428	0.00929	0.11910	0.12850	0.03407	0.03354	0.02812	0.15780	0.00903	0.00630	0.00181	0.03699	0.10708	0.00440	0.00680
10	0.30641	0.01149	0.05645	0.03863	0.01337	0.04978	0.02537	0.08783	0.05089	0.05677	0.09547	0.05194	0.09628	0.00780	0.00504	0.00175	0.00482	0.02922	0.00427	0.00641
11	0.01830	0.21104	0.01914	0.01300	0.01643	0.49490	0.04770	0.06347	0.01475	0.01490	0.00893	0.01035	0.00743	0.00542	0.00465	0.00138	0.00839	0.00365	0.02950	0.00667
12	0.00657	0.00519	0.00593	0.00645	0.00762	0.00455	0.00457	0.00781	0.01168	0.01462	0.06881	0.37349	0.43321	0.01511	0.00666	0.00200	0.00293	0.01316	0.00509	0.00455
13	0.01217	0.01257	0.01919	0.01561	0.01712	0.04549	0.17462	0.01469	0.03800	0.01444	0.00956	0.03025	0.00876	0.01026	0.06029	0.00259	0.50002	0.00543	0.00269	0.00628
14	0.02022	0.01551	0.01522	0.01312	0.05430	0.16111	0.01001	0.33799	0.10928	0.18495	0.01492	0.01451	0.01058	0.00643	0.00537	0.00163	0.00627	0.00491	0.00509	0.00860
15	0.00722	0.00554	0.00663	0.00649	0.00793	0.00494	0.00487	0.00928	0.01400	0.01869	0.45011	0.08135	0.31772	0.01252	0.00649	0.00181	0.00274	0.03119	0.00558	0.00491
16	0.01469	0.79626	0.02831	0.00942	0.01405	0.03659	0.00935	0.01643	0.01116	0.01284	0.00760	0.00877	0.00700	0.00468	0.00353	0.00117	0.00591	0.00293	0.00234	0.00698
17	0.00749	0.00548	0.00698	0.00676	0.00798	0.00503	0.00498	0.00971	0.01444	0.02005	0.60630	0.11234	0.12434	0.03522	0.00710	0.00188	0.00273	0.01050	0.00574	0.00497
18	0.02790	0.08655	0.07042	0.08565	0.09389	0.14178	0.03673	0.10379	0.20400	0.03413	0.01322	0.01436	0.01022	0.00700	0.02679	0.00185	0.02552	0.00480	0.00375	0.00766
19	0.02022	0.01548	0.01605	0.01251	0.01672	0.04959	0.01025	0.67498	0.07583	0.03267	0.01351	0.01345	0.00968	0.00656	0.00544	0.00164	0.00605	0.00493	0.00535	0.00910
20	0.04005	0.15651	0.17423	0.01540	0.11437	0.06548	0.07349	0.09724	0.06043	0.09030	0.05203	0.01427	0.01107	0.00577	0.00509	0.00159	0.00650	0.00474	0.00361	0.00783
21	0.01305	0.11962	0.30573	0.01432	0.05774	0.10205	0.01401	0.01689	0.03684	0.03953	0.01018	0.01302	0.00839	0.03771	0.04275	0.00218	0.15179	0.00435	0.00272	0.00711
22	0.00793	0.00529	0.00595	0.00595	0.00595	0.00529	0.00330	0.00793	0.00793	0.01057	0.01718	0.03568	0.01982	0.80840	0.02775	0.00529	0.00529	0.00793	0.00330	0.00330
23	0.01243	0.01180	0.02012	0.11652	0.59657	0.01202	0.03269	0.01551	0.01205	0.01697	0.01220	0.09337	0.01124	0.00615	0.00558	0.00171	0.00630	0.00597	0.00291	0.00789
24	0.02057	0.01632	0.01717	0.01358	0.01759	0.23884	0.11979	0.18318	0.02848	0.26797	0.01430	0.01426	0.00995	0.00606	0.00545	0.00162	0.00713	0.00493	0.00470	0.00812
25	0.00687	0.00491	0.00659	0.00785	0.00826	0.00462	0.00545	0.00798	0.01066	0.01417	0.02992	0.72642	0.03556	0.01687	0.00702	0.00225	0.00336	0.09170	0.00506	0.00449
26	0.03970	0.00972	0.01119	0.00804	0.01284	0.00744	0.00644	0.01381	0.01124	0.01799	0.00962	0.01122	0.00800	0.00407	0.00401	0.00084	0.00404	0.00322	0.00323	0.81333
27	0.01939	0.00880	0.01153	0.00898	0.01288	0.00741	0.00727	0.02151	0.01437	0.51942	0.06389	0.06012	0.03789	0.00720	0.00535	0.00154	0.00427	0.00598	0.00586	0.17634
28	0.01399	0.57896	0.10732	0.01450	0.15722	0.01901	0.01186	0.01650	0.01137	0.01423	0.00831	0.00993	0.00729	0.00476	0.00403	0.00131	0.00619	0.00340	0.00240	0.00742
29	0.00973	0.01058	0.15319	0.01064	0.06465	0.00731	0.00911	0.01297	0.01418	0.06541	0.45104	0.03390	0.07001	0.00970	0.00614	0.00176	0.00416	0.05436	0.00502	0.00615
30	0.01089	0.01030	0.01743	0.65283	0.17535	0.01227	0.01544	0.01445	0.01118	0.01466	0.00980	0.01434	0.00752	0.00534	0.00544	0.00178	0.00712	0.00485	0.00247	0.00654
31	0.00969	0.00864	0.01241	0.01132	0.01184	0.01136	0.00917	0.01129	0.00857	0.01287	0.01118	0.01705	0.01065	0.02646	0.43296	0.00583	0.37530	0.00535	0.00267	0.00537
32	0.01328	0.48450	0.32419	0.01189	0.01784	0.03627	0.01362	0.01682	0.01135	0.01459	0.00847	0.00986	0.00696	0.00489	0.00419	0.00139	0.00680	0.00337	0.00233	0.00740
33	0.00654	0.00543	0.00573	0.00587	0.00748	0.00461	0.00432	0.00794	0.01235	0.01505	0.09485	0.14749	0.63544	0.01406	0.00651	0.00188	0.00280	0.01192	0.00512	0.00461
34	0.00664	0.00474	0.00633	0.00759	0.00791	0.00443	0.00506	0.00759	0.01044	0.01392	0.03005	0.80485	0.03606	0.01708	0.00696	0.00221	0.00316	0.01550	0.00506	0.00443
35	0.01299	0.01083	0.01130	0.00993	0.01267	0.04156	0.00775	0.14534	0.36093	0.02346	0.20687	0.02650	0.08925	0.00866	0.00580	0.00176	0.00425	0.00722	0.00549	0.00744
36	0.01348	0.57577	0.25487	0.01120	0.01688	0.01889	0.01258	0.01661	0.01121	0.01416	0.00824	0.00958	0.00697	0.00482	0.00400	0.00133	0.00650	0.00325	0.00232	0.00732
37	0.00670	0.00503	0.00624	0.00716	0.00793	0.00457	0.00500	0.00784	0.01108	0.01426	0.03672	0.56593	0.23275	0.01610	0.00685	0.00213	0.00315	0.05100	0.00506	0.00450
38	0.01303	0.01241	0.02108	0.04476	0.71599	0.01243	0.01600	0.01614	0.01227	0.01751	0.01143	0.06098	0.01026	0.00560	0.00549	0.00166	0.00629	0.00550	0.00284	0.00834
39	0.01172	0.10677	0.68032	0.01473	0.02232	0.01342	0.01867	0.01746	0.01159	0.04051	0.00993	0.01145	0.00712	0.00518	0.00502	0.00167	0.00773	0.00396	0.00244	0.00799
40	0.01343	0.01147	0.01215	0.01096	0.01394	0.01320	0.00850	0.05053	0.70335	0.02272	0.02230	0.05984	0.01740	0.00786	0.00562	0.00186	0.00431	0.00660	0.00552	0.00844
41	0.01049	0.00989	0.01670	0.74960	0.08175	0.01216	0.01524	0.01410	0.01099	0.01416	0.00972	0.01447	0.00735	0.00542	0.00545	0.00181	0.00722	0.00485	0.00244	0.00621
42	0.01349	0.01295	0.02213	0.03346	0.77440	0.01295	0.01673	0.01673	0.01241	0.01781	0.01025	0.01349	0.00864	0.00486	0.00540	0.00162	0.00648	0.00486	0.00270	0.00864
43	0.01204	0.01355	0.05108	0.02033	0.02512	0.01235	0.59225	0.01630	0.01277	0.01724	0.01433	0.02336	0.01255	0.00657	0.00660	0.00196	0.00838	0.14312	0.00317	0.00694
44	0.02051	0.02181	0.01580	0.01346	0.01687	0.48659	0.01047	0.30799	0.01942	0.02153	0.01024	0.01110	0.00790	0.00598	0.00513	0.00149	0.00834	0.00406	0.00384	0.00747
45	0.02072	0.01527	0.01636	0.01254	0.01691	0.01691	0.01036	0.75622	0.02563	0.03436	0.01309	0.01309	0.00927	0.00654	0.00545	0.00164	0.00600	0.00491	0.00545	0.00927
46	0.00947	0.00473	0.00710	0.00710	0.00710	0.00473	0.00473	0.00710	0.00710	0.00947	0.00947	0.01657	0.00947	0.01894	0.02131	0.84138	0.00473	0.00473	0.00237	0.00237
47	0.69788	0.01067	0.00967	0.04888	0.05802	0.01214	0.00721	0.03008	0.01017	0.06175	0.00866	0.00999	0.00658	0.00518	0.00374	0.00169	0.00456	0.00333	0.00349	0.00631
48	0.01066	0.00994	0.01631	0.56009	0.15322	0.01181	0.01422	0.01394	0.01113	0.01477	0.01264	0.01669	0.05358	0.00609	0.00608	0.00180	0.04679	0.00525	0.02866	0.00635
49	0.00682	0.00498	0.00642	0.00750	0.00807	0.00462	0.00521	0.00793	0.01078	0.01412	0.03266	0.63426	0.12395	0.03674	0.00747	0.00227	0.00332	0.07339	0.00501	0.00447
50	0.01267	0.06086	0.01730	0.04362	0.03471	0.07799	0.01182	0.01407	0.00929	0.01326	0.00759	0.01187	0.00729	0.00920	0.02849	0.00230	0.62456	0.00458	0.00243	0.00611
51	0.01127	0.05628	0.69419	0.01497	0.02253	0.01306	0.01887	0.01811	0.06822	0.01752	0.01064	0.01207	0.00764	0.00533	0.00514	0.00171	0.00769	0.00415	0.00255	0.00806
52	0.00747	0.00540	0.00724	0.00842	0.00921	0.00517	0.00647	0.00907	0.01140	0.01492	0.03121	0.46277	0.08192	0.01607	0.00715	0.00231	0.00387	0.30021	0.00504	0.00467
53	0.01130	0.00969	0.01130	0.00807	0.01292	0.00727	0.00646	0.01373	0.01130	0.01776	0.00969	0.01130	0.00807	0.00404	0.00404	0.00081	0.00404	0.00323	0.00323	0.84173
54	0.01439	0.07987	0.17282	0.01896	0.25724	0.01250	0.04665	0.09698	0.01421	0.11041	0.09454	0.01643	0.01354	0.00665	0.01972	0.00177	0.00632	0.00525	0.00374	0.00802
55	0.05801	0.05814	0.35353	0.11078	0.11815	0.05975	0.03117	0.07151	0.01262	0.01808	0.00990	0.01215	0.00750	0.00542	0.00547	0.00168	0.03250	0.00425	0.02185	0.00756
56	0.06200	0.01475	0.01562	0.01216	0.01637	0.01641	0.01000	0.66170	0.08276	0.03295	0.01352	0.01344	0.00968	0.00654	0.00536	0.00166	0.00578	0.00491	0.00536	0.00905
57	0.05800	0.28153	0.06705	0.01308	0.01689	0.27331	0.09664	0.01783	0.01239	0.01441	0.00863	0.01068	0.00736	0.00676	0.03530	0.00176	0.06528	0.00384	0.00262	0.00666
58	0.01538	0.27673	0.18479	0.01409	0.04430	0.19810	0.07801	0.07192	0.03906	0.01637	0.00954	0.01099	0.00764	0.00523	0.00473	0.00147	0.00753	0.00393	0.00282	0.00737
59	0.00792	0.00532	0.00610	0.00610	0.00615	0.00537	0.00349	0.00803	0.00797	0.01068	0.01704	0.03490	0.01948	0.76681	0.06888	0.00547	0.00579	0.00782	0.00328	0.00339
60	0.02043	0.01468	0.01580	0.01216	0.01640	0.01616	0.01003	0.70407	0.02476	0.05753	0.01354	0.01354	0.00959	0.00654	0.00539	0.00162	0.00582	0.00493	0.03786	0.00911
61	0.24488	0.22473	0.01659	0.01016	0.01394	0.10884	0.00861	0.18538	0.08509	0.02192	0.01078	0.02795	0.00874	0.00583	0.00434	0.00153	0.00571	0.00402	0.00374	0.00723
62	0.00790	0.00540	0.00654	0.00654	0.00674	0.00561	0.00404	0.00831	0.00810	0.01101	0.01664	0.03269	0.01853	0.64785	0.18653	0.00601	0.00723	0.00749	0.00322	0.00363
63	0.01287	0.01471	0.03217	0.02298	0.02849	0.01379	0.75460	0.01746	0.01287	0.01746	0.01103	0.01471	0.00827	0.00460	0.00643	0.00184	0.00919	0.00643	0.00276	0.00735
64	0.00838	0.00599	0.00831	0.00947	0.01058	0.00592	0.00799	0.01064	0.01237	0.01623	0.06930	0.18017	0.03322	0.01517	0.00738	0.00242	0.00459	0.58186	0.00508	0.00493
65	0.09219	0.01464	0.06231	0.02447	0.39482	0.07350	0.15059	0.01790	0.06243	0.01829	0.01125	0.01457	0.00920	0.00534	0.00541	0.00169	0.00693	0.02363	0.00301	0.00784
66	0.04161	0.00972	0.01604	0.76580	0.03654	0.01212	0.01479	0.01401	0.01084	0.01432	0.00961	0.01432	0.00722	0.00544	0.00537	0.00181	0.00715	0.00477	0.00246	0.00605
67	0.00664	0.00474	0.00633	0.00759	0.00791	0.00443	0.00506	0.00759	0.01044	0.01392	0.03005	0.80485	0.03606	0.01708	0.00696	0.00221	0.00316	0.01550	0.00506	0.00443
68	0.00675	0.00482	0.00645	0.00772	0.00808	0.00452	0.00525	0.00778	0.01054	0.01404	0.02999	0.76720	0.03582	0.01698	0.00699	0.00223	0.00326	0.05207	0.00506	0.00446
69	0.01349	0.01295	0.02213	0.03346	0.77440	0.01295	0.01673	0.01673	0.01241	0.01781	0.01025	0.01349	0.00864	0.00486	0.00540	0.00162	0.00648	0.00486	0.00270	0.00864
70	0.01030	0.00969	0.01635	0.79530	0.03755	0.01211	0.01514	0.01393	0.01090	0.01393	0.00969	0.01453	0.00727	0.00545	0.00545	0.00182	0.00727	0.00484	0.00242	0.00606
71	0.01039	0.00982	0.01637	0.74845	0.03615	0.01239	0.01495	0.01388	0.01075	0.01388	0.00954	0.01438	0.00726	0.00570	0.00620	0.00185	0.05473	0.00484	0.00242	0.00605
72	0.01479	0.06144	0.01799	0.01660	0.15506	0.09298	0.13482	0.03772	0.04186	0.14232	0.01478	0.08779	0.01271	0.03291	0.08513	0.00253	0.03139	0.00617	0.00380	0.00720
73	0.00783	0.00559	0.00704	0.00676	0.00814	0.00507	0.00504	0.01006	0.01452	0.03885	0.57126	0.10406	0.17152	0.01197	0.00645	0.00178	0.00270	0.01049	0.00578	0.00510
74	0.01287	0.01471	0.03217	0.02298	0.02849	0.01379	0.75460	0.01746	0.01287	0.01746	0.01103	0.01471	0.00827	0.00460	0.00643	0.00184	0.00919	0.00643	0.00276	0.00735
75	0.00999	0.01879	0.43224	0.01298	0.01834	0.01010	0.07359	0.01500	0.02602	0.01901	0.28074	0.02230	0.02301	0.00729	0.00573	0.00173	0.00613	0.00633	0.00371	0.00698
76	0.01716	0.01339	0.06156	0.01087	0.01462	0.01350	0.00931	0.51293	0.02107	0.02945	0.03387	0.03497	0.01188	0.00680	0.00515	0.00158	0.00523	0.00528	0.18329	0.00807
77	0.00671	0.00479	0.00629	0.00745	0.00779	0.00448	0.00494	0.00761	0.01035	0.01376	0.02995	0.74570	0.05248	0.05966	0.00807	0.00237	0.00327	0.01500	0.00497	0.00437
78	0.01093	0.02820	0.78016	0.01554	0.02360	0.01266	0.02014	0.01727	0.01151	0.01727	0.00978	0.01151	0.00691	0.00518	0.00518	0.00173	0.00806	0.00403	0.00230	0.00806
79	0.03294	0.04177	0.37083	0.01551	0.08050	0.02609	0.06125	0.13304	0.06618	0.03922	0.02644	0.01510	0.04390	0.00607	0.00551	0.00171	0.01760	0.00495	0.00341	0.00798
80	0.02099	0.01005	0.01255	0.01014	0.01400	0.00978	0.00821	0.02733	0.25400	0.53773	0.02172	0.01912	0.01450	0.00695	0.00550	0.00174	0.00454	0.00570	0.00637	0.00907
81	0.06170	0.02572	0.67906	0.01456	0.02200	0.01225	0.01837	0.01752	0.01166	0.05632	0.02593	0.01231	0.00810	0.00537	0.00511	0.00172	0.00754	0.00416	0.00267	0.00793
82	0.01320	0.01324	0.03819	0.07659	0.64562	0.01298	0.08639	0.01665	0.01235	0.01754	0.01029	0.01363	0.00849	0.00487	0.00549	0.00165	0.00681	0.00499	0.00268	0.00835
83	0.01110	0.05287	0.73895	0.01551	0.02340	0.01297	0.03673	0.01724	0.01153	0.01713	0.00974	0.01150	0.00694	0.00515	0.00515	0.00171	0.00801	0.00405	0.00231	0.00801
84	0.00879	0.00628	0.00879	0.01004	0.01130	0.00628	0.00879	0.01130	0.01255	0.01632	0.02887	0.06150	0.03138	0.01506	0.00753	0.00251	0.00502	0.73770	0.00502	0.00502
85	0.79676	0.01160	0.05433	0.00767	0.01133	0.01226	0.00676	0.01610	0.00941	0.02403	0.00772	0.00902	0.00596	0.00507	0.00348	0.00169	0.00445	0.00302	0.00331	0.00603
86	0.58525	0.11859	0.04743	0.00844	0.01222	0.03020	0.00748	0.07958	0.01133	0.02312	0.02965	0.01024	0.00769	0.00532	0.00377	0.00161	0.00484	0.00337	0.00343	0.00643
87	0.07122	0.01232	0.05623	0.14438	0.36829	0.01242	0.03074	0.01722	0.07783	0.04219	0.01165	0.01434	0.00923	0.00563	0.00594	0.00171	0.05300	0.00486	0.05319	0.00763

[dist]
# distance from previous block
# <min> <max>
0	1

[block]
# block no. 3 follows, 44 sequences, length 19
# corresponding to MSA columns:
# 307-325
name=unknown_D
#
# <colnr> <probs for GDERKNQSTAVLIFYWHMCP>
#	G	D	E	R	K	N	Q	S	T	A	V	L	I	F	Y	W	H	M	C	P
0	0.13763	0.01174	0.01148	0.01007	0.01314	0.06300	0.00792	0.07944	0.38803	0.08792	0.07522	0.01880	0.01611	0.00705	0.00515	0.00173	0.00460	0.00559	0.04766	0.00773
1	0.00727	0.00511	0.00694	0.00815	0.00868	0.00488	0.00593	0.00845	0.01080	0.01429	0.02888	0.59415	0.03380	0.01668	0.00771	0.03855	0.00367	0.18664	0.00493	0.00448
2	0.01646	0.01366	0.01437	0.07153	0.01716	0.05323	0.00990	0.31293	0.37984	0.02619	0.01698	0.01653	0.01256	0.00683	0.00547	0.00174	0.00548	0.00544	0.00514	0.00857
