[name]
unknown

[dist]
# distance from previous block
# <min> <max>
3	572

[block]
# block no. 0 follows, 58 sequences, length 26
# corresponding to MSA columns:
# 575-600
name=unknown_A
#
# <colnr> <probs for GDERKNQSTAVLIFYWHMCP>
#	G	D	E	R	K	N	Q	S	T	A	V	L	I	F	Y	W	H	M	C	P
0	0.01493	0.02174	0.19881	0.01181	0.01510	0.63697	0.01046	0.01701	0.01193	0.01169	0.00717	0.00838	0.00574	0.00453	0.00408	0.00121	0.00773	0.00298	0.00221	0.00551
1	0.00628	0.00836	0.19305	0.00769	0.00945	0.00521	0.00699	0.00811	0.00888	0.01219	0.03631	0.61802	0.03892	0.01162	0.00536	0.00171	0.00351	0.01040	0.00365	0.00433
2	0.00547	0.00407	0.00507	0.00584	0.00640	0.00371	0.00400	0.00634	0.00892	0.01154	0.02914	0.62120	0.20990	0.03431	0.00605	0.00181	0.00259	0.02588	0.00412	0.00365
3	0.64022	0.00858	0.00775	0.00655	0.00952	0.00940	0.00540	0.04920	0.00939	0.20447	0.00906	0.00925	0.00640	0.00452	0.00324	0.00138	0.00360	0.00297	0.00348	0.00560
4	0.01144	0.00844	0.00949	0.02075	0.01089	0.00923	0.00654	0.10095	0.43671	0.09937	0.20037	0.01970	0.01920	0.00661	0.00468	0.00145	0.00339	0.00556	0.01876	0.00645
5	0.00866	0.00640	0.00751	0.00656	0.00826	0.00639	0.00510	0.19076	0.01428	0.01956	0.52984	0.02941	0.13244	0.00855	0.00509	0.00141	0.00278	0.00732	0.00472	0.00495
6	0.00760	0.00606	0.00802	0.00772	0.00886	0.00711	0.00599	0.01168	0.19160	0.01227	0.01327	0.01745	0.01172	0.05004	0.58486	0.00562	0.03767	0.00487	0.00289	0.00470
7	0.00838	0.00759	0.01191	0.45190	0.08048	0.00914	0.01016	0.03387	0.00904	0.01208	0.01165	0.20253	0.01153	0.00710	0.00607	0.00161	0.11152	0.00599	0.00257	0.00489
8	0.01133	0.20488	0.09256	0.07735	0.39658	0.06866	0.03476	0.02685	0.01013	0.01339	0.00788	0.00998	0.00653	0.00409	0.00404	0.00125	0.00556	0.00352	0.01428	0.00638
9	0.87439	0.00865	0.00657	0.00588	0.00865	0.01003	0.00484	0.01315	0.00761	0.02007	0.00623	0.00727	0.00484	0.00415	0.00277	0.00138	0.00346	0.00242	0.00277	0.00484
10	0.04463	0.19519	0.02734	0.01041	0.01315	0.58257	0.00836	0.01687	0.02291	0.03030	0.00717	0.00816	0.00596	0.00446	0.00377	0.00113	0.00703	0.00284	0.00234	0.00540
11	0.00547	0.00417	0.00504	0.00560	0.00636	0.00373	0.00391	0.00649	0.00948	0.01222	0.10164	0.50044	0.29397	0.01268	0.00553	0.00168	0.00244	0.01120	0.00422	0.00373
12	0.00852	0.00652	0.00779	0.00718	0.00874	0.00657	0.02820	0.19037	0.03938	0.01622	0.08745	0.33768	0.19701	0.02984	0.00564	0.00165	0.00324	0.00900	0.00421	0.00479
13	0.00651	0.00434	0.00488	0.00488	0.00488	0.00434	0.00271	0.00651	0.00651	0.00867	0.01409	0.02927	0.01626	0.84279	0.02277	0.00434	0.00434	0.00651	0.00271	0.00271
14	0.01282	0.00964	0.01026	0.00859	0.01098	0.02299	0.00663	0.32455	0.26928	0.05222	0.01413	0.01706	0.01166	0.19875	0.00871	0.00209	0.00435	0.00493	0.00410	0.00627
15	0.02443	0.01228	0.01142	0.02504	0.07212	0.24016	0.01706	0.06386	0.01101	0.01435	0.00805	0.02031	0.00674	0.00410	0.00389	0.00096	0.01593	0.00311	0.00263	0.44254
16	0.01383	0.65222	0.02043	0.00772	0.01147	0.01513	0.00741	0.01533	0.00995	0.19677	0.00886	0.00903	0.00697	0.00422	0.00325	0.00106	0.00456	0.00288	0.00275	0.00617
17	0.67527	0.00887	0.00739	0.00663	0.00934	0.01029	0.00536	0.01560	0.19196	0.01976	0.00899	0.00944	0.00688	0.00459	0.00318	0.00141	0.00348	0.00303	0.00318	0.00536
18	0.01486	0.04269	0.01217	0.01033	0.01289	0.41370	0.00804	0.14069	0.19683	0.03980	0.01106	0.01221	0.00879	0.00604	0.02496	0.00145	0.00627	0.02788	0.00330	0.00603
19	0.01357	0.00950	0.01007	0.00817	0.01082	0.01043	0.00660	0.46177	0.09936	0.02345	0.01277	0.01329	0.00950	0.00539	0.00404	0.00126	0.00385	0.00418	0.28553	0.00643
20	0.00744	0.19849	0.00977	0.00599	0.00770	0.00724	0.00490	0.00919	0.01128	0.01509	0.48094	0.07601	0.13282	0.00849	0.00475	0.00134	0.00278	0.00722	0.00408	0.00448
21	0.00658	0.00626	0.00963	0.00788	0.01001	0.00555	0.18683	0.00831	0.01020	0.01263	0.05762	0.03509	0.57379	0.04219	0.00597	0.00162	0.00356	0.00833	0.00368	0.00427
22	0.01527	0.01157	0.01234	0.00984	0.01308	0.01292	0.00800	0.57890	0.22533	0.02545	0.01278	0.01243	0.00927	0.00555	0.00446	0.00138	0.00449	0.00430	0.02525	0.00739
23	0.01187	0.00797	0.00958	0.00707	0.01085	0.00640	0.00569	0.01440	0.05505	0.20012	0.01077	0.01107	0.00805	0.00398	0.00366	0.00088	0.00344	0.00321	0.00342	0.62254
24	0.00879	0.00641	0.00770	0.00670	0.00834	0.00645	0.00521	0.19102	0.01459	0.02030	0.62759	0.02818	0.03423	0.00827	0.00509	0.00139	0.00276	0.00715	0.00482	0.00500
25	0.67396	0.00755	0.00626	0.00596	0.00815	0.00856	0.00468	0.01155	0.00783	0.01807	0.01048	0.19932	0.01055	0.00643	0.00345	0.00148	0.00326	0.00480	0.00309	0.00457

[dist]
# distance from previous block
# <min> <max>
0	15

[block]
# block no. 1 follows, 58 sequences, length 165
# corresponding to MSA columns:
# 616-699,732-771,780-820
name=unknown_B
#
# <colnr> <probs for GDERKNQSTAVLIFYWHMCP>
#	G	D	E	R	K	N	Q	S	T	A	V	L	I	F	Y	W	H	M	C	P
0	0.01639	0.02081	0.01247	0.01134	0.01361	0.79977	0.00851	0.01757	0.01268	0.01116	0.03152	0.00884	0.00688	0.00475	0.00407	0.00116	0.00788	0.00304	0.00238	0.00516
1	0.00861	0.00808	0.01346	0.78261	0.05390	0.01000	0.01230	0.01188	0.03335	0.01175	0.00828	0.01205	0.00623	0.00451	0.00447	0.00149	0.00587	0.00401	0.00207	0.00510
2	0.00546	0.00455	0.00480	0.00485	0.00626	0.00383	0.00358	0.00659	0.01001	0.01222	0.06035	0.14871	0.66426	0.01139	0.00528	0.00152	0.00234	0.00964	0.00413	0.03023
3	0.01196	0.01047	0.03535	0.00940	0.01221	0.01153	0.00759	0.14261	0.66185	0.02003	0.01675	0.01555	0.01248	0.00591	0.00453	0.00149	0.00385	0.00485	0.00446	0.00715
4	0.00593	0.00488	0.00579	0.00633	0.05563	0.00431	0.00430	0.00740	0.01076	0.01377	0.24771	0.08620	0.51009	0.01046	0.00526	0.00149	0.00243	0.00894	0.00424	0.00409
5	0.00650	0.00461	0.00612	0.00613	0.00656	0.00505	0.00427	0.00737	0.00698	0.00982	0.01328	0.04772	0.01392	0.38782	0.41766	0.00556	0.01833	0.00576	0.02310	0.00343
6	0.01206	0.76763	0.02220	0.00786	0.01148	0.06834	0.00761	0.01346	0.00930	0.01058	0.00683	0.03267	0.00647	0.00419	0.00303	0.00100	0.00492	0.00274	0.00201	0.00564
7	0.00562	0.00410	0.00559	0.00688	0.03118	0.00385	0.00444	0.00646	0.00861	0.01152	0.02416	0.81456	0.02890	0.01371	0.00567	0.00180	0.00268	0.01245	0.00409	0.00374
8	0.01087	0.01039	0.01754	0.08961	0.72924	0.01059	0.01342	0.01386	0.03442	0.01449	0.00868	0.01131	0.00720	0.00409	0.00444	0.00135	0.00531	0.00402	0.00227	0.00692
9	0.01545	0.01918	0.01406	0.04254	0.08469	0.66332	0.05922	0.01696	0.01212	0.01150	0.00720	0.00874	0.00595	0.00454	0.00430	0.00121	0.01817	0.00318	0.00228	0.00539
10	0.01631	0.02046	0.01275	0.01151	0.01371	0.75997	0.00871	0.03410	0.01251	0.01130	0.00693	0.00822	0.00581	0.00481	0.00467	0.00120	0.05651	0.00297	0.00233	0.00522
11	0.01089	0.01037	0.01728	0.08271	0.70573	0.01061	0.01319	0.01424	0.06377	0.01467	0.00904	0.01151	0.00745	0.00416	0.00444	0.00135	0.00524	0.00406	0.00236	0.00694
12	0.01677	0.01218	0.01302	0.01010	0.01358	0.02514	0.00830	0.69214	0.07424	0.07120	0.01158	0.01136	0.00819	0.00542	0.00447	0.00135	0.00481	0.00411	0.00451	0.00754
13	0.01163	0.01133	0.01249	0.09974	0.03522	0.17497	0.08414	0.11904	0.12594	0.01489	0.02371	0.01707	0.02229	0.07093	0.01605	0.02310	0.05693	0.07197	0.00310	0.00546
14	0.01113	0.00961	0.01011	0.00910	0.01163	0.01113	0.00708	0.02377	0.80681	0.01871	0.01821	0.01669	0.01365	0.00607	0.00455	0.00152	0.00354	0.00506	0.00455	0.00708
15	0.00545	0.00389	0.00519	0.00623	0.00649	0.00363	0.00415	0.00623	0.00856	0.01142	0.02465	0.83987	0.02959	0.01401	0.00571	0.00182	0.00260	0.01272	0.00415	0.00363
16	0.05215	0.02633	0.01095	0.00792	0.01172	0.01920	0.01961	0.23625	0.01261	0.01858	0.00864	0.00959	0.00680	0.00397	0.00365	0.00092	0.00394	0.00307	0.00315	0.54096
17	0.00594	0.00443	0.00542	0.00541	0.00638	0.00402	0.00391	0.00745	0.01099	0.01483	0.44227	0.17076	0.22808	0.06213	0.00643	0.00168	0.00237	0.00910	0.00447	0.00392
18	0.00953	0.04349	0.72578	0.01278	0.01905	0.03386	0.05188	0.01439	0.00964	0.02765	0.00816	0.00957	0.00581	0.00425	0.00426	0.00140	0.00660	0.00338	0.00198	0.00654
19	0.02722	0.01286	0.01331	0.01029	0.01381	0.04902	0.00846	0.75664	0.02051	0.02735	0.01052	0.01058	0.00749	0.00532	0.00444	0.00133	0.00504	0.00396	0.00436	0.00747
20	0.01006	0.01041	0.04248	0.47933	0.07861	0.08524	0.05095	0.05747	0.02288	0.01285	0.00848	0.02670	0.00678	0.00536	0.01749	0.00157	0.07157	0.00411	0.00227	0.00538
21	0.00662	0.00486	0.00659	0.00651	0.00696	0.00548	0.00468	0.00756	0.00697	0.00978	0.01278	0.02260	0.01327	0.35558	0.44623	0.00568	0.04917	0.02261	0.00254	0.00353
22	0.01645	0.06666	0.01328	0.01129	0.01370	0.76768	0.00859	0.02979	0.01261	0.01119	0.00694	0.00806	0.00579	0.00458	0.00398	0.00114	0.00784	0.00287	0.00232	0.00525
23	0.00636	0.00469	0.00663	0.00663	0.00731	0.00527	0.00494	0.00763	0.00720	0.01014	0.01392	0.02098	0.04903	0.18678	0.63443	0.00638	0.01008	0.00533	0.00254	0.00374
24	0.01076	0.02935	0.07573	0.03239	0.01254	0.06173	0.02251	0.05779	0.45636	0.01723	0.09831	0.01730	0.04458	0.00624	0.00495	0.00147	0.03539	0.00508	0.00395	0.00634
25	0.01561	0.00929	0.01062	0.00867	0.01156	0.06369	0.03084	0.12546	0.17629	0.36052	0.03335	0.03763	0.01188	0.00579	0.00443	0.00138	0.00409	0.00474	0.07736	0.00682
26	0.00565	0.00441	0.00511	0.00547	0.00644	0.00396	0.00392	0.00696	0.02431	0.01250	0.11336	0.33215	0.38758	0.03582	0.00595	0.00171	0.00251	0.03418	0.00420	0.00381
27	0.06778	0.57754	0.03387	0.00776	0.01149	0.01458	0.00742	0.03261	0.01007	0.18707	0.00884	0.00905	0.00688	0.00426	0.00328	0.00109	0.00452	0.00290	0.00281	0.00615
28	0.00552	0.00412	0.00515	0.00583	0.00645	0.00375	0.00404	0.00653	0.00934	0.01221	0.10241	0.57301	0.20654	0.01293	0.00558	0.00171	0.00250	0.02443	0.00422	0.00373
29	0.01716	0.01244	0.01325	0.01019	0.01374	0.02937	0.00840	0.74379	0.02044	0.06933	0.01103	0.01092	0.00775	0.00536	0.00447	0.00134	0.00493	0.00403	0.00449	0.00756
30	0.00950	0.00797	0.00937	0.00674	0.01064	0.00610	0.00540	0.01146	0.00930	0.03025	0.00811	0.00940	0.00670	0.00343	0.00353	0.00070	0.01719	0.00271	0.00270	0.83882
31	0.01572	0.19437	0.01498	0.01065	0.01334	0.61775	0.00843	0.05281	0.01230	0.01165	0.00694	0.00800	0.00584	0.00448	0.00381	0.00112	0.00723	0.00283	0.00232	0.00541
32	0.85540	0.02708	0.00695	0.00592	0.00871	0.01020	0.00491	0.01315	0.00765	0.01986	0.00623	0.00726	0.00486	0.00415	0.00277	0.00137	0.00349	0.00242	0.00275	0.00486
33	0.02961	0.00883	0.00943	0.04318	0.01101	0.05134	0.00650	0.29197	0.04370	0.08643	0.03081	0.05206	0.01123	0.00780	0.06021	0.00171	0.00453	0.01899	0.22481	0.00585
34	0.00773	0.00574	0.00672	0.00678	0.00806	0.00582	0.00501	0.02194	0.19682	0.04950	0.07152	0.34976	0.16258	0.03097	0.00571	0.00172	0.00294	0.05164	0.00432	0.00473
35	0.00553	0.00397	0.00527	0.00628	0.00661	0.00371	0.00428	0.00638	0.00869	0.01153	0.02516	0.78095	0.05025	0.01386	0.00572	0.00182	0.00266	0.04951	0.00415	0.00366
36	0.00650	0.00454	0.00547	0.00551	0.00661	0.00404	0.00400	0.00782	0.01050	0.05880	0.25812	0.25303	0.31059	0.03647	0.00589	0.00164	0.00246	0.00957	0.00441	0.00405
37	0.01973	0.00754	0.01027	0.00790	0.01130	0.00652	0.00652	0.02147	0.01280	0.79822	0.03728	0.01567	0.01184	0.00563	0.00452	0.00138	0.00376	0.00459	0.00552	0.00753
38	0.00677	0.00499	0.00595	0.00554	0.00691	0.00457	0.00421	0.04448	0.01227	0.03261	0.51778	0.03504	0.28306	0.00959	0.00523	0.00144	0.00232	0.00826	0.00467	0.00430
39	0.01630	0.07502	0.01333	0.01123	0.01363	0.75702	0.00855	0.01768	0.02710	0.01106	0.00708	0.00817	0.00591	0.00459	0.00397	0.00115	0.00777	0.00289	0.00232	0.00526
40	0.00978	0.03079	0.73357	0.01227	0.01852	0.01025	0.01550	0.01495	0.03489	0.06557	0.00894	0.01002	0.00627	0.00438	0.00426	0.00141	0.00631	0.00343	0.00221	0.00668
41	0.01108	0.08025	0.21080	0.05261	0.19197	0.07540	0.03192	0.02925	0.02403	0.08609	0.11446	0.01431	0.03139	0.00523	0.00460	0.00135	0.02187	0.00437	0.00288	0.00614
42	0.82783	0.00871	0.00696	0.00620	0.00882	0.01023	0.00511	0.01302	0.00757	0.01957	0.00621	0.00740	0.00490	0.00435	0.00341	0.00141	0.04822	0.00250	0.00272	0.00485
43	0.00990	0.13910	0.53844	0.01206	0.01759	0.01116	0.09217	0.01432	0.02924	0.04339	0.02764	0.01052	0.00717	0.00500	0.02234	0.00149	0.00627	0.00360	0.00221	0.00636
44	0.05530	0.00764	0.00985	0.00784	0.01100	0.00701	0.00638	0.02065	0.09405	0.65046	0.01806	0.05118	0.02762	0.00601	0.00450	0.00142	0.00368	0.00492	0.00523	0.00719
45	0.00974	0.03522	0.01700	0.01300	0.01487	0.01132	0.28818	0.03815	0.00876	0.01241	0.00903	0.04884	0.00853	0.09477	0.03501	0.00214	0.34053	0.00504	0.00234	0.00511
46	0.00607	0.00450	0.00577	0.00634	0.00722	0.00420	0.00488	0.00753	0.01013	0.01328	0.16960	0.30581	0.19319	0.01211	0.00568	0.00175	0.00287	0.23087	0.00428	0.00391
47	0.00534	0.00453	0.00461	0.00459	0.00608	0.00380	0.00344	0.00653	0.01032	0.01239	0.08535	0.04255	0.77285	0.01121	0.00529	0.00151	0.00226	0.00937	0.00419	0.00380
48	0.01692	0.01270	0.01336	0.01031	0.01384	0.03307	0.00849	0.77087	0.03152	0.02765	0.01075	0.01076	0.00765	0.00536	0.00447	0.00134	0.00498	0.00401	0.00442	0.00754
49	0.00664	0.00481	0.00650	0.00746	0.00823	0.00476	0.00597	0.00858	0.03909	0.01279	0.02387	0.36862	0.02685	0.01279	0.00593	0.00194	0.00348	0.44352	0.00415	0.00403
50	0.00612	0.00469	0.00542	0.00552	0.00680	0.00420	0.00422	0.00774	0.02527	0.02844	0.19492	0.13273	0.44659	0.01111	0.00541	0.00159	0.00254	0.09835	0.00434	0.00402
51	0.01628	0.01217	0.01302	0.01015	0.01360	0.01353	0.00833	0.70429	0.11790	0.02702	0.01166	0.01147	0.00835	0.00546	0.00448	0.00136	0.00475	0.00415	0.00448	0.00754
52	0.02085	0.00986	0.03467	0.04714	0.29666	0.07218	0.11090	0.02710	0.01009	0.01447	0.01092	0.05592	0.00953	0.02160	0.00503	0.00141	0.03421	0.02355	0.18824	0.00565
53	0.01000	0.00844	0.01002	0.06501	0.02579	0.00944	0.02662	0.05725	0.47138	0.01747	0.09581	0.04154	0.04384	0.00718	0.00486	0.00156	0.00376	0.08965	0.00424	0.00615
54	0.00693	0.00538	0.00656	0.00643	0.03028	0.00516	0.00467	0.03115	0.07993	0.01686	0.52563	0.03292	0.21286	0.00913	0.00517	0.00144	0.00244	0.00791	0.00463	0.00454
55	0.00548	0.00448	0.00484	0.00487	0.00619	0.00384	0.00361	0.00676	0.01049	0.01305	0.17759	0.10841	0.61250	0.01117	0.00532	0.00152	0.00227	0.00948	0.00429	0.00384
56	0.00976	0.00978	0.01295	0.01122	0.01138	0.04787	0.00924	0.01076	0.00712	0.01069	0.00657	0.01081	0.00653	0.03336	0.07049	0.00235	0.71830	0.00400	0.00202	0.00478
57	0.01025	0.00978	0.01623	0.26940	0.41890	0.01053	0.06522	0.01437	0.11311	0.01416	0.00959	0.01213	0.00758	0.00439	0.00451	0.00141	0.00543	0.00421	0.00245	0.00637
58	0.00744	0.00634	0.00951	0.03928	0.02778	0.00783	0.02380	0.00896	0.00732	0.01066	0.01052	0.02928	0.00999	0.04471	0.53562	0.00534	0.20429	0.00472	0.00231	0.00432
59	0.01033	0.01058	0.05421	0.31917	0.36901	0.04579	0.01256	0.04173	0.00995	0.01343	0.00812	0.01117	0.00653	0.00471	0.00520	0.02253	0.04290	0.00390	0.00218	0.00600
60	0.00647	0.00432	0.00489	0.00493	0.00494	0.00431	0.00276	0.00650	0.00658	0.00877	0.01448	0.05886	0.01675	0.81254	0.02215	0.00424	0.00427	0.00673	0.00276	0.00274
61	0.01151	0.03122	0.01787	0.09278	0.51759	0.08534	0.09638	0.01405	0.01025	0.03441	0.00839	0.01094	0.00686	0.00425	0.00486	0.00136	0.03915	0.00399	0.00228	0.00651
62	0.18715	0.02711	0.05891	0.20041	0.08181	0.03712	0.10623	0.03923	0.04010	0.02980	0.00874	0.01178	0.00705	0.02048	0.00558	0.00153	0.09175	0.02043	0.01929	0.00549
63	0.04376	0.02584	0.11822	0.10804	0.18366	0.05414	0.08228	0.02766	0.03182	0.04219	0.01007	0.05242	0.02365	0.00512	0.00521	0.00138	0.07568	0.00430	0.00256	0.10201
64	0.00697	0.00509	0.00638	0.00569	0.00724	0.00448	0.00433	0.00900	0.01192	0.02999	0.60996	0.02974	0.08505	0.00826	0.00492	0.00129	0.00232	0.00721	0.03097	0.12919
65	0.01170	0.01163	0.01490	0.17854	0.20774	0.16172	0.10400	0.06648	0.03299	0.03310	0.00950	0.03680	0.00787	0.02510	0.00498	0.00141	0.01446	0.00424	0.02384	0.04900
66	0.01123	0.00593	0.00714	0.04838	0.00874	0.02182	0.00509	0.01299	0.00977	0.20710	0.01399	0.01608	0.01077	0.04901	0.04234	0.01612	0.05920	0.00434	0.44499	0.00499
67	0.00584	0.00442	0.00539	0.00542	0.00645	0.00397	0.00396	0.00739	0.01110	0.01488	0.42451	0.19802	0.27080	0.01078	0.00537	0.00152	0.00225	0.00942	0.00454	0.00397
68	0.01104	0.00977	0.01603	0.11138	0.55398	0.01000	0.03227	0.04776	0.02826	0.04619	0.04918	0.01278	0.00919	0.00450	0.00445	0.00135	0.00504	0.00427	0.03594	0.00662
69	0.00651	0.00434	0.00488	0.00488	0.00488	0.00434	0.00271	0.00651	0.00651	0.00867	0.01409	0.02927	0.01626	0.84279	0.02277	0.00434	0.00434	0.00651	0.00271	0.00271
70	0.01700	0.01253	0.01342	0.01029	0.01387	0.01387	0.00850	0.79997	0.02103	0.02819	0.01074	0.01074	0.00761	0.00537	0.00447	0.00134	0.00492	0.00403	0.00447	0.00761
71	0.00926	0.00795	0.00936	0.02283	0.01100	0.00604	0.00544	0.01127	0.00927	0.01451	0.00795	0.00933	0.00661	0.00334	0.00334	0.00068	0.00336	0.00268	0.00264	0.85315
72	0.01321	0.62963	0.02065	0.00862	0.01210	0.19872	0.00791	0.04355	0.01034	0.01127	0.00654	0.00751	0.00581	0.00406	0.00319	0.00101	0.00553	0.00256	0.00210	0.00569
73	0.84276	0.00879	0.00683	0.00605	0.00884	0.01018	0.00498	0.04217	0.00811	0.02037	0.00639	0.00739	0.00495	0.00420	0.00283	0.00138	0.00351	0.00248	0.00283	0.00495
74	0.01189	0.01067	0.03173	0.08520	0.61274	0.03348	0.02383	0.01467	0.02380	0.09475	0.00943	0.01154	0.00744	0.00423	0.00444	0.00135	0.00532	0.00403	0.00257	0.00690
75	0.00773	0.00677	0.00952	0.00882	0.00914	0.00870	0.00696	0.00882	0.00717	0.01054	0.01124	0.12532	0.01180	0.08738	0.30127	0.00399	0.36253	0.00562	0.00247	0.00422
76	0.00634	0.00431	0.00499	0.00515	0.00528	0.00424	0.00307	0.00657	0.00711	0.00945	0.03236	0.14070	0.04313	0.66801	0.01916	0.00379	0.00399	0.02640	0.00303	0.00293
77	0.01994	0.00764	0.01038	0.00798	0.01142	0.00664	0.00658	0.02183	0.02437	0.80635	0.01766	0.01525	0.01111	0.00554	0.00450	0.00139	0.00380	0.00451	0.00552	0.00760
78	0.01006	0.00543	0.00718	0.00636	0.00809	0.00489	0.00499	0.01203	0.01246	0.23451	0.51928	0.02985	0.06620	0.00844	0.00512	0.00144	0.00269	0.05085	0.00501	0.00512
79	0.06560	0.00547	0.00579	0.00525	0.00687	0.00551	0.00408	0.06721	0.01050	0.11994	0.01447	0.03903	0.01124	0.00545	0.00345	0.00115	0.00261	0.00433	0.61716	0.00488
80	0.00957	0.00839	0.01352	0.07925	0.47491	0.00852	0.01051	0.01220	0.02504	0.01478	0.09098	0.04807	0.01355	0.00581	0.00458	0.00140	0.00446	0.07362	0.09489	0.00595
81	0.22916	0.15649	0.25249	0.01039	0.01465	0.05494	0.11129	0.03321	0.00964	0.05143	0.00835	0.03441	0.00664	0.00449	0.00382	0.00134	0.00541	0.00352	0.00248	0.00584
82	0.08273	0.12146	0.05075	0.04254	0.02132	0.48658	0.00878	0.05716	0.03132	0.01290	0.00731	0.00856	0.00600	0.00466	0.00430	0.00123	0.04151	0.00301	0.00241	0.00546
83	0.07553	0.01233	0.04054	0.03721	0.09862	0.23349	0.00800	0.06396	0.14919	0.04828	0.02358	0.09753	0.05766	0.00625	0.00438	0.00138	0.00503	0.00501	0.02631	0.00571
84	0.00687	0.00477	0.00614	0.00576	0.00693	0.00442	0.00433	0.00910	0.02988	0.04772	0.69751	0.06332	0.07774	0.00923	0.00525	0.00143	0.00223	0.00813	0.00487	0.00437
85	0.00710	0.00497	0.00582	0.00573	0.00609	0.00513	0.00366	0.06149	0.00797	0.01068	0.01595	0.16420	0.03229	0.57380	0.05502	0.00373	0.02268	0.00730	0.00307	0.00333
86	0.00573	0.00453	0.00516	0.00504	0.00633	0.00396	0.00377	0.00727	0.01120	0.01455	0.37037	0.06096	0.46426	0.01048	0.00529	0.00147	0.00221	0.00896	0.00448	0.00396
87	0.00654	0.00446	0.00537	0.00551	0.00571	0.00453	0.00353	0.00694	0.00704	0.00943	0.01522	0.05507	0.01716	0.64647	0.10238	0.00431	0.00504	0.08938	0.00287	0.00302
88	0.01177	0.02713	0.01489	0.11536	0.25911	0.14929	0.08496	0.05586	0.11814	0.02749	0.03076	0.01308	0.02944	0.00487	0.00443	0.00135	0.00550	0.00429	0.03614	0.00615
89	0.01695	0.00806	0.01015	0.00807	0.01115	0.00769	0.00656	0.10709	0.11543	0.53372	0.09735	0.01721	0.02752	0.00605	0.00459	0.00140	0.00370	0.00496	0.00521	0.00714
90	0.00928	0.00795	0.00928	0.00663	0.01060	0.00596	0.00530	0.01126	0.00928	0.01458	0.00795	0.00928	0.00663	0.00331	0.00331	0.00066	0.00331	0.00265	0.00265	0.87014
91	0.71092	0.02426	0.00762	0.02257	0.00954	0.02342	0.00537	0.07386	0.02061	0.02006	0.02189	0.00850	0.00610	0.00440	0.00304	0.00137	0.00366	0.00277	0.02498	0.00509
92	0.00912	0.01105	0.20084	0.00920	0.01201	0.04241	0.03951	0.05538	0.03418	0.05604	0.01680	0.28361	0.05567	0.00840	0.00536	0.00154	0.04504	0.03866	0.00334	0.07184
93	0.00770	0.00734	0.05160	0.00888	0.01048	0.00679	0.14835	0.02852	0.00881	0.02170	0.03319	0.16201	0.10998	0.23349	0.07591	0.00279	0.06802	0.00714	0.00304	0.00427
94	0.01212	0.03246	0.01047	0.00872	0.01134	0.01062	0.00694	0.20194	0.44096	0.05562	0.01833	0.05566	0.06827	0.00667	0.00460	0.00147	0.00376	0.02196	0.02140	0.00668
95	0.79599	0.00879	0.02144	0.02140	0.00931	0.00981	0.00523	0.01342	0.00790	0.05031	0.00687	0.00785	0.00523	0.00423	0.00290	0.00138	0.00355	0.00257	0.01684	0.00497
96	0.01011	0.10158	0.48988	0.01234	0.01753	0.04074	0.10490	0.04799	0.05386	0.01448	0.02237	0.02551	0.00739	0.00467	0.00457	0.00140	0.02823	0.00382	0.00230	0.00633
97	0.00647	0.00473	0.00650	0.00646	0.00699	0.00530	0.00467	0.00752	0.00701	0.00985	0.01318	0.02179	0.02743	0.30257	0.52660	0.00603	0.02537	0.00543	0.00252	0.00358
98	0.05871	0.01827	0.01250	0.09891	0.03816	0.62778	0.00892	0.04209	0.01209	0.01211	0.00728	0.00884	0.00596	0.00527	0.02351	0.00135	0.00752	0.00309	0.00236	0.00525
99	0.07661	0.00956	0.01114	0.00830	0.01205	0.02943	0.05226	0.18415	0.01211	0.07303	0.00913	0.00998	0.00700	0.00404	0.00374	0.00098	0.00408	0.00322	0.00322	0.48598
100	0.00652	0.00436	0.00494	0.00496	0.00499	0.00436	0.00282	0.00657	0.00660	0.00879	0.01433	0.02979	0.01650	0.82239	0.02236	0.00428	0.00433	0.02563	0.00275	0.00275
101	0.00716	0.00673	0.08014	0.00684	0.02886	0.00527	0.00566	0.00916	0.01114	0.05288	0.36328	0.04566	0.28466	0.00913	0.00546	0.00147	0.03345	0.01990	0.01861	0.00454
102	0.00696	0.00485	0.00659	0.00741	0.00835	0.00470	0.00610	0.00865	0.01005	0.03376	0.05929	0.23640	0.07632	0.01237	0.00593	0.00192	0.00354	0.49855	0.00420	0.00408
103	0.00940	0.03893	0.44396	0.05012	0.19138	0.01035	0.04162	0.01347	0.02531	0.01409	0.04681	0.01218	0.03101	0.00482	0.00491	0.00142	0.04767	0.00399	0.00224	0.00633
104	0.00866	0.00819	0.01368	0.74464	0.07079	0.01018	0.01235	0.01151	0.00889	0.01156	0.00786	0.01176	0.00602	0.00463	0.00503	0.00151	0.05168	0.00397	0.00200	0.00508
105	0.00898	0.00612	0.00805	0.07387	0.01006	0.00627	0.00584	0.06049	0.02829	0.10622	0.48402	0.02732	0.07249	0.00817	0.00566	0.00146	0.05389	0.02339	0.00448	0.00494
106	0.00643	0.00434	0.00508	0.00514	0.00522	0.00439	0.00302	0.00660	0.00668	0.00897	0.01457	0.07747	0.01668	0.73027	0.08352	0.00440	0.00482	0.00675	0.00277	0.00287
107	0.04156	0.00988	0.06148	0.04970	0.10786	0.01118	0.04039	0.04359	0.00860	0.02580	0.00973	0.10421	0.02038	0.00789	0.02776	0.00185	0.41538	0.00499	0.00248	0.00528
108	0.41934	0.12571	0.02706	0.04195	0.09641	0.01072	0.00703	0.05058	0.03313	0.08651	0.02941	0.01092	0.03562	0.00471	0.00349	0.00133	0.00403	0.00338	0.00301	0.00563
109	0.14636	0.00853	0.00985	0.00791	0.01087	0.01803	0.00645	0.13468	0.03359	0.39321	0.01473	0.04400	0.03430	0.00577	0.00467	0.00138	0.04230	0.00443	0.02566	0.05327
110	0.00857	0.00655	0.00819	0.01984	0.00893	0.01755	0.00587	0.04177	0.10352	0.05319	0.05177	0.09644	0.05070	0.16318	0.20686	0.00346	0.11448	0.03124	0.00329	0.00458
111	0.06208	0.68055	0.03638	0.00777	0.01152	0.03518	0.00758	0.01432	0.00946	0.08982	0.00738	0.00803	0.00621	0.00404	0.00308	0.00104	0.00473	0.00263	0.00232	0.00588
112	0.01032	0.37838	0.37850	0.01014	0.01495	0.03497	0.02356	0.01359	0.02023	0.01247	0.01772	0.05089	0.00747	0.00465	0.00375	0.00123	0.00557	0.00348	0.00210	0.00601
113	0.00913	0.00768	0.00871	0.00847	0.04657	0.00835	0.00618	0.01709	0.45919	0.01757	0.24292	0.02405	0.11054	0.00742	0.00483	0.00148	0.00308	0.00635	0.00450	0.00591
114	0.01067	0.00907	0.00962	0.00863	0.01104	0.01031	0.00671	0.05165	0.67393	0.01861	0.07161	0.01923	0.06602	0.00658	0.00464	0.00150	0.00342	0.00549	0.00455	0.00670
115	0.03178	0.00453	0.00508	0.00503	0.00591	0.00473	0.00366	0.00963	0.03116	0.01413	0.01337	0.01772	0.01151	0.10833	0.12410	0.08650	0.00401	0.00448	0.51046	0.00386
116	0.00563	0.00424	0.00522	0.00569	0.00648	0.00383	0.00404	0.00680	0.00988	0.01295	0.18711	0.43612	0.25046	0.01225	0.00552	0.00166	0.00245	0.03158	0.00431	0.00380
117	0.01306	0.57332	0.05681	0.00843	0.01209	0.09723	0.00803	0.07711	0.02213	0.05938	0.00781	0.00853	0.00648	0.00422	0.00331	0.00106	0.00506	0.00283	0.02719	0.00596
118	0.00777	0.00389	0.00583	0.00583	0.00583	0.00389	0.00389	0.00583	0.00583	0.00777	0.00777	0.01360	0.00777	0.01554	0.01748	0.86985	0.00389	0.00389	0.00194	0.00194
119	0.01630	0.01195	0.01286	0.01004	0.01347	0.01323	0.00824	0.66481	0.12979	0.05473	0.01202	0.01172	0.00857	0.00547	0.00449	0.00137	0.00469	0.00419	0.00452	0.00753
120	0.05385	0.05733	0.01064	0.00816	0.01039	0.00997	0.02547	0.28041	0.09954	0.01795	0.01181	0.01602	0.01035	0.20005	0.08013	0.00252	0.02715	0.00458	0.03391	0.03977
121	0.01184	0.70930	0.02078	0.00750	0.01095	0.06191	0.00723	0.01333	0.00932	0.01120	0.00715	0.00824	0.00635	0.00402	0.00296	0.00098	0.00468	0.00261	0.09411	0.00554
122	0.05634	0.01235	0.01311	0.01009	0.01363	0.01370	0.00833	0.76388	0.02042	0.02782	0.01053	0.01058	0.00748	0.00531	0.00440	0.00134	0.00486	0.00395	0.00440	0.00748
123	0.01051	0.00990	0.01595	0.33734	0.45020	0.02567	0.01283	0.05862	0.01038	0.01410	0.00834	0.01133	0.00666	0.00427	0.00444	0.00139	0.00559	0.00396	0.00226	0.00626
124	0.00577	0.00424	0.00518	0.00561	0.00625	0.00391	0.00386	0.00676	0.00933	0.01228	0.15934	0.39083	0.19821	0.13872	0.00815	0.00207	0.00275	0.02907	0.00406	0.00363
125	0.00549	0.00404	0.00511	0.00593	0.00641	0.00371	0.00404	0.00633	0.00881	0.01149	0.02786	0.66352	0.16373	0.03882	0.00617	0.00185	0.00262	0.02634	0.00411	0.00364
126	0.03849	0.00712	0.00942	0.00745	0.01052	0.00622	0.00608	0.01916	0.01230	0.66751	0.05438	0.04574	0.08209	0.00644	0.00460	0.00141	0.00355	0.00530	0.00528	0.00693
127	0.00621	0.00456	0.00578	0.00548	0.00656	0.00417	0.00408	0.00815	0.01221	0.01700	0.69995	0.03446	0.13400	0.03088	0.00573	0.00149	0.00219	0.00821	0.00477	0.00413
128	0.83984	0.00867	0.00677	0.00600	0.00879	0.00999	0.00494	0.02345	0.00793	0.04221	0.00660	0.00753	0.00505	0.00421	0.00284	0.00138	0.00349	0.00250	0.00287	0.00496
129	0.01574	0.01129	0.01208	0.00944	0.01265	0.01243	0.00774	0.65921	0.04838	0.03867	0.01161	0.01178	0.00837	0.00538	0.00431	0.00131	0.00449	0.00409	0.11387	0.00715
130	0.01083	0.01023	0.02734	0.16995	0.64213	0.01039	0.01333	0.01356	0.01003	0.03703	0.00859	0.01132	0.00698	0.00412	0.00444	0.00136	0.00540	0.00399	0.00226	0.00672
131	0.01185	0.81518	0.05278	0.00784	0.01177	0.01743	0.00798	0.01342	0.00910	0.01066	0.00629	0.00726	0.00574	0.00384	0.00292	0.00097	0.00485	0.00243	0.00191	0.00577
132	0.08515	0.01091	0.00994	0.00932	0.02203	0.17285	0.00734	0.08174	0.26992	0.05263	0.01536	0.02134	0.01338	0.00694	0.00464	0.00153	0.00470	0.18456	0.01989	0.00584
133	0.01265	0.00933	0.01013	0.00863	0.01122	0.01025	0.00681	0.26097	0.35250	0.07895	0.01758	0.07811	0.05620	0.02172	0.00492	0.00151	0.00380	0.00550	0.04259	0.00664
134	0.00980	0.00766	0.00844	0.00760	0.00963	0.01992	0.00588	0.03156	0.41059	0.06403	0.28932	0.02386	0.07805	0.00741	0.00484	0.00146	0.00307	0.00631	0.00467	0.00589
135	0.01045	0.01010	0.01735	0.19520	0.58743	0.01063	0.04651	0.01316	0.00982	0.01379	0.00825	0.01125	0.00679	0.00422	0.00485	0.00139	0.03610	0.00404	0.00216	0.00652
136	0.00555	0.00428	0.00507	0.00542	0.00634	0.00380	0.00386	0.00672	0.01001	0.01292	0.18136	0.36022	0.35443	0.01199	0.00545	0.00161	0.00237	0.01050	0.00430	0.00380
137	0.00675	0.00522	0.00789	0.00738	0.00838	0.00573	0.05265	0.00834	0.00785	0.01123	0.04952	0.02027	0.05727	0.10301	0.56096	0.00559	0.02468	0.00534	0.04793	0.00402
138	0.19150	0.01033	0.01075	0.00881	0.02248	0.03087	0.00705	0.30292	0.13750	0.15223	0.01177	0.01151	0.00842	0.00507	0.00404	0.00133	0.00419	0.00380	0.00409	0.07135
139	0.00686	0.00466	0.00602	0.02271	0.00752	0.00436	0.00463	0.02016	0.01025	0.06027	0.20917	0.40122	0.13165	0.02783	0.00581	0.00171	0.00275	0.06393	0.00434	0.00412
140	0.03646	0.15521	0.35497	0.08865	0.03214	0.05772	0.05902	0.01376	0.02914	0.01333	0.00794	0.00965	0.00616	0.00471	0.01813	0.00138	0.02259	0.00332	0.00213	0.08357
141	0.00968	0.00880	0.01277	0.11521	0.35148	0.06332	0.00979	0.01165	0.00927	0.03542	0.01113	0.09635	0.01059	0.07553	0.14160	0.00260	0.02166	0.00513	0.00255	0.00548
142	0.00688	0.02870	0.00665	0.00660	0.00723	0.00516	0.00479	0.00828	0.06503	0.01111	0.01744	0.32134	0.01909	0.09348	0.15423	0.14629	0.00489	0.07433	0.01480	0.00369
143	0.01342	0.08560	0.13966	0.01383	0.20345	0.06004	0.02341	0.06666	0.05440	0.21389	0.02687	0.03685	0.00985	0.00525	0.00438	0.00136	0.00501	0.02598	0.00340	0.00669
144	0.01592	0.04308	0.01313	0.01159	0.02843	0.66804	0.00873	0.06347	0.03227	0.01220	0.00736	0.00858	0.00610	0.00486	0.00471	0.00122	0.05937	0.00307	0.00245	0.00541
145	0.00675	0.00494	0.00518	0.00521	0.00540	0.03450	0.00308	0.00692	0.00712	0.00921	0.02482	0.08686	0.05354	0.70571	0.01987	0.00388	0.00423	0.00697	0.00289	0.00293
146	0.01033	0.01003	0.01422	0.52801	0.14080	0.08311	0.02618	0.07157	0.02506	0.01327	0.00829	0.01140	0.00639	0.00459	0.00473	0.00144	0.02884	0.00393	0.00229	0.00555
147	0.01952	0.00774	0.02948	0.06862	0.04771	0.00756	0.02976	0.06755	0.12913	0.01503	0.04598	0.02358	0.09515	0.00983	0.07909	0.02944	0.00474	0.14808	0.00343	0.13856
148	0.00694	0.00497	0.00632	0.00622	0.00708	0.00536	0.00462	0.02926	0.02405	0.01210	0.04060	0.06620	0.11486	0.15167	0.35845	0.00434	0.02728	0.00605	0.11969	0.00395
149	0.01254	0.01077	0.01078	0.00910	0.01170	0.10625	0.02743	0.31129	0.17260	0.01993	0.07987	0.02036	0.13130	0.00694	0.00473	0.00143	0.00443	0.04825	0.00414	0.00615
150	0.00544	0.00391	0.00517	0.00617	0.00647	0.00364	0.00413	0.00623	0.00862	0.01144	0.02532	0.81424	0.05479	0.01393	0.00570	0.00181	0.00258	0.01261	0.00415	0.00364
151	0.60866	0.00955	0.00847	0.00711	0.01010	0.01083	0.00585	0.20011	0.03540	0.05596	0.00815	0.00872	0.00603	0.00456	0.00330	0.00138	0.00382	0.00297	0.00334	0.00568
152	0.48478	0.01032	0.00944	0.00835	0.04022	0.04645	0.00649	0.24248	0.04298	0.04132	0.00856	0.00920	0.00639	0.00465	0.00350	0.00136	0.00414	0.00315	0.02034	0.00589
153	0.00971	0.00973	0.01396	0.01187	0.01204	0.01337	0.03872	0.01079	0.00703	0.01091	0.00645	0.03026	0.00649	0.00783	0.01411	0.00194	0.78369	0.00418	0.00202	0.00490
154	0.04563	0.01073	0.01179	0.07452	0.03688	0.03513	0.00810	0.31369	0.29675	0.07358	0.01319	0.01300	0.00965	0.00539	0.00439	0.00139	0.00444	0.00428	0.00413	0.03335
155	0.02342	0.68193	0.06982	0.00827	0.01194	0.01647	0.00826	0.04213	0.00935	0.01154	0.00661	0.00786	0.00593	0.00488	0.02373	0.00122	0.05618	0.00266	0.00203	0.00575
156	0.07512	0.01063	0.09956	0.01917	0.12747	0.00944	0.02609	0.17531	0.07329	0.17925	0.10509	0.01454	0.01234	0.00539	0.00438	0.00136	0.00436	0.00447	0.02511	0.02762
157	0.00547	0.00454	0.00480	0.00483	0.00623	0.00387	0.00364	0.00674	0.01043	0.01277	0.13042	0.06507	0.67771	0.01119	0.00533	0.00153	0.00232	0.03505	0.00424	0.00383
158	0.00650	0.00481	0.00609	0.01578	0.00712	0.00451	0.00439	0.02171	0.02169	0.01707	0.65431	0.03411	0.13066	0.02339	0.00557	0.00149	0.00233	0.02951	0.00473	0.00424
159	0.43191	0.00872	0.00886	0.00722	0.01030	0.00919	0.00593	0.12259	0.01130	0.31134	0.01114	0.01103	0.00769	0.01992	0.00399	0.00143	0.00380	0.00347	0.00401	0.00619
160	0.00821	0.00466	0.00518	0.00491	0.00611	0.00455	0.00372	0.03572	0.01086	0.03678	0.25610	0.02230	0.04507	0.00660	0.00392	0.00118	0.00223	0.00552	0.53201	0.00437
161	0.00718	0.00461	0.00543	0.00529	0.00550	0.00469	0.00319	0.00738	0.00684	0.04604	0.01398	0.02755	0.01552	0.73909	0.07151	0.00433	0.01973	0.00626	0.00281	0.00305
162	0.00651	0.00434	0.00488	0.00488	0.00488	0.00434	0.00271	0.00651	0.00651	0.00867	0.01409	0.02927	0.01626	0.84279	0.02277	0.00434	0.00434	0.00651	0.00271	0.00271
163	0.00930	0.10617	0.72751	0.01245	0.03002	0.01113	0.01559	0.01408	0.00942	0.01380	0.00785	0.00924	0.00569	0.00420	0.00411	0.00137	0.00641	0.00322	0.00190	0.00653
164	0.01207	0.03556	0.20015	0.09236	0.23546	0.09426	0.05151	0.03895	0.04698	0.10479	0.00957	0.01109	0.00719	0.00459	0.00475	0.00138	0.03635	0.00384	0.00266	0.00649

[dist]
# distance from previous block
# <min> <max>
0	1

[block]
# block no. 2 follows, 58 sequences, length 31
# corresponding to MSA columns:
# 822-852
name=unknown_C
#
# <colnr> <probs for GDERKNQSTAVLIFYWHMCP>
#	G	D	E	R	K	N	Q	S	T	A	V	L	I	F	Y	W	H	M	C	P
0	0.04836	0.09840	0.03014	0.02544	0.27232	0.32576	0.03835	0.06327	0.01150	0.01369	0.00762	0.00933	0.00630	0.00440	0.00435	0.00125	0.02774	0.00337	0.00237	0.00603
1	0.01587	0.03660	0.01352	0.01042	0.01375	0.10629	0.02896	0.56397	0.12460	0.02409	0.01113	0.01116	0.00813	0.00529	0.00441	0.00134	0.00516	0.00402	0.00411	0.00717
2	0.00628	0.05936	0.00714	0.00671	0.00741	0.00529	0.00497	0.00742	0.00818	0.01106	0.01900	0.46361	0.02149	0.03247	0.28031	0.00361	0.00598	0.04242	0.00339	0.00390
3	0.01209	0.69277	0.02157	0.00839	0.01169	0.07948	0.00796	0.01346	0.00913	0.01058	0.00624	0.00752	0.00576	0.00431	0.00422	0.00108	0.09361	0.00259	0.00195	0.00561
4	0.00687	0.00451	0.00569	0.00596	0.00693	0.00409	0.00434	0.00814	0.01012	0.07542	0.17959	0.39933	0.19081	0.01160	0.00542	0.00164	0.00260	0.05034	0.02247	0.00412
5	0.01058	0.01014	0.00888	0.00810	0.01003	0.17979	0.00618	0.09474	0.20539	0.01513	0.06400	0.03744	0.18447	0.06320	0.05841	0.00198	0.00488	0.02769	0.00373	0.00525
6	0.01080	0.00920	0.00979	0.00883	0.01123	0.01054	0.00685	0.04003	0.71635	0.01866	0.06593	0.04316	0.01573	0.00648	0.00463	0.00152	0.00346	0.00545	0.00456	0.00681
7	0.00570	0.00453	0.00513	0.00520	0.00639	0.00400	0.00381	0.00724	0.02521	0.01364	0.24419	0.17804	0.45874	0.01112	0.00534	0.00154	0.00231	0.00957	0.00436	0.00393
8	0.05082	0.03502	0.01283	0.00969	0.01311	0.01302	0.00801	0.63515	0.07089	0.06897	0.01138	0.01127	0.00812	0.00533	0.00434	0.00134	0.00464	0.00401	0.02471	0.00733
9	0.01047	0.00908	0.01423	0.51933	0.16872	0.02995	0.03204	0.06574	0.01044	0.06614	0.02569	0.01227	0.00739	0.00460	0.00449	0.00143	0.00565	0.00411	0.00250	0.00572
10	0.07199	0.09640	0.01327	0.01110	0.03454	0.65172	0.00835	0.01675	0.01179	0.01159	0.00699	0.00828	0.00589	0.00530	0.02682	0.00132	0.00750	0.00289	0.00230	0.00523
11	0.77497	0.00892	0.00727	0.02461	0.00957	0.01031	0.00531	0.06492	0.03079	0.02037	0.00690	0.00786	0.00530	0.00429	0.00297	0.00139	0.00361	0.00264	0.00291	0.00509
12	0.00986	0.01036	0.01999	0.12318	0.10989	0.01081	0.41733	0.01302	0.02928	0.01335	0.00963	0.06209	0.00822	0.00569	0.02193	0.00167	0.12045	0.00521	0.00235	0.00570
13	0.00615	0.00438	0.00556	0.00616	0.00681	0.00416	0.00431	0.00775	0.04596	0.02472	0.12998	0.58102	0.09127	0.01239	0.00549	0.00170	0.00258	0.02729	0.02836	0.00396
14	0.00903	0.00555	0.00640	0.00591	0.00718	0.00592	0.02308	0.06526	0.03565	0.01680	0.03258	0.01855	0.01253	0.01636	0.00457	0.00127	0.05713	0.05765	0.61401	0.00457
15	0.00594	0.00450	0.00575	0.03217	0.00741	0.00421	0.00446	0.00743	0.01047	0.01399	0.31262	0.28256	0.20779	0.01182	0.02836	0.00175	0.00279	0.04771	0.00431	0.00395
16	0.00777	0.00389	0.00583	0.00583	0.00583	0.00389	0.00389	0.00583	0.00583	0.00777	0.00777	0.01360	0.00777	0.01554	0.01748	0.86985	0.00389	0.00389	0.00194	0.00194
17	0.00950	0.10076	0.63709	0.01363	0.07096	0.01117	0.06813	0.01407	0.00953	0.01386	0.00795	0.00951	0.00584	0.00416	0.00420	0.00137	0.00641	0.00339	0.00194	0.00652
18	0.01061	0.00564	0.00602	0.00536	0.00698	0.00574	0.00419	0.12112	0.01131	0.09119	0.01434	0.01572	0.01089	0.00526	0.00344	0.00112	0.00264	0.00418	0.66930	0.00496
19	0.03785	0.01280	0.01180	0.00974	0.01272	0.15831	0.00777	0.41532	0.17655	0.03689	0.01383	0.01357	0.06122	0.00573	0.00442	0.00136	0.00498	0.00435	0.00405	0.00674
20	0.00655	0.00526	0.00693	0.07566	0.03015	0.00516	0.01944	0.00863	0.04948	0.01306	0.09300	0.25495	0.26772	0.01070	0.00533	0.00164	0.00313	0.11193	0.02707	0.00422
21	0.06231	0.32415	0.23611	0.01177	0.07956	0.04737	0.07619	0.04693	0.02355	0.04227	0.00795	0.00915	0.00626	0.00416	0.00377	0.00123	0.00556	0.00322	0.00231	0.00620
22	0.00968	0.00714	0.00892	0.00809	0.06226	0.00608	0.00579	0.03579	0.03066	0.08954	0.04734	0.17017	0.03326	0.00637	0.00419	0.00112	0.00332	0.01938	0.02459	0.42630
23	0.02777	0.28649	0.20791	0.01178	0.09181	0.05776	0.02449	0.18755	0.03678	0.01619	0.00831	0.00931	0.00651	0.00440	0.00386	0.00123	0.00546	0.00328	0.00263	0.00649
24	0.01192	0.59269	0.12042	0.00919	0.01323	0.03550	0.05302	0.05533	0.00997	0.02739	0.00734	0.02030	0.00634	0.00422	0.00353	0.00110	0.01741	0.00298	0.00218	0.00594
25	0.00575	0.00410	0.00532	0.00603	0.00648	0.00383	0.00414	0.00663	0.00898	0.01197	0.10939	0.58185	0.08589	0.06875	0.00713	0.02671	0.00274	0.04662	0.00407	0.00362
26	0.00860	0.03259	0.17428	0.02219	0.07660	0.02153	0.04992	0.03173	0.07965	0.02503	0.24182	0.02337	0.10815	0.03416	0.01752	0.00162	0.00433	0.03803	0.00352	0.00537
27	0.01049	0.04686	0.18620	0.02418	0.03430	0.03681	0.01648	0.11395	0.04401	0.04781	0.06786	0.06572	0.01903	0.00673	0.04378	0.00150	0.00491	0.00443	0.00310	0.22185
28	0.04489	0.03963	0.09424	0.02957	0.03383	0.02728	0.00675	0.06559	0.03091	0.02982	0.09767	0.09893	0.07457	0.06831	0.04370	0.14416	0.01908	0.03063	0.00315	0.01729
29	0.03470	0.12372	0.30891	0.03393	0.06422	0.05431	0.08661	0.05137	0.07405	0.02913	0.03470	0.01171	0.02226	0.00537	0.02477	0.00148	0.00582	0.00386	0.00256	0.02653
30	0.06736	0.06287	0.04657	0.02676	0.07332	0.02903	0.00690	0.04017	0.02950	0.02553	0.07195	0.04648	0.01084	0.02144	0.05612	0.00150	0.01664	0.00398	0.00288	0.36015

[dist]
# distance from previous block
# <min> <max>
18	79

[block]
# block no. 3 follows, 58 sequences, length 22
# corresponding to MSA columns:
# 948-969
name=unknown_D
#
# <colnr> <probs for GDERKNQSTAVLIFYWHMCP>
#	G	D	E	R	K	N	Q	S	T	A	V	L	I	F	Y	W	H	M	C	P
0	0.02743	0.09308	0.21360	0.03599	0.12691	0.07140	0.04092	0.10246	0.01146	0.05822	0.06371	0.04414	0.05331	0.00541	0.00433	0.00133	0.00520	0.00448	0.00292	0.03369
1	0.04585	0.12168	0.12074	0.01464	0.25187	0.05268	0.03445	0.07777	0.03437	0.03313	0.06406	0.06748	0.02479	0.00552	0.00431	0.00134	0.00492	0.01664	0.01765	0.00611
2	0.01102	0.10561	0.19633	0.03849	0.12614	0.08641	0.02273	0.07210	0.05519	0.05392	0.05046	0.07328	0.05284	0.00573	0.00435	0.00134	0.00509	0.00474	0.00295	0.03125
3	0.02736	0.12015	0.14104	0.01400	0.19627	0.04130	0.04738	0.07106	0.13546	0.02936	0.06584	0.01287	0.01768	0.00504	0.00468	0.00135	0.03880	0.00415	0.00293	0.02327
4	0.03815	0.10284	0.18626	0.12911	0.20920	0.04344	0.04523	0.06780	0.04522	0.04385	0.01850	0.01082	0.00722	0.00440	0.00419	0.00133	0.00552	0.00371	0.00253	0.03070
5	0.05451	0.09329	0.07011	0.03936	0.14600	0.02578	0.00782	0.07194	0.05056	0.02444	0.14186	0.02058	0.11404	0.08166	0.00608	0.00162	0.00417	0.02161	0.00328	0.02130
6	0.01076	0.09290	0.06585	0.05173	0.30311	0.08975	0.05348	0.01359	0.05659	0.01327	0.03786	0.02759	0.00909	0.04947	0.00636	0.00154	0.09140	0.00423	0.00244	0.01898
7	0.01037	0.06279	0.01526	0.12622	0.41032	0.00969	0.03141	0.02616	0.02226	0.03783	0.01044	0.06192	0.00940	0.00536	0.00469	0.01832	0.00491	0.04763	0.00259	0.08243
8	0.00599	0.00440	0.00554	0.03251	0.00706	0.00426	0.00414	0.00716	0.03244	0.01160	0.08073	0.48761	0.09818	0.18620	0.00913	0.00227	0.00303	0.01027	0.00385	0.00364
9	0.09011	0.00831	0.01041	0.12358	0.06445	0.05776	0.05740	0.10773	0.01039	0.01455	0.06444	0.09027	0.02183	0.17583	0.04121	0.00228	0.02061	0.03099	0.00305	0.00480
10	0.00651	0.00531	0.03122	0.00715	0.00805	0.00559	0.00567	0.00806	0.00729	0.01042	0.01246	0.01960	0.01201	0.11545	0.69134	0.00656	0.01078	0.03012	0.00247	0.00394
11	0.01156	0.01069	0.01686	0.04093	0.56580	0.02630	0.05394	0.07781	0.06705	0.02880	0.01012	0.01258	0.01833	0.00459	0.00472	0.00138	0.02146	0.01754	0.00267	0.00686
12	0.00948	0.00888	0.01479	0.28324	0.38738	0.00954	0.03798	0.01256	0.05188	0.01338	0.01092	0.11953	0.00999	0.00555	0.00464	0.00146	0.00515	0.00522	0.00252	0.00592
13	0.00629	0.00525	0.02211	0.02347	0.03487	0.00485	0.01811	0.00830	0.06626	0.01270	0.08107	0.54056	0.13542	0.01185	0.00544	0.00169	0.00290	0.01062	0.00405	0.00418
14	0.22144	0.00830	0.00929	0.00787	0.02826	0.00849	0.00621	0.13219	0.06355	0.31881	0.08673	0.01483	0.02473	0.00559	0.00410	0.00137	0.00365	0.00435	0.04386	0.00637
15	0.00918	0.00859	0.01374	0.55361	0.14888	0.01036	0.01179	0.01267	0.07120	0.01253	0.00877	0.01207	0.00684	0.00484	0.00536	0.00150	0.07956	0.00406	0.01902	0.00544
