[name]
unknown

[dist]
# distance from previous block
# <min> <max>
2	66

[block]
# block no. 0 follows, 60 sequences, length 10
# corresponding to MSA columns:
# 81-90
name=unknown_A
#
# <colnr> <probs for GDERKNQSTAVLIFYWHMCP>
#	G	D	E	R	K	N	Q	S	T	A	V	L	I	F	Y	W	H	M	C	P
0	0.44234	0.03053	0.12542	0.00737	0.01059	0.00903	0.00689	0.01480	0.05961	0.16852	0.04194	0.01089	0.00828	0.00589	0.03991	0.00160	0.00423	0.00335	0.00324	0.00558
1	0.00882	0.00715	0.03542	0.00670	0.00829	0.05224	0.00527	0.07239	0.08073	0.06114	0.25750	0.06434	0.10402	0.13152	0.00736	0.00183	0.00342	0.04497	0.04227	0.00464
2	0.10423	0.00764	0.00951	0.01791	0.04284	0.00700	0.03591	0.02699	0.02149	0.05887	0.04695	0.01426	0.06016	0.00642	0.05071	0.00139	0.03924	0.02685	0.00296	0.41866
3	0.12040	0.28866	0.03102	0.06795	0.04374	0.12761	0.00791	0.10390	0.07357	0.06020	0.00848	0.00927	0.00668	0.00436	0.00355	0.00117	0.00492	0.00310	0.00274	0.03078
4	0.00917	0.00687	0.00845	0.00737	0.02388	0.00686	0.00557	0.06988	0.04572	0.07541	0.15875	0.07851	0.08492	0.09711	0.00756	0.00162	0.10698	0.00572	0.00355	0.19610
5	0.06818	0.00530	0.00657	0.00673	0.00788	0.00523	0.00528	0.03650	0.00972	0.04883	0.11313	0.19816	0.02312	0.12181	0.00751	0.00203	0.00345	0.28832	0.00386	0.03840
6	0.10277	0.01990	0.05466	0.00728	0.02560	0.00687	0.00594	0.03159	0.13004	0.09721	0.14832	0.09538	0.10577	0.00750	0.00448	0.00142	0.00323	0.06068	0.05870	0.03265
7	0.03692	0.02716	0.02751	0.03404	0.01154	0.01806	0.00660	0.20789	0.03083	0.14248	0.01083	0.02279	0.00848	0.04633	0.05397	0.00160	0.01560	0.00376	0.01704	0.27657
8	0.45498	0.00800	0.00840	0.09138	0.01136	0.00909	0.02750	0.01276	0.09581	0.01667	0.03416	0.09189	0.00947	0.00552	0.00417	0.00141	0.05067	0.00412	0.00294	0.05971
9	0.03613	0.11326	0.09894	0.03425	0.07359	0.05960	0.00726	0.01098	0.05438	0.03425	0.03950	0.27830	0.06177	0.05029	0.00546	0.00160	0.00407	0.02837	0.00318	0.00484

[dist]
# distance from previous block
# <min> <max>
5	7

[block]
# block no. 1 follows, 60 sequences, length 15
# corresponding to MSA columns:
# 98-112
name=unknown_B
#
# <colnr> <probs for GDERKNQSTAVLIFYWHMCP>
#	G	D	E	R	K	N	Q	S	T	A	V	L	I	F	Y	W	H	M	C	P
0	0.26558	0.11041	0.18075	0.04789	0.01286	0.00982	0.03547	0.03527	0.02860	0.13321	0.07572	0.02784	0.00974	0.00489	0.00376	0.00133	0.00438	0.00375	0.00305	0.00567
1	0.01048	0.00783	0.01038	0.01732	0.01085	0.02354	0.07722	0.10967	0.08425	0.10367	0.07195	0.04063	0.02250	0.09253	0.12064	0.00244	0.07058	0.02493	0.02700	0.07160
2	0.02501	0.00899	0.03217	0.00840	0.01104	0.05499	0.06877	0.18849	0.02739	0.11198	0.17730	0.01780	0.05016	0.03356	0.04430	0.00163	0.00442	0.00501	0.03713	0.09146
3	0.00954	0.00954	0.01336	0.01145	0.01145	0.01336	0.00954	0.01050	0.00668	0.01050	0.00573	0.00954	0.00573	0.00763	0.01431	0.00191	0.83874	0.00382	0.00191	0.00477
4	0.00936	0.00774	0.00945	0.08266	0.01217	0.00619	0.00585	0.01138	0.00914	0.04402	0.00810	0.00950	0.00656	0.00341	0.00338	0.00075	0.00349	0.00277	0.00263	0.76145
5	0.00538	0.00392	0.00507	0.00586	0.00630	0.00361	0.00398	0.00629	0.00888	0.01179	0.10026	0.69121	0.10543	0.01297	0.00549	0.00171	0.00246	0.01167	0.00412	0.00361
6	0.01001	0.01574	0.42655	0.08873	0.07116	0.00941	0.11709	0.01404	0.02496	0.09839	0.01082	0.01303	0.03187	0.00516	0.01697	0.00150	0.00595	0.02997	0.00249	0.00616
7	0.01178	0.08554	0.03154	0.01041	0.04314	0.00897	0.14233	0.04701	0.02613	0.21823	0.03524	0.12429	0.05658	0.01845	0.00601	0.00151	0.10055	0.02307	0.00353	0.00570
8	0.01614	0.01210	0.01292	0.01070	0.05216	0.05169	0.00835	0.63966	0.06306	0.07236	0.01098	0.01094	0.00783	0.00518	0.00435	0.00131	0.00482	0.00395	0.00422	0.00725
9	0.00832	0.01843	0.62342	0.01126	0.01644	0.00904	0.03498	0.01296	0.03998	0.01404	0.07846	0.09161	0.01111	0.00552	0.00440	0.00142	0.00561	0.00462	0.00241	0.00597
10	0.00908	0.00825	0.03395	0.23738	0.18584	0.03903	0.06226	0.01126	0.00950	0.06377	0.01466	0.20564	0.05127	0.00708	0.00477	0.00150	0.00474	0.04193	0.00291	0.00517
11	0.04187	0.01872	0.01305	0.01235	0.07296	0.65730	0.03361	0.07586	0.01258	0.01257	0.00717	0.00837	0.00585	0.00447	0.00399	0.00117	0.00729	0.00303	0.00241	0.00539
12	0.05784	0.04556	0.00725	0.00646	0.00733	0.00601	0.00489	0.00802	0.00698	0.01032	0.01153	0.01854	0.01136	0.20715	0.56480	0.00578	0.00923	0.00479	0.00240	0.00375
13	0.05353	0.07334	0.08940	0.07557	0.07340	0.06714	0.05125	0.04140	0.00986	0.14146	0.03502	0.01208	0.01729	0.03189	0.01658	0.00153	0.14576	0.00389	0.00282	0.05679
14	0.01146	0.03890	0.12161	0.04537	0.23209	0.00872	0.11395	0.01424	0.02667	0.18341	0.01256	0.09568	0.01991	0.01716	0.00471	0.00142	0.00486	0.00499	0.03614	0.00616

[dist]
# distance from previous block
# <min> <max>
0	1

[block]
# block no. 2 follows, 60 sequences, length 31
# corresponding to MSA columns:
# 114-144
name=unknown_C
#
# <colnr> <probs for GDERKNQSTAVLIFYWHMCP>
#	G	D	E	R	K	N	Q	S	T	A	V	L	I	F	Y	W	H	M	C	P
0	0.01348	0.04024	0.03961	0.04089	0.09889	0.47615	0.00946	0.01516	0.02676	0.01132	0.00729	0.00960	0.00631	0.00517	0.00600	0.00133	0.16660	0.01826	0.00222	0.00527
1	0.00933	0.01364	0.27373	0.16714	0.07852	0.01857	0.22188	0.02378	0.01972	0.02520	0.03856	0.05437	0.00866	0.00483	0.00479	0.00144	0.02313	0.00460	0.00232	0.00578
2	0.01010	0.22291	0.21643	0.00990	0.01326	0.09290	0.06133	0.04222	0.02995	0.01228	0.00937	0.07695	0.00848	0.00882	0.10608	0.02193	0.04528	0.00411	0.00232	0.00538
3	0.01092	0.01095	0.02539	0.36464	0.14606	0.14968	0.04950	0.06763	0.02057	0.02872	0.00888	0.01225	0.00711	0.00463	0.00432	0.00135	0.00580	0.03240	0.01895	0.03026
4	0.00686	0.00531	0.00711	0.04931	0.00935	0.00561	0.00623	0.00919	0.07119	0.01252	0.02254	0.29770	0.07166	0.01140	0.00607	0.00182	0.04949	0.34864	0.00384	0.00415
5	0.01273	0.04607	0.10479	0.09788	0.01578	0.39618	0.06522	0.05467	0.01098	0.01216	0.00819	0.05756	0.00715	0.00523	0.00517	0.00133	0.08749	0.00383	0.00233	0.00527
6	0.00666	0.00475	0.00656	0.00746	0.00831	0.00469	0.00623	0.00841	0.00979	0.01287	0.06922	0.18751	0.02648	0.03131	0.00626	0.00198	0.00365	0.58990	0.00404	0.00391
7	0.02998	0.00868	0.01289	0.03788	0.06024	0.04450	0.18375	0.03712	0.11099	0.16246	0.08769	0.09576	0.05642	0.00660	0.00480	0.00146	0.00453	0.04482	0.00372	0.00571
8	0.14840	0.00529	0.00628	0.00670	0.00794	0.00536	0.00551	0.00895	0.00981	0.01455	0.15774	0.12845	0.09070	0.01031	0.00521	0.00172	0.00326	0.37579	0.00394	0.00407
9	0.00703	0.00433	0.00584	0.00650	0.00718	0.00403	0.00468	0.00804	0.00900	0.09644	0.02320	0.65544	0.02648	0.01259	0.00550	0.00176	0.00284	0.11093	0.00419	0.00401
10	0.00853	0.00802	0.01365	0.66833	0.12134	0.00954	0.03584	0.01137	0.00899	0.01170	0.00873	0.01372	0.00709	0.00473	0.00448	0.00147	0.00568	0.04964	0.00209	0.00507
11	0.01453	0.01733	0.01125	0.02233	0.02696	0.64164	0.00782	0.01570	0.01168	0.03713	0.01050	0.01338	0.05457	0.05170	0.00514	0.00137	0.00693	0.04259	0.00256	0.00490
12	0.01011	0.00883	0.00987	0.13649	0.01346	0.04747	0.00733	0.07328	0.39324	0.02723	0.06976	0.04317	0.09693	0.00658	0.00492	0.00146	0.03478	0.00541	0.00383	0.00585
13	0.00996	0.01371	0.17821	0.01686	0.02142	0.01099	0.60882	0.01375	0.00989	0.01375	0.00846	0.01115	0.00636	0.00398	0.00546	0.00148	0.05301	0.00470	0.00212	0.00593
14	0.87753	0.00843	0.00641	0.00574	0.00843	0.00978	0.00472	0.01282	0.00742	0.01957	0.00607	0.00709	0.00472	0.00405	0.00270	0.00135	0.00337	0.00236	0.00270	0.00472
15	0.00552	0.00403	0.00523	0.00605	0.00657	0.00374	0.00428	0.00652	0.00892	0.01173	0.06579	0.62250	0.12449	0.01294	0.00554	0.00174	0.00263	0.09405	0.00408	0.00364
16	0.05228	0.01009	0.01332	0.01126	0.01188	0.05755	0.04259	0.01172	0.00749	0.05498	0.00655	0.00971	0.00598	0.00700	0.01226	0.00179	0.67264	0.00378	0.00217	0.00497
17	0.04200	0.00666	0.00886	0.00729	0.00996	0.00592	0.00589	0.01745	0.01155	0.59444	0.04978	0.10528	0.03809	0.02432	0.00497	0.00150	0.00350	0.05117	0.00498	0.00640
18	0.00904	0.00775	0.00904	0.00646	0.01034	0.00581	0.00517	0.01098	0.00904	0.01421	0.00775	0.00904	0.00646	0.00323	0.00323	0.00065	0.00323	0.00258	0.00258	0.87339
19	0.00570	0.00411	0.00544	0.00636	0.00685	0.00389	0.00462	0.00674	0.00877	0.01153	0.02484	0.59957	0.07732	0.03377	0.00605	0.00187	0.00288	0.18204	0.00401	0.00363
20	0.00927	0.00884	0.01512	0.50627	0.33635	0.00998	0.02786	0.01207	0.00922	0.01240	0.00795	0.01131	0.00625	0.00416	0.00436	0.00139	0.00560	0.00390	0.00203	0.00567
21	0.00564	0.00415	0.00534	0.00608	0.00670	0.00388	0.00441	0.00672	0.00903	0.01181	0.06825	0.51819	0.15555	0.02478	0.02329	0.00189	0.00291	0.13370	0.00403	0.00366
22	0.14087	0.00867	0.01100	0.01027	0.09605	0.02087	0.04223	0.04323	0.15829	0.36277	0.01428	0.01477	0.01026	0.00535	0.00424	0.00140	0.00404	0.04060	0.00420	0.00662
23	0.00807	0.00513	0.00712	0.00780	0.00896	0.00500	0.00666	0.00992	0.01010	0.09202	0.02262	0.12914	0.02409	0.01157	0.00582	0.00192	0.00383	0.63178	0.00415	0.00430
24	0.00889	0.06287	0.78505	0.01219	0.01850	0.01048	0.01569	0.01378	0.00919	0.01364	0.00774	0.00910	0.00553	0.00412	0.00408	0.00136	0.00636	0.00318	0.00184	0.00640
25	0.00690	0.00606	0.01024	0.16668	0.01383	0.00613	0.14421	0.00871	0.00900	0.01191	0.01940	0.41412	0.07413	0.00969	0.00521	0.00164	0.00406	0.06208	0.02174	0.00425
26	0.01012	0.01000	0.01663	0.11751	0.42766	0.04262	0.13842	0.01244	0.00934	0.01283	0.00845	0.01231	0.00732	0.07128	0.00683	0.02154	0.06248	0.00423	0.00216	0.00583
27	0.01585	0.00724	0.00918	0.00730	0.01008	0.00665	0.00586	0.10961	0.01265	0.53102	0.06548	0.01933	0.09717	0.07489	0.00596	0.00159	0.00363	0.00520	0.00488	0.00645
28	0.01431	0.00690	0.00878	0.00722	0.00969	0.00651	0.00571	0.03618	0.12157	0.45181	0.18695	0.01989	0.01795	0.07894	0.00609	0.00162	0.00339	0.00536	0.00488	0.00623
29	0.01074	0.07680	0.20494	0.18854	0.22232	0.04762	0.06499	0.10646	0.01081	0.01458	0.00810	0.01021	0.00624	0.00421	0.00421	0.00133	0.00579	0.00365	0.00228	0.00618
30	0.01118	0.01128	0.01940	0.05118	0.36676	0.05198	0.29657	0.08218	0.01106	0.01496	0.00902	0.01224	0.00733	0.00424	0.00466	0.00138	0.00605	0.02978	0.00242	0.00632

[dist]
# distance from previous block
# <min> <max>
0	1

[block]
# block no. 3 follows, 60 sequences, length 51
# corresponding to MSA columns:
# 146-196
name=unknown_D
#
# <colnr> <probs for GDERKNQSTAVLIFYWHMCP>
#	G	D	E	R	K	N	Q	S	T	A	V	L	I	F	Y	W	H	M	C	P
0	0.04329	0.00516	0.00586	0.00543	0.00687	0.00486	0.00415	0.06364	0.01185	0.01624	0.45011	0.03331	0.31479	0.00921	0.00499	0.00140	0.00236	0.00785	0.00441	0.00422
1	0.87753	0.00843	0.00641	0.00574	0.00843	0.00978	0.00472	0.01282	0.00742	0.01957	0.00607	0.00709	0.00472	0.00405	0.00270	0.00135	0.00337	0.00236	0.00270	0.00472
2	0.00864	0.00830	0.01317	0.58322	0.02434	0.01082	0.01132	0.01094	0.00809	0.01094	0.00713	0.01099	0.00579	0.00536	0.00741	0.00159	0.26133	0.00386	0.00193	0.00482
3	0.00577	0.00438	0.00591	0.00664	0.00689	0.00453	0.00466	0.00658	0.00823	0.01112	0.02225	0.74295	0.02652	0.01304	0.00642	0.00179	0.08319	0.03162	0.00384	0.00367
4	0.00989	0.00825	0.00950	0.00686	0.01069	0.00668	0.00552	0.10020	0.01033	0.01570	0.00806	0.00920	0.00657	0.00346	0.00336	0.00072	0.00341	0.00273	0.00278	0.77608
5	0.00629	0.00424	0.00472	0.00472	0.00485	0.00418	0.00270	0.00642	0.00668	0.00888	0.01606	0.02928	0.07645	0.76466	0.02048	0.00395	0.00403	0.00651	0.02216	0.00275
6	0.00540	0.00385	0.00516	0.00617	0.00646	0.00361	0.00419	0.00622	0.00843	0.01123	0.02399	0.80539	0.02866	0.01359	0.00559	0.00178	0.00260	0.05007	0.00405	0.00357
7	0.01011	0.00939	0.03991	0.00994	0.07362	0.00776	0.09593	0.09342	0.02274	0.01560	0.00834	0.00974	0.00668	0.00361	0.00369	0.00089	0.00411	0.00317	0.00270	0.57864
8	0.01633	0.01208	0.01309	0.03459	0.01402	0.01341	0.00840	0.78138	0.02016	0.02700	0.01039	0.01051	0.00737	0.00521	0.00436	0.00131	0.00483	0.00393	0.00429	0.00734
9	0.01551	0.01226	0.04698	0.01001	0.01341	0.01304	0.00849	0.69702	0.04460	0.02559	0.01129	0.01138	0.02835	0.00545	0.00474	0.00134	0.03514	0.00406	0.00416	0.00717
10	0.09802	0.03912	0.03512	0.05964	0.04254	0.48727	0.00860	0.01492	0.01043	0.01173	0.00682	0.00865	0.00576	0.00535	0.01484	0.02083	0.11183	0.00305	0.01048	0.00500
11	0.00619	0.00424	0.00542	0.00583	0.00642	0.00398	0.00409	0.00725	0.00918	0.03328	0.18565	0.40357	0.07051	0.14986	0.00819	0.00208	0.00285	0.07492	0.01283	0.00366
12	0.04748	0.00772	0.01115	0.00973	0.01180	0.00807	0.10610	0.11723	0.01135	0.13531	0.01641	0.04607	0.01570	0.00839	0.00609	0.00171	0.08432	0.34628	0.00379	0.00530
13	0.01037	0.04265	0.04505	0.20706	0.04487	0.00887	0.01843	0.05471	0.06548	0.13193	0.02460	0.12688	0.01188	0.02634	0.03422	0.00176	0.09657	0.03000	0.01294	0.00538
14	0.01194	0.56781	0.16317	0.00890	0.01310	0.01465	0.04250	0.03639	0.00964	0.08523	0.00763	0.00840	0.00615	0.00400	0.00332	0.00108	0.00501	0.00284	0.00227	0.00598
15	0.00805	0.00595	0.00704	0.00634	0.00791	0.00596	0.00487	0.08321	0.12779	0.03940	0.52666	0.02872	0.11427	0.00828	0.00495	0.00139	0.00257	0.00714	0.00465	0.00486
16	0.00532	0.00391	0.00495	0.00577	0.00621	0.00358	0.00389	0.00611	0.00855	0.01116	0.02699	0.69246	0.15530	0.03625	0.00596	0.00179	0.00253	0.01172	0.00401	0.00354
17	0.00978	0.00858	0.00976	0.08009	0.08456	0.07049	0.00738	0.01599	0.35401	0.03807	0.01697	0.20688	0.01574	0.00764	0.00474	0.00153	0.00397	0.05440	0.00377	0.00566
18	0.72174	0.07289	0.00827	0.00635	0.00914	0.05615	0.00528	0.04035	0.00833	0.03053	0.00643	0.00735	0.00502	0.00411	0.00286	0.00130	0.00378	0.00247	0.00271	0.00494
19	0.01071	0.02869	0.02938	0.46565	0.10158	0.07013	0.01076	0.05825	0.09831	0.07009	0.00960	0.01179	0.00716	0.00460	0.00430	0.00139	0.00542	0.00391	0.00263	0.00566
20	0.01059	0.60638	0.02713	0.00777	0.01061	0.02457	0.00730	0.01195	0.00854	0.01056	0.00794	0.07144	0.00780	0.00645	0.04661	0.00142	0.09705	0.00344	0.02720	0.00522
21	0.00883	0.26279	0.28690	0.00914	0.01290	0.01051	0.04409	0.01192	0.04302	0.01249	0.04430	0.15466	0.06859	0.00637	0.00415	0.00133	0.00469	0.00528	0.00262	0.00541
22	0.00959	0.18242	0.19694	0.07441	0.01389	0.01969	0.02645	0.02831	0.19987	0.01368	0.01267	0.04956	0.02194	0.05265	0.00519	0.00154	0.00473	0.06628	0.01454	0.00565
23	0.00536	0.00440	0.00475	0.00487	0.00617	0.00378	0.00367	0.00656	0.00998	0.01223	0.09956	0.11464	0.63809	0.01118	0.00525	0.00153	0.00234	0.05780	0.00410	0.00372
24	0.40896	0.30267	0.05460	0.00718	0.01045	0.01269	0.00664	0.05258	0.08305	0.01629	0.00745	0.00818	0.00600	0.00417	0.00305	0.00122	0.00406	0.00271	0.00261	0.00545
25	0.00723	0.00616	0.06747	0.00569	0.00667	0.00507	0.00412	0.02503	0.00723	0.02528	0.01274	0.02456	0.01391	0.66330	0.03062	0.00363	0.00442	0.00567	0.00266	0.07855
26	0.04619	0.04607	0.42238	0.07333	0.01674	0.01026	0.05050	0.04484	0.15892	0.01521	0.01001	0.01107	0.00740	0.00452	0.00409	0.00136	0.00535	0.00367	0.04733	0.02077
27	0.01166	0.84935	0.02285	0.00746	0.01119	0.01726	0.00746	0.01306	0.00886	0.01026	0.00606	0.00700	0.00560	0.00373	0.00280	0.00093	0.00466	0.00233	0.00187	0.00560
28	0.00570	0.00443	0.00506	0.00501	0.00608	0.00405	0.00365	0.00688	0.00958	0.01227	0.19066	0.03587	0.43902	0.14846	0.08183	0.00241	0.00340	0.02820	0.00382	0.00363
29	0.00562	0.00393	0.00501	0.00576	0.00596	0.00375	0.00373	0.00620	0.00784	0.01045	0.02128	0.61259	0.02532	0.23573	0.01001	0.00243	0.00301	0.02441	0.00367	0.00331
30	0.11889	0.01867	0.01171	0.01053	0.01284	0.67528	0.00800	0.05522	0.01206	0.01255	0.00682	0.00793	0.00560	0.00454	0.00401	0.00118	0.02381	0.00283	0.00240	0.00513
31	0.00911	0.00760	0.00836	0.00763	0.00965	0.03654	0.00595	0.01470	0.31117	0.03635	0.07748	0.13352	0.06451	0.00769	0.00492	0.00143	0.02698	0.08743	0.00392	0.14507
32	0.03095	0.06768	0.07224	0.01756	0.01147	0.00799	0.00672	0.09963	0.02749	0.14679	0.03082	0.02057	0.03184	0.00447	0.00374	0.00100	0.00380	0.00354	0.00327	0.40842
33	0.00912	0.12799	0.72195	0.01180	0.01790	0.01104	0.01501	0.01372	0.00916	0.01336	0.00760	0.00893	0.00553	0.00409	0.00397	0.00132	0.00622	0.00311	0.00184	0.00634
34	0.00832	0.00758	0.00738	0.00695	0.00769	0.14440	0.03181	0.00929	0.03006	0.00997	0.03111	0.05169	0.01455	0.48261	0.08712	0.00349	0.01964	0.04006	0.00273	0.00355
35	0.00993	0.03869	0.05684	0.32549	0.04285	0.11399	0.02266	0.08436	0.01032	0.01335	0.02772	0.05089	0.02119	0.02061	0.03802	0.01819	0.00549	0.00433	0.09007	0.00500
36	0.00875	0.02256	0.82413	0.01243	0.01888	0.01013	0.01611	0.01381	0.00921	0.01381	0.00783	0.00921	0.00552	0.00414	0.00414	0.00138	0.00645	0.00322	0.00184	0.00645
37	0.00927	0.00876	0.05114	0.10860	0.03743	0.00869	0.15999	0.03107	0.14317	0.04982	0.14735	0.01868	0.06020	0.06312	0.01946	0.00174	0.06747	0.00543	0.00326	0.00533
38	0.00885	0.00604	0.00808	0.04840	0.01024	0.01599	0.02171	0.07544	0.01094	0.08882	0.08105	0.16755	0.02248	0.02323	0.00572	0.00179	0.00386	0.39111	0.00406	0.00461
39	0.38994	0.00710	0.00768	0.12133	0.01132	0.00770	0.00581	0.01247	0.00903	0.14007	0.09514	0.09855	0.01252	0.02485	0.00420	0.00145	0.00353	0.00462	0.01984	0.02285
40	0.00954	0.01050	0.03533	0.07257	0.01942	0.03325	0.50963	0.01259	0.00997	0.01337	0.01193	0.03405	0.05365	0.00508	0.00516	0.00145	0.02346	0.06546	0.00249	0.07112
41	0.00961	0.00809	0.00935	0.00673	0.01058	0.00640	0.00540	0.07108	0.00991	0.01522	0.00796	0.00915	0.00653	0.00338	0.00332	0.00070	0.00335	0.00269	0.00272	0.80784
42	0.00962	0.00932	0.01306	0.01108	0.01136	0.01261	0.03199	0.04379	0.00734	0.01116	0.00662	0.01108	0.00659	0.07093	0.01422	0.00205	0.71630	0.00405	0.00208	0.00475
43	0.01545	0.03749	0.03718	0.00729	0.01015	0.00631	0.00615	0.01731	0.01201	0.55525	0.18245	0.03863	0.01718	0.00622	0.00447	0.00134	0.00342	0.00519	0.03008	0.00644
44	0.00660	0.06452	0.04146	0.00600	0.00744	0.00528	0.00494	0.00861	0.01151	0.01592	0.59714	0.06813	0.08952	0.00887	0.00500	0.00140	0.00255	0.04650	0.00435	0.00426
45	0.00654	0.00473	0.00622	0.00648	0.00749	0.00456	0.00519	0.00871	0.03300	0.01513	0.39651	0.10498	0.06437	0.01037	0.00544	0.00163	0.00285	0.29083	0.02088	0.00409
46	0.00897	0.08514	0.76348	0.01205	0.01830	0.01067	0.01546	0.01376	0.00918	0.01354	0.00769	0.00904	0.00553	0.00411	0.00404	0.00135	0.00631	0.00316	0.00184	0.00638
47	0.00980	0.02183	0.01484	0.23155	0.42736	0.03601	0.01155	0.02147	0.00956	0.01305	0.03687	0.01281	0.03700	0.00559	0.02902	0.00155	0.06784	0.00417	0.00227	0.00584
48	0.08574	0.07440	0.01363	0.02409	0.12928	0.03867	0.02704	0.36508	0.05373	0.08327	0.01032	0.03118	0.00791	0.00508	0.00445	0.00132	0.03066	0.00395	0.00356	0.00663
49	0.00544	0.00384	0.00504	0.00593	0.00619	0.00360	0.00393	0.00609	0.00818	0.01087	0.02337	0.74787	0.04532	0.07211	0.00701	0.02352	0.00267	0.01169	0.00390	0.00344
50	0.70695	0.02970	0.00863	0.01976	0.12717	0.02085	0.00620	0.01295	0.00791	0.01833	0.00641	0.00769	0.00509	0.00403	0.00298	0.00133	0.00376	0.00261	0.00258	0.00507

[dist]
# distance from previous block
# <min> <max>
0	10

# created by:
# /st0/software/busco_prod/Augustus/scripts/msa2prfl.pl ./align_prep/136314.fa
