[name]
unknown

[dist]
# distance from previous block
# <min> <max>
0	51

[block]
# block no. 0 follows, 60 sequences, length 12
# corresponding to MSA columns:
# 51-62
name=unknown_A
#
# <colnr> <probs for GDERKNQSTAVLIFYWHMCP>
#	G	D	E	R	K	N	Q	S	T	A	V	L	I	F	Y	W	H	M	C	P
0	0.00697	0.00495	0.00684	0.00776	0.00868	0.00495	0.00666	0.00881	0.00973	0.01267	0.02231	0.04748	0.02433	0.08153	0.00737	0.00219	0.00403	0.72492	0.00390	0.00390
1	0.01654	0.01020	0.13982	0.00865	0.01237	0.00772	0.00803	0.08481	0.05339	0.54983	0.05163	0.01446	0.01119	0.00537	0.00438	0.00136	0.00415	0.00435	0.00467	0.00709
2	0.14889	0.60830	0.01808	0.00694	0.01016	0.01440	0.00660	0.01241	0.00907	0.01266	0.10889	0.01025	0.00996	0.00444	0.00308	0.00105	0.00413	0.00304	0.00237	0.00527
3	0.00633	0.00424	0.00482	0.00480	0.00486	0.00422	0.00273	0.00645	0.00669	0.00898	0.05987	0.02877	0.01731	0.79863	0.02122	0.00406	0.00410	0.00643	0.00277	0.00273
4	0.01166	0.84935	0.02285	0.00746	0.01119	0.01726	0.00746	0.01306	0.00886	0.01026	0.00606	0.00700	0.00560	0.00373	0.00280	0.00093	0.00466	0.00233	0.00187	0.00560
5	0.01809	0.11404	0.01158	0.00764	0.01098	0.00770	0.00646	0.01975	0.01202	0.69092	0.04426	0.01448	0.01122	0.00531	0.00421	0.00130	0.00377	0.00425	0.00493	0.00707
6	0.00515	0.00442	0.00442	0.00442	0.00589	0.00368	0.00331	0.00626	0.00994	0.01178	0.04418	0.04197	0.81775	0.01105	0.00515	0.00147	0.00221	0.00920	0.00405	0.00368
7	0.00668	0.00556	0.00923	0.00830	0.00958	0.00605	0.10651	0.00848	0.00760	0.01071	0.01323	0.01791	0.05767	0.02776	0.67662	0.00598	0.01058	0.00500	0.00242	0.00413
8	0.00830	0.01474	0.41315	0.01099	0.01538	0.00844	0.11180	0.01192	0.00901	0.01326	0.05007	0.01243	0.00876	0.01045	0.18407	0.00254	0.00712	0.00395	0.00223	0.10139
9	0.00892	0.20215	0.49529	0.01024	0.01505	0.01076	0.01214	0.01255	0.00904	0.01277	0.05539	0.01109	0.00831	0.00795	0.10852	0.00199	0.00646	0.00348	0.00208	0.00580
10	0.02675	0.28541	0.44992	0.04830	0.01654	0.02952	0.03893	0.01371	0.00923	0.03384	0.00748	0.00878	0.00572	0.00404	0.00373	0.00124	0.00578	0.00304	0.00198	0.00605
11	0.00911	0.13663	0.42701	0.01141	0.01621	0.01043	0.13195	0.01326	0.04884	0.01356	0.05167	0.03888	0.04567	0.00494	0.00424	0.00134	0.00558	0.00426	0.00236	0.02267

[dist]
# distance from previous block
# <min> <max>
2	13

[block]
# block no. 1 follows, 60 sequences, length 125
# corresponding to MSA columns:
# 76-175,179-185,190-207
name=unknown_B
#
# <colnr> <probs for GDERKNQSTAVLIFYWHMCP>
#	G	D	E	R	K	N	Q	S	T	A	V	L	I	F	Y	W	H	M	C	P
0	0.00971	0.14543	0.55917	0.01131	0.01674	0.01109	0.04962	0.06480	0.00992	0.01423	0.00821	0.02038	0.00623	0.00427	0.00396	0.00129	0.00585	0.00336	0.03221	0.02222
1	0.03045	0.22143	0.36518	0.00945	0.01384	0.01076	0.01988	0.02293	0.00940	0.01332	0.07487	0.01241	0.05170	0.00530	0.01767	0.00132	0.03251	0.00370	0.00234	0.08154
2	0.03893	0.03911	0.01337	0.02191	0.01322	0.06531	0.12831	0.05441	0.15441	0.11379	0.01098	0.02734	0.00868	0.00535	0.00593	0.00137	0.14643	0.01431	0.00317	0.13367
3	0.00856	0.07681	0.00973	0.00772	0.00926	0.00841	0.00628	0.06193	0.08532	0.02607	0.03968	0.01877	0.10225	0.03072	0.28771	0.00339	0.13151	0.03210	0.00296	0.05081
4	0.00658	0.00703	0.11553	0.00649	0.00829	0.00511	0.00577	0.00929	0.03940	0.01643	0.60288	0.06089	0.08248	0.00849	0.00500	0.00140	0.00272	0.00741	0.00432	0.00448
5	0.01337	0.00980	0.01098	0.00954	0.03380	0.07569	0.04137	0.09380	0.34327	0.19890	0.04300	0.01601	0.01230	0.00572	0.00444	0.00139	0.00416	0.03497	0.01551	0.03201
6	0.00762	0.00616	0.00804	0.00864	0.07417	0.00603	0.00612	0.02408	0.08330	0.01356	0.06158	0.27150	0.06038	0.00941	0.00536	0.00154	0.03565	0.17155	0.00366	0.14165
7	0.03321	0.07418	0.05080	0.00615	0.00783	0.00591	0.00516	0.00973	0.03640	0.03155	0.63369	0.02781	0.04512	0.00797	0.00479	0.00134	0.00262	0.00689	0.00433	0.00452
8	0.01033	0.00910	0.01105	0.00820	0.01186	0.07304	0.09136	0.01234	0.00965	0.06609	0.00890	0.03539	0.00738	0.00384	0.00364	0.00085	0.00406	0.00330	0.00274	0.62687
9	0.01156	0.64803	0.15207	0.00857	0.01263	0.08187	0.00895	0.01353	0.00920	0.01087	0.00640	0.00743	0.00559	0.00386	0.00311	0.00102	0.00521	0.00252	0.00189	0.00569
10	0.00990	0.00773	0.00913	0.00657	0.01040	0.00586	0.00527	0.01181	0.00932	0.07969	0.00852	0.00951	0.00681	0.00341	0.00332	0.00070	0.00327	0.00273	0.00281	0.80324
11	0.00541	0.00443	0.00477	0.00469	0.00605	0.00379	0.00352	0.00675	0.01055	0.01322	0.23860	0.03961	0.62244	0.01051	0.00515	0.00145	0.00217	0.00887	0.00424	0.00379
12	0.00580	0.00440	0.00522	0.00507	0.00615	0.00395	0.00371	0.00730	0.01086	0.01451	0.44973	0.06699	0.31155	0.07771	0.00655	0.00165	0.00231	0.00840	0.00433	0.00382
13	0.00543	0.00442	0.00481	0.00473	0.00607	0.00380	0.00354	0.00679	0.01057	0.01332	0.25405	0.05135	0.59487	0.01051	0.00516	0.00145	0.00217	0.00889	0.00425	0.00380
14	0.00824	0.00775	0.01308	0.83624	0.03004	0.00969	0.01211	0.01114	0.00872	0.01114	0.00775	0.01163	0.00581	0.00436	0.00436	0.00145	0.00581	0.00388	0.00194	0.00484
15	0.87753	0.00843	0.00641	0.00574	0.00843	0.00978	0.00472	0.01282	0.00742	0.01957	0.00607	0.00709	0.00472	0.00405	0.00270	0.00135	0.00337	0.00236	0.00270	0.00472
16	0.01685	0.00740	0.00959	0.00763	0.01063	0.00679	0.00620	0.03732	0.10528	0.61486	0.08297	0.01740	0.04474	0.00596	0.00448	0.00137	0.00351	0.00491	0.00516	0.00695
17	0.87753	0.00843	0.00641	0.00574	0.00843	0.00978	0.00472	0.01282	0.00742	0.01957	0.00607	0.00709	0.00472	0.00405	0.00270	0.00135	0.00337	0.00236	0.00270	0.00472
18	0.01529	0.02073	0.12119	0.01135	0.01421	0.69114	0.00945	0.04424	0.01222	0.01168	0.00702	0.00814	0.00567	0.00447	0.00398	0.00116	0.00757	0.00290	0.00227	0.00532
19	0.00671	0.00485	0.00661	0.00747	0.00846	0.00476	0.00636	0.00856	0.01003	0.01305	0.06698	0.10410	0.09042	0.01192	0.00587	0.00191	0.00366	0.63025	0.00406	0.00396
20	0.01085	0.00937	0.00986	0.00888	0.01134	0.01085	0.00690	0.02318	0.81164	0.01824	0.01775	0.01627	0.01331	0.00592	0.00444	0.00148	0.00345	0.00493	0.00444	0.00690
21	0.00602	0.00445	0.00561	0.00532	0.00642	0.00405	0.00399	0.00793	0.01198	0.01662	0.69935	0.03401	0.15956	0.00924	0.00515	0.00139	0.00208	0.00809	0.00469	0.00405
22	0.00634	0.00423	0.00476	0.00476	0.00476	0.00423	0.00264	0.00634	0.00634	0.00846	0.01374	0.02854	0.01586	0.84672	0.02220	0.00423	0.00423	0.00634	0.00264	0.00264
23	0.87753	0.00843	0.00641	0.00574	0.00843	0.00978	0.00472	0.01282	0.00742	0.01957	0.00607	0.00709	0.00472	0.00405	0.00270	0.00135	0.00337	0.00236	0.00270	0.00472
24	0.00531	0.00380	0.00506	0.00607	0.00633	0.00354	0.00405	0.00607	0.00835	0.01113	0.02404	0.84388	0.02885	0.01366	0.00557	0.00177	0.00253	0.01240	0.00405	0.00354
25	0.01658	0.01222	0.01309	0.01003	0.01353	0.01353	0.00829	0.80497	0.02051	0.02749	0.01047	0.01047	0.00742	0.00524	0.00436	0.00131	0.00480	0.00393	0.00436	0.00742
26	0.01631	0.02019	0.01241	0.01115	0.01349	0.77243	0.00842	0.07224	0.01293	0.01184	0.00700	0.00805	0.00574	0.00455	0.00396	0.00114	0.00765	0.00289	0.00239	0.00522
27	0.00870	0.00798	0.01317	0.72038	0.09185	0.00969	0.01182	0.03580	0.00919	0.01205	0.00807	0.01167	0.00612	0.00437	0.00432	0.00142	0.00562	0.00388	0.02883	0.00507
28	0.00634	0.00423	0.00476	0.00476	0.00476	0.00423	0.00264	0.00634	0.00634	0.00846	0.01374	0.02854	0.01586	0.84672	0.02220	0.00423	0.00423	0.00634	0.00264	0.00264
29	0.01319	0.14373	0.24416	0.01114	0.01500	0.35378	0.04123	0.09263	0.02240	0.01337	0.00754	0.00863	0.00591	0.00434	0.00392	0.00120	0.00661	0.00308	0.00231	0.00582
30	0.06546	0.00956	0.01014	0.00855	0.01128	0.02041	0.00680	0.22188	0.39267	0.08322	0.05008	0.02851	0.01218	0.00572	0.00428	0.00137	0.00376	0.00460	0.02027	0.03926
31	0.02180	0.07304	0.70298	0.01221	0.01825	0.01071	0.04911	0.03819	0.00956	0.01410	0.00782	0.00919	0.00562	0.00413	0.00409	0.00135	0.00628	0.00326	0.00195	0.00637
32	0.00634	0.00423	0.00476	0.00476	0.00476	0.00423	0.00264	0.00634	0.00634	0.00846	0.01374	0.02854	0.01586	0.84672	0.02220	0.00423	0.00423	0.00634	0.00264	0.00264
33	0.00904	0.00775	0.00904	0.00646	0.01034	0.00581	0.00517	0.01098	0.00904	0.01421	0.00775	0.00904	0.00646	0.00323	0.00323	0.00065	0.00323	0.00258	0.00258	0.87339
34	0.01523	0.01370	0.01178	0.00966	0.01261	0.26180	0.00766	0.37625	0.06859	0.05438	0.01005	0.01039	0.00750	0.00489	0.00408	0.00120	0.00535	0.00357	0.04338	0.07794
35	0.63925	0.03563	0.02180	0.00785	0.01094	0.01012	0.11229	0.04098	0.00864	0.06773	0.00730	0.00833	0.00548	0.00411	0.00321	0.00135	0.00406	0.00292	0.00282	0.00519
36	0.00531	0.00380	0.00506	0.00607	0.00633	0.00354	0.00405	0.00607	0.00835	0.01113	0.02404	0.84388	0.02885	0.01366	0.00557	0.00177	0.00253	0.01240	0.00405	0.00354
37	0.00653	0.00538	0.00814	0.00711	0.00861	0.00494	0.10582	0.00856	0.01133	0.01546	0.49218	0.06983	0.17459	0.00904	0.00522	0.00146	0.00290	0.05441	0.00426	0.00423
38	0.01658	0.01222	0.01309	0.01003	0.01353	0.01353	0.00829	0.80497	0.02051	0.02749	0.01047	0.01047	0.00742	0.00524	0.00436	0.00131	0.00480	0.00393	0.00436	0.00742
39	0.00858	0.00810	0.01370	0.72775	0.13585	0.00978	0.01228	0.01144	0.00888	0.01156	0.00781	0.01152	0.00596	0.00430	0.00435	0.00143	0.00573	0.00388	0.00197	0.00512
40	0.00600	0.00445	0.00559	0.00530	0.00641	0.00404	0.00398	0.00789	0.01194	0.01652	0.68552	0.03418	0.17346	0.00928	0.00515	0.00139	0.00208	0.00811	0.00467	0.00404
41	0.01957	0.00742	0.01012	0.00776	0.01113	0.00641	0.00641	0.02126	0.01248	0.82254	0.01721	0.01484	0.01080	0.00540	0.00439	0.00135	0.00371	0.00439	0.00540	0.00742
42	0.00903	0.00775	0.00913	0.02436	0.01076	0.00590	0.00532	0.01099	0.00904	0.01415	0.00775	0.00910	0.00645	0.00325	0.00325	0.00066	0.00329	0.00261	0.00257	0.85465
43	0.00875	0.02256	0.82413	0.01243	0.01888	0.01013	0.01611	0.01381	0.00921	0.01381	0.00783	0.00921	0.00552	0.00414	0.00414	0.00138	0.00645	0.00322	0.00184	0.00645
44	0.00875	0.02256	0.82413	0.01243	0.01888	0.01013	0.01611	0.01381	0.00921	0.01381	0.00783	0.00921	0.00552	0.00414	0.00414	0.00138	0.00645	0.00322	0.00184	0.00645
45	0.00627	0.00438	0.00560	0.00563	0.00593	0.00466	0.00373	0.00687	0.00665	0.00916	0.01328	0.04820	0.01440	0.51975	0.32175	0.00519	0.00695	0.00590	0.00257	0.00313
46	0.01102	0.01140	0.07266	0.06290	0.46355	0.01076	0.13947	0.09218	0.06421	0.01559	0.00911	0.01122	0.00719	0.00416	0.00445	0.00135	0.00550	0.00412	0.00250	0.00666
47	0.01741	0.01011	0.14510	0.00862	0.01248	0.00734	0.00808	0.03757	0.03983	0.64287	0.01552	0.01386	0.00993	0.00520	0.00435	0.00136	0.00418	0.00420	0.00475	0.00724
48	0.01085	0.00937	0.00986	0.00888	0.01134	0.01085	0.00690	0.02318	0.81164	0.01824	0.01775	0.01627	0.01331	0.00592	0.00444	0.00148	0.00345	0.00493	0.00444	0.00690
49	0.00580	0.00440	0.00535	0.00530	0.00640	0.00396	0.00397	0.00742	0.01109	0.01487	0.46159	0.11630	0.28702	0.01019	0.00522	0.00147	0.00223	0.03906	0.00446	0.00392
50	0.15437	0.01982	0.03693	0.00806	0.01022	0.07387	0.01814	0.09369	0.01108	0.11385	0.04514	0.08596	0.03415	0.00808	0.00473	0.00158	0.00419	0.26731	0.00376	0.00507
51	0.00831	0.00789	0.01352	0.80788	0.02979	0.00974	0.03956	0.01124	0.00878	0.01124	0.00779	0.01163	0.00584	0.00434	0.00439	0.00145	0.00587	0.00392	0.00195	0.00488
52	0.00574	0.00449	0.00497	0.00482	0.00618	0.00387	0.00362	0.00716	0.01074	0.02853	0.28704	0.03852	0.55839	0.01027	0.00514	0.00144	0.00219	0.00870	0.00431	0.00389
53	0.01629	0.02079	0.01236	0.01124	0.01348	0.82921	0.00843	0.01742	0.01236	0.01067	0.00674	0.00787	0.00562	0.00449	0.00393	0.00112	0.00787	0.00281	0.00225	0.00506
54	0.13701	0.01109	0.01144	0.00903	0.01228	0.04961	0.00739	0.47950	0.05456	0.16813	0.01124	0.01094	0.00785	0.00510	0.00412	0.00132	0.00448	0.00379	0.00422	0.00691
55	0.00590	0.00443	0.00546	0.00524	0.00636	0.00399	0.00392	0.00768	0.01164	0.01590	0.60443	0.05866	0.23121	0.00958	0.00516	0.00141	0.00211	0.00834	0.00459	0.00399
56	0.00556	0.00398	0.00523	0.00616	0.00648	0.00376	0.00414	0.02330	0.00861	0.01149	0.02375	0.82590	0.02838	0.01348	0.00554	0.00176	0.00258	0.01222	0.00406	0.00363
57	0.01072	0.01029	0.01757	0.05049	0.79638	0.01034	0.01335	0.01332	0.00990	0.01416	0.00819	0.01082	0.00688	0.00390	0.00432	0.00130	0.00520	0.00389	0.00215	0.00685
58	0.01079	0.01036	0.01770	0.02677	0.81952	0.01036	0.01339	0.01339	0.00993	0.01425	0.00820	0.01079	0.00691	0.00389	0.00432	0.00130	0.00518	0.00389	0.00216	0.00691
59	0.01216	0.01119	0.01052	0.00931	0.01185	0.12081	0.00725	0.10133	0.62464	0.01816	0.01554	0.01456	0.01169	0.00566	0.00436	0.00141	0.00418	0.00455	0.00414	0.00671
60	0.00531	0.00382	0.00504	0.00602	0.00631	0.00355	0.00402	0.00608	0.00840	0.01115	0.02469	0.81811	0.05420	0.01358	0.00555	0.00176	0.00252	0.01230	0.00405	0.00355
61	0.00904	0.00775	0.00904	0.00646	0.01034	0.00581	0.00517	0.01098	0.00904	0.01421	0.00775	0.00904	0.00646	0.00323	0.00323	0.00065	0.00323	0.00258	0.00258	0.87339
62	0.00614	0.00449	0.00580	0.00565	0.00669	0.00415	0.00432	0.00808	0.01182	0.01642	0.65723	0.05991	0.10220	0.00952	0.00524	0.00145	0.00226	0.07993	0.00464	0.00405
63	0.01629	0.02079	0.01236	0.01124	0.01348	0.82921	0.00843	0.01742	0.01236	0.01067	0.00674	0.00787	0.00562	0.00449	0.00393	0.00112	0.00787	0.00281	0.00225	0.00506
64	0.00770	0.00481	0.00623	0.00567	0.00702	0.00436	0.00433	0.00964	0.01217	0.11399	0.65825	0.03120	0.10040	0.00867	0.00505	0.00138	0.00227	0.00757	0.00481	0.00448
65	0.01067	0.01024	0.01749	0.06474	0.78248	0.01033	0.01333	0.01328	0.00987	0.01410	0.00818	0.01083	0.00686	0.00391	0.00432	0.00130	0.00521	0.00389	0.00215	0.00681
66	0.00758	0.00379	0.00568	0.00568	0.00568	0.00379	0.00379	0.00568	0.00568	0.00758	0.00758	0.01326	0.00758	0.01515	0.01705	0.87311	0.00379	0.00379	0.00189	0.00189
67	0.00531	0.00380	0.00506	0.00607	0.00633	0.00354	0.00405	0.00607	0.00835	0.01113	0.02404	0.84388	0.02885	0.01366	0.00557	0.00177	0.00253	0.01240	0.00405	0.00354
68	0.00658	0.00421	0.00466	0.00466	0.00480	0.00421	0.00270	0.00685	0.00672	0.00950	0.01381	0.02690	0.01523	0.73392	0.01963	0.00380	0.00393	0.00604	0.11902	0.00283
69	0.00789	0.00409	0.00416	0.00416	0.00504	0.00409	0.00299	0.00965	0.00877	0.01521	0.01416	0.01791	0.01181	0.11789	0.00562	0.00145	0.00233	0.00437	0.75456	0.00387
70	0.87753	0.00843	0.00641	0.00574	0.00843	0.00978	0.00472	0.01282	0.00742	0.01957	0.00607	0.00709	0.00472	0.00405	0.00270	0.00135	0.00337	0.00236	0.00270	0.00472
71	0.00813	0.00407	0.00407	0.00407	0.00508	0.00407	0.00305	0.01016	0.00915	0.01626	0.01423	0.01626	0.01118	0.00508	0.00305	0.00102	0.00203	0.00407	0.87093	0.00407
72	0.00621	0.00438	0.00557	0.00546	0.00644	0.00406	0.00408	0.00808	0.01145	0.01622	0.59318	0.11178	0.08787	0.00933	0.00505	0.00141	0.00219	0.03841	0.07481	0.00402
73	0.00813	0.00407	0.00407	0.00407	0.00508	0.00407	0.00305	0.01016	0.00915	0.01626	0.01423	0.01626	0.01118	0.00508	0.00305	0.00102	0.00203	0.00407	0.87093	0.00407
74	0.00813	0.00407	0.00407	0.00407	0.00508	0.00407	0.00305	0.01016	0.00915	0.01626	0.01423	0.01626	0.01118	0.00508	0.00305	0.00102	0.00203	0.00407	0.87093	0.00407
75	0.00790	0.00404	0.00415	0.00423	0.00518	0.00402	0.00313	0.00983	0.00908	0.01584	0.01502	0.08330	0.01261	0.00578	0.00325	0.00108	0.00207	0.00474	0.80072	0.00402
76	0.00813	0.00407	0.00407	0.00407	0.00508	0.00407	0.00305	0.01016	0.00915	0.01626	0.01423	0.01626	0.01118	0.00508	0.00305	0.00102	0.00203	0.00407	0.87093	0.00407
77	0.01162	0.00975	0.01029	0.00903	0.01163	0.01121	0.00709	0.12796	0.70560	0.01948	0.01678	0.01549	0.01252	0.00583	0.00443	0.00146	0.00363	0.00480	0.00443	0.00697
78	0.00533	0.00380	0.00506	0.00605	0.00630	0.00355	0.00403	0.00608	0.00832	0.01109	0.02387	0.83082	0.02864	0.02701	0.00583	0.00181	0.00256	0.01230	0.00403	0.00353
79	0.87753	0.00843	0.00641	0.00574	0.00843	0.00978	0.00472	0.01282	0.00742	0.01957	0.00607	0.00709	0.00472	0.00405	0.00270	0.00135	0.00337	0.00236	0.00270	0.00472
80	0.00775	0.00403	0.00420	0.00433	0.00525	0.00400	0.00318	0.00961	0.00904	0.01557	0.01554	0.12719	0.01355	0.00623	0.00339	0.00112	0.00210	0.00518	0.75474	0.00400
81	0.01658	0.01222	0.01309	0.01003	0.01353	0.01353	0.00829	0.80497	0.02051	0.02749	0.01047	0.01047	0.00742	0.00524	0.00436	0.00131	0.00480	0.00393	0.00436	0.00742
82	0.00558	0.00397	0.00532	0.00629	0.00664	0.00376	0.00440	0.00648	0.00851	0.01131	0.02359	0.71219	0.02794	0.03917	0.00614	0.00188	0.00278	0.11646	0.00400	0.00358
83	0.00747	0.00386	0.00579	0.00579	0.00585	0.00392	0.00392	0.00585	0.00579	0.00778	0.00791	0.01357	0.00785	0.01657	0.08285	0.80295	0.00443	0.00386	0.00193	0.00206
84	0.00904	0.00775	0.00904	0.00646	0.01034	0.00581	0.00517	0.01098	0.00904	0.01421	0.00775	0.00904	0.00646	0.00323	0.00323	0.00065	0.00323	0.00258	0.00258	0.87339
85	0.00617	0.00446	0.00583	0.00549	0.00652	0.00412	0.00412	0.00823	0.01235	0.01749	0.81722	0.03258	0.04115	0.00892	0.00514	0.00137	0.00206	0.00789	0.00480	0.00412
86	0.00530	0.00441	0.00464	0.00462	0.00599	0.00374	0.00345	0.00654	0.01024	0.01258	0.15398	0.06413	0.68373	0.01082	0.00517	0.00147	0.00220	0.00911	0.00416	0.00374
87	0.00813	0.00407	0.00407	0.00407	0.00508	0.00407	0.00305	0.01016	0.00915	0.01626	0.01423	0.01626	0.01118	0.00508	0.00305	0.00102	0.00203	0.00407	0.87093	0.00407
88	0.00531	0.00380	0.00506	0.00607	0.00633	0.00354	0.00405	0.00607	0.00835	0.01113	0.02404	0.84388	0.02885	0.01366	0.00557	0.00177	0.00253	0.01240	0.00405	0.00354
89	0.01656	0.01291	0.01303	0.01013	0.01352	0.07960	0.00830	0.74118	0.01985	0.02613	0.01017	0.01026	0.00727	0.00518	0.00433	0.00129	0.00505	0.00384	0.00419	0.00723
90	0.01075	0.01031	0.01762	0.04167	0.80499	0.01035	0.01336	0.01334	0.00991	0.01419	0.00820	0.01081	0.00689	0.00389	0.00432	0.00130	0.00519	0.00389	0.00215	0.00687
91	0.00824	0.00775	0.01308	0.83624	0.03004	0.00969	0.01211	0.01114	0.00872	0.01114	0.00775	0.01163	0.00581	0.00436	0.00436	0.00145	0.00581	0.00388	0.00194	0.00484
92	0.01085	0.00937	0.00986	0.00888	0.01134	0.01085	0.00690	0.02318	0.81164	0.01824	0.01775	0.01627	0.01331	0.00592	0.00444	0.00148	0.00345	0.00493	0.00444	0.00690
93	0.01032	0.01169	0.02531	0.01883	0.06504	0.01099	0.76177	0.01394	0.01027	0.01399	0.00879	0.01171	0.00663	0.00369	0.00510	0.00146	0.00724	0.00508	0.00220	0.00594
94	0.01025	0.01003	0.01229	0.01061	0.01126	0.06894	0.00868	0.07560	0.05111	0.01238	0.00944	0.04965	0.04497	0.00757	0.01144	0.00176	0.59210	0.00446	0.00246	0.00501
95	0.01435	0.01140	0.01394	0.01080	0.01415	0.01241	0.11451	0.53144	0.16479	0.02350	0.01232	0.02283	0.02195	0.00535	0.00451	0.00137	0.00482	0.00447	0.00408	0.00701
96	0.00532	0.00401	0.00494	0.00566	0.00628	0.00363	0.00393	0.00622	0.00886	0.01138	0.02981	0.58859	0.25587	0.01286	0.00546	0.00169	0.00248	0.03537	0.00405	0.00360
97	0.01475	0.25790	0.03915	0.01019	0.01299	0.57290	0.00838	0.01606	0.01127	0.01065	0.00658	0.00766	0.00561	0.00427	0.00361	0.00108	0.00691	0.00268	0.00213	0.00525
98	0.01079	0.01036	0.01770	0.02677	0.81952	0.01036	0.01339	0.01339	0.00993	0.01425	0.00820	0.01079	0.00691	0.00389	0.00432	0.00130	0.00518	0.00389	0.00216	0.00691
99	0.00531	0.00380	0.00506	0.00607	0.00633	0.00354	0.00405	0.00607	0.00835	0.01113	0.02404	0.84388	0.02885	0.01366	0.00557	0.00177	0.00253	0.01240	0.00405	0.00354
100	0.00536	0.00382	0.00505	0.00601	0.00625	0.00357	0.00398	0.00609	0.00826	0.01101	0.02357	0.80646	0.02825	0.05189	0.00633	0.00188	0.00261	0.01212	0.00398	0.00350
101	0.00932	0.16495	0.65745	0.01145	0.01729	0.01139	0.01430	0.01401	0.03698	0.01335	0.00787	0.00907	0.00581	0.00413	0.00392	0.00131	0.00603	0.00313	0.00194	0.00631
102	0.00760	0.00393	0.00594	0.03448	0.00653	0.00399	0.00408	0.00587	0.00579	0.00770	0.00758	0.01320	0.00751	0.01478	0.01661	0.84288	0.00386	0.00379	0.00190	0.00200
103	0.00875	0.02256	0.82413	0.01243	0.01888	0.01013	0.01611	0.01381	0.00921	0.01381	0.00783	0.00921	0.00552	0.00414	0.00414	0.00138	0.00645	0.00322	0.00184	0.00645
104	0.01629	0.02079	0.01236	0.01124	0.01348	0.82921	0.00843	0.01742	0.01236	0.01067	0.00674	0.00787	0.00562	0.00449	0.00393	0.00112	0.00787	0.00281	0.00225	0.00506
105	0.03696	0.01394	0.01298	0.01040	0.01356	0.20181	0.03272	0.53773	0.05994	0.02250	0.00984	0.01013	0.00722	0.00502	0.00425	0.00128	0.00548	0.00372	0.00377	0.00673
106	0.00976	0.01012	0.01247	0.33533	0.01872	0.13869	0.00998	0.01157	0.00840	0.01074	0.00726	0.01084	0.00625	0.00831	0.08841	0.00211	0.30049	0.00377	0.00201	0.00476
107	0.00531	0.00380	0.00506	0.00607	0.00633	0.00354	0.00405	0.00607	0.00835	0.01113	0.02404	0.84388	0.02885	0.01366	0.00557	0.00177	0.00253	0.01240	0.00405	0.00354
108	0.00623	0.00467	0.00701	0.00701	0.00779	0.00545	0.00545	0.00779	0.00701	0.01012	0.01168	0.01713	0.01090	0.03271	0.82944	0.00701	0.01168	0.00467	0.00234	0.00389
109	0.01088	0.01178	0.01306	0.01134	0.01182	0.18048	0.00926	0.01188	0.00785	0.01053	0.00602	0.00931	0.00578	0.00734	0.02365	0.00182	0.65680	0.00362	0.00198	0.00482
110	0.01080	0.01033	0.01748	0.02627	0.79696	0.01038	0.01320	0.01366	0.03231	0.01436	0.00847	0.01095	0.00709	0.00394	0.00432	0.00130	0.00513	0.00392	0.00222	0.00691
111	0.00531	0.00382	0.00504	0.00601	0.00631	0.00355	0.00402	0.00608	0.00841	0.01116	0.02482	0.81281	0.05941	0.01356	0.00555	0.00176	0.00252	0.01228	0.00405	0.00355
112	0.87753	0.00843	0.00641	0.00574	0.00843	0.00978	0.00472	0.01282	0.00742	0.01957	0.00607	0.00709	0.00472	0.00405	0.00270	0.00135	0.00337	0.00236	0.00270	0.00472
113	0.00534	0.00382	0.00510	0.00611	0.00637	0.00357	0.00410	0.00613	0.00838	0.01117	0.02402	0.82989	0.02878	0.01364	0.00557	0.00178	0.00256	0.02609	0.00405	0.00355
114	0.00928	0.00919	0.01330	0.17526	0.01514	0.01263	0.01005	0.01062	0.00708	0.01062	0.00613	0.00996	0.00574	0.00698	0.01234	0.00182	0.67332	0.00383	0.00191	0.00479
115	0.00748	0.00382	0.00561	0.00561	0.00561	0.00382	0.00370	0.00574	0.00574	0.00765	0.00808	0.01450	0.00825	0.08251	0.01746	0.80273	0.00382	0.00399	0.00195	0.00195
116	0.00944	0.00844	0.01324	0.69737	0.05526	0.01023	0.01164	0.11762	0.01034	0.01344	0.00813	0.01144	0.00607	0.00446	0.00436	0.00143	0.00566	0.00388	0.00227	0.00526
117	0.00531	0.00380	0.00506	0.00607	0.00633	0.00354	0.00405	0.00607	0.00835	0.01113	0.02404	0.84388	0.02885	0.01366	0.00557	0.00177	0.00253	0.01240	0.00405	0.00354
118	0.01417	0.01032	0.01221	0.01202	0.13815	0.06734	0.00840	0.14612	0.22060	0.21669	0.01292	0.01283	0.00940	0.00544	0.00539	0.00141	0.09172	0.00421	0.00389	0.00676
119	0.01045	0.01001	0.01708	0.13527	0.71370	0.01027	0.01321	0.01308	0.00977	0.01383	0.00814	0.01091	0.00676	0.00395	0.00432	0.00132	0.00527	0.00388	0.00213	0.00663
120	0.00982	0.01110	0.04103	0.01686	0.02086	0.01020	0.67934	0.01331	0.01024	0.01384	0.01071	0.01672	0.00907	0.00481	0.00524	0.00154	0.00689	0.11032	0.00244	0.00564
121	0.00996	0.01066	0.01598	0.43191	0.02381	0.12030	0.19629	0.01256	0.00932	0.01166	0.00761	0.01090	0.00596	0.00463	0.00573	0.00147	0.11008	0.00402	0.00204	0.00511
122	0.00805	0.00408	0.00413	0.00412	0.00514	0.00407	0.00309	0.01009	0.00927	0.01631	0.04534	0.01689	0.01234	0.00523	0.00313	0.00103	0.00203	0.00421	0.83738	0.00407
123	0.01166	0.84935	0.02285	0.00746	0.01119	0.01726	0.00746	0.01306	0.00886	0.01026	0.00606	0.00700	0.00560	0.00373	0.00280	0.00093	0.00466	0.00233	0.00187	0.00560
124	0.01584	0.01302	0.01260	0.01005	0.01325	0.12253	0.00814	0.60398	0.11599	0.02411	0.01086	0.01083	0.00790	0.00522	0.00431	0.00130	0.00505	0.00390	0.00409	0.00704

[dist]
# distance from previous block
# <min> <max>
0	2

[block]
# block no. 2 follows, 60 sequences, length 16
# corresponding to MSA columns:
# 210-225
name=unknown_C
#
# <colnr> <probs for GDERKNQSTAVLIFYWHMCP>
#	G	D	E	R	K	N	Q	S	T	A	V	L	I	F	Y	W	H	M	C	P
0	0.01653	0.01370	0.01296	0.01024	0.01352	0.15447	0.00831	0.66889	0.01910	0.02458	0.00983	0.01002	0.00711	0.00511	0.00429	0.00128	0.00533	0.00373	0.00400	0.00701
1	0.01657	0.01263	0.01305	0.01009	0.01352	0.05286	0.00830	0.76699	0.02011	0.02668	0.01029	0.01035	0.00733	0.00520	0.00434	0.00130	0.00495	0.00387	0.00426	0.00730
2	0.00687	0.00495	0.00683	0.00778	0.00878	0.00490	0.00673	0.00879	0.00998	0.01292	0.02423	0.07544	0.06671	0.01205	0.00596	0.00197	0.00387	0.72323	0.00402	0.00398
3	0.00711	0.00516	0.00704	0.00794	0.00897	0.00522	0.00682	0.00957	0.05187	0.01319	0.02288	0.10249	0.02474	0.01184	0.00591	0.00196	0.00388	0.69522	0.00404	0.00413
4	0.00875	0.02256	0.82413	0.01243	0.01888	0.01013	0.01611	0.01381	0.00921	0.01381	0.00783	0.00921	0.00552	0.00414	0.00414	0.00138	0.00645	0.00322	0.00184	0.00645
5	0.00637	0.00488	0.00728	0.00720	0.00795	0.00579	0.00563	0.00790	0.00700	0.01014	0.01143	0.01681	0.01068	0.03163	0.79429	0.00679	0.04735	0.00464	0.00232	0.00393
6	0.00756	0.00550	0.00680	0.00610	0.00745	0.00537	0.00467	0.11481	0.01344	0.01883	0.70930	0.02962	0.03664	0.00842	0.00504	0.00136	0.00242	0.00736	0.00474	0.00456
7	0.00808	0.00730	0.00747	0.08772	0.01020	0.11551	0.00572	0.08107	0.01023	0.01265	0.02136	0.47721	0.11768	0.01044	0.00507	0.00158	0.00373	0.00912	0.00363	0.00424
8	0.00620	0.00465	0.00629	0.04656	0.00819	0.00457	0.01958	0.05326	0.00916	0.01216	0.02274	0.71699	0.04809	0.01246	0.00542	0.00171	0.00290	0.01127	0.00393	0.00388
9	0.00629	0.00554	0.00740	0.00656	0.00788	0.00539	0.07701	0.00751	0.00927	0.01178	0.08533	0.06675	0.47152	0.12179	0.00834	0.00189	0.08436	0.00797	0.00354	0.00387
10	0.00919	0.01806	0.56272	0.01189	0.01703	0.00966	0.08566	0.08979	0.01029	0.01480	0.01034	0.12121	0.00893	0.00548	0.00445	0.00143	0.00584	0.00469	0.00242	0.00610
11	0.00694	0.00517	0.00645	0.11655	0.00899	0.00557	0.00452	0.00863	0.08523	0.01005	0.01422	0.09928	0.01534	0.55700	0.03555	0.00343	0.00439	0.00639	0.00284	0.00346
12	0.00539	0.00429	0.00501	0.00526	0.00629	0.00390	0.00384	0.00651	0.00925	0.01168	0.07387	0.25315	0.45871	0.01454	0.11552	0.00229	0.00355	0.00939	0.00386	0.00370
13	0.00906	0.00819	0.01147	0.00866	0.01198	0.00712	0.11256	0.01115	0.00909	0.01373	0.00920	0.01336	0.00823	0.00455	0.00477	0.00100	0.08016	0.07969	0.00261	0.59341
14	0.00942	0.00880	0.01461	0.10086	0.55980	0.00903	0.01128	0.01177	0.00942	0.01317	0.01191	0.01457	0.08139	0.00844	0.11477	0.00209	0.00584	0.00448	0.00233	0.00601
15	0.00729	0.00594	0.00659	0.00687	0.04658	0.00597	0.00484	0.01158	0.22685	0.01411	0.04291	0.12080	0.38093	0.00899	0.00476	0.00145	0.00271	0.00763	0.08844	0.00474

[dist]
# distance from previous block
# <min> <max>
0	4

[block]
# block no. 3 follows, 60 sequences, length 6
# corresponding to MSA columns:
# 230-235
name=unknown_D
#
# <colnr> <probs for GDERKNQSTAVLIFYWHMCP>
#	G	D	E	R	K	N	Q	S	T	A	V	L	I	F	Y	W	H	M	C	P
0	0.01019	0.16973	0.19380	0.01034	0.01483	0.00995	0.16352	0.01304	0.00945	0.04996	0.00809	0.00949	0.00632	0.00371	0.00378	0.00105	0.00503	0.00326	0.00234	0.31213
1	0.00678	0.00502	0.00537	0.00543	0.00670	0.00491	0.00400	0.00986	0.14129	0.01369	0.02894	0.20407	0.33925	0.00945	0.00466	0.00144	0.00244	0.00806	0.19435	0.00427
2	0.19851	0.03793	0.00792	0.00701	0.00860	0.00781	0.00553	0.01192	0.15817	0.01366	0.01146	0.01484	0.01000	0.05238	0.43047	0.00439	0.00776	0.00419	0.00280	0.00466
3	0.00998	0.00962	0.01597	0.25535	0.28301	0.01038	0.14159	0.01498	0.18557	0.01418	0.01027	0.01240	0.00795	0.00443	0.00449	0.00141	0.00534	0.00432	0.00260	0.00614
4	0.00856	0.00730	0.00923	0.16239	0.01336	0.00700	0.00653	0.01241	0.14172	0.01502	0.18703	0.01588	0.01508	0.00513	0.00406	0.00109	0.00349	0.00438	0.00325	0.37708
5	0.01119	0.36938	0.01690	0.01163	0.16297	0.01350	0.00836	0.01700	0.31727	0.01407	0.01095	0.01127	0.00881	0.00460	0.00371	0.00121	0.00430	0.00362	0.00291	0.00634

[dist]
# distance from previous block
# <min> <max>
0	19

# created by:
# /st0/software/busco_prod/Augustus/scripts/msa2prfl.pl ./align_prep/136492.fa
