[name]
unknown

[dist]
# distance from previous block
# <min> <max>
0	15

[block]
# block no. 0 follows, 61 sequences, length 8
# corresponding to MSA columns:
# 15-22
name=unknown_A
#
# <colnr> <probs for GDERKNQSTAVLIFYWHMCP>
#	G	D	E	R	K	N	Q	S	T	A	V	L	I	F	Y	W	H	M	C	P
0	0.00979	0.00650	0.04081	0.00771	0.00936	0.00593	0.00661	0.07307	0.01053	0.15406	0.01876	0.03491	0.01876	0.14170	0.00798	0.00214	0.00410	0.43865	0.00393	0.00470
1	0.01496	0.01105	0.07444	0.00882	0.01205	0.03677	0.00766	0.45809	0.01598	0.16208	0.01176	0.01181	0.00829	0.00507	0.00408	0.00125	0.00435	0.00389	0.14097	0.00666
2	0.07945	0.48470	0.01959	0.00939	0.01267	0.01411	0.13309	0.01348	0.00895	0.08523	0.00738	0.00864	0.00610	0.00427	0.00451	0.00118	0.09632	0.00309	0.00228	0.00558
3	0.00748	0.00493	0.00829	0.07598	0.00955	0.00497	0.09225	0.00701	0.00677	0.00902	0.01019	0.14395	0.01054	0.01261	0.01273	0.56935	0.00410	0.00523	0.00224	0.00280
4	0.01043	0.42914	0.39089	0.00981	0.01465	0.05465	0.01134	0.01346	0.00908	0.01176	0.00682	0.00796	0.00550	0.00391	0.00343	0.00113	0.00557	0.00273	0.00185	0.00589
5	0.01021	0.00875	0.01053	0.01130	0.13841	0.00971	0.00773	0.04474	0.52722	0.01709	0.06246	0.01951	0.01481	0.00634	0.00457	0.00148	0.00370	0.09104	0.00400	0.00637
6	0.01181	0.00702	0.00863	0.00754	0.02969	0.00699	0.00571	0.13892	0.09748	0.23016	0.30949	0.02157	0.02170	0.07641	0.00606	0.00158	0.00329	0.00573	0.00455	0.00568
7	0.01076	0.00851	0.00936	0.00768	0.01063	0.00855	0.00608	0.10332	0.35608	0.06354	0.01599	0.01543	0.08332	0.00537	0.00406	0.00118	0.00339	0.00439	0.00382	0.27853

[dist]
# distance from previous block
# <min> <max>
1	7

[block]
# block no. 1 follows, 61 sequences, length 6
# corresponding to MSA columns:
# 31-36
name=unknown_B
#
# <colnr> <probs for GDERKNQSTAVLIFYWHMCP>
#	G	D	E	R	K	N	Q	S	T	A	V	L	I	F	Y	W	H	M	C	P
0	0.00944	0.00903	0.01509	0.37892	0.39960	0.01023	0.01231	0.01198	0.00898	0.01238	0.00768	0.01090	0.00624	0.00439	0.00522	0.00140	0.08461	0.00383	0.00201	0.00573
1	0.01004	0.00967	0.01601	0.15736	0.55457	0.01063	0.01237	0.01237	0.00907	0.01294	0.00762	0.01059	0.00645	0.00454	0.00594	0.00141	0.14642	0.00382	0.00205	0.00613
2	0.01065	0.00823	0.01355	0.49867	0.22090	0.00919	0.01132	0.01324	0.00953	0.14926	0.00934	0.01182	0.00684	0.00436	0.00430	0.00138	0.00524	0.00392	0.00255	0.00572
3	0.01072	0.00817	0.00969	0.14793	0.01340	0.08473	0.02617	0.01315	0.06054	0.16143	0.04276	0.15004	0.03212	0.00615	0.00427	0.00124	0.00408	0.00526	0.00338	0.21477
4	0.00801	0.00700	0.00895	0.00698	0.00995	0.00574	0.06425	0.01027	0.04758	0.01344	0.01624	0.11632	0.14688	0.00590	0.00399	0.00101	0.00325	0.00513	0.00303	0.51610
5	0.01155	0.01193	0.01662	0.02392	0.68883	0.14523	0.01241	0.01387	0.01020	0.01349	0.00787	0.01019	0.00661	0.00394	0.00420	0.00125	0.00555	0.00366	0.00215	0.00652

[dist]
# distance from previous block
# <min> <max>
0	5

[block]
# block no. 2 follows, 61 sequences, length 23
# corresponding to MSA columns:
# 42-64
name=unknown_C
#
# <colnr> <probs for GDERKNQSTAVLIFYWHMCP>
#	G	D	E	R	K	N	Q	S	T	A	V	L	I	F	Y	W	H	M	C	P
0	0.09920	0.00724	0.00908	0.00818	0.05409	0.00679	0.00606	0.08209	0.01111	0.36843	0.01534	0.19493	0.01303	0.00667	0.00430	0.00134	0.00350	0.00561	0.00422	0.09879
1	0.04621	0.00961	0.01075	0.00889	0.01173	0.01029	0.00740	0.45656	0.05964	0.08422	0.01368	0.01917	0.01158	0.00655	0.00455	0.00142	0.00428	0.17679	0.00416	0.05250
2	0.05881	0.00768	0.00934	0.00797	0.01027	0.05177	0.04934	0.02720	0.13065	0.31936	0.08034	0.19747	0.01644	0.00726	0.00458	0.00144	0.00366	0.00626	0.00435	0.00580
3	0.00666	0.00440	0.00572	0.00625	0.00688	0.00423	0.00460	0.00766	0.00854	0.05225	0.02180	0.34804	0.06670	0.19591	0.02274	0.00239	0.00346	0.22439	0.00373	0.00364
4	0.01208	0.01299	0.01592	0.04295	0.58014	0.23508	0.01185	0.01425	0.01043	0.01303	0.00770	0.00989	0.00645	0.00401	0.00416	0.00124	0.00586	0.00355	0.00215	0.00627
5	0.01173	0.00916	0.01002	0.00833	0.01091	0.00998	0.00664	0.31310	0.29792	0.02107	0.19013	0.01708	0.01663	0.00610	0.00444	0.00133	0.00359	0.00502	0.00434	0.05247
6	0.00933	0.06414	0.56087	0.01155	0.01680	0.01059	0.05539	0.01564	0.18559	0.01442	0.00984	0.01064	0.00720	0.00443	0.00414	0.00137	0.00567	0.00361	0.00240	0.00639
7	0.01063	0.00952	0.01629	0.01326	0.07851	0.00927	0.34629	0.12381	0.06727	0.07151	0.01773	0.01843	0.18576	0.00573	0.00481	0.00141	0.00511	0.00563	0.00324	0.00580
8	0.01601	0.00799	0.01290	0.00969	0.01305	0.00709	0.18142	0.01809	0.01172	0.56988	0.05029	0.01615	0.05397	0.00540	0.00457	0.00137	0.00431	0.00489	0.00454	0.00666
9	0.00567	0.00425	0.00526	0.00529	0.00625	0.00384	0.00386	0.00720	0.01076	0.01455	0.45940	0.21278	0.22444	0.01034	0.00517	0.00147	0.00217	0.00908	0.00440	0.00384
10	0.01517	0.20232	0.01442	0.01019	0.01276	0.63214	0.00806	0.01635	0.01145	0.03084	0.00677	0.00775	0.00567	0.00430	0.00365	0.00107	0.00697	0.00271	0.00221	0.00517
11	0.01504	0.05553	0.01471	0.03071	0.05265	0.03457	0.15266	0.20076	0.02338	0.30911	0.01203	0.02449	0.00850	0.00500	0.00479	0.00135	0.03999	0.00427	0.00383	0.00663
12	0.01933	0.00733	0.01000	0.00766	0.01100	0.00633	0.00633	0.02099	0.01233	0.82473	0.01699	0.01466	0.01066	0.00533	0.00433	0.00133	0.00367	0.00433	0.00533	0.00733
13	0.00994	0.01054	0.01287	0.63715	0.04537	0.18975	0.01120	0.01242	0.00943	0.01098	0.00745	0.01065	0.00573	0.00432	0.00421	0.00136	0.00617	0.00360	0.00199	0.00488
14	0.00770	0.00699	0.01161	0.65600	0.02485	0.00865	0.01052	0.01028	0.00824	0.01079	0.00851	0.01268	0.00684	0.01045	0.18567	0.00264	0.00701	0.00400	0.00200	0.00458
15	0.01009	0.01219	0.07058	0.01803	0.04235	0.01083	0.74146	0.01377	0.01010	0.01380	0.00864	0.01145	0.00648	0.00366	0.00501	0.00144	0.00716	0.00494	0.00216	0.00587
16	0.68991	0.00915	0.00778	0.00660	0.00943	0.01047	0.00544	0.18690	0.01016	0.02104	0.00695	0.00773	0.00525	0.00426	0.00303	0.00132	0.00364	0.00267	0.00303	0.00525
17	0.00661	0.00447	0.00597	0.00590	0.00679	0.00415	0.01903	0.00798	0.01006	0.06118	0.35212	0.30934	0.07928	0.07829	0.02708	0.00186	0.00280	0.00894	0.00420	0.00395
18	0.01209	0.00899	0.03757	0.01027	0.01379	0.00786	0.22102	0.01570	0.10467	0.23750	0.07683	0.01393	0.01111	0.00469	0.00433	0.00122	0.00444	0.00443	0.00358	0.20595
19	0.00698	0.00568	0.00816	0.00990	0.18511	0.00537	0.00598	0.00901	0.01138	0.01589	0.54781	0.02858	0.12743	0.00797	0.00490	0.00135	0.00273	0.00708	0.00408	0.00462
20	0.00875	0.21067	0.45994	0.00964	0.01421	0.01034	0.01133	0.01226	0.00969	0.01362	0.18529	0.01365	0.01319	0.00503	0.00400	0.00126	0.00501	0.00399	0.00247	0.00567
21	0.01015	0.00890	0.01044	0.19063	0.01525	0.01046	0.00795	0.02028	0.63740	0.01648	0.01537	0.01507	0.01153	0.00551	0.00437	0.00146	0.00392	0.00464	0.00384	0.00637
22	0.01206	0.01151	0.02010	0.01476	0.01857	0.01169	0.48136	0.25434	0.07346	0.01805	0.00978	0.01150	0.00725	0.00438	0.00506	0.00142	0.03076	0.00466	0.00298	0.00631

[dist]
# distance from previous block
# <min> <max>
3	10

[block]
# block no. 3 follows, 61 sequences, length 101
# corresponding to MSA columns:
# 76-95,97-169,185-192
name=unknown_D
#
# <colnr> <probs for GDERKNQSTAVLIFYWHMCP>
#	G	D	E	R	K	N	Q	S	T	A	V	L	I	F	Y	W	H	M	C	P
0	0.78964	0.00959	0.00694	0.00623	0.00885	0.09479	0.00504	0.01313	0.00784	0.01842	0.00607	0.00708	0.00476	0.00404	0.00279	0.00131	0.00379	0.00238	0.00262	0.00470
1	0.36054	0.00773	0.00854	0.00687	0.00994	0.00765	0.00567	0.01769	0.01035	0.50507	0.01263	0.01162	0.00828	0.00480	0.00367	0.00133	0.00353	0.00354	0.00427	0.00627
2	0.81642	0.00837	0.00667	0.00586	0.00858	0.00959	0.00483	0.03183	0.00788	0.05910	0.00664	0.00745	0.00502	0.00409	0.00279	0.00133	0.00338	0.00247	0.00284	0.00486
3	0.02580	0.00951	0.01244	0.01005	0.01305	0.01016	0.12826	0.09911	0.44870	0.17133	0.01520	0.01442	0.01097	0.00532	0.00445	0.00142	0.00417	0.00466	0.00420	0.00678
4	0.01609	0.02053	0.01221	0.01110	0.01332	0.83132	0.00832	0.01720	0.01221	0.01054	0.00666	0.00777	0.00555	0.00444	0.00388	0.00111	0.00777	0.00277	0.00222	0.00499
5	0.01040	0.00997	0.01701	0.11090	0.73934	0.01017	0.01309	0.01299	0.00968	0.01375	0.00806	0.01075	0.00671	0.00389	0.00427	0.00130	0.00518	0.00384	0.00211	0.00661
6	0.01013	0.01152	0.02484	0.01783	0.02199	0.01100	0.76865	0.01364	0.01000	0.01364	0.00857	0.01152	0.00649	0.00381	0.00551	0.00147	0.04644	0.00502	0.00216	0.00576
7	0.00948	0.00952	0.01370	0.01158	0.01183	0.01304	0.04637	0.01075	0.02132	0.01066	0.00601	0.00965	0.00583	0.00733	0.01354	0.00186	0.78693	0.00385	0.00194	0.00480
8	0.04231	0.00508	0.00662	0.00595	0.00734	0.00479	0.01992	0.00990	0.03290	0.08726	0.67083	0.02895	0.04512	0.00816	0.00490	0.00136	0.00237	0.00716	0.00464	0.00447
9	0.01194	0.00861	0.00944	0.00821	0.01072	0.02338	0.00644	0.03473	0.53658	0.16402	0.08733	0.01716	0.02660	0.00598	0.00440	0.00140	0.00341	0.00497	0.00449	0.03020
10	0.01077	0.00901	0.00961	0.00854	0.01103	0.01019	0.00666	0.02192	0.73341	0.04165	0.03619	0.01608	0.01341	0.00578	0.00434	0.00142	0.00337	0.00482	0.00433	0.04746
11	0.01066	0.01023	0.01748	0.02644	0.82174	0.01023	0.01322	0.01322	0.00981	0.01407	0.00810	0.01066	0.00682	0.00384	0.00426	0.00128	0.00512	0.00384	0.00213	0.00682
12	0.01609	0.02053	0.01221	0.01110	0.01332	0.83132	0.00832	0.01720	0.01221	0.01054	0.00666	0.00777	0.00555	0.00444	0.00388	0.00111	0.00777	0.00277	0.00222	0.00499
13	0.01059	0.00915	0.00962	0.00867	0.01108	0.01056	0.00674	0.02252	0.79629	0.01788	0.01811	0.01663	0.03088	0.00596	0.00440	0.00146	0.00338	0.00496	0.00437	0.00675
14	0.01933	0.00733	0.01000	0.00766	0.01100	0.00633	0.00633	0.02099	0.01233	0.82473	0.01699	0.01466	0.01066	0.00533	0.00433	0.00133	0.00367	0.00433	0.00533	0.00733
15	0.01066	0.01023	0.01748	0.02644	0.82174	0.01023	0.01322	0.01322	0.00981	0.01407	0.00810	0.01066	0.00682	0.00384	0.00426	0.00128	0.00512	0.00384	0.00213	0.00682
16	0.00525	0.00375	0.00500	0.00600	0.00625	0.00350	0.00400	0.00600	0.00825	0.01100	0.02374	0.84580	0.02849	0.01350	0.00550	0.00175	0.00250	0.01225	0.00400	0.00350
17	0.01152	0.85121	0.02257	0.00737	0.01106	0.01704	0.00737	0.01290	0.00875	0.01013	0.00599	0.00691	0.00553	0.00369	0.00276	0.00092	0.00461	0.00230	0.00184	0.00553
18	0.00813	0.00766	0.01292	0.83826	0.02967	0.00957	0.01196	0.01101	0.00861	0.01101	0.00766	0.01148	0.00574	0.00431	0.00431	0.00144	0.00574	0.00383	0.00191	0.00479
19	0.00864	0.02228	0.82630	0.01228	0.01864	0.01000	0.01592	0.01364	0.00909	0.01364	0.00773	0.00909	0.00546	0.00409	0.00409	0.00136	0.00637	0.00318	0.00182	0.00637
20	0.01068	0.00926	0.00983	0.00883	0.01120	0.01078	0.00689	0.02256	0.79286	0.01782	0.01722	0.01590	0.01295	0.00589	0.00464	0.00147	0.02529	0.00484	0.00432	0.00676
21	0.00882	0.07564	0.77456	0.01196	0.01816	0.01046	0.01537	0.01359	0.00907	0.01342	0.00762	0.00895	0.00546	0.00407	0.00401	0.00134	0.00625	0.00313	0.00182	0.00631
22	0.00864	0.02228	0.82630	0.01228	0.01864	0.01000	0.01592	0.01364	0.00909	0.01364	0.00773	0.00909	0.00546	0.00409	0.00409	0.00136	0.00637	0.00318	0.00182	0.00637
23	0.00525	0.00375	0.00500	0.00600	0.00625	0.00350	0.00400	0.00600	0.00825	0.01100	0.02374	0.84580	0.02849	0.01350	0.00550	0.00175	0.00250	0.01225	0.00400	0.00350
24	0.01007	0.00963	0.01641	0.21696	0.63586	0.01008	0.01292	0.01270	0.00953	0.01335	0.00800	0.01085	0.00657	0.00395	0.00427	0.00132	0.00526	0.00384	0.00208	0.00634
25	0.00942	0.00942	0.01319	0.01131	0.01131	0.01319	0.00942	0.01037	0.00660	0.01037	0.00565	0.00942	0.00565	0.00754	0.01414	0.00188	0.84073	0.00377	0.00188	0.00471
26	0.01031	0.42610	0.33804	0.02816	0.08164	0.02510	0.01133	0.01324	0.00902	0.01186	0.00689	0.00819	0.00561	0.00388	0.00346	0.00114	0.00541	0.00281	0.00186	0.00594
27	0.01057	0.01007	0.01621	0.03749	0.51938	0.01041	0.09046	0.01570	0.21504	0.01499	0.01056	0.01215	0.00839	0.00434	0.00438	0.00135	0.00491	0.00423	0.00271	0.00668
28	0.00555	0.00436	0.00502	0.00489	0.00611	0.00383	0.00366	0.00707	0.01086	0.01419	0.39713	0.06099	0.44092	0.01003	0.00510	0.00142	0.00212	0.00859	0.00434	0.00383
29	0.01063	0.03138	0.01004	0.00714	0.01082	0.00755	0.00579	0.14546	0.04425	0.04025	0.00875	0.00958	0.00692	0.00371	0.00345	0.00081	0.00351	0.00292	0.00299	0.64406
30	0.00576	0.00438	0.00567	0.00627	0.00679	0.00426	0.00435	0.00690	0.03017	0.01133	0.02282	0.70912	0.06023	0.01240	0.00574	0.00168	0.04183	0.01105	0.00384	0.04540
31	0.01156	0.64360	0.12639	0.00828	0.01226	0.01562	0.00855	0.08559	0.03173	0.01236	0.00693	0.00776	0.00589	0.00393	0.00312	0.00103	0.00482	0.00263	0.00213	0.00584
32	0.00568	0.00413	0.00537	0.00584	0.00645	0.00388	0.00410	0.00714	0.02737	0.01333	0.29408	0.51241	0.05929	0.01163	0.00532	0.00160	0.00237	0.02200	0.00426	0.00378
33	0.78990	0.00835	0.00679	0.00593	0.00867	0.00950	0.00489	0.03408	0.00806	0.08192	0.00696	0.00768	0.00520	0.00413	0.00284	0.00133	0.00339	0.00253	0.00292	0.00494
34	0.01048	0.01005	0.01716	0.08415	0.76544	0.01019	0.01313	0.01306	0.00972	0.01385	0.00807	0.01072	0.00675	0.00387	0.00427	0.00129	0.00516	0.00384	0.00212	0.00668
35	0.00536	0.00393	0.00506	0.00587	0.00630	0.00366	0.00399	0.00640	0.02249	0.01144	0.05894	0.72507	0.09969	0.01293	0.00542	0.00170	0.00247	0.01165	0.00404	0.00359
36	0.00509	0.00436	0.00436	0.00436	0.00582	0.00364	0.00327	0.00618	0.00982	0.01164	0.04364	0.04146	0.82000	0.01091	0.00509	0.00145	0.00218	0.00909	0.00400	0.00364
37	0.00896	0.00912	0.01849	0.01432	0.01741	0.00867	0.50625	0.01197	0.01007	0.01346	0.01400	0.02549	0.01339	0.00673	0.00541	0.00165	0.00603	0.30062	0.00285	0.00512
38	0.01024	0.05452	0.02527	0.01760	0.02193	0.01121	0.76529	0.01375	0.01009	0.01361	0.00858	0.01138	0.00648	0.00363	0.00496	0.00143	0.00713	0.00494	0.00216	0.00580
39	0.83511	0.00828	0.00652	0.00577	0.00847	0.00949	0.00475	0.01309	0.00759	0.06048	0.00656	0.00739	0.00497	0.00407	0.00275	0.00133	0.00335	0.00243	0.00280	0.00480
40	0.00813	0.00766	0.01292	0.83826	0.02967	0.00957	0.01196	0.01101	0.00861	0.01101	0.00766	0.01148	0.00574	0.00431	0.00431	0.00144	0.00574	0.00383	0.00191	0.00479
41	0.01037	0.01146	0.02471	0.01837	0.06312	0.01077	0.74985	0.01391	0.01019	0.02977	0.00885	0.01163	0.00663	0.00368	0.00503	0.00144	0.00708	0.00501	0.00224	0.00589
42	0.10072	0.00980	0.01059	0.00835	0.01155	0.08116	0.00682	0.22043	0.01386	0.47232	0.01333	0.01222	0.00879	0.00508	0.00413	0.00130	0.00427	0.00389	0.00454	0.00687
43	0.01066	0.01023	0.01748	0.02644	0.82174	0.01023	0.01322	0.01322	0.00981	0.01407	0.00810	0.01066	0.00682	0.00384	0.00426	0.00128	0.00512	0.00384	0.00213	0.00682
44	0.82862	0.00904	0.00667	0.00598	0.00862	0.05767	0.00488	0.01293	0.00762	0.01881	0.00604	0.00704	0.00472	0.00402	0.00274	0.00132	0.00359	0.00236	0.00264	0.00468
45	0.00621	0.00413	0.00573	0.00650	0.00693	0.00404	0.00483	0.00683	0.00816	0.01081	0.01986	0.41655	0.02269	0.02830	0.03200	0.16749	0.00345	0.23866	0.00351	0.00332
46	0.03095	0.01205	0.01291	0.01068	0.05450	0.03674	0.00834	0.70295	0.04666	0.02555	0.01029	0.01042	0.00740	0.00508	0.00427	0.00129	0.00478	0.00385	0.00411	0.00717
47	0.01017	0.01162	0.02542	0.01816	0.02251	0.01089	0.80610	0.01380	0.01017	0.01380	0.00871	0.01162	0.00654	0.00363	0.00508	0.00145	0.00726	0.00508	0.00218	0.00581
48	0.01095	0.01033	0.01725	0.02560	0.78044	0.01039	0.01296	0.05380	0.01034	0.01474	0.00822	0.01064	0.00685	0.00391	0.00427	0.00128	0.00510	0.00384	0.00224	0.00685
49	0.01101	0.70557	0.16379	0.00823	0.01239	0.01581	0.00887	0.01303	0.00881	0.01075	0.00629	0.00729	0.00552	0.00376	0.00300	0.00100	0.00492	0.00246	0.00184	0.00568
50	0.00528	0.00376	0.00499	0.00595	0.00619	0.00352	0.00395	0.00601	0.00818	0.01090	0.02338	0.81691	0.02804	0.04301	0.00608	0.00184	0.00256	0.01203	0.00395	0.00347
51	0.01933	0.00733	0.01000	0.00766	0.01100	0.00633	0.00633	0.02099	0.01233	0.82473	0.01699	0.01466	0.01066	0.00533	0.00433	0.00133	0.00367	0.00433	0.00533	0.00733
52	0.01115	0.00915	0.00975	0.00871	0.01119	0.01049	0.00679	0.02279	0.77300	0.05924	0.01750	0.01600	0.01302	0.00582	0.00438	0.00145	0.00342	0.00484	0.00443	0.00684
53	0.01045	0.01007	0.01736	0.09002	0.73586	0.01020	0.03655	0.01306	0.00972	0.01382	0.00809	0.01075	0.00673	0.00387	0.00429	0.00130	0.00523	0.00387	0.00212	0.00663
54	0.00558	0.00436	0.00482	0.00470	0.00599	0.00380	0.00353	0.00703	0.01058	0.01376	0.30415	0.03704	0.51612	0.00990	0.00498	0.00140	0.00212	0.00840	0.04793	0.00380
55	0.01257	0.01352	0.00876	0.00812	0.00977	0.47964	0.00604	0.01396	0.01072	0.01249	0.00978	0.01191	0.00812	0.04779	0.00448	0.00123	0.00543	0.00342	0.32774	0.00451
56	0.00864	0.02228	0.82630	0.01228	0.01864	0.01000	0.01592	0.01364	0.00909	0.01364	0.00773	0.00909	0.00546	0.00409	0.00409	0.00136	0.00637	0.00318	0.00182	0.00637
57	0.01066	0.01023	0.01748	0.02644	0.82174	0.01023	0.01322	0.01322	0.00981	0.01407	0.00810	0.01066	0.00682	0.00384	0.00426	0.00128	0.00512	0.00384	0.00213	0.00682
58	0.01103	0.00813	0.01136	0.00829	0.01200	0.00668	0.11554	0.01345	0.03443	0.16465	0.02581	0.01104	0.00808	0.00384	0.00374	0.00092	0.00382	0.00340	0.00312	0.55068
59	0.01017	0.01162	0.02542	0.01816	0.02251	0.01089	0.80610	0.01380	0.01017	0.01380	0.00871	0.01162	0.00654	0.00363	0.00508	0.00145	0.00726	0.00508	0.00218	0.00581
60	0.00577	0.00439	0.00531	0.00508	0.00624	0.00393	0.00381	0.00750	0.01143	0.01545	0.56903	0.03517	0.29222	0.00949	0.00508	0.00139	0.00208	0.00821	0.00450	0.00393
61	0.00554	0.00438	0.00498	0.00483	0.00609	0.00383	0.00362	0.00704	0.01087	0.01413	0.38658	0.03735	0.47549	0.00998	0.00509	0.00141	0.00212	0.00852	0.00433	0.00383
62	0.01475	0.01694	0.01246	0.01091	0.01337	0.56543	0.06072	0.01834	0.17762	0.05390	0.00957	0.01009	0.00744	0.00472	0.00409	0.00122	0.00662	0.00344	0.00282	0.00554
63	0.01126	0.77613	0.09536	0.00781	0.01174	0.01641	0.00814	0.01297	0.00878	0.01045	0.00615	0.00711	0.00552	0.00372	0.00288	0.00096	0.00477	0.00238	0.00184	0.00560
64	0.00615	0.00462	0.00692	0.00692	0.00769	0.00538	0.00538	0.00769	0.00692	0.01000	0.01154	0.01692	0.01077	0.03231	0.83154	0.00692	0.01154	0.00462	0.00231	0.00385
65	0.00864	0.02228	0.82630	0.01228	0.01864	0.01000	0.01592	0.01364	0.00909	0.01364	0.00773	0.00909	0.00546	0.00409	0.00409	0.00136	0.00637	0.00318	0.00182	0.00637
66	0.01933	0.00733	0.01000	0.00766	0.01100	0.00633	0.00633	0.02099	0.01233	0.82473	0.01699	0.01466	0.01066	0.00533	0.00433	0.00133	0.00367	0.00433	0.00533	0.00733
67	0.84254	0.00823	0.00638	0.00568	0.00833	0.00948	0.00467	0.01281	0.00748	0.03848	0.00641	0.00735	0.00493	0.00405	0.00271	0.00133	0.00332	0.00241	0.01870	0.00472
68	0.00824	0.00776	0.01310	0.80597	0.06117	0.00960	0.01201	0.01109	0.00866	0.01113	0.00767	0.01145	0.00579	0.00429	0.00430	0.00143	0.00572	0.00383	0.00192	0.00487
69	0.82768	0.00827	0.00655	0.00578	0.00849	0.00946	0.00476	0.01316	0.00763	0.06744	0.00665	0.00746	0.00502	0.00408	0.00277	0.00133	0.00335	0.00245	0.00282	0.00482
70	0.00509	0.00436	0.00436	0.00436	0.00582	0.00364	0.00327	0.00618	0.00982	0.01164	0.04364	0.04146	0.82000	0.01091	0.00509	0.00145	0.00218	0.00909	0.00400	0.00364
71	0.00893	0.00766	0.00893	0.00638	0.01021	0.00574	0.00510	0.01085	0.00893	0.01404	0.00766	0.00893	0.00638	0.00319	0.00319	0.00064	0.00319	0.00255	0.00255	0.87495
72	0.01609	0.02053	0.01221	0.01110	0.01332	0.83132	0.00832	0.01720	0.01221	0.01054	0.00666	0.00777	0.00555	0.00444	0.00388	0.00111	0.00777	0.00277	0.00222	0.00499
73	0.01342	0.01651	0.01817	0.01428	0.01747	0.46107	0.36835	0.01567	0.01129	0.01201	0.00759	0.00951	0.00599	0.00407	0.00443	0.00126	0.00754	0.00382	0.00220	0.00536
74	0.00738	0.00505	0.00618	0.00631	0.00748	0.02047	0.00488	0.00912	0.02945	0.08611	0.20463	0.23014	0.17358	0.01053	0.00527	0.00160	0.00289	0.18048	0.00425	0.00421
75	0.00567	0.00439	0.00517	0.00498	0.00618	0.00388	0.00373	0.00731	0.01120	0.01491	0.49358	0.03607	0.36801	0.00969	0.00508	0.00140	0.00210	0.00834	0.00443	0.00388
76	0.00517	0.00404	0.00469	0.00521	0.00604	0.00356	0.00365	0.00609	0.00900	0.01130	0.03331	0.45906	0.40906	0.01225	0.00530	0.00161	0.00235	0.01073	0.00400	0.00356
77	0.74322	0.00809	0.00670	0.00588	0.00850	0.00916	0.00482	0.03188	0.00829	0.07310	0.06078	0.00926	0.00751	0.00443	0.00298	0.00133	0.00330	0.00286	0.00302	0.00487
78	0.01045	0.00980	0.01670	0.02506	0.76763	0.00980	0.01259	0.01272	0.00953	0.01364	0.00806	0.01082	0.00687	0.00458	0.00510	0.05920	0.00503	0.00383	0.00211	0.00649
79	0.00553	0.00449	0.00505	0.00520	0.00651	0.00400	0.00409	0.00686	0.00976	0.01203	0.07755	0.04059	0.58900	0.01239	0.06004	0.00190	0.00310	0.14424	0.00392	0.00373
80	0.00877	0.02148	0.77266	0.01322	0.07190	0.01002	0.01574	0.01361	0.00914	0.01367	0.00775	0.00920	0.00555	0.00408	0.00410	0.00136	0.00628	0.00323	0.00184	0.00640
81	0.00864	0.00811	0.01368	0.57769	0.22866	0.00946	0.01184	0.01135	0.00880	0.01172	0.00803	0.01164	0.00635	0.00604	0.05915	0.00176	0.00597	0.00388	0.00200	0.00524
82	0.00950	0.00522	0.00684	0.00600	0.00764	0.00472	0.00465	0.01155	0.02363	0.22352	0.56953	0.02786	0.06598	0.00797	0.00488	0.00135	0.00248	0.00692	0.00486	0.00492
83	0.00518	0.00401	0.00473	0.00531	0.00607	0.00356	0.00369	0.00608	0.00891	0.01127	0.03215	0.50590	0.36297	0.01240	0.00533	0.00162	0.00237	0.01091	0.00400	0.00356
84	0.85381	0.00821	0.00626	0.00562	0.00823	0.00950	0.00462	0.01259	0.00738	0.01923	0.00623	0.00726	0.00485	0.00403	0.00268	0.00132	0.00329	0.00238	0.02787	0.00465
85	0.00556	0.00438	0.00488	0.00502	0.00620	0.00386	0.00376	0.00670	0.02095	0.01187	0.09032	0.12244	0.55872	0.01131	0.00597	0.05942	0.00246	0.06867	0.00391	0.00360
86	0.01014	0.00969	0.01635	0.07263	0.72115	0.00976	0.01249	0.01262	0.00974	0.01373	0.01043	0.01275	0.06068	0.00433	0.00432	0.00130	0.00496	0.00419	0.00224	0.00649
87	0.00530	0.00379	0.00505	0.00596	0.00626	0.00354	0.00400	0.00614	0.00851	0.01141	0.07651	0.79185	0.02930	0.01318	0.00547	0.00172	0.00247	0.01195	0.00405	0.00354
88	0.06589	0.00770	0.01248	0.78305	0.02825	0.00958	0.01148	0.01112	0.00853	0.01156	0.00755	0.01119	0.00567	0.00429	0.00420	0.00143	0.00558	0.00373	0.00196	0.00478
89	0.82146	0.00846	0.00707	0.00704	0.06227	0.00970	0.00523	0.01270	0.00750	0.01898	0.00614	0.00724	0.00481	0.00399	0.00277	0.00133	0.00345	0.00243	0.00263	0.00481
90	0.01104	0.01036	0.01718	0.02534	0.76814	0.01044	0.01289	0.06588	0.01050	0.01494	0.00825	0.01064	0.00686	0.00393	0.00427	0.00128	0.00509	0.00384	0.00228	0.00686
91	0.03160	0.60650	0.19848	0.00860	0.01278	0.05693	0.00924	0.01328	0.00897	0.01114	0.00641	0.00744	0.00549	0.00382	0.00311	0.00104	0.00513	0.00252	0.00188	0.00566
92	0.00791	0.00727	0.01155	0.59323	0.04266	0.00861	0.02392	0.01110	0.06228	0.01181	0.02544	0.04652	0.09261	0.00572	0.00451	0.00146	0.00500	0.03110	0.00249	0.00478
93	0.82203	0.00826	0.00657	0.00580	0.00851	0.00944	0.00478	0.01321	0.00766	0.07273	0.00673	0.00751	0.00506	0.00409	0.00278	0.00133	0.00335	0.00247	0.00284	0.00484
94	0.01126	0.01035	0.01832	0.01894	0.33714	0.02650	0.29627	0.02658	0.07177	0.08391	0.01022	0.02363	0.00795	0.00425	0.00454	0.00135	0.00554	0.00451	0.03061	0.00634
95	0.01078	0.02531	0.01008	0.00720	0.01091	0.02277	0.02619	0.06515	0.02089	0.10094	0.00893	0.00974	0.00696	0.00363	0.00346	0.00080	0.00357	0.00292	0.00296	0.65683
96	0.02344	0.00415	0.00527	0.00596	0.00654	0.00397	0.00430	0.00704	0.00884	0.01219	0.08550	0.50218	0.07141	0.05200	0.00608	0.00180	0.00274	0.13141	0.06155	0.00364
97	0.05506	0.00766	0.02682	0.00875	0.01135	0.00708	0.14363	0.03928	0.08592	0.17321	0.08646	0.15531	0.02397	0.00650	0.00445	0.00135	0.00382	0.00587	0.06140	0.09211
98	0.01038	0.00813	0.00890	0.00681	0.01011	0.06046	0.00538	0.01239	0.02842	0.11487	0.04618	0.04928	0.02365	0.00445	0.00363	0.00087	0.00346	0.00363	0.00311	0.59589
99	0.00867	0.00737	0.00872	0.02309	0.02649	0.00591	0.00530	0.03213	0.02332	0.01414	0.02572	0.04473	0.07600	0.00447	0.00357	0.00082	0.00319	0.00369	0.00283	0.67983
100	0.64129	0.00879	0.02175	0.00662	0.00926	0.00981	0.00553	0.05767	0.04562	0.03803	0.01734	0.00840	0.00597	0.00444	0.00372	0.00134	0.05898	0.00277	0.00286	0.04981

[dist]
# distance from previous block
# <min> <max>
0	52

# created by:
# /st0/software/busco_prod/Augustus/scripts/msa2prfl.pl ./align_prep/137014.fa
