[name]
unknown

[dist]
# distance from previous block
# <min> <max>
6	119

[block]
# block no. 0 follows, 54 sequences, length 23
# corresponding to MSA columns:
# 130-152
name=unknown_A
#
# <colnr> <probs for GDERKNQSTAVLIFYWHMCP>
#	G	D	E	R	K	N	Q	S	T	A	V	L	I	F	Y	W	H	M	C	P
0	0.02663	0.00535	0.00690	0.00703	0.03111	0.00504	0.02392	0.00918	0.02067	0.06681	0.15353	0.24692	0.18694	0.12178	0.04216	0.00228	0.00356	0.00903	0.02675	0.00439
1	0.00764	0.00569	0.00633	0.00649	0.00752	0.03889	0.00466	0.02445	0.02517	0.04809	0.13020	0.32984	0.18161	0.09515	0.00747	0.00199	0.00321	0.04588	0.02545	0.00428
2	0.03914	0.00628	0.00674	0.00666	0.00788	0.03828	0.00483	0.07131	0.02504	0.03170	0.12470	0.28815	0.18718	0.10848	0.00767	0.00201	0.00337	0.03190	0.00423	0.00444
3	0.02598	0.00661	0.00747	0.00719	0.00854	0.02727	0.00521	0.10681	0.05257	0.08204	0.06894	0.37044	0.08888	0.11029	0.00768	0.00204	0.00353	0.00926	0.00435	0.00489
4	0.02624	0.00684	0.00789	0.00723	0.00886	0.00712	0.00549	0.15707	0.05962	0.07701	0.05598	0.17291	0.02857	0.10468	0.06360	0.00229	0.00421	0.03919	0.15995	0.00525
5	0.01006	0.00770	0.04169	0.00783	0.02445	0.03709	0.00595	0.07635	0.07915	0.09413	0.05253	0.20175	0.07410	0.14767	0.02563	0.00222	0.00409	0.03247	0.07000	0.00512
6	0.00795	0.00594	0.00691	0.00673	0.00797	0.02201	0.00504	0.02373	0.07961	0.04455	0.15853	0.14798	0.20392	0.07821	0.07458	0.02394	0.02538	0.04717	0.02531	0.00454
7	0.02489	0.00838	0.01106	0.05534	0.02377	0.00882	0.06543	0.08932	0.09874	0.06726	0.04963	0.05796	0.08866	0.04312	0.00675	0.00160	0.09885	0.00558	0.08305	0.11177
8	0.22306	0.03190	0.04242	0.00985	0.05333	0.03230	0.03893	0.17054	0.13360	0.04110	0.06308	0.04623	0.04288	0.04458	0.00529	0.00163	0.00442	0.00492	0.00378	0.00618
9	0.22992	0.00791	0.00818	0.00710	0.00939	0.00846	0.00560	0.13065	0.09140	0.08056	0.21975	0.01989	0.03942	0.04162	0.00520	0.00158	0.00342	0.00535	0.07895	0.00565
10	0.03551	0.05409	0.20153	0.00978	0.03046	0.07112	0.00896	0.05630	0.09411	0.02783	0.05706	0.13003	0.01419	0.08231	0.04997	0.04350	0.01876	0.00575	0.00320	0.00553
11	0.06111	0.00821	0.01014	0.00802	0.01124	0.00779	0.00656	0.10666	0.04297	0.53711	0.01674	0.01538	0.01110	0.00571	0.00444	0.00141	0.00385	0.00455	0.12970	0.00733
12	0.00625	0.00500	0.00562	0.00550	0.00692	0.00448	0.00414	0.00831	0.04345	0.01518	0.30907	0.06157	0.47041	0.01101	0.00557	0.00157	0.00243	0.02453	0.00468	0.00429
13	0.00986	0.00947	0.01657	0.60068	0.10100	0.01093	0.12455	0.04554	0.01033	0.01354	0.00872	0.01246	0.00659	0.00460	0.00483	0.00155	0.00642	0.00439	0.00227	0.00572
14	0.00879	0.00439	0.00439	0.00439	0.00549	0.00439	0.00330	0.01099	0.00989	0.01758	0.01538	0.01758	0.01209	0.00549	0.00330	0.00110	0.00220	0.00439	0.86047	0.00439
15	0.00674	0.00503	0.00748	0.00748	0.00829	0.00584	0.00577	0.00836	0.00755	0.01087	0.01272	0.01901	0.01200	0.06666	0.78460	0.00746	0.01231	0.00512	0.00254	0.00416
16	0.01102	0.01349	0.07978	0.01945	0.02436	0.01186	0.73658	0.01509	0.01105	0.01509	0.00947	0.01253	0.00708	0.00401	0.00549	0.00158	0.00788	0.00543	0.00236	0.00640
17	0.00879	0.00439	0.00439	0.00439	0.00549	0.00439	0.00330	0.01099	0.00989	0.01758	0.01538	0.01758	0.01209	0.00549	0.00330	0.00110	0.00220	0.00439	0.86047	0.00439
18	0.10511	0.01209	0.01298	0.01004	0.01371	0.01317	0.00829	0.60680	0.01956	0.13369	0.01182	0.01158	0.00821	0.00555	0.00454	0.00143	0.00487	0.00414	0.00468	0.00772
19	0.01753	0.01301	0.01393	0.01077	0.01447	0.01444	0.00887	0.74087	0.07110	0.02908	0.01182	0.01172	0.00842	0.00571	0.00472	0.00143	0.00510	0.00431	0.00472	0.00798
20	0.05346	0.31059	0.04259	0.01070	0.01459	0.04666	0.11123	0.20814	0.01340	0.11028	0.00962	0.01036	0.00730	0.00481	0.00439	0.00131	0.02686	0.00370	0.00324	0.00675
21	0.01166	0.01347	0.12952	0.01513	0.01943	0.01183	0.38132	0.06172	0.23491	0.03469	0.01236	0.01367	0.00918	0.00496	0.00534	0.00158	0.02407	0.00509	0.00322	0.00686
22	0.01294	0.69255	0.05470	0.00875	0.01269	0.09717	0.00853	0.01503	0.03942	0.01162	0.00718	0.00813	0.00636	0.00422	0.00327	0.00107	0.00541	0.00272	0.00216	0.00608

[dist]
# distance from previous block
# <min> <max>
1	10

[block]
# block no. 1 follows, 54 sequences, length 45
# corresponding to MSA columns:
# 163-207
name=unknown_B
#
# <colnr> <probs for GDERKNQSTAVLIFYWHMCP>
#	G	D	E	R	K	N	Q	S	T	A	V	L	I	F	Y	W	H	M	C	P
0	0.00970	0.08723	0.45744	0.01185	0.01680	0.01070	0.07138	0.04921	0.01077	0.01542	0.11609	0.01424	0.01187	0.01937	0.05079	0.00186	0.03194	0.00443	0.00263	0.00628
1	0.01261	0.83713	0.02471	0.00807	0.01210	0.01866	0.00807	0.01412	0.00958	0.01109	0.00656	0.00756	0.00605	0.00403	0.00303	0.00101	0.00504	0.00252	0.00202	0.00605
2	0.01351	0.01396	0.01117	0.01047	0.03753	0.32293	0.00771	0.15124	0.12124	0.01627	0.02912	0.15615	0.07370	0.00753	0.00485	0.00146	0.00560	0.00602	0.00368	0.00584
3	0.00879	0.00439	0.00439	0.00439	0.00549	0.00439	0.00330	0.01099	0.00989	0.01758	0.01538	0.01758	0.01209	0.00549	0.00330	0.00110	0.00220	0.00439	0.86047	0.00439
4	0.86760	0.00912	0.00693	0.00620	0.00912	0.01058	0.00511	0.01386	0.00802	0.02115	0.00657	0.00766	0.00511	0.00438	0.00292	0.00146	0.00365	0.00255	0.00292	0.00511
5	0.02115	0.00802	0.01094	0.00839	0.01204	0.00693	0.00693	0.02298	0.01350	0.80815	0.01860	0.01605	0.01167	0.00584	0.00474	0.00146	0.00401	0.00474	0.00584	0.00802
6	0.00674	0.00505	0.00758	0.00758	0.00842	0.00589	0.00589	0.00842	0.00758	0.01095	0.01263	0.01852	0.01179	0.03536	0.81561	0.00758	0.01263	0.00505	0.00253	0.00421
7	0.03586	0.02896	0.16442	0.10505	0.33595	0.02454	0.01264	0.03465	0.10867	0.05956	0.02495	0.02497	0.00907	0.00498	0.00461	0.00146	0.00548	0.00435	0.00290	0.00694
8	0.01163	0.02610	0.03799	0.10551	0.46196	0.01065	0.01213	0.03362	0.06690	0.05071	0.00987	0.01206	0.00790	0.00473	0.00500	0.01407	0.02557	0.00410	0.00272	0.09678
9	0.00686	0.00457	0.00514	0.00514	0.00514	0.00457	0.00286	0.00686	0.00686	0.00914	0.01486	0.03086	0.01714	0.83430	0.02400	0.00457	0.00457	0.00686	0.00286	0.00286
10	0.01360	0.48929	0.08956	0.03193	0.01410	0.24542	0.00938	0.01541	0.01063	0.01159	0.00697	0.00825	0.00606	0.00444	0.00387	0.00115	0.02745	0.00284	0.00214	0.00592
11	0.01107	0.01033	0.01655	0.16113	0.51659	0.01095	0.01280	0.03068	0.09946	0.01570	0.04696	0.01356	0.00976	0.00489	0.00491	0.00147	0.01900	0.00453	0.00275	0.00692
12	0.01164	0.10875	0.31440	0.04765	0.01677	0.04771	0.03307	0.10158	0.21368	0.01692	0.01135	0.01212	0.00854	0.00569	0.01646	0.01394	0.00583	0.00403	0.00306	0.00684
13	0.01133	0.01349	0.15011	0.30761	0.15211	0.06057	0.10042	0.10672	0.01165	0.01550	0.00886	0.01157	0.00672	0.00468	0.00490	0.00150	0.01924	0.00416	0.00248	0.00636
14	0.01248	0.01391	0.01380	0.01214	0.01295	0.26486	0.00982	0.01362	0.00931	0.01153	0.00737	0.01165	0.00708	0.00740	0.01156	0.00180	0.53329	0.03793	0.00228	0.00522
15	0.00598	0.00502	0.00524	0.00516	0.00674	0.00441	0.00389	0.00782	0.04583	0.01363	0.12123	0.04261	0.67674	0.01192	0.02131	0.00170	0.00263	0.00951	0.00444	0.00419
16	0.01686	0.00867	0.01083	0.00821	0.01199	0.00759	0.00670	0.08427	0.04781	0.45622	0.01477	0.01373	0.01000	0.00510	0.00435	0.00122	0.00393	0.00411	0.00473	0.27891
17	0.00643	0.00537	0.00571	0.00551	0.00692	0.03038	0.00413	0.00807	0.01195	0.01534	0.36969	0.03984	0.45236	0.01073	0.00553	0.00153	0.00252	0.00912	0.00466	0.00423
18	0.01009	0.18755	0.65224	0.01236	0.01874	0.01250	0.01554	0.01477	0.00988	0.01416	0.00808	0.00947	0.00599	0.00439	0.00419	0.00140	0.00658	0.00329	0.00200	0.00678
19	0.00879	0.00439	0.00439	0.00439	0.00549	0.00439	0.00330	0.01099	0.00989	0.01758	0.01538	0.01758	0.01209	0.00549	0.00330	0.00110	0.00220	0.00439	0.86047	0.00439
20	0.04740	0.02039	0.01287	0.01159	0.01409	0.67663	0.00875	0.06293	0.06355	0.01341	0.00837	0.00957	0.00686	0.01821	0.00458	0.00131	0.00777	0.00330	0.00274	0.00569
21	0.01704	0.06697	0.01454	0.01056	0.01425	0.01464	0.00877	0.67248	0.08807	0.02763	0.01169	0.01161	0.00844	0.00562	0.00461	0.00140	0.00505	0.00423	0.00455	0.00784
22	0.03909	0.51422	0.29069	0.00994	0.01483	0.01568	0.01120	0.01432	0.00960	0.01273	0.00719	0.00845	0.00600	0.00430	0.00382	0.00121	0.02550	0.00289	0.00204	0.00631
23	0.00974	0.09725	0.73947	0.01296	0.01966	0.01164	0.01658	0.01486	0.00992	0.01459	0.00829	0.00974	0.00598	0.00444	0.00435	0.00145	0.00680	0.00340	0.00199	0.00689
24	0.01792	0.01321	0.01415	0.01085	0.01462	0.01462	0.00896	0.78916	0.02217	0.02972	0.01132	0.01132	0.00802	0.00566	0.00472	0.00142	0.00519	0.00425	0.00472	0.00802
25	0.01061	0.01058	0.01361	0.01277	0.07417	0.07230	0.00973	0.02677	0.00881	0.01269	0.08065	0.01321	0.01022	0.02259	0.03658	0.00209	0.57033	0.00453	0.00248	0.00528
26	0.01003	0.00694	0.00872	0.00873	0.01049	0.00722	0.00733	0.04867	0.17699	0.08556	0.08303	0.03921	0.02361	0.01041	0.00584	0.00190	0.00406	0.45111	0.00465	0.00549
27	0.00966	0.00828	0.00964	0.00692	0.01104	0.00622	0.00553	0.01173	0.00980	0.01529	0.00950	0.01079	0.02956	0.00373	0.00355	0.00072	0.00346	0.00300	0.00284	0.83875
28	0.86760	0.00912	0.00693	0.00620	0.00912	0.01058	0.00511	0.01386	0.00802	0.02115	0.00657	0.00766	0.00511	0.00438	0.00292	0.00146	0.00365	0.00255	0.00292	0.00511
29	0.01580	0.01196	0.01285	0.01034	0.01370	0.01337	0.00838	0.51462	0.26877	0.04245	0.01401	0.01356	0.01020	0.00646	0.02000	0.00159	0.00484	0.00462	0.00472	0.00777
30	0.00686	0.00457	0.00514	0.00514	0.00514	0.00457	0.00286	0.00686	0.00686	0.00914	0.01486	0.03086	0.01714	0.83430	0.02400	0.00457	0.00457	0.00686	0.00286	0.00286
31	0.00879	0.00439	0.00439	0.00439	0.00549	0.00439	0.00330	0.01099	0.00989	0.01758	0.01538	0.01758	0.01209	0.00549	0.00330	0.00110	0.00220	0.00439	0.86047	0.00439
32	0.00735	0.00530	0.00719	0.00769	0.00882	0.00520	0.00643	0.00978	0.02867	0.01600	0.31173	0.04579	0.03327	0.01163	0.00612	0.00190	0.00355	0.47446	0.00466	0.00445
33	0.01167	0.01120	0.01914	0.02894	0.80488	0.01120	0.01447	0.01447	0.01074	0.01540	0.00887	0.01167	0.00747	0.00420	0.00467	0.00140	0.00560	0.00420	0.00233	0.00747
34	0.00681	0.00639	0.05950	0.00809	0.06507	0.00518	0.00590	0.00876	0.01128	0.01545	0.35434	0.22446	0.16274	0.01136	0.03149	0.00180	0.00326	0.00919	0.00436	0.00460
35	0.00959	0.00794	0.00879	0.00803	0.01008	0.00870	0.00618	0.01829	0.47335	0.01909	0.30635	0.02534	0.06280	0.00784	0.00511	0.00156	0.00312	0.00672	0.00492	0.00620
36	0.01062	0.01311	0.10299	0.07153	0.05838	0.01151	0.56744	0.01445	0.01061	0.01460	0.00936	0.01257	0.00717	0.00561	0.04163	0.00185	0.03286	0.00514	0.00232	0.00626
37	0.01113	0.01272	0.02782	0.01987	0.02464	0.01192	0.78776	0.01510	0.01113	0.01510	0.00954	0.01272	0.00715	0.00397	0.00556	0.00159	0.00795	0.00556	0.00238	0.00636
38	0.54808	0.01066	0.00965	0.00795	0.01119	0.01210	0.00656	0.30541	0.01334	0.02437	0.00835	0.00904	0.00620	0.00486	0.00359	0.00144	0.00423	0.00319	0.00359	0.00620
39	0.00976	0.00832	0.00998	0.00733	0.01125	0.00647	0.02158	0.03287	0.01009	0.01553	0.00966	0.06463	0.00863	0.00431	0.00374	0.00082	0.00358	0.00360	0.00294	0.76493
40	0.00927	0.00872	0.01434	0.47357	0.25899	0.00980	0.01219	0.01204	0.01000	0.01314	0.01396	0.01683	0.11651	0.00556	0.00482	0.00152	0.00554	0.00499	0.00248	0.00573
41	0.86760	0.00912	0.00693	0.00620	0.00912	0.01058	0.00511	0.01386	0.00802	0.02115	0.00657	0.00766	0.00511	0.00438	0.00292	0.00146	0.00365	0.00255	0.00292	0.00511
42	0.00685	0.00459	0.00524	0.00524	0.00528	0.00463	0.00298	0.00692	0.00689	0.00922	0.01477	0.03035	0.01692	0.80171	0.05629	0.00469	0.00490	0.00678	0.00284	0.00291
43	0.00570	0.00478	0.00496	0.00491	0.00645	0.00404	0.00369	0.00702	0.01106	0.01348	0.13803	0.04416	0.71225	0.01167	0.00557	0.00158	0.00237	0.00978	0.00448	0.00404
44	0.00813	0.00412	0.00610	0.00610	0.00610	0.00412	0.00404	0.00617	0.00617	0.00823	0.00849	0.01507	0.00859	0.05284	0.01868	0.82456	0.00412	0.00422	0.00208	0.00208

[dist]
# distance from previous block
# <min> <max>
0	17

[block]
# block no. 2 follows, 54 sequences, length 69
# corresponding to MSA columns:
# 225-293
name=unknown_C
#
# <colnr> <probs for GDERKNQSTAVLIFYWHMCP>
#	G	D	E	R	K	N	Q	S	T	A	V	L	I	F	Y	W	H	M	C	P
0	0.01280	0.80600	0.02427	0.00822	0.01220	0.04910	0.00811	0.01430	0.00972	0.01111	0.00658	0.00760	0.00605	0.00407	0.00307	0.00102	0.00517	0.00254	0.00203	0.00603
1	0.86760	0.00912	0.00693	0.00620	0.00912	0.01058	0.00511	0.01386	0.00802	0.02115	0.00657	0.00766	0.00511	0.00438	0.00292	0.00146	0.00365	0.00255	0.00292	0.00511
2	0.00890	0.00838	0.01414	0.82296	0.03247	0.01048	0.01309	0.01205	0.00943	0.01205	0.00838	0.01257	0.00629	0.00471	0.00471	0.00157	0.00629	0.00419	0.00210	0.00524
3	0.00815	0.00411	0.00611	0.00611	0.00611	0.00411	0.00406	0.00616	0.00616	0.00822	0.00839	0.01482	0.00845	0.04033	0.01859	0.83768	0.00411	0.00418	0.00207	0.00207
4	0.00890	0.00838	0.01414	0.82296	0.03247	0.01048	0.01309	0.01205	0.00943	0.01205	0.00838	0.01257	0.00629	0.00471	0.00471	0.00157	0.00629	0.00419	0.00210	0.00524
5	0.01131	0.01300	0.02741	0.01965	0.02436	0.03478	0.76561	0.01521	0.01119	0.01500	0.00947	0.01260	0.00712	0.00400	0.00553	0.00158	0.00796	0.00549	0.00239	0.00633
6	0.00667	0.00482	0.00630	0.00593	0.00704	0.00445	0.00445	0.00890	0.01335	0.01891	0.80239	0.03522	0.04449	0.00964	0.00556	0.00148	0.00222	0.00853	0.00519	0.00445
7	0.00577	0.00488	0.00500	0.00496	0.00653	0.00416	0.00372	0.00727	0.02563	0.01335	0.10559	0.04407	0.72957	0.01166	0.00556	0.00158	0.00240	0.00975	0.00445	0.00408
8	0.00890	0.00838	0.01414	0.82296	0.03247	0.01048	0.01309	0.01205	0.00943	0.01205	0.00838	0.01257	0.00629	0.00471	0.00471	0.00157	0.00629	0.00419	0.00210	0.00524
9	0.00922	0.00889	0.01557	0.71824	0.06359	0.01064	0.08262	0.01242	0.00963	0.01246	0.00850	0.01255	0.00641	0.00463	0.00479	0.00157	0.00641	0.00431	0.00213	0.00543
10	0.00879	0.00439	0.00439	0.00439	0.00549	0.00439	0.00330	0.01099	0.00989	0.01758	0.01538	0.01758	0.01209	0.00549	0.00330	0.00110	0.00220	0.00439	0.86047	0.00439
11	0.13385	0.00898	0.04435	0.00836	0.01206	0.00776	0.00718	0.03812	0.01280	0.65224	0.01640	0.01456	0.01047	0.00558	0.00449	0.00146	0.00411	0.00438	0.00526	0.00759
12	0.01792	0.01321	0.01415	0.01085	0.01462	0.01462	0.00896	0.78916	0.02217	0.02972	0.01132	0.01132	0.00802	0.00566	0.00472	0.00142	0.00519	0.00425	0.00472	0.00802
13	0.00671	0.00539	0.02972	0.00610	0.00741	0.00462	0.00479	0.00898	0.01314	0.01853	0.74713	0.03491	0.07560	0.00959	0.00553	0.00149	0.00237	0.00844	0.00506	0.00450
14	0.02012	0.00968	0.01197	0.00918	0.01286	0.00939	0.00758	0.26790	0.01627	0.55931	0.01627	0.01454	0.01050	0.00578	0.00473	0.00144	0.00439	0.00458	0.00548	0.00802
15	0.01289	0.34927	0.24782	0.01119	0.04771	0.04714	0.01120	0.17804	0.01260	0.01645	0.02057	0.00968	0.00710	0.00463	0.00396	0.00127	0.00575	0.00335	0.00266	0.00674
16	0.01200	0.01043	0.01076	0.00961	0.01230	0.02945	0.00749	0.05697	0.73122	0.01983	0.01914	0.01766	0.02902	0.00644	0.00480	0.00158	0.00387	0.00532	0.00473	0.00738
17	0.81349	0.00905	0.00719	0.00634	0.00930	0.01034	0.00522	0.01444	0.00837	0.07147	0.00733	0.00820	0.00553	0.00447	0.00303	0.00146	0.00367	0.00269	0.00310	0.00529
18	0.00671	0.00485	0.00636	0.00605	0.00716	0.00449	0.00458	0.00893	0.01324	0.01870	0.76943	0.03598	0.04375	0.00978	0.00560	0.00151	0.00231	0.04095	0.00515	0.00444
19	0.01150	0.00979	0.01041	0.00940	0.01198	0.01121	0.00736	0.04964	0.70053	0.01961	0.03320	0.02000	0.03826	0.00687	0.00490	0.00162	0.00374	0.03804	0.00477	0.00720
20	0.81249	0.04452	0.00783	0.00641	0.00937	0.02877	0.00532	0.01398	0.00821	0.02051	0.00658	0.00767	0.00517	0.00437	0.00295	0.00143	0.00381	0.00256	0.00287	0.00515
21	0.00667	0.00482	0.00630	0.00593	0.00704	0.00445	0.00445	0.00890	0.01335	0.01891	0.80239	0.03522	0.04449	0.00964	0.00556	0.00148	0.00222	0.00853	0.00519	0.00445
22	0.00879	0.00439	0.00439	0.00439	0.00549	0.00439	0.00330	0.01099	0.00989	0.01758	0.01538	0.01758	0.01209	0.00549	0.00330	0.00110	0.00220	0.00439	0.86047	0.00439
23	0.01763	0.02209	0.01339	0.01209	0.01458	0.78238	0.00910	0.05056	0.01372	0.01229	0.00745	0.00862	0.00615	0.00489	0.00427	0.00122	0.00837	0.00309	0.00252	0.00557
24	0.00819	0.00410	0.00614	0.00614	0.00614	0.00410	0.00410	0.00614	0.00614	0.00819	0.00819	0.01433	0.00819	0.01638	0.01843	0.86282	0.00410	0.00410	0.00205	0.00205
25	0.86760	0.00912	0.00693	0.00620	0.00912	0.01058	0.00511	0.01386	0.00802	0.02115	0.00657	0.00766	0.00511	0.00438	0.00292	0.00146	0.00365	0.00255	0.00292	0.00511
26	0.00662	0.00482	0.00623	0.00588	0.00701	0.00443	0.00441	0.00880	0.01322	0.01862	0.76677	0.03570	0.08029	0.00975	0.00556	0.00149	0.00223	0.00859	0.00515	0.00443
27	0.00784	0.06613	0.03323	0.08163	0.02736	0.00805	0.02468	0.00976	0.00811	0.01138	0.01142	0.01702	0.01056	0.04250	0.55442	0.00569	0.05664	0.01649	0.00244	0.00465
28	0.00969	0.09723	0.65566	0.01229	0.01853	0.01110	0.01535	0.01434	0.00982	0.01439	0.00860	0.01070	0.00651	0.00489	0.00473	0.02592	0.00647	0.01850	0.00208	0.05319
29	0.01761	0.02247	0.01336	0.01215	0.01458	0.81537	0.00911	0.01883	0.01336	0.01154	0.00729	0.00850	0.00607	0.00486	0.00425	0.00121	0.00850	0.00304	0.00243	0.00547
30	0.81181	0.00888	0.00696	0.00627	0.00909	0.01021	0.00512	0.01376	0.00819	0.03866	0.00766	0.04277	0.00636	0.00485	0.00309	0.00148	0.00362	0.00306	0.00305	0.00512
31	0.00678	0.04394	0.00693	0.00585	0.00718	0.00504	0.00448	0.00881	0.01276	0.01757	0.64679	0.03551	0.16147	0.00974	0.00544	0.00148	0.00238	0.00847	0.00491	0.00445
32	0.00674	0.00502	0.00742	0.00742	0.00821	0.00581	0.00570	0.00832	0.00753	0.01083	0.01277	0.01932	0.01213	0.08679	0.76465	0.00738	0.01211	0.00517	0.00255	0.00412
33	0.00815	0.00411	0.00611	0.00611	0.00611	0.00411	0.00406	0.00616	0.00616	0.00822	0.00838	0.01479	0.00844	0.03923	0.01858	0.83884	0.00411	0.00417	0.00207	0.00207
34	0.00973	0.02250	0.68348	0.01448	0.02109	0.01111	0.14192	0.01496	0.01014	0.01496	0.00864	0.01040	0.00616	0.00440	0.00465	0.00151	0.00713	0.00382	0.00205	0.00687
35	0.00968	0.02359	0.77029	0.03704	0.02059	0.01085	0.01708	0.01501	0.01001	0.03101	0.00867	0.01016	0.00610	0.00451	0.00449	0.00149	0.00689	0.00353	0.00207	0.00694
36	0.00879	0.00439	0.00439	0.00439	0.00549	0.00439	0.00330	0.01099	0.00989	0.01758	0.01538	0.01758	0.01209	0.00549	0.00330	0.00110	0.00220	0.00439	0.86047	0.00439
37	0.00761	0.00568	0.00803	0.00778	0.00883	0.00654	0.00606	0.06925	0.00870	0.01237	0.01258	0.01825	0.01162	0.05172	0.73388	0.00703	0.01186	0.00503	0.00270	0.00448
38	0.00879	0.00439	0.00439	0.00439	0.00549	0.00439	0.00330	0.01099	0.00989	0.01758	0.01538	0.01758	0.01209	0.00549	0.00330	0.00110	0.00220	0.00439	0.86047	0.00439
39	0.07150	0.01220	0.01316	0.01018	0.01383	0.01332	0.00840	0.63263	0.03206	0.11202	0.02620	0.01212	0.00898	0.00568	0.00462	0.00143	0.00489	0.00429	0.00473	0.00776
40	0.05681	0.09177	0.41213	0.01157	0.01677	0.07199	0.01275	0.16501	0.03903	0.06502	0.00962	0.01040	0.00696	0.00484	0.00433	0.00141	0.00611	0.00360	0.00292	0.00696
41	0.01281	0.80357	0.02424	0.00824	0.01220	0.05148	0.00811	0.01431	0.00974	0.01111	0.00659	0.00760	0.00605	0.00407	0.00308	0.00102	0.00518	0.00254	0.00203	0.00603
42	0.20522	0.01545	0.25255	0.01070	0.02714	0.03467	0.01057	0.28171	0.01414	0.09039	0.00988	0.01043	0.00701	0.00499	0.00423	0.00145	0.00538	0.00365	0.00349	0.00697
43	0.00879	0.00439	0.00439	0.00439	0.00549	0.00439	0.00330	0.01099	0.00989	0.01758	0.01538	0.01758	0.01209	0.00549	0.00330	0.00110	0.00220	0.00439	0.86047	0.00439
44	0.01761	0.02247	0.01336	0.01215	0.01458	0.81537	0.00911	0.01883	0.01336	0.01154	0.00729	0.00850	0.00607	0.00486	0.00425	0.00121	0.00850	0.00304	0.00243	0.00547
45	0.34762	0.04325	0.02671	0.02121	0.01218	0.02804	0.00737	0.25406	0.02582	0.12738	0.01044	0.01161	0.00779	0.00537	0.00432	0.00147	0.02902	0.02602	0.00383	0.00649
46	0.01934	0.01006	0.01211	0.00934	0.01296	0.01005	0.00770	0.32802	0.03424	0.46303	0.03310	0.01462	0.01100	0.00586	0.00475	0.00145	0.00443	0.00464	0.00535	0.00793
47	0.01484	0.02490	0.04519	0.02441	0.03064	0.11029	0.00868	0.29133	0.22437	0.07009	0.02613	0.01314	0.01006	0.00561	0.00475	0.00140	0.01855	0.00433	0.00411	0.06717
48	0.07357	0.04619	0.02538	0.09383	0.02663	0.10937	0.04057	0.19895	0.06591	0.04912	0.03942	0.07027	0.02431	0.07123	0.01839	0.00179	0.00531	0.01577	0.00356	0.02043
49	0.00813	0.00661	0.00776	0.00751	0.01952	0.02861	0.02114	0.07789	0.06890	0.01576	0.16670	0.28104	0.17843	0.01135	0.02913	0.00179	0.00351	0.02173	0.00434	0.04015
50	0.02993	0.01095	0.01543	0.02595	0.15560	0.03594	0.14334	0.21017	0.10780	0.04188	0.05701	0.01616	0.01170	0.02537	0.02818	0.00175	0.01988	0.03580	0.02047	0.00670
51	0.01129	0.00829	0.00937	0.00799	0.01043	0.00838	0.00623	0.23543	0.09906	0.05687	0.09631	0.15548	0.10614	0.03748	0.00568	0.00158	0.00371	0.01983	0.00441	0.11605
52	0.03014	0.02787	0.01194	0.01027	0.04044	0.09551	0.00786	0.33744	0.06714	0.04459	0.03944	0.11804	0.04520	0.02531	0.00599	0.00158	0.06259	0.00572	0.01650	0.00642
53	0.04328	0.00902	0.01069	0.02754	0.13092	0.04785	0.00758	0.13715	0.09740	0.06020	0.04066	0.11523	0.05474	0.07938	0.00709	0.03518	0.00442	0.04390	0.00378	0.04400
54	0.02362	0.00767	0.00914	0.02261	0.05674	0.00801	0.00645	0.09325	0.20374	0.07295	0.11117	0.11320	0.11937	0.06959	0.03481	0.00200	0.00397	0.01932	0.00433	0.01807
55	0.00880	0.00625	0.00732	0.00721	0.00855	0.01953	0.00536	0.08705	0.06275	0.06098	0.09143	0.36593	0.10913	0.03607	0.00633	0.01640	0.00333	0.06344	0.01637	0.01777
56	0.04021	0.00616	0.00792	0.03874	0.00950	0.00619	0.02912	0.05430	0.03318	0.07647	0.13659	0.17344	0.14152	0.08885	0.04641	0.02458	0.01638	0.04261	0.02310	0.00472
57	0.05042	0.00555	0.00652	0.00653	0.00782	0.00531	0.00474	0.02294	0.05469	0.09499	0.05196	0.35322	0.17325	0.08335	0.00705	0.00195	0.00314	0.03237	0.01605	0.01812
58	0.05503	0.00776	0.00889	0.00774	0.00995	0.00792	0.00596	0.15797	0.11222	0.16100	0.09533	0.16747	0.06684	0.07200	0.00645	0.00178	0.00367	0.00699	0.02007	0.02496
59	0.01157	0.00758	0.00868	0.00774	0.00982	0.00783	0.00601	0.16485	0.14286	0.12030	0.08894	0.16848	0.08497	0.02161	0.00532	0.00160	0.00349	0.03322	0.09920	0.00591
60	0.04798	0.00592	0.00684	0.00652	0.00815	0.00568	0.00487	0.03397	0.07613	0.10962	0.11744	0.25524	0.20678	0.02336	0.00552	0.00165	0.00296	0.00876	0.04893	0.02367
61	0.08914	0.00629	0.00699	0.00663	0.00814	0.00631	0.00489	0.09851	0.03422	0.06911	0.08959	0.26028	0.15152	0.10602	0.00734	0.00196	0.00331	0.00844	0.03652	0.00480
62	0.08773	0.00555	0.00636	0.00626	0.00759	0.00537	0.00457	0.01013	0.04374	0.07874	0.14217	0.24456	0.15089	0.10680	0.00741	0.00197	0.00309	0.03244	0.03376	0.02088
63	0.05336	0.00610	0.00717	0.00655	0.00841	0.00574	0.00499	0.03566	0.04214	0.18608	0.11228	0.15515	0.21754	0.05799	0.01675	0.00182	0.00328	0.01943	0.04070	0.01887
64	0.00965	0.00664	0.00777	0.00734	0.00887	0.00676	0.00550	0.11669	0.10783	0.07459	0.09280	0.25059	0.09437	0.11050	0.00767	0.00203	0.00352	0.05780	0.02393	0.00515
65	0.06430	0.00628	0.00729	0.02329	0.00861	0.00645	0.00514	0.07548	0.05899	0.04825	0.10110	0.13658	0.10467	0.20065	0.06536	0.01441	0.00431	0.04580	0.00390	0.01915
66	0.03659	0.00710	0.00879	0.04498	0.02242	0.03055	0.02380	0.08753	0.03612	0.07849	0.06398	0.20851	0.05747	0.11066	0.10948	0.02096	0.02084	0.02298	0.00380	0.00494
67	0.02706	0.00731	0.00983	0.02703	0.07984	0.02128	0.04035	0.06624	0.03353	0.08322	0.04932	0.11628	0.07724	0.10076	0.12391	0.01920	0.01818	0.05634	0.02109	0.02201
68	0.02390	0.00740	0.00951	0.07111	0.09546	0.00783	0.00699	0.13210	0.03907	0.03707	0.01845	0.13405	0.09434	0.15835	0.05361	0.00247	0.01821	0.04931	0.03559	0.00518

[dist]
# distance from previous block
# <min> <max>
0	9

# created by:
# /st0/software/busco_prod/Augustus/scripts/msa2prfl.pl ./align_prep/137151.fa
