[name]
unknown

[dist]
# distance from previous block
# <min> <max>
5	51

[block]
# block no. 0 follows, 62 sequences, length 18
# corresponding to MSA columns:
# 62-79
name=unknown_A
#
# <colnr> <probs for GDERKNQSTAVLIFYWHMCP>
#	G	D	E	R	K	N	Q	S	T	A	V	L	I	F	Y	W	H	M	C	P
0	0.00990	0.01120	0.02432	0.01742	0.02156	0.01051	0.77753	0.01334	0.00990	0.01342	0.00879	0.01211	0.00680	0.03609	0.00566	0.00154	0.00706	0.00507	0.00217	0.00562
1	0.00748	0.00582	0.00728	0.03244	0.00856	0.00593	0.02213	0.05156	0.15114	0.01699	0.52027	0.02736	0.07453	0.00786	0.00481	0.00137	0.00265	0.02354	0.02359	0.00468
2	0.00965	0.00921	0.01568	0.31410	0.54284	0.00988	0.01262	0.01229	0.00927	0.01283	0.00785	0.01082	0.00636	0.00395	0.00423	0.00132	0.00527	0.00379	0.00203	0.00603
3	0.00892	0.04110	0.62842	0.01304	0.01866	0.01034	0.16204	0.01336	0.00908	0.01329	0.00770	0.00940	0.00560	0.00407	0.00456	0.00137	0.03759	0.00349	0.00187	0.00610
4	0.00525	0.00375	0.00501	0.00600	0.00627	0.00351	0.00406	0.00604	0.00821	0.01093	0.02342	0.81699	0.02800	0.01327	0.00545	0.00174	0.00252	0.04216	0.00395	0.00347
5	0.00793	0.00397	0.00397	0.00397	0.00496	0.00397	0.00297	0.00991	0.00892	0.01586	0.01388	0.01586	0.01091	0.00496	0.00297	0.00099	0.00198	0.00397	0.87408	0.00397
6	0.07777	0.00721	0.00945	0.00733	0.01051	0.00641	0.00605	0.01986	0.01175	0.74780	0.01596	0.01400	0.01014	0.00517	0.00413	0.00131	0.00355	0.00413	0.03051	0.00697
7	0.00518	0.00370	0.00494	0.00592	0.00617	0.00346	0.00395	0.00592	0.00815	0.01086	0.02345	0.84768	0.02814	0.01333	0.00543	0.00173	0.00247	0.01210	0.00395	0.00346
8	0.00931	0.00931	0.01303	0.01117	0.01117	0.01303	0.00931	0.01024	0.00652	0.01024	0.00559	0.00931	0.00559	0.00745	0.01396	0.00186	0.84267	0.00372	0.00186	0.00465
9	0.01811	0.00760	0.00995	0.00776	0.01097	0.00695	0.00637	0.04930	0.09521	0.71484	0.01661	0.01447	0.01067	0.00531	0.00428	0.00133	0.00363	0.00432	0.00513	0.00719
10	0.00518	0.00370	0.00494	0.00592	0.00617	0.00346	0.00395	0.00592	0.00815	0.01086	0.02345	0.84768	0.02814	0.01333	0.00543	0.00173	0.00247	0.01210	0.00395	0.00346
11	0.01589	0.02028	0.01206	0.01096	0.01315	0.83338	0.00822	0.01699	0.01206	0.01041	0.00658	0.00767	0.00548	0.00438	0.00384	0.00110	0.00767	0.00274	0.00219	0.00493
12	0.01589	0.02028	0.01206	0.01096	0.01315	0.83338	0.00822	0.01699	0.01206	0.01041	0.00658	0.00767	0.00548	0.00438	0.00384	0.00110	0.00767	0.00274	0.00219	0.00493
13	0.00518	0.00370	0.00494	0.00592	0.00617	0.00346	0.00395	0.00592	0.00815	0.01086	0.02345	0.84768	0.02814	0.01333	0.00543	0.00173	0.00247	0.01210	0.00395	0.00346
14	0.00619	0.00413	0.00464	0.00464	0.00464	0.00413	0.00258	0.00619	0.00619	0.00825	0.01341	0.02785	0.01547	0.85046	0.02166	0.00413	0.00413	0.00619	0.00258	0.00258
15	0.01004	0.01148	0.02511	0.01793	0.02224	0.01076	0.80846	0.01363	0.01004	0.01363	0.00861	0.01148	0.00646	0.00359	0.00502	0.00143	0.00717	0.00502	0.00215	0.00574
16	0.09757	0.04574	0.33180	0.05428	0.01507	0.05736	0.02518	0.14178	0.08482	0.04021	0.00965	0.01146	0.00736	0.00473	0.00399	0.00133	0.00520	0.03417	0.02233	0.00600
17	0.00946	0.00876	0.04229	0.44445	0.16329	0.00916	0.03015	0.02575	0.02335	0.05651	0.00833	0.01097	0.00636	0.00420	0.00441	0.00130	0.03019	0.00368	0.00228	0.11513

[dist]
# distance from previous block
# <min> <max>
0	2

[block]
# block no. 1 follows, 62 sequences, length 57
# corresponding to MSA columns:
# 82-138
name=unknown_B
#
# <colnr> <probs for GDERKNQSTAVLIFYWHMCP>
#	G	D	E	R	K	N	Q	S	T	A	V	L	I	F	Y	W	H	M	C	P
0	0.17170	0.02879	0.08766	0.00886	0.04372	0.00931	0.00749	0.15093	0.13305	0.24675	0.01307	0.01359	0.02525	0.00523	0.00400	0.00135	0.00402	0.03503	0.00386	0.00633
1	0.00618	0.00417	0.00488	0.00488	0.00496	0.00426	0.00288	0.00634	0.00626	0.00843	0.01319	0.02663	0.01494	0.76126	0.11014	0.00442	0.00492	0.00601	0.00255	0.00271
2	0.05972	0.01123	0.03584	0.06668	0.04953	0.04748	0.03407	0.37954	0.23444	0.02076	0.01136	0.01157	0.00838	0.00500	0.00419	0.00133	0.00459	0.00398	0.00371	0.00659
3	0.01034	0.01107	0.07314	0.02427	0.68119	0.01017	0.10065	0.01315	0.00968	0.01384	0.00805	0.01053	0.00662	0.00379	0.00429	0.00129	0.00537	0.00388	0.00209	0.00660
4	0.02361	0.05739	0.16012	0.06822	0.04001	0.02139	0.18915	0.14986	0.11254	0.08835	0.01055	0.01208	0.00788	0.00461	0.00432	0.00135	0.00532	0.02302	0.00301	0.01724
5	0.00959	0.12385	0.50741	0.03303	0.02978	0.01109	0.15607	0.05600	0.00972	0.01372	0.00773	0.00930	0.00572	0.00397	0.00407	0.00130	0.00611	0.00343	0.00200	0.00610
6	0.00518	0.00370	0.00494	0.00592	0.00617	0.00346	0.00395	0.00592	0.00815	0.01086	0.02345	0.84768	0.02814	0.01333	0.00543	0.00173	0.00247	0.01210	0.00395	0.00346
7	0.01168	0.79654	0.02160	0.00753	0.01107	0.07222	0.00734	0.01303	0.00888	0.01004	0.00596	0.00688	0.00546	0.00369	0.00281	0.00092	0.00476	0.00231	0.00185	0.00542
8	0.04291	0.06260	0.13028	0.01234	0.03276	0.02630	0.29379	0.07847	0.04752	0.16192	0.03102	0.02196	0.01835	0.00456	0.00437	0.00134	0.00540	0.00437	0.01366	0.00608
9	0.00508	0.00429	0.00444	0.00450	0.00584	0.00365	0.00335	0.00616	0.00950	0.01140	0.04080	0.08321	0.74766	0.01175	0.03771	0.00167	0.00254	0.00897	0.00389	0.00359
10	0.00853	0.00414	0.00428	0.00416	0.00527	0.00409	0.00315	0.01049	0.00910	0.05931	0.01404	0.01579	0.01089	0.00497	0.00304	0.00101	0.00207	0.00398	0.82754	0.00414
11	0.01994	0.00884	0.03494	0.04445	0.02684	0.05074	0.07337	0.10034	0.08533	0.01335	0.01086	0.01428	0.02718	0.01439	0.27717	0.00325	0.16330	0.02376	0.00265	0.00501
12	0.03337	0.05610	0.04788	0.08425	0.01529	0.15674	0.08912	0.34320	0.09985	0.01863	0.00951	0.01030	0.00709	0.00468	0.00414	0.00128	0.00544	0.00372	0.00321	0.00621
13	0.00518	0.00370	0.00494	0.00592	0.00617	0.00346	0.00395	0.00592	0.00815	0.01086	0.02345	0.84768	0.02814	0.01333	0.00543	0.00173	0.00247	0.01210	0.00395	0.00346
14	0.01605	0.01195	0.01239	0.00966	0.01294	0.05755	0.00791	0.67709	0.06038	0.07454	0.01079	0.01063	0.00764	0.00511	0.00424	0.00128	0.00471	0.00385	0.00421	0.00708
15	0.00894	0.00767	0.00888	0.00646	0.01015	0.00601	0.00516	0.01152	0.06358	0.01413	0.00822	0.00930	0.00676	0.00333	0.00323	0.00069	0.00317	0.00268	0.00264	0.81749
16	0.01337	0.31418	0.03058	0.04258	0.01341	0.35575	0.04603	0.07181	0.01091	0.02167	0.00684	0.00805	0.00572	0.00426	0.00396	0.00111	0.03933	0.00287	0.00221	0.00536
17	0.00963	0.02456	0.03739	0.06368	0.01037	0.11485	0.00623	0.05282	0.04700	0.08533	0.42000	0.02190	0.02420	0.00687	0.00477	0.00131	0.02366	0.01472	0.02583	0.00487
18	0.00721	0.00378	0.00550	0.00550	0.00553	0.00381	0.00364	0.00570	0.00567	0.00759	0.00820	0.01470	0.00839	0.10554	0.05069	0.74656	0.00406	0.00400	0.00194	0.00201
19	0.00512	0.00418	0.00452	0.00472	0.00587	0.00359	0.00343	0.00617	0.00949	0.01165	0.08038	0.21594	0.60774	0.01122	0.00512	0.00149	0.00222	0.00959	0.00399	0.00359
20	0.01589	0.02028	0.01206	0.01096	0.01315	0.83338	0.00822	0.01699	0.01206	0.01041	0.00658	0.00767	0.00548	0.00438	0.00384	0.00110	0.00767	0.00274	0.00219	0.00493
21	0.00882	0.00756	0.00882	0.00630	0.01008	0.00567	0.00504	0.01071	0.00882	0.01387	0.00756	0.00882	0.00630	0.00315	0.00315	0.00063	0.00315	0.00252	0.00252	0.87647
22	0.00931	0.00931	0.01303	0.01117	0.01117	0.01303	0.00931	0.01024	0.00652	0.01024	0.00559	0.00931	0.00559	0.00745	0.01396	0.00186	0.84267	0.00372	0.00186	0.00465
23	0.00946	0.00902	0.01533	0.37581	0.48260	0.00983	0.01253	0.01212	0.00918	0.01260	0.00781	0.01088	0.00628	0.00399	0.00423	0.00133	0.00532	0.00379	0.00201	0.00588
24	0.01618	0.01192	0.01277	0.00979	0.01320	0.01320	0.00809	0.80973	0.02001	0.02682	0.01022	0.01022	0.00724	0.00511	0.00426	0.00128	0.00468	0.00383	0.00426	0.00724
25	0.00622	0.00444	0.00553	0.00569	0.00667	0.00402	0.00420	0.00734	0.00922	0.03263	0.15199	0.28033	0.19840	0.06785	0.00671	0.03619	0.00274	0.10919	0.00383	0.05681
26	0.00525	0.00376	0.00489	0.00577	0.00605	0.00351	0.00383	0.00595	0.00807	0.01071	0.02355	0.76028	0.05859	0.07001	0.00652	0.00188	0.00257	0.01157	0.00386	0.00340
27	0.88052	0.00823	0.00625	0.00560	0.00823	0.00955	0.00461	0.01251	0.00724	0.01909	0.00592	0.00691	0.00461	0.00395	0.00263	0.00132	0.00329	0.00230	0.00263	0.00461
28	0.00586	0.00424	0.00537	0.00604	0.00651	0.00412	0.00411	0.02662	0.05162	0.01143	0.02265	0.68726	0.05916	0.04146	0.00633	0.03624	0.00266	0.01084	0.00385	0.00364
29	0.88052	0.00823	0.00625	0.00560	0.00823	0.00955	0.00461	0.01251	0.00724	0.01909	0.00592	0.00691	0.00461	0.00395	0.00263	0.00132	0.00329	0.00230	0.00263	0.00461
30	0.01589	0.02028	0.01206	0.01096	0.01315	0.83338	0.00822	0.01699	0.01206	0.01041	0.00658	0.00767	0.00548	0.00438	0.00384	0.00110	0.00767	0.00274	0.00219	0.00493
31	0.00608	0.00456	0.00684	0.00684	0.00760	0.00532	0.00532	0.00760	0.00684	0.00988	0.01140	0.01672	0.01064	0.03191	0.83360	0.00684	0.01140	0.00456	0.00228	0.00380
32	0.01138	0.85302	0.02230	0.00728	0.01092	0.01684	0.00728	0.01274	0.00865	0.01001	0.00592	0.00683	0.00546	0.00364	0.00273	0.00091	0.00455	0.00228	0.00182	0.00546
33	0.00532	0.00432	0.00471	0.00461	0.00592	0.00371	0.00346	0.00666	0.01038	0.01310	0.26800	0.03830	0.59630	0.01018	0.00503	0.00141	0.00211	0.00861	0.00416	0.00371
34	0.01589	0.02028	0.01206	0.01096	0.01315	0.83338	0.00822	0.01699	0.01206	0.01041	0.00658	0.00767	0.00548	0.00438	0.00384	0.00110	0.00767	0.00274	0.00219	0.00493
35	0.00600	0.00435	0.00565	0.00533	0.00634	0.00400	0.00400	0.00798	0.01199	0.01692	0.80208	0.03201	0.05983	0.00875	0.00502	0.00134	0.00201	0.00773	0.00467	0.00400
36	0.00506	0.00419	0.00444	0.00464	0.00583	0.00356	0.00338	0.00607	0.00938	0.01137	0.03908	0.20614	0.65960	0.01130	0.00511	0.00150	0.00222	0.00962	0.00395	0.00356
37	0.00662	0.00490	0.00645	0.00720	0.00829	0.00482	0.00615	0.00871	0.03577	0.01263	0.02591	0.06900	0.16062	0.01144	0.00567	0.00185	0.00356	0.61254	0.00394	0.00394
38	0.01533	0.00785	0.01101	0.05113	0.09067	0.00755	0.03448	0.03799	0.11393	0.50138	0.01566	0.01477	0.03362	0.00629	0.03702	0.00156	0.00424	0.00444	0.00439	0.00671
39	0.01909	0.00724	0.00987	0.00757	0.01086	0.00625	0.00625	0.02074	0.01218	0.82687	0.01679	0.01448	0.01053	0.00527	0.00428	0.00132	0.00362	0.00428	0.00527	0.00724
40	0.00518	0.00370	0.00494	0.00592	0.00617	0.00346	0.00395	0.00592	0.00815	0.01086	0.02345	0.84768	0.02814	0.01333	0.00543	0.00173	0.00247	0.01210	0.00395	0.00346
41	0.00987	0.01113	0.05277	0.06038	0.02039	0.01073	0.59274	0.01301	0.00944	0.03009	0.00857	0.02791	0.00677	0.00440	0.00616	0.00149	0.12158	0.00483	0.00219	0.00554
42	0.00980	0.00933	0.04083	0.13735	0.15421	0.04949	0.06910	0.09740	0.14135	0.01495	0.04487	0.10525	0.03473	0.00609	0.00458	0.00140	0.01336	0.02913	0.03122	0.00556
43	0.00933	0.00900	0.01473	0.44025	0.37589	0.02693	0.01220	0.01193	0.00903	0.01217	0.00767	0.01085	0.00613	0.00416	0.00454	0.00136	0.03247	0.00376	0.00199	0.00561
44	0.58912	0.05313	0.02632	0.00812	0.02554	0.14208	0.07567	0.01337	0.00841	0.01656	0.00633	0.00754	0.00501	0.00397	0.00310	0.00127	0.00449	0.00265	0.00245	0.00487
45	0.00778	0.00520	0.00679	0.12793	0.00996	0.00579	0.00546	0.05206	0.00883	0.01355	0.01259	0.01779	0.01095	0.05267	0.21599	0.00278	0.01509	0.05785	0.36677	0.00415
46	0.00907	0.05633	0.69725	0.01189	0.01756	0.01051	0.03138	0.04838	0.00935	0.01374	0.00759	0.00902	0.00551	0.00425	0.00455	0.00136	0.05097	0.00321	0.00192	0.00620
47	0.04244	0.00758	0.00969	0.00770	0.01078	0.00709	0.00630	0.03830	0.13056	0.64162	0.02679	0.01517	0.01127	0.00546	0.00428	0.00135	0.00358	0.01807	0.00500	0.00699
48	0.00624	0.00471	0.00541	0.00534	0.00643	0.02276	0.00400	0.00777	0.01054	0.02682	0.38486	0.09593	0.25941	0.04657	0.00572	0.00154	0.00246	0.06144	0.03819	0.00385
49	0.00739	0.00370	0.00554	0.00554	0.00554	0.00370	0.00370	0.00554	0.00554	0.00739	0.00739	0.01293	0.00739	0.01478	0.01663	0.87620	0.00370	0.00370	0.00185	0.00185
50	0.00619	0.00413	0.00464	0.00464	0.00464	0.00413	0.00258	0.00619	0.00619	0.00825	0.01341	0.02785	0.01547	0.85046	0.02166	0.00413	0.00413	0.00619	0.00258	0.00258
51	0.01138	0.85302	0.02230	0.00728	0.01092	0.01684	0.00728	0.01274	0.00865	0.01001	0.00592	0.00683	0.00546	0.00364	0.00273	0.00091	0.00455	0.00228	0.00182	0.00546
52	0.01016	0.00973	0.01659	0.14822	0.70474	0.01001	0.01287	0.01273	0.00951	0.01345	0.00794	0.01065	0.00658	0.00386	0.00422	0.00129	0.00515	0.00379	0.00207	0.00644
53	0.00804	0.00756	0.01276	0.84023	0.02931	0.00945	0.01182	0.01087	0.00851	0.01087	0.00756	0.01134	0.00567	0.00425	0.00425	0.00142	0.00567	0.00378	0.00189	0.00473
54	0.00982	0.00938	0.01598	0.25862	0.59699	0.00992	0.01270	0.01243	0.00935	0.01304	0.00788	0.01076	0.00644	0.00392	0.00422	0.00131	0.00523	0.00379	0.00204	0.00617
55	0.01108	0.74136	0.03305	0.00781	0.02912	0.01570	0.00743	0.03387	0.00886	0.01059	0.00648	0.00770	0.00589	0.00561	0.05917	0.00134	0.00506	0.00252	0.00192	0.00544
56	0.00853	0.00824	0.06411	0.00663	0.01031	0.00579	0.00567	0.01059	0.00898	0.01391	0.05173	0.03933	0.00882	0.00386	0.00339	0.00076	0.00328	0.00317	0.00264	0.74026

[dist]
# distance from previous block
# <min> <max>
0	20

[block]
# block no. 2 follows, 62 sequences, length 23
# corresponding to MSA columns:
# 159,162,164-182,184,185
name=unknown_C
#
# <colnr> <probs for GDERKNQSTAVLIFYWHMCP>
#	G	D	E	R	K	N	Q	S	T	A	V	L	I	F	Y	W	H	M	C	P
0	0.08278	0.05432	0.03378	0.02316	0.16987	0.05897	0.01665	0.31849	0.02836	0.08427	0.00994	0.01185	0.00777	0.00502	0.00449	0.00132	0.03897	0.04031	0.00332	0.00637
1	0.00835	0.02356	0.00660	0.02888	0.00760	0.00546	0.04140	0.07754	0.00982	0.01555	0.01476	0.14246	0.01326	0.00639	0.00369	0.00120	0.00276	0.03543	0.55100	0.00430
2	0.00512	0.00395	0.00469	0.00528	0.00600	0.00351	0.00366	0.00600	0.00877	0.01111	0.03131	0.52516	0.34559	0.01231	0.00527	0.00161	0.00234	0.01085	0.00395	0.00351
3	0.01128	0.31070	0.10627	0.03538	0.08792	0.18925	0.05620	0.01334	0.00966	0.01184	0.02292	0.00946	0.00688	0.00416	0.00366	0.00111	0.01717	0.00312	0.09432	0.00535
4	0.00618	0.00480	0.00689	0.00704	0.00780	0.00475	0.05669	0.02632	0.05071	0.01168	0.02050	0.61903	0.02346	0.02881	0.08525	0.00222	0.00379	0.02651	0.00367	0.00389
5	0.03047	0.26770	0.08700	0.06378	0.04682	0.13010	0.05773	0.20363	0.02055	0.02334	0.00776	0.00890	0.00612	0.00431	0.00396	0.00118	0.02498	0.00319	0.00257	0.00590
6	0.01363	0.03493	0.02914	0.01427	0.20345	0.44184	0.04811	0.01535	0.01113	0.06905	0.05065	0.01033	0.00801	0.00455	0.00432	0.00120	0.02851	0.00349	0.00249	0.00554
7	0.00522	0.00432	0.00457	0.00451	0.00586	0.00367	0.00338	0.00647	0.01015	0.01256	0.19205	0.03920	0.67259	0.01038	0.00503	0.00142	0.00213	0.00873	0.00409	0.00367
8	0.00736	0.02311	0.13613	0.01945	0.03756	0.01750	0.02394	0.01903	0.02421	0.01279	0.16986	0.04802	0.03970	0.23304	0.06116	0.00240	0.00434	0.01576	0.10043	0.00421
9	0.88052	0.00823	0.00625	0.00560	0.00823	0.00955	0.00461	0.01251	0.00724	0.01909	0.00592	0.00691	0.00461	0.00395	0.00263	0.00132	0.00329	0.00230	0.00263	0.00461
10	0.00607	0.00413	0.00491	0.00501	0.00512	0.00419	0.00302	0.00632	0.00646	0.00870	0.01422	0.11117	0.01625	0.67455	0.10884	0.00417	0.00475	0.00662	0.00269	0.00280
11	0.00508	0.00425	0.00442	0.00451	0.00581	0.00360	0.00333	0.00616	0.00964	0.01165	0.07096	0.11817	0.71597	0.01094	0.00507	0.00146	0.00218	0.00923	0.00398	0.00360
12	0.00547	0.00389	0.00515	0.00595	0.00631	0.00367	0.00411	0.00639	0.00854	0.01145	0.09948	0.64896	0.02817	0.06650	0.00647	0.00186	0.00265	0.07754	0.00393	0.00349
13	0.01589	0.02028	0.01206	0.01096	0.01315	0.83338	0.00822	0.01699	0.01206	0.01041	0.00658	0.00767	0.00548	0.00438	0.00384	0.00110	0.00767	0.00274	0.00219	0.00493
14	0.00637	0.00491	0.00588	0.00554	0.00680	0.00472	0.00418	0.00939	0.10768	0.01604	0.57048	0.03171	0.19266	0.00876	0.00494	0.00137	0.00220	0.00761	0.00450	0.00426
15	0.00904	0.00751	0.00867	0.00637	0.00976	0.00601	0.00500	0.06158	0.00929	0.01416	0.00830	0.01074	0.00724	0.08474	0.00500	0.00101	0.00334	0.00296	0.00264	0.73664
16	0.01505	0.01167	0.01198	0.00957	0.01264	0.06505	0.00777	0.55647	0.17795	0.05637	0.01159	0.01134	0.00838	0.00524	0.00440	0.00131	0.01816	0.00397	0.00414	0.00695
17	0.01023	0.27940	0.32357	0.01106	0.04288	0.07285	0.09535	0.01324	0.00923	0.01223	0.00713	0.00851	0.00567	0.00380	0.00364	0.00113	0.00560	0.00300	0.00195	0.08955
18	0.00635	0.00439	0.00613	0.00617	0.00689	0.00483	0.00469	0.00748	0.00718	0.01033	0.01387	0.01983	0.06334	0.07874	0.53559	0.08914	0.00838	0.03711	0.08602	0.00354
19	0.01030	0.00948	0.01487	0.22162	0.47003	0.01021	0.01160	0.06585	0.11604	0.01452	0.00926	0.01141	0.00733	0.00425	0.00424	0.00133	0.00496	0.00393	0.00249	0.00628
20	0.00539	0.00398	0.00474	0.00519	0.00574	0.00366	0.00347	0.00612	0.00832	0.01076	0.06223	0.42144	0.23933	0.18919	0.00873	0.00214	0.00271	0.00982	0.00369	0.00333
21	0.61930	0.00818	0.00730	0.00686	0.04628	0.00922	0.00523	0.09925	0.00907	0.04038	0.00772	0.00871	0.00590	0.00422	0.00297	0.00127	0.00338	0.00279	0.10700	0.00499
22	0.02583	0.00566	0.00680	0.00684	0.05951	0.00569	0.00424	0.08477	0.00835	0.02925	0.04789	0.02280	0.01408	0.55334	0.04932	0.00331	0.00435	0.00545	0.00285	0.05966

[dist]
# distance from previous block
# <min> <max>
1	2

[block]
# block no. 3 follows, 62 sequences, length 16
# corresponding to MSA columns:
# 188-203
name=unknown_D
#
# <colnr> <probs for GDERKNQSTAVLIFYWHMCP>
#	G	D	E	R	K	N	Q	S	T	A	V	L	I	F	Y	W	H	M	C	P
0	0.00874	0.00706	0.00852	0.02432	0.05916	0.00742	0.00619	0.06925	0.28098	0.01512	0.05941	0.21945	0.01745	0.02667	0.00531	0.02174	0.00337	0.07208	0.00378	0.08399
1	0.00561	0.00417	0.00523	0.00596	0.00645	0.00402	0.00405	0.00718	0.06796	0.01133	0.02412	0.69610	0.08634	0.04253	0.00590	0.00177	0.00257	0.01111	0.00393	0.00368
2	0.00878	0.00756	0.00902	0.04715	0.01103	0.00586	0.00537	0.01072	0.00881	0.01372	0.00756	0.00895	0.00627	0.00321	0.00321	0.00067	0.00327	0.00258	0.00249	0.83377
3	0.00527	0.00383	0.00486	0.00561	0.00600	0.00354	0.00375	0.00602	0.00826	0.01086	0.04420	0.66296	0.12119	0.08407	0.00675	0.00189	0.00256	0.01112	0.00385	0.00341
4	0.02630	0.00954	0.01543	0.27195	0.31015	0.03908	0.09958	0.01200	0.00895	0.01233	0.00838	0.01131	0.02669	0.00463	0.00568	0.00141	0.12499	0.00398	0.00207	0.00553
5	0.00840	0.00787	0.01325	0.66798	0.16021	0.00936	0.01180	0.01114	0.00876	0.01146	0.00830	0.01285	0.00669	0.00451	0.00432	0.00142	0.00549	0.03915	0.00202	0.00502
6	0.00823	0.00776	0.01312	0.77590	0.09210	0.00951	0.01192	0.01104	0.00860	0.01111	0.00760	0.01128	0.00576	0.00422	0.00425	0.00141	0.00562	0.00378	0.00191	0.00489
7	0.00931	0.00931	0.01303	0.01117	0.01117	0.01303	0.00931	0.01024	0.00652	0.01024	0.00559	0.00931	0.00559	0.00745	0.01396	0.00186	0.84267	0.00372	0.00186	0.00465
8	0.00739	0.00370	0.00554	0.00554	0.00554	0.00370	0.00370	0.00554	0.00554	0.00739	0.00739	0.01293	0.00739	0.01478	0.01663	0.87620	0.00370	0.00370	0.00185	0.00185
9	0.00531	0.00424	0.00470	0.00475	0.00589	0.00369	0.00347	0.00652	0.00991	0.01255	0.21332	0.13416	0.52533	0.04005	0.00566	0.00154	0.00223	0.00897	0.00407	0.00363
10	0.01656	0.00811	0.01003	0.00804	0.01109	0.00796	0.00652	0.08128	0.23128	0.54613	0.01643	0.01454	0.01095	0.00539	0.00429	0.00135	0.00363	0.00439	0.00494	0.00710
11	0.00535	0.00414	0.00476	0.00496	0.00597	0.00365	0.00359	0.00656	0.00975	0.01260	0.20064	0.25940	0.41938	0.01089	0.00508	0.00148	0.00221	0.00943	0.02649	0.00365
12	0.00871	0.00825	0.01398	0.62083	0.24345	0.00963	0.01215	0.01146	0.00883	0.01169	0.00768	0.01113	0.00596	0.00413	0.00424	0.00138	0.00551	0.00378	0.00195	0.00527
13	0.01068	0.04065	0.07416	0.11422	0.32858	0.08988	0.18215	0.01337	0.00981	0.04379	0.00870	0.03258	0.00708	0.00420	0.00430	0.00130	0.00572	0.00409	0.01880	0.00592
14	0.00541	0.00445	0.00469	0.00472	0.00604	0.00386	0.00350	0.02890	0.00988	0.01207	0.07167	0.14551	0.66276	0.01087	0.00506	0.00147	0.00226	0.00919	0.00399	0.00369
15	0.10085	0.13859	0.03284	0.01110	0.03126	0.26671	0.12720	0.04623	0.01008	0.05091	0.00724	0.00881	0.00589	0.00465	0.00540	0.00129	0.14003	0.00327	0.00234	0.00532

[dist]
# distance from previous block
# <min> <max>
1	2

[block]
# block no. 4 follows, 62 sequences, length 17
# corresponding to MSA columns:
# 206-222
name=unknown_E
#
# <colnr> <probs for GDERKNQSTAVLIFYWHMCP>
#	G	D	E	R	K	N	Q	S	T	A	V	L	I	F	Y	W	H	M	C	P
0	0.01236	0.01138	0.05002	0.01043	0.08689	0.22599	0.03369	0.03486	0.06915	0.16275	0.07267	0.07348	0.05746	0.01745	0.00492	0.00135	0.03684	0.00488	0.02792	0.00549
1	0.00619	0.00431	0.00569	0.00569	0.00604	0.00466	0.00388	0.00681	0.00646	0.00896	0.01223	0.02211	0.01291	0.43970	0.39452	0.04153	0.00745	0.00534	0.00241	0.00311
2	0.00620	0.00448	0.00672	0.00672	0.00741	0.00517	0.00517	0.00741	0.00672	0.00965	0.01104	0.01638	0.01035	0.03038	0.76039	0.08475	0.01071	0.00448	0.00224	0.00362
3	0.01506	0.01894	0.01161	0.01061	0.01268	0.76308	0.00797	0.01619	0.01161	0.01037	0.00699	0.00844	0.00592	0.00672	0.07428	0.00158	0.00799	0.00289	0.00220	0.00484
4	0.00527	0.00374	0.00491	0.00582	0.00604	0.00351	0.00383	0.00595	0.00798	0.01064	0.02260	0.77808	0.02707	0.08440	0.00681	0.00193	0.00261	0.01159	0.00383	0.00338
5	0.01138	0.85302	0.02230	0.00728	0.01092	0.01684	0.00728	0.01274	0.00865	0.01001	0.00592	0.00683	0.00546	0.00364	0.00273	0.00091	0.00455	0.00228	0.00182	0.00546
6	0.01618	0.01192	0.01277	0.00979	0.01320	0.01320	0.00809	0.80973	0.02001	0.02682	0.01022	0.01022	0.00724	0.00511	0.00426	0.00128	0.00468	0.00383	0.00426	0.00724
7	0.01053	0.01011	0.01727	0.02612	0.82392	0.01011	0.01306	0.01306	0.00969	0.01390	0.00800	0.01053	0.00674	0.00379	0.00421	0.00126	0.00505	0.00379	0.00211	0.00674
8	0.00646	0.00497	0.00581	0.00635	0.00698	0.03146	0.00441	0.07454	0.00935	0.01223	0.02261	0.71480	0.05937	0.01223	0.00526	0.00166	0.00281	0.01096	0.00392	0.00383
9	0.01101	0.37091	0.17199	0.12256	0.01547	0.03647	0.02765	0.12360	0.01034	0.01333	0.00718	0.00858	0.00577	0.00413	0.00386	0.00115	0.03224	0.00299	0.00220	0.02856
10	0.01355	0.01100	0.06389	0.01006	0.03459	0.05631	0.04751	0.31849	0.13160	0.13558	0.02489	0.03712	0.01012	0.00633	0.02683	0.00151	0.02434	0.03600	0.00385	0.00645
11	0.00882	0.00756	0.00882	0.00630	0.01008	0.00567	0.00504	0.01071	0.00882	0.01387	0.00756	0.00882	0.00630	0.00315	0.00315	0.00063	0.00315	0.00252	0.00252	0.87647
12	0.00936	0.01386	0.27843	0.01393	0.03827	0.02397	0.35290	0.03373	0.02157	0.02503	0.03771	0.07781	0.00922	0.00538	0.01950	0.00152	0.02479	0.00492	0.00239	0.00570
13	0.00659	0.00464	0.00616	0.00722	0.06993	0.00443	0.00468	0.00782	0.00883	0.03138	0.08016	0.45780	0.07392	0.03275	0.00544	0.00158	0.01756	0.02648	0.12846	0.02417
14	0.00509	0.00422	0.00445	0.00459	0.00583	0.00359	0.00337	0.00614	0.00954	0.01158	0.06613	0.16276	0.67588	0.01109	0.00509	0.00148	0.00220	0.00941	0.00398	0.00359
15	0.88052	0.00823	0.00625	0.00560	0.00823	0.00955	0.00461	0.01251	0.00724	0.01909	0.00592	0.00691	0.00461	0.00395	0.00263	0.00132	0.00329	0.00230	0.00263	0.00461
16	0.01102	0.12833	0.03533	0.16476	0.18117	0.15211	0.13641	0.02944	0.07971	0.01281	0.02397	0.01065	0.00727	0.00422	0.00410	0.00126	0.00570	0.00374	0.00233	0.00568

[dist]
# distance from previous block
# <min> <max>
1	6

[block]
# block no. 5 follows, 62 sequences, length 10
# corresponding to MSA columns:
# 243-252
name=unknown_F
#
# <colnr> <probs for GDERKNQSTAVLIFYWHMCP>
#	G	D	E	R	K	N	Q	S	T	A	V	L	I	F	Y	W	H	M	C	P
0	0.00614	0.00452	0.00554	0.00610	0.02921	0.00431	0.00426	0.00795	0.05186	0.01285	0.14532	0.31622	0.18932	0.05209	0.00580	0.00165	0.00259	0.06413	0.08626	0.00387
1	0.01231	0.05999	0.20535	0.03460	0.01386	0.11996	0.04602	0.09415	0.11097	0.15748	0.03654	0.03437	0.03414	0.00527	0.00421	0.00132	0.00503	0.01512	0.00327	0.00605
2	0.00611	0.00445	0.00628	0.00628	0.00684	0.00501	0.00462	0.00724	0.00667	0.00946	0.01191	0.01955	0.01187	0.24058	0.62662	0.00615	0.00954	0.00497	0.00236	0.00349
3	0.00526	0.00373	0.00492	0.00583	0.00606	0.00350	0.00385	0.00594	0.00800	0.01067	0.02272	0.78785	0.02722	0.07443	0.00662	0.00190	0.00259	0.01167	0.00385	0.00339
4	0.00957	0.00870	0.01487	0.39731	0.30579	0.00953	0.07377	0.03311	0.00943	0.04206	0.00866	0.02998	0.00696	0.00503	0.02622	0.00151	0.00555	0.00411	0.00223	0.00562
5	0.04243	0.22773	0.26689	0.01132	0.04523	0.12886	0.10490	0.01468	0.07249	0.03571	0.00813	0.00922	0.00631	0.00409	0.00378	0.00121	0.00569	0.00325	0.00224	0.00584
6	0.00950	0.01291	0.16927	0.01605	0.02049	0.01015	0.61147	0.01323	0.00998	0.01383	0.06246	0.01238	0.00850	0.00401	0.00484	0.00141	0.00667	0.00486	0.00226	0.00572
7	0.00529	0.00388	0.00493	0.00565	0.00613	0.00358	0.00388	0.00616	0.00856	0.01123	0.06777	0.62575	0.14939	0.04584	0.00600	0.00177	0.00251	0.03426	0.00393	0.00348
8	0.03266	0.24473	0.20354	0.01173	0.07765	0.03506	0.10497	0.07793	0.00992	0.03750	0.00833	0.02320	0.00699	0.00469	0.00470	0.00129	0.07476	0.03225	0.00232	0.00579
9	0.03705	0.06522	0.03976	0.00833	0.03070	0.05359	0.03050	0.22421	0.07871	0.03358	0.08807	0.01503	0.01195	0.00548	0.00417	0.00124	0.02445	0.03274	0.20971	0.00552

[dist]
# distance from previous block
# <min> <max>
0	3

[block]
# block no. 6 follows, 62 sequences, length 12
# corresponding to MSA columns:
# 256-267
name=unknown_G
#
# <colnr> <probs for GDERKNQSTAVLIFYWHMCP>
#	G	D	E	R	K	N	Q	S	T	A	V	L	I	F	Y	W	H	M	C	P
0	0.01007	0.39624	0.34741	0.01124	0.06104	0.01312	0.08125	0.01313	0.00896	0.01195	0.00696	0.00831	0.00559	0.00381	0.00354	0.00115	0.00551	0.00295	0.00186	0.00589
1	0.01000	0.00975	0.01562	0.18917	0.57628	0.03910	0.01219	0.01243	0.00940	0.01294	0.00878	0.01143	0.03017	0.00426	0.00464	0.00132	0.04040	0.00390	0.00211	0.00609
2	0.00853	0.02005	0.70668	0.01243	0.01822	0.00967	0.09650	0.01313	0.00905	0.01337	0.00849	0.04928	0.00659	0.00444	0.00421	0.00137	0.00620	0.00376	0.00194	0.00610
3	0.00554	0.00406	0.00524	0.00610	0.00649	0.00392	0.00413	0.00701	0.06090	0.01131	0.02305	0.79338	0.02715	0.01284	0.00536	0.00171	0.00253	0.01162	0.00397	0.00367
4	0.00619	0.00413	0.00464	0.00464	0.00464	0.00413	0.00258	0.00619	0.00619	0.00825	0.01341	0.02785	0.01547	0.85046	0.02166	0.00413	0.00413	0.00619	0.00258	0.00258
5	0.00555	0.00410	0.00519	0.00540	0.00619	0.00374	0.00387	0.00694	0.01022	0.01386	0.40003	0.33717	0.16054	0.01076	0.00517	0.00150	0.00220	0.00954	0.00429	0.00374
6	0.00583	0.00434	0.00541	0.00515	0.00624	0.00393	0.00386	0.00765	0.01158	0.01596	0.66747	0.03360	0.19504	0.00911	0.00502	0.00136	0.00204	0.00795	0.00454	0.00393
7	0.00669	0.00493	0.00599	0.00560	0.00681	0.00475	0.00423	0.04816	0.05480	0.01664	0.58461	0.06459	0.12457	0.00865	0.00488	0.00135	0.00225	0.00754	0.03872	0.00425
8	0.01178	0.10768	0.12749	0.03583	0.03847	0.04282	0.00869	0.24522	0.20680	0.01764	0.01067	0.01120	0.00814	0.00605	0.04493	0.00151	0.00497	0.00370	0.00322	0.06318
9	0.05363	0.02296	0.12978	0.15529	0.18350	0.08602	0.08077	0.07902	0.02588	0.01444	0.06233	0.01254	0.03412	0.00472	0.00436	0.00132	0.01948	0.00406	0.02015	0.00563
10	0.05326	0.10108	0.46067	0.01056	0.01530	0.04997	0.02647	0.08843	0.05602	0.04596	0.03384	0.01008	0.00727	0.00445	0.00409	0.00130	0.01932	0.00338	0.00246	0.00610
11	0.03661	0.07677	0.00954	0.02717	0.00993	0.11708	0.00597	0.09766	0.14428	0.06401	0.24550	0.03338	0.10152	0.00670	0.00436	0.00130	0.00371	0.00546	0.00384	0.00521

[dist]
# distance from previous block
# <min> <max>
0	7

[block]
# block no. 7 follows, 62 sequences, length 7
# corresponding to MSA columns:
# 275-281
name=unknown_H
#
# <colnr> <probs for GDERKNQSTAVLIFYWHMCP>
#	G	D	E	R	K	N	Q	S	T	A	V	L	I	F	Y	W	H	M	C	P
0	0.04179	0.01027	0.03856	0.03257	0.10417	0.01002	0.39462	0.02860	0.00937	0.03682	0.00831	0.01091	0.00658	0.00555	0.04591	0.00164	0.11304	0.00423	0.00229	0.09475
1	0.10199	0.03668	0.02839	0.05971	0.06122	0.07351	0.04653	0.27091	0.04801	0.08057	0.01241	0.11522	0.03474	0.00590	0.00421	0.00134	0.00451	0.00484	0.00346	0.00586
2	0.00717	0.00377	0.00551	0.00558	0.00569	0.00380	0.00379	0.00591	0.00597	0.00820	0.00911	0.07308	0.00925	0.01533	0.06850	0.71560	0.00403	0.00437	0.04314	0.00219
3	0.00635	0.00593	0.05971	0.00725	0.00849	0.00493	0.06068	0.03268	0.00898	0.01188	0.02257	0.45411	0.11858	0.06592	0.00635	0.00182	0.00337	0.11287	0.00360	0.00393
4	0.00996	0.00868	0.01176	0.03843	0.24657	0.05748	0.03674	0.08004	0.03669	0.05317	0.01533	0.10881	0.10866	0.00746	0.02935	0.00158	0.08542	0.03300	0.02547	0.00540
5	0.07329	0.17816	0.18704	0.04089	0.05633	0.04742	0.07883	0.08505	0.02824	0.05386	0.02824	0.00983	0.00706	0.00422	0.00395	0.00119	0.02188	0.00333	0.00252	0.08867
6	0.04461	0.06397	0.09472	0.01992	0.02332	0.09401	0.05052	0.15193	0.07711	0.06941	0.06566	0.05417	0.02518	0.02238	0.06580	0.00176	0.00515	0.03337	0.00324	0.03377

[dist]
# distance from previous block
# <min> <max>
0	185

# created by:
# /st0/software/busco_prod/Augustus/scripts/msa2prfl.pl ./align_prep/137376.fa
