[name]
unknown

[dist]
# distance from previous block
# <min> <max>
0	115

[block]
# block no. 0 follows, 62 sequences, length 28
# corresponding to MSA columns:
# 130-157
name=unknown_A
#
# <colnr> <probs for GDERKNQSTAVLIFYWHMCP>
#	G	D	E	R	K	N	Q	S	T	A	V	L	I	F	Y	W	H	M	C	P
0	0.04171	0.03418	0.06294	0.02041	0.03539	0.00961	0.08047	0.24694	0.09291	0.10320	0.03101	0.05897	0.02920	0.00585	0.00447	0.00135	0.01422	0.05848	0.00363	0.06506
1	0.03992	0.13932	0.13467	0.00893	0.01236	0.03339	0.04294	0.18004	0.05948	0.19977	0.02284	0.01258	0.00882	0.07984	0.00553	0.00151	0.00465	0.00389	0.00341	0.00612
2	0.00673	0.07970	0.00649	0.00511	0.00545	0.00552	0.00325	0.00692	0.00643	0.00850	0.01248	0.02519	0.01419	0.73092	0.04138	0.00385	0.02676	0.00573	0.00248	0.00292
3	0.01188	0.03489	0.17618	0.01129	0.08675	0.10398	0.05746	0.07074	0.05929	0.15989	0.01277	0.06154	0.04217	0.01778	0.01563	0.00147	0.04062	0.02667	0.00313	0.00589
4	0.01235	0.21120	0.17813	0.08401	0.03821	0.22517	0.00973	0.08336	0.03928	0.05502	0.00825	0.02228	0.00655	0.00441	0.00377	0.00119	0.00571	0.00323	0.00244	0.00572
5	0.00896	0.00867	0.01521	0.52295	0.26705	0.00977	0.08297	0.01177	0.00900	0.01203	0.00779	0.01111	0.00606	0.00406	0.00431	0.00137	0.00562	0.00389	0.00198	0.00542
6	0.00980	0.01053	0.02148	0.11895	0.18324	0.01029	0.52792	0.01303	0.00978	0.01332	0.00879	0.01240	0.00697	0.00396	0.00479	0.00141	0.00647	0.02894	0.00217	0.00576
7	0.01140	0.03287	0.01605	0.08734	0.54379	0.15658	0.03078	0.02851	0.02788	0.01326	0.00792	0.01013	0.00654	0.00399	0.00413	0.00125	0.00556	0.00362	0.00219	0.00621
8	0.01288	0.07075	0.01127	0.00935	0.04389	0.17890	0.02829	0.15841	0.02881	0.15807	0.01380	0.18186	0.02557	0.01828	0.00480	0.00139	0.02062	0.02397	0.00355	0.00555
9	0.00543	0.00393	0.00502	0.00563	0.00610	0.00366	0.00386	0.00636	0.00874	0.01166	0.14196	0.55399	0.10355	0.08673	0.00679	0.00186	0.00256	0.03472	0.00394	0.00349
10	0.00702	0.00556	0.00535	0.00526	0.00551	0.07778	0.00317	0.00723	0.00702	0.00891	0.05125	0.04061	0.01597	0.72076	0.01900	0.00368	0.00431	0.00606	0.00267	0.00287
11	0.04466	0.30745	0.09352	0.00890	0.01213	0.12970	0.01752	0.05683	0.02745	0.17557	0.00883	0.00934	0.00672	0.00458	0.00446	0.00120	0.07941	0.00312	0.00278	0.00584
12	0.00889	0.00882	0.06378	0.01179	0.08834	0.00803	0.23505	0.06828	0.05909	0.01478	0.07478	0.13464	0.05973	0.00633	0.00481	0.00139	0.02511	0.00596	0.11521	0.00520
13	0.00544	0.00405	0.00563	0.08005	0.00823	0.00399	0.00465	0.00636	0.00818	0.01086	0.02204	0.77338	0.02615	0.01252	0.00533	0.00170	0.00275	0.01136	0.00377	0.00357
14	0.01189	0.29101	0.09471	0.01055	0.09543	0.02827	0.02210	0.23526	0.03547	0.02700	0.01060	0.04289	0.04398	0.00506	0.00397	0.00121	0.01600	0.01571	0.00287	0.00603
15	0.01196	0.18468	0.03638	0.04221	0.05101	0.08218	0.04603	0.07134	0.04686	0.17292	0.06951	0.03043	0.09693	0.02368	0.00448	0.00131	0.00437	0.01474	0.00335	0.00561
16	0.01399	0.00771	0.08123	0.00742	0.01023	0.00598	0.00646	0.01613	0.03438	0.49663	0.08471	0.11292	0.07174	0.00690	0.00454	0.00139	0.00349	0.02341	0.00461	0.00612
17	0.00967	0.03306	0.61391	0.01159	0.03741	0.01008	0.01354	0.09936	0.05129	0.03308	0.02467	0.01069	0.02379	0.00449	0.00411	0.00134	0.00568	0.00354	0.00237	0.00633
18	0.01058	0.04155	0.06897	0.05185	0.34904	0.06297	0.06401	0.09237	0.04849	0.01461	0.01001	0.08488	0.00880	0.00492	0.00421	0.00128	0.00494	0.00445	0.02705	0.04502
19	0.01141	0.04821	0.22081	0.01284	0.11289	0.10268	0.13091	0.11632	0.03190	0.05468	0.00951	0.01114	0.00724	0.00440	0.00409	0.00127	0.00546	0.01387	0.09439	0.00598
20	0.00906	0.00683	0.00871	0.12421	0.04119	0.02424	0.02430	0.13704	0.03380	0.04194	0.01601	0.17275	0.08034	0.00992	0.09654	0.00198	0.01318	0.00596	0.14721	0.00480
21	0.05687	0.01212	0.05936	0.02394	0.16284	0.17696	0.04153	0.14414	0.05462	0.01500	0.00983	0.01221	0.03090	0.07978	0.00597	0.00150	0.03829	0.00384	0.00272	0.06758
22	0.13327	0.00960	0.06412	0.06973	0.17674	0.04451	0.00818	0.13368	0.06881	0.01600	0.06632	0.04776	0.01124	0.08627	0.01627	0.00167	0.00448	0.02236	0.01355	0.00541
23	0.02135	0.14281	0.05823	0.10026	0.11727	0.07073	0.02650	0.11272	0.14472	0.01495	0.05480	0.02618	0.00958	0.00505	0.00460	0.00129	0.05519	0.00398	0.02401	0.00578
24	0.06359	0.08500	0.03586	0.12657	0.14086	0.05049	0.05092	0.13246	0.03673	0.06107	0.04431	0.05585	0.03803	0.00572	0.01821	0.00140	0.01668	0.00442	0.02622	0.00562
25	0.03975	0.01003	0.11098	0.01928	0.04257	0.06017	0.05767	0.10119	0.11062	0.08735	0.07828	0.13289	0.03170	0.00838	0.06292	0.00178	0.00481	0.01865	0.00344	0.01753
26	0.01102	0.10963	0.07944	0.00953	0.04457	0.19919	0.02473	0.10582	0.05495	0.01397	0.06084	0.06245	0.08155	0.00599	0.00453	0.00126	0.03929	0.02672	0.01320	0.05132
27	0.01118	0.04281	0.12861	0.02621	0.10102	0.03714	0.13707	0.04843	0.08167	0.13613	0.04339	0.05317	0.02029	0.00522	0.00488	0.00134	0.05429	0.00453	0.01514	0.04750

[dist]
# distance from previous block
# <min> <max>
6	37

[block]
# block no. 1 follows, 62 sequences, length 8
# corresponding to MSA columns:
# 197-204
name=unknown_B
#
# <colnr> <probs for GDERKNQSTAVLIFYWHMCP>
#	G	D	E	R	K	N	Q	S	T	A	V	L	I	F	Y	W	H	M	C	P
0	0.07232	0.07542	0.11057	0.09787	0.06363	0.06749	0.06521	0.10840	0.08525	0.03507	0.04616	0.01399	0.06352	0.00624	0.03920	0.00153	0.00509	0.01491	0.00289	0.02524
1	0.12512	0.06044	0.06472	0.10221	0.09885	0.04662	0.04644	0.07499	0.07478	0.04165	0.06283	0.04396	0.01029	0.00683	0.05365	0.00167	0.03712	0.02011	0.00286	0.02488
2	0.00935	0.07138	0.06266	0.21189	0.18155	0.06622	0.05437	0.04055	0.03037	0.01261	0.04296	0.04872	0.07886	0.03089	0.00523	0.01536	0.02465	0.00467	0.00250	0.00521
3	0.03711	0.01006	0.01309	0.13672	0.19891	0.08512	0.05913	0.13263	0.06165	0.10352	0.04443	0.03226	0.00917	0.00479	0.00422	0.00128	0.00486	0.00415	0.00308	0.05384
4	0.05665	0.04360	0.07198	0.14620	0.10950	0.03472	0.09867	0.08211	0.03160	0.04209	0.03873	0.05953	0.04546	0.02204	0.04964	0.00167	0.00515	0.00462	0.01723	0.03883
5	0.00989	0.13699	0.04289	0.26978	0.26299	0.02543	0.01050	0.01237	0.02373	0.04494	0.00957	0.01169	0.04465	0.00448	0.00440	0.00127	0.04041	0.00375	0.00225	0.03803
6	0.09964	0.04119	0.09306	0.13271	0.10899	0.06016	0.00904	0.11832	0.02807	0.08883	0.03128	0.03953	0.03852	0.00571	0.01757	0.00145	0.07330	0.00410	0.00289	0.00563
7	0.00990	0.06097	0.23805	0.08126	0.05567	0.05412	0.06268	0.07560	0.01027	0.04718	0.04924	0.03514	0.02920	0.00585	0.02005	0.00143	0.03286	0.05772	0.00266	0.07017

[dist]
# distance from previous block
# <min> <max>
0	1

[block]
# block no. 2 follows, 62 sequences, length 20
# corresponding to MSA columns:
# 206-225
name=unknown_C
#
# <colnr> <probs for GDERKNQSTAVLIFYWHMCP>
#	G	D	E	R	K	N	Q	S	T	A	V	L	I	F	Y	W	H	M	C	P
0	0.00986	0.04657	0.08346	0.18572	0.36100	0.02064	0.14107	0.02882	0.00950	0.01307	0.00810	0.02516	0.00664	0.00421	0.00467	0.00134	0.03814	0.00400	0.00210	0.00593
1	0.03330	0.00928	0.01577	0.15668	0.14326	0.02910	0.26078	0.03227	0.03181	0.02138	0.00907	0.01347	0.00783	0.13171	0.00775	0.00181	0.06719	0.00448	0.00231	0.02075
2	0.00699	0.00564	0.00667	0.13133	0.00946	0.05245	0.00488	0.00779	0.00720	0.00929	0.01275	0.05906	0.01380	0.49969	0.11591	0.00367	0.00537	0.04222	0.00254	0.00329
3	0.13992	0.00812	0.01278	0.48989	0.11592	0.00935	0.07222	0.02361	0.00892	0.01330	0.04647	0.01163	0.00745	0.00434	0.00408	0.00137	0.00511	0.00385	0.01666	0.00501
4	0.60618	0.00874	0.00838	0.19304	0.03320	0.04526	0.00667	0.03136	0.00810	0.01694	0.00647	0.00810	0.00500	0.00406	0.00312	0.00133	0.00409	0.00273	0.00247	0.00476
5	0.01013	0.01231	0.13955	0.13306	0.44397	0.05709	0.11619	0.01312	0.00960	0.01319	0.00789	0.01037	0.00628	0.00390	0.00428	0.00131	0.00575	0.00379	0.00204	0.00616
6	0.03501	0.06223	0.57285	0.01181	0.03955	0.01066	0.04297	0.13321	0.01065	0.01545	0.00855	0.00969	0.02005	0.00427	0.00402	0.00132	0.00580	0.00337	0.00225	0.00628
7	0.01403	0.01032	0.01099	0.00863	0.01160	0.01122	0.00706	0.64300	0.01782	0.02388	0.01538	0.01517	0.13019	0.00595	0.00430	0.00128	0.00415	0.00461	0.05389	0.00650
8	0.00522	0.00422	0.00442	0.00452	0.00562	0.00366	0.00321	0.00610	0.00901	0.01094	0.03667	0.11951	0.62142	0.13750	0.00757	0.00187	0.00248	0.00887	0.00374	0.00343
9	0.00684	0.00505	0.00668	0.00801	0.12823	0.00510	0.00433	0.00731	0.00676	0.00920	0.01247	0.02454	0.01385	0.67159	0.06996	0.00386	0.00472	0.00572	0.00249	0.00328
10	0.01029	0.01000	0.01565	0.14662	0.60681	0.05376	0.01207	0.02412	0.00991	0.01361	0.05012	0.01160	0.00825	0.00417	0.00424	0.00128	0.00512	0.00394	0.00224	0.00621
11	0.00913	0.00859	0.01399	0.39183	0.29155	0.00918	0.03720	0.01200	0.03175	0.01262	0.00802	0.01082	0.00636	0.00395	0.00410	0.00125	0.00507	0.00366	0.00214	0.13679
12	0.00917	0.00989	0.13298	0.00770	0.01187	0.00654	0.04000	0.01158	0.00901	0.04046	0.00792	0.00914	0.00631	0.00337	0.00340	0.00079	0.00381	0.00278	0.00249	0.68079
13	0.02683	0.10401	0.38085	0.01074	0.01524	0.09210	0.06625	0.05572	0.01032	0.14709	0.00940	0.03167	0.00701	0.00456	0.00419	0.00129	0.02038	0.00359	0.00263	0.00610
14	0.12923	0.02055	0.00883	0.00772	0.00989	0.21011	0.00601	0.04881	0.01070	0.21631	0.02325	0.15169	0.04801	0.02258	0.00454	0.00140	0.00438	0.04598	0.00360	0.02640
15	0.00860	0.00772	0.00847	0.03633	0.03197	0.05829	0.00542	0.03425	0.00950	0.01337	0.02469	0.08392	0.13141	0.00541	0.00379	0.00095	0.00340	0.00449	0.00288	0.52514
16	0.00962	0.00632	0.00810	0.13202	0.02230	0.00612	0.00590	0.07614	0.01039	0.16462	0.03855	0.09557	0.22696	0.07041	0.00580	0.00155	0.00351	0.02002	0.00365	0.09245
17	0.06304	0.01084	0.13379	0.16819	0.03552	0.04991	0.02189	0.07945	0.02906	0.02994	0.00808	0.00975	0.00626	0.00422	0.00407	0.02517	0.00462	0.00316	0.00249	0.31055
18	0.00926	0.03608	0.05005	0.31443	0.16545	0.06585	0.05387	0.01161	0.00906	0.02118	0.02055	0.01249	0.00771	0.04131	0.00507	0.02272	0.00500	0.00389	0.13944	0.00499
19	0.01008	0.00754	0.00783	0.06091	0.02199	0.10782	0.02493	0.07982	0.02942	0.08048	0.02858	0.14055	0.03506	0.04302	0.00475	0.00137	0.00366	0.00538	0.30209	0.00469

[dist]
# distance from previous block
# <min> <max>
1	17

[block]
# block no. 3 follows, 62 sequences, length 16
# corresponding to MSA columns:
# 243-258
name=unknown_D
#
# <colnr> <probs for GDERKNQSTAVLIFYWHMCP>
#	G	D	E	R	K	N	Q	S	T	A	V	L	I	F	Y	W	H	M	C	P
0	0.00709	0.00602	0.00762	0.04206	0.00928	0.00531	0.04072	0.00946	0.06000	0.01384	0.19610	0.06402	0.24803	0.00725	0.00441	0.00119	0.00289	0.00626	0.00354	0.26491
1	0.01006	0.19632	0.01207	0.00674	0.01046	0.00859	0.00574	0.05507	0.00948	0.03491	0.00758	0.00860	0.00628	0.00342	0.00315	0.00075	0.00356	0.00258	0.00253	0.61210
2	0.04217	0.58661	0.01757	0.00720	0.01009	0.01366	0.00671	0.01212	0.05230	0.01074	0.00776	0.00953	0.00699	0.01007	0.18809	0.00228	0.00597	0.00292	0.00209	0.00513
3	0.00650	0.00533	0.00698	0.00661	0.00720	0.00616	0.00500	0.00746	0.00727	0.00994	0.01780	0.02322	0.19173	0.20941	0.30430	0.00405	0.16902	0.00575	0.00264	0.00364
4	0.00919	0.00904	0.03785	0.08850	0.30075	0.00909	0.11783	0.05476	0.01011	0.01402	0.11142	0.03268	0.08933	0.00572	0.00551	0.00140	0.08949	0.00508	0.00271	0.00553
5	0.01035	0.01084	0.01313	0.21527	0.32427	0.19255	0.01027	0.01244	0.00998	0.01226	0.04620	0.04790	0.05358	0.00516	0.00430	0.00131	0.00537	0.01708	0.00239	0.00538
6	0.01405	0.01700	0.01138	0.00993	0.01239	0.61542	0.00756	0.01532	0.01111	0.01118	0.00676	0.00800	0.00567	0.00423	0.00410	0.00102	0.04065	0.00273	0.00225	0.19927
7	0.00876	0.01078	0.19159	0.00760	0.01194	0.00661	0.00742	0.01133	0.00886	0.01378	0.00758	0.00886	0.00610	0.00335	0.00335	0.00079	0.00385	0.00266	0.00236	0.68243
8	0.01014	0.06404	0.02922	0.03473	0.25291	0.03752	0.12283	0.01266	0.05257	0.01227	0.00749	0.01016	0.00644	0.00527	0.00790	0.00150	0.32077	0.00385	0.00212	0.00562
9	0.03950	0.00862	0.01428	0.02083	0.61361	0.00866	0.01068	0.01136	0.00868	0.01263	0.00780	0.01094	0.00681	0.00625	0.00693	0.19637	0.00469	0.00372	0.00207	0.00558
10	0.00794	0.00523	0.00831	0.01028	0.18827	0.00531	0.00597	0.00746	0.00662	0.00913	0.00799	0.01283	0.00762	0.01430	0.10787	0.58106	0.00488	0.00382	0.00196	0.00316
11	0.00874	0.00732	0.01012	0.01121	0.16537	0.00784	0.03222	0.01396	0.26632	0.03079	0.14612	0.01902	0.03136	0.01192	0.18943	0.00261	0.00538	0.03137	0.00343	0.00546
12	0.00851	0.00753	0.01218	0.08681	0.37050	0.00818	0.00941	0.01057	0.00833	0.01208	0.00935	0.01303	0.00820	0.01421	0.30248	0.00330	0.05772	0.00407	0.04830	0.00524
13	0.00833	0.00620	0.00816	0.00750	0.00885	0.00708	0.00594	0.18647	0.00977	0.01365	0.01113	0.01527	0.00988	0.02594	0.64866	0.00560	0.00990	0.00440	0.00272	0.00457
14	0.01256	0.01000	0.01074	0.00966	0.05300	0.05280	0.00722	0.42789	0.13852	0.02037	0.01395	0.19772	0.01266	0.00694	0.00451	0.00139	0.00416	0.00577	0.00398	0.00617
15	0.00770	0.00559	0.00674	0.00683	0.00783	0.00569	0.00497	0.18528	0.01089	0.01450	0.02088	0.61328	0.04018	0.01138	0.00518	0.00163	0.00301	0.04011	0.00402	0.00432

[dist]
# distance from previous block
# <min> <max>
3	6

[block]
# block no. 4 follows, 62 sequences, length 26
# corresponding to MSA columns:
# 265-290
name=unknown_E
#
# <colnr> <probs for GDERKNQSTAVLIFYWHMCP>
#	G	D	E	R	K	N	Q	S	T	A	V	L	I	F	Y	W	H	M	C	P
0	0.00999	0.46601	0.11537	0.00961	0.01320	0.01286	0.13859	0.01225	0.00919	0.01163	0.03428	0.01469	0.00950	0.00503	0.00379	0.00122	0.00501	0.12016	0.00227	0.00533
1	0.00795	0.00599	0.00720	0.00719	0.00871	0.00607	0.00601	0.12719	0.05455	0.01503	0.07025	0.03810	0.21293	0.01005	0.00530	0.00167	0.00347	0.40380	0.00404	0.00449
2	0.01442	0.13585	0.01357	0.00923	0.01246	0.03091	0.00772	0.52806	0.16670	0.02230	0.01083	0.01072	0.00801	0.00500	0.00404	0.00125	0.00448	0.00376	0.00387	0.00683
3	0.01078	0.47620	0.22237	0.01147	0.13303	0.05794	0.01029	0.01320	0.00907	0.01147	0.00669	0.00796	0.00563	0.00380	0.00334	0.00108	0.00523	0.00274	0.00188	0.00583
4	0.01029	0.02983	0.09027	0.22235	0.16757	0.01014	0.10815	0.02726	0.12861	0.07406	0.00984	0.01167	0.00746	0.00462	0.00501	0.00140	0.06812	0.00403	0.01342	0.00589
5	0.02554	0.01206	0.01139	0.00943	0.01226	0.14063	0.00754	0.42387	0.22508	0.03403	0.01196	0.02433	0.00908	0.00537	0.00421	0.00131	0.00470	0.01551	0.01513	0.00656
6	0.01429	0.01792	0.01091	0.00998	0.01206	0.71078	0.00748	0.01538	0.01171	0.01057	0.01197	0.01259	0.12615	0.00533	0.00401	0.00115	0.00686	0.00366	0.00245	0.00473
7	0.01138	0.00926	0.01224	0.04793	0.02654	0.01008	0.12548	0.06626	0.49795	0.09475	0.01556	0.01534	0.02781	0.00543	0.00445	0.00142	0.00414	0.01355	0.00393	0.00648
8	0.01447	0.00938	0.02468	0.09023	0.05928	0.02956	0.09162	0.12364	0.14232	0.33687	0.01322	0.01298	0.00911	0.00497	0.00449	0.00135	0.01700	0.00425	0.00398	0.00662
9	0.01637	0.00762	0.00965	0.00774	0.01070	0.00726	0.00628	0.04509	0.18453	0.57845	0.06653	0.01572	0.01279	0.00558	0.00433	0.00134	0.00350	0.00459	0.00500	0.00693
10	0.01704	0.00672	0.00915	0.00733	0.01017	0.00584	0.00591	0.01855	0.01158	0.70630	0.01777	0.13759	0.01313	0.00646	0.00445	0.00138	0.00345	0.00543	0.00507	0.00668
11	0.00833	0.00470	0.00621	0.00635	0.00726	0.00444	0.00468	0.00934	0.00877	0.16299	0.01963	0.34649	0.02108	0.18985	0.02701	0.00232	0.00351	0.15912	0.00386	0.00407
12	0.01365	0.00970	0.05501	0.00843	0.01126	0.02291	0.02927	0.34307	0.05060	0.19276	0.01415	0.01581	0.05631	0.13028	0.00685	0.00172	0.00431	0.00460	0.02316	0.00611
13	0.00599	0.00410	0.00460	0.00469	0.00497	0.00397	0.00283	0.00629	0.00701	0.00928	0.01881	0.11047	0.13574	0.61060	0.01687	0.00337	0.00359	0.00710	0.03687	0.00287
14	0.00563	0.00438	0.00606	0.12903	0.00960	0.00439	0.00509	0.00675	0.00844	0.01099	0.02356	0.60329	0.12482	0.01163	0.00522	0.00165	0.00294	0.02922	0.00365	0.00367
15	0.01012	0.01251	0.16325	0.27581	0.27700	0.08731	0.05647	0.03145	0.00971	0.02509	0.00788	0.01034	0.00609	0.00408	0.00421	0.00132	0.00581	0.00365	0.00209	0.00582
16	0.02020	0.07225	0.54922	0.01158	0.04924	0.00948	0.07262	0.01232	0.00915	0.01306	0.01283	0.01379	0.12620	0.00497	0.00416	0.00133	0.00554	0.00411	0.00217	0.00579
17	0.00612	0.00682	0.12704	0.00709	0.00860	0.00481	0.00634	0.00788	0.00905	0.01205	0.05465	0.37823	0.13230	0.01103	0.00527	0.00168	0.00334	0.21001	0.00365	0.00403
18	0.00943	0.09628	0.40905	0.09835	0.18667	0.01022	0.04471	0.01299	0.00916	0.03838	0.00848	0.04228	0.00680	0.00435	0.00407	0.00131	0.00560	0.00372	0.00208	0.00604
19	0.01221	0.05982	0.21083	0.13442	0.10421	0.10551	0.02827	0.04090	0.03574	0.18447	0.01041	0.01129	0.02206	0.00457	0.00424	0.00130	0.01716	0.00368	0.00283	0.00606
20	0.00922	0.13359	0.01733	0.45413	0.10647	0.01090	0.18528	0.01197	0.00898	0.01166	0.00759	0.01062	0.00592	0.00397	0.00419	0.00133	0.00577	0.00383	0.00196	0.00526
21	0.01046	0.16792	0.07176	0.14969	0.36671	0.04026	0.02375	0.01283	0.00933	0.04301	0.00819	0.03333	0.00690	0.00424	0.00410	0.00124	0.01822	0.00367	0.00218	0.02219
22	0.01925	0.05001	0.21119	0.02819	0.08171	0.17554	0.03978	0.11442	0.02484	0.08075	0.02923	0.05508	0.04330	0.00536	0.00421	0.00130	0.00540	0.02176	0.00287	0.00579
23	0.01128	0.06551	0.10765	0.04210	0.12948	0.08683	0.03755	0.15256	0.04519	0.06975	0.04434	0.06061	0.07133	0.00571	0.00428	0.00130	0.00471	0.02391	0.00313	0.03279
24	0.01122	0.06938	0.26892	0.02330	0.07263	0.04583	0.03154	0.17005	0.10797	0.04446	0.01030	0.02382	0.00816	0.00537	0.01304	0.00141	0.04661	0.03692	0.00288	0.00620
25	0.04060	0.10571	0.14592	0.04198	0.19514	0.04096	0.08677	0.07663	0.02921	0.01410	0.02910	0.04548	0.03843	0.00521	0.00465	0.00134	0.04500	0.03559	0.00253	0.01565

[dist]
# distance from previous block
# <min> <max>
5	36

[block]
# block no. 5 follows, 62 sequences, length 10
# corresponding to MSA columns:
# 336-345
name=unknown_F
#
# <colnr> <probs for GDERKNQSTAVLIFYWHMCP>
#	G	D	E	R	K	N	Q	S	T	A	V	L	I	F	Y	W	H	M	C	P
0	0.13731	0.11314	0.05381	0.01035	0.09209	0.07551	0.02085	0.21820	0.10416	0.04794	0.01908	0.01023	0.00754	0.00458	0.00390	0.00123	0.01684	0.00345	0.02073	0.03909
1	0.06071	0.07710	0.05457	0.05440	0.29024	0.01016	0.08853	0.10113	0.01068	0.07671	0.03152	0.01226	0.02771	0.00459	0.00440	0.00128	0.02904	0.01880	0.00273	0.04344
2	0.02060	0.02519	0.00580	0.00518	0.00655	0.00470	0.00397	0.00788	0.02348	0.04342	0.25764	0.05132	0.45907	0.02898	0.00561	0.00147	0.03321	0.00791	0.00403	0.00397
3	0.00812	0.00813	0.09571	0.04411	0.14579	0.00689	0.02455	0.04640	0.07162	0.02714	0.19399	0.09891	0.09614	0.07112	0.00592	0.00160	0.00373	0.02016	0.02500	0.00497
4	0.00651	0.00461	0.00574	0.00641	0.06699	0.00465	0.00355	0.00680	0.00649	0.00878	0.01287	0.02583	0.01450	0.73491	0.07123	0.00408	0.00465	0.00590	0.00252	0.00297
5	0.01107	0.01159	0.01598	0.10761	0.50081	0.15686	0.06166	0.01338	0.00991	0.01280	0.00800	0.01100	0.00676	0.00423	0.00455	0.00130	0.03230	0.02204	0.00214	0.00601
6	0.01028	0.00962	0.01513	0.13320	0.49160	0.02398	0.04120	0.06058	0.04844	0.01426	0.00905	0.04151	0.00764	0.00433	0.00421	0.00127	0.00492	0.00408	0.00241	0.07229
7	0.01079	0.00876	0.01004	0.00818	0.04083	0.02501	0.00628	0.14752	0.09471	0.05066	0.02742	0.01114	0.02211	0.00433	0.00411	0.00097	0.04077	0.00338	0.00314	0.47986
8	0.01019	0.06177	0.04144	0.09143	0.08727	0.03516	0.05740	0.09820	0.12559	0.05625	0.04740	0.03580	0.05060	0.08746	0.00654	0.02552	0.02244	0.02906	0.00311	0.02736
9	0.00994	0.00892	0.02589	0.04996	0.17378	0.06171	0.06836	0.05559	0.12510	0.05010	0.01369	0.05727	0.05584	0.13660	0.00733	0.00179	0.02703	0.02464	0.01597	0.03051

[dist]
# distance from previous block
# <min> <max>
2	25

[block]
# block no. 6 follows, 62 sequences, length 7
# corresponding to MSA columns:
# 382-388
name=unknown_G
#
# <colnr> <probs for GDERKNQSTAVLIFYWHMCP>
#	G	D	E	R	K	N	Q	S	T	A	V	L	I	F	Y	W	H	M	C	P
0	0.01089	0.08246	0.25260	0.01041	0.07338	0.02580	0.00963	0.15687	0.07741	0.06538	0.10268	0.01333	0.02975	0.00503	0.00409	0.00124	0.00459	0.00405	0.00312	0.06729
1	0.05689	0.07597	0.27012	0.01075	0.05177	0.04099	0.07275	0.05060	0.00961	0.04730	0.03592	0.02313	0.02353	0.02080	0.00512	0.00134	0.07313	0.02520	0.00248	0.10260
2	0.04086	0.17475	0.22129	0.01026	0.07460	0.03822	0.04308	0.04537	0.06555	0.03502	0.07132	0.04894	0.06042	0.00585	0.02148	0.00137	0.00479	0.00433	0.00272	0.02980
3	0.03404	0.27495	0.21185	0.01142	0.11266	0.03811	0.06638	0.04323	0.00951	0.01289	0.00965	0.04980	0.03615	0.00472	0.00377	0.00120	0.00499	0.01967	0.02093	0.03409
4	0.01057	0.04866	0.05086	0.06864	0.42473	0.00971	0.03365	0.06411	0.06854	0.04612	0.00993	0.05214	0.00832	0.00457	0.00414	0.00126	0.00466	0.00416	0.02666	0.05856
5	0.00993	0.00807	0.00925	0.00791	0.04994	0.02583	0.00587	0.10759	0.09713	0.04500	0.05784	0.06041	0.05791	0.00513	0.00386	0.00101	0.00341	0.00426	0.00328	0.43636
6	0.01009	0.00871	0.03939	0.03199	0.08687	0.00878	0.04530	0.23531	0.09695	0.01763	0.15068	0.04296	0.11716	0.03345	0.00547	0.00148	0.03259	0.02595	0.00369	0.00554

[dist]
# distance from previous block
# <min> <max>
2	3

[block]
# block no. 7 follows, 62 sequences, length 19
# corresponding to MSA columns:
# 392-410
name=unknown_H
#
# <colnr> <probs for GDERKNQSTAVLIFYWHMCP>
#	G	D	E	R	K	N	Q	S	T	A	V	L	I	F	Y	W	H	M	C	P
0	0.28672	0.01248	0.01071	0.00941	0.04141	0.20528	0.01976	0.28014	0.06466	0.01926	0.00836	0.00897	0.00634	0.00454	0.00366	0.00126	0.00492	0.00317	0.00315	0.00579
1	0.06009	0.01141	0.01221	0.04411	0.13503	0.09895	0.00841	0.36096	0.15428	0.03447	0.01060	0.01106	0.00792	0.00485	0.00410	0.00129	0.00471	0.00381	0.02523	0.00651
2	0.00970	0.00897	0.01456	0.07919	0.59235	0.00919	0.01099	0.01248	0.06081	0.01309	0.00938	0.01354	0.00838	0.13146	0.00685	0.00172	0.00485	0.00422	0.00230	0.00597
3	0.00583	0.00465	0.00556	0.03067	0.00700	0.01411	0.00417	0.00713	0.00977	0.01282	0.27053	0.19996	0.29418	0.06157	0.00639	0.00165	0.02916	0.02719	0.00394	0.00372
4	0.00585	0.00452	0.00541	0.00549	0.00666	0.00414	0.00428	0.00766	0.02924	0.01381	0.31262	0.06984	0.35116	0.01020	0.00518	0.00151	0.00246	0.15190	0.00421	0.00387
5	0.00693	0.00516	0.00696	0.00735	0.00866	0.00489	0.00619	0.00873	0.00929	0.01253	0.01966	0.12175	0.02123	0.01191	0.05851	0.00205	0.00413	0.54520	0.00361	0.13527
6	0.00917	0.00980	0.13252	0.00778	0.03414	0.00645	0.00691	0.01153	0.00898	0.04068	0.00789	0.00908	0.00632	0.00337	0.00335	0.00078	0.00369	0.00271	0.00249	0.69235
7	0.00816	0.01938	0.70469	0.01133	0.01679	0.00919	0.01415	0.01259	0.00866	0.01293	0.00820	0.01015	0.00618	0.00824	0.12897	0.00217	0.00706	0.00336	0.00187	0.00591
8	0.00628	0.00483	0.00706	0.00689	0.00764	0.00562	0.00538	0.00783	0.00760	0.01098	0.13305	0.01851	0.01476	0.02685	0.65624	0.00569	0.06330	0.00498	0.00261	0.00389
9	0.00617	0.00541	0.04783	0.00591	0.00729	0.00444	0.02289	0.00830	0.01168	0.01641	0.70629	0.03082	0.09335	0.00849	0.00497	0.00135	0.00235	0.00749	0.00443	0.00414
10	0.13749	0.00492	0.00542	0.00513	0.00645	0.00475	0.00388	0.00820	0.01061	0.01583	0.49456	0.03008	0.21729	0.03130	0.00511	0.00143	0.00229	0.00714	0.00415	0.00397
11	0.74882	0.00764	0.00617	0.00556	0.00795	0.00871	0.00452	0.01183	0.00796	0.01879	0.12878	0.01066	0.00996	0.00467	0.00299	0.00132	0.00310	0.00312	0.00294	0.00452
12	0.02514	0.01112	0.06130	0.01486	0.05488	0.01032	0.47137	0.13326	0.03062	0.03505	0.05333	0.01372	0.02196	0.00461	0.00489	0.00141	0.01730	0.02619	0.00279	0.00589
13	0.15719	0.01027	0.01399	0.11313	0.38153	0.06349	0.04437	0.08391	0.04585	0.03465	0.00835	0.01017	0.00657	0.00414	0.00397	0.00130	0.00495	0.00359	0.00254	0.00604
14	0.03494	0.04260	0.06596	0.06997	0.30112	0.03483	0.06543	0.02006	0.00978	0.04307	0.07949	0.02108	0.03948	0.00472	0.00421	0.00121	0.01168	0.01503	0.00261	0.13273
15	0.02520	0.02358	0.02377	0.04640	0.52504	0.00941	0.08107	0.02930	0.00990	0.04650	0.02733	0.02142	0.04921	0.00456	0.00439	0.00129	0.01319	0.01584	0.00248	0.04012
16	0.02091	0.08330	0.02316	0.06581	0.43309	0.01988	0.03651	0.03662	0.04796	0.01444	0.13079	0.01356	0.01182	0.00466	0.00417	0.00124	0.00451	0.00425	0.00265	0.04067
17	0.00990	0.02931	0.06943	0.04815	0.35271	0.04391	0.04379	0.04301	0.04759	0.03325	0.08801	0.01521	0.07716	0.00506	0.00425	0.00126	0.00451	0.00452	0.03157	0.04741
18	0.02203	0.01838	0.02794	0.10793	0.33477	0.17124	0.02078	0.04604	0.03533	0.06810	0.04710	0.02439	0.01902	0.00467	0.00415	0.00126	0.00518	0.00400	0.03184	0.00585

[dist]
# distance from previous block
# <min> <max>
6	18

[block]
# block no. 8 follows, 62 sequences, length 17
# corresponding to MSA columns:
# 429-445
name=unknown_I
#
# <colnr> <probs for GDERKNQSTAVLIFYWHMCP>
#	G	D	E	R	K	N	Q	S	T	A	V	L	I	F	Y	W	H	M	C	P
0	0.03462	0.04734	0.13850	0.03241	0.12429	0.02768	0.02892	0.04263	0.04822	0.03769	0.11831	0.04208	0.08206	0.00649	0.00444	0.00136	0.00419	0.10770	0.00314	0.06793
1	0.04879	0.17036	0.05505	0.09313	0.14480	0.03128	0.03963	0.07985	0.06646	0.07335	0.03845	0.01317	0.01905	0.03829	0.00484	0.00138	0.02275	0.02425	0.02943	0.00567
2	0.06427	0.00899	0.01283	0.14410	0.31194	0.02183	0.00958	0.07903	0.05032	0.13555	0.02830	0.01246	0.03195	0.00466	0.00431	0.00129	0.02088	0.00398	0.00299	0.05073
3	0.10715	0.02653	0.01199	0.01112	0.12533	0.04821	0.06039	0.13837	0.07197	0.12044	0.01101	0.04616	0.01750	0.00508	0.00448	0.00126	0.04417	0.01962	0.00325	0.12596
4	0.12889	0.01158	0.11203	0.02963	0.28493	0.07161	0.02301	0.10283	0.04179	0.07852	0.04947	0.01185	0.02631	0.00462	0.00404	0.00129	0.00478	0.00384	0.00288	0.00610
5	0.02644	0.01349	0.29957	0.01312	0.11212	0.02129	0.15798	0.04350	0.06308	0.03609	0.01112	0.12485	0.00972	0.00540	0.00439	0.00138	0.00525	0.00495	0.02655	0.01971
6	0.00590	0.00466	0.00642	0.00810	0.10577	0.00436	0.00499	0.00703	0.00891	0.01181	0.08072	0.52997	0.16721	0.01136	0.00519	0.00160	0.00272	0.02557	0.00378	0.00393
7	0.00941	0.00853	0.01432	0.08956	0.47449	0.00862	0.06466	0.01198	0.03782	0.03358	0.02891	0.14047	0.01146	0.02892	0.00499	0.00146	0.00465	0.01777	0.00263	0.00579
8	0.00649	0.00572	0.00580	0.00654	0.00702	0.10455	0.00447	0.00727	0.00862	0.01081	0.02140	0.74537	0.02538	0.01224	0.00524	0.00165	0.00310	0.01096	0.00374	0.00364
9	0.07654	0.33317	0.01659	0.00955	0.02399	0.12960	0.06053	0.13571	0.02821	0.03536	0.00737	0.00853	0.00607	0.00454	0.00473	0.00120	0.10714	0.00307	0.00248	0.00561
10	0.00881	0.00863	0.01205	0.01053	0.01056	0.01187	0.00866	0.00971	0.00672	0.01032	0.00776	0.11143	0.00833	0.00816	0.01292	0.00185	0.74033	0.00474	0.00212	0.00451
11	0.00528	0.00384	0.00514	0.00595	0.00632	0.00369	0.00408	0.00614	0.00807	0.01078	0.02304	0.70298	0.06882	0.01546	0.10629	0.00233	0.00354	0.01101	0.00375	0.00351
12	0.00868	0.16431	0.09749	0.00903	0.01133	0.04177	0.09261	0.01107	0.04679	0.02299	0.01274	0.12496	0.01274	0.05637	0.11675	0.00231	0.04859	0.11202	0.00270	0.00475
13	0.00890	0.15489	0.47012	0.01046	0.01518	0.04623	0.06934	0.01234	0.00917	0.01239	0.01237	0.01357	0.11774	0.02426	0.00443	0.00135	0.00551	0.00399	0.00216	0.00560
14	0.02208	0.29360	0.31936	0.00897	0.01297	0.02245	0.02050	0.02267	0.00894	0.02077	0.03329	0.07626	0.02081	0.02850	0.04328	0.00154	0.00525	0.00394	0.00225	0.03257
15	0.08328	0.34668	0.28821	0.00933	0.01345	0.14753	0.00995	0.01349	0.00919	0.01201	0.00705	0.02925	0.00595	0.00417	0.00341	0.00114	0.00549	0.00290	0.00200	0.00553
16	0.00998	0.24861	0.46928	0.01044	0.01536	0.04784	0.04284	0.01338	0.00913	0.04397	0.00834	0.00977	0.02142	0.02736	0.00422	0.00130	0.00566	0.00320	0.00203	0.00586

[dist]
# distance from previous block
# <min> <max>
0	30

# created by:
# /st0/software/busco_prod/Augustus/scripts/msa2prfl.pl ./align_prep/137402.fa
