[name]
unknown

[dist]
# distance from previous block
# <min> <max>
0	63

[block]
# block no. 0 follows, 60 sequences, length 36
# corresponding to MSA columns:
# 164-172,181-186,192-212
name=unknown_A
#
# <colnr> <probs for GDERKNQSTAVLIFYWHMCP>
#	G	D	E	R	K	N	Q	S	T	A	V	L	I	F	Y	W	H	M	C	P
0	0.00786	0.00548	0.00780	0.08619	0.01111	0.00563	0.00741	0.02246	0.01021	0.05220	0.03354	0.05590	0.02262	0.01087	0.00574	0.00190	0.00413	0.64076	0.00390	0.00431
1	0.01614	0.00788	0.02023	0.00794	0.01090	0.02019	0.01907	0.07203	0.07140	0.53861	0.10174	0.05624	0.01458	0.00611	0.00451	0.00137	0.00369	0.00510	0.00495	0.01730
2	0.00543	0.00388	0.00519	0.00620	0.00651	0.00364	0.00425	0.00627	0.00846	0.01126	0.02398	0.79133	0.02860	0.01356	0.00560	0.00179	0.00263	0.06383	0.00405	0.00357
3	0.01608	0.02044	0.01239	0.01124	0.01342	0.80397	0.00846	0.01720	0.01218	0.01067	0.00671	0.00792	0.00562	0.00459	0.00425	0.00115	0.03358	0.00284	0.00224	0.00505
4	0.00971	0.00771	0.00965	0.00851	0.08645	0.00633	0.00600	0.04103	0.00988	0.06144	0.05218	0.06528	0.01008	0.00447	0.00370	0.00088	0.00339	0.00378	0.00299	0.60653
5	0.01323	0.08943	0.01827	0.05241	0.01715	0.03683	0.35095	0.05151	0.01112	0.23872	0.01105	0.02579	0.00801	0.00443	0.00451	0.00133	0.00562	0.00446	0.00320	0.05198
6	0.00624	0.00463	0.00680	0.00680	0.00750	0.00534	0.00519	0.00765	0.00695	0.00997	0.01188	0.01821	0.01137	0.10958	0.75321	0.00675	0.01098	0.00483	0.00237	0.00378
7	0.00946	0.24324	0.59022	0.01094	0.01653	0.01189	0.01351	0.01348	0.00919	0.01295	0.02676	0.00918	0.00640	0.00415	0.00381	0.00126	0.00586	0.00310	0.00192	0.00616
8	0.01485	0.16741	0.10891	0.08643	0.01365	0.00924	0.00821	0.01736	0.03728	0.43517	0.04890	0.01324	0.01016	0.00501	0.00409	0.00129	0.00433	0.00399	0.00393	0.00656
9	0.00517	0.00436	0.00448	0.00457	0.00593	0.00367	0.00338	0.00624	0.00979	0.01172	0.04228	0.11770	0.74325	0.01129	0.00519	0.00150	0.00224	0.00951	0.00405	0.00367
10	0.87753	0.00843	0.00641	0.00574	0.00843	0.00978	0.00472	0.01282	0.00742	0.01957	0.00607	0.00709	0.00472	0.00405	0.00270	0.00135	0.00337	0.00236	0.00270	0.00472
11	0.01066	0.01056	0.03628	0.05405	0.77399	0.01033	0.01341	0.01332	0.00987	0.01413	0.00818	0.01079	0.00684	0.00391	0.00432	0.00130	0.00523	0.00387	0.00214	0.00683
12	0.68480	0.00899	0.04631	0.00667	0.02801	0.00945	0.00554	0.05651	0.00854	0.01887	0.01005	0.01076	0.08174	0.00478	0.00313	0.00136	0.00353	0.00317	0.00287	0.00491
13	0.00633	0.00427	0.00497	0.00497	0.00504	0.00434	0.00291	0.00648	0.00641	0.00861	0.01355	0.02746	0.01539	0.76985	0.09843	0.00449	0.00493	0.00618	0.00261	0.00276
14	0.00615	0.00446	0.00579	0.00546	0.00650	0.00410	0.00409	0.00818	0.01228	0.01734	0.79735	0.03282	0.06110	0.00897	0.00514	0.00137	0.00206	0.00792	0.00478	0.00410
15	0.01175	0.01214	0.08576	0.03419	0.01952	0.03837	0.49476	0.04910	0.08171	0.11181	0.01051	0.01213	0.00760	0.00423	0.00482	0.00143	0.00637	0.00472	0.00284	0.00622
16	0.01029	0.01176	0.02574	0.01838	0.02279	0.01103	0.80368	0.01397	0.01029	0.01397	0.00882	0.01176	0.00662	0.00368	0.00515	0.00147	0.00735	0.00515	0.00221	0.00588
17	0.00623	0.00467	0.00701	0.00701	0.00779	0.00545	0.00545	0.00779	0.00701	0.01012	0.01168	0.01713	0.01090	0.03271	0.82944	0.00701	0.01168	0.00467	0.00234	0.00389
18	0.00623	0.00467	0.00701	0.00701	0.00779	0.00545	0.00545	0.00779	0.00701	0.01012	0.01168	0.01713	0.01090	0.03271	0.82944	0.00701	0.01168	0.00467	0.00234	0.00389
19	0.04131	0.00694	0.00908	0.00773	0.01024	0.00654	0.01721	0.03142	0.09366	0.46560	0.03519	0.14089	0.01559	0.00739	0.00472	0.00150	0.00357	0.09037	0.00479	0.00626
20	0.00585	0.00427	0.00557	0.00641	0.00696	0.00410	0.00464	0.00727	0.03522	0.01187	0.04291	0.58600	0.07248	0.02805	0.00589	0.00183	0.00285	0.16004	0.00405	0.00375
21	0.00634	0.00423	0.00476	0.00476	0.00476	0.00423	0.00264	0.00634	0.00634	0.00846	0.01374	0.02854	0.01586	0.84672	0.02220	0.00423	0.00423	0.00634	0.00264	0.00264
22	0.01166	0.84935	0.02285	0.00746	0.01119	0.01726	0.00746	0.01306	0.00886	0.01026	0.00606	0.00700	0.00560	0.00373	0.00280	0.00093	0.00466	0.00233	0.00187	0.00560
23	0.01203	0.78334	0.02202	0.00776	0.01138	0.08195	0.00754	0.01341	0.00914	0.01029	0.00612	0.00707	0.00560	0.00379	0.00289	0.00095	0.00492	0.00237	0.00190	0.00555
24	0.01010	0.00788	0.00959	0.00696	0.01070	0.00622	0.02500	0.04135	0.00988	0.07911	0.03519	0.01040	0.00798	0.00367	0.00347	0.00077	0.00339	0.00301	0.00294	0.72237
25	0.01513	0.00942	0.02269	0.00847	0.01120	0.10539	0.01717	0.05289	0.16616	0.39987	0.04343	0.09205	0.01328	0.00632	0.00450	0.00140	0.00413	0.01547	0.00453	0.00649
26	0.01074	0.01205	0.06532	0.09325	0.02080	0.04906	0.50436	0.08742	0.05518	0.01494	0.00971	0.03890	0.00761	0.00440	0.00486	0.00144	0.00657	0.00492	0.00255	0.00590
27	0.00824	0.00775	0.01308	0.83624	0.03004	0.00969	0.01211	0.01114	0.00872	0.01114	0.00775	0.01163	0.00581	0.00436	0.00436	0.00145	0.00581	0.00388	0.00194	0.00484
28	0.03174	0.00867	0.03729	0.01841	0.01107	0.02676	0.00628	0.09889	0.01087	0.17098	0.01130	0.08913	0.00940	0.00505	0.00411	0.00105	0.02329	0.00407	0.00340	0.42824
29	0.03449	0.01677	0.01274	0.03981	0.05849	0.49655	0.01999	0.18814	0.06498	0.01527	0.00839	0.00930	0.00657	0.00469	0.00408	0.00122	0.00659	0.00331	0.00284	0.00579
30	0.00541	0.00387	0.00514	0.00601	0.00635	0.00360	0.00406	0.00631	0.00878	0.01182	0.11029	0.75565	0.03018	0.01315	0.00552	0.00173	0.00248	0.01191	0.00413	0.00360
31	0.00923	0.00518	0.00655	0.00579	0.00750	0.00458	0.00449	0.01097	0.01180	0.21473	0.43384	0.03046	0.22052	0.00856	0.00496	0.00139	0.00250	0.00734	0.00477	0.00483
32	0.01607	0.01886	0.01245	0.01102	0.01334	0.66765	0.00842	0.11840	0.01314	0.02994	0.00739	0.00843	0.00596	0.00476	0.00450	0.00119	0.04747	0.00303	0.00257	0.00540
33	0.00638	0.00450	0.00603	0.00688	0.00748	0.00442	0.00537	0.00766	0.00890	0.01169	0.02185	0.29569	0.02475	0.15036	0.00855	0.00230	0.00358	0.41617	0.00380	0.00364
34	0.00624	0.00465	0.00690	0.00690	0.00764	0.00539	0.00532	0.00772	0.00698	0.01004	0.01178	0.01768	0.01114	0.07198	0.79049	0.00688	0.01132	0.00475	0.00235	0.00383
35	0.03557	0.01831	0.01241	0.01097	0.01318	0.62560	0.00843	0.12060	0.01278	0.01308	0.00712	0.00835	0.00584	0.00488	0.00494	0.00123	0.08582	0.00304	0.00250	0.00533

[dist]
# distance from previous block
# <min> <max>
1	27

[block]
# block no. 1 follows, 60 sequences, length 81
# corresponding to MSA columns:
# 240-294,306-331
name=unknown_B
#
# <colnr> <probs for GDERKNQSTAVLIFYWHMCP>
#	G	D	E	R	K	N	Q	S	T	A	V	L	I	F	Y	W	H	M	C	P
0	0.01186	0.18362	0.04751	0.00893	0.01186	0.02644	0.02685	0.19937	0.28580	0.03296	0.01354	0.10908	0.01149	0.00605	0.00421	0.00135	0.00421	0.00492	0.00366	0.00629
1	0.01658	0.01222	0.01309	0.01003	0.01353	0.01353	0.00829	0.80497	0.02051	0.02749	0.01047	0.01047	0.00742	0.00524	0.00436	0.00131	0.00480	0.00393	0.00436	0.00742
2	0.00634	0.00423	0.00476	0.00476	0.00476	0.00423	0.00264	0.00634	0.00634	0.00846	0.01374	0.02854	0.01586	0.84672	0.02220	0.00423	0.00423	0.00634	0.00264	0.00264
3	0.00683	0.00488	0.00680	0.00780	0.00872	0.00485	0.00668	0.00869	0.00984	0.01283	0.02320	0.14170	0.02554	0.01224	0.00597	0.00198	0.00384	0.69963	0.00402	0.00396
4	0.01255	0.01022	0.01082	0.00922	0.01199	0.01165	0.00732	0.25588	0.57615	0.02100	0.01558	0.01455	0.01156	0.00571	0.00442	0.00143	0.00385	0.00463	0.00442	0.00706
5	0.00634	0.00423	0.00476	0.00476	0.00476	0.00423	0.00264	0.00634	0.00634	0.00846	0.01374	0.02854	0.01586	0.84672	0.02220	0.00423	0.00423	0.00634	0.00264	0.00264
6	0.00875	0.02256	0.82413	0.01243	0.01888	0.01013	0.01611	0.01381	0.00921	0.01381	0.00783	0.00921	0.00552	0.00414	0.00414	0.00138	0.00645	0.00322	0.00184	0.00645
7	0.87753	0.00843	0.00641	0.00574	0.00843	0.00978	0.00472	0.01282	0.00742	0.01957	0.00607	0.00709	0.00472	0.00405	0.00270	0.00135	0.00337	0.00236	0.00270	0.00472
8	0.00827	0.00708	0.01058	0.01108	0.12486	0.01961	0.09398	0.01108	0.07913	0.03362	0.14683	0.15455	0.07977	0.01933	0.00581	0.00162	0.04476	0.13955	0.00361	0.00491
9	0.01029	0.01176	0.02574	0.01838	0.02279	0.01103	0.80368	0.01397	0.01029	0.01397	0.00882	0.01176	0.00662	0.00368	0.00515	0.00147	0.00735	0.00515	0.00221	0.00588
10	0.00546	0.00412	0.00486	0.00537	0.00605	0.00374	0.00369	0.00628	0.00869	0.01105	0.02969	0.41558	0.30665	0.13088	0.00780	0.00202	0.00271	0.03802	0.00385	0.00348
11	0.01022	0.01147	0.02408	0.01780	0.04247	0.01128	0.69041	0.01355	0.00986	0.01357	0.00845	0.01148	0.00652	0.00414	0.00619	0.00152	0.10407	0.00496	0.00217	0.00578
12	0.87753	0.00843	0.00641	0.00574	0.00843	0.00978	0.00472	0.01282	0.00742	0.01957	0.00607	0.00709	0.00472	0.00405	0.00270	0.00135	0.00337	0.00236	0.00270	0.00472
13	0.05248	0.00851	0.01036	0.00818	0.01136	0.00836	0.00668	0.16173	0.12027	0.51840	0.03670	0.01440	0.01108	0.00548	0.00434	0.00136	0.00381	0.00439	0.00496	0.00716
14	0.00890	0.00628	0.00839	0.00898	0.11501	0.00581	0.00598	0.04361	0.02386	0.10362	0.24055	0.13571	0.11806	0.00807	0.00479	0.00137	0.00311	0.04825	0.00400	0.10564
15	0.03296	0.01233	0.11098	0.02368	0.65957	0.05713	0.01320	0.01365	0.00992	0.01413	0.00802	0.01035	0.00662	0.00395	0.00423	0.00130	0.00544	0.00371	0.00214	0.00669
16	0.00515	0.00442	0.00442	0.00442	0.00589	0.00368	0.00331	0.00626	0.00994	0.01178	0.04418	0.04197	0.81775	0.01105	0.00515	0.00147	0.00221	0.00920	0.00405	0.00368
17	0.00693	0.00480	0.00663	0.00754	0.00844	0.00471	0.00630	0.00864	0.00973	0.03236	0.02346	0.22347	0.03698	0.01223	0.00587	0.00193	0.00366	0.58826	0.00406	0.00399
18	0.00899	0.02114	0.73026	0.01410	0.11207	0.01016	0.01580	0.01376	0.00929	0.01386	0.00787	0.00939	0.00569	0.00411	0.00416	0.00137	0.00630	0.00330	0.00188	0.00650
19	0.01079	0.01036	0.01770	0.02677	0.81952	0.01036	0.01339	0.01339	0.00993	0.01425	0.00820	0.01079	0.00691	0.00389	0.00432	0.00130	0.00518	0.00389	0.00216	0.00691
20	0.00554	0.00392	0.00503	0.00576	0.00604	0.00370	0.00378	0.00623	0.00823	0.01098	0.06161	0.63466	0.04949	0.16328	0.00853	0.00219	0.00280	0.01100	0.00383	0.00341
21	0.01370	0.11184	0.01446	0.01077	0.01365	0.31587	0.10203	0.08427	0.23044	0.04432	0.01061	0.01099	0.00817	0.00479	0.00414	0.00126	0.00582	0.00376	0.00309	0.00601
22	0.03886	0.01209	0.01274	0.00984	0.01327	0.03384	0.00810	0.72360	0.01954	0.06838	0.01061	0.01055	0.00748	0.00519	0.00431	0.00131	0.00478	0.00388	0.00432	0.00729
23	0.00531	0.00380	0.00506	0.00607	0.00633	0.00354	0.00405	0.00607	0.00835	0.01113	0.02404	0.84388	0.02885	0.01366	0.00557	0.00177	0.00253	0.01240	0.00405	0.00354
24	0.04841	0.01000	0.01221	0.02360	0.10657	0.01067	0.04152	0.23752	0.28075	0.09585	0.01277	0.01268	0.00940	0.00504	0.00426	0.00133	0.00423	0.00418	0.00389	0.07510
25	0.00622	0.00418	0.00479	0.00491	0.00494	0.00415	0.00281	0.00631	0.00658	0.00877	0.01494	0.12345	0.01737	0.74975	0.02026	0.00394	0.00403	0.00705	0.00281	0.00275
26	0.11127	0.01130	0.02303	0.01738	0.06599	0.01085	0.66617	0.01380	0.00994	0.01464	0.00847	0.01117	0.00641	0.00373	0.00482	0.00145	0.00677	0.00475	0.00226	0.00581
27	0.01093	0.01066	0.01744	0.04150	0.77793	0.03749	0.01320	0.01348	0.00999	0.01407	0.00815	0.01071	0.00685	0.00392	0.00431	0.00129	0.00528	0.00385	0.00216	0.00681
28	0.00515	0.00442	0.00442	0.00442	0.00589	0.00368	0.00331	0.00626	0.00994	0.01178	0.04418	0.04197	0.81775	0.01105	0.00515	0.00147	0.00221	0.00920	0.00405	0.00368
29	0.08809	0.02663	0.02425	0.01020	0.01277	0.45278	0.02807	0.08365	0.19247	0.01468	0.01001	0.01045	0.01762	0.00488	0.00401	0.00125	0.00609	0.00348	0.00297	0.00567
30	0.00824	0.00775	0.01308	0.83624	0.03004	0.00969	0.01211	0.01114	0.00872	0.01114	0.00775	0.01163	0.00581	0.00436	0.00436	0.00145	0.00581	0.00388	0.00194	0.00484
31	0.00777	0.00559	0.00649	0.00588	0.00756	0.00521	0.01441	0.10081	0.01183	0.06774	0.22772	0.08626	0.40704	0.00957	0.00505	0.00145	0.00268	0.01812	0.00434	0.00449
32	0.00536	0.00437	0.00463	0.00466	0.00589	0.00376	0.00339	0.00645	0.00979	0.01204	0.11705	0.09294	0.62562	0.07675	0.00652	0.00170	0.00237	0.00906	0.00401	0.00363
33	0.01053	0.00875	0.00919	0.00832	0.01061	0.01006	0.00645	0.02166	0.71823	0.01801	0.01734	0.01627	0.01307	0.00582	0.00428	0.00143	0.00329	0.00483	0.10530	0.00657
34	0.03320	0.02187	0.03490	0.00854	0.01199	0.00894	0.00723	0.23875	0.05335	0.51221	0.01472	0.01328	0.00964	0.00529	0.00432	0.00134	0.00409	0.00418	0.00486	0.00729
35	0.00590	0.00445	0.00545	0.00520	0.00635	0.00400	0.00390	0.00770	0.01170	0.01595	0.60915	0.03511	0.25018	0.00949	0.00515	0.00140	0.00210	0.00824	0.00460	0.00400
36	0.01166	0.84935	0.02285	0.00746	0.01119	0.01726	0.00746	0.01306	0.00886	0.01026	0.00606	0.00700	0.00560	0.00373	0.00280	0.00093	0.00466	0.00233	0.00187	0.00560
37	0.01658	0.01222	0.01309	0.01003	0.01353	0.01353	0.00829	0.80497	0.02051	0.02749	0.01047	0.01047	0.00742	0.00524	0.00436	0.00131	0.00480	0.00393	0.00436	0.00742
38	0.01029	0.01176	0.02574	0.01838	0.02279	0.01103	0.80368	0.01397	0.01029	0.01397	0.00882	0.01176	0.00662	0.00368	0.00515	0.00147	0.00735	0.00515	0.00221	0.00588
39	0.00904	0.00775	0.00904	0.00646	0.01034	0.00581	0.00517	0.01098	0.00904	0.01421	0.00775	0.00904	0.00646	0.00323	0.00323	0.00065	0.00323	0.00258	0.00258	0.87339
40	0.00721	0.00531	0.00708	0.00789	0.00895	0.00543	0.00667	0.01010	0.08979	0.01335	0.02267	0.13842	0.02436	0.01162	0.00581	0.00193	0.00379	0.62131	0.00406	0.00425
41	0.00663	0.00463	0.00530	0.00502	0.00549	0.00441	0.00302	0.00690	0.00672	0.00922	0.01329	0.04759	0.01503	0.71429	0.03174	0.00379	0.00418	0.00604	0.00267	0.10404
42	0.01220	0.75290	0.02163	0.00790	0.01146	0.11177	0.00757	0.01357	0.00927	0.01031	0.00614	0.00710	0.00560	0.00382	0.00293	0.00096	0.00504	0.00239	0.00191	0.00553
43	0.87753	0.00843	0.00641	0.00574	0.00843	0.00978	0.00472	0.01282	0.00742	0.01957	0.00607	0.00709	0.00472	0.00405	0.00270	0.00135	0.00337	0.00236	0.00270	0.00472
44	0.87753	0.00843	0.00641	0.00574	0.00843	0.00978	0.00472	0.01282	0.00742	0.01957	0.00607	0.00709	0.00472	0.00405	0.00270	0.00135	0.00337	0.00236	0.00270	0.00472
45	0.00608	0.00445	0.00571	0.00539	0.00646	0.00408	0.00405	0.00806	0.01214	0.01699	0.75017	0.03339	0.10851	0.00910	0.00514	0.00138	0.00207	0.00800	0.00474	0.00408
46	0.00529	0.00389	0.00497	0.00583	0.00626	0.00356	0.00394	0.00610	0.00859	0.01123	0.02701	0.72551	0.14529	0.01328	0.00551	0.00173	0.00248	0.01193	0.00405	0.00356
47	0.00517	0.00442	0.00444	0.00444	0.00590	0.00369	0.00333	0.00629	0.00998	0.01189	0.05817	0.04180	0.80369	0.01101	0.00515	0.00147	0.00221	0.00918	0.00406	0.00369
48	0.01567	0.03098	0.01231	0.01089	0.01315	0.70345	0.00827	0.05710	0.04826	0.01195	0.00752	0.00856	0.00616	0.00468	0.00422	0.00116	0.02926	0.00300	0.01816	0.00524
49	0.00617	0.00446	0.00583	0.00549	0.00652	0.00412	0.00412	0.00823	0.01235	0.01749	0.81722	0.03258	0.04115	0.00892	0.00514	0.00137	0.00206	0.00789	0.00480	0.00412
50	0.00529	0.00388	0.00498	0.00586	0.00627	0.00356	0.00395	0.00610	0.00856	0.01122	0.02668	0.73864	0.13238	0.01332	0.00551	0.00173	0.00249	0.01198	0.00405	0.00356
51	0.87753	0.00843	0.00641	0.00574	0.00843	0.00978	0.00472	0.01282	0.00742	0.01957	0.00607	0.00709	0.00472	0.00405	0.00270	0.00135	0.00337	0.00236	0.00270	0.00472
52	0.00859	0.00816	0.01394	0.72099	0.12175	0.00980	0.03261	0.01148	0.00890	0.01158	0.00783	0.01153	0.00596	0.00429	0.00438	0.00144	0.00578	0.00391	0.00197	0.00511
53	0.00596	0.00444	0.00562	0.00640	0.00691	0.00439	0.00438	0.00806	0.10185	0.01196	0.02331	0.74754	0.02704	0.01276	0.00544	0.00174	0.00264	0.01153	0.00409	0.00393
54	0.01017	0.01285	0.11771	0.01869	0.11782	0.01084	0.61729	0.01388	0.01012	0.01399	0.00863	0.01135	0.00653	0.00376	0.00493	0.00144	0.00699	0.00477	0.00216	0.00607
55	0.01159	0.00767	0.00844	0.00734	0.00955	0.00827	0.00577	0.10934	0.34123	0.12485	0.07880	0.01669	0.01393	0.00579	0.00411	0.00131	0.00316	0.00475	0.23134	0.00607
56	0.01195	0.68583	0.02149	0.00991	0.10547	0.01616	0.00822	0.07540	0.00990	0.01208	0.00666	0.00771	0.00589	0.00387	0.00310	0.00100	0.00474	0.00264	0.00210	0.00589
57	0.00945	0.27347	0.51511	0.01031	0.01542	0.01184	0.01241	0.01299	0.00888	0.01231	0.00775	0.01005	0.00636	0.07030	0.00515	0.00147	0.00573	0.00320	0.00191	0.00589
58	0.01091	0.68507	0.02035	0.00782	0.01084	0.01572	0.00744	0.01221	0.00857	0.01036	0.00744	0.07313	0.00744	0.00497	0.00436	0.00111	0.10158	0.00330	0.00204	0.00534
59	0.00895	0.00812	0.01198	0.07553	0.10718	0.00705	0.10288	0.01114	0.00923	0.01364	0.00972	0.08797	0.00889	0.00457	0.00394	0.00101	0.00411	0.01812	0.00260	0.50335
60	0.01045	0.00853	0.01029	0.00856	0.07443	0.00720	0.00626	0.11572	0.01071	0.03767	0.00840	0.00952	0.00674	0.00360	0.00350	0.00080	0.00360	0.00291	0.00286	0.66823
61	0.00951	0.00969	0.01237	0.01083	0.01111	0.07617	0.02244	0.01050	0.00741	0.01066	0.00834	0.12228	0.00886	0.00813	0.01216	0.00182	0.64592	0.00492	0.00223	0.00465
62	0.02896	0.00757	0.01048	0.16926	0.01466	0.00720	0.00740	0.03138	0.02644	0.52278	0.01434	0.02386	0.00973	0.00517	0.00428	0.00132	0.00407	0.01621	0.00434	0.09055
63	0.00658	0.00513	0.00795	0.00737	0.00825	0.00560	0.06758	0.00793	0.00711	0.01003	0.01195	0.01942	0.01174	0.22358	0.57305	0.00591	0.00957	0.00511	0.00240	0.00375
64	0.01293	0.00923	0.01059	0.00972	0.07441	0.03499	0.00721	0.32270	0.05725	0.12310	0.07169	0.01930	0.10306	0.02816	0.01785	0.00155	0.02028	0.05182	0.01800	0.00615
65	0.00990	0.01114	0.02411	0.01741	0.02150	0.01044	0.74077	0.01335	0.01014	0.01375	0.01002	0.07723	0.00837	0.00446	0.00518	0.00149	0.00697	0.00572	0.00235	0.00570
66	0.00923	0.00769	0.00867	0.07274	0.01118	0.00860	0.00633	0.02832	0.48079	0.01705	0.17394	0.02108	0.08325	0.00675	0.00456	0.00143	0.00322	0.00572	0.04363	0.00582
67	0.00659	0.00465	0.00543	0.00528	0.00528	0.00495	0.00319	0.00667	0.00637	0.00862	0.01311	0.02705	0.01506	0.78071	0.02158	0.00405	0.06988	0.00614	0.00258	0.00281
68	0.00629	0.00450	0.00555	0.00529	0.00638	0.00419	0.00396	0.00833	0.02456	0.01625	0.58983	0.03173	0.14622	0.02399	0.02536	0.00154	0.00237	0.00758	0.08202	0.00406
69	0.00557	0.00394	0.00518	0.00607	0.00636	0.00374	0.00412	0.00634	0.00825	0.01097	0.02277	0.68645	0.02704	0.11051	0.00754	0.00208	0.00284	0.07288	0.00388	0.00348
70	0.01027	0.00935	0.01571	0.12091	0.61016	0.00956	0.01232	0.01281	0.00986	0.03434	0.01011	0.01547	0.00899	0.00493	0.00452	0.00140	0.00508	0.09542	0.00243	0.00634
71	0.00939	0.00750	0.00885	0.00655	0.01011	0.00580	0.00519	0.02455	0.00935	0.05379	0.00954	0.07503	0.00845	0.00419	0.00349	0.00078	0.00323	0.00347	0.00287	0.74787
72	0.00681	0.00602	0.00783	0.00715	0.00867	0.04510	0.09725	0.00828	0.00998	0.02802	0.10264	0.23516	0.35596	0.01027	0.00523	0.00155	0.00328	0.05284	0.00384	0.00410
73	0.53147	0.01076	0.06519	0.00945	0.10441	0.08670	0.00711	0.02917	0.00907	0.10023	0.00773	0.00860	0.00579	0.00424	0.00331	0.00132	0.00428	0.00288	0.00284	0.00546
74	0.27577	0.04384	0.02811	0.02882	0.01185	0.18384	0.02076	0.11066	0.19051	0.02858	0.02001	0.01086	0.01931	0.00487	0.00375	0.00132	0.00473	0.00351	0.00320	0.00571
75	0.01589	0.01187	0.01270	0.00990	0.01326	0.01320	0.00812	0.71075	0.11585	0.02637	0.01135	0.01117	0.00813	0.00532	0.00437	0.00133	0.00464	0.00405	0.00437	0.00736
76	0.00626	0.00422	0.00491	0.00499	0.00505	0.00424	0.00291	0.00640	0.00654	0.00876	0.01444	0.09204	0.01660	0.73549	0.06620	0.00419	0.00451	0.00673	0.00274	0.00278
77	0.00634	0.00442	0.00563	0.00573	0.00605	0.00465	0.00388	0.00699	0.00688	0.00938	0.01405	0.04255	0.01532	0.51526	0.26810	0.00486	0.00646	0.06761	0.00268	0.00315
78	0.00671	0.00421	0.00499	0.00500	0.00593	0.00399	0.00367	0.00851	0.01043	0.01576	0.35932	0.15179	0.06856	0.00834	0.00444	0.00131	0.00213	0.00724	0.32370	0.00399
79	0.02164	0.01084	0.04129	0.01527	0.01909	0.01014	0.54676	0.01462	0.01023	0.14577	0.01024	0.03223	0.00772	0.00452	0.00566	0.00147	0.07190	0.00496	0.00275	0.02289
80	0.00967	0.00952	0.01302	0.01120	0.01144	0.01311	0.00928	0.01174	0.08568	0.01126	0.00691	0.01020	0.00647	0.00747	0.01334	0.00187	0.75676	0.00393	0.00216	0.00498

[dist]
# distance from previous block
# <min> <max>
0	50

# created by:
# /st0/software/busco_prod/Augustus/scripts/msa2prfl.pl ./align_prep/137436.fa
