[name]
unknown

[dist]
# distance from previous block
# <min> <max>
0	44

[block]
# block no. 0 follows, 59 sequences, length 13
# corresponding to MSA columns:
# 120-132
name=unknown_A
#
# <colnr> <probs for GDERKNQSTAVLIFYWHMCP>
#	G	D	E	R	K	N	Q	S	T	A	V	L	I	F	Y	W	H	M	C	P
0	0.22523	0.00788	0.00837	0.02078	0.02260	0.03716	0.02421	0.13996	0.01129	0.01694	0.01947	0.02790	0.15852	0.00815	0.00468	0.00159	0.00397	0.25279	0.00363	0.00489
1	0.01148	0.00894	0.01052	0.01130	0.14806	0.07348	0.00738	0.18368	0.03710	0.09593	0.01557	0.30626	0.01546	0.00798	0.00476	0.00145	0.00413	0.00694	0.00377	0.04578
2	0.01011	0.00955	0.01427	0.04175	0.06285	0.01076	0.16781	0.01555	0.26463	0.02906	0.01368	0.01491	0.06757	0.00604	0.00712	0.00155	0.21189	0.00486	0.00308	0.04298
3	0.05373	0.01143	0.01384	0.04798	0.12282	0.04426	0.03755	0.42212	0.01511	0.02085	0.03172	0.01097	0.00785	0.00542	0.00592	0.00143	0.13308	0.00399	0.00340	0.00655
4	0.00820	0.00721	0.01133	0.18792	0.27314	0.00757	0.00902	0.01080	0.04677	0.01373	0.15059	0.22208	0.01852	0.00747	0.00485	0.00149	0.00409	0.00682	0.00318	0.00522
5	0.00905	0.00763	0.01176	0.09137	0.40425	0.00769	0.00909	0.01130	0.00975	0.01422	0.01602	0.01779	0.14623	0.00552	0.00420	0.00129	0.00400	0.00490	0.21844	0.00553
6	0.01026	0.00891	0.01449	0.02138	0.61499	0.00891	0.01095	0.01274	0.00986	0.01494	0.00983	0.01231	0.00807	0.00424	0.00405	0.00124	0.00445	0.00398	0.21813	0.00628
7	0.01218	0.21866	0.01382	0.00883	0.01183	0.01307	0.00737	0.15414	0.47511	0.01806	0.01377	0.01313	0.01051	0.00532	0.00407	0.00133	0.00403	0.00416	0.00383	0.00675
8	0.00851	0.00821	0.01509	0.46280	0.02392	0.00923	0.20729	0.01138	0.00895	0.01199	0.00901	0.01291	0.00715	0.00918	0.14529	0.00242	0.00717	0.00439	0.03013	0.00498
9	0.01215	0.21925	0.01843	0.01934	0.47912	0.01278	0.01118	0.14839	0.01162	0.01572	0.00816	0.00992	0.00675	0.00413	0.00400	0.00122	0.00505	0.00355	0.00249	0.00675
10	0.00633	0.00501	0.00676	0.00693	0.00734	0.00543	0.00507	0.00746	0.00917	0.01277	0.21805	0.49813	0.02831	0.01160	0.00705	0.00172	0.14509	0.00993	0.00392	0.00394
11	0.00783	0.00707	0.01172	0.62820	0.02481	0.00874	0.01059	0.01044	0.00840	0.01103	0.00884	0.01316	0.00717	0.01157	0.20934	0.00287	0.00737	0.00413	0.00206	0.00467
12	0.47701	0.00921	0.04292	0.00724	0.01019	0.00961	0.00612	0.01710	0.20813	0.15613	0.01110	0.01093	0.00804	0.00481	0.00353	0.00140	0.00363	0.00343	0.00360	0.00588

[dist]
# distance from previous block
# <min> <max>
0	1

[block]
# block no. 1 follows, 59 sequences, length 80
# corresponding to MSA columns:
# 134-178,199-233
name=unknown_B
#
# <colnr> <probs for GDERKNQSTAVLIFYWHMCP>
#	G	D	E	R	K	N	Q	S	T	A	V	L	I	F	Y	W	H	M	C	P
0	0.00949	0.00943	0.01327	0.01196	0.04934	0.01288	0.00952	0.01054	0.00709	0.01088	0.00794	0.01143	0.04793	0.00773	0.01353	0.00188	0.75407	0.00415	0.00206	0.00488
1	0.00633	0.00535	0.04439	0.00592	0.00718	0.00442	0.00474	0.00849	0.01214	0.01720	0.73571	0.07392	0.03932	0.00905	0.00518	0.00141	0.00232	0.00800	0.00468	0.00425
2	0.01647	0.01263	0.01305	0.01016	0.01358	0.05196	0.00833	0.72496	0.06136	0.02654	0.01081	0.01078	0.00774	0.00530	0.00440	0.00133	0.00494	0.00398	0.00432	0.00737
3	0.00963	0.00967	0.01411	0.05468	0.01312	0.01322	0.04717	0.01083	0.00704	0.01083	0.00605	0.00988	0.00585	0.00737	0.01353	0.00189	0.75437	0.00393	0.00195	0.00489
4	0.79038	0.00942	0.04534	0.00635	0.00931	0.01012	0.00552	0.05406	0.00829	0.01996	0.00647	0.00745	0.00496	0.00417	0.00289	0.00137	0.00364	0.00252	0.00278	0.00501
5	0.01051	0.00970	0.01336	0.01134	0.01169	0.01320	0.00945	0.05230	0.00777	0.04975	0.00660	0.00997	0.00613	0.00750	0.01350	0.00187	0.75414	0.00390	0.00223	0.00510
6	0.73840	0.05882	0.00784	0.00619	0.00892	0.01031	0.00516	0.05001	0.00821	0.01913	0.00665	0.00786	0.00529	0.00565	0.04567	0.00164	0.00400	0.00259	0.00274	0.00492
7	0.00845	0.00775	0.01272	0.75217	0.02827	0.00959	0.01159	0.01166	0.05029	0.01149	0.00837	0.01210	0.00637	0.00501	0.00503	0.04255	0.00567	0.00398	0.00209	0.00487
8	0.05111	0.00506	0.00511	0.00490	0.00652	0.00456	0.00373	0.04444	0.01064	0.01357	0.10431	0.03838	0.67168	0.01036	0.00505	0.00147	0.00241	0.00860	0.00411	0.00400
9	0.73833	0.00827	0.00659	0.00585	0.00845	0.00948	0.00479	0.05373	0.00839	0.01987	0.00727	0.00835	0.00563	0.00427	0.00286	0.00133	0.00335	0.00266	0.09569	0.00485
10	0.01093	0.01049	0.01793	0.02711	0.81723	0.01049	0.01355	0.01355	0.01006	0.01443	0.00831	0.01093	0.00700	0.00394	0.00437	0.00131	0.00525	0.00394	0.00219	0.00700
11	0.00960	0.00956	0.01335	0.01146	0.01146	0.01334	0.00952	0.01054	0.00676	0.01059	0.00596	0.01005	0.00600	0.02448	0.01465	0.00198	0.82004	0.00392	0.00195	0.00479
12	0.00834	0.00785	0.01325	0.83417	0.03042	0.00981	0.01227	0.01128	0.00883	0.01128	0.00785	0.01178	0.00589	0.00442	0.00442	0.00147	0.00589	0.00393	0.00196	0.00491
13	0.01093	0.01049	0.01793	0.02711	0.81723	0.01049	0.01355	0.01355	0.01006	0.01443	0.00831	0.01093	0.00700	0.00394	0.00437	0.00131	0.00525	0.00394	0.00219	0.00700
14	0.00971	0.00980	0.01428	0.01202	0.01228	0.01339	0.05712	0.01084	0.00698	0.01084	0.00599	0.00980	0.00585	0.00749	0.01394	0.00191	0.78698	0.00395	0.00195	0.00490
15	0.00916	0.00785	0.00916	0.00654	0.01047	0.00589	0.00523	0.01112	0.00916	0.01439	0.00785	0.00916	0.00654	0.00327	0.00327	0.00065	0.00327	0.00262	0.00262	0.87178
16	0.87598	0.00854	0.00649	0.00581	0.00854	0.00991	0.00478	0.01298	0.00752	0.01982	0.00615	0.00717	0.00478	0.00410	0.00273	0.00137	0.00342	0.00239	0.00273	0.00478
17	0.87598	0.00854	0.00649	0.00581	0.00854	0.00991	0.00478	0.01298	0.00752	0.01982	0.00615	0.00717	0.00478	0.00410	0.00273	0.00137	0.00342	0.00239	0.00273	0.00478
18	0.00833	0.00763	0.01270	0.78440	0.02890	0.00947	0.01172	0.01122	0.00886	0.01160	0.00824	0.01206	0.00621	0.00446	0.00434	0.00145	0.00566	0.00394	0.05397	0.00486
19	0.82417	0.05884	0.00749	0.00591	0.00871	0.01036	0.00495	0.01300	0.00760	0.01925	0.00615	0.00717	0.00484	0.00408	0.00274	0.00134	0.00349	0.00239	0.00268	0.00484
20	0.01650	0.02105	0.01252	0.01138	0.01365	0.82705	0.00853	0.01764	0.01252	0.01081	0.00683	0.00796	0.00569	0.00455	0.00398	0.00114	0.00796	0.00284	0.00228	0.00512
21	0.01982	0.00752	0.01025	0.00786	0.01127	0.00649	0.00649	0.02152	0.01264	0.82029	0.01742	0.01503	0.01093	0.00547	0.00444	0.00137	0.00376	0.00444	0.00547	0.00752
22	0.87598	0.00854	0.00649	0.00581	0.00854	0.00991	0.00478	0.01298	0.00752	0.01982	0.00615	0.00717	0.00478	0.00410	0.00273	0.00137	0.00342	0.00239	0.00273	0.00478
23	0.87598	0.00854	0.00649	0.00581	0.00854	0.00991	0.00478	0.01298	0.00752	0.01982	0.00615	0.00717	0.00478	0.00410	0.00273	0.00137	0.00342	0.00239	0.00273	0.00478
24	0.00728	0.00717	0.10196	0.00860	0.01026	0.00560	0.03799	0.00945	0.00974	0.02753	0.02115	0.22196	0.02299	0.01119	0.00571	0.00187	0.00414	0.47725	0.00377	0.00438
25	0.00966	0.00966	0.01353	0.01160	0.01160	0.01353	0.00966	0.01063	0.00676	0.01063	0.00580	0.00966	0.00580	0.00773	0.01449	0.00193	0.83670	0.00387	0.00193	0.00483
26	0.00968	0.00970	0.01374	0.01171	0.01179	0.01349	0.02292	0.01069	0.00683	0.01069	0.00585	0.00970	0.00581	0.00766	0.01434	0.00193	0.82281	0.00389	0.00194	0.00485
27	0.00966	0.00966	0.01353	0.01160	0.01160	0.01353	0.00966	0.01063	0.00676	0.01063	0.00580	0.00966	0.00580	0.00773	0.01449	0.00193	0.83670	0.00387	0.00193	0.00483
28	0.00834	0.00785	0.01325	0.83417	0.03042	0.00981	0.01227	0.01128	0.00883	0.01128	0.00785	0.01178	0.00589	0.00442	0.00442	0.00147	0.00589	0.00393	0.00196	0.00491
29	0.00522	0.00447	0.00447	0.00447	0.00597	0.00373	0.00336	0.00634	0.01007	0.01193	0.04474	0.04250	0.81544	0.01119	0.00522	0.00149	0.00224	0.00932	0.00410	0.00373
30	0.01650	0.02105	0.01252	0.01138	0.01365	0.82705	0.00853	0.01764	0.01252	0.01081	0.00683	0.00796	0.00569	0.00455	0.00398	0.00114	0.00796	0.00284	0.00228	0.00512
31	0.00644	0.00443	0.00525	0.00539	0.00566	0.00443	0.00349	0.00688	0.00719	0.00950	0.01690	0.03179	0.06492	0.63186	0.07010	0.00399	0.00461	0.11125	0.00293	0.00301
32	0.01181	0.84744	0.02314	0.00756	0.01134	0.01748	0.00756	0.01323	0.00897	0.01039	0.00614	0.00708	0.00567	0.00378	0.00283	0.00094	0.00472	0.00236	0.00189	0.00567
33	0.01093	0.01049	0.01793	0.02711	0.81723	0.01049	0.01355	0.01355	0.01006	0.01443	0.00831	0.01093	0.00700	0.00394	0.00437	0.00131	0.00525	0.00394	0.00219	0.00700
34	0.00631	0.00473	0.00710	0.00710	0.00789	0.00552	0.00552	0.00789	0.00710	0.01025	0.01183	0.01735	0.01104	0.03312	0.82728	0.00710	0.01183	0.00473	0.00237	0.00394
35	0.00966	0.00966	0.01353	0.01160	0.01160	0.01353	0.00966	0.01063	0.00676	0.01063	0.00580	0.00966	0.00580	0.00773	0.01449	0.00193	0.83670	0.00387	0.00193	0.00483
36	0.00916	0.00785	0.00916	0.00654	0.01047	0.00589	0.00523	0.01112	0.00916	0.01439	0.00785	0.00916	0.00654	0.00327	0.00327	0.00065	0.00327	0.00262	0.00262	0.87178
37	0.87598	0.00854	0.00649	0.00581	0.00854	0.00991	0.00478	0.01298	0.00752	0.01982	0.00615	0.00717	0.00478	0.00410	0.00273	0.00137	0.00342	0.00239	0.00273	0.00478
38	0.00631	0.00473	0.00710	0.00710	0.00789	0.00552	0.00552	0.00789	0.00710	0.01025	0.01183	0.01735	0.01104	0.03312	0.82728	0.00710	0.01183	0.00473	0.00237	0.00394
39	0.00642	0.00428	0.00482	0.00482	0.00482	0.00428	0.00268	0.00642	0.00642	0.00856	0.01392	0.02890	0.01606	0.84478	0.02248	0.00428	0.00428	0.00642	0.00268	0.00268
40	0.87598	0.00854	0.00649	0.00581	0.00854	0.00991	0.00478	0.01298	0.00752	0.01982	0.00615	0.00717	0.00478	0.00410	0.00273	0.00137	0.00342	0.00239	0.00273	0.00478
41	0.01093	0.01049	0.01793	0.02711	0.81723	0.01049	0.01355	0.01355	0.01006	0.01443	0.00831	0.01093	0.00700	0.00394	0.00437	0.00131	0.00525	0.00394	0.00219	0.00700
42	0.00582	0.00425	0.00556	0.00603	0.00670	0.00387	0.00418	0.00699	0.00950	0.01306	0.21984	0.59092	0.03095	0.01201	0.00539	0.00162	0.00249	0.01082	0.00420	0.05579
43	0.87598	0.00854	0.00649	0.00581	0.00854	0.00991	0.00478	0.01298	0.00752	0.01982	0.00615	0.00717	0.00478	0.00410	0.00273	0.00137	0.00342	0.00239	0.00273	0.00478
44	0.00712	0.00508	0.00712	0.00813	0.00915	0.00508	0.00712	0.00915	0.01017	0.01322	0.02338	0.04982	0.02542	0.01220	0.00610	0.00203	0.00407	0.78750	0.00407	0.00407
45	0.00833	0.00763	0.01270	0.78440	0.02890	0.00947	0.01172	0.01122	0.00886	0.01160	0.00824	0.01206	0.00621	0.00446	0.00434	0.00145	0.00566	0.00394	0.05397	0.00486
46	0.01603	0.02026	0.01249	0.01153	0.02771	0.77757	0.00855	0.01721	0.01235	0.01102	0.02443	0.00860	0.00650	0.00470	0.00424	0.00116	0.02519	0.00300	0.00232	0.00513
47	0.00635	0.00458	0.00635	0.00635	0.00688	0.00511	0.00459	0.00741	0.00688	0.00970	0.01252	0.02115	0.01269	0.29992	0.56274	0.00617	0.00935	0.00529	0.00247	0.00353
48	0.00966	0.00966	0.01353	0.01160	0.01160	0.01353	0.00966	0.01063	0.00676	0.01063	0.00580	0.00966	0.00580	0.00773	0.01449	0.00193	0.83670	0.00387	0.00193	0.00483
49	0.00562	0.00441	0.02143	0.00639	0.00690	0.00390	0.01629	0.00663	0.00885	0.01194	0.09867	0.72368	0.02939	0.02606	0.00583	0.00178	0.00269	0.01173	0.00408	0.00372
50	0.06138	0.00946	0.01301	0.65305	0.06825	0.09869	0.01148	0.01219	0.00922	0.01191	0.00766	0.01104	0.00586	0.00439	0.00427	0.00142	0.00593	0.00372	0.00205	0.00503
51	0.00895	0.00848	0.01435	0.64336	0.21644	0.00997	0.01257	0.01182	0.00912	0.01203	0.00796	0.01158	0.00615	0.00430	0.00441	0.00143	0.00574	0.00393	0.00202	0.00540
52	0.01583	0.02005	0.01401	0.01217	0.01469	0.73736	0.09567	0.01725	0.01229	0.01118	0.00706	0.00840	0.00580	0.00446	0.00412	0.00118	0.00791	0.00310	0.00227	0.00521
53	0.01139	0.01032	0.01422	0.01362	0.14108	0.01186	0.08887	0.13049	0.26718	0.01668	0.01116	0.01240	0.00881	0.00572	0.00704	0.00153	0.21548	0.00436	0.00320	0.02457
54	0.01073	0.02346	0.05915	0.05678	0.56175	0.02326	0.02996	0.04588	0.05444	0.01466	0.00966	0.02781	0.01807	0.00514	0.02253	0.00148	0.02201	0.00420	0.00244	0.00661
55	0.05910	0.00436	0.00543	0.00539	0.00558	0.00448	0.00343	0.00659	0.00623	0.00892	0.01064	0.02035	0.01151	0.39722	0.05456	0.38200	0.00437	0.00498	0.00234	0.00253
56	0.00953	0.00547	0.00572	0.04438	0.00747	0.02136	0.00421	0.08119	0.01044	0.04306	0.01371	0.01551	0.01060	0.00512	0.00333	0.00109	0.00266	0.00408	0.70649	0.00458
57	0.00934	0.00799	0.00945	0.00711	0.03052	0.00614	0.00549	0.02496	0.00938	0.01463	0.00791	0.00923	0.00657	0.00332	0.00332	0.00068	0.00335	0.00267	0.00264	0.83530
58	0.01246	0.00932	0.04835	0.00853	0.01130	0.00936	0.00705	0.10702	0.41227	0.17033	0.12129	0.01792	0.03248	0.00624	0.00457	0.00143	0.00363	0.00518	0.00458	0.00669
59	0.00554	0.00429	0.00508	0.00554	0.00648	0.00383	0.00405	0.00669	0.00966	0.01228	0.09890	0.35023	0.37647	0.01212	0.00546	0.00165	0.00252	0.08132	0.00416	0.00374
60	0.01650	0.02105	0.01252	0.01138	0.01365	0.82705	0.00853	0.01764	0.01252	0.01081	0.00683	0.00796	0.00569	0.00455	0.00398	0.00114	0.00796	0.00284	0.00228	0.00512
61	0.00541	0.00386	0.00515	0.00613	0.00641	0.00361	0.00410	0.00622	0.00858	0.01147	0.04890	0.81677	0.02960	0.01369	0.00562	0.00178	0.00255	0.01241	0.00412	0.00361
62	0.01181	0.78829	0.04501	0.00778	0.01161	0.01705	0.00781	0.02984	0.02713	0.01103	0.00655	0.00743	0.00588	0.00387	0.00294	0.00098	0.00475	0.00248	0.00200	0.00576
63	0.01077	0.01035	0.01773	0.02596	0.75319	0.01041	0.03532	0.01337	0.01000	0.01430	0.00874	0.01214	0.00754	0.00426	0.00466	0.00135	0.02251	0.02831	0.00224	0.00683
64	0.00538	0.00386	0.00511	0.00611	0.00640	0.00359	0.00408	0.00615	0.00850	0.01129	0.02485	0.82209	0.04870	0.01377	0.00563	0.00179	0.00255	0.01248	0.00410	0.00359
65	0.00763	0.00386	0.00579	0.00579	0.00581	0.00388	0.00388	0.00581	0.00579	0.00774	0.00779	0.01354	0.00777	0.01584	0.03994	0.84730	0.00406	0.00386	0.00193	0.00197
66	0.01285	0.00989	0.01065	0.00912	0.01190	0.01114	0.00722	0.17511	0.58956	0.08678	0.01649	0.01521	0.01211	0.00581	0.00447	0.00145	0.00378	0.00475	0.00456	0.00714
67	0.00538	0.00384	0.00512	0.00615	0.00641	0.00359	0.00410	0.00615	0.00846	0.01127	0.02434	0.84190	0.02921	0.01384	0.00564	0.00179	0.00256	0.01256	0.00410	0.00359
68	0.00622	0.00449	0.00578	0.00549	0.00647	0.00415	0.00405	0.00812	0.01199	0.01687	0.72971	0.04898	0.06155	0.05929	0.00625	0.00157	0.00223	0.00802	0.00469	0.00405
69	0.18289	0.01087	0.01120	0.00880	0.01214	0.01184	0.00721	0.49318	0.08269	0.02395	0.01004	0.01026	0.00737	0.00489	0.00397	0.00127	0.00428	0.00360	0.00389	0.10566
70	0.00945	0.05829	0.63031	0.01152	0.01720	0.00991	0.02898	0.01406	0.02938	0.05187	0.03416	0.02859	0.00775	0.00459	0.00419	0.00135	0.00588	0.00368	0.00228	0.04654
71	0.01065	0.12273	0.11149	0.01661	0.06843	0.01198	0.52350	0.03840	0.01034	0.01401	0.00841	0.01085	0.00647	0.00392	0.00490	0.00140	0.02314	0.00448	0.00221	0.00607
72	0.01154	0.00998	0.01142	0.02777	0.11861	0.04393	0.01758	0.06518	0.54290	0.04200	0.04938	0.01557	0.01286	0.00568	0.00449	0.00144	0.00403	0.00480	0.00406	0.00679
73	0.00830	0.00764	0.01266	0.65013	0.10020	0.00916	0.01125	0.01094	0.00887	0.01159	0.03388	0.02709	0.00824	0.05768	0.02352	0.00176	0.00568	0.00437	0.00216	0.00490
74	0.00764	0.00738	0.11497	0.00802	0.00968	0.00551	0.05332	0.00928	0.00914	0.08766	0.03482	0.54695	0.04014	0.01084	0.00557	0.00167	0.02939	0.00971	0.00377	0.00454
75	0.01038	0.03051	0.14130	0.08850	0.52746	0.01062	0.08532	0.01366	0.02403	0.01407	0.00839	0.01086	0.00675	0.00403	0.00439	0.00135	0.00565	0.00393	0.00216	0.00663
76	0.00742	0.00479	0.00682	0.00674	0.00766	0.00523	0.00514	0.00888	0.00781	0.07525	0.01392	0.10828	0.01328	0.06402	0.57775	0.00551	0.00915	0.00560	0.06258	0.00414
77	0.01262	0.01142	0.11663	0.03803	0.47432	0.00965	0.05103	0.02592	0.01067	0.19092	0.01031	0.01169	0.00765	0.00432	0.00441	0.00135	0.00520	0.00403	0.00289	0.00696
78	0.01280	0.39852	0.02855	0.01345	0.21627	0.16883	0.00937	0.04920	0.02612	0.02867	0.00749	0.00875	0.00635	0.00411	0.00359	0.00112	0.00546	0.00303	0.00227	0.00605
79	0.01290	0.07279	0.13478	0.03568	0.01346	0.08189	0.00936	0.15416	0.02619	0.14346	0.04508	0.01268	0.01848	0.00590	0.00663	0.00147	0.19643	0.01942	0.00319	0.00606

[dist]
# distance from previous block
# <min> <max>
0	19

[block]
# block no. 2 follows, 59 sequences, length 25
# corresponding to MSA columns:
# 253-263,285-298
name=unknown_C
#
# <colnr> <probs for GDERKNQSTAVLIFYWHMCP>
#	G	D	E	R	K	N	Q	S	T	A	V	L	I	F	Y	W	H	M	C	P
0	0.04317	0.11407	0.29956	0.03881	0.06920	0.08880	0.05618	0.07537	0.06999	0.05718	0.00907	0.01011	0.00680	0.00439	0.00405	0.00129	0.00566	0.00348	0.00259	0.04021
1	0.37796	0.06991	0.10711	0.00894	0.05878	0.08496	0.00749	0.03563	0.08158	0.01702	0.06742	0.01064	0.00881	0.00465	0.00354	0.00130	0.00435	0.00333	0.00285	0.04372
2	0.01093	0.01049	0.01793	0.02711	0.81723	0.01049	0.01355	0.01355	0.01006	0.01443	0.00831	0.01093	0.00700	0.00394	0.00437	0.00131	0.00525	0.00394	0.00219	0.00700
3	0.01441	0.00632	0.00852	0.00694	0.00941	0.00556	0.00556	0.01627	0.01259	0.50037	0.33531	0.02219	0.02319	0.00689	0.00475	0.00138	0.00309	0.00585	0.00523	0.00618
4	0.00901	0.00768	0.00899	0.00649	0.01027	0.00580	0.00518	0.01098	0.00933	0.01456	0.04925	0.01038	0.00834	0.00357	0.00337	0.00069	0.00321	0.00289	0.00273	0.82728
5	0.00620	0.00451	0.00583	0.00550	0.00657	0.00414	0.00413	0.00823	0.01238	0.01741	0.77521	0.03348	0.08155	0.00914	0.00521	0.00139	0.00209	0.00806	0.00482	0.00414
6	0.00535	0.00448	0.00466	0.00461	0.00605	0.00378	0.00346	0.00659	0.01038	0.01267	0.14328	0.04129	0.71644	0.01091	0.00522	0.00148	0.00222	0.00915	0.00420	0.00378
7	0.01248	0.72878	0.02162	0.00811	0.01167	0.13372	0.00770	0.01386	0.00948	0.01045	0.00624	0.00721	0.00567	0.00389	0.00300	0.00097	0.00519	0.00243	0.00194	0.00559
8	0.00599	0.00422	0.00509	0.00547	0.00631	0.00382	0.00388	0.00719	0.00968	0.02906	0.15407	0.41452	0.24261	0.01149	0.00523	0.00158	0.00238	0.01012	0.07345	0.00384
9	0.00653	0.00479	0.00607	0.00567	0.00682	0.00450	0.00428	0.02640	0.02929	0.01763	0.73646	0.03268	0.08413	0.00900	0.00518	0.00140	0.00218	0.00791	0.00480	0.00428
10	0.01087	0.01048	0.01810	0.10589	0.57675	0.01076	0.11011	0.05379	0.01044	0.01466	0.00839	0.01109	0.00684	0.00413	0.00476	0.00137	0.02859	0.00409	0.00228	0.00662
11	0.01574	0.00696	0.00954	0.00872	0.07731	0.00628	0.00613	0.01710	0.01088	0.55069	0.01579	0.01814	0.01188	0.21417	0.00892	0.00209	0.00401	0.00489	0.00450	0.00627
12	0.87598	0.00854	0.00649	0.00581	0.00854	0.00991	0.00478	0.01298	0.00752	0.01982	0.00615	0.00717	0.00478	0.00410	0.00273	0.00137	0.00342	0.00239	0.00273	0.00478
13	0.00631	0.00473	0.00710	0.00710	0.00789	0.00552	0.00552	0.00789	0.00710	0.01025	0.01183	0.01735	0.01104	0.03312	0.82728	0.00710	0.01183	0.00473	0.00237	0.00394
14	0.00650	0.00497	0.00729	0.00718	0.00787	0.00587	0.00554	0.00793	0.00703	0.01015	0.01165	0.01776	0.01112	0.09027	0.72474	0.00661	0.05645	0.00481	0.00236	0.00390
15	0.01093	0.01049	0.01793	0.02711	0.81723	0.01049	0.01355	0.01355	0.01006	0.01443	0.00831	0.01093	0.00700	0.00394	0.00437	0.00131	0.00525	0.00394	0.00219	0.00700
16	0.00562	0.00403	0.00534	0.00599	0.00646	0.00374	0.00412	0.00674	0.00955	0.01302	0.23821	0.62307	0.03258	0.01254	0.00552	0.00168	0.00243	0.01132	0.00431	0.00374
17	0.00538	0.00384	0.00512	0.00615	0.00641	0.00359	0.00410	0.00615	0.00846	0.01127	0.02434	0.84190	0.02921	0.01384	0.00564	0.00179	0.00256	0.01256	0.00410	0.00359
18	0.87598	0.00854	0.00649	0.00581	0.00854	0.00991	0.00478	0.01298	0.00752	0.01982	0.00615	0.00717	0.00478	0.00410	0.00273	0.00137	0.00342	0.00239	0.00273	0.00478
19	0.01053	0.01068	0.06056	0.18703	0.55761	0.01049	0.01303	0.04434	0.03653	0.01443	0.00860	0.01118	0.00693	0.00417	0.00438	0.00136	0.00537	0.00393	0.00229	0.00657
20	0.87598	0.00854	0.00649	0.00581	0.00854	0.00991	0.00478	0.01298	0.00752	0.01982	0.00615	0.00717	0.00478	0.00410	0.00273	0.00137	0.00342	0.00239	0.00273	0.00478
21	0.04353	0.00962	0.01332	0.36847	0.09924	0.07973	0.02954	0.01176	0.00859	0.01167	0.00754	0.01136	0.00641	0.03343	0.03034	0.00179	0.22267	0.00389	0.00207	0.00503
22	0.00539	0.00393	0.00504	0.00591	0.00631	0.00362	0.00397	0.00618	0.00859	0.01128	0.02651	0.72191	0.12397	0.03729	0.00607	0.00183	0.00257	0.01199	0.00406	0.00358
23	0.00958	0.00810	0.00938	0.00674	0.01064	0.00632	0.00541	0.05445	0.00979	0.01513	0.00800	0.00924	0.00659	0.00338	0.00333	0.00069	0.00336	0.00269	0.00272	0.82446
24	0.01195	0.08643	0.03061	0.02220	0.59479	0.09955	0.01206	0.01430	0.01032	0.05029	0.00835	0.01040	0.00688	0.00405	0.00417	0.00125	0.00542	0.00367	0.00232	0.02099

[dist]
# distance from previous block
# <min> <max>
0	2

[block]
# block no. 3 follows, 59 sequences, length 29
# corresponding to MSA columns:
# 301-318,328-338
name=unknown_D
#
# <colnr> <probs for GDERKNQSTAVLIFYWHMCP>
#	G	D	E	R	K	N	Q	S	T	A	V	L	I	F	Y	W	H	M	C	P
0	0.03438	0.01098	0.02296	0.05343	0.02145	0.01049	0.66451	0.01359	0.02840	0.01407	0.01061	0.05872	0.02474	0.00453	0.00511	0.00150	0.00679	0.00556	0.00243	0.00572
1	0.00916	0.00785	0.00916	0.00654	0.01047	0.00589	0.00523	0.01112	0.00916	0.01439	0.00785	0.00916	0.00654	0.00327	0.00327	0.00065	0.00327	0.00262	0.00262	0.87178
2	0.00599	0.00449	0.00556	0.00533	0.00645	0.00405	0.00398	0.00782	0.01184	0.01623	0.61971	0.05755	0.21542	0.00965	0.00522	0.00142	0.00213	0.00841	0.00467	0.00405
3	0.00522	0.00447	0.00447	0.00447	0.00597	0.00373	0.00336	0.00634	0.01007	0.01193	0.04474	0.04250	0.81544	0.01119	0.00522	0.00149	0.00224	0.00932	0.00410	0.00373
4	0.00625	0.00451	0.00590	0.00556	0.00660	0.00417	0.00417	0.00833	0.01250	0.01771	0.81490	0.03299	0.04167	0.00903	0.00521	0.00139	0.00208	0.00799	0.00486	0.00417
5	0.01069	0.01025	0.01749	0.10284	0.74340	0.01043	0.01343	0.01334	0.00994	0.01413	0.00826	0.01101	0.00689	0.00398	0.00438	0.00133	0.00531	0.00393	0.00217	0.00680
6	0.01902	0.00769	0.01023	0.00796	0.01129	0.00689	0.00654	0.02170	0.08405	0.74841	0.01747	0.01516	0.01116	0.00551	0.00445	0.00138	0.00373	0.00449	0.00538	0.00747
7	0.01093	0.01049	0.01793	0.02711	0.81723	0.01049	0.01355	0.01355	0.01006	0.01443	0.00831	0.01093	0.00700	0.00394	0.00437	0.00131	0.00525	0.00394	0.00219	0.00700
8	0.00640	0.00436	0.00522	0.00522	0.00536	0.00450	0.00318	0.00668	0.00654	0.00886	0.01355	0.02685	0.01517	0.70050	0.16554	0.00478	0.00562	0.00612	0.00262	0.00290
9	0.00642	0.00428	0.00482	0.00482	0.00482	0.00428	0.00268	0.00642	0.00642	0.00856	0.01392	0.02890	0.01606	0.84478	0.02248	0.00428	0.00428	0.00642	0.00268	0.00268
10	0.01658	0.01227	0.01314	0.01012	0.01362	0.01360	0.00834	0.77422	0.04939	0.02750	0.01087	0.01082	0.00773	0.00533	0.00442	0.00133	0.00481	0.00401	0.00442	0.00749
11	0.01091	0.01023	0.01754	0.09428	0.71335	0.01036	0.03179	0.01357	0.01002	0.03325	0.00850	0.01112	0.00699	0.00401	0.00440	0.00133	0.00532	0.00398	0.00225	0.00681
12	0.03470	0.00993	0.01317	0.04806	0.20455	0.04564	0.06993	0.22936	0.07868	0.01775	0.03480	0.15401	0.01232	0.00685	0.01873	0.00153	0.00483	0.00564	0.00341	0.00611
13	0.01982	0.00752	0.01025	0.00786	0.01127	0.00649	0.00649	0.02152	0.01264	0.82029	0.01742	0.01503	0.01093	0.00547	0.00444	0.00137	0.00376	0.00444	0.00547	0.00752
14	0.00904	0.02174	0.74983	0.01389	0.09066	0.01028	0.01607	0.01395	0.00939	0.01403	0.00796	0.00947	0.00572	0.00417	0.00421	0.00139	0.00641	0.00332	0.00189	0.00657
15	0.01144	0.47796	0.13129	0.08383	0.07720	0.09584	0.04189	0.01366	0.00951	0.01147	0.00689	0.00839	0.00582	0.00398	0.00349	0.00112	0.00555	0.00291	0.00197	0.00578
16	0.01081	0.01037	0.01771	0.06400	0.78126	0.01046	0.01350	0.01345	0.01000	0.01429	0.00829	0.01097	0.00695	0.00396	0.00437	0.00132	0.00528	0.00393	0.00218	0.00690
17	0.00525	0.00448	0.00451	0.00450	0.00598	0.00374	0.00338	0.00639	0.01013	0.01209	0.06553	0.04225	0.79456	0.01113	0.00522	0.00149	0.00223	0.00929	0.00412	0.00374
18	0.01086	0.01042	0.01780	0.04967	0.79524	0.01047	0.01352	0.01349	0.01002	0.01434	0.00829	0.01095	0.00696	0.00395	0.00437	0.00132	0.00526	0.00393	0.00218	0.00694
19	0.01699	0.03848	0.04343	0.01114	0.11535	0.02342	0.03860	0.08900	0.01261	0.52460	0.01452	0.03059	0.00986	0.00524	0.00441	0.00135	0.00438	0.00439	0.00448	0.00716
20	0.01044	0.00545	0.00719	0.00622	0.00803	0.00487	0.00485	0.01236	0.01242	0.26864	0.52492	0.02787	0.07259	0.00803	0.00497	0.00139	0.00262	0.00695	0.00501	0.00519
21	0.79825	0.00982	0.07959	0.00642	0.00949	0.00994	0.00582	0.01307	0.00768	0.01929	0.00631	0.00737	0.00486	0.00411	0.00286	0.00137	0.00370	0.00247	0.00266	0.00494
22	0.79839	0.00884	0.00825	0.00696	0.00984	0.01002	0.07618	0.01309	0.00778	0.01931	0.00640	0.00760	0.00496	0.00407	0.00296	0.00138	0.00378	0.00264	0.00269	0.00489
23	0.01526	0.00772	0.06089	0.00748	0.01042	0.00623	0.00644	0.01762	0.03668	0.52510	0.18803	0.01865	0.01730	0.00615	0.00451	0.00136	0.00347	0.00513	0.05503	0.00652
24	0.00882	0.00484	0.00500	0.00479	0.00599	0.00494	0.00363	0.08104	0.01024	0.01715	0.01470	0.06876	0.01212	0.00572	0.00337	0.00110	0.00234	0.00464	0.73641	0.00439
25	0.00610	0.00558	0.05774	0.00590	0.00725	0.00439	0.00479	0.00800	0.01124	0.01544	0.50307	0.15533	0.17899	0.00984	0.00521	0.00147	0.00247	0.00862	0.00442	0.00415
26	0.00611	0.00439	0.00565	0.00641	0.00687	0.00423	0.00437	0.05711	0.00924	0.01233	0.02346	0.78871	0.02782	0.01329	0.00556	0.00176	0.00271	0.01201	0.00412	0.00384
27	0.01281	0.01007	0.01318	0.14650	0.01611	0.01102	0.10200	0.40793	0.05353	0.02119	0.05551	0.01314	0.00976	0.00519	0.00441	0.00135	0.00480	0.00440	0.10080	0.00630
28	0.01919	0.00775	0.01030	0.00798	0.01134	0.00693	0.00656	0.03821	0.06379	0.75218	0.01732	0.01503	0.01102	0.00550	0.00444	0.00137	0.00376	0.00447	0.00538	0.00748

[dist]
# distance from previous block
# <min> <max>
0	112

# created by:
# /st0/software/busco_prod/Augustus/scripts/msa2prfl.pl ./align_prep/137467.fa
