[name]
unknown

[dist]
# distance from previous block
# <min> <max>
0	22

[block]
# block no. 0 follows, 58 sequences, length 59
# corresponding to MSA columns:
# 37-95
name=unknown_A
#
# <colnr> <probs for GDERKNQSTAVLIFYWHMCP>
#	G	D	E	R	K	N	Q	S	T	A	V	L	I	F	Y	W	H	M	C	P
0	0.00708	0.00494	0.00682	0.03256	0.01950	0.00464	0.02695	0.00844	0.01030	0.05560	0.27317	0.23958	0.14395	0.02482	0.00653	0.06319	0.00296	0.06073	0.00414	0.00410
1	0.00564	0.00404	0.00529	0.00606	0.00647	0.00377	0.00412	0.00659	0.00909	0.01221	0.12972	0.65742	0.05520	0.05203	0.00644	0.00187	0.00263	0.02353	0.00419	0.00368
2	0.01122	0.04209	0.26351	0.06109	0.16776	0.10537	0.16694	0.06102	0.05105	0.01470	0.00878	0.01061	0.00670	0.00430	0.00446	0.00138	0.00637	0.00391	0.00236	0.00639
3	0.04304	0.01153	0.01228	0.00979	0.01307	0.01285	0.00797	0.55700	0.21884	0.04761	0.01267	0.01226	0.00914	0.00551	0.00444	0.00139	0.00450	0.00425	0.00447	0.00739
4	0.00793	0.00421	0.00436	0.00436	0.00518	0.00423	0.00308	0.00957	0.00875	0.01491	0.01445	0.01931	0.01246	0.17996	0.01982	0.00182	0.00271	0.00466	0.67436	0.00386
5	0.00777	0.00389	0.00583	0.00583	0.00583	0.00389	0.00389	0.00583	0.00583	0.00777	0.00777	0.01360	0.00777	0.01554	0.01748	0.86985	0.00389	0.00389	0.00194	0.00194
6	0.02930	0.01134	0.01211	0.00967	0.01289	0.01262	0.00787	0.54329	0.22207	0.04737	0.01289	0.01251	0.00932	0.00553	0.00443	0.00138	0.00443	0.00428	0.02937	0.00733
7	0.00928	0.00795	0.00928	0.00663	0.01060	0.00596	0.00530	0.01126	0.00928	0.01458	0.00795	0.00928	0.00663	0.00331	0.00331	0.00066	0.00331	0.00265	0.00265	0.87014
8	0.00724	0.00429	0.00441	0.00441	0.00531	0.00412	0.00309	0.00863	0.00888	0.01380	0.02115	0.02537	0.18685	0.20350	0.00821	0.00192	0.00265	0.00586	0.47654	0.00374
9	0.00543	0.00450	0.00475	0.00477	0.00615	0.00382	0.00355	0.00666	0.01040	0.01278	0.13996	0.09073	0.66864	0.01122	0.00531	0.00152	0.00227	0.00947	0.00425	0.00382
10	0.00763	0.00395	0.00584	0.00581	0.00591	0.00392	0.00392	0.00609	0.00651	0.00879	0.08826	0.01558	0.01121	0.01490	0.01626	0.78300	0.00371	0.00431	0.00224	0.00217
11	0.01382	0.01188	0.01143	0.00970	0.01235	0.13815	0.00769	0.26997	0.29815	0.05598	0.01374	0.01371	0.02668	0.00745	0.05510	0.00176	0.03741	0.00439	0.00398	0.00664
12	0.01449	0.15370	0.03996	0.01012	0.01313	0.39222	0.00833	0.14008	0.04465	0.01440	0.00797	0.00892	0.00646	0.00461	0.00420	0.00115	0.03226	0.00309	0.00269	0.09758
13	0.01551	0.20183	0.01534	0.01049	0.02697	0.35895	0.00843	0.25976	0.03420	0.01646	0.00825	0.00896	0.00655	0.00470	0.00393	0.00118	0.00620	0.00320	0.00295	0.00614
14	0.00616	0.00459	0.00575	0.00569	0.00671	0.00426	0.00418	0.00819	0.03596	0.01585	0.52471	0.19107	0.14960	0.01031	0.00534	0.00150	0.00227	0.00909	0.00465	0.00413
15	0.01083	0.01072	0.03135	0.09594	0.64727	0.03593	0.01292	0.01391	0.04327	0.01449	0.03445	0.01197	0.00832	0.00430	0.00445	0.00135	0.00530	0.00411	0.00237	0.00674
16	0.01281	0.01037	0.01111	0.00984	0.03771	0.02894	0.00757	0.26037	0.44714	0.03443	0.04116	0.01638	0.03477	0.00611	0.00459	0.00145	0.00405	0.01982	0.00441	0.00697
17	0.79321	0.00865	0.00700	0.00613	0.00896	0.00985	0.00505	0.02916	0.00827	0.08042	0.00718	0.00793	0.00537	0.00428	0.00293	0.00138	0.00351	0.00261	0.00301	0.00511
18	0.01285	0.00858	0.00909	0.00747	0.00987	0.00927	0.00601	0.39720	0.05256	0.03604	0.01354	0.01427	0.02553	0.00546	0.00392	0.00123	0.00357	0.00425	0.37327	0.00604
19	0.00959	0.00895	0.01415	0.13321	0.44953	0.03281	0.01100	0.01215	0.02240	0.01340	0.05417	0.01385	0.00985	0.01079	0.18211	0.00262	0.00672	0.00437	0.00241	0.00591
20	0.01644	0.00668	0.00892	0.00719	0.00985	0.00594	0.00575	0.01798	0.01160	0.59175	0.04978	0.03282	0.01298	0.05830	0.03220	0.02901	0.00384	0.00489	0.08761	0.00647
21	0.00604	0.00452	0.00520	0.00503	0.00629	0.00402	0.00377	0.00772	0.01132	0.01528	0.41387	0.03628	0.37630	0.00978	0.00511	0.00142	0.00218	0.00837	0.07347	0.00402
22	0.01992	0.00785	0.01053	0.00807	0.01154	0.00692	0.00667	0.05894	0.01320	0.78030	0.01732	0.01501	0.01091	0.00553	0.00450	0.00138	0.00386	0.00448	0.00549	0.00761
23	0.10633	0.00542	0.00635	0.00585	0.00707	0.00539	0.00420	0.01047	0.00917	0.14579	0.16910	0.05161	0.01915	0.31451	0.06660	0.00287	0.00406	0.01554	0.04628	0.00426
24	0.00639	0.00479	0.00719	0.00719	0.00799	0.00559	0.00559	0.00799	0.00719	0.01038	0.01198	0.01757	0.01118	0.03355	0.82507	0.00719	0.01198	0.00479	0.00240	0.00399
25	0.01122	0.00945	0.01004	0.00899	0.01150	0.01086	0.00700	0.03466	0.75547	0.03329	0.04350	0.01711	0.01443	0.00615	0.00457	0.00151	0.00352	0.00513	0.00458	0.00701
26	0.03773	0.00616	0.00741	0.00660	0.00853	0.00589	0.00521	0.06092	0.06321	0.18297	0.29673	0.05257	0.18073	0.00858	0.00501	0.00148	0.00295	0.05741	0.00470	0.00523
27	0.01961	0.00786	0.01050	0.00811	0.01152	0.00699	0.00671	0.06928	0.01326	0.75266	0.01735	0.01569	0.01117	0.00567	0.00453	0.00140	0.00388	0.02083	0.00544	0.00754
28	0.00772	0.00530	0.00650	0.00663	0.00796	0.00507	0.00522	0.01013	0.07775	0.07928	0.09841	0.14966	0.23591	0.05005	0.00630	0.00183	0.00317	0.23437	0.00429	0.00444
29	0.03755	0.01183	0.01258	0.00974	0.01311	0.01307	0.00802	0.72323	0.01985	0.02716	0.01091	0.01108	0.00782	0.00533	0.00433	0.00132	0.00468	0.00400	0.06708	0.00729
30	0.00626	0.00476	0.00541	0.00529	0.00661	0.00427	0.00395	0.00807	0.03847	0.03432	0.27737	0.08885	0.43971	0.03712	0.00584	0.00159	0.00242	0.02120	0.00439	0.00409
31	0.00610	0.00452	0.00560	0.00541	0.00644	0.00411	0.00397	0.00782	0.01161	0.01592	0.57729	0.07680	0.18615	0.06086	0.00637	0.00163	0.00230	0.00849	0.00460	0.00401
32	0.02373	0.00435	0.00546	0.00615	0.00671	0.00416	0.00429	0.02072	0.00900	0.02181	0.03905	0.59835	0.06363	0.06305	0.00651	0.00190	0.00282	0.06199	0.05252	0.00380
33	0.00579	0.00476	0.00517	0.00535	0.00679	0.00420	0.00422	0.00735	0.02744	0.01248	0.04052	0.04392	0.64254	0.01142	0.00544	0.00162	0.00265	0.16026	0.00416	0.00391
34	0.01167	0.00949	0.01013	0.00903	0.01162	0.01085	0.00705	0.02365	0.75818	0.06766	0.01817	0.01660	0.01350	0.00604	0.00455	0.00151	0.00356	0.00502	0.00461	0.00711
35	0.00613	0.00437	0.00553	0.00606	0.00634	0.00433	0.00409	0.00681	0.00813	0.01087	0.04676	0.42392	0.03758	0.29814	0.01185	0.00269	0.02729	0.08206	0.00362	0.00342
36	0.00660	0.00551	0.00581	0.00563	0.00723	0.00525	0.00424	0.02552	0.14565	0.01388	0.09088	0.09943	0.54728	0.01038	0.00518	0.00153	0.00255	0.00875	0.00428	0.00443
37	0.04784	0.00650	0.00737	0.00634	0.00839	0.00636	0.00500	0.13313	0.02425	0.15599	0.21496	0.02462	0.18328	0.00748	0.00455	0.00135	0.00294	0.00618	0.14816	0.00530
38	0.00662	0.00501	0.00714	0.00702	0.00762	0.00585	0.00529	0.00787	0.00704	0.01008	0.01202	0.01936	0.01184	0.18851	0.62024	0.00632	0.06088	0.00507	0.00243	0.00380
39	0.00995	0.09654	0.01591	0.01182	0.01453	0.05663	0.28508	0.01248	0.01052	0.04374	0.03780	0.02651	0.01505	0.00730	0.00515	0.00160	0.00545	0.29374	0.04504	0.00516
40	0.00665	0.00506	0.00749	0.00796	0.00892	0.00488	0.05434	0.00828	0.00963	0.01263	0.02401	0.35574	0.05661	0.01244	0.00591	0.00191	0.00366	0.40583	0.00402	0.00403
41	0.03517	0.02725	0.00996	0.02265	0.01106	0.24136	0.00670	0.09434	0.06586	0.15843	0.02483	0.15180	0.01255	0.00668	0.00450	0.00136	0.01621	0.00532	0.09838	0.00560
42	0.81074	0.00860	0.00708	0.06661	0.01028	0.01003	0.00540	0.01302	0.00771	0.01943	0.00636	0.00761	0.00493	0.00418	0.00289	0.00139	0.00364	0.00254	0.00271	0.00485
43	0.87439	0.00865	0.00657	0.00588	0.00865	0.01003	0.00484	0.01315	0.00761	0.02007	0.00623	0.00727	0.00484	0.00415	0.00277	0.00138	0.00346	0.00242	0.00277	0.00484
44	0.01101	0.58358	0.27701	0.00928	0.01399	0.01537	0.01048	0.01364	0.00920	0.01168	0.00679	0.00790	0.00572	0.00396	0.00331	0.00110	0.00537	0.00268	0.00191	0.00602
45	0.01700	0.01253	0.01342	0.01029	0.01387	0.01387	0.00850	0.79997	0.02103	0.02819	0.01074	0.01074	0.00761	0.00537	0.00447	0.00134	0.00492	0.00403	0.00447	0.00761
46	0.02557	0.01017	0.01086	0.00923	0.01207	0.01147	0.00733	0.22500	0.53516	0.06619	0.01601	0.01492	0.01178	0.00582	0.00448	0.00146	0.00389	0.00471	0.01670	0.00717
47	0.01056	0.01207	0.02640	0.01885	0.02338	0.01131	0.79864	0.01433	0.01056	0.01433	0.00905	0.01207	0.00679	0.00377	0.00528	0.00151	0.00754	0.00528	0.00226	0.00603
48	0.00559	0.00404	0.00527	0.00618	0.00658	0.00377	0.00424	0.00648	0.00881	0.01163	0.04057	0.69500	0.08628	0.03751	0.00619	0.00187	0.00271	0.05949	0.00412	0.00366
49	0.00652	0.00469	0.00698	0.00698	0.00767	0.00539	0.00533	0.00773	0.00704	0.01008	0.01168	0.01767	0.01107	0.06329	0.72077	0.08526	0.01095	0.00478	0.00237	0.00376
50	0.01581	0.01684	0.01226	0.01064	0.01319	0.48105	0.00820	0.27834	0.01511	0.01676	0.00976	0.08253	0.00849	0.00570	0.00433	0.00127	0.00653	0.00413	0.00319	0.00586
51	0.00928	0.00795	0.00928	0.00663	0.01060	0.00596	0.00530	0.01126	0.00928	0.01458	0.00795	0.00928	0.00663	0.00331	0.00331	0.00066	0.00331	0.00265	0.00265	0.87014
52	0.00558	0.00398	0.00528	0.00622	0.00650	0.00378	0.00417	0.00637	0.00841	0.01124	0.02350	0.74476	0.02799	0.06550	0.03853	0.00218	0.00309	0.02532	0.00400	0.00360
53	0.00651	0.00434	0.00488	0.00488	0.00488	0.00434	0.00271	0.00651	0.00651	0.00867	0.01409	0.02927	0.01626	0.84279	0.02277	0.00434	0.00434	0.00651	0.00271	0.00271
54	0.00897	0.02314	0.81962	0.01275	0.01936	0.01039	0.01653	0.01417	0.00944	0.01417	0.00803	0.00944	0.00567	0.00425	0.00425	0.00142	0.00661	0.00331	0.00189	0.00661
55	0.01690	0.00845	0.01039	0.00843	0.01157	0.00837	0.00681	0.04693	0.28629	0.51814	0.01762	0.01559	0.01185	0.00571	0.00452	0.00143	0.00375	0.00468	0.00516	0.00743
56	0.01243	0.76608	0.02243	0.00798	0.01171	0.06700	0.00774	0.04099	0.00972	0.01116	0.00642	0.00735	0.00581	0.00393	0.00300	0.00098	0.00499	0.00248	0.00203	0.00577
57	0.00602	0.00450	0.00560	0.00545	0.00653	0.00407	0.00404	0.00780	0.01174	0.01606	0.57342	0.11287	0.20527	0.01008	0.00532	0.00147	0.00219	0.00882	0.00469	0.00407
58	0.00904	0.03774	0.01391	0.73614	0.05902	0.04683	0.01214	0.01187	0.00916	0.01150	0.00786	0.01156	0.00599	0.00444	0.00440	0.00145	0.00599	0.00387	0.00201	0.00509

[dist]
# distance from previous block
# <min> <max>
0	2

[block]
# block no. 1 follows, 58 sequences, length 103
# corresponding to MSA columns:
# 98-200
name=unknown_B
#
# <colnr> <probs for GDERKNQSTAVLIFYWHMCP>
#	G	D	E	R	K	N	Q	S	T	A	V	L	I	F	Y	W	H	M	C	P
0	0.01600	0.01290	0.06106	0.01033	0.01400	0.01342	0.00885	0.68314	0.09132	0.02650	0.01125	0.01120	0.00804	0.00537	0.00447	0.00136	0.00490	0.00408	0.00433	0.00750
1	0.00705	0.00511	0.00696	0.00789	0.00885	0.00514	0.00662	0.00936	0.04674	0.01326	0.02362	0.19969	0.02592	0.01238	0.00601	0.00199	0.00380	0.60131	0.00415	0.00416
2	0.01038	0.01152	0.02171	0.01624	0.04669	0.05848	0.57585	0.01356	0.01050	0.01399	0.01166	0.01395	0.07061	0.00438	0.00496	0.00139	0.00662	0.00514	0.00246	0.09993
3	0.06367	0.00524	0.00623	0.00588	0.00712	0.00515	0.00438	0.03629	0.02399	0.04369	0.37093	0.08102	0.14546	0.08979	0.07425	0.01762	0.00349	0.00741	0.00415	0.00424
4	0.03117	0.00480	0.00626	0.00592	0.00688	0.00470	0.00432	0.00870	0.00960	0.07379	0.32299	0.02567	0.07089	0.12529	0.13715	0.14355	0.00441	0.00634	0.00369	0.00386
5	0.82278	0.00841	0.00654	0.00587	0.00853	0.00969	0.00481	0.01287	0.00791	0.01994	0.05417	0.00882	0.00707	0.00445	0.00292	0.00139	0.00338	0.00276	0.00290	0.00481
6	0.44729	0.00788	0.00742	0.00668	0.00897	0.00874	0.00531	0.07384	0.10075	0.04736	0.10057	0.06342	0.03473	0.00656	0.00442	0.03965	0.00340	0.02437	0.00356	0.00510
7	0.00630	0.00454	0.00523	0.00530	0.00600	0.00438	0.00361	0.00743	0.02802	0.01154	0.09613	0.10539	0.22337	0.34048	0.06087	0.00298	0.00376	0.03478	0.04636	0.00351
8	0.00717	0.00486	0.00574	0.00578	0.00622	0.00493	0.00373	0.02608	0.05514	0.03020	0.01687	0.18415	0.02891	0.51447	0.04463	0.02092	0.00418	0.02931	0.00324	0.00346
9	0.00542	0.00445	0.00478	0.00493	0.00622	0.00381	0.00365	0.00658	0.01011	0.01238	0.08993	0.15996	0.63133	0.01161	0.00537	0.00156	0.00235	0.02754	0.00420	0.00379
10	0.00668	0.00480	0.00562	0.00567	0.00646	0.00464	0.00388	0.03577	0.03343	0.02468	0.11198	0.24279	0.18946	0.26855	0.03333	0.00260	0.00340	0.00871	0.00379	0.00376
11	0.00632	0.00466	0.00639	0.00639	0.00706	0.00512	0.00469	0.00748	0.00730	0.01013	0.01555	0.02274	0.08596	0.22750	0.55557	0.00598	0.00924	0.00563	0.00263	0.00366
12	0.00620	0.00421	0.00497	0.00526	0.00534	0.00414	0.00312	0.00643	0.00709	0.00946	0.01711	0.26075	0.02007	0.60613	0.01790	0.00362	0.00384	0.00828	0.00312	0.00297
13	0.00712	0.00476	0.00583	0.00607	0.00701	0.00444	0.00429	0.03685	0.02078	0.07236	0.06956	0.47566	0.19140	0.06403	0.00651	0.00183	0.00280	0.01036	0.00422	0.00413
14	0.03765	0.00492	0.00646	0.00678	0.00764	0.00481	0.01811	0.02656	0.02012	0.07174	0.02128	0.54323	0.02382	0.04961	0.05489	0.00218	0.00359	0.06570	0.02674	0.00418
15	0.00585	0.00415	0.00542	0.00625	0.00666	0.00392	0.00437	0.00670	0.00871	0.01151	0.04183	0.57942	0.06888	0.09132	0.00764	0.02419	0.00296	0.11265	0.00397	0.00359
16	0.00580	0.00463	0.00479	0.00470	0.00624	0.00389	0.00354	0.00701	0.01042	0.03686	0.09009	0.04163	0.74293	0.01102	0.00526	0.00150	0.00230	0.00921	0.00424	0.00392
17	0.14840	0.00571	0.00629	0.00584	0.00758	0.00548	0.00446	0.01074	0.02011	0.15101	0.14185	0.12154	0.25589	0.05433	0.01475	0.00170	0.00299	0.01728	0.01941	0.00465
18	0.01453	0.00944	0.01050	0.00838	0.01098	0.01004	0.00660	0.45756	0.01583	0.14031	0.01292	0.02950	0.01058	0.19001	0.00846	0.00200	0.00445	0.00479	0.04681	0.00629
19	0.02881	0.01046	0.01205	0.00928	0.01278	0.01086	0.00766	0.46320	0.03553	0.34171	0.01360	0.01261	0.00909	0.00544	0.00446	0.00136	0.00443	0.00422	0.00488	0.00756
20	0.10182	0.00542	0.00624	0.01870	0.00769	0.00540	0.00460	0.04061	0.01018	0.05160	0.16846	0.16469	0.24027	0.02087	0.11276	0.00228	0.00395	0.00770	0.02243	0.00433
21	0.02064	0.00451	0.00570	0.00636	0.00688	0.00441	0.00441	0.03678	0.02074	0.01240	0.04680	0.61820	0.02652	0.08195	0.00720	0.01729	0.00294	0.05509	0.01736	0.00380
22	0.00648	0.00468	0.00630	0.00709	0.00790	0.00454	0.00564	0.00821	0.01905	0.01338	0.13436	0.30974	0.05716	0.01235	0.00585	0.00186	0.00326	0.38393	0.00425	0.00399
23	0.00631	0.00459	0.00586	0.00585	0.00681	0.00442	0.00434	0.00809	0.02860	0.01457	0.38349	0.14386	0.14744	0.02300	0.11335	0.03248	0.00366	0.02746	0.03180	0.00401
24	0.00700	0.00557	0.00773	0.05407	0.05671	0.00596	0.00590	0.02150	0.00922	0.01261	0.16101	0.04829	0.12829	0.11079	0.25382	0.00357	0.04806	0.05245	0.00326	0.00420
25	0.78554	0.00872	0.00708	0.00618	0.00903	0.00993	0.00509	0.04171	0.00844	0.07487	0.00717	0.00793	0.00537	0.00429	0.00295	0.00138	0.00354	0.00262	0.00302	0.00513
26	0.00556	0.00440	0.00503	0.00530	0.00639	0.00386	0.00388	0.00678	0.01012	0.01280	0.14818	0.25137	0.46275	0.01177	0.00544	0.00160	0.00241	0.04427	0.00426	0.00382
27	0.01256	0.02378	0.01471	0.14042	0.23785	0.23239	0.01081	0.09237	0.01112	0.01372	0.00766	0.01006	0.00636	0.00509	0.00623	0.00142	0.16154	0.00366	0.00238	0.00587
28	0.00871	0.01102	0.17160	0.13464	0.13743	0.05644	0.00971	0.01167	0.03910	0.02587	0.08571	0.03893	0.21024	0.00690	0.00492	0.00145	0.02111	0.01617	0.00303	0.00535
29	0.28667	0.00907	0.00860	0.05893	0.02675	0.09837	0.00650	0.09491	0.04492	0.01635	0.01149	0.06197	0.01074	0.02200	0.00566	0.08117	0.00437	0.11352	0.03319	0.00483
30	0.00848	0.00782	0.00774	0.00744	0.00883	0.10832	0.00569	0.01203	0.15925	0.01463	0.22672	0.13828	0.15406	0.00921	0.00561	0.00155	0.04717	0.06833	0.00408	0.00475
31	0.00845	0.00795	0.01342	0.83204	0.03081	0.00994	0.01242	0.01143	0.00894	0.01143	0.00795	0.01193	0.00596	0.00447	0.00447	0.00149	0.00596	0.00398	0.00199	0.00497
32	0.87439	0.00865	0.00657	0.00588	0.00865	0.01003	0.00484	0.01315	0.00761	0.02007	0.00623	0.00727	0.00484	0.00415	0.00277	0.00138	0.00346	0.00242	0.00277	0.00484
33	0.00683	0.00422	0.00572	0.00606	0.00629	0.00422	0.00417	0.00666	0.00720	0.00960	0.01501	0.18471	0.01674	0.22842	0.06772	0.31049	0.00431	0.10586	0.00288	0.00288
34	0.00601	0.00438	0.00578	0.00670	0.00735	0.00415	0.00508	0.00725	0.00932	0.01214	0.02664	0.49054	0.11590	0.01317	0.00582	0.00186	0.00306	0.26689	0.00414	0.00381
35	0.00549	0.00404	0.00515	0.00598	0.00648	0.00370	0.00410	0.00639	0.00899	0.01178	0.05500	0.67461	0.15060	0.01340	0.00564	0.00176	0.00256	0.02646	0.00418	0.00368
36	0.00928	0.00795	0.00928	0.00663	0.01060	0.00596	0.00530	0.01126	0.00928	0.01458	0.00795	0.00928	0.00663	0.00331	0.00331	0.00066	0.00331	0.00265	0.00265	0.87014
37	0.00774	0.00390	0.00581	0.00581	0.00581	0.00390	0.00386	0.00584	0.00584	0.00779	0.00791	0.01395	0.00796	0.03435	0.01760	0.85017	0.00390	0.00394	0.00196	0.00196
38	0.00565	0.00404	0.00532	0.00628	0.00661	0.00380	0.00430	0.00650	0.00862	0.01143	0.02439	0.70933	0.04525	0.06309	0.00675	0.00198	0.00282	0.07613	0.00406	0.00362
39	0.10174	0.00600	0.00638	0.00587	0.00769	0.00586	0.00453	0.04517	0.07979	0.07540	0.17309	0.04232	0.37675	0.03274	0.00537	0.00155	0.00280	0.01801	0.00425	0.00469
40	0.18170	0.00714	0.02626	0.00735	0.00917	0.00721	0.02349	0.07260	0.07435	0.09317	0.01721	0.31798	0.02786	0.02346	0.00515	0.00163	0.01992	0.03585	0.04349	0.00502
41	0.00705	0.00451	0.00600	0.00632	0.00679	0.00446	0.00469	0.00739	0.00814	0.01077	0.07287	0.03280	0.04224	0.24934	0.01394	0.24308	0.00392	0.26941	0.00317	0.00311
42	0.48177	0.00719	0.00661	0.00592	0.00792	0.00783	0.00449	0.02330	0.00831	0.11012	0.03815	0.03159	0.01047	0.22996	0.00851	0.00219	0.00369	0.00419	0.00320	0.00459
43	0.00590	0.00454	0.00517	0.00538	0.00630	0.00418	0.00378	0.00730	0.03824	0.01226	0.11701	0.23564	0.35688	0.14957	0.00828	0.00206	0.00276	0.02699	0.00401	0.00374
44	0.08395	0.00574	0.00684	0.00606	0.00789	0.00537	0.00470	0.02205	0.01129	0.21775	0.28219	0.04430	0.15245	0.05608	0.00577	0.00159	0.00289	0.02320	0.05489	0.00499
45	0.00624	0.00444	0.00466	0.00461	0.00587	0.00396	0.00341	0.00767	0.01014	0.01382	0.13971	0.03460	0.47232	0.05256	0.00566	0.00153	0.00231	0.00782	0.21481	0.00388
46	0.03257	0.00564	0.00696	0.00683	0.00820	0.00545	0.00510	0.07026	0.03844	0.14304	0.07640	0.42965	0.09005	0.01081	0.00526	0.00165	0.00305	0.05140	0.00443	0.00480
47	0.00650	0.00435	0.00493	0.00493	0.00494	0.00436	0.00277	0.00653	0.00652	0.00871	0.01405	0.02904	0.01616	0.82654	0.03888	0.00439	0.00449	0.00647	0.00270	0.00274
48	0.01017	0.01144	0.02478	0.01789	0.02209	0.01073	0.73819	0.01371	0.01041	0.01411	0.01024	0.07505	0.00852	0.00455	0.00531	0.00153	0.00717	0.00584	0.00241	0.00585
49	0.00645	0.00420	0.00537	0.00599	0.00636	0.00398	0.00396	0.00713	0.00830	0.04746	0.02159	0.57650	0.02514	0.21451	0.00976	0.00240	0.00309	0.02598	0.01823	0.00361
50	0.00648	0.00453	0.00556	0.00553	0.00655	0.00418	0.00406	0.01939	0.01119	0.02447	0.42278	0.20553	0.15896	0.01006	0.00514	0.00147	0.00230	0.00882	0.08891	0.00411
51	0.00673	0.00428	0.00519	0.00519	0.00524	0.00433	0.00310	0.00647	0.00642	0.00861	0.01280	0.02568	0.01439	0.64194	0.06951	0.16430	0.00471	0.00592	0.00255	0.00265
52	0.71089	0.00939	0.00788	0.00672	0.00965	0.01077	0.00554	0.16320	0.01017	0.02162	0.00709	0.00793	0.00537	0.00438	0.00309	0.00138	0.00374	0.00273	0.00309	0.00537
53	0.00542	0.00402	0.00505	0.00588	0.00640	0.00366	0.00400	0.00627	0.00890	0.01156	0.02892	0.67520	0.19150	0.01346	0.00562	0.00175	0.00253	0.01204	0.00415	0.00366
54	0.00777	0.00389	0.00583	0.00583	0.00583	0.00389	0.00389	0.00583	0.00583	0.00777	0.00777	0.01360	0.00777	0.01554	0.01748	0.86985	0.00389	0.00389	0.00194	0.00194
55	0.00574	0.00436	0.00641	0.00695	0.00746	0.00407	0.04976	0.00669	0.00868	0.01159	0.02376	0.79236	0.02828	0.01343	0.00568	0.00180	0.00288	0.01229	0.00404	0.00377
56	0.00555	0.00412	0.00505	0.00568	0.00635	0.00373	0.00393	0.00657	0.00934	0.01225	0.09171	0.54378	0.23700	0.01268	0.00549	0.00168	0.00246	0.01126	0.02763	0.00373
57	0.62583	0.00751	0.00670	0.00621	0.00839	0.00870	0.00500	0.01160	0.00745	0.01721	0.00773	0.01008	0.00654	0.01196	0.21085	0.03235	0.00563	0.00307	0.00265	0.00453
58	0.84537	0.00862	0.00670	0.00595	0.00874	0.00992	0.00490	0.01344	0.00779	0.04718	0.00662	0.00754	0.00506	0.00420	0.00283	0.00138	0.00347	0.00249	0.00286	0.00494
59	0.00639	0.00479	0.00719	0.00719	0.00799	0.00559	0.00559	0.00799	0.00719	0.01038	0.01198	0.01757	0.01118	0.03355	0.82507	0.00719	0.01198	0.00479	0.00240	0.00399
60	0.00639	0.00479	0.00719	0.00719	0.00799	0.00559	0.00559	0.00799	0.00719	0.01038	0.01198	0.01757	0.01118	0.03355	0.82507	0.00719	0.01198	0.00479	0.00240	0.00399
61	0.00529	0.00453	0.00453	0.00453	0.00604	0.00378	0.00340	0.00642	0.01020	0.01208	0.04532	0.04305	0.81307	0.01133	0.00529	0.00151	0.00227	0.00944	0.00415	0.00378
62	0.00639	0.00479	0.00719	0.00719	0.00799	0.00559	0.00559	0.00799	0.00719	0.01038	0.01198	0.01757	0.01118	0.03355	0.82507	0.00719	0.01198	0.00479	0.00240	0.00399
63	0.00543	0.00398	0.00511	0.00601	0.00643	0.00365	0.00406	0.00625	0.00877	0.01150	0.02732	0.73699	0.13075	0.01367	0.00565	0.00178	0.00255	0.01229	0.00415	0.00365
64	0.01048	0.27413	0.25495	0.01196	0.01637	0.02891	0.19418	0.03470	0.00986	0.01307	0.00977	0.01131	0.05236	0.00466	0.00474	0.00133	0.05522	0.00388	0.00220	0.00594
65	0.03175	0.00877	0.01240	0.00963	0.01263	0.00863	0.14390	0.19826	0.04066	0.22836	0.14273	0.02948	0.08408	0.00636	0.00478	0.00141	0.00425	0.00560	0.02005	0.00628
66	0.00798	0.00631	0.00740	0.00686	0.00841	0.00662	0.00522	0.01374	0.29006	0.01803	0.51360	0.04944	0.03189	0.00820	0.00503	0.00146	0.00262	0.00716	0.00477	0.00520
67	0.00629	0.00432	0.00522	0.00547	0.00585	0.00426	0.00355	0.00713	0.01724	0.01113	0.08947	0.25588	0.05689	0.38507	0.06865	0.00321	0.00393	0.00825	0.05480	0.00338
68	0.01381	0.00755	0.00961	0.00778	0.01048	0.00729	0.00630	0.13136	0.01214	0.33658	0.05207	0.01643	0.05194	0.01158	0.17558	0.00252	0.02442	0.00466	0.00419	0.11370
69	0.01599	0.00792	0.00972	0.00796	0.01088	0.00778	0.00641	0.03392	0.24784	0.47893	0.04447	0.01632	0.01287	0.00579	0.00443	0.00140	0.00355	0.00475	0.07200	0.00707
70	0.00621	0.00425	0.00549	0.00614	0.00660	0.00402	0.00424	0.00710	0.00878	0.03122	0.07011	0.52656	0.05382	0.15640	0.00863	0.00223	0.00304	0.08754	0.00398	0.00366
71	0.00659	0.00442	0.00514	0.00520	0.00628	0.00405	0.00385	0.00821	0.01052	0.02594	0.26357	0.16202	0.23882	0.00964	0.00487	0.00143	0.00230	0.02930	0.20380	0.00404
72	0.01194	0.13451	0.01158	0.00887	0.01087	0.40058	0.00688	0.01327	0.02138	0.01116	0.01511	0.13134	0.11928	0.00919	0.07311	0.00178	0.00630	0.00528	0.00280	0.00478
73	0.00748	0.00400	0.00569	0.00569	0.00572	0.00403	0.00372	0.00603	0.00600	0.00803	0.00912	0.01674	0.00951	0.17461	0.04593	0.67476	0.00425	0.00442	0.00211	0.00216
74	0.00692	0.00485	0.00578	0.00603	0.00693	0.00467	0.00430	0.05809	0.02710	0.02518	0.08873	0.43118	0.15156	0.05383	0.00612	0.00175	0.00276	0.02427	0.08585	0.00410
75	0.00764	0.00396	0.00588	0.00586	0.00595	0.00396	0.00396	0.00606	0.00628	0.00846	0.05576	0.01491	0.00993	0.01577	0.04419	0.78891	0.00405	0.00417	0.00214	0.00215
76	0.02360	0.00536	0.00736	0.00803	0.00927	0.00528	0.00692	0.01026	0.01047	0.08103	0.04595	0.07265	0.02475	0.01160	0.00594	0.00196	0.00397	0.65694	0.00424	0.00441
77	0.17090	0.00877	0.01007	0.00798	0.01112	0.00883	0.00650	0.18964	0.04207	0.43134	0.01393	0.01362	0.00957	0.04934	0.00515	0.00154	0.00401	0.00415	0.00463	0.00684
78	0.00644	0.00481	0.00719	0.00725	0.00806	0.00557	0.00569	0.00806	0.00737	0.01056	0.01268	0.01953	0.01205	0.03229	0.77638	0.00688	0.01151	0.05117	0.00250	0.00400
79	0.01610	0.02037	0.01353	0.01197	0.01432	0.74825	0.05565	0.01741	0.01235	0.01114	0.00701	0.00836	0.00583	0.00467	0.00448	0.00120	0.03678	0.00306	0.00229	0.00523
80	0.02585	0.00467	0.00512	0.00506	0.00630	0.00421	0.00373	0.00736	0.00996	0.02638	0.15522	0.05187	0.48212	0.12089	0.02752	0.00202	0.00288	0.03767	0.01736	0.00381
81	0.00639	0.00479	0.00719	0.00719	0.00799	0.00559	0.00559	0.00799	0.00719	0.01038	0.01198	0.01757	0.01118	0.03355	0.82507	0.00719	0.01198	0.00479	0.00240	0.00399
82	0.00814	0.00415	0.00424	0.00431	0.00530	0.00413	0.00320	0.01013	0.00932	0.01631	0.01529	0.07371	0.01272	0.00582	0.00331	0.00110	0.00212	0.00476	0.80780	0.00413
83	0.00769	0.00391	0.00577	0.00577	0.00577	0.00391	0.00381	0.00587	0.00587	0.00782	0.00815	0.01454	0.00828	0.06541	0.01780	0.81768	0.00391	0.00404	0.00199	0.00199
84	0.00558	0.00403	0.00529	0.00625	0.00664	0.00376	0.00431	0.00647	0.00877	0.01157	0.02577	0.71993	0.07964	0.02519	0.00595	0.00185	0.00271	0.06850	0.00413	0.00367
85	0.00734	0.00437	0.00507	0.00489	0.00594	0.00419	0.00367	0.00944	0.01101	0.01730	0.41034	0.02498	0.02671	0.00716	0.00419	0.00122	0.00210	0.00611	0.43976	0.00419
86	0.00633	0.00457	0.00598	0.00563	0.00668	0.00422	0.00422	0.00844	0.01266	0.01794	0.81253	0.03341	0.04221	0.00914	0.00528	0.00141	0.00211	0.00809	0.00492	0.00422
87	0.00630	0.00454	0.00629	0.02137	0.00728	0.00493	0.00467	0.00729	0.00729	0.01012	0.01487	0.18299	0.01595	0.23420	0.42914	0.02169	0.00792	0.00676	0.00281	0.00358
88	0.01652	0.01229	0.01315	0.01019	0.01369	0.01365	0.00839	0.73617	0.08562	0.02741	0.01135	0.01123	0.00810	0.00543	0.00448	0.00136	0.00481	0.00411	0.00448	0.00756
89	0.00963	0.01053	0.05730	0.01527	0.01889	0.00941	0.52742	0.01296	0.01060	0.02609	0.05628	0.02190	0.01305	0.00607	0.00542	0.00162	0.00637	0.18279	0.00286	0.00555
90	0.00642	0.00477	0.00716	0.00716	0.00794	0.00556	0.00556	0.00794	0.00716	0.01033	0.01189	0.01749	0.01111	0.03317	0.80785	0.02558	0.01181	0.00477	0.00239	0.00395
91	0.01065	0.01140	0.03769	0.09411	0.31729	0.01096	0.40776	0.02811	0.01044	0.01443	0.00873	0.01161	0.00682	0.00395	0.00486	0.00144	0.00651	0.00462	0.00225	0.00637
92	0.00576	0.00545	0.04646	0.00544	0.00698	0.00428	0.00440	0.00731	0.01043	0.01332	0.20578	0.09883	0.50901	0.01173	0.04311	0.00177	0.00293	0.00887	0.00412	0.00402
93	0.00591	0.00436	0.00481	0.00493	0.00556	0.00403	0.00318	0.00648	0.00830	0.01051	0.04438	0.13330	0.32235	0.40692	0.01365	0.00289	0.00329	0.00841	0.00348	0.00326
94	0.01014	0.01401	0.29924	0.01004	0.01346	0.11384	0.03703	0.01329	0.03921	0.09415	0.03158	0.19940	0.01330	0.00947	0.07945	0.00200	0.00592	0.00588	0.00305	0.00556
95	0.00962	0.12737	0.42646	0.02840	0.10622	0.02410	0.06461	0.01341	0.01858	0.02554	0.03869	0.03363	0.05431	0.00501	0.00429	0.00136	0.00571	0.00419	0.00234	0.00615
96	0.00665	0.00593	0.05313	0.00750	0.00855	0.00524	0.00624	0.00842	0.02509	0.01243	0.02387	0.34699	0.09328	0.03328	0.00659	0.00192	0.04185	0.30506	0.00388	0.00410
97	0.01036	0.01172	0.02545	0.01824	0.02261	0.01098	0.76197	0.01406	0.01066	0.01450	0.04614	0.01305	0.00842	0.00402	0.00528	0.00150	0.00729	0.00541	0.00239	0.00595
98	0.01581	0.01304	0.01249	0.01006	0.01318	0.14039	0.00811	0.53908	0.09142	0.04075	0.04801	0.01212	0.00961	0.00596	0.01803	0.00143	0.00525	0.00415	0.00415	0.00696
99	0.00914	0.00779	0.00912	0.00658	0.01042	0.00588	0.00525	0.01113	0.00943	0.01473	0.04509	0.01039	0.00827	0.00358	0.00340	0.00070	0.00326	0.00290	0.00276	0.83016
100	0.01645	0.02083	0.01293	0.01226	0.05081	0.78725	0.00888	0.01767	0.01256	0.01112	0.00698	0.00821	0.00582	0.00458	0.00405	0.00116	0.00794	0.00293	0.00230	0.00527
101	0.00553	0.00488	0.00554	0.00519	0.00684	0.00412	0.04011	0.00678	0.01021	0.01219	0.04364	0.04162	0.77585	0.01098	0.00529	0.00151	0.00251	0.00925	0.00407	0.00388
102	0.00930	0.02125	0.73058	0.01209	0.01820	0.00984	0.01530	0.01411	0.00965	0.05125	0.02914	0.01110	0.02227	0.00514	0.02055	0.00153	0.00639	0.00362	0.00219	0.00649

[dist]
# distance from previous block
# <min> <max>
0	5

# created by:
# /st0/software/busco_prod/Augustus/scripts/msa2prfl.pl ./align_prep/137510.fa
