[name]
unknown

[dist]
# distance from previous block
# <min> <max>
0	23

[block]
# block no. 0 follows, 63 sequences, length 35
# corresponding to MSA columns:
# 30-47,52-68
name=unknown_A
#
# <colnr> <probs for GDERKNQSTAVLIFYWHMCP>
#	G	D	E	R	K	N	Q	S	T	A	V	L	I	F	Y	W	H	M	C	P
0	0.07027	0.08173	0.08812	0.02282	0.04834	0.13548	0.02342	0.10175	0.13343	0.02433	0.05551	0.03909	0.01814	0.00561	0.00491	0.00133	0.08050	0.04005	0.00296	0.02218
1	0.06373	0.10401	0.20471	0.00996	0.04669	0.10931	0.04316	0.09085	0.10575	0.01471	0.06200	0.06626	0.03897	0.00536	0.00402	0.00127	0.00481	0.00433	0.00283	0.01725
2	0.00931	0.14421	0.14912	0.01078	0.14456	0.00883	0.00846	0.05854	0.04584	0.05858	0.03457	0.17164	0.07001	0.00675	0.00428	0.00134	0.00410	0.04438	0.00301	0.02169
3	0.01064	0.15690	0.34467	0.01067	0.04296	0.03792	0.02533	0.13201	0.15476	0.01531	0.00961	0.02458	0.00740	0.00454	0.00390	0.00126	0.00513	0.00355	0.00265	0.00621
4	0.01583	0.00736	0.00943	0.00725	0.01036	0.00653	0.00590	0.08667	0.01171	0.55030	0.01414	0.01360	0.00962	0.03977	0.02512	0.00142	0.00377	0.00397	0.02173	0.15555
5	0.03996	0.01233	0.16680	0.02532	0.02629	0.13220	0.15597	0.05271	0.05977	0.01379	0.08292	0.10327	0.03369	0.00609	0.00485	0.00140	0.03975	0.03486	0.00282	0.00519
6	0.03032	0.03448	0.22088	0.01247	0.13237	0.03529	0.07102	0.15899	0.11876	0.04833	0.04529	0.03974	0.02322	0.00500	0.00421	0.00132	0.00489	0.00425	0.00301	0.00617
7	0.00631	0.00407	0.00559	0.00578	0.00608	0.00429	0.00402	0.00651	0.00669	0.00933	0.01329	0.20667	0.01437	0.16707	0.23443	0.23187	0.02133	0.00622	0.04308	0.00298
8	0.01040	0.00999	0.01706	0.02580	0.82604	0.00999	0.01290	0.01290	0.00957	0.01373	0.00791	0.01040	0.00666	0.00375	0.00416	0.00125	0.00499	0.00375	0.00208	0.00666
9	0.00990	0.12896	0.60146	0.01119	0.01645	0.13644	0.01333	0.01375	0.00930	0.01241	0.00717	0.00840	0.00535	0.00399	0.00380	0.00124	0.00620	0.00293	0.00184	0.00590
10	0.00994	0.05584	0.21967	0.06633	0.47790	0.01035	0.05252	0.03385	0.00957	0.01359	0.00777	0.00992	0.00620	0.00385	0.00409	0.00127	0.00540	0.00357	0.00204	0.00634
11	0.88196	0.00813	0.00618	0.00553	0.00813	0.00943	0.00455	0.01236	0.00715	0.01886	0.00585	0.00683	0.00455	0.00390	0.00260	0.00130	0.00325	0.00228	0.00260	0.00455
12	0.01570	0.02004	0.01191	0.01083	0.01300	0.83539	0.00812	0.01679	0.01191	0.01029	0.00650	0.00758	0.00541	0.00433	0.00379	0.00108	0.00758	0.00271	0.00217	0.00487
13	0.01016	0.05394	0.47845	0.01105	0.05614	0.02257	0.02711	0.03070	0.02945	0.12902	0.05181	0.04891	0.02232	0.00494	0.00413	0.00132	0.00519	0.00406	0.00268	0.00605
14	0.01552	0.01080	0.20830	0.00885	0.01273	0.00728	0.02900	0.04034	0.01125	0.55664	0.01402	0.02804	0.00930	0.00555	0.02144	0.00143	0.00447	0.00411	0.00418	0.00675
15	0.00610	0.00411	0.00477	0.00477	0.00484	0.00418	0.00278	0.00623	0.00617	0.00829	0.01308	0.02657	0.01487	0.78189	0.09121	0.00431	0.00469	0.00598	0.00252	0.00265
16	0.01117	0.01156	0.01669	0.02314	0.66252	0.13356	0.05369	0.01351	0.00994	0.01320	0.00773	0.01003	0.00646	0.00382	0.00415	0.00123	0.00549	0.00365	0.00210	0.00634
17	0.02875	0.06015	0.05081	0.02470	0.15636	0.19753	0.02236	0.11869	0.02700	0.10173	0.02626	0.07839	0.05719	0.00568	0.00418	0.00128	0.00495	0.02529	0.00307	0.00563
18	0.49920	0.04378	0.15245	0.00802	0.02150	0.11369	0.00744	0.08492	0.00927	0.01710	0.00664	0.00762	0.00509	0.00406	0.00316	0.00126	0.00450	0.00263	0.00251	0.00517
19	0.01218	0.20189	0.06268	0.03855	0.11193	0.34278	0.05430	0.02375	0.01012	0.01121	0.00752	0.02090	0.00656	0.03971	0.02033	0.00135	0.00611	0.00326	0.01968	0.00519
20	0.00673	0.00384	0.00554	0.00564	0.00580	0.00394	0.00384	0.00593	0.00603	0.00817	0.01027	0.10373	0.01084	0.10296	0.15530	0.54706	0.00486	0.00493	0.00219	0.00240
21	0.01071	0.31320	0.25155	0.00960	0.02840	0.06304	0.03397	0.09729	0.03144	0.02261	0.03571	0.03673	0.00792	0.01771	0.00392	0.00120	0.00506	0.00344	0.00238	0.02414
22	0.02436	0.07178	0.47357	0.01273	0.11573	0.00998	0.04650	0.06179	0.00963	0.05103	0.00881	0.04562	0.00704	0.02207	0.00458	0.00137	0.02140	0.00374	0.00226	0.00604
23	0.01886	0.00715	0.00976	0.00748	0.01073	0.00618	0.00618	0.02049	0.01203	0.82895	0.01658	0.01431	0.01041	0.00520	0.00423	0.00130	0.00358	0.00423	0.00520	0.00715
24	0.00562	0.00441	0.02041	0.00544	0.00638	0.00382	0.00402	0.00687	0.00944	0.02766	0.21715	0.36544	0.25567	0.01170	0.03442	0.00170	0.00265	0.00948	0.00400	0.00372
25	0.02796	0.02532	0.07290	0.02769	0.26228	0.07739	0.03619	0.26558	0.07673	0.01773	0.03451	0.03835	0.00872	0.00483	0.00418	0.00128	0.00491	0.00408	0.00305	0.00633
26	0.00729	0.00527	0.02785	0.00620	0.00705	0.00534	0.02248	0.03326	0.00816	0.01254	0.01406	0.21235	0.01394	0.05703	0.10372	0.06323	0.08020	0.00596	0.31025	0.00382
27	0.00601	0.00450	0.00676	0.00676	0.00751	0.00525	0.00525	0.00751	0.00676	0.00976	0.01126	0.01651	0.01051	0.03153	0.83560	0.00676	0.01126	0.00450	0.00225	0.00375
28	0.06639	0.00946	0.00983	0.00863	0.01102	0.04865	0.02758	0.11987	0.54164	0.01779	0.01527	0.08109	0.01228	0.00599	0.00424	0.00140	0.00371	0.00496	0.00398	0.00621
29	0.01216	0.03935	0.03210	0.04627	0.41038	0.18683	0.02588	0.11528	0.01132	0.03411	0.00861	0.02905	0.00721	0.00443	0.00411	0.00124	0.00546	0.01762	0.00250	0.00609
30	0.04655	0.00719	0.00964	0.00742	0.01065	0.00628	0.00613	0.02023	0.01188	0.80297	0.01624	0.01407	0.01022	0.00516	0.00418	0.00130	0.00357	0.00416	0.00512	0.00707
31	0.00505	0.00404	0.00451	0.00486	0.00584	0.00351	0.00347	0.00601	0.00907	0.01125	0.05279	0.33500	0.51681	0.01152	0.00511	0.00152	0.00224	0.00997	0.00392	0.00351
32	0.02770	0.04739	0.06673	0.03048	0.38484	0.19915	0.05905	0.03977	0.01025	0.04332	0.00775	0.00959	0.00627	0.00416	0.00449	0.00125	0.04611	0.00347	0.00225	0.00598
33	0.00706	0.00507	0.00659	0.00710	0.03724	0.01863	0.01773	0.02421	0.03278	0.06518	0.06192	0.54230	0.07067	0.01137	0.02704	0.00171	0.02369	0.00950	0.02611	0.00409
34	0.20488	0.00792	0.02353	0.00710	0.00961	0.00816	0.00577	0.07364	0.22840	0.20443	0.08562	0.03979	0.05551	0.00582	0.00399	0.00135	0.00328	0.00464	0.02078	0.00579

[dist]
# distance from previous block
# <min> <max>
1	3

[block]
# block no. 1 follows, 63 sequences, length 132
# corresponding to MSA columns:
# 72-174,179-207
name=unknown_B
#
# <colnr> <probs for GDERKNQSTAVLIFYWHMCP>
#	G	D	E	R	K	N	Q	S	T	A	V	L	I	F	Y	W	H	M	C	P
0	0.02028	0.38363	0.21634	0.01108	0.13025	0.03555	0.02377	0.02325	0.00884	0.01166	0.00744	0.00981	0.00650	0.07279	0.00484	0.00134	0.00502	0.00310	0.01900	0.00552
1	0.02653	0.02819	0.02391	0.00968	0.01203	0.15558	0.00792	0.33276	0.09126	0.01777	0.00980	0.01067	0.02993	0.00549	0.00609	0.00134	0.18274	0.00370	0.00317	0.04145
2	0.01093	0.00942	0.01315	0.19577	0.27037	0.06766	0.04039	0.08120	0.05298	0.08196	0.04596	0.01266	0.00888	0.04445	0.00499	0.00140	0.00489	0.00404	0.00275	0.04615
3	0.01001	0.34840	0.43011	0.01030	0.01517	0.05850	0.04856	0.01323	0.00896	0.01181	0.00686	0.00808	0.00541	0.00384	0.00352	0.00115	0.00565	0.00283	0.00182	0.00579
4	0.00790	0.00706	0.01130	0.11555	0.34075	0.00724	0.02156	0.00997	0.02937	0.01223	0.01520	0.31316	0.04490	0.00773	0.00480	0.00147	0.01381	0.02813	0.00288	0.00503
5	0.01631	0.00807	0.01008	0.00764	0.01101	0.00733	0.00628	0.16514	0.01281	0.51851	0.01357	0.01242	0.00897	0.00476	0.00400	0.00116	0.00368	0.00380	0.00448	0.17998
6	0.00632	0.00502	0.00577	0.00545	0.00680	0.00483	0.00413	0.00954	0.13614	0.01515	0.44055	0.03196	0.29488	0.00882	0.00486	0.00137	0.00224	0.00758	0.00433	0.00424
7	0.00590	0.00427	0.00578	0.00590	0.00644	0.00462	0.00424	0.00692	0.00695	0.00968	0.01508	0.11593	0.06336	0.23533	0.46777	0.00506	0.00770	0.00602	0.01965	0.00340
8	0.00599	0.00455	0.00650	0.00667	0.00719	0.00517	0.00500	0.00717	0.00714	0.01011	0.01462	0.27262	0.01563	0.04916	0.48591	0.00470	0.06668	0.00678	0.01474	0.00367
9	0.01035	0.00993	0.01697	0.04327	0.80898	0.00997	0.01288	0.01286	0.00955	0.01367	0.00790	0.01042	0.00664	0.00376	0.00416	0.00125	0.00501	0.00375	0.00208	0.00662
10	0.01570	0.02004	0.01191	0.01083	0.01300	0.83539	0.00812	0.01679	0.01191	0.01029	0.00650	0.00758	0.00541	0.00433	0.00379	0.00108	0.00758	0.00271	0.00217	0.00487
11	0.00814	0.00723	0.01200	0.76669	0.02696	0.00890	0.01099	0.01083	0.00851	0.03169	0.00833	0.03126	0.00646	0.00447	0.00418	0.00139	0.00533	0.00395	0.03803	0.00467
12	0.01882	0.00723	0.00980	0.00751	0.01077	0.00628	0.00621	0.03266	0.01215	0.81661	0.01648	0.01424	0.01036	0.00520	0.00423	0.00130	0.00359	0.00422	0.00519	0.00715
13	0.01866	0.00725	0.01010	0.00771	0.01099	0.00628	0.02437	0.02033	0.01198	0.81052	0.01640	0.01424	0.01031	0.00517	0.00424	0.00130	0.00366	0.00424	0.00513	0.00712
14	0.01398	0.00633	0.00836	0.00682	0.00926	0.00573	0.00547	0.01642	0.06705	0.50258	0.28596	0.02011	0.02033	0.00637	0.00447	0.00132	0.00303	0.00539	0.00495	0.00606
15	0.00674	0.00560	0.00780	0.00747	0.00811	0.02552	0.00588	0.00810	0.00680	0.00978	0.01029	0.01546	0.00973	0.05111	0.66042	0.00576	0.14499	0.00438	0.00219	0.00388
16	0.00542	0.00414	0.00506	0.00595	0.00628	0.02685	0.00400	0.00617	0.00820	0.01074	0.02324	0.80332	0.04931	0.01285	0.00531	0.00168	0.00258	0.01160	0.00385	0.00346
17	0.01036	0.00994	0.01698	0.04137	0.81084	0.00998	0.01288	0.01286	0.00955	0.01368	0.00790	0.01042	0.00664	0.00375	0.00416	0.00125	0.00501	0.00375	0.00208	0.00662
18	0.00760	0.00792	0.05691	0.04441	0.06886	0.01582	0.22748	0.01037	0.06853	0.01234	0.01620	0.40300	0.02559	0.00835	0.00495	0.00153	0.00434	0.00799	0.00310	0.00472
19	0.10067	0.01511	0.28468	0.03874	0.20351	0.13243	0.02848	0.08273	0.01025	0.02244	0.00788	0.02061	0.00618	0.00425	0.00403	0.00128	0.01537	0.00337	0.01209	0.00590
20	0.01081	0.14835	0.28554	0.02625	0.20397	0.13909	0.05838	0.02422	0.00973	0.02853	0.00775	0.00973	0.00621	0.00409	0.00390	0.00122	0.00580	0.01846	0.00207	0.00591
21	0.00672	0.00542	0.00667	0.00656	0.00714	0.05231	0.00482	0.00770	0.00688	0.00936	0.01146	0.03808	0.01157	0.23563	0.51247	0.02514	0.04133	0.00493	0.00233	0.00349
22	0.04373	0.13805	0.39336	0.02736	0.06528	0.11948	0.03243	0.03025	0.05224	0.02875	0.02663	0.00953	0.00675	0.00419	0.00381	0.00124	0.00564	0.00322	0.00220	0.00585
23	0.01096	0.03270	0.18255	0.04277	0.35241	0.13815	0.02305	0.02830	0.00997	0.05979	0.00926	0.06361	0.00793	0.00471	0.00415	0.00128	0.00542	0.01463	0.00238	0.00598
24	0.01487	0.00627	0.00848	0.00680	0.00935	0.00549	0.00549	0.01660	0.01199	0.57773	0.26630	0.01960	0.01946	0.00625	0.00445	0.00131	0.00308	0.00527	0.00502	0.00617
25	0.00669	0.00498	0.02146	0.02841	0.00740	0.00444	0.00447	0.00806	0.00981	0.07914	0.20903	0.19078	0.33519	0.02167	0.00548	0.00150	0.02999	0.02349	0.00399	0.00402
26	0.01118	0.11262	0.17958	0.06951	0.32865	0.06977	0.04390	0.05300	0.01009	0.07079	0.00820	0.00981	0.00636	0.00401	0.00397	0.00123	0.00537	0.00345	0.00231	0.00618
27	0.01158	0.78800	0.03202	0.00737	0.01098	0.01614	0.00731	0.04672	0.00910	0.02997	0.00630	0.00709	0.00559	0.00370	0.00281	0.00093	0.00450	0.00237	0.00198	0.00552
28	0.00818	0.00409	0.00417	0.00409	0.00516	0.00409	0.00309	0.01029	0.02185	0.03830	0.01385	0.01563	0.01080	0.00492	0.00300	0.00100	0.00203	0.00394	0.83749	0.00405
29	0.01194	0.47929	0.02985	0.00829	0.01139	0.15959	0.00739	0.03798	0.19271	0.01222	0.00865	0.00904	0.00713	0.00425	0.00331	0.00107	0.00481	0.00295	0.00249	0.00565
30	0.01159	0.04414	0.28306	0.06211	0.21076	0.03892	0.02187	0.09166	0.01075	0.14646	0.02109	0.01105	0.01888	0.00440	0.00409	0.00128	0.00518	0.00367	0.00273	0.00632
31	0.01732	0.00963	0.01129	0.00865	0.01197	0.00985	0.00715	0.44450	0.01617	0.39909	0.01311	0.01205	0.00866	0.00512	0.00422	0.00128	0.00414	0.00399	0.00467	0.00715
32	0.00512	0.00367	0.00487	0.00582	0.00609	0.00342	0.00389	0.00586	0.00808	0.01074	0.02353	0.83449	0.04260	0.01312	0.00536	0.00170	0.00243	0.01189	0.00390	0.00342
33	0.00991	0.13573	0.30392	0.06947	0.27771	0.02969	0.07417	0.01314	0.00923	0.02788	0.00763	0.00947	0.00596	0.00387	0.00395	0.00125	0.00558	0.00338	0.00198	0.00608
34	0.02270	0.00439	0.00459	0.00462	0.00591	0.00387	0.00345	0.00658	0.00928	0.02239	0.03718	0.10936	0.65278	0.03029	0.00541	0.00150	0.01457	0.02254	0.03498	0.00362
35	0.00869	0.00649	0.03634	0.00643	0.00821	0.00618	0.02082	0.08186	0.14046	0.05577	0.20575	0.06438	0.09774	0.00698	0.00426	0.00129	0.00283	0.02243	0.21822	0.00486
36	0.00946	0.00783	0.00950	0.00689	0.01055	0.00628	0.03241	0.05744	0.02071	0.03740	0.00809	0.00923	0.00654	0.00367	0.01302	0.00079	0.00345	0.00275	0.00268	0.75131
37	0.02497	0.06679	0.13145	0.02235	0.10283	0.49287	0.00959	0.03789	0.05094	0.01201	0.00739	0.00853	0.00594	0.00426	0.00382	0.00116	0.00655	0.00299	0.00224	0.00544
38	0.01109	0.81056	0.06496	0.00745	0.01118	0.01627	0.00764	0.01263	0.00856	0.01007	0.00593	0.00686	0.00539	0.00362	0.00277	0.00092	0.00459	0.00229	0.00180	0.00544
39	0.00874	0.00755	0.00903	0.00645	0.01020	0.00570	0.02078	0.01064	0.00874	0.01369	0.00749	0.00877	0.00623	0.00312	0.00315	0.00064	0.00319	0.00254	0.00248	0.86086
40	0.01040	0.00999	0.01706	0.02580	0.82604	0.00999	0.01290	0.01290	0.00957	0.01373	0.00791	0.01040	0.00666	0.00375	0.00416	0.00125	0.00499	0.00375	0.00208	0.00666
41	0.03065	0.00746	0.00981	0.00760	0.01080	0.00673	0.00626	0.05379	0.05252	0.74312	0.01618	0.01409	0.01031	0.00520	0.00421	0.00131	0.00360	0.00421	0.00508	0.00709
42	0.00512	0.00366	0.00488	0.00585	0.00610	0.00341	0.00390	0.00585	0.00805	0.01073	0.02317	0.84952	0.02780	0.01317	0.00537	0.00171	0.00244	0.01195	0.00390	0.00341
43	0.00610	0.00413	0.00487	0.00487	0.00497	0.00423	0.00291	0.00630	0.00620	0.00836	0.01298	0.02605	0.01465	0.74307	0.12972	0.00443	0.00503	0.00590	0.00251	0.00271
44	0.00794	0.00747	0.01261	0.84216	0.02895	0.00934	0.01167	0.01074	0.00841	0.01074	0.00747	0.01121	0.00560	0.00420	0.00420	0.00140	0.00560	0.00374	0.00187	0.00467
45	0.00803	0.00756	0.01277	0.81317	0.05726	0.00936	0.01172	0.01082	0.00845	0.01085	0.00749	0.01118	0.00564	0.00419	0.00420	0.00140	0.00558	0.00374	0.00188	0.00474
46	0.01056	0.00554	0.00616	0.00540	0.00702	0.00554	0.00419	0.12126	0.01078	0.14986	0.03443	0.03532	0.01157	0.04538	0.00431	0.00124	0.00270	0.00434	0.52958	0.00482
47	0.01004	0.01121	0.02392	0.01717	0.02131	0.01060	0.76302	0.03601	0.02443	0.01387	0.00890	0.02277	0.00680	0.00375	0.00493	0.00142	0.00689	0.00502	0.00225	0.00570
48	0.01886	0.00715	0.00976	0.00748	0.01073	0.00618	0.00618	0.02049	0.01203	0.82895	0.01658	0.01431	0.01041	0.00520	0.00423	0.00130	0.00358	0.00423	0.00520	0.00715
49	0.00548	0.00401	0.00555	0.03586	0.00714	0.00407	0.00440	0.00641	0.00766	0.01037	0.01940	0.58788	0.02247	0.06592	0.18931	0.00295	0.00459	0.00967	0.00339	0.00348
50	0.00856	0.06005	0.79330	0.01176	0.01785	0.01008	0.01515	0.01328	0.00886	0.01316	0.00747	0.00878	0.00533	0.00398	0.00393	0.00131	0.00613	0.00307	0.00178	0.00618
51	0.07986	0.01002	0.01115	0.00933	0.04173	0.13537	0.05812	0.12596	0.01223	0.39846	0.01258	0.01220	0.01734	0.00558	0.02716	0.00141	0.00475	0.00387	0.02661	0.00628
52	0.00541	0.00406	0.01475	0.00603	0.00645	0.00370	0.00422	0.01710	0.00845	0.01131	0.05604	0.76082	0.02760	0.01270	0.00534	0.00169	0.00255	0.04434	0.00391	0.00354
53	0.20726	0.05438	0.45679	0.01201	0.09015	0.02170	0.07515	0.01309	0.00866	0.01443	0.00718	0.00863	0.00536	0.00390	0.00371	0.00130	0.00544	0.00308	0.00203	0.00578
54	0.00834	0.00789	0.01334	0.70772	0.16022	0.00945	0.01188	0.01110	0.00860	0.01123	0.00754	0.01108	0.00578	0.00413	0.00420	0.00138	0.00550	0.00374	0.00190	0.00500
55	0.00608	0.00422	0.00543	0.00543	0.00574	0.00448	0.00362	0.00666	0.00655	0.00903	0.03824	0.03600	0.01434	0.49570	0.31583	0.02492	0.00658	0.00561	0.00251	0.00303
56	0.00844	0.02142	0.81190	0.01185	0.01801	0.00967	0.01529	0.01325	0.00887	0.01332	0.00754	0.00887	0.00535	0.00397	0.00397	0.00132	0.00614	0.00309	0.00179	0.02592
57	0.00850	0.04081	0.81198	0.01187	0.01802	0.00992	0.01534	0.01330	0.00887	0.01323	0.00751	0.00883	0.00533	0.00398	0.00396	0.00132	0.00617	0.00309	0.00178	0.00619
58	0.01875	0.00732	0.00986	0.00756	0.01082	0.00643	0.00625	0.04958	0.01232	0.79946	0.01635	0.01415	0.01029	0.00520	0.00423	0.00130	0.00362	0.00421	0.00517	0.00715
59	0.00601	0.00450	0.00676	0.00676	0.00751	0.00525	0.00525	0.00751	0.00676	0.00976	0.01126	0.01651	0.01051	0.03153	0.83560	0.00676	0.01126	0.00450	0.00225	0.00375
60	0.00827	0.00779	0.01302	0.64027	0.17185	0.00922	0.01145	0.01093	0.00870	0.01143	0.02720	0.01232	0.02963	0.00445	0.00436	0.00138	0.01674	0.00397	0.00203	0.00498
61	0.01124	0.85479	0.02203	0.00719	0.01079	0.01663	0.00719	0.01259	0.00854	0.00989	0.00584	0.00674	0.00539	0.00360	0.00270	0.00090	0.00450	0.00225	0.00180	0.00539
62	0.04203	0.00689	0.00925	0.00729	0.01027	0.00604	0.00594	0.01904	0.01156	0.73816	0.01683	0.08348	0.01169	0.00583	0.00428	0.00133	0.00347	0.00481	0.00502	0.00677
63	0.00899	0.00813	0.01264	0.48774	0.18227	0.00942	0.01065	0.01330	0.15362	0.02653	0.03860	0.01262	0.00840	0.00455	0.00424	0.00137	0.00491	0.00407	0.00250	0.00543
64	0.02214	0.08329	0.02575	0.01037	0.02654	0.06901	0.18582	0.02392	0.14071	0.17222	0.01244	0.06114	0.01010	0.01962	0.09121	0.00194	0.01671	0.01819	0.00322	0.00565
65	0.00580	0.00428	0.00488	0.00484	0.00604	0.00374	0.00359	0.00711	0.01005	0.04051	0.24482	0.14355	0.46107	0.01009	0.00494	0.00142	0.00218	0.00865	0.02869	0.00377
66	0.00636	0.00505	0.00636	0.00615	0.00656	0.00559	0.00443	0.00693	0.00751	0.01009	0.05978	0.17343	0.18385	0.25416	0.02957	0.05092	0.16975	0.00716	0.00299	0.00337
67	0.01117	0.01089	0.03463	0.03214	0.20493	0.13532	0.02635	0.11358	0.22159	0.02590	0.03329	0.09365	0.02660	0.00570	0.00431	0.00133	0.00461	0.00486	0.00323	0.00593
68	0.00995	0.09662	0.04435	0.00747	0.00965	0.03435	0.03363	0.10495	0.06609	0.10200	0.28616	0.06916	0.04060	0.00739	0.02608	0.00144	0.02127	0.00564	0.02805	0.00515
69	0.01088	0.74719	0.12645	0.00781	0.01175	0.01575	0.00827	0.01268	0.00858	0.01033	0.00606	0.00702	0.00539	0.00365	0.00286	0.00095	0.00472	0.00236	0.00180	0.00550
70	0.00878	0.00756	0.00902	0.00693	0.03912	0.00576	0.00526	0.01067	0.00875	0.01370	0.00749	0.00878	0.00624	0.00314	0.00315	0.00065	0.00318	0.00254	0.00248	0.84683
71	0.25121	0.01168	0.01007	0.00881	0.02821	0.17589	0.00685	0.22765	0.18457	0.04100	0.00984	0.01001	0.00738	0.00471	0.00370	0.00127	0.00454	0.00337	0.00336	0.00587
72	0.01536	0.04935	0.01215	0.01055	0.01275	0.77043	0.00798	0.03520	0.01186	0.01061	0.00669	0.00800	0.00565	0.02095	0.00411	0.00114	0.00733	0.00278	0.00221	0.00490
73	0.01055	0.00993	0.01699	0.03465	0.74835	0.00993	0.04422	0.01327	0.02694	0.03243	0.00832	0.01065	0.00685	0.00382	0.00420	0.00126	0.00502	0.00383	0.00220	0.00661
74	0.01463	0.00805	0.03250	0.00766	0.01054	0.00747	0.00635	0.14323	0.10683	0.42310	0.05594	0.03611	0.05244	0.02733	0.00474	0.00138	0.00361	0.01634	0.00453	0.03724
75	0.00522	0.00426	0.00461	0.00455	0.00584	0.00365	0.00340	0.00651	0.01014	0.01273	0.23959	0.05370	0.61080	0.01018	0.00497	0.00140	0.00210	0.00861	0.00409	0.00365
76	0.00997	0.01118	0.02387	0.01821	0.08856	0.01057	0.72906	0.01359	0.02541	0.01357	0.00862	0.01135	0.00653	0.00360	0.00488	0.00140	0.00684	0.00486	0.00216	0.00577
77	0.00880	0.00766	0.00924	0.00671	0.01029	0.00609	0.02307	0.01090	0.02727	0.01365	0.00765	0.00895	0.00636	0.00333	0.00356	0.00070	0.03327	0.00264	0.00250	0.80735
78	0.00652	0.00549	0.00611	0.00593	0.00715	0.03454	0.00462	0.00875	0.06892	0.01350	0.27734	0.03347	0.32591	0.02409	0.01845	0.00159	0.04265	0.10701	0.00394	0.00403
79	0.00708	0.00419	0.00557	0.00601	0.00674	0.00383	0.00420	0.00800	0.00879	0.12654	0.04923	0.67697	0.05297	0.01181	0.00518	0.00163	0.00257	0.01061	0.00411	0.00397
80	0.04435	0.01262	0.25044	0.01053	0.04616	0.00912	0.06440	0.14156	0.04596	0.28170	0.01203	0.01197	0.02522	0.00478	0.00433	0.00133	0.01958	0.00390	0.00349	0.00652
81	0.00818	0.00763	0.01271	0.80455	0.04726	0.00944	0.01162	0.02859	0.00869	0.01116	0.00754	0.01116	0.00566	0.00421	0.00420	0.00139	0.00557	0.00374	0.00192	0.00477
82	0.00515	0.00368	0.00492	0.00589	0.00615	0.00344	0.00396	0.00591	0.00808	0.01077	0.02315	0.83369	0.02773	0.01314	0.00537	0.00171	0.00247	0.02746	0.00390	0.00342
83	0.00879	0.00855	0.01188	0.01028	0.01031	0.01178	0.00844	0.00965	0.00642	0.00993	0.00645	0.01114	0.00660	0.08461	0.04729	0.00224	0.73541	0.00393	0.00192	0.00438
84	0.01099	0.01216	0.23500	0.07207	0.09999	0.03224	0.11036	0.02794	0.05087	0.17558	0.03315	0.07614	0.00972	0.00509	0.00431	0.00134	0.00500	0.00454	0.00298	0.03055
85	0.00526	0.00446	0.00497	0.00478	0.00619	0.00383	0.02183	0.00661	0.01895	0.01211	0.13421	0.06039	0.68121	0.01025	0.00497	0.00142	0.00225	0.00867	0.00395	0.00368
86	0.00626	0.00456	0.00580	0.00545	0.00652	0.00435	0.00410	0.00882	0.05902	0.01687	0.75637	0.03009	0.03737	0.00833	0.00487	0.00132	0.00206	0.00734	0.02637	0.00412
87	0.00964	0.01241	0.11974	0.01679	0.02118	0.01037	0.69938	0.01328	0.00976	0.01339	0.00870	0.02899	0.00671	0.00380	0.00486	0.00141	0.00688	0.00489	0.00212	0.00569
88	0.00892	0.08100	0.65229	0.04220	0.05849	0.02648	0.04730	0.01322	0.00897	0.01294	0.00745	0.00896	0.00545	0.00395	0.00395	0.00130	0.00607	0.00317	0.00182	0.00607
89	0.00816	0.00769	0.01300	0.77054	0.09888	0.00940	0.01178	0.01093	0.00851	0.01100	0.00751	0.01114	0.00570	0.00416	0.00420	0.00139	0.00555	0.00374	0.00189	0.00484
90	0.02667	0.02487	0.00887	0.00750	0.00935	0.03454	0.02811	0.04959	0.01044	0.27537	0.09631	0.16438	0.06575	0.00909	0.04867	0.00174	0.06925	0.06035	0.00398	0.00517
91	0.01004	0.00829	0.01285	0.36586	0.21210	0.03807	0.04117	0.01257	0.02321	0.11701	0.02273	0.01355	0.05323	0.00597	0.04424	0.00160	0.00531	0.00421	0.00258	0.00542
92	0.00895	0.01406	0.32384	0.06875	0.03205	0.02107	0.29361	0.02313	0.00949	0.02826	0.02669	0.05986	0.05067	0.00489	0.00462	0.00139	0.01606	0.00474	0.00230	0.00557
93	0.01490	0.01786	0.01186	0.04999	0.01362	0.68188	0.01960	0.04175	0.04068	0.03389	0.00780	0.00952	0.00644	0.00462	0.00393	0.00115	0.00702	0.02602	0.00242	0.00504
94	0.01687	0.00923	0.02222	0.00825	0.01142	0.04011	0.00684	0.26250	0.04749	0.47385	0.01448	0.01322	0.02316	0.00521	0.00419	0.00128	0.00402	0.00411	0.02467	0.00690
95	0.00951	0.01024	0.02016	0.19127	0.12820	0.02832	0.48890	0.01260	0.00953	0.01275	0.00874	0.04381	0.00707	0.00410	0.00469	0.00140	0.00633	0.00477	0.00214	0.00548
96	0.00886	0.00747	0.00808	0.00747	0.00940	0.00830	0.00575	0.01737	0.55891	0.01626	0.12357	0.07830	0.10562	0.00722	0.00454	0.00144	0.00297	0.01852	0.00425	0.00571
97	0.06386	0.03156	0.05979	0.00941	0.01265	0.07036	0.02074	0.55536	0.04306	0.03316	0.02167	0.01078	0.00772	0.03516	0.00468	0.00136	0.00477	0.00374	0.00370	0.00649
98	0.01487	0.01446	0.01086	0.00952	0.01195	0.44112	0.00733	0.06111	0.18551	0.15935	0.03501	0.01137	0.00901	0.00495	0.00403	0.00121	0.00563	0.00362	0.00335	0.00576
99	0.01036	0.00994	0.01699	0.03998	0.81219	0.00998	0.01288	0.01286	0.00955	0.01368	0.00790	0.01042	0.00664	0.00375	0.00416	0.00125	0.00500	0.00375	0.00208	0.00662
100	0.00579	0.00425	0.00543	0.00522	0.00621	0.00389	0.00388	0.00760	0.01141	0.01589	0.69044	0.08641	0.11969	0.00911	0.00499	0.00136	0.00203	0.00802	0.00451	0.00389
101	0.01248	0.07026	0.20232	0.01217	0.07266	0.03150	0.13274	0.22499	0.05064	0.11104	0.00969	0.01047	0.00702	0.00448	0.00443	0.00130	0.02861	0.00377	0.00302	0.00640
102	0.01130	0.01104	0.02080	0.03541	0.13259	0.01085	0.51145	0.16234	0.01173	0.03655	0.00890	0.01105	0.00665	0.00391	0.00467	0.00136	0.00621	0.00453	0.00258	0.00610
103	0.00677	0.00484	0.00677	0.00774	0.00871	0.00484	0.00677	0.00871	0.00968	0.01258	0.02226	0.04742	0.02419	0.01161	0.00581	0.00194	0.00387	0.79775	0.00387	0.00387
104	0.00702	0.00507	0.00621	0.00655	0.02747	0.00519	0.00456	0.05519	0.04886	0.01131	0.01716	0.12644	0.04051	0.40164	0.03183	0.00292	0.00397	0.19130	0.00322	0.00359
105	0.01014	0.16957	0.26219	0.06436	0.29593	0.06400	0.03915	0.01324	0.02049	0.01255	0.00745	0.00924	0.00596	0.00388	0.00385	0.00122	0.00552	0.00327	0.00196	0.00603
106	0.00530	0.00409	0.00505	0.00543	0.00626	0.00385	0.00395	0.00638	0.00863	0.01113	0.06565	0.34272	0.32442	0.01512	0.14800	0.00246	0.00386	0.03048	0.00365	0.00356
107	0.01541	0.00665	0.00875	0.00704	0.00973	0.00599	0.00569	0.01782	0.07163	0.59169	0.13650	0.03886	0.03796	0.00609	0.00437	0.00132	0.00323	0.00508	0.01979	0.00640
108	0.00643	0.00451	0.00477	0.00474	0.00483	0.02717	0.00271	0.00652	0.00636	0.00844	0.01307	0.02660	0.01487	0.80292	0.02035	0.00390	0.00411	0.00595	0.02910	0.00265
109	0.03118	0.54819	0.12186	0.00884	0.03494	0.11916	0.00845	0.02156	0.05100	0.01125	0.00683	0.00772	0.00581	0.00387	0.00314	0.00103	0.00503	0.00260	0.00202	0.00553
110	0.00644	0.00470	0.00566	0.00581	0.00687	0.00438	0.00437	0.04492	0.00952	0.03045	0.08075	0.27152	0.24974	0.08153	0.00650	0.00177	0.00286	0.14600	0.00383	0.03240
111	0.13298	0.02358	0.14741	0.01106	0.09247	0.07595	0.05946	0.15823	0.06046	0.17023	0.01013	0.01052	0.00724	0.00448	0.00393	0.00128	0.00481	0.00357	0.01600	0.00621
112	0.07905	0.01176	0.23212	0.01005	0.07064	0.03140	0.01981	0.02636	0.11394	0.21424	0.08130	0.02564	0.02929	0.00533	0.00432	0.00134	0.01894	0.01503	0.00342	0.00602
113	0.01086	0.45050	0.10124	0.00777	0.01148	0.04116	0.00757	0.06062	0.03697	0.02863	0.02994	0.00873	0.00696	0.00390	0.00319	0.00095	0.00438	0.00277	0.00232	0.18005
114	0.03411	0.00925	0.01313	0.10211	0.39933	0.05895	0.02663	0.07494	0.03400	0.01408	0.02314	0.05928	0.08415	0.00556	0.00435	0.00134	0.00464	0.04264	0.00269	0.00568
115	0.02597	0.19628	0.60171	0.01104	0.03203	0.01132	0.01327	0.03950	0.00915	0.01314	0.00725	0.00846	0.00541	0.00394	0.00370	0.00124	0.00572	0.00294	0.00188	0.00605
116	0.01053	0.01023	0.01648	0.02420	0.74264	0.03552	0.01240	0.01326	0.03843	0.01364	0.00811	0.01046	0.00680	0.00396	0.00450	0.00127	0.03515	0.00375	0.00215	0.00653
117	0.00794	0.00747	0.01261	0.84216	0.02895	0.00934	0.01167	0.01074	0.00841	0.01074	0.00747	0.01121	0.00560	0.00420	0.00420	0.00140	0.00560	0.00374	0.00187	0.00467
118	0.00816	0.01705	0.58316	0.10148	0.01743	0.00883	0.02243	0.01239	0.02600	0.02425	0.04001	0.03113	0.06142	0.00504	0.00421	0.00137	0.00551	0.02224	0.00222	0.00569
119	0.01181	0.00965	0.01247	0.01246	0.16239	0.02547	0.07123	0.14566	0.36182	0.08075	0.03395	0.03146	0.01095	0.00524	0.00433	0.00135	0.00418	0.00458	0.00372	0.00653
120	0.05481	0.00728	0.00966	0.00744	0.01067	0.00645	0.00615	0.03559	0.01198	0.77951	0.01601	0.01391	0.01010	0.00515	0.00416	0.00130	0.00358	0.00414	0.00508	0.00705
121	0.00758	0.00496	0.00650	0.00677	0.00800	0.00474	0.00564	0.02278	0.01015	0.08531	0.12389	0.05238	0.14415	0.04500	0.00604	0.00180	0.00335	0.45281	0.00404	0.00412
122	0.05872	0.01704	0.01174	0.01083	0.04677	0.59122	0.00799	0.11351	0.05074	0.04185	0.00782	0.00859	0.00616	0.00447	0.00384	0.00115	0.00655	0.00301	0.00264	0.00537
123	0.01570	0.02004	0.01191	0.01083	0.01300	0.83539	0.00812	0.01679	0.01191	0.01029	0.00650	0.00758	0.00541	0.00433	0.00379	0.00108	0.00758	0.00271	0.00217	0.00487
124	0.00520	0.00377	0.00489	0.00574	0.00611	0.00349	0.00390	0.00601	0.00828	0.01093	0.04345	0.72265	0.09389	0.02983	0.00566	0.00173	0.00248	0.03466	0.00389	0.00343
125	0.00532	0.00385	0.00504	0.00569	0.00617	0.00357	0.00394	0.00636	0.00897	0.01207	0.18937	0.61556	0.07576	0.01205	0.00527	0.00162	0.00236	0.02942	0.00405	0.00355
126	0.00613	0.00450	0.00582	0.00543	0.00651	0.00421	0.00409	0.00838	0.03413	0.01665	0.76617	0.03016	0.03757	0.00893	0.02399	0.00144	0.00226	0.00735	0.00452	0.02177
127	0.00512	0.00366	0.00488	0.00585	0.00610	0.00341	0.00390	0.00585	0.00805	0.01073	0.02317	0.84952	0.02780	0.01317	0.00537	0.00171	0.00244	0.01195	0.00390	0.00341
128	0.01735	0.00783	0.00986	0.00765	0.01073	0.00739	0.00629	0.17408	0.02309	0.59997	0.01510	0.01361	0.00983	0.00516	0.00412	0.00127	0.00365	0.00412	0.07199	0.00690
129	0.00893	0.00848	0.01440	0.51463	0.34875	0.00960	0.01217	0.01161	0.00887	0.01194	0.00765	0.01089	0.00603	0.00402	0.00419	0.00134	0.00536	0.00374	0.00195	0.00547
130	0.00873	0.10917	0.74563	0.01148	0.01742	0.01048	0.01466	0.01324	0.00884	0.01295	0.00737	0.00865	0.00533	0.00395	0.00386	0.00129	0.00603	0.00302	0.00178	0.00613
131	0.04727	0.01169	0.06567	0.21883	0.16833	0.15020	0.03314	0.10158	0.05749	0.03925	0.00848	0.01019	0.00650	0.00424	0.00400	0.00124	0.00535	0.00350	0.00253	0.06051

[dist]
# distance from previous block
# <min> <max>
0	1

[block]
# block no. 2 follows, 63 sequences, length 7
# corresponding to MSA columns:
# 209-215
name=unknown_C
#
# <colnr> <probs for GDERKNQSTAVLIFYWHMCP>
#	G	D	E	R	K	N	Q	S	T	A	V	L	I	F	Y	W	H	M	C	P
0	0.01385	0.00768	0.00962	0.00837	0.04339	0.00771	0.00643	0.14193	0.13870	0.36143	0.08024	0.01620	0.04033	0.00849	0.09394	0.00191	0.00441	0.00468	0.00437	0.00631
1	0.73639	0.00846	0.00709	0.00609	0.00882	0.00962	0.00502	0.09906	0.00881	0.06868	0.00696	0.00763	0.00519	0.00410	0.00287	0.00130	0.00342	0.00256	0.00293	0.00499
2	0.08222	0.00829	0.00983	0.00769	0.01070	0.00824	0.00632	0.25334	0.01376	0.44999	0.04584	0.01325	0.01018	0.00518	0.00405	0.00127	0.00371	0.00406	0.05545	0.00664
3	0.10403	0.20552	0.36766	0.01129	0.06226	0.04104	0.07182	0.04353	0.00919	0.01348	0.00708	0.00846	0.00549	0.00399	0.00391	0.00124	0.02918	0.00303	0.00202	0.00578
4	0.04911	0.00615	0.05140	0.00632	0.00798	0.00537	0.00519	0.01054	0.09679	0.09627	0.12799	0.17738	0.19749	0.03507	0.00527	0.00156	0.00296	0.08924	0.02344	0.00448
5	0.00579	0.00428	0.00555	0.00632	0.00711	0.00404	0.00497	0.00710	0.00906	0.01164	0.02684	0.34227	0.19273	0.01199	0.00547	0.00174	0.00298	0.34261	0.00389	0.00363
6	0.00580	0.00407	0.00518	0.00549	0.00598	0.00396	0.00381	0.00649	0.00793	0.01056	0.10230	0.26071	0.12008	0.21746	0.10093	0.06912	0.00390	0.05970	0.00331	0.00322

[dist]
# distance from previous block
# <min> <max>
1	4

[block]
# block no. 3 follows, 63 sequences, length 13
# corresponding to MSA columns:
# 222-225,231-239
name=unknown_D
#
# <colnr> <probs for GDERKNQSTAVLIFYWHMCP>
#	G	D	E	R	K	N	Q	S	T	A	V	L	I	F	Y	W	H	M	C	P
0	0.09723	0.00577	0.03537	0.00554	0.00727	0.00512	0.00451	0.03722	0.01042	0.08653	0.25302	0.05402	0.26742	0.00803	0.00444	0.00134	0.00260	0.02577	0.08403	0.00435
1	0.00720	0.00499	0.00625	0.00573	0.00690	0.00489	0.00438	0.02843	0.01086	0.07403	0.46149	0.05835	0.18147	0.03897	0.00608	0.00148	0.06262	0.00724	0.02447	0.00417
2	0.01165	0.02284	0.04623	0.07005	0.03397	0.04165	0.11674	0.20972	0.10496	0.08233	0.03142	0.03084	0.02958	0.02293	0.00549	0.00143	0.07539	0.02360	0.01909	0.02010
3	0.00986	0.01009	0.04907	0.16835	0.60760	0.00990	0.05858	0.01257	0.00936	0.01318	0.00785	0.01054	0.00640	0.00382	0.00421	0.00129	0.00527	0.00379	0.00203	0.00623
4	0.00508	0.00417	0.00448	0.00460	0.00580	0.00357	0.00337	0.00618	0.00956	0.01176	0.11052	0.16316	0.63151	0.01085	0.00503	0.00145	0.00216	0.00923	0.00397	0.00357
5	0.04740	0.00792	0.01119	0.02833	0.13009	0.00812	0.06046	0.08351	0.07169	0.23668	0.06112	0.05959	0.03517	0.02578	0.00545	0.00146	0.06160	0.04531	0.01332	0.00582
6	0.05137	0.01128	0.03343	0.08494	0.28813	0.08555	0.21221	0.08814	0.07622	0.01483	0.00874	0.01065	0.00681	0.00408	0.00427	0.00131	0.00558	0.00396	0.00248	0.00602
7	0.00537	0.00390	0.00506	0.00580	0.00623	0.00367	0.00398	0.00648	0.02513	0.01147	0.09755	0.67482	0.07039	0.02962	0.00563	0.00171	0.00247	0.03325	0.00395	0.00353
8	0.00762	0.00471	0.00601	0.00610	0.00710	0.00447	0.00438	0.00955	0.07326	0.12650	0.15194	0.47848	0.05847	0.03392	0.00548	0.00162	0.00263	0.00931	0.00419	0.00426
9	0.04123	0.00978	0.01622	0.05245	0.71084	0.01015	0.01230	0.01261	0.00922	0.01355	0.00765	0.01022	0.00647	0.00403	0.00480	0.00130	0.06507	0.00369	0.00207	0.00637
10	0.00724	0.00591	0.00645	0.00611	0.00740	0.04357	0.00459	0.05807	0.09719	0.01521	0.38290	0.12982	0.16017	0.02449	0.01895	0.00153	0.00285	0.01909	0.00415	0.00432
11	0.00864	0.08280	0.77123	0.01163	0.01765	0.01027	0.01492	0.01326	0.00885	0.01306	0.00742	0.00872	0.00533	0.00396	0.00390	0.00130	0.00609	0.00304	0.00178	0.00615
12	0.03184	0.02556	0.01640	0.04062	0.63594	0.00983	0.06115	0.01303	0.03783	0.01384	0.00814	0.01039	0.00673	0.00377	0.00407	0.00122	0.00489	0.00370	0.00219	0.06887

[dist]
# distance from previous block
# <min> <max>
0	1

[block]
# block no. 4 follows, 63 sequences, length 24
# corresponding to MSA columns:
# 241-264
name=unknown_E
#
# <colnr> <probs for GDERKNQSTAVLIFYWHMCP>
#	G	D	E	R	K	N	Q	S	T	A	V	L	I	F	Y	W	H	M	C	P
0	0.05802	0.10959	0.01268	0.01025	0.02524	0.63111	0.00782	0.04284	0.01136	0.01129	0.00694	0.02852	0.00601	0.00451	0.00381	0.00111	0.01873	0.00293	0.00225	0.00498
1	0.01094	0.08339	0.25063	0.05199	0.10425	0.07408	0.08285	0.06837	0.01022	0.08959	0.01663	0.03627	0.00740	0.00448	0.00418	0.00124	0.02068	0.00374	0.02464	0.05442
2	0.05046	0.19799	0.49793	0.01013	0.01508	0.04202	0.01193	0.03947	0.00943	0.05396	0.03017	0.00921	0.00657	0.00414	0.00369	0.00122	0.00546	0.00307	0.00216	0.00593
3	0.00509	0.00425	0.00445	0.00443	0.00576	0.00360	0.00331	0.00626	0.00983	0.01202	0.13931	0.06170	0.70462	0.01046	0.00498	0.00142	0.00212	0.00880	0.00399	0.00360
4	0.00626	0.00534	0.03283	0.05361	0.00816	0.01435	0.00492	0.02268	0.00859	0.01158	0.08848	0.08175	0.23812	0.08165	0.26671	0.00328	0.00559	0.00645	0.05585	0.00382
5	0.00633	0.00473	0.00549	0.00550	0.00660	0.00460	0.00406	0.00910	0.11543	0.01411	0.26241	0.21461	0.21281	0.00939	0.00477	0.00142	0.00232	0.01931	0.09293	0.00409
6	0.13498	0.01254	0.01002	0.00866	0.01119	0.29259	0.00677	0.13989	0.14943	0.11716	0.01251	0.01234	0.06382	0.00516	0.00391	0.00125	0.00492	0.00378	0.00340	0.00568
7	0.15579	0.00637	0.00747	0.00635	0.00870	0.00611	0.00515	0.02356	0.02600	0.38914	0.03225	0.04014	0.07868	0.01671	0.00422	0.00136	0.00316	0.06047	0.12284	0.00553
8	0.00554	0.00449	0.00495	0.00483	0.00614	0.00402	0.00362	0.00741	0.05060	0.01331	0.27670	0.06227	0.52141	0.00986	0.00494	0.00140	0.00215	0.00838	0.00414	0.00383
9	0.00810	0.00747	0.01236	0.77291	0.02733	0.00931	0.01126	0.02837	0.00853	0.01099	0.00756	0.01127	0.00576	0.00501	0.02035	0.01893	0.02416	0.00375	0.00193	0.00465
10	0.00702	0.00500	0.00558	0.00526	0.00677	0.00464	0.00400	0.00959	0.10271	0.07607	0.20251	0.06228	0.43146	0.00903	0.00474	0.00138	0.00235	0.00764	0.04770	0.00428
11	0.00532	0.00422	0.00474	0.00476	0.00591	0.00369	0.00352	0.00658	0.00995	0.01268	0.24665	0.11218	0.50007	0.03717	0.00554	0.00152	0.00222	0.02561	0.00405	0.00362
12	0.39398	0.10545	0.00978	0.00675	0.00971	0.00950	0.00571	0.10339	0.01028	0.27247	0.00988	0.00974	0.00692	0.00443	0.00331	0.00124	0.00362	0.00309	0.02501	0.00574
13	0.03160	0.04775	0.52480	0.01248	0.01779	0.00985	0.18914	0.01398	0.00935	0.09152	0.00852	0.00981	0.00603	0.00399	0.00415	0.00133	0.00602	0.00357	0.00220	0.00611
14	0.00517	0.00375	0.00488	0.00568	0.00607	0.00346	0.00385	0.00601	0.00844	0.01120	0.07927	0.72557	0.09585	0.01265	0.00530	0.00166	0.00238	0.01139	0.00395	0.00346
15	0.00806	0.00414	0.00416	0.00408	0.00513	0.00417	0.00308	0.03225	0.00912	0.01598	0.01361	0.01552	0.01067	0.00490	0.00297	0.00099	0.00203	0.00391	0.85121	0.00401
16	0.01027	0.02253	0.06029	0.07174	0.52888	0.03097	0.02006	0.01345	0.07098	0.04419	0.02060	0.03242	0.00831	0.01989	0.00447	0.00133	0.00481	0.00407	0.02456	0.00619
17	0.05820	0.13390	0.03073	0.11130	0.09664	0.24429	0.04068	0.02806	0.00949	0.01177	0.03323	0.00944	0.00672	0.00481	0.00563	0.00129	0.16326	0.00331	0.00214	0.00511
18	0.05051	0.11289	0.01300	0.00974	0.01231	0.38807	0.00781	0.26320	0.01339	0.01571	0.00757	0.00846	0.00600	0.00464	0.00433	0.00117	0.05652	0.00305	0.01602	0.00560
19	0.00772	0.04660	0.12858	0.00656	0.00892	0.00577	0.00600	0.01002	0.03247	0.08183	0.26346	0.10302	0.19165	0.00772	0.00451	0.00130	0.00307	0.00657	0.00371	0.08055
20	0.01035	0.22085	0.32258	0.01051	0.05572	0.02997	0.02983	0.07065	0.04407	0.04447	0.02624	0.01016	0.00721	0.03189	0.00465	0.00130	0.03539	0.00332	0.00234	0.03850
21	0.00880	0.00870	0.01333	0.60636	0.12353	0.06542	0.03918	0.01138	0.00873	0.01112	0.00758	0.01101	0.00592	0.00520	0.03441	0.00157	0.02718	0.00374	0.00194	0.00493
22	0.01038	0.00882	0.00965	0.00857	0.01094	0.01008	0.02340	0.02144	0.74914	0.03195	0.05486	0.01631	0.01392	0.00578	0.00432	0.00142	0.00335	0.00488	0.00427	0.00652
23	0.00990	0.06388	0.17016	0.08788	0.47016	0.01007	0.01220	0.03055	0.03403	0.02431	0.00873	0.04371	0.00733	0.00431	0.00410	0.00128	0.00506	0.00390	0.00222	0.00622

[dist]
# distance from previous block
# <min> <max>
0	1

[block]
# block no. 5 follows, 63 sequences, length 16
# corresponding to MSA columns:
# 266-281
name=unknown_F
#
# <colnr> <probs for GDERKNQSTAVLIFYWHMCP>
#	G	D	E	R	K	N	Q	S	T	A	V	L	I	F	Y	W	H	M	C	P
0	0.09276	0.05651	0.02307	0.02716	0.15954	0.04354	0.07016	0.10556	0.06719	0.11521	0.03859	0.10250	0.04471	0.00572	0.00415	0.00132	0.00420	0.00492	0.02753	0.00567
1	0.00560	0.00430	0.00513	0.00498	0.00614	0.00384	0.00377	0.00722	0.01092	0.01456	0.49112	0.03550	0.34365	0.00950	0.00499	0.00138	0.00211	0.03716	0.00432	0.00380
2	0.00532	0.00401	0.00495	0.00550	0.00624	0.00365	0.00397	0.00640	0.00906	0.01173	0.11209	0.44922	0.26360	0.01180	0.00525	0.00160	0.00244	0.08563	0.00398	0.00356
3	0.00991	0.01008	0.03386	0.13558	0.36636	0.04921	0.11301	0.02777	0.04926	0.01330	0.04286	0.01251	0.00846	0.00469	0.00522	0.00137	0.08258	0.02586	0.00234	0.00579
4	0.00907	0.25570	0.32072	0.00909	0.01309	0.02444	0.04514	0.01239	0.04601	0.02588	0.12367	0.01430	0.07351	0.00511	0.00389	0.00122	0.00471	0.00409	0.00253	0.00545
5	0.00608	0.00415	0.00509	0.00528	0.00611	0.00377	0.00373	0.00718	0.00932	0.05228	0.20206	0.34901	0.22049	0.07890	0.00637	0.00171	0.00244	0.00923	0.02311	0.00369
6	0.88196	0.00813	0.00618	0.00553	0.00813	0.00943	0.00455	0.01236	0.00715	0.01886	0.00585	0.00683	0.00455	0.00390	0.00260	0.00130	0.00325	0.00228	0.00260	0.00455
7	0.00523	0.00422	0.00465	0.00464	0.00586	0.00364	0.00344	0.00650	0.01005	0.01269	0.23800	0.10109	0.56461	0.01033	0.00500	0.00142	0.00212	0.00879	0.00409	0.00364
8	0.00910	0.00817	0.00889	0.00648	0.01013	0.05164	0.00516	0.01093	0.00889	0.01351	0.00742	0.00865	0.00618	0.00318	0.00315	0.00065	0.00336	0.00250	0.00247	0.82953
9	0.00725	0.00369	0.00553	0.00553	0.00556	0.00372	0.00372	0.00556	0.00553	0.00741	0.00747	0.01294	0.00744	0.01532	0.05098	0.84096	0.00397	0.00369	0.00184	0.00191
10	0.00634	0.00412	0.00488	0.00494	0.00526	0.00413	0.00313	0.00687	0.00698	0.02347	0.03228	0.11615	0.03795	0.53497	0.10191	0.00361	0.00433	0.00645	0.08919	0.00304
11	0.00531	0.00386	0.00504	0.00582	0.00629	0.00359	0.00408	0.00627	0.00862	0.01143	0.08958	0.64878	0.09757	0.01246	0.00533	0.00167	0.00249	0.07437	0.00396	0.00351
12	0.00949	0.28632	0.40451	0.06378	0.03667	0.01214	0.07028	0.01278	0.00873	0.01193	0.00698	0.00857	0.00548	0.00399	0.00410	0.00122	0.04240	0.00305	0.00182	0.00575
13	0.00607	0.00441	0.00544	0.00576	0.00685	0.00403	0.00453	0.00747	0.00973	0.03791	0.14056	0.18400	0.32419	0.01091	0.00525	0.00160	0.00270	0.23078	0.00403	0.00379
14	0.00542	0.00402	0.00466	0.00511	0.00595	0.00362	0.00367	0.00644	0.00880	0.01144	0.03019	0.36532	0.35987	0.03680	0.00552	0.00161	0.00241	0.06121	0.07441	0.00352
15	0.01325	0.33013	0.01518	0.00902	0.01163	0.46269	0.00744	0.01450	0.01065	0.01067	0.07241	0.00920	0.00818	0.00440	0.00348	0.00103	0.00598	0.00293	0.00223	0.00499

[dist]
# distance from previous block
# <min> <max>
0	7

[block]
# block no. 6 follows, 63 sequences, length 25
# corresponding to MSA columns:
# 289-313
name=unknown_G
#
# <colnr> <probs for GDERKNQSTAVLIFYWHMCP>
#	G	D	E	R	K	N	Q	S	T	A	V	L	I	F	Y	W	H	M	C	P
0	0.04793	0.01057	0.01157	0.00920	0.01196	0.04730	0.04917	0.48543	0.09286	0.02175	0.01060	0.01113	0.00786	0.00505	0.00448	0.00127	0.04592	0.00384	0.11583	0.00628
1	0.01080	0.08508	0.13789	0.12959	0.28483	0.13131	0.03344	0.05111	0.06071	0.01323	0.00854	0.01027	0.01659	0.00418	0.00400	0.00125	0.00550	0.00353	0.00225	0.00591
2	0.01110	0.13678	0.03261	0.00978	0.05834	0.24847	0.00756	0.06829	0.01009	0.01212	0.02821	0.08112	0.06433	0.00641	0.01682	0.00137	0.15234	0.00433	0.04502	0.00491
3	0.00958	0.03597	0.53942	0.01194	0.03878	0.03893	0.08553	0.03798	0.05425	0.04315	0.03338	0.01034	0.00719	0.00423	0.00408	0.00130	0.00575	0.00353	0.00227	0.03240
4	0.00972	0.12206	0.45628	0.04569	0.09617	0.08817	0.06807	0.01327	0.00923	0.01253	0.01851	0.00922	0.00603	0.00407	0.00414	0.00127	0.02456	0.00325	0.00191	0.00586
5	0.00847	0.00962	0.09335	0.43205	0.03531	0.00937	0.21148	0.01148	0.00886	0.01205	0.02127	0.01211	0.02471	0.00440	0.00475	0.00139	0.04239	0.00416	0.04775	0.00502
6	0.00584	0.00429	0.00546	0.00517	0.00621	0.00392	0.00388	0.00772	0.01164	0.01623	0.73470	0.03243	0.12917	0.00883	0.00496	0.00133	0.00200	0.00775	0.00454	0.00392
