[name]
unknown

[dist]
# distance from previous block
# <min> <max>
0	262

[block]
# block no. 0 follows, 66 sequences, length 63
# corresponding to MSA columns:
# 351-389,393-405,408-418
name=unknown_A
#
# <colnr> <probs for GDERKNQSTAVLIFYWHMCP>
#	G	D	E	R	K	N	Q	S	T	A	V	L	I	F	Y	W	H	M	C	P
0	0.05888	0.00958	0.01140	0.01075	0.11260	0.10788	0.08637	0.14884	0.08502	0.08604	0.10953	0.03022	0.03224	0.00538	0.00427	0.00125	0.01644	0.03500	0.00330	0.04499
1	0.05018	0.00977	0.01155	0.00978	0.03700	0.10126	0.11811	0.13264	0.20215	0.09049	0.02548	0.03681	0.08569	0.00555	0.00471	0.00131	0.05493	0.00459	0.00335	0.01465
2	0.05884	0.01048	0.01464	0.01295	0.12082	0.10301	0.24096	0.12137	0.10159	0.08072	0.03725	0.02961	0.01927	0.00467	0.00436	0.00129	0.01854	0.01097	0.00296	0.00571
3	0.05259	0.01013	0.01165	0.01005	0.04973	0.12573	0.10405	0.20207	0.07024	0.08498	0.01170	0.04828	0.02511	0.00550	0.00447	0.00129	0.03519	0.07454	0.01805	0.05465
4	0.13045	0.00901	0.00945	0.00786	0.02174	0.05943	0.02836	0.26165	0.08394	0.05294	0.05142	0.05175	0.05689	0.00533	0.00383	0.00118	0.00377	0.01443	0.01248	0.13408
5	0.14743	0.02845	0.04274	0.00905	0.02564	0.08791	0.06034	0.28248	0.08990	0.08431	0.02507	0.01134	0.00805	0.00470	0.00381	0.00122	0.00440	0.02977	0.00333	0.05006
6	0.19287	0.02969	0.00972	0.00772	0.01012	0.03646	0.04590	0.20122	0.11128	0.06493	0.05056	0.02538	0.00954	0.07741	0.00554	0.00146	0.04250	0.00389	0.01047	0.06335
7	0.06875	0.15957	0.12267	0.00905	0.01232	0.10351	0.05687	0.12673	0.09852	0.13821	0.00975	0.01866	0.00738	0.00453	0.00393	0.00120	0.02558	0.01242	0.00297	0.01739
8	0.02198	0.18024	0.26057	0.00988	0.01392	0.02220	0.12937	0.07460	0.01846	0.03633	0.05956	0.01050	0.00803	0.00413	0.00384	0.00113	0.01538	0.01142	0.00237	0.11607
9	0.04259	0.01010	0.02174	0.00827	0.01045	0.17964	0.04687	0.12491	0.06532	0.05800	0.01120	0.06008	0.03105	0.09225	0.02318	0.00158	0.05184	0.02583	0.01281	0.12230
10	0.03278	0.08311	0.01126	0.00809	0.01098	0.01890	0.07846	0.08552	0.20224	0.14600	0.03414	0.06515	0.01032	0.00495	0.00384	0.00114	0.00370	0.00420	0.00342	0.19180
11	0.00972	0.02334	0.02078	0.01478	0.01867	0.00946	0.64149	0.02604	0.00970	0.04025	0.03316	0.01123	0.00723	0.00359	0.00450	0.00126	0.00604	0.00449	0.00229	0.11197
12	0.00532	0.00402	0.00473	0.00500	0.00576	0.00371	0.00358	0.00626	0.00840	0.01077	0.09806	0.21303	0.32594	0.17052	0.03996	0.00215	0.00296	0.08304	0.00352	0.00329
13	0.00497	0.00362	0.00469	0.00548	0.00586	0.00334	0.00371	0.00578	0.00811	0.01074	0.06904	0.73331	0.10193	0.01224	0.00512	0.00160	0.00230	0.01102	0.00381	0.00334
14	0.08838	0.00960	0.00953	0.00829	0.01077	0.04912	0.00654	0.16251	0.57136	0.01828	0.01387	0.01306	0.01037	0.00518	0.00395	0.00132	0.00362	0.00412	0.00388	0.00625
15	0.00943	0.00901	0.01536	0.23714	0.62467	0.00948	0.01215	0.01191	0.00895	0.01251	0.00752	0.01024	0.00616	0.00373	0.00403	0.00124	0.00497	0.00361	0.00196	0.00593
16	0.00991	0.04716	0.04747	0.00917	0.02920	0.00866	0.11530	0.07090	0.24923	0.04102	0.01111	0.01261	0.00880	0.00443	0.00384	0.00111	0.00396	0.03932	0.00305	0.28377
17	0.00811	0.00767	0.01298	0.69184	0.18024	0.00913	0.01149	0.01076	0.00833	0.01091	0.00729	0.01067	0.00560	0.00397	0.00405	0.00132	0.00530	0.00361	0.00184	0.00487
18	0.00503	0.00359	0.00480	0.00574	0.00602	0.00337	0.00391	0.00579	0.00785	0.01045	0.02232	0.81246	0.02665	0.01263	0.00520	0.00166	0.00243	0.05302	0.00376	0.00332
19	0.01250	0.08649	0.02786	0.04232	0.01892	0.03370	0.48502	0.03722	0.05160	0.06683	0.02564	0.05682	0.01059	0.00594	0.00545	0.00175	0.00648	0.01491	0.00332	0.00662
20	0.00961	0.43297	0.41879	0.00927	0.01394	0.03007	0.01089	0.01257	0.00847	0.01117	0.00645	0.00753	0.00517	0.00367	0.00324	0.00107	0.00521	0.00258	0.00173	0.00558
21	0.00494	0.00353	0.00471	0.00565	0.00588	0.00330	0.00377	0.00565	0.00777	0.01036	0.02236	0.85477	0.02683	0.01271	0.00518	0.00165	0.00235	0.01153	0.00377	0.00330
22	0.00578	0.00419	0.00547	0.00527	0.00625	0.00389	0.00404	0.00765	0.01121	0.01570	0.72860	0.03200	0.06730	0.00863	0.00486	0.00133	0.00208	0.07758	0.00438	0.00380
23	0.00801	0.00757	0.01280	0.72756	0.14533	0.00911	0.01144	0.01067	0.00828	0.01079	0.00727	0.01070	0.00556	0.00399	0.00405	0.00133	0.00532	0.00361	0.00183	0.00479
24	0.00865	0.12459	0.63361	0.01167	0.01712	0.01036	0.11363	0.01278	0.00865	0.01245	0.00719	0.00860	0.00527	0.00375	0.00381	0.00124	0.00589	0.00312	0.00176	0.00583
25	0.00607	0.00465	0.00563	0.00529	0.00647	0.00446	0.00400	0.00891	0.10177	0.01549	0.61189	0.03003	0.16334	0.00830	0.00471	0.00130	0.00208	0.00723	0.00432	0.00405
26	0.01085	0.85986	0.02126	0.00694	0.01041	0.01605	0.00694	0.01215	0.00824	0.00955	0.00564	0.00651	0.00521	0.00347	0.00260	0.00087	0.00434	0.00217	0.00174	0.00521
27	0.00951	0.00781	0.00947	0.00710	0.01031	0.00691	0.03685	0.09938	0.07056	0.03685	0.03867	0.01023	0.00792	0.00383	0.00374	0.00085	0.03391	0.00308	0.01645	0.58656
28	0.01180	0.01135	0.01002	0.00886	0.01121	0.19354	0.00688	0.10876	0.55617	0.01637	0.01350	0.01281	0.01020	0.00514	0.00402	0.00129	0.00425	0.00405	0.00367	0.00610
29	0.00748	0.01163	0.36103	0.00817	0.01139	0.00652	0.00880	0.01069	0.04942	0.06346	0.11441	0.18504	0.11898	0.00723	0.00440	0.00138	0.00395	0.01804	0.00307	0.00491
30	0.01002	0.01145	0.02111	0.01549	0.01912	0.10259	0.65533	0.01336	0.03911	0.01261	0.00843	0.01095	0.00649	0.00499	0.04839	0.00160	0.00697	0.00452	0.00214	0.00532
31	0.00501	0.00364	0.00475	0.00561	0.00598	0.00338	0.00385	0.00581	0.00798	0.01050	0.02396	0.74066	0.09739	0.01242	0.00517	0.00163	0.00240	0.05276	0.00376	0.00333
32	0.01019	0.65623	0.21913	0.00806	0.01215	0.01444	0.00890	0.01232	0.00832	0.01035	0.00604	0.00701	0.00519	0.00356	0.00291	0.00097	0.00474	0.00237	0.00173	0.00540
33	0.00894	0.26968	0.59474	0.01019	0.01544	0.01139	0.01260	0.01264	0.00847	0.01187	0.00679	0.00796	0.00516	0.00374	0.00348	0.00116	0.00550	0.00275	0.00172	0.00576
34	0.00890	0.25568	0.60834	0.01027	0.01556	0.01128	0.01274	0.01265	0.00848	0.01192	0.00682	0.00799	0.00516	0.00375	0.00350	0.00117	0.00553	0.00277	0.00172	0.00578
35	0.00574	0.00415	0.00542	0.00510	0.00606	0.00383	0.00383	0.00766	0.01148	0.01627	0.82997	0.03031	0.03828	0.00829	0.00479	0.00128	0.00191	0.00734	0.00447	0.00383
36	0.00793	0.01952	0.76335	0.01112	0.01665	0.00904	0.01412	0.01236	0.00839	0.01255	0.00760	0.00921	0.00558	0.00619	0.07757	0.00175	0.00642	0.00312	0.00175	0.00579
37	0.00883	0.23616	0.62731	0.01038	0.01573	0.01112	0.01293	0.01267	0.00848	0.01200	0.00686	0.00804	0.00516	0.00376	0.00353	0.00118	0.00557	0.00279	0.00172	0.00579
38	0.00641	0.00459	0.00563	0.00595	0.00696	0.00444	0.00455	0.00864	0.08753	0.04368	0.08638	0.30369	0.19235	0.01030	0.00495	0.00155	0.00268	0.18546	0.03037	0.00391
39	0.00512	0.00369	0.00475	0.00553	0.00589	0.00345	0.00377	0.00586	0.00783	0.01030	0.02304	0.66065	0.09338	0.08676	0.00654	0.00184	0.00256	0.06213	0.00365	0.00326
40	0.00589	0.00424	0.00540	0.00601	0.00652	0.00414	0.00416	0.07725	0.00879	0.01173	0.02123	0.76541	0.02501	0.01199	0.00509	0.00161	0.00257	0.02553	0.00379	0.00362
41	0.01091	0.01240	0.09230	0.01467	0.01857	0.08046	0.54087	0.10651	0.01077	0.04559	0.00839	0.01037	0.00621	0.00381	0.00464	0.00132	0.01991	0.00427	0.00237	0.00566
42	0.00520	0.00395	0.00505	0.00553	0.00625	0.00380	0.00406	0.00624	0.00807	0.01049	0.02532	0.38944	0.25189	0.01544	0.17227	0.00256	0.00408	0.07349	0.00345	0.00343
43	0.01496	0.00636	0.00845	0.00671	0.00933	0.00563	0.00545	0.04287	0.01171	0.60394	0.17977	0.01822	0.05617	0.00593	0.00426	0.00126	0.00311	0.00494	0.00482	0.00612
44	0.01123	0.78588	0.02040	0.00725	0.01060	0.08868	0.00702	0.01251	0.00853	0.00958	0.00570	0.00658	0.00521	0.00353	0.00270	0.00088	0.00460	0.00221	0.00177	0.00516
45	0.03432	0.68758	0.13395	0.00763	0.01142	0.01481	0.00802	0.04311	0.00867	0.01085	0.00603	0.00692	0.00524	0.00359	0.00283	0.00095	0.00454	0.00234	0.00184	0.00536
46	0.00590	0.00393	0.00442	0.00442	0.00442	0.00393	0.00246	0.00590	0.00590	0.00787	0.01278	0.02655	0.01475	0.85742	0.02065	0.00393	0.00393	0.00590	0.00246	0.00246
47	0.00559	0.00414	0.00521	0.00495	0.00597	0.00376	0.00371	0.00737	0.01113	0.01543	0.70484	0.03169	0.16394	0.00861	0.00479	0.00129	0.00194	0.00753	0.00436	0.00376
48	0.00948	0.36681	0.47323	0.00962	0.01445	0.03945	0.01144	0.01267	0.00853	0.01139	0.00657	0.00768	0.00517	0.00371	0.00333	0.00111	0.00536	0.00264	0.00173	0.00563
49	0.03496	0.10545	0.03901	0.18588	0.01497	0.14195	0.00813	0.13125	0.25774	0.02560	0.01015	0.01079	0.00771	0.00456	0.00381	0.00123	0.00472	0.00354	0.00293	0.00562
50	0.01028	0.00678	0.00766	0.00676	0.00874	0.00716	0.00528	0.05154	0.35241	0.15447	0.14126	0.04561	0.05255	0.00616	0.00410	0.00128	0.00285	0.00518	0.12440	0.00553
51	0.00536	0.00396	0.00502	0.00512	0.00592	0.00361	0.00370	0.00678	0.01004	0.01371	0.47168	0.27949	0.15077	0.00991	0.00490	0.00140	0.00207	0.00878	0.00415	0.00361
52	0.06135	0.01526	0.04353	0.01214	0.13022	0.46336	0.00862	0.07006	0.04746	0.01235	0.00707	0.00840	0.00580	0.00447	0.00470	0.00119	0.09355	0.00301	0.00228	0.00519
53	0.25781	0.00783	0.00917	0.04536	0.04621	0.00796	0.00624	0.10117	0.03744	0.42355	0.01173	0.01112	0.00786	0.00457	0.00364	0.00126	0.00361	0.00349	0.00392	0.00606
54	0.03175	0.00743	0.00952	0.00745	0.01049	0.00693	0.00611	0.07490	0.10247	0.67440	0.01546	0.01355	0.00999	0.00504	0.00406	0.00127	0.00349	0.00408	0.00481	0.00681
55	0.00971	0.00534	0.00569	0.00505	0.00657	0.00549	0.00395	0.12997	0.03985	0.08593	0.01307	0.01422	0.00993	0.00480	0.00317	0.00103	0.00245	0.00382	0.64537	0.00460
56	0.01991	0.00562	0.00837	0.00801	0.04026	0.00534	0.08474	0.05545	0.00950	0.15135	0.05615	0.47740	0.02020	0.00934	0.00481	0.00150	0.00322	0.03056	0.00377	0.00450
57	0.00511	0.00377	0.00453	0.00505	0.00554	0.00347	0.00338	0.00578	0.00781	0.01007	0.02530	0.48213	0.22800	0.17063	0.00799	0.00201	0.00259	0.02015	0.00352	0.00318
58	0.01820	0.00690	0.00942	0.00722	0.01036	0.00596	0.00596	0.01977	0.01161	0.83492	0.01601	0.01381	0.01004	0.00502	0.00408	0.00126	0.00345	0.00408	0.00502	0.00690
59	0.00999	0.00959	0.01638	0.04248	0.81493	0.00963	0.01243	0.01241	0.00921	0.01319	0.00762	0.01006	0.00640	0.00362	0.00402	0.00121	0.00483	0.00361	0.00200	0.00639
60	0.00963	0.01014	0.01231	0.01063	0.01088	0.11235	0.00875	0.01054	0.00685	0.00978	0.00544	0.00869	0.00531	0.00675	0.01215	0.00169	0.74838	0.00344	0.00181	0.00447
61	0.00766	0.00721	0.01217	0.84767	0.02794	0.00901	0.01127	0.01037	0.00811	0.01037	0.00721	0.01082	0.00541	0.00406	0.00406	0.00135	0.00541	0.00361	0.00180	0.00451
62	0.08648	0.00917	0.01278	0.05395	0.25941	0.04083	0.00946	0.01091	0.00756	0.01163	0.00726	0.00997	0.03051	0.00560	0.00851	0.00150	0.42389	0.00357	0.00198	0.00502

[dist]
# distance from previous block
# <min> <max>
0	7

[block]
# block no. 1 follows, 66 sequences, length 34
# corresponding to MSA columns:
# 427-452,457-464
name=unknown_B
#
# <colnr> <probs for GDERKNQSTAVLIFYWHMCP>
#	G	D	E	R	K	N	Q	S	T	A	V	L	I	F	Y	W	H	M	C	P
0	0.02817	0.02589	0.02683	0.00756	0.01031	0.00823	0.00629	0.29894	0.02609	0.31367	0.17233	0.01527	0.01420	0.00553	0.00413	0.00123	0.00354	0.00448	0.02117	0.00614
1	0.01413	0.01508	0.01169	0.01088	0.07979	0.46644	0.00785	0.20146	0.04056	0.03150	0.00782	0.00859	0.00612	0.00426	0.00375	0.00108	0.00588	0.00302	0.00270	0.07740
2	0.01076	0.00992	0.01047	0.02394	0.13492	0.10750	0.00745	0.04958	0.50525	0.03240	0.01475	0.01431	0.05023	0.00524	0.00408	0.00130	0.00397	0.00434	0.00353	0.00607
3	0.00544	0.00407	0.00504	0.00493	0.00591	0.00368	0.00365	0.00702	0.01057	0.01441	0.56053	0.11962	0.22179	0.00922	0.00483	0.00134	0.00199	0.00807	0.00423	0.00368
4	0.00854	0.14702	0.71393	0.01087	0.01649	0.01042	0.01378	0.01274	0.00852	0.01235	0.00703	0.00826	0.00515	0.00380	0.00367	0.00122	0.00575	0.00287	0.00172	0.00588
5	0.00592	0.00441	0.00563	0.00521	0.00640	0.00393	0.00390	0.00768	0.01075	0.01523	0.64227	0.10218	0.06219	0.00820	0.00463	0.00124	0.00207	0.00723	0.00416	0.09675
6	0.00935	0.00893	0.01522	0.26458	0.59785	0.00946	0.01211	0.01184	0.00891	0.01241	0.00751	0.01027	0.00613	0.00374	0.00403	0.00125	0.00499	0.00361	0.00195	0.00587
7	0.01085	0.85986	0.02126	0.00694	0.01041	0.01605	0.00694	0.01215	0.00824	0.00955	0.00564	0.00651	0.00521	0.00347	0.00260	0.00087	0.00434	0.00217	0.00174	0.00521
8	0.00561	0.00409	0.00528	0.00510	0.00601	0.00375	0.00378	0.00736	0.01100	0.01541	0.70903	0.10997	0.08073	0.00883	0.00482	0.00132	0.00196	0.00781	0.00436	0.00375
9	0.00942	0.01064	0.02297	0.08560	0.02176	0.01016	0.75089	0.01278	0.00946	0.01278	0.00813	0.01093	0.00609	0.00347	0.00473	0.00137	0.00672	0.00469	0.00203	0.00539
10	0.00561	0.00459	0.00728	0.00707	0.00787	0.00428	0.11423	0.00667	0.00799	0.01062	0.02086	0.65755	0.06265	0.05489	0.00590	0.00171	0.00303	0.01018	0.00347	0.00355
11	0.00742	0.00670	0.00913	0.00816	0.00839	0.00868	0.00646	0.00828	0.00666	0.00977	0.05226	0.02863	0.05462	0.17065	0.13531	0.00283	0.46527	0.00470	0.00224	0.00384
12	0.00539	0.00401	0.00503	0.00573	0.00619	0.00389	0.00390	0.00698	0.07517	0.01085	0.02268	0.70584	0.07431	0.04240	0.00563	0.00169	0.00246	0.01058	0.00375	0.00353
13	0.02380	0.01878	0.61522	0.01081	0.01591	0.10244	0.01282	0.04161	0.00955	0.10006	0.00815	0.00899	0.00572	0.00405	0.00384	0.00125	0.00578	0.00308	0.00220	0.00595
14	0.00815	0.00785	0.01373	0.66589	0.13810	0.00920	0.07791	0.01087	0.00839	0.01098	0.00735	0.01072	0.00561	0.00394	0.00411	0.00133	0.00545	0.00370	0.00185	0.00485
15	0.01288	0.10525	0.01484	0.01218	0.07925	0.49231	0.14728	0.02515	0.01050	0.01087	0.00692	0.00853	0.00574	0.00522	0.04469	0.00136	0.00685	0.00312	0.00207	0.00500
16	0.00662	0.00372	0.00546	0.00550	0.00566	0.00385	0.00379	0.00574	0.00570	0.00774	0.00892	0.05508	0.00912	0.06888	0.18394	0.60682	0.00499	0.00423	0.00199	0.00226
17	0.01474	0.01840	0.01192	0.01162	0.08014	0.75844	0.00822	0.02956	0.01144	0.01047	0.00644	0.00758	0.00535	0.00415	0.00369	0.00106	0.00706	0.00271	0.00212	0.00488
18	0.00612	0.00451	0.00597	0.00671	0.00771	0.00436	0.00572	0.00777	0.00926	0.01183	0.02552	0.07793	0.18796	0.01108	0.00542	0.00176	0.00334	0.60967	0.00374	0.00365
19	0.00794	0.00449	0.00610	0.00580	0.00621	0.00467	0.00405	0.07722	0.05098	0.00920	0.00780	0.01226	0.00732	0.01282	0.01419	0.75721	0.00359	0.00359	0.00209	0.00246
20	0.00562	0.00448	0.00475	0.00461	0.00602	0.00397	0.00348	0.00744	0.06236	0.03404	0.13516	0.05141	0.64302	0.00963	0.00474	0.00136	0.00216	0.00809	0.00391	0.00376
21	0.00841	0.00721	0.00841	0.00601	0.00961	0.00541	0.00481	0.01022	0.00841	0.01322	0.00721	0.00841	0.00601	0.00300	0.00300	0.00060	0.00300	0.00240	0.00240	0.88222
22	0.88607	0.00785	0.00596	0.00534	0.00785	0.00910	0.00439	0.01193	0.00690	0.01820	0.00565	0.00659	0.00439	0.00377	0.00251	0.00126	0.00314	0.00220	0.00251	0.00439
23	0.00662	0.00457	0.00530	0.00513	0.00549	0.00473	0.00325	0.07305	0.00717	0.00964	0.01291	0.07464	0.01435	0.64795	0.10521	0.00384	0.00461	0.00589	0.00264	0.00300
24	0.88607	0.00785	0.00596	0.00534	0.00785	0.00910	0.00439	0.01193	0.00690	0.01820	0.00565	0.00659	0.00439	0.00377	0.00251	0.00126	0.00314	0.00220	0.00251	0.00439
25	0.01030	0.00952	0.00912	0.00824	0.01040	0.10223	0.00637	0.01981	0.66703	0.01613	0.08246	0.01552	0.01372	0.00559	0.00413	0.00133	0.00356	0.00459	0.00393	0.00602
26	0.01070	0.81314	0.06665	0.00720	0.01081	0.01568	0.00739	0.01219	0.00826	0.00973	0.00573	0.00662	0.00520	0.00349	0.00267	0.00089	0.00443	0.00222	0.00173	0.00525
27	0.00823	0.05101	0.80722	0.01140	0.01730	0.00966	0.01470	0.01282	0.00855	0.01273	0.00722	0.00849	0.00514	0.00384	0.00381	0.00127	0.00594	0.00297	0.00171	0.00597
28	0.00508	0.00367	0.00479	0.00546	0.00587	0.00340	0.00372	0.00600	0.00843	0.01133	0.15717	0.66073	0.07169	0.02559	0.00534	0.00161	0.00229	0.01059	0.00386	0.00338
29	0.00818	0.00774	0.01311	0.66759	0.20395	0.00915	0.01153	0.01082	0.00836	0.01100	0.00730	0.01065	0.00563	0.00396	0.00405	0.00132	0.00528	0.00361	0.00185	0.00493
30	0.00841	0.00721	0.00841	0.00601	0.00961	0.00541	0.00481	0.01022	0.00841	0.01322	0.00721	0.00841	0.00601	0.00300	0.00300	0.00060	0.00300	0.00240	0.00240	0.88222
31	0.00580	0.00433	0.00644	0.00644	0.00714	0.00503	0.00498	0.00720	0.00650	0.00936	0.01094	0.01632	0.01031	0.06052	0.81148	0.00643	0.01061	0.00440	0.00218	0.00358
32	0.00972	0.00931	0.01588	0.13743	0.72212	0.00955	0.01229	0.01217	0.00908	0.01286	0.00757	0.01015	0.00629	0.00368	0.00402	0.00123	0.00490	0.00361	0.00198	0.00616
33	0.00778	0.00733	0.01238	0.80748	0.06722	0.00904	0.01133	0.01047	0.00817	0.01051	0.00723	0.01078	0.00546	0.00403	0.00405	0.00134	0.00538	0.00361	0.00181	0.00460

[dist]
# distance from previous block
# <min> <max>
0	1

[block]
# block no. 2 follows, 66 sequences, length 20
# corresponding to MSA columns:
# 466-485
name=unknown_C
#
# <colnr> <probs for GDERKNQSTAVLIFYWHMCP>
#	G	D	E	R	K	N	Q	S	T	A	V	L	I	F	Y	W	H	M	C	P
0	0.01519	0.00845	0.01010	0.00771	0.01093	0.00814	0.00633	0.27077	0.04940	0.39403	0.01246	0.01160	0.00842	0.00463	0.00388	0.00113	0.00368	0.00366	0.00420	0.16528
1	0.01087	0.00711	0.00874	0.00757	0.00986	0.00709	0.02405	0.09082	0.21331	0.19146	0.02713	0.11969	0.01426	0.00679	0.00435	0.00135	0.00340	0.13219	0.00395	0.11601
2	0.00856	0.00581	0.00664	0.00598	0.00758	0.03662	0.00463	0.01160	0.12572	0.14535	0.41735	0.02633	0.15017	0.00759	0.00456	0.00130	0.00260	0.02267	0.00430	0.00465
3	0.01049	0.00863	0.00919	0.00821	0.01054	0.00989	0.00640	0.02147	0.78453	0.05746	0.01649	0.01507	0.01227	0.00548	0.00413	0.00137	0.00322	0.00456	0.00417	0.00645
4	0.00844	0.11506	0.74498	0.01105	0.01676	0.01017	0.01409	0.01277	0.00853	0.01248	0.00710	0.00833	0.00515	0.00381	0.00371	0.00124	0.00581	0.00291	0.00172	0.00591
5	0.01791	0.00738	0.00971	0.00744	0.01059	0.00667	0.00615	0.10471	0.01241	0.74886	0.01534	0.01338	0.00971	0.00501	0.00408	0.00125	0.00356	0.00403	0.00492	0.00690
6	0.00888	0.00888	0.01243	0.01065	0.01065	0.01243	0.00888	0.00976	0.00621	0.00976	0.00533	0.00888	0.00533	0.00710	0.01331	0.00178	0.84999	0.00355	0.00178	0.00444
7	0.00975	0.00934	0.01594	0.12612	0.73318	0.00956	0.01231	0.01219	0.00910	0.01290	0.00758	0.01014	0.00630	0.00367	0.00402	0.00122	0.00489	0.00361	0.00198	0.00619
8	0.00958	0.01094	0.02394	0.01710	0.02120	0.01026	0.81737	0.01300	0.00958	0.01300	0.00821	0.01094	0.00616	0.00342	0.00479	0.00137	0.00684	0.00479	0.00205	0.00547
9	0.00766	0.00721	0.01217	0.84767	0.02794	0.00901	0.01127	0.01037	0.00811	0.01037	0.00721	0.01082	0.00541	0.00406	0.00406	0.00135	0.00541	0.00361	0.00180	0.00451
10	0.00599	0.00482	0.00590	0.00628	0.00714	0.02242	0.02224	0.00808	0.09122	0.01144	0.02408	0.48024	0.15671	0.01097	0.00503	0.00159	0.00280	0.12556	0.00373	0.00378
11	0.01566	0.00899	0.12250	0.00795	0.01133	0.00687	0.00730	0.03613	0.07828	0.60615	0.01492	0.01432	0.01000	0.00513	0.00411	0.00129	0.00381	0.03420	0.00443	0.00662
12	0.00564	0.00437	0.00632	0.00828	0.11894	0.00416	0.00495	0.00658	0.00797	0.01075	0.02035	0.73919	0.02404	0.01147	0.00502	0.00159	0.00269	0.01045	0.00353	0.00372
13	0.00552	0.00485	0.00582	0.00700	0.11860	0.00427	0.00438	0.00672	0.00920	0.01126	0.03596	0.05955	0.69360	0.00944	0.00470	0.00136	0.00244	0.00797	0.00353	0.00383
14	0.00901	0.00920	0.01267	0.62027	0.13613	0.12296	0.01096	0.01145	0.00873	0.01070	0.00714	0.01023	0.00552	0.00401	0.00400	0.00129	0.00559	0.00347	0.00187	0.00480
15	0.00929	0.00898	0.01431	0.08357	0.63459	0.03297	0.01095	0.01150	0.00922	0.01263	0.01214	0.01399	0.11907	0.00458	0.00412	0.00123	0.00456	0.00426	0.00224	0.00582
16	0.01238	0.00842	0.00993	0.00830	0.01048	0.00946	0.00670	0.16497	0.29474	0.20087	0.05973	0.01372	0.01115	0.00567	0.00557	0.00137	0.13798	0.00427	0.02822	0.00608
17	0.00608	0.00424	0.00518	0.00549	0.00647	0.00386	0.00410	0.02064	0.00909	0.05843	0.06791	0.35991	0.30281	0.01088	0.00500	0.00153	0.00252	0.11829	0.00387	0.00369
18	0.01035	0.00974	0.01622	0.02401	0.78532	0.00981	0.01218	0.05848	0.00980	0.01396	0.00775	0.01002	0.00645	0.00369	0.00402	0.00121	0.00480	0.00362	0.00213	0.00645
19	0.01005	0.00951	0.01547	0.02262	0.71970	0.00970	0.01163	0.01370	0.12083	0.01376	0.00885	0.01074	0.00724	0.00387	0.00403	0.00123	0.00460	0.00375	0.00230	0.00643

[dist]
# distance from previous block
# <min> <max>
0	364

# created by:
# /st0/software/busco_prod/Augustus/scripts/msa2prfl.pl ./align_prep/137728.fa
