[name]
unknown

[dist]
# distance from previous block
# <min> <max>
0	54

[block]
# block no. 0 follows, 56 sequences, length 19
# corresponding to MSA columns:
# 66-84
name=unknown_A
#
# <colnr> <probs for GDERKNQSTAVLIFYWHMCP>
#	G	D	E	R	K	N	Q	S	T	A	V	L	I	F	Y	W	H	M	C	P
0	0.04965	0.02782	0.01021	0.11956	0.07767	0.04150	0.01676	0.04890	0.03905	0.01455	0.01588	0.08993	0.08170	0.02302	0.02335	0.00163	0.03808	0.09027	0.08053	0.10993
1	0.03358	0.17875	0.22141	0.01118	0.05380	0.02647	0.08007	0.04914	0.03646	0.05570	0.07871	0.03378	0.03723	0.00552	0.00453	0.00136	0.02033	0.02263	0.00291	0.04643
2	0.02372	0.17460	0.16423	0.02250	0.03786	0.14468	0.04947	0.11148	0.04461	0.05448	0.01087	0.06082	0.02815	0.00557	0.00481	0.00137	0.04749	0.00426	0.00288	0.00616
3	0.05462	0.10663	0.05330	0.15980	0.09416	0.07866	0.08832	0.13725	0.02623	0.12055	0.00988	0.01120	0.00731	0.00466	0.00432	0.00136	0.00559	0.00389	0.00308	0.02920
4	0.06251	0.03380	0.22726	0.01036	0.03116	0.08049	0.05729	0.03341	0.08359	0.08140	0.09902	0.06245	0.05145	0.03371	0.00527	0.00157	0.00504	0.03097	0.00336	0.00587
5	0.01129	0.07901	0.18615	0.07670	0.05765	0.03415	0.14300	0.06544	0.06125	0.07830	0.04892	0.03880	0.03333	0.00535	0.00483	0.00142	0.02384	0.00469	0.00301	0.04287
6	0.01920	0.06366	0.07823	0.00835	0.01069	0.02614	0.02218	0.06828	0.07496	0.09738	0.03420	0.09295	0.03964	0.08837	0.18340	0.00299	0.02998	0.00552	0.00337	0.05051
7	0.00662	0.00557	0.04135	0.00605	0.00741	0.00458	0.00474	0.00841	0.02713	0.03723	0.25331	0.20994	0.28229	0.05388	0.00639	0.00175	0.00279	0.03195	0.00436	0.00424
8	0.00974	0.01120	0.09272	0.06938	0.16536	0.07584	0.15149	0.01337	0.08425	0.01442	0.07707	0.08362	0.11837	0.00659	0.00496	0.00149	0.00522	0.00605	0.00310	0.00576
9	0.02761	0.07250	0.11837	0.01423	0.15900	0.22422	0.05741	0.08847	0.07811	0.03831	0.00975	0.02669	0.00783	0.00550	0.02299	0.00146	0.00624	0.00390	0.00282	0.03460
10	0.00682	0.00458	0.00556	0.00566	0.00603	0.00455	0.00366	0.00737	0.00780	0.02964	0.05357	0.13350	0.05646	0.52097	0.09967	0.00398	0.00480	0.03880	0.00324	0.00334
11	0.00722	0.00480	0.00609	0.00650	0.00729	0.00454	0.00454	0.04842	0.01007	0.06230	0.07960	0.59938	0.08862	0.03985	0.00623	0.00184	0.00286	0.01127	0.00437	0.00421
12	0.01097	0.01275	0.15412	0.04147	0.24128	0.03545	0.11315	0.09393	0.09561	0.01623	0.01250	0.03636	0.03967	0.02503	0.00515	0.00153	0.00551	0.02345	0.02936	0.00648
13	0.01406	0.10058	0.04636	0.09076	0.09906	0.26680	0.07203	0.12319	0.08658	0.04330	0.00951	0.01072	0.00736	0.00477	0.00434	0.00132	0.00630	0.00377	0.00290	0.00630
14	0.00998	0.00922	0.03090	0.10737	0.05038	0.11124	0.00753	0.04063	0.11150	0.04389	0.11181	0.14852	0.04975	0.05108	0.00622	0.00170	0.02869	0.05107	0.02332	0.00520
15	0.00591	0.00430	0.00550	0.00596	0.00659	0.00397	0.00413	0.00713	0.01015	0.01371	0.26911	0.46894	0.10908	0.05530	0.00659	0.00184	0.00257	0.01092	0.00443	0.00388
16	0.01070	0.02762	0.01040	0.00775	0.01116	0.04995	0.00623	0.11009	0.03558	0.01636	0.04801	0.01248	0.03865	0.00525	0.02064	0.00109	0.04146	0.00361	0.00311	0.53985
17	0.03145	0.02989	0.03913	0.06864	0.10928	0.05758	0.06009	0.12331	0.03919	0.08159	0.01399	0.06009	0.07511	0.02415	0.00486	0.00137	0.00474	0.00486	0.00332	0.16736
18	0.01430	0.02758	0.03814	0.04889	0.08240	0.08065	0.02528	0.31848	0.06491	0.08046	0.01098	0.02808	0.00846	0.00617	0.02349	0.00154	0.07519	0.00422	0.01370	0.04709

[dist]
# distance from previous block
# <min> <max>
11	18

[block]
# block no. 1 follows, 56 sequences, length 8
# corresponding to MSA columns:
# 105-112
name=unknown_B
#
# <colnr> <probs for GDERKNQSTAVLIFYWHMCP>
#	G	D	E	R	K	N	Q	S	T	A	V	L	I	F	Y	W	H	M	C	P
0	0.04729	0.00855	0.08700	0.00809	0.03185	0.05219	0.00669	0.02626	0.04818	0.01411	0.06971	0.16329	0.17791	0.00999	0.02301	0.03141	0.00402	0.10737	0.00363	0.07946
1	0.00592	0.00423	0.00533	0.00594	0.00631	0.00403	0.00392	0.00666	0.00856	0.01137	0.05856	0.50630	0.09328	0.20740	0.04791	0.00268	0.00348	0.01069	0.00387	0.00356
2	0.05550	0.11159	0.15751	0.01133	0.08197	0.05682	0.02926	0.06898	0.05605	0.18521	0.02485	0.02786	0.00959	0.00631	0.03006	0.00159	0.03605	0.02347	0.01950	0.00649
3	0.07745	0.01368	0.01701	0.05603	0.44014	0.11981	0.01238	0.06021	0.01280	0.01813	0.01170	0.01521	0.01004	0.00748	0.03190	0.00211	0.03725	0.00483	0.04393	0.00793
4	0.02419	0.05386	0.02861	0.05488	0.04863	0.03947	0.02548	0.04755	0.08227	0.05794	0.07378	0.11679	0.05540	0.06781	0.04599	0.00207	0.16073	0.00598	0.00331	0.00527
5	0.05228	0.01045	0.01636	0.16603	0.33876	0.01123	0.08505	0.11106	0.05098	0.05361	0.00960	0.01181	0.00745	0.00474	0.00514	0.00146	0.05030	0.00422	0.00281	0.00664
6	0.01464	0.03073	0.02676	0.07712	0.07565	0.04374	0.04073	0.14107	0.10766	0.07372	0.06148	0.03999	0.04130	0.04375	0.00743	0.00216	0.05287	0.06362	0.00462	0.05096
7	0.01110	0.01028	0.03783	0.07594	0.45885	0.02681	0.04472	0.04980	0.01118	0.05530	0.08791	0.03555	0.04100	0.00544	0.00501	0.00143	0.02745	0.00497	0.00291	0.00652

[dist]
# distance from previous block
# <min> <max>
4	13

[block]
# block no. 2 follows, 56 sequences, length 13
# corresponding to MSA columns:
# 127-139
name=unknown_C
#
# <colnr> <probs for GDERKNQSTAVLIFYWHMCP>
#	G	D	E	R	K	N	Q	S	T	A	V	L	I	F	Y	W	H	M	C	P
0	0.04647	0.06775	0.01357	0.15055	0.12322	0.02575	0.07809	0.03387	0.04892	0.05147	0.03557	0.01419	0.04778	0.01591	0.00476	0.00133	0.02677	0.00431	0.06596	0.14375
1	0.02165	0.01010	0.06334	0.10916	0.21691	0.03444	0.06886	0.07527	0.01117	0.04095	0.07389	0.06652	0.01181	0.00558	0.00479	0.00138	0.02601	0.00493	0.08304	0.07019
2	0.02897	0.05468	0.01756	0.12318	0.48850	0.02935	0.06075	0.06324	0.02333	0.03526	0.00931	0.02869	0.00769	0.00453	0.00451	0.00139	0.00552	0.00425	0.00255	0.00674
3	0.13157	0.01043	0.01283	0.02807	0.28435	0.06165	0.00918	0.14599	0.03833	0.08086	0.06165	0.01352	0.02920	0.00514	0.00429	0.00135	0.00465	0.00425	0.03792	0.03478
4	0.03435	0.01089	0.01492	0.05902	0.31934	0.02622	0.03431	0.17114	0.16078	0.05038	0.01120	0.01236	0.00860	0.00494	0.00476	0.00140	0.02483	0.00425	0.00334	0.04297
5	0.07099	0.00753	0.02503	0.05358	0.09667	0.00766	0.03995	0.07402	0.07694	0.02781	0.01501	0.09534	0.04547	0.20487	0.04228	0.00240	0.00455	0.00586	0.09907	0.00499
6	0.00603	0.00446	0.00588	0.00662	0.00709	0.00426	0.00456	0.00692	0.00876	0.01185	0.02342	0.71773	0.02781	0.03833	0.00657	0.00189	0.02946	0.03491	0.00406	0.04941
7	0.01448	0.01169	0.01275	0.01142	0.07635	0.03397	0.00851	0.40366	0.30664	0.02333	0.01345	0.01317	0.00996	0.00557	0.00457	0.00141	0.00459	0.00444	0.00432	0.03572
8	0.02746	0.01015	0.01154	0.30216	0.01854	0.14533	0.02536	0.06845	0.04815	0.09584	0.05175	0.05450	0.04418	0.02298	0.03004	0.00169	0.00559	0.00495	0.02588	0.00547
9	0.04505	0.02363	0.02740	0.36313	0.20310	0.03242	0.06270	0.04526	0.07418	0.03254	0.01083	0.01324	0.03706	0.00486	0.00456	0.00146	0.00559	0.00435	0.00263	0.00601
10	0.03319	0.01515	0.32332	0.04274	0.28378	0.01013	0.09159	0.01385	0.00996	0.03902	0.00979	0.05475	0.00810	0.00600	0.03733	0.00169	0.00624	0.00444	0.00237	0.00655
11	0.00962	0.00877	0.01414	0.40871	0.26198	0.00991	0.01179	0.04498	0.03421	0.01363	0.01056	0.01444	0.02944	0.00768	0.08030	0.00203	0.00622	0.02334	0.00245	0.00579
12	0.01041	0.00814	0.01260	0.22949	0.25549	0.00855	0.01005	0.02982	0.03952	0.10421	0.03357	0.11624	0.06721	0.00685	0.00491	0.00154	0.00469	0.04757	0.00328	0.00588

[dist]
# distance from previous block
# <min> <max>
0	4

[block]
# block no. 3 follows, 56 sequences, length 7
# corresponding to MSA columns:
# 144-150
name=unknown_D
#
# <colnr> <probs for GDERKNQSTAVLIFYWHMCP>
#	G	D	E	R	K	N	Q	S	T	A	V	L	I	F	Y	W	H	M	C	P
0	0.00680	0.00527	0.00647	0.00770	0.04866	0.03305	0.00524	0.00802	0.00943	0.01252	0.02438	0.49216	0.09135	0.03918	0.00616	0.00186	0.00325	0.13211	0.06231	0.00407
1	0.56759	0.01092	0.03895	0.06294	0.01175	0.09687	0.00663	0.08364	0.00990	0.01909	0.00914	0.01017	0.04689	0.00483	0.00345	0.00141	0.00442	0.00320	0.00293	0.00528
2	0.00718	0.00459	0.00571	0.00607	0.00685	0.00422	0.00421	0.00804	0.00917	0.08330	0.02648	0.43891	0.16687	0.16336	0.00888	0.00225	0.00311	0.04270	0.00412	0.00397
3	0.16026	0.00931	0.00948	0.03831	0.03765	0.10721	0.00683	0.08208	0.05542	0.01476	0.01163	0.10064	0.01114	0.09059	0.16739	0.00295	0.08129	0.00509	0.00299	0.00498
4	0.03137	0.08627	0.05830	0.05697	0.34529	0.07029	0.04709	0.04706	0.09510	0.01539	0.06347	0.01280	0.00999	0.00495	0.00483	0.00139	0.03591	0.00425	0.00277	0.00651
5	0.00658	0.00566	0.00618	0.05325	0.00844	0.04720	0.00470	0.00782	0.01005	0.01263	0.10551	0.30672	0.32857	0.03638	0.00593	0.00168	0.00306	0.00967	0.00401	0.03596
6	0.14279	0.02554	0.00976	0.02436	0.02578	0.01913	0.03349	0.06482	0.02594	0.05791	0.01229	0.13271	0.02330	0.00704	0.03831	0.00145	0.00413	0.00484	0.02552	0.32089

[dist]
# distance from previous block
# <min> <max>
1	3

[block]
# block no. 4 follows, 56 sequences, length 26
# corresponding to MSA columns:
# 154-179
name=unknown_E
#
# <colnr> <probs for GDERKNQSTAVLIFYWHMCP>
#	G	D	E	R	K	N	Q	S	T	A	V	L	I	F	Y	W	H	M	C	P
0	0.02420	0.07215	0.07801	0.11602	0.24432	0.15788	0.01119	0.09012	0.03232	0.01486	0.03119	0.01157	0.01925	0.00505	0.00522	0.00140	0.07254	0.00392	0.00259	0.00622
1	0.34119	0.10741	0.01290	0.00935	0.02934	0.03654	0.09521	0.13062	0.07039	0.05447	0.03660	0.01097	0.00831	0.00480	0.00380	0.00137	0.00452	0.00366	0.03262	0.00595
2	0.00675	0.00459	0.00603	0.00651	0.00711	0.00442	0.00471	0.02947	0.00943	0.01254	0.10890	0.37383	0.07930	0.04974	0.00865	0.14961	0.00320	0.12764	0.00390	0.00366
3	0.01205	0.04425	0.02760	0.05561	0.46555	0.08605	0.04833	0.09856	0.02960	0.01568	0.01040	0.03342	0.02877	0.01847	0.00486	0.00142	0.00559	0.00442	0.00267	0.00669
4	0.00658	0.00485	0.00703	0.00703	0.00772	0.00555	0.00530	0.00797	0.00727	0.01040	0.01262	0.01982	0.01225	0.15417	0.70178	0.00694	0.01113	0.00518	0.00251	0.00390
5	0.01296	0.05700	0.12277	0.03544	0.15001	0.09331	0.04310	0.12813	0.05614	0.11487	0.05243	0.01476	0.06311	0.00559	0.00487	0.00140	0.02965	0.00456	0.00337	0.00653
6	0.01258	0.54605	0.11297	0.01039	0.04794	0.05130	0.05440	0.07910	0.01075	0.02640	0.00747	0.00857	0.00625	0.00418	0.00354	0.00113	0.00545	0.00300	0.00229	0.00624
7	0.00844	0.00510	0.00656	0.00657	0.00756	0.00488	0.00474	0.03158	0.00988	0.12122	0.09953	0.32697	0.06100	0.16412	0.06429	0.00260	0.00393	0.06253	0.00415	0.00435
8	0.00721	0.00723	0.08868	0.00809	0.00970	0.00580	0.05533	0.00945	0.04790	0.03535	0.06240	0.44767	0.11262	0.01155	0.01693	0.00181	0.02758	0.03619	0.00391	0.00458
9	0.02985	0.04363	0.08135	0.00921	0.06004	0.00794	0.02530	0.03815	0.03314	0.07561	0.00936	0.01065	0.00742	0.01777	0.00407	0.00100	0.00410	0.00323	0.00293	0.53525
10	0.00598	0.00435	0.00571	0.00655	0.00714	0.00407	0.00476	0.00717	0.00964	0.01275	0.09759	0.55076	0.10211	0.01338	0.00587	0.00184	0.00287	0.14925	0.00433	0.00389
11	0.01360	0.01606	0.01309	0.13296	0.01595	0.46036	0.00957	0.01504	0.01069	0.01123	0.00726	0.00981	0.00626	0.00707	0.04945	0.00176	0.20896	0.00349	0.00223	0.00515
12	0.02976	0.06996	0.09813	0.05897	0.12296	0.11707	0.15789	0.14546	0.03282	0.03787	0.00913	0.01089	0.00705	0.00481	0.00522	0.00142	0.06357	0.00403	0.01658	0.00641
13	0.00623	0.00440	0.00566	0.00649	0.00716	0.00415	0.00480	0.00749	0.00954	0.01282	0.04695	0.49108	0.11367	0.01289	0.00571	0.00182	0.00293	0.18368	0.06862	0.00391
14	0.00797	0.00399	0.00598	0.00598	0.00598	0.00399	0.00399	0.00598	0.00598	0.00797	0.00797	0.01396	0.00797	0.01595	0.01794	0.86643	0.00399	0.00399	0.00199	0.00199
15	0.00927	0.00940	0.05550	0.05733	0.18934	0.08660	0.02881	0.03271	0.04886	0.01378	0.02719	0.33589	0.01765	0.00876	0.00508	0.00159	0.00452	0.03410	0.02829	0.00531
16	0.11084	0.19273	0.21245	0.01230	0.05928	0.05704	0.11955	0.13263	0.03367	0.01661	0.00845	0.00973	0.00651	0.00442	0.00407	0.00133	0.00580	0.00355	0.00262	0.00642
17	0.00656	0.00492	0.00738	0.00738	0.00820	0.00574	0.00574	0.00820	0.00738	0.01066	0.01230	0.01804	0.01148	0.03443	0.82046	0.00738	0.01230	0.00492	0.00246	0.00410
18	0.00668	0.00502	0.00637	0.00697	0.00816	0.00475	0.00582	0.00845	0.01062	0.01352	0.08517	0.04765	0.28017	0.02994	0.00635	0.00194	0.00348	0.46059	0.00426	0.00409
19	0.01116	0.05123	0.05353	0.19185	0.18253	0.05182	0.09985	0.11562	0.05107	0.01567	0.01118	0.05873	0.02530	0.00535	0.00474	0.00144	0.01717	0.00476	0.04088	0.00612
20	0.03403	0.10616	0.20162	0.02997	0.10455	0.08275	0.19912	0.09384	0.01131	0.01533	0.00835	0.01028	0.00649	0.00449	0.00499	0.00139	0.05000	0.00389	0.00243	0.02903
21	0.00925	0.00802	0.00857	0.00812	0.00945	0.11338	0.02530	0.02993	0.04541	0.04199	0.16696	0.14599	0.07144	0.03271	0.05645	0.00205	0.06268	0.11701	0.04060	0.00470
22	0.00567	0.00408	0.00530	0.00619	0.00656	0.00379	0.00414	0.00650	0.00894	0.01186	0.05291	0.71754	0.08096	0.05394	0.00666	0.00195	0.00271	0.01236	0.00422	0.00371
23	0.33492	0.07660	0.19240	0.00967	0.04006	0.12744	0.00902	0.05297	0.01022	0.05870	0.00803	0.00904	0.00609	0.00445	0.00364	0.00133	0.00519	0.00304	0.01865	0.02852
24	0.05086	0.03888	0.00753	0.00691	0.00815	0.04116	0.00514	0.03294	0.07744	0.01413	0.12913	0.32385	0.11438	0.05550	0.02033	0.00187	0.02736	0.02639	0.00398	0.01407
25	0.01223	0.10613	0.09201	0.07875	0.14378	0.16441	0.04305	0.07467	0.03986	0.04388	0.03194	0.01417	0.04762	0.02222	0.00477	0.00139	0.00567	0.02450	0.00285	0.04611

[dist]
# distance from previous block
# <min> <max>
5	19

[block]
# block no. 5 follows, 56 sequences, length 6
# corresponding to MSA columns:
# 199-204
name=unknown_F
#
# <colnr> <probs for GDERKNQSTAVLIFYWHMCP>
#	G	D	E	R	K	N	Q	S	T	A	V	L	I	F	Y	W	H	M	C	P
0	0.04517	0.17665	0.35185	0.01071	0.01540	0.09888	0.03190	0.04121	0.04656	0.03666	0.05639	0.01108	0.00872	0.00472	0.00408	0.00130	0.00577	0.00358	0.00257	0.04679
1	0.01274	0.03593	0.15616	0.01245	0.01615	0.16756	0.17737	0.08315	0.10039	0.07357	0.01230	0.01330	0.04947	0.00591	0.02241	0.00157	0.04578	0.00446	0.00305	0.00628
2	0.00708	0.00613	0.04177	0.00675	0.00791	0.00545	0.05159	0.00886	0.04888	0.01239	0.15247	0.05374	0.12369	0.38603	0.03443	0.00303	0.00419	0.03824	0.00348	0.00391
3	0.03528	0.01228	0.01202	0.05890	0.01389	0.13668	0.00828	0.32950	0.17151	0.04562	0.01238	0.01382	0.00954	0.00584	0.00495	0.00144	0.04061	0.03509	0.04572	0.00665
4	0.01101	0.00935	0.01568	0.03700	0.05039	0.02716	0.27901	0.06057	0.07013	0.10120	0.03637	0.19041	0.01485	0.00732	0.00555	0.00161	0.02866	0.04432	0.00356	0.00584
5	0.01096	0.01068	0.04703	0.03008	0.11857	0.06226	0.19541	0.08746	0.09783	0.04756	0.08415	0.09619	0.07795	0.00659	0.00501	0.00150	0.00515	0.00613	0.00348	0.00603

[dist]
# distance from previous block
# <min> <max>
0	1

[block]
# block no. 6 follows, 56 sequences, length 41
# corresponding to MSA columns:
# 206-246
name=unknown_G
#
# <colnr> <probs for GDERKNQSTAVLIFYWHMCP>
#	G	D	E	R	K	N	Q	S	T	A	V	L	I	F	Y	W	H	M	C	P
0	0.00571	0.00418	0.00530	0.00608	0.00659	0.00386	0.00415	0.00662	0.00918	0.01205	0.06536	0.61612	0.14786	0.05622	0.00669	0.00194	0.00272	0.03139	0.00422	0.00374
1	0.00917	0.00626	0.00754	0.00713	0.00843	0.02910	0.00550	0.07005	0.01054	0.08744	0.09581	0.10300	0.13137	0.05873	0.12578	0.07404	0.03892	0.08909	0.03757	0.00453
2	0.01103	0.01057	0.01804	0.12589	0.71488	0.01082	0.01393	0.01380	0.01030	0.01460	0.00858	0.01147	0.00713	0.00415	0.00455	0.00138	0.00554	0.00409	0.00224	0.00701
3	0.01791	0.00882	0.01114	0.00875	0.01206	0.00851	0.02238	0.19117	0.05758	0.50678	0.01742	0.03612	0.03405	0.00613	0.00468	0.00144	0.00411	0.01803	0.02553	0.00739
4	0.01162	0.66664	0.19309	0.00897	0.01351	0.01656	0.00980	0.01392	0.00941	0.01160	0.00678	0.00786	0.00588	0.00402	0.00325	0.00108	0.00531	0.00266	0.00196	0.00608
5	0.00632	0.00442	0.00567	0.00604	0.00633	0.00451	0.00400	0.00698	0.00761	0.01031	0.01778	0.28887	0.02029	0.38179	0.18379	0.00416	0.00551	0.02899	0.00323	0.00340
6	0.00921	0.00883	0.01207	0.01049	0.01083	0.01176	0.00862	0.01074	0.03017	0.01252	0.13464	0.01639	0.06729	0.00844	0.01260	0.00188	0.62080	0.00511	0.00271	0.00490
7	0.87108	0.00888	0.00675	0.00604	0.00888	0.01030	0.00497	0.01350	0.00781	0.02060	0.00639	0.00746	0.00497	0.00426	0.00284	0.00142	0.00355	0.00249	0.00284	0.00497
8	0.02017	0.00850	0.01108	0.00849	0.01206	0.00776	0.00702	0.12692	0.01428	0.70703	0.01715	0.01500	0.01088	0.00566	0.00461	0.00141	0.00406	0.00455	0.00553	0.00781
9	0.00935	0.03487	0.20028	0.05065	0.21323	0.02389	0.02513	0.01213	0.00963	0.02757	0.03302	0.03057	0.05814	0.03613	0.10437	0.00232	0.05733	0.06299	0.00263	0.00575
10	0.00631	0.00476	0.00564	0.00597	0.00713	0.00433	0.00451	0.00792	0.02934	0.02866	0.11407	0.24954	0.37617	0.01203	0.00564	0.00170	0.00274	0.12506	0.00438	0.00409
11	0.01172	0.01171	0.07967	0.09903	0.25301	0.03584	0.03079	0.10403	0.24266	0.02768	0.02530	0.01342	0.00972	0.00559	0.01715	0.00155	0.01654	0.00445	0.00328	0.00686
12	0.00631	0.00469	0.00588	0.00558	0.00674	0.00425	0.00418	0.00830	0.01255	0.01736	0.67515	0.03601	0.17642	0.00978	0.00542	0.00146	0.00219	0.00854	0.00492	0.00425
13	0.00861	0.02796	0.01875	0.00754	0.02816	0.01840	0.00576	0.06119	0.13353	0.03337	0.32561	0.04865	0.18814	0.01942	0.00579	0.00155	0.03901	0.01901	0.00440	0.00513
14	0.04964	0.00974	0.03862	0.45616	0.20187	0.01053	0.06607	0.05622	0.01030	0.02446	0.00894	0.01269	0.00703	0.00467	0.00459	0.00149	0.00585	0.02287	0.00239	0.00587
15	0.01758	0.01265	0.01365	0.01046	0.01413	0.01392	0.00864	0.76208	0.02123	0.06207	0.01132	0.01122	0.00796	0.00552	0.00459	0.00138	0.00500	0.00415	0.00464	0.00781
16	0.01113	0.01070	0.01713	0.13007	0.57769	0.02860	0.03273	0.01509	0.10267	0.01497	0.00973	0.01211	0.00787	0.00441	0.00458	0.00141	0.00545	0.00423	0.00253	0.00692
17	0.00860	0.03770	0.00550	0.00480	0.00604	0.02804	0.00368	0.01064	0.01008	0.01660	0.09310	0.01944	0.05231	0.00597	0.00355	0.00113	0.00243	0.00482	0.68123	0.00436
18	0.01054	0.00855	0.02330	0.00728	0.01102	0.00695	0.00594	0.08867	0.02444	0.05028	0.04091	0.02349	0.00918	0.00477	0.01838	0.00098	0.00372	0.00344	0.02354	0.63465
19	0.07440	0.01244	0.01263	0.01006	0.01343	0.05599	0.00819	0.55590	0.14159	0.05094	0.01192	0.01173	0.00860	0.00550	0.00446	0.00140	0.00486	0.00414	0.00440	0.00740
20	0.00659	0.00509	0.00744	0.00748	0.00823	0.00514	0.05880	0.00818	0.03703	0.01204	0.02041	0.51918	0.02308	0.07147	0.13360	0.00283	0.02184	0.01002	0.03747	0.00407
21	0.00633	0.00522	0.02567	0.02314	0.00753	0.00449	0.00460	0.00833	0.01218	0.01661	0.57329	0.03579	0.24036	0.00974	0.00537	0.00147	0.00240	0.00845	0.00471	0.00429
22	0.75817	0.03856	0.00774	0.00671	0.02331	0.04103	0.00533	0.01342	0.00811	0.01939	0.00704	0.02753	0.00588	0.01852	0.00334	0.00146	0.00381	0.00285	0.00281	0.00499
23	0.00746	0.00611	0.00831	0.00976	0.12174	0.00603	0.01641	0.00970	0.06295	0.02771	0.07772	0.28380	0.23399	0.01064	0.00583	0.00167	0.03735	0.06413	0.00396	0.00474
24	0.02552	0.01351	0.14519	0.07603	0.09682	0.06809	0.03605	0.23643	0.10702	0.09110	0.01145	0.02453	0.00853	0.00526	0.00470	0.00143	0.01927	0.00424	0.01794	0.00688
25	0.87108	0.00888	0.00675	0.00604	0.00888	0.01030	0.00497	0.01350	0.00781	0.02060	0.00639	0.00746	0.00497	0.00426	0.00284	0.00142	0.00355	0.00249	0.00284	0.00497
26	0.00643	0.00540	0.00568	0.00553	0.00711	0.00508	0.00415	0.00932	0.12468	0.01346	0.07389	0.05148	0.58966	0.03808	0.03789	0.00187	0.00297	0.00875	0.00424	0.00436
27	0.00652	0.00457	0.00545	0.00532	0.00646	0.00418	0.00396	0.00837	0.01162	0.01641	0.45881	0.08562	0.21126	0.00958	0.00510	0.00144	0.00223	0.00829	0.14064	0.00418
28	0.00677	0.00477	0.00571	0.00555	0.00685	0.00422	0.00413	0.00835	0.01148	0.06067	0.36548	0.13739	0.34042	0.01068	0.00543	0.00154	0.00239	0.00923	0.00468	0.00428
29	0.00764	0.00660	0.01147	0.01006	0.01166	0.00631	0.20715	0.00952	0.00966	0.01289	0.05003	0.25576	0.02176	0.13283	0.00845	0.00222	0.00464	0.22339	0.00357	0.00438
30	0.01100	0.50092	0.35337	0.01003	0.01515	0.01504	0.01165	0.01408	0.00948	0.01236	0.00716	0.00833	0.00586	0.00411	0.00354	0.00118	0.00569	0.00285	0.00195	0.00626
31	0.01190	0.01010	0.01065	0.00944	0.01212	0.01164	0.00738	0.08535	0.73999	0.01997	0.01808	0.01665	0.01352	0.00617	0.00467	0.00154	0.00375	0.00511	0.00467	0.00731
32	0.01104	0.01057	0.01804	0.12544	0.71531	0.01082	0.01393	0.01380	0.01030	0.01460	0.00858	0.01147	0.00713	0.00415	0.00455	0.00138	0.00554	0.00409	0.00224	0.00701
33	0.07563	0.01713	0.01176	0.02546	0.01323	0.56075	0.02686	0.01648	0.01194	0.05192	0.00974	0.01396	0.00865	0.04553	0.00522	0.00147	0.00702	0.07484	0.01724	0.00520
34	0.01037	0.00867	0.00940	0.00854	0.01081	0.00971	0.00667	0.05154	0.56442	0.01886	0.14690	0.02271	0.05870	0.00730	0.00491	0.00156	0.00342	0.04432	0.00469	0.00650
35	0.00636	0.00437	0.00514	0.00540	0.00556	0.00429	0.00326	0.00665	0.00738	0.00979	0.01849	0.22203	0.05717	0.57778	0.04379	0.00379	0.00418	0.00828	0.00319	0.00310
36	0.01100	0.01113	0.01902	0.21866	0.38626	0.04780	0.19155	0.03276	0.01062	0.01431	0.00866	0.01166	0.00687	0.00422	0.00474	0.00144	0.00626	0.00434	0.00229	0.00642
37	0.00556	0.00452	0.00493	0.00511	0.00636	0.00389	0.00372	0.00675	0.01037	0.01284	0.11456	0.20185	0.57963	0.01197	0.00551	0.00160	0.00238	0.01023	0.00434	0.00389
38	0.00633	0.00443	0.00536	0.00557	0.00650	0.00407	0.00404	0.00788	0.01072	0.01496	0.29720	0.27032	0.18786	0.01080	0.00525	0.00155	0.00238	0.02399	0.12673	0.00405
39	0.46828	0.00907	0.00821	0.00710	0.00979	0.01028	0.00574	0.15513	0.12349	0.02142	0.02891	0.01130	0.00851	0.00502	0.00352	0.00139	0.00363	0.00353	0.10998	0.00571
40	0.01020	0.01151	0.11320	0.09179	0.30109	0.02867	0.06841	0.02880	0.06986	0.01483	0.01304	0.02558	0.07811	0.00518	0.00457	0.00136	0.00519	0.01506	0.00272	0.11082

[dist]
# distance from previous block
# <min> <max>
0	1

[block]
# block no. 7 follows, 56 sequences, length 19
# corresponding to MSA columns:
# 248-266
name=unknown_H
#
# <colnr> <probs for GDERKNQSTAVLIFYWHMCP>
#	G	D	E	R	K	N	Q	S	T	A	V	L	I	F	Y	W	H	M	C	P
0	0.01252	0.64209	0.04961	0.00957	0.03341	0.07660	0.05048	0.03164	0.03545	0.01195	0.00721	0.00828	0.00629	0.00411	0.00335	0.00108	0.00535	0.00285	0.00216	0.00602
1	0.01558	0.19528	0.01522	0.01065	0.01332	0.52170	0.00848	0.08980	0.01264	0.01273	0.00752	0.00910	0.00644	0.03152	0.00488	0.00129	0.03267	0.00311	0.00249	0.00559
2	0.00811	0.00748	0.02833	0.07760	0.16685	0.00715	0.04337	0.02983	0.04799	0.01506	0.19248	0.02782	0.28772	0.00804	0.00524	0.00148	0.01765	0.00699	0.01564	0.00519
3	0.00652	0.00498	0.00597	0.00611	0.00718	0.00473	0.00445	0.02674	0.06293	0.01483	0.26479	0.31492	0.22152	0.01144	0.00552	0.00163	0.00258	0.02432	0.00453	0.00428
4	0.00958	0.00890	0.01445	0.53518	0.22400	0.01033	0.01236	0.01340	0.07881	0.01334	0.00937	0.01257	0.00724	0.00463	0.00455	0.00148	0.00564	0.00418	0.02417	0.00581
5	0.01119	0.02908	0.01004	0.00861	0.01112	0.02737	0.00676	0.09660	0.54343	0.01883	0.03306	0.01983	0.11473	0.00677	0.00466	0.00150	0.00365	0.00556	0.04058	0.00664
6	0.00575	0.00460	0.00514	0.00514	0.00643	0.00399	0.00380	0.00716	0.01102	0.01404	0.25973	0.11795	0.51658	0.01126	0.00546	0.00155	0.00231	0.00962	0.00449	0.00399
7	0.00887	0.00749	0.00880	0.00664	0.01014	0.00574	0.00521	0.01077	0.00965	0.01473	0.04897	0.08946	0.03752	0.00499	0.00379	0.00086	0.00324	0.00419	0.00303	0.71593
8	0.01136	0.01091	0.01863	0.02818	0.81002	0.01091	0.01409	0.01409	0.01045	0.01500	0.00864	0.01136	0.00727	0.00409	0.00455	0.00136	0.00545	0.00409	0.00227	0.00727
9	0.03181	0.20691	0.13635	0.05844	0.10987	0.05016	0.05907	0.11765	0.03807	0.06371	0.02071	0.01156	0.00794	0.00486	0.00453	0.00134	0.03201	0.01988	0.00283	0.02230
10	0.01203	0.02962	0.16400	0.01006	0.02980	0.05818	0.02317	0.22112	0.08462	0.04486	0.15202	0.03553	0.01466	0.00591	0.00456	0.00134	0.00472	0.00483	0.00374	0.09522
11	0.01068	0.00697	0.00763	0.00664	0.00851	0.00729	0.00520	0.21691	0.05401	0.03523	0.17846	0.04343	0.03661	0.00668	0.00426	0.00129	0.00304	0.00550	0.35626	0.00541
12	0.00741	0.00734	0.09872	0.00747	0.03680	0.00552	0.00620	0.01009	0.03789	0.04216	0.47219	0.05052	0.16603	0.00897	0.00525	0.00149	0.00299	0.02370	0.00444	0.00483
13	0.00650	0.00452	0.00507	0.00510	0.00543	0.00439	0.00312	0.00683	0.00763	0.00993	0.04308	0.03330	0.14634	0.64842	0.01928	0.00380	0.00403	0.03703	0.00314	0.00306
14	0.06407	0.06456	0.22860	0.01337	0.09630	0.08514	0.10464	0.12549	0.03505	0.04654	0.02275	0.01111	0.00765	0.00481	0.00476	0.00140	0.03869	0.00390	0.03470	0.00646
15	0.00602	0.00460	0.00533	0.00564	0.00662	0.00418	0.00414	0.00714	0.00977	0.01235	0.08747	0.17870	0.38186	0.14220	0.00846	0.00214	0.00299	0.12255	0.00408	0.00376
16	0.00966	0.00897	0.02710	0.04250	0.15139	0.02306	0.06015	0.05540	0.04835	0.01435	0.06918	0.01776	0.06519	0.03158	0.10344	0.00235	0.19277	0.02467	0.04668	0.00544
17	0.00588	0.00420	0.00543	0.00617	0.00664	0.00391	0.00423	0.00675	0.00922	0.01225	0.10411	0.58446	0.10019	0.05598	0.00712	0.03238	0.00278	0.04042	0.00418	0.00371
18	0.20156	0.23380	0.07999	0.02791	0.13153	0.08020	0.00882	0.02922	0.04352	0.02922	0.01907	0.01069	0.03269	0.00489	0.00418	0.01454	0.02435	0.00341	0.00259	0.01782

[dist]
# distance from previous block
# <min> <max>
0	1

[block]
# block no. 8 follows, 56 sequences, length 31
# corresponding to MSA columns:
# 268-298
name=unknown_I
#
# <colnr> <probs for GDERKNQSTAVLIFYWHMCP>
#	G	D	E	R	K	N	Q	S	T	A	V	L	I	F	Y	W	H	M	C	P
0	0.18467	0.19354	0.06874	0.01140	0.11539	0.16442	0.00874	0.08517	0.01120	0.02690	0.04465	0.01003	0.00790	0.00466	0.00392	0.00126	0.01675	0.00331	0.00271	0.03465
1	0.03616	0.00533	0.00694	0.00683	0.00796	0.00544	0.01429	0.00960	0.05170	0.03995	0.20367	0.09712	0.08583	0.09026	0.19413	0.02095	0.00531	0.11038	0.00385	0.00430
2	0.01036	0.01140	0.13741	0.13643	0.25673	0.01990	0.03851	0.01470	0.11859	0.05276	0.02244	0.03269	0.07352	0.00555	0.00475	0.00146	0.01457	0.00488	0.03705	0.00631
3	0.00606	0.00433	0.00518	0.00557	0.00605	0.00411	0.00365	0.00676	0.00850	0.01120	0.05412	0.34218	0.16770	0.29436	0.04073	0.00285	0.00352	0.00963	0.02000	0.00348
4	0.01141	0.01152	0.09697	0.01440	0.16419	0.01066	0.12341	0.07396	0.30202	0.04425	0.05844	0.01553	0.02563	0.00548	0.00474	0.00148	0.00488	0.00497	0.01924	0.00684
5	0.00678	0.00474	0.00551	0.00553	0.00641	0.00438	0.00379	0.02324	0.00966	0.04264	0.13046	0.21093	0.26350	0.24936	0.01063	0.00243	0.00310	0.00908	0.00400	0.00382
6	0.00665	0.00475	0.00592	0.00603	0.00626	0.00501	0.00398	0.00716	0.00735	0.00996	0.01653	0.16110	0.03467	0.50167	0.13311	0.00418	0.04616	0.03320	0.00302	0.00331
7	0.84329	0.00884	0.00688	0.00611	0.00897	0.01018	0.00503	0.01379	0.00799	0.04650	0.00678	0.00772	0.00518	0.00431	0.00290	0.00142	0.00356	0.00256	0.00293	0.00506
8	0.01141	0.01142	0.01850	0.10230	0.62679	0.05957	0.07469	0.01417	0.01052	0.01444	0.00855	0.01134	0.00706	0.00416	0.00459	0.00138	0.00587	0.00413	0.00226	0.00686
9	0.01086	0.10799	0.10122	0.01124	0.01328	0.12133	0.05687	0.03860	0.00919	0.01219	0.00809	0.02520	0.00733	0.01045	0.13047	0.00247	0.32160	0.00401	0.00226	0.00536
10	0.00597	0.00424	0.00529	0.00598	0.00632	0.00402	0.00396	0.00665	0.00844	0.01111	0.02397	0.51378	0.08765	0.23840	0.01061	0.00256	0.00320	0.05049	0.00386	0.00351
11	0.02102	0.00712	0.00860	0.02320	0.00974	0.03047	0.05719	0.09928	0.05463	0.08710	0.05586	0.04969	0.04085	0.03437	0.00495	0.00146	0.00360	0.06380	0.34183	0.00524
12	0.00815	0.00615	0.00702	0.00652	0.00822	0.00613	0.00498	0.04027	0.17314	0.05236	0.26351	0.07051	0.28122	0.01044	0.03898	0.00176	0.00314	0.00789	0.00458	0.00503
13	0.00933	0.00883	0.01496	0.63162	0.22246	0.01037	0.01308	0.01231	0.00949	0.01253	0.00828	0.01202	0.00640	0.00447	0.00458	0.00149	0.00596	0.00408	0.00210	0.00563
14	0.01041	0.00870	0.00999	0.00727	0.01126	0.00714	0.00584	0.09379	0.03577	0.01655	0.00879	0.00992	0.00713	0.00371	0.00356	0.00078	0.00358	0.00295	0.00298	0.74986
15	0.03239	0.00969	0.01145	0.00939	0.03065	0.04807	0.02144	0.18996	0.07354	0.41676	0.04781	0.01601	0.04732	0.00599	0.00480	0.00143	0.01642	0.00480	0.00487	0.00720
16	0.00978	0.17738	0.66628	0.01210	0.01835	0.01207	0.01525	0.01439	0.00962	0.01384	0.00789	0.00926	0.00583	0.00428	0.00410	0.00137	0.00643	0.00322	0.00194	0.00662
17	0.00874	0.00823	0.01390	0.80695	0.05175	0.01022	0.01278	0.01179	0.00921	0.01181	0.00817	0.01222	0.00615	0.00458	0.00459	0.00153	0.00610	0.00408	0.00205	0.00516
18	0.01644	0.01127	0.01241	0.00974	0.01311	0.01220	0.00797	0.54837	0.10699	0.13538	0.04662	0.01419	0.03186	0.00594	0.00466	0.00141	0.00454	0.00464	0.00476	0.00750
19	0.00942	0.00753	0.00838	0.00833	0.06024	0.07176	0.00589	0.02795	0.11691	0.07310	0.44230	0.02766	0.10582	0.00814	0.00509	0.00144	0.00326	0.00699	0.00457	0.00526
20	0.01102	0.01055	0.01788	0.05660	0.74829	0.01059	0.01360	0.01369	0.01041	0.01477	0.01018	0.01275	0.04022	0.00442	0.00458	0.00138	0.00535	0.00432	0.00235	0.00705
21	0.01136	0.01091	0.01863	0.02818	0.81002	0.01091	0.01409	0.01409	0.01045	0.01500	0.00864	0.01136	0.00727	0.00409	0.00455	0.00136	0.00545	0.00409	0.00227	0.00727
22	0.00649	0.00535	0.00566	0.02503	0.00709	0.03789	0.00407	0.00754	0.00975	0.01221	0.12887	0.11894	0.36570	0.20293	0.02467	0.00234	0.00339	0.02444	0.00385	0.00376
23	0.01104	0.01058	0.01805	0.12370	0.71701	0.01082	0.01393	0.01381	0.01030	0.01461	0.00858	0.01147	0.00713	0.00415	0.00455	0.00138	0.00553	0.00409	0.00224	0.00701
24	0.10578	0.03232	0.01104	0.02545	0.02417	0.29465	0.02814	0.06202	0.11630	0.05735	0.03090	0.01379	0.03870	0.04018	0.01944	0.00154	0.00557	0.00410	0.06480	0.02375
25	0.09615	0.00873	0.00986	0.02129	0.04593	0.06936	0.03938	0.07698	0.08354	0.04211	0.06260	0.05756	0.06880	0.12924	0.05169	0.00225	0.05434	0.03995	0.00343	0.03681
26	0.02666	0.00756	0.01019	0.15246	0.06084	0.00821	0.01874	0.11173	0.03773	0.01563	0.08004	0.09139	0.09464	0.02486	0.02315	0.00177	0.05321	0.12071	0.01983	0.04064
27	0.00755	0.00760	0.08095	0.00799	0.02183	0.00671	0.02271	0.04139	0.02640	0.01345	0.09212	0.17707	0.18153	0.07498	0.09838	0.00247	0.08940	0.00755	0.01903	0.02089
28	0.03792	0.03801	0.00939	0.03453	0.01057	0.00728	0.00594	0.05228	0.05899	0.06570	0.08372	0.05364	0.04887	0.04721	0.07046	0.00182	0.02039	0.02923	0.00344	0.32061
29	0.01094	0.35955	0.25193	0.02645	0.01452	0.01334	0.04107	0.07740	0.02700	0.01369	0.00954	0.01265	0.01976	0.07360	0.00549	0.00153	0.00548	0.02765	0.00242	0.00600
30	0.00592	0.01922	0.03508	0.00664	0.00730	0.00430	0.00485	0.00698	0.00907	0.01210	0.04972	0.71693	0.05528	0.01354	0.00574	0.00182	0.00287	0.03456	0.00416	0.00392

[dist]
# distance from previous block
# <min> <max>
0	177

# created by:
# /st0/software/busco_prod/Augustus/scripts/msa2prfl.pl ./align_prep/138088.fa
