[name]
unknown

[dist]
# distance from previous block
# <min> <max>
0	70

[block]
# block no. 0 follows, 61 sequences, length 20
# corresponding to MSA columns:
# 79-87,89-99
name=unknown_A
#
# <colnr> <probs for GDERKNQSTAVLIFYWHMCP>
#	G	D	E	R	K	N	Q	S	T	A	V	L	I	F	Y	W	H	M	C	P
0	0.01084	0.03080	0.02706	0.02497	0.06499	0.24341	0.07392	0.03688	0.04238	0.01290	0.01101	0.02950	0.00974	0.00816	0.07093	0.04949	0.01504	0.07649	0.15667	0.00480
1	0.01118	0.02008	0.00824	0.00681	0.00868	0.03918	0.01552	0.14971	0.02067	0.14952	0.12152	0.01827	0.02494	0.12479	0.04689	0.00191	0.01769	0.00487	0.18399	0.02557
2	0.04238	0.00806	0.01027	0.00821	0.01104	0.02693	0.03962	0.13079	0.04722	0.44238	0.07877	0.03103	0.01255	0.00811	0.08054	0.00186	0.00462	0.00467	0.00451	0.00645
3	0.00805	0.00705	0.00840	0.00764	0.00909	0.07181	0.06531	0.05227	0.08494	0.01335	0.12278	0.16826	0.09338	0.08335	0.13347	0.00253	0.00498	0.03204	0.01186	0.01943
4	0.07529	0.00447	0.00547	0.00601	0.00678	0.00420	0.00415	0.00698	0.00824	0.01194	0.02085	0.70185	0.02455	0.01179	0.00506	0.00161	0.00263	0.01056	0.00376	0.08382
5	0.01274	0.00928	0.00992	0.00811	0.01051	0.01022	0.00638	0.45051	0.13850	0.02114	0.01246	0.01500	0.01011	0.15018	0.00719	0.00178	0.00410	0.00446	0.11139	0.00603
6	0.01508	0.01904	0.01148	0.01048	0.01263	0.75512	0.00786	0.01619	0.01199	0.01064	0.01006	0.01087	0.08053	0.00503	0.00400	0.00114	0.00725	0.00336	0.00238	0.00487
7	0.00629	0.00478	0.00612	0.02528	0.00726	0.02738	0.00460	0.00731	0.00743	0.01013	0.01544	0.25284	0.01682	0.20367	0.34898	0.00438	0.00682	0.02091	0.02002	0.00354
8	0.00895	0.02032	0.68795	0.01405	0.09289	0.01010	0.07870	0.01362	0.00925	0.01369	0.00784	0.00944	0.00567	0.00403	0.00419	0.00136	0.00632	0.00339	0.00188	0.00636
9	0.00602	0.00437	0.00567	0.00542	0.00641	0.00402	0.00404	0.00795	0.01190	0.01676	0.75216	0.07814	0.06269	0.00913	0.00510	0.00138	0.00206	0.00808	0.00468	0.00402
10	0.00669	0.00515	0.00622	0.00679	0.00737	0.05071	0.00507	0.00760	0.00832	0.01080	0.01854	0.34199	0.02083	0.07235	0.13046	0.08307	0.00474	0.20641	0.00335	0.00354
11	0.01082	0.14370	0.11684	0.02564	0.16230	0.06635	0.07550	0.06190	0.13468	0.03512	0.03454	0.05943	0.01022	0.00525	0.00420	0.00132	0.00493	0.02807	0.01320	0.00598
12	0.00769	0.00596	0.03548	0.00672	0.00799	0.00560	0.00531	0.03913	0.02265	0.08999	0.04746	0.32778	0.23904	0.01076	0.01966	0.00169	0.08808	0.03080	0.00385	0.00436
13	0.00532	0.00383	0.00504	0.00589	0.00625	0.00356	0.00398	0.00620	0.00866	0.01159	0.09712	0.74228	0.05836	0.01297	0.00545	0.00170	0.00244	0.01172	0.00407	0.00356
14	0.01085	0.03150	0.06525	0.08973	0.19796	0.07449	0.39306	0.05823	0.01059	0.01402	0.00830	0.01078	0.00642	0.00391	0.00459	0.00136	0.00644	0.00428	0.00224	0.00599
15	0.06024	0.03165	0.32422	0.07343	0.11889	0.17741	0.07751	0.04483	0.02761	0.01376	0.00782	0.00944	0.00595	0.00418	0.00408	0.00130	0.00619	0.00339	0.00218	0.00592
16	0.00699	0.00539	0.00608	0.00600	0.00739	0.00522	0.00455	0.07220	0.08703	0.02664	0.07688	0.22907	0.36947	0.01045	0.00511	0.00155	0.00273	0.06882	0.00412	0.00431
17	0.01009	0.01037	0.04693	0.16698	0.56832	0.01018	0.09816	0.01291	0.00961	0.01349	0.00808	0.01085	0.00655	0.00391	0.00435	0.00133	0.00550	0.00395	0.00209	0.00634
18	0.12855	0.20557	0.04678	0.00889	0.02832	0.07289	0.00760	0.26300	0.07702	0.09443	0.00960	0.00983	0.00718	0.00461	0.00368	0.00121	0.00457	0.00332	0.01670	0.00625
19	0.13928	0.02101	0.04144	0.01198	0.11270	0.14661	0.07811	0.19833	0.12749	0.03310	0.00975	0.01066	0.00746	0.00569	0.03654	0.00153	0.00541	0.00371	0.00311	0.00610

[dist]
# distance from previous block
# <min> <max>
2	51

[block]
# block no. 1 follows, 61 sequences, length 11
# corresponding to MSA columns:
# 151-161
name=unknown_B
#
# <colnr> <probs for GDERKNQSTAVLIFYWHMCP>
#	G	D	E	R	K	N	Q	S	T	A	V	L	I	F	Y	W	H	M	C	P
0	0.14216	0.02603	0.09421	0.03841	0.08525	0.14111	0.11206	0.02498	0.03041	0.02360	0.01053	0.07862	0.00987	0.08142	0.00599	0.00164	0.02069	0.05463	0.00263	0.01575
1	0.10868	0.04474	0.01218	0.11481	0.09368	0.21288	0.00859	0.21490	0.01268	0.04430	0.00962	0.01310	0.00802	0.00520	0.00411	0.00132	0.00538	0.07709	0.00301	0.00571
2	0.01284	0.01481	0.01768	0.01368	0.01693	0.33507	0.34733	0.07177	0.01148	0.01336	0.00783	0.00973	0.00616	0.00417	0.00475	0.00126	0.03731	0.00386	0.00236	0.06760
3	0.00568	0.00430	0.00575	0.00644	0.00666	0.00443	0.00445	0.00642	0.00801	0.01083	0.02163	0.73383	0.02583	0.04749	0.00698	0.00186	0.08089	0.01121	0.00374	0.00358
4	0.01873	0.00784	0.01026	0.00791	0.01122	0.00715	0.00652	0.09454	0.04292	0.72016	0.01639	0.01431	0.01044	0.00534	0.00433	0.00133	0.00376	0.00431	0.00520	0.00731
5	0.01104	0.00941	0.00992	0.00883	0.01132	0.01087	0.00690	0.06790	0.76843	0.01854	0.01712	0.01574	0.01282	0.00581	0.00438	0.00145	0.00349	0.00481	0.00438	0.00685
6	0.00525	0.00433	0.00461	0.00462	0.00594	0.00369	0.00344	0.00646	0.01007	0.01243	0.15732	0.09051	0.65491	0.01076	0.00511	0.00146	0.00218	0.00910	0.00411	0.00369
7	0.00974	0.00766	0.00865	0.04000	0.01053	0.00847	0.00619	0.04209	0.47991	0.06009	0.10284	0.14645	0.04409	0.00739	0.00464	0.00148	0.00323	0.00635	0.00430	0.00588
8	0.00616	0.00458	0.00674	0.00674	0.00745	0.00529	0.00516	0.00758	0.00687	0.00987	0.01170	0.01784	0.01117	0.09849	0.76590	0.00670	0.01094	0.00475	0.00233	0.00375
9	0.00892	0.01818	0.56296	0.01297	0.01832	0.00977	0.18544	0.03620	0.00958	0.01385	0.00932	0.07752	0.00761	0.00479	0.00443	0.00141	0.00620	0.00435	0.00215	0.00604
10	0.01065	0.00819	0.00902	0.00812	0.01034	0.00912	0.00629	0.02001	0.60062	0.09140	0.10728	0.06976	0.01695	0.00661	0.00453	0.00146	0.00322	0.00561	0.00449	0.00635

[dist]
# distance from previous block
# <min> <max>
0	25

[block]
# block no. 2 follows, 61 sequences, length 10
# corresponding to MSA columns:
# 187-196
name=unknown_C
#
# <colnr> <probs for GDERKNQSTAVLIFYWHMCP>
#	G	D	E	R	K	N	Q	S	T	A	V	L	I	F	Y	W	H	M	C	P
0	0.00977	0.00791	0.00870	0.00836	0.05419	0.04646	0.00602	0.23156	0.08296	0.01717	0.13518	0.17761	0.14137	0.02727	0.02402	0.00161	0.00372	0.00693	0.00397	0.00520
1	0.05771	0.01057	0.07220	0.23297	0.16332	0.01062	0.24773	0.01241	0.00897	0.01293	0.00768	0.01068	0.00608	0.00444	0.00580	0.00147	0.12275	0.00407	0.00206	0.00554
2	0.00624	0.00455	0.00660	0.00660	0.00731	0.00522	0.00504	0.00767	0.00696	0.01012	0.01183	0.01788	0.01121	0.10344	0.72398	0.00642	0.01047	0.00474	0.03997	0.00374
3	0.00540	0.00381	0.00495	0.00581	0.00602	0.00360	0.00379	0.00604	0.00795	0.01060	0.02224	0.72480	0.02659	0.13709	0.00793	0.00211	0.00275	0.01136	0.00379	0.00337
4	0.05812	0.01705	0.41830	0.01389	0.09591	0.07630	0.13922	0.01416	0.05199	0.01382	0.00814	0.00982	0.00614	0.00431	0.00477	0.00138	0.05491	0.00359	0.00213	0.00605
5	0.05637	0.25932	0.19709	0.02833	0.07686	0.17080	0.04758	0.06617	0.03618	0.01333	0.00749	0.00869	0.00599	0.00413	0.00368	0.00118	0.00570	0.00306	0.00223	0.00582
6	0.01148	0.01023	0.02789	0.04848	0.03074	0.07606	0.00752	0.19257	0.37921	0.01794	0.01507	0.10575	0.01275	0.00651	0.00450	0.00144	0.00419	0.03756	0.00391	0.00620
7	0.01007	0.02437	0.10438	0.00808	0.01159	0.04944	0.01931	0.03712	0.05247	0.05978	0.00948	0.05402	0.00798	0.00450	0.00428	0.00100	0.05285	0.00352	0.00278	0.48298
8	0.00950	0.00579	0.00564	0.00525	0.00665	0.04883	0.00401	0.03787	0.07453	0.06358	0.05505	0.01618	0.01229	0.00527	0.00339	0.00109	0.00261	0.00422	0.63366	0.00460
9	0.05522	0.00944	0.01328	0.01590	0.34912	0.06106	0.07184	0.07359	0.01100	0.07910	0.06878	0.01646	0.11975	0.00542	0.00436	0.00131	0.00452	0.00482	0.02913	0.00589

[dist]
# distance from previous block
# <min> <max>
0	1

[block]
# block no. 3 follows, 61 sequences, length 14
# corresponding to MSA columns:
# 198-211
name=unknown_D
#
# <colnr> <probs for GDERKNQSTAVLIFYWHMCP>
#	G	D	E	R	K	N	Q	S	T	A	V	L	I	F	Y	W	H	M	C	P
0	0.00985	0.01118	0.04757	0.01604	0.01998	0.01036	0.62943	0.01383	0.06542	0.01383	0.00968	0.03691	0.00769	0.00484	0.02397	0.00156	0.02958	0.00508	0.00238	0.04083
1	0.01364	0.01203	0.02577	0.04304	0.01320	0.11930	0.00792	0.36096	0.30539	0.02053	0.01285	0.01261	0.02236	0.00536	0.00429	0.00134	0.00468	0.00416	0.00392	0.00666
2	0.01043	0.02948	0.10887	0.09400	0.03357	0.00783	0.02020	0.06505	0.02270	0.11273	0.03540	0.01266	0.04099	0.01877	0.00452	0.00115	0.03319	0.00372	0.02051	0.32423
3	0.01132	0.08632	0.42034	0.01159	0.04591	0.09899	0.04833	0.07079	0.03724	0.08893	0.01000	0.01077	0.03144	0.00452	0.00409	0.00130	0.00578	0.00357	0.00254	0.00623
4	0.05639	0.04629	0.01179	0.01197	0.16302	0.24389	0.00797	0.12825	0.02381	0.05655	0.04778	0.07100	0.06187	0.00584	0.00435	0.00129	0.01800	0.01586	0.01853	0.00556
5	0.00534	0.00433	0.00473	0.00471	0.00599	0.00373	0.00350	0.00662	0.01027	0.01291	0.22333	0.09061	0.58772	0.01058	0.00511	0.00145	0.00217	0.00899	0.00417	0.00373
6	0.00910	0.05499	0.03949	0.14327	0.12695	0.01836	0.16308	0.03822	0.05664	0.01371	0.07518	0.06209	0.07193	0.00576	0.00486	0.00138	0.03524	0.01882	0.02051	0.04043
7	0.09710	0.13851	0.17213	0.04525	0.12503	0.09864	0.03145	0.05924	0.04163	0.06613	0.00958	0.06744	0.00804	0.00489	0.00391	0.00128	0.00507	0.00391	0.01495	0.00581
8	0.00640	0.00421	0.00499	0.00512	0.00551	0.00425	0.00337	0.00711	0.00727	0.01033	0.01603	0.10482	0.05060	0.46228	0.12129	0.00361	0.00454	0.03829	0.13681	0.00317
9	0.00578	0.00430	0.00535	0.00594	0.00658	0.00410	0.00416	0.00740	0.06440	0.01194	0.08158	0.56168	0.14600	0.01226	0.00574	0.03202	0.00256	0.03044	0.00400	0.00374
10	0.01025	0.02677	0.16679	0.07319	0.30887	0.02663	0.05342	0.04391	0.18759	0.01499	0.02512	0.01241	0.02151	0.00461	0.00430	0.00135	0.00506	0.00412	0.00271	0.00640
11	0.05644	0.11736	0.13720	0.00880	0.03984	0.00850	0.00795	0.03518	0.01073	0.42017	0.01340	0.06974	0.00994	0.00647	0.03764	0.00154	0.00450	0.00433	0.00386	0.00640
12	0.00641	0.00523	0.00588	0.00651	0.00716	0.06106	0.00474	0.00754	0.00928	0.01198	0.11625	0.50099	0.05961	0.03486	0.00585	0.00175	0.00309	0.14417	0.00392	0.00373
13	0.03612	0.07197	0.22629	0.03530	0.23084	0.01000	0.06596	0.05297	0.07901	0.04090	0.01074	0.10133	0.00931	0.00523	0.00427	0.00136	0.00502	0.00462	0.00265	0.00611

[dist]
# distance from previous block
# <min> <max>
0	3

[block]
# block no. 4 follows, 61 sequences, length 28
# corresponding to MSA columns:
# 215-242
name=unknown_E
#
# <colnr> <probs for GDERKNQSTAVLIFYWHMCP>
#	G	D	E	R	K	N	Q	S	T	A	V	L	I	F	Y	W	H	M	C	P
0	0.03258	0.01054	0.09641	0.01050	0.10654	0.03565	0.04098	0.13723	0.01084	0.03300	0.01644	0.01107	0.00746	0.06184	0.00515	0.00124	0.01612	0.00344	0.00275	0.36021
1	0.02400	0.00538	0.00697	0.00650	0.01552	0.02612	0.05966	0.00777	0.00804	0.01088	0.07907	0.04268	0.15226	0.33139	0.18109	0.00358	0.00540	0.00632	0.02381	0.00357
2	0.01244	0.01245	0.01522	0.08872	0.36951	0.19695	0.05736	0.10550	0.01150	0.03492	0.00823	0.01011	0.00656	0.00416	0.00418	0.00124	0.00572	0.00362	0.00249	0.04912
3	0.00532	0.00379	0.00496	0.00586	0.00612	0.00355	0.00388	0.00602	0.00812	0.01080	0.02333	0.76590	0.04296	0.07900	0.00678	0.00193	0.00262	0.01171	0.00389	0.00343
4	0.01156	0.01054	0.01075	0.01044	0.07503	0.09133	0.00757	0.07751	0.59678	0.01751	0.01533	0.01517	0.01176	0.00564	0.00436	0.00141	0.00408	0.02264	0.00398	0.00661
5	0.01074	0.01002	0.01642	0.02273	0.63772	0.01013	0.04489	0.06563	0.04651	0.01489	0.00887	0.01121	0.00732	0.00548	0.04749	0.00158	0.00540	0.00395	0.00240	0.02663
6	0.01264	0.01178	0.06501	0.04320	0.06575	0.21102	0.02508	0.08488	0.07867	0.12009	0.02083	0.01346	0.00924	0.00573	0.02175	0.00139	0.02449	0.03237	0.14699	0.00564
7	0.00876	0.02144	0.76343	0.01274	0.01895	0.01007	0.07794	0.01365	0.00918	0.01365	0.00781	0.00929	0.00554	0.00406	0.00417	0.00137	0.00644	0.00333	0.00185	0.00632
8	0.00892	0.00792	0.01264	0.01832	0.51429	0.00779	0.00957	0.01103	0.00967	0.01380	0.05414	0.10972	0.10502	0.00610	0.00441	0.00133	0.00402	0.00560	0.09003	0.00567
9	0.00527	0.00383	0.00498	0.00584	0.00622	0.00353	0.00394	0.00611	0.00854	0.01132	0.06011	0.74708	0.09115	0.01309	0.00545	0.00171	0.00245	0.01180	0.00403	0.00353
10	0.00877	0.00665	0.00899	0.00864	0.01036	0.00691	0.05929	0.03344	0.20258	0.05284	0.05341	0.05511	0.03240	0.00932	0.00534	0.00174	0.00391	0.43124	0.00405	0.00500
11	0.00571	0.00424	0.00540	0.00615	0.00688	0.00396	0.00464	0.00687	0.00902	0.01162	0.02767	0.42370	0.20279	0.03081	0.00590	0.00180	0.00288	0.23236	0.00396	0.00364
12	0.00569	0.00421	0.00532	0.00548	0.00633	0.00384	0.00398	0.00717	0.01054	0.01433	0.43015	0.28206	0.16580	0.01065	0.00523	0.00151	0.00224	0.02725	0.00437	0.00382
13	0.01609	0.02053	0.01221	0.01110	0.01332	0.83132	0.00832	0.01720	0.01221	0.01054	0.00666	0.00777	0.00555	0.00444	0.00388	0.00111	0.00777	0.00277	0.00222	0.00499
14	0.01119	0.20099	0.03385	0.00882	0.01131	0.19966	0.03877	0.06646	0.15324	0.01339	0.03155	0.13415	0.04998	0.00640	0.00416	0.00129	0.00479	0.02157	0.00308	0.00534
15	0.00847	0.00663	0.00786	0.05312	0.00990	0.00552	0.00498	0.02061	0.00907	0.01422	0.03109	0.05585	0.00955	0.02470	0.00386	0.00093	0.00308	0.00367	0.17239	0.55453
16	0.00893	0.00766	0.00893	0.00638	0.01021	0.00574	0.00510	0.01085	0.00893	0.01404	0.00766	0.00893	0.00638	0.00319	0.00319	0.00064	0.00319	0.00255	0.00255	0.87495
17	0.01201	0.05765	0.01241	0.08203	0.13325	0.07529	0.00847	0.12736	0.34697	0.05496	0.01322	0.01371	0.02112	0.00523	0.00425	0.00135	0.00446	0.01628	0.00355	0.00644
18	0.01243	0.01046	0.01091	0.02562	0.03499	0.05467	0.00747	0.26126	0.45377	0.01985	0.01458	0.05140	0.01134	0.00583	0.00438	0.00140	0.00410	0.00474	0.00412	0.00669
19	0.01206	0.03189	0.05847	0.00725	0.01053	0.00656	0.00619	0.05409	0.01067	0.26643	0.05474	0.10118	0.01183	0.00542	0.00399	0.00109	0.00351	0.00451	0.00371	0.34589
20	0.00533	0.00384	0.00506	0.00588	0.00625	0.00356	0.00398	0.00623	0.00871	0.01168	0.10790	0.73357	0.05621	0.01292	0.00544	0.00170	0.00244	0.01167	0.00408	0.00356
21	0.00896	0.04184	0.55682	0.03545	0.01731	0.01095	0.05625	0.01283	0.00857	0.01275	0.00727	0.00931	0.00557	0.00483	0.00635	0.00147	0.19230	0.00341	0.00186	0.00590
22	0.00553	0.00453	0.00493	0.00516	0.00634	0.00409	0.00377	0.00728	0.06234	0.01190	0.03612	0.26018	0.53693	0.01130	0.00517	0.00154	0.00238	0.02266	0.00402	0.00381
23	0.01099	0.01228	0.08528	0.01574	0.01990	0.01111	0.56422	0.15089	0.01180	0.01611	0.03165	0.01173	0.00753	0.00417	0.00509	0.00143	0.02669	0.00477	0.00258	0.00604
24	0.00530	0.00381	0.00508	0.00599	0.00630	0.00359	0.00404	0.00611	0.00829	0.01107	0.03676	0.78222	0.04348	0.01415	0.03975	0.00195	0.00286	0.01179	0.00394	0.00353
25	0.03056	0.00462	0.00562	0.00587	0.00703	0.00423	0.01598	0.00747	0.00957	0.03346	0.07277	0.24214	0.36487	0.01120	0.00528	0.00162	0.00276	0.16710	0.00400	0.00385
26	0.00582	0.00441	0.00512	0.00505	0.00627	0.00388	0.00379	0.00727	0.01063	0.03042	0.32756	0.10081	0.43151	0.01025	0.00513	0.00145	0.00223	0.03025	0.00430	0.00387
27	0.07775	0.10777	0.49802	0.03573	0.10375	0.03117	0.06110	0.01347	0.00912	0.01362	0.00748	0.00905	0.00562	0.00400	0.00392	0.00131	0.00588	0.00321	0.00196	0.00608

[dist]
# distance from previous block
# <min> <max>
0	3

[block]
# block no. 5 follows, 61 sequences, length 22
# corresponding to MSA columns:
# 246-267
name=unknown_F
#
# <colnr> <probs for GDERKNQSTAVLIFYWHMCP>
#	G	D	E	R	K	N	Q	S	T	A	V	L	I	F	Y	W	H	M	C	P
0	0.00998	0.19955	0.56221	0.01072	0.01619	0.01128	0.01301	0.03470	0.00946	0.05167	0.00786	0.00891	0.00580	0.00406	0.00379	0.00124	0.00570	0.00304	0.00208	0.03874
1	0.00867	0.05371	0.01312	0.70105	0.02661	0.04042	0.01107	0.01133	0.00878	0.01117	0.00753	0.01091	0.00577	0.00420	0.00413	0.00134	0.00557	0.00361	0.00197	0.06904
2	0.00548	0.00401	0.00546	0.05096	0.00751	0.00389	0.00444	0.00635	0.00823	0.01093	0.02244	0.74908	0.02666	0.04665	0.00611	0.00184	0.00278	0.02981	0.00383	0.00354
3	0.01318	0.04880	0.01142	0.00910	0.01194	0.05089	0.00730	0.25896	0.45595	0.06365	0.01429	0.01345	0.01055	0.00545	0.00426	0.00136	0.00409	0.00432	0.00419	0.00685
4	0.00952	0.27913	0.54553	0.01055	0.01591	0.01209	0.01286	0.01347	0.02385	0.01270	0.02333	0.00900	0.00631	0.00409	0.00370	0.00123	0.00568	0.00303	0.00193	0.00607
5	0.00965	0.08030	0.59325	0.01199	0.03304	0.05435	0.04774	0.03512	0.04219	0.01379	0.00806	0.00931	0.00593	0.00413	0.00402	0.00130	0.00606	0.00326	0.00206	0.03446
6	0.00976	0.08289	0.30898	0.01469	0.01960	0.01106	0.41777	0.01416	0.05310	0.01368	0.00862	0.01058	0.00643	0.00392	0.00451	0.00138	0.00652	0.00417	0.00214	0.00604
7	0.00704	0.00633	0.02732	0.03727	0.00830	0.06566	0.00509	0.00929	0.03750	0.01544	0.53854	0.04472	0.11635	0.02026	0.00520	0.00143	0.00289	0.04293	0.00421	0.00423
8	0.03169	0.08597	0.42832	0.02538	0.01614	0.09065	0.07995	0.03350	0.05559	0.03045	0.05232	0.01933	0.00828	0.00462	0.00428	0.00133	0.02020	0.00371	0.00237	0.00593
9	0.01165	0.03798	0.19993	0.03458	0.17903	0.03730	0.12410	0.14175	0.04331	0.08327	0.01034	0.03363	0.00816	0.00482	0.00439	0.00136	0.00544	0.02971	0.00287	0.00637
10	0.00527	0.00408	0.00482	0.00530	0.00613	0.00363	0.00375	0.00628	0.00922	0.01174	0.08676	0.43230	0.36542	0.01204	0.00531	0.00160	0.00236	0.02633	0.00405	0.00361
11	0.00548	0.00416	0.00508	0.00572	0.00637	0.00387	0.00395	0.00686	0.04533	0.01162	0.04736	0.59640	0.21714	0.01242	0.00534	0.00166	0.00245	0.01105	0.00403	0.00370
12	0.01020	0.04794	0.22522	0.01587	0.13078	0.05290	0.32748	0.03723	0.03402	0.01386	0.00892	0.01166	0.00703	0.00507	0.03137	0.00155	0.00652	0.02412	0.00225	0.00600
13	0.00631	0.00483	0.00578	0.00561	0.00695	0.00439	0.02333	0.00818	0.05531	0.04686	0.13535	0.19977	0.44306	0.01090	0.02201	0.00161	0.00267	0.00894	0.00409	0.00406
14	0.00823	0.00601	0.00681	0.00615	0.00784	0.00597	0.00474	0.09043	0.13326	0.05599	0.31313	0.04499	0.25289	0.00839	0.00480	0.00139	0.00264	0.00712	0.03439	0.00483
15	0.02318	0.02645	0.04659	0.01874	0.10094	0.08253	0.04761	0.07520	0.11120	0.27444	0.03521	0.02257	0.02079	0.00718	0.06531	0.00173	0.00504	0.00434	0.02466	0.00628
16	0.01153	0.02819	0.17529	0.05297	0.29736	0.14123	0.10330	0.05202	0.04447	0.04006	0.00860	0.01032	0.00666	0.00417	0.00425	0.00130	0.00591	0.00372	0.00238	0.00626
17	0.00812	0.00747	0.04561	0.00789	0.00873	0.03226	0.00646	0.02760	0.00825	0.01216	0.08842	0.05155	0.03874	0.09873	0.11713	0.01558	0.28626	0.00503	0.12978	0.00423
18	0.00687	0.00523	0.00712	0.10078	0.02793	0.00538	0.02806	0.05237	0.00848	0.01130	0.04255	0.31854	0.03277	0.32007	0.01131	0.00255	0.00379	0.00801	0.00319	0.00370
19	0.23415	0.02991	0.10646	0.00804	0.03467	0.02443	0.00695	0.04767	0.02229	0.01526	0.00972	0.07921	0.02070	0.00585	0.02596	0.00134	0.04370	0.02285	0.00271	0.25815
20	0.09972	0.05571	0.21501	0.00950	0.04231	0.09480	0.00886	0.02752	0.05661	0.05943	0.08204	0.01223	0.02823	0.00492	0.00445	0.00123	0.05293	0.00369	0.00278	0.13803
21	0.02962	0.09423	0.10001	0.00856	0.03981	0.04587	0.02891	0.05464	0.08353	0.05671	0.08539	0.06132	0.03666	0.00585	0.01875	0.00126	0.00412	0.00443	0.04262	0.19771

[dist]
# distance from previous block
# <min> <max>
0	118

# created by:
# /st0/software/busco_prod/Augustus/scripts/msa2prfl.pl ./align_prep/138217.fa
