[name]
unknown

[dist]
# distance from previous block
# <min> <max>
5	163

[block]
# block no. 0 follows, 52 sequences, length 8
# corresponding to MSA columns:
# 214-221
name=unknown_A
#
# <colnr> <probs for GDERKNQSTAVLIFYWHMCP>
#	G	D	E	R	K	N	Q	S	T	A	V	L	I	F	Y	W	H	M	C	P
0	0.00992	0.00840	0.01108	0.08023	0.09054	0.05206	0.05285	0.07817	0.05422	0.03509	0.08455	0.17493	0.05439	0.07480	0.09070	0.00252	0.00556	0.03087	0.00370	0.00540
1	0.05725	0.00846	0.01142	0.08109	0.07961	0.00857	0.05270	0.10979	0.05706	0.12369	0.05681	0.11723	0.08764	0.05723	0.00628	0.00176	0.00443	0.02860	0.00406	0.04633
2	0.04208	0.01072	0.01254	0.04954	0.11650	0.11463	0.05129	0.06307	0.08085	0.10179	0.05526	0.11421	0.06232	0.00707	0.00529	0.00151	0.03093	0.00597	0.00375	0.07068
3	0.09242	0.00931	0.01058	0.03309	0.03591	0.04982	0.03040	0.13479	0.08711	0.14513	0.07720	0.11782	0.04808	0.02902	0.00537	0.00160	0.00428	0.00612	0.03227	0.04968
4	0.07367	0.02919	0.03324	0.07776	0.07816	0.05184	0.09512	0.12250	0.08413	0.05616	0.03556	0.01389	0.02656	0.00625	0.02878	0.00160	0.03216	0.00447	0.02940	0.11956
5	0.05323	0.00943	0.04390	0.05482	0.06504	0.03072	0.08883	0.07400	0.07330	0.09532	0.06539	0.09973	0.12191	0.05225	0.02425	0.00187	0.00484	0.00659	0.00388	0.03070
6	0.08730	0.00967	0.01312	0.01044	0.01341	0.03355	0.14035	0.11140	0.05312	0.14521	0.05598	0.04415	0.03709	0.04921	0.03194	0.01886	0.03348	0.02959	0.00390	0.07823
7	0.01039	0.03504	0.09732	0.06537	0.08885	0.00900	0.07898	0.08040	0.06320	0.05687	0.07877	0.07865	0.12310	0.03467	0.03258	0.02834	0.00510	0.02385	0.00364	0.00589

[dist]
# distance from previous block
# <min> <max>
1	7

[block]
# block no. 1 follows, 52 sequences, length 17
# corresponding to MSA columns:
# 229-245
name=unknown_B
#
# <colnr> <probs for GDERKNQSTAVLIFYWHMCP>
#	G	D	E	R	K	N	Q	S	T	A	V	L	I	F	Y	W	H	M	C	P
0	0.01190	0.00784	0.02641	0.03163	0.02781	0.01792	0.02046	0.03410	0.07259	0.20242	0.20394	0.05031	0.05451	0.02712	0.00572	0.00163	0.00389	0.10434	0.00466	0.09080
1	0.01099	0.02615	0.01434	0.26565	0.19501	0.04230	0.03548	0.11986	0.02386	0.01649	0.07833	0.07556	0.06244	0.00650	0.00504	0.00155	0.00536	0.00573	0.00323	0.00614
2	0.02862	0.01243	0.01455	0.07285	0.13272	0.12359	0.05554	0.23837	0.02948	0.04650	0.01089	0.02577	0.00907	0.07644	0.04035	0.00204	0.06623	0.00466	0.00336	0.00653
3	0.06329	0.15605	0.25771	0.12687	0.03401	0.02870	0.01160	0.02963	0.07188	0.13103	0.01090	0.01188	0.00796	0.00497	0.00431	0.00144	0.00562	0.00385	0.03157	0.00674
4	0.01072	0.00718	0.00794	0.00707	0.00920	0.00711	0.00548	0.15311	0.07657	0.10251	0.05530	0.12325	0.30238	0.00948	0.00520	0.00157	0.00329	0.00793	0.09908	0.00563
5	0.00806	0.00574	0.00633	0.00593	0.00673	0.00572	0.00388	0.09308	0.00999	0.01313	0.07764	0.03249	0.15818	0.53275	0.01771	0.00356	0.00419	0.00744	0.00360	0.00385
6	0.10616	0.01131	0.01747	0.02484	0.61543	0.03107	0.03167	0.01500	0.03789	0.01643	0.01076	0.01304	0.03837	0.00474	0.00465	0.00146	0.00547	0.00441	0.00264	0.00719
7	0.00769	0.09720	0.00916	0.00682	0.00829	0.00728	0.00547	0.00948	0.01187	0.01601	0.42588	0.03269	0.22794	0.00970	0.00663	0.00157	0.09931	0.00792	0.00438	0.00472
8	0.01071	0.01344	0.11185	0.01800	0.02271	0.01124	0.60553	0.01475	0.01157	0.01597	0.10263	0.01549	0.01175	0.00483	0.00560	0.00161	0.00736	0.00584	0.00275	0.00637
9	0.01481	0.44066	0.01975	0.00956	0.01339	0.04781	0.00856	0.26320	0.10637	0.01862	0.00987	0.01027	0.00788	0.00500	0.00393	0.00125	0.00521	0.00352	0.00332	0.00702
10	0.01313	0.17466	0.05992	0.00981	0.01345	0.03673	0.04528	0.17837	0.10293	0.06040	0.04759	0.04746	0.02488	0.00593	0.00465	0.00134	0.01707	0.01875	0.00368	0.13396
11	0.01238	0.09930	0.21373	0.01951	0.28260	0.13495	0.13902	0.01575	0.01120	0.01461	0.00864	0.01081	0.00688	0.00444	0.00466	0.00142	0.00690	0.00401	0.00230	0.00690
12	0.01338	0.68120	0.07688	0.00900	0.01332	0.01815	0.00905	0.10536	0.01140	0.01393	0.00745	0.00840	0.00645	0.00437	0.00342	0.00112	0.00533	0.00287	0.00240	0.00652
13	0.00692	0.00464	0.00532	0.00545	0.00548	0.00461	0.00311	0.00701	0.00729	0.00973	0.01653	0.11967	0.01922	0.73956	0.02262	0.00440	0.00449	0.00779	0.00311	0.00305
14	0.01215	0.14448	0.22367	0.01501	0.10468	0.14110	0.14779	0.03925	0.01138	0.01455	0.02599	0.05699	0.00892	0.00532	0.00498	0.00146	0.02876	0.00454	0.00253	0.00646
15	0.01285	0.25810	0.29829	0.01406	0.12351	0.04673	0.05555	0.01619	0.01087	0.10711	0.00942	0.01058	0.00714	0.00458	0.00427	0.00136	0.00615	0.00364	0.00261	0.00698
16	0.01122	0.10764	0.01907	0.26770	0.44692	0.01221	0.03902	0.01409	0.01050	0.01424	0.00870	0.01181	0.00712	0.00445	0.00464	0.00145	0.00598	0.00416	0.00229	0.00677

[dist]
# distance from previous block
# <min> <max>
5	16

[block]
# block no. 2 follows, 52 sequences, length 87
# corresponding to MSA columns:
# 264-350
name=unknown_C
#
# <colnr> <probs for GDERKNQSTAVLIFYWHMCP>
#	G	D	E	R	K	N	Q	S	T	A	V	L	I	F	Y	W	H	M	C	P
0	0.00975	0.10500	0.12789	0.01049	0.07234	0.03463	0.02316	0.01464	0.16682	0.01688	0.26722	0.05856	0.05805	0.00746	0.00501	0.00151	0.00425	0.00636	0.00395	0.00601
1	0.00974	0.00829	0.00993	0.04384	0.01213	0.00659	0.00608	0.01217	0.02664	0.01586	0.05661	0.02786	0.01048	0.00450	0.00391	0.00088	0.00365	0.01889	0.00309	0.71886
2	0.00694	0.00521	0.00674	0.00631	0.00744	0.00500	0.00478	0.00910	0.01323	0.01861	0.70574	0.03582	0.09968	0.01002	0.00618	0.00156	0.03928	0.00867	0.00513	0.00457
3	0.00612	0.00500	0.00573	0.04210	0.00795	0.00446	0.00439	0.00759	0.01127	0.01417	0.18596	0.13913	0.52534	0.01185	0.00574	0.00166	0.00265	0.01012	0.00455	0.00422
4	0.00725	0.00534	0.00666	0.00619	0.00751	0.00499	0.00468	0.04387	0.01382	0.01921	0.67564	0.03629	0.13026	0.00999	0.00568	0.00153	0.00244	0.00873	0.00522	0.00468
5	0.01292	0.79546	0.02474	0.00836	0.01245	0.01885	0.00826	0.01502	0.04513	0.01180	0.00732	0.00824	0.00661	0.00426	0.00319	0.00106	0.00512	0.00272	0.00220	0.00628
6	0.00708	0.00474	0.00540	0.00545	0.00550	0.00474	0.00316	0.00718	0.00723	0.00963	0.01574	0.03275	0.01808	0.79281	0.02385	0.00459	0.00469	0.04138	0.00301	0.00301
7	0.00746	0.00510	0.00624	0.00617	0.00621	0.00541	0.00391	0.00739	0.00722	0.00975	0.01458	0.06463	0.01659	0.60394	0.02189	0.10945	0.06743	0.03064	0.00289	0.00311
8	0.02117	0.00826	0.01139	0.04520	0.01332	0.00729	0.00741	0.02311	0.01368	0.76710	0.01864	0.01633	0.01175	0.00595	0.00487	0.00150	0.00423	0.00485	0.00582	0.00812
9	0.01233	0.01271	0.10860	0.01033	0.01353	0.06643	0.00888	0.02308	0.57163	0.05309	0.01781	0.05293	0.01379	0.00659	0.00491	0.00161	0.00455	0.00543	0.00444	0.00732
10	0.00842	0.00421	0.00631	0.00631	0.00631	0.00421	0.00421	0.00631	0.00631	0.00842	0.00842	0.01473	0.00842	0.01684	0.01894	0.85901	0.00421	0.00421	0.00210	0.00210
11	0.00903	0.00452	0.00452	0.00452	0.00565	0.00452	0.00339	0.01129	0.01016	0.01807	0.01581	0.01807	0.01242	0.00565	0.00339	0.00113	0.00226	0.00452	0.85659	0.00452
12	0.35425	0.01692	0.01091	0.00989	0.01258	0.45739	0.00765	0.01716	0.01149	0.02990	0.00787	0.00971	0.00651	0.00503	0.00389	0.00138	0.00656	0.02262	0.00281	0.00549
13	0.01005	0.00861	0.01005	0.00718	0.01148	0.00646	0.00574	0.01220	0.01005	0.01579	0.00861	0.01005	0.00718	0.00359	0.00359	0.00072	0.00359	0.00287	0.00287	0.85932
14	0.00903	0.00452	0.00452	0.00452	0.00565	0.00452	0.00339	0.01129	0.01016	0.01807	0.01581	0.01807	0.01242	0.00565	0.00339	0.00113	0.00226	0.00452	0.85659	0.00452
15	0.01079	0.01028	0.01749	0.36498	0.47368	0.01120	0.01427	0.01381	0.01046	0.01436	0.00890	0.01239	0.00716	0.00454	0.00482	0.00151	0.00606	0.00431	0.00229	0.00670
16	0.01186	0.00684	0.00969	0.00929	0.02673	0.00653	0.04099	0.01464	0.06501	0.23551	0.06689	0.16915	0.02297	0.01037	0.00584	0.00186	0.00411	0.28106	0.00485	0.00581
17	0.00588	0.00430	0.00554	0.00652	0.00697	0.00396	0.00440	0.00677	0.00950	0.01246	0.02946	0.73054	0.12627	0.01482	0.00613	0.00193	0.00277	0.01334	0.00450	0.00396
18	0.03945	0.01202	0.13766	0.01006	0.01352	0.01066	0.00904	0.02220	0.47465	0.13178	0.01792	0.04725	0.01377	0.00665	0.00491	0.00163	0.00439	0.03054	0.00453	0.00735
19	0.01005	0.00861	0.01005	0.00718	0.01148	0.00646	0.00574	0.01220	0.01005	0.01579	0.00861	0.01005	0.00718	0.00359	0.00359	0.00072	0.00359	0.00287	0.00287	0.85932
20	0.00873	0.00816	0.01335	0.71796	0.03007	0.00994	0.01225	0.01171	0.00986	0.01247	0.01360	0.01707	0.10382	0.00576	0.00495	0.00162	0.00597	0.00504	0.00244	0.00522
21	0.00587	0.00452	0.00537	0.00600	0.00685	0.00402	0.00418	0.00692	0.01013	0.01291	0.06384	0.49167	0.33265	0.01385	0.00599	0.00182	0.00265	0.01220	0.00453	0.00402
22	0.01045	0.12376	0.67032	0.01317	0.01982	0.01215	0.03523	0.01545	0.01030	0.03402	0.00874	0.01015	0.00632	0.00457	0.00445	0.00147	0.00687	0.00354	0.00216	0.00706
23	0.01598	0.01619	0.11150	0.01287	0.06894	0.18346	0.02119	0.32096	0.12794	0.05545	0.01167	0.01202	0.00861	0.00548	0.00474	0.00145	0.00609	0.00420	0.00386	0.00740
24	0.00652	0.00494	0.00600	0.00574	0.00703	0.00443	0.00430	0.00848	0.01291	0.01752	0.57127	0.03935	0.27256	0.01062	0.00572	0.00156	0.00234	0.00921	0.00508	0.00443
25	0.00813	0.00608	0.00678	0.00619	0.00799	0.00567	0.00475	0.10368	0.01334	0.04140	0.26805	0.05573	0.43288	0.01064	0.00560	0.00158	0.00282	0.00898	0.00484	0.00487
26	0.15059	0.04739	0.11415	0.01093	0.01520	0.01012	0.12942	0.07333	0.01260	0.36853	0.01333	0.01309	0.00895	0.00519	0.00460	0.00150	0.00521	0.00435	0.00422	0.00728
27	0.04866	0.02064	0.53095	0.01524	0.09385	0.01181	0.08199	0.10979	0.01187	0.01756	0.00911	0.01071	0.00661	0.00468	0.00468	0.00152	0.00674	0.00389	0.00250	0.00721
28	0.01137	0.01115	0.01595	0.17570	0.30060	0.09161	0.05781	0.04969	0.01109	0.01470	0.03571	0.01422	0.00938	0.00909	0.10475	0.00231	0.05807	0.01793	0.00262	0.00626
29	0.11841	0.03927	0.03272	0.01961	0.32121	0.05799	0.18755	0.01638	0.01124	0.12525	0.01016	0.01198	0.00773	0.00461	0.00484	0.00148	0.01524	0.00437	0.00297	0.00699
30	0.76026	0.00923	0.00763	0.00665	0.00974	0.01041	0.00548	0.01540	0.00894	0.11788	0.00827	0.00893	0.00608	0.00468	0.00323	0.00150	0.00379	0.00290	0.00337	0.00562
31	0.01256	0.03027	0.03759	0.12205	0.48620	0.02859	0.06034	0.08320	0.03822	0.03971	0.00987	0.01227	0.00782	0.00464	0.00482	0.00147	0.00592	0.00438	0.00276	0.00730
32	0.00627	0.00484	0.00572	0.00569	0.00693	0.00430	0.00420	0.00795	0.01207	0.01594	0.39318	0.13779	0.35460	0.01153	0.00578	0.00163	0.00242	0.00999	0.00489	0.00430
33	0.01049	0.03667	0.01404	0.01347	0.13652	0.03854	0.12691	0.10994	0.04662	0.01659	0.07959	0.23019	0.07223	0.00859	0.00579	0.00164	0.03481	0.00773	0.00374	0.00588
34	0.00605	0.00436	0.00574	0.00659	0.00705	0.00404	0.00449	0.00714	0.01005	0.01354	0.15223	0.67447	0.05779	0.01424	0.00610	0.00189	0.00272	0.01285	0.00463	0.00404
35	0.02133	0.00890	0.01165	0.00893	0.01270	0.00810	0.00738	0.11712	0.01497	0.70776	0.01820	0.01590	0.01153	0.00598	0.00487	0.00149	0.00427	0.00481	0.00586	0.00825
36	0.01200	0.01147	0.01929	0.02887	0.76491	0.01154	0.01456	0.01535	0.04527	0.01603	0.00958	0.01226	0.00799	0.00442	0.00480	0.00145	0.00567	0.00437	0.00251	0.00768
37	0.00686	0.00495	0.00648	0.00610	0.00724	0.00457	0.00457	0.00914	0.01372	0.01943	0.79691	0.03620	0.04572	0.00991	0.00572	0.00152	0.00229	0.00876	0.00533	0.00457
38	0.01359	0.73297	0.02396	0.00881	0.01275	0.11654	0.00842	0.01511	0.01032	0.01146	0.00683	0.00789	0.00622	0.00425	0.00326	0.00106	0.00562	0.00266	0.00213	0.00614
39	0.00576	0.00491	0.00496	0.00495	0.00657	0.00411	0.00371	0.00702	0.01113	0.01329	0.07207	0.04632	0.77440	0.01220	0.00573	0.00163	0.00245	0.01018	0.00453	0.00411
40	0.01296	0.83261	0.02539	0.00829	0.01244	0.01917	0.00829	0.01451	0.00985	0.01140	0.00674	0.00777	0.00622	0.00415	0.00311	0.00104	0.00518	0.00259	0.00207	0.00622
41	0.01116	0.24982	0.53818	0.01214	0.01822	0.03151	0.01469	0.04567	0.01070	0.01477	0.00824	0.00957	0.00625	0.00453	0.00419	0.00139	0.00657	0.00333	0.00217	0.00691
42	0.01301	0.01503	0.01287	0.01161	0.01334	0.39430	0.07163	0.01441	0.01141	0.01238	0.01302	0.21019	0.01362	0.00830	0.00673	0.00163	0.12712	0.04120	0.00301	0.00518
43	0.14785	0.01116	0.01340	0.01077	0.01418	0.01217	0.10288	0.22742	0.29083	0.08052	0.01482	0.01457	0.02612	0.00581	0.00471	0.00156	0.00475	0.00481	0.00437	0.00728
44	0.01166	0.45525	0.29256	0.01168	0.01695	0.01561	0.10680	0.01492	0.01017	0.01326	0.00779	0.00927	0.00633	0.00430	0.00394	0.00128	0.00623	0.00332	0.00211	0.00658
45	0.00606	0.00440	0.00573	0.00650	0.00703	0.00406	0.00445	0.00719	0.01019	0.01368	0.16547	0.63118	0.08804	0.01404	0.00607	0.00187	0.00269	0.01264	0.00465	0.00406
46	0.02011	0.00860	0.01129	0.00859	0.01241	0.00749	0.00707	0.06562	0.01391	0.66182	0.01740	0.01542	0.01119	0.00569	0.00471	0.00140	0.00413	0.00460	0.00555	0.11300
47	0.11475	0.03313	0.00763	0.00724	0.00867	0.00598	0.00542	0.01121	0.01013	0.15679	0.02214	0.49919	0.02398	0.01172	0.00549	0.00181	0.00336	0.06187	0.00450	0.00499
48	0.01218	0.44363	0.09605	0.01568	0.25267	0.01577	0.01137	0.01448	0.01006	0.01314	0.00762	0.00951	0.00667	0.00458	0.00475	0.00129	0.06839	0.00334	0.00217	0.00668
49	0.00709	0.00541	0.00801	0.00792	0.00872	0.00640	0.00615	0.00873	0.00775	0.01121	0.01277	0.01909	0.01204	0.06141	0.74956	0.00744	0.04817	0.00521	0.00259	0.00432
50	0.17412	0.25618	0.38209	0.01082	0.01598	0.01365	0.02227	0.01474	0.00964	0.01527	0.00767	0.00912	0.00602	0.00461	0.00435	0.00141	0.04022	0.00317	0.00224	0.00644
51	0.00686	0.00495	0.00648	0.00610	0.00724	0.00457	0.00457	0.00914	0.01372	0.01943	0.79691	0.03620	0.04572	0.00991	0.00572	0.00152	0.00229	0.00876	0.00533	0.00457
52	0.31126	0.01104	0.02243	0.10922	0.01581	0.02288	0.06606	0.24275	0.01380	0.12564	0.01032	0.01118	0.00736	0.00511	0.00426	0.00151	0.00504	0.00389	0.00378	0.00667
53	0.01759	0.01182	0.01310	0.01031	0.01389	0.01277	0.00843	0.50132	0.14127	0.16546	0.04314	0.01441	0.01131	0.00612	0.00490	0.00149	0.00477	0.00479	0.00508	0.00802
54	0.00649	0.00494	0.00597	0.00571	0.00701	0.00442	0.00428	0.00843	0.01285	0.01738	0.55440	0.03958	0.28951	0.01067	0.00572	0.00156	0.00234	0.00924	0.00506	0.00442
55	0.01005	0.00861	0.01005	0.00718	0.01148	0.00646	0.00574	0.01220	0.01005	0.01579	0.00861	0.01005	0.00718	0.00359	0.00359	0.00072	0.00359	0.00287	0.00287	0.85932
56	0.01047	0.00700	0.03733	0.00733	0.00939	0.00623	0.00594	0.01420	0.10925	0.17023	0.52246	0.02922	0.03397	0.00855	0.00542	0.00153	0.00301	0.00742	0.00529	0.00576
57	0.00590	0.00423	0.00561	0.00671	0.00702	0.00394	0.00448	0.00675	0.00932	0.01239	0.02722	0.80877	0.04948	0.01512	0.00617	0.00196	0.00280	0.01370	0.00450	0.00394
58	0.00743	0.00517	0.00641	0.00642	0.00778	0.00468	0.00499	0.00921	0.01203	0.06070	0.31376	0.11594	0.27455	0.01152	0.00588	0.00172	0.00287	0.13950	0.00488	0.00455
59	0.05103	0.00651	0.00851	0.00735	0.00961	0.00589	0.00574	0.01550	0.01284	0.37088	0.28910	0.15247	0.02659	0.00875	0.00529	0.00158	0.00326	0.00755	0.00540	0.00615
60	0.00712	0.00513	0.00641	0.00690	0.00775	0.00496	0.00534	0.00847	0.01000	0.01294	0.07076	0.05979	0.16299	0.26134	0.01192	0.00283	0.00402	0.34335	0.00406	0.00393
61	0.01168	0.03069	0.03874	0.16447	0.52424	0.04669	0.08405	0.01470	0.01091	0.01492	0.00895	0.01197	0.00730	0.00442	0.00483	0.00147	0.00625	0.00433	0.00235	0.00704
62	0.04554	0.29914	0.05019	0.01089	0.01416	0.47913	0.00921	0.01735	0.01207	0.01219	0.00726	0.00844	0.00620	0.00467	0.00390	0.00120	0.00728	0.00294	0.00235	0.00587
63	0.86392	0.00937	0.00712	0.00637	0.00937	0.01087	0.00525	0.01425	0.00825	0.02174	0.00675	0.00787	0.00525	0.00450	0.00300	0.00150	0.00375	0.00262	0.00300	0.00525
64	0.01187	0.01201	0.03864	0.02823	0.68645	0.01160	0.10935	0.01496	0.01107	0.01578	0.00919	0.01209	0.00760	0.00430	0.00491	0.00147	0.00609	0.00447	0.00240	0.00752
65	0.00925	0.00683	0.06231	0.00700	0.00895	0.00541	0.00587	0.01171	0.01350	0.13482	0.62762	0.03150	0.03801	0.00896	0.00551	0.00152	0.00289	0.00783	0.00521	0.00529
66	0.00835	0.00999	0.13220	0.01186	0.06368	0.00756	0.16358	0.01138	0.03121	0.01553	0.19601	0.23917	0.07088	0.00906	0.00560	0.00167	0.00462	0.00844	0.00378	0.00544
67	0.14865	0.12297	0.28387	0.01321	0.05635	0.12764	0.10684	0.04931	0.01107	0.01603	0.00822	0.00983	0.00634	0.00461	0.00442	0.00144	0.01669	0.00358	0.00246	0.00649
68	0.00999	0.00939	0.01527	0.58062	0.14029	0.01108	0.03707	0.01448	0.10607	0.01395	0.01009	0.01343	0.00769	0.00496	0.00488	0.00159	0.00609	0.00450	0.00254	0.00603
69	0.00696	0.00556	0.00757	0.00948	0.10500	0.00522	0.00618	0.00842	0.01033	0.01340	0.03048	0.36722	0.23793	0.01271	0.00598	0.00186	0.00339	0.15353	0.00423	0.00454
70	0.00662	0.00506	0.00609	0.00581	0.00714	0.00459	0.00436	0.00883	0.02972	0.01749	0.54923	0.03903	0.27712	0.01057	0.00570	0.00156	0.00237	0.00914	0.00507	0.00449
71	0.86392	0.00937	0.00712	0.00637	0.00937	0.01087	0.00525	0.01425	0.00825	0.02174	0.00675	0.00787	0.00525	0.00450	0.00300	0.00150	0.00375	0.00262	0.00300	0.00525
72	0.00590	0.00422	0.00562	0.00675	0.00703	0.00394	0.00450	0.00675	0.00928	0.01237	0.02671	0.82653	0.03205	0.01518	0.00619	0.00197	0.00281	0.01378	0.00450	0.00394
73	0.01116	0.01252	0.02686	0.11860	0.02632	0.01207	0.68728	0.01514	0.01122	0.01514	0.00966	0.01305	0.00724	0.00418	0.00561	0.00163	0.00796	0.00555	0.00241	0.00639
74	0.01363	0.73180	0.02406	0.00864	0.01276	0.01866	0.00840	0.10914	0.01144	0.01376	0.00734	0.00825	0.00647	0.00435	0.00332	0.00109	0.00520	0.00281	0.00241	0.00647
75	0.01040	0.01393	0.24345	0.01362	0.14548	0.01041	0.01128	0.01790	0.29825	0.01756	0.10362	0.01853	0.06182	0.00634	0.00495	0.00156	0.00487	0.00539	0.00368	0.00696
76	0.01404	0.73114	0.02365	0.00833	0.01243	0.01769	0.00815	0.01563	0.01034	0.10881	0.00826	0.00885	0.00693	0.00437	0.00333	0.00109	0.00505	0.00287	0.00256	0.00647
77	0.01173	0.11208	0.01938	0.02532	0.64294	0.01193	0.01329	0.01440	0.01109	0.01556	0.06814	0.01330	0.01036	0.00472	0.00466	0.00140	0.00542	0.00444	0.00258	0.00726
78	0.00589	0.00426	0.00558	0.00663	0.00700	0.00395	0.00444	0.00676	0.00939	0.01242	0.02819	0.77507	0.08256	0.01499	0.00616	0.00195	0.00279	0.01354	0.00450	0.00395
79	0.03244	0.01103	0.01457	0.41466	0.14537	0.07818	0.01189	0.08955	0.12398	0.01599	0.01044	0.01292	0.00797	0.00511	0.00477	0.00154	0.00599	0.00434	0.00290	0.00636
80	0.01345	0.01146	0.01693	0.01676	0.20399	0.06325	0.17256	0.12378	0.05267	0.10730	0.01408	0.08464	0.03032	0.00639	0.00559	0.00159	0.03576	0.02904	0.00359	0.00685
81	0.00775	0.00445	0.00581	0.00581	0.00581	0.00445	0.00359	0.00667	0.00667	0.00890	0.01177	0.02304	0.01292	0.41447	0.02174	0.44109	0.00445	0.00560	0.00251	0.00251
82	0.00701	0.00508	0.00599	0.00568	0.00716	0.00447	0.00429	0.00880	0.01253	0.05100	0.42962	0.03998	0.37914	0.01079	0.00568	0.00157	0.00244	0.00925	0.00499	0.00452
83	0.01359	0.48326	0.13612	0.01069	0.03900	0.08535	0.02380	0.06356	0.01124	0.05420	0.00815	0.00923	0.00670	0.00463	0.00416	0.00124	0.03284	0.00317	0.00250	0.00656
84	0.03334	0.02285	0.03776	0.05465	0.36882	0.06635	0.08465	0.07962	0.04674	0.14088	0.01120	0.01267	0.00842	0.00486	0.00481	0.00147	0.00583	0.00443	0.00328	0.00738
85	0.00968	0.00748	0.00881	0.00808	0.00936	0.05303	0.00621	0.03708	0.04864	0.07765	0.20113	0.07696	0.07180	0.08210	0.17685	0.00319	0.10621	0.00681	0.00391	0.00503
86	0.00983	0.00652	0.00780	0.00737	0.00907	0.00641	0.00558	0.07238	0.11055	0.11442	0.16995	0.26591	0.15008	0.01073	0.00562	0.00170	0.00320	0.03254	0.00492	0.00544

[dist]
# distance from previous block
# <min> <max>
0	18

# created by:
# /st0/software/busco_prod/Augustus/scripts/msa2prfl.pl ./align_prep/138527.fa
