[name]
unknown

[dist]
# distance from previous block
# <min> <max>
0	44

[block]
# block no. 0 follows, 70 sequences, length 86
# corresponding to MSA columns:
# 52-98,110-148
name=unknown_A
#
# <colnr> <probs for GDERKNQSTAVLIFYWHMCP>
#	G	D	E	R	K	N	Q	S	T	A	V	L	I	F	Y	W	H	M	C	P
0	0.50317	0.00642	0.00650	0.12899	0.00998	0.00728	0.00521	0.01004	0.00788	0.01543	0.18141	0.01474	0.01263	0.00514	0.00332	0.00127	0.00312	0.07064	0.00279	0.00405
1	0.00960	0.00921	0.01574	0.02380	0.83957	0.00921	0.01190	0.01190	0.00883	0.01267	0.00729	0.00960	0.00614	0.00345	0.00384	0.00115	0.00461	0.00345	0.00192	0.00614
2	0.00467	0.00391	0.00395	0.00395	0.00515	0.00331	0.00290	0.00557	0.00857	0.01023	0.03703	0.03632	0.76964	0.08066	0.00584	0.00151	0.00211	0.00797	0.00350	0.00320
3	0.00612	0.00437	0.00610	0.00700	0.00783	0.00435	0.00603	0.00781	0.00880	0.01146	0.02060	0.11155	0.02259	0.01083	0.00532	0.00177	0.00346	0.74690	0.00357	0.00353
4	0.00960	0.00921	0.01574	0.02380	0.83957	0.00921	0.01190	0.01190	0.00883	0.01267	0.00729	0.00960	0.00614	0.00345	0.00384	0.00115	0.00461	0.00345	0.00192	0.00614
5	0.01120	0.00783	0.00994	0.00770	0.01050	0.01740	0.08038	0.18922	0.09356	0.17861	0.09909	0.01400	0.05671	0.00484	0.00383	0.00108	0.00350	0.00411	0.00354	0.20297
6	0.77221	0.03941	0.00676	0.00562	0.00803	0.08003	0.00461	0.02386	0.00719	0.01653	0.00551	0.00640	0.00433	0.00364	0.00252	0.00117	0.00340	0.00215	0.00236	0.00429
7	0.00932	0.00893	0.01524	0.12339	0.74211	0.00914	0.01176	0.01166	0.00870	0.01233	0.00724	0.00968	0.00602	0.00350	0.00384	0.00117	0.00467	0.00345	0.00190	0.00592
8	0.00528	0.00395	0.00490	0.00466	0.00567	0.00357	0.00350	0.00692	0.01050	0.01441	0.65870	0.03083	0.21612	0.00835	0.00457	0.00124	0.00186	0.00727	0.00412	0.00357
9	0.00647	0.00418	0.00550	0.00504	0.00613	0.00383	0.00383	0.00828	0.01098	0.08413	0.76931	0.02765	0.03434	0.00767	0.00452	0.00122	0.00195	0.00675	0.00431	0.00390
10	0.00473	0.00354	0.00439	0.00500	0.00554	0.00321	0.00344	0.00554	0.00797	0.01035	0.07004	0.60979	0.22972	0.01133	0.00484	0.00149	0.00215	0.01009	0.00364	0.00321
11	0.00541	0.00396	0.00508	0.00480	0.00575	0.00363	0.00360	0.00717	0.01080	0.01513	0.77130	0.02965	0.10307	0.00808	0.00457	0.00123	0.00184	0.00711	0.00421	0.00363
12	0.00553	0.00463	0.00504	0.00578	0.00615	0.07326	0.00392	0.00623	0.00772	0.00986	0.02009	0.79035	0.02393	0.01147	0.00483	0.00153	0.00264	0.01031	0.00347	0.00326
13	0.12433	0.00990	0.01049	0.12419	0.01315	0.05045	0.00724	0.51182	0.04182	0.03031	0.00871	0.00933	0.00633	0.00440	0.00364	0.00118	0.00423	0.00330	0.02942	0.00577
14	0.89114	0.00750	0.00570	0.00510	0.00750	0.00870	0.00420	0.01140	0.00660	0.01739	0.00540	0.00630	0.00420	0.00360	0.00240	0.00120	0.00300	0.00210	0.00240	0.00420
15	0.00732	0.00689	0.01163	0.85444	0.02670	0.00861	0.01077	0.00991	0.00775	0.00991	0.00689	0.01034	0.00517	0.00388	0.00388	0.00129	0.00517	0.00345	0.00172	0.00431
16	0.00554	0.00414	0.00617	0.00617	0.00685	0.00482	0.00478	0.00689	0.00621	0.00896	0.01044	0.01551	0.00981	0.05230	0.82533	0.00616	0.01020	0.00419	0.00208	0.00343
17	0.01734	0.00668	0.00905	0.00694	0.00994	0.00582	0.00573	0.03386	0.01123	0.82710	0.01518	0.01312	0.00954	0.00480	0.00390	0.00120	0.00332	0.00389	0.00478	0.00660
18	0.89114	0.00750	0.00570	0.00510	0.00750	0.00870	0.00420	0.01140	0.00660	0.01739	0.00540	0.00630	0.00420	0.00360	0.00240	0.00120	0.00300	0.00210	0.00240	0.00420
19	0.00784	0.00742	0.01256	0.66589	0.21122	0.00875	0.01102	0.01036	0.00800	0.01053	0.00698	0.01017	0.00539	0.00378	0.00387	0.00126	0.00504	0.00345	0.00177	0.00472
20	0.00960	0.00921	0.01574	0.02380	0.83957	0.00921	0.01190	0.01190	0.00883	0.01267	0.00729	0.00960	0.00614	0.00345	0.00384	0.00115	0.00461	0.00345	0.00192	0.00614
21	0.01641	0.00638	0.00868	0.00673	0.00956	0.00553	0.00553	0.01793	0.01109	0.77367	0.08351	0.01450	0.01184	0.00506	0.00395	0.00120	0.00318	0.00416	0.00475	0.00635
22	0.00491	0.00393	0.00439	0.00430	0.00544	0.00341	0.00322	0.00620	0.00959	0.01231	0.32961	0.04780	0.53287	0.00917	0.00458	0.00128	0.00192	0.00780	0.00384	0.00341
23	0.00502	0.00394	0.00453	0.00438	0.00550	0.00346	0.00329	0.00641	0.00986	0.01291	0.42320	0.03329	0.45255	0.00891	0.00458	0.00127	0.00190	0.00762	0.00392	0.00346
24	0.00538	0.00399	0.00511	0.00538	0.00624	0.00371	0.00419	0.00684	0.00942	0.01259	0.33335	0.17785	0.18137	0.00974	0.00484	0.00145	0.00238	0.21884	0.00384	0.00347
25	0.00921	0.00902	0.01550	0.17652	0.60928	0.02137	0.07912	0.01162	0.00869	0.01209	0.00724	0.00977	0.00592	0.00352	0.00390	0.00119	0.00490	0.00353	0.00189	0.00570
26	0.01243	0.01263	0.00981	0.00861	0.01087	0.38311	0.00663	0.03071	0.29864	0.08713	0.01037	0.01031	0.00789	0.00447	0.00377	0.00110	0.01668	0.00330	0.00298	0.07854
27	0.00626	0.00475	0.00596	0.00574	0.00646	0.02419	0.00424	0.04907	0.00751	0.01038	0.11290	0.01955	0.04325	0.22448	0.43038	0.00434	0.01803	0.00492	0.01418	0.00341
28	0.01027	0.83561	0.04997	0.00679	0.01020	0.01511	0.00691	0.01163	0.00789	0.00923	0.00545	0.00629	0.00497	0.00333	0.00253	0.00084	0.00420	0.00210	0.00166	0.00500
29	0.01004	0.54629	0.25018	0.00820	0.01206	0.09479	0.00887	0.01217	0.00827	0.01004	0.00589	0.00685	0.00496	0.00349	0.00292	0.00096	0.00487	0.00234	0.00169	0.00514
30	0.89114	0.00750	0.00570	0.00510	0.00750	0.00870	0.00420	0.01140	0.00660	0.01739	0.00540	0.00630	0.00420	0.00360	0.00240	0.00120	0.00300	0.00210	0.00240	0.00420
31	0.02230	0.00907	0.00881	0.00792	0.01009	0.07904	0.00614	0.03865	0.70604	0.01568	0.01545	0.01437	0.03866	0.00527	0.00391	0.00128	0.00338	0.00430	0.00375	0.00589
32	0.06110	0.00948	0.01125	0.00976	0.08013	0.03947	0.05882	0.33266	0.13557	0.13966	0.01037	0.01040	0.00748	0.00436	0.00376	0.00115	0.00404	0.00355	0.00347	0.07352
33	0.00918	0.47173	0.33371	0.00825	0.01249	0.01208	0.00940	0.01171	0.00801	0.01062	0.00611	0.00712	0.00501	0.00342	0.00298	0.00096	0.00464	0.00239	0.00170	0.07848
34	0.00944	0.00909	0.01531	0.04452	0.74938	0.00942	0.01158	0.01163	0.00856	0.01232	0.00710	0.00952	0.00603	0.00374	0.00458	0.00120	0.07531	0.00345	0.00190	0.00593
35	0.00892	0.00876	0.01589	0.01136	0.01505	0.00763	0.43725	0.01145	0.00872	0.03881	0.00766	0.00948	0.00594	0.00314	0.00380	0.00098	0.00482	0.00355	0.00220	0.39459
36	0.00558	0.00400	0.00548	0.00548	0.00591	0.00444	0.00391	0.00644	0.00601	0.00844	0.01107	0.01905	0.01135	0.34352	0.53621	0.00530	0.00789	0.00471	0.00218	0.00304
37	0.79942	0.00763	0.00619	0.00540	0.00786	0.00873	0.00445	0.05591	0.00746	0.05957	0.00611	0.00681	0.00460	0.00372	0.00256	0.00120	0.00308	0.00227	0.00260	0.00445
38	0.00863	0.00854	0.01241	0.01038	0.01080	0.01144	0.06625	0.03680	0.00676	0.01028	0.03541	0.00939	0.00633	0.00651	0.01156	0.00163	0.73704	0.00361	0.00188	0.00437
39	0.01739	0.00660	0.00900	0.00690	0.00990	0.00570	0.00570	0.01889	0.01110	0.84226	0.01529	0.01320	0.00960	0.00480	0.00390	0.00120	0.00330	0.00390	0.00480	0.00660
40	0.00499	0.00363	0.00458	0.00519	0.00565	0.00338	0.00362	0.00577	0.00772	0.01008	0.05240	0.52334	0.15636	0.09840	0.00653	0.01139	0.00248	0.08787	0.00347	0.00313
41	0.00537	0.00396	0.00502	0.00475	0.00572	0.00361	0.00357	0.00709	0.01070	0.01489	0.73396	0.03004	0.14055	0.00817	0.00457	0.00123	0.00185	0.00716	0.00418	0.00361
42	0.01724	0.00663	0.00899	0.00692	0.00990	0.00578	0.00571	0.01893	0.02758	0.82568	0.01530	0.01322	0.00964	0.00481	0.00390	0.00120	0.00329	0.00391	0.00478	0.00659
43	0.89114	0.00750	0.00570	0.00510	0.00750	0.00870	0.00420	0.01140	0.00660	0.01739	0.00540	0.00630	0.00420	0.00360	0.00240	0.00120	0.00300	0.00210	0.00240	0.00420
44	0.00461	0.00393	0.00397	0.00396	0.00526	0.00329	0.00297	0.00563	0.00891	0.01066	0.06803	0.03701	0.80913	0.00975	0.00458	0.00131	0.00196	0.00814	0.00362	0.00329
45	0.01024	0.71908	0.08845	0.00761	0.01115	0.01440	0.05163	0.04077	0.00834	0.01011	0.00579	0.00672	0.00508	0.00339	0.00275	0.00090	0.00441	0.00232	0.00175	0.00511
46	0.00759	0.00703	0.01163	0.82398	0.02617	0.00874	0.01064	0.03933	0.00813	0.01043	0.00698	0.01030	0.00522	0.00390	0.00388	0.00129	0.00514	0.00345	0.00180	0.00439
47	0.00554	0.00415	0.00623	0.00623	0.00692	0.00485	0.00485	0.00692	0.00623	0.00900	0.01038	0.01523	0.00969	0.02908	0.84839	0.00623	0.01038	0.00415	0.00208	0.00346
48	0.00804	0.00689	0.00804	0.00574	0.00919	0.00517	0.00459	0.00976	0.00804	0.01263	0.00689	0.00804	0.00574	0.00287	0.00287	0.00057	0.00287	0.00230	0.00230	0.88745
49	0.00790	0.00717	0.01152	0.77124	0.02516	0.00881	0.01037	0.07759	0.00862	0.01111	0.00731	0.02333	0.00560	0.00407	0.00389	0.00129	0.00505	0.00357	0.00193	0.00448
50	0.00934	0.00903	0.01504	0.14653	0.70457	0.02398	0.01165	0.01167	0.00871	0.01220	0.00721	0.00966	0.00598	0.00353	0.00384	0.00117	0.00473	0.00344	0.00189	0.00584
51	0.00541	0.00399	0.00507	0.00487	0.00584	0.00365	0.00370	0.00712	0.01057	0.01465	0.68513	0.03089	0.14441	0.00833	0.00462	0.00126	0.00194	0.05083	0.00414	0.00360
52	0.00902	0.00857	0.01069	0.00989	0.05494	0.03320	0.00761	0.01368	0.30830	0.01225	0.03882	0.01142	0.00873	0.00601	0.00850	0.00149	0.44538	0.00386	0.00263	0.00502
53	0.02127	0.00865	0.01465	0.21542	0.64027	0.00907	0.01153	0.01143	0.00855	0.01209	0.00717	0.00972	0.00589	0.00355	0.00383	0.00118	0.00471	0.00343	0.00188	0.00569
54	0.00830	0.00798	0.01231	0.65592	0.13517	0.04992	0.02174	0.04285	0.00849	0.01087	0.00701	0.01003	0.00536	0.00385	0.00386	0.00125	0.00516	0.00342	0.00185	0.00467
55	0.00625	0.00446	0.00625	0.00714	0.00803	0.00446	0.00625	0.00803	0.00892	0.01160	0.02053	0.04373	0.02231	0.01071	0.00535	0.00178	0.00357	0.81348	0.00357	0.00357
56	0.53443	0.00903	0.00797	0.00715	0.03867	0.05897	0.00555	0.19522	0.08187	0.01823	0.00729	0.00785	0.00552	0.00400	0.00298	0.00119	0.00358	0.00268	0.00283	0.00499
57	0.00956	0.00930	0.01623	0.02328	0.78287	0.00925	0.06820	0.01193	0.00885	0.01265	0.00733	0.00965	0.00612	0.00344	0.00389	0.00116	0.00474	0.00353	0.00192	0.00608
58	0.15048	0.05299	0.02206	0.00844	0.07334	0.14760	0.00629	0.01514	0.10025	0.28729	0.02394	0.05539	0.02110	0.00490	0.00361	0.00118	0.00393	0.01334	0.00333	0.00538
59	0.00942	0.00924	0.01461	0.13548	0.66146	0.05438	0.01128	0.01164	0.00876	0.01204	0.00755	0.03282	0.00648	0.00378	0.00385	0.00117	0.00475	0.00361	0.00194	0.00572
60	0.00524	0.00434	0.00601	0.00588	0.00695	0.00393	0.07181	0.00640	0.00837	0.01062	0.04356	0.32675	0.35762	0.02223	0.00502	0.00149	0.00266	0.10426	0.00346	0.00342
61	0.00860	0.00942	0.08160	0.01370	0.23059	0.01053	0.00975	0.01019	0.00705	0.01058	0.00666	0.01066	0.00629	0.00586	0.00922	0.00152	0.51389	0.04722	0.00185	0.00483
62	0.00938	0.00903	0.01551	0.09854	0.74985	0.00917	0.02812	0.01173	0.00874	0.01241	0.00727	0.00968	0.00605	0.00349	0.00386	0.00117	0.00470	0.00348	0.00190	0.00596
63	0.00805	0.00787	0.01219	0.68614	0.14473	0.05528	0.01075	0.01051	0.00809	0.01029	0.00690	0.01004	0.00530	0.00382	0.00385	0.00126	0.00519	0.00339	0.00177	0.00459
64	0.01411	0.01036	0.01108	0.00855	0.01152	0.01141	0.00705	0.76850	0.01754	0.02358	0.01049	0.01049	0.03635	0.00483	0.00386	0.00116	0.00410	0.00366	0.03499	0.00637
65	0.00947	0.00908	0.01551	0.06988	0.79447	0.00918	0.01184	0.01179	0.00877	0.01251	0.00727	0.00964	0.00609	0.00348	0.00384	0.00116	0.00464	0.00345	0.00191	0.00604
66	0.00471	0.00395	0.00411	0.00413	0.00540	0.00335	0.00314	0.00578	0.00897	0.01084	0.08744	0.03709	0.75187	0.00974	0.00462	0.00133	0.00203	0.04456	0.00364	0.00331
67	0.00960	0.00921	0.01574	0.02380	0.83957	0.00921	0.01190	0.01190	0.00883	0.01267	0.00729	0.00960	0.00614	0.00345	0.00384	0.00115	0.00461	0.00345	0.00192	0.00614
68	0.00809	0.00694	0.00806	0.00581	0.00922	0.00532	0.00465	0.01012	0.03561	0.01275	0.00719	0.00825	0.00595	0.00295	0.00291	0.00060	0.00288	0.00237	0.00235	0.85799
69	0.00564	0.00376	0.00423	0.00423	0.00423	0.00376	0.00235	0.00564	0.00564	0.00752	0.01222	0.02537	0.01409	0.86375	0.01973	0.00376	0.00376	0.00564	0.00235	0.00235
70	0.00500	0.00377	0.00462	0.00478	0.00559	0.00339	0.00344	0.00624	0.00929	0.01240	0.36458	0.28843	0.25484	0.00975	0.00469	0.00135	0.00200	0.00857	0.00388	0.00339
71	0.00939	0.00901	0.01537	0.09741	0.76753	0.00916	0.01180	0.01172	0.00873	0.01242	0.00726	0.00966	0.00605	0.00349	0.00384	0.00116	0.00466	0.00345	0.00190	0.00598
72	0.00578	0.00421	0.00522	0.00510	0.00606	0.00398	0.00383	0.03804	0.02261	0.01422	0.50780	0.14795	0.13230	0.00862	0.00456	0.00130	0.00210	0.04720	0.03545	0.00368
73	0.00498	0.00368	0.00471	0.00520	0.00581	0.00342	0.00373	0.00602	0.00838	0.01110	0.16998	0.47978	0.16865	0.01144	0.03305	0.00164	0.00249	0.06898	0.00367	0.00330
74	0.01448	0.01848	0.01099	0.00999	0.01199	0.84819	0.00749	0.01548	0.01099	0.00949	0.00599	0.00699	0.00499	0.00400	0.00350	0.00100	0.00699	0.00250	0.00200	0.00449
75	0.00564	0.00428	0.00631	0.00625	0.00689	0.00502	0.00483	0.00693	0.00619	0.00893	0.01031	0.01555	0.00978	0.07352	0.77559	0.00595	0.03832	0.00421	0.00208	0.00343
76	0.01422	0.01793	0.01087	0.00987	0.01188	0.80279	0.00742	0.01576	0.05546	0.00985	0.00652	0.00740	0.00536	0.00406	0.00352	0.00102	0.00678	0.00260	0.00210	0.00458
77	0.00848	0.00848	0.01187	0.01018	0.01018	0.01187	0.00848	0.00933	0.00594	0.00933	0.00509	0.00848	0.00509	0.00679	0.01272	0.00170	0.85666	0.00339	0.00170	0.00424
78	0.00477	0.00341	0.00455	0.00541	0.00567	0.00318	0.00364	0.00549	0.00755	0.01008	0.04448	0.82475	0.02590	0.01200	0.00494	0.00157	0.00226	0.02357	0.00362	0.00317
79	0.00611	0.00437	0.00609	0.00699	0.00782	0.00435	0.00601	0.00780	0.00879	0.01145	0.02060	0.11626	0.02261	0.01084	0.00532	0.00177	0.00345	0.74228	0.00357	0.00353
80	0.00804	0.00689	0.00804	0.00574	0.00919	0.00517	0.00459	0.00976	0.00804	0.01263	0.00689	0.00804	0.00574	0.00287	0.00287	0.00057	0.00287	0.00230	0.00230	0.88745
81	0.00964	0.00833	0.00877	0.00789	0.01008	0.00964	0.00614	0.02060	0.83257	0.01622	0.01578	0.01446	0.01183	0.00526	0.00394	0.00131	0.00307	0.00438	0.00394	0.00614
82	0.00732	0.00689	0.01163	0.85444	0.02670	0.00861	0.01077	0.00991	0.00775	0.00991	0.00689	0.01034	0.00517	0.00388	0.00388	0.00129	0.00517	0.00345	0.00172	0.00431
83	0.00554	0.00415	0.00623	0.00623	0.00692	0.00485	0.00485	0.00692	0.00623	0.00900	0.01038	0.01523	0.00969	0.02908	0.84839	0.00623	0.01038	0.00415	0.00208	0.00346
84	0.01148	0.00911	0.00963	0.00814	0.01062	0.01901	0.00647	0.29332	0.50126	0.04094	0.01385	0.02787	0.02007	0.00521	0.00394	0.00126	0.00349	0.00421	0.00391	0.00620
85	0.00640	0.00409	0.00543	0.00522	0.00618	0.00378	0.00389	0.00796	0.01013	0.08683	0.57209	0.18982	0.03114	0.00909	0.02765	0.00143	0.00230	0.01863	0.00411	0.00381

[dist]
# distance from previous block
# <min> <max>
4	11

[block]
# block no. 1 follows, 70 sequences, length 42
# corresponding to MSA columns:
# 160-201
name=unknown_B
#
# <colnr> <probs for GDERKNQSTAVLIFYWHMCP>
#	G	D	E	R	K	N	Q	S	T	A	V	L	I	F	Y	W	H	M	C	P
0	0.00941	0.00826	0.01375	0.01999	0.66666	0.00817	0.01030	0.01158	0.00922	0.06059	0.11975	0.02576	0.01074	0.00427	0.00396	0.00117	0.00412	0.00408	0.00243	0.00579
1	0.01955	0.00437	0.00515	0.00506	0.00608	0.00424	0.00373	0.01501	0.07341	0.02086	0.26037	0.14103	0.26739	0.06416	0.09019	0.00196	0.00306	0.00719	0.00359	0.00363
2	0.06519	0.00929	0.01089	0.00863	0.01140	0.03881	0.07930	0.35395	0.15073	0.16050	0.02498	0.03853	0.02000	0.00493	0.00391	0.00122	0.00399	0.00405	0.00372	0.00598
3	0.12748	0.00641	0.00727	0.00583	0.00837	0.00578	0.00464	0.01105	0.06222	0.10660	0.12476	0.04259	0.04126	0.00476	0.00358	0.00096	0.01998	0.01180	0.00306	0.40159
4	0.00992	0.12445	0.01608	0.03214	0.68964	0.00991	0.01097	0.01206	0.00876	0.03942	0.00729	0.00927	0.00608	0.00349	0.00366	0.00111	0.00451	0.00328	0.00198	0.00597
5	0.01013	0.70443	0.06369	0.00704	0.01034	0.01423	0.00699	0.01286	0.11892	0.01025	0.00687	0.00744	0.00590	0.00360	0.00275	0.00092	0.00409	0.00243	0.00197	0.00517
6	0.00491	0.00348	0.00450	0.00524	0.00548	0.00329	0.00348	0.00552	0.00724	0.00961	0.02045	0.68749	0.04551	0.13925	0.00716	0.00190	0.00251	0.03652	0.00341	0.00305
7	0.00952	0.00913	0.01559	0.05251	0.81147	0.00919	0.01186	0.01183	0.00879	0.01257	0.00728	0.00962	0.00611	0.00347	0.00384	0.00116	0.00463	0.00345	0.00191	0.00608
8	0.01002	0.75219	0.13116	0.00723	0.01087	0.01449	0.00767	0.01170	0.00792	0.00955	0.00560	0.00648	0.00497	0.00337	0.00265	0.00088	0.00436	0.00218	0.00166	0.00508
9	0.00770	0.00650	0.00765	0.00563	0.00873	0.00496	0.00447	0.00943	0.00843	0.01303	0.11872	0.01086	0.00989	0.00355	0.00310	0.00066	0.00273	0.00293	0.00256	0.76847
10	0.00871	0.00545	0.00698	0.00679	0.00830	0.00544	0.00565	0.03700	0.12082	0.15550	0.15759	0.03081	0.04199	0.00828	0.00472	0.00149	0.00314	0.38283	0.00396	0.00454
11	0.00933	0.00899	0.01495	0.02151	0.70908	0.00944	0.01124	0.01141	0.00844	0.01217	0.00772	0.01007	0.02477	0.00405	0.00505	0.00123	0.11926	0.00355	0.00193	0.00582
12	0.00795	0.00754	0.01274	0.61804	0.24477	0.00883	0.01103	0.01043	0.00801	0.01064	0.00697	0.01011	0.00543	0.00381	0.00401	0.00126	0.01843	0.00345	0.00177	0.00480
13	0.00935	0.01067	0.12720	0.02208	0.72880	0.00918	0.01222	0.01195	0.00874	0.01261	0.00725	0.00941	0.00598	0.00349	0.00382	0.00116	0.00476	0.00337	0.00188	0.00609
14	0.01000	0.12486	0.01505	0.03444	0.55729	0.05806	0.01013	0.01294	0.09210	0.02445	0.01955	0.00982	0.00695	0.00374	0.00366	0.00112	0.00448	0.00336	0.00216	0.00583
15	0.00990	0.00533	0.00702	0.00621	0.00770	0.00521	0.00486	0.01108	0.00919	0.31715	0.10276	0.20204	0.16087	0.00836	0.02439	0.00147	0.10152	0.00646	0.00385	0.00463
16	0.00801	0.00723	0.01215	0.70174	0.14688	0.00860	0.01076	0.01051	0.00803	0.03908	0.00724	0.01032	0.00547	0.00385	0.00387	0.00127	0.00502	0.00346	0.00186	0.00466
17	0.00643	0.00497	0.00606	0.00714	0.11706	0.03226	0.00391	0.00683	0.00632	0.00839	0.01159	0.04902	0.01298	0.67023	0.03872	0.00331	0.00411	0.00537	0.00231	0.00299
18	0.00944	0.01041	0.01893	0.01422	0.03397	0.07474	0.59156	0.01337	0.12005	0.01253	0.00974	0.01159	0.03317	0.00402	0.00461	0.01988	0.00585	0.00445	0.00228	0.00518
19	0.00798	0.00611	0.00686	0.00623	0.00792	0.00646	0.00481	0.01383	0.38568	0.06650	0.28786	0.02265	0.14751	0.00681	0.00425	0.00128	0.00251	0.00580	0.00405	0.00491
20	0.00792	0.00751	0.01272	0.63392	0.24250	0.00877	0.01107	0.01043	0.00804	0.01064	0.00700	0.01014	0.00543	0.00376	0.00387	0.00125	0.00502	0.00345	0.00177	0.00479
21	0.00683	0.00515	0.00749	0.00894	0.17524	0.00492	0.00560	0.00874	0.01026	0.04092	0.54155	0.02539	0.02737	0.00706	0.00441	0.00125	0.00260	0.07933	0.03270	0.00425
22	0.01033	0.00854	0.01426	0.13610	0.61575	0.00866	0.01091	0.01256	0.00898	0.12397	0.00831	0.01018	0.00647	0.00369	0.00385	0.00118	0.00451	0.00351	0.00228	0.00595
23	0.00546	0.00370	0.00435	0.00457	0.00464	0.00365	0.00274	0.00566	0.00612	0.00815	0.01441	0.20178	0.01679	0.65742	0.01616	0.00324	0.00344	0.03253	0.00265	0.00256
24	0.00782	0.01975	0.81799	0.01122	0.01689	0.00903	0.03970	0.01228	0.00822	0.01228	0.00698	0.00826	0.00494	0.00367	0.00371	0.00123	0.00575	0.00292	0.00165	0.00571
25	0.00863	0.13227	0.65703	0.01024	0.01538	0.01007	0.01262	0.06584	0.03047	0.01276	0.00713	0.00816	0.00521	0.00374	0.00354	0.00117	0.00535	0.00284	0.00185	0.00570
26	0.00804	0.00744	0.01217	0.60975	0.18835	0.00872	0.01053	0.04122	0.02618	0.01127	0.02465	0.01095	0.01638	0.00401	0.00389	0.00126	0.00487	0.00360	0.00197	0.00477
27	0.00571	0.00436	0.00638	0.00629	0.00689	0.00515	0.00485	0.00695	0.00617	0.00890	0.01024	0.01567	0.00979	0.09456	0.73611	0.00578	0.05649	0.00423	0.00208	0.00342
28	0.01016	0.00930	0.01495	0.06944	0.68153	0.00956	0.01122	0.12147	0.01003	0.01409	0.00754	0.00960	0.00615	0.00364	0.00385	0.00116	0.00459	0.00346	0.00217	0.00610
29	0.01239	0.01083	0.09849	0.00967	0.01282	0.03921	0.11887	0.40591	0.05725	0.10114	0.01074	0.06042	0.00845	0.00501	0.00405	0.00124	0.00452	0.02965	0.00339	0.00593
30	0.89114	0.00750	0.00570	0.00510	0.00750	0.00870	0.00420	0.01140	0.00660	0.01739	0.00540	0.00630	0.00420	0.00360	0.00240	0.00120	0.00300	0.00210	0.00240	0.00420
31	0.00960	0.00921	0.01574	0.02380	0.83957	0.00921	0.01190	0.01190	0.00883	0.01267	0.00729	0.00960	0.00614	0.00345	0.00384	0.00115	0.00461	0.00345	0.00192	0.00614
32	0.01388	0.01714	0.01133	0.01075	0.05936	0.72528	0.00779	0.04341	0.01084	0.01019	0.00613	0.00730	0.00512	0.00414	0.00403	0.00105	0.05292	0.00264	0.00204	0.00465
33	0.00952	0.00889	0.01455	0.14333	0.63390	0.00919	0.01116	0.05846	0.02648	0.01301	0.00752	0.00975	0.00613	0.00361	0.00382	0.00116	0.00459	0.00344	0.00206	0.02944
34	0.00673	0.00337	0.00505	0.00505	0.00505	0.00337	0.00337	0.00505	0.00505	0.00673	0.00673	0.01178	0.00673	0.01347	0.01515	0.88721	0.00337	0.00337	0.00168	0.00168
35	0.00559	0.00374	0.00424	0.00430	0.00431	0.00372	0.00242	0.00562	0.00574	0.00765	0.01274	0.07331	0.01476	0.81491	0.01888	0.00363	0.00367	0.00595	0.00242	0.00239
36	0.00564	0.00376	0.00423	0.00423	0.00423	0.00376	0.00235	0.00564	0.00564	0.00752	0.01222	0.02537	0.01409	0.86375	0.01973	0.00376	0.00376	0.00564	0.00235	0.00235
37	0.00930	0.04474	0.04478	0.01448	0.01817	0.01001	0.64034	0.02324	0.12846	0.01298	0.00889	0.01079	0.00669	0.00359	0.00437	0.00129	0.00589	0.00438	0.00225	0.00538
38	0.00939	0.00890	0.01470	0.02137	0.72778	0.00867	0.01091	0.01161	0.00872	0.01266	0.00724	0.00939	0.00609	0.00338	0.00371	0.00107	0.00437	0.00330	0.00197	0.12479
39	0.00472	0.00337	0.00450	0.00540	0.00562	0.00315	0.00360	0.00540	0.00742	0.00990	0.02137	0.86122	0.02564	0.01215	0.00495	0.00157	0.00225	0.01102	0.00360	0.00315
40	0.00783	0.00741	0.01255	0.66747	0.20967	0.00875	0.01102	0.01035	0.00799	0.01053	0.00698	0.01017	0.00539	0.00378	0.00387	0.00126	0.00504	0.00345	0.00177	0.00472
41	0.00564	0.00376	0.00423	0.00423	0.00423	0.00376	0.00235	0.00564	0.00564	0.00752	0.01222	0.02537	0.01409	0.86375	0.01973	0.00376	0.00376	0.00564	0.00235	0.00235

[dist]
# distance from previous block
# <min> <max>
0	0

# created by:
# /st0/software/busco_prod/Augustus/scripts/msa2prfl.pl ./align_prep/138742.fa
