[name]
unknown

[dist]
# distance from previous block
# <min> <max>
13	116

[block]
# block no. 0 follows, 65 sequences, length 76
# corresponding to MSA columns:
# 143-191,214-240
name=unknown_A
#
# <colnr> <probs for GDERKNQSTAVLIFYWHMCP>
#	G	D	E	R	K	N	Q	S	T	A	V	L	I	F	Y	W	H	M	C	P
0	0.03674	0.01085	0.21240	0.00947	0.06730	0.00751	0.02793	0.08423	0.01961	0.15085	0.03141	0.10393	0.00984	0.00509	0.00393	0.00117	0.00412	0.00428	0.00304	0.20632
1	0.06073	0.04256	0.04632	0.05102	0.23305	0.00852	0.00818	0.05142	0.11477	0.11616	0.06730	0.01207	0.00967	0.00440	0.00382	0.00115	0.00391	0.00373	0.00302	0.15820
2	0.02890	0.02742	0.21576	0.03193	0.22589	0.00847	0.02017	0.03853	0.06479	0.12399	0.05496	0.01276	0.04438	0.00458	0.00398	0.00122	0.00442	0.00391	0.00282	0.08110
3	0.02546	0.04410	0.07359	0.02202	0.25480	0.03623	0.02748	0.02105	0.09426	0.03315	0.07294	0.07680	0.01097	0.00489	0.00393	0.00115	0.00405	0.00429	0.00274	0.18614
4	0.01066	0.07845	0.03354	0.02702	0.20993	0.00771	0.00747	0.03367	0.03927	0.17093	0.17453	0.01489	0.02205	0.00495	0.00396	0.00113	0.00363	0.00425	0.00329	0.14867
5	0.00927	0.00849	0.05789	0.02269	0.25938	0.00740	0.03375	0.04022	0.05608	0.05615	0.13838	0.01479	0.03536	0.03259	0.00455	0.00121	0.00384	0.00426	0.00291	0.21077
6	0.00818	0.00646	0.00883	0.14759	0.06152	0.02467	0.03446	0.07913	0.01004	0.05316	0.16292	0.22406	0.04617	0.04423	0.00521	0.00145	0.00358	0.00655	0.00333	0.06843
7	0.01044	0.00948	0.06020	0.09943	0.39398	0.00916	0.03228	0.08660	0.05405	0.07843	0.05446	0.05095	0.00966	0.00482	0.00444	0.00130	0.02724	0.00432	0.00275	0.00600
8	0.00914	0.00754	0.01126	0.26796	0.20916	0.01974	0.00883	0.01189	0.05830	0.08003	0.13053	0.05044	0.01243	0.00516	0.00437	0.00127	0.02301	0.00453	0.00282	0.08160
9	0.00928	0.00768	0.01086	0.37916	0.06543	0.02877	0.00890	0.09540	0.00996	0.05464	0.04544	0.01578	0.00974	0.00586	0.02466	0.00144	0.02069	0.09995	0.00268	0.10368
10	0.00944	0.00773	0.01039	0.04229	0.08986	0.00713	0.05413	0.08398	0.00983	0.06045	0.04112	0.01358	0.08691	0.02392	0.00468	0.00108	0.05099	0.00388	0.00282	0.39581
11	0.00759	0.00647	0.00975	0.16504	0.21860	0.00684	0.00749	0.00947	0.03391	0.01105	0.02980	0.06593	0.02184	0.22168	0.08892	0.00249	0.01434	0.02721	0.00244	0.04915
12	0.00960	0.00891	0.01486	0.07183	0.58859	0.00880	0.04575	0.01185	0.00902	0.02537	0.00847	0.03148	0.00742	0.05220	0.00499	0.00135	0.00470	0.00392	0.00217	0.08873
13	0.00818	0.00742	0.01184	0.61082	0.09646	0.00874	0.01033	0.04795	0.02851	0.01173	0.00901	0.08407	0.00771	0.00486	0.00416	0.00135	0.00497	0.00433	0.00220	0.03535
14	0.09850	0.00967	0.01186	0.01071	0.03108	0.02997	0.00824	0.01142	0.00833	0.01321	0.00938	0.02958	0.00905	0.05958	0.10198	0.00266	0.47117	0.00446	0.00285	0.07626
15	0.82349	0.04483	0.00680	0.00552	0.00812	0.00943	0.00460	0.01229	0.00717	0.03995	0.00600	0.00686	0.00463	0.00383	0.00259	0.00125	0.00324	0.00227	0.00257	0.00455
16	0.00789	0.04419	0.01259	0.79723	0.02716	0.00935	0.01109	0.01055	0.00822	0.01052	0.00732	0.01082	0.00554	0.00409	0.00402	0.00134	0.00537	0.00359	0.01455	0.00458
17	0.04319	0.00376	0.00482	0.00570	0.00604	0.00359	0.00384	0.00599	0.00782	0.01082	0.02189	0.81631	0.02616	0.01247	0.00512	0.00165	0.00242	0.01126	0.00376	0.00338
18	0.00607	0.00439	0.00641	0.04260	0.00763	0.00499	0.00486	0.00709	0.00646	0.00912	0.01079	0.01723	0.01049	0.15440	0.60616	0.08218	0.00903	0.00453	0.00219	0.00336
19	0.01832	0.00714	0.00962	0.00738	0.01056	0.00627	0.00609	0.04779	0.01201	0.80482	0.01597	0.01383	0.01005	0.00508	0.00413	0.00127	0.00353	0.00411	0.00505	0.00699
20	0.00999	0.00951	0.01579	0.08313	0.71052	0.00974	0.01205	0.01314	0.07057	0.01348	0.00837	0.01060	0.00688	0.00383	0.00408	0.00124	0.00480	0.00373	0.00218	0.00636
21	0.03380	0.00700	0.00946	0.00727	0.01043	0.00609	0.00600	0.01986	0.01166	0.81851	0.01601	0.01384	0.01006	0.00506	0.00410	0.00127	0.00349	0.00409	0.00504	0.00694
22	0.00554	0.00428	0.00506	0.00485	0.00600	0.00385	0.00364	0.00734	0.02800	0.01443	0.51108	0.03371	0.33909	0.00910	0.00483	0.00133	0.00202	0.00784	0.00424	0.00377
23	0.00597	0.00398	0.00448	0.00448	0.00448	0.00398	0.00249	0.00597	0.00597	0.00796	0.01293	0.02686	0.01492	0.85574	0.02089	0.00398	0.00398	0.00597	0.00249	0.00249
24	0.01037	0.00890	0.00937	0.00839	0.01074	0.01029	0.00654	0.04584	0.79843	0.01743	0.01650	0.01515	0.01236	0.00555	0.00417	0.00139	0.00329	0.00461	0.00417	0.00651
25	0.88473	0.00794	0.00603	0.00540	0.00794	0.00921	0.00445	0.01207	0.00699	0.01842	0.00572	0.00667	0.00445	0.00381	0.00254	0.00127	0.00318	0.00222	0.00254	0.00445
26	0.00588	0.00435	0.00636	0.00636	0.00701	0.00500	0.00483	0.00718	0.00653	0.00935	0.01121	0.01734	0.01079	0.12431	0.74667	0.00630	0.01020	0.00458	0.00223	0.00353
27	0.00995	0.00963	0.01673	0.08851	0.72432	0.00974	0.05571	0.01246	0.00928	0.01317	0.00772	0.01027	0.00641	0.00368	0.00411	0.00124	0.00503	0.00372	0.00202	0.00630
28	0.00775	0.00730	0.01231	0.84587	0.02827	0.00912	0.01140	0.01049	0.00821	0.01049	0.00730	0.01094	0.00547	0.00410	0.00410	0.00137	0.00547	0.00365	0.00182	0.00456
29	0.88473	0.00794	0.00603	0.00540	0.00794	0.00921	0.00445	0.01207	0.00699	0.01842	0.00572	0.00667	0.00445	0.00381	0.00254	0.00127	0.00318	0.00222	0.00254	0.00445
30	0.00552	0.00440	0.00691	0.00700	0.00767	0.00411	0.09352	0.00654	0.00806	0.01077	0.02104	0.75997	0.02484	0.01182	0.00520	0.00164	0.00288	0.01091	0.00362	0.00358
31	0.00775	0.00730	0.01231	0.84587	0.02827	0.00912	0.01140	0.01049	0.00821	0.01049	0.00730	0.01094	0.00547	0.00410	0.00410	0.00137	0.00547	0.00365	0.00182	0.00456
32	0.01501	0.01908	0.01235	0.01096	0.01319	0.79224	0.05373	0.01621	0.01152	0.01022	0.00646	0.00761	0.00534	0.00419	0.00377	0.00108	0.00738	0.00277	0.00211	0.00480
33	0.00969	0.01107	0.02422	0.01730	0.02145	0.01038	0.81522	0.01315	0.00969	0.01315	0.00830	0.01107	0.00623	0.00346	0.00484	0.00138	0.00692	0.00484	0.00208	0.00554
34	0.00942	0.00974	0.01277	0.01091	0.01115	0.06782	0.02719	0.01039	0.00672	0.00996	0.00552	0.00892	0.00540	0.00690	0.01262	0.00174	0.77291	0.00356	0.00182	0.00453
35	0.00823	0.02123	0.83447	0.01170	0.01777	0.00953	0.01517	0.01300	0.00867	0.01300	0.00737	0.00867	0.00520	0.00390	0.00390	0.00130	0.00607	0.00303	0.00173	0.00607
36	0.04814	0.01610	0.01196	0.01150	0.07660	0.56254	0.00832	0.03324	0.02217	0.01108	0.00649	0.00804	0.00551	0.00473	0.00544	0.00122	0.15691	0.00293	0.00214	0.00491
37	0.00966	0.00872	0.01123	0.00954	0.01165	0.01006	0.10624	0.01799	0.54503	0.01523	0.01377	0.01401	0.01063	0.00693	0.05282	0.00173	0.11447	0.00449	0.02993	0.00588
38	0.01796	0.00694	0.00941	0.00726	0.01036	0.00604	0.00598	0.01970	0.02339	0.79929	0.03804	0.01444	0.01096	0.00518	0.00415	0.00127	0.00345	0.00422	0.00505	0.00690
39	0.00497	0.00368	0.00465	0.00542	0.00588	0.00336	0.00368	0.00575	0.00814	0.01060	0.02624	0.69777	0.18010	0.01239	0.00517	0.00161	0.00232	0.01110	0.00381	0.00336
40	0.00500	0.00357	0.00476	0.00572	0.00595	0.00333	0.00381	0.00572	0.00786	0.01048	0.02262	0.85306	0.02715	0.01286	0.00524	0.00167	0.00238	0.01167	0.00381	0.00333
41	0.01082	0.01021	0.01557	0.08773	0.64657	0.06088	0.01176	0.06253	0.01007	0.03309	0.00793	0.01012	0.00646	0.00384	0.00405	0.00122	0.00502	0.00361	0.00222	0.00628
42	0.00537	0.00417	0.00488	0.00472	0.00587	0.00368	0.00353	0.00688	0.01054	0.01395	0.46148	0.04972	0.39171	0.00937	0.00485	0.00134	0.00201	0.00806	0.00419	0.00368
43	0.03647	0.07902	0.73314	0.01130	0.01703	0.01001	0.03212	0.01292	0.00861	0.01294	0.00722	0.00851	0.00520	0.00386	0.00379	0.00127	0.00588	0.00299	0.00177	0.00595
44	0.85147	0.00825	0.02612	0.00558	0.00821	0.00917	0.00473	0.01220	0.00709	0.02963	0.00590	0.00682	0.00454	0.00383	0.00260	0.00127	0.00325	0.00227	0.00256	0.00452
45	0.01207	0.00566	0.00664	0.00563	0.00759	0.00547	0.00448	0.05731	0.05795	0.30793	0.01440	0.01454	0.01032	0.00494	0.00346	0.00111	0.00270	0.00397	0.46856	0.00528
46	0.03182	0.04950	0.09114	0.34693	0.20444	0.04413	0.01065	0.06921	0.03781	0.01299	0.02590	0.01121	0.02193	0.00477	0.01975	0.00138	0.00519	0.00367	0.00224	0.00537
47	0.03221	0.05160	0.01918	0.13247	0.08888	0.09574	0.02582	0.21243	0.19188	0.06348	0.02674	0.02308	0.00868	0.00481	0.00401	0.00127	0.00459	0.00391	0.00324	0.00596
48	0.00955	0.00916	0.01568	0.20665	0.62703	0.00954	0.02697	0.01205	0.00910	0.01273	0.00807	0.01072	0.01677	0.00384	0.00410	0.00126	0.00501	0.00374	0.00201	0.00602
49	0.04528	0.09194	0.18760	0.05156	0.18474	0.03779	0.04933	0.05294	0.06605	0.06776	0.00889	0.02807	0.00703	0.00430	0.00413	0.00122	0.03217	0.00354	0.00992	0.06575
50	0.01115	0.56755	0.06035	0.00821	0.01123	0.10658	0.00777	0.03084	0.04193	0.01057	0.00637	0.00750	0.00562	0.00416	0.00420	0.00106	0.10513	0.00259	0.00195	0.00525
51	0.12180	0.00928	0.01007	0.00803	0.01085	0.00997	0.00654	0.46315	0.03348	0.16112	0.04689	0.05915	0.00994	0.00543	0.00399	0.00127	0.00385	0.00423	0.02472	0.00624
52	0.02195	0.16018	0.02965	0.04647	0.01082	0.03525	0.12864	0.01956	0.03889	0.02553	0.01139	0.15144	0.03958	0.00852	0.00749	0.24894	0.00423	0.00504	0.00244	0.00400
53	0.00597	0.00399	0.00452	0.00452	0.00454	0.00401	0.00255	0.00600	0.00598	0.00799	0.01289	0.02662	0.01482	0.83732	0.03917	0.00404	0.00414	0.00593	0.00248	0.00251
54	0.00586	0.00440	0.00660	0.00660	0.00733	0.00513	0.00513	0.00733	0.00660	0.00953	0.01100	0.01613	0.01026	0.03079	0.83947	0.00660	0.01100	0.00440	0.00220	0.00367
55	0.00635	0.00443	0.00542	0.00507	0.00630	0.00400	0.00384	0.00820	0.02590	0.06180	0.54960	0.03186	0.25447	0.00870	0.00479	0.00132	0.00209	0.00753	0.00435	0.00399
56	0.88473	0.00794	0.00603	0.00540	0.00794	0.00921	0.00445	0.01207	0.00699	0.01842	0.00572	0.00667	0.00445	0.00381	0.00254	0.00127	0.00318	0.00222	0.00254	0.00445
57	0.01016	0.00975	0.01666	0.02520	0.83013	0.00975	0.01260	0.01260	0.00935	0.01341	0.00772	0.01016	0.00650	0.00366	0.00406	0.00122	0.00488	0.00366	0.00203	0.00650
58	0.00878	0.00834	0.01417	0.49605	0.37008	0.00939	0.01191	0.01139	0.00869	0.01173	0.00748	0.01061	0.00591	0.00391	0.00409	0.00130	0.00522	0.00365	0.00191	0.00539
59	0.00755	0.00385	0.00392	0.00390	0.00486	0.00383	0.00293	0.00946	0.00878	0.01537	0.05912	0.01617	0.01210	0.00499	0.00298	0.00098	0.00191	0.00403	0.82946	0.00383
60	0.00651	0.00436	0.00565	0.00524	0.00636	0.00398	0.00396	0.00838	0.01150	0.06511	0.73469	0.03016	0.08182	0.00831	0.00480	0.00130	0.00204	0.00730	0.00451	0.00404
61	0.00630	0.00435	0.00604	0.00596	0.00655	0.00480	0.00434	0.00731	0.00657	0.03536	0.01176	0.01938	0.01170	0.28497	0.55974	0.00562	0.00859	0.00488	0.00238	0.00341
62	0.00578	0.00419	0.00544	0.00513	0.00611	0.00386	0.00385	0.00769	0.01155	0.01629	0.80284	0.03095	0.06397	0.00846	0.00484	0.00129	0.00194	0.00746	0.00450	0.00386
63	0.00587	0.00439	0.00654	0.00654	0.00726	0.00510	0.00506	0.00730	0.00658	0.00949	0.01104	0.01640	0.01038	0.05147	0.81895	0.00653	0.01082	0.00444	0.00221	0.00364
64	0.00960	0.00906	0.01520	0.27504	0.55941	0.00966	0.01208	0.03764	0.00932	0.01292	0.00766	0.01039	0.00620	0.00383	0.00408	0.00126	0.00505	0.00366	0.00203	0.00592
65	0.17821	0.00716	0.00888	0.00695	0.01001	0.00662	0.00574	0.01854	0.01087	0.68273	0.01426	0.01262	0.00911	0.00485	0.00384	0.00127	0.00343	0.00378	0.00461	0.00652
66	0.00995	0.01055	0.07634	0.02339	0.72414	0.00990	0.01258	0.01247	0.00912	0.01318	0.00756	0.00998	0.00634	0.00388	0.00459	0.00126	0.05280	0.00361	0.00200	0.00636
67	0.01318	0.01379	0.02107	0.09152	0.14583	0.37699	0.00874	0.07615	0.13101	0.06862	0.00913	0.00999	0.00702	0.00443	0.00393	0.00119	0.00570	0.00338	0.00272	0.00561
68	0.00955	0.00936	0.01465	0.27051	0.51385	0.05639	0.01167	0.01194	0.00908	0.01224	0.00804	0.03964	0.00684	0.00415	0.00410	0.00127	0.00511	0.00388	0.00204	0.00571
69	0.00973	0.00841	0.01077	0.05829	0.12401	0.00931	0.04699	0.01786	0.52210	0.03533	0.04322	0.07138	0.01284	0.00570	0.00428	0.00138	0.00368	0.00502	0.00366	0.00605
70	0.01029	0.00829	0.00953	0.10409	0.05823	0.04627	0.00652	0.19482	0.01112	0.01609	0.00907	0.01052	0.00709	0.00409	0.00360	0.00098	0.01542	0.00324	0.18016	0.30058
71	0.00726	0.00484	0.00604	0.00559	0.00687	0.00457	0.00433	0.04152	0.01114	0.08513	0.48429	0.05207	0.16861	0.00849	0.00495	0.00135	0.02105	0.05225	0.02545	0.00419
72	0.00959	0.00751	0.00880	0.00635	0.00995	0.00592	0.00511	0.05672	0.00934	0.06974	0.00805	0.00896	0.00641	0.00329	0.00317	0.00069	0.00315	0.00262	0.00271	0.77192
73	0.63720	0.00843	0.01834	0.00752	0.02492	0.01985	0.10472	0.01236	0.04101	0.01723	0.05349	0.00977	0.00736	0.00424	0.00314	0.00130	0.00370	0.01808	0.00266	0.00468
74	0.10044	0.00949	0.01203	0.09931	0.26392	0.07995	0.01743	0.07597	0.06759	0.03391	0.00958	0.07341	0.01595	0.00511	0.00487	0.00131	0.08573	0.00412	0.00260	0.03730
75	0.01002	0.00811	0.00949	0.05557	0.05615	0.03554	0.00624	0.07426	0.13491	0.07010	0.03761	0.04875	0.00941	0.00446	0.00367	0.00098	0.00354	0.00371	0.00307	0.42441

[dist]
# distance from previous block
# <min> <max>
0	52

[block]
# block no. 1 follows, 65 sequences, length 43
# corresponding to MSA columns:
# 293-335
name=unknown_B
#
# <colnr> <probs for GDERKNQSTAVLIFYWHMCP>
#	G	D	E	R	K	N	Q	S	T	A	V	L	I	F	Y	W	H	M	C	P
0	0.02329	0.00856	0.02841	0.23848	0.34526	0.03352	0.01006	0.01158	0.05401	0.01262	0.07515	0.03581	0.03989	0.02372	0.00494	0.00138	0.04123	0.00439	0.00241	0.00531
1	0.01007	0.00962	0.01621	0.02414	0.78473	0.00952	0.01217	0.01247	0.00930	0.01341	0.00770	0.01007	0.00648	0.00362	0.00401	0.00119	0.00477	0.00359	0.00205	0.05489
2	0.01214	0.01045	0.01032	0.00884	0.01141	0.07907	0.00698	0.24367	0.53128	0.01902	0.01394	0.01314	0.01038	0.00528	0.00412	0.00132	0.00394	0.00421	0.00399	0.00649
3	0.00971	0.00950	0.01498	0.23889	0.53240	0.04671	0.01181	0.01226	0.02349	0.01240	0.00760	0.01028	0.00624	0.00399	0.00448	0.00128	0.04253	0.00362	0.00201	0.00583
4	0.00581	0.00447	0.00571	0.00602	0.04268	0.00414	0.00420	0.00764	0.02842	0.01437	0.49018	0.13269	0.20472	0.00916	0.00486	0.00137	0.00222	0.02330	0.00415	0.00389
5	0.00775	0.00730	0.01231	0.84587	0.02827	0.00912	0.01140	0.01049	0.00821	0.01049	0.00730	0.01094	0.00547	0.00410	0.00410	0.00137	0.00547	0.00365	0.00182	0.00456
6	0.01842	0.00699	0.00953	0.00730	0.01048	0.00603	0.00603	0.02000	0.01175	0.83298	0.01619	0.01397	0.01016	0.00508	0.00413	0.00127	0.00349	0.00413	0.00508	0.00699
7	0.00501	0.00416	0.00438	0.00433	0.00564	0.00353	0.00325	0.00620	0.00974	0.01199	0.17347	0.03802	0.69602	0.01006	0.00485	0.00137	0.00206	0.00846	0.00393	0.00353
8	0.00713	0.00357	0.00535	0.00535	0.00535	0.00357	0.00357	0.00535	0.00535	0.00713	0.00713	0.01248	0.00713	0.01426	0.01604	0.88057	0.00357	0.00357	0.00178	0.00178
9	0.88473	0.00794	0.00603	0.00540	0.00794	0.00921	0.00445	0.01207	0.00699	0.01842	0.00572	0.00667	0.00445	0.00381	0.00254	0.00127	0.00318	0.00222	0.00254	0.00445
10	0.01016	0.00975	0.01666	0.02520	0.83013	0.00975	0.01260	0.01260	0.00935	0.01341	0.00772	0.01016	0.00650	0.00366	0.00406	0.00122	0.00488	0.00366	0.00203	0.00650
11	0.00565	0.00419	0.00526	0.00499	0.00603	0.00380	0.00375	0.00743	0.01124	0.01555	0.69518	0.03216	0.17209	0.00873	0.00484	0.00131	0.00196	0.00763	0.00440	0.00380
12	0.01008	0.00870	0.00916	0.00825	0.01055	0.01004	0.00641	0.02142	0.80279	0.01702	0.01732	0.01591	0.03252	0.00569	0.00419	0.00139	0.00322	0.00474	0.00417	0.00642
13	0.00775	0.00730	0.01231	0.84587	0.02827	0.00912	0.01140	0.01049	0.00821	0.01049	0.00730	0.01094	0.00547	0.00410	0.00410	0.00137	0.00547	0.00365	0.00182	0.00456
14	0.00877	0.00697	0.00806	0.00627	0.00923	0.00583	0.00493	0.06593	0.05249	0.04622	0.01304	0.10373	0.08209	0.00511	0.00362	0.00090	0.00301	0.00426	0.00302	0.56653
15	0.00898	0.00898	0.01257	0.01078	0.01078	0.01257	0.00898	0.00988	0.00629	0.00988	0.00539	0.00898	0.00539	0.00718	0.01347	0.00180	0.84823	0.00359	0.00180	0.00449
16	0.88473	0.00794	0.00603	0.00540	0.00794	0.00921	0.00445	0.01207	0.00699	0.01842	0.00572	0.00667	0.00445	0.00381	0.00254	0.00127	0.00318	0.00222	0.00254	0.00445
17	0.03187	0.01169	0.00926	0.00819	0.01032	0.29746	0.00632	0.10194	0.21808	0.06801	0.01142	0.01170	0.00868	0.00480	0.00370	0.00116	0.00457	0.00359	0.18187	0.00539
18	0.03017	0.01127	0.01170	0.05164	0.01311	0.05950	0.00773	0.59222	0.14229	0.02270	0.01051	0.01056	0.00762	0.00492	0.00407	0.00125	0.00451	0.00375	0.00386	0.00661
19	0.83633	0.00799	0.00621	0.00556	0.00809	0.00926	0.00456	0.01261	0.05213	0.01835	0.00632	0.00715	0.00489	0.00391	0.00263	0.00128	0.00318	0.00236	0.00263	0.00456
20	0.06259	0.00902	0.01030	0.00805	0.01108	0.00935	0.00661	0.37943	0.05963	0.33725	0.01265	0.01186	0.00857	0.00496	0.00397	0.00124	0.00384	0.00384	0.04910	0.00666
21	0.00576	0.00415	0.00544	0.00520	0.00612	0.00384	0.00387	0.00761	0.01137	0.01607	0.77506	0.08469	0.03797	0.00869	0.00487	0.00132	0.00197	0.00770	0.00447	0.00384
22	0.00775	0.00730	0.01231	0.84587	0.02827	0.00912	0.01140	0.01049	0.00821	0.01049	0.00730	0.01094	0.00547	0.00410	0.00410	0.00137	0.00547	0.00365	0.00182	0.00456
23	0.01842	0.00699	0.00953	0.00730	0.01048	0.00603	0.00603	0.02000	0.01175	0.83298	0.01619	0.01397	0.01016	0.00508	0.00413	0.00127	0.00349	0.00413	0.00508	0.00699
24	0.00945	0.00904	0.01530	0.25127	0.57639	0.00969	0.01212	0.01191	0.00891	0.01246	0.00751	0.01033	0.00617	0.00392	0.00445	0.00128	0.03828	0.00365	0.00197	0.00589
25	0.00597	0.00398	0.00448	0.00448	0.00448	0.00398	0.00249	0.00597	0.00597	0.00796	0.01293	0.02686	0.01492	0.85574	0.02089	0.00398	0.00398	0.00597	0.00249	0.00249
26	0.01024	0.01032	0.01454	0.12268	0.50129	0.10968	0.02427	0.01306	0.05976	0.01288	0.04437	0.01112	0.00798	0.00424	0.00442	0.00126	0.03601	0.00378	0.00225	0.00584
27	0.00991	0.00854	0.01175	0.45878	0.04982	0.01008	0.00959	0.16523	0.20488	0.01509	0.01004	0.01175	0.00748	0.00459	0.00412	0.00134	0.00474	0.00389	0.00282	0.00555
28	0.01533	0.01956	0.01163	0.01058	0.01269	0.83926	0.00793	0.01639	0.01163	0.01005	0.00635	0.00740	0.00529	0.00423	0.00370	0.00106	0.00740	0.00264	0.00212	0.00476
29	0.00500	0.00357	0.00476	0.00572	0.00595	0.00333	0.00381	0.00572	0.00786	0.01048	0.02262	0.85306	0.02715	0.01286	0.00524	0.00167	0.00238	0.01167	0.00381	0.00333
30	0.00851	0.00730	0.00851	0.00608	0.00973	0.00547	0.00486	0.01034	0.00851	0.01338	0.00730	0.00851	0.00608	0.00304	0.00304	0.00061	0.00304	0.00243	0.00243	0.88083
31	0.27596	0.00743	0.00848	0.00670	0.00973	0.00714	0.00552	0.04082	0.01029	0.49739	0.01214	0.01121	0.00802	0.00453	0.00356	0.00121	0.00339	0.00341	0.00407	0.07902
32	0.00994	0.04693	0.03251	0.06223	0.32711	0.05733	0.04150	0.01317	0.11638	0.01253	0.02036	0.01059	0.00728	0.00492	0.00641	0.00138	0.21778	0.00374	0.00227	0.00565
33	0.01786	0.00685	0.00930	0.00718	0.01021	0.00594	0.00588	0.01938	0.01149	0.79638	0.01605	0.01454	0.01037	0.04281	0.00487	0.00139	0.00351	0.00421	0.00497	0.00679
34	0.00631	0.00463	0.00619	0.00697	0.00799	0.00451	0.00601	0.00805	0.00943	0.01208	0.02515	0.04513	0.16229	0.01118	0.00553	0.00180	0.00349	0.66574	0.00379	0.00373
35	0.85264	0.00797	0.00615	0.00551	0.00804	0.00925	0.00452	0.01242	0.03692	0.01837	0.00612	0.00699	0.00474	0.00387	0.00260	0.00127	0.00318	0.00231	0.00260	0.00452
36	0.00908	0.00900	0.01359	0.09895	0.15849	0.01166	0.03205	0.01051	0.00712	0.01066	0.00608	0.00945	0.00562	0.00614	0.01060	0.00164	0.58898	0.00364	0.00185	0.00488
37	0.03154	0.00730	0.01199	0.77723	0.02675	0.00895	0.01092	0.01106	0.00837	0.05622	0.00775	0.01100	0.00570	0.00415	0.00406	0.00136	0.00530	0.00364	0.00202	0.00469
38	0.00499	0.00416	0.00435	0.00430	0.00563	0.00352	0.00323	0.00615	0.00968	0.01185	0.15260	0.03826	0.71698	0.01011	0.00485	0.00137	0.00206	0.00849	0.00391	0.00352
39	0.00775	0.00730	0.01231	0.84587	0.02827	0.00912	0.01140	0.01049	0.00821	0.01049	0.00730	0.01094	0.00547	0.00410	0.00410	0.00137	0.00547	0.00365	0.00182	0.00456
40	0.00499	0.00416	0.00436	0.00431	0.00563	0.00353	0.00323	0.00617	0.00969	0.01189	0.15827	0.03819	0.71128	0.01010	0.00485	0.00137	0.00206	0.00848	0.00392	0.00353
41	0.00650	0.00465	0.00647	0.00732	0.00825	0.00462	0.00632	0.00836	0.00957	0.01255	0.08339	0.06940	0.02488	0.01116	0.00559	0.00184	0.00360	0.71791	0.00384	0.00377
42	0.00575	0.00424	0.00586	0.00642	0.00698	0.00408	0.02872	0.03848	0.00855	0.01138	0.02158	0.70250	0.02532	0.01209	0.00523	0.00167	0.00276	0.10103	0.00377	0.00360

[dist]
# distance from previous block
# <min> <max>
1	45

# created by:
# /st0/software/busco_prod/Augustus/scripts/msa2prfl.pl ./align_prep/138795.fa
