[name]
unknown

[dist]
# distance from previous block
# <min> <max>
0	9

[block]
# block no. 0 follows, 63 sequences, length 128
# corresponding to MSA columns:
# 9-20,25-30,39-48,51-150
name=unknown_A
#
# <colnr> <probs for GDERKNQSTAVLIFYWHMCP>
#	G	D	E	R	K	N	Q	S	T	A	V	L	I	F	Y	W	H	M	C	P
0	0.00675	0.00481	0.00670	0.00763	0.00857	0.00481	0.00663	0.00862	0.00956	0.01243	0.02195	0.04674	0.02389	0.04010	0.00633	0.00201	0.00388	0.77092	0.00383	0.00383
1	0.00583	0.00413	0.00459	0.00460	0.00497	0.00398	0.00281	0.00614	0.00698	0.00900	0.02019	0.04456	0.20399	0.61350	0.04488	0.00351	0.00384	0.00680	0.00288	0.00284
2	0.00869	0.03710	0.79874	0.01180	0.01790	0.00982	0.01519	0.01344	0.00893	0.02969	0.00769	0.00894	0.00543	0.00401	0.00397	0.00132	0.00613	0.00311	0.00184	0.00622
3	0.00522	0.00427	0.00460	0.00452	0.00583	0.00365	0.00339	0.00651	0.01017	0.01275	0.24019	0.03817	0.62586	0.01013	0.00497	0.00139	0.00209	0.00855	0.00409	0.00365
4	0.01157	0.00958	0.01013	0.00878	0.01136	0.01098	0.00692	0.18167	0.65730	0.01938	0.01569	0.01456	0.01169	0.00557	0.00426	0.00139	0.00359	0.00456	0.00426	0.00675
5	0.01118	0.83796	0.03836	0.00729	0.01094	0.01649	0.00736	0.01260	0.00855	0.00996	0.00588	0.00679	0.00539	0.00360	0.00272	0.00091	0.00453	0.00227	0.00180	0.00541
6	0.00871	0.00719	0.00796	0.00751	0.00923	0.00797	0.00571	0.03461	0.49615	0.01602	0.11922	0.19798	0.03231	0.00785	0.00464	0.00148	0.00299	0.02272	0.00422	0.00553
7	0.00992	0.01134	0.02481	0.01772	0.02197	0.01063	0.81077	0.01347	0.00992	0.01347	0.00850	0.01134	0.00638	0.00354	0.00496	0.00142	0.00709	0.00496	0.00213	0.00567
8	0.01040	0.00999	0.01706	0.02580	0.82604	0.00999	0.01290	0.01290	0.00957	0.01373	0.00791	0.01040	0.00666	0.00375	0.00416	0.00125	0.00499	0.00375	0.00208	0.00666
9	0.00497	0.00426	0.00426	0.00426	0.00568	0.00355	0.00319	0.00603	0.00958	0.01136	0.04259	0.04046	0.82433	0.01065	0.00497	0.00142	0.00213	0.00887	0.00390	0.00355
10	0.88196	0.00813	0.00618	0.00553	0.00813	0.00943	0.00455	0.01236	0.00715	0.01886	0.00585	0.00683	0.00455	0.00390	0.00260	0.00130	0.00325	0.00228	0.00260	0.00455
11	0.00579	0.00427	0.00541	0.00517	0.00619	0.00389	0.00386	0.00761	0.01147	0.01593	0.69426	0.05653	0.14596	0.00901	0.00497	0.00135	0.00202	0.00790	0.00451	0.00389
12	0.88196	0.00813	0.00618	0.00553	0.00813	0.00943	0.00455	0.01236	0.00715	0.01886	0.00585	0.00683	0.00455	0.00390	0.00260	0.00130	0.00325	0.00228	0.00260	0.00455
13	0.00515	0.00367	0.00487	0.00582	0.00606	0.00343	0.00386	0.00586	0.00800	0.01066	0.02290	0.82690	0.02746	0.03626	0.00581	0.00177	0.00248	0.01179	0.00386	0.00339
14	0.01823	0.00734	0.00978	0.00754	0.01072	0.00652	0.00621	0.06848	0.01250	0.75122	0.04464	0.01465	0.01124	0.00531	0.00425	0.00130	0.00359	0.00432	0.00512	0.00704
15	0.79244	0.00803	0.00655	0.00573	0.00840	0.00909	0.00472	0.01320	0.00766	0.10288	0.00697	0.00760	0.00516	0.00404	0.00277	0.00130	0.00329	0.00248	0.00287	0.00482
16	0.00614	0.00410	0.00467	0.00471	0.00474	0.00410	0.00271	0.00621	0.00625	0.00832	0.01359	0.02827	0.01562	0.82014	0.02080	0.00399	0.00407	0.03636	0.00260	0.00260
17	0.88196	0.00813	0.00618	0.00553	0.00813	0.00943	0.00455	0.01236	0.00715	0.01886	0.00585	0.00683	0.00455	0.00390	0.00260	0.00130	0.00325	0.00228	0.00260	0.00455
18	0.00544	0.00436	0.00492	0.00503	0.00629	0.00384	0.00393	0.00681	0.01000	0.01252	0.17466	0.04006	0.55299	0.01045	0.00511	0.00149	0.00240	0.14198	0.00402	0.00368
19	0.08835	0.00827	0.00898	0.00747	0.00971	0.00889	0.00580	0.28345	0.13998	0.13646	0.01277	0.01611	0.01055	0.20890	0.00821	0.00198	0.00396	0.01559	0.01893	0.00564
20	0.00611	0.00408	0.00458	0.00458	0.00458	0.00408	0.00255	0.00611	0.00611	0.00815	0.01325	0.02751	0.01528	0.85226	0.02140	0.00408	0.00408	0.00611	0.00255	0.00255
21	0.00518	0.00373	0.00492	0.00582	0.00616	0.00347	0.00395	0.00599	0.00825	0.01096	0.04370	0.77348	0.06127	0.01291	0.00535	0.00169	0.00245	0.03334	0.00392	0.00345
22	0.00605	0.00409	0.00457	0.00457	0.00465	0.00405	0.00258	0.00611	0.00631	0.00833	0.01491	0.02824	0.06118	0.80452	0.02046	0.00392	0.00397	0.00627	0.00262	0.00260
23	0.00514	0.00367	0.00487	0.00583	0.00607	0.00343	0.00387	0.00586	0.00801	0.01068	0.02297	0.83266	0.02755	0.03038	0.00569	0.00176	0.00247	0.01183	0.00387	0.00340
24	0.88196	0.00813	0.00618	0.00553	0.00813	0.00943	0.00455	0.01236	0.00715	0.01886	0.00585	0.00683	0.00455	0.00390	0.00260	0.00130	0.00325	0.00228	0.00260	0.00455
25	0.00607	0.00445	0.00573	0.00557	0.00661	0.00417	0.00429	0.00818	0.02774	0.01598	0.65853	0.03359	0.09357	0.00903	0.00504	0.00140	0.00224	0.09934	0.00448	0.00398
26	0.00515	0.00372	0.00482	0.00570	0.00601	0.00345	0.00380	0.00588	0.00809	0.01068	0.02417	0.76269	0.08326	0.04365	0.00592	0.00177	0.00248	0.01152	0.00385	0.00339
27	0.00526	0.00373	0.00491	0.00579	0.00603	0.00352	0.00386	0.00596	0.00792	0.01054	0.02222	0.74927	0.02653	0.09154	0.00688	0.00194	0.00263	0.03436	0.00377	0.00335
28	0.00516	0.00377	0.00480	0.00557	0.00598	0.00347	0.00375	0.00593	0.00826	0.01084	0.04188	0.68739	0.13805	0.04652	0.00595	0.00175	0.00245	0.01120	0.00386	0.00341
29	0.00611	0.00408	0.00458	0.00458	0.00458	0.00408	0.00255	0.00611	0.00611	0.00815	0.01325	0.02751	0.01528	0.85226	0.02140	0.00408	0.00408	0.00611	0.00255	0.00255
30	0.01124	0.85479	0.02203	0.00719	0.01079	0.01663	0.00719	0.01259	0.00854	0.00989	0.00584	0.00674	0.00539	0.00360	0.00270	0.00090	0.00450	0.00225	0.00180	0.00539
31	0.01021	0.00977	0.01654	0.08959	0.74487	0.00995	0.01266	0.01295	0.02784	0.01359	0.00808	0.01059	0.00672	0.00383	0.00417	0.00126	0.00500	0.00377	0.00211	0.00650
32	0.76196	0.00863	0.00707	0.00610	0.00881	0.00993	0.00503	0.12316	0.00890	0.01992	0.00644	0.00728	0.00491	0.00406	0.00282	0.00130	0.00344	0.00249	0.00282	0.00491
33	0.00512	0.00366	0.00488	0.00585	0.00610	0.00341	0.00390	0.00585	0.00805	0.01073	0.02317	0.84952	0.02780	0.01317	0.00537	0.00171	0.00244	0.01195	0.00390	0.00341
34	0.00512	0.00366	0.00488	0.00585	0.00610	0.00341	0.00390	0.00585	0.00805	0.01073	0.02317	0.84952	0.02780	0.01317	0.00537	0.00171	0.00244	0.01195	0.00390	0.00341
35	0.01886	0.00715	0.00976	0.00748	0.01073	0.00618	0.00618	0.02049	0.01203	0.82895	0.01658	0.01431	0.01041	0.00520	0.00423	0.00130	0.00358	0.00423	0.00520	0.00715
36	0.00499	0.00418	0.00434	0.00448	0.00574	0.00353	0.00329	0.00601	0.00937	0.01127	0.03990	0.15256	0.71396	0.01100	0.00502	0.00146	0.00217	0.00930	0.00390	0.00353
37	0.88196	0.00813	0.00618	0.00553	0.00813	0.00943	0.00455	0.01236	0.00715	0.01886	0.00585	0.00683	0.00455	0.00390	0.00260	0.00130	0.00325	0.00228	0.00260	0.00455
38	0.01570	0.02004	0.01191	0.01083	0.01300	0.83539	0.00812	0.01679	0.01191	0.01029	0.00650	0.00758	0.00541	0.00433	0.00379	0.00108	0.00758	0.00271	0.00217	0.00487
39	0.00501	0.00416	0.00439	0.00454	0.00576	0.00354	0.00332	0.00604	0.00938	0.01137	0.05597	0.17035	0.67969	0.01101	0.00503	0.00146	0.00218	0.00934	0.00392	0.00354
40	0.00512	0.00366	0.00488	0.00585	0.00610	0.00341	0.00390	0.00585	0.00805	0.01073	0.02317	0.84952	0.02780	0.01317	0.00537	0.00171	0.00244	0.01195	0.00390	0.00341
41	0.00611	0.00408	0.00458	0.00458	0.00458	0.00408	0.00255	0.00611	0.00611	0.00815	0.01325	0.02751	0.01528	0.85226	0.02140	0.00408	0.00408	0.00611	0.00255	0.00255
42	0.00501	0.00417	0.00437	0.00450	0.00575	0.00354	0.00331	0.00604	0.00940	0.01135	0.05190	0.15709	0.69720	0.01098	0.00503	0.00146	0.00217	0.00930	0.00391	0.00354
43	0.01423	0.00914	0.01009	0.00797	0.01071	0.00975	0.00650	0.49537	0.01604	0.13861	0.05250	0.01290	0.00998	0.00522	0.00399	0.00121	0.00380	0.00407	0.18158	0.00633
44	0.88196	0.00813	0.00618	0.00553	0.00813	0.00943	0.00455	0.01236	0.00715	0.01886	0.00585	0.00683	0.00455	0.00390	0.00260	0.00130	0.00325	0.00228	0.00260	0.00455
45	0.00512	0.00366	0.00488	0.00585	0.00610	0.00341	0.00390	0.00585	0.00805	0.01073	0.02317	0.84952	0.02780	0.01317	0.00537	0.00171	0.00244	0.01195	0.00390	0.00341
46	0.21101	0.00770	0.00906	0.00721	0.01026	0.00750	0.00593	0.05186	0.07027	0.55503	0.01395	0.01256	0.00914	0.00494	0.00387	0.00131	0.00353	0.00381	0.00451	0.00654
47	0.00850	0.00427	0.00440	0.00422	0.00536	0.00427	0.00321	0.03334	0.00926	0.04796	0.01372	0.01546	0.01066	0.00491	0.00303	0.00100	0.00210	0.00393	0.81626	0.00414
48	0.00586	0.00429	0.00549	0.00519	0.00622	0.00393	0.00389	0.00775	0.01168	0.01633	0.74878	0.03227	0.11504	0.00879	0.00496	0.00133	0.00200	0.00772	0.00456	0.00393
49	0.00511	0.00438	0.00439	0.00437	0.00581	0.00372	0.00328	0.00645	0.03017	0.01151	0.04194	0.03983	0.80367	0.01052	0.00495	0.00142	0.00216	0.00877	0.00391	0.00363
50	0.88196	0.00813	0.00618	0.00553	0.00813	0.00943	0.00455	0.01236	0.00715	0.01886	0.00585	0.00683	0.00455	0.00390	0.00260	0.00130	0.00325	0.00228	0.00260	0.00455
51	0.00642	0.00502	0.00646	0.07127	0.00869	0.00455	0.00462	0.00764	0.00842	0.01177	0.09319	0.39276	0.03442	0.10284	0.00646	0.00164	0.00299	0.00785	0.00331	0.21970
52	0.02657	0.01517	0.42016	0.07551	0.08978	0.00923	0.17813	0.01223	0.00885	0.01279	0.00894	0.02162	0.03002	0.00496	0.00513	0.06363	0.00583	0.00390	0.00199	0.00557
53	0.00794	0.00747	0.01261	0.84216	0.02895	0.00934	0.01167	0.01074	0.00841	0.01074	0.00747	0.01121	0.00560	0.00420	0.00420	0.00140	0.00560	0.00374	0.00187	0.00467
54	0.01046	0.00903	0.00951	0.00855	0.01093	0.01046	0.00665	0.02234	0.81845	0.01759	0.01711	0.01568	0.01283	0.00570	0.00428	0.00143	0.00333	0.00475	0.00428	0.00665
55	0.00591	0.00401	0.00479	0.00504	0.00521	0.00398	0.00311	0.00627	0.00681	0.00920	0.01618	0.22664	0.03132	0.55259	0.06178	0.00349	0.00398	0.01988	0.02693	0.00290
56	0.01007	0.00961	0.01168	0.48726	0.03953	0.13210	0.00961	0.12341	0.01028	0.01265	0.00837	0.01237	0.00693	0.10178	0.00612	0.00164	0.00557	0.00386	0.00232	0.00485
57	0.00611	0.00408	0.00458	0.00458	0.00458	0.00408	0.00255	0.00611	0.00611	0.00815	0.01325	0.02751	0.01528	0.85226	0.02140	0.00408	0.00408	0.00611	0.00255	0.00255
58	0.00611	0.00408	0.00458	0.00458	0.00458	0.00408	0.00255	0.00611	0.00611	0.00815	0.01325	0.02751	0.01528	0.85226	0.02140	0.00408	0.00408	0.00611	0.00255	0.00255
59	0.00611	0.00408	0.00461	0.00460	0.00463	0.00407	0.00258	0.00616	0.00626	0.00837	0.03323	0.02761	0.01588	0.83146	0.02099	0.00401	0.00402	0.00615	0.00260	0.00258
60	0.00992	0.01134	0.02481	0.01772	0.02197	0.01063	0.81077	0.01347	0.00992	0.01347	0.00850	0.01134	0.00638	0.00354	0.00496	0.00142	0.00709	0.00496	0.00213	0.00567
61	0.00833	0.00782	0.01323	0.69754	0.15787	0.00936	0.01176	0.01101	0.00855	0.01118	0.00754	0.01110	0.00580	0.00428	0.00437	0.01418	0.00548	0.00374	0.00190	0.00495
62	0.00924	0.00926	0.01325	0.01155	0.03138	0.01275	0.02737	0.01026	0.00659	0.01028	0.00564	0.00928	0.00557	0.00718	0.01336	0.00182	0.80498	0.00371	0.00185	0.00467
63	0.01040	0.00999	0.01706	0.02580	0.82604	0.00999	0.01290	0.01290	0.00957	0.01373	0.00791	0.01040	0.00666	0.00375	0.00416	0.00125	0.00499	0.00375	0.00208	0.00666
64	0.00632	0.00442	0.00535	0.00521	0.00628	0.00404	0.00383	0.00783	0.02141	0.05368	0.35675	0.11345	0.26014	0.09403	0.01831	0.00175	0.00255	0.02669	0.00411	0.00384
65	0.01017	0.00975	0.01664	0.10399	0.74969	0.00993	0.01278	0.01269	0.00946	0.01345	0.00787	0.01048	0.00656	0.00379	0.00417	0.00126	0.00505	0.00374	0.00206	0.00647
66	0.32339	0.00761	0.00856	0.00684	0.00987	0.00750	0.00565	0.03713	0.01050	0.52327	0.01264	0.01156	0.00826	0.00474	0.00365	0.00130	0.00349	0.00353	0.00426	0.00624
67	0.01469	0.01113	0.01189	0.00941	0.01254	0.01243	0.00768	0.62716	0.20673	0.02441	0.01174	0.01140	0.00848	0.00520	0.00422	0.00130	0.00432	0.00401	0.00422	0.00703
68	0.00840	0.00519	0.00626	0.00583	0.00733	0.00484	0.00440	0.03074	0.06891	0.15600	0.22377	0.18643	0.23028	0.02287	0.00508	0.00146	0.00258	0.00780	0.01727	0.00456
69	0.01740	0.00801	0.01001	0.00774	0.01086	0.00763	0.00637	0.20524	0.01362	0.58312	0.01486	0.01342	0.00967	0.00514	0.00413	0.00127	0.00371	0.00410	0.06678	0.00692
70	0.00611	0.00408	0.00458	0.00458	0.00458	0.00408	0.00255	0.00611	0.00611	0.00815	0.01325	0.02751	0.01528	0.85226	0.02140	0.00408	0.00408	0.00611	0.00255	0.00255
71	0.00582	0.00397	0.00465	0.00491	0.00501	0.00389	0.00292	0.00604	0.00672	0.00891	0.01666	0.24265	0.04109	0.60958	0.01675	0.00338	0.00359	0.00772	0.00294	0.00280
72	0.77119	0.00847	0.00693	0.00600	0.00870	0.00971	0.00494	0.09380	0.00856	0.04104	0.00657	0.00736	0.00497	0.00405	0.00281	0.00130	0.00340	0.00248	0.00283	0.00489
73	0.88196	0.00813	0.00618	0.00553	0.00813	0.00943	0.00455	0.01236	0.00715	0.01886	0.00585	0.00683	0.00455	0.00390	0.00260	0.00130	0.00325	0.00228	0.00260	0.00455
74	0.00507	0.00426	0.00440	0.00437	0.00574	0.00359	0.00327	0.00623	0.00982	0.01193	0.12397	0.03951	0.74259	0.01043	0.00497	0.00141	0.00211	0.00874	0.00398	0.00359
75	0.02278	0.00535	0.00604	0.00563	0.00684	0.00530	0.00404	0.04879	0.10170	0.06737	0.16704	0.08068	0.19804	0.25088	0.00950	0.00217	0.00306	0.00691	0.00377	0.00412
76	0.00564	0.00433	0.00517	0.00500	0.00613	0.00390	0.00373	0.00740	0.02410	0.01463	0.49635	0.07173	0.31759	0.00949	0.00497	0.00138	0.00208	0.00821	0.00433	0.00384
77	0.00592	0.00430	0.00558	0.00526	0.00626	0.00395	0.00395	0.00788	0.01184	0.01671	0.80232	0.03165	0.06126	0.00865	0.00496	0.00132	0.00199	0.00764	0.00461	0.00395
78	0.00512	0.00366	0.00488	0.00585	0.00610	0.00341	0.00390	0.00585	0.00805	0.01073	0.02317	0.84952	0.02780	0.01317	0.00537	0.00171	0.00244	0.01195	0.00390	0.00341
79	0.00590	0.00419	0.00535	0.00589	0.00650	0.00402	0.00437	0.00694	0.00854	0.01128	0.07734	0.28376	0.12042	0.15923	0.02513	0.01991	0.00324	0.22443	0.02012	0.00343
80	0.84209	0.00816	0.00657	0.02521	0.02717	0.00944	0.00491	0.01233	0.00724	0.01856	0.00594	0.00701	0.00462	0.00391	0.00267	0.00130	0.00335	0.00234	0.00257	0.00460
81	0.00697	0.00382	0.00552	0.00552	0.00561	0.00391	0.00370	0.00582	0.00573	0.00773	0.00862	0.01527	0.00880	0.13132	0.12169	0.64704	0.00468	0.00410	0.00198	0.00217
82	0.00872	0.00747	0.00872	0.00623	0.00996	0.00560	0.00498	0.01058	0.00872	0.01370	0.00747	0.00872	0.00623	0.00311	0.00311	0.00062	0.00311	0.00249	0.00249	0.87796
83	0.00555	0.00422	0.00529	0.00600	0.02491	0.00389	0.00425	0.00666	0.00899	0.01162	0.09109	0.36723	0.26560	0.05191	0.00602	0.00173	0.00266	0.12495	0.00385	0.00360
84	0.00579	0.00460	0.00518	0.00503	0.00627	0.00423	0.00375	0.00792	0.06830	0.01365	0.31979	0.05332	0.42084	0.04578	0.00564	0.00151	0.00228	0.01810	0.00413	0.00388
85	0.88196	0.00813	0.00618	0.00553	0.00813	0.00943	0.00455	0.01236	0.00715	0.01886	0.00585	0.00683	0.00455	0.00390	0.00260	0.00130	0.00325	0.00228	0.00260	0.00455
86	0.00677	0.00484	0.00677	0.00774	0.00871	0.00484	0.00677	0.00871	0.00968	0.01258	0.02226	0.04742	0.02419	0.01161	0.00581	0.00194	0.00387	0.79775	0.00387	0.00387
87	0.00553	0.00421	0.00462	0.00472	0.00591	0.00366	0.00348	0.00671	0.00958	0.02784	0.11782	0.16911	0.54618	0.01046	0.00493	0.00144	0.00221	0.01992	0.04801	0.00366
88	0.00694	0.00448	0.00523	0.00511	0.00632	0.00395	0.00371	0.00798	0.00940	0.11239	0.10844	0.19677	0.39453	0.10722	0.00685	0.00176	0.00258	0.00847	0.00398	0.00389
89	0.00843	0.02174	0.83048	0.01198	0.01819	0.00976	0.01553	0.01331	0.00888	0.01331	0.00754	0.00888	0.00533	0.00399	0.00399	0.00133	0.00621	0.00311	0.00178	0.00621
90	0.00998	0.00795	0.00863	0.00780	0.00989	0.00878	0.00611	0.13578	0.44222	0.03049	0.03085	0.10051	0.09667	0.00723	0.00452	0.00145	0.00330	0.05804	0.02396	0.00582
91	0.00601	0.00450	0.00676	0.00676	0.00751	0.00525	0.00525	0.00751	0.00676	0.00976	0.01126	0.01651	0.01051	0.03153	0.83560	0.00676	0.01126	0.00450	0.00225	0.00375
92	0.88196	0.00813	0.00618	0.00553	0.00813	0.00943	0.00455	0.01236	0.00715	0.01886	0.00585	0.00683	0.00455	0.00390	0.00260	0.00130	0.00325	0.00228	0.00260	0.00455
93	0.00611	0.00408	0.00458	0.00458	0.00458	0.00408	0.00255	0.00611	0.00611	0.00815	0.01325	0.02751	0.01528	0.85226	0.02140	0.00408	0.00408	0.00611	0.00255	0.00255
94	0.00563	0.00419	0.00496	0.00493	0.00574	0.00387	0.00345	0.00676	0.00936	0.01245	0.31009	0.10215	0.26045	0.20655	0.03916	0.00222	0.00289	0.00788	0.00378	0.00346
95	0.00679	0.00429	0.00574	0.00620	0.00681	0.00410	0.00438	0.00770	0.00863	0.09785	0.05719	0.67083	0.03581	0.01185	0.00554	0.00165	0.03333	0.02343	0.00400	0.00389
96	0.00512	0.00366	0.00488	0.00585	0.00610	0.00341	0.00390	0.00585	0.00805	0.01073	0.02317	0.84952	0.02780	0.01317	0.00537	0.00171	0.00244	0.01195	0.00390	0.00341
97	0.00611	0.00408	0.00458	0.00458	0.00458	0.00408	0.00255	0.00611	0.00611	0.00815	0.01325	0.02751	0.01528	0.85226	0.02140	0.00408	0.00408	0.00611	0.00255	0.00255
98	0.06335	0.01114	0.01226	0.09337	0.01437	0.01246	0.00817	0.68674	0.01792	0.02448	0.00959	0.01002	0.00685	0.00490	0.00412	0.00128	0.00465	0.00370	0.00388	0.00675
99	0.88196	0.00813	0.00618	0.00553	0.00813	0.00943	0.00455	0.01236	0.00715	0.01886	0.00585	0.00683	0.00455	0.00390	0.00260	0.00130	0.00325	0.00228	0.00260	0.00455
100	0.00611	0.00408	0.00458	0.00458	0.00458	0.00408	0.00255	0.00611	0.00611	0.00815	0.01325	0.02751	0.01528	0.85226	0.02140	0.00408	0.00408	0.00611	0.00255	0.00255
101	0.00569	0.00392	0.00469	0.00508	0.00521	0.00380	0.00310	0.00601	0.00697	0.00926	0.01795	0.35343	0.04162	0.49768	0.01461	0.00307	0.00338	0.00850	0.00312	0.00292
102	0.00872	0.00747	0.00872	0.00623	0.00996	0.00560	0.00498	0.01058	0.00872	0.01370	0.00747	0.00872	0.00623	0.00311	0.00311	0.00062	0.00311	0.00249	0.00249	0.87796
103	0.00865	0.00507	0.00661	0.00584	0.00732	0.00467	0.00451	0.03703	0.01219	0.16613	0.64865	0.02756	0.03321	0.00785	0.00480	0.00132	0.00236	0.00686	0.00472	0.00466
104	0.01839	0.00726	0.00974	0.00754	0.01074	0.00642	0.00621	0.02059	0.05690	0.78381	0.01661	0.01438	0.01054	0.00523	0.00423	0.00131	0.00356	0.00426	0.00515	0.00713
105	0.00520	0.00427	0.00458	0.00450	0.00582	0.00365	0.00338	0.00649	0.01013	0.01267	0.22870	0.03830	0.63740	0.01016	0.00497	0.00140	0.00209	0.00857	0.00408	0.00365
106	0.03720	0.05774	0.03653	0.01068	0.01316	0.68712	0.02941	0.05830	0.01191	0.01152	0.00672	0.00779	0.00551	0.00429	0.00377	0.00111	0.00712	0.00280	0.00226	0.00507
107	0.00611	0.00408	0.00462	0.00461	0.00465	0.00407	0.00260	0.00618	0.00634	0.00849	0.04461	0.02766	0.01623	0.81961	0.02076	0.00397	0.00399	0.00617	0.00263	0.00260
108	0.00516	0.00368	0.00492	0.00590	0.00616	0.00345	0.00397	0.00592	0.00809	0.01077	0.02315	0.83143	0.02772	0.01313	0.00538	0.00171	0.00247	0.02967	0.00390	0.00342
109	0.07159	0.00779	0.01214	0.72872	0.02644	0.00958	0.01093	0.06187	0.00904	0.01233	0.00752	0.01082	0.00563	0.00423	0.00409	0.00138	0.00537	0.00363	0.00207	0.00482
110	0.00792	0.00730	0.01219	0.72644	0.05776	0.00891	0.01123	0.01062	0.00858	0.01104	0.00898	0.01483	0.00752	0.00493	0.00436	0.00145	0.00541	0.08379	0.00208	0.00467
111	0.00579	0.00429	0.00540	0.00512	0.00618	0.00390	0.00384	0.00763	0.01153	0.01597	0.69789	0.03286	0.16615	0.00892	0.00496	0.00134	0.00201	0.00781	0.00451	0.00390
112	0.00872	0.00747	0.00872	0.00623	0.00996	0.00560	0.00498	0.01058	0.00872	0.01370	0.00747	0.00872	0.00623	0.00311	0.00311	0.00062	0.00311	0.00249	0.00249	0.87796
113	0.03942	0.00439	0.00508	0.00497	0.00614	0.00399	0.00372	0.00723	0.01051	0.01431	0.42237	0.09423	0.33980	0.00958	0.00491	0.00139	0.00215	0.01782	0.00421	0.00379
114	0.00511	0.00370	0.00483	0.00574	0.00607	0.00342	0.00385	0.00587	0.00816	0.01077	0.02453	0.79285	0.08360	0.01299	0.00534	0.00169	0.00242	0.01173	0.00390	0.00342
115	0.84818	0.00815	0.00651	0.02200	0.02447	0.00944	0.00485	0.01234	0.00723	0.01860	0.00592	0.00698	0.00461	0.00390	0.00266	0.00130	0.00333	0.00233	0.00258	0.00460
116	0.01174	0.01000	0.01017	0.02934	0.01171	0.06745	0.00710	0.22719	0.44650	0.01866	0.01564	0.01668	0.04284	0.00600	0.00435	0.00139	0.00401	0.05891	0.00401	0.00630
117	0.00548	0.00406	0.00468	0.00493	0.00556	0.00374	0.00331	0.00622	0.00829	0.01066	0.09125	0.24518	0.28484	0.27425	0.01022	0.00233	0.00284	0.02537	0.00354	0.00324
118	0.00526	0.00373	0.00487	0.00574	0.00602	0.00350	0.00384	0.00599	0.00800	0.01068	0.02284	0.74562	0.04693	0.06997	0.00642	0.00186	0.00256	0.02721	0.01561	0.00337
119	0.01558	0.01961	0.01194	0.02522	0.01327	0.80012	0.00818	0.03693	0.01205	0.01071	0.00661	0.00771	0.00546	0.00435	0.00381	0.00109	0.00747	0.00275	0.00221	0.00493
120	0.00638	0.00444	0.00588	0.02766	0.00754	0.00439	0.00490	0.00786	0.03935	0.03556	0.02089	0.45175	0.02364	0.11345	0.00732	0.00203	0.00318	0.22634	0.00373	0.00370
121	0.00872	0.00747	0.00872	0.00623	0.00996	0.00560	0.00498	0.01058	0.00872	0.01370	0.00747	0.00872	0.00623	0.00311	0.00311	0.00062	0.00311	0.00249	0.00249	0.87796
122	0.58791	0.00679	0.00565	0.00523	0.00716	0.00755	0.00404	0.01031	0.00745	0.01601	0.04109	0.03428	0.10175	0.14277	0.00607	0.00177	0.00319	0.00407	0.00284	0.00407
123	0.00522	0.00423	0.00466	0.00486	0.00605	0.00367	0.00366	0.00637	0.00953	0.01174	0.08854	0.14979	0.59378	0.01094	0.00510	0.00150	0.00232	0.08051	0.00395	0.00359
124	0.03082	0.01071	0.01426	0.12815	0.07280	0.01169	0.11780	0.48562	0.03362	0.02094	0.00945	0.01063	0.00694	0.00516	0.02104	0.00142	0.00520	0.00394	0.00338	0.00644
125	0.22109	0.00850	0.01129	0.28307	0.16245	0.00961	0.00902	0.11221	0.04115	0.04115	0.00877	0.01170	0.00698	0.00471	0.00406	0.01437	0.00455	0.03728	0.00266	0.00539
126	0.00545	0.00420	0.00498	0.00522	0.00616	0.00380	0.00381	0.00683	0.02218	0.01259	0.22212	0.27165	0.33439	0.02864	0.00546	0.00156	0.00234	0.05091	0.00405	0.00365
127	0.00602	0.00443	0.00563	0.01888	0.00688	0.00427	0.00428	0.01780	0.04691	0.01385	0.33899	0.33102	0.08819	0.02730	0.00539	0.00156	0.00245	0.04971	0.02257	0.00387

[dist]
# distance from previous block
# <min> <max>
0	52

# created by:
# /st0/software/busco_prod/Augustus/scripts/msa2prfl.pl ./align_prep/138766.fa
