[name]
unknown

[dist]
# distance from previous block
# <min> <max>
9	466

[block]
# block no. 0 follows, 61 sequences, length 54
# corresponding to MSA columns:
# 501-554
name=unknown_A
#
# <colnr> <probs for GDERKNQSTAVLIFYWHMCP>
#	G	D	E	R	K	N	Q	S	T	A	V	L	I	F	Y	W	H	M	C	P
0	0.08616	0.00830	0.00950	0.11525	0.02751	0.07113	0.03724	0.10486	0.05431	0.08709	0.06850	0.06554	0.05921	0.08837	0.01677	0.00167	0.00429	0.00504	0.04168	0.04758
1	0.01023	0.00942	0.05575	0.12352	0.05482	0.06004	0.07462	0.10022	0.04138	0.07209	0.05746	0.09808	0.04927	0.03467	0.03029	0.00171	0.09093	0.01634	0.01390	0.00527
2	0.00931	0.00825	0.05775	0.12789	0.04800	0.00800	0.04243	0.10017	0.12036	0.04241	0.01423	0.14193	0.02387	0.07404	0.03328	0.00184	0.01542	0.05010	0.02851	0.05221
3	0.01204	0.00986	0.07824	0.04146	0.01192	0.02926	0.00747	0.23471	0.16371	0.10525	0.01372	0.03046	0.02307	0.04788	0.04192	0.00174	0.01488	0.03861	0.07592	0.01787
4	0.02228	0.02459	0.06009	0.04115	0.04720	0.02534	0.06242	0.17015	0.07322	0.09823	0.04631	0.05728	0.01187	0.08943	0.02099	0.00170	0.00448	0.03427	0.04582	0.06318
5	0.02567	0.06002	0.09400	0.02222	0.03605	0.05263	0.03036	0.10255	0.22178	0.05538	0.07700	0.04673	0.01220	0.00665	0.03734	0.00154	0.02669	0.00455	0.03356	0.05310
6	0.02796	0.04910	0.05453	0.06215	0.03151	0.08681	0.03673	0.14504	0.08458	0.12585	0.05781	0.04575	0.01109	0.03276	0.00536	0.00143	0.05223	0.02128	0.02617	0.04186
7	0.03759	0.02666	0.08524	0.01047	0.04965	0.10831	0.11288	0.10820	0.07292	0.06734	0.04559	0.03543	0.03370	0.04986	0.01805	0.00150	0.01501	0.00440	0.01470	0.10251
8	0.01056	0.14673	0.40056	0.01094	0.03280	0.02306	0.06113	0.01389	0.00956	0.11453	0.04708	0.01087	0.00802	0.00503	0.01963	0.00140	0.04568	0.00357	0.00247	0.03251
9	0.05382	0.00960	0.01016	0.00828	0.03035	0.10389	0.03002	0.06379	0.08115	0.10576	0.02141	0.01189	0.02299	0.00440	0.00375	0.00101	0.00405	0.01951	0.00316	0.41101
10	0.02387	0.02075	0.04040	0.07959	0.03020	0.02864	0.10210	0.11490	0.09978	0.20485	0.03674	0.01526	0.02601	0.00617	0.02961	0.00151	0.01849	0.04355	0.00362	0.07395
11	0.03668	0.01018	0.01363	0.28002	0.31404	0.10014	0.01077	0.03763	0.07488	0.01349	0.00992	0.01206	0.03795	0.00452	0.00420	0.00132	0.00525	0.00393	0.00242	0.02698
12	0.00700	0.00547	0.00627	0.00625	0.00751	0.01674	0.00474	0.03194	0.12070	0.02556	0.16969	0.19834	0.23641	0.02906	0.03014	0.00176	0.00307	0.09092	0.00410	0.00432
13	0.00864	0.02228	0.82630	0.01228	0.01864	0.01000	0.01592	0.01364	0.00909	0.01364	0.00773	0.00909	0.00546	0.00409	0.00409	0.00136	0.00637	0.00318	0.00182	0.00637
14	0.01066	0.01023	0.01748	0.02644	0.82174	0.01023	0.01322	0.01322	0.00981	0.01407	0.00810	0.01066	0.00682	0.00384	0.00426	0.00128	0.00512	0.00384	0.00213	0.00682
15	0.01190	0.00984	0.01041	0.00901	0.01165	0.01127	0.00711	0.18742	0.64749	0.01993	0.01602	0.01487	0.01193	0.00570	0.00437	0.00143	0.00369	0.00466	0.00437	0.00692
16	0.00532	0.00428	0.00475	0.00483	0.00601	0.00370	0.00355	0.00655	0.01006	0.01269	0.19962	0.16323	0.53854	0.01088	0.00515	0.00148	0.00220	0.00931	0.00415	0.00370
17	0.01609	0.02053	0.01221	0.01110	0.01332	0.83132	0.00832	0.01720	0.01221	0.01054	0.00666	0.00777	0.00555	0.00444	0.00388	0.00111	0.00777	0.00277	0.00222	0.00499
18	0.01183	0.02361	0.08744	0.02971	0.04462	0.11811	0.34681	0.11422	0.11737	0.03278	0.00977	0.01126	0.00734	0.00439	0.00473	0.00137	0.02148	0.00430	0.00276	0.00610
19	0.00605	0.00440	0.00570	0.00537	0.00641	0.00405	0.00403	0.00805	0.01209	0.01703	0.78653	0.03257	0.07374	0.00890	0.00508	0.00136	0.00204	0.00785	0.00471	0.00405
20	0.01114	0.00961	0.01220	0.03949	0.05439	0.01067	0.09888	0.07818	0.56513	0.03690	0.01511	0.01467	0.01130	0.00536	0.00443	0.00143	0.00410	0.00471	0.01564	0.00664
21	0.00524	0.00379	0.00496	0.00589	0.00622	0.00351	0.00395	0.00601	0.00835	0.01104	0.02500	0.79478	0.07870	0.01333	0.00547	0.00173	0.00248	0.01205	0.00400	0.00351
22	0.00524	0.00376	0.00498	0.00595	0.00624	0.00350	0.00398	0.00600	0.00829	0.01101	0.02427	0.82447	0.04948	0.01343	0.00549	0.00174	0.00249	0.01216	0.00400	0.00350
23	0.87904	0.00833	0.00633	0.00566	0.00833	0.00966	0.00467	0.01266	0.00733	0.01933	0.00600	0.00700	0.00467	0.00400	0.00267	0.00133	0.00333	0.00233	0.00267	0.00467
24	0.00813	0.00766	0.01292	0.83826	0.02967	0.00957	0.01196	0.01101	0.00861	0.01101	0.00766	0.01148	0.00574	0.00431	0.00431	0.00144	0.00574	0.00383	0.00191	0.00479
25	0.00716	0.00464	0.00610	0.00560	0.00680	0.00425	0.00425	0.00916	0.01220	0.08208	0.75506	0.03077	0.03824	0.00853	0.00502	0.00135	0.00216	0.00751	0.00479	0.00433
26	0.87904	0.00833	0.00633	0.00566	0.00833	0.00966	0.00467	0.01266	0.00733	0.01933	0.00600	0.00700	0.00467	0.00400	0.00267	0.00133	0.00333	0.00233	0.00267	0.00467
27	0.21240	0.00847	0.00926	0.00746	0.01047	0.04908	0.00609	0.06429	0.04525	0.49088	0.03157	0.01320	0.02251	0.00516	0.00396	0.00133	0.00379	0.00395	0.00444	0.00646
28	0.01082	0.52729	0.24706	0.00894	0.01317	0.07193	0.00971	0.01323	0.00922	0.01142	0.03770	0.00855	0.00685	0.00405	0.00330	0.00108	0.00523	0.00279	0.00197	0.00567
29	0.00932	0.00764	0.00897	0.00643	0.01024	0.00576	0.00515	0.01123	0.00906	0.04433	0.00801	0.00915	0.00654	0.00327	0.00323	0.00066	0.00321	0.00262	0.00266	0.84252
30	0.00954	0.01104	0.05066	0.01640	0.02035	0.00997	0.67820	0.01293	0.01010	0.01378	0.05338	0.07228	0.00990	0.00463	0.00508	0.00147	0.00661	0.00568	0.00243	0.00557
31	0.00963	0.00920	0.02824	0.08154	0.59906	0.00911	0.01151	0.02620	0.00967	0.01357	0.01117	0.13365	0.02765	0.00547	0.00446	0.00137	0.00473	0.00517	0.00246	0.00612
32	0.00869	0.00822	0.01392	0.66042	0.20318	0.00972	0.01224	0.01149	0.00888	0.01168	0.00775	0.01130	0.00598	0.00420	0.00430	0.00140	0.00561	0.00383	0.00196	0.00523
33	0.87904	0.00833	0.00633	0.00566	0.00833	0.00966	0.00467	0.01266	0.00733	0.01933	0.00600	0.00700	0.00467	0.00400	0.00267	0.00133	0.00333	0.00233	0.00267	0.00467
34	0.01420	0.01243	0.01161	0.00968	0.01254	0.14968	0.00770	0.38049	0.31661	0.02094	0.01242	0.01206	0.00921	0.00530	0.00427	0.00133	0.00475	0.00406	0.00399	0.00674
35	0.00943	0.14035	0.43801	0.01103	0.01574	0.03319	0.08806	0.02419	0.08779	0.01376	0.05469	0.03196	0.02369	0.00480	0.00412	0.00132	0.00551	0.00398	0.00240	0.00596
36	0.00977	0.08254	0.56326	0.01361	0.11057	0.02453	0.05979	0.01408	0.02543	0.04527	0.00824	0.00959	0.00604	0.00409	0.00408	0.00132	0.00600	0.00337	0.00207	0.00635
37	0.01000	0.01018	0.01311	0.04284	0.01220	0.06919	0.00942	0.02980	0.00738	0.01080	0.00591	0.00941	0.00569	0.00715	0.01282	0.00180	0.73183	0.00371	0.00197	0.00480
38	0.00950	0.00801	0.00923	0.00669	0.01045	0.00641	0.00537	0.06605	0.03373	0.01506	0.00814	0.00924	0.00665	0.00341	0.00330	0.00071	0.00330	0.00271	0.00273	0.78931
39	0.00649	0.00449	0.00580	0.00546	0.00657	0.00413	0.00413	0.00846	0.01197	0.04095	0.72270	0.03221	0.08042	0.00881	0.00504	0.00137	0.00213	0.02449	0.02024	0.00414
40	0.00718	0.00467	0.00596	0.00548	0.00677	0.00422	0.00417	0.00905	0.01189	0.09087	0.64100	0.03181	0.14293	0.00877	0.00501	0.00137	0.00220	0.00765	0.00470	0.00431
41	0.00813	0.00748	0.00713	0.00672	0.00834	0.10349	0.00515	0.01217	0.20087	0.01477	0.26395	0.02910	0.25481	0.00837	0.00483	0.00142	0.00319	0.05129	0.00410	0.00470
42	0.00626	0.00418	0.00470	0.00470	0.00470	0.00418	0.00261	0.00626	0.00626	0.00835	0.01357	0.02819	0.01566	0.84862	0.02192	0.00418	0.00418	0.00626	0.00261	0.00261
43	0.01536	0.01158	0.01293	0.00982	0.01334	0.01245	0.03552	0.69432	0.01869	0.02528	0.01000	0.01023	0.00720	0.00490	0.00422	0.00123	0.00466	0.00378	0.00405	0.10045
44	0.00548	0.00399	0.00519	0.00589	0.00642	0.00370	0.00414	0.00655	0.00913	0.01218	0.15202	0.59088	0.10123	0.01241	0.00543	0.00168	0.00249	0.06344	0.00411	0.00363
45	0.01933	0.00733	0.01000	0.00766	0.01100	0.00633	0.00633	0.02099	0.01233	0.82473	0.01699	0.01466	0.01066	0.00533	0.00433	0.00133	0.00367	0.00433	0.00533	0.00733
46	0.01071	0.00925	0.00974	0.00877	0.01120	0.01071	0.00682	0.02289	0.81396	0.01802	0.01753	0.01607	0.01315	0.00584	0.00438	0.00146	0.00341	0.00487	0.00438	0.00682
47	0.00983	0.03918	0.01366	0.01127	0.01157	0.05325	0.02158	0.01084	0.00700	0.01042	0.00576	0.00929	0.00566	0.00719	0.01310	0.00181	0.75822	0.00369	0.00190	0.00477
48	0.01140	0.01100	0.04474	0.00906	0.01146	0.13793	0.03408	0.12660	0.34200	0.02890	0.03868	0.03948	0.03195	0.07027	0.04146	0.00182	0.00484	0.00483	0.00363	0.00586
49	0.01550	0.01832	0.01221	0.03608	0.01363	0.65313	0.00835	0.12887	0.01302	0.01292	0.00754	0.02543	0.00628	0.00480	0.00424	0.00118	0.02749	0.00318	0.00254	0.00528
50	0.00616	0.00459	0.00677	0.00677	0.00749	0.00530	0.00519	0.00759	0.00688	0.00989	0.01168	0.01770	0.01110	0.08832	0.77599	0.00673	0.01103	0.00473	0.00233	0.00376
51	0.00967	0.00962	0.04023	0.29020	0.50120	0.00990	0.01253	0.01263	0.03072	0.01312	0.00889	0.01162	0.02242	0.00419	0.00429	0.00134	0.00526	0.00394	0.00215	0.00608
52	0.00724	0.00635	0.00815	0.00775	0.00873	0.07575	0.03002	0.00879	0.00756	0.01032	0.02691	0.01600	0.01060	0.02766	0.68865	0.00596	0.04267	0.00450	0.00233	0.00404
53	0.00972	0.10363	0.59647	0.01113	0.01654	0.02651	0.01343	0.04163	0.04912	0.03846	0.00888	0.01070	0.00671	0.00446	0.00403	0.00132	0.00580	0.02913	0.00223	0.02010

[dist]
# distance from previous block
# <min> <max>
1	6

[block]
# block no. 1 follows, 61 sequences, length 47
# corresponding to MSA columns:
# 565-611
name=unknown_B
#
# <colnr> <probs for GDERKNQSTAVLIFYWHMCP>
#	G	D	E	R	K	N	Q	S	T	A	V	L	I	F	Y	W	H	M	C	P
0	0.83261	0.00904	0.03340	0.00599	0.00877	0.02664	0.00511	0.01279	0.00749	0.01896	0.00607	0.00708	0.00471	0.00401	0.00274	0.00133	0.00352	0.00237	0.00263	0.00473
1	0.01043	0.48466	0.33603	0.00987	0.02895	0.02803	0.02370	0.01328	0.00899	0.01164	0.00676	0.00792	0.00554	0.00386	0.00337	0.00111	0.00540	0.00273	0.00185	0.00587
2	0.00680	0.00456	0.00575	0.00577	0.00633	0.00462	0.00405	0.03317	0.02359	0.01023	0.02726	0.07452	0.11922	0.26003	0.12467	0.21052	0.00467	0.06821	0.00288	0.00315
3	0.02189	0.00615	0.00812	0.00805	0.03766	0.00607	0.02081	0.06229	0.07291	0.14639	0.14253	0.19186	0.03743	0.00921	0.00510	0.00160	0.00339	0.20927	0.00425	0.00501
4	0.00999	0.01200	0.06798	0.01754	0.02191	0.01067	0.74032	0.01365	0.01010	0.01376	0.00907	0.01256	0.00701	0.00390	0.00506	0.00146	0.00712	0.02791	0.00221	0.00579
5	0.00930	0.00885	0.01503	0.46225	0.39653	0.00988	0.01255	0.01203	0.00917	0.01243	0.00786	0.01110	0.00624	0.00409	0.00429	0.00136	0.00545	0.00383	0.00202	0.00573
6	0.01071	0.00925	0.00974	0.00877	0.01120	0.01071	0.00682	0.02289	0.81396	0.01802	0.01753	0.01607	0.01315	0.00584	0.00438	0.00146	0.00341	0.00487	0.00438	0.00682
7	0.01083	0.61438	0.23692	0.00875	0.01312	0.03041	0.00967	0.01318	0.00891	0.01108	0.00647	0.00751	0.00551	0.00381	0.00314	0.00104	0.00514	0.00255	0.00184	0.00574
8	0.00748	0.00374	0.00561	0.00561	0.00561	0.00374	0.00374	0.00561	0.00561	0.00748	0.00748	0.01309	0.00748	0.01496	0.01684	0.87467	0.00374	0.00374	0.00187	0.00187
9	0.00942	0.00942	0.01319	0.01131	0.01131	0.01319	0.00942	0.01037	0.00660	0.01037	0.00565	0.00942	0.00565	0.00754	0.01414	0.00188	0.84073	0.00377	0.00188	0.00471
10	0.00863	0.00829	0.01442	0.66709	0.14149	0.00975	0.06643	0.01151	0.00889	0.01163	0.00779	0.01138	0.00595	0.00419	0.00435	0.00141	0.00576	0.00392	0.00196	0.00514
11	0.00561	0.00438	0.00508	0.00490	0.00613	0.00386	0.00368	0.00718	0.01104	0.01453	0.44128	0.03670	0.42056	0.00983	0.00509	0.00140	0.00211	0.00842	0.00438	0.00386
12	0.00890	0.00552	0.00621	0.00555	0.00705	0.00551	0.00430	0.12990	0.01197	0.05042	0.28611	0.02222	0.07347	0.00671	0.00409	0.00121	0.00251	0.00561	0.35812	0.00464
13	0.00621	0.00436	0.00542	0.00516	0.00622	0.00401	0.00387	0.00814	0.01160	0.01656	0.65044	0.03135	0.11784	0.00861	0.00485	0.00133	0.00204	0.00751	0.10049	0.00401
14	0.00626	0.00418	0.00470	0.00470	0.00470	0.00418	0.00261	0.00626	0.00626	0.00835	0.01357	0.02819	0.01566	0.84862	0.02192	0.00418	0.00418	0.00626	0.00261	0.00261
15	0.01028	0.00984	0.01679	0.14942	0.70175	0.01013	0.01303	0.01288	0.00963	0.01361	0.00803	0.01079	0.00666	0.00391	0.00427	0.00130	0.00521	0.00384	0.00210	0.00651
16	0.00944	0.00796	0.00921	0.00662	0.01042	0.00626	0.00531	0.06530	0.00971	0.01493	0.00784	0.00903	0.00644	0.00333	0.00327	0.00068	0.00330	0.00264	0.00267	0.81563
17	0.31747	0.01191	0.01058	0.00945	0.04766	0.20935	0.04491	0.14260	0.03995	0.07175	0.00912	0.00991	0.02179	0.00544	0.02960	0.00146	0.00516	0.00331	0.00303	0.00554
18	0.00525	0.00375	0.00500	0.00600	0.00625	0.00350	0.00400	0.00600	0.00825	0.01100	0.02374	0.84580	0.02849	0.01350	0.00550	0.00175	0.00250	0.01225	0.00400	0.00350
19	0.00844	0.00793	0.01351	0.74246	0.02820	0.00962	0.05995	0.03210	0.00905	0.01166	0.00823	0.01254	0.00639	0.00451	0.00440	0.00145	0.00576	0.02687	0.00205	0.00489
20	0.01023	0.48103	0.38150	0.00956	0.01444	0.01390	0.01119	0.01323	0.00891	0.01170	0.00677	0.00789	0.00550	0.00387	0.00336	0.00112	0.00539	0.00270	0.00183	0.00590
21	0.01114	0.00876	0.00919	0.00828	0.01042	0.05349	0.00640	0.10440	0.42554	0.08625	0.04787	0.16476	0.01590	0.00724	0.00460	0.00147	0.00361	0.02033	0.00428	0.00607
22	0.00755	0.00501	0.00626	0.00573	0.00712	0.00468	0.00437	0.01012	0.06671	0.09423	0.58664	0.03060	0.13719	0.00854	0.00496	0.00137	0.00230	0.00743	0.00468	0.00451
23	0.00655	0.00496	0.00739	0.00736	0.00824	0.00530	0.04132	0.02138	0.00805	0.01106	0.01567	0.14325	0.01642	0.09546	0.41855	0.00457	0.00771	0.16995	0.00295	0.00386
24	0.01358	0.05010	0.08404	0.01332	0.14195	0.36331	0.03978	0.11881	0.10706	0.01451	0.00879	0.00977	0.00691	0.00451	0.00408	0.00123	0.00617	0.00344	0.00268	0.00597
25	0.00669	0.00540	0.00715	0.00703	0.00775	0.03851	0.00537	0.00803	0.00705	0.00986	0.01132	0.01744	0.01087	0.11639	0.67972	0.00620	0.04441	0.00468	0.00232	0.00380
26	0.00532	0.00385	0.00505	0.00595	0.00633	0.00358	0.00407	0.00617	0.00851	0.01125	0.04205	0.74139	0.08271	0.01315	0.00548	0.00173	0.00253	0.04332	0.00401	0.00354
27	0.01017	0.00970	0.01623	0.20522	0.50982	0.01028	0.05904	0.02974	0.06469	0.01384	0.00868	0.01124	0.00698	0.00417	0.00453	0.00135	0.02180	0.00398	0.00228	0.00628
28	0.01096	0.01027	0.01701	0.05400	0.73849	0.01042	0.01283	0.06744	0.01048	0.01486	0.00824	0.01067	0.00682	0.00395	0.00427	0.00129	0.00511	0.00384	0.00227	0.00679
29	0.87904	0.00833	0.00633	0.00566	0.00833	0.00966	0.00467	0.01266	0.00733	0.01933	0.00600	0.00700	0.00467	0.00400	0.00267	0.00133	0.00333	0.00233	0.00267	0.00467
30	0.01011	0.01121	0.02372	0.01840	0.09728	0.01062	0.68794	0.01374	0.02531	0.01387	0.00932	0.01292	0.00733	0.00398	0.00502	0.00145	0.00687	0.03275	0.00228	0.00586
31	0.00813	0.00766	0.01292	0.83826	0.02967	0.00957	0.01196	0.01101	0.00861	0.01101	0.00766	0.01148	0.00574	0.00431	0.00431	0.00144	0.00574	0.00383	0.00191	0.00479
32	0.00728	0.00504	0.00620	0.00576	0.00708	0.00482	0.00436	0.01019	0.09343	0.06490	0.56334	0.05079	0.12024	0.00855	0.00492	0.00138	0.00230	0.00744	0.02750	0.00448
33	0.00671	0.00535	0.00772	0.00782	0.00846	0.00610	0.01917	0.00811	0.00803	0.01112	0.01652	0.22616	0.01792	0.01809	0.27416	0.00350	0.13467	0.21333	0.00309	0.00396
34	0.00590	0.00435	0.00552	0.00532	0.00634	0.00397	0.00395	0.00772	0.01160	0.01608	0.66039	0.08905	0.14497	0.00941	0.00511	0.00140	0.00208	0.00827	0.00459	0.00397
35	0.01271	0.01251	0.01192	0.01006	0.01249	0.26039	0.09375	0.11040	0.24380	0.04978	0.02859	0.02437	0.01034	0.09233	0.00614	0.00161	0.00537	0.00441	0.00333	0.00570
36	0.87904	0.00833	0.00633	0.00566	0.00833	0.00966	0.00467	0.01266	0.00733	0.01933	0.00600	0.00700	0.00467	0.00400	0.00267	0.00133	0.00333	0.00233	0.00267	0.00467
37	0.00927	0.00881	0.01497	0.47406	0.38501	0.00987	0.01253	0.01200	0.00915	0.01238	0.00786	0.01112	0.00623	0.00410	0.00429	0.00137	0.00546	0.00383	0.00201	0.00570
38	0.00520	0.00415	0.00467	0.00506	0.00605	0.00362	0.00363	0.00620	0.00928	0.01152	0.04927	0.34089	0.49701	0.01185	0.00526	0.00157	0.00233	0.02484	0.00401	0.00360
39	0.04329	0.00988	0.01052	0.00883	0.01152	0.01105	0.00706	0.37673	0.32952	0.02143	0.01524	0.07128	0.03798	0.00627	0.00442	0.00141	0.00392	0.01882	0.00424	0.00659
40	0.00615	0.00462	0.00692	0.00692	0.00769	0.00538	0.00538	0.00769	0.00692	0.01000	0.01154	0.01692	0.01077	0.03231	0.83154	0.00692	0.01154	0.00462	0.00231	0.00385
41	0.79903	0.00868	0.00694	0.00606	0.00880	0.01001	0.00499	0.08637	0.00853	0.02005	0.00640	0.00731	0.00491	0.00411	0.00282	0.00133	0.00346	0.00248	0.00282	0.00491
42	0.01003	0.10474	0.62887	0.01144	0.01712	0.01120	0.01395	0.12683	0.01065	0.01521	0.00793	0.00905	0.00573	0.00421	0.00399	0.00131	0.00596	0.00319	0.00218	0.00642
43	0.00590	0.00455	0.00521	0.00510	0.00622	0.00418	0.00375	0.02727	0.01014	0.01316	0.25458	0.06200	0.40050	0.11290	0.04332	0.00202	0.00291	0.02857	0.00397	0.00374
44	0.01029	0.00952	0.01434	0.04288	0.51422	0.00996	0.01074	0.01558	0.24291	0.01513	0.03345	0.01391	0.03821	0.00481	0.00435	0.00134	0.00446	0.00443	0.00291	0.00658
45	0.11019	0.56486	0.05438	0.00742	0.01069	0.01408	0.00713	0.02923	0.05525	0.01227	0.00862	0.08169	0.00819	0.00487	0.00322	0.00112	0.00428	0.01479	0.00235	0.00538
46	0.02472	0.18758	0.35759	0.06859	0.01783	0.07969	0.16351	0.01379	0.02461	0.01270	0.00762	0.00928	0.00584	0.00400	0.00399	0.00128	0.00615	0.00339	0.00199	0.00585

[dist]
# distance from previous block
# <min> <max>
0	1

[block]
# block no. 2 follows, 61 sequences, length 18
# corresponding to MSA columns:
# 613,617-633
name=unknown_C
#
# <colnr> <probs for GDERKNQSTAVLIFYWHMCP>
#	G	D	E	R	K	N	Q	S	T	A	V	L	I	F	Y	W	H	M	C	P
0	0.83067	0.00901	0.00666	0.00597	0.00861	0.05572	0.00487	0.01292	0.00760	0.01883	0.00603	0.00704	0.00471	0.00402	0.00273	0.00132	0.00358	0.00236	0.00264	0.00468
1	0.02573	0.01374	0.01406	0.01409	0.17455	0.31671	0.10838	0.06041	0.11720	0.05094	0.04056	0.01187	0.02286	0.00476	0.00427	0.00127	0.00587	0.00398	0.00287	0.00587
2	0.00933	0.00794	0.01125	0.00919	0.01170	0.00797	0.14704	0.06440	0.22673	0.03593	0.13769	0.04810	0.06246	0.00787	0.05099	0.00167	0.00433	0.04445	0.00368	0.10728
3	0.00933	0.00873	0.01450	0.43573	0.35174	0.00979	0.01201	0.03314	0.00952	0.01293	0.04037	0.01191	0.00762	0.00438	0.00450	0.00137	0.02060	0.00399	0.00218	0.00566
4	0.02429	0.01022	0.01180	0.00937	0.01246	0.07391	0.08899	0.20124	0.19096	0.04086	0.03553	0.01307	0.00976	0.00563	0.02633	0.00135	0.00460	0.02366	0.00348	0.21251
5	0.01322	0.00938	0.01037	0.00877	0.01149	0.01031	0.00700	0.23043	0.42714	0.14320	0.01592	0.04839	0.01214	0.00605	0.00444	0.00142	0.00378	0.02526	0.00448	0.00682
6	0.01162	0.00893	0.00956	0.00835	0.01083	0.01002	0.00656	0.11482	0.58076	0.07495	0.01724	0.01611	0.03823	0.00583	0.00430	0.00140	0.00345	0.00479	0.06563	0.00661
7	0.01695	0.00984	0.01139	0.00887	0.01216	0.01022	0.00728	0.40244	0.10399	0.34969	0.01383	0.01272	0.00932	0.00531	0.00433	0.00133	0.00416	0.00417	0.00473	0.00727
8	0.00536	0.00437	0.00474	0.00465	0.00598	0.00375	0.00349	0.00671	0.01046	0.01316	0.25324	0.03895	0.60945	0.01034	0.00509	0.00143	0.00214	0.00874	0.00420	0.00375
9	0.00735	0.00516	0.00623	0.00565	0.00734	0.00460	0.02823	0.00931	0.04756	0.10432	0.20507	0.03453	0.48398	0.00940	0.00499	0.00143	0.00256	0.02366	0.00427	0.00436
10	0.01885	0.00723	0.00984	0.00758	0.01083	0.00625	0.00625	0.02053	0.01232	0.79569	0.04585	0.01529	0.01174	0.00546	0.00436	0.00133	0.00361	0.00446	0.00531	0.00721
11	0.01112	0.73821	0.13214	0.00804	0.01209	0.01608	0.00854	0.01300	0.00880	0.01061	0.00623	0.00721	0.00552	0.00374	0.00295	0.00098	0.00485	0.00242	0.00184	0.00564
12	0.01102	0.70889	0.16056	0.00821	0.01236	0.01584	0.00884	0.01303	0.00881	0.01074	0.00629	0.00728	0.00552	0.00376	0.00299	0.00100	0.00491	0.00245	0.00184	0.00567
13	0.00617	0.00482	0.00566	0.00545	0.00673	0.00451	0.00415	0.00872	0.07792	0.01518	0.44714	0.03481	0.30792	0.00943	0.00507	0.00143	0.00229	0.04405	0.00442	0.00414
14	0.00628	0.00514	0.00535	0.00509	0.00667	0.00469	0.00387	0.07344	0.03678	0.01345	0.08579	0.06521	0.65240	0.01023	0.00502	0.00145	0.00244	0.00855	0.00408	0.00407
15	0.00642	0.00447	0.00538	0.07400	0.00677	0.00462	0.00339	0.00666	0.00646	0.00857	0.01308	0.02680	0.01484	0.77842	0.02046	0.00395	0.00431	0.00606	0.00255	0.00279
16	0.00652	0.07454	0.00622	0.00510	0.00549	0.00513	0.00323	0.00677	0.00687	0.00898	0.01532	0.14581	0.04075	0.63177	0.01744	0.00347	0.00391	0.00689	0.00279	0.00301
17	0.00976	0.01061	0.02011	0.08933	0.01973	0.04557	0.51785	0.02476	0.00965	0.01293	0.00954	0.08065	0.00826	0.00562	0.02405	0.00162	0.09700	0.00530	0.00231	0.00535

[dist]
# distance from previous block
# <min> <max>
0	54

# created by:
# /st0/software/busco_prod/Augustus/scripts/msa2prfl.pl ./align_prep/138762.fa
