[name]
unknown

[dist]
# distance from previous block
# <min> <max>
0	21

[block]
# block no. 0 follows, 65 sequences, length 27
# corresponding to MSA columns:
# 22-48
name=unknown_A
#
# <colnr> <probs for GDERKNQSTAVLIFYWHMCP>
#	G	D	E	R	K	N	Q	S	T	A	V	L	I	F	Y	W	H	M	C	P
0	0.00905	0.11919	0.18878	0.05056	0.02893	0.08331	0.00819	0.08585	0.02982	0.02217	0.08817	0.15369	0.06134	0.00669	0.00422	0.00132	0.00434	0.04652	0.00292	0.00496
1	0.01112	0.14726	0.17293	0.00927	0.03003	0.08007	0.02134	0.13252	0.19579	0.05346	0.02088	0.02343	0.03708	0.00495	0.00387	0.00122	0.00454	0.01620	0.01800	0.01605
2	0.02815	0.04441	0.35325	0.02974	0.03950	0.02160	0.02516	0.01059	0.02086	0.01242	0.06209	0.14001	0.03779	0.00840	0.06489	0.00178	0.00509	0.08674	0.00260	0.00493
3	0.02432	0.08412	0.57604	0.01059	0.01555	0.05273	0.02991	0.04466	0.00928	0.04587	0.00879	0.04135	0.01874	0.01566	0.00409	0.00130	0.00558	0.00349	0.00212	0.00578
4	0.01908	0.22859	0.31951	0.00908	0.01299	0.03483	0.02494	0.07702	0.06214	0.03400	0.02042	0.05702	0.03739	0.02623	0.00419	0.00129	0.00481	0.01847	0.00248	0.00552
5	0.00589	0.00405	0.00507	0.00543	0.00625	0.00366	0.00391	0.00696	0.00905	0.05611	0.14100	0.44834	0.22652	0.01112	0.00505	0.00153	0.00237	0.05005	0.00398	0.00366
6	0.02174	0.00827	0.14921	0.02542	0.01050	0.00622	0.06809	0.04612	0.05675	0.04524	0.10484	0.30094	0.08105	0.00882	0.02055	0.00156	0.00376	0.03293	0.00339	0.00459
7	0.01098	0.04600	0.08735	0.04922	0.09255	0.04179	0.26906	0.08125	0.04828	0.11797	0.01160	0.04045	0.04448	0.00467	0.00428	0.00129	0.00515	0.00449	0.03341	0.00571
8	0.00859	0.00817	0.01398	0.49495	0.31115	0.00918	0.03801	0.01122	0.00879	0.01184	0.03968	0.01144	0.00717	0.00409	0.00414	0.00131	0.00517	0.00384	0.00201	0.00525
9	0.00897	0.00905	0.01353	0.01126	0.01168	0.01211	0.09044	0.01010	0.00662	0.01016	0.00589	0.00969	0.00574	0.03045	0.01280	0.00182	0.73951	0.00379	0.00184	0.00454
10	0.00884	0.00832	0.01396	0.51698	0.33112	0.00944	0.01177	0.02920	0.00889	0.01193	0.00751	0.01062	0.00589	0.00395	0.00409	0.00131	0.00523	0.00365	0.00195	0.00535
11	0.01001	0.00948	0.01599	0.19839	0.47787	0.03660	0.11320	0.01255	0.00937	0.04695	0.02512	0.01094	0.00703	0.00391	0.00418	0.00127	0.00523	0.00387	0.00217	0.00587
12	0.00831	0.02072	0.79382	0.01198	0.01795	0.00958	0.05531	0.01301	0.00872	0.01301	0.00741	0.00879	0.00525	0.00388	0.00395	0.00130	0.00611	0.00312	0.00175	0.00604
13	0.00904	0.00861	0.01465	0.40552	0.45852	0.00946	0.01204	0.01162	0.00882	0.01206	0.00752	0.01052	0.00602	0.00386	0.00408	0.00129	0.00515	0.00365	0.00194	0.00560
14	0.01026	0.01008	0.01612	0.07947	0.73537	0.05133	0.01228	0.01265	0.00939	0.01305	0.00762	0.01007	0.00637	0.00372	0.00405	0.00122	0.00504	0.00361	0.00202	0.00628
15	0.00971	0.30709	0.49974	0.00998	0.01499	0.01167	0.02654	0.01311	0.00873	0.05300	0.00726	0.00826	0.00549	0.00382	0.00349	0.00116	0.00538	0.00283	0.00192	0.00583
16	0.00507	0.00363	0.00484	0.00576	0.00604	0.00339	0.00390	0.00586	0.00800	0.01069	0.04241	0.80638	0.02732	0.01270	0.00524	0.00167	0.00242	0.03748	0.00383	0.00336
17	0.00942	0.01054	0.02249	0.09643	0.02159	0.01019	0.70706	0.01270	0.00941	0.01273	0.00823	0.01130	0.00629	0.01885	0.00524	0.00144	0.02395	0.00472	0.00205	0.00537
18	0.09236	0.00918	0.05411	0.00771	0.01080	0.06606	0.00659	0.12969	0.01204	0.49968	0.01306	0.01208	0.00862	0.00481	0.00387	0.00123	0.00393	0.00372	0.05409	0.00638
19	0.00990	0.00992	0.01806	0.06013	0.58016	0.00997	0.19652	0.01254	0.00927	0.01310	0.00776	0.01036	0.00635	0.00375	0.00457	0.00128	0.03429	0.00393	0.00202	0.00612
20	0.00504	0.00427	0.00437	0.00438	0.00573	0.00367	0.00327	0.00640	0.03272	0.01140	0.06394	0.07530	0.74480	0.01031	0.00485	0.00140	0.00212	0.00865	0.00384	0.00356
21	0.00924	0.01034	0.02184	0.01577	0.01960	0.00971	0.71246	0.01272	0.03464	0.01307	0.01176	0.01393	0.08531	0.00419	0.00482	0.00138	0.00634	0.00520	0.00231	0.00537
22	0.09206	0.00965	0.03877	0.00795	0.01085	0.07365	0.00664	0.23585	0.07283	0.30729	0.05750	0.01305	0.02629	0.00513	0.00397	0.00125	0.00398	0.00399	0.02309	0.00621
23	0.00531	0.00379	0.00511	0.00607	0.00644	0.00360	0.00434	0.00624	0.00816	0.01082	0.02246	0.69998	0.02648	0.01257	0.00532	0.00171	0.00265	0.16173	0.00380	0.00342
24	0.01016	0.00975	0.01666	0.02520	0.83013	0.00975	0.01260	0.01260	0.00935	0.01341	0.00772	0.01016	0.00650	0.00366	0.00406	0.00122	0.00488	0.00366	0.00203	0.00650
25	0.00993	0.00952	0.01624	0.10393	0.75320	0.00969	0.01248	0.01240	0.00924	0.01313	0.00768	0.01023	0.00640	0.00370	0.00407	0.00123	0.00493	0.00366	0.00201	0.00632
26	0.01434	0.01028	0.01064	0.00862	0.01142	0.07846	0.00694	0.39901	0.16189	0.16982	0.04281	0.03302	0.02289	0.00542	0.00416	0.00127	0.00415	0.00427	0.00414	0.00645

[dist]
# distance from previous block
# <min> <max>
1	4

[block]
# block no. 1 follows, 65 sequences, length 38
# corresponding to MSA columns:
# 53-90
name=unknown_B
#
# <colnr> <probs for GDERKNQSTAVLIFYWHMCP>
#	G	D	E	R	K	N	Q	S	T	A	V	L	I	F	Y	W	H	M	C	P
0	0.03812	0.75286	0.02010	0.00731	0.01066	0.09389	0.00703	0.01267	0.00861	0.00996	0.00577	0.00666	0.00524	0.00359	0.00273	0.00091	0.00464	0.00224	0.00181	0.00519
1	0.01006	0.00966	0.01649	0.05762	0.79845	0.00973	0.01255	0.01251	0.00930	0.01330	0.00770	0.01019	0.00646	0.00368	0.00407	0.00123	0.00490	0.00366	0.00202	0.00643
2	0.01058	0.01007	0.01536	0.02187	0.66233	0.04074	0.01145	0.04606	0.11380	0.01426	0.00890	0.01070	0.00725	0.00397	0.00407	0.00124	0.00475	0.00375	0.00239	0.00646
3	0.01008	0.05387	0.01669	0.06714	0.74549	0.01006	0.01224	0.01247	0.00923	0.01306	0.00759	0.01001	0.00638	0.00367	0.00399	0.00121	0.00488	0.00358	0.00201	0.00634
4	0.00959	0.00917	0.01555	0.16899	0.66653	0.00947	0.01213	0.01204	0.00915	0.01283	0.00857	0.01110	0.02879	0.00392	0.00409	0.00125	0.00490	0.00379	0.00204	0.00608
5	0.00999	0.00958	0.01636	0.08258	0.77407	0.00971	0.01251	0.01245	0.00927	0.01321	0.00769	0.01021	0.00643	0.00369	0.00407	0.00123	0.00492	0.00366	0.00202	0.00637
6	0.00850	0.06151	0.73747	0.01212	0.05965	0.00989	0.01448	0.01310	0.02292	0.01293	0.00747	0.00876	0.00540	0.00390	0.00385	0.00128	0.00587	0.00305	0.00179	0.00606
7	0.00577	0.00427	0.00534	0.00526	0.00622	0.00392	0.01382	0.00734	0.02664	0.02729	0.38303	0.20576	0.22236	0.05717	0.00580	0.00155	0.00230	0.00839	0.00406	0.00371
8	0.03453	0.00808	0.01137	0.00939	0.01183	0.01992	0.16290	0.06642	0.25234	0.14070	0.03305	0.12773	0.03039	0.00654	0.00452	0.00143	0.00401	0.06552	0.00375	0.00559
9	0.01019	0.15827	0.55742	0.01063	0.03436	0.01028	0.01243	0.03086	0.00925	0.11735	0.00828	0.00906	0.00591	0.00400	0.00373	0.00122	0.00540	0.00306	0.00222	0.00608
10	0.00824	0.03401	0.67628	0.02387	0.01741	0.00936	0.08947	0.01257	0.00880	0.01283	0.00910	0.01116	0.03566	0.00432	0.00406	0.00132	0.00589	0.02794	0.00191	0.00582
11	0.00526	0.00438	0.00464	0.00462	0.00598	0.00385	0.00353	0.00686	0.04174	0.01197	0.12321	0.03799	0.66701	0.01004	0.00487	0.00140	0.00221	0.05290	0.00390	0.00365
12	0.06610	0.00785	0.02576	0.00737	0.01002	0.03004	0.00605	0.12980	0.06370	0.41615	0.09803	0.06774	0.02933	0.00599	0.00420	0.00131	0.00351	0.01660	0.00440	0.00606
13	0.00920	0.01023	0.09678	0.37249	0.21814	0.03434	0.12807	0.01223	0.02383	0.03153	0.00788	0.01056	0.00604	0.00398	0.00431	0.00132	0.01785	0.00376	0.00203	0.00542
14	0.00532	0.00390	0.00527	0.02340	0.01689	0.00372	0.00439	0.00626	0.00817	0.01078	0.02308	0.67744	0.07108	0.01224	0.00523	0.00167	0.00264	0.11133	0.00374	0.00346
15	0.00823	0.02123	0.83447	0.01170	0.01777	0.00953	0.01517	0.01300	0.00867	0.01300	0.00737	0.00867	0.00520	0.00390	0.00390	0.00130	0.00607	0.00303	0.00173	0.00607
16	0.04464	0.03274	0.09912	0.01026	0.08546	0.12727	0.03005	0.16894	0.06561	0.13455	0.02336	0.07409	0.04408	0.00586	0.01349	0.00134	0.00467	0.02546	0.00330	0.00574
17	0.01954	0.31042	0.37884	0.01018	0.04636	0.05434	0.02557	0.02386	0.00911	0.06321	0.01930	0.00863	0.00611	0.00392	0.00349	0.00114	0.00525	0.00291	0.00207	0.00575
18	0.00520	0.00383	0.00529	0.00603	0.00644	0.00358	0.02199	0.00605	0.00805	0.01067	0.02289	0.75825	0.05355	0.01248	0.00524	0.00166	0.00256	0.05906	0.00377	0.00341
19	0.00932	0.24368	0.45206	0.03021	0.06945	0.04344	0.01168	0.02721	0.00896	0.01209	0.00873	0.00984	0.04828	0.00415	0.00362	0.00118	0.00534	0.00315	0.00193	0.00568
20	0.01052	0.05053	0.08904	0.04761	0.29354	0.06306	0.06533	0.05995	0.08249	0.05883	0.01081	0.02706	0.03473	0.00486	0.00448	0.00129	0.03814	0.03354	0.01838	0.00582
21	0.00894	0.00857	0.01468	0.42854	0.39617	0.00951	0.03653	0.01153	0.00874	0.01190	0.00749	0.01055	0.00597	0.00393	0.00428	0.00131	0.02028	0.00369	0.00193	0.00548
22	0.00926	0.00981	0.01718	0.01336	0.01500	0.01171	0.32797	0.01117	0.00763	0.01117	0.00654	0.00981	0.00572	0.00571	0.01006	0.00163	0.51537	0.00409	0.00191	0.00490
23	0.03235	0.08787	0.11093	0.02683	0.19948	0.10079	0.03599	0.07355	0.06908	0.15795	0.01046	0.05881	0.00833	0.00475	0.00396	0.00124	0.00476	0.00396	0.00294	0.00597
24	0.00992	0.11019	0.46564	0.01242	0.08161	0.03987	0.10459	0.03592	0.00939	0.06599	0.00819	0.02372	0.00618	0.00406	0.00392	0.00125	0.00566	0.00342	0.00213	0.00594
25	0.00829	0.03864	0.81756	0.01160	0.01762	0.00967	0.01500	0.01298	0.00866	0.01293	0.00733	0.00862	0.00520	0.00389	0.00387	0.00129	0.00603	0.00302	0.00173	0.00605
26	0.00523	0.00401	0.01639	0.00566	0.00621	0.00357	0.00404	0.00615	0.00835	0.01102	0.07823	0.60683	0.13018	0.02169	0.00554	0.01732	0.00249	0.05991	0.00378	0.00342
27	0.03744	0.06199	0.11457	0.02520	0.10075	0.15214	0.06533	0.06946	0.07084	0.16282	0.02498	0.03522	0.02774	0.00497	0.00404	0.00126	0.00493	0.02753	0.00304	0.00575
28	0.01142	0.03434	0.12625	0.08033	0.09534	0.07336	0.09401	0.10299	0.10643	0.13424	0.02531	0.05903	0.01982	0.00502	0.00416	0.00129	0.00480	0.00435	0.01167	0.00585
29	0.00782	0.02096	0.00692	0.00673	0.03352	0.00484	0.02110	0.02057	0.00851	0.10991	0.11467	0.25462	0.02979	0.14011	0.03708	0.10893	0.01372	0.05299	0.00339	0.00381
30	0.01030	0.04484	0.13418	0.10095	0.29728	0.11917	0.07379	0.03586	0.06394	0.01303	0.00835	0.02130	0.00672	0.00408	0.00397	0.00122	0.00532	0.00360	0.01598	0.03611
31	0.03230	0.06502	0.09747	0.01828	0.09818	0.05954	0.03788	0.08271	0.02231	0.05989	0.06284	0.23968	0.05597	0.00707	0.00443	0.00133	0.01568	0.00609	0.00312	0.03019
32	0.03219	0.06207	0.11116	0.03279	0.04052	0.08964	0.09220	0.14569	0.06829	0.08211	0.06219	0.04818	0.05864	0.00559	0.00437	0.00130	0.02101	0.03339	0.00313	0.00552
33	0.02832	0.14500	0.08345	0.03300	0.10100	0.05403	0.12026	0.08853	0.08522	0.02729	0.00937	0.03937	0.02399	0.00495	0.00531	0.00130	0.12708	0.00391	0.00249	0.01612
34	0.03995	0.02848	0.10564	0.00925	0.08614	0.08121	0.02071	0.09457	0.01074	0.08756	0.14882	0.08117	0.05399	0.02358	0.00451	0.00130	0.00399	0.03050	0.01834	0.06955
35	0.03093	0.04348	0.12908	0.01013	0.04611	0.18363	0.06573	0.11367	0.11257	0.05558	0.04418	0.01208	0.04641	0.00478	0.00409	0.00120	0.01744	0.00380	0.00290	0.07221
36	0.03249	0.06525	0.12358	0.02331	0.06415	0.08302	0.05632	0.04037	0.01830	0.02723	0.07431	0.12164	0.16587	0.00699	0.01598	0.00136	0.02057	0.00559	0.00290	0.05077
37	0.03026	0.06661	0.11578	0.02618	0.03467	0.19153	0.03668	0.08889	0.06846	0.02956	0.07807	0.11369	0.05862	0.00597	0.00409	0.00125	0.00464	0.00488	0.01621	0.02395

[dist]
# distance from previous block
# <min> <max>
2	44

[block]
# block no. 2 follows, 65 sequences, length 36
# corresponding to MSA columns:
# 135-170
name=unknown_C
#
# <colnr> <probs for GDERKNQSTAVLIFYWHMCP>
#	G	D	E	R	K	N	Q	S	T	A	V	L	I	F	Y	W	H	M	C	P
0	0.02528	0.18701	0.25146	0.03612	0.06147	0.11179	0.04409	0.07637	0.02096	0.03957	0.02939	0.00927	0.00668	0.00425	0.00420	0.00118	0.05155	0.00317	0.00226	0.03392
1	0.02857	0.13387	0.22954	0.01017	0.07069	0.06039	0.05697	0.06874	0.01959	0.07846	0.11191	0.01320	0.03808	0.00481	0.00390	0.00119	0.00464	0.01118	0.00275	0.05136
2	0.06786	0.04772	0.28360	0.01096	0.07565	0.04708	0.08640	0.05695	0.11764	0.01455	0.05554	0.01253	0.04616	0.00470	0.00403	0.00127	0.01200	0.00392	0.03277	0.01865
3	0.03227	0.10485	0.18858	0.02373	0.08551	0.07378	0.06132	0.06568	0.05652	0.06950	0.03160	0.02581	0.05394	0.00504	0.01614	0.00126	0.00478	0.00384	0.01787	0.07796
4	0.09222	0.10684	0.21167	0.02087	0.02805	0.05763	0.01982	0.04592	0.09302	0.02391	0.07800	0.02576	0.02899	0.00474	0.00386	0.00117	0.02028	0.00369	0.01754	0.11601
5	0.06507	0.03636	0.14917	0.01043	0.07743	0.07292	0.10402	0.01994	0.03827	0.05122	0.06288	0.14356	0.02597	0.02757	0.00500	0.00139	0.03951	0.01732	0.00277	0.04922
6	0.03703	0.00927	0.03324	0.03452	0.10168	0.07894	0.03313	0.11777	0.08698	0.06265	0.06191	0.03507	0.07327	0.02012	0.00446	0.00121	0.02239	0.00429	0.00311	0.17898
7	0.07405	0.07025	0.03862	0.02072	0.10836	0.03338	0.12120	0.07482	0.09820	0.09947	0.04031	0.02982	0.04351	0.00481	0.00396	0.00120	0.00427	0.01851	0.00303	0.11152
8	0.04531	0.00826	0.01265	0.07043	0.03696	0.02939	0.19973	0.01217	0.08577	0.05751	0.12774	0.04032	0.04485	0.00551	0.00540	0.00132	0.10698	0.00481	0.00291	0.10197
9	0.00847	0.00803	0.01361	0.60183	0.26672	0.00931	0.01176	0.01112	0.00855	0.01136	0.00742	0.01071	0.00578	0.00397	0.00409	0.00132	0.00529	0.00365	0.00189	0.00514
10	0.00558	0.00439	0.00533	0.00561	0.03109	0.00401	0.00393	0.00729	0.03617	0.01332	0.34062	0.18209	0.32612	0.00971	0.00487	0.00140	0.00220	0.00845	0.00404	0.00379
11	0.01446	0.01093	0.01167	0.00921	0.01229	0.01219	0.00752	0.64717	0.19045	0.02402	0.01131	0.01102	0.00816	0.00506	0.00412	0.00127	0.00425	0.00390	0.00412	0.00688
12	0.00981	0.00940	0.01604	0.14321	0.71482	0.00966	0.01243	0.01229	0.00918	0.01299	0.00766	0.01027	0.00635	0.00372	0.00407	0.00124	0.00496	0.00366	0.00200	0.00622
13	0.01794	0.00737	0.00972	0.00749	0.01065	0.00665	0.00618	0.07734	0.03934	0.74772	0.01576	0.01372	0.01001	0.00509	0.00413	0.00127	0.00356	0.00411	0.00498	0.00697
14	0.02603	0.01130	0.05856	0.01664	0.03427	0.01017	0.72526	0.01334	0.00966	0.04031	0.00847	0.01097	0.00629	0.00354	0.00472	0.00137	0.00667	0.00467	0.00217	0.00560
15	0.00950	0.00908	0.01547	0.25064	0.60986	0.00958	0.01227	0.01202	0.00903	0.01261	0.00760	0.01037	0.00622	0.00378	0.00407	0.00126	0.00504	0.00365	0.00197	0.00597
16	0.00775	0.00730	0.01231	0.84587	0.02827	0.00912	0.01140	0.01049	0.00821	0.01049	0.00730	0.01094	0.00547	0.00410	0.00410	0.00137	0.00547	0.00365	0.00182	0.00456
17	0.00775	0.00730	0.01231	0.84587	0.02827	0.00912	0.01140	0.01049	0.00821	0.01049	0.00730	0.01094	0.00547	0.00410	0.00410	0.00137	0.00547	0.00365	0.00182	0.00456
18	0.01087	0.36235	0.23567	0.00964	0.01357	0.12168	0.08110	0.03441	0.00943	0.03870	0.01848	0.02184	0.00642	0.00403	0.00347	0.00110	0.00534	0.00306	0.01339	0.00547
19	0.00952	0.00909	0.01530	0.11118	0.68534	0.00923	0.01179	0.01189	0.00923	0.01293	0.01011	0.01235	0.06551	0.00419	0.00412	0.00125	0.00474	0.00402	0.00214	0.00608
20	0.00999	0.00958	0.01635	0.08422	0.77247	0.00971	0.01251	0.01245	0.00926	0.01320	0.00769	0.01022	0.00643	0.00369	0.00407	0.00123	0.00492	0.00366	0.00202	0.00636
21	0.01293	0.02740	0.19551	0.00869	0.01218	0.00763	0.04841	0.10914	0.01148	0.35154	0.07803	0.04313	0.04699	0.00557	0.00424	0.00130	0.00417	0.02176	0.00383	0.00608
22	0.01080	0.01961	0.05674	0.08040	0.04091	0.09880	0.24518	0.02460	0.10739	0.12097	0.01284	0.03678	0.05892	0.01608	0.00482	0.00138	0.02446	0.03095	0.00292	0.00544
23	0.01068	0.04213	0.34457	0.02850	0.08693	0.00895	0.18062	0.01399	0.00952	0.17762	0.01033	0.03869	0.01957	0.00441	0.00418	0.00131	0.00538	0.00404	0.00261	0.00599
24	0.01038	0.06836	0.35796	0.00906	0.01286	0.02243	0.02798	0.03488	0.00953	0.19662	0.02318	0.14390	0.02453	0.03416	0.00470	0.00141	0.00461	0.00488	0.00299	0.00559
25	0.00903	0.00856	0.01459	0.25150	0.51693	0.00903	0.02984	0.01142	0.00891	0.01234	0.00891	0.08380	0.00801	0.00458	0.00420	0.00130	0.00487	0.00438	0.00213	0.00566
26	0.00889	0.04661	0.60850	0.05003	0.03039	0.02728	0.04437	0.01287	0.00888	0.05591	0.00914	0.02448	0.03071	0.00476	0.01865	0.00139	0.00579	0.00350	0.00205	0.00581
27	0.00818	0.00791	0.01300	0.73830	0.08532	0.03027	0.03794	0.01088	0.00843	0.01077	0.00734	0.01080	0.00557	0.00405	0.00412	0.00135	0.00553	0.00366	0.00185	0.00474
28	0.00979	0.05326	0.54199	0.01180	0.03699	0.15376	0.06921	0.01345	0.00926	0.02449	0.00770	0.02710	0.00593	0.00439	0.01245	0.00131	0.00619	0.00329	0.00193	0.00571
29	0.00956	0.01122	0.21313	0.09415	0.20869	0.00830	0.13226	0.01241	0.00921	0.10660	0.01126	0.11103	0.02687	0.00515	0.00429	0.00134	0.00496	0.00480	0.01915	0.00563
30	0.00773	0.04359	0.18042	0.39717	0.02033	0.00858	0.07251	0.01074	0.02278	0.01140	0.01087	0.08560	0.03607	0.00593	0.02095	0.00150	0.00526	0.05155	0.00222	0.00480
31	0.00539	0.00422	0.00438	0.00433	0.00564	0.00358	0.00319	0.00636	0.00915	0.03826	0.03812	0.06178	0.71899	0.07109	0.00599	0.00158	0.00227	0.00841	0.00376	0.00351
32	0.00857	0.00771	0.04445	0.06018	0.22481	0.00712	0.08772	0.05124	0.02342	0.06261	0.02589	0.16381	0.16958	0.01811	0.00477	0.00142	0.00399	0.02649	0.00306	0.00505
33	0.07279	0.01381	0.40827	0.00987	0.01406	0.00800	0.07877	0.01329	0.02276	0.16204	0.03460	0.08654	0.03313	0.00533	0.00413	0.00135	0.00482	0.01796	0.00282	0.00566
34	0.03697	0.01246	0.17686	0.01457	0.01882	0.00984	0.52287	0.02520	0.00967	0.09606	0.00879	0.01070	0.00636	0.00384	0.00474	0.00136	0.02851	0.00430	0.00235	0.00574
35	0.01012	0.13957	0.52879	0.01018	0.01510	0.00989	0.02433	0.04117	0.00938	0.12208	0.00908	0.04678	0.00693	0.00443	0.00383	0.00125	0.00528	0.00349	0.00236	0.00597

[dist]
# distance from previous block
# <min> <max>
2	5

[block]
# block no. 3 follows, 65 sequences, length 43
# corresponding to MSA columns:
# 176-218
name=unknown_D
#
# <colnr> <probs for GDERKNQSTAVLIFYWHMCP>
#	G	D	E	R	K	N	Q	S	T	A	V	L	I	F	Y	W	H	M	C	P
0	0.01471	0.04578	0.01206	0.02616	0.01280	0.62795	0.03268	0.01619	0.02966	0.08961	0.00759	0.00844	0.00598	0.00433	0.00398	0.00110	0.02742	0.00292	0.00243	0.02821
1	0.07338	0.00702	0.02809	0.05181	0.23373	0.00675	0.03247	0.02484	0.02812	0.04242	0.16939	0.09366	0.14589	0.02679	0.00477	0.00140	0.00352	0.01793	0.00319	0.00485
2	0.02960	0.05182	0.04387	0.02303	0.06010	0.13664	0.02180	0.09951	0.06352	0.01267	0.00950	0.04481	0.00878	0.13180	0.08252	0.00213	0.10773	0.00408	0.00255	0.06352
3	0.56096	0.00883	0.00803	0.00671	0.00947	0.00995	0.00551	0.21741	0.05459	0.07258	0.00804	0.00842	0.00589	0.00427	0.00313	0.00127	0.00354	0.00285	0.00319	0.00536
4	0.01990	0.00755	0.00997	0.00952	0.13918	0.00653	0.01619	0.03982	0.02800	0.15009	0.07064	0.02946	0.00986	0.00422	0.00364	0.00094	0.00341	0.00359	0.00309	0.44439
5	0.00827	0.00782	0.01325	0.66959	0.20051	0.00926	0.01166	0.01094	0.00845	0.01112	0.00739	0.01078	0.00569	0.00401	0.00410	0.00134	0.00534	0.00365	0.00187	0.00498
6	0.01192	0.01251	0.05218	0.00918	0.01123	0.32480	0.03474	0.07116	0.05149	0.08187	0.09838	0.06195	0.02492	0.00669	0.02727	0.02008	0.07538	0.01634	0.00297	0.00496
7	0.00582	0.00474	0.00618	0.00672	0.05780	0.00439	0.02563	0.00755	0.04172	0.01250	0.19254	0.25772	0.31557	0.00990	0.00491	0.00145	0.00254	0.03462	0.00381	0.00389
8	0.00823	0.02123	0.83447	0.01170	0.01777	0.00953	0.01517	0.01300	0.00867	0.01300	0.00737	0.00867	0.00520	0.00390	0.00390	0.00130	0.00607	0.00303	0.00173	0.00607
9	0.02145	0.06345	0.00842	0.02086	0.00914	0.05859	0.00579	0.07006	0.17126	0.04636	0.03654	0.16247	0.11791	0.00905	0.03400	0.00164	0.00377	0.15087	0.00362	0.00474
10	0.01024	0.01237	0.10211	0.13036	0.05124	0.13149	0.41377	0.01318	0.00968	0.04034	0.00891	0.02687	0.02145	0.00408	0.00443	0.00132	0.00633	0.00430	0.00218	0.00535
11	0.01323	0.00849	0.02182	0.03723	0.14924	0.00836	0.06175	0.09938	0.16099	0.31257	0.02551	0.04241	0.02946	0.00520	0.00423	0.00131	0.00401	0.00453	0.00388	0.00638
12	0.00487	0.00410	0.00421	0.00430	0.00558	0.00345	0.00318	0.00587	0.00922	0.01103	0.03983	0.11488	0.75422	0.01062	0.00489	0.00141	0.00211	0.00894	0.00381	0.00345
13	0.01061	0.03962	0.03063	0.02444	0.34426	0.12955	0.09323	0.03375	0.06310	0.04246	0.07763	0.02855	0.02225	0.00494	0.01352	0.00129	0.00496	0.00421	0.02533	0.00568
14	0.03832	0.10722	0.12975	0.03305	0.23312	0.07810	0.11175	0.05646	0.03167	0.09649	0.00908	0.02727	0.00722	0.00429	0.00397	0.00124	0.00514	0.01743	0.00252	0.00589
15	0.00757	0.00674	0.02065	0.05296	0.24579	0.01989	0.00689	0.03934	0.00970	0.03399	0.04682	0.09611	0.37387	0.00776	0.00455	0.00135	0.00337	0.01476	0.00320	0.00468
16	0.00500	0.00357	0.00476	0.00572	0.00595	0.00333	0.00381	0.00572	0.00786	0.01048	0.02262	0.85306	0.02715	0.01286	0.00524	0.00167	0.00238	0.01167	0.00381	0.00333
17	0.04071	0.00875	0.02334	0.06942	0.38356	0.00889	0.04443	0.09693	0.06840	0.06013	0.02902	0.07807	0.00965	0.01276	0.01740	0.00139	0.00445	0.00451	0.03233	0.00586
18	0.01110	0.05669	0.31525	0.01445	0.22520	0.03736	0.05236	0.13008	0.02422	0.08174	0.00862	0.00974	0.00638	0.00408	0.00397	0.00124	0.00528	0.00344	0.00250	0.00628
19	0.00789	0.02968	0.01214	0.57840	0.09116	0.02372	0.03414	0.01032	0.00850	0.01092	0.01020	0.07220	0.02859	0.00529	0.00428	0.00139	0.00506	0.05931	0.00217	0.00461
20	0.31821	0.07538	0.04184	0.03495	0.06651	0.25456	0.10311	0.02606	0.00921	0.01391	0.00651	0.00791	0.00521	0.00394	0.00355	0.00120	0.01788	0.00287	0.00223	0.00497
21	0.00519	0.00375	0.00507	0.03452	0.00673	0.00360	0.00410	0.00598	0.00784	0.01042	0.02164	0.76234	0.02575	0.05014	0.00591	0.00177	0.00260	0.03561	0.00368	0.00335
22	0.01005	0.02351	0.02778	0.02435	0.17021	0.03698	0.06983	0.05374	0.06283	0.11668	0.06456	0.04926	0.01511	0.00697	0.00468	0.00147	0.00426	0.24905	0.00340	0.00530
23	0.00572	0.00448	0.00505	0.00518	0.00629	0.00411	0.00382	0.05979	0.00965	0.01217	0.06840	0.29366	0.45428	0.01076	0.00496	0.00148	0.00240	0.04026	0.00386	0.00369
24	0.00730	0.00643	0.00956	0.00895	0.04390	0.00780	0.05466	0.00841	0.00671	0.00973	0.00963	0.04333	0.00978	0.19056	0.28345	0.00376	0.28527	0.00469	0.00216	0.00392
25	0.01096	0.09433	0.27604	0.00979	0.01355	0.20233	0.03719	0.05002	0.05121	0.04727	0.00896	0.01018	0.02574	0.00476	0.01760	0.00124	0.02155	0.01300	0.00237	0.10190
26	0.00500	0.00418	0.00437	0.00436	0.00568	0.00354	0.00329	0.00617	0.00962	0.01173	0.13101	0.03866	0.71829	0.01019	0.00487	0.00139	0.00210	0.02812	0.00389	0.00352
27	0.00988	0.00877	0.04921	0.00753	0.04230	0.04727	0.00601	0.04588	0.00946	0.07367	0.02303	0.00939	0.00695	0.00349	0.00331	0.00077	0.00355	0.00279	0.00267	0.64407
28	0.01646	0.01013	0.01147	0.00879	0.01205	0.01069	0.00726	0.57435	0.01700	0.27121	0.01178	0.01111	0.00795	0.00497	0.00411	0.00124	0.00421	0.00383	0.00440	0.00698
29	0.01118	0.81779	0.02103	0.00719	0.01064	0.05591	0.00707	0.01249	0.00850	0.00968	0.00574	0.00662	0.00527	0.00355	0.00269	0.00089	0.00454	0.00222	0.00177	0.00524
30	0.88473	0.00794	0.00603	0.00540	0.00794	0.00921	0.00445	0.01207	0.00699	0.01842	0.00572	0.00667	0.00445	0.00381	0.00254	0.00127	0.00318	0.00222	0.00254	0.00445
31	0.01246	0.36384	0.01587	0.00914	0.01148	0.35913	0.00774	0.01359	0.00937	0.00986	0.00592	0.00733	0.00530	0.00444	0.00492	0.00111	0.14906	0.00262	0.00191	0.00492
32	0.00765	0.00383	0.00383	0.00383	0.00478	0.00383	0.00287	0.00956	0.00861	0.01530	0.01339	0.01530	0.01052	0.00478	0.00287	0.00096	0.00191	0.00383	0.87853	0.00383
33	0.00509	0.00363	0.00486	0.00581	0.00609	0.00341	0.00396	0.00586	0.00794	0.01057	0.02258	0.81054	0.02696	0.01278	0.00526	0.00168	0.00246	0.05335	0.00381	0.00336
34	0.00586	0.00440	0.00660	0.00660	0.00733	0.00513	0.00513	0.00733	0.00660	0.00953	0.01100	0.01613	0.01026	0.03079	0.83947	0.00660	0.01100	0.00440	0.00220	0.00367
35	0.03267	0.01284	0.01065	0.01063	0.10077	0.38755	0.03253	0.06749	0.03581	0.01292	0.00920	0.05213	0.00788	0.00539	0.02085	0.00126	0.03554	0.00367	0.15529	0.00490
36	0.01833	0.00713	0.00961	0.00737	0.01055	0.00624	0.00609	0.04500	0.01199	0.80765	0.01600	0.01384	0.01006	0.00508	0.00413	0.00127	0.00353	0.00411	0.00505	0.00699
37	0.00584	0.00425	0.00509	0.00488	0.00605	0.00377	0.00366	0.00738	0.01063	0.04142	0.47423	0.06543	0.33393	0.00921	0.00484	0.00134	0.00206	0.00794	0.00424	0.00380
38	0.01229	0.09809	0.03577	0.16768	0.11741	0.13027	0.02985	0.13352	0.01902	0.14493	0.03642	0.01180	0.03589	0.00463	0.00396	0.00121	0.00491	0.00375	0.00293	0.00568
39	0.00904	0.02239	0.01207	0.01022	0.01045	0.01173	0.00850	0.01002	0.00653	0.03728	0.00627	0.00976	0.00599	0.00922	0.08887	0.00220	0.72934	0.00366	0.00194	0.00451
40	0.01015	0.01096	0.02339	0.01674	0.02083	0.01033	0.76414	0.04013	0.01007	0.03806	0.00859	0.01112	0.00637	0.00356	0.00480	0.00138	0.00674	0.00478	0.00223	0.00563
41	0.00514	0.00380	0.00534	0.00606	0.00642	0.00354	0.02805	0.00594	0.00791	0.01056	0.02220	0.82791	0.02652	0.01258	0.00523	0.00166	0.00252	0.01147	0.00376	0.00340
42	0.03892	0.01026	0.12707	0.02666	0.25570	0.02143	0.10420	0.07487	0.02939	0.06549	0.06483	0.06718	0.06691	0.00544	0.00430	0.00132	0.00456	0.02298	0.00285	0.00563

[dist]
# distance from previous block
# <min> <max>
2	8

[block]
# block no. 4 follows, 65 sequences, length 28
# corresponding to MSA columns:
# 228-255
name=unknown_E
#
# <colnr> <probs for GDERKNQSTAVLIFYWHMCP>
#	G	D	E	R	K	N	Q	S	T	A	V	L	I	F	Y	W	H	M	C	P
0	0.00682	0.00597	0.02683	0.00718	0.00812	0.01934	0.02278	0.03589	0.00844	0.01160	0.07896	0.30970	0.05639	0.04977	0.09450	0.00219	0.13364	0.06981	0.00315	0.04891
1	0.19074	0.11892	0.02879	0.02253	0.01138	0.07600	0.00698	0.27765	0.16789	0.03256	0.00946	0.00969	0.00714	0.00459	0.00373	0.00123	0.01830	0.00329	0.00324	0.00588
2	0.00604	0.00456	0.00568	0.00550	0.00642	0.00452	0.00405	0.00827	0.07212	0.01399	0.45703	0.11566	0.11441	0.08446	0.06120	0.00194	0.01895	0.00739	0.00396	0.00385
3	0.06493	0.13343	0.11854	0.02615	0.11416	0.07637	0.12489	0.06172	0.06057	0.04537	0.02365	0.00984	0.00694	0.00424	0.00443	0.00122	0.06186	0.00345	0.00243	0.05582
4	0.01000	0.22856	0.34054	0.04557	0.04859	0.02583	0.03993	0.07827	0.06640	0.02351	0.00826	0.00997	0.00652	0.00428	0.00396	0.00122	0.02674	0.02381	0.00223	0.00579
5	0.00499	0.00360	0.00473	0.00564	0.00593	0.00334	0.00378	0.00572	0.00793	0.01051	0.02352	0.81479	0.06484	0.01274	0.00522	0.00165	0.00237	0.01153	0.00381	0.00334
6	0.00775	0.00730	0.01231	0.84587	0.02827	0.00912	0.01140	0.01049	0.00821	0.01049	0.00730	0.01094	0.00547	0.00410	0.00410	0.00137	0.00547	0.00365	0.00182	0.00456
7	0.02689	0.00915	0.03876	0.06923	0.27004	0.05383	0.08896	0.04774	0.06411	0.03486	0.03738	0.11638	0.01771	0.02941	0.02325	0.00154	0.04437	0.01833	0.00269	0.00535
8	0.00870	0.00967	0.11669	0.05260	0.31176	0.03222	0.04095	0.04321	0.02324	0.01294	0.02283	0.12345	0.05660	0.00647	0.00478	0.01465	0.01836	0.09297	0.00265	0.00528
9	0.01051	0.00804	0.00883	0.00784	0.01008	0.00898	0.00612	0.01985	0.63577	0.10235	0.11886	0.01711	0.01558	0.00587	0.00426	0.00137	0.00311	0.00494	0.00431	0.00622
10	0.05167	0.00821	0.01012	0.00779	0.01097	0.00792	0.00644	0.22925	0.01355	0.58865	0.01412	0.01260	0.00910	0.00499	0.00406	0.00126	0.00375	0.00394	0.00472	0.00688
11	0.01093	0.28039	0.09055	0.01004	0.07025	0.19235	0.05419	0.03969	0.08263	0.01220	0.05803	0.02555	0.04727	0.00471	0.00368	0.00113	0.00500	0.00367	0.00246	0.00530
12	0.00627	0.00496	0.00724	0.00684	0.00751	0.00572	0.02924	0.00751	0.00686	0.00978	0.05009	0.01836	0.03271	0.16438	0.53580	0.00515	0.09076	0.00485	0.00236	0.00361
13	0.00519	0.00401	0.00478	0.00525	0.00611	0.00360	0.00387	0.00626	0.00891	0.01130	0.07451	0.35525	0.37285	0.01136	0.00510	0.00155	0.00240	0.11038	0.00385	0.00348
14	0.00789	0.00803	0.05518	0.52529	0.14096	0.00861	0.02196	0.01062	0.02749	0.01121	0.00935	0.10454	0.00830	0.00566	0.02243	0.00150	0.01947	0.00456	0.00214	0.00482
15	0.02633	0.09849	0.33078	0.01100	0.06639	0.03099	0.07333	0.05133	0.01959	0.18281	0.02870	0.01057	0.00746	0.00432	0.00408	0.00125	0.02180	0.00351	0.02126	0.00602
16	0.01405	0.01740	0.01225	0.01122	0.03713	0.66448	0.02896	0.01518	0.01068	0.01020	0.00629	0.00782	0.00536	0.00465	0.00526	0.00119	0.13814	0.00288	0.00206	0.00479
17	0.00970	0.00884	0.03004	0.06785	0.46144	0.00888	0.02168	0.09381	0.03694	0.01442	0.02497	0.01647	0.02334	0.00586	0.02566	0.00147	0.00471	0.11509	0.02302	0.00580
18	0.02894	0.40107	0.17331	0.00926	0.03336	0.16900	0.00889	0.08535	0.01002	0.01220	0.01848	0.00791	0.00591	0.00398	0.00343	0.00106	0.01755	0.00271	0.00209	0.00546
19	0.01074	0.36499	0.24247	0.00899	0.01291	0.03824	0.01951	0.13458	0.06523	0.01367	0.00837	0.03091	0.00697	0.00440	0.00350	0.00114	0.00485	0.02040	0.00238	0.00574
20	0.00571	0.00395	0.00470	0.00487	0.00507	0.00393	0.00300	0.00604	0.00658	0.00876	0.01633	0.18145	0.06637	0.57462	0.08818	0.00362	0.00417	0.00706	0.00279	0.00281
21	0.00548	0.00415	0.00511	0.00574	0.01829	0.00385	0.00402	0.02824	0.00878	0.01133	0.04581	0.48829	0.25786	0.03050	0.00545	0.00163	0.00251	0.06565	0.00378	0.00354
22	0.00853	0.00690	0.00794	0.00593	0.00905	0.00550	0.00467	0.04426	0.00886	0.01380	0.00865	0.03304	0.00749	0.03809	0.00385	0.00083	0.00301	0.00302	0.08928	0.69730
23	0.00594	0.00411	0.00514	0.00514	0.00537	0.00434	0.00332	0.00640	0.00617	0.00845	0.01233	0.02349	0.01346	0.59682	0.27781	0.00480	0.00618	0.00548	0.00240	0.00286
24	0.00576	0.00422	0.00558	0.00638	0.00714	0.00403	0.00507	0.00710	0.00885	0.01145	0.02498	0.34032	0.14349	0.01176	0.00539	0.00173	0.00302	0.39635	0.00380	0.00357
25	0.01183	0.02252	0.02344	0.00800	0.01053	0.00988	0.00655	0.36993	0.20513	0.03519	0.02744	0.01399	0.05576	0.00655	0.04127	0.00148	0.02344	0.00425	0.09757	0.02523
26	0.01336	0.03555	0.01211	0.01046	0.01206	0.53579	0.00817	0.04927	0.02528	0.01081	0.00640	0.00808	0.00552	0.00510	0.00646	0.00128	0.24434	0.00298	0.00214	0.00482
27	0.00964	0.02141	0.07457	0.00748	0.01124	0.00711	0.04014	0.10012	0.03547	0.03365	0.00810	0.00909	0.00640	0.00347	0.00336	0.00081	0.00364	0.00282	0.00265	0.61882

[dist]
# distance from previous block
# <min> <max>
1	4

[block]
# block no. 5 follows, 65 sequences, length 50
# corresponding to MSA columns:
# 261-277,279-288,301-323
name=unknown_F
#
# <colnr> <probs for GDERKNQSTAVLIFYWHMCP>
#	G	D	E	R	K	N	Q	S	T	A	V	L	I	F	Y	W	H	M	C	P
0	0.42025	0.20670	0.08187	0.00659	0.00935	0.04722	0.00605	0.03136	0.00795	0.01455	0.00714	0.02362	0.00623	0.05847	0.02936	0.00150	0.00416	0.00286	0.03010	0.00467
1	0.00968	0.36223	0.38148	0.00959	0.01401	0.06148	0.03960	0.01255	0.00867	0.01128	0.00725	0.03485	0.00615	0.02048	0.00377	0.00118	0.00533	0.00306	0.00186	0.00549
2	0.00660	0.00483	0.00620	0.00640	0.00751	0.00463	0.01705	0.00875	0.07510	0.04173	0.06529	0.29704	0.14813	0.02787	0.00539	0.00163	0.00294	0.23212	0.00381	0.03698
3	0.00540	0.00385	0.00511	0.00586	0.00628	0.00368	0.00417	0.00636	0.00827	0.01105	0.08615	0.57587	0.03761	0.07265	0.02205	0.00193	0.00283	0.13373	0.00374	0.00339
4	0.02979	0.02499	0.01065	0.00880	0.01147	0.06526	0.00702	0.30048	0.45723	0.01966	0.01322	0.01256	0.00982	0.00519	0.00406	0.00130	0.00398	0.00409	0.00394	0.00649
5	0.00953	0.34736	0.24046	0.00909	0.04166	0.01126	0.03714	0.03317	0.00886	0.01204	0.02030	0.02062	0.01663	0.01484	0.00355	0.00105	0.00462	0.00299	0.00206	0.16278
6	0.03883	0.07959	0.43628	0.01115	0.04660	0.02148	0.07998	0.06985	0.04013	0.07789	0.04038	0.01028	0.00742	0.00421	0.00391	0.00125	0.00527	0.00347	0.00244	0.01958
7	0.00904	0.04864	0.39214	0.01378	0.01863	0.00992	0.37726	0.01289	0.00911	0.02442	0.00826	0.02973	0.00633	0.00429	0.01606	0.00140	0.00633	0.00406	0.00199	0.00571
8	0.00594	0.00410	0.00508	0.00508	0.00529	0.00431	0.00324	0.00636	0.00615	0.00841	0.01238	0.02380	0.01359	0.62056	0.25426	0.00473	0.00598	0.00552	0.00241	0.00282
9	0.00908	0.07562	0.52549	0.04102	0.05284	0.05089	0.04636	0.01302	0.03116	0.03834	0.00882	0.01020	0.02630	0.00549	0.04671	0.00154	0.00597	0.00337	0.00203	0.00574
10	0.01041	0.15072	0.22102	0.03124	0.29786	0.06138	0.09501	0.04591	0.00962	0.02849	0.00752	0.00921	0.00595	0.00380	0.00385	0.00120	0.00543	0.00334	0.00206	0.00598
11	0.00586	0.00440	0.00660	0.00660	0.00733	0.00513	0.00513	0.00733	0.00660	0.00953	0.01100	0.01613	0.01026	0.03079	0.83947	0.00660	0.01100	0.00440	0.00220	0.00367
12	0.00765	0.00383	0.00383	0.00383	0.00478	0.00383	0.00287	0.00956	0.00861	0.01530	0.01339	0.01530	0.01052	0.00478	0.00287	0.00096	0.00191	0.00383	0.87853	0.00383
13	0.01161	0.31859	0.06926	0.01128	0.12053	0.21850	0.03428	0.04962	0.02021	0.01151	0.01746	0.00851	0.00620	0.00480	0.02477	0.00124	0.06124	0.00295	0.00208	0.00535
14	0.01081	0.30000	0.05403	0.01390	0.20059	0.10786	0.17050	0.03394	0.00954	0.01192	0.00769	0.02597	0.00670	0.00406	0.00375	0.00115	0.00538	0.02458	0.00208	0.00555
15	0.00551	0.00415	0.00510	0.00493	0.00597	0.00374	0.00367	0.00715	0.01082	0.01472	0.57728	0.07906	0.24451	0.00917	0.00487	0.00134	0.00200	0.00799	0.00429	0.00374
16	0.01292	0.02564	0.16305	0.14492	0.05852	0.00787	0.01882	0.03950	0.02020	0.37436	0.02800	0.01369	0.02133	0.00497	0.00432	0.00132	0.02072	0.03027	0.00350	0.00608
17	0.02400	0.12775	0.11331	0.01178	0.11301	0.36067	0.02385	0.05790	0.07885	0.01237	0.00769	0.00880	0.00621	0.00461	0.01648	0.00123	0.02070	0.00306	0.00229	0.00545
18	0.01054	0.00917	0.00972	0.00904	0.03968	0.02564	0.00680	0.05616	0.74388	0.01729	0.01590	0.01475	0.01194	0.00545	0.00416	0.00137	0.00344	0.00453	0.00406	0.00649
19	0.01097	0.00947	0.02518	0.01427	0.30177	0.01963	0.00886	0.18538	0.09928	0.03572	0.05841	0.01173	0.00918	0.00468	0.00470	0.00121	0.06844	0.00384	0.01950	0.10777
20	0.01316	0.02282	0.06428	0.00761	0.01028	0.02435	0.02632	0.05380	0.07166	0.40717	0.16083	0.07207	0.01612	0.00620	0.00433	0.00132	0.00353	0.02390	0.00433	0.00590
21	0.00713	0.00357	0.00535	0.00535	0.00535	0.00357	0.00357	0.00535	0.00535	0.00713	0.00713	0.01248	0.00713	0.01426	0.01604	0.88057	0.00357	0.00357	0.00178	0.00178
22	0.88473	0.00794	0.00603	0.00540	0.00794	0.00921	0.00445	0.01207	0.00699	0.01842	0.00572	0.00667	0.00445	0.00381	0.00254	0.00127	0.00318	0.00222	0.00254	0.00445
23	0.79096	0.00824	0.00661	0.00580	0.00839	0.00951	0.00477	0.07360	0.03369	0.01895	0.00638	0.00718	0.00489	0.00395	0.00271	0.00127	0.00328	0.00241	0.00271	0.00470
24	0.01122	0.02141	0.12146	0.01396	0.01782	0.00964	0.47979	0.01424	0.00969	0.17738	0.00951	0.01114	0.00681	0.00413	0.00524	0.00138	0.07242	0.00434	0.00261	0.00581
25	0.00514	0.00403	0.00465	0.00478	0.00579	0.00354	0.00348	0.00634	0.00961	0.01237	0.24532	0.22374	0.43572	0.01043	0.00494	0.00143	0.00211	0.00902	0.00400	0.00354
26	0.00823	0.02123	0.83447	0.01170	0.01777	0.00953	0.01517	0.01300	0.00867	0.01300	0.00737	0.00867	0.00520	0.00390	0.00390	0.00130	0.00607	0.00303	0.00173	0.00607
27	0.00501	0.00376	0.00464	0.00528	0.00586	0.00340	0.00363	0.00587	0.00845	0.01096	0.07052	0.59788	0.23588	0.01198	0.00512	0.00157	0.00228	0.01066	0.00385	0.00340
28	0.00895	0.00907	0.01706	0.38679	0.22583	0.00967	0.25884	0.01183	0.00895	0.01203	0.00771	0.01079	0.00596	0.00379	0.00432	0.00134	0.00577	0.00402	0.00195	0.00534
29	0.01574	0.00639	0.00867	0.00685	0.00955	0.00557	0.00557	0.01740	0.01172	0.65940	0.18876	0.01752	0.01623	0.00578	0.00428	0.00127	0.00316	0.00483	0.00496	0.00632
30	0.00501	0.00367	0.00472	0.00554	0.00595	0.00338	0.00377	0.00579	0.00809	0.01060	0.02517	0.72749	0.13526	0.01250	0.00520	0.00163	0.00237	0.02669	0.00381	0.00336
31	0.01576	0.01124	0.01216	0.00932	0.01260	0.01235	0.00770	0.77096	0.01887	0.07196	0.01022	0.01009	0.00716	0.00494	0.00411	0.00123	0.00446	0.00372	0.00416	0.00698
32	0.01222	0.02942	0.06179	0.07811	0.02340	0.27377	0.01941	0.18309	0.01131	0.01389	0.02155	0.00934	0.00642	0.00512	0.00620	0.00132	0.21050	0.00335	0.02456	0.00523
33	0.02583	0.02176	0.00682	0.01893	0.00785	0.02147	0.00464	0.08530	0.06057	0.10427	0.22842	0.09004	0.25918	0.00801	0.00449	0.00132	0.00273	0.00675	0.03705	0.00457
34	0.00509	0.00364	0.00479	0.00565	0.00593	0.00341	0.00379	0.00584	0.00794	0.01057	0.04393	0.76259	0.04393	0.04995	0.00592	0.00176	0.00246	0.02573	0.00377	0.00332
35	0.03384	0.01053	0.03152	0.04538	0.61081	0.05128	0.06276	0.06781	0.02124	0.01417	0.00789	0.01003	0.00643	0.00381	0.00406	0.00123	0.00508	0.00365	0.00221	0.00627
36	0.00753	0.00456	0.00526	0.02098	0.02363	0.00474	0.00390	0.03058	0.00925	0.01507	0.14404	0.04707	0.03530	0.00588	0.00397	0.00111	0.04739	0.00477	0.58098	0.00400
37	0.05263	0.00715	0.00855	0.02355	0.02890	0.00594	0.02034	0.01852	0.00856	0.01377	0.00840	0.00975	0.02080	0.00351	0.00332	0.00076	0.01889	0.00279	0.08378	0.66008
38	0.00494	0.00416	0.00426	0.00424	0.00556	0.00350	0.00316	0.00602	0.00945	0.01141	0.09686	0.03862	0.75594	0.02734	0.00517	0.00143	0.00211	0.00852	0.00384	0.00347
39	0.00909	0.01707	0.53592	0.04261	0.14065	0.03416	0.01316	0.02881	0.07173	0.02377	0.00887	0.01012	0.02145	0.00423	0.00415	0.00130	0.02137	0.00340	0.00211	0.00603
40	0.00559	0.00419	0.00518	0.00493	0.00600	0.00378	0.00370	0.00732	0.01110	0.01522	0.64661	0.03270	0.22087	0.00885	0.00484	0.00131	0.00197	0.00771	0.00436	0.00378
41	0.00498	0.00411	0.00437	0.00441	0.00565	0.00350	0.00327	0.00610	0.00950	0.01168	0.13359	0.10546	0.66849	0.01036	0.00488	0.00140	0.00209	0.00876	0.00390	0.00350
42	0.00969	0.01107	0.02422	0.01730	0.02145	0.01038	0.81522	0.01315	0.00969	0.01315	0.00830	0.01107	0.00623	0.00346	0.00484	0.00138	0.00692	0.00484	0.00208	0.00554
43	0.06142	0.00760	0.00970	0.00748	0.01063	0.00703	0.00618	0.11961	0.01246	0.69086	0.01487	0.01309	0.00948	0.00500	0.00405	0.00127	0.00361	0.00398	0.00483	0.00686
44	0.01108	0.05919	0.20874	0.00916	0.01257	0.04991	0.00875	0.20147	0.28160	0.03252	0.05166	0.01283	0.02271	0.01439	0.00421	0.00131	0.00441	0.00401	0.00335	0.00615
45	0.83757	0.00827	0.00621	0.00559	0.00807	0.03835	0.00456	0.01210	0.00717	0.01797	0.00606	0.02259	0.00490	0.00400	0.00263	0.00127	0.00331	0.00242	0.00255	0.00444
46	0.01106	0.00814	0.03822	0.02657	0.01083	0.00680	0.00597	0.08030	0.08271	0.17204	0.03007	0.01088	0.00826	0.00400	0.00354	0.00092	0.00340	0.00323	0.00325	0.48982
47	0.02571	0.04512	0.08595	0.00723	0.01077	0.00767	0.00641	0.15512	0.03107	0.04160	0.05332	0.01092	0.02751	0.00408	0.00349	0.00090	0.00358	0.00322	0.00291	0.47341
48	0.00850	0.00633	0.00749	0.00690	0.00859	0.00675	0.00539	0.05189	0.26849	0.06385	0.10508	0.06479	0.09044	0.01221	0.18195	0.00248	0.00468	0.04916	0.01906	0.03598
49	0.00543	0.00455	0.01780	0.00507	0.00626	0.00396	0.00386	0.00716	0.04514	0.01249	0.20903	0.18367	0.43546	0.01012	0.00490	0.00143	0.00227	0.03374	0.00395	0.00371

[dist]
# distance from previous block
# <min> <max>
5	9

[block]
# block no. 6 follows, 65 sequences, length 25
# corresponding to MSA columns:
# 339-363
name=unknown_G
#
# <colnr> <probs for GDERKNQSTAVLIFYWHMCP>
#	G	D	E	R	K	N	Q	S	T	A	V	L	I	F	Y	W	H	M	C	P
0	0.48777	0.05058	0.07991	0.08049	0.05772	0.04764	0.02725	0.03837	0.03964	0.03637	0.00711	0.00826	0.00544	0.00398	0.00315	0.00125	0.00410	0.00279	0.01317	0.00501
1	0.02867	0.03437	0.01163	0.12581	0.20455	0.00809	0.00798	0.05890	0.03069	0.05597	0.01815	0.00995	0.00685	0.00380	0.00379	0.00100	0.02182	0.00318	0.00253	0.36226
2	0.01125	0.01000	0.06580	0.07685	0.21841	0.06367	0.03541	0.07956	0.01021	0.13049	0.00907	0.01988	0.00701	0.00467	0.02203	0.00123	0.02314	0.00349	0.00272	0.20509
3	0.00545	0.00383	0.00498	0.00567	0.00618	0.00353	0.00397	0.00638	0.00848	0.03015	0.08500	0.64216	0.10742	0.01201	0.00517	0.00161	0.00243	0.05819	0.00389	0.00350
4	0.00596	0.00492	0.00533	0.00515	0.00655	0.00468	0.00388	0.00895	0.14649	0.01322	0.20294	0.07159	0.48672	0.00928	0.00475	0.00138	0.00226	0.00787	0.00402	0.00406
5	0.00505	0.00385	0.00464	0.00511	0.00583	0.00344	0.00358	0.00602	0.00882	0.01140	0.12466	0.47456	0.30528	0.01148	0.00506	0.00153	0.00222	0.01013	0.00389	0.00344
6	0.01096	0.00874	0.00933	0.00815	0.01052	0.00991	0.00640	0.13595	0.61248	0.04314	0.04622	0.01506	0.01255	0.00553	0.00413	0.00134	0.00333	0.00456	0.04537	0.00636
7	0.00587	0.00436	0.00642	0.00642	0.00709	0.00503	0.00491	0.00721	0.00654	0.00940	0.01116	0.01703	0.01066	0.10057	0.77023	0.00638	0.01040	0.00453	0.00222	0.00357
8	0.00889	0.00885	0.01240	0.01066	0.01068	0.01236	0.00887	0.00980	0.00630	0.00987	0.00555	0.00919	0.00553	0.00787	0.03750	0.00194	0.82387	0.00362	0.00181	0.00447
9	0.00775	0.00730	0.01231	0.84587	0.02827	0.00912	0.01140	0.01049	0.00821	0.01049	0.00730	0.01094	0.00547	0.00410	0.00410	0.00137	0.00547	0.00365	0.00182	0.00456
10	0.00862	0.00843	0.01194	0.03162	0.02811	0.01156	0.00864	0.00964	0.00642	0.00990	0.00615	0.01005	0.00604	0.02350	0.09305	0.00227	0.71406	0.00371	0.00185	0.00442
11	0.00623	0.00447	0.00604	0.00686	0.00766	0.00440	0.00570	0.00776	0.00896	0.01163	0.02241	0.15839	0.07265	0.07467	0.00670	0.00198	0.00349	0.58270	0.00369	0.00360
