[name]
unknown

[dist]
# distance from previous block
# <min> <max>
0	1

[block]
# block no. 0 follows, 68 sequences, length 89
# corresponding to MSA columns:
# 1-24,33-67,81-110
name=unknown_A
#
# <colnr> <probs for GDERKNQSTAVLIFYWHMCP>
#	G	D	E	R	K	N	Q	S	T	A	V	L	I	F	Y	W	H	M	C	P
0	0.00644	0.00462	0.00643	0.00731	0.00825	0.00465	0.00639	0.00841	0.02172	0.01194	0.02092	0.04426	0.02265	0.01087	0.00545	0.00182	0.00364	0.79687	0.00366	0.00369
1	0.01444	0.01164	0.01149	0.00912	0.01206	0.10120	0.00740	0.64302	0.11207	0.02237	0.00993	0.00988	0.00719	0.00476	0.00393	0.00119	0.00452	0.00357	0.00377	0.00646
2	0.00601	0.00468	0.00718	0.00786	0.07590	0.00533	0.00555	0.00750	0.00659	0.00952	0.01036	0.01510	0.00961	0.02756	0.77511	0.00594	0.01013	0.00419	0.00211	0.00377
3	0.00936	0.01070	0.02340	0.01671	0.02072	0.01003	0.82152	0.01270	0.00936	0.01270	0.00802	0.01070	0.00602	0.00334	0.00468	0.00134	0.00668	0.00468	0.00201	0.00535
4	0.00543	0.00415	0.00555	0.00611	0.00637	0.00435	0.00429	0.02128	0.00764	0.01034	0.01984	0.75115	0.02361	0.01169	0.00589	0.00162	0.09352	0.01029	0.00348	0.00341
5	0.00566	0.00425	0.00637	0.00637	0.00708	0.00496	0.00496	0.00708	0.00637	0.00920	0.01062	0.01558	0.00991	0.02974	0.84494	0.00637	0.01062	0.00425	0.00212	0.00354
6	0.00749	0.00705	0.01189	0.85113	0.02731	0.00881	0.01101	0.01013	0.00793	0.01013	0.00705	0.01057	0.00529	0.00396	0.00396	0.00132	0.00529	0.00352	0.00176	0.00440
7	0.03155	0.01674	0.01097	0.00969	0.01195	0.67006	0.00739	0.08313	0.01178	0.09994	0.00742	0.00801	0.00573	0.00422	0.00363	0.00106	0.00644	0.00278	0.00252	0.00500
8	0.00966	0.00812	0.00853	0.00771	0.00984	0.00935	0.00598	0.02009	0.76063	0.01644	0.01587	0.01479	0.01194	0.00532	0.00393	0.00131	0.00303	0.00442	0.07699	0.00606
9	0.00986	0.00852	0.00897	0.00807	0.01031	0.00986	0.00628	0.02107	0.82876	0.01659	0.01614	0.01479	0.01210	0.00538	0.00403	0.00134	0.00314	0.00448	0.00403	0.00628
10	0.00481	0.00352	0.00453	0.00533	0.00570	0.00324	0.00360	0.00554	0.00777	0.01020	0.02417	0.75427	0.12852	0.01212	0.00501	0.00158	0.00226	0.01090	0.00368	0.00324
11	0.88866	0.00767	0.00583	0.00521	0.00767	0.00889	0.00429	0.01166	0.00675	0.01779	0.00552	0.00644	0.00429	0.00368	0.00245	0.00123	0.00307	0.00215	0.00245	0.00429
12	0.01299	0.08628	0.01216	0.09996	0.01348	0.56307	0.00801	0.03875	0.02782	0.01031	0.00640	0.00783	0.00533	0.00434	0.00446	0.00112	0.08815	0.00278	0.00205	0.00469
13	0.00986	0.00852	0.00897	0.00807	0.01031	0.00986	0.00628	0.02107	0.82876	0.01659	0.01614	0.01479	0.01210	0.00538	0.00403	0.00134	0.00314	0.00448	0.00403	0.00628
14	0.00483	0.00345	0.00460	0.00552	0.00575	0.00322	0.00368	0.00552	0.00759	0.01012	0.02185	0.85807	0.02622	0.01242	0.00506	0.00161	0.00230	0.01127	0.00368	0.00322
15	0.00928	0.01123	0.06782	0.01642	0.02053	0.00998	0.77763	0.01269	0.00930	0.01269	0.00797	0.01057	0.00596	0.00337	0.00463	0.00133	0.00664	0.00458	0.00199	0.00538
16	0.00846	0.18074	0.68430	0.01044	0.01583	0.01044	0.01315	0.01243	0.00831	0.01194	0.00681	0.00799	0.00504	0.00370	0.00353	0.00118	0.00555	0.00278	0.00168	0.00571
17	0.01356	0.01035	0.01105	0.00882	0.01172	0.01159	0.00717	0.58964	0.25417	0.02255	0.01144	0.01105	0.00830	0.00494	0.00399	0.00123	0.00401	0.00384	0.00399	0.00661
18	0.00482	0.00348	0.00458	0.00546	0.00573	0.00323	0.00365	0.00553	0.00765	0.01015	0.02265	0.82256	0.06123	0.01232	0.00504	0.00160	0.00229	0.01115	0.00368	0.00323
19	0.01051	0.83469	0.04835	0.00694	0.01041	0.01547	0.00705	0.01190	0.00807	0.00944	0.00557	0.00643	0.00509	0.00340	0.00259	0.00086	0.00429	0.00215	0.00170	0.00511
20	0.00815	0.08436	0.77802	0.01096	0.01663	0.00970	0.01405	0.01250	0.00835	0.01231	0.00699	0.00822	0.00503	0.00374	0.00367	0.00122	0.00574	0.00287	0.00168	0.00580
21	0.00507	0.00362	0.00487	0.00579	0.00612	0.00342	0.00409	0.00593	0.00782	0.01038	0.02172	0.73570	0.02571	0.01220	0.00512	0.00164	0.00250	0.13133	0.00368	0.00329
22	0.00495	0.00404	0.00442	0.00462	0.00579	0.00351	0.00355	0.00606	0.00897	0.01092	0.05153	0.10983	0.63718	0.01033	0.00483	0.00143	0.00226	0.11871	0.00369	0.00339
23	0.00981	0.01154	0.10983	0.01541	0.01955	0.00977	0.66979	0.03386	0.00960	0.05793	0.00838	0.01057	0.00613	0.00351	0.00453	0.00132	0.00636	0.00443	0.00218	0.00551
24	0.00666	0.00601	0.02049	0.09721	0.00975	0.07513	0.00590	0.00818	0.00695	0.00935	0.00987	0.01457	0.00909	0.05179	0.64452	0.00522	0.00946	0.00406	0.00208	0.00372
25	0.76799	0.12523	0.00788	0.00543	0.00801	0.00983	0.00464	0.01168	0.00693	0.01663	0.00552	0.00643	0.00440	0.00364	0.00247	0.00117	0.00323	0.00214	0.00235	0.00440
26	0.00921	0.10127	0.02046	0.01407	0.01746	0.01020	0.59363	0.02729	0.03070	0.01232	0.00902	0.08059	0.00773	0.00434	0.00482	0.00132	0.04336	0.00487	0.00219	0.00515
27	0.00469	0.00402	0.00402	0.00402	0.00536	0.00335	0.00301	0.00569	0.00904	0.01071	0.04017	0.03816	0.83432	0.01004	0.00469	0.00134	0.00201	0.00837	0.00368	0.00335
28	0.01024	0.00869	0.00918	0.00811	0.01045	0.00996	0.00634	0.08358	0.74927	0.01717	0.01544	0.01425	0.01156	0.00528	0.00401	0.00132	0.00323	0.00437	0.00400	0.02356
29	0.00844	0.00752	0.00996	0.05442	0.09939	0.00641	0.03568	0.01053	0.02437	0.01272	0.00724	0.00875	0.00599	0.00325	0.00352	0.00077	0.03201	0.00270	0.00228	0.66404
30	0.07683	0.00928	0.01613	0.01329	0.10322	0.01683	0.36799	0.04199	0.07200	0.20962	0.01018	0.01115	0.00728	0.00404	0.00435	0.00129	0.02170	0.00411	0.00294	0.00579
31	0.00486	0.00358	0.00462	0.00539	0.00576	0.00334	0.00366	0.00559	0.00775	0.01019	0.02396	0.74463	0.12771	0.01206	0.00511	0.00158	0.01250	0.01081	0.00366	0.00325
32	0.07413	0.00681	0.00898	0.00694	0.00996	0.00603	0.00573	0.01883	0.01105	0.78556	0.01499	0.01304	0.00946	0.00483	0.00389	0.00123	0.00335	0.00387	0.00475	0.00659
33	0.00708	0.00606	0.00621	0.00607	0.00700	0.09462	0.00463	0.00829	0.00894	0.02781	0.15737	0.13149	0.19113	0.07046	0.00643	0.00156	0.08265	0.09954	0.07898	0.00369
34	0.00917	0.00867	0.01466	0.06148	0.70869	0.00873	0.01120	0.01136	0.00882	0.01252	0.00898	0.10073	0.00837	0.00451	0.00405	0.00123	0.00448	0.00436	0.00214	0.00586
35	0.00555	0.00405	0.00522	0.00493	0.00589	0.00372	0.00370	0.00737	0.01109	0.01558	0.78446	0.03015	0.08698	0.00823	0.00468	0.00125	0.00188	0.00724	0.00432	0.00372
36	0.00490	0.00351	0.00468	0.00558	0.00586	0.00329	0.00380	0.00565	0.00768	0.01021	0.02205	0.80926	0.03660	0.01232	0.00508	0.00162	0.00236	0.04863	0.00368	0.00324
37	0.00487	0.00349	0.00463	0.00547	0.00575	0.00325	0.00367	0.00562	0.00780	0.01043	0.06370	0.80024	0.04206	0.01216	0.00503	0.00159	0.00227	0.01101	0.00372	0.00325
38	0.00902	0.01009	0.02160	0.10577	0.02098	0.00969	0.71005	0.01221	0.00915	0.01235	0.00833	0.03621	0.00655	0.00368	0.00461	0.00134	0.00640	0.00475	0.00203	0.00518
39	0.00575	0.00392	0.00471	0.00471	0.00485	0.00406	0.00289	0.00602	0.00588	0.00798	0.01214	0.02397	0.01356	0.70264	0.17703	0.00432	0.00513	0.00548	0.00235	0.00262
40	0.01060	0.86304	0.02078	0.00678	0.01018	0.01569	0.00678	0.01187	0.00806	0.00933	0.00551	0.00636	0.00509	0.00339	0.00254	0.00085	0.00424	0.00212	0.00170	0.00509
41	0.00977	0.00938	0.01601	0.04009	0.82052	0.00941	0.01215	0.01213	0.00901	0.01290	0.00745	0.00983	0.00626	0.00354	0.00393	0.00118	0.00472	0.00353	0.00196	0.00624
42	0.01487	0.00931	0.01044	0.00810	0.01101	0.00987	0.00666	0.54820	0.01591	0.21576	0.03117	0.01137	0.00848	0.00486	0.00389	0.00118	0.00387	0.00377	0.07485	0.00643
43	0.00483	0.00405	0.00422	0.00425	0.00554	0.00344	0.00324	0.00593	0.00917	0.01108	0.08525	0.03802	0.74385	0.00998	0.00473	0.00136	0.00209	0.05186	0.00372	0.00339
44	0.01400	0.01683	0.01071	0.00958	0.01169	0.68569	0.00726	0.10144	0.01185	0.01142	0.00932	0.00998	0.07414	0.00465	0.00371	0.00107	0.00642	0.00315	0.00239	0.00472
45	0.01110	0.01243	0.08369	0.01184	0.01496	0.18578	0.29419	0.07864	0.15997	0.04627	0.00991	0.03311	0.00777	0.00446	0.00432	0.00127	0.01900	0.01313	0.00268	0.00548
46	0.01675	0.00719	0.00934	0.00729	0.01027	0.00663	0.00599	0.07532	0.08566	0.69820	0.01532	0.01370	0.00996	0.00501	0.00401	0.00124	0.00342	0.01329	0.00475	0.00667
47	0.00483	0.00345	0.00460	0.00552	0.00575	0.00322	0.00368	0.00552	0.00759	0.01012	0.02185	0.85807	0.02622	0.01242	0.00506	0.00161	0.00230	0.01127	0.00368	0.00322
48	0.01464	0.00892	0.01117	0.01096	0.16774	0.04621	0.00748	0.20326	0.05691	0.37383	0.01188	0.01142	0.00817	0.00451	0.00391	0.00118	0.00400	0.00369	0.00384	0.04627
49	0.01133	0.10240	0.01298	0.00964	0.01232	0.16186	0.12681	0.07381	0.39406	0.03602	0.01151	0.01150	0.00875	0.00458	0.00388	0.00122	0.00460	0.00383	0.00314	0.00575
50	0.00811	0.00773	0.01281	0.58550	0.19720	0.00930	0.01101	0.01050	0.00796	0.01067	0.00694	0.01021	0.00549	0.00419	0.00493	0.00134	0.09603	0.00352	0.00180	0.00480
51	0.10121	0.00466	0.00565	0.00516	0.00645	0.00446	0.00396	0.00887	0.01071	0.08431	0.66032	0.02598	0.04847	0.00741	0.00438	0.00125	0.00213	0.00639	0.00419	0.00404
52	0.00963	0.00913	0.01499	0.08947	0.68206	0.00942	0.01144	0.01296	0.09676	0.01311	0.00835	0.01041	0.00682	0.00377	0.00394	0.00121	0.00459	0.00363	0.00217	0.00613
53	0.01548	0.01028	0.01136	0.00873	0.01187	0.01109	0.00721	0.66452	0.03014	0.17222	0.01073	0.01032	0.00738	0.00480	0.00397	0.00120	0.00416	0.00366	0.00414	0.00674
54	0.00905	0.00881	0.01209	0.63763	0.07676	0.09870	0.01044	0.07835	0.00924	0.01150	0.00718	0.01007	0.00545	0.00402	0.00392	0.00127	0.00537	0.00342	0.00199	0.00474
55	0.00509	0.00369	0.00484	0.00554	0.00601	0.00344	0.00393	0.00607	0.00832	0.01109	0.12691	0.60835	0.08306	0.01155	0.00503	0.00157	0.00237	0.09604	0.00376	0.00334
56	0.01132	0.00965	0.00974	0.00839	0.01084	0.05579	0.00662	0.21276	0.58086	0.01816	0.01428	0.01338	0.01971	0.00521	0.00400	0.00129	0.00364	0.00420	0.00391	0.00626
57	0.00568	0.00386	0.00430	0.00430	0.00441	0.00380	0.00245	0.00576	0.00604	0.00794	0.01479	0.02696	0.08250	0.79002	0.01889	0.00364	0.00369	0.00598	0.00251	0.00248
58	0.00972	0.00923	0.01516	0.05669	0.71413	0.00944	0.01149	0.01304	0.09681	0.01323	0.00837	0.01038	0.00686	0.00375	0.00394	0.00120	0.00457	0.00363	0.00218	0.00620
59	0.01772	0.00686	0.00927	0.00711	0.01018	0.00600	0.00587	0.04050	0.01154	0.81723	0.01548	0.01339	0.00973	0.00490	0.00399	0.00123	0.00340	0.00398	0.00488	0.00675
60	0.57104	0.00990	0.09690	0.00807	0.07810	0.05433	0.00652	0.04875	0.00817	0.06884	0.00670	0.00757	0.00505	0.00386	0.00304	0.00122	0.01193	0.00256	0.00252	0.00491
61	0.00979	0.00964	0.01530	0.12738	0.68959	0.05478	0.01178	0.01211	0.00901	0.01242	0.00733	0.00976	0.00609	0.00362	0.00391	0.00119	0.00492	0.00348	0.00194	0.00595
62	0.00490	0.00350	0.00468	0.00560	0.00586	0.00328	0.00380	0.00564	0.00766	0.01020	0.02182	0.82284	0.02608	0.01236	0.00508	0.00162	0.00236	0.04584	0.00368	0.00324
63	0.01292	0.05398	0.10078	0.08078	0.05872	0.59213	0.00891	0.01454	0.01032	0.01020	0.00634	0.00770	0.00518	0.00402	0.00374	0.00108	0.01913	0.00272	0.00196	0.00482
64	0.00986	0.00852	0.00897	0.00807	0.01031	0.00986	0.00628	0.02107	0.82876	0.01659	0.01614	0.01479	0.01210	0.00538	0.00403	0.00134	0.00314	0.00448	0.00403	0.00628
65	0.00568	0.00420	0.00615	0.00615	0.00678	0.00484	0.00468	0.00694	0.00631	0.00904	0.01082	0.01669	0.01039	0.11876	0.75658	0.00610	0.00989	0.00441	0.00215	0.00342
66	0.00810	0.00803	0.01184	0.78130	0.02606	0.07822	0.01073	0.01060	0.00820	0.01009	0.00697	0.01029	0.00527	0.00397	0.00393	0.00130	0.00544	0.00344	0.00179	0.00442
67	0.00586	0.00380	0.00428	0.00436	0.00447	0.00378	0.00255	0.00612	0.00619	0.00865	0.01332	0.09385	0.01494	0.69851	0.01706	0.00335	0.00350	0.00600	0.09682	0.00261
68	0.00739	0.00370	0.00370	0.00370	0.00462	0.00370	0.00277	0.00924	0.00831	0.01478	0.01293	0.01478	0.01016	0.00462	0.00277	0.00092	0.00185	0.00370	0.88267	0.00370
69	0.01060	0.86304	0.02078	0.00678	0.01018	0.01569	0.00678	0.01187	0.00806	0.00933	0.00551	0.00636	0.00509	0.00339	0.00254	0.00085	0.00424	0.00212	0.00170	0.00509
70	0.01481	0.01890	0.01124	0.01021	0.01226	0.84474	0.00766	0.01583	0.01124	0.00970	0.00613	0.00715	0.00511	0.00409	0.00358	0.00102	0.00715	0.00255	0.00204	0.00460
71	0.00561	0.00405	0.00530	0.00499	0.00592	0.00374	0.00374	0.00748	0.01122	0.01590	0.83383	0.02962	0.03741	0.00811	0.00468	0.00125	0.00187	0.00717	0.00436	0.00374
72	0.00689	0.00344	0.00517	0.00517	0.00517	0.00344	0.00344	0.00517	0.00517	0.00689	0.00689	0.01205	0.00689	0.01377	0.01550	0.88464	0.00344	0.00344	0.00172	0.00172
73	0.01029	0.00873	0.00921	0.00816	0.01048	0.01006	0.00638	0.08763	0.76149	0.01728	0.01559	0.01435	0.01166	0.00533	0.00403	0.00133	0.00324	0.00441	0.00403	0.00631
74	0.00539	0.00369	0.00443	0.00480	0.00489	0.00360	0.00291	0.00567	0.00649	0.00866	0.01622	0.35731	0.01912	0.52288	0.01416	0.00295	0.00323	0.00796	0.00291	0.00273
75	0.00646	0.00488	0.00687	0.00824	0.07650	0.00480	0.00635	0.00820	0.00909	0.01185	0.04316	0.04032	0.10859	0.02833	0.00556	0.00175	0.00352	0.61821	0.00351	0.00381
76	0.00483	0.00345	0.00460	0.00552	0.00575	0.00322	0.00368	0.00552	0.00759	0.01012	0.02185	0.85807	0.02622	0.01242	0.00506	0.00161	0.00230	0.01127	0.00368	0.00322
77	0.01310	0.01655	0.08059	0.01180	0.10769	0.55759	0.00875	0.04999	0.04981	0.01130	0.00694	0.00811	0.00565	0.00424	0.00418	0.00112	0.05248	0.00288	0.00216	0.00506
78	0.01044	0.80441	0.06508	0.00718	0.01072	0.01525	0.01974	0.01192	0.00809	0.00955	0.00564	0.00654	0.00510	0.00341	0.00264	0.00088	0.00437	0.00220	0.00170	0.00513
79	0.00692	0.00434	0.00572	0.00521	0.00637	0.00396	0.00396	0.00875	0.01124	0.10405	0.74617	0.02789	0.03445	0.00776	0.00460	0.00124	0.00203	0.00683	0.00442	0.00406
80	0.00795	0.02051	0.84011	0.01130	0.01716	0.00921	0.01465	0.01256	0.00837	0.01256	0.00712	0.00837	0.00502	0.00377	0.00377	0.00126	0.00586	0.00293	0.00167	0.00586
81	0.00566	0.00386	0.00430	0.00430	0.00442	0.00380	0.00246	0.00576	0.00608	0.00797	0.01511	0.02710	0.09200	0.78016	0.01871	0.00361	0.00367	0.00601	0.00252	0.00249
82	0.00759	0.00715	0.01207	0.81532	0.06233	0.00884	0.01106	0.01022	0.00798	0.01025	0.00707	0.01054	0.00533	0.00395	0.00396	0.00132	0.00526	0.00352	0.00177	0.00449
83	0.00810	0.06634	0.79554	0.01106	0.01678	0.00956	0.01422	0.01252	0.00835	0.01238	0.00703	0.00826	0.00503	0.00375	0.00370	0.00123	0.00577	0.00289	0.00168	0.00582
84	0.00678	0.09661	0.00741	0.00560	0.00692	0.00571	0.00440	0.05271	0.04634	0.01512	0.57722	0.09448	0.04042	0.00772	0.00442	0.00124	0.00237	0.01643	0.00397	0.00411
85	0.00941	0.01007	0.02014	0.01484	0.01780	0.01046	0.59197	0.01207	0.00857	0.03366	0.00750	0.01025	0.00591	0.00430	0.00679	0.00144	0.22332	0.00435	0.00201	0.00513
86	0.00804	0.02965	0.69552	0.05683	0.01690	0.00959	0.01371	0.01209	0.00810	0.01206	0.00689	0.00850	0.00506	0.00411	0.00475	0.00131	0.09661	0.00301	0.00169	0.00561
87	0.00633	0.00474	0.00543	0.00505	0.00618	0.00453	0.00371	0.09391	0.01033	0.01373	0.33554	0.06736	0.27783	0.13953	0.00700	0.00169	0.00250	0.00713	0.00378	0.00371
88	0.01407	0.05284	0.00890	0.00674	0.00923	0.00620	0.00546	0.01634	0.07935	0.55032	0.09244	0.10546	0.02269	0.00602	0.00410	0.00126	0.00313	0.00505	0.00446	0.00592

[dist]
# distance from previous block
# <min> <max>
0	2

[block]
# block no. 1 follows, 68 sequences, length 15
# corresponding to MSA columns:
# 113-127
name=unknown_B
#
# <colnr> <probs for GDERKNQSTAVLIFYWHMCP>
#	G	D	E	R	K	N	Q	S	T	A	V	L	I	F	Y	W	H	M	C	P
0	0.00916	0.00887	0.01371	0.11699	0.55400	0.04407	0.01057	0.01152	0.03049	0.01220	0.01053	0.02598	0.07028	0.00461	0.00442	0.00125	0.04098	0.02262	0.00218	0.00557
1	0.00589	0.00413	0.00528	0.00494	0.00599	0.00376	0.00372	0.00765	0.01098	0.04134	0.71794	0.03008	0.12692	0.00822	0.00466	0.00126	0.00193	0.00721	0.00430	0.00379
2	0.04776	0.72379	0.04794	0.02935	0.01089	0.04088	0.00711	0.03547	0.00842	0.01028	0.00574	0.00666	0.00511	0.00349	0.00269	0.00091	0.00437	0.00224	0.00181	0.00510
3	0.00950	0.00899	0.01501	0.04037	0.73063	0.00906	0.01136	0.01220	0.04375	0.01323	0.06047	0.01130	0.00849	0.00391	0.00398	0.00119	0.00448	0.00380	0.00220	0.00608
4	0.00573	0.00414	0.00547	0.00549	0.00641	0.00389	0.00430	0.00752	0.01056	0.01463	0.59930	0.06366	0.05878	0.00895	0.00487	0.00139	0.00228	0.18477	0.00416	0.00369
5	0.00871	0.00810	0.01355	0.02017	0.65229	0.00805	0.01029	0.01070	0.00871	0.01233	0.01064	0.19745	0.01069	0.00550	0.00418	0.00127	0.00418	0.00524	0.00234	0.00560
6	0.00587	0.00521	0.00675	0.00856	0.18910	0.00471	0.00507	0.00721	0.00915	0.01147	0.07347	0.03145	0.61045	0.00850	0.00452	0.00130	0.00260	0.00724	0.00334	0.00402
7	0.00541	0.00404	0.00502	0.00477	0.00580	0.00365	0.00358	0.00709	0.01074	0.01475	0.65827	0.03151	0.21368	0.00853	0.00468	0.00127	0.00190	0.00744	0.00421	0.00365
8	0.01561	0.00979	0.19300	0.00799	0.01168	0.00658	0.00778	0.01783	0.01069	0.65594	0.01376	0.01236	0.00875	0.00466	0.00394	0.00123	0.00392	0.00375	0.00419	0.00655
9	0.20251	0.00493	0.00456	0.00436	0.00572	0.00530	0.00337	0.01065	0.06883	0.01558	0.01153	0.01294	0.00901	0.00447	0.00279	0.00102	0.00221	0.00341	0.62279	0.00402
10	0.01085	0.52290	0.11357	0.00799	0.01117	0.19752	0.00770	0.01242	0.00877	0.00984	0.00688	0.06104	0.00643	0.00416	0.00308	0.00098	0.00495	0.00289	0.00190	0.00495
11	0.62925	0.01044	0.19062	0.00670	0.00995	0.00874	0.00670	0.01242	0.00745	0.07752	0.00662	0.00739	0.00486	0.00379	0.00286	0.00123	0.00371	0.00246	0.00246	0.00482
12	0.04684	0.00853	0.01359	0.22227	0.48974	0.00897	0.01062	0.01206	0.06083	0.01270	0.00780	0.01005	0.00629	0.00372	0.00381	0.00118	0.00455	0.00344	0.00210	0.07091
13	0.01182	0.06494	0.01216	0.19684	0.11140	0.15922	0.00847	0.18138	0.11540	0.07295	0.00960	0.01054	0.01913	0.00440	0.00382	0.00119	0.00484	0.00350	0.00283	0.00557
14	0.03774	0.01623	0.10390	0.00637	0.00805	0.05894	0.00552	0.02455	0.04437	0.04780	0.19338	0.16443	0.01783	0.01953	0.00448	0.00128	0.02995	0.01353	0.19785	0.00426

[dist]
# distance from previous block
# <min> <max>
0	36

# created by:
# /st0/software/busco_prod/Augustus/scripts/msa2prfl.pl ./align_prep/138934.fa
