[name]
unknown

[dist]
# distance from previous block
# <min> <max>
18	86

[block]
# block no. 0 follows, 51 sequences, length 73
# corresponding to MSA columns:
# 121-150,153-195
name=unknown_A
#
# <colnr> <probs for GDERKNQSTAVLIFYWHMCP>
#	G	D	E	R	K	N	Q	S	T	A	V	L	I	F	Y	W	H	M	C	P
0	0.03528	0.04973	0.00780	0.00679	0.00817	0.00652	0.00492	0.01093	0.10187	0.03674	0.08928	0.23779	0.11729	0.19589	0.00985	0.00237	0.00359	0.02332	0.00411	0.04780
1	0.34430	0.00871	0.00992	0.01039	0.11631	0.00911	0.00711	0.03201	0.03557	0.17834	0.08851	0.03444	0.01373	0.05013	0.00546	0.00174	0.00411	0.03996	0.00401	0.00616
2	0.07905	0.09240	0.57388	0.01320	0.05033	0.01191	0.01530	0.01540	0.01033	0.04061	0.02614	0.01083	0.00731	0.00488	0.00477	0.00152	0.02913	0.00367	0.00237	0.00697
3	0.01082	0.01141	0.09225	0.07918	0.32494	0.02700	0.03039	0.05498	0.06863	0.01757	0.19662	0.01898	0.03355	0.00621	0.00512	0.00152	0.00509	0.00559	0.00345	0.00669
4	0.00739	0.00517	0.00642	0.00602	0.00742	0.00464	0.00455	0.00944	0.01328	0.05449	0.58341	0.03826	0.22032	0.01043	0.00576	0.00157	0.00245	0.00905	0.00524	0.00470
5	0.01211	0.01162	0.01985	0.04417	0.78304	0.01166	0.01506	0.01504	0.01117	0.01599	0.00923	0.01218	0.00776	0.00439	0.00487	0.00146	0.00585	0.00438	0.00243	0.00774
6	0.00991	0.03855	0.78917	0.01392	0.02113	0.01154	0.01800	0.01555	0.01037	0.01550	0.00879	0.01033	0.00623	0.00466	0.00464	0.00155	0.00723	0.00361	0.00208	0.00725
7	0.01637	0.01697	0.01266	0.01127	0.01405	0.41463	0.00864	0.04314	0.30732	0.08481	0.01344	0.01322	0.01018	0.00578	0.00470	0.00145	0.00647	0.00426	0.00384	0.00679
8	0.01138	0.00947	0.01023	0.00938	0.01180	0.01073	0.00721	0.02286	0.63759	0.03419	0.07022	0.10878	0.01889	0.00784	0.00519	0.00169	0.00368	0.00669	0.00500	0.00717
9	0.01184	0.01131	0.01895	0.02835	0.73583	0.01131	0.01431	0.01497	0.03180	0.01603	0.01158	0.01411	0.04782	0.00485	0.00492	0.00148	0.00562	0.00471	0.00261	0.00760
10	0.01368	0.01112	0.01185	0.01015	0.01315	0.01263	0.00803	0.22759	0.54143	0.02331	0.05895	0.01756	0.01489	0.00664	0.00502	0.00161	0.00421	0.00543	0.00500	0.00777
11	0.01644	0.00739	0.00965	0.00786	0.01079	0.00662	0.00632	0.01906	0.05826	0.49929	0.20118	0.02438	0.09558	0.00764	0.00523	0.00155	0.00357	0.00641	0.00572	0.00706
12	0.17483	0.01046	0.01109	0.00908	0.01180	0.01156	0.00721	0.42491	0.02551	0.02333	0.01027	0.01235	0.00811	0.02595	0.00841	0.20616	0.00480	0.00413	0.00386	0.00617
13	0.00735	0.00579	0.00807	0.00804	0.00896	0.02930	0.00624	0.00909	0.00807	0.01143	0.01300	0.01900	0.01211	0.03594	0.78460	0.00771	0.01304	0.00520	0.00263	0.00443
14	0.00974	0.00752	0.00873	0.00850	0.01012	0.00803	0.00643	0.12395	0.22213	0.01804	0.07403	0.36596	0.02483	0.01114	0.00575	0.00183	0.00362	0.07913	0.00478	0.00574
15	0.45559	0.00891	0.00854	0.00732	0.01021	0.00963	0.00593	0.09400	0.03339	0.14343	0.11019	0.03294	0.04938	0.00628	0.00413	0.00154	0.00376	0.00466	0.00416	0.00601
16	0.00666	0.00501	0.00615	0.00587	0.00716	0.00451	0.00440	0.00869	0.01320	0.01803	0.59988	0.03947	0.24158	0.01067	0.00580	0.00158	0.00236	0.00927	0.00519	0.00451
17	0.00587	0.00498	0.00506	0.00504	0.00667	0.00417	0.00378	0.00717	0.01134	0.01360	0.08747	0.04676	0.75675	0.01232	0.00581	0.00165	0.00248	0.01030	0.00461	0.00417
18	0.00614	0.00456	0.00573	0.00635	0.00707	0.00415	0.00441	0.00736	0.01064	0.01410	0.18226	0.51744	0.18426	0.01377	0.00609	0.00184	0.00268	0.01227	0.00473	0.00415
19	0.15995	0.00721	0.00832	0.00735	0.00962	0.00703	0.00566	0.05947	0.01184	0.27177	0.07256	0.19608	0.08457	0.06850	0.00650	0.00187	0.00367	0.00737	0.00476	0.00588
20	0.86201	0.00950	0.00722	0.00646	0.00950	0.01102	0.00532	0.01445	0.00836	0.02205	0.00684	0.00798	0.00532	0.00456	0.00304	0.00152	0.00380	0.00266	0.00304	0.00532
21	0.00638	0.00489	0.00585	0.00583	0.00705	0.00436	0.00429	0.00808	0.01222	0.01623	0.40094	0.15999	0.32262	0.01175	0.00587	0.00166	0.00246	0.01021	0.00497	0.00436
22	0.82100	0.00956	0.00750	0.00663	0.00971	0.01101	0.00546	0.03064	0.00883	0.04397	0.00730	0.00831	0.00558	0.00463	0.00313	0.00152	0.00385	0.00276	0.00317	0.00547
23	0.03054	0.00505	0.00624	0.00609	0.00727	0.00466	0.00451	0.00878	0.01278	0.01790	0.56275	0.13750	0.15596	0.01093	0.00578	0.00162	0.00245	0.00958	0.00511	0.00450
24	0.01222	0.01056	0.01111	0.01000	0.01278	0.01222	0.00778	0.02611	0.78776	0.02056	0.02000	0.01833	0.01500	0.00667	0.00500	0.00167	0.00389	0.00556	0.00500	0.00778
25	0.41689	0.00870	0.00876	0.00733	0.01040	0.00907	0.00598	0.06158	0.01167	0.26633	0.07835	0.01560	0.05312	0.00601	0.00413	0.00152	0.00380	0.00444	0.02001	0.00632
26	0.00886	0.00612	0.00728	0.00683	0.00819	0.00604	0.00502	0.06526	0.07365	0.05562	0.26633	0.09771	0.14061	0.15050	0.00967	0.04550	0.00342	0.03402	0.00457	0.00480
27	0.00661	0.00504	0.00621	0.00684	0.00798	0.00464	0.00538	0.00816	0.01094	0.01388	0.07104	0.23317	0.32207	0.01341	0.00625	0.00194	0.00325	0.26433	0.00459	0.00426
28	0.05251	0.00496	0.00545	0.00555	0.00584	0.00498	0.00333	0.00770	0.00774	0.01106	0.01739	0.12369	0.04081	0.62676	0.02009	0.00401	0.00431	0.00768	0.04282	0.00333
29	0.00709	0.00520	0.00771	0.00771	0.00851	0.00600	0.00591	0.00860	0.00780	0.01120	0.01308	0.01974	0.01240	0.07427	0.73692	0.04331	0.01238	0.00531	0.00263	0.00423
30	0.04197	0.00841	0.01075	0.00907	0.01187	0.00852	0.02605	0.07100	0.16277	0.32457	0.07896	0.02053	0.01576	0.01159	0.12937	0.00258	0.00556	0.04875	0.00493	0.00698
31	0.00637	0.00503	0.00575	0.00572	0.00707	0.00446	0.00423	0.00820	0.02705	0.01566	0.31541	0.12901	0.42488	0.01179	0.00584	0.00166	0.00249	0.01014	0.00488	0.00438
32	0.04692	0.00496	0.00556	0.00561	0.00589	0.00505	0.00340	0.00779	0.00760	0.01095	0.01592	0.09271	0.01786	0.63714	0.06090	0.00434	0.00485	0.00724	0.05196	0.00333
33	0.01247	0.04174	0.01667	0.25783	0.22502	0.09519	0.06412	0.11933	0.01229	0.01584	0.00929	0.01234	0.00743	0.00649	0.02759	0.05646	0.00655	0.00430	0.00269	0.00636
34	0.05301	0.02461	0.76159	0.01362	0.02067	0.01139	0.01751	0.01551	0.01027	0.01589	0.00872	0.01025	0.00618	0.00466	0.00459	0.00155	0.00709	0.00358	0.00212	0.00716
35	0.00599	0.00428	0.00570	0.00684	0.00713	0.00399	0.00456	0.00684	0.00941	0.01254	0.02709	0.82409	0.03250	0.01540	0.00627	0.00200	0.00285	0.01397	0.00456	0.00399
36	0.00715	0.00476	0.00536	0.00536	0.00536	0.00476	0.00298	0.00715	0.00715	0.00953	0.01548	0.03216	0.01787	0.82729	0.02501	0.00476	0.00476	0.00715	0.00298	0.00298
37	0.01868	0.01376	0.01475	0.01131	0.01524	0.01524	0.00934	0.78025	0.02311	0.03097	0.01180	0.01180	0.00836	0.00590	0.00492	0.00147	0.00541	0.00442	0.00492	0.00836
38	0.07012	0.02864	0.01452	0.05233	0.03652	0.10380	0.00946	0.57468	0.01994	0.02662	0.01071	0.01124	0.00780	0.00560	0.00471	0.00145	0.00576	0.00414	0.00428	0.00767
39	0.01412	0.04927	0.09659	0.03063	0.35188	0.25787	0.01259	0.05748	0.03546	0.01551	0.00920	0.01111	0.00746	0.00480	0.00462	0.00140	0.00674	0.00390	0.02243	0.00695
40	0.01868	0.01376	0.01475	0.01131	0.01524	0.01524	0.00934	0.78025	0.02311	0.03097	0.01180	0.01180	0.00836	0.00590	0.00492	0.00147	0.00541	0.00442	0.00492	0.00836
41	0.01110	0.00890	0.01042	0.00750	0.01182	0.00690	0.00602	0.04115	0.01086	0.05612	0.00938	0.01058	0.00756	0.00385	0.00375	0.00080	0.00373	0.00307	0.00315	0.78334
42	0.01671	0.02052	0.01367	0.01226	0.01471	0.65948	0.03678	0.03497	0.01332	0.01261	0.00853	0.01040	0.00718	0.00858	0.09352	0.00202	0.00913	0.00354	0.01644	0.00563
43	0.12305	0.01612	0.01306	0.02505	0.01449	0.31358	0.00871	0.28395	0.02773	0.11276	0.01055	0.01091	0.00773	0.00543	0.00450	0.00141	0.00637	0.00381	0.00387	0.00692
44	0.00646	0.00500	0.00588	0.00566	0.00704	0.00443	0.00425	0.00832	0.01275	0.01694	0.47394	0.04126	0.36820	0.01108	0.00580	0.00159	0.00239	0.00953	0.00505	0.00443
45	0.00702	0.00527	0.00790	0.00790	0.00878	0.00614	0.00614	0.00878	0.00790	0.01141	0.01316	0.01931	0.01229	0.03686	0.80782	0.00790	0.01316	0.00527	0.00263	0.00439
46	0.04040	0.01299	0.01355	0.01157	0.05058	0.07757	0.00892	0.41250	0.17501	0.12507	0.01384	0.01343	0.00992	0.00590	0.00484	0.00150	0.00520	0.00457	0.00472	0.00792
47	0.01343	0.13406	0.15931	0.05961	0.26290	0.05161	0.02352	0.01686	0.04232	0.14122	0.04106	0.01304	0.00962	0.00505	0.00463	0.00144	0.00576	0.00426	0.00312	0.00720
48	0.02123	0.00866	0.01146	0.00890	0.01263	0.00779	0.00732	0.04270	0.07192	0.72307	0.01925	0.01673	0.01228	0.00612	0.00495	0.00153	0.00419	0.00497	0.00597	0.00832
49	0.00715	0.00518	0.00708	0.09642	0.01024	0.00522	0.00565	0.02009	0.00994	0.02675	0.09011	0.50161	0.02804	0.11760	0.00847	0.00227	0.00360	0.04614	0.00420	0.00425
50	0.01101	0.13921	0.37270	0.03107	0.20935	0.04962	0.01425	0.01484	0.01091	0.01505	0.05698	0.01304	0.03107	0.00509	0.00459	0.00145	0.00625	0.00416	0.00246	0.00690
51	0.01031	0.04854	0.01610	0.52538	0.22366	0.01113	0.01321	0.01327	0.01025	0.02965	0.00982	0.04949	0.00814	0.00524	0.00488	0.00158	0.00609	0.00473	0.00243	0.00608
52	0.00869	0.00465	0.00493	0.00489	0.00603	0.00457	0.00365	0.01094	0.01087	0.01834	0.14007	0.03836	0.03148	0.00672	0.00391	0.00123	0.00231	0.00555	0.68824	0.00457
53	0.00886	0.00803	0.03279	0.02687	0.24448	0.00752	0.00846	0.02842	0.05464	0.01579	0.11635	0.15429	0.20033	0.00930	0.00547	0.00165	0.00396	0.04225	0.02485	0.00570
54	0.01325	0.09174	0.22656	0.05520	0.19670	0.13182	0.02217	0.03879	0.06957	0.07475	0.02712	0.01217	0.00866	0.00503	0.00464	0.00145	0.00633	0.00408	0.00291	0.00706
55	0.01239	0.60612	0.10728	0.00976	0.01359	0.01784	0.00985	0.01432	0.00961	0.01204	0.00698	0.00863	0.00632	0.00499	0.00550	0.00129	0.14211	0.00302	0.00211	0.00625
56	0.01111	0.00987	0.01123	0.00863	0.01246	0.03558	0.02888	0.03631	0.16935	0.01705	0.01165	0.01249	0.02023	0.00464	0.00440	0.00104	0.02563	0.00373	0.00337	0.57237
57	0.01058	0.02342	0.01707	0.44548	0.28222	0.01137	0.05231	0.01430	0.05173	0.01434	0.00953	0.01294	0.00746	0.00476	0.00489	0.00155	0.00619	0.00445	0.00244	0.02295
58	0.00667	0.00501	0.00617	0.00588	0.00716	0.00451	0.00441	0.00871	0.01323	0.01808	0.60609	0.03938	0.23534	0.01065	0.00580	0.00157	0.00236	0.00926	0.00520	0.00451
59	0.00963	0.01291	0.19934	0.03702	0.06420	0.00933	0.23113	0.01354	0.04513	0.02800	0.04066	0.05238	0.17573	0.00708	0.00539	0.00163	0.00574	0.02805	0.02700	0.00610
60	0.01383	0.72523	0.02426	0.00889	0.01295	0.07941	0.00854	0.05579	0.01098	0.01263	0.00715	0.00817	0.00642	0.00436	0.00334	0.00109	0.00554	0.00276	0.00228	0.00637
61	0.01803	0.00851	0.01164	0.01073	0.09209	0.00788	0.00776	0.06217	0.01364	0.53163	0.04253	0.05344	0.07959	0.00702	0.00541	0.00156	0.02769	0.00580	0.00532	0.00757
62	0.00596	0.00437	0.00561	0.00659	0.00706	0.00401	0.00445	0.00687	0.00965	0.01264	0.03012	0.72036	0.13427	0.01500	0.00621	0.00195	0.00280	0.01349	0.00456	0.00401
63	0.86201	0.00950	0.00722	0.00646	0.00950	0.01102	0.00532	0.01445	0.00836	0.02205	0.00684	0.00798	0.00532	0.00456	0.00304	0.00152	0.00380	0.00266	0.00304	0.00532
64	0.01369	0.03728	0.30227	0.02255	0.01571	0.00911	0.02456	0.02840	0.02886	0.26928	0.01467	0.06834	0.01147	0.00710	0.02609	0.00171	0.00559	0.04328	0.00385	0.06621
65	0.03391	0.00876	0.01011	0.00726	0.01159	0.00668	0.00581	0.01243	0.01014	0.01618	0.00868	0.01013	0.00722	0.00367	0.00362	0.00075	0.00364	0.00290	0.00292	0.83361
66	0.00588	0.00498	0.00507	0.00505	0.00668	0.00418	0.00379	0.00719	0.01136	0.01366	0.09459	0.04666	0.74960	0.01230	0.00581	0.00165	0.00248	0.01028	0.00461	0.00418
67	0.01226	0.01137	0.01794	0.03739	0.61189	0.01169	0.01345	0.05200	0.12270	0.01727	0.01181	0.01428	0.02197	0.00506	0.00493	0.00151	0.00548	0.01634	0.00298	0.00767
68	0.43523	0.00886	0.00918	0.00754	0.01085	0.00911	0.00620	0.03162	0.01140	0.36708	0.04910	0.01326	0.01032	0.00551	0.00404	0.00152	0.00393	0.00399	0.00453	0.00669
69	0.00753	0.00570	0.00762	0.00736	0.00774	0.00660	0.00528	0.00841	0.00752	0.01061	0.01339	0.02404	0.01409	0.38841	0.36038	0.00579	0.10691	0.00599	0.00273	0.00387
70	0.79977	0.00943	0.00760	0.02327	0.01017	0.01082	0.00559	0.01491	0.00870	0.06321	0.00755	0.00855	0.00571	0.00465	0.00318	0.00152	0.00388	0.00282	0.00319	0.00549
71	0.01071	0.04939	0.68754	0.01343	0.02016	0.01185	0.01674	0.05680	0.04725	0.02747	0.00958	0.01083	0.00683	0.00483	0.00465	0.00154	0.00690	0.00375	0.00242	0.00733
72	0.01095	0.02235	0.59571	0.05091	0.02056	0.05406	0.03239	0.05502	0.06528	0.01629	0.00965	0.01112	0.00700	0.00497	0.00496	0.00156	0.02373	0.00388	0.00246	0.00713

[dist]
# distance from previous block
# <min> <max>
1	2

[block]
# block no. 1 follows, 51 sequences, length 13
# corresponding to MSA columns:
# 218-230
name=unknown_B
#
# <colnr> <probs for GDERKNQSTAVLIFYWHMCP>
#	G	D	E	R	K	N	Q	S	T	A	V	L	I	F	Y	W	H	M	C	P
0	0.00907	0.00837	0.01369	0.69393	0.03014	0.01005	0.01237	0.01207	0.00982	0.01279	0.01024	0.07963	0.00874	0.00569	0.00494	0.00161	0.00605	0.00506	0.00243	0.06334
1	0.72029	0.00938	0.00847	0.14092	0.01355	0.01101	0.00671	0.01413	0.00861	0.02047	0.00716	0.00883	0.00553	0.00462	0.00335	0.00154	0.00426	0.00294	0.00290	0.00534
2	0.00937	0.00886	0.01476	0.76701	0.03258	0.01117	0.01347	0.01251	0.00969	0.01251	0.00860	0.01296	0.00654	0.00514	0.00559	0.00167	0.05558	0.00436	0.00218	0.00545
3	0.06435	0.00878	0.01425	0.76323	0.03227	0.01093	0.01311	0.01268	0.00973	0.01317	0.00861	0.01277	0.00647	0.00489	0.00479	0.00163	0.00637	0.00426	0.00224	0.00545
4	0.10562	0.01257	0.01714	0.20565	0.02152	0.10162	0.21750	0.10946	0.12728	0.01781	0.01076	0.01272	0.00811	0.00506	0.00491	0.00157	0.00645	0.00462	0.00315	0.00648
5	0.01047	0.01026	0.01460	0.14035	0.01614	0.01369	0.01081	0.01199	0.00811	0.01229	0.00700	0.01108	0.00653	0.00761	0.01331	0.00195	0.62190	0.00420	0.00222	0.07549
6	0.00716	0.00546	0.00673	0.00624	0.00777	0.00490	0.00469	0.00950	0.03317	0.01789	0.53071	0.08896	0.15765	0.01009	0.00560	0.00152	0.00255	0.00881	0.00497	0.08564
7	0.01822	0.01307	0.01428	0.01252	0.07889	0.11372	0.03140	0.34659	0.05650	0.22651	0.01369	0.01403	0.00977	0.00586	0.00493	0.00149	0.00555	0.02051	0.00464	0.00781
8	0.01022	0.01005	0.01397	0.01210	0.01251	0.03535	0.03344	0.01153	0.00791	0.01187	0.00798	0.01255	0.00769	0.01421	0.17938	0.00330	0.60395	0.00451	0.00227	0.00522
9	0.01220	0.00971	0.06158	0.00932	0.01208	0.00908	0.03248	0.18929	0.12700	0.10256	0.17421	0.11039	0.06625	0.00858	0.00543	0.00165	0.00416	0.05275	0.00481	0.00646
10	0.03544	0.00854	0.03159	0.00872	0.04212	0.05557	0.02150	0.06709	0.09190	0.03303	0.16993	0.04714	0.23512	0.03961	0.08862	0.00234	0.00484	0.00731	0.00420	0.00540
11	0.00706	0.00512	0.00717	0.00717	0.00780	0.00575	0.00524	0.00831	0.00768	0.01087	0.01383	0.02298	0.01388	0.26288	0.58397	0.00700	0.01076	0.00580	0.00273	0.00398
12	0.00981	0.07125	0.32276	0.03608	0.03803	0.02399	0.14602	0.01354	0.01104	0.02714	0.06717	0.04793	0.11697	0.00674	0.00515	0.00159	0.00599	0.03960	0.00298	0.00621

[dist]
# distance from previous block
# <min> <max>
0	1

[block]
# block no. 2 follows, 51 sequences, length 29
# corresponding to MSA columns:
# 232-260
name=unknown_C
#
# <colnr> <probs for GDERKNQSTAVLIFYWHMCP>
#	G	D	E	R	K	N	Q	S	T	A	V	L	I	F	Y	W	H	M	C	P
0	0.05696	0.01040	0.03556	0.30826	0.38209	0.01096	0.02629	0.01372	0.01066	0.01528	0.06157	0.01387	0.00973	0.00503	0.00504	0.00155	0.01934	0.00459	0.00256	0.00653
1	0.04482	0.52279	0.06875	0.00998	0.01396	0.19347	0.02385	0.04837	0.01141	0.01319	0.00739	0.00852	0.00638	0.00451	0.00365	0.00118	0.00619	0.00295	0.00236	0.00629
2	0.78801	0.03972	0.00823	0.00685	0.00991	0.05238	0.00565	0.01472	0.00871	0.02116	0.00688	0.00802	0.00541	0.00457	0.00312	0.00149	0.00411	0.00269	0.00298	0.00538
3	0.00848	0.00667	0.01004	0.12607	0.08637	0.00666	0.03988	0.01088	0.01226	0.05035	0.39983	0.04360	0.11627	0.01018	0.04922	0.00192	0.00421	0.00757	0.00431	0.00522
4	0.04308	0.01384	0.07149	0.06959	0.22875	0.14902	0.08921	0.04311	0.07816	0.01616	0.02978	0.03922	0.00957	0.00521	0.00477	0.00143	0.00609	0.00458	0.00294	0.09399
5	0.05605	0.00902	0.01234	0.03040	0.01176	0.01206	0.00895	0.01106	0.00773	0.01229	0.00865	0.01393	0.00843	0.06764	0.17429	0.00341	0.52332	0.00460	0.01905	0.00500
6	0.00732	0.00529	0.00719	0.00818	0.00917	0.00516	0.00677	0.00922	0.01102	0.01438	0.06286	0.21592	0.08262	0.01372	0.00657	0.00213	0.00393	0.51958	0.00458	0.00439
7	0.00945	0.00883	0.01481	0.71053	0.10117	0.01073	0.01332	0.01255	0.00984	0.01274	0.00907	0.01383	0.00714	0.03979	0.00576	0.00175	0.00641	0.00449	0.00224	0.00556
8	0.00751	0.00543	0.00741	0.00840	0.00948	0.00532	0.00712	0.00955	0.01118	0.01454	0.05505	0.14080	0.08516	0.01357	0.00662	0.00216	0.00411	0.59758	0.00456	0.00444
9	0.01116	0.01115	0.02063	0.21557	0.26755	0.01147	0.27151	0.03666	0.03091	0.01558	0.02355	0.04206	0.00910	0.00502	0.00526	0.00160	0.00661	0.00530	0.00265	0.00666
10	0.00714	0.00478	0.00544	0.00544	0.00546	0.00481	0.00307	0.00719	0.00717	0.00958	0.01542	0.03178	0.01770	0.80383	0.04825	0.00486	0.00501	0.00709	0.00297	0.00302
11	0.00744	0.00586	0.00862	0.00838	0.00914	0.00709	0.00656	0.00907	0.00784	0.01140	0.01249	0.01873	0.01180	0.05636	0.69759	0.00717	0.10223	0.00521	0.00259	0.00446
12	0.00617	0.00480	0.00561	0.00580	0.00696	0.00424	0.00420	0.00760	0.01147	0.01484	0.24713	0.25062	0.38785	0.01257	0.00593	0.00172	0.00254	0.01092	0.00479	0.00424
13	0.01174	0.01305	0.04669	0.02371	0.28489	0.01215	0.50149	0.01551	0.01143	0.01584	0.00968	0.01281	0.00753	0.00424	0.00545	0.00159	0.00743	0.00526	0.00246	0.00703
14	0.86201	0.00950	0.00722	0.00646	0.00950	0.01102	0.00532	0.01445	0.00836	0.02205	0.00684	0.00798	0.00532	0.00456	0.00304	0.00152	0.00380	0.00266	0.00304	0.00532
15	0.01152	0.00844	0.00918	0.00797	0.01040	0.00874	0.00626	0.21923	0.14585	0.06576	0.06798	0.07173	0.27661	0.02639	0.00576	0.00168	0.00369	0.01900	0.02764	0.00615
16	0.00895	0.00813	0.01331	0.66066	0.04485	0.00991	0.01195	0.01173	0.00949	0.01223	0.01042	0.01624	0.02150	0.10959	0.03010	0.00221	0.00643	0.00484	0.00234	0.00514
17	0.01393	0.01640	0.05858	0.15086	0.21849	0.31980	0.01218	0.02995	0.02588	0.01381	0.00846	0.01091	0.00694	0.00524	0.00583	0.00149	0.08856	0.00388	0.00247	0.00633
18	0.01174	0.01149	0.03763	0.21857	0.42724	0.01189	0.07688	0.06395	0.03929	0.01616	0.00963	0.01260	0.00767	0.00480	0.00528	0.00155	0.02942	0.00452	0.00261	0.00708
19	0.52853	0.00905	0.00888	0.00737	0.01071	0.00952	0.00608	0.01822	0.01063	0.33093	0.01182	0.01145	0.00804	0.00517	0.00380	0.00152	0.00395	0.00357	0.00425	0.00653
20	0.01156	0.00991	0.01051	0.00950	0.01212	0.01132	0.00737	0.02406	0.69788	0.02016	0.07512	0.02096	0.05348	0.00717	0.00509	0.00166	0.00371	0.00601	0.00501	0.00739
21	0.00775	0.00520	0.00682	0.00632	0.00762	0.00477	0.00477	0.01005	0.01392	0.06096	0.75310	0.03565	0.04456	0.00984	0.00575	0.00154	0.00242	0.00868	0.00545	0.00483
22	0.01107	0.01401	0.13592	0.01397	0.01637	0.08096	0.15752	0.01369	0.02074	0.01328	0.00907	0.01244	0.02140	0.00907	0.07197	0.00232	0.38341	0.00459	0.00236	0.00586
23	0.00768	0.00473	0.00623	0.00683	0.00755	0.00437	0.00474	0.00884	0.01029	0.08354	0.09728	0.63535	0.03091	0.01355	0.00596	0.00187	0.00289	0.01219	0.05074	0.00447
24	0.01073	0.24015	0.59478	0.01251	0.01896	0.01356	0.01556	0.01534	0.01027	0.01450	0.00829	0.00971	0.00625	0.00454	0.00426	0.00142	0.00673	0.00336	0.00208	0.00701
25	0.00911	0.00662	0.00885	0.00953	0.05283	0.00663	0.00737	0.09010	0.01318	0.02953	0.23316	0.08470	0.03002	0.01130	0.00616	0.00192	0.00399	0.38513	0.00472	0.00516
26	0.01032	0.01015	0.03314	0.24940	0.35933	0.01036	0.08180	0.01333	0.01093	0.01499	0.06925	0.01701	0.05071	0.00643	0.02810	0.00174	0.00605	0.01779	0.00273	0.00644
27	0.01116	0.01992	0.46777	0.06234	0.07165	0.05453	0.14889	0.01573	0.01096	0.04851	0.01002	0.02581	0.00763	0.00498	0.00495	0.00157	0.00714	0.01704	0.00245	0.00694
28	0.08244	0.11075	0.01448	0.01130	0.01417	0.53248	0.00883	0.07446	0.05236	0.02899	0.02162	0.00998	0.00760	0.00517	0.00428	0.00131	0.00737	0.00340	0.00293	0.00607

[dist]
# distance from previous block
# <min> <max>
0	20

[block]
# block no. 3 follows, 51 sequences, length 17
# corresponding to MSA columns:
# 281-297
name=unknown_D
#
# <colnr> <probs for GDERKNQSTAVLIFYWHMCP>
#	G	D	E	R	K	N	Q	S	T	A	V	L	I	F	Y	W	H	M	C	P
0	0.01392	0.26475	0.20263	0.01258	0.10243	0.02408	0.01125	0.11781	0.04184	0.10950	0.01046	0.01119	0.00790	0.00490	0.00425	0.00135	0.00558	0.00374	0.02055	0.02930
1	0.01541	0.09185	0.01539	0.01310	0.12124	0.04658	0.02388	0.36616	0.04698	0.07246	0.01180	0.01326	0.00915	0.02540	0.10291	0.00228	0.00644	0.00445	0.00392	0.00732
2	0.75551	0.01010	0.00832	0.04705	0.03971	0.04296	0.00625	0.01458	0.00876	0.02096	0.00705	0.00842	0.00551	0.00459	0.00325	0.00151	0.00421	0.00283	0.00296	0.00543
3	0.07621	0.14987	0.04507	0.02737	0.16499	0.32603	0.01025	0.06096	0.01257	0.01506	0.04638	0.01096	0.00861	0.00510	0.00454	0.00135	0.02194	0.00368	0.00273	0.00632
4	0.00720	0.00516	0.00729	0.02114	0.00837	0.00571	0.00555	0.00841	0.00802	0.01117	0.01491	0.05053	0.01527	0.21454	0.48302	0.04784	0.00963	0.06937	0.00290	0.00397
5	0.00934	0.07867	0.42657	0.01189	0.01677	0.01000	0.07875	0.01345	0.01116	0.01585	0.16158	0.05432	0.02992	0.00678	0.00509	0.00159	0.00581	0.05315	0.00306	0.00627
6	0.00742	0.00544	0.00802	0.06554	0.01024	0.00631	0.00638	0.00935	0.00831	0.01226	0.01316	0.01875	0.01191	0.03109	0.66040	0.00669	0.01148	0.00512	0.09765	0.00449
7	0.01124	0.00998	0.01395	0.57712	0.04246	0.06788	0.01202	0.05537	0.04236	0.06348	0.01195	0.01481	0.04578	0.00548	0.00493	0.00159	0.00619	0.00466	0.00283	0.00589
8	0.00767	0.00578	0.00812	0.00790	0.00903	0.00657	0.00617	0.05720	0.00909	0.01277	0.01571	0.02084	0.06824	0.03316	0.69968	0.00705	0.01191	0.00558	0.00292	0.00462
9	0.00598	0.00432	0.00566	0.00674	0.00710	0.00400	0.00452	0.00685	0.00951	0.01259	0.02836	0.78054	0.07523	0.01523	0.00625	0.00198	0.00283	0.01377	0.00456	0.00400
10	0.00797	0.00510	0.00639	0.00633	0.00694	0.00513	0.00423	0.00868	0.00834	0.06733	0.01878	0.11957	0.06802	0.44272	0.19866	0.00473	0.00627	0.00755	0.00341	0.00388
11	0.00684	0.00504	0.00642	0.00612	0.00734	0.00461	0.00462	0.00903	0.01351	0.01878	0.68150	0.03854	0.13660	0.01044	0.00583	0.00158	0.00240	0.03096	0.00528	0.00457
12	0.01074	0.01355	0.12864	0.01824	0.07079	0.01115	0.50094	0.01492	0.03274	0.01577	0.04308	0.07274	0.01141	0.00558	0.00563	0.00167	0.00715	0.02596	0.00281	0.00650
13	0.00645	0.00465	0.00613	0.00671	0.00739	0.00433	0.00479	0.00792	0.01115	0.01520	0.29431	0.47742	0.05793	0.01333	0.00613	0.00185	0.00277	0.06243	0.00485	0.00426
14	0.01318	0.55704	0.07527	0.01084	0.05231	0.10323	0.04691	0.01523	0.01059	0.01258	0.00744	0.00877	0.00649	0.00430	0.00364	0.00114	0.00586	0.00301	0.00223	0.05995
15	0.01244	0.47956	0.04455	0.06040	0.01422	0.05517	0.00933	0.04451	0.02186	0.01271	0.00784	0.00992	0.00698	0.00744	0.06290	0.00180	0.13660	0.00337	0.00233	0.00607
16	0.00710	0.00532	0.00698	0.00725	0.00801	0.01919	0.00540	0.00840	0.00902	0.01220	0.06150	0.16693	0.07543	0.12473	0.35313	0.03097	0.00778	0.08307	0.00347	0.00411

[dist]
# distance from previous block
# <min> <max>
0	2

[block]
# block no. 4 follows, 51 sequences, length 16
# corresponding to MSA columns:
# 300-303,306-317
name=unknown_E
#
# <colnr> <probs for GDERKNQSTAVLIFYWHMCP>
#	G	D	E	R	K	N	Q	S	T	A	V	L	I	F	Y	W	H	M	C	P
0	0.08035	0.04834	0.03149	0.04396	0.10481	0.11787	0.03293	0.09934	0.35104	0.01915	0.01368	0.01390	0.01045	0.00565	0.00468	0.00153	0.00529	0.00455	0.00384	0.00717
1	0.01023	0.00841	0.00986	0.00988	0.07204	0.00894	0.00698	0.01810	0.39031	0.03645	0.23413	0.02584	0.10938	0.00796	0.00526	0.00159	0.00346	0.00683	0.00483	0.02954
2	0.00608	0.00496	0.00519	0.00515	0.00657	0.00427	0.00374	0.00730	0.01103	0.01353	0.12521	0.04443	0.62601	0.10540	0.00800	0.00200	0.00273	0.00984	0.00447	0.00407
3	0.00701	0.00575	0.00755	0.00794	0.06586	0.00520	0.02706	0.00896	0.01240	0.01641	0.37023	0.03937	0.36298	0.01060	0.00576	0.00161	0.00289	0.03299	0.00472	0.00471
4	0.00605	0.00462	0.00556	0.00610	0.00698	0.00413	0.00428	0.00723	0.01062	0.01372	0.13376	0.44909	0.30281	0.01367	0.00605	0.00182	0.00266	0.01205	0.00467	0.00413
5	0.00986	0.02542	0.80183	0.01401	0.02127	0.01141	0.01816	0.01556	0.01038	0.01556	0.00882	0.01038	0.00623	0.00467	0.00467	0.00156	0.00726	0.00363	0.00208	0.00726
6	0.01339	0.79163	0.02519	0.00861	0.01274	0.05717	0.00846	0.01495	0.01017	0.01158	0.00687	0.00793	0.00631	0.00425	0.00321	0.00106	0.00543	0.00265	0.00212	0.00628
7	0.01836	0.02342	0.01393	0.01266	0.01519	0.80756	0.00950	0.01962	0.01393	0.01203	0.00760	0.00886	0.00633	0.00506	0.00443	0.00127	0.00886	0.00317	0.00253	0.00570
8	0.00955	0.00911	0.01565	0.68399	0.05278	0.01090	0.07339	0.01316	0.03204	0.01335	0.03316	0.01396	0.00811	0.00504	0.00501	0.00163	0.00646	0.00465	0.00239	0.00566
9	0.02756	0.08834	0.10204	0.01131	0.06024	0.08763	0.02490	0.08305	0.01233	0.23569	0.01344	0.06930	0.01091	0.04515	0.05544	0.00206	0.05508	0.00501	0.00379	0.00671
10	0.02860	0.10095	0.13736	0.03322	0.08632	0.07107	0.10457	0.03381	0.13190	0.07954	0.04420	0.03581	0.01132	0.03449	0.02561	0.00176	0.00593	0.00488	0.00332	0.02536
11	0.01092	0.18740	0.13415	0.03181	0.12539	0.04242	0.08214	0.03698	0.05391	0.01512	0.06940	0.12322	0.01436	0.00735	0.01988	0.00164	0.00561	0.02894	0.00310	0.00627
12	0.04294	0.17327	0.05262	0.04719	0.09263	0.03680	0.02624	0.11037	0.02987	0.01696	0.07326	0.01521	0.04646	0.00576	0.00500	0.00134	0.04730	0.02106	0.00318	0.15251
13	0.01325	0.06325	0.03048	0.01211	0.07928	0.03259	0.07886	0.12459	0.10339	0.11210	0.05060	0.03593	0.05061	0.00650	0.00567	0.00150	0.05980	0.03208	0.00390	0.10351
14	0.01275	0.02941	0.01217	0.01098	0.07376	0.07780	0.02474	0.15317	0.08466	0.06888	0.06608	0.06844	0.04832	0.00811	0.02836	0.02195	0.02931	0.04131	0.00394	0.13586
15	0.03028	0.04550	0.03400	0.03466	0.10878	0.10195	0.06047	0.16847	0.10190	0.06847	0.03137	0.03014	0.05068	0.02494	0.02169	0.00165	0.00558	0.00494	0.00372	0.07081

[dist]
# distance from previous block
# <min> <max>
3	28

# created by:
# /st0/software/busco_prod/Augustus/scripts/msa2prfl.pl ./align_prep/139026.fa
