[name]
unknown

[dist]
# distance from previous block
# <min> <max>
0	35

[block]
# block no. 0 follows, 67 sequences, length 9
# corresponding to MSA columns:
# 35-43
name=unknown_A
#
# <colnr> <probs for GDERKNQSTAVLIFYWHMCP>
#	G	D	E	R	K	N	Q	S	T	A	V	L	I	F	Y	W	H	M	C	P
0	0.01443	0.00713	0.00908	0.00681	0.01008	0.00600	0.00557	0.05235	0.01069	0.50762	0.01245	0.01157	0.00837	0.00425	0.00365	0.00101	0.00330	0.00343	0.00400	0.31822
1	0.00860	0.55694	0.01499	0.00587	0.00856	0.01144	0.00551	0.00979	0.00850	0.00993	0.01802	0.01786	0.29896	0.00582	0.00334	0.00103	0.00349	0.00439	0.00243	0.00452
2	0.00774	0.01196	0.30549	0.55179	0.02398	0.00905	0.01244	0.01112	0.00818	0.01112	0.00715	0.00990	0.00525	0.00394	0.00394	0.00131	0.00555	0.00335	0.00175	0.00498
3	0.00489	0.00349	0.00465	0.00558	0.00582	0.00326	0.00372	0.00558	0.00768	0.01024	0.02210	0.85644	0.02653	0.01256	0.00512	0.00163	0.00233	0.01140	0.00372	0.00326
4	0.01175	0.01234	0.00988	0.00893	0.01113	0.30582	0.00685	0.01943	0.53718	0.01430	0.01273	0.01222	0.00973	0.00498	0.00392	0.00124	0.00462	0.00384	0.00337	0.00574
5	0.00779	0.00842	0.01670	0.01234	0.01544	0.00774	0.52950	0.01033	0.00935	0.01213	0.01966	0.02068	0.29957	0.00579	0.00474	0.00135	0.00508	0.00606	0.00263	0.00469
6	0.00489	0.00349	0.00465	0.00558	0.00582	0.00326	0.00372	0.00558	0.00768	0.01024	0.02210	0.85644	0.02653	0.01256	0.00512	0.00163	0.00233	0.01140	0.00372	0.00326
7	0.00784	0.00822	0.01691	0.01288	0.01558	0.00770	0.52974	0.01027	0.00883	0.01192	0.01308	0.31116	0.01334	0.00664	0.00487	0.00145	0.00519	0.00710	0.00263	0.00464
8	0.00886	0.51894	0.05199	0.00618	0.00851	0.01132	0.00565	0.00985	0.00734	0.00899	0.00816	0.01356	0.00849	0.30734	0.00897	0.00195	0.00422	0.00349	0.00197	0.00422

[dist]
# distance from previous block
# <min> <max>
3	7

[block]
# block no. 1 follows, 67 sequences, length 33
# corresponding to MSA columns:
# 51-72,74-84
name=unknown_B
#
# <colnr> <probs for GDERKNQSTAVLIFYWHMCP>
#	G	D	E	R	K	N	Q	S	T	A	V	L	I	F	Y	W	H	M	C	P
0	0.00936	0.01064	0.02321	0.01663	0.02060	0.00998	0.79986	0.01267	0.00942	0.01278	0.00845	0.03114	0.00658	0.00360	0.00474	0.00136	0.00665	0.00489	0.00207	0.00536
1	0.01799	0.00683	0.00931	0.00714	0.01024	0.00589	0.00589	0.01954	0.01148	0.83682	0.01582	0.01365	0.00993	0.00496	0.00403	0.00124	0.00341	0.00403	0.00496	0.00683
2	0.00858	0.18757	0.67611	0.01052	0.01596	0.01061	0.01324	0.01256	0.00840	0.01205	0.00688	0.00806	0.00509	0.00374	0.00356	0.00119	0.00560	0.00280	0.00170	0.00577
3	0.00922	0.00963	0.01098	0.00969	0.01018	0.15050	0.00786	0.01023	0.00708	0.00961	0.00650	0.00989	0.00618	0.01106	0.17456	0.00255	0.54459	0.00351	0.00188	0.00427
4	0.00579	0.00390	0.00444	0.00447	0.00452	0.00390	0.00256	0.00587	0.00596	0.00794	0.01332	0.04648	0.02989	0.79500	0.04709	0.00387	0.00404	0.00597	0.00248	0.00251
5	0.00748	0.00374	0.00374	0.00374	0.00467	0.00374	0.00280	0.00934	0.00841	0.01495	0.01308	0.01495	0.01028	0.00467	0.00280	0.00093	0.00187	0.00374	0.88132	0.00374
6	0.01498	0.01911	0.01137	0.01033	0.01240	0.84295	0.00775	0.01601	0.01137	0.00982	0.00620	0.00723	0.00517	0.00413	0.00362	0.00103	0.00723	0.00258	0.00207	0.00465
7	0.01563	0.01061	0.01165	0.00893	0.01213	0.01152	0.00738	0.70796	0.01782	0.13945	0.01050	0.01019	0.00726	0.00484	0.00401	0.00121	0.00427	0.00367	0.00415	0.00682
8	0.00502	0.00407	0.00445	0.00436	0.00559	0.00350	0.00327	0.00629	0.00980	0.01239	0.27597	0.03603	0.59610	0.00957	0.00474	0.00133	0.00199	0.00810	0.00393	0.00350
9	0.88738	0.00776	0.00589	0.00527	0.00776	0.00900	0.00434	0.01179	0.00683	0.01799	0.00558	0.00651	0.00434	0.00372	0.00248	0.00124	0.00310	0.00217	0.00248	0.00434
10	0.00492	0.00406	0.00418	0.00415	0.00545	0.00344	0.00311	0.00605	0.00933	0.01147	0.11548	0.03698	0.72900	0.00979	0.00467	0.00133	0.00201	0.00819	0.03296	0.00344
11	0.00487	0.00357	0.00457	0.00537	0.00576	0.00328	0.00363	0.00561	0.00788	0.01032	0.02471	0.74138	0.13990	0.01223	0.00507	0.00159	0.00229	0.01099	0.00372	0.00328
12	0.00947	0.01082	0.02366	0.01690	0.02096	0.01014	0.81947	0.01285	0.00947	0.01285	0.00811	0.01082	0.00609	0.00338	0.00473	0.00135	0.00676	0.00473	0.00203	0.00541
13	0.00947	0.01082	0.02366	0.01690	0.02096	0.01014	0.81947	0.01285	0.00947	0.01285	0.00811	0.01082	0.00609	0.00338	0.00473	0.00135	0.00676	0.00473	0.00203	0.00541
14	0.01832	0.00524	0.00622	0.00598	0.00684	0.01622	0.00442	0.02002	0.13318	0.01130	0.01226	0.01801	0.01140	0.23039	0.30927	0.00377	0.03256	0.01440	0.13638	0.00383
15	0.01602	0.00999	0.01126	0.00864	0.01182	0.01059	0.00713	0.59430	0.01677	0.25459	0.01138	0.01077	0.00770	0.00486	0.00402	0.00121	0.00413	0.00373	0.00428	0.00682
16	0.00943	0.00739	0.00829	0.00725	0.00924	0.04061	0.02202	0.08237	0.29259	0.07087	0.13373	0.06053	0.04535	0.02269	0.07338	0.00173	0.00387	0.02010	0.01820	0.07037
17	0.00832	0.00713	0.00832	0.00594	0.00950	0.00535	0.00475	0.01010	0.00832	0.01307	0.00713	0.00832	0.00594	0.00297	0.00297	0.00059	0.00297	0.00238	0.00238	0.88357
18	0.03299	0.01090	0.01173	0.00903	0.01220	0.01201	0.00745	0.75097	0.03339	0.06375	0.00997	0.00986	0.00702	0.00481	0.00398	0.00121	0.00432	0.00362	0.00403	0.00676
19	0.00979	0.00939	0.01604	0.07145	0.78825	0.00949	0.01224	0.01219	0.00907	0.01294	0.00752	0.00997	0.00630	0.00360	0.00397	0.00120	0.00480	0.00357	0.00197	0.00624
20	0.00572	0.00384	0.00441	0.00452	0.00454	0.00381	0.00258	0.00580	0.00605	0.00806	0.01374	0.12298	0.01597	0.76043	0.01863	0.00362	0.00371	0.00648	0.00258	0.00253
21	0.01097	0.00814	0.00940	0.00704	0.01028	0.00745	0.00571	0.21621	0.03137	0.09447	0.02934	0.00987	0.00747	0.00392	0.00368	0.00088	0.02589	0.00305	0.00311	0.51175
22	0.70701	0.01010	0.00703	0.00632	0.00872	0.18142	0.00505	0.01266	0.00776	0.01630	0.00571	0.00666	0.00451	0.00381	0.00272	0.00120	0.00396	0.00226	0.00240	0.00441
23	0.06650	0.00430	0.00467	0.00453	0.00489	0.00429	0.00270	0.00644	0.00609	0.00881	0.01243	0.03770	0.02498	0.73385	0.01788	0.00348	0.00374	0.00554	0.00247	0.04470
24	0.01062	0.67392	0.14592	0.00773	0.01153	0.01463	0.00814	0.06769	0.00893	0.01103	0.00610	0.00697	0.00525	0.00358	0.00286	0.00094	0.00455	0.00237	0.00187	0.00538
25	0.00810	0.00741	0.01203	0.79168	0.02658	0.00915	0.01090	0.06594	0.00876	0.01128	0.00730	0.01062	0.00545	0.00406	0.00401	0.00133	0.00528	0.00357	0.00194	0.00462
26	0.11701	0.00890	0.00865	0.00731	0.00966	0.06119	0.00582	0.30038	0.17346	0.01829	0.07038	0.01722	0.17301	0.00604	0.00401	0.00126	0.00355	0.00475	0.00369	0.00541
27	0.77884	0.00800	0.00632	0.00559	0.00803	0.02563	0.00457	0.05708	0.00781	0.01815	0.04532	0.00782	0.00610	0.00401	0.00270	0.00124	0.00320	0.00250	0.00265	0.00446
28	0.01288	0.01013	0.01045	0.00842	0.01115	0.05288	0.00673	0.46069	0.20791	0.03546	0.01118	0.01189	0.00855	0.06350	0.00506	0.00137	0.00410	0.00385	0.00372	0.07007
29	0.00957	0.00899	0.01718	0.01250	0.01598	0.00819	0.49413	0.02717	0.00939	0.06867	0.00948	0.05119	0.00759	0.00396	0.00421	0.00118	0.00520	0.00445	0.06284	0.17812
30	0.03442	0.00906	0.01220	0.00995	0.01266	0.00988	0.18142	0.03785	0.57680	0.04889	0.01408	0.01366	0.01048	0.00492	0.00417	0.00135	0.00398	0.00447	0.00363	0.00612
31	0.03329	0.00745	0.00946	0.00689	0.01038	0.00602	0.06405	0.01144	0.04124	0.06995	0.00812	0.00908	0.00643	0.00326	0.00320	0.00074	0.00329	0.00274	0.00260	0.70037
32	0.06981	0.00972	0.01588	0.01210	0.01478	0.05205	0.38115	0.06361	0.04196	0.01332	0.02380	0.04277	0.05412	0.00500	0.00579	0.00136	0.14594	0.00457	0.00244	0.03982

[dist]
# distance from previous block
# <min> <max>
1	29

[block]
# block no. 2 follows, 67 sequences, length 36
# corresponding to MSA columns:
# 114-149
name=unknown_C
#
# <colnr> <probs for GDERKNQSTAVLIFYWHMCP>
#	G	D	E	R	K	N	Q	S	T	A	V	L	I	F	Y	W	H	M	C	P
0	0.00915	0.01030	0.02211	0.01587	0.01973	0.00961	0.75031	0.01237	0.00948	0.01286	0.03149	0.01240	0.04010	0.00377	0.00470	0.00134	0.00637	0.00491	0.00217	0.02094
1	0.00856	0.16752	0.67305	0.01054	0.01594	0.01048	0.01320	0.01281	0.03036	0.01224	0.00716	0.00829	0.00528	0.00379	0.00360	0.00120	0.00557	0.00286	0.00176	0.00580
2	0.01051	0.79497	0.08566	0.00722	0.01085	0.01535	0.00749	0.01206	0.00817	0.00969	0.00570	0.00659	0.00514	0.00346	0.00267	0.00089	0.00442	0.00221	0.00171	0.00521
3	0.00573	0.00429	0.00639	0.00639	0.00709	0.00498	0.00494	0.00713	0.00643	0.00927	0.01079	0.01604	0.01015	0.05242	0.82098	0.00638	0.01056	0.00434	0.00216	0.00355
4	0.01485	0.00640	0.00846	0.00667	0.00940	0.00558	0.00542	0.01673	0.03541	0.60978	0.13315	0.01669	0.04675	0.00552	0.00410	0.00121	0.00310	0.00458	0.00465	0.06156
5	0.01087	0.00896	0.01618	0.01228	0.01509	0.00908	0.38661	0.04629	0.04797	0.16962	0.02315	0.03367	0.00917	0.00520	0.00584	0.00142	0.12867	0.06157	0.00292	0.00543
6	0.00494	0.00353	0.00472	0.00565	0.00591	0.00331	0.00382	0.00568	0.00773	0.01030	0.02207	0.82712	0.02640	0.01251	0.00513	0.00164	0.00238	0.04016	0.00372	0.00327
7	0.00583	0.00389	0.00437	0.00437	0.00437	0.00389	0.00243	0.00583	0.00583	0.00778	0.01264	0.02624	0.01458	0.85906	0.02041	0.00389	0.00389	0.00583	0.00243	0.00243
8	0.01646	0.00783	0.00976	0.00764	0.01065	0.00758	0.00626	0.16084	0.11906	0.58701	0.01480	0.01311	0.00968	0.00500	0.00404	0.00125	0.00356	0.00402	0.00468	0.00676
9	0.01029	0.00914	0.01125	0.00939	0.01194	0.03669	0.12819	0.04302	0.59810	0.04233	0.01543	0.01474	0.04050	0.00523	0.00418	0.00134	0.00385	0.00460	0.00372	0.00607
10	0.00489	0.00349	0.00465	0.00558	0.00582	0.00326	0.00372	0.00558	0.00768	0.01024	0.02210	0.85644	0.02653	0.01256	0.00512	0.00163	0.00233	0.01140	0.00372	0.00326
11	0.00474	0.00406	0.00406	0.00406	0.00542	0.00339	0.00305	0.00576	0.00914	0.01083	0.04063	0.03860	0.83241	0.01016	0.00474	0.00135	0.00203	0.00846	0.00372	0.00339
12	0.03169	0.00841	0.00987	0.00787	0.01075	0.00864	0.00640	0.24502	0.19303	0.39305	0.03304	0.01305	0.01011	0.00508	0.00402	0.00126	0.00360	0.00406	0.00444	0.00660
13	0.00757	0.00713	0.01203	0.84942	0.02762	0.00891	0.01114	0.01025	0.00802	0.01025	0.00713	0.01069	0.00535	0.00401	0.00401	0.00134	0.00535	0.00356	0.00178	0.00446
14	0.00769	0.00413	0.00421	0.00412	0.00515	0.00423	0.00312	0.02387	0.04961	0.01509	0.01313	0.01488	0.01031	0.00532	0.02284	0.00109	0.00219	0.00379	0.80131	0.00392
15	0.01782	0.00710	0.00948	0.00727	0.01038	0.00631	0.00600	0.07011	0.01194	0.78559	0.01543	0.01340	0.00973	0.00495	0.00403	0.00124	0.00348	0.00401	0.00490	0.00682
16	0.00979	0.00939	0.01603	0.07325	0.78649	0.00949	0.01224	0.01219	0.00907	0.01293	0.00752	0.00997	0.00629	0.00360	0.00397	0.00120	0.00480	0.00357	0.00197	0.00624
17	0.01072	0.86147	0.02102	0.00686	0.01029	0.01587	0.00686	0.01201	0.00815	0.00944	0.00558	0.00643	0.00515	0.00343	0.00257	0.00086	0.00429	0.00214	0.00172	0.00515
18	0.00474	0.00406	0.00406	0.00406	0.00542	0.00339	0.00305	0.00576	0.00914	0.01083	0.04063	0.03860	0.83241	0.01016	0.00474	0.00135	0.00203	0.00846	0.00372	0.00339
19	0.01072	0.86147	0.02102	0.00686	0.01029	0.01587	0.00686	0.01201	0.00815	0.00944	0.00558	0.00643	0.00515	0.00343	0.00257	0.00086	0.00429	0.00214	0.00172	0.00515
20	0.01027	0.00765	0.00902	0.00781	0.01003	0.00831	0.03854	0.01826	0.53650	0.12792	0.16258	0.01731	0.01628	0.00579	0.00422	0.00133	0.00312	0.00496	0.00418	0.00591
21	0.00488	0.00351	0.00464	0.00554	0.00580	0.00326	0.00370	0.00559	0.00772	0.01026	0.02268	0.83094	0.05165	0.01249	0.00511	0.00162	0.00232	0.01131	0.00372	0.00326
22	0.00474	0.00406	0.00406	0.00406	0.00542	0.00339	0.00305	0.00576	0.00914	0.01083	0.04063	0.03860	0.83241	0.01016	0.00474	0.00135	0.00203	0.00846	0.00372	0.00339
23	0.00848	0.15836	0.70450	0.01068	0.01620	0.01039	0.01352	0.01259	0.00842	0.01217	0.00693	0.00813	0.00509	0.00375	0.00361	0.00120	0.00566	0.00283	0.00170	0.00580
24	0.01525	0.01123	0.01204	0.00923	0.01244	0.01244	0.00762	0.82067	0.01886	0.02528	0.00963	0.00963	0.00682	0.00481	0.00401	0.00120	0.00441	0.00361	0.00401	0.00682
25	0.00489	0.00349	0.00465	0.00558	0.00582	0.00326	0.00372	0.00558	0.00768	0.01024	0.02210	0.85644	0.02653	0.01256	0.00512	0.00163	0.00233	0.01140	0.00372	0.00326
26	0.00832	0.00713	0.00832	0.00594	0.00950	0.00535	0.00475	0.01010	0.00832	0.01307	0.00713	0.00832	0.00594	0.00297	0.00297	0.00059	0.00297	0.00238	0.00238	0.88357
27	0.01526	0.01345	0.01174	0.00949	0.01235	0.26169	0.00760	0.55161	0.01635	0.04833	0.00881	0.00905	0.00643	0.00461	0.00389	0.00115	0.00523	0.00332	0.00346	0.00617
28	0.00871	0.22892	0.63591	0.01030	0.01561	0.01094	0.01285	0.01253	0.00839	0.01189	0.00680	0.00796	0.00510	0.00372	0.00350	0.00117	0.00552	0.00276	0.00170	0.00573
29	0.00907	0.34391	0.52413	0.00967	0.01464	0.01183	0.01176	0.01243	0.00834	0.01145	0.00657	0.00769	0.00511	0.00366	0.00333	0.00111	0.00530	0.00265	0.00170	0.00563
30	0.01504	0.01165	0.01181	0.00923	0.01231	0.07550	0.00755	0.71095	0.05400	0.03685	0.00976	0.00975	0.00699	0.00479	0.00399	0.00120	0.00456	0.00358	0.00388	0.00663
31	0.01490	0.01106	0.01184	0.00916	0.01231	0.01228	0.00754	0.76874	0.07134	0.02472	0.01006	0.00998	0.00717	0.00486	0.00402	0.00121	0.00433	0.00367	0.00402	0.00679
32	0.00968	0.00897	0.01215	0.00984	0.01244	0.04822	0.20046	0.04352	0.38348	0.03434	0.02729	0.01678	0.08956	0.00550	0.00441	0.00133	0.01433	0.03698	0.00338	0.03733
33	0.00851	0.16832	0.69482	0.01063	0.01612	0.01046	0.01342	0.01258	0.00841	0.01213	0.00691	0.00811	0.00509	0.00374	0.00359	0.00120	0.00564	0.00282	0.00170	0.00579
34	0.00516	0.00369	0.00487	0.00572	0.00604	0.00350	0.00390	0.02280	0.00797	0.01061	0.02181	0.81069	0.02599	0.01235	0.00511	0.00163	0.00242	0.03865	0.00373	0.00335
35	0.00947	0.01082	0.02366	0.01690	0.02096	0.01014	0.81947	0.01285	0.00947	0.01285	0.00811	0.01082	0.00609	0.00338	0.00473	0.00135	0.00676	0.00473	0.00203	0.00541

[dist]
# distance from previous block
# <min> <max>
0	9

[block]
# block no. 3 follows, 67 sequences, length 47
# corresponding to MSA columns:
# 159-205
name=unknown_D
#
# <colnr> <probs for GDERKNQSTAVLIFYWHMCP>
#	G	D	E	R	K	N	Q	S	T	A	V	L	I	F	Y	W	H	M	C	P
0	0.00728	0.00680	0.00645	0.00623	0.00723	0.15256	0.00463	0.00873	0.01032	0.01336	0.44636	0.17589	0.06558	0.00831	0.00486	0.00131	0.03126	0.01987	0.01909	0.00384
1	0.01359	0.00950	0.03042	0.01196	0.01555	0.02312	0.38293	0.08375	0.01111	0.35834	0.01141	0.01180	0.00772	0.00418	0.00434	0.00129	0.00516	0.00428	0.00342	0.00612
2	0.01489	0.01068	0.01149	0.00886	0.01194	0.01176	0.00730	0.75175	0.01805	0.04810	0.01000	0.01005	0.00711	0.00481	0.00394	0.00119	0.00424	0.00363	0.05357	0.00665
3	0.00489	0.00349	0.00465	0.00558	0.00582	0.00326	0.00372	0.00558	0.00768	0.01024	0.02210	0.85644	0.02653	0.01256	0.00512	0.00163	0.00233	0.01140	0.00372	0.00326
4	0.00947	0.00892	0.01433	0.44445	0.17401	0.03116	0.11915	0.11553	0.01998	0.01313	0.00775	0.01039	0.00590	0.00397	0.00409	0.00129	0.00533	0.00372	0.00218	0.00527
5	0.00736	0.00671	0.01084	0.46028	0.07845	0.00776	0.04600	0.00971	0.02020	0.01135	0.08187	0.07222	0.07006	0.00567	0.00474	0.00136	0.05286	0.01890	0.02924	0.00441
6	0.00489	0.00349	0.00465	0.00558	0.00582	0.00326	0.00372	0.00558	0.00768	0.01024	0.02210	0.85644	0.02653	0.01256	0.00512	0.00163	0.00233	0.01140	0.00372	0.00326
7	0.00804	0.02074	0.83828	0.01143	0.01736	0.00931	0.01482	0.01270	0.00847	0.01270	0.00720	0.00847	0.00508	0.00381	0.00381	0.00127	0.00593	0.00296	0.00169	0.00593
8	0.00931	0.01006	0.11675	0.03759	0.03675	0.03185	0.34417	0.02276	0.03645	0.09164	0.07464	0.07864	0.06399	0.00536	0.00449	0.00134	0.00504	0.02118	0.00280	0.00518
9	0.00840	0.13369	0.72848	0.01082	0.01641	0.01019	0.01375	0.01261	0.00842	0.01226	0.00698	0.00819	0.00509	0.00376	0.00364	0.00121	0.00571	0.00285	0.00170	0.00582
10	0.01499	0.01890	0.01138	0.01030	0.01240	0.82026	0.00775	0.03801	0.01157	0.01024	0.00629	0.00730	0.00521	0.00415	0.00363	0.00104	0.00716	0.00261	0.00212	0.00471
11	0.00918	0.01004	0.02087	0.12019	0.12143	0.00975	0.60135	0.01229	0.00922	0.01250	0.00846	0.02135	0.01561	0.00367	0.00455	0.00133	0.00623	0.00457	0.00203	0.00536
12	0.05533	0.05945	0.57771	0.01073	0.03757	0.00931	0.03444	0.06377	0.00903	0.01344	0.00859	0.07350	0.00715	0.00462	0.00385	0.00128	0.00528	0.01725	0.00209	0.00562
13	0.01594	0.00864	0.09832	0.02091	0.01137	0.00691	0.00704	0.04780	0.08484	0.63229	0.01458	0.01302	0.00943	0.00486	0.00401	0.00125	0.00373	0.00394	0.00445	0.00665
14	0.21238	0.00751	0.00884	0.00694	0.00992	0.00729	0.00573	0.10372	0.01123	0.56643	0.01287	0.01162	0.00834	0.00467	0.00368	0.00124	0.00345	0.00357	0.00431	0.00627
15	0.00848	0.09393	0.56151	0.06152	0.09077	0.00985	0.07667	0.01233	0.00853	0.01226	0.00745	0.02558	0.00572	0.00391	0.00382	0.00124	0.00563	0.00329	0.00179	0.00571
16	0.00903	0.05200	0.02961	0.40086	0.11085	0.06167	0.25532	0.01174	0.00880	0.01131	0.00734	0.01018	0.00565	0.00375	0.00412	0.00128	0.00579	0.00378	0.00189	0.00502
17	0.00489	0.00349	0.00465	0.00558	0.00582	0.00326	0.00372	0.00558	0.00768	0.01024	0.02210	0.85644	0.02653	0.01256	0.00512	0.00163	0.00233	0.01140	0.00372	0.00326
18	0.00856	0.07772	0.74238	0.01107	0.01664	0.05053	0.01393	0.01282	0.00859	0.01234	0.00704	0.00827	0.00509	0.00380	0.00372	0.00123	0.00588	0.00289	0.00171	0.00581
19	0.00923	0.06718	0.61723	0.01042	0.01547	0.00894	0.03415	0.01305	0.00884	0.11028	0.02073	0.05081	0.00721	0.00440	0.00387	0.00126	0.00532	0.00356	0.00223	0.00581
20	0.02498	0.00513	0.04590	0.00522	0.00659	0.00427	0.00423	0.00790	0.03747	0.01464	0.54501	0.03010	0.23707	0.00829	0.00462	0.00129	0.00219	0.00715	0.00405	0.00388
21	0.02559	0.00432	0.00557	0.00516	0.00625	0.00401	0.00390	0.00827	0.01126	0.05784	0.77237	0.02862	0.03569	0.00794	0.00465	0.00126	0.00200	0.00698	0.00440	0.00395
22	0.00870	0.00818	0.03861	0.46699	0.18408	0.00877	0.08533	0.01124	0.00850	0.05502	0.00836	0.03977	0.00670	0.00458	0.01359	0.00137	0.02579	0.00396	0.01542	0.00503
23	0.00959	0.00955	0.01637	0.24433	0.32950	0.03538	0.20172	0.05543	0.00941	0.01272	0.00757	0.01021	0.00597	0.00384	0.00443	0.00128	0.03133	0.00381	0.00204	0.00553
24	0.88738	0.00776	0.00589	0.00527	0.00776	0.00900	0.00434	0.01179	0.00683	0.01799	0.00558	0.00651	0.00434	0.00372	0.00248	0.00124	0.00310	0.00217	0.00248	0.00434
25	0.00837	0.01850	0.65421	0.01267	0.01817	0.00950	0.19663	0.01273	0.00869	0.01273	0.00740	0.00900	0.00531	0.00371	0.00402	0.00129	0.00612	0.00336	0.00177	0.00581
26	0.00971	0.07211	0.14570	0.03301	0.01039	0.00671	0.01789	0.04549	0.01758	0.20807	0.08533	0.16796	0.09181	0.00808	0.04528	0.00157	0.00395	0.02088	0.00345	0.00501
27	0.00514	0.00372	0.00490	0.00578	0.00611	0.00355	0.00397	0.00624	0.03280	0.01055	0.02187	0.77985	0.02587	0.01225	0.00511	0.00163	0.00244	0.06110	0.00373	0.00338
28	0.00496	0.00351	0.00470	0.00561	0.00585	0.00329	0.00377	0.00563	0.00766	0.01021	0.02179	0.82498	0.02608	0.01256	0.00533	0.01899	0.00237	0.02580	0.00368	0.00324
29	0.03891	0.03851	0.60637	0.01200	0.01729	0.00966	0.16220	0.03485	0.00891	0.02385	0.00745	0.00888	0.00535	0.00376	0.00391	0.00127	0.00587	0.00327	0.00189	0.00579
30	0.00929	0.01007	0.05806	0.16336	0.40121	0.00960	0.26463	0.01214	0.00901	0.01251	0.00763	0.01027	0.00603	0.00360	0.00421	0.00127	0.00555	0.00390	0.00195	0.00571
31	0.00491	0.00408	0.00430	0.00429	0.00558	0.00347	0.00324	0.00606	0.00943	0.01154	0.14066	0.03770	0.70717	0.00994	0.00476	0.00136	0.00206	0.03220	0.00381	0.00345
32	0.00947	0.01082	0.02366	0.01690	0.02096	0.01014	0.81947	0.01285	0.00947	0.01285	0.00811	0.01082	0.00609	0.00338	0.00473	0.00135	0.00676	0.00473	0.00203	0.00541
33	0.12506	0.06526	0.02299	0.00735	0.01008	0.08770	0.00613	0.10182	0.01104	0.40188	0.02092	0.02867	0.02912	0.00586	0.02889	0.00138	0.00411	0.03214	0.00382	0.00579
34	0.01639	0.00699	0.00917	0.00713	0.01001	0.00634	0.00585	0.10102	0.01223	0.66497	0.10270	0.01498	0.01260	0.00530	0.00411	0.00124	0.00335	0.00433	0.00481	0.00650
35	0.00489	0.00349	0.00465	0.00558	0.00582	0.00326	0.00372	0.00558	0.00768	0.01024	0.02210	0.85644	0.02653	0.01256	0.00512	0.00163	0.00233	0.01140	0.00372	0.00326
36	0.01362	0.01166	0.13445	0.01041	0.01412	0.01030	0.14369	0.39696	0.03327	0.17506	0.01035	0.01054	0.00716	0.00447	0.00411	0.00125	0.00481	0.00380	0.00352	0.00644
37	0.01077	0.73939	0.05983	0.00722	0.01061	0.06949	0.00719	0.01223	0.00838	0.00979	0.00592	0.00684	0.00530	0.00353	0.00271	0.00089	0.00449	0.00226	0.02805	0.00511
38	0.00475	0.00404	0.00408	0.00412	0.00543	0.00338	0.00307	0.00575	0.00909	0.01081	0.03997	0.06750	0.80393	0.01024	0.00475	0.00136	0.00204	0.00857	0.00372	0.00338
39	0.01779	0.00715	0.00951	0.00729	0.01040	0.00637	0.00602	0.07824	0.01202	0.77736	0.01537	0.01336	0.00970	0.00495	0.00403	0.00124	0.00349	0.00400	0.00489	0.00682
40	0.00949	0.01074	0.02321	0.01738	0.07092	0.01010	0.76987	0.01281	0.00945	0.01286	0.00808	0.01076	0.00610	0.00339	0.00469	0.00134	0.00664	0.00466	0.00203	0.00547
41	0.01462	0.00910	0.01092	0.02394	0.01155	0.00983	0.01883	0.38792	0.05398	0.27436	0.01148	0.01129	0.00798	0.00509	0.00497	0.00128	0.09485	0.00380	0.03788	0.00636
42	0.00914	0.01015	0.02182	0.01588	0.01960	0.00955	0.73229	0.01236	0.00944	0.01276	0.00952	0.01451	0.00791	0.00421	0.00482	0.00141	0.00643	0.09077	0.00221	0.00523
43	0.00493	0.00355	0.00467	0.00548	0.00581	0.00330	0.00370	0.00571	0.00797	0.01062	0.07272	0.76821	0.06412	0.01219	0.00508	0.00159	0.00229	0.01101	0.00377	0.00330
44	0.01007	0.57700	0.23023	0.00818	0.01216	0.02943	0.00889	0.01283	0.05860	0.01073	0.00666	0.00750	0.00557	0.00367	0.00300	0.00100	0.00470	0.00251	0.00186	0.00541
45	0.00673	0.00502	0.00664	0.00718	0.00838	0.00497	0.00618	0.00919	0.06573	0.01234	0.02100	0.04054	0.06165	0.01014	0.00524	0.00171	0.00353	0.66225	0.00364	0.05793
46	0.00943	0.06317	0.04660	0.09457	0.02026	0.02991	0.62077	0.01251	0.00914	0.01220	0.00769	0.01031	0.00588	0.00360	0.00478	0.00132	0.03633	0.00432	0.00197	0.00526

[dist]
# distance from previous block
# <min> <max>
0	57

# created by:
# /st0/software/busco_prod/Augustus/scripts/msa2prfl.pl ./align_prep/139092.fa
