[name]
unknown

[dist]
# distance from previous block
# <min> <max>
4	194

[block]
# block no. 0 follows, 67 sequences, length 47
# corresponding to MSA columns:
# 194-240
name=unknown_A
#
# <colnr> <probs for GDERKNQSTAVLIFYWHMCP>
#	G	D	E	R	K	N	Q	S	T	A	V	L	I	F	Y	W	H	M	C	P
0	0.70682	0.00789	0.00660	0.00582	0.00830	0.00905	0.00475	0.04173	0.10710	0.04569	0.02032	0.00826	0.00610	0.00408	0.00282	0.00125	0.00315	0.00265	0.00284	0.00475
1	0.02644	0.01559	0.54522	0.00966	0.01408	0.00831	0.01139	0.01267	0.11712	0.01321	0.03602	0.01548	0.09217	0.00529	0.00406	0.00133	0.00484	0.05919	0.00245	0.00548
2	0.01498	0.01911	0.01137	0.01033	0.01240	0.84295	0.00775	0.01601	0.01137	0.00982	0.00620	0.00723	0.00517	0.00413	0.00362	0.00103	0.00723	0.00258	0.00207	0.00465
3	0.01388	0.01090	0.01125	0.00897	0.01191	0.04892	0.00728	0.58459	0.20406	0.02238	0.01096	0.01072	0.00798	0.00489	0.00399	0.00122	0.00423	0.00375	0.00391	0.02421
4	0.00993	0.00953	0.01628	0.02462	0.83404	0.00953	0.01231	0.01231	0.00913	0.01310	0.00754	0.00993	0.00635	0.00357	0.00397	0.00119	0.00476	0.00357	0.00199	0.00635
5	0.01772	0.00726	0.00958	0.00734	0.01046	0.00654	0.00607	0.09884	0.01221	0.75649	0.01521	0.01325	0.00962	0.00495	0.00403	0.00124	0.00351	0.00399	0.00487	0.00682
6	0.00810	0.00512	0.00698	0.00605	0.00754	0.00477	0.03737	0.05118	0.01152	0.13751	0.59390	0.05134	0.04734	0.00753	0.00460	0.00127	0.00246	0.00664	0.00434	0.00443
7	0.01358	0.01089	0.26003	0.00824	0.01200	0.00689	0.00840	0.03112	0.02283	0.48029	0.05649	0.01399	0.04671	0.00502	0.00403	0.00126	0.00405	0.00407	0.00386	0.00623
8	0.01794	0.00690	0.00936	0.00717	0.01028	0.00601	0.00593	0.03402	0.01161	0.82215	0.01571	0.01358	0.00987	0.00496	0.00403	0.00124	0.00343	0.00403	0.00495	0.00683
9	0.00808	0.00765	0.01295	0.67136	0.20171	0.00904	0.01139	0.01069	0.00826	0.01086	0.00722	0.01053	0.00556	0.00392	0.00400	0.00131	0.00522	0.00357	0.00183	0.00486
10	0.01384	0.01188	0.26454	0.00939	0.01336	0.04124	0.07971	0.01649	0.01037	0.46293	0.02791	0.01187	0.00845	0.00450	0.00402	0.00125	0.00460	0.00377	0.00358	0.00628
11	0.00757	0.00713	0.01203	0.84942	0.02762	0.00891	0.01114	0.01025	0.00802	0.01025	0.00713	0.01069	0.00535	0.00401	0.00401	0.00134	0.00535	0.00356	0.00178	0.00446
12	0.00985	0.00945	0.01614	0.05244	0.80683	0.00951	0.01227	0.01224	0.00909	0.01301	0.00753	0.00995	0.00632	0.00359	0.00397	0.00120	0.00478	0.00357	0.00198	0.00629
13	0.01379	0.04098	0.23782	0.00995	0.05487	0.08258	0.04457	0.02748	0.02476	0.40564	0.01142	0.01107	0.00766	0.00439	0.00391	0.00122	0.00470	0.00356	0.00339	0.00623
14	0.01495	0.09051	0.05502	0.00848	0.03445	0.09185	0.03376	0.01737	0.07134	0.49323	0.01343	0.02681	0.02079	0.00482	0.00389	0.00120	0.00411	0.00389	0.00390	0.00619
15	0.01306	0.00704	0.04386	0.00770	0.02912	0.00598	0.04964	0.02936	0.03725	0.46228	0.20148	0.01846	0.05385	0.00587	0.00427	0.00127	0.00333	0.01602	0.00435	0.00579
16	0.00980	0.00946	0.01637	0.08935	0.69975	0.00957	0.06703	0.02684	0.00924	0.01308	0.00759	0.01004	0.00626	0.00362	0.00403	0.00121	0.00494	0.00365	0.00201	0.00615
17	0.00890	0.05963	0.39109	0.01512	0.22240	0.00972	0.14888	0.01278	0.04541	0.01277	0.00817	0.03247	0.00648	0.00397	0.00399	0.00126	0.00547	0.00367	0.00199	0.00585
18	0.01224	0.04645	0.30008	0.00962	0.01361	0.03149	0.09175	0.03115	0.01009	0.32773	0.03482	0.02813	0.02010	0.00473	0.00403	0.00126	0.00472	0.01879	0.00322	0.00598
19	0.01008	0.02793	0.38602	0.01431	0.21579	0.04935	0.07387	0.01401	0.06455	0.09288	0.00873	0.00986	0.00643	0.00395	0.00393	0.00124	0.00531	0.00343	0.00229	0.00603
20	0.01099	0.15952	0.11898	0.01004	0.03586	0.17237	0.11607	0.02123	0.13200	0.07874	0.04996	0.02945	0.03056	0.00468	0.00393	0.00119	0.01250	0.00386	0.00269	0.00539
21	0.01149	0.04246	0.16672	0.02241	0.01314	0.00856	0.12924	0.13768	0.07684	0.20763	0.02980	0.05543	0.06972	0.00528	0.00416	0.00128	0.00439	0.00459	0.00336	0.00582
22	0.00937	0.03515	0.03271	0.18221	0.49371	0.00913	0.07118	0.01177	0.00891	0.04002	0.00897	0.04855	0.02208	0.00421	0.00406	0.00125	0.00483	0.00406	0.00214	0.00569
23	0.01017	0.03778	0.05475	0.04843	0.53434	0.00867	0.01048	0.01263	0.02946	0.10410	0.01987	0.07174	0.00902	0.00469	0.00406	0.00125	0.00440	0.02568	0.00254	0.00595
24	0.01160	0.00944	0.08014	0.01515	0.29677	0.00818	0.15190	0.03455	0.02184	0.23715	0.03177	0.06396	0.00932	0.00467	0.00420	0.00127	0.00459	0.00445	0.00303	0.00604
25	0.00925	0.00915	0.01673	0.07425	0.51078	0.00909	0.20317	0.01177	0.00906	0.01265	0.00900	0.05945	0.00800	0.00435	0.00428	0.00129	0.00510	0.03477	0.00215	0.00573
26	0.01023	0.05235	0.34449	0.06537	0.03361	0.00873	0.15971	0.01360	0.02117	0.16880	0.01018	0.01298	0.00777	0.00454	0.00412	0.00131	0.00525	0.06748	0.00258	0.00571
27	0.01028	0.03047	0.03914	0.00804	0.07467	0.00565	0.04208	0.01186	0.00979	0.28971	0.07503	0.12984	0.20015	0.02321	0.00471	0.00138	0.00325	0.03191	0.00382	0.00502
28	0.00823	0.07777	0.78284	0.01112	0.01688	0.00976	0.01428	0.01265	0.00845	0.01248	0.00709	0.00833	0.00508	0.00378	0.00373	0.00124	0.00582	0.00291	0.00169	0.00587
29	0.01037	0.75063	0.12876	0.00746	0.01122	0.01500	0.00791	0.01210	0.00819	0.00987	0.00579	0.00670	0.00514	0.00348	0.00274	0.00091	0.00450	0.00225	0.00171	0.00525
30	0.01285	0.01072	0.20292	0.11048	0.14343	0.00796	0.00966	0.06184	0.01038	0.36079	0.01122	0.02259	0.00774	0.00446	0.00398	0.00125	0.00448	0.00373	0.00329	0.00621
31	0.00903	0.04504	0.07235	0.00877	0.07434	0.00620	0.05013	0.01071	0.00847	0.17967	0.01395	0.19984	0.01332	0.04142	0.20602	0.00268	0.00548	0.04480	0.00308	0.00471
32	0.00697	0.00348	0.00522	0.00522	0.00522	0.00348	0.00348	0.00522	0.00522	0.00697	0.00697	0.01219	0.00697	0.01393	0.01567	0.88332	0.00348	0.00348	0.00174	0.00174
33	0.00956	0.01081	0.15642	0.04519	0.28947	0.00869	0.20666	0.01240	0.00934	0.08181	0.05841	0.01327	0.03406	0.00444	0.00440	0.00129	0.01885	0.02681	0.00243	0.00567
34	0.01043	0.77072	0.10924	0.00736	0.01106	0.01516	0.00772	0.01208	0.00818	0.00979	0.00575	0.00665	0.00514	0.00347	0.00271	0.00090	0.00447	0.00223	0.00171	0.00523
35	0.01189	0.60413	0.03515	0.00788	0.01104	0.20341	0.00727	0.05923	0.00950	0.01050	0.00598	0.00684	0.00525	0.00368	0.00292	0.00093	0.00500	0.00234	0.00193	0.00515
36	0.01072	0.80698	0.02044	0.00709	0.01034	0.03172	0.00697	0.01198	0.00812	0.00945	0.00557	0.00655	0.00515	0.00361	0.00307	0.00090	0.04229	0.00221	0.00172	0.00510
37	0.00982	0.07954	0.04896	0.05611	0.70170	0.01001	0.01191	0.01222	0.00898	0.01267	0.00735	0.00961	0.00616	0.00359	0.00385	0.00117	0.00480	0.00343	0.00194	0.00616
38	0.05368	0.01132	0.01554	0.02625	0.13544	0.15902	0.26754	0.10103	0.03301	0.01356	0.00833	0.05113	0.00703	0.00462	0.00511	0.00131	0.09428	0.00411	0.00238	0.00531
39	0.00601	0.00430	0.00534	0.00560	0.00641	0.00410	0.00402	0.03467	0.04581	0.03564	0.18570	0.47265	0.13433	0.01054	0.00489	0.00149	0.00237	0.02847	0.00392	0.00375
40	0.01013	0.00649	0.00980	0.00963	0.10707	0.02519	0.09999	0.01173	0.00961	0.25092	0.07020	0.26923	0.06492	0.00757	0.00455	0.00138	0.00355	0.02936	0.00369	0.00499
41	0.00954	0.00913	0.01558	0.16002	0.70165	0.00943	0.01212	0.01197	0.00895	0.01263	0.00748	0.01005	0.00619	0.00364	0.00398	0.00121	0.00486	0.00357	0.00195	0.00604
42	0.00993	0.00953	0.01628	0.02462	0.83404	0.00953	0.01231	0.01231	0.00913	0.01310	0.00754	0.00993	0.00635	0.00357	0.00397	0.00119	0.00476	0.00357	0.00199	0.00635
43	0.00915	0.00974	0.01972	0.01720	0.19895	0.00931	0.53489	0.01228	0.02840	0.01298	0.04252	0.05362	0.00887	0.00425	0.00458	0.00134	0.00577	0.01872	0.00228	0.00544
44	0.00975	0.03707	0.04988	0.01691	0.10365	0.01010	0.66055	0.01296	0.00942	0.03700	0.00817	0.01060	0.00616	0.00346	0.00454	0.00131	0.00635	0.00445	0.00209	0.00556
45	0.00864	0.00830	0.01435	0.46758	0.36131	0.00923	0.05066	0.01123	0.00855	0.01156	0.00735	0.01038	0.00580	0.00380	0.00403	0.00128	0.00517	0.00362	0.00188	0.00529
46	0.00936	0.00928	0.01689	0.10824	0.53923	0.00931	0.18406	0.01191	0.00902	0.01262	0.00827	0.04810	0.00709	0.00398	0.00419	0.00126	0.00514	0.00417	0.00205	0.00581

[dist]
# distance from previous block
# <min> <max>
1	55

[block]
# block no. 1 follows, 67 sequences, length 29
# corresponding to MSA columns:
# 296-324
name=unknown_B
#
# <colnr> <probs for GDERKNQSTAVLIFYWHMCP>
#	G	D	E	R	K	N	Q	S	T	A	V	L	I	F	Y	W	H	M	C	P
0	0.00926	0.03077	0.18463	0.03232	0.21169	0.06806	0.24090	0.01949	0.00921	0.02145	0.01666	0.07147	0.01582	0.01257	0.00441	0.00132	0.00546	0.03690	0.00222	0.00541
1	0.00832	0.06746	0.70768	0.01064	0.01600	0.00921	0.01339	0.01247	0.00859	0.03688	0.00902	0.01088	0.03428	0.00431	0.00384	0.00127	0.00554	0.03254	0.00193	0.00574
2	0.02271	0.00874	0.01507	0.31007	0.49469	0.00934	0.05814	0.01162	0.00873	0.01217	0.00740	0.01019	0.00596	0.00372	0.00400	0.00125	0.00506	0.00361	0.00192	0.00561
3	0.00973	0.00932	0.01592	0.09504	0.76519	0.00948	0.01221	0.01213	0.00904	0.01286	0.00751	0.00999	0.00627	0.00361	0.00397	0.00120	0.00481	0.00357	0.00197	0.00619
4	0.00881	0.00839	0.01426	0.41653	0.45086	0.00923	0.01175	0.01133	0.00860	0.01175	0.00735	0.01029	0.00587	0.00378	0.00399	0.00126	0.00504	0.00357	0.00189	0.00545
5	0.00904	0.00872	0.08472	0.01105	0.01400	0.00719	0.35594	0.01147	0.00940	0.12815	0.04014	0.14672	0.10889	0.00632	0.00465	0.00139	0.00470	0.03953	0.00301	0.00496
6	0.00928	0.03087	0.60325	0.01192	0.01721	0.00924	0.15557	0.01337	0.00892	0.09093	0.00815	0.00934	0.00572	0.00384	0.00397	0.00128	0.00581	0.00336	0.00206	0.00591
7	0.01017	0.00905	0.01777	0.01324	0.01642	0.00866	0.51381	0.01327	0.05274	0.13653	0.01151	0.10401	0.00968	0.00508	0.00495	0.00139	0.03446	0.02911	0.00280	0.00535
8	0.00670	0.00450	0.00645	0.00643	0.00736	0.00418	0.05403	0.02239	0.00862	0.09118	0.04257	0.59623	0.08283	0.01078	0.00495	0.00154	0.00276	0.03891	0.00376	0.00384
9	0.00910	0.05854	0.36100	0.14303	0.13655	0.00962	0.16249	0.01257	0.00880	0.04955	0.00771	0.00959	0.00571	0.00376	0.00398	0.00126	0.00563	0.00348	0.00196	0.00567
10	0.00952	0.00911	0.01554	0.16788	0.69396	0.00942	0.01210	0.01195	0.00894	0.01261	0.00747	0.01006	0.00618	0.00365	0.00398	0.00122	0.00487	0.00357	0.00195	0.00602
11	0.00993	0.00953	0.01628	0.02462	0.83404	0.00953	0.01231	0.01231	0.00913	0.01310	0.00754	0.00993	0.00635	0.00357	0.00397	0.00119	0.00476	0.00357	0.00199	0.00635
12	0.01629	0.00778	0.03322	0.03781	0.07167	0.01993	0.03575	0.01824	0.02426	0.66983	0.01426	0.01295	0.00920	0.00474	0.00404	0.00124	0.00382	0.00396	0.00438	0.00659
13	0.00795	0.01898	0.74374	0.01086	0.01621	0.00886	0.01366	0.03262	0.00866	0.01280	0.00857	0.08328	0.00702	0.00461	0.00393	0.00130	0.00557	0.00372	0.00193	0.00571
14	0.01396	0.00707	0.00903	0.00810	0.06256	0.03195	0.00601	0.07316	0.04042	0.47918	0.14210	0.08124	0.01505	0.00595	0.00421	0.00127	0.00336	0.00502	0.00440	0.00596
15	0.00988	0.02734	0.03777	0.02365	0.76828	0.00967	0.03992	0.01233	0.00911	0.01301	0.00751	0.00985	0.00629	0.00357	0.00396	0.00119	0.00485	0.00357	0.00197	0.00628
16	0.01554	0.00798	0.03937	0.00810	0.01112	0.02419	0.06423	0.08056	0.02971	0.58365	0.02665	0.06837	0.01069	0.00534	0.00415	0.00127	0.00380	0.00452	0.00440	0.00636
17	0.00495	0.00356	0.00470	0.00559	0.00590	0.00332	0.00381	0.00571	0.00781	0.01034	0.02289	0.78592	0.06223	0.01239	0.00512	0.00163	0.00237	0.04475	0.00372	0.00328
18	0.00550	0.00462	0.05270	0.00597	0.00666	0.00372	0.00447	0.00648	0.00791	0.03585	0.02145	0.74679	0.04266	0.01174	0.00501	0.00159	0.00259	0.02711	0.00364	0.00353
19	0.00906	0.14040	0.63645	0.01070	0.01600	0.01053	0.02849	0.08004	0.00931	0.01328	0.00718	0.00832	0.00525	0.00383	0.00367	0.00121	0.00558	0.00293	0.00190	0.00588
20	0.00994	0.01201	0.13198	0.01834	0.34449	0.04943	0.28921	0.04259	0.03764	0.01337	0.00800	0.01006	0.00625	0.00368	0.00420	0.00126	0.00566	0.00387	0.00211	0.00591
21	0.00804	0.02074	0.83828	0.01143	0.01736	0.00931	0.01482	0.01270	0.00847	0.01270	0.00720	0.00847	0.00508	0.00381	0.00381	0.00127	0.00593	0.00296	0.00169	0.00593
22	0.00624	0.00512	0.02594	0.05532	0.00910	0.00487	0.02894	0.00830	0.04163	0.01200	0.09290	0.23866	0.06393	0.01012	0.00511	0.00164	0.00332	0.37943	0.00358	0.00383
23	0.08591	0.09155	0.06715	0.01008	0.08774	0.10857	0.02485	0.23857	0.05735	0.17529	0.00969	0.00983	0.00699	0.00437	0.00371	0.00118	0.00455	0.00334	0.00324	0.00604
24	0.04362	0.06068	0.07761	0.01002	0.05461	0.05717	0.02925	0.48765	0.07653	0.04939	0.00946	0.00971	0.00689	0.00453	0.00386	0.00120	0.00459	0.00348	0.00342	0.00635
25	0.00519	0.00465	0.03479	0.00461	0.00598	0.00366	0.00362	0.00632	0.00898	0.02670	0.06316	0.13261	0.64238	0.03286	0.00516	0.00145	0.00228	0.00841	0.00366	0.00352
26	0.03402	0.01003	0.01510	0.03467	0.53409	0.06472	0.08053	0.08441	0.03223	0.01428	0.05080	0.01090	0.00802	0.00401	0.00402	0.00121	0.00484	0.00379	0.00237	0.00598
27	0.02455	0.00692	0.00860	0.00898	0.12499	0.00704	0.00602	0.06513	0.22257	0.06004	0.26098	0.01995	0.09507	0.00618	0.00421	0.00123	0.00298	0.00531	0.00375	0.06548
28	0.21541	0.00967	0.01133	0.01103	0.13771	0.10325	0.10097	0.04545	0.13822	0.07844	0.01966	0.01138	0.04289	0.00451	0.00396	0.00124	0.02713	0.00367	0.00286	0.03123

[dist]
# distance from previous block
# <min> <max>
0	6

[block]
# block no. 2 follows, 67 sequences, length 20
# corresponding to MSA columns:
# 331-350
name=unknown_C
#
# <colnr> <probs for GDERKNQSTAVLIFYWHMCP>
#	G	D	E	R	K	N	Q	S	T	A	V	L	I	F	Y	W	H	M	C	P
0	0.00905	0.00866	0.03271	0.01145	0.04679	0.00771	0.35477	0.04509	0.03073	0.05988	0.04620	0.03166	0.12888	0.00488	0.00429	0.00120	0.00463	0.00491	0.00276	0.16375
1	0.00885	0.00731	0.00835	0.00629	0.00943	0.00621	0.00501	0.10970	0.04861	0.01473	0.05383	0.02440	0.05627	0.00415	0.00338	0.00080	0.00304	0.00338	0.00286	0.62339
2	0.00981	0.00718	0.00882	0.00719	0.00964	0.05417	0.06378	0.04501	0.02811	0.15966	0.06928	0.14115	0.07275	0.00617	0.00406	0.00113	0.00343	0.03565	0.00338	0.26963
3	0.01241	0.00856	0.03719	0.00833	0.01159	0.00768	0.09276	0.16577	0.06579	0.24776	0.05888	0.01204	0.00950	0.00442	0.00386	0.00108	0.00381	0.00377	0.00359	0.24121
4	0.00993	0.00953	0.01628	0.02462	0.83404	0.00953	0.01231	0.01231	0.00913	0.01310	0.00754	0.00993	0.00635	0.00357	0.00397	0.00119	0.00476	0.00357	0.00199	0.00635
5	0.00531	0.00427	0.00506	0.00535	0.03721	0.00378	0.00379	0.00668	0.00981	0.01267	0.30052	0.07551	0.47106	0.00941	0.00475	0.00135	0.00216	0.03378	0.00389	0.00363
6	0.01025	0.00906	0.00925	0.00827	0.01044	0.04719	0.00643	0.04892	0.71681	0.01633	0.01521	0.01453	0.01159	0.02672	0.00473	0.00141	0.02842	0.00442	0.00388	0.00613
7	0.00760	0.00715	0.01217	0.73941	0.05377	0.00866	0.03934	0.01024	0.00831	0.01080	0.05815	0.01186	0.00742	0.00423	0.00408	0.00133	0.00516	0.00383	0.00196	0.00451
8	0.01578	0.00762	0.01098	0.00839	0.01134	0.00719	0.09098	0.08958	0.01150	0.59258	0.01441	0.01336	0.02952	0.00503	0.00463	0.00128	0.05297	0.00414	0.02235	0.00639
9	0.00935	0.01302	0.21783	0.01527	0.05306	0.00997	0.52614	0.05058	0.00959	0.01333	0.00812	0.01072	0.00617	0.00376	0.00461	0.00133	0.02137	0.01812	0.00206	0.00559
10	0.00480	0.00403	0.00416	0.00420	0.00547	0.00340	0.00312	0.00584	0.00917	0.01107	0.08077	0.08557	0.74430	0.01019	0.00476	0.00137	0.00204	0.00857	0.00376	0.00340
11	0.00857	0.02228	0.17179	0.01044	0.01346	0.00799	0.22855	0.09631	0.04993	0.02540	0.08954	0.13258	0.03142	0.00638	0.00454	0.00139	0.00462	0.08680	0.00297	0.00505
12	0.01153	0.03351	0.21105	0.03367	0.11369	0.00842	0.07325	0.07242	0.03306	0.24024	0.02216	0.04797	0.01751	0.00501	0.00439	0.00130	0.03128	0.03052	0.00310	0.00591
13	0.02749	0.02454	0.37308	0.01051	0.06759	0.00810	0.04955	0.04340	0.04670	0.10628	0.04236	0.01659	0.05531	0.00543	0.00417	0.00134	0.00470	0.10454	0.00277	0.00554
14	0.03073	0.00683	0.00916	0.04336	0.15066	0.02495	0.03918	0.02451	0.16445	0.04194	0.13326	0.16630	0.08425	0.00726	0.00445	0.00138	0.00340	0.05566	0.00342	0.00486
15	0.00875	0.06630	0.56694	0.03844	0.01690	0.00960	0.12035	0.03203	0.02945	0.03452	0.00880	0.01002	0.03188	0.00403	0.00391	0.00126	0.00563	0.00343	0.00201	0.00574
16	0.00973	0.00953	0.05446	0.11980	0.51049	0.02513	0.03017	0.01290	0.07700	0.04708	0.00962	0.02530	0.02834	0.00417	0.00401	0.00123	0.00466	0.00389	0.00233	0.02016
17	0.00837	0.00801	0.03294	0.37814	0.19205	0.00838	0.04340	0.02790	0.05819	0.01243	0.05709	0.01327	0.00885	0.00447	0.00404	0.00125	0.00463	0.04235	0.00232	0.09192
18	0.01153	0.02281	0.05051	0.03492	0.09598	0.24820	0.14810	0.07096	0.04776	0.08175	0.02254	0.01364	0.09227	0.00489	0.00409	0.00121	0.00530	0.02057	0.00273	0.02024
19	0.01004	0.01055	0.05346	0.13327	0.22668	0.10809	0.21370	0.01269	0.02677	0.05650	0.00964	0.02979	0.03808	0.00420	0.00413	0.00123	0.00534	0.00406	0.00229	0.04950

[dist]
# distance from previous block
# <min> <max>
5	17

[block]
# block no. 3 follows, 67 sequences, length 33
# corresponding to MSA columns:
# 368-400
name=unknown_D
#
# <colnr> <probs for GDERKNQSTAVLIFYWHMCP>
#	G	D	E	R	K	N	Q	S	T	A	V	L	I	F	Y	W	H	M	C	P
0	0.00774	0.03608	0.20955	0.00869	0.01089	0.00835	0.03172	0.00992	0.00856	0.02819	0.21110	0.03215	0.06750	0.00641	0.00694	0.00139	0.26344	0.00472	0.00265	0.04401
1	0.00749	0.04029	0.22011	0.00996	0.10399	0.00683	0.06483	0.01010	0.03013	0.03624	0.10371	0.19875	0.10642	0.00687	0.00432	0.00132	0.00389	0.00609	0.00289	0.03577
2	0.00934	0.17275	0.40746	0.00962	0.01395	0.04255	0.03494	0.05230	0.10855	0.01326	0.04599	0.00994	0.00763	0.00414	0.00364	0.00116	0.00495	0.00324	0.00228	0.05231
3	0.00948	0.02367	0.06759	0.02218	0.25088	0.06220	0.03981	0.04351	0.05727	0.04523	0.12887	0.02322	0.02344	0.00486	0.00397	0.00114	0.00410	0.03296	0.00280	0.15283
4	0.00835	0.00705	0.00829	0.00647	0.02039	0.00595	0.00504	0.04206	0.06511	0.01368	0.05666	0.02645	0.03018	0.00479	0.02905	0.00096	0.01995	0.00327	0.00271	0.64358
5	0.00485	0.00377	0.00441	0.00487	0.00564	0.00334	0.00342	0.00574	0.00849	0.01074	0.06211	0.45286	0.39287	0.01130	0.00493	0.00149	0.00218	0.00991	0.00375	0.00334
6	0.00792	0.01852	0.70859	0.01086	0.01625	0.00873	0.04046	0.01217	0.00866	0.01287	0.05213	0.01023	0.02157	0.00410	0.00386	0.00124	0.00552	0.00332	0.00192	0.05109
7	0.00804	0.02074	0.83828	0.01143	0.01736	0.00931	0.01482	0.01270	0.00847	0.01270	0.00720	0.00847	0.00508	0.00381	0.00381	0.00127	0.00593	0.00296	0.00169	0.00593
8	0.01498	0.01911	0.01137	0.01033	0.01240	0.84295	0.00775	0.01601	0.01137	0.00982	0.00620	0.00723	0.00517	0.00413	0.00362	0.00103	0.00723	0.00258	0.00207	0.00465
9	0.00501	0.00373	0.00463	0.00513	0.00572	0.00339	0.00355	0.00595	0.00854	0.01125	0.15644	0.52104	0.20542	0.03395	0.00538	0.00157	0.00223	0.00994	0.00380	0.00335
10	0.01498	0.01911	0.01137	0.01033	0.01240	0.84295	0.00775	0.01601	0.01137	0.00982	0.00620	0.00723	0.00517	0.00413	0.00362	0.00103	0.00723	0.00258	0.00207	0.00465
11	0.00775	0.00736	0.01255	0.74453	0.06831	0.00897	0.04011	0.01036	0.00808	0.01047	0.00739	0.02464	0.00577	0.00417	0.00425	0.00134	0.02381	0.00374	0.00183	0.00457
12	0.00695	0.00487	0.00590	0.00586	0.00692	0.00473	0.00435	0.10854	0.01013	0.04618	0.15732	0.36694	0.15511	0.03459	0.00528	0.00154	0.00265	0.06430	0.00388	0.00396
13	0.00817	0.01913	0.06686	0.00958	0.03584	0.06145	0.14424	0.01176	0.14019	0.01288	0.10586	0.05621	0.04420	0.05100	0.00569	0.00157	0.02841	0.18919	0.00312	0.00466
14	0.00932	0.00615	0.04936	0.00617	0.00793	0.03471	0.00503	0.01077	0.00986	0.24633	0.16000	0.20221	0.17330	0.02288	0.00483	0.00141	0.00295	0.03821	0.00401	0.00458
15	0.00921	0.42818	0.34122	0.00863	0.01281	0.01220	0.00981	0.01181	0.00825	0.01091	0.00806	0.00904	0.04788	0.00405	0.00360	0.00107	0.03781	0.00285	0.00183	0.03077
16	0.59696	0.04046	0.00667	0.00557	0.00777	0.00842	0.00450	0.01198	0.09722	0.01682	0.11392	0.01182	0.03131	0.02809	0.00350	0.00132	0.00299	0.00334	0.00291	0.00444
17	0.00874	0.12206	0.56176	0.01006	0.01472	0.00987	0.01199	0.05375	0.00889	0.03060	0.00912	0.04990	0.03609	0.00466	0.00427	0.00126	0.05106	0.00355	0.00206	0.00559
18	0.00796	0.04148	0.27022	0.00801	0.01103	0.00758	0.01801	0.07474	0.12694	0.01524	0.30499	0.02976	0.05523	0.00607	0.00422	0.00127	0.00370	0.00512	0.00331	0.00511
19	0.01799	0.00683	0.00931	0.00714	0.01024	0.00589	0.00589	0.01954	0.01148	0.83682	0.01582	0.01365	0.00993	0.00496	0.00403	0.00124	0.00341	0.00403	0.00496	0.00683
20	0.00936	0.00872	0.01340	0.33079	0.01890	0.01027	0.13772	0.10283	0.15173	0.01337	0.00884	0.01100	0.00681	0.00477	0.00573	0.00140	0.15278	0.00391	0.00247	0.00519
21	0.15809	0.01163	0.00965	0.00843	0.01084	0.22494	0.00660	0.15697	0.34017	0.01666	0.01077	0.01064	0.00816	0.00471	0.00368	0.00123	0.00442	0.00348	0.00328	0.00566
22	0.00523	0.00408	0.00475	0.00458	0.00572	0.00360	0.00343	0.00671	0.01030	0.01359	0.45667	0.03405	0.41465	0.00913	0.00473	0.00131	0.00196	0.00783	0.00409	0.00360
23	0.01051	0.64112	0.11621	0.00766	0.01123	0.03195	0.00779	0.02995	0.09030	0.01089	0.00694	0.00761	0.00588	0.00372	0.00292	0.00097	0.00444	0.00252	0.00200	0.00538
24	0.00853	0.05914	0.59735	0.01256	0.01790	0.00984	0.21319	0.01270	0.00870	0.01258	0.00734	0.00895	0.00533	0.00369	0.00398	0.00127	0.00605	0.00336	0.00178	0.00576
25	0.01799	0.00683	0.00931	0.00714	0.01024	0.00589	0.00589	0.01954	0.01148	0.83682	0.01582	0.01365	0.00993	0.00496	0.00403	0.00124	0.00341	0.00403	0.00496	0.00683
26	0.00480	0.00384	0.00429	0.00465	0.00557	0.00334	0.00331	0.00569	0.00858	0.01061	0.03353	0.35200	0.52359	0.01108	0.00489	0.00146	0.00214	0.00959	0.00372	0.00334
27	0.02819	0.05489	0.06623	0.00969	0.06752	0.08856	0.01790	0.31475	0.04335	0.21591	0.02737	0.01136	0.02649	0.00474	0.00391	0.00119	0.00442	0.00370	0.00360	0.00623
28	0.00623	0.00424	0.00523	0.00504	0.00619	0.00380	0.00381	0.00772	0.01026	0.07223	0.42690	0.11076	0.27332	0.00909	0.00475	0.00135	0.00215	0.03896	0.00415	0.00383
29	0.00489	0.00349	0.00465	0.00558	0.00582	0.00326	0.00372	0.00558	0.00768	0.01024	0.02210	0.85644	0.02653	0.01256	0.00512	0.00163	0.00233	0.01140	0.00372	0.00326
30	0.09094	0.01109	0.01141	0.04613	0.03510	0.07128	0.00755	0.58984	0.04591	0.03782	0.00923	0.00951	0.00667	0.00463	0.00385	0.00121	0.00449	0.00345	0.00361	0.00631
31	0.03241	0.10338	0.01825	0.00627	0.00809	0.02443	0.00506	0.05390	0.15440	0.02460	0.33937	0.07519	0.07926	0.00695	0.00420	0.00124	0.00284	0.01758	0.00372	0.03888
32	0.02204	0.03636	0.06701	0.01757	0.47111	0.11230	0.01027	0.05209	0.05315	0.04726	0.05075	0.01076	0.00816	0.00410	0.00389	0.00117	0.00477	0.00359	0.00244	0.02120

[dist]
# distance from previous block
# <min> <max>
1	6

[block]
# block no. 4 follows, 67 sequences, length 52
# corresponding to MSA columns:
# 407-458
name=unknown_E
#
# <colnr> <probs for GDERKNQSTAVLIFYWHMCP>
#	G	D	E	R	K	N	Q	S	T	A	V	L	I	F	Y	W	H	M	C	P
0	0.00791	0.07892	0.14346	0.00831	0.06558	0.00679	0.04505	0.02440	0.03586	0.07228	0.21351	0.06389	0.18537	0.00708	0.01375	0.00133	0.00353	0.01495	0.00328	0.00474
1	0.01058	0.81745	0.06381	0.00710	0.01066	0.01553	0.00728	0.01205	0.00817	0.00961	0.00566	0.00654	0.00514	0.00345	0.00264	0.00088	0.00437	0.00219	0.00171	0.00519
2	0.00913	0.00897	0.01374	0.34356	0.42306	0.06558	0.01117	0.01147	0.00881	0.01166	0.00800	0.03631	0.00682	0.00420	0.00403	0.00126	0.00506	0.01979	0.00200	0.00535
3	0.00857	0.00850	0.01188	0.01027	0.01028	0.01181	0.00851	0.00944	0.00622	0.00968	0.00615	0.05316	0.00638	0.00731	0.01274	0.00175	0.80724	0.00392	0.00186	0.00433
4	0.00815	0.00698	0.00812	0.00585	0.00931	0.00525	0.00467	0.00989	0.00836	0.01296	0.00871	0.00974	0.04490	0.00331	0.00305	0.00063	0.00293	0.00266	0.00244	0.84208
5	0.00804	0.02074	0.83828	0.01143	0.01736	0.00931	0.01482	0.01270	0.00847	0.01270	0.00720	0.00847	0.00508	0.00381	0.00381	0.00127	0.00593	0.00296	0.00169	0.00593
6	0.00945	0.00904	0.01542	0.19108	0.67128	0.00940	0.01207	0.01189	0.00891	0.01253	0.00746	0.01008	0.00615	0.00366	0.00398	0.00122	0.00488	0.00357	0.00194	0.00597
7	0.00770	0.00725	0.01225	0.80623	0.06985	0.00894	0.01120	0.01035	0.00808	0.01040	0.00715	0.01065	0.00540	0.00399	0.00401	0.00133	0.00532	0.00356	0.00179	0.00455
8	0.00594	0.00417	0.00569	0.00648	0.00717	0.00403	0.00516	0.00732	0.00878	0.02400	0.07173	0.36281	0.03751	0.01138	0.00529	0.00171	0.00301	0.42048	0.00377	0.00357
9	0.00965	0.00924	0.01577	0.12235	0.73848	0.00946	0.01217	0.01206	0.00900	0.01276	0.00749	0.01002	0.00623	0.00363	0.00398	0.00121	0.00483	0.00357	0.00196	0.00613
10	0.01730	0.00677	0.00915	0.00707	0.01006	0.00591	0.00582	0.03410	0.01161	0.77846	0.05844	0.01443	0.01133	0.00513	0.00407	0.00124	0.00335	0.00419	0.00492	0.00667
11	0.01799	0.00683	0.00931	0.00714	0.01024	0.00589	0.00589	0.01954	0.01148	0.83682	0.01582	0.01365	0.00993	0.00496	0.00403	0.00124	0.00341	0.00403	0.00496	0.00683
12	0.00599	0.00448	0.00631	0.00619	0.00666	0.00520	0.00460	0.00696	0.00625	0.00891	0.01076	0.01780	0.01076	0.23255	0.56746	0.02302	0.06600	0.00461	0.00218	0.00332
13	0.01199	0.00916	0.01014	0.02352	0.14271	0.12455	0.00715	0.03816	0.24319	0.20897	0.01383	0.12576	0.01143	0.00576	0.00412	0.00129	0.00401	0.00487	0.00359	0.00579
14	0.01666	0.00848	0.05315	0.00777	0.01099	0.01888	0.00667	0.14192	0.04831	0.62182	0.01431	0.01273	0.00923	0.00489	0.00401	0.00124	0.00374	0.00391	0.00457	0.00673
15	0.00581	0.00399	0.00491	0.00491	0.00510	0.00418	0.00310	0.00618	0.00599	0.00817	0.01214	0.02352	0.01340	0.64392	0.23393	0.00455	0.00567	0.00543	0.00236	0.00273
16	0.02346	0.02016	0.79876	0.01130	0.01698	0.00940	0.01445	0.01259	0.00837	0.01270	0.00711	0.00844	0.00507	0.00391	0.00407	0.00128	0.03142	0.00297	0.00171	0.00585
17	0.01022	0.07243	0.46950	0.01113	0.07047	0.02230	0.02925	0.04367	0.10166	0.11730	0.00932	0.00989	0.00668	0.00413	0.00382	0.00124	0.00509	0.00332	0.00249	0.00607
18	0.01116	0.03067	0.15259	0.20994	0.08985	0.08141	0.01742	0.04353	0.00993	0.21139	0.03846	0.01303	0.06363	0.00474	0.00399	0.00124	0.00471	0.00392	0.00288	0.00549
19	0.01084	0.01222	0.02549	0.12282	0.01379	0.37765	0.06027	0.01289	0.03634	0.01945	0.01135	0.01955	0.01084	0.00618	0.00434	0.00135	0.00570	0.24183	0.00260	0.00449
20	0.00546	0.00397	0.00527	0.00610	0.00670	0.00378	0.00468	0.00661	0.00840	0.01095	0.02360	0.47459	0.10429	0.01178	0.00524	0.00168	0.00281	0.30696	0.00371	0.00343
21	0.00914	0.00802	0.02536	0.00794	0.06461	0.03122	0.04232	0.01104	0.00869	0.05639	0.00802	0.00914	0.01566	0.00327	0.00323	0.00074	0.00346	0.00274	0.00246	0.68656
22	0.00694	0.00793	0.10594	0.38687	0.07354	0.00719	0.03163	0.00932	0.00860	0.01117	0.04289	0.03932	0.22851	0.00603	0.00427	0.00134	0.00432	0.01728	0.00247	0.00443
23	0.00490	0.00385	0.00444	0.00480	0.00567	0.00339	0.00343	0.00587	0.00872	0.01100	0.08969	0.36280	0.44026	0.01099	0.00490	0.00147	0.00217	0.02453	0.00377	0.00337
24	0.00971	0.00931	0.01589	0.10005	0.76029	0.00947	0.01220	0.01212	0.00903	0.01284	0.00751	0.01000	0.00626	0.00361	0.00397	0.00120	0.00482	0.00357	0.00197	0.00618
25	0.01244	0.02798	0.18684	0.00888	0.01227	0.01803	0.09383	0.04309	0.02293	0.37041	0.03465	0.09164	0.04759	0.00553	0.00417	0.00129	0.00420	0.00478	0.00362	0.00585
26	0.00832	0.01883	0.68080	0.01249	0.01805	0.00947	0.17037	0.01273	0.00866	0.01273	0.00737	0.00892	0.00527	0.00373	0.00399	0.00129	0.00609	0.00331	0.00176	0.00583
27	0.01369	0.01699	0.01096	0.00999	0.01176	0.70367	0.00757	0.01473	0.01058	0.00980	0.00683	0.00904	0.00602	0.02144	0.04330	0.00141	0.07278	0.02283	0.00209	0.00452
28	0.00850	0.00724	0.00842	0.00603	0.00958	0.00554	0.00483	0.03215	0.00860	0.01340	0.00720	0.00835	0.00596	0.00302	0.00300	0.00061	0.00301	0.00241	0.00242	0.85973
29	0.02343	0.01054	0.03095	0.00874	0.01145	0.06190	0.00710	0.32427	0.43913	0.01949	0.01280	0.01219	0.00947	0.00506	0.00400	0.00128	0.00396	0.00399	0.00385	0.00639
30	0.00508	0.00363	0.00487	0.00580	0.00612	0.00342	0.00406	0.00592	0.00787	0.01045	0.02200	0.75784	0.02611	0.01238	0.00517	0.00166	0.00249	0.10811	0.00372	0.00331
31	0.00807	0.00763	0.01293	0.67531	0.19785	0.00904	0.01138	0.01068	0.00825	0.01085	0.00722	0.01053	0.00556	0.00392	0.00400	0.00131	0.00522	0.00357	0.00182	0.00486
32	0.00508	0.00361	0.00481	0.00569	0.00598	0.00341	0.00391	0.00585	0.00773	0.01028	0.02158	0.74263	0.02565	0.05233	0.00588	0.00176	0.00253	0.08438	0.00366	0.00326
33	0.01514	0.01118	0.01198	0.00921	0.01240	0.01239	0.00760	0.80494	0.03476	0.02511	0.00976	0.00973	0.00693	0.00483	0.00401	0.00121	0.00439	0.00363	0.00401	0.00681
34	0.00947	0.01082	0.02366	0.01690	0.02096	0.01014	0.81947	0.01285	0.00947	0.01285	0.00811	0.01082	0.00609	0.00338	0.00473	0.00135	0.00676	0.00473	0.00203	0.00541
35	0.00530	0.00365	0.00481	0.00536	0.00578	0.00340	0.00370	0.00588	0.00799	0.01064	0.12686	0.53364	0.10181	0.01192	0.00651	0.12431	0.00244	0.02930	0.00354	0.00314
36	0.00993	0.00953	0.01628	0.02462	0.83404	0.00953	0.01231	0.01231	0.00913	0.01310	0.00754	0.00993	0.00635	0.00357	0.00397	0.00119	0.00476	0.00357	0.00199	0.00635
37	0.00943	0.01104	0.04146	0.01678	0.02088	0.01012	0.80189	0.01284	0.00944	0.01284	0.00809	0.01077	0.00606	0.00339	0.00471	0.00135	0.00674	0.00469	0.00202	0.00542
38	0.00520	0.00405	0.00494	0.00557	0.02129	0.00367	0.00405	0.00629	0.00870	0.01103	0.05622	0.33359	0.36775	0.01099	0.00499	0.00153	0.00246	0.14053	0.00371	0.00346
39	0.00495	0.00371	0.00461	0.00521	0.00579	0.00336	0.00363	0.00585	0.00837	0.01089	0.09123	0.56980	0.22601	0.01159	0.00500	0.00154	0.00225	0.02910	0.00378	0.00334
40	0.00755	0.00633	0.00910	0.29362	0.11710	0.04056	0.00743	0.00873	0.00749	0.00970	0.00993	0.01806	0.00979	0.20465	0.00976	0.13811	0.00454	0.09164	0.00217	0.00373
41	0.01018	0.00961	0.01608	0.02389	0.79531	0.00967	0.01209	0.05042	0.00959	0.01368	0.00764	0.00991	0.00637	0.00363	0.00397	0.00119	0.00475	0.00358	0.00208	0.00637
42	0.00852	0.06435	0.71404	0.05064	0.01722	0.05218	0.01386	0.01272	0.00858	0.01227	0.00706	0.00840	0.00510	0.00382	0.00374	0.00124	0.00588	0.00293	0.00172	0.00575
43	0.00697	0.00348	0.00522	0.00522	0.00522	0.00348	0.00348	0.00522	0.00522	0.00697	0.00697	0.01219	0.00697	0.01393	0.01567	0.88332	0.00348	0.00348	0.00174	0.00174
44	0.03001	0.00780	0.01102	0.00966	0.01144	0.09755	0.19979	0.02003	0.01847	0.01235	0.07067	0.12179	0.01730	0.00805	0.00509	0.00155	0.02305	0.32702	0.00311	0.00426
45	0.00993	0.00935	0.01558	0.08097	0.72557	0.00952	0.01185	0.05016	0.00951	0.01344	0.00816	0.01044	0.01986	0.00377	0.00399	0.00120	0.00474	0.00365	0.00210	0.00619
46	0.01498	0.01096	0.01223	0.01020	0.06813	0.01201	0.00788	0.73764	0.01794	0.05296	0.00970	0.00979	0.00690	0.00474	0.00401	0.00120	0.00440	0.00362	0.00391	0.00679
47	0.00963	0.00830	0.00886	0.00660	0.00996	0.06293	0.00526	0.08287	0.02676	0.03429	0.01645	0.00886	0.00653	0.00337	0.00317	0.00072	0.00339	0.00264	0.00262	0.69680
48	0.00889	0.11703	0.53351	0.02723	0.01690	0.01027	0.15130	0.05023	0.00913	0.01294	0.02198	0.00911	0.00593	0.00382	0.00385	0.00123	0.00572	0.00329	0.00191	0.00572
49	0.01464	0.01846	0.01170	0.01130	0.06818	0.78638	0.00806	0.01576	0.01121	0.01004	0.00629	0.00742	0.00525	0.00409	0.00364	0.00104	0.00706	0.00265	0.00206	0.00476
50	0.00879	0.00741	0.00857	0.00616	0.00970	0.00583	0.00495	0.06512	0.00903	0.01390	0.00730	0.00841	0.00600	0.00310	0.00304	0.00064	0.00307	0.00246	0.00249	0.82405
51	0.00654	0.00523	0.00566	0.00594	0.00665	0.06104	0.00421	0.03607	0.03339	0.02202	0.09265	0.44956	0.07566	0.11887	0.00685	0.00181	0.00300	0.05770	0.00354	0.00359

[dist]
# distance from previous block
# <min> <max>
0	10

# created by:
# /st0/software/busco_prod/Augustus/scripts/msa2prfl.pl ./align_prep/139167.fa
