[name]
unknown

[dist]
# distance from previous block
# <min> <max>
0	9

[block]
# block no. 0 follows, 58 sequences, length 18
# corresponding to MSA columns:
# 9-26
name=unknown_A
#
# <colnr> <probs for GDERKNQSTAVLIFYWHMCP>
#	G	D	E	R	K	N	Q	S	T	A	V	L	I	F	Y	W	H	M	C	P
0	0.01081	0.01113	0.06423	0.02453	0.68259	0.01049	0.01310	0.01440	0.07569	0.01486	0.01009	0.01221	0.02696	0.00435	0.00445	0.00135	0.00517	0.00417	0.00243	0.00698
1	0.01478	0.25289	0.01629	0.01209	0.09662	0.51213	0.00889	0.01617	0.01140	0.01121	0.00687	0.00813	0.00589	0.00432	0.00375	0.00112	0.00685	0.00286	0.00218	0.00554
2	0.01192	0.09704	0.01190	0.00909	0.01188	0.01214	0.00731	0.11560	0.62965	0.01899	0.01606	0.01499	0.01211	0.00575	0.00437	0.00144	0.00384	0.00466	0.00427	0.00700
3	0.01416	0.01016	0.01144	0.03617	0.01271	0.01106	0.00775	0.54267	0.01727	0.05451	0.01392	0.09805	0.01229	0.04039	0.00552	0.00160	0.00457	0.09495	0.00429	0.00653
4	0.20396	0.01124	0.01139	0.00899	0.01232	0.04707	0.00739	0.46331	0.01636	0.15919	0.01076	0.01063	0.00751	0.00510	0.00409	0.00135	0.00455	0.00371	0.00419	0.00690
5	0.01623	0.01218	0.01277	0.01006	0.01343	0.04096	0.00821	0.62240	0.13993	0.05932	0.01203	0.01174	0.00861	0.00546	0.00447	0.00136	0.00477	0.00416	0.00446	0.00744
6	0.14043	0.00784	0.00983	0.00771	0.01104	0.00724	0.00635	0.02065	0.04294	0.67417	0.01606	0.01416	0.01029	0.00536	0.00426	0.00139	0.00375	0.00423	0.00511	0.00720
7	0.00651	0.00434	0.00488	0.00488	0.00488	0.00434	0.00271	0.00651	0.00651	0.00867	0.01409	0.02927	0.01626	0.84279	0.02277	0.00434	0.00434	0.00651	0.00271	0.00271
8	0.00845	0.00795	0.01342	0.83204	0.03081	0.00994	0.01242	0.01143	0.00894	0.01143	0.00795	0.01193	0.00596	0.00447	0.00447	0.00149	0.00596	0.00398	0.00199	0.00497
9	0.01107	0.01063	0.01816	0.02746	0.81489	0.01063	0.01373	0.01373	0.01019	0.01461	0.00841	0.01107	0.00709	0.00399	0.00443	0.00133	0.00531	0.00399	0.00221	0.00709
10	0.00529	0.00453	0.00453	0.00453	0.00604	0.00378	0.00340	0.00642	0.01020	0.01208	0.04532	0.04305	0.81307	0.01133	0.00529	0.00151	0.00227	0.00944	0.00415	0.00378
11	0.01196	0.84548	0.02344	0.00765	0.01148	0.01770	0.00765	0.01339	0.00909	0.01052	0.00622	0.00718	0.00574	0.00383	0.00287	0.00096	0.00478	0.00239	0.00191	0.00574
12	0.00618	0.00457	0.00577	0.00547	0.00659	0.00416	0.00410	0.00814	0.01230	0.01707	0.69940	0.03484	0.15588	0.00947	0.00528	0.00142	0.00213	0.00829	0.00481	0.00416
13	0.01196	0.84548	0.02344	0.00765	0.01148	0.01770	0.00765	0.01339	0.00909	0.01052	0.00622	0.00718	0.00574	0.00383	0.00287	0.00096	0.00478	0.00239	0.00191	0.00574
14	0.01038	0.01334	0.11778	0.01815	0.02292	0.01121	0.70854	0.01431	0.01043	0.01431	0.00893	0.01176	0.00666	0.00383	0.00516	0.00150	0.00743	0.00505	0.00222	0.00610
15	0.00641	0.00472	0.00681	0.00681	0.00748	0.00538	0.00512	0.00774	0.00708	0.01010	0.01233	0.01950	0.01202	0.16688	0.69288	0.00672	0.01072	0.00507	0.00245	0.00378
16	0.01637	0.01833	0.01245	0.01086	0.01342	0.58603	0.00834	0.20924	0.01456	0.01545	0.00823	0.00914	0.00649	0.00483	0.00410	0.00119	0.00700	0.00322	0.04501	0.00573
17	0.00948	0.16215	0.68503	0.01189	0.01803	0.01162	0.01503	0.01404	0.00938	0.01355	0.00772	0.00906	0.00568	0.00418	0.00402	0.00134	0.00630	0.00315	0.00189	0.00646

[dist]
# distance from previous block
# <min> <max>
0	1

[block]
# block no. 1 follows, 58 sequences, length 9
# corresponding to MSA columns:
# 28-36
name=unknown_B
#
# <colnr> <probs for GDERKNQSTAVLIFYWHMCP>
#	G	D	E	R	K	N	Q	S	T	A	V	L	I	F	Y	W	H	M	C	P
0	0.01648	0.02003	0.01346	0.01182	0.01433	0.73051	0.06022	0.01783	0.01254	0.05171	0.00759	0.00869	0.00610	0.00460	0.00414	0.00119	0.00782	0.00312	0.00246	0.00536
1	0.00647	0.00446	0.00549	0.00549	0.00570	0.00467	0.00347	0.00690	0.00669	0.00913	0.01354	0.02618	0.01492	0.62853	0.23519	0.00509	0.00636	0.00605	0.00263	0.00305
2	0.06322	0.00967	0.01596	0.27887	0.51912	0.01038	0.01277	0.01297	0.00964	0.01395	0.00813	0.01111	0.00660	0.00415	0.00434	0.00138	0.00540	0.00389	0.00218	0.00628
3	0.00940	0.14053	0.70596	0.01202	0.01824	0.01143	0.01526	0.01406	0.00939	0.01365	0.00777	0.00912	0.00568	0.00419	0.00405	0.00135	0.00635	0.00318	0.00189	0.00649
4	0.01077	0.51895	0.33959	0.00968	0.01461	0.01480	0.01118	0.01370	0.00923	0.01197	0.00694	0.00808	0.00571	0.00399	0.00342	0.00114	0.00551	0.00275	0.00190	0.00609
5	0.01037	0.40725	0.44773	0.01037	0.01568	0.01380	0.01238	0.01381	0.00928	0.01247	0.00718	0.00838	0.00570	0.00405	0.00361	0.00120	0.00576	0.00288	0.00190	0.00620
6	0.13322	0.00951	0.01525	0.01139	0.01504	0.00905	0.28467	0.04286	0.05469	0.22701	0.04606	0.01304	0.00956	0.00465	0.00443	0.00135	0.00497	0.00444	0.00355	0.10527
7	0.12840	0.36469	0.15754	0.00833	0.01220	0.03145	0.00843	0.01459	0.03308	0.11480	0.06116	0.01066	0.00892	0.00458	0.00355	0.00119	0.00464	0.00329	0.00278	0.02573
8	0.12046	0.08646	0.26768	0.01073	0.01481	0.04494	0.12061	0.06530	0.04495	0.06135	0.03714	0.02974	0.00898	0.06155	0.00544	0.00158	0.00545	0.00414	0.00277	0.00590

[dist]
# distance from previous block
# <min> <max>
1	4

[block]
# block no. 2 follows, 58 sequences, length 14
# corresponding to MSA columns:
# 42-55
name=unknown_C
#
# <colnr> <probs for GDERKNQSTAVLIFYWHMCP>
#	G	D	E	R	K	N	Q	S	T	A	V	L	I	F	Y	W	H	M	C	P
0	0.12057	0.00767	0.00866	0.00699	0.01000	0.00694	0.00556	0.06363	0.05006	0.08881	0.05077	0.10184	0.01220	0.00570	0.00396	0.00113	0.00339	0.03727	0.00347	0.41137
1	0.04481	0.00918	0.01141	0.03435	0.01258	0.05624	0.10219	0.07330	0.21928	0.17088	0.12409	0.01915	0.09009	0.00634	0.00469	0.00144	0.00420	0.00546	0.00419	0.00614
2	0.68860	0.00838	0.00739	0.00647	0.00915	0.00945	0.03251	0.01337	0.05480	0.03431	0.04356	0.01140	0.05610	0.00492	0.00325	0.00140	0.00348	0.00338	0.00308	0.00498
3	0.00916	0.00730	0.00852	0.00637	0.00981	0.00563	0.00504	0.01105	0.00951	0.04230	0.02938	0.04135	0.05650	0.00448	0.00359	0.00082	0.00314	0.00368	0.05339	0.68898
4	0.01202	0.75879	0.06802	0.00813	0.01204	0.05656	0.00820	0.01366	0.00928	0.01075	0.00636	0.00735	0.00574	0.00389	0.00301	0.00099	0.00505	0.00247	0.00193	0.00576
5	0.00910	0.05920	0.78470	0.01253	0.01902	0.01071	0.01614	0.01413	0.00943	0.01401	0.00795	0.00934	0.00567	0.00423	0.00419	0.00140	0.00653	0.00327	0.00189	0.00657
6	0.12734	0.01523	0.01141	0.00983	0.01248	0.40193	0.00767	0.15851	0.03887	0.11493	0.00942	0.00992	0.00707	0.00494	0.00424	0.00127	0.02473	0.00336	0.03096	0.00590
7	0.00960	0.13457	0.63188	0.01149	0.01722	0.01086	0.01421	0.01389	0.00947	0.04399	0.00911	0.05779	0.00728	0.00481	0.00415	0.00138	0.00602	0.00377	0.00216	0.00636
8	0.00577	0.00455	0.00520	0.00504	0.00634	0.00398	0.00378	0.00736	0.01134	0.01481	0.40216	0.03857	0.45453	0.01031	0.00528	0.00146	0.00219	0.00881	0.00451	0.00398
9	0.01077	0.01036	0.01002	0.00990	0.05632	0.16752	0.02489	0.03566	0.29946	0.01510	0.01732	0.13940	0.05365	0.00743	0.00484	0.00149	0.01630	0.05865	0.05531	0.00562
10	0.09176	0.01094	0.01224	0.01004	0.01292	0.12155	0.11647	0.10483	0.23133	0.11843	0.05366	0.01598	0.05668	0.00577	0.00450	0.00142	0.00476	0.01661	0.00387	0.00623
11	0.00575	0.00409	0.00548	0.00643	0.00678	0.00391	0.00448	0.00666	0.00862	0.01147	0.02356	0.67601	0.02782	0.05893	0.03313	0.00215	0.00317	0.10388	0.00401	0.00365
12	0.00559	0.00404	0.00532	0.00629	0.00669	0.00377	0.00436	0.00649	0.00881	0.01162	0.02586	0.72476	0.07799	0.01371	0.00572	0.00182	0.00270	0.07663	0.00415	0.00368
13	0.01403	0.01491	0.01345	0.01163	0.03027	0.35502	0.09961	0.16179	0.14511	0.01597	0.01136	0.06993	0.00964	0.00570	0.00451	0.00136	0.00615	0.02035	0.00324	0.00595

[dist]
# distance from previous block
# <min> <max>
1	21

[block]
# block no. 3 follows, 58 sequences, length 50
# corresponding to MSA columns:
# 77-126
name=unknown_D
#
# <colnr> <probs for GDERKNQSTAVLIFYWHMCP>
#	G	D	E	R	K	N	Q	S	T	A	V	L	I	F	Y	W	H	M	C	P
0	0.75836	0.02646	0.00855	0.04641	0.01073	0.01027	0.05702	0.01315	0.00790	0.01908	0.00649	0.00780	0.00504	0.00414	0.00302	0.00139	0.00387	0.00268	0.00268	0.00495
1	0.02175	0.01077	0.01681	0.17752	0.57409	0.06103	0.02652	0.01348	0.01000	0.01376	0.00816	0.01098	0.00673	0.00421	0.00465	0.00137	0.02562	0.00392	0.00218	0.00647
2	0.02337	0.01102	0.01073	0.00992	0.02780	0.20918	0.00763	0.08608	0.02902	0.02885	0.02531	0.06772	0.01067	0.03775	0.15179	0.00262	0.20196	0.03687	0.01669	0.00501
3	0.00848	0.00533	0.00640	0.00585	0.00751	0.00479	0.01439	0.02440	0.02979	0.14495	0.18978	0.10275	0.36128	0.03767	0.00568	0.00157	0.00272	0.00811	0.03390	0.00463
4	0.01037	0.40777	0.44723	0.01037	0.01568	0.01381	0.01238	0.01381	0.00928	0.01246	0.00718	0.00838	0.00570	0.00405	0.00360	0.00120	0.00576	0.00288	0.00190	0.00620
5	0.02007	0.00761	0.01038	0.00796	0.01142	0.00657	0.00657	0.02180	0.01280	0.81799	0.01765	0.01523	0.01107	0.00554	0.00450	0.00138	0.00381	0.00450	0.00554	0.00761
6	0.00545	0.00389	0.00519	0.00623	0.00649	0.00363	0.00415	0.00623	0.00856	0.01142	0.02465	0.83987	0.02959	0.01401	0.00571	0.00182	0.00260	0.01272	0.00415	0.00363
7	0.00938	0.00869	0.01364	0.06483	0.44593	0.02528	0.04058	0.01157	0.01024	0.02916	0.05204	0.07116	0.18565	0.00650	0.00476	0.00142	0.00449	0.00594	0.00293	0.00583
8	0.01110	0.00846	0.00943	0.00867	0.03762	0.03049	0.00650	0.17889	0.23958	0.07201	0.13533	0.10605	0.08955	0.00856	0.03549	0.00168	0.00392	0.00634	0.00436	0.00598
9	0.00817	0.00491	0.00640	0.00584	0.00718	0.00450	0.00444	0.01020	0.01239	0.11794	0.64551	0.04584	0.03606	0.00853	0.00505	0.00139	0.00233	0.00747	0.06123	0.00463
10	0.00544	0.00393	0.00516	0.00614	0.00647	0.00364	0.00411	0.00624	0.00865	0.01145	0.02569	0.79978	0.06901	0.01388	0.00569	0.00180	0.00258	0.01255	0.00415	0.00364
11	0.02687	0.01212	0.06870	0.15068	0.23774	0.10778	0.14888	0.05440	0.04307	0.04697	0.03841	0.01272	0.00860	0.00467	0.00457	0.00140	0.00590	0.01770	0.00266	0.00615
12	0.01628	0.01806	0.01248	0.01117	0.02997	0.57533	0.00841	0.17515	0.02942	0.03441	0.00851	0.00936	0.00668	0.00483	0.00411	0.00120	0.00694	0.00327	0.03864	0.00577
13	0.01992	0.00786	0.01053	0.00808	0.01154	0.00694	0.00667	0.06096	0.01322	0.77825	0.01730	0.01500	0.01090	0.00553	0.00450	0.00138	0.00386	0.00447	0.00548	0.00761
14	0.00928	0.00795	0.00928	0.00663	0.01060	0.00596	0.00530	0.01126	0.00928	0.01458	0.00795	0.00928	0.00663	0.00331	0.00331	0.00066	0.00331	0.00265	0.00265	0.87014
15	0.00572	0.00419	0.00541	0.00626	0.00670	0.00398	0.00425	0.00707	0.04184	0.01208	0.06566	0.73715	0.05628	0.01334	0.00562	0.00177	0.00260	0.01205	0.00421	0.00381
16	0.48112	0.00939	0.07423	0.11143	0.01261	0.00933	0.00702	0.04587	0.02440	0.08745	0.00947	0.05472	0.00785	0.03362	0.00424	0.00153	0.00412	0.01334	0.00303	0.00526
17	0.01351	0.00946	0.01002	0.00808	0.01074	0.01028	0.00654	0.49056	0.04327	0.02346	0.01424	0.01468	0.05804	0.00571	0.00413	0.00127	0.00387	0.00443	0.26138	0.00633
18	0.01136	0.01043	0.01738	0.07197	0.70858	0.01057	0.01317	0.03728	0.02468	0.03847	0.00890	0.01133	0.00727	0.00414	0.00444	0.00134	0.00526	0.00402	0.00241	0.00700
19	0.01624	0.03315	0.01348	0.01171	0.01421	0.72036	0.04660	0.05222	0.02942	0.01203	0.00741	0.00854	0.00606	0.00462	0.00411	0.00118	0.00776	0.00308	0.00244	0.00538
20	0.01071	0.01171	0.02498	0.01786	0.02232	0.01088	0.73186	0.01432	0.01054	0.03372	0.00919	0.01197	0.00688	0.00379	0.00514	0.00145	0.00720	0.00510	0.00236	0.05801
21	0.01042	0.01107	0.02175	0.01610	0.01954	0.02225	0.55868	0.01364	0.02554	0.03217	0.02089	0.04295	0.00853	0.00510	0.00670	0.00157	0.13718	0.01949	0.00248	0.02394
22	0.00626	0.00471	0.00575	0.00562	0.00674	0.00435	0.00416	0.02599	0.02294	0.01580	0.48127	0.16128	0.21796	0.01028	0.00532	0.00150	0.00231	0.00899	0.00461	0.00414
23	0.01094	0.01049	0.01792	0.06830	0.77508	0.01059	0.01366	0.01361	0.01012	0.01445	0.00839	0.01111	0.00703	0.00401	0.00443	0.00134	0.00535	0.00399	0.00220	0.00698
24	0.01134	0.67366	0.18979	0.00872	0.01313	0.01617	0.00951	0.01356	0.00916	0.01129	0.00660	0.00765	0.00573	0.00392	0.00316	0.00105	0.00517	0.00258	0.00191	0.00592
25	0.01522	0.01644	0.01501	0.01232	0.01505	0.41686	0.13093	0.19134	0.01364	0.03510	0.00826	0.00963	0.00647	0.00499	0.00540	0.00134	0.08965	0.00365	0.00283	0.00589
26	0.01994	0.00782	0.01051	0.00806	0.01152	0.00688	0.00665	0.05398	0.01314	0.78533	0.01736	0.01504	0.01093	0.00553	0.00450	0.00138	0.00385	0.00448	0.00549	0.00761
27	0.00638	0.00472	0.00674	0.14957	0.01076	0.00484	0.00559	0.00756	0.00871	0.03086	0.03417	0.62771	0.02467	0.04806	0.00620	0.00185	0.00328	0.01065	0.00376	0.00393
28	0.01640	0.01833	0.01345	0.01158	0.01425	0.60805	0.07001	0.05609	0.04062	0.09679	0.00878	0.00956	0.00676	0.00473	0.00422	0.00123	0.00727	0.00337	0.00282	0.00569
29	0.00568	0.00425	0.00530	0.00592	0.00657	0.00393	0.00410	0.00701	0.03074	0.01254	0.12574	0.57208	0.17426	0.01271	0.00555	0.00170	0.00250	0.01134	0.00426	0.00382
30	0.01101	0.00908	0.00968	0.00869	0.01115	0.01030	0.00676	0.02222	0.70376	0.05136	0.04453	0.01865	0.06002	0.00644	0.00461	0.00151	0.00343	0.00538	0.00458	0.00682
31	0.00638	0.00513	0.00813	0.00807	0.00902	0.00484	0.10207	0.00777	0.00919	0.01220	0.03276	0.57820	0.04270	0.01236	0.00572	0.00181	0.00345	0.14225	0.00392	0.00402
32	0.01050	0.01006	0.01647	0.27687	0.53780	0.02753	0.01311	0.02938	0.01008	0.01383	0.00829	0.01127	0.00672	0.00418	0.00443	0.00138	0.00557	0.00396	0.00219	0.00640
33	0.00631	0.00457	0.00594	0.00560	0.00667	0.00421	0.00420	0.00839	0.01260	0.01780	0.79397	0.03365	0.06086	0.00920	0.00528	0.00141	0.00211	0.00812	0.00491	0.00421
34	0.00550	0.00393	0.00525	0.00629	0.00657	0.00368	0.00425	0.00632	0.00862	0.01148	0.02462	0.81531	0.02947	0.01396	0.00572	0.00182	0.00264	0.03674	0.00415	0.00365
35	0.00563	0.00402	0.00540	0.00644	0.00677	0.00379	0.00447	0.00654	0.00874	0.01162	0.02455	0.75858	0.02919	0.01384	0.00576	0.00184	0.00275	0.09222	0.00415	0.00368
36	0.03669	0.01039	0.01172	0.00913	0.01244	0.01099	0.00750	0.48641	0.03678	0.24821	0.01298	0.01252	0.00894	0.00606	0.02363	0.00148	0.00456	0.00417	0.04812	0.00727
37	0.00566	0.00468	0.00485	0.00479	0.00617	0.00409	0.00352	0.00713	0.03496	0.01249	0.10471	0.04029	0.65883	0.08001	0.00671	0.00174	0.00246	0.00895	0.00411	0.00383
38	0.01094	0.01049	0.01792	0.06794	0.77544	0.01059	0.01366	0.01361	0.01012	0.01445	0.00839	0.01111	0.00703	0.00401	0.00443	0.00134	0.00535	0.00399	0.00220	0.00698
39	0.03434	0.01009	0.01118	0.00874	0.01204	0.01040	0.00709	0.40887	0.08976	0.09567	0.05216	0.03835	0.01065	0.00545	0.00428	0.00124	0.00411	0.00432	0.00417	0.18709
40	0.02924	0.01281	0.01257	0.00999	0.01326	0.11989	0.00810	0.52217	0.07714	0.07521	0.01094	0.01098	0.00792	0.00526	0.00453	0.00131	0.02015	0.00389	0.00410	0.05056
41	0.01070	0.01228	0.02607	0.01868	0.02315	0.03048	0.78003	0.01441	0.01061	0.01425	0.00900	0.01197	0.00676	0.00379	0.00525	0.00150	0.00755	0.00522	0.00226	0.00601
42	0.00601	0.00474	0.00554	0.00584	0.00715	0.00426	0.00471	0.00753	0.01046	0.01306	0.11128	0.04453	0.48479	0.01145	0.00557	0.00168	0.00285	0.26039	0.00422	0.00393
43	0.01071	0.50032	0.35762	0.00979	0.01479	0.01463	0.01138	0.01372	0.00924	0.01205	0.00698	0.00813	0.00571	0.00400	0.00345	0.00115	0.00555	0.00278	0.00190	0.00611
44	0.02229	0.16054	0.49185	0.01224	0.01768	0.03939	0.11292	0.01473	0.03453	0.04144	0.00844	0.00974	0.00625	0.00423	0.00414	0.00134	0.00623	0.00347	0.00218	0.00637
45	0.01520	0.00656	0.00837	0.00682	0.00947	0.00586	0.00550	0.01732	0.04019	0.51228	0.06500	0.02007	0.11502	0.00644	0.00442	0.00135	0.00323	0.00529	0.14524	0.00636
46	0.00588	0.00443	0.00543	0.00545	0.00647	0.00399	0.00398	0.00747	0.01120	0.01510	0.45271	0.19102	0.24917	0.01067	0.00536	0.00151	0.00225	0.00935	0.00457	0.00399
47	0.06191	0.13851	0.12004	0.01033	0.02765	0.09742	0.06395	0.16088	0.04614	0.19792	0.02616	0.01136	0.00836	0.00485	0.00414	0.00131	0.00520	0.00379	0.00349	0.00658
48	0.01465	0.01047	0.01418	0.02804	0.01463	0.04643	0.16936	0.23642	0.10308	0.22270	0.01481	0.03115	0.04980	0.01709	0.00495	0.00146	0.00499	0.00495	0.00411	0.00673
49	0.00548	0.00393	0.00521	0.00617	0.00649	0.00366	0.00414	0.00632	0.00876	0.01169	0.05584	0.79280	0.04538	0.01377	0.00568	0.00179	0.00257	0.01247	0.00418	0.00366

[dist]
# distance from previous block
# <min> <max>
1	4

[block]
# block no. 4 follows, 58 sequences, length 50
# corresponding to MSA columns:
# 131-180
name=unknown_E
#
# <colnr> <probs for GDERKNQSTAVLIFYWHMCP>
#	G	D	E	R	K	N	Q	S	T	A	V	L	I	F	Y	W	H	M	C	P
0	0.01037	0.00944	0.01179	0.24903	0.05460	0.08486	0.04001	0.08458	0.08788	0.03127	0.05892	0.06828	0.03577	0.00597	0.00474	0.00139	0.02107	0.03018	0.00311	0.10675
1	0.01127	0.61127	0.23363	0.00908	0.01361	0.03231	0.01002	0.01369	0.00926	0.01150	0.00671	0.00779	0.00572	0.00395	0.00326	0.00108	0.00533	0.00264	0.00192	0.00596
2	0.00661	0.09240	0.02664	0.00702	0.00801	0.00576	0.01900	0.00804	0.02823	0.01175	0.02143	0.60706	0.02485	0.01285	0.03204	0.00190	0.00346	0.07509	0.00378	0.00410
3	0.00650	0.00466	0.00561	0.00575	0.00685	0.00427	0.00429	0.00813	0.02977	0.03824	0.22073	0.20973	0.28725	0.02974	0.00596	0.01643	0.00262	0.08303	0.02640	0.00404
4	0.01196	0.84548	0.02344	0.00765	0.01148	0.01770	0.00765	0.01339	0.00909	0.01052	0.00622	0.00718	0.00574	0.00383	0.00287	0.00096	0.00478	0.00239	0.00191	0.00574
5	0.00696	0.00552	0.00657	0.00614	0.00748	0.00552	0.00468	0.01041	0.13275	0.01649	0.49161	0.03214	0.20771	0.00911	0.00551	0.00147	0.03298	0.00777	0.00459	0.00458
6	0.00547	0.00391	0.00521	0.00621	0.00649	0.00365	0.00415	0.00628	0.00866	0.01158	0.04388	0.82020	0.02989	0.01390	0.00570	0.00181	0.00258	0.01260	0.00417	0.00365
7	0.00721	0.00515	0.00721	0.00824	0.00927	0.00515	0.00721	0.00927	0.01030	0.01339	0.02368	0.05046	0.02574	0.01236	0.00618	0.00206	0.00412	0.78478	0.00412	0.00412
8	0.01100	0.01056	0.01803	0.04844	0.79444	0.01061	0.01369	0.01367	0.01015	0.01453	0.00840	0.01109	0.00706	0.00400	0.00443	0.00133	0.00533	0.00399	0.00221	0.00703
9	0.00639	0.00479	0.00719	0.00719	0.00799	0.00559	0.00559	0.00799	0.00719	0.01038	0.01198	0.01757	0.01118	0.03355	0.82507	0.00719	0.01198	0.00479	0.00240	0.00399
10	0.00552	0.00454	0.00485	0.00477	0.00618	0.00387	0.00358	0.00686	0.01074	0.01337	0.21367	0.04094	0.64392	0.01085	0.00528	0.00149	0.00223	0.00914	0.00432	0.00387
11	0.00639	0.00479	0.00719	0.00719	0.00799	0.00559	0.00559	0.00799	0.00719	0.01038	0.01198	0.01757	0.01118	0.03355	0.82507	0.00719	0.01198	0.00479	0.00240	0.00399
12	0.00908	0.00859	0.01455	0.63932	0.21862	0.01010	0.01274	0.01198	0.00924	0.01219	0.00806	0.01172	0.00623	0.00436	0.00446	0.00145	0.00581	0.00398	0.00204	0.00548
13	0.87439	0.00865	0.00657	0.00588	0.00865	0.01003	0.00484	0.01315	0.00761	0.02007	0.00623	0.00727	0.00484	0.00415	0.00277	0.00138	0.00346	0.00242	0.00277	0.00484
14	0.00647	0.00432	0.00489	0.00493	0.00494	0.00431	0.00276	0.00649	0.00658	0.00877	0.01448	0.05908	0.01675	0.81231	0.02214	0.00424	0.00427	0.00673	0.00276	0.00274
15	0.00897	0.02314	0.81962	0.01275	0.01936	0.01039	0.01653	0.01417	0.00944	0.01417	0.00803	0.00944	0.00567	0.00425	0.00425	0.00142	0.00661	0.00331	0.00189	0.00661
16	0.00721	0.00580	0.00640	0.00663	0.03542	0.03619	0.00471	0.02153	0.04059	0.02548	0.05455	0.03296	0.35167	0.15932	0.09774	0.00264	0.00429	0.07498	0.02781	0.00409
17	0.00946	0.00802	0.00933	0.00674	0.01062	0.00619	0.00539	0.03880	0.00967	0.01498	0.00844	0.02883	0.00720	0.00364	0.00341	0.00071	0.00335	0.00293	0.00275	0.81955
18	0.01534	0.01190	0.01234	0.00986	0.01308	0.04103	0.00800	0.57525	0.19038	0.02502	0.01299	0.01269	0.02534	0.00561	0.00447	0.00137	0.00463	0.00432	0.01909	0.00727
19	0.00913	0.04267	0.76735	0.01323	0.05178	0.01058	0.01620	0.01413	0.00947	0.01410	0.00800	0.00946	0.00573	0.00423	0.00422	0.00140	0.00651	0.00331	0.00190	0.00661
20	0.64930	0.04333	0.00969	0.03075	0.16635	0.01046	0.00688	0.01323	0.00821	0.01840	0.00670	0.00812	0.00535	0.00411	0.00314	0.00136	0.00394	0.00276	0.00261	0.00532
21	0.03347	0.01195	0.01345	0.08809	0.04345	0.01331	0.00898	0.68220	0.01924	0.02597	0.01030	0.01079	0.00738	0.00521	0.00444	0.00136	0.00500	0.00399	0.00413	0.00728
22	0.01654	0.01208	0.01293	0.00996	0.01341	0.01335	0.00821	0.75752	0.02041	0.02757	0.01095	0.01106	0.00781	0.00536	0.00440	0.00133	0.00477	0.00404	0.05089	0.00742
23	0.66246	0.00968	0.00819	0.00695	0.00989	0.02666	0.00571	0.17656	0.01060	0.03784	0.00741	0.00816	0.00556	0.00444	0.00318	0.00137	0.00386	0.00281	0.00317	0.00548
24	0.00989	0.01009	0.01537	0.01268	0.01327	0.01339	0.11346	0.01123	0.00734	0.01123	0.00629	0.01009	0.00599	0.00730	0.01344	0.00190	0.72591	0.00409	0.00200	0.00504
25	0.00545	0.00389	0.00519	0.00623	0.00649	0.00363	0.00415	0.00623	0.00856	0.01142	0.02465	0.83987	0.02959	0.01401	0.00571	0.00182	0.00260	0.01272	0.00415	0.00363
26	0.00545	0.00389	0.00519	0.00623	0.00649	0.00363	0.00415	0.00623	0.00856	0.01142	0.02465	0.83987	0.02959	0.01401	0.00571	0.00182	0.00260	0.01272	0.00415	0.00363
27	0.00737	0.00619	0.00954	0.00859	0.01005	0.00609	0.13225	0.01016	0.09188	0.02494	0.14174	0.37101	0.08302	0.01027	0.00564	0.00166	0.02271	0.04834	0.00397	0.00458
28	0.00777	0.00389	0.00583	0.00583	0.00583	0.00389	0.00389	0.00583	0.00583	0.00777	0.00777	0.01360	0.00777	0.01554	0.01748	0.86985	0.00389	0.00389	0.00194	0.00194
29	0.00979	0.00979	0.01370	0.01174	0.01174	0.01370	0.00979	0.01077	0.00685	0.01077	0.00587	0.00979	0.00587	0.00783	0.01468	0.00196	0.83461	0.00391	0.00196	0.00489
30	0.00916	0.07388	0.77049	0.01244	0.01887	0.01084	0.01598	0.01412	0.00942	0.01394	0.00792	0.00930	0.00567	0.00422	0.00416	0.00139	0.00650	0.00325	0.00189	0.00656
31	0.01097	0.01052	0.01797	0.05915	0.78400	0.01060	0.01368	0.01364	0.01014	0.01449	0.00840	0.01110	0.00704	0.00400	0.00443	0.00133	0.00534	0.00399	0.00221	0.00700
32	0.01081	0.00558	0.00733	0.00632	0.00821	0.00497	0.00494	0.01272	0.01252	0.28321	0.48828	0.02813	0.09239	0.00812	0.00502	0.00141	0.00269	0.00700	0.00507	0.00531
33	0.00643	0.00463	0.00635	0.00635	0.00685	0.00513	0.00454	0.00745	0.00694	0.00976	0.01275	0.02185	0.01304	0.32904	0.53211	0.00615	0.00919	0.00542	0.00251	0.00353
34	0.03753	0.01363	0.01155	0.00962	0.01255	0.32028	0.00759	0.15709	0.01402	0.32572	0.02507	0.02530	0.00910	0.00532	0.00431	0.00130	0.00557	0.00394	0.00402	0.00650
35	0.00736	0.00580	0.00809	0.02793	0.15322	0.00545	0.00599	0.00929	0.01138	0.03968	0.40766	0.05901	0.22447	0.00871	0.00510	0.00143	0.00288	0.00764	0.00417	0.00473
36	0.60078	0.00956	0.00842	0.00707	0.01005	0.02856	0.00581	0.16317	0.01083	0.10746	0.00833	0.00880	0.00606	0.00454	0.00331	0.00137	0.00388	0.00296	0.00338	0.00567
37	0.87439	0.00865	0.00657	0.00588	0.00865	0.01003	0.00484	0.01315	0.00761	0.02007	0.00623	0.00727	0.00484	0.00415	0.00277	0.00138	0.00346	0.00242	0.00277	0.00484
38	0.00718	0.00504	0.00634	0.00605	0.00724	0.00477	0.00453	0.04150	0.03286	0.04490	0.53765	0.16136	0.09204	0.00977	0.00528	0.00149	0.00244	0.02041	0.00473	0.00443
39	0.87439	0.00865	0.00657	0.00588	0.00865	0.01003	0.00484	0.01315	0.00761	0.02007	0.00623	0.00727	0.00484	0.00415	0.00277	0.00138	0.00346	0.00242	0.00277	0.00484
40	0.01437	0.01007	0.01070	0.00852	0.01135	0.01104	0.00694	0.55259	0.04174	0.02464	0.01206	0.01260	0.00889	0.00535	0.00410	0.00126	0.00408	0.00410	0.24899	0.00662
41	0.00531	0.00453	0.00456	0.00456	0.00606	0.00379	0.00342	0.00646	0.01025	0.01221	0.06215	0.04284	0.79616	0.01128	0.00529	0.00151	0.00226	0.00941	0.00417	0.00379
42	0.00685	0.00474	0.00609	0.00585	0.00704	0.00436	0.00452	0.00884	0.01210	0.04623	0.60414	0.03533	0.12082	0.00953	0.00531	0.00148	0.00240	0.09130	0.01878	0.00429
43	0.00845	0.00795	0.01342	0.83204	0.03081	0.00994	0.01242	0.01143	0.00894	0.01143	0.00795	0.01193	0.00596	0.00447	0.00447	0.00149	0.00596	0.00398	0.00199	0.00497
44	0.00750	0.00483	0.00635	0.00583	0.00709	0.00442	0.00442	0.00958	0.01267	0.08604	0.74486	0.03187	0.03956	0.00884	0.00521	0.00140	0.00225	0.00778	0.00498	0.00451
45	0.00564	0.00397	0.00513	0.00598	0.00619	0.00376	0.00389	0.00628	0.00818	0.01091	0.02271	0.69032	0.02713	0.16692	0.00886	0.00228	0.00292	0.01157	0.00389	0.00346
46	0.01525	0.01099	0.01194	0.00963	0.01283	0.01214	0.00780	0.44497	0.29739	0.10723	0.01409	0.01331	0.01010	0.00563	0.00450	0.00141	0.00432	0.00444	0.00461	0.00742
47	0.01172	0.77870	0.08810	0.00807	0.01212	0.01711	0.00837	0.01346	0.00912	0.01082	0.00637	0.00736	0.00573	0.00386	0.00298	0.00099	0.00493	0.00247	0.00191	0.00581
48	0.01300	0.01069	0.01212	0.15384	0.01577	0.03791	0.00866	0.33417	0.25139	0.02055	0.02863	0.01315	0.00974	0.00560	0.00503	0.00144	0.04930	0.00437	0.01802	0.00664
49	0.01169	0.01104	0.01582	0.07382	0.51454	0.10399	0.03149	0.02739	0.01073	0.05421	0.01032	0.01511	0.00900	0.00506	0.00459	0.00140	0.00552	0.08523	0.00261	0.00643

[dist]
# distance from previous block
# <min> <max>
0	17

# created by:
# /st0/software/busco_prod/Augustus/scripts/msa2prfl.pl ./align_prep/139238.fa
