[name]
unknown

[dist]
# distance from previous block
# <min> <max>
0	102

[block]
# block no. 0 follows, 60 sequences, length 6
# corresponding to MSA columns:
# 105-110
name=unknown_A
#
# <colnr> <probs for GDERKNQSTAVLIFYWHMCP>
#	G	D	E	R	K	N	Q	S	T	A	V	L	I	F	Y	W	H	M	C	P
0	0.05096	0.00773	0.01031	0.30929	0.01711	0.00855	0.00816	0.17340	0.01135	0.08618	0.01354	0.12310	0.04199	0.04929	0.00542	0.00159	0.00450	0.03943	0.00328	0.03482
1	0.01104	0.00765	0.00864	0.00754	0.00954	0.04419	0.02093	0.05550	0.22752	0.16512	0.12524	0.06391	0.04733	0.13245	0.00725	0.00183	0.00368	0.02506	0.00415	0.03144
2	0.00909	0.00626	0.00730	0.00677	0.00819	0.00644	0.00512	0.17866	0.05027	0.04509	0.15386	0.22649	0.04307	0.09912	0.00673	0.00178	0.00325	0.05750	0.08025	0.00475
3	0.05009	0.00936	0.01347	0.59142	0.15776	0.08175	0.01165	0.01214	0.00918	0.01201	0.00766	0.01095	0.00593	0.00428	0.00424	0.00139	0.00578	0.00371	0.00204	0.00520
4	0.07220	0.01007	0.00889	0.00782	0.01000	0.18737	0.00591	0.11417	0.03415	0.01449	0.01237	0.20917	0.01244	0.05404	0.02658	0.00154	0.00458	0.00546	0.00315	0.20559
5	0.01165	0.00593	0.00774	0.00684	0.00868	0.00566	0.00530	0.01405	0.07733	0.32096	0.16129	0.11470	0.01939	0.07875	0.09398	0.00226	0.00412	0.03013	0.02586	0.00539

[dist]
# distance from previous block
# <min> <max>
6	14

[block]
# block no. 1 follows, 60 sequences, length 6
# corresponding to MSA columns:
# 125-130
name=unknown_B
#
# <colnr> <probs for GDERKNQSTAVLIFYWHMCP>
#	G	D	E	R	K	N	Q	S	T	A	V	L	I	F	Y	W	H	M	C	P
0	0.01264	0.00931	0.01677	0.01250	0.01590	0.00879	0.36991	0.05422	0.02747	0.24819	0.03408	0.04182	0.03547	0.03086	0.00561	0.00152	0.02607	0.02164	0.00351	0.02371
1	0.21236	0.00911	0.01139	0.10635	0.19700	0.03836	0.02576	0.10458	0.04268	0.06526	0.11604	0.01392	0.02914	0.00514	0.00409	0.00135	0.00430	0.00424	0.00319	0.00573
2	0.00752	0.00698	0.01107	0.64313	0.02443	0.00830	0.01007	0.01001	0.00900	0.01129	0.01621	0.01867	0.19431	0.00591	0.00454	0.00146	0.00498	0.00511	0.00243	0.00457
3	0.27016	0.01309	0.19832	0.04272	0.01306	0.08374	0.00865	0.11428	0.10356	0.04697	0.00940	0.01057	0.00714	0.03265	0.00435	0.00144	0.00478	0.00341	0.02595	0.00576
4	0.00864	0.00638	0.00821	0.00750	0.00884	0.00721	0.00585	0.19272	0.01008	0.01400	0.01159	0.01665	0.01056	0.10215	0.56270	0.00543	0.00939	0.00466	0.00284	0.00460
5	0.01737	0.20346	0.01343	0.00796	0.01143	0.00978	0.00688	0.11349	0.01261	0.53846	0.01381	0.01250	0.00918	0.00499	0.00401	0.00125	0.00406	0.00385	0.00445	0.00700

[dist]
# distance from previous block
# <min> <max>
1	10

[block]
# block no. 2 follows, 60 sequences, length 110
# corresponding to MSA columns:
# 141-167,169-189,191-208,222-265
name=unknown_C
#
# <colnr> <probs for GDERKNQSTAVLIFYWHMCP>
#	G	D	E	R	K	N	Q	S	T	A	V	L	I	F	Y	W	H	M	C	P
0	0.00699	0.00499	0.00699	0.00799	0.00898	0.00499	0.00697	0.00897	0.01001	0.01301	0.02311	0.06561	0.02518	0.01208	0.00601	0.00200	0.00399	0.77410	0.00402	0.00401
1	0.03290	0.02678	0.01452	0.01727	0.39642	0.04248	0.01009	0.17913	0.01248	0.14386	0.00991	0.01095	0.00746	0.00438	0.00417	0.00124	0.00477	0.00376	0.00317	0.07425
2	0.00600	0.00408	0.00486	0.00519	0.00528	0.00400	0.00311	0.00625	0.00701	0.00934	0.01715	0.29875	0.02016	0.57064	0.01669	0.00341	0.00367	0.00835	0.00311	0.00294
3	0.01085	0.00937	0.00986	0.00888	0.01134	0.01085	0.00690	0.02318	0.81164	0.01824	0.01775	0.01627	0.01331	0.00592	0.00444	0.00148	0.00345	0.00493	0.00444	0.00690
4	0.00608	0.00412	0.00483	0.00509	0.00515	0.00405	0.00300	0.00627	0.00685	0.00913	0.01635	0.23502	0.01915	0.63576	0.01799	0.00361	0.00380	0.00788	0.00300	0.00287
5	0.01957	0.00742	0.01012	0.00776	0.01113	0.00641	0.00641	0.02126	0.01248	0.82254	0.01721	0.01484	0.01080	0.00540	0.00439	0.00135	0.00371	0.00439	0.00540	0.00742
6	0.25745	0.00780	0.00915	0.00724	0.01043	0.00749	0.00598	0.03443	0.01124	0.58410	0.01399	0.01261	0.00905	0.00502	0.00392	0.00135	0.00364	0.00382	0.00463	0.00667
7	0.22585	0.00767	0.00923	0.00727	0.01048	0.00722	0.00600	0.01923	0.01127	0.62947	0.01453	0.01298	0.00934	0.00507	0.00398	0.00135	0.00363	0.00390	0.00475	0.00677
8	0.01629	0.02079	0.01236	0.01124	0.01348	0.82921	0.00843	0.01742	0.01236	0.01067	0.00674	0.00787	0.00562	0.00449	0.00393	0.00112	0.00787	0.00281	0.00225	0.00506
9	0.01045	0.01117	0.02248	0.03564	0.32430	0.01075	0.49110	0.01370	0.01013	0.01403	0.00857	0.01140	0.00671	0.00377	0.00482	0.00140	0.00650	0.00465	0.00218	0.00625
10	0.00686	0.00524	0.00638	0.00596	0.00725	0.00517	0.00451	0.01050	0.14059	0.01724	0.63796	0.03058	0.08773	0.00857	0.00503	0.00140	0.00229	0.00750	0.00469	0.00453
11	0.00633	0.00426	0.00494	0.00494	0.00501	0.00433	0.00287	0.00646	0.00640	0.00859	0.01357	0.02760	0.01545	0.77966	0.08870	0.00446	0.00484	0.00620	0.00262	0.00275
12	0.00623	0.00466	0.00697	0.00697	0.00773	0.00543	0.00540	0.00776	0.00700	0.01009	0.01172	0.01735	0.01100	0.04808	0.81420	0.00696	0.01154	0.00470	0.00234	0.00387
13	0.01262	0.64155	0.03606	0.00805	0.01157	0.10703	0.00763	0.04220	0.00997	0.05812	0.02620	0.00832	0.00681	0.00410	0.00316	0.00101	0.00495	0.00271	0.00227	0.00569
14	0.03473	0.07175	0.04539	0.01352	0.11205	0.21782	0.18399	0.06354	0.02248	0.17797	0.00985	0.01073	0.00723	0.00441	0.00427	0.00128	0.00596	0.00384	0.00299	0.00619
15	0.01469	0.00946	0.05026	0.01193	0.11921	0.00856	0.10690	0.12705	0.03799	0.36037	0.07529	0.03490	0.01191	0.00540	0.00455	0.00137	0.00447	0.00478	0.00416	0.00675
16	0.01198	0.10840	0.10275	0.00873	0.01151	0.19157	0.00771	0.12720	0.01257	0.07890	0.23058	0.01630	0.03134	0.00593	0.00450	0.00126	0.02344	0.00461	0.00344	0.01728
17	0.00594	0.00445	0.00551	0.00525	0.00638	0.00402	0.00394	0.00779	0.01181	0.01621	0.64347	0.03469	0.21570	0.00939	0.00515	0.00139	0.00209	0.00818	0.00463	0.00402
18	0.00938	0.00892	0.01515	0.47317	0.38414	0.00999	0.01268	0.01215	0.00926	0.01254	0.00795	0.01125	0.00630	0.00415	0.00434	0.00138	0.00553	0.00388	0.00204	0.00577
19	0.01029	0.01176	0.02574	0.01838	0.02279	0.01103	0.80368	0.01397	0.01029	0.01397	0.00882	0.01176	0.00662	0.00368	0.00515	0.00147	0.00735	0.00515	0.00221	0.00588
20	0.00588	0.00445	0.00543	0.00518	0.00634	0.00399	0.00389	0.00767	0.01166	0.01587	0.59745	0.03525	0.26193	0.00952	0.00515	0.00140	0.00210	0.00826	0.00459	0.00399
21	0.01166	0.84935	0.02285	0.00746	0.01119	0.01726	0.00746	0.01306	0.00886	0.01026	0.00606	0.00700	0.00560	0.00373	0.00280	0.00093	0.00466	0.00233	0.00187	0.00560
22	0.00617	0.00446	0.00583	0.00549	0.00652	0.00412	0.00412	0.00823	0.01235	0.01749	0.81722	0.03258	0.04115	0.00892	0.00514	0.00137	0.00206	0.00789	0.00480	0.00412
23	0.00904	0.00775	0.00904	0.00646	0.01034	0.00581	0.00517	0.01098	0.00904	0.01421	0.00775	0.00904	0.00646	0.00323	0.00323	0.00065	0.00323	0.00258	0.00258	0.87339
24	0.01618	0.01202	0.01286	0.00995	0.01337	0.01334	0.00819	0.74994	0.07620	0.02684	0.01098	0.01088	0.00783	0.00528	0.00437	0.00132	0.00470	0.00400	0.00437	0.00738
25	0.00635	0.00425	0.00485	0.00487	0.00490	0.00427	0.00279	0.00642	0.00642	0.00858	0.01386	0.02863	0.01590	0.81294	0.04103	0.00426	0.00440	0.01993	0.00266	0.00270
26	0.01657	0.01261	0.01306	0.01009	0.01352	0.05085	0.00830	0.76894	0.02013	0.02672	0.01030	0.01035	0.00733	0.00520	0.00434	0.00130	0.00494	0.00388	0.00427	0.00731
27	0.87753	0.00843	0.00641	0.00574	0.00843	0.00978	0.00472	0.01282	0.00742	0.01957	0.00607	0.00709	0.00472	0.00405	0.00270	0.00135	0.00337	0.00236	0.00270	0.00472
28	0.01678	0.03003	0.01192	0.00899	0.01230	0.01078	0.00742	0.46968	0.04250	0.28515	0.04971	0.01301	0.01021	0.00544	0.00437	0.00132	0.00427	0.00425	0.00466	0.00721
29	0.00634	0.00423	0.00476	0.00476	0.00476	0.00423	0.00264	0.00634	0.00634	0.00846	0.01374	0.02854	0.01586	0.84672	0.02220	0.00423	0.00423	0.00634	0.00264	0.00264
30	0.87753	0.00843	0.00641	0.00574	0.00843	0.00978	0.00472	0.01282	0.00742	0.01957	0.00607	0.00709	0.00472	0.00405	0.00270	0.00135	0.00337	0.00236	0.00270	0.00472
31	0.00515	0.00442	0.00442	0.00442	0.00589	0.00368	0.00331	0.00626	0.00994	0.01178	0.04418	0.04197	0.81775	0.01105	0.00515	0.00147	0.00221	0.00920	0.00405	0.00368
32	0.00531	0.00380	0.00506	0.00607	0.00633	0.00354	0.00405	0.00607	0.00835	0.01113	0.02404	0.84388	0.02885	0.01366	0.00557	0.00177	0.00253	0.01240	0.00405	0.00354
33	0.01140	0.00768	0.00928	0.00675	0.01051	0.00595	0.00545	0.01328	0.00981	0.19484	0.00986	0.01034	0.00743	0.00371	0.00349	0.00080	0.00334	0.00299	0.00321	0.67988
34	0.01163	0.02762	0.01673	0.02342	0.65726	0.09646	0.01230	0.01421	0.02915	0.03865	0.00846	0.01064	0.00699	0.00412	0.00447	0.00129	0.02385	0.00378	0.00231	0.00666
35	0.00954	0.00954	0.01336	0.01145	0.01145	0.01336	0.00954	0.01050	0.00668	0.01050	0.00573	0.00954	0.00573	0.00763	0.01431	0.00191	0.83874	0.00382	0.00191	0.00477
36	0.00617	0.00446	0.00583	0.00549	0.00652	0.00412	0.00412	0.00823	0.01235	0.01749	0.81722	0.03258	0.04115	0.00892	0.00514	0.00137	0.00206	0.00789	0.00480	0.00412
37	0.00904	0.00775	0.00904	0.00646	0.01034	0.00581	0.00517	0.01098	0.00904	0.01421	0.00775	0.00904	0.00646	0.00323	0.00323	0.00065	0.00323	0.00258	0.00258	0.87339
38	0.01059	0.00914	0.00961	0.00867	0.01109	0.01052	0.00674	0.02240	0.77495	0.01795	0.01896	0.01745	0.05012	0.00615	0.00447	0.00148	0.00339	0.00513	0.00442	0.00676
39	0.00531	0.00380	0.00506	0.00607	0.00633	0.00354	0.00405	0.00607	0.00835	0.01113	0.02404	0.84388	0.02885	0.01366	0.00557	0.00177	0.00253	0.01240	0.00405	0.00354
40	0.05883	0.00747	0.00995	0.00767	0.01101	0.00656	0.00633	0.02087	0.01225	0.78580	0.01670	0.01449	0.01052	0.00534	0.00431	0.00135	0.00370	0.00429	0.00527	0.00730
41	0.00615	0.00446	0.00580	0.00546	0.00650	0.00411	0.00410	0.00819	0.01230	0.01737	0.80126	0.03277	0.05718	0.00896	0.00514	0.00137	0.00206	0.00791	0.00479	0.00411
42	0.00531	0.00380	0.00506	0.00607	0.00633	0.00354	0.00405	0.00607	0.00835	0.01113	0.02404	0.84388	0.02885	0.01366	0.00557	0.00177	0.00253	0.01240	0.00405	0.00354
43	0.01068	0.01010	0.01702	0.14278	0.64891	0.01043	0.03244	0.04930	0.01025	0.01440	0.00826	0.01092	0.00677	0.00401	0.00435	0.00132	0.00531	0.00392	0.00223	0.00661
44	0.00904	0.00775	0.00904	0.00646	0.01034	0.00581	0.00517	0.01098	0.00904	0.01421	0.00775	0.00904	0.00646	0.00323	0.00323	0.00065	0.00323	0.00258	0.00258	0.87339
45	0.87753	0.00843	0.00641	0.00574	0.00843	0.00978	0.00472	0.01282	0.00742	0.01957	0.00607	0.00709	0.00472	0.00405	0.00270	0.00135	0.00337	0.00236	0.00270	0.00472
46	0.00609	0.00444	0.00572	0.00543	0.00647	0.00408	0.00406	0.00806	0.01211	0.01700	0.75177	0.04989	0.09022	0.00915	0.00515	0.00139	0.00208	0.00806	0.00474	0.00408
47	0.00614	0.00446	0.00578	0.00545	0.00649	0.00410	0.00409	0.00816	0.01226	0.01729	0.78964	0.03291	0.06885	0.00899	0.00514	0.00138	0.00206	0.00793	0.00477	0.00410
48	0.01097	0.00986	0.01254	0.01045	0.01327	0.01097	0.13572	0.05005	0.65343	0.01789	0.01604	0.01533	0.01202	0.00553	0.00455	0.00147	0.00413	0.00493	0.00407	0.00676
49	0.00614	0.00446	0.00578	0.00545	0.00650	0.00410	0.00409	0.00817	0.01227	0.01730	0.79181	0.03289	0.06668	0.00899	0.00514	0.00138	0.00206	0.00793	0.00478	0.00410
50	0.00630	0.00466	0.00620	0.00618	0.00688	0.00504	0.00450	0.00785	0.03671	0.01076	0.07878	0.05530	0.07589	0.22521	0.44436	0.00507	0.00775	0.00598	0.00288	0.00369
51	0.00866	0.03668	0.76111	0.01213	0.01822	0.00997	0.02613	0.01345	0.00918	0.01363	0.00855	0.04739	0.00661	0.00457	0.00420	0.00139	0.00625	0.00365	0.00195	0.00629
52	0.01323	0.07532	0.16911	0.01295	0.08481	0.35390	0.08690	0.04252	0.02403	0.04980	0.00805	0.00940	0.00630	0.00479	0.01504	0.00133	0.03099	0.00337	0.00238	0.00579
53	0.10631	0.61337	0.09583	0.00798	0.01180	0.03874	0.00805	0.05348	0.00943	0.01250	0.00647	0.00742	0.00559	0.00390	0.00303	0.00105	0.00479	0.00251	0.00209	0.00566
54	0.85761	0.00841	0.00650	0.00578	0.00850	0.00971	0.00476	0.01302	0.00754	0.03821	0.00633	0.00727	0.00486	0.00408	0.00274	0.00135	0.00338	0.00241	0.00276	0.00479
55	0.01409	0.05322	0.03592	0.01457	0.24366	0.13129	0.00958	0.23140	0.10480	0.10266	0.01053	0.01110	0.00790	0.00473	0.00422	0.00129	0.00513	0.00382	0.00335	0.00675
56	0.01106	0.00934	0.03034	0.00998	0.03147	0.00953	0.11340	0.18505	0.26239	0.04701	0.16447	0.03147	0.04331	0.00617	0.00465	0.00140	0.00406	0.00543	0.00405	0.02541
57	0.01198	0.01107	0.01601	0.02198	0.59279	0.06337	0.01179	0.11995	0.05036	0.02954	0.00930	0.02552	0.00765	0.00440	0.00433	0.00130	0.00515	0.00403	0.00266	0.00681
58	0.01059	0.01053	0.03668	0.07209	0.74274	0.01033	0.02640	0.01328	0.00985	0.01406	0.00818	0.01082	0.00681	0.00392	0.00433	0.00131	0.00528	0.00389	0.00214	0.00676
59	0.00569	0.00445	0.00523	0.00513	0.00627	0.00410	0.00381	0.00707	0.01001	0.01303	0.26753	0.03479	0.42071	0.06727	0.12316	0.00241	0.00364	0.00799	0.00394	0.00377
60	0.00634	0.00423	0.00476	0.00476	0.00476	0.00423	0.00264	0.00634	0.00634	0.00846	0.01374	0.02854	0.01586	0.84672	0.02220	0.00423	0.00423	0.00634	0.00264	0.00264
61	0.00617	0.00446	0.00583	0.00549	0.00652	0.00412	0.00412	0.00823	0.01235	0.01749	0.81722	0.03258	0.04115	0.00892	0.00514	0.00137	0.00206	0.00789	0.00480	0.00412
62	0.01658	0.01222	0.01309	0.01003	0.01353	0.01353	0.00829	0.80497	0.02051	0.02749	0.01047	0.01047	0.00742	0.00524	0.00436	0.00131	0.00480	0.00393	0.00436	0.00742
63	0.01658	0.01222	0.01309	0.01003	0.01353	0.01353	0.00829	0.80497	0.02051	0.02749	0.01047	0.01047	0.00742	0.00524	0.00436	0.00131	0.00480	0.00393	0.00436	0.00742
64	0.87753	0.00843	0.00641	0.00574	0.00843	0.00978	0.00472	0.01282	0.00742	0.01957	0.00607	0.00709	0.00472	0.00405	0.00270	0.00135	0.00337	0.00236	0.00270	0.00472
65	0.01174	0.00981	0.01036	0.00906	0.01168	0.01126	0.00712	0.14420	0.68917	0.01968	0.01662	0.01537	0.01240	0.00581	0.00443	0.00145	0.00366	0.00478	0.00443	0.00698
66	0.00586	0.00442	0.00542	0.00523	0.00634	0.00397	0.00390	0.00760	0.01152	0.01567	0.57373	0.07222	0.24873	0.00970	0.00517	0.00142	0.00212	0.00845	0.00457	0.00397
67	0.01109	0.00931	0.00980	0.00873	0.01119	0.01071	0.00682	0.07276	0.72414	0.01875	0.01712	0.01590	0.01284	0.00584	0.00437	0.00145	0.00347	0.00483	0.04408	0.00681
68	0.00559	0.00444	0.00502	0.00487	0.00616	0.00387	0.00366	0.00710	0.01097	0.01422	0.37436	0.03796	0.48604	0.01014	0.00515	0.00143	0.00214	0.00864	0.00437	0.00387
69	0.01629	0.02079	0.01236	0.01124	0.01348	0.82921	0.00843	0.01742	0.01236	0.01067	0.00674	0.00787	0.00562	0.00449	0.00393	0.00112	0.00787	0.00281	0.00225	0.00506
70	0.01001	0.25498	0.55921	0.01089	0.01640	0.03223	0.01326	0.01387	0.00927	0.03188	0.00753	0.00869	0.00567	0.00407	0.00377	0.00125	0.00591	0.00299	0.00194	0.00620
71	0.01184	0.81673	0.02244	0.00761	0.01128	0.04922	0.00750	0.01323	0.00900	0.01028	0.00609	0.00703	0.00560	0.00376	0.00284	0.00094	0.00479	0.00235	0.00188	0.00558
72	0.02800	0.01318	0.01286	0.01009	0.01341	0.11772	0.00823	0.68076	0.01916	0.03838	0.01005	0.01017	0.00721	0.00513	0.00429	0.00129	0.00515	0.00377	0.00409	0.00708
73	0.01658	0.01222	0.01309	0.01003	0.01353	0.01353	0.00829	0.80497	0.02051	0.02749	0.01047	0.01047	0.00742	0.00524	0.00436	0.00131	0.00480	0.00393	0.00436	0.00742
74	0.00617	0.00446	0.00583	0.00549	0.00652	0.00412	0.00412	0.00823	0.01235	0.01749	0.81722	0.03258	0.04115	0.00892	0.00514	0.00137	0.00206	0.00789	0.00480	0.00412
75	0.01029	0.01176	0.02574	0.01838	0.02279	0.01103	0.80368	0.01397	0.01029	0.01397	0.00882	0.01176	0.00662	0.00368	0.00515	0.00147	0.00735	0.00515	0.00221	0.00588
76	0.00584	0.00443	0.00537	0.00517	0.00632	0.00397	0.00387	0.00757	0.01151	0.01558	0.55977	0.05348	0.28185	0.00968	0.00516	0.00141	0.00212	0.00840	0.00455	0.00397
77	0.00531	0.00382	0.00503	0.00600	0.00631	0.00355	0.00402	0.00608	0.00842	0.01116	0.02491	0.80935	0.06281	0.01355	0.00555	0.00176	0.00252	0.01226	0.00405	0.00355
78	0.01957	0.00742	0.01012	0.00776	0.01113	0.00641	0.00641	0.02126	0.01248	0.82254	0.01721	0.01484	0.01080	0.00540	0.00439	0.00135	0.00371	0.00439	0.00540	0.00742
79	0.00875	0.02256	0.82413	0.01243	0.01888	0.01013	0.01611	0.01381	0.00921	0.01381	0.00783	0.00921	0.00552	0.00414	0.00414	0.00138	0.00645	0.00322	0.00184	0.00645
80	0.00875	0.02256	0.82413	0.01243	0.01888	0.01013	0.01611	0.01381	0.00921	0.01381	0.00783	0.00921	0.00552	0.00414	0.00414	0.00138	0.00645	0.00322	0.00184	0.00645
81	0.01957	0.00742	0.01012	0.00776	0.01113	0.00641	0.00641	0.02126	0.01248	0.82254	0.01721	0.01484	0.01080	0.00540	0.00439	0.00135	0.00371	0.00439	0.00540	0.00742
82	0.01007	0.00885	0.01249	0.01060	0.01109	0.01174	0.03319	0.01128	0.00755	0.06844	0.02559	0.01112	0.00740	0.00715	0.01209	0.00176	0.65884	0.00401	0.08184	0.00491
83	0.00945	0.00901	0.04467	0.00782	0.03641	0.04952	0.00619	0.03717	0.03825	0.01424	0.00919	0.05299	0.00803	0.00541	0.04135	0.00112	0.00408	0.00340	0.00271	0.61899
84	0.00584	0.00431	0.00546	0.00545	0.00638	0.00393	0.00398	0.00748	0.01115	0.01530	0.53423	0.20368	0.15621	0.01023	0.00523	0.00147	0.00218	0.00903	0.00453	0.00393
85	0.02228	0.11294	0.62036	0.01183	0.03380	0.01084	0.02729	0.03197	0.02256	0.05503	0.00833	0.00944	0.00600	0.00420	0.00402	0.00133	0.00597	0.00326	0.00215	0.00641
86	0.01366	0.35885	0.03721	0.01012	0.01345	0.25039	0.07947	0.13860	0.01185	0.02488	0.00739	0.00842	0.00605	0.00428	0.00382	0.00113	0.01916	0.00305	0.00245	0.00578
87	0.00528	0.00403	0.00483	0.00546	0.00614	0.00361	0.00376	0.00614	0.00888	0.01131	0.03099	0.54314	0.30885	0.02895	0.00574	0.00171	0.00245	0.01115	0.00402	0.00357
88	0.01166	0.84935	0.02285	0.00746	0.01119	0.01726	0.00746	0.01306	0.00886	0.01026	0.00606	0.00700	0.00560	0.00373	0.00280	0.00093	0.00466	0.00233	0.00187	0.00560
89	0.07840	0.00929	0.00995	0.11797	0.01304	0.10645	0.00707	0.15407	0.02599	0.21351	0.14887	0.05923	0.02525	0.00614	0.00440	0.00136	0.00429	0.00498	0.00397	0.00577
90	0.06775	0.01190	0.01233	0.02928	0.01338	0.09032	0.02568	0.49774	0.06308	0.12830	0.01105	0.01098	0.00781	0.00510	0.00425	0.00132	0.00487	0.00387	0.00409	0.00691
91	0.01809	0.00950	0.12162	0.00840	0.01219	0.00692	0.00774	0.02024	0.01203	0.71176	0.01592	0.01407	0.01007	0.00523	0.00435	0.00135	0.00409	0.00423	0.00491	0.00729
92	0.01817	0.00704	0.00942	0.00734	0.01045	0.00613	0.00602	0.01987	0.01211	0.72854	0.01754	0.01559	0.02917	0.00550	0.00428	0.00132	0.00352	0.00447	0.08649	0.00702
93	0.00911	0.00894	0.01606	0.53417	0.19868	0.01004	0.13627	0.01207	0.00923	0.01225	0.00802	0.01147	0.00618	0.00415	0.00447	0.00142	0.00592	0.00408	0.00203	0.00545
94	0.00991	0.27998	0.44508	0.01183	0.01710	0.01251	0.13956	0.01360	0.00927	0.01272	0.00743	0.00892	0.00572	0.00394	0.00388	0.00125	0.00603	0.00325	0.00191	0.00609
95	0.00913	0.00563	0.00747	0.00662	0.00836	0.00512	0.04341	0.04665	0.01119	0.17896	0.20953	0.19345	0.23841	0.00931	0.00504	0.00148	0.00291	0.00813	0.00442	0.00479
96	0.00564	0.00388	0.00518	0.00611	0.00644	0.00361	0.00410	0.00642	0.00844	0.02957	0.02388	0.82504	0.02844	0.01348	0.00554	0.00176	0.00256	0.01222	0.00408	0.00363
97	0.01623	0.01229	0.01341	0.01035	0.01378	0.05265	0.04623	0.66591	0.04441	0.06429	0.01077	0.01080	0.00764	0.00515	0.00438	0.00132	0.00497	0.00398	0.00421	0.00721
98	0.02426	0.01102	0.04721	0.02341	0.62052	0.02388	0.09297	0.04030	0.01041	0.05127	0.00868	0.01090	0.00697	0.00400	0.00437	0.00132	0.00539	0.00397	0.00238	0.00676
99	0.01748	0.00747	0.00996	0.00786	0.01089	0.00691	0.00645	0.08889	0.01244	0.64077	0.01585	0.01477	0.01051	0.00912	0.11739	0.00212	0.00490	0.00438	0.00489	0.00694
100	0.01029	0.01176	0.02574	0.01838	0.02279	0.01103	0.80368	0.01397	0.01029	0.01397	0.00882	0.01176	0.00662	0.00368	0.00515	0.00147	0.00735	0.00515	0.00221	0.00588
101	0.03809	0.01200	0.01621	0.01236	0.02650	0.04036	0.22653	0.47593	0.04258	0.05003	0.01021	0.01099	0.00737	0.00476	0.00452	0.00135	0.00549	0.00423	0.00366	0.00682
102	0.01084	0.06977	0.29154	0.01479	0.04455	0.01087	0.36933	0.04748	0.01042	0.07493	0.00899	0.01074	0.00654	0.00404	0.00454	0.00138	0.00642	0.00417	0.00239	0.00626
103	0.00552	0.00396	0.00518	0.00606	0.00638	0.00374	0.00406	0.01710	0.00845	0.01125	0.02366	0.77006	0.04400	0.04641	0.02007	0.00194	0.00278	0.01185	0.00397	0.00357
104	0.01687	0.01259	0.01277	0.00999	0.01332	0.11185	0.01947	0.58953	0.01826	0.13498	0.01092	0.01078	0.00765	0.00515	0.00433	0.00129	0.00506	0.00387	0.00422	0.00711
105	0.01594	0.01190	0.01308	0.05132	0.02652	0.01322	0.00852	0.73537	0.03813	0.02626	0.01047	0.01067	0.00747	0.00519	0.00436	0.00132	0.00482	0.00395	0.00421	0.00727
106	0.01951	0.00752	0.01018	0.00781	0.01118	0.00656	0.00645	0.03744	0.01265	0.80612	0.01707	0.01475	0.01073	0.00539	0.00439	0.00135	0.00373	0.00438	0.00538	0.00742
107	0.08812	0.01096	0.01228	0.01023	0.04752	0.01200	0.02743	0.49649	0.14256	0.09041	0.01167	0.01151	0.00836	0.00516	0.00425	0.00135	0.00446	0.00402	0.00417	0.00705
108	0.04842	0.07760	0.01299	0.00994	0.01301	0.14293	0.00795	0.34411	0.21785	0.02083	0.01188	0.01219	0.00911	0.00558	0.00443	0.00142	0.00508	0.00403	0.00397	0.04669
109	0.01180	0.57778	0.25695	0.00949	0.01403	0.01527	0.01030	0.01404	0.00958	0.03137	0.00770	0.00900	0.00650	0.00445	0.00360	0.00123	0.00544	0.00293	0.00223	0.00631

[dist]
# distance from previous block
# <min> <max>
0	1

[block]
# block no. 3 follows, 60 sequences, length 10
# corresponding to MSA columns:
# 267-276
name=unknown_D
#
# <colnr> <probs for GDERKNQSTAVLIFYWHMCP>
#	G	D	E	R	K	N	Q	S	T	A	V	L	I	F	Y	W	H	M	C	P
0	0.01522	0.21275	0.14341	0.00999	0.07872	0.00994	0.00878	0.01745	0.01088	0.43190	0.01229	0.01173	0.00839	0.00467	0.00396	0.00125	0.00450	0.00367	0.00372	0.00679
1	0.00989	0.00944	0.01608	0.31189	0.54144	0.01013	0.01294	0.01260	0.00950	0.01315	0.00804	0.01109	0.00652	0.00405	0.00433	0.00135	0.00540	0.00388	0.00208	0.00618
2	0.01892	0.07652	0.01117	0.00774	0.01114	0.00730	0.00650	0.02058	0.01219	0.75588	0.01629	0.01420	0.01037	0.00526	0.00426	0.00132	0.00379	0.00422	0.00511	0.00727
3	0.00939	0.08066	0.70609	0.01217	0.01823	0.01055	0.04794	0.01402	0.00934	0.04095	0.00806	0.00935	0.00575	0.00414	0.00410	0.00135	0.00626	0.00328	0.00198	0.00639
4	0.01957	0.00742	0.01012	0.00776	0.01113	0.00641	0.00641	0.02126	0.01248	0.82254	0.01721	0.01484	0.01080	0.00540	0.00439	0.00135	0.00371	0.00439	0.00540	0.00742
5	0.06521	0.00924	0.05952	0.00900	0.01241	0.00818	0.06828	0.11024	0.06756	0.48277	0.01494	0.05074	0.01041	0.00550	0.00439	0.00138	0.00419	0.00461	0.00454	0.00688
6	0.00524	0.00439	0.00455	0.00458	0.00596	0.00371	0.00341	0.00639	0.01003	0.01216	0.09839	0.08177	0.72246	0.01103	0.00517	0.00148	0.00221	0.00927	0.00410	0.00371
7	0.01879	0.00853	0.05917	0.00813	0.01170	0.00693	0.00707	0.05333	0.01262	0.74093	0.01636	0.01432	0.01034	0.00532	0.00437	0.00135	0.00392	0.00430	0.00514	0.00736
8	0.00605	0.00445	0.00567	0.00546	0.00652	0.00407	0.00412	0.00794	0.01183	0.01640	0.66545	0.06132	0.13743	0.00945	0.00519	0.00142	0.00216	0.03636	0.00465	0.00404
9	0.00875	0.02256	0.82413	0.01243	0.01888	0.01013	0.01611	0.01381	0.00921	0.01381	0.00783	0.00921	0.00552	0.00414	0.00414	0.00138	0.00645	0.00322	0.00184	0.00645

[dist]
# distance from previous block
# <min> <max>
0	1

[block]
# block no. 4 follows, 60 sequences, length 9
# corresponding to MSA columns:
# 278-286
name=unknown_E
#
# <colnr> <probs for GDERKNQSTAVLIFYWHMCP>
#	G	D	E	R	K	N	Q	S	T	A	V	L	I	F	Y	W	H	M	C	P
0	0.00693	0.00472	0.00594	0.00577	0.00683	0.00452	0.00427	0.00940	0.06387	0.04283	0.52231	0.18132	0.03350	0.00917	0.00498	0.00142	0.00229	0.00810	0.07754	0.00430
1	0.16309	0.00686	0.00797	0.00650	0.00914	0.00659	0.00529	0.04199	0.01099	0.44518	0.01429	0.01375	0.00975	0.00508	0.00374	0.00126	0.00324	0.00394	0.23529	0.00607
2	0.00921	0.01975	0.63420	0.01540	0.16884	0.01022	0.05414	0.01374	0.00940	0.01390	0.00795	0.00963	0.00584	0.00407	0.00423	0.00137	0.00625	0.00344	0.00192	0.00650
3	0.01627	0.00983	0.10911	0.00910	0.01222	0.00843	0.00824	0.04815	0.01131	0.54277	0.01367	0.01301	0.00908	0.00566	0.00621	0.00146	0.16029	0.00412	0.00428	0.00681
4	0.00551	0.00411	0.00536	0.00592	0.00653	0.00396	0.00418	0.00656	0.00863	0.01145	0.07332	0.49597	0.16808	0.01647	0.15959	0.00267	0.00416	0.01011	0.00377	0.00367
5	0.00625	0.00460	0.00586	0.00556	0.00664	0.00430	0.00416	0.00856	0.03931	0.01698	0.72021	0.06004	0.08286	0.00909	0.00513	0.00139	0.00213	0.00801	0.00472	0.00417
6	0.01057	0.00996	0.01668	0.13957	0.31891	0.01092	0.14300	0.06195	0.02583	0.03366	0.00862	0.02630	0.00713	0.00496	0.00636	0.00148	0.16143	0.00427	0.00238	0.00602
7	0.01672	0.00710	0.00920	0.00725	0.01027	0.00625	0.00592	0.05738	0.01241	0.63138	0.02192	0.01970	0.16158	0.00645	0.00453	0.00137	0.00348	0.00526	0.00509	0.00672
8	0.01442	0.00782	0.01075	0.01104	0.16156	0.00746	0.00736	0.06430	0.07740	0.40118	0.10302	0.03550	0.04514	0.00593	0.00448	0.00136	0.00372	0.00505	0.02592	0.00661

[dist]
# distance from previous block
# <min> <max>
0	9

# created by:
# /st0/software/busco_prod/Augustus/scripts/msa2prfl.pl ./align_prep/139459.fa
