[name]
unknown

[dist]
# distance from previous block
# <min> <max>
0	333

[block]
# block no. 0 follows, 63 sequences, length 85
# corresponding to MSA columns:
# 378-462
name=unknown_A
#
# <colnr> <probs for GDERKNQSTAVLIFYWHMCP>
#	G	D	E	R	K	N	Q	S	T	A	V	L	I	F	Y	W	H	M	C	P
0	0.03003	0.05728	0.12266	0.00849	0.01149	0.02297	0.00768	0.04445	0.33132	0.18241	0.06217	0.01677	0.01283	0.00578	0.00425	0.00138	0.00392	0.06403	0.00390	0.00620
1	0.01080	0.28983	0.37775	0.00956	0.01419	0.02304	0.02779	0.01380	0.00922	0.12005	0.00856	0.02863	0.00661	0.00420	0.00362	0.00117	0.00513	0.00319	0.00233	0.04055
2	0.00989	0.05246	0.64811	0.01116	0.01674	0.02267	0.02278	0.03655	0.00953	0.09111	0.00840	0.00934	0.00591	0.00409	0.00395	0.00128	0.00578	0.00319	0.00220	0.03486
3	0.00587	0.00429	0.00551	0.00520	0.00623	0.00393	0.00390	0.00777	0.01171	0.01640	0.75886	0.03215	0.10491	0.00876	0.00496	0.00133	0.00200	0.00771	0.00457	0.00393
4	0.01573	0.01927	0.01198	0.01072	0.01300	0.75880	0.00811	0.09085	0.01264	0.01180	0.00683	0.00781	0.00558	0.00440	0.00383	0.00110	0.00731	0.00281	0.00236	0.00509
5	0.00904	0.00760	0.00896	0.00668	0.02528	0.00584	0.00521	0.02637	0.00900	0.02598	0.00767	0.00886	0.00631	0.00319	0.00317	0.00066	0.00318	0.00256	0.00256	0.83188
6	0.01029	0.00988	0.01686	0.06233	0.79038	0.00996	0.01285	0.01280	0.00952	0.01360	0.00789	0.01044	0.00661	0.00377	0.00416	0.00126	0.00502	0.00375	0.00207	0.00657
7	0.01886	0.00715	0.00976	0.00748	0.01073	0.00618	0.00618	0.02049	0.01203	0.82895	0.01658	0.01431	0.01041	0.00520	0.00423	0.00130	0.00358	0.00423	0.00520	0.00715
8	0.00602	0.00444	0.00642	0.00642	0.00705	0.00507	0.00484	0.00729	0.00666	0.00951	0.01157	0.01822	0.01125	0.15869	0.70946	0.00634	0.01015	0.00475	0.00230	0.00357
9	0.00872	0.00747	0.00872	0.00623	0.00996	0.00560	0.00498	0.01058	0.00872	0.01370	0.00747	0.00872	0.00623	0.00311	0.00311	0.00062	0.00311	0.00249	0.00249	0.87796
10	0.00512	0.00366	0.00488	0.00585	0.00610	0.00341	0.00390	0.00585	0.00805	0.01073	0.02317	0.84952	0.02780	0.01317	0.00537	0.00171	0.00244	0.01195	0.00390	0.00341
11	0.01886	0.00715	0.00976	0.00748	0.01073	0.00618	0.00618	0.02049	0.01203	0.82895	0.01658	0.01431	0.01041	0.00520	0.00423	0.00130	0.00358	0.00423	0.00520	0.00715
12	0.03894	0.77374	0.05894	0.00755	0.01125	0.01598	0.02222	0.01263	0.00854	0.01040	0.00597	0.00693	0.00538	0.00362	0.00280	0.00094	0.00458	0.00234	0.00183	0.00541
13	0.03570	0.00778	0.01070	0.00817	0.01147	0.00701	0.06263	0.04422	0.06638	0.58740	0.01465	0.01331	0.00961	0.00487	0.00413	0.00125	0.00378	0.00407	0.00455	0.09832
14	0.01252	0.00882	0.03557	0.00932	0.01233	0.00854	0.12357	0.04545	0.31016	0.25572	0.06782	0.01537	0.02525	0.00532	0.00435	0.00134	0.00396	0.00470	0.00410	0.04579
15	0.00516	0.00369	0.00492	0.00590	0.00616	0.00345	0.00397	0.00592	0.00809	0.01077	0.02315	0.83072	0.02772	0.01313	0.00538	0.00171	0.00247	0.03037	0.00390	0.00343
16	0.01098	0.00918	0.00972	0.00861	0.01107	0.01055	0.00673	0.07539	0.74997	0.03305	0.01663	0.01528	0.01241	0.00565	0.00427	0.00141	0.00342	0.00468	0.00429	0.00670
17	0.03978	0.00838	0.00978	0.00796	0.01087	0.00857	0.00642	0.13637	0.27526	0.37810	0.01617	0.01468	0.03798	0.00544	0.00419	0.00132	0.00358	0.00440	0.00458	0.02616
18	0.01033	0.00991	0.01692	0.05192	0.80054	0.00997	0.01286	0.01283	0.00953	0.01364	0.00789	0.01043	0.00663	0.00376	0.00416	0.00125	0.00501	0.00375	0.00207	0.00660
19	0.00497	0.00425	0.00427	0.00429	0.00569	0.00355	0.00321	0.00603	0.00955	0.01134	0.04215	0.05845	0.80662	0.01070	0.00498	0.00143	0.00214	0.00894	0.00390	0.00355
20	0.00553	0.00394	0.00527	0.00619	0.00658	0.00376	0.00445	0.00648	0.00830	0.01099	0.02243	0.63167	0.02635	0.05830	0.00633	0.00188	0.00284	0.18142	0.00382	0.00347
21	0.01518	0.01889	0.01181	0.01069	0.01281	0.74656	0.00807	0.02850	0.05948	0.01095	0.00714	0.00815	0.00588	0.00453	0.00417	0.00113	0.03588	0.00288	0.00231	0.00500
22	0.00514	0.00369	0.00488	0.00579	0.00609	0.00343	0.00388	0.00591	0.00820	0.01091	0.04505	0.80128	0.05424	0.01297	0.00534	0.00169	0.00242	0.01173	0.00392	0.00343
23	0.00572	0.00419	0.00530	0.00522	0.00615	0.00382	0.00384	0.00739	0.01095	0.01516	0.58380	0.16078	0.13961	0.00952	0.00499	0.00139	0.00207	0.00839	0.01787	0.00382
24	0.00993	0.01130	0.02460	0.01793	0.04317	0.01061	0.78974	0.01345	0.00991	0.01347	0.00849	0.01131	0.00639	0.00355	0.00494	0.00141	0.00703	0.00493	0.00212	0.00570
25	0.00992	0.01134	0.02481	0.01772	0.02197	0.01063	0.81077	0.01347	0.00992	0.01347	0.00850	0.01134	0.00638	0.00354	0.00496	0.00142	0.00709	0.00496	0.00213	0.00567
26	0.01881	0.00724	0.00981	0.00752	0.01077	0.00631	0.00621	0.03520	0.01218	0.81403	0.01646	0.01423	0.01035	0.00520	0.00423	0.00130	0.00360	0.00422	0.00518	0.00715
27	0.00756	0.00520	0.02160	0.00688	0.00801	0.00487	0.00553	0.04136	0.02192	0.08235	0.12919	0.31192	0.02470	0.01134	0.03184	0.00183	0.00341	0.27227	0.00403	0.00422
28	0.01533	0.04086	0.01217	0.01057	0.01284	0.70952	0.00806	0.07852	0.03880	0.01177	0.00709	0.00805	0.00579	0.00446	0.00397	0.00112	0.02071	0.00286	0.00238	0.00512
29	0.00601	0.00450	0.00676	0.00676	0.00751	0.00525	0.00525	0.00751	0.00676	0.00976	0.01126	0.01651	0.01051	0.03153	0.83560	0.00676	0.01126	0.00450	0.00225	0.00375
30	0.06867	0.01126	0.01579	0.02149	0.59907	0.11351	0.04326	0.05202	0.01021	0.01425	0.00773	0.00984	0.00638	0.00388	0.00405	0.00124	0.00527	0.00357	0.00223	0.00628
31	0.00992	0.01134	0.02481	0.01772	0.02197	0.01063	0.81077	0.01347	0.00992	0.01347	0.00850	0.01134	0.00638	0.00354	0.00496	0.00142	0.00709	0.00496	0.00213	0.00567
32	0.00512	0.00367	0.00486	0.00581	0.00609	0.00342	0.00388	0.00586	0.00809	0.01075	0.02370	0.82749	0.04949	0.01310	0.00535	0.00170	0.00243	0.01187	0.00390	0.00342
33	0.00827	0.00781	0.01321	0.73280	0.13573	0.00943	0.01184	0.01103	0.00856	0.01114	0.00753	0.01110	0.00575	0.00414	0.00420	0.00138	0.00552	0.00374	0.00190	0.00494
34	0.01019	0.00977	0.01668	0.09541	0.75807	0.00993	0.01280	0.01272	0.00947	0.01348	0.00787	0.01047	0.00657	0.00378	0.00417	0.00126	0.00505	0.00374	0.00206	0.00649
35	0.88196	0.00813	0.00618	0.00553	0.00813	0.00943	0.00455	0.01236	0.00715	0.01886	0.00585	0.00683	0.00455	0.00390	0.00260	0.00130	0.00325	0.00228	0.00260	0.00455
36	0.01886	0.00715	0.00976	0.00748	0.01073	0.00618	0.00618	0.02049	0.01203	0.82895	0.01658	0.01431	0.01041	0.00520	0.00423	0.00130	0.00358	0.00423	0.00520	0.00715
37	0.01570	0.02004	0.01191	0.01083	0.01300	0.83539	0.00812	0.01679	0.01191	0.01029	0.00650	0.00758	0.00541	0.00433	0.00379	0.00108	0.00758	0.00271	0.00217	0.00487
38	0.00843	0.02174	0.83048	0.01198	0.01819	0.00976	0.01553	0.01331	0.00888	0.01331	0.00754	0.00888	0.00533	0.00399	0.00399	0.00133	0.00621	0.00311	0.00178	0.00621
39	0.01632	0.00721	0.00937	0.00739	0.01028	0.00663	0.00603	0.08034	0.05700	0.60522	0.13209	0.01651	0.01449	0.00571	0.00433	0.00131	0.00342	0.00471	0.00499	0.00667
40	0.01068	0.00898	0.00951	0.00853	0.01093	0.01034	0.00664	0.02229	0.79719	0.03897	0.01710	0.01565	0.01277	0.00569	0.00428	0.00142	0.00333	0.00474	0.00430	0.00667
41	0.01040	0.00999	0.01706	0.02580	0.82604	0.00999	0.01290	0.01290	0.00957	0.01373	0.00791	0.01040	0.00666	0.00375	0.00416	0.00125	0.00499	0.00375	0.00208	0.00666
42	0.01129	0.00911	0.00972	0.00857	0.01106	0.01039	0.00672	0.07420	0.72109	0.06325	0.01662	0.01524	0.01232	0.00563	0.00427	0.00141	0.00343	0.00466	0.00432	0.00671
43	0.00512	0.00366	0.00488	0.00585	0.00610	0.00341	0.00390	0.00585	0.00805	0.01073	0.02317	0.84952	0.02780	0.01317	0.00537	0.00171	0.00244	0.01195	0.00390	0.00341
44	0.01572	0.01954	0.01195	0.01076	0.01300	0.78630	0.00811	0.06426	0.01238	0.01126	0.00671	0.00773	0.00552	0.00437	0.00382	0.00109	0.00740	0.00277	0.00229	0.00501
45	0.00794	0.00747	0.01261	0.84216	0.02895	0.00934	0.01167	0.01074	0.00841	0.01074	0.00747	0.01121	0.00560	0.00420	0.00420	0.00140	0.00560	0.00374	0.00187	0.00467
46	0.88196	0.00813	0.00618	0.00553	0.00813	0.00943	0.00455	0.01236	0.00715	0.01886	0.00585	0.00683	0.00455	0.00390	0.00260	0.00130	0.00325	0.00228	0.00260	0.00455
47	0.00534	0.00413	0.00570	0.00611	0.00675	0.00378	0.04022	0.00630	0.00853	0.01119	0.05592	0.64900	0.15701	0.01215	0.00527	0.00163	0.00258	0.01097	0.00385	0.00356
48	0.01685	0.01039	0.01176	0.00901	0.01234	0.01097	0.00745	0.57398	0.01744	0.26782	0.01205	0.01136	0.00813	0.00509	0.00421	0.00127	0.00431	0.00392	0.00451	0.00715
49	0.00919	0.12293	0.69173	0.01125	0.01700	0.01065	0.01412	0.03953	0.00924	0.02643	0.00757	0.00874	0.00548	0.00400	0.00385	0.00128	0.00591	0.00304	0.00191	0.00616
50	0.00593	0.00408	0.00456	0.00461	0.00479	0.00398	0.00269	0.00609	0.00663	0.00866	0.01730	0.06794	0.11469	0.70982	0.01863	0.00364	0.00376	0.00673	0.00278	0.00271
51	0.00510	0.00426	0.00444	0.00439	0.00576	0.00360	0.00330	0.00628	0.00989	0.01208	0.14538	0.03926	0.72109	0.01038	0.00497	0.00141	0.00211	0.00870	0.00400	0.00360
52	0.00579	0.00429	0.00540	0.00513	0.00619	0.00390	0.00384	0.00763	0.01153	0.01599	0.70024	0.03283	0.16379	0.00892	0.00496	0.00134	0.00201	0.00780	0.00451	0.00390
53	0.00653	0.00463	0.00640	0.00735	0.00820	0.00459	0.00622	0.00828	0.00940	0.01236	0.02220	0.17516	0.02446	0.01170	0.00567	0.00188	0.00360	0.65327	0.02430	0.00380
54	0.01877	0.00730	0.00985	0.00755	0.01080	0.00640	0.00624	0.04559	0.01228	0.80351	0.01638	0.01417	0.01030	0.00520	0.00423	0.00130	0.00361	0.00421	0.00517	0.00715
55	0.05969	0.00712	0.00943	0.00729	0.01045	0.00627	0.00602	0.01982	0.01172	0.76905	0.01600	0.01399	0.01014	0.00513	0.00412	0.00129	0.00352	0.00413	0.02788	0.00695
56	0.01124	0.85479	0.02203	0.00719	0.01079	0.01663	0.00719	0.01259	0.00854	0.00989	0.00584	0.00674	0.00539	0.00360	0.00270	0.00090	0.00450	0.00225	0.00180	0.00539
57	0.01730	0.00764	0.00981	0.00774	0.01084	0.00715	0.00632	0.04772	0.15225	0.66086	0.01646	0.01440	0.01072	0.00528	0.00424	0.00132	0.00357	0.00430	0.00501	0.00707
58	0.00846	0.01864	0.64168	0.01203	0.03233	0.00939	0.08438	0.01322	0.04417	0.01366	0.05378	0.01148	0.02911	0.00445	0.00417	0.00134	0.00580	0.00375	0.00213	0.00600
59	0.00872	0.00747	0.00872	0.00623	0.00996	0.00560	0.00498	0.01058	0.00872	0.01370	0.00747	0.00872	0.00623	0.00311	0.00311	0.00062	0.00311	0.00249	0.00249	0.87796
60	0.00514	0.00378	0.00484	0.00567	0.00611	0.00347	0.00388	0.00595	0.00831	0.01087	0.02594	0.71194	0.14247	0.01277	0.00532	0.00167	0.00243	0.03210	0.00390	0.00345
61	0.00850	0.03406	0.80481	0.01201	0.01815	0.00988	0.02879	0.01330	0.00889	0.01326	0.00753	0.00888	0.00534	0.00398	0.00399	0.00133	0.00620	0.00312	0.00178	0.00619
62	0.00499	0.00424	0.00430	0.00432	0.00570	0.00355	0.00322	0.00606	0.00957	0.01142	0.05366	0.06235	0.79099	0.01068	0.00498	0.00143	0.00214	0.00894	0.00391	0.00355
63	0.00524	0.00383	0.00494	0.00559	0.00608	0.00352	0.00384	0.00622	0.00885	0.01181	0.15764	0.62905	0.11360	0.01215	0.00526	0.00161	0.00233	0.01091	0.00402	0.00352
64	0.00515	0.00368	0.00491	0.00589	0.00615	0.00344	0.00396	0.00591	0.00808	0.01077	0.02315	0.83399	0.02773	0.01314	0.00537	0.00171	0.00247	0.02717	0.00390	0.00342
65	0.00920	0.00920	0.01288	0.01104	0.01104	0.01288	0.00920	0.01012	0.00644	0.01012	0.00552	0.00920	0.00552	0.00736	0.01380	0.00184	0.84457	0.00368	0.00184	0.00460
66	0.00509	0.00377	0.00476	0.00556	0.00602	0.00344	0.00377	0.00589	0.00833	0.01085	0.02677	0.69940	0.17560	0.01270	0.00529	0.00165	0.00238	0.01138	0.00390	0.00344
67	0.00872	0.00747	0.00872	0.00623	0.00996	0.00560	0.00498	0.01058	0.00872	0.01370	0.00747	0.00872	0.00623	0.00311	0.00311	0.00062	0.00311	0.00249	0.00249	0.87796
68	0.00511	0.00372	0.00482	0.00570	0.00606	0.00343	0.00383	0.00587	0.00820	0.01079	0.02507	0.77036	0.10574	0.01292	0.00533	0.00168	0.00241	0.01165	0.00390	0.00343
69	0.00512	0.00366	0.00488	0.00585	0.00610	0.00341	0.00390	0.00585	0.00805	0.01073	0.02317	0.84952	0.02780	0.01317	0.00537	0.00171	0.00244	0.01195	0.00390	0.00341
70	0.00784	0.00392	0.00392	0.00392	0.00490	0.00392	0.00294	0.00980	0.00882	0.01567	0.01371	0.01567	0.01077	0.00490	0.00294	0.00098	0.00196	0.00392	0.87560	0.00392
71	0.00843	0.02174	0.83048	0.01198	0.01819	0.00976	0.01553	0.01331	0.00888	0.01331	0.00754	0.00888	0.00533	0.00399	0.00399	0.00133	0.00621	0.00311	0.00178	0.00621
72	0.01124	0.85479	0.02203	0.00719	0.01079	0.01663	0.00719	0.01259	0.00854	0.00989	0.00584	0.00674	0.00539	0.00360	0.00270	0.00090	0.00450	0.00225	0.00180	0.00539
73	0.01040	0.00999	0.01706	0.02580	0.82604	0.00999	0.01290	0.01290	0.00957	0.01373	0.00791	0.01040	0.00666	0.00375	0.00416	0.00125	0.00499	0.00375	0.00208	0.00666
74	0.01570	0.02004	0.01191	0.01083	0.01300	0.83539	0.00812	0.01679	0.01191	0.01029	0.00650	0.00758	0.00541	0.00433	0.00379	0.00108	0.00758	0.00271	0.00217	0.00487
75	0.00595	0.00430	0.00562	0.00529	0.00628	0.00397	0.00397	0.00793	0.01190	0.01686	0.82382	0.03140	0.03966	0.00859	0.00496	0.00132	0.00198	0.00760	0.00463	0.00397
76	0.00875	0.00750	0.00873	0.00627	0.00998	0.00570	0.00501	0.01081	0.02429	0.01377	0.00766	0.00885	0.00635	0.00316	0.00314	0.00064	0.00312	0.00253	0.00252	0.86120
77	0.00601	0.00450	0.00676	0.00676	0.00751	0.00525	0.00525	0.00751	0.00676	0.00976	0.01126	0.01651	0.01051	0.03153	0.83560	0.00676	0.01126	0.00450	0.00225	0.00375
78	0.00628	0.00437	0.00571	0.00533	0.00639	0.00402	0.00401	0.00824	0.01186	0.03886	0.78664	0.03111	0.05414	0.00854	0.00494	0.00132	0.00203	0.00754	0.00463	0.00405
79	0.00611	0.00408	0.00458	0.00458	0.00458	0.00408	0.00255	0.00611	0.00611	0.00815	0.01325	0.02751	0.01528	0.85226	0.02140	0.00408	0.00408	0.00611	0.00255	0.00255
80	0.00584	0.00428	0.00547	0.00519	0.00622	0.00391	0.00389	0.00770	0.01160	0.01619	0.73082	0.04557	0.11987	0.00888	0.00497	0.00134	0.00201	0.00780	0.00454	0.00391
81	0.00798	0.00751	0.01269	0.82813	0.04265	0.00935	0.01170	0.01078	0.00843	0.01079	0.00748	0.01119	0.00562	0.00419	0.00420	0.00140	0.00559	0.00374	0.00187	0.00470
82	0.01598	0.01177	0.01262	0.00967	0.01304	0.01304	0.00799	0.81202	0.01976	0.02649	0.01009	0.01009	0.00715	0.00505	0.00421	0.00126	0.00463	0.00378	0.00421	0.00715
83	0.01035	0.00993	0.01697	0.04326	0.80899	0.00997	0.01288	0.01286	0.00955	0.01367	0.00790	0.01042	0.00664	0.00376	0.00416	0.00125	0.00501	0.00375	0.00208	0.00662
84	0.00985	0.01183	0.06275	0.01745	0.02179	0.01059	0.77332	0.01346	0.00987	0.01346	0.00846	0.01122	0.00633	0.00356	0.00492	0.00141	0.00705	0.00487	0.00211	0.00570

[dist]
# distance from previous block
# <min> <max>
0	36

[block]
# block no. 1 follows, 63 sequences, length 41
# corresponding to MSA columns:
# 499-506,510-542
name=unknown_B
#
# <colnr> <probs for GDERKNQSTAVLIFYWHMCP>
#	G	D	E	R	K	N	Q	S	T	A	V	L	I	F	Y	W	H	M	C	P
0	0.01838	0.00737	0.00982	0.00759	0.01080	0.00657	0.00625	0.04166	0.05135	0.76823	0.01644	0.01426	0.01044	0.00522	0.00423	0.00131	0.00359	0.00424	0.00513	0.00713
1	0.00512	0.00366	0.00488	0.00585	0.00610	0.00341	0.00390	0.00585	0.00805	0.01073	0.02317	0.84952	0.02780	0.01317	0.00537	0.00171	0.00244	0.01195	0.00390	0.00341
2	0.88196	0.00813	0.00618	0.00553	0.00813	0.00943	0.00455	0.01236	0.00715	0.01886	0.00585	0.00683	0.00455	0.00390	0.00260	0.00130	0.00325	0.00228	0.00260	0.00455
3	0.00794	0.00747	0.01261	0.84216	0.02895	0.00934	0.01167	0.01074	0.00841	0.01074	0.00747	0.01121	0.00560	0.00420	0.00420	0.00140	0.00560	0.00374	0.00187	0.00467
4	0.01886	0.00715	0.00976	0.00748	0.01073	0.00618	0.00618	0.02049	0.01203	0.82895	0.01658	0.01431	0.01041	0.00520	0.00423	0.00130	0.00358	0.00423	0.00520	0.00715
5	0.00792	0.00407	0.00409	0.00406	0.00508	0.00412	0.00305	0.01018	0.03337	0.01573	0.01382	0.01567	0.01084	0.00492	0.00298	0.00099	0.00200	0.00394	0.84918	0.00400
6	0.88196	0.00813	0.00618	0.00553	0.00813	0.00943	0.00455	0.01236	0.00715	0.01886	0.00585	0.00683	0.00455	0.00390	0.00260	0.00130	0.00325	0.00228	0.00260	0.00455
7	0.00587	0.00429	0.00551	0.00521	0.00623	0.00393	0.00391	0.00778	0.01172	0.01642	0.76201	0.03212	0.10175	0.00876	0.00496	0.00133	0.00199	0.00770	0.00457	0.00393
8	0.04030	0.01131	0.01221	0.00938	0.01272	0.01239	0.00775	0.72715	0.01880	0.08977	0.01049	0.01034	0.00733	0.00503	0.00416	0.00127	0.00450	0.00378	0.00424	0.00708
9	0.00794	0.00747	0.01261	0.84216	0.02895	0.00934	0.01167	0.01074	0.00841	0.01074	0.00747	0.01121	0.00560	0.00420	0.00420	0.00140	0.00560	0.00374	0.00187	0.00467
10	0.00989	0.00808	0.00967	0.00700	0.01069	0.00664	0.02851	0.10558	0.01015	0.03788	0.00806	0.00911	0.00646	0.00341	0.00333	0.00074	0.00342	0.00276	0.00276	0.72585
11	0.00560	0.00428	0.00513	0.00492	0.00606	0.00382	0.00369	0.00725	0.01106	0.01487	0.54212	0.03467	0.32260	0.00933	0.00496	0.00136	0.00204	0.00806	0.00437	0.00382
12	0.00564	0.00430	0.00519	0.00501	0.00614	0.00385	0.00378	0.00731	0.01106	0.01490	0.54066	0.03486	0.30288	0.00936	0.00498	0.00137	0.00208	0.02844	0.00436	0.00382
13	0.01866	0.00747	0.00995	0.00763	0.01089	0.00665	0.00630	0.07497	0.01256	0.77372	0.01614	0.01402	0.01018	0.00519	0.00423	0.00130	0.00365	0.00420	0.00513	0.00715
14	0.00800	0.00398	0.00405	0.00401	0.00503	0.00396	0.00301	0.00995	0.00893	0.03013	0.02787	0.01592	0.01127	0.00497	0.00300	0.00099	0.00199	0.00399	0.84498	0.00398
15	0.01599	0.01141	0.01235	0.00950	0.01283	0.01254	0.00784	0.73941	0.04351	0.07555	0.01070	0.01052	0.00752	0.00508	0.00421	0.00127	0.00452	0.00384	0.00427	0.00713
16	0.00565	0.00429	0.00520	0.00497	0.00609	0.00384	0.00373	0.00735	0.01119	0.01516	0.58324	0.03419	0.28130	0.00923	0.00496	0.00135	0.00203	0.00799	0.00440	0.00384
17	0.00951	0.00813	0.00864	0.00795	0.01005	0.00923	0.00611	0.01945	0.67593	0.01643	0.01971	0.09843	0.07849	0.00682	0.00444	0.00145	0.00315	0.00578	0.00421	0.00609
18	0.00794	0.00554	0.00653	0.00611	0.00770	0.00539	0.00480	0.03396	0.13376	0.09182	0.27616	0.04482	0.25219	0.00873	0.00487	0.00144	0.00268	0.09660	0.00431	0.00463
19	0.01506	0.07595	0.01243	0.01030	0.01261	0.67259	0.00790	0.09125	0.01229	0.01181	0.00737	0.03704	0.00636	0.00466	0.00381	0.00111	0.00691	0.00310	0.00239	0.00507
20	0.00872	0.07216	0.71701	0.01214	0.01804	0.01025	0.07794	0.01328	0.00894	0.01311	0.00752	0.00894	0.00541	0.00393	0.00399	0.00131	0.00618	0.00320	0.00180	0.00612
21	0.79008	0.02969	0.00644	0.00547	0.00800	0.00915	0.00451	0.01186	0.00738	0.01804	0.00876	0.00949	0.06943	0.00443	0.00279	0.00130	0.00320	0.00280	0.00268	0.00449
22	0.01598	0.01177	0.01262	0.00967	0.01304	0.01304	0.00799	0.81202	0.01976	0.02649	0.01009	0.01009	0.00715	0.00505	0.00421	0.00126	0.00463	0.00378	0.00421	0.00715
23	0.00992	0.01134	0.02481	0.01772	0.02197	0.01063	0.81077	0.01347	0.00992	0.01347	0.00850	0.01134	0.00638	0.00354	0.00496	0.00142	0.00709	0.00496	0.00213	0.00567
24	0.00512	0.00368	0.00486	0.00580	0.00608	0.00342	0.00388	0.00586	0.00810	0.01075	0.02382	0.82229	0.05461	0.01309	0.00535	0.00170	0.00243	0.01185	0.00390	0.00342
25	0.01018	0.00968	0.01618	0.04646	0.73632	0.00978	0.01225	0.01313	0.04885	0.01395	0.03672	0.01141	0.00808	0.00402	0.00420	0.00126	0.00483	0.00393	0.00227	0.00651
26	0.01080	0.00855	0.00967	0.00727	0.01075	0.00776	0.00585	0.18290	0.10341	0.04431	0.00943	0.00999	0.00732	0.00389	0.00352	0.00087	0.00348	0.00308	0.00315	0.56400
27	0.00992	0.01134	0.02481	0.01772	0.02197	0.01063	0.81077	0.01347	0.00992	0.01347	0.00850	0.01134	0.00638	0.00354	0.00496	0.00142	0.00709	0.00496	0.00213	0.00567
28	0.00497	0.00426	0.00426	0.00426	0.00568	0.00355	0.00319	0.00603	0.00958	0.01136	0.04259	0.04046	0.82433	0.01065	0.00497	0.00142	0.00213	0.00887	0.00390	0.00355
29	0.00948	0.01124	0.11720	0.05391	0.06511	0.02047	0.33858	0.01500	0.21794	0.01428	0.03137	0.03389	0.04181	0.00484	0.00458	0.00140	0.00539	0.00490	0.00279	0.00581
30	0.11836	0.00943	0.01115	0.00993	0.08211	0.02186	0.02904	0.25852	0.12665	0.25693	0.01224	0.01203	0.00863	0.01882	0.00432	0.00135	0.00411	0.00392	0.00402	0.00658
31	0.00501	0.00426	0.00432	0.00430	0.00570	0.00357	0.00323	0.00612	0.00968	0.01160	0.07673	0.04006	0.79004	0.01056	0.00497	0.00142	0.00212	0.00882	0.00394	0.00357
32	0.00974	0.01060	0.02230	0.01659	0.04840	0.01019	0.67989	0.01299	0.00965	0.01349	0.00875	0.01155	0.00669	0.00384	0.00520	0.00140	0.04723	0.00477	0.07122	0.00551
33	0.00981	0.02220	0.04986	0.02608	0.03073	0.01060	0.60804	0.01416	0.10417	0.01367	0.00956	0.02704	0.00744	0.00417	0.00519	0.00143	0.04288	0.00488	0.00238	0.00571
34	0.00870	0.08075	0.73594	0.01190	0.01784	0.01029	0.05128	0.01327	0.00890	0.01308	0.00747	0.00884	0.00538	0.00394	0.00395	0.00130	0.00613	0.00313	0.00179	0.00613
35	0.00497	0.00426	0.00426	0.00426	0.00568	0.00355	0.00319	0.00603	0.00958	0.01136	0.04259	0.04046	0.82433	0.01065	0.00497	0.00142	0.00213	0.00887	0.00390	0.00355
36	0.00843	0.02174	0.83048	0.01198	0.01819	0.00976	0.01553	0.01331	0.00888	0.01331	0.00754	0.00888	0.00533	0.00399	0.00399	0.00133	0.00621	0.00311	0.00178	0.00621
37	0.00829	0.00783	0.01324	0.72702	0.14137	0.00943	0.01185	0.01105	0.00857	0.01116	0.00753	0.01109	0.00575	0.00414	0.00420	0.00138	0.00552	0.00374	0.00190	0.00495
38	0.00511	0.00369	0.00485	0.00578	0.00608	0.00342	0.00387	0.00586	0.00812	0.01076	0.02411	0.81028	0.06644	0.01305	0.00535	0.00169	0.00242	0.01180	0.00390	0.00342
39	0.00514	0.00367	0.00487	0.00583	0.00606	0.00343	0.00387	0.00586	0.00801	0.01068	0.02295	0.83163	0.02753	0.03143	0.00571	0.00176	0.00247	0.01182	0.00387	0.00340
40	0.00655	0.00554	0.00588	0.00555	0.00671	0.06967	0.00416	0.00830	0.01150	0.01538	0.62303	0.03109	0.17368	0.00861	0.00487	0.00132	0.00245	0.00744	0.00431	0.00397

[dist]
# distance from previous block
# <min> <max>
0	0

# created by:
# /st0/software/busco_prod/Augustus/scripts/msa2prfl.pl ./align_prep/139760.fa
