[name]
unknown

[dist]
# distance from previous block
# <min> <max>
0	18

[block]
# block no. 0 follows, 68 sequences, length 17
# corresponding to MSA columns:
# 18-34
name=unknown_A
#
# <colnr> <probs for GDERKNQSTAVLIFYWHMCP>
#	G	D	E	R	K	N	Q	S	T	A	V	L	I	F	Y	W	H	M	C	P
0	0.03838	0.15094	0.03015	0.00955	0.08150	0.08287	0.05967	0.10060	0.11555	0.09177	0.07568	0.04109	0.03420	0.00509	0.00408	0.00118	0.02959	0.01535	0.00302	0.02973
1	0.04068	0.08199	0.13406	0.01104	0.14256	0.07394	0.07281	0.07149	0.04878	0.04411	0.10446	0.02306	0.05499	0.00475	0.00384	0.00115	0.00434	0.00403	0.00270	0.07521
2	0.02956	0.08039	0.22718	0.01168	0.14245	0.03211	0.08691	0.04464	0.05823	0.06827	0.02501	0.06601	0.02339	0.00522	0.02452	0.00132	0.00476	0.00400	0.00250	0.06183
3	0.00969	0.13254	0.21265	0.01039	0.10000	0.08373	0.03086	0.08465	0.06832	0.01349	0.06562	0.02804	0.00925	0.00455	0.00371	0.00113	0.00457	0.03265	0.00249	0.10167
4	0.00871	0.07543	0.12397	0.02570	0.04457	0.08142	0.07737	0.03782	0.01834	0.03460	0.04459	0.12899	0.01163	0.08596	0.00548	0.00143	0.00431	0.04734	0.00260	0.13973
5	0.01057	0.15241	0.23585	0.00912	0.04127	0.09490	0.00870	0.05975	0.10707	0.09635	0.02687	0.03250	0.00845	0.02579	0.00407	0.00122	0.00459	0.02404	0.00268	0.05379
6	0.03991	0.17742	0.37612	0.01197	0.12424	0.01025	0.08677	0.01275	0.03955	0.04350	0.03646	0.00951	0.00685	0.00388	0.00364	0.00118	0.00504	0.00324	0.00208	0.00564
7	0.00508	0.00357	0.00458	0.00526	0.00545	0.00342	0.00341	0.00562	0.00712	0.00952	0.01931	0.63666	0.02296	0.21531	0.03143	0.00227	0.00289	0.00977	0.00333	0.00303
8	0.01009	0.61905	0.18423	0.00846	0.02847	0.03461	0.03133	0.01210	0.00822	0.01015	0.00595	0.00701	0.00513	0.00354	0.00307	0.00097	0.01824	0.00241	0.00171	0.00525
9	0.00684	0.00346	0.00513	0.00513	0.00513	0.00346	0.00340	0.00519	0.00519	0.00692	0.00713	0.01265	0.00721	0.05012	0.01570	0.84684	0.00346	0.00354	0.00175	0.00175
10	0.00496	0.00391	0.00448	0.00459	0.00559	0.00343	0.00335	0.00614	0.00932	0.01198	0.24944	0.20707	0.45162	0.01002	0.00476	0.00137	0.00203	0.00865	0.00386	0.00343
11	0.01010	0.00998	0.03342	0.03713	0.21649	0.00970	0.38986	0.07667	0.09981	0.04333	0.00942	0.02917	0.00734	0.00400	0.00432	0.00129	0.00537	0.00435	0.00250	0.00577
12	0.00546	0.00424	0.00507	0.00563	0.00624	0.02838	0.00402	0.00640	0.00822	0.01075	0.07712	0.54623	0.11186	0.04089	0.00547	0.00161	0.00261	0.09982	0.00360	0.02639
13	0.03117	0.02095	0.01311	0.45206	0.11915	0.00899	0.10626	0.03036	0.00839	0.01148	0.04634	0.01153	0.00735	0.02211	0.03324	0.00154	0.06539	0.00384	0.00203	0.00470
14	0.03901	0.09980	0.21160	0.08156	0.21997	0.06082	0.05566	0.02977	0.04826	0.03268	0.00910	0.01062	0.03839	0.00516	0.03985	0.00141	0.00522	0.00348	0.00216	0.00547
15	0.00987	0.40650	0.25567	0.00905	0.03804	0.02461	0.02604	0.07503	0.05123	0.01228	0.03664	0.02418	0.00715	0.00405	0.00331	0.00107	0.00465	0.00304	0.00214	0.00545
16	0.02912	0.03126	0.03791	0.00676	0.02650	0.03348	0.00535	0.04092	0.02489	0.04115	0.06652	0.17436	0.12165	0.09715	0.02898	0.00186	0.00355	0.22133	0.00334	0.00393

[dist]
# distance from previous block
# <min> <max>
2	11

[block]
# block no. 1 follows, 68 sequences, length 53
# corresponding to MSA columns:
# 46-98
name=unknown_B
#
# <colnr> <probs for GDERKNQSTAVLIFYWHMCP>
#	G	D	E	R	K	N	Q	S	T	A	V	L	I	F	Y	W	H	M	C	P
0	0.01818	0.03797	0.05229	0.03787	0.03563	0.13399	0.05067	0.01148	0.08263	0.03420	0.20768	0.02727	0.06511	0.02681	0.00466	0.00122	0.02855	0.01871	0.00300	0.12210
1	0.03438	0.01924	0.74349	0.01073	0.01612	0.03914	0.01352	0.01233	0.00849	0.01259	0.01915	0.00964	0.03587	0.00406	0.00377	0.00125	0.00563	0.00315	0.00182	0.00565
2	0.01076	0.04894	0.03503	0.00872	0.04100	0.01015	0.00686	0.16941	0.51956	0.03230	0.04316	0.01339	0.01107	0.00508	0.00394	0.00126	0.00351	0.00416	0.00375	0.02798
3	0.10949	0.00738	0.03762	0.01701	0.00869	0.03859	0.03496	0.04078	0.20186	0.05351	0.05863	0.04578	0.04570	0.24396	0.00853	0.00199	0.01392	0.00486	0.00310	0.02365
4	0.05063	0.00740	0.04001	0.03397	0.25229	0.00708	0.03989	0.04726	0.06449	0.01232	0.01327	0.07123	0.09067	0.11403	0.01805	0.06183	0.00400	0.03204	0.00260	0.03694
5	0.00947	0.12963	0.46904	0.03629	0.04584	0.03600	0.07495	0.05683	0.03292	0.04067	0.00759	0.00879	0.00563	0.00391	0.00394	0.00121	0.02644	0.00312	0.00203	0.00570
6	0.04169	0.00898	0.01504	0.15589	0.67618	0.00930	0.01169	0.01182	0.00877	0.01268	0.00732	0.00981	0.00605	0.00361	0.00388	0.00120	0.00474	0.00348	0.00195	0.00591
7	0.00675	0.00431	0.00517	0.00517	0.00585	0.00415	0.00354	0.00785	0.04494	0.08453	0.04846	0.19824	0.11601	0.38126	0.01149	0.00251	0.00315	0.05998	0.00327	0.00338
8	0.01376	0.00663	0.02299	0.00944	0.11031	0.02226	0.13580	0.01987	0.02998	0.03352	0.08941	0.08588	0.31151	0.01655	0.01211	0.01050	0.01211	0.03794	0.01512	0.00433
9	0.00771	0.00731	0.01238	0.76539	0.05581	0.00891	0.04066	0.01063	0.03256	0.01052	0.00737	0.01067	0.00555	0.00397	0.00399	0.00132	0.00525	0.00360	0.00185	0.00456
10	0.00974	0.00935	0.01597	0.04962	0.81120	0.00940	0.01213	0.01211	0.00899	0.01287	0.00745	0.00984	0.00625	0.00355	0.00393	0.00118	0.00473	0.00353	0.00196	0.00622
11	0.00683	0.00476	0.00528	0.00507	0.00588	0.00483	0.00352	0.07410	0.06229	0.01186	0.06685	0.07642	0.12480	0.36817	0.01093	0.00236	0.00310	0.03759	0.12187	0.00349
12	0.04586	0.00880	0.01355	0.07529	0.53765	0.02349	0.01950	0.05378	0.05751	0.02478	0.02084	0.06278	0.00848	0.00474	0.01201	0.00129	0.00447	0.01701	0.00240	0.00577
13	0.03416	0.05154	0.71405	0.01091	0.01634	0.02908	0.03202	0.02432	0.00862	0.03316	0.00725	0.00841	0.00517	0.00379	0.00371	0.00123	0.00568	0.00294	0.00183	0.00578
14	0.01453	0.01873	0.02923	0.01040	0.01257	0.80623	0.02797	0.01568	0.01113	0.00984	0.00620	0.00726	0.00513	0.00406	0.00361	0.00103	0.00711	0.00261	0.00203	0.00464
15	0.00822	0.00705	0.00822	0.00587	0.00940	0.00529	0.00470	0.00998	0.00822	0.01292	0.00705	0.00822	0.00587	0.00294	0.00294	0.00059	0.00294	0.00235	0.00235	0.88490
16	0.00570	0.00382	0.00471	0.00511	0.00539	0.00369	0.00330	0.00630	0.01857	0.03241	0.01796	0.43625	0.03510	0.36938	0.01139	0.00254	0.00302	0.02916	0.00318	0.00303
17	0.00553	0.00405	0.00518	0.00490	0.00587	0.00371	0.00367	0.00732	0.01102	0.01543	0.76148	0.03040	0.11006	0.00828	0.00468	0.00126	0.00188	0.00728	0.00430	0.00371
18	0.00822	0.00705	0.00822	0.00587	0.00940	0.00529	0.00470	0.00998	0.00822	0.01292	0.00705	0.00822	0.00587	0.00294	0.00294	0.00059	0.00294	0.00235	0.00235	0.88490
19	0.02431	0.00415	0.00430	0.00433	0.00562	0.00360	0.00322	0.00629	0.02057	0.02714	0.03649	0.13048	0.69580	0.01001	0.00466	0.00137	0.00211	0.00842	0.00368	0.00346
20	0.88866	0.00767	0.00583	0.00521	0.00767	0.00889	0.00429	0.01166	0.00675	0.01779	0.00552	0.00644	0.00429	0.00368	0.00245	0.00123	0.00307	0.00215	0.00245	0.00429
21	0.01081	0.00576	0.00731	0.00743	0.08860	0.00563	0.00517	0.02225	0.09568	0.25388	0.04044	0.04572	0.01167	0.00526	0.00361	0.00115	0.00280	0.02762	0.35411	0.00512
22	0.02601	0.00492	0.00593	0.00575	0.00694	0.00466	0.00415	0.02806	0.07873	0.08663	0.07591	0.40317	0.06868	0.08848	0.00595	0.00160	0.00269	0.00781	0.00360	0.09033
23	0.05436	0.00610	0.00789	0.00637	0.00889	0.00539	0.00514	0.01576	0.01055	0.60099	0.06038	0.06113	0.11075	0.02221	0.00440	0.00131	0.00307	0.00500	0.00451	0.00581
24	0.00964	0.00796	0.00855	0.00778	0.00986	0.00907	0.00601	0.01949	0.72057	0.04378	0.01668	0.09744	0.01341	0.00605	0.00413	0.00137	0.00306	0.00513	0.00403	0.00599
25	0.00950	0.00596	0.00718	0.00651	0.00821	0.00606	0.00510	0.02235	0.24541	0.18207	0.23659	0.06453	0.03234	0.03367	0.00486	0.00142	0.00282	0.08442	0.03597	0.00503
26	0.29971	0.00732	0.00882	0.00722	0.00968	0.00758	0.08502	0.05305	0.08968	0.22510	0.05405	0.04814	0.02135	0.03595	0.00422	0.00136	0.00347	0.01240	0.02071	0.00516
27	0.01544	0.00619	0.00837	0.00666	0.00923	0.00552	0.00541	0.01692	0.01044	0.67011	0.01485	0.01427	0.01003	0.04057	0.08700	0.00181	0.00400	0.00406	0.06307	0.00606
28	0.00534	0.00406	0.00570	0.00728	0.08710	0.00385	0.00445	0.00619	0.00772	0.01034	0.02070	0.72494	0.04806	0.03742	0.00540	0.00163	0.00258	0.01026	0.00347	0.00350
29	0.10988	0.00884	0.01042	0.00833	0.01087	0.00960	0.08590	0.38074	0.11756	0.02694	0.02034	0.05047	0.02257	0.05025	0.00471	0.00137	0.00391	0.00423	0.06748	0.00557
30	0.00636	0.00498	0.00775	0.00701	0.00816	0.00524	0.08467	0.00823	0.03163	0.02824	0.15125	0.03616	0.05003	0.06520	0.46243	0.00421	0.00733	0.02455	0.00275	0.00382
31	0.80233	0.00761	0.00606	0.00528	0.00784	0.00854	0.00433	0.01149	0.00689	0.01731	0.00567	0.00662	0.00445	0.00361	0.00250	0.00116	0.00305	0.00217	0.00244	0.09064
32	0.00492	0.00357	0.00464	0.00534	0.00574	0.00330	0.00364	0.00578	0.00816	0.01089	0.12452	0.69084	0.09064	0.01170	0.00498	0.00154	0.00222	0.01053	0.00377	0.00330
33	0.03239	0.01881	0.00638	0.01724	0.03332	0.03039	0.00441	0.00720	0.00666	0.02481	0.05960	0.03287	0.02164	0.14883	0.27596	0.26389	0.00582	0.00443	0.00228	0.00307
34	0.01345	0.01131	0.01024	0.00850	0.01098	0.20010	0.00676	0.38580	0.10418	0.07074	0.01023	0.01059	0.00762	0.00593	0.04614	0.00141	0.00489	0.00351	0.08184	0.00577
35	0.00612	0.00430	0.00508	0.00515	0.00556	0.00436	0.00346	0.00742	0.06684	0.00985	0.09487	0.05307	0.01814	0.55952	0.01478	0.00303	0.00352	0.12893	0.00294	0.00303
36	0.02000	0.00672	0.01001	0.33930	0.08456	0.00770	0.01637	0.10863	0.00921	0.01254	0.09355	0.01412	0.02063	0.04096	0.15621	0.03219	0.01625	0.00417	0.00244	0.00445
37	0.00873	0.02284	0.01125	0.09070	0.25005	0.03361	0.04485	0.02116	0.20534	0.02219	0.04930	0.12873	0.04241	0.00591	0.00431	0.00131	0.01518	0.02272	0.01417	0.00525
38	0.75387	0.02646	0.00727	0.00719	0.08902	0.00899	0.00517	0.01197	0.00716	0.04491	0.00605	0.00701	0.00469	0.00370	0.00265	0.00121	0.00326	0.00234	0.00247	0.00459
39	0.01117	0.15122	0.07143	0.17339	0.16487	0.29490	0.02546	0.03205	0.00956	0.01093	0.00662	0.00839	0.00540	0.00386	0.00370	0.00111	0.01595	0.00295	0.00193	0.00509
40	0.01012	0.00892	0.01334	0.28502	0.15080	0.02332	0.10907	0.16508	0.09845	0.03676	0.02264	0.01141	0.01948	0.00433	0.00418	0.00127	0.01600	0.00389	0.00265	0.01328
41	0.00904	0.00991	0.05081	0.13704	0.27230	0.09042	0.20334	0.01151	0.00935	0.01233	0.09781	0.02399	0.04526	0.00450	0.00420	0.00124	0.00510	0.00438	0.00229	0.00516
42	0.00686	0.00549	0.00738	0.06642	0.06146	0.03398	0.00678	0.00882	0.02820	0.01163	0.01866	0.13919	0.02013	0.00982	0.00512	0.00168	0.00377	0.55731	0.00337	0.00391
43	0.01412	0.01082	0.01395	0.01046	0.01379	0.01156	0.16146	0.63142	0.01654	0.06118	0.00953	0.00993	0.00675	0.00450	0.00410	0.00122	0.00476	0.00380	0.00364	0.00648
44	0.00901	0.01002	0.02153	0.01550	0.01911	0.00942	0.74120	0.01202	0.00901	0.01221	0.00846	0.01219	0.00684	0.08741	0.00620	0.00158	0.00641	0.00479	0.00204	0.00506
45	0.09290	0.00551	0.00818	0.06429	0.07451	0.00596	0.05301	0.00842	0.00749	0.01112	0.01302	0.10222	0.03824	0.01686	0.36196	0.00355	0.00674	0.11952	0.00253	0.00397
46	0.00718	0.08880	0.00786	0.00719	0.00840	0.00568	0.00633	0.00890	0.00903	0.03952	0.01913	0.03955	0.02048	0.02608	0.00542	0.00175	0.00370	0.68764	0.00348	0.00387
47	0.00633	0.00449	0.00619	0.00701	0.00783	0.00449	0.00600	0.00797	0.00880	0.01146	0.02016	0.04288	0.02199	0.09427	0.00692	0.00202	0.00367	0.73045	0.00353	0.00353
48	0.00749	0.00705	0.01189	0.85113	0.02731	0.00881	0.01101	0.01013	0.00793	0.01013	0.00705	0.01057	0.00529	0.00396	0.00396	0.00132	0.00529	0.00352	0.00176	0.00440
49	0.07617	0.00646	0.00777	0.00684	0.00892	0.00647	0.00546	0.05939	0.15692	0.32005	0.04329	0.14537	0.01446	0.00678	0.00419	0.00136	0.00313	0.09112	0.03042	0.00542
50	0.00756	0.00705	0.01153	0.76824	0.02555	0.00846	0.01039	0.01012	0.00796	0.01040	0.00705	0.01034	0.00534	0.00386	0.00386	0.00125	0.00506	0.00341	0.00182	0.09074
51	0.00534	0.00404	0.00492	0.00470	0.00575	0.00362	0.00352	0.00695	0.01057	0.01436	0.59814	0.03215	0.27407	0.00868	0.00468	0.00127	0.00191	0.00753	0.00416	0.00362
52	0.18253	0.00583	0.00671	0.00579	0.00778	0.00563	0.00455	0.03568	0.00983	0.30224	0.16744	0.09995	0.10280	0.03269	0.00448	0.00136	0.00282	0.00543	0.01161	0.00485

[dist]
# distance from previous block
# <min> <max>
0	1

[block]
# block no. 2 follows, 68 sequences, length 19
# corresponding to MSA columns:
# 100-118
name=unknown_C
#
# <colnr> <probs for GDERKNQSTAVLIFYWHMCP>
#	G	D	E	R	K	N	Q	S	T	A	V	L	I	F	Y	W	H	M	C	P
0	0.05121	0.00667	0.00888	0.00688	0.00980	0.00587	0.00564	0.01850	0.01096	0.77487	0.01513	0.01370	0.00978	0.03768	0.00455	0.00133	0.00338	0.00398	0.00472	0.00649
1	0.00890	0.00989	0.02127	0.01542	0.01902	0.00939	0.71940	0.01200	0.00898	0.01226	0.00835	0.01131	0.00650	0.00664	0.10977	0.00197	0.00718	0.00463	0.00202	0.00512
2	0.43944	0.00679	0.00659	0.00573	0.00804	0.00714	0.00466	0.05685	0.00891	0.19677	0.01480	0.04446	0.14295	0.00564	0.00345	0.00128	0.00303	0.03536	0.00337	0.00475
3	0.00570	0.00382	0.00434	0.00441	0.00443	0.00380	0.00249	0.00575	0.00589	0.00786	0.01315	0.08473	0.01525	0.80073	0.01911	0.00369	0.00373	0.00615	0.00249	0.00246
4	0.01033	0.00867	0.01079	0.00908	0.01160	0.00961	0.10821	0.01990	0.67140	0.07130	0.01509	0.01419	0.01119	0.00509	0.00411	0.00134	0.00360	0.00447	0.00384	0.00619
5	0.00676	0.00435	0.00525	0.00487	0.00619	0.00384	0.00369	0.00818	0.01018	0.11647	0.38615	0.05312	0.33892	0.02820	0.00496	0.00135	0.00217	0.00731	0.00411	0.00392
6	0.06161	0.00482	0.00584	0.00552	0.00669	0.00469	0.00408	0.00955	0.07351	0.12806	0.20448	0.15182	0.11305	0.07640	0.00705	0.11202	0.00272	0.02057	0.00362	0.00391
7	0.12538	0.00717	0.00871	0.00685	0.00967	0.00685	0.00563	0.11968	0.01156	0.56094	0.04801	0.01284	0.00991	0.00486	0.00377	0.00121	0.00333	0.00383	0.04362	0.00618
8	0.00669	0.00414	0.00536	0.00565	0.00651	0.00380	0.00417	0.00775	0.00866	0.11151	0.08462	0.43427	0.13633	0.04592	0.00553	0.00162	0.00260	0.11731	0.00382	0.00373
9	0.00675	0.00520	0.00771	0.00669	0.00818	0.00485	0.10621	0.00899	0.05150	0.05861	0.40723	0.11719	0.15596	0.00806	0.00467	0.00133	0.00274	0.03014	0.00388	0.00411
10	0.17009	0.00733	0.00677	0.00616	0.00783	0.11073	0.00470	0.04185	0.06593	0.09293	0.21857	0.09414	0.10260	0.04763	0.00477	0.00138	0.00322	0.00547	0.00351	0.00437
11	0.74482	0.00941	0.11040	0.00613	0.00903	0.00907	0.00571	0.04305	0.00741	0.01741	0.00587	0.00680	0.00448	0.00373	0.00268	0.00123	0.00347	0.00230	0.00241	0.00458
12	0.00589	0.00441	0.00530	0.00514	0.00621	0.00402	0.00374	0.00731	0.02920	0.01191	0.20913	0.18023	0.15101	0.14874	0.01977	0.00178	0.00271	0.05865	0.03124	0.11362
13	0.11741	0.00544	0.02937	0.00533	0.00682	0.00502	0.00424	0.04555	0.03244	0.03734	0.13644	0.12551	0.31372	0.04903	0.00510	0.00147	0.00263	0.05442	0.01881	0.00390
14	0.00676	0.00461	0.00609	0.00616	0.00715	0.00474	0.00476	0.02870	0.04277	0.06958	0.03390	0.20233	0.11079	0.04235	0.28324	0.00320	0.00543	0.13030	0.00324	0.00386
15	0.08541	0.11489	0.01081	0.00823	0.04815	0.00928	0.01958	0.14146	0.20797	0.20091	0.01311	0.07580	0.02178	0.00537	0.00381	0.00124	0.00357	0.01919	0.00363	0.00581
16	0.07240	0.00849	0.11279	0.03205	0.01110	0.00697	0.04067	0.04760	0.08546	0.25660	0.01296	0.07267	0.02062	0.00736	0.07167	0.00167	0.00434	0.04778	0.00338	0.08342
17	0.09678	0.03385	0.01067	0.08991	0.12023	0.04635	0.03003	0.16100	0.08202	0.02956	0.04355	0.01249	0.02738	0.00615	0.05646	0.00148	0.00447	0.02842	0.00284	0.11634
18	0.03115	0.03689	0.02707	0.10520	0.35202	0.02485	0.06911	0.10116	0.13864	0.01444	0.00888	0.01036	0.00697	0.00397	0.00386	0.00119	0.00454	0.00360	0.00251	0.05358

[dist]
# distance from previous block
# <min> <max>
0	75

# created by:
# /st0/software/busco_prod/Augustus/scripts/msa2prfl.pl ./align_prep/139741.fa
