[name]
unknown

[dist]
# distance from previous block
# <min> <max>
1	49

[block]
# block no. 0 follows, 54 sequences, length 17
# corresponding to MSA columns:
# 69-85
name=unknown_A
#
# <colnr> <probs for GDERKNQSTAVLIFYWHMCP>
#	G	D	E	R	K	N	Q	S	T	A	V	L	I	F	Y	W	H	M	C	P
0	0.01243	0.15708	0.15611	0.03392	0.05624	0.13718	0.05907	0.10367	0.06185	0.03278	0.01160	0.05143	0.03275	0.05245	0.00574	0.00157	0.02049	0.00453	0.00292	0.00619
1	0.06573	0.01051	0.06619	0.01014	0.03599	0.10208	0.11209	0.08360	0.01050	0.01423	0.02958	0.07840	0.02780	0.25585	0.05645	0.00274	0.00589	0.00579	0.00301	0.02344
2	0.00643	0.00482	0.00577	0.00591	0.00682	0.00453	0.00416	0.00825	0.04688	0.01434	0.27560	0.25493	0.20623	0.12397	0.00817	0.00205	0.00279	0.00981	0.00445	0.00410
3	0.01243	0.03078	0.05258	0.02313	0.51024	0.08432	0.09337	0.06557	0.02835	0.01593	0.00909	0.01138	0.00738	0.00437	0.00465	0.00138	0.00603	0.00416	0.00255	0.03232
4	0.11445	0.07053	0.29137	0.02882	0.10314	0.04180	0.05212	0.13036	0.04980	0.06021	0.00965	0.01075	0.00712	0.00474	0.00433	0.00143	0.00581	0.00376	0.00292	0.00686
5	0.46795	0.02814	0.03839	0.04564	0.01182	0.11939	0.00690	0.08789	0.02780	0.03107	0.00962	0.08870	0.00846	0.00565	0.00378	0.00147	0.00464	0.00404	0.00316	0.00550
6	0.01386	0.25527	0.09269	0.01245	0.06728	0.24454	0.08740	0.03830	0.01139	0.06171	0.00861	0.01013	0.00698	0.00631	0.05009	0.00162	0.01915	0.00353	0.00253	0.00615
7	0.01298	0.03645	0.06977	0.03731	0.35818	0.14343	0.03679	0.10753	0.05009	0.01629	0.02921	0.01173	0.00832	0.00499	0.00527	0.00143	0.05649	0.00412	0.00277	0.00683
8	0.00782	0.00567	0.00692	0.00640	0.00784	0.00546	0.00485	0.05515	0.06109	0.03842	0.55715	0.07823	0.12747	0.00967	0.00547	0.00152	0.00258	0.00843	0.00501	0.00484
9	0.00579	0.00415	0.00547	0.00647	0.00679	0.00387	0.00432	0.00664	0.00913	0.01215	0.04571	0.77131	0.05085	0.03498	0.00644	0.00196	0.00276	0.01303	0.00436	0.00382
10	0.00681	0.00484	0.00617	0.00611	0.00715	0.00461	0.00451	0.00838	0.01083	0.03733	0.33348	0.13279	0.17959	0.08256	0.13318	0.00278	0.00423	0.02611	0.00433	0.00421
11	0.00605	0.00460	0.00556	0.00573	0.00676	0.00412	0.00414	0.00754	0.01128	0.01494	0.33485	0.26138	0.29228	0.01184	0.00569	0.00164	0.00242	0.01036	0.00469	0.00412
12	0.00919	0.00598	0.00737	0.02711	0.00834	0.03673	0.00518	0.06447	0.00959	0.04464	0.10007	0.15864	0.02978	0.01309	0.03308	0.36304	0.02053	0.00634	0.05304	0.00379
13	0.19158	0.13731	0.06874	0.01048	0.06367	0.10106	0.00854	0.15986	0.08092	0.06929	0.02583	0.01105	0.00830	0.00509	0.00422	0.00137	0.02103	0.00366	0.02154	0.00648
14	0.05625	0.12266	0.06132	0.02831	0.08614	0.13206	0.04129	0.19932	0.02891	0.01779	0.00962	0.01209	0.00792	0.00509	0.00448	0.00130	0.02176	0.03912	0.00308	0.12148
15	0.07824	0.12127	0.18384	0.01111	0.03095	0.07412	0.03693	0.24819	0.07436	0.04262	0.01044	0.03099	0.00807	0.00520	0.00432	0.00139	0.00554	0.00398	0.00334	0.02511
16	0.05097	0.08729	0.10775	0.00968	0.06370	0.02000	0.00805	0.09277	0.09540	0.12290	0.14824	0.02031	0.10579	0.02250	0.00503	0.00150	0.00419	0.00550	0.02224	0.00621

[dist]
# distance from previous block
# <min> <max>
3	7

[block]
# block no. 1 follows, 54 sequences, length 7
# corresponding to MSA columns:
# 94-100
name=unknown_B
#
# <colnr> <probs for GDERKNQSTAVLIFYWHMCP>
#	G	D	E	R	K	N	Q	S	T	A	V	L	I	F	Y	W	H	M	C	P
0	0.01325	0.19166	0.10304	0.01405	0.16690	0.12258	0.04271	0.11056	0.05877	0.04636	0.00966	0.01129	0.00778	0.02721	0.02342	0.00153	0.00596	0.00379	0.00285	0.03665
1	0.00848	0.00799	0.06455	0.03251	0.04688	0.00722	0.07216	0.06730	0.04341	0.01378	0.06327	0.16802	0.06510	0.26823	0.03035	0.00270	0.02253	0.00741	0.00341	0.00471
2	0.00868	0.02392	0.00872	0.00802	0.04017	0.02213	0.03680	0.02587	0.08560	0.06449	0.35255	0.08138	0.17697	0.00999	0.03197	0.00173	0.00348	0.00787	0.00454	0.00513
3	0.04053	0.08483	0.21508	0.04340	0.05791	0.13993	0.01063	0.13607	0.02572	0.07192	0.02664	0.06605	0.02383	0.00569	0.00446	0.00140	0.00574	0.00446	0.00315	0.03254
4	0.03132	0.08547	0.24019	0.01420	0.11354	0.01136	0.12662	0.07961	0.08234	0.12316	0.01163	0.04002	0.00887	0.00513	0.00464	0.00147	0.00573	0.00451	0.00319	0.00698
5	0.00663	0.00557	0.00586	0.00605	0.00720	0.04134	0.00439	0.00821	0.03284	0.01358	0.15646	0.25138	0.36526	0.04169	0.00631	0.00177	0.00291	0.03402	0.00437	0.00415
6	0.05872	0.06178	0.04211	0.06189	0.38834	0.09570	0.04564	0.03058	0.07582	0.05157	0.01105	0.01270	0.03391	0.00483	0.00451	0.00141	0.00561	0.00423	0.00281	0.00678

[dist]
# distance from previous block
# <min> <max>
13	28

[block]
# block no. 2 follows, 54 sequences, length 9
# corresponding to MSA columns:
# 130-138
name=unknown_C
#
# <colnr> <probs for GDERKNQSTAVLIFYWHMCP>
#	G	D	E	R	K	N	Q	S	T	A	V	L	I	F	Y	W	H	M	C	P
0	0.00909	0.00618	0.00693	0.00649	0.00741	0.03340	0.00447	0.06579	0.00941	0.07682	0.03879	0.05056	0.06266	0.46701	0.10890	0.00391	0.00538	0.02931	0.00342	0.00408
1	0.03672	0.57864	0.09397	0.00913	0.01318	0.09322	0.00898	0.06295	0.04154	0.01325	0.00759	0.00850	0.00647	0.00436	0.00345	0.00113	0.00547	0.00288	0.00235	0.00623
2	0.04441	0.00575	0.00695	0.00652	0.00801	0.00553	0.00490	0.03735	0.04946	0.10284	0.32291	0.15244	0.13828	0.04292	0.00653	0.02911	0.00295	0.02363	0.00468	0.00483
3	0.00590	0.00474	0.00526	0.00524	0.00660	0.00410	0.00389	0.00736	0.01136	0.01444	0.26110	0.09964	0.53082	0.01149	0.00560	0.00158	0.00237	0.00980	0.00461	0.00410
4	0.00624	0.00462	0.00550	0.00588	0.00677	0.00429	0.00416	0.00775	0.02995	0.01352	0.13177	0.36606	0.25484	0.04632	0.03558	0.00202	0.00299	0.01044	0.05726	0.00406
5	0.01397	0.00915	0.01023	0.00844	0.01114	0.00963	0.00675	0.33214	0.09545	0.13510	0.08757	0.06883	0.07593	0.00714	0.00478	0.00145	0.00389	0.00583	0.10592	0.00665
6	0.25804	0.06375	0.11042	0.01019	0.07422	0.15481	0.02268	0.01342	0.01007	0.01545	0.05664	0.01534	0.08443	0.05186	0.03884	0.00183	0.00548	0.00432	0.00285	0.00537
7	0.00784	0.06549	0.00783	0.00707	0.04033	0.04671	0.00483	0.00896	0.02716	0.01222	0.08492	0.12605	0.20945	0.18901	0.03432	0.07447	0.00399	0.00751	0.03777	0.00406
8	0.02875	0.00889	0.03999	0.01131	0.12372	0.00811	0.03864	0.08417	0.08266	0.12851	0.07301	0.14930	0.07028	0.00730	0.00487	0.00145	0.00406	0.00638	0.00401	0.12459

[dist]
# distance from previous block
# <min> <max>
2	9

[block]
# block no. 3 follows, 54 sequences, length 21
# corresponding to MSA columns:
# 148-168
name=unknown_D
#
# <colnr> <probs for GDERKNQSTAVLIFYWHMCP>
#	G	D	E	R	K	N	Q	S	T	A	V	L	I	F	Y	W	H	M	C	P
0	0.02179	0.24262	0.12091	0.01109	0.06247	0.08703	0.03518	0.11780	0.08011	0.01579	0.01309	0.03516	0.05799	0.00593	0.00436	0.00137	0.00534	0.05451	0.00306	0.02439
1	0.00886	0.05370	0.00811	0.00715	0.00838	0.03245	0.00524	0.06658	0.04835	0.05865	0.05236	0.35431	0.06627	0.13955	0.04748	0.00242	0.00411	0.02736	0.00401	0.00464
2	0.02752	0.00472	0.00589	0.00641	0.00695	0.00463	0.00432	0.00806	0.03716	0.03138	0.05891	0.50782	0.04280	0.17934	0.04918	0.00267	0.00365	0.01062	0.00403	0.00395
3	0.09901	0.09090	0.09900	0.01243	0.12192	0.04128	0.06498	0.09359	0.05316	0.13039	0.09620	0.03118	0.01234	0.00552	0.00448	0.00141	0.00493	0.00461	0.00356	0.02910
4	0.01064	0.08952	0.18023	0.04662	0.23436	0.02822	0.03952	0.03257	0.05610	0.03146	0.01382	0.06633	0.08070	0.00612	0.00543	0.00150	0.06259	0.00510	0.00280	0.00638
5	0.00806	0.00527	0.00649	0.00657	0.00763	0.00512	0.00474	0.06442	0.01056	0.06749	0.06954	0.40184	0.12078	0.05875	0.07195	0.00232	0.00378	0.00973	0.07047	0.00449
6	0.00618	0.00453	0.00576	0.00653	0.00708	0.00431	0.00452	0.00762	0.04099	0.01271	0.06798	0.60880	0.09268	0.06000	0.00695	0.00202	0.00290	0.05011	0.00435	0.00399
7	0.01192	0.03382	0.01679	0.24078	0.32270	0.05193	0.06210	0.05290	0.03168	0.06186	0.00974	0.02464	0.00777	0.00494	0.00523	0.00149	0.04611	0.00438	0.00268	0.00654
8	0.00710	0.00496	0.00610	0.00640	0.00741	0.00463	0.00471	0.03269	0.01067	0.04295	0.12921	0.34531	0.20627	0.05625	0.00673	0.00191	0.00299	0.09847	0.02098	0.00425
9	0.00646	0.00450	0.00583	0.00650	0.00712	0.00425	0.00454	0.00793	0.03004	0.02697	0.14648	0.59701	0.05556	0.01314	0.00580	0.00180	0.00272	0.03389	0.03533	0.00413
10	0.01190	0.01093	0.01787	0.06308	0.66565	0.01117	0.01350	0.02898	0.07985	0.03616	0.01004	0.01234	0.00814	0.00448	0.00468	0.00143	0.00542	0.00431	0.00267	0.00739
11	0.01019	0.00839	0.01019	0.00734	0.01145	0.00641	0.02523	0.01233	0.01005	0.04729	0.02805	0.01072	0.00808	0.00375	0.00364	0.00077	0.00359	0.00308	0.00296	0.78648
12	0.28726	0.03807	0.03004	0.03982	0.17159	0.11900	0.06672	0.11001	0.02827	0.05491	0.00884	0.01019	0.00680	0.00465	0.00408	0.00141	0.00541	0.00361	0.00302	0.00633
13	0.81350	0.00891	0.00693	0.00619	0.00905	0.01025	0.00508	0.01398	0.00823	0.04088	0.00721	0.00825	0.00554	0.00446	0.00298	0.00145	0.00360	0.00268	0.03568	0.00515
14	0.01119	0.01023	0.03075	0.10042	0.28091	0.01050	0.05463	0.11931	0.14630	0.01724	0.02711	0.01835	0.09130	0.03215	0.00552	0.00161	0.00501	0.02749	0.00337	0.00660
15	0.00635	0.00445	0.00554	0.00613	0.00682	0.00407	0.00424	0.00738	0.00972	0.03304	0.09128	0.51953	0.17276	0.06522	0.00696	0.00196	0.00280	0.02531	0.02246	0.00397
16	0.00775	0.00553	0.00674	0.00635	0.00754	0.00549	0.00478	0.00941	0.02557	0.06808	0.25646	0.10002	0.26833	0.08040	0.02029	0.00195	0.07736	0.00832	0.03515	0.00447
17	0.02996	0.00529	0.00597	0.00609	0.00725	0.02023	0.00437	0.00873	0.01006	0.08149	0.06558	0.29869	0.29112	0.10773	0.00773	0.00204	0.00311	0.03603	0.00429	0.00424
18	0.01086	0.00962	0.01371	0.10953	0.14076	0.06029	0.08297	0.05937	0.03532	0.05926	0.02579	0.03680	0.04266	0.02608	0.16968	0.00283	0.10070	0.00508	0.00294	0.00575
19	0.01154	0.15731	0.35790	0.01357	0.09554	0.03359	0.05326	0.10190	0.07763	0.01622	0.00991	0.03348	0.00784	0.00494	0.00440	0.00141	0.00601	0.00401	0.00267	0.00686
20	0.03487	0.06730	0.01125	0.03548	0.01175	0.03848	0.03922	0.13114	0.08474	0.04929	0.10596	0.11240	0.04005	0.04497	0.02999	0.00169	0.00443	0.00585	0.00380	0.14735

[dist]
# distance from previous block
# <min> <max>
0	14

[block]
# block no. 4 follows, 54 sequences, length 17
# corresponding to MSA columns:
# 223-239
name=unknown_E
#
# <colnr> <probs for GDERKNQSTAVLIFYWHMCP>
#	G	D	E	R	K	N	Q	S	T	A	V	L	I	F	Y	W	H	M	C	P
0	0.03888	0.16539	0.23916	0.01137	0.05933	0.09412	0.01074	0.10830	0.04151	0.07888	0.03500	0.02837	0.00887	0.00506	0.00423	0.00132	0.00559	0.00386	0.00302	0.05699
1	0.01280	0.12482	0.17839	0.05935	0.12034	0.04513	0.06671	0.14881	0.10674	0.05491	0.03009	0.01220	0.00886	0.00500	0.00451	0.00141	0.00568	0.00415	0.00315	0.00694
2	0.00758	0.03461	0.02943	0.11927	0.01218	0.00655	0.05832	0.00972	0.05087	0.02613	0.03764	0.35784	0.10613	0.11258	0.00775	0.00207	0.00401	0.00914	0.00367	0.00452
3	0.00924	0.00888	0.08572	0.07007	0.06943	0.01792	0.04054	0.06348	0.05867	0.05182	0.10873	0.12274	0.19692	0.03503	0.00574	0.00165	0.00409	0.00727	0.03666	0.00541
4	0.01323	0.01055	0.02821	0.01146	0.04451	0.01087	0.11127	0.33027	0.11115	0.05763	0.01508	0.16230	0.01347	0.05013	0.00607	0.00172	0.00489	0.00636	0.00417	0.00666
5	0.01307	0.01524	0.16916	0.10792	0.16106	0.16054	0.03149	0.09276	0.05066	0.07102	0.01022	0.03249	0.00802	0.00522	0.00504	0.00145	0.03812	0.00419	0.00291	0.01944
6	0.00590	0.00425	0.00557	0.00648	0.00690	0.00396	0.00443	0.00686	0.00941	0.01253	0.07854	0.68962	0.06702	0.03672	0.00648	0.00195	0.00280	0.04232	0.00439	0.00387
7	0.01014	0.00942	0.01562	0.04930	0.52429	0.00943	0.03884	0.01292	0.03382	0.01489	0.03980	0.12729	0.04949	0.00660	0.00503	0.00153	0.00495	0.03720	0.00295	0.00647
8	0.00650	0.00485	0.00618	0.03319	0.00815	0.00473	0.00498	0.00846	0.05786	0.01343	0.08393	0.52061	0.11781	0.01280	0.00577	0.00181	0.00294	0.06980	0.03199	0.00422
9	0.04602	0.01343	0.01264	0.01037	0.01343	0.19615	0.03962	0.32875	0.08103	0.09965	0.01279	0.03892	0.02105	0.00582	0.00456	0.00140	0.00546	0.00449	0.05764	0.00680
10	0.86760	0.00912	0.00693	0.00620	0.00912	0.01058	0.00511	0.01386	0.00802	0.02115	0.00657	0.00766	0.00511	0.00438	0.00292	0.00146	0.00365	0.00255	0.00292	0.00511
11	0.00712	0.00465	0.00538	0.00538	0.00556	0.00461	0.00317	0.00730	0.00729	0.03031	0.01643	0.08010	0.03797	0.71723	0.04514	0.00434	0.00462	0.00723	0.00306	0.00312
12	0.00778	0.00643	0.00869	0.08713	0.10457	0.00650	0.00677	0.02547	0.08100	0.01532	0.20816	0.18002	0.18910	0.00976	0.00542	0.00163	0.00343	0.04366	0.00415	0.00500
13	0.01325	0.04226	0.03008	0.03840	0.01270	0.43956	0.00780	0.05241	0.01253	0.01339	0.10299	0.12959	0.04279	0.03523	0.00537	0.00149	0.00623	0.00559	0.00318	0.00515
14	0.00827	0.00743	0.03213	0.01127	0.15569	0.00675	0.05900	0.02206	0.04367	0.01666	0.32822	0.04371	0.17279	0.00814	0.00519	0.00147	0.00353	0.00726	0.04348	0.02331
15	0.02558	0.08138	0.09119	0.03596	0.06136	0.07562	0.02090	0.18580	0.14150	0.11221	0.07290	0.01476	0.02351	0.00572	0.00455	0.00141	0.00496	0.00457	0.02927	0.00684
16	0.02690	0.02756	0.10493	0.01229	0.11513	0.07202	0.07453	0.04413	0.05633	0.10025	0.05381	0.01730	0.04760	0.03105	0.03148	0.00169	0.01635	0.03463	0.05785	0.07418

[dist]
# distance from previous block
# <min> <max>
2	26

[block]
# block no. 5 follows, 54 sequences, length 22
# corresponding to MSA columns:
# 267-277,284-294
name=unknown_F
#
# <colnr> <probs for GDERKNQSTAVLIFYWHMCP>
#	G	D	E	R	K	N	Q	S	T	A	V	L	I	F	Y	W	H	M	C	P
0	0.14011	0.08320	0.01034	0.00886	0.05481	0.15931	0.00653	0.04480	0.03094	0.02471	0.08819	0.01677	0.03178	0.04822	0.03869	0.00175	0.02017	0.02444	0.16116	0.00521
1	0.01056	0.02524	0.25650	0.02634	0.06546	0.03807	0.15346	0.05874	0.08804	0.02812	0.13453	0.02790	0.01393	0.00583	0.00509	0.01495	0.00562	0.00511	0.03017	0.00632
2	0.00623	0.00472	0.00577	0.00580	0.00681	0.00444	0.00421	0.00764	0.01048	0.01391	0.26630	0.13569	0.28255	0.09662	0.12483	0.00276	0.00408	0.00893	0.00421	0.00403
3	0.00862	0.00788	0.04728	0.03665	0.02831	0.00735	0.03998	0.08183	0.13302	0.01680	0.19754	0.08147	0.23975	0.02228	0.02842	0.00178	0.00382	0.00762	0.00425	0.00533
4	0.16928	0.00787	0.00903	0.00734	0.01028	0.00773	0.00597	0.07894	0.02837	0.41629	0.01518	0.01455	0.01036	0.00550	0.00410	0.00138	0.00363	0.00425	0.19328	0.00669
5	0.01112	0.01830	0.38090	0.01325	0.06589	0.14165	0.07606	0.06459	0.01144	0.01512	0.05435	0.01412	0.03678	0.05281	0.02197	0.00174	0.00665	0.00440	0.00261	0.00624
6	0.01143	0.01086	0.01845	0.02773	0.75728	0.01086	0.01406	0.01419	0.01074	0.01533	0.00983	0.01416	0.00865	0.00473	0.00478	0.00145	0.00553	0.05024	0.00245	0.00728
7	0.00999	0.00852	0.01001	0.02788	0.01181	0.00663	0.00587	0.03391	0.01012	0.01569	0.00846	0.00989	0.00700	0.00358	0.00356	0.00074	0.00361	0.00287	0.00283	0.81703
8	0.07724	0.07057	0.01396	0.01236	0.09675	0.26579	0.02508	0.17276	0.13245	0.01764	0.01028	0.01137	0.00816	0.02103	0.01906	0.00151	0.00606	0.00383	0.00326	0.03083
9	0.00680	0.00478	0.00621	0.00621	0.00657	0.00515	0.00418	0.00754	0.00717	0.00993	0.01388	0.02547	0.01481	0.48572	0.36938	0.00588	0.00809	0.00607	0.00271	0.00345
10	0.00986	0.04472	0.66832	0.01423	0.06683	0.01126	0.04328	0.01546	0.05466	0.01513	0.00908	0.01052	0.00658	0.00454	0.00451	0.00148	0.00668	0.00368	0.00219	0.00698
11	0.00799	0.00579	0.00674	0.00624	0.00788	0.00550	0.00475	0.03754	0.09135	0.06188	0.37543	0.05740	0.29378	0.00988	0.00543	0.00154	0.00265	0.00846	0.00487	0.00490
12	0.86760	0.00912	0.00693	0.00620	0.00912	0.01058	0.00511	0.01386	0.00802	0.02115	0.00657	0.00766	0.00511	0.00438	0.00292	0.00146	0.00365	0.00255	0.00292	0.00511
13	0.01809	0.01294	0.01398	0.01072	0.01449	0.01423	0.00886	0.74966	0.02172	0.06985	0.01170	0.01156	0.00821	0.00567	0.00472	0.00142	0.00513	0.00427	0.00477	0.00802
14	0.01691	0.01204	0.01403	0.01251	0.10616	0.01296	0.00923	0.58372	0.01948	0.10121	0.03937	0.01347	0.00994	0.00579	0.00478	0.00143	0.00501	0.01966	0.00455	0.00776
15	0.01393	0.05690	0.00998	0.00766	0.01032	0.00748	0.00626	0.05794	0.08004	0.34246	0.17986	0.02527	0.12164	0.00775	0.00502	0.00151	0.00356	0.05098	0.00505	0.00640
16	0.01177	0.01092	0.06010	0.06802	0.34730	0.01029	0.02986	0.11285	0.07058	0.04600	0.04764	0.05567	0.01093	0.00538	0.00469	0.00140	0.00501	0.00484	0.00320	0.09354
17	0.00583	0.00427	0.00549	0.00628	0.00681	0.00392	0.00429	0.00686	0.00973	0.01292	0.11911	0.64537	0.12409	0.01384	0.00591	0.00183	0.00263	0.01243	0.00447	0.00392
18	0.01472	0.01458	0.05953	0.02720	0.12084	0.18028	0.04119	0.29602	0.09382	0.02022	0.03809	0.01216	0.00922	0.00526	0.00461	0.00137	0.00584	0.00418	0.00356	0.04728
19	0.00684	0.00475	0.00573	0.00610	0.00641	0.00469	0.00388	0.04358	0.00863	0.01152	0.02009	0.41813	0.02352	0.39776	0.01437	0.00313	0.00371	0.00991	0.00368	0.00357
20	0.17994	0.01029	0.01090	0.01105	0.12514	0.11314	0.00754	0.03033	0.03699	0.24602	0.02712	0.06064	0.05611	0.00598	0.00437	0.00141	0.00454	0.00476	0.00390	0.05982
21	0.08506	0.02887	0.04471	0.01953	0.40855	0.07880	0.04952	0.03107	0.08042	0.03862	0.04938	0.01338	0.00993	0.00493	0.00455	0.00141	0.00538	0.01639	0.00292	0.02658

[dist]
# distance from previous block
# <min> <max>
0	17

[block]
# block no. 6 follows, 54 sequences, length 7
# corresponding to MSA columns:
# 315-321
name=unknown_G
#
# <colnr> <probs for GDERKNQSTAVLIFYWHMCP>
#	G	D	E	R	K	N	Q	S	T	A	V	L	I	F	Y	W	H	M	C	P
0	0.05708	0.01362	0.01230	0.01156	0.07806	0.25675	0.00839	0.14077	0.10756	0.17226	0.01290	0.04747	0.01013	0.00587	0.00457	0.00141	0.00560	0.02315	0.00389	0.02666
1	0.00756	0.00504	0.00646	0.00598	0.00732	0.00457	0.00453	0.00965	0.01308	0.07282	0.66862	0.03497	0.12221	0.00962	0.00551	0.00149	0.00237	0.00842	0.00515	0.00465
2	0.00819	0.00410	0.00614	0.00614	0.00614	0.00410	0.00410	0.00614	0.00614	0.00819	0.00819	0.01433	0.00819	0.01638	0.01843	0.86282	0.00410	0.00410	0.00205	0.00205
3	0.01167	0.01111	0.01840	0.02726	0.73622	0.01125	0.01386	0.01539	0.07880	0.01578	0.00976	0.01218	0.00807	0.00439	0.00468	0.00142	0.00544	0.00430	0.00255	0.00747
4	0.00583	0.00428	0.00548	0.00625	0.00680	0.00392	0.00428	0.00687	0.00978	0.01296	0.12248	0.62816	0.13804	0.01377	0.00590	0.00182	0.00263	0.01235	0.00448	0.00392
5	0.01363	0.52528	0.11086	0.00961	0.01371	0.13355	0.00939	0.10966	0.01171	0.01387	0.00746	0.00843	0.00629	0.00440	0.00358	0.00114	0.00578	0.00292	0.00240	0.00631
6	0.17758	0.28801	0.03795	0.00908	0.01245	0.12078	0.04041	0.10451	0.02786	0.05339	0.03275	0.03819	0.02861	0.00526	0.00387	0.00130	0.00513	0.00383	0.00304	0.00601

[dist]
# distance from previous block
# <min> <max>
0	14

[block]
# block no. 7 follows, 54 sequences, length 19
# corresponding to MSA columns:
# 336-354
name=unknown_H
#
# <colnr> <probs for GDERKNQSTAVLIFYWHMCP>
#	G	D	E	R	K	N	Q	S	T	A	V	L	I	F	Y	W	H	M	C	P
0	0.01096	0.41199	0.43542	0.01088	0.01645	0.01463	0.01296	0.01454	0.00978	0.01310	0.00755	0.00881	0.00601	0.00427	0.00379	0.00126	0.00605	0.00302	0.00200	0.00653
1	0.00708	0.00556	0.00691	0.05160	0.00929	0.00569	0.00549	0.01030	0.14216	0.01366	0.04155	0.46086	0.12331	0.02770	0.00605	0.00186	0.00320	0.06884	0.00431	0.00457
2	0.00557	0.00478	0.00478	0.00478	0.00637	0.00398	0.00358	0.00677	0.01075	0.01274	0.04776	0.04538	0.80297	0.01194	0.00557	0.00159	0.00239	0.00995	0.00438	0.00398
3	0.01377	0.65027	0.02215	0.00893	0.01267	0.16001	0.00830	0.05457	0.01090	0.01212	0.00693	0.00792	0.00616	0.00426	0.00333	0.00107	0.00566	0.00270	0.00223	0.00605
4	0.03191	0.09822	0.43713	0.01111	0.01664	0.01118	0.01265	0.11338	0.01171	0.08550	0.00946	0.01035	0.00685	0.00457	0.00422	0.00133	0.00575	0.00348	0.00280	0.12175
5	0.01282	0.71091	0.07941	0.00874	0.01290	0.05172	0.00881	0.04647	0.01029	0.01216	0.00692	0.00793	0.00613	0.00417	0.00325	0.00107	0.00533	0.00268	0.00214	0.00617
6	0.01207	0.26317	0.26833	0.01238	0.04318	0.12297	0.09561	0.04829	0.02800	0.01392	0.00868	0.01094	0.00713	0.02727	0.00472	0.00141	0.00641	0.01681	0.00235	0.00634
7	0.00574	0.00414	0.00543	0.00647	0.00681	0.00384	0.00433	0.00658	0.00912	0.01208	0.02720	0.78734	0.07428	0.01461	0.00599	0.00190	0.00272	0.01321	0.00438	0.00384
8	0.00574	0.00410	0.00547	0.00657	0.00684	0.00383	0.00438	0.00657	0.00903	0.01204	0.02599	0.83122	0.03119	0.01477	0.00602	0.00191	0.00274	0.01340	0.00438	0.00383
9	0.01287	0.70853	0.06398	0.00891	0.01301	0.06230	0.03033	0.01465	0.00994	0.02928	0.00705	0.00807	0.00620	0.00414	0.00328	0.00107	0.00539	0.00273	0.00213	0.00612
10	0.01025	0.07157	0.70365	0.01271	0.01927	0.01109	0.01605	0.01522	0.01011	0.05526	0.00886	0.01012	0.00629	0.00450	0.00438	0.00144	0.00662	0.00348	0.00221	0.02691
11	0.01252	0.20626	0.36343	0.01114	0.01618	0.04809	0.01220	0.15213	0.05924	0.04505	0.02542	0.01076	0.00783	0.00487	0.00423	0.00136	0.00589	0.00363	0.00286	0.00689
12	0.01261	0.83713	0.02471	0.00807	0.01210	0.01866	0.00807	0.01412	0.00958	0.01109	0.00656	0.00756	0.00605	0.00403	0.00303	0.00101	0.00504	0.00252	0.00202	0.00605
13	0.00744	0.00622	0.00908	0.01220	0.22166	0.00594	0.00693	0.00889	0.00987	0.01319	0.05291	0.37816	0.16448	0.05814	0.00660	0.00186	0.00356	0.02428	0.00377	0.00481
14	0.01036	0.01004	0.05999	0.01891	0.37920	0.00897	0.11503	0.01298	0.01092	0.06156	0.06666	0.09293	0.11848	0.00663	0.00508	0.00151	0.00499	0.00626	0.00317	0.00633
15	0.01148	0.01096	0.01865	0.02806	0.77437	0.01094	0.01409	0.01426	0.01084	0.01554	0.03922	0.01257	0.00888	0.00441	0.00470	0.00140	0.00547	0.00437	0.00244	0.00735
16	0.00965	0.00824	0.00964	0.00694	0.01101	0.00621	0.00554	0.01175	0.00992	0.01551	0.03994	0.01079	0.00847	0.00374	0.00357	0.00073	0.00344	0.00302	0.00289	0.82898
17	0.01289	0.50544	0.03551	0.00961	0.01332	0.10191	0.07749	0.05577	0.03071	0.03433	0.02787	0.01174	0.05572	0.00492	0.00380	0.00119	0.00544	0.00367	0.00262	0.00606
18	0.01376	0.03293	0.06431	0.01004	0.04132	0.00900	0.05946	0.12823	0.05613	0.20693	0.03023	0.03615	0.02211	0.00524	0.00442	0.00124	0.00445	0.00441	0.00391	0.26574

[dist]
# distance from previous block
# <min> <max>
0	1

[block]
# block no. 8 follows, 54 sequences, length 30
# corresponding to MSA columns:
# 356-372,377-381,386-393
name=unknown_I
#
# <colnr> <probs for GDERKNQSTAVLIFYWHMCP>
#	G	D	E	R	K	N	Q	S	T	A	V	L	I	F	Y	W	H	M	C	P
0	0.04952	0.01377	0.01364	0.01106	0.03129	0.11048	0.00881	0.59129	0.03522	0.07150	0.01118	0.01125	0.00800	0.00551	0.00460	0.00140	0.00544	0.00409	0.00439	0.00758
1	0.00574	0.00410	0.00547	0.00657	0.00684	0.00383	0.00438	0.00657	0.00903	0.01204	0.02599	0.83122	0.03119	0.01477	0.00602	0.00191	0.00274	0.01340	0.00438	0.00383
2	0.01026	0.00959	0.01595	0.50366	0.31065	0.01090	0.01343	0.04412	0.01041	0.01397	0.00867	0.01220	0.00678	0.00457	0.00470	0.00150	0.00599	0.00420	0.00229	0.00615
3	0.00667	0.00482	0.00630	0.00593	0.00704	0.00445	0.00445	0.00890	0.01335	0.01891	0.80239	0.03522	0.04449	0.00964	0.00556	0.00148	0.00222	0.00853	0.00519	0.00445
4	0.00879	0.00439	0.00439	0.00439	0.00549	0.00439	0.00330	0.01099	0.00989	0.01758	0.01538	0.01758	0.01209	0.00549	0.00330	0.00110	0.00220	0.00439	0.86047	0.00439
5	0.42197	0.01030	0.00999	0.00812	0.01143	0.02781	0.00668	0.23275	0.01332	0.20022	0.01061	0.01059	0.00742	0.00507	0.00386	0.00144	0.00426	0.00353	0.00407	0.00658
6	0.01207	0.01030	0.01085	0.00966	0.01239	0.01189	0.00754	0.06669	0.75418	0.02027	0.01876	0.01725	0.01405	0.00636	0.00479	0.00159	0.00381	0.00527	0.00479	0.00749
7	0.01207	0.01030	0.01085	0.00966	0.01239	0.01189	0.00754	0.06669	0.75418	0.02027	0.01876	0.01725	0.01405	0.00636	0.00479	0.00159	0.00381	0.00527	0.00479	0.00749
8	0.82749	0.00922	0.00750	0.00727	0.04641	0.01061	0.00555	0.01389	0.00815	0.02089	0.00667	0.00785	0.00522	0.00437	0.00300	0.00146	0.00374	0.00263	0.00289	0.00522
9	0.01167	0.01120	0.01914	0.02894	0.80488	0.01120	0.01447	0.01447	0.01074	0.01540	0.00887	0.01167	0.00747	0.00420	0.00467	0.00140	0.00560	0.00420	0.00233	0.00747
10	0.00966	0.00855	0.01432	0.73228	0.08260	0.01036	0.01290	0.01272	0.00971	0.04957	0.00889	0.01267	0.00662	0.00473	0.00471	0.00155	0.00613	0.00422	0.00229	0.00552
11	0.01167	0.01120	0.01914	0.02894	0.80488	0.01120	0.01447	0.01447	0.01074	0.01540	0.00887	0.01167	0.00747	0.00420	0.00467	0.00140	0.00560	0.00420	0.00233	0.00747
12	0.02115	0.00802	0.01094	0.00839	0.01204	0.00693	0.00693	0.02298	0.01350	0.80815	0.01860	0.01605	0.01167	0.00584	0.00474	0.00146	0.00401	0.00474	0.00584	0.00802
13	0.00879	0.00439	0.00439	0.00439	0.00549	0.00439	0.00330	0.01099	0.00989	0.01758	0.01538	0.01758	0.01209	0.00549	0.00330	0.00110	0.00220	0.00439	0.86047	0.00439
14	0.01240	0.01064	0.01782	0.02601	0.69544	0.01051	0.01333	0.01508	0.01111	0.09295	0.04168	0.01304	0.00937	0.00458	0.00471	0.00141	0.00531	0.00443	0.00279	0.00740
15	0.01409	0.59637	0.02135	0.00927	0.01283	0.25411	0.00838	0.01551	0.01070	0.01123	0.00677	0.00784	0.00606	0.00428	0.00339	0.00107	0.00607	0.00267	0.00214	0.00588
16	0.00879	0.00439	0.00439	0.00439	0.00549	0.00439	0.00330	0.01099	0.00989	0.01758	0.01538	0.01758	0.01209	0.00549	0.00330	0.00110	0.00220	0.00439	0.86047	0.00439
17	0.01715	0.01282	0.01371	0.01069	0.01433	0.01426	0.00877	0.69360	0.11899	0.02847	0.01230	0.01210	0.00882	0.00575	0.00473	0.00144	0.00501	0.00438	0.00473	0.00795
18	0.00879	0.00439	0.00439	0.00439	0.00549	0.00439	0.00330	0.01099	0.00989	0.01758	0.01538	0.01758	0.01209	0.00549	0.00330	0.00110	0.00220	0.00439	0.86047	0.00439
19	0.86760	0.00912	0.00693	0.00620	0.00912	0.01058	0.00511	0.01386	0.00802	0.02115	0.00657	0.00766	0.00511	0.00438	0.00292	0.00146	0.00365	0.00255	0.00292	0.00511
20	0.00574	0.00410	0.00547	0.00657	0.00684	0.00383	0.00438	0.00657	0.00903	0.01204	0.02599	0.83122	0.03119	0.01477	0.00602	0.00191	0.00274	0.01340	0.00438	0.00383
21	0.02115	0.00802	0.01094	0.00839	0.01204	0.00693	0.00693	0.02298	0.01350	0.80815	0.01860	0.01605	0.01167	0.00584	0.00474	0.00146	0.00401	0.00474	0.00584	0.00802
22	0.00973	0.08342	0.73191	0.01322	0.01991	0.01154	0.03706	0.01488	0.00996	0.01466	0.00835	0.00985	0.00601	0.00443	0.00440	0.00146	0.00685	0.00347	0.00200	0.00689
23	0.00946	0.02439	0.80987	0.01344	0.02041	0.01095	0.01742	0.01493	0.00995	0.01493	0.00846	0.00995	0.00597	0.00448	0.00448	0.00149	0.00697	0.00348	0.00199	0.00697
24	0.00574	0.00410	0.00547	0.00657	0.00684	0.00383	0.00438	0.00657	0.00903	0.01204	0.02599	0.83122	0.03119	0.01477	0.00602	0.00191	0.00274	0.01340	0.00438	0.00383
25	0.04908	0.05172	0.30185	0.12210	0.05358	0.05018	0.01232	0.14455	0.02556	0.12947	0.01034	0.01133	0.00734	0.00491	0.00446	0.00145	0.00590	0.00384	0.00313	0.00690
26	0.39602	0.01164	0.08948	0.00921	0.02902	0.06200	0.03873	0.04366	0.06355	0.19898	0.01072	0.01093	0.00761	0.00491	0.00390	0.00146	0.00464	0.00357	0.00361	0.00634
27	0.02570	0.03524	0.49558	0.01585	0.16742	0.09253	0.02975	0.01531	0.03045	0.01494	0.02885	0.01094	0.00747	0.00463	0.00449	0.00144	0.00659	0.00376	0.00228	0.00680
28	0.01298	0.00960	0.01285	0.05101	0.15623	0.03002	0.05100	0.04696	0.24126	0.17321	0.09927	0.01792	0.04271	0.00608	0.00486	0.00148	0.00444	0.00531	0.00421	0.02862
29	0.09990	0.00973	0.02685	0.01533	0.26913	0.02716	0.05150	0.05644	0.03255	0.17777	0.08858	0.06576	0.03336	0.00605	0.00472	0.00147	0.00461	0.00531	0.00375	0.02005

[dist]
# distance from previous block
# <min> <max>
0	10

[block]
# block no. 9 follows, 54 sequences, length 36
# corresponding to MSA columns:
# 405-416,431-454
name=unknown_J
#
# <colnr> <probs for GDERKNQSTAVLIFYWHMCP>
#	G	D	E	R	K	N	Q	S	T	A	V	L	I	F	Y	W	H	M	C	P
0	0.08859	0.07617	0.29155	0.03161	0.11662	0.01070	0.04808	0.05004	0.02484	0.08960	0.00962	0.01085	0.00715	0.00450	0.00422	0.00134	0.00548	0.00365	0.01710	0.10831
1	0.01370	0.01294	0.02598	0.01014	0.01312	0.20956	0.04329	0.06506	0.29088	0.08822	0.06403	0.01527	0.02645	0.00578	0.00461	0.00138	0.00513	0.00464	0.00395	0.09588
2	0.03239	0.00989	0.07659	0.01205	0.12319	0.00791	0.08596	0.01541	0.01154	0.22975	0.12560	0.01565	0.01361	0.00525	0.00456	0.00128	0.00447	0.00467	0.00379	0.21643
3	0.01230	0.01109	0.01813	0.02622	0.69478	0.01113	0.01351	0.05422	0.03537	0.04549	0.00966	0.01195	0.00785	0.00439	0.00465	0.00139	0.00542	0.00423	0.00267	0.02554
4	0.01792	0.01321	0.01415	0.01085	0.01462	0.01462	0.00896	0.78916	0.02217	0.02972	0.01132	0.01132	0.00802	0.00566	0.00472	0.00142	0.00519	0.00425	0.00472	0.00802
5	0.01809	0.01294	0.01399	0.01072	0.01449	0.01423	0.00886	0.75042	0.02173	0.06908	0.01169	0.01156	0.00820	0.00567	0.00472	0.00142	0.00513	0.00427	0.00477	0.00802
6	0.00879	0.00439	0.00439	0.00439	0.00549	0.00439	0.00330	0.01099	0.00989	0.01758	0.01538	0.01758	0.01209	0.00549	0.00330	0.00110	0.00220	0.00439	0.86047	0.00439
7	0.86760	0.00912	0.00693	0.00620	0.00912	0.01058	0.00511	0.01386	0.00802	0.02115	0.00657	0.00766	0.00511	0.00438	0.00292	0.00146	0.00365	0.00255	0.00292	0.00511
8	0.01777	0.01773	0.01377	0.01148	0.01460	0.40529	0.00903	0.41333	0.01787	0.02085	0.00935	0.00995	0.00707	0.00527	0.00449	0.00132	0.00681	0.00366	0.00360	0.00677
9	0.00879	0.00439	0.00439	0.00439	0.00549	0.00439	0.00330	0.01099	0.00989	0.01758	0.01538	0.01758	0.01209	0.00549	0.00330	0.00110	0.00220	0.00439	0.86047	0.00439
10	0.00674	0.00505	0.00758	0.00758	0.00842	0.00589	0.00589	0.00842	0.00758	0.01095	0.01263	0.01852	0.01179	0.03536	0.81561	0.00758	0.01263	0.00505	0.00253	0.00421
11	0.00574	0.00410	0.00547	0.00657	0.00684	0.00383	0.00438	0.00657	0.00903	0.01204	0.02599	0.83122	0.03119	0.01477	0.00602	0.00191	0.00274	0.01340	0.00438	0.00383
12	0.86760	0.00912	0.00693	0.00620	0.00912	0.01058	0.00511	0.01386	0.00802	0.02115	0.00657	0.00766	0.00511	0.00438	0.00292	0.00146	0.00365	0.00255	0.00292	0.00511
13	0.01261	0.83713	0.02471	0.00807	0.01210	0.01866	0.00807	0.01412	0.00958	0.01109	0.00656	0.00756	0.00605	0.00403	0.00303	0.00101	0.00504	0.00252	0.00202	0.00605
14	0.02115	0.00802	0.01094	0.00839	0.01204	0.00693	0.00693	0.02298	0.01350	0.80815	0.01860	0.01605	0.01167	0.00584	0.00474	0.00146	0.00401	0.00474	0.00584	0.00802
15	0.00686	0.00457	0.00514	0.00514	0.00514	0.00457	0.00286	0.00686	0.00686	0.00914	0.01486	0.03086	0.01714	0.83430	0.02400	0.00457	0.00457	0.00686	0.00286	0.00286
16	0.00890	0.00838	0.01414	0.82296	0.03247	0.01048	0.01309	0.01205	0.00943	0.01205	0.00838	0.01257	0.00629	0.00471	0.00471	0.00157	0.00629	0.00419	0.00210	0.00524
17	0.00879	0.00439	0.00439	0.00439	0.00549	0.00439	0.00330	0.01099	0.00989	0.01758	0.01538	0.01758	0.01209	0.00549	0.00330	0.00110	0.00220	0.00439	0.86047	0.00439
18	0.05547	0.00905	0.01139	0.00877	0.01241	0.00854	0.00724	0.16823	0.01492	0.62771	0.01672	0.01480	0.01071	0.00574	0.00466	0.00145	0.00422	0.00456	0.00550	0.00790
19	0.05140	0.01211	0.01286	0.01027	0.01371	0.01352	0.00836	0.53746	0.22797	0.04278	0.01337	0.01294	0.00967	0.00581	0.00466	0.00147	0.00471	0.00448	0.00469	0.00775
20	0.00879	0.00439	0.00439	0.00439	0.00549	0.00439	0.00330	0.01099	0.00989	0.01758	0.01538	0.01758	0.01209	0.00549	0.00330	0.00110	0.00220	0.00439	0.86047	0.00439
21	0.00978	0.00838	0.00978	0.00698	0.01117	0.00629	0.00559	0.01187	0.00978	0.01536	0.00838	0.00978	0.00698	0.00349	0.00349	0.00070	0.00349	0.00279	0.00279	0.86312
22	0.00674	0.00505	0.00758	0.00758	0.00842	0.00589	0.00589	0.00842	0.00758	0.01095	0.01263	0.01852	0.01179	0.03536	0.81561	0.00758	0.01263	0.00505	0.00253	0.00421
23	0.00574	0.00413	0.00544	0.00649	0.00682	0.00384	0.00434	0.00657	0.00910	0.01207	0.02693	0.79732	0.06447	0.01465	0.00600	0.00190	0.00272	0.01326	0.00438	0.00384
24	0.86760	0.00912	0.00693	0.00620	0.00912	0.01058	0.00511	0.01386	0.00802	0.02115	0.00657	0.00766	0.00511	0.00438	0.00292	0.00146	0.00365	0.00255	0.00292	0.00511
25	0.00762	0.00549	0.00761	0.00863	0.00973	0.00553	0.00749	0.00999	0.02735	0.01412	0.02461	0.06966	0.02664	0.01339	0.02314	0.00226	0.00446	0.72357	0.00431	0.00439
26	0.00978	0.00838	0.00978	0.00698	0.01117	0.00629	0.00559	0.01187	0.00978	0.01536	0.00838	0.00978	0.00698	0.00349	0.00349	0.00070	0.00349	0.00279	0.00279	0.86312
27	0.02074	0.00804	0.01090	0.00834	0.01200	0.00691	0.00688	0.02257	0.01336	0.77891	0.01822	0.01582	0.01150	0.00575	0.00470	0.00143	0.00399	0.00467	0.00572	0.03956
28	0.00686	0.00457	0.00514	0.00514	0.00514	0.00457	0.00286	0.00686	0.00686	0.00914	0.01486	0.03086	0.01714	0.83430	0.02400	0.00457	0.00457	0.00686	0.00286	0.00286
29	0.01137	0.01089	0.01849	0.06097	0.74864	0.01095	0.01408	0.01414	0.01068	0.01518	0.01004	0.01274	0.03170	0.00446	0.00470	0.00141	0.00553	0.00438	0.00239	0.00727
30	0.00978	0.00838	0.00978	0.00698	0.01117	0.00629	0.00559	0.01187	0.00978	0.01536	0.00838	0.00978	0.00698	0.00349	0.00349	0.00070	0.00349	0.00279	0.00279	0.86312
31	0.84229	0.00952	0.00712	0.00638	0.00928	0.03454	0.00523	0.01401	0.00818	0.02087	0.00659	0.00768	0.00514	0.00439	0.00296	0.00145	0.00379	0.00257	0.00290	0.00512
32	0.00951	0.02404	0.78630	0.01363	0.02053	0.01098	0.04064	0.01494	0.00999	0.01494	0.00849	0.01004	0.00601	0.00446	0.00451	0.00150	0.00700	0.00355	0.00200	0.00695
33	0.01149	0.01102	0.01872	0.02824	0.78170	0.01099	0.01415	0.01425	0.01074	0.01533	0.01000	0.01265	0.03057	0.00443	0.00469	0.00141	0.00551	0.00437	0.00239	0.00737
34	0.00633	0.00481	0.00583	0.00557	0.00683	0.00430	0.00418	0.00823	0.01253	0.01698	0.56663	0.03839	0.28146	0.01036	0.00556	0.00152	0.00228	0.00897	0.00494	0.00430
35	0.00924	0.00927	0.05283	0.01308	0.05950	0.00815	0.30341	0.01230	0.02930	0.04469	0.18795	0.10956	0.10100	0.00761	0.00549	0.00160	0.00505	0.03079	0.00363	0.00555

[dist]
# distance from previous block
# <min> <max>
0	10

# created by:
# /st0/software/busco_prod/Augustus/scripts/msa2prfl.pl ./align_prep/139886.fa
