[name]
unknown

[dist]
# distance from previous block
# <min> <max>
0	63

[block]
# block no. 0 follows, 62 sequences, length 31
# corresponding to MSA columns:
# 63-93
name=unknown_A
#
# <colnr> <probs for GDERKNQSTAVLIFYWHMCP>
#	G	D	E	R	K	N	Q	S	T	A	V	L	I	F	Y	W	H	M	C	P
0	0.01035	0.00809	0.01024	0.03359	0.01140	0.02903	0.07421	0.12129	0.09379	0.08010	0.08043	0.05812	0.05479	0.00595	0.00451	0.00123	0.02628	0.04533	0.03911	0.21215
1	0.02706	0.06010	0.10133	0.00979	0.01288	0.28187	0.04569	0.07518	0.16292	0.06148	0.03523	0.01133	0.01929	0.00475	0.00398	0.00120	0.00539	0.00364	0.00299	0.07390
2	0.04173	0.00431	0.00488	0.00493	0.00534	0.00423	0.00310	0.00695	0.00748	0.02321	0.09213	0.14310	0.06886	0.51937	0.01497	0.00307	0.00344	0.00706	0.03873	0.00311
3	0.03589	0.12042	0.01164	0.00870	0.01127	0.11880	0.00697	0.10274	0.46684	0.01653	0.01362	0.04655	0.01080	0.00550	0.00405	0.00132	0.00418	0.00433	0.00365	0.00619
4	0.01101	0.00819	0.00941	0.00845	0.05335	0.05458	0.02152	0.16294	0.05867	0.12079	0.14418	0.10212	0.08567	0.00664	0.00440	0.00126	0.00361	0.00561	0.00387	0.13371
5	0.00976	0.17234	0.48647	0.01119	0.05849	0.01083	0.01227	0.04377	0.03048	0.04666	0.02709	0.04369	0.00767	0.00462	0.00406	0.00128	0.01739	0.00361	0.00227	0.00606
6	0.01001	0.00873	0.03528	0.02477	0.06812	0.01863	0.05706	0.05096	0.40925	0.04822	0.06235	0.08719	0.03969	0.00638	0.00447	0.00142	0.00373	0.01856	0.03921	0.00595
7	0.04713	0.00669	0.00852	0.00700	0.00963	0.00611	0.00569	0.04396	0.03294	0.47939	0.06047	0.04654	0.10343	0.00760	0.03808	0.00158	0.00367	0.04534	0.00458	0.04166
8	0.00958	0.00858	0.01439	0.23827	0.43627	0.00896	0.04373	0.01204	0.00945	0.04592	0.01135	0.02782	0.06126	0.00480	0.00433	0.00134	0.00489	0.02225	0.02898	0.00577
9	0.01375	0.07277	0.06940	0.00897	0.01205	0.03022	0.09316	0.02849	0.07021	0.38421	0.04600	0.06936	0.04467	0.00584	0.00465	0.00135	0.02978	0.00494	0.00399	0.00618
10	0.01017	0.00536	0.00642	0.00559	0.00764	0.00458	0.00439	0.01151	0.01071	0.30611	0.08379	0.04843	0.46108	0.00871	0.00477	0.00139	0.00268	0.00727	0.00447	0.00493
11	0.00524	0.00374	0.00500	0.00599	0.00626	0.00350	0.00404	0.00602	0.00820	0.01092	0.02342	0.82172	0.02802	0.01328	0.00545	0.00174	0.00252	0.03752	0.00395	0.00347
12	0.06245	0.01144	0.03233	0.00937	0.02373	0.20925	0.06110	0.08712	0.20412	0.04645	0.06248	0.01688	0.07284	0.00589	0.00428	0.00133	0.00471	0.04870	0.03001	0.00552
13	0.02315	0.34268	0.25887	0.02621	0.10455	0.03910	0.01032	0.04085	0.02733	0.04370	0.00785	0.00897	0.00622	0.00403	0.00351	0.00114	0.00507	0.00300	0.03756	0.00590
14	0.00610	0.00497	0.00549	0.00529	0.00671	0.00467	0.00402	0.00891	0.11568	0.01404	0.27488	0.03509	0.45913	0.00952	0.00496	0.00142	0.00231	0.02847	0.00422	0.00414
15	0.00521	0.00393	0.00483	0.00542	0.00607	0.00354	0.00375	0.00616	0.00892	0.01157	0.09752	0.55135	0.25188	0.01222	0.00528	0.00161	0.00234	0.01084	0.00401	0.00354
16	0.01058	0.12352	0.26796	0.06812	0.17907	0.03346	0.01126	0.03308	0.16216	0.05561	0.00981	0.01075	0.00743	0.00438	0.00399	0.00129	0.00509	0.00358	0.00259	0.00629
17	0.01577	0.00987	0.10099	0.00841	0.01171	0.04153	0.00748	0.07165	0.11802	0.49008	0.01464	0.01346	0.00978	0.00518	0.00437	0.00132	0.02020	0.00410	0.04469	0.00677
18	0.00554	0.00396	0.00490	0.00546	0.00608	0.00361	0.00377	0.00650	0.00886	0.02262	0.09918	0.54411	0.19380	0.03320	0.00562	0.00166	0.00240	0.01051	0.03466	0.00358
19	0.04830	0.09615	0.20023	0.01100	0.01456	0.34456	0.08388	0.04147	0.07157	0.03773	0.00816	0.00912	0.00629	0.00430	0.00390	0.00122	0.00629	0.00322	0.00240	0.00563
20	0.01158	0.00979	0.02771	0.01034	0.04137	0.05177	0.11220	0.19567	0.19694	0.07752	0.03579	0.10118	0.05552	0.00639	0.00490	0.00142	0.03391	0.01634	0.00372	0.00596
21	0.05640	0.04112	0.07333	0.00712	0.01077	0.00738	0.00626	0.07067	0.01813	0.04645	0.00827	0.00934	0.00657	0.00371	0.00358	0.00086	0.02483	0.00282	0.03595	0.56644
22	0.00952	0.20279	0.57686	0.01133	0.02946	0.01137	0.04166	0.01365	0.02385	0.03121	0.00768	0.00888	0.00572	0.00399	0.00380	0.00125	0.00581	0.00309	0.00194	0.00612
23	0.01477	0.01752	0.01186	0.01060	0.01276	0.65053	0.02822	0.05833	0.01189	0.03314	0.00784	0.00978	0.00659	0.00677	0.06786	0.00159	0.02025	0.02224	0.00243	0.00502
24	0.01377	0.00727	0.00896	0.00737	0.00987	0.00708	0.00592	0.15826	0.06576	0.37115	0.13059	0.05235	0.07006	0.02258	0.03014	0.00158	0.00368	0.02287	0.00463	0.00609
25	0.01034	0.00948	0.02848	0.01498	0.21502	0.00895	0.23187	0.09695	0.03681	0.04922	0.02962	0.07819	0.03472	0.00518	0.00449	0.00130	0.00489	0.02408	0.00290	0.11252
26	0.01058	0.01034	0.01679	0.07606	0.74367	0.04149	0.01280	0.01307	0.00971	0.01358	0.00792	0.01047	0.00663	0.00384	0.00420	0.00127	0.00519	0.00375	0.00210	0.00655
27	0.00519	0.00385	0.00485	0.00558	0.00610	0.00351	0.00381	0.00605	0.00862	0.01125	0.06100	0.65414	0.18528	0.01263	0.00533	0.00165	0.00239	0.01130	0.00398	0.00351
28	0.04022	0.10780	0.18835	0.01042	0.04631	0.20563	0.00940	0.16706	0.05679	0.09539	0.00987	0.01030	0.02478	0.00463	0.00391	0.00123	0.00546	0.00342	0.00293	0.00608
29	0.00927	0.10895	0.66962	0.01178	0.01757	0.01065	0.05518	0.02883	0.00928	0.02983	0.00774	0.00902	0.00559	0.00402	0.00396	0.00130	0.00607	0.00318	0.00193	0.00621
30	0.01832	0.00705	0.00961	0.00746	0.01060	0.00611	0.00612	0.01994	0.01203	0.78074	0.03429	0.04421	0.01179	0.00562	0.00434	0.00133	0.00355	0.00463	0.00521	0.00704

[dist]
# distance from previous block
# <min> <max>
0	1

[block]
# block no. 1 follows, 62 sequences, length 34
# corresponding to MSA columns:
# 95-128
name=unknown_B
#
# <colnr> <probs for GDERKNQSTAVLIFYWHMCP>
#	G	D	E	R	K	N	Q	S	T	A	V	L	I	F	Y	W	H	M	C	P
0	0.01026	0.01048	0.04831	0.12759	0.67433	0.02848	0.01290	0.01289	0.00957	0.01343	0.00790	0.01051	0.00652	0.00387	0.00420	0.00128	0.00524	0.00374	0.00207	0.00643
1	0.03435	0.13824	0.28724	0.01052	0.06680	0.01058	0.01021	0.13910	0.04941	0.17215	0.01104	0.01124	0.03129	0.00465	0.00395	0.00127	0.00485	0.00361	0.00308	0.00643
2	0.02914	0.04147	0.01248	0.03039	0.09995	0.33530	0.00828	0.16936	0.06801	0.14997	0.00985	0.01020	0.00729	0.00467	0.00402	0.00121	0.00563	0.00346	0.00322	0.00608
3	0.01585	0.00816	0.00997	0.00783	0.01074	0.00801	0.00639	0.26434	0.01452	0.43036	0.14168	0.01592	0.01419	0.00575	0.00436	0.00130	0.00366	0.00467	0.02565	0.00665
4	0.85784	0.00833	0.00642	0.00571	0.00836	0.00964	0.00470	0.03342	0.00758	0.01929	0.00604	0.00700	0.00468	0.00398	0.00268	0.00132	0.00333	0.00234	0.00268	0.00468
5	0.01455	0.01774	0.01336	0.01475	0.21571	0.62770	0.00943	0.01601	0.01147	0.01129	0.00693	0.00839	0.00580	0.00424	0.00393	0.00114	0.00702	0.00300	0.00217	0.00538
6	0.04349	0.27055	0.55464	0.01042	0.01577	0.01195	0.01276	0.01322	0.00881	0.01266	0.00705	0.00826	0.00538	0.00392	0.00359	0.00122	0.00565	0.00285	0.00184	0.00597
7	0.00704	0.00512	0.00698	0.00782	0.00888	0.00519	0.00679	0.00956	0.05432	0.01311	0.04050	0.04585	0.02421	0.01135	0.00577	0.00192	0.00384	0.73369	0.00396	0.00408
8	0.00527	0.00388	0.00496	0.00573	0.00623	0.00356	0.00396	0.00617	0.00864	0.01134	0.06505	0.65074	0.15086	0.01265	0.00537	0.00167	0.00246	0.04395	0.00398	0.00352
9	0.01011	0.00980	0.01586	0.02295	0.67470	0.04156	0.03420	0.01240	0.00961	0.01340	0.00976	0.10765	0.00917	0.00492	0.00436	0.00132	0.00492	0.00475	0.00232	0.00626
10	0.00700	0.00523	0.00723	0.05435	0.02774	0.00536	0.00659	0.00939	0.05193	0.01309	0.11131	0.07370	0.02387	0.05681	0.00642	0.00193	0.00375	0.52641	0.00380	0.00409
11	0.00672	0.00478	0.00662	0.00754	0.00842	0.00477	0.00644	0.00849	0.00949	0.01237	0.02208	0.09665	0.02422	0.05811	0.00672	0.00206	0.00384	0.70303	0.00385	0.00382
12	0.00987	0.01116	0.02398	0.01728	0.02127	0.01066	0.74840	0.01326	0.00982	0.01339	0.00888	0.03470	0.00702	0.00404	0.00545	0.00146	0.04637	0.00516	0.00219	0.00562
13	0.00713	0.00622	0.00682	0.00661	0.00722	0.07846	0.00479	0.00796	0.00751	0.00973	0.01569	0.08889	0.10802	0.27683	0.25678	0.00391	0.09529	0.00595	0.00265	0.00356
14	0.00590	0.00429	0.00555	0.00536	0.00631	0.00394	0.00397	0.00774	0.01157	0.01622	0.71028	0.11025	0.07419	0.00924	0.00506	0.00138	0.00206	0.00817	0.00458	0.00394
15	0.00618	0.00415	0.00474	0.00474	0.00478	0.00418	0.00270	0.00625	0.00622	0.00833	0.01331	0.02733	0.01525	0.81290	0.05892	0.00425	0.00446	0.00611	0.00256	0.00263
16	0.00882	0.00756	0.00882	0.00630	0.01008	0.00567	0.00504	0.01071	0.00882	0.01387	0.00756	0.00882	0.00630	0.00315	0.00315	0.00063	0.00315	0.00252	0.00252	0.87647
17	0.00572	0.00493	0.02833	0.00569	0.00687	0.00424	0.00443	0.00750	0.04761	0.01225	0.09562	0.27674	0.37542	0.01104	0.00518	0.00157	0.00260	0.09646	0.00396	0.00385
18	0.00587	0.00434	0.00549	0.00526	0.00630	0.00395	0.00395	0.00771	0.01157	0.01603	0.67527	0.05292	0.15419	0.00916	0.00504	0.00137	0.00207	0.02102	0.00455	0.00394
19	0.00661	0.00488	0.00637	0.00668	0.00776	0.00479	0.00547	0.00911	0.06075	0.01449	0.31667	0.06579	0.08309	0.01025	0.00539	0.00166	0.00302	0.37891	0.00423	0.00409
20	0.01034	0.01241	0.08583	0.01654	0.02080	0.03492	0.65616	0.05036	0.02757	0.01420	0.00897	0.01182	0.00682	0.00390	0.00488	0.00142	0.00687	0.01808	0.00230	0.00582
21	0.00552	0.00444	0.00495	0.00500	0.00619	0.00398	0.00368	0.00723	0.04693	0.01283	0.19961	0.17629	0.48707	0.01056	0.00506	0.00147	0.00223	0.00906	0.00412	0.00380
22	0.00967	0.01408	0.22321	0.01650	0.02130	0.01054	0.61296	0.01359	0.00978	0.01359	0.00837	0.01086	0.00619	0.00370	0.00478	0.00141	0.00696	0.00456	0.00206	0.00587
23	0.00700	0.00519	0.00673	0.00735	0.00850	0.00519	0.00622	0.03522	0.05067	0.01317	0.02463	0.09674	0.12846	0.01121	0.00561	0.00183	0.00359	0.57466	0.00396	0.00410
24	0.01063	0.50944	0.27891	0.00949	0.01398	0.03118	0.05416	0.01325	0.00896	0.02574	0.00682	0.00792	0.00558	0.00381	0.00333	0.00109	0.00530	0.00275	0.00190	0.00576
25	0.00647	0.00487	0.00597	0.00556	0.00678	0.00465	0.00421	0.03022	0.06595	0.01667	0.64741	0.03130	0.13643	0.00867	0.00495	0.00136	0.00219	0.00756	0.00456	0.00423
26	0.00505	0.00422	0.00440	0.00454	0.00581	0.00357	0.00334	0.00608	0.00948	0.01140	0.04030	0.15613	0.70882	0.01114	0.00509	0.00148	0.00220	0.00943	0.00395	0.00357
27	0.01075	0.01015	0.01700	0.05224	0.73944	0.01027	0.02590	0.05693	0.01022	0.01451	0.00812	0.01056	0.00673	0.00388	0.00423	0.00127	0.00509	0.00381	0.00222	0.00668
28	0.07269	0.07886	0.10312	0.09513	0.26723	0.16944	0.03190	0.05731	0.03081	0.03093	0.00786	0.00956	0.00624	0.00418	0.00407	0.00125	0.01785	0.00336	0.00232	0.00588
29	0.00667	0.00531	0.00747	0.00714	0.00761	0.00643	0.00545	0.00777	0.00665	0.00960	0.01079	0.01773	0.01075	0.19833	0.51969	0.00539	0.15649	0.00475	0.00227	0.00370
30	0.88052	0.00823	0.00625	0.00560	0.00823	0.00955	0.00461	0.01251	0.00724	0.01909	0.00592	0.00691	0.00461	0.00395	0.00263	0.00132	0.00329	0.00230	0.00263	0.00461
31	0.00613	0.00416	0.00494	0.00499	0.00510	0.00425	0.00300	0.00636	0.00636	0.00858	0.01360	0.06400	0.01542	0.70443	0.12767	0.00437	0.00501	0.00624	0.00260	0.00278
32	0.01133	0.00855	0.00951	0.00729	0.01060	0.03043	0.00584	0.14734	0.08794	0.10589	0.02895	0.02048	0.03609	0.00448	0.00372	0.00096	0.00354	0.00359	0.00339	0.47008
33	0.21424	0.20659	0.34068	0.00908	0.01343	0.06775	0.01001	0.01361	0.00886	0.05235	0.00720	0.00818	0.00549	0.00399	0.00339	0.00121	0.00510	0.00276	0.00220	0.02386

[dist]
# distance from previous block
# <min> <max>
2	16

[block]
# block no. 2 follows, 62 sequences, length 28
# corresponding to MSA columns:
# 145-172
name=unknown_C
#
# <colnr> <probs for GDERKNQSTAVLIFYWHMCP>
#	G	D	E	R	K	N	Q	S	T	A	V	L	I	F	Y	W	H	M	C	P
0	0.85179	0.00826	0.00637	0.00570	0.00832	0.00958	0.00468	0.01284	0.03396	0.01905	0.00630	0.00721	0.00488	0.00401	0.00269	0.00132	0.00329	0.00239	0.00269	0.00468
1	0.00683	0.00521	0.00595	0.00591	0.00733	0.00499	0.00454	0.01815	0.12416	0.04193	0.09494	0.16487	0.36867	0.01004	0.00503	0.00152	0.00268	0.10388	0.00409	0.01930
2	0.00592	0.00457	0.00542	0.00517	0.00639	0.00420	0.00389	0.00811	0.05130	0.01524	0.52195	0.03405	0.29963	0.00925	0.00499	0.00138	0.00212	0.00798	0.00442	0.00401
3	0.00950	0.00996	0.01996	0.03927	0.16118	0.00973	0.49603	0.01242	0.00954	0.01330	0.00991	0.08581	0.00859	0.00476	0.00523	0.00143	0.04685	0.00528	0.04570	0.00554
4	0.00618	0.00415	0.00475	0.00475	0.00479	0.00418	0.00271	0.00626	0.00622	0.00833	0.01331	0.02730	0.01523	0.81028	0.06152	0.00426	0.00448	0.00611	0.00256	0.00264
5	0.02699	0.00950	0.08808	0.00839	0.01137	0.00866	0.00726	0.10311	0.29755	0.27603	0.06306	0.05580	0.01308	0.00589	0.00435	0.00138	0.00374	0.00486	0.00435	0.00655
6	0.00988	0.01144	0.04550	0.04102	0.06015	0.01054	0.71252	0.01338	0.00992	0.01351	0.00879	0.02653	0.00681	0.00380	0.00494	0.00143	0.00692	0.00501	0.00217	0.00573
7	0.00679	0.00572	0.04274	0.00724	0.00844	0.00503	0.05682	0.03044	0.00926	0.03694	0.06739	0.42705	0.09420	0.03649	0.00591	0.00171	0.02089	0.11414	0.01874	0.00406
8	0.00541	0.00420	0.00492	0.00500	0.00605	0.00371	0.00365	0.00675	0.01022	0.01334	0.31433	0.19805	0.38802	0.01055	0.00511	0.00146	0.00217	0.00915	0.00421	0.00371
9	0.00780	0.00712	0.01174	0.66088	0.05984	0.00854	0.01053	0.01048	0.00917	0.01207	0.14801	0.01483	0.01167	0.00500	0.00438	0.00140	0.00501	0.00446	0.00238	0.00469
10	0.02164	0.08404	0.22102	0.01055	0.06102	0.09691	0.02184	0.09056	0.11526	0.18149	0.04610	0.01189	0.00921	0.00480	0.00407	0.00128	0.00494	0.00380	0.00327	0.00632
11	0.00580	0.00416	0.00543	0.00610	0.00656	0.00408	0.00436	0.00690	0.02050	0.01097	0.03965	0.46096	0.04955	0.14633	0.06963	0.00250	0.00364	0.14579	0.00363	0.00349
12	0.00853	0.02201	0.82841	0.01213	0.01842	0.00988	0.01572	0.01348	0.00898	0.01348	0.00764	0.00898	0.00539	0.00404	0.00404	0.00135	0.00629	0.00314	0.00180	0.00629
13	0.03007	0.00839	0.01357	0.42815	0.22958	0.00941	0.04550	0.04187	0.04906	0.03199	0.02316	0.05328	0.00819	0.00476	0.00431	0.00138	0.00510	0.00435	0.00241	0.00546
14	0.00905	0.14827	0.48904	0.01043	0.02662	0.05032	0.01195	0.01255	0.00929	0.02254	0.03709	0.04597	0.02867	0.00536	0.00410	0.00134	0.00544	0.07402	0.00228	0.00565
15	0.01169	0.74679	0.05004	0.00779	0.01139	0.09177	0.00767	0.01316	0.00897	0.01017	0.00604	0.00698	0.00546	0.00372	0.00288	0.00094	0.00490	0.00235	0.00185	0.00544
16	0.02179	0.07365	0.06562	0.03301	0.05897	0.04726	0.08524	0.05706	0.03119	0.11805	0.07945	0.01326	0.01040	0.00463	0.00396	0.00111	0.00432	0.02953	0.00305	0.25844
17	0.00860	0.08096	0.63024	0.01079	0.01606	0.00976	0.01325	0.01332	0.05385	0.01375	0.07150	0.02326	0.00896	0.00462	0.00403	0.00132	0.00552	0.00367	0.02055	0.00599
18	0.00540	0.00431	0.00483	0.00474	0.00598	0.00374	0.00354	0.00681	0.01052	0.01353	0.32930	0.05854	0.51357	0.01008	0.00504	0.00141	0.00211	0.00859	0.00422	0.00374
19	0.01737	0.00726	0.00986	0.04906	0.01162	0.00659	0.00655	0.05563	0.01225	0.68259	0.04749	0.01626	0.01189	0.00562	0.00437	0.00135	0.00372	0.03870	0.00497	0.00685
20	0.00944	0.11500	0.04190	0.40193	0.04338	0.04621	0.15716	0.01193	0.00922	0.01181	0.00918	0.04772	0.00795	0.00508	0.00469	0.00145	0.02668	0.04184	0.00224	0.00520
21	0.00553	0.00398	0.00517	0.00611	0.00642	0.00367	0.00408	0.00619	0.00841	0.01120	0.02430	0.81951	0.05232	0.01343	0.00555	0.00178	0.00258	0.01207	0.00406	0.00364
22	0.00991	0.01005	0.01312	0.16628	0.01495	0.07546	0.00982	0.01112	0.00754	0.01070	0.00637	0.01002	0.00591	0.00682	0.01147	0.00178	0.61805	0.00377	0.00201	0.00486
23	0.17954	0.01113	0.05108	0.03294	0.05103	0.05430	0.00780	0.31658	0.10252	0.11437	0.01085	0.01114	0.00789	0.00501	0.00404	0.00136	0.00448	0.00372	0.02372	0.00650
24	0.00958	0.01052	0.04008	0.03004	0.05305	0.00970	0.58105	0.01292	0.03917	0.01374	0.02754	0.11184	0.02835	0.00533	0.00511	0.00152	0.00623	0.00597	0.00263	0.00563
25	0.00578	0.00454	0.00514	0.00505	0.00628	0.00396	0.00374	0.00711	0.01074	0.01397	0.34787	0.08298	0.46665	0.01029	0.00519	0.00147	0.00224	0.00873	0.00434	0.00393
26	0.00893	0.00840	0.01417	0.65159	0.19202	0.00980	0.02954	0.01162	0.00900	0.01187	0.00801	0.01163	0.00623	0.00436	0.00440	0.00145	0.00568	0.00392	0.00206	0.00533
27	0.01710	0.01043	0.01237	0.00955	0.01291	0.02959	0.04677	0.42257	0.04187	0.33068	0.01310	0.01248	0.00891	0.00531	0.00444	0.00136	0.00454	0.00417	0.00460	0.00726

[dist]
# distance from previous block
# <min> <max>
0	1

[block]
# block no. 3 follows, 62 sequences, length 14
# corresponding to MSA columns:
# 174-187
name=unknown_D
#
# <colnr> <probs for GDERKNQSTAVLIFYWHMCP>
#	G	D	E	R	K	N	Q	S	T	A	V	L	I	F	Y	W	H	M	C	P
0	0.00706	0.00608	0.00831	0.00772	0.00836	0.00750	0.00611	0.00864	0.03615	0.01040	0.01436	0.01845	0.12117	0.06698	0.40045	0.00427	0.25644	0.00502	0.00248	0.00406
1	0.00608	0.00431	0.00572	0.00578	0.00616	0.00467	0.00398	0.00686	0.00661	0.00919	0.01300	0.06864	0.01384	0.40629	0.41454	0.00531	0.00756	0.00573	0.00251	0.00322
2	0.00535	0.00382	0.00513	0.00611	0.00643	0.00360	0.00424	0.00621	0.00831	0.01105	0.02336	0.76844	0.02778	0.01317	0.00548	0.00175	0.00261	0.08971	0.00395	0.00350
3	0.00882	0.00756	0.00882	0.00630	0.01008	0.00567	0.00504	0.01071	0.00882	0.01387	0.00756	0.00882	0.00630	0.00315	0.00315	0.00063	0.00315	0.00252	0.00252	0.87647
4	0.01015	0.02972	0.00942	0.00684	0.01020	0.00687	0.00548	0.09771	0.04705	0.05997	0.00929	0.03769	0.00770	0.00447	0.00405	0.03977	0.00339	0.00323	0.00294	0.60408
5	0.00608	0.00440	0.00545	0.00534	0.00646	0.00398	0.00405	0.00774	0.01099	0.03506	0.48513	0.09632	0.24159	0.00971	0.00509	0.00143	0.00225	0.06059	0.00440	0.00394
6	0.01377	0.01222	0.03636	0.00992	0.04815	0.19177	0.00767	0.21391	0.21168	0.10741	0.01183	0.02393	0.00889	0.00504	0.00410	0.00124	0.00478	0.00390	0.02319	0.06025
7	0.00797	0.04357	0.00714	0.01709	0.00783	0.03394	0.00469	0.08854	0.01112	0.05972	0.20695	0.07569	0.32777	0.03888	0.03067	0.00164	0.00321	0.02527	0.00394	0.00437
8	0.05438	0.04363	0.01216	0.02570	0.02954	0.34324	0.00791	0.24744	0.05642	0.08018	0.00898	0.00953	0.00679	0.00477	0.00431	0.00122	0.03708	0.00333	0.00314	0.02024
9	0.01451	0.01149	0.01146	0.00930	0.01231	0.09531	0.00747	0.42146	0.24076	0.07988	0.01220	0.01179	0.00887	0.00516	0.00419	0.00128	0.00448	0.00398	0.00407	0.04001
10	0.05295	0.11536	0.14222	0.00881	0.01222	0.01067	0.00823	0.21268	0.17134	0.12826	0.03983	0.03867	0.01037	0.00539	0.00408	0.00132	0.00428	0.02333	0.00364	0.00634
11	0.03104	0.03677	0.05525	0.00865	0.01140	0.18799	0.03488	0.05185	0.09682	0.19698	0.12052	0.01612	0.02994	0.00564	0.00423	0.00126	0.00456	0.03947	0.00365	0.06299
12	0.01194	0.29983	0.23883	0.00937	0.01342	0.05180	0.00964	0.20412	0.03033	0.04316	0.00883	0.04469	0.00718	0.00466	0.00371	0.00119	0.00506	0.00345	0.00268	0.00609
13	0.01101	0.00711	0.02788	0.00709	0.00918	0.00678	0.00562	0.14917	0.09797	0.19503	0.04410	0.22246	0.10586	0.03737	0.00520	0.00151	0.00330	0.00680	0.03322	0.02333

[dist]
# distance from previous block
# <min> <max>
0	112

# created by:
# /st0/software/busco_prod/Augustus/scripts/msa2prfl.pl ./align_prep/140221.fa
