[name]
unknown

[dist]
# distance from previous block
# <min> <max>
4	39

[block]
# block no. 0 follows, 56 sequences, length 22
# corresponding to MSA columns:
# 40-61
name=unknown_A
#
# <colnr> <probs for GDERKNQSTAVLIFYWHMCP>
#	G	D	E	R	K	N	Q	S	T	A	V	L	I	F	Y	W	H	M	C	P
0	0.02784	0.01136	0.11269	0.00920	0.02552	0.06795	0.00798	0.16163	0.14550	0.14029	0.09205	0.02931	0.05124	0.00619	0.00452	0.00140	0.00434	0.00499	0.08958	0.00641
1	0.01188	0.13314	0.11835	0.01644	0.29573	0.09374	0.02300	0.07295	0.02831	0.03688	0.02740	0.03706	0.02136	0.00636	0.04027	0.00161	0.01468	0.01171	0.00269	0.00643
2	0.12992	0.12684	0.03969	0.01303	0.22206	0.04988	0.00855	0.02651	0.04052	0.12127	0.01207	0.07184	0.02383	0.00595	0.01794	0.00144	0.00461	0.00445	0.07348	0.00611
3	0.03954	0.00881	0.01137	0.02430	0.17006	0.04410	0.03759	0.09228	0.10534	0.09670	0.02437	0.12112	0.01351	0.14157	0.04694	0.00225	0.00497	0.00588	0.00354	0.00578
4	0.02401	0.04778	0.08769	0.03355	0.30751	0.20749	0.08219	0.03389	0.05440	0.01439	0.01763	0.01290	0.00837	0.00488	0.00453	0.00138	0.00623	0.04223	0.00257	0.00636
5	0.02940	0.14428	0.19898	0.01059	0.02637	0.03710	0.03539	0.22559	0.06480	0.05491	0.00977	0.01045	0.00732	0.00471	0.00426	0.00127	0.01619	0.00359	0.00315	0.11189
6	0.06371	0.07775	0.15371	0.04539	0.20392	0.06825	0.02760	0.07984	0.04917	0.03689	0.00900	0.01043	0.00703	0.00435	0.00410	0.00125	0.00531	0.00354	0.00270	0.14604
7	0.01213	0.06255	0.19240	0.01704	0.31352	0.04557	0.02939	0.02379	0.03689	0.11681	0.03732	0.01203	0.00876	0.00458	0.00437	0.00132	0.00537	0.00397	0.00285	0.06934
8	0.01067	0.00990	0.01645	0.08992	0.55157	0.01023	0.03802	0.04747	0.02379	0.01492	0.02661	0.01290	0.00862	0.00821	0.10880	0.00216	0.00634	0.00435	0.00248	0.00661
9	0.01038	0.06901	0.01314	0.01402	0.27704	0.00832	0.00842	0.01244	0.00990	0.05375	0.01087	0.11578	0.01013	0.00518	0.00412	0.00112	0.00413	0.00457	0.00286	0.36482
10	0.01465	0.11472	0.12392	0.07125	0.07267	0.02556	0.03394	0.39188	0.01574	0.07679	0.01009	0.01083	0.00734	0.00494	0.00438	0.00135	0.00543	0.00388	0.00354	0.00711
11	0.00872	0.00513	0.00766	0.04847	0.06602	0.00530	0.00539	0.04531	0.00722	0.00969	0.00818	0.01354	0.00782	0.01402	0.01566	0.71866	0.00425	0.00401	0.00214	0.00281
12	0.01368	0.00805	0.01203	0.23760	0.12481	0.00827	0.00917	0.01582	0.01105	0.34614	0.01695	0.01732	0.10636	0.00600	0.00521	0.00149	0.04483	0.00499	0.00386	0.00637
13	0.11655	0.24725	0.01891	0.01950	0.46786	0.01292	0.02806	0.01393	0.00982	0.01448	0.00773	0.00977	0.00659	0.00406	0.00390	0.00127	0.00512	0.00346	0.00226	0.00657
14	0.01049	0.00989	0.01670	0.06438	0.66947	0.00996	0.01277	0.01299	0.01018	0.01442	0.01074	0.11667	0.01016	0.00543	0.00472	0.00144	0.00513	0.00523	0.00252	0.00671
15	0.01230	0.69959	0.02396	0.00950	0.01345	0.05252	0.10821	0.01407	0.00968	0.01132	0.00678	0.00805	0.00603	0.00396	0.00331	0.00106	0.00542	0.00286	0.00203	0.00590
16	0.00566	0.00457	0.00505	0.00524	0.00649	0.00396	0.00387	0.00692	0.01049	0.01307	0.13489	0.18045	0.55018	0.01187	0.00553	0.00161	0.00244	0.03943	0.00436	0.00392
17	0.01025	0.00885	0.01288	0.54275	0.02493	0.01057	0.01108	0.13653	0.09718	0.01542	0.01108	0.01582	0.00891	0.00558	0.00474	0.00156	0.00553	0.06775	0.00291	0.00569
18	0.01143	0.67786	0.02144	0.11235	0.01385	0.01621	0.00813	0.01301	0.00913	0.01079	0.00716	0.00954	0.00666	0.06101	0.00455	0.00129	0.00503	0.00295	0.00203	0.00558
19	0.00876	0.00535	0.00725	0.00742	0.00850	0.00536	0.00593	0.01025	0.00940	0.11414	0.01902	0.03592	0.01949	0.20894	0.15889	0.00353	0.00571	0.35806	0.00375	0.00432
20	0.01380	0.07358	0.01360	0.01241	0.11475	0.19479	0.00879	0.15239	0.33209	0.01792	0.01259	0.01265	0.00968	0.00533	0.00440	0.00138	0.00525	0.00417	0.00363	0.00682
21	0.01112	0.65416	0.09934	0.00818	0.01192	0.01559	0.00829	0.01289	0.00930	0.01129	0.00898	0.11337	0.00901	0.00531	0.00346	0.00114	0.00481	0.00390	0.00225	0.00570

[dist]
# distance from previous block
# <min> <max>
0	3

[block]
# block no. 1 follows, 56 sequences, length 12
# corresponding to MSA columns:
# 65-75,77
name=unknown_B
#
# <colnr> <probs for GDERKNQSTAVLIFYWHMCP>
#	G	D	E	R	K	N	Q	S	T	A	V	L	I	F	Y	W	H	M	C	P
0	0.01847	0.00908	0.01122	0.00869	0.01208	0.00881	0.00715	0.25508	0.01569	0.50973	0.08154	0.01578	0.01294	0.00594	0.00468	0.00141	0.00411	0.00478	0.00530	0.00752
1	0.01200	0.58996	0.02242	0.01401	0.25347	0.01597	0.00974	0.01385	0.00967	0.01207	0.00706	0.00858	0.00631	0.00398	0.00343	0.00110	0.00507	0.00295	0.00206	0.00631
2	0.00845	0.00629	0.00766	0.00795	0.00928	0.00662	0.00617	0.01335	0.24955	0.04507	0.02274	0.32966	0.02355	0.01109	0.00559	0.00183	0.00346	0.23215	0.00443	0.00510
3	0.01170	0.02045	0.57232	0.01232	0.01816	0.01174	0.01447	0.25076	0.01329	0.01890	0.00908	0.01010	0.00642	0.00471	0.00443	0.00143	0.00626	0.00362	0.00274	0.00709
4	0.01253	0.00821	0.01241	0.38412	0.02068	0.00949	0.00994	0.03307	0.01026	0.25465	0.01147	0.03056	0.00849	0.00700	0.04279	0.00183	0.12886	0.00446	0.00326	0.00590
5	0.00558	0.00404	0.00528	0.00627	0.00663	0.00374	0.00421	0.00641	0.00891	0.01177	0.02678	0.78037	0.08469	0.01419	0.00583	0.00184	0.00264	0.01282	0.00426	0.00374
6	0.00574	0.00408	0.00540	0.00632	0.00659	0.00389	0.00420	0.00651	0.00853	0.01142	0.02370	0.72392	0.02822	0.08911	0.04693	0.00236	0.00329	0.01209	0.00404	0.00366
7	0.01326	0.43549	0.17091	0.00967	0.01406	0.01555	0.00985	0.25036	0.01311	0.01700	0.00814	0.00891	0.00646	0.00449	0.00371	0.00119	0.00531	0.00314	0.00275	0.00664
8	0.27113	0.01248	0.10144	0.01468	0.01900	0.01112	0.47530	0.01432	0.00980	0.01647	0.00830	0.01062	0.00624	0.00404	0.00453	0.00150	0.00637	0.00432	0.00244	0.00588
9	0.00758	0.00413	0.00569	0.00569	0.00569	0.00413	0.00362	0.00619	0.00619	0.00826	0.00994	0.01883	0.01061	0.26505	0.01959	0.60544	0.00413	0.00480	0.00223	0.00223
10	0.01266	0.01892	0.57137	0.01160	0.01740	0.00948	0.01387	0.01691	0.01074	0.25635	0.01123	0.01149	0.00750	0.00476	0.00444	0.00144	0.00591	0.00376	0.00307	0.00710
11	0.00989	0.01509	0.39223	0.01306	0.09697	0.00877	0.04258	0.01363	0.01037	0.08057	0.01400	0.02320	0.01271	0.00694	0.00504	0.00165	0.00567	0.23851	0.00299	0.00612

[dist]
# distance from previous block
# <min> <max>
0	3

[block]
# block no. 2 follows, 56 sequences, length 6
# corresponding to MSA columns:
# 81-86
name=unknown_C
#
# <colnr> <probs for GDERKNQSTAVLIFYWHMCP>
#	G	D	E	R	K	N	Q	S	T	A	V	L	I	F	Y	W	H	M	C	P
0	0.07479	0.45595	0.01720	0.00813	0.01102	0.14203	0.00722	0.01337	0.01041	0.01305	0.15965	0.01278	0.01299	0.00529	0.00410	0.00118	0.03904	0.00372	0.00268	0.00540
1	0.01006	0.25129	0.59480	0.01163	0.01762	0.01275	0.01443	0.01432	0.00959	0.01350	0.00772	0.00904	0.00584	0.00424	0.00397	0.00132	0.00626	0.00313	0.00195	0.00654
2	0.00913	0.13622	0.54796	0.01095	0.01623	0.01052	0.01325	0.01330	0.01027	0.01475	0.16079	0.01407	0.01300	0.00526	0.00436	0.00138	0.00564	0.00420	0.00254	0.00619
3	0.00990	0.00908	0.01294	0.00937	0.01346	0.00752	0.15619	0.01301	0.06230	0.01519	0.00907	0.01057	0.00731	0.00368	0.00387	0.00090	0.00425	0.00340	0.00277	0.64523
4	0.00559	0.00400	0.00533	0.00639	0.00666	0.00373	0.00426	0.00639	0.00879	0.01172	0.02530	0.83566	0.03036	0.01438	0.00586	0.00186	0.00266	0.01305	0.00426	0.00373
5	0.17424	0.07283	0.45498	0.01020	0.01553	0.01024	0.01188	0.01372	0.00928	0.01553	0.00775	0.00908	0.00585	0.00413	0.00379	0.00127	0.00540	0.00303	0.00226	0.16904

[dist]
# distance from previous block
# <min> <max>
0	1

[block]
# block no. 3 follows, 56 sequences, length 9
# corresponding to MSA columns:
# 88-96
name=unknown_D
#
# <colnr> <probs for GDERKNQSTAVLIFYWHMCP>
#	G	D	E	R	K	N	Q	S	T	A	V	L	I	F	Y	W	H	M	C	P
0	0.01086	0.32285	0.21661	0.00882	0.01350	0.01177	0.00927	0.01351	0.00962	0.04172	0.00787	0.00898	0.00638	0.00392	0.00351	0.00101	0.00483	0.00286	0.00235	0.29976
1	0.01384	0.59099	0.02095	0.00867	0.01252	0.01698	0.00812	0.24979	0.01303	0.01628	0.00778	0.00847	0.00647	0.00441	0.00344	0.00110	0.00495	0.00296	0.00276	0.00647
2	0.00986	0.01987	0.57421	0.01765	0.25869	0.01074	0.01609	0.01440	0.00992	0.01468	0.00836	0.01020	0.00626	0.00428	0.00442	0.00143	0.00638	0.00360	0.00204	0.00693
3	0.00656	0.00532	0.00846	0.00793	0.00902	0.00496	0.10898	0.00818	0.01033	0.01414	0.25963	0.48422	0.03118	0.01148	0.00567	0.00170	0.00319	0.01060	0.00424	0.00424
4	0.00952	0.00816	0.00952	0.00680	0.01088	0.00612	0.00544	0.01156	0.00952	0.01496	0.00816	0.00952	0.00680	0.00340	0.00340	0.00068	0.00340	0.00272	0.00272	0.86672
5	0.00970	0.02031	0.57676	0.01498	0.02112	0.01095	0.25162	0.01459	0.01004	0.01459	0.00856	0.01051	0.00616	0.00421	0.00468	0.00148	0.00707	0.00400	0.00205	0.00661
6	0.26976	0.00891	0.01083	0.00952	0.01050	0.01165	0.00785	0.01135	0.00732	0.01388	0.00710	0.01048	0.00654	0.01093	0.13456	0.00265	0.45528	0.00369	0.00233	0.00487
7	0.00668	0.00498	0.00708	0.00878	0.06842	0.00483	0.00613	0.00810	0.00955	0.01269	0.02369	0.49168	0.02720	0.01299	0.00593	0.00192	0.00344	0.28764	0.00410	0.00418
8	0.00785	0.00712	0.01192	0.53663	0.02367	0.00832	0.05149	0.01027	0.00915	0.01188	0.01340	0.26113	0.01349	0.00751	0.00502	0.00163	0.00516	0.00686	0.00273	0.00474

[dist]
# distance from previous block
# <min> <max>
0	16

[block]
# block no. 4 follows, 56 sequences, length 9
# corresponding to MSA columns:
# 113-121
name=unknown_E
#
# <colnr> <probs for GDERKNQSTAVLIFYWHMCP>
#	G	D	E	R	K	N	Q	S	T	A	V	L	I	F	Y	W	H	M	C	P
0	0.00905	0.00788	0.00976	0.00910	0.10710	0.00646	0.00620	0.01141	0.03658	0.01479	0.03801	0.01637	0.13875	0.00509	0.00397	0.00096	0.00345	0.00427	0.00305	0.56775
1	0.01128	0.00866	0.01342	0.03508	0.01415	0.00821	0.18942	0.11465	0.02761	0.11499	0.01505	0.18060	0.01406	0.00715	0.00498	0.00147	0.00470	0.07214	0.00370	0.15868
2	0.00889	0.00854	0.04981	0.00729	0.01111	0.00621	0.03849	0.01103	0.00974	0.01451	0.01446	0.01530	0.13735	0.00481	0.00386	0.00090	0.00358	0.00400	0.00292	0.64721
3	0.01359	0.01311	0.01658	0.01673	0.24214	0.17614	0.14822	0.12072	0.01259	0.06506	0.00927	0.01087	0.00720	0.00438	0.00447	0.00127	0.00600	0.00394	0.00288	0.12481
4	0.00583	0.00463	0.00547	0.00567	0.00684	0.00427	0.00427	0.00715	0.00990	0.01255	0.09518	0.16191	0.45343	0.01566	0.13837	0.00257	0.00410	0.05420	0.00403	0.00395
5	0.01237	0.66590	0.02129	0.00829	0.01193	0.05622	0.00781	0.01571	0.13864	0.01219	0.00842	0.00900	0.00722	0.00434	0.00329	0.00109	0.00487	0.00293	0.00242	0.00609
6	0.00624	0.00443	0.00559	0.00627	0.00671	0.00425	0.00439	0.00710	0.00867	0.01137	0.02369	0.39221	0.08648	0.24780	0.01089	0.00262	0.00345	0.16045	0.00384	0.00357
7	0.05169	0.01216	0.01140	0.00938	0.01236	0.12743	0.00751	0.41088	0.11048	0.04122	0.01713	0.01672	0.13866	0.00643	0.00460	0.00140	0.00481	0.00494	0.00418	0.00662
8	0.04081	0.01104	0.01712	0.01955	0.37949	0.07123	0.17777	0.05626	0.01063	0.01462	0.00966	0.01424	0.00859	0.14018	0.00771	0.00190	0.00590	0.00466	0.00252	0.00611

[dist]
# distance from previous block
# <min> <max>
0	2

[block]
# block no. 5 follows, 56 sequences, length 102
# corresponding to MSA columns:
# 124-225
name=unknown_F
#
# <colnr> <probs for GDERKNQSTAVLIFYWHMCP>
#	G	D	E	R	K	N	Q	S	T	A	V	L	I	F	Y	W	H	M	C	P
0	0.00601	0.00465	0.00590	0.00687	0.03856	0.00425	0.00472	0.00722	0.00984	0.01271	0.08400	0.42347	0.27368	0.01261	0.00569	0.00174	0.00279	0.08705	0.00423	0.00400
1	0.01237	0.67958	0.03251	0.00960	0.05338	0.06641	0.03470	0.01425	0.02475	0.01146	0.00693	0.00805	0.00617	0.00402	0.00324	0.00104	0.00521	0.00274	0.00208	0.02149
2	0.09850	0.00768	0.00856	0.00832	0.02528	0.03925	0.00671	0.06154	0.08548	0.05901	0.03314	0.04584	0.08551	0.00878	0.00508	0.00164	0.00400	0.31307	0.00397	0.09864
3	0.01512	0.04944	0.02285	0.04253	0.07846	0.09216	0.00880	0.37435	0.12933	0.08111	0.01287	0.01296	0.03545	0.00549	0.00449	0.00137	0.00505	0.00428	0.00399	0.01989
4	0.01556	0.24825	0.01633	0.01138	0.04716	0.53720	0.00881	0.04245	0.01216	0.01186	0.00709	0.00825	0.00603	0.00451	0.00384	0.00114	0.00712	0.00290	0.00232	0.00564
5	0.00995	0.00815	0.00956	0.00685	0.01091	0.00614	0.00549	0.01198	0.00966	0.04614	0.00855	0.00976	0.00698	0.00349	0.00345	0.00071	0.00342	0.00279	0.00284	0.83317
6	0.01047	0.31008	0.51425	0.01128	0.01698	0.01325	0.02539	0.01437	0.00963	0.02452	0.00774	0.00900	0.00594	0.00422	0.00388	0.00129	0.00610	0.00311	0.00201	0.00648
7	0.03766	0.06650	0.10201	0.01135	0.01481	0.35353	0.05040	0.19453	0.04418	0.06858	0.00933	0.01001	0.00703	0.00488	0.00428	0.00130	0.00657	0.00355	0.00312	0.00635
8	0.00595	0.00441	0.00559	0.00607	0.00686	0.00405	0.00440	0.00729	0.01038	0.01380	0.23743	0.40648	0.18136	0.01239	0.00570	0.00171	0.00260	0.07512	0.00447	0.00396
9	0.00576	0.00430	0.00603	0.00676	0.00722	0.00400	0.03076	0.00668	0.00892	0.01185	0.02559	0.77707	0.05996	0.01392	0.00583	0.00184	0.00282	0.01266	0.00420	0.00382
10	0.01086	0.01094	0.03139	0.16370	0.50221	0.01097	0.16206	0.02581	0.01047	0.01459	0.00871	0.01168	0.00700	0.00416	0.00472	0.00143	0.00602	0.00433	0.00227	0.00669
11	0.01067	0.00610	0.00874	0.00807	0.00990	0.00568	0.04670	0.02414	0.01157	0.22264	0.16141	0.15723	0.04704	0.00995	0.00555	0.00172	0.00368	0.24930	0.00467	0.00525
12	0.01332	0.01072	0.01140	0.00964	0.01256	0.01215	0.00767	0.28833	0.50737	0.02252	0.04258	0.01561	0.01287	0.00609	0.00467	0.00149	0.00407	0.00493	0.00466	0.00735
13	0.01136	0.01091	0.01863	0.02818	0.81002	0.01091	0.01409	0.01409	0.01045	0.01500	0.00864	0.01136	0.00727	0.00409	0.00455	0.00136	0.00545	0.00409	0.00227	0.00727
14	0.01118	0.01075	0.01847	0.04386	0.75583	0.01076	0.03381	0.01393	0.01049	0.01500	0.02663	0.01192	0.00805	0.00421	0.00459	0.00137	0.00545	0.00422	0.00233	0.00713
15	0.87108	0.00888	0.00675	0.00604	0.00888	0.01030	0.00497	0.01350	0.00781	0.02060	0.00639	0.00746	0.00497	0.00426	0.00284	0.00142	0.00355	0.00249	0.00284	0.00497
16	0.01032	0.01015	0.01819	0.31178	0.41231	0.01076	0.13284	0.01334	0.01006	0.01379	0.00857	0.01183	0.00681	0.00423	0.00469	0.00145	0.00604	0.00429	0.00220	0.00633
17	0.23140	0.01033	0.00999	0.00873	0.01153	0.03225	0.00693	0.12809	0.47128	0.02070	0.01420	0.01359	0.01064	0.00559	0.00418	0.00149	0.00393	0.00430	0.00414	0.00671
18	0.00592	0.00429	0.00559	0.00606	0.00671	0.00396	0.00424	0.00724	0.01044	0.01423	0.31577	0.49273	0.08101	0.01237	0.00567	0.00169	0.00246	0.01110	0.00455	0.00396
19	0.00740	0.00528	0.00740	0.00845	0.00951	0.00528	0.00740	0.00951	0.01057	0.01374	0.02431	0.05179	0.02642	0.01268	0.00634	0.00211	0.00423	0.77912	0.00423	0.00423
20	0.00939	0.00703	0.00861	0.00860	0.01030	0.00747	0.00719	0.07808	0.20552	0.03242	0.09128	0.03767	0.02305	0.01008	0.00567	0.00184	0.00396	0.44202	0.00447	0.00535
21	0.00668	0.00445	0.00501	0.00501	0.00501	0.00445	0.00278	0.00668	0.00668	0.00890	0.01447	0.03004	0.01669	0.83866	0.02337	0.00445	0.00445	0.00668	0.00278	0.00278
22	0.00647	0.00469	0.00610	0.00574	0.00684	0.00432	0.00431	0.00861	0.01292	0.01824	0.78623	0.03457	0.06479	0.00945	0.00542	0.00145	0.00217	0.00834	0.00503	0.00432
23	0.04668	0.32645	0.02691	0.00912	0.01248	0.02918	0.03286	0.22716	0.10981	0.02957	0.03883	0.01258	0.04560	0.00536	0.00429	0.00128	0.02814	0.00397	0.00333	0.00641
24	0.00703	0.00529	0.00660	0.00639	0.00756	0.00520	0.00477	0.01043	0.11701	0.01742	0.56986	0.15277	0.03715	0.00978	0.00540	0.00154	0.00248	0.02382	0.00487	0.00463
25	0.01461	0.17514	0.04616	0.07321	0.09351	0.18074	0.03281	0.10693	0.05355	0.14919	0.01054	0.02585	0.00809	0.00496	0.00422	0.00130	0.00565	0.00386	0.00321	0.00647
26	0.36006	0.03488	0.15585	0.01013	0.06185	0.10529	0.02417	0.08142	0.01039	0.01783	0.00759	0.00882	0.00587	0.00433	0.00364	0.00131	0.00504	0.00303	0.00269	0.09584
27	0.03817	0.25092	0.09995	0.01272	0.11018	0.32860	0.02435	0.03112	0.02540	0.01273	0.00748	0.00884	0.00624	0.00446	0.00409	0.00122	0.02219	0.00311	0.00229	0.00595
28	0.00786	0.00650	0.00767	0.00644	0.00901	0.00532	0.00491	0.00979	0.03206	0.01394	0.04864	0.19988	0.13423	0.00860	0.03628	0.00139	0.00338	0.00643	0.00343	0.45425
29	0.01471	0.03942	0.01268	0.00989	0.01317	0.01305	0.00804	0.44729	0.32356	0.02415	0.01376	0.01323	0.01012	0.00568	0.00453	0.00141	0.00445	0.00445	0.00448	0.03194
30	0.01003	0.06213	0.18636	0.41920	0.10265	0.01031	0.01260	0.01329	0.00980	0.06905	0.02234	0.01242	0.02163	0.00470	0.00444	0.00144	0.00577	0.00401	0.00240	0.02541
31	0.01186	0.22926	0.37051	0.01162	0.04605	0.04526	0.03745	0.01547	0.03045	0.11071	0.00974	0.01062	0.01872	0.00466	0.00439	0.00134	0.02925	0.00353	0.00255	0.00654
32	0.01001	0.03278	0.48702	0.12509	0.04913	0.03355	0.15261	0.01443	0.01001	0.03044	0.00857	0.01061	0.00623	0.00433	0.00456	0.00146	0.00677	0.00386	0.00212	0.00643
33	0.01685	0.00902	0.01081	0.00882	0.01202	0.00915	0.00711	0.08851	0.31294	0.44568	0.01773	0.01581	0.01207	0.00587	0.00464	0.00147	0.00390	0.00479	0.00521	0.00761
34	0.02483	0.26574	0.54443	0.01138	0.01713	0.03561	0.01383	0.01439	0.00965	0.01344	0.00763	0.00893	0.00583	0.00424	0.00391	0.00131	0.00622	0.00309	0.00197	0.00645
35	0.02239	0.08694	0.21403	0.02483	0.03164	0.02831	0.03583	0.09012	0.14985	0.01696	0.16089	0.01897	0.06219	0.00638	0.00465	0.00144	0.00468	0.03031	0.00351	0.00608
36	0.00649	0.00471	0.00538	0.00549	0.00679	0.00411	0.00407	0.00771	0.01039	0.05658	0.09747	0.21145	0.48936	0.02449	0.00579	0.00167	0.00260	0.04696	0.00438	0.00410
37	0.01008	0.00837	0.00932	0.00891	0.01097	0.00943	0.00708	0.01957	0.55504	0.01731	0.02026	0.05818	0.01782	0.02690	0.00556	0.00177	0.00376	0.19892	0.00450	0.00627
38	0.01072	0.01036	0.01800	0.21072	0.58766	0.01079	0.05754	0.01358	0.01018	0.01423	0.00856	0.01162	0.00699	0.00419	0.00460	0.00141	0.00573	0.00416	0.00222	0.00671
39	0.00563	0.00447	0.00533	0.03763	0.00741	0.00405	0.00422	0.00670	0.00961	0.01205	0.03485	0.42208	0.40423	0.01267	0.00560	0.00170	0.00264	0.01108	0.00418	0.00385
40	0.00797	0.00399	0.00598	0.00598	0.00598	0.00399	0.00399	0.00598	0.00598	0.00797	0.00797	0.01396	0.00797	0.01595	0.01794	0.86643	0.00399	0.00399	0.00199	0.00199
41	0.01084	0.01238	0.02709	0.01935	0.02399	0.01161	0.79334	0.01471	0.01084	0.01471	0.00929	0.01238	0.00697	0.00387	0.00542	0.00155	0.00774	0.00542	0.00232	0.00619
42	0.10694	0.01022	0.01054	0.00916	0.01198	0.01169	0.00725	0.14916	0.57575	0.03221	0.01607	0.01505	0.01197	0.00589	0.00446	0.00151	0.00386	0.00471	0.00447	0.00711
43	0.18014	0.01210	0.01244	0.00970	0.01322	0.01349	0.00801	0.64582	0.01896	0.02734	0.01014	0.01034	0.00727	0.00527	0.00426	0.00139	0.00477	0.00382	0.00426	0.00727
44	0.00559	0.00400	0.00533	0.00639	0.00666	0.00373	0.00426	0.00639	0.00879	0.01172	0.02530	0.83566	0.03036	0.01438	0.00586	0.00186	0.00266	0.01305	0.00426	0.00373
45	0.00909	0.00747	0.01382	0.02465	0.01289	0.00770	0.26063	0.00950	0.00775	0.01060	0.00844	0.01362	0.00774	0.04347	0.01355	0.44114	0.09747	0.00456	0.00213	0.00378
46	0.01718	0.02106	0.01308	0.01171	0.01420	0.74723	0.00886	0.08864	0.01379	0.01284	0.00745	0.00853	0.00609	0.00480	0.00418	0.00120	0.00799	0.00306	0.00257	0.00555
47	0.01718	0.02099	0.01309	0.01170	0.01420	0.74060	0.00886	0.09503	0.01386	0.01298	0.00748	0.00855	0.00610	0.00481	0.00418	0.00120	0.00796	0.00307	0.00259	0.00557
48	0.01004	0.01004	0.01406	0.01205	0.01205	0.01406	0.01004	0.01105	0.00703	0.01105	0.00603	0.01004	0.00603	0.00804	0.01507	0.00201	0.83025	0.00402	0.00201	0.00502
49	0.00543	0.00464	0.00466	0.00468	0.00621	0.00387	0.00350	0.00658	0.01043	0.01239	0.04609	0.05970	0.79291	0.01168	0.00543	0.00156	0.00233	0.00976	0.00426	0.00387
50	0.00912	0.00979	0.01816	0.01358	0.01698	0.02958	0.46286	0.01233	0.04094	0.01410	0.03867	0.02354	0.27576	0.00669	0.00536	0.00154	0.00567	0.00683	0.00312	0.00540
51	0.01875	0.00762	0.01018	0.00803	0.01131	0.00675	0.00660	0.02107	0.05103	0.69630	0.04329	0.01844	0.04326	0.00626	0.00473	0.00145	0.00379	0.02821	0.00552	0.00742
52	0.00921	0.02375	0.81487	0.01309	0.01987	0.01066	0.01696	0.01454	0.00969	0.01454	0.00824	0.00969	0.00582	0.00436	0.00436	0.00145	0.00678	0.00339	0.00194	0.00678
53	0.00867	0.00816	0.01377	0.82762	0.03162	0.01020	0.01275	0.01173	0.00918	0.01173	0.00816	0.01224	0.00612	0.00459	0.00459	0.00153	0.00612	0.00408	0.00204	0.00510
54	0.00656	0.00492	0.00738	0.00738	0.00820	0.00574	0.00574	0.00820	0.00738	0.01066	0.01230	0.01804	0.01148	0.03443	0.82046	0.00738	0.01230	0.00492	0.00246	0.00410
55	0.00773	0.00611	0.00754	0.00695	0.00903	0.00521	0.00545	0.02243	0.00993	0.01398	0.04588	0.24955	0.07004	0.00927	0.00496	0.00142	0.00330	0.18083	0.00369	0.33669
56	0.00591	0.00477	0.00527	0.00512	0.00654	0.00418	0.00385	0.00765	0.02755	0.01455	0.30066	0.04032	0.53588	0.01077	0.00541	0.00151	0.00230	0.00913	0.00454	0.00410
57	0.03620	0.57699	0.22622	0.00916	0.01378	0.01559	0.01007	0.01426	0.00952	0.04161	0.00729	0.00827	0.00605	0.00411	0.00337	0.00113	0.00532	0.00278	0.00212	0.00617
58	0.01195	0.51222	0.03360	0.00931	0.02707	0.06977	0.06040	0.03420	0.05259	0.01274	0.02466	0.03251	0.00802	0.00451	0.00356	0.00109	0.00504	0.00337	0.00244	0.09096
59	0.01362	0.19777	0.01738	0.05894	0.27510	0.28908	0.01057	0.04613	0.01139	0.01309	0.00763	0.00944	0.00644	0.00443	0.00425	0.00124	0.02168	0.00334	0.00231	0.00617
60	0.00867	0.00816	0.01377	0.82762	0.03162	0.01020	0.01275	0.01173	0.00918	0.01173	0.00816	0.01224	0.00612	0.00459	0.00459	0.00153	0.00612	0.00408	0.00204	0.00510
61	0.01807	0.00868	0.01088	0.00850	0.01174	0.00836	0.00695	0.21247	0.01482	0.51889	0.06046	0.01606	0.01244	0.03196	0.03629	0.00173	0.00443	0.00478	0.00517	0.00732
62	0.00561	0.00465	0.00492	0.00487	0.00632	0.00395	0.00365	0.00694	0.01087	0.01342	0.17685	0.05543	0.66411	0.01129	0.00543	0.00154	0.00230	0.00951	0.00440	0.00395
63	0.00664	0.00447	0.00515	0.00518	0.00523	0.00451	0.00299	0.00676	0.00677	0.00907	0.01458	0.04760	0.01670	0.77301	0.06951	0.00456	0.00487	0.00672	0.00280	0.00288
64	0.00657	0.00468	0.00641	0.00746	0.00813	0.00456	0.00589	0.00804	0.00969	0.01273	0.02458	0.40730	0.02804	0.02839	0.00643	0.00204	0.00352	0.41733	0.00422	0.00397
65	0.00667	0.00447	0.00509	0.00509	0.00511	0.00449	0.00288	0.00673	0.00670	0.00896	0.01439	0.02964	0.01652	0.81162	0.05017	0.00455	0.00471	0.00662	0.00277	0.00283
66	0.01056	0.01004	0.01636	0.21599	0.46677	0.01100	0.01274	0.02644	0.00984	0.01393	0.00819	0.01131	0.00682	0.00473	0.00591	0.00146	0.11555	0.00402	0.00224	0.04612
67	0.01141	0.61110	0.24681	0.00933	0.01406	0.01605	0.01042	0.01397	0.00943	0.01185	0.00691	0.00802	0.00587	0.00405	0.00334	0.00111	0.00544	0.00272	0.00196	0.00614
68	0.87108	0.00888	0.00675	0.00604	0.00888	0.01030	0.00497	0.01350	0.00781	0.02060	0.00639	0.00746	0.00497	0.00426	0.00284	0.00142	0.00355	0.00249	0.00284	0.00497
69	0.01793	0.01183	0.03750	0.01000	0.01372	0.01213	0.00844	0.55814	0.03037	0.23288	0.01290	0.01227	0.00876	0.00553	0.00459	0.00139	0.00479	0.00425	0.00480	0.00777
70	0.01069	0.01213	0.02623	0.01885	0.02326	0.01150	0.75320	0.01441	0.01068	0.01453	0.00956	0.03098	0.00747	0.00423	0.00570	0.00157	0.03100	0.00555	0.00236	0.00610
71	0.01999	0.00778	0.01053	0.00812	0.01157	0.00678	0.00669	0.03513	0.01328	0.76866	0.04883	0.01628	0.01255	0.00582	0.00465	0.00142	0.00386	0.00475	0.00564	0.00768
72	0.00723	0.00425	0.00589	0.00582	0.00628	0.00407	0.00406	0.00684	0.00854	0.01158	0.24820	0.05384	0.08745	0.01358	0.01271	0.50420	0.00326	0.00609	0.00318	0.00291
73	0.01171	0.48641	0.16771	0.00927	0.01346	0.01493	0.02102	0.03943	0.12873	0.02726	0.00930	0.02317	0.00768	0.00459	0.00364	0.00119	0.00504	0.00335	0.00256	0.01956
74	0.10713	0.00792	0.01026	0.00795	0.01143	0.00711	0.00657	0.02147	0.01260	0.73255	0.01692	0.01480	0.01071	0.00554	0.00444	0.00142	0.00387	0.00440	0.00539	0.00752
75	0.01136	0.01091	0.01863	0.02818	0.81002	0.01091	0.01409	0.01409	0.01045	0.01500	0.00864	0.01136	0.00727	0.00409	0.00455	0.00136	0.00545	0.00409	0.00227	0.00727
76	0.04696	0.30420	0.20468	0.01053	0.01449	0.32231	0.01027	0.01567	0.01076	0.01223	0.00709	0.00826	0.00585	0.00435	0.00373	0.00119	0.00658	0.00287	0.00215	0.00585
77	0.00662	0.00467	0.00612	0.00612	0.00650	0.00506	0.00417	0.00739	0.00701	0.00973	0.01345	0.02441	0.01424	0.46121	0.39746	0.00582	0.00813	0.00585	0.00263	0.00340
78	0.00568	0.00404	0.00535	0.00636	0.00663	0.00379	0.00425	0.00646	0.00872	0.01162	0.02476	0.78189	0.02963	0.05443	0.00672	0.00199	0.00278	0.02701	0.00419	0.00369
79	0.00574	0.00437	0.00528	0.00567	0.00655	0.00392	0.00402	0.00697	0.01031	0.01347	0.21032	0.38732	0.29483	0.01232	0.00561	0.00166	0.00244	0.01084	0.00444	0.00392
80	0.01000	0.12559	0.44941	0.01445	0.05393	0.01166	0.21418	0.01419	0.00994	0.01403	0.00884	0.03706	0.00698	0.00449	0.00451	0.00143	0.00659	0.00414	0.00213	0.00644
81	0.01078	0.01222	0.02620	0.01885	0.02318	0.01178	0.73998	0.01446	0.01058	0.01446	0.00907	0.01222	0.00690	0.00415	0.00608	0.00158	0.06377	0.00532	0.00230	0.00611
82	0.00973	0.06756	0.36714	0.01002	0.01525	0.02218	0.02719	0.01336	0.02041	0.01451	0.00823	0.00960	0.00639	0.00393	0.00387	0.00108	0.00516	0.00309	0.00234	0.38893
83	0.00920	0.01706	0.45854	0.26560	0.08734	0.01049	0.02985	0.01342	0.00955	0.01360	0.00854	0.02606	0.00651	0.00465	0.00469	0.00149	0.02126	0.00389	0.00205	0.00620
84	0.00712	0.00420	0.00484	0.00525	0.00601	0.00405	0.00372	0.00869	0.00954	0.01488	0.07406	0.35169	0.04383	0.00947	0.00450	0.00143	0.00236	0.00827	0.43203	0.00405
85	0.01298	0.01252	0.13039	0.01679	0.30059	0.01099	0.02045	0.24237	0.04462	0.07338	0.02584	0.06711	0.00995	0.00552	0.00466	0.00143	0.00513	0.00477	0.00341	0.00709
86	0.09994	0.04243	0.18996	0.01136	0.01423	0.02539	0.05727	0.12960	0.01041	0.03536	0.00814	0.01076	0.00672	0.03760	0.00877	0.00173	0.29792	0.00387	0.00261	0.00591
87	0.00645	0.03190	0.00641	0.00568	0.00689	0.00467	0.00429	0.00833	0.01219	0.01672	0.60261	0.08082	0.17634	0.00989	0.00536	0.00147	0.00231	0.00863	0.00477	0.00427
88	0.01048	0.00961	0.03116	0.00993	0.01258	0.01023	0.08740	0.03018	0.55704	0.01787	0.05272	0.05631	0.05427	0.00691	0.00492	0.00158	0.00400	0.03188	0.00433	0.00660
89	0.00621	0.00536	0.00542	0.00580	0.00680	0.05054	0.00409	0.00718	0.00977	0.01192	0.03424	0.36865	0.40993	0.04468	0.00623	0.00177	0.00289	0.01058	0.00410	0.00386
90	0.00958	0.04757	0.74518	0.01269	0.01922	0.01089	0.01614	0.03985	0.01006	0.01491	0.00827	0.00966	0.00591	0.00436	0.00430	0.00142	0.00659	0.00337	0.00205	0.02798
91	0.38834	0.01337	0.01030	0.00884	0.01170	0.23561	0.00704	0.21412	0.01276	0.01981	0.00796	0.00894	0.00617	0.00569	0.03028	0.00154	0.00553	0.00312	0.00314	0.00576
92	0.01093	0.03177	0.02102	0.08807	0.38067	0.03180	0.31074	0.01398	0.01048	0.01432	0.00929	0.03849	0.00775	0.00439	0.00487	0.00145	0.00635	0.00482	0.00233	0.00648
93	0.01085	0.03705	0.10353	0.00969	0.04225	0.04535	0.00812	0.08459	0.29556	0.04026	0.13684	0.01981	0.07919	0.00670	0.00493	0.00146	0.02135	0.01938	0.00401	0.02908
94	0.00717	0.00553	0.02727	0.00739	0.00834	0.00593	0.00582	0.00871	0.00754	0.03671	0.01249	0.01887	0.01178	0.11821	0.67176	0.00661	0.02810	0.00504	0.00258	0.00416
95	0.00926	0.03735	0.03254	0.00902	0.04582	0.05740	0.02682	0.02215	0.04886	0.02510	0.02603	0.06785	0.01111	0.04200	0.25687	0.00318	0.03143	0.00467	0.00283	0.23971
96	0.65896	0.00880	0.00819	0.13562	0.01271	0.01008	0.00631	0.02915	0.00843	0.01899	0.00689	0.00843	0.00534	0.00428	0.00319	0.00139	0.00398	0.00279	0.00274	0.06376
97	0.01163	0.11509	0.04847	0.03704	0.46390	0.03743	0.03088	0.06705	0.02287	0.02405	0.03027	0.01239	0.01776	0.03164	0.00497	0.00141	0.00531	0.00410	0.00258	0.03115
98	0.03794	0.00854	0.01075	0.01083	0.09634	0.05761	0.00758	0.02650	0.00868	0.05138	0.01082	0.08249	0.01064	0.11311	0.12883	0.02419	0.23929	0.00506	0.00271	0.06671
99	0.02635	0.01111	0.02954	0.02918	0.13014	0.06209	0.03724	0.24938	0.07145	0.08898	0.07489	0.01397	0.01116	0.02909	0.00544	0.00144	0.03547	0.00445	0.00371	0.08490
100	0.07187	0.12741	0.05233	0.04578	0.30019	0.03660	0.06692	0.09454	0.06114	0.06981	0.00963	0.01105	0.00750	0.00449	0.00424	0.00134	0.00528	0.00386	0.00288	0.02314
101	0.05479	0.05840	0.10852	0.03075	0.18044	0.05567	0.18857	0.03335	0.03047	0.05188	0.11242	0.01509	0.02126	0.03223	0.00527	0.00151	0.00556	0.00482	0.00293	0.00610

[dist]
# distance from previous block
# <min> <max>
0	36

# created by:
# /st0/software/busco_prod/Augustus/scripts/msa2prfl.pl ./align_prep/140285.fa
