[name]
unknown

[dist]
# distance from previous block
# <min> <max>
0	78

[block]
# block no. 0 follows, 55 sequences, length 7
# corresponding to MSA columns:
# 95-101
name=unknown_A
#
# <colnr> <probs for GDERKNQSTAVLIFYWHMCP>
#	G	D	E	R	K	N	Q	S	T	A	V	L	I	F	Y	W	H	M	C	P
0	0.04395	0.18083	0.04299	0.00878	0.01173	0.03286	0.04240	0.04225	0.05373	0.16486	0.03447	0.09714	0.03840	0.00701	0.00485	0.00144	0.02802	0.09002	0.00369	0.07060
1	0.00744	0.03144	0.01082	0.00902	0.01053	0.00635	0.16821	0.00909	0.00934	0.01265	0.07808	0.27125	0.06672	0.13935	0.10523	0.00280	0.00525	0.02844	0.02366	0.00434
2	0.00872	0.00624	0.00790	0.00758	0.00870	0.05358	0.00580	0.01020	0.00833	0.09106	0.01297	0.01868	0.01182	0.11153	0.60780	0.00620	0.01056	0.00502	0.00285	0.00447
3	0.01173	0.00998	0.01650	0.10557	0.58853	0.01002	0.01258	0.01431	0.01074	0.09462	0.01256	0.01454	0.06774	0.00493	0.00468	0.00142	0.00520	0.00462	0.00278	0.00694
4	0.01380	0.01359	0.09500	0.04617	0.18803	0.19259	0.04656	0.04675	0.03283	0.15669	0.03631	0.01300	0.00935	0.00772	0.07918	0.00194	0.00663	0.00422	0.00317	0.00646
5	0.02995	0.00936	0.01219	0.14576	0.12534	0.04046	0.03077	0.10025	0.09037	0.03866	0.01155	0.08731	0.01002	0.00628	0.00539	0.05870	0.00470	0.00477	0.00315	0.18501
6	0.25198	0.00855	0.02176	0.00912	0.08192	0.03408	0.00656	0.05467	0.03396	0.10997	0.04564	0.11767	0.11702	0.00728	0.00464	0.00150	0.02106	0.02345	0.00374	0.04544

[dist]
# distance from previous block
# <min> <max>
0	13

[block]
# block no. 1 follows, 55 sequences, length 19
# corresponding to MSA columns:
# 115-133
name=unknown_B
#
# <colnr> <probs for GDERKNQSTAVLIFYWHMCP>
#	G	D	E	R	K	N	Q	S	T	A	V	L	I	F	Y	W	H	M	C	P
0	0.10772	0.02856	0.13053	0.02332	0.04395	0.06828	0.04837	0.08272	0.15542	0.08471	0.02844	0.06993	0.02537	0.05758	0.00569	0.00165	0.00491	0.00499	0.00353	0.02433
1	0.01253	0.06899	0.01433	0.03476	0.01433	0.17078	0.11134	0.11655	0.08999	0.01584	0.01044	0.04748	0.00883	0.02321	0.00525	0.00134	0.04369	0.00426	0.01823	0.18782
2	0.01098	0.01255	0.02745	0.01961	0.02431	0.01176	0.79059	0.01490	0.01098	0.01490	0.00941	0.01255	0.00706	0.00392	0.00549	0.00157	0.00784	0.00549	0.00235	0.00627
3	0.01012	0.03381	0.53957	0.05934	0.05369	0.01088	0.02966	0.05442	0.05467	0.02952	0.02484	0.01191	0.00781	0.00554	0.02197	0.00162	0.02689	0.01458	0.00246	0.00669
4	0.00946	0.08163	0.31366	0.01415	0.14754	0.01014	0.09605	0.01348	0.05518	0.01439	0.02830	0.06679	0.11715	0.00610	0.00473	0.00147	0.00547	0.00536	0.00274	0.00622
5	0.00890	0.00839	0.01417	0.79111	0.06534	0.01037	0.01298	0.01199	0.00936	0.01203	0.00829	0.01236	0.00625	0.00463	0.00465	0.00154	0.00617	0.00413	0.00208	0.00526
6	0.00893	0.00856	0.01486	0.77119	0.03152	0.01043	0.06517	0.01209	0.00942	0.01209	0.00835	0.01241	0.00626	0.00460	0.00471	0.00155	0.00631	0.00423	0.00209	0.00524
7	0.01092	0.01171	0.07411	0.18317	0.25627	0.03203	0.25364	0.01429	0.02436	0.03990	0.00964	0.02514	0.00761	0.00466	0.00506	0.01390	0.00635	0.00466	0.01627	0.00633
8	0.01060	0.03980	0.20323	0.19227	0.14022	0.01004	0.09185	0.02800	0.02518	0.08254	0.02167	0.07663	0.02388	0.00569	0.00491	0.00152	0.01605	0.01691	0.00280	0.00622
9	0.00622	0.00458	0.00589	0.00688	0.02796	0.00437	0.00451	0.00742	0.03599	0.01194	0.02529	0.58985	0.09657	0.10817	0.00809	0.01731	0.00304	0.02798	0.00407	0.00388
10	0.00567	0.00405	0.00540	0.00648	0.00675	0.00378	0.00432	0.00648	0.00891	0.01188	0.02564	0.83347	0.03077	0.01457	0.00594	0.00189	0.00270	0.01323	0.00432	0.00378
11	0.00986	0.04536	0.35927	0.01535	0.13586	0.02729	0.14307	0.01369	0.02414	0.01405	0.01023	0.08007	0.00888	0.01710	0.02714	0.01434	0.04087	0.00482	0.00237	0.00627
12	0.01020	0.07640	0.19351	0.03611	0.07414	0.06187	0.04231	0.01270	0.00996	0.07352	0.04243	0.08434	0.06587	0.05181	0.07481	0.00214	0.05271	0.00538	0.02418	0.00559
13	0.01030	0.01137	0.02407	0.01755	0.02153	0.01084	0.65614	0.01377	0.01079	0.01474	0.05506	0.07621	0.01089	0.00521	0.00591	0.00161	0.03926	0.00619	0.00265	0.00593
14	0.01135	0.01089	0.01859	0.07533	0.76196	0.01101	0.01420	0.01414	0.01052	0.01500	0.00872	0.01157	0.00730	0.00417	0.00461	0.00139	0.00557	0.00414	0.00229	0.00724
15	0.04233	0.05831	0.12512	0.12232	0.24464	0.02607	0.06707	0.08725	0.01102	0.01548	0.01098	0.09331	0.02116	0.00568	0.00493	0.00147	0.03038	0.00496	0.02126	0.00624
16	0.02923	0.03468	0.01459	0.24057	0.19291	0.13219	0.05686	0.06865	0.01104	0.01446	0.00969	0.04347	0.00815	0.00627	0.03712	0.00166	0.02324	0.00437	0.06504	0.00581
17	0.00877	0.00825	0.01372	0.75568	0.03019	0.01036	0.01251	0.01169	0.00917	0.01185	0.00866	0.03647	0.00692	0.00514	0.00528	0.00159	0.05211	0.00440	0.00213	0.00512
18	0.01222	0.19326	0.12713	0.01168	0.02748	0.18289	0.11435	0.06722	0.03078	0.01394	0.01041	0.08613	0.00949	0.00584	0.00494	0.00140	0.04614	0.02800	0.02082	0.00587

[dist]
# distance from previous block
# <min> <max>
0	2

[block]
# block no. 2 follows, 55 sequences, length 14
# corresponding to MSA columns:
# 136-149
name=unknown_C
#
# <colnr> <probs for GDERKNQSTAVLIFYWHMCP>
#	G	D	E	R	K	N	Q	S	T	A	V	L	I	F	Y	W	H	M	C	P
0	0.00739	0.00596	0.00831	0.04161	0.00922	0.00608	0.07543	0.00924	0.05891	0.01226	0.11213	0.10765	0.10529	0.35976	0.02972	0.00297	0.03317	0.00748	0.00342	0.00403
1	0.01446	0.39564	0.01795	0.00967	0.01286	0.33091	0.00823	0.07310	0.03984	0.01284	0.00914	0.00992	0.03797	0.00481	0.00374	0.00115	0.00618	0.00320	0.00253	0.00586
2	0.01290	0.01296	0.20573	0.02449	0.06886	0.03423	0.02662	0.12544	0.05644	0.18175	0.03891	0.06247	0.07529	0.00646	0.00529	0.00151	0.04500	0.00525	0.00375	0.00664
3	0.15693	0.01010	0.01141	0.03523	0.08377	0.11479	0.07593	0.05870	0.02389	0.09962	0.01320	0.05714	0.04295	0.13491	0.00771	0.00194	0.02740	0.01901	0.01991	0.00544
4	0.00856	0.00796	0.01332	0.76507	0.03018	0.00985	0.01229	0.01149	0.00927	0.01189	0.00955	0.07282	0.00801	0.00538	0.00475	0.00158	0.00594	0.00480	0.00223	0.00507
5	0.38099	0.10079	0.10463	0.02660	0.03924	0.05572	0.00766	0.01389	0.03172	0.03852	0.05257	0.01101	0.00857	0.00692	0.06350	0.00180	0.00510	0.00340	0.00283	0.04455
6	0.03982	0.00525	0.00604	0.00603	0.00741	0.00482	0.02400	0.03822	0.01041	0.01340	0.03567	0.25593	0.46190	0.02997	0.00592	0.00173	0.00287	0.04226	0.00419	0.00414
7	0.03160	0.03588	0.02501	0.03614	0.06948	0.00675	0.03712	0.03501	0.05614	0.02879	0.06708	0.39726	0.04070	0.02175	0.00540	0.00164	0.00358	0.00875	0.03711	0.05482
8	0.01048	0.14465	0.27981	0.01245	0.09158	0.06106	0.04443	0.01376	0.03408	0.02907	0.04379	0.05827	0.02476	0.03474	0.00585	0.00152	0.06613	0.00451	0.00257	0.03648
9	0.01998	0.07570	0.16776	0.00951	0.02131	0.03480	0.05192	0.11241	0.05308	0.03699	0.05796	0.14192	0.10805	0.03819	0.03035	0.00178	0.00488	0.00637	0.02139	0.00567
10	0.03388	0.03786	0.05960	0.00901	0.06245	0.03023	0.00680	0.09265	0.03113	0.08644	0.14459	0.06794	0.03818	0.17534	0.00888	0.00203	0.03148	0.00586	0.00367	0.07201
11	0.04313	0.06734	0.08743	0.02782	0.08117	0.06709	0.06279	0.02328	0.02642	0.02862	0.03783	0.10024	0.05626	0.08115	0.03116	0.00182	0.02116	0.00543	0.03906	0.11081
12	0.02839	0.07121	0.10255	0.07173	0.09276	0.12825	0.02223	0.11410	0.03298	0.07739	0.03342	0.06286	0.03435	0.03065	0.00562	0.00151	0.04754	0.00472	0.00316	0.03458
13	0.04056	0.11775	0.09365	0.01210	0.10678	0.02394	0.07896	0.15952	0.04069	0.07453	0.08366	0.05926	0.01232	0.00569	0.00447	0.00137	0.00486	0.00484	0.03192	0.04311

[dist]
# distance from previous block
# <min> <max>
8	55

[block]
# block no. 3 follows, 55 sequences, length 21
# corresponding to MSA columns:
# 215-235
name=unknown_D
#
# <colnr> <probs for GDERKNQSTAVLIFYWHMCP>
#	G	D	E	R	K	N	Q	S	T	A	V	L	I	F	Y	W	H	M	C	P
0	0.01071	0.05976	0.04980	0.12744	0.20228	0.07093	0.03408	0.07105	0.01055	0.01427	0.01001	0.04312	0.00875	0.02547	0.10874	0.01543	0.03607	0.00440	0.04440	0.05274
1	0.10573	0.03694	0.08289	0.08829	0.14327	0.03420	0.00900	0.06052	0.07688	0.03211	0.06051	0.05228	0.03167	0.03243	0.02979	0.00170	0.01945	0.01575	0.02455	0.06204
2	0.00797	0.00622	0.00855	0.04111	0.04498	0.00700	0.00640	0.06134	0.05579	0.01292	0.03335	0.07076	0.03160	0.10229	0.46384	0.00518	0.02735	0.00574	0.00298	0.00465
3	0.05836	0.04184	0.03078	0.04974	0.14498	0.02670	0.03771	0.06387	0.07969	0.26132	0.03265	0.01494	0.03081	0.01967	0.04878	0.00180	0.02184	0.00457	0.00387	0.02607
4	0.04601	0.10100	0.01284	0.05453	0.05155	0.35661	0.00822	0.03774	0.04564	0.01278	0.02396	0.04387	0.00928	0.04001	0.11753	0.00227	0.02406	0.00411	0.00266	0.00533
5	0.01167	0.00975	0.01439	0.14071	0.15247	0.02552	0.11178	0.07096	0.05112	0.04757	0.10812	0.07017	0.07982	0.00825	0.00653	0.05907	0.00534	0.01655	0.00383	0.00637
6	0.00626	0.00462	0.00590	0.00643	0.00722	0.00421	0.00455	0.00738	0.00948	0.01275	0.08870	0.52971	0.08908	0.05903	0.00672	0.00191	0.00293	0.07955	0.00418	0.06938
7	0.00819	0.00678	0.01145	0.01076	0.01255	0.00663	0.16272	0.01068	0.01076	0.01412	0.02161	0.04456	0.02287	0.01108	0.00624	0.00203	0.00499	0.62341	0.00390	0.00468
8	0.03087	0.00477	0.00645	0.00708	0.00764	0.00471	0.02275	0.00749	0.00898	0.01225	0.02341	0.57217	0.04063	0.07372	0.02710	0.00223	0.02195	0.11787	0.00402	0.00391
9	0.01768	0.01303	0.01396	0.01070	0.01443	0.01443	0.00884	0.79197	0.02187	0.02932	0.01117	0.01117	0.00791	0.00558	0.00465	0.00140	0.00512	0.00419	0.00465	0.00791
10	0.00920	0.02314	0.77382	0.01291	0.01950	0.01050	0.01658	0.01445	0.00998	0.01492	0.04647	0.01101	0.00771	0.00466	0.00447	0.00147	0.00665	0.00368	0.00212	0.00676
11	0.00798	0.00409	0.00606	0.00606	0.00608	0.00411	0.00404	0.00615	0.00613	0.00820	0.00849	0.01497	0.00857	0.05247	0.04080	0.80314	0.00430	0.00419	0.00207	0.00211
12	0.00691	0.00488	0.00657	0.00752	0.00830	0.00478	0.00605	0.00850	0.00989	0.01307	0.02447	0.27729	0.04348	0.06807	0.00732	0.00218	0.00374	0.46427	0.02866	0.00403
13	0.00760	0.00652	0.02054	0.12879	0.03715	0.01763	0.00657	0.02143	0.07818	0.01436	0.19256	0.21659	0.11795	0.05404	0.02053	0.00189	0.01793	0.03115	0.00392	0.00468
14	0.01068	0.23431	0.46103	0.01223	0.03763	0.01328	0.03324	0.04811	0.01006	0.01409	0.00782	0.00941	0.00609	0.00467	0.00505	0.00139	0.07893	0.00335	0.00211	0.00652
15	0.00847	0.00676	0.00996	0.10438	0.15472	0.00670	0.02310	0.03179	0.01193	0.04606	0.36823	0.06237	0.13062	0.00815	0.00520	0.00149	0.00356	0.00724	0.00408	0.00519
16	0.00965	0.00827	0.00965	0.00689	0.01102	0.00620	0.00551	0.01171	0.00965	0.01516	0.00827	0.00965	0.00689	0.00345	0.00345	0.00069	0.00345	0.00276	0.00276	0.86494
17	0.02988	0.17605	0.37364	0.01267	0.01790	0.02358	0.16773	0.03715	0.03022	0.01459	0.00926	0.01083	0.02096	0.00492	0.01775	0.00147	0.00640	0.00382	0.00230	0.03887
18	0.01316	0.61308	0.05071	0.00882	0.01248	0.17744	0.00833	0.01477	0.01022	0.01142	0.00702	0.00812	0.00620	0.00422	0.00329	0.00106	0.00562	0.00270	0.03552	0.00582
19	0.00605	0.00433	0.00538	0.00603	0.00641	0.00411	0.00401	0.00677	0.00857	0.01125	0.02467	0.47698	0.10998	0.23735	0.02710	0.00269	0.00343	0.04745	0.00387	0.00357
20	0.06282	0.17235	0.18001	0.01009	0.05088	0.05251	0.02362	0.04665	0.02623	0.09238	0.04709	0.06782	0.05882	0.00594	0.00446	0.00136	0.02145	0.00469	0.02659	0.04423

[dist]
# distance from previous block
# <min> <max>
0	1

[block]
# block no. 4 follows, 55 sequences, length 20
# corresponding to MSA columns:
# 237-256
name=unknown_E
#
# <colnr> <probs for GDERKNQSTAVLIFYWHMCP>
#	G	D	E	R	K	N	Q	S	T	A	V	L	I	F	Y	W	H	M	C	P
0	0.01463	0.13039	0.07239	0.03309	0.16096	0.40078	0.01038	0.07977	0.01249	0.01376	0.00821	0.02697	0.00693	0.00481	0.00421	0.00126	0.00685	0.00351	0.00251	0.00611
1	0.00794	0.00409	0.00595	0.00595	0.00595	0.00409	0.00391	0.00614	0.00614	0.00818	0.00880	0.01593	0.00905	0.10600	0.01878	0.77045	0.00409	0.00434	0.00211	0.00211
2	0.00679	0.00524	0.00634	0.00645	0.00749	0.00528	0.00469	0.02684	0.08121	0.01319	0.08447	0.25778	0.21569	0.08346	0.17004	0.00307	0.00483	0.00892	0.00394	0.00428
3	0.00726	0.00488	0.00631	0.00657	0.00756	0.00464	0.00502	0.00879	0.01047	0.05369	0.20532	0.20353	0.11815	0.08919	0.04780	0.00229	0.00361	0.18637	0.02435	0.00420
4	0.00792	0.00646	0.00932	0.03482	0.17588	0.00635	0.00709	0.01069	0.05045	0.01682	0.44236	0.05798	0.06950	0.00867	0.00534	0.00153	0.00329	0.07611	0.00428	0.00513
5	0.00858	0.00714	0.00839	0.00657	0.00969	0.00557	0.00505	0.01031	0.00957	0.01434	0.03937	0.13126	0.06185	0.04744	0.00501	0.00113	0.00328	0.00508	0.00316	0.61721
6	0.00928	0.00452	0.00466	0.00453	0.00574	0.00446	0.00343	0.01143	0.00993	0.05705	0.01534	0.01727	0.01190	0.00544	0.00332	0.00110	0.00226	0.00435	0.81946	0.00452
7	0.00965	0.00827	0.00965	0.00689	0.01102	0.00620	0.00551	0.01171	0.00965	0.01516	0.00827	0.00965	0.00689	0.00345	0.00345	0.00069	0.00345	0.00276	0.00276	0.86494
8	0.00970	0.01162	0.15769	0.01795	0.34752	0.00901	0.08325	0.01274	0.01097	0.03013	0.15569	0.03640	0.08494	0.00607	0.00492	0.00146	0.00501	0.00562	0.00304	0.00627
9	0.86937	0.00900	0.00684	0.00612	0.00900	0.01044	0.00504	0.01368	0.00792	0.02087	0.00648	0.00756	0.00504	0.00432	0.00288	0.00144	0.00360	0.00252	0.00288	0.00504
10	0.00968	0.00894	0.01408	0.12381	0.25893	0.02403	0.10223	0.03679	0.05816	0.01513	0.13736	0.04075	0.07105	0.07117	0.00645	0.00172	0.00493	0.00586	0.00317	0.00577
11	0.00879	0.00827	0.01395	0.82532	0.03204	0.01034	0.01292	0.01189	0.00930	0.01189	0.00827	0.01240	0.00620	0.00465	0.00465	0.00155	0.00620	0.00413	0.00207	0.00517
12	0.01003	0.00810	0.00785	0.00730	0.00895	0.10242	0.00558	0.04663	0.16091	0.03249	0.23408	0.06382	0.02167	0.00834	0.03266	0.00160	0.00379	0.02578	0.21276	0.00523
13	0.00705	0.00533	0.00706	0.05444	0.00925	0.00539	0.01928	0.04727	0.05714	0.01360	0.04624	0.58720	0.04335	0.02616	0.00595	0.00183	0.00321	0.03307	0.02282	0.00436
14	0.00652	0.00457	0.00585	0.00600	0.00688	0.00419	0.00430	0.00803	0.01118	0.03578	0.40186	0.32565	0.11498	0.03483	0.00614	0.00171	0.00251	0.01016	0.00470	0.00417
15	0.00702	0.00535	0.00650	0.03083	0.00798	0.00504	0.00468	0.05521	0.01286	0.01740	0.52347	0.03543	0.25133	0.00976	0.00541	0.00149	0.00254	0.00842	0.00478	0.00450
16	0.01856	0.00924	0.01083	0.00862	0.01185	0.05645	0.00697	0.11380	0.06749	0.55133	0.01681	0.03201	0.01150	0.03003	0.00518	0.00152	0.00428	0.00478	0.03137	0.00739
17	0.06373	0.04261	0.14322	0.10262	0.04189	0.09800	0.07061	0.11668	0.02839	0.03145	0.00962	0.01157	0.00745	0.00569	0.02040	0.00155	0.08616	0.00392	0.10844	0.00598
18	0.04244	0.04463	0.05575	0.10246	0.33898	0.10203	0.04513	0.06755	0.01107	0.04070	0.00894	0.02443	0.00737	0.00522	0.00558	0.02929	0.05540	0.00408	0.00256	0.00640
19	0.56117	0.01046	0.00914	0.10205	0.02653	0.08859	0.00686	0.05342	0.05683	0.03605	0.00803	0.00921	0.00613	0.00461	0.00348	0.00143	0.00448	0.00307	0.00299	0.00547

[dist]
# distance from previous block
# <min> <max>
2	7

[block]
# block no. 5 follows, 55 sequences, length 18
# corresponding to MSA columns:
# 264-272,274-282
name=unknown_F
#
# <colnr> <probs for GDERKNQSTAVLIFYWHMCP>
#	G	D	E	R	K	N	Q	S	T	A	V	L	I	F	Y	W	H	M	C	P
0	0.01267	0.00676	0.00840	0.00737	0.00950	0.00648	0.00579	0.08018	0.06383	0.28352	0.14086	0.13336	0.06274	0.03984	0.00575	0.00165	0.00343	0.05689	0.06509	0.00589
1	0.00666	0.00488	0.00694	0.00690	0.00761	0.00544	0.00515	0.00809	0.00794	0.01131	0.09468	0.02206	0.01587	0.16957	0.59810	0.00635	0.01004	0.00564	0.00282	0.00395
2	0.07868	0.04091	0.01250	0.01035	0.01319	0.30312	0.00816	0.24349	0.17096	0.01886	0.01084	0.01133	0.00836	0.00662	0.04095	0.00163	0.00623	0.00383	0.00354	0.00645
3	0.01092	0.01011	0.01681	0.26112	0.51946	0.01078	0.01334	0.01432	0.05254	0.03207	0.00937	0.01218	0.00748	0.00445	0.00463	0.00144	0.00559	0.00421	0.00244	0.00673
4	0.04371	0.01033	0.05491	0.19917	0.10668	0.08605	0.02100	0.05170	0.04440	0.08720	0.01179	0.07856	0.01022	0.04962	0.07568	0.00217	0.03878	0.00498	0.01735	0.00569
5	0.83594	0.00951	0.00709	0.00635	0.00921	0.04211	0.00519	0.01387	0.00812	0.02050	0.00651	0.00759	0.00508	0.00434	0.00293	0.00143	0.00379	0.00254	0.00286	0.00505
6	0.01041	0.03009	0.05778	0.26683	0.09021	0.06315	0.11097	0.03062	0.04964	0.04222	0.05885	0.02652	0.04276	0.03211	0.01898	0.00171	0.04517	0.01349	0.00282	0.00568
7	0.00944	0.00869	0.05609	0.11305	0.05056	0.02362	0.04399	0.07734	0.07425	0.03370	0.03307	0.15993	0.05715	0.13776	0.01977	0.00210	0.03072	0.01641	0.00338	0.04896
8	0.00739	0.00622	0.00865	0.08724	0.10944	0.00625	0.01999	0.02534	0.03479	0.01350	0.06748	0.28934	0.23563	0.02805	0.00599	0.00171	0.02259	0.00899	0.01672	0.00469
9	0.13678	0.00822	0.00899	0.00851	0.03268	0.04805	0.00645	0.05636	0.10280	0.17671	0.01705	0.14088	0.02899	0.06836	0.00649	0.00182	0.03052	0.09268	0.02200	0.00566
10	0.01173	0.03217	0.15777	0.07471	0.12362	0.07561	0.02807	0.12664	0.19261	0.01734	0.05173	0.01384	0.01062	0.00713	0.05440	0.00182	0.00586	0.00445	0.00327	0.00663
11	0.00674	0.00465	0.00536	0.00540	0.00576	0.00463	0.00337	0.00748	0.02558	0.01061	0.05102	0.09043	0.08916	0.56632	0.06864	0.00391	0.00448	0.00735	0.03581	0.00330
12	0.01098	0.01026	0.02960	0.16162	0.17644	0.03919	0.14685	0.03163	0.01039	0.06034	0.02622	0.03009	0.00860	0.00613	0.03633	0.00165	0.07884	0.00449	0.01530	0.11504
13	0.01552	0.01195	0.01274	0.01027	0.01360	0.01341	0.00832	0.51995	0.29743	0.02582	0.01392	0.01336	0.01014	0.00584	0.00468	0.00146	0.00461	0.00457	0.00468	0.00772
14	0.05976	0.00938	0.01041	0.04495	0.06109	0.11958	0.02447	0.03999	0.05055	0.21163	0.06808	0.16866	0.02860	0.00894	0.04357	0.00181	0.01524	0.02343	0.00403	0.00583
15	0.00580	0.00414	0.00533	0.00622	0.00652	0.00388	0.00409	0.00652	0.00872	0.01155	0.02528	0.69633	0.06538	0.11696	0.00813	0.00220	0.00291	0.01226	0.00413	0.00367
16	0.04696	0.00938	0.03548	0.00727	0.01137	0.04006	0.00601	0.01218	0.00972	0.01524	0.00815	0.00951	0.00674	0.00357	0.00348	0.00077	0.00377	0.00278	0.00272	0.76484
17	0.64009	0.00909	0.00833	0.02578	0.04439	0.03290	0.02483	0.01316	0.00841	0.01881	0.00790	0.04275	0.00674	0.00621	0.04373	0.00171	0.00437	0.00329	0.00284	0.05467

[dist]
# distance from previous block
# <min> <max>
1	16

[block]
# block no. 6 follows, 55 sequences, length 9
# corresponding to MSA columns:
# 303-311
name=unknown_G
#
# <colnr> <probs for GDERKNQSTAVLIFYWHMCP>
#	G	D	E	R	K	N	Q	S	T	A	V	L	I	F	Y	W	H	M	C	P
0	0.01246	0.00899	0.00972	0.00852	0.01109	0.00992	0.00669	0.08351	0.50248	0.11122	0.01908	0.01798	0.05071	0.00633	0.00456	0.00148	0.00356	0.00520	0.11959	0.00690
1	0.00709	0.00493	0.00588	0.00567	0.00709	0.00435	0.00430	0.00873	0.01170	0.07133	0.34473	0.09702	0.36360	0.01069	0.00550	0.00156	0.00249	0.03420	0.00474	0.00439
2	0.00571	0.00420	0.00536	0.00617	0.00670	0.00385	0.00421	0.00668	0.00947	0.01249	0.08733	0.65912	0.14407	0.01379	0.00584	0.00181	0.00261	0.01237	0.00438	0.00385
3	0.01244	0.83930	0.02438	0.00796	0.01194	0.01841	0.00796	0.01393	0.00945	0.01095	0.00647	0.00746	0.00597	0.00398	0.00299	0.00100	0.00498	0.00249	0.00199	0.00597
4	0.11698	0.00492	0.00465	0.00456	0.00587	0.00510	0.00348	0.01120	0.00952	0.01779	0.01408	0.01611	0.01106	0.00528	0.00321	0.00113	0.00235	0.00411	0.75418	0.00442
5	0.00593	0.00461	0.00505	0.00511	0.00615	0.00410	0.00357	0.00695	0.00995	0.01253	0.13673	0.11642	0.46202	0.18924	0.00945	0.00222	0.00283	0.00931	0.00410	0.00373
6	0.00746	0.00474	0.00727	0.00702	0.00750	0.00495	0.03785	0.00723	0.00698	0.00958	0.01136	0.07560	0.01157	0.09544	0.26733	0.42055	0.00678	0.00530	0.00242	0.00307
7	0.01107	0.10684	0.01097	0.03995	0.01104	0.08773	0.00664	0.12920	0.04027	0.05378	0.10023	0.06530	0.14487	0.00876	0.04368	0.00169	0.02978	0.02098	0.04532	0.04189
8	0.01121	0.02918	0.19059	0.07817	0.28624	0.06335	0.01227	0.06691	0.02935	0.03062	0.02244	0.01321	0.00858	0.02280	0.04653	0.00178	0.01938	0.02466	0.00263	0.04011

[dist]
# distance from previous block
# <min> <max>
0	2

[block]
# block no. 7 follows, 55 sequences, length 12
# corresponding to MSA columns:
# 314-325
name=unknown_H
#
# <colnr> <probs for GDERKNQSTAVLIFYWHMCP>
#	G	D	E	R	K	N	Q	S	T	A	V	L	I	F	Y	W	H	M	C	P
0	0.01311	0.06536	0.05914	0.07858	0.28268	0.17862	0.05909	0.12025	0.01223	0.01548	0.00852	0.01066	0.00690	0.00526	0.01957	0.00149	0.05009	0.00387	0.00258	0.00651
1	0.01037	0.00913	0.04287	0.00962	0.05918	0.00931	0.00727	0.05366	0.42735	0.03750	0.11082	0.04466	0.11652	0.00742	0.00492	0.00155	0.00362	0.01872	0.01909	0.00641
2	0.00670	0.00473	0.00617	0.00630	0.00698	0.00494	0.00458	0.00793	0.00837	0.01173	0.06778	0.09431	0.07838	0.23017	0.32754	0.00464	0.00697	0.05228	0.06568	0.00380
3	0.00693	0.00515	0.00721	0.00710	0.00770	0.00594	0.00530	0.00819	0.00736	0.01060	0.01269	0.02059	0.01254	0.21680	0.56738	0.00631	0.05584	0.00532	0.02714	0.00390
4	0.00692	0.00496	0.00597	0.00571	0.00705	0.00447	0.00428	0.00891	0.02985	0.05220	0.44577	0.09104	0.29490	0.01037	0.00547	0.00153	0.00240	0.00897	0.00482	0.00442
5	0.00572	0.00414	0.00546	0.00640	0.00678	0.00387	0.00433	0.00662	0.00909	0.01210	0.05247	0.74059	0.07039	0.01490	0.03140	0.00203	0.00297	0.01263	0.00429	0.00382
6	0.01244	0.83930	0.02438	0.00796	0.01194	0.01841	0.00796	0.01393	0.00945	0.01095	0.00647	0.00746	0.00597	0.00398	0.00299	0.00100	0.00498	0.00249	0.00199	0.00597
7	0.00910	0.00559	0.00690	0.00638	0.00799	0.00519	0.00494	0.05273	0.01244	0.12987	0.34218	0.10661	0.17703	0.00963	0.00530	0.00154	0.00281	0.05530	0.05353	0.00493
8	0.00574	0.00421	0.00541	0.00634	0.00684	0.00389	0.00438	0.00668	0.00925	0.01209	0.02865	0.67883	0.14092	0.01408	0.00590	0.00186	0.00274	0.05405	0.00432	0.00383
9	0.01528	0.00800	0.03405	0.00816	0.01099	0.00715	0.01862	0.09512	0.02721	0.42361	0.16579	0.02060	0.03332	0.03627	0.04037	0.01882	0.00424	0.02083	0.00497	0.00658
10	0.00765	0.00425	0.00624	0.00628	0.00645	0.00439	0.00431	0.00654	0.00647	0.00878	0.00991	0.04410	0.01007	0.06938	0.16863	0.62148	0.00561	0.00470	0.00224	0.00253
11	0.15120	0.03592	0.01227	0.04079	0.04792	0.29452	0.00827	0.20669	0.01394	0.07581	0.00977	0.01139	0.00762	0.00519	0.00417	0.00134	0.00586	0.02677	0.03440	0.00616

[dist]
# distance from previous block
# <min> <max>
0	1

[block]
# block no. 8 follows, 55 sequences, length 7
# corresponding to MSA columns:
# 327-333
name=unknown_I
#
# <colnr> <probs for GDERKNQSTAVLIFYWHMCP>
#	G	D	E	R	K	N	Q	S	T	A	V	L	I	F	Y	W	H	M	C	P
0	0.00914	0.00903	0.01693	0.03433	0.03114	0.00913	0.35458	0.01174	0.01022	0.01408	0.07682	0.10623	0.04716	0.03125	0.00721	0.00178	0.10294	0.09094	0.03011	0.00524
1	0.01205	0.06468	0.07042	0.00893	0.01245	0.00971	0.04556	0.22728	0.03346	0.03965	0.02727	0.01440	0.00986	0.04663	0.00514	0.00135	0.00444	0.03513	0.07991	0.25169
2	0.00652	0.00477	0.00619	0.00677	0.00743	0.00475	0.00493	0.00823	0.04448	0.01266	0.08451	0.38975	0.06452	0.10693	0.10046	0.00279	0.00425	0.13202	0.00402	0.00401
3	0.00898	0.00779	0.00966	0.04013	0.07414	0.04687	0.03998	0.03536	0.17790	0.01542	0.10115	0.22732	0.08000	0.00934	0.00530	0.00165	0.00390	0.08784	0.02192	0.00532
4	0.01353	0.25813	0.07216	0.01123	0.04360	0.33323	0.03375	0.03400	0.01109	0.01212	0.00835	0.04622	0.00762	0.02529	0.02476	0.00149	0.05173	0.00368	0.00238	0.00565
5	0.07748	0.00542	0.00545	0.00513	0.00658	0.00561	0.00391	0.03681	0.04949	0.05140	0.01467	0.01682	0.01154	0.03736	0.00419	0.00129	0.00262	0.00434	0.65514	0.00475
6	0.01103	0.18384	0.51419	0.01234	0.01808	0.04630	0.06092	0.07473	0.01089	0.01498	0.00821	0.00956	0.00614	0.00441	0.00421	0.00137	0.00649	0.00341	0.00222	0.00668

[dist]
# distance from previous block
# <min> <max>
0	28

[block]
# block no. 9 follows, 55 sequences, length 16
# corresponding to MSA columns:
# 362-377
name=unknown_J
#
# <colnr> <probs for GDERKNQSTAVLIFYWHMCP>
#	G	D	E	R	K	N	Q	S	T	A	V	L	I	F	Y	W	H	M	C	P
0	0.01499	0.00847	0.00997	0.00842	0.01127	0.00874	0.00670	0.02212	0.37895	0.34678	0.05127	0.01745	0.01415	0.00615	0.00463	0.00148	0.00362	0.00508	0.07255	0.00723
1	0.01134	0.09505	0.48232	0.01300	0.01859	0.04550	0.12244	0.06988	0.01107	0.05767	0.00913	0.01074	0.00672	0.02072	0.00483	0.00148	0.00657	0.00380	0.00245	0.00670
2	0.00692	0.00455	0.00522	0.00533	0.00549	0.00454	0.00324	0.00725	0.00733	0.01003	0.01577	0.05505	0.01773	0.69420	0.02048	0.00402	0.00428	0.06467	0.06084	0.00306
3	0.00879	0.00827	0.01395	0.82532	0.03204	0.01034	0.01292	0.01189	0.00930	0.01189	0.00827	0.01240	0.00620	0.00465	0.00465	0.00155	0.00620	0.00413	0.00207	0.00517
4	0.00814	0.00666	0.00870	0.08425	0.01020	0.02601	0.04076	0.03942	0.00836	0.01121	0.03171	0.10761	0.01552	0.45762	0.01652	0.00324	0.11065	0.00663	0.00290	0.00388
5	0.00764	0.00527	0.00705	0.00659	0.00713	0.00556	0.03074	0.00831	0.00740	0.04557	0.01376	0.02531	0.01458	0.53502	0.22510	0.00494	0.03755	0.00607	0.00282	0.00359
6	0.00784	0.00407	0.00595	0.00603	0.00605	0.00405	0.00398	0.00613	0.00630	0.00839	0.00967	0.07031	0.01016	0.06689	0.01770	0.75326	0.00398	0.00483	0.00222	0.00219
7	0.00588	0.00441	0.00549	0.00619	0.00694	0.00402	0.00445	0.00701	0.00983	0.01273	0.08366	0.49082	0.23503	0.01332	0.00584	0.00180	0.00274	0.09155	0.00437	0.00391
8	0.01137	0.01333	0.10269	0.16763	0.31538	0.11506	0.11196	0.01475	0.03860	0.01415	0.00899	0.01156	0.00712	0.00450	0.00481	0.00143	0.02063	0.00413	0.02549	0.00640
9	0.01634	0.01308	0.01284	0.01041	0.01370	0.10889	0.00838	0.46716	0.21015	0.07088	0.01302	0.01262	0.00943	0.00568	0.00462	0.00142	0.00509	0.00434	0.00447	0.00748
10	0.01098	0.01096	0.01951	0.10353	0.48085	0.01151	0.16537	0.01379	0.01012	0.01433	0.00851	0.01164	0.00704	0.00464	0.00608	0.00151	0.10631	0.00440	0.00226	0.00666
11	0.00626	0.00446	0.00546	0.00582	0.00625	0.00432	0.00385	0.00699	0.00852	0.01130	0.07785	0.29420	0.11406	0.33335	0.07311	0.00326	0.00409	0.02968	0.00366	0.00351
12	0.01141	0.07343	0.19855	0.03205	0.08738	0.06374	0.13301	0.05948	0.01099	0.07191	0.03242	0.07969	0.01040	0.03613	0.00582	0.00157	0.04249	0.00497	0.02638	0.01816
13	0.00962	0.11970	0.65828	0.01257	0.01882	0.01149	0.04608	0.01435	0.00985	0.01421	0.00959	0.01093	0.03527	0.00462	0.00433	0.00142	0.00652	0.00364	0.00207	0.00664
14	0.00877	0.06858	0.07947	0.00764	0.00977	0.09660	0.00652	0.02272	0.08042	0.01341	0.05426	0.09686	0.26869	0.05283	0.04652	0.00197	0.01765	0.04082	0.02162	0.00486
15	0.04926	0.08250	0.17658	0.02810	0.05893	0.07990	0.06006	0.03397	0.02011	0.01497	0.02014	0.01017	0.00713	0.00420	0.00415	0.00113	0.01917	0.00334	0.00254	0.32367

[dist]
# distance from previous block
# <min> <max>
4	12

[block]
# block no. 10 follows, 55 sequences, length 15
# corresponding to MSA columns:
# 390-404
name=unknown_K
#
# <colnr> <probs for GDERKNQSTAVLIFYWHMCP>
#	G	D	E	R	K	N	Q	S	T	A	V	L	I	F	Y	W	H	M	C	P
0	0.07461	0.07095	0.05253	0.10397	0.10925	0.02013	0.02567	0.06082	0.10724	0.04306	0.10042	0.05059	0.03548	0.00735	0.03631	0.00170	0.03238	0.01318	0.04852	0.00585
1	0.01590	0.04780	0.04241	0.01353	0.09347	0.61486	0.00984	0.03406	0.01249	0.01224	0.00738	0.00889	0.00617	0.00491	0.00490	0.00128	0.05858	0.00320	0.00238	0.00570
2	0.06457	0.06266	0.09806	0.15299	0.20951	0.08620	0.04236	0.04420	0.05377	0.03550	0.01037	0.01281	0.02955	0.03917	0.00541	0.00154	0.02249	0.00413	0.00265	0.02206
3	0.00818	0.00629	0.00852	0.00967	0.11397	0.02407	0.00618	0.00947	0.00876	0.02965	0.07902	0.07561	0.02977	0.20666	0.21012	0.03124	0.05567	0.02655	0.05624	0.00438
4	0.01149	0.00997	0.01287	0.12899	0.15457	0.05512	0.03368	0.10001	0.01161	0.05332	0.01168	0.01316	0.05969	0.00473	0.00426	0.00116	0.00477	0.00401	0.00300	0.32191
5	0.00632	0.00455	0.00513	0.00527	0.00581	0.00430	0.00339	0.00688	0.00841	0.01081	0.05227	0.12114	0.23842	0.46304	0.01552	0.00323	0.00363	0.03501	0.00353	0.00333
6	0.03927	0.01001	0.13625	0.01152	0.12674	0.02016	0.03476	0.05991	0.02816	0.02595	0.11294	0.21255	0.08811	0.02904	0.00578	0.00166	0.02113	0.02703	0.00357	0.00544
7	0.00940	0.03741	0.00891	0.00768	0.00948	0.03292	0.03231	0.06960	0.03957	0.07989	0.02022	0.40733	0.06053	0.03482	0.01891	0.00174	0.00376	0.00874	0.00399	0.11280
8	0.00636	0.00436	0.00561	0.00627	0.00692	0.00398	0.00433	0.00739	0.00970	0.04559	0.10208	0.62579	0.12751	0.01338	0.00579	0.00179	0.00266	0.01199	0.00445	0.00403
9	0.01029	0.06772	0.11665	0.00893	0.03260	0.04173	0.01809	0.03076	0.03660	0.01495	0.00995	0.01115	0.03625	0.00424	0.00402	0.00097	0.02151	0.00331	0.00272	0.52756
10	0.04286	0.01037	0.01174	0.08799	0.05677	0.10895	0.01705	0.13540	0.04876	0.01539	0.05517	0.01600	0.01109	0.07077	0.08550	0.02623	0.15837	0.03314	0.00303	0.00541
11	0.00798	0.00729	0.03787	0.05363	0.03717	0.02931	0.03304	0.03117	0.01851	0.01313	0.08900	0.07317	0.13393	0.11613	0.16173	0.00309	0.06725	0.05505	0.02699	0.00455
12	0.03898	0.21630	0.03118	0.02390	0.04274	0.05774	0.00720	0.05403	0.06472	0.01458	0.04275	0.05363	0.01038	0.04209	0.02745	0.00145	0.01670	0.00406	0.00290	0.24722
13	0.01120	0.00583	0.00680	0.00609	0.00773	0.00568	0.00464	0.07151	0.01106	0.18022	0.03944	0.04993	0.05262	0.12101	0.03414	0.00195	0.00351	0.02599	0.35557	0.00509
14	0.01324	0.17094	0.10541	0.04480	0.04035	0.08195	0.07195	0.11431	0.09993	0.10330	0.01120	0.03838	0.00882	0.00575	0.01867	0.00147	0.02578	0.00421	0.00323	0.03630

[dist]
# distance from previous block
# <min> <max>
0	3

[block]
# block no. 11 follows, 55 sequences, length 6
# corresponding to MSA columns:
# 408-413
name=unknown_L
#
# <colnr> <probs for GDERKNQSTAVLIFYWHMCP>
#	G	D	E	R	K	N	Q	S	T	A	V	L	I	F	Y	W	H	M	C	P
0	0.00966	0.08319	0.02732	0.00790	0.00991	0.03657	0.05084	0.04058	0.06918	0.09142	0.02276	0.22521	0.16444	0.05287	0.03919	0.00196	0.00424	0.02901	0.02864	0.00509
1	0.03584	0.00874	0.06695	0.00867	0.01077	0.02946	0.05204	0.13692	0.05930	0.01649	0.09583	0.20526	0.08508	0.05795	0.03783	0.00203	0.00448	0.07724	0.00394	0.00519
2	0.03376	0.11035	0.16643	0.03259	0.04057	0.11477	0.04151	0.09263	0.08803	0.07504	0.03812	0.05335	0.01052	0.02415	0.05645	0.00185	0.00598	0.00453	0.00317	0.00622
3	0.03412	0.01229	0.18579	0.05522	0.06158	0.04636	0.08435	0.06820	0.03556	0.09810	0.03191	0.05680	0.07479	0.06249	0.00621	0.00169	0.02280	0.00530	0.05052	0.00594
4	0.03456	0.00572	0.00656	0.00677	0.00767	0.03816	0.00496	0.00929	0.00965	0.06581	0.07286	0.34006	0.07004	0.12089	0.00817	0.00210	0.03016	0.10109	0.06126	0.00422
5	0.03026	0.04372	0.03211	0.00846	0.01018	0.03350	0.04805	0.06311	0.04941	0.07122	0.01817	0.19735	0.01886	0.12554	0.00841	0.03289	0.00439	0.19572	0.00380	0.00485

[dist]
# distance from previous block
# <min> <max>
4	10

[block]
# block no. 12 follows, 55 sequences, length 13
# corresponding to MSA columns:
# 424-436
name=unknown_M
#
# <colnr> <probs for GDERKNQSTAVLIFYWHMCP>
#	G	D	E	R	K	N	Q	S	T	A	V	L	I	F	Y	W	H	M	C	P
0	0.07517	0.03606	0.11298	0.04547	0.05740	0.12997	0.03227	0.05384	0.04451	0.01450	0.03131	0.20167	0.02724	0.05168	0.02222	0.00176	0.00517	0.00617	0.00314	0.04746
1	0.03369	0.00835	0.04934	0.00825	0.02929	0.02607	0.02915	0.01167	0.03637	0.05746	0.01499	0.11442	0.07401	0.02731	0.11567	0.00211	0.01759	0.00532	0.00319	0.33573
2	0.04813	0.01204	0.17491	0.04529	0.07592	0.00898	0.02433	0.10675	0.03358	0.04312	0.04728	0.03597	0.00968	0.00579	0.02927	0.00140	0.00494	0.00405	0.00306	0.28552
3	0.00584	0.00427	0.00555	0.00633	0.00687	0.00398	0.00440	0.00690	0.00952	0.01265	0.10421	0.61268	0.11555	0.01447	0.03600	0.00203	0.00303	0.03752	0.00433	0.00389
4	0.01244	0.83930	0.02438	0.00796	0.01194	0.01841	0.00796	0.01393	0.00945	0.01095	0.00647	0.00746	0.00597	0.00398	0.00299	0.00100	0.00498	0.00249	0.00199	0.00597
5	0.86937	0.00900	0.00684	0.00612	0.00900	0.01044	0.00504	0.01368	0.00792	0.02087	0.00648	0.00756	0.00504	0.00432	0.00288	0.00144	0.00360	0.00252	0.00288	0.00504
6	0.00611	0.00443	0.00544	0.00577	0.00643	0.00413	0.00395	0.00703	0.00951	0.01256	0.16560	0.32285	0.19701	0.15400	0.03952	0.03476	0.00326	0.00988	0.00405	0.00370
7	0.00665	0.00555	0.00604	0.00681	0.00735	0.06803	0.00467	0.00759	0.00959	0.01232	0.07783	0.68758	0.05583	0.01337	0.00575	0.00180	0.00310	0.01198	0.00422	0.00395
8	0.00677	0.00451	0.00507	0.00507	0.00507	0.00451	0.00282	0.00677	0.00677	0.00902	0.01466	0.03044	0.01691	0.83650	0.02368	0.00451	0.00451	0.00677	0.00282	0.00282
9	0.00665	0.00496	0.00736	0.00736	0.00815	0.00575	0.00567	0.00823	0.00744	0.01071	0.01257	0.01886	0.01188	0.07347	0.77984	0.00733	0.01208	0.00507	0.00251	0.00409
10	0.00990	0.00977	0.01372	0.01184	0.01191	0.01358	0.00983	0.01097	0.00715	0.01116	0.00661	0.01082	0.00654	0.01025	0.07859	0.00246	0.76367	0.00414	0.00207	0.00502
11	0.01132	0.01039	0.01579	0.17661	0.45839	0.03326	0.01206	0.07450	0.01117	0.01566	0.00908	0.01169	0.00733	0.00437	0.00443	0.00133	0.00534	0.00399	0.04560	0.08768
12	0.01069	0.14915	0.41612	0.03758	0.10775	0.04788	0.09569	0.03307	0.01037	0.01425	0.00869	0.03243	0.00693	0.00459	0.00437	0.00140	0.00642	0.00387	0.00220	0.00655

[dist]
# distance from previous block
# <min> <max>
0	5

[block]
# block no. 13 follows, 55 sequences, length 24
# corresponding to MSA columns:
# 442-446,448,450-467
name=unknown_N
#
# <colnr> <probs for GDERKNQSTAVLIFYWHMCP>
#	G	D	E	R	K	N	Q	S	T	A	V	L	I	F	Y	W	H	M	C	P
0	0.26358	0.00951	0.00983	0.00806	0.01114	0.03158	0.00655	0.16951	0.08185	0.26755	0.05121	0.01391	0.02481	0.00561	0.00416	0.00143	0.00402	0.00422	0.02481	0.00664
1	0.01024	0.04752	0.01282	0.01028	0.01187	0.05477	0.08124	0.10455	0.01031	0.01395	0.01367	0.13252	0.06550	0.04638	0.07247	0.00225	0.25976	0.00593	0.00298	0.04099
2	0.00665	0.00498	0.00748	0.00748	0.00831	0.00582	0.00582	0.00831	0.00748	0.01080	0.01246	0.01828	0.01163	0.03489	0.81807	0.00748	0.01246	0.00498	0.00249	0.00415
3	0.00996	0.00875	0.03116	0.02661	0.03489	0.02063	0.00697	0.07046	0.36790	0.01810	0.17963	0.02398	0.09616	0.02649	0.03040	0.00179	0.00392	0.03172	0.00440	0.00608
4	0.05254	0.00918	0.01062	0.01073	0.12331	0.06961	0.00720	0.09932	0.01110	0.11112	0.01229	0.01566	0.02893	0.12326	0.05951	0.00213	0.05441	0.00444	0.07975	0.11488
5	0.86937	0.00900	0.00684	0.00612	0.00900	0.01044	0.00504	0.01368	0.00792	0.02087	0.00648	0.00756	0.00504	0.00432	0.00288	0.00144	0.00360	0.00252	0.00288	0.00504
6	0.01055	0.03677	0.13647	0.21929	0.10063	0.03081	0.03970	0.10529	0.07343	0.01555	0.01144	0.05541	0.02348	0.01932	0.03472	0.00173	0.02107	0.00469	0.02151	0.03814
7	0.01248	0.01044	0.01103	0.00965	0.01244	0.01200	0.00758	0.13877	0.68356	0.02093	0.01778	0.01644	0.01327	0.00620	0.00472	0.00155	0.00390	0.00510	0.00472	0.00745
8	0.00975	0.00836	0.00969	0.00702	0.01108	0.00648	0.00561	0.01238	0.04994	0.01538	0.00881	0.01004	0.00726	0.00359	0.00351	0.00073	0.00346	0.00288	0.00286	0.82117
9	0.00572	0.00407	0.00538	0.00641	0.00666	0.00382	0.00424	0.00649	0.00880	0.01173	0.02508	0.79248	0.03006	0.05653	0.00684	0.00202	0.00279	0.01290	0.00424	0.00373
10	0.00661	0.00476	0.00622	0.00590	0.00697	0.00442	0.00443	0.00874	0.01291	0.01824	0.75976	0.03511	0.04261	0.03446	0.00606	0.00157	0.00232	0.02953	0.00503	0.00434
11	0.29263	0.00838	0.00811	0.00741	0.00968	0.02321	0.00577	0.01679	0.29345	0.05340	0.08172	0.07353	0.01432	0.00671	0.00457	0.02755	0.00347	0.00504	0.05854	0.00573
12	0.00808	0.00404	0.00606	0.00606	0.00606	0.00404	0.00404	0.00606	0.00606	0.00808	0.00808	0.01414	0.00808	0.01616	0.01818	0.86465	0.00404	0.00404	0.00202	0.00202
13	0.00596	0.00432	0.00557	0.00647	0.00691	0.00406	0.00438	0.02621	0.00934	0.01236	0.02665	0.76240	0.07973	0.01417	0.00588	0.00186	0.00274	0.01278	0.00433	0.00389
14	0.01033	0.00881	0.01425	0.04458	0.49847	0.00889	0.01059	0.01234	0.00957	0.04825	0.01105	0.03263	0.01037	0.18616	0.07182	0.00255	0.00574	0.00498	0.00261	0.00603
15	0.01146	0.00870	0.01011	0.00756	0.01136	0.00741	0.00606	0.09558	0.06530	0.08594	0.02790	0.02678	0.00915	0.00441	0.00386	0.00093	0.00364	0.00356	0.00343	0.60687
16	0.00695	0.00502	0.00641	0.00628	0.00653	0.00554	0.00422	0.00753	0.00701	0.00971	0.01343	0.02539	0.01459	0.53664	0.26700	0.00526	0.06041	0.00604	0.00267	0.00338
17	0.00750	0.00535	0.00750	0.00857	0.00964	0.00535	0.00750	0.00964	0.01071	0.01392	0.02463	0.05248	0.02677	0.01285	0.00643	0.00214	0.00428	0.77617	0.00428	0.00428
18	0.00603	0.00444	0.00569	0.00631	0.00704	0.00410	0.00456	0.00733	0.01024	0.01360	0.18811	0.46097	0.15377	0.01291	0.00583	0.00178	0.00272	0.09611	0.00448	0.00398
19	0.01047	0.01006	0.05216	0.02406	0.02699	0.03366	0.03416	0.05628	0.04035	0.01590	0.00885	0.01018	0.00715	0.00382	0.00375	0.00088	0.00413	0.00312	0.00285	0.65119
20	0.01036	0.17166	0.57005	0.01209	0.01788	0.02860	0.03463	0.01463	0.00996	0.03456	0.02831	0.01023	0.00705	0.00459	0.00449	0.00140	0.02728	0.00348	0.00217	0.00658
21	0.00680	0.00522	0.00702	0.02851	0.05978	0.00492	0.00522	0.00878	0.01203	0.01660	0.53359	0.09058	0.13323	0.03084	0.00594	0.00161	0.00271	0.03757	0.00461	0.00446
22	0.00583	0.00414	0.00543	0.00637	0.00665	0.00390	0.00424	0.00663	0.00885	0.01182	0.04445	0.72096	0.02970	0.09300	0.00763	0.00213	0.00289	0.02750	0.00419	0.00371
23	0.58335	0.04679	0.03968	0.02746	0.01164	0.10073	0.04177	0.03437	0.00919	0.01853	0.00696	0.00828	0.00548	0.00446	0.00361	0.00140	0.02457	0.00286	0.00273	0.02616

[dist]
# distance from previous block
# <min> <max>
7	13

[block]
# block no. 14 follows, 55 sequences, length 8
# corresponding to MSA columns:
# 484-491
name=unknown_O
#
# <colnr> <probs for GDERKNQSTAVLIFYWHMCP>
#	G	D	E	R	K	N	Q	S	T	A	V	L	I	F	Y	W	H	M	C	P
0	0.06289	0.06173	0.37000	0.04594	0.12991	0.02811	0.07327	0.01387	0.02705	0.01491	0.05817	0.05772	0.01006	0.00532	0.00472	0.00147	0.02156	0.00451	0.00250	0.00629
1	0.01062	0.01109	0.10731	0.13845	0.36856	0.00972	0.04749	0.01383	0.02903	0.05619	0.01255	0.01757	0.03842	0.00560	0.00484	0.00151	0.00545	0.09020	0.00277	0.02879
2	0.00937	0.00949	0.08867	0.00771	0.01176	0.00656	0.00689	0.01177	0.00979	0.01497	0.01016	0.01460	0.00908	0.00463	0.00388	0.00093	0.00388	0.09192	0.00285	0.68107
3	0.01130	0.13203	0.20309	0.02991	0.07588	0.02969	0.00997	0.11840	0.01179	0.06083	0.04978	0.08091	0.02564	0.02226	0.00486	0.00144	0.00501	0.04436	0.00317	0.07967
4	0.20320	0.22400	0.01413	0.03919	0.01268	0.20974	0.00762	0.07806	0.12031	0.01608	0.00903	0.00981	0.00722	0.00476	0.00370	0.00128	0.00531	0.00325	0.02473	0.00590
5	0.00724	0.00552	0.00826	0.00918	0.08689	0.00608	0.00633	0.00911	0.00858	0.01254	0.10356	0.01945	0.01494	0.02711	0.59382	0.00579	0.00996	0.00526	0.05587	0.00451
6	0.00981	0.00859	0.03940	0.08974	0.01348	0.00870	0.07422	0.04556	0.14130	0.06469	0.11929	0.05206	0.14851	0.00752	0.00617	0.00155	0.09894	0.00622	0.01998	0.04426
7	0.06838	0.15959	0.05890	0.01259	0.13347	0.18011	0.00936	0.21397	0.01353	0.01769	0.00870	0.00985	0.00690	0.00466	0.00401	0.00124	0.00563	0.00342	0.03649	0.05149

[dist]
# distance from previous block
# <min> <max>
0	2

[block]
# block no. 15 follows, 55 sequences, length 6
# corresponding to MSA columns:
# 494-499
name=unknown_P
#
# <colnr> <probs for GDERKNQSTAVLIFYWHMCP>
#	G	D	E	R	K	N	Q	S	T	A	V	L	I	F	Y	W	H	M	C	P
0	0.00880	0.00866	0.07413	0.03695	0.07284	0.00745	0.11969	0.01088	0.00949	0.04276	0.03965	0.10317	0.08047	0.13666	0.06354	0.00237	0.04402	0.03428	0.00307	0.10112
1	0.01144	0.02556	0.09098	0.07586	0.18524	0.04722	0.05540	0.04068	0.01082	0.11679	0.02870	0.08766	0.04038	0.03008	0.00586	0.02323	0.02354	0.02603	0.00318	0.07135
2	0.02608	0.11434	0.08909	0.05250	0.07621	0.05535	0.07225	0.06198	0.05083	0.07512	0.02887	0.05973	0.07019	0.00720	0.02962	0.00168	0.11491	0.00502	0.00306	0.00596
3	0.00887	0.00722	0.01021	0.09129	0.07378	0.00846	0.00763	0.09241	0.00928	0.01301	0.01113	0.01713	0.01042	0.13705	0.37373	0.00466	0.11134	0.00489	0.00265	0.00483
4	0.00814	0.00836	0.06849	0.00759	0.00942	0.06944	0.00648	0.05466	0.01140	0.01443	0.12095	0.10414	0.30753	0.01029	0.00595	0.00166	0.04494	0.13751	0.00398	0.00466
5	0.00999	0.09775	0.13897	0.12792	0.09257	0.02934	0.09478	0.05628	0.01093	0.03189	0.08276	0.12974	0.03678	0.00655	0.00475	0.00147	0.00515	0.00582	0.03082	0.00574

[dist]
# distance from previous block
# <min> <max>
0	2

[block]
# block no. 16 follows, 55 sequences, length 7
# corresponding to MSA columns:
# 502-508
name=unknown_Q
#
# <colnr> <probs for GDERKNQSTAVLIFYWHMCP>
#	G	D	E	R	K	N	Q	S	T	A	V	L	I	F	Y	W	H	M	C	P
0	0.01122	0.10610	0.18084	0.08136	0.17798	0.08644	0.02570	0.04826	0.07555	0.03380	0.01292	0.04447	0.06557	0.02411	0.00492	0.00148	0.00555	0.00464	0.00280	0.00628
1	0.01250	0.01158	0.11082	0.10364	0.15964	0.02787	0.08985	0.07071	0.09085	0.14474	0.03229	0.01400	0.00973	0.02375	0.02859	0.00171	0.03313	0.00456	0.02339	0.00663
2	0.04362	0.07965	0.04386	0.08691	0.36508	0.04468	0.04014	0.01459	0.03609	0.07393	0.01158	0.01443	0.03186	0.00505	0.00444	0.00140	0.00520	0.03503	0.05600	0.00647
3	0.03122	0.01044	0.07657	0.05518	0.23481	0.02523	0.04324	0.09482	0.06754	0.06908	0.01444	0.13089	0.04461	0.00841	0.05589	0.00190	0.02036	0.00579	0.00331	0.00628
