[name]
unknown

[dist]
# distance from previous block
# <min> <max>
0	44

[block]
# block no. 0 follows, 67 sequences, length 58
# corresponding to MSA columns:
# 45-102
name=unknown_A
#
# <colnr> <probs for GDERKNQSTAVLIFYWHMCP>
#	G	D	E	R	K	N	Q	S	T	A	V	L	I	F	Y	W	H	M	C	P
0	0.27366	0.01010	0.07085	0.00971	0.02386	0.06738	0.19619	0.06771	0.01964	0.16150	0.04010	0.01094	0.00775	0.00430	0.00374	0.00126	0.00458	0.01845	0.00294	0.00535
1	0.17569	0.02505	0.01162	0.00937	0.02445	0.14714	0.11047	0.10704	0.02065	0.11285	0.03100	0.01014	0.00721	0.00462	0.00484	0.00124	0.11051	0.01422	0.00280	0.06909
2	0.41691	0.08855	0.03001	0.00741	0.03231	0.10453	0.01689	0.08127	0.06501	0.04669	0.05676	0.00978	0.02047	0.00436	0.00319	0.00119	0.00389	0.00306	0.00279	0.00495
3	0.05502	0.49176	0.19079	0.00919	0.02705	0.02912	0.08736	0.04750	0.00882	0.01165	0.00638	0.00750	0.00528	0.00360	0.00314	0.00104	0.00488	0.00267	0.00189	0.00538
4	0.12006	0.04435	0.01501	0.01232	0.08641	0.15609	0.25524	0.01281	0.00893	0.04830	0.00718	0.00903	0.00574	0.00409	0.00504	0.00123	0.11798	0.00343	0.00220	0.08457
5	0.03414	0.03130	0.05218	0.02197	0.70282	0.02539	0.01165	0.01228	0.00902	0.01306	0.00738	0.00956	0.00617	0.00357	0.00384	0.00116	0.00473	0.00340	0.00200	0.04439
6	0.00845	0.09359	0.74680	0.01101	0.01662	0.03067	0.01395	0.01272	0.00851	0.01235	0.00703	0.00826	0.00509	0.00379	0.00370	0.00123	0.00582	0.00288	0.00170	0.00583
7	0.00932	0.00891	0.01518	0.23785	0.62555	0.00937	0.01201	0.01178	0.00884	0.01236	0.00744	0.01012	0.00609	0.00369	0.00398	0.00123	0.00491	0.00357	0.00193	0.00586
8	0.00925	0.00884	0.01506	0.26192	0.60202	0.00935	0.01197	0.01172	0.00881	0.01228	0.00742	0.01015	0.00606	0.00370	0.00398	0.00123	0.00493	0.00357	0.00193	0.00581
9	0.00780	0.00736	0.01243	0.77130	0.10400	0.00897	0.01125	0.01044	0.00812	0.01052	0.00717	0.01062	0.00544	0.00397	0.00401	0.00132	0.00529	0.00356	0.00180	0.00463
10	0.00982	0.00942	0.01609	0.06045	0.79900	0.00950	0.01226	0.01222	0.00908	0.01298	0.00753	0.00996	0.00631	0.00359	0.00397	0.00120	0.00479	0.00357	0.00198	0.00627
11	0.00804	0.02074	0.83828	0.01143	0.01736	0.00931	0.01482	0.01270	0.00847	0.01270	0.00720	0.00847	0.00508	0.00381	0.00381	0.00127	0.00593	0.00296	0.00169	0.00593
12	0.01510	0.01116	0.01195	0.00920	0.01238	0.01237	0.00759	0.79825	0.04151	0.02504	0.00982	0.00978	0.00697	0.00483	0.00401	0.00121	0.00438	0.00364	0.00401	0.00681
13	0.00474	0.00406	0.00406	0.00406	0.00542	0.00339	0.00305	0.00576	0.00914	0.01083	0.04063	0.03860	0.83241	0.01016	0.00474	0.00135	0.00203	0.00846	0.00372	0.00339
14	0.00493	0.00351	0.00464	0.00553	0.00575	0.00329	0.00366	0.00560	0.00759	0.01012	0.02165	0.81679	0.02595	0.05299	0.00585	0.00174	0.00240	0.01114	0.00366	0.00322
15	0.01072	0.86147	0.02102	0.00686	0.01029	0.01587	0.00686	0.01201	0.00815	0.00944	0.00558	0.00643	0.00515	0.00343	0.00257	0.00086	0.00429	0.00214	0.00172	0.00515
16	0.00489	0.00349	0.00465	0.00558	0.00582	0.00326	0.00372	0.00558	0.00768	0.01024	0.02210	0.85644	0.02653	0.01256	0.00512	0.00163	0.00233	0.01140	0.00372	0.00326
17	0.01487	0.01105	0.01182	0.00915	0.01229	0.01226	0.00753	0.76378	0.07635	0.02467	0.01011	0.01001	0.00721	0.00486	0.00402	0.00121	0.00432	0.00368	0.00402	0.00679
18	0.00982	0.00942	0.01609	0.06051	0.79894	0.00950	0.01226	0.01222	0.00908	0.01298	0.00753	0.00996	0.00631	0.00359	0.00397	0.00120	0.00479	0.00357	0.00198	0.00627
19	0.00573	0.00429	0.00639	0.00639	0.00709	0.00498	0.00495	0.00713	0.00643	0.00927	0.01079	0.01603	0.01014	0.05167	0.82173	0.00638	0.01056	0.00434	0.00216	0.00355
20	0.00488	0.00352	0.00463	0.00551	0.00580	0.00326	0.00369	0.00559	0.00775	0.01027	0.02299	0.81738	0.06502	0.01245	0.00510	0.00162	0.00231	0.01126	0.00372	0.00326
21	0.00851	0.16748	0.69564	0.01063	0.01612	0.01046	0.01343	0.01258	0.00841	0.01213	0.00691	0.00811	0.00509	0.00374	0.00359	0.00120	0.00564	0.00282	0.00170	0.00579
22	0.00993	0.00953	0.01628	0.02462	0.83404	0.00953	0.01231	0.01231	0.00913	0.01310	0.00754	0.00993	0.00635	0.00357	0.00397	0.00119	0.00476	0.00357	0.00199	0.00635
23	0.01255	0.01245	0.01207	0.01023	0.03538	0.30760	0.11451	0.13963	0.09713	0.06549	0.06239	0.01120	0.00896	0.00460	0.00408	0.00116	0.01898	0.00370	0.03731	0.04060
24	0.00474	0.00406	0.00406	0.00406	0.00542	0.00339	0.00305	0.00576	0.00914	0.01083	0.04063	0.03860	0.83241	0.01016	0.00474	0.00135	0.00203	0.00846	0.00372	0.00339
25	0.00764	0.00720	0.01215	0.82629	0.05024	0.00893	0.01117	0.01030	0.00805	0.01033	0.00714	0.01067	0.00537	0.00400	0.00401	0.00133	0.00533	0.00356	0.00179	0.00451
26	0.00568	0.00410	0.00536	0.00505	0.00599	0.00378	0.00378	0.00757	0.01135	0.01608	0.83192	0.02996	0.03784	0.00820	0.00473	0.00126	0.00189	0.00725	0.00441	0.00378
27	0.00993	0.00953	0.01628	0.02462	0.83404	0.00953	0.01231	0.01231	0.00913	0.01310	0.00754	0.00993	0.00635	0.00357	0.00397	0.00119	0.00476	0.00357	0.00199	0.00635
28	0.00583	0.00389	0.00437	0.00437	0.00437	0.00389	0.00243	0.00583	0.00583	0.00778	0.01264	0.02624	0.01458	0.85906	0.02041	0.00389	0.00389	0.00583	0.00243	0.00243
29	0.01753	0.00756	0.00976	0.00749	0.01061	0.00699	0.00618	0.15365	0.01271	0.70097	0.01479	0.01298	0.00941	0.00494	0.00403	0.00123	0.00358	0.00396	0.00480	0.00682
30	0.88738	0.00776	0.00589	0.00527	0.00776	0.00900	0.00434	0.01179	0.00683	0.01799	0.00558	0.00651	0.00434	0.00372	0.00248	0.00124	0.00310	0.00217	0.00248	0.00434
31	0.88738	0.00776	0.00589	0.00527	0.00776	0.00900	0.00434	0.01179	0.00683	0.01799	0.00558	0.00651	0.00434	0.00372	0.00248	0.00124	0.00310	0.00217	0.00248	0.00434
32	0.00757	0.00713	0.01203	0.84942	0.02762	0.00891	0.01114	0.01025	0.00802	0.01025	0.00713	0.01069	0.00535	0.00401	0.00401	0.00134	0.00535	0.00356	0.00178	0.00446
33	0.00804	0.02074	0.83828	0.01143	0.01736	0.00931	0.01482	0.01270	0.00847	0.01270	0.00720	0.00847	0.00508	0.00381	0.00381	0.00127	0.00593	0.00296	0.00169	0.00593
34	0.01636	0.00647	0.00868	0.00679	0.00960	0.00567	0.00556	0.01809	0.02328	0.71608	0.07406	0.01492	0.01198	0.00518	0.00401	0.00123	0.00321	0.00425	0.05816	0.00641
35	0.01610	0.00900	0.05031	0.00800	0.01120	0.00836	0.00686	0.31039	0.01395	0.47170	0.02480	0.01220	0.00897	0.00489	0.00400	0.00122	0.00384	0.00387	0.02366	0.00667
36	0.88738	0.00776	0.00589	0.00527	0.00776	0.00900	0.00434	0.01179	0.00683	0.01799	0.00558	0.00651	0.00434	0.00372	0.00248	0.00124	0.00310	0.00217	0.00248	0.00434
37	0.00551	0.00484	0.00478	0.00467	0.00596	0.04367	0.00350	0.00686	0.02244	0.01196	0.20399	0.05785	0.59089	0.00945	0.00468	0.00133	0.00228	0.00795	0.00380	0.00357
38	0.00489	0.00349	0.00465	0.00558	0.00582	0.00326	0.00372	0.00558	0.00768	0.01024	0.02210	0.85644	0.02653	0.01256	0.00512	0.00163	0.00233	0.01140	0.00372	0.00326
39	0.00993	0.00953	0.01628	0.02462	0.83404	0.00953	0.01231	0.01231	0.00913	0.01310	0.00754	0.00993	0.00635	0.00357	0.00397	0.00119	0.00476	0.00357	0.00199	0.00635
40	0.88738	0.00776	0.00589	0.00527	0.00776	0.00900	0.00434	0.01179	0.00683	0.01799	0.00558	0.00651	0.00434	0.00372	0.00248	0.00124	0.00310	0.00217	0.00248	0.00434
41	0.00574	0.00424	0.00615	0.00615	0.00676	0.00485	0.00464	0.00697	0.00636	0.00909	0.01102	0.01727	0.01068	0.14978	0.72436	0.00608	0.00975	0.00452	0.00219	0.00341
42	0.01072	0.86147	0.02102	0.00686	0.01029	0.01587	0.00686	0.01201	0.00815	0.00944	0.00558	0.00643	0.00515	0.00343	0.00257	0.00086	0.00429	0.00214	0.00172	0.00515
43	0.00927	0.00710	0.00841	0.00606	0.00958	0.00540	0.00487	0.01103	0.00863	0.09452	0.00799	0.00884	0.00633	0.00317	0.00308	0.00066	0.00301	0.00254	0.00263	0.79688
44	0.00489	0.00349	0.00465	0.00558	0.00582	0.00326	0.00372	0.00558	0.00768	0.01024	0.02210	0.85644	0.02653	0.01256	0.00512	0.00163	0.00233	0.01140	0.00372	0.00326
45	0.00499	0.00355	0.00469	0.00549	0.00576	0.00333	0.00367	0.00574	0.00785	0.01054	0.07960	0.75764	0.02676	0.05268	0.00582	0.00171	0.00237	0.01084	0.00371	0.00326
46	0.01498	0.01911	0.01137	0.01033	0.01240	0.84295	0.00775	0.01601	0.01137	0.00982	0.00620	0.00723	0.00517	0.00413	0.00362	0.00103	0.00723	0.00258	0.00207	0.00465
47	0.00489	0.00349	0.00465	0.00558	0.00582	0.00326	0.00372	0.00558	0.00768	0.01024	0.02210	0.85644	0.02653	0.01256	0.00512	0.00163	0.00233	0.01140	0.00372	0.00326
48	0.00568	0.00410	0.00536	0.00505	0.00599	0.00378	0.00378	0.00757	0.01135	0.01608	0.83192	0.02996	0.03784	0.00820	0.00473	0.00126	0.00189	0.00725	0.00441	0.00378
49	0.00496	0.00354	0.00474	0.00567	0.00594	0.00332	0.00385	0.00571	0.00775	0.01032	0.02206	0.81769	0.02636	0.01249	0.00514	0.00164	0.00239	0.04940	0.00372	0.00328
50	0.01072	0.86147	0.02102	0.00686	0.01029	0.01587	0.00686	0.01201	0.00815	0.00944	0.00558	0.00643	0.00515	0.00343	0.00257	0.00086	0.00429	0.00214	0.00172	0.00515
51	0.01457	0.10286	0.01237	0.00992	0.01219	0.70913	0.00765	0.06514	0.01150	0.01073	0.00635	0.00730	0.00527	0.00410	0.00354	0.00103	0.00676	0.00260	0.00215	0.00483
52	0.00998	0.00862	0.00907	0.00816	0.01043	0.00998	0.00635	0.02131	0.82679	0.01678	0.01632	0.01496	0.01224	0.00544	0.00408	0.00136	0.00317	0.00453	0.00408	0.00635
53	0.00831	0.00703	0.00786	0.00770	0.04868	0.00765	0.00562	0.03438	0.46715	0.01520	0.11290	0.05801	0.17636	0.00697	0.00434	0.00136	0.00288	0.01836	0.00392	0.00531
54	0.00804	0.02074	0.83828	0.01143	0.01736	0.00931	0.01482	0.01270	0.00847	0.01270	0.00720	0.00847	0.00508	0.00381	0.00381	0.00127	0.00593	0.00296	0.00169	0.00593
55	0.00576	0.00417	0.00581	0.00580	0.00632	0.00464	0.00423	0.00680	0.00649	0.00918	0.04775	0.01935	0.01255	0.26304	0.57375	0.00549	0.00842	0.00486	0.00233	0.00327
56	0.00501	0.00358	0.00480	0.00573	0.00602	0.00337	0.00394	0.00580	0.00780	0.01038	0.02203	0.79108	0.02625	0.01244	0.00515	0.00165	0.00244	0.07551	0.00372	0.00329
57	0.00757	0.00713	0.01203	0.84942	0.02762	0.00891	0.01114	0.01025	0.00802	0.01025	0.00713	0.01069	0.00535	0.00401	0.00401	0.00134	0.00535	0.00356	0.00178	0.00446

[dist]
# distance from previous block
# <min> <max>
3	15

[block]
# block no. 1 follows, 67 sequences, length 7
# corresponding to MSA columns:
# 118-124
name=unknown_B
#
# <colnr> <probs for GDERKNQSTAVLIFYWHMCP>
#	G	D	E	R	K	N	Q	S	T	A	V	L	I	F	Y	W	H	M	C	P
0	0.00902	0.04844	0.00944	0.00657	0.00986	0.00629	0.03279	0.05585	0.00903	0.04792	0.00868	0.07022	0.00762	0.00389	0.00327	0.00077	0.00322	0.00324	0.00263	0.66127
1	0.00704	0.00534	0.00719	0.00679	0.00764	0.00618	0.00526	0.09745	0.00781	0.01099	0.01084	0.01699	0.01039	0.13769	0.55221	0.00503	0.06795	0.03095	0.00242	0.00384
2	0.00969	0.00929	0.01586	0.10569	0.75477	0.00947	0.01219	0.01211	0.00902	0.01282	0.00750	0.01000	0.00625	0.00362	0.00397	0.00121	0.00482	0.00357	0.00197	0.00617
3	0.00527	0.00383	0.00499	0.00563	0.00612	0.00352	0.00386	0.00607	0.00769	0.01038	0.02041	0.69997	0.02414	0.06500	0.00595	0.00171	0.00255	0.05415	0.00355	0.06520
4	0.01080	0.06871	0.00950	0.00758	0.00977	0.09192	0.00602	0.12324	0.33630	0.07200	0.04711	0.06020	0.06488	0.00591	0.00400	0.00126	0.00361	0.01970	0.05195	0.00554
5	0.00913	0.16197	0.44608	0.01119	0.01579	0.07084	0.15589	0.01256	0.00896	0.01215	0.05330	0.00965	0.00712	0.00394	0.00380	0.00120	0.00566	0.00335	0.00194	0.00549
6	0.01076	0.50608	0.22685	0.00861	0.01244	0.15361	0.00903	0.01286	0.00877	0.01033	0.00609	0.00708	0.00513	0.00365	0.00306	0.00099	0.00520	0.00243	0.00177	0.00526

[dist]
# distance from previous block
# <min> <max>
0	1

[block]
# block no. 2 follows, 67 sequences, length 33
# corresponding to MSA columns:
# 126-158
name=unknown_C
#
# <colnr> <probs for GDERKNQSTAVLIFYWHMCP>
#	G	D	E	R	K	N	Q	S	T	A	V	L	I	F	Y	W	H	M	C	P
0	0.01013	0.00869	0.00916	0.00819	0.01049	0.01005	0.00639	0.04513	0.80271	0.01703	0.01612	0.01480	0.01208	0.00542	0.00408	0.00136	0.00321	0.00451	0.00408	0.00636
1	0.00757	0.00713	0.01203	0.84942	0.02762	0.00891	0.01114	0.01025	0.00802	0.01025	0.00713	0.01069	0.00535	0.00401	0.00401	0.00134	0.00535	0.00356	0.00178	0.00446
2	0.02344	0.00858	0.04889	0.00813	0.01026	0.07797	0.00701	0.14880	0.02748	0.13398	0.01432	0.04284	0.01339	0.00720	0.00499	0.00144	0.05310	0.29812	0.00348	0.06658
3	0.00491	0.00351	0.00467	0.00557	0.00582	0.00327	0.00372	0.00564	0.00779	0.01041	0.04592	0.83213	0.02686	0.01244	0.00511	0.00162	0.00231	0.01128	0.00374	0.00327
4	0.88738	0.00776	0.00589	0.00527	0.00776	0.00900	0.00434	0.01179	0.00683	0.01799	0.00558	0.00651	0.00434	0.00372	0.00248	0.00124	0.00310	0.00217	0.00248	0.00434
5	0.00489	0.00349	0.00465	0.00558	0.00582	0.00326	0.00372	0.00558	0.00768	0.01024	0.02210	0.85644	0.02653	0.01256	0.00512	0.00163	0.00233	0.01140	0.00372	0.00326
6	0.00579	0.00422	0.00546	0.00513	0.00611	0.00394	0.00385	0.00792	0.03245	0.01610	0.81082	0.02957	0.03718	0.00813	0.00471	0.00126	0.00193	0.00718	0.00441	0.00385
7	0.00568	0.00410	0.00536	0.00505	0.00599	0.00378	0.00378	0.00757	0.01135	0.01608	0.83192	0.02996	0.03784	0.00820	0.00473	0.00126	0.00189	0.00725	0.00441	0.00378
8	0.00748	0.00374	0.00374	0.00374	0.00467	0.00374	0.00280	0.00934	0.00841	0.01495	0.01308	0.01495	0.01028	0.00467	0.00280	0.00093	0.00187	0.00374	0.88132	0.00374
9	0.00757	0.00713	0.01203	0.84942	0.02762	0.00891	0.01114	0.01025	0.00802	0.01025	0.00713	0.01069	0.00535	0.00401	0.00401	0.00134	0.00535	0.00356	0.00178	0.00446
10	0.88738	0.00776	0.00589	0.00527	0.00776	0.00900	0.00434	0.01179	0.00683	0.01799	0.00558	0.00651	0.00434	0.00372	0.00248	0.00124	0.00310	0.00217	0.00248	0.00434
11	0.00998	0.00862	0.00907	0.00816	0.01043	0.00998	0.00635	0.02131	0.82679	0.01678	0.01632	0.01496	0.01224	0.00544	0.00408	0.00136	0.00317	0.00453	0.00408	0.00635
12	0.01552	0.01095	0.01152	0.00895	0.01206	0.05747	0.00734	0.63687	0.03633	0.14615	0.01053	0.01023	0.00732	0.00481	0.00399	0.00120	0.00439	0.00364	0.00405	0.00669
13	0.00551	0.00402	0.00518	0.00504	0.00593	0.00369	0.00372	0.00719	0.01075	0.01499	0.67560	0.12910	0.09657	0.00887	0.00478	0.00131	0.00195	0.00784	0.00428	0.00369
14	0.00562	0.00410	0.00529	0.00499	0.00596	0.00376	0.00374	0.00747	0.01123	0.01579	0.78803	0.03044	0.08192	0.00831	0.00473	0.00127	0.00190	0.00732	0.00438	0.00376
15	0.00489	0.00349	0.00465	0.00558	0.00582	0.00326	0.00372	0.00558	0.00768	0.01024	0.02210	0.85644	0.02653	0.01256	0.00512	0.00163	0.00233	0.01140	0.00372	0.00326
16	0.00474	0.00406	0.00406	0.00406	0.00542	0.00339	0.00305	0.00576	0.00914	0.01083	0.04063	0.03860	0.83241	0.01016	0.00474	0.00135	0.00203	0.00846	0.00372	0.00339
17	0.00748	0.00374	0.00374	0.00374	0.00467	0.00374	0.00280	0.00934	0.00841	0.01495	0.01308	0.01495	0.01028	0.00467	0.00280	0.00093	0.00187	0.00374	0.88132	0.00374
18	0.00832	0.00713	0.00832	0.00594	0.00950	0.00535	0.00475	0.01010	0.00832	0.01307	0.00713	0.00832	0.00594	0.00297	0.00297	0.00059	0.00297	0.00238	0.00238	0.88357
19	0.00710	0.00608	0.01053	0.00873	0.01053	0.00575	0.22130	0.00949	0.02501	0.03031	0.40172	0.06650	0.02527	0.00752	0.00487	0.00141	0.00358	0.14641	0.00363	0.00428
20	0.01042	0.76664	0.11320	0.00738	0.01109	0.01513	0.00776	0.01209	0.00818	0.00980	0.00576	0.00666	0.00514	0.00347	0.00271	0.00090	0.00447	0.00224	0.00171	0.00523
21	0.88738	0.00776	0.00589	0.00527	0.00776	0.00900	0.00434	0.01179	0.00683	0.01799	0.00558	0.00651	0.00434	0.00372	0.00248	0.00124	0.00310	0.00217	0.00248	0.00434
22	0.00639	0.00460	0.00632	0.00702	0.00796	0.00458	0.00600	0.00842	0.02739	0.01267	0.14145	0.05985	0.02511	0.01056	0.00538	0.00174	0.00338	0.65361	0.00381	0.00376
23	0.00804	0.02074	0.83828	0.01143	0.01736	0.00931	0.01482	0.01270	0.00847	0.01270	0.00720	0.00847	0.00508	0.00381	0.00381	0.00127	0.00593	0.00296	0.00169	0.00593
24	0.01527	0.00999	0.01194	0.02532	0.01261	0.01052	0.05225	0.55058	0.01613	0.21758	0.01092	0.01064	0.00747	0.00471	0.00403	0.00121	0.00429	0.00374	0.00405	0.02673
25	0.00474	0.00406	0.00406	0.00406	0.00542	0.00339	0.00305	0.00576	0.00914	0.01083	0.04063	0.03860	0.83241	0.01016	0.00474	0.00135	0.00203	0.00846	0.00372	0.00339
26	0.01031	0.00874	0.01363	0.00987	0.01349	0.02196	0.26643	0.06164	0.00974	0.10623	0.00856	0.00978	0.00647	0.00346	0.00373	0.00095	0.00440	0.00340	0.00265	0.43457
27	0.01498	0.01911	0.01137	0.01033	0.01240	0.84295	0.00775	0.01601	0.01137	0.00982	0.00620	0.00723	0.00517	0.00413	0.00362	0.00103	0.00723	0.00258	0.00207	0.00465
28	0.00832	0.00713	0.00832	0.00594	0.00950	0.00535	0.00475	0.01010	0.00832	0.01307	0.00713	0.00832	0.00594	0.00297	0.00297	0.00059	0.00297	0.00238	0.00238	0.88357
29	0.00583	0.00389	0.00437	0.00437	0.00437	0.00389	0.00243	0.00583	0.00583	0.00778	0.01264	0.02624	0.01458	0.85906	0.02041	0.00389	0.00389	0.00583	0.00243	0.00243
30	0.00513	0.00419	0.00454	0.00443	0.00570	0.00367	0.00333	0.00665	0.03118	0.01239	0.25154	0.03567	0.59847	0.00951	0.00472	0.00133	0.00202	0.00804	0.00392	0.00357
31	0.01115	0.00950	0.01389	0.01067	0.01382	0.02312	0.25327	0.12975	0.28985	0.08682	0.01165	0.01197	0.00859	0.00439	0.00413	0.00123	0.00450	0.00415	0.00330	0.10424
32	0.00991	0.01051	0.02238	0.01609	0.01992	0.01000	0.73959	0.01308	0.00944	0.05842	0.00842	0.01089	0.00626	0.00362	0.00506	0.00136	0.04280	0.00464	0.00218	0.00544

[dist]
# distance from previous block
# <min> <max>
0	14

# created by:
# /st0/software/busco_prod/Augustus/scripts/msa2prfl.pl ./align_prep/140706.fa
