[name]
unknown

[dist]
# distance from previous block
# <min> <max>
0	34

[block]
# block no. 0 follows, 63 sequences, length 84
# corresponding to MSA columns:
# 34-117
name=unknown_A
#
# <colnr> <probs for GDERKNQSTAVLIFYWHMCP>
#	G	D	E	R	K	N	Q	S	T	A	V	L	I	F	Y	W	H	M	C	P
0	0.08578	0.03228	0.07856	0.06187	0.01330	0.35565	0.02406	0.07900	0.04186	0.03763	0.00881	0.03310	0.01655	0.00488	0.00435	0.00123	0.04849	0.01281	0.01818	0.04161
1	0.00718	0.01918	0.06262	0.00587	0.00766	0.01483	0.00470	0.00832	0.00827	0.02783	0.06077	0.07979	0.16356	0.21360	0.00923	0.05523	0.01389	0.01500	0.01654	0.20594
2	0.00733	0.00564	0.00681	0.00599	0.00797	0.00475	0.00448	0.02841	0.01937	0.03516	0.10416	0.31322	0.08014	0.00800	0.00433	0.00119	0.00273	0.00700	0.00347	0.34986
3	0.01029	0.00848	0.08696	0.00732	0.01050	0.00647	0.00646	0.02300	0.00940	0.16026	0.04481	0.01400	0.00981	0.04526	0.00520	0.00117	0.05636	0.05176	0.00307	0.43942
4	0.75144	0.00779	0.00665	0.07781	0.00980	0.00905	0.00513	0.01181	0.00732	0.01765	0.00708	0.06009	0.00610	0.00451	0.00291	0.00133	0.00340	0.00301	0.00262	0.00449
5	0.01030	0.00893	0.00970	0.06087	0.01206	0.01039	0.00697	0.02161	0.76761	0.01716	0.01650	0.01540	0.01238	0.00561	0.00427	0.00142	0.00347	0.00469	0.00413	0.00653
6	0.01817	0.00695	0.00939	0.00726	0.01037	0.00604	0.00598	0.01982	0.01183	0.77791	0.01640	0.01439	0.01043	0.00518	0.00415	0.00128	0.00348	0.00421	0.05983	0.00695
7	0.01169	0.00972	0.01133	0.00947	0.01129	0.01171	0.00766	0.28914	0.23704	0.01771	0.01080	0.01246	0.00873	0.05913	0.00832	0.00167	0.26869	0.00417	0.00338	0.00592
8	0.00533	0.00370	0.00487	0.00578	0.00609	0.00348	0.00391	0.00617	0.00814	0.01109	0.02255	0.77701	0.02664	0.01261	0.00522	0.00167	0.00244	0.03121	0.05861	0.00346
9	0.00581	0.00420	0.00535	0.00602	0.00652	0.00403	0.00413	0.05649	0.00892	0.01186	0.03835	0.74924	0.05828	0.01247	0.00527	0.00166	0.00256	0.01123	0.00394	0.00366
10	0.01968	0.20497	0.46750	0.00981	0.01454	0.01069	0.01145	0.01302	0.05787	0.01260	0.00804	0.00943	0.00629	0.00630	0.07464	0.00166	0.00585	0.00308	0.00203	0.06053
11	0.00822	0.03656	0.72037	0.01115	0.01665	0.00931	0.01403	0.01255	0.00859	0.01274	0.00806	0.01039	0.00622	0.05862	0.04743	0.00177	0.00630	0.00335	0.00185	0.00584
12	0.00532	0.00388	0.00492	0.00546	0.00598	0.00358	0.00374	0.00628	0.00885	0.01180	0.17547	0.53750	0.13438	0.06464	0.00624	0.00175	0.00242	0.01036	0.00395	0.00348
13	0.01170	0.74360	0.05791	0.00752	0.01118	0.03526	0.00753	0.01322	0.00886	0.06146	0.00661	0.00734	0.00571	0.00373	0.00288	0.00095	0.00459	0.00242	0.00202	0.00553
14	0.01028	0.01073	0.06811	0.02494	0.77534	0.00997	0.01307	0.01293	0.00953	0.01371	0.00788	0.01031	0.00658	0.00376	0.00415	0.00125	0.00507	0.00371	0.00206	0.00663
15	0.01027	0.00985	0.01683	0.06901	0.78385	0.00995	0.01284	0.01279	0.00951	0.01358	0.00788	0.01045	0.00660	0.00377	0.00416	0.00126	0.00503	0.00375	0.00207	0.00655
16	0.00522	0.00373	0.00499	0.00597	0.00626	0.00350	0.00408	0.00603	0.00815	0.01084	0.02311	0.80069	0.02758	0.01308	0.00539	0.00172	0.00253	0.05979	0.00390	0.00344
17	0.00687	0.00499	0.00681	0.00768	0.00868	0.00505	0.00662	0.00925	0.05080	0.01274	0.02204	0.08826	0.02381	0.01139	0.00571	0.00190	0.00377	0.71575	0.00389	0.00399
18	0.00595	0.00430	0.00562	0.00529	0.00628	0.00397	0.00397	0.00793	0.01190	0.01686	0.82382	0.03140	0.03966	0.00859	0.00496	0.00132	0.00198	0.00760	0.00463	0.00397
19	0.00529	0.00379	0.00503	0.00574	0.00613	0.00353	0.00392	0.00628	0.00883	0.01197	0.18555	0.68360	0.03021	0.01224	0.00528	0.00163	0.00235	0.01107	0.00405	0.00353
20	0.00512	0.00366	0.00488	0.00585	0.00610	0.00341	0.00390	0.00585	0.00805	0.01073	0.02317	0.84952	0.02780	0.01317	0.00537	0.00171	0.00244	0.01195	0.00390	0.00341
21	0.00797	0.00752	0.01262	0.82125	0.02850	0.00943	0.01161	0.01072	0.00836	0.01072	0.00742	0.01116	0.00560	0.00428	0.00444	0.00141	0.02671	0.00373	0.00187	0.00467
22	0.01124	0.85479	0.02203	0.00719	0.01079	0.01663	0.00719	0.01259	0.00854	0.00989	0.00584	0.00674	0.00539	0.00360	0.00270	0.00090	0.00450	0.00225	0.00180	0.00539
23	0.82922	0.00885	0.00653	0.00585	0.00843	0.05971	0.00477	0.01263	0.00744	0.01834	0.00589	0.00687	0.00461	0.00393	0.00267	0.00129	0.00352	0.00230	0.00257	0.00457
24	0.00794	0.00747	0.01261	0.84216	0.02895	0.00934	0.01167	0.01074	0.00841	0.01074	0.00747	0.01121	0.00560	0.00420	0.00420	0.00140	0.00560	0.00374	0.00187	0.00467
25	0.01018	0.00879	0.00924	0.00834	0.01066	0.01010	0.00648	0.02151	0.77723	0.01727	0.01841	0.01695	0.05418	0.00596	0.00431	0.00143	0.00327	0.00496	0.00426	0.00650
26	0.00512	0.00366	0.00488	0.00585	0.00610	0.00341	0.00390	0.00585	0.00805	0.01073	0.02317	0.84952	0.02780	0.01317	0.00537	0.00171	0.00244	0.01195	0.00390	0.00341
27	0.00497	0.00426	0.00426	0.00426	0.00568	0.00355	0.00319	0.00603	0.00958	0.01136	0.04259	0.04046	0.82433	0.01065	0.00497	0.00142	0.00213	0.00887	0.00390	0.00355
28	0.88196	0.00813	0.00618	0.00553	0.00813	0.00943	0.00455	0.01236	0.00715	0.01886	0.00585	0.00683	0.00455	0.00390	0.00260	0.00130	0.00325	0.00228	0.00260	0.00455
29	0.00623	0.00476	0.00714	0.00758	0.04903	0.00540	0.00547	0.00772	0.00699	0.01005	0.03064	0.01714	0.01126	0.07301	0.73026	0.00620	0.01034	0.00462	0.00232	0.00384
30	0.00512	0.00366	0.00488	0.00585	0.00610	0.00341	0.00390	0.00585	0.00805	0.01073	0.02317	0.84952	0.02780	0.01317	0.00537	0.00171	0.00244	0.01195	0.00390	0.00341
31	0.00805	0.00759	0.01281	0.80491	0.06533	0.00937	0.01173	0.01084	0.00846	0.01088	0.00749	0.01117	0.00565	0.00418	0.00420	0.00139	0.00558	0.00374	0.00188	0.00476
32	0.01497	0.01080	0.01154	0.00896	0.01203	0.01191	0.00737	0.71288	0.01841	0.02516	0.01054	0.01078	0.00760	0.00503	0.00405	0.00123	0.00430	0.00380	0.11189	0.00675
33	0.00575	0.00429	0.00534	0.00508	0.00616	0.00388	0.00381	0.00755	0.01143	0.01574	0.66538	0.03324	0.19880	0.00901	0.00496	0.00134	0.00201	0.00786	0.00448	0.00388
34	0.01124	0.85479	0.02203	0.00719	0.01079	0.01663	0.00719	0.01259	0.00854	0.00989	0.00584	0.00674	0.00539	0.00360	0.00270	0.00090	0.00450	0.00225	0.00180	0.00539
35	0.00992	0.01134	0.02481	0.01772	0.02197	0.01063	0.81077	0.01347	0.00992	0.01347	0.00850	0.01134	0.00638	0.00354	0.00496	0.00142	0.00709	0.00496	0.00213	0.00567
36	0.00610	0.00411	0.00478	0.00478	0.00485	0.00418	0.00279	0.00624	0.00617	0.00830	0.01306	0.02651	0.01485	0.77729	0.09577	0.00432	0.00473	0.00597	0.00252	0.00266
37	0.07140	0.00721	0.00954	0.00736	0.01057	0.00638	0.00608	0.01999	0.01173	0.77964	0.01593	0.01385	0.01005	0.00512	0.00413	0.00130	0.00356	0.00411	0.00504	0.00700
38	0.01570	0.02004	0.01191	0.01083	0.01300	0.83539	0.00812	0.01679	0.01191	0.01029	0.00650	0.00758	0.00541	0.00433	0.00379	0.00108	0.00758	0.00271	0.00217	0.00487
39	0.00510	0.00375	0.00479	0.00562	0.00604	0.00343	0.00380	0.00588	0.00828	0.01082	0.02605	0.72957	0.14589	0.01280	0.00531	0.00166	0.00239	0.01149	0.00390	0.00343
40	0.00670	0.00445	0.00584	0.00544	0.00654	0.00408	0.00410	0.00861	0.01175	0.06605	0.74234	0.06341	0.03740	0.00857	0.00493	0.00134	0.00210	0.00757	0.00463	0.00414
41	0.00512	0.00366	0.00488	0.00585	0.00610	0.00341	0.00390	0.00585	0.00805	0.01073	0.02317	0.84952	0.02780	0.01317	0.00537	0.00171	0.00244	0.01195	0.00390	0.00341
42	0.00930	0.00951	0.01460	0.01200	0.01261	0.01255	0.12486	0.01060	0.00694	0.01060	0.00595	0.00951	0.00564	0.00681	0.01252	0.00178	0.72372	0.00386	0.00188	0.00475
43	0.00981	0.04336	0.01563	0.37106	0.24943	0.05236	0.10434	0.04859	0.00954	0.01254	0.00764	0.01051	0.00604	0.00414	0.00457	0.00133	0.03778	0.00377	0.00208	0.00550
44	0.01046	0.00903	0.00951	0.00855	0.01093	0.01046	0.00665	0.02234	0.81845	0.01759	0.01711	0.01568	0.01283	0.00570	0.00428	0.00143	0.00333	0.00475	0.00428	0.00665
45	0.00501	0.00426	0.00431	0.00430	0.00570	0.00357	0.00323	0.00611	0.00968	0.01158	0.07415	0.04009	0.79264	0.01056	0.00497	0.00142	0.00212	0.00882	0.00393	0.00357
46	0.00843	0.02174	0.83048	0.01198	0.01819	0.00976	0.01553	0.01331	0.00888	0.01331	0.00754	0.00888	0.00533	0.00399	0.00399	0.00133	0.00621	0.00311	0.00178	0.00621
47	0.00794	0.00747	0.01261	0.84216	0.02895	0.00934	0.01167	0.01074	0.00841	0.01074	0.00747	0.01121	0.00560	0.00420	0.00420	0.00140	0.00560	0.00374	0.00187	0.00467
48	0.00497	0.00426	0.00426	0.00426	0.00568	0.00355	0.00319	0.00603	0.00958	0.01136	0.04259	0.04046	0.82433	0.01065	0.00497	0.00142	0.00213	0.00887	0.00390	0.00355
49	0.00896	0.00885	0.01242	0.01072	0.01077	0.01231	0.00890	0.00992	0.00646	0.01009	0.00595	0.00974	0.00589	0.00916	0.07512	0.00221	0.78239	0.00374	0.00187	0.00454
50	0.00595	0.00430	0.00562	0.00529	0.00628	0.00397	0.00397	0.00793	0.01190	0.01686	0.82382	0.03140	0.03966	0.00859	0.00496	0.00132	0.00198	0.00760	0.00463	0.00397
51	0.81708	0.00902	0.00661	0.00593	0.00849	0.07128	0.00482	0.01269	0.00751	0.01822	0.00590	0.00689	0.00462	0.00393	0.00269	0.00128	0.00358	0.00231	0.00257	0.00458
52	0.01178	0.01238	0.01602	0.06852	0.47338	0.19998	0.08040	0.06236	0.01069	0.01352	0.00774	0.00986	0.00632	0.00397	0.00415	0.00123	0.00578	0.00361	0.00222	0.00608
53	0.00911	0.05998	0.61862	0.01413	0.15034	0.01011	0.04000	0.01333	0.00906	0.02626	0.00770	0.00919	0.00566	0.00394	0.00399	0.00130	0.00591	0.00325	0.00189	0.00624
54	0.00601	0.00449	0.00667	0.00667	0.00739	0.00521	0.00515	0.00745	0.00673	0.00969	0.01134	0.01696	0.01070	0.06468	0.80271	0.00665	0.01097	0.00457	0.00226	0.00370
55	0.88196	0.00813	0.00618	0.00553	0.00813	0.00943	0.00455	0.01236	0.00715	0.01886	0.00585	0.00683	0.00455	0.00390	0.00260	0.00130	0.00325	0.00228	0.00260	0.00455
56	0.01124	0.85479	0.02203	0.00719	0.01079	0.01663	0.00719	0.01259	0.00854	0.00989	0.00584	0.00674	0.00539	0.00360	0.00270	0.00090	0.00450	0.00225	0.00180	0.00539
57	0.00497	0.00426	0.00426	0.00426	0.00568	0.00355	0.00319	0.00603	0.00958	0.01136	0.04259	0.04046	0.82433	0.01065	0.00497	0.00142	0.00213	0.00887	0.00390	0.00355
58	0.00861	0.00778	0.02258	0.00721	0.01082	0.00602	0.06547	0.01063	0.00867	0.01340	0.00782	0.00946	0.00652	0.00515	0.06152	0.00112	0.00403	0.00283	0.00244	0.73793
59	0.00807	0.00760	0.01284	0.79895	0.07114	0.00937	0.01174	0.01086	0.00847	0.01090	0.00749	0.01117	0.00566	0.00418	0.00420	0.00139	0.00557	0.00374	0.00188	0.00478
60	0.88196	0.00813	0.00618	0.00553	0.00813	0.00943	0.00455	0.01236	0.00715	0.01886	0.00585	0.00683	0.00455	0.00390	0.00260	0.00130	0.00325	0.00228	0.00260	0.00455
61	0.00545	0.00428	0.00492	0.00476	0.00597	0.00375	0.00357	0.00696	0.01071	0.01403	0.42264	0.03605	0.44261	0.00965	0.00496	0.00137	0.00206	0.00825	0.00426	0.00375
62	0.00608	0.00410	0.00467	0.00466	0.00474	0.00409	0.00268	0.00620	0.00637	0.00850	0.03437	0.02763	0.03758	0.78386	0.04483	0.00401	0.00418	0.00618	0.00263	0.00265
63	0.00504	0.00424	0.00438	0.00439	0.00574	0.00357	0.00327	0.00615	0.00968	0.01170	0.09483	0.07253	0.73890	0.01061	0.00498	0.00142	0.00213	0.00891	0.00395	0.00357
64	0.00563	0.00428	0.00518	0.00495	0.00608	0.00383	0.00372	0.00731	0.01115	0.01507	0.56964	0.03435	0.29497	0.00926	0.00496	0.00135	0.00203	0.00802	0.00439	0.00383
65	0.00794	0.00747	0.01261	0.84216	0.02895	0.00934	0.01167	0.01074	0.00841	0.01074	0.00747	0.01121	0.00560	0.00420	0.00420	0.00140	0.00560	0.00374	0.00187	0.00467
66	0.88196	0.00813	0.00618	0.00553	0.00813	0.00943	0.00455	0.01236	0.00715	0.01886	0.00585	0.00683	0.00455	0.00390	0.00260	0.00130	0.00325	0.00228	0.00260	0.00455
67	0.00843	0.02174	0.83048	0.01198	0.01819	0.00976	0.01553	0.01331	0.00888	0.01331	0.00754	0.00888	0.00533	0.00399	0.00399	0.00133	0.00621	0.00311	0.00178	0.00621
68	0.01570	0.02004	0.01191	0.01083	0.01300	0.83539	0.00812	0.01679	0.01191	0.01029	0.00650	0.00758	0.00541	0.00433	0.00379	0.00108	0.00758	0.00271	0.00217	0.00487
69	0.00675	0.00448	0.00589	0.00547	0.00660	0.00412	0.00415	0.00871	0.01187	0.06621	0.75944	0.03067	0.03759	0.00845	0.00493	0.00133	0.00212	0.02243	0.00465	0.00416
70	0.00592	0.00430	0.00558	0.00526	0.00626	0.00396	0.00395	0.00788	0.01184	0.01671	0.80275	0.03165	0.06083	0.00865	0.00496	0.00132	0.00199	0.00764	0.00461	0.00396
71	0.00512	0.00366	0.00488	0.00585	0.00610	0.00341	0.00390	0.00585	0.00805	0.01073	0.02317	0.84952	0.02780	0.01317	0.00537	0.00171	0.00244	0.01195	0.00390	0.00341
72	0.00526	0.00376	0.00503	0.00601	0.00631	0.00353	0.00414	0.00609	0.00818	0.01088	0.02309	0.78328	0.02751	0.01304	0.00540	0.00173	0.00256	0.07684	0.00390	0.00345
73	0.88196	0.00813	0.00618	0.00553	0.00813	0.00943	0.00455	0.01236	0.00715	0.01886	0.00585	0.00683	0.00455	0.00390	0.00260	0.00130	0.00325	0.00228	0.00260	0.00455
74	0.00851	0.02121	0.78943	0.01227	0.01839	0.00981	0.05605	0.01332	0.00893	0.01332	0.00759	0.00900	0.00538	0.00397	0.00404	0.00134	0.00626	0.00320	0.00179	0.00619
75	0.00526	0.00427	0.00468	0.00476	0.00601	0.00370	0.00361	0.00650	0.00985	0.01225	0.15979	0.08881	0.59858	0.01055	0.00505	0.00146	0.00225	0.06497	0.00401	0.00363
76	0.01202	0.73462	0.02033	0.00730	0.01083	0.01540	0.00710	0.02792	0.03323	0.08759	0.00727	0.00778	0.00612	0.00384	0.00292	0.00096	0.00438	0.00254	0.00224	0.00563
77	0.01911	0.00918	0.06590	0.22475	0.21062	0.00865	0.12551	0.02446	0.03141	0.08549	0.02763	0.04371	0.07154	0.00500	0.00436	0.00134	0.00491	0.00466	0.00265	0.02911
78	0.00986	0.20293	0.45959	0.01019	0.01487	0.06274	0.02174	0.02571	0.05852	0.03469	0.00917	0.04340	0.01998	0.00455	0.00381	0.00124	0.00544	0.00351	0.00221	0.00585
79	0.05453	0.00961	0.01600	0.11806	0.69328	0.00989	0.01234	0.01263	0.00932	0.01365	0.00775	0.01031	0.00643	0.00381	0.00409	0.00127	0.00497	0.00367	0.00208	0.00632
80	0.00860	0.07246	0.78127	0.01169	0.01774	0.01018	0.01502	0.01327	0.00885	0.01310	0.00744	0.00875	0.00533	0.00397	0.00391	0.00130	0.00611	0.00305	0.00178	0.00616
81	0.04219	0.07586	0.04844	0.03033	0.20791	0.09427	0.03620	0.08459	0.01062	0.08820	0.07298	0.01442	0.06576	0.00581	0.01822	0.00139	0.07412	0.02020	0.00288	0.00561
82	0.07601	0.20744	0.06146	0.01018	0.09300	0.29512	0.00784	0.02340	0.04306	0.01266	0.05446	0.01009	0.00820	0.00441	0.00352	0.00111	0.00522	0.00317	0.07446	0.00520
83	0.00587	0.00448	0.00619	0.00645	0.00722	0.00412	0.03668	0.02585	0.00846	0.01146	0.02097	0.72614	0.02466	0.01176	0.00514	0.00160	0.00273	0.01069	0.00372	0.07581

[dist]
# distance from previous block
# <min> <max>
0	1

[block]
# block no. 1 follows, 63 sequences, length 30
# corresponding to MSA columns:
# 121-150
name=unknown_B
#
# <colnr> <probs for GDERKNQSTAVLIFYWHMCP>
#	G	D	E	R	K	N	Q	S	T	A	V	L	I	F	Y	W	H	M	C	P
0	0.00526	0.00374	0.00482	0.00563	0.00587	0.00351	0.00369	0.00590	0.00782	0.01038	0.02233	0.70850	0.04971	0.13248	0.00763	0.00204	0.00266	0.01103	0.00371	0.00330
1	0.01071	0.02657	0.12138	0.02711	0.30416	0.02525	0.09757	0.09090	0.22236	0.01569	0.01047	0.01156	0.00806	0.00441	0.00423	0.00132	0.00495	0.00402	0.00282	0.00646
2	0.00892	0.01569	0.42370	0.15378	0.13750	0.00989	0.16505	0.01285	0.00910	0.01297	0.00777	0.00995	0.00576	0.00391	0.00424	0.00135	0.00610	0.00366	0.00190	0.00592
3	0.00580	0.00429	0.00541	0.00513	0.00619	0.00390	0.00385	0.00764	0.01154	0.01600	0.70204	0.03281	0.16199	0.00891	0.00496	0.00134	0.00201	0.00780	0.00451	0.00390
4	0.01548	0.01150	0.01234	0.00951	0.01284	0.01268	0.00783	0.74694	0.06122	0.02565	0.01038	0.01034	0.00742	0.00502	0.00418	0.00125	0.00451	0.00380	0.00416	0.03295
5	0.00598	0.00452	0.00561	0.00518	0.00644	0.00401	0.00391	0.00780	0.01128	0.01569	0.63208	0.03134	0.17168	0.00856	0.00483	0.00129	0.00209	0.00746	0.00435	0.06593
6	0.07291	0.60485	0.15125	0.00878	0.04950	0.03020	0.00863	0.01278	0.00861	0.01127	0.00623	0.00728	0.00538	0.00370	0.00299	0.00102	0.00477	0.00247	0.00187	0.00552
7	0.01042	0.65036	0.17571	0.00803	0.01198	0.01467	0.00864	0.01247	0.00870	0.01081	0.03711	0.00823	0.00675	0.00429	0.01588	0.00109	0.00483	0.00265	0.00191	0.00547
8	0.00500	0.00426	0.00431	0.00430	0.00570	0.00356	0.00322	0.00610	0.00967	0.01156	0.07089	0.04013	0.79591	0.01057	0.00497	0.00142	0.00212	0.00883	0.00393	0.00356
9	0.00536	0.00397	0.00542	0.00672	0.04396	0.00372	0.00429	0.00619	0.00817	0.01089	0.02315	0.78220	0.05495	0.01265	0.00530	0.00168	0.00255	0.01146	0.00382	0.00357
10	0.01236	0.57948	0.10732	0.00803	0.01176	0.07738	0.00803	0.01411	0.00933	0.12683	0.00761	0.00812	0.00610	0.00392	0.00314	0.00102	0.00479	0.00266	0.00231	0.00569
11	0.01773	0.00715	0.00956	0.00748	0.01052	0.00634	0.00611	0.06081	0.01215	0.72867	0.01671	0.07364	0.01148	0.00576	0.00431	0.00133	0.00355	0.00475	0.00506	0.00689
12	0.00992	0.01134	0.02481	0.01772	0.02197	0.01063	0.81077	0.01347	0.00992	0.01347	0.00850	0.01134	0.00638	0.00354	0.00496	0.00142	0.00709	0.00496	0.00213	0.00567
13	0.00838	0.00801	0.01381	0.68793	0.14204	0.00949	0.04876	0.01117	0.00864	0.01129	0.00758	0.01110	0.00579	0.00411	0.00423	0.00138	0.00559	0.00379	0.00191	0.00500
14	0.00884	0.00856	0.01484	0.51076	0.24463	0.00980	0.07777	0.01152	0.00875	0.01175	0.00758	0.01090	0.00595	0.00418	0.00473	0.00138	0.04698	0.00384	0.00195	0.00529
15	0.00849	0.02085	0.77245	0.01191	0.01769	0.00998	0.01508	0.01309	0.00870	0.01309	0.00740	0.00890	0.00534	0.00423	0.00469	0.00137	0.06572	0.00315	0.00178	0.00610
16	0.00958	0.01070	0.02284	0.01701	0.04898	0.01015	0.70697	0.01283	0.00970	0.01320	0.00946	0.07075	0.00789	0.00432	0.00516	0.00144	0.02586	0.00538	0.00224	0.00552
17	0.00888	0.15400	0.70213	0.01122	0.01702	0.01085	0.01421	0.01320	0.00882	0.01277	0.00727	0.00854	0.00534	0.00393	0.00379	0.00126	0.00594	0.00297	0.00178	0.00608
18	0.03394	0.00898	0.01097	0.00896	0.01150	0.06689	0.08984	0.23037	0.03584	0.22078	0.03601	0.19173	0.01333	0.00677	0.00451	0.00138	0.00421	0.01416	0.00400	0.00584
19	0.01004	0.00963	0.01633	0.13104	0.69324	0.01001	0.01261	0.01252	0.00931	0.01321	0.00776	0.01046	0.00648	0.00394	0.00452	0.00129	0.03549	0.00374	0.00204	0.00633
20	0.00865	0.00930	0.01855	0.01381	0.01693	0.00896	0.53686	0.01157	0.02719	0.01283	0.02603	0.08452	0.13935	0.00582	0.00554	0.00147	0.05882	0.00611	0.00262	0.00508
21	0.00932	0.27227	0.56352	0.01071	0.01607	0.01186	0.03625	0.01310	0.00881	0.01229	0.00706	0.00831	0.00538	0.00386	0.00363	0.00120	0.00572	0.00290	0.00179	0.00595
22	0.00977	0.01080	0.05066	0.08426	0.25932	0.01055	0.39544	0.01272	0.00929	0.01296	0.00789	0.01073	0.00627	0.00408	0.00558	0.00141	0.09615	0.00430	0.00205	0.00579
23	0.01071	0.10871	0.22186	0.01401	0.13935	0.03549	0.16933	0.05102	0.00965	0.07126	0.00815	0.00993	0.00631	0.00485	0.01987	0.00143	0.10619	0.00367	0.00228	0.00592
24	0.00942	0.00904	0.01555	0.34571	0.48960	0.00975	0.03608	0.01207	0.00912	0.01255	0.00775	0.01075	0.00624	0.00392	0.00420	0.00131	0.00530	0.00378	0.00200	0.00585
25	0.00638	0.00480	0.00638	0.04455	0.01926	0.00491	0.00495	0.06410	0.00929	0.01254	0.10126	0.60453	0.02529	0.01133	0.00550	0.00163	0.03453	0.03107	0.00380	0.00390
26	0.00556	0.00426	0.00548	0.01870	0.00697	0.00394	0.01438	0.00683	0.00933	0.01215	0.14885	0.35640	0.24726	0.01129	0.00524	0.00160	0.00261	0.13155	0.00395	0.00365
27	0.01484	0.01197	0.06981	0.00936	0.01249	0.14945	0.03605	0.29032	0.05208	0.22369	0.07711	0.01268	0.01042	0.00515	0.00422	0.00126	0.00479	0.00406	0.00390	0.00636
28	0.01035	0.01006	0.01655	0.09381	0.73653	0.03298	0.01267	0.01283	0.00954	0.01339	0.00783	0.01039	0.00654	0.00380	0.00415	0.00126	0.00512	0.00372	0.00207	0.00644
29	0.01708	0.00779	0.01008	0.04710	0.01174	0.00737	0.00660	0.13217	0.04460	0.61340	0.01623	0.01460	0.04051	0.00536	0.00425	0.00131	0.00376	0.00434	0.00482	0.00688

[dist]
# distance from previous block
# <min> <max>
0	1

[block]
# block no. 2 follows, 63 sequences, length 6
# corresponding to MSA columns:
# 152-157
name=unknown_C
#
# <colnr> <probs for GDERKNQSTAVLIFYWHMCP>
#	G	D	E	R	K	N	Q	S	T	A	V	L	I	F	Y	W	H	M	C	P
0	0.00526	0.00372	0.00484	0.00567	0.00588	0.00351	0.00371	0.00589	0.00777	0.01037	0.02176	0.73307	0.02603	0.13204	0.00764	0.00204	0.00267	0.01112	0.00371	0.00329
1	0.01015	0.00988	0.01732	0.09714	0.68835	0.00998	0.07965	0.01276	0.00950	0.01345	0.00792	0.01055	0.00654	0.00377	0.00423	0.00128	0.00522	0.00385	0.00207	0.00640
2	0.00895	0.11940	0.56185	0.07041	0.01859	0.01068	0.12692	0.01307	0.00895	0.01274	0.00747	0.00913	0.00550	0.00390	0.00399	0.00130	0.00609	0.00331	0.00183	0.00593
3	0.00794	0.00747	0.01261	0.84216	0.02895	0.00934	0.01167	0.01074	0.00841	0.01074	0.00747	0.01121	0.00560	0.00420	0.00420	0.00140	0.00560	0.00374	0.00187	0.00467
4	0.88196	0.00813	0.00618	0.00553	0.00813	0.00943	0.00455	0.01236	0.00715	0.01886	0.00585	0.00683	0.00455	0.00390	0.00260	0.00130	0.00325	0.00228	0.00260	0.00455
5	0.00562	0.00396	0.00516	0.00586	0.00621	0.00380	0.00408	0.00648	0.00816	0.01089	0.07197	0.51131	0.02552	0.17879	0.00858	0.00219	0.00295	0.13144	0.00368	0.00335

[dist]
# distance from previous block
# <min> <max>
3	5

[block]
# block no. 3 follows, 63 sequences, length 8
# corresponding to MSA columns:
# 163-170
name=unknown_D
#
# <colnr> <probs for GDERKNQSTAVLIFYWHMCP>
#	G	D	E	R	K	N	Q	S	T	A	V	L	I	F	Y	W	H	M	C	P
0	0.01418	0.00906	0.01016	0.00788	0.01108	0.05765	0.00638	0.16146	0.07082	0.30342	0.01175	0.01139	0.00828	0.00458	0.00413	0.00110	0.02737	0.00355	0.00385	0.27192
1	0.01088	0.61053	0.20620	0.00852	0.01262	0.06784	0.00916	0.01302	0.00884	0.01070	0.00627	0.00728	0.00538	0.00373	0.00306	0.00101	0.00509	0.00247	0.00182	0.00555
2	0.00531	0.00394	0.00500	0.00578	0.00636	0.00363	0.00414	0.00627	0.00857	0.01110	0.02696	0.58015	0.18789	0.01246	0.00534	0.00168	0.00257	0.11544	0.00390	0.00350
3	0.19437	0.00785	0.00752	0.00664	0.00882	0.04579	0.00523	0.10918	0.17960	0.05696	0.09923	0.02082	0.22823	0.00675	0.00414	0.00135	0.00323	0.00537	0.00380	0.00512
4	0.01115	0.01274	0.01632	0.01305	0.01495	0.23077	0.25755	0.01293	0.00897	0.01120	0.00670	0.00943	0.00576	0.00537	0.00840	0.00151	0.36235	0.00382	0.00202	0.00500
5	0.01008	0.51194	0.35476	0.00916	0.01384	0.01381	0.01062	0.01289	0.00868	0.01130	0.00654	0.00762	0.00537	0.00376	0.00323	0.00108	0.00520	0.00260	0.00179	0.00573
6	0.01064	0.67704	0.19453	0.00821	0.01237	0.01517	0.00897	0.01274	0.00861	0.01062	0.00621	0.00720	0.00538	0.00368	0.00297	0.00099	0.00486	0.00243	0.00179	0.00557
7	0.00649	0.00485	0.00685	0.00690	0.00771	0.00479	0.05326	0.00772	0.00823	0.01081	0.01908	0.08594	0.06661	0.29702	0.05243	0.00283	0.00431	0.34745	0.00324	0.00348

[dist]
# distance from previous block
# <min> <max>
0	1

# created by:
# /st0/software/busco_prod/Augustus/scripts/msa2prfl.pl ./align_prep/140938.fa
