[name]
unknown

[dist]
# distance from previous block
# <min> <max>
0	1017

[block]
# block no. 0 follows, 52 sequences, length 70
# corresponding to MSA columns:
# 1179-1188,1194-1203,1207-1223,1225,1226,1246-1261,1267-1271,1278-1287
name=unknown_A
#
# <colnr> <probs for GDERKNQSTAVLIFYWHMCP>
#	G	D	E	R	K	N	Q	S	T	A	V	L	I	F	Y	W	H	M	C	P
0	0.05658	0.00764	0.00908	0.00926	0.01099	0.03111	0.00795	0.14039	0.01303	0.01751	0.02174	0.04354	0.02272	0.01138	0.00611	0.00203	0.00470	0.57468	0.00439	0.00517
1	0.50722	0.01264	0.00983	0.00849	0.01155	0.16524	0.00681	0.13332	0.03701	0.05587	0.00860	0.00933	0.00650	0.00493	0.00369	0.00145	0.00497	0.00318	0.00338	0.00599
2	0.01740	0.01307	0.01397	0.01094	0.01464	0.01455	0.00896	0.66209	0.14566	0.02890	0.01293	0.01267	0.00929	0.00594	0.00486	0.00148	0.00509	0.00454	0.00486	0.00815
3	0.00608	0.00508	0.00537	0.00525	0.00691	0.00425	0.00392	0.00742	0.01109	0.01371	0.10539	0.09354	0.64335	0.01178	0.00563	0.00160	0.00253	0.00992	0.00447	0.05272
4	0.00686	0.00495	0.00648	0.00610	0.00724	0.00457	0.00457	0.00914	0.01372	0.01943	0.79691	0.03620	0.04572	0.00991	0.00572	0.00152	0.00229	0.00876	0.00533	0.00457
5	0.00592	0.00423	0.00564	0.00673	0.00703	0.00395	0.00450	0.00680	0.00937	0.01251	0.04206	0.81078	0.03232	0.01508	0.00618	0.00196	0.00280	0.01368	0.00452	0.00395
6	0.01153	0.01104	0.01884	0.15762	0.67520	0.01139	0.01464	0.01447	0.01082	0.01527	0.00903	0.01214	0.00748	0.00440	0.00481	0.00147	0.00587	0.00432	0.00236	0.00730
7	0.01806	0.01339	0.01434	0.01108	0.01489	0.01486	0.00912	0.74026	0.06642	0.02996	0.01209	0.01200	0.00861	0.00586	0.00485	0.00147	0.00525	0.00443	0.00485	0.00821
8	0.00596	0.00426	0.00567	0.00671	0.00704	0.00397	0.00450	0.00688	0.00953	0.01277	0.07047	0.78162	0.03283	0.01488	0.00616	0.00194	0.00278	0.01349	0.00455	0.00397
9	0.01842	0.01357	0.01454	0.01115	0.01503	0.01503	0.00921	0.78330	0.02278	0.03054	0.01163	0.01163	0.00824	0.00582	0.00485	0.00145	0.00533	0.00436	0.00485	0.00824
10	0.00639	0.00494	0.00582	0.00560	0.00695	0.00437	0.00420	0.00823	0.01260	0.01679	0.48490	0.04055	0.35938	0.01089	0.00572	0.00157	0.00236	0.00937	0.00499	0.00437
11	0.00590	0.00422	0.00562	0.00675	0.00703	0.00394	0.00450	0.00675	0.00928	0.01237	0.02671	0.82653	0.03205	0.01518	0.00619	0.00197	0.00281	0.01378	0.00450	0.00394
12	0.00590	0.00422	0.00562	0.00675	0.00703	0.00394	0.00450	0.00675	0.00928	0.01237	0.02671	0.82653	0.03205	0.01518	0.00619	0.00197	0.00281	0.01378	0.00450	0.00394
13	0.86392	0.00937	0.00712	0.00637	0.00937	0.01087	0.00525	0.01425	0.00825	0.02174	0.00675	0.00787	0.00525	0.00450	0.00300	0.00150	0.00375	0.00262	0.00300	0.00525
14	0.00623	0.00495	0.00565	0.00601	0.00713	0.00451	0.00430	0.00809	0.05482	0.01364	0.08949	0.35712	0.39468	0.01295	0.00587	0.00176	0.00266	0.01128	0.00458	0.00427
15	0.00705	0.00470	0.00529	0.00529	0.00529	0.00470	0.00294	0.00705	0.00705	0.00940	0.01527	0.03171	0.01762	0.82969	0.02467	0.00470	0.00470	0.00705	0.00294	0.00294
16	0.00705	0.00470	0.00529	0.00529	0.00529	0.00470	0.00294	0.00705	0.00705	0.00940	0.01527	0.03171	0.01762	0.82969	0.02467	0.00470	0.00470	0.00705	0.00294	0.00294
17	0.00619	0.00490	0.00557	0.00545	0.00684	0.00428	0.00407	0.00783	0.01206	0.01561	0.34882	0.07064	0.46769	0.01143	0.00574	0.00160	0.00240	0.00977	0.00484	0.00428
18	0.00705	0.00470	0.00529	0.00529	0.00529	0.00470	0.00294	0.00705	0.00705	0.00940	0.01527	0.03171	0.01762	0.82969	0.02467	0.00470	0.00470	0.00705	0.00294	0.00294
19	0.00724	0.00506	0.00649	0.00607	0.00734	0.00461	0.00457	0.00942	0.01347	0.04448	0.70204	0.03652	0.11440	0.01000	0.00569	0.00153	0.00236	0.00877	0.00528	0.00465
20	0.86392	0.00937	0.00712	0.00637	0.00937	0.01087	0.00525	0.01425	0.00825	0.02174	0.00675	0.00787	0.00525	0.00450	0.00300	0.00150	0.00375	0.00262	0.00300	0.00525
21	0.01005	0.00791	0.00867	0.00807	0.01013	0.00851	0.00613	0.01794	0.42510	0.05657	0.09443	0.12364	0.15745	0.03568	0.00593	0.00176	0.00337	0.00764	0.00483	0.00618
22	0.00776	0.00586	0.00737	0.00800	0.00914	0.00597	0.00638	0.01115	0.12561	0.01444	0.02643	0.23035	0.09184	0.05910	0.00725	0.00217	0.00382	0.36822	0.00446	0.00469
23	0.01199	0.01151	0.01967	0.02974	0.79946	0.01151	0.01487	0.01487	0.01103	0.01583	0.00912	0.01199	0.00768	0.00432	0.00480	0.00144	0.00576	0.00432	0.00240	0.00768
24	0.00601	0.00451	0.00560	0.00634	0.00707	0.00410	0.00446	0.00712	0.01011	0.01310	0.07889	0.53490	0.23280	0.01401	0.00606	0.00187	0.00277	0.05169	0.00455	0.00404
25	0.01388	0.01132	0.01199	0.01023	0.01330	0.01291	0.00811	0.24311	0.57037	0.02322	0.01740	0.01623	0.01291	0.00636	0.00491	0.00159	0.00426	0.00516	0.00491	0.00783
26	0.01498	0.01175	0.01268	0.00955	0.01358	0.02876	0.00779	0.45078	0.01737	0.02409	0.01031	0.01092	0.00776	0.00489	0.00432	0.00115	0.00469	0.00372	0.00399	0.35691
27	0.00909	0.00726	0.01030	0.00970	0.03365	0.00860	0.02049	0.01058	0.00944	0.05969	0.14737	0.10019	0.03666	0.06665	0.17213	0.00323	0.26656	0.02010	0.00339	0.00492
28	0.00612	0.00501	0.00537	0.00541	0.00683	0.00441	0.00397	0.00779	0.03653	0.01382	0.12580	0.12782	0.58295	0.03851	0.00636	0.00176	0.00259	0.01019	0.00455	0.00421
29	0.01842	0.01357	0.01454	0.01115	0.01503	0.01503	0.00921	0.78330	0.02278	0.03054	0.01163	0.01163	0.00824	0.00582	0.00485	0.00145	0.00533	0.00436	0.00485	0.00824
30	0.01199	0.01151	0.01967	0.02974	0.79946	0.01151	0.01487	0.01487	0.01103	0.01583	0.00912	0.01199	0.00768	0.00432	0.00480	0.00144	0.00576	0.00432	0.00240	0.00768
31	0.01202	0.59942	0.25039	0.00989	0.01490	0.01689	0.01107	0.01475	0.00996	0.01254	0.00730	0.00848	0.00620	0.00428	0.00354	0.00118	0.00575	0.00288	0.00207	0.00649
32	0.00590	0.00422	0.00562	0.00675	0.00703	0.00394	0.00450	0.00675	0.00928	0.01237	0.02671	0.82653	0.03205	0.01518	0.00619	0.00197	0.00281	0.01378	0.00450	0.00394
33	0.01011	0.00985	0.01379	0.01195	0.01204	0.01360	0.00986	0.01119	0.00744	0.01153	0.00735	0.01225	0.00736	0.04380	0.09246	0.00277	0.71090	0.00444	0.00220	0.00511
34	0.01181	0.01133	0.01934	0.07974	0.75088	0.01147	0.01478	0.01471	0.01095	0.01561	0.00908	0.01205	0.00760	0.00435	0.00480	0.00145	0.00580	0.00432	0.00238	0.00753
35	0.01296	0.83261	0.02539	0.00829	0.01244	0.01917	0.00829	0.01451	0.00985	0.01140	0.00674	0.00777	0.00622	0.00415	0.00311	0.00104	0.00518	0.00259	0.00207	0.00622
36	0.00590	0.00422	0.00562	0.00675	0.00703	0.00394	0.00450	0.00675	0.00928	0.01237	0.02671	0.82653	0.03205	0.01518	0.00619	0.00197	0.00281	0.01378	0.00450	0.00394
37	0.00915	0.00861	0.01453	0.81804	0.03338	0.01077	0.01346	0.01238	0.00969	0.01238	0.00861	0.01292	0.00646	0.00484	0.00484	0.00161	0.00646	0.00431	0.00215	0.00538
38	0.01200	0.01136	0.01849	0.02705	0.69272	0.01159	0.01390	0.01635	0.11680	0.01643	0.01055	0.01282	0.00864	0.00462	0.00482	0.00147	0.00550	0.00448	0.00274	0.00768
39	0.01010	0.05421	0.75176	0.01357	0.02048	0.03644	0.01729	0.01544	0.01033	0.01510	0.00859	0.01010	0.00614	0.00460	0.00454	0.00151	0.00714	0.00353	0.00206	0.00708
40	0.00692	0.00519	0.00779	0.00779	0.00865	0.00606	0.00606	0.00865	0.00779	0.01125	0.01298	0.01904	0.01211	0.03634	0.81049	0.00779	0.01298	0.00519	0.00260	0.00433
41	0.00686	0.00495	0.00648	0.00610	0.00724	0.00457	0.00457	0.00914	0.01372	0.01943	0.79691	0.03620	0.04572	0.00991	0.00572	0.00152	0.00229	0.00876	0.00533	0.00457
42	0.01162	0.01113	0.01900	0.13310	0.69902	0.01142	0.01469	0.01455	0.01086	0.01538	0.00905	0.01212	0.00752	0.00439	0.00480	0.00146	0.00585	0.00432	0.00237	0.00738
43	0.00692	0.00519	0.00779	0.00779	0.00865	0.00606	0.00606	0.00865	0.00779	0.01125	0.01298	0.01904	0.01211	0.03634	0.81049	0.00779	0.01298	0.00519	0.00260	0.00433
44	0.02164	0.00840	0.01134	0.00870	0.01245	0.00735	0.00718	0.04595	0.01413	0.78011	0.01890	0.01635	0.01189	0.00599	0.00487	0.00150	0.00416	0.00486	0.00596	0.00825
45	0.01236	0.01163	0.01938	0.02869	0.75489	0.01171	0.01455	0.05854	0.01170	0.01667	0.00926	0.01197	0.00771	0.00440	0.00480	0.00144	0.00573	0.00432	0.00254	0.00771
46	0.00687	0.00494	0.00641	0.00605	0.00713	0.00458	0.00448	0.00903	0.01334	0.01886	0.75249	0.03594	0.04413	0.05649	0.00679	0.00170	0.00242	0.00867	0.00520	0.00448
47	0.00702	0.00469	0.00529	0.00532	0.00533	0.00468	0.00298	0.00704	0.00711	0.00947	0.01557	0.05268	0.01800	0.80821	0.02418	0.00463	0.00465	0.00722	0.00298	0.00296
48	0.01005	0.00861	0.01005	0.00718	0.01148	0.00646	0.00574	0.01220	0.01005	0.01579	0.00861	0.01005	0.00718	0.00359	0.00359	0.00072	0.00359	0.00287	0.00287	0.85932
49	0.00617	0.00435	0.00563	0.00655	0.00681	0.00413	0.00432	0.00691	0.00894	0.01190	0.02462	0.65850	0.02932	0.16180	0.00953	0.00247	0.00320	0.03686	0.00422	0.00377
50	0.01805	0.01152	0.01295	0.01022	0.01384	0.01233	0.00835	0.43008	0.17276	0.23479	0.01524	0.01421	0.01054	0.00602	0.00487	0.00150	0.00471	0.00472	0.00517	0.00813
51	0.14325	0.05801	0.32745	0.01227	0.04496	0.02495	0.06818	0.06456	0.07669	0.11874	0.01082	0.01154	0.00776	0.00494	0.00444	0.00150	0.00581	0.00393	0.00317	0.00702
52	0.01068	0.00751	0.00894	0.00869	0.01057	0.00798	0.00681	0.01720	0.32831	0.10807	0.03765	0.22174	0.02206	0.01012	0.00562	0.00183	0.00373	0.17156	0.00486	0.00608
53	0.00635	0.00448	0.00569	0.00648	0.00681	0.00427	0.00434	0.00710	0.00892	0.01180	0.02448	0.52945	0.05566	0.22529	0.01098	0.00268	0.00342	0.07396	0.00409	0.00373
54	0.15708	0.52164	0.04448	0.00890	0.01265	0.16136	0.00827	0.01537	0.01030	0.01335	0.00694	0.00804	0.00606	0.00437	0.00337	0.00117	0.00565	0.00272	0.00231	0.00598
55	0.00690	0.00473	0.00544	0.00549	0.00575	0.00463	0.00333	0.00728	0.00812	0.01080	0.08567	0.07553	0.07550	0.63940	0.02030	0.00401	0.00423	0.02627	0.00337	0.00325
56	0.01199	0.01151	0.01967	0.02974	0.79946	0.01151	0.01487	0.01487	0.01103	0.01583	0.00912	0.01199	0.00768	0.00432	0.00480	0.00144	0.00576	0.00432	0.00240	0.00768
57	0.00640	0.00488	0.00588	0.00575	0.00699	0.00436	0.00427	0.00822	0.01246	0.01674	0.48435	0.10433	0.29548	0.01113	0.00576	0.00160	0.00239	0.00966	0.00499	0.00436
58	0.01005	0.00861	0.01005	0.00718	0.01148	0.00646	0.00574	0.01220	0.01005	0.01579	0.00861	0.01005	0.00718	0.00359	0.00359	0.00072	0.00359	0.00287	0.00287	0.85932
59	0.01850	0.01300	0.01415	0.01084	0.01471	0.01414	0.00895	0.69924	0.02171	0.09646	0.01220	0.01201	0.00854	0.00578	0.00482	0.00144	0.00519	0.00437	0.00490	0.02907
60	0.01199	0.01151	0.01967	0.02974	0.79946	0.01151	0.01487	0.01487	0.01103	0.01583	0.00912	0.01199	0.00768	0.00432	0.00480	0.00144	0.00576	0.00432	0.00240	0.00768
61	0.00838	0.00423	0.00635	0.00635	0.00637	0.00426	0.00426	0.00637	0.00635	0.00849	0.00853	0.01484	0.00851	0.01733	0.03884	0.83761	0.00443	0.00423	0.00212	0.00216
62	0.00693	0.00518	0.00771	0.00771	0.00854	0.00601	0.00596	0.00860	0.00776	0.01119	0.01306	0.01945	0.01230	0.06231	0.78477	0.00769	0.01271	0.00525	0.00261	0.00428
63	0.00915	0.00861	0.01453	0.81804	0.03338	0.01077	0.01346	0.01238	0.00969	0.01238	0.00861	0.01292	0.00646	0.00484	0.00484	0.00161	0.00646	0.00431	0.00215	0.00538
64	0.00915	0.00861	0.01453	0.81804	0.03338	0.01077	0.01346	0.01238	0.00969	0.01238	0.00861	0.01292	0.00646	0.00484	0.00484	0.00161	0.00646	0.00431	0.00215	0.00538
65	0.02896	0.00775	0.00879	0.00782	0.00994	0.00816	0.00607	0.08002	0.27037	0.06289	0.36366	0.02721	0.08179	0.00830	0.00528	0.00156	0.00319	0.00707	0.00509	0.00608
66	0.00665	0.00494	0.00615	0.00585	0.00706	0.00448	0.00436	0.00867	0.01305	0.01798	0.63490	0.03810	0.18963	0.02945	0.00616	0.00162	0.00237	0.00901	0.00512	0.00444
67	0.86392	0.00937	0.00712	0.00637	0.00937	0.01087	0.00525	0.01425	0.00825	0.02174	0.00675	0.00787	0.00525	0.00450	0.00300	0.00150	0.00375	0.00262	0.00300	0.00525
68	0.20607	0.00968	0.00999	0.00826	0.01122	0.01041	0.00668	0.28179	0.07757	0.09779	0.09146	0.01881	0.11453	0.00682	0.00460	0.00151	0.00400	0.00529	0.02702	0.00654
69	0.00648	0.00470	0.00609	0.00702	0.00750	0.00454	0.00481	0.02643	0.03791	0.01315	0.02606	0.75856	0.03075	0.01460	0.00612	0.00195	0.00295	0.03167	0.00452	0.00419

[dist]
# distance from previous block
# <min> <max>
19	61

[block]
# block no. 1 follows, 52 sequences, length 57
# corresponding to MSA columns:
# 1394-1450
name=unknown_B
#
# <colnr> <probs for GDERKNQSTAVLIFYWHMCP>
#	G	D	E	R	K	N	Q	S	T	A	V	L	I	F	Y	W	H	M	C	P
0	0.05726	0.00998	0.01211	0.00933	0.01308	0.00979	0.00770	0.26389	0.01645	0.52423	0.01621	0.01458	0.01051	0.00588	0.00478	0.00149	0.00449	0.00461	0.00550	0.00812
1	0.01810	0.02310	0.01373	0.01248	0.01498	0.81024	0.00936	0.01935	0.01373	0.01186	0.00749	0.00874	0.00624	0.00499	0.00437	0.00125	0.00874	0.00312	0.00250	0.00562
2	0.04847	0.00621	0.00681	0.00631	0.00820	0.00593	0.00481	0.01200	0.11999	0.09592	0.17262	0.05058	0.39251	0.04067	0.00612	0.00172	0.00294	0.00835	0.00473	0.00511
3	0.12268	0.00669	0.00710	0.00676	0.00856	0.00699	0.00524	0.01325	0.18149	0.01810	0.23281	0.05544	0.16689	0.00882	0.00501	0.00158	0.00299	0.05129	0.09309	0.00522
4	0.00590	0.00422	0.00562	0.00675	0.00703	0.00394	0.00450	0.00675	0.00928	0.01237	0.02671	0.82653	0.03205	0.01518	0.00619	0.00197	0.00281	0.01378	0.00450	0.00394
5	0.00606	0.00436	0.00574	0.00658	0.00705	0.00405	0.00448	0.00716	0.01008	0.01358	0.15695	0.66811	0.05941	0.01420	0.00609	0.00188	0.00271	0.01282	0.00464	0.00405
6	0.00749	0.00518	0.00642	0.00674	0.00754	0.00501	0.00477	0.05620	0.01072	0.02917	0.12393	0.42624	0.06974	0.12636	0.00850	0.00222	0.00326	0.06154	0.03466	0.00429
7	0.00667	0.00491	0.00667	0.00736	0.00795	0.00470	0.02432	0.04209	0.01000	0.01334	0.02557	0.74361	0.03022	0.01442	0.00613	0.00195	0.00311	0.03829	0.00446	0.00421
8	0.00870	0.00667	0.00869	0.00926	0.01062	0.00716	0.00791	0.01293	0.15061	0.01541	0.02373	0.04612	0.02457	0.01195	0.00679	0.00212	0.04116	0.59609	0.00444	0.00507
9	0.00622	0.00454	0.00585	0.00665	0.00727	0.00422	0.00472	0.00738	0.01007	0.01328	0.10181	0.53952	0.13141	0.03958	0.00672	0.00200	0.00296	0.09724	0.00452	0.00404
10	0.00697	0.00498	0.00684	0.00791	0.00867	0.00485	0.00630	0.00862	0.01044	0.01376	0.05135	0.38104	0.03024	0.01403	0.00645	0.00210	0.00369	0.42301	0.00451	0.00424
11	0.12008	0.00832	0.01059	0.00833	0.01184	0.00760	0.00683	0.03859	0.01321	0.65950	0.01783	0.05055	0.01199	0.00622	0.00471	0.00152	0.00405	0.00498	0.00555	0.00771
12	0.00829	0.00550	0.00692	0.00649	0.00795	0.00512	0.00496	0.01084	0.04876	0.08668	0.51576	0.05342	0.13829	0.02951	0.00612	0.00167	0.00273	0.05092	0.00514	0.00491
13	0.00692	0.00519	0.00779	0.00779	0.00865	0.00606	0.00606	0.00865	0.00779	0.01125	0.01298	0.01904	0.01211	0.03634	0.81049	0.00779	0.01298	0.00519	0.00260	0.00433
14	0.01673	0.01340	0.01557	0.01202	0.01578	0.04870	0.09984	0.56587	0.09833	0.02664	0.01215	0.01247	0.00881	0.00565	0.00491	0.00148	0.00559	0.00458	0.02367	0.00779
15	0.01060	0.01060	0.01484	0.01272	0.01272	0.01484	0.01060	0.01166	0.00742	0.01166	0.00636	0.01060	0.00636	0.00848	0.01590	0.00212	0.82082	0.00424	0.00212	0.00530
16	0.00720	0.00524	0.00766	0.00754	0.00832	0.00594	0.00579	0.00851	0.00834	0.01191	0.10294	0.02072	0.03018	0.02957	0.58152	0.10691	0.03918	0.00555	0.00287	0.00412
17	0.00852	0.00588	0.00836	0.05684	0.01153	0.00595	0.00811	0.01079	0.01119	0.04992	0.02435	0.05047	0.02590	0.01255	0.00650	0.00216	0.00457	0.68732	0.00439	0.00469
18	0.00742	0.00506	0.00657	0.00620	0.00743	0.00463	0.00464	0.00956	0.01335	0.05406	0.68374	0.08257	0.07604	0.01015	0.00571	0.00155	0.00241	0.00895	0.00528	0.00468
19	0.13109	0.04570	0.03424	0.01157	0.04934	0.35704	0.00893	0.17044	0.01446	0.11879	0.00979	0.01035	0.00731	0.00515	0.00433	0.00136	0.00650	0.00357	0.00345	0.00658
20	0.01296	0.83261	0.02539	0.00829	0.01244	0.01917	0.00829	0.01451	0.00985	0.01140	0.00674	0.00777	0.00622	0.00415	0.00311	0.00104	0.00518	0.00259	0.00207	0.00622
21	0.01093	0.01016	0.01577	0.07712	0.46450	0.00976	0.01155	0.01350	0.01057	0.01536	0.01060	0.01297	0.04171	0.00459	0.00476	0.00127	0.02478	0.00415	0.00260	0.25335
22	0.00684	0.00461	0.00535	0.00555	0.00560	0.00456	0.00322	0.00699	0.00745	0.00994	0.01736	0.17671	0.02025	0.68110	0.02129	0.00420	0.00435	0.00827	0.00322	0.00312
23	0.01064	0.13244	0.65619	0.01292	0.01950	0.01252	0.01613	0.05817	0.01088	0.01567	0.00860	0.00998	0.00627	0.00461	0.00442	0.00146	0.00679	0.00349	0.00221	0.00710
24	0.00915	0.00861	0.01453	0.81804	0.03338	0.01077	0.01346	0.01238	0.00969	0.01238	0.00861	0.01292	0.00646	0.00484	0.00484	0.00161	0.00646	0.00431	0.00215	0.00538
25	0.01002	0.00778	0.00819	0.00740	0.00960	0.00815	0.00581	0.13342	0.23239	0.01855	0.02950	0.02970	0.31484	0.00883	0.00510	0.00157	0.00335	0.04133	0.11865	0.00582
26	0.18898	0.00847	0.01043	0.00818	0.01178	0.00787	0.00675	0.02176	0.01275	0.64772	0.01666	0.01478	0.01066	0.00570	0.00450	0.00150	0.00405	0.00443	0.00540	0.00765
27	0.01005	0.00861	0.01005	0.00718	0.01148	0.00646	0.00574	0.01220	0.01005	0.01579	0.00861	0.01005	0.00718	0.00359	0.00359	0.00072	0.00359	0.00287	0.00287	0.85932
28	0.02125	0.00846	0.01130	0.00873	0.01244	0.00751	0.00719	0.04016	0.04780	0.75211	0.01898	0.01646	0.01204	0.00602	0.00488	0.00150	0.00414	0.00489	0.00593	0.00822
29	0.00589	0.00426	0.00558	0.00664	0.00700	0.00394	0.00445	0.00676	0.00938	0.01241	0.02796	0.78293	0.07485	0.01502	0.00616	0.00195	0.00279	0.01358	0.00450	0.00394
30	0.00686	0.00495	0.00648	0.00610	0.00724	0.00457	0.00457	0.00914	0.01372	0.01943	0.79691	0.03620	0.04572	0.00991	0.00572	0.00152	0.00229	0.00876	0.00533	0.00457
31	0.00705	0.00470	0.00529	0.00529	0.00529	0.00470	0.00294	0.00705	0.00705	0.00940	0.01527	0.03171	0.01762	0.82969	0.02467	0.00470	0.00470	0.00705	0.00294	0.00294
32	0.00829	0.00605	0.00686	0.00674	0.00749	0.00633	0.00447	0.06076	0.13021	0.01320	0.01854	0.22397	0.02012	0.44745	0.01575	0.00334	0.00414	0.00828	0.00376	0.00426
33	0.00705	0.00470	0.00529	0.00529	0.00529	0.00470	0.00294	0.00705	0.00705	0.00940	0.01527	0.03171	0.01762	0.82969	0.02467	0.00470	0.00470	0.00705	0.00294	0.00294
34	0.00767	0.00548	0.00765	0.00877	0.00983	0.00546	0.00758	0.00981	0.01102	0.01435	0.02573	0.10910	0.02818	0.01351	0.00666	0.00221	0.00435	0.71374	0.00446	0.00443
35	0.00590	0.00422	0.00562	0.00675	0.00703	0.00394	0.00450	0.00675	0.00928	0.01237	0.02671	0.82653	0.03205	0.01518	0.00619	0.00197	0.00281	0.01378	0.00450	0.00394
36	0.12897	0.00992	0.01033	0.00901	0.01180	0.01113	0.00714	0.13477	0.43222	0.05695	0.07492	0.01806	0.02951	0.00658	0.00471	0.00158	0.00389	0.01613	0.02534	0.00703
37	0.82685	0.00916	0.00701	0.00629	0.00921	0.01060	0.00517	0.01412	0.00833	0.02158	0.00714	0.00831	0.00556	0.00455	0.00302	0.00148	0.00368	0.00271	0.04001	0.00522
38	0.00915	0.00861	0.01453	0.81804	0.03338	0.01077	0.01346	0.01238	0.00969	0.01238	0.00861	0.01292	0.00646	0.00484	0.00484	0.00161	0.00646	0.00431	0.00215	0.00538
39	0.00604	0.00432	0.00578	0.00691	0.00725	0.00406	0.00474	0.00699	0.00942	0.01253	0.02663	0.76988	0.03175	0.01505	0.00622	0.00199	0.00293	0.06905	0.00450	0.00397
40	0.05478	0.00520	0.00651	0.00611	0.00736	0.00492	0.00461	0.00943	0.01341	0.01956	0.75273	0.03462	0.04346	0.00960	0.00556	0.00152	0.00237	0.00842	0.00520	0.00461
41	0.00624	0.00493	0.00562	0.00545	0.00686	0.00431	0.00409	0.00795	0.01226	0.01598	0.38938	0.04189	0.45541	0.01120	0.00572	0.00159	0.00238	0.00956	0.00488	0.00431
42	0.01083	0.40950	0.01614	0.00763	0.00994	0.01227	0.00659	0.04643	0.00902	0.01130	0.00869	0.01267	0.00831	0.05798	0.10840	0.24771	0.00584	0.00371	0.00232	0.00472
43	0.00825	0.04318	0.00814	0.00726	0.00800	0.00616	0.00543	0.03541	0.00786	0.01078	0.01115	0.01780	0.01076	0.05482	0.36979	0.35810	0.00822	0.02280	0.00251	0.00359
44	0.01146	0.01300	0.02818	0.02085	0.06098	0.01222	0.74654	0.01549	0.01142	0.01554	0.00977	0.01302	0.00737	0.00410	0.00568	0.00163	0.00806	0.00565	0.00245	0.00659
45	0.00805	0.00607	0.00720	0.00747	0.00861	0.00620	0.00535	0.04681	0.17072	0.02990	0.04483	0.52790	0.08695	0.01246	0.00579	0.00183	0.00312	0.01107	0.00465	0.00501
46	0.01324	0.01109	0.01620	0.34777	0.03470	0.02705	0.12200	0.23553	0.06525	0.06272	0.01095	0.01302	0.00797	0.00519	0.00497	0.00156	0.00611	0.00461	0.00338	0.00671
47	0.04900	0.00985	0.04261	0.66772	0.09273	0.03194	0.01324	0.01296	0.00986	0.01318	0.00854	0.01241	0.00648	0.00478	0.00474	0.00158	0.00636	0.00417	0.00222	0.00563
48	0.02165	0.01174	0.11347	0.33571	0.27254	0.01083	0.08857	0.01355	0.01031	0.01427	0.00988	0.05766	0.00831	0.00515	0.00494	0.00157	0.00625	0.00486	0.00239	0.00636
49	0.01162	0.13321	0.42835	0.01253	0.03811	0.03940	0.05338	0.05336	0.02655	0.06999	0.01211	0.03157	0.04436	0.00546	0.00461	0.00148	0.00623	0.01808	0.00278	0.00683
50	0.06344	0.04358	0.20377	0.01196	0.04328	0.05583	0.09430	0.03744	0.06050	0.21301	0.03134	0.06675	0.01172	0.00617	0.00487	0.00156	0.00554	0.03435	0.00375	0.00684
51	0.03913	0.02925	0.21296	0.06740	0.05422	0.00997	0.19721	0.02880	0.03702	0.09643	0.03060	0.09831	0.01178	0.02784	0.00558	0.00168	0.00591	0.01790	0.02165	0.00638
52	0.01221	0.03057	0.16498	0.02735	0.06738	0.00955	0.04682	0.12844	0.04120	0.12376	0.04294	0.15067	0.02826	0.00725	0.00523	0.00155	0.02073	0.01978	0.00382	0.06750
53	0.06678	0.02911	0.02680	0.01115	0.12392	0.02582	0.04226	0.02709	0.02651	0.18374	0.22735	0.03839	0.10475	0.00747	0.00507	0.00151	0.00402	0.02107	0.00438	0.02279
54	0.01548	0.01233	0.14432	0.01089	0.01494	0.01009	0.07288	0.09548	0.20626	0.30353	0.01679	0.03597	0.02615	0.00608	0.00496	0.00156	0.00494	0.00515	0.00461	0.00760
55	0.04512	0.04721	0.04828	0.00937	0.01311	0.00835	0.06283	0.02008	0.05260	0.49183	0.08280	0.01664	0.01363	0.00587	0.00477	0.00145	0.00438	0.00493	0.00498	0.06179
56	0.01625	0.01414	0.03837	0.01050	0.01382	0.24785	0.02865	0.07300	0.17882	0.20764	0.02816	0.01361	0.01045	0.00554	0.00463	0.00138	0.00564	0.00430	0.00410	0.09315

[dist]
# distance from previous block
# <min> <max>
6	32

# created by:
# /st0/software/busco_prod/Augustus/scripts/msa2prfl.pl ./align_prep/141092.fa
