[name]
unknown

[dist]
# distance from previous block
# <min> <max>
0	13

[block]
# block no. 0 follows, 57 sequences, length 35
# corresponding to MSA columns:
# 13-47
name=unknown_A
#
# <colnr> <probs for GDERKNQSTAVLIFYWHMCP>
#	G	D	E	R	K	N	Q	S	T	A	V	L	I	F	Y	W	H	M	C	P
0	0.01047	0.34758	0.44783	0.01066	0.01590	0.03896	0.01258	0.01398	0.00956	0.01276	0.00795	0.01013	0.00652	0.00445	0.00382	0.00127	0.00592	0.03144	0.00202	0.00621
1	0.00637	0.00476	0.00582	0.00595	0.00706	0.00434	0.00440	0.00791	0.02166	0.02961	0.21613	0.29345	0.26091	0.01136	0.00557	0.00161	0.01294	0.06014	0.00434	0.03567
2	0.01097	0.01186	0.06283	0.21301	0.48243	0.08757	0.01315	0.01369	0.01011	0.01355	0.00817	0.01099	0.00666	0.00435	0.00478	0.00139	0.03205	0.00389	0.00217	0.00639
3	0.01129	0.01099	0.01722	0.14889	0.62684	0.05455	0.01327	0.03662	0.01058	0.01451	0.00844	0.01117	0.00695	0.00419	0.00447	0.00136	0.00562	0.00398	0.00228	0.00676
4	0.00780	0.00631	0.00728	0.00704	0.00783	0.06017	0.00512	0.04230	0.02569	0.01098	0.01275	0.03748	0.01282	0.28789	0.43131	0.00539	0.01978	0.00541	0.00269	0.00394
5	0.00585	0.00411	0.00513	0.00581	0.00604	0.00391	0.00372	0.00640	0.00809	0.01073	0.02249	0.55266	0.05779	0.27237	0.01117	0.00263	0.00317	0.01078	0.00375	0.00339
6	0.01154	0.02285	0.03743	0.01188	0.03087	0.23952	0.15435	0.05450	0.05445	0.01317	0.02086	0.04655	0.00941	0.02708	0.17293	0.00268	0.07732	0.00461	0.00266	0.00534
7	0.25980	0.09511	0.12568	0.01128	0.02535	0.10011	0.16181	0.07418	0.01037	0.02780	0.00794	0.01920	0.00629	0.00461	0.00456	0.00140	0.05257	0.00357	0.00258	0.00579
8	0.00628	0.00488	0.00677	0.00713	0.00795	0.00466	0.04570	0.00799	0.04854	0.01232	0.02569	0.56391	0.10981	0.03167	0.00611	0.00186	0.00311	0.09751	0.00409	0.00403
9	0.00575	0.00423	0.00562	0.03006	0.00746	0.00401	0.00462	0.00678	0.00909	0.01198	0.05100	0.66429	0.09426	0.01341	0.00573	0.00181	0.00280	0.06916	0.00417	0.00379
10	0.02410	0.02162	0.07969	0.01473	0.12884	0.11297	0.18260	0.12354	0.14058	0.03238	0.01053	0.01213	0.00817	0.02069	0.00557	0.00149	0.05633	0.00433	0.01325	0.00645
11	0.02428	0.03521	0.01689	0.14813	0.53826	0.04868	0.01261	0.09400	0.01130	0.01550	0.00853	0.01100	0.00692	0.00428	0.00441	0.00135	0.00553	0.00392	0.00245	0.00674
12	0.00620	0.00462	0.00576	0.00547	0.00664	0.00418	0.00411	0.00813	0.01232	0.01696	0.65437	0.03584	0.19923	0.00971	0.00535	0.00145	0.00217	0.00847	0.00483	0.00418
13	0.01379	0.12904	0.21945	0.01108	0.01507	0.24790	0.02788	0.17160	0.01285	0.03878	0.00834	0.00935	0.00640	0.00467	0.00440	0.00127	0.03042	0.00332	0.00271	0.04169
14	0.82791	0.00953	0.04875	0.00632	0.00933	0.01018	0.00552	0.01337	0.00781	0.02002	0.00640	0.00748	0.00495	0.00421	0.00288	0.00140	0.00367	0.00250	0.00276	0.00500
15	0.00557	0.00401	0.00528	0.00621	0.00657	0.00372	0.00418	0.00645	0.00899	0.01200	0.07416	0.75993	0.05854	0.01380	0.00574	0.00180	0.00259	0.01247	0.00425	0.00372
16	0.00822	0.00746	0.01033	0.03133	0.03329	0.03251	0.00771	0.00962	0.00751	0.01088	0.01006	0.05385	0.00978	0.02069	0.40899	0.00452	0.32160	0.00481	0.00233	0.00452
17	0.06361	0.00729	0.00767	0.00658	0.00862	0.00769	0.00521	0.25647	0.01343	0.04325	0.07008	0.04725	0.06273	0.00626	0.00399	0.00127	0.00318	0.00500	0.37503	0.00541
18	0.00551	0.00456	0.00482	0.00483	0.00623	0.00388	0.00359	0.00677	0.01058	0.01301	0.14792	0.08353	0.66650	0.01132	0.00538	0.00153	0.00229	0.00955	0.00431	0.00388
19	0.00690	0.00546	0.00835	0.00778	0.00913	0.00501	0.10825	0.00842	0.00997	0.04065	0.10160	0.39371	0.19483	0.01136	0.00559	0.00170	0.00333	0.06964	0.00408	0.00426
20	0.00555	0.00459	0.00482	0.00477	0.00618	0.00391	0.00355	0.00681	0.01060	0.01303	0.15983	0.04175	0.67268	0.03473	0.00586	0.00160	0.00233	0.00927	0.00428	0.00386
21	0.01199	0.01009	0.01065	0.00937	0.01206	0.01161	0.00735	0.11759	0.70962	0.02012	0.01753	0.01618	0.01309	0.00606	0.00460	0.00152	0.00376	0.00500	0.00460	0.00724
22	0.01211	0.84348	0.02374	0.00775	0.01163	0.01793	0.00775	0.01357	0.00921	0.01066	0.00630	0.00727	0.00582	0.00388	0.00291	0.00097	0.00485	0.00242	0.00194	0.00582
23	0.00862	0.00815	0.01361	0.78932	0.03025	0.01026	0.01245	0.01154	0.00896	0.01154	0.00795	0.01197	0.00604	0.00470	0.00504	0.00153	0.04700	0.00402	0.00201	0.00503
24	0.01211	0.84348	0.02374	0.00775	0.01163	0.01793	0.00775	0.01357	0.00921	0.01066	0.00630	0.00727	0.00582	0.00388	0.00291	0.00097	0.00485	0.00242	0.00194	0.00582
25	0.87276	0.00876	0.00666	0.00596	0.00876	0.01017	0.00491	0.01332	0.00771	0.02033	0.00631	0.00736	0.00491	0.00421	0.00280	0.00140	0.00351	0.00245	0.00280	0.00491
26	0.00780	0.00508	0.00659	0.00603	0.00737	0.00473	0.00459	0.01028	0.04101	0.08760	0.71298	0.03164	0.03898	0.00883	0.00525	0.00143	0.00234	0.00777	0.00503	0.00468
27	0.00952	0.00810	0.01008	0.00733	0.01112	0.00639	0.03791	0.01158	0.00962	0.02993	0.04798	0.01085	0.00857	0.00383	0.00385	0.00079	0.02463	0.00314	0.00282	0.75197
28	0.00645	0.00448	0.00571	0.00591	0.00683	0.00408	0.00427	0.00789	0.01077	0.04494	0.33954	0.35068	0.15369	0.01146	0.00551	0.00162	0.00246	0.02504	0.00457	0.00410
29	0.00599	0.00445	0.00564	0.00607	0.00693	0.00410	0.00450	0.00743	0.01046	0.01389	0.25658	0.33437	0.19174	0.01198	0.00564	0.00169	0.00263	0.11755	0.00443	0.00395
30	0.01180	0.01082	0.01589	0.17253	0.34750	0.05032	0.06496	0.17017	0.01232	0.01657	0.02766	0.03097	0.00851	0.02341	0.00514	0.00147	0.01632	0.00443	0.00278	0.00644
31	0.00952	0.00551	0.00710	0.00636	0.00796	0.00508	0.00489	0.03919	0.01253	0.17737	0.49325	0.06919	0.07299	0.03925	0.00585	0.00157	0.00276	0.02974	0.00491	0.00498
32	0.05820	0.01085	0.05033	0.00991	0.04055	0.06417	0.00797	0.23106	0.09215	0.18799	0.07966	0.05681	0.01263	0.00630	0.00535	0.00146	0.06902	0.00488	0.00415	0.00657
33	0.01363	0.11718	0.01582	0.01244	0.07578	0.17486	0.11182	0.12103	0.17527	0.06584	0.01108	0.02416	0.00867	0.00518	0.00490	0.00137	0.04712	0.00417	0.00325	0.00642
34	0.01071	0.34901	0.44933	0.01104	0.02881	0.05372	0.01273	0.01422	0.00960	0.01273	0.00735	0.00861	0.00580	0.00415	0.00374	0.00124	0.00601	0.00297	0.00195	0.00628

[dist]
# distance from previous block
# <min> <max>
1	5

[block]
# block no. 1 follows, 57 sequences, length 35
# corresponding to MSA columns:
# 53-87
name=unknown_B
#
# <colnr> <probs for GDERKNQSTAVLIFYWHMCP>
#	G	D	E	R	K	N	Q	S	T	A	V	L	I	F	Y	W	H	M	C	P
0	0.00883	0.00756	0.00959	0.00742	0.01059	0.00628	0.05512	0.03195	0.04510	0.01515	0.08956	0.09137	0.07104	0.00572	0.00413	0.00102	0.00342	0.00497	0.00327	0.52793
1	0.04430	0.14150	0.42660	0.01199	0.01720	0.07878	0.10538	0.01509	0.01012	0.07826	0.00860	0.00981	0.00632	0.00430	0.00415	0.00133	0.00624	0.00346	0.00234	0.02422
2	0.00774	0.00598	0.00729	0.00718	0.00826	0.02131	0.02411	0.07260	0.03565	0.02361	0.02242	0.37742	0.10635	0.12375	0.00812	0.00207	0.02809	0.08407	0.00387	0.03009
3	0.07156	0.00861	0.01004	0.00799	0.01116	0.05854	0.00649	0.04492	0.03693	0.57803	0.05793	0.01627	0.04254	0.00584	0.00447	0.00138	0.00398	0.00467	0.00502	0.02364
4	0.00805	0.00612	0.00758	0.00782	0.00909	0.00644	0.00619	0.06043	0.16032	0.01499	0.06255	0.25984	0.03277	0.01252	0.05722	0.00216	0.00406	0.27283	0.00422	0.00481
5	0.00964	0.00896	0.01469	0.40030	0.32779	0.01000	0.01230	0.01308	0.06011	0.01345	0.01025	0.01537	0.00867	0.00512	0.00467	0.00150	0.00547	0.07025	0.00245	0.00592
6	0.01161	0.00849	0.01147	0.00842	0.01215	0.00715	0.07782	0.01367	0.01003	0.16523	0.00987	0.01082	0.00753	0.00411	0.00449	0.00097	0.05620	0.00336	0.00315	0.57347
7	0.04938	0.01293	0.01203	0.00976	0.01290	0.15622	0.00783	0.43113	0.10066	0.06328	0.01225	0.01223	0.03409	0.00544	0.00434	0.00132	0.00508	0.00406	0.01982	0.04525
8	0.00653	0.00440	0.00493	0.00493	0.00500	0.00437	0.00278	0.00659	0.00676	0.00895	0.01574	0.03030	0.05319	0.80242	0.02225	0.00426	0.00430	0.00673	0.00281	0.00280
9	0.00563	0.00438	0.00537	0.00596	0.00663	0.00412	0.00417	0.00655	0.00915	0.01176	0.03109	0.54649	0.28430	0.01307	0.00599	0.00174	0.03424	0.01146	0.00412	0.00378
10	0.01648	0.01158	0.01299	0.00995	0.01357	0.01234	0.02373	0.58829	0.05861	0.11562	0.01178	0.01160	0.00831	0.00528	0.00446	0.00132	0.00470	0.00409	0.00446	0.08084
11	0.01139	0.01054	0.06122	0.00942	0.01227	0.01109	0.00776	0.02341	0.73163	0.04130	0.01778	0.01640	0.01325	0.00602	0.00459	0.00153	0.00379	0.00499	0.00447	0.00716
12	0.00658	0.00442	0.00506	0.00506	0.00510	0.00446	0.00289	0.00667	0.00662	0.00887	0.01417	0.02905	0.01621	0.79999	0.06347	0.00454	0.00478	0.00650	0.00273	0.00281
13	0.35801	0.01028	0.00939	0.00804	0.01089	0.06198	0.00645	0.15092	0.21764	0.08139	0.01142	0.01139	0.00844	0.00509	0.00379	0.00140	0.00406	0.00367	0.02955	0.00619
14	0.00828	0.00647	0.00768	0.00797	0.00936	0.02198	0.00648	0.06096	0.14412	0.01489	0.02411	0.18294	0.09570	0.01106	0.00566	0.00183	0.00375	0.37770	0.00424	0.00480
15	0.02033	0.00771	0.01052	0.00806	0.01157	0.00666	0.00666	0.02208	0.01297	0.81562	0.01788	0.01542	0.01122	0.00561	0.00456	0.00140	0.00386	0.00456	0.00561	0.00771
16	0.01239	0.00923	0.01002	0.00855	0.01116	0.01013	0.00677	0.20919	0.39174	0.07761	0.09255	0.01864	0.06611	0.00653	0.00463	0.00145	0.00365	0.00536	0.04757	0.00671
17	0.01109	0.62758	0.18069	0.00858	0.01288	0.01557	0.00928	0.01328	0.00935	0.01150	0.00914	0.01000	0.05614	0.00444	0.00334	0.00110	0.00506	0.00305	0.00208	0.00587
18	0.01070	0.01222	0.02674	0.01910	0.02368	0.01146	0.79603	0.01451	0.01070	0.01451	0.00917	0.01222	0.00688	0.00382	0.00535	0.00153	0.00764	0.00535	0.00229	0.00611
19	0.40772	0.00895	0.00923	0.00747	0.01067	0.00938	0.00616	0.13615	0.01185	0.33391	0.01155	0.01106	0.00781	0.00494	0.00376	0.00140	0.00387	0.00353	0.00417	0.00643
20	0.19785	0.01249	0.01206	0.03934	0.01355	0.08562	0.00799	0.53309	0.01723	0.02463	0.00946	0.00994	0.00689	0.00508	0.00413	0.00136	0.00500	0.00363	0.00388	0.00680
21	0.01122	0.01077	0.01839	0.02781	0.81248	0.01077	0.01391	0.01391	0.01032	0.01480	0.00852	0.01122	0.00718	0.00404	0.00449	0.00135	0.00538	0.00404	0.00224	0.00718
22	0.00570	0.00405	0.00537	0.00635	0.00664	0.00382	0.00431	0.00652	0.00865	0.01151	0.02422	0.73629	0.02885	0.06758	0.00693	0.00202	0.00284	0.06058	0.00411	0.00365
23	0.74999	0.02314	0.05817	0.00658	0.00953	0.01001	0.00585	0.01314	0.00802	0.01937	0.00753	0.01024	0.00630	0.00473	0.00312	0.00144	0.00377	0.05127	0.00282	0.00499
24	0.00552	0.00394	0.00526	0.00631	0.00657	0.00368	0.00421	0.00631	0.00868	0.01157	0.02498	0.83779	0.02997	0.01420	0.00578	0.00184	0.00263	0.01288	0.00421	0.00368
25	0.87276	0.00876	0.00666	0.00596	0.00876	0.01017	0.00491	0.01332	0.00771	0.02033	0.00631	0.00736	0.00491	0.00421	0.00280	0.00140	0.00351	0.00245	0.00280	0.00491
26	0.01047	0.00998	0.01687	0.25250	0.57576	0.01058	0.01339	0.01347	0.02728	0.01399	0.00861	0.01158	0.00700	0.00422	0.00450	0.00140	0.00553	0.00406	0.00223	0.00658
27	0.01589	0.01955	0.01232	0.01125	0.01357	0.69381	0.00851	0.01851	0.10942	0.01214	0.00902	0.01080	0.00755	0.00513	0.00423	0.00125	0.00747	0.03147	0.00268	0.00545
28	0.02808	0.01200	0.04312	0.12128	0.52897	0.08865	0.05248	0.04503	0.01079	0.01468	0.00839	0.01094	0.00683	0.00421	0.00446	0.00136	0.00583	0.00394	0.00232	0.00664
29	0.01309	0.01125	0.01093	0.00944	0.01212	0.09952	0.00740	0.19056	0.46972	0.04283	0.04373	0.01584	0.02407	0.02266	0.00494	0.00151	0.00434	0.00484	0.00435	0.00686
30	0.00559	0.00451	0.00499	0.00513	0.00638	0.00391	0.00380	0.00686	0.01044	0.01304	0.15273	0.16584	0.55460	0.01161	0.00545	0.00158	0.00238	0.03297	0.00432	0.00388
31	0.00553	0.00458	0.00485	0.00485	0.00627	0.00390	0.00364	0.00681	0.01061	0.01303	0.14657	0.06811	0.67167	0.01129	0.00538	0.00153	0.00231	0.02088	0.00431	0.00389
32	0.01103	0.00692	0.00731	0.00636	0.00819	0.00733	0.00499	0.26153	0.01327	0.02031	0.02723	0.06660	0.01203	0.00595	0.00380	0.00121	0.00306	0.00478	0.52280	0.00530
33	0.00811	0.00587	0.00749	0.00778	0.00905	0.00593	0.00649	0.09886	0.01161	0.01529	0.10505	0.07300	0.07475	0.06368	0.00695	0.00204	0.00389	0.48550	0.00421	0.00446
34	0.00648	0.00483	0.00716	0.00716	0.00793	0.00560	0.00552	0.00802	0.00725	0.01043	0.01225	0.01840	0.01159	0.07475	0.78239	0.00714	0.01175	0.00494	0.00244	0.00398

[dist]
# distance from previous block
# <min> <max>
0	48

[block]
# block no. 2 follows, 57 sequences, length 23
# corresponding to MSA columns:
# 136-158
name=unknown_C
#
# <colnr> <probs for GDERKNQSTAVLIFYWHMCP>
#	G	D	E	R	K	N	Q	S	T	A	V	L	I	F	Y	W	H	M	C	P
0	0.03187	0.01177	0.01355	0.01298	0.15295	0.03754	0.00906	0.47362	0.09087	0.06458	0.01128	0.01161	0.00827	0.00515	0.00443	0.00134	0.00485	0.00408	0.01513	0.03505
1	0.03606	0.05896	0.01534	0.01232	0.03937	0.35513	0.11252	0.24217	0.05496	0.01729	0.00898	0.00996	0.00694	0.00478	0.00433	0.00129	0.00658	0.00368	0.00307	0.00625
2	0.00762	0.00632	0.00767	0.00752	0.00853	0.06245	0.00578	0.00995	0.06457	0.01132	0.01242	0.01752	0.01134	0.06141	0.64548	0.00610	0.01057	0.00479	0.03433	0.00431
3	0.01037	0.01150	0.02406	0.01745	0.02164	0.01092	0.68518	0.01464	0.06723	0.01465	0.01169	0.04024	0.03766	0.00460	0.00531	0.00154	0.00699	0.00573	0.00259	0.00603
4	0.00623	0.00462	0.00580	0.00550	0.00665	0.00420	0.00413	0.00819	0.01238	0.01712	0.67406	0.03559	0.17945	0.00966	0.00535	0.00144	0.00217	0.00844	0.00485	0.00420
5	0.00607	0.00455	0.00563	0.00550	0.00660	0.00411	0.00407	0.00784	0.01181	0.01609	0.54847	0.11933	0.22270	0.01030	0.00539	0.00149	0.00223	0.00900	0.00472	0.00411
6	0.01067	0.01215	0.02632	0.01886	0.02330	0.01154	0.77042	0.01440	0.01057	0.01440	0.00906	0.01215	0.00685	0.00395	0.00566	0.00154	0.03451	0.00530	0.00228	0.00607
7	0.00661	0.00480	0.00643	0.00723	0.00815	0.00463	0.00589	0.00831	0.01027	0.01345	0.10778	0.22676	0.10852	0.01246	0.00596	0.00191	0.00342	0.44912	0.00427	0.00404
8	0.01658	0.02088	0.01260	0.01143	0.01377	0.78014	0.00859	0.03447	0.01295	0.01150	0.00828	0.00931	0.03051	0.00489	0.00413	0.00118	0.00792	0.00315	0.00244	0.00526
9	0.01069	0.04207	0.01621	0.03888	0.60293	0.03442	0.01189	0.01314	0.00996	0.01417	0.00919	0.01206	0.00780	0.00724	0.08899	0.00192	0.00593	0.00404	0.06198	0.00650
10	0.06830	0.00494	0.00590	0.00643	0.00708	0.00493	0.00441	0.06154	0.00926	0.01308	0.02156	0.63776	0.02525	0.09840	0.00727	0.00204	0.00304	0.01088	0.00398	0.00395
11	0.00906	0.00776	0.00939	0.06361	0.01186	0.00615	0.00579	0.01106	0.00932	0.01432	0.00926	0.06867	0.00832	0.00421	0.00361	0.00081	0.00349	0.00350	0.00275	0.74705
12	0.00590	0.00414	0.00533	0.00613	0.00638	0.00396	0.00408	0.00660	0.00830	0.01104	0.02234	0.58822	0.02646	0.21194	0.00995	0.00247	0.00316	0.06624	0.00385	0.00349
13	0.00584	0.00455	0.00531	0.00525	0.00645	0.00401	0.00389	0.00740	0.01129	0.01483	0.38572	0.11326	0.39447	0.01074	0.00539	0.00151	0.00226	0.00926	0.00456	0.00401
14	0.00580	0.00454	0.00526	0.00523	0.00643	0.00399	0.00386	0.00731	0.01116	0.01458	0.35404	0.12580	0.41405	0.01087	0.00540	0.00152	0.00227	0.00937	0.00452	0.00399
15	0.01258	0.01035	0.01149	0.09445	0.01440	0.01189	0.00812	0.22913	0.51308	0.02075	0.01535	0.01480	0.01139	0.00579	0.00458	0.00149	0.00421	0.00473	0.00432	0.00709
16	0.00663	0.00444	0.00516	0.00516	0.00528	0.00452	0.00306	0.00685	0.00674	0.00919	0.01407	0.02808	0.01581	0.73428	0.10526	0.00460	0.00513	0.00634	0.02647	0.00292
17	0.00563	0.00460	0.00497	0.00488	0.00629	0.00394	0.00366	0.00704	0.01098	0.01379	0.24496	0.04107	0.61063	0.01090	0.00535	0.00150	0.00225	0.00921	0.00441	0.00394
18	0.38623	0.00826	0.00885	0.00721	0.01037	0.00839	0.00593	0.01841	0.04878	0.43551	0.01293	0.01203	0.00863	0.00503	0.00381	0.00141	0.00369	0.00368	0.00436	0.00648
19	0.04489	0.01248	0.01248	0.01000	0.01329	0.08721	0.00810	0.50614	0.15259	0.08796	0.01222	0.01190	0.00876	0.00546	0.00445	0.00138	0.00490	0.00413	0.00437	0.00730
20	0.01071	0.15395	0.28484	0.01190	0.01557	0.05252	0.08143	0.04888	0.03352	0.01353	0.02453	0.01023	0.00702	0.00538	0.00700	0.00150	0.22556	0.00370	0.00225	0.00597
21	0.02548	0.05836	0.01461	0.01465	0.19735	0.33573	0.00972	0.19624	0.03447	0.01628	0.00912	0.01032	0.02030	0.00492	0.00460	0.00129	0.03376	0.00362	0.00289	0.00630
22	0.00936	0.00460	0.00501	0.00474	0.00603	0.00446	0.00361	0.01144	0.01017	0.09251	0.09736	0.01851	0.01480	0.00572	0.00352	0.00113	0.00228	0.00467	0.69553	0.00456

[dist]
# distance from previous block
# <min> <max>
0	1

[block]
# block no. 3 follows, 57 sequences, length 25
# corresponding to MSA columns:
# 160-184
name=unknown_D
#
# <colnr> <probs for GDERKNQSTAVLIFYWHMCP>
#	G	D	E	R	K	N	Q	S	T	A	V	L	I	F	Y	W	H	M	C	P
0	0.01680	0.04394	0.01314	0.01157	0.01394	0.80069	0.00873	0.01797	0.01274	0.01108	0.00699	0.00815	0.00584	0.00465	0.00405	0.00116	0.00808	0.00290	0.00232	0.00527
1	0.01026	0.00880	0.00931	0.00845	0.01079	0.00995	0.00655	0.02101	0.66008	0.01811	0.07130	0.02115	0.11063	0.00698	0.00475	0.00153	0.00334	0.00584	0.00459	0.00659
2	0.87276	0.00876	0.00666	0.00596	0.00876	0.01017	0.00491	0.01332	0.00771	0.02033	0.00631	0.00736	0.00491	0.00421	0.00280	0.00140	0.00351	0.00245	0.00280	0.00491
3	0.00960	0.00959	0.01380	0.01173	0.01203	0.01298	0.04749	0.01073	0.00733	0.01116	0.00852	0.03900	0.04270	0.00810	0.01368	0.00194	0.72795	0.00458	0.00217	0.00492
4	0.00565	0.00462	0.00501	0.00504	0.00643	0.00398	0.00383	0.00700	0.01069	0.01326	0.16697	0.06285	0.62005	0.01125	0.00542	0.00155	0.00239	0.05577	0.00433	0.00391
5	0.00569	0.00407	0.00545	0.00640	0.00672	0.00389	0.00437	0.00655	0.00859	0.01149	0.02378	0.72711	0.02821	0.04464	0.05544	0.00227	0.00333	0.04426	0.00405	0.00369
6	0.05559	0.04186	0.04031	0.00902	0.01245	0.04636	0.00762	0.23996	0.07877	0.38145	0.01431	0.03035	0.00991	0.00557	0.00441	0.00138	0.00444	0.00435	0.00465	0.00724
7	0.00580	0.00431	0.00572	0.00658	0.00693	0.00423	0.00458	0.00669	0.00877	0.01168	0.02515	0.71871	0.06901	0.01369	0.00619	0.00184	0.03990	0.05234	0.00410	0.00377
8	0.03734	0.12266	0.56751	0.01322	0.07551	0.01167	0.03354	0.01399	0.00939	0.01391	0.00777	0.00942	0.00587	0.00444	0.00476	0.00140	0.05584	0.00334	0.00198	0.00645
9	0.02058	0.09022	0.08303	0.01443	0.14090	0.14481	0.12282	0.10917	0.06918	0.01518	0.01008	0.01165	0.03474	0.00518	0.00569	0.00142	0.10793	0.00409	0.00270	0.00620
10	0.01040	0.01144	0.05394	0.04090	0.13135	0.01093	0.42679	0.03391	0.04596	0.01455	0.01098	0.02496	0.04328	0.00490	0.00595	0.00151	0.08483	0.00507	0.00252	0.03582
11	0.00552	0.00441	0.00495	0.00526	0.00637	0.00384	0.00381	0.00664	0.01000	0.01247	0.09170	0.28431	0.50535	0.01217	0.00550	0.00163	0.00242	0.02558	0.00426	0.00382
12	0.01175	0.42312	0.23100	0.01153	0.06294	0.06278	0.07307	0.03611	0.01012	0.02885	0.00754	0.00882	0.00612	0.00412	0.00371	0.00119	0.00577	0.00311	0.00215	0.00621
13	0.03426	0.00930	0.05430	0.00883	0.04530	0.00736	0.04207	0.03859	0.05154	0.09436	0.01011	0.03169	0.00808	0.00419	0.00381	0.00097	0.00391	0.00351	0.00310	0.54471
14	0.00623	0.00483	0.00605	0.00618	0.00705	0.00485	0.00455	0.00775	0.02959	0.01247	0.13408	0.22000	0.23863	0.08168	0.15457	0.00289	0.03646	0.03437	0.00380	0.00395
15	0.00560	0.00408	0.00528	0.00608	0.00655	0.00376	0.00414	0.00657	0.00928	0.01234	0.11111	0.67581	0.10588	0.01341	0.00570	0.00177	0.00254	0.01206	0.00429	0.00376
16	0.03418	0.06299	0.25548	0.01363	0.11506	0.04475	0.08984	0.21546	0.03453	0.01796	0.00944	0.01086	0.00714	0.00561	0.03255	0.00157	0.00601	0.00386	0.03245	0.00664
17	0.01196	0.38698	0.20500	0.00982	0.01404	0.11024	0.03934	0.04646	0.01057	0.03505	0.04754	0.00989	0.00795	0.00443	0.00372	0.00116	0.00556	0.00323	0.00239	0.04470
18	0.00564	0.00413	0.00534	0.00617	0.00666	0.00386	0.00426	0.00658	0.00896	0.01180	0.04688	0.64245	0.12777	0.02780	0.04006	0.00207	0.00305	0.03867	0.00413	0.00373
19	0.01178	0.01114	0.05217	0.10521	0.54051	0.03922	0.01260	0.03487	0.05175	0.07062	0.02072	0.01201	0.00808	0.00445	0.00449	0.00138	0.00535	0.00412	0.00266	0.00688
20	0.05954	0.00925	0.00969	0.00918	0.03278	0.13747	0.05291	0.02967	0.14531	0.07189	0.05161	0.26177	0.01735	0.00917	0.03327	0.00173	0.00456	0.02330	0.03430	0.00527
21	0.01554	0.00770	0.00964	0.00773	0.01057	0.00728	0.00626	0.14225	0.03940	0.43846	0.18650	0.02064	0.07401	0.00679	0.00478	0.00141	0.00355	0.00562	0.00517	0.00669
22	0.03860	0.00509	0.00683	0.00623	0.00753	0.00475	0.03955	0.00871	0.01213	0.01725	0.63962	0.06633	0.11176	0.00925	0.00527	0.00146	0.00247	0.00818	0.00468	0.00431
23	0.10786	0.04063	0.07135	0.00841	0.02287	0.04722	0.00708	0.06322	0.12998	0.24433	0.15488	0.01724	0.01560	0.04321	0.00523	0.00153	0.00404	0.00486	0.00423	0.00622
24	0.02771	0.15420	0.49610	0.01182	0.01731	0.01121	0.09289	0.01369	0.00954	0.01382	0.00852	0.04012	0.00683	0.00448	0.00413	0.00132	0.00601	0.00368	0.00212	0.07451

[dist]
# distance from previous block
# <min> <max>
0	353

# created by:
# /st0/software/busco_prod/Augustus/scripts/msa2prfl.pl ./align_prep/141030.fa
