[name]
unknown

[dist]
# distance from previous block
# <min> <max>
5	267

[block]
# block no. 0 follows, 52 sequences, length 6
# corresponding to MSA columns:
# 379-384
name=unknown_A
#
# <colnr> <probs for GDERKNQSTAVLIFYWHMCP>
#	G	D	E	R	K	N	Q	S	T	A	V	L	I	F	Y	W	H	M	C	P
0	0.00834	0.00774	0.01330	0.15234	0.01625	0.00831	0.17194	0.01051	0.01016	0.01388	0.11772	0.30921	0.02098	0.00951	0.00697	0.00180	0.10399	0.00859	0.00347	0.00499
1	0.01069	0.01312	0.15509	0.01284	0.01763	0.00984	0.25122	0.01556	0.11213	0.01621	0.01045	0.01207	0.00804	0.00431	0.00461	0.00127	0.00568	0.00423	0.00286	0.33215
2	0.00964	0.00679	0.00987	0.00888	0.01000	0.00751	0.04963	0.01102	0.00921	0.11490	0.04183	0.14399	0.03457	0.14167	0.20092	0.00370	0.15568	0.03184	0.00348	0.00487
3	0.50022	0.00937	0.01169	0.00946	0.01259	0.01010	0.15342	0.01456	0.00931	0.09182	0.00938	0.01127	0.00726	0.00913	0.11951	0.00243	0.00595	0.00379	0.00312	0.00564
4	0.00904	0.00800	0.06773	0.00986	0.01150	0.00743	0.13794	0.01007	0.00832	0.01217	0.01024	0.01493	0.00905	0.01498	0.15196	0.31198	0.08245	0.00464	0.11347	0.00422
5	0.01033	0.01986	0.48987	0.25918	0.02420	0.08541	0.01575	0.01481	0.01039	0.01412	0.00856	0.01091	0.00625	0.00471	0.00466	0.00153	0.00709	0.00376	0.00212	0.00648

[dist]
# distance from previous block
# <min> <max>
0	14

[block]
# block no. 1 follows, 52 sequences, length 7
# corresponding to MSA columns:
# 399-405
name=unknown_B
#
# <colnr> <probs for GDERKNQSTAVLIFYWHMCP>
#	G	D	E	R	K	N	Q	S	T	A	V	L	I	F	Y	W	H	M	C	P
0	0.17083	0.00782	0.00891	0.00729	0.01033	0.00736	0.00590	0.05552	0.01243	0.36847	0.04836	0.02238	0.20326	0.00727	0.00471	0.00150	0.00363	0.00578	0.00487	0.04339
1	0.00729	0.00563	0.00840	0.12769	0.01192	0.00654	0.00677	0.00913	0.00824	0.01162	0.01399	0.01998	0.04230	0.08031	0.57958	0.00619	0.01068	0.00535	0.03400	0.00439
2	0.13847	0.50309	0.22270	0.00942	0.01417	0.01591	0.01031	0.01469	0.00971	0.01395	0.00724	0.00842	0.00605	0.00432	0.00348	0.00123	0.00548	0.00285	0.00220	0.00632
3	0.23590	0.01309	0.01190	0.01203	0.13081	0.21817	0.00818	0.03588	0.01122	0.04993	0.02855	0.01043	0.00770	0.00475	0.00427	0.00128	0.02577	0.00340	0.00296	0.18379
4	0.01200	0.01167	0.01483	0.01190	0.01436	0.11351	0.16541	0.16033	0.01336	0.01731	0.11624	0.01993	0.13456	0.00740	0.00734	0.00163	0.16286	0.00593	0.00354	0.00588
5	0.00621	0.00483	0.00564	0.00564	0.00689	0.00427	0.00416	0.00782	0.01189	0.01557	0.34954	0.14978	0.38697	0.01171	0.00579	0.00164	0.00244	0.01012	0.00484	0.00427
6	0.53242	0.01023	0.00955	0.00787	0.01120	0.01133	0.00649	0.20344	0.01263	0.13986	0.00978	0.01007	0.00698	0.00504	0.00373	0.00149	0.00419	0.00338	0.00390	0.00642

[dist]
# distance from previous block
# <min> <max>
0	17

[block]
# block no. 2 follows, 52 sequences, length 13
# corresponding to MSA columns:
# 423-435
name=unknown_C
#
# <colnr> <probs for GDERKNQSTAVLIFYWHMCP>
#	G	D	E	R	K	N	Q	S	T	A	V	L	I	F	Y	W	H	M	C	P
0	0.01424	0.01013	0.01410	0.06062	0.01551	0.03926	0.13513	0.11233	0.04057	0.21742	0.07047	0.01601	0.04006	0.00569	0.00512	0.00139	0.02571	0.00495	0.00407	0.16720
1	0.00694	0.00514	0.00752	0.00752	0.00829	0.00591	0.00572	0.00848	0.00771	0.01105	0.01323	0.02040	0.01270	0.12134	0.72630	0.00746	0.01209	0.00539	0.00263	0.00418
2	0.00735	0.00591	0.00929	0.13854	0.01289	0.00672	0.03886	0.00919	0.00837	0.01161	0.01398	0.11720	0.01383	0.08369	0.49356	0.00561	0.00990	0.00625	0.00277	0.00444
3	0.00914	0.01013	0.14204	0.00859	0.01144	0.00787	0.00808	0.10593	0.10218	0.01693	0.05583	0.03421	0.29580	0.00968	0.00553	0.00171	0.00416	0.16093	0.00420	0.00562
4	0.07903	0.06298	0.10542	0.14584	0.04669	0.29403	0.06511	0.01538	0.01175	0.01442	0.10423	0.01326	0.01114	0.00535	0.00457	0.00142	0.00665	0.00422	0.00274	0.00578
5	0.01059	0.00963	0.01463	0.01216	0.01379	0.01126	0.13886	0.10045	0.01149	0.01619	0.13682	0.02248	0.01657	0.00847	0.00977	0.00189	0.32502	0.13096	0.00339	0.00559
6	0.15302	0.00741	0.00718	0.00642	0.00840	0.06331	0.02015	0.01168	0.01081	0.01763	0.17173	0.03917	0.06581	0.01927	0.00446	0.00135	0.00331	0.00539	0.28041	0.10308
7	0.01281	0.01073	0.03054	0.00933	0.02663	0.19338	0.00726	0.01530	0.05368	0.15082	0.01330	0.01566	0.01067	0.01693	0.30324	0.00374	0.00835	0.00453	0.10745	0.00566
8	0.01065	0.01067	0.03790	0.01368	0.01665	0.01071	0.32064	0.10123	0.01252	0.01730	0.18483	0.01988	0.07178	0.00688	0.00727	0.00167	0.14011	0.00625	0.00344	0.00594
9	0.01543	0.01200	0.01111	0.00940	0.01214	0.17167	0.00740	0.20070	0.13260	0.15239	0.10956	0.01660	0.01452	0.00627	0.00470	0.00142	0.00486	0.00492	0.10557	0.00674
10	0.01127	0.17547	0.01258	0.00846	0.01110	0.01171	0.00692	0.01980	0.44804	0.01811	0.10606	0.01808	0.01633	0.00635	0.00446	0.00144	0.00374	0.00516	0.10828	0.00664
11	0.01077	0.01054	0.02007	0.01505	0.01856	0.01038	0.44112	0.10171	0.01228	0.01686	0.10667	0.01693	0.01310	0.01152	0.16849	0.00285	0.00810	0.00583	0.00311	0.00605
12	0.00782	0.00960	0.16852	0.00817	0.01094	0.00612	0.00752	0.01018	0.01040	0.01497	0.14843	0.33471	0.02321	0.00940	0.00517	0.00151	0.00379	0.00828	0.00376	0.20747

[dist]
# distance from previous block
# <min> <max>
0	14

[block]
# block no. 3 follows, 52 sequences, length 12
# corresponding to MSA columns:
# 450-461
name=unknown_D
#
# <colnr> <probs for GDERKNQSTAVLIFYWHMCP>
#	G	D	E	R	K	N	Q	S	T	A	V	L	I	F	Y	W	H	M	C	P
0	0.01171	0.01483	0.26991	0.01438	0.01915	0.01011	0.28909	0.01555	0.01081	0.13522	0.01141	0.01369	0.00848	0.00997	0.14070	0.00262	0.00804	0.00482	0.00289	0.00663
1	0.01000	0.26999	0.01303	0.00665	0.00986	0.00974	0.00576	0.01181	0.01019	0.01429	0.01679	0.01751	0.15458	0.00574	0.00380	0.00106	0.00365	0.00443	0.15147	0.27967
2	0.01031	0.00944	0.01349	0.00964	0.01406	0.00754	0.14990	0.01282	0.01031	0.01574	0.00883	0.01061	0.00721	0.00368	0.00398	0.00089	0.00444	0.00340	0.00279	0.70092
3	0.01187	0.00883	0.01265	0.41703	0.02285	0.00960	0.01016	0.01629	0.12997	0.14724	0.01208	0.01381	0.00879	0.00509	0.00464	0.00144	0.00517	0.00433	0.00335	0.15480
4	0.00886	0.00803	0.02541	0.01076	0.01250	0.00809	0.17924	0.03664	0.01059	0.01454	0.13528	0.10907	0.02098	0.16160	0.01061	0.00237	0.10187	0.13511	0.00356	0.00488
5	0.00870	0.01240	0.26223	0.00979	0.01303	0.00851	0.00987	0.01385	0.14579	0.01550	0.14474	0.01895	0.01633	0.01659	0.27785	0.00367	0.00773	0.00533	0.00329	0.00585
6	0.01043	0.00504	0.00737	0.00693	0.00769	0.00498	0.00498	0.00958	0.00781	0.14257	0.01092	0.01569	0.00959	0.01800	0.13770	0.58441	0.00554	0.00447	0.00284	0.00348
7	0.01085	0.01246	0.16059	0.19095	0.11276	0.01118	0.01187	0.13019	0.01228	0.01719	0.14150	0.01568	0.01341	0.00629	0.00663	0.00162	0.13025	0.00492	0.00310	0.00628
8	0.02500	0.00970	0.03655	0.15143	0.01794	0.00913	0.15733	0.07646	0.02996	0.14825	0.14375	0.01689	0.01458	0.00566	0.00494	0.00143	0.00509	0.00519	0.00378	0.13694
9	0.00739	0.00574	0.00698	0.00705	0.02331	0.00602	0.00524	0.00886	0.01023	0.01427	0.09029	0.17023	0.30065	0.01065	0.00694	0.00168	0.12782	0.02979	0.16243	0.00445
10	0.00962	0.00956	0.01817	0.01364	0.01707	0.00892	0.38816	0.01267	0.01093	0.01543	0.14270	0.01761	0.01467	0.01098	0.15487	0.00262	0.00737	0.00570	0.00303	0.13629
11	0.01046	0.01528	0.26693	0.11022	0.07026	0.03919	0.05735	0.01372	0.00972	0.01412	0.00818	0.01084	0.00658	0.00533	0.00718	0.00153	0.19708	0.00386	0.00228	0.14990

[dist]
# distance from previous block
# <min> <max>
9	17

[block]
# block no. 4 follows, 52 sequences, length 27
# corresponding to MSA columns:
# 479-505
name=unknown_E
#
# <colnr> <probs for GDERKNQSTAVLIFYWHMCP>
#	G	D	E	R	K	N	Q	S	T	A	V	L	I	F	Y	W	H	M	C	P
0	0.00970	0.00804	0.03465	0.01029	0.01277	0.00730	0.20112	0.01301	0.05621	0.08040	0.31864	0.09011	0.02561	0.00850	0.02516	0.00171	0.00444	0.00730	0.07949	0.00555
1	0.00704	0.04972	0.07733	0.00743	0.00863	0.00575	0.00588	0.02980	0.00965	0.01290	0.02331	0.61591	0.04287	0.07112	0.00715	0.00205	0.00352	0.01147	0.00405	0.00439
2	0.00961	0.04189	0.57645	0.01220	0.01793	0.01062	0.01464	0.01521	0.08178	0.01518	0.01115	0.01280	0.02709	0.00861	0.09806	0.00224	0.00726	0.00406	0.00246	0.03077
3	0.02058	0.01125	0.01212	0.01037	0.05034	0.16143	0.00792	0.02238	0.01371	0.61358	0.01641	0.01479	0.01069	0.00573	0.00477	0.00145	0.00509	0.00451	0.00515	0.00772
4	0.01199	0.01151	0.01967	0.02974	0.79946	0.01151	0.01487	0.01487	0.01103	0.01583	0.00912	0.01199	0.00768	0.00432	0.00480	0.00144	0.00576	0.00432	0.00240	0.00768
5	0.01165	0.01095	0.01825	0.20893	0.58712	0.01151	0.01428	0.05089	0.01129	0.01574	0.00912	0.01219	0.00743	0.00451	0.00481	0.00148	0.00590	0.00432	0.00246	0.00718
6	0.01023	0.15259	0.68154	0.01294	0.01963	0.01251	0.01639	0.01521	0.01017	0.01472	0.00839	0.00984	0.00615	0.00453	0.00437	0.00146	0.00685	0.00342	0.00205	0.00701
7	0.00631	0.00503	0.00576	0.00616	0.00754	0.00448	0.00488	0.00778	0.01092	0.01341	0.04075	0.11637	0.52105	0.01283	0.00603	0.00183	0.00303	0.21714	0.00449	0.00418
8	0.00691	0.00507	0.00725	0.00729	0.00797	0.00573	0.00542	0.00829	0.00770	0.01094	0.01388	0.04907	0.01382	0.18300	0.63694	0.00701	0.01109	0.00583	0.00272	0.00406
9	0.01317	0.68057	0.02426	0.00962	0.01352	0.08107	0.06050	0.01485	0.01016	0.01173	0.00699	0.00832	0.00630	0.00438	0.00390	0.00114	0.03833	0.00291	0.00213	0.00616
10	0.00655	0.00494	0.00604	0.00577	0.00705	0.00444	0.00433	0.00854	0.01298	0.01768	0.58986	0.03909	0.25386	0.01056	0.00572	0.00156	0.00233	0.00917	0.00510	0.00444
11	0.01199	0.01151	0.01967	0.02974	0.79946	0.01151	0.01487	0.01487	0.01103	0.01583	0.00912	0.01199	0.00768	0.00432	0.00480	0.00144	0.00576	0.00432	0.00240	0.00768
12	0.01263	0.01278	0.02418	0.01999	0.14632	0.01262	0.50027	0.13687	0.03525	0.01800	0.01020	0.01277	0.00774	0.00455	0.00562	0.00158	0.02351	0.00525	0.00289	0.00699
13	0.01130	0.01281	0.02777	0.06697	0.02580	0.01217	0.73703	0.01534	0.01134	0.01534	0.00973	0.01306	0.00730	0.00413	0.00567	0.00163	0.00807	0.00564	0.00243	0.00647
14	0.00915	0.00861	0.01453	0.81804	0.03338	0.01077	0.01346	0.01238	0.00969	0.01238	0.00861	0.01292	0.00646	0.00484	0.00484	0.00161	0.00646	0.00431	0.00215	0.00538
15	0.00590	0.00422	0.00562	0.00675	0.00703	0.00394	0.00450	0.00675	0.00928	0.01237	0.02671	0.82653	0.03205	0.01518	0.00619	0.00197	0.00281	0.01378	0.00450	0.00394
16	0.00822	0.00589	0.00825	0.00764	0.00892	0.00613	0.07216	0.01048	0.03207	0.01492	0.01916	0.17044	0.07114	0.01312	0.13370	0.00254	0.05076	0.03671	0.32308	0.00466
17	0.00604	0.00434	0.00554	0.00638	0.00689	0.00398	0.00433	0.00676	0.00940	0.01224	0.02961	0.62795	0.17171	0.01476	0.00696	0.05961	0.00284	0.01248	0.00434	0.00384
18	0.02174	0.00825	0.01125	0.00862	0.01237	0.00712	0.00712	0.02362	0.01387	0.80282	0.01912	0.01649	0.01200	0.00600	0.00487	0.00150	0.00412	0.00487	0.00600	0.00825
19	0.01131	0.01398	0.08755	0.01992	0.02500	0.01218	0.72382	0.01551	0.01135	0.01551	0.00972	0.01286	0.00726	0.00412	0.00563	0.00163	0.00809	0.00556	0.00242	0.00658
20	0.01209	0.61624	0.23417	0.00977	0.01472	0.01705	0.01087	0.01473	0.00995	0.01246	0.00726	0.00843	0.00620	0.00427	0.00351	0.00117	0.00571	0.00286	0.00207	0.00647
21	0.00972	0.02507	0.80458	0.01381	0.02097	0.01125	0.01790	0.01535	0.01023	0.01535	0.00870	0.01023	0.00614	0.00460	0.00460	0.00153	0.00716	0.00358	0.00205	0.00716
22	0.00693	0.00516	0.00764	0.00764	0.00846	0.00598	0.00588	0.00856	0.00774	0.01114	0.01311	0.01978	0.01244	0.08264	0.76463	0.00761	0.01250	0.00530	0.00262	0.00425
23	0.01699	0.08076	0.01530	0.01425	0.10908	0.65653	0.00995	0.01846	0.01312	0.01230	0.00763	0.00906	0.00641	0.00485	0.00433	0.00126	0.00812	0.00323	0.00245	0.00591
24	0.01087	0.01109	0.01534	0.01302	0.01328	0.03961	0.04064	0.01205	0.00778	0.01182	0.00653	0.01064	0.00640	0.00820	0.01515	0.00207	0.76373	0.00426	0.00215	0.00536
25	0.00590	0.00422	0.00562	0.00675	0.00703	0.00394	0.00450	0.00675	0.00928	0.01237	0.02671	0.82653	0.03205	0.01518	0.00619	0.00197	0.00281	0.01378	0.00450	0.00394
26	0.01768	0.02175	0.01401	0.01298	0.04084	0.71171	0.00958	0.06353	0.01397	0.01308	0.00775	0.00908	0.00641	0.00513	0.00478	0.00129	0.03470	0.00327	0.00262	0.00583

[dist]
# distance from previous block
# <min> <max>
7	12

[block]
# block no. 5 follows, 52 sequences, length 6
# corresponding to MSA columns:
# 582-587
name=unknown_F
#
# <colnr> <probs for GDERKNQSTAVLIFYWHMCP>
#	G	D	E	R	K	N	Q	S	T	A	V	L	I	F	Y	W	H	M	C	P
0	0.00589	0.00428	0.00556	0.00658	0.00698	0.00395	0.00442	0.00677	0.00944	0.01244	0.02881	0.75349	0.10374	0.01491	0.00614	0.00194	0.00278	0.01344	0.00450	0.00395
1	0.00881	0.00459	0.00487	0.00487	0.00597	0.00468	0.00368	0.01101	0.00991	0.01733	0.01550	0.01817	0.01239	0.00895	0.09036	0.00185	0.00341	0.00459	0.76457	0.00450
2	0.01842	0.01357	0.01454	0.01115	0.01503	0.01503	0.00921	0.78330	0.02278	0.03054	0.01163	0.01163	0.00824	0.00582	0.00485	0.00145	0.00533	0.00436	0.00485	0.00824
3	0.01797	0.01429	0.01423	0.01119	0.01486	0.09210	0.00912	0.65876	0.07290	0.02804	0.01177	0.01178	0.00848	0.00579	0.00481	0.00145	0.00556	0.00432	0.00462	0.00795
4	0.01541	0.01128	0.01198	0.00991	0.01303	0.04585	0.00793	0.29795	0.29991	0.12827	0.09171	0.01689	0.01469	0.00648	0.00495	0.00153	0.00448	0.00521	0.00498	0.00757
5	0.01750	0.01312	0.01403	0.01096	0.01468	0.01460	0.00899	0.67405	0.13354	0.02906	0.01280	0.01256	0.00919	0.00593	0.00486	0.00148	0.00512	0.00452	0.00486	0.00816

[dist]
# distance from previous block
# <min> <max>
2	9

[block]
# block no. 6 follows, 52 sequences, length 50
# corresponding to MSA columns:
# 597-640,648-653
name=unknown_G
#
# <colnr> <probs for GDERKNQSTAVLIFYWHMCP>
#	G	D	E	R	K	N	Q	S	T	A	V	L	I	F	Y	W	H	M	C	P
0	0.01081	0.01031	0.01753	0.35780	0.48065	0.01120	0.01428	0.01384	0.01047	0.01440	0.00891	0.01238	0.00717	0.00454	0.00482	0.00151	0.00605	0.00431	0.00230	0.00672
1	0.00847	0.00739	0.01044	0.00956	0.00996	0.00956	0.00759	0.00972	0.00755	0.01121	0.01049	0.01698	0.01035	0.11549	0.38994	0.00508	0.34822	0.00501	0.00244	0.00457
2	0.01296	0.83261	0.02539	0.00829	0.01244	0.01917	0.00829	0.01451	0.00985	0.01140	0.00674	0.00777	0.00622	0.00415	0.00311	0.00104	0.00518	0.00259	0.00207	0.00622
3	0.01005	0.00861	0.01005	0.00718	0.01148	0.00646	0.00574	0.01220	0.01005	0.01579	0.00861	0.01005	0.00718	0.00359	0.00359	0.00072	0.00359	0.00287	0.00287	0.85932
4	0.01167	0.51102	0.33569	0.01049	0.01584	0.01602	0.01212	0.01484	0.01000	0.01297	0.00752	0.00875	0.00619	0.00433	0.00370	0.00123	0.00597	0.00299	0.00206	0.00659
5	0.00633	0.00487	0.00729	0.00770	0.00834	0.00455	0.05994	0.00745	0.00956	0.01281	0.04857	0.74485	0.03070	0.01423	0.00614	0.00193	0.00318	0.01305	0.00438	0.00414
6	0.00590	0.00422	0.00562	0.00675	0.00703	0.00394	0.00450	0.00675	0.00928	0.01237	0.02671	0.82653	0.03205	0.01518	0.00619	0.00197	0.00281	0.01378	0.00450	0.00394
7	0.01055	0.01004	0.01706	0.43081	0.40969	0.01113	0.01415	0.01361	0.01035	0.01408	0.00886	0.01247	0.00706	0.00459	0.00482	0.00153	0.00611	0.00431	0.00227	0.00651
8	0.01841	0.01085	0.01233	0.00962	0.01311	0.02826	0.00788	0.40250	0.01817	0.31030	0.07045	0.01536	0.01241	0.00615	0.00485	0.00146	0.00462	0.00484	0.04065	0.00777
9	0.01214	0.62827	0.22256	0.00969	0.01460	0.01717	0.01072	0.01472	0.00994	0.01240	0.00723	0.00840	0.00620	0.00426	0.00349	0.00116	0.00568	0.00284	0.00207	0.00646
10	0.00661	0.00477	0.00626	0.00626	0.00719	0.00441	0.00455	0.00853	0.01258	0.01763	0.59994	0.23832	0.04223	0.01126	0.00584	0.00164	0.00242	0.01005	0.00512	0.00441
11	0.01803	0.00855	0.01135	0.01015	0.05978	0.00809	0.00776	0.02207	0.14878	0.53796	0.01929	0.02042	0.01385	0.00676	0.00507	0.00160	0.00421	0.08314	0.00544	0.00772
12	0.00824	0.00720	0.02364	0.00999	0.01151	0.00696	0.14101	0.07002	0.01077	0.01450	0.02133	0.52308	0.02407	0.01194	0.00643	0.00189	0.03990	0.05862	0.00402	0.00487
13	0.02148	0.00867	0.01151	0.00882	0.01258	0.00775	0.00729	0.08347	0.01457	0.74197	0.01853	0.01611	0.01170	0.00598	0.00487	0.00150	0.00422	0.00483	0.00591	0.00825
14	0.00992	0.00917	0.01564	0.52098	0.23665	0.01049	0.03384	0.01266	0.00983	0.01308	0.00876	0.01282	0.00696	0.00563	0.00597	0.06912	0.00614	0.00434	0.00222	0.00577
15	0.16217	0.04050	0.29526	0.01223	0.04869	0.17218	0.01186	0.17016	0.01313	0.01873	0.00867	0.00981	0.00649	0.00488	0.00429	0.00144	0.00640	0.00348	0.00288	0.00673
16	0.00915	0.00861	0.01453	0.81804	0.03338	0.01077	0.01346	0.01238	0.00969	0.01238	0.00861	0.01292	0.00646	0.00484	0.00484	0.00161	0.00646	0.00431	0.00215	0.00538
17	0.00682	0.00492	0.00644	0.00613	0.00723	0.00454	0.00457	0.00904	0.01352	0.01912	0.76315	0.07084	0.04513	0.01014	0.00574	0.00154	0.00231	0.00898	0.00530	0.00454
18	0.01558	0.01056	0.01280	0.11463	0.01563	0.01174	0.00883	0.36507	0.04431	0.15860	0.01278	0.01425	0.00949	0.04344	0.04599	0.00198	0.07049	0.00464	0.03213	0.00707
19	0.00973	0.00982	0.01855	0.53720	0.02981	0.01095	0.25209	0.01313	0.01022	0.01336	0.00971	0.04583	0.00777	0.00503	0.00517	0.00164	0.00684	0.00513	0.00234	0.00568
20	0.00590	0.00422	0.00562	0.00675	0.00703	0.00394	0.00450	0.00675	0.00928	0.01237	0.02671	0.82653	0.03205	0.01518	0.00619	0.00197	0.00281	0.01378	0.00450	0.00394
21	0.01114	0.01064	0.01812	0.26780	0.56812	0.01129	0.01445	0.01412	0.01063	0.01479	0.00896	0.01227	0.00731	0.00448	0.00481	0.00149	0.00597	0.00431	0.00232	0.00698
22	0.01146	0.01088	0.01843	0.32488	0.19493	0.01191	0.17369	0.09888	0.04994	0.01615	0.00977	0.01279	0.00751	0.00488	0.00538	0.00158	0.03302	0.00467	0.00270	0.00655
23	0.00972	0.02507	0.80458	0.01381	0.02097	0.01125	0.01790	0.01535	0.01023	0.01535	0.00870	0.01023	0.00614	0.00460	0.00460	0.00153	0.00716	0.00358	0.00205	0.00716
24	0.00600	0.00428	0.00573	0.00685	0.00718	0.00402	0.00466	0.00691	0.00937	0.01248	0.02666	0.78875	0.03185	0.01509	0.00621	0.00198	0.00289	0.05064	0.00450	0.00396
25	0.01137	0.05917	0.40352	0.15501	0.10457	0.09828	0.01475	0.04900	0.03223	0.01511	0.00893	0.01088	0.00670	0.00474	0.00459	0.00148	0.00679	0.00377	0.00235	0.00675
26	0.01130	0.01193	0.02351	0.09213	0.02268	0.01261	0.50372	0.01451	0.01037	0.03503	0.00911	0.01255	0.00715	0.00527	0.00808	0.00175	0.20449	0.00521	0.00244	0.00618
27	0.00852	0.00549	0.00601	0.00556	0.00756	0.00462	0.00428	0.00986	0.01154	0.15070	0.04387	0.04138	0.66063	0.01118	0.00558	0.00161	0.00275	0.00929	0.00476	0.00482
28	0.02900	0.00961	0.01504	0.49458	0.06229	0.01125	0.08312	0.01606	0.19881	0.01495	0.01139	0.01403	0.00859	0.00516	0.00490	0.00161	0.00589	0.00468	0.00288	0.00615
29	0.01844	0.01220	0.01244	0.01086	0.04736	0.19022	0.00830	0.04600	0.07265	0.42508	0.03195	0.01447	0.01089	0.00602	0.00565	0.00150	0.06957	0.00452	0.00461	0.00727
30	0.01050	0.22042	0.61609	0.01248	0.01891	0.01317	0.01558	0.01514	0.01014	0.01439	0.00822	0.00964	0.00616	0.00449	0.00424	0.00141	0.00668	0.00334	0.00205	0.00693
31	0.00710	0.00528	0.00682	0.00734	0.00859	0.00500	0.00611	0.00910	0.01168	0.01523	0.19833	0.04872	0.21792	0.01236	0.00625	0.00193	0.00351	0.41966	0.00466	0.00440
32	0.01691	0.01407	0.01302	0.01118	0.02986	0.20977	0.00869	0.22889	0.20408	0.15687	0.01359	0.01329	0.00989	0.00591	0.00524	0.00149	0.04123	0.00441	0.00432	0.00731
33	0.01003	0.02999	0.00829	0.00726	0.00866	0.04243	0.00570	0.10150	0.01089	0.01648	0.01373	0.04764	0.01184	0.02705	0.22050	0.00310	0.06003	0.00494	0.36493	0.00500
34	0.01374	0.01003	0.01101	0.00965	0.01256	0.01119	0.00757	0.02538	0.65535	0.15663	0.01962	0.01780	0.01431	0.00647	0.00492	0.00162	0.00389	0.00537	0.00512	0.00777
35	0.01084	0.01345	0.11511	0.17700	0.09403	0.01178	0.47542	0.01483	0.01092	0.01491	0.00938	0.01262	0.00707	0.00431	0.00534	0.00160	0.00751	0.00507	0.00234	0.00648
36	0.00933	0.00880	0.01486	0.76754	0.08246	0.01081	0.01355	0.01254	0.00978	0.01260	0.00865	0.01286	0.00654	0.00481	0.00484	0.00160	0.00641	0.00431	0.00217	0.00553
37	0.86392	0.00937	0.00712	0.00637	0.00937	0.01087	0.00525	0.01425	0.00825	0.02174	0.00675	0.00787	0.00525	0.00450	0.00300	0.00150	0.00375	0.00262	0.00300	0.00525
38	0.00706	0.00507	0.00670	0.00664	0.00772	0.00478	0.00516	0.00924	0.01290	0.01799	0.60570	0.03976	0.04086	0.04655	0.00675	0.00181	0.00283	0.16296	0.00505	0.00448
39	0.01348	0.43567	0.17807	0.01100	0.01539	0.20862	0.04833	0.01590	0.01094	0.01250	0.00746	0.00876	0.00626	0.00444	0.00384	0.00122	0.00658	0.00307	0.00219	0.00628
40	0.01222	0.01075	0.01103	0.00993	0.01267	0.03359	0.00772	0.02558	0.76975	0.02004	0.01939	0.01783	0.01456	0.00653	0.00492	0.00163	0.00397	0.00542	0.00487	0.00762
41	0.00590	0.00422	0.00562	0.00675	0.00703	0.00394	0.00450	0.00675	0.00928	0.01237	0.02671	0.82653	0.03205	0.01518	0.00619	0.00197	0.00281	0.01378	0.00450	0.00394
42	0.01590	0.00864	0.01110	0.00920	0.01187	0.00903	0.00746	0.10822	0.10490	0.37290	0.03287	0.01655	0.01215	0.01252	0.16980	0.00285	0.07734	0.00498	0.00469	0.00704
43	0.05378	0.01697	0.15175	0.01163	0.01581	0.14576	0.01058	0.48950	0.01846	0.02442	0.01022	0.01075	0.00741	0.00541	0.00465	0.00144	0.00615	0.00395	0.00389	0.00749
44	0.00686	0.00495	0.00648	0.00610	0.00724	0.00457	0.00457	0.00914	0.01372	0.01943	0.79691	0.03620	0.04572	0.00991	0.00572	0.00152	0.00229	0.00876	0.00533	0.00457
45	0.22944	0.02103	0.59946	0.01190	0.01799	0.01116	0.01465	0.01506	0.00972	0.01699	0.00820	0.00962	0.00591	0.00458	0.00419	0.00153	0.00628	0.00333	0.00229	0.00667
46	0.01093	0.01582	0.21592	0.01859	0.02396	0.01187	0.58376	0.01533	0.01111	0.01543	0.00983	0.02630	0.00748	0.00440	0.00546	0.00162	0.00783	0.00534	0.00239	0.00664
47	0.01199	0.01151	0.01967	0.02974	0.79946	0.01151	0.01487	0.01487	0.01103	0.01583	0.00912	0.01199	0.00768	0.00432	0.00480	0.00144	0.00576	0.00432	0.00240	0.00768
48	0.00585	0.00442	0.00541	0.00620	0.00689	0.00398	0.00426	0.00681	0.00980	0.01258	0.03332	0.59603	0.25828	0.01432	0.00605	0.00187	0.00271	0.01273	0.00450	0.00398
49	0.03293	0.01673	0.01423	0.01187	0.02939	0.28776	0.00930	0.49358	0.01921	0.02371	0.01008	0.01058	0.00749	0.00548	0.00465	0.00138	0.00648	0.00391	0.00396	0.00728

[dist]
# distance from previous block
# <min> <max>
1	5

[block]
# block no. 7 follows, 52 sequences, length 54
# corresponding to MSA columns:
# 662-715
name=unknown_H
#
# <colnr> <probs for GDERKNQSTAVLIFYWHMCP>
#	G	D	E	R	K	N	Q	S	T	A	V	L	I	F	Y	W	H	M	C	P
0	0.69059	0.00959	0.00846	0.00734	0.01040	0.01087	0.02480	0.06149	0.04313	0.05569	0.00884	0.01058	0.00693	0.00502	0.00346	0.00153	0.00400	0.02827	0.00336	0.00567
1	0.02982	0.00493	0.00539	0.05391	0.00757	0.00514	0.00417	0.01114	0.00985	0.01715	0.01498	0.01801	0.01204	0.03447	0.04851	0.00165	0.00322	0.00458	0.70894	0.00452
2	0.00692	0.00519	0.00779	0.00779	0.00865	0.00606	0.00606	0.00865	0.00779	0.01125	0.01298	0.01904	0.01211	0.03634	0.81049	0.00779	0.01298	0.00519	0.00260	0.00433
3	0.01692	0.21292	0.01654	0.01139	0.01439	0.56251	0.00910	0.07730	0.01352	0.01320	0.00763	0.00874	0.00639	0.00486	0.00411	0.00121	0.00764	0.00309	0.00258	0.00596
4	0.00585	0.00490	0.00509	0.00508	0.00663	0.00414	0.00380	0.00718	0.01128	0.01374	0.12686	0.06458	0.70009	0.01210	0.00574	0.00163	0.00245	0.01016	0.00459	0.00414
5	0.01513	0.01056	0.01136	0.00967	0.01260	0.08009	0.02109	0.07659	0.34474	0.23728	0.08394	0.01910	0.01576	0.00670	0.00500	0.00157	0.00442	0.03214	0.00498	0.00730
6	0.00972	0.02507	0.80458	0.01381	0.02097	0.01125	0.01790	0.01535	0.01023	0.01535	0.00870	0.01023	0.00614	0.00460	0.00460	0.00153	0.00716	0.00358	0.00205	0.00716
7	0.01824	0.00747	0.01012	0.00803	0.01116	0.00652	0.00652	0.02021	0.01383	0.61841	0.20221	0.02113	0.01994	0.00692	0.00507	0.00151	0.00369	0.00579	0.00584	0.00738
8	0.01140	0.01297	0.02804	0.02012	0.02482	0.01236	0.75089	0.01537	0.01128	0.01537	0.00967	0.01297	0.00731	0.00426	0.00613	0.00165	0.04081	0.00566	0.00244	0.00649
9	0.02174	0.00825	0.01125	0.00862	0.01237	0.00712	0.00712	0.02362	0.01387	0.80282	0.01912	0.01649	0.01200	0.00600	0.00487	0.00150	0.00412	0.00487	0.00600	0.00825
10	0.00582	0.00494	0.00504	0.00508	0.00670	0.00416	0.00386	0.00709	0.01105	0.01315	0.04807	0.04699	0.76405	0.01232	0.00577	0.00166	0.00254	0.04310	0.00450	0.00411
11	0.00781	0.00611	0.00897	0.19869	0.01482	0.00651	0.00832	0.01019	0.01114	0.01466	0.14794	0.07380	0.05553	0.01084	0.00604	0.00194	0.00443	0.40353	0.00406	0.00466
12	0.01360	0.01505	0.26628	0.01092	0.01528	0.03704	0.01088	0.03433	0.32282	0.18603	0.02752	0.01508	0.01150	0.00580	0.00481	0.00156	0.00513	0.00469	0.00416	0.00752
13	0.00972	0.02507	0.80458	0.01381	0.02097	0.01125	0.01790	0.01535	0.01023	0.01535	0.00870	0.01023	0.00614	0.00460	0.00460	0.00153	0.00716	0.00358	0.00205	0.00716
14	0.00643	0.00460	0.00621	0.00720	0.00776	0.00438	0.00528	0.00773	0.01010	0.01348	0.09280	0.57675	0.03225	0.01431	0.00626	0.00199	0.00315	0.19062	0.00456	0.00411
15	0.00896	0.00815	0.01328	0.41773	0.17972	0.00931	0.01131	0.01145	0.00987	0.01322	0.03221	0.20474	0.01369	0.00744	0.00560	0.00168	0.03669	0.00664	0.00283	0.00548
16	0.01467	0.01948	0.14175	0.01841	0.26839	0.40982	0.02847	0.01719	0.01226	0.01377	0.00825	0.01011	0.00671	0.00470	0.00457	0.00136	0.00752	0.00363	0.00239	0.00654
17	0.00603	0.00492	0.00533	0.00522	0.00673	0.00422	0.00392	0.00754	0.01176	0.01478	0.24797	0.04386	0.59757	0.01164	0.00572	0.00161	0.00241	0.00984	0.00472	0.00422
18	0.01124	0.01249	0.02536	0.01861	0.02236	0.01286	0.60031	0.01461	0.01049	0.01461	0.00899	0.01249	0.00712	0.00512	0.00812	0.00175	0.19947	0.00537	0.00237	0.00625
19	0.01134	0.01084	0.01825	0.15723	0.60729	0.01145	0.01421	0.01415	0.01060	0.01498	0.00927	0.01310	0.00789	0.00488	0.00552	0.00153	0.05507	0.02292	0.00239	0.00708
20	0.01842	0.01357	0.01454	0.01115	0.01503	0.01503	0.00921	0.78330	0.02278	0.03054	0.01163	0.01163	0.00824	0.00582	0.00485	0.00145	0.00533	0.00436	0.00485	0.00824
21	0.00590	0.00422	0.00562	0.00675	0.00703	0.00394	0.00450	0.00675	0.00928	0.01237	0.02671	0.82653	0.03205	0.01518	0.00619	0.00197	0.00281	0.01378	0.00450	0.00394
22	0.01355	0.01018	0.01122	0.00931	0.01207	0.01104	0.00745	0.41912	0.12206	0.02454	0.17834	0.07889	0.05196	0.00785	0.00520	0.00155	0.00418	0.01972	0.00491	0.00685
23	0.01760	0.01303	0.01400	0.01090	0.01457	0.01441	0.00894	0.71721	0.05430	0.02931	0.01264	0.04802	0.00957	0.00626	0.00491	0.00149	0.00516	0.00483	0.00484	0.00803
24	0.86392	0.00937	0.00712	0.00637	0.00937	0.01087	0.00525	0.01425	0.00825	0.02174	0.00675	0.00787	0.00525	0.00450	0.00300	0.00150	0.00375	0.00262	0.00300	0.00525
25	0.00982	0.02434	0.75771	0.01421	0.02124	0.01131	0.06405	0.01536	0.01030	0.01536	0.00876	0.01040	0.00621	0.00457	0.00467	0.00154	0.00722	0.00371	0.00207	0.00712
26	0.01162	0.01131	0.01980	0.11986	0.64855	0.01149	0.07674	0.01464	0.01091	0.01541	0.00911	0.01219	0.00751	0.00436	0.00488	0.00148	0.00603	0.00443	0.00237	0.00732
27	0.00905	0.02033	0.61671	0.01200	0.01774	0.00968	0.01477	0.01389	0.01105	0.01631	0.19424	0.01634	0.01546	0.00585	0.00487	0.00153	0.00601	0.00480	0.00282	0.00655
28	0.01067	0.01017	0.01728	0.39624	0.44329	0.01117	0.01421	0.01371	0.01041	0.01423	0.00888	0.01242	0.00711	0.00456	0.00482	0.00152	0.00608	0.00431	0.00228	0.00661
29	0.01644	0.01277	0.19867	0.01185	0.08217	0.00913	0.01046	0.06595	0.06012	0.40937	0.03173	0.01631	0.01150	0.00591	0.00489	0.00154	0.00501	0.03393	0.00455	0.00769
30	0.06208	0.14454	0.59402	0.01229	0.01850	0.01244	0.01511	0.04459	0.01060	0.01580	0.02322	0.01026	0.00692	0.00468	0.00431	0.00145	0.00650	0.00350	0.00228	0.00690
31	0.00590	0.00422	0.00562	0.00675	0.00703	0.00394	0.00450	0.00675	0.00928	0.01237	0.02671	0.82653	0.03205	0.01518	0.00619	0.00197	0.00281	0.01378	0.00450	0.00394
32	0.00763	0.00552	0.00756	0.00857	0.00973	0.00545	0.00745	0.00977	0.01115	0.01438	0.02771	0.05396	0.09528	0.01329	0.00661	0.00218	0.00429	0.70059	0.00447	0.00443
33	0.01065	0.01134	0.02233	0.27227	0.05893	0.01202	0.42600	0.01410	0.01045	0.01414	0.00904	0.01272	0.00698	0.00480	0.00647	0.00167	0.09263	0.00506	0.00232	0.00609
34	0.01842	0.01357	0.01454	0.01115	0.01503	0.01503	0.00921	0.78330	0.02278	0.03054	0.01163	0.01163	0.00824	0.00582	0.00485	0.00145	0.00533	0.00436	0.00485	0.00824
35	0.00590	0.00422	0.00562	0.00675	0.00703	0.00394	0.00450	0.00675	0.00928	0.01237	0.02671	0.82653	0.03205	0.01518	0.00619	0.00197	0.00281	0.01378	0.00450	0.00394
36	0.01824	0.00747	0.01012	0.00803	0.01116	0.00652	0.00652	0.02021	0.01383	0.61841	0.20221	0.02113	0.01994	0.00692	0.00507	0.00151	0.00369	0.00579	0.00584	0.00738
37	0.01164	0.01272	0.04836	0.02454	0.38417	0.01188	0.40266	0.01522	0.01121	0.01566	0.00945	0.01248	0.00747	0.00421	0.00526	0.00154	0.00702	0.00500	0.00241	0.00708
38	0.00594	0.00444	0.00553	0.00626	0.00693	0.00403	0.00431	0.00700	0.01008	0.01315	0.09832	0.57487	0.21342	0.01404	0.00604	0.00185	0.00268	0.01251	0.00457	0.00403
39	0.01199	0.01151	0.01967	0.02974	0.79946	0.01151	0.01487	0.01487	0.01103	0.01583	0.00912	0.01199	0.00768	0.00432	0.00480	0.00144	0.00576	0.00432	0.00240	0.00768
40	0.01383	0.60589	0.05737	0.01008	0.03859	0.17941	0.00915	0.01554	0.01069	0.01181	0.00705	0.00821	0.00627	0.00434	0.00349	0.00111	0.00601	0.00280	0.00217	0.00619
41	0.01136	0.43357	0.41042	0.01102	0.01666	0.01526	0.01304	0.01492	0.01004	0.01335	0.00771	0.00899	0.00618	0.00437	0.00385	0.00128	0.00616	0.00308	0.00206	0.00668
42	0.00597	0.00426	0.00570	0.00682	0.00713	0.00399	0.00461	0.00686	0.00934	0.01244	0.02667	0.80104	0.03191	0.01512	0.00620	0.00198	0.00287	0.03865	0.00450	0.00395
43	0.04751	0.01099	0.01150	0.00997	0.01295	0.01259	0.00787	0.17320	0.60935	0.02234	0.01762	0.01641	0.01313	0.00634	0.00484	0.00160	0.00412	0.00515	0.00484	0.00768
44	0.00915	0.00861	0.01453	0.81804	0.03338	0.01077	0.01346	0.01238	0.00969	0.01238	0.00861	0.01292	0.00646	0.00484	0.00484	0.00161	0.00646	0.00431	0.00215	0.00538
45	0.00721	0.00630	0.01103	0.00997	0.01134	0.00589	0.18749	0.00881	0.00979	0.01311	0.02273	0.63504	0.02624	0.01257	0.00608	0.00189	0.00407	0.01188	0.00402	0.00455
46	0.01144	0.01307	0.02859	0.02042	0.02533	0.01225	0.78186	0.01552	0.01144	0.01552	0.00980	0.01307	0.00735	0.00408	0.00572	0.00163	0.00817	0.00572	0.00245	0.00654
47	0.00596	0.00441	0.00553	0.00638	0.00696	0.00404	0.00437	0.00689	0.00963	0.01249	0.03095	0.61776	0.18999	0.04057	0.00670	0.00199	0.00284	0.03415	0.00445	0.00395
48	0.11291	0.01049	0.00942	0.07759	0.01209	0.14263	0.00675	0.17389	0.01318	0.03268	0.01192	0.01351	0.00916	0.00538	0.00396	0.00131	0.00455	0.00402	0.34887	0.00570
49	0.01122	0.14673	0.54013	0.01327	0.01945	0.01293	0.08138	0.09117	0.01152	0.01626	0.00878	0.01024	0.00646	0.00461	0.00449	0.00146	0.00676	0.00369	0.00236	0.00707
50	0.19733	0.06716	0.26716	0.01042	0.01516	0.01199	0.01078	0.20821	0.01347	0.13906	0.01046	0.01087	0.00736	0.00507	0.00427	0.00147	0.00539	0.00370	0.00355	0.00712
51	0.01796	0.01562	0.01414	0.01139	0.01487	0.20204	0.00915	0.55771	0.06704	0.02552	0.01115	0.01134	0.00817	0.00567	0.00474	0.00142	0.00604	0.00414	0.00430	0.00759
52	0.01317	0.05870	0.01156	0.00784	0.01199	0.00803	0.00644	0.07521	0.01178	0.17035	0.01079	0.01129	0.00814	0.00427	0.00391	0.00095	0.00393	0.00336	0.00359	0.57470
53	0.01168	0.51038	0.30512	0.01023	0.01547	0.01584	0.01165	0.01472	0.00999	0.01299	0.00751	0.00875	0.00623	0.00429	0.00367	0.00120	0.00583	0.00296	0.00209	0.03938

[dist]
# distance from previous block
# <min> <max>
3	17

[block]
# block no. 8 follows, 52 sequences, length 15
# corresponding to MSA columns:
# 743-757
name=unknown_I
#
# <colnr> <probs for GDERKNQSTAVLIFYWHMCP>
#	G	D	E	R	K	N	Q	S	T	A	V	L	I	F	Y	W	H	M	C	P
0	0.01082	0.00806	0.00966	0.00728	0.01105	0.00623	0.00574	0.01279	0.01037	0.10008	0.01188	0.10691	0.01063	0.00521	0.00403	0.00095	0.00355	0.00437	0.00340	0.66699
1	0.01185	0.01239	0.01958	0.01484	0.01815	0.11454	0.41380	0.07716	0.03641	0.01508	0.01151	0.03654	0.01024	0.17489	0.00936	0.00221	0.00703	0.00574	0.00288	0.00579
2	0.01124	0.40483	0.43815	0.01122	0.01696	0.01498	0.01338	0.01495	0.01005	0.01349	0.00778	0.00908	0.00618	0.00439	0.00390	0.00130	0.00623	0.00312	0.00206	0.00672
3	0.01101	0.01051	0.01789	0.30370	0.53323	0.01125	0.01438	0.01401	0.01057	0.01463	0.00894	0.01232	0.00725	0.00450	0.00481	0.00150	0.00600	0.00431	0.00231	0.00688
4	0.00671	0.00483	0.00626	0.00669	0.00740	0.00458	0.00470	0.03687	0.01133	0.01551	0.29380	0.52113	0.03590	0.01300	0.00597	0.00179	0.00272	0.01168	0.00480	0.00432
5	0.01600	0.01124	0.01196	0.00944	0.01261	0.01232	0.00771	0.58432	0.01953	0.02733	0.01271	0.01329	0.00932	0.00577	0.00447	0.00137	0.00454	0.00440	0.22438	0.00728
6	0.01235	0.00898	0.01007	0.00891	0.01146	0.00981	0.00695	0.02203	0.52071	0.13074	0.17985	0.02159	0.02077	0.00718	0.00508	0.00160	0.00356	0.00607	0.00517	0.00711
7	0.02174	0.00825	0.01125	0.00862	0.01237	0.00712	0.00712	0.02362	0.01387	0.80282	0.01912	0.01649	0.01200	0.00600	0.00487	0.00150	0.00412	0.00487	0.00600	0.00825
8	0.01842	0.01357	0.01454	0.01115	0.01503	0.01503	0.00921	0.78330	0.02278	0.03054	0.01163	0.01163	0.00824	0.00582	0.00485	0.00145	0.00533	0.00436	0.00485	0.00824
9	0.01144	0.01307	0.02859	0.02042	0.02533	0.01225	0.78186	0.01552	0.01144	0.01552	0.00980	0.01307	0.00735	0.00408	0.00572	0.00163	0.00817	0.00572	0.00245	0.00654
10	0.01205	0.01041	0.01096	0.00986	0.01260	0.01205	0.00767	0.02575	0.79071	0.02027	0.01972	0.01808	0.01479	0.00657	0.00493	0.00164	0.00384	0.00548	0.00493	0.00767
11	0.01296	0.83261	0.02539	0.00829	0.01244	0.01917	0.00829	0.01451	0.00985	0.01140	0.00674	0.00777	0.00622	0.00415	0.00311	0.00104	0.00518	0.00259	0.00207	0.00622
12	0.00589	0.00428	0.00556	0.00658	0.00699	0.00395	0.00443	0.00677	0.00944	0.01244	0.02872	0.75651	0.10077	0.01492	0.00614	0.00194	0.00278	0.01346	0.00450	0.00395
13	0.01475	0.01003	0.01062	0.00856	0.01136	0.01092	0.00693	0.48152	0.01785	0.02566	0.01327	0.01415	0.00988	0.00575	0.00428	0.00133	0.00413	0.00442	0.33780	0.00679
14	0.57834	0.00854	0.00750	0.00668	0.00937	0.00948	0.00538	0.05386	0.00981	0.09518	0.01087	0.08340	0.00916	0.00578	0.00360	0.00150	0.00363	0.00412	0.08831	0.00550

[dist]
# distance from previous block
# <min> <max>
1	4

[block]
# block no. 9 follows, 52 sequences, length 7
# corresponding to MSA columns:
# 762-768
name=unknown_J
#
# <colnr> <probs for GDERKNQSTAVLIFYWHMCP>
#	G	D	E	R	K	N	Q	S	T	A	V	L	I	F	Y	W	H	M	C	P
0	0.01060	0.07084	0.00980	0.00844	0.00984	0.12883	0.00632	0.05149	0.01101	0.08382	0.01976	0.48317	0.02181	0.01114	0.00600	0.00173	0.04678	0.00953	0.00404	0.00504
1	0.05380	0.00518	0.00649	0.00659	0.00758	0.00499	0.00487	0.00921	0.01127	0.04302	0.35970	0.22242	0.03364	0.10971	0.00804	0.00209	0.00310	0.09929	0.00464	0.00438
2	0.01342	0.01353	0.01167	0.00922	0.01294	0.24911	0.00722	0.10162	0.01260	0.01628	0.00862	0.00983	0.00702	0.00426	0.00397	0.00096	0.00533	0.00312	0.00298	0.50631
3	0.12602	0.00703	0.00729	0.00676	0.00885	0.00705	0.00543	0.13534	0.01275	0.01770	0.07790	0.03611	0.40724	0.01017	0.00534	0.00166	0.00337	0.11457	0.00439	0.00501
4	0.86392	0.00937	0.00712	0.00637	0.00937	0.01087	0.00525	0.01425	0.00825	0.02174	0.00675	0.00787	0.00525	0.00450	0.00300	0.00150	0.00375	0.00262	0.00300	0.00525
5	0.01583	0.00998	0.01137	0.00957	0.01274	0.01068	0.00763	0.09279	0.46452	0.28060	0.01880	0.01698	0.01328	0.00632	0.00490	0.00158	0.00406	0.00518	0.00528	0.00791
6	0.00937	0.00884	0.01494	0.75617	0.09350	0.01083	0.01357	0.01258	0.00980	0.01265	0.00865	0.01285	0.00656	0.00480	0.00484	0.00160	0.00640	0.00431	0.00217	0.00556

[dist]
# distance from previous block
# <min> <max>
0	2

[block]
# block no. 10 follows, 52 sequences, length 59
# corresponding to MSA columns:
# 771-829
name=unknown_K
#
# <colnr> <probs for GDERKNQSTAVLIFYWHMCP>
#	G	D	E	R	K	N	Q	S	T	A	V	L	I	F	Y	W	H	M	C	P
0	0.01000	0.02442	0.77193	0.01363	0.02063	0.01120	0.01747	0.01574	0.02783	0.03018	0.00914	0.01052	0.00644	0.00467	0.00462	0.00154	0.00703	0.00365	0.00218	0.00719
1	0.00781	0.00558	0.00781	0.00892	0.01004	0.00558	0.00781	0.01004	0.01116	0.01450	0.02566	0.05466	0.02789	0.01339	0.00669	0.00223	0.00446	0.76685	0.00446	0.00446
2	0.02174	0.00825	0.01125	0.00862	0.01237	0.00712	0.00712	0.02362	0.01387	0.80282	0.01912	0.01649	0.01200	0.00600	0.00487	0.00150	0.00412	0.00487	0.00600	0.00825
3	0.01046	0.00995	0.01690	0.45551	0.38570	0.01111	0.01411	0.01353	0.01031	0.01397	0.00884	0.01249	0.00702	0.00460	0.00482	0.00153	0.00614	0.00431	0.00227	0.00644
4	0.00870	0.00671	0.00834	0.00872	0.01022	0.00708	0.00720	0.01389	0.21908	0.01633	0.09432	0.09285	0.03819	0.01135	0.00609	0.00198	0.00396	0.43502	0.00467	0.00529
5	0.00982	0.00929	0.01574	0.63295	0.21326	0.01094	0.01379	0.01297	0.01001	0.01319	0.00873	0.01270	0.00675	0.00472	0.00483	0.00157	0.00629	0.00431	0.00221	0.00592
6	0.00624	0.00470	0.00673	0.00729	0.00788	0.00437	0.04294	0.00718	0.00941	0.01246	0.02679	0.71268	0.07947	0.01449	0.00650	0.02653	0.00309	0.01287	0.00433	0.00402
7	0.01093	0.01575	0.22146	0.05888	0.07452	0.01188	0.50325	0.01528	0.01102	0.01534	0.00942	0.01228	0.00703	0.00427	0.00534	0.00160	0.00768	0.00502	0.00233	0.00671
8	0.00692	0.00519	0.00779	0.00779	0.00865	0.00606	0.00606	0.00865	0.00779	0.01125	0.01298	0.01904	0.01211	0.03634	0.81049	0.00779	0.01298	0.00519	0.00260	0.00433
9	0.01450	0.63952	0.02232	0.00860	0.01264	0.01709	0.00819	0.07584	0.03216	0.11629	0.00908	0.00949	0.00736	0.00458	0.00352	0.00115	0.00502	0.00310	0.00288	0.00668
10	0.00998	0.02470	0.78713	0.01370	0.02078	0.01116	0.01767	0.01553	0.01031	0.03267	0.00893	0.01037	0.00627	0.00463	0.00461	0.00153	0.00710	0.00361	0.00213	0.00719
11	0.01700	0.00690	0.00962	0.00791	0.01041	0.00623	0.00623	0.01773	0.01133	0.52593	0.01568	0.01616	0.01099	0.01103	0.06079	0.24573	0.00472	0.00470	0.00467	0.00625
12	0.00915	0.00861	0.01453	0.81804	0.03338	0.01077	0.01346	0.01238	0.00969	0.01238	0.00861	0.01292	0.00646	0.00484	0.00484	0.00161	0.00646	0.00431	0.00215	0.00538
13	0.01199	0.01151	0.01967	0.02974	0.79946	0.01151	0.01487	0.01487	0.01103	0.01583	0.00912	0.01199	0.00768	0.00432	0.00480	0.00144	0.00576	0.00432	0.00240	0.00768
14	0.01003	0.00960	0.01582	0.45774	0.13508	0.01161	0.05661	0.02674	0.00970	0.01319	0.00857	0.01260	0.00694	0.00682	0.04230	0.00196	0.16226	0.00442	0.00227	0.00576
15	0.00620	0.00497	0.00556	0.00553	0.00699	0.00433	0.00423	0.00780	0.01182	0.01501	0.26215	0.04420	0.52778	0.01167	0.00579	0.00165	0.00255	0.06278	0.00474	0.00426
16	0.01157	0.01241	0.02510	0.04623	0.29393	0.01196	0.49421	0.01521	0.01125	0.01554	0.00953	0.01269	0.00744	0.00419	0.00537	0.00157	0.00729	0.00519	0.00242	0.00690
17	0.01083	0.06381	0.05561	0.07893	0.14879	0.02334	0.11302	0.03636	0.02114	0.02443	0.03088	0.05745	0.01046	0.04078	0.00901	0.02430	0.21590	0.02634	0.00270	0.00590
18	0.00580	0.00475	0.00513	0.00538	0.00668	0.00407	0.00390	0.00698	0.01072	0.01312	0.06760	0.22943	0.59388	0.01288	0.00583	0.00171	0.00253	0.01101	0.00453	0.00407
19	0.01145	0.01303	0.02836	0.02067	0.04562	0.01224	0.76176	0.01551	0.01143	0.01553	0.00979	0.01304	0.00736	0.00409	0.00569	0.00163	0.00811	0.00568	0.00245	0.00657
20	0.03031	0.01421	0.11611	0.04470	0.02473	0.01206	0.65293	0.01537	0.01117	0.01554	0.00957	0.01263	0.00714	0.00418	0.00550	0.00162	0.00790	0.00536	0.00241	0.00654
21	0.01159	0.01264	0.02614	0.02299	0.23836	0.01205	0.57079	0.01534	0.01133	0.01561	0.00961	0.01278	0.00744	0.00415	0.00547	0.00158	0.00751	0.00533	0.00244	0.00685
22	0.00590	0.00422	0.00562	0.00675	0.00703	0.00394	0.00450	0.00675	0.00928	0.01237	0.02671	0.82653	0.03205	0.01518	0.00619	0.00197	0.00281	0.01378	0.00450	0.00394
23	0.02058	0.00799	0.01087	0.00843	0.01197	0.00692	0.00692	0.02249	0.01386	0.74184	0.07966	0.01803	0.01462	0.00630	0.00494	0.00150	0.00398	0.00518	0.00595	0.00796
24	0.01374	0.73899	0.02399	0.00849	0.01260	0.01831	0.00829	0.06450	0.01088	0.05184	0.00767	0.00845	0.00664	0.00435	0.00331	0.00109	0.00514	0.00282	0.00245	0.00645
25	0.00713	0.00580	0.00793	0.00829	0.00856	0.00660	0.00614	0.00811	0.00896	0.01234	0.02186	0.58521	0.02575	0.01349	0.00850	0.00202	0.19499	0.06006	0.00394	0.00429
26	0.00905	0.02034	0.61719	0.01200	0.01775	0.00969	0.01477	0.01389	0.01105	0.01631	0.19377	0.01633	0.01543	0.00585	0.00487	0.00153	0.00602	0.00480	0.00282	0.00655
27	0.01009	0.11775	0.71516	0.01318	0.01999	0.01216	0.01680	0.01525	0.01019	0.01489	0.00847	0.00995	0.00615	0.00455	0.00443	0.00148	0.00693	0.00347	0.00205	0.00705
28	0.01131	0.01070	0.01800	0.26515	0.54967	0.01138	0.01430	0.03425	0.01094	0.01518	0.00903	0.01226	0.00733	0.00451	0.00481	0.00149	0.00596	0.00432	0.00239	0.00700
29	0.00649	0.00495	0.00597	0.00576	0.00707	0.00443	0.00435	0.00840	0.01272	0.01709	0.51589	0.04032	0.30746	0.01082	0.00575	0.00158	0.00240	0.02913	0.00502	0.00440
30	0.01061	0.07598	0.13922	0.10366	0.01754	0.01102	0.13717	0.01668	0.21996	0.03644	0.03683	0.03193	0.07225	0.00651	0.00528	0.00161	0.02241	0.04504	0.00345	0.00641
