[name]
unknown

[dist]
# distance from previous block
# <min> <max>
0	234

[block]
# block no. 0 follows, 48 sequences, length 21
# corresponding to MSA columns:
# 241-261
name=unknown_A
#
# <colnr> <probs for GDERKNQSTAVLIFYWHMCP>
#	G	D	E	R	K	N	Q	S	T	A	V	L	I	F	Y	W	H	M	C	P
0	0.01533	0.01431	0.05466	0.10479	0.05252	0.21070	0.03874	0.12731	0.02308	0.12648	0.01392	0.07529	0.01197	0.02998	0.00583	0.00170	0.00642	0.05661	0.00381	0.02655
1	0.04554	0.01003	0.03199	0.01035	0.05335	0.04312	0.00786	0.18714	0.02706	0.19951	0.07942	0.17473	0.06939	0.00894	0.00550	0.00169	0.00450	0.02809	0.00495	0.00684
2	0.04375	0.01380	0.11168	0.04607	0.49953	0.01229	0.01444	0.11214	0.01321	0.06868	0.01052	0.01261	0.00818	0.00495	0.00500	0.00155	0.00605	0.00446	0.00309	0.00802
3	0.01237	0.01167	0.01917	0.15878	0.55382	0.01223	0.03249	0.03680	0.08005	0.01698	0.01065	0.01345	0.00859	0.00492	0.00513	0.00158	0.00609	0.00472	0.00281	0.00771
4	0.01283	0.01282	0.01973	0.02727	0.60396	0.08172	0.06139	0.01575	0.01204	0.01637	0.02889	0.01593	0.01028	0.00537	0.00525	0.00157	0.00636	0.05214	0.00276	0.00757
5	0.00757	0.00721	0.05786	0.00999	0.10211	0.00595	0.00690	0.00959	0.01171	0.01588	0.23496	0.25332	0.19262	0.01293	0.04577	0.00209	0.00395	0.01000	0.00447	0.00510
6	0.01573	0.01170	0.01306	0.06155	0.03352	0.03217	0.00898	0.28711	0.27884	0.10317	0.05945	0.01743	0.01393	0.00668	0.00520	0.00163	0.00489	0.01567	0.02140	0.00789
7	0.01193	0.01342	0.02892	0.02160	0.06429	0.01262	0.70347	0.01606	0.01201	0.01633	0.01099	0.04294	0.00875	0.00476	0.00602	0.00173	0.00832	0.00629	0.00267	0.00688
8	0.01366	0.08554	0.25050	0.01490	0.08627	0.17664	0.05099	0.06896	0.09460	0.01652	0.01040	0.01233	0.00823	0.00565	0.00583	0.00158	0.07219	0.01522	0.00290	0.00711
9	0.01189	0.33188	0.38111	0.01344	0.01942	0.01531	0.12937	0.01594	0.01087	0.01467	0.00859	0.01029	0.00673	0.00460	0.00444	0.00144	0.00694	0.00373	0.00224	0.00710
10	0.00656	0.00467	0.00621	0.00733	0.00772	0.00442	0.00509	0.00758	0.00993	0.01319	0.02747	0.68121	0.03255	0.06106	0.00771	0.00228	0.00330	0.10287	0.00467	0.00417
11	0.00969	0.00912	0.01539	0.80734	0.03534	0.01140	0.01425	0.01311	0.01026	0.01311	0.00912	0.01368	0.00684	0.00513	0.00513	0.00171	0.00684	0.00456	0.00228	0.00570
12	0.01217	0.01046	0.01774	0.33892	0.35969	0.01122	0.04504	0.01525	0.01134	0.08411	0.01104	0.04084	0.00888	0.00533	0.00520	0.00163	0.00624	0.00502	0.00285	0.00703
13	0.00983	0.00552	0.00704	0.00706	0.00830	0.00500	0.00500	0.01093	0.01090	0.17204	0.04611	0.42766	0.13575	0.11349	0.00862	0.00228	0.00344	0.01111	0.00490	0.00501
14	0.00933	0.00603	0.00827	0.00904	0.01044	0.00585	0.00774	0.01151	0.01194	0.08420	0.02802	0.10190	0.07085	0.01353	0.00682	0.00224	0.00446	0.59794	0.00487	0.00502
15	0.01626	0.01359	0.01390	0.01313	0.09485	0.17893	0.02816	0.23648	0.03752	0.12202	0.08266	0.08342	0.01493	0.00723	0.00547	0.00159	0.01809	0.02022	0.00439	0.00716
16	0.01240	0.09001	0.47233	0.01690	0.15691	0.06236	0.03707	0.01689	0.01146	0.06303	0.00974	0.01133	0.00722	0.00488	0.00481	0.00154	0.00708	0.00396	0.00253	0.00754
17	0.01187	0.01118	0.01814	0.11163	0.10430	0.01330	0.14959	0.01484	0.04859	0.05355	0.04142	0.01399	0.00956	0.00701	0.01055	0.00192	0.36426	0.00509	0.00284	0.00639
18	0.08843	0.01220	0.01912	0.02737	0.64325	0.01249	0.01426	0.08921	0.01263	0.01884	0.00969	0.01227	0.00796	0.00474	0.00492	0.00153	0.00586	0.00442	0.00285	0.00796
19	0.03098	0.02395	0.03668	0.09645	0.32798	0.11376	0.03616	0.02562	0.06275	0.05489	0.01326	0.06419	0.01184	0.00652	0.00526	0.00165	0.00611	0.07171	0.00325	0.00698
20	0.06579	0.05603	0.01827	0.02344	0.50162	0.03400	0.03834	0.04616	0.01219	0.03944	0.05996	0.05908	0.01199	0.00572	0.00503	0.00155	0.00563	0.00525	0.00310	0.00739

[dist]
# distance from previous block
# <min> <max>
1	13

[block]
# block no. 1 follows, 48 sequences, length 11
# corresponding to MSA columns:
# 275-285
name=unknown_B
#
# <colnr> <probs for GDERKNQSTAVLIFYWHMCP>
#	G	D	E	R	K	N	Q	S	T	A	V	L	I	F	Y	W	H	M	C	P
0	0.01025	0.00949	0.06520	0.08481	0.03823	0.00848	0.03291	0.04870	0.13641	0.04610	0.22153	0.04634	0.11665	0.00797	0.00540	0.00157	0.00419	0.00689	0.00439	0.10450
1	0.01174	0.01260	0.10169	0.04696	0.40833	0.01119	0.02774	0.04199	0.11328	0.01798	0.08585	0.01711	0.04173	0.00583	0.00519	0.00157	0.00550	0.00531	0.00333	0.03509
2	0.01243	0.01205	0.02096	0.09183	0.68341	0.01218	0.06037	0.01558	0.01160	0.01646	0.00965	0.01284	0.00801	0.00460	0.00514	0.00155	0.00631	0.00466	0.00252	0.00787
3	0.00608	0.00513	0.00527	0.00538	0.00698	0.00432	0.00398	0.00734	0.01152	0.01379	0.04974	0.12171	0.71470	0.01329	0.00611	0.00177	0.00263	0.01118	0.00476	0.00432
4	0.01239	0.34535	0.38492	0.01184	0.01748	0.09119	0.01351	0.01602	0.01106	0.01414	0.00962	0.01087	0.03147	0.00498	0.00425	0.00139	0.00674	0.00355	0.00231	0.00692
5	0.01840	0.01569	0.01529	0.01226	0.01559	0.14904	0.00997	0.54682	0.02043	0.02644	0.01086	0.01166	0.00811	0.00637	0.00653	0.00159	0.10836	0.00438	0.00434	0.00786
6	0.01064	0.00912	0.01064	0.00760	0.01216	0.00684	0.00608	0.01292	0.01064	0.01672	0.00912	0.01064	0.00760	0.00380	0.00380	0.00076	0.00380	0.00304	0.00304	0.85104
7	0.00635	0.00458	0.00597	0.00698	0.00737	0.00430	0.00467	0.00725	0.00974	0.01292	0.02848	0.69624	0.07745	0.06356	0.03590	0.00245	0.00345	0.01362	0.00459	0.00413
8	0.02141	0.00842	0.01151	0.00916	0.01283	0.00736	0.00762	0.02343	0.01437	0.70633	0.02100	0.02189	0.01454	0.00721	0.00537	0.00167	0.00441	0.08700	0.00617	0.00829
9	0.01213	0.01161	0.01979	0.17944	0.64421	0.01204	0.01546	0.01524	0.01141	0.01607	0.00955	0.01289	0.00788	0.00468	0.00509	0.00156	0.00624	0.00457	0.00249	0.00766
10	0.00732	0.00547	0.00809	0.00805	0.00900	0.00624	0.00624	0.00922	0.00893	0.01286	0.09812	0.02215	0.01672	0.03542	0.71255	0.00752	0.01250	0.00591	0.00307	0.00461

[dist]
# distance from previous block
# <min> <max>
1	27

[block]
# block no. 2 follows, 48 sequences, length 11
# corresponding to MSA columns:
# 314-324
name=unknown_C
#
# <colnr> <probs for GDERKNQSTAVLIFYWHMCP>
#	G	D	E	R	K	N	Q	S	T	A	V	L	I	F	Y	W	H	M	C	P
0	0.01548	0.11018	0.01475	0.01110	0.04188	0.07566	0.04517	0.18022	0.11172	0.15543	0.07055	0.09880	0.01534	0.00719	0.00511	0.00157	0.00508	0.00597	0.02158	0.00723
1	0.75884	0.10361	0.00977	0.00698	0.01030	0.01252	0.00593	0.01512	0.00893	0.02176	0.00714	0.00832	0.00568	0.00472	0.00319	0.00153	0.00414	0.00277	0.00306	0.00568
2	0.01203	0.01422	0.08546	0.01981	0.05510	0.01278	0.56433	0.03950	0.04352	0.01709	0.03838	0.01449	0.00946	0.00498	0.00636	0.00173	0.04512	0.00581	0.00284	0.00699
3	0.00625	0.00447	0.00595	0.00714	0.00744	0.00417	0.00476	0.00714	0.00982	0.01310	0.02828	0.81633	0.03394	0.01608	0.00655	0.00208	0.00298	0.01459	0.00476	0.00417
4	0.01074	0.00860	0.01017	0.03863	0.01246	0.00952	0.00796	0.06210	0.32678	0.01873	0.07447	0.03311	0.06215	0.01013	0.00676	0.03620	0.02312	0.23731	0.00477	0.00630
5	0.00956	0.00478	0.00478	0.00478	0.00598	0.00478	0.00359	0.01196	0.01076	0.01913	0.01674	0.01913	0.01315	0.00598	0.00359	0.00120	0.00239	0.00478	0.84816	0.00478
6	0.00734	0.00573	0.00686	0.00647	0.00816	0.00513	0.02532	0.00957	0.04353	0.03846	0.25650	0.09812	0.44637	0.01183	0.00604	0.00172	0.00285	0.01016	0.00502	0.00482
7	0.00707	0.00482	0.00628	0.00695	0.00766	0.00443	0.00482	0.00830	0.01094	0.04551	0.15487	0.59472	0.09538	0.01452	0.00637	0.00196	0.00291	0.01303	0.00497	0.00447
8	0.00956	0.00478	0.00478	0.00478	0.00598	0.00478	0.00359	0.01196	0.01076	0.01913	0.01674	0.01913	0.01315	0.00598	0.00359	0.00120	0.00239	0.00478	0.84816	0.00478
9	0.01406	0.11620	0.01956	0.08531	0.40178	0.15635	0.03029	0.05088	0.04803	0.01603	0.00964	0.01190	0.00792	0.00490	0.00481	0.00146	0.00660	0.00420	0.00274	0.00734
10	0.01665	0.01244	0.01306	0.01060	0.01395	0.04475	0.00853	0.47562	0.12029	0.06674	0.03628	0.07388	0.05120	0.00740	0.00526	0.00160	0.00502	0.00590	0.02303	0.00781

[dist]
# distance from previous block
# <min> <max>
0	1

[block]
# block no. 3 follows, 48 sequences, length 32
# corresponding to MSA columns:
# 326-357
name=unknown_D
#
# <colnr> <probs for GDERKNQSTAVLIFYWHMCP>
#	G	D	E	R	K	N	Q	S	T	A	V	L	I	F	Y	W	H	M	C	P
0	0.00708	0.00521	0.00663	0.00634	0.00757	0.00476	0.00473	0.00931	0.01401	0.01950	0.67025	0.06980	0.13370	0.01100	0.00607	0.00165	0.00246	0.00967	0.00551	0.00476
1	0.01073	0.01023	0.01704	0.50300	0.25684	0.01204	0.01441	0.01382	0.01046	0.01412	0.00906	0.01316	0.00721	0.00532	0.00620	0.00170	0.08132	0.00456	0.00235	0.00641
2	0.06122	0.05623	0.01438	0.01083	0.01449	0.08542	0.00887	0.51669	0.05746	0.02676	0.01549	0.01540	0.08083	0.00659	0.00498	0.00153	0.00552	0.00494	0.00462	0.00776
3	0.01169	0.08994	0.66196	0.01367	0.02067	0.01222	0.01712	0.01695	0.01114	0.08398	0.01001	0.01120	0.00705	0.00496	0.00477	0.00158	0.00713	0.00383	0.00254	0.00760
4	0.01909	0.01186	0.01323	0.02233	0.08590	0.11413	0.00891	0.07735	0.14336	0.40664	0.03232	0.01621	0.01232	0.00620	0.00511	0.00157	0.00521	0.00500	0.00516	0.00809
5	0.00797	0.00573	0.00713	0.00667	0.00809	0.00536	0.00502	0.04921	0.01436	0.03371	0.58871	0.08974	0.13709	0.01087	0.00602	0.00166	0.00268	0.00951	0.00546	0.00501
6	0.00891	0.00446	0.00668	0.00668	0.00668	0.00446	0.00446	0.00668	0.00668	0.00891	0.00891	0.01560	0.00891	0.01783	0.02005	0.85071	0.00446	0.00446	0.00223	0.00223
7	0.09891	0.01208	0.01381	0.01401	0.16244	0.09706	0.03297	0.08564	0.09068	0.05920	0.04621	0.01386	0.01063	0.02168	0.00542	0.00146	0.02933	0.00438	0.00358	0.19665
8	0.00796	0.00541	0.00696	0.00650	0.00788	0.00492	0.00490	0.01023	0.01419	0.06003	0.66485	0.05380	0.11171	0.01061	0.00602	0.00163	0.00255	0.00931	0.00559	0.00499
9	0.01123	0.01123	0.01572	0.01347	0.01347	0.01572	0.01123	0.01235	0.00786	0.01235	0.00674	0.01123	0.00674	0.00898	0.01684	0.00225	0.81028	0.00449	0.00225	0.00561
10	0.00642	0.00493	0.00587	0.00622	0.00729	0.00439	0.00444	0.00783	0.01166	0.01515	0.21511	0.33399	0.33112	0.01356	0.00624	0.00184	0.00270	0.01187	0.00497	0.00439
11	0.01916	0.02175	0.01457	0.01281	0.01565	0.61891	0.00981	0.12935	0.01572	0.05604	0.00917	0.01019	0.00724	0.00559	0.00512	0.00140	0.03423	0.00363	0.00319	0.00649
12	0.12107	0.01270	0.01359	0.01057	0.01445	0.01379	0.00872	0.54546	0.02045	0.14168	0.01299	0.01281	0.00907	0.00601	0.00485	0.00154	0.00515	0.00448	0.03239	0.00822
13	0.01262	0.01197	0.02016	0.10304	0.69462	0.01223	0.01543	0.03809	0.01192	0.01689	0.00968	0.01278	0.00803	0.00467	0.00509	0.00154	0.00615	0.00457	0.00259	0.00792
14	0.01249	0.01237	0.08224	0.01629	0.07934	0.01082	0.32898	0.07037	0.05118	0.08835	0.10837	0.03558	0.05145	0.00643	0.00573	0.00169	0.00630	0.02131	0.00377	0.00695
15	0.01123	0.01123	0.01572	0.01347	0.01347	0.01572	0.01123	0.01235	0.00786	0.01235	0.00674	0.01123	0.00674	0.00898	0.01684	0.00225	0.81028	0.00449	0.00225	0.00561
16	0.01178	0.01140	0.01997	0.16632	0.54337	0.01171	0.08495	0.01490	0.01137	0.01590	0.01060	0.05490	0.00921	0.00525	0.00526	0.00161	0.00630	0.00523	0.00262	0.00738
17	0.03551	0.11214	0.55676	0.01351	0.01990	0.04296	0.05007	0.01647	0.01110	0.05617	0.01007	0.03510	0.00769	0.00522	0.00476	0.00157	0.00706	0.00413	0.00253	0.00728
18	0.01818	0.02206	0.01401	0.01277	0.01538	0.67359	0.00975	0.06912	0.01492	0.01412	0.01001	0.01398	0.00888	0.00617	0.00489	0.00143	0.00859	0.07311	0.00300	0.00602
19	0.00706	0.00601	0.00622	0.00608	0.00767	0.03032	0.00454	0.00912	0.04011	0.01588	0.24732	0.07990	0.49747	0.01199	0.00601	0.00170	0.00283	0.01016	0.00495	0.00465
20	0.01519	0.01484	0.24047	0.08672	0.05616	0.01067	0.04155	0.10824	0.02597	0.25332	0.02522	0.01606	0.05136	0.00610	0.00543	0.00163	0.02434	0.00500	0.00407	0.00765
21	0.01042	0.00822	0.02257	0.03465	0.18724	0.01697	0.05202	0.02821	0.01193	0.09302	0.10313	0.28993	0.08837	0.01016	0.00585	0.00178	0.00438	0.02091	0.00427	0.00598
22	0.01906	0.00957	0.01446	0.06999	0.08065	0.00894	0.07947	0.05805	0.01416	0.51616	0.03406	0.04546	0.01278	0.00636	0.00530	0.00162	0.00506	0.00555	0.00526	0.00804
23	0.01191	0.01117	0.01882	0.04383	0.66217	0.01120	0.01448	0.01480	0.01158	0.01638	0.01218	0.05621	0.01135	0.00604	0.00534	0.00163	0.00583	0.07466	0.00285	0.00757
24	0.01186	0.01425	0.15447	0.05204	0.40346	0.01161	0.11324	0.03769	0.02429	0.01720	0.04802	0.01440	0.01012	0.00508	0.00518	0.00155	0.00635	0.01480	0.00280	0.05159
25	0.04148	0.00980	0.06614	0.01107	0.04722	0.02906	0.06664	0.01580	0.16758	0.09174	0.02115	0.26872	0.03615	0.00989	0.00573	0.00184	0.00460	0.07765	0.00441	0.02335
26	0.05412	0.01203	0.01650	0.09573	0.41557	0.08433	0.01237	0.05457	0.01226	0.03718	0.03882	0.06529	0.01097	0.00583	0.00523	0.00154	0.02041	0.00512	0.00307	0.04905
27	0.01263	0.03963	0.22084	0.01127	0.04225	0.01004	0.01050	0.12537	0.08314	0.12172	0.07111	0.19507	0.01765	0.00833	0.00540	0.00170	0.00504	0.00708	0.00427	0.00698
28	0.06373	0.01358	0.18737	0.09209	0.17946	0.01046	0.04349	0.03407	0.05761	0.13225	0.02544	0.08379	0.01148	0.00621	0.00508	0.00162	0.00567	0.00541	0.00352	0.03767
29	0.01116	0.00983	0.02837	0.08521	0.08289	0.02554	0.00863	0.05834	0.23492	0.03041	0.06612	0.07921	0.08364	0.00777	0.00529	0.00160	0.00447	0.04530	0.00422	0.12707
30	0.03708	0.05291	0.17306	0.02932	0.05283	0.14775	0.03331	0.01673	0.05199	0.10423	0.01462	0.07714	0.02612	0.00692	0.00506	0.00157	0.00602	0.07455	0.00351	0.08527
31	0.01556	0.01527	0.11088	0.03719	0.04478	0.20643	0.00988	0.08744	0.09195	0.15996	0.07728	0.04463	0.01364	0.02514	0.00555	0.00161	0.00600	0.00516	0.00409	0.03756

[dist]
# distance from previous block
# <min> <max>
10	35

[block]
# block no. 4 follows, 48 sequences, length 15
# corresponding to MSA columns:
# 396-410
name=unknown_E
#
# <colnr> <probs for GDERKNQSTAVLIFYWHMCP>
#	G	D	E	R	K	N	Q	S	T	A	V	L	I	F	Y	W	H	M	C	P
0	0.01312	0.07989	0.19067	0.01316	0.10387	0.03037	0.02207	0.08883	0.05397	0.09466	0.05569	0.01512	0.03033	0.02492	0.00582	0.00154	0.04048	0.00463	0.00351	0.12737
1	0.05214	0.03351	0.03990	0.01023	0.02476	0.00988	0.07980	0.10705	0.13666	0.03344	0.21407	0.02085	0.04314	0.00688	0.00527	0.00148	0.01536	0.00590	0.00432	0.15536
2	0.01386	0.01084	0.06938	0.00916	0.01339	0.00872	0.01981	0.13342	0.02705	0.15726	0.07988	0.01566	0.03108	0.00556	0.00464	0.00122	0.00440	0.00454	0.00419	0.38593
3	0.02672	0.01739	0.25641	0.01153	0.01622	0.13397	0.02253	0.06276	0.12614	0.04713	0.05988	0.01384	0.01108	0.00552	0.00477	0.00142	0.00600	0.00433	0.00344	0.16894
4	0.01271	0.01206	0.01977	0.02908	0.69879	0.01226	0.01487	0.01707	0.09969	0.01730	0.01094	0.01344	0.00899	0.00485	0.00510	0.00155	0.00586	0.00471	0.00285	0.00813
5	0.01224	0.01181	0.02038	0.14318	0.65143	0.01211	0.04285	0.01539	0.01149	0.01622	0.00960	0.01288	0.00793	0.00464	0.00512	0.00156	0.00630	0.00462	0.00250	0.00773
6	0.00712	0.00778	0.09643	0.00721	0.00929	0.00559	0.00619	0.00947	0.03811	0.01511	0.12881	0.24627	0.35434	0.01209	0.00596	0.00177	0.00334	0.01043	0.00454	0.03017
7	0.01267	0.01217	0.02041	0.02841	0.64705	0.01231	0.06609	0.01712	0.09972	0.01728	0.01099	0.01352	0.00897	0.00483	0.00516	0.00156	0.00604	0.00481	0.00285	0.00804
8	0.49728	0.01134	0.01036	0.00871	0.01211	0.01294	0.00712	0.23136	0.12367	0.02544	0.01059	0.01102	0.00791	0.00548	0.00403	0.00160	0.00446	0.00374	0.00403	0.00683
9	0.00873	0.00663	0.00894	0.00760	0.01000	0.00573	0.09510	0.01047	0.01209	0.10339	0.04340	0.04150	0.60459	0.01120	0.00596	0.00172	0.00352	0.00961	0.00469	0.00514
10	0.00778	0.00684	0.00697	0.00787	0.00844	0.09848	0.00537	0.00873	0.01038	0.01303	0.02587	0.72057	0.03069	0.01480	0.00632	0.00199	0.00372	0.01325	0.00451	0.00438
11	0.01242	0.01381	0.11183	0.02806	0.64419	0.01220	0.01561	0.01659	0.06372	0.01702	0.01036	0.01292	0.00845	0.00477	0.00507	0.00155	0.00613	0.00456	0.00268	0.00806
12	0.01764	0.01992	0.01455	0.01322	0.03895	0.50265	0.00992	0.13126	0.11612	0.01676	0.01026	0.01125	0.00817	0.00587	0.00562	0.00148	0.06241	0.00395	0.00332	0.00669
13	0.06333	0.03495	0.01273	0.01158	0.10116	0.02290	0.00825	0.21046	0.02946	0.17223	0.16644	0.01894	0.01747	0.03077	0.02437	0.00176	0.00480	0.00549	0.00469	0.05825
14	0.10922	0.11822	0.04647	0.03813	0.03263	0.07904	0.00884	0.22215	0.07458	0.06302	0.03318	0.01419	0.04681	0.00586	0.00457	0.00143	0.00527	0.00441	0.00391	0.08807

[dist]
# distance from previous block
# <min> <max>
4	42

[block]
# block no. 5 follows, 48 sequences, length 6
# corresponding to MSA columns:
# 453-458
name=unknown_F
#
# <colnr> <probs for GDERKNQSTAVLIFYWHMCP>
#	G	D	E	R	K	N	Q	S	T	A	V	L	I	F	Y	W	H	M	C	P
0	0.01031	0.00710	0.00771	0.00702	0.00822	0.03364	0.00475	0.04271	0.07161	0.08484	0.01777	0.02830	0.05327	0.50699	0.04958	0.00390	0.00519	0.00672	0.00371	0.04666
1	0.01301	0.48720	0.07991	0.01054	0.01467	0.01651	0.07036	0.01585	0.04780	0.04330	0.04207	0.01140	0.00920	0.00521	0.00500	0.00133	0.06848	0.00376	0.00272	0.05169
2	0.05295	0.06976	0.03612	0.01563	0.17380	0.14088	0.06877	0.13461	0.07443	0.07400	0.01363	0.01514	0.04770	0.00582	0.00493	0.00150	0.00606	0.02017	0.00362	0.04047
3	0.05559	0.01218	0.01314	0.01271	0.13269	0.10313	0.00867	0.15086	0.04280	0.04797	0.03645	0.01380	0.03708	0.00532	0.00456	0.00125	0.00508	0.00423	0.00365	0.30882
4	0.03037	0.01342	0.08234	0.01733	0.24227	0.06487	0.05176	0.15029	0.03932	0.11303	0.03590	0.03774	0.03713	0.00605	0.00534	0.00156	0.02049	0.00516	0.00378	0.04187
5	0.03912	0.01652	0.08641	0.01561	0.16459	0.24392	0.03285	0.08702	0.11181	0.04682	0.02799	0.01376	0.02994	0.00562	0.00490	0.00147	0.00651	0.00447	0.00343	0.05722

[dist]
# distance from previous block
# <min> <max>
4	63

[block]
# block no. 6 follows, 48 sequences, length 34
# corresponding to MSA columns:
# 530-552,562-572
name=unknown_G
#
# <colnr> <probs for GDERKNQSTAVLIFYWHMCP>
#	G	D	E	R	K	N	Q	S	T	A	V	L	I	F	Y	W	H	M	C	P
0	0.04872	0.09296	0.10067	0.04308	0.27638	0.02347	0.06597	0.06581	0.01258	0.12015	0.02827	0.01378	0.00949	0.00519	0.00486	0.00149	0.00585	0.01754	0.00330	0.06042
1	0.14259	0.09204	0.28226	0.01221	0.03112	0.03830	0.07711	0.03082	0.02673	0.05853	0.04354	0.01408	0.00988	0.00555	0.00492	0.00155	0.02400	0.03448	0.00304	0.06726
2	0.03035	0.06101	0.18145	0.01553	0.16520	0.04841	0.04202	0.04240	0.18518	0.06307	0.05666	0.01573	0.01216	0.00592	0.00524	0.00159	0.02141	0.01795	0.00359	0.02511
3	0.04799	0.07111	0.29783	0.01467	0.11982	0.01215	0.03964	0.10539	0.08161	0.06132	0.01250	0.07091	0.01018	0.00599	0.00494	0.00159	0.00598	0.00498	0.00334	0.02807
4	0.01152	0.07198	0.17389	0.03676	0.19205	0.02269	0.03008	0.06015	0.01279	0.04634	0.17409	0.03666	0.01754	0.00657	0.00515	0.00153	0.00536	0.02979	0.00354	0.06152
5	0.04254	0.13059	0.14139	0.01305	0.04489	0.08465	0.14167	0.04989	0.05660	0.05989	0.07166	0.03275	0.02387	0.00605	0.00499	0.00152	0.00610	0.03166	0.00338	0.05285
6	0.01201	0.18520	0.10823	0.04170	0.21099	0.01222	0.03485	0.04981	0.04064	0.05010	0.05540	0.06374	0.06952	0.00659	0.00494	0.00152	0.00536	0.01942	0.00331	0.02443
7	0.03088	0.15544	0.16567	0.01513	0.16050	0.08469	0.05570	0.03964	0.03665	0.03025	0.05960	0.06222	0.01213	0.00601	0.00483	0.00149	0.00599	0.01880	0.00307	0.05131
8	0.07685	0.06912	0.07539	0.01067	0.02710	0.02790	0.06277	0.06471	0.08664	0.23063	0.03089	0.09098	0.03362	0.00698	0.00524	0.00159	0.01950	0.01565	0.00438	0.05939
9	0.01621	0.12153	0.04717	0.02899	0.03026	0.23087	0.02587	0.20178	0.06043	0.06668	0.04061	0.01377	0.03593	0.00586	0.00476	0.00141	0.00631	0.00440	0.00374	0.05342
10	0.01421	0.14405	0.11554	0.05955	0.04688	0.13438	0.11762	0.08828	0.03919	0.07618	0.03979	0.02543	0.02662	0.00559	0.00488	0.00147	0.00647	0.00467	0.00329	0.04591
11	0.06280	0.19837	0.15236	0.01114	0.01555	0.01302	0.07622	0.08209	0.08105	0.10475	0.05620	0.01454	0.01126	0.00570	0.00488	0.00148	0.02107	0.02020	0.00358	0.06375
12	0.01330	0.01229	0.13786	0.01057	0.04605	0.02534	0.01938	0.07272	0.05490	0.15649	0.08863	0.02813	0.04121	0.00600	0.00483	0.00135	0.00475	0.00497	0.00407	0.26716
13	0.00622	0.00457	0.00584	0.00686	0.00737	0.00419	0.00464	0.00718	0.01010	0.01321	0.03177	0.70347	0.14454	0.01562	0.00648	0.00203	0.00292	0.01403	0.00476	0.00419
14	0.01064	0.00912	0.01064	0.00760	0.01216	0.00684	0.00608	0.01292	0.01064	0.01672	0.00912	0.01064	0.00760	0.00380	0.00380	0.00076	0.00380	0.00304	0.00304	0.85104
15	0.01240	0.02295	0.62729	0.01476	0.06542	0.01126	0.01701	0.01757	0.01148	0.13609	0.01094	0.01197	0.00755	0.00509	0.00493	0.00161	0.00700	0.00405	0.00284	0.00779
16	0.72518	0.01249	0.12899	0.00797	0.01182	0.01157	0.00763	0.01526	0.00906	0.02197	0.00746	0.00872	0.00570	0.00478	0.00344	0.00159	0.00453	0.00294	0.00302	0.00587
17	0.00746	0.00497	0.00560	0.00560	0.00560	0.00497	0.00311	0.00746	0.00746	0.00995	0.01617	0.03358	0.01865	0.81967	0.02612	0.00497	0.00497	0.00746	0.00311	0.00311
18	0.00746	0.00497	0.00560	0.00560	0.00560	0.00497	0.00311	0.00746	0.00746	0.00995	0.01617	0.03358	0.01865	0.81967	0.02612	0.00497	0.00497	0.00746	0.00311	0.00311
19	0.01372	0.82276	0.02689	0.00878	0.01317	0.02030	0.00878	0.01536	0.01043	0.01207	0.00713	0.00823	0.00658	0.00439	0.00329	0.00110	0.00549	0.00274	0.00219	0.00658
20	0.01487	0.65988	0.02453	0.00946	0.01372	0.05660	0.00898	0.13236	0.01274	0.01523	0.00797	0.00891	0.00692	0.00471	0.00364	0.00118	0.00569	0.00306	0.00267	0.00689
21	0.01196	0.01149	0.01124	0.00847	0.01273	0.12932	0.00667	0.01409	0.01124	0.01608	0.00894	0.01043	0.00745	0.00403	0.00393	0.00085	0.00464	0.00308	0.00298	0.72039
22	0.00918	0.00788	0.01064	0.01307	0.19961	0.00780	0.00801	0.01329	0.13091	0.01745	0.20866	0.03375	0.24361	0.00950	0.00577	0.00170	0.00380	0.06487	0.00450	0.00600
23	0.00906	0.00695	0.00983	0.01060	0.06310	0.00698	0.04852	0.01271	0.12946	0.04669	0.02437	0.42377	0.02627	0.01250	0.00626	0.00200	0.00404	0.14679	0.00462	0.00548
24	0.01319	0.69966	0.14535	0.00968	0.01457	0.01901	0.01035	0.01550	0.01049	0.01272	0.00745	0.00863	0.00657	0.00446	0.00354	0.00118	0.00581	0.00291	0.00219	0.00674
25	0.02144	0.00909	0.01186	0.00933	0.01314	0.00835	0.00763	0.02536	0.13276	0.67221	0.02034	0.01772	0.01316	0.00645	0.00517	0.00161	0.00432	0.00526	0.00618	0.00864
26	0.01270	0.01219	0.02083	0.03149	0.78767	0.01219	0.01575	0.01575	0.01168	0.01676	0.00965	0.01270	0.00813	0.00457	0.00508	0.00152	0.00610	0.00457	0.00254	0.00813
27	0.14644	0.00774	0.00944	0.00779	0.01074	0.00722	0.00627	0.01820	0.01355	0.41372	0.23185	0.02369	0.06655	0.00764	0.00515	0.00160	0.00366	0.00626	0.00557	0.00691
28	0.01006	0.00985	0.01769	0.68587	0.03402	0.01164	0.13094	0.01362	0.01055	0.01362	0.00931	0.01370	0.00699	0.00501	0.00527	0.00171	0.00712	0.00479	0.00233	0.00589
29	0.01764	0.02173	0.01540	0.01541	0.10734	0.63040	0.01073	0.01914	0.01356	0.01304	0.00802	0.00985	0.00680	0.00556	0.00585	0.00143	0.08575	0.00357	0.00259	0.00618
30	0.01018	0.00798	0.05588	0.00894	0.01146	0.00650	0.09539	0.01269	0.01331	0.13742	0.36340	0.07283	0.16394	0.00953	0.00587	0.00167	0.00381	0.00849	0.00500	0.00572
31	0.01082	0.14964	0.67463	0.01372	0.02081	0.01321	0.01738	0.01611	0.01077	0.01560	0.00889	0.01043	0.00651	0.00480	0.00463	0.00154	0.00726	0.00363	0.00217	0.00743
32	0.00817	0.00634	0.00872	0.00853	0.00976	0.00734	0.00662	0.01198	0.12753	0.01368	0.04084	0.02061	0.01447	0.03267	0.64983	0.00702	0.01187	0.00567	0.00323	0.00514
33	0.01216	0.01155	0.01960	0.08856	0.68544	0.01170	0.01500	0.01519	0.01174	0.01671	0.05481	0.01427	0.01038	0.00496	0.00514	0.00154	0.00594	0.00485	0.00270	0.00775

[dist]
# distance from previous block
# <min> <max>
0	3

[block]
# block no. 7 follows, 48 sequences, length 60
# corresponding to MSA columns:
# 576-635
name=unknown_H
#
# <colnr> <probs for GDERKNQSTAVLIFYWHMCP>
#	G	D	E	R	K	N	Q	S	T	A	V	L	I	F	Y	W	H	M	C	P
0	0.01127	0.15288	0.60132	0.01401	0.02084	0.01322	0.06631	0.01633	0.01094	0.03433	0.00922	0.01077	0.00675	0.00480	0.00471	0.00155	0.00724	0.00381	0.00230	0.00741
1	0.01100	0.02415	0.69628	0.01380	0.02078	0.01123	0.01740	0.01649	0.01130	0.06983	0.05243	0.01279	0.00922	0.00528	0.00496	0.00162	0.00708	0.00419	0.00265	0.00751
2	0.01029	0.02654	0.79309	0.01462	0.02221	0.01192	0.01896	0.01625	0.01083	0.01625	0.00921	0.01083	0.00650	0.00487	0.00487	0.00162	0.00758	0.00379	0.00217	0.00758
3	0.00873	0.00448	0.00660	0.00665	0.00667	0.00447	0.00441	0.00674	0.00686	0.00914	0.01010	0.05126	0.01046	0.05541	0.01975	0.77409	0.00442	0.00504	0.00238	0.00235
4	0.01134	0.10708	0.60960	0.01333	0.01992	0.05537	0.01634	0.01625	0.01116	0.04006	0.01128	0.01250	0.04330	0.00528	0.00476	0.00156	0.00712	0.00403	0.00245	0.00727
5	0.01166	0.01137	0.01775	0.27264	0.45529	0.05446	0.01420	0.01459	0.01126	0.01513	0.01067	0.06814	0.00942	0.00558	0.00517	0.00161	0.00629	0.00519	0.00262	0.00697
6	0.00746	0.00499	0.00568	0.00568	0.00571	0.00502	0.00322	0.00752	0.00749	0.01001	0.01609	0.03313	0.01846	0.79380	0.05173	0.00508	0.00526	0.00740	0.00310	0.00316
7	0.01112	0.01215	0.02574	0.03719	0.02363	0.01145	0.61746	0.01495	0.01208	0.01643	0.07981	0.08649	0.01362	0.00592	0.00608	0.00175	0.00756	0.00705	0.00305	0.00647
8	0.01185	0.01133	0.01930	0.24996	0.57582	0.01197	0.01533	0.01500	0.01128	0.01573	0.00950	0.01298	0.00777	0.00473	0.00509	0.00158	0.00631	0.00457	0.00247	0.00744
9	0.01165	0.02397	0.68432	0.01379	0.02080	0.01124	0.01730	0.01707	0.01136	0.10391	0.03070	0.01230	0.00829	0.00519	0.00494	0.00162	0.00708	0.00409	0.00273	0.00764
10	0.00627	0.00522	0.00551	0.00567	0.00728	0.00446	0.00433	0.00764	0.01161	0.01395	0.04859	0.08901	0.68080	0.01326	0.00618	0.00181	0.00281	0.07649	0.00476	0.00436
11	0.01246	0.01205	0.02085	0.08586	0.70145	0.01217	0.04840	0.01559	0.01160	0.01649	0.00965	0.01282	0.00802	0.00460	0.00513	0.00155	0.00626	0.00464	0.00252	0.00790
12	0.01095	0.12700	0.59948	0.01360	0.02023	0.01255	0.04922	0.01599	0.01113	0.03448	0.05171	0.01229	0.00901	0.00513	0.00479	0.00156	0.00700	0.00409	0.00248	0.00730
13	0.01338	0.01839	0.44575	0.01217	0.01784	0.00989	0.03514	0.01793	0.03056	0.22463	0.06822	0.01690	0.05395	0.00614	0.00514	0.00163	0.00604	0.00503	0.00376	0.00752
14	0.01463	0.17748	0.13341	0.01072	0.01474	0.08399	0.00991	0.02193	0.30836	0.13561	0.02871	0.01488	0.01176	0.00595	0.00473	0.00153	0.00537	0.00462	0.00410	0.00757
15	0.01585	0.04362	0.10135	0.01082	0.01428	0.09954	0.00954	0.14323	0.12470	0.19889	0.04027	0.05273	0.01379	0.01869	0.00602	0.00171	0.04096	0.05217	0.00452	0.00733
16	0.01118	0.01337	0.21162	0.01365	0.03954	0.00926	0.20239	0.01487	0.02760	0.10725	0.08574	0.17487	0.03179	0.00802	0.00573	0.00176	0.00583	0.02524	0.00377	0.00653
17	0.01951	0.01437	0.01540	0.01181	0.01591	0.01591	0.00975	0.77056	0.02412	0.03234	0.01232	0.01232	0.00873	0.00616	0.00513	0.00154	0.00565	0.00462	0.00513	0.00873
18	0.01830	0.01125	0.09164	0.01085	0.03853	0.03658	0.02142	0.06238	0.04719	0.46577	0.01784	0.03884	0.01282	0.00889	0.05991	0.00209	0.00567	0.03703	0.00514	0.00787
19	0.01515	0.01408	0.12745	0.06340	0.05462	0.05478	0.30174	0.01864	0.01263	0.24160	0.01336	0.03695	0.00968	0.00544	0.00547	0.00165	0.00691	0.00542	0.00367	0.00739
20	0.00615	0.00522	0.00531	0.00536	0.00707	0.00439	0.00406	0.00749	0.01170	0.01392	0.05106	0.04970	0.75748	0.01304	0.00610	0.00176	0.00268	0.03842	0.00476	0.00435
21	0.00626	0.00522	0.00537	0.00543	0.00701	0.00445	0.00405	0.00752	0.01141	0.01366	0.04835	0.04869	0.69728	0.06858	0.00749	0.00199	0.00286	0.04546	0.00465	0.00427
22	0.04399	0.01206	0.07665	0.01014	0.01380	0.10265	0.02097	0.03501	0.01388	0.47561	0.06911	0.01672	0.01331	0.00641	0.00556	0.00158	0.04082	0.00500	0.02906	0.00766
23	0.07081	0.27505	0.42624	0.01172	0.01760	0.01412	0.01376	0.01634	0.01077	0.06865	0.00927	0.01049	0.00702	0.00553	0.02124	0.00159	0.00658	0.00352	0.00255	0.00714
24	0.01353	0.62241	0.16086	0.01014	0.01496	0.07751	0.01066	0.01591	0.01081	0.01284	0.00756	0.00877	0.00657	0.00454	0.00367	0.00121	0.00614	0.00297	0.00222	0.00671
25	0.01219	0.01426	0.06237	0.01910	0.02367	0.04698	0.57590	0.01699	0.07424	0.01625	0.01107	0.01442	0.00861	0.03068	0.00705	0.00184	0.04898	0.00577	0.00279	0.00682
26	0.01095	0.11853	0.62238	0.01495	0.07352	0.01295	0.01716	0.01650	0.03791	0.01598	0.00941	0.01095	0.00694	0.00487	0.00472	0.00156	0.00711	0.00379	0.00230	0.00752
27	0.01088	0.09100	0.71197	0.01402	0.02125	0.01250	0.01786	0.01639	0.01089	0.03444	0.00930	0.01078	0.00666	0.00487	0.00475	0.00158	0.00734	0.00374	0.00227	0.00753
28	0.02090	0.00887	0.01163	0.00921	0.01285	0.00809	0.00749	0.05710	0.07483	0.64338	0.02049	0.07236	0.01422	0.00706	0.00526	0.00163	0.00430	0.00584	0.00610	0.00837
29	0.01364	0.01031	0.01126	0.00996	0.01289	0.01152	0.00779	0.02566	0.62638	0.11894	0.06021	0.02055	0.03339	0.00719	0.00527	0.00171	0.00399	0.00600	0.00538	0.00795
30	0.01490	0.01083	0.03321	0.00971	0.01269	0.07287	0.00783	0.02235	0.34301	0.22826	0.10115	0.02086	0.04575	0.00868	0.04256	0.00195	0.00489	0.00591	0.00515	0.00744
31	0.05028	0.06434	0.62148	0.01452	0.02132	0.01226	0.09483	0.01597	0.01082	0.01631	0.00954	0.02853	0.00719	0.00503	0.00487	0.00162	0.00732	0.00416	0.00232	0.00729
32	0.00990	0.00933	0.01576	0.75394	0.08713	0.01145	0.01435	0.01329	0.01036	0.01336	0.00916	0.01361	0.00693	0.00509	0.00513	0.00170	0.00679	0.00456	0.00230	0.00587
33	0.01194	0.01457	0.08199	0.02070	0.02577	0.01305	0.67592	0.01620	0.01179	0.01620	0.01010	0.01349	0.00764	0.00462	0.00656	0.00175	0.05245	0.00581	0.00255	0.00689
34	0.00636	0.00516	0.00579	0.01763	0.00774	0.00453	0.00457	0.00774	0.01143	0.01411	0.07923	0.20592	0.53398	0.01347	0.00622	0.00184	0.00288	0.06227	0.00477	0.00437
35	0.01211	0.36748	0.24963	0.01055	0.01516	0.04068	0.01131	0.03469	0.01167	0.02950	0.12994	0.01413	0.01328	0.00576	0.00480	0.00140	0.03411	0.00425	0.00290	0.00665
36	0.01027	0.02493	0.71916	0.01448	0.02163	0.01167	0.04607	0.01616	0.02359	0.01652	0.04179	0.01223	0.00845	0.00512	0.00497	0.00163	0.00735	0.00414	0.00238	0.00745
37	0.00606	0.00520	0.00520	0.00520	0.00693	0.00433	0.00390	0.00736	0.01170	0.01386	0.05198	0.04938	0.78558	0.01299	0.00606	0.00173	0.00260	0.01083	0.00476	0.00433
38	0.01261	0.56565	0.27430	0.01067	0.01609	0.01759	0.01207	0.01565	0.01056	0.01342	0.00780	0.00907	0.00656	0.00455	0.00380	0.00127	0.00616	0.00308	0.00219	0.00691
39	0.01071	0.05134	0.74993	0.01431	0.02170	0.01208	0.01836	0.01643	0.01091	0.03485	0.00941	0.01091	0.00665	0.00490	0.00483	0.00161	0.00744	0.00379	0.00227	0.00758
40	0.01211	0.01384	0.03028	0.02163	0.02682	0.01298	0.76903	0.01644	0.01211	0.01644	0.01038	0.01384	0.00779	0.00433	0.00606	0.00173	0.00865	0.00606	0.00260	0.00692
41	0.00735	0.00565	0.00673	0.00719	0.00855	0.00527	0.00566	0.04149	0.01186	0.01495	0.03760	0.21805	0.35981	0.01373	0.00644	0.00199	0.00345	0.23485	0.00477	0.00461
42	0.02123	0.01067	0.01667	0.44775	0.19406	0.03786	0.04014	0.01519	0.03939	0.05696	0.01010	0.01351	0.00777	0.00538	0.00592	0.00169	0.06186	0.00463	0.00270	0.00653
43	0.01430	0.01644	0.01440	0.04406	0.10871	0.37369	0.01035	0.01586	0.01182	0.01312	0.01167	0.05710	0.05179	0.00828	0.03657	0.00189	0.19641	0.00490	0.00276	0.00589
44	0.00816	0.00451	0.00642	0.00669	0.00676	0.00444	0.00441	0.00686	0.00749	0.00999	0.01410	0.20460	0.01565	0.08957	0.01744	0.57601	0.00416	0.00710	0.00290	0.00276
45	0.01925	0.01534	0.05453	0.01187	0.01604	0.07196	0.01008	0.62690	0.02211	0.08198	0.01238	0.01237	0.00873	0.00604	0.00508	0.00153	0.00592	0.00452	0.00489	0.00847
46	0.01075	0.00996	0.01641	0.62202	0.17495	0.01178	0.01430	0.05201	0.01123	0.01477	0.00938	0.01343	0.00718	0.00508	0.00512	0.00167	0.00664	0.00457	0.00247	0.00631
47	0.00766	0.00661	0.04730	0.00793	0.03744	0.00552	0.00611	0.01028	0.01411	0.01999	0.68394	0.03683	0.04398	0.01015	0.00600	0.00164	0.00292	0.04118	0.00532	0.00510
48	0.00696	0.03520	0.00714	0.00729	0.00815	0.00515	0.00541	0.00835	0.01093	0.01440	0.11866	0.48544	0.11595	0.01434	0.00641	0.00200	0.00325	0.13576	0.00477	0.00445
49	0.08687	0.34155	0.25691	0.01189	0.03831	0.06956	0.04007	0.03597	0.03503	0.01548	0.00926	0.01052	0.01884	0.00489	0.00416	0.00139	0.00630	0.00355	0.00254	0.00688
50	0.00730	0.00503	0.00675	0.00755	0.00800	0.00496	0.00526	0.00817	0.00985	0.04178	0.02633	0.67151	0.04104	0.02702	0.00779	0.03204	0.04409	0.03661	0.00458	0.00435
51	0.01070	0.03724	0.48650	0.01294	0.04502	0.01014	0.03075	0.01524	0.01185	0.07433	0.14287	0.01902	0.04374	0.00651	0.00521	0.00164	0.00612	0.02995	0.00327	0.00697
52	0.01178	0.01197	0.09243	0.10982	0.39832	0.01066	0.04242	0.04257	0.01200	0.05573	0.03147	0.07212	0.07342	0.00641	0.00531	0.00162	0.00574	0.00588	0.00317	0.00716
53	0.01190	0.01137	0.04582	0.17291	0.45722	0.01123	0.06290	0.01496	0.01130	0.04449	0.01111	0.05403	0.00944	0.00556	0.00548	0.01003	0.01715	0.00517	0.03074	0.00719
54	0.05477	0.01130	0.01872	0.15262	0.59337	0.01175	0.01465	0.01506	0.01131	0.01644	0.01023	0.01468	0.00876	0.00511	0.00508	0.00159	0.00604	0.03842	0.00263	0.00746
55	0.01179	0.14964	0.48397	0.01388	0.07167	0.01275	0.01508	0.01703	0.06223	0.06226	0.04508	0.01272	0.00948	0.00525	0.00473	0.00154	0.00649	0.00414	0.00280	0.00744
56	0.01124	0.02598	0.19503	0.04991	0.23711	0.01143	0.19430	0.01512	0.02195	0.03002	0.05436	0.05799	0.03012	0.00597	0.00584	0.00167	0.03635	0.00569	0.00289	0.00704
57	0.00880	0.00665	0.00726	0.00690	0.00841	0.04556	0.00515	0.01131	0.05528	0.05963	0.36445	0.09027	0.20206	0.05694	0.00702	0.00186	0.00324	0.02517	0.02901	0.00503
58	0.01292	0.01261	0.06100	0.06647	0.20678	0.09062	0.16728	0.01583	0.01222	0.10425	0.05705	0.02771	0.06904	0.00747	0.03505	0.00188	0.01979	0.02188	0.00337	0.00679
59	0.10017	0.01064	0.06444	0.01272	0.12010	0.01770	0.04687	0.05803	0.06815	0.24716	0.07551	0.08282	0.01529	0.03699	0.00591	0.00175	0.00484	0.00594	0.00449	0.02047

[dist]
# distance from previous block
# <min> <max>
7	48

[block]
# block no. 8 follows, 48 sequences, length 14
# corresponding to MSA columns:
# 684-697
name=unknown_I
#
# <colnr> <probs for GDERKNQSTAVLIFYWHMCP>
#	G	D	E	R	K	N	Q	S	T	A	V	L	I	F	Y	W	H	M	C	P
0	0.01478	0.26166	0.19392	0.02918	0.01662	0.16501	0.01167	0.12628	0.03003	0.03636	0.00916	0.01041	0.00725	0.00537	0.00523	0.00144	0.06208	0.00365	0.00288	0.00700
1	0.05036	0.19891	0.12090	0.01040	0.02740	0.05176	0.00949	0.18124	0.03050	0.02815	0.08801	0.08712	0.01511	0.00783	0.02167	0.00168	0.00546	0.04079	0.01655	0.00666
2	0.01551	0.25033	0.15922	0.01115	0.01557	0.10682	0.01074	0.21406	0.03640	0.07214	0.01116	0.02653	0.00894	0.01939	0.00492	0.00149	0.00617	0.01866	0.00349	0.00730
3	0.04945	0.08402	0.23086	0.01277	0.01775	0.01407	0.08530	0.34270	0.03075	0.02349	0.05144	0.01305	0.00993	0.00567	0.00497	0.00155	0.00619	0.00457	0.00378	0.00771
4	0.12777	0.27219	0.06909	0.00972	0.01348	0.09078	0.00879	0.19488	0.02496	0.01913	0.02472	0.04971	0.06260	0.00624	0.00436	0.00143	0.00545	0.00456	0.00346	0.00669
5	0.11166	0.36734	0.16400	0.06527	0.01634	0.11350	0.01081	0.03547	0.01127	0.02855	0.00866	0.01082	0.00724	0.00503	0.00405	0.00138	0.00623	0.02325	0.00258	0.00655
6	0.02796	0.26757	0.29509	0.01325	0.09136	0.03008	0.01282	0.08434	0.01234	0.04375	0.04690	0.01183	0.00915	0.00511	0.00443	0.00141	0.00612	0.00388	0.00285	0.02974
7	0.04794	0.21285	0.25732	0.01293	0.09075	0.01352	0.01211	0.09061	0.05502	0.07351	0.04972	0.01323	0.02006	0.00543	0.00456	0.00146	0.00576	0.00421	0.00324	0.02577
8	0.01407	0.42316	0.26764	0.01096	0.01620	0.06555	0.01194	0.01711	0.01132	0.10541	0.00939	0.01021	0.00728	0.00483	0.00410	0.00134	0.00626	0.00340	0.00271	0.00711
9	0.00749	0.00719	0.08221	0.00684	0.00808	0.00565	0.00538	0.00870	0.00930	0.01239	0.07410	0.05007	0.15133	0.44477	0.06582	0.00389	0.00514	0.04405	0.00356	0.00406
10	0.01326	0.48758	0.15682	0.00996	0.01466	0.01659	0.01028	0.10986	0.01251	0.01615	0.06180	0.01138	0.00977	0.00509	0.00401	0.00126	0.00558	0.00363	0.00284	0.04698
11	0.05195	0.02408	0.62689	0.01354	0.01999	0.08764	0.01645	0.01600	0.01109	0.01604	0.01105	0.03871	0.03345	0.00555	0.00486	0.00161	0.00725	0.00429	0.00244	0.00710
12	0.00833	0.03161	0.09794	0.00748	0.00904	0.00708	0.00606	0.01082	0.08313	0.01247	0.01874	0.02874	0.09027	0.45091	0.11246	0.00424	0.00603	0.00683	0.00330	0.00451
13	0.00711	0.00518	0.00632	0.00680	0.00751	0.00487	0.00457	0.03407	0.01009	0.01338	0.02716	0.51431	0.11237	0.17471	0.01022	0.00255	0.00346	0.01193	0.00438	0.03901

[dist]
# distance from previous block
# <min> <max>
0	33

[block]
# block no. 9 follows, 48 sequences, length 6
# corresponding to MSA columns:
# 731-736
name=unknown_J
#
# <colnr> <probs for GDERKNQSTAVLIFYWHMCP>
#	G	D	E	R	K	N	Q	S	T	A	V	L	I	F	Y	W	H	M	C	P
0	0.01491	0.43882	0.02236	0.01488	0.18259	0.22083	0.01059	0.01678	0.01177	0.01322	0.00789	0.00947	0.00693	0.00466	0.00403	0.00125	0.00660	0.00329	0.00239	0.00676
1	0.00860	0.00457	0.00645	0.00645	0.00645	0.00457	0.00416	0.00685	0.00685	0.00914	0.01049	0.01951	0.01103	0.19250	0.02137	0.66647	0.00457	0.00511	0.00242	0.00242
2	0.00981	0.01274	0.17699	0.64262	0.03261	0.01151	0.01523	0.01376	0.01038	0.01376	0.00914	0.01309	0.00677	0.00508	0.00508	0.00169	0.00699	0.00440	0.00226	0.00609
3	0.01793	0.00869	0.01180	0.00947	0.01268	0.00836	0.03368	0.11452	0.01431	0.45342	0.04386	0.01803	0.01331	0.01306	0.17019	0.00296	0.00649	0.00532	0.03439	0.00754
4	0.19576	0.01106	0.01680	0.18732	0.46191	0.01188	0.01322	0.01505	0.01074	0.01737	0.00899	0.01195	0.00730	0.00473	0.00468	0.00158	0.00579	0.00418	0.00262	0.00706
5	0.01428	0.01109	0.01493	0.05545	0.27592	0.09045	0.03150	0.01710	0.03424	0.18565	0.17310	0.01892	0.01743	0.00648	0.00564	0.00158	0.02940	0.00562	0.00408	0.00713

[dist]
# distance from previous block
# <min> <max>
0	357

# created by:
# /st0/software/busco_prod/Augustus/scripts/msa2prfl.pl ./align_prep/141201.fa
