[name]
unknown

[dist]
# distance from previous block
# <min> <max>
0	21

[block]
# block no. 0 follows, 65 sequences, length 48
# corresponding to MSA columns:
# 21-43,47-71
name=unknown_A
#
# <colnr> <probs for GDERKNQSTAVLIFYWHMCP>
#	G	D	E	R	K	N	Q	S	T	A	V	L	I	F	Y	W	H	M	C	P
0	0.00661	0.00472	0.00661	0.00756	0.00850	0.00472	0.00661	0.00850	0.00945	0.01228	0.02173	0.04630	0.02362	0.01134	0.00567	0.00189	0.00378	0.80250	0.00378	0.00378
1	0.01533	0.01956	0.01163	0.01058	0.01269	0.83926	0.00793	0.01639	0.01163	0.01005	0.00635	0.00740	0.00529	0.00423	0.00370	0.00106	0.00740	0.00264	0.00212	0.00476
2	0.01842	0.00699	0.00953	0.00730	0.01048	0.00603	0.00603	0.02000	0.01175	0.83298	0.01619	0.01397	0.01016	0.00508	0.00413	0.00127	0.00349	0.00413	0.00508	0.00699
3	0.00851	0.00730	0.00851	0.00608	0.00973	0.00547	0.00486	0.01034	0.00851	0.01338	0.00730	0.00851	0.00608	0.00304	0.00304	0.00061	0.00304	0.00243	0.00243	0.88083
4	0.00851	0.00730	0.00851	0.00608	0.00973	0.00547	0.00486	0.01034	0.00851	0.01338	0.00730	0.00851	0.00608	0.00304	0.00304	0.00061	0.00304	0.00243	0.00243	0.88083
5	0.01021	0.00882	0.00928	0.00835	0.01067	0.01021	0.00650	0.02181	0.82272	0.01717	0.01671	0.01532	0.01253	0.00557	0.00418	0.00139	0.00325	0.00464	0.00418	0.00650
6	0.00597	0.00398	0.00448	0.00448	0.00448	0.00398	0.00249	0.00597	0.00597	0.00796	0.01293	0.02686	0.01492	0.85574	0.02089	0.00398	0.00398	0.00597	0.00249	0.00249
7	0.00842	0.07754	0.77978	0.01139	0.01728	0.00998	0.01462	0.01295	0.00864	0.01277	0.00725	0.00853	0.00520	0.00387	0.00381	0.00127	0.00595	0.00298	0.00173	0.00601
8	0.01560	0.01150	0.01232	0.00944	0.01273	0.01273	0.00780	0.81645	0.01930	0.02587	0.00986	0.00986	0.00698	0.00493	0.00411	0.00123	0.00452	0.00370	0.00411	0.00698
9	0.00597	0.00398	0.00448	0.00448	0.00448	0.00398	0.00249	0.00597	0.00597	0.00796	0.01293	0.02686	0.01492	0.85574	0.02089	0.00398	0.00398	0.00597	0.00249	0.00249
10	0.00500	0.00357	0.00476	0.00572	0.00595	0.00333	0.00381	0.00572	0.00786	0.01048	0.02262	0.85306	0.02715	0.01286	0.00524	0.00167	0.00238	0.01167	0.00381	0.00333
11	0.00500	0.00357	0.00476	0.00572	0.00595	0.00333	0.00381	0.00572	0.00786	0.01048	0.02262	0.85306	0.02715	0.01286	0.00524	0.00167	0.00238	0.01167	0.00381	0.00333
12	0.00597	0.00446	0.00640	0.00635	0.00693	0.00515	0.00478	0.00717	0.00648	0.00926	0.01117	0.01780	0.01094	0.17497	0.67150	0.00600	0.03431	0.00465	0.00224	0.00348
13	0.03826	0.35731	0.46558	0.00953	0.01441	0.01216	0.01138	0.01281	0.00853	0.02637	0.00680	0.00786	0.00529	0.00376	0.00335	0.00113	0.00525	0.00269	0.00183	0.00571
14	0.85624	0.00806	0.00624	0.00553	0.00810	0.00932	0.00456	0.03844	0.00739	0.01866	0.00585	0.00677	0.00453	0.00385	0.00259	0.00127	0.00322	0.00227	0.00259	0.00453
15	0.00823	0.02123	0.83447	0.01170	0.01777	0.00953	0.01517	0.01300	0.00867	0.01300	0.00737	0.00867	0.00520	0.00390	0.00390	0.00130	0.00607	0.00303	0.00173	0.00607
16	0.01010	0.00981	0.01702	0.02429	0.75623	0.00987	0.06274	0.01256	0.00928	0.01329	0.00769	0.01018	0.00645	0.00375	0.00438	0.00125	0.02897	0.00373	0.00203	0.00638
17	0.01016	0.00975	0.01666	0.02520	0.83013	0.00975	0.01260	0.01260	0.00935	0.01341	0.00772	0.01016	0.00650	0.00366	0.00406	0.00122	0.00488	0.00366	0.00203	0.00650
18	0.00503	0.00417	0.00440	0.00434	0.00565	0.00354	0.00326	0.00623	0.00978	0.01208	0.18738	0.03787	0.68205	0.01002	0.00485	0.00137	0.00205	0.00843	0.00394	0.00354
19	0.00583	0.03348	0.03072	0.00616	0.00804	0.00494	0.10212	0.00737	0.00957	0.01189	0.11500	0.03321	0.59863	0.00894	0.00475	0.00136	0.00284	0.00770	0.00355	0.00389
20	0.00958	0.00914	0.01554	0.18568	0.65330	0.00949	0.01216	0.01207	0.00918	0.01291	0.02711	0.01080	0.00707	0.00386	0.00409	0.00125	0.00492	0.00374	0.00205	0.00606
21	0.00814	0.02057	0.80226	0.01145	0.01731	0.00931	0.01473	0.01280	0.00878	0.01313	0.03925	0.00952	0.00650	0.00407	0.00394	0.00130	0.00591	0.00320	0.00184	0.00598
22	0.00790	0.02343	0.10060	0.01162	0.01442	0.00778	0.36025	0.01103	0.05999	0.01267	0.05466	0.26553	0.01491	0.00693	0.00481	0.00146	0.00486	0.02944	0.00286	0.00485
23	0.01088	0.82829	0.05057	0.00719	0.01079	0.01600	0.00731	0.01232	0.00835	0.00978	0.00577	0.00666	0.00527	0.00353	0.00268	0.00089	0.00445	0.00222	0.00176	0.00530
24	0.01055	0.00903	0.00998	0.00873	0.01116	0.01032	0.03408	0.08302	0.71870	0.01763	0.01598	0.01528	0.01208	0.00555	0.00422	0.00139	0.00348	0.01829	0.00409	0.00646
25	0.01016	0.00975	0.01666	0.02520	0.83013	0.00975	0.01260	0.01260	0.00935	0.01341	0.00772	0.01016	0.00650	0.00366	0.00406	0.00122	0.00488	0.00366	0.00203	0.00650
26	0.00581	0.00420	0.00549	0.00516	0.00613	0.00387	0.00387	0.00775	0.01162	0.01646	0.82797	0.03066	0.03873	0.00839	0.00484	0.00129	0.00194	0.00742	0.00452	0.00387
27	0.00905	0.00788	0.00930	0.00715	0.01042	0.00704	0.03431	0.01380	0.24720	0.01448	0.01009	0.01060	0.00798	0.00380	0.00344	0.00087	0.00324	0.00317	0.00293	0.59327
28	0.01533	0.01956	0.01163	0.01058	0.01269	0.83926	0.00793	0.01639	0.01163	0.01005	0.00635	0.00740	0.00529	0.00423	0.00370	0.00106	0.00740	0.00264	0.00212	0.00476
29	0.01842	0.00699	0.00953	0.00730	0.01048	0.00603	0.00603	0.02000	0.01175	0.83298	0.01619	0.01397	0.01016	0.00508	0.00413	0.00127	0.00349	0.00413	0.00508	0.00699
30	0.01842	0.00699	0.00953	0.00730	0.01048	0.00603	0.00603	0.02000	0.01175	0.83298	0.01619	0.01397	0.01016	0.00508	0.00413	0.00127	0.00349	0.00413	0.00508	0.00699
31	0.00486	0.00412	0.00420	0.00426	0.00557	0.00346	0.00317	0.00588	0.00925	0.01105	0.04029	0.09497	0.77384	0.01056	0.00488	0.00141	0.00210	0.00887	0.00381	0.00346
32	0.00597	0.00398	0.00448	0.00448	0.00448	0.00398	0.00249	0.00597	0.00597	0.00796	0.01293	0.02686	0.01492	0.85574	0.02089	0.00398	0.00398	0.00597	0.00249	0.00249
33	0.01021	0.00882	0.00928	0.00835	0.01067	0.01021	0.00650	0.02181	0.82272	0.01717	0.01671	0.01532	0.01253	0.00557	0.00418	0.00139	0.00325	0.00464	0.00418	0.00650
34	0.00537	0.00418	0.00488	0.00470	0.00586	0.00369	0.00353	0.00689	0.01058	0.01399	0.46679	0.03472	0.40145	0.00931	0.00485	0.00133	0.00200	0.00799	0.00419	0.00369
35	0.01515	0.01927	0.01166	0.01058	0.01264	0.81594	0.00796	0.01621	0.01148	0.01004	0.00632	0.00745	0.00529	0.00431	0.00398	0.00108	0.03112	0.00267	0.00211	0.00475
36	0.01016	0.00975	0.01666	0.02520	0.83013	0.00975	0.01260	0.01260	0.00935	0.01341	0.00772	0.01016	0.00650	0.00366	0.00406	0.00122	0.00488	0.00366	0.00203	0.00650
37	0.00823	0.02123	0.83447	0.01170	0.01777	0.00953	0.01517	0.01300	0.00867	0.01300	0.00737	0.00867	0.00520	0.00390	0.00390	0.00130	0.00607	0.00303	0.00173	0.00607
38	0.01097	0.85821	0.02151	0.00702	0.01054	0.01624	0.00702	0.01229	0.00834	0.00966	0.00571	0.00658	0.00527	0.00351	0.00263	0.00088	0.00439	0.00219	0.00176	0.00527
39	0.00898	0.00898	0.01257	0.01078	0.01078	0.01257	0.00898	0.00988	0.00629	0.00988	0.00539	0.00898	0.00539	0.00718	0.01347	0.00180	0.84823	0.00359	0.00180	0.00449
40	0.01041	0.00892	0.00939	0.00839	0.01075	0.01030	0.00654	0.05073	0.79348	0.01749	0.01646	0.01512	0.01233	0.00555	0.00417	0.00139	0.00329	0.00461	0.00417	0.00651
41	0.00500	0.00357	0.00476	0.00572	0.00595	0.00333	0.00381	0.00572	0.00786	0.01048	0.02262	0.85306	0.02715	0.01286	0.00524	0.00167	0.00238	0.01167	0.00381	0.00333
42	0.88473	0.00794	0.00603	0.00540	0.00794	0.00921	0.00445	0.01207	0.00699	0.01842	0.00572	0.00667	0.00445	0.00381	0.00254	0.00127	0.00318	0.00222	0.00254	0.00445
43	0.01533	0.01956	0.01163	0.01058	0.01269	0.83926	0.00793	0.01639	0.01163	0.01005	0.00635	0.00740	0.00529	0.00423	0.00370	0.00106	0.00740	0.00264	0.00212	0.00476
44	0.00655	0.00468	0.00653	0.00746	0.00838	0.00466	0.00647	0.00840	0.00944	0.01231	0.03759	0.07119	0.02403	0.01133	0.00564	0.00187	0.00370	0.76219	0.00380	0.00377
45	0.00485	0.00416	0.00416	0.00416	0.00554	0.00347	0.00312	0.00589	0.00936	0.01109	0.04158	0.03950	0.82847	0.01040	0.00485	0.00139	0.00208	0.00866	0.00381	0.00347
46	0.00775	0.00730	0.01231	0.84587	0.02827	0.00912	0.01140	0.01049	0.00821	0.01049	0.00730	0.01094	0.00547	0.00410	0.00410	0.00137	0.00547	0.00365	0.00182	0.00456
47	0.01407	0.06301	0.01241	0.01063	0.02616	0.63303	0.00811	0.03859	0.01084	0.01052	0.00629	0.00771	0.00537	0.00464	0.00512	0.00117	0.13257	0.00281	0.00210	0.00484

[dist]
# distance from previous block
# <min> <max>
0	13

[block]
# block no. 1 follows, 65 sequences, length 30
# corresponding to MSA columns:
# 85-114
name=unknown_B
#
# <colnr> <probs for GDERKNQSTAVLIFYWHMCP>
#	G	D	E	R	K	N	Q	S	T	A	V	L	I	F	Y	W	H	M	C	P
0	0.00969	0.01107	0.02422	0.01730	0.02145	0.01038	0.81522	0.01315	0.00969	0.01315	0.00830	0.01107	0.00623	0.00346	0.00484	0.00138	0.00692	0.00484	0.00208	0.00554
1	0.00500	0.00357	0.00476	0.00572	0.00595	0.00333	0.00381	0.00572	0.00786	0.01048	0.02262	0.85306	0.02715	0.01286	0.00524	0.00167	0.00238	0.01167	0.00381	0.00333
2	0.00500	0.00357	0.00476	0.00572	0.00595	0.00333	0.00381	0.00572	0.00786	0.01048	0.02262	0.85306	0.02715	0.01286	0.00524	0.00167	0.00238	0.01167	0.00381	0.00333
3	0.01016	0.00975	0.01666	0.02520	0.83013	0.00975	0.01260	0.01260	0.00935	0.01341	0.00772	0.01016	0.00650	0.00366	0.00406	0.00122	0.00488	0.00366	0.00203	0.00650
4	0.01097	0.85821	0.02151	0.00702	0.01054	0.01624	0.00702	0.01229	0.00834	0.00966	0.00571	0.00658	0.00527	0.00351	0.00263	0.00088	0.00439	0.00219	0.00176	0.00527
5	0.00851	0.00730	0.00851	0.00608	0.00973	0.00547	0.00486	0.01034	0.00851	0.01338	0.00730	0.00851	0.00608	0.00304	0.00304	0.00061	0.00304	0.00243	0.00243	0.88083
6	0.01211	0.01412	0.01624	0.05038	0.14973	0.35707	0.24528	0.02867	0.01034	0.01180	0.00719	0.00923	0.00581	0.00411	0.00475	0.00124	0.06098	0.00358	0.00209	0.00529
7	0.00581	0.00420	0.00549	0.00516	0.00613	0.00387	0.00387	0.00775	0.01162	0.01646	0.82797	0.03066	0.03873	0.00839	0.00484	0.00129	0.00194	0.00742	0.00452	0.00387
8	0.00506	0.00364	0.00482	0.00574	0.00604	0.00339	0.00390	0.00583	0.00797	0.01057	0.02319	0.79511	0.05242	0.01272	0.00524	0.00167	0.00243	0.04309	0.00381	0.00336
9	0.00597	0.00398	0.00448	0.00448	0.00448	0.00398	0.00249	0.00597	0.00597	0.00796	0.01293	0.02686	0.01492	0.85574	0.02089	0.00398	0.00398	0.00597	0.00249	0.00249
10	0.01809	0.00706	0.00952	0.00735	0.01049	0.00620	0.00605	0.02008	0.04407	0.80046	0.01621	0.01403	0.01026	0.00510	0.00413	0.00128	0.00348	0.00415	0.00504	0.00697
11	0.88473	0.00794	0.00603	0.00540	0.00794	0.00921	0.00445	0.01207	0.00699	0.01842	0.00572	0.00667	0.00445	0.00381	0.00254	0.00127	0.00318	0.00222	0.00254	0.00445
12	0.00586	0.00440	0.00660	0.00660	0.00733	0.00513	0.00513	0.00733	0.00660	0.00953	0.01100	0.01613	0.01026	0.03079	0.83947	0.00660	0.01100	0.00440	0.00220	0.00367
13	0.01016	0.00975	0.01666	0.02520	0.83013	0.00975	0.01260	0.01260	0.00935	0.01341	0.00772	0.01016	0.00650	0.00366	0.00406	0.00122	0.00488	0.00366	0.00203	0.00650
14	0.00594	0.00472	0.00635	0.00601	0.00701	0.02099	0.04811	0.00756	0.01038	0.01421	0.50142	0.24395	0.08896	0.00934	0.00492	0.00140	0.00244	0.00838	0.00410	0.00381
15	0.00851	0.00730	0.00851	0.00608	0.00973	0.00547	0.00486	0.01034	0.00851	0.01338	0.00730	0.00851	0.00608	0.00304	0.00304	0.00061	0.00304	0.00243	0.00243	0.88083
16	0.00898	0.00898	0.01257	0.01078	0.01078	0.01257	0.00898	0.00988	0.00629	0.00988	0.00539	0.00898	0.00539	0.00718	0.01347	0.00180	0.84823	0.00359	0.00180	0.00449
17	0.00851	0.00730	0.00851	0.00608	0.00973	0.00547	0.00486	0.01034	0.00851	0.01338	0.00730	0.00851	0.00608	0.00304	0.00304	0.00061	0.00304	0.00243	0.00243	0.88083
18	0.00500	0.00357	0.00476	0.00572	0.00595	0.00333	0.00381	0.00572	0.00786	0.01048	0.02262	0.85306	0.02715	0.01286	0.00524	0.00167	0.00238	0.01167	0.00381	0.00333
19	0.00839	0.06963	0.78746	0.01143	0.01735	0.00992	0.01470	0.01296	0.00865	0.01281	0.00727	0.00855	0.00520	0.00388	0.00383	0.00128	0.00597	0.00298	0.00173	0.00602
20	0.00895	0.00888	0.01234	0.01051	0.01072	0.01216	0.00874	0.00991	0.00642	0.01008	0.00550	0.00895	0.00543	0.00694	0.01287	0.00173	0.79935	0.00353	0.00183	0.05516
21	0.01016	0.00975	0.01666	0.02520	0.83013	0.00975	0.01260	0.01260	0.00935	0.01341	0.00772	0.01016	0.00650	0.00366	0.00406	0.00122	0.00488	0.00366	0.00203	0.00650
22	0.00596	0.00399	0.00451	0.00450	0.00453	0.00398	0.00253	0.00602	0.00614	0.00822	0.03762	0.02698	0.01564	0.83008	0.02041	0.00390	0.00392	0.00601	0.00255	0.00253
23	0.00573	0.00456	0.02423	0.00521	0.00633	0.00394	0.00404	0.00759	0.01118	0.01559	0.69556	0.05512	0.12824	0.00865	0.00483	0.00131	0.00206	0.00759	0.00435	0.00386
24	0.00493	0.00394	0.00442	0.00478	0.00572	0.00343	0.00340	0.00587	0.00884	0.01099	0.05359	0.35047	0.50263	0.01129	0.00500	0.00149	0.00219	0.00978	0.00383	0.00343
25	0.00775	0.00730	0.01231	0.84587	0.02827	0.00912	0.01140	0.01049	0.00821	0.01049	0.00730	0.01094	0.00547	0.00410	0.00410	0.00137	0.00547	0.00365	0.00182	0.00456
26	0.00485	0.00416	0.00416	0.00416	0.00554	0.00347	0.00312	0.00589	0.00936	0.01109	0.04158	0.03950	0.82847	0.01040	0.00485	0.00139	0.00208	0.00866	0.00381	0.00347
27	0.00969	0.01107	0.02422	0.01730	0.02145	0.01038	0.81522	0.01315	0.00969	0.01315	0.00830	0.01107	0.00623	0.00346	0.00484	0.00138	0.00692	0.00484	0.00208	0.00554
28	0.01021	0.00882	0.00928	0.00835	0.01067	0.01021	0.00650	0.02181	0.82272	0.01717	0.01671	0.01532	0.01253	0.00557	0.00418	0.00139	0.00325	0.00464	0.00418	0.00650
29	0.01003	0.00859	0.00908	0.00815	0.01042	0.00987	0.00634	0.03749	0.75655	0.01715	0.04301	0.01639	0.03700	0.00579	0.00422	0.00139	0.00320	0.00483	0.00418	0.00634

[dist]
# distance from previous block
# <min> <max>
0	1

[block]
# block no. 2 follows, 65 sequences, length 38
# corresponding to MSA columns:
# 116-153
name=unknown_C
#
# <colnr> <probs for GDERKNQSTAVLIFYWHMCP>
#	G	D	E	R	K	N	Q	S	T	A	V	L	I	F	Y	W	H	M	C	P
0	0.01597	0.01166	0.01165	0.00914	0.01226	0.12037	0.00745	0.55147	0.01672	0.17152	0.01051	0.01026	0.00733	0.00483	0.00404	0.00121	0.00469	0.00362	0.00399	0.02132
1	0.01077	0.66462	0.12605	0.00786	0.01158	0.05130	0.00809	0.01310	0.05441	0.01053	0.00657	0.00738	0.00567	0.00371	0.00293	0.00097	0.00468	0.00246	0.00191	0.00542
2	0.00700	0.00629	0.05854	0.00730	0.00859	0.00642	0.00610	0.05888	0.05351	0.01128	0.01085	0.01496	0.00970	0.02486	0.64677	0.00539	0.04038	0.00425	0.01473	0.00421
3	0.01197	0.00960	0.01032	0.03011	0.01177	0.01091	0.00703	0.27201	0.53631	0.03211	0.01430	0.01346	0.01056	0.00532	0.00415	0.00134	0.00371	0.00431	0.00411	0.00661
4	0.00851	0.00730	0.00851	0.00608	0.00973	0.00547	0.00486	0.01034	0.00851	0.01338	0.00730	0.00851	0.00608	0.00304	0.00304	0.00061	0.00304	0.00243	0.00243	0.88083
5	0.00929	0.01091	0.07579	0.01418	0.01673	0.01124	0.42242	0.01177	0.00820	0.01177	0.00702	0.01003	0.00581	0.00505	0.00839	0.00155	0.35860	0.00419	0.00194	0.00514
6	0.00962	0.27425	0.49076	0.01094	0.06103	0.03910	0.01210	0.03606	0.00901	0.01228	0.00692	0.00811	0.00535	0.00381	0.00352	0.00116	0.00549	0.00282	0.00184	0.00583
7	0.01734	0.00675	0.00918	0.00712	0.01011	0.00585	0.00585	0.01896	0.01174	0.76342	0.08535	0.01539	0.01260	0.00536	0.00419	0.00127	0.00336	0.00441	0.00503	0.00672
8	0.00550	0.00378	0.00462	0.00507	0.00519	0.00367	0.00313	0.00585	0.00688	0.00917	0.01761	0.42540	0.02082	0.44915	0.01334	0.00286	0.00321	0.00872	0.00313	0.00290
9	0.00729	0.00639	0.05413	0.00891	0.06006	0.00587	0.00738	0.01041	0.09592	0.01302	0.04015	0.03825	0.02073	0.00976	0.00529	0.00175	0.00387	0.60284	0.00362	0.00437
10	0.01267	0.06279	0.01255	0.01045	0.01184	0.47868	0.00828	0.01368	0.00942	0.00996	0.00595	0.00796	0.00532	0.00531	0.00735	0.00133	0.32682	0.00298	0.00197	0.00469
11	0.01832	0.00715	0.00963	0.00738	0.01056	0.00627	0.00610	0.04837	0.01202	0.80423	0.01597	0.01382	0.01005	0.00508	0.00413	0.00127	0.00353	0.00411	0.00505	0.00699
12	0.00487	0.00415	0.00419	0.00421	0.00556	0.00347	0.00315	0.00592	0.00937	0.01118	0.05617	0.05412	0.79891	0.01040	0.00486	0.00139	0.00208	0.00869	0.00383	0.00347
13	0.01048	0.00881	0.00971	0.00927	0.05683	0.01005	0.00683	0.02123	0.75009	0.04393	0.01618	0.01498	0.01211	0.00545	0.00417	0.00138	0.00335	0.00457	0.00409	0.00651
14	0.01097	0.85821	0.02151	0.00702	0.01054	0.01624	0.00702	0.01229	0.00834	0.00966	0.00571	0.00658	0.00527	0.00351	0.00263	0.00088	0.00439	0.00219	0.00176	0.00527
15	0.00500	0.00359	0.00475	0.00568	0.00594	0.00334	0.00379	0.00572	0.00789	0.01049	0.02307	0.83396	0.04597	0.01280	0.00523	0.00166	0.00237	0.01160	0.00381	0.00334
16	0.00557	0.00447	0.00506	0.00532	0.00645	0.00415	0.00401	0.00752	0.07621	0.01169	0.04630	0.23690	0.45159	0.01068	0.00499	0.00152	0.00246	0.10753	0.00385	0.00373
17	0.01712	0.00906	0.01081	0.00829	0.01152	0.00912	0.00685	0.38669	0.01523	0.46138	0.01328	0.01208	0.00870	0.00501	0.00412	0.00125	0.00396	0.00393	0.00463	0.00698
18	0.00823	0.02123	0.83447	0.01170	0.01777	0.00953	0.01517	0.01300	0.00867	0.01300	0.00737	0.00867	0.00520	0.00390	0.00390	0.00130	0.00607	0.00303	0.00173	0.00607
19	0.00500	0.00359	0.00475	0.00568	0.00594	0.00334	0.00379	0.00572	0.00789	0.01049	0.02307	0.83406	0.04586	0.01280	0.00523	0.00166	0.00237	0.01160	0.00381	0.00334
20	0.01543	0.01132	0.01213	0.00932	0.01255	0.01253	0.00769	0.79827	0.01906	0.02563	0.00993	0.00998	0.00706	0.00492	0.00408	0.00123	0.00446	0.00370	0.02380	0.00691
21	0.00500	0.00357	0.00476	0.00572	0.00595	0.00333	0.00381	0.00572	0.00786	0.01048	0.02262	0.85306	0.02715	0.01286	0.00524	0.00167	0.00238	0.01167	0.00381	0.00333
22	0.00597	0.00398	0.00448	0.00448	0.00448	0.00398	0.00249	0.00597	0.00597	0.00796	0.01293	0.02686	0.01492	0.85574	0.02089	0.00398	0.00398	0.00597	0.00249	0.00249
23	0.00823	0.02123	0.83447	0.01170	0.01777	0.00953	0.01517	0.01300	0.00867	0.01300	0.00737	0.00867	0.00520	0.00390	0.00390	0.00130	0.00607	0.00303	0.00173	0.00607
24	0.00823	0.02123	0.83447	0.01170	0.01777	0.00953	0.01517	0.01300	0.00867	0.01300	0.00737	0.00867	0.00520	0.00390	0.00390	0.00130	0.00607	0.00303	0.00173	0.00607
25	0.00775	0.00730	0.01231	0.84587	0.02827	0.00912	0.01140	0.01049	0.00821	0.01049	0.00730	0.01094	0.00547	0.00410	0.00410	0.00137	0.00547	0.00365	0.00182	0.00456
26	0.00597	0.00398	0.00448	0.00448	0.00448	0.00398	0.00249	0.00597	0.00597	0.00796	0.01293	0.02686	0.01492	0.85574	0.02089	0.00398	0.00398	0.00597	0.00249	0.00249
27	0.00985	0.00944	0.01611	0.12982	0.72791	0.00967	0.01245	0.01233	0.00920	0.01304	0.00767	0.01026	0.00637	0.00371	0.00407	0.00124	0.00495	0.00366	0.00201	0.00625
28	0.00832	0.17064	0.54525	0.00973	0.01447	0.00979	0.01176	0.01198	0.00911	0.01298	0.14692	0.01204	0.01093	0.00459	0.00383	0.00122	0.00506	0.00363	0.00221	0.00555
29	0.01683	0.00697	0.00925	0.00723	0.01018	0.00626	0.00594	0.06802	0.01181	0.69373	0.01688	0.01520	0.05381	0.00676	0.04990	0.00157	0.00389	0.00436	0.00479	0.00662
30	0.00560	0.00454	0.00480	0.00469	0.00601	0.00407	0.00351	0.05041	0.00966	0.01187	0.06445	0.07214	0.64257	0.05596	0.02719	0.00167	0.00258	0.02091	0.00374	0.00362
31	0.00931	0.00869	0.01457	0.04881	0.66330	0.00878	0.01105	0.01146	0.00887	0.01261	0.00901	0.05671	0.00830	0.05858	0.05091	0.00171	0.00504	0.00427	0.00216	0.00586
32	0.00801	0.10338	0.61035	0.01004	0.01490	0.00921	0.01228	0.01171	0.00846	0.01211	0.01023	0.05651	0.05206	0.05761	0.00495	0.00145	0.00535	0.00390	0.00201	0.00547
33	0.00963	0.05461	0.01570	0.10614	0.65368	0.00965	0.01159	0.01195	0.00918	0.01277	0.00967	0.01187	0.05739	0.00411	0.00404	0.00123	0.00474	0.00389	0.00211	0.00605
34	0.05697	0.00983	0.01498	0.06927	0.64428	0.06096	0.01139	0.01240	0.00915	0.01309	0.00768	0.01017	0.00646	0.00521	0.04970	0.00151	0.00531	0.00356	0.00206	0.00602
35	0.00908	0.09760	0.61942	0.01223	0.06152	0.01040	0.06356	0.05597	0.00931	0.01341	0.00742	0.00877	0.00544	0.00388	0.00386	0.00126	0.00581	0.00314	0.00190	0.00603
36	0.63153	0.00760	0.00721	0.14999	0.01146	0.00888	0.00571	0.01193	0.05191	0.01649	0.00764	0.06045	0.00647	0.00452	0.00307	0.00132	0.00352	0.00319	0.00259	0.00451
37	0.15910	0.00489	0.00570	0.00596	0.00679	0.00513	0.00432	0.00795	0.02460	0.03230	0.11163	0.52721	0.02264	0.01012	0.00513	0.00155	0.04882	0.00877	0.00360	0.00380

[dist]
# distance from previous block
# <min> <max>
0	27

# created by:
# /st0/software/busco_prod/Augustus/scripts/msa2prfl.pl ./align_prep/141264.fa
