[name]
unknown

[dist]
# distance from previous block
# <min> <max>
67	687

[block]
# block no. 0 follows, 51 sequences, length 11
# corresponding to MSA columns:
# 900-910
name=unknown_A
#
# <colnr> <probs for GDERKNQSTAVLIFYWHMCP>
#	G	D	E	R	K	N	Q	S	T	A	V	L	I	F	Y	W	H	M	C	P
0	0.02508	0.06369	0.03619	0.03121	0.01410	0.03634	0.11288	0.11635	0.12734	0.04506	0.02623	0.15151	0.03249	0.03124	0.00578	0.00164	0.01575	0.02411	0.00381	0.09919
1	0.14404	0.04316	0.11045	0.01300	0.06268	0.04682	0.14420	0.16781	0.01324	0.08143	0.01090	0.03326	0.00860	0.00539	0.00484	0.00150	0.01829	0.02352	0.00340	0.06345
2	0.02458	0.00935	0.01168	0.09280	0.10247	0.04227	0.01871	0.08021	0.07087	0.04289	0.08622	0.09252	0.01451	0.01713	0.00538	0.00144	0.03327	0.00548	0.04821	0.20002
3	0.06362	0.00700	0.00849	0.06048	0.01018	0.00773	0.00595	0.09803	0.01009	0.01442	0.03569	0.14631	0.04035	0.28235	0.08894	0.00331	0.07729	0.00701	0.00340	0.02936
4	0.12597	0.03671	0.01209	0.03174	0.08173	0.06271	0.03926	0.10843	0.04814	0.01871	0.09752	0.01624	0.03050	0.00589	0.00480	0.00137	0.03024	0.02498	0.06265	0.16033
5	0.00857	0.00457	0.00474	0.00487	0.00595	0.00448	0.00359	0.01063	0.01026	0.01732	0.01946	0.11550	0.06409	0.00729	0.00392	0.00128	0.00237	0.00606	0.70058	0.00448
6	0.01116	0.03417	0.01142	0.00829	0.01217	0.00834	0.02710	0.10822	0.06292	0.01794	0.03626	0.05855	0.01061	0.00503	0.00415	0.00102	0.00396	0.00417	0.00344	0.57108
7	0.00861	0.00552	0.00705	0.00660	0.00817	0.00491	0.00498	0.01048	0.01249	0.10682	0.40877	0.17715	0.12437	0.01052	0.00567	0.00160	0.00279	0.02887	0.00505	0.05958
8	0.00941	0.10028	0.00770	0.05706	0.00838	0.00668	0.00468	0.01161	0.01030	0.01684	0.01671	0.01868	0.06279	0.00594	0.00365	0.00120	0.00292	0.00472	0.64562	0.00481
9	0.19430	0.08249	0.09780	0.01360	0.16269	0.12596	0.02233	0.04986	0.06107	0.01710	0.03168	0.03752	0.03661	0.00557	0.00453	0.00146	0.01880	0.00430	0.00302	0.02933
10	0.01140	0.01068	0.06399	0.49664	0.09320	0.01114	0.07062	0.05907	0.04415	0.07628	0.01036	0.01330	0.00760	0.00502	0.00497	0.00160	0.00630	0.00453	0.00280	0.00635

[dist]
# distance from previous block
# <min> <max>
1	32

[block]
# block no. 1 follows, 51 sequences, length 22
# corresponding to MSA columns:
# 948-969
name=unknown_B
#
# <colnr> <probs for GDERKNQSTAVLIFYWHMCP>
#	G	D	E	R	K	N	Q	S	T	A	V	L	I	F	Y	W	H	M	C	P
0	0.00954	0.04005	0.00884	0.00768	0.00927	0.03171	0.00602	0.04293	0.05302	0.07462	0.04550	0.02586	0.14988	0.08596	0.30193	0.00417	0.02624	0.04110	0.03063	0.00505
1	0.04951	0.00918	0.01265	0.11712	0.07813	0.00828	0.06518	0.02685	0.02409	0.01595	0.01019	0.06261	0.00890	0.00479	0.00425	0.00112	0.00454	0.00420	0.00293	0.48952
2	0.01653	0.00727	0.00956	0.00791	0.01065	0.00655	0.00627	0.01853	0.04434	0.50265	0.05158	0.04769	0.08893	0.06897	0.02962	0.04141	0.00420	0.02529	0.00528	0.00677
3	0.01075	0.01236	0.15112	0.13972	0.32753	0.01023	0.01270	0.04494	0.03739	0.03358	0.04023	0.01790	0.11497	0.00597	0.00498	0.00154	0.00545	0.00525	0.01668	0.00674
4	0.12403	0.00524	0.00494	0.00483	0.00623	0.00545	0.00369	0.01185	0.01004	0.01882	0.01479	0.01693	0.01162	0.00557	0.00338	0.00120	0.00249	0.00432	0.73989	0.00468
5	0.02565	0.16291	0.08406	0.13915	0.06736	0.07416	0.01011	0.11719	0.02570	0.01624	0.02754	0.04872	0.00912	0.00545	0.00485	0.00136	0.03852	0.00422	0.00292	0.13477
6	0.01147	0.05208	0.06283	0.01443	0.10895	0.05103	0.17711	0.06783	0.06585	0.03361	0.05934	0.06208	0.07266	0.01804	0.00654	0.00166	0.08477	0.01969	0.01457	0.01545
7	0.00918	0.00514	0.00595	0.11380	0.00951	0.00543	0.00481	0.01160	0.01024	0.01754	0.01505	0.01762	0.01178	0.00562	0.00363	0.00121	0.00286	0.00455	0.73977	0.00470
8	0.04081	0.12949	0.15430	0.03676	0.05109	0.24590	0.01038	0.05223	0.01231	0.12015	0.01124	0.05282	0.00941	0.02581	0.00504	0.00151	0.00641	0.02477	0.00315	0.00644
9	0.01150	0.00847	0.01392	0.02524	0.01418	0.02248	0.21572	0.04031	0.01253	0.16413	0.18039	0.16910	0.06574	0.00856	0.00567	0.00167	0.00475	0.02534	0.00439	0.00590
10	0.01237	0.01089	0.01079	0.09063	0.01365	0.15973	0.02475	0.13785	0.04450	0.07343	0.14528	0.07788	0.16160	0.00817	0.00525	0.00155	0.00488	0.00676	0.00421	0.00582
11	0.00866	0.00728	0.00651	0.00634	0.00668	0.11289	0.00386	0.00883	0.00806	0.00987	0.01442	0.02902	0.01631	0.71655	0.02224	0.00429	0.00532	0.00661	0.00292	0.00334
12	0.01206	0.11923	0.01921	0.15853	0.39065	0.01220	0.07302	0.04688	0.01133	0.04179	0.01007	0.04546	0.00853	0.00499	0.00475	0.00146	0.00583	0.00464	0.00268	0.02669
13	0.01696	0.01857	0.01590	0.01318	0.01640	0.43838	0.11291	0.20161	0.08643	0.01784	0.01005	0.01102	0.00776	0.00529	0.00478	0.00141	0.00750	0.00404	0.00332	0.00665
14	0.01222	0.01160	0.01319	0.01138	0.01295	0.12410	0.04424	0.03904	0.13916	0.05744	0.01394	0.03603	0.06416	0.00994	0.07037	0.00227	0.32358	0.00520	0.00326	0.00594
15	0.01137	0.03703	0.01685	0.31600	0.21520	0.09275	0.04637	0.01390	0.01020	0.01332	0.00840	0.01196	0.00695	0.00601	0.02162	0.00175	0.15768	0.00426	0.00229	0.00610
16	0.01309	0.03352	0.01319	0.01001	0.01311	0.00783	0.14499	0.01587	0.05162	0.25118	0.11513	0.11930	0.02899	0.03816	0.00591	0.00162	0.00446	0.00657	0.00442	0.12102
17	0.00615	0.00437	0.00576	0.00674	0.00702	0.00416	0.00447	0.00695	0.00912	0.01219	0.02535	0.71142	0.03020	0.09844	0.04055	0.00251	0.00346	0.01293	0.00432	0.00390
18	0.01557	0.14991	0.01608	0.04863	0.01560	0.35379	0.04926	0.09164	0.14453	0.03340	0.01085	0.01230	0.00871	0.00545	0.00453	0.00139	0.00676	0.02195	0.00322	0.00647
19	0.00944	0.00682	0.00977	0.01113	0.12958	0.00667	0.02650	0.02600	0.02964	0.09032	0.11068	0.29106	0.09521	0.04838	0.00695	0.00191	0.02760	0.06270	0.00430	0.00535
20	0.01063	0.01273	0.12102	0.01305	0.01403	0.01456	0.01175	0.01233	0.00791	0.01233	0.00677	0.01070	0.00642	0.00807	0.01458	0.00207	0.70907	0.00421	0.00214	0.00563
21	0.01036	0.00886	0.01427	0.45994	0.18502	0.00987	0.01197	0.01329	0.01045	0.05035	0.03952	0.01423	0.00912	0.00601	0.03022	0.00170	0.00591	0.00450	0.04709	0.06733

[dist]
# distance from previous block
# <min> <max>
38	154

[block]
# block no. 2 follows, 51 sequences, length 19
# corresponding to MSA columns:
# 1182-1200
name=unknown_C
#
# <colnr> <probs for GDERKNQSTAVLIFYWHMCP>
#	G	D	E	R	K	N	Q	S	T	A	V	L	I	F	Y	W	H	M	C	P
0	0.01062	0.05291	0.04301	0.18428	0.06670	0.01054	0.10083	0.09887	0.04513	0.02589	0.07762	0.03718	0.09874	0.04063	0.00671	0.00176	0.05606	0.03322	0.00338	0.00593
1	0.01047	0.02516	0.03183	0.29816	0.25058	0.01095	0.16459	0.01382	0.02524	0.01453	0.01196	0.03642	0.04955	0.00526	0.00509	0.00156	0.00623	0.00517	0.00258	0.03087
2	0.00989	0.00927	0.01559	0.71086	0.07210	0.01119	0.04490	0.04296	0.01049	0.01359	0.00893	0.01301	0.00672	0.00489	0.00495	0.00162	0.00654	0.00443	0.00232	0.00574
3	0.01197	0.15539	0.28542	0.04074	0.04864	0.11126	0.01253	0.02611	0.05378	0.02849	0.00989	0.01314	0.00827	0.00637	0.02070	0.00167	0.11215	0.04441	0.00258	0.00649
4	0.01211	0.30368	0.34684	0.01167	0.03123	0.10544	0.01258	0.03300	0.02559	0.01406	0.00997	0.01112	0.03993	0.00501	0.00436	0.00136	0.01945	0.00359	0.00237	0.00663
5	0.00697	0.00469	0.00541	0.00559	0.00563	0.00464	0.00322	0.00710	0.00750	0.01000	0.01728	0.15476	0.02013	0.70160	0.02211	0.00434	0.00447	0.00820	0.00322	0.00313
6	0.00709	0.00474	0.00538	0.00544	0.00545	0.00472	0.00306	0.00713	0.00727	0.00969	0.01610	0.07395	0.01864	0.78445	0.02402	0.00462	0.00466	0.00751	0.00306	0.00303
7	0.01715	0.01083	0.01517	0.14420	0.01838	0.05478	0.11345	0.12503	0.01387	0.36373	0.01383	0.01416	0.00939	0.00570	0.00572	0.00158	0.05663	0.00475	0.00435	0.00731
8	0.14746	0.01110	0.01517	0.13416	0.05874	0.08044	0.15141	0.01428	0.04265	0.01586	0.07969	0.01398	0.01072	0.00599	0.00695	0.00166	0.16443	0.00471	0.03485	0.00577
9	0.00612	0.00433	0.00566	0.00668	0.00693	0.00408	0.00439	0.00688	0.00916	0.01221	0.02580	0.73644	0.03088	0.10525	0.00835	0.00230	0.00306	0.01322	0.00439	0.00388
10	0.01266	0.40191	0.01955	0.01179	0.09948	0.11236	0.04277	0.01451	0.01039	0.04131	0.00911	0.01142	0.00798	0.01120	0.17125	0.00259	0.00751	0.00366	0.00247	0.00609
11	0.00736	0.00640	0.00661	0.00749	0.00802	0.09292	0.00511	0.00826	0.00991	0.01249	0.02493	0.73386	0.02961	0.01425	0.00607	0.00192	0.00352	0.01277	0.00434	0.00418
12	0.01226	0.01121	0.02140	0.14479	0.18938	0.01121	0.34879	0.01554	0.01135	0.10196	0.02562	0.03256	0.00918	0.00507	0.00577	0.00162	0.03727	0.00537	0.00292	0.00674
13	0.03704	0.11444	0.01454	0.01136	0.01403	0.45232	0.00906	0.11009	0.03944	0.01509	0.01040	0.01462	0.00927	0.00619	0.00504	0.00143	0.03903	0.08752	0.00307	0.00601
14	0.01370	0.01203	0.01641	0.11303	0.31799	0.12674	0.07276	0.01654	0.03003	0.13403	0.03823	0.01612	0.02587	0.00559	0.00503	0.00152	0.00602	0.03820	0.00327	0.00688
15	0.01498	0.02959	0.01377	0.03868	0.07656	0.02591	0.00936	0.33012	0.08698	0.09243	0.02876	0.03541	0.01188	0.00699	0.00630	0.00163	0.09503	0.06938	0.00426	0.02199
16	0.04818	0.02344	0.02998	0.03253	0.03018	0.00923	0.02256	0.15308	0.04551	0.15445	0.05540	0.05121	0.02816	0.06381	0.00650	0.00164	0.03127	0.02206	0.00409	0.18671
17	0.07293	0.01380	0.09866	0.01039	0.01341	0.17653	0.04249	0.10439	0.07000	0.07513	0.02808	0.05985	0.02882	0.07184	0.00682	0.00176	0.04068	0.01285	0.02803	0.04353
18	0.04657	0.02880	0.01277	0.03366	0.11329	0.03820	0.03775	0.13469	0.09670	0.10658	0.06205	0.02553	0.05684	0.00635	0.00523	0.00147	0.03914	0.01505	0.07185	0.06750

[dist]
# distance from previous block
# <min> <max>
1	77

[block]
# block no. 3 follows, 51 sequences, length 18
# corresponding to MSA columns:
# 1282-1292,1296-1302
name=unknown_D
#
# <colnr> <probs for GDERKNQSTAVLIFYWHMCP>
#	G	D	E	R	K	N	Q	S	T	A	V	L	I	F	Y	W	H	M	C	P
0	0.07526	0.00957	0.05249	0.00867	0.01132	0.05109	0.04214	0.07987	0.02649	0.11980	0.07471	0.05884	0.09781	0.12066	0.00794	0.00197	0.01830	0.04706	0.00398	0.09204
1	0.04440	0.23331	0.05517	0.01459	0.18725	0.03997	0.03493	0.13161	0.02614	0.03948	0.02935	0.01475	0.02715	0.00578	0.00513	0.00146	0.05007	0.04957	0.00311	0.00679
2	0.08565	0.18723	0.34889	0.01133	0.01638	0.08187	0.01235	0.05691	0.04216	0.07929	0.00953	0.01044	0.00712	0.00496	0.00453	0.00144	0.02671	0.00354	0.00279	0.00688
3	0.23212	0.01080	0.01069	0.00951	0.04162	0.06990	0.00729	0.14292	0.12825	0.09776	0.02936	0.01494	0.03832	0.00696	0.03386	0.00169	0.00484	0.02125	0.00399	0.09394
4	0.01122	0.01133	0.04811	0.26177	0.54163	0.01144	0.01477	0.01435	0.01076	0.01500	0.00908	0.01237	0.00736	0.00455	0.00487	0.00152	0.00610	0.00435	0.00235	0.00708
5	0.01314	0.83025	0.02575	0.00841	0.01261	0.01945	0.00841	0.01472	0.00999	0.01156	0.00683	0.00788	0.00631	0.00420	0.00315	0.00105	0.00526	0.00263	0.00210	0.00631
6	0.00610	0.00432	0.00567	0.00670	0.00696	0.00406	0.00441	0.00687	0.00920	0.01226	0.02599	0.74934	0.03112	0.09203	0.00804	0.00226	0.00303	0.01333	0.00441	0.00390
7	0.02205	0.00836	0.01140	0.00874	0.01254	0.00722	0.00722	0.02395	0.01407	0.80004	0.01939	0.01673	0.01216	0.00608	0.00494	0.00152	0.00418	0.00494	0.00608	0.00836
8	0.01314	0.83025	0.02575	0.00841	0.01261	0.01945	0.00841	0.01472	0.00999	0.01156	0.00683	0.00788	0.00631	0.00420	0.00315	0.00105	0.00526	0.00263	0.00210	0.00631
9	0.00581	0.00498	0.00498	0.00498	0.00664	0.00415	0.00373	0.00705	0.01120	0.01328	0.04978	0.04729	0.79464	0.01245	0.00581	0.00166	0.00249	0.01037	0.00456	0.00415
10	0.01155	0.01432	0.09932	0.01831	0.02334	0.04323	0.59328	0.01552	0.01142	0.01561	0.00961	0.01248	0.00728	0.00417	0.00541	0.00153	0.00771	0.00518	0.00249	0.09822
11	0.01868	0.01376	0.01475	0.01131	0.01524	0.01524	0.00934	0.78025	0.02311	0.03097	0.01180	0.01180	0.00836	0.00590	0.00492	0.00147	0.00541	0.00442	0.00492	0.00836
12	0.00595	0.00502	0.00518	0.00525	0.00688	0.00425	0.00402	0.00726	0.01121	0.01337	0.04818	0.04784	0.74285	0.01252	0.00587	0.00170	0.00263	0.06128	0.00456	0.00417
13	0.00588	0.00471	0.00526	0.00570	0.00683	0.00409	0.00406	0.00697	0.01050	0.01299	0.04096	0.34928	0.49835	0.01359	0.00599	0.00179	0.00263	0.01177	0.00456	0.00409
14	0.01702	0.01551	0.01452	0.01325	0.08851	0.22123	0.00971	0.42722	0.05359	0.02298	0.01128	0.04195	0.00894	0.00600	0.00511	0.00146	0.02589	0.00450	0.00398	0.00735
15	0.01032	0.00820	0.00845	0.00803	0.00966	0.11708	0.00629	0.01282	0.04244	0.09114	0.41113	0.06021	0.03250	0.00970	0.00570	0.00166	0.00390	0.15068	0.00486	0.00521
16	0.01248	0.00986	0.01062	0.00932	0.01206	0.01097	0.00731	0.10988	0.52640	0.06202	0.08167	0.02163	0.08943	0.00735	0.00512	0.00163	0.00383	0.00610	0.00504	0.00729
17	0.01730	0.01268	0.01384	0.01132	0.03167	0.06407	0.03108	0.48432	0.07173	0.12409	0.01414	0.07657	0.01102	0.00658	0.00502	0.00153	0.00526	0.00527	0.00476	0.00774

[dist]
# distance from previous block
# <min> <max>
15	44

[block]
# block no. 4 follows, 51 sequences, length 49
# corresponding to MSA columns:
# 1370-1399,1431-1449
name=unknown_E
#
# <colnr> <probs for GDERKNQSTAVLIFYWHMCP>
#	G	D	E	R	K	N	Q	S	T	A	V	L	I	F	Y	W	H	M	C	P
0	0.07835	0.09615	0.33431	0.09910	0.08463	0.02493	0.03655	0.06283	0.02703	0.04931	0.02332	0.01162	0.00777	0.00562	0.02123	0.00164	0.02217	0.00394	0.00269	0.00681
1	0.02789	0.08410	0.11184	0.16359	0.06291	0.06698	0.02363	0.01396	0.06373	0.02825	0.06207	0.01518	0.01123	0.01190	0.17025	0.00279	0.02002	0.00458	0.03267	0.02243
2	0.09480	0.15498	0.24377	0.01283	0.03649	0.15376	0.08661	0.01635	0.05758	0.01490	0.00867	0.01030	0.00688	0.00506	0.00535	0.00148	0.07757	0.00369	0.00249	0.00646
3	0.01031	0.06909	0.61314	0.01437	0.02101	0.01182	0.12650	0.01541	0.01052	0.01538	0.00886	0.01064	0.00645	0.00452	0.00470	0.00151	0.00714	0.00386	0.00217	0.04262
4	0.00986	0.02542	0.80183	0.01401	0.02127	0.01141	0.01816	0.01556	0.01038	0.01556	0.00882	0.01038	0.00623	0.00467	0.00467	0.00156	0.00726	0.00363	0.00208	0.00726
5	0.00986	0.02542	0.80183	0.01401	0.02127	0.01141	0.01816	0.01556	0.01038	0.01556	0.00882	0.01038	0.00623	0.00467	0.00467	0.00156	0.00726	0.00363	0.00208	0.00726
6	0.06831	0.01128	0.06473	0.01142	0.01537	0.02620	0.14282	0.09280	0.08879	0.37596	0.01565	0.04065	0.01100	0.00588	0.00500	0.00157	0.00521	0.00513	0.00468	0.00755
7	0.01165	0.06514	0.02795	0.01946	0.02408	0.01303	0.68334	0.01544	0.01125	0.01524	0.00953	0.01276	0.00732	0.00442	0.00625	0.00165	0.05701	0.00551	0.00244	0.00653
8	0.01351	0.72930	0.07171	0.00877	0.01313	0.01818	0.00892	0.01535	0.01027	0.06202	0.00775	0.00860	0.00667	0.00435	0.00336	0.00111	0.00531	0.00284	0.00235	0.00650
9	0.01625	0.00900	0.01037	0.00858	0.01141	0.05881	0.01964	0.10049	0.06336	0.36545	0.08077	0.07652	0.03007	0.00706	0.00490	0.00150	0.00413	0.00585	0.11891	0.00693
10	0.00715	0.00476	0.00536	0.00536	0.00536	0.00476	0.00298	0.00715	0.00715	0.00953	0.01548	0.03216	0.01787	0.82729	0.02501	0.00476	0.00476	0.00715	0.00298	0.00298
11	0.01868	0.00952	0.01161	0.00936	0.01286	0.00949	0.00758	0.09124	0.25671	0.48865	0.01891	0.01680	0.01272	0.00625	0.00496	0.00156	0.00420	0.00509	0.00564	0.00818
12	0.01940	0.00890	0.01188	0.00951	0.02691	0.00834	0.02124	0.10842	0.01466	0.57949	0.06793	0.01804	0.03857	0.00654	0.00545	0.00155	0.03446	0.00529	0.00558	0.00784
13	0.00991	0.02503	0.77700	0.01422	0.02141	0.01145	0.04259	0.01557	0.01041	0.01557	0.00886	0.01047	0.00626	0.00465	0.00471	0.00156	0.00730	0.00370	0.00209	0.00724
14	0.00703	0.00471	0.00540	0.00551	0.00554	0.00468	0.00314	0.00712	0.00738	0.00984	0.01668	0.11361	0.01937	0.74379	0.02309	0.00448	0.00457	0.00785	0.00314	0.00308
15	0.00928	0.00873	0.01474	0.81548	0.03385	0.01092	0.01365	0.01256	0.00983	0.01256	0.00873	0.01310	0.00655	0.00491	0.00491	0.00164	0.00655	0.00437	0.00218	0.00546
16	0.01115	0.01166	0.06817	0.26630	0.51689	0.01143	0.01484	0.01435	0.01073	0.01497	0.00906	0.01233	0.00731	0.00456	0.00487	0.00152	0.00614	0.00433	0.00233	0.00705
17	0.00792	0.00566	0.00792	0.00905	0.01018	0.00566	0.00792	0.01018	0.01131	0.01471	0.02602	0.05543	0.02828	0.01358	0.00679	0.00226	0.00453	0.76356	0.00453	0.00453
18	0.01216	0.01168	0.01995	0.03016	0.79664	0.01168	0.01508	0.01508	0.01119	0.01605	0.00924	0.01216	0.00778	0.00438	0.00487	0.00146	0.00584	0.00438	0.00243	0.00778
19	0.00613	0.00438	0.00586	0.00697	0.00733	0.00411	0.00478	0.00711	0.00964	0.01285	0.04503	0.75664	0.03256	0.01515	0.00629	0.00200	0.00295	0.06159	0.00458	0.00404
20	0.01022	0.00969	0.01644	0.55917	0.28280	0.01117	0.01412	0.01338	0.01027	0.01370	0.00890	0.01280	0.00695	0.00474	0.00490	0.00158	0.00632	0.00437	0.00226	0.00622
21	0.86201	0.00950	0.00722	0.00646	0.00950	0.01102	0.00532	0.01445	0.00836	0.02205	0.00684	0.00798	0.00532	0.00456	0.00304	0.00152	0.00380	0.00266	0.00304	0.00532
22	0.00993	0.02491	0.76956	0.01429	0.02145	0.01146	0.04992	0.01557	0.01043	0.01557	0.00887	0.01050	0.00628	0.00465	0.00472	0.00156	0.00731	0.00372	0.00209	0.00724
23	0.00715	0.00476	0.00536	0.00536	0.00536	0.00476	0.00298	0.00715	0.00715	0.00953	0.01548	0.03216	0.01787	0.82729	0.02501	0.00476	0.00476	0.00715	0.00298	0.00298
24	0.01019	0.00873	0.01019	0.00728	0.01165	0.00655	0.00582	0.01237	0.01019	0.01601	0.00873	0.01019	0.00728	0.00364	0.00364	0.00073	0.00364	0.00291	0.00291	0.85734
25	0.00916	0.00458	0.00458	0.00458	0.00573	0.00458	0.00344	0.01145	0.01031	0.01832	0.01603	0.01832	0.01260	0.00573	0.00344	0.00115	0.00229	0.00458	0.85457	0.00458
26	0.01014	0.00961	0.01628	0.58262	0.26003	0.01114	0.01407	0.01330	0.01023	0.01359	0.00889	0.01282	0.00692	0.00475	0.00490	0.00158	0.00634	0.00437	0.00226	0.00615
27	0.00598	0.00431	0.00567	0.00676	0.00711	0.00400	0.00453	0.00685	0.00948	0.01258	0.02803	0.79165	0.06433	0.01527	0.00625	0.00198	0.00284	0.01382	0.00456	0.00400
28	0.00916	0.00458	0.00458	0.00458	0.00573	0.00458	0.00344	0.01145	0.01031	0.01832	0.01603	0.01832	0.01260	0.00573	0.00344	0.00115	0.00229	0.00458	0.85457	0.00458
29	0.01324	0.03180	0.01190	0.00963	0.01295	0.03706	0.00765	0.12677	0.45426	0.04591	0.01582	0.01515	0.01192	0.00581	0.00464	0.00142	0.00425	0.00469	0.00445	0.18067
30	0.01999	0.01029	0.05959	0.00955	0.01346	0.00893	0.00829	0.15611	0.03120	0.57216	0.01767	0.01694	0.01179	0.00625	0.00499	0.00155	0.00459	0.03293	0.00556	0.00814
31	0.00707	0.00554	0.00722	0.00778	0.07042	0.00507	0.00523	0.00915	0.01297	0.01769	0.53215	0.03757	0.24334	0.01023	0.00572	0.00157	0.00265	0.00892	0.00494	0.00476
32	0.00707	0.00475	0.00543	0.00550	0.00554	0.00475	0.00314	0.00716	0.00730	0.00975	0.01613	0.07971	0.01863	0.76132	0.04066	0.00466	0.00483	0.00752	0.00307	0.00307
33	0.01014	0.00873	0.01047	0.05609	0.01299	0.00681	0.00630	0.01238	0.01017	0.01580	0.00873	0.01037	0.00723	0.00372	0.00372	0.00078	0.00382	0.00300	0.00287	0.80589
34	0.01836	0.02342	0.01393	0.01266	0.01519	0.80756	0.00950	0.01962	0.01393	0.01203	0.00760	0.00886	0.00633	0.00506	0.00443	0.00127	0.00886	0.00317	0.00253	0.00570
35	0.00599	0.00428	0.00570	0.00684	0.00713	0.00399	0.00456	0.00684	0.00941	0.01254	0.02709	0.82409	0.03250	0.01540	0.00627	0.00200	0.00285	0.01397	0.00456	0.00399
36	0.00928	0.00873	0.01474	0.81548	0.03385	0.01092	0.01365	0.01256	0.00983	0.01256	0.00873	0.01310	0.00655	0.00491	0.00491	0.00164	0.00655	0.00437	0.00218	0.00546
37	0.02205	0.00836	0.01140	0.00874	0.01254	0.00722	0.00722	0.02395	0.01407	0.80004	0.01939	0.01673	0.01216	0.00608	0.00494	0.00152	0.00418	0.00494	0.00608	0.00836
38	0.00599	0.00428	0.00570	0.00684	0.00713	0.00399	0.00456	0.00684	0.00941	0.01254	0.02709	0.82409	0.03250	0.01540	0.00627	0.00200	0.00285	0.01397	0.00456	0.00399
39	0.01216	0.01168	0.01995	0.03016	0.79664	0.01168	0.01508	0.01508	0.01119	0.01605	0.00924	0.01216	0.00778	0.00438	0.00487	0.00146	0.00584	0.00438	0.00243	0.00778
40	0.86201	0.00950	0.00722	0.00646	0.00950	0.01102	0.00532	0.01445	0.00836	0.02205	0.00684	0.00798	0.00532	0.00456	0.00304	0.00152	0.00380	0.00266	0.00304	0.00532
41	0.01075	0.01075	0.01505	0.01290	0.01290	0.01505	0.01075	0.01183	0.00753	0.01183	0.00645	0.01075	0.00645	0.00860	0.01613	0.00215	0.81830	0.00430	0.00215	0.00538
42	0.01748	0.02148	0.01340	0.01212	0.01450	0.70526	0.00915	0.03812	0.01368	0.01290	0.00820	0.00961	0.00679	0.00527	0.00484	0.00130	0.04005	0.00333	0.05685	0.00568
43	0.00939	0.00885	0.01494	0.78473	0.06371	0.01095	0.01370	0.01265	0.00988	0.01269	0.00875	0.01307	0.00660	0.00489	0.00491	0.00163	0.00652	0.00437	0.00219	0.00555
44	0.01368	0.00916	0.04086	0.00850	0.01123	0.05820	0.02183	0.06361	0.07252	0.26535	0.28859	0.02505	0.08465	0.00783	0.00528	0.00154	0.00396	0.00660	0.00512	0.00645
45	0.01075	0.01075	0.01505	0.01290	0.01290	0.01505	0.01075	0.01183	0.00753	0.01183	0.00645	0.01075	0.00645	0.00860	0.01613	0.00215	0.81830	0.00430	0.00215	0.00538
46	0.00648	0.00473	0.00619	0.00709	0.00780	0.00444	0.00526	0.00780	0.01035	0.01357	0.07518	0.49925	0.12690	0.01428	0.00631	0.00199	0.00317	0.19042	0.00460	0.00418
47	0.17948	0.01436	0.01281	0.01150	0.06082	0.20226	0.00866	0.30439	0.04044	0.07196	0.02470	0.01224	0.00879	0.00562	0.00450	0.00146	0.00575	0.01940	0.00392	0.00694
48	0.17865	0.01079	0.10182	0.00897	0.01218	0.00964	0.00806	0.13279	0.02925	0.19240	0.19692	0.01793	0.01736	0.00670	0.00542	0.00156	0.05337	0.00517	0.00443	0.00657

[dist]
# distance from previous block
# <min> <max>
1	15

[block]
# block no. 5 follows, 51 sequences, length 8
# corresponding to MSA columns:
# 1465-1472
name=unknown_F
#
# <colnr> <probs for GDERKNQSTAVLIFYWHMCP>
#	G	D	E	R	K	N	Q	S	T	A	V	L	I	F	Y	W	H	M	C	P
0	0.01230	0.00893	0.01382	0.26163	0.01995	0.00906	0.09500	0.01492	0.01080	0.17055	0.01143	0.01353	0.00847	0.00591	0.02758	0.00158	0.05177	0.00434	0.05618	0.20227
1	0.00916	0.00458	0.00458	0.00458	0.00573	0.00458	0.00344	0.01145	0.01031	0.01832	0.01603	0.01832	0.01260	0.00573	0.00344	0.00115	0.00229	0.00458	0.85457	0.00458
2	0.01653	0.01968	0.01207	0.01105	0.01331	0.64793	0.00829	0.01800	0.01321	0.01328	0.00927	0.01074	0.00758	0.00520	0.00423	0.00124	0.00756	0.00345	0.17192	0.00548
3	0.00746	0.00533	0.00737	0.00838	0.00935	0.00524	0.00699	0.00945	0.01114	0.01468	0.08743	0.20675	0.03056	0.01366	0.00661	0.00215	0.00402	0.55440	0.00460	0.00443
4	0.00916	0.00458	0.00458	0.00458	0.00573	0.00458	0.00344	0.01145	0.01031	0.01832	0.01603	0.01832	0.01260	0.00573	0.00344	0.00115	0.00229	0.00458	0.85457	0.00458
5	0.17995	0.00919	0.01008	0.04974	0.01259	0.00829	0.00637	0.04853	0.04122	0.01790	0.00895	0.01030	0.00721	0.00411	0.00370	0.00100	0.00392	0.00311	0.00307	0.57075
6	0.00846	0.00730	0.01070	0.16933	0.01427	0.00919	0.00831	0.01005	0.00806	0.01143	0.01092	0.01798	0.01055	0.15469	0.31143	0.00463	0.22045	0.00515	0.00247	0.00462
7	0.01428	0.01034	0.01246	0.16989	0.01698	0.01145	0.00893	0.30306	0.15321	0.10428	0.05609	0.03724	0.03666	0.03585	0.00576	0.00169	0.00490	0.00542	0.00445	0.00705

[dist]
# distance from previous block
# <min> <max>
0	1

[block]
# block no. 6 follows, 51 sequences, length 69
# corresponding to MSA columns:
# 1474-1542
name=unknown_G
#
# <colnr> <probs for GDERKNQSTAVLIFYWHMCP>
#	G	D	E	R	K	N	Q	S	T	A	V	L	I	F	Y	W	H	M	C	P
0	0.01567	0.01193	0.01219	0.00982	0.01294	0.07584	0.00794	0.45570	0.01863	0.08258	0.08012	0.01970	0.14034	0.00731	0.00537	0.00151	0.02490	0.00569	0.00472	0.00709
1	0.01238	0.00998	0.01007	0.00876	0.01125	0.07174	0.00684	0.13900	0.24346	0.05015	0.04009	0.07369	0.08067	0.00728	0.00515	0.00149	0.02995	0.00587	0.11986	0.07231
2	0.01314	0.83025	0.02575	0.00841	0.01261	0.01945	0.00841	0.01472	0.00999	0.01156	0.00683	0.00788	0.00631	0.00420	0.00315	0.00105	0.00526	0.00263	0.00210	0.00631
3	0.01209	0.01160	0.01981	0.05050	0.77688	0.01166	0.01504	0.01502	0.01115	0.01596	0.00923	0.01219	0.00775	0.00439	0.00487	0.00146	0.00586	0.00438	0.00243	0.00772
4	0.09471	0.00929	0.01189	0.00938	0.01279	0.00920	0.02392	0.07592	0.07128	0.54265	0.01661	0.01520	0.01097	0.00612	0.00563	0.00158	0.06506	0.00472	0.00528	0.00779
5	0.08142	0.00900	0.01085	0.00882	0.01220	0.00888	0.00714	0.04143	0.21519	0.48639	0.03278	0.01751	0.03317	0.00635	0.00485	0.00156	0.00403	0.00513	0.00549	0.00781
6	0.00615	0.00443	0.00584	0.00690	0.00726	0.00419	0.00463	0.00733	0.02672	0.01290	0.04583	0.78688	0.03246	0.01507	0.00623	0.00198	0.00286	0.01366	0.00459	0.00409
7	0.00783	0.00613	0.00794	0.00734	0.00898	0.00580	0.04273	0.07116	0.01308	0.01737	0.32198	0.10245	0.25733	0.01098	0.00588	0.00170	0.00321	0.09847	0.00481	0.00483
8	0.00959	0.00905	0.01530	0.73070	0.11620	0.01100	0.01380	0.01283	0.00997	0.01293	0.00879	0.01300	0.00668	0.00486	0.00491	0.00162	0.00647	0.00437	0.00221	0.00571
9	0.01075	0.01075	0.01505	0.01290	0.01290	0.01505	0.01075	0.01183	0.00753	0.01183	0.00645	0.01075	0.00645	0.00860	0.01613	0.00215	0.81830	0.00430	0.00215	0.00538
10	0.00718	0.00513	0.00706	0.00812	0.00894	0.00501	0.00655	0.00894	0.01075	0.01417	0.06371	0.33106	0.03068	0.01406	0.00655	0.00213	0.00382	0.45723	0.00458	0.00434
11	0.00944	0.00890	0.01503	0.77103	0.07702	0.01096	0.01373	0.01270	0.00990	0.01275	0.00876	0.01305	0.00662	0.00488	0.00491	0.00163	0.00651	0.00437	0.00220	0.00559
12	0.01553	0.01263	0.01295	0.01073	0.01404	0.04814	0.00859	0.38141	0.39367	0.02510	0.01560	0.01484	0.01149	0.00624	0.00494	0.00156	0.00482	0.00492	0.00485	0.00796
13	0.01075	0.01075	0.01505	0.01290	0.01290	0.01505	0.01075	0.01183	0.00753	0.01183	0.00645	0.01075	0.00645	0.00860	0.01613	0.00215	0.81830	0.00430	0.00215	0.00538
14	0.01836	0.02342	0.01393	0.01266	0.01519	0.80756	0.00950	0.01962	0.01393	0.01203	0.00760	0.00886	0.00633	0.00506	0.00443	0.00127	0.00886	0.00317	0.00253	0.00570
15	0.86201	0.00950	0.00722	0.00646	0.00950	0.01102	0.00532	0.01445	0.00836	0.02205	0.00684	0.00798	0.00532	0.00456	0.00304	0.00152	0.00380	0.00266	0.00304	0.00532
16	0.01254	0.72347	0.08259	0.00870	0.01296	0.01801	0.00892	0.01447	0.01024	0.01232	0.05154	0.00970	0.00857	0.00457	0.00342	0.00112	0.00524	0.00306	0.00229	0.00628
17	0.00928	0.00873	0.01474	0.81548	0.03385	0.01092	0.01365	0.01256	0.00983	0.01256	0.00873	0.01310	0.00655	0.00491	0.00491	0.00164	0.00655	0.00437	0.00218	0.00546
18	0.01019	0.00873	0.01019	0.00728	0.01165	0.00655	0.00582	0.01237	0.01019	0.01601	0.00873	0.01019	0.00728	0.00364	0.00364	0.00073	0.00364	0.00291	0.00291	0.85734
19	0.00705	0.00516	0.00736	0.00736	0.00805	0.00585	0.00547	0.00843	0.00774	0.01101	0.01366	0.02203	0.01347	0.20454	0.64175	0.00723	0.01138	0.00566	0.00271	0.00409
20	0.00991	0.02349	0.69934	0.07421	0.02246	0.01143	0.06087	0.01535	0.01040	0.01535	0.00888	0.01074	0.00632	0.00466	0.00475	0.00157	0.00727	0.00381	0.00211	0.00709
21	0.00916	0.00458	0.00458	0.00458	0.00573	0.00458	0.00344	0.01145	0.01031	0.01832	0.01603	0.01832	0.01260	0.00573	0.00344	0.00115	0.00229	0.00458	0.85457	0.00458
22	0.03645	0.01118	0.01306	0.01003	0.01388	0.01145	0.00828	0.41577	0.01864	0.38647	0.01521	0.01400	0.01006	0.00596	0.00489	0.00150	0.00481	0.00463	0.00542	0.00830
23	0.00632	0.00522	0.03125	0.00680	0.00766	0.00442	0.00502	0.00768	0.01051	0.01404	0.16138	0.53862	0.12928	0.01370	0.00610	0.00187	0.00291	0.03835	0.00463	0.00425
24	0.00916	0.00458	0.00458	0.00458	0.00573	0.00458	0.00344	0.01145	0.01031	0.01832	0.01603	0.01832	0.01260	0.00573	0.00344	0.00115	0.00229	0.00458	0.85457	0.00458
25	0.01664	0.02051	0.01449	0.10096	0.07352	0.63423	0.01040	0.01824	0.01305	0.01237	0.00780	0.00963	0.00646	0.00513	0.00495	0.00135	0.03857	0.00343	0.00247	0.00581
26	0.00702	0.00527	0.00790	0.00790	0.00878	0.00614	0.00614	0.00878	0.00790	0.01141	0.01316	0.01931	0.01229	0.03686	0.80782	0.00790	0.01316	0.00527	0.00263	0.00439
27	0.02205	0.00836	0.01140	0.00874	0.01254	0.00722	0.00722	0.02395	0.01407	0.80004	0.01939	0.01673	0.01216	0.00608	0.00494	0.00152	0.00418	0.00494	0.00608	0.00836
28	0.00715	0.00476	0.00536	0.00536	0.00536	0.00476	0.00298	0.00715	0.00715	0.00953	0.01548	0.03216	0.01787	0.82729	0.02501	0.00476	0.00476	0.00715	0.00298	0.00298
29	0.01222	0.01056	0.01111	0.01000	0.01278	0.01222	0.00778	0.02611	0.78776	0.02056	0.02000	0.01833	0.01500	0.00667	0.00500	0.00167	0.00389	0.00556	0.00500	0.00778
30	0.01222	0.01056	0.01111	0.01000	0.01278	0.01222	0.00778	0.02611	0.78776	0.02056	0.02000	0.01833	0.01500	0.00667	0.00500	0.00167	0.00389	0.00556	0.00500	0.00778
31	0.01216	0.01168	0.01995	0.03016	0.79664	0.01168	0.01508	0.01508	0.01119	0.01605	0.00924	0.01216	0.00778	0.00438	0.00487	0.00146	0.00584	0.00438	0.00243	0.00778
32	0.02205	0.00836	0.01140	0.00874	0.01254	0.00722	0.00722	0.02395	0.01407	0.80004	0.01939	0.01673	0.01216	0.00608	0.00494	0.00152	0.00418	0.00494	0.00608	0.00836
33	0.01836	0.02342	0.01393	0.01266	0.01519	0.80756	0.00950	0.01962	0.01393	0.01203	0.00760	0.00886	0.00633	0.00506	0.00443	0.00127	0.00886	0.00317	0.00253	0.00570
34	0.00916	0.00458	0.00458	0.00458	0.00573	0.00458	0.00344	0.01145	0.01031	0.01832	0.01603	0.01832	0.01260	0.00573	0.00344	0.00115	0.00229	0.00458	0.85457	0.00458
35	0.00986	0.02542	0.80183	0.01401	0.02127	0.01141	0.01816	0.01556	0.01038	0.01556	0.00882	0.01038	0.00623	0.00467	0.00467	0.00156	0.00726	0.00363	0.00208	0.00726
36	0.00928	0.00873	0.01474	0.81548	0.03385	0.01092	0.01365	0.01256	0.00983	0.01256	0.00873	0.01310	0.00655	0.00491	0.00491	0.00164	0.00655	0.00437	0.00218	0.00546
37	0.01075	0.01075	0.01505	0.01290	0.01290	0.01505	0.01075	0.01183	0.00753	0.01183	0.00645	0.01075	0.00645	0.00860	0.01613	0.00215	0.81830	0.00430	0.00215	0.00538
38	0.00629	0.00451	0.00597	0.00663	0.00720	0.00419	0.00459	0.00761	0.01083	0.01480	0.26842	0.57632	0.03687	0.01371	0.00612	0.00185	0.00268	0.01237	0.00483	0.00419
39	0.00984	0.00931	0.01575	0.66305	0.18191	0.01107	0.01393	0.01305	0.01009	0.01324	0.00883	0.01292	0.00679	0.00481	0.00490	0.00160	0.00641	0.00437	0.00223	0.00591
40	0.01806	0.02285	0.01422	0.01351	0.05315	0.76891	0.00977	0.01940	0.01379	0.01222	0.00768	0.00902	0.00640	0.00503	0.00445	0.00128	0.00872	0.00322	0.00253	0.00580
41	0.05769	0.00887	0.01414	0.73057	0.03145	0.01099	0.01289	0.01332	0.04753	0.01348	0.00917	0.01307	0.00689	0.00498	0.00481	0.00163	0.00627	0.00433	0.00237	0.00556
42	0.01075	0.01075	0.01505	0.01290	0.01290	0.01505	0.01075	0.01183	0.00753	0.01183	0.00645	0.01075	0.00645	0.00860	0.01613	0.00215	0.81830	0.00430	0.00215	0.00538
43	0.30925	0.01101	0.01168	0.01018	0.05688	0.04959	0.02259	0.19311	0.01396	0.25834	0.01200	0.01188	0.00832	0.00533	0.00427	0.00150	0.00473	0.00394	0.00432	0.00712
44	0.01116	0.01044	0.01751	0.03969	0.61697	0.01042	0.02651	0.01392	0.01119	0.01564	0.01385	0.02014	0.05511	0.00611	0.00520	0.00159	0.00552	0.10913	0.00284	0.00707
45	0.00922	0.00711	0.00818	0.00793	0.00961	0.00747	0.00611	0.07524	0.22184	0.01792	0.14366	0.20305	0.10471	0.01045	0.00563	0.00175	0.00340	0.10500	0.04612	0.00558
46	0.01451	0.01170	0.01240	0.01046	0.01365	0.01329	0.00833	0.29374	0.51641	0.02425	0.01709	0.01602	0.01264	0.00639	0.00497	0.00160	0.00443	0.00515	0.00497	0.00798
47	0.00968	0.00914	0.01546	0.70750	0.13873	0.01102	0.01384	0.01290	0.01001	0.01304	0.00880	0.01297	0.00672	0.00484	0.00491	0.00161	0.00645	0.00437	0.00222	0.00578
48	0.01040	0.15833	0.67367	0.01308	0.01984	0.01274	0.01655	0.01542	0.01031	0.01490	0.00849	0.00996	0.00624	0.00459	0.00442	0.00147	0.00693	0.00347	0.00208	0.00710
49	0.01150	0.42955	0.41214	0.01120	0.01692	0.01545	0.01326	0.01514	0.01018	0.01355	0.00782	0.00912	0.00627	0.00444	0.00391	0.00130	0.00625	0.00313	0.00209	0.00678
50	0.00667	0.00501	0.00618	0.00589	0.00717	0.00452	0.00442	0.00873	0.01325	0.01813	0.61174	0.03930	0.22966	0.01063	0.00580	0.00157	0.00236	0.00925	0.00520	0.00452
51	0.01192	0.01153	0.02000	0.08832	0.70226	0.01166	0.05207	0.01493	0.01111	0.01578	0.00924	0.01229	0.00768	0.00441	0.00491	0.00148	0.00601	0.00445	0.00242	0.00755
52	0.01287	0.01254	0.01601	0.36012	0.23197	0.13371	0.01274	0.13140	0.01284	0.01622	0.00916	0.01200	0.00712	0.00494	0.00483	0.00151	0.00654	0.00420	0.00272	0.00656
53	0.01847	0.00991	0.01194	0.00933	0.01278	0.00988	0.00763	0.30951	0.01748	0.38837	0.13465	0.01790	0.01593	0.00662	0.00506	0.00151	0.00436	0.00535	0.00554	0.00779
54	0.00595	0.00475	0.00534	0.00569	0.00685	0.00413	0.00408	0.00715	0.01081	0.01351	0.09776	0.30572	0.48447	0.01325	0.00596	0.00176	0.00260	0.01146	0.00463	0.00413
55	0.00588	0.00498	0.00508	0.00505	0.00668	0.00418	0.00379	0.00719	0.01137	0.01368	0.09603	0.04664	0.74815	0.01230	0.00581	0.00165	0.00248	0.01028	0.00462	0.00418
56	0.00702	0.00527	0.00790	0.00790	0.00878	0.00614	0.00614	0.00878	0.00790	0.01141	0.01316	0.01931	0.01229	0.03686	0.80782	0.00790	0.01316	0.00527	0.00263	0.00439
57	0.01134	0.01098	0.01503	0.01278	0.01308	0.01507	0.01065	0.06918	0.00869	0.01326	0.00685	0.01083	0.00659	0.00840	0.01529	0.00210	0.75763	0.00431	0.00236	0.00560
58	0.01086	0.00871	0.01026	0.00736	0.01170	0.00659	0.00590	0.01303	0.01041	0.06039	0.00934	0.01056	0.00756	0.00378	0.00371	0.00077	0.00367	0.00303	0.00309	0.80928
59	0.01803	0.01467	0.01387	0.01124	0.01469	0.16524	0.00913	0.53062	0.01991	0.07393	0.01253	0.01480	0.00969	0.00632	0.00496	0.00150	0.00592	0.06088	0.00450	0.00756
60	0.01003	0.02431	0.74281	0.01371	0.02064	0.01147	0.01738	0.01635	0.06840	0.01594	0.00965	0.01097	0.00688	0.00482	0.00469	0.00156	0.00701	0.00378	0.00229	0.00730
61	0.01314	0.83025	0.02575	0.00841	0.01261	0.01945	0.00841	0.01472	0.00999	0.01156	0.00683	0.00788	0.00631	0.00420	0.00315	0.00105	0.00526	0.00263	0.00210	0.00631
62	0.01538	0.01201	0.07134	0.00966	0.01398	0.01061	0.00840	0.33254	0.01611	0.13459	0.01154	0.01181	0.00835	0.00500	0.00443	0.00121	0.00472	0.00388	0.00413	0.32028
63	0.03289	0.01296	0.01253	0.01071	0.01379	0.12628	0.02293	0.17844	0.44612	0.06552	0.01605	0.01524	0.01190	0.00616	0.00487	0.00156	0.00501	0.00489	0.00460	0.00756
64	0.01525	0.01753	0.01129	0.01049	0.01258	0.55243	0.00795	0.01684	0.01300	0.01381	0.04268	0.01539	0.01087	0.00604	0.00446	0.00133	0.00694	0.06044	0.17534	0.00534
65	0.03127	0.47701	0.28882	0.01049	0.01569	0.01621	0.01173	0.07214	0.01106	0.01461	0.00788	0.00903	0.00641	0.00450	0.00380	0.00127	0.00592	0.00310	0.00232	0.00676
66	0.12472	0.25534	0.13131	0.00980	0.01370	0.18741	0.00923	0.04680	0.02453	0.01502	0.00987	0.01170	0.03402	0.01935	0.00433	0.00134	0.00588	0.01824	0.00269	0.07472
67	0.04441	0.03900	0.05744	0.00781	0.01003	0.02324	0.00644	0.08615	0.02339	0.01712	0.22219	0.14742	0.07611	0.06984	0.00705	0.00176	0.03689	0.00730	0.00406	0.11236
68	0.02926	0.10272	0.17779	0.01109	0.04502	0.16323	0.00989	0.03220	0.07241	0.08629	0.06433	0.12759	0.02916	0.00706	0.00502	0.00152	0.02002	0.00566	0.00347	0.00628

[dist]
# distance from previous block
# <min> <max>
37	125

[block]
# block no. 7 follows, 51 sequences, length 10
# corresponding to MSA columns:
# 1701-1710
name=unknown_H
#
# <colnr> <probs for GDERKNQSTAVLIFYWHMCP>
#	G	D	E	R	K	N	Q	S	T	A	V	L	I	F	Y	W	H	M	C	P
0	0.01127	0.03534	0.00931	0.00798	0.01012	0.00718	0.01703	0.07531	0.06278	0.13794	0.04243	0.19601	0.05050	0.03127	0.00579	0.00171	0.00379	0.12408	0.08852	0.08163
1	0.01186	0.01495	0.20010	0.07107	0.16095	0.14490	0.01147	0.03691	0.01167	0.05539	0.07345	0.09058	0.01319	0.04768	0.00594	0.00167	0.00596	0.00537	0.00309	0.03382
2	0.00762	0.00772	0.07823	0.00851	0.03680	0.00612	0.03864	0.05466	0.01149	0.01497	0.07691	0.26808	0.30897	0.01153	0.00581	0.00176	0.00365	0.04936	0.00425	0.00491
3	0.08149	0.01067	0.01741	0.08622	0.09478	0.01122	0.25249	0.07811	0.09999	0.01785	0.08873	0.01764	0.04332	0.00609	0.00586	0.00164	0.05291	0.02381	0.00338	0.00639
4	0.00939	0.00794	0.01196	0.05072	0.08842	0.00814	0.09125	0.08680	0.01335	0.01854	0.39535	0.06742	0.06066	0.00847	0.00627	0.00161	0.05638	0.00748	0.00431	0.00556
5	0.01134	0.01171	0.06464	0.22535	0.40941	0.01154	0.05249	0.04273	0.01103	0.01547	0.00906	0.01216	0.00729	0.00474	0.00540	0.00152	0.04595	0.00432	0.00245	0.05141
6	0.08263	0.06193	0.01359	0.05369	0.08684	0.15932	0.00877	0.22713	0.01435	0.01912	0.01123	0.01381	0.03262	0.03297	0.00513	0.00145	0.00560	0.02935	0.00338	0.13709
7	0.05947	0.03643	0.07347	0.00831	0.01029	0.03918	0.00693	0.04724	0.05507	0.08620	0.05439	0.15144	0.07673	0.08584	0.00921	0.09905	0.04687	0.04497	0.00378	0.00513
8	0.06000	0.09715	0.38652	0.01224	0.01753	0.06403	0.04847	0.08813	0.12205	0.01748	0.01035	0.01129	0.00772	0.00499	0.00451	0.00147	0.00626	0.00388	0.00289	0.03303
9	0.01298	0.17545	0.13492	0.01454	0.14298	0.06961	0.08812	0.06633	0.07051	0.06368	0.02434	0.01235	0.00886	0.00649	0.04501	0.00171	0.00632	0.00416	0.00299	0.04867

[dist]
# distance from previous block
# <min> <max>
8	93

[block]
# block no. 8 follows, 51 sequences, length 6
# corresponding to MSA columns:
# 1846-1851
name=unknown_I
#
# <colnr> <probs for GDERKNQSTAVLIFYWHMCP>
#	G	D	E	R	K	N	Q	S	T	A	V	L	I	F	Y	W	H	M	C	P
0	0.03519	0.07929	0.12403	0.08698	0.03035	0.04536	0.00959	0.09766	0.09673	0.07093	0.03527	0.06311	0.05043	0.02287	0.05136	0.00196	0.05389	0.00523	0.00349	0.03628
1	0.15504	0.14926	0.16296	0.01064	0.04108	0.02873	0.04025	0.08358	0.04898	0.04518	0.05859	0.04131	0.03041	0.00578	0.00473	0.00145	0.03294	0.00445	0.00322	0.05142
2	0.04962	0.10255	0.29866	0.03093	0.01606	0.03704	0.01164	0.11980	0.03615	0.11779	0.05935	0.01415	0.03696	0.00581	0.00514	0.00151	0.04211	0.00440	0.00341	0.00694
3	0.06081	0.29521	0.14605	0.01025	0.01449	0.03525	0.04551	0.06845	0.03048	0.13157	0.03763	0.01164	0.00897	0.00514	0.00466	0.00136	0.04059	0.00380	0.00318	0.04496
4	0.06997	0.01140	0.09839	0.10528	0.11760	0.01001	0.03580	0.11490	0.04676	0.14955	0.06820	0.01558	0.03849	0.00566	0.00476	0.00146	0.00502	0.00476	0.00378	0.09262
5	0.01253	0.00875	0.01046	0.00770	0.01176	0.00707	0.00620	0.05933	0.01183	0.15102	0.05607	0.01293	0.01043	0.00456	0.00406	0.00095	0.00376	0.00369	0.00372	0.61318

[dist]
# distance from previous block
# <min> <max>
0	13

[block]
# block no. 9 follows, 51 sequences, length 9
# corresponding to MSA columns:
# 1866-1874
name=unknown_J
#
# <colnr> <probs for GDERKNQSTAVLIFYWHMCP>
#	G	D	E	R	K	N	Q	S	T	A	V	L	I	F	Y	W	H	M	C	P
0	0.00603	0.00454	0.00560	0.00642	0.00713	0.00411	0.00448	0.00706	0.01000	0.01285	0.03338	0.57148	0.24545	0.01449	0.00617	0.00191	0.00283	0.04746	0.00456	0.00406
1	0.01437	0.64011	0.02296	0.00941	0.01322	0.20517	0.00866	0.01587	0.01091	0.01167	0.00701	0.00811	0.00631	0.00441	0.00345	0.00110	0.00611	0.00275	0.00220	0.00616
2	0.00890	0.00879	0.00764	0.00821	0.00903	0.19336	0.00572	0.00985	0.01047	0.01242	0.02249	0.63197	0.02633	0.01296	0.00584	0.00182	0.00427	0.01142	0.00408	0.00439
3	0.01654	0.20573	0.01734	0.08177	0.01627	0.01585	0.00950	0.53192	0.01884	0.02477	0.01036	0.01099	0.00771	0.00541	0.00450	0.00139	0.00547	0.00400	0.00401	0.00762
4	0.01247	0.20446	0.02069	0.08226	0.52008	0.01361	0.01314	0.04946	0.01134	0.01541	0.00875	0.01121	0.00737	0.00445	0.00447	0.00138	0.00573	0.00397	0.00245	0.00729
5	0.01221	0.20440	0.02099	0.07438	0.56395	0.01346	0.01342	0.01484	0.01082	0.01478	0.00864	0.01121	0.00736	0.00437	0.00446	0.00137	0.00575	0.00397	0.00234	0.00729
6	0.01306	0.01189	0.01790	0.09129	0.41703	0.03913	0.07269	0.12582	0.04138	0.03460	0.01013	0.01232	0.00800	0.00471	0.00484	0.00143	0.00584	0.00438	0.00299	0.08056
7	0.02567	0.05005	0.04419	0.09779	0.16327	0.04321	0.05012	0.22008	0.10672	0.01966	0.04679	0.02568	0.01063	0.00619	0.00566	0.03916	0.01750	0.00476	0.01597	0.00690
8	0.03389	0.11721	0.24838	0.04356	0.04783	0.04157	0.06092	0.13058	0.01277	0.06495	0.03562	0.02763	0.00982	0.00553	0.00466	0.00145	0.00589	0.03759	0.00315	0.06700

[dist]
# distance from previous block
# <min> <max>
107	358

[block]
# block no. 10 follows, 51 sequences, length 63
# corresponding to MSA columns:
# 2359-2421
name=unknown_K
#
# <colnr> <probs for GDERKNQSTAVLIFYWHMCP>
#	G	D	E	R	K	N	Q	S	T	A	V	L	I	F	Y	W	H	M	C	P
0	0.01214	0.18035	0.15364	0.00982	0.01382	0.09794	0.00931	0.06264	0.07017	0.03042	0.05047	0.05599	0.01088	0.00559	0.00456	0.00127	0.02444	0.00428	0.00310	0.19918
1	0.02864	0.04862	0.02498	0.05351	0.04483	0.10437	0.03706	0.05528	0.11423	0.04490	0.03364	0.11181	0.07897	0.00769	0.00519	0.00153	0.01753	0.06739	0.00374	0.11611
2	0.01067	0.02392	0.03897	0.00908	0.01141	0.04663	0.04193	0.15142	0.05575	0.03479	0.19097	0.10421	0.11658	0.00934	0.00573	0.00167	0.01774	0.10483	0.00447	0.01990
3	0.01207	0.02838	0.01357	0.07923	0.01538	0.07143	0.09234	0.14257	0.02769	0.03319	0.02828	0.11976	0.01170	0.00627	0.00511	0.00135	0.03160	0.00535	0.00344	0.27130
4	0.04699	0.04184	0.02902	0.01113	0.01493	0.01294	0.07202	0.41951	0.05218	0.06987	0.01190	0.01333	0.00900	0.00574	0.00520	0.00145	0.03744	0.02819	0.00420	0.11312
5	0.08696	0.01495	0.01324	0.01076	0.01420	0.23586	0.03254	0.29668	0.06186	0.02121	0.02592	0.01133	0.00849	0.00527	0.00447	0.00132	0.00590	0.00388	0.00371	0.14143
6	0.23778	0.15664	0.01433	0.00995	0.01322	0.28587	0.00814	0.17172	0.01366	0.03542	0.00837	0.00923	0.00660	0.00498	0.00396	0.00134	0.00612	0.00323	0.00315	0.00630
