[name]
unknown

[dist]
# distance from previous block
# <min> <max>
0	159

[block]
# block no. 0 follows, 61 sequences, length 101
# corresponding to MSA columns:
# 160-244,277-280,285-296
name=unknown_A
#
# <colnr> <probs for GDERKNQSTAVLIFYWHMCP>
#	G	D	E	R	K	N	Q	S	T	A	V	L	I	F	Y	W	H	M	C	P
0	0.00694	0.00496	0.00694	0.00793	0.00892	0.00496	0.00694	0.00892	0.00992	0.01289	0.02281	0.04859	0.02479	0.01190	0.00595	0.00198	0.00397	0.79275	0.00397	0.00397
1	0.04058	0.00456	0.00578	0.00543	0.00651	0.00429	0.00409	0.00831	0.01200	0.01735	0.78734	0.03118	0.03922	0.00862	0.00499	0.00135	0.00208	0.00757	0.00466	0.00409
2	0.01017	0.01162	0.02542	0.01816	0.02251	0.01089	0.80610	0.01380	0.01017	0.01380	0.00871	0.01162	0.00654	0.00363	0.00508	0.00145	0.00726	0.00508	0.00218	0.00581
3	0.00846	0.00783	0.01292	0.80554	0.02902	0.00972	0.01181	0.04246	0.00907	0.01164	0.00776	0.01144	0.00580	0.00434	0.00431	0.00143	0.00570	0.00383	0.00201	0.00489
4	0.00534	0.00382	0.00508	0.00594	0.00627	0.00356	0.00401	0.00623	0.00867	0.01167	0.10964	0.75797	0.02980	0.01299	0.00545	0.00171	0.00245	0.01176	0.00408	0.00356
5	0.00887	0.00748	0.00908	0.00799	0.00998	0.00811	0.05184	0.01656	0.45224	0.01748	0.33245	0.02215	0.02358	0.00688	0.00470	0.00142	0.00309	0.00603	0.00440	0.00568
6	0.00590	0.00420	0.00563	0.00595	0.00631	0.00441	0.00409	0.00672	0.00714	0.00981	0.01604	0.28385	0.01790	0.27699	0.32037	0.00443	0.00640	0.00755	0.00294	0.00336
7	0.00813	0.00766	0.01292	0.83826	0.02967	0.00957	0.01196	0.01101	0.00861	0.01101	0.00766	0.01148	0.00574	0.00431	0.00431	0.00144	0.00574	0.00383	0.00191	0.00479
8	0.00813	0.00766	0.01292	0.83826	0.02967	0.00957	0.01196	0.01101	0.00861	0.01101	0.00766	0.01148	0.00574	0.00431	0.00431	0.00144	0.00574	0.00383	0.00191	0.00479
9	0.00813	0.00766	0.01292	0.83826	0.02967	0.00957	0.01196	0.01101	0.00861	0.01101	0.00766	0.01148	0.00574	0.00431	0.00431	0.00144	0.00574	0.00383	0.00191	0.00479
10	0.00525	0.00375	0.00500	0.00600	0.00625	0.00350	0.00400	0.00600	0.00825	0.01100	0.02374	0.84580	0.02849	0.01350	0.00550	0.00175	0.00250	0.01225	0.00400	0.00350
11	0.01637	0.01207	0.01293	0.00991	0.01336	0.01336	0.00819	0.80738	0.02025	0.02715	0.01034	0.01034	0.00733	0.00517	0.00431	0.00129	0.00474	0.00388	0.00431	0.00733
12	0.00615	0.00462	0.00692	0.00692	0.00769	0.00538	0.00538	0.00769	0.00692	0.01000	0.01154	0.01692	0.01077	0.03231	0.83154	0.00692	0.01154	0.00462	0.00231	0.00385
13	0.01609	0.02053	0.01221	0.01110	0.01332	0.83132	0.00832	0.01720	0.01221	0.01054	0.00666	0.00777	0.00555	0.00444	0.00388	0.00111	0.00777	0.00277	0.00222	0.00499
14	0.01071	0.00925	0.00974	0.00877	0.01120	0.01071	0.00682	0.02289	0.81396	0.01802	0.01753	0.01607	0.01315	0.00584	0.00438	0.00146	0.00341	0.00487	0.00438	0.00682
15	0.01125	0.01143	0.01635	0.06276	0.65481	0.11736	0.01233	0.01391	0.03343	0.01358	0.00817	0.01048	0.00679	0.00400	0.00422	0.00127	0.00544	0.00373	0.00220	0.00649
16	0.01637	0.01207	0.01293	0.00991	0.01336	0.01336	0.00819	0.80738	0.02025	0.02715	0.01034	0.01034	0.00733	0.00517	0.00431	0.00129	0.00474	0.00388	0.00431	0.00733
17	0.01609	0.02053	0.01221	0.01110	0.01332	0.83132	0.00832	0.01720	0.01221	0.01054	0.00666	0.00777	0.00555	0.00444	0.00388	0.00111	0.00777	0.00277	0.00222	0.00499
18	0.00906	0.00876	0.01535	0.52686	0.26437	0.00988	0.08034	0.01190	0.00910	0.01216	0.00788	0.01125	0.00613	0.00411	0.00436	0.00139	0.00569	0.00394	0.00200	0.00548
19	0.00825	0.00772	0.01278	0.80267	0.02888	0.00962	0.01174	0.01152	0.04317	0.01131	0.00808	0.01168	0.00606	0.00437	0.00431	0.00144	0.00564	0.00387	0.00202	0.00487
20	0.00864	0.00817	0.01362	0.65854	0.15627	0.00985	0.01197	0.01152	0.02137	0.01158	0.00780	0.01133	0.00603	0.00440	0.00473	0.00143	0.04177	0.00384	0.00199	0.00514
21	0.00565	0.00441	0.00514	0.00502	0.00624	0.00390	0.00380	0.00723	0.01097	0.01441	0.41824	0.03725	0.41146	0.00993	0.00512	0.00143	0.00218	0.03942	0.00436	0.00386
22	0.00603	0.00440	0.00566	0.00535	0.00639	0.00404	0.00401	0.00800	0.01203	0.01689	0.76636	0.03281	0.09399	0.00895	0.00508	0.00136	0.00204	0.00788	0.00469	0.00404
23	0.00821	0.00774	0.01306	0.81288	0.05444	0.00959	0.01200	0.01108	0.00865	0.01110	0.00767	0.01146	0.00578	0.00429	0.00431	0.00143	0.00572	0.00383	0.00192	0.00485
24	0.01071	0.00925	0.00974	0.00877	0.01120	0.01071	0.00682	0.02289	0.81396	0.01802	0.01753	0.01607	0.01315	0.00584	0.00438	0.00146	0.00341	0.00487	0.00438	0.00682
25	0.00893	0.00766	0.00893	0.00638	0.01021	0.00574	0.00510	0.01085	0.00893	0.01404	0.00766	0.00893	0.00638	0.00319	0.00319	0.00064	0.00319	0.00255	0.00255	0.87495
26	0.87904	0.00833	0.00633	0.00566	0.00833	0.00966	0.00467	0.01266	0.00733	0.01933	0.00600	0.00700	0.00467	0.00400	0.00267	0.00133	0.00333	0.00233	0.00267	0.00467
27	0.84202	0.00885	0.00658	0.00590	0.00854	0.04492	0.00482	0.01286	0.00754	0.01895	0.00603	0.00703	0.00470	0.00402	0.00272	0.00132	0.00352	0.00235	0.00265	0.00468
28	0.00892	0.00844	0.01428	0.54912	0.29398	0.00966	0.01221	0.01164	0.00901	0.01203	0.00815	0.02898	0.00659	0.00435	0.00432	0.00139	0.00546	0.00401	0.00203	0.00544
29	0.00531	0.00381	0.00513	0.00606	0.00635	0.00363	0.00409	0.00611	0.00816	0.01093	0.02291	0.78906	0.02728	0.01478	0.06204	0.00210	0.00312	0.01172	0.00388	0.00352
30	0.00610	0.00440	0.00576	0.00542	0.00644	0.00406	0.00406	0.00813	0.01219	0.01727	0.81947	0.03218	0.04064	0.00881	0.00508	0.00135	0.00203	0.00779	0.00474	0.00406
31	0.00616	0.00460	0.00683	0.00683	0.00756	0.00533	0.00527	0.00763	0.00689	0.00993	0.01163	0.01741	0.01098	0.06733	0.79681	0.00680	0.01122	0.00469	0.00232	0.00379
32	0.00968	0.01073	0.02247	0.01644	0.02002	0.01050	0.65881	0.01280	0.00965	0.01322	0.00968	0.08195	0.00830	0.00486	0.00602	0.00152	0.08998	0.00556	0.00230	0.00550
33	0.00615	0.00462	0.00692	0.00692	0.00769	0.00538	0.00538	0.00769	0.00692	0.01000	0.01154	0.01692	0.01077	0.03231	0.83154	0.00692	0.01154	0.00462	0.00231	0.00385
34	0.00547	0.00392	0.00519	0.00585	0.00630	0.00365	0.00402	0.00655	0.00927	0.01262	0.22963	0.63529	0.03163	0.01228	0.00539	0.00165	0.00238	0.01109	0.00419	0.00365
35	0.01062	0.01048	0.03383	0.02615	0.80551	0.01023	0.01327	0.01323	0.00979	0.01406	0.00809	0.01063	0.00680	0.00384	0.00426	0.00128	0.00514	0.00382	0.00213	0.00681
36	0.01066	0.01023	0.01748	0.02644	0.82174	0.01023	0.01322	0.01322	0.00981	0.01407	0.00810	0.01066	0.00682	0.00384	0.00426	0.00128	0.00512	0.00384	0.00213	0.00682
37	0.01050	0.00971	0.01119	0.04966	0.11472	0.10830	0.02409	0.01242	0.00951	0.04898	0.00794	0.00946	0.00646	0.00377	0.00402	0.00092	0.04016	0.00299	0.00251	0.52269
38	0.11065	0.00952	0.01525	0.16487	0.57590	0.00998	0.01187	0.01273	0.00930	0.01415	0.00777	0.01035	0.00638	0.00393	0.00407	0.00130	0.00499	0.00364	0.00216	0.02120
39	0.01088	0.00993	0.01443	0.09920	0.45247	0.02778	0.01083	0.08926	0.17365	0.01586	0.04496	0.01267	0.00947	0.00464	0.00432	0.00133	0.00472	0.00420	0.00288	0.00651
40	0.00600	0.00451	0.00520	0.00500	0.00631	0.00398	0.00376	0.00763	0.02101	0.03769	0.36723	0.05767	0.43872	0.00987	0.00507	0.00142	0.00219	0.00844	0.00435	0.00396
41	0.00907	0.00774	0.00900	0.00644	0.01027	0.00588	0.00516	0.02528	0.00914	0.01427	0.00770	0.00896	0.00640	0.00323	0.00321	0.00065	0.00322	0.00258	0.00258	0.85923
42	0.03095	0.00842	0.01366	0.56040	0.22304	0.00981	0.01174	0.01241	0.06401	0.01245	0.00840	0.01148	0.00649	0.00429	0.00426	0.00140	0.00537	0.00386	0.00216	0.00542
43	0.00803	0.00401	0.00401	0.00401	0.00502	0.00401	0.00301	0.01004	0.00903	0.01606	0.01405	0.01606	0.01104	0.00502	0.00301	0.00100	0.00201	0.00401	0.87253	0.00401
44	0.84630	0.00829	0.00647	0.00574	0.00843	0.00954	0.00473	0.01298	0.00752	0.05000	0.00642	0.00729	0.00489	0.00405	0.00273	0.00133	0.00334	0.00241	0.00277	0.00477
45	0.01048	0.06931	0.02232	0.01575	0.01941	0.07873	0.59208	0.01348	0.01005	0.01315	0.03921	0.02152	0.00789	0.00428	0.00544	0.00142	0.06288	0.00480	0.00226	0.00556
46	0.00813	0.00421	0.00423	0.00420	0.00525	0.00427	0.00316	0.01053	0.03969	0.01613	0.01418	0.01606	0.01112	0.00505	0.00306	0.00102	0.00206	0.00405	0.83946	0.00412
47	0.01059	0.01008	0.01702	0.08148	0.74070	0.01029	0.01298	0.02908	0.00990	0.01408	0.00809	0.01070	0.00674	0.00394	0.00440	0.00130	0.01597	0.00384	0.00216	0.00667
48	0.01037	0.34186	0.27256	0.00945	0.03443	0.04742	0.00982	0.08055	0.01033	0.01342	0.06535	0.01220	0.06574	0.00484	0.00373	0.00118	0.00497	0.00363	0.00242	0.00572
49	0.01054	0.01046	0.03855	0.04938	0.76462	0.01022	0.01315	0.01332	0.02259	0.01404	0.00823	0.01073	0.00686	0.00389	0.00426	0.00129	0.00514	0.00384	0.00215	0.00675
50	0.00525	0.00375	0.00500	0.00600	0.00625	0.00350	0.00400	0.00600	0.00825	0.01100	0.02374	0.84580	0.02849	0.01350	0.00550	0.00175	0.00250	0.01225	0.00400	0.00350
51	0.00908	0.00881	0.01415	0.55040	0.11181	0.03170	0.06583	0.02843	0.00901	0.01189	0.00762	0.01101	0.00595	0.00450	0.00524	0.00143	0.08492	0.00384	0.00203	0.03234
52	0.87904	0.00833	0.00633	0.00566	0.00833	0.00966	0.00467	0.01266	0.00733	0.01933	0.00600	0.00700	0.00467	0.00400	0.00267	0.00133	0.00333	0.00233	0.00267	0.00467
53	0.00532	0.00434	0.00438	0.00437	0.00578	0.00367	0.00327	0.00650	0.00982	0.01208	0.06122	0.03948	0.74492	0.01045	0.00495	0.00142	0.00217	0.00871	0.06347	0.00367
54	0.00915	0.00958	0.05127	0.06681	0.10977	0.00910	0.29174	0.01391	0.16946	0.01473	0.11981	0.04058	0.06310	0.00557	0.00477	0.00142	0.00497	0.00554	0.00308	0.00566
55	0.00899	0.00774	0.00920	0.00701	0.03558	0.00588	0.00536	0.01092	0.00896	0.01404	0.00767	0.00899	0.00639	0.00321	0.00322	0.00066	0.00325	0.00259	0.00254	0.84780
56	0.01801	0.00868	0.01074	0.00832	0.01162	0.00843	0.00684	0.22495	0.06588	0.56617	0.01530	0.01363	0.00996	0.00532	0.00433	0.00133	0.00393	0.00425	0.00501	0.00730
57	0.00813	0.00766	0.01292	0.83826	0.02967	0.00957	0.01196	0.01101	0.00861	0.01101	0.00766	0.01148	0.00574	0.00431	0.00431	0.00144	0.00574	0.00383	0.00191	0.00479
58	0.01010	0.00811	0.00937	0.00685	0.01057	0.00667	0.00551	0.08417	0.04463	0.04742	0.00869	0.00959	0.00693	0.00357	0.00339	0.00076	0.00336	0.00284	0.00290	0.72456
59	0.00974	0.00680	0.00930	0.00886	0.04145	0.00688	0.06120	0.13288	0.01130	0.08449	0.01867	0.04525	0.07317	0.06601	0.00637	0.00178	0.01957	0.31569	0.07570	0.00490
60	0.00864	0.02228	0.82630	0.01228	0.01864	0.01000	0.01592	0.01364	0.00909	0.01364	0.00773	0.00909	0.00546	0.00409	0.00409	0.00136	0.00637	0.00318	0.00182	0.00637
61	0.00831	0.00783	0.01323	0.78260	0.08397	0.00962	0.01205	0.01116	0.00870	0.01122	0.00769	0.01143	0.00582	0.00427	0.00430	0.00142	0.00570	0.00383	0.00193	0.00492
62	0.01510	0.01095	0.01198	0.00912	0.01261	0.01153	0.00750	0.60384	0.03246	0.07084	0.01038	0.01044	0.00746	0.00484	0.00411	0.00118	0.00437	0.00368	0.00405	0.16355
63	0.00813	0.00766	0.01292	0.83826	0.02967	0.00957	0.01196	0.01101	0.00861	0.01101	0.00766	0.01148	0.00574	0.00431	0.00431	0.00144	0.00574	0.00383	0.00191	0.00479
64	0.00626	0.00460	0.00608	0.00689	0.00781	0.00442	0.00567	0.00782	0.00955	0.01227	0.02669	0.21548	0.16614	0.01206	0.00570	0.00184	0.00334	0.48960	0.00398	0.00381
65	0.01127	0.00789	0.00782	0.00702	0.03200	0.06376	0.00531	0.25841	0.01276	0.01904	0.01212	0.01344	0.00931	0.00496	0.00351	0.00110	0.00336	0.00386	0.50397	0.01909
66	0.00876	0.00819	0.01380	0.47796	0.29441	0.00932	0.01168	0.01138	0.00886	0.01195	0.00844	0.02712	0.00696	0.00672	0.07515	0.00186	0.00597	0.00405	0.00206	0.00537
67	0.00817	0.00771	0.01293	0.81423	0.02913	0.00968	0.01189	0.01099	0.00855	0.01099	0.00760	0.01142	0.00574	0.00440	0.00459	0.00145	0.03001	0.00383	0.00191	0.00478
68	0.00933	0.00882	0.01509	0.10273	0.52292	0.00898	0.06221	0.01161	0.00936	0.01310	0.01103	0.16979	0.01080	0.00577	0.00472	0.00141	0.01846	0.00552	0.00246	0.00589
69	0.01046	0.01014	0.01763	0.08153	0.72120	0.01023	0.05908	0.01310	0.00975	0.01385	0.00811	0.01077	0.00673	0.00386	0.00431	0.00130	0.00528	0.00391	0.00212	0.00662
70	0.01093	0.00925	0.00983	0.00881	0.01124	0.01063	0.00692	0.07595	0.72279	0.01841	0.01728	0.01717	0.01328	0.00608	0.00445	0.00147	0.00353	0.04090	0.00436	0.00672
71	0.00611	0.00439	0.00569	0.00537	0.00632	0.00407	0.00396	0.00800	0.01179	0.01666	0.76430	0.03190	0.03893	0.06629	0.00623	0.00155	0.00218	0.00769	0.00460	0.00396
72	0.01168	0.01052	0.01557	0.11707	0.51551	0.06631	0.02634	0.06099	0.04889	0.07170	0.00917	0.01110	0.00721	0.00421	0.00427	0.00130	0.00521	0.00387	0.00257	0.00651
73	0.00813	0.00766	0.01292	0.83826	0.02967	0.00957	0.01196	0.01101	0.00861	0.01101	0.00766	0.01148	0.00574	0.00431	0.00431	0.00144	0.00574	0.00383	0.00191	0.00479
74	0.01374	0.00726	0.00899	0.00744	0.00997	0.00711	0.00595	0.06671	0.18666	0.38480	0.23089	0.01937	0.01900	0.00636	0.00454	0.00136	0.00324	0.00534	0.00491	0.00635
75	0.00616	0.00458	0.00673	0.00673	0.00743	0.00528	0.00514	0.00757	0.00686	0.00985	0.01172	0.01792	0.01120	0.10460	0.75984	0.00668	0.01089	0.00476	0.00233	0.00374
76	0.86302	0.00840	0.00645	0.00574	0.00842	0.00973	0.00473	0.02742	0.00757	0.01947	0.00608	0.00706	0.00471	0.00402	0.00270	0.00133	0.00336	0.00236	0.00270	0.00471
77	0.87904	0.00833	0.00633	0.00566	0.00833	0.00966	0.00467	0.01266	0.00733	0.01933	0.00600	0.00700	0.00467	0.00400	0.00267	0.00133	0.00333	0.00233	0.00267	0.00467
78	0.00638	0.00490	0.00710	0.00629	0.00754	0.00453	0.05897	0.00852	0.01205	0.01704	0.76397	0.03077	0.03831	0.00845	0.00508	0.00136	0.00239	0.00760	0.00457	0.00418
79	0.00539	0.00385	0.00516	0.00616	0.00647	0.00362	0.00425	0.00624	0.00839	0.01115	0.02366	0.77901	0.02818	0.01336	0.00554	0.00177	0.00262	0.07764	0.00400	0.00354
80	0.00835	0.00432	0.00435	0.00424	0.00534	0.00437	0.00321	0.04040	0.00946	0.01648	0.01391	0.01584	0.01090	0.00502	0.00306	0.00101	0.00211	0.00401	0.83946	0.00414
81	0.00942	0.00942	0.01319	0.01131	0.01131	0.01319	0.00942	0.01037	0.00660	0.01037	0.00565	0.00942	0.00565	0.00754	0.01414	0.00188	0.84073	0.00377	0.00188	0.00471
82	0.06200	0.00987	0.01580	0.09846	0.58341	0.01029	0.02877	0.06924	0.01022	0.01486	0.00894	0.01126	0.02715	0.00426	0.00448	0.00132	0.02704	0.00391	0.00234	0.00638
83	0.00846	0.00414	0.00424	0.00415	0.00525	0.00410	0.00314	0.01045	0.00916	0.04686	0.01416	0.01601	0.01103	0.00503	0.00306	0.00102	0.00207	0.00403	0.83950	0.00414
84	0.00588	0.00424	0.00557	0.00556	0.00639	0.00392	0.00405	0.00759	0.01120	0.01570	0.61973	0.23642	0.03759	0.00998	0.00519	0.00145	0.00215	0.00891	0.00456	0.00392
85	0.00997	0.00946	0.01569	0.24927	0.54767	0.01008	0.01243	0.01327	0.06453	0.01350	0.00862	0.01126	0.00696	0.00410	0.00428	0.00133	0.00517	0.00391	0.00223	0.00626
86	0.00888	0.02064	0.70290	0.01318	0.01924	0.01014	0.13767	0.01367	0.00926	0.01367	0.00788	0.00948	0.00562	0.00402	0.00425	0.00138	0.00650	0.00348	0.00187	0.00628
87	0.00883	0.00837	0.01418	0.61492	0.24758	0.00975	0.01231	0.01161	0.00894	0.01185	0.00778	0.01126	0.00604	0.00418	0.00430	0.00139	0.00557	0.00383	0.00197	0.00535
88	0.00513	0.00437	0.00442	0.00441	0.00584	0.00365	0.00331	0.00627	0.00992	0.01188	0.07692	0.04106	0.78656	0.01082	0.00509	0.00145	0.00218	0.00904	0.00403	0.00365
89	0.00591	0.00437	0.00552	0.00528	0.00634	0.00398	0.00394	0.00775	0.01168	0.01618	0.67163	0.06571	0.15711	0.00931	0.00510	0.00139	0.00207	0.00816	0.00460	0.00398
90	0.00813	0.00766	0.01292	0.83826	0.02967	0.00957	0.01196	0.01101	0.00861	0.01101	0.00766	0.01148	0.00574	0.00431	0.00431	0.00144	0.00574	0.00383	0.00191	0.00479
91	0.01933	0.00733	0.01000	0.00766	0.01100	0.00633	0.00633	0.02099	0.01233	0.82473	0.01699	0.01466	0.01066	0.00533	0.00433	0.00133	0.00367	0.00433	0.00533	0.00733
92	0.00626	0.00418	0.00470	0.00470	0.00470	0.00418	0.00261	0.00626	0.00626	0.00835	0.01357	0.02819	0.01566	0.84862	0.02192	0.00418	0.00418	0.00626	0.00261	0.00261
93	0.00525	0.00375	0.00500	0.00600	0.00625	0.00350	0.00400	0.00600	0.00825	0.01100	0.02374	0.84580	0.02849	0.01350	0.00550	0.00175	0.00250	0.01225	0.00400	0.00350
94	0.00517	0.00428	0.00453	0.00465	0.00591	0.00364	0.00342	0.00626	0.00973	0.01185	0.08282	0.15216	0.66844	0.01115	0.00515	0.00149	0.00222	0.00946	0.00404	0.00364
95	0.00896	0.11424	0.73713	0.01173	0.01780	0.01078	0.01497	0.01356	0.00906	0.01325	0.00754	0.00885	0.00546	0.00405	0.00395	0.00132	0.00617	0.00309	0.00182	0.00627
96	0.00864	0.02228	0.82630	0.01228	0.01864	0.01000	0.01592	0.01364	0.00909	0.01364	0.00773	0.00909	0.00546	0.00409	0.00409	0.00136	0.00637	0.00318	0.00182	0.00637
97	0.01015	0.01158	0.02519	0.01803	0.02231	0.01094	0.79135	0.01373	0.01010	0.01373	0.00866	0.01158	0.00652	0.00370	0.00525	0.00146	0.02269	0.00506	0.00217	0.00579
98	0.01066	0.01023	0.01748	0.02644	0.82174	0.01023	0.01322	0.01322	0.00981	0.01407	0.00810	0.01066	0.00682	0.00384	0.00426	0.00128	0.00512	0.00384	0.00213	0.00682
99	0.00522	0.00430	0.00459	0.00466	0.00593	0.00367	0.00344	0.00638	0.00991	0.01219	0.12749	0.13000	0.64540	0.01096	0.00514	0.00148	0.00220	0.00930	0.00408	0.00367
100	0.00610	0.00440	0.00576	0.00542	0.00644	0.00406	0.00406	0.00813	0.01219	0.01727	0.81947	0.03218	0.04064	0.00881	0.00508	0.00135	0.00203	0.00779	0.00474	0.00406

[dist]
# distance from previous block
# <min> <max>
0	1

[block]
# block no. 1 follows, 61 sequences, length 13
# corresponding to MSA columns:
# 298-310
name=unknown_B
#
# <colnr> <probs for GDERKNQSTAVLIFYWHMCP>
#	G	D	E	R	K	N	Q	S	T	A	V	L	I	F	Y	W	H	M	C	P
0	0.01098	0.01056	0.05020	0.02436	0.72217	0.01006	0.01278	0.01394	0.03848	0.05186	0.00884	0.01097	0.00717	0.00399	0.00426	0.00129	0.00504	0.00387	0.00235	0.00683
1	0.00769	0.00473	0.00628	0.00582	0.00705	0.00436	0.00440	0.00955	0.01165	0.11731	0.61852	0.09361	0.03454	0.00984	0.04366	0.00164	0.00272	0.00756	0.00464	0.00442
2	0.00573	0.00415	0.00551	0.00642	0.00699	0.00393	0.00479	0.00686	0.00886	0.01160	0.02516	0.54622	0.09461	0.01281	0.00559	0.00179	0.00290	0.23842	0.00399	0.00365
3	0.01013	0.00970	0.01653	0.19569	0.65661	0.01010	0.01296	0.01276	0.00956	0.01343	0.00801	0.01083	0.00660	0.00394	0.00427	0.00131	0.00525	0.00384	0.00209	0.00640
4	0.01765	0.00831	0.01040	0.00816	0.01138	0.00800	0.00668	0.13817	0.12835	0.59058	0.01608	0.01422	0.01052	0.00538	0.00434	0.00135	0.00379	0.00434	0.00504	0.00726
5	0.01037	0.01121	0.02204	0.08953	0.05877	0.04631	0.59669	0.01360	0.01011	0.03458	0.03209	0.01200	0.00750	0.00405	0.00518	0.00143	0.03172	0.00483	0.00230	0.00569
6	0.01084	0.01111	0.04163	0.13090	0.11223	0.04839	0.45054	0.01393	0.01009	0.07636	0.00897	0.01136	0.00670	0.00391	0.00466	0.00137	0.00635	0.00444	0.00239	0.04382
7	0.04519	0.03760	0.13519	0.00937	0.04804	0.00798	0.03787	0.07685	0.01139	0.39647	0.03496	0.03193	0.01014	0.04638	0.00506	0.00144	0.00431	0.00426	0.00393	0.05163
8	0.06035	0.00910	0.01075	0.00988	0.09015	0.00941	0.00721	0.29477	0.09554	0.15571	0.05839	0.04219	0.04658	0.00579	0.00429	0.00131	0.00392	0.02058	0.00405	0.07002
9	0.06289	0.00887	0.02176	0.01256	0.21608	0.03545	0.01908	0.09893	0.13750	0.11833	0.06109	0.10370	0.05748	0.00636	0.00445	0.00139	0.00402	0.02042	0.00364	0.00599
10	0.00989	0.04384	0.03802	0.03247	0.48325	0.00896	0.02953	0.02256	0.02166	0.03939	0.11644	0.06549	0.01271	0.00516	0.00435	0.00128	0.00445	0.00479	0.00275	0.05300
11	0.07229	0.00895	0.01195	0.06284	0.25752	0.02678	0.00859	0.05543	0.13932	0.16555	0.06918	0.01338	0.01071	0.00486	0.00415	0.00128	0.00415	0.00415	0.00344	0.07546
12	0.06501	0.01054	0.07978	0.01710	0.38329	0.00922	0.06310	0.05906	0.01030	0.09294	0.00888	0.01043	0.00688	0.00396	0.00402	0.00119	0.00474	0.00359	0.00265	0.16331

[dist]
# distance from previous block
# <min> <max>
0	101

# created by:
# /st0/software/busco_prod/Augustus/scripts/msa2prfl.pl ./align_prep/141493.fa
