[name]
unknown

[dist]
# distance from previous block
# <min> <max>
0	6

[block]
# block no. 0 follows, 56 sequences, length 31
# corresponding to MSA columns:
# 27-57
name=unknown_A
#
# <colnr> <probs for GDERKNQSTAVLIFYWHMCP>
#	G	D	E	R	K	N	Q	S	T	A	V	L	I	F	Y	W	H	M	C	P
0	0.00830	0.00544	0.00763	0.00837	0.00959	0.00542	0.00725	0.01036	0.01057	0.07096	0.02316	0.04721	0.02446	0.01346	0.05405	0.00237	0.00468	0.67802	0.00423	0.00448
1	0.01743	0.01351	0.01372	0.01065	0.01423	0.07211	0.00874	0.73896	0.02097	0.02766	0.01074	0.01083	0.00767	0.00546	0.00456	0.00136	0.00528	0.00405	0.00443	0.00763
2	0.01177	0.01009	0.01176	0.01014	0.01290	0.01137	0.06387	0.10282	0.61743	0.01957	0.01755	0.01819	0.01359	0.00636	0.00481	0.00157	0.00411	0.05056	0.00447	0.00707
3	0.00923	0.00787	0.01296	0.72041	0.02854	0.00958	0.01168	0.01199	0.00923	0.05861	0.00920	0.01372	0.00719	0.06454	0.00594	0.00173	0.00587	0.00430	0.00231	0.00509
4	0.00850	0.00537	0.00687	0.06524	0.00827	0.05240	0.00485	0.00725	0.00680	0.00874	0.00892	0.01446	0.02214	0.03246	0.01574	0.69922	0.00433	0.00410	0.02181	0.00252
5	0.00656	0.00492	0.00738	0.00738	0.00820	0.00574	0.00574	0.00820	0.00738	0.01066	0.01230	0.01804	0.01148	0.03443	0.82046	0.00738	0.01230	0.00492	0.00246	0.00410
6	0.00952	0.00816	0.00952	0.00680	0.01088	0.00612	0.00544	0.01156	0.00952	0.01496	0.00816	0.00952	0.00680	0.00340	0.00340	0.00068	0.00340	0.00272	0.00272	0.86672
7	0.00565	0.00444	0.00508	0.00549	0.00650	0.00392	0.00395	0.00674	0.00990	0.01241	0.07149	0.32433	0.44706	0.03148	0.00603	0.00175	0.00257	0.04313	0.00426	0.00383
8	0.00660	0.00486	0.00717	0.00717	0.00791	0.00560	0.00548	0.00804	0.00729	0.01047	0.01236	0.01883	0.01179	0.09368	0.74326	0.02651	0.01153	0.00503	0.00247	0.00395
9	0.01075	0.01201	0.02561	0.06757	0.08969	0.01147	0.68280	0.01448	0.01071	0.01456	0.00917	0.01229	0.00694	0.00393	0.00530	0.00153	0.00746	0.00523	0.00230	0.00622
10	0.01035	0.01015	0.01815	0.25870	0.43749	0.01061	0.13407	0.01333	0.01022	0.01411	0.03284	0.01247	0.00798	0.00436	0.00472	0.00144	0.00590	0.00442	0.00230	0.00638
11	0.87108	0.00888	0.00675	0.00604	0.00888	0.01030	0.00497	0.01350	0.00781	0.02060	0.00639	0.00746	0.00497	0.00426	0.00284	0.00142	0.00355	0.00249	0.00284	0.00497
12	0.11725	0.02036	0.01228	0.01115	0.01357	0.72528	0.00841	0.01777	0.01240	0.01233	0.00701	0.00818	0.00580	0.00468	0.00399	0.00121	0.00772	0.00290	0.00242	0.00528
13	0.00952	0.00816	0.00952	0.00680	0.01088	0.00612	0.00544	0.01156	0.00952	0.01496	0.00816	0.00952	0.00680	0.00340	0.00340	0.00068	0.00340	0.00272	0.00272	0.86672
14	0.01084	0.01238	0.02709	0.01935	0.02399	0.01161	0.79334	0.01471	0.01084	0.01471	0.00929	0.01238	0.00697	0.00387	0.00542	0.00155	0.00774	0.00542	0.00232	0.00619
15	0.00584	0.00437	0.00623	0.03033	0.00790	0.00415	0.02845	0.00680	0.00886	0.01181	0.02433	0.78707	0.02896	0.01378	0.00581	0.00185	0.00292	0.01256	0.00414	0.00384
16	0.00867	0.00816	0.01377	0.82762	0.03162	0.01020	0.01275	0.01173	0.00918	0.01173	0.00816	0.01224	0.00612	0.00459	0.00459	0.00153	0.00612	0.00408	0.00204	0.00510
17	0.00611	0.00468	0.00559	0.00536	0.00662	0.00416	0.00402	0.00790	0.01207	0.01621	0.52916	0.03791	0.32312	0.01021	0.00542	0.00148	0.00222	0.00881	0.00476	0.00416
18	0.00667	0.00448	0.00514	0.00514	0.00518	0.00452	0.00295	0.00676	0.00672	0.00900	0.01435	0.02938	0.01640	0.79408	0.06754	0.00461	0.00489	0.00658	0.00276	0.00285
19	0.00559	0.00400	0.00533	0.00639	0.00666	0.00373	0.00426	0.00639	0.00879	0.01172	0.02530	0.83566	0.03036	0.01438	0.00586	0.00186	0.00266	0.01305	0.00426	0.00373
20	0.00962	0.00825	0.00957	0.00694	0.01094	0.00641	0.00554	0.01226	0.05257	0.01519	0.00873	0.00993	0.00719	0.00355	0.00347	0.00073	0.00341	0.00285	0.00283	0.82001
21	0.01679	0.08297	0.01383	0.01153	0.01401	0.76043	0.00879	0.01799	0.01274	0.01120	0.00704	0.00821	0.00591	0.00467	0.00405	0.00117	0.00803	0.00292	0.00234	0.00536
22	0.00667	0.00446	0.00507	0.00507	0.00509	0.00448	0.00286	0.00672	0.00669	0.00895	0.01441	0.02973	0.01655	0.81743	0.04441	0.00453	0.00466	0.00663	0.00277	0.00282
23	0.00793	0.00400	0.00595	0.00595	0.00595	0.00400	0.00395	0.00600	0.00600	0.00801	0.00820	0.01450	0.00827	0.04397	0.01813	0.83707	0.00400	0.00408	0.00202	0.00202
24	0.00695	0.00496	0.00688	0.00794	0.00880	0.00490	0.00662	0.00874	0.01013	0.01324	0.02456	0.24667	0.02740	0.01311	0.00622	0.00205	0.00384	0.58866	0.00424	0.00410
25	0.01136	0.01091	0.01863	0.02818	0.81002	0.01091	0.01409	0.01409	0.01045	0.01500	0.00864	0.01136	0.00727	0.00409	0.00455	0.00136	0.00545	0.00409	0.00227	0.00727
26	0.00573	0.00417	0.00543	0.00639	0.00686	0.00388	0.00445	0.00668	0.00912	0.01196	0.02743	0.68611	0.11101	0.01395	0.00586	0.00185	0.00276	0.07832	0.00426	0.00379
27	0.00613	0.00463	0.00566	0.00550	0.00666	0.00416	0.00409	0.00792	0.01198	0.01624	0.53694	0.09462	0.25792	0.01038	0.00545	0.00150	0.00225	0.00903	0.00477	0.00416
28	0.01038	0.00971	0.01540	0.44830	0.29335	0.03765	0.02556	0.01356	0.03875	0.03665	0.00894	0.01205	0.00696	0.00456	0.00475	0.00147	0.01948	0.00412	0.00234	0.00602
29	0.02615	0.00943	0.01016	0.00757	0.01143	0.05145	0.00606	0.09156	0.03641	0.04708	0.00908	0.01005	0.00723	0.00388	0.00364	0.00085	0.00386	0.00302	0.00307	0.65804
30	0.01114	0.13961	0.15990	0.01338	0.14366	0.01107	0.08254	0.04754	0.08361	0.06325	0.03930	0.04708	0.01028	0.01646	0.01520	0.00150	0.03992	0.01555	0.00293	0.05610

[dist]
# distance from previous block
# <min> <max>
3	5

[block]
# block no. 1 follows, 56 sequences, length 46
# corresponding to MSA columns:
# 64-109
name=unknown_B
#
# <colnr> <probs for GDERKNQSTAVLIFYWHMCP>
#	G	D	E	R	K	N	Q	S	T	A	V	L	I	F	Y	W	H	M	C	P
0	0.00930	0.00782	0.00993	0.03137	0.03079	0.00624	0.03177	0.01129	0.00956	0.03081	0.01062	0.11631	0.00993	0.00493	0.00387	0.00092	0.00359	0.00425	0.00294	0.66376
1	0.01088	0.02732	0.04774	0.01428	0.26138	0.02852	0.02032	0.03065	0.03578	0.03694	0.00894	0.01051	0.00725	0.00391	0.00394	0.00102	0.00446	0.00338	0.00270	0.44009
2	0.01649	0.04477	0.01325	0.01158	0.01390	0.72674	0.00880	0.03726	0.01276	0.01165	0.00727	0.00863	0.00610	0.00559	0.02496	0.00137	0.03807	0.00306	0.00240	0.00536
3	0.00650	0.00511	0.00678	0.00618	0.00756	0.00466	0.04011	0.00866	0.02617	0.01664	0.55338	0.04839	0.23314	0.00972	0.00541	0.00148	0.00249	0.00854	0.00471	0.00434
4	0.00700	0.00481	0.00627	0.00584	0.00702	0.00441	0.00440	0.00913	0.01294	0.04806	0.75928	0.03384	0.06093	0.00930	0.00539	0.00145	0.00224	0.00820	0.00506	0.00445
5	0.01043	0.01286	0.12611	0.01632	0.05365	0.01111	0.45572	0.01559	0.13338	0.01511	0.01135	0.04334	0.00916	0.00507	0.00558	0.00157	0.04234	0.02227	0.00273	0.00630
6	0.00668	0.00445	0.00501	0.00501	0.00501	0.00445	0.00278	0.00668	0.00668	0.00890	0.01447	0.03004	0.01669	0.83866	0.02337	0.00445	0.00445	0.00668	0.00278	0.00278
7	0.01125	0.01057	0.05527	0.01086	0.01269	0.04055	0.06272	0.13467	0.01105	0.06075	0.02309	0.01833	0.11190	0.00772	0.00921	0.00173	0.34700	0.06190	0.00314	0.00559
8	0.00843	0.00502	0.00564	0.00536	0.00664	0.00501	0.00406	0.01155	0.08214	0.03944	0.28881	0.02300	0.02284	0.00683	0.00414	0.00125	0.00233	0.00576	0.46710	0.00466
9	0.01628	0.01217	0.01315	0.01001	0.01374	0.01304	0.00824	0.67935	0.01981	0.02688	0.01060	0.01080	0.00766	0.00520	0.00442	0.00128	0.00481	0.00393	0.00432	0.13432
10	0.00809	0.00639	0.00785	0.02627	0.01010	0.02564	0.00705	0.01188	0.14219	0.01443	0.03713	0.08083	0.07901	0.01119	0.00587	0.00192	0.00402	0.51117	0.00423	0.00473
11	0.07650	0.01966	0.56135	0.01399	0.04454	0.01069	0.15441	0.01472	0.00988	0.03992	0.00860	0.01024	0.00618	0.00430	0.00445	0.00146	0.00657	0.00374	0.00220	0.00659
12	0.00740	0.00528	0.00740	0.00845	0.00951	0.00528	0.00740	0.00951	0.01057	0.01374	0.02431	0.05179	0.02642	0.01268	0.00634	0.00211	0.00423	0.77912	0.00423	0.00423
13	0.01194	0.01012	0.01068	0.00945	0.01214	0.01166	0.00739	0.09146	0.73380	0.02005	0.01802	0.01660	0.01347	0.00617	0.00466	0.00154	0.00376	0.00510	0.00466	0.00731
14	0.01118	0.09374	0.01699	0.14820	0.39909	0.09544	0.05049	0.01383	0.02215	0.01390	0.06035	0.01355	0.00977	0.00483	0.00450	0.00137	0.00564	0.02625	0.00249	0.00626
15	0.00812	0.00748	0.02962	0.00948	0.02734	0.00882	0.02656	0.00973	0.02767	0.01134	0.03320	0.05313	0.02674	0.13237	0.27735	0.00402	0.29460	0.00535	0.00257	0.00449
16	0.01227	0.84142	0.02406	0.00786	0.01178	0.01817	0.00786	0.01375	0.00933	0.01080	0.00638	0.00736	0.00589	0.00393	0.00295	0.00098	0.00491	0.00245	0.00196	0.00589
17	0.00587	0.00467	0.00526	0.00511	0.00647	0.00406	0.00383	0.00744	0.01150	0.01487	0.35908	0.04012	0.49405	0.01071	0.00542	0.00151	0.00226	0.00912	0.00459	0.00406
18	0.01073	0.01077	0.03975	0.14350	0.60271	0.01078	0.04636	0.01355	0.01016	0.01433	0.00926	0.01210	0.02286	0.00442	0.00490	0.00142	0.02913	0.00423	0.00226	0.00676
19	0.01699	0.02122	0.01344	0.01198	0.01447	0.76199	0.03097	0.05238	0.01333	0.01211	0.00733	0.00852	0.00603	0.00474	0.00420	0.00120	0.00812	0.00308	0.00246	0.00546
20	0.00656	0.00492	0.00738	0.00738	0.00820	0.00574	0.00574	0.00820	0.00738	0.01066	0.01230	0.01804	0.01148	0.03443	0.82046	0.00738	0.01230	0.00492	0.00246	0.00410
21	0.00566	0.00406	0.00539	0.00643	0.00676	0.00379	0.00437	0.00652	0.00890	0.01182	0.02578	0.78506	0.04910	0.01425	0.00587	0.00187	0.00272	0.04363	0.00426	0.00375
22	0.00940	0.03841	0.71364	0.04285	0.04206	0.01083	0.01614	0.01483	0.04320	0.01457	0.00865	0.01010	0.00622	0.00443	0.00436	0.00145	0.00655	0.00349	0.00207	0.00674
23	0.01134	0.01096	0.01894	0.02786	0.78145	0.01093	0.04241	0.01411	0.01047	0.01499	0.00866	0.01140	0.00726	0.00408	0.00458	0.00137	0.00554	0.00414	0.00227	0.00723
24	0.00543	0.00465	0.00465	0.00465	0.00620	0.00388	0.00349	0.00659	0.01046	0.01240	0.04651	0.04418	0.80815	0.01163	0.00543	0.00155	0.00233	0.00969	0.00426	0.00388
25	0.00656	0.00492	0.00738	0.00738	0.00820	0.00574	0.00574	0.00820	0.00738	0.01066	0.01230	0.01804	0.01148	0.03443	0.82046	0.00738	0.01230	0.00492	0.00246	0.00410
26	0.02572	0.10257	0.02865	0.01822	0.34811	0.36129	0.01104	0.01584	0.01134	0.01295	0.00766	0.00951	0.00647	0.00441	0.00433	0.00126	0.01873	0.00340	0.00228	0.00621
27	0.00601	0.00459	0.00552	0.00547	0.00661	0.00410	0.00403	0.00765	0.01158	0.01547	0.44370	0.14146	0.30554	0.01081	0.00548	0.00154	0.00229	0.00940	0.00468	0.00410
28	0.01014	0.04355	0.01221	0.01142	0.15697	0.02174	0.00767	0.01267	0.04557	0.01447	0.00857	0.01038	0.00723	0.00498	0.02796	0.00117	0.07571	0.00325	0.00262	0.52172
29	0.00718	0.00545	0.00672	0.00601	0.00763	0.00492	0.00457	0.00982	0.05199	0.01758	0.58880	0.02990	0.07750	0.00837	0.00503	0.00133	0.00243	0.00730	0.02675	0.13072
30	0.00861	0.00557	0.00711	0.00704	0.04605	0.00505	0.00509	0.02322	0.01220	0.12772	0.39165	0.03380	0.25917	0.00934	0.00529	0.00149	0.00274	0.03924	0.00474	0.00488
31	0.01128	0.35993	0.16325	0.01344	0.12286	0.03673	0.09383	0.01380	0.00950	0.01250	0.00730	0.00924	0.00620	0.00460	0.00535	0.00132	0.11731	0.00338	0.00206	0.00614
32	0.00646	0.00469	0.00609	0.00574	0.00684	0.00432	0.00430	0.00860	0.01291	0.01822	0.78310	0.03461	0.06793	0.00946	0.00542	0.00145	0.00217	0.00835	0.00503	0.00432
33	0.00995	0.01133	0.08236	0.56161	0.07421	0.11854	0.01226	0.01289	0.00993	0.01239	0.03096	0.01215	0.00730	0.00471	0.00451	0.00146	0.00624	0.00400	0.01783	0.00537
34	0.01255	0.01042	0.01102	0.00957	0.01237	0.01195	0.00754	0.16872	0.65555	0.02103	0.01725	0.01598	0.01285	0.00609	0.00466	0.00152	0.00390	0.00499	0.00466	0.00737
35	0.00994	0.00982	0.06638	0.49443	0.12084	0.01034	0.02672	0.03554	0.10594	0.03737	0.03155	0.01322	0.00842	0.00489	0.00462	0.00150	0.00561	0.00433	0.00264	0.00589
36	0.00577	0.00506	0.00495	0.00494	0.00645	0.02399	0.00369	0.00698	0.01060	0.01266	0.08401	0.06743	0.72486	0.01143	0.00541	0.00155	0.00247	0.00956	0.00426	0.00393
37	0.01415	0.01068	0.13930	0.04321	0.09730	0.02043	0.03132	0.01713	0.04198	0.35873	0.10840	0.01731	0.03324	0.00598	0.00500	0.00146	0.02579	0.01766	0.00418	0.00674
38	0.00898	0.00816	0.06946	0.00873	0.01053	0.05385	0.03931	0.05161	0.02956	0.06006	0.02072	0.32480	0.03334	0.01075	0.00556	0.00177	0.00420	0.23658	0.00397	0.01806
39	0.84897	0.00890	0.00684	0.00612	0.00896	0.01033	0.00503	0.01378	0.02823	0.02056	0.00671	0.00771	0.00520	0.00431	0.00289	0.00142	0.00355	0.00256	0.00289	0.00503
40	0.02110	0.03894	0.14472	0.14345	0.39128	0.01061	0.02568	0.04018	0.02396	0.02404	0.00885	0.01128	0.00706	0.00513	0.02765	0.00153	0.00577	0.00389	0.00238	0.06253
41	0.00888	0.00700	0.00758	0.00723	0.00871	0.00765	0.00528	0.01543	0.38510	0.01508	0.02019	0.11059	0.07254	0.21321	0.00941	0.00228	0.00355	0.02792	0.06714	0.00524
42	0.00999	0.01077	0.08883	0.25709	0.41717	0.01031	0.01303	0.01308	0.02309	0.01381	0.02894	0.01265	0.00810	0.01981	0.03268	0.00170	0.02615	0.00422	0.00229	0.00628
43	0.01025	0.00959	0.02949	0.36227	0.25070	0.01013	0.07975	0.02517	0.00999	0.04259	0.00911	0.01263	0.00724	0.00513	0.01935	0.00155	0.02936	0.01820	0.00239	0.06510
44	0.02515	0.34578	0.12687	0.00922	0.01292	0.06364	0.05564	0.05416	0.01063	0.06882	0.04161	0.04212	0.00926	0.00527	0.00425	0.02651	0.00504	0.00382	0.04883	0.04046
45	0.02988	0.02170	0.08719	0.08281	0.04349	0.00839	0.11264	0.03152	0.05119	0.02867	0.04602	0.06218	0.06229	0.02814	0.05061	0.00173	0.02983	0.00503	0.00296	0.21372

[dist]
# distance from previous block
# <min> <max>
0	4

[block]
# block no. 2 follows, 56 sequences, length 34
# corresponding to MSA columns:
# 115-148
name=unknown_C
#
# <colnr> <probs for GDERKNQSTAVLIFYWHMCP>
#	G	D	E	R	K	N	Q	S	T	A	V	L	I	F	Y	W	H	M	C	P
0	0.60828	0.00978	0.00993	0.00916	0.06511	0.04103	0.06885	0.03479	0.00899	0.04398	0.00745	0.00881	0.00579	0.00496	0.01999	0.00153	0.01828	0.00304	0.00285	0.02739
1	0.00803	0.00631	0.00809	0.00770	0.00883	0.03458	0.00598	0.03356	0.04912	0.02955	0.01324	0.01810	0.03252	0.06458	0.58298	0.00578	0.04555	0.00495	0.01761	0.02294
2	0.00596	0.00463	0.00542	0.00532	0.00655	0.00409	0.00395	0.00758	0.01157	0.01527	0.41414	0.09465	0.38292	0.01073	0.00545	0.00152	0.00227	0.00925	0.00465	0.00409
3	0.00760	0.00623	0.00728	0.00736	0.04602	0.00621	0.00528	0.02528	0.17991	0.01621	0.28562	0.03263	0.30734	0.00978	0.02240	0.00164	0.00299	0.02075	0.00448	0.00499
4	0.01135	0.01095	0.01889	0.02791	0.78604	0.01093	0.03786	0.01411	0.01047	0.01499	0.00866	0.01139	0.00726	0.00408	0.00457	0.00137	0.00552	0.00413	0.00227	0.00724
5	0.03987	0.28873	0.35085	0.04523	0.06487	0.02455	0.01208	0.01396	0.00952	0.03567	0.00817	0.02332	0.00664	0.00531	0.02508	0.00147	0.03292	0.00338	0.00217	0.00622
6	0.01162	0.66488	0.16699	0.00877	0.01322	0.01640	0.00943	0.01382	0.00940	0.01162	0.00678	0.00786	0.00591	0.00399	0.00322	0.00106	0.00520	0.00263	0.00198	0.03523
7	0.01227	0.84142	0.02406	0.00786	0.01178	0.01817	0.00786	0.01375	0.00933	0.01080	0.00638	0.00736	0.00589	0.00393	0.00295	0.00098	0.00491	0.00245	0.00196	0.00589
8	0.00722	0.00579	0.02780	0.03109	0.00831	0.00541	0.00509	0.01987	0.04509	0.02728	0.23936	0.03042	0.16166	0.17444	0.12585	0.00292	0.00461	0.04696	0.00381	0.02703
9	0.01086	0.01039	0.01772	0.17875	0.66341	0.01077	0.01384	0.01365	0.01021	0.01438	0.00855	0.01153	0.00706	0.00418	0.00455	0.00139	0.00558	0.00409	0.00223	0.00686
10	0.00696	0.00639	0.04243	0.14557	0.01200	0.00622	0.00667	0.00913	0.03092	0.01333	0.15782	0.17673	0.18378	0.01231	0.09377	0.00224	0.04435	0.02569	0.01926	0.00444
11	0.02060	0.00781	0.01065	0.00817	0.01172	0.00675	0.00675	0.02237	0.01314	0.81320	0.01811	0.01563	0.01136	0.00568	0.00462	0.00142	0.00391	0.00462	0.00568	0.00781
12	0.00648	0.00477	0.00674	0.00681	0.00748	0.00532	0.00505	0.00776	0.00746	0.01048	0.01474	0.07249	0.04254	0.17167	0.60149	0.00631	0.00997	0.00591	0.00269	0.00384
13	0.00725	0.00488	0.00626	0.00581	0.00709	0.00443	0.00439	0.00929	0.01274	0.06626	0.68127	0.03417	0.11993	0.00939	0.00537	0.00145	0.00229	0.00822	0.00501	0.00450
14	0.01042	0.00894	0.00970	0.00909	0.03573	0.03087	0.00682	0.03952	0.49439	0.02778	0.14337	0.02168	0.09752	0.00720	0.00522	0.00153	0.03344	0.00596	0.00447	0.00636
15	0.00599	0.00431	0.00567	0.00663	0.00704	0.00413	0.00462	0.00722	0.02969	0.01201	0.02455	0.69339	0.02891	0.05020	0.00665	0.00200	0.00294	0.09602	0.00420	0.00383
16	0.00980	0.02526	0.02124	0.00744	0.01129	0.02053	0.03045	0.01186	0.00970	0.03454	0.00949	0.04742	0.00833	0.00420	0.00368	0.00083	0.00369	0.01926	0.00285	0.71815
17	0.03205	0.03813	0.01661	0.19970	0.48508	0.01080	0.03240	0.01409	0.06833	0.01460	0.02581	0.02463	0.00849	0.00461	0.00453	0.00142	0.00535	0.00433	0.00249	0.00655
18	0.20045	0.35163	0.09999	0.00839	0.01197	0.02993	0.00803	0.04817	0.12576	0.01535	0.00893	0.00984	0.00727	0.00619	0.04955	0.00159	0.00511	0.00318	0.00270	0.00595
19	0.00972	0.01506	0.32799	0.01288	0.02960	0.03694	0.18481	0.01405	0.06082	0.03046	0.06395	0.01891	0.01238	0.04182	0.00591	0.00169	0.01734	0.10688	0.00284	0.00597
20	0.01213	0.01279	0.13494	0.01681	0.28123	0.01146	0.04461	0.16304	0.18517	0.02978	0.03474	0.01305	0.00970	0.00512	0.00486	0.00145	0.02428	0.00442	0.00331	0.00712
21	0.00668	0.00445	0.00501	0.00501	0.00501	0.00445	0.00278	0.00668	0.00668	0.00890	0.01447	0.03004	0.01669	0.83866	0.02337	0.00445	0.00445	0.00668	0.00278	0.00278
22	0.00971	0.01559	0.37023	0.01318	0.10469	0.01011	0.05199	0.01602	0.20116	0.01620	0.11975	0.01517	0.01313	0.00549	0.00481	0.00148	0.01696	0.00468	0.00308	0.00657
23	0.00665	0.00455	0.00550	0.00550	0.00567	0.00472	0.00339	0.00699	0.00682	0.00926	0.01402	0.02756	0.01561	0.67247	0.18808	0.00506	0.00607	0.00631	0.00272	0.00305
24	0.00952	0.00816	0.00952	0.00680	0.01088	0.00612	0.00544	0.01156	0.00952	0.01496	0.00816	0.00952	0.00680	0.00340	0.00340	0.00068	0.00340	0.00272	0.00272	0.86672
25	0.01271	0.52459	0.11984	0.00989	0.03107	0.15388	0.02512	0.03106	0.01032	0.01201	0.00699	0.00813	0.00600	0.00414	0.00346	0.00110	0.00575	0.00280	0.00212	0.02901
26	0.00579	0.00433	0.00532	0.00592	0.00663	0.00395	0.00416	0.00683	0.00958	0.01243	0.09647	0.46636	0.23770	0.05938	0.00672	0.00190	0.00272	0.05579	0.00424	0.00379
27	0.00721	0.03093	0.00580	0.00526	0.00563	0.00515	0.00324	0.00808	0.04148	0.01046	0.03442	0.04252	0.01670	0.66326	0.01928	0.00378	0.00413	0.00642	0.08301	0.00327
28	0.04817	0.05434	0.16701	0.01134	0.09514	0.02230	0.05304	0.04472	0.05924	0.07024	0.01052	0.01151	0.02779	0.00439	0.00404	0.00116	0.00475	0.00364	0.00290	0.30375
29	0.03928	0.09122	0.20823	0.01556	0.24895	0.09960	0.01161	0.06666	0.03719	0.04080	0.05538	0.01169	0.00904	0.00471	0.00427	0.00132	0.00556	0.00384	0.00271	0.04239
30	0.03121	0.17589	0.24290	0.02713	0.22230	0.01188	0.01182	0.05321	0.07078	0.04773	0.04061	0.02650	0.00904	0.00484	0.00422	0.00135	0.00529	0.00397	0.00271	0.00665
31	0.03538	0.05841	0.19068	0.01440	0.19113	0.08317	0.03931	0.08732	0.05084	0.11212	0.07098	0.01343	0.02235	0.00514	0.00447	0.00138	0.00540	0.00428	0.00319	0.00666
32	0.04442	0.09307	0.21538	0.04698	0.27322	0.03969	0.06839	0.03204	0.04615	0.04915	0.00955	0.01203	0.00764	0.02240	0.00478	0.00146	0.00574	0.01878	0.00254	0.00659
33	0.01175	0.10875	0.16473	0.01632	0.24657	0.03705	0.09776	0.07058	0.04616	0.06039	0.01060	0.05024	0.00884	0.00506	0.00450	0.00139	0.00557	0.02232	0.00280	0.02862

[dist]
# distance from previous block
# <min> <max>
1	7

[block]
# block no. 3 follows, 56 sequences, length 6
# corresponding to MSA columns:
# 156-161
name=unknown_D
#
# <colnr> <probs for GDERKNQSTAVLIFYWHMCP>
#	G	D	E	R	K	N	Q	S	T	A	V	L	I	F	Y	W	H	M	C	P
0	0.02825	0.12650	0.28434	0.01497	0.18328	0.02938	0.07952	0.02991	0.01057	0.06481	0.03698	0.01427	0.00942	0.00511	0.00447	0.00142	0.00574	0.06197	0.00264	0.00646
1	0.01201	0.01292	0.11990	0.04764	0.52866	0.05911	0.01314	0.04359	0.01099	0.05940	0.00907	0.01114	0.00719	0.00429	0.00446	0.00134	0.00563	0.00391	0.00252	0.04309
2	0.01389	0.01012	0.01173	0.01003	0.03532	0.04417	0.03411	0.29105	0.11726	0.13399	0.04318	0.05111	0.05662	0.00783	0.03620	0.00171	0.03588	0.04055	0.00428	0.02098
3	0.00757	0.00612	0.00900	0.04018	0.06990	0.00608	0.06008	0.05369	0.01028	0.01366	0.05522	0.31946	0.11335	0.04083	0.05476	0.00217	0.00430	0.12501	0.00378	0.00456
4	0.03736	0.30114	0.19484	0.03795	0.14732	0.06784	0.04079	0.07265	0.01076	0.01421	0.00825	0.03229	0.00695	0.00454	0.00395	0.00127	0.00569	0.00355	0.00234	0.00632
5	0.01114	0.12023	0.47105	0.01248	0.01792	0.04671	0.11727	0.01516	0.01040	0.09033	0.03873	0.01118	0.00790	0.00457	0.00438	0.00139	0.00630	0.00383	0.00248	0.00654

[dist]
# distance from previous block
# <min> <max>
0	1

[block]
# block no. 4 follows, 56 sequences, length 9
# corresponding to MSA columns:
# 163-171
name=unknown_E
#
# <colnr> <probs for GDERKNQSTAVLIFYWHMCP>
#	G	D	E	R	K	N	Q	S	T	A	V	L	I	F	Y	W	H	M	C	P
0	0.01413	0.00819	0.01083	0.00955	0.04287	0.00823	0.03784	0.11307	0.12011	0.30885	0.05393	0.07547	0.01505	0.04301	0.03973	0.00191	0.02049	0.06567	0.00458	0.00651
1	0.01212	0.01147	0.07156	0.06112	0.52198	0.01069	0.05639	0.04623	0.06199	0.08618	0.01020	0.01208	0.00792	0.00445	0.00460	0.00141	0.00543	0.00424	0.00279	0.00714
2	0.03056	0.08026	0.11205	0.01877	0.35240	0.05262	0.11034	0.06492	0.01135	0.06934	0.02679	0.01231	0.02845	0.00462	0.00449	0.00137	0.00568	0.00422	0.00272	0.00674
3	0.22908	0.10626	0.12933	0.01019	0.03371	0.17700	0.04152	0.08980	0.03847	0.05218	0.00973	0.02883	0.02570	0.00497	0.00393	0.00135	0.00548	0.00363	0.00290	0.00594
4	0.00785	0.00660	0.00808	0.00771	0.00819	0.04076	0.00570	0.00921	0.04058	0.01071	0.01335	0.09854	0.01415	0.28960	0.23461	0.00421	0.16915	0.02422	0.00278	0.00400
5	0.01093	0.01200	0.07642	0.07881	0.42889	0.04751	0.13593	0.01449	0.05591	0.01480	0.04722	0.01271	0.00904	0.00463	0.00502	0.00144	0.03067	0.00446	0.00251	0.00662
6	0.05321	0.10724	0.14638	0.06090	0.17786	0.11512	0.05237	0.04730	0.02360	0.07810	0.05936	0.02779	0.00991	0.00509	0.00436	0.00137	0.00560	0.01533	0.00285	0.00627
7	0.00776	0.00669	0.05902	0.00752	0.03924	0.00616	0.00544	0.06468	0.00849	0.01174	0.03864	0.02343	0.01439	0.44207	0.24074	0.00463	0.00679	0.00574	0.00282	0.00399
8	0.00823	0.00647	0.00847	0.00905	0.07425	0.00654	0.03088	0.03066	0.15968	0.03129	0.11049	0.28570	0.11672	0.00993	0.00528	0.00164	0.00330	0.05827	0.03806	0.00508

[dist]
# distance from previous block
# <min> <max>
2	4

[block]
# block no. 5 follows, 56 sequences, length 11
# corresponding to MSA columns:
# 176-186
name=unknown_F
#
# <colnr> <probs for GDERKNQSTAVLIFYWHMCP>
#	G	D	E	R	K	N	Q	S	T	A	V	L	I	F	Y	W	H	M	C	P
0	0.06013	0.01277	0.04229	0.04912	0.39078	0.15487	0.01106	0.11711	0.01218	0.01638	0.02586	0.01234	0.03596	0.00484	0.00438	0.00134	0.00558	0.00407	0.03244	0.00649
1	0.01266	0.15428	0.06806	0.01660	0.27514	0.12121	0.05536	0.08800	0.11000	0.01542	0.00945	0.01087	0.00760	0.00467	0.00461	0.00134	0.03153	0.00383	0.00272	0.00666
2	0.01052	0.01011	0.06859	0.40000	0.06909	0.02908	0.03923	0.04382	0.11289	0.06398	0.02979	0.01486	0.00936	0.00544	0.00514	0.00154	0.03992	0.03787	0.00289	0.00588
3	0.01034	0.00876	0.01048	0.05225	0.03445	0.00779	0.00660	0.08472	0.07471	0.01642	0.03009	0.01113	0.00839	0.00417	0.00403	0.00093	0.02304	0.00334	0.00305	0.60530
4	0.54339	0.10227	0.01010	0.00732	0.01029	0.09133	0.00609	0.10393	0.01027	0.03936	0.00758	0.00847	0.00588	0.00449	0.00324	0.00133	0.00430	0.00283	0.03203	0.00548
5	0.00721	0.03424	0.00717	0.00668	0.00792	0.00591	0.00507	0.01043	0.13174	0.01450	0.21128	0.19080	0.14778	0.05683	0.06495	0.00220	0.00366	0.08289	0.00422	0.00454
6	0.01009	0.00850	0.00983	0.00707	0.01112	0.00670	0.00568	0.06786	0.01039	0.01596	0.00837	0.00963	0.00687	0.00355	0.00349	0.00073	0.00352	0.00282	0.00285	0.80497
7	0.44895	0.01049	0.00920	0.00768	0.01080	0.07197	0.00620	0.14783	0.07427	0.04207	0.00878	0.00941	0.00668	0.00459	0.00351	0.00130	0.00416	0.00311	0.00331	0.12567
8	0.00797	0.00399	0.00598	0.00598	0.00598	0.00399	0.00399	0.00598	0.00598	0.00797	0.00797	0.01396	0.00797	0.01595	0.01794	0.86643	0.00399	0.00399	0.00199	0.00199
9	0.00666	0.00454	0.00543	0.00543	0.00558	0.00468	0.00331	0.00695	0.00680	0.00922	0.01407	0.02788	0.01575	0.69383	0.16691	0.00498	0.00586	0.00636	0.00272	0.00302
10	0.05186	0.01072	0.01233	0.13416	0.03937	0.02661	0.00871	0.35247	0.15823	0.04023	0.03927	0.01373	0.02884	0.00570	0.00490	0.00144	0.03380	0.00446	0.00393	0.02926

[dist]
# distance from previous block
# <min> <max>
0	2

# created by:
# /st0/software/busco_prod/Augustus/scripts/msa2prfl.pl ./align_prep/141961.fa
