[name]
unknown

[dist]
# distance from previous block
# <min> <max>
1	57

[block]
# block no. 0 follows, 53 sequences, length 23
# corresponding to MSA columns:
# 96-118
name=unknown_A
#
# <colnr> <probs for GDERKNQSTAVLIFYWHMCP>
#	G	D	E	R	K	N	Q	S	T	A	V	L	I	F	Y	W	H	M	C	P
0	0.05078	0.01058	0.01187	0.00986	0.01297	0.05125	0.04094	0.12930	0.34016	0.22331	0.03657	0.03504	0.01301	0.00625	0.00481	0.00154	0.00443	0.00515	0.00482	0.00738
1	0.01011	0.15745	0.67911	0.01273	0.01931	0.01238	0.01611	0.01500	0.01003	0.01450	0.00826	0.00969	0.00607	0.00447	0.00430	0.00143	0.00674	0.00337	0.00202	0.00691
2	0.01188	0.60795	0.24416	0.00970	0.01463	0.01672	0.01083	0.01454	0.00982	0.01234	0.00719	0.00835	0.00611	0.00422	0.00348	0.00116	0.00566	0.00283	0.00204	0.00639
3	0.01232	0.71916	0.13680	0.00896	0.01347	0.01780	0.00953	0.01443	0.00977	0.01180	0.00692	0.00801	0.00612	0.00415	0.00328	0.00109	0.00539	0.00270	0.00204	0.00627
4	0.00970	0.05314	0.77982	0.01343	0.02039	0.01137	0.01733	0.01511	0.01008	0.01500	0.00851	0.01001	0.00606	0.00453	0.00449	0.00150	0.00700	0.00350	0.00202	0.00703
5	0.00582	0.00416	0.00555	0.00666	0.00693	0.00388	0.00444	0.00666	0.00915	0.01220	0.02634	0.82891	0.03161	0.01497	0.00610	0.00194	0.00277	0.01359	0.00444	0.00388
6	0.01225	0.01102	0.01097	0.00988	0.01257	0.05993	0.00767	0.02502	0.74679	0.01950	0.01873	0.01728	0.01408	0.00639	0.00483	0.00160	0.00407	0.00526	0.00472	0.00744
7	0.00581	0.00421	0.00549	0.00652	0.00690	0.00389	0.00438	0.00667	0.00928	0.01226	0.02803	0.76901	0.09042	0.01475	0.00607	0.00192	0.00275	0.01332	0.00444	0.00389
8	0.00991	0.00850	0.00991	0.00708	0.01133	0.00637	0.00566	0.01203	0.00991	0.01557	0.00850	0.00991	0.00708	0.00354	0.00354	0.00071	0.00354	0.00283	0.00283	0.86124
9	0.00903	0.00850	0.01434	0.82054	0.03292	0.01062	0.01327	0.01221	0.00956	0.01221	0.00850	0.01274	0.00637	0.00478	0.00478	0.00159	0.00637	0.00425	0.00212	0.00531
10	0.02144	0.00813	0.01109	0.00850	0.01220	0.00702	0.00702	0.02329	0.01368	0.80552	0.01886	0.01627	0.01183	0.00592	0.00481	0.00148	0.00407	0.00481	0.00592	0.00813
11	0.01837	0.01307	0.01415	0.01085	0.01467	0.01435	0.00896	0.74051	0.02195	0.07663	0.01192	0.01176	0.00835	0.00575	0.00478	0.00144	0.00519	0.00433	0.00485	0.00813
12	0.00579	0.00485	0.00504	0.00510	0.00663	0.00411	0.00385	0.00707	0.01097	0.01324	0.08201	0.06682	0.71431	0.01212	0.00570	0.00164	0.00250	0.03970	0.00448	0.00407
13	0.01701	0.02143	0.01310	0.01196	0.01430	0.75111	0.00899	0.01828	0.01310	0.01165	0.00780	0.00940	0.00660	0.00729	0.06618	0.00172	0.00894	0.00323	0.00247	0.00544
14	0.01183	0.01136	0.01940	0.02934	0.80221	0.01136	0.01467	0.01467	0.01088	0.01562	0.00899	0.01183	0.00757	0.00426	0.00473	0.00142	0.00568	0.00426	0.00237	0.00757
15	0.00689	0.00518	0.00660	0.00735	0.00855	0.00490	0.00612	0.00866	0.01083	0.01369	0.03292	0.11062	0.27982	0.01298	0.00625	0.00199	0.00363	0.46435	0.00442	0.00424
16	0.00565	0.00484	0.00484	0.00484	0.00646	0.00403	0.00363	0.00686	0.01089	0.01291	0.04842	0.04600	0.80027	0.01210	0.00565	0.00161	0.00242	0.01009	0.00444	0.00403
17	0.01183	0.01136	0.01940	0.02934	0.80221	0.01136	0.01467	0.01467	0.01088	0.01562	0.00899	0.01183	0.00757	0.00426	0.00473	0.00142	0.00568	0.00426	0.00237	0.00757
18	0.00959	0.02472	0.80726	0.01362	0.02069	0.01110	0.01766	0.01514	0.01009	0.01514	0.00858	0.01009	0.00605	0.00454	0.00454	0.00151	0.00706	0.00353	0.00202	0.00706
19	0.00573	0.00451	0.00518	0.00572	0.00669	0.00396	0.00402	0.00676	0.01005	0.01257	0.03770	0.42604	0.42714	0.01350	0.00587	0.00177	0.00259	0.01179	0.00444	0.00396
20	0.00667	0.00463	0.00605	0.00633	0.00715	0.00426	0.00451	0.00819	0.01134	0.03707	0.37889	0.41150	0.07097	0.01223	0.00583	0.00171	0.00256	0.01095	0.00485	0.00429
21	0.00991	0.00850	0.00991	0.00708	0.01133	0.00637	0.00566	0.01203	0.00991	0.01557	0.00850	0.00991	0.00708	0.00354	0.00354	0.00071	0.00354	0.00283	0.00283	0.86124
22	0.01499	0.01268	0.01390	0.01135	0.01370	0.07114	0.00930	0.40874	0.07295	0.02179	0.01018	0.01155	0.00795	0.00658	0.00824	0.00164	0.26919	0.00426	0.02297	0.00688

[dist]
# distance from previous block
# <min> <max>
0	1

[block]
# block no. 1 follows, 53 sequences, length 110
# corresponding to MSA columns:
# 120-191,193-230
name=unknown_B
#
# <colnr> <probs for GDERKNQSTAVLIFYWHMCP>
#	G	D	E	R	K	N	Q	S	T	A	V	L	I	F	Y	W	H	M	C	P
0	0.00685	0.00513	0.00638	0.00606	0.00730	0.00479	0.00454	0.00948	0.05135	0.01820	0.64266	0.05698	0.14221	0.01005	0.00561	0.00154	0.00237	0.00880	0.00511	0.00458
1	0.00903	0.00850	0.01434	0.82054	0.03292	0.01062	0.01327	0.01221	0.00956	0.01221	0.00850	0.01274	0.00637	0.00478	0.00478	0.00159	0.00637	0.00425	0.00212	0.00531
2	0.00661	0.00488	0.00617	0.00585	0.00704	0.00444	0.00439	0.00872	0.01316	0.01829	0.69445	0.03715	0.15088	0.01010	0.00564	0.00152	0.00228	0.00885	0.00515	0.00444
3	0.02144	0.00813	0.01109	0.00850	0.01220	0.00702	0.00702	0.02329	0.01368	0.80552	0.01886	0.01627	0.01183	0.00592	0.00481	0.00148	0.00407	0.00481	0.00592	0.00813
4	0.01618	0.02000	0.01227	0.01122	0.01331	0.68888	0.00826	0.01722	0.01253	0.01132	0.00856	0.01209	0.00788	0.13178	0.00738	0.00175	0.00801	0.00367	0.00253	0.00514
5	0.00965	0.04001	0.79250	0.01352	0.02053	0.01125	0.01748	0.01512	0.01008	0.01506	0.00854	0.01005	0.00606	0.00453	0.00451	0.00150	0.00703	0.00351	0.00202	0.00705
6	0.01687	0.01106	0.01236	0.00966	0.01301	0.01178	0.00791	0.52877	0.01933	0.15526	0.10864	0.01552	0.01343	0.00625	0.00482	0.00143	0.00455	0.00492	0.04693	0.00751
7	0.00903	0.00850	0.01434	0.82054	0.03292	0.01062	0.01327	0.01221	0.00956	0.01221	0.00850	0.01274	0.00637	0.00478	0.00478	0.00159	0.00637	0.00425	0.00212	0.00531
8	0.00981	0.08170	0.75225	0.01324	0.02009	0.01165	0.01699	0.01508	0.01006	0.01486	0.00844	0.00992	0.00606	0.00451	0.00444	0.00148	0.00693	0.00346	0.00202	0.00700
9	0.00582	0.00416	0.00555	0.00666	0.00693	0.00388	0.00444	0.00666	0.00915	0.01220	0.02634	0.82891	0.03161	0.01497	0.00610	0.00194	0.00277	0.01359	0.00444	0.00388
10	0.00578	0.00480	0.00506	0.00509	0.00656	0.00408	0.00378	0.00709	0.01107	0.01356	0.13057	0.09769	0.66431	0.01204	0.00568	0.00162	0.00243	0.01016	0.00453	0.00408
11	0.00587	0.00420	0.00559	0.00662	0.00694	0.00391	0.00444	0.00677	0.00937	0.01254	0.06430	0.78998	0.03227	0.01472	0.00608	0.00192	0.00275	0.01335	0.00448	0.00391
12	0.01696	0.02128	0.01368	0.01234	0.01451	0.71587	0.00938	0.01816	0.01279	0.01167	0.00725	0.00884	0.00617	0.00534	0.00569	0.00134	0.10759	0.00321	0.00242	0.00550
13	0.00891	0.00445	0.00445	0.00445	0.00557	0.00445	0.00334	0.01114	0.01002	0.01782	0.01559	0.01782	0.01225	0.00557	0.00334	0.00111	0.00223	0.00445	0.85856	0.00445
14	0.00891	0.00445	0.00445	0.00445	0.00557	0.00445	0.00334	0.01114	0.01002	0.01782	0.01559	0.01782	0.01225	0.00557	0.00334	0.00111	0.00223	0.00445	0.85856	0.00445
15	0.01216	0.01036	0.01158	0.10835	0.01515	0.01202	0.00841	0.09881	0.62230	0.02005	0.01734	0.01659	0.01295	0.00620	0.00485	0.00160	0.00424	0.00515	0.00452	0.00735
16	0.00959	0.02472	0.80726	0.01362	0.02069	0.01110	0.01766	0.01514	0.01009	0.01514	0.00858	0.01009	0.00605	0.00454	0.00454	0.00151	0.00706	0.00353	0.00202	0.00706
17	0.00695	0.00463	0.00521	0.00521	0.00521	0.00463	0.00290	0.00695	0.00695	0.00927	0.01506	0.03128	0.01738	0.83203	0.02433	0.00463	0.00463	0.00695	0.00290	0.00290
18	0.00565	0.00484	0.00484	0.00484	0.00646	0.00403	0.00363	0.00686	0.01089	0.01291	0.04842	0.04600	0.80027	0.01210	0.00565	0.00161	0.00242	0.01009	0.00444	0.00403
19	0.01046	0.01046	0.01464	0.01255	0.01255	0.01464	0.01046	0.01150	0.00732	0.01150	0.00627	0.01046	0.00627	0.00837	0.01569	0.00209	0.82328	0.00418	0.00209	0.00523
20	0.00605	0.00447	0.00599	0.00694	0.00721	0.00441	0.00473	0.00689	0.00906	0.01217	0.02536	0.78874	0.03037	0.01465	0.00657	0.00195	0.04304	0.01313	0.00432	0.00395
21	0.00578	0.00453	0.00524	0.00573	0.00671	0.00399	0.00405	0.00687	0.01022	0.01289	0.07550	0.40572	0.40917	0.01331	0.00586	0.00176	0.00257	0.01163	0.00448	0.00399
22	0.01859	0.01271	0.01392	0.01067	0.01448	0.01381	0.00882	0.68714	0.02133	0.13086	0.01243	0.01210	0.00861	0.00576	0.00478	0.00144	0.00510	0.00437	0.00493	0.00813
23	0.01817	0.01339	0.01434	0.01100	0.01482	0.01482	0.00908	0.78627	0.02247	0.03012	0.01148	0.01148	0.00813	0.00574	0.00478	0.00143	0.00526	0.00430	0.00478	0.00813
24	0.00959	0.02472	0.80726	0.01362	0.02069	0.01110	0.01766	0.01514	0.01009	0.01514	0.00858	0.01009	0.00605	0.00454	0.00454	0.00151	0.00706	0.00353	0.00202	0.00706
25	0.02144	0.00813	0.01109	0.00850	0.01220	0.00702	0.00702	0.02329	0.01368	0.80552	0.01886	0.01627	0.01183	0.00592	0.00481	0.00148	0.00407	0.00481	0.00592	0.00813
26	0.01785	0.02278	0.01354	0.01231	0.01478	0.81284	0.00924	0.01909	0.01354	0.01170	0.00739	0.00862	0.00616	0.00493	0.00431	0.00123	0.00862	0.00308	0.00246	0.00554
27	0.01055	0.16595	0.63186	0.01261	0.01893	0.05181	0.01559	0.01519	0.01019	0.01429	0.00818	0.00960	0.00607	0.00448	0.00427	0.00141	0.00680	0.00334	0.00204	0.00683
28	0.00599	0.00486	0.00532	0.00521	0.00667	0.00418	0.00390	0.00753	0.01171	0.01485	0.28138	0.04281	0.56610	0.01138	0.00565	0.00158	0.00237	0.00964	0.00469	0.00418
29	0.00891	0.00445	0.00445	0.00445	0.00557	0.00445	0.00334	0.01114	0.01002	0.01782	0.01559	0.01782	0.01225	0.00557	0.00334	0.00111	0.00223	0.00445	0.85856	0.00445
30	0.01789	0.02164	0.01364	0.01215	0.01478	0.71589	0.00922	0.11229	0.01463	0.01394	0.00788	0.00897	0.00640	0.00502	0.00437	0.00126	0.00821	0.00323	0.00274	0.00586
31	0.01071	0.01175	0.02483	0.05734	0.06172	0.01119	0.62914	0.01437	0.01109	0.01503	0.02395	0.06106	0.00986	0.00508	0.00561	0.00164	0.00735	0.02946	0.00262	0.00621
32	0.01139	0.01107	0.01741	0.23044	0.02163	0.06323	0.25370	0.13702	0.01226	0.01599	0.01171	0.12861	0.01051	0.00634	0.00574	0.00162	0.04645	0.00595	0.00299	0.00593
33	0.01316	0.02909	0.02061	0.04505	0.06728	0.24595	0.35246	0.03277	0.01164	0.01398	0.00887	0.01206	0.00724	0.00504	0.00623	0.00154	0.09772	0.02076	0.00247	0.00606
34	0.01183	0.01136	0.01940	0.02934	0.80221	0.01136	0.01467	0.01467	0.01088	0.01562	0.00899	0.01183	0.00757	0.00426	0.00473	0.00142	0.00568	0.00426	0.00237	0.00757
35	0.01175	0.01127	0.01925	0.05283	0.77937	0.01133	0.01463	0.01460	0.01084	0.01551	0.00898	0.01186	0.00754	0.00427	0.00473	0.00142	0.00570	0.00426	0.00236	0.00750
36	0.01180	0.01016	0.01074	0.00971	0.01237	0.01175	0.00757	0.02506	0.77666	0.01987	0.01958	0.01861	0.01487	0.00663	0.00490	0.00163	0.00380	0.02193	0.00485	0.00750
37	0.00565	0.00484	0.00484	0.00484	0.00646	0.00403	0.00363	0.00686	0.01089	0.01291	0.04842	0.04600	0.80027	0.01210	0.00565	0.00161	0.00242	0.01009	0.00444	0.00403
38	0.01764	0.02215	0.01344	0.01220	0.01467	0.77366	0.00920	0.03977	0.01373	0.01226	0.00789	0.00968	0.00667	0.00513	0.00437	0.00126	0.00844	0.01969	0.00257	0.00559
39	0.02144	0.00813	0.01109	0.00850	0.01220	0.00702	0.00702	0.02329	0.01368	0.80552	0.01886	0.01627	0.01183	0.00592	0.00481	0.00148	0.00407	0.00481	0.00592	0.00813
40	0.00998	0.09746	0.69451	0.01372	0.04054	0.01184	0.03761	0.01505	0.01011	0.01480	0.00844	0.00999	0.00613	0.00448	0.00444	0.00147	0.00688	0.00352	0.00204	0.00698
41	0.01046	0.01046	0.01464	0.01255	0.01255	0.01464	0.01046	0.01150	0.00732	0.01150	0.00627	0.01046	0.00627	0.00837	0.01569	0.00209	0.82328	0.00418	0.00209	0.00523
42	0.00658	0.00488	0.00613	0.00582	0.00703	0.00443	0.00436	0.00866	0.01309	0.01812	0.67432	0.03742	0.17112	0.01016	0.00564	0.00152	0.00228	0.00888	0.00512	0.00443
43	0.00590	0.00419	0.00552	0.00656	0.00682	0.00393	0.00433	0.00667	0.00901	0.01201	0.02560	0.77615	0.03067	0.06902	0.00731	0.00212	0.00290	0.01315	0.00433	0.00382
44	0.01059	0.01290	0.17260	0.01484	0.06087	0.01005	0.29317	0.03592	0.08764	0.04638	0.01470	0.10919	0.02447	0.00671	0.00539	0.00167	0.00606	0.07730	0.00322	0.00633
45	0.02144	0.00813	0.01109	0.00850	0.01220	0.00702	0.00702	0.02329	0.01368	0.80552	0.01886	0.01627	0.01183	0.00592	0.00481	0.00148	0.00407	0.00481	0.00592	0.00813
46	0.00582	0.00416	0.00555	0.00666	0.00693	0.00388	0.00444	0.00666	0.00915	0.01220	0.02634	0.82891	0.03161	0.01497	0.00610	0.00194	0.00277	0.01359	0.00444	0.00388
47	0.05357	0.48617	0.30847	0.01013	0.01522	0.02890	0.01150	0.01468	0.00984	0.01317	0.00736	0.00857	0.00606	0.00428	0.00362	0.00123	0.00581	0.00292	0.00209	0.00642
48	0.01034	0.00976	0.01550	0.45889	0.28785	0.02698	0.01295	0.03975	0.02267	0.01411	0.01087	0.01402	0.04592	0.00503	0.00480	0.00152	0.00591	0.00453	0.00246	0.00614
49	0.00582	0.00416	0.00555	0.00666	0.00693	0.00388	0.00444	0.00666	0.00915	0.01220	0.02634	0.82891	0.03161	0.01497	0.00610	0.00194	0.00277	0.01359	0.00444	0.00388
50	0.86579	0.00924	0.00702	0.00629	0.00924	0.01072	0.00518	0.01405	0.00813	0.02144	0.00666	0.00776	0.00518	0.00444	0.00296	0.00148	0.00370	0.00259	0.00296	0.00518
51	0.00695	0.00463	0.00521	0.00521	0.00521	0.00463	0.00290	0.00695	0.00695	0.00927	0.01506	0.03128	0.01738	0.83203	0.02433	0.00463	0.00463	0.00695	0.00290	0.00290
52	0.43834	0.03189	0.01038	0.03924	0.03882	0.03536	0.00707	0.15323	0.03648	0.10232	0.00962	0.01037	0.00713	0.00505	0.00410	0.00146	0.02870	0.00345	0.03079	0.00619
53	0.01278	0.83490	0.02505	0.00818	0.01227	0.01891	0.00818	0.01431	0.00971	0.01125	0.00664	0.00767	0.00613	0.00409	0.00307	0.00102	0.00511	0.00256	0.00204	0.00613
54	0.00683	0.00512	0.00768	0.00768	0.00853	0.00597	0.00597	0.00853	0.00768	0.01110	0.01280	0.01878	0.01195	0.03585	0.81308	0.00768	0.01280	0.00512	0.00256	0.00427
55	0.01168	0.01066	0.01511	0.27652	0.13596	0.04191	0.07575	0.11523	0.14994	0.01692	0.02365	0.01364	0.00912	0.00535	0.00534	0.00155	0.04582	0.00461	0.03479	0.00646
56	0.02928	0.04927	0.02462	0.00972	0.01304	0.00848	0.10902	0.05038	0.04214	0.40928	0.11673	0.03047	0.06015	0.00655	0.00514	0.00150	0.01682	0.00565	0.00483	0.00693
57	0.00995	0.13584	0.67847	0.01267	0.01917	0.01200	0.01601	0.01486	0.01013	0.01471	0.02906	0.01043	0.00709	0.00462	0.00437	0.00145	0.00667	0.00353	0.00211	0.00687
58	0.02144	0.00813	0.01109	0.00850	0.01220	0.00702	0.00702	0.02329	0.01368	0.80552	0.01886	0.01627	0.01183	0.00592	0.00481	0.00148	0.00407	0.00481	0.00592	0.00813
59	0.00959	0.02472	0.80726	0.01362	0.02069	0.01110	0.01766	0.01514	0.01009	0.01514	0.00858	0.01009	0.00605	0.00454	0.00454	0.00151	0.00706	0.00353	0.00202	0.00706
60	0.01903	0.03185	0.10805	0.00908	0.01310	0.00795	0.00829	0.03370	0.02786	0.63485	0.03342	0.01605	0.02242	0.00587	0.00476	0.00148	0.00441	0.00475	0.00527	0.00781
61	0.00676	0.00489	0.00639	0.00601	0.00714	0.00451	0.00451	0.00902	0.01353	0.01917	0.79969	0.03570	0.04510	0.00977	0.00564	0.00150	0.00225	0.00864	0.00526	0.00451
62	0.00588	0.00420	0.00561	0.00669	0.00700	0.00393	0.00451	0.00677	0.00927	0.01237	0.03994	0.79779	0.03176	0.01484	0.00610	0.00194	0.00280	0.03024	0.00445	0.00390
63	0.01104	0.01115	0.01691	0.34416	0.33499	0.08081	0.05534	0.01384	0.01044	0.01367	0.00916	0.01243	0.01884	0.00481	0.00527	0.00152	0.04275	0.00431	0.00230	0.00627
64	0.01278	0.83490	0.02505	0.00818	0.01227	0.01891	0.00818	0.01431	0.00971	0.01125	0.00664	0.00767	0.00613	0.00409	0.00307	0.00102	0.00511	0.00256	0.00204	0.00613
65	0.00891	0.00445	0.00445	0.00445	0.00557	0.00445	0.00334	0.01114	0.01002	0.01782	0.01559	0.01782	0.01225	0.00557	0.00334	0.00111	0.00223	0.00445	0.85856	0.00445
66	0.01175	0.01128	0.01926	0.05088	0.78127	0.01134	0.01463	0.01460	0.01085	0.01552	0.00898	0.01185	0.00754	0.00427	0.00473	0.00142	0.00570	0.00426	0.00236	0.00751
67	0.01896	0.01144	0.16588	0.00970	0.01407	0.00791	0.02289	0.02157	0.01294	0.63814	0.01670	0.01501	0.01063	0.00562	0.00477	0.00149	0.00472	0.00457	0.00510	0.00790
68	0.00673	0.00488	0.00634	0.00598	0.00712	0.00450	0.00448	0.00896	0.01345	0.01898	0.77738	0.03601	0.06752	0.00984	0.00564	0.00151	0.00226	0.00869	0.00524	0.00450
69	0.02144	0.00813	0.01109	0.00850	0.01220	0.00702	0.00702	0.02329	0.01368	0.80552	0.01886	0.01627	0.01183	0.00592	0.00481	0.00148	0.00407	0.00481	0.00592	0.00813
70	0.02144	0.00813	0.01109	0.00850	0.01220	0.00702	0.00702	0.02329	0.01368	0.80552	0.01886	0.01627	0.01183	0.00592	0.00481	0.00148	0.00407	0.00481	0.00592	0.00813
71	0.01183	0.01136	0.01940	0.02934	0.80221	0.01136	0.01467	0.01467	0.01088	0.01562	0.00899	0.01183	0.00757	0.00426	0.00473	0.00142	0.00568	0.00426	0.00237	0.00757
72	0.00916	0.00863	0.01457	0.78374	0.06870	0.01065	0.01334	0.01233	0.00962	0.01237	0.00852	0.01270	0.00643	0.00475	0.00478	0.00158	0.00634	0.00425	0.00214	0.00541
73	0.00903	0.00850	0.01434	0.82054	0.03292	0.01062	0.01327	0.01221	0.00956	0.01221	0.00850	0.01274	0.00637	0.00478	0.00478	0.00159	0.00637	0.00425	0.00212	0.00531
74	0.00900	0.00843	0.01419	0.80258	0.03241	0.01051	0.01315	0.01216	0.00959	0.01226	0.00887	0.01365	0.00684	0.00496	0.00482	0.00161	0.00633	0.02119	0.00217	0.00529
75	0.01128	0.01289	0.02820	0.02015	0.02498	0.01209	0.78485	0.01531	0.01128	0.01531	0.00967	0.01289	0.00725	0.00403	0.00564	0.00161	0.00806	0.00564	0.00242	0.00645
76	0.01817	0.01339	0.01434	0.01100	0.01482	0.01482	0.00908	0.78627	0.02247	0.03012	0.01148	0.01148	0.00813	0.00574	0.00478	0.00143	0.00526	0.00430	0.00478	0.00813
77	0.01202	0.01070	0.01082	0.00982	0.01245	0.05095	0.00765	0.02448	0.72480	0.01937	0.01909	0.01879	0.01468	0.00667	0.00490	0.00162	0.00404	0.03508	0.00473	0.00734
78	0.00903	0.00850	0.01434	0.82054	0.03292	0.01062	0.01327	0.01221	0.00956	0.01221	0.00850	0.01274	0.00637	0.00478	0.00478	0.00159	0.00637	0.00425	0.00212	0.00531
79	0.00582	0.00416	0.00555	0.00666	0.00693	0.00388	0.00444	0.00666	0.00915	0.01220	0.02634	0.82891	0.03161	0.01497	0.00610	0.00194	0.00277	0.01359	0.00444	0.00388
80	0.01103	0.02271	0.71054	0.01300	0.01966	0.01061	0.01637	0.01613	0.01053	0.11116	0.00983	0.01084	0.00676	0.00471	0.00457	0.00151	0.00670	0.00369	0.00249	0.00719
81	0.01653	0.02058	0.01253	0.01145	0.01361	0.71465	0.00846	0.01761	0.01274	0.01140	0.00832	0.01137	0.00752	0.10541	0.00674	0.00164	0.00814	0.00355	0.00252	0.00522
82	0.00582	0.00416	0.00555	0.00666	0.00693	0.00388	0.00444	0.00666	0.00915	0.01220	0.02634	0.82891	0.03161	0.01497	0.00610	0.00194	0.00277	0.01359	0.00444	0.00388
83	0.76170	0.00915	0.00791	0.10521	0.01212	0.01071	0.00616	0.01383	0.00831	0.02032	0.00688	0.00837	0.00532	0.00448	0.00318	0.00149	0.00402	0.00279	0.00286	0.00519
84	0.00606	0.00529	0.00600	0.10394	0.00967	0.00483	0.00480	0.00751	0.01073	0.01283	0.04357	0.04196	0.70382	0.01121	0.00554	0.00161	0.00290	0.00938	0.00416	0.00419
85	0.01091	0.00909	0.01045	0.00756	0.01175	0.00740	0.00608	0.10609	0.01144	0.01734	0.00886	0.01010	0.00721	0.00381	0.00369	0.00080	0.00375	0.00301	0.00307	0.75760
86	0.00950	0.02226	0.70973	0.01251	0.01885	0.01029	0.01592	0.01465	0.01008	0.01546	0.00943	0.01103	0.00681	0.00467	0.00440	0.00147	0.00648	0.00364	0.10608	0.00675
87	0.00950	0.02226	0.70973	0.01251	0.01885	0.01029	0.01592	0.01465	0.01008	0.01546	0.00943	0.01103	0.00681	0.00467	0.00440	0.00147	0.00648	0.00364	0.10608	0.00675
88	0.00924	0.02231	0.70997	0.01270	0.01904	0.01030	0.01606	0.01439	0.01051	0.01563	0.10469	0.01320	0.01080	0.00518	0.00467	0.00151	0.00648	0.00415	0.00241	0.00675
89	0.00732	0.00528	0.00661	0.00718	0.00789	0.00521	0.00500	0.10137	0.01077	0.01438	0.02454	0.72960	0.02876	0.01385	0.00594	0.00188	0.00308	0.01246	0.00448	0.00440
90	0.00741	0.00534	0.00671	0.00718	0.00791	0.00534	0.00502	0.10147	0.01062	0.01422	0.02347	0.66112	0.02728	0.04430	0.04620	0.00226	0.00363	0.01181	0.00433	0.00438
91	0.00911	0.00858	0.01449	0.79705	0.05576	0.01064	0.01332	0.01228	0.00960	0.01231	0.00851	0.01272	0.00641	0.00476	0.00478	0.00159	0.00635	0.00425	0.00213	0.00538
92	0.01197	0.01388	0.02574	0.05848	0.02413	0.10930	0.65276	0.01562	0.01147	0.01472	0.00933	0.01237	0.00708	0.00417	0.00544	0.00156	0.00804	0.00526	0.00241	0.00628
93	0.01076	0.01189	0.02541	0.01833	0.02258	0.01118	0.68985	0.01429	0.01076	0.01458	0.01032	0.01513	0.00848	0.10462	0.00791	0.00198	0.00764	0.00580	0.00248	0.00602
94	0.01062	0.01183	0.02545	0.01851	0.02279	0.01109	0.69004	0.01426	0.01102	0.01493	0.01170	0.11203	0.01021	0.00536	0.00570	0.00165	0.00742	0.00661	0.00266	0.00613
95	0.01003	0.02295	0.69653	0.01431	0.02104	0.01114	0.11065	0.01532	0.01031	0.03113	0.00892	0.01056	0.00632	0.00451	0.00468	0.00152	0.00712	0.00381	0.00215	0.00701
96	0.00621	0.00469	0.00661	0.10553	0.01009	0.00470	0.00551	0.00733	0.00920	0.01220	0.02418	0.72975	0.02855	0.01374	0.00594	0.00190	0.00321	0.01245	0.00416	0.00406
97	0.00738	0.00534	0.00636	0.00610	0.00610	0.00585	0.00381	0.00750	0.00700	0.00954	0.01399	0.02875	0.01603	0.73196	0.02328	0.00432	0.10409	0.00661	0.00280	0.00318
98	0.02118	0.00850	0.02864	0.00862	0.01239	0.00711	0.00726	0.02311	0.01360	0.78810	0.01863	0.01613	0.01170	0.00589	0.00480	0.00148	0.00413	0.00478	0.00583	0.00811
99	0.01159	0.01111	0.01896	0.09766	0.73578	0.01129	0.01455	0.01446	0.01077	0.01532	0.00895	0.01191	0.00747	0.00430	0.00474	0.00143	0.00574	0.00426	0.00235	0.00738
100	0.02101	0.00991	0.01139	0.00897	0.01251	0.10492	0.00729	0.02278	0.01366	0.70908	0.01746	0.01534	0.01114	0.00580	0.00475	0.00145	0.00462	0.00460	0.00550	0.00782
101	0.00903	0.00850	0.01434	0.82054	0.03292	0.01062	0.01327	0.01221	0.00956	0.01221	0.00850	0.01274	0.00637	0.00478	0.00478	0.00159	0.00637	0.00425	0.00212	0.00531
102	0.00967	0.02054	0.59883	0.01365	0.01954	0.01040	0.12544	0.01408	0.00979	0.01433	0.00870	0.01103	0.00650	0.00593	0.00642	0.10594	0.00685	0.00391	0.00208	0.00637
103	0.00979	0.02329	0.71262	0.01442	0.02121	0.01122	0.11086	0.01516	0.01024	0.01516	0.00871	0.01043	0.00620	0.00448	0.00467	0.00153	0.00718	0.00379	0.00207	0.00699
104	0.01111	0.01236	0.02598	0.01856	0.02332	0.01139	0.69019	0.01491	0.01111	0.01534	0.00953	0.01253	0.00723	0.00397	0.00539	0.00150	0.00751	0.00530	0.00247	0.11029
105	0.02101	0.00991	0.01139	0.00897	0.01251	0.10492	0.00729	0.02278	0.01366	0.70908	0.01746	0.01534	0.01114	0.00580	0.00475	0.00145	0.00462	0.00460	0.00550	0.00782
106	0.01034	0.00795	0.01313	0.20780	0.11717	0.00818	0.10128	0.01282	0.01101	0.11492	0.17742	0.02072	0.04316	0.06500	0.06637	0.00220	0.00556	0.00585	0.00349	0.00564
107	0.01678	0.03565	0.11662	0.01108	0.01488	0.00943	0.10770	0.01929	0.01202	0.46980	0.02775	0.01441	0.01023	0.00581	0.00616	0.00156	0.10448	0.00467	0.00438	0.00731
108	0.01133	0.19237	0.53032	0.01231	0.01831	0.01321	0.03155	0.10865	0.01154	0.01615	0.00855	0.00981	0.00635	0.00458	0.00429	0.00140	0.00646	0.00347	0.00237	0.00699
109	0.11502	0.01232	0.02529	0.01825	0.02279	0.01182	0.67708	0.01504	0.01084	0.01598	0.00936	0.01237	0.00708	0.00461	0.01884	0.00170	0.00761	0.00526	0.00249	0.00626

[dist]
# distance from previous block
# <min> <max>
0	7

[block]
# block no. 2 follows, 53 sequences, length 9
# corresponding to MSA columns:
# 241-249
name=unknown_C
#
# <colnr> <probs for GDERKNQSTAVLIFYWHMCP>
#	G	D	E	R	K	N	Q	S	T	A	V	L	I	F	Y	W	H	M	C	P
0	0.01164	0.01056	0.02134	0.01576	0.01962	0.01000	0.51216	0.01485	0.01098	0.12095	0.01328	0.01591	0.04635	0.01001	0.14109	0.00261	0.00805	0.00565	0.00301	0.00619
1	0.01225	0.01427	0.11099	0.01790	0.02281	0.01244	0.57079	0.14472	0.01303	0.01778	0.00985	0.01235	0.00727	0.00437	0.00538	0.00157	0.00748	0.00519	0.00277	0.00680
2	0.00794	0.00424	0.00604	0.00604	0.00626	0.00414	0.00408	0.00631	0.00686	0.00892	0.01371	0.01877	0.11500	0.01600	0.01692	0.74516	0.00392	0.00495	0.00239	0.00234
3	0.00913	0.01003	0.08680	0.14856	0.01897	0.00887	0.26252	0.01238	0.03279	0.02827	0.01663	0.16210	0.06386	0.00904	0.04492	0.00200	0.00614	0.06840	0.00312	0.00550
4	0.01340	0.01194	0.02044	0.01582	0.04910	0.05997	0.41850	0.11711	0.01298	0.12318	0.01274	0.09911	0.01050	0.00573	0.00535	0.00157	0.00654	0.00598	0.00341	0.00661
5	0.00681	0.00460	0.00583	0.00641	0.00720	0.00437	0.00475	0.00838	0.01050	0.01481	0.16757	0.37595	0.07442	0.01199	0.00561	0.00175	0.00283	0.13407	0.14798	0.00419
6	0.01244	0.01298	0.02588	0.01861	0.02327	0.01255	0.65461	0.14474	0.01316	0.01780	0.00997	0.01265	0.00740	0.00432	0.00550	0.00158	0.00759	0.00542	0.00281	0.00673
7	0.18354	0.01038	0.04693	0.00992	0.01371	0.00974	0.08964	0.12319	0.05143	0.39220	0.01410	0.01342	0.00944	0.00537	0.00452	0.00150	0.00469	0.00437	0.00460	0.00730
8	0.02958	0.00977	0.04024	0.00978	0.01283	0.00944	0.07298	0.23135	0.04078	0.20087	0.22873	0.02053	0.01957	0.00695	0.00534	0.00152	0.02183	0.02641	0.00478	0.00673

[dist]
# distance from previous block
# <min> <max>
0	1

[block]
# block no. 3 follows, 53 sequences, length 7
# corresponding to MSA columns:
# 251-257
name=unknown_D
#
# <colnr> <probs for GDERKNQSTAVLIFYWHMCP>
#	G	D	E	R	K	N	Q	S	T	A	V	L	I	F	Y	W	H	M	C	P
0	0.01157	0.00795	0.01316	0.07642	0.06645	0.00764	0.15497	0.01417	0.03250	0.19818	0.07426	0.17635	0.04504	0.00838	0.00549	0.00169	0.00471	0.09101	0.00414	0.00592
1	0.01007	0.00852	0.01478	0.01269	0.06991	0.00805	0.25430	0.01332	0.05668	0.08816	0.16003	0.06186	0.13899	0.00789	0.00556	0.00163	0.00483	0.07303	0.00395	0.00574
2	0.15235	0.00987	0.01391	0.01116	0.01435	0.05452	0.20173	0.01561	0.05619	0.14168	0.04990	0.02089	0.01340	0.00648	0.00495	0.00157	0.00518	0.14393	0.00373	0.07860
3	0.01369	0.00999	0.01301	0.03917	0.04912	0.05889	0.10348	0.12099	0.07013	0.19437	0.05327	0.04922	0.09397	0.00664	0.00498	0.00146	0.00480	0.02382	0.00419	0.08480
4	0.01277	0.04590	0.12945	0.05255	0.05410	0.00939	0.00924	0.12767	0.05910	0.16151	0.01493	0.07540	0.01292	0.05425	0.00600	0.00170	0.00485	0.08990	0.00388	0.07447
5	0.15089	0.00986	0.05185	0.03862	0.04362	0.00933	0.13425	0.09774	0.05260	0.04434	0.01566	0.10142	0.05491	0.00716	0.00492	0.00159	0.00484	0.09897	0.00357	0.07387
6	0.01190	0.05137	0.01472	0.05499	0.08811	0.02921	0.14311	0.05675	0.04466	0.12573	0.03937	0.14147	0.01420	0.02899	0.00607	0.00164	0.04153	0.03915	0.00362	0.06343

[dist]
# distance from previous block
# <min> <max>
1	20

[block]
# block no. 4 follows, 53 sequences, length 6
# corresponding to MSA columns:
# 278-283
name=unknown_E
#
# <colnr> <probs for GDERKNQSTAVLIFYWHMCP>
#	G	D	E	R	K	N	Q	S	T	A	V	L	I	F	Y	W	H	M	C	P
0	0.05339	0.29757	0.08290	0.00984	0.01366	0.06956	0.00899	0.20546	0.18019	0.01854	0.01077	0.01104	0.00837	0.00511	0.00407	0.00133	0.00520	0.00371	0.00338	0.00692
1	0.01116	0.37917	0.23125	0.00961	0.01380	0.06813	0.01013	0.01438	0.04346	0.01410	0.14866	0.01379	0.01339	0.00538	0.00408	0.00128	0.00531	0.00406	0.00276	0.00612
2	0.01166	0.32365	0.07105	0.01066	0.01443	0.04363	0.17851	0.04661	0.01095	0.01482	0.03282	0.01191	0.00875	0.00461	0.00400	0.00122	0.00536	0.00392	0.15458	0.04685
3	0.01269	0.43895	0.26597	0.01060	0.01533	0.15755	0.01131	0.01542	0.01051	0.01253	0.00738	0.00859	0.00611	0.00438	0.00375	0.00121	0.00634	0.00295	0.00211	0.00632
4	0.01337	0.59580	0.11306	0.00931	0.01369	0.01729	0.00943	0.15157	0.01202	0.01505	0.00773	0.00862	0.00648	0.00443	0.00354	0.00115	0.00536	0.00298	0.00253	0.00660
5	0.00683	0.00512	0.00768	0.00768	0.00853	0.00597	0.00597	0.00853	0.00768	0.01110	0.01280	0.01878	0.01195	0.03585	0.81308	0.00768	0.01280	0.00512	0.00256	0.00427

[dist]
# distance from previous block
# <min> <max>
0	49

# created by:
# /st0/software/busco_prod/Augustus/scripts/msa2prfl.pl ./align_prep/141970.fa
