[name]
unknown

[dist]
# distance from previous block
# <min> <max>
0	31

[block]
# block no. 0 follows, 60 sequences, length 51
# corresponding to MSA columns:
# 31-75,90-95
name=unknown_A
#
# <colnr> <probs for GDERKNQSTAVLIFYWHMCP>
#	G	D	E	R	K	N	Q	S	T	A	V	L	I	F	Y	W	H	M	C	P
0	0.00879	0.03508	0.08261	0.02563	0.02785	0.08762	0.04329	0.01104	0.01021	0.03497	0.01861	0.03596	0.03477	0.00945	0.00538	0.00175	0.00480	0.51410	0.00346	0.00463
1	0.03840	0.03234	0.00997	0.00796	0.01059	0.00865	0.00647	0.21273	0.12782	0.25489	0.13235	0.04807	0.01586	0.00651	0.00451	0.00139	0.00366	0.04758	0.02392	0.00633
2	0.01122	0.05860	0.55390	0.01126	0.03424	0.00959	0.01305	0.01548	0.03472	0.18474	0.01075	0.01118	0.02269	0.00457	0.00416	0.00136	0.00558	0.00361	0.00273	0.00658
3	0.02771	0.11231	0.49932	0.01080	0.01586	0.01004	0.04732	0.01432	0.02647	0.11118	0.06383	0.02347	0.00910	0.00472	0.00413	0.00134	0.00548	0.00381	0.00259	0.00622
4	0.00566	0.00443	0.00516	0.00545	0.00643	0.00406	0.00390	0.00734	0.05057	0.01271	0.14975	0.35276	0.35299	0.01149	0.00528	0.00157	0.00238	0.01004	0.00418	0.00386
5	0.00988	0.01104	0.04057	0.01635	0.02031	0.01021	0.65639	0.03484	0.01057	0.01446	0.07973	0.01375	0.00984	0.00557	0.04430	0.00172	0.00701	0.00529	0.00249	0.00569
6	0.01050	0.01004	0.01636	0.20448	0.51574	0.03199	0.05282	0.05106	0.01026	0.01405	0.00871	0.01223	0.00725	0.00434	0.00442	0.00136	0.00545	0.03040	0.00228	0.00628
7	0.01114	0.01115	0.01732	0.04147	0.70523	0.07469	0.03338	0.01362	0.01005	0.01383	0.00805	0.01058	0.00676	0.00400	0.00449	0.00130	0.02029	0.00383	0.00216	0.00666
8	0.00579	0.00412	0.00546	0.00630	0.00672	0.00395	0.00451	0.00674	0.00852	0.01130	0.03473	0.55381	0.04781	0.08620	0.03073	0.01456	0.00322	0.15812	0.00385	0.00355
9	0.01018	0.01261	0.09951	0.01849	0.09586	0.01092	0.64426	0.01385	0.01010	0.01393	0.00862	0.01140	0.00653	0.00380	0.00512	0.00145	0.02036	0.00483	0.00216	0.00601
10	0.01386	0.01073	0.01270	0.01243	0.14897	0.09114	0.04880	0.22112	0.14388	0.15662	0.02756	0.04920	0.03177	0.00558	0.00446	0.00136	0.00468	0.00469	0.00385	0.00661
11	0.00864	0.02145	0.76860	0.01218	0.01831	0.00984	0.02911	0.01353	0.00939	0.01400	0.04913	0.01044	0.00736	0.00438	0.00421	0.00138	0.00624	0.00349	0.00200	0.00632
12	0.00584	0.00409	0.00519	0.00576	0.00633	0.00377	0.00396	0.00678	0.00899	0.03144	0.11544	0.55203	0.13453	0.07380	0.00667	0.00186	0.00261	0.02318	0.00406	0.00366
13	0.01065	0.43643	0.30439	0.01069	0.06852	0.03514	0.01091	0.01398	0.05009	0.01220	0.00744	0.00853	0.00605	0.00402	0.00349	0.00115	0.00535	0.00290	0.00202	0.00604
14	0.01241	0.05398	0.02960	0.01317	0.20011	0.14827	0.03327	0.12920	0.05045	0.09456	0.07092	0.06116	0.06018	0.00582	0.00454	0.00132	0.01689	0.00485	0.00331	0.00599
15	0.00618	0.00434	0.00562	0.00574	0.00605	0.00460	0.00384	0.00684	0.00682	0.00938	0.01419	0.11973	0.01556	0.45022	0.31681	0.00496	0.00677	0.00644	0.00269	0.00321
16	0.02225	0.01133	0.01840	0.07546	0.51184	0.07626	0.17630	0.02996	0.01031	0.01404	0.00820	0.01076	0.00666	0.00395	0.00444	0.00133	0.00586	0.00404	0.00221	0.00640
17	0.08156	0.06866	0.01497	0.02334	0.01450	0.17156	0.19105	0.12916	0.06499	0.13843	0.01156	0.01214	0.04147	0.00486	0.00435	0.00132	0.01272	0.00411	0.00324	0.00601
18	0.00863	0.01527	0.00690	0.00642	0.00782	0.01423	0.00488	0.05120	0.07983	0.10203	0.23991	0.21916	0.08301	0.02676	0.00528	0.00154	0.00286	0.05142	0.06815	0.00470
19	0.01022	0.01239	0.07655	0.01840	0.06047	0.01094	0.71555	0.01393	0.01021	0.01397	0.00873	0.01155	0.00656	0.00372	0.00504	0.00146	0.00719	0.00496	0.00218	0.00597
20	0.01053	0.01007	0.01717	0.08933	0.74619	0.01022	0.01315	0.01313	0.00987	0.01406	0.02012	0.01118	0.00733	0.00400	0.00433	0.00131	0.00518	0.00394	0.00218	0.00671
21	0.01053	0.24662	0.42535	0.01113	0.01620	0.01235	0.07834	0.06831	0.05058	0.02978	0.00829	0.00937	0.00626	0.00418	0.00389	0.00127	0.00572	0.00330	0.00225	0.00627
22	0.00636	0.00455	0.00619	0.00623	0.00690	0.00501	0.00463	0.00763	0.00739	0.01065	0.01497	0.08380	0.05953	0.14985	0.50161	0.00519	0.02231	0.00571	0.08778	0.00370
23	0.02921	0.01096	0.01505	0.06337	0.04787	0.10322	0.19226	0.14479	0.01130	0.01515	0.06997	0.03003	0.01002	0.00630	0.02074	0.00160	0.19336	0.02654	0.00278	0.00548
24	0.01067	0.01023	0.01727	0.06067	0.71715	0.01038	0.03461	0.01386	0.05577	0.01433	0.00875	0.01117	0.00722	0.00402	0.00435	0.00132	0.00517	0.00398	0.00228	0.00679
25	0.01293	0.00644	0.00834	0.00744	0.00957	0.00611	0.00587	0.01598	0.12702	0.38868	0.05090	0.22599	0.01832	0.00836	0.00489	0.00154	0.00335	0.08763	0.00476	0.00590
26	0.00602	0.00442	0.00558	0.00572	0.00662	0.00413	0.00420	0.00788	0.03264	0.01479	0.42387	0.26611	0.12429	0.01051	0.00525	0.00152	0.00235	0.04792	0.02219	0.00397
27	0.04884	0.01083	0.01441	0.04645	0.11057	0.07126	0.14540	0.20835	0.09408	0.15760	0.01172	0.02101	0.00876	0.00502	0.00446	0.00138	0.00513	0.02462	0.00358	0.00653
28	0.00975	0.01032	0.02041	0.03255	0.04934	0.01001	0.54670	0.01419	0.11273	0.01450	0.05684	0.04457	0.02491	0.00499	0.00505	0.00148	0.00609	0.02703	0.00278	0.00576
29	0.00869	0.00828	0.01433	0.60538	0.15835	0.00961	0.06533	0.01155	0.00921	0.01217	0.04919	0.01257	0.00785	0.00447	0.00445	0.00142	0.00562	0.00417	0.00214	0.00522
30	0.01063	0.01132	0.04049	0.06655	0.03207	0.01068	0.61744	0.01497	0.08305	0.05263	0.00994	0.01224	0.00736	0.00402	0.00497	0.00146	0.00668	0.00495	0.00254	0.00601
31	0.00875	0.00920	0.01876	0.01484	0.05820	0.00864	0.50963	0.01148	0.00979	0.01323	0.03030	0.23475	0.03810	0.00668	0.00522	0.00154	0.00569	0.00719	0.00280	0.00521
32	0.00531	0.00380	0.00506	0.00607	0.00633	0.00354	0.00405	0.00607	0.00835	0.01113	0.02404	0.84388	0.02885	0.01366	0.00557	0.00177	0.00253	0.01240	0.00405	0.00354
33	0.03926	0.60173	0.21435	0.00867	0.01301	0.01521	0.00947	0.03390	0.00920	0.01187	0.00660	0.00762	0.00560	0.00388	0.00316	0.00106	0.00505	0.00259	0.00195	0.00582
34	0.52938	0.00955	0.00882	0.00728	0.01027	0.01072	0.00600	0.25829	0.03080	0.07987	0.00851	0.00891	0.00620	0.00456	0.00338	0.00134	0.00384	0.00305	0.00345	0.00580
35	0.01030	0.01174	0.02557	0.01856	0.03930	0.01102	0.78731	0.01396	0.01029	0.01398	0.00881	0.01174	0.00662	0.00368	0.00513	0.00147	0.00731	0.00512	0.00220	0.00590
36	0.00542	0.00389	0.00524	0.00619	0.00649	0.00371	0.00422	0.00627	0.00830	0.01112	0.02318	0.76749	0.02754	0.01491	0.06118	0.00213	0.00319	0.03203	0.00393	0.00358
37	0.01467	0.01766	0.01255	0.01106	0.01319	0.61024	0.04863	0.04634	0.05346	0.01173	0.00792	0.00996	0.00676	0.05556	0.00582	0.00141	0.06212	0.00336	0.00244	0.00512
38	0.00875	0.02256	0.82413	0.01243	0.01888	0.01013	0.01611	0.01381	0.00921	0.01381	0.00783	0.00921	0.00552	0.00414	0.00414	0.00138	0.00645	0.00322	0.00184	0.00645
39	0.01615	0.02018	0.01231	0.01113	0.01342	0.77917	0.00838	0.04320	0.03559	0.01144	0.00718	0.00819	0.00590	0.00456	0.00396	0.00114	0.00764	0.00291	0.00238	0.00519
40	0.01051	0.01097	0.11203	0.01606	0.32697	0.02865	0.04183	0.05008	0.14568	0.05631	0.02833	0.01665	0.11466	0.00553	0.00449	0.00138	0.00465	0.01582	0.00309	0.00631
41	0.05471	0.00788	0.00837	0.00724	0.00954	0.07301	0.00581	0.08878	0.05075	0.27623	0.06619	0.03572	0.10802	0.00687	0.00442	0.00138	0.00366	0.07897	0.10677	0.00566
42	0.00653	0.00454	0.00591	0.00552	0.00663	0.00417	0.00416	0.00855	0.01228	0.04028	0.77293	0.03233	0.06187	0.00888	0.00512	0.00137	0.00211	0.00782	0.00480	0.00420
43	0.00946	0.02582	0.01438	0.01993	0.53290	0.00872	0.03119	0.03009	0.00973	0.01359	0.01247	0.20554	0.01271	0.02396	0.00502	0.00149	0.00455	0.02982	0.00271	0.00591
44	0.01022	0.15993	0.33580	0.01545	0.23232	0.02793	0.05626	0.03907	0.00974	0.01354	0.00815	0.03340	0.00671	0.00439	0.00435	0.00130	0.02943	0.00365	0.00211	0.00627
45	0.00875	0.02256	0.82413	0.01243	0.01888	0.01013	0.01611	0.01381	0.00921	0.01381	0.00783	0.00921	0.00552	0.00414	0.00414	0.00138	0.00645	0.00322	0.00184	0.00645
46	0.00536	0.00383	0.00511	0.00613	0.00640	0.00358	0.00413	0.00615	0.00840	0.01118	0.02401	0.82269	0.02875	0.01362	0.00558	0.00178	0.00257	0.03314	0.00405	0.00356
47	0.01246	0.36407	0.07052	0.01106	0.07932	0.17009	0.07012	0.04797	0.01049	0.05520	0.00867	0.02980	0.00757	0.00468	0.00377	0.00118	0.00552	0.03936	0.00243	0.00573
48	0.00566	0.00421	0.00571	0.00700	0.04237	0.00396	0.00461	0.00661	0.00865	0.01145	0.02471	0.69533	0.08372	0.01293	0.00551	0.00175	0.00273	0.06538	0.00396	0.00373
49	0.00546	0.00395	0.00519	0.00609	0.00650	0.00368	0.00422	0.00637	0.00870	0.01152	0.05107	0.70839	0.07963	0.01322	0.00556	0.00176	0.00260	0.06843	0.00407	0.00360
50	0.10160	0.01039	0.05303	0.05468	0.56379	0.00992	0.01163	0.02617	0.02373	0.02623	0.00824	0.01038	0.00671	0.00396	0.00406	0.00127	0.00487	0.00362	0.00235	0.07338

[dist]
# distance from previous block
# <min> <max>
0	2

[block]
# block no. 1 follows, 60 sequences, length 35
# corresponding to MSA columns:
# 98-131,140
name=unknown_B
#
# <colnr> <probs for GDERKNQSTAVLIFYWHMCP>
#	G	D	E	R	K	N	Q	S	T	A	V	L	I	F	Y	W	H	M	C	P
0	0.11305	0.44047	0.16664	0.00973	0.05997	0.03082	0.01994	0.06098	0.03890	0.01362	0.00726	0.00826	0.00596	0.00404	0.00333	0.00114	0.00494	0.00283	0.00223	0.00588
1	0.19416	0.08556	0.01194	0.00915	0.01199	0.32523	0.02289	0.10639	0.03624	0.14423	0.00902	0.00937	0.00672	0.00459	0.00374	0.00123	0.00551	0.00317	0.00312	0.00575
2	0.01047	0.14027	0.41035	0.01415	0.17489	0.02850	0.03132	0.01476	0.06880	0.05360	0.00884	0.01003	0.00667	0.00422	0.00403	0.00130	0.00563	0.00344	0.00229	0.00645
3	0.00610	0.00446	0.00573	0.00541	0.00647	0.00408	0.00406	0.00809	0.01217	0.01707	0.76100	0.03326	0.09763	0.00907	0.00514	0.00138	0.00207	0.00798	0.00475	0.00408
4	0.00627	0.00452	0.00623	0.00623	0.00674	0.00503	0.00448	0.00729	0.00678	0.00955	0.01239	0.02106	0.01261	0.31313	0.55135	0.00605	0.00911	0.00525	0.00244	0.00346
5	0.01079	0.01036	0.01770	0.02677	0.81952	0.01036	0.01339	0.01339	0.00993	0.01425	0.00820	0.01079	0.00691	0.00389	0.00432	0.00130	0.00518	0.00389	0.00216	0.00691
6	0.00691	0.00498	0.00624	0.00671	0.00744	0.00495	0.00479	0.11211	0.01006	0.01342	0.02218	0.68596	0.02578	0.01245	0.00543	0.00172	0.00292	0.05775	0.00409	0.00408
7	0.00557	0.00443	0.00510	0.00505	0.00624	0.00402	0.00376	0.00690	0.00993	0.01272	0.21375	0.06211	0.48482	0.04489	0.10895	0.00226	0.00345	0.00833	0.00395	0.00376
8	0.87753	0.00843	0.00641	0.00574	0.00843	0.00978	0.00472	0.01282	0.00742	0.01957	0.00607	0.00709	0.00472	0.00405	0.00270	0.00135	0.00337	0.00236	0.00270	0.00472
9	0.00904	0.00775	0.00904	0.00646	0.01034	0.00581	0.00517	0.01098	0.00904	0.01421	0.00775	0.00904	0.00646	0.00323	0.00323	0.00065	0.00323	0.00258	0.00258	0.87339
10	0.00594	0.00444	0.00540	0.00516	0.00631	0.00400	0.00387	0.00774	0.01161	0.01589	0.58493	0.03474	0.25313	0.00940	0.00509	0.00139	0.00210	0.00815	0.02673	0.00400
11	0.00531	0.00380	0.00506	0.00607	0.00633	0.00354	0.00405	0.00607	0.00835	0.01113	0.02404	0.84388	0.02885	0.01366	0.00557	0.00177	0.00253	0.01240	0.00405	0.00354
12	0.00586	0.00444	0.00543	0.00535	0.00646	0.00400	0.00404	0.00755	0.01124	0.01511	0.48684	0.08492	0.27601	0.01004	0.00523	0.00146	0.00225	0.05536	0.00448	0.00394
13	0.01057	0.01014	0.01730	0.09649	0.75152	0.01030	0.01328	0.01319	0.00983	0.01398	0.00816	0.01087	0.00681	0.00393	0.00432	0.00131	0.00524	0.00389	0.00214	0.00673
14	0.01037	0.01145	0.02363	0.01712	0.02128	0.01101	0.69810	0.01519	0.11647	0.01454	0.01001	0.01236	0.00750	0.00397	0.00505	0.00147	0.00684	0.00512	0.00250	0.00602
15	0.01059	0.38121	0.37869	0.01003	0.01489	0.01339	0.02327	0.07539	0.00990	0.01325	0.00738	0.00858	0.00586	0.00477	0.02468	0.00133	0.00569	0.00296	0.00207	0.00608
16	0.00592	0.00448	0.00592	0.00641	0.00697	0.00435	0.00451	0.00689	0.00863	0.01182	0.08118	0.66193	0.02678	0.01220	0.00591	0.00168	0.05254	0.02468	0.00388	0.06333
17	0.00885	0.06891	0.38805	0.01002	0.02558	0.05254	0.04021	0.01301	0.07487	0.01416	0.11622	0.01653	0.09786	0.00565	0.00429	0.00134	0.00494	0.00464	0.04669	0.00563
18	0.00896	0.09710	0.72861	0.01186	0.01790	0.01063	0.01508	0.01361	0.00920	0.01347	0.00809	0.01012	0.00608	0.00433	0.00407	0.00136	0.00622	0.02510	0.00190	0.00630
19	0.01868	0.00827	0.01054	0.00811	0.01144	0.00774	0.00669	0.17384	0.01396	0.64619	0.01581	0.01403	0.01015	0.00536	0.00435	0.00133	0.00388	0.00429	0.02802	0.00733
20	0.01002	0.00961	0.01646	0.23146	0.56086	0.01009	0.04229	0.01284	0.02176	0.01345	0.00857	0.02757	0.00715	0.00422	0.00439	0.00135	0.00534	0.00411	0.00218	0.00628
21	0.03453	0.01298	0.12287	0.01686	0.02141	0.01097	0.64455	0.04114	0.02309	0.01464	0.00882	0.01135	0.00656	0.00383	0.00492	0.00145	0.00698	0.00479	0.00228	0.00599
22	0.01604	0.02026	0.01224	0.01113	0.01338	0.79146	0.00836	0.01768	0.04923	0.01102	0.00725	0.00825	0.00597	0.00456	0.00396	0.00114	0.00766	0.00291	0.00235	0.00514
23	0.00607	0.00445	0.00569	0.00538	0.00646	0.00407	0.00404	0.00804	0.01211	0.01694	0.74215	0.03349	0.11656	0.00912	0.00515	0.00138	0.00207	0.00802	0.00473	0.00407
24	0.16441	0.12526	0.01250	0.02405	0.06024	0.08339	0.00740	0.23051	0.06282	0.13609	0.02084	0.03583	0.00843	0.00503	0.00387	0.00128	0.00450	0.00377	0.00352	0.00623
25	0.01079	0.01036	0.01770	0.02677	0.81952	0.01036	0.01339	0.01339	0.00993	0.01425	0.00820	0.01079	0.00691	0.00389	0.00432	0.00130	0.00518	0.00389	0.00216	0.00691
26	0.00824	0.00775	0.01308	0.83624	0.03004	0.00969	0.01211	0.01114	0.00872	0.01114	0.00775	0.01163	0.00581	0.00436	0.00436	0.00145	0.00581	0.00388	0.00194	0.00484
27	0.00620	0.00467	0.00593	0.00658	0.00765	0.00440	0.00542	0.00777	0.00986	0.01250	0.04524	0.13629	0.28618	0.01184	0.00567	0.00179	0.00322	0.43089	0.00405	0.00385
28	0.04059	0.29959	0.41616	0.01015	0.01515	0.01283	0.01171	0.10382	0.01039	0.03143	0.00767	0.00865	0.00585	0.00415	0.00367	0.00122	0.00549	0.00300	0.00224	0.00623
29	0.00625	0.00460	0.00663	0.00663	0.00728	0.00525	0.00498	0.00754	0.00690	0.00984	0.01203	0.01906	0.01174	0.17010	0.69319	0.00654	0.01042	0.00495	0.00239	0.00368
30	0.00515	0.00442	0.00442	0.00442	0.00589	0.00368	0.00331	0.00626	0.00994	0.01178	0.04418	0.04197	0.81775	0.01105	0.00515	0.00147	0.00221	0.00920	0.00405	0.00368
31	0.04651	0.01229	0.01347	0.02406	0.17386	0.12207	0.02989	0.35266	0.12940	0.03675	0.01045	0.01103	0.00784	0.00487	0.00427	0.00131	0.00510	0.00389	0.00352	0.00675
32	0.12152	0.01068	0.01399	0.01748	0.40993	0.05934	0.01007	0.17710	0.01223	0.08341	0.03674	0.01116	0.00815	0.00452	0.00414	0.00130	0.00481	0.00382	0.00304	0.00657
33	0.00887	0.05756	0.79020	0.01222	0.01855	0.01043	0.01575	0.01378	0.00919	0.01366	0.00775	0.00911	0.00553	0.00413	0.00409	0.00136	0.00637	0.00319	0.00184	0.00641
34	0.00545	0.00408	0.00510	0.00581	0.00647	0.00373	0.00413	0.00644	0.00901	0.01164	0.04962	0.54649	0.22983	0.01273	0.00549	0.00171	0.00257	0.08201	0.00407	0.00364

[dist]
# distance from previous block
# <min> <max>
0	2

[block]
# block no. 2 follows, 60 sequences, length 14
# corresponding to MSA columns:
# 143-156
name=unknown_C
#
# <colnr> <probs for GDERKNQSTAVLIFYWHMCP>
#	G	D	E	R	K	N	Q	S	T	A	V	L	I	F	Y	W	H	M	C	P
0	0.00967	0.00712	0.00822	0.00710	0.00902	0.00744	0.02415	0.20304	0.10542	0.02977	0.20130	0.05797	0.14871	0.00753	0.00475	0.00137	0.01747	0.01706	0.12765	0.00523
1	0.03814	0.39614	0.17011	0.00940	0.01322	0.14863	0.02346	0.03505	0.10428	0.01272	0.00804	0.00882	0.00653	0.00424	0.00351	0.00115	0.00540	0.00298	0.00232	0.00585
2	0.05611	0.55148	0.21253	0.00882	0.01304	0.07102	0.00945	0.01353	0.00911	0.01162	0.00653	0.00759	0.00554	0.00390	0.00319	0.00107	0.00524	0.00258	0.00193	0.00572
3	0.00978	0.00871	0.01056	0.07034	0.01243	0.07923	0.07755	0.03510	0.23322	0.05036	0.03510	0.19764	0.05380	0.00781	0.00552	0.00155	0.06454	0.03783	0.00361	0.00532
4	0.00530	0.00423	0.00476	0.00516	0.00619	0.00370	0.00374	0.00632	0.00939	0.01162	0.03620	0.32096	0.50669	0.01200	0.00534	0.00160	0.00240	0.04669	0.00405	0.00365
5	0.02845	0.02966	0.18564	0.00963	0.01315	0.02916	0.04218	0.19200	0.10622	0.13996	0.06633	0.02550	0.03599	0.00590	0.01461	0.00144	0.03242	0.00446	0.02039	0.01692
6	0.05459	0.10458	0.07612	0.00977	0.01310	0.12187	0.04687	0.19845	0.20562	0.10849	0.01150	0.01143	0.00846	0.00494	0.00410	0.00130	0.00494	0.00383	0.00356	0.00650
7	0.00713	0.00445	0.00584	0.00631	0.00717	0.00409	0.00462	0.00826	0.00940	0.10098	0.06572	0.52265	0.11081	0.01202	0.00543	0.00170	0.00280	0.11230	0.00423	0.00407
8	0.01058	0.30274	0.48836	0.01038	0.01566	0.01227	0.01242	0.01413	0.00934	0.07529	0.00795	0.00889	0.00596	0.00410	0.00370	0.00123	0.00563	0.00301	0.00213	0.00623
9	0.03978	0.01057	0.01494	0.05188	0.50670	0.10164	0.03618	0.01349	0.03521	0.03820	0.01028	0.10228	0.00937	0.00516	0.00439	0.00135	0.00513	0.00474	0.00256	0.00616
10	0.01135	0.13630	0.05043	0.03681	0.54396	0.07493	0.01188	0.03183	0.03680	0.01373	0.00812	0.01013	0.00676	0.00403	0.00406	0.00124	0.00531	0.00358	0.00223	0.00652
11	0.07654	0.00960	0.01874	0.04103	0.01805	0.00940	0.49625	0.01233	0.00981	0.01391	0.01248	0.04236	0.02719	0.00594	0.00537	0.00159	0.02914	0.16236	0.00268	0.00525
12	0.01073	0.41469	0.28240	0.00927	0.01353	0.05146	0.01007	0.01393	0.05680	0.03568	0.00877	0.05887	0.00758	0.00468	0.00360	0.00118	0.00517	0.00347	0.00226	0.00586
13	0.04019	0.07537	0.06306	0.01370	0.23674	0.03073	0.02054	0.12850	0.10714	0.10996	0.06104	0.04632	0.01126	0.02118	0.00463	0.00139	0.00450	0.01403	0.00337	0.00636

[dist]
# distance from previous block
# <min> <max>
0	13

[block]
# block no. 3 follows, 60 sequences, length 18
# corresponding to MSA columns:
# 170-187
name=unknown_D
#
# <colnr> <probs for GDERKNQSTAVLIFYWHMCP>
#	G	D	E	R	K	N	Q	S	T	A	V	L	I	F	Y	W	H	M	C	P
0	0.00899	0.00817	0.01143	0.00991	0.01078	0.01019	0.05436	0.03931	0.08958	0.02399	0.06937	0.11599	0.03266	0.00987	0.07001	0.00212	0.41993	0.00556	0.00287	0.00489
1	0.00914	0.00859	0.01508	0.57365	0.07705	0.00991	0.13768	0.01235	0.03432	0.03359	0.00856	0.01184	0.00646	0.00439	0.00472	0.00145	0.02696	0.00413	0.01487	0.00526
2	0.03415	0.08498	0.50181	0.09553	0.04368	0.03186	0.05427	0.01419	0.02941	0.05831	0.00843	0.00985	0.00613	0.00422	0.00409	0.00135	0.00597	0.00341	0.00218	0.00618
3	0.01433	0.01202	0.02279	0.04306	0.08335	0.24390	0.00788	0.08992	0.09895	0.21407	0.07662	0.02598	0.03665	0.00556	0.00435	0.00131	0.00503	0.00441	0.00371	0.00609
4	0.00652	0.00566	0.00584	0.00637	0.00704	0.08713	0.00443	0.00752	0.00942	0.01198	0.12802	0.58012	0.09987	0.01188	0.00531	0.00163	0.00298	0.01055	0.00397	0.00378
5	0.18028	0.04501	0.11340	0.01146	0.04741	0.22907	0.14279	0.04987	0.04927	0.04403	0.00973	0.01079	0.03931	0.00457	0.00401	0.00131	0.00578	0.00366	0.00265	0.00562
6	0.01097	0.09591	0.07212	0.02263	0.62984	0.01096	0.01253	0.01398	0.04243	0.03504	0.00858	0.01063	0.00704	0.00401	0.00416	0.00127	0.00511	0.00374	0.00228	0.00676
7	0.00603	0.00461	0.00655	0.00817	0.08866	0.00451	0.00508	0.00705	0.00830	0.01122	0.02106	0.59134	0.04961	0.05323	0.11043	0.00249	0.00402	0.01018	0.00358	0.00389
8	0.04562	0.01098	0.05324	0.04007	0.13940	0.01012	0.51831	0.01298	0.00963	0.01360	0.00905	0.01302	0.00745	0.08901	0.00658	0.00171	0.00647	0.00485	0.00224	0.00565
9	0.01137	0.04443	0.01691	0.04107	0.06816	0.10009	0.29552	0.05493	0.03455	0.07656	0.11227	0.01467	0.01174	0.00526	0.00550	0.00142	0.07486	0.02205	0.00295	0.00568
10	0.01110	0.08335	0.04486	0.01447	0.05333	0.11897	0.41158	0.02905	0.02282	0.03973	0.07515	0.01449	0.01039	0.00479	0.00471	0.00138	0.00624	0.04526	0.00265	0.00567
11	0.00700	0.00506	0.00615	0.00626	0.00694	0.00529	0.00440	0.03978	0.08930	0.01160	0.01754	0.23564	0.03570	0.29288	0.12689	0.02332	0.00468	0.06075	0.01704	0.00379
12	0.07881	0.03332	0.04620	0.01395	0.01771	0.03751	0.47111	0.02696	0.01015	0.03067	0.06294	0.01213	0.00875	0.00428	0.00495	0.00135	0.03872	0.00455	0.00253	0.09340
13	0.01025	0.04493	0.06845	0.01384	0.11213	0.04646	0.27670	0.07776	0.04417	0.02934	0.09597	0.02736	0.09275	0.00557	0.00505	0.00140	0.03392	0.00527	0.00296	0.00572
14	0.01308	0.00968	0.08031	0.00936	0.01220	0.08981	0.11184	0.01503	0.01081	0.33033	0.02630	0.14534	0.05040	0.03985	0.00541	0.00155	0.00460	0.03442	0.00392	0.00577
15	0.01076	0.01070	0.01764	0.04925	0.17881	0.09217	0.33294	0.02699	0.01051	0.05643	0.02469	0.05666	0.03680	0.00581	0.01911	0.00153	0.00604	0.05474	0.00271	0.00570
16	0.00978	0.00650	0.00847	0.00747	0.00926	0.03942	0.07201	0.01168	0.04282	0.18689	0.08983	0.14900	0.17463	0.09354	0.00677	0.00179	0.00365	0.07763	0.00404	0.00480
17	0.04447	0.00853	0.01331	0.04364	0.38794	0.00857	0.04249	0.06335	0.01088	0.07277	0.09397	0.04667	0.03148	0.00614	0.00466	0.00143	0.00447	0.10610	0.00316	0.00594

[dist]
# distance from previous block
# <min> <max>
0	115

# created by:
# /st0/software/busco_prod/Augustus/scripts/msa2prfl.pl ./align_prep/142263.fa
