[name]
unknown

[dist]
# distance from previous block
# <min> <max>
1	80

[block]
# block no. 0 follows, 62 sequences, length 13
# corresponding to MSA columns:
# 226-238
name=unknown_A
#
# <colnr> <probs for GDERKNQSTAVLIFYWHMCP>
#	G	D	E	R	K	N	Q	S	T	A	V	L	I	F	Y	W	H	M	C	P
0	0.00911	0.00912	0.02469	0.08000	0.30010	0.08279	0.09052	0.01101	0.00895	0.01178	0.01182	0.05812	0.05834	0.13156	0.07428	0.00220	0.02319	0.00496	0.00238	0.00506
1	0.00667	0.00553	0.02729	0.00697	0.02602	0.00555	0.00524	0.00850	0.04298	0.01092	0.03037	0.08268	0.05174	0.13707	0.42159	0.00446	0.02839	0.00541	0.01810	0.07453
2	0.28492	0.10371	0.07014	0.00686	0.00939	0.06514	0.00602	0.02443	0.00868	0.01450	0.02627	0.08694	0.08357	0.00603	0.01520	0.00132	0.04031	0.00421	0.05049	0.09187
3	0.28238	0.00882	0.00940	0.02104	0.10556	0.10278	0.05485	0.01186	0.04678	0.01487	0.08714	0.05002	0.09370	0.00756	0.06120	0.00171	0.01536	0.00462	0.01555	0.00480
4	0.00659	0.00498	0.00544	0.00521	0.00640	0.00472	0.00382	0.08059	0.01004	0.01287	0.10653	0.05074	0.40989	0.19981	0.00872	0.00204	0.00292	0.05082	0.02412	0.00376
5	0.00890	0.00781	0.00991	0.02370	0.20427	0.03724	0.00706	0.03234	0.18150	0.01346	0.03631	0.05848	0.06630	0.13671	0.07560	0.00217	0.00459	0.00515	0.00304	0.08546
6	0.00597	0.00435	0.00613	0.00628	0.00682	0.00481	0.00459	0.00708	0.00690	0.00971	0.01356	0.14100	0.01415	0.18758	0.55476	0.00556	0.00868	0.00598	0.00258	0.00351
7	0.00661	0.00539	0.00847	0.00776	0.00865	0.00602	0.07908	0.00800	0.00712	0.01009	0.01197	0.08151	0.01197	0.14611	0.51891	0.00521	0.06553	0.00537	0.00241	0.00383
8	0.00913	0.00828	0.00857	0.00651	0.00965	0.08173	0.00501	0.01069	0.00877	0.01281	0.00824	0.01123	0.00744	0.11514	0.00566	0.00113	0.00370	0.00303	0.00250	0.68079
9	0.00838	0.00792	0.01189	0.60518	0.07678	0.04832	0.01040	0.01081	0.00872	0.01119	0.03170	0.01376	0.00796	0.06982	0.00559	0.00158	0.00536	0.02312	0.00213	0.03939
10	0.01029	0.07060	0.07135	0.10097	0.07395	0.09933	0.00858	0.08353	0.07668	0.01284	0.00889	0.01239	0.00783	0.11383	0.02751	0.00184	0.16567	0.00386	0.00246	0.04760
11	0.06359	0.03784	0.05829	0.00856	0.06143	0.09065	0.00673	0.04384	0.02657	0.04179	0.00796	0.00903	0.00638	0.00364	0.00340	0.00088	0.00404	0.00280	0.00260	0.51997
12	0.07844	0.47660	0.09359	0.00794	0.01117	0.14831	0.00758	0.01296	0.00900	0.01131	0.00701	0.00870	0.00618	0.03833	0.02458	0.00129	0.00516	0.00273	0.04396	0.00516

[dist]
# distance from previous block
# <min> <max>
0	9

[block]
# block no. 1 follows, 62 sequences, length 35
# corresponding to MSA columns:
# 248-278,280-283
name=unknown_B
#
# <colnr> <probs for GDERKNQSTAVLIFYWHMCP>
#	G	D	E	R	K	N	Q	S	T	A	V	L	I	F	Y	W	H	M	C	P
0	0.00874	0.00903	0.08059	0.01455	0.28444	0.00774	0.09774	0.04119	0.01070	0.01522	0.27070	0.05030	0.01819	0.00575	0.00452	0.00129	0.00416	0.00537	0.00310	0.06667
1	0.04409	0.68598	0.04854	0.00786	0.03387	0.01499	0.00743	0.01277	0.00875	0.04033	0.00707	0.03590	0.00644	0.00405	0.00297	0.00099	0.00444	0.00276	0.00207	0.02869
2	0.00865	0.00885	0.08912	0.00763	0.04348	0.00614	0.00634	0.01083	0.00894	0.01381	0.03116	0.03996	0.00798	0.00379	0.00342	0.00079	0.00348	0.00313	0.00255	0.69995
3	0.00941	0.05478	0.15653	0.00862	0.05688	0.00750	0.00757	0.02402	0.04298	0.04589	0.03437	0.01076	0.00797	0.03255	0.00415	0.00102	0.00394	0.00316	0.00261	0.48531
4	0.06110	0.00591	0.06003	0.00603	0.00755	0.00514	0.00503	0.00799	0.00842	0.01199	0.07256	0.03654	0.25410	0.07182	0.27356	0.00332	0.00571	0.03786	0.03180	0.03354
5	0.00957	0.07703	0.35961	0.01142	0.08289	0.00995	0.03518	0.01536	0.21288	0.03583	0.05115	0.01267	0.02556	0.00478	0.00410	0.00131	0.00486	0.00396	0.00278	0.03910
6	0.00925	0.00755	0.00887	0.00636	0.01012	0.00570	0.00509	0.01113	0.00896	0.04799	0.00795	0.00906	0.00648	0.00324	0.00320	0.00066	0.00317	0.00259	0.00264	0.83999
7	0.01340	0.00989	0.01082	0.00869	0.01178	0.01057	0.00701	0.34346	0.30396	0.09392	0.01299	0.01244	0.00947	0.00509	0.00413	0.00125	0.00390	0.00404	0.00413	0.12905
8	0.01053	0.01011	0.01727	0.02612	0.82392	0.01011	0.01306	0.01306	0.00969	0.01390	0.00800	0.01053	0.00674	0.00379	0.00421	0.00126	0.00505	0.00379	0.00211	0.00674
9	0.00531	0.00380	0.00507	0.00595	0.00629	0.00355	0.00406	0.00620	0.00851	0.01141	0.08519	0.75433	0.02893	0.01291	0.00542	0.00171	0.00249	0.04135	0.00401	0.00352
10	0.00600	0.00401	0.00475	0.00498	0.00504	0.00395	0.00295	0.00610	0.00662	0.00883	0.01553	0.22007	0.01812	0.61985	0.01764	0.03874	0.00372	0.00748	0.00287	0.00276
11	0.00757	0.00628	0.00958	0.36084	0.03865	0.00708	0.00874	0.03847	0.00951	0.01239	0.03585	0.10880	0.03103	0.00819	0.00501	0.00164	0.00449	0.29845	0.00305	0.00441
12	0.00580	0.00433	0.00539	0.00515	0.00623	0.00392	0.00385	0.00759	0.01148	0.01580	0.64629	0.05110	0.19891	0.00922	0.00503	0.00137	0.00205	0.00805	0.00452	0.00392
13	0.00970	0.01304	0.19785	0.08923	0.08981	0.01043	0.39239	0.03611	0.05626	0.01385	0.00889	0.02142	0.00682	0.00417	0.00488	0.00141	0.03119	0.00440	0.00225	0.00590
14	0.00803	0.00763	0.01313	0.76361	0.02803	0.00929	0.05466	0.01083	0.00858	0.01102	0.00823	0.04352	0.00658	0.00457	0.00434	0.00143	0.00563	0.00417	0.00198	0.00473
15	0.00540	0.00434	0.00483	0.00476	0.00605	0.00377	0.00361	0.00680	0.01043	0.01326	0.28266	0.03838	0.55191	0.01017	0.00506	0.00143	0.00217	0.03708	0.00418	0.00373
16	0.01008	0.00959	0.01625	0.05154	0.68542	0.00964	0.03739	0.01286	0.03099	0.01414	0.07256	0.01241	0.00950	0.00424	0.00431	0.00129	0.00486	0.00417	0.00236	0.00642
17	0.00987	0.00825	0.01026	0.11007	0.02775	0.00741	0.02081	0.10394	0.04645	0.02797	0.00848	0.00978	0.00671	0.00368	0.00354	0.00088	0.00376	0.00303	0.00275	0.58461
18	0.00696	0.00499	0.00607	0.00599	0.00680	0.00505	0.00427	0.07329	0.02043	0.02769	0.11674	0.25757	0.10802	0.21855	0.07617	0.00261	0.02151	0.02991	0.00358	0.00382
19	0.01084	0.00940	0.01535	0.08597	0.54978	0.00951	0.04142	0.07055	0.01054	0.06713	0.03069	0.03438	0.03603	0.00462	0.00433	0.00131	0.00482	0.00436	0.00263	0.00635
20	0.67397	0.00847	0.00730	0.00656	0.00869	0.03598	0.00537	0.01199	0.00735	0.01702	0.00670	0.00917	0.00574	0.02329	0.02641	0.00160	0.11088	0.02640	0.00255	0.00454
21	0.01199	0.01349	0.01102	0.03794	0.01222	0.41503	0.06226	0.01432	0.08429	0.02460	0.03303	0.08600	0.05470	0.02538	0.01513	0.00142	0.05117	0.00464	0.03654	0.00484
22	0.00962	0.02618	0.00941	0.00685	0.01025	0.03463	0.00550	0.03404	0.03346	0.04192	0.00901	0.02602	0.02074	0.00391	0.00378	0.00080	0.03724	0.00303	0.00272	0.68091
23	0.00692	0.00510	0.00748	0.04870	0.00845	0.00605	0.00558	0.00755	0.00669	0.00951	0.03390	0.01573	0.01015	0.07370	0.41660	0.20947	0.11839	0.00440	0.00219	0.00343
24	0.00736	0.02210	0.00660	0.06259	0.02261	0.00459	0.00453	0.00636	0.00615	0.00814	0.00927	0.01454	0.04057	0.04491	0.06060	0.66641	0.00426	0.00403	0.00199	0.00242
25	0.00858	0.07946	0.49591	0.01134	0.01589	0.02250	0.09762	0.01221	0.00897	0.01279	0.03525	0.11230	0.00941	0.00545	0.00482	0.00140	0.05372	0.00455	0.00220	0.00563
26	0.01038	0.00999	0.01660	0.09854	0.72137	0.02111	0.01272	0.01315	0.02981	0.01368	0.00818	0.01070	0.00678	0.00389	0.00421	0.00128	0.00510	0.00380	0.00214	0.00653
27	0.01059	0.11948	0.05054	0.26489	0.20691	0.08534	0.05739	0.04175	0.03663	0.03815	0.00847	0.02358	0.00687	0.00441	0.00426	0.00130	0.02119	0.01030	0.00229	0.00564
28	0.00552	0.00458	0.00495	0.00488	0.00620	0.00414	0.00366	0.00722	0.04747	0.01241	0.14345	0.06923	0.60472	0.02115	0.03015	0.00163	0.01237	0.00851	0.00398	0.00380
29	0.00527	0.00380	0.00502	0.00596	0.00631	0.00355	0.00408	0.00610	0.00832	0.01100	0.02439	0.76035	0.06781	0.01311	0.00544	0.00173	0.00254	0.05779	0.00395	0.00349
30	0.01068	0.04961	0.07496	0.14968	0.25769	0.05015	0.02015	0.03978	0.10729	0.08114	0.04905	0.01325	0.00956	0.05120	0.00513	0.00146	0.00481	0.00412	0.01442	0.00587
31	0.04231	0.23593	0.29667	0.03297	0.03941	0.03864	0.08722	0.04640	0.00961	0.06624	0.00827	0.00950	0.01451	0.00424	0.00416	0.00124	0.03903	0.00329	0.01450	0.00586
32	0.00544	0.00389	0.00489	0.00558	0.00591	0.00366	0.00371	0.00610	0.00793	0.01044	0.02305	0.57557	0.09536	0.18817	0.00881	0.00221	0.00284	0.03946	0.00366	0.00330
33	0.48294	0.00988	0.03662	0.01319	0.28309	0.04610	0.00817	0.01282	0.00830	0.01639	0.00669	0.00834	0.00543	0.00408	0.00378	0.00131	0.04220	0.00291	0.00238	0.00539
34	0.00535	0.00387	0.00493	0.00567	0.00607	0.00361	0.00384	0.00613	0.00827	0.01087	0.04151	0.62656	0.11639	0.09724	0.00703	0.00194	0.00265	0.04084	0.00383	0.00341

[dist]
# distance from previous block
# <min> <max>
3	13

[block]
# block no. 2 follows, 62 sequences, length 36
# corresponding to MSA columns:
# 297-331,333
name=unknown_C
#
# <colnr> <probs for GDERKNQSTAVLIFYWHMCP>
#	G	D	E	R	K	N	Q	S	T	A	V	L	I	F	Y	W	H	M	C	P
0	0.02718	0.35304	0.12698	0.06917	0.07498	0.05532	0.01986	0.05975	0.00972	0.06413	0.02032	0.00924	0.00663	0.00437	0.00429	0.00118	0.06832	0.00312	0.01671	0.00569
1	0.00654	0.00515	0.00637	0.00608	0.02881	0.00465	0.00440	0.00829	0.02553	0.01355	0.28874	0.05505	0.18733	0.08297	0.08024	0.00200	0.00344	0.02788	0.00363	0.15935
2	0.01268	0.00735	0.00845	0.00713	0.00940	0.05170	0.00563	0.04792	0.13382	0.32723	0.27553	0.02046	0.04194	0.00653	0.00449	0.00133	0.00325	0.00548	0.02383	0.00583
3	0.00581	0.00439	0.00490	0.00474	0.00598	0.00384	0.00349	0.00709	0.01017	0.03535	0.27144	0.03640	0.49994	0.08007	0.00639	0.00163	0.00232	0.00824	0.00409	0.00373
4	0.00593	0.00428	0.00545	0.00527	0.00624	0.00393	0.00391	0.00775	0.01141	0.01603	0.66050	0.10212	0.10305	0.00914	0.00498	0.00137	0.00206	0.00805	0.03460	0.00393
5	0.01053	0.01011	0.01727	0.02612	0.82392	0.01011	0.01306	0.01306	0.00969	0.01390	0.00800	0.01053	0.00674	0.00379	0.00421	0.00126	0.00505	0.00379	0.00211	0.00674
6	0.01589	0.02028	0.01206	0.01096	0.01315	0.83338	0.00822	0.01699	0.01206	0.01041	0.00658	0.00767	0.00548	0.00438	0.00384	0.00110	0.00767	0.00274	0.00219	0.00493
7	0.00727	0.00631	0.00663	0.00620	0.00795	0.00657	0.00477	0.01246	0.31239	0.01382	0.03203	0.03036	0.48796	0.00877	0.00510	0.00146	0.03392	0.00722	0.00402	0.00481
8	0.00892	0.00775	0.00945	0.00680	0.01056	0.00599	0.03501	0.01114	0.03031	0.01396	0.00786	0.00911	0.00649	0.00324	0.00325	0.00068	0.00331	0.00267	0.00256	0.82095
9	0.00943	0.09075	0.68891	0.01158	0.01733	0.05518	0.01435	0.04112	0.00950	0.01348	0.00752	0.00878	0.00546	0.00406	0.00393	0.00130	0.00616	0.00307	0.00191	0.00618
10	0.00878	0.00886	0.00746	0.00737	0.00874	0.22888	0.00574	0.01044	0.02632	0.01264	0.18141	0.05893	0.17672	0.03201	0.00538	0.00154	0.00416	0.20689	0.00358	0.00415
11	0.01319	0.01405	0.00942	0.00855	0.01041	0.50420	0.01958	0.01465	0.01095	0.04295	0.00950	0.01080	0.00755	0.00460	0.00358	0.00107	0.00556	0.00326	0.30144	0.00470
12	0.04590	0.00907	0.05780	0.02419	0.04713	0.00813	0.06753	0.12972	0.02237	0.43986	0.03036	0.01479	0.04177	0.00538	0.00451	0.00135	0.01985	0.01949	0.00424	0.00659
13	0.00807	0.05390	0.04401	0.31902	0.13095	0.00825	0.03117	0.01062	0.02480	0.01210	0.03090	0.10540	0.02321	0.00686	0.00467	0.00151	0.00472	0.17231	0.00270	0.00485
14	0.00522	0.00373	0.00498	0.00597	0.00623	0.00349	0.00402	0.00599	0.00819	0.01091	0.02343	0.82896	0.02806	0.01329	0.00544	0.00173	0.00250	0.03044	0.00395	0.00347
15	0.00724	0.00380	0.00570	0.00570	0.00579	0.00389	0.00389	0.00579	0.00570	0.00769	0.00787	0.01338	0.00778	0.01681	0.11331	0.77332	0.00461	0.00380	0.00190	0.00208
16	0.01013	0.00969	0.01582	0.16900	0.54259	0.02798	0.04868	0.04219	0.02059	0.01363	0.00915	0.01169	0.02846	0.00489	0.02629	0.00145	0.00538	0.00400	0.00224	0.00615
17	0.00554	0.00433	0.00502	0.00485	0.00606	0.00381	0.00364	0.00710	0.01091	0.01437	0.44550	0.03621	0.41800	0.00970	0.00502	0.00139	0.00208	0.00832	0.00433	0.00381
18	0.01053	0.01011	0.01727	0.02612	0.82392	0.01011	0.01306	0.01306	0.00969	0.01390	0.00800	0.01053	0.00674	0.00379	0.00421	0.00126	0.00505	0.00379	0.00211	0.00674
19	0.00931	0.00931	0.01303	0.01117	0.01117	0.01303	0.00931	0.01024	0.00652	0.01024	0.00559	0.00931	0.00559	0.00745	0.01396	0.00186	0.84267	0.00372	0.00186	0.00465
20	0.00553	0.00381	0.00502	0.00590	0.00627	0.00355	0.00400	0.00635	0.00831	0.02586	0.02361	0.77662	0.04852	0.01289	0.00535	0.00170	0.00250	0.02629	0.02436	0.00355
21	0.00537	0.00432	0.00478	0.00467	0.00596	0.00374	0.00350	0.00676	0.01050	0.01340	0.30921	0.03782	0.55490	0.01007	0.00503	0.00140	0.00210	0.00854	0.00420	0.00374
22	0.01019	0.01051	0.06393	0.08063	0.65129	0.00993	0.03706	0.03012	0.00988	0.01405	0.03613	0.01125	0.00774	0.00403	0.00426	0.00129	0.00512	0.00393	0.00221	0.00646
23	0.00532	0.00431	0.00473	0.00465	0.00593	0.00371	0.00348	0.00667	0.01036	0.01312	0.27225	0.05239	0.57775	0.01021	0.00503	0.00141	0.00212	0.00866	0.00417	0.00371
24	0.00929	0.00852	0.04610	0.00849	0.02423	0.00879	0.03271	0.01786	0.52879	0.01677	0.14315	0.05180	0.03868	0.00645	0.00446	0.00141	0.00332	0.00555	0.03770	0.00593
25	0.00882	0.00756	0.00882	0.00630	0.01008	0.00567	0.00504	0.01071	0.00882	0.01387	0.00756	0.00882	0.00630	0.00315	0.00315	0.00063	0.00315	0.00252	0.00252	0.87647
26	0.00516	0.00427	0.00453	0.00455	0.00585	0.00364	0.00338	0.00634	0.00989	0.01215	0.13982	0.09451	0.66985	0.01069	0.00505	0.00144	0.00216	0.00903	0.00404	0.00364
27	0.01057	0.02537	0.04349	0.10537	0.11401	0.08036	0.07674	0.04681	0.36813	0.01548	0.04969	0.01404	0.02067	0.00512	0.00432	0.00136	0.00463	0.00445	0.00328	0.00609
28	0.00721	0.00520	0.00635	0.00612	0.00686	0.00542	0.02563	0.00969	0.14127	0.02629	0.01563	0.14045	0.01634	0.43660	0.06494	0.00318	0.00419	0.03467	0.04021	0.00375
29	0.00868	0.00743	0.00871	0.02043	0.01022	0.00575	0.00512	0.01079	0.02649	0.01391	0.02783	0.01044	0.02971	0.00357	0.00329	0.00070	0.00314	0.00289	0.00264	0.79825
30	0.01071	0.36995	0.05104	0.00837	0.01087	0.18801	0.00744	0.01219	0.00880	0.01023	0.00756	0.00984	0.00683	0.01147	0.22268	0.00258	0.05140	0.00309	0.00202	0.00490
31	0.65305	0.00970	0.00880	0.00941	0.13159	0.08672	0.02078	0.01303	0.00811	0.01740	0.00635	0.00761	0.00504	0.00396	0.00303	0.00129	0.00404	0.00262	0.00250	0.00498
32	0.00687	0.01117	0.32879	0.00821	0.01098	0.00625	0.00854	0.00928	0.00840	0.01179	0.03038	0.26651	0.04629	0.14714	0.00751	0.00194	0.00433	0.05733	0.00285	0.02543
33	0.00892	0.04087	0.00935	0.00634	0.01012	0.00611	0.00513	0.01079	0.00882	0.01371	0.00750	0.00874	0.00627	0.00317	0.00313	0.00064	0.00321	0.00251	0.00249	0.84216
34	0.01090	0.11610	0.14131	0.01086	0.08506	0.02415	0.03947	0.06611	0.36063	0.04785	0.03430	0.01326	0.02126	0.00504	0.00412	0.00132	0.00438	0.00417	0.00334	0.00638
35	0.01146	0.13438	0.30219	0.01033	0.06183	0.06516	0.01009	0.04255	0.05426	0.14900	0.02891	0.01219	0.04002	0.02333	0.00433	0.00130	0.00498	0.00371	0.00284	0.03713

[dist]
# distance from previous block
# <min> <max>
7	10

[block]
# block no. 3 follows, 62 sequences, length 11
# corresponding to MSA columns:
# 347-357
name=unknown_D
#
# <colnr> <probs for GDERKNQSTAVLIFYWHMCP>
#	G	D	E	R	K	N	Q	S	T	A	V	L	I	F	Y	W	H	M	C	P
0	0.05831	0.09833	0.54922	0.03340	0.01618	0.01040	0.01276	0.01356	0.03600	0.04187	0.00791	0.00916	0.00585	0.00425	0.00435	0.00131	0.04959	0.00313	0.00209	0.04235
1	0.01381	0.13877	0.04089	0.01069	0.04617	0.50441	0.00830	0.04622	0.06509	0.01164	0.00753	0.00873	0.00626	0.00531	0.02323	0.02056	0.03182	0.00300	0.00233	0.00524
2	0.88052	0.00823	0.00625	0.00560	0.00823	0.00955	0.00461	0.01251	0.00724	0.01909	0.00592	0.00691	0.00461	0.00395	0.00263	0.00132	0.00329	0.00230	0.00263	0.00461
3	0.00957	0.11028	0.33872	0.01371	0.13870	0.01056	0.13157	0.03151	0.08606	0.01413	0.06682	0.01166	0.00901	0.00441	0.00417	0.00131	0.00542	0.00392	0.00240	0.00608
4	0.00626	0.00403	0.00476	0.00512	0.00561	0.00394	0.00348	0.00719	0.00789	0.01138	0.01895	0.27368	0.07215	0.26032	0.04404	0.00247	0.00328	0.05193	0.21014	0.00337
5	0.00667	0.00549	0.00727	0.14842	0.01094	0.00586	0.00585	0.03442	0.04263	0.01274	0.14515	0.13298	0.24161	0.01156	0.09757	0.00209	0.03628	0.04485	0.00347	0.00416
6	0.00660	0.00462	0.00583	0.00553	0.00667	0.00430	0.00421	0.00830	0.01113	0.05935	0.52846	0.08080	0.19337	0.00926	0.00528	0.00141	0.02582	0.03055	0.00442	0.00409
7	0.01068	0.00852	0.00920	0.02403	0.02261	0.03462	0.00636	0.18589	0.29943	0.04932	0.07869	0.03592	0.13331	0.04138	0.00541	0.00151	0.02048	0.02285	0.00404	0.00576
8	0.09228	0.05659	0.01425	0.05343	0.42354	0.00941	0.02612	0.01224	0.00904	0.01392	0.00750	0.00958	0.00627	0.00377	0.00403	0.00112	0.02970	0.00327	0.00223	0.22172
9	0.01056	0.06063	0.08733	0.11035	0.38763	0.04391	0.02975	0.01396	0.08187	0.05917	0.02177	0.03406	0.00822	0.00445	0.00415	0.00128	0.00496	0.00400	0.00252	0.02942
10	0.00537	0.00408	0.00495	0.00524	0.00609	0.00366	0.00374	0.00658	0.00976	0.01284	0.25769	0.35522	0.28699	0.01119	0.00518	0.00152	0.00224	0.00984	0.00416	0.00366

[dist]
# distance from previous block
# <min> <max>
1	6

[block]
# block no. 4 follows, 62 sequences, length 11
# corresponding to MSA columns:
# 364-374
name=unknown_E
#
# <colnr> <probs for GDERKNQSTAVLIFYWHMCP>
#	G	D	E	R	K	N	Q	S	T	A	V	L	I	F	Y	W	H	M	C	P
0	0.00975	0.13243	0.23058	0.00949	0.03845	0.04544	0.04506	0.06886	0.00991	0.01384	0.03217	0.03328	0.02537	0.01919	0.00404	0.00111	0.00468	0.00352	0.00244	0.27041
1	0.05294	0.05417	0.19272	0.02545	0.18663	0.04589	0.02315	0.04769	0.11888	0.10427	0.06351	0.03442	0.01046	0.00504	0.00415	0.00132	0.00470	0.01547	0.00303	0.00612
2	0.00851	0.00778	0.01339	0.55085	0.12683	0.00890	0.07923	0.01117	0.00892	0.02707	0.02423	0.06544	0.00824	0.00485	0.00436	0.00140	0.00528	0.00451	0.03407	0.00499
3	0.00571	0.00566	0.07518	0.00622	0.00741	0.00441	0.00503	0.00731	0.02689	0.01172	0.07285	0.43458	0.21120	0.01298	0.07283	0.00202	0.00347	0.02698	0.00368	0.00387
4	0.00934	0.06270	0.43868	0.03493	0.07399	0.00975	0.12435	0.04914	0.00977	0.03848	0.02374	0.06466	0.03174	0.00490	0.00428	0.00135	0.00562	0.00431	0.00234	0.00593
5	0.04121	0.00792	0.06181	0.00780	0.01079	0.00652	0.02215	0.05230	0.01157	0.55940	0.04426	0.12876	0.01325	0.00634	0.00441	0.00138	0.00368	0.00534	0.00466	0.00644
6	0.01035	0.00764	0.01000	0.13793	0.01334	0.00827	0.05070	0.08310	0.26670	0.11496	0.04085	0.15670	0.04203	0.00682	0.00454	0.00144	0.00380	0.00596	0.02923	0.00564
7	0.00873	0.13283	0.52484	0.01095	0.03178	0.02177	0.03673	0.01241	0.00907	0.01278	0.03582	0.04130	0.04841	0.00507	0.00437	0.00133	0.03113	0.02280	0.00215	0.00574
8	0.01137	0.12367	0.19685	0.03996	0.19480	0.05899	0.12544	0.07950	0.02352	0.07443	0.02623	0.01051	0.00727	0.00420	0.00410	0.00126	0.00551	0.00370	0.00251	0.00618
9	0.00637	0.00462	0.00567	0.00592	0.03376	0.00481	0.00360	0.00674	0.00667	0.00898	0.01489	0.05273	0.06635	0.62492	0.09340	0.00392	0.04479	0.00621	0.00263	0.00303
10	0.00907	0.15950	0.15281	0.07574	0.07777	0.06235	0.07347	0.01179	0.04232	0.01230	0.07174	0.05185	0.07074	0.05180	0.00541	0.00148	0.02596	0.03622	0.00258	0.00512

[dist]
# distance from previous block
# <min> <max>
0	2

[block]
# block no. 5 follows, 62 sequences, length 21
# corresponding to MSA columns:
# 380-400
name=unknown_F
#
# <colnr> <probs for GDERKNQSTAVLIFYWHMCP>
#	G	D	E	R	K	N	Q	S	T	A	V	L	I	F	Y	W	H	M	C	P
0	0.00917	0.01588	0.02893	0.02222	0.06334	0.00613	0.01274	0.01131	0.02361	0.06557	0.09080	0.02362	0.02099	0.00465	0.00386	0.01099	0.00338	0.03356	0.00296	0.54628
1	0.01964	0.02718	0.03580	0.08452	0.50462	0.04907	0.02146	0.01277	0.03372	0.03695	0.03553	0.07216	0.01000	0.00508	0.00433	0.00133	0.00485	0.03244	0.00252	0.00602
2	0.00927	0.00906	0.03318	0.38609	0.40316	0.00976	0.01218	0.01192	0.00902	0.01247	0.00786	0.01095	0.00630	0.00416	0.00454	0.00135	0.03490	0.00377	0.02437	0.00569
3	0.00572	0.00409	0.00550	0.00640	0.00690	0.00392	0.00475	0.00684	0.00870	0.01151	0.04408	0.55137	0.04341	0.03763	0.00603	0.00185	0.00292	0.24090	0.00392	0.00358
4	0.01148	0.61719	0.07746	0.00990	0.07915	0.09221	0.03694	0.01325	0.00913	0.01074	0.00637	0.00753	0.00560	0.00375	0.00313	0.00101	0.00510	0.00260	0.00189	0.00558
5	0.24830	0.05477	0.01079	0.08436	0.07917	0.03672	0.00730	0.18547	0.08755	0.04106	0.00914	0.01035	0.00709	0.00684	0.07633	0.00175	0.00488	0.00340	0.00302	0.04171
6	0.01016	0.38707	0.22190	0.02784	0.05120	0.02829	0.00962	0.01357	0.09045	0.01208	0.00889	0.00986	0.03256	0.00438	0.00395	0.00115	0.04296	0.00315	0.00219	0.03872
7	0.03792	0.03840	0.00916	0.03459	0.01055	0.04039	0.00626	0.01787	0.52806	0.01609	0.08413	0.08490	0.06041	0.00667	0.00438	0.00142	0.00339	0.00559	0.00400	0.00582
8	0.00555	0.00420	0.00536	0.00618	0.03505	0.00384	0.00416	0.00653	0.00900	0.01174	0.11384	0.45441	0.24457	0.01180	0.00566	0.03399	0.00251	0.03408	0.00389	0.00362
9	0.06836	0.00954	0.06156	0.24888	0.28344	0.00946	0.06291	0.06288	0.02372	0.03043	0.02134	0.01347	0.03832	0.00471	0.00425	0.00136	0.00501	0.03217	0.01251	0.00569
10	0.00959	0.04684	0.21798	0.22535	0.30572	0.03683	0.01254	0.03681	0.00947	0.01301	0.00805	0.02228	0.00646	0.00488	0.02541	0.00145	0.00570	0.00367	0.00206	0.00590
11	0.01071	0.30209	0.05695	0.04307	0.21428	0.07523	0.10510	0.01281	0.00931	0.02206	0.02399	0.03456	0.00743	0.00485	0.01850	0.00130	0.04632	0.00364	0.00213	0.00565
12	0.01070	0.00708	0.00827	0.00747	0.00924	0.00735	0.00574	0.27251	0.04973	0.10357	0.01765	0.38037	0.01781	0.00899	0.00478	0.00150	0.00339	0.03534	0.04321	0.00529
13	0.00805	0.00754	0.01269	0.77393	0.06463	0.00927	0.01160	0.01080	0.00855	0.01101	0.00814	0.04066	0.00651	0.00455	0.00429	0.00142	0.00553	0.00407	0.00197	0.00477
14	0.00742	0.07724	0.00956	0.02703	0.06532	0.05186	0.05309	0.00857	0.00853	0.01106	0.01717	0.45083	0.02960	0.02199	0.02252	0.03018	0.04570	0.05504	0.00317	0.00413
15	0.00991	0.00957	0.01681	0.10497	0.54697	0.00967	0.12312	0.03073	0.00973	0.01361	0.00935	0.07859	0.00834	0.00461	0.00443	0.00134	0.00519	0.00464	0.00229	0.00614
16	0.00739	0.00370	0.00554	0.00554	0.00554	0.00370	0.00370	0.00554	0.00554	0.00739	0.00739	0.01293	0.00739	0.01478	0.01663	0.87620	0.00370	0.00370	0.00185	0.00185
17	0.00709	0.00664	0.00670	0.00697	0.00775	0.13527	0.02802	0.00810	0.00922	0.01144	0.09150	0.58965	0.05306	0.01113	0.00512	0.00157	0.00338	0.00991	0.00368	0.00381
18	0.01353	0.03536	0.05219	0.02887	0.07928	0.41210	0.05636	0.08174	0.09837	0.04365	0.03555	0.02632	0.00834	0.00480	0.00410	0.00122	0.00611	0.00370	0.00278	0.00561
19	0.36960	0.00840	0.00881	0.00697	0.01007	0.02503	0.03507	0.03762	0.02332	0.12465	0.00834	0.00904	0.00629	0.00401	0.00347	0.00111	0.02261	0.00287	0.00298	0.28973
20	0.02322	0.00504	0.00685	0.07062	0.00845	0.02070	0.00501	0.00802	0.03273	0.04013	0.01021	0.05122	0.00993	0.08754	0.15707	0.41292	0.02461	0.02027	0.00235	0.00312

[dist]
# distance from previous block
# <min> <max>
0	54

# created by:
# /st0/software/busco_prod/Augustus/scripts/msa2prfl.pl ./align_prep/142467.fa
