[name]
unknown

[dist]
# distance from previous block
# <min> <max>
14	42

[block]
# block no. 0 follows, 67 sequences, length 10
# corresponding to MSA columns:
# 55-64
name=unknown_A
#
# <colnr> <probs for GDERKNQSTAVLIFYWHMCP>
#	G	D	E	R	K	N	Q	S	T	A	V	L	I	F	Y	W	H	M	C	P
0	0.02643	0.00726	0.00923	0.00821	0.03486	0.07037	0.12474	0.01117	0.14454	0.02955	0.16204	0.05920	0.21678	0.03218	0.02241	0.00151	0.00372	0.02791	0.00340	0.00450
1	0.05301	0.00761	0.00946	0.14522	0.01265	0.03460	0.04585	0.08821	0.07089	0.07151	0.03334	0.02366	0.03600	0.06671	0.03216	0.00145	0.00411	0.00386	0.01472	0.24499
2	0.00837	0.00657	0.00731	0.00701	0.04707	0.06498	0.00506	0.13003	0.01191	0.05219	0.44364	0.08082	0.10393	0.00753	0.00450	0.00127	0.00290	0.00646	0.00398	0.00448
3	0.00760	0.00709	0.01190	0.71283	0.10101	0.00857	0.01072	0.01011	0.00810	0.01051	0.00823	0.07069	0.00694	0.00458	0.00408	0.00134	0.00508	0.00412	0.00194	0.00455
4	0.00839	0.00833	0.06819	0.00821	0.00985	0.06162	0.09633	0.08539	0.08586	0.01174	0.01093	0.04216	0.01047	0.27613	0.14468	0.00296	0.05719	0.00475	0.00257	0.00426
5	0.00669	0.00590	0.00956	0.54793	0.01995	0.00705	0.00861	0.00873	0.00778	0.01016	0.01142	0.23482	0.01138	0.00869	0.08228	0.00189	0.00505	0.00570	0.00233	0.00406
6	0.00792	0.00613	0.00809	0.00735	0.00843	0.00722	0.00582	0.16473	0.00878	0.01236	0.01000	0.01428	0.00908	0.06221	0.54739	0.00478	0.10456	0.00415	0.00248	0.00424
7	0.00737	0.00638	0.00890	0.00803	0.00821	0.00830	0.00633	0.00801	0.00608	0.00902	0.00798	0.01365	0.00811	0.14997	0.22377	0.08395	0.42628	0.00408	0.00196	0.00363
8	0.01459	0.01029	0.13241	0.01008	0.09447	0.00856	0.00828	0.20726	0.06211	0.39145	0.01229	0.01164	0.00826	0.00465	0.00399	0.00124	0.00414	0.00376	0.00391	0.00662
9	0.01004	0.34187	0.41713	0.00947	0.01406	0.03280	0.02874	0.03234	0.00887	0.06027	0.00714	0.00804	0.00546	0.00376	0.00337	0.00110	0.00517	0.00276	0.00197	0.00566

[dist]
# distance from previous block
# <min> <max>
5	9

[block]
# block no. 1 follows, 67 sequences, length 7
# corresponding to MSA columns:
# 75-81
name=unknown_B
#
# <colnr> <probs for GDERKNQSTAVLIFYWHMCP>
#	G	D	E	R	K	N	Q	S	T	A	V	L	I	F	Y	W	H	M	C	P
0	0.00830	0.00757	0.01220	0.62908	0.12598	0.00893	0.01059	0.06199	0.00879	0.01161	0.00749	0.01067	0.00578	0.00508	0.03959	0.00150	0.00536	0.00356	0.00198	0.03392
1	0.03550	0.00767	0.01169	0.69952	0.06131	0.04508	0.01041	0.01077	0.00821	0.03438	0.00748	0.01094	0.00577	0.03015	0.00445	0.00139	0.00523	0.00356	0.00194	0.00455
2	0.09355	0.00537	0.00725	0.04023	0.00818	0.00651	0.00544	0.00791	0.00638	0.01000	0.00929	0.01455	0.00891	0.11174	0.47606	0.03896	0.13984	0.00407	0.00212	0.00362
3	0.80016	0.00739	0.00584	0.00525	0.00758	0.00848	0.00429	0.01137	0.00727	0.01780	0.08733	0.00883	0.00766	0.00417	0.00270	0.00124	0.00298	0.00267	0.00267	0.00429
4	0.00574	0.00426	0.00626	0.00626	0.00692	0.00491	0.00479	0.00705	0.00639	0.00918	0.01091	0.01667	0.01042	0.10244	0.77134	0.00622	0.01014	0.00443	0.00217	0.00348
5	0.00891	0.09057	0.34882	0.03474	0.20913	0.04831	0.02862	0.01223	0.03424	0.01254	0.05066	0.01104	0.02134	0.01831	0.00421	0.00125	0.01896	0.00352	0.03705	0.00554
6	0.00954	0.44778	0.35466	0.00875	0.01307	0.04555	0.01000	0.01219	0.00845	0.01085	0.00773	0.00864	0.03970	0.00390	0.00321	0.00105	0.00498	0.00276	0.00180	0.00537

[dist]
# distance from previous block
# <min> <max>
3	4

[block]
# block no. 2 follows, 67 sequences, length 10
# corresponding to MSA columns:
# 87-96
name=unknown_C
#
# <colnr> <probs for GDERKNQSTAVLIFYWHMCP>
#	G	D	E	R	K	N	Q	S	T	A	V	L	I	F	Y	W	H	M	C	P
0	0.00901	0.00903	0.05341	0.11964	0.06970	0.02534	0.27411	0.07495	0.02708	0.02941	0.01180	0.06313	0.02920	0.00595	0.01645	0.00146	0.02276	0.12161	0.01687	0.01909
1	0.16452	0.00909	0.04448	0.29962	0.19384	0.00971	0.02862	0.13951	0.04725	0.01505	0.00779	0.00973	0.00594	0.00404	0.00374	0.00127	0.00464	0.00338	0.00241	0.00538
2	0.88738	0.00776	0.00589	0.00527	0.00776	0.00900	0.00434	0.01179	0.00683	0.01799	0.00558	0.00651	0.00434	0.00372	0.00248	0.00124	0.00310	0.00217	0.00248	0.00434
3	0.00613	0.00478	0.00582	0.00600	0.00704	0.00456	0.00429	0.00855	0.12602	0.01164	0.01979	0.56958	0.04802	0.01009	0.00467	0.00144	0.00256	0.03020	0.00359	0.12521
4	0.00498	0.00359	0.00474	0.00562	0.00595	0.00335	0.00386	0.00576	0.00784	0.01037	0.02293	0.76768	0.06444	0.01236	0.00513	0.00163	0.00240	0.06037	0.00372	0.00329
5	0.05246	0.00713	0.00829	0.00602	0.00949	0.00558	0.00484	0.01106	0.00854	0.08977	0.00786	0.00872	0.00623	0.00319	0.00304	0.00069	0.00302	0.00252	0.00262	0.75894
6	0.00818	0.00792	0.01233	0.46502	0.05751	0.01033	0.01021	0.01010	0.00729	0.01013	0.00638	0.00986	0.00536	0.00523	0.00779	0.00150	0.35501	0.00354	0.00178	0.00451
7	0.00830	0.02568	0.04315	0.00757	0.03572	0.04526	0.02558	0.07920	0.14407	0.03176	0.21183	0.13751	0.08296	0.01817	0.02476	0.01767	0.01605	0.00604	0.00353	0.03518
8	0.07232	0.29286	0.12440	0.01025	0.12076	0.05595	0.02618	0.11095	0.00984	0.02548	0.02514	0.02653	0.02607	0.00466	0.01876	0.00118	0.00463	0.00322	0.00233	0.03849
9	0.29951	0.13431	0.03742	0.00826	0.06327	0.13978	0.00647	0.06298	0.04388	0.01439	0.00718	0.00835	0.00584	0.00521	0.04456	0.00136	0.01881	0.00273	0.03219	0.06348

[dist]
# distance from previous block
# <min> <max>
4	8

[block]
# block no. 3 follows, 67 sequences, length 28
# corresponding to MSA columns:
# 105-132
name=unknown_D
#
# <colnr> <probs for GDERKNQSTAVLIFYWHMCP>
#	G	D	E	R	K	N	Q	S	T	A	V	L	I	F	Y	W	H	M	C	P
0	0.10161	0.00495	0.00628	0.00705	0.02536	0.00505	0.00575	0.00826	0.00878	0.01241	0.03403	0.12516	0.09431	0.01008	0.00517	0.00169	0.01708	0.51972	0.00351	0.00376
1	0.00819	0.00702	0.00848	0.06144	0.01064	0.00555	0.00524	0.01003	0.00834	0.01284	0.00773	0.01004	0.00663	0.00338	0.00315	0.00070	0.00316	0.03668	0.00239	0.78836
2	0.00743	0.11401	0.11723	0.00708	0.00948	0.00706	0.05940	0.01045	0.10033	0.03746	0.19002	0.06028	0.23853	0.00708	0.00428	0.00128	0.00331	0.01737	0.00332	0.00458
3	0.00574	0.00426	0.00623	0.00623	0.00688	0.00490	0.00475	0.00703	0.00638	0.00915	0.01094	0.01682	0.01049	0.11453	0.75935	0.00618	0.01004	0.00445	0.00218	0.00346
4	0.00810	0.00800	0.03606	0.52622	0.24635	0.00875	0.01093	0.01082	0.02590	0.01128	0.00964	0.01234	0.06012	0.00432	0.00404	0.00130	0.00494	0.00389	0.00201	0.00499
5	0.00824	0.00703	0.00820	0.00589	0.00935	0.00530	0.00468	0.00997	0.00824	0.01291	0.00729	0.00885	0.00620	0.02855	0.00349	0.00069	0.00300	0.00248	0.00238	0.85725
6	0.08341	0.03143	0.01350	0.04397	0.51906	0.02813	0.00982	0.03467	0.00955	0.10632	0.04885	0.02201	0.02335	0.00425	0.00388	0.00121	0.00431	0.00381	0.00258	0.00590
7	0.01288	0.43517	0.01613	0.00862	0.01136	0.43444	0.00731	0.01404	0.00978	0.00963	0.00589	0.00684	0.00516	0.00379	0.00310	0.00095	0.00578	0.00237	0.00189	0.00489
8	0.01298	0.00852	0.00946	0.00759	0.01019	0.08495	0.01865	0.16721	0.03087	0.28116	0.10703	0.02506	0.02219	0.00553	0.01333	0.00121	0.03061	0.01713	0.01485	0.13149
9	0.00690	0.00353	0.00529	0.00529	0.00533	0.00356	0.00356	0.00533	0.00529	0.00709	0.00717	0.01238	0.00713	0.01479	0.05941	0.83697	0.00387	0.00353	0.00176	0.00184
10	0.01299	0.01053	0.01013	0.00843	0.01094	0.12501	0.00671	0.35774	0.21916	0.07027	0.01247	0.02746	0.03112	0.00519	0.00405	0.00122	0.01506	0.00401	0.06149	0.00601
11	0.01906	0.03346	0.48248	0.01137	0.08801	0.00881	0.04145	0.05169	0.04188	0.02424	0.03229	0.05442	0.00781	0.00441	0.00386	0.00122	0.00500	0.00368	0.00224	0.08260
12	0.00933	0.00938	0.04987	0.24769	0.53753	0.00950	0.01188	0.03464	0.00901	0.01257	0.00742	0.01004	0.00601	0.00382	0.00419	0.00125	0.02457	0.00354	0.00197	0.00579
13	0.00855	0.00812	0.01379	0.50805	0.36138	0.00917	0.01162	0.01110	0.00848	0.01143	0.00730	0.01038	0.00576	0.00383	0.00399	0.00128	0.00511	0.00357	0.00187	0.00524
14	0.01773	0.00725	0.00957	0.00734	0.01045	0.00652	0.00606	0.09626	0.01219	0.75910	0.01523	0.01327	0.00963	0.00495	0.00403	0.00124	0.00351	0.00399	0.00487	0.00682
15	0.00520	0.00378	0.00495	0.00573	0.00612	0.00362	0.00394	0.00646	0.04277	0.01089	0.06463	0.74632	0.02639	0.01197	0.00507	0.00161	0.00239	0.04095	0.00377	0.00343
16	0.00579	0.00389	0.00449	0.00456	0.00461	0.00390	0.00265	0.00591	0.00601	0.00803	0.01324	0.07017	0.01524	0.77383	0.04366	0.00381	0.00400	0.02117	0.00251	0.00253
17	0.88738	0.00776	0.00589	0.00527	0.00776	0.00900	0.00434	0.01179	0.00683	0.01799	0.00558	0.00651	0.00434	0.00372	0.00248	0.00124	0.00310	0.00217	0.00248	0.00434
18	0.00947	0.01082	0.02366	0.01690	0.02096	0.01014	0.81947	0.01285	0.00947	0.01285	0.00811	0.01082	0.00609	0.00338	0.00473	0.00135	0.00676	0.00473	0.00203	0.00541
19	0.01498	0.01911	0.01137	0.01033	0.01240	0.84295	0.00775	0.01601	0.01137	0.00982	0.00620	0.00723	0.00517	0.00413	0.00362	0.00103	0.00723	0.00258	0.00207	0.00465
20	0.01072	0.86147	0.02102	0.00686	0.01029	0.01587	0.00686	0.01201	0.00815	0.00944	0.00558	0.00643	0.00515	0.00343	0.00257	0.00086	0.00429	0.00214	0.00172	0.00515
21	0.00573	0.00430	0.00645	0.00645	0.00716	0.00501	0.00501	0.00716	0.00645	0.00931	0.01074	0.01576	0.01003	0.03008	0.84316	0.00645	0.01074	0.00430	0.00215	0.00358
22	0.00477	0.00406	0.00411	0.00410	0.00544	0.00340	0.00307	0.00582	0.00922	0.01102	0.06923	0.03828	0.80369	0.01009	0.00474	0.00135	0.00203	0.00842	0.00375	0.00340
23	0.01072	0.86147	0.02102	0.00686	0.01029	0.01587	0.00686	0.01201	0.00815	0.00944	0.00558	0.00643	0.00515	0.00343	0.00257	0.00086	0.00429	0.00214	0.00172	0.00515
24	0.00474	0.00406	0.00406	0.00406	0.00542	0.00339	0.00305	0.00576	0.00914	0.01083	0.04063	0.03860	0.83241	0.01016	0.00474	0.00135	0.00203	0.00846	0.00372	0.00339
25	0.00503	0.00352	0.00466	0.00549	0.00570	0.00331	0.00363	0.00559	0.00746	0.00995	0.02091	0.76998	0.02500	0.06826	0.00652	0.03508	0.00247	0.01074	0.00356	0.00315
26	0.77281	0.00782	0.00632	0.00562	0.00810	0.00901	0.00459	0.01299	0.09183	0.04024	0.00698	0.00758	0.00531	0.00393	0.00269	0.00125	0.00312	0.00247	0.00272	0.00462
27	0.09519	0.08374	0.01148	0.00893	0.01152	0.40985	0.00707	0.19956	0.05638	0.01467	0.00748	0.00814	0.00590	0.00419	0.00350	0.00107	0.00547	0.00284	0.00265	0.06037

[dist]
# distance from previous block
# <min> <max>
0	7

[block]
# block no. 4 follows, 67 sequences, length 20
# corresponding to MSA columns:
# 140-159
name=unknown_E
#
# <colnr> <probs for GDERKNQSTAVLIFYWHMCP>
#	G	D	E	R	K	N	Q	S	T	A	V	L	I	F	Y	W	H	M	C	P
0	0.06550	0.11051	0.06799	0.21225	0.24674	0.16878	0.00997	0.05086	0.00945	0.01223	0.00691	0.00887	0.00556	0.00385	0.00365	0.00117	0.00527	0.00309	0.00203	0.00531
1	0.00495	0.00370	0.00461	0.00522	0.00579	0.00336	0.00363	0.00584	0.00834	0.01086	0.08820	0.58253	0.21723	0.01163	0.00501	0.00154	0.00225	0.02819	0.00378	0.00334
2	0.00892	0.00879	0.01266	0.01238	0.13377	0.01148	0.00908	0.01007	0.00671	0.01036	0.00571	0.00892	0.00547	0.00627	0.01121	0.00160	0.67674	0.00345	0.00182	0.05457
3	0.00831	0.00693	0.00810	0.00607	0.00922	0.00551	0.00479	0.05588	0.00896	0.01360	0.03532	0.08635	0.00890	0.00412	0.00328	0.00074	0.00296	0.00343	0.00266	0.72487
4	0.00925	0.00760	0.00832	0.00748	0.00938	0.00861	0.00577	0.03136	0.59140	0.03385	0.15161	0.01783	0.01632	0.05465	0.00535	0.00149	0.02504	0.00501	0.00400	0.00566
5	0.00896	0.00851	0.01399	0.35283	0.34937	0.00938	0.05708	0.01277	0.12257	0.01245	0.00863	0.01099	0.00675	0.00400	0.00405	0.00128	0.00489	0.00377	0.00220	0.00554
6	0.00588	0.00476	0.00531	0.00512	0.00642	0.00455	0.00385	0.00878	0.13887	0.01342	0.28985	0.08301	0.39746	0.00893	0.00466	0.00134	0.00219	0.00764	0.00400	0.00397
7	0.00576	0.00450	0.00666	0.00761	0.05430	0.00443	0.03828	0.00687	0.00805	0.01079	0.01999	0.60496	0.02324	0.01123	0.00538	0.00163	0.03093	0.14824	0.00348	0.00364
8	0.00573	0.00430	0.00645	0.00645	0.00716	0.00501	0.00501	0.00716	0.00645	0.00931	0.01074	0.01576	0.01003	0.03008	0.84316	0.00645	0.01074	0.00430	0.00215	0.00358
9	0.01292	0.14313	0.01368	0.01104	0.08543	0.39675	0.03480	0.11153	0.06300	0.01244	0.00727	0.00837	0.00596	0.00435	0.00436	0.00113	0.07324	0.00300	0.00234	0.00525
10	0.00594	0.00449	0.00556	0.00548	0.00650	0.00434	0.00412	0.00850	0.09175	0.01447	0.49504	0.15118	0.11801	0.00896	0.00478	0.00137	0.00221	0.05923	0.00416	0.00391
11	0.00892	0.00719	0.00879	0.02661	0.01023	0.00557	0.02192	0.01074	0.00853	0.06355	0.00768	0.00875	0.00617	0.00313	0.00310	0.00067	0.00313	0.00256	0.00251	0.79028
12	0.04819	0.00865	0.01036	0.02104	0.09598	0.00904	0.00711	0.37820	0.01349	0.10596	0.02507	0.01562	0.02463	0.03562	0.02428	0.00146	0.00416	0.09777	0.00356	0.06980
13	0.00692	0.00351	0.00527	0.00527	0.00529	0.00354	0.00354	0.00529	0.00527	0.00705	0.00710	0.01232	0.00708	0.01451	0.04539	0.85183	0.00374	0.00351	0.00176	0.00181
14	0.00490	0.00358	0.00462	0.00540	0.00578	0.00329	0.00365	0.00568	0.00798	0.01053	0.05607	0.73488	0.11462	0.01213	0.00506	0.00158	0.00228	0.01092	0.00375	0.00329
15	0.00784	0.00740	0.01251	0.75535	0.11959	0.00898	0.01127	0.01048	0.00815	0.01057	0.00718	0.01060	0.00546	0.00396	0.00401	0.00132	0.00528	0.00357	0.00181	0.00467
16	0.88738	0.00776	0.00589	0.00527	0.00776	0.00900	0.00434	0.01179	0.00683	0.01799	0.00558	0.00651	0.00434	0.00372	0.00248	0.00124	0.00310	0.00217	0.00248	0.00434
17	0.00678	0.00452	0.00608	0.00546	0.00663	0.00414	0.02933	0.00845	0.01063	0.08459	0.60006	0.02830	0.09421	0.08588	0.00611	0.00151	0.00237	0.00686	0.00415	0.00394
18	0.11245	0.00989	0.01298	0.12456	0.28915	0.04594	0.02664	0.24520	0.01143	0.01643	0.00767	0.00938	0.00600	0.00425	0.00442	0.00125	0.06058	0.00340	0.00259	0.00578
19	0.82871	0.00771	0.00630	0.06157	0.00908	0.00899	0.00480	0.01169	0.00690	0.01748	0.00569	0.00679	0.00441	0.00374	0.00258	0.00125	0.00325	0.00226	0.00244	0.00435

[dist]
# distance from previous block
# <min> <max>
0	5

[block]
# block no. 5 follows, 67 sequences, length 15
# corresponding to MSA columns:
# 165-179
name=unknown_F
#
# <colnr> <probs for GDERKNQSTAVLIFYWHMCP>
#	G	D	E	R	K	N	Q	S	T	A	V	L	I	F	Y	W	H	M	C	P
0	0.01350	0.01674	0.01219	0.02566	0.02854	0.65516	0.06812	0.01476	0.01065	0.01016	0.00739	0.00913	0.02507	0.00454	0.00447	0.00114	0.06882	0.01718	0.00210	0.00467
1	0.00804	0.02074	0.83828	0.01143	0.01736	0.00931	0.01482	0.01270	0.00847	0.01270	0.00720	0.00847	0.00508	0.00381	0.00381	0.00127	0.00593	0.00296	0.00169	0.00593
2	0.00570	0.00411	0.00563	0.00570	0.00615	0.00452	0.00407	0.00661	0.00633	0.00887	0.01217	0.07842	0.01269	0.30269	0.51236	0.00526	0.00789	0.00530	0.00235	0.00318
3	0.00929	0.01027	0.02116	0.06717	0.06521	0.01029	0.62693	0.01227	0.00896	0.01231	0.00768	0.01051	0.00596	0.00387	0.00567	0.00139	0.10934	0.00445	0.00198	0.00528
4	0.00611	0.00476	0.00568	0.00568	0.00663	0.03066	0.00443	0.00772	0.01008	0.01369	0.42131	0.09307	0.14251	0.00902	0.00507	0.00141	0.03058	0.15715	0.04072	0.00372
5	0.00568	0.00375	0.00493	0.00564	0.00612	0.00348	0.00393	0.00654	0.00803	0.04997	0.02220	0.70904	0.05720	0.01176	0.00500	0.00159	0.00243	0.05642	0.03283	0.00347
6	0.00524	0.00396	0.00489	0.00554	0.00613	0.00375	0.00388	0.00670	0.05832	0.01082	0.02510	0.62125	0.17283	0.01162	0.00500	0.00157	0.00238	0.04379	0.00374	0.00349
7	0.00764	0.00714	0.01200	0.71519	0.10685	0.00862	0.01080	0.01017	0.00811	0.01053	0.00809	0.06256	0.00675	0.00449	0.00407	0.00134	0.00510	0.00405	0.00192	0.00457
8	0.00976	0.00945	0.01641	0.07436	0.74259	0.00952	0.05435	0.01221	0.00908	0.01292	0.00755	0.01002	0.00628	0.00359	0.00401	0.00121	0.00490	0.00363	0.00198	0.00619
9	0.00828	0.00820	0.02879	0.50660	0.22762	0.00910	0.07697	0.01088	0.00832	0.01117	0.00741	0.01063	0.00584	0.00496	0.03780	0.00151	0.02538	0.00368	0.00187	0.00500
10	0.00994	0.00993	0.01586	0.05685	0.64254	0.06596	0.07346	0.01227	0.00913	0.01256	0.00763	0.01012	0.00638	0.00488	0.04406	0.00145	0.00539	0.00363	0.00199	0.00595
11	0.00773	0.00488	0.00648	0.00672	0.00794	0.00473	0.00561	0.00974	0.04218	0.11365	0.09959	0.06803	0.08233	0.04492	0.00576	0.00174	0.00330	0.47670	0.00389	0.00410
12	0.00560	0.00394	0.00568	0.00597	0.00640	0.00381	0.03792	0.00617	0.00734	0.00993	0.03951	0.52158	0.02082	0.08117	0.06747	0.12111	0.00341	0.03004	0.01897	0.00313
13	0.13678	0.00918	0.04399	0.08097	0.10787	0.01758	0.16428	0.13971	0.01050	0.13804	0.01073	0.01182	0.04972	0.00530	0.03194	0.00144	0.01889	0.00392	0.01181	0.00553
14	0.06396	0.01010	0.04531	0.08799	0.20292	0.07061	0.11242	0.06150	0.05179	0.03162	0.00805	0.02918	0.00665	0.00460	0.00548	0.00130	0.14735	0.00371	0.00232	0.05315

[dist]
# distance from previous block
# <min> <max>
0	1

[block]
# block no. 6 follows, 67 sequences, length 30
# corresponding to MSA columns:
# 181-191,214-232
name=unknown_G
#
# <colnr> <probs for GDERKNQSTAVLIFYWHMCP>
#	G	D	E	R	K	N	Q	S	T	A	V	L	I	F	Y	W	H	M	C	P
0	0.10751	0.00666	0.03532	0.00839	0.12765	0.00621	0.00573	0.06363	0.01818	0.07875	0.09754	0.08024	0.27880	0.00710	0.00432	0.00129	0.01851	0.00591	0.03228	0.01598
1	0.00664	0.00514	0.03321	0.00588	0.00685	0.00498	0.00445	0.02719	0.05841	0.04500	0.03339	0.11801	0.09603	0.24554	0.28726	0.00375	0.00577	0.00596	0.00288	0.00368
2	0.00899	0.00795	0.00930	0.00678	0.01027	0.04989	0.04735	0.01081	0.00862	0.03517	0.00737	0.00853	0.00601	0.00311	0.00312	0.00067	0.00340	0.00255	0.00241	0.76768
3	0.00607	0.00529	0.01560	0.05699	0.03153	0.00518	0.04183	0.00783	0.05226	0.01136	0.10649	0.13013	0.35289	0.05003	0.03382	0.03120	0.04730	0.00715	0.00327	0.00379
4	0.01340	0.00918	0.13498	0.00891	0.06932	0.02263	0.00751	0.04149	0.06155	0.43419	0.07813	0.03381	0.02160	0.00529	0.00407	0.00126	0.00379	0.01813	0.02465	0.00610
5	0.00775	0.00769	0.03391	0.70089	0.05151	0.03491	0.01051	0.01023	0.00801	0.01023	0.00752	0.01148	0.00600	0.04938	0.03293	0.00162	0.00551	0.00366	0.00184	0.00443
6	0.00832	0.00713	0.00832	0.00594	0.00950	0.00535	0.00475	0.01010	0.00832	0.01307	0.00713	0.00832	0.00594	0.00297	0.00297	0.00059	0.00297	0.00238	0.00238	0.88357
7	0.01021	0.00925	0.05233	0.00830	0.01075	0.00982	0.00678	0.12123	0.62888	0.01722	0.01537	0.06823	0.01210	0.00574	0.00412	0.00135	0.00342	0.00478	0.00392	0.00619
8	0.01012	0.00934	0.01498	0.06594	0.67181	0.02887	0.01134	0.02973	0.03672	0.03995	0.00859	0.03911	0.00728	0.00405	0.00401	0.00122	0.00467	0.00386	0.00225	0.00613
9	0.00693	0.00349	0.00520	0.00520	0.00520	0.00349	0.00345	0.00524	0.00524	0.00699	0.00713	0.01259	0.00718	0.03770	0.01581	0.85859	0.00349	0.00355	0.00176	0.00176
10	0.00938	0.02712	0.01290	0.25567	0.30589	0.07884	0.00997	0.04347	0.05160	0.01217	0.02749	0.02109	0.00744	0.00613	0.06206	0.00162	0.05600	0.00374	0.00219	0.00525
11	0.01042	0.22486	0.24430	0.01148	0.05139	0.09384	0.15142	0.08453	0.00964	0.01256	0.00695	0.00844	0.00551	0.00398	0.00432	0.00118	0.06450	0.00315	0.00202	0.00551
12	0.00523	0.00385	0.00501	0.00573	0.00632	0.00363	0.00422	0.00627	0.00826	0.01078	0.04065	0.51216	0.15470	0.01242	0.03529	0.00180	0.00285	0.17378	0.00367	0.00339
13	0.01108	0.01539	0.19099	0.04237	0.07973	0.31943	0.15536	0.02120	0.03640	0.01168	0.00783	0.02084	0.00642	0.00434	0.00436	0.00123	0.03889	0.02515	0.00210	0.00521
14	0.00946	0.00884	0.01476	0.03628	0.71183	0.00889	0.01110	0.02292	0.00891	0.01266	0.00838	0.03095	0.00758	0.08388	0.00554	0.00146	0.00463	0.00397	0.00209	0.00589
15	0.00764	0.00726	0.01246	0.81870	0.02738	0.00896	0.04097	0.01034	0.00807	0.01034	0.00716	0.01070	0.00537	0.00399	0.00404	0.00134	0.00540	0.00361	0.00179	0.00449
16	0.00487	0.00402	0.00428	0.00439	0.00559	0.00344	0.00327	0.00594	0.00914	0.01115	0.09016	0.12234	0.67199	0.01030	0.00480	0.00139	0.00210	0.03364	0.00377	0.00341
17	0.06615	0.00895	0.01186	0.18384	0.22174	0.06553	0.03443	0.15759	0.01068	0.05475	0.01055	0.08248	0.02431	0.00524	0.00408	0.00129	0.00457	0.04383	0.00276	0.00536
18	0.00638	0.00484	0.00697	0.00738	0.06176	0.00550	0.00505	0.00722	0.00635	0.00903	0.01023	0.01702	0.01023	0.22335	0.45476	0.07884	0.07507	0.00448	0.00214	0.00340
19	0.00488	0.00351	0.00464	0.00554	0.00581	0.00326	0.00370	0.00559	0.00772	0.01025	0.02261	0.83421	0.04843	0.01250	0.00511	0.00162	0.00232	0.01132	0.00372	0.00326
20	0.00628	0.00482	0.00695	0.00672	0.00739	0.00573	0.00522	0.02914	0.00669	0.00963	0.01027	0.01550	0.00972	0.07265	0.68676	0.02550	0.08095	0.00428	0.00217	0.00363
21	0.00891	0.06536	0.01439	0.36271	0.35001	0.02814	0.03953	0.01137	0.01835	0.01142	0.00754	0.01060	0.00618	0.02730	0.02084	0.00141	0.00517	0.00358	0.00193	0.00526
22	0.00629	0.00469	0.00652	0.05121	0.08218	0.00501	0.00461	0.00706	0.00643	0.00885	0.01118	0.02039	0.01177	0.46091	0.27466	0.02158	0.00618	0.00498	0.00225	0.00324
23	0.00521	0.00369	0.00492	0.00576	0.00615	0.00353	0.00409	0.00613	0.00788	0.01059	0.02162	0.66978	0.04288	0.01282	0.04122	0.00184	0.00284	0.11350	0.03220	0.00335
24	0.01498	0.01911	0.01137	0.01033	0.01240	0.84295	0.00775	0.01601	0.01137	0.00982	0.00620	0.00723	0.00517	0.00413	0.00362	0.00103	0.00723	0.00258	0.00207	0.00465
25	0.00819	0.00788	0.01358	0.61582	0.13369	0.00917	0.09005	0.01133	0.04938	0.01121	0.00774	0.01082	0.00590	0.00396	0.00408	0.00132	0.00530	0.00373	0.00195	0.00490
26	0.00974	0.00936	0.01585	0.06682	0.74892	0.00964	0.01206	0.01206	0.00892	0.01277	0.00740	0.00991	0.00624	0.00378	0.00445	0.00123	0.04916	0.00357	0.00196	0.00615
27	0.00995	0.00871	0.00970	0.00854	0.01088	0.00998	0.04140	0.02095	0.79155	0.01661	0.01597	0.01478	0.01198	0.00535	0.00411	0.00136	0.00333	0.00454	0.00399	0.00631
28	0.00947	0.00922	0.01418	0.21449	0.51493	0.05314	0.01099	0.01179	0.00890	0.01226	0.00733	0.00979	0.00601	0.00364	0.00385	0.00115	0.00484	0.00339	0.00198	0.09862
29	0.01023	0.00913	0.01024	0.00886	0.01119	0.05820	0.07283	0.01952	0.65356	0.03407	0.01467	0.01409	0.01108	0.00597	0.02320	0.02517	0.00389	0.00439	0.00371	0.00600

[dist]
# distance from previous block
# <min> <max>
0	10

# created by:
# /st0/software/busco_prod/Augustus/scripts/msa2prfl.pl ./align_prep/142454.fa
