[name]
unknown

[dist]
# distance from previous block
# <min> <max>
17	38

[block]
# block no. 0 follows, 62 sequences, length 15
# corresponding to MSA columns:
# 45-59
name=unknown_A
#
# <colnr> <probs for GDERKNQSTAVLIFYWHMCP>
#	G	D	E	R	K	N	Q	S	T	A	V	L	I	F	Y	W	H	M	C	P
0	0.04890	0.10832	0.01139	0.05882	0.06626	0.03691	0.01941	0.16179	0.07292	0.10310	0.01338	0.05817	0.05615	0.01870	0.06475	0.00171	0.00463	0.01469	0.05934	0.02066
1	0.01156	0.03985	0.02279	0.03859	0.02850	0.07155	0.03038	0.20646	0.06493	0.10667	0.10178	0.05616	0.07184	0.02717	0.04576	0.00165	0.02193	0.00511	0.04177	0.00554
2	0.01197	0.08994	0.01152	0.04547	0.01178	0.05724	0.03811	0.22229	0.17943	0.07428	0.09056	0.01483	0.02671	0.02234	0.02086	0.00143	0.00426	0.00443	0.06665	0.00589
3	0.04342	0.06429	0.03616	0.15749	0.03294	0.08533	0.00766	0.13434	0.09354	0.10083	0.01014	0.02914	0.00810	0.02467	0.00654	0.14871	0.00466	0.00389	0.00296	0.00518
4	0.05158	0.09384	0.17600	0.06045	0.18993	0.03166	0.04229	0.04165	0.05601	0.05179	0.06987	0.05588	0.01046	0.02261	0.00445	0.00135	0.00475	0.00429	0.00269	0.02844
5	0.09127	0.09946	0.09855	0.00766	0.01097	0.00901	0.02440	0.15139	0.05176	0.01618	0.06074	0.01412	0.08838	0.02700	0.00423	0.00119	0.00388	0.00398	0.00304	0.23281
6	0.07006	0.12343	0.15110	0.02242	0.11665	0.04160	0.04713	0.08948	0.01049	0.08758	0.03898	0.07943	0.04743	0.00536	0.00402	0.00126	0.00456	0.00444	0.01593	0.03865
7	0.01068	0.47734	0.17210	0.01055	0.09586	0.04477	0.02845	0.01359	0.06165	0.01189	0.03245	0.00911	0.00716	0.00405	0.00340	0.00110	0.00495	0.00301	0.00212	0.00577
8	0.00913	0.01015	0.12730	0.03992	0.28058	0.00854	0.06886	0.01330	0.13463	0.03345	0.12943	0.03667	0.07818	0.00566	0.00448	0.00136	0.00438	0.00513	0.00304	0.00583
9	0.00750	0.00927	0.19345	0.00766	0.02904	0.00633	0.00716	0.05165	0.05289	0.01583	0.37946	0.02398	0.12742	0.00713	0.00458	0.00131	0.00333	0.00608	0.02218	0.04375
10	0.01026	0.00886	0.00932	0.00841	0.01076	0.01018	0.00653	0.02166	0.76998	0.01744	0.01880	0.01731	0.05940	0.00606	0.00437	0.00144	0.00330	0.00505	0.00431	0.00655
11	0.00931	0.00931	0.01303	0.01117	0.01117	0.01303	0.00931	0.01024	0.00652	0.01024	0.00559	0.00931	0.00559	0.00745	0.01396	0.00186	0.84267	0.00372	0.00186	0.00465
12	0.01058	0.00914	0.00962	0.00866	0.01106	0.01058	0.00673	0.02261	0.81623	0.01780	0.01732	0.01588	0.01299	0.00577	0.00433	0.00144	0.00337	0.00481	0.00433	0.00673
13	0.83133	0.05604	0.00716	0.00569	0.00838	0.00996	0.00476	0.01252	0.00732	0.01858	0.00592	0.00691	0.00466	0.00393	0.00264	0.00129	0.00336	0.00230	0.00259	0.00466
14	0.01004	0.01148	0.02511	0.01793	0.02224	0.01076	0.80846	0.01363	0.01004	0.01363	0.00861	0.01148	0.00646	0.00359	0.00502	0.00143	0.00717	0.00502	0.00215	0.00574

[dist]
# distance from previous block
# <min> <max>
0	8

[block]
# block no. 1 follows, 62 sequences, length 46
# corresponding to MSA columns:
# 68-113
name=unknown_B
#
# <colnr> <probs for GDERKNQSTAVLIFYWHMCP>
#	G	D	E	R	K	N	Q	S	T	A	V	L	I	F	Y	W	H	M	C	P
0	0.00919	0.00836	0.02390	0.04075	0.43898	0.00812	0.06490	0.01168	0.03049	0.03678	0.15168	0.04872	0.04145	0.05978	0.00561	0.00151	0.00437	0.00523	0.00285	0.00565
1	0.00659	0.00407	0.00542	0.00542	0.00558	0.00423	0.00354	0.00626	0.00610	0.00829	0.01088	0.02030	0.01163	0.38646	0.19057	0.30935	0.00550	0.00497	0.00226	0.00258
2	0.01038	0.50471	0.34449	0.00922	0.01392	0.01386	0.01064	0.01319	0.00885	0.02678	0.00681	0.00783	0.00553	0.00383	0.00328	0.00109	0.00523	0.00266	0.00188	0.00583
3	0.01173	0.07142	0.19919	0.01491	0.27662	0.02856	0.01090	0.14832	0.01137	0.08227	0.00879	0.00995	0.00667	0.00413	0.00396	0.00119	0.00498	0.00343	0.00268	0.09893
4	0.02334	0.46841	0.04210	0.01027	0.09414	0.20953	0.00826	0.03215	0.03122	0.01131	0.00689	0.00806	0.00597	0.00473	0.02656	0.00120	0.00554	0.00273	0.00208	0.00551
5	0.01138	0.85302	0.02230	0.00728	0.01092	0.01684	0.00728	0.01274	0.00865	0.01001	0.00592	0.00683	0.00546	0.00364	0.00273	0.00091	0.00455	0.00228	0.00182	0.00546
6	0.00628	0.00484	0.00730	0.06623	0.00920	0.00562	0.00578	0.00790	0.00700	0.01003	0.01104	0.01616	0.01019	0.02932	0.75667	0.00632	0.01081	0.00446	0.00226	0.02258
7	0.00804	0.00756	0.01276	0.84023	0.02931	0.00945	0.01182	0.01087	0.00851	0.01087	0.00756	0.01134	0.00567	0.00425	0.00425	0.00142	0.00567	0.00378	0.00189	0.00473
8	0.00905	0.00953	0.00760	0.00782	0.00886	0.28674	0.00569	0.01004	0.00964	0.01093	0.01736	0.47452	0.01974	0.00998	0.00489	0.00152	0.00439	0.08078	0.00333	0.01760
9	0.01128	0.00582	0.00757	0.00640	0.00837	0.00534	0.00504	0.04483	0.03105	0.31272	0.46526	0.02439	0.03940	0.00727	0.00470	0.00133	0.00274	0.00625	0.00486	0.00538
10	0.00804	0.00756	0.01276	0.84023	0.02931	0.00945	0.01182	0.01087	0.00851	0.01087	0.00756	0.01134	0.00567	0.00425	0.00425	0.00142	0.00567	0.00378	0.00189	0.00473
11	0.00619	0.00413	0.00464	0.00464	0.00464	0.00413	0.00258	0.00619	0.00619	0.00825	0.01341	0.02785	0.01547	0.85046	0.02166	0.00413	0.00413	0.00619	0.00258	0.00258
12	0.00701	0.01908	0.02080	0.00606	0.00749	0.03362	0.00477	0.00996	0.10234	0.02496	0.46113	0.04999	0.17390	0.00868	0.00490	0.00140	0.00264	0.05264	0.00428	0.00436
13	0.08215	0.29063	0.04566	0.02257	0.01269	0.38217	0.04442	0.01446	0.01008	0.01125	0.00683	0.02717	0.00598	0.00433	0.00371	0.00111	0.02463	0.00293	0.00212	0.00512
14	0.05207	0.00792	0.01209	0.34413	0.15907	0.00844	0.00961	0.01492	0.03120	0.28650	0.01119	0.01283	0.00797	0.00467	0.00421	0.00136	0.00467	0.01798	0.00320	0.00595
15	0.01027	0.00917	0.05243	0.02000	0.10333	0.02929	0.04302	0.04137	0.05864	0.07943	0.05609	0.01141	0.00900	0.00412	0.00392	0.00098	0.01763	0.00347	0.00291	0.44352
16	0.01022	0.00979	0.01671	0.12796	0.72452	0.01003	0.01290	0.01279	0.00954	0.01352	0.00795	0.01063	0.00661	0.00385	0.00422	0.00128	0.00513	0.00379	0.00208	0.00649
17	0.00834	0.02274	0.20202	0.01090	0.01358	0.02631	0.15816	0.01116	0.03010	0.01236	0.06328	0.07152	0.04535	0.00954	0.11023	0.00219	0.17595	0.01877	0.00247	0.00502
18	0.00598	0.00435	0.00562	0.00531	0.00633	0.00400	0.00398	0.00794	0.01194	0.01681	0.78613	0.03220	0.07586	0.00879	0.00502	0.00134	0.00201	0.00775	0.00465	0.00400
19	0.01589	0.02028	0.01206	0.01096	0.01315	0.83338	0.00822	0.01699	0.01206	0.01041	0.00658	0.00767	0.00548	0.00438	0.00384	0.00110	0.00767	0.00274	0.00219	0.00493
20	0.00953	0.09441	0.18200	0.01110	0.12287	0.00895	0.05073	0.02439	0.06285	0.01385	0.00822	0.00952	0.00656	0.00370	0.00363	0.00100	0.00444	0.00310	0.00237	0.37679
21	0.01484	0.01780	0.01344	0.04765	0.03616	0.61990	0.07833	0.08743	0.01231	0.01228	0.00715	0.00849	0.00577	0.00440	0.00414	0.00117	0.01802	0.00312	0.00235	0.00525
22	0.00707	0.00400	0.00542	0.00530	0.00552	0.00390	0.00345	0.00597	0.00598	0.00803	0.01000	0.01749	0.03234	0.23585	0.01702	0.58032	0.00374	0.00445	0.00213	0.04202
23	0.15910	0.00750	0.00935	0.00730	0.01048	0.00693	0.00602	0.03593	0.01154	0.67876	0.01488	0.01316	0.00950	0.00505	0.00401	0.00132	0.00359	0.00395	0.00482	0.00681
24	0.00600	0.00464	0.00490	0.00469	0.00622	0.00401	0.00356	0.02941	0.01030	0.04501	0.11333	0.03818	0.69439	0.01020	0.00498	0.00142	0.00227	0.00853	0.00408	0.00388
25	0.01165	0.21790	0.05436	0.01758	0.41577	0.15607	0.01070	0.02345	0.03120	0.01258	0.00750	0.00919	0.00632	0.00394	0.00378	0.00116	0.00540	0.00324	0.00212	0.00610
26	0.00526	0.00376	0.00502	0.00601	0.00629	0.00352	0.00408	0.00605	0.00822	0.01094	0.02341	0.81258	0.02798	0.01326	0.00545	0.00174	0.00253	0.04648	0.00395	0.00348
27	0.00508	0.00431	0.00438	0.00437	0.00578	0.00361	0.00327	0.00621	0.00982	0.01179	0.08391	0.04047	0.78120	0.01067	0.00503	0.00143	0.00215	0.00891	0.00399	0.00361
28	0.01423	0.35728	0.07989	0.00855	0.02614	0.05965	0.00784	0.03436	0.01035	0.30895	0.01018	0.01010	0.00738	0.00452	0.00404	0.00116	0.04281	0.00323	0.00316	0.00617
29	0.01012	0.03795	0.56565	0.03464	0.06883	0.06114	0.05702	0.05039	0.00992	0.05347	0.00817	0.00947	0.00588	0.00413	0.00409	0.00132	0.00608	0.00335	0.00215	0.00623
30	0.00687	0.00535	0.02731	0.00593	0.00736	0.00475	0.01813	0.00949	0.06536	0.05066	0.58223	0.04734	0.13576	0.00851	0.00493	0.00137	0.00239	0.00745	0.00446	0.00436
31	0.00918	0.00767	0.00903	0.02499	0.01061	0.00597	0.00529	0.03208	0.00917	0.02814	0.00779	0.00901	0.00639	0.00326	0.00322	0.00068	0.00326	0.00261	0.00260	0.81904
32	0.00879	0.00731	0.00845	0.00620	0.00971	0.00564	0.00494	0.02897	0.00924	0.02969	0.01160	0.01240	0.09357	0.00405	0.00340	0.00074	0.00309	0.00328	0.00277	0.74617
33	0.01053	0.01026	0.11081	0.03495	0.24652	0.02630	0.04198	0.06295	0.11698	0.10127	0.06743	0.01704	0.12308	0.00562	0.00441	0.00134	0.00437	0.00490	0.00325	0.00603
34	0.01010	0.01301	0.28972	0.01083	0.08999	0.00837	0.02612	0.10227	0.01052	0.06352	0.02404	0.03275	0.02239	0.00455	0.00397	0.00115	0.00464	0.02076	0.00272	0.25858
35	0.01004	0.00751	0.04131	0.07003	0.11098	0.00726	0.01627	0.09417	0.09000	0.09502	0.20048	0.01755	0.01633	0.00570	0.00415	0.00126	0.00344	0.00488	0.19821	0.00541
36	0.03368	0.02958	0.07649	0.01719	0.40428	0.03185	0.01040	0.03300	0.23639	0.01520	0.01047	0.01155	0.00826	0.00437	0.00408	0.00127	0.00456	0.00385	0.00279	0.06075
37	0.03054	0.21828	0.42673	0.01127	0.06400	0.01146	0.02862	0.04255	0.00954	0.08519	0.00807	0.00910	0.00602	0.00416	0.00402	0.00125	0.02767	0.00314	0.00225	0.00614
38	0.00815	0.00768	0.01298	0.80147	0.06714	0.00948	0.01188	0.01098	0.00856	0.01102	0.00758	0.01131	0.00572	0.00423	0.00425	0.00141	0.00564	0.00378	0.00190	0.00482
39	0.00572	0.00434	0.00526	0.00503	0.00617	0.00388	0.00377	0.00744	0.01132	0.01534	0.58093	0.03462	0.28196	0.00934	0.00502	0.00137	0.00205	0.00809	0.00446	0.00388
40	0.00609	0.00446	0.00572	0.00539	0.00644	0.00415	0.00405	0.00829	0.03034	0.01686	0.77196	0.03179	0.07099	0.00872	0.00500	0.00134	0.00204	0.00768	0.00465	0.00406
41	0.01074	0.00595	0.00771	0.00678	0.00818	0.00613	0.00516	0.14120	0.00966	0.16796	0.01116	0.01457	0.00928	0.06164	0.18739	0.28811	0.00544	0.00417	0.04446	0.00432
42	0.00793	0.00397	0.00397	0.00397	0.00496	0.00397	0.00297	0.00991	0.00892	0.01586	0.01388	0.01586	0.01091	0.00496	0.00297	0.00099	0.00198	0.00397	0.87408	0.00397
43	0.01183	0.74363	0.02089	0.00770	0.01116	0.10278	0.00737	0.01344	0.02966	0.01025	0.00628	0.00715	0.00566	0.00377	0.00289	0.00094	0.00485	0.00239	0.00192	0.00544
44	0.88052	0.00823	0.00625	0.00560	0.00823	0.00955	0.00461	0.01251	0.00724	0.01909	0.00592	0.00691	0.00461	0.00395	0.00263	0.00132	0.00329	0.00230	0.00263	0.00461
45	0.88052	0.00823	0.00625	0.00560	0.00823	0.00955	0.00461	0.01251	0.00724	0.01909	0.00592	0.00691	0.00461	0.00395	0.00263	0.00132	0.00329	0.00230	0.00263	0.00461

[dist]
# distance from previous block
# <min> <max>
0	2

[block]
# block no. 2 follows, 62 sequences, length 31
# corresponding to MSA columns:
# 116-137,144-152
name=unknown_C
#
# <colnr> <probs for GDERKNQSTAVLIFYWHMCP>
#	G	D	E	R	K	N	Q	S	T	A	V	L	I	F	Y	W	H	M	C	P
0	0.70365	0.00840	0.02503	0.00593	0.00883	0.00888	0.00499	0.01269	0.00773	0.05726	0.00670	0.00758	0.00514	0.00391	0.00281	0.00123	0.00336	0.00245	0.00273	0.12071
1	0.01038	0.00823	0.00932	0.00692	0.01038	0.04607	0.00555	0.01216	0.00925	0.10788	0.00848	0.00945	0.00672	0.00368	0.00387	0.00080	0.04632	0.00280	0.00279	0.68896
2	0.00727	0.01038	0.25761	0.00834	0.01087	0.00683	0.00809	0.01153	0.16790	0.01304	0.01772	0.41437	0.03074	0.00896	0.00478	0.00155	0.00381	0.00787	0.00337	0.00497
3	0.88052	0.00823	0.00625	0.00560	0.00823	0.00955	0.00461	0.01251	0.00724	0.01909	0.00592	0.00691	0.00461	0.00395	0.00263	0.00132	0.00329	0.00230	0.00263	0.00461
4	0.00931	0.00931	0.01303	0.01117	0.01117	0.01303	0.00931	0.01024	0.00652	0.01024	0.00559	0.00931	0.00559	0.00745	0.01396	0.00186	0.84267	0.00372	0.00186	0.00465
5	0.00882	0.00756	0.00882	0.00630	0.01008	0.00567	0.00504	0.01071	0.00882	0.01387	0.00756	0.00882	0.00630	0.00315	0.00315	0.00063	0.00315	0.00252	0.00252	0.87647
6	0.00977	0.00933	0.01589	0.27535	0.58066	0.00991	0.01268	0.01239	0.00933	0.01297	0.00787	0.01078	0.00641	0.00393	0.00423	0.00131	0.00524	0.00379	0.00204	0.00612
7	0.00594	0.00435	0.00557	0.00527	0.00631	0.00398	0.00395	0.00787	0.01185	0.01660	0.75644	0.03255	0.10568	0.00887	0.00502	0.00135	0.00202	0.00780	0.00462	0.00398
8	0.00610	0.00447	0.00641	0.00641	0.00703	0.00509	0.00479	0.00733	0.00671	0.00956	0.01179	0.01887	0.01157	0.19042	0.67637	0.00631	0.00999	0.00487	0.00234	0.00356
9	0.00503	0.00431	0.00431	0.00431	0.00575	0.00359	0.00323	0.00611	0.00970	0.01149	0.04310	0.04095	0.82219	0.01078	0.00503	0.00144	0.00216	0.00898	0.00395	0.00359
10	0.01589	0.02028	0.01206	0.01096	0.01315	0.83338	0.00822	0.01699	0.01206	0.01041	0.00658	0.00767	0.00548	0.00438	0.00384	0.00110	0.00767	0.00274	0.00219	0.00493
11	0.00521	0.00372	0.00496	0.00591	0.00618	0.00347	0.00395	0.00598	0.00825	0.01102	0.04438	0.82630	0.02846	0.01321	0.00542	0.00172	0.00246	0.01198	0.00397	0.00347
12	0.01044	0.70395	0.01938	0.00694	0.01012	0.01458	0.00671	0.01191	0.00924	0.01125	0.14920	0.01121	0.01155	0.00453	0.00313	0.00099	0.00410	0.00323	0.00232	0.00521
13	0.00964	0.00944	0.04028	0.02135	0.62329	0.00890	0.02874	0.01200	0.00972	0.02773	0.01433	0.01592	0.14999	0.00505	0.00437	0.00130	0.00461	0.00472	0.00248	0.00616
14	0.00891	0.00787	0.00956	0.00716	0.01027	0.00697	0.00579	0.01063	0.00842	0.01323	0.00722	0.00891	0.00618	0.00391	0.00505	0.00085	0.15061	0.00273	0.00241	0.72334
15	0.72674	0.00754	0.00591	0.00537	0.00779	0.00850	0.00437	0.01138	0.00767	0.01776	0.01246	0.01289	0.14822	0.00515	0.00305	0.00134	0.00309	0.00348	0.00286	0.00443
16	0.01323	0.10263	0.02012	0.00846	0.02017	0.31864	0.00652	0.02832	0.01040	0.16094	0.02382	0.01315	0.00897	0.15359	0.02297	0.00174	0.00549	0.00372	0.00289	0.07424
17	0.01072	0.01172	0.01362	0.01157	0.01231	0.18251	0.06136	0.01186	0.00789	0.01050	0.00599	0.00911	0.00562	0.00656	0.01128	0.00168	0.61537	0.00361	0.00195	0.00478
18	0.01491	0.00833	0.00979	0.00786	0.01076	0.00837	0.00638	0.22446	0.14279	0.36896	0.03008	0.01735	0.11827	0.00609	0.00439	0.00134	0.00364	0.00492	0.00467	0.00663
19	0.00774	0.00413	0.00447	0.00465	0.00564	0.00413	0.00366	0.00972	0.00908	0.01531	0.01540	0.02151	0.01329	0.00615	0.00348	0.00116	0.00232	0.14296	0.72124	0.00396
20	0.67606	0.00789	0.00690	0.00602	0.00866	0.00874	0.00491	0.01388	0.02397	0.16061	0.00878	0.04313	0.00678	0.00460	0.00307	0.00134	0.00332	0.00310	0.00318	0.00506
21	0.00603	0.00442	0.00631	0.00638	0.00697	0.00497	0.00473	0.00723	0.00682	0.00967	0.01265	0.08096	0.01280	0.17430	0.62890	0.00598	0.00945	0.00541	0.00246	0.00356
22	0.00724	0.00390	0.00421	0.00446	0.00526	0.00384	0.00322	0.00891	0.00873	0.01461	0.01628	0.22432	0.01523	0.00706	0.00359	0.00118	0.00210	0.00600	0.65602	0.00384
23	0.66154	0.00746	0.00646	0.06799	0.00918	0.00859	0.00479	0.01128	0.00715	0.01657	0.00736	0.01092	0.00660	0.15266	0.00610	0.00182	0.00362	0.00310	0.00257	0.00426
24	0.00563	0.00442	0.00595	0.00616	0.00705	0.00395	0.03699	0.00663	0.00855	0.01131	0.02510	0.60872	0.16509	0.01172	0.00517	0.00158	0.00266	0.01054	0.00377	0.06901
25	0.01026	0.01022	0.03781	0.60639	0.02475	0.15395	0.01089	0.01277	0.00942	0.07204	0.00808	0.01086	0.00599	0.00435	0.00418	0.00135	0.00589	0.00362	0.00219	0.00500
26	0.00597	0.00420	0.00478	0.00475	0.00512	0.00409	0.00295	0.00639	0.00728	0.00957	0.07910	0.02984	0.15876	0.59590	0.06111	0.00359	0.00401	0.00670	0.00296	0.00293
27	0.00920	0.00692	0.05292	0.00799	0.02749	0.00619	0.05141	0.01143	0.03216	0.15596	0.18445	0.01897	0.04731	0.02990	0.24402	0.00295	0.03192	0.00514	0.00341	0.07025
28	0.01030	0.01135	0.07896	0.02264	0.57718	0.03325	0.15258	0.01310	0.00972	0.01364	0.00847	0.03370	0.00715	0.00406	0.00437	0.00131	0.00552	0.00416	0.00214	0.00639
29	0.00883	0.12964	0.32140	0.01418	0.24499	0.00963	0.01143	0.01175	0.00901	0.01261	0.01112	0.15720	0.02907	0.00571	0.00418	0.00133	0.00493	0.00492	0.00232	0.00574
30	0.14099	0.41146	0.05982	0.01098	0.15372	0.04847	0.00843	0.01290	0.02067	0.01250	0.00670	0.00812	0.00578	0.00409	0.00390	0.00114	0.06310	0.00278	0.01893	0.00551

[dist]
# distance from previous block
# <min> <max>
0	8

# created by:
# /st0/software/busco_prod/Augustus/scripts/msa2prfl.pl ./align_prep/142607.fa
