[name]
unknown

[dist]
# distance from previous block
# <min> <max>
0	99

[block]
# block no. 0 follows, 65 sequences, length 129
# corresponding to MSA columns:
# 99-227
name=unknown_A
#
# <colnr> <probs for GDERKNQSTAVLIFYWHMCP>
#	G	D	E	R	K	N	Q	S	T	A	V	L	I	F	Y	W	H	M	C	P
0	0.08475	0.01606	0.54597	0.01010	0.01468	0.00860	0.01197	0.01289	0.05456	0.04201	0.01051	0.01548	0.00886	0.00530	0.00411	0.00140	0.00518	0.13958	0.00241	0.00559
1	0.58080	0.00870	0.00796	0.00723	0.04008	0.00989	0.00560	0.14811	0.11257	0.03317	0.00805	0.00855	0.00607	0.00424	0.00309	0.00128	0.00348	0.00286	0.00303	0.00525
2	0.01067	0.00948	0.04501	0.00845	0.01098	0.02776	0.00686	0.03924	0.69956	0.05632	0.01629	0.01505	0.02476	0.00551	0.00416	0.00137	0.00348	0.00455	0.00406	0.00643
3	0.01497	0.00635	0.00846	0.00677	0.00935	0.00566	0.00547	0.01701	0.04380	0.59618	0.19027	0.01787	0.01648	0.02156	0.00457	0.00132	0.00313	0.00488	0.01973	0.00616
4	0.01021	0.00877	0.00926	0.00831	0.01062	0.01013	0.00647	0.03411	0.79489	0.01730	0.03173	0.01551	0.01293	0.00561	0.00419	0.00139	0.00324	0.00468	0.00418	0.00646
5	0.00496	0.00416	0.00430	0.00427	0.00561	0.00351	0.00320	0.00609	0.00960	0.01167	0.12722	0.03854	0.74246	0.01018	0.00485	0.00138	0.00206	0.00853	0.00389	0.00351
6	0.00796	0.00749	0.01255	0.69310	0.12488	0.00905	0.01119	0.01054	0.00829	0.01083	0.00791	0.04428	0.00646	0.00447	0.00436	0.00137	0.02463	0.00397	0.00193	0.00475
7	0.01012	0.00872	0.00920	0.00829	0.01058	0.01007	0.00644	0.02151	0.80528	0.01716	0.03415	0.01565	0.01309	0.00563	0.00419	0.00139	0.00322	0.00470	0.00418	0.00644
8	0.00775	0.00730	0.01231	0.84587	0.02827	0.00912	0.01140	0.01049	0.00821	0.01049	0.00730	0.01094	0.00547	0.00410	0.00410	0.00137	0.00547	0.00365	0.00182	0.00456
9	0.00992	0.00950	0.01622	0.10847	0.74877	0.00969	0.01248	0.01238	0.00923	0.01311	0.00768	0.01024	0.00640	0.00370	0.00407	0.00123	0.00494	0.00366	0.00201	0.00631
10	0.00603	0.00400	0.00456	0.00456	0.00464	0.00403	0.00264	0.00617	0.00610	0.00832	0.01285	0.02587	0.01452	0.78111	0.06248	0.00400	0.00426	0.00581	0.03545	0.00260
11	0.00660	0.00471	0.00659	0.00751	0.00846	0.00471	0.00656	0.00849	0.00949	0.01236	0.03678	0.04601	0.02391	0.01128	0.00565	0.00188	0.00375	0.78767	0.00379	0.00378
12	0.01085	0.00913	0.00975	0.02775	0.01135	0.01051	0.00678	0.12459	0.69982	0.01815	0.01560	0.01451	0.01165	0.00545	0.00417	0.00137	0.00346	0.00450	0.00411	0.00652
13	0.01533	0.01956	0.01163	0.01058	0.01269	0.83926	0.00793	0.01639	0.01163	0.01005	0.00635	0.00740	0.00529	0.00423	0.00370	0.00106	0.00740	0.00264	0.00212	0.00476
14	0.00777	0.00730	0.01222	0.82657	0.02785	0.00904	0.01125	0.01048	0.00821	0.01055	0.00730	0.01089	0.00549	0.00408	0.00408	0.00135	0.00542	0.00362	0.00184	0.02470
15	0.00500	0.00357	0.00476	0.00572	0.00595	0.00333	0.00381	0.00572	0.00786	0.01048	0.02262	0.85306	0.02715	0.01286	0.00524	0.00167	0.00238	0.01167	0.00381	0.00333
16	0.00500	0.00357	0.00476	0.00572	0.00595	0.00333	0.00381	0.00572	0.00786	0.01048	0.02262	0.85306	0.02715	0.01286	0.00524	0.00167	0.00238	0.01167	0.00381	0.00333
17	0.04129	0.00566	0.00593	0.00522	0.00690	0.03811	0.00409	0.04438	0.00986	0.21419	0.01339	0.01415	0.00988	0.00480	0.00325	0.00106	0.00266	0.00379	0.56661	0.00478
18	0.00775	0.00730	0.01231	0.84587	0.02827	0.00912	0.01140	0.01049	0.00821	0.01049	0.00730	0.01094	0.00547	0.00410	0.00410	0.00137	0.00547	0.00365	0.00182	0.00456
19	0.01006	0.00966	0.01649	0.05782	0.79826	0.00973	0.01255	0.01251	0.00930	0.01329	0.00770	0.01019	0.00646	0.00368	0.00407	0.00123	0.00490	0.00366	0.00202	0.00642
20	0.00969	0.01107	0.02422	0.01730	0.02145	0.01038	0.81522	0.01315	0.00969	0.01315	0.00830	0.01107	0.00623	0.00346	0.00484	0.00138	0.00692	0.00484	0.00208	0.00554
21	0.00661	0.00472	0.00661	0.00756	0.00850	0.00472	0.00661	0.00850	0.00945	0.01228	0.02173	0.04630	0.02362	0.01134	0.00567	0.00189	0.00378	0.80250	0.00378	0.00378
22	0.00576	0.00419	0.00542	0.00512	0.00610	0.00385	0.00384	0.00766	0.01151	0.01621	0.79112	0.03108	0.07574	0.00849	0.00484	0.00130	0.00194	0.00748	0.00449	0.00385
23	0.00638	0.00408	0.00498	0.00475	0.00572	0.00386	0.00356	0.00831	0.01069	0.01610	0.57739	0.02594	0.03005	0.00728	0.00423	0.00119	0.00193	0.00632	0.27337	0.00386
24	0.01097	0.85821	0.02151	0.00702	0.01054	0.01624	0.00702	0.01229	0.00834	0.00966	0.00571	0.00658	0.00527	0.00351	0.00263	0.00088	0.00439	0.00219	0.00176	0.00527
25	0.00602	0.00423	0.00543	0.00513	0.00616	0.00387	0.00385	0.00784	0.01129	0.03438	0.71282	0.05602	0.09846	0.00856	0.00481	0.00130	0.00200	0.00753	0.01638	0.00390
26	0.00549	0.00411	0.00512	0.00567	0.00619	0.00403	0.00391	0.00685	0.05406	0.01068	0.02311	0.55837	0.12905	0.09683	0.03821	0.00204	0.01452	0.02465	0.00361	0.00348
27	0.00898	0.00898	0.01257	0.01078	0.01078	0.01257	0.00898	0.00988	0.00629	0.00988	0.00539	0.00898	0.00539	0.00718	0.01347	0.00180	0.84823	0.00359	0.00180	0.00449
28	0.00882	0.00739	0.00860	0.00621	0.00981	0.00571	0.00497	0.02054	0.03371	0.02758	0.00777	0.00883	0.00636	0.00318	0.00311	0.00065	0.00307	0.00254	0.00255	0.82861
29	0.81121	0.02618	0.00676	0.05789	0.00926	0.00935	0.00493	0.01197	0.00709	0.01773	0.00581	0.00693	0.00453	0.00382	0.00264	0.00127	0.00334	0.00231	0.00248	0.00447
30	0.00847	0.00867	0.01664	0.01503	0.15989	0.00863	0.38172	0.01078	0.00882	0.01218	0.01168	0.23193	0.01169	0.00632	0.00564	0.00147	0.08660	0.00631	0.00250	0.00503
31	0.01121	0.00785	0.00947	0.00743	0.04111	0.00663	0.00572	0.11124	0.01044	0.16050	0.00921	0.00971	0.00693	0.00366	0.00340	0.00083	0.00337	0.00293	0.00309	0.58527
32	0.01477	0.01108	0.01185	0.00928	0.01241	0.01234	0.00760	0.69329	0.14382	0.02452	0.01092	0.01070	0.00784	0.00503	0.00412	0.00126	0.00432	0.00384	0.00412	0.00691
33	0.00604	0.00430	0.00555	0.00517	0.00625	0.00392	0.00389	0.00792	0.01144	0.03123	0.75484	0.03042	0.08059	0.00834	0.00480	0.00128	0.00199	0.00734	0.00445	0.02024
34	0.01097	0.00999	0.01350	0.23405	0.30943	0.06947	0.01022	0.19029	0.01135	0.01516	0.00795	0.00996	0.00621	0.00404	0.00397	0.00120	0.00498	0.00349	0.00248	0.08133
35	0.01016	0.00975	0.01666	0.02520	0.83013	0.00975	0.01260	0.01260	0.00935	0.01341	0.00772	0.01016	0.00650	0.00366	0.00406	0.00122	0.00488	0.00366	0.00203	0.00650
36	0.00990	0.00849	0.00984	0.01018	0.11065	0.00955	0.00702	0.01939	0.64670	0.02662	0.03099	0.06749	0.01316	0.00584	0.00424	0.00138	0.00337	0.00501	0.00391	0.00626
37	0.00911	0.23984	0.60321	0.01045	0.01576	0.03034	0.01287	0.01289	0.00865	0.01206	0.00691	0.00809	0.00522	0.00381	0.00356	0.00118	0.00566	0.00281	0.00175	0.00583
38	0.00491	0.00416	0.00423	0.00421	0.00558	0.00349	0.00316	0.00600	0.00948	0.01139	0.08574	0.03901	0.78412	0.01028	0.00485	0.00138	0.00207	0.00859	0.00385	0.00349
39	0.00775	0.00730	0.01231	0.84587	0.02827	0.00912	0.01140	0.01049	0.00821	0.01049	0.00730	0.01094	0.00547	0.00410	0.00410	0.00137	0.00547	0.00365	0.00182	0.00456
40	0.00869	0.07432	0.75014	0.01136	0.01711	0.04294	0.01436	0.01309	0.00876	0.01267	0.00722	0.00848	0.00521	0.00389	0.00381	0.00126	0.00601	0.00296	0.00175	0.00596
41	0.01016	0.00975	0.01666	0.02520	0.83013	0.00975	0.01260	0.01260	0.00935	0.01341	0.00772	0.01016	0.00650	0.00366	0.00406	0.00122	0.00488	0.00366	0.00203	0.00650
42	0.00500	0.00357	0.00476	0.00572	0.00595	0.00333	0.00381	0.00572	0.00786	0.01048	0.02262	0.85306	0.02715	0.01286	0.00524	0.00167	0.00238	0.01167	0.00381	0.00333
43	0.06389	0.00729	0.00950	0.00732	0.01047	0.00658	0.00605	0.06433	0.01192	0.74473	0.01529	0.01336	0.00968	0.00501	0.00404	0.00127	0.00353	0.00400	0.00489	0.00685
44	0.01178	0.00906	0.01477	0.02064	0.62162	0.00890	0.01091	0.01433	0.03593	0.18185	0.02367	0.01146	0.00799	0.00409	0.00409	0.00124	0.00449	0.00385	0.00277	0.00656
45	0.00657	0.00471	0.00656	0.00748	0.00844	0.00470	0.00653	0.00844	0.00945	0.01226	0.02219	0.04615	0.04211	0.01132	0.00565	0.00188	0.00374	0.78427	0.00378	0.00377
46	0.00594	0.00432	0.00618	0.00618	0.00681	0.00491	0.00465	0.00719	0.00656	0.00946	0.01137	0.01778	0.01100	0.15892	0.68584	0.00601	0.00962	0.00463	0.02916	0.00349
47	0.01028	0.00998	0.01655	0.02486	0.81158	0.02858	0.01249	0.01268	0.00940	0.01333	0.00769	0.01010	0.00647	0.00367	0.00406	0.00122	0.00493	0.00363	0.00203	0.00646
48	0.00675	0.00498	0.00606	0.00560	0.00682	0.00492	0.00425	0.03751	0.10779	0.01671	0.64712	0.02750	0.04783	0.00779	0.00464	0.00129	0.00218	0.00680	0.04917	0.00428
49	0.00985	0.00852	0.00922	0.00871	0.03877	0.00973	0.00653	0.02039	0.73682	0.01661	0.01756	0.03209	0.04517	0.00590	0.00424	0.00140	0.00325	0.01489	0.00408	0.00628
50	0.00912	0.00756	0.00877	0.00631	0.00993	0.00594	0.00507	0.06140	0.00925	0.02781	0.00761	0.00869	0.00620	0.00319	0.00313	0.00066	0.00314	0.00254	0.00258	0.81111
51	0.01088	0.82919	0.04970	0.00719	0.01079	0.01601	0.00731	0.01232	0.00835	0.00977	0.00576	0.00666	0.00527	0.00353	0.00268	0.00089	0.00445	0.00222	0.00176	0.00530
52	0.00635	0.00487	0.00575	0.00549	0.00650	0.03308	0.00409	0.00860	0.04798	0.01575	0.66647	0.09375	0.03434	0.00833	0.00472	0.00130	0.00222	0.00733	0.03911	0.00398
53	0.00583	0.00417	0.00529	0.00501	0.00601	0.00384	0.00376	0.00770	0.01127	0.01596	0.71887	0.03052	0.10118	0.00835	0.00473	0.00128	0.00195	0.00732	0.05312	0.00384
54	0.00597	0.00398	0.00448	0.00448	0.00448	0.00398	0.00249	0.00597	0.00597	0.00796	0.01293	0.02686	0.01492	0.85574	0.02089	0.00398	0.00398	0.00597	0.00249	0.00249
55	0.00740	0.00443	0.00567	0.00519	0.00639	0.00409	0.00395	0.00930	0.01119	0.10203	0.62385	0.02667	0.03161	0.00752	0.00448	0.00124	0.00210	0.00655	0.13214	0.00419
56	0.00604	0.00410	0.00470	0.00466	0.00467	0.00420	0.00268	0.00608	0.00599	0.00803	0.01273	0.02628	0.01463	0.82322	0.03363	0.00397	0.02350	0.00589	0.00247	0.00255
57	0.88473	0.00794	0.00603	0.00540	0.00794	0.00921	0.00445	0.01207	0.00699	0.01842	0.00572	0.00667	0.00445	0.00381	0.00254	0.00127	0.00318	0.00222	0.00254	0.00445
58	0.00597	0.00399	0.00455	0.00455	0.00457	0.00402	0.00258	0.00601	0.00599	0.00801	0.01287	0.02650	0.01477	0.82815	0.04827	0.00407	0.00421	0.00592	0.00248	0.00253
59	0.00874	0.00846	0.01522	0.40078	0.18888	0.00931	0.17793	0.01133	0.00869	0.02560	0.00851	0.05825	0.00714	0.00455	0.00480	0.00138	0.04887	0.00436	0.00208	0.00513
60	0.01037	0.00915	0.00935	0.00842	0.01074	0.03568	0.00654	0.02165	0.79780	0.01695	0.01639	0.01507	0.01231	0.00553	0.00416	0.00138	0.00338	0.00458	0.00411	0.00644
61	0.01458	0.03599	0.01139	0.01031	0.04267	0.63174	0.00761	0.03072	0.01145	0.07935	0.04015	0.00929	0.00728	0.00450	0.00388	0.00110	0.01800	0.00306	0.03193	0.00499
62	0.00597	0.00398	0.00448	0.00448	0.00448	0.00398	0.00249	0.00597	0.00597	0.00796	0.01293	0.02686	0.01492	0.85574	0.02089	0.00398	0.00398	0.00597	0.00249	0.00249
63	0.88473	0.00794	0.00603	0.00540	0.00794	0.00921	0.00445	0.01207	0.00699	0.01842	0.00572	0.00667	0.00445	0.00381	0.00254	0.00127	0.00318	0.00222	0.00254	0.00445
64	0.88473	0.00794	0.00603	0.00540	0.00794	0.00921	0.00445	0.01207	0.00699	0.01842	0.00572	0.00667	0.00445	0.00381	0.00254	0.00127	0.00318	0.00222	0.00254	0.00445
65	0.84989	0.00847	0.03896	0.00565	0.00833	0.00922	0.00487	0.01210	0.00705	0.01820	0.00578	0.00675	0.00448	0.00381	0.00259	0.00127	0.00329	0.00225	0.00251	0.00451
66	0.00978	0.00936	0.01597	0.15516	0.70315	0.00965	0.01241	0.01226	0.00917	0.01295	0.00765	0.01028	0.00634	0.00373	0.00407	0.00124	0.00497	0.00366	0.00200	0.00619
67	0.01540	0.01140	0.01221	0.00940	0.01265	0.01264	0.00775	0.78666	0.04942	0.02554	0.01011	0.01006	0.00719	0.00495	0.00411	0.00124	0.00447	0.00373	0.00411	0.00696
68	0.01032	0.00873	0.00927	0.00824	0.01054	0.01000	0.00643	0.07668	0.71744	0.01774	0.06518	0.01586	0.01372	0.00569	0.00421	0.00137	0.00326	0.00474	0.00419	0.00637
69	0.88473	0.00794	0.00603	0.00540	0.00794	0.00921	0.00445	0.01207	0.00699	0.01842	0.00572	0.00667	0.00445	0.00381	0.00254	0.00127	0.00318	0.00222	0.00254	0.00445
70	0.00597	0.00398	0.00448	0.00448	0.00448	0.00398	0.00249	0.00597	0.00597	0.00796	0.01293	0.02686	0.01492	0.85574	0.02089	0.00398	0.00398	0.00597	0.00249	0.00249
71	0.16183	0.00714	0.00895	0.00699	0.01006	0.00656	0.00577	0.01869	0.01096	0.69813	0.01446	0.01276	0.00921	0.00487	0.00387	0.00127	0.00344	0.00381	0.00466	0.00657
72	0.00500	0.00357	0.00476	0.00572	0.00595	0.00333	0.00381	0.00572	0.00786	0.01048	0.02262	0.85306	0.02715	0.01286	0.00524	0.00167	0.00238	0.01167	0.00381	0.00333
73	0.00494	0.00415	0.00429	0.00429	0.00560	0.00350	0.00320	0.00604	0.00950	0.01152	0.10662	0.06115	0.74058	0.01030	0.00486	0.00139	0.00208	0.00864	0.00387	0.00350
74	0.00586	0.00440	0.00660	0.00660	0.00733	0.00513	0.00513	0.00733	0.00660	0.00953	0.01100	0.01613	0.01026	0.03079	0.83947	0.00660	0.01100	0.00440	0.00220	0.00367
75	0.01085	0.82153	0.05713	0.00723	0.01085	0.01595	0.00738	0.01232	0.00835	0.00980	0.00578	0.00668	0.00526	0.00353	0.00269	0.00090	0.00446	0.00223	0.00175	0.00530
76	0.01060	0.00901	0.00950	0.00843	0.01082	0.01039	0.00659	0.07927	0.76462	0.01780	0.01621	0.01492	0.01213	0.00552	0.00417	0.00138	0.00334	0.00457	0.00417	0.00653
77	0.00509	0.00366	0.00485	0.00577	0.00608	0.00342	0.00394	0.00588	0.00800	0.01060	0.02323	0.77942	0.05473	0.01269	0.00525	0.00167	0.00245	0.05610	0.00381	0.00336
78	0.01093	0.84493	0.03440	0.00710	0.01065	0.01614	0.00715	0.01230	0.00835	0.00971	0.00573	0.00662	0.00527	0.00352	0.00265	0.00088	0.00442	0.00221	0.00176	0.00528
79	0.00639	0.00490	0.00598	0.00640	0.03698	0.03030	0.00416	0.00702	0.00687	0.00920	0.01390	0.15176	0.01552	0.44681	0.15938	0.00369	0.03514	0.04975	0.00266	0.00319
80	0.01842	0.00699	0.00953	0.00730	0.01048	0.00603	0.00603	0.02000	0.01175	0.83298	0.01619	0.01397	0.01016	0.00508	0.00413	0.00127	0.00349	0.00413	0.00508	0.00699
81	0.01009	0.00966	0.01647	0.02487	0.81479	0.00966	0.01249	0.01252	0.00935	0.01339	0.00798	0.01083	0.00682	0.00380	0.00409	0.00123	0.00486	0.01858	0.00206	0.00645
82	0.01016	0.00975	0.01666	0.02520	0.83013	0.00975	0.01260	0.01260	0.00935	0.01341	0.00772	0.01016	0.00650	0.00366	0.00406	0.00122	0.00488	0.00366	0.00203	0.00650
83	0.00597	0.00398	0.00448	0.00448	0.00448	0.00398	0.00249	0.00597	0.00597	0.00796	0.01293	0.02686	0.01492	0.85574	0.02089	0.00398	0.00398	0.00597	0.00249	0.00249
84	0.00823	0.02123	0.83447	0.01170	0.01777	0.00953	0.01517	0.01300	0.00867	0.01300	0.00737	0.00867	0.00520	0.00390	0.00390	0.00130	0.00607	0.00303	0.00173	0.00607
85	0.00851	0.00730	0.00851	0.00608	0.00973	0.00547	0.00486	0.01034	0.00851	0.01338	0.00730	0.00851	0.00608	0.00304	0.00304	0.00061	0.00304	0.00243	0.00243	0.88083
86	0.01016	0.00975	0.01666	0.02520	0.83013	0.00975	0.01260	0.01260	0.00935	0.01341	0.00772	0.01016	0.00650	0.00366	0.00406	0.00122	0.00488	0.00366	0.00203	0.00650
87	0.00764	0.00700	0.01000	0.00897	0.00929	0.00936	0.00732	0.00878	0.00642	0.00973	0.00781	0.01206	0.00749	0.01737	0.36978	0.00387	0.48707	0.00394	0.00197	0.00413
88	0.00775	0.00730	0.01231	0.84587	0.02827	0.00912	0.01140	0.01049	0.00821	0.01049	0.00730	0.01094	0.00547	0.00410	0.00410	0.00137	0.00547	0.00365	0.00182	0.00456
89	0.00500	0.00357	0.00476	0.00572	0.00595	0.00333	0.00381	0.00572	0.00786	0.01048	0.02262	0.85306	0.02715	0.01286	0.00524	0.00167	0.00238	0.01167	0.00381	0.00333
90	0.08183	0.00783	0.01211	0.00914	0.01238	0.00716	0.16982	0.01767	0.02426	0.56703	0.03835	0.01336	0.00983	0.00476	0.00418	0.00130	0.00411	0.00424	0.00425	0.00640
91	0.00775	0.00730	0.01231	0.84587	0.02827	0.00912	0.01140	0.01049	0.00821	0.01049	0.00730	0.01094	0.00547	0.00410	0.00410	0.00137	0.00547	0.00365	0.00182	0.00456
92	0.00901	0.00906	0.01304	0.01104	0.01120	0.01249	0.04103	0.01001	0.00642	0.01001	0.00550	0.00906	0.00542	0.00704	0.01313	0.00178	0.81478	0.00364	0.00181	0.00453
93	0.88473	0.00794	0.00603	0.00540	0.00794	0.00921	0.00445	0.01207	0.00699	0.01842	0.00572	0.00667	0.00445	0.00381	0.00254	0.00127	0.00318	0.00222	0.00254	0.00445
94	0.00520	0.00381	0.00512	0.00596	0.00620	0.00373	0.00408	0.00595	0.00783	0.01050	0.02192	0.80098	0.02620	0.01260	0.00558	0.00168	0.03604	0.02951	0.00373	0.00339
95	0.00598	0.00432	0.00587	0.00587	0.00631	0.00479	0.00421	0.00688	0.00643	0.00901	0.01198	0.02109	0.01240	0.34994	0.48357	0.00536	0.02129	0.02912	0.00235	0.00322
96	0.00828	0.02097	0.81591	0.01201	0.03621	0.00954	0.01511	0.01299	0.00868	0.01301	0.00737	0.00870	0.00523	0.00389	0.00390	0.00130	0.00604	0.00305	0.00174	0.00608
97	0.00980	0.00948	0.01644	0.03365	0.71235	0.00942	0.06969	0.01226	0.00943	0.01338	0.03341	0.01174	0.03228	0.00399	0.00417	0.00124	0.00486	0.00401	0.00216	0.00624
98	0.00988	0.01031	0.03722	0.02186	0.53611	0.00993	0.25260	0.01263	0.00938	0.01327	0.01950	0.01066	0.00682	0.00377	0.00456	0.00129	0.02800	0.00405	0.00207	0.00611
99	0.00976	0.00962	0.01695	0.12743	0.49191	0.00984	0.17235	0.01327	0.08237	0.01332	0.00859	0.01091	0.00686	0.00385	0.00424	0.00129	0.00522	0.00398	0.00221	0.00606
100	0.01932	0.00903	0.01775	0.01309	0.01646	0.00831	0.51546	0.01180	0.00969	0.03921	0.07923	0.02781	0.05504	0.00489	0.00465	0.00132	0.00540	0.05595	0.00265	0.10295
101	0.01052	0.00875	0.00929	0.00831	0.01067	0.01005	0.00648	0.02174	0.79219	0.04788	0.01669	0.01526	0.01244	0.00555	0.00417	0.00139	0.00326	0.00462	0.00421	0.00652
102	0.00775	0.00724	0.01217	0.83207	0.02789	0.00903	0.01126	0.01047	0.00821	0.01057	0.00740	0.01102	0.00555	0.00412	0.00408	0.00136	0.00541	0.00365	0.01620	0.00455
103	0.01016	0.00975	0.01666	0.02520	0.83013	0.00975	0.01260	0.01260	0.00935	0.01341	0.00772	0.01016	0.00650	0.00366	0.00406	0.00122	0.00488	0.00366	0.00203	0.00650
104	0.00969	0.01107	0.02422	0.01730	0.02145	0.01038	0.81522	0.01315	0.00969	0.01315	0.00830	0.01107	0.00623	0.00346	0.00484	0.00138	0.00692	0.00484	0.00208	0.00554
105	0.00775	0.00730	0.01231	0.84587	0.02827	0.00912	0.01140	0.01049	0.00821	0.01049	0.00730	0.01094	0.00547	0.00410	0.00410	0.00137	0.00547	0.00365	0.00182	0.00456
106	0.01016	0.00975	0.01666	0.02520	0.83013	0.00975	0.01260	0.01260	0.00935	0.01341	0.00772	0.01016	0.00650	0.00366	0.00406	0.00122	0.00488	0.00366	0.00203	0.00650
107	0.00823	0.02123	0.83447	0.01170	0.01777	0.00953	0.01517	0.01300	0.00867	0.01300	0.00737	0.00867	0.00520	0.00390	0.00390	0.00130	0.00607	0.00303	0.00173	0.00607
108	0.00796	0.00751	0.01269	0.77485	0.09767	0.00917	0.01150	0.01067	0.00831	0.01074	0.00733	0.01088	0.00556	0.00407	0.00410	0.00136	0.00542	0.00365	0.00184	0.00473
109	0.00987	0.00946	0.01614	0.12426	0.73334	0.00968	0.01245	0.01234	0.00921	0.01306	0.00767	0.01025	0.00638	0.00371	0.00407	0.00124	0.00495	0.00366	0.00201	0.00627
110	0.01533	0.01956	0.01163	0.01058	0.01269	0.83926	0.00793	0.01639	0.01163	0.01005	0.00635	0.00740	0.00529	0.00423	0.00370	0.00106	0.00740	0.00264	0.00212	0.00476
111	0.00775	0.00719	0.01205	0.82001	0.02755	0.00896	0.01114	0.01046	0.00822	0.01064	0.00748	0.01108	0.00563	0.00412	0.00407	0.00136	0.00536	0.00365	0.02876	0.00454
112	0.00661	0.00472	0.00661	0.00756	0.00850	0.00472	0.00661	0.00850	0.00945	0.01228	0.02173	0.04630	0.02362	0.01134	0.00567	0.00189	0.00378	0.80250	0.00378	0.00378
113	0.01016	0.00975	0.01666	0.02520	0.83013	0.00975	0.01260	0.01260	0.00935	0.01341	0.00772	0.01016	0.00650	0.00366	0.00406	0.00122	0.00488	0.00366	0.00203	0.00650
114	0.01016	0.00975	0.01666	0.02520	0.83013	0.00975	0.01260	0.01260	0.00935	0.01341	0.00772	0.01016	0.00650	0.00366	0.00406	0.00122	0.00488	0.00366	0.00203	0.00650
115	0.00581	0.00420	0.00549	0.00516	0.00613	0.00387	0.00387	0.00775	0.01162	0.01646	0.82797	0.03066	0.03873	0.00839	0.00484	0.00129	0.00194	0.00742	0.00452	0.00387
116	0.00775	0.00730	0.01231	0.84587	0.02827	0.00912	0.01140	0.01049	0.00821	0.01049	0.00730	0.01094	0.00547	0.00410	0.00410	0.00137	0.00547	0.00365	0.00182	0.00456
117	0.88473	0.00794	0.00603	0.00540	0.00794	0.00921	0.00445	0.01207	0.00699	0.01842	0.00572	0.00667	0.00445	0.00381	0.00254	0.00127	0.00318	0.00222	0.00254	0.00445
118	0.01021	0.00882	0.00928	0.00835	0.01067	0.01021	0.00650	0.02181	0.82272	0.01717	0.01671	0.01532	0.01253	0.00557	0.00418	0.00139	0.00325	0.00464	0.00418	0.00650
119	0.02731	0.00946	0.01584	0.02289	0.71982	0.00937	0.02300	0.01335	0.00955	0.09715	0.00856	0.01050	0.00683	0.00380	0.00405	0.00123	0.00473	0.00370	0.00235	0.00650
120	0.01016	0.00975	0.01666	0.02520	0.83013	0.00975	0.01260	0.01260	0.00935	0.01341	0.00772	0.01016	0.00650	0.00366	0.00406	0.00122	0.00488	0.00366	0.00203	0.00650
121	0.01596	0.00990	0.01121	0.00870	0.01187	0.01049	0.00715	0.50541	0.08975	0.26740	0.01238	0.01159	0.00844	0.00503	0.00412	0.00126	0.00409	0.00391	0.00441	0.00694
122	0.01016	0.00975	0.01666	0.02520	0.83013	0.00975	0.01260	0.01260	0.00935	0.01341	0.00772	0.01016	0.00650	0.00366	0.00406	0.00122	0.00488	0.00366	0.00203	0.00650
123	0.00568	0.00418	0.00531	0.00506	0.00606	0.00381	0.00378	0.00748	0.01126	0.01568	0.71612	0.05207	0.13073	0.00874	0.00485	0.00131	0.00196	0.00767	0.00442	0.00381
124	0.86301	0.00784	0.00598	0.00536	0.00786	0.00908	0.00441	0.01200	0.00703	0.01834	0.00591	0.00688	0.00460	0.00383	0.00255	0.00126	0.00314	0.00226	0.02424	0.00443
125	0.01678	0.00786	0.01177	0.00888	0.01217	0.00713	0.12163	0.06160	0.03545	0.64914	0.01474	0.01338	0.00950	0.00486	0.00423	0.00129	0.00403	0.00422	0.00457	0.00676
126	0.06786	0.00740	0.00947	0.00737	0.01047	0.00683	0.00607	0.06499	0.05699	0.69459	0.01526	0.01339	0.00978	0.00503	0.00404	0.00127	0.00352	0.00402	0.00483	0.00681
127	0.03185	0.00889	0.01100	0.00971	0.09024	0.00898	0.00720	0.33536	0.01443	0.36525	0.06447	0.01289	0.01026	0.00507	0.00413	0.00125	0.00393	0.00409	0.00432	0.00669
128	0.18929	0.00914	0.01392	0.02000	0.61308	0.00937	0.01046	0.01267	0.00893	0.04290	0.00775	0.00970	0.00631	0.00377	0.00372	0.00122	0.00441	0.00338	0.02395	0.00603

[dist]
# distance from previous block
# <min> <max>
0	22

# created by:
# /st0/software/busco_prod/Augustus/scripts/msa2prfl.pl ./align_prep/142782.fa
