[name]
unknown

[dist]
# distance from previous block
# <min> <max>
0	209

[block]
# block no. 0 follows, 62 sequences, length 15
# corresponding to MSA columns:
# 218-232
name=unknown_A
#
# <colnr> <probs for GDERKNQSTAVLIFYWHMCP>
#	G	D	E	R	K	N	Q	S	T	A	V	L	I	F	Y	W	H	M	C	P
0	0.05080	0.00596	0.00768	0.00789	0.00940	0.00605	0.00681	0.08709	0.01088	0.09189	0.02000	0.03921	0.02055	0.01012	0.00541	0.00180	0.00393	0.60591	0.00402	0.00459
1	0.01739	0.00899	0.01065	0.07002	0.01273	0.07341	0.00708	0.12608	0.03517	0.57107	0.01442	0.01317	0.00939	0.00511	0.00424	0.00130	0.00423	0.00407	0.00461	0.00686
2	0.06024	0.01008	0.01090	0.00884	0.01176	0.01108	0.00714	0.44608	0.21423	0.10519	0.01318	0.06030	0.01006	0.00570	0.00426	0.00135	0.00405	0.00452	0.00427	0.00676
3	0.07552	0.00953	0.01390	0.26021	0.33486	0.01050	0.01081	0.16793	0.04765	0.01609	0.00857	0.01068	0.00665	0.00429	0.00412	0.00132	0.00496	0.00373	0.00260	0.00609
4	0.05914	0.00593	0.00676	0.00616	0.00791	0.00583	0.00476	0.06104	0.10687	0.12149	0.21462	0.11227	0.23696	0.00850	0.00472	0.00142	0.00275	0.02377	0.00428	0.00482
5	0.00746	0.00483	0.00587	0.00555	0.00700	0.00434	0.00429	0.00926	0.03016	0.11760	0.31731	0.07392	0.31775	0.00941	0.00500	0.00144	0.00247	0.06766	0.00439	0.00430
6	0.08096	0.00712	0.00932	0.00727	0.01036	0.00634	0.00598	0.01927	0.01181	0.71249	0.07117	0.01512	0.01213	0.00541	0.00421	0.00132	0.00349	0.00437	0.00503	0.00683
7	0.01587	0.00932	0.01079	0.00861	0.01171	0.00974	0.00700	0.28879	0.22532	0.34375	0.01470	0.01340	0.01006	0.00535	0.00428	0.00134	0.00391	0.00427	0.00468	0.00711
8	0.01862	0.00735	0.00986	0.00763	0.01087	0.00649	0.00628	0.02084	0.05625	0.78252	0.01682	0.01456	0.01067	0.00529	0.00428	0.00132	0.00361	0.00431	0.00522	0.00721
9	0.01148	0.00936	0.00996	0.00874	0.01128	0.01070	0.00686	0.10579	0.70273	0.04822	0.01655	0.01523	0.01229	0.00568	0.00432	0.00142	0.00352	0.00469	0.00436	0.00681
10	0.00574	0.00434	0.00530	0.00506	0.00619	0.00390	0.00380	0.00749	0.01139	0.01551	0.60417	0.03434	0.25862	0.00928	0.00502	0.00137	0.00205	0.00805	0.00448	0.00390
11	0.00839	0.00792	0.01340	0.72561	0.14118	0.00955	0.01199	0.01118	0.00867	0.01130	0.00762	0.01123	0.00582	0.00419	0.00425	0.00140	0.00559	0.00378	0.00192	0.00501
12	0.01803	0.00721	0.00968	0.00749	0.01062	0.00635	0.00616	0.04929	0.01246	0.73796	0.07519	0.01558	0.01257	0.00551	0.00433	0.00132	0.00354	0.00451	0.00519	0.00701
13	0.00615	0.00438	0.00556	0.00529	0.00637	0.00398	0.00396	0.00796	0.01151	0.03554	0.65055	0.07564	0.14890	0.00915	0.00502	0.00137	0.00209	0.00803	0.00456	0.00400
14	0.01060	0.00971	0.01625	0.03682	0.69904	0.00974	0.02571	0.02778	0.02897	0.03911	0.00928	0.05094	0.00802	0.00437	0.00429	0.00130	0.00489	0.00425	0.00238	0.00656

[dist]
# distance from previous block
# <min> <max>
1	3

[block]
# block no. 1 follows, 62 sequences, length 29
# corresponding to MSA columns:
# 236-247,261-273,283-286
name=unknown_B
#
# <colnr> <probs for GDERKNQSTAVLIFYWHMCP>
#	G	D	E	R	K	N	Q	S	T	A	V	L	I	F	Y	W	H	M	C	P
0	0.00987	0.00944	0.01608	0.24032	0.61485	0.00994	0.01273	0.01248	0.00938	0.01310	0.00789	0.01075	0.00646	0.00391	0.00422	0.00130	0.00522	0.00379	0.00205	0.00621
1	0.00655	0.00489	0.00576	0.00564	0.00690	0.00441	0.00407	0.03794	0.02556	0.03258	0.10318	0.34143	0.24103	0.05749	0.00585	0.00159	0.00264	0.00878	0.00384	0.09987
2	0.00548	0.00400	0.00490	0.00542	0.00611	0.00360	0.00376	0.00640	0.00890	0.02622	0.08703	0.52444	0.25406	0.03176	0.00565	0.00167	0.00241	0.01061	0.00400	0.00358
3	0.01002	0.00803	0.00991	0.00719	0.01088	0.00655	0.04228	0.07961	0.01008	0.06004	0.02432	0.00983	0.00729	0.00356	0.00343	0.00077	0.00347	0.00295	0.00285	0.69694
4	0.01240	0.00976	0.01067	0.00902	0.01173	0.01097	0.01913	0.25428	0.50838	0.05100	0.02796	0.01503	0.01178	0.00570	0.00436	0.00140	0.00381	0.02154	0.00431	0.00678
5	0.00818	0.00771	0.01302	0.79444	0.07400	0.00949	0.01189	0.01099	0.00857	0.01104	0.00759	0.01130	0.00573	0.00423	0.00425	0.00141	0.00564	0.00378	0.00190	0.00484
6	0.01884	0.00736	0.01029	0.00786	0.01118	0.00638	0.02835	0.02054	0.01212	0.80447	0.01656	0.01440	0.01042	0.00522	0.00430	0.00132	0.00372	0.00430	0.00518	0.00720
7	0.01909	0.00724	0.00987	0.00757	0.01086	0.00625	0.00625	0.02074	0.01218	0.82687	0.01679	0.01448	0.01053	0.00527	0.00428	0.00132	0.00362	0.00428	0.00527	0.00724
8	0.00518	0.00373	0.00491	0.00585	0.00615	0.00346	0.00392	0.00593	0.00822	0.01089	0.02435	0.81101	0.06424	0.01321	0.00541	0.00171	0.00245	0.01195	0.00395	0.00346
9	0.00810	0.00624	0.00726	0.00665	0.00824	0.00654	0.00508	0.03056	0.29387	0.03693	0.45454	0.05071	0.05254	0.00772	0.00476	0.00139	0.00260	0.00669	0.00452	0.00509
10	0.00518	0.00370	0.00494	0.00592	0.00617	0.00346	0.00395	0.00592	0.00815	0.01086	0.02345	0.84768	0.02814	0.01333	0.00543	0.00173	0.00247	0.01210	0.00395	0.00346
11	0.01082	0.00926	0.00975	0.00871	0.01115	0.01069	0.00679	0.05589	0.78257	0.01818	0.01702	0.01564	0.01275	0.00574	0.00433	0.00144	0.00342	0.00477	0.00433	0.00676
12	0.00958	0.00858	0.01085	0.00785	0.01162	0.02929	0.08945	0.05821	0.00970	0.01451	0.00780	0.00915	0.00635	0.00335	0.00343	0.00077	0.00379	0.00287	0.00258	0.71030
13	0.01644	0.01172	0.01153	0.02196	0.04322	0.18767	0.00761	0.25858	0.07057	0.30868	0.01216	0.01162	0.00840	0.00499	0.00418	0.00127	0.00489	0.00382	0.00406	0.00665
14	0.01909	0.00724	0.00987	0.00757	0.01086	0.00625	0.00625	0.02074	0.01218	0.82687	0.01679	0.01448	0.01053	0.00527	0.00428	0.00132	0.00362	0.00428	0.00527	0.00724
15	0.00606	0.00447	0.00569	0.00536	0.00643	0.00415	0.00403	0.00825	0.03190	0.01668	0.74544	0.03205	0.09593	0.00878	0.00500	0.00135	0.00205	0.00772	0.00462	0.00405
16	0.05086	0.01432	0.04504	0.01584	0.27893	0.33363	0.06258	0.06429	0.01115	0.02613	0.00846	0.03794	0.00724	0.00461	0.00412	0.00125	0.00604	0.01943	0.00244	0.00573
17	0.00937	0.00896	0.01534	0.40257	0.44010	0.00982	0.02858	0.01206	0.00915	0.01249	0.00781	0.01093	0.00624	0.00400	0.00425	0.00134	0.00538	0.00381	0.00201	0.00579
18	0.00543	0.00433	0.00487	0.00474	0.00600	0.00376	0.00355	0.00689	0.01066	0.01377	0.36107	0.03721	0.50281	0.00993	0.00502	0.00140	0.00209	0.00846	0.00425	0.00376
19	0.01050	0.01019	0.01771	0.02566	0.77882	0.01015	0.05780	0.01309	0.00971	0.01389	0.00804	0.01058	0.00672	0.00378	0.00426	0.00127	0.00517	0.00386	0.00211	0.00668
20	0.00970	0.07154	0.58722	0.01237	0.04800	0.01051	0.07107	0.05887	0.04277	0.03657	0.00840	0.00959	0.00608	0.00414	0.00407	0.00132	0.00591	0.00339	0.00217	0.00631
21	0.00509	0.00407	0.00456	0.00496	0.00592	0.00354	0.00352	0.00603	0.00907	0.01124	0.03519	0.36598	0.50228	0.01181	0.00519	0.00155	0.00228	0.01024	0.00395	0.00354
22	0.00547	0.00390	0.00526	0.00625	0.00662	0.00370	0.00444	0.00641	0.00843	0.01118	0.02330	0.71254	0.02752	0.01306	0.00551	0.00177	0.00271	0.14446	0.00394	0.00353
23	0.02577	0.04345	0.07394	0.01666	0.32424	0.04793	0.11245	0.10993	0.02712	0.08537	0.02571	0.01175	0.02100	0.00547	0.03589	0.00151	0.01877	0.00403	0.00275	0.00627
24	0.19661	0.37831	0.02926	0.01085	0.14231	0.07543	0.04464	0.01359	0.03128	0.03307	0.00704	0.00819	0.00586	0.00389	0.00324	0.00112	0.00469	0.00282	0.00224	0.00555
25	0.01031	0.02611	0.10426	0.08957	0.59129	0.04181	0.04903	0.01310	0.00961	0.01340	0.00787	0.01030	0.00642	0.00387	0.00419	0.00128	0.00543	0.00371	0.00206	0.00639
26	0.01207	0.12424	0.09814	0.00930	0.04020	0.13011	0.00795	0.15451	0.10281	0.04489	0.00920	0.00980	0.00712	0.00425	0.00369	0.00107	0.00469	0.00320	0.01353	0.21923
27	0.02708	0.20977	0.40419	0.02409	0.01531	0.09962	0.03129	0.02936	0.00977	0.10018	0.00815	0.00903	0.00602	0.00413	0.00375	0.00122	0.00568	0.00308	0.00229	0.00600
28	0.00816	0.00586	0.02419	0.00880	0.10910	0.00589	0.00591	0.02909	0.00823	0.07692	0.03434	0.01842	0.01193	0.17664	0.36713	0.00422	0.00717	0.01777	0.07587	0.00437

[dist]
# distance from previous block
# <min> <max>
0	20

[block]
# block no. 2 follows, 62 sequences, length 24
# corresponding to MSA columns:
# 321-344
name=unknown_C
#
# <colnr> <probs for GDERKNQSTAVLIFYWHMCP>
#	G	D	E	R	K	N	Q	S	T	A	V	L	I	F	Y	W	H	M	C	P
0	0.00588	0.00468	0.00499	0.00484	0.00630	0.00415	0.00365	0.00777	0.05931	0.03413	0.15300	0.05347	0.62255	0.01008	0.00497	0.00143	0.00225	0.00848	0.00411	0.00394
1	0.84384	0.00819	0.00641	0.00568	0.00834	0.00941	0.00468	0.01286	0.00745	0.05349	0.00639	0.00723	0.00486	0.00401	0.00270	0.00132	0.00331	0.00239	0.00275	0.00472
2	0.00518	0.00370	0.00494	0.00592	0.00617	0.00346	0.00395	0.00592	0.00815	0.01086	0.02345	0.84768	0.02814	0.01333	0.00543	0.00173	0.00247	0.01210	0.00395	0.00346
3	0.01029	0.00986	0.01683	0.10561	0.74633	0.01005	0.01294	0.01285	0.00957	0.01361	0.00796	0.01061	0.00664	0.00384	0.00422	0.00128	0.00512	0.00379	0.00209	0.00654
4	0.00581	0.00434	0.00539	0.00513	0.00622	0.00392	0.00384	0.00761	0.01153	0.01585	0.65161	0.03379	0.21097	0.00915	0.00502	0.00136	0.00204	0.00798	0.00452	0.00392
5	0.78106	0.00865	0.00700	0.00608	0.00880	0.00997	0.00501	0.10424	0.00871	0.01998	0.00642	0.00729	0.00491	0.00408	0.00282	0.00131	0.00345	0.00248	0.00282	0.00491
6	0.00602	0.00435	0.00569	0.00535	0.00636	0.00401	0.00401	0.00803	0.01204	0.01706	0.82167	0.03178	0.04015	0.00870	0.00502	0.00134	0.00201	0.00770	0.00468	0.00401
7	0.00870	0.00835	0.01449	0.61388	0.20095	0.00968	0.06059	0.01151	0.00886	0.01170	0.00772	0.01118	0.00595	0.00411	0.00429	0.00139	0.00563	0.00386	0.00195	0.00522
8	0.01004	0.01148	0.02511	0.01793	0.02224	0.01076	0.80846	0.01363	0.01004	0.01363	0.00861	0.01148	0.00646	0.00359	0.00502	0.00143	0.00717	0.00502	0.00215	0.00574
9	0.00804	0.00756	0.01276	0.84023	0.02931	0.00945	0.01182	0.01087	0.00851	0.01087	0.00756	0.01134	0.00567	0.00425	0.00425	0.00142	0.00567	0.00378	0.00189	0.00473
10	0.88052	0.00823	0.00625	0.00560	0.00823	0.00955	0.00461	0.01251	0.00724	0.01909	0.00592	0.00691	0.00461	0.00395	0.00263	0.00132	0.00329	0.00230	0.00263	0.00461
11	0.00793	0.00397	0.00397	0.00397	0.00496	0.00397	0.00297	0.00991	0.00892	0.01586	0.01388	0.01586	0.01091	0.00496	0.00297	0.00099	0.00198	0.00397	0.87408	0.00397
12	0.01589	0.02028	0.01206	0.01096	0.01315	0.83338	0.00822	0.01699	0.01206	0.01041	0.00658	0.00767	0.00548	0.00438	0.00384	0.00110	0.00767	0.00274	0.00219	0.00493
13	0.88052	0.00823	0.00625	0.00560	0.00823	0.00955	0.00461	0.01251	0.00724	0.01909	0.00592	0.00691	0.00461	0.00395	0.00263	0.00132	0.00329	0.00230	0.00263	0.00461
14	0.00518	0.00370	0.00494	0.00592	0.00617	0.00346	0.00395	0.00592	0.00815	0.01086	0.02345	0.84768	0.02814	0.01333	0.00543	0.00173	0.00247	0.01210	0.00395	0.00346
15	0.01596	0.01181	0.01265	0.00975	0.01311	0.01309	0.00804	0.77943	0.05066	0.02647	0.01049	0.01043	0.00746	0.00513	0.00426	0.00128	0.00463	0.00387	0.00426	0.00722
16	0.00608	0.00456	0.00684	0.00684	0.00760	0.00532	0.00532	0.00760	0.00684	0.00988	0.01140	0.01672	0.01064	0.03191	0.83360	0.00684	0.01140	0.00456	0.00228	0.00380
17	0.01042	0.00896	0.00948	0.00854	0.01089	0.01034	0.00663	0.02207	0.78662	0.01777	0.04694	0.01646	0.01399	0.00588	0.00435	0.00144	0.00332	0.00492	0.00434	0.00663
18	0.00524	0.00374	0.00500	0.00599	0.00626	0.00350	0.00405	0.00602	0.00820	0.01092	0.02342	0.82096	0.02802	0.01328	0.00545	0.00174	0.00252	0.03827	0.00395	0.00347
19	0.01176	0.66831	0.08874	0.00820	0.01186	0.12878	0.00812	0.01339	0.00914	0.01036	0.00615	0.00712	0.00546	0.00378	0.00299	0.00097	0.00513	0.00241	0.00187	0.00546
20	0.00608	0.00456	0.00684	0.00684	0.00760	0.00532	0.00532	0.00760	0.00684	0.00988	0.01140	0.01672	0.01064	0.03191	0.83360	0.00684	0.01140	0.00456	0.00228	0.00380
21	0.01765	0.00702	0.00936	0.00731	0.01036	0.00621	0.00599	0.01975	0.04423	0.71856	0.03828	0.01510	0.01145	0.00536	0.00421	0.00130	0.00346	0.00437	0.06310	0.00692
22	0.01153	0.04847	0.06189	0.01525	0.30868	0.01040	0.02282	0.09995	0.25580	0.07642	0.02486	0.01298	0.02209	0.00483	0.00422	0.00132	0.00439	0.00420	0.00328	0.00663
23	0.05821	0.07536	0.40508	0.01264	0.11155	0.03327	0.04479	0.04997	0.07673	0.05675	0.00881	0.00989	0.00655	0.00432	0.00425	0.00132	0.02847	0.00342	0.00241	0.00622

[dist]
# distance from previous block
# <min> <max>
0	1

[block]
# block no. 3 follows, 62 sequences, length 60
# corresponding to MSA columns:
# 346-405
name=unknown_D
#
# <colnr> <probs for GDERKNQSTAVLIFYWHMCP>
#	G	D	E	R	K	N	Q	S	T	A	V	L	I	F	Y	W	H	M	C	P
0	0.01106	0.00993	0.01681	0.02497	0.77370	0.00987	0.01264	0.01353	0.00984	0.06412	0.00855	0.01078	0.00697	0.00388	0.00422	0.00127	0.00497	0.00382	0.00230	0.00677
1	0.22247	0.28737	0.10486	0.00805	0.01155	0.01272	0.00770	0.21927	0.02542	0.01725	0.00800	0.00939	0.00644	0.00442	0.00337	0.00119	0.00440	0.02477	0.01559	0.00576
2	0.01060	0.01009	0.01703	0.02545	0.79383	0.01008	0.01282	0.02749	0.00986	0.01414	0.00804	0.01049	0.00674	0.00380	0.00419	0.00125	0.00501	0.00377	0.00215	0.02316
3	0.00567	0.00401	0.00530	0.00616	0.00653	0.00385	0.00439	0.00657	0.00824	0.01092	0.02196	0.57284	0.02573	0.12140	0.00763	0.00209	0.00299	0.17653	0.00377	0.00344
4	0.01138	0.85302	0.02230	0.00728	0.01092	0.01684	0.00728	0.01274	0.00865	0.01001	0.00592	0.00683	0.00546	0.00364	0.00273	0.00091	0.00455	0.00228	0.00182	0.00546
5	0.00853	0.02201	0.82841	0.01213	0.01842	0.00988	0.01572	0.01348	0.00898	0.01348	0.00764	0.00898	0.00539	0.00404	0.00404	0.00135	0.00629	0.00314	0.00180	0.00629
6	0.00835	0.02084	0.77389	0.01166	0.01760	0.00948	0.01493	0.01307	0.00913	0.01359	0.04445	0.01069	0.02487	0.00440	0.00411	0.00135	0.00601	0.00347	0.00197	0.00613
7	0.00602	0.00435	0.00569	0.00535	0.00636	0.00401	0.00401	0.00803	0.01204	0.01706	0.82167	0.03178	0.04015	0.00870	0.00502	0.00134	0.00201	0.00770	0.00468	0.00401
8	0.00682	0.00542	0.00757	0.00818	0.10333	0.00516	0.02556	0.00887	0.02561	0.02866	0.49213	0.05621	0.17470	0.00838	0.00511	0.00138	0.02106	0.00735	0.00410	0.00440
9	0.01004	0.01148	0.02511	0.01793	0.02224	0.01076	0.80846	0.01363	0.01004	0.01363	0.00861	0.01148	0.00646	0.00359	0.00502	0.00143	0.00717	0.00502	0.00215	0.00574
10	0.01154	0.82261	0.02192	0.00742	0.01100	0.04666	0.00732	0.01290	0.00877	0.01003	0.00594	0.00686	0.00546	0.00367	0.00277	0.00092	0.00466	0.00229	0.00183	0.00544
11	0.85034	0.03756	0.00681	0.00565	0.00832	0.00980	0.00470	0.01252	0.00729	0.01878	0.00592	0.00691	0.00464	0.00394	0.00264	0.00130	0.00334	0.00230	0.00260	0.00464
12	0.00684	0.00454	0.00591	0.00546	0.00663	0.00415	0.00413	0.00879	0.01197	0.06987	0.74178	0.03097	0.06554	0.00855	0.00497	0.00134	0.00212	0.00752	0.00470	0.00421
13	0.00878	0.00789	0.01231	0.52476	0.15108	0.00926	0.01057	0.01278	0.12173	0.01274	0.00952	0.01223	0.00730	0.00445	0.00415	0.00136	0.00494	0.00394	0.07494	0.00526
14	0.00556	0.00433	0.00505	0.00487	0.00607	0.00382	0.00365	0.00713	0.01095	0.01447	0.45865	0.03606	0.40480	0.00967	0.00502	0.00138	0.00208	0.00829	0.00434	0.00382
15	0.00554	0.00427	0.00478	0.00490	0.00580	0.00392	0.00347	0.00642	0.00857	0.01073	0.05241	0.08871	0.44078	0.23158	0.06065	0.00252	0.00336	0.05469	0.00351	0.00336
16	0.00506	0.00431	0.00435	0.00434	0.00576	0.00360	0.00326	0.00616	0.00977	0.01166	0.06563	0.04068	0.79956	0.01072	0.00503	0.00143	0.00215	0.00894	0.00397	0.00360
17	0.01138	0.85302	0.02230	0.00728	0.01092	0.01684	0.00728	0.01274	0.00865	0.01001	0.00592	0.00683	0.00546	0.00364	0.00273	0.00091	0.00455	0.00228	0.00182	0.00546
18	0.00977	0.00912	0.01538	0.32127	0.50796	0.00982	0.01239	0.01255	0.02312	0.02623	0.00815	0.01098	0.00652	0.00402	0.00423	0.00132	0.00523	0.00381	0.00212	0.00602
19	0.01053	0.01011	0.01727	0.02612	0.82392	0.01011	0.01306	0.01306	0.00969	0.01390	0.00800	0.01053	0.00674	0.00379	0.00421	0.00126	0.00505	0.00379	0.00211	0.00674
20	0.01909	0.00724	0.00987	0.00757	0.01086	0.00625	0.00625	0.02074	0.01218	0.82687	0.01679	0.01448	0.01053	0.00527	0.00428	0.00132	0.00362	0.00428	0.00527	0.00724
21	0.01004	0.01148	0.02511	0.01793	0.02224	0.01076	0.80846	0.01363	0.01004	0.01363	0.00861	0.01148	0.00646	0.00359	0.00502	0.00143	0.00717	0.00502	0.00215	0.00574
22	0.00518	0.00370	0.00494	0.00592	0.00617	0.00346	0.00395	0.00592	0.00815	0.01086	0.02345	0.84768	0.02814	0.01333	0.00543	0.00173	0.00247	0.01210	0.00395	0.00346
23	0.01351	0.01059	0.01127	0.00925	0.01218	0.01195	0.00744	0.43419	0.39989	0.02251	0.01360	0.01292	0.00998	0.00543	0.00429	0.00136	0.00405	0.00430	0.00429	0.00700
24	0.00518	0.00370	0.00494	0.00592	0.00617	0.00346	0.00395	0.00592	0.00815	0.01086	0.02345	0.84768	0.02814	0.01333	0.00543	0.00173	0.00247	0.01210	0.00395	0.00346
25	0.00518	0.00370	0.00494	0.00592	0.00617	0.00346	0.00395	0.00592	0.00815	0.01086	0.02345	0.84768	0.02814	0.01333	0.00543	0.00173	0.00247	0.01210	0.00395	0.00346
26	0.88052	0.00823	0.00625	0.00560	0.00823	0.00955	0.00461	0.01251	0.00724	0.01909	0.00592	0.00691	0.00461	0.00395	0.00263	0.00132	0.00329	0.00230	0.00263	0.00461
27	0.01071	0.00920	0.00969	0.00868	0.01111	0.01064	0.00676	0.03986	0.79878	0.01800	0.01716	0.01575	0.01286	0.00576	0.00433	0.00144	0.00340	0.00479	0.00433	0.00675
28	0.00853	0.02201	0.82841	0.01213	0.01842	0.00988	0.01572	0.01348	0.00898	0.01348	0.00764	0.00898	0.00539	0.00404	0.00404	0.00135	0.00629	0.00314	0.00180	0.00629
29	0.00686	0.00490	0.00686	0.00784	0.00882	0.00490	0.00686	0.00882	0.00980	0.01273	0.02253	0.04800	0.02449	0.01175	0.00588	0.00196	0.00392	0.79528	0.00392	0.00392
30	0.01138	0.85302	0.02230	0.00728	0.01092	0.01684	0.00728	0.01274	0.00865	0.01001	0.00592	0.00683	0.00546	0.00364	0.00273	0.00091	0.00455	0.00228	0.00182	0.00546
31	0.00611	0.00442	0.00612	0.00612	0.00663	0.00493	0.00442	0.00714	0.00663	0.00935	0.01205	0.02036	0.01222	0.29971	0.56796	0.00595	0.00902	0.00509	0.00238	0.00340
32	0.00600	0.00450	0.00558	0.00531	0.00642	0.00417	0.00398	0.00819	0.03994	0.01606	0.64999	0.04673	0.16921	0.00902	0.00500	0.00137	0.00209	0.00788	0.00454	0.00403
33	0.00867	0.02097	0.75416	0.01272	0.03592	0.00999	0.05693	0.01342	0.00901	0.01343	0.00766	0.00915	0.00548	0.00407	0.00428	0.00136	0.02145	0.00327	0.00182	0.00624
34	0.05423	0.18403	0.01368	0.00938	0.01219	0.32368	0.00762	0.20181	0.12598	0.01560	0.00877	0.00921	0.00690	0.00458	0.00373	0.00116	0.00554	0.00317	0.00292	0.00582
35	0.01049	0.03530	0.04697	0.04823	0.72107	0.02307	0.02684	0.01307	0.00964	0.01363	0.00790	0.01036	0.00660	0.00382	0.00417	0.00126	0.00518	0.00373	0.00208	0.00658
36	0.00518	0.00373	0.00491	0.00586	0.00616	0.00346	0.00392	0.00593	0.00821	0.01089	0.02420	0.81705	0.05829	0.01323	0.00542	0.00172	0.00246	0.01198	0.00395	0.00346
37	0.01614	0.01114	0.01218	0.00943	0.01275	0.01214	0.00776	0.65506	0.07629	0.12561	0.01154	0.01115	0.00806	0.00518	0.00426	0.00129	0.00446	0.00396	0.00439	0.00720
38	0.01665	0.01111	0.02979	0.00935	0.01280	0.01160	0.00785	0.61941	0.01805	0.20203	0.01160	0.01113	0.00792	0.00512	0.00426	0.00129	0.00448	0.00391	0.00442	0.00722
39	0.04038	0.02151	0.79839	0.01189	0.01804	0.00987	0.01532	0.01344	0.00892	0.01368	0.00757	0.00891	0.00536	0.00404	0.00399	0.00135	0.00618	0.00311	0.00183	0.00623
40	0.00619	0.00413	0.00464	0.00464	0.00464	0.00413	0.00258	0.00619	0.00619	0.00825	0.01341	0.02785	0.01547	0.85046	0.02166	0.00413	0.00413	0.00619	0.00258	0.00258
41	0.00586	0.00434	0.00546	0.00518	0.00626	0.00395	0.00389	0.00772	0.01166	0.01615	0.69432	0.03328	0.16807	0.00904	0.00502	0.00135	0.00203	0.00791	0.00456	0.00395
42	0.00619	0.00413	0.00464	0.00464	0.00464	0.00413	0.00258	0.00619	0.00619	0.00825	0.01341	0.02785	0.01547	0.85046	0.02166	0.00413	0.00413	0.00619	0.00258	0.00258
43	0.01567	0.01995	0.01190	0.01082	0.01300	0.81610	0.00812	0.01676	0.01201	0.01044	0.00734	0.00837	0.02248	0.00452	0.00386	0.00110	0.00756	0.00287	0.00223	0.00490
44	0.01589	0.02028	0.01206	0.01096	0.01315	0.83338	0.00822	0.01699	0.01206	0.01041	0.00658	0.00767	0.00548	0.00438	0.00384	0.00110	0.00767	0.00274	0.00219	0.00493
45	0.00882	0.00756	0.00882	0.00630	0.01008	0.00567	0.00504	0.01071	0.00882	0.01387	0.00756	0.00882	0.00630	0.00315	0.00315	0.00063	0.00315	0.00252	0.00252	0.87647
46	0.01589	0.02028	0.01206	0.01096	0.01315	0.83338	0.00822	0.01699	0.01206	0.01041	0.00658	0.00767	0.00548	0.00438	0.00384	0.00110	0.00767	0.00274	0.00219	0.00493
47	0.00503	0.00431	0.00431	0.00431	0.00575	0.00359	0.00323	0.00611	0.00970	0.01149	0.04310	0.04095	0.82219	0.01078	0.00503	0.00144	0.00216	0.00898	0.00395	0.00359
48	0.01053	0.01008	0.01706	0.02563	0.80145	0.01012	0.01288	0.01332	0.03198	0.01401	0.00826	0.01068	0.00691	0.00385	0.00422	0.00127	0.00501	0.00382	0.00217	0.00674
49	0.88052	0.00823	0.00625	0.00560	0.00823	0.00955	0.00461	0.01251	0.00724	0.01909	0.00592	0.00691	0.00461	0.00395	0.00263	0.00132	0.00329	0.00230	0.00263	0.00461
50	0.01037	0.00893	0.00942	0.00850	0.01085	0.01029	0.00660	0.02194	0.78110	0.01767	0.03821	0.01674	0.02844	0.00594	0.00436	0.00144	0.00331	0.00496	0.00433	0.00661
51	0.00793	0.00397	0.00397	0.00397	0.00496	0.00397	0.00297	0.00991	0.00892	0.01586	0.01388	0.01586	0.01091	0.00496	0.00297	0.00099	0.00198	0.00397	0.87408	0.00397
52	0.88052	0.00823	0.00625	0.00560	0.00823	0.00955	0.00461	0.01251	0.00724	0.01909	0.00592	0.00691	0.00461	0.00395	0.00263	0.00132	0.00329	0.00230	0.00263	0.00461
53	0.00793	0.00397	0.00397	0.00397	0.00496	0.00397	0.00297	0.00991	0.00892	0.01586	0.01388	0.01586	0.01091	0.00496	0.00297	0.00099	0.00198	0.00397	0.87408	0.00397
54	0.88052	0.00823	0.00625	0.00560	0.00823	0.00955	0.00461	0.01251	0.00724	0.01909	0.00592	0.00691	0.00461	0.00395	0.00263	0.00132	0.00329	0.00230	0.00263	0.00461
55	0.00853	0.02201	0.82841	0.01213	0.01842	0.00988	0.01572	0.01348	0.00898	0.01348	0.00764	0.00898	0.00539	0.00404	0.00404	0.00135	0.00629	0.00314	0.00180	0.00629
56	0.01618	0.01192	0.01277	0.00979	0.01320	0.01320	0.00809	0.80973	0.02001	0.02682	0.01022	0.01022	0.00724	0.00511	0.00426	0.00128	0.00468	0.00383	0.00426	0.00724
57	0.00619	0.00413	0.00464	0.00464	0.00464	0.00413	0.00258	0.00619	0.00619	0.00825	0.01341	0.02785	0.01547	0.85046	0.02166	0.00413	0.00413	0.00619	0.00258	0.00258
58	0.01604	0.01277	0.01264	0.00990	0.01315	0.10131	0.00808	0.71002	0.03382	0.02489	0.00996	0.01005	0.00715	0.00504	0.00421	0.00126	0.00498	0.00373	0.00404	0.00698
59	0.00604	0.00457	0.00548	0.00529	0.00645	0.00419	0.00401	0.03056	0.01113	0.01490	0.45978	0.04921	0.28727	0.03679	0.00560	0.00150	0.00233	0.05667	0.00431	0.00391

[dist]
# distance from previous block
# <min> <max>
0	72

# created by:
# /st0/software/busco_prod/Augustus/scripts/msa2prfl.pl ./align_prep/142870.fa
