[name]
unknown

[dist]
# distance from previous block
# <min> <max>
0	32

[block]
# block no. 0 follows, 60 sequences, length 7
# corresponding to MSA columns:
# 33-39
name=unknown_A
#
# <colnr> <probs for GDERKNQSTAVLIFYWHMCP>
#	G	D	E	R	K	N	Q	S	T	A	V	L	I	F	Y	W	H	M	C	P
0	0.00935	0.00827	0.01255	0.06336	0.34216	0.00902	0.00946	0.03244	0.08189	0.01310	0.01165	0.12488	0.01133	0.04674	0.00758	0.05967	0.11504	0.03340	0.00270	0.00543
1	0.01094	0.01115	0.01390	0.03398	0.36215	0.16176	0.05630	0.01391	0.09152	0.01306	0.01003	0.03336	0.00898	0.11617	0.00666	0.00167	0.00537	0.00434	0.00253	0.04221
2	0.00960	0.00960	0.01095	0.00976	0.01053	0.11137	0.00777	0.01164	0.08086	0.01140	0.01009	0.12160	0.01013	0.03372	0.06382	0.00210	0.43239	0.00500	0.00254	0.04513
3	0.01273	0.00983	0.00998	0.00849	0.01068	0.08302	0.00663	0.36311	0.07304	0.05677	0.01356	0.06534	0.01235	0.17392	0.00810	0.00198	0.00461	0.07632	0.00384	0.00569
4	0.01132	0.48704	0.10060	0.00897	0.01238	0.14253	0.04235	0.01316	0.00926	0.01083	0.00721	0.00891	0.00634	0.00773	0.11282	0.00184	0.00639	0.00293	0.00200	0.00538
5	0.00917	0.00761	0.01061	0.30467	0.07179	0.00851	0.00853	0.11648	0.08346	0.01465	0.07666	0.05794	0.01345	0.09622	0.00650	0.00175	0.00456	0.07202	0.00310	0.03231
6	0.00972	0.01720	0.52038	0.01304	0.11547	0.00942	0.04239	0.05035	0.00997	0.04296	0.00921	0.01069	0.00676	0.00431	0.00408	0.00132	0.00557	0.00356	0.11737	0.00625

[dist]
# distance from previous block
# <min> <max>
0	3

[block]
# block no. 1 follows, 60 sequences, length 26
# corresponding to MSA columns:
# 43-68
name=unknown_B
#
# <colnr> <probs for GDERKNQSTAVLIFYWHMCP>
#	G	D	E	R	K	N	Q	S	T	A	V	L	I	F	Y	W	H	M	C	P
0	0.00835	0.00787	0.01329	0.80025	0.06514	0.00972	0.01217	0.01124	0.00877	0.01128	0.00777	0.01159	0.00586	0.00434	0.00436	0.00145	0.00579	0.00388	0.00195	0.00494
1	0.00748	0.00382	0.00561	0.00561	0.00561	0.00382	0.00370	0.00573	0.00573	0.00765	0.00806	0.01446	0.00823	0.08060	0.01745	0.80472	0.00382	0.00399	0.00195	0.00195
2	0.00547	0.00443	0.00485	0.00475	0.00608	0.00382	0.00356	0.00687	0.01068	0.01354	0.28211	0.03908	0.57872	0.01039	0.00515	0.00144	0.00216	0.00880	0.00428	0.00382
3	0.00813	0.00418	0.00435	0.02993	0.00586	0.00424	0.00333	0.01019	0.00913	0.01610	0.01403	0.01612	0.01101	0.00506	0.00309	0.00103	0.00215	0.00406	0.84393	0.00409
4	0.00519	0.00441	0.00448	0.00449	0.00592	0.00369	0.00336	0.00632	0.00998	0.01195	0.06793	0.05996	0.77545	0.01104	0.00516	0.00148	0.00221	0.00924	0.00407	0.00369
5	0.00623	0.00467	0.00701	0.00701	0.00779	0.00545	0.00545	0.00779	0.00701	0.01012	0.01168	0.01713	0.01090	0.03271	0.82944	0.00701	0.01168	0.00467	0.00234	0.00389
6	0.00904	0.00775	0.00904	0.00646	0.01034	0.00581	0.00517	0.01098	0.00904	0.01421	0.00775	0.00904	0.00646	0.00323	0.00323	0.00065	0.00323	0.00258	0.00258	0.87339
7	0.01640	0.00671	0.00905	0.00721	0.01003	0.00584	0.00585	0.01809	0.01223	0.63543	0.14863	0.04509	0.04647	0.00644	0.00458	0.00137	0.00335	0.00539	0.00521	0.00662
8	0.00623	0.00467	0.00701	0.00701	0.00779	0.00545	0.00545	0.00779	0.00701	0.01012	0.01168	0.01713	0.01090	0.03271	0.82944	0.00701	0.01168	0.00467	0.00234	0.00389
9	0.00523	0.00422	0.00466	0.00496	0.00604	0.00365	0.00357	0.00626	0.00951	0.01174	0.05941	0.29208	0.54983	0.01180	0.00528	0.00156	0.00231	0.01017	0.00407	0.00365
10	0.01593	0.08600	0.01319	0.01094	0.01330	0.76531	0.00835	0.01707	0.01208	0.01064	0.00669	0.00780	0.00562	0.00443	0.00384	0.00111	0.00761	0.00277	0.00222	0.00510
11	0.01576	0.01205	0.01288	0.10121	0.03100	0.08302	0.00867	0.57226	0.01767	0.08655	0.01033	0.01072	0.00734	0.00506	0.00433	0.00131	0.00510	0.00386	0.00395	0.00692
12	0.01070	0.01027	0.01754	0.05561	0.79139	0.01034	0.01334	0.01331	0.00989	0.01414	0.00819	0.01082	0.00687	0.00390	0.00432	0.00130	0.00520	0.00389	0.00215	0.00683
13	0.01045	0.01001	0.01708	0.13520	0.71377	0.01027	0.01321	0.01308	0.00977	0.01383	0.00814	0.01091	0.00676	0.00395	0.00432	0.00132	0.00527	0.00388	0.00213	0.00663
14	0.01187	0.00987	0.01044	0.00908	0.01173	0.01132	0.00715	0.16206	0.67110	0.01989	0.01646	0.01524	0.01227	0.00580	0.00442	0.00145	0.00369	0.00475	0.00442	0.00699
15	0.00641	0.00519	0.00754	0.23963	0.01318	0.00559	0.00640	0.00831	0.03749	0.01199	0.09204	0.47989	0.04906	0.01025	0.00514	0.00163	0.00343	0.00922	0.00354	0.00409
16	0.01647	0.00863	0.01439	0.01147	0.06019	0.00776	0.20807	0.01868	0.01167	0.55643	0.01451	0.01410	0.00962	0.02109	0.00492	0.00143	0.00472	0.00459	0.00435	0.00691
17	0.07673	0.01913	0.59445	0.01292	0.01863	0.01019	0.16182	0.01392	0.00934	0.03155	0.00808	0.00964	0.00578	0.00408	0.00422	0.00139	0.00632	0.00354	0.00205	0.00623
18	0.87753	0.00843	0.00641	0.00574	0.00843	0.00978	0.00472	0.01282	0.00742	0.01957	0.00607	0.00709	0.00472	0.00405	0.00270	0.00135	0.00337	0.00236	0.00270	0.00472
19	0.00824	0.00775	0.01308	0.83624	0.03004	0.00969	0.01211	0.01114	0.00872	0.01114	0.00775	0.01163	0.00581	0.00436	0.00436	0.00145	0.00581	0.00388	0.00194	0.00484
20	0.00928	0.00881	0.01486	0.44831	0.38098	0.00979	0.01239	0.01198	0.00930	0.01255	0.00915	0.01225	0.03293	0.00437	0.00437	0.00138	0.00541	0.00406	0.00211	0.00573
21	0.00542	0.00412	0.00500	0.00550	0.00628	0.00370	0.00389	0.00650	0.00945	0.01223	0.13347	0.44740	0.29508	0.01213	0.00539	0.00163	0.00240	0.03259	0.00415	0.00368
22	0.01198	0.00847	0.01020	0.03351	0.01177	0.02957	0.02823	0.05115	0.06490	0.18809	0.01058	0.01097	0.00786	0.00405	0.00372	0.00095	0.00374	0.00331	0.00336	0.51359
23	0.01037	0.00986	0.01674	0.04950	0.74180	0.00990	0.01273	0.01287	0.00987	0.01407	0.02425	0.05099	0.00857	0.00446	0.00439	0.00132	0.00501	0.00437	0.00229	0.00663
24	0.01190	0.30419	0.28564	0.01059	0.04097	0.04541	0.02577	0.15011	0.03371	0.04140	0.00825	0.00909	0.00633	0.00428	0.00375	0.00120	0.00541	0.00316	0.00251	0.00631
25	0.01009	0.00970	0.01413	0.03882	0.44892	0.07171	0.03488	0.03976	0.01007	0.01367	0.06120	0.04033	0.04260	0.03500	0.07108	0.00190	0.04306	0.00471	0.00256	0.00582

[dist]
# distance from previous block
# <min> <max>
0	3

[block]
# block no. 2 follows, 60 sequences, length 91
# corresponding to MSA columns:
# 72-87,89-163
name=unknown_C
#
# <colnr> <probs for GDERKNQSTAVLIFYWHMCP>
#	G	D	E	R	K	N	Q	S	T	A	V	L	I	F	Y	W	H	M	C	P
0	0.02421	0.00499	0.00566	0.00504	0.00669	0.00475	0.00394	0.01306	0.00998	0.22374	0.01487	0.01576	0.01098	0.00515	0.00339	0.00111	0.00248	0.00412	0.63514	0.00494
1	0.00608	0.00445	0.00569	0.00538	0.00646	0.00407	0.00404	0.00804	0.01211	0.01694	0.74294	0.03348	0.11577	0.00912	0.00515	0.00138	0.00207	0.00801	0.00473	0.00407
2	0.00953	0.18452	0.64429	0.01142	0.01722	0.03456	0.01420	0.01377	0.00923	0.01303	0.00745	0.00874	0.00554	0.00407	0.00387	0.00129	0.00614	0.00304	0.00186	0.00624
3	0.01617	0.04293	0.01264	0.01114	0.01342	0.80751	0.00840	0.01730	0.01227	0.01066	0.00672	0.00784	0.00562	0.00447	0.00390	0.00112	0.00778	0.00280	0.00224	0.00507
4	0.00904	0.00775	0.00904	0.00646	0.01034	0.00581	0.00517	0.01098	0.00904	0.01421	0.00775	0.00904	0.00646	0.00323	0.00323	0.00065	0.00323	0.00258	0.00258	0.87339
5	0.01123	0.00958	0.01020	0.00904	0.01150	0.01112	0.00708	0.07953	0.73043	0.01869	0.01687	0.01565	0.01266	0.00592	0.00472	0.00148	0.02824	0.00483	0.00436	0.00688
6	0.00822	0.00700	0.00980	0.00881	0.00934	0.00899	0.00710	0.00946	0.00711	0.02830	0.00918	0.01385	0.00864	0.05546	0.33778	0.00395	0.39055	0.00426	0.04463	0.02757
7	0.01076	0.01093	0.04274	0.01649	0.06499	0.01017	0.56646	0.01392	0.01021	0.08635	0.01098	0.02810	0.02892	0.00468	0.00551	0.00149	0.04922	0.02961	0.00260	0.00588
8	0.00882	0.04435	0.80301	0.01230	0.01867	0.01032	0.01589	0.01379	0.00920	0.01372	0.00778	0.00915	0.00553	0.00413	0.00411	0.00137	0.00640	0.00320	0.00184	0.00642
9	0.00541	0.00450	0.00478	0.00492	0.00633	0.00387	0.00383	0.00664	0.00995	0.01196	0.04127	0.04297	0.70820	0.01118	0.00527	0.00155	0.00246	0.11713	0.00405	0.00373
10	0.00846	0.05534	0.01353	0.68134	0.08703	0.00982	0.01149	0.01113	0.00880	0.01133	0.00861	0.05851	0.00719	0.00482	0.00434	0.00143	0.00552	0.00427	0.00207	0.00497
11	0.01151	0.80618	0.06469	0.00772	0.01160	0.01689	0.00791	0.01310	0.00888	0.01045	0.00616	0.00711	0.00559	0.00375	0.00287	0.00096	0.00476	0.00238	0.00186	0.00564
12	0.00614	0.00446	0.00579	0.00545	0.00650	0.00410	0.00409	0.00817	0.01227	0.01731	0.79282	0.03288	0.06566	0.00898	0.00514	0.00137	0.00206	0.00793	0.00478	0.00410
13	0.00540	0.00386	0.00515	0.00612	0.00642	0.00361	0.00415	0.00625	0.00855	0.01142	0.05175	0.78919	0.02915	0.01344	0.00557	0.00177	0.00256	0.03799	0.00407	0.00358
14	0.01257	0.00862	0.01072	0.00918	0.03924	0.02120	0.04825	0.26515	0.06681	0.15433	0.17685	0.08542	0.01721	0.04080	0.00558	0.00151	0.02056	0.00571	0.00426	0.00601
15	0.03928	0.00745	0.00938	0.00755	0.01035	0.00707	0.00611	0.08772	0.08696	0.49217	0.17911	0.01799	0.01674	0.00611	0.00450	0.00136	0.00344	0.00505	0.00502	0.00663
16	0.01517	0.00823	0.00990	0.00817	0.01099	0.00831	0.00654	0.11646	0.24886	0.40311	0.04297	0.07516	0.01341	0.00624	0.00451	0.00141	0.00363	0.00518	0.00487	0.00688
17	0.55669	0.01237	0.00904	0.02182	0.03137	0.26377	0.02240	0.01425	0.00910	0.01642	0.00642	0.00759	0.00511	0.00418	0.00320	0.00128	0.00493	0.00262	0.00252	0.00491
18	0.00582	0.00413	0.00538	0.00617	0.00657	0.00395	0.00436	0.00673	0.00846	0.01121	0.04192	0.52349	0.04226	0.15224	0.00841	0.00221	0.00307	0.15629	0.00383	0.00350
19	0.01150	0.01247	0.01439	0.23717	0.24688	0.24901	0.04531	0.01367	0.01010	0.01220	0.00769	0.01023	0.00626	0.00440	0.00474	0.00130	0.05235	0.00359	0.02496	0.03177
20	0.00685	0.00460	0.00584	0.00553	0.00664	0.00427	0.00412	0.00856	0.01112	0.06112	0.52246	0.05060	0.13456	0.07100	0.05295	0.00192	0.00291	0.01775	0.02310	0.00411
21	0.55443	0.00829	0.05289	0.02435	0.00925	0.00842	0.00555	0.01192	0.00834	0.06046	0.05627	0.08064	0.07069	0.00582	0.00377	0.00141	0.02540	0.00424	0.00309	0.00476
22	0.00609	0.00445	0.00569	0.00545	0.00647	0.00409	0.00407	0.00797	0.01180	0.01646	0.68659	0.05136	0.10852	0.03461	0.00569	0.00149	0.00220	0.02833	0.00463	0.00402
23	0.00875	0.02256	0.82413	0.01243	0.01888	0.01013	0.01611	0.01381	0.00921	0.01381	0.00783	0.00921	0.00552	0.00414	0.00414	0.00138	0.00645	0.00322	0.00184	0.00645
24	0.01544	0.01931	0.01201	0.03104	0.01354	0.73978	0.00826	0.01695	0.03570	0.01102	0.00758	0.03059	0.00649	0.00474	0.00398	0.00115	0.00741	0.00315	0.00236	0.02948
25	0.01063	0.01017	0.01733	0.02616	0.79548	0.01016	0.01311	0.01317	0.00988	0.01416	0.00867	0.03542	0.00756	0.00418	0.00435	0.00131	0.00510	0.00414	0.00221	0.00681
26	0.00664	0.00605	0.02463	0.01746	0.05480	0.00549	0.14069	0.00823	0.00910	0.01210	0.03586	0.48159	0.11213	0.01095	0.01578	0.00172	0.00374	0.04525	0.00356	0.00424
27	0.00692	0.00568	0.00832	0.00793	0.00855	0.00709	0.00630	0.00835	0.00694	0.01020	0.01045	0.01556	0.00983	0.02752	0.66063	0.00595	0.18296	0.00450	0.00225	0.00408
28	0.01156	0.00879	0.00972	0.00740	0.01068	0.00835	0.00598	0.28589	0.03353	0.01921	0.00991	0.01080	0.00767	0.00427	0.00363	0.00095	0.00360	0.00333	0.13237	0.42236
29	0.00851	0.00803	0.01357	0.75035	0.11381	0.00976	0.01225	0.01138	0.00885	0.01147	0.00780	0.01154	0.00593	0.00431	0.00436	0.00144	0.00575	0.00388	0.00196	0.00506
30	0.00875	0.02256	0.82413	0.01243	0.01888	0.01013	0.01611	0.01381	0.00921	0.01381	0.00783	0.00921	0.00552	0.00414	0.00414	0.00138	0.00645	0.00322	0.00184	0.00645
31	0.00907	0.00863	0.01281	0.51826	0.16872	0.05312	0.01095	0.01206	0.04240	0.01228	0.01053	0.01335	0.05197	0.00474	0.00431	0.00138	0.00531	0.00416	0.04214	0.01381
32	0.04091	0.01211	0.01290	0.00991	0.01338	0.01342	0.00819	0.78259	0.02014	0.02726	0.01035	0.01038	0.00734	0.00520	0.00432	0.00131	0.00476	0.00388	0.00432	0.00734
33	0.01053	0.00999	0.01683	0.15830	0.66992	0.01033	0.01305	0.03354	0.01001	0.01409	0.00819	0.01092	0.00674	0.00400	0.00433	0.00132	0.00527	0.00389	0.00218	0.00659
34	0.00875	0.02256	0.82413	0.01243	0.01888	0.01013	0.01611	0.01381	0.00921	0.01381	0.00783	0.00921	0.00552	0.00414	0.00414	0.00138	0.00645	0.00322	0.00184	0.00645
35	0.00635	0.00459	0.00602	0.00651	0.00731	0.00434	0.00486	0.00744	0.00893	0.02504	0.04723	0.47075	0.08936	0.01206	0.00608	0.03219	0.02495	0.17224	0.00386	0.05993
36	0.00832	0.00766	0.03171	0.00954	0.02432	0.05455	0.15234	0.02706	0.00966	0.04940	0.07674	0.37735	0.04918	0.03143	0.00621	0.00167	0.05676	0.01810	0.00347	0.00456
37	0.00712	0.00556	0.00789	0.00739	0.00814	0.00641	0.02796	0.03056	0.00778	0.01114	0.05729	0.01999	0.01321	0.17750	0.43914	0.00492	0.10619	0.03207	0.02581	0.00394
38	0.00814	0.00750	0.01266	0.74422	0.02772	0.00921	0.02680	0.01075	0.00858	0.01100	0.00848	0.01236	0.02010	0.00565	0.02300	0.04737	0.00580	0.00401	0.00199	0.00467
39	0.87753	0.00843	0.00641	0.00574	0.00843	0.00978	0.00472	0.01282	0.00742	0.01957	0.00607	0.00709	0.00472	0.00405	0.00270	0.00135	0.00337	0.00236	0.00270	0.00472
40	0.00823	0.00765	0.01283	0.81272	0.02933	0.00953	0.01186	0.01112	0.00873	0.01129	0.00793	0.01176	0.00597	0.00438	0.00432	0.00144	0.00571	0.00388	0.02650	0.00482
41	0.00610	0.00457	0.00494	0.00480	0.00628	0.00388	0.00362	0.00734	0.01032	0.05833	0.13687	0.06944	0.64700	0.01056	0.00513	0.00146	0.00229	0.00889	0.00422	0.00394
42	0.00831	0.00783	0.01322	0.81177	0.05390	0.00971	0.01215	0.01121	0.00876	0.01124	0.00777	0.01160	0.00585	0.00435	0.00436	0.00145	0.00579	0.00388	0.00194	0.00491
43	0.00611	0.00442	0.00577	0.00550	0.00650	0.00408	0.00410	0.00809	0.01210	0.01707	0.76403	0.07318	0.05426	0.00919	0.00517	0.00139	0.00208	0.00814	0.00475	0.00408
44	0.01011	0.01198	0.05744	0.01771	0.02205	0.01084	0.73985	0.01377	0.01025	0.01401	0.02999	0.01218	0.00747	0.00389	0.00523	0.00147	0.01854	0.00512	0.00226	0.00584
45	0.00541	0.00395	0.00512	0.00602	0.00646	0.00366	0.00417	0.00630	0.00865	0.01134	0.02632	0.69494	0.12066	0.01325	0.00555	0.00175	0.00260	0.06618	0.00405	0.00359
46	0.01003	0.00958	0.01632	0.26921	0.58307	0.01016	0.01300	0.01271	0.00957	0.01332	0.00807	0.01104	0.00658	0.00403	0.00433	0.00134	0.00537	0.00388	0.00209	0.00629
47	0.02672	0.06649	0.03357	0.01199	0.05227	0.60207	0.04640	0.02922	0.01159	0.01149	0.00716	0.00897	0.00607	0.00467	0.00453	0.00121	0.05217	0.01590	0.00226	0.00525
48	0.01150	0.60733	0.14977	0.00832	0.01235	0.04063	0.00869	0.01352	0.00929	0.04883	0.02796	0.00846	0.00677	0.00402	0.00320	0.00103	0.00490	0.00274	0.00213	0.02857
49	0.01152	0.82714	0.02244	0.00745	0.01110	0.01695	0.00741	0.01292	0.00881	0.01026	0.00621	0.00726	0.00574	0.00449	0.02453	0.00109	0.00485	0.00239	0.00188	0.00555
50	0.87753	0.00843	0.00641	0.00574	0.00843	0.00978	0.00472	0.01282	0.00742	0.01957	0.00607	0.00709	0.00472	0.00405	0.00270	0.00135	0.00337	0.00236	0.00270	0.00472
51	0.01201	0.01018	0.04572	0.00955	0.03445	0.01078	0.00760	0.19857	0.48791	0.04983	0.01582	0.03665	0.02506	0.00665	0.02765	0.00159	0.00413	0.00484	0.00421	0.00679
52	0.00847	0.00686	0.00812	0.00637	0.00932	0.00542	0.00488	0.02287	0.00900	0.02694	0.01142	0.17092	0.01138	0.05211	0.00477	0.00108	0.00318	0.00473	0.00294	0.62919
53	0.00632	0.00426	0.00507	0.00518	0.00596	0.00407	0.00369	0.00764	0.00935	0.01331	0.21364	0.15853	0.14652	0.15141	0.05187	0.00218	0.00309	0.03217	0.17206	0.00369
54	0.01368	0.03198	0.01367	0.04158	0.20306	0.45335	0.02032	0.06328	0.01169	0.01272	0.02130	0.04734	0.00769	0.00497	0.00452	0.00125	0.03587	0.00374	0.00245	0.00556
55	0.01108	0.04261	0.08564	0.00964	0.06648	0.06291	0.03537	0.11185	0.01095	0.04966	0.00872	0.02429	0.00702	0.00400	0.00372	0.00096	0.00437	0.00324	0.00279	0.45469
56	0.01063	0.29048	0.38717	0.01051	0.03659	0.06779	0.01145	0.02500	0.03766	0.03701	0.00905	0.02234	0.02775	0.00447	0.00376	0.00122	0.00555	0.00332	0.00221	0.00603
57	0.00617	0.00428	0.00527	0.00538	0.00561	0.00440	0.00342	0.00662	0.00680	0.00920	0.01523	0.12063	0.03588	0.55607	0.19242	0.00447	0.00558	0.00676	0.00277	0.00304
58	0.06531	0.00817	0.00926	0.00690	0.01050	0.02032	0.00555	0.03326	0.03970	0.11901	0.00927	0.00996	0.00717	0.00379	0.00357	0.00085	0.01382	0.00294	0.00305	0.62759
59	0.01263	0.01050	0.01085	0.00927	0.01202	0.03527	0.00734	0.24424	0.56465	0.02064	0.01537	0.01439	0.01142	0.00568	0.00440	0.00142	0.00396	0.00459	0.00435	0.00700
60	0.00824	0.00775	0.01308	0.83624	0.03004	0.00969	0.01211	0.01114	0.00872	0.01114	0.00775	0.01163	0.00581	0.00436	0.00436	0.00145	0.00581	0.00388	0.00194	0.00484
61	0.01024	0.37008	0.38544	0.02967	0.01543	0.04055	0.03384	0.01360	0.02316	0.01231	0.02471	0.00899	0.00650	0.00411	0.00363	0.00119	0.00561	0.00303	0.00199	0.00595
62	0.01624	0.04047	0.03250	0.00994	0.01347	0.01237	0.03888	0.60965	0.01814	0.13411	0.01116	0.01124	0.00787	0.01779	0.00461	0.00135	0.00478	0.00400	0.00425	0.00720
63	0.00577	0.00429	0.00535	0.00540	0.00631	0.00390	0.00391	0.00729	0.01079	0.01466	0.45925	0.22878	0.18998	0.02745	0.00559	0.00155	0.00224	0.00920	0.00443	0.00386
64	0.00628	0.00448	0.00617	0.00717	0.00785	0.00437	0.00572	0.00774	0.00930	0.01221	0.02351	0.39764	0.02674	0.01276	0.00582	0.00190	0.00336	0.44914	0.00403	0.00381
65	0.00794	0.00735	0.05139	0.05048	0.15945	0.02427	0.03089	0.03190	0.00951	0.03520	0.07016	0.40352	0.03116	0.01004	0.03102	0.00174	0.02762	0.00824	0.00337	0.00478
66	0.00787	0.00704	0.00997	0.00903	0.00937	0.00926	0.00726	0.00902	0.00680	0.01019	0.00890	0.01421	0.00871	0.07864	0.37037	0.00430	0.41830	0.00437	0.00215	0.00424
67	0.00579	0.00414	0.00510	0.00554	0.00630	0.00375	0.00389	0.00691	0.00951	0.02833	0.15946	0.46960	0.22193	0.01178	0.00529	0.00160	0.00238	0.01043	0.03452	0.00376
68	0.58079	0.00796	0.00728	0.00620	0.00893	0.00866	0.00508	0.04240	0.00919	0.19604	0.01998	0.00995	0.00713	0.00453	0.00319	0.00132	0.00338	0.00306	0.06958	0.00535
69	0.05811	0.05770	0.16698	0.02323	0.07716	0.04637	0.06530	0.12894	0.17607	0.09423	0.03942	0.01259	0.00948	0.01978	0.00454	0.00140	0.00490	0.00409	0.00331	0.00640
70	0.00998	0.00838	0.01083	0.05644	0.11280	0.03063	0.03598	0.12090	0.19192	0.01608	0.01660	0.07224	0.01577	0.00790	0.00503	0.00162	0.00437	0.27322	0.00370	0.00560
71	0.00515	0.00442	0.00442	0.00442	0.00589	0.00368	0.00331	0.00626	0.00994	0.01178	0.04418	0.04197	0.81775	0.01105	0.00515	0.00147	0.00221	0.00920	0.00405	0.00368
72	0.00904	0.00775	0.00904	0.00646	0.01034	0.00581	0.00517	0.01098	0.00904	0.01421	0.00775	0.00904	0.00646	0.00323	0.00323	0.00065	0.00323	0.00258	0.00258	0.87339
73	0.01039	0.01055	0.01898	0.03595	0.49584	0.03021	0.24310	0.01317	0.01001	0.01386	0.00945	0.04862	0.00825	0.00451	0.00465	0.00139	0.00574	0.02671	0.00231	0.00630
74	0.00531	0.00380	0.00506	0.00607	0.00633	0.00354	0.00405	0.00607	0.00835	0.01113	0.02404	0.84388	0.02885	0.01366	0.00557	0.00177	0.00253	0.01240	0.00405	0.00354
75	0.01079	0.01036	0.01770	0.02677	0.81952	0.01036	0.01339	0.01339	0.00993	0.01425	0.00820	0.01079	0.00691	0.00389	0.00432	0.00130	0.00518	0.00389	0.00216	0.00691
76	0.01294	0.01030	0.01093	0.00913	0.01197	0.01160	0.00730	0.34753	0.44180	0.02176	0.01607	0.01517	0.05174	0.00589	0.00444	0.00141	0.00395	0.00473	0.00439	0.00695
77	0.00824	0.00775	0.01308	0.83624	0.03004	0.00969	0.01211	0.01114	0.00872	0.01114	0.00775	0.01163	0.00581	0.00436	0.00436	0.00145	0.00581	0.00388	0.00194	0.00484
78	0.01106	0.01087	0.02038	0.01534	0.03984	0.03328	0.53160	0.08466	0.03097	0.06063	0.03999	0.02417	0.04561	0.00484	0.00499	0.00145	0.00623	0.02531	0.00287	0.00590
79	0.39519	0.01120	0.00930	0.00809	0.01066	0.20506	0.03609	0.03878	0.05095	0.09971	0.06001	0.01190	0.00916	0.00500	0.00367	0.00133	0.00462	0.03086	0.00317	0.00525
80	0.03784	0.01029	0.01624	0.17631	0.61043	0.04719	0.01265	0.01313	0.00974	0.01368	0.00799	0.01070	0.00658	0.00401	0.00426	0.00132	0.00536	0.00379	0.00214	0.00637
81	0.03835	0.00965	0.01506	0.02543	0.02659	0.00904	0.26359	0.14702	0.02379	0.05125	0.03784	0.03483	0.00875	0.00439	0.00426	0.00117	0.00487	0.00425	0.00302	0.28685
82	0.27080	0.00941	0.03090	0.00879	0.04755	0.02086	0.02803	0.17080	0.04595	0.22928	0.05763	0.01206	0.00955	0.00496	0.00389	0.00132	0.00399	0.00380	0.00385	0.03657
83	0.28206	0.14417	0.09052	0.00808	0.01142	0.05363	0.00737	0.15673	0.04599	0.09293	0.00958	0.01030	0.02078	0.00526	0.02151	0.00139	0.00457	0.01061	0.00311	0.01997
84	0.20912	0.06460	0.12602	0.01000	0.01382	0.01089	0.12498	0.20299	0.02393	0.07217	0.00883	0.00974	0.00651	0.00438	0.00404	0.00129	0.01880	0.00348	0.00304	0.08138
85	0.02469	0.15507	0.29922	0.01147	0.01581	0.01087	0.17877	0.04804	0.03029	0.03874	0.02252	0.02767	0.00783	0.03008	0.02623	0.00154	0.02023	0.00398	0.01853	0.02841
86	0.02597	0.00985	0.01701	0.01264	0.01605	0.00958	0.36240	0.09556	0.02097	0.07343	0.02430	0.05250	0.00874	0.00536	0.02069	0.00144	0.07213	0.00474	0.00288	0.16377
87	0.06848	0.01094	0.01662	0.01257	0.01594	0.04275	0.31641	0.22567	0.05545	0.06838	0.01052	0.04201	0.00820	0.00575	0.02985	0.00157	0.03446	0.00464	0.00321	0.02660
88	0.07605	0.01004	0.01450	0.01105	0.01435	0.03830	0.22703	0.17509	0.05636	0.19780	0.05155	0.03624	0.01022	0.00515	0.00467	0.00137	0.02043	0.00465	0.00370	0.04146
89	0.03725	0.01024	0.01703	0.01325	0.04426	0.02451	0.33718	0.11823	0.06953	0.17126	0.04390	0.01318	0.00943	0.00560	0.02830	0.00158	0.04094	0.00470	0.00337	0.00626
90	0.07649	0.01102	0.01682	0.03475	0.04086	0.05604	0.31760	0.15853	0.03651	0.07241	0.00958	0.01996	0.00725	0.00442	0.00469	0.00133	0.02866	0.00423	0.00297	0.09589

[dist]
# distance from previous block
# <min> <max>
11	48

# created by:
# /st0/software/busco_prod/Augustus/scripts/msa2prfl.pl ./align_prep/142802.fa
