[name]
unknown

[dist]
# distance from previous block
# <min> <max>
1	279

[block]
# block no. 0 follows, 64 sequences, length 21
# corresponding to MSA columns:
# 370-390
name=unknown_A
#
# <colnr> <probs for GDERKNQSTAVLIFYWHMCP>
#	G	D	E	R	K	N	Q	S	T	A	V	L	I	F	Y	W	H	M	C	P
0	0.04296	0.00831	0.01103	0.01193	0.20400	0.05403	0.04646	0.01351	0.09343	0.14486	0.06521	0.12473	0.01248	0.00569	0.00432	0.00125	0.01793	0.00498	0.00326	0.12963
1	0.01219	0.00807	0.01055	0.01098	0.16091	0.03981	0.00739	0.05540	0.08157	0.25939	0.07922	0.07076	0.01300	0.00602	0.00501	0.00133	0.06770	0.04488	0.00370	0.06210
2	0.03141	0.02794	0.01290	0.01223	0.17417	0.02779	0.09867	0.08176	0.06799	0.20363	0.07128	0.01269	0.01010	0.00467	0.00442	0.00122	0.03397	0.00406	0.00334	0.11579
3	0.07338	0.01967	0.01218	0.01455	0.34419	0.02267	0.02305	0.02486	0.04330	0.17803	0.09531	0.01371	0.03211	0.00472	0.00402	0.00121	0.00399	0.00414	0.00317	0.08173
4	0.03189	0.00895	0.01109	0.01203	0.21119	0.06785	0.00770	0.08431	0.11282	0.22715	0.08067	0.04958	0.01183	0.00524	0.00414	0.00125	0.00401	0.00444	0.00364	0.06022
5	0.21618	0.00853	0.01031	0.02746	0.15681	0.00892	0.02407	0.09570	0.15558	0.07738	0.06741	0.01194	0.00973	0.00459	0.00373	0.00122	0.00372	0.00372	0.00323	0.10980
6	0.26633	0.00858	0.01124	0.01358	0.30917	0.00903	0.00813	0.04579	0.02461	0.09040	0.05779	0.01076	0.00833	0.00444	0.00425	0.00126	0.05655	0.00349	0.00278	0.06353
7	0.06568	0.00888	0.01382	0.01503	0.31212	0.00836	0.12745	0.04973	0.00981	0.06352	0.02561	0.01173	0.04402	0.00407	0.00393	0.00112	0.00438	0.00381	0.00261	0.22433
8	0.27111	0.00815	0.01055	0.01039	0.13938	0.02030	0.09013	0.04689	0.03602	0.08223	0.16550	0.01361	0.01266	0.00484	0.00381	0.00124	0.00378	0.00409	0.00314	0.07217
9	0.10650	0.00768	0.00966	0.00976	0.13314	0.02646	0.03471	0.06450	0.06843	0.09881	0.17994	0.01773	0.06468	0.00568	0.00410	0.00122	0.00351	0.03238	0.00347	0.12765
10	0.01004	0.00962	0.01622	0.07917	0.67684	0.00971	0.04296	0.01294	0.04438	0.01352	0.00818	0.01053	0.00675	0.00378	0.00411	0.00123	0.00491	0.00374	0.00215	0.03920
11	0.10765	0.00959	0.01569	0.06255	0.67218	0.00980	0.03729	0.01260	0.00915	0.01398	0.00758	0.00995	0.00629	0.00373	0.00397	0.00125	0.00484	0.00358	0.00210	0.00622
12	0.09264	0.01033	0.01814	0.01345	0.01694	0.05617	0.49871	0.02777	0.04135	0.07386	0.02889	0.01335	0.04316	0.00439	0.00450	0.00135	0.00575	0.02213	0.00266	0.02445
13	0.00913	0.00797	0.01180	0.01086	0.08743	0.02535	0.13284	0.04972	0.09096	0.05058	0.15987	0.06367	0.04748	0.04330	0.00700	0.00157	0.15605	0.03623	0.00319	0.00501
14	0.00503	0.00387	0.00460	0.00515	0.00587	0.00344	0.00358	0.00592	0.00867	0.01103	0.05517	0.50678	0.34223	0.01189	0.00513	0.00156	0.00228	0.01048	0.00388	0.00344
15	0.00816	0.00770	0.01302	0.73951	0.13070	0.00931	0.01169	0.01089	0.00845	0.01099	0.00744	0.01097	0.00567	0.00410	0.00415	0.00137	0.00546	0.00369	0.00187	0.00487
16	0.79978	0.00812	0.00656	0.00573	0.00837	0.00927	0.00472	0.04359	0.00783	0.06603	0.00656	0.00730	0.00493	0.00397	0.00272	0.00128	0.00328	0.00242	0.00278	0.00475
17	0.01028	0.00987	0.01686	0.02550	0.82811	0.00987	0.01275	0.01275	0.00946	0.01357	0.00781	0.01028	0.00658	0.00370	0.00411	0.00123	0.00493	0.00370	0.00206	0.00658
18	0.67838	0.04231	0.00779	0.00638	0.00901	0.10062	0.00522	0.05452	0.00846	0.04685	0.00645	0.00726	0.00496	0.00400	0.00284	0.00124	0.00381	0.00244	0.00267	0.00479
19	0.00936	0.00846	0.01607	0.04841	0.02832	0.00809	0.41225	0.02242	0.02407	0.09361	0.03453	0.12178	0.10027	0.00614	0.00502	0.00144	0.02215	0.02950	0.00297	0.00513
20	0.01043	0.00968	0.01668	0.07387	0.71186	0.00972	0.04941	0.01293	0.00950	0.04409	0.00814	0.01052	0.00664	0.00377	0.00415	0.00125	0.00501	0.00377	0.00216	0.00643

[dist]
# distance from previous block
# <min> <max>
1	4

[block]
# block no. 1 follows, 64 sequences, length 42
# corresponding to MSA columns:
# 395-436
name=unknown_B
#
# <colnr> <probs for GDERKNQSTAVLIFYWHMCP>
#	G	D	E	R	K	N	Q	S	T	A	V	L	I	F	Y	W	H	M	C	P
0	0.01028	0.00987	0.01686	0.02550	0.82811	0.00987	0.01275	0.01275	0.00946	0.01357	0.00781	0.01028	0.00658	0.00370	0.00411	0.00123	0.00493	0.00370	0.00206	0.00658
1	0.01925	0.00662	0.10904	0.00631	0.02699	0.00479	0.00541	0.00840	0.01070	0.02644	0.48700	0.02936	0.22760	0.00819	0.00472	0.00133	0.00263	0.00705	0.00396	0.00421
2	0.01484	0.01080	0.01221	0.00964	0.01244	0.05983	0.03950	0.44322	0.07610	0.16258	0.01081	0.01091	0.00773	0.00523	0.00528	0.00133	0.10330	0.00386	0.00386	0.00654
3	0.00589	0.00451	0.00624	0.05545	0.05687	0.00445	0.00495	0.02584	0.02055	0.01145	0.04581	0.67365	0.04560	0.01144	0.00510	0.00161	0.00278	0.01035	0.00367	0.00379
4	0.00968	0.00922	0.01553	0.25937	0.50045	0.00988	0.04709	0.03461	0.02741	0.01305	0.00792	0.01063	0.00639	0.00399	0.00441	0.00130	0.02726	0.00377	0.00210	0.00593
5	0.00605	0.00409	0.00478	0.00482	0.00491	0.00415	0.00288	0.00624	0.00622	0.00834	0.01324	0.02699	0.01503	0.75682	0.08737	0.00417	0.00460	0.03409	0.00254	0.00266
6	0.12650	0.00726	0.00789	0.00715	0.00918	0.00801	0.00560	0.01623	0.39781	0.09091	0.11709	0.03729	0.04909	0.00834	0.07333	0.00182	0.00373	0.02331	0.00393	0.00551
7	0.00506	0.00418	0.00444	0.00445	0.00572	0.00356	0.00331	0.00623	0.00972	0.01199	0.15645	0.08660	0.66321	0.01037	0.00493	0.00141	0.00210	0.00876	0.00396	0.00356
8	0.01111	0.85652	0.02177	0.00711	0.01066	0.01644	0.00711	0.01244	0.00844	0.00977	0.00577	0.00666	0.00533	0.00355	0.00267	0.00089	0.00444	0.00222	0.00178	0.00533
9	0.00774	0.00387	0.00387	0.00387	0.00484	0.00387	0.00290	0.00968	0.00871	0.01549	0.01355	0.01549	0.01065	0.00484	0.00290	0.00097	0.00194	0.00387	0.87708	0.00387
10	0.01081	0.00905	0.00958	0.00850	0.01092	0.01041	0.00665	0.07015	0.75780	0.03216	0.01648	0.01514	0.01230	0.00559	0.00422	0.00140	0.00337	0.00463	0.00424	0.00661
11	0.01074	0.01180	0.01262	0.01133	0.03829	0.21986	0.00894	0.01174	0.00782	0.01016	0.00577	0.00873	0.00546	0.00640	0.01083	0.00161	0.60789	0.00340	0.00191	0.00468
12	0.00774	0.00663	0.00757	0.00569	0.00884	0.00506	0.00451	0.00940	0.00881	0.01299	0.01557	0.01602	0.19976	0.00483	0.00351	0.00080	0.00285	0.00395	0.00279	0.67268
13	0.02583	0.00570	0.00751	0.00631	0.00829	0.00522	0.00498	0.03155	0.01147	0.36850	0.37667	0.02200	0.02317	0.03648	0.04581	0.00165	0.00324	0.00570	0.00459	0.00531
14	0.00833	0.02149	0.83250	0.01184	0.01798	0.00965	0.01535	0.01315	0.00877	0.01315	0.00745	0.00877	0.00526	0.00395	0.00395	0.00132	0.00614	0.00307	0.00175	0.00614
15	0.01111	0.85652	0.02177	0.00711	0.01066	0.01644	0.00711	0.01244	0.00844	0.00977	0.00577	0.00666	0.00533	0.00355	0.00267	0.00089	0.00444	0.00222	0.00178	0.00533
16	0.03484	0.01603	0.03928	0.01161	0.08846	0.45513	0.00855	0.24898	0.03163	0.01561	0.00784	0.00868	0.00611	0.00444	0.00389	0.00116	0.00616	0.00313	0.00276	0.00571
17	0.00492	0.00418	0.00423	0.00427	0.00563	0.00350	0.00318	0.00595	0.00941	0.01120	0.04133	0.07177	0.79512	0.01062	0.00492	0.00141	0.00212	0.00889	0.00386	0.00350
18	0.00605	0.00433	0.00595	0.00689	0.00759	0.00423	0.00557	0.00750	0.00896	0.01173	0.02268	0.34817	0.03908	0.01203	0.00556	0.00182	0.00326	0.49111	0.00384	0.00365
19	0.01099	0.82320	0.05412	0.00730	0.01095	0.01616	0.00744	0.01247	0.00845	0.00991	0.00584	0.00675	0.00533	0.00357	0.00272	0.00091	0.00451	0.00225	0.00178	0.00536
20	0.00591	0.00427	0.00560	0.00533	0.00631	0.00396	0.00404	0.00787	0.01166	0.01647	0.79070	0.03172	0.03852	0.00862	0.00494	0.00133	0.00204	0.04223	0.00454	0.00392
21	0.12075	0.00801	0.00928	0.00739	0.01029	0.03676	0.00603	0.11295	0.03998	0.51322	0.08066	0.01395	0.01149	0.00523	0.00403	0.00128	0.00362	0.00413	0.00453	0.00640
22	0.01424	0.19329	0.03688	0.01041	0.03937	0.57058	0.00819	0.05960	0.01135	0.01116	0.00656	0.00758	0.00548	0.00414	0.00356	0.00105	0.00657	0.00268	0.00216	0.00514
23	0.00604	0.00403	0.00453	0.00453	0.00453	0.00403	0.00252	0.00604	0.00604	0.00805	0.01309	0.02718	0.01510	0.85402	0.02114	0.00403	0.00403	0.00604	0.00252	0.00252
24	0.00841	0.04474	0.80992	0.01171	0.01777	0.00984	0.01512	0.01313	0.00876	0.01306	0.00741	0.00871	0.00526	0.00394	0.00391	0.00130	0.00609	0.00305	0.00175	0.00612
25	0.01033	0.01043	0.04909	0.04524	0.68352	0.01001	0.07135	0.04485	0.00983	0.01396	0.00792	0.01030	0.00650	0.00376	0.00417	0.00125	0.00513	0.00377	0.00213	0.00646
26	0.00594	0.00442	0.00650	0.00650	0.00719	0.00510	0.00498	0.00731	0.00662	0.00952	0.01128	0.01719	0.01076	0.09716	0.77208	0.00646	0.01056	0.00458	0.00225	0.00361
27	0.00516	0.00376	0.00488	0.00569	0.00612	0.00348	0.00393	0.00603	0.00835	0.01102	0.06006	0.69311	0.10841	0.01249	0.00527	0.00165	0.00243	0.05082	0.00389	0.00343
28	0.00981	0.00964	0.01726	0.01892	0.38804	0.00975	0.24993	0.06000	0.00977	0.01366	0.00958	0.10161	0.00871	0.00500	0.00520	0.00138	0.06864	0.00494	0.00237	0.00582
29	0.00985	0.05252	0.65179	0.01113	0.01664	0.00972	0.02738	0.04586	0.02830	0.09588	0.00862	0.00947	0.00603	0.00412	0.00395	0.00130	0.00570	0.00324	0.00225	0.00624
30	0.00842	0.00786	0.01279	0.69014	0.08351	0.00968	0.01129	0.04221	0.00868	0.01139	0.00737	0.01082	0.00566	0.00439	0.00487	0.00140	0.06903	0.00369	0.00195	0.00484
31	0.00535	0.00419	0.00467	0.00480	0.00582	0.00373	0.00351	0.00639	0.00910	0.01141	0.11997	0.10627	0.48669	0.13196	0.00735	0.00184	0.00254	0.07726	0.00374	0.00343
32	0.01028	0.00987	0.01686	0.02550	0.82811	0.00987	0.01275	0.01275	0.00946	0.01357	0.00781	0.01028	0.00658	0.00370	0.00411	0.00123	0.00493	0.00370	0.00206	0.00658
33	0.00575	0.00425	0.00541	0.00514	0.00617	0.00391	0.00386	0.00757	0.01127	0.01567	0.69119	0.03171	0.14444	0.00957	0.03444	0.00151	0.00230	0.00757	0.00439	0.00386
34	0.05901	0.01846	0.10086	0.01037	0.01304	0.62965	0.00856	0.06271	0.01160	0.02777	0.00696	0.00798	0.00556	0.00463	0.01450	0.00119	0.00692	0.00281	0.00230	0.00510
35	0.79337	0.02762	0.00679	0.00583	0.00835	0.05689	0.00478	0.01235	0.00736	0.01774	0.00595	0.00701	0.00470	0.00452	0.02231	0.00139	0.00367	0.00232	0.00252	0.00452
36	0.01028	0.00987	0.01686	0.02550	0.82811	0.00987	0.01275	0.01275	0.00946	0.01357	0.00781	0.01028	0.00658	0.00370	0.00411	0.00123	0.00493	0.00370	0.00206	0.00658
37	0.00959	0.00776	0.00848	0.00767	0.00972	0.00867	0.00593	0.01864	0.60337	0.04881	0.16398	0.04493	0.03145	0.00645	0.00439	0.00139	0.00301	0.00548	0.00431	0.00596
38	0.23674	0.01632	0.01064	0.00948	0.01182	0.57875	0.02545	0.04305	0.01080	0.01295	0.00643	0.00747	0.00521	0.00418	0.00349	0.00114	0.00629	0.00265	0.00232	0.00483
39	0.01552	0.01957	0.01179	0.01067	0.01284	0.81449	0.00802	0.03870	0.01199	0.01061	0.00652	0.00756	0.00540	0.00430	0.00376	0.00107	0.00741	0.00270	0.00220	0.00488
40	0.00559	0.00387	0.00480	0.00527	0.00544	0.00378	0.00334	0.00603	0.00704	0.00941	0.01779	0.41587	0.02089	0.40560	0.04915	0.00300	0.00357	0.02340	0.00316	0.00300
41	0.70377	0.03172	0.00734	0.00598	0.00870	0.00934	0.00497	0.06109	0.00843	0.11609	0.00730	0.00782	0.00537	0.00407	0.00286	0.00127	0.00337	0.00257	0.00295	0.00498

[dist]
# distance from previous block
# <min> <max>
0	6

[block]
# block no. 2 follows, 64 sequences, length 9
# corresponding to MSA columns:
# 443-451
name=unknown_C
#
# <colnr> <probs for GDERKNQSTAVLIFYWHMCP>
#	G	D	E	R	K	N	Q	S	T	A	V	L	I	F	Y	W	H	M	C	P
0	0.01396	0.01700	0.01233	0.01218	0.09778	0.61552	0.00859	0.01559	0.04337	0.01079	0.00687	0.00830	0.00579	0.00464	0.00503	0.00119	0.11087	0.00298	0.00218	0.00504
1	0.01363	0.04527	0.01097	0.00911	0.01112	0.35994	0.00715	0.08611	0.01145	0.15678	0.07884	0.06687	0.01071	0.00576	0.00522	0.00127	0.10730	0.00415	0.00312	0.00523
2	0.00569	0.00420	0.00532	0.00512	0.00611	0.00383	0.00381	0.00744	0.01118	0.01550	0.66364	0.08846	0.14611	0.00908	0.00493	0.00135	0.00201	0.00798	0.00443	0.00383
3	0.03055	0.00971	0.01027	0.02546	0.01147	0.06575	0.03000	0.23916	0.34907	0.04213	0.11078	0.01535	0.03042	0.00566	0.00425	0.00132	0.00390	0.00463	0.00398	0.00611
4	0.00529	0.00394	0.00480	0.00535	0.00596	0.00362	0.00375	0.00616	0.00839	0.01082	0.05148	0.44477	0.24165	0.10901	0.00705	0.00189	0.00262	0.07636	0.00372	0.00337
5	0.13396	0.07229	0.51070	0.00983	0.01471	0.00960	0.01158	0.04362	0.00936	0.11341	0.02878	0.00960	0.00668	0.00420	0.00373	0.00128	0.00513	0.00317	0.00244	0.00594
6	0.00846	0.00781	0.01283	0.73145	0.09520	0.00947	0.01145	0.05276	0.00899	0.01167	0.00755	0.01095	0.00570	0.00416	0.00415	0.00136	0.00544	0.00369	0.00198	0.00491
7	0.01062	0.19133	0.18380	0.01137	0.01510	0.14085	0.21709	0.04612	0.05343	0.01288	0.04963	0.03242	0.00833	0.00440	0.00400	0.00122	0.00569	0.00387	0.00234	0.00550
8	0.01013	0.00971	0.01659	0.07645	0.77834	0.00983	0.01267	0.01261	0.00939	0.01339	0.00779	0.01033	0.00651	0.00373	0.00411	0.00124	0.00497	0.00370	0.00204	0.00646

[dist]
# distance from previous block
# <min> <max>
0	1

[block]
# block no. 3 follows, 64 sequences, length 7
# corresponding to MSA columns:
# 453-459
name=unknown_D
#
# <colnr> <probs for GDERKNQSTAVLIFYWHMCP>
#	G	D	E	R	K	N	Q	S	T	A	V	L	I	F	Y	W	H	M	C	P
0	0.00942	0.00681	0.00784	0.00775	0.00935	0.04508	0.00632	0.01387	0.23789	0.11104	0.01894	0.08749	0.01822	0.03659	0.00551	0.00171	0.00372	0.36352	0.00398	0.00496
1	0.01004	0.00963	0.01643	0.10544	0.75003	0.00981	0.01263	0.01254	0.00935	0.01328	0.00777	0.01036	0.00648	0.00375	0.00412	0.00125	0.00499	0.00370	0.00204	0.00639
2	0.00526	0.00400	0.00484	0.00510	0.00594	0.00358	0.00365	0.00647	0.00961	0.01266	0.27503	0.33456	0.29262	0.01081	0.00505	0.00148	0.00217	0.00950	0.00408	0.00358
3	0.01012	0.00736	0.00844	0.00726	0.00919	0.00796	0.00575	0.20557	0.16464	0.07679	0.12836	0.02005	0.14098	0.02972	0.09080	0.00196	0.04639	0.00538	0.02797	0.00532
4	0.00546	0.00415	0.00496	0.00491	0.00590	0.00372	0.00359	0.00687	0.01025	0.01368	0.42620	0.13150	0.30251	0.05071	0.00574	0.00152	0.00216	0.00838	0.00415	0.00365
5	0.01444	0.01624	0.01211	0.01047	0.01294	0.52444	0.04664	0.15040	0.14542	0.01417	0.00883	0.00940	0.00688	0.00458	0.00395	0.00117	0.00629	0.00329	0.00282	0.00552
6	0.01673	0.01012	0.01153	0.00884	0.01213	0.01064	0.00730	0.55150	0.01700	0.29251	0.01210	0.01135	0.00813	0.00504	0.00416	0.00126	0.00423	0.00388	0.00448	0.00707

[dist]
# distance from previous block
# <min> <max>
0	8

[block]
# block no. 4 follows, 64 sequences, length 54
# corresponding to MSA columns:
# 468-493,497-524
name=unknown_E
#
# <colnr> <probs for GDERKNQSTAVLIFYWHMCP>
#	G	D	E	R	K	N	Q	S	T	A	V	L	I	F	Y	W	H	M	C	P
0	0.01104	0.73252	0.10330	0.00772	0.01150	0.03232	0.00798	0.03401	0.00884	0.01056	0.00607	0.00698	0.00537	0.00365	0.00286	0.00094	0.00468	0.00236	0.00185	0.00545
1	0.00543	0.00436	0.00486	0.00471	0.00599	0.00386	0.00354	0.00714	0.03432	0.01343	0.33354	0.03592	0.50888	0.00962	0.00489	0.00137	0.00209	0.00818	0.00413	0.00375
2	0.00940	0.21655	0.01329	0.00806	0.01052	0.01025	0.03178	0.01085	0.00802	0.02753	0.00749	0.05343	0.00698	0.00493	0.00608	0.00111	0.23590	0.00333	0.00223	0.33228
3	0.00598	0.00402	0.00463	0.00472	0.00477	0.00401	0.00275	0.00610	0.00626	0.00836	0.01396	0.08957	0.01611	0.75914	0.03508	0.00386	0.00404	0.02137	0.00264	0.00263
4	0.01519	0.01130	0.01214	0.00932	0.01263	0.01236	0.00768	0.74114	0.04455	0.02515	0.01004	0.01007	0.00719	0.00489	0.00409	0.00121	0.00444	0.00369	0.00406	0.05885
5	0.01028	0.00987	0.01686	0.02550	0.82811	0.00987	0.01275	0.01275	0.00946	0.01357	0.00781	0.01028	0.00658	0.00370	0.00411	0.00123	0.00493	0.00370	0.00206	0.00658
6	0.00948	0.00740	0.01217	0.70048	0.04734	0.00879	0.01078	0.01207	0.00886	0.13002	0.00870	0.01150	0.00626	0.00428	0.00416	0.00137	0.00523	0.00376	0.00233	0.00502
7	0.00593	0.00445	0.00668	0.00668	0.00742	0.00519	0.00519	0.00742	0.00668	0.00964	0.01113	0.01632	0.01038	0.03115	0.83756	0.00668	0.01113	0.00445	0.00223	0.00371
8	0.00506	0.00361	0.00482	0.00578	0.00602	0.00337	0.00386	0.00578	0.00795	0.01060	0.02289	0.85131	0.02747	0.01301	0.00530	0.00169	0.00241	0.01181	0.00386	0.00337
9	0.01028	0.00987	0.01686	0.02550	0.82811	0.00987	0.01275	0.01275	0.00946	0.01357	0.00781	0.01028	0.00658	0.00370	0.00411	0.00123	0.00493	0.00370	0.00206	0.00658
10	0.00593	0.00445	0.00668	0.00668	0.00742	0.00519	0.00519	0.00742	0.00668	0.00964	0.01113	0.01632	0.01038	0.03115	0.83756	0.00668	0.01113	0.00445	0.00223	0.00371
11	0.00506	0.00361	0.00482	0.00578	0.00602	0.00337	0.00386	0.00578	0.00795	0.01060	0.02289	0.85131	0.02747	0.01301	0.00530	0.00169	0.00241	0.01181	0.00386	0.00337
12	0.01033	0.00892	0.00939	0.00845	0.01080	0.01033	0.00657	0.02207	0.82061	0.01738	0.01691	0.01550	0.01268	0.00564	0.00423	0.00141	0.00329	0.00470	0.00423	0.00657
13	0.01028	0.00987	0.01686	0.02550	0.82811	0.00987	0.01275	0.01275	0.00946	0.01357	0.00781	0.01028	0.00658	0.00370	0.00411	0.00123	0.00493	0.00370	0.00206	0.00658
14	0.00961	0.00918	0.01564	0.25226	0.60662	0.00969	0.01241	0.01216	0.00914	0.01275	0.00769	0.01050	0.00629	0.00383	0.00412	0.00128	0.00510	0.00370	0.00200	0.00604
15	0.00593	0.00445	0.00668	0.00668	0.00742	0.00519	0.00519	0.00742	0.00668	0.00964	0.01113	0.01632	0.01038	0.03115	0.83756	0.00668	0.01113	0.00445	0.00223	0.00371
16	0.00506	0.00361	0.00482	0.00578	0.00602	0.00337	0.00386	0.00578	0.00795	0.01060	0.02289	0.85131	0.02747	0.01301	0.00530	0.00169	0.00241	0.01181	0.00386	0.00337
17	0.01028	0.00987	0.01686	0.02550	0.82811	0.00987	0.01275	0.01275	0.00946	0.01357	0.00781	0.01028	0.00658	0.00370	0.00411	0.00123	0.00493	0.00370	0.00206	0.00658
18	0.01028	0.00987	0.01686	0.02550	0.82811	0.00987	0.01275	0.01275	0.00946	0.01357	0.00781	0.01028	0.00658	0.00370	0.00411	0.00123	0.00493	0.00370	0.00206	0.00658
19	0.01518	0.01925	0.01204	0.01083	0.01294	0.79237	0.02301	0.01629	0.01154	0.01022	0.00642	0.00762	0.00537	0.00437	0.00412	0.00110	0.03763	0.00275	0.00213	0.00482
20	0.01410	0.01493	0.01339	0.01461	0.24432	0.39557	0.00933	0.21562	0.01306	0.01515	0.00771	0.00891	0.00613	0.00429	0.00395	0.00116	0.00603	0.00323	0.00262	0.00588
21	0.00506	0.00361	0.00482	0.00578	0.00602	0.00337	0.00386	0.00578	0.00795	0.01060	0.02289	0.85131	0.02747	0.01301	0.00530	0.00169	0.00241	0.01181	0.00386	0.00337
22	0.00784	0.00738	0.01246	0.84404	0.02861	0.00923	0.01154	0.01061	0.00831	0.01061	0.00738	0.01107	0.00554	0.00415	0.00415	0.00138	0.00554	0.00369	0.00185	0.00461
23	0.01111	0.85652	0.02177	0.00711	0.01066	0.01644	0.00711	0.01244	0.00844	0.00977	0.00577	0.00666	0.00533	0.00355	0.00267	0.00089	0.00444	0.00222	0.00178	0.00533
24	0.00722	0.00361	0.00541	0.00541	0.00541	0.00361	0.00361	0.00541	0.00541	0.00722	0.00722	0.01263	0.00722	0.01443	0.01623	0.87915	0.00361	0.00361	0.00180	0.00180
25	0.00504	0.00376	0.00470	0.00541	0.00593	0.00342	0.00370	0.00587	0.00838	0.01087	0.04449	0.64757	0.21106	0.01234	0.00520	0.00161	0.00233	0.01102	0.00387	0.00342
26	0.00784	0.00738	0.01246	0.84404	0.02861	0.00923	0.01154	0.01061	0.00831	0.01061	0.00738	0.01107	0.00554	0.00415	0.00415	0.00138	0.00554	0.00369	0.00185	0.00461
27	0.00588	0.00425	0.00555	0.00523	0.00621	0.00392	0.00392	0.00784	0.01176	0.01666	0.82592	0.03103	0.03919	0.00849	0.00490	0.00131	0.00196	0.00751	0.00457	0.00392
28	0.00588	0.00425	0.00555	0.00523	0.00621	0.00392	0.00392	0.00784	0.01176	0.01666	0.82592	0.03103	0.03919	0.00849	0.00490	0.00131	0.00196	0.00751	0.00457	0.00392
29	0.01711	0.00909	0.01095	0.00843	0.01159	0.00923	0.00697	0.36075	0.01499	0.45921	0.01328	0.01219	0.00875	0.00514	0.00447	0.00129	0.03099	0.00397	0.00461	0.00699
30	0.01380	0.03870	0.02657	0.01304	0.18578	0.22364	0.01956	0.31993	0.02570	0.04401	0.04291	0.01039	0.00796	0.00461	0.00403	0.00120	0.00529	0.00360	0.00310	0.00616
31	0.19410	0.37190	0.07733	0.00741	0.01087	0.01210	0.00708	0.08960	0.00989	0.17259	0.00836	0.00860	0.00628	0.00409	0.00318	0.00111	0.00415	0.00281	0.00282	0.00572
32	0.01000	0.00967	0.01599	0.02204	0.63600	0.01027	0.02747	0.01218	0.00887	0.01291	0.00738	0.01003	0.00635	0.00433	0.00584	0.00132	0.15950	0.00367	0.00203	0.03416
33	0.01065	0.66107	0.17306	0.00810	0.01208	0.03117	0.00865	0.01291	0.03022	0.01062	0.00640	0.00731	0.00551	0.00370	0.00297	0.00099	0.00479	0.00245	0.00185	0.00550
34	0.03613	0.00984	0.01038	0.00866	0.01132	0.02841	0.00691	0.36316	0.33680	0.06174	0.01378	0.07161	0.01080	0.00577	0.00421	0.00134	0.00388	0.00465	0.00413	0.00649
35	0.00593	0.00445	0.00668	0.00668	0.00742	0.00519	0.00519	0.00742	0.00668	0.00964	0.01113	0.01632	0.01038	0.03115	0.83756	0.00668	0.01113	0.00445	0.00223	0.00371
36	0.00833	0.02149	0.83250	0.01184	0.01798	0.00965	0.01535	0.01315	0.00877	0.01315	0.00745	0.00877	0.00526	0.00395	0.00395	0.00132	0.00614	0.00307	0.00175	0.00614
37	0.00506	0.00361	0.00482	0.00578	0.00602	0.00337	0.00386	0.00578	0.00795	0.01060	0.02289	0.85131	0.02747	0.01301	0.00530	0.00169	0.00241	0.01181	0.00386	0.00337
38	0.00789	0.00743	0.01255	0.82716	0.04510	0.00924	0.01156	0.01066	0.00833	0.01067	0.00739	0.01106	0.00556	0.00414	0.00415	0.00138	0.00552	0.00369	0.00185	0.00465
39	0.00593	0.00445	0.00668	0.00668	0.00742	0.00519	0.00519	0.00742	0.00668	0.00964	0.01113	0.01632	0.01038	0.03115	0.83756	0.00668	0.01113	0.00445	0.00223	0.00371
40	0.00604	0.00403	0.00453	0.00453	0.00453	0.00403	0.00252	0.00604	0.00604	0.00805	0.01309	0.02718	0.01510	0.85402	0.02114	0.00403	0.00403	0.00604	0.00252	0.00252
41	0.01025	0.01168	0.01974	0.20610	0.02190	0.14003	0.50272	0.01320	0.00977	0.01219	0.00786	0.01059	0.00598	0.00377	0.00455	0.00134	0.00674	0.00427	0.00205	0.00525
42	0.00498	0.00420	0.00423	0.00423	0.00554	0.00354	0.00311	0.00597	0.00924	0.01102	0.04019	0.03914	0.77366	0.06537	0.00596	0.00157	0.00223	0.00859	0.00377	0.00344
43	0.05699	0.01750	0.01154	0.01018	0.01255	0.63159	0.00779	0.15056	0.03981	0.01350	0.00734	0.00814	0.00584	0.00442	0.00377	0.00112	0.00665	0.00290	0.00257	0.00524
44	0.01619	0.01243	0.01189	0.00943	0.01252	0.16450	0.00764	0.54187	0.01689	0.14957	0.01032	0.01017	0.00725	0.00488	0.00408	0.00122	0.00495	0.00361	0.00394	0.00665
45	0.01155	0.12990	0.03608	0.01408	0.01772	0.20090	0.47607	0.01416	0.01011	0.03830	0.00782	0.00977	0.00606	0.00375	0.00429	0.00125	0.00663	0.00396	0.00216	0.00544
46	0.01069	0.31317	0.39513	0.00979	0.01446	0.03662	0.01107	0.13878	0.01043	0.01392	0.00723	0.00818	0.00557	0.00398	0.00352	0.00115	0.00534	0.00287	0.00215	0.00596
47	0.01090	0.79343	0.08302	0.00746	0.01121	0.01592	0.00773	0.01249	0.00846	0.01003	0.00590	0.00682	0.00533	0.00358	0.00276	0.00092	0.00457	0.00229	0.00178	0.00539
48	0.01102	0.49032	0.24820	0.00900	0.01306	0.14341	0.00957	0.01329	0.00906	0.01079	0.00635	0.00739	0.00531	0.00378	0.00320	0.00104	0.00540	0.00253	0.00183	0.00548
49	0.03553	0.54744	0.29743	0.00867	0.01308	0.01392	0.00984	0.01268	0.00851	0.01118	0.00635	0.00738	0.00528	0.00370	0.00310	0.00105	0.00498	0.00251	0.00179	0.00558
50	0.00940	0.34217	0.52115	0.01002	0.01517	0.01225	0.01218	0.01288	0.00864	0.01186	0.00681	0.00796	0.00529	0.00380	0.00345	0.00115	0.00549	0.00274	0.00176	0.00583
51	0.01040	0.30401	0.42909	0.01006	0.01469	0.14190	0.01141	0.01345	0.00913	0.01154	0.00672	0.00786	0.00530	0.00387	0.00348	0.00113	0.00578	0.00272	0.00182	0.00566
52	0.01217	0.47967	0.17482	0.00844	0.01229	0.10152	0.00864	0.01418	0.00937	0.13288	0.00775	0.00827	0.00606	0.00394	0.00325	0.00105	0.00496	0.00272	0.00231	0.00569
53	0.01317	0.13498	0.23545	0.00949	0.01314	0.26613	0.00925	0.01547	0.01046	0.19504	0.03885	0.01009	0.00768	0.00441	0.00378	0.00116	0.00553	0.00323	0.00275	0.01994

[dist]
# distance from previous block
# <min> <max>
0	49

# created by:
# /st0/software/busco_prod/Augustus/scripts/msa2prfl.pl ./align_prep/143030.fa
