[name]
unknown

[dist]
# distance from previous block
# <min> <max>
0	28

[block]
# block no. 0 follows, 63 sequences, length 24
# corresponding to MSA columns:
# 28-51
name=unknown_A
#
# <colnr> <probs for GDERKNQSTAVLIFYWHMCP>
#	G	D	E	R	K	N	Q	S	T	A	V	L	I	F	Y	W	H	M	C	P
0	0.00648	0.00488	0.00648	0.02985	0.02502	0.00484	0.00573	0.00844	0.03797	0.01239	0.08712	0.11399	0.13900	0.06384	0.02347	0.00198	0.00355	0.41736	0.00375	0.00388
1	0.00921	0.07546	0.54940	0.06908	0.12524	0.02192	0.05121	0.01322	0.00906	0.02719	0.00766	0.00928	0.00566	0.00395	0.00399	0.00130	0.00591	0.00327	0.00191	0.00608
2	0.01220	0.06178	0.30382	0.02769	0.15974	0.07334	0.04693	0.03572	0.02201	0.20202	0.00977	0.01047	0.00696	0.00427	0.00405	0.00127	0.00534	0.00354	0.00277	0.00634
3	0.00979	0.00975	0.03405	0.15566	0.60651	0.00974	0.06372	0.01241	0.00935	0.01314	0.00828	0.03348	0.00702	0.00407	0.00425	0.00130	0.00518	0.00403	0.00209	0.00618
4	0.00512	0.00368	0.00485	0.00579	0.00608	0.00342	0.00387	0.00586	0.00811	0.01076	0.02394	0.81754	0.05929	0.01307	0.00535	0.00170	0.00243	0.01183	0.00390	0.00342
5	0.01252	0.05463	0.18658	0.08489	0.11087	0.03073	0.04296	0.03697	0.02689	0.28528	0.01157	0.04590	0.00857	0.00584	0.03573	0.00151	0.00505	0.00410	0.00321	0.00617
6	0.01233	0.01460	0.34023	0.01209	0.10325	0.05740	0.04842	0.08582	0.02397	0.21556	0.03826	0.01141	0.00824	0.00454	0.00416	0.00130	0.00522	0.00376	0.00305	0.00640
7	0.00605	0.00446	0.00660	0.00660	0.00729	0.00515	0.00506	0.00738	0.00669	0.00960	0.01126	0.01701	0.01068	0.07533	0.76936	0.03036	0.01067	0.00457	0.00226	0.00364
8	0.00794	0.00747	0.01261	0.84216	0.02895	0.00934	0.01167	0.01074	0.00841	0.01074	0.00747	0.01121	0.00560	0.00420	0.00420	0.00140	0.00560	0.00374	0.00187	0.00467
9	0.01285	0.00734	0.01072	0.22552	0.06188	0.01730	0.03353	0.04169	0.01842	0.36619	0.02641	0.09314	0.03237	0.02761	0.00482	0.00144	0.00422	0.00502	0.00374	0.00578
10	0.00909	0.03400	0.06311	0.30548	0.24877	0.00958	0.12301	0.03308	0.03457	0.01272	0.00938	0.08102	0.00811	0.00477	0.00434	0.00136	0.00528	0.00455	0.00226	0.00550
11	0.00971	0.00931	0.01600	0.21038	0.59750	0.00970	0.03804	0.01230	0.00938	0.01313	0.02941	0.01117	0.00728	0.00397	0.00422	0.00129	0.00512	0.00388	0.00210	0.00610
12	0.00934	0.00970	0.08838	0.51910	0.05727	0.03344	0.08715	0.03095	0.00915	0.06035	0.00834	0.02356	0.00634	0.00443	0.00460	0.00139	0.03522	0.00392	0.00218	0.00518
13	0.00821	0.00771	0.01300	0.68994	0.14756	0.00922	0.01158	0.01089	0.00857	0.01119	0.00810	0.04106	0.00656	0.00445	0.00424	0.00139	0.00540	0.00403	0.00197	0.00492
14	0.04375	0.01564	0.41405	0.05124	0.14285	0.00979	0.18191	0.01340	0.03106	0.02841	0.02355	0.01036	0.00668	0.00402	0.00421	0.00134	0.00586	0.00374	0.00212	0.00602
15	0.01087	0.02325	0.37057	0.01162	0.10571	0.02954	0.03203	0.01415	0.02568	0.19305	0.06067	0.06497	0.01034	0.00534	0.00448	0.01951	0.00493	0.00433	0.00294	0.00602
16	0.00685	0.00536	0.00757	0.00863	0.09075	0.00531	0.02757	0.00873	0.04674	0.02752	0.06693	0.28946	0.11524	0.05100	0.03283	0.00190	0.02219	0.17768	0.00358	0.00417
17	0.00631	0.00532	0.02314	0.02340	0.02678	0.00490	0.00468	0.00873	0.09047	0.01293	0.19326	0.19065	0.23299	0.07100	0.03483	0.00181	0.00304	0.02672	0.00376	0.03528
18	0.01102	0.15168	0.26324	0.01294	0.10917	0.18852	0.11541	0.02454	0.03792	0.01256	0.00775	0.00919	0.00608	0.00401	0.00387	0.00120	0.00597	0.00329	0.02589	0.00574
19	0.03722	0.02440	0.05536	0.12782	0.13042	0.12465	0.02899	0.19965	0.09374	0.04623	0.01044	0.01208	0.02852	0.01516	0.00467	0.00134	0.03339	0.01708	0.00296	0.00589
20	0.00893	0.00604	0.02376	0.00616	0.00777	0.00570	0.00474	0.05851	0.10527	0.14063	0.11399	0.06289	0.20376	0.17778	0.04164	0.00215	0.00351	0.01830	0.00387	0.00460
21	0.01008	0.00996	0.03255	0.06950	0.65143	0.00987	0.05478	0.01327	0.06176	0.01374	0.00927	0.01148	0.02511	0.00405	0.00423	0.00128	0.00499	0.00398	0.00225	0.00642
22	0.01234	0.15535	0.13833	0.01090	0.05782	0.21792	0.07751	0.09096	0.03245	0.07964	0.03354	0.02475	0.02545	0.00513	0.01893	0.00130	0.00565	0.00369	0.00268	0.00568
23	0.01070	0.00901	0.02834	0.17286	0.24230	0.03523	0.00936	0.12728	0.07598	0.07759	0.07268	0.04415	0.02157	0.00610	0.02846	0.00149	0.00472	0.02329	0.00308	0.00581

[dist]
# distance from previous block
# <min> <max>
2	16

[block]
# block no. 1 follows, 63 sequences, length 6
# corresponding to MSA columns:
# 68,70-74
name=unknown_B
#
# <colnr> <probs for GDERKNQSTAVLIFYWHMCP>
#	G	D	E	R	K	N	Q	S	T	A	V	L	I	F	Y	W	H	M	C	P
0	0.00843	0.00658	0.00840	0.00817	0.06161	0.05440	0.05572	0.03060	0.05918	0.03154	0.07460	0.03638	0.07857	0.12815	0.01017	0.24203	0.00396	0.04512	0.00285	0.05356
1	0.11490	0.01057	0.02773	0.03367	0.07624	0.17581	0.07094	0.10117	0.03721	0.01464	0.06205	0.06289	0.02599	0.05436	0.00539	0.00147	0.02953	0.03919	0.03106	0.02520
2	0.05684	0.13622	0.08686	0.18294	0.13023	0.01021	0.07258	0.07537	0.00993	0.06801	0.06010	0.03154	0.00907	0.02716	0.00469	0.00136	0.02478	0.00401	0.00259	0.00550
3	0.04894	0.12437	0.03323	0.07526	0.14728	0.13890	0.03050	0.14792	0.04695	0.03753	0.04236	0.01224	0.04443	0.02678	0.00437	0.00128	0.00490	0.00382	0.00280	0.02616
4	0.03436	0.06672	0.09665	0.01065	0.10598	0.08883	0.03312	0.11038	0.06842	0.01460	0.03894	0.05502	0.04759	0.02466	0.00490	0.00140	0.02828	0.10252	0.01658	0.05041
5	0.08505	0.09048	0.16950	0.04693	0.05273	0.06131	0.02208	0.07241	0.10248	0.05539	0.06753	0.03379	0.03144	0.00523	0.00414	0.00128	0.02071	0.02141	0.01832	0.03779

[dist]
# distance from previous block
# <min> <max>
26	75

[block]
# block no. 2 follows, 63 sequences, length 46
# corresponding to MSA columns:
# 166-211
name=unknown_C
#
# <colnr> <probs for GDERKNQSTAVLIFYWHMCP>
#	G	D	E	R	K	N	Q	S	T	A	V	L	I	F	Y	W	H	M	C	P
0	0.01006	0.05753	0.01035	0.12094	0.03652	0.02939	0.00697	0.12020	0.22385	0.02994	0.02009	0.03980	0.04274	0.00731	0.02977	0.11154	0.01393	0.00431	0.00312	0.08164
1	0.00817	0.00688	0.02487	0.07896	0.04503	0.06692	0.02120	0.02891	0.06636	0.02617	0.08845	0.08697	0.04799	0.09995	0.09236	0.11774	0.00469	0.03064	0.05364	0.00409
2	0.00637	0.00498	0.00598	0.02585	0.00724	0.02326	0.00448	0.02746	0.03582	0.01133	0.05513	0.33588	0.16528	0.08969	0.08120	0.04086	0.03458	0.02571	0.01524	0.00367
3	0.01052	0.09038	0.01140	0.11806	0.10106	0.09450	0.00758	0.07232	0.21442	0.03823	0.01278	0.04018	0.04092	0.04743	0.02568	0.00155	0.00453	0.00437	0.05864	0.00547
4	0.00774	0.00585	0.00854	0.09280	0.07834	0.00615	0.03526	0.03448	0.05445	0.03965	0.01622	0.08292	0.13385	0.01422	0.20222	0.14520	0.00555	0.01910	0.01330	0.00418
5	0.04613	0.00597	0.00667	0.03027	0.00821	0.00622	0.00477	0.04778	0.20327	0.03117	0.16063	0.13368	0.19662	0.07553	0.00595	0.00163	0.00288	0.00699	0.02105	0.00459
6	0.00847	0.00763	0.00998	0.03798	0.23766	0.05418	0.00754	0.02338	0.13426	0.01302	0.04645	0.18568	0.06733	0.03456	0.07857	0.00198	0.00456	0.03860	0.00313	0.00505
7	0.00706	0.00528	0.00702	0.01783	0.00773	0.03235	0.02285	0.01936	0.03305	0.01065	0.06803	0.08380	0.02973	0.04332	0.34536	0.18772	0.03125	0.00517	0.03888	0.00356
8	0.06392	0.00623	0.00713	0.00644	0.00806	0.00631	0.00485	0.13672	0.06376	0.12932	0.10480	0.21833	0.09186	0.10245	0.00643	0.00171	0.00314	0.00690	0.02683	0.00480
9	0.00550	0.00390	0.00504	0.00569	0.00623	0.00358	0.00395	0.00647	0.00880	0.02697	0.12211	0.62622	0.11594	0.01215	0.00526	0.00163	0.00241	0.03057	0.00401	0.00358
10	0.02314	0.00465	0.00644	0.00647	0.00728	0.00515	0.00501	0.02764	0.00755	0.01085	0.02490	0.04749	0.03911	0.05396	0.53936	0.05996	0.00839	0.07486	0.04409	0.00369
11	0.02666	0.00511	0.00584	0.00551	0.00631	0.00515	0.00367	0.03658	0.07794	0.08610	0.03947	0.10285	0.05705	0.50723	0.01451	0.00300	0.00365	0.00640	0.00326	0.00370
12	0.01980	0.00494	0.00587	0.00605	0.00701	0.00488	0.00436	0.06801	0.06241	0.03630	0.05920	0.47432	0.13220	0.03963	0.00554	0.00164	0.00271	0.02741	0.03365	0.00407
13	0.00542	0.00397	0.00491	0.00552	0.00598	0.00375	0.00370	0.00645	0.03236	0.01080	0.04215	0.57944	0.13596	0.12990	0.00751	0.00198	0.00264	0.01040	0.00374	0.00342
14	0.00730	0.00365	0.00548	0.00548	0.00548	0.00365	0.00365	0.00548	0.00548	0.00730	0.00730	0.01278	0.00730	0.01460	0.01643	0.87769	0.00365	0.00365	0.00183	0.00183
15	0.02680	0.00527	0.00649	0.00586	0.00751	0.00485	0.00445	0.01172	0.04467	0.25596	0.16532	0.15784	0.16135	0.05613	0.00553	0.00153	0.00276	0.00696	0.06420	0.00479
16	0.00981	0.00805	0.00861	0.00769	0.00983	0.00899	0.00597	0.07635	0.55554	0.02589	0.10411	0.01951	0.09088	0.02650	0.00479	0.00145	0.00316	0.00538	0.02153	0.00597
17	0.00555	0.00398	0.00508	0.00580	0.00623	0.00381	0.00394	0.00689	0.04508	0.01153	0.07481	0.68856	0.03723	0.04303	0.00579	0.00173	0.00249	0.01081	0.03408	0.00359
18	0.00607	0.00432	0.00614	0.00621	0.00674	0.00481	0.00456	0.00702	0.00666	0.00938	0.01222	0.06617	0.01241	0.18939	0.56285	0.06375	0.00874	0.01678	0.00240	0.00337
19	0.08557	0.00547	0.00636	0.00576	0.00753	0.00516	0.00454	0.03925	0.01059	0.18412	0.19298	0.06188	0.24537	0.00845	0.01712	0.00146	0.00284	0.05721	0.05370	0.00464
20	0.00527	0.00418	0.00468	0.00477	0.00582	0.00374	0.00345	0.00633	0.00914	0.01150	0.12479	0.14290	0.50302	0.09037	0.05923	0.00203	0.00291	0.00860	0.00376	0.00350
21	0.01469	0.00615	0.00806	0.00653	0.00872	0.00549	0.00499	0.01578	0.01009	0.56023	0.01549	0.01863	0.01200	0.28252	0.00985	0.00221	0.00374	0.00484	0.00433	0.00565
22	0.00518	0.00412	0.00465	0.00483	0.00589	0.00359	0.00350	0.00632	0.00960	0.01215	0.17328	0.24038	0.48983	0.01092	0.00507	0.00147	0.00218	0.00942	0.00403	0.00359
23	0.00898	0.01295	0.25825	0.02985	0.22170	0.00957	0.19554	0.01213	0.00887	0.01270	0.00895	0.01175	0.02490	0.03095	0.07241	0.00189	0.06679	0.00407	0.00205	0.00570
24	0.00675	0.00430	0.00556	0.00586	0.00661	0.00409	0.00414	0.00783	0.02058	0.08989	0.04669	0.46921	0.11042	0.09367	0.08998	0.00236	0.00358	0.02090	0.00376	0.00381
25	0.02548	0.01601	0.40480	0.04030	0.06713	0.01015	0.33697	0.02448	0.00945	0.01361	0.00796	0.01001	0.00585	0.00382	0.00438	0.00136	0.00640	0.00391	0.00199	0.00595
26	0.00606	0.00405	0.00460	0.00466	0.00467	0.00404	0.00262	0.00610	0.00622	0.00830	0.01381	0.07419	0.01599	0.80461	0.02049	0.00394	0.00398	0.00644	0.00262	0.00260
27	0.83294	0.00807	0.00638	0.00564	0.00828	0.00925	0.00464	0.01282	0.00743	0.06486	0.00646	0.00725	0.00489	0.00398	0.00269	0.00130	0.00327	0.00239	0.00275	0.00470
28	0.01325	0.00641	0.00809	0.00683	0.00913	0.00598	0.00539	0.03151	0.10638	0.43595	0.07195	0.09677	0.09871	0.04422	0.00522	0.00149	0.00320	0.02047	0.02321	0.00584
29	0.00679	0.00450	0.00579	0.00535	0.00655	0.00409	0.00406	0.00866	0.01170	0.07466	0.69550	0.03099	0.10825	0.00854	0.00491	0.00133	0.00211	0.00747	0.00460	0.00416
30	0.00604	0.00436	0.00604	0.00604	0.00654	0.00486	0.00436	0.00704	0.00654	0.00923	0.01192	0.02016	0.01209	0.30397	0.56533	0.00587	0.00888	0.00504	0.00235	0.00335
31	0.00634	0.00441	0.00514	0.00524	0.00559	0.00437	0.00331	0.05185	0.00775	0.01031	0.04056	0.25757	0.05469	0.50754	0.01473	0.00306	0.00350	0.00778	0.00314	0.00314
32	0.00566	0.00428	0.00513	0.00526	0.00633	0.00387	0.00403	0.00715	0.01019	0.01346	0.30214	0.12716	0.33174	0.01018	0.00506	0.00148	0.00235	0.11922	0.03158	0.00373
33	0.00588	0.00447	0.00514	0.00523	0.00620	0.00416	0.00375	0.03082	0.03457	0.01258	0.16948	0.24470	0.32080	0.09551	0.00666	0.00174	0.00252	0.02203	0.02006	0.00370
34	0.01541	0.01137	0.01217	0.00943	0.01266	0.01261	0.00776	0.74259	0.06411	0.02565	0.01060	0.01058	0.00758	0.00508	0.00417	0.00126	0.00447	0.00384	0.03163	0.00702
35	0.13919	0.00659	0.00777	0.00665	0.00897	0.00637	0.00528	0.04635	0.06026	0.36833	0.05822	0.13937	0.09002	0.00698	0.00427	0.00138	0.00316	0.01798	0.01726	0.00560
36	0.00528	0.00378	0.00491	0.00575	0.00606	0.00354	0.00388	0.00601	0.00802	0.01061	0.02312	0.70296	0.06282	0.08864	0.00681	0.00192	0.00264	0.04614	0.00378	0.00336
37	0.00605	0.00431	0.00525	0.00518	0.00620	0.00395	0.00382	0.00745	0.01000	0.03844	0.34319	0.11853	0.26409	0.07179	0.04944	0.00188	0.00281	0.03013	0.02373	0.00377
38	0.36055	0.00579	0.00538	0.00514	0.00647	0.00618	0.00367	0.00903	0.00728	0.03736	0.01452	0.10066	0.10006	0.31030	0.00993	0.00235	0.00336	0.00538	0.00293	0.00369
39	0.00525	0.00431	0.00467	0.00482	0.00611	0.00373	0.00372	0.00645	0.00963	0.01173	0.07400	0.07514	0.65314	0.01079	0.00509	0.00149	0.00236	0.11003	0.00393	0.00360
40	0.00663	0.00416	0.00578	0.00578	0.00631	0.00453	0.00423	0.00725	0.00672	0.00997	0.01087	0.01647	0.01021	0.09860	0.42379	0.21902	0.00721	0.00435	0.14490	0.00320
41	0.00665	0.00466	0.00628	0.04382	0.05055	0.00461	0.00471	0.00782	0.02491	0.04828	0.06625	0.36702	0.07425	0.16716	0.05770	0.02103	0.00361	0.02440	0.01252	0.00376
42	0.01570	0.02004	0.01191	0.01083	0.01300	0.83539	0.00812	0.01679	0.01191	0.01029	0.00650	0.00758	0.00541	0.00433	0.00379	0.00108	0.00758	0.00271	0.00217	0.00487
43	0.01035	0.00891	0.00942	0.00853	0.01087	0.01029	0.00666	0.02193	0.79449	0.01744	0.01726	0.01662	0.01317	0.00588	0.00432	0.00144	0.00334	0.02824	0.00427	0.00657
44	0.07115	0.00758	0.01215	0.75451	0.02686	0.00946	0.01108	0.01084	0.00825	0.01131	0.00729	0.01083	0.00553	0.00428	0.00440	0.00141	0.03287	0.00363	0.00192	0.00466
45	0.01158	0.00956	0.01027	0.00910	0.02870	0.01089	0.00703	0.19538	0.60985	0.01945	0.03121	0.01465	0.01198	0.00557	0.00427	0.00138	0.00362	0.00457	0.00422	0.00671

[dist]
# distance from previous block
# <min> <max>
0	2

[block]
# block no. 3 follows, 63 sequences, length 35
# corresponding to MSA columns:
# 216-250
name=unknown_D
#
# <colnr> <probs for GDERKNQSTAVLIFYWHMCP>
#	G	D	E	R	K	N	Q	S	T	A	V	L	I	F	Y	W	H	M	C	P
0	0.01010	0.00968	0.01651	0.12662	0.72761	0.00991	0.01275	0.01263	0.00943	0.01336	0.00785	0.01050	0.00653	0.00380	0.00417	0.00127	0.00507	0.00374	0.00205	0.00641
1	0.03946	0.00951	0.02596	0.16552	0.46878	0.00963	0.08804	0.03831	0.01936	0.03752	0.01783	0.01129	0.01882	0.00406	0.00419	0.00129	0.00506	0.00391	0.00231	0.02917
2	0.00995	0.00886	0.04503	0.16319	0.22492	0.02729	0.02762	0.03045	0.02154	0.08149	0.07305	0.02667	0.00965	0.00441	0.00399	0.00114	0.00435	0.00390	0.00271	0.22978
3	0.57328	0.09971	0.00932	0.03499	0.01013	0.17443	0.00586	0.01317	0.00828	0.01578	0.00603	0.00716	0.00487	0.00403	0.00310	0.00123	0.01910	0.00243	0.00239	0.00471
4	0.00843	0.02174	0.83048	0.01198	0.01819	0.00976	0.01553	0.01331	0.00888	0.01331	0.00754	0.00888	0.00533	0.00399	0.00399	0.00133	0.00621	0.00311	0.00178	0.00621
5	0.00575	0.00446	0.00534	0.00516	0.00641	0.00390	0.00385	0.00724	0.01027	0.01380	0.36488	0.14826	0.29771	0.00956	0.00489	0.00137	0.00223	0.02678	0.00409	0.07406
6	0.01598	0.01177	0.01262	0.00967	0.01304	0.01304	0.00799	0.81202	0.01976	0.02649	0.01009	0.01009	0.00715	0.00505	0.00421	0.00126	0.00463	0.00378	0.00421	0.00715
7	0.01856	0.00716	0.00973	0.00744	0.01071	0.00616	0.00614	0.02020	0.01194	0.80516	0.01632	0.01415	0.01028	0.00514	0.00419	0.00128	0.00356	0.00418	0.00512	0.03257
8	0.00601	0.00450	0.00676	0.00676	0.00751	0.00525	0.00525	0.00751	0.00676	0.00976	0.01126	0.01651	0.01051	0.03153	0.83560	0.00676	0.01126	0.00450	0.00225	0.00375
9	0.01598	0.01177	0.01262	0.00967	0.01304	0.01304	0.00799	0.81202	0.01976	0.02649	0.01009	0.01009	0.00715	0.00505	0.00421	0.00126	0.00463	0.00378	0.00421	0.00715
10	0.00595	0.00430	0.00562	0.00529	0.00628	0.00397	0.00397	0.00793	0.01190	0.01686	0.82382	0.03140	0.03966	0.00859	0.00496	0.00132	0.00198	0.00760	0.00463	0.00397
11	0.00611	0.00408	0.00458	0.00458	0.00458	0.00408	0.00255	0.00611	0.00611	0.00815	0.01325	0.02751	0.01528	0.85226	0.02140	0.00408	0.00408	0.00611	0.00255	0.00255
12	0.01570	0.02004	0.01191	0.01083	0.01300	0.83539	0.00812	0.01679	0.01191	0.01029	0.00650	0.00758	0.00541	0.00433	0.00379	0.00108	0.00758	0.00271	0.00217	0.00487
13	0.00918	0.01164	0.20152	0.05024	0.27724	0.00822	0.02280	0.01202	0.00904	0.01349	0.00765	0.00945	0.00613	0.00358	0.00373	0.00103	0.00461	0.00313	0.00216	0.34314
14	0.04718	0.15229	0.02586	0.01027	0.01280	0.63770	0.03138	0.01580	0.01109	0.01068	0.00644	0.00755	0.00541	0.00417	0.00361	0.00108	0.00689	0.00269	0.00212	0.00499
15	0.00775	0.00393	0.00395	0.00395	0.00488	0.00393	0.00292	0.00961	0.00868	0.01529	0.01369	0.01627	0.01100	0.04790	0.00388	0.00114	0.00207	0.00403	0.83130	0.00385
16	0.00943	0.01571	0.45976	0.04638	0.18091	0.00921	0.04729	0.01315	0.00944	0.07055	0.07051	0.01149	0.00863	0.00445	0.00440	0.00133	0.02520	0.00377	0.00231	0.00608
17	0.01559	0.00961	0.02359	0.03613	0.04690	0.00955	0.00747	0.36855	0.02931	0.30784	0.01205	0.01158	0.00822	0.00483	0.00410	0.00122	0.00416	0.00382	0.00419	0.09131
18	0.00497	0.00426	0.00426	0.00426	0.00568	0.00355	0.00319	0.00603	0.00958	0.01136	0.04259	0.04046	0.82433	0.01065	0.00497	0.00142	0.00213	0.00887	0.00390	0.00355
19	0.01085	0.64974	0.12168	0.00906	0.02652	0.01509	0.07824	0.02668	0.00892	0.01098	0.00639	0.00753	0.00552	0.00367	0.00311	0.00101	0.00494	0.00264	0.00187	0.00557
20	0.88196	0.00813	0.00618	0.00553	0.00813	0.00943	0.00455	0.01236	0.00715	0.01886	0.00585	0.00683	0.00455	0.00390	0.00260	0.00130	0.00325	0.00228	0.00260	0.00455
21	0.01115	0.00913	0.00971	0.00858	0.01106	0.01045	0.00672	0.07280	0.73482	0.05087	0.01664	0.01527	0.01237	0.00564	0.00427	0.00141	0.00342	0.00467	0.00431	0.00671
22	0.00520	0.00374	0.00483	0.00564	0.00597	0.00348	0.00377	0.00593	0.00812	0.01076	0.04372	0.71865	0.08281	0.06818	0.00638	0.00183	0.00251	0.01124	0.00383	0.00338
23	0.01158	0.26140	0.01739	0.01693	0.41159	0.09338	0.01012	0.07159	0.04387	0.01334	0.00770	0.00924	0.00645	0.00393	0.00370	0.00114	0.00500	0.00324	0.00225	0.00614
24	0.05404	0.00710	0.00937	0.00732	0.01046	0.00620	0.00605	0.01881	0.01146	0.69298	0.01577	0.01531	0.01058	0.00533	0.00416	0.00128	0.00355	0.04544	0.00483	0.06996
25	0.01006	0.07314	0.56989	0.03641	0.04527	0.01062	0.02785	0.13206	0.01058	0.03413	0.00805	0.00921	0.00579	0.00414	0.00398	0.00129	0.00576	0.00325	0.00224	0.00628
26	0.00971	0.01166	0.07553	0.01710	0.05492	0.01044	0.66843	0.01315	0.00970	0.01331	0.00877	0.01227	0.00689	0.00400	0.00522	0.00144	0.03827	0.03140	0.00215	0.00565
27	0.00590	0.00405	0.00470	0.00491	0.00509	0.00396	0.00300	0.00617	0.00682	0.00899	0.01728	0.16765	0.07256	0.61838	0.01692	0.00341	0.00366	0.04080	0.00292	0.00282
28	0.00856	0.04208	0.70332	0.01171	0.01739	0.00978	0.05172	0.01347	0.04332	0.01355	0.04086	0.01013	0.00708	0.00422	0.00406	0.00133	0.00592	0.00342	0.00201	0.00609
29	0.00937	0.00893	0.01440	0.55567	0.14508	0.05518	0.09507	0.01207	0.00907	0.04366	0.00795	0.01102	0.00602	0.00411	0.00425	0.00136	0.00570	0.00383	0.00207	0.00518
30	0.00882	0.05106	0.64893	0.01288	0.01863	0.01018	0.16447	0.01331	0.00906	0.01321	0.00766	0.00926	0.00553	0.00389	0.00413	0.00133	0.00631	0.00342	0.00184	0.00608
31	0.00534	0.00423	0.00487	0.00526	0.00634	0.00376	0.00402	0.00649	0.00926	0.01145	0.03450	0.22058	0.49882	0.01138	0.00521	0.00158	0.00252	0.15691	0.00390	0.00358
32	0.15594	0.00696	0.00987	0.50092	0.02015	0.00829	0.00871	0.01060	0.04082	0.01237	0.01121	0.08881	0.04704	0.03733	0.00476	0.00153	0.00457	0.02323	0.00244	0.00447
33	0.05623	0.00545	0.00706	0.00730	0.03392	0.00576	0.00515	0.00820	0.00764	0.01115	0.01502	0.04882	0.08053	0.16995	0.48790	0.02915	0.00830	0.00553	0.00283	0.00411
34	0.72638	0.00817	0.00726	0.10410	0.01082	0.00948	0.00556	0.04237	0.00789	0.03726	0.00646	0.00764	0.00491	0.00401	0.00289	0.00131	0.00359	0.00255	0.00264	0.00473

[dist]
# distance from previous block
# <min> <max>
0	8

# created by:
# /st0/software/busco_prod/Augustus/scripts/msa2prfl.pl ./align_prep/143106.fa
