[name]
unknown

[dist]
# distance from previous block
# <min> <max>
16	197

[block]
# block no. 0 follows, 65 sequences, length 45
# corresponding to MSA columns:
# 277-321
name=unknown_A
#
# <colnr> <probs for GDERKNQSTAVLIFYWHMCP>
#	G	D	E	R	K	N	Q	S	T	A	V	L	I	F	Y	W	H	M	C	P
0	0.01083	0.07930	0.07347	0.02459	0.08859	0.07614	0.08255	0.10304	0.04480	0.09500	0.06791	0.08065	0.01915	0.00513	0.00401	0.00117	0.00438	0.00441	0.00301	0.13188
1	0.02863	0.00973	0.05500	0.02453	0.06371	0.06375	0.07295	0.17034	0.13126	0.05231	0.10865	0.04141	0.02024	0.03574	0.00472	0.00132	0.00418	0.00450	0.00332	0.10372
2	0.03317	0.06865	0.10896	0.00839	0.01129	0.04624	0.07445	0.05869	0.15861	0.08187	0.12188	0.01693	0.08768	0.00606	0.01892	0.00134	0.00410	0.02035	0.00332	0.06912
3	0.02394	0.09910	0.16917	0.03540	0.05174	0.06499	0.07387	0.07508	0.04821	0.07029	0.08740	0.05246	0.01055	0.00483	0.00392	0.00117	0.00455	0.00407	0.00280	0.11648
4	0.01113	0.01139	0.14263	0.01078	0.09748	0.08054	0.06177	0.09511	0.11419	0.10946	0.05898	0.02183	0.02208	0.00466	0.00400	0.00118	0.00449	0.00393	0.00308	0.14129
5	0.08865	0.07990	0.12680	0.00869	0.02538	0.04891	0.05802	0.11710	0.03017	0.09890	0.06208	0.02014	0.02366	0.00597	0.04729	0.00143	0.00464	0.01084	0.00295	0.13850
6	0.00818	0.02585	0.43770	0.03318	0.04546	0.01935	0.05390	0.01212	0.05162	0.02803	0.13864	0.04040	0.03353	0.00530	0.00420	0.00131	0.00485	0.02566	0.00258	0.02813
7	0.00872	0.02813	0.03989	0.02296	0.06083	0.02017	0.01519	0.02491	0.03388	0.05601	0.01160	0.17069	0.02431	0.00576	0.01371	0.00108	0.01473	0.00466	0.00284	0.43992
8	0.01097	0.85821	0.02151	0.00702	0.01054	0.01624	0.00702	0.01229	0.00834	0.00966	0.00571	0.00658	0.00527	0.00351	0.00263	0.00088	0.00439	0.00219	0.00176	0.00527
9	0.01050	0.00950	0.01556	0.03776	0.71449	0.02628	0.01171	0.01285	0.00961	0.06071	0.04512	0.01126	0.00812	0.00397	0.00410	0.00122	0.00473	0.00383	0.00232	0.00634
10	0.00500	0.00357	0.00476	0.00572	0.00595	0.00333	0.00381	0.00572	0.00786	0.01048	0.02262	0.85306	0.02715	0.01286	0.00524	0.00167	0.00238	0.01167	0.00381	0.00333
11	0.00583	0.00431	0.00619	0.00622	0.00685	0.00488	0.00467	0.00706	0.00661	0.00938	0.01236	0.04111	0.03211	0.14493	0.68124	0.00596	0.00955	0.00492	0.00232	0.00349
12	0.01103	0.00984	0.01507	0.10836	0.53065	0.01046	0.01127	0.18666	0.01125	0.01564	0.00803	0.01012	0.00645	0.00414	0.00450	0.00126	0.04285	0.00366	0.00245	0.00631
13	0.00868	0.00772	0.01161	0.18525	0.25776	0.00830	0.02983	0.05574	0.10989	0.01346	0.03647	0.07671	0.08062	0.00617	0.00460	0.00140	0.01945	0.07820	0.00287	0.00526
14	0.00521	0.00403	0.00476	0.00493	0.00589	0.00358	0.00360	0.00646	0.00965	0.01256	0.27106	0.24791	0.36782	0.01046	0.00497	0.00144	0.00215	0.02593	0.00402	0.00356
15	0.00833	0.01959	0.73236	0.01145	0.01697	0.00949	0.03498	0.01300	0.03031	0.01308	0.00777	0.00914	0.00561	0.00409	0.00425	0.00131	0.03735	0.00317	0.03182	0.00593
16	0.00520	0.00385	0.00468	0.00511	0.00580	0.00349	0.00357	0.00623	0.00887	0.01173	0.15781	0.45112	0.24796	0.02842	0.00531	0.00155	0.00224	0.00977	0.03383	0.00346
17	0.00831	0.02068	0.79054	0.01200	0.01797	0.00958	0.05855	0.01301	0.00872	0.01301	0.00742	0.00880	0.00526	0.00388	0.00395	0.00130	0.00611	0.00313	0.00175	0.00604
18	0.00605	0.00420	0.00546	0.00586	0.00670	0.00392	0.00449	0.00745	0.00951	0.03776	0.22465	0.30439	0.12669	0.01066	0.00512	0.00157	0.00261	0.20729	0.02191	0.00372
19	0.00816	0.00759	0.01274	0.67324	0.16532	0.00903	0.01129	0.01082	0.00842	0.01117	0.00760	0.01097	0.00584	0.00405	0.00405	0.00133	0.00524	0.00366	0.03462	0.00487
20	0.65747	0.00829	0.00732	0.00618	0.00891	0.00928	0.00510	0.12106	0.00925	0.12341	0.00761	0.00803	0.00552	0.00412	0.00295	0.00127	0.00340	0.00266	0.00307	0.00511
21	0.01139	0.01287	0.00971	0.00873	0.01035	0.41229	0.00672	0.06982	0.01081	0.01176	0.06370	0.03307	0.17603	0.00675	0.01697	0.00135	0.12586	0.00458	0.00274	0.00452
22	0.01045	0.67972	0.16018	0.00826	0.01223	0.01485	0.04260	0.01245	0.00845	0.01037	0.00610	0.00713	0.00530	0.00358	0.00294	0.00097	0.00478	0.00245	0.00177	0.00542
23	0.00910	0.00791	0.00977	0.08237	0.07696	0.01719	0.00629	0.05744	0.02170	0.01386	0.00761	0.00903	0.00620	0.00335	0.00330	0.00078	0.00355	0.00275	0.00247	0.65837
24	0.01602	0.00954	0.15141	0.00849	0.01214	0.00679	0.04184	0.01824	0.01108	0.63796	0.01448	0.01372	0.00947	0.00496	0.00416	0.00130	0.00409	0.02328	0.00435	0.00669
25	0.00577	0.00419	0.00543	0.00512	0.00611	0.00386	0.00384	0.00767	0.01152	0.01623	0.79470	0.03104	0.07214	0.00848	0.00484	0.00130	0.00194	0.00748	0.00449	0.00386
26	0.00525	0.00375	0.00505	0.00600	0.00635	0.00355	0.00425	0.00615	0.00811	0.01076	0.02249	0.72800	0.02660	0.01262	0.00531	0.00170	0.00260	0.13426	0.00381	0.00340
27	0.00965	0.00963	0.01432	0.14711	0.46858	0.08954	0.05306	0.01202	0.02064	0.01257	0.04584	0.08004	0.00944	0.00476	0.00421	0.00128	0.00496	0.00446	0.00230	0.00560
28	0.01560	0.01150	0.01232	0.00944	0.01273	0.01273	0.00780	0.81645	0.01930	0.02587	0.00986	0.00986	0.00698	0.00493	0.00411	0.00123	0.00452	0.00370	0.00411	0.00698
29	0.00588	0.00435	0.00635	0.00635	0.00699	0.00500	0.00482	0.00717	0.00652	0.00934	0.01122	0.01739	0.01081	0.12792	0.74309	0.00629	0.01017	0.00458	0.00223	0.00353
30	0.17466	0.00867	0.01791	0.00731	0.00981	0.04598	0.00597	0.24004	0.08452	0.15118	0.09775	0.01410	0.01161	0.00531	0.00382	0.00125	0.00361	0.02837	0.08251	0.00565
31	0.00826	0.00760	0.04910	0.07139	0.16661	0.00752	0.07209	0.01095	0.12415	0.01178	0.05401	0.03029	0.04851	0.00893	0.05413	0.21065	0.05254	0.00447	0.00250	0.00453
32	0.00652	0.00414	0.00483	0.00472	0.00493	0.00412	0.00281	0.00673	0.00647	0.04550	0.04346	0.02596	0.01540	0.74997	0.05505	0.00387	0.00419	0.00587	0.00267	0.00279
33	0.01322	0.00624	0.00793	0.00663	0.00889	0.00581	0.00526	0.06123	0.06105	0.44124	0.10939	0.11806	0.05229	0.00663	0.00427	0.00131	0.00303	0.00560	0.07618	0.00575
34	0.00921	0.00822	0.02939	0.03042	0.12604	0.02219	0.02667	0.08267	0.31554	0.01634	0.21775	0.04381	0.04173	0.00617	0.00437	0.00133	0.00348	0.00536	0.00373	0.00559
35	0.01010	0.00855	0.07077	0.00867	0.03053	0.00829	0.00723	0.06001	0.39260	0.09656	0.01680	0.05918	0.01453	0.00698	0.00454	0.00149	0.00368	0.18981	0.00392	0.00577
36	0.01708	0.00746	0.00961	0.00755	0.01061	0.00695	0.00618	0.05585	0.13200	0.67630	0.01599	0.01399	0.01037	0.00515	0.00413	0.00129	0.00350	0.00418	0.00490	0.00691
37	0.15205	0.00719	0.00898	0.00704	0.01009	0.00665	0.00580	0.01883	0.03583	0.68213	0.01459	0.01288	0.00935	0.00490	0.00388	0.00127	0.00344	0.00385	0.00466	0.00658
38	0.05948	0.06939	0.17674	0.03884	0.13521	0.28354	0.03083	0.10540	0.02741	0.01363	0.00758	0.00915	0.00602	0.00419	0.00379	0.00119	0.00580	0.01392	0.00231	0.00558
39	0.04659	0.01069	0.08300	0.01071	0.03242	0.08092	0.00908	0.01097	0.00719	0.02248	0.00614	0.00907	0.00561	0.00657	0.01930	0.00167	0.60417	0.00343	0.02529	0.00471
40	0.00507	0.00360	0.00474	0.00562	0.00584	0.00338	0.00371	0.00573	0.00772	0.01029	0.02191	0.79219	0.02625	0.07496	0.00639	0.00184	0.00250	0.01125	0.00371	0.00327
41	0.44976	0.23375	0.03276	0.00738	0.02675	0.16851	0.00623	0.01298	0.00831	0.01429	0.00592	0.00691	0.00488	0.00381	0.00285	0.00113	0.00441	0.00235	0.00222	0.00481
42	0.00528	0.00419	0.00443	0.00442	0.00574	0.00355	0.00329	0.00636	0.00946	0.03266	0.09082	0.09716	0.69780	0.01031	0.00486	0.00140	0.00213	0.00868	0.00389	0.00357
43	0.01018	0.07138	0.35743	0.01222	0.09865	0.15176	0.05826	0.01484	0.14489	0.01299	0.00934	0.01026	0.02122	0.00427	0.00392	0.00124	0.00557	0.00345	0.00229	0.00583
44	0.00746	0.00547	0.00655	0.00624	0.02267	0.00541	0.00467	0.08403	0.09048	0.04080	0.39362	0.08666	0.16554	0.00830	0.00469	0.00135	0.00253	0.03653	0.02256	0.00445

[dist]
# distance from previous block
# <min> <max>
1	2

[block]
# block no. 1 follows, 65 sequences, length 6
# corresponding to MSA columns:
# 324-329
name=unknown_B
#
# <colnr> <probs for GDERKNQSTAVLIFYWHMCP>
#	G	D	E	R	K	N	Q	S	T	A	V	L	I	F	Y	W	H	M	C	P
0	0.01105	0.04033	0.00935	0.02370	0.01005	0.27330	0.02160	0.10304	0.05019	0.01403	0.05318	0.01538	0.04539	0.00555	0.00419	0.00119	0.03839	0.05834	0.21703	0.00472
1	0.00767	0.00575	0.04890	0.00696	0.04240	0.00528	0.00512	0.06391	0.05093	0.01095	0.08560	0.01721	0.06710	0.04293	0.05792	0.44746	0.00399	0.02405	0.00256	0.00330
2	0.05746	0.00829	0.03094	0.00811	0.01077	0.04052	0.05258	0.08750	0.13721	0.32858	0.12234	0.01731	0.01412	0.00579	0.00427	0.00133	0.00376	0.05898	0.00419	0.00595
3	0.08047	0.00765	0.05297	0.00713	0.00996	0.00628	0.05170	0.06505	0.00936	0.04186	0.04062	0.15924	0.03738	0.00578	0.00385	0.00108	0.00339	0.03092	0.00299	0.38234
4	0.03679	0.05141	0.02782	0.33408	0.19798	0.00932	0.00973	0.07722	0.00935	0.05471	0.00821	0.01094	0.00654	0.02984	0.04342	0.00157	0.02827	0.00358	0.00231	0.05692
5	0.00980	0.00932	0.01559	0.10048	0.68798	0.00934	0.01185	0.01222	0.00917	0.01313	0.00765	0.01010	0.00637	0.00365	0.00398	0.00118	0.00478	0.00356	0.00205	0.07780

[dist]
# distance from previous block
# <min> <max>
0	1

[block]
# block no. 2 follows, 65 sequences, length 74
# corresponding to MSA columns:
# 331-341,343-405
name=unknown_C
#
# <colnr> <probs for GDERKNQSTAVLIFYWHMCP>
#	G	D	E	R	K	N	Q	S	T	A	V	L	I	F	Y	W	H	M	C	P
0	0.02442	0.00753	0.00939	0.00712	0.01030	0.00668	0.00581	0.08615	0.01079	0.38538	0.01155	0.01128	0.00806	0.00495	0.02357	0.00116	0.03585	0.00340	0.00375	0.34289
1	0.00826	0.03510	0.11989	0.00863	0.02907	0.04665	0.01766	0.05083	0.08067	0.01292	0.11975	0.05875	0.15094	0.00822	0.04649	0.00168	0.19149	0.00533	0.00294	0.00475
2	0.00883	0.00853	0.01267	0.04110	0.23993	0.01056	0.00929	0.01016	0.00737	0.01083	0.00875	0.01237	0.05529	0.06227	0.01051	0.00174	0.47882	0.00407	0.00203	0.00486
3	0.00931	0.23595	0.46434	0.06343	0.03222	0.03781	0.05053	0.01305	0.03513	0.01203	0.00725	0.00859	0.00555	0.00385	0.00364	0.00119	0.00556	0.00299	0.00186	0.00572
4	0.00781	0.00735	0.01241	0.82704	0.04668	0.00913	0.01143	0.01054	0.00823	0.01056	0.00731	0.01093	0.00550	0.00409	0.00410	0.00136	0.00546	0.00365	0.00183	0.00460
5	0.00630	0.00460	0.00646	0.01777	0.00716	0.00515	0.00494	0.00684	0.00699	0.00961	0.01458	0.27526	0.02519	0.07168	0.18478	0.15900	0.10983	0.07783	0.00274	0.00327
6	0.01063	0.00898	0.00949	0.00839	0.01078	0.01032	0.00657	0.09557	0.73226	0.01797	0.03168	0.01510	0.01252	0.00556	0.00418	0.00138	0.00334	0.00461	0.00418	0.00649
7	0.00529	0.00386	0.00497	0.00536	0.00598	0.00355	0.00377	0.00649	0.00940	0.01276	0.32387	0.47022	0.10735	0.01097	0.00505	0.00150	0.00219	0.00981	0.00407	0.00355
8	0.00500	0.00357	0.00476	0.00572	0.00595	0.00333	0.00381	0.00572	0.00786	0.01048	0.02262	0.85306	0.02715	0.01286	0.00524	0.00167	0.00238	0.01167	0.00381	0.00333
9	0.00957	0.00915	0.01559	0.22709	0.63287	0.00960	0.01230	0.01208	0.00907	0.01269	0.00762	0.01035	0.00625	0.00377	0.00407	0.00126	0.00502	0.00366	0.00198	0.00602
10	0.01444	0.01037	0.01107	0.00862	0.01156	0.01142	0.00708	0.69817	0.01773	0.02432	0.01037	0.01065	0.00750	0.00491	0.00393	0.00119	0.00414	0.00371	0.13229	0.00652
11	0.00793	0.00498	0.00656	0.03645	0.03990	0.00456	0.00469	0.00967	0.01096	0.14930	0.46928	0.02824	0.19558	0.00792	0.00467	0.00131	0.00247	0.00685	0.00427	0.00443
12	0.00866	0.00847	0.01178	0.01017	0.01019	0.01170	0.00837	0.00950	0.00627	0.00972	0.00613	0.01059	0.00627	0.07635	0.03338	0.00208	0.76039	0.00380	0.00186	0.00431
13	0.00533	0.00418	0.00482	0.00466	0.00584	0.00367	0.00350	0.00682	0.01049	0.01378	0.43558	0.03507	0.43279	0.00939	0.00485	0.00134	0.00201	0.00804	0.00417	0.00367
14	0.00756	0.00684	0.00959	0.00924	0.05066	0.02323	0.00703	0.00878	0.00681	0.01001	0.03115	0.01350	0.00891	0.05043	0.38148	0.00397	0.36044	0.00414	0.00210	0.00413
15	0.01043	0.00956	0.01604	0.07588	0.73054	0.00967	0.01218	0.03481	0.00963	0.04017	0.00803	0.01032	0.00657	0.00377	0.00407	0.00123	0.00486	0.00367	0.00217	0.00641
16	0.00998	0.00958	0.01631	0.08052	0.76356	0.00975	0.01246	0.01241	0.00922	0.01316	0.00766	0.01019	0.00642	0.00374	0.00421	0.00124	0.01758	0.00366	0.00201	0.00634
17	0.00899	0.00832	0.01129	0.00977	0.01001	0.02270	0.00808	0.01004	0.00674	0.02935	0.00676	0.01008	0.00627	0.00805	0.05413	0.00193	0.68774	0.00366	0.09164	0.00444
18	0.03941	0.00725	0.01191	0.63349	0.06284	0.00874	0.03429	0.01030	0.00820	0.01101	0.00871	0.05812	0.00754	0.01722	0.00474	0.00145	0.03250	0.03569	0.00206	0.00455
19	0.00629	0.00436	0.00568	0.00529	0.00635	0.00405	0.00399	0.00838	0.02533	0.04297	0.78791	0.02986	0.03736	0.00824	0.00481	0.00129	0.00201	0.00727	0.00453	0.00402
20	0.00985	0.01108	0.02389	0.01709	0.02121	0.01045	0.79302	0.03524	0.00995	0.01350	0.00835	0.01104	0.00625	0.00350	0.00482	0.00138	0.00685	0.00481	0.00213	0.00558
21	0.00586	0.00440	0.00660	0.00660	0.00733	0.00513	0.00513	0.00733	0.00660	0.00953	0.01100	0.01613	0.01026	0.03079	0.83947	0.00660	0.01100	0.00440	0.00220	0.00367
22	0.00823	0.02123	0.83447	0.01170	0.01777	0.00953	0.01517	0.01300	0.00867	0.01300	0.00737	0.00867	0.00520	0.00390	0.00390	0.00130	0.00607	0.00303	0.00173	0.00607
23	0.00680	0.00501	0.00615	0.03216	0.02001	0.00494	0.00456	0.00930	0.09581	0.04949	0.25976	0.02979	0.23728	0.10078	0.05275	0.00196	0.00321	0.07237	0.00379	0.00407
24	0.00775	0.00730	0.01231	0.84587	0.02827	0.00912	0.01140	0.01049	0.00821	0.01049	0.00730	0.01094	0.00547	0.00410	0.00410	0.00137	0.00547	0.00365	0.00182	0.00456
25	0.01042	0.00925	0.00938	0.00844	0.01076	0.04374	0.00656	0.02159	0.78991	0.01688	0.01629	0.01499	0.01224	0.00551	0.00416	0.00138	0.00342	0.00456	0.00409	0.00643
26	0.00618	0.00482	0.00714	0.00697	0.00762	0.00580	0.00547	0.00753	0.00654	0.00952	0.01039	0.01538	0.00974	0.02824	0.74574	0.02276	0.08999	0.00431	0.00215	0.00371
27	0.00624	0.00461	0.00613	0.00630	0.03228	0.00509	0.00418	0.00692	0.00633	0.00884	0.01160	0.02125	0.01235	0.46816	0.32950	0.00476	0.05480	0.00517	0.00232	0.00318
28	0.02249	0.00801	0.01166	0.53343	0.05407	0.03435	0.00990	0.05648	0.06574	0.04867	0.00887	0.03382	0.00701	0.00556	0.03177	0.00154	0.05540	0.00393	0.00235	0.00495
29	0.00672	0.00465	0.00616	0.00630	0.03567	0.00503	0.00412	0.00722	0.00643	0.03500	0.01158	0.02110	0.01222	0.47628	0.24593	0.05230	0.05261	0.00513	0.00240	0.00317
30	0.00631	0.00434	0.00564	0.00607	0.00701	0.00406	0.00478	0.00773	0.00946	0.05190	0.15331	0.25684	0.16940	0.01081	0.00520	0.00162	0.00280	0.28497	0.00397	0.00377
31	0.01126	0.14983	0.02684	0.01211	0.04358	0.22692	0.21617	0.03010	0.03541	0.01148	0.00740	0.02848	0.00636	0.00473	0.00581	0.00129	0.17131	0.00366	0.00212	0.00514
32	0.00573	0.00393	0.00477	0.00505	0.00519	0.00391	0.00315	0.00608	0.00663	0.00887	0.01566	0.24391	0.01813	0.55094	0.06973	0.00347	0.00401	0.03514	0.00286	0.00283
33	0.00864	0.02459	0.07995	0.01143	0.08621	0.03195	0.08981	0.02242	0.00784	0.02007	0.01808	0.14880	0.01011	0.05788	0.00926	0.00171	0.35908	0.00514	0.00232	0.00468
34	0.00954	0.00945	0.01416	0.25436	0.38636	0.07331	0.03174	0.01173	0.00875	0.01179	0.00752	0.01062	0.00630	0.02429	0.01709	0.00145	0.09618	0.00367	0.01629	0.00540
35	0.00509	0.00364	0.00487	0.00582	0.00610	0.00341	0.00397	0.00588	0.00795	0.01058	0.02257	0.80621	0.02694	0.01277	0.00526	0.00168	0.00246	0.05760	0.00381	0.00336
36	0.01021	0.00882	0.00928	0.00835	0.01067	0.01021	0.00650	0.02181	0.82272	0.01717	0.01671	0.01532	0.01253	0.00557	0.00418	0.00139	0.00325	0.00464	0.00418	0.00650
37	0.75635	0.00900	0.05545	0.00659	0.00946	0.00940	0.05377	0.03531	0.00760	0.01800	0.00609	0.00714	0.00467	0.00383	0.00280	0.00128	0.00361	0.00247	0.00251	0.00468
38	0.01560	0.01150	0.01232	0.00944	0.01273	0.01273	0.00780	0.81645	0.01930	0.02587	0.00986	0.00986	0.00698	0.00493	0.00411	0.00123	0.00452	0.00370	0.00411	0.00698
39	0.01021	0.00882	0.00928	0.00835	0.01067	0.01021	0.00650	0.02181	0.82272	0.01717	0.01671	0.01532	0.01253	0.00557	0.00418	0.00139	0.00325	0.00464	0.00418	0.00650
40	0.01381	0.00584	0.00772	0.00654	0.00874	0.00521	0.00514	0.01542	0.02615	0.52559	0.01739	0.21259	0.01427	0.00689	0.00424	0.00133	0.00304	0.00589	0.10847	0.00574
41	0.01096	0.72253	0.09537	0.00765	0.01133	0.02682	0.00784	0.04674	0.00886	0.01066	0.00604	0.00696	0.00534	0.00367	0.00297	0.00095	0.01570	0.00236	0.00186	0.00540
42	0.01021	0.00882	0.00928	0.00835	0.01067	0.01021	0.00650	0.02181	0.82272	0.01717	0.01671	0.01532	0.01253	0.00557	0.00418	0.00139	0.00325	0.00464	0.00418	0.00650
43	0.00578	0.00401	0.00495	0.00508	0.00531	0.00410	0.00324	0.00624	0.00657	0.00889	0.03337	0.14624	0.03226	0.53540	0.17733	0.00404	0.00503	0.00659	0.00270	0.00289
44	0.00500	0.00357	0.00476	0.00572	0.00595	0.00333	0.00381	0.00572	0.00786	0.01048	0.02262	0.85306	0.02715	0.01286	0.00524	0.00167	0.00238	0.01167	0.00381	0.00333
45	0.00823	0.02123	0.83447	0.01170	0.01777	0.00953	0.01517	0.01300	0.00867	0.01300	0.00737	0.00867	0.00520	0.00390	0.00390	0.00130	0.00607	0.00303	0.00173	0.00607
46	0.00586	0.00440	0.00660	0.00660	0.00733	0.00513	0.00513	0.00733	0.00660	0.00953	0.01100	0.01613	0.01026	0.03079	0.83947	0.00660	0.01100	0.00440	0.00220	0.00367
47	0.00501	0.00411	0.00442	0.00453	0.00574	0.00353	0.00338	0.00612	0.00938	0.01152	0.10693	0.13289	0.64178	0.01054	0.00492	0.00143	0.00216	0.03425	0.00387	0.00350
48	0.00898	0.01605	0.42083	0.01456	0.01965	0.00997	0.42360	0.01308	0.00919	0.01308	0.00785	0.00989	0.00572	0.00368	0.00438	0.00134	0.00650	0.00396	0.00191	0.00580
49	0.00775	0.00730	0.01231	0.84587	0.02827	0.00912	0.01140	0.01049	0.00821	0.01049	0.00730	0.01094	0.00547	0.00410	0.00410	0.00137	0.00547	0.00365	0.00182	0.00456
50	0.01480	0.01867	0.01127	0.01030	0.01232	0.79015	0.00772	0.01585	0.01139	0.01004	0.00697	0.00907	0.00609	0.03161	0.00430	0.00117	0.00720	0.02426	0.00217	0.00466
51	0.00499	0.00360	0.00474	0.00565	0.00594	0.00334	0.00378	0.00572	0.00792	0.01050	0.02342	0.81873	0.06096	0.01276	0.00522	0.00166	0.00237	0.01154	0.00381	0.00334
52	0.00851	0.00730	0.00851	0.00608	0.00973	0.00547	0.00486	0.01034	0.00851	0.01338	0.00730	0.00851	0.00608	0.00304	0.00304	0.00061	0.00304	0.00243	0.00243	0.88083
53	0.00823	0.02123	0.83447	0.01170	0.01777	0.00953	0.01517	0.01300	0.00867	0.01300	0.00737	0.00867	0.00520	0.00390	0.00390	0.00130	0.00607	0.00303	0.00173	0.00607
54	0.88473	0.00794	0.00603	0.00540	0.00794	0.00921	0.00445	0.01207	0.00699	0.01842	0.00572	0.00667	0.00445	0.00381	0.00254	0.00127	0.00318	0.00222	0.00254	0.00445
55	0.00623	0.00442	0.00551	0.00522	0.00626	0.00423	0.00392	0.00871	0.05983	0.01619	0.66944	0.04552	0.04493	0.00798	0.00461	0.00127	0.00202	0.00700	0.09271	0.00401
56	0.10176	0.00788	0.00951	0.00742	0.01051	0.03355	0.00610	0.09037	0.01196	0.65581	0.01430	0.01269	0.00917	0.00492	0.00396	0.00126	0.00368	0.00386	0.00465	0.00667
57	0.00581	0.00415	0.00569	0.00664	0.00723	0.00403	0.00522	0.00712	0.00866	0.01139	0.02218	0.44812	0.02538	0.01210	0.00546	0.00178	0.00308	0.40861	0.00380	0.00356
58	0.01022	0.01006	0.01639	0.05363	0.72499	0.04649	0.04088	0.01262	0.00940	0.01311	0.00787	0.02139	0.00668	0.00382	0.00409	0.00123	0.00505	0.00376	0.00205	0.00628
59	0.00942	0.00520	0.00677	0.00589	0.00753	0.00479	0.00458	0.02382	0.04027	0.23165	0.55978	0.02556	0.04311	0.00740	0.00462	0.00129	0.00243	0.00642	0.00464	0.00483
60	0.01072	0.00875	0.00929	0.00823	0.01059	0.01001	0.00644	0.07236	0.71609	0.04344	0.01613	0.01492	0.01203	0.00548	0.00412	0.00136	0.00329	0.00453	0.03577	0.00645
61	0.00977	0.00929	0.01568	0.12390	0.69087	0.00955	0.01214	0.01244	0.02792	0.01311	0.00827	0.01139	0.00700	0.00397	0.00412	0.00126	0.00488	0.02614	0.00211	0.00619
62	0.00656	0.00475	0.00585	0.00547	0.00669	0.00455	0.00414	0.00929	0.09144	0.04500	0.57695	0.04122	0.14166	0.00895	0.02792	0.00147	0.00240	0.00718	0.00433	0.00418
63	0.02299	0.01770	0.61668	0.04134	0.03899	0.00911	0.01314	0.04850	0.00947	0.11456	0.00883	0.02552	0.00634	0.00426	0.00395	0.00130	0.00551	0.00339	0.00231	0.00610
64	0.00580	0.00398	0.00493	0.00540	0.00616	0.00366	0.00393	0.00694	0.00884	0.03388	0.09988	0.43498	0.18852	0.01087	0.00492	0.00152	0.00240	0.08776	0.08201	0.00360
65	0.00890	0.01334	0.25802	0.01455	0.03043	0.00963	0.47281	0.01258	0.02049	0.01300	0.02781	0.05872	0.00794	0.00437	0.00480	0.00138	0.02883	0.00471	0.00215	0.00553
66	0.01031	0.03031	0.10518	0.08817	0.23707	0.04313	0.08864	0.02544	0.04512	0.08681	0.00905	0.02955	0.00715	0.00405	0.00392	0.00115	0.00475	0.00366	0.00250	0.17405
67	0.00530	0.00400	0.00509	0.00593	0.03062	0.00369	0.00398	0.00622	0.00841	0.01095	0.06671	0.51144	0.21076	0.06043	0.00602	0.00171	0.00253	0.04903	0.00372	0.00346
68	0.00838	0.00716	0.00837	0.00607	0.00959	0.00539	0.00482	0.01016	0.00849	0.01327	0.00787	0.04019	0.00687	0.00341	0.00312	0.00065	0.00302	0.00278	0.00248	0.84792
69	0.00991	0.21678	0.51792	0.01041	0.02896	0.01125	0.01212	0.08652	0.00967	0.03915	0.00749	0.00847	0.00557	0.00392	0.00362	0.00118	0.00539	0.00293	0.00207	0.01666
70	0.01025	0.00882	0.01165	0.00986	0.01067	0.01144	0.00814	0.13793	0.03208	0.05483	0.00757	0.01050	0.00667	0.02795	0.07287	0.00208	0.56552	0.00378	0.00244	0.00496
71	0.00510	0.00384	0.00468	0.00516	0.00582	0.00347	0.00358	0.00606	0.00876	0.01142	0.14003	0.48114	0.25869	0.03552	0.00552	0.00160	0.00228	0.01005	0.00387	0.00342
72	0.01011	0.00935	0.05362	0.16305	0.18353	0.04071	0.05333	0.10178	0.13449	0.05597	0.10957	0.04403	0.01199	0.00517	0.00425	0.00131	0.00445	0.00457	0.00306	0.00565
73	0.01047	0.01835	0.05490	0.00934	0.03591	0.00797	0.12945	0.09475	0.11256	0.09216	0.05240	0.01159	0.00904	0.00415	0.00383	0.00104	0.00402	0.00369	0.00307	0.34131

[dist]
# distance from previous block
# <min> <max>
0	21

# created by:
# /st0/software/busco_prod/Augustus/scripts/msa2prfl.pl ./align_prep/143253.fa
