[name]
unknown

[dist]
# distance from previous block
# <min> <max>
0	13

[block]
# block no. 0 follows, 65 sequences, length 23
# corresponding to MSA columns:
# 13-35
name=unknown_A
#
# <colnr> <probs for GDERKNQSTAVLIFYWHMCP>
#	G	D	E	R	K	N	Q	S	T	A	V	L	I	F	Y	W	H	M	C	P
0	0.00661	0.00472	0.00661	0.00756	0.00850	0.00472	0.00661	0.00850	0.00945	0.01228	0.02173	0.04630	0.02362	0.01134	0.00567	0.00189	0.00378	0.80250	0.00378	0.00378
1	0.03644	0.55748	0.16911	0.00830	0.01201	0.09377	0.00856	0.01300	0.02942	0.01076	0.00635	0.00733	0.00542	0.00380	0.00325	0.00102	0.02427	0.00249	0.00187	0.00536
2	0.00835	0.00716	0.00832	0.00600	0.00954	0.00538	0.00479	0.01014	0.00855	0.01328	0.00881	0.00988	0.04234	0.00336	0.00312	0.00064	0.00300	0.00271	0.00249	0.84215
3	0.01287	0.16423	0.08862	0.00781	0.01077	0.02784	0.00708	0.15043	0.04357	0.25081	0.01125	0.01180	0.00830	0.02419	0.07779	0.00170	0.01977	0.00362	0.07171	0.00584
4	0.00813	0.05472	0.68817	0.01097	0.02988	0.00925	0.01346	0.01251	0.02343	0.01305	0.05476	0.01132	0.04378	0.00445	0.00395	0.00129	0.00552	0.00353	0.00203	0.00581
5	0.00538	0.00442	0.00478	0.00477	0.00592	0.02092	0.00352	0.00665	0.00993	0.01263	0.27773	0.12650	0.48240	0.00993	0.00487	0.00138	0.00218	0.00850	0.00399	0.00360
6	0.00815	0.02068	0.80756	0.01149	0.01739	0.00935	0.01480	0.01283	0.00876	0.01311	0.03401	0.00938	0.00629	0.00405	0.00393	0.00130	0.00593	0.00318	0.00182	0.00600
7	0.00596	0.00402	0.00466	0.00466	0.00473	0.00408	0.00272	0.00609	0.00602	0.00810	0.01276	0.02592	0.01451	0.78341	0.09267	0.00421	0.00459	0.00583	0.00246	0.00259
8	0.00505	0.00388	0.00458	0.00509	0.00586	0.00346	0.00361	0.00590	0.00853	0.01074	0.03067	0.43593	0.38415	0.01173	0.00535	0.02331	0.00233	0.04268	0.00376	0.00337
9	0.48216	0.03258	0.00809	0.00634	0.00918	0.00823	0.00526	0.03848	0.00932	0.34926	0.01009	0.00972	0.00686	0.00435	0.00323	0.00126	0.00338	0.00304	0.00359	0.00557
10	0.00823	0.02123	0.83447	0.01170	0.01777	0.00953	0.01517	0.01300	0.00867	0.01300	0.00737	0.00867	0.00520	0.00390	0.00390	0.00130	0.00607	0.00303	0.00173	0.00607
11	0.03070	0.03004	0.07747	0.05593	0.38133	0.23204	0.08907	0.01375	0.00987	0.03085	0.00747	0.00937	0.00602	0.00386	0.00397	0.00120	0.00579	0.00340	0.00210	0.00576
12	0.02952	0.01240	0.23940	0.13922	0.10379	0.00945	0.19051	0.08121	0.03505	0.05017	0.02879	0.01100	0.00722	0.00414	0.00415	0.00130	0.00538	0.00387	0.03773	0.00572
13	0.00678	0.00625	0.04328	0.07121	0.02102	0.02221	0.00577	0.02889	0.10088	0.01201	0.02121	0.32882	0.15900	0.01050	0.04752	0.00176	0.01900	0.06460	0.00340	0.02589
14	0.00585	0.00448	0.00513	0.00486	0.00616	0.00404	0.00368	0.02377	0.03052	0.02758	0.38705	0.03398	0.42960	0.00919	0.00480	0.00134	0.00212	0.00784	0.00416	0.00385
15	0.11208	0.02635	0.03949	0.00955	0.01264	0.05803	0.08022	0.38889	0.19574	0.02032	0.01042	0.01059	0.00768	0.00471	0.00396	0.00127	0.00451	0.00374	0.00353	0.00627
16	0.00500	0.00416	0.00437	0.00432	0.00564	0.00353	0.00324	0.00618	0.00971	0.01193	0.16487	0.03812	0.70466	0.01008	0.00485	0.00137	0.00206	0.00847	0.00392	0.00353
17	0.00530	0.00428	0.00473	0.00460	0.00587	0.00376	0.00346	0.00690	0.02937	0.01306	0.30823	0.03593	0.54080	0.00960	0.00483	0.00135	0.00206	0.00815	0.00406	0.00368
18	0.00881	0.00747	0.00867	0.00622	0.00986	0.00578	0.00499	0.04463	0.00897	0.01391	0.00740	0.00857	0.00612	0.00312	0.00309	0.00063	0.00310	0.00249	0.00250	0.84366
19	0.01321	0.01531	0.01204	0.03939	0.14876	0.50758	0.00853	0.04397	0.10915	0.01205	0.00846	0.03456	0.00709	0.00462	0.00404	0.00117	0.01891	0.00341	0.00246	0.00528
20	0.00606	0.00413	0.00461	0.00458	0.00470	0.00415	0.00263	0.00645	0.03072	0.00833	0.01389	0.02688	0.03873	0.80527	0.01992	0.00383	0.00390	0.00601	0.00258	0.00264
21	0.01460	0.01508	0.01162	0.00991	0.01240	0.42083	0.00774	0.29812	0.11325	0.01647	0.00881	0.00928	0.00677	0.00473	0.00422	0.00118	0.03289	0.00329	0.00306	0.00574
22	0.00949	0.13102	0.01004	0.00712	0.00851	0.04635	0.00559	0.15084	0.00938	0.03087	0.01101	0.05346	0.02822	0.25901	0.07591	0.00250	0.12089	0.00462	0.03082	0.00436

[dist]
# distance from previous block
# <min> <max>
1	2

[block]
# block no. 1 follows, 65 sequences, length 55
# corresponding to MSA columns:
# 38-92
name=unknown_B
#
# <colnr> <probs for GDERKNQSTAVLIFYWHMCP>
#	G	D	E	R	K	N	Q	S	T	A	V	L	I	F	Y	W	H	M	C	P
0	0.00949	0.00700	0.02070	0.05638	0.12698	0.00666	0.03264	0.03395	0.05419	0.13677	0.19833	0.03147	0.05718	0.00677	0.02757	0.00141	0.02386	0.05052	0.00348	0.11465
1	0.00521	0.00434	0.00458	0.00462	0.00590	0.00383	0.00342	0.00682	0.05252	0.01165	0.08315	0.13387	0.64509	0.01032	0.00486	0.00141	0.00217	0.00873	0.00387	0.00363
2	0.00836	0.00747	0.01062	0.00966	0.03218	0.00988	0.00767	0.00946	0.00664	0.03846	0.00766	0.01181	0.00728	0.04303	0.24490	0.00318	0.53141	0.00392	0.00205	0.00433
3	0.00505	0.00359	0.00475	0.00565	0.00588	0.00337	0.00374	0.00573	0.00776	0.01034	0.02211	0.80916	0.02650	0.05764	0.00607	0.00179	0.00247	0.01137	0.00374	0.00329
4	0.00485	0.00416	0.00416	0.00416	0.00554	0.00347	0.00312	0.00589	0.00936	0.01109	0.04158	0.03950	0.82847	0.01040	0.00485	0.00139	0.00208	0.00866	0.00381	0.00347
5	0.07377	0.00979	0.01087	0.00901	0.03976	0.01073	0.02312	0.53105	0.05872	0.04766	0.01047	0.01092	0.00768	0.00568	0.03243	0.00140	0.00431	0.00372	0.10263	0.00627
6	0.84394	0.00848	0.00630	0.00564	0.00816	0.04816	0.00461	0.01227	0.00720	0.01802	0.00575	0.00670	0.00449	0.00383	0.00259	0.00126	0.00337	0.00224	0.00252	0.00446
7	0.01243	0.29752	0.13183	0.00871	0.01235	0.04152	0.00832	0.27991	0.08141	0.04908	0.00874	0.00909	0.00666	0.00428	0.00354	0.00111	0.00460	0.00312	0.00290	0.03288
8	0.00545	0.00412	0.00483	0.00475	0.00567	0.00374	0.00340	0.00667	0.00957	0.01267	0.34995	0.07661	0.32024	0.14539	0.02736	0.00190	0.00255	0.00779	0.00384	0.00347
9	0.86063	0.00830	0.02882	0.00557	0.00821	0.00922	0.00474	0.01209	0.00703	0.01827	0.00576	0.00672	0.00447	0.00381	0.00258	0.00127	0.00325	0.00225	0.00252	0.00449
10	0.00851	0.00730	0.00851	0.00608	0.00973	0.00547	0.00486	0.01034	0.00851	0.01338	0.00730	0.00851	0.00608	0.00304	0.00304	0.00061	0.00304	0.00243	0.00243	0.88083
11	0.00597	0.00398	0.00448	0.00448	0.00448	0.00398	0.00249	0.00597	0.00597	0.00796	0.01293	0.02686	0.01492	0.85574	0.02089	0.00398	0.00398	0.00597	0.00249	0.00249
12	0.00786	0.00741	0.01252	0.80736	0.06590	0.00915	0.01146	0.01059	0.00826	0.01063	0.00732	0.01091	0.00552	0.00408	0.00410	0.00136	0.00544	0.00365	0.00183	0.00465
13	0.07639	0.00707	0.00926	0.00722	0.01029	0.00633	0.00597	0.03299	0.01150	0.74146	0.01553	0.01430	0.01009	0.00516	0.00406	0.00129	0.00350	0.02601	0.00486	0.00673
14	0.75661	0.00854	0.00686	0.00599	0.00859	0.02475	0.00491	0.09463	0.03016	0.01899	0.00644	0.00724	0.00494	0.00398	0.00277	0.00127	0.00339	0.00245	0.00274	0.00477
15	0.00545	0.00423	0.00563	0.00593	0.00667	0.00394	0.03614	0.00668	0.03072	0.01099	0.04356	0.52555	0.19404	0.05477	0.00593	0.00171	0.00266	0.04816	0.00370	0.00353
16	0.00860	0.00743	0.00887	0.00640	0.01001	0.00574	0.02206	0.01079	0.03687	0.01350	0.00764	0.00880	0.00631	0.00314	0.00312	0.00065	0.00313	0.00256	0.00249	0.83189
17	0.00635	0.00460	0.00597	0.00589	0.00692	0.00443	0.01814	0.00869	0.06763	0.02637	0.41143	0.18782	0.07626	0.00919	0.00486	0.00143	0.00244	0.10023	0.04737	0.00399
18	0.03411	0.00998	0.01264	0.09993	0.25790	0.13609	0.04138	0.02535	0.03912	0.01214	0.03599	0.01181	0.01808	0.03578	0.06817	0.00180	0.13086	0.00384	0.00226	0.02278
19	0.00572	0.00419	0.00537	0.00507	0.00608	0.00384	0.00381	0.00758	0.01142	0.01598	0.75779	0.03145	0.10921	0.00857	0.00484	0.00130	0.00195	0.00753	0.00446	0.00384
20	0.00851	0.00730	0.00851	0.00608	0.00973	0.00547	0.00486	0.01034	0.00851	0.01338	0.00730	0.00851	0.00608	0.00304	0.00304	0.00061	0.00304	0.00243	0.00243	0.88083
21	0.00494	0.00383	0.00450	0.00504	0.00578	0.00339	0.00351	0.00579	0.00851	0.01074	0.03081	0.50193	0.37300	0.01180	0.00507	0.00155	0.00225	0.01037	0.00381	0.00339
22	0.00713	0.00357	0.00535	0.00535	0.00535	0.00357	0.00357	0.00535	0.00535	0.00713	0.00713	0.01248	0.00713	0.01426	0.01604	0.88057	0.00357	0.00357	0.00178	0.00178
23	0.00539	0.00388	0.00513	0.00579	0.00630	0.00365	0.00416	0.00650	0.00880	0.01182	0.17498	0.54351	0.05326	0.02963	0.00554	0.00167	0.00252	0.12008	0.00391	0.00348
24	0.12695	0.00711	0.00909	0.00706	0.01016	0.00643	0.00583	0.01901	0.01115	0.73093	0.01488	0.01306	0.00945	0.00492	0.00393	0.00127	0.00345	0.00389	0.00476	0.00667
25	0.00565	0.00449	0.00544	0.04976	0.00735	0.00424	0.00419	0.00754	0.04786	0.01300	0.28431	0.15795	0.34365	0.00961	0.00487	0.00142	0.00238	0.03855	0.00395	0.00379
26	0.01181	0.07145	0.01224	0.00989	0.01162	0.31970	0.04469	0.09234	0.02380	0.01213	0.00847	0.01234	0.00765	0.00676	0.04355	0.00157	0.20286	0.07444	0.02782	0.00485
27	0.00508	0.00363	0.00485	0.00580	0.00607	0.00340	0.00394	0.00585	0.00793	0.01056	0.02258	0.81521	0.02698	0.01279	0.00526	0.00168	0.00245	0.04878	0.00381	0.00336
28	0.00932	0.00890	0.01515	0.31120	0.55069	0.00953	0.01218	0.01186	0.00895	0.01239	0.00757	0.01043	0.00614	0.00381	0.00408	0.00127	0.00508	0.00365	0.00196	0.00583
29	0.00942	0.01010	0.02055	0.13775	0.17920	0.00992	0.52126	0.01253	0.00940	0.01279	0.00842	0.01185	0.00665	0.00381	0.00461	0.00136	0.00623	0.02653	0.00208	0.00553
30	0.00933	0.00991	0.01985	0.21284	0.19273	0.00995	0.45872	0.01241	0.00927	0.01258	0.00795	0.01085	0.00611	0.00365	0.00451	0.00135	0.00615	0.00432	0.00201	0.00551
31	0.00946	0.01086	0.04586	0.06012	0.07162	0.01019	0.65448	0.01270	0.00940	0.01285	0.00837	0.02771	0.00656	0.00384	0.00505	0.00139	0.03722	0.00475	0.00207	0.00548
32	0.00999	0.00954	0.01611	0.05807	0.68995	0.00976	0.03995	0.02624	0.02874	0.01338	0.00800	0.01047	0.00667	0.00456	0.02671	0.00140	0.02835	0.00374	0.00211	0.00626
33	0.00765	0.00383	0.00383	0.00383	0.00478	0.00383	0.00287	0.00956	0.00861	0.01530	0.01339	0.01530	0.01052	0.00478	0.00287	0.00096	0.00191	0.00383	0.87853	0.00383
34	0.00843	0.00798	0.01255	0.53922	0.16592	0.02368	0.01072	0.01145	0.05957	0.01149	0.02477	0.03460	0.00736	0.00465	0.00476	0.00137	0.06040	0.00399	0.00212	0.00497
35	0.00493	0.00410	0.00430	0.00437	0.00562	0.00348	0.00324	0.00600	0.00936	0.01138	0.09134	0.11762	0.69914	0.01050	0.00489	0.00141	0.00210	0.00887	0.00386	0.00348
36	0.00591	0.00480	0.00698	0.00626	0.00755	0.00438	0.08290	0.00766	0.01045	0.01418	0.46476	0.12694	0.20157	0.00894	0.00491	0.00138	0.00256	0.02994	0.00403	0.00388
37	0.04536	0.00793	0.00903	0.00734	0.01804	0.07209	0.03698	0.02955	0.05311	0.23214	0.02672	0.08277	0.02738	0.00507	0.00377	0.00107	0.00357	0.00421	0.04992	0.28394
38	0.00868	0.00794	0.01131	0.00831	0.02217	0.00643	0.14424	0.01077	0.00868	0.01324	0.00770	0.02270	0.00644	0.00334	0.00354	0.00078	0.01550	0.00303	0.00238	0.69281
39	0.02761	0.33975	0.31991	0.00899	0.01312	0.03487	0.00984	0.06339	0.07655	0.01284	0.02326	0.02699	0.00714	0.01497	0.00368	0.00118	0.00489	0.00316	0.00222	0.00564
40	0.00713	0.00357	0.00535	0.00535	0.00535	0.00357	0.00357	0.00535	0.00535	0.00713	0.00713	0.01248	0.00713	0.01426	0.01604	0.88057	0.00357	0.00357	0.00178	0.00178
41	0.00639	0.00460	0.00634	0.00724	0.00814	0.00454	0.00620	0.00814	0.00931	0.01207	0.02274	0.11670	0.06170	0.01143	0.00559	0.00185	0.00358	0.69594	0.00378	0.00373
42	0.01145	0.58920	0.12322	0.00834	0.01196	0.14099	0.02137	0.01321	0.00899	0.02986	0.00631	0.00722	0.00539	0.00371	0.00303	0.00098	0.00508	0.00246	0.00189	0.00534
43	0.00694	0.00510	0.01575	0.06291	0.00854	0.00470	0.00491	0.00895	0.04202	0.06917	0.29004	0.16225	0.16552	0.00870	0.00473	0.00138	0.00270	0.07348	0.00390	0.05829
44	0.02845	0.32980	0.42328	0.00996	0.02723	0.04167	0.02737	0.01316	0.02387	0.03041	0.00708	0.00812	0.00550	0.00381	0.00343	0.00114	0.00532	0.00279	0.00191	0.00571
45	0.03545	0.04999	0.02626	0.03079	0.11164	0.10889	0.00682	0.06607	0.13320	0.04568	0.08353	0.21515	0.04176	0.00706	0.00445	0.00135	0.01758	0.00598	0.00331	0.00505
46	0.00500	0.00357	0.00476	0.00572	0.00595	0.00333	0.00381	0.00572	0.00786	0.01048	0.02262	0.85306	0.02715	0.01286	0.00524	0.00167	0.00238	0.01167	0.00381	0.00333
47	0.00986	0.03255	0.56228	0.01140	0.02738	0.11935	0.04165	0.05656	0.05214	0.02349	0.00851	0.00953	0.01873	0.00418	0.00393	0.00127	0.00591	0.00326	0.00213	0.00591
48	0.03335	0.14513	0.35309	0.02706	0.01488	0.11985	0.08485	0.02282	0.02711	0.07885	0.01813	0.01042	0.03831	0.00429	0.00381	0.00121	0.00549	0.00341	0.00230	0.00562
49	0.00703	0.00549	0.00755	0.08308	0.14659	0.00527	0.00582	0.00866	0.01764	0.05859	0.09932	0.15465	0.33753	0.00836	0.00459	0.00137	0.00297	0.00726	0.03392	0.00433
50	0.00974	0.00928	0.01441	0.04318	0.63117	0.05282	0.01090	0.01188	0.00938	0.02485	0.02877	0.09151	0.03424	0.00491	0.00420	0.00126	0.00462	0.00461	0.00235	0.00591
51	0.00910	0.04259	0.69492	0.03352	0.01708	0.03243	0.01386	0.01369	0.03722	0.05647	0.00808	0.00915	0.00573	0.00402	0.00389	0.00129	0.00581	0.00313	0.00201	0.00603
52	0.00976	0.10832	0.46801	0.04966	0.03068	0.08079	0.03344	0.01359	0.04341	0.05944	0.00891	0.01143	0.00701	0.00448	0.00392	0.00128	0.00557	0.05237	0.00221	0.00572
53	0.00823	0.02123	0.83447	0.01170	0.01777	0.00953	0.01517	0.01300	0.00867	0.01300	0.00737	0.00867	0.00520	0.00390	0.00390	0.00130	0.00607	0.00303	0.00173	0.00607
54	0.01005	0.00943	0.01573	0.05563	0.72297	0.00953	0.01190	0.04374	0.00981	0.01395	0.05137	0.01127	0.00819	0.00398	0.00411	0.00123	0.00473	0.00386	0.00224	0.00631

[dist]
# distance from previous block
# <min> <max>
0	1

[block]
# block no. 2 follows, 65 sequences, length 27
# corresponding to MSA columns:
# 94-120
name=unknown_C
#
# <colnr> <probs for GDERKNQSTAVLIFYWHMCP>
#	G	D	E	R	K	N	Q	S	T	A	V	L	I	F	Y	W	H	M	C	P
0	0.02813	0.00996	0.01176	0.19490	0.09533	0.17881	0.08027	0.04006	0.05323	0.07798	0.02845	0.09147	0.03043	0.00571	0.00429	0.00134	0.00504	0.05498	0.00281	0.00505
1	0.01378	0.03176	0.04163	0.00889	0.01196	0.03283	0.00749	0.62810	0.03858	0.02256	0.01284	0.04460	0.07499	0.00561	0.00416	0.00125	0.00433	0.00435	0.00388	0.00641
2	0.00966	0.00865	0.03634	0.32173	0.34382	0.00894	0.01079	0.04480	0.02249	0.06529	0.05935	0.01195	0.00843	0.00428	0.00410	0.00127	0.00477	0.00389	0.00242	0.02701
3	0.00765	0.07295	0.00793	0.00732	0.05828	0.06747	0.00492	0.03981	0.05412	0.01112	0.06162	0.22901	0.03350	0.26305	0.04697	0.00239	0.00405	0.02091	0.00302	0.00391
4	0.00597	0.00398	0.00448	0.00448	0.00448	0.00398	0.00249	0.00597	0.00597	0.00796	0.01293	0.02686	0.01492	0.85574	0.02089	0.00398	0.00398	0.00597	0.00249	0.00249
5	0.00984	0.00835	0.00880	0.00787	0.01012	0.00946	0.00614	0.07029	0.66028	0.01701	0.03740	0.01808	0.10604	0.00614	0.00426	0.00138	0.00317	0.00510	0.00414	0.00612
6	0.00985	0.01062	0.11148	0.05479	0.56512	0.00922	0.06423	0.01258	0.00948	0.04559	0.06028	0.01153	0.00849	0.00405	0.00415	0.00125	0.00493	0.00392	0.00227	0.00616
7	0.00636	0.00454	0.00632	0.00727	0.00810	0.00450	0.00617	0.00806	0.00920	0.01200	0.02188	0.17450	0.02418	0.01158	0.00560	0.00185	0.00356	0.67683	0.00378	0.00371
8	0.00872	0.00742	0.00862	0.00618	0.00981	0.00568	0.00495	0.03372	0.00882	0.01374	0.00737	0.00855	0.00611	0.00309	0.00307	0.00063	0.00308	0.00247	0.00248	0.85549
9	0.01438	0.02754	0.01147	0.00897	0.01178	0.11139	0.00729	0.58149	0.04334	0.02199	0.00984	0.01020	0.00725	0.00487	0.00410	0.00119	0.02216	0.00358	0.09087	0.00630
10	0.00995	0.17861	0.40826	0.02660	0.06156	0.13235	0.01126	0.02950	0.00920	0.01209	0.00727	0.00871	0.00570	0.00502	0.03881	0.00138	0.00588	0.00294	0.02344	0.02145
11	0.00941	0.01057	0.06439	0.02651	0.01142	0.09847	0.00896	0.01056	0.00702	0.01000	0.00606	0.00980	0.00588	0.05229	0.01206	0.00180	0.64484	0.00359	0.00186	0.00451
12	0.00588	0.00435	0.00635	0.00635	0.00700	0.00500	0.00483	0.00717	0.00652	0.00935	0.01122	0.01737	0.01080	0.12606	0.74494	0.00629	0.01018	0.00458	0.00223	0.00353
13	0.00633	0.00456	0.00616	0.00696	0.00784	0.00449	0.00589	0.00795	0.00913	0.01181	0.02301	0.09036	0.09515	0.06388	0.00652	0.00196	0.00356	0.63708	0.00370	0.00365
14	0.06434	0.21075	0.14929	0.00669	0.00933	0.00826	0.00655	0.02760	0.00991	0.01388	0.31907	0.02037	0.12604	0.00636	0.00399	0.00120	0.00337	0.00518	0.00316	0.00463
15	0.06164	0.01344	0.44347	0.00852	0.01235	0.00715	0.00982	0.01051	0.00936	0.01380	0.19896	0.01931	0.14561	0.00612	0.00422	0.00132	0.00426	0.02235	0.00279	0.00500
16	0.04354	0.00777	0.00949	0.00748	0.01041	0.00758	0.00612	0.16561	0.08756	0.51993	0.02611	0.01343	0.01004	0.00509	0.00401	0.00125	0.00353	0.00406	0.06037	0.00661
17	0.00984	0.01029	0.01803	0.05250	0.33470	0.04450	0.28891	0.01230	0.00898	0.01243	0.00768	0.02270	0.00643	0.00436	0.00592	0.00138	0.14727	0.00413	0.00203	0.00563
18	0.00531	0.00405	0.00530	0.00584	0.00656	0.00373	0.02098	0.00634	0.00852	0.01096	0.02699	0.50655	0.22919	0.01181	0.00520	0.00162	0.00261	0.13118	0.00377	0.00348
19	0.00501	0.00381	0.00462	0.00517	0.00583	0.00342	0.00359	0.00592	0.00861	0.01111	0.08658	0.53171	0.28632	0.01174	0.00509	0.00155	0.00225	0.01040	0.00386	0.00342
20	0.00530	0.00373	0.00482	0.00558	0.00581	0.00355	0.00371	0.00594	0.00757	0.01008	0.02060	0.63572	0.02445	0.18374	0.00844	0.00215	0.00279	0.05929	0.00354	0.00319
21	0.31163	0.06617	0.04866	0.02310	0.01127	0.14711	0.00691	0.23263	0.08682	0.01800	0.00807	0.00862	0.00613	0.00434	0.00341	0.00121	0.00450	0.00298	0.00295	0.00551
22	0.02970	0.00638	0.00736	0.00647	0.00808	0.02621	0.00503	0.02135	0.15276	0.17716	0.21223	0.01963	0.05325	0.05920	0.00586	0.00146	0.06682	0.00516	0.13094	0.00495
23	0.13653	0.00724	0.00906	0.00708	0.01011	0.00670	0.00584	0.05240	0.01141	0.66619	0.03543	0.01323	0.00998	0.00499	0.00393	0.00127	0.00345	0.00393	0.00468	0.00656
24	0.05733	0.03107	0.00978	0.00754	0.01039	0.09485	0.00609	0.20977	0.01245	0.24061	0.06181	0.03190	0.00995	0.00487	0.00379	0.00111	0.00389	0.00380	0.03978	0.15923
25	0.03153	0.53300	0.26488	0.00889	0.01309	0.01374	0.04229	0.01248	0.00841	0.01102	0.00630	0.00745	0.00527	0.00371	0.00334	0.00106	0.02369	0.00259	0.00178	0.00548
26	0.01040	0.72830	0.09508	0.00734	0.01092	0.01486	0.00757	0.01207	0.00857	0.01039	0.05702	0.00827	0.00734	0.00385	0.00289	0.00094	0.00439	0.00260	0.00193	0.00525

[dist]
# distance from previous block
# <min> <max>
0	2

[block]
# block no. 3 follows, 65 sequences, length 30
# corresponding to MSA columns:
# 123-131,162-182
name=unknown_D
#
# <colnr> <probs for GDERKNQSTAVLIFYWHMCP>
#	G	D	E	R	K	N	Q	S	T	A	V	L	I	F	Y	W	H	M	C	P
0	0.05304	0.12786	0.04025	0.21467	0.04800	0.26063	0.08159	0.03515	0.00954	0.01142	0.00682	0.00890	0.00555	0.00460	0.01697	0.00130	0.06353	0.00318	0.00203	0.00497
1	0.02997	0.00719	0.00839	0.00683	0.00919	0.00716	0.00545	0.22139	0.03918	0.29051	0.09720	0.01821	0.10091	0.06419	0.00529	0.00144	0.00334	0.00491	0.07356	0.00567
2	0.02157	0.49550	0.18456	0.00809	0.01176	0.06879	0.00836	0.03546	0.00889	0.04135	0.00711	0.00885	0.00615	0.06212	0.00432	0.00121	0.00485	0.00277	0.00203	0.01626
3	0.06155	0.07675	0.41618	0.07521	0.07320	0.05405	0.02711	0.07996	0.02477	0.02773	0.01701	0.03364	0.00666	0.00432	0.00384	0.00126	0.00536	0.00343	0.00223	0.00575
4	0.00496	0.00407	0.00437	0.00449	0.00566	0.00348	0.00329	0.00603	0.00932	0.01147	0.10796	0.16722	0.63224	0.01061	0.00491	0.00142	0.00211	0.00903	0.00387	0.00348
5	0.00848	0.00794	0.01338	0.51291	0.29613	0.00903	0.01147	0.01106	0.00868	0.01159	0.00843	0.01310	0.00706	0.00445	0.00420	0.00135	0.00516	0.05838	0.00203	0.00516
6	0.00976	0.00839	0.00888	0.00808	0.01028	0.00962	0.00628	0.02041	0.74853	0.01662	0.01802	0.04153	0.04729	0.00610	0.00427	0.00141	0.00318	0.02099	0.00414	0.00622
7	0.00994	0.00516	0.00647	0.00584	0.00760	0.00454	0.00452	0.02194	0.01023	0.30121	0.09679	0.19270	0.27546	0.00880	0.00469	0.00141	0.00271	0.03093	0.00432	0.00477
8	0.00515	0.00412	0.00460	0.00459	0.00575	0.00358	0.00340	0.00643	0.00990	0.01263	0.27296	0.10428	0.52814	0.01001	0.00488	0.00138	0.00206	0.00855	0.00402	0.00358
9	0.01016	0.00975	0.01666	0.02520	0.83013	0.00975	0.01260	0.01260	0.00935	0.01341	0.00772	0.01016	0.00650	0.00366	0.00406	0.00122	0.00488	0.00366	0.00203	0.00650
10	0.01182	0.84747	0.02195	0.00762	0.01117	0.01662	0.00738	0.01289	0.00891	0.01052	0.00660	0.00782	0.00610	0.00410	0.00303	0.00104	0.00468	0.00250	0.00206	0.00571
11	0.00489	0.00402	0.00430	0.00453	0.00564	0.00343	0.00329	0.00585	0.00899	0.01094	0.03700	0.23626	0.63467	0.01099	0.00495	0.00145	0.00215	0.00939	0.00381	0.00343
12	0.00688	0.00366	0.00523	0.00523	0.00528	0.00367	0.00344	0.00550	0.00555	0.00739	0.00875	0.01521	0.02421	0.13817	0.03928	0.71079	0.00380	0.00404	0.00194	0.00197
13	0.01097	0.85821	0.02151	0.00702	0.01054	0.01624	0.00702	0.01229	0.00834	0.00966	0.00571	0.00658	0.00527	0.00351	0.00263	0.00088	0.00439	0.00219	0.00176	0.00527
14	0.00579	0.00485	0.00567	0.00646	0.06257	0.02135	0.00436	0.00712	0.02188	0.01160	0.09297	0.20451	0.42976	0.03785	0.00543	0.00154	0.00264	0.06627	0.00367	0.00374
15	0.00775	0.00730	0.01231	0.84587	0.02827	0.00912	0.01140	0.01049	0.00821	0.01049	0.00730	0.01094	0.00547	0.00410	0.00410	0.00137	0.00547	0.00365	0.00182	0.00456
16	0.00725	0.00704	0.07368	0.00900	0.06579	0.01851	0.06151	0.00979	0.04372	0.01288	0.06311	0.03293	0.13286	0.00866	0.00494	0.00157	0.00383	0.38287	0.05568	0.00436
17	0.01604	0.01016	0.01141	0.00882	0.01202	0.01083	0.00726	0.56198	0.06305	0.23741	0.01191	0.01125	0.00813	0.00500	0.00412	0.00125	0.00418	0.00386	0.00437	0.00695
18	0.01016	0.00975	0.01666	0.02520	0.83013	0.00975	0.01260	0.01260	0.00935	0.01341	0.00772	0.01016	0.00650	0.00366	0.00406	0.00122	0.00488	0.00366	0.00203	0.00650
19	0.00646	0.00399	0.00524	0.00577	0.00642	0.00364	0.00400	0.00729	0.00840	0.10062	0.02334	0.70013	0.08540	0.01182	0.00509	0.00160	0.00248	0.01062	0.00395	0.00374
20	0.00791	0.00844	0.06914	0.74030	0.04812	0.00921	0.03802	0.01080	0.00832	0.01082	0.00734	0.01077	0.00550	0.00406	0.00411	0.00136	0.00554	0.00365	0.00183	0.00475
21	0.01291	0.06822	0.01141	0.00870	0.01153	0.02746	0.00707	0.34409	0.38899	0.05587	0.01295	0.01229	0.00953	0.00512	0.00403	0.00128	0.00393	0.00403	0.00398	0.00660
22	0.01531	0.01077	0.01197	0.00926	0.01247	0.01175	0.02228	0.64592	0.09002	0.11091	0.01111	0.01080	0.00780	0.00497	0.00413	0.00125	0.00434	0.00385	0.00418	0.00691
23	0.00799	0.00485	0.00607	0.00568	0.00719	0.00439	0.00451	0.00978	0.02623	0.15965	0.31606	0.03236	0.25937	0.00878	0.00483	0.00141	0.00256	0.12963	0.00429	0.00435
24	0.03907	0.59889	0.12818	0.00763	0.01120	0.06964	0.00781	0.01219	0.00864	0.01052	0.00860	0.00934	0.06558	0.00413	0.00304	0.00100	0.00461	0.00281	0.00195	0.00518
25	0.02528	0.03799	0.04478	0.00895	0.05677	0.04625	0.00712	0.16560	0.07000	0.31526	0.02661	0.06504	0.01992	0.00604	0.00426	0.00133	0.00399	0.08474	0.00401	0.00607
26	0.00572	0.00393	0.00464	0.00489	0.00507	0.00384	0.00302	0.00606	0.00684	0.00908	0.04066	0.22038	0.04980	0.56990	0.01558	0.00318	0.00347	0.03818	0.00296	0.00281
27	0.00532	0.00404	0.00485	0.00520	0.00603	0.00367	0.00381	0.00643	0.00903	0.01164	0.15006	0.28427	0.31729	0.06795	0.00615	0.00169	0.00248	0.10280	0.00382	0.00346
28	0.06947	0.00924	0.02892	0.10262	0.60311	0.00926	0.03349	0.01199	0.00916	0.01350	0.03980	0.01164	0.03170	0.00409	0.00403	0.00125	0.00470	0.00387	0.00219	0.00595
29	0.19838	0.04704	0.04141	0.00863	0.03363	0.10013	0.00703	0.34154	0.06812	0.02917	0.01116	0.01174	0.06305	0.00500	0.00374	0.00124	0.00433	0.01560	0.00330	0.00576

[dist]
# distance from previous block
# <min> <max>
2	7

[block]
# block no. 4 follows, 65 sequences, length 38
# corresponding to MSA columns:
# 190-227
name=unknown_E
#
# <colnr> <probs for GDERKNQSTAVLIFYWHMCP>
#	G	D	E	R	K	N	Q	S	T	A	V	L	I	F	Y	W	H	M	C	P
0	0.08366	0.05576	0.05970	0.10242	0.03070	0.00893	0.00723	0.15895	0.11649	0.07657	0.08236	0.07400	0.05401	0.00604	0.00442	0.00134	0.03288	0.02552	0.01366	0.00536
1	0.00792	0.00717	0.01036	0.00933	0.03160	0.00882	0.05179	0.02416	0.03521	0.01066	0.00957	0.01474	0.02324	0.08693	0.23920	0.00320	0.35689	0.03276	0.00224	0.03420
2	0.11712	0.00667	0.00839	0.00674	0.00942	0.00616	0.00548	0.01697	0.03886	0.56528	0.15881	0.01612	0.01464	0.00554	0.00407	0.00128	0.00317	0.00451	0.00465	0.00612
3	0.11189	0.02358	0.01218	0.15889	0.22152	0.03758	0.04694	0.08672	0.05941	0.08852	0.07007	0.03319	0.00990	0.00482	0.00402	0.00129	0.00441	0.01659	0.00290	0.00557
4	0.00583	0.00391	0.00498	0.00549	0.00608	0.00357	0.00377	0.00668	0.00843	0.05655	0.07671	0.59673	0.13687	0.05666	0.00593	0.00170	0.00246	0.01026	0.00386	0.00355
5	0.01112	0.59520	0.04651	0.00808	0.03112	0.10301	0.00737	0.01351	0.08166	0.01079	0.00696	0.00772	0.00599	0.00376	0.00299	0.00095	0.00461	0.00254	0.00205	0.05406
6	0.01131	0.01284	0.01180	0.01104	0.05670	0.34477	0.00832	0.01238	0.00862	0.01007	0.00649	0.00937	0.00599	0.02909	0.06694	0.00186	0.38248	0.00333	0.00198	0.00460
7	0.00505	0.00366	0.00477	0.00555	0.00593	0.00338	0.00376	0.00587	0.00824	0.01095	0.08069	0.73004	0.09226	0.01235	0.00518	0.00162	0.00233	0.01113	0.00386	0.00338
8	0.01040	0.00891	0.00939	0.00839	0.01075	0.01030	0.00654	0.05024	0.79398	0.01748	0.01646	0.01512	0.01233	0.00555	0.00417	0.00139	0.00329	0.00461	0.00417	0.00651
9	0.00936	0.00685	0.01084	0.00897	0.01114	0.00656	0.17832	0.02030	0.06946	0.15323	0.05503	0.15925	0.09357	0.00754	0.00504	0.00145	0.03269	0.11586	0.00357	0.05096
10	0.00670	0.00441	0.00595	0.00653	0.00729	0.00427	0.00516	0.00803	0.00886	0.05716	0.06934	0.26361	0.02373	0.11086	0.00721	0.00200	0.00329	0.39814	0.00375	0.00369
11	0.00823	0.02123	0.83447	0.01170	0.01777	0.00953	0.01517	0.01300	0.00867	0.01300	0.00737	0.00867	0.00520	0.00390	0.00390	0.00130	0.00607	0.00303	0.00173	0.00607
12	0.00493	0.00411	0.00431	0.00444	0.00568	0.00349	0.00331	0.00597	0.00922	0.01113	0.04965	0.12950	0.70602	0.01067	0.00492	0.00143	0.00216	0.03177	0.00382	0.00347
13	0.01359	0.01648	0.03618	0.01028	0.01216	0.57538	0.00810	0.05357	0.03077	0.01124	0.00689	0.00833	0.00576	0.00483	0.00545	0.00121	0.15684	0.00297	0.03509	0.00486
14	0.04786	0.01025	0.01065	0.00861	0.01144	0.02629	0.00697	0.50479	0.22283	0.02202	0.01322	0.01284	0.05402	0.00534	0.00407	0.00127	0.00400	0.00414	0.02295	0.00645
15	0.00607	0.00427	0.00515	0.00507	0.00622	0.00380	0.00381	0.00748	0.01016	0.05936	0.34144	0.14906	0.33296	0.00970	0.00489	0.00140	0.00221	0.03896	0.00416	0.00382
16	0.00812	0.00768	0.01312	0.66849	0.14113	0.00908	0.03907	0.01080	0.00847	0.01106	0.00795	0.01220	0.00634	0.00430	0.00418	0.00137	0.00537	0.03449	0.00194	0.00484
17	0.00911	0.00793	0.00882	0.00641	0.00998	0.03418	0.00512	0.05232	0.00918	0.01391	0.00740	0.00854	0.00610	0.00318	0.00312	0.00066	0.00326	0.00250	0.00251	0.80577
18	0.00569	0.00417	0.00502	0.00543	0.00602	0.00395	0.00370	0.04774	0.00856	0.01120	0.04886	0.51637	0.16967	0.13480	0.00738	0.00192	0.00266	0.00975	0.00365	0.00344
19	0.00515	0.00366	0.00480	0.00556	0.00585	0.00344	0.00371	0.00592	0.00804	0.01081	0.09400	0.71115	0.02718	0.08204	0.00650	0.00182	0.00247	0.01082	0.00376	0.00331
20	0.00823	0.00690	0.00805	0.00604	0.00926	0.00537	0.00475	0.01026	0.03290	0.01331	0.00910	0.08136	0.00823	0.00402	0.00326	0.00073	0.00295	0.00334	0.03237	0.74955
21	0.01034	0.20515	0.07933	0.00941	0.01130	0.02443	0.02485	0.05884	0.02985	0.06516	0.00734	0.00968	0.00636	0.02904	0.03134	0.01044	0.37645	0.00339	0.00224	0.00508
22	0.01547	0.00753	0.00935	0.00746	0.01023	0.00728	0.00605	0.17170	0.07126	0.49948	0.05705	0.06084	0.01215	0.00568	0.00418	0.00128	0.00347	0.00466	0.03841	0.00646
23	0.00641	0.00468	0.00577	0.00644	0.00710	0.02648	0.00475	0.00802	0.05372	0.03929	0.02125	0.55718	0.02414	0.02812	0.00550	0.00172	0.00295	0.18894	0.00380	0.00376
24	0.01143	0.77235	0.02053	0.00734	0.01076	0.06833	0.00711	0.04356	0.00897	0.01031	0.00591	0.00676	0.00534	0.00361	0.00276	0.00090	0.00459	0.00228	0.00187	0.00530
25	0.00878	0.02569	0.05733	0.01028	0.01264	0.02320	0.25038	0.01225	0.12395	0.05413	0.05329	0.13517	0.03736	0.06214	0.01775	0.00166	0.05747	0.02541	0.02620	0.00492
26	0.00588	0.00434	0.00541	0.02391	0.00706	0.00411	0.00442	0.00746	0.04270	0.03252	0.06949	0.37938	0.24607	0.01101	0.00508	0.00158	0.00263	0.13937	0.00385	0.00372
27	0.00955	0.04403	0.03965	0.02378	0.01061	0.05354	0.08100	0.08805	0.00965	0.10553	0.02182	0.16928	0.01338	0.05519	0.12798	0.00233	0.05624	0.08057	0.00311	0.00471
28	0.00851	0.00776	0.01260	0.60928	0.09135	0.00931	0.03379	0.05255	0.03386	0.01162	0.00770	0.01095	0.00595	0.00476	0.00509	0.04375	0.04062	0.00371	0.00204	0.00480
29	0.00518	0.00395	0.00478	0.00527	0.00600	0.00364	0.00378	0.00611	0.00835	0.01064	0.02832	0.38921	0.32276	0.06059	0.05828	0.00202	0.00301	0.07108	0.00363	0.00339
30	0.01057	0.01203	0.14402	0.05096	0.19831	0.04178	0.27065	0.08199	0.02871	0.05955	0.00894	0.03118	0.00698	0.00424	0.00461	0.00132	0.03169	0.00415	0.00243	0.00590
31	0.03374	0.03852	0.06244	0.12395	0.10542	0.05061	0.09250	0.12667	0.06643	0.07252	0.05205	0.05071	0.01061	0.00534	0.00423	0.00131	0.00465	0.06351	0.00300	0.03181
32	0.01102	0.03769	0.00984	0.05521	0.06488	0.02409	0.00664	0.10860	0.14826	0.15537	0.09400	0.01727	0.03491	0.04379	0.00518	0.00139	0.02976	0.05400	0.02257	0.07552
33	0.08060	0.05775	0.09801	0.05428	0.11969	0.04704	0.06498	0.09807	0.06114	0.09850	0.01779	0.03685	0.03329	0.00573	0.02665	0.03141	0.00465	0.00395	0.02034	0.03928
34	0.03882	0.07757	0.03390	0.11603	0.14185	0.07045	0.11182	0.06045	0.06028	0.02052	0.06453	0.02208	0.08013	0.00511	0.00408	0.00125	0.00457	0.02372	0.03245	0.03040
35	0.18096	0.07991	0.01886	0.03488	0.05679	0.04499	0.09939	0.07393	0.07817	0.09218	0.04282	0.03477	0.00904	0.03642	0.00486	0.00136	0.04648	0.01126	0.00292	0.05000
36	0.04013	0.02399	0.05079	0.07593	0.01859	0.03079	0.02420	0.14373	0.14562	0.05857	0.09941	0.07780	0.01252	0.01562	0.00512	0.00133	0.07851	0.00467	0.00330	0.08939
37	0.08994	0.06442	0.02227	0.12671	0.02647	0.08163	0.13156	0.08393	0.04462	0.07513	0.06076	0.05037	0.02932	0.00508	0.00433	0.00127	0.03267	0.01278	0.00285	0.05387

[dist]
# distance from previous block
# <min> <max>
6	75

# created by:
# /st0/software/busco_prod/Augustus/scripts/msa2prfl.pl ./align_prep/143282.fa
