[name]
unknown

[dist]
# distance from previous block
# <min> <max>
0	55

[block]
# block no. 0 follows, 59 sequences, length 20
# corresponding to MSA columns:
# 62-81
name=unknown_A
#
# <colnr> <probs for GDERKNQSTAVLIFYWHMCP>
#	G	D	E	R	K	N	Q	S	T	A	V	L	I	F	Y	W	H	M	C	P
0	0.07355	0.04455	0.03357	0.00829	0.02174	0.01868	0.02276	0.07130	0.01065	0.04461	0.02005	0.09057	0.06920	0.02027	0.00546	0.00176	0.00407	0.41803	0.01621	0.00469
1	0.01241	0.27733	0.12574	0.03520	0.08161	0.10417	0.05771	0.13634	0.07125	0.02840	0.02479	0.01013	0.00752	0.00448	0.00391	0.00122	0.00543	0.00348	0.00268	0.00621
2	0.02585	0.02522	0.20656	0.01363	0.11330	0.05260	0.17568	0.06177	0.06334	0.08396	0.01132	0.05368	0.02103	0.03800	0.00520	0.00150	0.00557	0.00462	0.00286	0.03432
3	0.00999	0.28142	0.21416	0.00930	0.02486	0.03648	0.04017	0.03486	0.01004	0.04412	0.11452	0.07036	0.02420	0.00743	0.05833	0.00165	0.00529	0.00455	0.00272	0.00554
4	0.00980	0.00663	0.00825	0.00751	0.00925	0.00662	0.02354	0.14361	0.04995	0.11257	0.06980	0.30287	0.10709	0.00962	0.00531	0.00157	0.02149	0.06863	0.00425	0.03164
5	0.00953	0.00875	0.01410	0.11625	0.48780	0.00902	0.01101	0.01258	0.06261	0.01407	0.04987	0.07913	0.04076	0.00594	0.00467	0.00144	0.00467	0.05900	0.00278	0.00604
6	0.04701	0.07592	0.13766	0.01144	0.10531	0.01084	0.02273	0.21689	0.11577	0.13254	0.02916	0.03077	0.00944	0.00514	0.00423	0.00134	0.00463	0.00416	0.01806	0.01697
7	0.01067	0.05052	0.14689	0.10984	0.39900	0.09246	0.04126	0.01349	0.01001	0.01347	0.03963	0.01116	0.00777	0.00439	0.00461	0.00134	0.03119	0.00385	0.00220	0.00623
8	0.00662	0.00578	0.00578	0.00557	0.00697	0.06080	0.00423	0.02052	0.01128	0.01422	0.31646	0.03650	0.43959	0.00990	0.00515	0.00145	0.00269	0.03819	0.00425	0.00405
9	0.01122	0.55982	0.19794	0.06341	0.01445	0.06482	0.00986	0.01353	0.00926	0.01127	0.00669	0.00794	0.00567	0.00396	0.00331	0.00109	0.00540	0.00269	0.00191	0.00577
10	0.02692	0.03105	0.14520	0.01287	0.01646	0.08029	0.29680	0.06740	0.07838	0.04198	0.01176	0.12925	0.01033	0.00576	0.00498	0.00147	0.02491	0.00547	0.00289	0.00583
11	0.07656	0.00716	0.00912	0.00726	0.01022	0.00654	0.00592	0.01920	0.04326	0.61034	0.05441	0.01556	0.01212	0.00553	0.00422	0.00134	0.00346	0.00446	0.09654	0.00679
12	0.00924	0.00497	0.00547	0.00514	0.00648	0.00505	0.00395	0.02858	0.06255	0.07782	0.05917	0.01721	0.01302	0.00737	0.06019	0.00153	0.00302	0.00445	0.62016	0.00463
13	0.00924	0.01007	0.08403	0.56098	0.07306	0.02592	0.05840	0.03673	0.04761	0.01269	0.00843	0.01157	0.00638	0.00454	0.00476	0.00146	0.03256	0.00397	0.00218	0.00541
14	0.01092	0.00841	0.00916	0.00817	0.01055	0.00930	0.00637	0.02043	0.59037	0.09646	0.08897	0.02011	0.08804	0.00667	0.00462	0.00148	0.00329	0.00559	0.00459	0.00650
15	0.09301	0.00779	0.01004	0.00777	0.01113	0.00706	0.00642	0.05078	0.01251	0.72132	0.01620	0.01419	0.01027	0.00534	0.00429	0.00137	0.00377	0.00425	0.00519	0.00728
16	0.00936	0.05158	0.70029	0.01195	0.01789	0.01046	0.01490	0.06791	0.01006	0.01469	0.00878	0.04661	0.00679	0.00469	0.00423	0.00139	0.00617	0.00370	0.00214	0.00643
17	0.01022	0.22241	0.52658	0.01160	0.01715	0.01191	0.07460	0.01417	0.00948	0.05160	0.00802	0.00925	0.00595	0.00412	0.00395	0.00129	0.00603	0.00325	0.00207	0.00632
18	0.00642	0.00428	0.00482	0.00482	0.00482	0.00428	0.00268	0.00642	0.00642	0.00856	0.01392	0.02890	0.01606	0.84478	0.02248	0.00428	0.00428	0.00642	0.00268	0.00268
19	0.01001	0.00856	0.00910	0.00825	0.01052	0.00968	0.00639	0.02047	0.66117	0.01780	0.09418	0.02043	0.09073	0.00676	0.00463	0.00149	0.00325	0.00567	0.00449	0.00643

[dist]
# distance from previous block
# <min> <max>
0	1

[block]
# block no. 1 follows, 59 sequences, length 11
# corresponding to MSA columns:
# 83-93
name=unknown_B
#
# <colnr> <probs for GDERKNQSTAVLIFYWHMCP>
#	G	D	E	R	K	N	Q	S	T	A	V	L	I	F	Y	W	H	M	C	P
0	0.01072	0.01053	0.01670	0.14652	0.61140	0.04805	0.01289	0.01322	0.00978	0.01355	0.00801	0.01084	0.00669	0.00428	0.00500	0.00137	0.05798	0.00388	0.00214	0.00646
1	0.00581	0.00442	0.00583	0.02806	0.00730	0.00436	0.00453	0.00696	0.00925	0.01244	0.16694	0.50862	0.12266	0.01305	0.04353	0.00193	0.03608	0.01042	0.00401	0.00381
2	0.00633	0.00466	0.00675	0.00675	0.00742	0.00533	0.00509	0.00766	0.00700	0.01000	0.01215	0.01910	0.01180	0.15619	0.70525	0.00667	0.01069	0.00499	0.00241	0.00375
3	0.00632	0.00470	0.00694	0.00694	0.00768	0.00544	0.00533	0.00779	0.00705	0.01014	0.01197	0.01815	0.01139	0.08896	0.77191	0.00690	0.01131	0.00485	0.00239	0.00386
4	0.01062	0.14598	0.37934	0.01513	0.19751	0.01131	0.07254	0.01457	0.03931	0.06049	0.00873	0.01013	0.00661	0.00418	0.00413	0.00132	0.00575	0.00355	0.00228	0.00653
5	0.01410	0.01230	0.01519	0.01185	0.01489	0.09800	0.16307	0.36244	0.08572	0.04965	0.01027	0.01129	0.00769	0.00580	0.02183	0.00154	0.10014	0.00421	0.00349	0.00654
6	0.00625	0.00451	0.00557	0.00571	0.00644	0.00427	0.00404	0.02568	0.00997	0.01346	0.28967	0.24456	0.11614	0.18339	0.00893	0.00214	0.00287	0.05861	0.00407	0.00373
7	0.01181	0.84744	0.02314	0.00756	0.01134	0.01748	0.00756	0.01323	0.00897	0.01039	0.00614	0.00708	0.00567	0.00378	0.00283	0.00094	0.00472	0.00236	0.00189	0.00567
8	0.01204	0.01236	0.01572	0.06541	0.49929	0.16881	0.01170	0.04475	0.06572	0.01419	0.00864	0.01072	0.00710	0.00443	0.00473	0.00133	0.04039	0.00379	0.00242	0.00645
9	0.01025	0.00926	0.01458	0.43194	0.21998	0.01050	0.04091	0.13043	0.01097	0.01465	0.00963	0.01240	0.03423	0.00472	0.00472	0.00142	0.02696	0.00417	0.00247	0.00581
10	0.00860	0.00811	0.01371	0.75400	0.10857	0.00988	0.01239	0.01151	0.00895	0.01160	0.00790	0.01169	0.00600	0.00437	0.00441	0.00146	0.00582	0.00393	0.00198	0.00511

[dist]
# distance from previous block
# <min> <max>
0	1

[block]
# block no. 2 follows, 59 sequences, length 10
# corresponding to MSA columns:
# 95-104
name=unknown_C
#
# <colnr> <probs for GDERKNQSTAVLIFYWHMCP>
#	G	D	E	R	K	N	Q	S	T	A	V	L	I	F	Y	W	H	M	C	P
0	0.00698	0.00573	0.00873	0.00808	0.00926	0.00565	0.10691	0.02540	0.04116	0.01348	0.14137	0.47089	0.02522	0.01060	0.00570	0.00164	0.03640	0.02934	0.02559	0.02187
1	0.00673	0.00522	0.00636	0.00683	0.00810	0.00510	0.00561	0.00939	0.08908	0.01316	0.03014	0.10287	0.29152	0.01136	0.00561	0.00178	0.00328	0.38952	0.00412	0.00421
2	0.13808	0.01171	0.01160	0.00943	0.01237	0.11716	0.03779	0.41780	0.01543	0.05419	0.01097	0.06356	0.00907	0.02241	0.00462	0.00141	0.00490	0.02920	0.00375	0.02454
3	0.00956	0.00909	0.01545	0.45456	0.40050	0.01013	0.01287	0.01235	0.00941	0.01276	0.00807	0.01138	0.00641	0.00419	0.00440	0.00140	0.00559	0.00393	0.00207	0.00589
4	0.00583	0.00416	0.00559	0.00640	0.00679	0.00407	0.00453	0.00679	0.00835	0.01117	0.02184	0.56129	0.02543	0.09857	0.09477	0.00264	0.00393	0.12049	0.00377	0.00360
5	0.00632	0.00470	0.00696	0.00696	0.00770	0.00544	0.00534	0.00780	0.00706	0.01015	0.01196	0.01807	0.01135	0.08382	0.77702	0.00692	0.01136	0.00484	0.00239	0.00386
6	0.00649	0.00492	0.00716	0.00853	0.06712	0.00474	0.02423	0.00779	0.00911	0.01209	0.02261	0.47622	0.04607	0.01234	0.00597	0.02480	0.00336	0.24859	0.00385	0.00400
7	0.01180	0.70029	0.11060	0.00837	0.01235	0.07165	0.00859	0.01361	0.00925	0.01082	0.00638	0.00739	0.00566	0.00388	0.00306	0.00101	0.00514	0.00249	0.00191	0.00573
8	0.01309	0.13023	0.01270	0.00931	0.01211	0.15628	0.00750	0.11602	0.43117	0.04526	0.01341	0.01288	0.01018	0.00532	0.00416	0.00133	0.00463	0.00410	0.00376	0.00656
9	0.45996	0.00803	0.00801	0.00664	0.00954	0.00843	0.00546	0.05480	0.01015	0.30977	0.01106	0.01087	0.00762	0.00473	0.00346	0.00134	0.00351	0.00334	0.06742	0.00586

[dist]
# distance from previous block
# <min> <max>
0	2

[block]
# block no. 3 follows, 59 sequences, length 40
# corresponding to MSA columns:
# 107-146
name=unknown_D
#
# <colnr> <probs for GDERKNQSTAVLIFYWHMCP>
#	G	D	E	R	K	N	Q	S	T	A	V	L	I	F	Y	W	H	M	C	P
0	0.00801	0.00583	0.00701	0.00674	0.00808	0.01767	0.01695	0.04095	0.12338	0.06827	0.22642	0.31764	0.11550	0.01003	0.00516	0.00155	0.00286	0.00884	0.00440	0.00470
1	0.00569	0.00401	0.00520	0.00599	0.00626	0.00381	0.00399	0.00643	0.00829	0.01107	0.04711	0.62297	0.02694	0.16917	0.00880	0.00226	0.00295	0.05175	0.00386	0.00346
2	0.00829	0.00607	0.00709	0.00631	0.00797	0.00597	0.00490	0.13775	0.04596	0.03772	0.46352	0.03042	0.19288	0.00870	0.00505	0.00141	0.00269	0.01786	0.00462	0.00482
3	0.00754	0.00391	0.00582	0.00582	0.00588	0.00397	0.00392	0.00593	0.00587	0.00788	0.00815	0.01415	0.00815	0.04028	0.07611	0.78413	0.00443	0.00397	0.00197	0.00209
4	0.01623	0.06881	0.01313	0.01116	0.01352	0.78027	0.00848	0.01738	0.01231	0.01079	0.00679	0.00791	0.00569	0.00451	0.00392	0.00113	0.00778	0.00282	0.00225	0.00515
5	0.87598	0.00854	0.00649	0.00581	0.00854	0.00991	0.00478	0.01298	0.00752	0.01982	0.00615	0.00717	0.00478	0.00410	0.00273	0.00137	0.00342	0.00239	0.00273	0.00478
6	0.01586	0.01992	0.01227	0.01116	0.01335	0.75808	0.00840	0.01740	0.03958	0.01105	0.00736	0.00859	0.00613	0.00559	0.03115	0.00136	0.02225	0.00300	0.00235	0.00514
7	0.82589	0.00850	0.00665	0.00585	0.00865	0.00968	0.00481	0.01288	0.00761	0.01950	0.00625	0.00729	0.00488	0.00405	0.00276	0.00133	0.00341	0.00240	0.00273	0.05489
8	0.00955	0.00615	0.00737	0.03541	0.01888	0.00599	0.00513	0.03144	0.12935	0.16324	0.19113	0.02805	0.25174	0.08891	0.00657	0.00171	0.00310	0.00684	0.00434	0.00507
9	0.01186	0.02844	0.13810	0.01071	0.06836	0.15210	0.00888	0.15026	0.14779	0.04010	0.10248	0.03418	0.05889	0.00599	0.00465	0.00137	0.02155	0.00477	0.00346	0.00605
10	0.82658	0.00874	0.00674	0.00601	0.00874	0.02306	0.00493	0.01345	0.02505	0.03535	0.00664	0.00754	0.00511	0.00417	0.00283	0.00137	0.00350	0.00250	0.00282	0.00489
11	0.01195	0.01190	0.02929	0.06941	0.51867	0.14005	0.01172	0.04682	0.01084	0.04227	0.00958	0.01160	0.02997	0.00445	0.00444	0.00131	0.01616	0.00393	0.01920	0.00643
12	0.02559	0.52244	0.28726	0.00953	0.01419	0.03272	0.02880	0.01359	0.00918	0.01184	0.00681	0.00796	0.00565	0.00394	0.00336	0.00112	0.00543	0.00274	0.00191	0.00593
13	0.01250	0.03482	0.13442	0.06655	0.08522	0.20211	0.09145	0.04982	0.02040	0.11068	0.01111	0.02930	0.00933	0.00551	0.00461	0.00139	0.01428	0.09097	0.00291	0.02260
14	0.00522	0.00447	0.00447	0.00447	0.00597	0.00373	0.00336	0.00634	0.01007	0.01193	0.04474	0.04250	0.81544	0.01119	0.00522	0.00149	0.00224	0.00932	0.00410	0.00373
15	0.08089	0.01153	0.05542	0.01571	0.01980	0.01065	0.58049	0.04006	0.03328	0.04463	0.01056	0.01305	0.03245	0.00435	0.00502	0.00148	0.01688	0.01524	0.00259	0.00591
16	0.01093	0.01062	0.01752	0.06041	0.75051	0.02994	0.01331	0.01350	0.01000	0.01414	0.00821	0.01087	0.00690	0.00404	0.00455	0.00133	0.02031	0.00391	0.00217	0.00682
17	0.00645	0.00450	0.00549	0.00548	0.00562	0.00474	0.00344	0.00678	0.00665	0.00905	0.01386	0.06885	0.01559	0.64001	0.15534	0.00455	0.03153	0.00638	0.00268	0.00300
18	0.00630	0.00426	0.00547	0.00573	0.00606	0.00423	0.00384	0.00644	0.00757	0.01005	0.04302	0.28290	0.11162	0.21879	0.05627	0.18568	0.02748	0.00804	0.00316	0.00310
19	0.00866	0.05595	0.04892	0.00815	0.01024	0.00746	0.04915	0.05558	0.13288	0.04241	0.02363	0.11737	0.19081	0.00920	0.00524	0.00162	0.01453	0.20931	0.00385	0.00502
20	0.02612	0.42380	0.34499	0.00978	0.01460	0.03194	0.01110	0.05333	0.00983	0.02774	0.00731	0.00833	0.00581	0.00408	0.00352	0.00117	0.00549	0.00286	0.00209	0.00611
21	0.00544	0.00389	0.00520	0.00622	0.00651	0.00364	0.00421	0.00626	0.00852	0.01135	0.02431	0.81283	0.02907	0.01378	0.00565	0.00180	0.00262	0.04099	0.00410	0.00360
22	0.00916	0.00785	0.00916	0.00654	0.01047	0.00589	0.00523	0.01112	0.00916	0.01439	0.00785	0.00916	0.00654	0.00327	0.00327	0.00065	0.00327	0.00262	0.00262	0.87178
23	0.05948	0.00867	0.01070	0.02959	0.01195	0.00860	0.05232	0.17195	0.11985	0.18849	0.09516	0.01578	0.05032	0.00556	0.00431	0.00127	0.00387	0.00462	0.00409	0.15342
24	0.01472	0.01095	0.01170	0.00932	0.01233	0.01216	0.00753	0.57924	0.15427	0.02449	0.01227	0.01299	0.00924	0.05392	0.00540	0.00151	0.00444	0.00430	0.05227	0.00695
25	0.01064	0.20012	0.35467	0.01106	0.04425	0.09565	0.01143	0.02665	0.10170	0.01365	0.04790	0.01076	0.00837	0.00474	0.00440	0.00130	0.04069	0.00351	0.00241	0.00609
26	0.01004	0.00980	0.01351	0.01152	0.01171	0.01354	0.00960	0.05200	0.00750	0.01153	0.00605	0.00971	0.00589	0.00760	0.01397	0.00190	0.79324	0.00387	0.00206	0.00497
27	0.01150	0.04113	0.03809	0.00980	0.03572	0.06029	0.05058	0.18184	0.31205	0.01845	0.08448	0.04561	0.04671	0.00627	0.00454	0.00141	0.00424	0.01834	0.02268	0.00626
28	0.00578	0.00431	0.00541	0.00585	0.00661	0.00399	0.00419	0.00726	0.02564	0.01338	0.24296	0.42707	0.16994	0.01183	0.00545	0.00164	0.00247	0.04805	0.00431	0.00386
29	0.01077	0.00958	0.01039	0.03808	0.10077	0.08265	0.00736	0.10764	0.31222	0.01648	0.07521	0.03017	0.07662	0.04704	0.01488	0.03148	0.01387	0.00522	0.00371	0.00586
30	0.01282	0.01001	0.01061	0.00906	0.01179	0.02265	0.00718	0.21245	0.52405	0.06692	0.03397	0.01522	0.01236	0.00582	0.00445	0.00143	0.00384	0.00473	0.02364	0.00699
31	0.00566	0.00423	0.00595	0.00662	0.00712	0.00395	0.03206	0.00664	0.00875	0.01163	0.04031	0.72603	0.05733	0.01320	0.00562	0.00178	0.00279	0.05257	0.00405	0.00371
32	0.01181	0.84744	0.02314	0.00756	0.01134	0.01748	0.00756	0.01323	0.00897	0.01039	0.00614	0.00708	0.00567	0.00378	0.00283	0.00094	0.00472	0.00236	0.00189	0.00567
33	0.01855	0.00787	0.01030	0.00796	0.01123	0.00715	0.00655	0.10960	0.01356	0.67570	0.07062	0.01574	0.01262	0.00569	0.00449	0.00136	0.00377	0.00463	0.00531	0.00729
34	0.01038	0.01180	0.02541	0.01825	0.02248	0.01129	0.75984	0.01396	0.01023	0.01396	0.00877	0.01180	0.00665	0.00393	0.00570	0.00151	0.05077	0.00514	0.00222	0.00590
35	0.00915	0.00804	0.01047	0.10680	0.06660	0.00672	0.02018	0.01131	0.00925	0.01407	0.02048	0.01001	0.00704	0.00355	0.00354	0.00082	0.00377	0.00299	0.00254	0.68265
36	0.00556	0.00446	0.00497	0.00490	0.00619	0.00386	0.00365	0.00697	0.01078	0.01377	0.29254	0.07612	0.52946	0.01061	0.00524	0.00147	0.00220	0.00904	0.00435	0.00386
37	0.00862	0.00653	0.00760	0.00710	0.00877	0.00658	0.00532	0.08318	0.17848	0.03774	0.06851	0.29419	0.05727	0.05788	0.02181	0.00176	0.00337	0.03700	0.00401	0.10428
38	0.16952	0.46516	0.11876	0.00793	0.01152	0.05368	0.00788	0.03228	0.00913	0.01304	0.02152	0.00924	0.00679	0.05266	0.00426	0.00130	0.00480	0.00288	0.00222	0.00543
39	0.04376	0.04287	0.10134	0.00879	0.01239	0.04568	0.02042	0.17455	0.03962	0.20937	0.02010	0.04314	0.00954	0.00523	0.00414	0.00123	0.00440	0.02717	0.00372	0.18256

[dist]
# distance from previous block
# <min> <max>
0	194

[block]
# block no. 4 follows, 59 sequences, length 18
# corresponding to MSA columns:
# 357-374
name=unknown_E
#
# <colnr> <probs for GDERKNQSTAVLIFYWHMCP>
#	G	D	E	R	K	N	Q	S	T	A	V	L	I	F	Y	W	H	M	C	P
0	0.15163	0.01122	0.05644	0.00876	0.01218	0.08277	0.00748	0.24867	0.02683	0.29817	0.01179	0.01133	0.00806	0.00497	0.00407	0.00131	0.00454	0.00371	0.00411	0.04197
1	0.17537	0.08071	0.03158	0.00940	0.01227	0.34168	0.00762	0.12156	0.08179	0.08507	0.00906	0.00948	0.00689	0.00470	0.00381	0.00125	0.00567	0.00321	0.00307	0.00582
2	0.08493	0.01163	0.04913	0.01946	0.22277	0.01086	0.50684	0.01389	0.01004	0.01470	0.00850	0.01117	0.00657	0.00383	0.00475	0.00143	0.00651	0.00458	0.00225	0.00614
3	0.00647	0.00587	0.04584	0.00900	0.07781	0.00502	0.04827	0.00781	0.00882	0.01193	0.02114	0.60575	0.03722	0.01173	0.00561	0.01606	0.00335	0.05163	0.00367	0.01698
4	0.01335	0.00927	0.01029	0.00883	0.01160	0.01020	0.00699	0.08105	0.57639	0.19447	0.01731	0.01572	0.01248	0.00583	0.00448	0.00146	0.00365	0.00480	0.00470	0.00714
5	0.00629	0.00447	0.00576	0.00576	0.00621	0.00470	0.00394	0.00712	0.00736	0.01013	0.07689	0.04394	0.05128	0.41573	0.32630	0.00495	0.00686	0.00617	0.00282	0.00334
6	0.00594	0.00410	0.00544	0.00622	0.00672	0.00382	0.00435	0.00695	0.00911	0.03249	0.10184	0.66907	0.05030	0.01298	0.00558	0.00175	0.00264	0.06271	0.00421	0.00378
7	0.00557	0.00450	0.00497	0.00490	0.00624	0.00390	0.00370	0.00700	0.01077	0.01364	0.26684	0.03997	0.56833	0.01059	0.00524	0.00148	0.00225	0.03192	0.00432	0.00387
8	0.01056	0.01083	0.02101	0.01977	0.27056	0.01049	0.43950	0.05922	0.01078	0.01483	0.01013	0.06490	0.00868	0.00471	0.00495	0.00146	0.00622	0.02271	0.00251	0.00618
9	0.01061	0.00609	0.00767	0.00666	0.00857	0.00582	0.00520	0.02848	0.11448	0.23024	0.46441	0.02599	0.05198	0.00769	0.00490	0.00140	0.00276	0.00663	0.00494	0.00546
10	0.17704	0.00926	0.00974	0.00796	0.01076	0.01007	0.00647	0.34255	0.07580	0.12734	0.01212	0.03369	0.00908	0.00623	0.02982	0.00151	0.00413	0.00408	0.11605	0.00630
11	0.87598	0.00854	0.00649	0.00581	0.00854	0.00991	0.00478	0.01298	0.00752	0.01982	0.00615	0.00717	0.00478	0.00410	0.00273	0.00137	0.00342	0.00239	0.00273	0.00478
12	0.01068	0.12120	0.01487	0.01058	0.01336	0.04132	0.17695	0.05238	0.32718	0.01517	0.01380	0.02650	0.03565	0.05142	0.04430	0.00183	0.02870	0.00484	0.00329	0.00596
13	0.00656	0.00460	0.00592	0.00554	0.00668	0.00420	0.00417	0.00856	0.01232	0.04048	0.73204	0.03321	0.10085	0.00909	0.00519	0.00140	0.00214	0.00799	0.00482	0.00423
14	0.01026	0.00966	0.01567	0.16899	0.55198	0.01016	0.01218	0.01401	0.10025	0.01433	0.02575	0.01281	0.02535	0.00451	0.00443	0.00137	0.00504	0.00425	0.00250	0.00650
15	0.00629	0.00461	0.00644	0.00652	0.00717	0.00510	0.00485	0.00751	0.00726	0.01013	0.01461	0.05001	0.04837	0.19950	0.56150	0.00587	0.00920	0.03874	0.00264	0.00366
16	0.01167	0.14190	0.10621	0.01426	0.06623	0.03160	0.33010	0.04309	0.08364	0.08108	0.00977	0.01128	0.00738	0.00438	0.00485	0.00138	0.03798	0.00425	0.00268	0.00625
17	0.15339	0.29802	0.14747	0.00970	0.05028	0.15313	0.00884	0.03890	0.03401	0.03117	0.00861	0.00948	0.03142	0.00442	0.00352	0.00119	0.00526	0.00306	0.00241	0.00571

[dist]
# distance from previous block
# <min> <max>
2	17

[block]
# block no. 5 follows, 59 sequences, length 11
# corresponding to MSA columns:
# 392-402
name=unknown_F
#
# <colnr> <probs for GDERKNQSTAVLIFYWHMCP>
#	G	D	E	R	K	N	Q	S	T	A	V	L	I	F	Y	W	H	M	C	P
0	0.01219	0.00939	0.02597	0.07211	0.10741	0.00940	0.04504	0.23164	0.07352	0.09839	0.03366	0.04247	0.02773	0.00599	0.00456	0.00137	0.00446	0.08368	0.00369	0.10735
1	0.03344	0.00961	0.01657	0.16746	0.52419	0.00991	0.08324	0.01264	0.00968	0.01376	0.00941	0.07262	0.00836	0.00474	0.00450	0.00139	0.00531	0.00464	0.00231	0.00622
2	0.03369	0.01007	0.01141	0.00892	0.01224	0.07720	0.06292	0.14325	0.09572	0.07462	0.01065	0.01248	0.00848	0.00471	0.00424	0.00111	0.02337	0.03883	0.00331	0.36279
3	0.00642	0.00428	0.00482	0.00482	0.00482	0.00428	0.00268	0.00642	0.00642	0.00856	0.01392	0.02890	0.01606	0.84478	0.02248	0.00428	0.00428	0.00642	0.00268	0.00268
4	0.01266	0.01301	0.03549	0.01382	0.01716	0.18552	0.36156	0.05581	0.06086	0.09134	0.00996	0.01176	0.00756	0.00633	0.05676	0.00176	0.04553	0.00442	0.00279	0.00590
5	0.01031	0.01269	0.08250	0.01819	0.02280	0.01110	0.74553	0.01414	0.01035	0.01414	0.00886	0.01173	0.00662	0.00376	0.00514	0.00148	0.00738	0.00507	0.00221	0.00600
6	0.01397	0.01420	0.01140	0.00999	0.01254	0.31885	0.00773	0.16376	0.33666	0.01728	0.03995	0.01276	0.01042	0.00543	0.00431	0.00133	0.00538	0.00410	0.00366	0.00628
7	0.00642	0.00428	0.00482	0.00482	0.00482	0.00428	0.00268	0.00642	0.00642	0.00856	0.01392	0.02890	0.01606	0.84478	0.02248	0.00428	0.00428	0.00642	0.00268	0.00268
8	0.00646	0.00451	0.00570	0.00613	0.00710	0.00414	0.00465	0.00779	0.00993	0.04914	0.12985	0.33111	0.23267	0.01182	0.00552	0.00169	0.00278	0.17077	0.00425	0.00397
9	0.00536	0.00445	0.00468	0.00468	0.00606	0.00378	0.00349	0.00658	0.01030	0.01263	0.14061	0.07679	0.68331	0.01103	0.00524	0.00149	0.00223	0.00930	0.00420	0.00378
10	0.01100	0.00884	0.00952	0.00846	0.01087	0.00992	0.00660	0.06086	0.61804	0.05755	0.09409	0.01887	0.05290	0.00646	0.00459	0.00147	0.00339	0.00540	0.00455	0.00662

[dist]
# distance from previous block
# <min> <max>
0	6

[block]
# block no. 6 follows, 59 sequences, length 17
# corresponding to MSA columns:
# 409-425
name=unknown_G
#
# <colnr> <probs for GDERKNQSTAVLIFYWHMCP>
#	G	D	E	R	K	N	Q	S	T	A	V	L	I	F	Y	W	H	M	C	P
0	0.01808	0.04962	0.01080	0.00802	0.01121	0.06331	0.00659	0.02026	0.05014	0.64583	0.05724	0.01515	0.01202	0.00553	0.00437	0.00134	0.00399	0.00444	0.00500	0.00706
1	0.00915	0.01124	0.11529	0.01253	0.02695	0.07617	0.31365	0.01203	0.01066	0.01417	0.17630	0.05080	0.06665	0.00641	0.00531	0.00148	0.02954	0.05338	0.00302	0.00523
2	0.42923	0.22751	0.08399	0.00762	0.01091	0.09232	0.00704	0.01431	0.05195	0.03043	0.00721	0.00807	0.00575	0.00420	0.00314	0.00125	0.00449	0.00268	0.00254	0.00537
3	0.08754	0.54013	0.05289	0.00812	0.01175	0.07802	0.00772	0.06622	0.01027	0.09076	0.00765	0.00825	0.00622	0.00415	0.00323	0.00108	0.00485	0.00275	0.00250	0.00589
4	0.01055	0.01004	0.01704	0.06013	0.73737	0.01010	0.01296	0.01316	0.01014	0.01448	0.05453	0.01223	0.00894	0.00425	0.00442	0.00132	0.00509	0.00417	0.00233	0.00675
5	0.05239	0.00408	0.00579	0.00576	0.00590	0.00415	0.00388	0.00613	0.00584	0.00830	0.00759	0.01310	0.00752	0.01476	0.01651	0.82669	0.00381	0.00376	0.00196	0.00207
6	0.01083	0.01039	0.01774	0.05866	0.78647	0.01047	0.01350	0.01347	0.01001	0.01431	0.00829	0.01096	0.00695	0.00395	0.00437	0.00132	0.00527	0.00393	0.00218	0.00691
7	0.00522	0.00447	0.00447	0.00447	0.00597	0.00373	0.00336	0.00634	0.01007	0.01193	0.04474	0.04250	0.81544	0.01119	0.00522	0.00149	0.00224	0.00932	0.00410	0.00373
8	0.00922	0.00517	0.00686	0.00606	0.00762	0.00468	0.00468	0.01122	0.01253	0.19341	0.64032	0.02906	0.03494	0.00825	0.00504	0.00138	0.00245	0.00721	0.00499	0.00490
9	0.01581	0.01264	0.01265	0.01007	0.01333	0.08287	0.00818	0.60721	0.14973	0.02484	0.01149	0.01134	0.00834	0.00535	0.00439	0.00134	0.00490	0.00405	0.00425	0.00722
10	0.01193	0.76731	0.05694	0.00798	0.01180	0.06090	0.00799	0.01350	0.00918	0.01057	0.00625	0.00723	0.00567	0.00384	0.00295	0.00097	0.00498	0.00243	0.00191	0.00568
11	0.02740	0.00605	0.00593	0.00547	0.00696	0.02968	0.00421	0.09083	0.08819	0.01773	0.03212	0.01582	0.01154	0.00529	0.00342	0.00112	0.00268	0.00420	0.63656	0.00478
12	0.00646	0.00433	0.00509	0.00512	0.00532	0.00442	0.00314	0.00684	0.00680	0.00939	0.01457	0.04481	0.03307	0.64726	0.13228	0.00437	0.00512	0.00626	0.05238	0.00298
13	0.00834	0.00785	0.01325	0.83417	0.03042	0.00981	0.01227	0.01128	0.00883	0.01128	0.00785	0.01178	0.00589	0.00442	0.00442	0.00147	0.00589	0.00393	0.00196	0.00491
14	0.00718	0.00490	0.00605	0.00636	0.00713	0.00482	0.00443	0.02096	0.09042	0.05866	0.05864	0.49943	0.05043	0.13286	0.00786	0.00207	0.00301	0.02659	0.00405	0.00413
15	0.01019	0.01145	0.02468	0.01819	0.04769	0.01075	0.73254	0.01375	0.01042	0.01418	0.03137	0.03491	0.00828	0.00415	0.00520	0.00149	0.00710	0.00545	0.00235	0.00588
16	0.07926	0.21490	0.38898	0.00927	0.01367	0.01062	0.01064	0.01242	0.00967	0.01415	0.14804	0.01412	0.04661	0.00522	0.00397	0.00129	0.00489	0.00405	0.00255	0.00565

[dist]
# distance from previous block
# <min> <max>
0	16

# created by:
# /st0/software/busco_prod/Augustus/scripts/msa2prfl.pl ./align_prep/143564.fa
