[name]
unknown

[dist]
# distance from previous block
# <min> <max>
68	213

[block]
# block no. 0 follows, 45 sequences, length 6
# corresponding to MSA columns:
# 352-357
name=unknown_A
#
# <colnr> <probs for GDERKNQSTAVLIFYWHMCP>
#	G	D	E	R	K	N	Q	S	T	A	V	L	I	F	Y	W	H	M	C	P
0	0.00834	0.00644	0.00687	0.00647	0.00807	0.00608	0.00468	0.09290	0.01281	0.01615	0.08312	0.07270	0.44735	0.19151	0.01095	0.00256	0.00364	0.00986	0.00469	0.00479
1	0.06252	0.07107	0.12450	0.04973	0.10976	0.02838	0.07983	0.03427	0.02673	0.10558	0.17661	0.01968	0.03163	0.00714	0.00610	0.02567	0.02419	0.00580	0.00391	0.00690
2	0.01387	0.01234	0.01235	0.00957	0.01369	0.10506	0.00757	0.17210	0.01456	0.02015	0.01148	0.06632	0.00997	0.00558	0.00458	0.00114	0.00503	0.00440	0.00372	0.50653
3	0.01616	0.01337	0.01299	0.01128	0.01455	0.10842	0.00885	0.10768	0.50906	0.10838	0.01912	0.01777	0.01408	0.00690	0.00537	0.00173	0.00513	0.00554	0.00525	0.00836
4	0.05134	0.01299	0.01674	0.09287	0.33450	0.06957	0.01250	0.05387	0.26113	0.01950	0.01378	0.01511	0.01076	0.00580	0.00525	0.00167	0.00587	0.00503	0.00371	0.00801
5	0.10924	0.01052	0.01174	0.06399	0.01446	0.01133	0.00813	0.19296	0.19164	0.11409	0.11179	0.02110	0.07518	0.00746	0.00531	0.00168	0.00453	0.00602	0.00507	0.03374

[dist]
# distance from previous block
# <min> <max>
42	131

[block]
# block no. 1 follows, 45 sequences, length 26
# corresponding to MSA columns:
# 499-524
name=unknown_B
#
# <colnr> <probs for GDERKNQSTAVLIFYWHMCP>
#	G	D	E	R	K	N	Q	S	T	A	V	L	I	F	Y	W	H	M	C	P
0	0.06372	0.01608	0.07608	0.20819	0.02334	0.20015	0.14705	0.05376	0.01284	0.04331	0.00986	0.01254	0.00759	0.00592	0.01567	0.00174	0.05331	0.00453	0.00292	0.04141
1	0.09987	0.04187	0.01781	0.45091	0.14338	0.01234	0.08428	0.01509	0.01111	0.03588	0.00976	0.01337	0.00749	0.00512	0.00512	0.00169	0.00669	0.00462	0.00269	0.03091
2	0.01490	0.01388	0.02242	0.09802	0.19695	0.07698	0.28362	0.07400	0.05466	0.09261	0.01209	0.01434	0.00905	0.00525	0.00567	0.00169	0.00737	0.00537	0.00340	0.00771
3	0.15404	0.01121	0.01347	0.01077	0.01457	0.05846	0.08161	0.03914	0.11642	0.30583	0.03081	0.01721	0.01237	0.00632	0.00509	0.00163	0.00517	0.03097	0.00491	0.07999
4	0.06455	0.02239	0.01475	0.01307	0.01610	0.58978	0.00998	0.12638	0.06306	0.01724	0.00975	0.01073	0.00776	0.00574	0.00487	0.00146	0.00851	0.00378	0.00333	0.00675
5	0.01311	0.06064	0.01313	0.00902	0.01356	0.01015	0.00737	0.14411	0.07174	0.02040	0.01094	0.01196	0.00874	0.00470	0.00430	0.00104	0.00444	0.00367	0.00368	0.58332
6	0.01374	0.68708	0.10180	0.05880	0.01615	0.01980	0.01059	0.01602	0.01094	0.01313	0.00781	0.00923	0.00690	0.00469	0.00373	0.00124	0.00604	0.00310	0.00230	0.00693
7	0.00667	0.00542	0.00595	0.00619	0.00774	0.00471	0.00469	0.00816	0.01220	0.01500	0.09374	0.13919	0.57255	0.01392	0.00651	0.00191	0.00297	0.08286	0.00504	0.00458
8	0.01202	0.01473	0.10123	0.15978	0.05514	0.01326	0.49906	0.01637	0.01201	0.01640	0.01033	0.01399	0.00781	0.00493	0.00644	0.00181	0.03932	0.00571	0.00260	0.00707
9	0.01437	0.61811	0.14086	0.01057	0.01548	0.09563	0.01091	0.01674	0.01140	0.01334	0.00787	0.00913	0.00688	0.00476	0.00383	0.00125	0.00646	0.00309	0.00234	0.00698
10	0.00651	0.00541	0.00549	0.00549	0.00709	0.00461	0.00398	0.00772	0.01172	0.01403	0.05005	0.04975	0.68831	0.10578	0.00877	0.00220	0.00301	0.01092	0.00478	0.00438
11	0.00637	0.00532	0.00556	0.00575	0.00733	0.00451	0.00421	0.00767	0.01194	0.01438	0.05064	0.16577	0.66400	0.01408	0.00642	0.00187	0.00278	0.01192	0.00498	0.00451
12	0.01448	0.09195	0.01417	0.01120	0.01435	0.13403	0.00885	0.02622	0.57810	0.02006	0.01835	0.01732	0.01400	0.00675	0.00517	0.00169	0.00523	0.00535	0.00474	0.00799
13	0.75279	0.10331	0.01023	0.00730	0.01077	0.01310	0.00620	0.01581	0.00934	0.02276	0.00747	0.00871	0.00594	0.00494	0.00334	0.00160	0.00434	0.00290	0.00320	0.00594
14	0.00681	0.00529	0.00564	0.00576	0.00687	0.00472	0.00391	0.00771	0.01069	0.01317	0.04054	0.11918	0.47327	0.25800	0.01281	0.00289	0.00352	0.01063	0.00445	0.00412
15	0.00760	0.00549	0.00718	0.00675	0.00802	0.00506	0.00506	0.01013	0.01519	0.02153	0.77503	0.04010	0.05065	0.01097	0.00633	0.00169	0.00253	0.00971	0.00591	0.00506
16	0.01390	0.01392	0.02119	0.03121	0.70851	0.08355	0.01592	0.01693	0.01249	0.01714	0.00993	0.01296	0.00836	0.00485	0.00527	0.00158	0.00668	0.00466	0.00267	0.00830
17	0.00664	0.00491	0.00639	0.00731	0.00792	0.00466	0.00505	0.00775	0.01037	0.01367	0.03141	0.60762	0.13995	0.01906	0.09729	0.00287	0.00436	0.01359	0.00474	0.00443
18	0.00654	0.00467	0.00623	0.00747	0.00779	0.00436	0.00498	0.00747	0.01028	0.01370	0.02959	0.80785	0.03550	0.01682	0.00685	0.00218	0.00311	0.01526	0.00498	0.00436
19	0.01938	0.02439	0.01561	0.01486	0.05719	0.71973	0.01075	0.02086	0.01479	0.01336	0.00835	0.00995	0.00700	0.00563	0.00534	0.00143	0.03872	0.00357	0.00274	0.00633
20	0.80516	0.01031	0.00813	0.00719	0.01056	0.01182	0.00592	0.01633	0.00947	0.06457	0.00821	0.00923	0.00621	0.00507	0.00343	0.00166	0.00417	0.00304	0.00350	0.00599
21	0.01843	0.02279	0.01770	0.01724	0.11952	0.61024	0.08408	0.02036	0.01456	0.01412	0.00879	0.01063	0.00725	0.00533	0.00505	0.00145	0.00918	0.00391	0.00275	0.00663
22	0.10621	0.00729	0.00840	0.00743	0.00954	0.00715	0.00574	0.05268	0.05546	0.02214	0.52968	0.03109	0.03720	0.00915	0.00565	0.00160	0.00314	0.00782	0.00529	0.08732
23	0.09869	0.02065	0.01785	0.01508	0.03394	0.49362	0.16582	0.01947	0.01381	0.01538	0.00886	0.01074	0.00715	0.00517	0.00497	0.00147	0.00863	0.00402	0.00283	0.05187
24	0.00875	0.00718	0.01076	0.00990	0.05224	0.00651	0.07923	0.01141	0.01405	0.02000	0.53031	0.07434	0.03847	0.00952	0.00603	0.00162	0.00357	0.00866	0.00506	0.10239
25	0.11386	0.01098	0.01723	0.01297	0.01703	0.01060	0.20559	0.01997	0.01280	0.33673	0.01427	0.01477	0.00990	0.00587	0.00641	0.00167	0.08148	0.00505	0.00444	0.09839

[dist]
# distance from previous block
# <min> <max>
3	24

[block]
# block no. 2 follows, 45 sequences, length 18
# corresponding to MSA columns:
# 567-584
name=unknown_C
#
# <colnr> <probs for GDERKNQSTAVLIFYWHMCP>
#	G	D	E	R	K	N	Q	S	T	A	V	L	I	F	Y	W	H	M	C	P
0	0.00977	0.00792	0.00944	0.00768	0.01077	0.00673	0.00609	0.01188	0.01206	0.03814	0.14756	0.02735	0.18460	0.00813	0.00584	0.00135	0.04796	0.04046	0.00416	0.41211
1	0.01243	0.01091	0.01757	0.01392	0.01713	0.01112	0.24934	0.15252	0.04544	0.03864	0.06296	0.08552	0.09655	0.00891	0.00699	0.00191	0.05665	0.10055	0.00427	0.00669
2	0.05876	0.01050	0.01351	0.09946	0.04707	0.01055	0.00929	0.13295	0.08894	0.42690	0.01735	0.01639	0.01162	0.00632	0.00526	0.00166	0.00507	0.00512	0.00547	0.02783
3	0.01542	0.01305	0.01327	0.01141	0.01475	0.05019	0.00901	0.21016	0.54841	0.02485	0.01899	0.01777	0.01414	0.00699	0.00541	0.00175	0.00491	0.00564	0.00531	0.00855
4	0.01014	0.00954	0.01610	0.79845	0.03697	0.01193	0.01491	0.01371	0.01073	0.01371	0.00954	0.01431	0.00716	0.00537	0.00537	0.00179	0.00716	0.00477	0.00239	0.00596
5	0.00634	0.00544	0.00544	0.00544	0.00725	0.00453	0.00408	0.00770	0.01224	0.01450	0.05438	0.05166	0.77569	0.01359	0.00634	0.00181	0.00272	0.01133	0.00498	0.00453
6	0.02005	0.02558	0.01521	0.01383	0.01659	0.78980	0.01037	0.02143	0.01521	0.01314	0.00830	0.00968	0.00691	0.00553	0.00484	0.00138	0.00968	0.00346	0.00277	0.00622
7	0.02005	0.02558	0.01521	0.01383	0.01659	0.78980	0.01037	0.02143	0.01521	0.01314	0.00830	0.00968	0.00691	0.00553	0.00484	0.00138	0.00968	0.00346	0.00277	0.00622
8	0.01014	0.00954	0.01610	0.79845	0.03697	0.01193	0.01491	0.01371	0.01073	0.01371	0.00954	0.01431	0.00716	0.00537	0.00537	0.00179	0.00716	0.00477	0.00239	0.00596
9	0.84927	0.01038	0.00789	0.00706	0.01038	0.01204	0.00581	0.01578	0.00914	0.02408	0.00747	0.00872	0.00581	0.00498	0.00332	0.00166	0.00415	0.00291	0.00332	0.00581
10	0.01113	0.00954	0.01113	0.00795	0.01272	0.00716	0.00636	0.01352	0.01113	0.01749	0.00954	0.01113	0.00795	0.00398	0.00398	0.00080	0.00398	0.00318	0.00318	0.84417
11	0.01113	0.00954	0.01113	0.00795	0.01272	0.00716	0.00636	0.01352	0.01113	0.01749	0.00954	0.01113	0.00795	0.00398	0.00398	0.00080	0.00398	0.00318	0.00318	0.84417
12	0.01029	0.01082	0.06519	0.72156	0.06223	0.01199	0.01528	0.01402	0.01082	0.01406	0.00957	0.01409	0.00718	0.00533	0.00535	0.00178	0.00718	0.00472	0.00239	0.00618
13	0.00634	0.00544	0.00544	0.00544	0.00725	0.00453	0.00408	0.00770	0.01224	0.01450	0.05438	0.05166	0.77569	0.01359	0.00634	0.00181	0.00272	0.01133	0.00498	0.00453
14	0.01842	0.01413	0.01561	0.01335	0.06456	0.01568	0.01023	0.55419	0.18531	0.03033	0.01465	0.01446	0.01066	0.00652	0.00539	0.00166	0.00558	0.00510	0.00522	0.00895
15	0.01386	0.70640	0.13199	0.01003	0.01508	0.02003	0.01065	0.01620	0.01097	0.01323	0.00776	0.00899	0.00688	0.00466	0.00367	0.00122	0.00604	0.00302	0.00229	0.00703
16	0.01074	0.00626	0.00815	0.00750	0.00922	0.00575	0.00567	0.03217	0.01452	0.16012	0.45961	0.17185	0.06472	0.01118	0.00623	0.00177	0.00310	0.00983	0.00583	0.00578
17	0.01162	0.01049	0.01487	0.01076	0.01548	0.00860	0.14203	0.04374	0.01194	0.01796	0.01058	0.03846	0.00895	0.00460	0.00455	0.00106	0.00494	0.00422	0.00324	0.63191

[dist]
# distance from previous block
# <min> <max>
247	414

[block]
# block no. 3 follows, 45 sequences, length 28
# corresponding to MSA columns:
# 1267-1294
name=unknown_D
#
# <colnr> <probs for GDERKNQSTAVLIFYWHMCP>
#	G	D	E	R	K	N	Q	S	T	A	V	L	I	F	Y	W	H	M	C	P
0	0.01428	0.01229	0.03878	0.03380	0.08631	0.04700	0.02465	0.19986	0.12161	0.05496	0.01701	0.03982	0.07213	0.03200	0.00589	0.00162	0.00524	0.00552	0.00426	0.18296
1	0.10551	0.01116	0.01446	0.02951	0.05242	0.04877	0.11718	0.07757	0.11916	0.15014	0.06863	0.02110	0.07333	0.02515	0.00591	0.00177	0.00535	0.02702	0.00452	0.04134
2	0.15558	0.04349	0.03807	0.01063	0.01460	0.02542	0.06342	0.10337	0.19729	0.03523	0.01353	0.01410	0.02359	0.00572	0.00501	0.00149	0.02536	0.00450	0.00398	0.21564
3	0.07033	0.02895	0.06457	0.01088	0.03070	0.01116	0.05821	0.13500	0.20683	0.03165	0.04012	0.05275	0.06240	0.14125	0.00902	0.00229	0.00512	0.00643	0.00432	0.02800
4	0.03872	0.10246	0.03738	0.01044	0.01428	0.09241	0.00872	0.20376	0.10999	0.02121	0.03185	0.05444	0.01148	0.00626	0.00506	0.00141	0.02271	0.00479	0.00400	0.21863
5	0.03580	0.05363	0.01227	0.08679	0.01433	0.03226	0.00834	0.05994	0.10231	0.01672	0.05348	0.01785	0.02584	0.01745	0.26009	0.00384	0.06663	0.00519	0.00347	0.12376
6	0.03012	0.01020	0.06423	0.03262	0.01283	0.05427	0.02336	0.05621	0.03349	0.06526	0.01388	0.03583	0.01257	0.12252	0.31963	0.00490	0.06592	0.00565	0.00335	0.03315
7	0.04063	0.04690	0.01535	0.09691	0.05584	0.01119	0.06178	0.12815	0.03413	0.10305	0.01193	0.02961	0.00932	0.00551	0.00535	0.00140	0.03822	0.00452	0.00377	0.29645
8	0.00768	0.00569	0.00829	0.00829	0.00914	0.00653	0.00629	0.00937	0.00853	0.01221	0.01468	0.02278	0.01416	0.13329	0.69806	0.00821	0.01327	0.00600	0.00292	0.00461
9	0.01048	0.01005	0.01710	0.48030	0.08346	0.01202	0.08558	0.01358	0.01056	0.01415	0.01074	0.05673	0.00921	0.00838	0.05242	0.00226	0.10873	0.00553	0.00260	0.00610
10	0.01195	0.00995	0.01149	0.00836	0.01294	0.00806	0.00671	0.09074	0.01275	0.01934	0.04006	0.01245	0.00976	0.00451	0.00421	0.00091	0.00412	0.00361	0.00351	0.72456
11	0.01014	0.00954	0.01610	0.79845	0.03697	0.01193	0.01491	0.01371	0.01073	0.01371	0.00954	0.01431	0.00716	0.00537	0.00537	0.00179	0.00716	0.00477	0.00239	0.00596
12	0.01123	0.00963	0.01118	0.00808	0.01278	0.00743	0.00645	0.01418	0.04446	0.01771	0.01008	0.01152	0.00832	0.00412	0.00404	0.00084	0.00399	0.00331	0.00328	0.80738
13	0.84927	0.01038	0.00789	0.00706	0.01038	0.01204	0.00581	0.01578	0.00914	0.02408	0.00747	0.00872	0.00581	0.00498	0.00332	0.00166	0.00415	0.00291	0.00332	0.00581
14	0.00637	0.00535	0.00552	0.00566	0.00731	0.00451	0.00418	0.00768	0.01202	0.01441	0.05165	0.13477	0.69433	0.01395	0.00640	0.00185	0.00276	0.01176	0.00498	0.00451
15	0.00760	0.00549	0.00718	0.00675	0.00802	0.00506	0.00506	0.01013	0.01519	0.02153	0.77503	0.04010	0.05065	0.01097	0.00633	0.00169	0.00253	0.00971	0.00591	0.00506
16	0.00653	0.00469	0.00620	0.00741	0.00777	0.00437	0.00496	0.00748	0.01034	0.01373	0.03034	0.78490	0.05796	0.01672	0.00684	0.00217	0.00310	0.01514	0.00498	0.00437
17	0.01435	0.81458	0.02813	0.00918	0.01378	0.02124	0.00918	0.01607	0.01091	0.01263	0.00746	0.00861	0.00689	0.00459	0.00344	0.00115	0.00574	0.00287	0.00230	0.00689
18	0.01435	0.81458	0.02813	0.00918	0.01378	0.02124	0.00918	0.01607	0.01091	0.01263	0.00746	0.00861	0.00689	0.00459	0.00344	0.00115	0.00574	0.00287	0.00230	0.00689
19	0.01249	0.01076	0.01175	0.00977	0.01348	0.01095	0.00767	0.02270	0.47437	0.02053	0.01707	0.01657	0.01311	0.00600	0.00489	0.00142	0.00414	0.00495	0.00458	0.33282
20	0.00970	0.11162	0.42134	0.01183	0.01668	0.01064	0.01336	0.01354	0.01091	0.01533	0.01641	0.29166	0.01692	0.00917	0.00552	0.00180	0.00598	0.00782	0.00323	0.00655
21	0.01007	0.29053	0.01447	0.00780	0.00968	0.01127	0.00630	0.01121	0.00913	0.01176	0.01288	0.02189	0.01338	0.31343	0.23027	0.00472	0.00794	0.00550	0.00281	0.00496
22	0.01097	0.01002	0.01697	0.04814	0.42435	0.01038	0.04780	0.01372	0.01087	0.01549	0.01221	0.03993	0.01098	0.01765	0.28191	0.00411	0.00925	0.00551	0.00280	0.00693
23	0.01216	0.01018	0.01164	0.03195	0.01386	0.00934	0.00735	0.01875	0.25859	0.03856	0.01386	0.01431	0.01082	0.00516	0.00454	0.00118	0.00417	0.00423	0.00399	0.52537
24	0.61244	0.03396	0.01049	0.00952	0.04926	0.01263	0.00740	0.03565	0.00994	0.03746	0.00890	0.01187	0.00746	0.00597	0.00532	0.00175	0.09470	0.03583	0.00334	0.00610
25	0.39301	0.01010	0.01040	0.05749	0.03514	0.01100	0.00748	0.07508	0.08818	0.14133	0.01549	0.05475	0.05366	0.00667	0.00456	0.00170	0.00447	0.00503	0.00431	0.02013
26	0.09822	0.01195	0.01926	0.16438	0.06801	0.03736	0.25346	0.04569	0.02820	0.01787	0.05669	0.01609	0.03762	0.00584	0.00609	0.00170	0.04941	0.00547	0.00317	0.07352
27	0.31659	0.01058	0.01218	0.08347	0.06676	0.03847	0.04812	0.03581	0.01113	0.04141	0.03253	0.05913	0.01029	0.00687	0.02754	0.00174	0.01979	0.00463	0.00340	0.16956

[dist]
# distance from previous block
# <min> <max>
5	32

[block]
# block no. 4 follows, 45 sequences, length 20
# corresponding to MSA columns:
# 1336-1341,1351-1364
name=unknown_E
#
# <colnr> <probs for GDERKNQSTAVLIFYWHMCP>
#	G	D	E	R	K	N	Q	S	T	A	V	L	I	F	Y	W	H	M	C	P
0	0.01133	0.04562	0.01327	0.03700	0.01351	0.04550	0.04156	0.01366	0.03848	0.05116	0.05829	0.10896	0.07721	0.00954	0.03259	0.00192	0.20722	0.00647	0.00361	0.18310
1	0.11018	0.01052	0.01191	0.00928	0.01303	0.01027	0.00751	0.06682	0.08872	0.01928	0.01045	0.01196	0.00852	0.00533	0.00599	0.00127	0.11175	0.00376	0.00347	0.48998
2	0.17778	0.01213	0.01618	0.01248	0.01625	0.04199	0.17808	0.15416	0.01397	0.03585	0.06455	0.01436	0.01108	0.00731	0.04112	0.00189	0.05152	0.00487	0.00369	0.14073
3	0.04736	0.00922	0.01062	0.01148	0.09429	0.07966	0.00780	0.03034	0.04406	0.01543	0.04718	0.13194	0.10238	0.03237	0.24226	0.00388	0.04509	0.00730	0.00367	0.03366
4	0.71802	0.01011	0.00826	0.00716	0.01059	0.01121	0.00585	0.01531	0.00959	0.02319	0.03415	0.01009	0.00762	0.00507	0.00351	0.00156	0.00408	0.00317	0.00339	0.10808
5	0.01316	0.46398	0.33092	0.01184	0.01770	0.05145	0.01351	0.01668	0.01127	0.01441	0.00837	0.00975	0.00685	0.00484	0.00417	0.00138	0.00679	0.00334	0.00230	0.00728
6	0.00740	0.00619	0.00654	0.00632	0.00819	0.00569	0.00478	0.01064	0.10495	0.01661	0.16692	0.04593	0.56582	0.01240	0.00623	0.00179	0.00288	0.01042	0.00519	0.00510
7	0.00781	0.00520	0.00585	0.00585	0.00585	0.00520	0.00325	0.00781	0.00781	0.01041	0.01691	0.03513	0.01952	0.81135	0.02732	0.00520	0.00520	0.00781	0.00325	0.00325
8	0.01435	0.81458	0.02813	0.00918	0.01378	0.02124	0.00918	0.01607	0.01091	0.01263	0.00746	0.00861	0.00689	0.00459	0.00344	0.00115	0.00574	0.00287	0.00230	0.00689
9	0.00738	0.00548	0.00688	0.00653	0.00789	0.00497	0.00490	0.00972	0.01469	0.02033	0.65266	0.04206	0.17377	0.01142	0.00633	0.00171	0.00256	0.00998	0.00575	0.00497
10	0.01247	0.01059	0.01140	0.01038	0.01312	0.01206	0.00808	0.02561	0.64722	0.02210	0.11401	0.02403	0.02112	0.00802	0.00564	0.00183	0.00407	0.03481	0.00550	0.00794
11	0.00741	0.00534	0.00701	0.00688	0.00798	0.00494	0.00505	0.00966	0.01433	0.02015	0.64377	0.17529	0.04798	0.01200	0.00642	0.00177	0.00263	0.01069	0.00575	0.00494
12	0.01945	0.01461	0.01581	0.01231	0.01632	0.01637	0.01014	0.66753	0.08411	0.03197	0.01334	0.01341	0.00962	0.00664	0.00593	0.00166	0.04168	0.00493	0.00524	0.00893
13	0.02346	0.00900	0.01226	0.00944	0.01349	0.00778	0.00778	0.02555	0.01536	0.75261	0.04991	0.01910	0.01471	0.00681	0.00543	0.00166	0.00449	0.00556	0.00662	0.00898
14	0.00656	0.00545	0.00573	0.00566	0.00738	0.00462	0.00425	0.00812	0.01274	0.01569	0.17668	0.04970	0.65264	0.01315	0.00634	0.00179	0.00269	0.01105	0.00514	0.00462
15	0.01263	0.01435	0.03096	0.02222	0.02740	0.01371	0.72337	0.01699	0.01246	0.01699	0.01068	0.01435	0.00809	0.00475	0.00686	0.00184	0.04620	0.00626	0.00270	0.00718
16	0.84927	0.01038	0.00789	0.00706	0.01038	0.01204	0.00581	0.01578	0.00914	0.02408	0.00747	0.00872	0.00581	0.00498	0.00332	0.00166	0.00415	0.00291	0.00332	0.00581
17	0.04751	0.01025	0.04479	0.00822	0.01295	0.00753	0.00689	0.01361	0.01103	0.01766	0.00998	0.03192	0.00853	0.00441	0.00407	0.00091	0.00413	0.00352	0.00319	0.74889
18	0.65017	0.01065	0.00958	0.00880	0.04490	0.01181	0.00678	0.06622	0.01096	0.08897	0.00921	0.01012	0.00689	0.00517	0.00375	0.00162	0.00439	0.00334	0.00371	0.04296
19	0.54339	0.07929	0.05669	0.00869	0.01262	0.01328	0.00772	0.13486	0.01230	0.05777	0.00912	0.01000	0.00687	0.00524	0.00387	0.00159	0.00480	0.00339	0.00365	0.02486

[dist]
# distance from previous block
# <min> <max>
12	55

[block]
# block no. 5 follows, 45 sequences, length 32
# corresponding to MSA columns:
# 1431-1440,1443-1453,1455-1465
name=unknown_F
#
# <colnr> <probs for GDERKNQSTAVLIFYWHMCP>
#	G	D	E	R	K	N	Q	S	T	A	V	L	I	F	Y	W	H	M	C	P
0	0.15512	0.14221	0.15423	0.01202	0.03525	0.05329	0.05462	0.07826	0.03086	0.14469	0.01130	0.01209	0.00833	0.00549	0.00507	0.00156	0.03468	0.00409	0.00361	0.05323
1	0.08197	0.31961	0.03929	0.00928	0.01306	0.01374	0.02383	0.06385	0.01326	0.15675	0.14281	0.01745	0.03536	0.00652	0.00487	0.00146	0.01981	0.00499	0.00408	0.02802
2	0.01400	0.33581	0.03961	0.00936	0.01296	0.01456	0.00843	0.18327	0.01563	0.05188	0.23933	0.01949	0.02077	0.00702	0.00487	0.00145	0.00483	0.00550	0.00425	0.00697
3	0.00681	0.00543	0.00610	0.00599	0.00755	0.00472	0.00447	0.00858	0.01325	0.01704	0.31728	0.07291	0.48541	0.01274	0.00636	0.00178	0.00266	0.01087	0.00532	0.00472
4	0.00644	0.00519	0.00575	0.00615	0.00745	0.00449	0.00441	0.00770	0.01167	0.01443	0.06624	0.30217	0.50996	0.01459	0.00651	0.00193	0.00284	0.01259	0.00501	0.00449
5	0.01147	0.00959	0.01051	0.00974	0.01212	0.01075	0.00744	0.02261	0.53844	0.02124	0.16213	0.11772	0.02501	0.00910	0.00579	0.00184	0.00380	0.00784	0.00549	0.00737
6	0.01866	0.01369	0.01518	0.01277	0.05085	0.01508	0.00993	0.50148	0.20020	0.08209	0.01546	0.01497	0.01111	0.00658	0.00539	0.00166	0.00544	0.00516	0.00535	0.00895
7	0.02129	0.00965	0.01247	0.00945	0.01373	0.00840	0.00776	0.07834	0.01528	0.57714	0.01829	0.01648	0.01194	0.00611	0.00512	0.00149	0.00455	0.00492	0.00587	0.17171
8	0.01174	0.01132	0.11358	0.01027	0.01353	0.00933	0.05942	0.16302	0.04372	0.05369	0.36992	0.02814	0.07225	0.00869	0.00591	0.00169	0.00452	0.00753	0.00506	0.00667
9	0.45268	0.06882	0.24733	0.00992	0.01485	0.01233	0.01049	0.01678	0.01041	0.07138	0.00912	0.01023	0.00676	0.00507	0.00404	0.00161	0.00544	0.00340	0.00315	0.03619
10	0.47178	0.21268	0.10147	0.00905	0.01325	0.04193	0.00864	0.05771	0.01094	0.02060	0.00805	0.00926	0.00642	0.00500	0.00372	0.00153	0.00527	0.00314	0.00304	0.00652
11	0.01237	0.09272	0.21234	0.01960	0.02555	0.01403	0.51032	0.01704	0.01218	0.01672	0.01025	0.01317	0.00770	0.00467	0.00577	0.00172	0.00847	0.00544	0.00257	0.00737
12	0.63451	0.01163	0.01054	0.02780	0.01252	0.06070	0.03354	0.01574	0.00955	0.02140	0.00763	0.00953	0.00616	0.00561	0.00552	0.00175	0.11351	0.00335	0.00311	0.00590
13	0.00780	0.00522	0.00594	0.00594	0.00596	0.00525	0.00335	0.00786	0.00783	0.01047	0.01684	0.03472	0.01934	0.78898	0.04946	0.00530	0.00547	0.00775	0.00324	0.00330
14	0.00760	0.00549	0.00718	0.00675	0.00802	0.00506	0.00506	0.01013	0.01519	0.02153	0.77503	0.04010	0.05065	0.01097	0.00633	0.00169	0.00253	0.00971	0.00591	0.00506
15	0.02041	0.01504	0.01611	0.01235	0.01665	0.01665	0.01020	0.75997	0.02524	0.03383	0.01289	0.01289	0.00913	0.00644	0.00537	0.00161	0.00591	0.00483	0.00537	0.00913
16	0.00634	0.00544	0.00544	0.00544	0.00725	0.00453	0.00408	0.00770	0.01224	0.01450	0.05438	0.05166	0.77569	0.01359	0.00634	0.00181	0.00272	0.01133	0.00498	0.00453
17	0.01435	0.81458	0.02813	0.00918	0.01378	0.02124	0.00918	0.01607	0.01091	0.01263	0.00746	0.00861	0.00689	0.00459	0.00344	0.00115	0.00574	0.00287	0.00230	0.00689
18	0.84927	0.01038	0.00789	0.00706	0.01038	0.01204	0.00581	0.01578	0.00914	0.02408	0.00747	0.00872	0.00581	0.00498	0.00332	0.00166	0.00415	0.00291	0.00332	0.00581
19	0.01329	0.01275	0.02179	0.03295	0.77787	0.01275	0.01647	0.01647	0.01222	0.01754	0.01010	0.01329	0.00850	0.00478	0.00531	0.00159	0.00638	0.00478	0.00266	0.00850
20	0.01014	0.00954	0.01610	0.79845	0.03697	0.01193	0.01491	0.01371	0.01073	0.01371	0.00954	0.01431	0.00716	0.00537	0.00537	0.00179	0.00716	0.00477	0.00239	0.00596
21	0.01385	0.01178	0.01242	0.01103	0.01415	0.01359	0.00862	0.08064	0.71523	0.02327	0.02121	0.01952	0.01587	0.00722	0.00546	0.00181	0.00437	0.00598	0.00546	0.00854
22	0.00779	0.00593	0.00886	0.00879	0.00972	0.00700	0.00686	0.00969	0.00861	0.01247	0.01416	0.02080	0.01323	0.03932	0.76668	0.00844	0.03822	0.00572	0.00286	0.00483
23	0.00658	0.00504	0.00605	0.00679	0.00773	0.00452	0.00479	0.00777	0.01122	0.01429	0.05729	0.47473	0.31341	0.01538	0.00667	0.00204	0.00303	0.04319	0.00500	0.00447
24	0.01967	0.08109	0.01619	0.01340	0.01640	0.68280	0.01028	0.07095	0.01558	0.01450	0.00855	0.00982	0.00706	0.00553	0.00478	0.00138	0.00914	0.00351	0.00291	0.00647
25	0.00659	0.00469	0.00621	0.00741	0.00771	0.00439	0.00492	0.00749	0.01019	0.01358	0.02912	0.77944	0.03492	0.04603	0.00760	0.00229	0.00319	0.01499	0.00492	0.00432
26	0.00781	0.00520	0.00585	0.00585	0.00585	0.00520	0.00325	0.00781	0.00781	0.01041	0.01691	0.03513	0.01952	0.81135	0.02732	0.00520	0.00520	0.00781	0.00325	0.00325
27	0.43026	0.28723	0.08846	0.00901	0.01317	0.06702	0.00859	0.01637	0.01035	0.01878	0.00773	0.00899	0.00635	0.00490	0.00363	0.00147	0.00542	0.00303	0.00284	0.00641
28	0.06077	0.26361	0.10280	0.01162	0.01576	0.22700	0.01052	0.10747	0.11976	0.01775	0.01059	0.01131	0.00842	0.00552	0.00451	0.00145	0.00678	0.00383	0.00328	0.00726
29	0.03636	0.01312	0.04510	0.01082	0.01498	0.03861	0.00904	0.27360	0.18894	0.12780	0.01498	0.01463	0.01086	0.00605	0.00504	0.00150	0.00514	0.00474	0.00487	0.17381
30	0.01388	0.19742	0.09934	0.01270	0.06975	0.01436	0.04111	0.09723	0.24148	0.04552	0.03243	0.01600	0.03732	0.00614	0.00494	0.00155	0.00541	0.00498	0.00398	0.05446
31	0.05843	0.08843	0.10726	0.16265	0.01935	0.03035	0.01084	0.10498	0.11749	0.10214	0.03040	0.01425	0.01030	0.00572	0.00489	0.00154	0.00567	0.00453	0.00384	0.11696

[dist]
# distance from previous block
# <min> <max>
17	67

[block]
# block no. 6 follows, 45 sequences, length 7
# corresponding to MSA columns:
# 1539-1545
name=unknown_G
#
# <colnr> <probs for GDERKNQSTAVLIFYWHMCP>
#	G	D	E	R	K	N	Q	S	T	A	V	L	I	F	Y	W	H	M	C	P
0	0.05129	0.00672	0.04005	0.00807	0.00933	0.00659	0.00637	0.00995	0.00992	0.01466	0.14788	0.07680	0.02147	0.12777	0.43211	0.00591	0.00961	0.00710	0.00359	0.00480
1	0.20012	0.01064	0.01382	0.01068	0.01471	0.01047	0.08766	0.12074	0.01505	0.40929	0.04267	0.01585	0.01189	0.00619	0.00508	0.00167	0.00506	0.00504	0.00531	0.00807
2	0.00920	0.00640	0.00771	0.00711	0.00892	0.00604	0.00542	0.01277	0.09479	0.07929	0.46746	0.03896	0.21355	0.01086	0.00617	0.00173	0.00292	0.00936	0.00570	0.00562
3	0.06792	0.00968	0.01111	0.00853	0.01246	0.00860	0.00683	0.12631	0.01405	0.09561	0.11426	0.04144	0.01512	0.00602	0.00469	0.00122	0.00411	0.00489	0.00428	0.44285
4	0.07847	0.08511	0.18495	0.01774	0.07141	0.01354	0.32518	0.01785	0.04601	0.06664	0.01103	0.01319	0.00826	0.00512	0.00578	0.00171	0.03249	0.00504	0.00299	0.00746
5	0.01196	0.09934	0.06603	0.01034	0.01393	0.05439	0.06656	0.01654	0.13528	0.05198	0.11272	0.10257	0.03904	0.00744	0.00520	0.00150	0.00492	0.00638	0.00408	0.18979
6	0.09104	0.22976	0.22065	0.01139	0.04173	0.03922	0.01121	0.05421	0.03204	0.01767	0.06990	0.04757	0.01196	0.00593	0.00457	0.00146	0.00574	0.00454	0.00315	0.09627

[dist]
# distance from previous block
# <min> <max>
12	41

[block]
# block no. 7 follows, 45 sequences, length 120
# corresponding to MSA columns:
# 1594-1602,1604-1638,1705-1730,1732-1781
name=unknown_H
#
# <colnr> <probs for GDERKNQSTAVLIFYWHMCP>
#	G	D	E	R	K	N	Q	S	T	A	V	L	I	F	Y	W	H	M	C	P
0	0.01499	0.01264	0.01431	0.01169	0.01542	0.05207	0.06570	0.14704	0.40034	0.05855	0.01697	0.01648	0.01267	0.00632	0.00526	0.00160	0.00514	0.00529	0.00482	0.13268
1	0.01235	0.01354	0.02716	0.01999	0.02419	0.01376	0.56076	0.01649	0.03766	0.01650	0.01092	0.03218	0.00884	0.00580	0.00838	0.00190	0.15676	0.00616	0.00280	0.02386
2	0.01115	0.03706	0.01161	0.00795	0.01265	0.00759	0.00641	0.01349	0.01114	0.01727	0.01032	0.01182	0.02254	0.00418	0.00400	0.00083	0.00401	0.00332	0.00318	0.79947
3	0.01139	0.00978	0.01113	0.00843	0.01277	0.00825	0.00669	0.01619	0.15597	0.01834	0.01343	0.01422	0.03589	0.00494	0.00434	0.00103	0.00398	0.00401	0.00368	0.65554
4	0.00756	0.00549	0.00713	0.00672	0.00800	0.00505	0.00504	0.01007	0.01512	0.02134	0.75615	0.04040	0.06964	0.01104	0.00633	0.00169	0.00254	0.00975	0.00588	0.00505
5	0.01014	0.00954	0.01610	0.79845	0.03697	0.01193	0.01491	0.01371	0.01073	0.01371	0.00954	0.01431	0.00716	0.00537	0.00537	0.00179	0.00716	0.00477	0.00239	0.00596
6	0.00634	0.00544	0.00544	0.00544	0.00725	0.00453	0.00408	0.00770	0.01224	0.01450	0.05438	0.05166	0.77569	0.01359	0.00634	0.00181	0.00272	0.01133	0.00498	0.00453
7	0.01435	0.81458	0.02813	0.00918	0.01378	0.02124	0.00918	0.01607	0.01091	0.01263	0.00746	0.00861	0.00689	0.00459	0.00344	0.00115	0.00574	0.00287	0.00230	0.00689
8	0.01320	0.01135	0.01202	0.01089	0.01386	0.01312	0.00850	0.02795	0.74325	0.02224	0.02206	0.02136	0.01686	0.00753	0.00553	0.00184	0.00427	0.03033	0.00544	0.00838
9	0.01001	0.00500	0.00500	0.00500	0.00625	0.00500	0.00375	0.01251	0.01126	0.02001	0.01751	0.02001	0.01376	0.00625	0.00375	0.00125	0.00250	0.00500	0.84115	0.00500
10	0.00658	0.00564	0.00566	0.00562	0.00747	0.00482	0.00422	0.00839	0.03716	0.01476	0.05331	0.05062	0.75065	0.01339	0.00632	0.00181	0.00277	0.01116	0.00500	0.00466
11	0.00760	0.00549	0.00718	0.00675	0.00802	0.00506	0.00506	0.01013	0.01519	0.02153	0.77503	0.04010	0.05065	0.01097	0.00633	0.00169	0.00253	0.00971	0.00591	0.00506
12	0.84927	0.01038	0.00789	0.00706	0.01038	0.01204	0.00581	0.01578	0.00914	0.02408	0.00747	0.00872	0.00581	0.00498	0.00332	0.00166	0.00415	0.00291	0.00332	0.00581
13	0.01435	0.81458	0.02813	0.00918	0.01378	0.02124	0.00918	0.01607	0.01091	0.01263	0.00746	0.00861	0.00689	0.00459	0.00344	0.00115	0.00574	0.00287	0.00230	0.00689
14	0.01511	0.45713	0.02134	0.00992	0.01389	0.01757	0.00891	0.12425	0.17805	0.04596	0.01196	0.01244	0.00963	0.00620	0.00508	0.04218	0.00534	0.00403	0.00358	0.00742
15	0.01978	0.01473	0.01576	0.01222	0.01641	0.01635	0.01005	0.69525	0.09097	0.03282	0.01368	0.01352	0.00977	0.00652	0.00538	0.00163	0.00576	0.00494	0.00538	0.00907
16	0.01335	0.01153	0.01214	0.01092	0.01396	0.01335	0.00850	0.02852	0.76817	0.02245	0.02185	0.02003	0.01639	0.00728	0.00546	0.00182	0.00425	0.00607	0.00546	0.00850
17	0.01001	0.00500	0.00500	0.00500	0.00625	0.00500	0.00375	0.01251	0.01126	0.02001	0.01751	0.02001	0.01376	0.00625	0.00375	0.00125	0.00250	0.00500	0.84115	0.00500
18	0.01435	0.81458	0.02813	0.00918	0.01378	0.02124	0.00918	0.01607	0.01091	0.01263	0.00746	0.00861	0.00689	0.00459	0.00344	0.00115	0.00574	0.00287	0.00230	0.00689
19	0.11888	0.01044	0.01528	0.01232	0.03755	0.01017	0.15766	0.08466	0.05092	0.28016	0.07819	0.04730	0.05815	0.00707	0.00551	0.00172	0.00525	0.00627	0.00495	0.00755
20	0.02086	0.05143	0.01501	0.01102	0.01513	0.02469	0.00914	0.41126	0.03841	0.29842	0.03877	0.01555	0.01190	0.00657	0.00531	0.00161	0.00534	0.00510	0.00566	0.00884
21	0.01267	0.01448	0.03167	0.02262	0.02805	0.01357	0.75837	0.01719	0.01267	0.01719	0.01086	0.01448	0.00814	0.00452	0.00633	0.00181	0.00905	0.00633	0.00271	0.00724
22	0.01400	0.01551	0.01611	0.01402	0.01477	0.22675	0.01137	0.01523	0.01012	0.01298	0.00739	0.01118	0.00701	0.00834	0.01414	0.00209	0.58619	0.00436	0.00246	0.00597
23	0.01077	0.02777	0.78354	0.01530	0.02323	0.01247	0.01983	0.01700	0.01133	0.01700	0.00963	0.01133	0.00680	0.00510	0.00510	0.00170	0.00793	0.00397	0.00227	0.00793
24	0.01413	0.00850	0.01211	0.18773	0.05524	0.00872	0.00950	0.03607	0.02919	0.25527	0.04842	0.02815	0.11602	0.00983	0.03603	0.00210	0.02113	0.11032	0.00472	0.00681
25	0.01001	0.00500	0.00500	0.00500	0.00625	0.00500	0.00375	0.01251	0.01126	0.02001	0.01751	0.02001	0.01376	0.00625	0.00375	0.00125	0.00250	0.00500	0.84115	0.00500
26	0.01556	0.01015	0.01601	0.34869	0.18911	0.01080	0.01274	0.01885	0.03237	0.27112	0.01387	0.01556	0.00974	0.00572	0.00537	0.00170	0.00605	0.00502	0.00395	0.00764
27	0.01335	0.01153	0.01214	0.01092	0.01396	0.01335	0.00850	0.02852	0.76817	0.02245	0.02185	0.02003	0.01639	0.00728	0.00546	0.00182	0.00425	0.00607	0.00546	0.00850
28	0.00970	0.04883	0.47610	0.01194	0.01737	0.01010	0.01408	0.01438	0.01257	0.01814	0.25179	0.02212	0.05605	0.00732	0.00548	0.00168	0.00592	0.00607	0.00354	0.00684
29	0.01481	0.04292	0.01983	0.01494	0.01855	0.11655	0.27916	0.09204	0.01433	0.11184	0.07589	0.08449	0.01507	0.00722	0.00642	0.00176	0.04452	0.02874	0.00396	0.00696
30	0.84927	0.01038	0.00789	0.00706	0.01038	0.01204	0.00581	0.01578	0.00914	0.02408	0.00747	0.00872	0.00581	0.00498	0.00332	0.00166	0.00415	0.00291	0.00332	0.00581
31	0.00743	0.00548	0.00694	0.00658	0.00792	0.00499	0.00493	0.00980	0.01480	0.02058	0.67786	0.04166	0.14842	0.01133	0.00633	0.00171	0.00256	0.00993	0.00578	0.00499
32	0.02041	0.01504	0.01611	0.01235	0.01665	0.01665	0.01020	0.75997	0.02524	0.03383	0.01289	0.01289	0.00913	0.00644	0.00537	0.00161	0.00591	0.00483	0.00537	0.00913
33	0.02235	0.01192	0.01418	0.01087	0.01509	0.01202	0.00898	0.37219	0.02002	0.42898	0.01727	0.01573	0.01133	0.00655	0.00538	0.00164	0.00520	0.00513	0.00604	0.00913
34	0.01001	0.00500	0.00500	0.00500	0.00625	0.00500	0.00375	0.01251	0.01126	0.02001	0.01751	0.02001	0.01376	0.00625	0.00375	0.00125	0.00250	0.00500	0.84115	0.00500
35	0.04112	0.01162	0.01739	0.01448	0.01528	0.01527	0.09977	0.01325	0.00886	0.01383	0.00847	0.03882	0.00826	0.00977	0.03691	0.00243	0.63077	0.00521	0.00253	0.00595
36	0.01001	0.00500	0.00500	0.00500	0.00625	0.00500	0.00375	0.01251	0.01126	0.02001	0.01751	0.02001	0.01376	0.00625	0.00375	0.00125	0.00250	0.00500	0.84115	0.00500
37	0.01195	0.01068	0.01797	0.48472	0.30252	0.01203	0.01513	0.01531	0.01149	0.05227	0.01030	0.01413	0.00794	0.00522	0.00535	0.00171	0.00675	0.00481	0.00269	0.00703
38	0.01183	0.00952	0.01120	0.00804	0.01277	0.00720	0.00644	0.01420	0.01136	0.05859	0.01017	0.01151	0.00824	0.00412	0.00405	0.00084	0.00401	0.00330	0.00337	0.79925
39	0.80931	0.01032	0.00811	0.00718	0.01054	0.01184	0.00591	0.01628	0.00944	0.06076	0.00814	0.00918	0.00618	0.00506	0.00342	0.00166	0.00417	0.00303	0.00348	0.00597
40	0.00837	0.00650	0.00902	0.00874	0.00955	0.00767	0.00664	0.01059	0.04937	0.01267	0.01458	0.02272	0.01410	0.17470	0.54064	0.00708	0.08316	0.00604	0.00304	0.00481
41	0.05183	0.01174	0.01361	0.01055	0.01467	0.03975	0.00867	0.26883	0.01841	0.47870	0.01747	0.01583	0.01141	0.00648	0.00529	0.00163	0.00519	0.00505	0.00596	0.00891
42	0.01021	0.00961	0.01623	0.78103	0.05383	0.01194	0.01494	0.01378	0.01077	0.01380	0.00955	0.01429	0.00719	0.00535	0.00537	0.00178	0.00714	0.00477	0.00239	0.00602
43	0.00924	0.00829	0.01324	0.44831	0.07690	0.00972	0.01158	0.01182	0.01061	0.01395	0.01669	0.25501	0.03587	0.00920	0.00643	0.00192	0.04423	0.00811	0.00326	0.00561
44	0.01257	0.01187	0.02038	0.02350	0.38731	0.01177	0.17504	0.07332	0.03742	0.01913	0.10536	0.05146	0.03339	0.00640	0.00576	0.00169	0.00616	0.00636	0.00352	0.00759
45	0.01176	0.03507	0.01677	0.04084	0.01487	0.01643	0.01178	0.01304	0.00839	0.01294	0.00714	0.01174	0.00705	0.00912	0.01678	0.00229	0.75110	0.00465	0.00235	0.00590
46	0.01303	0.01112	0.01565	0.51534	0.02935	0.01325	0.01302	0.19956	0.10001	0.01967	0.01176	0.01461	0.00869	0.00585	0.00538	0.00175	0.00652	0.00493	0.00347	0.00703
47	0.01088	0.23540	0.25974	0.01122	0.01549	0.01213	0.04741	0.01391	0.01106	0.03881	0.01601	0.27256	0.01652	0.00883	0.00529	0.00171	0.00570	0.00753	0.00333	0.00648
48	0.01147	0.00974	0.01131	0.00811	0.01287	0.00751	0.00650	0.04103	0.01165	0.01809	0.00966	0.01120	0.00799	0.00407	0.00403	0.00083	0.00405	0.00324	0.00326	0.81339
49	0.01001	0.00500	0.00500	0.00500	0.00625	0.00500	0.00375	0.01251	0.01126	0.02001	0.01751	0.02001	0.01376	0.00625	0.00375	0.00125	0.00250	0.00500	0.84115	0.00500
50	0.01142	0.01087	0.01814	0.41297	0.33720	0.01234	0.01503	0.01462	0.01123	0.01525	0.01091	0.01481	0.02996	0.00562	0.00615	0.00175	0.05726	0.00496	0.00257	0.00695
51	0.01154	0.01097	0.01863	0.45770	0.36676	0.01229	0.01560	0.01494	0.01140	0.01542	0.00979	0.01385	0.00776	0.00511	0.00534	0.00170	0.00681	0.00478	0.00251	0.00709
52	0.00710	0.00557	0.00643	0.00619	0.00776	0.00496	0.00465	0.00929	0.02747	0.01815	0.41294	0.04532	0.40053	0.01217	0.00632	0.00175	0.00265	0.01043	0.00545	0.00487
53	0.00748	0.00569	0.00691	0.00657	0.00803	0.00522	0.00493	0.01016	0.04101	0.01977	0.56498	0.04233	0.23403	0.01151	0.00630	0.00172	0.00264	0.00999	0.00566	0.00505
54	0.02009	0.01434	0.01599	0.01231	0.01655	0.01567	0.02952	0.63922	0.06716	0.09276	0.01402	0.01378	0.00986	0.00646	0.00540	0.00163	0.00579	0.00499	0.00541	0.00904
55	0.00691	0.00533	0.00613	0.00635	0.00757	0.00478	0.00461	0.00832	0.01194	0.01525	0.17264	0.17924	0.38670	0.10311	0.00885	0.00228	0.00317	0.05738	0.00495	0.00448
56	0.00734	0.00541	0.00718	0.00741	0.00834	0.00525	0.00547	0.00921	0.01255	0.01732	0.36858	0.28423	0.08167	0.01587	0.07896	0.00255	0.01987	0.05285	0.00516	0.00479
57	0.00826	0.00565	0.00728	0.00757	0.00867	0.00534	0.00560	0.01048	0.04034	0.05399	0.27460	0.33163	0.08051	0.04018	0.00728	0.00209	0.00330	0.09687	0.00532	0.00502
58	0.09819	0.01463	0.01499	0.01169	0.01581	0.05371	0.00961	0.59246	0.02241	0.09449	0.01285	0.01279	0.00906	0.00628	0.00515	0.00161	0.00582	0.00463	0.00516	0.00868
59	0.00702	0.00537	0.00655	0.00726	0.00841	0.00490	0.00554	0.00855	0.01172	0.01487	0.06513	0.30622	0.31941	0.01488	0.00678	0.00209	0.00339	0.19231	0.00501	0.00459
60	0.01026	0.00978	0.01685	0.76089	0.03654	0.01201	0.05090	0.01388	0.01083	0.01388	0.00960	0.01432	0.00720	0.00533	0.00541	0.00179	0.00725	0.00485	0.00240	0.00602
61	0.00746	0.00548	0.00699	0.00661	0.00794	0.00501	0.00496	0.00987	0.01488	0.02077	0.69745	0.04134	0.12870	0.01126	0.00633	0.00170	0.00255	0.00988	0.00581	0.00501
62	0.01418	0.77648	0.06470	0.00948	0.01424	0.02082	0.00970	0.01612	0.01093	0.01284	0.00757	0.00874	0.00688	0.00462	0.00352	0.00117	0.00585	0.00292	0.00229	0.00694
63	0.01131	0.01073	0.01821	0.51441	0.31188	0.01223	0.01549	0.01474	0.01129	0.01513	0.00975	0.01393	0.00766	0.00515	0.00535	0.00172	0.00687	0.00478	0.00249	0.00691
64	0.00686	0.00534	0.00613	0.00660	0.00781	0.00479	0.00488	0.00815	0.01139	0.01417	0.04134	0.23019	0.42378	0.08724	0.00853	0.00230	0.00336	0.11787	0.00482	0.00443
65	0.00779	0.00593	0.00886	0.00879	0.00972	0.00700	0.00686	0.00969	0.00861	0.01247	0.01416	0.02081	0.01323	0.03933	0.76673	0.00844	0.03817	0.00572	0.00286	0.00483
66	0.01289	0.46015	0.35546	0.01191	0.01792	0.03036	0.01382	0.01657	0.01116	0.01453	0.00842	0.00981	0.00685	0.00483	0.00419	0.00139	0.00676	0.00336	0.00229	0.00733
67	0.01170	0.01146	0.01826	0.36648	0.18784	0.03880	0.07747	0.01506	0.03758	0.01486	0.00976	0.01380	0.00789	0.00628	0.00784	0.02637	0.13449	0.00489	0.00259	0.00659
68	0.01216	0.01202	0.04518	0.33521	0.41136	0.01255	0.01553	0.03745	0.03579	0.01663	0.01031	0.01383	0.00818	0.00515	0.00533	0.00168	0.00666	0.00479	0.00270	0.00749
69	0.00698	0.00536	0.00639	0.00635	0.00770	0.00477	0.00468	0.00886	0.01342	0.01782	0.40236	0.14508	0.32537	0.01274	0.00640	0.00180	0.00268	0.01105	0.00543	0.00477
70	0.01002	0.02717	0.01042	0.00933	0.03872	0.00771	0.03872	0.01485	0.14764	0.05871	0.52515	0.03262	0.03831	0.00945	0.00602	0.00170	0.00344	0.00836	0.00552	0.00614
71	0.00932	0.00466	0.00699	0.00699	0.00699	0.00466	0.00466	0.00699	0.00699	0.00932	0.00932	0.01632	0.00932	0.01865	0.02098	0.84382	0.00466	0.00466	0.00233	0.00233
72	0.01652	0.44480	0.02203	0.01065	0.01478	0.11713	0.03672	0.04524	0.10227	0.12553	0.01156	0.01185	0.00906	0.00539	0.00432	0.00137	0.00603	0.00388	0.00348	0.00741
73	0.04256	0.17776	0.01852	0.14144	0.10124	0.24147	0.04301	0.01811	0.06075	0.03344	0.01017	0.02352	0.00837	0.00539	0.00474	0.00146	0.00702	0.00417	0.00293	0.05392
74	0.18294	0.12375	0.11853	0.01967	0.33226	0.06867	0.01284	0.01643	0.01164	0.01799	0.04191	0.01236	0.00921	0.00516	0.00464	0.00155	0.00611	0.00415	0.00284	0.00735
75	0.00684	0.00482	0.00623	0.00718	0.00745	0.00461	0.00469	0.00761	0.00972	0.01299	0.02648	0.62301	0.03148	0.18063	0.03722	0.00302	0.00392	0.01341	0.00456	0.00415
76	0.07423	0.01066	0.01443	0.07389	0.09286	0.01080	0.05242	0.12867	0.08543	0.27921	0.01686	0.07064	0.01292	0.00693	0.00540	0.00171	0.00524	0.02042	0.00492	0.03236
77	0.01505	0.71870	0.02658	0.00971	0.01412	0.09677	0.00932	0.03356	0.01166	0.01316	0.00767	0.00881	0.00694	0.00473	0.00363	0.00118	0.00613	0.00297	0.00241	0.00687
78	0.01238	0.01153	0.01877	0.13562	0.50143	0.01163	0.02778	0.04009	0.01250	0.01763	0.04845	0.01569	0.03351	0.00541	0.00530	0.00156	0.00600	0.00510	0.00299	0.08665
79	0.03005	0.40014	0.21514	0.01196	0.01690	0.10213	0.03042	0.05041	0.02689	0.01528	0.00869	0.01014	0.00718	0.00522	0.00497	0.00144	0.04977	0.00355	0.00257	0.00714
80	0.01994	0.01481	0.01585	0.01226	0.01647	0.01643	0.01009	0.71214	0.07381	0.03309	0.01347	0.01335	0.00960	0.00650	0.00538	0.00162	0.00580	0.00491	0.00538	0.00909
81	0.01166	0.18050	0.49268	0.01439	0.02102	0.01398	0.09949	0.01674	0.02444	0.01639	0.03084	0.01209	0.00839	0.00510	0.00492	0.00158	0.00730	0.00419	0.00251	0.03180
82	0.01435	0.04439	0.16661	0.01195	0.04859	0.02810	0.01071	0.19154	0.06075	0.07171	0.01302	0.06147	0.01052	0.00604	0.00494	0.00143	0.00551	0.00485	0.00393	0.23961
83	0.00768	0.00570	0.00838	0.00838	0.00925	0.00657	0.00640	0.00942	0.00855	0.01228	0.01461	0.02236	0.01397	0.10989	0.72120	0.00832	0.01355	0.00594	0.00291	0.00465
84	0.08919	0.01297	0.03869	0.01893	0.04769	0.01246	0.50816	0.03032	0.01205	0.01753	0.01264	0.11043	0.01122	0.00636	0.00659	0.00185	0.04617	0.00690	0.00307	0.00678
85	0.01280	0.01420	0.07740	0.01787	0.04304	0.01337	0.39459	0.03974	0.24791	0.01908	0.01504	0.01662	0.02694	0.00582	0.00625	0.00181	0.03014	0.00606	0.00364	0.00767
86	0.00658	0.00476	0.00624	0.00741	0.00784	0.00442	0.00502	0.00758	0.01045	0.01381	0.03113	0.74088	0.08234	0.01656	0.00683	0.00216	0.00314	0.03348	0.00498	0.00439
87	0.01963	0.03254	0.16741	0.01191	0.01688	0.01291	0.01130	0.34498	0.01879	0.28655	0.01497	0.01433	0.01005	0.00621	0.00529	0.00164	0.00585	0.00481	0.00513	0.00885
88	0.00788	0.00585	0.00850	0.00843	0.00921	0.00679	0.00640	0.00940	0.00846	0.01213	0.01427	0.02229	0.01380	0.13024	0.64817	0.03555	0.03927	0.00592	0.00288	0.00456
89	0.01081	0.02746	0.76643	0.01547	0.02334	0.01249	0.03664	0.01700	0.01136	0.01700	0.00966	0.01140	0.00683	0.00509	0.00513	0.00170	0.00796	0.00402	0.00228	0.00792
90	0.02255	0.01079	0.01338	0.01035	0.01448	0.01045	0.00852	0.21608	0.05859	0.54718	0.01907	0.01697	0.01238	0.00663	0.00539	0.00166	0.00490	0.00529	0.00625	0.00910
91	0.01335	0.01691	0.14496	0.01104	0.01429	0.26700	0.00982	0.08876	0.01493	0.01793	0.18336	0.05127	0.11528	0.00831	0.00557	0.00163	0.00625	0.01908	0.00402	0.00625
92	0.01105	0.01017	0.01644	0.62319	0.08467	0.03407	0.04157	0.01446	0.01138	0.03860	0.03667	0.01625	0.00954	0.00576	0.00547	0.00177	0.00695	0.02300	0.00274	0.00624
93	0.02408	0.00914	0.01246	0.00955	0.01370	0.00789	0.00789	0.02616	0.01536	0.78158	0.02118	0.01827	0.01329	0.00664	0.00540	0.00166	0.00457	0.00540	0.00664	0.00914
94	0.00671	0.00537	0.00604	0.00636	0.00779	0.00470	0.00478	0.00819	0.01211	0.01505	0.10313	0.19244	0.50754	0.01411	0.00654	0.00194	0.00300	0.08455	0.00505	0.00458
