[name]
unknown

[dist]
# distance from previous block
# <min> <max>
19	103

[block]
# block no. 0 follows, 56 sequences, length 46
# corresponding to MSA columns:
# 138-183
name=unknown_A
#
# <colnr> <probs for GDERKNQSTAVLIFYWHMCP>
#	G	D	E	R	K	N	Q	S	T	A	V	L	I	F	Y	W	H	M	C	P
0	0.01293	0.12227	0.11408	0.03221	0.11617	0.17904	0.06612	0.07659	0.10434	0.04926	0.03700	0.01162	0.00880	0.00481	0.00429	0.00130	0.00579	0.00389	0.00293	0.04657
1	0.04839	0.10506	0.22844	0.02314	0.06251	0.07989	0.03555	0.08922	0.05892	0.04905	0.06327	0.06930	0.02978	0.00580	0.00454	0.00140	0.01606	0.00469	0.00306	0.02194
2	0.10185	0.08737	0.04902	0.05198	0.13657	0.13166	0.02433	0.12885	0.05103	0.05188	0.04872	0.04770	0.00991	0.00527	0.00422	0.00132	0.00515	0.00420	0.00315	0.05582
3	0.10099	0.11205	0.23206	0.01201	0.10674	0.10896	0.01050	0.02475	0.06387	0.03595	0.01111	0.03170	0.05029	0.00523	0.00456	0.00136	0.03936	0.00395	0.00266	0.04188
4	0.04054	0.08507	0.06466	0.08823	0.13976	0.06869	0.01880	0.01223	0.06480	0.01379	0.07554	0.14033	0.05477	0.03432	0.00562	0.02785	0.00454	0.01649	0.03872	0.00526
5	0.00889	0.04064	0.24747	0.01215	0.12202	0.04930	0.06192	0.01215	0.03513	0.01422	0.11195	0.03462	0.18059	0.02786	0.01993	0.00163	0.00507	0.00580	0.00304	0.00562
6	0.00942	0.01172	0.15955	0.18434	0.11479	0.05202	0.06812	0.03758	0.02465	0.01390	0.04511	0.10261	0.07404	0.00662	0.00541	0.00154	0.05076	0.01951	0.01270	0.00559
7	0.00590	0.00465	0.00533	0.00520	0.00651	0.00407	0.00388	0.00750	0.01152	0.01503	0.38090	0.06554	0.44616	0.01073	0.00544	0.00151	0.00227	0.00919	0.00461	0.00407
8	0.00673	0.00506	0.00748	0.00742	0.00822	0.00595	0.00579	0.00837	0.00744	0.01088	0.01219	0.01776	0.01132	0.03267	0.76899	0.00701	0.03729	0.00487	0.03043	0.00413
9	0.00905	0.04085	0.08282	0.00980	0.04324	0.07296	0.02623	0.02502	0.09276	0.01294	0.03055	0.04458	0.04773	0.03103	0.31367	0.00379	0.06788	0.03708	0.00288	0.00511
10	0.87108	0.00888	0.00675	0.00604	0.00888	0.01030	0.00497	0.01350	0.00781	0.02060	0.00639	0.00746	0.00497	0.00426	0.00284	0.00142	0.00355	0.00249	0.00284	0.00497
11	0.02222	0.00904	0.00990	0.00812	0.01100	0.05811	0.03854	0.10697	0.14035	0.03117	0.03938	0.08731	0.13491	0.00664	0.00447	0.00125	0.00387	0.00556	0.00371	0.27749
12	0.00581	0.00434	0.00623	0.00693	0.00738	0.00406	0.03692	0.00674	0.00887	0.01184	0.02464	0.80158	0.02940	0.01395	0.00584	0.00185	0.00287	0.01274	0.00418	0.00383
13	0.04049	0.01031	0.01104	0.00963	0.02999	0.04424	0.00747	0.14293	0.43598	0.17662	0.01623	0.01509	0.01172	0.00582	0.00454	0.00147	0.00411	0.00470	0.02036	0.00725
14	0.04995	0.00944	0.01262	0.09434	0.19020	0.00909	0.02400	0.07844	0.09008	0.01648	0.00950	0.01105	0.00756	0.00418	0.00401	0.00111	0.00438	0.00357	0.00290	0.37709
15	0.01103	0.01225	0.02013	0.20157	0.05059	0.12126	0.40100	0.01429	0.02848	0.01342	0.00992	0.01273	0.03155	0.00466	0.00548	0.00151	0.04721	0.00479	0.00236	0.00576
16	0.00577	0.00470	0.00514	0.00527	0.00667	0.00408	0.00406	0.00712	0.01065	0.01311	0.11659	0.07551	0.61233	0.01164	0.00555	0.00162	0.00255	0.09936	0.00434	0.00395
17	0.00997	0.00915	0.01536	0.37873	0.35597	0.01009	0.02641	0.01266	0.00979	0.03015	0.03457	0.01339	0.00839	0.04136	0.00567	0.00159	0.02406	0.00437	0.00235	0.00596
18	0.11937	0.01044	0.01087	0.11894	0.03875	0.13203	0.00784	0.11845	0.03932	0.21187	0.04091	0.07580	0.01154	0.01992	0.00479	0.00150	0.00487	0.02285	0.00385	0.00609
19	0.00688	0.00485	0.00617	0.00604	0.00713	0.00453	0.00445	0.00910	0.04321	0.04228	0.52851	0.20193	0.09679	0.01036	0.00545	0.00154	0.00240	0.00916	0.00483	0.00440
20	0.01136	0.01091	0.01863	0.02818	0.81002	0.01091	0.01409	0.01409	0.01045	0.01500	0.00864	0.01136	0.00727	0.00409	0.00455	0.00136	0.00545	0.00409	0.00227	0.00727
21	0.03384	0.00460	0.00547	0.00574	0.00666	0.00428	0.00413	0.00735	0.01001	0.01346	0.20099	0.28035	0.25783	0.07018	0.02373	0.01880	0.00290	0.04160	0.00420	0.00387
22	0.00662	0.00447	0.00503	0.00502	0.00511	0.00442	0.00286	0.00673	0.00703	0.00934	0.03991	0.03076	0.05026	0.77921	0.02208	0.00424	0.00429	0.00685	0.00291	0.00287
23	0.01676	0.01252	0.01339	0.01042	0.01398	0.01392	0.00856	0.70698	0.11043	0.02783	0.01190	0.01172	0.00851	0.00559	0.00460	0.00140	0.00489	0.00425	0.00460	0.00775
24	0.00572	0.00407	0.00539	0.00631	0.00659	0.00386	0.00420	0.00653	0.00873	0.01169	0.04750	0.73167	0.02925	0.07258	0.03062	0.00219	0.00305	0.01223	0.00413	0.00369
25	0.05000	0.00846	0.00946	0.00828	0.01060	0.00904	0.00659	0.24760	0.15907	0.08939	0.06917	0.14138	0.04257	0.00798	0.00487	0.00154	0.00376	0.07248	0.05163	0.00612
26	0.01279	0.01054	0.01115	0.00962	0.01246	0.01206	0.00760	0.19984	0.62404	0.02142	0.01694	0.01574	0.01260	0.00607	0.00465	0.00152	0.00396	0.00495	0.00465	0.00739
27	0.01745	0.01286	0.01378	0.01056	0.01424	0.01424	0.00873	0.79471	0.02159	0.02893	0.01102	0.01102	0.00781	0.00551	0.00459	0.00138	0.00505	0.00413	0.00459	0.00781
28	0.01036	0.00600	0.00725	0.00669	0.00855	0.00560	0.00519	0.04385	0.06350	0.20801	0.08963	0.18105	0.23909	0.00972	0.00519	0.00158	0.00307	0.05783	0.04258	0.00526
29	0.11568	0.00687	0.00798	0.00711	0.00923	0.00684	0.00565	0.07439	0.06348	0.19464	0.20257	0.07473	0.10210	0.02709	0.00534	0.00161	0.00334	0.08123	0.00460	0.00552
30	0.68902	0.00921	0.00778	0.00671	0.00963	0.01048	0.00551	0.10341	0.03424	0.05633	0.00802	0.00875	0.00602	0.00455	0.00318	0.00141	0.00371	0.00289	0.02367	0.00548
31	0.00567	0.00421	0.00525	0.00593	0.00653	0.00384	0.00406	0.00665	0.00946	0.01239	0.10026	0.57434	0.19375	0.03718	0.00623	0.00184	0.00260	0.01173	0.00429	0.00379
32	0.06840	0.00672	0.00784	0.00695	0.00897	0.00660	0.00537	0.08616	0.06604	0.21029	0.11758	0.13966	0.12559	0.05993	0.00602	0.00170	0.00333	0.02405	0.04331	0.00550
33	0.07660	0.00752	0.00916	0.00767	0.01025	0.00730	0.00617	0.11027	0.04793	0.35279	0.16830	0.05906	0.04274	0.02254	0.00516	0.00155	0.00360	0.05014	0.00494	0.00631
34	0.01044	0.01170	0.02526	0.01821	0.02248	0.01098	0.72723	0.01402	0.01058	0.01434	0.01020	0.04934	0.00838	0.03745	0.00615	0.00168	0.00739	0.00580	0.00243	0.00595
35	0.00952	0.00816	0.00952	0.00680	0.01088	0.00612	0.00544	0.01156	0.00952	0.01496	0.00816	0.00952	0.00680	0.00340	0.00340	0.00068	0.00340	0.00272	0.00272	0.86672
36	0.00620	0.00463	0.00542	0.00555	0.00640	0.00435	0.00394	0.00724	0.00935	0.01208	0.12753	0.09016	0.29969	0.25852	0.06689	0.00287	0.00382	0.07793	0.00380	0.00365
37	0.00577	0.00428	0.00534	0.00588	0.00655	0.00390	0.00407	0.00688	0.00987	0.01305	0.17952	0.49646	0.18895	0.03942	0.00625	0.00180	0.00256	0.01126	0.00437	0.00384
38	0.00685	0.00478	0.00645	0.00653	0.00743	0.00494	0.00488	0.00801	0.00838	0.04282	0.02131	0.14543	0.16832	0.08321	0.39674	0.04269	0.00748	0.02655	0.00325	0.00396
39	0.01070	0.07764	0.22902	0.05133	0.12694	0.06763	0.14616	0.02536	0.02487	0.03273	0.01048	0.06790	0.00911	0.00536	0.00480	0.00143	0.02105	0.03653	0.00255	0.04842
40	0.01133	0.01324	0.13460	0.09463	0.34135	0.04664	0.19228	0.02965	0.01063	0.04157	0.00890	0.01139	0.00694	0.00436	0.00505	0.00145	0.03276	0.00426	0.00237	0.00663
41	0.08473	0.00706	0.00858	0.00716	0.00984	0.00655	0.00575	0.04342	0.04173	0.41997	0.07350	0.06668	0.17622	0.00762	0.00479	0.00149	0.00341	0.02032	0.00494	0.00625
42	0.03919	0.00827	0.02907	0.00873	0.01119	0.02218	0.07636	0.14355	0.03144	0.15238	0.09336	0.15294	0.11143	0.02139	0.00538	0.00160	0.00404	0.06180	0.00428	0.02142
43	0.01143	0.05140	0.29749	0.02934	0.15959	0.06962	0.07211	0.06535	0.01939	0.06942	0.02379	0.07904	0.00942	0.00543	0.00472	0.00144	0.01711	0.00465	0.00276	0.00648
44	0.01039	0.03454	0.03199	0.00763	0.00968	0.02095	0.00616	0.13656	0.09181	0.09774	0.09607	0.15442	0.14687	0.05832	0.00622	0.00174	0.00370	0.07552	0.00431	0.00540
45	0.54263	0.13288	0.02884	0.00738	0.01061	0.02313	0.03561	0.06641	0.00946	0.03499	0.00847	0.00936	0.03148	0.00452	0.00327	0.00133	0.00411	0.00302	0.00288	0.03960

[dist]
# distance from previous block
# <min> <max>
1	3

[block]
# block no. 1 follows, 56 sequences, length 24
# corresponding to MSA columns:
# 187-210
name=unknown_B
#
# <colnr> <probs for GDERKNQSTAVLIFYWHMCP>
#	G	D	E	R	K	N	Q	S	T	A	V	L	I	F	Y	W	H	M	C	P
0	0.24386	0.00887	0.00924	0.00782	0.03243	0.03455	0.00605	0.05629	0.06713	0.15037	0.05411	0.01329	0.04117	0.00503	0.00385	0.00121	0.00374	0.00384	0.00364	0.25352
1	0.07098	0.00568	0.00690	0.00649	0.00807	0.00537	0.00498	0.01994	0.02083	0.17237	0.16378	0.13776	0.15507	0.07038	0.00713	0.04380	0.00322	0.08812	0.00437	0.00475
2	0.02911	0.00624	0.00732	0.00707	0.00868	0.00631	0.00539	0.03478	0.17048	0.09316	0.09574	0.23373	0.17155	0.01128	0.04486	0.00192	0.00353	0.05927	0.00444	0.00512
3	0.00663	0.00489	0.00589	0.00593	0.00704	0.00456	0.00431	0.00881	0.06121	0.03410	0.31634	0.25328	0.23340	0.02514	0.00578	0.00164	0.00252	0.00964	0.00459	0.00429
4	0.28154	0.00799	0.00868	0.00707	0.00993	0.00794	0.00563	0.05631	0.02718	0.31611	0.02533	0.01449	0.01003	0.11436	0.00642	0.00175	0.00385	0.00409	0.00405	0.08727
5	0.04497	0.00549	0.00657	0.00634	0.00780	0.00517	0.00483	0.05097	0.01153	0.09580	0.24086	0.21556	0.21368	0.01048	0.00535	0.00160	0.00284	0.06094	0.00458	0.00464
6	0.10851	0.00559	0.00608	0.00575	0.00697	0.00575	0.00414	0.04891	0.00925	0.07712	0.01591	0.10044	0.04416	0.24065	0.06908	0.00265	0.00403	0.00587	0.23482	0.00431
7	0.19384	0.00915	0.01000	0.00811	0.01121	0.00949	0.00660	0.22959	0.06451	0.29034	0.01626	0.04733	0.07154	0.00618	0.00436	0.00145	0.00396	0.00480	0.00456	0.00672
8	0.00740	0.00522	0.00594	0.00574	0.00649	0.00527	0.00385	0.03331	0.08082	0.01334	0.17922	0.07738	0.06715	0.41330	0.01394	0.00292	0.00354	0.00718	0.06410	0.00388
9	0.03323	0.00518	0.00625	0.00614	0.00747	0.00491	0.00468	0.00968	0.04210	0.07223	0.26201	0.14519	0.21762	0.02870	0.03753	0.00187	0.00312	0.07513	0.03251	0.00447
10	0.65158	0.01020	0.00893	0.00761	0.01057	0.06822	0.04740	0.05268	0.04828	0.04722	0.00783	0.00871	0.00595	0.00448	0.00331	0.00142	0.00420	0.00296	0.00305	0.00541
11	0.00646	0.00436	0.00514	0.00536	0.00554	0.00427	0.00325	0.00687	0.00771	0.01048	0.07440	0.21754	0.02166	0.56298	0.01742	0.00353	0.00380	0.00821	0.02786	0.00316
12	0.00650	0.00442	0.00522	0.00536	0.00550	0.00439	0.00322	0.00683	0.00746	0.01006	0.07251	0.14839	0.02040	0.62777	0.04978	0.00397	0.00432	0.00766	0.00315	0.00308
13	0.01502	0.00920	0.01061	0.00889	0.01186	0.00973	0.00710	0.09086	0.42217	0.30205	0.04861	0.01673	0.01367	0.00609	0.00467	0.00149	0.00380	0.00502	0.00504	0.00739
14	0.00737	0.00470	0.00570	0.00562	0.00625	0.00450	0.00370	0.00809	0.00869	0.06834	0.12730	0.14828	0.09352	0.43068	0.05475	0.00333	0.00403	0.00787	0.00363	0.00365
15	0.09630	0.00614	0.00692	0.00623	0.00799	0.00612	0.00480	0.03899	0.08270	0.10292	0.34709	0.02633	0.11278	0.03490	0.00532	0.00152	0.00281	0.00656	0.09854	0.00504
16	0.01208	0.01019	0.01076	0.00948	0.01219	0.01173	0.00743	0.10938	0.71566	0.02028	0.01784	0.01645	0.01333	0.00615	0.00466	0.00154	0.00379	0.00507	0.00466	0.00733
17	0.00952	0.00816	0.00952	0.00680	0.01088	0.00612	0.00544	0.01156	0.00952	0.01496	0.00816	0.00952	0.00680	0.00340	0.00340	0.00068	0.00340	0.00272	0.00272	0.86672
18	0.00620	0.00453	0.00561	0.00591	0.00662	0.00415	0.00403	0.00719	0.00931	0.01256	0.15203	0.40956	0.10546	0.17169	0.00898	0.00220	0.00296	0.02158	0.00401	0.05543
19	0.00573	0.00410	0.00547	0.00646	0.00681	0.00384	0.00442	0.00667	0.00910	0.01218	0.06672	0.75356	0.03085	0.01403	0.00586	0.00185	0.00272	0.05152	0.00430	0.00379
20	0.00563	0.00416	0.00527	0.00605	0.00659	0.00380	0.00413	0.00659	0.00938	0.01232	0.08476	0.64076	0.16668	0.01355	0.00575	0.00178	0.00257	0.01213	0.00432	0.00380
21	0.01059	0.01101	0.01462	0.01239	0.01279	0.07193	0.04800	0.01175	0.00765	0.01124	0.00626	0.01003	0.00606	0.00760	0.01381	0.00193	0.73119	0.00401	0.00205	0.00510
22	0.00698	0.00488	0.00608	0.00629	0.00699	0.00481	0.00444	0.05512	0.00932	0.01232	0.05955	0.30009	0.12911	0.15915	0.06721	0.10037	0.00397	0.05592	0.00368	0.00372
23	0.00590	0.00456	0.00531	0.00541	0.00650	0.00406	0.00394	0.00727	0.01077	0.01400	0.27747	0.17525	0.37752	0.05527	0.00647	0.00174	0.00249	0.02773	0.00443	0.00394

[dist]
# distance from previous block
# <min> <max>
0	1

[block]
# block no. 2 follows, 56 sequences, length 37
# corresponding to MSA columns:
# 212-246,268,269
name=unknown_C
#
# <colnr> <probs for GDERKNQSTAVLIFYWHMCP>
#	G	D	E	R	K	N	Q	S	T	A	V	L	I	F	Y	W	H	M	C	P
0	0.04138	0.00984	0.01053	0.00920	0.01198	0.01111	0.00724	0.07825	0.64142	0.09924	0.01768	0.01623	0.01301	0.00606	0.00460	0.00153	0.00376	0.00497	0.00471	0.00728
1	0.03734	0.01039	0.01686	0.19998	0.55815	0.01098	0.01313	0.07078	0.01091	0.01548	0.00864	0.01141	0.00699	0.00431	0.00451	0.00140	0.00551	0.00404	0.00241	0.00677
2	0.01082	0.01036	0.01766	0.18869	0.65374	0.01077	0.01382	0.01362	0.01020	0.01434	0.00854	0.01154	0.00704	0.00419	0.00455	0.00140	0.00559	0.00409	0.00223	0.00684
3	0.00656	0.00492	0.00738	0.00738	0.00820	0.00574	0.00574	0.00820	0.00738	0.01066	0.01230	0.01804	0.01148	0.03443	0.82046	0.00738	0.01230	0.00492	0.00246	0.00410
4	0.00627	0.00468	0.00582	0.00553	0.00672	0.00423	0.00415	0.00821	0.01245	0.01711	0.64288	0.03643	0.20885	0.00987	0.00542	0.00147	0.00220	0.00860	0.00488	0.00423
5	0.01108	0.00893	0.00986	0.00930	0.03782	0.00993	0.00693	0.05544	0.55949	0.05678	0.02086	0.10025	0.07852	0.00734	0.00484	0.00157	0.00357	0.00622	0.00456	0.00669
6	0.01074	0.13180	0.21472	0.05126	0.03233	0.06946	0.04656	0.08016	0.01033	0.01395	0.03538	0.03090	0.00851	0.00829	0.08225	0.00203	0.15898	0.00408	0.00245	0.00581
7	0.00597	0.00452	0.00557	0.00613	0.00705	0.00412	0.00458	0.00727	0.01013	0.01307	0.12147	0.34968	0.28071	0.01262	0.00576	0.00176	0.00278	0.14854	0.00435	0.00393
8	0.00954	0.09909	0.13339	0.02045	0.01211	0.02238	0.02369	0.02570	0.07845	0.02887	0.01903	0.02656	0.00965	0.05262	0.21038	0.00314	0.18644	0.00443	0.02876	0.00532
9	0.00672	0.00513	0.00755	0.00746	0.00819	0.00604	0.00577	0.00824	0.00732	0.01058	0.01213	0.01835	0.01152	0.07848	0.73898	0.00697	0.04907	0.00498	0.00246	0.00407
10	0.01426	0.35510	0.01732	0.01037	0.03918	0.38790	0.00838	0.03940	0.01137	0.01172	0.00795	0.00921	0.02127	0.00591	0.04149	0.00141	0.00678	0.00304	0.00231	0.00561
11	0.01197	0.02414	0.06894	0.02730	0.03781	0.03618	0.04854	0.15298	0.02090	0.06984	0.03952	0.01142	0.00861	0.00450	0.00433	0.00109	0.02576	0.00363	0.00321	0.39932
12	0.01200	0.10627	0.15591	0.01563	0.25337	0.05614	0.02178	0.09442	0.04723	0.06229	0.03776	0.02176	0.00949	0.00642	0.04090	0.00165	0.02497	0.02252	0.00290	0.00659
13	0.01229	0.04250	0.11912	0.07306	0.10903	0.08958	0.01004	0.08132	0.35194	0.04367	0.01315	0.01336	0.00989	0.00531	0.00449	0.00144	0.00507	0.00432	0.00354	0.00687
14	0.11292	0.38202	0.13592	0.01035	0.04831	0.11017	0.03898	0.05641	0.01043	0.01394	0.00789	0.02258	0.00682	0.00457	0.00366	0.00122	0.00552	0.01997	0.00237	0.00595
15	0.01049	0.01239	0.19785	0.01364	0.17613	0.00969	0.02689	0.09976	0.15570	0.03305	0.05859	0.07888	0.05603	0.00695	0.01750	0.00160	0.00491	0.03005	0.00343	0.00645
16	0.00657	0.00489	0.00721	0.00721	0.00797	0.00565	0.00553	0.00809	0.00733	0.01053	0.01245	0.01889	0.01185	0.09165	0.76375	0.00717	0.01174	0.00504	0.00248	0.00401
17	0.00999	0.00858	0.00932	0.02452	0.04908	0.03105	0.00661	0.07441	0.39149	0.01742	0.09337	0.05075	0.18232	0.02382	0.00527	0.00158	0.00358	0.00649	0.00434	0.00604
18	0.01982	0.00761	0.01038	0.00808	0.01146	0.00659	0.00662	0.02154	0.01291	0.77155	0.01849	0.05823	0.01235	0.00613	0.00468	0.00144	0.00384	0.00506	0.00561	0.00760
19	0.01215	0.02544	0.03616	0.01109	0.07269	0.07228	0.03423	0.15127	0.34676	0.03091	0.07616	0.01618	0.02455	0.00787	0.05975	0.00185	0.00508	0.00494	0.00398	0.00666
20	0.01044	0.00881	0.00945	0.00861	0.01089	0.01000	0.00665	0.02122	0.64678	0.01864	0.10941	0.05193	0.03393	0.00700	0.00479	0.00155	0.00337	0.00593	0.02397	0.00666
21	0.00632	0.00492	0.00648	0.02418	0.00778	0.00515	0.00493	0.00759	0.00875	0.01163	0.06999	0.10831	0.26092	0.05756	0.33611	0.03035	0.03438	0.00740	0.00332	0.00394
22	0.01506	0.04016	0.01246	0.01048	0.01324	0.33562	0.00817	0.15988	0.30196	0.03796	0.01229	0.01216	0.00935	0.00542	0.00439	0.00135	0.00579	0.00401	0.00368	0.00656
23	0.00611	0.00436	0.00515	0.00553	0.00595	0.00413	0.00358	0.00669	0.00832	0.01083	0.04118	0.30562	0.16230	0.37067	0.01337	0.00293	0.00341	0.03286	0.00364	0.00337
24	0.00646	0.00435	0.00512	0.00533	0.00545	0.00427	0.00318	0.00664	0.00734	0.00977	0.03648	0.19463	0.04159	0.59987	0.01868	0.03269	0.00396	0.00801	0.00315	0.00302
25	0.00796	0.00475	0.00597	0.00620	0.00714	0.00444	0.00442	0.02301	0.00996	0.10013	0.08368	0.45636	0.07721	0.05437	0.00623	0.00179	0.00284	0.02631	0.11290	0.00433
26	0.06586	0.00856	0.01292	0.24530	0.07207	0.03312	0.12070	0.01299	0.06190	0.06017	0.03258	0.02043	0.09213	0.03539	0.03476	0.00186	0.00543	0.07539	0.00307	0.00537
27	0.01040	0.03836	0.06421	0.08748	0.32345	0.02057	0.03549	0.03119	0.11147	0.01524	0.04372	0.06806	0.01085	0.00527	0.00450	0.00135	0.00486	0.00476	0.00289	0.11587
28	0.01055	0.01038	0.03313	0.09110	0.56525	0.02568	0.03547	0.02663	0.01075	0.01490	0.06241	0.01524	0.06819	0.00506	0.00468	0.00140	0.00521	0.00477	0.00261	0.00658
29	0.01012	0.01185	0.12909	0.05094	0.33842	0.02396	0.12174	0.01369	0.05438	0.01473	0.03784	0.08419	0.01104	0.00552	0.00478	0.00145	0.00545	0.02702	0.00270	0.05110
30	0.00827	0.00639	0.00734	0.00700	0.00850	0.00666	0.00527	0.01266	0.22462	0.05618	0.11077	0.19563	0.24511	0.03129	0.00626	0.00170	0.04854	0.00836	0.00437	0.00505
31	0.01070	0.03788	0.28724	0.01244	0.09820	0.01047	0.03635	0.09973	0.15123	0.03358	0.05829	0.01531	0.06701	0.00565	0.00484	0.00144	0.02634	0.00465	0.00320	0.03547
32	0.00668	0.00445	0.00501	0.00501	0.00501	0.00445	0.00278	0.00668	0.00668	0.00890	0.01447	0.03004	0.01669	0.83866	0.02337	0.00445	0.00445	0.00668	0.00278	0.00278
33	0.01137	0.01054	0.01462	0.10000	0.36848	0.05266	0.02575	0.01723	0.26204	0.03459	0.01305	0.03376	0.02486	0.00528	0.00464	0.00145	0.00497	0.00474	0.00318	0.00679
34	0.01163	0.00862	0.03645	0.00823	0.04231	0.03093	0.00640	0.01397	0.03777	0.18070	0.03596	0.07993	0.03995	0.00543	0.00413	0.00108	0.00372	0.00453	0.00360	0.44467
35	0.06684	0.28795	0.26415	0.01089	0.05816	0.06660	0.01073	0.06919	0.05172	0.02684	0.00934	0.01050	0.02542	0.01846	0.00417	0.00133	0.00552	0.00340	0.00250	0.00628
36	0.01166	0.67871	0.18142	0.00890	0.01339	0.01667	0.00967	0.01390	0.00940	0.01155	0.00675	0.00783	0.00588	0.00401	0.00323	0.00108	0.00528	0.00264	0.00196	0.00607

[dist]
# distance from previous block
# <min> <max>
0	2

[block]
# block no. 3 follows, 56 sequences, length 15
# corresponding to MSA columns:
# 272-274,277-288
name=unknown_D
#
# <colnr> <probs for GDERKNQSTAVLIFYWHMCP>
#	G	D	E	R	K	N	Q	S	T	A	V	L	I	F	Y	W	H	M	C	P
0	0.00707	0.00550	0.00741	0.04035	0.07393	0.00529	0.00557	0.03342	0.01181	0.01617	0.43352	0.16311	0.13683	0.00985	0.00539	0.00154	0.00285	0.03142	0.00443	0.00455
1	0.00964	0.00807	0.00940	0.00698	0.01071	0.00639	0.00553	0.05692	0.01016	0.01549	0.00983	0.08183	0.00892	0.00448	0.00368	0.00082	0.00343	0.00371	0.00296	0.74104
2	0.08199	0.27963	0.20410	0.00937	0.01318	0.08309	0.00939	0.02732	0.10511	0.04090	0.01082	0.09646	0.00956	0.00559	0.00397	0.00133	0.00511	0.00426	0.00280	0.00601
3	0.00788	0.00583	0.00692	0.00652	0.00798	0.00572	0.00500	0.07825	0.07206	0.03158	0.37872	0.09692	0.17955	0.03182	0.00586	0.00163	0.00284	0.06552	0.00466	0.00474
4	0.02456	0.06582	0.03639	0.04396	0.01345	0.00865	0.09085	0.05924	0.07507	0.06235	0.01115	0.07860	0.00952	0.00497	0.00410	0.00112	0.00427	0.00431	0.00314	0.39849
5	0.46106	0.01040	0.04481	0.04730	0.07255	0.01096	0.03833	0.12658	0.08831	0.04699	0.00910	0.00999	0.00682	0.00467	0.00371	0.00144	0.00435	0.00341	0.00323	0.00600
6	0.00725	0.00533	0.00713	0.00778	0.00902	0.00508	0.00655	0.00911	0.01019	0.01343	0.02412	0.13366	0.07086	0.03099	0.00638	0.00198	0.00388	0.56572	0.00407	0.07747
7	0.00679	0.00475	0.00549	0.00565	0.00591	0.00481	0.00346	0.00795	0.06711	0.01033	0.01727	0.21410	0.01963	0.58657	0.01794	0.00364	0.00398	0.00803	0.00326	0.00334
8	0.08735	0.00919	0.01011	0.05411	0.01244	0.01030	0.00715	0.06593	0.48871	0.10634	0.08448	0.01697	0.01466	0.00614	0.00456	0.00151	0.00375	0.00504	0.00450	0.00678
9	0.01428	0.01278	0.01163	0.00992	0.01273	0.16414	0.00781	0.26985	0.35882	0.02071	0.01384	0.01350	0.01037	0.00567	0.00446	0.00140	0.00488	0.00438	0.05192	0.00691
10	0.00724	0.00445	0.00509	0.00519	0.00586	0.00436	0.00360	0.00855	0.00917	0.01382	0.13279	0.09035	0.04318	0.28155	0.01064	0.00238	0.00309	0.05852	0.30644	0.00374
11	0.01020	0.00759	0.02616	0.00832	0.03108	0.02568	0.00633	0.12076	0.04470	0.09545	0.06063	0.12422	0.07912	0.11354	0.13652	0.00284	0.05610	0.02750	0.01810	0.00515
12	0.00862	0.00517	0.00648	0.00596	0.00753	0.00459	0.00454	0.01035	0.01201	0.15605	0.40607	0.10359	0.23184	0.00974	0.00532	0.00150	0.00256	0.00842	0.00489	0.00477
13	0.04536	0.01161	0.06126	0.16217	0.49173	0.05108	0.03795	0.01375	0.01004	0.01422	0.00824	0.01107	0.00676	0.00444	0.00506	0.00143	0.05111	0.00397	0.00223	0.00652
14	0.55806	0.05297	0.07048	0.00928	0.07222	0.12666	0.00735	0.03059	0.00926	0.01807	0.00690	0.00811	0.00545	0.00433	0.00331	0.00136	0.00472	0.00278	0.00265	0.00544

[dist]
# distance from previous block
# <min> <max>
0	6

[block]
# block no. 4 follows, 56 sequences, length 12
# corresponding to MSA columns:
# 295-306
name=unknown_E
#
# <colnr> <probs for GDERKNQSTAVLIFYWHMCP>
#	G	D	E	R	K	N	Q	S	T	A	V	L	I	F	Y	W	H	M	C	P
0	0.01074	0.00991	0.01392	0.04923	0.37929	0.05478	0.02100	0.03715	0.10354	0.02748	0.04925	0.01806	0.08697	0.02135	0.00591	0.02088	0.04546	0.03582	0.00305	0.00620
1	0.07505	0.00852	0.00977	0.00719	0.01109	0.00711	0.00581	0.07165	0.01074	0.11391	0.00946	0.01023	0.00730	0.00390	0.00360	0.00088	0.00360	0.00304	0.00323	0.63392
2	0.00637	0.00436	0.00579	0.00655	0.00705	0.00417	0.00462	0.00735	0.00897	0.03364	0.04000	0.57722	0.04280	0.08998	0.04694	0.00237	0.00349	0.10038	0.00409	0.00384
3	0.00654	0.00439	0.00505	0.00518	0.00521	0.00436	0.00297	0.00664	0.00694	0.00926	0.01583	0.13124	0.01841	0.73511	0.02117	0.00413	0.00423	0.00748	0.00297	0.00290
4	0.00662	0.00458	0.00571	0.00586	0.00665	0.00426	0.00414	0.00785	0.01014	0.03761	0.26945	0.24794	0.13676	0.17571	0.00913	0.00221	0.00295	0.05427	0.00426	0.00390
5	0.01160	0.61458	0.17901	0.00900	0.01339	0.01615	0.00961	0.01474	0.07182	0.01220	0.00772	0.00859	0.00652	0.00419	0.00336	0.00112	0.00518	0.00286	0.00217	0.00618
6	0.01235	0.00937	0.07178	0.00931	0.04406	0.00727	0.05596	0.04631	0.01116	0.21501	0.04496	0.02706	0.02735	0.02482	0.00471	0.00123	0.00417	0.02588	0.00363	0.35361
7	0.03005	0.01101	0.05812	0.29744	0.18011	0.05005	0.05652	0.09917	0.03307	0.09313	0.00980	0.01187	0.00728	0.00464	0.00452	0.00142	0.00566	0.00407	0.00286	0.03923
8	0.03575	0.04302	0.07068	0.00877	0.01041	0.05879	0.02692	0.09137	0.01002	0.04089	0.01431	0.21673	0.01508	0.16444	0.02189	0.00226	0.12714	0.03345	0.00323	0.00484
9	0.00668	0.00445	0.00501	0.00501	0.00501	0.00445	0.00278	0.00668	0.00668	0.00890	0.01447	0.03004	0.01669	0.83866	0.02337	0.00445	0.00445	0.00668	0.00278	0.00278
10	0.04666	0.16256	0.12899	0.01014	0.02744	0.07002	0.03319	0.06111	0.22877	0.01556	0.01232	0.01302	0.03850	0.00673	0.04361	0.00166	0.05016	0.00408	0.00308	0.04237
11	0.01238	0.60156	0.08055	0.00924	0.01302	0.11845	0.03673	0.01418	0.00976	0.01127	0.00689	0.00823	0.00610	0.00510	0.02890	0.00129	0.02566	0.00281	0.00204	0.00582

[dist]
# distance from previous block
# <min> <max>
0	2

[block]
# block no. 5 follows, 56 sequences, length 22
# corresponding to MSA columns:
# 309-330
name=unknown_F
#
# <colnr> <probs for GDERKNQSTAVLIFYWHMCP>
#	G	D	E	R	K	N	Q	S	T	A	V	L	I	F	Y	W	H	M	C	P
0	0.00924	0.00782	0.01033	0.00926	0.06992	0.02637	0.06170	0.03205	0.01060	0.03792	0.11933	0.09966	0.08093	0.00703	0.02057	0.00131	0.01473	0.01620	0.01415	0.35088
1	0.04763	0.08980	0.16707	0.01203	0.08975	0.12060	0.02119	0.10406	0.13827	0.03682	0.01193	0.05364	0.01014	0.00589	0.00467	0.00145	0.02227	0.05326	0.00317	0.00634
2	0.00949	0.00926	0.01300	0.01133	0.01142	0.01276	0.00935	0.01056	0.00714	0.01104	0.00750	0.04600	0.00763	0.01104	0.09806	0.00256	0.71036	0.00450	0.00215	0.00487
3	0.00656	0.00492	0.00738	0.00738	0.00820	0.00574	0.00574	0.00820	0.00738	0.01066	0.01230	0.01804	0.01148	0.03443	0.82046	0.00738	0.01230	0.00492	0.00246	0.00410
4	0.05260	0.00888	0.02873	0.01328	0.21423	0.02927	0.04768	0.02324	0.03992	0.16714	0.10586	0.01896	0.10837	0.00634	0.00528	0.00144	0.05536	0.00533	0.06200	0.00607
5	0.00976	0.00918	0.01537	0.33999	0.42035	0.00993	0.01252	0.01252	0.01013	0.01385	0.06397	0.01446	0.03848	0.00492	0.00465	0.00144	0.00538	0.00458	0.00244	0.00610
6	0.00572	0.00462	0.00513	0.00542	0.00669	0.00403	0.00410	0.00696	0.01027	0.01260	0.05900	0.17207	0.57040	0.01214	0.00561	0.00167	0.00260	0.10278	0.00428	0.00391
7	0.00720	0.00515	0.00716	0.00812	0.00912	0.00510	0.00696	0.00922	0.01059	0.01389	0.07493	0.11034	0.02781	0.01260	0.00624	0.00205	0.00398	0.67105	0.00428	0.00420
8	0.87108	0.00888	0.00675	0.00604	0.00888	0.01030	0.00497	0.01350	0.00781	0.02060	0.00639	0.00746	0.00497	0.00426	0.00284	0.00142	0.00355	0.00249	0.00284	0.00497
9	0.00678	0.00521	0.00766	0.00754	0.00826	0.00618	0.00584	0.00829	0.00732	0.01058	0.01203	0.01821	0.01143	0.07787	0.72587	0.00688	0.06255	0.00496	0.00245	0.00408
10	0.01225	0.73403	0.02227	0.00810	0.01172	0.07175	0.00779	0.01371	0.00946	0.01082	0.00680	0.00809	0.00624	0.00587	0.05369	0.00139	0.00560	0.00264	0.00202	0.00574
11	0.01141	0.06723	0.01924	0.02656	0.73423	0.01142	0.03518	0.01408	0.01039	0.01471	0.00850	0.01112	0.00717	0.00407	0.00446	0.00134	0.00548	0.00402	0.00225	0.00715
12	0.00950	0.00917	0.06149	0.00721	0.01146	0.00641	0.00618	0.01175	0.00953	0.01493	0.00817	0.00953	0.00674	0.00346	0.00346	0.00073	0.00362	0.00276	0.00267	0.81123
13	0.00607	0.00462	0.00546	0.00579	0.00680	0.00421	0.00432	0.00731	0.01004	0.01281	0.12381	0.18497	0.35328	0.10698	0.00772	0.00202	0.00294	0.14283	0.00418	0.00384
14	0.01253	0.74883	0.02269	0.00818	0.01194	0.06754	0.00789	0.01457	0.04939	0.01125	0.00705	0.00791	0.00630	0.00409	0.00311	0.00102	0.00505	0.00262	0.00212	0.00593
15	0.00650	0.00440	0.00516	0.00534	0.00542	0.00439	0.00315	0.00670	0.00705	0.00944	0.01612	0.15971	0.01867	0.66950	0.05616	0.00416	0.00451	0.00763	0.00301	0.00299
16	0.01121	0.01238	0.11250	0.05236	0.50726	0.01092	0.10062	0.07544	0.01118	0.01577	0.00947	0.04258	0.00794	0.00462	0.00468	0.00142	0.00575	0.00450	0.00249	0.00692
17	0.00658	0.05856	0.00736	0.00758	0.04747	0.00523	0.00511	0.00762	0.00910	0.01207	0.05653	0.56540	0.04272	0.07684	0.00698	0.00198	0.00318	0.07173	0.00393	0.00404
18	0.18085	0.13519	0.15461	0.01010	0.02796	0.23959	0.00915	0.05263	0.01057	0.03035	0.00793	0.00972	0.00652	0.02731	0.05004	0.00172	0.03438	0.00322	0.00250	0.00566
19	0.01165	0.13617	0.14504	0.01162	0.08955	0.14496	0.02982	0.07101	0.10300	0.01490	0.02748	0.07032	0.03893	0.00561	0.00429	0.00130	0.00532	0.00451	0.00294	0.08156
20	0.01180	0.23566	0.08597	0.01026	0.07716	0.07171	0.00844	0.04188	0.12776	0.06194	0.04256	0.03489	0.03121	0.00527	0.00405	0.00122	0.00467	0.01413	0.00310	0.12632
21	0.03776	0.05329	0.11638	0.03397	0.03688	0.10000	0.01777	0.09290	0.02221	0.08165	0.08900	0.05681	0.10846	0.01843	0.00490	0.00138	0.01539	0.00520	0.00344	0.10419

[dist]
# distance from previous block
# <min> <max>
0	46

# created by:
# /st0/software/busco_prod/Augustus/scripts/msa2prfl.pl ./align_prep/143869.fa
