[name]
unknown

[dist]
# distance from previous block
# <min> <max>
0	29

[block]
# block no. 0 follows, 65 sequences, length 12
# corresponding to MSA columns:
# 43-54
name=unknown_A
#
# <colnr> <probs for GDERKNQSTAVLIFYWHMCP>
#	G	D	E	R	K	N	Q	S	T	A	V	L	I	F	Y	W	H	M	C	P
0	0.22532	0.00553	0.00647	0.00702	0.00836	0.00584	0.00607	0.00939	0.00884	0.01381	0.01774	0.03643	0.01885	0.00946	0.00489	0.00174	0.00363	0.60318	0.00347	0.00395
1	0.00520	0.00373	0.00494	0.00558	0.00600	0.00347	0.00383	0.00622	0.00880	0.01197	0.22321	0.64823	0.03003	0.01175	0.00514	0.00157	0.00227	0.01061	0.00399	0.00347
2	0.00887	0.00827	0.01400	0.07968	0.51925	0.00828	0.05707	0.01127	0.00985	0.01394	0.21202	0.01538	0.01444	0.00486	0.00431	0.00126	0.00431	0.00466	0.00264	0.00565
3	0.00851	0.00730	0.00851	0.00608	0.00973	0.00547	0.00486	0.01034	0.00851	0.01338	0.00730	0.00851	0.00608	0.00304	0.00304	0.00061	0.00304	0.00243	0.00243	0.88083
4	0.01112	0.00913	0.01523	0.09892	0.63815	0.00916	0.01155	0.01346	0.00959	0.13057	0.00890	0.01078	0.00693	0.00390	0.00408	0.00124	0.00473	0.00372	0.00245	0.00639
5	0.01117	0.00585	0.00823	0.12701	0.01156	0.00565	0.00643	0.01299	0.01042	0.33498	0.12378	0.04333	0.06848	0.00743	0.00467	0.00146	0.00353	0.20378	0.00411	0.00513
6	0.00617	0.00544	0.00961	0.00860	0.00981	0.00509	0.20591	0.00757	0.00831	0.01114	0.01906	0.64335	0.02194	0.01052	0.00514	0.00160	0.00351	0.00997	0.00338	0.00388
7	0.01301	0.01128	0.01006	0.00882	0.01124	0.21605	0.00693	0.10060	0.37695	0.13291	0.01363	0.01433	0.01044	0.00542	0.00413	0.00130	0.00448	0.04862	0.00376	0.00603
8	0.00985	0.13584	0.28042	0.01328	0.01775	0.02849	0.36041	0.05974	0.00968	0.01319	0.00761	0.00946	0.00577	0.00380	0.00438	0.00128	0.02756	0.00374	0.00203	0.00571
9	0.00571	0.00414	0.00505	0.00485	0.00564	0.00384	0.00342	0.00704	0.00989	0.01357	0.51229	0.03098	0.14596	0.21972	0.00884	0.00197	0.00247	0.00724	0.00391	0.00347
10	0.00611	0.00466	0.00596	0.00607	0.00726	0.00407	0.00447	0.00727	0.00825	0.01146	0.01868	0.52711	0.02140	0.01020	0.00475	0.00144	0.00275	0.12269	0.00346	0.22195
11	0.09729	0.00858	0.00940	0.12743	0.01238	0.02404	0.00668	0.36035	0.04199	0.03870	0.01029	0.01130	0.00764	0.00468	0.00364	0.00119	0.00386	0.00360	0.22141	0.00554

[dist]
# distance from previous block
# <min> <max>
0	4

[block]
# block no. 1 follows, 65 sequences, length 28
# corresponding to MSA columns:
# 61-69,76-86,90-97
name=unknown_B
#
# <colnr> <probs for GDERKNQSTAVLIFYWHMCP>
#	G	D	E	R	K	N	Q	S	T	A	V	L	I	F	Y	W	H	M	C	P
0	0.00927	0.01026	0.02166	0.19576	0.02292	0.01011	0.64209	0.01258	0.00937	0.01258	0.00809	0.01104	0.00607	0.00360	0.00468	0.00138	0.00661	0.00459	0.00202	0.00533
1	0.01647	0.00971	0.16699	0.00814	0.01187	0.00670	0.00778	0.01867	0.01116	0.67646	0.01451	0.01296	0.00921	0.00486	0.00408	0.00128	0.00398	0.00392	0.00444	0.00681
2	0.01331	0.01623	0.01046	0.00963	0.01145	0.65691	0.00726	0.01447	0.01059	0.01009	0.00743	0.00929	0.00638	0.00931	0.16321	0.00211	0.00794	0.00301	0.02640	0.00452
3	0.01146	0.01100	0.00988	0.00883	0.01116	0.16858	0.00684	0.06020	0.62804	0.01624	0.01439	0.01353	0.01087	0.00528	0.00408	0.00132	0.00410	0.00421	0.00378	0.00619
4	0.56875	0.00883	0.05483	0.00611	0.00838	0.05722	0.00508	0.05369	0.00781	0.01601	0.00745	0.01085	0.00667	0.16651	0.00627	0.00177	0.00382	0.00309	0.00254	0.00432
5	0.71698	0.00726	0.00614	0.00563	0.00782	0.00843	0.00458	0.01116	0.00691	0.01672	0.00672	0.00847	0.00556	0.00896	0.16229	0.00229	0.00467	0.00264	0.00248	0.00430
6	0.00761	0.00559	0.00670	0.00591	0.00735	0.00553	0.00457	0.16198	0.01293	0.01788	0.61632	0.02731	0.08840	0.00787	0.00470	0.00129	0.00244	0.00680	0.00439	0.00444
7	0.00875	0.04846	0.57246	0.01314	0.01856	0.01002	0.24468	0.01302	0.00895	0.01292	0.00758	0.00928	0.00550	0.00376	0.00413	0.00131	0.00625	0.00352	0.00183	0.00589
8	0.01371	0.01579	0.01075	0.00967	0.01181	0.55643	0.00735	0.06382	0.18600	0.01274	0.00950	0.01000	0.01742	0.00470	0.00393	0.00115	0.01651	0.00327	0.04027	0.00520
9	0.00986	0.00796	0.00878	0.00816	0.01025	0.00899	0.00650	0.01920	0.63401	0.04991	0.01765	0.02117	0.01455	0.00665	0.00446	0.00148	0.00336	0.15691	0.00414	0.00600
10	0.00569	0.00443	0.00636	0.16618	0.01043	0.00459	0.00549	0.00691	0.00812	0.01065	0.02031	0.56564	0.05763	0.02266	0.00527	0.00165	0.00312	0.08787	0.00341	0.00361
11	0.00500	0.00357	0.00476	0.00572	0.00595	0.00333	0.00381	0.00572	0.00786	0.01048	0.02262	0.85306	0.02715	0.01286	0.00524	0.00167	0.00238	0.01167	0.00381	0.00333
12	0.00511	0.00365	0.00489	0.00581	0.00611	0.00343	0.00398	0.00593	0.00804	0.01072	0.04148	0.78659	0.02722	0.01267	0.00526	0.00167	0.00245	0.05780	0.00383	0.00337
13	0.01329	0.01430	0.01061	0.00960	0.01173	0.45389	0.00754	0.16705	0.08051	0.01407	0.01081	0.01595	0.00971	0.00583	0.00419	0.00128	0.00582	0.15569	0.00298	0.00514
14	0.17638	0.00889	0.01214	0.12415	0.04602	0.04427	0.10704	0.02971	0.01765	0.02250	0.00727	0.02495	0.00624	0.00666	0.05564	0.00175	0.26979	0.00363	0.00220	0.03313
15	0.00947	0.36890	0.44070	0.01014	0.01501	0.01238	0.06649	0.01272	0.00860	0.01162	0.00674	0.00796	0.00530	0.00371	0.00344	0.00113	0.00543	0.00281	0.00177	0.00570
16	0.88473	0.00794	0.00603	0.00540	0.00794	0.00921	0.00445	0.01207	0.00699	0.01842	0.00572	0.00667	0.00445	0.00381	0.00254	0.00127	0.00318	0.00222	0.00254	0.00445
17	0.15524	0.01902	0.00975	0.02015	0.01085	0.00892	0.00634	0.22930	0.10957	0.34932	0.01278	0.03143	0.00895	0.00504	0.00388	0.00128	0.00370	0.00391	0.00419	0.00638
18	0.00499	0.00360	0.00474	0.00565	0.00594	0.00334	0.00378	0.00572	0.00792	0.01050	0.02344	0.81818	0.06151	0.01275	0.00522	0.00166	0.00237	0.01154	0.00381	0.00334
19	0.00504	0.00373	0.00472	0.00549	0.00598	0.00342	0.00379	0.00586	0.00821	0.01067	0.02621	0.66447	0.17996	0.01233	0.00518	0.00162	0.00238	0.04374	0.00381	0.00338
20	0.01788	0.00785	0.01006	0.00771	0.01091	0.00731	0.00637	0.17203	0.01319	0.67892	0.01498	0.01319	0.00955	0.00505	0.00412	0.00126	0.00369	0.00405	0.00489	0.00698
21	0.00587	0.00436	0.00641	0.00641	0.00708	0.00503	0.00490	0.00721	0.00654	0.00939	0.01117	0.01708	0.01068	0.10397	0.76686	0.00636	0.01037	0.00454	0.00222	0.00356
22	0.01465	0.01087	0.01167	0.00918	0.01228	0.01207	0.00751	0.64375	0.17245	0.04551	0.01133	0.01101	0.00812	0.00505	0.00412	0.00126	0.00425	0.00389	0.00415	0.00689
23	0.88473	0.00794	0.00603	0.00540	0.00794	0.00921	0.00445	0.01207	0.00699	0.01842	0.00572	0.00667	0.00445	0.00381	0.00254	0.00127	0.00318	0.00222	0.00254	0.00445
24	0.00688	0.00549	0.00734	0.00706	0.00801	0.00647	0.00547	0.01017	0.16232	0.01092	0.01187	0.01617	0.01068	0.07192	0.58478	0.00517	0.05806	0.00449	0.00257	0.00419
25	0.72900	0.00895	0.00731	0.00712	0.05649	0.07352	0.00533	0.01254	0.00756	0.03346	0.00608	0.00713	0.00477	0.00394	0.00300	0.00126	0.02299	0.00241	0.00251	0.00464
26	0.01133	0.59402	0.01792	0.00757	0.01068	0.05848	0.00698	0.01460	0.16406	0.04642	0.00828	0.00867	0.00687	0.00410	0.00332	0.00103	0.02498	0.00280	0.00238	0.00553
27	0.04789	0.17207	0.01576	0.18030	0.39498	0.08682	0.01046	0.02360	0.00918	0.01220	0.00707	0.00922	0.00587	0.00379	0.00370	0.00117	0.00505	0.00322	0.00200	0.00564

[dist]
# distance from previous block
# <min> <max>
0	2

[block]
# block no. 2 follows, 65 sequences, length 26
# corresponding to MSA columns:
# 100-125
name=unknown_C
#
# <colnr> <probs for GDERKNQSTAVLIFYWHMCP>
#	G	D	E	R	K	N	Q	S	T	A	V	L	I	F	Y	W	H	M	C	P
0	0.01140	0.77626	0.02054	0.00737	0.01075	0.09666	0.00711	0.01269	0.00866	0.00970	0.00577	0.00666	0.00527	0.00358	0.00274	0.00090	0.00468	0.00224	0.00179	0.00522
1	0.06098	0.00754	0.00967	0.00745	0.01061	0.00694	0.00615	0.10914	0.01236	0.70193	0.01496	0.01315	0.00952	0.00500	0.00405	0.00127	0.00359	0.00399	0.00485	0.00686
2	0.00882	0.00788	0.01160	0.60428	0.02327	0.00952	0.01003	0.08211	0.15816	0.01305	0.00990	0.01220	0.02267	0.00456	0.00413	0.00136	0.00492	0.00393	0.00249	0.00510
3	0.00559	0.00419	0.00519	0.00494	0.00600	0.00378	0.00370	0.00733	0.01111	0.01525	0.65080	0.03265	0.21665	0.00884	0.00484	0.00131	0.00197	0.00770	0.00436	0.00378
4	0.00954	0.00824	0.00864	0.00783	0.01004	0.00937	0.00608	0.01983	0.72150	0.01641	0.01980	0.01833	0.11407	0.00617	0.00426	0.00139	0.00310	0.00514	0.00413	0.00612
5	0.01825	0.00725	0.00969	0.00743	0.01061	0.00642	0.00614	0.06596	0.01218	0.78641	0.01583	0.01373	0.00998	0.00507	0.00413	0.00127	0.00355	0.00410	0.00502	0.00699
6	0.05302	0.00678	0.00892	0.00695	0.00995	0.00594	0.00572	0.01846	0.01135	0.72832	0.01796	0.01588	0.08063	0.00549	0.00412	0.00128	0.00336	0.00444	0.00487	0.00658
7	0.00485	0.00416	0.00416	0.00416	0.00554	0.00347	0.00312	0.00589	0.00936	0.01109	0.04158	0.03950	0.82847	0.01040	0.00485	0.00139	0.00208	0.00866	0.00381	0.00347
8	0.01572	0.00717	0.00917	0.00737	0.01019	0.00676	0.00597	0.01947	0.18492	0.59756	0.07715	0.01551	0.01281	0.00543	0.00419	0.00130	0.00332	0.00448	0.00485	0.00665
9	0.01554	0.01089	0.01183	0.00912	0.01233	0.01191	0.00752	0.70893	0.04277	0.09515	0.01067	0.01048	0.00749	0.00496	0.00409	0.00124	0.00434	0.00376	0.02007	0.00691
10	0.01534	0.01930	0.01166	0.01054	0.01269	0.81196	0.00793	0.04282	0.01189	0.01057	0.00646	0.00748	0.00534	0.00425	0.00371	0.00106	0.00731	0.00268	0.00218	0.00483
11	0.00528	0.00429	0.00462	0.00460	0.00586	0.00375	0.00342	0.02721	0.00977	0.01216	0.14833	0.12303	0.61283	0.01023	0.00487	0.00140	0.00215	0.00868	0.00392	0.00360
12	0.00713	0.00357	0.00535	0.00535	0.00535	0.00357	0.00357	0.00535	0.00535	0.00713	0.00713	0.01248	0.00713	0.01426	0.01604	0.88057	0.00357	0.00357	0.00178	0.00178
13	0.02966	0.01065	0.01105	0.04371	0.02447	0.08229	0.00734	0.44983	0.11560	0.12114	0.01115	0.01110	0.00798	0.00489	0.00399	0.00123	0.00437	0.00375	0.04938	0.00641
14	0.01597	0.00688	0.00908	0.00747	0.02917	0.00619	0.00591	0.01840	0.08154	0.64846	0.03611	0.01675	0.08756	0.00566	0.00421	0.00129	0.00334	0.00466	0.00480	0.00653
15	0.00587	0.00438	0.00649	0.00649	0.00719	0.00507	0.00500	0.00726	0.00657	0.00945	0.01109	0.01666	0.01049	0.07162	0.79896	0.00647	0.01065	0.00448	0.00221	0.00361
16	0.00857	0.06598	0.66147	0.01208	0.05041	0.01020	0.03677	0.01268	0.00850	0.01257	0.00714	0.00871	0.00530	0.00414	0.00469	0.00132	0.07871	0.00311	0.00176	0.00589
17	0.00990	0.00949	0.01619	0.11369	0.74367	0.00968	0.01247	0.01237	0.00922	0.01310	0.00768	0.01024	0.00639	0.00371	0.00407	0.00124	0.00494	0.00366	0.00201	0.00629
18	0.01326	0.07931	0.01281	0.01043	0.01219	0.53012	0.02459	0.03443	0.01022	0.01047	0.00640	0.00837	0.00561	0.00498	0.00603	0.00124	0.20928	0.01338	0.00208	0.00479
19	0.81829	0.00769	0.00598	0.00535	0.00781	0.00884	0.00439	0.01209	0.00717	0.03484	0.00636	0.00730	0.00490	0.00389	0.00259	0.00125	0.00311	0.00235	0.05133	0.00446
20	0.03030	0.00772	0.01242	0.53264	0.06437	0.00927	0.05491	0.05253	0.00867	0.01173	0.00859	0.08330	0.00749	0.00516	0.00518	0.00142	0.09303	0.00437	0.00216	0.00473
21	0.01418	0.01505	0.01096	0.00966	0.01195	0.50518	0.01877	0.09796	0.11204	0.08374	0.01018	0.01117	0.02668	0.00564	0.02922	0.00133	0.00615	0.02190	0.00291	0.00532
22	0.01435	0.00660	0.00855	0.00700	0.00950	0.00612	0.00561	0.04045	0.09878	0.52429	0.15148	0.07966	0.01634	0.00626	0.00433	0.00132	0.00315	0.00528	0.00477	0.00614
23	0.00575	0.00389	0.00454	0.00476	0.00481	0.00383	0.00279	0.00591	0.00640	0.00853	0.01513	0.21449	0.01770	0.66432	0.01734	0.00345	0.00362	0.00726	0.00279	0.00268
24	0.04539	0.00868	0.01405	0.30331	0.42107	0.00965	0.01126	0.03168	0.00885	0.01260	0.00771	0.02937	0.00646	0.00432	0.00475	0.00133	0.06816	0.00377	0.00206	0.00554
25	0.03521	0.16154	0.65515	0.02826	0.01647	0.01064	0.01339	0.01280	0.00855	0.01255	0.00704	0.00830	0.00519	0.00384	0.00365	0.00123	0.00568	0.00288	0.00176	0.00585

[dist]
# distance from previous block
# <min> <max>
0	2

[block]
# block no. 3 follows, 65 sequences, length 29
# corresponding to MSA columns:
# 128-156
name=unknown_D
#
# <colnr> <probs for GDERKNQSTAVLIFYWHMCP>
#	G	D	E	R	K	N	Q	S	T	A	V	L	I	F	Y	W	H	M	C	P
0	0.01085	0.72549	0.07871	0.00801	0.01173	0.01533	0.05328	0.03693	0.00877	0.01059	0.00610	0.00708	0.00537	0.00358	0.00289	0.00095	0.00465	0.00245	0.00184	0.00539
1	0.02083	0.01111	0.17852	0.28190	0.15472	0.02765	0.03507	0.03311	0.03270	0.05879	0.00820	0.01043	0.00625	0.00443	0.00498	0.00135	0.09197	0.00358	0.02895	0.00545
2	0.00562	0.00423	0.00543	0.00578	0.00662	0.00371	0.00400	0.00653	0.00797	0.01099	0.01991	0.70351	0.02342	0.01112	0.00485	0.00148	0.00250	0.01003	0.00357	0.15871
3	0.01013	0.01155	0.03982	0.02835	0.10780	0.08533	0.49724	0.01337	0.04658	0.01268	0.00809	0.01054	0.00633	0.00408	0.00554	0.00138	0.09924	0.00431	0.00213	0.00550
4	0.00578	0.00412	0.00507	0.00540	0.00590	0.00401	0.00382	0.00658	0.00772	0.01012	0.05680	0.16571	0.12768	0.35387	0.05658	0.00286	0.00371	0.16790	0.00321	0.00314
5	0.00542	0.00414	0.00498	0.00485	0.00592	0.00370	0.00361	0.00697	0.01059	0.01421	0.50261	0.08822	0.31110	0.00938	0.00487	0.00135	0.00202	0.00813	0.00423	0.00370
6	0.00518	0.00368	0.00487	0.00570	0.00599	0.00347	0.00386	0.00596	0.00798	0.01066	0.05769	0.72221	0.02668	0.06882	0.00629	0.00182	0.00254	0.04954	0.00375	0.00332
7	0.00594	0.00436	0.00580	0.00638	0.00726	0.00422	0.00518	0.00751	0.00934	0.01230	0.14643	0.17675	0.13343	0.01210	0.05143	0.00195	0.00344	0.39871	0.00381	0.00367
8	0.00998	0.39982	0.30347	0.01002	0.01422	0.04967	0.08842	0.01267	0.00861	0.01119	0.00655	0.00792	0.00535	0.00388	0.00395	0.00113	0.05302	0.00284	0.00180	0.00551
9	0.00760	0.00383	0.00385	0.00385	0.00477	0.00383	0.00286	0.00944	0.00852	0.01506	0.01338	0.01569	0.01067	0.03330	0.00347	0.00106	0.00198	0.00390	0.84917	0.00378
10	0.00929	0.01138	0.25253	0.00984	0.01305	0.02586	0.09685	0.05720	0.07090	0.08602	0.04171	0.07724	0.01373	0.00680	0.00462	0.00148	0.00469	0.20836	0.00315	0.00530
11	0.02812	0.06490	0.49345	0.01027	0.01479	0.14740	0.01161	0.07357	0.02446	0.01366	0.00790	0.00903	0.00589	0.00411	0.00371	0.00120	0.00564	0.00305	0.07158	0.00567
12	0.88473	0.00794	0.00603	0.00540	0.00794	0.00921	0.00445	0.01207	0.00699	0.01842	0.00572	0.00667	0.00445	0.00381	0.00254	0.00127	0.00318	0.00222	0.00254	0.00445
13	0.00978	0.00972	0.01477	0.21696	0.48101	0.06513	0.01154	0.01200	0.00884	0.01204	0.00723	0.01001	0.00603	0.00425	0.00525	0.00132	0.11289	0.00358	0.00196	0.00567
14	0.00547	0.00414	0.00505	0.00491	0.00595	0.00372	0.00365	0.00706	0.01070	0.01448	0.54235	0.09012	0.26883	0.00929	0.00487	0.00134	0.00201	0.00808	0.00426	0.00372
15	0.06125	0.00594	0.00764	0.00627	0.00858	0.00533	0.00503	0.01460	0.01125	0.46687	0.26933	0.02085	0.08643	0.00648	0.00432	0.00129	0.00288	0.00542	0.00466	0.00559
16	0.00498	0.00416	0.00433	0.00429	0.00562	0.00352	0.00322	0.00614	0.00966	0.01180	0.14550	0.03834	0.72410	0.01013	0.00485	0.00137	0.00206	0.00850	0.00391	0.00352
17	0.01091	0.00885	0.00958	0.00868	0.02704	0.01008	0.00665	0.05680	0.72507	0.06357	0.01620	0.01489	0.01203	0.00548	0.00417	0.00137	0.00335	0.00455	0.00418	0.00655
18	0.00938	0.01249	0.16663	0.06352	0.08904	0.01010	0.53617	0.01318	0.03316	0.01311	0.00828	0.01068	0.00621	0.00365	0.00455	0.00135	0.00641	0.00435	0.00206	0.00569
19	0.00581	0.00420	0.00549	0.00516	0.00613	0.00387	0.00387	0.00775	0.01162	0.01646	0.82797	0.03066	0.03873	0.00839	0.00484	0.00129	0.00194	0.00742	0.00452	0.00387
20	0.04469	0.00706	0.00938	0.00724	0.01033	0.00626	0.00597	0.04292	0.01182	0.75907	0.04045	0.01413	0.01076	0.00514	0.00410	0.00127	0.00347	0.00416	0.00496	0.00681
21	0.01509	0.01833	0.01174	0.01047	0.01261	0.72384	0.00796	0.09388	0.01215	0.01158	0.00665	0.00771	0.00546	0.00442	0.00416	0.00111	0.04280	0.00279	0.00230	0.00496
22	0.00608	0.00417	0.00567	0.00585	0.00658	0.00384	0.02779	0.00713	0.00883	0.05800	0.16631	0.51771	0.09691	0.05770	0.00593	0.00167	0.00256	0.00971	0.00388	0.00367
23	0.00500	0.00357	0.00476	0.00572	0.00595	0.00333	0.00381	0.00572	0.00786	0.01048	0.02262	0.85306	0.02715	0.01286	0.00524	0.00167	0.00238	0.01167	0.00381	0.00333
24	0.00498	0.00364	0.00470	0.00554	0.00591	0.00335	0.00373	0.00574	0.00803	0.01055	0.02474	0.76215	0.11669	0.01258	0.00520	0.00164	0.00235	0.01133	0.00381	0.00335
25	0.00765	0.00383	0.00383	0.00383	0.00478	0.00383	0.00287	0.00956	0.00861	0.01530	0.01339	0.01530	0.01052	0.00478	0.00287	0.00096	0.00191	0.00383	0.87853	0.00383
26	0.00500	0.00357	0.00476	0.00572	0.00595	0.00333	0.00381	0.00572	0.00786	0.01048	0.02262	0.85306	0.02715	0.01286	0.00524	0.00167	0.00238	0.01167	0.00381	0.00333
27	0.00643	0.00482	0.00712	0.00752	0.05276	0.00548	0.00547	0.02589	0.00715	0.01045	0.01093	0.01561	0.01000	0.02717	0.72515	0.00585	0.00998	0.00431	0.05402	0.00391
28	0.01801	0.00705	0.00946	0.00728	0.01039	0.00620	0.00600	0.04708	0.01192	0.78132	0.01589	0.01387	0.01006	0.00507	0.00409	0.00126	0.00348	0.00410	0.03058	0.00689

[dist]
# distance from previous block
# <min> <max>
0	1

[block]
# block no. 4 follows, 65 sequences, length 29
# corresponding to MSA columns:
# 158-186
name=unknown_E
#
# <colnr> <probs for GDERKNQSTAVLIFYWHMCP>
#	G	D	E	R	K	N	Q	S	T	A	V	L	I	F	Y	W	H	M	C	P
0	0.01061	0.01069	0.01551	0.19680	0.42875	0.11320	0.08497	0.06607	0.01008	0.01317	0.00765	0.01005	0.00614	0.00389	0.00410	0.00125	0.00548	0.00364	0.00214	0.00581
1	0.02322	0.11538	0.34858	0.03581	0.11900	0.12574	0.06999	0.07428	0.00992	0.01319	0.00727	0.00874	0.00560	0.00399	0.00401	0.00122	0.02309	0.00316	0.00205	0.00578
2	0.01354	0.08226	0.01179	0.00928	0.01167	0.37686	0.01682	0.09561	0.13472	0.09055	0.02636	0.01086	0.01746	0.00487	0.00431	0.00118	0.04708	0.01294	0.00296	0.02890
3	0.00673	0.00450	0.00582	0.00536	0.00652	0.00417	0.00406	0.00887	0.03217	0.07058	0.73238	0.02940	0.05731	0.00815	0.00478	0.00129	0.00208	0.00717	0.00453	0.00414
4	0.82270	0.00820	0.02885	0.00555	0.00817	0.00902	0.00471	0.01200	0.00710	0.01809	0.00597	0.00696	0.00464	0.00382	0.00260	0.00125	0.00322	0.00229	0.02232	0.02254
5	0.00569	0.00388	0.00463	0.00496	0.00507	0.00380	0.00303	0.00597	0.00667	0.00888	0.01624	0.28603	0.01902	0.56547	0.01552	0.00319	0.00347	0.03275	0.00294	0.00279
6	0.88473	0.00794	0.00603	0.00540	0.00794	0.00921	0.00445	0.01207	0.00699	0.01842	0.00572	0.00667	0.00445	0.00381	0.00254	0.00127	0.00318	0.00222	0.00254	0.00445
7	0.00569	0.00417	0.00549	0.00629	0.00701	0.00397	0.00494	0.00697	0.00878	0.01136	0.02508	0.37586	0.14596	0.01182	0.00537	0.00172	0.00295	0.35921	0.00380	0.00355
8	0.00500	0.00357	0.00476	0.00572	0.00595	0.00333	0.00381	0.00572	0.00786	0.01048	0.02262	0.85306	0.02715	0.01286	0.00524	0.00167	0.00238	0.01167	0.00381	0.00333
9	0.00977	0.00917	0.01531	0.25964	0.53925	0.00975	0.02682	0.05710	0.00958	0.01327	0.00773	0.01038	0.00623	0.00385	0.00409	0.00127	0.00506	0.00368	0.00209	0.00595
10	0.00947	0.01546	0.42115	0.03396	0.01775	0.00978	0.24634	0.01382	0.06308	0.06510	0.00870	0.01022	0.00632	0.00416	0.00479	0.00136	0.05668	0.00379	0.00221	0.00587
11	0.01016	0.00975	0.01666	0.02520	0.83013	0.00975	0.01260	0.01260	0.00935	0.01341	0.00772	0.01016	0.00650	0.00366	0.00406	0.00122	0.00488	0.00366	0.00203	0.00650
12	0.01595	0.00647	0.00855	0.00673	0.00958	0.00557	0.00550	0.01744	0.01131	0.68378	0.02080	0.01861	0.15871	0.00605	0.00426	0.00129	0.00324	0.00495	0.00485	0.00635
13	0.01048	0.03978	0.08749	0.02249	0.08504	0.13973	0.22643	0.03428	0.09946	0.03897	0.01077	0.03132	0.00907	0.00501	0.00439	0.00132	0.01625	0.07696	0.05539	0.00539
14	0.01616	0.00706	0.00955	0.00826	0.06448	0.00632	0.00624	0.05726	0.01175	0.64165	0.04287	0.01626	0.08185	0.00554	0.00421	0.00128	0.00346	0.00457	0.00470	0.00655
15	0.00504	0.00367	0.00476	0.00562	0.00600	0.00339	0.00384	0.00583	0.00806	0.01060	0.02447	0.74568	0.10634	0.01257	0.00522	0.00165	0.00240	0.03771	0.00381	0.00336
16	0.01726	0.00779	0.01034	0.00879	0.06522	0.00724	0.00670	0.11811	0.03784	0.65320	0.01486	0.01325	0.00960	0.00498	0.00412	0.00127	0.00370	0.00406	0.00473	0.00694
17	0.01120	0.05151	0.10836	0.06082	0.14855	0.07497	0.10517	0.13905	0.09159	0.07591	0.01107	0.06816	0.02516	0.00498	0.00416	0.00128	0.00492	0.00436	0.00290	0.00586
18	0.00670	0.00515	0.00734	0.00704	0.00790	0.00608	0.00554	0.06124	0.00742	0.01064	0.01058	0.01528	0.00975	0.02765	0.73422	0.00595	0.06100	0.00430	0.00230	0.00394
19	0.00500	0.00357	0.00476	0.00572	0.00595	0.00333	0.00381	0.00572	0.00786	0.01048	0.02262	0.85306	0.02715	0.01286	0.00524	0.00167	0.00238	0.01167	0.00381	0.00333
20	0.00904	0.25136	0.58365	0.01060	0.01590	0.01141	0.03955	0.01281	0.00861	0.01208	0.00694	0.00817	0.00525	0.00378	0.00358	0.00119	0.00563	0.00286	0.00175	0.00583
21	0.48188	0.01881	0.02915	0.05634	0.02077	0.07275	0.10985	0.02223	0.00824	0.03410	0.00765	0.05891	0.00647	0.00436	0.00331	0.00126	0.00418	0.00335	0.00252	0.05388
22	0.00891	0.00753	0.00873	0.00627	0.00990	0.00588	0.00503	0.05556	0.00912	0.01408	0.00744	0.00859	0.00613	0.00315	0.00310	0.00064	0.00312	0.00250	0.00253	0.83180
23	0.00498	0.00364	0.00469	0.00553	0.00590	0.00335	0.00373	0.00574	0.00804	0.01055	0.02491	0.75481	0.12392	0.01256	0.00519	0.00163	0.00235	0.01131	0.00381	0.00335
24	0.01138	0.00952	0.01465	0.10608	0.53079	0.02300	0.01097	0.12398	0.01082	0.08797	0.00901	0.02755	0.00719	0.00420	0.00410	0.00125	0.00476	0.00385	0.00261	0.00632
25	0.00894	0.01138	0.15490	0.08906	0.01828	0.00945	0.39870	0.01362	0.13882	0.01333	0.01102	0.05799	0.01876	0.00478	0.00456	0.00140	0.00565	0.03137	0.00250	0.00549
26	0.00524	0.00414	0.00472	0.00465	0.00580	0.00362	0.00346	0.00661	0.01016	0.01318	0.35175	0.08501	0.46756	0.00975	0.00487	0.00137	0.00204	0.00835	0.00409	0.00362
27	0.04199	0.00702	0.00876	0.00708	0.00971	0.00666	0.00580	0.13108	0.02391	0.48081	0.09107	0.01762	0.04142	0.00588	0.00419	0.00129	0.00336	0.05255	0.05368	0.00612
28	0.01368	0.01062	0.01039	0.00867	0.01111	0.14361	0.00686	0.24329	0.20829	0.16860	0.01249	0.01292	0.02038	0.05645	0.00561	0.00145	0.05176	0.00403	0.00375	0.00605

[dist]
# distance from previous block
# <min> <max>
0	3

# created by:
# /st0/software/busco_prod/Augustus/scripts/msa2prfl.pl ./align_prep/144087.fa
