[name]
unknown

[dist]
# distance from previous block
# <min> <max>
0	92

[block]
# block no. 0 follows, 55 sequences, length 41
# corresponding to MSA columns:
# 98-125,141-153
name=unknown_A
#
# <colnr> <probs for GDERKNQSTAVLIFYWHMCP>
#	G	D	E	R	K	N	Q	S	T	A	V	L	I	F	Y	W	H	M	C	P
0	0.00750	0.00544	0.00741	0.00838	0.00944	0.00549	0.00714	0.01004	0.04961	0.01397	0.02446	0.13757	0.02659	0.01272	0.00629	0.00209	0.00408	0.65311	0.00431	0.00438
1	0.00565	0.00521	0.02540	0.00499	0.00667	0.00413	0.00393	0.00699	0.01072	0.01295	0.08648	0.04335	0.74465	0.01147	0.00547	0.00156	0.00246	0.00958	0.00430	0.00403
2	0.00879	0.00827	0.01395	0.82532	0.03204	0.01034	0.01292	0.01189	0.00930	0.01189	0.00827	0.01240	0.00620	0.00465	0.00465	0.00155	0.00620	0.00413	0.00207	0.00517
3	0.00887	0.00835	0.01410	0.80088	0.05583	0.01036	0.01296	0.01196	0.00934	0.01199	0.00828	0.01238	0.00624	0.00464	0.00465	0.00155	0.00618	0.00413	0.00207	0.00524
4	0.01134	0.01100	0.01887	0.04467	0.69883	0.01129	0.05131	0.01405	0.01035	0.01484	0.00859	0.01149	0.00724	0.00442	0.00537	0.00144	0.06130	0.00420	0.00228	0.00711
5	0.01231	0.01256	0.01811	0.02631	0.70012	0.12026	0.01356	0.01486	0.01094	0.01468	0.00854	0.01109	0.00718	0.00423	0.00455	0.00136	0.00591	0.00399	0.00232	0.00710
6	0.00813	0.00635	0.00783	0.02168	0.00981	0.00676	0.00654	0.01310	0.24188	0.01487	0.02301	0.28973	0.02401	0.01134	0.00574	0.00189	0.00363	0.29425	0.00439	0.00504
7	0.01157	0.00999	0.01052	0.00947	0.01210	0.01157	0.00736	0.02472	0.79908	0.01946	0.01893	0.01736	0.01420	0.00631	0.00473	0.00158	0.00368	0.00526	0.00473	0.00736
8	0.00554	0.00464	0.00482	0.00493	0.00635	0.00392	0.00364	0.00669	0.01046	0.01261	0.05903	0.13228	0.70508	0.01205	0.00555	0.00160	0.00239	0.01017	0.00434	0.00392
9	0.00675	0.00456	0.00534	0.00534	0.00543	0.00466	0.00315	0.00694	0.00684	0.00922	0.01441	0.02909	0.01633	0.74737	0.11201	0.00484	0.00539	0.00657	0.00278	0.00297
10	0.01091	0.00933	0.00995	0.00914	0.01150	0.01070	0.00702	0.02269	0.71122	0.01862	0.01968	0.10810	0.01604	0.00723	0.00487	0.00161	0.00357	0.00615	0.00469	0.00696
11	0.01270	0.79581	0.02378	0.00817	0.01207	0.06096	0.00801	0.01418	0.00965	0.01097	0.00651	0.00751	0.00597	0.00402	0.00305	0.00101	0.00516	0.00251	0.00201	0.00594
12	0.01890	0.00745	0.01008	0.00788	0.01112	0.00649	0.00645	0.02075	0.01319	0.69739	0.10572	0.01799	0.01513	0.00616	0.00472	0.00143	0.00371	0.00508	0.03295	0.00741
13	0.01131	0.01069	0.01741	0.02513	0.67659	0.01054	0.01293	0.01455	0.05245	0.01542	0.00924	0.01162	0.00768	0.00418	0.00448	0.00132	0.00520	0.00405	0.00248	0.10272
14	0.01092	0.43990	0.41045	0.01056	0.01596	0.01468	0.01248	0.01432	0.00963	0.01280	0.00739	0.00862	0.00593	0.00420	0.00369	0.00123	0.00591	0.00295	0.00198	0.00641
15	0.01462	0.05548	0.01271	0.01069	0.01320	0.37704	0.00831	0.04506	0.31697	0.03681	0.01207	0.01220	0.00938	0.00557	0.00496	0.00139	0.04980	0.00399	0.00343	0.00632
16	0.01195	0.00991	0.01053	0.00942	0.01209	0.01138	0.00734	0.02464	0.76716	0.05160	0.01891	0.01730	0.01409	0.00629	0.00473	0.00157	0.00369	0.00524	0.00478	0.00739
17	0.01271	0.01079	0.01325	0.01114	0.03297	0.01178	0.09479	0.20497	0.44532	0.02078	0.01538	0.03512	0.01176	0.00587	0.00476	0.00149	0.00449	0.00507	0.00428	0.05330
18	0.00658	0.00476	0.00622	0.00585	0.00695	0.00439	0.00439	0.00878	0.01317	0.01866	0.80503	0.03475	0.04390	0.00951	0.00549	0.00146	0.00219	0.00841	0.00512	0.00439
19	0.07014	0.00550	0.00679	0.00688	0.00793	0.00552	0.00502	0.01974	0.00957	0.10907	0.02416	0.48627	0.11975	0.02655	0.01890	0.00190	0.05757	0.01004	0.00419	0.00452
20	0.00957	0.02262	0.72417	0.01496	0.10768	0.01083	0.01686	0.01468	0.00991	0.01478	0.00839	0.01001	0.00606	0.00439	0.00444	0.00146	0.00673	0.00352	0.00200	0.00693
21	0.00567	0.00405	0.00540	0.00648	0.00675	0.00378	0.00432	0.00648	0.00891	0.01188	0.02564	0.83347	0.03077	0.01457	0.00594	0.00189	0.00270	0.01323	0.00432	0.00378
22	0.01151	0.01105	0.01888	0.02855	0.80748	0.01105	0.01428	0.01428	0.01059	0.01520	0.00875	0.01151	0.00737	0.00415	0.00461	0.00138	0.00553	0.00415	0.00230	0.00737
23	0.01125	0.01055	0.01755	0.20113	0.59640	0.01108	0.01369	0.05515	0.01091	0.01523	0.00877	0.01169	0.00714	0.00433	0.00462	0.00142	0.00565	0.00415	0.00238	0.00692
24	0.00711	0.00533	0.00709	0.00810	0.02712	0.00514	0.00670	0.00904	0.01068	0.01363	0.02965	0.04969	0.21263	0.01240	0.00616	0.00199	0.00385	0.57516	0.00425	0.00427
25	0.00553	0.00467	0.00479	0.00486	0.00633	0.00393	0.00361	0.00670	0.01053	0.01263	0.05963	0.10033	0.73674	0.01194	0.00553	0.00159	0.00238	0.01003	0.00433	0.00393
26	0.00940	0.02360	0.78051	0.01352	0.02030	0.01084	0.04861	0.01474	0.00987	0.01474	0.00839	0.00993	0.00594	0.00440	0.00446	0.00148	0.00691	0.00352	0.00198	0.00685
27	0.77502	0.00888	0.00728	0.00636	0.00932	0.01004	0.00524	0.01468	0.00852	0.10869	0.00780	0.00848	0.00576	0.00448	0.00308	0.00144	0.00364	0.00276	0.00320	0.00536
28	0.00550	0.00471	0.00471	0.00471	0.00628	0.00393	0.00353	0.00668	0.01060	0.01257	0.04713	0.04477	0.80560	0.01178	0.00550	0.00157	0.00236	0.00982	0.00432	0.00393
29	0.00597	0.00434	0.00548	0.00626	0.00670	0.00410	0.00421	0.00707	0.02797	0.01200	0.04545	0.62733	0.09390	0.10538	0.00784	0.00214	0.00291	0.02300	0.00418	0.00379
30	0.01151	0.01105	0.01888	0.02855	0.80748	0.01105	0.01428	0.01428	0.01059	0.01520	0.00875	0.01151	0.00737	0.00415	0.00461	0.00138	0.00553	0.00415	0.00230	0.00737
31	0.00622	0.00474	0.00572	0.00547	0.00673	0.00424	0.00411	0.00808	0.01232	0.01664	0.55378	0.03807	0.29640	0.01026	0.00549	0.00150	0.00225	0.00888	0.00486	0.00424
32	0.01169	0.00916	0.01336	0.04412	0.05284	0.00793	0.13161	0.03892	0.02969	0.12472	0.01049	0.02491	0.00815	0.00424	0.00416	0.00106	0.00448	0.00386	0.00319	0.47142
33	0.00946	0.00807	0.00941	0.00687	0.01079	0.00616	0.00546	0.01166	0.02241	0.01517	0.02458	0.03130	0.02058	0.00401	0.00360	0.00076	0.00339	0.00327	0.00290	0.80015
34	0.02297	0.03533	0.02573	0.06400	0.05583	0.00877	0.13865	0.06308	0.01192	0.20129	0.13542	0.04637	0.03966	0.00617	0.00531	0.00143	0.04347	0.00544	0.00384	0.08533
35	0.01526	0.34168	0.01770	0.01026	0.01337	0.38688	0.00860	0.10659	0.01255	0.01330	0.00734	0.00840	0.00621	0.00466	0.00410	0.00117	0.03057	0.00297	0.00249	0.00590
36	0.01098	0.01255	0.02745	0.01961	0.02431	0.01176	0.79059	0.01490	0.01098	0.01490	0.00941	0.01255	0.00706	0.00392	0.00549	0.00157	0.00784	0.00549	0.00235	0.00627
37	0.00956	0.00975	0.01913	0.28503	0.03909	0.01006	0.37643	0.01283	0.01036	0.01375	0.02542	0.04261	0.01075	0.00577	0.00533	0.00164	0.00653	0.10778	0.00262	0.00556
38	0.00569	0.00406	0.00542	0.00646	0.00675	0.00379	0.00432	0.00653	0.00900	0.01203	0.04355	0.81511	0.03107	0.01446	0.00593	0.00188	0.00269	0.01311	0.00434	0.00379
39	0.00674	0.00486	0.00635	0.00639	0.00672	0.00530	0.00437	0.00747	0.00728	0.01007	0.01473	0.11449	0.01610	0.42062	0.30959	0.00519	0.04064	0.00673	0.00284	0.00350
40	0.01564	0.01903	0.01233	0.01154	0.03859	0.64339	0.00847	0.05505	0.01311	0.01251	0.01200	0.01290	0.09517	0.00628	0.02303	0.00140	0.00756	0.00390	0.00272	0.00539

[dist]
# distance from previous block
# <min> <max>
0	10

[block]
# block no. 1 follows, 55 sequences, length 35
# corresponding to MSA columns:
# 164-196,210,211
name=unknown_B
#
# <colnr> <probs for GDERKNQSTAVLIFYWHMCP>
#	G	D	E	R	K	N	Q	S	T	A	V	L	I	F	Y	W	H	M	C	P
0	0.01158	0.61285	0.13915	0.00883	0.01288	0.04130	0.00915	0.01366	0.00944	0.01151	0.00734	0.00888	0.00650	0.00703	0.08128	0.00169	0.00608	0.00288	0.00205	0.00591
1	0.01633	0.01913	0.01379	0.01372	0.11145	0.59174	0.00952	0.10508	0.03378	0.01407	0.00823	0.00951	0.00670	0.00544	0.02050	0.00138	0.00763	0.00337	0.00270	0.00594
2	0.00943	0.12966	0.10603	0.01072	0.01395	0.00993	0.18637	0.01386	0.13444	0.01546	0.18297	0.04951	0.07763	0.00718	0.01802	0.00157	0.00488	0.01919	0.00347	0.00573
3	0.00639	0.00588	0.05029	0.00667	0.00809	0.00469	0.02628	0.00807	0.01066	0.01432	0.24799	0.31973	0.20987	0.01127	0.00554	0.00163	0.00290	0.02334	0.00431	0.03205
4	0.00847	0.00609	0.00812	0.00877	0.01010	0.00622	0.00763	0.08455	0.01178	0.01540	0.02334	0.04852	0.02497	0.01216	0.00626	0.00207	0.00436	0.70225	0.00432	0.00463
5	0.01281	0.23460	0.28364	0.01043	0.01505	0.03860	0.01101	0.21591	0.01333	0.04776	0.06634	0.01153	0.00939	0.00503	0.00418	0.00132	0.00552	0.00377	0.00305	0.00672
6	0.01293	0.70465	0.05698	0.00855	0.01259	0.03775	0.00847	0.08858	0.01075	0.01288	0.00702	0.00794	0.00615	0.00417	0.00324	0.00106	0.00516	0.00270	0.00225	0.00618
7	0.05622	0.25810	0.15687	0.00996	0.01377	0.08938	0.00960	0.15224	0.09973	0.03039	0.01021	0.02430	0.00839	0.00532	0.00439	0.00135	0.02940	0.03091	0.00303	0.00644
8	0.01294	0.01117	0.01698	0.07519	0.45760	0.04528	0.05939	0.09173	0.03858	0.09232	0.01018	0.01215	0.00793	0.00516	0.01780	0.00153	0.02982	0.00428	0.00293	0.00706
9	0.01078	0.00883	0.01215	0.01028	0.01272	0.00938	0.13621	0.05649	0.34076	0.05577	0.03215	0.05236	0.01534	0.09113	0.03178	0.00210	0.00479	0.09324	0.01764	0.00610
10	0.00567	0.00405	0.00540	0.00648	0.00675	0.00378	0.00432	0.00648	0.00891	0.01188	0.02564	0.83347	0.03077	0.01457	0.00594	0.00189	0.00270	0.01323	0.00432	0.00378
11	0.01376	0.01095	0.01845	0.01368	0.01737	0.01081	0.35987	0.22632	0.01383	0.13981	0.01223	0.03836	0.00961	0.08469	0.00689	0.00179	0.00604	0.00536	0.00360	0.00657
12	0.01205	0.55493	0.16681	0.01016	0.01462	0.01578	0.08458	0.01449	0.00978	0.04733	0.00761	0.00881	0.00631	0.00424	0.00386	0.00118	0.02597	0.00308	0.00219	0.00623
13	0.00711	0.00552	0.00746	0.00742	0.00829	0.03323	0.00572	0.00873	0.00776	0.01108	0.01247	0.01822	0.01159	0.05386	0.73129	0.00689	0.01163	0.00493	0.04263	0.00417
14	0.86937	0.00900	0.00684	0.00612	0.00900	0.01044	0.00504	0.01368	0.00792	0.02087	0.00648	0.00756	0.00504	0.00432	0.00288	0.00144	0.00360	0.00252	0.00288	0.00504
15	0.00574	0.00428	0.00535	0.00610	0.00674	0.00390	0.00424	0.00675	0.00959	0.01247	0.07280	0.58119	0.21255	0.01359	0.00583	0.00180	0.00264	0.03622	0.00436	0.00386
16	0.01208	0.01084	0.01100	0.00974	0.01240	0.06715	0.02160	0.06751	0.65578	0.01911	0.01825	0.02929	0.03158	0.00637	0.00474	0.00155	0.00412	0.00527	0.00451	0.00711
17	0.01480	0.01057	0.01179	0.00947	0.01249	0.01134	0.00776	0.53480	0.01867	0.06086	0.14468	0.03059	0.01588	0.00691	0.00493	0.00146	0.00444	0.06719	0.00470	0.02667
18	0.04352	0.01124	0.01176	0.00960	0.01270	0.10124	0.02011	0.27838	0.10384	0.25242	0.04024	0.05395	0.01199	0.00626	0.00470	0.00145	0.00476	0.02015	0.00463	0.00707
19	0.01225	0.00934	0.01021	0.00898	0.01158	0.01039	0.00703	0.08236	0.56215	0.09557	0.07999	0.04065	0.03510	0.00680	0.00483	0.00155	0.00365	0.00569	0.00483	0.00705
20	0.02087	0.00792	0.01080	0.00828	0.01188	0.00684	0.00684	0.02267	0.01332	0.81071	0.01835	0.01583	0.01152	0.00576	0.00468	0.00144	0.00396	0.00468	0.00576	0.00792
21	0.01097	0.01035	0.01750	0.07318	0.68579	0.01047	0.01355	0.01369	0.01053	0.01488	0.01024	0.01549	0.00916	0.00501	0.00478	0.00146	0.00545	0.07807	0.00248	0.00695
22	0.01834	0.00765	0.01024	0.00790	0.01132	0.00654	0.00647	0.02020	0.01292	0.65224	0.09263	0.01700	0.01414	0.00588	0.00463	0.00136	0.00374	0.00484	0.00539	0.09659
23	0.01102	0.01224	0.02548	0.01844	0.02282	0.01181	0.69480	0.01574	0.08634	0.01524	0.01024	0.01295	0.00772	0.00426	0.00568	0.00158	0.02930	0.00543	0.00257	0.00635
24	0.01372	0.00965	0.00972	0.00808	0.01048	0.10582	0.03589	0.23331	0.01403	0.10931	0.01322	0.01417	0.00985	0.00537	0.00401	0.00124	0.00417	0.00422	0.38778	0.00595
25	0.00965	0.00827	0.00965	0.00689	0.01102	0.00620	0.00551	0.01171	0.00965	0.01516	0.00827	0.00965	0.00689	0.00345	0.00345	0.00069	0.00345	0.00276	0.00276	0.86494
26	0.02087	0.00792	0.01080	0.00828	0.01188	0.00684	0.00684	0.02267	0.01332	0.81071	0.01835	0.01583	0.01152	0.00576	0.00468	0.00144	0.00396	0.00468	0.00576	0.00792
27	0.00907	0.00782	0.01224	0.00993	0.01249	0.00730	0.19201	0.03303	0.09113	0.04398	0.08172	0.23809	0.09370	0.00826	0.00517	0.00150	0.00418	0.00771	0.00378	0.13687
28	0.00591	0.00455	0.00541	0.00558	0.00664	0.00404	0.00404	0.00734	0.01102	0.01445	0.29875	0.25412	0.33788	0.01176	0.00561	0.00162	0.00239	0.01026	0.00459	0.00404
29	0.84262	0.00896	0.00696	0.00619	0.00909	0.01032	0.00509	0.01396	0.00809	0.04577	0.00685	0.00782	0.00524	0.00436	0.00294	0.00144	0.00361	0.00259	0.00297	0.00513
30	0.00567	0.00405	0.00540	0.00648	0.00675	0.00378	0.00432	0.00648	0.00891	0.01188	0.02564	0.83347	0.03077	0.01457	0.00594	0.00189	0.00270	0.01323	0.00432	0.00378
31	0.01989	0.00792	0.01063	0.00826	0.01172	0.00701	0.00678	0.02231	0.05582	0.74105	0.04505	0.01656	0.01276	0.00592	0.00471	0.00145	0.00388	0.00484	0.00568	0.00777
32	0.00608	0.00443	0.00560	0.00601	0.00670	0.00410	0.00422	0.00732	0.01027	0.01381	0.26018	0.39673	0.13218	0.08497	0.00733	0.00196	0.00272	0.03704	0.00443	0.00391
33	0.00877	0.00823	0.01385	0.78550	0.04992	0.01019	0.01273	0.01181	0.00932	0.01197	0.00872	0.03323	0.00685	0.00489	0.00468	0.00155	0.00610	0.00437	0.00213	0.00519
34	0.03624	0.10359	0.08639	0.01723	0.16551	0.05537	0.33758	0.01494	0.05693	0.01472	0.02606	0.03138	0.02305	0.00471	0.00478	0.00145	0.00635	0.00482	0.00257	0.00634

[dist]
# distance from previous block
# <min> <max>
0	2

[block]
# block no. 2 follows, 55 sequences, length 14
# corresponding to MSA columns:
# 214-227
name=unknown_C
#
# <colnr> <probs for GDERKNQSTAVLIFYWHMCP>
#	G	D	E	R	K	N	Q	S	T	A	V	L	I	F	Y	W	H	M	C	P
0	0.05319	0.20310	0.04819	0.01022	0.01317	0.37421	0.00859	0.10090	0.02739	0.01445	0.04991	0.01188	0.00913	0.00532	0.00429	0.00127	0.02118	0.03499	0.00281	0.00578
1	0.75767	0.04025	0.00817	0.00671	0.00947	0.01109	0.00559	0.03520	0.00831	0.02011	0.00658	0.00782	0.00522	0.00459	0.00374	0.00146	0.05734	0.00267	0.00284	0.00516
2	0.01097	0.21435	0.22709	0.04980	0.01745	0.01248	0.17176	0.06572	0.05837	0.01502	0.02355	0.01170	0.02608	0.00460	0.00431	0.00132	0.00582	0.00400	0.00257	0.07304
3	0.00670	0.00454	0.00515	0.00515	0.00526	0.00454	0.00297	0.00682	0.00697	0.00926	0.01609	0.03063	0.05359	0.76572	0.05474	0.00449	0.00473	0.00684	0.00288	0.00292
4	0.00933	0.02406	0.81240	0.01326	0.02014	0.01080	0.01719	0.01473	0.00982	0.01473	0.00835	0.00982	0.00589	0.00442	0.00442	0.00147	0.00688	0.00344	0.00196	0.00688
5	0.01203	0.00963	0.03868	0.01029	0.03146	0.00874	0.10989	0.05307	0.09776	0.14460	0.01302	0.05122	0.03010	0.00545	0.00526	0.00128	0.06828	0.00460	0.00352	0.30113
6	0.00567	0.00405	0.00540	0.00648	0.00675	0.00378	0.00432	0.00648	0.00891	0.01188	0.02564	0.83347	0.03077	0.01457	0.00594	0.00189	0.00270	0.01323	0.00432	0.00378
7	0.01065	0.26814	0.53888	0.01155	0.01741	0.01325	0.01403	0.05060	0.01027	0.01427	0.00792	0.00918	0.00601	0.00434	0.00400	0.00133	0.00622	0.00319	0.00210	0.00665
8	0.00634	0.00472	0.00604	0.00680	0.00771	0.00442	0.00531	0.00778	0.01014	0.01304	0.05863	0.32578	0.21657	0.01308	0.00600	0.00189	0.00318	0.29422	0.00434	0.00402
9	0.01136	0.00925	0.00990	0.00886	0.01135	0.01046	0.00690	0.04256	0.64142	0.04495	0.08000	0.01938	0.04198	0.00667	0.00476	0.00154	0.00352	0.00557	0.03262	0.00696
10	0.01028	0.00885	0.01098	0.00790	0.01204	0.00710	0.05155	0.06588	0.01057	0.01612	0.00854	0.00992	0.00697	0.00362	0.00365	0.00079	0.00382	0.00301	0.00286	0.75555
11	0.00663	0.00484	0.00686	0.00691	0.00753	0.00544	0.00510	0.00789	0.00738	0.01046	0.01349	0.05491	0.01358	0.20950	0.61035	0.00659	0.01031	0.00572	0.00264	0.00385
12	0.01768	0.01303	0.01396	0.01070	0.01443	0.01443	0.00884	0.79197	0.02187	0.02932	0.01117	0.01117	0.00791	0.00558	0.00465	0.00140	0.00512	0.00419	0.00465	0.00791
13	0.01392	0.00939	0.01158	0.00954	0.01220	0.05096	0.07563	0.23851	0.02873	0.20500	0.04704	0.22188	0.03866	0.00805	0.00509	0.00155	0.00443	0.00698	0.00452	0.00634

[dist]
# distance from previous block
# <min> <max>
0	5

[block]
# block no. 3 follows, 55 sequences, length 14
# corresponding to MSA columns:
# 233-246
name=unknown_D
#
# <colnr> <probs for GDERKNQSTAVLIFYWHMCP>
#	G	D	E	R	K	N	Q	S	T	A	V	L	I	F	Y	W	H	M	C	P
0	0.00965	0.00827	0.00965	0.00689	0.01102	0.00620	0.00551	0.01171	0.00965	0.01516	0.00827	0.00965	0.00689	0.00345	0.00345	0.00069	0.00345	0.00276	0.00276	0.86494
1	0.00965	0.00827	0.00965	0.00689	0.01102	0.00620	0.00551	0.01171	0.00965	0.01516	0.00827	0.00965	0.00689	0.00345	0.00345	0.00069	0.00345	0.00276	0.00276	0.86494
2	0.01356	0.65431	0.02184	0.00887	0.01249	0.19939	0.00819	0.01498	0.01030	0.01104	0.00663	0.00767	0.00598	0.00416	0.00326	0.00104	0.00575	0.00260	0.00208	0.00584
3	0.00720	0.19315	0.00970	0.00681	0.00792	0.00709	0.00514	0.00816	0.00903	0.01167	0.02130	0.64646	0.02515	0.01218	0.00527	0.00169	0.00321	0.01079	0.00379	0.00427
4	0.01028	0.19641	0.01298	0.00713	0.01123	0.00897	0.00607	0.01222	0.00960	0.01421	0.00786	0.00915	0.00668	0.00357	0.00334	0.00076	0.00379	0.00270	0.00258	0.67048
5	0.01151	0.62689	0.19238	0.00907	0.01353	0.01621	0.00984	0.01385	0.00944	0.01175	0.00714	0.00846	0.00621	0.00548	0.04024	0.00139	0.00572	0.00280	0.00201	0.00608
6	0.00638	0.00460	0.00603	0.00599	0.00690	0.00425	0.00437	0.00826	0.01220	0.01712	0.62858	0.21558	0.04092	0.01066	0.00559	0.00156	0.00231	0.00950	0.00494	0.00425
7	0.00791	0.00959	0.18972	0.00963	0.01201	0.00659	0.00969	0.01079	0.01051	0.01411	0.02095	0.04282	0.02205	0.01094	0.00597	0.00199	0.00487	0.60123	0.00376	0.00487
8	0.01151	0.01105	0.01888	0.02855	0.80748	0.01105	0.01428	0.01428	0.01059	0.01520	0.00875	0.01151	0.00737	0.00415	0.00461	0.00138	0.00553	0.00415	0.00230	0.00737
9	0.04851	0.01179	0.01153	0.00945	0.01220	0.15121	0.05201	0.30789	0.04706	0.05675	0.02913	0.01333	0.00968	0.01982	0.00459	0.00137	0.00493	0.00422	0.19826	0.00627
10	0.00943	0.01073	0.06488	0.01412	0.01805	0.00914	0.46628	0.01258	0.01066	0.01448	0.01802	0.01962	0.18796	0.00575	0.00516	0.00147	0.00593	0.00606	0.03698	0.08270
11	0.01294	0.10725	0.50003	0.01127	0.01691	0.01050	0.01326	0.01690	0.01077	0.24026	0.01099	0.01127	0.00750	0.00475	0.00434	0.00141	0.00584	0.00369	0.00304	0.00707
12	0.03486	0.00979	0.01045	0.00889	0.01152	0.08302	0.00707	0.14713	0.17218	0.19695	0.01415	0.01482	0.01065	0.01221	0.18866	0.00277	0.00636	0.00449	0.02341	0.04062
13	0.06641	0.01833	0.01232	0.01088	0.01351	0.58263	0.00832	0.06110	0.03009	0.11905	0.02902	0.01033	0.00790	0.00509	0.00425	0.00127	0.00709	0.00344	0.00311	0.00586

[dist]
# distance from previous block
# <min> <max>
3	23

# created by:
# /st0/software/busco_prod/Augustus/scripts/msa2prfl.pl ./align_prep/144080.fa
