[name]
unknown

[dist]
# distance from previous block
# <min> <max>
0	35

[block]
# block no. 0 follows, 61 sequences, length 19
# corresponding to MSA columns:
# 35-46,52-58
name=unknown_A
#
# <colnr> <probs for GDERKNQSTAVLIFYWHMCP>
#	G	D	E	R	K	N	Q	S	T	A	V	L	I	F	Y	W	H	M	C	P
0	0.00687	0.00494	0.00685	0.00780	0.00881	0.00491	0.00680	0.00882	0.00991	0.01284	0.02359	0.04832	0.05451	0.01186	0.00592	0.00196	0.00390	0.76346	0.00397	0.00395
1	0.01636	0.01242	0.01290	0.00996	0.01336	0.04713	0.00819	0.77476	0.01992	0.02646	0.01019	0.01024	0.00725	0.00514	0.00429	0.00129	0.00487	0.00383	0.00422	0.00723
2	0.00813	0.00766	0.01292	0.83826	0.02967	0.00957	0.01196	0.01101	0.00861	0.01101	0.00766	0.01148	0.00574	0.00431	0.00431	0.00144	0.00574	0.00383	0.00191	0.00479
3	0.01649	0.01189	0.01282	0.00983	0.01327	0.01310	0.00812	0.77799	0.01996	0.05696	0.01059	0.01050	0.00745	0.00518	0.00431	0.00129	0.00470	0.00390	0.00435	0.00733
4	0.00596	0.00440	0.00557	0.00527	0.00635	0.00401	0.00396	0.00786	0.01187	0.01650	0.71267	0.03345	0.14793	0.00910	0.00508	0.00137	0.00205	0.00797	0.00464	0.00401
5	0.00813	0.00766	0.01292	0.83826	0.02967	0.00957	0.01196	0.01101	0.00861	0.01101	0.00766	0.01148	0.00574	0.00431	0.00431	0.00144	0.00574	0.00383	0.00191	0.00479
6	0.01933	0.00733	0.01000	0.00766	0.01100	0.00633	0.00633	0.02099	0.01233	0.82473	0.01699	0.01466	0.01066	0.00533	0.00433	0.00133	0.00367	0.00433	0.00533	0.00733
7	0.00864	0.02228	0.82630	0.01228	0.01864	0.01000	0.01592	0.01364	0.00909	0.01364	0.00773	0.00909	0.00546	0.00409	0.00409	0.00136	0.00637	0.00318	0.00182	0.00637
8	0.01071	0.00925	0.00974	0.00877	0.01120	0.01071	0.00682	0.02289	0.81396	0.01802	0.01753	0.01607	0.01315	0.00584	0.00438	0.00146	0.00341	0.00487	0.00438	0.00682
9	0.00813	0.00766	0.01292	0.83826	0.02967	0.00957	0.01196	0.01101	0.00861	0.01101	0.00766	0.01148	0.00574	0.00431	0.00431	0.00144	0.00574	0.00383	0.00191	0.00479
10	0.01606	0.01256	0.01365	0.01053	0.01392	0.09712	0.07224	0.60524	0.01804	0.08189	0.01031	0.01049	0.00732	0.00498	0.00433	0.00129	0.00518	0.00389	0.00400	0.00696
11	0.00873	0.00797	0.01292	0.77851	0.02849	0.00984	0.01169	0.06845	0.00945	0.01217	0.00785	0.01140	0.00586	0.00437	0.00431	0.00143	0.00567	0.00383	0.00209	0.00497
12	0.01701	0.00731	0.01009	0.00883	0.06901	0.00654	0.00661	0.01917	0.04206	0.65276	0.09924	0.01623	0.01357	0.00560	0.00441	0.00134	0.00359	0.00467	0.00500	0.00694
13	0.01066	0.01023	0.01748	0.02644	0.82174	0.01023	0.01322	0.01322	0.00981	0.01407	0.00810	0.01066	0.00682	0.00384	0.00426	0.00128	0.00512	0.00384	0.00213	0.00682
14	0.01152	0.85121	0.02257	0.00737	0.01106	0.01704	0.00737	0.01290	0.00875	0.01013	0.00599	0.00691	0.00553	0.00369	0.00276	0.00092	0.00461	0.00230	0.00184	0.00553
15	0.01129	0.78454	0.08721	0.00777	0.01167	0.01648	0.00806	0.01296	0.00878	0.01042	0.00613	0.00709	0.00552	0.00372	0.00287	0.00096	0.00475	0.00237	0.00184	0.00560
16	0.00564	0.00482	0.00558	0.00630	0.07152	0.00420	0.00418	0.00693	0.00999	0.01235	0.11489	0.06811	0.64985	0.01023	0.00504	0.00144	0.00242	0.00866	0.00392	0.00393
17	0.01066	0.01023	0.01748	0.02644	0.82174	0.01023	0.01322	0.01322	0.00981	0.01407	0.00810	0.01066	0.00682	0.00384	0.00426	0.00128	0.00512	0.00384	0.00213	0.00682
18	0.00866	0.00823	0.01371	0.63496	0.16166	0.00997	0.01197	0.01133	0.00865	0.01147	0.00757	0.01118	0.00592	0.00449	0.00509	0.00145	0.07279	0.00383	0.00195	0.00512

[dist]
# distance from previous block
# <min> <max>
0	1

[block]
# block no. 1 follows, 61 sequences, length 38
# corresponding to MSA columns:
# 60-97
name=unknown_B
#
# <colnr> <probs for GDERKNQSTAVLIFYWHMCP>
#	G	D	E	R	K	N	Q	S	T	A	V	L	I	F	Y	W	H	M	C	P
0	0.00588	0.00430	0.00546	0.00535	0.00627	0.00395	0.00390	0.00754	0.01113	0.01541	0.59066	0.14465	0.12167	0.04738	0.00590	0.00155	0.00221	0.00847	0.00446	0.00388
1	0.00824	0.00593	0.00776	0.00820	0.00953	0.00611	0.00711	0.11849	0.01133	0.01485	0.02110	0.04334	0.02239	0.01098	0.00572	0.00189	0.00407	0.68450	0.00401	0.00443
2	0.01043	0.01137	0.02115	0.01571	0.01896	0.06462	0.56061	0.01325	0.00965	0.03244	0.00892	0.04851	0.00740	0.00484	0.00657	0.00152	0.15125	0.00501	0.00229	0.00550
3	0.00993	0.00552	0.00711	0.00630	0.00796	0.00510	0.00485	0.05863	0.01208	0.22303	0.42934	0.13839	0.05727	0.00842	0.00490	0.00140	0.00268	0.00733	0.00474	0.00500
4	0.00757	0.00612	0.03611	0.00632	0.00789	0.00556	0.00513	0.11791	0.01292	0.01791	0.58958	0.02974	0.08834	0.00842	0.00498	0.00138	0.00266	0.04242	0.00449	0.00456
5	0.01044	0.63142	0.12052	0.00762	0.01113	0.01440	0.00778	0.01208	0.00845	0.01033	0.00725	0.01010	0.00691	0.11968	0.00556	0.00142	0.00477	0.00296	0.00194	0.00523
6	0.01146	0.00943	0.01574	0.15052	0.58691	0.00960	0.01208	0.01394	0.00997	0.12484	0.00925	0.01134	0.00718	0.00412	0.00428	0.00131	0.00502	0.00390	0.00254	0.00657
7	0.00808	0.00500	0.00653	0.00578	0.00729	0.00448	0.00444	0.01006	0.01202	0.12789	0.66101	0.02839	0.03449	0.00799	0.00487	0.00131	0.00233	0.00700	0.00469	0.05637
8	0.00813	0.00766	0.01292	0.83826	0.02967	0.00957	0.01196	0.01101	0.00861	0.01101	0.00766	0.01148	0.00574	0.00431	0.00431	0.00144	0.00574	0.00383	0.00191	0.00479
9	0.00939	0.00926	0.01374	0.14125	0.12536	0.01223	0.01034	0.01086	0.00735	0.01097	0.00630	0.00991	0.00583	0.00653	0.01126	0.00173	0.59695	0.00379	0.00192	0.00501
10	0.00748	0.00374	0.00561	0.00561	0.00561	0.00374	0.00374	0.00561	0.00561	0.00748	0.00748	0.01309	0.00748	0.01496	0.01684	0.87467	0.00374	0.00374	0.00187	0.00187
11	0.00864	0.02228	0.82630	0.01228	0.01864	0.01000	0.01592	0.01364	0.00909	0.01364	0.00773	0.00909	0.00546	0.00409	0.00409	0.00136	0.00637	0.00318	0.00182	0.00637
12	0.01066	0.01023	0.01748	0.02644	0.82174	0.01023	0.01322	0.01322	0.00981	0.01407	0.00810	0.01066	0.00682	0.00384	0.00426	0.00128	0.00512	0.00384	0.00213	0.00682
13	0.01066	0.01023	0.01748	0.02644	0.82174	0.01023	0.01322	0.01322	0.00981	0.01407	0.00810	0.01066	0.00682	0.00384	0.00426	0.00128	0.00512	0.00384	0.00213	0.00682
14	0.00748	0.00374	0.00561	0.00561	0.00561	0.00374	0.00374	0.00561	0.00561	0.00748	0.00748	0.01309	0.00748	0.01496	0.01684	0.87467	0.00374	0.00374	0.00187	0.00187
15	0.00610	0.00440	0.00576	0.00542	0.00644	0.00406	0.00406	0.00813	0.01219	0.01727	0.81947	0.03218	0.04064	0.00881	0.00508	0.00135	0.00203	0.00779	0.00474	0.00406
16	0.01064	0.00958	0.01189	0.01005	0.01275	0.01074	0.11650	0.02164	0.70366	0.01744	0.01632	0.01546	0.01224	0.00554	0.00448	0.00146	0.00394	0.00490	0.00408	0.00668
17	0.00512	0.00436	0.00441	0.00440	0.00584	0.00365	0.00330	0.00624	0.00989	0.01181	0.06796	0.04116	0.79556	0.01084	0.00509	0.00145	0.00218	0.00905	0.00402	0.00365
18	0.66558	0.00856	0.00694	0.00614	0.00861	0.04456	0.00497	0.06426	0.00905	0.01918	0.11794	0.01070	0.00981	0.00475	0.00316	0.00132	0.00344	0.00320	0.00304	0.00477
19	0.01002	0.41974	0.44093	0.00992	0.01501	0.01338	0.01182	0.01329	0.00893	0.01196	0.00690	0.00805	0.00549	0.00390	0.00346	0.00115	0.00552	0.00276	0.00183	0.00596
20	0.01071	0.00925	0.00974	0.00877	0.01120	0.01071	0.00682	0.02289	0.81396	0.01802	0.01753	0.01607	0.01315	0.00584	0.00438	0.00146	0.00341	0.00487	0.00438	0.00682
21	0.01112	0.00945	0.00997	0.00885	0.01136	0.01090	0.00692	0.07891	0.75728	0.01867	0.01702	0.01566	0.01273	0.00580	0.00438	0.00145	0.00350	0.00480	0.00438	0.00685
22	0.00694	0.00496	0.00694	0.00793	0.00892	0.00496	0.00694	0.00892	0.00992	0.01289	0.02281	0.04859	0.02479	0.01190	0.00595	0.00198	0.00397	0.79275	0.00397	0.00397
23	0.01059	0.01016	0.01736	0.04869	0.80003	0.01022	0.01319	0.01316	0.00978	0.01399	0.00809	0.01068	0.00679	0.00385	0.00427	0.00128	0.00513	0.00384	0.00213	0.00677
24	0.00523	0.00437	0.00456	0.00451	0.00590	0.00370	0.00338	0.00645	0.01014	0.01241	0.15010	0.04018	0.71305	0.01062	0.00509	0.00144	0.00216	0.00891	0.00410	0.00370
25	0.00617	0.00454	0.00655	0.00655	0.00719	0.00518	0.00492	0.00745	0.00681	0.00972	0.01188	0.01880	0.01159	0.16860	0.69637	0.00646	0.01031	0.00489	0.00236	0.00364
26	0.01066	0.01023	0.01748	0.02644	0.82174	0.01023	0.01322	0.01322	0.00981	0.01407	0.00810	0.01066	0.00682	0.00384	0.00426	0.00128	0.00512	0.00384	0.00213	0.00682
27	0.00748	0.00374	0.00561	0.00561	0.00561	0.00374	0.00374	0.00561	0.00561	0.00748	0.00748	0.01309	0.00748	0.01496	0.01684	0.87467	0.00374	0.00374	0.00187	0.00187
28	0.00596	0.00440	0.00557	0.00527	0.00635	0.00401	0.00396	0.00786	0.01187	0.01650	0.71301	0.03345	0.14759	0.00909	0.00508	0.00137	0.00205	0.00797	0.00464	0.00401
29	0.00893	0.00766	0.00893	0.00638	0.01021	0.00574	0.00510	0.01085	0.00893	0.01404	0.00766	0.00893	0.00638	0.00319	0.00319	0.00064	0.00319	0.00255	0.00255	0.87495
30	0.00556	0.00448	0.00512	0.00515	0.02077	0.00391	0.00375	0.00703	0.01070	0.01377	0.33106	0.03745	0.51596	0.01000	0.00507	0.00141	0.00218	0.00851	0.00424	0.00385
31	0.01399	0.00979	0.01078	0.00874	0.01158	0.01058	0.00704	0.45688	0.15568	0.11287	0.03666	0.07666	0.05636	0.00634	0.00448	0.00137	0.00401	0.00512	0.00441	0.00666
32	0.03916	0.01115	0.01076	0.00917	0.01187	0.09624	0.00725	0.26352	0.44578	0.02006	0.01377	0.01317	0.01027	0.00542	0.00423	0.00136	0.00424	0.00425	0.02165	0.00666
33	0.04975	0.04084	0.02755	0.00927	0.04685	0.20993	0.00705	0.12169	0.04094	0.05113	0.01519	0.19951	0.03953	0.00777	0.00458	0.00145	0.00469	0.11378	0.00341	0.00509
34	0.03655	0.30521	0.32511	0.00991	0.04297	0.01209	0.01050	0.06906	0.00972	0.01363	0.00726	0.00840	0.00577	0.00389	0.00349	0.00110	0.00507	0.00284	0.00214	0.12530
35	0.02568	0.01177	0.06055	0.01713	0.13447	0.04710	0.49952	0.01338	0.00986	0.01366	0.00844	0.02135	0.00668	0.00394	0.00495	0.00135	0.03258	0.00449	0.00221	0.08089
36	0.02716	0.12544	0.01770	0.02236	0.64220	0.01095	0.02688	0.01333	0.00974	0.03814	0.02155	0.01057	0.00728	0.00394	0.00406	0.00124	0.00496	0.00370	0.00224	0.00656
37	0.02895	0.03514	0.01720	0.02210	0.58635	0.00987	0.12071	0.01269	0.00978	0.01396	0.02525	0.02826	0.03719	0.00446	0.00437	0.00131	0.00508	0.01423	0.01679	0.00629

[dist]
# distance from previous block
# <min> <max>
5	42

[block]
# block no. 2 follows, 61 sequences, length 7
# corresponding to MSA columns:
# 169-175
name=unknown_C
#
# <colnr> <probs for GDERKNQSTAVLIFYWHMCP>
#	G	D	E	R	K	N	Q	S	T	A	V	L	I	F	Y	W	H	M	C	P
0	0.01229	0.18454	0.15080	0.18065	0.01712	0.36167	0.01015	0.01447	0.01025	0.01108	0.00691	0.00858	0.00557	0.00420	0.00378	0.00118	0.00648	0.00297	0.00201	0.00529
1	0.01025	0.01271	0.18382	0.02353	0.65659	0.01019	0.01377	0.01331	0.00966	0.01398	0.00803	0.01034	0.00654	0.00389	0.00423	0.00130	0.00537	0.00370	0.00207	0.00673
2	0.01059	0.12241	0.55990	0.01119	0.01662	0.01156	0.01327	0.17678	0.01135	0.01599	0.00805	0.00908	0.00585	0.00426	0.00397	0.00129	0.00581	0.00322	0.00233	0.00646
3	0.01407	0.01617	0.01097	0.00978	0.01191	0.56032	0.00743	0.11279	0.01320	0.01397	0.17427	0.01311	0.01299	0.00543	0.00418	0.00118	0.00622	0.00394	0.00300	0.00509
4	0.33676	0.00829	0.00756	0.00679	0.00898	0.04786	0.00538	0.10761	0.13052	0.04120	0.01173	0.05597	0.00990	0.02707	0.00407	0.00141	0.00353	0.04014	0.14010	0.00515
5	0.00813	0.00637	0.00836	0.02414	0.04449	0.03233	0.05413	0.06749	0.02560	0.05536	0.11856	0.38997	0.08099	0.00949	0.00497	0.00149	0.00333	0.00850	0.00382	0.05246
6	0.24377	0.00828	0.00976	0.06599	0.10341	0.00848	0.00685	0.05662	0.06292	0.11328	0.01071	0.03318	0.03381	0.00475	0.00398	0.00122	0.02925	0.00367	0.00311	0.19698

[dist]
# distance from previous block
# <min> <max>
5	26

[block]
# block no. 3 follows, 61 sequences, length 10
# corresponding to MSA columns:
# 202-211
name=unknown_D
#
# <colnr> <probs for GDERKNQSTAVLIFYWHMCP>
#	G	D	E	R	K	N	Q	S	T	A	V	L	I	F	Y	W	H	M	C	P
0	0.00905	0.13997	0.71219	0.01158	0.01757	0.01100	0.01470	0.01354	0.00905	0.01314	0.00748	0.00878	0.00547	0.00403	0.00390	0.00130	0.00612	0.00306	0.00182	0.00625
1	0.01152	0.85121	0.02257	0.00737	0.01106	0.01704	0.00737	0.01290	0.00875	0.01013	0.00599	0.00691	0.00553	0.00369	0.00276	0.00092	0.00461	0.00230	0.00184	0.00553
2	0.01637	0.01207	0.01293	0.00991	0.01336	0.01336	0.00819	0.80738	0.02025	0.02715	0.01034	0.01034	0.00733	0.00517	0.00431	0.00129	0.00474	0.00388	0.00431	0.00733
3	0.01609	0.02053	0.01221	0.01110	0.01332	0.83132	0.00832	0.01720	0.01221	0.01054	0.00666	0.00777	0.00555	0.00444	0.00388	0.00111	0.00777	0.00277	0.00222	0.00499
4	0.01071	0.00925	0.00974	0.00877	0.01120	0.01071	0.00682	0.02289	0.81396	0.01802	0.01753	0.01607	0.01315	0.00584	0.00438	0.00146	0.00341	0.00487	0.00438	0.00682
5	0.00938	0.00532	0.00546	0.00497	0.00637	0.00553	0.00385	0.13909	0.01085	0.01785	0.01345	0.01513	0.01044	0.00504	0.00322	0.00105	0.00245	0.00399	0.73201	0.00455
6	0.00626	0.00418	0.00470	0.00470	0.00470	0.00418	0.00261	0.00626	0.00626	0.00835	0.01357	0.02819	0.01566	0.84862	0.02192	0.00418	0.00418	0.00626	0.00261	0.00261
7	0.01637	0.01207	0.01293	0.00991	0.01336	0.01336	0.00819	0.80738	0.02025	0.02715	0.01034	0.01034	0.00733	0.00517	0.00431	0.00129	0.00474	0.00388	0.00431	0.00733
8	0.00856	0.00658	0.00759	0.00729	0.00890	0.00704	0.00567	0.01458	0.34937	0.04610	0.15715	0.09865	0.07141	0.05119	0.00580	0.00169	0.00316	0.13982	0.00426	0.00518
9	0.00706	0.00517	0.00653	0.00597	0.00731	0.00490	0.00462	0.06756	0.01247	0.01754	0.66416	0.03049	0.03536	0.00846	0.00499	0.00136	0.00242	0.06050	0.00455	0.04858

[dist]
# distance from previous block
# <min> <max>
0	1

[block]
# block no. 4 follows, 61 sequences, length 6
# corresponding to MSA columns:
# 213-216,225,226
name=unknown_E
#
# <colnr> <probs for GDERKNQSTAVLIFYWHMCP>
#	G	D	E	R	K	N	Q	S	T	A	V	L	I	F	Y	W	H	M	C	P
0	0.01637	0.01207	0.01293	0.00991	0.01336	0.01336	0.00819	0.80738	0.02025	0.02715	0.01034	0.01034	0.00733	0.00517	0.00431	0.00129	0.00474	0.00388	0.00431	0.00733
1	0.01078	0.61987	0.17860	0.00865	0.01256	0.01535	0.00921	0.01283	0.00864	0.01084	0.00630	0.00754	0.00552	0.00408	0.00396	0.00109	0.07410	0.00260	0.00184	0.00562
2	0.01537	0.01132	0.01221	0.00956	0.01272	0.01247	0.00781	0.73531	0.01917	0.02570	0.01155	0.08547	0.00923	0.00592	0.00442	0.00133	0.00454	0.00463	0.00428	0.00698
3	0.17968	0.01098	0.02169	0.01572	0.01975	0.01065	0.64975	0.01358	0.00961	0.01488	0.00818	0.01072	0.00617	0.00370	0.00461	0.00143	0.00650	0.00455	0.00227	0.00559
4	0.54492	0.06877	0.10990	0.00902	0.01253	0.01045	0.16256	0.01302	0.00819	0.01693	0.00674	0.00815	0.00518	0.00392	0.00332	0.00133	0.00455	0.00297	0.00241	0.00515
5	0.03929	0.00638	0.00834	0.00685	0.00907	0.00553	0.05973	0.01012	0.00863	0.08747	0.01375	0.13026	0.03546	0.20224	0.00825	0.00184	0.00366	0.03874	0.00310	0.32129

[dist]
# distance from previous block
# <min> <max>
3	7

[block]
# block no. 5 follows, 61 sequences, length 12
# corresponding to MSA columns:
# 234-245
name=unknown_F
#
# <colnr> <probs for GDERKNQSTAVLIFYWHMCP>
#	G	D	E	R	K	N	Q	S	T	A	V	L	I	F	Y	W	H	M	C	P
0	0.00739	0.00566	0.00629	0.00669	0.00766	0.06534	0.00510	0.00865	0.00960	0.05970	0.07092	0.34054	0.13093	0.03883	0.00589	0.00176	0.00333	0.21780	0.00394	0.00398
1	0.33654	0.00873	0.00789	0.00665	0.00934	0.07395	0.00520	0.01313	0.09997	0.03325	0.00925	0.03806	0.00795	0.06679	0.00467	0.00134	0.00370	0.00338	0.00289	0.26731
2	0.00699	0.00539	0.00525	0.00517	0.00534	0.06534	0.00303	0.00707	0.00670	0.00851	0.01306	0.02668	0.01491	0.78620	0.02059	0.00395	0.00444	0.00601	0.00258	0.00279
3	0.01637	0.01207	0.01293	0.00991	0.01336	0.01336	0.00819	0.80738	0.02025	0.02715	0.01034	0.01034	0.00733	0.00517	0.00431	0.00129	0.00474	0.00388	0.00431	0.00733
4	0.00890	0.09825	0.75264	0.01183	0.01795	0.01065	0.01513	0.01357	0.00906	0.01332	0.00757	0.00889	0.00546	0.00406	0.00397	0.00132	0.00620	0.00310	0.00182	0.00629
5	0.01152	0.85121	0.02257	0.00737	0.01106	0.01704	0.00737	0.01290	0.00875	0.01013	0.00599	0.00691	0.00553	0.00369	0.00276	0.00092	0.00461	0.00230	0.00184	0.00553
6	0.01637	0.01207	0.01293	0.00991	0.01336	0.01336	0.00819	0.80738	0.02025	0.02715	0.01034	0.01034	0.00733	0.00517	0.00431	0.00129	0.00474	0.00388	0.00431	0.00733
7	0.01611	0.01992	0.01226	0.01101	0.01332	0.77276	0.00831	0.07377	0.01278	0.01173	0.00692	0.00795	0.00568	0.00449	0.00391	0.00112	0.00755	0.00285	0.00237	0.00516
8	0.01637	0.01207	0.01293	0.00991	0.01336	0.01336	0.00819	0.80738	0.02025	0.02715	0.01034	0.01034	0.00733	0.00517	0.00431	0.00129	0.00474	0.00388	0.00431	0.00733
9	0.01040	0.01189	0.02356	0.04657	0.02164	0.05923	0.68952	0.01372	0.01005	0.01333	0.00840	0.01127	0.00640	0.00391	0.00546	0.00145	0.05054	0.00483	0.00216	0.00567
10	0.25056	0.01369	0.06920	0.00919	0.01236	0.19655	0.00781	0.35607	0.01412	0.02031	0.00814	0.00876	0.00607	0.00461	0.00375	0.00127	0.00516	0.00316	0.00321	0.00601
11	0.03816	0.01191	0.01293	0.01000	0.01327	0.05507	0.05474	0.65191	0.01824	0.02464	0.01016	0.01053	0.00734	0.00500	0.00421	0.00128	0.00485	0.00386	0.05505	0.00685

[dist]
# distance from previous block
# <min> <max>
4	8

[block]
# block no. 6 follows, 61 sequences, length 6
# corresponding to MSA columns:
# 254-259
name=unknown_G
#
# <colnr> <probs for GDERKNQSTAVLIFYWHMCP>
#	G	D	E	R	K	N	Q	S	T	A	V	L	I	F	Y	W	H	M	C	P
0	0.01066	0.01023	0.01748	0.02644	0.82174	0.01023	0.01322	0.01322	0.00981	0.01407	0.00810	0.01066	0.00682	0.00384	0.00426	0.00128	0.00512	0.00384	0.00213	0.00682
1	0.00841	0.00802	0.01394	0.65540	0.09581	0.00943	0.07671	0.01127	0.00904	0.01184	0.05256	0.01257	0.00783	0.00446	0.00441	0.00142	0.00561	0.00415	0.00211	0.00500
2	0.00664	0.00503	0.00656	0.00670	0.00756	0.00493	0.03450	0.06854	0.03474	0.01252	0.02287	0.52733	0.09775	0.08361	0.00676	0.00189	0.00309	0.06118	0.00385	0.00395
3	0.01006	0.00951	0.01609	0.02415	0.73055	0.00948	0.01219	0.01241	0.00963	0.01373	0.00985	0.10405	0.00925	0.00492	0.00440	0.00133	0.00482	0.00478	0.00234	0.00645
4	0.01132	0.00933	0.01111	0.00910	0.01208	0.00988	0.06703	0.09894	0.48880	0.05573	0.01431	0.01379	0.01071	0.00510	0.00421	0.00129	0.00381	0.00434	0.00392	0.16520
5	0.05203	0.29073	0.21548	0.01142	0.10399	0.11700	0.01019	0.10253	0.03467	0.01404	0.00757	0.00863	0.00605	0.00414	0.00362	0.00117	0.00542	0.00300	0.00231	0.00601

[dist]
# distance from previous block
# <min> <max>
0	3

# created by:
# /st0/software/busco_prod/Augustus/scripts/msa2prfl.pl ./align_prep/144343.fa
