[name]
unknown

[dist]
# distance from previous block
# <min> <max>
1	32

[block]
# block no. 0 follows, 67 sequences, length 99
# corresponding to MSA columns:
# 32-115,126-140
name=unknown_A
#
# <colnr> <probs for GDERKNQSTAVLIFYWHMCP>
#	G	D	E	R	K	N	Q	S	T	A	V	L	I	F	Y	W	H	M	C	P
0	0.05849	0.04349	0.10627	0.01292	0.25098	0.03374	0.00890	0.12798	0.09720	0.11642	0.03584	0.01131	0.02153	0.00438	0.00381	0.00118	0.00424	0.00364	0.00297	0.05468
1	0.01107	0.00983	0.05348	0.01498	0.32784	0.03352	0.06509	0.16993	0.02448	0.07988	0.03740	0.04577	0.00867	0.01505	0.00421	0.00121	0.00446	0.00402	0.00283	0.08630
2	0.10594	0.00968	0.05185	0.01287	0.25805	0.04231	0.02191	0.17634	0.03189	0.10227	0.06455	0.02014	0.01876	0.00451	0.00383	0.00118	0.00416	0.00376	0.00303	0.06298
3	0.14695	0.05917	0.01267	0.06487	0.31724	0.03270	0.02939	0.10469	0.05764	0.03897	0.03318	0.03069	0.00779	0.00425	0.00369	0.00119	0.00424	0.00359	0.00261	0.04449
4	0.15140	0.08365	0.04261	0.07106	0.40696	0.01820	0.03379	0.03285	0.02124	0.02452	0.03679	0.00984	0.00705	0.00384	0.00361	0.00117	0.00439	0.00333	0.00225	0.04147
5	0.24765	0.03565	0.04662	0.01141	0.19190	0.02757	0.05313	0.06049	0.07672	0.14738	0.00909	0.00973	0.00674	0.00403	0.00352	0.00119	0.00405	0.00325	0.00289	0.05699
6	0.00893	0.00772	0.01123	0.02955	0.36859	0.02246	0.00821	0.02416	0.05331	0.04361	0.02281	0.15817	0.02950	0.00563	0.00406	0.00119	0.00380	0.02788	0.00273	0.16646
7	0.01228	0.03157	0.03687	0.03619	0.06319	0.02391	0.00755	0.32961	0.27521	0.07447	0.01243	0.04192	0.00959	0.00525	0.00405	0.00128	0.00400	0.02064	0.00372	0.00627
8	0.03189	0.02553	0.07819	0.00962	0.01280	0.26712	0.11526	0.06708	0.03248	0.09941	0.00846	0.00964	0.00651	0.00400	0.00370	0.00105	0.00521	0.01531	0.00262	0.20412
9	0.02091	0.08438	0.65514	0.01080	0.01613	0.00989	0.03373	0.05243	0.02683	0.04244	0.00770	0.00872	0.00551	0.00389	0.00374	0.00124	0.00556	0.00304	0.00200	0.00592
10	0.00898	0.12679	0.56992	0.01132	0.07156	0.03359	0.02309	0.01262	0.00867	0.04476	0.00834	0.03553	0.01931	0.00417	0.00373	0.00122	0.00541	0.00331	0.00196	0.00572
11	0.00511	0.00410	0.00439	0.00431	0.00560	0.00350	0.00323	0.00630	0.00957	0.02432	0.18540	0.04590	0.66484	0.00975	0.00473	0.00134	0.00203	0.00821	0.00387	0.00351
12	0.00564	0.00409	0.00514	0.00528	0.00581	0.00409	0.00367	0.00645	0.00758	0.02250	0.09476	0.25355	0.15347	0.23824	0.14224	0.00291	0.03059	0.00758	0.00315	0.00325
13	0.04827	0.02479	0.05124	0.00890	0.01182	0.23495	0.03625	0.15923	0.04372	0.30887	0.01099	0.01109	0.00776	0.00466	0.00388	0.00119	0.00487	0.01805	0.00354	0.00594
14	0.43642	0.01132	0.17613	0.00913	0.05176	0.04524	0.08973	0.04891	0.03411	0.02929	0.01859	0.00882	0.01717	0.00399	0.00330	0.00125	0.00434	0.00300	0.00244	0.00507
15	0.00583	0.00391	0.00448	0.00448	0.00451	0.00394	0.00256	0.00590	0.00586	0.00785	0.01254	0.02573	0.01436	0.81867	0.06050	0.00401	0.00422	0.00576	0.00242	0.00249
16	0.00998	0.01148	0.02091	0.05628	0.01966	0.11221	0.63894	0.01292	0.00951	0.01222	0.00794	0.01085	0.00618	0.00376	0.00487	0.00133	0.03648	0.01722	0.00204	0.00521
17	0.01907	0.05094	0.02573	0.02537	0.04127	0.07208	0.21631	0.03797	0.18740	0.15771	0.06928	0.01476	0.01109	0.00498	0.00423	0.00129	0.00461	0.04702	0.00328	0.00564
18	0.00499	0.00356	0.00477	0.00570	0.00598	0.00335	0.00390	0.00576	0.00778	0.01035	0.02205	0.80405	0.02630	0.01247	0.00515	0.00164	0.00242	0.06279	0.00372	0.00329
19	0.00744	0.00698	0.01164	0.80823	0.02654	0.00864	0.01074	0.01003	0.00807	0.01028	0.00876	0.01205	0.04564	0.00431	0.00405	0.00134	0.00518	0.00380	0.00188	0.00440
20	0.06514	0.01330	0.01042	0.03592	0.03524	0.41585	0.00713	0.08664	0.05317	0.18240	0.02840	0.03161	0.00794	0.00470	0.00378	0.00115	0.00537	0.00344	0.00305	0.00534
21	0.00832	0.08897	0.73930	0.01127	0.01692	0.00988	0.04604	0.01265	0.00848	0.01244	0.00710	0.00839	0.00513	0.00376	0.00375	0.00124	0.00583	0.00297	0.00171	0.00584
22	0.00935	0.01058	0.02277	0.05728	0.02099	0.01014	0.75692	0.01263	0.00930	0.01263	0.00798	0.01075	0.00603	0.00352	0.00494	0.00136	0.03084	0.00464	0.00201	0.00533
23	0.00779	0.00724	0.01210	0.77841	0.02636	0.00889	0.03049	0.03586	0.00839	0.01079	0.00766	0.03483	0.00602	0.00426	0.00406	0.00134	0.00526	0.00382	0.00191	0.00452
24	0.02458	0.00966	0.01116	0.00970	0.02964	0.18285	0.14306	0.04189	0.08974	0.04382	0.10118	0.06013	0.04536	0.02285	0.04605	0.00164	0.05503	0.07395	0.00298	0.00473
25	0.00510	0.00374	0.00484	0.00563	0.00612	0.00348	0.00402	0.00603	0.00816	0.01067	0.03906	0.61919	0.13257	0.01196	0.00512	0.00162	0.00247	0.12315	0.00373	0.00335
26	0.13088	0.00664	0.00803	0.00656	0.00906	0.00635	0.00533	0.06482	0.03885	0.45444	0.14328	0.01722	0.06023	0.00575	0.00401	0.00127	0.00312	0.02408	0.00436	0.00573
27	0.04472	0.02544	0.01077	0.00934	0.01167	0.50571	0.00719	0.10918	0.14046	0.07437	0.00925	0.00951	0.01594	0.00452	0.00373	0.00113	0.00575	0.00316	0.00285	0.00531
28	0.01073	0.01085	0.01541	0.03661	0.68400	0.12374	0.01153	0.03585	0.00970	0.01295	0.00741	0.00956	0.00619	0.00369	0.00392	0.00117	0.00510	0.00344	0.00205	0.00610
29	0.00490	0.00364	0.00455	0.00522	0.00572	0.00331	0.00356	0.00570	0.00811	0.01056	0.05763	0.63874	0.19841	0.02329	0.00523	0.00159	0.00227	0.01054	0.00373	0.00329
30	0.01474	0.03847	0.01160	0.00896	0.01190	0.12413	0.00728	0.50812	0.11121	0.10716	0.01047	0.01025	0.00750	0.00477	0.00392	0.00119	0.00454	0.00358	0.00378	0.00642
31	0.00836	0.01874	0.70105	0.01089	0.01621	0.00942	0.01342	0.01413	0.14389	0.01338	0.00871	0.00954	0.00627	0.00408	0.00386	0.00129	0.00547	0.00322	0.00209	0.00600
32	0.00582	0.00401	0.00526	0.00587	0.00648	0.00381	0.00437	0.00688	0.00830	0.03637	0.05658	0.43116	0.08906	0.08445	0.02108	0.00191	0.00296	0.21852	0.00364	0.00345
33	0.02098	0.01963	0.75954	0.03757	0.01772	0.00934	0.05500	0.01262	0.00848	0.01271	0.00722	0.00863	0.00513	0.00379	0.00384	0.00128	0.00591	0.00306	0.00172	0.00583
34	0.02912	0.00538	0.00705	0.00743	0.00848	0.00527	0.01806	0.02048	0.03476	0.05242	0.04780	0.22546	0.02235	0.03832	0.03036	0.00204	0.00381	0.43321	0.00391	0.00429
35	0.00973	0.55046	0.32334	0.00855	0.01291	0.01344	0.00981	0.01226	0.00827	0.01064	0.00618	0.00719	0.00512	0.00357	0.00303	0.00101	0.00489	0.00245	0.00171	0.00544
36	0.00523	0.00454	0.04740	0.00586	0.00649	0.00374	0.00432	0.01809	0.00795	0.01060	0.02200	0.73358	0.06837	0.02525	0.00526	0.00163	0.00257	0.02007	0.00360	0.00345
37	0.01292	0.01576	0.05242	0.04611	0.13024	0.52176	0.02348	0.05367	0.02298	0.01128	0.00699	0.00877	0.00584	0.03067	0.00465	0.00122	0.04104	0.00304	0.00215	0.00501
38	0.00804	0.02074	0.83828	0.01143	0.01736	0.00931	0.01482	0.01270	0.00847	0.01270	0.00720	0.00847	0.00508	0.00381	0.00381	0.00127	0.00593	0.00296	0.00169	0.00593
39	0.00868	0.00864	0.01210	0.01040	0.01042	0.01206	0.00866	0.00957	0.00615	0.00964	0.00543	0.00899	0.00541	0.00773	0.03887	0.00190	0.82567	0.00353	0.00177	0.00436
40	0.00973	0.00921	0.01549	0.15167	0.68363	0.00952	0.01198	0.03729	0.00926	0.01304	0.00754	0.01004	0.00621	0.00368	0.00398	0.00121	0.00484	0.00357	0.00202	0.00607
41	0.00599	0.00490	0.00544	0.00548	0.00679	0.00476	0.00421	0.00902	0.15869	0.01233	0.08186	0.13470	0.43027	0.00958	0.00477	0.00145	0.00248	0.10948	0.00383	0.00398
42	0.00568	0.00410	0.00536	0.00505	0.00599	0.00378	0.00378	0.00757	0.01135	0.01608	0.83192	0.02996	0.03784	0.00820	0.00473	0.00126	0.00189	0.00725	0.00441	0.00378
43	0.00525	0.00437	0.00456	0.00453	0.00585	0.00388	0.00338	0.02186	0.04914	0.01158	0.07325	0.10532	0.67308	0.00994	0.00473	0.00137	0.00215	0.00837	0.00378	0.00360
44	0.02341	0.43023	0.41434	0.00904	0.01366	0.01245	0.01064	0.01245	0.00833	0.02342	0.00651	0.00752	0.00517	0.00364	0.00319	0.00107	0.00505	0.00257	0.00177	0.00553
45	0.01085	0.00859	0.00954	0.00832	0.01073	0.00969	0.02614	0.04628	0.70858	0.09009	0.01587	0.01458	0.01171	0.00533	0.00409	0.00134	0.00332	0.00447	0.00411	0.00638
46	0.00492	0.00352	0.00470	0.00563	0.00587	0.00329	0.00379	0.00565	0.00771	0.01028	0.02208	0.83768	0.02645	0.01253	0.00513	0.00163	0.00236	0.02980	0.00372	0.00327
47	0.01007	0.02196	0.05761	0.06303	0.62954	0.04718	0.07141	0.01256	0.00920	0.02817	0.00762	0.00986	0.00622	0.00364	0.00399	0.00120	0.00508	0.00357	0.00202	0.00608
48	0.13653	0.16017	0.03578	0.00955	0.07654	0.21087	0.02797	0.02538	0.16991	0.04990	0.00936	0.04744	0.00775	0.00459	0.00360	0.00117	0.01208	0.00346	0.00267	0.00528
49	0.00605	0.00414	0.00540	0.00521	0.00617	0.00380	0.00389	0.00773	0.01074	0.04809	0.63975	0.13358	0.07322	0.00878	0.00477	0.00133	0.00206	0.02717	0.00430	0.00382
50	0.01063	0.58269	0.17834	0.00821	0.01191	0.09498	0.00855	0.02374	0.00862	0.01033	0.00600	0.00701	0.00516	0.00368	0.00321	0.00098	0.02651	0.00240	0.00178	0.00525
51	0.31209	0.06237	0.13757	0.00784	0.05214	0.04897	0.00687	0.02386	0.00819	0.02395	0.00682	0.01897	0.00552	0.00365	0.00305	0.00102	0.00387	0.00261	0.00230	0.26833
52	0.08606	0.31617	0.12645	0.01048	0.12668	0.04732	0.00863	0.16391	0.05426	0.01449	0.00743	0.00829	0.00593	0.00392	0.00332	0.00109	0.00456	0.00288	0.00239	0.00571
53	0.00760	0.00716	0.01208	0.83859	0.03821	0.00892	0.01115	0.01027	0.00803	0.01028	0.00713	0.01068	0.00536	0.00400	0.00401	0.00133	0.00534	0.00356	0.00178	0.00448
54	0.00975	0.00932	0.01577	0.08687	0.75163	0.00949	0.01207	0.01238	0.03002	0.01298	0.00774	0.01011	0.00643	0.00365	0.00398	0.00121	0.00477	0.00360	0.00202	0.00621
55	0.00748	0.00374	0.00374	0.00374	0.00467	0.00374	0.00280	0.00934	0.00841	0.01495	0.01308	0.01495	0.01028	0.00467	0.00280	0.00093	0.00187	0.00374	0.88132	0.00374
56	0.00586	0.00415	0.00533	0.00529	0.00556	0.00450	0.00354	0.00642	0.00607	0.00839	0.01176	0.02192	0.01266	0.52921	0.32819	0.00480	0.02592	0.00520	0.00231	0.00291
57	0.00790	0.00764	0.01234	0.76997	0.03651	0.03289	0.02968	0.01048	0.00810	0.01031	0.00707	0.01053	0.00537	0.00409	0.00430	0.00134	0.03164	0.00356	0.00180	0.00450
58	0.00640	0.00446	0.00617	0.00679	0.00758	0.00435	0.01790	0.02826	0.00887	0.03713	0.02095	0.39685	0.02350	0.01126	0.00526	0.00171	0.00315	0.40198	0.00373	0.00371
59	0.00555	0.00431	0.00482	0.00464	0.00586	0.00387	0.00346	0.00728	0.04532	0.02617	0.30855	0.03363	0.47300	0.04924	0.00544	0.00144	0.00214	0.00768	0.00394	0.00366
60	0.85334	0.00799	0.00607	0.00542	0.00790	0.02754	0.00445	0.01201	0.00700	0.03156	0.00577	0.00665	0.00446	0.00375	0.00253	0.00124	0.00320	0.00221	0.00251	0.00439
61	0.88738	0.00776	0.00589	0.00527	0.00776	0.00900	0.00434	0.01179	0.00683	0.01799	0.00558	0.00651	0.00434	0.00372	0.00248	0.00124	0.00310	0.00217	0.00248	0.00434
62	0.00540	0.00407	0.00495	0.00475	0.00578	0.00366	0.00354	0.00697	0.01051	0.01425	0.56821	0.04649	0.26697	0.03054	0.00514	0.00136	0.00199	0.00764	0.00415	0.00363
63	0.00490	0.00351	0.00466	0.00556	0.00581	0.00327	0.00371	0.00562	0.00776	0.01034	0.03490	0.83244	0.03774	0.01246	0.00511	0.00162	0.00232	0.01130	0.00373	0.00327
64	0.00770	0.00454	0.00500	0.00477	0.00595	0.00459	0.00365	0.01069	0.10737	0.04478	0.18776	0.01925	0.03003	0.00578	0.00351	0.00110	0.00214	0.02527	0.52199	0.00416
65	0.00827	0.04027	0.72657	0.01193	0.01759	0.00957	0.10514	0.01270	0.00857	0.01264	0.00726	0.00868	0.00520	0.00375	0.00388	0.00127	0.00598	0.00314	0.00173	0.00585
66	0.02350	0.00777	0.01332	0.54920	0.16638	0.00888	0.08564	0.02580	0.00851	0.01140	0.00817	0.05872	0.00681	0.00437	0.00411	0.00133	0.00515	0.00410	0.00201	0.00485
67	0.00985	0.00854	0.01023	0.01055	0.13006	0.00952	0.02573	0.01904	0.63441	0.02974	0.03435	0.01511	0.03419	0.00531	0.00411	0.00133	0.00343	0.00456	0.00374	0.00619
68	0.00565	0.00410	0.00532	0.00501	0.00597	0.00377	0.00376	0.00751	0.01128	0.01592	0.80716	0.03023	0.06271	0.00826	0.00473	0.00126	0.00190	0.00729	0.00439	0.00377
69	0.06605	0.01076	0.15017	0.03093	0.49609	0.00887	0.03537	0.01282	0.00909	0.08862	0.02107	0.01031	0.00693	0.00386	0.00385	0.00121	0.00466	0.00352	0.02980	0.00602
70	0.00989	0.50522	0.29601	0.00837	0.01253	0.02302	0.00940	0.01234	0.00850	0.03772	0.02893	0.00841	0.01688	0.00383	0.00314	0.00103	0.00476	0.00271	0.00192	0.00540
71	0.00569	0.00423	0.00532	0.00502	0.00606	0.00392	0.00377	0.00777	0.03552	0.01548	0.71372	0.03053	0.13123	0.00835	0.00471	0.00128	0.00195	0.00731	0.00432	0.00381
72	0.00528	0.00389	0.00518	0.00617	0.02465	0.00368	0.00427	0.00633	0.01783	0.01076	0.03745	0.64966	0.07889	0.01184	0.00511	0.00162	0.00255	0.11771	0.00370	0.00344
73	0.00832	0.00713	0.00832	0.00594	0.00950	0.00535	0.00475	0.01010	0.00832	0.01307	0.00713	0.00832	0.00594	0.00297	0.00297	0.00059	0.00297	0.00238	0.00238	0.88357
74	0.01826	0.02550	0.14616	0.00976	0.03779	0.04592	0.15040	0.03442	0.11072	0.12877	0.13199	0.01728	0.10426	0.00555	0.00426	0.00128	0.00427	0.01482	0.00324	0.00534
75	0.00491	0.00351	0.00468	0.00557	0.00582	0.00327	0.00372	0.00565	0.00779	0.01042	0.04776	0.83025	0.02688	0.01243	0.00511	0.00162	0.00231	0.01127	0.00374	0.00327
76	0.00764	0.00799	0.14023	0.00755	0.03548	0.00594	0.04588	0.02134	0.09057	0.07909	0.24933	0.04479	0.23359	0.00717	0.00444	0.00131	0.00319	0.00618	0.00359	0.00470
77	0.03893	0.05214	0.13174	0.00957	0.03774	0.05242	0.06249	0.13372	0.24955	0.04781	0.02083	0.04730	0.03310	0.00570	0.01789	0.00138	0.02602	0.02279	0.00316	0.00571
78	0.01455	0.01792	0.01135	0.01048	0.03127	0.73958	0.00776	0.04486	0.06503	0.01090	0.00702	0.00789	0.00572	0.00423	0.00367	0.00106	0.00681	0.00277	0.00227	0.00488
79	0.00983	0.00893	0.02952	0.19084	0.40100	0.00910	0.09384	0.05798	0.03694	0.05339	0.00879	0.02330	0.00698	0.00437	0.01517	0.00131	0.00491	0.00387	0.03419	0.00573
80	0.07233	0.24039	0.43815	0.00984	0.02690	0.01114	0.03682	0.03807	0.05560	0.02526	0.00742	0.00837	0.00563	0.00383	0.00345	0.00116	0.00506	0.00288	0.00203	0.00566
81	0.00919	0.00996	0.04337	0.08188	0.17359	0.03761	0.39919	0.03034	0.00901	0.01219	0.00854	0.03280	0.00732	0.08600	0.00630	0.00157	0.03940	0.00449	0.00211	0.00516
82	0.00492	0.00360	0.00464	0.00545	0.00585	0.00332	0.00372	0.00569	0.00791	0.01037	0.02438	0.72922	0.12676	0.01222	0.00508	0.00160	0.00233	0.03594	0.00372	0.00329
83	0.04806	0.01017	0.19737	0.00906	0.07452	0.01978	0.00797	0.02398	0.11443	0.13796	0.08681	0.02255	0.06329	0.00539	0.00399	0.00122	0.00385	0.05288	0.00318	0.11356
84	0.03708	0.02728	0.15329	0.04009	0.46802	0.03350	0.05759	0.01294	0.04135	0.04999	0.02734	0.01061	0.01510	0.00394	0.00394	0.00122	0.00488	0.00363	0.00223	0.00598
85	0.00742	0.00474	0.00581	0.00567	0.00676	0.00457	0.00412	0.00976	0.10583	0.11404	0.20665	0.29738	0.09652	0.07966	0.00594	0.00161	0.00255	0.00779	0.02905	0.00414
86	0.00610	0.00468	0.00504	0.00486	0.00629	0.00426	0.00375	0.05597	0.02864	0.03439	0.08467	0.06336	0.58793	0.00944	0.00466	0.00136	0.00234	0.05745	0.03101	0.00380
87	0.05219	0.14710	0.35324	0.03397	0.11665	0.02291	0.08300	0.01357	0.08977	0.03896	0.00815	0.00929	0.00617	0.00389	0.00369	0.00121	0.00512	0.00323	0.00215	0.00575
88	0.04474	0.07007	0.02351	0.02694	0.13586	0.04482	0.00730	0.11332	0.19995	0.18456	0.02140	0.04072	0.04640	0.00522	0.00394	0.00125	0.00387	0.01667	0.00351	0.00593
89	0.06656	0.00402	0.00497	0.00547	0.00606	0.00390	0.00387	0.00657	0.00828	0.01178	0.16336	0.51596	0.05586	0.05362	0.02502	0.00176	0.00264	0.05321	0.00366	0.00342
90	0.01225	0.01484	0.07865	0.01152	0.08207	0.40220	0.05184	0.04627	0.17301	0.01244	0.00857	0.00949	0.00679	0.00452	0.00454	0.00121	0.06866	0.00331	0.00248	0.00534
91	0.04922	0.17882	0.49596	0.02569	0.05676	0.02307	0.01158	0.01219	0.00834	0.02747	0.00753	0.03017	0.00601	0.00525	0.04445	0.00144	0.00553	0.00311	0.00189	0.00551
92	0.00942	0.13344	0.02197	0.01466	0.01832	0.01070	0.63474	0.01231	0.00918	0.01229	0.03151	0.02952	0.00729	0.00385	0.00470	0.00130	0.03294	0.00454	0.00208	0.00524
93	0.00499	0.00366	0.00466	0.00527	0.00575	0.00336	0.00360	0.00588	0.00832	0.01103	0.13092	0.61200	0.14052	0.03337	0.00541	0.00160	0.00227	0.01030	0.00378	0.00332
94	0.01980	0.00868	0.03852	0.00876	0.05049	0.03241	0.02186	0.07820	0.41466	0.12884	0.06376	0.01605	0.04836	0.00580	0.00443	0.02394	0.00355	0.02217	0.00383	0.00589
95	0.01031	0.02189	0.07118	0.05882	0.65622	0.01654	0.02257	0.01278	0.00921	0.07031	0.00805	0.01006	0.00644	0.00371	0.00395	0.00120	0.00482	0.00355	0.00216	0.00623
96	0.00985	0.00942	0.01605	0.02422	0.81508	0.00942	0.01217	0.01222	0.00913	0.01308	0.00786	0.01074	0.00674	0.00375	0.00401	0.00121	0.00474	0.02202	0.00202	0.00629
97	0.77828	0.04945	0.00708	0.00583	0.02120	0.00934	0.00474	0.03517	0.00742	0.04365	0.00605	0.00688	0.00466	0.00378	0.00260	0.00122	0.00323	0.00229	0.00256	0.00456
98	0.00809	0.02167	0.07068	0.01990	0.14697	0.00738	0.14992	0.03767	0.04610	0.03796	0.08703	0.10481	0.17371	0.00667	0.00485	0.00135	0.04093	0.02645	0.00298	0.00488

[dist]
# distance from previous block
# <min> <max>
0	1

[block]
# block no. 1 follows, 67 sequences, length 21
# corresponding to MSA columns:
# 142-162
name=unknown_B
#
# <colnr> <probs for GDERKNQSTAVLIFYWHMCP>
#	G	D	E	R	K	N	Q	S	T	A	V	L	I	F	Y	W	H	M	C	P
0	0.00839	0.06279	0.68992	0.01235	0.06442	0.00972	0.07223	0.01265	0.00856	0.01257	0.00720	0.00862	0.00523	0.00375	0.00382	0.00125	0.00584	0.00308	0.00174	0.00587
1	0.00880	0.00687	0.00708	0.00701	0.00852	0.00576	0.00494	0.00878	0.01146	0.01461	0.06778	0.12964	0.67430	0.01250	0.00636	0.00207	0.00346	0.00969	0.00496	0.00543
2	0.01351	0.01664	0.01093	0.01061	0.05837	0.68591	0.00767	0.01469	0.01092	0.01028	0.02718	0.01097	0.02302	0.00551	0.02952	0.00127	0.00677	0.04938	0.00224	0.00461
3	0.01009	0.10904	0.40848	0.01341	0.17187	0.07628	0.06659	0.01334	0.00908	0.07402	0.00771	0.00897	0.00577	0.00381	0.00377	0.00119	0.00550	0.00316	0.00205	0.00585
4	0.00575	0.00412	0.00559	0.00559	0.00609	0.00450	0.00401	0.00658	0.00636	0.00882	0.01296	0.02037	0.05891	0.29833	0.49937	0.03441	0.00777	0.00501	0.00232	0.00313
5	0.05951	0.00828	0.01323	0.10880	0.56475	0.00843	0.01021	0.01099	0.00888	0.01271	0.01277	0.01448	0.14060	0.00470	0.00401	0.00124	0.00429	0.00429	0.00228	0.00555
6	0.00851	0.06632	0.61744	0.01199	0.03366	0.02720	0.12715	0.01259	0.00875	0.01259	0.03249	0.00934	0.00626	0.00386	0.00390	0.00125	0.00583	0.00330	0.00184	0.00573
7	0.00956	0.04425	0.17835	0.03667	0.46529	0.00960	0.06880	0.03886	0.04371	0.01344	0.00813	0.01002	0.00646	0.00378	0.00389	0.00120	0.00492	0.00353	0.04352	0.00601
8	0.00860	0.00857	0.01029	0.00909	0.00940	0.09648	0.00727	0.00944	0.00668	0.00935	0.00713	0.01205	0.00722	0.13416	0.11810	0.00258	0.53377	0.00385	0.00194	0.00403
9	0.01392	0.17152	0.01391	0.00995	0.01251	0.55130	0.05414	0.10511	0.01151	0.01165	0.00658	0.00756	0.00540	0.00404	0.00353	0.00104	0.00635	0.00274	0.00222	0.00503
10	0.05490	0.00424	0.00425	0.00425	0.00559	0.00371	0.00318	0.00616	0.00902	0.01141	0.06805	0.07969	0.71227	0.00984	0.00463	0.00136	0.00210	0.00822	0.00368	0.00345
11	0.03128	0.05658	0.01411	0.44952	0.25682	0.00953	0.05718	0.02504	0.00864	0.01176	0.02714	0.01055	0.00645	0.00396	0.00405	0.00127	0.01541	0.00361	0.00197	0.00512
12	0.00513	0.00397	0.00451	0.00457	0.00549	0.00353	0.00325	0.00619	0.00907	0.01168	0.23295	0.15438	0.41305	0.11616	0.00675	0.00169	0.00227	0.00826	0.00374	0.00335
13	0.05306	0.00843	0.01469	0.42557	0.17662	0.00955	0.15975	0.01114	0.00828	0.01161	0.00715	0.01020	0.00562	0.00405	0.00484	0.00134	0.07752	0.00371	0.00190	0.00498
14	0.56258	0.00886	0.06716	0.14232	0.02740	0.00935	0.00673	0.05491	0.03024	0.01631	0.00648	0.00787	0.00498	0.00400	0.00339	0.00128	0.03636	0.00267	0.00240	0.00470
15	0.08210	0.01012	0.11844	0.01073	0.01381	0.04317	0.28950	0.02793	0.02411	0.05846	0.05651	0.11036	0.04697	0.00538	0.00454	0.00131	0.03290	0.00504	0.00268	0.05596
16	0.06103	0.45534	0.12396	0.00874	0.02973	0.02949	0.05868	0.04896	0.00890	0.06366	0.00710	0.00845	0.00587	0.00396	0.00364	0.00107	0.04535	0.01606	0.00214	0.01787
17	0.04767	0.18319	0.22986	0.04986	0.03975	0.05278	0.02283	0.07145	0.09915	0.01317	0.02678	0.04511	0.00819	0.00483	0.00421	0.00123	0.05276	0.02735	0.00242	0.01740
18	0.03416	0.03781	0.02929	0.00711	0.00932	0.07076	0.02553	0.08027	0.02268	0.09508	0.06118	0.15924	0.05520	0.02637	0.00468	0.00126	0.02840	0.05159	0.00321	0.19686
19	0.04042	0.03752	0.05141	0.01195	0.16969	0.07700	0.10437	0.03879	0.09493	0.10538	0.02628	0.01184	0.00825	0.00425	0.00383	0.00113	0.00442	0.03308	0.00279	0.17268
20	0.08355	0.09923	0.14355	0.03743	0.01304	0.02615	0.08374	0.11947	0.05771	0.20344	0.00976	0.01007	0.00696	0.00418	0.00376	0.00117	0.01140	0.00337	0.00305	0.07896

[dist]
# distance from previous block
# <min> <max>
14	44

# created by:
# /st0/software/busco_prod/Augustus/scripts/msa2prfl.pl ./align_prep/144415.fa
