[name]
unknown

[dist]
# distance from previous block
# <min> <max>
0	196

[block]
# block no. 0 follows, 61 sequences, length 6
# corresponding to MSA columns:
# 243-248
name=unknown_A
#
# <colnr> <probs for GDERKNQSTAVLIFYWHMCP>
#	G	D	E	R	K	N	Q	S	T	A	V	L	I	F	Y	W	H	M	C	P
0	0.00637	0.00538	0.00652	0.00585	0.00749	0.00488	0.05768	0.06644	0.01042	0.01292	0.06149	0.08302	0.59220	0.05270	0.00591	0.00159	0.00283	0.00843	0.00385	0.00401
1	0.00660	0.05449	0.00821	0.00814	0.08232	0.00545	0.03844	0.00812	0.00988	0.01322	0.23819	0.30777	0.14889	0.00989	0.00505	0.00150	0.00295	0.04284	0.00382	0.00421
2	0.00992	0.00839	0.00982	0.04401	0.04757	0.02986	0.00611	0.04678	0.04550	0.04072	0.00851	0.00965	0.00683	0.00358	0.00345	0.00080	0.00361	0.00289	0.00274	0.66927
3	0.10052	0.11570	0.06305	0.01730	0.39292	0.09300	0.04162	0.03739	0.03043	0.01423	0.00777	0.00952	0.00638	0.00396	0.00385	0.00121	0.00514	0.00336	0.00229	0.05038
4	0.01170	0.01029	0.01739	0.02291	0.61684	0.01024	0.09399	0.07304	0.01082	0.07736	0.00902	0.01104	0.00713	0.00403	0.00436	0.00130	0.00520	0.00401	0.00255	0.00680
5	0.05510	0.02710	0.01406	0.01276	0.12986	0.11345	0.13876	0.16250	0.06139	0.08423	0.01117	0.04093	0.02945	0.00615	0.03893	0.00155	0.02510	0.00433	0.00312	0.04007

[dist]
# distance from previous block
# <min> <max>
1	15

[block]
# block no. 1 follows, 61 sequences, length 6
# corresponding to MSA columns:
# 264-269
name=unknown_B
#
# <colnr> <probs for GDERKNQSTAVLIFYWHMCP>
#	G	D	E	R	K	N	Q	S	T	A	V	L	I	F	Y	W	H	M	C	P
0	0.11347	0.00816	0.00971	0.08287	0.04562	0.02771	0.00680	0.09497	0.03470	0.07116	0.01118	0.15018	0.01036	0.00605	0.00503	0.00129	0.08915	0.00478	0.00309	0.22371
1	0.01629	0.01383	0.01152	0.00971	0.01247	0.33787	0.00772	0.24954	0.01444	0.20745	0.01133	0.01306	0.00865	0.00540	0.00426	0.00128	0.00564	0.05972	0.00369	0.00616
2	0.00813	0.00487	0.00588	0.00534	0.00692	0.00430	0.00411	0.00975	0.01116	0.15499	0.34940	0.03167	0.32122	0.00877	0.00484	0.00137	0.00237	0.00746	0.05299	0.00447
3	0.00626	0.00418	0.00470	0.00470	0.00470	0.00418	0.00261	0.00626	0.00626	0.00835	0.01357	0.02819	0.01566	0.84862	0.02192	0.00418	0.00418	0.00626	0.00261	0.00261
4	0.38380	0.21139	0.06540	0.00770	0.01087	0.10021	0.03446	0.01393	0.00903	0.08961	0.03391	0.00889	0.00681	0.00424	0.00323	0.00122	0.00444	0.00289	0.00266	0.00528
5	0.01179	0.31621	0.22013	0.00998	0.01402	0.11337	0.05514	0.14125	0.01137	0.01437	0.04870	0.00967	0.00764	0.00438	0.00373	0.00117	0.00548	0.00327	0.00245	0.00590

[dist]
# distance from previous block
# <min> <max>
7	24

[block]
# block no. 2 follows, 61 sequences, length 43
# corresponding to MSA columns:
# 305-347
name=unknown_C
#
# <colnr> <probs for GDERKNQSTAVLIFYWHMCP>
#	G	D	E	R	K	N	Q	S	T	A	V	L	I	F	Y	W	H	M	C	P
0	0.03870	0.00787	0.01025	0.07532	0.09043	0.01960	0.02169	0.09136	0.07547	0.20600	0.05854	0.14559	0.01337	0.00625	0.00436	0.00132	0.00383	0.00539	0.00378	0.12091
1	0.02213	0.04592	0.30432	0.02403	0.01355	0.04230	0.02962	0.03645	0.13885	0.05292	0.01349	0.11141	0.03273	0.02354	0.00472	0.00146	0.00478	0.04873	0.00299	0.04605
2	0.35378	0.04776	0.06528	0.08310	0.04281	0.07946	0.02525	0.07547	0.04048	0.08840	0.00828	0.00924	0.00620	0.00433	0.00363	0.00128	0.01412	0.00310	0.00285	0.04518
3	0.02684	0.01290	0.26362	0.01017	0.03926	0.03285	0.06610	0.07007	0.07691	0.02622	0.02260	0.08628	0.03284	0.00519	0.00413	0.00123	0.00469	0.00442	0.00280	0.21088
4	0.03801	0.01180	0.02899	0.03462	0.34388	0.09013	0.04662	0.26379	0.05147	0.01816	0.02520	0.01089	0.00771	0.00452	0.00425	0.00129	0.00519	0.00388	0.00299	0.00659
5	0.02928	0.08822	0.04132	0.01153	0.11897	0.23572	0.00839	0.15205	0.04997	0.08628	0.03341	0.05216	0.02555	0.00545	0.00442	0.00128	0.02883	0.01820	0.00312	0.00587
6	0.03638	0.00926	0.01088	0.05284	0.17462	0.10249	0.00811	0.08106	0.09747	0.05460	0.08410	0.10924	0.01475	0.00687	0.00498	0.00144	0.03900	0.09112	0.00336	0.01743
7	0.00777	0.00812	0.09887	0.02633	0.03861	0.00655	0.12173	0.03704	0.03710	0.03355	0.16038	0.12028	0.18279	0.00829	0.00501	0.00150	0.00391	0.09382	0.00357	0.00479
8	0.01119	0.01136	0.01656	0.12174	0.55573	0.11438	0.05567	0.03707	0.01030	0.01363	0.00797	0.01044	0.00653	0.00400	0.00427	0.00129	0.00564	0.00377	0.00218	0.00630
9	0.00934	0.00885	0.01485	0.45215	0.38074	0.00990	0.01236	0.01236	0.03410	0.01258	0.00816	0.01126	0.00645	0.00415	0.00429	0.00137	0.00539	0.00386	0.00209	0.00575
10	0.01016	0.01104	0.03815	0.03197	0.08591	0.01027	0.61265	0.03025	0.02139	0.03171	0.03258	0.01334	0.04010	0.00420	0.00494	0.00143	0.00651	0.00511	0.00245	0.00583
11	0.01324	0.10141	0.02452	0.00809	0.01081	0.00954	0.00669	0.04729	0.32588	0.27420	0.06471	0.01549	0.01273	0.03396	0.00512	0.00145	0.02960	0.00454	0.00425	0.00647
12	0.00958	0.00928	0.01605	0.21069	0.47864	0.00973	0.08476	0.01213	0.00942	0.01302	0.01010	0.03713	0.04498	0.00466	0.00473	0.00137	0.03113	0.00444	0.00222	0.00595
13	0.00722	0.00655	0.03422	0.03006	0.04503	0.06092	0.00542	0.02068	0.03721	0.03586	0.06817	0.35993	0.23690	0.01028	0.00504	0.00154	0.00321	0.02376	0.00376	0.00424
14	0.01204	0.11241	0.06919	0.00977	0.01264	0.15901	0.08607	0.14331	0.07964	0.06965	0.03619	0.08359	0.03835	0.00618	0.00438	0.00135	0.00504	0.06228	0.00328	0.00565
15	0.00809	0.00789	0.01486	0.03654	0.01490	0.00767	0.35146	0.01057	0.00967	0.01279	0.01787	0.09730	0.10271	0.00832	0.01929	0.00174	0.03338	0.23716	0.00304	0.00473
16	0.01029	0.06498	0.30119	0.03080	0.06564	0.03354	0.36544	0.01403	0.00982	0.05054	0.00848	0.01044	0.00626	0.00392	0.00447	0.00137	0.00649	0.00407	0.00217	0.00607
17	0.01024	0.02718	0.03861	0.17330	0.58319	0.02554	0.05371	0.01292	0.00961	0.01334	0.00797	0.01069	0.00652	0.00393	0.00427	0.00131	0.00541	0.00383	0.00208	0.00633
18	0.01898	0.00725	0.00988	0.00760	0.01088	0.00627	0.00627	0.02065	0.01233	0.80331	0.03828	0.01513	0.01146	0.00542	0.00435	0.00133	0.00362	0.00442	0.00532	0.00724
19	0.00543	0.00393	0.00516	0.00599	0.00644	0.00366	0.00418	0.00640	0.00879	0.01167	0.08711	0.66754	0.08252	0.01283	0.00547	0.00172	0.00255	0.07095	0.00405	0.00359
20	0.01204	0.11526	0.19236	0.01326	0.18994	0.07154	0.03487	0.01506	0.04662	0.17698	0.02433	0.05491	0.00933	0.00504	0.00417	0.00130	0.00502	0.01878	0.00296	0.00623
21	0.00874	0.04623	0.65924	0.01234	0.01805	0.00995	0.10270	0.01328	0.00940	0.01378	0.05979	0.01078	0.00783	0.00433	0.00422	0.00136	0.00613	0.00366	0.00205	0.00613
22	0.01168	0.82120	0.02220	0.00751	0.01114	0.04646	0.00740	0.01305	0.00888	0.01015	0.00601	0.00694	0.00553	0.00371	0.00280	0.00093	0.00472	0.00232	0.00186	0.00551
23	0.01050	0.00788	0.00929	0.00673	0.01048	0.00626	0.00542	0.05941	0.00998	0.10271	0.00883	0.00964	0.00690	0.00354	0.00338	0.00075	0.00333	0.00282	0.00296	0.72919
24	0.01123	0.00974	0.01002	0.00890	0.01140	0.03275	0.00695	0.07490	0.73983	0.01843	0.01676	0.01547	0.01256	0.00576	0.00436	0.00144	0.00361	0.00475	0.00432	0.00680
25	0.00571	0.00439	0.00523	0.00502	0.00620	0.00390	0.00376	0.00739	0.01129	0.01512	0.52324	0.03572	0.33822	0.00961	0.00508	0.00139	0.00209	0.00829	0.00446	0.00390
26	0.00620	0.00444	0.00606	0.00606	0.00653	0.00491	0.00431	0.00714	0.00667	0.00936	0.01233	0.02130	0.01267	0.34981	0.51665	0.00585	0.00867	0.00526	0.00243	0.00337
27	0.01017	0.01162	0.02542	0.01816	0.02251	0.01089	0.80610	0.01380	0.01017	0.01380	0.00871	0.01162	0.00654	0.00363	0.00508	0.00145	0.00726	0.00508	0.00218	0.00581
28	0.00615	0.00462	0.00692	0.00692	0.00769	0.00538	0.00538	0.00769	0.00692	0.01000	0.01154	0.01692	0.01077	0.03231	0.83154	0.00692	0.01154	0.00462	0.00231	0.00385
29	0.01152	0.85121	0.02257	0.00737	0.01106	0.01704	0.00737	0.01290	0.00875	0.01013	0.00599	0.00691	0.00553	0.00369	0.00276	0.00092	0.00461	0.00230	0.00184	0.00553
30	0.00864	0.02228	0.82630	0.01228	0.01864	0.01000	0.01592	0.01364	0.00909	0.01364	0.00773	0.00909	0.00546	0.00409	0.00409	0.00136	0.00637	0.00318	0.00182	0.00637
31	0.00556	0.00428	0.00508	0.00510	0.00616	0.00380	0.00374	0.00701	0.01061	0.01403	0.38363	0.16960	0.34505	0.01040	0.00515	0.00146	0.00217	0.00903	0.00433	0.00380
32	0.00616	0.00461	0.00687	0.00687	0.00762	0.00536	0.00532	0.00766	0.00691	0.00996	0.01158	0.01718	0.01088	0.05111	0.81290	0.00686	0.01137	0.00465	0.00231	0.00382
33	0.01128	0.78210	0.08958	0.00778	0.01169	0.01646	0.00808	0.01296	0.00878	0.01043	0.00613	0.00709	0.00552	0.00372	0.00287	0.00096	0.00475	0.00238	0.00184	0.00560
34	0.01090	0.24776	0.34558	0.01193	0.05676	0.04488	0.10471	0.06703	0.02135	0.03936	0.00795	0.00917	0.00607	0.00406	0.00387	0.00123	0.00574	0.00329	0.00221	0.00614
35	0.00626	0.00466	0.00604	0.00672	0.00776	0.00444	0.00559	0.00789	0.00981	0.01254	0.05780	0.12621	0.23140	0.01169	0.00565	0.00180	0.00329	0.48261	0.00401	0.00384
36	0.02760	0.13180	0.50182	0.01122	0.02921	0.02680	0.07092	0.01309	0.02732	0.01345	0.05803	0.01211	0.04907	0.00467	0.00407	0.00131	0.00560	0.00380	0.00222	0.00589
37	0.01206	0.01184	0.05672	0.15240	0.19824	0.11808	0.14702	0.12408	0.01151	0.07553	0.00923	0.02661	0.00716	0.00451	0.00450	0.00134	0.01680	0.00408	0.01226	0.00603
38	0.04572	0.01053	0.05888	0.03471	0.46866	0.01011	0.07676	0.04392	0.12275	0.04993	0.02124	0.01205	0.01642	0.00438	0.00430	0.00133	0.00491	0.00412	0.00272	0.00656
39	0.00990	0.00956	0.01579	0.30781	0.52967	0.02751	0.01268	0.01254	0.00944	0.01293	0.00792	0.01089	0.00642	0.00401	0.00427	0.00133	0.00539	0.00381	0.00206	0.00608
40	0.03037	0.12346	0.27290	0.01332	0.15220	0.04962	0.07885	0.05562	0.07017	0.04175	0.04455	0.01172	0.02765	0.00457	0.00410	0.00129	0.00532	0.00384	0.00256	0.00614
41	0.04085	0.03389	0.50113	0.01361	0.08827	0.01011	0.13517	0.03241	0.00960	0.02747	0.02610	0.01084	0.02475	0.00436	0.00445	0.00137	0.02357	0.00376	0.00216	0.00614
42	0.03075	0.01288	0.20702	0.01279	0.14959	0.02138	0.03388	0.19068	0.13084	0.10537	0.03522	0.03057	0.00937	0.00502	0.00429	0.00135	0.00483	0.00419	0.00335	0.00662

[dist]
# distance from previous block
# <min> <max>
2	6

[block]
# block no. 3 follows, 61 sequences, length 76
# corresponding to MSA columns:
# 355-430
name=unknown_D
#
# <colnr> <probs for GDERKNQSTAVLIFYWHMCP>
#	G	D	E	R	K	N	Q	S	T	A	V	L	I	F	Y	W	H	M	C	P
0	0.02413	0.21655	0.10862	0.03393	0.23326	0.03207	0.10861	0.05940	0.06151	0.01409	0.05201	0.01105	0.00847	0.00435	0.00411	0.00125	0.01430	0.00378	0.00244	0.00606
1	0.00872	0.04796	0.31789	0.01306	0.14562	0.00889	0.09710	0.02802	0.01003	0.01430	0.15618	0.05605	0.03207	0.00551	0.00457	0.00135	0.01691	0.00488	0.00267	0.02820
2	0.01005	0.20011	0.30706	0.01110	0.08876	0.01895	0.03850	0.01320	0.02310	0.05548	0.03962	0.03176	0.00812	0.00435	0.00381	0.00116	0.00498	0.00352	0.00237	0.13400
3	0.01003	0.00992	0.02728	0.24053	0.55473	0.03687	0.01255	0.01265	0.00962	0.01321	0.02690	0.01127	0.00727	0.00410	0.00428	0.00132	0.00532	0.00388	0.00213	0.00615
4	0.01059	0.01060	0.03936	0.02529	0.74623	0.01027	0.04813	0.01348	0.02835	0.01414	0.00834	0.01079	0.00692	0.00388	0.00430	0.00129	0.00521	0.00390	0.00218	0.00677
5	0.01057	0.00797	0.00935	0.00679	0.01054	0.00640	0.00547	0.07460	0.01017	0.09704	0.00881	0.00962	0.00689	0.00356	0.00339	0.00076	0.00336	0.00284	0.00297	0.71890
6	0.00998	0.00955	0.01632	0.22087	0.60557	0.00999	0.02468	0.01262	0.00953	0.01331	0.00826	0.01153	0.00687	0.00409	0.00432	0.00133	0.00528	0.01751	0.00211	0.00627
7	0.00615	0.00462	0.00692	0.00692	0.00769	0.00538	0.00538	0.00769	0.00692	0.01000	0.01154	0.01692	0.01077	0.03231	0.83154	0.00692	0.01154	0.00462	0.00231	0.00385
8	0.00511	0.00436	0.00440	0.00439	0.00583	0.00365	0.00329	0.00623	0.00987	0.01177	0.06138	0.04124	0.80217	0.01086	0.00509	0.00145	0.00218	0.00906	0.00402	0.00365
9	0.10301	0.06706	0.16887	0.01280	0.02849	0.08583	0.27445	0.06345	0.05787	0.03340	0.00850	0.01012	0.00647	0.00434	0.00482	0.00137	0.05699	0.00385	0.00246	0.00584
10	0.01336	0.01417	0.01376	0.16061	0.23348	0.35165	0.01020	0.10102	0.01181	0.03841	0.00794	0.00969	0.00628	0.00436	0.00412	0.00124	0.00624	0.00341	0.00246	0.00577
11	0.00527	0.00377	0.00498	0.00594	0.00620	0.00352	0.00395	0.00601	0.00823	0.01095	0.02385	0.81317	0.04190	0.03255	0.00587	0.00180	0.00253	0.01205	0.00397	0.00348
12	0.00554	0.00400	0.00530	0.00623	0.00670	0.00377	0.00447	0.00653	0.00865	0.01138	0.02490	0.65027	0.08068	0.01304	0.00555	0.00177	0.00274	0.15089	0.00399	0.00359
13	0.01030	0.01158	0.18219	0.03804	0.40598	0.00890	0.04479	0.01321	0.01012	0.09329	0.09233	0.02353	0.03679	0.00488	0.00439	0.00133	0.00490	0.00447	0.00272	0.00627
14	0.01379	0.00922	0.01214	0.00996	0.02711	0.00979	0.08969	0.14759	0.26589	0.25039	0.01425	0.01450	0.01040	0.03187	0.00566	0.00151	0.06123	0.01423	0.00414	0.00663
15	0.01920	0.00754	0.01013	0.00776	0.01110	0.00664	0.00641	0.05548	0.01268	0.78975	0.01670	0.01447	0.01052	0.00532	0.00433	0.00133	0.00371	0.00431	0.00529	0.00733
16	0.00979	0.11343	0.64715	0.01161	0.01721	0.10216	0.01413	0.01396	0.00940	0.01291	0.00742	0.00871	0.00547	0.00409	0.00392	0.00129	0.00633	0.00304	0.00187	0.00612
17	0.00905	0.00830	0.01393	0.44998	0.32491	0.00926	0.01168	0.01161	0.00910	0.02689	0.00931	0.07973	0.00810	0.00490	0.00439	0.00140	0.00520	0.00453	0.00223	0.00549
18	0.00813	0.00766	0.01292	0.83826	0.02967	0.00957	0.01196	0.01101	0.00861	0.01101	0.00766	0.01148	0.00574	0.00431	0.00431	0.00144	0.00574	0.00383	0.00191	0.00479
19	0.01066	0.01023	0.01748	0.02644	0.82174	0.01023	0.01322	0.01322	0.00981	0.01407	0.00810	0.01066	0.00682	0.00384	0.00426	0.00128	0.00512	0.00384	0.00213	0.00682
20	0.00779	0.00694	0.01099	0.21056	0.27729	0.00724	0.00895	0.00977	0.00924	0.01240	0.04753	0.21909	0.10503	0.00763	0.00477	0.00148	0.00413	0.04131	0.00292	0.00494
21	0.00864	0.02228	0.82630	0.01228	0.01864	0.01000	0.01592	0.01364	0.00909	0.01364	0.00773	0.00909	0.00546	0.00409	0.00409	0.00136	0.00637	0.00318	0.00182	0.00637
22	0.01272	0.01545	0.02932	0.01454	0.05839	0.38809	0.32177	0.01496	0.01079	0.01202	0.00768	0.00985	0.00619	0.00521	0.03404	0.00150	0.04608	0.00385	0.00218	0.00537
23	0.00864	0.02228	0.82630	0.01228	0.01864	0.01000	0.01592	0.01364	0.00909	0.01364	0.00773	0.00909	0.00546	0.00409	0.00409	0.00136	0.00637	0.00318	0.00182	0.00637
24	0.00782	0.00703	0.01079	0.41703	0.01902	0.00871	0.00915	0.03091	0.00835	0.01125	0.01128	0.20276	0.01129	0.00877	0.05732	0.00193	0.16383	0.00580	0.00248	0.00449
25	0.00813	0.00766	0.01292	0.83826	0.02967	0.00957	0.01196	0.01101	0.00861	0.01101	0.00766	0.01148	0.00574	0.00431	0.00431	0.00144	0.00574	0.00383	0.00191	0.00479
26	0.00625	0.00547	0.00616	0.00685	0.07334	0.03635	0.00460	0.00767	0.01028	0.01292	0.19703	0.06844	0.49573	0.01021	0.02180	0.00154	0.00285	0.02458	0.00390	0.00404
27	0.00888	0.09033	0.76031	0.01187	0.01802	0.01058	0.01521	0.01358	0.00907	0.01335	0.00759	0.00892	0.00546	0.00406	0.00398	0.00133	0.00622	0.00311	0.00182	0.00630
28	0.00818	0.00770	0.01300	0.82444	0.04315	0.00958	0.01198	0.01104	0.00863	0.01106	0.00766	0.01147	0.00576	0.00430	0.00431	0.00143	0.00573	0.00383	0.00192	0.00482
29	0.00872	0.01009	0.09092	0.01392	0.03848	0.00854	0.42779	0.01176	0.00990	0.01332	0.01488	0.05499	0.05902	0.00663	0.00521	0.00159	0.00579	0.21048	0.00279	0.00519
30	0.00586	0.00439	0.00543	0.00517	0.00629	0.00396	0.00388	0.00767	0.01163	0.01594	0.63623	0.03437	0.22472	0.00930	0.00508	0.00138	0.00207	0.00810	0.00457	0.00396
31	0.01007	0.01145	0.02488	0.01784	0.02206	0.01079	0.78052	0.01361	0.01008	0.01370	0.00894	0.02656	0.00692	0.00386	0.00522	0.00146	0.01888	0.00519	0.00221	0.00575
32	0.01054	0.01012	0.01727	0.06394	0.78515	0.01020	0.01316	0.01312	0.00975	0.01393	0.00808	0.01070	0.00677	0.00386	0.00427	0.00129	0.00515	0.00384	0.00212	0.00673
33	0.00883	0.07773	0.77253	0.01195	0.01814	0.01047	0.01534	0.01359	0.00907	0.01341	0.00761	0.00895	0.00546	0.00407	0.00400	0.00133	0.00625	0.00312	0.00182	0.00631
34	0.00788	0.00739	0.01222	0.76980	0.02771	0.00908	0.01125	0.01061	0.00871	0.01106	0.01061	0.01394	0.07259	0.00485	0.00437	0.00144	0.00545	0.00426	0.00209	0.00469
35	0.00870	0.03885	0.81023	0.01218	0.01849	0.01014	0.01574	0.01363	0.00909	0.01357	0.00770	0.00905	0.00546	0.00408	0.00407	0.00136	0.00633	0.00317	0.00182	0.00635
36	0.01621	0.01013	0.12962	0.01079	0.10265	0.01903	0.03351	0.01864	0.02221	0.56018	0.01434	0.02261	0.00951	0.00502	0.00432	0.00134	0.00437	0.00421	0.00430	0.00700
37	0.00864	0.02228	0.82630	0.01228	0.01864	0.01000	0.01592	0.01364	0.00909	0.01364	0.00773	0.00909	0.00546	0.00409	0.00409	0.00136	0.00637	0.00318	0.00182	0.00637
38	0.80782	0.07753	0.00766	0.00580	0.00855	0.01027	0.00489	0.01268	0.00745	0.01857	0.00600	0.00699	0.00474	0.00397	0.00267	0.00130	0.00344	0.00233	0.00260	0.00474
39	0.01130	0.20373	0.45165	0.01036	0.01529	0.06969	0.01187	0.01505	0.03974	0.11975	0.00885	0.00951	0.00645	0.00426	0.00383	0.00125	0.00561	0.00317	0.00241	0.00623
40	0.00825	0.01184	0.27107	0.01199	0.07291	0.00787	0.11613	0.01171	0.03049	0.01345	0.01521	0.02742	0.02526	0.00756	0.00507	0.00164	0.00521	0.34872	0.00292	0.00525
41	0.00623	0.00430	0.00532	0.00532	0.00554	0.00451	0.00339	0.00666	0.00645	0.00881	0.01300	0.02504	0.01429	0.62013	0.24854	0.00494	0.00624	0.00580	0.00253	0.00296
42	0.01359	0.00924	0.01411	0.03001	0.43580	0.02737	0.01953	0.01577	0.01065	0.29326	0.01110	0.01185	0.00806	0.00432	0.00420	0.00125	0.00455	0.00389	0.00327	0.07818
43	0.02834	0.83486	0.02226	0.00734	0.01100	0.01690	0.00732	0.01289	0.00872	0.01031	0.00599	0.00691	0.00551	0.00369	0.00276	0.00093	0.00458	0.00230	0.00186	0.00551
44	0.01066	0.01023	0.01748	0.02644	0.82174	0.01023	0.01322	0.01322	0.00981	0.01407	0.00810	0.01066	0.00682	0.00384	0.00426	0.00128	0.00512	0.00384	0.00213	0.00682
45	0.00879	0.06501	0.78486	0.01202	0.01825	0.01037	0.01547	0.01360	0.00908	0.01346	0.00764	0.00898	0.00546	0.00407	0.00402	0.00134	0.00628	0.00314	0.00182	0.00632
46	0.01352	0.01006	0.02901	0.07721	0.02421	0.01069	0.00781	0.43206	0.12262	0.09091	0.10987	0.01472	0.02630	0.00570	0.00442	0.00134	0.00422	0.00459	0.00417	0.00656
47	0.00625	0.00422	0.00491	0.00491	0.00498	0.00429	0.00287	0.00640	0.00633	0.00851	0.01338	0.02714	0.01521	0.77265	0.09727	0.00443	0.00486	0.00611	0.00258	0.00273
48	0.00606	0.00440	0.00571	0.00538	0.00641	0.00405	0.00404	0.00806	0.01211	0.01707	0.79131	0.03251	0.06894	0.00888	0.00508	0.00136	0.00204	0.00784	0.00471	0.00405
49	0.01071	0.00925	0.00974	0.00877	0.01120	0.01071	0.00682	0.02289	0.81396	0.01802	0.01753	0.01607	0.01315	0.00584	0.00438	0.00146	0.00341	0.00487	0.00438	0.00682
50	0.01630	0.01107	0.01218	0.00945	0.01276	0.01200	0.00776	0.64127	0.05310	0.14184	0.01192	0.03040	0.00855	0.00541	0.00434	0.00132	0.00448	0.00418	0.00445	0.00722
51	0.03296	0.00864	0.01064	0.00825	0.01155	0.00839	0.00679	0.21547	0.06273	0.56467	0.01519	0.01355	0.00988	0.00530	0.00430	0.00133	0.00391	0.00422	0.00498	0.00725
52	0.00615	0.00462	0.00692	0.00692	0.00769	0.00538	0.00538	0.00769	0.00692	0.01000	0.01154	0.01692	0.01077	0.03231	0.83154	0.00692	0.01154	0.00462	0.00231	0.00385
53	0.00913	0.00868	0.01473	0.51705	0.34306	0.00983	0.01246	0.01188	0.00909	0.01222	0.00783	0.01116	0.00617	0.00412	0.00429	0.00137	0.00549	0.00383	0.00200	0.00559
54	0.01408	0.02233	0.03160	0.01777	0.42900	0.00880	0.03481	0.01652	0.02523	0.33823	0.01181	0.01230	0.00841	0.00447	0.00429	0.00131	0.00459	0.00406	0.00344	0.00697
55	0.01059	0.01016	0.01735	0.05059	0.79819	0.01021	0.01318	0.01315	0.00977	0.01398	0.00809	0.01069	0.00679	0.00385	0.00427	0.00128	0.00514	0.00384	0.00213	0.00676
56	0.00525	0.00375	0.00500	0.00600	0.00625	0.00350	0.00400	0.00600	0.00825	0.01100	0.02374	0.84580	0.02849	0.01350	0.00550	0.00175	0.00250	0.01225	0.00400	0.00350
57	0.00864	0.02228	0.82630	0.01228	0.01864	0.01000	0.01592	0.01364	0.00909	0.01364	0.00773	0.00909	0.00546	0.00409	0.00409	0.00136	0.00637	0.00318	0.00182	0.00637
58	0.00949	0.02096	0.73219	0.01212	0.01816	0.01015	0.03167	0.06794	0.00996	0.03633	0.00818	0.00938	0.00575	0.00419	0.00413	0.00136	0.00620	0.00330	0.00209	0.00645
59	0.00671	0.00471	0.00583	0.00620	0.00678	0.00469	0.00460	0.03356	0.00846	0.01109	0.01936	0.10403	0.06040	0.38920	0.01302	0.00290	0.00387	0.30779	0.00337	0.00341
60	0.01061	0.00958	0.01573	0.26761	0.45999	0.02845	0.04474	0.02313	0.00976	0.06452	0.00852	0.01111	0.00669	0.00415	0.00445	0.00134	0.01729	0.00389	0.00230	0.00614
61	0.00975	0.01122	0.12164	0.03108	0.55180	0.00954	0.08012	0.01257	0.00972	0.01379	0.02888	0.04978	0.04133	0.00469	0.00442	0.00134	0.00516	0.00454	0.00231	0.00631
62	0.00765	0.00692	0.09840	0.00789	0.00951	0.00532	0.04899	0.00939	0.00913	0.08174	0.01990	0.33107	0.03770	0.07928	0.00668	0.00191	0.00382	0.22669	0.00365	0.00433
63	0.00936	0.17420	0.58134	0.01208	0.01771	0.01141	0.10946	0.01352	0.00916	0.01301	0.00753	0.00899	0.00560	0.00396	0.00397	0.00129	0.00615	0.00325	0.00187	0.00614
64	0.00950	0.03107	0.73828	0.01221	0.03652	0.00983	0.01505	0.01416	0.00934	0.07274	0.00839	0.00951	0.00587	0.00417	0.00410	0.00135	0.00612	0.00327	0.00208	0.00644
65	0.00974	0.04405	0.43319	0.01547	0.15345	0.01017	0.19089	0.01367	0.00955	0.04469	0.00872	0.03133	0.00671	0.00422	0.00434	0.00136	0.00610	0.00396	0.00214	0.00626
66	0.00952	0.07566	0.60658	0.01211	0.01764	0.03057	0.09119	0.03205	0.00957	0.03534	0.00852	0.03681	0.00651	0.00440	0.00415	0.00135	0.00613	0.00364	0.00209	0.00618
67	0.01148	0.06846	0.06577	0.12079	0.33024	0.04795	0.09327	0.04668	0.01034	0.10861	0.00975	0.05022	0.00792	0.00459	0.00429	0.00132	0.00527	0.00423	0.00263	0.00618
68	0.00887	0.00866	0.01287	0.56912	0.13467	0.06857	0.01115	0.01138	0.00886	0.01130	0.00825	0.02964	0.00675	0.00664	0.06729	0.00182	0.02314	0.00400	0.00204	0.00498
69	0.00911	0.13353	0.25279	0.01155	0.06048	0.00936	0.12719	0.01210	0.00952	0.03694	0.01296	0.02180	0.02352	0.02610	0.00503	0.00155	0.00528	0.23311	0.00267	0.00539
70	0.01142	0.42064	0.30640	0.00945	0.01401	0.03613	0.01045	0.08095	0.01012	0.05349	0.00754	0.00839	0.00591	0.00406	0.00348	0.00114	0.00528	0.00286	0.00223	0.00605
71	0.00728	0.00612	0.00963	0.24995	0.06793	0.00719	0.00821	0.00931	0.00803	0.01100	0.01158	0.01924	0.01088	0.01828	0.38197	0.00402	0.04322	0.11938	0.00241	0.00437
72	0.00528	0.00382	0.00501	0.00594	0.00629	0.00355	0.00403	0.00609	0.00840	0.01109	0.02507	0.77068	0.08202	0.01328	0.00548	0.00174	0.00252	0.03223	0.00400	0.00352
73	0.00877	0.05906	0.79064	0.01206	0.01831	0.01032	0.01554	0.01361	0.00908	0.01349	0.00765	0.00900	0.00546	0.00407	0.00403	0.00134	0.00629	0.00314	0.00182	0.00633
74	0.06074	0.04566	0.07542	0.00890	0.02210	0.06901	0.00768	0.21331	0.01359	0.40140	0.03087	0.01229	0.00917	0.00505	0.00414	0.00129	0.00444	0.00390	0.00424	0.00679
75	0.02487	0.00442	0.00447	0.00450	0.00591	0.00378	0.00336	0.00636	0.00974	0.01191	0.05983	0.07879	0.74578	0.01083	0.00506	0.00146	0.00222	0.00906	0.00399	0.00366

[dist]
# distance from previous block
# <min> <max>
5	8

[block]
# block no. 4 follows, 61 sequences, length 20
# corresponding to MSA columns:
# 439-458
name=unknown_E
#
# <colnr> <probs for GDERKNQSTAVLIFYWHMCP>
#	G	D	E	R	K	N	Q	S	T	A	V	L	I	F	Y	W	H	M	C	P
0	0.04149	0.74050	0.02100	0.00768	0.01119	0.09720	0.00737	0.01332	0.00905	0.01049	0.00606	0.00700	0.00550	0.00377	0.00287	0.00095	0.00488	0.00235	0.00191	0.00545
1	0.00558	0.00419	0.00525	0.00597	0.00672	0.00386	0.00445	0.00670	0.00905	0.01159	0.02908	0.44497	0.24845	0.01242	0.00548	0.00172	0.00274	0.18413	0.00399	0.00364
2	0.17560	0.17559	0.01392	0.01075	0.12169	0.01267	0.00792	0.34501	0.05016	0.01987	0.00893	0.02383	0.00704	0.00465	0.00372	0.00124	0.00440	0.00346	0.00322	0.00632
3	0.72058	0.00796	0.00637	0.00568	0.00822	0.00901	0.00464	0.04827	0.00826	0.01864	0.01132	0.01184	0.11568	0.00499	0.00307	0.00135	0.00324	0.00332	0.00292	0.00465
4	0.00686	0.00500	0.00644	0.00766	0.11582	0.00500	0.00405	0.00721	0.00675	0.00913	0.01283	0.02581	0.01446	0.73372	0.01952	0.00378	0.00430	0.00593	0.00255	0.00318
5	0.00682	0.00574	0.00967	0.00861	0.00984	0.00642	0.11443	0.00862	0.00735	0.01053	0.01094	0.01593	0.01001	0.02750	0.68925	0.00599	0.04128	0.00465	0.00227	0.00414
6	0.00825	0.00970	0.12355	0.69904	0.02757	0.00975	0.01242	0.01134	0.00861	0.01134	0.00760	0.01109	0.00570	0.00438	0.00460	0.00144	0.03297	0.00374	0.00190	0.00500
7	0.00979	0.00961	0.01377	0.01333	0.12159	0.01280	0.00991	0.03337	0.00742	0.01135	0.00612	0.00962	0.00586	0.00697	0.01251	0.00179	0.70336	0.00378	0.00199	0.00507
8	0.00528	0.00381	0.00501	0.00596	0.00629	0.00354	0.00403	0.00608	0.00837	0.01108	0.02473	0.78538	0.06857	0.01332	0.00549	0.00174	0.00252	0.03128	0.00400	0.00352
9	0.00648	0.00694	0.11806	0.00738	0.00882	0.00583	0.00648	0.00830	0.00719	0.01035	0.01161	0.04248	0.01111	0.11542	0.60687	0.00571	0.00977	0.00483	0.00233	0.00405
10	0.01035	0.08398	0.38507	0.10488	0.09850	0.01077	0.08315	0.07606	0.02596	0.05508	0.00854	0.01008	0.00629	0.00425	0.00431	0.00134	0.01926	0.00357	0.00232	0.00622
11	0.01049	0.12636	0.07377	0.01553	0.01978	0.01175	0.57734	0.04047	0.05482	0.01397	0.00883	0.01103	0.00672	0.00384	0.00464	0.00137	0.00655	0.00453	0.00230	0.00591
12	0.01043	0.00993	0.05068	0.02937	0.39481	0.00990	0.01015	0.01669	0.31462	0.03268	0.06582	0.01417	0.01147	0.00498	0.00436	0.00136	0.00430	0.00447	0.00321	0.00660
13	0.00712	0.00610	0.00875	0.00787	0.00928	0.03345	0.11370	0.00945	0.04720	0.01432	0.33319	0.18147	0.05868	0.03989	0.00582	0.00163	0.00343	0.11047	0.00394	0.00427
14	0.27967	0.16334	0.06166	0.00867	0.04255	0.18697	0.01675	0.04723	0.00991	0.04280	0.04511	0.02265	0.00781	0.00455	0.00342	0.00120	0.00475	0.00319	0.04256	0.00522
15	0.12778	0.01195	0.21682	0.03092	0.11489	0.01846	0.01995	0.09432	0.05572	0.01558	0.03242	0.02121	0.00840	0.03025	0.09517	0.00196	0.00550	0.00377	0.00264	0.09229
16	0.03862	0.08362	0.13528	0.01552	0.29448	0.10453	0.02104	0.10379	0.03703	0.05280	0.00859	0.00989	0.00670	0.00417	0.00397	0.00121	0.00524	0.00343	0.00259	0.06750
17	0.05467	0.14236	0.22687	0.02921	0.18467	0.01105	0.01057	0.07321	0.12801	0.02620	0.00970	0.03587	0.00780	0.00458	0.00393	0.00127	0.00484	0.00372	0.00264	0.03884
18	0.01128	0.05152	0.33919	0.02374	0.11028	0.11255	0.04385	0.04225	0.05863	0.08308	0.00928	0.01031	0.00688	0.00431	0.00404	0.00126	0.00559	0.00348	0.03080	0.04770
19	0.05627	0.12255	0.12695	0.01043	0.08570	0.02498	0.04320	0.08974	0.18017	0.03121	0.06615	0.02422	0.05029	0.00528	0.00418	0.00129	0.01396	0.00431	0.01874	0.04038

[dist]
# distance from previous block
# <min> <max>
6	61

[block]
# block no. 5 follows, 61 sequences, length 23
# corresponding to MSA columns:
# 545-567
name=unknown_F
#
# <colnr> <probs for GDERKNQSTAVLIFYWHMCP>
#	G	D	E	R	K	N	Q	S	T	A	V	L	I	F	Y	W	H	M	C	P
0	0.02753	0.03768	0.06400	0.02379	0.22456	0.03380	0.00827	0.08551	0.06691	0.05356	0.05730	0.02923	0.14829	0.00586	0.00439	0.00128	0.01599	0.00491	0.03617	0.07099
1	0.05527	0.07715	0.08697	0.04645	0.24575	0.02028	0.03724	0.06046	0.10477	0.07064	0.03453	0.05420	0.06209	0.00550	0.00426	0.00135	0.00449	0.01957	0.00303	0.00600
2	0.01099	0.03133	0.03847	0.03997	0.13003	0.10736	0.02048	0.15803	0.06271	0.03706	0.06083	0.06471	0.09643	0.00646	0.02113	0.00137	0.00458	0.00492	0.00325	0.09989
3	0.08155	0.06054	0.02478	0.01300	0.23484	0.03723	0.02054	0.07781	0.08760	0.16390	0.05706	0.04713	0.01080	0.02111	0.00445	0.00134	0.00424	0.00435	0.00338	0.04433
4	0.03411	0.10453	0.18138	0.03821	0.28159	0.03660	0.03194	0.08001	0.03820	0.06239	0.00920	0.01059	0.01923	0.00439	0.00435	0.00128	0.03186	0.00362	0.00253	0.02401
5	0.04179	0.00950	0.05089	0.03329	0.10246	0.03629	0.02223	0.15270	0.10279	0.13631	0.07976	0.05909	0.04995	0.00599	0.00484	0.00136	0.04641	0.00490	0.01553	0.04389
6	0.04859	0.02655	0.01341	0.01526	0.32442	0.02228	0.02743	0.17451	0.03668	0.08653	0.03873	0.03155	0.03619	0.00487	0.00417	0.00124	0.00441	0.00421	0.00317	0.09582
7	0.01077	0.04858	0.01638	0.03879	0.56835	0.02561	0.05243	0.05189	0.01030	0.03054	0.01006	0.02599	0.04217	0.00438	0.00424	0.00126	0.00496	0.00413	0.00242	0.04677
8	0.02555	0.03275	0.01529	0.06688	0.22927	0.12133	0.11900	0.15138	0.05373	0.05814	0.02448	0.01148	0.01857	0.00465	0.00466	0.00131	0.03654	0.00401	0.00287	0.01812
9	0.00827	0.00779	0.01317	0.79463	0.07224	0.00961	0.01203	0.01112	0.00868	0.01117	0.00768	0.01144	0.00580	0.00428	0.00430	0.00143	0.00571	0.00383	0.00193	0.00489
10	0.01259	0.01272	0.01713	0.05209	0.13196	0.20149	0.27065	0.05749	0.04926	0.08107	0.00909	0.01083	0.00695	0.00447	0.00513	0.00136	0.06309	0.00409	0.00263	0.00590
11	0.00615	0.00462	0.00692	0.00692	0.00769	0.00538	0.00538	0.00769	0.00692	0.01000	0.01154	0.01692	0.01077	0.03231	0.83154	0.00692	0.01154	0.00462	0.00231	0.00385
12	0.00813	0.00766	0.01292	0.83826	0.02967	0.00957	0.01196	0.01101	0.00861	0.01101	0.00766	0.01148	0.00574	0.00431	0.00431	0.00144	0.00574	0.00383	0.00191	0.00479
13	0.01092	0.01048	0.03399	0.04837	0.60999	0.01023	0.11430	0.03034	0.03199	0.04447	0.00879	0.01107	0.00705	0.00397	0.00437	0.00132	0.00533	0.00403	0.00235	0.00665
14	0.00819	0.00773	0.01293	0.80191	0.02886	0.00973	0.01185	0.01098	0.00852	0.01098	0.00757	0.01139	0.00574	0.00445	0.00474	0.00146	0.04245	0.00383	0.00191	0.00478
15	0.02424	0.05800	0.04527	0.10956	0.33676	0.05121	0.03645	0.01345	0.02143	0.10788	0.05879	0.02854	0.02803	0.00499	0.00487	0.00134	0.05623	0.00427	0.00272	0.00597
16	0.01243	0.08765	0.01229	0.02696	0.05806	0.06315	0.05604	0.19916	0.04780	0.13760	0.05605	0.04934	0.08693	0.00617	0.00453	0.00133	0.01783	0.03706	0.01774	0.02187
17	0.01338	0.03601	0.20823	0.01058	0.03137	0.01208	0.00994	0.48970	0.03408	0.02160	0.00992	0.03110	0.00748	0.00517	0.00465	0.00134	0.04175	0.00390	0.02097	0.00675
18	0.03814	0.16864	0.22768	0.01018	0.03788	0.10905	0.03567	0.08602	0.05425	0.06486	0.04540	0.04105	0.02148	0.00500	0.00415	0.00126	0.02070	0.00387	0.00276	0.02197
19	0.03558	0.22014	0.13704	0.02844	0.01336	0.03913	0.00895	0.34355	0.02970	0.01817	0.00873	0.00971	0.00676	0.00646	0.06015	0.00161	0.01990	0.00338	0.00298	0.00624
20	0.01124	0.16664	0.29144	0.01121	0.05822	0.06727	0.04960	0.15427	0.02995	0.02903	0.02046	0.03301	0.02275	0.00479	0.00402	0.00126	0.00539	0.01464	0.00263	0.02221
21	0.01232	0.13140	0.23329	0.04350	0.05999	0.07431	0.01025	0.24742	0.02773	0.04654	0.02205	0.02550	0.00747	0.00467	0.00400	0.00124	0.00525	0.00359	0.00290	0.03658
22	0.04527	0.22062	0.29082	0.01003	0.02687	0.02429	0.03180	0.09961	0.07998	0.01456	0.00993	0.06437	0.00857	0.00521	0.00413	0.00131	0.02081	0.03334	0.00259	0.00590

[dist]
# distance from previous block
# <min> <max>
17	50

[block]
# block no. 6 follows, 61 sequences, length 6
# corresponding to MSA columns:
# 622-627
name=unknown_G
#
# <colnr> <probs for GDERKNQSTAVLIFYWHMCP>
#	G	D	E	R	K	N	Q	S	T	A	V	L	I	F	Y	W	H	M	C	P
0	0.03070	0.08991	0.20079	0.01134	0.12010	0.04572	0.00957	0.16284	0.01146	0.04162	0.02507	0.02610	0.04464	0.00483	0.00419	0.00121	0.02483	0.00378	0.02284	0.11845
1	0.01127	0.15159	0.19265	0.04027	0.07982	0.06853	0.00979	0.16171	0.07293	0.01546	0.00937	0.04548	0.00771	0.00490	0.00439	0.00126	0.04319	0.00374	0.02320	0.05274
2	0.06209	0.11754	0.11577	0.04115	0.15222	0.06605	0.00920	0.15966	0.01163	0.07634	0.04879	0.01192	0.00884	0.00597	0.04175	0.00150	0.00515	0.01749	0.02036	0.02658
3	0.04127	0.07181	0.13692	0.04035	0.32964	0.06662	0.03004	0.09495	0.04492	0.01504	0.02831	0.01117	0.02453	0.00447	0.00429	0.00128	0.02164	0.00376	0.00251	0.02649
4	0.03256	0.09713	0.09295	0.03525	0.31359	0.04840	0.01005	0.11115	0.03984	0.05584	0.01188	0.01292	0.07822	0.00480	0.00408	0.00125	0.00477	0.00401	0.00277	0.03854
5	0.04580	0.08573	0.17682	0.03686	0.13134	0.06801	0.11291	0.06182	0.03826	0.03886	0.03829	0.02421	0.00819	0.00521	0.02632	0.00141	0.01860	0.00385	0.00254	0.07498

[dist]
# distance from previous block
# <min> <max>
16	91

[block]
# block no. 7 follows, 61 sequences, length 46
# corresponding to MSA columns:
# 746-791
name=unknown_H
#
# <colnr> <probs for GDERKNQSTAVLIFYWHMCP>
#	G	D	E	R	K	N	Q	S	T	A	V	L	I	F	Y	W	H	M	C	P
0	0.04225	0.13663	0.15038	0.01143	0.13105	0.09715	0.03286	0.05790	0.02385	0.03855	0.10072	0.04753	0.03096	0.00528	0.00406	0.00123	0.00477	0.01605	0.00279	0.06457
1	0.01086	0.06856	0.16702	0.01303	0.20315	0.04010	0.02299	0.11046	0.02440	0.07549	0.09862	0.04330	0.04551	0.00534	0.00425	0.00127	0.00462	0.00452	0.00305	0.05345
2	0.03733	0.05639	0.22307	0.01422	0.21366	0.09980	0.03628	0.10929	0.01124	0.07375	0.03070	0.01105	0.02377	0.00448	0.00409	0.00126	0.00536	0.00368	0.00268	0.03793
3	0.03516	0.10229	0.24325	0.01058	0.08227	0.06433	0.01923	0.04548	0.09748	0.07342	0.07610	0.03729	0.06910	0.00547	0.00415	0.00130	0.00470	0.00444	0.00300	0.02095
4	0.01026	0.10986	0.13431	0.02157	0.11205	0.03499	0.04219	0.11337	0.08739	0.02531	0.05618	0.05501	0.07358	0.00564	0.00439	0.00128	0.02012	0.01279	0.00301	0.07671
5	0.01070	0.03424	0.21547	0.01219	0.16666	0.03811	0.00976	0.07610	0.04111	0.10126	0.13109	0.03349	0.02681	0.00529	0.00426	0.00127	0.00453	0.00445	0.00314	0.08006
6	0.02035	0.04614	0.18050	0.02577	0.16013	0.11955	0.05501	0.03511	0.04919	0.04074	0.10654	0.01452	0.05818	0.00512	0.00422	0.00126	0.00500	0.00432	0.01368	0.05464
7	0.01060	0.06700	0.13946	0.03517	0.17903	0.04273	0.02684	0.06288	0.04996	0.07732	0.07415	0.05095	0.02780	0.00508	0.00414	0.00122	0.00452	0.00432	0.00295	0.13388
8	0.00938	0.02563	0.11932	0.03922	0.24800	0.02304	0.02158	0.03933	0.08726	0.02572	0.09397	0.02634	0.08399	0.00561	0.00433	0.00129	0.00428	0.02983	0.02432	0.08755
9	0.00949	0.02424	0.15401	0.02784	0.18256	0.05118	0.00899	0.03083	0.09343	0.02887	0.08325	0.02909	0.09019	0.00538	0.00418	0.00122	0.00430	0.00455	0.01816	0.14824
10	0.00922	0.02626	0.16837	0.01037	0.09820	0.00777	0.04751	0.03439	0.07766	0.04481	0.08406	0.04007	0.07381	0.00536	0.00416	0.00119	0.00413	0.01702	0.00301	0.24263
11	0.00970	0.01953	0.09870	0.03646	0.31761	0.00785	0.00946	0.01230	0.02108	0.07885	0.12989	0.01702	0.05999	0.00538	0.00432	0.00125	0.00418	0.03493	0.00300	0.12849
12	0.00923	0.01374	0.35180	0.01102	0.10330	0.00788	0.01047	0.01249	0.00952	0.05541	0.06538	0.01195	0.03008	0.00434	0.00393	0.00112	0.00465	0.00358	0.00253	0.28759
13	0.00976	0.02683	0.14009	0.04884	0.27809	0.00870	0.03487	0.03328	0.05839	0.04227	0.08726	0.01364	0.03751	0.00469	0.00416	0.00121	0.00450	0.00415	0.00276	0.15900
14	0.00973	0.00935	0.04984	0.12386	0.45330	0.00893	0.04286	0.01257	0.03066	0.04216	0.12194	0.01466	0.03031	0.00484	0.00441	0.00132	0.00470	0.00454	0.00268	0.02737
15	0.00921	0.19610	0.14050	0.02717	0.04351	0.00912	0.02002	0.01168	0.01914	0.01328	0.07315	0.01153	0.03179	0.00420	0.00355	0.00096	0.00408	0.00334	0.00248	0.37518
16	0.01013	0.03185	0.04546	0.20205	0.56228	0.02604	0.01270	0.01274	0.00946	0.01312	0.00785	0.01060	0.00645	0.00405	0.00448	0.00132	0.02736	0.00375	0.00206	0.00624
17	0.00871	0.00657	0.00772	0.05652	0.00966	0.00655	0.01791	0.16852	0.03726	0.04293	0.16590	0.03801	0.32122	0.00814	0.00473	0.00138	0.00312	0.02690	0.03720	0.03108
18	0.01293	0.30760	0.06761	0.01023	0.07167	0.15142	0.00842	0.20713	0.01228	0.03369	0.00904	0.07253	0.00793	0.00500	0.00377	0.00117	0.00514	0.00374	0.00277	0.00591
19	0.00523	0.00435	0.00452	0.00450	0.00585	0.00369	0.00334	0.00637	0.00991	0.01206	0.11645	0.05412	0.70683	0.03679	0.00562	0.00153	0.00224	0.00893	0.00403	0.00364
20	0.00743	0.00374	0.00560	0.00562	0.00563	0.00374	0.00375	0.00562	0.00568	0.00757	0.00788	0.03353	0.00800	0.01493	0.01656	0.85325	0.00371	0.00395	0.00192	0.00191
21	0.00949	0.02508	0.30258	0.09689	0.31872	0.00969	0.05721	0.02404	0.00962	0.02551	0.02751	0.04807	0.01722	0.00462	0.00432	0.00135	0.00549	0.00418	0.00224	0.00616
22	0.01066	0.01023	0.01748	0.02644	0.82174	0.01023	0.01322	0.01322	0.00981	0.01407	0.00810	0.01066	0.00682	0.00384	0.00426	0.00128	0.00512	0.00384	0.00213	0.00682
23	0.00813	0.00766	0.01292	0.83826	0.02967	0.00957	0.01196	0.01101	0.00861	0.01101	0.00766	0.01148	0.00574	0.00431	0.00431	0.00144	0.00574	0.00383	0.00191	0.00479
24	0.01064	0.00911	0.00958	0.00863	0.01103	0.01053	0.00671	0.02253	0.79129	0.01796	0.01743	0.01607	0.01309	0.00582	0.00434	0.00145	0.00337	0.00485	0.02884	0.00674
25	0.00635	0.00447	0.00576	0.00540	0.00650	0.00409	0.00406	0.00831	0.01203	0.03669	0.74502	0.03240	0.09491	0.00887	0.00506	0.00136	0.00208	0.00780	0.00470	0.00411
26	0.82747	0.05844	0.00730	0.00577	0.00849	0.01010	0.00483	0.01268	0.00742	0.01878	0.00600	0.00699	0.00472	0.00398	0.00267	0.00131	0.00341	0.00233	0.00262	0.00472
27	0.02404	0.05307	0.27589	0.00899	0.02250	0.04415	0.02021	0.02757	0.00951	0.04697	0.01871	0.04054	0.02748	0.00434	0.00374	0.00105	0.00456	0.00347	0.00252	0.36070
28	0.00693	0.00485	0.00636	0.00639	0.03864	0.00450	0.00453	0.00903	0.02975	0.05841	0.61189	0.08498	0.09948	0.00885	0.00502	0.00139	0.00231	0.00779	0.00455	0.00433
29	0.00618	0.00418	0.00491	0.00498	0.00506	0.00423	0.00294	0.00637	0.00646	0.00868	0.01410	0.08365	0.01613	0.72096	0.09023	0.00424	0.00469	0.00654	0.00268	0.00278
30	0.00951	0.22161	0.56358	0.01061	0.01593	0.01127	0.01293	0.01334	0.00915	0.03799	0.02444	0.03589	0.00708	0.00443	0.00384	0.00127	0.00565	0.00339	0.00206	0.00606
31	0.03793	0.03516	0.19816	0.00921	0.01326	0.00778	0.05478	0.01820	0.01119	0.53428	0.01424	0.01324	0.02245	0.00496	0.00425	0.00134	0.00449	0.00408	0.00415	0.00684
32	0.01912	0.00738	0.00999	0.00769	0.01100	0.00644	0.00634	0.02104	0.03151	0.80542	0.01701	0.01470	0.01072	0.00534	0.00433	0.00134	0.00366	0.00434	0.00531	0.00732
33	0.00567	0.00412	0.00564	0.03390	0.00723	0.00393	0.01349	0.00685	0.00918	0.01257	0.20045	0.60311	0.02970	0.01179	0.00529	0.00163	0.00254	0.01065	0.02854	0.00371
34	0.01084	0.01166	0.09035	0.04116	0.28161	0.01022	0.39795	0.01407	0.01008	0.07571	0.00903	0.01132	0.00683	0.00389	0.00465	0.00138	0.00617	0.00442	0.00237	0.00628
35	0.00821	0.00773	0.01305	0.81437	0.05298	0.00959	0.01200	0.01107	0.00865	0.01110	0.00767	0.01146	0.00577	0.00429	0.00431	0.00143	0.00572	0.00383	0.00192	0.00485
36	0.00616	0.00460	0.00682	0.00682	0.00756	0.00533	0.00526	0.00763	0.00689	0.00993	0.01163	0.01742	0.01099	0.06855	0.79560	0.00680	0.01121	0.00469	0.00232	0.00379
37	0.00632	0.00523	0.03212	0.00669	0.00745	0.00524	0.02686	0.00747	0.00708	0.00989	0.01375	0.11137	0.02866	0.26312	0.42730	0.00504	0.02424	0.00597	0.00259	0.00360
38	0.01129	0.03089	0.47069	0.01061	0.01551	0.00884	0.05077	0.02992	0.02850	0.21009	0.05606	0.01300	0.03464	0.00490	0.00427	0.00136	0.00526	0.00403	0.00302	0.00637
39	0.00813	0.00766	0.01292	0.83826	0.02967	0.00957	0.01196	0.01101	0.00861	0.01101	0.00766	0.01148	0.00574	0.00431	0.00431	0.00144	0.00574	0.00383	0.00191	0.00479
40	0.01055	0.01019	0.01758	0.05633	0.76546	0.01023	0.03980	0.01316	0.00978	0.01395	0.00811	0.01072	0.00677	0.00385	0.00429	0.00129	0.00521	0.00388	0.00213	0.00671
41	0.01632	0.00859	0.01160	0.05780	0.02745	0.02325	0.06022	0.14305	0.04082	0.49155	0.03586	0.01504	0.01076	0.00542	0.00444	0.00136	0.00426	0.03083	0.00455	0.00681
42	0.01374	0.00860	0.05570	0.00949	0.05817	0.02081	0.04274	0.09255	0.07013	0.36277	0.01698	0.13492	0.04027	0.00680	0.00462	0.00144	0.00401	0.04571	0.00429	0.00626
43	0.00892	0.00824	0.01309	0.73296	0.07831	0.03711	0.01174	0.01167	0.00893	0.03714	0.00795	0.01141	0.00596	0.00431	0.00429	0.00141	0.00570	0.00381	0.00205	0.00500
44	0.12123	0.03141	0.13939	0.02761	0.01148	0.03334	0.05475	0.10653	0.04176	0.01519	0.03601	0.26659	0.03307	0.00775	0.00451	0.00148	0.00414	0.04094	0.01779	0.00501
45	0.09360	0.00834	0.01128	0.03117	0.01225	0.00843	0.09375	0.14161	0.06348	0.32306	0.02368	0.04579	0.01058	0.02025	0.02953	0.01534	0.01933	0.02774	0.01462	0.00618

[dist]
# distance from previous block
# <min> <max>
0	12

# created by:
# /st0/software/busco_prod/Augustus/scripts/msa2prfl.pl ./align_prep/144720.fa
