[name]
unknown

[dist]
# distance from previous block
# <min> <max>
9	84

[block]
# block no. 0 follows, 63 sequences, length 16
# corresponding to MSA columns:
# 96-111
name=unknown_A
#
# <colnr> <probs for GDERKNQSTAVLIFYWHMCP>
#	G	D	E	R	K	N	Q	S	T	A	V	L	I	F	Y	W	H	M	C	P
0	0.05688	0.00810	0.02651	0.02856	0.07841	0.03461	0.07017	0.09010	0.10690	0.09229	0.02544	0.16622	0.09224	0.01838	0.04641	0.00170	0.02420	0.00595	0.00342	0.02350
1	0.00942	0.02357	0.03544	0.12683	0.11477	0.00759	0.04713	0.06600	0.04753	0.09935	0.02731	0.06499	0.06207	0.05707	0.15544	0.00246	0.00556	0.00498	0.02133	0.02117
2	0.00915	0.00759	0.01025	0.27051	0.04169	0.02995	0.02909	0.10555	0.07326	0.03268	0.11992	0.05586	0.01353	0.05094	0.02068	0.00159	0.01750	0.03067	0.03270	0.04687
3	0.00923	0.02823	0.01096	0.35557	0.07497	0.04148	0.01775	0.06421	0.03245	0.05541	0.03215	0.04806	0.01999	0.06703	0.07206	0.00196	0.01366	0.00447	0.04549	0.00485
4	0.07182	0.00779	0.00873	0.02603	0.06113	0.04271	0.00594	0.11292	0.11089	0.03139	0.04023	0.06210	0.02767	0.12070	0.05710	0.01915	0.02972	0.00462	0.02841	0.13094
5	0.13230	0.02024	0.00918	0.14835	0.02539	0.05485	0.00681	0.12086	0.08360	0.04097	0.01027	0.01276	0.00834	0.03656	0.19787	0.00263	0.00592	0.00383	0.07429	0.00497
6	0.09714	0.10900	0.04141	0.02759	0.06407	0.05878	0.00774	0.30182	0.03885	0.14934	0.00996	0.01032	0.00728	0.00559	0.03514	0.00142	0.00476	0.00348	0.00344	0.02286
7	0.00636	0.00547	0.00844	0.03004	0.03087	0.00519	0.12081	0.00822	0.03958	0.01220	0.10937	0.35694	0.18399	0.03843	0.00563	0.00162	0.00327	0.02593	0.00359	0.00405
8	0.13317	0.00556	0.00713	0.00679	0.00775	0.00653	0.00527	0.03847	0.00715	0.01146	0.00984	0.01469	0.00919	0.07018	0.51707	0.06929	0.07018	0.00412	0.00233	0.00385
9	0.00843	0.13323	0.55305	0.01001	0.01495	0.00985	0.01210	0.01268	0.05509	0.01280	0.01291	0.01353	0.12399	0.00500	0.00397	0.00129	0.00522	0.00391	0.00223	0.00574
10	0.00908	0.12979	0.01064	0.00637	0.01008	0.00720	0.00530	0.01087	0.00869	0.01315	0.00724	0.00843	0.00611	0.00318	0.00305	0.00066	0.00331	0.00246	0.00239	0.75200
11	0.01076	0.42506	0.06166	0.01018	0.12888	0.05378	0.00804	0.03775	0.00927	0.01205	0.00677	0.00799	0.00582	0.00361	0.00318	0.00093	0.00450	0.00264	0.00209	0.20503
12	0.00664	0.00530	0.00824	0.00951	0.12567	0.00594	0.00636	0.00829	0.00716	0.01033	0.01078	0.01563	0.00995	0.02752	0.71558	0.00596	0.01036	0.00439	0.00223	0.00417
13	0.00589	0.00445	0.00553	0.00620	0.00678	0.00443	0.00428	0.00824	0.12508	0.01174	0.02288	0.70496	0.04945	0.01202	0.00520	0.00166	0.00256	0.01082	0.00396	0.00389
14	0.13561	0.12179	0.34514	0.01120	0.11524	0.02516	0.01060	0.03430	0.00924	0.04650	0.03447	0.01142	0.05862	0.00460	0.00392	0.00127	0.01933	0.00352	0.00237	0.00570
15	0.04018	0.05818	0.02425	0.00879	0.03086	0.02274	0.02642	0.32338	0.09514	0.13184	0.04448	0.13455	0.01224	0.00624	0.00426	0.00133	0.00397	0.00515	0.01991	0.00609

[dist]
# distance from previous block
# <min> <max>
0	2

[block]
# block no. 1 follows, 63 sequences, length 135
# corresponding to MSA columns:
# 114-244,253-256
name=unknown_B
#
# <colnr> <probs for GDERKNQSTAVLIFYWHMCP>
#	G	D	E	R	K	N	Q	S	T	A	V	L	I	F	Y	W	H	M	C	P
0	0.00997	0.01167	0.14218	0.05249	0.58474	0.00995	0.05254	0.02710	0.00961	0.01376	0.02432	0.01064	0.00705	0.00398	0.00439	0.00129	0.02203	0.00378	0.00211	0.00638
1	0.01060	0.00883	0.02310	0.00812	0.04141	0.00805	0.00632	0.22312	0.04168	0.01691	0.00900	0.02636	0.00739	0.02264	0.01843	0.00108	0.02077	0.00329	0.00300	0.49991
2	0.04177	0.12839	0.07926	0.01927	0.50723	0.02523	0.04288	0.02630	0.00946	0.01349	0.00753	0.00952	0.00625	0.00373	0.00385	0.00117	0.00495	0.00338	0.00210	0.06424
3	0.00633	0.00627	0.08009	0.00592	0.00753	0.00502	0.00498	0.00837	0.05060	0.02516	0.14353	0.05902	0.33474	0.10840	0.10117	0.00231	0.01867	0.00696	0.00345	0.02148
4	0.00886	0.00782	0.02355	0.00640	0.01017	0.00583	0.00523	0.02751	0.00895	0.01396	0.00753	0.00875	0.00623	0.00317	0.00315	0.00065	0.00320	0.00253	0.00251	0.84398
5	0.00694	0.00702	0.06509	0.00802	0.00967	0.03335	0.10961	0.02103	0.03829	0.01283	0.14168	0.33028	0.10222	0.02293	0.00530	0.00158	0.00358	0.07277	0.00357	0.00424
6	0.00623	0.00475	0.00692	0.00687	0.00752	0.00560	0.00532	0.00763	0.00690	0.01006	0.01189	0.08137	0.01157	0.03692	0.67118	0.00576	0.07033	0.00503	0.03438	0.00378
7	0.02266	0.32097	0.14740	0.00791	0.01186	0.04730	0.00781	0.04418	0.02552	0.02399	0.00724	0.00821	0.00594	0.00366	0.00321	0.00092	0.00439	0.00263	0.00225	0.30194
8	0.00928	0.02505	0.06449	0.02145	0.00972	0.02626	0.00605	0.07505	0.20928	0.04925	0.17101	0.05871	0.05998	0.00626	0.00416	0.00125	0.00325	0.00524	0.10605	0.08820
9	0.00519	0.00384	0.00485	0.00549	0.00604	0.00350	0.00378	0.00613	0.00878	0.01156	0.11943	0.60446	0.17724	0.01217	0.00524	0.00161	0.00233	0.01088	0.00399	0.00350
10	0.01521	0.01897	0.01183	0.01082	0.02213	0.75652	0.00808	0.03288	0.03203	0.01096	0.02204	0.00834	0.00629	0.00451	0.00404	0.00112	0.02407	0.00290	0.00230	0.00496
11	0.00536	0.00421	0.00478	0.00476	0.00586	0.00370	0.00348	0.00665	0.01004	0.01296	0.29642	0.11002	0.45678	0.04918	0.00576	0.00154	0.00220	0.00860	0.00408	0.00363
12	0.00970	0.01161	0.07509	0.08311	0.05631	0.01044	0.65130	0.01334	0.02068	0.01331	0.00845	0.01119	0.00635	0.00366	0.00480	0.00140	0.00677	0.00469	0.00211	0.00568
13	0.00513	0.00415	0.00458	0.00486	0.00596	0.00360	0.00358	0.00619	0.00928	0.01142	0.05633	0.23097	0.57201	0.01124	0.00511	0.00151	0.00230	0.05430	0.00392	0.00355
14	0.00990	0.00942	0.01497	0.21890	0.52004	0.02300	0.01175	0.01363	0.11075	0.01345	0.00893	0.01121	0.00716	0.00411	0.00418	0.00130	0.00497	0.00385	0.00231	0.00615
15	0.81376	0.00829	0.00661	0.00579	0.00845	0.00952	0.00477	0.05296	0.00793	0.04222	0.00637	0.00721	0.00485	0.00400	0.00273	0.00130	0.00333	0.00241	0.00276	0.00476
16	0.00623	0.00480	0.00705	0.00693	0.00758	0.00571	0.00537	0.00761	0.00670	0.00969	0.01098	0.01664	0.01044	0.07688	0.73230	0.00626	0.06830	0.00454	0.00224	0.00374
17	0.01127	0.68685	0.01973	0.00806	0.04391	0.06928	0.00723	0.01270	0.00912	0.02701	0.06517	0.00888	0.00802	0.00404	0.00302	0.00096	0.00452	0.00277	0.00211	0.00534
18	0.00605	0.00431	0.00580	0.00580	0.00622	0.00473	0.00406	0.00689	0.00647	0.00905	0.01214	0.02137	0.01262	0.39370	0.47632	0.00557	0.00809	0.00521	0.00238	0.00322
19	0.01192	0.00743	0.00915	0.00717	0.03042	0.00615	0.00559	0.02942	0.04340	0.25734	0.02461	0.01132	0.00847	0.00404	0.00357	0.00091	0.00328	0.00328	0.02819	0.50434
20	0.00576	0.00445	0.00565	0.00553	0.00659	0.00409	0.02055	0.00757	0.03333	0.01410	0.40917	0.19482	0.23716	0.00990	0.00504	0.00144	0.00229	0.02446	0.00422	0.00386
21	0.00517	0.00373	0.00490	0.00575	0.00609	0.00346	0.00388	0.00600	0.00837	0.01117	0.07797	0.76077	0.06167	0.01276	0.00532	0.00167	0.00240	0.01153	0.00395	0.00346
22	0.00846	0.02158	0.81761	0.01207	0.01825	0.00978	0.02823	0.01332	0.00889	0.01332	0.00756	0.00891	0.00534	0.00399	0.00401	0.00133	0.00623	0.00314	0.00178	0.00620
23	0.01528	0.01276	0.01219	0.01051	0.05908	0.18298	0.00801	0.49917	0.03648	0.06813	0.00984	0.01015	0.00719	0.00487	0.00419	0.00123	0.01514	0.00361	0.03270	0.00650
24	0.00633	0.00451	0.00641	0.00636	0.00704	0.00515	0.00482	0.00766	0.00686	0.01889	0.01165	0.01776	0.01107	0.13712	0.65072	0.00588	0.02319	0.00466	0.06025	0.00366
25	0.00988	0.01120	0.02404	0.01729	0.02127	0.01078	0.75925	0.01325	0.00970	0.01325	0.00831	0.01120	0.00632	0.00379	0.00553	0.00144	0.06091	0.00488	0.00211	0.00560
26	0.01228	0.00997	0.01405	0.17102	0.31302	0.01084	0.01039	0.29354	0.02851	0.05749	0.00913	0.01070	0.00690	0.00450	0.00446	0.00130	0.02869	0.00380	0.00298	0.00642
27	0.00637	0.00579	0.06118	0.00681	0.00778	0.00497	0.07149	0.00736	0.00725	0.00992	0.01485	0.23009	0.02639	0.34359	0.12851	0.03721	0.00499	0.00697	0.01504	0.00344
28	0.00570	0.00427	0.00488	0.00493	0.00611	0.00372	0.00365	0.00693	0.00987	0.04026	0.19842	0.18396	0.47677	0.01051	0.00503	0.00146	0.00224	0.02346	0.00410	0.00374
29	0.00976	0.03406	0.01263	0.01063	0.01101	0.10248	0.00877	0.01075	0.00712	0.01011	0.00601	0.00943	0.00583	0.00849	0.06577	0.00205	0.67504	0.00359	0.00190	0.00460
30	0.03626	0.01085	0.01404	0.19521	0.35701	0.13924	0.02707	0.05893	0.05234	0.01350	0.00893	0.01140	0.02063	0.00442	0.00430	0.00129	0.01980	0.01664	0.00236	0.00576
31	0.00566	0.00448	0.00523	0.00534	0.00641	0.00422	0.00394	0.00756	0.06304	0.01239	0.16398	0.21402	0.37051	0.02160	0.07951	0.00198	0.00311	0.01930	0.00389	0.00381
32	0.01674	0.00686	0.00910	0.00719	0.01010	0.00605	0.00585	0.03818	0.02499	0.67973	0.03553	0.05602	0.06174	0.00599	0.00433	0.00133	0.00340	0.00495	0.01530	0.00664
33	0.01028	0.09302	0.32948	0.05909	0.16841	0.10159	0.03456	0.05072	0.05962	0.01353	0.02214	0.01052	0.00708	0.00430	0.00400	0.00127	0.00561	0.01659	0.00224	0.00597
34	0.01137	0.04373	0.01052	0.00845	0.01061	0.17206	0.06425	0.09018	0.06694	0.12265	0.14455	0.01766	0.08587	0.02956	0.08423	0.00187	0.02198	0.00491	0.00346	0.00516
35	0.00626	0.00448	0.00611	0.00696	0.00773	0.00439	0.00570	0.00780	0.00921	0.01207	0.05047	0.24322	0.04992	0.04421	0.00624	0.00192	0.00341	0.52235	0.00385	0.00370
36	0.16896	0.44788	0.05419	0.00846	0.01180	0.11617	0.07016	0.04282	0.00924	0.01263	0.00667	0.02195	0.00577	0.00398	0.00315	0.00108	0.00491	0.00279	0.00214	0.00527
37	0.00531	0.00412	0.00463	0.00476	0.00568	0.00366	0.00335	0.00629	0.00912	0.01158	0.15083	0.19123	0.43481	0.13670	0.00750	0.00186	0.00246	0.00886	0.00381	0.00344
38	0.01097	0.39956	0.21814	0.00976	0.01377	0.10722	0.07095	0.02830	0.08220	0.01204	0.00763	0.00858	0.00616	0.00399	0.00348	0.00112	0.00536	0.00297	0.00213	0.00570
39	0.00574	0.00430	0.00533	0.00510	0.00619	0.00389	0.00384	0.00752	0.01134	0.01554	0.63283	0.03374	0.21623	0.00911	0.00498	0.00136	0.00205	0.02259	0.00445	0.00387
40	0.01076	0.19559	0.41211	0.00991	0.01455	0.02880	0.01114	0.11913	0.04063	0.06348	0.00929	0.02618	0.02045	0.00447	0.00380	0.00123	0.00522	0.00340	0.00250	0.01736
41	0.01140	0.55093	0.16825	0.00865	0.01255	0.09452	0.02254	0.01372	0.03205	0.04133	0.00698	0.00783	0.00580	0.00386	0.00318	0.00103	0.00509	0.00264	0.00203	0.00560
42	0.21003	0.00831	0.00824	0.00681	0.00923	0.02392	0.00551	0.30456	0.01276	0.08716	0.01071	0.01137	0.00791	0.00474	0.00345	0.00118	0.00346	0.00350	0.27162	0.00553
43	0.00686	0.00389	0.00565	0.00565	0.00584	0.00404	0.00389	0.00599	0.00590	0.00800	0.00947	0.01555	0.02617	0.09598	0.19449	0.58879	0.00531	0.00418	0.00203	0.00235
44	0.03449	0.00722	0.00954	0.00726	0.01057	0.00616	0.00598	0.01893	0.01147	0.69828	0.01509	0.01337	0.00970	0.00488	0.00404	0.00121	0.00351	0.00394	0.00477	0.12957
45	0.00725	0.00577	0.00690	0.00673	0.00781	0.00616	0.01574	0.02486	0.22676	0.01309	0.08762	0.26162	0.07668	0.13839	0.03163	0.00209	0.03080	0.04202	0.00372	0.00437
46	0.00872	0.00747	0.00872	0.00623	0.00996	0.00560	0.00498	0.01058	0.00872	0.01370	0.00747	0.00872	0.00623	0.00311	0.00311	0.00062	0.00311	0.00249	0.00249	0.87796
47	0.04456	0.00765	0.00962	0.00753	0.01021	0.00745	0.00616	0.05172	0.00983	0.28562	0.01060	0.01119	0.00780	0.00577	0.03631	0.00135	0.14597	0.00345	0.03377	0.30344
48	0.00988	0.01019	0.02016	0.08234	0.22398	0.00994	0.46561	0.01325	0.03566	0.02954	0.04993	0.01230	0.00836	0.00400	0.00466	0.00137	0.00600	0.00467	0.00235	0.00582
49	0.01006	0.09640	0.23452	0.01443	0.19361	0.04203	0.08538	0.04262	0.03930	0.02133	0.02272	0.01012	0.00686	0.00504	0.01816	0.00144	0.14435	0.00362	0.00218	0.00585
50	0.00703	0.00607	0.05385	0.00697	0.00810	0.00553	0.02823	0.00935	0.09772	0.03750	0.02862	0.30673	0.05558	0.15949	0.05266	0.01916	0.03241	0.07757	0.00338	0.00405
51	0.01021	0.01034	0.02850	0.04075	0.49070	0.04988	0.12593	0.02703	0.06484	0.01365	0.01044	0.02722	0.04654	0.00453	0.00462	0.00132	0.03071	0.00432	0.00238	0.00611
52	0.00558	0.00431	0.00493	0.00475	0.00601	0.00377	0.00357	0.00706	0.01064	0.02413	0.38775	0.03612	0.46703	0.00967	0.00495	0.00137	0.00208	0.00825	0.00424	0.00378
53	0.00990	0.01078	0.06325	0.01599	0.13743	0.00991	0.44472	0.06798	0.07522	0.01479	0.05722	0.03701	0.02593	0.00458	0.00470	0.00138	0.00573	0.00501	0.00265	0.00582
54	0.00897	0.00838	0.01334	0.50013	0.23924	0.00968	0.01126	0.01304	0.12913	0.01256	0.00902	0.01166	0.00696	0.00430	0.00420	0.00136	0.00510	0.00389	0.00228	0.00550
55	0.00590	0.00418	0.00553	0.00573	0.00609	0.00443	0.00394	0.00666	0.00679	0.00935	0.01448	0.17585	0.01591	0.35820	0.33758	0.00465	0.00659	0.02221	0.00271	0.00321
56	0.00992	0.00942	0.01599	0.08675	0.70854	0.00958	0.01229	0.01239	0.00941	0.01338	0.02034	0.01164	0.00751	0.00502	0.03516	0.00148	0.00521	0.01750	0.00214	0.00631
57	0.00906	0.00850	0.05127	0.02468	0.07154	0.00687	0.00654	0.02280	0.06351	0.02332	0.00870	0.03519	0.00734	0.00393	0.00385	0.00087	0.03638	0.00317	0.00261	0.60986
58	0.16965	0.01198	0.01219	0.13206	0.14664	0.25955	0.06008	0.03864	0.00977	0.01321	0.00805	0.06055	0.00705	0.00514	0.01573	0.00137	0.03716	0.00375	0.00235	0.00508
59	0.12778	0.01103	0.01126	0.00898	0.01206	0.02901	0.00733	0.56461	0.14646	0.02373	0.01060	0.01052	0.00769	0.00499	0.00400	0.00129	0.00430	0.00372	0.00397	0.00668
60	0.01183	0.04006	0.10505	0.00876	0.01181	0.02508	0.00769	0.12390	0.41955	0.11767	0.01494	0.02894	0.02809	0.00551	0.00419	0.00135	0.00394	0.01337	0.00391	0.02436
61	0.00937	0.00682	0.00812	0.00743	0.02023	0.03270	0.03514	0.02743	0.04937	0.09786	0.39679	0.05615	0.21584	0.00910	0.00538	0.00160	0.00323	0.00754	0.00468	0.00522
62	0.00634	0.00478	0.00566	0.00532	0.00663	0.00443	0.00403	0.02480	0.05426	0.02888	0.46462	0.05209	0.28227	0.00902	0.00489	0.00136	0.00223	0.01709	0.00433	0.01699
63	0.01035	0.43602	0.22645	0.00979	0.05970	0.07310	0.02315	0.01287	0.02037	0.01161	0.04221	0.02520	0.00758	0.00421	0.00341	0.00109	0.00502	0.00312	0.01921	0.00553
64	0.02996	0.00948	0.01082	0.00899	0.03917	0.03827	0.00705	0.30409	0.10976	0.34210	0.03027	0.01335	0.02640	0.00528	0.00421	0.00129	0.00405	0.00419	0.00444	0.00682
65	0.00893	0.05916	0.61066	0.01346	0.06018	0.01025	0.15239	0.01328	0.00908	0.01320	0.00765	0.00928	0.00558	0.00388	0.00411	0.00132	0.00622	0.00342	0.00185	0.00610
66	0.00601	0.00450	0.00676	0.00676	0.00751	0.00525	0.00525	0.00751	0.00676	0.00976	0.01126	0.01651	0.01051	0.03153	0.83560	0.00676	0.01126	0.00450	0.00225	0.00375
67	0.01044	0.08506	0.04284	0.04917	0.22982	0.14872	0.03235	0.04594	0.03820	0.02567	0.04281	0.06526	0.06178	0.02840	0.01697	0.00145	0.06263	0.00455	0.00259	0.00535
68	0.00514	0.00369	0.00489	0.00585	0.00613	0.00344	0.00393	0.00590	0.00810	0.01077	0.02355	0.82113	0.04382	0.01310	0.00536	0.00170	0.00245	0.02371	0.00390	0.00342
69	0.01155	0.01108	0.03066	0.04870	0.35826	0.11680	0.03584	0.07550	0.14544	0.05205	0.04086	0.01187	0.00888	0.00462	0.00447	0.00129	0.02910	0.00397	0.00284	0.00621
70	0.00678	0.00563	0.02259	0.00597	0.00742	0.00538	0.00466	0.01025	0.16614	0.02824	0.21181	0.11288	0.30748	0.00956	0.02247	0.00155	0.01757	0.03043	0.01881	0.00439
71	0.00601	0.00449	0.00667	0.00667	0.00739	0.00521	0.00515	0.00745	0.00673	0.00970	0.01134	0.01694	0.01069	0.06298	0.80440	0.00665	0.01098	0.00457	0.00226	0.00371
72	0.00903	0.03442	0.66928	0.02623	0.03320	0.04024	0.03019	0.01325	0.00893	0.03318	0.00782	0.00958	0.00580	0.02818	0.00481	0.00141	0.03327	0.00327	0.00191	0.00599
73	0.00794	0.00747	0.01261	0.84216	0.02895	0.00934	0.01167	0.01074	0.00841	0.01074	0.00747	0.01121	0.00560	0.00420	0.00420	0.00140	0.00560	0.00374	0.00187	0.00467
74	0.01374	0.12767	0.01274	0.00973	0.01202	0.49311	0.00765	0.08101	0.08867	0.01222	0.00841	0.00955	0.01717	0.01899	0.03164	0.00138	0.04346	0.00317	0.00250	0.00520
75	0.00568	0.00437	0.00519	0.00520	0.00624	0.00401	0.00383	0.00749	0.04229	0.01374	0.36232	0.17376	0.29878	0.02693	0.00535	0.00149	0.00224	0.02310	0.00419	0.00381
76	0.02417	0.01063	0.02215	0.01634	0.03616	0.01018	0.67459	0.02920	0.00997	0.01370	0.02989	0.02710	0.02423	0.00429	0.00519	0.00143	0.03311	0.01984	0.00233	0.00551
77	0.00540	0.00423	0.00491	0.00501	0.00612	0.00374	0.00376	0.00676	0.01008	0.01300	0.27216	0.14221	0.43361	0.01042	0.00507	0.00146	0.00224	0.06201	0.00412	0.00368
78	0.01134	0.02055	0.06079	0.00834	0.01095	0.03362	0.02395	0.31322	0.13362	0.04652	0.16237	0.05623	0.06149	0.00685	0.01964	0.00142	0.00400	0.00526	0.01400	0.00583
79	0.01194	0.50612	0.12235	0.00926	0.02365	0.21887	0.03135	0.01375	0.00947	0.01058	0.00633	0.00740	0.00544	0.00383	0.00322	0.00102	0.00556	0.00257	0.00190	0.00539
80	0.00631	0.00437	0.00558	0.00539	0.00644	0.00396	0.00398	0.00797	0.01086	0.04540	0.54410	0.17814	0.10346	0.00925	0.00492	0.00137	0.00217	0.00816	0.01944	0.02873
81	0.01156	0.07165	0.01196	0.00893	0.04193	0.03855	0.04381	0.24009	0.08509	0.03209	0.00951	0.02481	0.00755	0.00472	0.01804	0.00111	0.00421	0.00345	0.00312	0.33781
82	0.01558	0.00983	0.01112	0.00873	0.01182	0.01043	0.00714	0.46526	0.11213	0.23991	0.05411	0.01297	0.01035	0.00535	0.00426	0.00129	0.00406	0.00421	0.00450	0.00693
83	0.00882	0.00726	0.00820	0.00722	0.00913	0.01892	0.00558	0.01422	0.33648	0.02935	0.10615	0.04106	0.09733	0.00722	0.00605	0.08053	0.06430	0.00512	0.00357	0.14348
84	0.04893	0.02240	0.01186	0.02811	0.21961	0.02431	0.09879	0.02795	0.05805	0.09692	0.12314	0.08829	0.10532	0.02180	0.00478	0.00140	0.00400	0.00571	0.00330	0.00536
85	0.04698	0.00451	0.00581	0.00596	0.00682	0.00465	0.00443	0.00832	0.00801	0.06479	0.03353	0.25920	0.03317	0.07429	0.26962	0.00334	0.00546	0.04720	0.11005	0.00386
86	0.08954	0.00821	0.00945	0.00699	0.01054	0.00718	0.02131	0.12837	0.01047	0.08004	0.00844	0.00924	0.00654	0.00364	0.00335	0.00085	0.00346	0.00284	0.00296	0.58659
87	0.00608	0.00491	0.00586	0.00562	0.00697	0.00457	0.02744	0.00848	0.09341	0.02231	0.19224	0.16117	0.41777	0.00986	0.00496	0.00145	0.00245	0.01637	0.00405	0.00404
88	0.00559	0.00391	0.00484	0.00530	0.00551	0.00380	0.00337	0.00608	0.00727	0.00969	0.03034	0.42016	0.04849	0.37019	0.05368	0.00295	0.00356	0.00894	0.00325	0.00308
89	0.00518	0.00392	0.00467	0.00519	0.00583	0.00353	0.00355	0.00600	0.00851	0.01090	0.05362	0.48119	0.29350	0.08603	0.00663	0.00181	0.00247	0.01027	0.00381	0.00340
90	0.00844	0.02525	0.13154	0.62181	0.02610	0.01958	0.07236	0.02448	0.00882	0.01155	0.00756	0.01074	0.00564	0.00413	0.00420	0.00138	0.00579	0.00370	0.00191	0.00502
91	0.00776	0.00490	0.00601	0.00581	0.00713	0.00454	0.00438	0.00976	0.06255	0.13227	0.21067	0.21090	0.22309	0.03717	0.00549	0.00156	0.00262	0.05483	0.00424	0.00433
92	0.00726	0.00452	0.00558	0.00571	0.00680	0.00410	0.00417	0.02555	0.00946	0.11716	0.06151	0.42544	0.23204	0.01081	0.00502	0.00154	0.00257	0.03659	0.03010	0.00407
93	0.00902	0.03931	0.39489	0.09838	0.01964	0.00997	0.28081	0.01287	0.00920	0.02617	0.00923	0.01115	0.03629	0.00418	0.00452	0.00137	0.02124	0.00401	0.00204	0.00574
94	0.01707	0.02066	0.04107	0.00824	0.03135	0.00722	0.00678	0.05572	0.08411	0.64302	0.01557	0.01385	0.01012	0.00513	0.00418	0.00130	0.00372	0.00417	0.01974	0.00698
95	0.05689	0.00847	0.01002	0.00842	0.03115	0.00869	0.00661	0.20015	0.17612	0.36335	0.01466	0.05037	0.01056	0.00580	0.01293	0.00139	0.00379	0.00447	0.01953	0.00666
96	0.00592	0.00432	0.00585	0.00626	0.00690	0.00411	0.03142	0.02017	0.03383	0.02148	0.05232	0.67571	0.05973	0.01180	0.00516	0.00162	0.00263	0.01067	0.03635	0.00374
97	0.00864	0.00739	0.00864	0.00622	0.00988	0.00556	0.00496	0.01049	0.00870	0.01364	0.00780	0.02642	0.00668	0.00332	0.00316	0.00065	0.00310	0.00269	0.00252	0.85955
98	0.00919	0.01644	0.50214	0.01174	0.01662	0.00915	0.14184	0.02709	0.00955	0.05997	0.06284	0.01216	0.02252	0.00461	0.00456	0.00134	0.03292	0.01461	0.00235	0.03837
99	0.87057	0.00818	0.00626	0.00558	0.00819	0.00948	0.00460	0.02287	0.00732	0.01896	0.00591	0.00687	0.00459	0.00392	0.00262	0.00130	0.00327	0.00230	0.00262	0.00459
100	0.00633	0.00452	0.00563	0.00531	0.00639	0.00430	0.00399	0.00881	0.05516	0.01660	0.67977	0.02944	0.06290	0.00817	0.00474	0.00130	0.00206	0.00716	0.08332	0.00409
101	0.01161	0.01039	0.04717	0.01151	0.12678	0.03837	0.03125	0.19568	0.35513	0.03900	0.01418	0.03097	0.03919	0.00550	0.00440	0.00136	0.01268	0.01471	0.00368	0.00644
102	0.00606	0.00404	0.00519	0.00568	0.00626	0.00374	0.00393	0.00697	0.00868	0.05361	0.11091	0.54136	0.09697	0.09223	0.00677	0.00185	0.00262	0.03560	0.00392	0.00361
103	0.01226	0.04626	0.08062	0.03734	0.07905	0.25526	0.04559	0.12529	0.07222	0.02521	0.02590	0.01033	0.00744	0.00490	0.00520	0.00128	0.11064	0.00355	0.04608	0.00556
104	0.00565	0.00426	0.00523	0.00505	0.00611	0.00383	0.00376	0.00733	0.01110	0.01512	0.57982	0.07345	0.24517	0.00935	0.00498	0.00137	0.00204	0.00815	0.00440	0.00383
105	0.00950	0.11849	0.08175	0.04972	0.01282	0.06377	0.09285	0.02416	0.01985	0.02703	0.12151	0.03782	0.01142	0.02310	0.00774	0.00151	0.28518	0.00439	0.00248	0.00492
106	0.00897	0.02467	0.39293	0.01236	0.12677	0.02990	0.04086	0.02260	0.02532	0.02879	0.02540	0.02664	0.05682	0.02232	0.02126	0.00145	0.04812	0.00395	0.00229	0.07857
107	0.00840	0.00770	0.01087	0.02331	0.01006	0.01020	0.01974	0.02497	0.00676	0.01011	0.00743	0.01230	0.00736	0.08439	0.15373	0.05320	0.53922	0.00405	0.00202	0.00419
108	0.01061	0.19455	0.16769	0.03564	0.04184	0.07535	0.03466	0.04679	0.24585	0.03242	0.01127	0.06618	0.00930	0.00509	0.00393	0.00127	0.00470	0.00411	0.00288	0.00588
109	0.00953	0.17139	0.18826	0.00889	0.04253	0.02334	0.03259	0.05757	0.00957	0.01350	0.03576	0.01052	0.03609	0.00417	0.00370	0.01286	0.00433	0.00319	0.00238	0.32984
110	0.00946	0.09936	0.47734	0.00998	0.01453	0.00928	0.02525	0.03786	0.02501	0.08367	0.04078	0.02939	0.03819	0.00633	0.04292	0.01703	0.00549	0.01987	0.00249	0.00577
111	0.00795	0.08843	0.01094	0.02333	0.06099	0.00900	0.03765	0.00935	0.02087	0.01112	0.01563	0.14796	0.14375	0.03265	0.02069	0.00168	0.29833	0.00586	0.04939	0.00441
112	0.02292	0.09928	0.64559	0.01169	0.01729	0.01031	0.07843	0.01329	0.00901	0.02917	0.02116	0.00932	0.00607	0.00402	0.00395	0.00130	0.00595	0.00326	0.00193	0.00605
113	0.00945	0.04781	0.44799	0.04372	0.13297	0.07182	0.03963	0.01327	0.03420	0.03330	0.02407	0.02488	0.04938	0.00461	0.00410	0.00130	0.00558	0.00382	0.00222	0.00589
114	0.00860	0.03948	0.00997	0.07972	0.21045	0.03753	0.00718	0.02247	0.02275	0.07064	0.11543	0.07778	0.22927	0.00820	0.04068	0.00157	0.00397	0.00610	0.00326	0.00493
115	0.00808	0.00761	0.01286	0.79573	0.07429	0.00938	0.01174	0.01086	0.00847	0.01091	0.00750	0.01116	0.00566	0.00418	0.00420	0.00139	0.00557	0.00374	0.00188	0.00478
116	0.00605	0.00457	0.00665	0.00663	0.00730	0.00528	0.00508	0.00738	0.00681	0.00973	0.01236	0.05160	0.02784	0.08842	0.70334	0.00611	0.03383	0.00499	0.00236	0.00367
117	0.00561	0.00428	0.00514	0.00493	0.00607	0.00382	0.00370	0.00727	0.01109	0.01493	0.54944	0.03458	0.31526	0.00931	0.00496	0.00136	0.00203	0.00805	0.00437	0.00382
118	0.00872	0.00747	0.00872	0.00623	0.00996	0.00560	0.00498	0.01058	0.00872	0.01370	0.00747	0.00872	0.00623	0.00311	0.00311	0.00062	0.00311	0.00249	0.00249	0.87796
119	0.01153	0.76818	0.02087	0.00747	0.01090	0.08712	0.00722	0.01287	0.00889	0.01004	0.01987	0.00724	0.00598	0.00375	0.00283	0.00092	0.00472	0.00238	0.00188	0.00533
120	0.01044	0.01003	0.01349	0.06937	0.41003	0.10372	0.01959	0.07565	0.04783	0.01376	0.02214	0.06877	0.00936	0.01871	0.05937	0.00171	0.01974	0.01800	0.00255	0.00576
121	0.00935	0.18155	0.45625	0.02900	0.01768	0.01131	0.19491	0.01333	0.02504	0.01271	0.00762	0.00920	0.00573	0.00385	0.00397	0.00127	0.00601	0.00341	0.00191	0.00591
122	0.00563	0.00379	0.00506	0.00591	0.00627	0.00352	0.00399	0.00640	0.00820	0.04119	0.02292	0.81842	0.02716	0.01287	0.00532	0.00169	0.00248	0.01166	0.00395	0.00355
123	0.00693	0.01853	0.00768	0.00922	0.14189	0.04754	0.00571	0.02175	0.00913	0.01171	0.03465	0.37492	0.21332	0.02685	0.00538	0.00156	0.01511	0.04050	0.00344	0.00417
124	0.01036	0.39388	0.29283	0.01066	0.04315	0.01279	0.10228	0.02443	0.00915	0.04103	0.00778	0.00893	0.01787	0.00391	0.00355	0.00114	0.00532	0.00309	0.00202	0.00581
125	0.00524	0.00377	0.00499	0.00593	0.00627	0.00352	0.00409	0.00607	0.00822	0.01089	0.02381	0.76099	0.05674	0.01296	0.00538	0.00171	0.00253	0.06951	0.00390	0.00345
126	0.01033	0.01029	0.03165	0.02495	0.75128	0.01003	0.07333	0.01295	0.00959	0.01371	0.00795	0.01045	0.00661	0.00373	0.00422	0.00126	0.00517	0.00383	0.00208	0.00658
127	0.01195	0.04541	0.06932	0.01175	0.05846	0.01033	0.19838	0.18724	0.17962	0.10332	0.02824	0.02468	0.02334	0.00548	0.02187	0.00145	0.00496	0.00449	0.00341	0.00629
128	0.00949	0.03244	0.38872	0.01432	0.01935	0.01043	0.37956	0.04028	0.03853	0.01391	0.00838	0.01025	0.00614	0.00388	0.00443	0.00136	0.00642	0.00402	0.00211	0.00599
129	0.00515	0.00368	0.00491	0.00583	0.00610	0.00344	0.00390	0.00593	0.00819	0.01096	0.05298	0.81906	0.02825	0.01300	0.00535	0.00169	0.00242	0.01179	0.00393	0.00344
130	0.04947	0.28719	0.36549	0.00987	0.01437	0.05686	0.04415	0.02903	0.04960	0.02915	0.00831	0.00923	0.02206	0.00412	0.00359	0.00119	0.00533	0.00308	0.00214	0.00579
131	0.02848	0.19397	0.26859	0.07014	0.03488	0.02627	0.01009	0.08556	0.12689	0.06474	0.02177	0.01141	0.00798	0.00462	0.00384	0.00126	0.00489	0.02593	0.00271	0.00598
132	0.00630	0.00437	0.00580	0.00644	0.00724	0.00417	0.00504	0.00765	0.00917	0.03859	0.07629	0.33345	0.10928	0.02999	0.02209	0.00188	0.00319	0.32140	0.00392	0.00376
133	0.47246	0.00890	0.04101	0.06102	0.12428	0.00917	0.10595	0.01214	0.02156	0.01601	0.00881	0.02715	0.03254	0.02254	0.00388	0.00140	0.00420	0.01950	0.00251	0.00497
134	0.46433	0.01041	0.07208	0.01097	0.17359	0.06155	0.02304	0.04001	0.02236	0.07569	0.00759	0.00863	0.00577	0.00406	0.00334	0.00128	0.00424	0.00294	0.00267	0.00545

[dist]
# distance from previous block
# <min> <max>
0	135

# created by:
# /st0/software/busco_prod/Augustus/scripts/msa2prfl.pl ./align_prep/145007.fa
