[name]
unknown

[dist]
# distance from previous block
# <min> <max>
4	593

[block]
# block no. 0 follows, 52 sequences, length 14
# corresponding to MSA columns:
# 649-662
name=unknown_A
#
# <colnr> <probs for GDERKNQSTAVLIFYWHMCP>
#	G	D	E	R	K	N	Q	S	T	A	V	L	I	F	Y	W	H	M	C	P
0	0.01201	0.01155	0.01684	0.10911	0.44991	0.06254	0.03661	0.04089	0.10465	0.01615	0.01094	0.01417	0.00906	0.00504	0.00483	0.00147	0.00569	0.03353	0.00287	0.05214
1	0.00887	0.09117	0.01333	0.37718	0.07329	0.00994	0.01012	0.01102	0.00950	0.01246	0.01370	0.25594	0.01418	0.00812	0.00593	0.00169	0.06856	0.00697	0.00286	0.00518
2	0.01373	0.01008	0.01124	0.00922	0.01221	0.01058	0.00735	0.37863	0.09490	0.05913	0.01714	0.13143	0.06461	0.00902	0.04752	0.00181	0.00478	0.00610	0.00449	0.10603
3	0.04717	0.00842	0.04504	0.00921	0.05159	0.00828	0.00686	0.14320	0.09610	0.06943	0.01155	0.01483	0.00960	0.04176	0.01132	0.34921	0.01672	0.00446	0.05022	0.00504
4	0.01106	0.01044	0.01770	0.14526	0.60488	0.01085	0.01377	0.01387	0.01050	0.01485	0.00943	0.01285	0.00794	0.00764	0.08647	0.00211	0.00659	0.00440	0.00238	0.00699
5	0.00631	0.00487	0.00586	0.00623	0.00730	0.00426	0.00435	0.00737	0.00979	0.01284	0.03087	0.50139	0.24516	0.03601	0.00631	0.00182	0.00284	0.01148	0.00429	0.09065
6	0.01062	0.09316	0.01981	0.01392	0.01714	0.01058	0.38040	0.01336	0.01020	0.05528	0.03565	0.01599	0.01045	0.06679	0.19477	0.00322	0.03481	0.00537	0.00275	0.00574
7	0.01203	0.36494	0.36850	0.01156	0.01706	0.01439	0.06375	0.01558	0.01040	0.06808	0.00866	0.00981	0.00666	0.00447	0.00406	0.00133	0.00618	0.00339	0.00236	0.00680
8	0.00689	0.00513	0.00555	0.00552	0.00627	0.00495	0.00357	0.00824	0.06044	0.01148	0.02736	0.06910	0.27905	0.46741	0.01624	0.00336	0.00381	0.00829	0.00366	0.00368
9	0.01012	0.00975	0.09180	0.01244	0.13995	0.00838	0.04603	0.04623	0.11702	0.05512	0.28394	0.02608	0.05365	0.00776	0.00535	0.00159	0.00424	0.07017	0.00424	0.00615
10	0.02174	0.00825	0.01125	0.00862	0.01237	0.00712	0.00712	0.02362	0.01387	0.80282	0.01912	0.01649	0.01200	0.00600	0.00487	0.00150	0.00412	0.00487	0.00600	0.00825
11	0.01060	0.01060	0.01484	0.01272	0.01272	0.01484	0.01060	0.01166	0.00742	0.01166	0.00636	0.01060	0.00636	0.00848	0.01590	0.00212	0.82082	0.00424	0.00212	0.00530
12	0.07906	0.16037	0.04506	0.01109	0.05529	0.15051	0.00884	0.14619	0.23460	0.03053	0.01246	0.01261	0.02219	0.00548	0.00434	0.00141	0.00537	0.00409	0.00361	0.00690
13	0.20137	0.00957	0.01184	0.00941	0.01277	0.00963	0.07546	0.15715	0.03668	0.27488	0.01444	0.09522	0.01128	0.00628	0.00460	0.00151	0.00445	0.00518	0.00446	0.05383

[dist]
# distance from previous block
# <min> <max>
0	1

[block]
# block no. 1 follows, 52 sequences, length 9
# corresponding to MSA columns:
# 664-672
name=unknown_B
#
# <colnr> <probs for GDERKNQSTAVLIFYWHMCP>
#	G	D	E	R	K	N	Q	S	T	A	V	L	I	F	Y	W	H	M	C	P
0	0.05301	0.01944	0.01439	0.04988	0.15046	0.57927	0.01020	0.01784	0.01274	0.01311	0.00782	0.00948	0.00648	0.00481	0.00438	0.00129	0.00776	0.00335	0.00250	0.03178
1	0.00747	0.00510	0.00661	0.00615	0.00744	0.00466	0.00464	0.00968	0.01359	0.05426	0.72466	0.03584	0.08176	0.00985	0.00568	0.00153	0.00238	0.00866	0.00532	0.00471
2	0.01559	0.01707	0.01299	0.01209	0.04596	0.41291	0.00893	0.08147	0.30884	0.01667	0.01252	0.01264	0.00970	0.00563	0.00464	0.00142	0.00649	0.00416	0.00360	0.00669
3	0.01095	0.00636	0.00656	0.00587	0.00756	0.00666	0.00458	0.16875	0.01274	0.02061	0.01496	0.01675	0.01157	0.00568	0.00369	0.00120	0.00289	0.00449	0.68287	0.00528
4	0.00595	0.00429	0.00564	0.00662	0.00702	0.00398	0.00446	0.00689	0.00962	0.01281	0.07150	0.74276	0.07106	0.01474	0.00614	0.00193	0.00276	0.01331	0.00455	0.00398
5	0.01796	0.30364	0.01694	0.00900	0.01291	0.01296	0.00795	0.16822	0.01417	0.36992	0.01324	0.01243	0.00920	0.00530	0.00424	0.00133	0.00474	0.00396	0.00437	0.00752
6	0.00612	0.00446	0.00579	0.00665	0.00722	0.00414	0.00467	0.00725	0.01004	0.01329	0.10340	0.60921	0.11469	0.01423	0.00613	0.00191	0.00285	0.06933	0.00458	0.00405
7	0.86392	0.00937	0.00712	0.00637	0.00937	0.01087	0.00525	0.01425	0.00825	0.02174	0.00675	0.00787	0.00525	0.00450	0.00300	0.00150	0.00375	0.00262	0.00300	0.00525
8	0.01085	0.01452	0.23614	0.07841	0.01747	0.01296	0.06073	0.01359	0.00896	0.05264	0.00805	0.01114	0.00665	0.00671	0.01067	0.00185	0.43612	0.00419	0.00232	0.00605

[dist]
# distance from previous block
# <min> <max>
0	1

[block]
# block no. 2 follows, 52 sequences, length 64
# corresponding to MSA columns:
# 674-737
name=unknown_C
#
# <colnr> <probs for GDERKNQSTAVLIFYWHMCP>
#	G	D	E	R	K	N	Q	S	T	A	V	L	I	F	Y	W	H	M	C	P
0	0.01615	0.01244	0.01326	0.01069	0.01416	0.01397	0.00866	0.51267	0.29713	0.02687	0.01452	0.01394	0.01058	0.00609	0.00488	0.00152	0.00480	0.00476	0.00488	0.00804
1	0.77512	0.01049	0.00776	0.00693	0.00990	0.07750	0.00563	0.01487	0.00883	0.03781	0.00708	0.00813	0.00548	0.00457	0.00315	0.00148	0.00417	0.00271	0.00302	0.00534
2	0.00956	0.00899	0.01522	0.65275	0.02995	0.01078	0.07684	0.04261	0.01027	0.01334	0.00978	0.05840	0.00804	0.00550	0.00529	0.00164	0.02816	0.00496	0.00241	0.00551
3	0.00686	0.00495	0.00648	0.00610	0.00724	0.00457	0.00457	0.00914	0.01372	0.01943	0.79691	0.03620	0.04572	0.00991	0.00572	0.00152	0.00229	0.00876	0.00533	0.00457
4	0.00614	0.00439	0.00589	0.00702	0.00740	0.00414	0.00491	0.00715	0.00951	0.01263	0.02658	0.73104	0.03154	0.01496	0.00625	0.00200	0.00302	0.10694	0.00449	0.00400
5	0.00984	0.00561	0.00743	0.00660	0.00827	0.00508	0.00508	0.01205	0.01375	0.17661	0.64086	0.03225	0.03896	0.00912	0.00555	0.00152	0.00265	0.00798	0.00547	0.00531
6	0.01205	0.01041	0.01096	0.00986	0.01260	0.01205	0.00767	0.02575	0.79071	0.02027	0.01972	0.01808	0.01479	0.00657	0.00493	0.00164	0.00384	0.00548	0.00493	0.00767
7	0.86392	0.00937	0.00712	0.00637	0.00937	0.01087	0.00525	0.01425	0.00825	0.02174	0.00675	0.00787	0.00525	0.00450	0.00300	0.00150	0.00375	0.00262	0.00300	0.00525
8	0.83390	0.00933	0.00727	0.00645	0.00948	0.01074	0.00531	0.01458	0.00845	0.04958	0.00719	0.00818	0.00549	0.00455	0.00307	0.00150	0.00376	0.00270	0.00311	0.00536
9	0.01273	0.46180	0.07314	0.01198	0.01626	0.01579	0.20540	0.01566	0.04127	0.05739	0.00883	0.01028	0.00717	0.00454	0.00456	0.00131	0.03915	0.00376	0.00250	0.00649
10	0.01296	0.83261	0.02539	0.00829	0.01244	0.01917	0.00829	0.01451	0.00985	0.01140	0.00674	0.00777	0.00622	0.00415	0.00311	0.00104	0.00518	0.00259	0.00207	0.00622
11	0.01117	0.01103	0.01684	0.35169	0.40848	0.06961	0.01372	0.01406	0.01068	0.01409	0.00919	0.01316	0.00756	0.00480	0.00483	0.00152	0.00623	0.02247	0.00235	0.00651
12	0.01338	0.01443	0.01780	0.02365	0.51928	0.22950	0.04414	0.01577	0.01171	0.01458	0.00946	0.04639	0.00833	0.00496	0.00478	0.00142	0.00654	0.00446	0.00252	0.00691
13	0.00679	0.00495	0.00638	0.00603	0.00720	0.00454	0.00452	0.00901	0.01356	0.01905	0.75202	0.03683	0.09084	0.01005	0.00572	0.00153	0.00230	0.00885	0.00528	0.00454
14	0.01774	0.02240	0.01409	0.01352	0.06206	0.76230	0.00969	0.01908	0.01357	0.01210	0.00759	0.00893	0.00633	0.00495	0.00440	0.00126	0.00856	0.00319	0.00249	0.00574
15	0.00590	0.00422	0.00562	0.00675	0.00703	0.00394	0.00450	0.00675	0.00928	0.01237	0.02671	0.82653	0.03205	0.01518	0.00619	0.00197	0.00281	0.01378	0.00450	0.00394
16	0.00830	0.00425	0.00623	0.00623	0.00623	0.00425	0.00410	0.00637	0.00637	0.00850	0.00899	0.01616	0.00919	0.08508	0.01942	0.78728	0.00425	0.00445	0.00217	0.00217
17	0.02061	0.00856	0.01170	0.00988	0.05647	0.00766	0.00759	0.02325	0.06034	0.71177	0.01859	0.01634	0.01192	0.00594	0.00487	0.00150	0.00420	0.00488	0.00573	0.00818
18	0.00627	0.00488	0.00554	0.00544	0.00669	0.00432	0.00396	0.00775	0.01156	0.01500	0.31492	0.06956	0.42399	0.08972	0.00755	0.00190	0.00262	0.00952	0.00465	0.00415
19	0.81625	0.05549	0.00815	0.00648	0.00954	0.01134	0.00542	0.01426	0.00834	0.02116	0.00675	0.00787	0.00530	0.00448	0.00301	0.00147	0.00383	0.00262	0.00295	0.00530
20	0.01296	0.06247	0.01875	0.11979	0.38308	0.13650	0.09129	0.05877	0.04153	0.01549	0.00927	0.01167	0.00749	0.00462	0.00474	0.00144	0.00642	0.00422	0.00260	0.00690
21	0.01125	0.09765	0.23037	0.01412	0.03111	0.04519	0.23607	0.01585	0.08578	0.01516	0.00968	0.01154	0.00751	0.00474	0.00541	0.00145	0.05916	0.00424	0.00258	0.11116
22	0.04056	0.03492	0.11026	0.01588	0.19405	0.31528	0.01132	0.11147	0.09024	0.01658	0.00968	0.01089	0.00761	0.00502	0.00454	0.00139	0.00674	0.00381	0.00295	0.00680
23	0.00926	0.00524	0.00573	0.03727	0.00755	0.00531	0.00427	0.04252	0.01053	0.01777	0.01536	0.04907	0.01255	0.00707	0.03428	0.00143	0.00304	0.00482	0.68529	0.04165
24	0.00637	0.00476	0.00519	0.00527	0.00606	0.00436	0.00346	0.00706	0.00924	0.01164	0.06072	0.10475	0.36131	0.37273	0.01411	0.00301	0.00347	0.00907	0.00384	0.00359
25	0.00789	0.00606	0.00929	0.00961	0.01097	0.00595	0.07241	0.01012	0.01099	0.01435	0.02481	0.12757	0.03900	0.01277	0.00655	0.00215	0.00458	0.61607	0.00430	0.00458
26	0.01774	0.01318	0.01410	0.01092	0.01468	0.01459	0.00899	0.71926	0.06859	0.02951	0.01302	0.01286	0.02752	0.00602	0.00487	0.00147	0.00517	0.00457	0.00484	0.00811
27	0.00590	0.00422	0.00562	0.00675	0.00703	0.00394	0.00450	0.00675	0.00928	0.01237	0.02671	0.82653	0.03205	0.01518	0.00619	0.00197	0.00281	0.01378	0.00450	0.00394
28	0.03185	0.11119	0.01457	0.01023	0.01380	0.07586	0.00845	0.42981	0.14659	0.02379	0.01188	0.01198	0.00890	0.00552	0.00448	0.00137	0.00513	0.00412	0.02184	0.05865
29	0.75360	0.03924	0.00836	0.00680	0.00991	0.01126	0.00565	0.05796	0.00934	0.05153	0.00749	0.00841	0.00571	0.00462	0.00318	0.00148	0.00390	0.00281	0.00318	0.00557
30	0.01060	0.01060	0.01484	0.01272	0.01272	0.01484	0.01060	0.01166	0.00742	0.01166	0.00636	0.01060	0.00636	0.00848	0.01590	0.00212	0.82082	0.00424	0.00212	0.00530
31	0.03359	0.01362	0.01183	0.01053	0.01293	0.22995	0.00818	0.06760	0.37952	0.02857	0.05811	0.02929	0.01312	0.00654	0.00571	0.00156	0.07376	0.00492	0.00401	0.00666
32	0.04329	0.01073	0.01164	0.12423	0.01556	0.04214	0.00854	0.13138	0.46512	0.02015	0.01606	0.01659	0.01223	0.00622	0.00480	0.00159	0.00456	0.02340	0.03471	0.00707
33	0.01234	0.00950	0.01189	0.07647	0.01444	0.00840	0.03502	0.13122	0.01236	0.08782	0.01005	0.01122	0.00772	0.00427	0.00408	0.00101	0.00431	0.00350	0.00338	0.55100
34	0.00612	0.00491	0.00546	0.00536	0.00680	0.00425	0.00401	0.00770	0.01192	0.01526	0.30568	0.06051	0.52190	0.01152	0.00573	0.00161	0.00240	0.00980	0.00479	0.00425
35	0.01073	0.25274	0.53225	0.01248	0.01851	0.01363	0.04519	0.01502	0.01009	0.01414	0.00812	0.00966	0.00622	0.00456	0.00453	0.00141	0.02843	0.00340	0.00207	0.00682
36	0.00976	0.00529	0.00537	0.00511	0.00647	0.00543	0.00390	0.06570	0.02926	0.01899	0.01561	0.01762	0.01218	0.00568	0.00353	0.00116	0.00251	0.00453	0.77706	0.00485
37	0.00686	0.00495	0.00648	0.00610	0.00724	0.00457	0.00457	0.00914	0.01372	0.01943	0.79691	0.03620	0.04572	0.00991	0.00572	0.00152	0.00229	0.00876	0.00533	0.00457
38	0.00988	0.00945	0.01701	0.51349	0.10453	0.01062	0.16633	0.01316	0.01021	0.01382	0.00950	0.01329	0.00726	0.00471	0.00489	0.00156	0.00638	0.00461	0.07354	0.00577
39	0.00705	0.00470	0.00529	0.00529	0.00529	0.00470	0.00294	0.00705	0.00705	0.00940	0.01527	0.03171	0.01762	0.82969	0.02467	0.00470	0.00470	0.00705	0.00294	0.00294
40	0.36968	0.05728	0.01076	0.00839	0.01160	0.11906	0.00683	0.04584	0.07683	0.23347	0.01149	0.01133	0.00819	0.00518	0.00393	0.00145	0.00467	0.00361	0.00393	0.00648
41	0.01058	0.01016	0.01566	0.01279	0.02830	0.04524	0.19960	0.05810	0.01008	0.01431	0.00987	0.01362	0.00851	0.01360	0.21278	0.00320	0.21743	0.00471	0.03734	0.07411
42	0.04502	0.01321	0.01233	0.01147	0.06222	0.17056	0.00842	0.20625	0.30156	0.02033	0.04123	0.04088	0.01240	0.02595	0.00526	0.00158	0.00523	0.00498	0.00415	0.00697
43	0.01088	0.31356	0.52622	0.01184	0.01792	0.01408	0.01447	0.01505	0.01009	0.01394	0.00800	0.00935	0.00617	0.00444	0.00407	0.00136	0.00645	0.00323	0.00206	0.00682
44	0.01254	0.49421	0.20372	0.01003	0.01454	0.08709	0.01053	0.04520	0.01068	0.01311	0.00780	0.00921	0.00661	0.00620	0.04886	0.00157	0.00640	0.00308	0.00224	0.00636
45	0.00674	0.00501	0.00672	0.00698	0.00746	0.00501	0.02531	0.00763	0.00897	0.01206	0.06582	0.40742	0.05365	0.24334	0.04651	0.00296	0.03629	0.04438	0.00388	0.00386
46	0.00686	0.00495	0.00648	0.00610	0.00724	0.00457	0.00457	0.00914	0.01372	0.01943	0.79691	0.03620	0.04572	0.00991	0.00572	0.00152	0.00229	0.00876	0.00533	0.00457
47	0.05596	0.00508	0.00602	0.00597	0.00711	0.00548	0.00459	0.01027	0.00922	0.01550	0.03382	0.01891	0.02897	0.01800	0.32372	0.00381	0.00660	0.00490	0.43162	0.00447
48	0.02043	0.01035	0.01255	0.00962	0.01342	0.01025	0.00795	0.32387	0.01739	0.49759	0.01616	0.01457	0.01051	0.00593	0.00486	0.00148	0.00460	0.00467	0.00554	0.00824
49	0.56305	0.00897	0.00860	0.00718	0.01044	0.00953	0.00592	0.01759	0.01026	0.30078	0.01117	0.01095	0.00766	0.00503	0.00367	0.00150	0.00388	0.00343	0.00407	0.00632
50	0.01647	0.30618	0.01842	0.01013	0.01410	0.01651	0.00888	0.50865	0.01816	0.02370	0.00989	0.01026	0.00752	0.00522	0.00423	0.00131	0.00528	0.00373	0.00386	0.00752
51	0.03201	0.17926	0.14514	0.12336	0.02181	0.01317	0.33317	0.04496	0.01095	0.01482	0.00900	0.01186	0.00707	0.02647	0.00531	0.00157	0.00687	0.00447	0.00239	0.00635
52	0.03237	0.02970	0.01060	0.00893	0.01173	0.10553	0.00703	0.03376	0.33783	0.19229	0.02260	0.02109	0.15133	0.00715	0.00491	0.00154	0.00430	0.00575	0.00469	0.00684
53	0.86392	0.00937	0.00712	0.00637	0.00937	0.01087	0.00525	0.01425	0.00825	0.02174	0.00675	0.00787	0.00525	0.00450	0.00300	0.00150	0.00375	0.00262	0.00300	0.00525
54	0.06202	0.00757	0.03867	0.00727	0.01017	0.00629	0.00609	0.01619	0.01249	0.40355	0.10249	0.02668	0.24816	0.00810	0.00507	0.00154	0.00351	0.00666	0.02112	0.00638
55	0.00588	0.00451	0.00541	0.00611	0.00692	0.00403	0.00427	0.00691	0.00999	0.01269	0.03514	0.51303	0.32127	0.01404	0.00602	0.00185	0.00272	0.03070	0.00450	0.00401
56	0.01123	0.01063	0.01802	0.13969	0.62976	0.01097	0.01406	0.01409	0.01073	0.01512	0.00985	0.01408	0.00847	0.00597	0.03548	0.00174	0.00608	0.03449	0.00245	0.00710
57	0.00766	0.00668	0.00934	0.22969	0.08084	0.00694	0.00764	0.01026	0.04196	0.01460	0.17562	0.05228	0.32010	0.00898	0.00539	0.00160	0.00386	0.00774	0.00386	0.00497
58	0.00842	0.00421	0.00631	0.00631	0.00631	0.00421	0.00421	0.00631	0.00631	0.00842	0.00842	0.01473	0.00842	0.01684	0.01894	0.85901	0.00421	0.00421	0.00210	0.00210
59	0.01326	0.78402	0.02469	0.00854	0.01259	0.06665	0.00836	0.01480	0.01008	0.01143	0.00678	0.00783	0.00622	0.00420	0.00319	0.00105	0.00540	0.00262	0.00210	0.00618
60	0.00590	0.00422	0.00562	0.00675	0.00703	0.00394	0.00450	0.00675	0.00928	0.01237	0.02671	0.82653	0.03205	0.01518	0.00619	0.00197	0.00281	0.01378	0.00450	0.00394
61	0.01285	0.02354	0.47759	0.01312	0.01836	0.29674	0.01428	0.01736	0.05520	0.01438	0.00888	0.01014	0.00666	0.00485	0.00454	0.00144	0.00754	0.00352	0.00237	0.00664
62	0.01741	0.01032	0.04167	0.01135	0.05733	0.04401	0.04016	0.03590	0.01233	0.46776	0.01576	0.01538	0.03794	0.00643	0.00701	0.00161	0.16098	0.00481	0.00454	0.00728
63	0.09508	0.00985	0.01393	0.01126	0.04512	0.03927	0.14473	0.06514	0.01303	0.40535	0.02732	0.01478	0.01052	0.00544	0.00472	0.00148	0.00493	0.00473	0.07616	0.00717

[dist]
# distance from previous block
# <min> <max>
0	1

[block]
# block no. 3 follows, 52 sequences, length 21
# corresponding to MSA columns:
# 739-759
name=unknown_D
#
# <colnr> <probs for GDERKNQSTAVLIFYWHMCP>
#	G	D	E	R	K	N	Q	S	T	A	V	L	I	F	Y	W	H	M	C	P
0	0.05858	0.05642	0.00879	0.00913	0.08390	0.07306	0.00601	0.00957	0.01023	0.01345	0.04234	0.41608	0.17179	0.01133	0.00543	0.00170	0.00370	0.00987	0.00392	0.00469
1	0.01177	0.00713	0.00812	0.00722	0.00913	0.04342	0.00556	0.06935	0.03182	0.18690	0.23506	0.09645	0.05776	0.02773	0.04488	0.00186	0.00387	0.00690	0.13944	0.00562
2	0.01018	0.00894	0.01340	0.50832	0.08094	0.01040	0.01138	0.11302	0.03269	0.01570	0.05980	0.01745	0.08565	0.00600	0.00498	0.00158	0.00556	0.00518	0.00301	0.00581
3	0.01304	0.01090	0.01152	0.01006	0.01298	0.01252	0.00791	0.14359	0.67126	0.02187	0.01847	0.01708	0.01377	0.00646	0.00492	0.00161	0.00407	0.00531	0.00492	0.00776
4	0.00631	0.00441	0.00559	0.00637	0.00659	0.00422	0.00413	0.00694	0.00866	0.01153	0.02319	0.55977	0.02752	0.26314	0.01183	0.00281	0.00344	0.03586	0.00402	0.00365
5	0.01234	0.01183	0.01080	0.00973	0.01194	0.16897	0.00748	0.07366	0.36234	0.01701	0.03578	0.01840	0.05555	0.05897	0.09140	0.00240	0.03585	0.00529	0.00396	0.00631
6	0.86392	0.00937	0.00712	0.00637	0.00937	0.01087	0.00525	0.01425	0.00825	0.02174	0.00675	0.00787	0.00525	0.00450	0.00300	0.00150	0.00375	0.00262	0.00300	0.00525
7	0.01060	0.01060	0.01484	0.01272	0.01272	0.01484	0.01060	0.01166	0.00742	0.01166	0.00636	0.01060	0.00636	0.00848	0.01590	0.00212	0.82082	0.00424	0.00212	0.00530
8	0.03002	0.00967	0.01598	0.02178	0.47621	0.00969	0.05403	0.01360	0.02697	0.01562	0.01449	0.02544	0.01408	0.00719	0.00540	0.00170	0.00540	0.24305	0.00311	0.00655
9	0.11643	0.11201	0.01589	0.01565	0.25891	0.03006	0.02857	0.14875	0.01291	0.14036	0.01110	0.03124	0.00871	0.00655	0.04080	0.00171	0.00550	0.00427	0.00348	0.00708
10	0.24585	0.01082	0.01111	0.00890	0.01230	0.03064	0.00729	0.31681	0.02888	0.21631	0.01242	0.01221	0.00865	0.00549	0.00427	0.00146	0.00450	0.00402	0.05092	0.00716
11	0.00633	0.00494	0.00577	0.00570	0.00705	0.00437	0.00432	0.00806	0.01214	0.01588	0.36977	0.06949	0.40477	0.01141	0.00579	0.00163	0.00250	0.05088	0.00486	0.00431
12	0.01047	0.00993	0.01652	0.44855	0.31624	0.01117	0.03192	0.01434	0.06595	0.01430	0.00962	0.01295	0.00753	0.00475	0.00485	0.00155	0.00605	0.00443	0.00245	0.00643
13	0.01198	0.00821	0.00920	0.00900	0.06593	0.00886	0.00645	0.13158	0.23756	0.04868	0.01596	0.01662	0.01213	0.00586	0.00421	0.00136	0.00349	0.00477	0.39183	0.00634
14	0.00657	0.00484	0.00626	0.00702	0.00790	0.00454	0.00539	0.00806	0.01066	0.01392	0.11308	0.36075	0.17105	0.01353	0.00621	0.00194	0.00320	0.24631	0.00458	0.00420
15	0.01297	0.78375	0.05318	0.00859	0.01281	0.03821	0.00866	0.01466	0.00996	0.01155	0.00683	0.00789	0.00622	0.00418	0.00319	0.00106	0.00534	0.00264	0.00208	0.00624
16	0.00717	0.00490	0.00561	0.00553	0.00553	0.00504	0.00319	0.00720	0.00706	0.00947	0.01497	0.03101	0.01724	0.80222	0.02437	0.00461	0.03200	0.00695	0.00291	0.00302
17	0.01114	0.01155	0.01359	0.01187	0.01225	0.12123	0.00962	0.01219	0.00827	0.01150	0.00754	0.01236	0.00749	0.06826	0.06243	0.00252	0.60445	0.00435	0.00226	0.00512
18	0.01005	0.00861	0.01005	0.00718	0.01148	0.00646	0.00574	0.01220	0.01005	0.01579	0.00861	0.01005	0.00718	0.00359	0.00359	0.00072	0.00359	0.00287	0.00287	0.85932
19	0.00887	0.00713	0.00862	0.00817	0.00937	0.05440	0.00627	0.09515	0.00972	0.01323	0.01275	0.01898	0.01193	0.11687	0.58845	0.00636	0.01099	0.00518	0.00288	0.00469
20	0.65683	0.00922	0.00795	0.00685	0.00992	0.01025	0.00563	0.06093	0.00999	0.11998	0.01110	0.01147	0.05306	0.00522	0.00351	0.00150	0.00381	0.00346	0.00358	0.00574

[dist]
# distance from previous block
# <min> <max>
2	4

[block]
# block no. 4 follows, 52 sequences, length 17
# corresponding to MSA columns:
# 765-781
name=unknown_E
#
# <colnr> <probs for GDERKNQSTAVLIFYWHMCP>
#	G	D	E	R	K	N	Q	S	T	A	V	L	I	F	Y	W	H	M	C	P
0	0.00610	0.00443	0.00565	0.00636	0.00689	0.00410	0.00432	0.00714	0.00996	0.01328	0.14172	0.57492	0.11256	0.06964	0.00733	0.00205	0.00283	0.01221	0.00452	0.00398
1	0.01393	0.00808	0.00979	0.00828	0.01089	0.00812	0.00655	0.06805	0.22559	0.27920	0.27831	0.02319	0.02377	0.00745	0.00517	0.00154	0.00351	0.00630	0.00541	0.00686
2	0.01747	0.01310	0.01401	0.01096	0.01467	0.01458	0.00898	0.67039	0.13724	0.02901	0.01284	0.01260	0.00922	0.00593	0.00486	0.00148	0.00511	0.00453	0.00486	0.00816
3	0.86392	0.00937	0.00712	0.00637	0.00937	0.01087	0.00525	0.01425	0.00825	0.02174	0.00675	0.00787	0.00525	0.00450	0.00300	0.00150	0.00375	0.00262	0.00300	0.00525
4	0.01782	0.01299	0.01390	0.01072	0.01443	0.01435	0.00884	0.73383	0.02198	0.02974	0.01190	0.01205	0.00851	0.00581	0.00475	0.00143	0.00514	0.00437	0.05943	0.00800
5	0.03331	0.01068	0.01010	0.00980	0.04473	0.17993	0.00712	0.08931	0.03372	0.09972	0.02912	0.22163	0.01610	0.02791	0.00605	0.00165	0.05085	0.02845	0.09420	0.00562
6	0.01296	0.83261	0.02539	0.00829	0.01244	0.01917	0.00829	0.01451	0.00985	0.01140	0.00674	0.00777	0.00622	0.00415	0.00311	0.00104	0.00518	0.00259	0.00207	0.00622
7	0.01323	0.01044	0.01129	0.01011	0.03316	0.01178	0.00775	0.16498	0.53639	0.04346	0.01757	0.01668	0.01310	0.00628	0.00477	0.00155	0.00403	0.00514	0.08075	0.00751
8	0.05152	0.01182	0.01144	0.00975	0.01261	0.12972	0.00765	0.20046	0.21160	0.17301	0.01592	0.09639	0.01283	0.02634	0.00533	0.00161	0.00489	0.00550	0.00458	0.00702
9	0.00616	0.00493	0.00551	0.00536	0.00681	0.00428	0.00402	0.00779	0.01207	0.01552	0.33581	0.04264	0.50926	0.01137	0.00572	0.00159	0.00239	0.00967	0.00482	0.00428
10	0.01122	0.01073	0.01828	0.24347	0.59176	0.01131	0.01449	0.01420	0.01067	0.01490	0.00898	0.01224	0.00735	0.00446	0.00481	0.00149	0.00595	0.00431	0.00233	0.00705
11	0.00600	0.00431	0.00565	0.00669	0.00704	0.00403	0.00452	0.00688	0.00934	0.01237	0.02725	0.73605	0.06569	0.04505	0.00686	0.00206	0.00292	0.03891	0.00444	0.00392
12	0.00842	0.00421	0.00631	0.00631	0.00631	0.00421	0.00421	0.00631	0.00631	0.00842	0.00842	0.01473	0.00842	0.01684	0.01894	0.85901	0.00421	0.00421	0.00210	0.00210
13	0.01296	0.83261	0.02539	0.00829	0.01244	0.01917	0.00829	0.01451	0.00985	0.01140	0.00674	0.00777	0.00622	0.00415	0.00311	0.00104	0.00518	0.00259	0.00207	0.00622
14	0.00863	0.00695	0.00768	0.00716	0.00905	0.00710	0.00554	0.08096	0.18965	0.01730	0.16162	0.06572	0.32614	0.01121	0.04027	0.00191	0.00355	0.03952	0.00469	0.00538
15	0.00943	0.00906	0.01581	0.72748	0.06089	0.01091	0.07287	0.01272	0.00987	0.01275	0.00872	0.01290	0.00657	0.00477	0.00491	0.00161	0.00657	0.00442	0.00219	0.00556
16	0.01157	0.03662	0.03240	0.32255	0.26657	0.13419	0.01246	0.01473	0.04265	0.01380	0.00933	0.01235	0.00749	0.00612	0.03946	0.00174	0.00666	0.00415	0.01894	0.00623

[dist]
# distance from previous block
# <min> <max>
0	1

[block]
# block no. 5 follows, 52 sequences, length 7
# corresponding to MSA columns:
# 783-789
name=unknown_F
#
# <colnr> <probs for GDERKNQSTAVLIFYWHMCP>
#	G	D	E	R	K	N	Q	S	T	A	V	L	I	F	Y	W	H	M	C	P
0	0.04651	0.10459	0.01741	0.09173	0.34913	0.22539	0.01179	0.07009	0.01223	0.01524	0.00846	0.01056	0.00697	0.00464	0.00444	0.00136	0.00645	0.00375	0.00256	0.00671
1	0.43567	0.01233	0.04230	0.04190	0.03662	0.11204	0.00787	0.13497	0.01160	0.02026	0.03977	0.01033	0.00772	0.00528	0.00468	0.00151	0.06263	0.00348	0.00317	0.00590
2	0.01106	0.00587	0.00633	0.00570	0.00736	0.00590	0.00443	0.09704	0.01209	0.08879	0.06204	0.01830	0.01390	0.00595	0.00382	0.00122	0.00276	0.00478	0.63739	0.00526
3	0.00600	0.00493	0.00531	0.00539	0.00688	0.00424	0.00410	0.00740	0.01127	0.01385	0.12865	0.07984	0.62912	0.01222	0.00581	0.00168	0.00259	0.06196	0.00459	0.00416
4	0.12052	0.00907	0.01242	0.05611	0.24286	0.00949	0.00899	0.10691	0.01171	0.11368	0.05667	0.01648	0.01173	0.10400	0.09646	0.00255	0.00577	0.00484	0.00345	0.00629
5	0.01110	0.00967	0.01175	0.04545	0.16035	0.03621	0.00867	0.08614	0.28630	0.01848	0.11139	0.02366	0.10174	0.00745	0.00518	0.00160	0.00431	0.05975	0.00422	0.00658
6	0.00702	0.00502	0.00717	0.00727	0.00806	0.00566	0.00551	0.00863	0.00809	0.01184	0.01457	0.09094	0.01421	0.07641	0.62473	0.00652	0.01068	0.00600	0.07745	0.00423

[dist]
# distance from previous block
# <min> <max>
0	1

[block]
# block no. 6 follows, 52 sequences, length 28
# corresponding to MSA columns:
# 791-818
name=unknown_G
#
# <colnr> <probs for GDERKNQSTAVLIFYWHMCP>
#	G	D	E	R	K	N	Q	S	T	A	V	L	I	F	Y	W	H	M	C	P
0	0.76744	0.00985	0.00797	0.00692	0.01002	0.01135	0.00570	0.10201	0.00991	0.02275	0.00731	0.00830	0.00559	0.00465	0.00321	0.00149	0.00393	0.00282	0.00321	0.00559
1	0.01060	0.01060	0.01484	0.01272	0.01272	0.01484	0.01060	0.01166	0.00742	0.01166	0.00636	0.01060	0.00636	0.00848	0.01590	0.00212	0.82082	0.00424	0.00212	0.00530
2	0.01116	0.06002	0.09231	0.08451	0.17742	0.14613	0.06038	0.01441	0.06032	0.01435	0.03456	0.02062	0.14187	0.00666	0.00498	0.00152	0.00575	0.05394	0.00305	0.00604
3	0.17458	0.02506	0.03297	0.14394	0.03603	0.00909	0.04359	0.08189	0.01157	0.14619	0.07005	0.15559	0.01476	0.00791	0.02445	0.00175	0.00474	0.00608	0.00385	0.00592
4	0.01370	0.01047	0.01218	0.03729	0.03210	0.06522	0.03184	0.08716	0.24957	0.14791	0.01619	0.01908	0.02304	0.00697	0.00623	0.00164	0.09689	0.08031	0.03259	0.02960
5	0.00674	0.00495	0.00632	0.00598	0.00717	0.00452	0.00448	0.00892	0.01345	0.01879	0.72079	0.03726	0.12224	0.01015	0.00572	0.00154	0.00230	0.00891	0.00525	0.00452
6	0.01813	0.02241	0.01379	0.01239	0.01498	0.75323	0.00935	0.07412	0.01438	0.01320	0.00779	0.00895	0.00639	0.00505	0.00440	0.00126	0.00849	0.00321	0.00267	0.00581
7	0.01815	0.01365	0.01424	0.01101	0.01477	0.04201	0.00906	0.73593	0.02213	0.02956	0.01161	0.01171	0.00829	0.00578	0.00479	0.00144	0.00536	0.00432	0.02814	0.00805
8	0.00621	0.00452	0.00585	0.00639	0.00706	0.00416	0.00446	0.00756	0.01088	0.01476	0.28273	0.50389	0.09717	0.01321	0.00599	0.00180	0.00261	0.01184	0.00477	0.00416
9	0.01171	0.01145	0.02021	0.09093	0.65735	0.01153	0.09570	0.01474	0.01097	0.01553	0.00915	0.01218	0.00755	0.00433	0.00490	0.00147	0.00607	0.00446	0.00238	0.00737
10	0.00704	0.00473	0.00546	0.00546	0.00553	0.00480	0.00316	0.00716	0.00710	0.00953	0.01510	0.03080	0.01722	0.77282	0.08100	0.00492	0.00529	0.00691	0.00291	0.00304
11	0.01842	0.01357	0.01454	0.01115	0.01503	0.01503	0.00921	0.78330	0.02278	0.03054	0.01163	0.01163	0.00824	0.00582	0.00485	0.00145	0.00533	0.00436	0.00485	0.00824
12	0.01005	0.00861	0.01005	0.00718	0.01148	0.00646	0.00574	0.01220	0.01005	0.01579	0.00861	0.01005	0.00718	0.00359	0.00359	0.00072	0.00359	0.00287	0.00287	0.85932
13	0.01296	0.83261	0.02539	0.00829	0.01244	0.01917	0.00829	0.01451	0.00985	0.01140	0.00674	0.00777	0.00622	0.00415	0.00311	0.00104	0.00518	0.00259	0.00207	0.00622
14	0.82524	0.00932	0.00731	0.00648	0.00951	0.01070	0.00533	0.01468	0.00851	0.05762	0.00732	0.00827	0.00556	0.00457	0.00309	0.00150	0.00377	0.00273	0.00314	0.00539
15	0.01053	0.01069	0.01982	0.01517	0.01831	0.03063	0.43511	0.06676	0.01131	0.01522	0.01375	0.20597	0.01336	0.00843	0.03314	0.01734	0.05827	0.00733	0.00308	0.00578
16	0.00842	0.00421	0.00631	0.00631	0.00631	0.00421	0.00421	0.00631	0.00631	0.00842	0.00842	0.01473	0.00842	0.01684	0.01894	0.85901	0.00421	0.00421	0.00210	0.00210
17	0.00582	0.00486	0.00508	0.00515	0.00664	0.00411	0.00381	0.00710	0.01109	0.01349	0.10158	0.11047	0.67946	0.01234	0.00576	0.00166	0.00247	0.01042	0.00456	0.00411
18	0.02174	0.00825	0.01125	0.00862	0.01237	0.00712	0.00712	0.02362	0.01387	0.80282	0.01912	0.01649	0.01200	0.00600	0.00487	0.00150	0.00412	0.00487	0.00600	0.00825
19	0.01819	0.01346	0.01441	0.01110	0.01494	0.01492	0.00916	0.75619	0.05027	0.03017	0.01192	0.01187	0.00848	0.00584	0.00485	0.00146	0.00528	0.00440	0.00485	0.00822
20	0.34272	0.00868	0.00967	0.00776	0.01123	0.00855	0.00641	0.02004	0.01173	0.50513	0.01440	0.01321	0.00942	0.00543	0.00416	0.00150	0.00398	0.00402	0.00485	0.00710
21	0.68484	0.06801	0.00840	0.00647	0.00938	0.01093	0.00540	0.03930	0.00904	0.02090	0.00786	0.00907	0.00617	0.00464	0.00311	0.00143	0.00375	0.00288	0.09307	0.00534
22	0.01091	0.13710	0.47447	0.01195	0.01735	0.01204	0.02719	0.03235	0.09208	0.04660	0.02998	0.04596	0.00941	0.00549	0.00484	0.00151	0.02682	0.00431	0.00276	0.00689
23	0.01122	0.40058	0.44225	0.01125	0.01700	0.01494	0.01343	0.01496	0.01005	0.01351	0.00779	0.00909	0.00618	0.00439	0.00391	0.00130	0.00624	0.00312	0.00206	0.00672
24	0.70676	0.00982	0.00829	0.00710	0.01026	0.01114	0.00585	0.10928	0.01039	0.07229	0.00813	0.00888	0.00604	0.00476	0.00334	0.00149	0.00397	0.00298	0.00342	0.00581
25	0.02798	0.00819	0.00936	0.00888	0.02614	0.00873	0.00695	0.19344	0.14926	0.03307	0.03989	0.12014	0.06989	0.00912	0.00529	0.00169	0.00394	0.17075	0.10131	0.00597
26	0.00667	0.00495	0.00621	0.00590	0.00712	0.00449	0.00442	0.00877	0.01326	0.01836	0.67004	0.03797	0.17326	0.01031	0.00572	0.00154	0.00231	0.00901	0.00519	0.00449
27	0.01062	0.01001	0.01648	0.04207	0.61460	0.00992	0.01253	0.01313	0.01089	0.01513	0.01608	0.07114	0.12409	0.00621	0.00503	0.00151	0.00510	0.00580	0.00284	0.00686

[dist]
# distance from previous block
# <min> <max>
0	19

[block]
# block no. 7 follows, 52 sequences, length 15
# corresponding to MSA columns:
# 838-852
name=unknown_H
#
# <colnr> <probs for GDERKNQSTAVLIFYWHMCP>
#	G	D	E	R	K	N	Q	S	T	A	V	L	I	F	Y	W	H	M	C	P
0	0.00597	0.00469	0.00541	0.00581	0.00690	0.00413	0.00419	0.00719	0.01068	0.01349	0.11271	0.32476	0.42676	0.01312	0.00592	0.00176	0.00263	0.03523	0.00458	0.00409
1	0.00842	0.00421	0.00631	0.00631	0.00631	0.00421	0.00421	0.00631	0.00631	0.00842	0.00842	0.01473	0.00842	0.01684	0.01894	0.85901	0.00421	0.00421	0.00210	0.00210
2	0.01296	0.83261	0.02539	0.00829	0.01244	0.01917	0.00829	0.01451	0.00985	0.01140	0.00674	0.00777	0.00622	0.00415	0.00311	0.00104	0.00518	0.00259	0.00207	0.00622
3	0.00605	0.00462	0.00555	0.00596	0.00690	0.00413	0.00423	0.00734	0.01086	0.01414	0.20003	0.38082	0.30586	0.01302	0.00592	0.00176	0.00257	0.01144	0.00468	0.00413
4	0.00939	0.00886	0.01497	0.75198	0.09758	0.01083	0.01358	0.01259	0.00980	0.01267	0.00866	0.01284	0.00656	0.00480	0.00484	0.00160	0.00640	0.00431	0.00217	0.00558
5	0.01252	0.00775	0.01068	0.01159	0.14350	0.00753	0.00780	0.01622	0.11437	0.23124	0.20619	0.02743	0.06447	0.00806	0.00536	0.00162	0.00388	0.10852	0.00480	0.00646
6	0.57302	0.01063	0.00946	0.00794	0.01117	0.01212	0.00652	0.23310	0.05927	0.02415	0.00891	0.00955	0.00667	0.00500	0.00364	0.00150	0.00420	0.00329	0.00364	0.00624
7	0.01171	0.01170	0.01702	0.35224	0.34040	0.09755	0.04063	0.04449	0.01125	0.01454	0.00886	0.01205	0.00703	0.00466	0.00481	0.00150	0.00644	0.00424	0.00241	0.00649
8	0.00936	0.00952	0.04358	0.01474	0.10045	0.00860	0.31218	0.01240	0.01175	0.01632	0.22271	0.07712	0.03981	0.00739	0.00562	0.00164	0.00535	0.06768	0.02808	0.00570
9	0.00595	0.00448	0.00545	0.00611	0.00684	0.00405	0.00421	0.00696	0.01000	0.01291	0.07921	0.51893	0.26211	0.04082	0.00663	0.00193	0.00274	0.01219	0.00450	0.00399
10	0.00947	0.00856	0.01464	0.19407	0.10900	0.00919	0.14274	0.01211	0.01052	0.02740	0.03831	0.06460	0.04169	0.00871	0.02234	0.00193	0.07104	0.20498	0.00319	0.00549
11	0.01006	0.11058	0.64084	0.01330	0.01976	0.01190	0.06270	0.01501	0.01041	0.01510	0.04078	0.01120	0.00784	0.00474	0.00456	0.00149	0.00681	0.00382	0.00221	0.00692
12	0.00699	0.00467	0.00530	0.00536	0.00537	0.00466	0.00301	0.00703	0.00716	0.00954	0.01584	0.07139	0.01834	0.78903	0.02374	0.00456	0.00460	0.00738	0.00301	0.00299
13	0.02866	0.05827	0.01313	0.02532	0.01330	0.02977	0.09073	0.25675	0.09257	0.03222	0.04335	0.04914	0.12187	0.00722	0.00497	0.00151	0.00467	0.04232	0.06142	0.02283
14	0.01165	0.19451	0.50063	0.01351	0.08076	0.03028	0.01464	0.01582	0.01056	0.07191	0.00905	0.01027	0.00671	0.00459	0.00432	0.00141	0.00644	0.00351	0.00238	0.00705

[dist]
# distance from previous block
# <min> <max>
2	4

[block]
# block no. 8 follows, 52 sequences, length 38
# corresponding to MSA columns:
# 858-895
name=unknown_I
#
# <colnr> <probs for GDERKNQSTAVLIFYWHMCP>
#	G	D	E	R	K	N	Q	S	T	A	V	L	I	F	Y	W	H	M	C	P
0	0.39765	0.01168	0.01039	0.01995	0.01219	0.09494	0.00711	0.18359	0.09035	0.11348	0.01064	0.01087	0.00775	0.00522	0.00398	0.00148	0.00470	0.00362	0.00388	0.00653
1	0.01518	0.00950	0.01127	0.00848	0.01245	0.00852	0.00689	0.15564	0.05771	0.25482	0.01294	0.01272	0.00925	0.00488	0.00428	0.00114	0.00408	0.00389	0.00428	0.40207
2	0.01043	0.00578	0.00744	0.00655	0.00842	0.00514	0.00508	0.01245	0.01335	0.21557	0.48714	0.03283	0.15191	0.00928	0.00551	0.00154	0.00277	0.00801	0.00537	0.00542
3	0.01162	0.01026	0.01041	0.00960	0.01200	0.05594	0.00741	0.03960	0.60406	0.01885	0.02025	0.10709	0.02754	0.00774	0.00511	0.00167	0.00404	0.03509	0.00472	0.00699
4	0.02829	0.00864	0.00915	0.00777	0.01020	0.00936	0.00618	0.24995	0.15854	0.06233	0.01527	0.01585	0.01144	0.00587	0.00419	0.00135	0.00361	0.00463	0.38095	0.00644
5	0.00648	0.00490	0.00598	0.00580	0.00703	0.00440	0.00432	0.00839	0.01270	0.01723	0.54050	0.08555	0.25723	0.01088	0.00575	0.00158	0.00236	0.00947	0.00505	0.00440
6	0.01071	0.01853	0.40219	0.01806	0.13270	0.01166	0.26716	0.01582	0.04683	0.01570	0.00963	0.01177	0.00716	0.00448	0.00501	0.00156	0.00714	0.00447	0.00236	0.00705
7	0.00703	0.00476	0.00558	0.00558	0.00568	0.00486	0.00331	0.00724	0.00713	0.00962	0.01500	0.03021	0.01697	0.73577	0.11769	0.00506	0.00568	0.00683	0.00290	0.00310
8	0.01060	0.01060	0.01484	0.01272	0.01272	0.01484	0.01060	0.01166	0.00742	0.01166	0.00636	0.01060	0.00636	0.00848	0.01590	0.00212	0.82082	0.00424	0.00212	0.00530
9	0.01005	0.00861	0.01005	0.00718	0.01148	0.00646	0.00574	0.01220	0.01005	0.01579	0.00861	0.01005	0.00718	0.00359	0.00359	0.00072	0.00359	0.00287	0.00287	0.85932
10	0.00951	0.00880	0.01174	0.04089	0.01144	0.02241	0.00837	0.01106	0.04476	0.01165	0.01046	0.06205	0.01086	0.17851	0.06271	0.00292	0.47899	0.00546	0.00259	0.00480
11	0.00980	0.08367	0.70174	0.01297	0.01956	0.01146	0.01644	0.01493	0.01040	0.01529	0.05319	0.01152	0.00839	0.00487	0.00456	0.00150	0.00674	0.00380	0.00223	0.00695
12	0.00695	0.00466	0.00531	0.00541	0.00543	0.00463	0.00307	0.00702	0.00724	0.00965	0.01624	0.09944	0.01885	0.76029	0.02309	0.00447	0.00454	0.00762	0.00307	0.00302
13	0.00590	0.00422	0.00562	0.00675	0.00703	0.00394	0.00450	0.00675	0.00928	0.01237	0.02671	0.82653	0.03205	0.01518	0.00619	0.00197	0.00281	0.01378	0.00450	0.00394
14	0.00609	0.00441	0.00581	0.00685	0.00732	0.00412	0.00479	0.00711	0.00960	0.01265	0.02813	0.69123	0.08402	0.01479	0.00621	0.00197	0.00296	0.09344	0.00449	0.00400
15	0.02174	0.00825	0.01125	0.00862	0.01237	0.00712	0.00712	0.02362	0.01387	0.80282	0.01912	0.01649	0.01200	0.00600	0.00487	0.00150	0.00412	0.00487	0.00600	0.00825
16	0.01754	0.01138	0.01280	0.01003	0.01353	0.01212	0.00820	0.49603	0.07021	0.19126	0.09275	0.01555	0.01323	0.00632	0.00495	0.00148	0.00467	0.00499	0.00514	0.00784
17	0.63083	0.00930	0.00799	0.00688	0.00986	0.01048	0.00564	0.10046	0.01044	0.07586	0.00900	0.00985	0.00672	0.00486	0.00337	0.00146	0.00381	0.00315	0.08432	0.00572
18	0.17454	0.01124	0.01315	0.26123	0.01967	0.01292	0.00979	0.39889	0.01598	0.02324	0.00978	0.01133	0.00712	0.00527	0.00450	0.00151	0.00539	0.00402	0.00366	0.00679
19	0.01442	0.01060	0.01190	0.00987	0.01271	0.09820	0.06022	0.13149	0.16839	0.19328	0.16541	0.03555	0.03917	0.00706	0.00512	0.00153	0.00462	0.01893	0.00476	0.00676
20	0.03296	0.81325	0.02496	0.00825	0.01237	0.01898	0.00822	0.01450	0.00981	0.01164	0.00674	0.00778	0.00620	0.00415	0.00311	0.00105	0.00515	0.00259	0.00209	0.00620
21	0.28655	0.01095	0.01254	0.37822	0.09811	0.11090	0.01043	0.01410	0.00986	0.01568	0.00792	0.01068	0.00616	0.00470	0.00418	0.00151	0.00580	0.00362	0.00249	0.00559
22	0.01306	0.01090	0.01198	0.01112	0.05746	0.01237	0.00828	0.16085	0.58862	0.02184	0.03759	0.01704	0.01401	0.00640	0.00493	0.00159	0.00417	0.00530	0.00478	0.00769
23	0.00734	0.00527	0.00667	0.00623	0.00752	0.00490	0.00469	0.03524	0.01368	0.03035	0.67677	0.06013	0.10270	0.01006	0.00569	0.00154	0.00244	0.00883	0.00524	0.00469
24	0.01429	0.14525	0.01568	0.01141	0.01351	0.29658	0.02443	0.09376	0.01186	0.01403	0.00826	0.02443	0.00727	0.00618	0.00766	0.00151	0.24879	0.00381	0.04549	0.00582
25	0.00656	0.00465	0.00527	0.00548	0.00587	0.00443	0.00338	0.00697	0.00830	0.01072	0.02446	0.18211	0.18342	0.50778	0.01728	0.00355	0.00388	0.00896	0.00355	0.00336
26	0.00765	0.00459	0.00670	0.00676	0.00708	0.00487	0.00476	0.00721	0.00705	0.00970	0.01160	0.06360	0.01180	0.09097	0.29188	0.44574	0.00720	0.00533	0.00248	0.00304
27	0.01296	0.83261	0.02539	0.00829	0.01244	0.01917	0.00829	0.01451	0.00985	0.01140	0.00674	0.00777	0.00622	0.00415	0.00311	0.00104	0.00518	0.00259	0.00207	0.00622
28	0.00608	0.00435	0.00583	0.00695	0.00731	0.00409	0.00481	0.00706	0.00946	0.01257	0.02661	0.75336	0.03166	0.01501	0.00623	0.00199	0.00297	0.08516	0.00450	0.00399
29	0.00984	0.05514	0.77557	0.01361	0.02066	0.01155	0.01755	0.01532	0.01022	0.01520	0.00862	0.01014	0.00614	0.00459	0.00455	0.00152	0.00709	0.00354	0.00205	0.00713
30	0.01510	0.01385	0.01512	0.09118	0.16640	0.15073	0.01071	0.30624	0.07921	0.02040	0.01038	0.01177	0.00800	0.00558	0.00568	0.00150	0.07332	0.00422	0.00350	0.00712
31	0.00837	0.00692	0.01088	0.04883	0.09805	0.00690	0.12345	0.00946	0.00829	0.01119	0.01344	0.02579	0.01442	0.57296	0.01863	0.00372	0.00543	0.00641	0.00277	0.00413
32	0.01319	0.01265	0.02085	0.01637	0.06049	0.05329	0.39876	0.16670	0.09617	0.03986	0.03045	0.04612	0.01028	0.00538	0.00534	0.00158	0.00660	0.00559	0.00343	0.00690
33	0.00715	0.00529	0.00689	0.06556	0.00955	0.00528	0.00554	0.05727	0.01054	0.01402	0.04113	0.56739	0.09125	0.01312	0.00591	0.00187	0.00328	0.05605	0.02853	0.00439
34	0.00699	0.00505	0.00613	0.00580	0.00719	0.00450	0.00437	0.00892	0.01286	0.04382	0.52788	0.03892	0.28863	0.01054	0.00569	0.00156	0.00240	0.00911	0.00509	0.00454
35	0.01777	0.01325	0.01418	0.01102	0.01478	0.01472	0.00905	0.70566	0.10149	0.02949	0.01246	0.01230	0.00891	0.00589	0.00486	0.00147	0.00518	0.00448	0.00486	0.00818
36	0.01437	0.01195	0.01759	0.10641	0.09323	0.01278	0.18625	0.32329	0.07274	0.05084	0.01148	0.01294	0.00847	0.00530	0.00529	0.00154	0.02695	0.00476	0.02657	0.00726
37	0.01110	0.01121	0.10298	0.00942	0.01239	0.01059	0.00809	0.08241	0.47240	0.01867	0.02074	0.02122	0.10380	0.08496	0.00685	0.00190	0.00427	0.00586	0.00435	0.00680

[dist]
# distance from previous block
# <min> <max>
3	19

[block]
# block no. 9 follows, 52 sequences, length 49
# corresponding to MSA columns:
# 915-963
name=unknown_J
#
# <colnr> <probs for GDERKNQSTAVLIFYWHMCP>
#	G	D	E	R	K	N	Q	S	T	A	V	L	I	F	Y	W	H	M	C	P
0	0.20084	0.01161	0.01291	0.01054	0.01345	0.06493	0.07064	0.15558	0.15668	0.05359	0.01094	0.01186	0.00839	0.00572	0.00608	0.00155	0.12857	0.00411	0.00360	0.06839
1	0.02437	0.00996	0.01113	0.00878	0.01212	0.03801	0.00703	0.24280	0.04020	0.25267	0.02421	0.03558	0.05752	0.05555	0.00588	0.00155	0.00442	0.00500	0.00460	0.15863
2	0.00764	0.00541	0.00618	0.00580	0.00746	0.00479	0.00441	0.03304	0.01238	0.07279	0.27530	0.06711	0.45797	0.01099	0.00565	0.00160	0.00263	0.00933	0.00488	0.00466
3	0.00996	0.00959	0.01547	0.64576	0.17664	0.03501	0.01360	0.01306	0.01006	0.01301	0.00867	0.01262	0.00668	0.00475	0.00482	0.00157	0.00640	0.00427	0.00221	0.00582
4	0.00991	0.00605	0.00692	0.00628	0.00758	0.00661	0.02207	0.06017	0.02687	0.01815	0.01448	0.01675	0.01145	0.00594	0.00490	0.00128	0.09004	0.00452	0.67507	0.00494
5	0.00615	0.00464	0.00574	0.00644	0.00729	0.00423	0.00469	0.00738	0.01031	0.01327	0.07827	0.44647	0.26213	0.01377	0.00609	0.00188	0.00289	0.10974	0.00454	0.00409
6	0.03381	0.00801	0.01070	0.05430	0.01210	0.00926	0.05292	0.01474	0.20572	0.03424	0.08499	0.03038	0.01461	0.03517	0.14447	0.01868	0.12744	0.00544	0.09744	0.00558
7	0.00705	0.00470	0.00529	0.00529	0.00529	0.00470	0.00294	0.00705	0.00705	0.00940	0.01527	0.03171	0.01762	0.82969	0.02467	0.00470	0.00470	0.00705	0.00294	0.00294
8	0.04532	0.04340	0.01436	0.01119	0.01467	0.20942	0.00904	0.52273	0.04282	0.02473	0.01054	0.01087	0.00778	0.00554	0.00461	0.00140	0.00606	0.00398	0.00412	0.00742
9	0.01193	0.21885	0.18302	0.01192	0.01673	0.01264	0.16161	0.07026	0.01127	0.03761	0.00885	0.01042	0.00695	0.00440	0.00457	0.00126	0.02864	0.00371	0.00263	0.19275
10	0.30174	0.21746	0.05713	0.01028	0.05914	0.20456	0.00839	0.04161	0.01077	0.01625	0.00739	0.00861	0.00607	0.00454	0.00363	0.00130	0.00565	0.00295	0.00262	0.02991
11	0.86392	0.00937	0.00712	0.00637	0.00937	0.01087	0.00525	0.01425	0.00825	0.02174	0.00675	0.00787	0.00525	0.00450	0.00300	0.00150	0.00375	0.00262	0.00300	0.00525
12	0.03276	0.15114	0.55133	0.01282	0.04480	0.01239	0.01486	0.01616	0.05771	0.04904	0.00947	0.01059	0.00696	0.00470	0.00436	0.00146	0.00638	0.00359	0.00243	0.00706
13	0.00955	0.00572	0.00608	0.02472	0.00760	0.00601	0.00443	0.03960	0.11156	0.01842	0.06224	0.01929	0.01460	0.03566	0.00458	0.00137	0.00276	0.00497	0.61583	0.00502
14	0.00601	0.00423	0.00559	0.00668	0.00698	0.00395	0.00446	0.00689	0.00931	0.01255	0.02636	0.80037	0.03142	0.01487	0.00609	0.00194	0.00279	0.01348	0.03206	0.00395
15	0.00684	0.00471	0.00579	0.00597	0.00617	0.00482	0.00375	0.00729	0.00754	0.01021	0.01673	0.15907	0.01899	0.55485	0.16231	0.00481	0.00587	0.00781	0.00313	0.00335
16	0.19540	0.00779	0.00906	0.00758	0.01037	0.00767	0.00609	0.01792	0.08207	0.35612	0.22621	0.02012	0.01991	0.00679	0.00471	0.00152	0.00352	0.00550	0.00509	0.00657
