[name]
unknown

[dist]
# distance from previous block
# <min> <max>
0	601

[block]
# block no. 0 follows, 62 sequences, length 29
# corresponding to MSA columns:
# 601-629
name=unknown_A
#
# <colnr> <probs for GDERKNQSTAVLIFYWHMCP>
#	G	D	E	R	K	N	Q	S	T	A	V	L	I	F	Y	W	H	M	C	P
0	0.04416	0.01586	0.04506	0.03263	0.05071	0.04641	0.00641	0.07622	0.03288	0.03291	0.02912	0.07583	0.06169	0.12165	0.13789	0.03009	0.01599	0.11434	0.00305	0.02711
1	0.04730	0.01104	0.11424	0.07205	0.33713	0.05195	0.03442	0.02740	0.09608	0.01382	0.00976	0.03047	0.00837	0.06663	0.00543	0.00150	0.00495	0.01634	0.00248	0.04864
2	0.01018	0.01013	0.02825	0.14678	0.16276	0.10357	0.04886	0.05372	0.17969	0.01427	0.07131	0.01505	0.04479	0.00593	0.01958	0.00148	0.05561	0.01948	0.00294	0.00561
3	0.00587	0.00428	0.00513	0.00497	0.00598	0.00389	0.00364	0.00744	0.01068	0.01469	0.48514	0.06381	0.23477	0.07103	0.00614	0.00156	0.00222	0.00785	0.05713	0.00378
4	0.00686	0.00473	0.00553	0.00535	0.00571	0.00491	0.00339	0.06540	0.00737	0.00994	0.01338	0.06241	0.01483	0.64734	0.12177	0.00415	0.00501	0.00608	0.00273	0.00311
5	0.00737	0.00486	0.00618	0.00553	0.00700	0.00431	0.00423	0.00925	0.01160	0.09323	0.61123	0.02933	0.10934	0.00816	0.00481	0.00129	0.00226	0.00711	0.00451	0.06839
6	0.01019	0.00874	0.00928	0.00846	0.01071	0.01006	0.00653	0.02138	0.75685	0.01729	0.01777	0.07700	0.01410	0.00633	0.00441	0.00146	0.00330	0.00535	0.00430	0.00649
7	0.00603	0.00433	0.00561	0.00530	0.00623	0.00402	0.00391	0.00789	0.01161	0.01642	0.76228	0.03149	0.03834	0.07055	0.00624	0.00154	0.00216	0.00758	0.00453	0.00391
8	0.88052	0.00823	0.00625	0.00560	0.00823	0.00955	0.00461	0.01251	0.00724	0.01909	0.00592	0.00691	0.00461	0.00395	0.00263	0.00132	0.00329	0.00230	0.00263	0.00461
9	0.01083	0.00926	0.00976	0.00871	0.01116	0.01070	0.00679	0.05684	0.78161	0.01819	0.01701	0.01563	0.01274	0.00574	0.00433	0.00144	0.00342	0.00477	0.00433	0.00676
10	0.01058	0.00914	0.00962	0.00866	0.01106	0.01058	0.00673	0.02261	0.81623	0.01780	0.01732	0.01588	0.01299	0.00577	0.00433	0.00144	0.00337	0.00481	0.00433	0.00673
11	0.00984	0.01060	0.06915	0.25228	0.37588	0.04198	0.09316	0.02528	0.03145	0.01308	0.00871	0.01128	0.02010	0.00417	0.00441	0.00134	0.01528	0.00394	0.00216	0.00590
12	0.00619	0.00413	0.00464	0.00464	0.00464	0.00413	0.00258	0.00619	0.00619	0.00825	0.01341	0.02785	0.01547	0.85046	0.02166	0.00413	0.00413	0.00619	0.00258	0.00258
13	0.01155	0.63198	0.07292	0.00791	0.01162	0.07347	0.00777	0.05186	0.00948	0.01139	0.00641	0.00735	0.00561	0.00375	0.00300	0.00095	0.00478	0.00246	0.00202	0.07372
14	0.04726	0.11951	0.14568	0.02780	0.19058	0.03692	0.00906	0.04367	0.02416	0.08937	0.01232	0.21152	0.01184	0.00637	0.00422	0.00135	0.00441	0.00546	0.00290	0.00559
15	0.00529	0.00375	0.00491	0.00579	0.00602	0.00352	0.00381	0.00595	0.00795	0.01060	0.02243	0.76419	0.02685	0.09858	0.00708	0.00197	0.00264	0.01149	0.00381	0.00337
16	0.00588	0.00432	0.00450	0.00442	0.00578	0.00375	0.00333	0.00719	0.00984	0.02986	0.10785	0.03559	0.60608	0.00955	0.00469	0.00135	0.00215	0.00797	0.14215	0.00377
17	0.01101	0.10284	0.13933	0.11659	0.18329	0.08488	0.09676	0.10843	0.04630	0.02270	0.00903	0.01097	0.01894	0.02538	0.00454	0.00135	0.00553	0.00376	0.00244	0.00593
18	0.01104	0.00877	0.06719	0.00923	0.04642	0.00839	0.03580	0.05325	0.30889	0.16143	0.04994	0.01686	0.03530	0.02545	0.12472	0.00223	0.00498	0.02027	0.00381	0.00602
19	0.00589	0.00431	0.00530	0.00533	0.00638	0.00389	0.00398	0.00739	0.01054	0.03014	0.38953	0.17785	0.26776	0.01023	0.00513	0.00147	0.00227	0.05444	0.00431	0.00385
20	0.00888	0.00731	0.00821	0.00787	0.02484	0.03064	0.02231	0.08294	0.31049	0.01533	0.04717	0.24629	0.05811	0.04522	0.00543	0.00160	0.00335	0.02838	0.04044	0.00518
21	0.01319	0.10256	0.04477	0.04230	0.08184	0.04392	0.05435	0.36563	0.11121	0.04182	0.01054	0.02825	0.00807	0.00490	0.00411	0.00127	0.00475	0.00396	0.02608	0.00647
22	0.01115	0.21440	0.08692	0.04828	0.06237	0.02162	0.12433	0.12417	0.03633	0.05273	0.03230	0.01096	0.02508	0.00429	0.00386	0.00114	0.00482	0.00364	0.00270	0.12889
23	0.01073	0.13175	0.25108	0.02566	0.08217	0.02456	0.02967	0.10818	0.03952	0.05243	0.02140	0.01003	0.00712	0.00414	0.00377	0.00113	0.00481	0.00330	0.02266	0.16589
24	0.00716	0.00501	0.00603	0.00559	0.00693	0.00474	0.00426	0.03873	0.05182	0.05754	0.47721	0.03125	0.20213	0.03539	0.00543	0.00146	0.00241	0.02948	0.02314	0.00430
25	0.00572	0.00405	0.00524	0.00588	0.00636	0.00385	0.00405	0.00655	0.00839	0.03384	0.04019	0.65379	0.11712	0.03718	0.02510	0.00187	0.02244	0.01089	0.00387	0.00360
26	0.01029	0.02946	0.21497	0.06144	0.17241	0.08046	0.10056	0.04626	0.07124	0.03695	0.00932	0.01162	0.00740	0.00704	0.08272	0.00186	0.03160	0.01612	0.00241	0.00587
27	0.01287	0.00843	0.07840	0.00912	0.06228	0.01707	0.04555	0.04479	0.04831	0.36074	0.14243	0.06172	0.07654	0.00637	0.00452	0.00136	0.00376	0.00547	0.00425	0.00603
28	0.00524	0.00373	0.00492	0.00586	0.00609	0.00349	0.00388	0.00594	0.00804	0.01073	0.02293	0.80476	0.02748	0.05716	0.00628	0.00185	0.00256	0.01179	0.00388	0.00341

[dist]
# distance from previous block
# <min> <max>
0	1

[block]
# block no. 1 follows, 62 sequences, length 19
# corresponding to MSA columns:
# 631-649
name=unknown_B
#
# <colnr> <probs for GDERKNQSTAVLIFYWHMCP>
#	G	D	E	R	K	N	Q	S	T	A	V	L	I	F	Y	W	H	M	C	P
0	0.01181	0.01176	0.07997	0.04442	0.20767	0.09364	0.10892	0.18736	0.01197	0.05552	0.01071	0.07617	0.02758	0.00531	0.00488	0.00136	0.04744	0.00458	0.00289	0.00602
1	0.02812	0.10243	0.10410	0.09004	0.16489	0.08590	0.03566	0.15028	0.01148	0.10334	0.00960	0.04475	0.00764	0.00477	0.00422	0.00127	0.02023	0.00388	0.02138	0.00604
2	0.00780	0.00679	0.01046	0.27528	0.17145	0.00747	0.00863	0.03627	0.00915	0.01224	0.04549	0.18933	0.06337	0.03740	0.02437	0.00171	0.03196	0.05329	0.00282	0.00469
3	0.72253	0.03255	0.00822	0.00712	0.02973	0.08522	0.03601	0.01298	0.00789	0.01771	0.00614	0.00725	0.00484	0.00396	0.00288	0.00129	0.00392	0.00248	0.00254	0.00476
4	0.00685	0.00428	0.00549	0.00547	0.00631	0.00464	0.00416	0.00852	0.00791	0.01262	0.04839	0.01753	0.01227	0.05642	0.41372	0.00403	0.00673	0.00452	0.36630	0.00382
5	0.03415	0.06402	0.03792	0.13466	0.23820	0.12523	0.04073	0.10836	0.12192	0.01479	0.00912	0.01069	0.00718	0.00482	0.01605	0.00137	0.01845	0.00369	0.00263	0.00599
6	0.00972	0.01205	0.21429	0.02583	0.21222	0.03599	0.01908	0.06964	0.02314	0.02936	0.03481	0.01298	0.00870	0.09201	0.03858	0.00186	0.10914	0.00404	0.04099	0.00557
7	0.00540	0.00396	0.00508	0.00566	0.00625	0.00364	0.00397	0.00649	0.00923	0.01232	0.19509	0.54436	0.13150	0.01197	0.00531	0.00162	0.00238	0.03805	0.00410	0.00361
8	0.00770	0.00691	0.00962	0.00861	0.03816	0.00698	0.11927	0.02420	0.19536	0.01423	0.12399	0.06326	0.29748	0.00806	0.00515	0.00146	0.03000	0.03093	0.00375	0.00488
9	0.00545	0.00400	0.00498	0.00557	0.00613	0.00370	0.00388	0.00635	0.00862	0.01126	0.07993	0.48316	0.18339	0.10471	0.00715	0.00193	0.00267	0.06982	0.00385	0.00346
10	0.01004	0.01148	0.02511	0.01793	0.02224	0.01076	0.80846	0.01363	0.01004	0.01363	0.00861	0.01148	0.00646	0.00359	0.00502	0.00143	0.00717	0.00502	0.00215	0.00574
11	0.00661	0.00549	0.00625	0.00590	0.00715	0.00573	0.00451	0.00938	0.12733	0.01274	0.11051	0.02982	0.40922	0.05715	0.06888	0.00201	0.08307	0.00706	0.03701	0.00417
12	0.88052	0.00823	0.00625	0.00560	0.00823	0.00955	0.00461	0.01251	0.00724	0.01909	0.00592	0.00691	0.00461	0.00395	0.00263	0.00132	0.00329	0.00230	0.00263	0.00461
13	0.02666	0.04532	0.02471	0.12674	0.18036	0.29382	0.00948	0.02950	0.09303	0.02389	0.00875	0.03649	0.00735	0.00490	0.00482	0.00130	0.07123	0.00371	0.00245	0.00550
14	0.35735	0.08955	0.01127	0.00815	0.01118	0.03928	0.03718	0.29581	0.08017	0.02036	0.00853	0.00903	0.00642	0.00448	0.00349	0.00127	0.00420	0.00317	0.00324	0.00585
15	0.02677	0.15491	0.05549	0.02483	0.09848	0.05811	0.08209	0.10172	0.05491	0.05159	0.05029	0.06428	0.01093	0.07687	0.04247	0.00177	0.02063	0.01557	0.00287	0.00542
16	0.00822	0.02037	0.02769	0.00764	0.04228	0.01766	0.02640	0.05805	0.05852	0.04130	0.10416	0.13699	0.08854	0.12329	0.06831	0.00210	0.02076	0.01912	0.00334	0.12525
17	0.03164	0.09607	0.15631	0.00878	0.06244	0.04315	0.00764	0.03679	0.04766	0.02293	0.16457	0.05021	0.08081	0.00587	0.00409	0.00119	0.00392	0.01532	0.00305	0.15756
18	0.01020	0.04792	0.03967	0.00946	0.09205	0.02970	0.02584	0.04473	0.03876	0.07312	0.04948	0.01212	0.00909	0.03272	0.00490	0.00112	0.05363	0.01653	0.00283	0.40611

[dist]
# distance from previous block
# <min> <max>
1	22

[block]
# block no. 2 follows, 62 sequences, length 16
# corresponding to MSA columns:
# 672-687
name=unknown_C
#
# <colnr> <probs for GDERKNQSTAVLIFYWHMCP>
#	G	D	E	R	K	N	Q	S	T	A	V	L	I	F	Y	W	H	M	C	P
0	0.00972	0.04183	0.12012	0.21664	0.06301	0.02375	0.02075	0.06946	0.03419	0.06833	0.03100	0.07527	0.03302	0.00609	0.01740	0.00146	0.08368	0.01527	0.02052	0.04848
1	0.05451	0.12275	0.02836	0.05541	0.13158	0.03700	0.04785	0.01952	0.00854	0.01237	0.02184	0.03556	0.01788	0.07698	0.10148	0.00213	0.07903	0.01486	0.09716	0.03519
2	0.24265	0.03146	0.08233	0.00854	0.03347	0.12691	0.03183	0.05218	0.03698	0.02749	0.00899	0.01087	0.02137	0.03194	0.08963	0.00187	0.02987	0.00335	0.03599	0.09228
3	0.26318	0.11931	0.07120	0.00810	0.06804	0.03030	0.00632	0.06963	0.03392	0.01454	0.03496	0.01477	0.02382	0.20608	0.00776	0.00194	0.00417	0.01453	0.00268	0.00474
4	0.00641	0.01559	0.00672	0.02322	0.03291	0.01592	0.01871	0.03200	0.01011	0.01297	0.17823	0.11776	0.41905	0.00969	0.00549	0.00147	0.04990	0.03600	0.00380	0.00404
5	0.01061	0.02959	0.12616	0.07722	0.19105	0.10774	0.07626	0.06029	0.13088	0.01424	0.04946	0.01191	0.00889	0.00534	0.02127	0.00146	0.06512	0.00401	0.00263	0.00589
6	0.00549	0.00429	0.00512	0.03417	0.00681	0.00392	0.00392	0.00668	0.00951	0.01221	0.18374	0.23383	0.37562	0.06466	0.00619	0.00168	0.00250	0.03212	0.00393	0.00362
7	0.00938	0.05051	0.36504	0.04017	0.12649	0.03831	0.01159	0.05725	0.06313	0.01394	0.04181	0.03405	0.06047	0.00527	0.00487	0.00136	0.06387	0.00417	0.00247	0.00585
8	0.00818	0.00609	0.00897	0.00782	0.00928	0.00637	0.10240	0.05163	0.06157	0.05070	0.03024	0.06594	0.04287	0.12120	0.27441	0.01930	0.01805	0.02248	0.08813	0.00439
9	0.00684	0.07584	0.03162	0.00636	0.00731	0.00637	0.00492	0.00820	0.03216	0.00976	0.01307	0.02047	0.05181	0.31358	0.35656	0.00460	0.03929	0.00509	0.00246	0.00370
10	0.03443	0.15728	0.08635	0.22414	0.10022	0.13636	0.04733	0.02873	0.03494	0.01224	0.00816	0.01008	0.02134	0.00428	0.00413	0.00122	0.02933	0.00338	0.00217	0.05386
11	0.00586	0.00415	0.00541	0.00571	0.00605	0.00429	0.00388	0.00658	0.00709	0.00964	0.01651	0.26009	0.03423	0.33775	0.25100	0.00412	0.00571	0.02576	0.00294	0.00323
12	0.01000	0.00877	0.01261	0.06353	0.40133	0.02477	0.00928	0.10522	0.06891	0.01441	0.01200	0.04422	0.04734	0.13410	0.00694	0.00174	0.00455	0.00475	0.01984	0.00570
13	0.01066	0.20294	0.14486	0.00839	0.02571	0.07379	0.00781	0.07896	0.01012	0.05050	0.00997	0.04592	0.03955	0.02113	0.00395	0.00109	0.00446	0.00353	0.00260	0.25405
14	0.01407	0.10874	0.08059	0.01071	0.05329	0.16376	0.00886	0.38997	0.06477	0.01898	0.00900	0.00960	0.00683	0.00479	0.00436	0.00124	0.03741	0.00345	0.00321	0.00638
15	0.00570	0.00449	0.00486	0.00485	0.00589	0.00404	0.00337	0.00690	0.03660	0.01105	0.04846	0.13574	0.44476	0.21951	0.00912	0.00211	0.00276	0.00824	0.00358	0.03796

[dist]
# distance from previous block
# <min> <max>
0	2

[block]
# block no. 3 follows, 62 sequences, length 21
# corresponding to MSA columns:
# 690-710
name=unknown_D
#
# <colnr> <probs for GDERKNQSTAVLIFYWHMCP>
#	G	D	E	R	K	N	Q	S	T	A	V	L	I	F	Y	W	H	M	C	P
0	0.05981	0.07223	0.44406	0.01257	0.09910	0.03399	0.05498	0.06920	0.02637	0.02863	0.00860	0.01082	0.00668	0.00439	0.00402	0.00131	0.00560	0.03419	0.00229	0.02118
1	0.01034	0.53307	0.07661	0.00848	0.03233	0.03886	0.03094	0.01224	0.02064	0.02292	0.00758	0.00938	0.00670	0.00917	0.16219	0.00212	0.00614	0.00298	0.00202	0.00527
2	0.00561	0.00442	0.00521	0.00545	0.00662	0.00402	0.00428	0.00699	0.00971	0.01225	0.12210	0.08630	0.46506	0.01221	0.05641	0.00189	0.00311	0.18069	0.00392	0.00372
3	0.01032	0.04863	0.13502	0.12941	0.15212	0.00929	0.15722	0.05102	0.03276	0.10018	0.03881	0.05501	0.05088	0.00512	0.00442	0.00136	0.00509	0.00475	0.00280	0.00581
4	0.01315	0.06870	0.04124	0.04036	0.10394	0.18073	0.03570	0.20736	0.03363	0.09160	0.01066	0.07004	0.02115	0.00544	0.00478	0.00130	0.05693	0.00424	0.00311	0.00592
5	0.01777	0.00807	0.01022	0.00791	0.01110	0.00762	0.00651	0.17443	0.03364	0.61464	0.03636	0.01416	0.01073	0.00533	0.00427	0.00131	0.00375	0.00429	0.02083	0.00708
6	0.01164	0.80382	0.02169	0.00750	0.01105	0.06508	0.00734	0.01299	0.00885	0.01003	0.00595	0.00688	0.00546	0.00368	0.00280	0.00092	0.00473	0.00230	0.00184	0.00543
7	0.00518	0.00370	0.00494	0.00592	0.00617	0.00346	0.00395	0.00592	0.00815	0.01086	0.02345	0.84768	0.02814	0.01333	0.00543	0.00173	0.00247	0.01210	0.00395	0.00346
8	0.00589	0.00454	0.00541	0.00515	0.00636	0.00415	0.00387	0.00802	0.04489	0.01529	0.53559	0.03409	0.29261	0.00925	0.00499	0.00137	0.00211	0.00799	0.00443	0.00399
9	0.00507	0.00430	0.00438	0.00440	0.00578	0.00361	0.00328	0.00618	0.00975	0.01170	0.07385	0.06230	0.76941	0.01076	0.00504	0.00144	0.00216	0.00901	0.00398	0.00361
10	0.16640	0.01099	0.01146	0.00892	0.01219	0.01213	0.00737	0.62260	0.01731	0.07489	0.00988	0.00991	0.00698	0.00492	0.00398	0.00129	0.00438	0.00359	0.00404	0.00678
11	0.00931	0.00931	0.01303	0.01117	0.01117	0.01303	0.00931	0.01024	0.00652	0.01024	0.00559	0.00931	0.00559	0.00745	0.01396	0.00186	0.84267	0.00372	0.00186	0.00465
12	0.06368	0.00729	0.00969	0.00747	0.01073	0.00642	0.00617	0.02031	0.01192	0.78505	0.01622	0.01409	0.01023	0.00520	0.00419	0.00132	0.00360	0.00418	0.00513	0.00711
13	0.88052	0.00823	0.00625	0.00560	0.00823	0.00955	0.00461	0.01251	0.00724	0.01909	0.00592	0.00691	0.00461	0.00395	0.00263	0.00132	0.00329	0.00230	0.00263	0.00461
14	0.07230	0.00730	0.00965	0.00745	0.01070	0.00646	0.00615	0.02023	0.01187	0.77697	0.01612	0.01402	0.01017	0.00519	0.00418	0.00132	0.00360	0.00416	0.00510	0.00708
15	0.88052	0.00823	0.00625	0.00560	0.00823	0.00955	0.00461	0.01251	0.00724	0.01909	0.00592	0.00691	0.00461	0.00395	0.00263	0.00132	0.00329	0.00230	0.00263	0.00461
16	0.01342	0.01035	0.01101	0.00902	0.01188	0.01163	0.00726	0.44112	0.35043	0.02250	0.01336	0.01286	0.00982	0.00538	0.00422	0.00133	0.00400	0.00425	0.04931	0.00686
17	0.00753	0.00402	0.00412	0.00410	0.00513	0.00394	0.00307	0.00944	0.00922	0.01557	0.07664	0.01927	0.08490	0.00575	0.00331	0.00106	0.00200	0.00469	0.73230	0.00394
18	0.00533	0.00392	0.00503	0.00586	0.00637	0.00362	0.00413	0.00624	0.00855	0.01115	0.02643	0.64147	0.15166	0.01277	0.00541	0.00171	0.00257	0.09029	0.00395	0.00352
19	0.00955	0.22920	0.59325	0.01087	0.01633	0.04603	0.01330	0.01344	0.00903	0.01248	0.00716	0.00839	0.00541	0.00396	0.00371	0.00123	0.00591	0.00291	0.00182	0.00603
20	0.01094	0.00583	0.00735	0.00631	0.00831	0.00538	0.00496	0.01365	0.08903	0.30223	0.35165	0.02543	0.13617	0.00750	0.00469	0.00135	0.00273	0.00639	0.00475	0.00536

[dist]
# distance from previous block
# <min> <max>
0	5

[block]
# block no. 4 follows, 62 sequences, length 46
# corresponding to MSA columns:
# 716-754,756-762
name=unknown_E
#
# <colnr> <probs for GDERKNQSTAVLIFYWHMCP>
#	G	D	E	R	K	N	Q	S	T	A	V	L	I	F	Y	W	H	M	C	P
0	0.00518	0.00370	0.00494	0.00592	0.00617	0.00346	0.00395	0.00592	0.00815	0.01086	0.02345	0.84768	0.02814	0.01333	0.00543	0.00173	0.00247	0.01210	0.00395	0.00346
1	0.05833	0.05592	0.36891	0.10363	0.06578	0.10270	0.03309	0.07830	0.05658	0.01430	0.00812	0.00954	0.00609	0.00429	0.00411	0.00131	0.01747	0.00333	0.00227	0.00592
2	0.01390	0.01045	0.06157	0.03605	0.06022	0.15725	0.01882	0.01571	0.02179	0.33773	0.01308	0.10969	0.01050	0.00613	0.00529	0.01148	0.07778	0.00476	0.02200	0.00583
3	0.21162	0.01162	0.07740	0.15779	0.11936	0.15003	0.04645	0.02382	0.03200	0.04044	0.00797	0.01010	0.00630	0.00448	0.00436	0.00133	0.05249	0.01371	0.02342	0.00530
4	0.01022	0.00976	0.01662	0.08513	0.74273	0.00989	0.01271	0.01276	0.00967	0.01377	0.03087	0.01119	0.00760	0.00396	0.00424	0.00128	0.00501	0.00390	0.00216	0.00652
5	0.01056	0.00870	0.00973	0.02983	0.02805	0.07410	0.00615	0.01267	0.04009	0.10378	0.00920	0.03402	0.00753	0.00426	0.00434	0.00094	0.06948	0.00325	0.00283	0.54048
6	0.15108	0.00456	0.00530	0.00592	0.00665	0.00455	0.00412	0.00744	0.00811	0.03540	0.02035	0.68427	0.02373	0.01154	0.00493	0.00165	0.00264	0.01025	0.00377	0.00376
7	0.00518	0.00415	0.00463	0.00487	0.00593	0.00360	0.00352	0.00627	0.00952	0.01193	0.12245	0.26362	0.51687	0.01126	0.00514	0.00151	0.00223	0.00970	0.00403	0.00360
8	0.00640	0.00443	0.00564	0.00534	0.00646	0.00402	0.00400	0.00819	0.01150	0.05072	0.63465	0.07928	0.14515	0.00910	0.00501	0.00137	0.00212	0.00798	0.00457	0.00406
9	0.00602	0.00435	0.00569	0.00535	0.00636	0.00401	0.00401	0.00803	0.01204	0.01706	0.82167	0.03178	0.04015	0.00870	0.00502	0.00134	0.00201	0.00770	0.00468	0.00401
10	0.00744	0.00554	0.00621	0.00571	0.00735	0.00534	0.00438	0.04080	0.13745	0.06196	0.27312	0.03152	0.37928	0.00882	0.00484	0.00139	0.00248	0.00747	0.00432	0.00456
11	0.01589	0.02028	0.01206	0.01096	0.01315	0.83338	0.00822	0.01699	0.01206	0.01041	0.00658	0.00767	0.00548	0.00438	0.00384	0.00110	0.00767	0.00274	0.00219	0.00493
12	0.00983	0.28552	0.49088	0.01070	0.01583	0.04399	0.04471	0.01357	0.02582	0.01235	0.00729	0.00849	0.00562	0.00395	0.00366	0.00120	0.00576	0.00296	0.00189	0.00596
13	0.01050	0.29080	0.08409	0.05267	0.06354	0.07385	0.05429	0.07327	0.09631	0.01306	0.01073	0.13855	0.01004	0.00560	0.00393	0.00125	0.00474	0.00462	0.00267	0.00551
14	0.00518	0.00370	0.00494	0.00592	0.00617	0.00346	0.00395	0.00592	0.00815	0.01086	0.02345	0.84768	0.02814	0.01333	0.00543	0.00173	0.00247	0.01210	0.00395	0.00346
15	0.00686	0.00490	0.00686	0.00784	0.00882	0.00490	0.00686	0.00882	0.00980	0.01273	0.02253	0.04800	0.02449	0.01175	0.00588	0.00196	0.00392	0.79528	0.00392	0.00392
16	0.02721	0.56436	0.01873	0.00848	0.01146	0.22447	0.00762	0.01364	0.00933	0.01029	0.00606	0.00723	0.00546	0.00412	0.00384	0.00103	0.06698	0.00250	0.00193	0.00525
17	0.01575	0.01973	0.01243	0.01110	0.01340	0.78041	0.02929	0.04716	0.01231	0.01112	0.00677	0.00787	0.00557	0.00439	0.00388	0.00111	0.00755	0.00284	0.00227	0.00504
18	0.00931	0.00931	0.01303	0.01117	0.01117	0.01303	0.00931	0.01024	0.00652	0.01024	0.00559	0.00931	0.00559	0.00745	0.01396	0.00186	0.84267	0.00372	0.00186	0.00465
19	0.01004	0.01148	0.02511	0.01793	0.02224	0.01076	0.80846	0.01363	0.01004	0.01363	0.00861	0.01148	0.00646	0.00359	0.00502	0.00143	0.00717	0.00502	0.00215	0.00574
20	0.00763	0.03901	0.03078	0.00807	0.02196	0.00675	0.09261	0.05343	0.13241	0.01370	0.07806	0.27806	0.16311	0.02770	0.00527	0.00156	0.00344	0.02810	0.00368	0.00466
21	0.00853	0.02201	0.82841	0.01213	0.01842	0.00988	0.01572	0.01348	0.00898	0.01348	0.00764	0.00898	0.00539	0.00404	0.00404	0.00135	0.00629	0.00314	0.00180	0.00629
22	0.00523	0.00375	0.00497	0.00586	0.00617	0.00349	0.00394	0.00606	0.00842	0.01125	0.07242	0.78128	0.04538	0.01300	0.00540	0.00170	0.00243	0.01176	0.00399	0.00349
23	0.01909	0.00724	0.00987	0.00757	0.01086	0.00625	0.00625	0.02074	0.01218	0.82687	0.01679	0.01448	0.01053	0.00527	0.00428	0.00132	0.00362	0.00428	0.00527	0.00724
24	0.00949	0.06267	0.43509	0.03713	0.10515	0.01028	0.12689	0.06801	0.02849	0.01415	0.00903	0.05800	0.00731	0.00458	0.00424	0.00135	0.00577	0.00405	0.00224	0.00608
25	0.00993	0.01123	0.04640	0.06233	0.15434	0.01069	0.56513	0.01319	0.00967	0.01333	0.00825	0.01112	0.00638	0.00389	0.00533	0.00143	0.05484	0.00462	0.00210	0.00580
26	0.00533	0.00379	0.00503	0.00597	0.00624	0.00357	0.00405	0.00610	0.00814	0.01083	0.02288	0.75888	0.02727	0.05689	0.00630	0.00187	0.00264	0.05689	0.00388	0.00344
27	0.03689	0.03323	0.03541	0.01099	0.05930	0.00987	0.13522	0.19923	0.01132	0.10301	0.01006	0.01226	0.00795	0.02735	0.14791	0.00237	0.11065	0.00413	0.03719	0.00568
28	0.01071	0.06571	0.13912	0.03740	0.27706	0.07794	0.02538	0.09480	0.02679	0.04485	0.05468	0.05517	0.05097	0.00531	0.00425	0.00130	0.00491	0.01493	0.00277	0.00593
29	0.05432	0.42147	0.29609	0.00895	0.01322	0.03617	0.00989	0.04411	0.00922	0.01247	0.00751	0.03998	0.00643	0.00427	0.00337	0.00113	0.00505	0.00305	0.01765	0.00565
30	0.51693	0.01098	0.08455	0.02275	0.13445	0.08185	0.02603	0.02288	0.02135	0.01667	0.00677	0.00812	0.00533	0.00409	0.00347	0.00131	0.02200	0.00282	0.00245	0.00521
31	0.00749	0.00663	0.00903	0.01860	0.00903	0.02964	0.00665	0.00871	0.00693	0.01004	0.02327	0.01486	0.00952	0.07817	0.44631	0.00461	0.29989	0.00438	0.00219	0.00406
32	0.00598	0.00412	0.00535	0.00594	0.00647	0.00387	0.00409	0.02792	0.00903	0.03493	0.11448	0.67125	0.05079	0.02724	0.00560	0.00169	0.00253	0.01096	0.00405	0.00371
33	0.00649	0.00556	0.03136	0.00769	0.02387	0.00569	0.05152	0.00807	0.00757	0.01076	0.07806	0.06784	0.01401	0.10837	0.52883	0.00512	0.02733	0.00538	0.00257	0.00393
34	0.00706	0.00525	0.00731	0.02269	0.00811	0.00604	0.01815	0.03720	0.02621	0.01131	0.01155	0.01690	0.01065	0.10928	0.52648	0.00507	0.05618	0.00458	0.10599	0.00398
35	0.02967	0.00575	0.00586	0.00542	0.00693	0.00617	0.00418	0.07557	0.17413	0.01720	0.01410	0.01521	0.01089	0.00511	0.00334	0.00111	0.00251	0.00409	0.60795	0.00480
36	0.01134	0.01039	0.01058	0.02651	0.07285	0.10189	0.00741	0.09296	0.51549	0.01704	0.02660	0.03066	0.02331	0.00557	0.00427	0.00136	0.00408	0.00458	0.00381	0.02930
37	0.00772	0.00494	0.00555	0.02125	0.00690	0.00457	0.00386	0.00990	0.03201	0.01521	0.12084	0.06106	0.03406	0.00568	0.00352	0.00104	0.00236	0.00474	0.47678	0.17800
38	0.06756	0.17341	0.11920	0.03280	0.13769	0.09352	0.07850	0.13828	0.05210	0.05541	0.00858	0.00963	0.00659	0.00424	0.00386	0.00123	0.00525	0.00341	0.00266	0.00609
39	0.05887	0.07325	0.09436	0.01114	0.07637	0.13454	0.06516	0.06055	0.31506	0.01536	0.01155	0.03375	0.00913	0.00502	0.00422	0.00133	0.01713	0.00407	0.00310	0.00605
40	0.00524	0.00373	0.00495	0.00587	0.00612	0.00349	0.00390	0.00598	0.00817	0.01092	0.04240	0.79912	0.02799	0.04266	0.00599	0.00180	0.00252	0.01178	0.00392	0.00344
41	0.01034	0.04052	0.08765	0.00896	0.07765	0.04111	0.00692	0.02938	0.07307	0.16920	0.07214	0.22339	0.02560	0.00757	0.01702	0.00144	0.00380	0.00617	0.04488	0.05320
42	0.02293	0.14128	0.16013	0.04919	0.03771	0.16756	0.09720	0.04881	0.05070	0.04450	0.04060	0.01133	0.01923	0.01995	0.03104	0.00149	0.04460	0.00372	0.00248	0.00552
43	0.00998	0.03967	0.00953	0.00815	0.02593	0.00823	0.04370	0.01660	0.39396	0.09537	0.12327	0.08748	0.03426	0.02899	0.00487	0.00146	0.00331	0.00572	0.05378	0.00572
44	0.00529	0.00395	0.00486	0.00545	0.00611	0.00358	0.00381	0.00627	0.00893	0.01165	0.09195	0.53022	0.24560	0.01209	0.00526	0.00161	0.00237	0.02942	0.01799	0.00356
45	0.03006	0.04986	0.15322	0.11349	0.13045	0.04413	0.19192	0.03414	0.02590	0.11049	0.01037	0.04650	0.02004	0.00463	0.00431	0.00134	0.00546	0.00432	0.01351	0.00587

[dist]
# distance from previous block
# <min> <max>
0	4

[block]
# block no. 5 follows, 62 sequences, length 10
# corresponding to MSA columns:
# 768-777
name=unknown_F
#
# <colnr> <probs for GDERKNQSTAVLIFYWHMCP>
#	G	D	E	R	K	N	Q	S	T	A	V	L	I	F	Y	W	H	M	C	P
0	0.01154	0.51016	0.05547	0.00998	0.08851	0.16127	0.00824	0.01308	0.00928	0.01067	0.00737	0.05872	0.00697	0.00450	0.00361	0.00107	0.02895	0.00318	0.00204	0.00538
1	0.00662	0.00466	0.00552	0.00561	0.00619	0.00467	0.00375	0.02053	0.07480	0.02812	0.06773	0.25329	0.07185	0.37425	0.03976	0.00286	0.00359	0.01924	0.00341	0.00355
2	0.07053	0.08496	0.04372	0.01008	0.05786	0.08357	0.02254	0.30513	0.10499	0.08715	0.01092	0.05546	0.00865	0.00530	0.00435	0.00130	0.02961	0.00408	0.00351	0.00628
3	0.02675	0.03102	0.06004	0.08416	0.25308	0.02171	0.10457	0.06759	0.06517	0.03851	0.01137	0.11618	0.02089	0.02165	0.00541	0.02859	0.02991	0.00505	0.00273	0.00563
4	0.00567	0.00445	0.00658	0.05541	0.00843	0.00428	0.05333	0.00670	0.00830	0.01098	0.02238	0.67366	0.06988	0.04121	0.00588	0.00176	0.00298	0.01080	0.00367	0.00365
5	0.01026	0.07195	0.07338	0.11567	0.40885	0.08210	0.01095	0.03742	0.02664	0.01350	0.06342	0.02815	0.03013	0.00468	0.00417	0.00127	0.00504	0.00412	0.00241	0.00591
6	0.00975	0.03491	0.01170	0.01039	0.12308	0.00777	0.06745	0.05344	0.08969	0.03071	0.01007	0.05688	0.00866	0.00440	0.00379	0.00100	0.00385	0.01754	0.00284	0.45208
7	0.00638	0.00462	0.00618	0.00623	0.00685	0.00509	0.00455	0.00799	0.04850	0.01017	0.01356	0.06803	0.01380	0.26077	0.45173	0.00511	0.00781	0.04422	0.02480	0.00359
8	0.00890	0.02619	0.19203	0.01990	0.03718	0.00719	0.01772	0.04698	0.03323	0.03593	0.11066	0.01432	0.03661	0.04810	0.00476	0.00121	0.00396	0.00397	0.01967	0.33148
9	0.05902	0.04064	0.02401	0.05407	0.24293	0.07488	0.03211	0.05259	0.05369	0.01416	0.01196	0.04945	0.07664	0.00494	0.00396	0.00117	0.00436	0.00421	0.01739	0.17782

[dist]
# distance from previous block
# <min> <max>
1	3

[block]
# block no. 6 follows, 62 sequences, length 15
# corresponding to MSA columns:
# 781-795
name=unknown_G
#
# <colnr> <probs for GDERKNQSTAVLIFYWHMCP>
#	G	D	E	R	K	N	Q	S	T	A	V	L	I	F	Y	W	H	M	C	P
0	0.02712	0.24694	0.03403	0.03971	0.14250	0.32339	0.02332	0.03848	0.04548	0.03096	0.00751	0.00869	0.00618	0.00415	0.00366	0.00112	0.00585	0.00301	0.00229	0.00560
1	0.02443	0.04498	0.03522	0.00785	0.02140	0.00820	0.00650	0.20217	0.07087	0.01695	0.04528	0.05806	0.03452	0.00603	0.00413	0.00119	0.00370	0.11354	0.01600	0.27898
2	0.02673	0.07161	0.06682	0.03042	0.15586	0.06678	0.06361	0.09468	0.03954	0.07389	0.01877	0.05909	0.01885	0.00702	0.05533	0.00167	0.08399	0.01591	0.03072	0.01871
3	0.02264	0.05420	0.02170	0.08443	0.17894	0.07355	0.02407	0.07239	0.07742	0.05191	0.04702	0.15961	0.07027	0.01750	0.00487	0.00142	0.02385	0.00573	0.00314	0.00535
4	0.00589	0.00419	0.00463	0.00463	0.00502	0.00403	0.00283	0.00621	0.00710	0.00912	0.02087	0.03081	0.21966	0.61154	0.04346	0.00353	0.00386	0.00684	0.00292	0.00287
5	0.02587	0.00634	0.00791	0.00659	0.00882	0.00588	0.00524	0.08384	0.02391	0.31803	0.29289	0.02312	0.09902	0.02247	0.00488	0.00137	0.00301	0.02011	0.00463	0.03606
6	0.02244	0.10930	0.08848	0.10228	0.19176	0.21318	0.05525	0.07930	0.01070	0.02495	0.00817	0.00988	0.02052	0.00439	0.00441	0.00125	0.04225	0.00345	0.00230	0.00572
7	0.00806	0.00547	0.01913	0.00661	0.00765	0.00560	0.02347	0.02268	0.02564	0.09914	0.04585	0.03688	0.02545	0.27171	0.31362	0.00421	0.03535	0.00530	0.03414	0.00404
8	0.00527	0.00398	0.00490	0.00556	0.00622	0.00361	0.00393	0.00622	0.00882	0.01134	0.05139	0.53713	0.26039	0.01235	0.00533	0.00165	0.00246	0.06194	0.00397	0.00354
9	0.04982	0.62291	0.04441	0.00810	0.01149	0.18094	0.00762	0.01361	0.00928	0.01059	0.00610	0.00707	0.00543	0.00382	0.00299	0.00098	0.00518	0.00240	0.00193	0.00534
10	0.01142	0.13177	0.14271	0.04966	0.22808	0.10947	0.07398	0.07562	0.01066	0.05662	0.02311	0.01128	0.03751	0.00442	0.00403	0.00124	0.00538	0.00374	0.01332	0.00597
11	0.03870	0.00434	0.00491	0.00514	0.00605	0.00411	0.00371	0.00754	0.02237	0.01290	0.12986	0.24967	0.23572	0.07850	0.00612	0.00167	0.00250	0.04523	0.13727	0.00369
12	0.00684	0.00490	0.00643	0.00702	0.00792	0.00493	0.00575	0.02079	0.03962	0.01268	0.06878	0.10507	0.03983	0.11636	0.02257	0.00220	0.00376	0.49739	0.02328	0.00387
13	0.62627	0.00821	0.00771	0.04654	0.06124	0.00929	0.00572	0.03363	0.05937	0.04621	0.03997	0.00989	0.02253	0.00446	0.00315	0.00133	0.00350	0.00307	0.00291	0.00500
14	0.00743	0.00564	0.00628	0.03716	0.02129	0.05220	0.00410	0.00809	0.00782	0.04089	0.10665	0.06510	0.03097	0.51318	0.02940	0.00311	0.02573	0.00611	0.00293	0.02591

[dist]
# distance from previous block
# <min> <max>
0	156

# created by:
# /st0/software/busco_prod/Augustus/scripts/msa2prfl.pl ./align_prep/145192.fa
