[name]
unknown

[dist]
# distance from previous block
# <min> <max>
0	6

[block]
# block no. 0 follows, 52 sequences, length 25
# corresponding to MSA columns:
# 6-30
name=unknown_A
#
# <colnr> <probs for GDERKNQSTAVLIFYWHMCP>
#	G	D	E	R	K	N	Q	S	T	A	V	L	I	F	Y	W	H	M	C	P
0	0.01142	0.00928	0.01117	0.00953	0.05244	0.02233	0.02160	0.10613	0.05429	0.04355	0.01255	0.04691	0.01115	0.00570	0.00442	0.00116	0.00419	0.08916	0.00353	0.47950
1	0.05501	0.01020	0.06968	0.00975	0.02701	0.04693	0.04544	0.01465	0.17104	0.02801	0.11756	0.10596	0.07135	0.00763	0.00604	0.00155	0.08633	0.00625	0.00377	0.11586
2	0.01107	0.01029	0.01683	0.39235	0.37193	0.01149	0.01373	0.06455	0.01109	0.01510	0.00897	0.01236	0.00712	0.00477	0.00513	0.00154	0.02835	0.00431	0.00244	0.00659
3	0.01058	0.01003	0.01348	0.04020	0.01297	0.01333	0.00968	0.03149	0.11758	0.01407	0.08425	0.01421	0.01136	0.00816	0.01275	0.00196	0.58053	0.00485	0.00289	0.00563
4	0.01158	0.01261	0.09450	0.02745	0.70036	0.01126	0.01482	0.01467	0.01096	0.01570	0.01031	0.01289	0.03187	0.00459	0.00481	0.00145	0.00579	0.00443	0.00243	0.00752
5	0.02754	0.14674	0.30121	0.01120	0.02832	0.08107	0.01150	0.08334	0.09453	0.07205	0.08601	0.01358	0.01147	0.00548	0.00450	0.00143	0.00571	0.00424	0.00325	0.00683
6	0.04332	0.11928	0.05365	0.04825	0.06069	0.01320	0.00919	0.21170	0.26759	0.02022	0.03226	0.03373	0.01126	0.00648	0.01677	0.00160	0.03507	0.00473	0.00391	0.00711
7	0.01752	0.02188	0.01347	0.01223	0.01475	0.73368	0.00920	0.01996	0.08826	0.01267	0.00866	0.00964	0.00706	0.00515	0.00442	0.00129	0.00827	0.00335	0.00273	0.00581
8	0.01225	0.02670	0.01075	0.06215	0.01302	0.01023	0.00745	0.03216	0.48050	0.11813	0.10684	0.03802	0.04640	0.00710	0.00502	0.00160	0.00385	0.00597	0.00484	0.00701
9	0.00734	0.00527	0.00619	0.00599	0.00604	0.00565	0.00370	0.00749	0.00722	0.00974	0.01553	0.03018	0.04227	0.72395	0.02320	0.00435	0.08291	0.00688	0.00291	0.00320
10	0.01099	0.01060	0.01852	0.34319	0.37780	0.01141	0.10476	0.03742	0.01090	0.01487	0.00907	0.01248	0.00717	0.00455	0.00493	0.00153	0.00631	0.00448	0.00238	0.00664
11	0.00704	0.00472	0.00538	0.00538	0.00541	0.00475	0.00305	0.00711	0.00708	0.00947	0.01518	0.03123	0.01741	0.79966	0.05441	0.00482	0.00501	0.00698	0.00292	0.00299
12	0.00998	0.00957	0.01675	0.01993	0.38442	0.00924	0.15964	0.01269	0.01145	0.01585	0.14416	0.06915	0.10234	0.00672	0.00531	0.00154	0.00511	0.00654	0.00325	0.00633
13	0.01240	0.01018	0.01201	0.03735	0.06260	0.00948	0.00759	0.20894	0.06733	0.01973	0.01018	0.01123	0.00798	0.00445	0.00412	0.00104	0.00428	0.00357	0.00346	0.50208
14	0.00705	0.00470	0.00529	0.00529	0.00529	0.00470	0.00294	0.00705	0.00705	0.00940	0.01527	0.03171	0.01762	0.82969	0.02467	0.00470	0.00470	0.00705	0.00294	0.00294
15	0.11071	0.01146	0.01277	0.03456	0.01421	0.01225	0.00831	0.45517	0.03408	0.23784	0.01320	0.01271	0.00901	0.00571	0.00466	0.00148	0.00484	0.00433	0.00488	0.00782
16	0.01071	0.20696	0.53754	0.01421	0.09379	0.01310	0.02997	0.01511	0.01024	0.01450	0.00831	0.00990	0.00633	0.00446	0.00430	0.00141	0.00660	0.00347	0.00209	0.00699
17	0.00915	0.00861	0.01453	0.81804	0.03338	0.01077	0.01346	0.01238	0.00969	0.01238	0.00861	0.01292	0.00646	0.00484	0.00484	0.00161	0.00646	0.00431	0.00215	0.00538
18	0.00612	0.00492	0.00545	0.00532	0.00679	0.00426	0.00399	0.00771	0.01197	0.01529	0.30797	0.04302	0.53725	0.01145	0.00572	0.00160	0.00240	0.00972	0.00479	0.00426
19	0.04503	0.01588	0.01320	0.01117	0.01399	0.33537	0.00882	0.19461	0.06566	0.15345	0.01111	0.01150	0.00823	0.00578	0.00566	0.00146	0.08457	0.00395	0.00378	0.00676
20	0.04248	0.14160	0.35911	0.01289	0.04262	0.19087	0.04802	0.03568	0.02307	0.03536	0.00892	0.02220	0.00697	0.00484	0.00437	0.00140	0.00686	0.00365	0.00247	0.00661
21	0.00597	0.00489	0.00526	0.00522	0.00671	0.00418	0.00390	0.00740	0.01153	0.01437	0.20268	0.07332	0.61396	0.01189	0.00574	0.00163	0.00243	0.01006	0.00467	0.00418
22	0.01359	0.67306	0.02331	0.02598	0.03867	0.13243	0.00876	0.01517	0.01044	0.01163	0.00696	0.00815	0.00627	0.00429	0.00338	0.00109	0.00574	0.00276	0.00215	0.00616
23	0.00634	0.00482	0.00583	0.00581	0.00698	0.00431	0.00427	0.00805	0.01214	0.01624	0.43075	0.16473	0.28907	0.01151	0.00579	0.00163	0.00242	0.01004	0.00493	0.00431
24	0.01241	0.42673	0.01990	0.28864	0.02005	0.13475	0.01024	0.01450	0.01037	0.01181	0.00750	0.00970	0.00631	0.00451	0.00390	0.00127	0.00616	0.00326	0.00216	0.00584

[dist]
# distance from previous block
# <min> <max>
0	2

[block]
# block no. 1 follows, 52 sequences, length 12
# corresponding to MSA columns:
# 33-44
name=unknown_B
#
# <colnr> <probs for GDERKNQSTAVLIFYWHMCP>
#	G	D	E	R	K	N	Q	S	T	A	V	L	I	F	Y	W	H	M	C	P
0	0.01243	0.00623	0.00800	0.00682	0.00909	0.00546	0.00537	0.01432	0.01319	0.32437	0.32852	0.03079	0.19765	0.00890	0.00539	0.00154	0.00304	0.00756	0.00541	0.00590
1	0.00655	0.00453	0.00548	0.00590	0.00613	0.00437	0.00367	0.00706	0.00846	0.01130	0.06999	0.34325	0.04862	0.43483	0.01567	0.00334	0.00374	0.00988	0.00375	0.00347
2	0.00934	0.08267	0.01296	0.01034	0.01106	0.01171	0.00857	0.01071	0.00779	0.01147	0.00905	0.01373	0.00866	0.01927	0.33370	0.00430	0.42288	0.00447	0.00231	0.00499
3	0.00998	0.00964	0.01475	0.35820	0.11463	0.03307	0.04069	0.01222	0.00912	0.01240	0.00876	0.01390	0.00774	0.08097	0.02784	0.00214	0.23166	0.00458	0.00227	0.00544
4	0.00636	0.00493	0.00579	0.00557	0.00693	0.00436	0.00418	0.00818	0.01254	0.01664	0.46789	0.04079	0.37648	0.01095	0.00572	0.00157	0.00236	0.00941	0.00497	0.00436
5	0.19380	0.01393	0.24933	0.16135	0.08170	0.01035	0.01167	0.04353	0.01066	0.09862	0.02531	0.02827	0.00817	0.00507	0.00437	0.00150	0.00548	0.00402	0.00296	0.03990
6	0.01035	0.01010	0.01400	0.01213	0.01235	0.01390	0.01004	0.01213	0.04839	0.01208	0.00766	0.01175	0.00732	0.01090	0.08710	0.00261	0.70517	0.00439	0.00231	0.00534
7	0.01226	0.05525	0.15231	0.23484	0.22686	0.01084	0.01279	0.04762	0.01138	0.12727	0.03560	0.01328	0.00896	0.00572	0.02328	0.00164	0.00597	0.00434	0.00297	0.00682
8	0.01372	0.01605	0.01129	0.01053	0.01235	0.49449	0.00793	0.01508	0.01137	0.01154	0.00974	0.01333	0.00879	0.05161	0.28683	0.00368	0.01005	0.00401	0.00255	0.00505
9	0.01121	0.02261	0.66648	0.01314	0.01968	0.01131	0.01620	0.07403	0.04031	0.06556	0.00997	0.01102	0.00698	0.00485	0.00465	0.00153	0.00671	0.00379	0.00261	0.00733
10	0.03890	0.14102	0.23816	0.06078	0.08681	0.01132	0.03441	0.07318	0.03516	0.08429	0.02770	0.08686	0.04877	0.00620	0.00466	0.00149	0.00539	0.00514	0.00318	0.00658
11	0.01120	0.10999	0.08336	0.01095	0.01428	0.04274	0.16839	0.06034	0.02490	0.04968	0.05036	0.10402	0.02705	0.02719	0.00558	0.00151	0.03121	0.00564	0.08030	0.09133

[dist]
# distance from previous block
# <min> <max>
0	4

[block]
# block no. 2 follows, 52 sequences, length 24
# corresponding to MSA columns:
# 49-72
name=unknown_C
#
# <colnr> <probs for GDERKNQSTAVLIFYWHMCP>
#	G	D	E	R	K	N	Q	S	T	A	V	L	I	F	Y	W	H	M	C	P
0	0.03629	0.28645	0.39202	0.02306	0.01629	0.03298	0.01248	0.01514	0.03609	0.02520	0.03799	0.01102	0.00826	0.00479	0.00407	0.00135	0.00589	0.00354	0.04055	0.00655
1	0.02902	0.09833	0.53251	0.01397	0.07047	0.01209	0.04942	0.02905	0.07801	0.01590	0.02161	0.01129	0.00767	0.00479	0.00454	0.00149	0.00646	0.00387	0.00246	0.00706
2	0.01316	0.04930	0.04213	0.01090	0.04281	0.26397	0.04622	0.07278	0.10400	0.05135	0.09403	0.04933	0.12558	0.00706	0.00492	0.00146	0.00560	0.00570	0.00371	0.00599
3	0.07777	0.07409	0.39202	0.03751	0.05653	0.01173	0.05108	0.09160	0.04809	0.04556	0.02567	0.01144	0.00789	0.00486	0.00447	0.00146	0.00601	0.00389	0.00282	0.04552
4	0.01353	0.01071	0.01132	0.00969	0.01259	0.01214	0.00768	0.23605	0.49884	0.02292	0.01708	0.01628	0.01273	0.00627	0.00475	0.00154	0.00410	0.00507	0.08919	0.00752
5	0.00825	0.00740	0.02879	0.04850	0.01050	0.03529	0.00707	0.00973	0.00809	0.01144	0.01238	0.01912	0.02723	0.15389	0.40470	0.00520	0.16548	0.00524	0.02723	0.00446
6	0.00696	0.00468	0.00538	0.00551	0.00556	0.00465	0.00320	0.00709	0.00735	0.00979	0.01655	0.10371	0.01917	0.73656	0.02257	0.00439	0.00452	0.02619	0.00311	0.00306
7	0.01004	0.00943	0.01309	0.01126	0.01209	0.03836	0.06104	0.04912	0.00873	0.01257	0.00936	0.01470	0.00895	0.08238	0.22383	0.00373	0.41896	0.00479	0.00248	0.00509
8	0.02186	0.01266	0.07780	0.03251	0.08180	0.01115	0.55994	0.01444	0.01108	0.01532	0.02456	0.09159	0.01028	0.00533	0.00557	0.00164	0.00721	0.00623	0.00267	0.00634
9	0.01588	0.00913	0.01194	0.04616	0.01377	0.00931	0.05850	0.02249	0.30914	0.35990	0.01802	0.01683	0.01254	0.00601	0.00484	0.00154	0.00425	0.00511	0.06713	0.00751
10	0.00616	0.00473	0.00589	0.00641	0.00723	0.00445	0.00461	0.00736	0.01012	0.01318	0.09841	0.42420	0.26098	0.01513	0.06201	0.00225	0.01894	0.03944	0.00439	0.00411
11	0.01025	0.02623	0.25954	0.03203	0.08878	0.01080	0.32726	0.01429	0.01108	0.01569	0.08790	0.02486	0.02504	0.00523	0.00534	0.00157	0.01859	0.00530	0.02374	0.00646
12	0.01193	0.01270	0.07102	0.06698	0.68114	0.04109	0.01480	0.01495	0.01102	0.01548	0.00900	0.01180	0.00746	0.00439	0.00477	0.00145	0.00600	0.00422	0.00237	0.00745
13	0.00850	0.00559	0.05902	0.00681	0.00728	0.00467	0.00511	0.00691	0.00657	0.00888	0.00844	0.01443	0.00827	0.01603	0.01799	0.80239	0.00440	0.00417	0.00210	0.00244
14	0.03320	0.06754	0.01283	0.01055	0.01298	0.42116	0.00828	0.11890	0.01376	0.01509	0.04335	0.01698	0.11281	0.00672	0.00534	0.00142	0.05544	0.03473	0.00322	0.00570
15	0.03378	0.13430	0.00973	0.00676	0.00840	0.00776	0.00528	0.05777	0.02398	0.01653	0.36671	0.10800	0.05774	0.11820	0.02285	0.00203	0.00357	0.00756	0.00424	0.00482
16	0.00616	0.00456	0.00647	0.00729	0.00775	0.00428	0.03032	0.00717	0.00942	0.01256	0.02611	0.76929	0.03107	0.01474	0.00619	0.00197	0.00305	0.04312	0.00443	0.00404
17	0.01810	0.02310	0.01373	0.01248	0.01498	0.81024	0.00936	0.01935	0.01373	0.01186	0.00749	0.00874	0.00624	0.00499	0.00437	0.00125	0.00874	0.00312	0.00250	0.00562
18	0.00686	0.00491	0.00649	0.04692	0.00868	0.00490	0.00515	0.04209	0.00989	0.01348	0.02385	0.66379	0.02762	0.01462	0.04224	0.00214	0.00353	0.01193	0.05665	0.00425
19	0.01522	0.01135	0.01227	0.01021	0.01345	0.01267	0.00817	0.29749	0.44458	0.09495	0.01677	0.01562	0.01219	0.00625	0.00490	0.00156	0.00440	0.00502	0.00500	0.00793
20	0.04694	0.14291	0.53416	0.01305	0.01915	0.01238	0.08994	0.01570	0.02533	0.04431	0.00903	0.01042	0.00661	0.00457	0.00444	0.00147	0.00664	0.00369	0.00233	0.00693
21	0.21774	0.02717	0.17481	0.02225	0.04406	0.17104	0.01032	0.21296	0.01370	0.03375	0.00887	0.00992	0.00666	0.00506	0.00446	0.00145	0.02245	0.00352	0.00317	0.00664
22	0.00708	0.00496	0.00690	0.00690	0.00742	0.00549	0.00494	0.00797	0.00744	0.01046	0.01335	0.02266	0.01355	0.28215	0.50509	0.07183	0.00973	0.00570	0.00266	0.00372
23	0.06916	0.08397	0.05522	0.01309	0.15075	0.07868	0.02255	0.12885	0.14366	0.05276	0.04597	0.06728	0.01211	0.00608	0.00459	0.00146	0.00497	0.00499	0.04714	0.00674

[dist]
# distance from previous block
# <min> <max>
0	1

[block]
# block no. 3 follows, 52 sequences, length 7
# corresponding to MSA columns:
# 74-80
name=unknown_D
#
# <colnr> <probs for GDERKNQSTAVLIFYWHMCP>
#	G	D	E	R	K	N	Q	S	T	A	V	L	I	F	Y	W	H	M	C	P
0	0.10355	0.02579	0.13215	0.07595	0.08003	0.09099	0.09687	0.05804	0.03301	0.04195	0.03606	0.08036	0.03039	0.00789	0.05031	0.00191	0.04043	0.00520	0.00305	0.00607
1	0.00681	0.00466	0.00562	0.00584	0.00599	0.00470	0.00358	0.00716	0.00756	0.01017	0.01724	0.18436	0.01982	0.58618	0.10596	0.00450	0.00523	0.00815	0.00320	0.00328
2	0.01168	0.03511	0.03758	0.23290	0.18927	0.01172	0.15162	0.11591	0.04480	0.01688	0.01023	0.01290	0.00790	0.00494	0.00517	0.00152	0.03094	0.00457	0.06780	0.00656
3	0.01213	0.01151	0.06745	0.26032	0.40790	0.01133	0.01371	0.08201	0.01178	0.06121	0.00973	0.01238	0.00751	0.00472	0.00481	0.00150	0.00593	0.00430	0.00272	0.00704
4	0.10319	0.06910	0.29951	0.07205	0.15358	0.05243	0.10528	0.01493	0.01041	0.01553	0.00849	0.01056	0.00654	0.00443	0.00445	0.00144	0.00637	0.00378	0.00234	0.05559
5	0.00714	0.00488	0.00585	0.00576	0.00686	0.00446	0.00416	0.00873	0.01147	0.04005	0.34353	0.14332	0.20854	0.09921	0.00760	0.00192	0.00271	0.00910	0.08040	0.00431
6	0.08277	0.00920	0.01399	0.22240	0.27787	0.00987	0.02819	0.02464	0.02881	0.02706	0.02812	0.05392	0.02725	0.02465	0.02180	0.00170	0.02478	0.00494	0.03865	0.04942

[dist]
# distance from previous block
# <min> <max>
1	3

[block]
# block no. 4 follows, 52 sequences, length 44
# corresponding to MSA columns:
# 84-127
name=unknown_E
#
# <colnr> <probs for GDERKNQSTAVLIFYWHMCP>
#	G	D	E	R	K	N	Q	S	T	A	V	L	I	F	Y	W	H	M	C	P
0	0.00764	0.00615	0.00669	0.00647	0.00803	0.02572	0.00485	0.01084	0.11808	0.03490	0.22626	0.11765	0.35423	0.01180	0.03698	0.00187	0.00325	0.00907	0.00468	0.00483
1	0.00856	0.00751	0.04564	0.00972	0.06948	0.00655	0.07673	0.01131	0.03707	0.05644	0.40892	0.05184	0.15740	0.00892	0.00574	0.00157	0.01889	0.00791	0.00450	0.00530
2	0.01226	0.01038	0.01093	0.00969	0.01247	0.01187	0.00758	0.09262	0.67729	0.02078	0.02068	0.01913	0.05893	0.00683	0.00497	0.00163	0.00389	0.00565	0.00490	0.00752
3	0.00615	0.00448	0.00586	0.00668	0.00723	0.00410	0.00454	0.00716	0.00966	0.01303	0.07937	0.71731	0.04994	0.01423	0.00603	0.00187	0.00280	0.01286	0.00448	0.04222
4	0.01037	0.00940	0.05022	0.00778	0.01188	0.00711	0.00656	0.01315	0.04324	0.04144	0.04460	0.01179	0.00930	0.00426	0.00417	0.00090	0.02620	0.00338	0.00311	0.69115
5	0.01103	0.04916	0.04245	0.01853	0.02304	0.01182	0.65626	0.01479	0.01123	0.01514	0.01123	0.05301	0.00946	0.00508	0.00565	0.00165	0.00758	0.04396	0.00262	0.00631
6	0.00602	0.00434	0.00570	0.00659	0.00704	0.00402	0.00447	0.00706	0.00991	0.01329	0.12455	0.69440	0.06587	0.01440	0.00611	0.00190	0.00273	0.01300	0.00460	0.00402
7	0.00607	0.00449	0.00562	0.00624	0.00692	0.00410	0.00431	0.00721	0.01033	0.01366	0.16434	0.51628	0.18301	0.03562	0.00651	0.00190	0.00270	0.01204	0.00460	0.00405
8	0.01234	0.03371	0.01227	0.01066	0.02669	0.16938	0.02267	0.01361	0.01022	0.10422	0.06160	0.07497	0.02793	0.05099	0.06284	0.02532	0.26668	0.00538	0.00315	0.00536
9	0.01216	0.02440	0.01801	0.11327	0.19115	0.08631	0.19225	0.06031	0.01140	0.03569	0.01014	0.03866	0.00841	0.00549	0.00630	0.00157	0.10909	0.00483	0.06424	0.00632
10	0.01178	0.01159	0.03156	0.07595	0.72319	0.01148	0.03369	0.01475	0.01095	0.01561	0.00910	0.01205	0.00757	0.00435	0.00482	0.00146	0.00588	0.00434	0.00238	0.00750
11	0.01132	0.33932	0.27857	0.02957	0.03913	0.01468	0.12579	0.01462	0.01012	0.01357	0.01903	0.01018	0.00697	0.00469	0.00500	0.00139	0.06370	0.00366	0.00218	0.00651
12	0.01045	0.02731	0.16135	0.08810	0.06878	0.02083	0.06454	0.01286	0.00932	0.06986	0.01994	0.01596	0.00975	0.14835	0.07695	0.00270	0.17981	0.00484	0.00265	0.00565
13	0.00645	0.00490	0.00594	0.00576	0.00701	0.00438	0.00429	0.00832	0.01262	0.01704	0.51794	0.08464	0.28114	0.01095	0.00575	0.00158	0.00237	0.00951	0.00502	0.00438
14	0.00736	0.00504	0.00615	0.00608	0.00740	0.00449	0.00452	0.00898	0.01190	0.07075	0.32155	0.19339	0.29207	0.01155	0.00578	0.00166	0.00263	0.02923	0.00492	0.00454
15	0.02712	0.28140	0.22701	0.01305	0.08990	0.12590	0.04631	0.05056	0.02615	0.05754	0.00886	0.01004	0.00694	0.00463	0.00416	0.00133	0.00629	0.00349	0.00258	0.00675
16	0.00969	0.00751	0.00898	0.00839	0.02319	0.00808	0.00638	0.07251	0.17667	0.05276	0.21578	0.11644	0.15712	0.00954	0.00652	0.00168	0.08492	0.02358	0.00462	0.00564
17	0.00598	0.00430	0.00562	0.00658	0.00695	0.00400	0.00441	0.00688	0.00949	0.01263	0.06328	0.72332	0.06908	0.04427	0.00681	0.00203	0.00284	0.01313	0.00448	0.00394
18	0.00765	0.00805	0.10510	0.00888	0.05059	0.00620	0.00701	0.04790	0.03564	0.01419	0.02588	0.40200	0.15676	0.04861	0.00659	0.00193	0.00378	0.05432	0.00405	0.00487
19	0.01194	0.02771	0.26507	0.03303	0.40762	0.04988	0.03253	0.07341	0.01175	0.01644	0.00932	0.02260	0.00746	0.00470	0.00474	0.00147	0.00632	0.00417	0.00250	0.00733
20	0.00929	0.00810	0.01079	0.08197	0.03178	0.03836	0.00818	0.03210	0.04373	0.01301	0.01107	0.01547	0.00985	0.02008	0.36941	0.00446	0.21762	0.00471	0.06495	0.00507
21	0.00598	0.00434	0.00566	0.00669	0.00712	0.00402	0.00458	0.00691	0.00951	0.01253	0.02850	0.72792	0.09457	0.01486	0.00617	0.00195	0.00286	0.04736	0.00450	0.00397
22	0.05477	0.10764	0.06693	0.10801	0.32236	0.03088	0.02613	0.08968	0.01214	0.12110	0.01019	0.01180	0.00775	0.00476	0.00453	0.00143	0.00562	0.00406	0.00306	0.00716
23	0.01076	0.04687	0.02300	0.05975	0.16908	0.08877	0.01744	0.03689	0.07714	0.03214	0.01587	0.21471	0.01603	0.02421	0.00624	0.00173	0.05557	0.07350	0.02452	0.00578
24	0.01429	0.02697	0.07486	0.07178	0.35251	0.02579	0.06158	0.05143	0.01211	0.20593	0.01153	0.01284	0.00845	0.00481	0.00477	0.00144	0.00560	0.00437	0.00336	0.04558
25	0.01377	0.47125	0.01956	0.00951	0.01299	0.17673	0.00836	0.01820	0.19903	0.01363	0.01002	0.01045	0.00829	0.00490	0.00380	0.00123	0.00557	0.00339	0.00285	0.00645
26	0.01149	0.05192	0.04166	0.00973	0.01323	0.08478	0.10188	0.05882	0.06217	0.05186	0.11073	0.01744	0.07283	0.01839	0.00490	0.00129	0.00476	0.00495	0.00353	0.27365
27	0.00714	0.04620	0.00732	0.00719	0.00788	0.00547	0.00511	0.02138	0.02447	0.03281	0.02404	0.68077	0.02803	0.01486	0.04212	0.00216	0.02232	0.01207	0.00429	0.00435
28	0.01373	0.00978	0.01004	0.00840	0.01072	0.05540	0.00653	0.33222	0.04035	0.06036	0.01366	0.01717	0.01126	0.14847	0.04856	0.00225	0.00501	0.00489	0.19504	0.00613
29	0.00638	0.00499	0.00723	0.00750	0.00832	0.00465	0.05551	0.00763	0.00985	0.01304	0.06727	0.59181	0.11896	0.01456	0.03520	0.00210	0.00351	0.03296	0.00434	0.00419
30	0.01130	0.01407	0.09293	0.01988	0.02497	0.01217	0.71852	0.01551	0.01134	0.01551	0.00971	0.01284	0.00725	0.00413	0.00563	0.00163	0.00809	0.00554	0.00242	0.00659
31	0.01219	0.00906	0.01057	0.00787	0.01193	0.00763	0.00632	0.06515	0.08563	0.11148	0.01113	0.01169	0.00855	0.00431	0.00395	0.00095	0.00379	0.00346	0.00357	0.62079
32	0.00713	0.00513	0.00617	0.00648	0.00758	0.00480	0.00463	0.00924	0.06920	0.04946	0.11259	0.42889	0.24505	0.01276	0.00585	0.00178	0.00279	0.01124	0.00469	0.00452
33	0.00598	0.00425	0.00560	0.00665	0.00692	0.00398	0.00440	0.00677	0.00914	0.01218	0.02598	0.77584	0.03113	0.06713	0.00736	0.00214	0.00293	0.01335	0.00440	0.00387
34	0.01020	0.14824	0.65920	0.03944	0.02007	0.01245	0.01629	0.01512	0.01015	0.01464	0.00839	0.00994	0.00616	0.00454	0.00438	0.00146	0.00684	0.00345	0.00205	0.00696
35	0.00644	0.00472	0.00579	0.00636	0.00702	0.00443	0.00436	0.02716	0.00997	0.01306	0.07320	0.49871	0.16966	0.11622	0.00837	0.00222	0.00306	0.03090	0.00436	0.00400
36	0.00688	0.00509	0.00648	0.00652	0.00755	0.00484	0.00480	0.00938	0.05602	0.01714	0.48684	0.24196	0.07811	0.01134	0.00583	0.00168	0.00260	0.03739	0.00502	0.00455
37	0.00699	0.00512	0.00666	0.00633	0.00750	0.00489	0.00477	0.02371	0.01295	0.01817	0.62923	0.06044	0.08238	0.01303	0.09401	0.00223	0.00354	0.00853	0.00495	0.00457
38	0.01948	0.00823	0.01083	0.00845	0.01188	0.00739	0.00692	0.08109	0.01447	0.63823	0.10122	0.01902	0.03684	0.00657	0.00498	0.00150	0.00398	0.00539	0.00580	0.00775
39	0.00742	0.00484	0.00628	0.00666	0.00745	0.00452	0.00466	0.00885	0.02490	0.06844	0.19335	0.49536	0.05521	0.07027	0.00726	0.00202	0.00295	0.02051	0.00468	0.00438
40	0.03345	0.00841	0.01111	0.00860	0.01219	0.00754	0.00708	0.07265	0.01436	0.69196	0.06615	0.01725	0.01371	0.00620	0.00489	0.00150	0.00408	0.00504	0.00584	0.00798
41	0.01128	0.01136	0.01980	0.24809	0.40980	0.03581	0.16417	0.01444	0.01082	0.01468	0.00906	0.01236	0.00723	0.00444	0.00498	0.00152	0.00652	0.00455	0.00234	0.00675
42	0.01296	0.83261	0.02539	0.00829	0.01244	0.01917	0.00829	0.01451	0.00985	0.01140	0.00674	0.00777	0.00622	0.00415	0.00311	0.00104	0.00518	0.00259	0.00207	0.00622
43	0.00729	0.00522	0.00665	0.00770	0.00814	0.00478	0.00522	0.00787	0.01015	0.01364	0.02753	0.77424	0.03252	0.01570	0.00670	0.00219	0.00333	0.05164	0.00488	0.00462

[dist]
# distance from previous block
# <min> <max>
0	23

[block]
# block no. 5 follows, 52 sequences, length 28
# corresponding to MSA columns:
# 152-179
name=unknown_F
#
# <colnr> <probs for GDERKNQSTAVLIFYWHMCP>
#	G	D	E	R	K	N	Q	S	T	A	V	L	I	F	Y	W	H	M	C	P
0	0.01391	0.54257	0.08137	0.00959	0.01353	0.17568	0.00914	0.05572	0.01134	0.01299	0.00756	0.00866	0.00650	0.00448	0.00357	0.00114	0.00597	0.00292	0.02713	0.00623
1	0.04219	0.00908	0.01094	0.00863	0.01215	0.00865	0.00701	0.11561	0.12644	0.40954	0.04178	0.01674	0.04176	0.00605	0.00471	0.00141	0.00403	0.00488	0.00511	0.12329
2	0.01111	0.35960	0.45892	0.01172	0.01756	0.01457	0.03612	0.01501	0.01011	0.01372	0.00792	0.00929	0.00621	0.00440	0.00402	0.00133	0.00637	0.00323	0.00207	0.00675
3	0.01031	0.01112	0.02298	0.10294	0.03499	0.01069	0.55218	0.01386	0.01133	0.01527	0.07847	0.05051	0.05036	0.00552	0.00563	0.00163	0.00695	0.00636	0.00285	0.00604
4	0.00616	0.00469	0.00570	0.00636	0.00714	0.00434	0.00442	0.00770	0.04164	0.01325	0.07260	0.54918	0.23149	0.01380	0.00599	0.00185	0.00273	0.01225	0.00456	0.00416
5	0.00972	0.02507	0.80458	0.01381	0.02097	0.01125	0.01790	0.01535	0.01023	0.01535	0.00870	0.01023	0.00614	0.00460	0.00460	0.00153	0.00716	0.00358	0.00205	0.00716
6	0.00931	0.00588	0.00805	0.00761	0.00813	0.02250	0.00560	0.03637	0.00776	0.03786	0.00971	0.01514	0.00913	0.01939	0.19371	0.51191	0.08164	0.00444	0.00246	0.00340
7	0.01327	0.01029	0.01113	0.00973	0.01259	0.01160	0.00764	0.08991	0.62756	0.09075	0.04716	0.01804	0.01510	0.00658	0.00495	0.00161	0.00393	0.00545	0.00503	0.00766
8	0.00669	0.00455	0.00539	0.00575	0.00583	0.00446	0.00343	0.00695	0.00775	0.01033	0.01887	0.28203	0.02216	0.57317	0.01885	0.00384	0.00410	0.00917	0.00343	0.00325
9	0.01051	0.00972	0.01151	0.02496	0.01261	0.06460	0.08255	0.04296	0.30594	0.01720	0.11133	0.06600	0.12973	0.00816	0.00593	0.00166	0.05131	0.03298	0.00425	0.00608
10	0.01095	0.00645	0.00678	0.00619	0.00795	0.00680	0.00479	0.07366	0.15022	0.06016	0.01636	0.01749	0.01250	0.00584	0.00385	0.00126	0.00287	0.00469	0.59561	0.00556
11	0.00602	0.00430	0.00575	0.00688	0.00721	0.00403	0.00469	0.00694	0.00939	0.01250	0.02665	0.78116	0.03181	0.01508	0.00622	0.00198	0.00291	0.05805	0.00450	0.00397
12	0.02174	0.00825	0.01125	0.00862	0.01237	0.00712	0.00712	0.02362	0.01387	0.80282	0.01912	0.01649	0.01200	0.00600	0.00487	0.00150	0.00412	0.00487	0.00600	0.00825
13	0.00752	0.00594	0.00867	0.00887	0.04156	0.00700	0.00647	0.00901	0.00779	0.01124	0.01245	0.01956	0.01207	0.13689	0.59252	0.00654	0.09363	0.00530	0.00258	0.00438
14	0.00593	0.00430	0.00560	0.00657	0.00700	0.00398	0.00444	0.00686	0.00961	0.01272	0.06059	0.73065	0.09442	0.01473	0.00613	0.00192	0.00276	0.01328	0.00453	0.00398
15	0.00733	0.00494	0.00558	0.00553	0.00566	0.00497	0.00320	0.03000	0.00762	0.01017	0.01572	0.07008	0.01805	0.76540	0.02317	0.00447	0.00462	0.00730	0.00307	0.00314
16	0.01183	0.01134	0.01937	0.07608	0.75443	0.01147	0.01479	0.01473	0.01096	0.01563	0.00909	0.01205	0.00760	0.00435	0.00480	0.00145	0.00580	0.00432	0.00238	0.00754
17	0.00831	0.00652	0.02250	0.00694	0.00803	0.00664	0.00505	0.01126	0.13660	0.03582	0.05814	0.06955	0.13624	0.33695	0.06653	0.00328	0.05252	0.00724	0.01738	0.00451
18	0.00622	0.00463	0.00662	0.00734	0.00786	0.00434	0.03488	0.00728	0.00957	0.01279	0.04987	0.74272	0.03136	0.01452	0.00617	0.00195	0.00306	0.04030	0.00444	0.00408
19	0.00943	0.00645	0.01019	0.08226	0.19020	0.00666	0.00750	0.02279	0.00801	0.01089	0.00889	0.01448	0.00839	0.04101	0.01443	0.54322	0.00480	0.00434	0.00225	0.00380
20	0.03939	0.00889	0.01309	0.51904	0.03954	0.01001	0.01097	0.05323	0.04011	0.01492	0.03739	0.01314	0.00839	0.00488	0.00458	0.00143	0.00550	0.00418	0.00268	0.16864
21	0.03158	0.00675	0.03562	0.00770	0.00898	0.00692	0.00607	0.02373	0.04100	0.01269	0.02819	0.03433	0.03614	0.17467	0.40606	0.00520	0.05642	0.00556	0.01884	0.05354
22	0.00622	0.00450	0.00589	0.00684	0.00736	0.00422	0.00484	0.00730	0.00972	0.01281	0.04918	0.60963	0.08925	0.04376	0.00687	0.00207	0.00307	0.11802	0.00446	0.00400
23	0.00781	0.00654	0.00922	0.08083	0.15846	0.00638	0.00706	0.01013	0.02484	0.01607	0.30871	0.06753	0.23835	0.00914	0.00542	0.00156	0.00340	0.00801	0.02544	0.00512
24	0.01181	0.01136	0.01742	0.22061	0.50458	0.05596	0.01363	0.05454	0.01142	0.01544	0.00952	0.03458	0.00800	0.00486	0.00483	0.00149	0.00599	0.00451	0.00253	0.00692
25	0.01490	0.38998	0.06763	0.01126	0.04122	0.35946	0.00961	0.01661	0.01154	0.01200	0.00726	0.00854	0.00628	0.00463	0.00405	0.00119	0.02255	0.00297	0.00227	0.00605
26	0.00625	0.00498	0.00544	0.00546	0.00678	0.00439	0.00397	0.02169	0.01117	0.01404	0.15824	0.13826	0.51787	0.07101	0.00713	0.00188	0.00269	0.01010	0.00452	0.00414
27	0.19024	0.19749	0.02861	0.04665	0.16063	0.07042	0.00928	0.08319	0.06742	0.04645	0.00924	0.01044	0.00735	0.00479	0.00416	0.00136	0.01828	0.00353	0.00298	0.03751

[dist]
# distance from previous block
# <min> <max>
0	2

[block]
# block no. 6 follows, 52 sequences, length 11
# corresponding to MSA columns:
# 182-192
name=unknown_G
#
# <colnr> <probs for GDERKNQSTAVLIFYWHMCP>
#	G	D	E	R	K	N	Q	S	T	A	V	L	I	F	Y	W	H	M	C	P
0	0.00668	0.00465	0.00549	0.00580	0.00610	0.00449	0.00365	0.00719	0.00842	0.01113	0.05940	0.22884	0.08855	0.48907	0.01691	0.00352	0.00392	0.03915	0.00363	0.00342
1	0.01241	0.16220	0.16202	0.03442	0.11071	0.10007	0.01084	0.07990	0.08239	0.02801	0.02217	0.04865	0.00936	0.00609	0.01879	0.00152	0.04896	0.00428	0.00293	0.05429
2	0.01131	0.03081	0.04749	0.16535	0.03069	0.00905	0.03151	0.12659	0.07492	0.09416	0.01698	0.21779	0.03151	0.02480	0.00548	0.00168	0.00457	0.00699	0.06237	0.00595
3	0.00602	0.00452	0.00552	0.00611	0.00685	0.00409	0.00422	0.00711	0.01022	0.01332	0.12687	0.48448	0.24260	0.04621	0.00674	0.00193	0.00272	0.01192	0.00454	0.00402
4	0.00680	0.00469	0.00593	0.00634	0.00723	0.00425	0.00448	0.00807	0.01078	0.05011	0.19623	0.47033	0.18063	0.01307	0.00594	0.00179	0.00269	0.01161	0.00475	0.00430
5	0.00994	0.00855	0.01036	0.00844	0.05614	0.00661	0.00620	0.01207	0.01006	0.01561	0.00960	0.05317	0.00852	0.00424	0.00379	0.00082	0.00367	0.00353	0.00293	0.76574
6	0.00590	0.00422	0.00562	0.00675	0.00703	0.00394	0.00450	0.00675	0.00928	0.01237	0.02671	0.82653	0.03205	0.01518	0.00619	0.00197	0.00281	0.01378	0.00450	0.00394
7	0.00595	0.00429	0.00556	0.00655	0.00691	0.00398	0.00437	0.00678	0.00928	0.01227	0.02761	0.73590	0.08165	0.05534	0.00707	0.00208	0.00288	0.01321	0.00442	0.00390
8	0.10985	0.13737	0.05165	0.00979	0.01356	0.05277	0.00854	0.34759	0.03317	0.14370	0.03855	0.01217	0.00943	0.00551	0.00438	0.00140	0.00507	0.00406	0.00417	0.00729
9	0.01226	0.36063	0.35249	0.01170	0.03922	0.06224	0.01267	0.07094	0.01121	0.01461	0.00803	0.00927	0.00638	0.00452	0.00399	0.00130	0.00626	0.00322	0.00230	0.00677
10	0.03134	0.07766	0.01585	0.06722	0.10524	0.10026	0.06258	0.25269	0.20030	0.02047	0.01201	0.01270	0.00912	0.00540	0.00470	0.00147	0.00562	0.00440	0.00373	0.00723

[dist]
# distance from previous block
# <min> <max>
1	2

[block]
# block no. 7 follows, 52 sequences, length 20
# corresponding to MSA columns:
# 195-214
name=unknown_H
#
# <colnr> <probs for GDERKNQSTAVLIFYWHMCP>
#	G	D	E	R	K	N	Q	S	T	A	V	L	I	F	Y	W	H	M	C	P
0	0.01111	0.01022	0.07997	0.00851	0.01304	0.00721	0.04363	0.01363	0.01047	0.08482	0.00960	0.01077	0.00752	0.00391	0.00389	0.00090	0.00416	0.00324	0.00305	0.67034
1	0.01087	0.16881	0.27505	0.01181	0.05268	0.01111	0.07554	0.01446	0.03734	0.05103	0.05771	0.03497	0.01036	0.00622	0.02463	0.02764	0.00573	0.00429	0.00277	0.11697
2	0.00845	0.00743	0.01071	0.00983	0.01034	0.00969	0.00794	0.00990	0.00764	0.01142	0.01024	0.01555	0.00973	0.02481	0.48161	0.00544	0.34735	0.00480	0.00240	0.00473
3	0.00768	0.00524	0.00607	0.00575	0.00740	0.00455	0.00438	0.00929	0.01206	0.09265	0.26526	0.06216	0.46378	0.01106	0.00567	0.00161	0.00262	0.02324	0.00489	0.00464
4	0.01317	0.01506	0.01113	0.02987	0.01273	0.39169	0.00783	0.01659	0.14625	0.01362	0.02003	0.02014	0.20715	0.00735	0.00567	0.00149	0.06587	0.00543	0.00338	0.00556
5	0.01624	0.14675	0.01556	0.04080	0.05135	0.54437	0.00940	0.04371	0.01289	0.02454	0.00806	0.00959	0.00675	0.00635	0.04237	0.00156	0.00798	0.00330	0.00255	0.00587
6	0.00699	0.00468	0.00530	0.00535	0.00537	0.00466	0.00301	0.00703	0.00715	0.00953	0.01580	0.06865	0.01829	0.79184	0.02381	0.00457	0.00461	0.00736	0.00301	0.00298
7	0.02095	0.00842	0.01122	0.00872	0.01239	0.00753	0.00717	0.02379	0.07731	0.73892	0.01917	0.01662	0.01222	0.00604	0.00488	0.00151	0.00410	0.00492	0.00591	0.00820
8	0.01652	0.00752	0.00985	0.00802	0.01092	0.00688	0.00644	0.01968	0.09024	0.50111	0.24230	0.02230	0.02195	0.00718	0.00512	0.00152	0.00357	0.00605	0.00570	0.00714
9	0.01029	0.08696	0.68327	0.01365	0.02038	0.01202	0.05640	0.03533	0.01059	0.01545	0.00868	0.01022	0.00626	0.00457	0.00455	0.00150	0.00701	0.00363	0.00214	0.00708
10	0.03903	0.00946	0.00991	0.00812	0.01076	0.01030	0.00655	0.40611	0.04034	0.02461	0.01353	0.01448	0.01015	0.00573	0.00417	0.00132	0.00392	0.00441	0.37056	0.00654
11	0.00693	0.00465	0.00532	0.00543	0.00546	0.00462	0.00309	0.00702	0.00727	0.00969	0.01639	0.10990	0.01904	0.74957	0.02285	0.00443	0.00451	0.00771	0.00309	0.00303
12	0.10396	0.00936	0.01146	0.00888	0.01258	0.00898	0.00733	0.16615	0.01500	0.58016	0.01649	0.01473	0.01062	0.00582	0.00468	0.00149	0.00431	0.00456	0.00549	0.00795
13	0.00703	0.00478	0.00571	0.00571	0.00586	0.00493	0.00347	0.00732	0.00717	0.00971	0.01488	0.02957	0.01669	0.69529	0.15779	0.00522	0.00610	0.00673	0.00288	0.00317
14	0.00634	0.00477	0.00586	0.00593	0.00701	0.00430	0.00432	0.00801	0.01199	0.01612	0.42093	0.21867	0.24457	0.01174	0.00583	0.00166	0.00245	0.01030	0.00492	0.00430
15	0.01642	0.00718	0.00961	0.00779	0.01062	0.00637	0.00627	0.01873	0.03295	0.51609	0.28468	0.02326	0.02358	0.00735	0.00516	0.00151	0.00349	0.00622	0.00575	0.00698
16	0.00952	0.00899	0.01520	0.71631	0.13225	0.01086	0.01364	0.01270	0.00986	0.01283	0.00868	0.01280	0.00662	0.00478	0.00484	0.00159	0.00637	0.00431	0.00218	0.00568
17	0.01313	0.30809	0.02096	0.01981	0.41538	0.11735	0.01180	0.01532	0.01096	0.01373	0.00805	0.01006	0.00697	0.00434	0.00414	0.00127	0.00594	0.00354	0.00229	0.00689
18	0.00645	0.00480	0.00592	0.00591	0.00696	0.00436	0.00429	0.00813	0.01202	0.01629	0.45692	0.18056	0.20708	0.05024	0.00670	0.00178	0.00253	0.00991	0.00489	0.00427
19	0.01126	0.01199	0.08223	0.18072	0.53834	0.01138	0.01440	0.01509	0.05864	0.01539	0.00964	0.01240	0.00775	0.00458	0.00480	0.00149	0.00589	0.00433	0.00248	0.00719

[dist]
# distance from previous block
# <min> <max>
0	2

[block]
# block no. 8 follows, 52 sequences, length 15
# corresponding to MSA columns:
# 217-231
name=unknown_I
#
# <colnr> <probs for GDERKNQSTAVLIFYWHMCP>
#	G	D	E	R	K	N	Q	S	T	A	V	L	I	F	Y	W	H	M	C	P
0	0.01339	0.71696	0.05266	0.00894	0.01302	0.10303	0.00876	0.01506	0.01027	0.01159	0.00689	0.00797	0.00622	0.00425	0.00330	0.00108	0.00563	0.00268	0.00212	0.00619
1	0.01093	0.01044	0.01658	0.08314	0.49599	0.04253	0.04242	0.01335	0.01032	0.01424	0.01081	0.01471	0.03101	0.04933	0.09145	0.02127	0.02778	0.00472	0.00248	0.00650
2	0.09168	0.19276	0.09445	0.08032	0.14880	0.10304	0.01029	0.05206	0.02659	0.02814	0.00853	0.01013	0.00689	0.00449	0.00404	0.00126	0.00560	0.00341	0.00263	0.12489
3	0.04824	0.01273	0.09834	0.05634	0.24704	0.05223	0.02834	0.13197	0.05637	0.17802	0.01238	0.03587	0.00933	0.00541	0.00478	0.00150	0.00548	0.00459	0.00368	0.00737
4	0.00694	0.00468	0.00543	0.00560	0.00568	0.00464	0.00332	0.00713	0.00748	0.00995	0.01704	0.12650	0.01974	0.70055	0.02176	0.00428	0.00447	0.03851	0.00318	0.00312
5	0.00602	0.00446	0.00556	0.00633	0.00694	0.00408	0.00435	0.00700	0.00978	0.01274	0.06364	0.56824	0.19107	0.05486	0.00701	0.00202	0.00286	0.03462	0.00446	0.00396
6	0.01233	0.10543	0.07151	0.09084	0.24939	0.09407	0.04382	0.06078	0.03658	0.05365	0.04248	0.08453	0.02197	0.00595	0.00477	0.00147	0.00566	0.00516	0.00306	0.00656
7	0.00764	0.00578	0.00705	0.00747	0.00820	0.02514	0.00542	0.00943	0.05607	0.03599	0.02376	0.44441	0.06693	0.10045	0.04843	0.00251	0.04603	0.09081	0.00413	0.00438
8	0.00646	0.00502	0.00591	0.00596	0.00723	0.00456	0.00446	0.00843	0.03466	0.01555	0.31191	0.15488	0.35253	0.01174	0.00582	0.00168	0.00260	0.05142	0.00481	0.00437
9	0.00624	0.00458	0.00582	0.00665	0.00717	0.00435	0.00451	0.00768	0.04229	0.01298	0.06416	0.66598	0.09059	0.04409	0.00675	0.00201	0.00287	0.01267	0.00450	0.00410
10	0.02622	0.05832	0.07730	0.09502	0.26967	0.14410	0.02833	0.09877	0.03107	0.04901	0.00950	0.01152	0.00752	0.00570	0.02280	0.00160	0.04986	0.00404	0.00282	0.00682
11	0.01297	0.00994	0.01065	0.00970	0.03462	0.08324	0.00735	0.09934	0.22529	0.13137	0.06406	0.04107	0.08420	0.01042	0.08174	0.03550	0.04214	0.00573	0.00429	0.00639
12	0.00710	0.00506	0.00704	0.00713	0.00814	0.00467	0.03497	0.00863	0.01106	0.04558	0.24824	0.42914	0.09780	0.01254	0.00597	0.00180	0.00298	0.05298	0.00472	0.00443
13	0.01147	0.01332	0.15471	0.06996	0.26007	0.05413	0.10068	0.06494	0.01188	0.03938	0.04877	0.05591	0.02768	0.00592	0.00502	0.00154	0.00589	0.03476	0.02736	0.00663
14	0.02952	0.07849	0.12639	0.18860	0.10283	0.09363	0.08338	0.05854	0.08311	0.01542	0.03276	0.01246	0.00858	0.00524	0.00544	0.00153	0.06065	0.00429	0.00274	0.00641

[dist]
# distance from previous block
# <min> <max>
1	10

[block]
# block no. 9 follows, 52 sequences, length 36
# corresponding to MSA columns:
# 242-277
name=unknown_J
#
# <colnr> <probs for GDERKNQSTAVLIFYWHMCP>
#	G	D	E	R	K	N	Q	S	T	A	V	L	I	F	Y	W	H	M	C	P
0	0.02481	0.34415	0.17605	0.01046	0.01465	0.09133	0.02256	0.07970	0.04534	0.06942	0.01004	0.01087	0.02552	0.00512	0.00468	0.00134	0.05094	0.00359	0.00281	0.00661
1	0.25238	0.05345	0.01067	0.00882	0.04088	0.02533	0.00685	0.17938	0.04350	0.11369	0.07660	0.03401	0.04086	0.00766	0.04518	0.00178	0.00459	0.00470	0.04337	0.00628
2	0.00823	0.00588	0.00680	0.00634	0.00805	0.00557	0.00483	0.01161	0.11739	0.07285	0.33726	0.05330	0.30918	0.01008	0.00553	0.00158	0.00270	0.00861	0.01915	0.00506
3	0.01194	0.03826	0.08385	0.02939	0.04746	0.04058	0.05578	0.12311	0.03264	0.09687	0.08776	0.08086	0.04566	0.04969	0.03142	0.00187	0.04026	0.02405	0.00377	0.07478
4	0.79941	0.00929	0.00744	0.00655	0.00960	0.01058	0.00539	0.01496	0.00868	0.08157	0.00770	0.00853	0.00577	0.00461	0.00314	0.00150	0.00378	0.00280	0.00323	0.00548
5	0.02427	0.00498	0.00507	0.00496	0.00618	0.00511	0.00373	0.02820	0.03033	0.01797	0.01555	0.01821	0.01242	0.03251	0.02997	0.00148	0.00281	0.00461	0.74701	0.00464
6	0.79133	0.00961	0.00769	0.00673	0.00980	0.01105	0.00554	0.06345	0.00930	0.03968	0.00733	0.00830	0.00559	0.00462	0.00316	0.00150	0.00386	0.00278	0.00318	0.00551
7	0.01065	0.01027	0.01743	0.33397	0.37177	0.01148	0.05160	0.01353	0.01018	0.01404	0.00898	0.01304	0.00742	0.00508	0.00599	0.00160	0.08617	0.01806	0.00232	0.00644
8	0.00590	0.00422	0.00562	0.00675	0.00703	0.00394	0.00450	0.00675	0.00928	0.01237	0.02671	0.82653	0.03205	0.01518	0.00619	0.00197	0.00281	0.01378	0.00450	0.00394
9	0.00619	0.00447	0.00569	0.00648	0.00697	0.00418	0.00444	0.00713	0.00954	0.01257	0.06490	0.56213	0.11263	0.11076	0.00833	0.00225	0.00308	0.06001	0.00435	0.00390
10	0.00703	0.00475	0.00554	0.00554	0.00563	0.00484	0.00325	0.00721	0.00712	0.00958	0.01504	0.03043	0.01706	0.74948	0.10412	0.00501	0.00554	0.00686	0.00290	0.00308
11	0.01043	0.03719	0.66675	0.01374	0.02013	0.01170	0.04950	0.04044	0.01058	0.03091	0.00886	0.01050	0.00639	0.00488	0.00535	0.00156	0.05803	0.00375	0.00224	0.00706
12	0.00649	0.00492	0.00592	0.00588	0.00714	0.00442	0.00445	0.00814	0.01202	0.01587	0.38312	0.08104	0.33571	0.01158	0.00625	0.02975	0.00260	0.06564	0.00480	0.00426
13	0.00657	0.00496	0.00601	0.00630	0.00742	0.00457	0.00474	0.00844	0.03001	0.01506	0.23469	0.23454	0.27440	0.01220	0.00588	0.00175	0.00279	0.10867	0.02667	0.00432
14	0.01245	0.01069	0.01536	0.27621	0.17182	0.03324	0.03388	0.16019	0.01249	0.05431	0.02433	0.01315	0.00834	0.02305	0.01796	0.00175	0.11682	0.00450	0.00299	0.00646
15	0.82819	0.00942	0.00728	0.00652	0.00951	0.01092	0.00535	0.01473	0.04107	0.02168	0.00729	0.00830	0.00565	0.00459	0.00308	0.00151	0.00375	0.00274	0.00308	0.00535
16	0.00733	0.00564	0.00676	0.00644	0.00783	0.00546	0.00486	0.01079	0.11226	0.01783	0.50127	0.05152	0.17972	0.02984	0.00611	0.00167	0.00265	0.03217	0.00503	0.00482
17	0.04268	0.05011	0.03862	0.01336	0.11867	0.17134	0.08066	0.06564	0.04683	0.08588	0.00997	0.01120	0.00774	0.00474	0.00473	0.00127	0.03135	0.00381	0.00311	0.20826
18	0.65730	0.01174	0.04949	0.02371	0.01180	0.08488	0.03691	0.04705	0.00962	0.02045	0.00728	0.00853	0.00562	0.00460	0.00343	0.00148	0.00467	0.00294	0.00294	0.00556
19	0.03833	0.01208	0.02397	0.04008	0.11246	0.01178	0.53264	0.04740	0.01161	0.04679	0.01056	0.04304	0.00841	0.00485	0.00578	0.00162	0.03366	0.00559	0.00276	0.00660
20	0.00704	0.00476	0.00552	0.00567	0.00579	0.00475	0.00335	0.00746	0.02784	0.01012	0.01699	0.15711	0.01955	0.65327	0.02103	0.03101	0.00436	0.00799	0.00321	0.00319
21	0.01060	0.01060	0.01484	0.01272	0.01272	0.01484	0.01060	0.01166	0.00742	0.01166	0.00636	0.01060	0.00636	0.00848	0.01590	0.00212	0.82082	0.00424	0.00212	0.00530
22	0.01837	0.01399	0.01420	0.01109	0.01481	0.07981	0.00907	0.65857	0.04540	0.06788	0.01193	0.01184	0.00847	0.00578	0.00481	0.00145	0.00550	0.00432	0.00472	0.00801
23	0.01040	0.00696	0.00725	0.02392	0.04615	0.04024	0.00526	0.07697	0.07350	0.01864	0.03630	0.01828	0.04182	0.00598	0.00392	0.00126	0.00317	0.00483	0.56985	0.00528
24	0.10455	0.00816	0.01030	0.00810	0.01156	0.00740	0.00665	0.03810	0.01322	0.63324	0.01981	0.01774	0.06816	0.00629	0.00471	0.00150	0.00395	0.00502	0.02396	0.00756
25	0.08369	0.11736	0.47259	0.01344	0.05806	0.02773	0.06945	0.02737	0.02457	0.04963	0.00907	0.01043	0.00668	0.00461	0.00440	0.00147	0.00645	0.00367	0.00245	0.00691
26	0.01237	0.13134	0.11945	0.01503	0.08647	0.05337	0.23298	0.05745	0.13303	0.03636	0.01094	0.01251	0.00846	0.00583	0.02996	0.00167	0.02176	0.00452	0.00295	0.02354
27	0.00759	0.00536	0.00660	0.00688	0.00771	0.00540	0.00514	0.00954	0.06629	0.01305	0.06374	0.07835	0.09806	0.25330	0.04665	0.05747	0.00435	0.22336	0.03714	0.00404
28	0.00625	0.00434	0.00559	0.00639	0.00665	0.00412	0.00417	0.00686	0.00887	0.01183	0.04428	0.60386	0.04191	0.17572	0.01031	0.03595	0.00322	0.01188	0.00412	0.00369
29	0.01123	0.02603	0.05163	0.02883	0.03079	0.03091	0.07481	0.06492	0.10883	0.07083	0.01490	0.16146	0.01374	0.00694	0.00482	0.00140	0.00453	0.03478	0.00370	0.25493
30	0.00766	0.00583	0.00808	0.00757	0.00867	0.00570	0.06435	0.03292	0.01033	0.03130	0.10828	0.32412	0.14365	0.13749	0.00910	0.00221	0.03872	0.00974	0.03988	0.00439
31	0.00646	0.00471	0.00629	0.00671	0.00741	0.00478	0.00483	0.00774	0.00913	0.01252	0.06935	0.34709	0.10636	0.06495	0.28415	0.00403	0.00633	0.00946	0.03360	0.00409
32	0.00655	0.00462	0.00560	0.00604	0.00639	0.00449	0.00392	0.00715	0.00843	0.01111	0.02293	0.30532	0.10104	0.39217	0.05551	0.00350	0.00424	0.04377	0.00368	0.00353
33	0.04040	0.08442	0.24407	0.01334	0.04044	0.18353	0.11705	0.11894	0.02490	0.02881	0.01006	0.05373	0.00823	0.00534	0.00467	0.00146	0.00675	0.00438	0.00285	0.00662
34	0.02370	0.00970	0.04177	0.02992	0.01252	0.00952	0.00770	0.23121	0.06857	0.21945	0.07308	0.03778	0.10458	0.00877	0.04481	0.00186	0.03225	0.01841	0.01759	0.00682
35	0.00664	0.00446	0.00590	0.00678	0.00723	0.00418	0.00460	0.00753	0.00938	0.04310	0.02593	0.70645	0.04497	0.05605	0.02640	0.00222	0.00322	0.02644	0.00443	0.00408

[dist]
# distance from previous block
# <min> <max>
6	13

[block]
# block no. 10 follows, 52 sequences, length 22
# corresponding to MSA columns:
# 292-303,312-321
name=unknown_K
#
# <colnr> <probs for GDERKNQSTAVLIFYWHMCP>
#	G	D	E	R	K	N	Q	S	T	A	V	L	I	F	Y	W	H	M	C	P
0	0.02625	0.27874	0.14065	0.05519	0.08974	0.08928	0.09182	0.05747	0.03193	0.01448	0.00958	0.03901	0.01761	0.00514	0.00470	0.00139	0.03397	0.00409	0.00254	0.00643
1	0.00711	0.00599	0.02348	0.00701	0.00828	0.00559	0.00527	0.00991	0.10254	0.01454	0.12535	0.38224	0.19379	0.01203	0.00605	0.00176	0.02656	0.02367	0.00448	0.03436
2	0.00738	0.00499	0.00658	0.00727	0.00796	0.00485	0.00521	0.00894	0.04225	0.05685	0.04007	0.61463	0.04062	0.01388	0.00651	0.01650	0.01983	0.08675	0.00452	0.00439
3	0.04501	0.00744	0.00854	0.00813	0.03192	0.05843	0.02777	0.04440	0.00934	0.03750	0.03546	0.02339	0.04638	0.34813	0.15654	0.00393	0.05058	0.00587	0.04682	0.00440
4	0.01220	0.24584	0.25831	0.03962	0.16073	0.06245	0.06305	0.06060	0.02698	0.01504	0.00862	0.01028	0.00684	0.00453	0.00431	0.00137	0.00632	0.00366	0.00240	0.00688
5	0.00624	0.00482	0.00570	0.00571	0.00692	0.00427	0.00419	0.00787	0.01192	0.01572	0.36904	0.16426	0.35245	0.01171	0.00579	0.00164	0.00244	0.01015	0.00486	0.00427
