[name]
unknown

[dist]
# distance from previous block
# <min> <max>
0	59

[block]
# block no. 0 follows, 61 sequences, length 30
# corresponding to MSA columns:
# 87-116
name=unknown_A
#
# <colnr> <probs for GDERKNQSTAVLIFYWHMCP>
#	G	D	E	R	K	N	Q	S	T	A	V	L	I	F	Y	W	H	M	C	P
0	0.13654	0.02450	0.03676	0.02895	0.01066	0.21747	0.00647	0.06055	0.02541	0.13391	0.09848	0.07100	0.09096	0.02405	0.00466	0.00138	0.01475	0.00493	0.00344	0.00513
1	0.07158	0.00803	0.05249	0.00696	0.02441	0.03764	0.00569	0.10958	0.04741	0.11487	0.06926	0.01426	0.01127	0.00505	0.00364	0.00114	0.00332	0.00400	0.32497	0.08442
2	0.04554	0.00994	0.04981	0.03258	0.16198	0.04134	0.04342	0.04896	0.16341	0.05753	0.05580	0.08505	0.04780	0.00622	0.00462	0.00144	0.00438	0.00520	0.00354	0.13145
3	0.03798	0.01068	0.21169	0.00950	0.05446	0.01791	0.02877	0.04122	0.07104	0.02661	0.07053	0.01745	0.05622	0.08086	0.14347	0.00252	0.03074	0.02748	0.01935	0.04152
4	0.00634	0.00452	0.00566	0.04022	0.00722	0.00430	0.00419	0.00759	0.00955	0.03804	0.25576	0.14398	0.20368	0.17481	0.03056	0.00217	0.00312	0.05071	0.00385	0.00373
5	0.00829	0.00786	0.03737	0.09587	0.02410	0.05646	0.00668	0.02323	0.17709	0.01429	0.23067	0.02151	0.09373	0.04174	0.08970	0.00208	0.05528	0.00568	0.00349	0.00486
6	0.01586	0.02010	0.01243	0.01174	0.04714	0.79697	0.00853	0.01703	0.01211	0.01069	0.00672	0.00789	0.00560	0.00441	0.00390	0.00112	0.00766	0.00282	0.00222	0.00507
7	0.00840	0.00793	0.01340	0.75347	0.11240	0.00964	0.01209	0.01124	0.00874	0.01133	0.00770	0.01140	0.00586	0.00426	0.00430	0.00142	0.00568	0.00383	0.00194	0.00500
8	0.01609	0.02053	0.01221	0.01110	0.01332	0.83132	0.00832	0.01720	0.01221	0.01054	0.00666	0.00777	0.00555	0.00444	0.00388	0.00111	0.00777	0.00277	0.00222	0.00499
9	0.00889	0.00766	0.00914	0.04869	0.01120	0.00594	0.00545	0.01085	0.00892	0.01388	0.00766	0.00906	0.00635	0.00325	0.00325	0.00068	0.00332	0.00262	0.00252	0.83069
10	0.00813	0.00766	0.01292	0.83826	0.02967	0.00957	0.01196	0.01101	0.00861	0.01101	0.00766	0.01148	0.00574	0.00431	0.00431	0.00144	0.00574	0.00383	0.00191	0.00479
11	0.01611	0.02004	0.01225	0.01103	0.01332	0.78383	0.00832	0.06308	0.01267	0.01151	0.00687	0.00792	0.00565	0.00448	0.00391	0.00112	0.00759	0.00284	0.00234	0.00513
12	0.00531	0.00379	0.00507	0.00607	0.00634	0.00355	0.00410	0.00610	0.00831	0.01106	0.02371	0.81767	0.02836	0.01344	0.00551	0.00176	0.00255	0.03979	0.00400	0.00352
13	0.00864	0.02228	0.82630	0.01228	0.01864	0.01000	0.01592	0.01364	0.00909	0.01364	0.00773	0.00909	0.00546	0.00409	0.00409	0.00136	0.00637	0.00318	0.00182	0.00637
14	0.00836	0.00773	0.01233	0.44928	0.21047	0.02483	0.01050	0.01068	0.00883	0.01165	0.01058	0.12295	0.01000	0.03836	0.02256	0.00167	0.00522	0.02668	0.00234	0.00497
15	0.00554	0.00397	0.00531	0.00628	0.00670	0.00375	0.00448	0.00651	0.00858	0.01134	0.02414	0.68599	0.05016	0.01315	0.00556	0.00178	0.00274	0.14643	0.00399	0.00358
16	0.00845	0.00781	0.01255	0.71768	0.04909	0.00958	0.01131	0.01220	0.08704	0.01188	0.00876	0.01200	0.00660	0.00446	0.00429	0.00142	0.00542	0.00393	0.02049	0.00502
17	0.00513	0.00434	0.00444	0.00447	0.00586	0.00364	0.00333	0.00623	0.00981	0.01177	0.06592	0.07972	0.75873	0.01097	0.00511	0.00147	0.00219	0.00920	0.00402	0.00364
18	0.17694	0.00751	0.00932	0.00730	0.01051	0.00694	0.00603	0.01947	0.01141	0.67707	0.01498	0.01326	0.00956	0.00509	0.00403	0.00133	0.00360	0.00397	0.00484	0.00684
19	0.00762	0.03218	0.01047	0.34663	0.01715	0.02117	0.02639	0.00946	0.00785	0.01048	0.01004	0.03633	0.02368	0.03501	0.27815	0.05298	0.04770	0.00440	0.00217	0.02016
20	0.01034	0.00990	0.01690	0.13114	0.71960	0.01015	0.01306	0.01293	0.00965	0.01368	0.00804	0.01077	0.00668	0.00390	0.00427	0.00130	0.00520	0.00384	0.00210	0.00656
21	0.00910	0.00794	0.00896	0.00655	0.01023	0.02617	0.00521	0.01130	0.03320	0.01415	0.02685	0.00966	0.00736	0.00343	0.00329	0.00069	0.00328	0.00275	0.00265	0.80724
22	0.01065	0.28373	0.08415	0.01021	0.06507	0.02234	0.08524	0.09453	0.03397	0.04570	0.06499	0.03121	0.05132	0.00656	0.03886	0.00150	0.02254	0.03901	0.00282	0.00561
23	0.87904	0.00833	0.00633	0.00566	0.00833	0.00966	0.00467	0.01266	0.00733	0.01933	0.00600	0.00700	0.00467	0.00400	0.00267	0.00133	0.00333	0.00233	0.00267	0.00467
24	0.00630	0.00451	0.00672	0.00672	0.00738	0.00517	0.00513	0.00743	0.00676	0.00968	0.01115	0.01680	0.01054	0.05226	0.72048	0.10205	0.01049	0.00456	0.00227	0.00360
25	0.03110	0.00896	0.01212	0.01904	0.01110	0.03618	0.03642	0.02489	0.00779	0.03929	0.06636	0.02728	0.00923	0.03083	0.02640	0.01933	0.58231	0.00430	0.00236	0.00470
26	0.00535	0.00382	0.00505	0.00591	0.00622	0.00357	0.00396	0.00618	0.00852	0.01144	0.08977	0.75315	0.02911	0.03846	0.00596	0.00179	0.00251	0.01169	0.00402	0.00352
27	0.01003	0.31107	0.50331	0.01051	0.01572	0.05573	0.01254	0.01357	0.00914	0.01226	0.00707	0.00826	0.00549	0.00397	0.00362	0.00120	0.00583	0.00285	0.00185	0.00600
28	0.01103	0.02654	0.03022	0.11257	0.51051	0.03587	0.04480	0.01352	0.01009	0.09019	0.04903	0.01279	0.00898	0.00445	0.00434	0.00132	0.00506	0.01980	0.00257	0.00632
29	0.00921	0.02378	0.01024	0.05965	0.06008	0.00663	0.02788	0.02509	0.00936	0.02933	0.03661	0.02617	0.00813	0.00381	0.00352	0.00083	0.00357	0.00321	0.01344	0.63947

[dist]
# distance from previous block
# <min> <max>
2	5

[block]
# block no. 1 follows, 61 sequences, length 9
# corresponding to MSA columns:
# 123-131
name=unknown_B
#
# <colnr> <probs for GDERKNQSTAVLIFYWHMCP>
#	G	D	E	R	K	N	Q	S	T	A	V	L	I	F	Y	W	H	M	C	P
0	0.04256	0.02762	0.18324	0.09142	0.07500	0.14081	0.04082	0.18962	0.05816	0.04641	0.00953	0.01110	0.00723	0.00469	0.00413	0.00131	0.00550	0.01816	0.03664	0.00607
1	0.00665	0.00497	0.00609	0.00605	0.00659	0.03376	0.00429	0.00761	0.00698	0.00974	0.01229	0.02086	0.01247	0.34215	0.44462	0.00532	0.00804	0.00515	0.05295	0.00342
2	0.00748	0.00374	0.00561	0.00561	0.00561	0.00374	0.00374	0.00561	0.00561	0.00748	0.00748	0.01309	0.00748	0.01496	0.01684	0.87467	0.00374	0.00374	0.00187	0.00187
3	0.01029	0.01087	0.01307	0.01128	0.01157	0.11965	0.00928	0.01126	0.00733	0.01039	0.00579	0.00921	0.00564	0.00714	0.01280	0.00178	0.73235	0.00364	0.00193	0.00475
4	0.01019	0.01009	0.04365	0.09660	0.62195	0.00996	0.01241	0.01358	0.07201	0.01403	0.00948	0.01289	0.00802	0.00443	0.00435	0.00134	0.00503	0.04115	0.00236	0.00649
5	0.00529	0.00383	0.00501	0.00587	0.00624	0.00354	0.00396	0.00615	0.00859	0.01144	0.07617	0.74759	0.07431	0.01305	0.00545	0.00171	0.00245	0.01178	0.00405	0.00354
6	0.00822	0.00951	0.15260	0.00856	0.04794	0.05626	0.02646	0.02814	0.05355	0.02868	0.19035	0.03472	0.09827	0.12267	0.06977	0.00216	0.01858	0.00567	0.03318	0.00472
7	0.00555	0.00408	0.00507	0.00543	0.00609	0.00374	0.00377	0.00666	0.00947	0.01265	0.25088	0.40074	0.17279	0.08450	0.00674	0.00180	0.00246	0.00990	0.00409	0.00361
8	0.01069	0.05808	0.13899	0.04491	0.06042	0.11660	0.04656	0.06309	0.26412	0.01511	0.05266	0.03083	0.05086	0.00553	0.00450	0.00136	0.02206	0.00452	0.00316	0.00594

[dist]
# distance from previous block
# <min> <max>
0	2

[block]
# block no. 2 follows, 61 sequences, length 46
# corresponding to MSA columns:
# 134-146,148-180
name=unknown_C
#
# <colnr> <probs for GDERKNQSTAVLIFYWHMCP>
#	G	D	E	R	K	N	Q	S	T	A	V	L	I	F	Y	W	H	M	C	P
0	0.01001	0.00911	0.06223	0.14464	0.14467	0.00864	0.07456	0.06384	0.09124	0.07384	0.16304	0.01578	0.02172	0.00536	0.00469	0.00133	0.02612	0.00474	0.00321	0.07124
1	0.07624	0.01120	0.01179	0.01036	0.06062	0.05413	0.00788	0.41189	0.23279	0.03416	0.01161	0.01158	0.00859	0.00523	0.00450	0.00135	0.03143	0.00398	0.00391	0.00676
2	0.17552	0.01065	0.01304	0.04979	0.12381	0.09616	0.11668	0.13421	0.04546	0.08841	0.02927	0.01076	0.00768	0.00441	0.00399	0.00127	0.00489	0.00370	0.00304	0.07726
3	0.00880	0.00836	0.01404	0.60637	0.22131	0.00988	0.01216	0.01152	0.00882	0.01172	0.00768	0.01120	0.00600	0.00433	0.00471	0.00142	0.04061	0.00383	0.00197	0.00528
4	0.00923	0.00820	0.01036	0.00920	0.01010	0.05965	0.02192	0.05108	0.04792	0.03355	0.00972	0.03409	0.00886	0.02587	0.29015	0.00348	0.32879	0.00435	0.02881	0.00468
5	0.00621	0.00450	0.00551	0.00537	0.00644	0.00414	0.00396	0.00810	0.03415	0.03204	0.47296	0.14023	0.20612	0.03172	0.00551	0.00150	0.00226	0.00841	0.01688	0.00401
6	0.01051	0.03147	0.04341	0.00931	0.04195	0.00997	0.02995	0.09550	0.49111	0.02993	0.06495	0.01772	0.08067	0.00648	0.01631	0.00149	0.00380	0.00512	0.00403	0.00632
7	0.08880	0.00724	0.00939	0.00738	0.01044	0.00653	0.00603	0.03130	0.01181	0.68643	0.03611	0.04236	0.01154	0.01878	0.00453	0.00139	0.00358	0.00454	0.00500	0.00683
8	0.02365	0.05221	0.32173	0.06878	0.09291	0.01085	0.14819	0.09948	0.06080	0.01499	0.00875	0.01050	0.00661	0.00509	0.02680	0.00152	0.03480	0.00380	0.00238	0.00615
9	0.00604	0.00443	0.00534	0.00515	0.00633	0.00394	0.00385	0.00767	0.01115	0.03594	0.48538	0.08285	0.30672	0.00971	0.00509	0.00141	0.00215	0.00841	0.00446	0.00397
10	0.00847	0.02049	0.03857	0.09259	0.09119	0.07988	0.05539	0.02718	0.01024	0.01368	0.23830	0.03825	0.09927	0.00862	0.06355	0.00178	0.07425	0.00565	0.02791	0.00474
11	0.00942	0.00942	0.01319	0.01131	0.01131	0.01319	0.00942	0.01037	0.00660	0.01037	0.00565	0.00942	0.00565	0.00754	0.01414	0.00188	0.84073	0.00377	0.00188	0.00471
12	0.00709	0.00576	0.00620	0.00604	0.00644	0.06758	0.00408	0.00764	0.00699	0.00912	0.01292	0.02323	0.03318	0.51474	0.23095	0.00449	0.04228	0.00553	0.00250	0.00323
13	0.01017	0.01519	0.34467	0.01260	0.09719	0.05315	0.06886	0.09682	0.13938	0.01566	0.04873	0.05786	0.01003	0.00518	0.00436	0.00138	0.00532	0.00442	0.00282	0.00621
14	0.25830	0.01655	0.01046	0.00947	0.01172	0.56570	0.00723	0.01557	0.01059	0.01297	0.00656	0.00792	0.00546	0.01788	0.00410	0.00124	0.02833	0.00273	0.00234	0.00486
15	0.62550	0.00880	0.01701	0.02530	0.05518	0.02195	0.00602	0.04182	0.01971	0.02887	0.00734	0.02342	0.00608	0.00465	0.00383	0.00137	0.05948	0.02009	0.00272	0.02084
16	0.00839	0.00856	0.08818	0.00719	0.01039	0.00651	0.02079	0.01207	0.12563	0.01498	0.15840	0.01662	0.07348	0.00525	0.00397	0.00103	0.00332	0.00442	0.00324	0.42757
17	0.00654	0.00484	0.00592	0.00542	0.00683	0.00433	0.00411	0.00863	0.03252	0.03463	0.56176	0.03144	0.19328	0.00864	0.00490	0.00132	0.00222	0.00749	0.00443	0.07073
18	0.00550	0.00427	0.00500	0.00505	0.00613	0.00377	0.00370	0.00689	0.01044	0.01366	0.33363	0.17948	0.38590	0.01057	0.00516	0.00147	0.00218	0.00915	0.00428	0.00377
19	0.02909	0.01253	0.17536	0.02318	0.06072	0.01090	0.05193	0.22981	0.28120	0.01877	0.01310	0.01377	0.03237	0.00530	0.00435	0.00139	0.00467	0.02145	0.00351	0.00658
20	0.01651	0.00705	0.00931	0.00735	0.01022	0.00635	0.00599	0.06398	0.02283	0.61156	0.15824	0.01755	0.01580	0.00594	0.00444	0.00133	0.00341	0.00492	0.02054	0.00669
21	0.01533	0.01161	0.01305	0.03364	0.07429	0.01284	0.00857	0.67204	0.07386	0.02510	0.01060	0.01079	0.00765	0.00509	0.00431	0.00131	0.00470	0.00394	0.00409	0.00718
22	0.01175	0.00977	0.01032	0.00898	0.01160	0.01120	0.00707	0.16681	0.66835	0.01969	0.01621	0.01502	0.01208	0.00572	0.00437	0.00143	0.00365	0.00469	0.00437	0.00691
23	0.03235	0.03644	0.01468	0.07467	0.25163	0.08461	0.07576	0.20006	0.05787	0.08961	0.01033	0.01146	0.01914	0.00459	0.00424	0.00130	0.00512	0.00396	0.01577	0.00642
24	0.00888	0.09019	0.76045	0.01188	0.01802	0.01058	0.01522	0.01358	0.00907	0.01335	0.00759	0.00892	0.00546	0.00406	0.00398	0.00133	0.00622	0.00311	0.00182	0.00630
25	0.00752	0.00394	0.00596	0.00618	0.02640	0.00396	0.00404	0.00587	0.00576	0.00773	0.00763	0.01316	0.00758	0.01526	0.04371	0.82354	0.00404	0.00377	0.00189	0.00206
26	0.12519	0.00746	0.00920	0.00718	0.01032	0.00683	0.00590	0.04942	0.01156	0.58210	0.01449	0.01320	0.00949	0.00498	0.00396	0.00126	0.00353	0.00391	0.05948	0.07055
27	0.00528	0.00412	0.00477	0.00520	0.00609	0.00365	0.00371	0.00626	0.00915	0.01151	0.05826	0.37592	0.41980	0.03248	0.00570	0.00166	0.00242	0.03645	0.00399	0.00358
28	0.01016	0.00934	0.01592	0.21211	0.53955	0.00980	0.04096	0.01275	0.00950	0.03781	0.00846	0.01123	0.00683	0.00459	0.01953	0.00143	0.01759	0.00391	0.02236	0.00618
29	0.01053	0.01036	0.01750	0.10109	0.66931	0.03106	0.07063	0.01316	0.00978	0.01368	0.00807	0.01073	0.00667	0.00388	0.00432	0.00130	0.00540	0.00390	0.00212	0.00651
30	0.00941	0.01004	0.01978	0.07869	0.01895	0.01049	0.49913	0.01210	0.00893	0.01235	0.00855	0.01276	0.00721	0.07641	0.03508	0.00194	0.16606	0.00482	0.00214	0.00519
31	0.00524	0.00377	0.00498	0.00595	0.00624	0.00350	0.00398	0.00600	0.00829	0.01101	0.02432	0.82254	0.05138	0.01342	0.00549	0.00174	0.00249	0.01215	0.00400	0.00350
32	0.00651	0.00508	0.00708	0.00695	0.00760	0.01832	0.00530	0.00781	0.00690	0.00981	0.01139	0.01783	0.01103	0.13843	0.66355	0.00617	0.05941	0.00476	0.00232	0.00375
33	0.03072	0.01088	0.01449	0.20530	0.28076	0.06052	0.02748	0.28485	0.01321	0.01774	0.00865	0.01051	0.00662	0.00444	0.00425	0.00131	0.00530	0.00378	0.00285	0.00635
34	0.10086	0.00765	0.00849	0.02669	0.01008	0.01715	0.01988	0.05703	0.29601	0.07766	0.01648	0.10225	0.06283	0.00816	0.05936	0.00174	0.00392	0.00529	0.06299	0.05547
35	0.02173	0.01116	0.01173	0.02352	0.11300	0.20932	0.06309	0.06063	0.14809	0.03131	0.06516	0.10039	0.03135	0.00745	0.04449	0.00164	0.04222	0.00513	0.00315	0.00545
36	0.01152	0.85121	0.02257	0.00737	0.01106	0.01704	0.00737	0.01290	0.00875	0.01013	0.00599	0.00691	0.00553	0.00369	0.00276	0.00092	0.00461	0.00230	0.00184	0.00553
37	0.01041	0.00813	0.00988	0.03111	0.08508	0.00873	0.02369	0.10359	0.33474	0.06944	0.06991	0.04671	0.11182	0.02202	0.02231	0.00157	0.00375	0.00555	0.02560	0.00595
38	0.03703	0.00919	0.01013	0.00821	0.01100	0.00979	0.00668	0.38935	0.11524	0.13560	0.03778	0.01589	0.05424	0.00587	0.00426	0.00132	0.00385	0.03551	0.08501	0.02403
39	0.01901	0.00750	0.01006	0.00775	0.01106	0.00663	0.00639	0.04032	0.03571	0.78185	0.01685	0.01460	0.01065	0.00534	0.00433	0.00134	0.00368	0.00434	0.00528	0.00732
40	0.00634	0.00478	0.00681	0.00671	0.00729	0.00555	0.00504	0.00755	0.00678	0.00969	0.01164	0.01877	0.01147	0.19284	0.62873	0.00612	0.05302	0.00490	0.00235	0.00365
41	0.00752	0.00686	0.04635	0.00858	0.09931	0.00614	0.01756	0.05299	0.05867	0.02655	0.13448	0.02979	0.35367	0.04162	0.03020	0.00171	0.01744	0.05219	0.00368	0.00467
42	0.01502	0.01790	0.01151	0.01040	0.01256	0.66091	0.00782	0.04928	0.07052	0.02600	0.00825	0.00982	0.00689	0.04513	0.02847	0.00146	0.00719	0.00322	0.00254	0.00512
43	0.00584	0.00404	0.00518	0.00575	0.00633	0.00370	0.00396	0.00680	0.00900	0.03894	0.12522	0.59645	0.12248	0.03761	0.00586	0.00172	0.00249	0.01087	0.00409	0.00369
44	0.63568	0.00817	0.00745	0.00629	0.00915	0.00891	0.00519	0.03612	0.00896	0.22585	0.00893	0.00905	0.00627	0.00437	0.00314	0.00133	0.00346	0.00289	0.00339	0.00542
45	0.00909	0.00845	0.01464	0.59059	0.17232	0.00976	0.07335	0.01190	0.00903	0.03504	0.00805	0.01140	0.00614	0.00425	0.00451	0.00141	0.01874	0.00394	0.00207	0.00531

[dist]
# distance from previous block
# <min> <max>
0	3

[block]
# block no. 3 follows, 61 sequences, length 18
# corresponding to MSA columns:
# 184-201
name=unknown_D
#
# <colnr> <probs for GDERKNQSTAVLIFYWHMCP>
#	G	D	E	R	K	N	Q	S	T	A	V	L	I	F	Y	W	H	M	C	P
0	0.00594	0.00441	0.00555	0.00540	0.00647	0.00402	0.00410	0.00775	0.01149	0.01577	0.60248	0.06108	0.18142	0.00953	0.00515	0.00143	0.00220	0.05730	0.00453	0.00396
1	0.00549	0.00390	0.00498	0.00574	0.00602	0.00369	0.00380	0.00616	0.00800	0.01058	0.02268	0.62377	0.06277	0.17363	0.00865	0.00221	0.00286	0.03799	0.00373	0.00335
2	0.08129	0.00766	0.00989	0.00764	0.01093	0.00696	0.00631	0.06377	0.01240	0.72253	0.01583	0.01387	0.01005	0.00523	0.00421	0.00133	0.00370	0.00416	0.00508	0.00714
3	0.01023	0.03791	0.07906	0.07205	0.01933	0.04938	0.47020	0.04655	0.02682	0.03007	0.01123	0.02866	0.04590	0.00479	0.00492	0.00143	0.01703	0.03633	0.00251	0.00562
4	0.00824	0.00777	0.01312	0.80285	0.06422	0.00960	0.01202	0.01110	0.00867	0.01114	0.00768	0.01145	0.00579	0.00429	0.00430	0.00143	0.00571	0.00383	0.00192	0.00487
5	0.00803	0.00401	0.00401	0.00401	0.00502	0.00401	0.00301	0.01004	0.00903	0.01606	0.01405	0.01606	0.01104	0.00502	0.00301	0.00100	0.00201	0.00401	0.87253	0.00401
6	0.00553	0.00416	0.00589	0.00650	0.00702	0.00388	0.03627	0.00648	0.00850	0.01125	0.02416	0.72490	0.07005	0.01287	0.00548	0.00173	0.00275	0.05500	0.00392	0.00362
7	0.00904	0.04102	0.61542	0.03319	0.03999	0.01035	0.16368	0.01358	0.00929	0.01353	0.00788	0.00961	0.00570	0.00399	0.00425	0.00137	0.00644	0.00355	0.00190	0.00621
8	0.01419	0.00908	0.00983	0.00794	0.01057	0.02952	0.00637	0.36555	0.08567	0.17340	0.01307	0.01374	0.00963	0.05191	0.00502	0.00141	0.00391	0.00418	0.17871	0.00630
9	0.87904	0.00833	0.00633	0.00566	0.00833	0.00966	0.00467	0.01266	0.00733	0.01933	0.00600	0.00700	0.00467	0.00400	0.00267	0.00133	0.00333	0.00233	0.00267	0.00467
10	0.00512	0.00424	0.00449	0.00468	0.00590	0.00361	0.00341	0.00615	0.00951	0.01151	0.03979	0.19680	0.66713	0.01141	0.00517	0.00151	0.00224	0.00970	0.00400	0.00361
11	0.02297	0.03289	0.00894	0.00763	0.00968	0.03477	0.00596	0.12504	0.35475	0.01700	0.04920	0.07109	0.09771	0.02653	0.01791	0.00154	0.02049	0.00551	0.08474	0.00566
12	0.00990	0.03923	0.62185	0.01120	0.01660	0.00994	0.01355	0.09637	0.01028	0.05586	0.00902	0.01120	0.00682	0.04889	0.00507	0.00150	0.00586	0.01827	0.00234	0.00625
13	0.00614	0.00458	0.00584	0.00631	0.00734	0.00430	0.00511	0.00775	0.01009	0.01310	0.17292	0.11489	0.23616	0.02670	0.00582	0.00175	0.00302	0.36025	0.00409	0.00383
14	0.00914	0.00791	0.03281	0.11062	0.05162	0.00854	0.03880	0.12709	0.07814	0.02607	0.02984	0.05742	0.05847	0.01313	0.21559	0.00287	0.08082	0.03252	0.01348	0.00512
15	0.00925	0.00645	0.00626	0.00580	0.00711	0.07518	0.00440	0.07650	0.03803	0.02924	0.09305	0.03297	0.03222	0.03054	0.03860	0.02702	0.01540	0.00465	0.46291	0.00441
16	0.01155	0.42669	0.06573	0.00937	0.04214	0.15895	0.02692	0.03264	0.03687	0.01139	0.00747	0.00926	0.00657	0.03254	0.05481	0.00152	0.02960	0.00300	0.00215	0.03084
17	0.02797	0.03027	0.03362	0.00748	0.06126	0.04606	0.00546	0.04105	0.00977	0.02353	0.07589	0.10540	0.30120	0.04606	0.08972	0.00204	0.00416	0.01810	0.00337	0.06758

[dist]
# distance from previous block
# <min> <max>
1	8

[block]
# block no. 4 follows, 61 sequences, length 9
# corresponding to MSA columns:
# 210-218
name=unknown_E
#
# <colnr> <probs for GDERKNQSTAVLIFYWHMCP>
#	G	D	E	R	K	N	Q	S	T	A	V	L	I	F	Y	W	H	M	C	P
0	0.01215	0.02521	0.09447	0.03034	0.10839	0.11901	0.03027	0.09977	0.08790	0.11190	0.02672	0.01209	0.02707	0.00465	0.00402	0.00117	0.00470	0.00378	0.03663	0.15976
1	0.37371	0.13029	0.02463	0.02715	0.01115	0.06103	0.02886	0.17454	0.03562	0.04735	0.00816	0.00892	0.00622	0.00437	0.00334	0.00125	0.00424	0.00302	0.04062	0.00554
2	0.22415	0.09889	0.16248	0.00979	0.04064	0.04929	0.05385	0.06990	0.18471	0.05207	0.00986	0.01034	0.00741	0.00452	0.00375	0.00132	0.00464	0.00346	0.00296	0.00599
3	0.01116	0.01130	0.01662	0.06899	0.68389	0.10627	0.01258	0.01356	0.01002	0.01349	0.00791	0.01037	0.00661	0.00393	0.00422	0.00127	0.00546	0.00371	0.00213	0.00650
4	0.00706	0.00622	0.04227	0.00757	0.04019	0.02113	0.04267	0.00933	0.05873	0.02671	0.21577	0.22319	0.10090	0.06736	0.06725	0.00206	0.00381	0.01924	0.03421	0.00430
5	0.01216	0.08637	0.16418	0.04278	0.13683	0.07085	0.09279	0.09120	0.06741	0.12585	0.01085	0.01172	0.03103	0.00471	0.00453	0.00132	0.03232	0.00393	0.00291	0.00627
6	0.03398	0.00753	0.05055	0.02401	0.13912	0.00683	0.04130	0.05510	0.04768	0.13071	0.01779	0.33433	0.04783	0.00850	0.00483	0.00152	0.00376	0.03568	0.00367	0.00526
7	0.00663	0.00506	0.04363	0.00577	0.00635	0.00439	0.00407	0.00729	0.00742	0.04498	0.01689	0.28744	0.01915	0.45190	0.04371	0.00318	0.00398	0.03161	0.00316	0.00336
8	0.00545	0.00405	0.00505	0.00564	0.00625	0.00376	0.00395	0.00640	0.00873	0.01140	0.07522	0.48895	0.20449	0.07002	0.03880	0.00204	0.00294	0.04944	0.00388	0.00354

[dist]
# distance from previous block
# <min> <max>
0	1

[block]
# block no. 5 follows, 61 sequences, length 16
# corresponding to MSA columns:
# 220-235
name=unknown_F
#
# <colnr> <probs for GDERKNQSTAVLIFYWHMCP>
#	G	D	E	R	K	N	Q	S	T	A	V	L	I	F	Y	W	H	M	C	P
0	0.01105	0.01508	0.29177	0.01054	0.02833	0.14574	0.04055	0.01660	0.21941	0.07375	0.04113	0.01345	0.04002	0.00512	0.00424	0.00134	0.00522	0.00413	0.02646	0.00607
1	0.00575	0.00417	0.00544	0.00590	0.00658	0.00390	0.00431	0.00708	0.00980	0.01324	0.28026	0.39900	0.09318	0.03240	0.00580	0.00169	0.00256	0.11103	0.00420	0.00373
2	0.00918	0.01418	0.32259	0.07152	0.12355	0.00955	0.18820	0.04212	0.03758	0.01432	0.06747	0.03711	0.03325	0.00488	0.00451	0.00139	0.00565	0.00458	0.00246	0.00592
3	0.01139	0.06448	0.23446	0.04496	0.26565	0.07318	0.04477	0.05063	0.01041	0.09601	0.02562	0.02856	0.00777	0.00453	0.00435	0.00131	0.01924	0.00385	0.00254	0.00628
4	0.24141	0.01341	0.09492	0.00873	0.01156	0.24212	0.00752	0.16052	0.01192	0.03450	0.09005	0.01105	0.00945	0.00494	0.00392	0.00127	0.01700	0.00349	0.02680	0.00541
5	0.73375	0.00923	0.00707	0.00634	0.00895	0.06434	0.00513	0.01400	0.08939	0.01861	0.00721	0.00797	0.00558	0.00421	0.00292	0.00133	0.00363	0.00262	0.00281	0.00491
6	0.00628	0.00503	0.00576	0.00551	0.00695	0.00464	0.00416	0.00885	0.09188	0.01423	0.28776	0.10335	0.34715	0.00950	0.00496	0.00141	0.00239	0.02922	0.00419	0.05676
7	0.01081	0.00872	0.03621	0.05676	0.08846	0.02449	0.00745	0.20156	0.12734	0.06163	0.07159	0.01848	0.08817	0.00866	0.08155	0.00188	0.00470	0.03932	0.05647	0.00574
8	0.00538	0.00385	0.00508	0.00591	0.00621	0.00367	0.00396	0.00613	0.00805	0.01075	0.02271	0.71282	0.04603	0.07888	0.05668	0.00224	0.00317	0.01125	0.00379	0.00345
9	0.01125	0.02876	0.17234	0.03951	0.15978	0.05411	0.12290	0.07098	0.07978	0.08568	0.02431	0.02595	0.00824	0.00449	0.00425	0.00127	0.00522	0.00402	0.00282	0.09434
10	0.00942	0.02125	0.74388	0.01204	0.01811	0.01034	0.01513	0.09407	0.01023	0.01501	0.00799	0.00922	0.00565	0.00420	0.00411	0.00136	0.00620	0.00325	0.00207	0.00646
11	0.00945	0.02402	0.00922	0.00694	0.01012	0.00677	0.00551	0.03628	0.09083	0.04497	0.01050	0.08856	0.00929	0.00473	0.00399	0.00092	0.03295	0.00384	0.00299	0.59812
12	0.00971	0.08673	0.18769	0.02150	0.06878	0.03201	0.10054	0.04447	0.03947	0.02235	0.02323	0.05173	0.02978	0.00471	0.00430	0.00117	0.03053	0.00399	0.00254	0.23478
13	0.00808	0.00771	0.04040	0.39036	0.03733	0.00792	0.12107	0.01074	0.00966	0.02765	0.17002	0.06654	0.02650	0.00576	0.00458	0.00140	0.00477	0.00534	0.03363	0.02053
14	0.00604	0.00446	0.00626	0.00632	0.00699	0.00490	0.00470	0.00731	0.00741	0.01037	0.06330	0.08350	0.05791	0.14150	0.56253	0.00552	0.00876	0.00585	0.00272	0.00365
15	0.00900	0.07310	0.02823	0.08138	0.33902	0.00867	0.02215	0.01130	0.02026	0.01355	0.09451	0.03270	0.06625	0.01913	0.02395	0.00145	0.03401	0.00471	0.09076	0.02587

[dist]
# distance from previous block
# <min> <max>
0	1

[block]
# block no. 6 follows, 61 sequences, length 7
# corresponding to MSA columns:
# 237-243
name=unknown_G
#
# <colnr> <probs for GDERKNQSTAVLIFYWHMCP>
#	G	D	E	R	K	N	Q	S	T	A	V	L	I	F	Y	W	H	M	C	P
0	0.01018	0.07940	0.02825	0.08901	0.01220	0.02173	0.00671	0.09826	0.02449	0.06094	0.04767	0.01202	0.02146	0.00699	0.06240	0.04958	0.03416	0.00357	0.00284	0.32816
1	0.04897	0.03937	0.02552	0.16115	0.09897	0.10555	0.09278	0.08946	0.10816	0.01429	0.01158	0.03863	0.05141	0.00680	0.05171	0.00169	0.04129	0.00443	0.00276	0.00550
2	0.05276	0.05266	0.01001	0.00710	0.01015	0.00727	0.03765	0.04941	0.00966	0.04775	0.07432	0.01193	0.00971	0.02377	0.00450	0.00101	0.04954	0.00343	0.05596	0.48139
3	0.03145	0.00660	0.00815	0.08815	0.01029	0.03229	0.00585	0.10476	0.07820	0.05709	0.01055	0.04788	0.00946	0.01028	0.01022	0.41038	0.00408	0.04146	0.00281	0.03004
4	0.01187	0.36395	0.04873	0.03695	0.01196	0.01292	0.00778	0.09706	0.10578	0.09681	0.04955	0.01117	0.00905	0.00572	0.02687	0.00138	0.09012	0.00355	0.00292	0.00586
5	0.00957	0.00836	0.06177	0.12777	0.13174	0.02300	0.07366	0.03349	0.00956	0.09772	0.03232	0.09094	0.02386	0.05351	0.07046	0.02926	0.00522	0.06658	0.00294	0.04829
6	0.00930	0.07549	0.07981	0.02116	0.04210	0.10881	0.06215	0.03219	0.09493	0.01226	0.02663	0.07466	0.07097	0.10089	0.11121	0.00239	0.06226	0.00513	0.00276	0.00488

[dist]
# distance from previous block
# <min> <max>
0	20

[block]
# block no. 7 follows, 61 sequences, length 9
# corresponding to MSA columns:
# 264-272
name=unknown_H
#
# <colnr> <probs for GDERKNQSTAVLIFYWHMCP>
#	G	D	E	R	K	N	Q	S	T	A	V	L	I	F	Y	W	H	M	C	P
0	0.00787	0.00716	0.01156	0.62488	0.02414	0.00865	0.01027	0.01023	0.00838	0.01103	0.00932	0.09678	0.00829	0.00640	0.02957	0.02137	0.04416	0.00464	0.00217	0.05312
1	0.09819	0.04120	0.07214	0.02797	0.01146	0.00821	0.02203	0.05547	0.00925	0.01445	0.00933	0.03235	0.00849	0.00514	0.00487	0.00115	0.09695	0.08542	0.00266	0.39326
2	0.05749	0.11892	0.38554	0.08057	0.01603	0.01020	0.04827	0.01347	0.09142	0.01372	0.03369	0.03144	0.02710	0.00514	0.00413	0.00137	0.00523	0.04808	0.00246	0.00573
3	0.08407	0.01121	0.09910	0.05241	0.64209	0.01014	0.01272	0.01314	0.00948	0.01436	0.00787	0.01022	0.00646	0.00389	0.00411	0.00130	0.00512	0.00364	0.00214	0.00652
4	0.09864	0.00791	0.00886	0.00656	0.01018	0.00659	0.00527	0.03632	0.04000	0.04699	0.00831	0.00928	0.00666	0.00352	0.00326	0.00079	0.00328	0.00273	0.00280	0.69208
5	0.04332	0.00429	0.00625	0.00681	0.05154	0.00433	0.00433	0.00636	0.00614	0.00864	0.00884	0.08338	0.00911	0.01376	0.01459	0.71568	0.00370	0.00441	0.00210	0.00240
6	0.01009	0.26348	0.37498	0.00979	0.01429	0.01193	0.01091	0.01526	0.17320	0.03474	0.00996	0.03643	0.00791	0.00466	0.00381	0.00126	0.00505	0.00358	0.00251	0.00615
7	0.08252	0.00630	0.00719	0.00640	0.00813	0.00639	0.00493	0.10034	0.07461	0.06115	0.23680	0.07595	0.13723	0.02938	0.03828	0.05062	0.01441	0.00623	0.00391	0.04924
8	0.04997	0.00869	0.06689	0.00872	0.01069	0.05954	0.10215	0.02673	0.04737	0.10121	0.06626	0.08481	0.03273	0.17391	0.07357	0.00242	0.06234	0.01412	0.00312	0.00476

[dist]
# distance from previous block
# <min> <max>
0	37

# created by:
# /st0/software/busco_prod/Augustus/scripts/msa2prfl.pl ./align_prep/145210.fa
