[name]
unknown

[dist]
# distance from previous block
# <min> <max>
0	96

[block]
# block no. 0 follows, 54 sequences, length 24
# corresponding to MSA columns:
# 114-137
name=unknown_A
#
# <colnr> <probs for GDERKNQSTAVLIFYWHMCP>
#	G	D	E	R	K	N	Q	S	T	A	V	L	I	F	Y	W	H	M	C	P
0	0.00574	0.00410	0.00547	0.00657	0.00684	0.00383	0.00438	0.00657	0.00903	0.01204	0.02599	0.83122	0.03119	0.01477	0.00602	0.00191	0.00274	0.01340	0.00438	0.00383
1	0.01167	0.01120	0.01914	0.02894	0.80488	0.01120	0.01447	0.01447	0.01074	0.01540	0.00887	0.01167	0.00747	0.00420	0.00467	0.00140	0.00560	0.00420	0.00233	0.00747
2	0.02103	0.00823	0.01107	0.00849	0.01214	0.00723	0.00701	0.05332	0.01384	0.77733	0.01831	0.01586	0.01153	0.00583	0.00474	0.00146	0.00406	0.00472	0.00579	0.00802
3	0.00686	0.00457	0.00514	0.00514	0.00514	0.00457	0.00286	0.00686	0.00686	0.00914	0.01486	0.03086	0.01714	0.83430	0.02400	0.00457	0.00457	0.00686	0.00286	0.00286
4	0.00946	0.02439	0.80987	0.01344	0.02041	0.01095	0.01742	0.01493	0.00995	0.01493	0.00846	0.00995	0.00597	0.00448	0.00448	0.00149	0.00697	0.00348	0.00199	0.00697
5	0.00890	0.00838	0.01414	0.82296	0.03247	0.01048	0.01309	0.01205	0.00943	0.01205	0.00838	0.01257	0.00629	0.00471	0.00471	0.00157	0.00629	0.00419	0.00210	0.00524
6	0.00890	0.00838	0.01414	0.82296	0.03247	0.01048	0.01309	0.01205	0.00943	0.01205	0.00838	0.01257	0.00629	0.00471	0.00471	0.00157	0.00629	0.00419	0.00210	0.00524
7	0.00574	0.00410	0.00547	0.00657	0.00684	0.00383	0.00438	0.00657	0.00903	0.01204	0.02599	0.83122	0.03119	0.01477	0.00602	0.00191	0.00274	0.01340	0.00438	0.00383
8	0.01173	0.01013	0.01066	0.00960	0.01226	0.01173	0.00746	0.02505	0.79636	0.01972	0.01919	0.01759	0.01439	0.00640	0.00480	0.00160	0.00373	0.00533	0.00480	0.00746
9	0.00946	0.02439	0.80987	0.01344	0.02041	0.01095	0.01742	0.01493	0.00995	0.01493	0.00846	0.00995	0.00597	0.00448	0.00448	0.00149	0.00697	0.00348	0.00199	0.00697
10	0.00667	0.00482	0.00630	0.00593	0.00704	0.00445	0.00445	0.00890	0.01335	0.01891	0.80239	0.03522	0.04449	0.00964	0.00556	0.00148	0.00222	0.00853	0.00519	0.00445
11	0.00612	0.00520	0.00536	0.00529	0.00674	0.02452	0.00394	0.00753	0.01131	0.01402	0.21035	0.07610	0.58424	0.01138	0.00556	0.00157	0.00252	0.00962	0.00451	0.00411
12	0.03737	0.00976	0.01158	0.00908	0.01257	0.03094	0.00743	0.22125	0.05057	0.50928	0.01639	0.03821	0.01112	0.00602	0.00472	0.00146	0.00438	0.00480	0.00530	0.00774
13	0.03697	0.00906	0.00957	0.00781	0.01039	0.00977	0.00631	0.40076	0.01611	0.05131	0.01322	0.01413	0.00985	0.00556	0.00405	0.00128	0.00380	0.00428	0.37945	0.00635
14	0.00636	0.00464	0.00623	0.00688	0.00745	0.00467	0.00486	0.03124	0.00914	0.01234	0.02303	0.57882	0.05311	0.01944	0.20435	0.00328	0.00522	0.01095	0.00393	0.00406
15	0.11458	0.01151	0.02213	0.10858	0.08225	0.01172	0.49098	0.01429	0.01025	0.01525	0.00876	0.01184	0.00676	0.00443	0.00579	0.00159	0.06598	0.00484	0.00239	0.00608
16	0.00978	0.00838	0.00978	0.00698	0.01117	0.00629	0.00559	0.01187	0.00978	0.01536	0.00838	0.00978	0.00698	0.00349	0.00349	0.00070	0.00349	0.00279	0.00279	0.86312
17	0.01759	0.01092	0.01210	0.00946	0.01300	0.04525	0.00771	0.34922	0.07144	0.30038	0.01534	0.01440	0.03780	0.00580	0.00465	0.00139	0.00459	0.00454	0.00487	0.06955
18	0.01187	0.00982	0.01040	0.00934	0.01196	0.01128	0.00727	0.02439	0.74028	0.04198	0.01901	0.01755	0.01422	0.00634	0.00473	0.00157	0.00367	0.00527	0.04171	0.00735
19	0.00772	0.00653	0.00741	0.03446	0.03357	0.05160	0.00571	0.01043	0.10702	0.01350	0.07054	0.35954	0.11902	0.06835	0.02033	0.00204	0.00374	0.06985	0.00409	0.00456
20	0.00951	0.00936	0.01409	0.76640	0.03123	0.06662	0.01282	0.01252	0.00970	0.01201	0.00830	0.01229	0.00627	0.00472	0.00468	0.00155	0.00644	0.00411	0.00212	0.00525
21	0.01279	0.00755	0.00951	0.00932	0.00976	0.00692	0.00618	0.00972	0.00926	0.01279	0.01271	0.02023	0.01236	0.01854	0.01938	0.80355	0.00564	0.00555	0.00362	0.00461
22	0.00875	0.00815	0.01368	0.76608	0.03080	0.01016	0.01259	0.01179	0.00930	0.01197	0.00868	0.01299	0.00667	0.00685	0.06128	0.00199	0.00673	0.00425	0.00213	0.00517
23	0.00775	0.00682	0.00671	0.00662	0.00823	0.06184	0.00510	0.04236	0.07317	0.01415	0.05626	0.09903	0.45603	0.02594	0.00588	0.00171	0.00336	0.11020	0.00428	0.00456

[dist]
# distance from previous block
# <min> <max>
1	19

[block]
# block no. 1 follows, 54 sequences, length 44
# corresponding to MSA columns:
# 157-200
name=unknown_B
#
# <colnr> <probs for GDERKNQSTAVLIFYWHMCP>
#	G	D	E	R	K	N	Q	S	T	A	V	L	I	F	Y	W	H	M	C	P
0	0.00574	0.00410	0.00547	0.00657	0.00684	0.00383	0.00438	0.00657	0.00903	0.01204	0.02599	0.83122	0.03119	0.01477	0.00602	0.00191	0.00274	0.01340	0.00438	0.00383
1	0.24314	0.00768	0.00844	0.00718	0.00982	0.00773	0.00572	0.04843	0.05127	0.31287	0.04853	0.08594	0.04053	0.02862	0.00482	0.00156	0.00358	0.00527	0.07271	0.00614
2	0.00858	0.00561	0.00678	0.00629	0.00766	0.00535	0.00461	0.02059	0.07544	0.09997	0.35862	0.07792	0.13996	0.15152	0.00860	0.00206	0.00303	0.00801	0.00466	0.00474
3	0.00704	0.00547	0.00634	0.00612	0.00762	0.00512	0.00475	0.04544	0.04349	0.01630	0.32881	0.03966	0.36219	0.01067	0.00560	0.00161	0.00272	0.09181	0.00472	0.00453
4	0.01740	0.01268	0.01366	0.01062	0.01427	0.01401	0.00872	0.67854	0.10307	0.05959	0.01244	0.01217	0.00883	0.00574	0.00473	0.00144	0.00499	0.00438	0.00477	0.00796
5	0.00615	0.00479	0.00561	0.00575	0.00694	0.00431	0.00426	0.00786	0.02695	0.01461	0.26282	0.19682	0.37697	0.01176	0.00569	0.00165	0.00253	0.04574	0.00462	0.00417
6	0.00901	0.00511	0.00529	0.00502	0.00632	0.00512	0.00380	0.06771	0.01099	0.01791	0.06816	0.02088	0.07699	0.03205	0.00437	0.00129	0.00251	0.00517	0.64773	0.00458
7	0.01161	0.00928	0.01006	0.00893	0.01145	0.01038	0.00697	0.06629	0.57745	0.05704	0.12976	0.02060	0.04546	0.00698	0.00492	0.00157	0.00357	0.00585	0.00488	0.00698
8	0.06875	0.00819	0.01043	0.00815	0.01149	0.00753	0.00665	0.08109	0.01341	0.63347	0.01704	0.01594	0.01128	0.04398	0.00547	0.00158	0.00404	0.00466	0.03939	0.00747
9	0.00741	0.00578	0.00662	0.00628	0.00785	0.00560	0.00477	0.01118	0.14949	0.02942	0.36284	0.05506	0.29741	0.00998	0.00544	0.00156	0.00262	0.02100	0.00482	0.00486
10	0.67181	0.00963	0.00833	0.00707	0.01017	0.01087	0.00583	0.12845	0.01056	0.08847	0.00827	0.00890	0.00608	0.00469	0.00334	0.00145	0.00390	0.00299	0.00343	0.00578
11	0.04701	0.00806	0.01082	0.00832	0.01195	0.00704	0.00687	0.02270	0.01333	0.78411	0.01823	0.01579	0.01147	0.00579	0.00469	0.00146	0.00400	0.00467	0.00575	0.00794
12	0.08164	0.00553	0.00684	0.00648	0.00714	0.00585	0.00451	0.07782	0.00803	0.01168	0.01016	0.01743	0.01016	0.19312	0.08582	0.45234	0.00499	0.00466	0.00258	0.00321
13	0.00879	0.00824	0.01343	0.01130	0.01248	0.00992	0.14427	0.01054	0.00803	0.01171	0.00992	0.01529	0.00929	0.06645	0.34256	0.00439	0.30126	0.00492	0.00236	0.00485
14	0.00819	0.00410	0.00614	0.00614	0.00614	0.00410	0.00410	0.00614	0.00614	0.00819	0.00819	0.01433	0.00819	0.01638	0.01843	0.86282	0.00410	0.00410	0.00205	0.00205
15	0.00572	0.00418	0.00539	0.00635	0.00678	0.00385	0.00428	0.00659	0.00924	0.01212	0.02863	0.73603	0.12467	0.01443	0.00596	0.00188	0.00269	0.01299	0.00438	0.00385
16	0.01102	0.00913	0.01080	0.11231	0.03528	0.01038	0.00815	0.07645	0.45840	0.02787	0.01782	0.06892	0.01506	0.03252	0.00561	0.00174	0.00424	0.08346	0.00427	0.00656
17	0.01261	0.83713	0.02471	0.00807	0.01210	0.01866	0.00807	0.01412	0.00958	0.01109	0.00656	0.00756	0.00605	0.00403	0.00303	0.00101	0.00504	0.00252	0.00202	0.00605
18	0.01002	0.00882	0.00989	0.00714	0.01128	0.03143	0.00570	0.01209	0.00989	0.01525	0.00835	0.00974	0.00696	0.00353	0.00352	0.00071	0.00365	0.00280	0.00278	0.83646
19	0.01168	0.03445	0.13868	0.18414	0.01919	0.21558	0.10487	0.01435	0.01083	0.04114	0.02595	0.08157	0.01005	0.00658	0.02078	0.00163	0.04170	0.02854	0.00266	0.00564
20	0.01136	0.00975	0.01034	0.00941	0.01192	0.01124	0.00727	0.02391	0.74744	0.01925	0.01961	0.06815	0.01544	0.00692	0.00487	0.00162	0.00367	0.00583	0.00477	0.00724
21	0.01525	0.01140	0.01332	0.15248	0.01711	0.01240	0.00912	0.49079	0.05007	0.06108	0.01112	0.01183	0.00802	0.00527	0.00457	0.00136	0.00506	0.00413	0.00408	0.11153
22	0.01224	0.04064	0.02993	0.00840	0.04725	0.05131	0.00645	0.06541	0.01312	0.22948	0.26185	0.02612	0.17251	0.00792	0.00505	0.00146	0.00367	0.00663	0.00468	0.00588
23	0.00663	0.00477	0.00615	0.00589	0.00697	0.00440	0.00439	0.00874	0.01292	0.01826	0.71168	0.08124	0.06988	0.00992	0.00553	0.00150	0.00226	0.00876	0.02572	0.00440
24	0.01495	0.01145	0.01256	0.00944	0.01336	0.01158	0.00773	0.50565	0.01765	0.02448	0.01025	0.01076	0.00764	0.00487	0.00427	0.00115	0.00457	0.00372	0.00402	0.31991
25	0.00633	0.00435	0.00530	0.00581	0.00594	0.00422	0.00357	0.00672	0.00788	0.01051	0.02010	0.40789	0.02376	0.44823	0.01553	0.00332	0.00371	0.00994	0.00357	0.00332
26	0.01136	0.00906	0.00988	0.00872	0.01118	0.00993	0.00685	0.13022	0.42563	0.02843	0.07472	0.02202	0.04799	0.05498	0.00600	0.00172	0.00383	0.06166	0.02517	0.05065
27	0.01111	0.13266	0.12554	0.01713	0.02193	0.01285	0.55454	0.01482	0.01064	0.01439	0.00887	0.01155	0.00682	0.00418	0.00537	0.00151	0.03265	0.00482	0.00227	0.00635
28	0.01792	0.01321	0.01415	0.01085	0.01462	0.01462	0.00896	0.78916	0.02217	0.02972	0.01132	0.01132	0.00802	0.00566	0.00472	0.00142	0.00519	0.00425	0.00472	0.00802
29	0.00574	0.00410	0.00547	0.00657	0.00684	0.00383	0.00438	0.00657	0.00903	0.01204	0.02599	0.83122	0.03119	0.01477	0.00602	0.00191	0.00274	0.01340	0.00438	0.00383
30	0.00821	0.00542	0.00679	0.00675	0.00761	0.00568	0.00487	0.04850	0.09186	0.01301	0.01715	0.18837	0.06139	0.03658	0.12799	0.25724	0.00478	0.00676	0.09704	0.00400
31	0.01611	0.01989	0.01234	0.01124	0.01356	0.68464	0.00844	0.04466	0.01328	0.01231	0.01166	0.04488	0.07553	0.00589	0.00445	0.00128	0.00763	0.00409	0.00276	0.00536
32	0.01050	0.01062	0.01441	0.01237	0.01243	0.03482	0.01028	0.01154	0.00738	0.01135	0.00622	0.01027	0.00619	0.00817	0.01519	0.00204	0.80488	0.00410	0.00207	0.00517
33	0.04334	0.00786	0.00918	0.00695	0.01057	0.00623	0.00549	0.01131	0.00952	0.01506	0.01001	0.07802	0.00919	0.00630	0.05069	0.00123	0.00396	0.00379	0.00291	0.70836
34	0.00657	0.00465	0.00537	0.00541	0.00587	0.00450	0.00345	0.00715	0.00836	0.01099	0.09264	0.07139	0.15873	0.51977	0.05521	0.00373	0.00426	0.02517	0.00343	0.00334
35	0.00686	0.00457	0.00514	0.00514	0.00514	0.00457	0.00286	0.00686	0.00686	0.00914	0.01486	0.03086	0.01714	0.83430	0.02400	0.00457	0.00457	0.00686	0.00286	0.00286
36	0.01288	0.00887	0.00983	0.00855	0.01127	0.00947	0.00673	0.05138	0.46364	0.18479	0.02376	0.02189	0.15172	0.00722	0.00492	0.00156	0.00361	0.00597	0.00494	0.00699
37	0.00699	0.00516	0.00607	0.00623	0.00728	0.00494	0.00448	0.00922	0.08121	0.03156	0.13824	0.25436	0.23566	0.13145	0.00834	0.00213	0.00305	0.05501	0.00434	0.00427
38	0.01856	0.01109	0.01271	0.00986	0.01350	0.01162	0.00811	0.44984	0.08404	0.30846	0.01460	0.01354	0.00987	0.00579	0.00473	0.00145	0.00464	0.00451	0.00513	0.00797
39	0.01532	0.01134	0.01220	0.00995	0.01317	0.01262	0.00802	0.41588	0.32087	0.07040	0.01496	0.01429	0.01087	0.00595	0.00469	0.00148	0.00443	0.00470	0.04122	0.00765
40	0.00801	0.00570	0.00657	0.00640	0.00795	0.00537	0.00485	0.04759	0.06703	0.07052	0.11893	0.19649	0.35335	0.02429	0.00586	0.00171	0.00294	0.05711	0.00459	0.00473
41	0.00736	0.00587	0.00645	0.00646	0.00788	0.00584	0.00486	0.01103	0.17280	0.01402	0.04131	0.10578	0.35231	0.11487	0.00784	0.00206	0.00320	0.10184	0.02362	0.00461
42	0.00578	0.00412	0.00546	0.00652	0.00678	0.00386	0.00432	0.00658	0.00895	0.01194	0.02560	0.80348	0.03070	0.04318	0.00664	0.00201	0.00280	0.01318	0.00432	0.00380
43	0.03345	0.00509	0.00616	0.00605	0.00729	0.00474	0.00454	0.02349	0.01195	0.03353	0.41938	0.15351	0.20497	0.02150	0.00580	0.00164	0.00260	0.04516	0.00476	0.00440

[dist]
# distance from previous block
# <min> <max>
2	3

[block]
# block no. 2 follows, 54 sequences, length 18
# corresponding to MSA columns:
# 204-208,210-222
name=unknown_C
#
# <colnr> <probs for GDERKNQSTAVLIFYWHMCP>
#	G	D	E	R	K	N	Q	S	T	A	V	L	I	F	Y	W	H	M	C	P
0	0.00663	0.00447	0.00521	0.00544	0.00549	0.00442	0.00317	0.00680	0.00730	0.00974	0.01715	0.19584	0.02004	0.66536	0.02029	0.00402	0.00419	0.00821	0.00317	0.00306
1	0.00690	0.00500	0.00620	0.00668	0.00775	0.00478	0.00526	0.00890	0.03395	0.01443	0.13590	0.18695	0.19393	0.03136	0.00620	0.00186	0.00316	0.26349	0.07307	0.00425
2	0.00732	0.00537	0.00671	0.00710	0.00800	0.00539	0.00535	0.04267	0.04980	0.01364	0.06510	0.26946	0.09430	0.14161	0.05762	0.00265	0.00413	0.20544	0.00410	0.00424
3	0.86760	0.00912	0.00693	0.00620	0.00912	0.01058	0.00511	0.01386	0.00802	0.02115	0.00657	0.00766	0.00511	0.00438	0.00292	0.00146	0.00365	0.00255	0.00292	0.00511
4	0.00611	0.00480	0.00553	0.00534	0.00670	0.00421	0.00401	0.00781	0.01202	0.01576	0.41792	0.04039	0.43093	0.01081	0.00557	0.00154	0.00231	0.00925	0.00478	0.00421
5	0.01036	0.01045	0.01521	0.01281	0.01309	0.01430	0.05523	0.01156	0.00745	0.01156	0.00638	0.01045	0.00625	0.00801	0.01490	0.00204	0.77843	0.00421	0.00208	0.00523
6	0.03154	0.01039	0.01781	0.26544	0.51340	0.01101	0.05462	0.01376	0.01030	0.01452	0.00870	0.01190	0.00704	0.00435	0.00469	0.00146	0.00588	0.00423	0.00228	0.00669
7	0.00837	0.00753	0.01233	0.48302	0.12849	0.00867	0.01078	0.01080	0.00949	0.01249	0.01349	0.24679	0.01357	0.00752	0.00508	0.00165	0.00518	0.00683	0.00278	0.00513
8	0.00667	0.00482	0.00630	0.00593	0.00704	0.00445	0.00445	0.00890	0.01335	0.01891	0.80239	0.03522	0.04449	0.00964	0.00556	0.00148	0.00222	0.00853	0.00519	0.00445
9	0.00580	0.00480	0.00501	0.00506	0.00651	0.00412	0.00380	0.00701	0.01059	0.01278	0.06662	0.04463	0.68590	0.06326	0.00678	0.00181	0.00263	0.05465	0.00431	0.00395
10	0.02096	0.00834	0.01114	0.00854	0.01219	0.00739	0.00705	0.06922	0.01402	0.76116	0.01816	0.01576	0.01145	0.00583	0.00474	0.00146	0.00408	0.00471	0.00577	0.00802
11	0.03474	0.00843	0.00983	0.00718	0.01123	0.00665	0.00576	0.01338	0.03641	0.08756	0.00962	0.01055	0.00760	0.00383	0.00363	0.00082	0.00355	0.00305	0.00314	0.73305
12	0.01601	0.01297	0.01752	0.01400	0.06618	0.01380	0.18364	0.56754	0.01898	0.02555	0.01077	0.01166	0.00779	0.00519	0.00490	0.00145	0.00583	0.00454	0.00405	0.00761
13	0.00557	0.00478	0.00478	0.00478	0.00637	0.00398	0.00358	0.00677	0.01075	0.01274	0.04776	0.04538	0.80297	0.01194	0.00557	0.00159	0.00239	0.00995	0.00438	0.00398
14	0.00573	0.00481	0.00500	0.00504	0.00658	0.00408	0.00384	0.00703	0.01088	0.01312	0.08420	0.04528	0.72422	0.01188	0.00562	0.00162	0.00248	0.05014	0.00442	0.00402
15	0.01152	0.00957	0.01014	0.00912	0.01172	0.01085	0.00709	0.02333	0.69666	0.04831	0.02174	0.02003	0.08526	0.00688	0.00487	0.00159	0.00362	0.00572	0.00480	0.00717
16	0.01616	0.01180	0.01683	0.01265	0.01656	0.01218	0.21439	0.36735	0.09006	0.17284	0.01297	0.01318	0.00908	0.00532	0.00495	0.00149	0.00556	0.00479	0.00432	0.00753
17	0.00890	0.00838	0.01414	0.82296	0.03247	0.01048	0.01309	0.01205	0.00943	0.01205	0.00838	0.01257	0.00629	0.00471	0.00471	0.00157	0.00629	0.00419	0.00210	0.00524

[dist]
# distance from previous block
# <min> <max>
0	1

[block]
# block no. 3 follows, 54 sequences, length 27
# corresponding to MSA columns:
# 224-250
name=unknown_D
#
# <colnr> <probs for GDERKNQSTAVLIFYWHMCP>
#	G	D	E	R	K	N	Q	S	T	A	V	L	I	F	Y	W	H	M	C	P
0	0.01440	0.00912	0.01052	0.00915	0.01201	0.00975	0.00730	0.02327	0.49114	0.26802	0.01943	0.01974	0.01448	0.00671	0.00491	0.00160	0.00387	0.06209	0.00509	0.00741
1	0.00901	0.00848	0.01433	0.79376	0.06088	0.01050	0.01315	0.01214	0.00948	0.01217	0.00840	0.01254	0.00633	0.00470	0.00471	0.00157	0.00626	0.00419	0.00210	0.00532
2	0.01425	0.01434	0.10835	0.01080	0.01427	0.13450	0.04010	0.37266	0.06524	0.02144	0.05081	0.05923	0.05997	0.00645	0.00482	0.00145	0.00548	0.00514	0.00394	0.00676
3	0.00663	0.00482	0.00624	0.00588	0.00701	0.00443	0.00441	0.00881	0.01323	0.01864	0.76975	0.03566	0.07730	0.00974	0.00556	0.00149	0.00223	0.00859	0.00516	0.00443
4	0.00574	0.00410	0.00547	0.00657	0.00684	0.00383	0.00438	0.00657	0.00903	0.01204	0.02599	0.83122	0.03119	0.01477	0.00602	0.00191	0.00274	0.01340	0.00438	0.00383
5	0.29430	0.01206	0.03975	0.03353	0.01258	0.12344	0.00748	0.17993	0.06721	0.12337	0.01127	0.01158	0.02106	0.00523	0.00402	0.00142	0.00483	0.00373	0.03686	0.00634
6	0.01228	0.64062	0.17165	0.00930	0.01380	0.06003	0.00988	0.01452	0.00985	0.01184	0.00695	0.00806	0.00604	0.00416	0.00336	0.00111	0.00559	0.00273	0.00203	0.00619
7	0.00686	0.00457	0.00514	0.00514	0.00514	0.00457	0.00286	0.00686	0.00686	0.00914	0.01486	0.03086	0.01714	0.83430	0.02400	0.00457	0.00457	0.00686	0.00286	0.00286
8	0.01761	0.02247	0.01336	0.01215	0.01458	0.81537	0.00911	0.01883	0.01336	0.01154	0.00729	0.00850	0.00607	0.00486	0.00425	0.00121	0.00850	0.00304	0.00243	0.00547
9	0.00745	0.00532	0.00742	0.00851	0.00953	0.00530	0.00733	0.00951	0.01070	0.01394	0.02505	0.11714	0.02747	0.01317	0.00647	0.00215	0.00421	0.71070	0.00434	0.00430
10	0.01792	0.01321	0.01415	0.01085	0.01462	0.01462	0.00896	0.78916	0.02217	0.02972	0.01132	0.01132	0.00802	0.00566	0.00472	0.00142	0.00519	0.00425	0.00472	0.00802
11	0.00879	0.00439	0.00439	0.00439	0.00549	0.00439	0.00330	0.01099	0.00989	0.01758	0.01538	0.01758	0.01209	0.00549	0.00330	0.00110	0.00220	0.00439	0.86047	0.00439
12	0.01261	0.83713	0.02471	0.00807	0.01210	0.01866	0.00807	0.01412	0.00958	0.01109	0.00656	0.00756	0.00605	0.00403	0.00303	0.00101	0.00504	0.00252	0.00202	0.00605
13	0.01179	0.62574	0.22893	0.00946	0.01426	0.01665	0.01050	0.01433	0.00968	0.01209	0.00705	0.00819	0.00603	0.00415	0.00340	0.00113	0.00554	0.00277	0.00201	0.00629
14	0.01308	0.01024	0.01101	0.00961	0.01246	0.01160	0.00756	0.09642	0.65954	0.08547	0.01841	0.01688	0.01357	0.00628	0.00479	0.00157	0.00389	0.00518	0.00488	0.00756
15	0.86760	0.00912	0.00693	0.00620	0.00912	0.01058	0.00511	0.01386	0.00802	0.02115	0.00657	0.00766	0.00511	0.00438	0.00292	0.00146	0.00365	0.00255	0.00292	0.00511
16	0.01167	0.01120	0.01914	0.02894	0.80488	0.01120	0.01447	0.01447	0.01074	0.01540	0.00887	0.01167	0.00747	0.00420	0.00467	0.00140	0.00560	0.00420	0.00233	0.00747
17	0.00573	0.00416	0.00541	0.00642	0.00680	0.00384	0.00431	0.00658	0.00917	0.01209	0.02778	0.76662	0.09462	0.01454	0.00598	0.00189	0.00271	0.01312	0.00438	0.00384
18	0.00558	0.00475	0.00480	0.00484	0.00639	0.00398	0.00361	0.00676	0.01069	0.01271	0.04700	0.07286	0.77598	0.01204	0.00559	0.00160	0.00240	0.01007	0.00438	0.00398
19	0.00578	0.00413	0.00550	0.00654	0.00685	0.00385	0.00438	0.00665	0.00918	0.01229	0.05422	0.80228	0.03167	0.01459	0.00600	0.00190	0.00272	0.01323	0.00441	0.00385
20	0.01100	0.01052	0.01792	0.22222	0.61687	0.01103	0.01414	0.01388	0.01042	0.01459	0.00875	0.01189	0.00718	0.00433	0.00468	0.00144	0.00577	0.00420	0.00228	0.00693
21	0.01035	0.00867	0.01003	0.00729	0.01135	0.00691	0.00583	0.07563	0.01078	0.01646	0.00905	0.03006	0.00766	0.00395	0.00365	0.00079	0.00361	0.00317	0.00299	0.77175
22	0.00975	0.00893	0.01332	0.58053	0.04655	0.01084	0.01159	0.01566	0.22453	0.01423	0.01135	0.01392	0.00853	0.00516	0.00474	0.00157	0.00557	0.00450	0.00284	0.00590
23	0.00957	0.00854	0.01176	0.25117	0.01804	0.00775	0.03706	0.01205	0.00972	0.01436	0.00842	0.01072	0.00678	0.00387	0.00393	0.00099	0.00449	0.00331	0.00257	0.57488
24	0.01398	0.01196	0.01174	0.00969	0.01292	0.14896	0.02671	0.11458	0.25984	0.10433	0.01348	0.01397	0.01027	0.00540	0.00444	0.00130	0.00483	0.02191	0.00396	0.20574
25	0.01385	0.01345	0.01208	0.05380	0.01401	0.28933	0.03953	0.03985	0.09959	0.09976	0.02658	0.03686	0.03896	0.00575	0.00483	0.00131	0.03075	0.01844	0.00337	0.15789
26	0.01266	0.01326	0.01198	0.01043	0.01236	0.25221	0.00821	0.07325	0.12111	0.01463	0.03077	0.04159	0.06198	0.00681	0.00743	0.00151	0.22235	0.00465	0.00313	0.08968

[dist]
# distance from previous block
# <min> <max>
0	7

# created by:
# /st0/software/busco_prod/Augustus/scripts/msa2prfl.pl ./align_prep/146376.fa
