[name]
unknown

[dist]
# distance from previous block
# <min> <max>
0	170

[block]
# block no. 0 follows, 51 sequences, length 9
# corresponding to MSA columns:
# 172-180
name=unknown_A
#
# <colnr> <probs for GDERKNQSTAVLIFYWHMCP>
#	G	D	E	R	K	N	Q	S	T	A	V	L	I	F	Y	W	H	M	C	P
0	0.00777	0.00555	0.00775	0.00888	0.00994	0.00553	0.00766	0.00992	0.01116	0.01454	0.02610	0.11570	0.02861	0.01372	0.00675	0.00224	0.00439	0.70479	0.00453	0.00448
1	0.01857	0.01400	0.01439	0.01122	0.01501	0.06578	0.00919	0.66534	0.05196	0.06640	0.01221	0.01210	0.00867	0.00588	0.00489	0.00147	0.00551	0.00441	0.00482	0.00816
2	0.00999	0.00969	0.01453	0.14967	0.01635	0.01277	0.05271	0.01160	0.00815	0.01198	0.00819	0.01341	0.00776	0.06289	0.08228	0.00270	0.51317	0.00466	0.00227	0.00522
3	0.01019	0.00873	0.01019	0.00728	0.01165	0.00655	0.00582	0.01237	0.01019	0.01601	0.00873	0.01019	0.00728	0.00364	0.00364	0.00073	0.00364	0.00291	0.00291	0.85734
4	0.01314	0.83025	0.02575	0.00841	0.01261	0.01945	0.00841	0.01472	0.00999	0.01156	0.00683	0.00788	0.00631	0.00420	0.00315	0.00105	0.00526	0.00263	0.00210	0.00631
5	0.00703	0.00522	0.00768	0.00768	0.00848	0.00602	0.00587	0.00864	0.00783	0.01125	0.01336	0.02041	0.01277	0.10482	0.74051	0.00763	0.01244	0.00543	0.00266	0.00427
6	0.03896	0.09588	0.62253	0.01281	0.01930	0.01202	0.01579	0.04863	0.01105	0.06563	0.00937	0.01054	0.00667	0.00477	0.00451	0.00150	0.00670	0.00363	0.00248	0.00723
7	0.01136	0.01277	0.02764	0.01996	0.02469	0.01199	0.72919	0.01538	0.01158	0.01567	0.01098	0.01597	0.00880	0.00475	0.00586	0.00170	0.00804	0.05455	0.00262	0.00649
8	0.01162	0.01056	0.01180	0.01044	0.01238	0.06569	0.02860	0.07789	0.34108	0.01717	0.01639	0.08126	0.03419	0.02812	0.07717	0.00235	0.15707	0.00589	0.00393	0.00640

[dist]
# distance from previous block
# <min> <max>
0	1

[block]
# block no. 1 follows, 51 sequences, length 16
# corresponding to MSA columns:
# 182-197
name=unknown_B
#
# <colnr> <probs for GDERKNQSTAVLIFYWHMCP>
#	G	D	E	R	K	N	Q	S	T	A	V	L	I	F	Y	W	H	M	C	P
0	0.01774	0.00904	0.01133	0.00902	0.01220	0.00890	0.00735	0.14286	0.05873	0.45200	0.04132	0.01849	0.06329	0.02650	0.02636	0.00178	0.05331	0.00533	0.00524	0.02923
1	0.01020	0.00989	0.01551	0.01289	0.01404	0.01222	0.14411	0.04247	0.00917	0.01335	0.01084	0.12868	0.01096	0.01120	0.08293	0.00253	0.45482	0.00604	0.00271	0.00543
2	0.01228	0.53494	0.02190	0.01003	0.01272	0.01786	0.00925	0.01367	0.00910	0.01166	0.00669	0.00892	0.00636	0.00579	0.00783	0.00145	0.29824	0.00323	0.00212	0.00597
3	0.01075	0.01075	0.01505	0.01290	0.01290	0.01505	0.01075	0.01183	0.00753	0.01183	0.00645	0.01075	0.00645	0.00860	0.01613	0.00215	0.81830	0.00430	0.00215	0.00538
4	0.16682	0.00913	0.01086	0.00853	0.01212	0.00884	0.00703	0.12111	0.01412	0.53513	0.01609	0.01462	0.01049	0.00578	0.00455	0.00150	0.00421	0.00446	0.03689	0.00769
5	0.01536	0.00860	0.01020	0.04081	0.01203	0.00891	0.00695	0.14985	0.14903	0.27006	0.01665	0.01653	0.01189	0.00737	0.03987	0.00173	0.00436	0.00486	0.21793	0.00702
6	0.00599	0.00444	0.00560	0.00646	0.00704	0.00405	0.00441	0.00698	0.00993	0.01297	0.06224	0.64587	0.17681	0.01462	0.00617	0.00191	0.00276	0.01309	0.00460	0.00405
7	0.00599	0.00428	0.00570	0.00684	0.00713	0.00399	0.00456	0.00684	0.00941	0.01254	0.02709	0.82409	0.03250	0.01540	0.00627	0.00200	0.00285	0.01397	0.00456	0.00399
8	0.00643	0.00486	0.00593	0.00597	0.00709	0.00437	0.00436	0.00814	0.01222	0.01640	0.42421	0.19754	0.26093	0.01182	0.00590	0.00167	0.00247	0.01034	0.00499	0.00437
9	0.00599	0.00428	0.00570	0.00684	0.00713	0.00399	0.00456	0.00684	0.00941	0.01254	0.02709	0.82409	0.03250	0.01540	0.00627	0.00200	0.00285	0.01397	0.00456	0.00399
10	0.00639	0.00470	0.00598	0.00629	0.00715	0.00430	0.00448	0.00794	0.01164	0.01580	0.36825	0.36899	0.14466	0.01263	0.00600	0.00175	0.00257	0.01123	0.00494	0.00430
11	0.01065	0.01017	0.01703	0.41232	0.36483	0.01156	0.01405	0.01360	0.01025	0.01403	0.00878	0.01251	0.00708	0.00496	0.00574	0.00160	0.06770	0.00437	0.00229	0.00647
12	0.33043	0.00992	0.01122	0.00922	0.01168	0.01136	0.02559	0.03375	0.00902	0.01732	0.00739	0.00966	0.00631	0.00567	0.00755	0.00153	0.26803	0.00338	0.00276	0.21822
13	0.00657	0.00551	0.00731	0.00675	0.00833	0.00488	0.06277	0.00825	0.01167	0.01502	0.23586	0.15503	0.43069	0.01163	0.00587	0.00168	0.00294	0.01017	0.00462	0.00444
14	0.76110	0.01050	0.06728	0.00695	0.01023	0.01078	0.00621	0.01440	0.00860	0.02140	0.00738	0.00861	0.00570	0.00462	0.00318	0.00151	0.00400	0.00282	0.03930	0.00544
15	0.16191	0.01247	0.12119	0.00928	0.01319	0.04223	0.00839	0.10395	0.15503	0.07848	0.04149	0.01362	0.02474	0.00540	0.00432	0.00137	0.00460	0.00415	0.00378	0.19040

[dist]
# distance from previous block
# <min> <max>
2	4

[block]
# block no. 2 follows, 51 sequences, length 14
# corresponding to MSA columns:
# 204-206,208-218
name=unknown_C
#
# <colnr> <probs for GDERKNQSTAVLIFYWHMCP>
#	G	D	E	R	K	N	Q	S	T	A	V	L	I	F	Y	W	H	M	C	P
0	0.01177	0.01078	0.01811	0.22396	0.54316	0.01146	0.01424	0.01466	0.01080	0.04522	0.00939	0.01251	0.00759	0.00476	0.00536	0.00154	0.04067	0.00439	0.00250	0.00713
1	0.01350	0.01189	0.01172	0.04451	0.01374	0.10650	0.00816	0.20291	0.35472	0.02104	0.07699	0.04559	0.03394	0.00708	0.00508	0.00159	0.00479	0.02467	0.00456	0.00703
2	0.00669	0.00469	0.00576	0.00603	0.00645	0.00452	0.00392	0.00752	0.00936	0.01265	0.17174	0.27188	0.06405	0.35959	0.04066	0.00326	0.00388	0.00963	0.00399	0.00371
3	0.06676	0.05651	0.01770	0.01333	0.01693	0.16424	0.23139	0.13147	0.12483	0.06709	0.01230	0.02916	0.00971	0.00561	0.00497	0.00153	0.00642	0.02969	0.00356	0.00676
4	0.01090	0.01038	0.01766	0.37489	0.46180	0.01134	0.01445	0.01397	0.01059	0.01452	0.00902	0.01258	0.00724	0.00461	0.00489	0.00154	0.00615	0.00437	0.00232	0.00676
5	0.00883	0.00524	0.00672	0.00660	0.00771	0.00485	0.00470	0.01011	0.01087	0.13143	0.20424	0.28898	0.09482	0.14987	0.03997	0.00248	0.00361	0.00964	0.00465	0.00465
6	0.02976	0.00511	0.00605	0.00594	0.00643	0.00544	0.00403	0.00879	0.00804	0.01237	0.01407	0.02375	0.01409	0.37790	0.12598	0.08275	0.03841	0.00573	0.22170	0.00366
7	0.01127	0.37156	0.46806	0.01160	0.01755	0.01487	0.01396	0.01520	0.01021	0.01384	0.00796	0.00930	0.00626	0.00447	0.00402	0.00134	0.00640	0.00320	0.00209	0.00685
8	0.01000	0.00956	0.01646	0.61244	0.19867	0.01115	0.04573	0.01324	0.01020	0.01345	0.00889	0.01290	0.00686	0.00477	0.00494	0.00160	0.00647	0.00443	0.00225	0.00601
9	0.00602	0.00496	0.00529	0.00526	0.00678	0.00423	0.00393	0.00745	0.01162	0.01441	0.18352	0.07405	0.63121	0.01212	0.00582	0.00165	0.00247	0.01024	0.00472	0.00423
10	0.01251	0.01070	0.01477	0.14433	0.06557	0.05095	0.13103	0.20385	0.02992	0.05096	0.08303	0.02036	0.11565	0.00674	0.00524	0.00157	0.00545	0.02321	0.01775	0.00640
11	0.03957	0.01055	0.01787	0.32412	0.45739	0.01140	0.04020	0.01413	0.01060	0.01493	0.00900	0.01241	0.00723	0.00458	0.00485	0.00154	0.00612	0.00437	0.00236	0.00679
12	0.00970	0.00623	0.00744	0.00677	0.00856	0.00589	0.00518	0.09071	0.01332	0.11351	0.27408	0.12962	0.23290	0.01091	0.02552	0.00176	0.00325	0.00868	0.04073	0.00526
13	0.23671	0.03598	0.01215	0.01056	0.01324	0.44680	0.00817	0.07333	0.04433	0.01636	0.00883	0.03671	0.00745	0.00547	0.00443	0.00140	0.02566	0.00360	0.00299	0.00583

[dist]
# distance from previous block
# <min> <max>
5	15

[block]
# block no. 3 follows, 51 sequences, length 43
# corresponding to MSA columns:
# 235-262,271-285
name=unknown_D
#
# <colnr> <probs for GDERKNQSTAVLIFYWHMCP>
#	G	D	E	R	K	N	Q	S	T	A	V	L	I	F	Y	W	H	M	C	P
0	0.01300	0.79623	0.05855	0.00865	0.01298	0.01911	0.00882	0.01475	0.01000	0.01173	0.00692	0.00799	0.00630	0.00422	0.00322	0.00107	0.00534	0.00267	0.00210	0.00635
1	0.01836	0.01403	0.01496	0.01224	0.05189	0.04449	0.00962	0.71612	0.02221	0.02957	0.01152	0.01171	0.00826	0.00580	0.00490	0.00147	0.00556	0.00438	0.00471	0.00823
2	0.04769	0.01080	0.01154	0.00969	0.01272	0.03758	0.00771	0.23794	0.29869	0.14401	0.07585	0.05470	0.01521	0.00689	0.00499	0.00158	0.00436	0.00560	0.00500	0.00745
3	0.79123	0.01020	0.00760	0.00682	0.00978	0.05741	0.00555	0.01462	0.00883	0.02140	0.02666	0.00876	0.00641	0.00473	0.00319	0.00151	0.00406	0.00285	0.00307	0.00533
4	0.13995	0.01049	0.01332	0.01109	0.02726	0.09194	0.16305	0.05977	0.02315	0.05035	0.14233	0.06287	0.11214	0.00742	0.00587	0.00161	0.06166	0.00630	0.00372	0.00569
5	0.01153	0.01046	0.04122	0.01020	0.01311	0.03212	0.07641	0.06499	0.39146	0.03942	0.18847	0.02119	0.03422	0.00701	0.00518	0.00158	0.00426	0.00609	0.00463	0.03647
6	0.00928	0.00873	0.01474	0.81548	0.03385	0.01092	0.01365	0.01256	0.00983	0.01256	0.00873	0.01310	0.00655	0.00491	0.00491	0.00164	0.00655	0.00437	0.00218	0.00546
7	0.01224	0.28327	0.29507	0.01135	0.01617	0.08762	0.04128	0.04391	0.08631	0.01499	0.00966	0.01085	0.00760	0.00552	0.02178	0.00150	0.00635	0.00363	0.03419	0.00671
8	0.00601	0.00499	0.00525	0.00519	0.00676	0.00423	0.00389	0.00744	0.01167	0.01439	0.17873	0.04546	0.66501	0.01203	0.00581	0.00164	0.00246	0.01011	0.00471	0.00423
9	0.00787	0.00517	0.00747	0.00737	0.00798	0.00521	0.03350	0.03650	0.00857	0.01151	0.01688	0.25710	0.04763	0.05953	0.13393	0.33396	0.00535	0.00774	0.00319	0.00355
10	0.01321	0.00644	0.00837	0.00707	0.00945	0.00566	0.00559	0.01517	0.01352	0.35179	0.33839	0.02995	0.15735	0.00876	0.00543	0.00155	0.00314	0.00745	0.00555	0.00615
11	0.00942	0.00887	0.01498	0.77865	0.06962	0.01095	0.01372	0.01267	0.00989	0.01272	0.00876	0.01306	0.00661	0.00489	0.00491	0.00163	0.00652	0.00437	0.00220	0.00557
12	0.00707	0.00508	0.00696	0.00696	0.00751	0.00563	0.00497	0.00817	0.00762	0.01071	0.01402	0.02406	0.01435	0.32918	0.51832	0.00674	0.01006	0.00596	0.00276	0.00387
13	0.00706	0.00535	0.00642	0.00607	0.00748	0.00490	0.00461	0.03701	0.01336	0.01804	0.52002	0.03946	0.27322	0.01071	0.00579	0.00159	0.00254	0.02664	0.00511	0.00462
14	0.01051	0.01005	0.01666	0.42943	0.30695	0.01172	0.01380	0.01338	0.01003	0.01373	0.00863	0.01246	0.00698	0.00519	0.00632	0.00164	0.10960	0.00436	0.00227	0.00629
15	0.01168	0.47180	0.37139	0.01090	0.01647	0.01587	0.01275	0.01509	0.01016	0.01334	0.00772	0.00899	0.00627	0.00441	0.00383	0.00128	0.00615	0.00307	0.00209	0.00673
16	0.00914	0.00838	0.01196	0.01074	0.01112	0.01120	0.00876	0.01051	0.00769	0.01165	0.00935	0.01445	0.00897	0.02082	0.35842	0.00464	0.47020	0.00472	0.00236	0.00495
17	0.01052	0.00872	0.01022	0.00732	0.01167	0.00657	0.00586	0.01269	0.01030	0.03757	0.00903	0.01037	0.00741	0.00371	0.00368	0.00075	0.00365	0.00297	0.00300	0.83399
18	0.00693	0.00502	0.00653	0.00615	0.00732	0.00462	0.00461	0.00922	0.01384	0.01954	0.77455	0.03699	0.06596	0.01011	0.00580	0.00155	0.00232	0.00893	0.00539	0.00462
19	0.12894	0.02320	0.69078	0.01295	0.01963	0.01136	0.01636	0.01541	0.01009	0.01647	0.00854	0.01004	0.00610	0.00465	0.00444	0.00155	0.00678	0.00350	0.00221	0.00699
20	0.01796	0.02236	0.01402	0.01262	0.01507	0.73409	0.00956	0.04842	0.01393	0.01274	0.00770	0.00908	0.00641	0.00529	0.00508	0.00132	0.05268	0.00328	0.00260	0.00578
21	0.01792	0.02226	0.01368	0.01236	0.01493	0.73538	0.00931	0.05164	0.03368	0.01307	0.00907	0.01012	0.02501	0.00531	0.00450	0.00129	0.00844	0.00345	0.00274	0.00583
22	0.01253	0.74211	0.05659	0.00854	0.01261	0.01809	0.00856	0.01423	0.00996	0.01179	0.00826	0.06213	0.00804	0.00497	0.00342	0.00113	0.00518	0.00342	0.00226	0.00619
23	0.00854	0.00427	0.00640	0.00640	0.00640	0.00427	0.00427	0.00640	0.00640	0.00854	0.00854	0.01494	0.00854	0.01707	0.01921	0.85702	0.00427	0.00427	0.00213	0.00213
24	0.83951	0.00962	0.00742	0.00659	0.00966	0.01114	0.00543	0.03487	0.00876	0.02229	0.00697	0.00808	0.00540	0.00460	0.00309	0.00152	0.00384	0.00271	0.00309	0.00540
25	0.01279	0.74534	0.10763	0.00900	0.01353	0.01860	0.00944	0.01480	0.01003	0.01198	0.00704	0.00815	0.00630	0.00425	0.00331	0.00110	0.00547	0.00273	0.00210	0.00641
26	0.00714	0.00478	0.00546	0.00546	0.00549	0.00482	0.00310	0.00721	0.00717	0.00960	0.01540	0.03167	0.01766	0.79747	0.05455	0.00488	0.00508	0.00708	0.00296	0.00303
27	0.01160	0.01326	0.02900	0.02071	0.02568	0.01243	0.77879	0.01574	0.01160	0.01574	0.00994	0.01326	0.00746	0.00414	0.00580	0.00166	0.00829	0.00580	0.00249	0.00663
28	0.01222	0.01056	0.01111	0.01000	0.01278	0.01222	0.00778	0.02611	0.78776	0.02056	0.02000	0.01833	0.01500	0.00667	0.00500	0.00167	0.00389	0.00556	0.00500	0.00778
29	0.01075	0.01075	0.01505	0.01290	0.01290	0.01505	0.01075	0.01183	0.00753	0.01183	0.00645	0.01075	0.00645	0.00860	0.01613	0.00215	0.81830	0.00430	0.00215	0.00538
30	0.00928	0.00873	0.01474	0.81548	0.03385	0.01092	0.01365	0.01256	0.00983	0.01256	0.00873	0.01310	0.00655	0.00491	0.00491	0.00164	0.00655	0.00437	0.00218	0.00546
31	0.00957	0.00903	0.01525	0.73789	0.10921	0.01099	0.01379	0.01281	0.00996	0.01290	0.00878	0.01301	0.00667	0.00486	0.00491	0.00162	0.00648	0.00437	0.00221	0.00569
32	0.00599	0.00428	0.00570	0.00684	0.00713	0.00399	0.00456	0.00684	0.00941	0.01254	0.02709	0.82409	0.03250	0.01540	0.00627	0.00200	0.00285	0.01397	0.00456	0.00399
33	0.00599	0.00428	0.00570	0.00684	0.00713	0.00399	0.00456	0.00684	0.00941	0.01254	0.02709	0.82409	0.03250	0.01540	0.00627	0.00200	0.00285	0.01397	0.00456	0.00399
34	0.86201	0.00950	0.00722	0.00646	0.00950	0.01102	0.00532	0.01445	0.00836	0.02205	0.00684	0.00798	0.00532	0.00456	0.00304	0.00152	0.00380	0.00266	0.00304	0.00532
35	0.00599	0.00428	0.00570	0.00684	0.00713	0.00399	0.00456	0.00684	0.00941	0.01254	0.02709	0.82409	0.03250	0.01540	0.00627	0.00200	0.00285	0.01397	0.00456	0.00399
36	0.00605	0.00498	0.00525	0.00519	0.00670	0.00425	0.00385	0.00741	0.01146	0.01414	0.16639	0.04498	0.64312	0.04651	0.00662	0.00177	0.00256	0.01000	0.00463	0.00418
37	0.01327	0.01108	0.01170	0.01021	0.01318	0.01271	0.00803	0.14832	0.66385	0.02224	0.01867	0.01728	0.01392	0.00654	0.00499	0.00164	0.00414	0.00537	0.00499	0.00787
38	0.00659	0.00481	0.00570	0.00578	0.00654	0.00446	0.00392	0.00771	0.01047	0.01393	0.25812	0.17331	0.20254	0.26076	0.01174	0.00263	0.00319	0.00956	0.00433	0.00391
39	0.66231	0.01059	0.03840	0.00750	0.01082	0.01140	0.00642	0.12543	0.01081	0.05168	0.00825	0.00913	0.00617	0.00484	0.00345	0.00151	0.00415	0.00307	0.01813	0.00593
40	0.01208	0.01168	0.02019	0.04549	0.75178	0.01169	0.04440	0.01506	0.01118	0.01597	0.00926	0.01222	0.00775	0.00438	0.00490	0.00147	0.00595	0.00443	0.00243	0.00769
41	0.00776	0.00533	0.00691	0.00678	0.00752	0.00583	0.00489	0.03699	0.00851	0.01238	0.01423	0.02311	0.01400	0.29022	0.42195	0.00579	0.00877	0.00576	0.10917	0.00410
42	0.01228	0.41121	0.21950	0.01229	0.08768	0.03293	0.01156	0.01606	0.07659	0.02642	0.00888	0.01010	0.00727	0.00480	0.00452	0.00133	0.04390	0.00342	0.00245	0.00679

[dist]
# distance from previous block
# <min> <max>
0	2

[block]
# block no. 4 follows, 51 sequences, length 33
# corresponding to MSA columns:
# 288-296,298-301,304-323
name=unknown_E
#
# <colnr> <probs for GDERKNQSTAVLIFYWHMCP>
#	G	D	E	R	K	N	Q	S	T	A	V	L	I	F	Y	W	H	M	C	P
0	0.02763	0.00962	0.01193	0.01020	0.02745	0.05742	0.10026	0.04720	0.22525	0.10276	0.16040	0.04323	0.12330	0.00763	0.00527	0.00158	0.00435	0.00665	0.00454	0.02334
1	0.00999	0.05925	0.76921	0.01377	0.02091	0.01175	0.01775	0.01553	0.01036	0.01539	0.00874	0.01027	0.00623	0.00465	0.00461	0.00154	0.00718	0.00359	0.00208	0.00722
2	0.00615	0.00434	0.00566	0.00664	0.00689	0.00410	0.00435	0.00688	0.00910	0.01213	0.02550	0.71606	0.03051	0.12614	0.00883	0.00237	0.00311	0.01304	0.00435	0.00385
3	0.01826	0.04028	0.01420	0.01253	0.01514	0.76591	0.00947	0.04342	0.01413	0.01261	0.00771	0.00893	0.00639	0.00507	0.00442	0.00127	0.00868	0.00319	0.00260	0.00579
4	0.00998	0.05571	0.77262	0.01380	0.02094	0.01172	0.01779	0.01553	0.01036	0.01541	0.00874	0.01028	0.00623	0.00465	0.00461	0.00154	0.00719	0.00359	0.00208	0.00723
5	0.00612	0.00464	0.00567	0.00627	0.00712	0.00418	0.00445	0.00733	0.01057	0.01371	0.12578	0.46022	0.26922	0.01377	0.00609	0.00185	0.00274	0.04146	0.00466	0.00414
6	0.00916	0.00458	0.00458	0.00458	0.00573	0.00458	0.00344	0.01145	0.01031	0.01832	0.01603	0.01832	0.01260	0.00573	0.00344	0.00115	0.00229	0.00458	0.85457	0.00458
7	0.00928	0.00873	0.01474	0.81548	0.03385	0.01092	0.01365	0.01256	0.00983	0.01256	0.00873	0.01310	0.00655	0.00491	0.00491	0.00164	0.00655	0.00437	0.00218	0.00546
8	0.00746	0.00619	0.00971	0.00854	0.00997	0.00590	0.11537	0.00950	0.01189	0.01644	0.40511	0.22139	0.07099	0.04491	0.00704	0.00183	0.02900	0.00952	0.00454	0.00470
9	0.01075	0.01075	0.01505	0.01290	0.01290	0.01505	0.01075	0.01183	0.00753	0.01183	0.00645	0.01075	0.00645	0.00860	0.01613	0.00215	0.81830	0.00430	0.00215	0.00538
10	0.00986	0.02542	0.80183	0.01401	0.02127	0.01141	0.01816	0.01556	0.01038	0.01556	0.00882	0.01038	0.00623	0.00467	0.00467	0.00156	0.00726	0.00363	0.00208	0.00726
11	0.01585	0.01215	0.01354	0.01081	0.01424	0.01345	0.03743	0.48820	0.22377	0.02664	0.03864	0.01470	0.01149	0.00616	0.00492	0.00152	0.00486	0.00492	0.04890	0.00783
12	0.00611	0.00436	0.00580	0.00681	0.00711	0.00415	0.00455	0.00696	0.00920	0.01231	0.02566	0.73465	0.03057	0.06436	0.04999	0.00247	0.00351	0.01311	0.00437	0.00395
13	0.01216	0.01168	0.01995	0.03016	0.79664	0.01168	0.01508	0.01508	0.01119	0.01605	0.00924	0.01216	0.00778	0.00438	0.00487	0.00146	0.00584	0.00438	0.00243	0.00778
14	0.00696	0.00502	0.00657	0.00618	0.00734	0.00464	0.00464	0.00927	0.01391	0.01971	0.79405	0.03671	0.04637	0.01005	0.00580	0.00155	0.00232	0.00889	0.00541	0.00464
15	0.01154	0.01104	0.01882	0.20007	0.63161	0.01151	0.01477	0.01454	0.01089	0.01530	0.00913	0.01237	0.00752	0.00449	0.00488	0.00150	0.00599	0.00438	0.00238	0.00728
16	0.00702	0.00527	0.00790	0.00790	0.00878	0.00614	0.00614	0.00878	0.00790	0.01141	0.01316	0.01931	0.01229	0.03686	0.80782	0.00790	0.01316	0.00527	0.00263	0.00439
17	0.11028	0.01157	0.01227	0.01029	0.01327	0.07527	0.06195	0.19641	0.28636	0.02168	0.09310	0.01799	0.04379	0.00660	0.00490	0.00157	0.00474	0.01668	0.00440	0.00689
18	0.09423	0.03936	0.01429	0.01111	0.01458	0.13802	0.05700	0.31095	0.11581	0.12292	0.01235	0.01241	0.00895	0.00565	0.00488	0.00149	0.02010	0.00431	0.00424	0.00736
19	0.01222	0.01056	0.01111	0.01000	0.01278	0.01222	0.00778	0.02611	0.78776	0.02056	0.02000	0.01833	0.01500	0.00667	0.00500	0.00167	0.00389	0.00556	0.00500	0.00778
20	0.00598	0.00431	0.00566	0.00675	0.00710	0.00400	0.00452	0.00685	0.00950	0.01258	0.02826	0.78383	0.07200	0.01524	0.00625	0.00198	0.00283	0.01378	0.00456	0.00400
21	0.00699	0.00513	0.00713	0.00713	0.00784	0.00571	0.00525	0.00829	0.00789	0.01105	0.01562	0.02387	0.05418	0.22731	0.57639	0.00681	0.01057	0.00599	0.00282	0.00403
22	0.01286	0.76282	0.09077	0.00888	0.01334	0.01877	0.00923	0.01479	0.01002	0.01190	0.00700	0.00809	0.00630	0.00424	0.00328	0.00109	0.00542	0.00271	0.00210	0.00639
23	0.01855	0.01324	0.01432	0.01101	0.01483	0.01453	0.00906	0.71930	0.02220	0.07128	0.01230	0.01261	0.00881	0.02795	0.00546	0.00157	0.00533	0.00452	0.00493	0.00821
24	0.00927	0.00879	0.01497	0.76862	0.03289	0.01080	0.03895	0.01252	0.00992	0.01268	0.00980	0.01396	0.02635	0.00508	0.00497	0.00164	0.00651	0.00457	0.00225	0.00547
25	0.01603	0.00712	0.00867	0.00715	0.00979	0.00670	0.00574	0.05891	0.04034	0.39873	0.01758	0.01720	0.01225	0.00594	0.00430	0.00136	0.00343	0.00478	0.36723	0.00673
26	0.00603	0.00488	0.00517	0.00528	0.00657	0.00422	0.00377	0.00714	0.01065	0.01303	0.07499	0.12909	0.59019	0.10731	0.00809	0.00205	0.00279	0.01032	0.00442	0.00402
27	0.00665	0.00472	0.00603	0.00673	0.00724	0.00451	0.00473	0.00769	0.00969	0.01287	0.09030	0.40957	0.06940	0.19733	0.01052	0.00261	0.00350	0.13773	0.00427	0.00392
28	0.00704	0.00475	0.00536	0.00543	0.00550	0.00470	0.00309	0.00713	0.00741	0.00982	0.01732	0.07521	0.04616	0.75485	0.02333	0.00451	0.00458	0.00763	0.00312	0.00307
29	0.78938	0.00960	0.00786	0.00724	0.02909	0.01098	0.00572	0.03116	0.00898	0.05338	0.00751	0.00852	0.00572	0.00465	0.00320	0.00152	0.00390	0.00283	0.00319	0.00557
30	0.00957	0.00813	0.00980	0.00799	0.04379	0.00636	0.00594	0.01170	0.01064	0.01613	0.09160	0.04212	0.05398	0.00518	0.00411	0.00093	0.00351	0.00435	0.00329	0.66086
31	0.05858	0.04432	0.07514	0.00976	0.01273	0.19858	0.00818	0.10024	0.12567	0.06940	0.10048	0.07269	0.04471	0.01927	0.00511	0.00152	0.00528	0.00546	0.00392	0.03898
32	0.01348	0.07032	0.27300	0.01241	0.06456	0.04529	0.01179	0.14860	0.09311	0.10307	0.02559	0.01394	0.04101	0.00570	0.00507	0.00150	0.03116	0.00443	0.00352	0.03245

[dist]
# distance from previous block
# <min> <max>
0	76

[block]
# block no. 5 follows, 51 sequences, length 17
# corresponding to MSA columns:
# 405-410,414-424
name=unknown_F
#
# <colnr> <probs for GDERKNQSTAVLIFYWHMCP>
#	G	D	E	R	K	N	Q	S	T	A	V	L	I	F	Y	W	H	M	C	P
0	0.02756	0.08371	0.18427	0.05706	0.07362	0.11214	0.01061	0.03401	0.04509	0.07007	0.01020	0.01214	0.00805	0.00484	0.00433	0.00128	0.00567	0.02304	0.00294	0.22936
1	0.09241	0.05891	0.17022	0.01193	0.07326	0.17173	0.01020	0.07865	0.10829	0.01737	0.03475	0.01280	0.02169	0.00539	0.00455	0.00141	0.01727	0.00405	0.05350	0.05163
2	0.00715	0.00481	0.00582	0.00605	0.00632	0.00486	0.00391	0.00773	0.00800	0.01096	0.01761	0.13343	0.01976	0.53945	0.09629	0.00433	0.00519	0.06815	0.04672	0.00345
3	0.01217	0.01041	0.01274	0.01066	0.01361	0.01142	0.09074	0.13077	0.46838	0.02104	0.10109	0.02041	0.06044	0.00697	0.00520	0.00162	0.00434	0.00604	0.00474	0.00720
4	0.01083	0.00927	0.01001	0.00884	0.01162	0.00986	0.00683	0.02049	0.51865	0.01849	0.02088	0.08355	0.07796	0.00727	0.00491	0.00152	0.00365	0.00613	0.00454	0.16471
5	0.01127	0.00870	0.01030	0.00741	0.01173	0.00661	0.00595	0.01343	0.01054	0.08745	0.00971	0.01079	0.00772	0.00386	0.00376	0.00080	0.00369	0.00310	0.00320	0.77999
6	0.04003	0.01268	0.01363	0.01069	0.01423	0.02821	0.00873	0.55255	0.08142	0.06663	0.01229	0.01271	0.00902	0.02323	0.00572	0.00155	0.04190	0.00444	0.00461	0.05574
7	0.01735	0.02195	0.01321	0.01205	0.01451	0.74336	0.00903	0.01862	0.01371	0.01213	0.01097	0.01193	0.06933	0.00565	0.00454	0.00130	0.00835	0.00374	0.00269	0.00557
8	0.00715	0.00476	0.00536	0.00536	0.00536	0.00476	0.00298	0.00715	0.00715	0.00953	0.01548	0.03216	0.01787	0.82729	0.02501	0.00476	0.00476	0.00715	0.00298	0.00298
9	0.01273	0.01275	0.01940	0.02857	0.72544	0.08419	0.01457	0.01550	0.01144	0.01569	0.00909	0.01186	0.00765	0.00444	0.00483	0.00144	0.00611	0.00427	0.00244	0.00759
10	0.01525	0.01115	0.01220	0.01007	0.01326	0.01230	0.00807	0.32999	0.33713	0.09549	0.08714	0.01721	0.01491	0.00661	0.00503	0.00156	0.00439	0.00535	0.00510	0.00778
11	0.01043	0.01047	0.01581	0.42656	0.02538	0.06600	0.13252	0.01457	0.09753	0.01389	0.01210	0.05393	0.03282	0.00599	0.00587	0.00167	0.06058	0.00529	0.00276	0.00580
12	0.17180	0.03066	0.01071	0.00811	0.01166	0.00806	0.00670	0.02059	0.01273	0.55618	0.05989	0.01572	0.01246	0.00586	0.00454	0.00147	0.00401	0.00459	0.00523	0.04904
13	0.00721	0.00511	0.00629	0.00660	0.00729	0.00499	0.00458	0.00894	0.05358	0.02605	0.13862	0.30731	0.07647	0.24113	0.02536	0.00278	0.00367	0.06562	0.00426	0.00414
14	0.00724	0.00485	0.00595	0.00595	0.00618	0.00504	0.00376	0.00759	0.00737	0.01015	0.01464	0.02807	0.01602	0.58884	0.19794	0.04700	0.00653	0.00652	0.02706	0.00330
15	0.00703	0.00522	0.00769	0.00769	0.00849	0.00603	0.00588	0.00864	0.00783	0.01125	0.01336	0.02038	0.01275	0.10303	0.74228	0.00764	0.01246	0.00542	0.00266	0.00427
16	0.11319	0.04148	0.02699	0.08627	0.03415	0.03391	0.00796	0.07423	0.09282	0.20623	0.06685	0.01553	0.03368	0.00582	0.00476	0.00142	0.02086	0.00459	0.00412	0.12513

[dist]
# distance from previous block
# <min> <max>
1	3

[block]
# block no. 6 follows, 51 sequences, length 95
# corresponding to MSA columns:
# 428-430,432-441,443-454,457-526
name=unknown_G
#
# <colnr> <probs for GDERKNQSTAVLIFYWHMCP>
#	G	D	E	R	K	N	Q	S	T	A	V	L	I	F	Y	W	H	M	C	P
0	0.02425	0.42044	0.34301	0.01087	0.01629	0.01554	0.01241	0.06524	0.01105	0.02866	0.00820	0.00932	0.00650	0.00454	0.00392	0.00130	0.00605	0.00320	0.00236	0.00686
1	0.03645	0.03717	0.03540	0.00918	0.01264	0.00968	0.02961	0.18765	0.09952	0.05573	0.02759	0.09302	0.02273	0.00662	0.00470	0.00136	0.00433	0.04999	0.00400	0.27262
2	0.01016	0.00667	0.00636	0.00597	0.00739	0.06115	0.00452	0.07069	0.01178	0.01854	0.10166	0.01962	0.01573	0.02952	0.03154	0.00155	0.00342	0.00504	0.58378	0.00490
3	0.03707	0.02221	0.03749	0.00852	0.01218	0.00899	0.00708	0.18197	0.05946	0.11181	0.04970	0.06255	0.05052	0.00608	0.00452	0.00125	0.00409	0.00494	0.00410	0.32545
4	0.02957	0.55446	0.04374	0.00937	0.01332	0.11079	0.00876	0.09232	0.03431	0.04020	0.00835	0.00921	0.00702	0.00506	0.01420	0.00126	0.00576	0.00310	0.00267	0.00653
5	0.00598	0.00432	0.00565	0.00672	0.00709	0.00400	0.00451	0.00686	0.00953	0.01259	0.02863	0.77109	0.08450	0.01519	0.00624	0.00197	0.00283	0.01372	0.00456	0.00400
6	0.01010	0.08460	0.74477	0.01360	0.02063	0.01200	0.01744	0.01550	0.01035	0.01527	0.00867	0.01019	0.00623	0.00463	0.00456	0.00152	0.00712	0.00356	0.00208	0.00719
7	0.04077	0.04999	0.03786	0.01151	0.01496	0.05891	0.10588	0.20876	0.18818	0.12142	0.04369	0.01627	0.01205	0.00622	0.00531	0.00157	0.02905	0.03603	0.00429	0.00725
8	0.01236	0.03553	0.02056	0.07012	0.08664	0.12479	0.29385	0.01493	0.01058	0.02695	0.00861	0.01183	0.00710	0.00608	0.01938	0.00179	0.23564	0.00468	0.00243	0.00616
9	0.00653	0.00514	0.00597	0.00614	0.00748	0.00465	0.00469	0.00844	0.03252	0.01498	0.20585	0.14110	0.41527	0.01228	0.00597	0.00176	0.00280	0.10929	0.00476	0.00438
10	0.05388	0.01013	0.01066	0.00919	0.01185	0.08208	0.00733	0.13132	0.14508	0.21598	0.09113	0.06877	0.05308	0.00778	0.00544	0.00162	0.02651	0.05657	0.00483	0.00674
11	0.01107	0.32186	0.51598	0.01194	0.01808	0.01437	0.01457	0.01525	0.01023	0.01409	0.00809	0.00946	0.00626	0.00450	0.00411	0.00137	0.00652	0.00326	0.00209	0.00691
12	0.00736	0.00468	0.00542	0.00561	0.00595	0.00469	0.00354	0.00809	0.00822	0.01197	0.01737	0.15998	0.01884	0.47083	0.06921	0.00377	0.00449	0.00763	0.17876	0.00357
13	0.00642	0.00472	0.00572	0.00610	0.00703	0.00425	0.00429	0.00765	0.01079	0.02694	0.17595	0.38807	0.27338	0.04690	0.00679	0.00191	0.00274	0.01147	0.00468	0.00419
14	0.03038	0.01769	0.01379	0.01248	0.04020	0.43840	0.02318	0.13900	0.08393	0.01626	0.01013	0.03388	0.00842	0.00632	0.01596	0.00154	0.07968	0.00412	0.01839	0.00627
15	0.09891	0.01171	0.01281	0.00998	0.01359	0.01253	0.00817	0.50081	0.01889	0.19908	0.01319	0.01357	0.00940	0.04778	0.00577	0.00166	0.00495	0.00451	0.00490	0.00780
16	0.00604	0.00436	0.00574	0.00683	0.00721	0.00405	0.00463	0.00696	0.00956	0.01265	0.02815	0.76091	0.06940	0.01519	0.00627	0.00199	0.00289	0.03859	0.00456	0.00402
17	0.00714	0.00481	0.00558	0.00558	0.00566	0.00489	0.00326	0.00729	0.00721	0.00970	0.01528	0.03102	0.01737	0.75726	0.09437	0.00504	0.00551	0.00698	0.00295	0.00310
18	0.00836	0.00437	0.00651	0.00651	0.00659	0.00445	0.00440	0.00664	0.00656	0.00882	0.00913	0.01578	0.00912	0.04017	0.09026	0.75825	0.00508	0.00443	0.00220	0.00236
19	0.00647	0.00500	0.00590	0.00567	0.00704	0.00443	0.00426	0.00834	0.01277	0.01699	0.47981	0.04118	0.36230	0.01106	0.00580	0.00159	0.00239	0.00951	0.00505	0.00443
20	0.00610	0.00436	0.00580	0.00677	0.00715	0.00406	0.00457	0.00711	0.00991	0.01334	0.11251	0.73639	0.03405	0.01480	0.00622	0.00195	0.00279	0.01340	0.00466	0.00406
21	0.01010	0.08505	0.74433	0.01359	0.02063	0.01201	0.01743	0.01550	0.01035	0.01527	0.00867	0.01019	0.00623	0.00463	0.00456	0.00152	0.00711	0.00356	0.00208	0.00719
22	0.01730	0.01220	0.01359	0.01109	0.03681	0.01328	0.00879	0.61018	0.02042	0.08222	0.01331	0.05882	0.01025	0.00742	0.03146	0.00171	0.00534	0.00504	0.03294	0.00784
23	0.01178	0.01134	0.01954	0.13107	0.67610	0.01160	0.03695	0.01478	0.01103	0.01560	0.00920	0.01232	0.00762	0.00444	0.00490	0.00149	0.00600	0.00442	0.00240	0.00745
24	0.00928	0.00873	0.01474	0.81548	0.03385	0.01092	0.01365	0.01256	0.00983	0.01256	0.00873	0.01310	0.00655	0.00491	0.00491	0.00164	0.00655	0.00437	0.00218	0.00546
25	0.00675	0.00535	0.00796	0.00825	0.00887	0.00533	0.05755	0.00789	0.00951	0.01280	0.02458	0.68710	0.02899	0.01413	0.00688	0.00199	0.05471	0.04280	0.00427	0.00428
26	0.01025	0.08865	0.69499	0.01449	0.06530	0.01207	0.01720	0.01547	0.01039	0.01527	0.00869	0.01028	0.00632	0.00462	0.00456	0.00151	0.00702	0.00359	0.00210	0.00722
27	0.00961	0.00907	0.01533	0.72676	0.12002	0.01100	0.01381	0.01284	0.00998	0.01295	0.00879	0.01300	0.00669	0.00485	0.00491	0.00162	0.00647	0.00437	0.00221	0.00572
28	0.01702	0.01252	0.01345	0.01060	0.01416	0.01381	0.00866	0.62095	0.09995	0.04127	0.01458	0.03731	0.03593	0.00647	0.00495	0.00151	0.00497	0.00502	0.02895	0.00793
29	0.00959	0.00907	0.01524	0.71847	0.10477	0.01111	0.01370	0.01277	0.00989	0.01286	0.00872	0.01295	0.00666	0.00497	0.00524	0.00164	0.03011	0.00437	0.00221	0.00567
30	0.00986	0.02542	0.80183	0.01401	0.02127	0.01141	0.01816	0.01556	0.01038	0.01556	0.00882	0.01038	0.00623	0.00467	0.00467	0.00156	0.00726	0.00363	0.00208	0.00726
31	0.01216	0.01168	0.01995	0.03016	0.79664	0.01168	0.01508	0.01508	0.01119	0.01605	0.00924	0.01216	0.00778	0.00438	0.00487	0.00146	0.00584	0.00438	0.00243	0.00778
32	0.00708	0.00505	0.00601	0.00614	0.00738	0.00446	0.00444	0.00836	0.01085	0.05243	0.12745	0.29872	0.32634	0.05337	0.00683	0.00189	0.00288	0.03268	0.00460	0.03303
33	0.01192	0.53052	0.31477	0.01049	0.01584	0.01645	0.01204	0.01503	0.01013	0.01305	0.00757	0.00881	0.00628	0.00438	0.00372	0.00124	0.00600	0.00300	0.00209	0.00666
34	0.01088	0.01037	0.01763	0.37886	0.45795	0.01134	0.01445	0.01396	0.01058	0.01450	0.00902	0.01258	0.00724	0.00462	0.00489	0.00154	0.00615	0.00437	0.00232	0.00675
35	0.00875	0.00533	0.00694	0.00638	0.00779	0.00488	0.00483	0.01082	0.01332	0.10663	0.60287	0.05610	0.05900	0.00981	0.00599	0.02651	0.00260	0.00828	0.04823	0.00495
36	0.01655	0.01217	0.01408	0.01073	0.01470	0.01268	0.04542	0.49098	0.07320	0.08392	0.01228	0.01239	0.00886	0.00546	0.00473	0.00136	0.00502	0.00433	0.00452	0.16663
37	0.00599	0.00428	0.00570	0.00684	0.00713	0.00399	0.00456	0.00684	0.00941	0.01254	0.02709	0.82409	0.03250	0.01540	0.00627	0.00200	0.00285	0.01397	0.00456	0.00399
38	0.00598	0.00430	0.00568	0.00679	0.00711	0.00400	0.00454	0.00685	0.00946	0.01257	0.02775	0.80141	0.05475	0.01531	0.00626	0.00199	0.00284	0.01387	0.00456	0.00400
39	0.00697	0.00547	0.00779	0.03167	0.03518	0.00533	0.03751	0.00890	0.04920	0.01357	0.04876	0.59955	0.06049	0.01344	0.00610	0.00193	0.00340	0.05583	0.00438	0.00452
40	0.02205	0.00836	0.01140	0.00874	0.01254	0.00722	0.00722	0.02395	0.01407	0.80004	0.01939	0.01673	0.01216	0.00608	0.00494	0.00152	0.00418	0.00494	0.00608	0.00836
41	0.01053	0.00872	0.01023	0.00732	0.01167	0.00657	0.00586	0.01271	0.01030	0.03865	0.00904	0.01038	0.00742	0.00371	0.00368	0.00075	0.00366	0.00297	0.00300	0.83282
42	0.00728	0.00496	0.00580	0.00606	0.02625	0.00497	0.00336	0.00739	0.00727	0.00974	0.01527	0.03137	0.01749	0.78966	0.04031	0.00474	0.00496	0.00704	0.00296	0.00313
43	0.00986	0.02542	0.80183	0.01401	0.02127	0.01141	0.01816	0.01556	0.01038	0.01556	0.00882	0.01038	0.00623	0.00467	0.00467	0.00156	0.00726	0.00363	0.00208	0.00726
44	0.01187	0.01191	0.04538	0.08731	0.71501	0.01161	0.01508	0.01491	0.01106	0.01578	0.00919	0.01217	0.00764	0.00443	0.00486	0.00148	0.00594	0.00435	0.00240	0.00760
45	0.01119	0.01068	0.01819	0.29486	0.53954	0.01142	0.01460	0.01423	0.01073	0.01488	0.00907	0.01248	0.00737	0.00456	0.00488	0.00152	0.00608	0.00437	0.00235	0.00700
46	0.01304	0.72021	0.09942	0.00912	0.01355	0.05105	0.00938	0.01500	0.01018	0.01196	0.00705	0.00816	0.00630	0.00428	0.00335	0.00111	0.00560	0.00275	0.00212	0.00637
47	0.00698	0.00476	0.00540	0.00545	0.00562	0.00467	0.00318	0.00719	0.00778	0.01030	0.04465	0.07988	0.07148	0.69773	0.02198	0.00429	0.00442	0.00782	0.00326	0.00317
48	0.00652	0.00501	0.00597	0.00573	0.00708	0.00445	0.00430	0.00844	0.01289	0.01728	0.51352	0.04070	0.32840	0.01095	0.00580	0.00159	0.00238	0.00945	0.00509	0.00445
49	0.86201	0.00950	0.00722	0.00646	0.00950	0.01102	0.00532	0.01445	0.00836	0.02205	0.00684	0.00798	0.00532	0.00456	0.00304	0.00152	0.00380	0.00266	0.00304	0.00532
50	0.00634	0.00479	0.00700	0.00764	0.00820	0.00449	0.04592	0.00740	0.00958	0.01277	0.02614	0.76064	0.03106	0.01475	0.00626	0.00198	0.00318	0.03326	0.00445	0.00415
51	0.01314	0.83025	0.02575	0.00841	0.01261	0.01945	0.00841	0.01472	0.00999	0.01156	0.00683	0.00788	0.00631	0.00420	0.00315	0.00105	0.00526	0.00263	0.00210	0.00631
52	0.00707	0.00514	0.00710	0.03511	0.00955	0.00507	0.00653	0.00872	0.01043	0.01365	0.02657	0.38781	0.05105	0.01404	0.00647	0.00211	0.00381	0.39097	0.00446	0.00431
53	0.01053	0.19176	0.64144	0.01285	0.01948	0.01307	0.01614	0.01539	0.01029	0.01474	0.00841	0.00986	0.00624	0.00457	0.00436	0.00145	0.00685	0.00342	0.00208	0.00707
54	0.01849	0.01367	0.01464	0.01127	0.01517	0.01515	0.00930	0.75830	0.04536	0.03067	0.01204	0.01199	0.00855	0.00592	0.00492	0.00148	0.00536	0.00446	0.00492	0.00834
55	0.02442	0.00931	0.01472	0.75361	0.05351	0.03730	0.01341	0.01289	0.00997	0.01280	0.00868	0.01285	0.00656	0.00490	0.00486	0.00162	0.00656	0.00430	0.00222	0.00553
56	0.04127	0.01975	0.01306	0.01176	0.01436	0.59484	0.00895	0.07121	0.06839	0.04665	0.01034	0.03822	0.00873	0.00583	0.00461	0.00138	0.00763	0.02384	0.00315	0.00604
57	0.01751	0.02172	0.01341	0.01222	0.01470	0.71960	0.00924	0.04440	0.01403	0.01283	0.00986	0.01227	0.03105	0.00571	0.00460	0.00133	0.00835	0.03871	0.00277	0.00569
58	0.01075	0.01023	0.01739	0.41622	0.42166	0.01130	0.01438	0.01384	0.01052	0.01433	0.00899	0.01262	0.00718	0.00464	0.00489	0.00155	0.00619	0.00437	0.00231	0.00664
59	0.01211	0.01162	0.01985	0.04511	0.78212	0.01166	0.01505	0.01503	0.01116	0.01599	0.00923	0.01218	0.00776	0.00439	0.00487	0.00146	0.00585	0.00438	0.00243	0.00774
60	0.00949	0.00895	0.01512	0.75877	0.08893	0.01097	0.01375	0.01274	0.00992	0.01281	0.00877	0.01303	0.00664	0.00487	0.00491	0.00162	0.00650	0.00437	0.00220	0.00563
61	0.00947	0.00519	0.00538	0.00515	0.00647	0.00522	0.00390	0.05947	0.01121	0.01865	0.05308	0.02013	0.05344	0.00660	0.00420	0.02541	0.00255	0.00505	0.69468	0.00473
62	0.03308	0.00620	0.00749	0.00739	0.00878	0.00630	0.00575	0.03372	0.11608	0.01776	0.34068	0.09457	0.06220	0.05859	0.00693	0.00193	0.00332	0.16835	0.01587	0.00500
63	0.86201	0.00950	0.00722	0.00646	0.00950	0.01102	0.00532	0.01445	0.00836	0.02205	0.00684	0.00798	0.00532	0.00456	0.00304	0.00152	0.00380	0.00266	0.00304	0.00532
64	0.00928	0.00873	0.01474	0.81548	0.03385	0.01092	0.01365	0.01256	0.00983	0.01256	0.00873	0.01310	0.00655	0.00491	0.00491	0.00164	0.00655	0.00437	0.00218	0.00546
65	0.00885	0.00592	0.00775	0.00786	0.00935	0.00573	0.00650	0.02587	0.03871	0.07515	0.27716	0.04376	0.08982	0.01140	0.00616	0.00189	0.00362	0.36453	0.00496	0.00500
66	0.01116	0.00949	0.01020	0.00942	0.01187	0.01076	0.00735	0.02265	0.63486	0.01939	0.04503	0.05048	0.06321	0.00792	0.00525	0.00172	0.00377	0.06342	0.00494	0.00710
67	0.01216	0.01166	0.01979	0.02981	0.78272	0.01169	0.01495	0.01528	0.02498	0.01613	0.00943	0.01227	0.00791	0.00442	0.00487	0.00146	0.00580	0.00440	0.00248	0.00778
68	0.01341	0.01518	0.01466	0.01282	0.01370	0.29223	0.01031	0.01455	0.00976	0.01190	0.00685	0.01009	0.00641	0.00736	0.01204	0.00184	0.53520	0.00390	0.00228	0.00549
69	0.00599	0.00428	0.00570	0.00684	0.00713	0.00399	0.00456	0.00684	0.00941	0.01254	0.02709	0.82409	0.03250	0.01540	0.00627	0.00200	0.00285	0.01397	0.00456	0.00399
70	0.50954	0.00903	0.00898	0.00742	0.01078	0.00943	0.00612	0.01843	0.01076	0.34851	0.01211	0.01165	0.00819	0.00520	0.00384	0.00152	0.00396	0.00362	0.00432	0.00660
71	0.01314	0.83025	0.02575	0.00841	0.01261	0.01945	0.00841	0.01472	0.00999	0.01156	0.00683	0.00788	0.00631	0.00420	0.00315	0.00105	0.00526	0.00263	0.00210	0.00631
72	0.00604	0.00431	0.00576	0.00690	0.00721	0.00404	0.00465	0.00693	0.00946	0.01260	0.02706	0.80386	0.03239	0.01535	0.00629	0.00200	0.00290	0.03370	0.00456	0.00401
73	0.01345	0.00982	0.00989	0.00843	0.01094	0.04291	0.00667	0.27356	0.19454	0.02283	0.01518	0.01574	0.01147	0.00597	0.00434	0.00138	0.00398	0.00470	0.33755	0.00664
74	0.00602	0.00430	0.00574	0.00688	0.00719	0.00402	0.00463	0.00691	0.00945	0.01259	0.02707	0.80936	0.03242	0.01536	0.00628	0.00200	0.00288	0.02833	0.00456	0.00400
75	0.01160	0.01326	0.02900	0.02071	0.02568	0.01243	0.77879	0.01574	0.01160	0.01574	0.00994	0.01326	0.00746	0.00414	0.00580	0.00166	0.00829	0.00580	0.00249	0.00663
76	0.02060	0.00828	0.01101	0.00858	0.01215	0.00737	0.00704	0.03553	0.04582	0.69872	0.04016	0.01733	0.01317	0.00619	0.00490	0.00151	0.00405	0.00505	0.04448	0.00807
77	0.86201	0.00950	0.00722	0.00646	0.00950	0.01102	0.00532	0.01445	0.00836	0.02205	0.00684	0.00798	0.00532	0.00456	0.00304	0.00152	0.00380	0.00266	0.00304	0.00532
78	0.00606	0.00432	0.00571	0.00676	0.00706	0.00404	0.00450	0.00692	0.00943	0.01260	0.04624	0.77140	0.03226	0.04861	0.00703	0.00210	0.00292	0.01356	0.00452	0.00397
79	0.00832	0.00612	0.00769	0.02995	0.00939	0.00537	0.00528	0.01023	0.01133	0.05063	0.26014	0.15848	0.10215	0.01075	0.05571	0.00181	0.00365	0.00767	0.02881	0.22652
80	0.07590	0.03649	0.06553	0.00914	0.01261	0.07620	0.00787	0.05461	0.06723	0.34295	0.08416	0.01665	0.03569	0.00619	0.00499	0.00146	0.02542	0.00483	0.00461	0.06745
81	0.01153	0.43534	0.40655	0.01116	0.01686	0.01550	0.01319	0.01513	0.01018	0.01353	0.00781	0.00911	0.00627	0.00443	0.00390	0.00130	0.00624	0.00312	0.00209	0.00678
82	0.02098	0.01007	0.01246	0.00955	0.01340	0.00976	0.00789	0.26320	0.01693	0.55676	0.01699	0.01517	0.01096	0.00602	0.00493	0.00151	0.00457	0.00478	0.00571	0.00836
83	0.00602	0.00431	0.00567	0.00674	0.00705	0.00402	0.00448	0.00686	0.00939	0.01247	0.02738	0.77465	0.05487	0.04212	0.00688	0.00208	0.00290	0.01364	0.00451	0.00396
84	0.07898	0.01588	0.01339	0.01131	0.01434	0.29299	0.02841	0.26239	0.13649	0.03334	0.02514	0.01217	0.00920	0.00625	0.01880	0.00157	0.02451	0.00416	0.00382	0.00686
85	0.00951	0.00929	0.00922	0.00904	0.00981	0.16143	0.00672	0.01058	0.00952	0.01186	0.01626	0.28908	0.01800	0.10298	0.14830	0.00321	0.13961	0.02779	0.00327	0.00452
86	0.00703	0.00521	0.00764	0.00764	0.00842	0.00600	0.00582	0.00861	0.00782	0.01121	0.01340	0.02063	0.01286	0.11812	0.72734	0.00758	0.01230	0.00546	0.00267	0.00424
87	0.02873	0.01440	0.01499	0.01270	0.01439	0.23313	0.06670	0.06295	0.07400	0.02612	0.00976	0.01207	0.02755	0.00696	0.00987	0.00176	0.37081	0.00434	0.00282	0.00595
88	0.01809	0.01494	0.01479	0.01175	0.01537	0.16915	0.04927	0.47371	0.07337	0.09199	0.01211	0.01218	0.00871	0.00571	0.00488	0.00146	0.00602	0.00437	0.00443	0.00771
89	0.02193	0.00855	0.01152	0.00883	0.01264	0.00750	0.00730	0.04985	0.01438	0.77371	0.01913	0.01656	0.01203	0.00608	0.00494	0.00152	0.00422	0.00492	0.00604	0.00836
90	0.02768	0.00855	0.00973	0.00803	0.01081	0.04672	0.00642	0.11222	0.02886	0.36109	0.11005	0.04070	0.06209	0.00702	0.00484	0.00147	0.00391	0.00573	0.13729	0.00679
91	0.04971	0.17078	0.40288	0.01168	0.01692	0.11420	0.01301	0.06442	0.01179	0.03848	0.05530	0.01145	0.00890	0.00507	0.00438	0.00142	0.00644	0.00374	0.00267	0.00675
92	0.01025	0.00921	0.00908	0.00837	0.01067	0.05598	0.00643	0.01871	0.45174	0.01765	0.06823	0.04278	0.25340	0.00867	0.00528	0.00164	0.00366	0.00721	0.00474	0.00632
93	0.00599	0.00428	0.00570	0.00684	0.00713	0.00399	0.00456	0.00684	0.00941	0.01254	0.02709	0.82409	0.03250	0.01540	0.00627	0.00200	0.00285	0.01397	0.00456	0.00399
94	0.01071	0.01082	0.02025	0.37826	0.23209	0.01156	0.23611	0.01414	0.01070	0.01440	0.00922	0.01290	0.00714	0.00455	0.00516	0.00160	0.00687	0.00479	0.00234	0.00641

[dist]
# distance from previous block
# <min> <max>
0	2

[block]
# block no. 7 follows, 51 sequences, length 26
# corresponding to MSA columns:
# 529-554
name=unknown_H
#
# <colnr> <probs for GDERKNQSTAVLIFYWHMCP>
#	G	D	E	R	K	N	Q	S	T	A	V	L	I	F	Y	W	H	M	C	P
0	0.11448	0.01934	0.01308	0.01184	0.02631	0.55173	0.00896	0.09005	0.02891	0.01522	0.00928	0.01043	0.02829	0.00548	0.00495	0.00138	0.04791	0.00355	0.00290	0.00592
1	0.01314	0.83025	0.02575	0.00841	0.01261	0.01945	0.00841	0.01472	0.00999	0.01156	0.00683	0.00788	0.00631	0.00420	0.00315	0.00105	0.00526	0.00263	0.00210	0.00631
2	0.00986	0.00587	0.00765	0.00719	0.00791	0.00607	0.00509	0.13459	0.00960	0.01279	0.01213	0.09330	0.03182	0.03723	0.01541	0.58741	0.00429	0.00546	0.00291	0.00342
3	0.00599	0.00428	0.00570	0.00684	0.00713	0.00399	0.00456	0.00684	0.00941	0.01254	0.02709	0.82409	0.03250	0.01540	0.00627	0.00200	0.00285	0.01397	0.00456	0.00399
4	0.00854	0.00427	0.00640	0.00640	0.00640	0.00427	0.00427	0.00640	0.00640	0.00854	0.00854	0.01494	0.00854	0.01707	0.01921	0.85702	0.00427	0.00427	0.00213	0.00213
