[name]
unknown

[dist]
# distance from previous block
# <min> <max>
5	222

[block]
# block no. 0 follows, 63 sequences, length 51
# corresponding to MSA columns:
# 226-276
name=unknown_A
#
# <colnr> <probs for GDERKNQSTAVLIFYWHMCP>
#	G	D	E	R	K	N	Q	S	T	A	V	L	I	F	Y	W	H	M	C	P
0	0.01174	0.00839	0.00929	0.01922	0.04348	0.06499	0.00636	0.16478	0.14164	0.15580	0.06436	0.08784	0.05258	0.03956	0.04291	0.00169	0.02972	0.00525	0.04477	0.00561
1	0.07392	0.02846	0.09448	0.02626	0.03243	0.04090	0.02159	0.13280	0.08920	0.14828	0.02767	0.04897	0.05187	0.02011	0.05001	0.03932	0.00453	0.02363	0.01839	0.02719
2	0.08072	0.06744	0.03188	0.00792	0.01097	0.02108	0.02248	0.15473	0.06369	0.37324	0.05255	0.01296	0.01021	0.00506	0.00410	0.00126	0.01576	0.00397	0.03417	0.02581
3	0.02353	0.09857	0.16635	0.00853	0.02705	0.05548	0.00788	0.10783	0.06024	0.10324	0.06366	0.02630	0.09686	0.02928	0.05473	0.00167	0.02322	0.00448	0.01619	0.02493
4	0.04296	0.19785	0.01241	0.00784	0.01042	0.05382	0.02351	0.18108	0.06083	0.12913	0.01145	0.02237	0.02949	0.03930	0.07654	0.00178	0.02642	0.00386	0.06336	0.00559
5	0.05955	0.00639	0.02386	0.00538	0.00699	0.05554	0.00428	0.06358	0.02439	0.05578	0.03439	0.03160	0.03469	0.00521	0.00333	0.00108	0.00279	0.00412	0.55313	0.02393
6	0.02811	0.00943	0.01464	0.07989	0.46607	0.00966	0.04527	0.08949	0.07432	0.05144	0.00978	0.03439	0.00803	0.00445	0.00419	0.00128	0.00469	0.01503	0.00269	0.04714
7	0.78549	0.00799	0.00664	0.04190	0.00914	0.00917	0.00494	0.01264	0.00754	0.06088	0.01900	0.00779	0.00544	0.00406	0.00279	0.00131	0.00335	0.00252	0.00274	0.00468
8	0.00872	0.00517	0.00538	0.00500	0.00633	0.00533	0.00383	0.12265	0.03250	0.01670	0.01550	0.06895	0.05679	0.00578	0.00342	0.00110	0.00241	0.00471	0.62534	0.00440
9	0.00606	0.00456	0.00589	0.04161	0.00736	0.00436	0.00431	0.00827	0.03918	0.01579	0.64573	0.06986	0.11374	0.00872	0.00492	0.00136	0.00222	0.00767	0.00439	0.00402
10	0.01115	0.14181	0.13818	0.01025	0.01404	0.04284	0.15487	0.13776	0.06722	0.05538	0.02750	0.03198	0.00807	0.00441	0.00395	0.00117	0.00492	0.00381	0.00281	0.13788
11	0.00563	0.00408	0.00518	0.00586	0.00634	0.00387	0.00400	0.04088	0.00872	0.01156	0.04429	0.71556	0.08372	0.03182	0.00565	0.00171	0.00254	0.01113	0.00390	0.00358
12	0.01113	0.77399	0.02074	0.00725	0.01066	0.04093	0.00707	0.01273	0.02647	0.01037	0.04157	0.00803	0.00704	0.00388	0.00286	0.00093	0.00446	0.00255	0.00199	0.00534
13	0.01082	0.06765	0.34046	0.01073	0.03327	0.01082	0.04481	0.20871	0.15129	0.01684	0.01941	0.01079	0.00764	0.00501	0.00461	0.03930	0.00507	0.00367	0.00286	0.00624
14	0.00626	0.00544	0.04222	0.00699	0.02865	0.00533	0.00529	0.00739	0.00750	0.01038	0.04999	0.17028	0.09832	0.10759	0.32116	0.05023	0.06411	0.00642	0.00278	0.00369
15	0.01384	0.01201	0.01129	0.00938	0.01218	0.14190	0.00747	0.40003	0.29441	0.02060	0.01249	0.01213	0.02244	0.00525	0.00418	0.00129	0.00460	0.00403	0.00390	0.00656
16	0.00620	0.00423	0.00501	0.04097	0.00577	0.00431	0.00306	0.00633	0.00628	0.00835	0.01336	0.02638	0.03025	0.75521	0.04248	0.02638	0.00429	0.00596	0.00252	0.00267
17	0.01120	0.60933	0.10200	0.04460	0.01290	0.06643	0.03941	0.01303	0.00888	0.03180	0.00650	0.00763	0.00557	0.00383	0.00332	0.00103	0.02255	0.00261	0.00192	0.00545
18	0.01041	0.01022	0.01737	0.04595	0.73457	0.02662	0.06696	0.01296	0.00961	0.01357	0.00791	0.01043	0.00659	0.00376	0.00421	0.00126	0.00520	0.00381	0.00208	0.00650
19	0.00613	0.00479	0.00562	0.00544	0.00666	0.00457	0.00408	0.00889	0.10494	0.01476	0.42361	0.09825	0.26811	0.00927	0.00493	0.00140	0.00224	0.01790	0.00430	0.00411
20	0.00573	0.00467	0.00523	0.02013	0.00677	0.00436	0.00392	0.00795	0.08717	0.01270	0.15911	0.17762	0.46907	0.01018	0.00496	0.00145	0.00234	0.00872	0.00402	0.00391
21	0.03611	0.01124	0.08577	0.02101	0.05882	0.06027	0.00781	0.29600	0.02335	0.05109	0.00882	0.00954	0.00664	0.00414	0.00374	0.00104	0.00437	0.00320	0.00312	0.30390
22	0.00976	0.00933	0.01589	0.24006	0.61684	0.00982	0.01258	0.01233	0.00927	0.01295	0.00779	0.01062	0.00638	0.00387	0.00417	0.00129	0.00515	0.00374	0.00202	0.00614
23	0.00611	0.00408	0.00458	0.00458	0.00458	0.00408	0.00255	0.00611	0.00611	0.00815	0.01325	0.02751	0.01528	0.85226	0.02140	0.00408	0.00408	0.00611	0.00255	0.00255
24	0.01009	0.07897	0.15076	0.04969	0.42591	0.02528	0.04424	0.02409	0.00945	0.02278	0.00774	0.00971	0.00626	0.00375	0.00391	0.00117	0.00506	0.00340	0.00212	0.11560
25	0.01440	0.00656	0.00867	0.00707	0.00955	0.00609	0.00569	0.04399	0.05386	0.51042	0.16770	0.01793	0.01603	0.02545	0.08494	0.00189	0.00405	0.00494	0.00467	0.00611
26	0.01376	0.00820	0.00964	0.00783	0.01048	0.00844	0.00631	0.24407	0.16064	0.27923	0.18713	0.01700	0.01616	0.00597	0.00439	0.00132	0.00349	0.00492	0.00463	0.00638
27	0.00574	0.00405	0.00518	0.00562	0.00629	0.00374	0.00394	0.00700	0.02158	0.03315	0.21984	0.52501	0.12026	0.01146	0.00518	0.00157	0.00234	0.01024	0.00412	0.00371
28	0.00574	0.00426	0.00526	0.00505	0.00612	0.00386	0.00377	0.00749	0.01123	0.01545	0.61360	0.05424	0.21409	0.00910	0.00493	0.00135	0.00203	0.00793	0.02064	0.00386
29	0.01040	0.00999	0.01706	0.02580	0.82604	0.00999	0.01290	0.01290	0.00957	0.01373	0.00791	0.01040	0.00666	0.00375	0.00416	0.00125	0.00499	0.00375	0.00208	0.00666
30	0.00611	0.00408	0.00458	0.00458	0.00458	0.00408	0.00255	0.00611	0.00611	0.00815	0.01325	0.02751	0.01528	0.85226	0.02140	0.00408	0.00408	0.00611	0.00255	0.00255
31	0.01139	0.82598	0.02168	0.00732	0.01087	0.04490	0.00723	0.01273	0.00866	0.00990	0.00587	0.00677	0.00540	0.00362	0.00274	0.00091	0.00460	0.00226	0.00181	0.00538
32	0.00782	0.02744	0.00791	0.00653	0.00822	0.00549	0.06001	0.03784	0.04878	0.08260	0.46748	0.02830	0.16878	0.00798	0.00479	0.00134	0.00274	0.01716	0.00426	0.00454
33	0.01649	0.00718	0.00983	0.00764	0.01065	0.00640	0.03368	0.06196	0.01221	0.63539	0.08495	0.01681	0.04082	0.00569	0.00435	0.00131	0.00357	0.01828	0.00489	0.01789
34	0.00606	0.00430	0.00570	0.00570	0.00608	0.00468	0.00394	0.00683	0.00644	0.00898	0.01223	0.02187	0.01283	0.43107	0.43924	0.00545	0.00776	0.00529	0.00240	0.00317
35	0.00907	0.00746	0.00875	0.00627	0.00999	0.00562	0.00502	0.01093	0.00883	0.04182	0.00779	0.00891	0.00637	0.00319	0.00315	0.00065	0.00313	0.00255	0.00258	0.84792
36	0.00602	0.00446	0.00654	0.00654	0.00722	0.00514	0.00499	0.00737	0.00669	0.00960	0.01146	0.01761	0.01098	0.11310	0.75468	0.00649	0.01055	0.00466	0.00228	0.00363
37	0.88196	0.00813	0.00618	0.00553	0.00813	0.00943	0.00455	0.01236	0.00715	0.01886	0.00585	0.00683	0.00455	0.00390	0.00260	0.00130	0.00325	0.00228	0.00260	0.00455
38	0.05157	0.27052	0.31157	0.00925	0.01355	0.02478	0.02184	0.03137	0.02737	0.10157	0.00813	0.00892	0.00616	0.00412	0.00386	0.00116	0.03393	0.00298	0.00237	0.06498
39	0.01012	0.00967	0.01653	0.04559	0.74974	0.00969	0.02672	0.01262	0.00963	0.01374	0.03623	0.01177	0.00805	0.00405	0.00423	0.00127	0.00493	0.01679	0.00219	0.00645
40	0.00925	0.00935	0.01373	0.01151	0.01182	0.01272	0.06639	0.01036	0.00669	0.01036	0.00573	0.00935	0.00558	0.00709	0.01317	0.00181	0.78481	0.00377	0.00186	0.00467
41	0.00991	0.39952	0.41193	0.01001	0.03219	0.03411	0.01136	0.01299	0.00883	0.01168	0.00698	0.00849	0.00567	0.00393	0.00343	0.00114	0.00541	0.01480	0.00183	0.00578
42	0.01286	0.01115	0.20277	0.01021	0.03475	0.00802	0.10922	0.04375	0.07901	0.32978	0.10227	0.01443	0.01194	0.00509	0.00435	0.00133	0.00451	0.00445	0.00376	0.00634
43	0.00612	0.00419	0.00526	0.00526	0.00549	0.00441	0.00339	0.00651	0.00628	0.00860	0.01245	0.02372	0.01358	0.57830	0.26440	0.03495	0.00621	0.00555	0.00243	0.00288
44	0.05982	0.00916	0.09336	0.03622	0.01116	0.04138	0.00693	0.05215	0.16300	0.26490	0.13957	0.01759	0.07467	0.00595	0.00427	0.00133	0.00371	0.00487	0.00406	0.00589
45	0.01300	0.05835	0.08817	0.01512	0.29716	0.03564	0.04826	0.10424	0.04907	0.21337	0.02929	0.01166	0.00843	0.00447	0.00414	0.00126	0.00473	0.00389	0.00320	0.00656
46	0.00580	0.00414	0.00514	0.00522	0.00584	0.00390	0.00362	0.00693	0.00931	0.01269	0.35502	0.18058	0.09209	0.24459	0.00965	0.00219	0.00274	0.04327	0.00383	0.00343
47	0.03520	0.00774	0.00958	0.00748	0.01045	0.00739	0.00614	0.18345	0.01320	0.54303	0.03269	0.01379	0.01029	0.00519	0.00407	0.00126	0.00359	0.00414	0.09462	0.00669
48	0.03409	0.02938	0.28632	0.05693	0.14702	0.00910	0.05638	0.04912	0.03747	0.18432	0.02849	0.01226	0.02189	0.00463	0.00425	0.00133	0.01330	0.01459	0.00290	0.00622
49	0.02250	0.17924	0.16875	0.00898	0.01278	0.01026	0.03619	0.12633	0.05521	0.29211	0.01167	0.01223	0.00840	0.00481	0.00394	0.00125	0.00452	0.03091	0.00351	0.00641
50	0.01284	0.00753	0.00895	0.00754	0.00984	0.00776	0.00596	0.13154	0.19827	0.29288	0.03292	0.05727	0.06707	0.07957	0.02379	0.00173	0.02563	0.01865	0.00428	0.00597

[dist]
# distance from previous block
# <min> <max>
0	8

[block]
# block no. 1 follows, 63 sequences, length 31
# corresponding to MSA columns:
# 285-315
name=unknown_B
#
# <colnr> <probs for GDERKNQSTAVLIFYWHMCP>
#	G	D	E	R	K	N	Q	S	T	A	V	L	I	F	Y	W	H	M	C	P
0	0.01039	0.00784	0.01195	0.08328	0.28734	0.00815	0.02466	0.04909	0.05127	0.13227	0.04258	0.01653	0.04928	0.02145	0.11177	0.00210	0.03380	0.04756	0.00303	0.00566
1	0.01167	0.45482	0.01686	0.00853	0.04068	0.04241	0.02993	0.11478	0.06746	0.05843	0.09444	0.01173	0.01039	0.00470	0.00353	0.00110	0.00431	0.01575	0.00283	0.00566
2	0.01124	0.00950	0.00959	0.00837	0.02164	0.12571	0.01702	0.20285	0.11470	0.06735	0.15250	0.03115	0.10843	0.00793	0.05005	0.00162	0.04600	0.00519	0.00374	0.00541
3	0.03331	0.17526	0.06006	0.02995	0.10811	0.07736	0.06726	0.10025	0.05816	0.02638	0.00866	0.02077	0.01543	0.00429	0.00411	0.00112	0.03972	0.00339	0.00254	0.16386
4	0.01107	0.57011	0.19228	0.00910	0.03575	0.09743	0.00922	0.01317	0.00898	0.01077	0.00633	0.00738	0.00542	0.00376	0.00312	0.00102	0.00518	0.00252	0.00184	0.00555
5	0.00520	0.00379	0.00486	0.00564	0.00605	0.00350	0.00383	0.00601	0.00831	0.01093	0.04842	0.68021	0.12315	0.04415	0.00592	0.00176	0.00248	0.02850	0.00387	0.00342
6	0.00511	0.00378	0.00475	0.00552	0.00599	0.00345	0.00374	0.00589	0.00831	0.01080	0.02679	0.67508	0.18387	0.02867	0.00559	0.00170	0.00241	0.01124	0.00388	0.00342
7	0.00558	0.00427	0.00504	0.00499	0.00600	0.00386	0.00363	0.00711	0.02217	0.01363	0.38849	0.12680	0.31698	0.06529	0.00608	0.00158	0.00224	0.00841	0.00414	0.00370
8	0.29303	0.00734	0.00836	0.00675	0.00964	0.00719	0.00554	0.01718	0.03193	0.49962	0.06235	0.01300	0.01039	0.00501	0.00375	0.00131	0.00337	0.00382	0.00431	0.00612
9	0.00909	0.01676	0.49793	0.01160	0.01646	0.00994	0.10817	0.01563	0.22680	0.01444	0.01088	0.01158	0.02253	0.00452	0.00420	0.00137	0.00547	0.00388	0.00253	0.00622
10	0.00590	0.00430	0.00555	0.00524	0.00625	0.00395	0.00393	0.00784	0.01178	0.01658	0.78382	0.03186	0.07984	0.00870	0.00496	0.00133	0.00199	0.00767	0.00459	0.00395
11	0.67727	0.00840	0.00852	0.05690	0.01083	0.00940	0.07328	0.03396	0.00805	0.05398	0.00680	0.00793	0.00513	0.00396	0.00302	0.00130	0.00377	0.00272	0.00267	0.02211
12	0.00569	0.00429	0.00526	0.00501	0.00612	0.00385	0.00376	0.00743	0.01128	0.01539	0.61508	0.03382	0.24933	0.00914	0.00496	0.00135	0.00202	0.00794	0.00443	0.00385
13	0.01034	0.00992	0.01694	0.04818	0.80419	0.00997	0.01287	0.01284	0.00954	0.01365	0.00790	0.01043	0.00663	0.00376	0.00416	0.00125	0.00501	0.00375	0.00208	0.00660
14	0.01089	0.77697	0.06582	0.00744	0.01107	0.01583	0.00758	0.01244	0.00849	0.01007	0.00614	0.00723	0.00558	0.00467	0.03422	0.00114	0.00485	0.00238	0.00181	0.00538
15	0.00602	0.00444	0.00643	0.00643	0.00707	0.00508	0.00485	0.00730	0.00666	0.00952	0.01156	0.01817	0.01123	0.15536	0.71276	0.00635	0.01018	0.00475	0.00230	0.00357
16	0.83490	0.00833	0.00653	0.00575	0.00840	0.00963	0.00474	0.05581	0.00784	0.01928	0.00608	0.00701	0.00469	0.00396	0.00269	0.00130	0.00333	0.00236	0.00269	0.00469
17	0.01081	0.31737	0.32161	0.01009	0.02641	0.15893	0.02838	0.01352	0.00932	0.01158	0.00677	0.00795	0.00546	0.00385	0.00347	0.00110	0.00568	0.00275	0.00190	0.05305
18	0.00999	0.00971	0.01518	0.06131	0.61304	0.05255	0.02333	0.01217	0.00929	0.01283	0.00892	0.04909	0.00817	0.05056	0.00549	0.00145	0.03276	0.01596	0.00220	0.00598
19	0.01001	0.46837	0.36667	0.00929	0.01396	0.01348	0.01073	0.01325	0.03820	0.01163	0.00698	0.00798	0.00564	0.00384	0.00331	0.00110	0.00519	0.00271	0.00188	0.00579
20	0.01570	0.02004	0.01191	0.01083	0.01300	0.83539	0.00812	0.01679	0.01191	0.01029	0.00650	0.00758	0.00541	0.00433	0.00379	0.00108	0.00758	0.00271	0.00217	0.00487
21	0.01125	0.01349	0.26967	0.01354	0.17202	0.00997	0.06647	0.21248	0.03443	0.06636	0.01010	0.05169	0.00809	0.03566	0.00487	0.00142	0.00514	0.00418	0.00288	0.00630
22	0.01097	0.36455	0.24454	0.00976	0.05780	0.01175	0.03229	0.01352	0.00932	0.11443	0.04148	0.00974	0.00755	0.00409	0.00351	0.00111	0.00478	0.00313	0.00240	0.05328
23	0.00521	0.00370	0.00485	0.00574	0.00596	0.00347	0.00378	0.00588	0.00788	0.01050	0.02229	0.77703	0.02670	0.08716	0.00678	0.00192	0.00258	0.01144	0.00378	0.00334
24	0.16683	0.00726	0.00902	0.00707	0.01017	0.00668	0.00583	0.01878	0.01114	0.67208	0.01530	0.01359	0.02702	0.00510	0.00396	0.00130	0.00349	0.00399	0.00473	0.00663
25	0.01029	0.14854	0.18731	0.01540	0.26468	0.01023	0.13275	0.01304	0.00941	0.07978	0.01001	0.06676	0.02402	0.00463	0.00411	0.00127	0.00514	0.00425	0.00239	0.00597
26	0.00877	0.00841	0.01444	0.55451	0.22240	0.00963	0.06798	0.01188	0.03832	0.01191	0.00800	0.01118	0.00618	0.00410	0.00425	0.00137	0.00548	0.00386	0.00203	0.00530
27	0.00627	0.00467	0.00659	0.00631	0.00683	0.00514	0.03044	0.00718	0.00658	0.00920	0.01186	0.02083	0.01227	0.37970	0.43869	0.00530	0.03128	0.00518	0.00236	0.00333
28	0.54563	0.04237	0.03314	0.00988	0.14157	0.12969	0.00688	0.02413	0.00851	0.01640	0.00639	0.00762	0.00511	0.00395	0.00309	0.00125	0.00431	0.00262	0.00242	0.00505
29	0.00713	0.00493	0.00567	0.00521	0.00674	0.00444	0.00399	0.05175	0.01111	0.08664	0.30189	0.04757	0.42884	0.00921	0.00486	0.00137	0.00235	0.00781	0.00428	0.00420
30	0.06035	0.18602	0.02643	0.01235	0.18825	0.09630	0.00859	0.14574	0.10169	0.01524	0.03582	0.01132	0.00841	0.00483	0.00444	0.00124	0.05874	0.02560	0.00277	0.00587

[dist]
# distance from previous block
# <min> <max>
0	1

[block]
# block no. 2 follows, 63 sequences, length 12
# corresponding to MSA columns:
# 317-328
name=unknown_C
#
# <colnr> <probs for GDERKNQSTAVLIFYWHMCP>
#	G	D	E	R	K	N	Q	S	T	A	V	L	I	F	Y	W	H	M	C	P
0	0.01029	0.09588	0.04875	0.06649	0.48564	0.01031	0.03745	0.06989	0.02337	0.01414	0.04816	0.01153	0.00837	0.02521	0.00448	0.00129	0.00483	0.00384	0.00236	0.02771
1	0.01024	0.26911	0.25296	0.04935	0.22513	0.03685	0.05743	0.03009	0.00932	0.01248	0.00720	0.00885	0.00580	0.00383	0.00371	0.00118	0.00541	0.00315	0.00195	0.00596
2	0.01237	0.44184	0.05988	0.01045	0.09344	0.17419	0.02310	0.08099	0.03127	0.02688	0.00715	0.00811	0.00597	0.00398	0.00336	0.00105	0.00525	0.00281	0.00223	0.00568
3	0.00594	0.00404	0.00502	0.00523	0.00539	0.00411	0.00330	0.00625	0.00659	0.00890	0.01472	0.19408	0.01677	0.51526	0.14612	0.04084	0.00485	0.00696	0.00275	0.00288
4	0.00872	0.00747	0.00872	0.00623	0.00996	0.00560	0.00498	0.01058	0.00872	0.01370	0.00747	0.00872	0.00623	0.00311	0.00311	0.00062	0.00311	0.00249	0.00249	0.87796
5	0.05162	0.00686	0.00847	0.00726	0.02300	0.01896	0.02103	0.07688	0.07749	0.29005	0.28574	0.02066	0.04890	0.03789	0.00507	0.00142	0.00321	0.00549	0.00444	0.00556
6	0.00548	0.00420	0.00502	0.00499	0.00604	0.00374	0.00368	0.00696	0.01053	0.01402	0.43011	0.14707	0.32301	0.00997	0.00502	0.00141	0.00210	0.00866	0.00427	0.00374
7	0.00810	0.00722	0.01171	0.12332	0.34314	0.00751	0.02643	0.00997	0.00876	0.01204	0.01336	0.22352	0.01403	0.05525	0.00595	0.00164	0.03214	0.08820	0.00271	0.00498
8	0.00521	0.00372	0.00498	0.00596	0.00624	0.00349	0.00406	0.00601	0.00814	0.01083	0.02312	0.80598	0.02761	0.01309	0.00539	0.00172	0.00252	0.05460	0.00390	0.00344
9	0.00606	0.00408	0.00471	0.00475	0.00480	0.00410	0.00275	0.00617	0.00624	0.00836	0.01364	0.06786	0.01567	0.77023	0.06057	0.00409	0.00435	0.00632	0.00260	0.00265
10	0.00693	0.00608	0.00764	0.05122	0.09141	0.05647	0.02310	0.00871	0.02413	0.01344	0.30568	0.23436	0.13674	0.00889	0.00486	0.00142	0.00309	0.00788	0.00373	0.00422
11	0.13524	0.10563	0.04253	0.03796	0.20794	0.04592	0.22482	0.06800	0.00992	0.03481	0.00797	0.01017	0.00637	0.00409	0.00428	0.00129	0.02974	0.01521	0.00237	0.00575

[dist]
# distance from previous block
# <min> <max>
10	17

[block]
# block no. 3 follows, 63 sequences, length 11
# corresponding to MSA columns:
# 347-357
name=unknown_D
#
# <colnr> <probs for GDERKNQSTAVLIFYWHMCP>
#	G	D	E	R	K	N	Q	S	T	A	V	L	I	F	Y	W	H	M	C	P
0	0.01173	0.01076	0.01046	0.00965	0.04365	0.11421	0.00724	0.11001	0.59555	0.01752	0.01463	0.01383	0.01102	0.00538	0.00420	0.00136	0.00407	0.00435	0.00392	0.00649
1	0.05343	0.01958	0.06200	0.00830	0.02951	0.00715	0.06345	0.10063	0.03581	0.24331	0.12896	0.08797	0.09648	0.00755	0.03518	0.00155	0.00395	0.00564	0.00395	0.00557
2	0.01116	0.38589	0.23013	0.02908	0.03047	0.06299	0.03929	0.06601	0.03373	0.04810	0.02261	0.00896	0.00663	0.00408	0.00350	0.00113	0.00515	0.00302	0.00227	0.00580
3	0.01366	0.03053	0.06843	0.05927	0.09472	0.42046	0.00904	0.08515	0.01141	0.07581	0.00804	0.00939	0.00633	0.00581	0.04443	0.00147	0.04486	0.00323	0.00251	0.00545
4	0.00515	0.00389	0.00473	0.00538	0.00599	0.00352	0.00372	0.00599	0.00849	0.01088	0.02872	0.55293	0.27004	0.04111	0.00581	0.00171	0.00244	0.03221	0.00386	0.00344
5	0.00916	0.00872	0.01491	0.19197	0.45123	0.00925	0.06905	0.01152	0.00885	0.01234	0.00896	0.01243	0.02357	0.04321	0.07134	0.00188	0.03981	0.00410	0.00210	0.00562
6	0.01062	0.07119	0.04973	0.30727	0.15990	0.12010	0.10208	0.03707	0.04980	0.04039	0.00829	0.01048	0.00639	0.00415	0.00412	0.00129	0.00567	0.00368	0.00227	0.00553
7	0.00605	0.00406	0.00464	0.00468	0.00473	0.00403	0.00268	0.00617	0.00645	0.00863	0.04561	0.07287	0.01693	0.77300	0.01987	0.00384	0.00390	0.00649	0.00270	0.00265
8	0.00536	0.00421	0.00484	0.00482	0.00595	0.00369	0.00356	0.00674	0.01030	0.01339	0.33821	0.12178	0.44191	0.01013	0.00501	0.00141	0.00211	0.00871	0.00418	0.00369
9	0.00937	0.00870	0.01333	0.42930	0.26404	0.03386	0.01107	0.05943	0.04158	0.01310	0.03559	0.01311	0.00817	0.00462	0.00427	0.00136	0.00514	0.03616	0.00235	0.00544
10	0.01263	0.17931	0.07820	0.01102	0.11228	0.01105	0.05183	0.22748	0.04453	0.13072	0.04085	0.02312	0.02050	0.01786	0.00428	0.00128	0.00452	0.01905	0.00328	0.00622

[dist]
# distance from previous block
# <min> <max>
1	12

[block]
# block no. 4 follows, 63 sequences, length 25
# corresponding to MSA columns:
# 370-394
name=unknown_E
#
# <colnr> <probs for GDERKNQSTAVLIFYWHMCP>
#	G	D	E	R	K	N	Q	S	T	A	V	L	I	F	Y	W	H	M	C	P
0	0.03768	0.01039	0.04013	0.00896	0.01188	0.01116	0.00738	0.31242	0.43670	0.05630	0.01384	0.01307	0.01013	0.00533	0.00419	0.00135	0.00392	0.00424	0.00415	0.00678
1	0.30028	0.14320	0.12579	0.03432	0.05372	0.08600	0.03441	0.02956	0.04435	0.02273	0.00849	0.00948	0.03516	0.00421	0.00336	0.00120	0.00453	0.00304	0.00243	0.05375
2	0.00593	0.00425	0.00539	0.00577	0.02071	0.00386	0.00407	0.00721	0.00978	0.04000	0.27095	0.34923	0.21494	0.01072	0.00510	0.00151	0.00235	0.03030	0.00413	0.00381
3	0.00643	0.00506	0.00735	0.00707	0.00785	0.00595	0.00553	0.00784	0.00679	0.00992	0.01062	0.01583	0.01000	0.05389	0.69597	0.00594	0.08882	0.00439	0.00223	0.04253
4	0.00511	0.00405	0.00461	0.00499	0.00594	0.00355	0.00359	0.00611	0.00910	0.01137	0.06431	0.34276	0.47403	0.01154	0.00514	0.00154	0.00229	0.03251	0.00393	0.00352
5	0.66603	0.00839	0.00737	0.00679	0.03582	0.00952	0.00526	0.12385	0.00918	0.01934	0.03247	0.04550	0.00710	0.00461	0.00307	0.00131	0.00343	0.00313	0.00293	0.00492
6	0.00688	0.00477	0.00690	0.14487	0.03607	0.00483	0.00563	0.00811	0.00848	0.07435	0.01936	0.60026	0.02172	0.01058	0.00499	0.00159	0.00312	0.00955	0.02391	0.00403
7	0.00945	0.13763	0.06772	0.00689	0.01074	0.00777	0.00615	0.02381	0.02006	0.03233	0.00761	0.00867	0.00624	0.00336	0.00317	0.00075	0.00358	0.00259	0.00245	0.63904
8	0.88196	0.00813	0.00618	0.00553	0.00813	0.00943	0.00455	0.01236	0.00715	0.01886	0.00585	0.00683	0.00455	0.00390	0.00260	0.00130	0.00325	0.00228	0.00260	0.00455
9	0.00824	0.00419	0.00429	0.00419	0.00528	0.00422	0.00316	0.01055	0.03806	0.03888	0.01392	0.01563	0.01084	0.00494	0.00302	0.00100	0.00205	0.00396	0.81946	0.00411
10	0.00583	0.00437	0.00542	0.00569	0.00649	0.00417	0.00406	0.02599	0.04547	0.01313	0.24212	0.43042	0.14801	0.01149	0.02557	0.00166	0.00258	0.00962	0.00408	0.00382
11	0.00909	0.01671	0.49124	0.06859	0.28829	0.00983	0.03113	0.01302	0.00910	0.01330	0.00768	0.00958	0.00581	0.00391	0.00408	0.00131	0.00579	0.00340	0.00189	0.00625
12	0.01054	0.10199	0.27349	0.04488	0.11965	0.03152	0.12236	0.03733	0.04948	0.09141	0.05633	0.01145	0.00857	0.00442	0.00427	0.00129	0.01861	0.00385	0.00257	0.00600
13	0.00570	0.00392	0.00477	0.00518	0.00530	0.00384	0.00319	0.00605	0.00694	0.00927	0.01731	0.36849	0.02033	0.47857	0.03981	0.00317	0.00362	0.00849	0.00310	0.00294
14	0.01179	0.69048	0.05733	0.00796	0.01146	0.14026	0.00771	0.01326	0.00907	0.01011	0.00602	0.00697	0.00539	0.00373	0.00292	0.00095	0.00504	0.00236	0.00185	0.00535
15	0.04134	0.09083	0.15877	0.15253	0.34183	0.03045	0.02795	0.02405	0.00929	0.03616	0.00840	0.04479	0.00701	0.00432	0.00401	0.00128	0.00515	0.00379	0.00218	0.00588
16	0.00603	0.00401	0.00522	0.00582	0.00641	0.00369	0.00407	0.00696	0.00869	0.05718	0.07493	0.62343	0.10074	0.02966	0.00559	0.00169	0.00254	0.04565	0.00399	0.00367
17	0.01646	0.00660	0.00893	0.00708	0.00990	0.00574	0.00575	0.01806	0.01174	0.68222	0.09675	0.06066	0.03827	0.00611	0.00438	0.00133	0.00332	0.00510	0.00504	0.00654
18	0.00961	0.02777	0.15386	0.03436	0.19365	0.04216	0.00920	0.05901	0.06346	0.06602	0.09327	0.04014	0.09262	0.00634	0.00446	0.00138	0.00434	0.08965	0.00315	0.00555
19	0.01075	0.06612	0.29012	0.03092	0.30840	0.16743	0.02910	0.01387	0.02145	0.01271	0.00753	0.00924	0.00596	0.00396	0.00397	0.00123	0.00590	0.00328	0.00201	0.00604
20	0.00608	0.00413	0.00489	0.00492	0.00503	0.00422	0.00295	0.00630	0.00625	0.00843	0.01320	0.04475	0.01490	0.71887	0.13435	0.00439	0.00504	0.00602	0.00254	0.00273
21	0.02229	0.00733	0.00997	0.04087	0.13549	0.02157	0.01648	0.07025	0.04961	0.24526	0.11607	0.05151	0.03522	0.00692	0.00464	0.00143	0.00382	0.15162	0.00397	0.00565
22	0.02042	0.02422	0.04974	0.02317	0.14779	0.26534	0.04077	0.09564	0.08717	0.07619	0.04367	0.07178	0.01766	0.01249	0.00433	0.00129	0.00528	0.00436	0.00301	0.00566
23	0.07562	0.01019	0.07137	0.03811	0.07168	0.02636	0.08027	0.25956	0.03425	0.15866	0.04396	0.06884	0.03123	0.00549	0.00426	0.00133	0.00445	0.00464	0.00362	0.00611
24	0.10759	0.05448	0.14090	0.01123	0.11564	0.09248	0.04772	0.12046	0.04210	0.03482	0.00846	0.02288	0.00675	0.01309	0.00407	0.00119	0.01754	0.00336	0.00263	0.15261

[dist]
# distance from previous block
# <min> <max>
4	9

[block]
# block no. 5 follows, 63 sequences, length 7
# corresponding to MSA columns:
# 408-414
name=unknown_F
#
# <colnr> <probs for GDERKNQSTAVLIFYWHMCP>
#	G	D	E	R	K	N	Q	S	T	A	V	L	I	F	Y	W	H	M	C	P
0	0.00571	0.00394	0.00506	0.00571	0.00625	0.00362	0.00395	0.00658	0.00855	0.03935	0.06373	0.62747	0.12518	0.04062	0.00581	0.00173	0.00252	0.03673	0.00394	0.00357
1	0.01097	0.03042	0.14825	0.08753	0.31615	0.10245	0.07225	0.04312	0.01002	0.06862	0.00880	0.03543	0.00712	0.00486	0.01882	0.00139	0.02159	0.00388	0.00236	0.00598
2	0.00955	0.06203	0.34701	0.06077	0.32413	0.00996	0.04957	0.01297	0.00933	0.03348	0.03670	0.01050	0.00724	0.00406	0.00408	0.00128	0.00545	0.00361	0.00210	0.00617
3	0.05038	0.00701	0.00895	0.00730	0.01003	0.00655	0.00587	0.01852	0.12274	0.57257	0.05958	0.08553	0.01352	0.00607	0.00430	0.00135	0.00335	0.00505	0.00483	0.00650
4	0.00953	0.01517	0.40411	0.05426	0.21543	0.00950	0.08396	0.01371	0.05232	0.05317	0.04234	0.01113	0.00782	0.00424	0.00420	0.00133	0.00551	0.00378	0.00230	0.00618
5	0.02869	0.10184	0.15759	0.01089	0.12373	0.02347	0.06357	0.04793	0.01015	0.13434	0.07438	0.07139	0.09877	0.02918	0.00470	0.00138	0.00436	0.00503	0.00309	0.00553
6	0.00752	0.00597	0.04866	0.00756	0.05097	0.00521	0.03006	0.03198	0.02457	0.07238	0.08760	0.31026	0.04233	0.20354	0.02799	0.00223	0.00365	0.02995	0.00347	0.00412

[dist]
# distance from previous block
# <min> <max>
1	10

[block]
# block no. 6 follows, 63 sequences, length 21
# corresponding to MSA columns:
# 426-446
name=unknown_G
#
# <colnr> <probs for GDERKNQSTAVLIFYWHMCP>
#	G	D	E	R	K	N	Q	S	T	A	V	L	I	F	Y	W	H	M	C	P
0	0.03168	0.17546	0.30527	0.01256	0.08687	0.06455	0.13912	0.01291	0.00910	0.01251	0.01916	0.01007	0.00657	0.00450	0.01275	0.00132	0.04998	0.01974	0.00202	0.02385
1	0.01093	0.02980	0.01560	0.17353	0.23629	0.10009	0.16684	0.05635	0.02724	0.06135	0.02644	0.01265	0.02344	0.00449	0.00432	0.00131	0.00548	0.02526	0.00254	0.01605
2	0.05628	0.01033	0.06858	0.08563	0.22015	0.07044	0.06503	0.06780	0.04513	0.16863	0.07272	0.02137	0.01001	0.00475	0.00418	0.00129	0.00474	0.00414	0.00312	0.01567
3	0.01409	0.01020	0.01047	0.00868	0.01131	0.11951	0.01884	0.25559	0.15262	0.21029	0.05572	0.06982	0.01183	0.00643	0.02367	0.00144	0.00445	0.00470	0.00411	0.00624
4	0.17307	0.00783	0.00932	0.00733	0.01043	0.00756	0.00604	0.10997	0.02474	0.56082	0.01447	0.01306	0.02631	0.00507	0.00395	0.00130	0.00360	0.00393	0.00458	0.00660
5	0.01035	0.03115	0.24351	0.04232	0.45043	0.06572	0.04924	0.01343	0.00956	0.03356	0.00790	0.00987	0.00623	0.00389	0.00410	0.00127	0.00557	0.00353	0.00207	0.00630
6	0.00778	0.00594	0.00673	0.00626	0.00783	0.00611	0.00477	0.01256	0.26841	0.05152	0.25903	0.02755	0.20809	0.05837	0.02650	0.00169	0.00293	0.02898	0.00417	0.00478
7	0.00601	0.00450	0.00676	0.00676	0.00751	0.00525	0.00525	0.00751	0.00676	0.00976	0.01126	0.01651	0.01051	0.03153	0.83560	0.00676	0.01126	0.00450	0.00225	0.00375
8	0.00649	0.00521	0.00705	0.00824	0.11884	0.00498	0.00521	0.00871	0.05527	0.01440	0.38663	0.19417	0.15062	0.00900	0.00489	0.00141	0.00259	0.00799	0.00400	0.00431
9	0.00920	0.00842	0.01285	0.01739	0.45571	0.00858	0.02545	0.01322	0.16613	0.01410	0.04768	0.08429	0.08856	0.00592	0.00444	0.00136	0.00409	0.02373	0.00297	0.00591
10	0.00668	0.00516	0.00616	0.00608	0.00711	0.00538	0.00450	0.02651	0.13350	0.01213	0.07986	0.10836	0.17305	0.16757	0.18821	0.00311	0.00483	0.05437	0.00341	0.00400
11	0.00700	0.00531	0.00809	0.00847	0.00968	0.00526	0.06563	0.00906	0.00970	0.01265	0.02125	0.04478	0.02289	0.01102	0.00574	0.00190	0.00411	0.73971	0.00374	0.00400
12	0.00943	0.03274	0.26760	0.21443	0.20563	0.03918	0.03468	0.04809	0.00980	0.02390	0.06755	0.01154	0.00839	0.00438	0.00416	0.00131	0.00540	0.00380	0.00225	0.00575
13	0.04152	0.00966	0.01597	0.12704	0.67077	0.00998	0.01229	0.03805	0.00966	0.01395	0.00785	0.01037	0.00647	0.00385	0.00411	0.00127	0.00500	0.00369	0.00214	0.00635
14	0.00717	0.06703	0.00670	0.00537	0.00697	0.00521	0.00422	0.04223	0.01044	0.07280	0.18429	0.09973	0.43080	0.00934	0.00477	0.00139	0.00256	0.03081	0.00400	0.00418
15	0.00637	0.00551	0.00652	0.00666	0.00751	0.05536	0.02648	0.00754	0.00887	0.01137	0.07186	0.36995	0.18744	0.01245	0.06642	0.00198	0.04797	0.09242	0.00356	0.00376
16	0.07319	0.12731	0.57593	0.01090	0.03740	0.01045	0.01279	0.03468	0.00908	0.03566	0.00796	0.03241	0.00613	0.00425	0.00378	0.00128	0.00552	0.00325	0.00207	0.00597
17	0.02510	0.01170	0.09770	0.12306	0.42402	0.09914	0.04521	0.03439	0.03007	0.01347	0.03087	0.03023	0.00778	0.00432	0.00417	0.00128	0.00534	0.00392	0.00227	0.00596
18	0.76929	0.00876	0.03444	0.00769	0.08713	0.00950	0.00572	0.01244	0.00744	0.01818	0.00611	0.00724	0.00478	0.00389	0.00280	0.00130	0.00352	0.00245	0.00252	0.00481
19	0.01032	0.38164	0.09505	0.00815	0.02182	0.06982	0.00757	0.04794	0.03605	0.03910	0.05583	0.01169	0.00916	0.00972	0.16542	0.00219	0.00599	0.01493	0.00241	0.00521
20	0.04350	0.20835	0.13790	0.00979	0.08553	0.08740	0.03450	0.04724	0.02651	0.03788	0.12810	0.01477	0.04605	0.06918	0.00519	0.00141	0.00459	0.00418	0.00271	0.00522

[dist]
# distance from previous block
# <min> <max>
0	9

[block]
# block no. 7 follows, 63 sequences, length 12
# corresponding to MSA columns:
# 456-467
name=unknown_H
#
# <colnr> <probs for GDERKNQSTAVLIFYWHMCP>
#	G	D	E	R	K	N	Q	S	T	A	V	L	I	F	Y	W	H	M	C	P
0	0.00745	0.00542	0.00638	0.00582	0.00722	0.00527	0.00444	0.11281	0.03239	0.03606	0.41653	0.07277	0.20202	0.04465	0.00556	0.00149	0.00258	0.02253	0.00428	0.00435
1	0.04008	0.04701	0.20266	0.01414	0.17037	0.08095	0.15238	0.03801	0.03382	0.04524	0.02174	0.04411	0.00773	0.00455	0.00454	0.00129	0.04010	0.00400	0.00241	0.04487
2	0.03260	0.18434	0.05651	0.01063	0.03422	0.14358	0.12844	0.05612	0.20127	0.01370	0.01012	0.04756	0.00840	0.00493	0.00447	0.00128	0.04944	0.00399	0.00274	0.00566
3	0.00894	0.12934	0.65004	0.01189	0.01758	0.01074	0.08855	0.01323	0.00893	0.01288	0.00741	0.00883	0.00543	0.00390	0.00392	0.00128	0.00607	0.00317	0.00181	0.00606
4	0.00861	0.00881	0.08697	0.07411	0.02609	0.02898	0.07991	0.04803	0.13970	0.02524	0.04823	0.09084	0.05143	0.11777	0.03619	0.00200	0.07490	0.04431	0.00303	0.00487
5	0.02527	0.01047	0.10077	0.03351	0.22172	0.03843	0.02466	0.07832	0.13810	0.07591	0.03298	0.02387	0.00906	0.00598	0.04794	0.00151	0.00481	0.00394	0.00296	0.11979
6	0.00899	0.00803	0.01261	0.73367	0.02688	0.00982	0.01119	0.11516	0.00989	0.01279	0.00781	0.01106	0.00581	0.00431	0.00420	0.00138	0.00548	0.00374	0.00217	0.00499
7	0.00564	0.00416	0.00530	0.00551	0.00636	0.00383	0.00409	0.00712	0.01025	0.01388	0.40192	0.26192	0.15994	0.01048	0.00515	0.00150	0.00231	0.08265	0.00424	0.00374
8	0.05772	0.02713	0.15725	0.01516	0.22977	0.10639	0.14956	0.02579	0.05310	0.06697	0.00973	0.06508	0.00806	0.00466	0.00421	0.00131	0.00542	0.00424	0.00254	0.00589
9	0.16818	0.01012	0.01183	0.10742	0.30695	0.13730	0.00900	0.03185	0.03835	0.01385	0.00964	0.11894	0.00895	0.00525	0.00399	0.00132	0.00475	0.00442	0.00253	0.00537
10	0.00525	0.00394	0.00469	0.00515	0.00578	0.00358	0.00351	0.00607	0.00851	0.01095	0.07526	0.43974	0.27727	0.12146	0.00731	0.00190	0.00253	0.00997	0.00377	0.00338
11	0.00687	0.00506	0.00671	0.02813	0.07880	0.00485	0.00521	0.02266	0.03815	0.05575	0.04448	0.41248	0.19940	0.01051	0.00504	0.00156	0.00289	0.06346	0.00380	0.00419

[dist]
# distance from previous block
# <min> <max>
0	1

[block]
# block no. 8 follows, 63 sequences, length 8
# corresponding to MSA columns:
# 469-476
name=unknown_I
#
# <colnr> <probs for GDERKNQSTAVLIFYWHMCP>
#	G	D	E	R	K	N	Q	S	T	A	V	L	I	F	Y	W	H	M	C	P
0	0.03289	0.06247	0.08810	0.05566	0.43480	0.02499	0.07186	0.05625	0.02411	0.09569	0.00884	0.01048	0.00683	0.00403	0.00409	0.00126	0.00507	0.00370	0.00251	0.00637
1	0.71220	0.04213	0.06043	0.00636	0.00926	0.03675	0.00563	0.03569	0.00799	0.04319	0.00644	0.00731	0.00492	0.00398	0.00283	0.00128	0.00368	0.00245	0.00263	0.00486
2	0.01195	0.01242	0.01562	0.02141	0.59121	0.20206	0.01151	0.05882	0.01069	0.01365	0.00770	0.00973	0.00640	0.00396	0.00408	0.00121	0.00557	0.00351	0.00222	0.00627
3	0.00706	0.00643	0.00625	0.00643	0.00743	0.12280	0.00481	0.00839	0.01008	0.01265	0.23607	0.27634	0.14999	0.01009	0.00503	0.00150	0.00320	0.11775	0.00384	0.00385
4	0.01289	0.01268	0.12882	0.01048	0.05583	0.08467	0.00886	0.30275	0.16530	0.06130	0.01055	0.01085	0.00781	0.00489	0.00456	0.00128	0.04665	0.00371	0.00340	0.06272
5	0.01078	0.11874	0.15919	0.01203	0.14648	0.08605	0.06460	0.03641	0.06210	0.06949	0.02316	0.01166	0.04806	0.00440	0.00388	0.00115	0.00486	0.00367	0.00261	0.13069
6	0.00936	0.05522	0.36745	0.03108	0.13071	0.00900	0.06550	0.01320	0.05006	0.07168	0.12580	0.03094	0.01172	0.00494	0.00422	0.00131	0.00498	0.00429	0.00267	0.00587
7	0.01041	0.00985	0.01598	0.02334	0.70943	0.01006	0.01201	0.01425	0.12529	0.01428	0.00922	0.01116	0.00754	0.00403	0.00418	0.00127	0.00476	0.00389	0.00240	0.00666

[dist]
# distance from previous block
# <min> <max>
0	4

[block]
# block no. 9 follows, 63 sequences, length 15
# corresponding to MSA columns:
# 481-495
name=unknown_J
#
# <colnr> <probs for GDERKNQSTAVLIFYWHMCP>
#	G	D	E	R	K	N	Q	S	T	A	V	L	I	F	Y	W	H	M	C	P
0	0.01042	0.06431	0.21442	0.18318	0.08626	0.12254	0.06346	0.04494	0.06710	0.03963	0.02520	0.03061	0.00758	0.00457	0.00425	0.00130	0.01842	0.00380	0.00239	0.00563
1	0.00995	0.18400	0.45080	0.01024	0.01491	0.04819	0.02355	0.03032	0.10717	0.03862	0.02314	0.02503	0.00746	0.00443	0.00383	0.00125	0.00534	0.00343	0.00235	0.00599
2	0.00636	0.00492	0.00697	0.00878	0.10942	0.00475	0.00587	0.00772	0.00886	0.01169	0.02245	0.36673	0.10021	0.04320	0.00594	0.00179	0.00327	0.27352	0.00361	0.00395
3	0.09919	0.15080	0.16347	0.01102	0.01470	0.08959	0.19705	0.08559	0.04798	0.03466	0.00876	0.04583	0.00714	0.00452	0.00414	0.00128	0.02232	0.00384	0.00250	0.00563
4	0.00829	0.01119	0.20340	0.04359	0.09043	0.03399	0.13901	0.01087	0.02051	0.01198	0.04292	0.04428	0.08033	0.12898	0.02263	0.00190	0.09337	0.00499	0.00240	0.00492
5	0.00922	0.00868	0.01388	0.39757	0.32024	0.00988	0.01138	0.01296	0.11006	0.01267	0.00875	0.01138	0.00689	0.00437	0.00465	0.00137	0.04429	0.00386	0.00225	0.00565
6	0.00757	0.00573	0.00747	0.14375	0.02436	0.00591	0.00588	0.10836	0.01033	0.04080	0.06877	0.32188	0.18386	0.00942	0.00488	0.00151	0.00328	0.03824	0.00366	0.00434
7	0.01514	0.12444	0.01318	0.01037	0.01272	0.73299	0.00801	0.01626	0.01149	0.01024	0.00642	0.00748	0.00541	0.00424	0.00365	0.00106	0.00720	0.00265	0.00212	0.00494
8	0.00640	0.00624	0.00534	0.00517	0.00665	0.10762	0.00388	0.00755	0.01008	0.01172	0.10844	0.03553	0.65124	0.00967	0.00482	0.00137	0.00280	0.00799	0.00375	0.00375
9	0.00511	0.00369	0.00485	0.00578	0.00608	0.00342	0.00387	0.00586	0.00812	0.01076	0.02410	0.81055	0.06617	0.01305	0.00535	0.00169	0.00242	0.01180	0.00390	0.00342
10	0.08010	0.01151	0.12080	0.07743	0.14449	0.04138	0.28552	0.01284	0.03625	0.01331	0.00853	0.01164	0.00691	0.00561	0.04384	0.00165	0.06368	0.02680	0.00220	0.00552
11	0.01521	0.01068	0.01252	0.01126	0.11418	0.01146	0.00822	0.56306	0.04485	0.12715	0.03151	0.01140	0.00852	0.00502	0.00422	0.00127	0.00443	0.00397	0.00408	0.00699
12	0.00607	0.00406	0.00460	0.00464	0.00465	0.00405	0.00261	0.00610	0.00620	0.00827	0.01370	0.06504	0.01585	0.81396	0.02066	0.00397	0.00400	0.00638	0.00261	0.00259
13	0.01966	0.00917	0.08347	0.17141	0.15557	0.00868	0.06882	0.05790	0.08764	0.03627	0.01550	0.06418	0.13814	0.00607	0.00492	0.00141	0.04759	0.01539	0.00285	0.00536
14	0.00808	0.05870	0.01954	0.12575	0.02565	0.01789	0.00637	0.02344	0.00895	0.05158	0.13031	0.11908	0.07617	0.07299	0.05479	0.00186	0.09612	0.00568	0.00300	0.09403

[dist]
# distance from previous block
# <min> <max>
0	83

# created by:
# /st0/software/busco_prod/Augustus/scripts/msa2prfl.pl ./align_prep/146597.fa
