[name]
unknown

[dist]
# distance from previous block
# <min> <max>
0	97

[block]
# block no. 0 follows, 63 sequences, length 38
# corresponding to MSA columns:
# 102-139
name=unknown_A
#
# <colnr> <probs for GDERKNQSTAVLIFYWHMCP>
#	G	D	E	R	K	N	Q	S	T	A	V	L	I	F	Y	W	H	M	C	P
0	0.01432	0.00738	0.00928	0.00792	0.01051	0.00727	0.00655	0.08112	0.17065	0.42595	0.01742	0.02154	0.01366	0.00670	0.00458	0.00146	0.00368	0.17904	0.00465	0.00633
1	0.07035	0.01131	0.01144	0.00912	0.01218	0.06968	0.00741	0.53354	0.11958	0.08239	0.02407	0.01107	0.00835	0.00508	0.00410	0.00128	0.00446	0.00383	0.00405	0.00671
2	0.19126	0.01032	0.01005	0.00839	0.01114	0.04851	0.00672	0.33331	0.27929	0.02083	0.01145	0.01156	0.00860	0.02505	0.00429	0.00138	0.00404	0.00380	0.00377	0.00624
3	0.00837	0.00480	0.00603	0.00572	0.00717	0.00426	0.00436	0.00973	0.01029	0.19252	0.20179	0.21069	0.25809	0.00960	0.00493	0.00146	0.00257	0.04884	0.00435	0.00442
4	0.00523	0.00425	0.00463	0.00456	0.00584	0.00365	0.00341	0.00652	0.01015	0.01277	0.24490	0.05717	0.60190	0.01017	0.00498	0.00140	0.00210	0.00862	0.00409	0.00365
5	0.00674	0.00426	0.00554	0.00570	0.00658	0.00388	0.00409	0.00798	0.00979	0.09452	0.27419	0.43755	0.10171	0.01072	0.00509	0.00152	0.00238	0.00954	0.00426	0.00397
6	0.01616	0.00675	0.00894	0.00709	0.00990	0.00600	0.00575	0.01828	0.05314	0.64671	0.09792	0.01768	0.05356	0.02629	0.00475	0.00138	0.00335	0.00486	0.00497	0.00652
7	0.88196	0.00813	0.00618	0.00553	0.00813	0.00943	0.00455	0.01236	0.00715	0.01886	0.00585	0.00683	0.00455	0.00390	0.00260	0.00130	0.00325	0.00228	0.00260	0.00455
8	0.00516	0.00385	0.00481	0.00550	0.00607	0.00350	0.00381	0.00606	0.00862	0.01120	0.06538	0.60827	0.21024	0.01234	0.00527	0.00163	0.00238	0.02848	0.00394	0.00348
9	0.79678	0.00837	0.00668	0.00589	0.00852	0.00967	0.00483	0.05698	0.04259	0.01923	0.00657	0.00739	0.00505	0.00404	0.00276	0.00130	0.00333	0.00247	0.00276	0.00479
10	0.00594	0.00405	0.00528	0.00584	0.00649	0.00374	0.00417	0.00702	0.00904	0.04683	0.13727	0.55402	0.10776	0.01181	0.00526	0.00163	0.00251	0.07359	0.00406	0.00370
11	0.01826	0.00702	0.00956	0.00738	0.01052	0.00608	0.00608	0.01990	0.01203	0.79116	0.05415	0.01510	0.01177	0.00536	0.00426	0.00130	0.00350	0.00438	0.00518	0.00701
12	0.01682	0.00670	0.00907	0.00713	0.01003	0.00581	0.00582	0.01846	0.01187	0.70289	0.10738	0.03657	0.02996	0.00588	0.00435	0.00132	0.00334	0.00488	0.00508	0.00664
13	0.00639	0.00440	0.00561	0.00536	0.00647	0.00400	0.00405	0.00814	0.01123	0.05417	0.59080	0.09076	0.14920	0.00915	0.00498	0.00138	0.00217	0.03325	0.00448	0.00402
14	0.86104	0.00811	0.00627	0.00558	0.00819	0.00935	0.00459	0.01255	0.00727	0.03849	0.00611	0.00701	0.00469	0.00393	0.00264	0.00130	0.00326	0.00232	0.00266	0.00462
15	0.00609	0.00417	0.00507	0.00507	0.00524	0.00434	0.00315	0.00642	0.00626	0.00851	0.01280	0.02505	0.01422	0.66894	0.20326	0.00467	0.00568	0.00575	0.00248	0.00282
16	0.11891	0.00747	0.00887	0.00725	0.01001	0.00736	0.00586	0.05714	0.15304	0.45217	0.07281	0.02828	0.04081	0.00568	0.00414	0.00133	0.00337	0.00458	0.00457	0.00635
17	0.86155	0.00811	0.00626	0.00557	0.00819	0.00935	0.00459	0.01255	0.00727	0.03801	0.00611	0.00701	0.00469	0.00393	0.00264	0.00130	0.00326	0.00232	0.00266	0.00461
18	0.00853	0.00808	0.01368	0.64531	0.22115	0.00950	0.01197	0.01126	0.00869	0.01146	0.00758	0.01101	0.00586	0.00409	0.00419	0.00136	0.00546	0.00374	0.00192	0.00515
19	0.00760	0.00555	0.00845	0.00773	0.00876	0.00638	0.04237	0.00913	0.00737	0.07793	0.02394	0.01569	0.01030	0.03773	0.61179	0.00539	0.10270	0.00448	0.00249	0.00420
20	0.00783	0.00457	0.00584	0.00577	0.00695	0.00409	0.00425	0.00906	0.00988	0.16350	0.18574	0.36158	0.18068	0.01027	0.00500	0.00150	0.00252	0.02243	0.00429	0.00425
21	0.00655	0.00431	0.00569	0.00620	0.00692	0.00409	0.00455	0.00792	0.02698	0.06511	0.11330	0.49306	0.04550	0.04335	0.00589	0.00175	0.00279	0.14815	0.00402	0.00384
22	0.00850	0.00805	0.01363	0.65578	0.21093	0.00949	0.01195	0.01123	0.00867	0.01142	0.00757	0.01102	0.00584	0.00410	0.00419	0.00137	0.00546	0.00374	0.00192	0.00512
23	0.01106	0.00906	0.01559	0.21815	0.06519	0.02735	0.26625	0.07167	0.01051	0.14641	0.02765	0.01392	0.00863	0.00597	0.04540	0.00165	0.00581	0.04126	0.00285	0.00560
24	0.00903	0.00518	0.00705	0.00722	0.00857	0.00495	0.00596	0.01094	0.02956	0.18237	0.07517	0.17732	0.02272	0.01020	0.00531	0.00171	0.00342	0.42454	0.00421	0.00455
25	0.00872	0.00747	0.00872	0.00623	0.00996	0.00560	0.00498	0.01058	0.00872	0.01370	0.00747	0.00872	0.00623	0.00311	0.00311	0.00062	0.00311	0.00249	0.00249	0.87796
26	0.02660	0.01405	0.04736	0.01074	0.03314	0.35801	0.08078	0.03239	0.13806	0.12862	0.01102	0.01189	0.02723	0.00499	0.00455	0.00128	0.04259	0.01809	0.00301	0.00563
27	0.00936	0.00503	0.00671	0.00649	0.00791	0.00460	0.00510	0.01083	0.01021	0.23302	0.16177	0.22965	0.07385	0.02958	0.00544	0.00162	0.00301	0.18685	0.00434	0.00461
28	0.01469	0.00992	0.01101	0.00884	0.01180	0.01075	0.00716	0.44953	0.20164	0.16672	0.01351	0.05340	0.01005	0.00562	0.00428	0.00133	0.00403	0.00449	0.00438	0.00685
29	0.01058	0.01094	0.05786	0.05649	0.14929	0.02631	0.35606	0.09456	0.10317	0.02991	0.03118	0.01297	0.00858	0.00444	0.00458	0.00137	0.00568	0.02732	0.00272	0.00598
30	0.01068	0.00994	0.01505	0.12509	0.55523	0.05040	0.01149	0.01426	0.10865	0.04433	0.00924	0.01116	0.00736	0.00413	0.00417	0.00128	0.00494	0.00383	0.00244	0.00634
31	0.00631	0.00447	0.00587	0.00642	0.00712	0.00438	0.00507	0.00767	0.00901	0.01191	0.12343	0.10986	0.05408	0.20246	0.00917	0.00230	0.00349	0.41976	0.00367	0.00353
32	0.01673	0.01257	0.01140	0.00935	0.01223	0.30242	0.03424	0.12481	0.04400	0.37170	0.01188	0.01130	0.00815	0.00484	0.00410	0.00123	0.00525	0.00367	0.00385	0.00627
33	0.00855	0.05822	0.79509	0.01177	0.01787	0.01006	0.01517	0.01328	0.00886	0.01316	0.00747	0.00878	0.00533	0.00398	0.00394	0.00131	0.00614	0.00307	0.00178	0.00618
34	0.01674	0.00799	0.00965	0.00773	0.01069	0.04757	0.00626	0.02009	0.14873	0.61713	0.05001	0.01493	0.01180	0.00539	0.00425	0.00131	0.00366	0.00438	0.00487	0.00682
35	0.00590	0.00425	0.00575	0.00642	0.00712	0.00411	0.00499	0.00733	0.00932	0.01246	0.16386	0.35268	0.05573	0.01243	0.03817	0.00191	0.00322	0.29671	0.00395	0.00370
36	0.01026	0.00991	0.01715	0.06729	0.75292	0.00998	0.04489	0.01281	0.00953	0.01357	0.00791	0.01048	0.00659	0.00376	0.00420	0.00126	0.00511	0.00379	0.00207	0.00652
37	0.02599	0.01469	0.01199	0.04115	0.09291	0.41296	0.00829	0.15737	0.09307	0.07434	0.00935	0.02258	0.00728	0.00473	0.00400	0.00120	0.00588	0.00349	0.00297	0.00576

[dist]
# distance from previous block
# <min> <max>
4	11

[block]
# block no. 1 follows, 63 sequences, length 66
# corresponding to MSA columns:
# 151-216
name=unknown_B
#
# <colnr> <probs for GDERKNQSTAVLIFYWHMCP>
#	G	D	E	R	K	N	Q	S	T	A	V	L	I	F	Y	W	H	M	C	P
0	0.01601	0.01162	0.01235	0.03055	0.01324	0.04639	0.00794	0.69210	0.01850	0.09314	0.01043	0.01037	0.00731	0.00501	0.00419	0.00126	0.00468	0.00378	0.00415	0.00699
1	0.00989	0.00941	0.01600	0.11804	0.69137	0.00966	0.01235	0.01237	0.00929	0.01318	0.00804	0.01082	0.00674	0.00528	0.04847	0.00156	0.00540	0.00378	0.00207	0.00628
2	0.00622	0.00485	0.00762	0.00725	0.00815	0.00549	0.04806	0.00776	0.00690	0.00989	0.01120	0.01671	0.01049	0.06527	0.75638	0.00636	0.01073	0.00460	0.00226	0.00380
3	0.00621	0.00480	0.00714	0.00703	0.00773	0.00574	0.00550	0.00767	0.00674	0.00978	0.01090	0.01605	0.01019	0.03000	0.78359	0.00644	0.06400	0.00445	0.00223	0.00381
4	0.01009	0.00964	0.01641	0.09247	0.73975	0.00978	0.01257	0.01260	0.00953	0.01357	0.02847	0.01100	0.00741	0.00391	0.00419	0.00126	0.00497	0.00384	0.00213	0.00643
5	0.88196	0.00813	0.00618	0.00553	0.00813	0.00943	0.00455	0.01236	0.00715	0.01886	0.00585	0.00683	0.00455	0.00390	0.00260	0.00130	0.00325	0.00228	0.00260	0.00455
6	0.88196	0.00813	0.00618	0.00553	0.00813	0.00943	0.00455	0.01236	0.00715	0.01886	0.00585	0.00683	0.00455	0.00390	0.00260	0.00130	0.00325	0.00228	0.00260	0.00455
7	0.00611	0.00408	0.00458	0.00458	0.00458	0.00408	0.00255	0.00611	0.00611	0.00815	0.01325	0.02751	0.01528	0.85226	0.02140	0.00408	0.00408	0.00611	0.00255	0.00255
8	0.00916	0.23708	0.62151	0.01074	0.01628	0.01154	0.01338	0.01313	0.00879	0.01243	0.00710	0.00832	0.00534	0.00389	0.00366	0.00122	0.00577	0.00288	0.00178	0.00600
9	0.01052	0.00926	0.05525	0.00864	0.01244	0.00752	0.11325	0.10676	0.01042	0.07903	0.00861	0.00968	0.00663	0.00367	0.00377	0.00091	0.01584	0.00316	0.00281	0.53183
10	0.01028	0.00978	0.01620	0.06630	0.71623	0.00999	0.01231	0.01359	0.07783	0.01391	0.00866	0.01089	0.00713	0.00393	0.00417	0.00127	0.00488	0.00383	0.00226	0.00656
11	0.00677	0.00484	0.00677	0.00774	0.00871	0.00484	0.00677	0.00871	0.00968	0.01258	0.02226	0.04742	0.02419	0.01161	0.00581	0.00194	0.00387	0.79775	0.00387	0.00387
12	0.01287	0.01192	0.01075	0.00929	0.01186	0.17727	0.00728	0.21519	0.45979	0.01830	0.01325	0.01268	0.00994	0.00527	0.00416	0.00132	0.00450	0.00410	0.00383	0.00642
13	0.00952	0.00909	0.01546	0.31868	0.54008	0.00976	0.01246	0.01213	0.00915	0.01266	0.00775	0.01069	0.00628	0.00391	0.00418	0.00130	0.00521	0.00374	0.00200	0.00595
14	0.00797	0.00745	0.01257	0.81296	0.04310	0.00925	0.01156	0.01069	0.00838	0.01074	0.00748	0.01122	0.00565	0.00437	0.00441	0.01638	0.00556	0.00373	0.00187	0.00466
15	0.00843	0.02174	0.83048	0.01198	0.01819	0.00976	0.01553	0.01331	0.00888	0.01331	0.00754	0.00888	0.00533	0.00399	0.00399	0.00133	0.00621	0.00311	0.00178	0.00621
16	0.01886	0.00715	0.00976	0.00748	0.01073	0.00618	0.00618	0.02049	0.01203	0.82895	0.01658	0.01431	0.01041	0.00520	0.00423	0.00130	0.00358	0.00423	0.00520	0.00715
17	0.01629	0.01040	0.01164	0.00899	0.01225	0.01111	0.00741	0.57337	0.05200	0.21885	0.01202	0.01145	0.00824	0.00511	0.00419	0.00127	0.00427	0.00394	0.02013	0.00707
18	0.00512	0.00366	0.00488	0.00585	0.00610	0.00341	0.00390	0.00585	0.00805	0.01073	0.02317	0.84952	0.02780	0.01317	0.00537	0.00171	0.00244	0.01195	0.00390	0.00341
19	0.00501	0.00426	0.00431	0.00430	0.00570	0.00357	0.00323	0.00611	0.00968	0.01158	0.07494	0.04008	0.79184	0.01056	0.00497	0.00142	0.00212	0.00882	0.00393	0.00357
20	0.00512	0.00366	0.00488	0.00585	0.00610	0.00341	0.00390	0.00585	0.00805	0.01073	0.02317	0.84952	0.02780	0.01317	0.00537	0.00171	0.00244	0.01195	0.00390	0.00341
21	0.79303	0.08089	0.00764	0.00574	0.00844	0.01011	0.00484	0.02546	0.00748	0.01822	0.00592	0.00687	0.00467	0.00389	0.00264	0.00127	0.00338	0.00230	0.00256	0.00467
22	0.00586	0.00442	0.00543	0.00515	0.00628	0.00405	0.00387	0.00791	0.03341	0.01568	0.63125	0.03295	0.21023	0.00896	0.00494	0.00135	0.00205	0.00780	0.00446	0.00395
23	0.01575	0.01231	0.01245	0.00969	0.01295	0.07773	0.00793	0.72324	0.03210	0.02486	0.00988	0.00996	0.00709	0.00497	0.00416	0.00124	0.00481	0.00369	0.00402	0.02117
24	0.00917	0.00827	0.00964	0.00708	0.01070	0.04172	0.04240	0.01161	0.05206	0.01375	0.00799	0.00916	0.00655	0.00332	0.00329	0.00072	0.00350	0.00273	0.00256	0.75378
25	0.02530	0.01024	0.01045	0.00878	0.01149	0.04639	0.00700	0.31766	0.41666	0.03263	0.01520	0.01441	0.05347	0.00563	0.00424	0.00135	0.00394	0.00448	0.00413	0.00657
26	0.01859	0.00759	0.01003	0.00769	0.01095	0.00683	0.00635	0.09538	0.01276	0.75303	0.01597	0.01391	0.01010	0.00519	0.00423	0.00130	0.00368	0.00419	0.00511	0.00715
27	0.02798	0.05929	0.01234	0.00955	0.01250	0.32150	0.00763	0.37321	0.01485	0.01804	0.00817	0.00877	0.00627	0.00448	0.00383	0.00111	0.00555	0.00314	0.00310	0.09869
28	0.01016	0.00974	0.01662	0.10699	0.74677	0.00992	0.01278	0.01269	0.00946	0.01344	0.00786	0.01048	0.00655	0.00379	0.00417	0.00126	0.00505	0.00374	0.00206	0.00646
29	0.03440	0.00833	0.00935	0.00792	0.01026	0.06486	0.02806	0.18064	0.08215	0.24547	0.04002	0.17428	0.06661	0.00716	0.00449	0.00139	0.00379	0.02088	0.00418	0.00575
30	0.01034	0.00993	0.01696	0.04553	0.80678	0.00997	0.01287	0.01285	0.00954	0.01366	0.00790	0.01042	0.00663	0.00376	0.00416	0.00125	0.00501	0.00375	0.00208	0.00661
31	0.00529	0.00427	0.00470	0.00459	0.00587	0.00368	0.00345	0.00665	0.01034	0.01315	0.29686	0.03751	0.56894	0.00998	0.00496	0.00139	0.00208	0.00846	0.00414	0.00368
32	0.01018	0.00969	0.01640	0.13232	0.70769	0.00996	0.01266	0.02645	0.00960	0.01356	0.00789	0.01050	0.00653	0.00383	0.00417	0.00127	0.00507	0.00374	0.00209	0.00641
33	0.00983	0.41645	0.41241	0.00996	0.01484	0.01306	0.04572	0.01298	0.00876	0.01170	0.00678	0.00797	0.00540	0.00379	0.00342	0.00113	0.00544	0.00278	0.00180	0.00580
34	0.01642	0.00801	0.01254	0.02711	0.01299	0.00749	0.13924	0.01833	0.01118	0.61458	0.01421	0.01336	0.00927	0.00507	0.00508	0.00136	0.06843	0.00430	0.00437	0.00666
35	0.00790	0.00704	0.00938	0.00832	0.00832	0.00917	0.00640	0.00843	0.00630	0.00929	0.00877	0.01691	0.00963	0.36327	0.01700	0.00278	0.49052	0.00470	0.00214	0.00373
36	0.01000	0.00955	0.01627	0.13800	0.70213	0.00981	0.01263	0.01253	0.00941	0.01330	0.00809	0.01115	0.00681	0.00394	0.00420	0.00128	0.00506	0.01740	0.00208	0.00634
37	0.00952	0.00909	0.01547	0.31736	0.54136	0.00976	0.01246	0.01213	0.00916	0.01266	0.00775	0.01069	0.00628	0.00391	0.00418	0.00130	0.00521	0.00374	0.00200	0.00595
38	0.00535	0.00425	0.00481	0.00471	0.00593	0.00371	0.00352	0.00676	0.01043	0.01347	0.34545	0.06489	0.49195	0.00994	0.00498	0.00139	0.00208	0.00849	0.00418	0.00371
39	0.00658	0.00478	0.00651	0.00737	0.00839	0.00470	0.00640	0.00843	0.00967	0.01245	0.02441	0.04668	0.10881	0.01151	0.00572	0.00188	0.00369	0.71432	0.00387	0.00384
40	0.02521	0.00728	0.00852	0.00754	0.00954	0.00755	0.00581	0.20956	0.14061	0.18088	0.01739	0.32895	0.01647	0.00823	0.00463	0.00146	0.00336	0.00709	0.00428	0.00562
41	0.00722	0.00436	0.00579	0.00591	0.00682	0.00403	0.00427	0.00844	0.00953	0.12262	0.22029	0.45557	0.06166	0.01183	0.04934	0.00181	0.00294	0.00931	0.00417	0.00408
42	0.01570	0.02004	0.01191	0.01083	0.01300	0.83539	0.00812	0.01679	0.01191	0.01029	0.00650	0.00758	0.00541	0.00433	0.00379	0.00108	0.00758	0.00271	0.00217	0.00487
43	0.00920	0.00920	0.01288	0.01104	0.01104	0.01288	0.00920	0.01012	0.00644	0.01012	0.00552	0.00920	0.00552	0.00736	0.01380	0.00184	0.84457	0.00368	0.00184	0.00460
44	0.00872	0.00747	0.00872	0.00623	0.00996	0.00560	0.00498	0.01058	0.00872	0.01370	0.00747	0.00872	0.00623	0.00311	0.00311	0.00062	0.00311	0.00249	0.00249	0.87796
45	0.01124	0.85479	0.02203	0.00719	0.01079	0.01663	0.00719	0.01259	0.00854	0.00989	0.00584	0.00674	0.00539	0.00360	0.00270	0.00090	0.00450	0.00225	0.00180	0.00539
46	0.00825	0.00779	0.01316	0.74042	0.12829	0.00942	0.01183	0.01101	0.00855	0.01111	0.00753	0.01111	0.00574	0.00415	0.00420	0.00138	0.00553	0.00374	0.00189	0.00492
47	0.88196	0.00813	0.00618	0.00553	0.00813	0.00943	0.00455	0.01236	0.00715	0.01886	0.00585	0.00683	0.00455	0.00390	0.00260	0.00130	0.00325	0.00228	0.00260	0.00455
48	0.88196	0.00813	0.00618	0.00553	0.00813	0.00943	0.00455	0.01236	0.00715	0.01886	0.00585	0.00683	0.00455	0.00390	0.00260	0.00130	0.00325	0.00228	0.00260	0.00455
49	0.01598	0.01177	0.01262	0.00967	0.01304	0.01304	0.00799	0.81202	0.01976	0.02649	0.01009	0.01009	0.00715	0.00505	0.00421	0.00126	0.00463	0.00378	0.00421	0.00715
50	0.00872	0.00747	0.00872	0.00623	0.00996	0.00560	0.00498	0.01058	0.00872	0.01370	0.00747	0.00872	0.00623	0.00311	0.00311	0.00062	0.00311	0.00249	0.00249	0.87796
51	0.00587	0.00434	0.00634	0.00649	0.00712	0.00489	0.00489	0.00716	0.00693	0.00983	0.01330	0.15212	0.01357	0.07229	0.65764	0.00579	0.00945	0.00580	0.00254	0.00363
52	0.00513	0.00400	0.00466	0.00512	0.00598	0.00354	0.00365	0.00610	0.00898	0.01133	0.06452	0.40882	0.40806	0.01174	0.00517	0.00156	0.00231	0.03189	0.00393	0.00351
53	0.01886	0.00715	0.00976	0.00748	0.01073	0.00618	0.00618	0.02049	0.01203	0.82895	0.01658	0.01431	0.01041	0.00520	0.00423	0.00130	0.00358	0.00423	0.00520	0.00715
54	0.01840	0.00789	0.01021	0.00783	0.01110	0.00727	0.00647	0.14615	0.01326	0.70156	0.01555	0.01364	0.00989	0.00518	0.00422	0.00129	0.00374	0.00416	0.00504	0.00715
55	0.01040	0.00999	0.01706	0.02580	0.82604	0.00999	0.01290	0.01290	0.00957	0.01373	0.00791	0.01040	0.00666	0.00375	0.00416	0.00125	0.00499	0.00375	0.00208	0.00666
56	0.00501	0.00426	0.00432	0.00430	0.00570	0.00357	0.00323	0.00611	0.00968	0.01158	0.07503	0.04008	0.79175	0.01056	0.00497	0.00142	0.00212	0.00882	0.00393	0.00357
57	0.01570	0.02004	0.01191	0.01083	0.01300	0.83539	0.00812	0.01679	0.01191	0.01029	0.00650	0.00758	0.00541	0.00433	0.00379	0.00108	0.00758	0.00271	0.00217	0.00487
58	0.00859	0.05722	0.77378	0.01193	0.01798	0.01008	0.03688	0.01329	0.00889	0.01317	0.00750	0.00885	0.00536	0.00396	0.00396	0.00132	0.00616	0.00312	0.00179	0.00616
59	0.01886	0.00715	0.00976	0.00748	0.01073	0.00618	0.00618	0.02049	0.01203	0.82895	0.01658	0.01431	0.01041	0.00520	0.00423	0.00130	0.00358	0.00423	0.00520	0.00715
60	0.01040	0.00999	0.01706	0.02580	0.82604	0.00999	0.01290	0.01290	0.00957	0.01373	0.00791	0.01040	0.00666	0.00375	0.00416	0.00125	0.00499	0.00375	0.00208	0.00666
61	0.01124	0.85479	0.02203	0.00719	0.01079	0.01663	0.00719	0.01259	0.00854	0.00989	0.00584	0.00674	0.00539	0.00360	0.00270	0.00090	0.00450	0.00225	0.00180	0.00539
62	0.00571	0.00408	0.00526	0.00577	0.00614	0.00404	0.00400	0.00650	0.00780	0.01042	0.05002	0.40963	0.05508	0.23608	0.06997	0.00270	0.01535	0.09473	0.00342	0.00330
63	0.00533	0.00381	0.00512	0.00609	0.00643	0.00359	0.00427	0.00622	0.00825	0.01097	0.02305	0.74788	0.02735	0.01297	0.00542	0.00174	0.00262	0.11153	0.00390	0.00347
64	0.00923	0.25942	0.59983	0.01062	0.01608	0.01172	0.01315	0.01311	0.00878	0.01234	0.00706	0.00827	0.00535	0.00388	0.00362	0.00121	0.00572	0.00286	0.00178	0.00598
65	0.03450	0.01144	0.01502	0.06197	0.39450	0.09531	0.04747	0.25711	0.01282	0.01723	0.00838	0.01002	0.00656	0.00422	0.00414	0.00125	0.00523	0.00367	0.00274	0.00642

[dist]
# distance from previous block
# <min> <max>
0	4

# created by:
# /st0/software/busco_prod/Augustus/scripts/msa2prfl.pl ./align_prep/146677.fa
