[name]
unknown

[dist]
# distance from previous block
# <min> <max>
0	39

[block]
# block no. 0 follows, 57 sequences, length 82
# corresponding to MSA columns:
# 42-97,99-124
name=unknown_A
#
# <colnr> <probs for GDERKNQSTAVLIFYWHMCP>
#	G	D	E	R	K	N	Q	S	T	A	V	L	I	F	Y	W	H	M	C	P
0	0.03029	0.02148	0.01044	0.00873	0.01141	0.00914	0.00721	0.22966	0.13360	0.22834	0.05343	0.02296	0.01522	0.02332	0.00526	0.00161	0.00413	0.17257	0.00466	0.00653
1	0.02495	0.02699	0.01240	0.03244	0.10958	0.00913	0.04752	0.14723	0.08756	0.28006	0.03792	0.01426	0.01061	0.02080	0.00473	0.00138	0.00429	0.00442	0.05553	0.06819
2	0.03448	0.02267	0.03614	0.01056	0.05771	0.00943	0.07963	0.16089	0.08488	0.25362	0.02848	0.01377	0.03043	0.00522	0.00465	0.00132	0.02358	0.00436	0.00404	0.13417
3	0.03858	0.00899	0.04308	0.01366	0.24871	0.00844	0.00868	0.06023	0.07532	0.16326	0.15756	0.02864	0.04946	0.00606	0.00481	0.00139	0.02120	0.00519	0.01428	0.04246
4	0.05968	0.00947	0.02138	0.05983	0.08726	0.01826	0.02497	0.11136	0.19865	0.23944	0.05899	0.01468	0.01167	0.00555	0.00474	0.00142	0.02581	0.00455	0.00418	0.03809
5	0.23513	0.00823	0.01022	0.23819	0.10428	0.02849	0.00803	0.02761	0.02006	0.01470	0.03150	0.01432	0.00901	0.12053	0.03467	0.00199	0.00494	0.01594	0.00262	0.06954
6	0.00966	0.00866	0.01266	0.09125	0.30623	0.00822	0.00925	0.01259	0.05725	0.01459	0.03603	0.04891	0.02748	0.00513	0.00430	0.00121	0.00431	0.04136	0.00281	0.29811
7	0.01070	0.01222	0.02674	0.01910	0.02368	0.01146	0.79603	0.01451	0.01070	0.01451	0.00917	0.01222	0.00688	0.00382	0.00535	0.00153	0.00764	0.00535	0.00229	0.00611
8	0.01204	0.82435	0.04226	0.00787	0.01182	0.01776	0.00796	0.01359	0.00922	0.01075	0.00634	0.00732	0.00581	0.00389	0.00294	0.00098	0.00489	0.00244	0.00194	0.00584
9	0.00635	0.00453	0.00621	0.00725	0.00788	0.00439	0.00564	0.00774	0.00949	0.01249	0.02452	0.47247	0.02816	0.01342	0.00600	0.00195	0.00335	0.37005	0.00419	0.00391
10	0.00940	0.00805	0.00940	0.00671	0.01074	0.00604	0.00537	0.01141	0.00940	0.01477	0.00805	0.00940	0.00671	0.00336	0.00336	0.00067	0.00336	0.00268	0.00268	0.86845
11	0.00940	0.00805	0.00940	0.00671	0.01074	0.00604	0.00537	0.01141	0.00940	0.01477	0.00805	0.00940	0.00671	0.00336	0.00336	0.00067	0.00336	0.00268	0.00268	0.86845
12	0.01072	0.05268	0.04881	0.02872	0.35014	0.00917	0.00982	0.02911	0.03128	0.03779	0.02817	0.01110	0.00802	0.00405	0.00401	0.00109	0.00450	0.00357	0.00264	0.32461
13	0.83839	0.00914	0.02439	0.00635	0.00927	0.01020	0.01972	0.01336	0.00781	0.02010	0.00640	0.00750	0.00496	0.00420	0.00288	0.00141	0.00365	0.00253	0.00278	0.00497
14	0.87276	0.00876	0.00666	0.00596	0.00876	0.01017	0.00491	0.01332	0.00771	0.02033	0.00631	0.00736	0.00491	0.00421	0.00280	0.00140	0.00351	0.00245	0.00280	0.00491
15	0.00649	0.00478	0.00693	0.00693	0.00761	0.00547	0.00522	0.00786	0.00718	0.01026	0.01246	0.01960	0.01211	0.15646	0.70138	0.00684	0.01096	0.00512	0.00248	0.00385
16	0.14544	0.01064	0.05198	0.09906	0.27531	0.04513	0.04297	0.05527	0.01097	0.16427	0.02933	0.01181	0.00820	0.00462	0.00425	0.00137	0.00501	0.00393	0.00311	0.02733
17	0.01096	0.00990	0.01195	0.01195	0.18575	0.05808	0.00773	0.08338	0.01088	0.01579	0.00835	0.00985	0.00685	0.00377	0.00375	0.00091	0.00424	0.00312	0.00273	0.55006
18	0.00569	0.00448	0.00495	0.00512	0.00616	0.00400	0.00363	0.00667	0.00947	0.01178	0.06546	0.16871	0.48850	0.14330	0.03625	0.00223	0.00304	0.02296	0.00395	0.00366
19	0.03152	0.08923	0.01634	0.01200	0.03983	0.13291	0.21823	0.05910	0.07198	0.01489	0.03895	0.01176	0.00863	0.02058	0.00495	0.00129	0.03105	0.00403	0.00277	0.18995
20	0.00729	0.00548	0.00675	0.00657	0.00750	0.00594	0.00476	0.01013	0.14439	0.01170	0.03562	0.02378	0.10133	0.24176	0.30858	0.05855	0.00677	0.00590	0.00311	0.00408
21	0.01340	0.01468	0.26189	0.01440	0.17744	0.05170	0.03488	0.12872	0.03414	0.18073	0.01139	0.03725	0.00845	0.00504	0.00450	0.00140	0.00549	0.00422	0.00329	0.00698
22	0.00866	0.00816	0.01378	0.79893	0.06133	0.01009	0.01264	0.01167	0.00911	0.01170	0.00807	0.01205	0.00608	0.00451	0.00453	0.00150	0.00602	0.00403	0.00202	0.00512
23	0.00686	0.00557	0.00655	0.00607	0.00752	0.02061	0.02351	0.03614	0.04132	0.01596	0.41463	0.06917	0.30955	0.00979	0.00529	0.00148	0.00262	0.00845	0.00453	0.00438
24	0.01052	0.00915	0.01214	0.01336	0.25723	0.03324	0.00807	0.01264	0.00985	0.04819	0.00898	0.02162	0.00760	0.02726	0.00436	0.00104	0.00417	0.00343	0.00268	0.50448
25	0.01282	0.00626	0.00837	0.00734	0.00942	0.00565	0.00565	0.01420	0.01077	0.38021	0.04440	0.33544	0.01894	0.00897	0.00536	0.00154	0.03523	0.00774	0.00466	0.07705
26	0.05401	0.00932	0.01541	0.42412	0.38420	0.01039	0.01279	0.01272	0.00956	0.01349	0.00818	0.01145	0.00650	0.00429	0.00442	0.00143	0.00561	0.00395	0.00216	0.00600
27	0.01314	0.01138	0.01404	0.05978	0.09416	0.05329	0.09079	0.24299	0.29691	0.03236	0.01284	0.01316	0.00959	0.00524	0.00459	0.00142	0.00496	0.00449	0.00381	0.03109
28	0.00602	0.00459	0.00571	0.00578	0.00668	0.00454	0.00420	0.00719	0.00881	0.01160	0.09539	0.10876	0.28285	0.14967	0.27352	0.00387	0.00584	0.00777	0.00347	0.00375
29	0.00666	0.00448	0.00515	0.00516	0.00568	0.00424	0.00328	0.00704	0.00807	0.03280	0.06207	0.10578	0.19510	0.47319	0.01586	0.04751	0.00361	0.00772	0.00336	0.00325
30	0.18178	0.01283	0.01217	0.05795	0.10266	0.17436	0.00854	0.25051	0.12261	0.01964	0.00983	0.01058	0.00747	0.00493	0.00411	0.00136	0.00525	0.00367	0.00337	0.00639
31	0.58153	0.00842	0.00764	0.00651	0.00929	0.00917	0.00527	0.06587	0.00925	0.09417	0.02743	0.00962	0.00697	0.00530	0.00426	0.06368	0.00362	0.00302	0.00317	0.07578
32	0.00940	0.00752	0.01137	0.16825	0.20925	0.00792	0.00866	0.04128	0.03420	0.03356	0.01055	0.01470	0.02339	0.06608	0.12874	0.13653	0.00588	0.00435	0.00254	0.07583
33	0.02378	0.00864	0.01117	0.04119	0.03177	0.00908	0.06805	0.14237	0.23226	0.14682	0.01707	0.10287	0.05852	0.01569	0.00592	0.06455	0.00416	0.00578	0.00412	0.00617
34	0.09513	0.00609	0.00698	0.00684	0.00853	0.00603	0.00539	0.01158	0.10832	0.07997	0.03772	0.16374	0.17024	0.02239	0.00558	0.01835	0.00328	0.17612	0.01874	0.04895
35	0.00715	0.00520	0.00582	0.00557	0.00684	0.00489	0.00403	0.05324	0.02509	0.04383	0.08717	0.09039	0.40081	0.17459	0.05080	0.01490	0.00349	0.00820	0.00393	0.00406
36	0.32140	0.00733	0.00798	0.00685	0.00945	0.00728	0.00543	0.01513	0.00997	0.32321	0.01448	0.16575	0.01234	0.02456	0.00450	0.00151	0.00349	0.00530	0.00413	0.04992
37	0.28671	0.00693	0.00705	0.00653	0.00860	0.00723	0.00503	0.01333	0.10986	0.14208	0.01999	0.18788	0.13899	0.03432	0.00497	0.00162	0.00323	0.00652	0.00398	0.00514
38	0.00811	0.00628	0.00777	0.00732	0.00833	0.04581	0.02222	0.01024	0.07326	0.04247	0.07152	0.02081	0.01453	0.21633	0.38835	0.02281	0.02123	0.00540	0.00297	0.00423
39	0.00753	0.00477	0.00597	0.00596	0.00694	0.00442	0.00422	0.00888	0.02278	0.09668	0.21378	0.29451	0.13625	0.14092	0.02352	0.00215	0.00306	0.00917	0.00429	0.00418
40	0.28765	0.00735	0.00801	0.00684	0.00939	0.00745	0.00548	0.01570	0.07043	0.28928	0.17753	0.04821	0.03594	0.00641	0.00423	0.00144	0.00329	0.00511	0.00443	0.00583
41	0.01038	0.00737	0.00837	0.00742	0.00944	0.00759	0.00591	0.21304	0.08958	0.06092	0.16716	0.05525	0.16387	0.03261	0.00556	0.00160	0.00345	0.09950	0.04552	0.00546
42	0.01172	0.01049	0.01045	0.00925	0.01171	0.09043	0.01849	0.10539	0.50924	0.01801	0.01781	0.01779	0.06542	0.00769	0.03651	0.02266	0.00451	0.02176	0.00416	0.00649
43	0.05841	0.00690	0.00837	0.00709	0.00948	0.00654	0.00556	0.05141	0.07654	0.36705	0.08863	0.09261	0.11919	0.06020	0.00589	0.00165	0.00342	0.00628	0.01878	0.00600
44	0.26228	0.00621	0.00652	0.00593	0.00771	0.00638	0.00457	0.02222	0.01038	0.08432	0.29815	0.02421	0.11871	0.07463	0.04778	0.00196	0.00344	0.00601	0.00399	0.00461
45	0.52852	0.00905	0.00862	0.00715	0.01023	0.00984	0.00589	0.12100	0.02698	0.21910	0.01004	0.01003	0.00703	0.00476	0.00351	0.00140	0.00379	0.00325	0.00377	0.00603
46	0.04310	0.00589	0.00735	0.02686	0.00873	0.00598	0.00544	0.07569	0.01010	0.10685	0.03458	0.21381	0.06510	0.15586	0.03426	0.04066	0.02173	0.12971	0.00384	0.00447
47	0.03880	0.00629	0.02747	0.04970	0.02383	0.00657	0.00621	0.03245	0.05292	0.01277	0.06457	0.04437	0.03270	0.06679	0.46770	0.00488	0.00856	0.00524	0.00288	0.04530
48	0.10993	0.00531	0.00616	0.00645	0.00757	0.00530	0.00470	0.02255	0.05013	0.05313	0.05946	0.47288	0.11040	0.01184	0.02179	0.00181	0.00307	0.03903	0.00413	0.00434
49	0.00658	0.00485	0.00713	0.00713	0.00782	0.00559	0.00544	0.00788	0.00721	0.01033	0.01237	0.04689	0.01200	0.07836	0.69128	0.05090	0.02673	0.00517	0.00248	0.00387
50	0.02643	0.00734	0.00912	0.07065	0.01103	0.02334	0.00666	0.08926	0.11959	0.04721	0.01303	0.04083	0.01183	0.13274	0.27456	0.01503	0.06937	0.02387	0.00314	0.00496
51	0.05126	0.00594	0.00754	0.00849	0.07064	0.03396	0.02875	0.00828	0.00904	0.01227	0.02284	0.41139	0.13730	0.05080	0.02662	0.02934	0.02372	0.05407	0.00362	0.00414
52	0.04711	0.01515	0.04065	0.02686	0.01337	0.35921	0.02079	0.08026	0.22992	0.06013	0.01311	0.01316	0.04967	0.00549	0.00434	0.00135	0.00584	0.00411	0.00341	0.00608
53	0.00865	0.05190	0.00816	0.02639	0.00847	0.01495	0.00552	0.01864	0.00842	0.06453	0.02334	0.08987	0.01272	0.04373	0.25560	0.13174	0.05737	0.03174	0.13411	0.00417
54	0.00985	0.00922	0.03396	0.16758	0.43867	0.00916	0.04174	0.01231	0.00998	0.03579	0.04364	0.11557	0.02497	0.00598	0.00498	0.01741	0.00503	0.00544	0.00267	0.00605
55	0.01039	0.08885	0.12444	0.17376	0.19813	0.02315	0.11141	0.04307	0.01029	0.04124	0.03067	0.06023	0.00929	0.00603	0.02609	0.01631	0.00580	0.01234	0.00254	0.00596
56	0.00765	0.00729	0.05864	0.03672	0.05041	0.04176	0.02297	0.00970	0.01132	0.03603	0.39526	0.06033	0.17256	0.03538	0.02018	0.00166	0.01606	0.00740	0.00406	0.00463
57	0.00961	0.03345	0.07572	0.22937	0.25894	0.01034	0.06445	0.02110	0.00939	0.01298	0.00976	0.05241	0.00887	0.04830	0.00681	0.00168	0.10322	0.03554	0.00234	0.00571
58	0.01013	0.00875	0.01359	0.43829	0.20004	0.02856	0.01139	0.01309	0.03763	0.07165	0.01140	0.01518	0.03932	0.00573	0.01748	0.00159	0.02950	0.03839	0.00261	0.00569
59	0.01020	0.13161	0.41386	0.05272	0.03537	0.08519	0.04604	0.02831	0.00989	0.01326	0.00975	0.03104	0.03768	0.00581	0.02765	0.00156	0.04796	0.00387	0.00219	0.00602
60	0.01015	0.07106	0.36731	0.07585	0.04624	0.07456	0.12129	0.03093	0.04582	0.01393	0.01029	0.02496	0.02693	0.00601	0.03604	0.00165	0.00653	0.02199	0.00236	0.00610
61	0.00607	0.00465	0.00549	0.03422	0.00736	0.00417	0.00417	0.00742	0.01048	0.03228	0.19154	0.21564	0.43774	0.01125	0.00540	0.00157	0.00251	0.00971	0.00432	0.00402
62	0.00966	0.02263	0.77597	0.01267	0.01920	0.01033	0.01623	0.01475	0.00974	0.05538	0.00863	0.00987	0.00602	0.00437	0.00432	0.00143	0.00655	0.00341	0.00210	0.00675
63	0.01011	0.01995	0.01869	0.05549	0.02520	0.11932	0.06958	0.03423	0.02943	0.05923	0.04574	0.06479	0.01900	0.00920	0.00547	0.00175	0.00501	0.39914	0.00370	0.00497
64	0.00955	0.00897	0.01373	0.63925	0.12032	0.05474	0.01207	0.01231	0.00951	0.03405	0.00891	0.04082	0.00714	0.00485	0.00455	0.00148	0.00590	0.00429	0.00223	0.00532
65	0.09127	0.01215	0.01278	0.00989	0.01339	0.01349	0.00816	0.71097	0.01985	0.02757	0.01057	0.01071	0.00755	0.00533	0.00435	0.00136	0.00479	0.00394	0.02448	0.00738
66	0.10611	0.00939	0.01084	0.04724	0.01267	0.05026	0.00717	0.16288	0.01377	0.49071	0.03353	0.01368	0.01017	0.00542	0.00437	0.00139	0.00431	0.00423	0.00477	0.00709
67	0.00941	0.01032	0.09274	0.31031	0.07611	0.03763	0.09453	0.04871	0.05081	0.01371	0.02473	0.06943	0.03851	0.00701	0.03377	0.00174	0.02780	0.04454	0.00270	0.00548
68	0.00863	0.00811	0.00791	0.00773	0.00870	0.14883	0.02457	0.03104	0.00971	0.01183	0.03817	0.25871	0.09113	0.18600	0.00958	0.00224	0.04810	0.09152	0.00343	0.00408
69	0.01707	0.00698	0.00936	0.00742	0.01038	0.00608	0.00604	0.01886	0.01274	0.62930	0.14703	0.01987	0.05724	0.00649	0.00470	0.00141	0.00346	0.00539	0.02327	0.00689
70	0.00610	0.00494	0.00549	0.00569	0.00698	0.00456	0.00426	0.00829	0.07823	0.01305	0.07328	0.21077	0.47984	0.01157	0.00545	0.00163	0.00261	0.06882	0.00428	0.00413
71	0.00758	0.00636	0.02819	0.06120	0.02341	0.00644	0.05213	0.01024	0.09240	0.01231	0.04663	0.11516	0.03110	0.12065	0.21068	0.05803	0.00621	0.10375	0.00317	0.00436
72	0.00995	0.00800	0.00933	0.00682	0.01066	0.00628	0.00545	0.01250	0.05026	0.05050	0.00923	0.01028	0.00743	0.00366	0.00347	0.00076	0.00335	0.00294	0.03018	0.75894
73	0.00716	0.00469	0.00615	0.00675	0.00760	0.00441	0.00510	0.00841	0.00963	0.06959	0.04611	0.40456	0.10577	0.06228	0.00681	0.00199	0.00322	0.23147	0.00423	0.00408
74	0.00554	0.00402	0.00525	0.00621	0.00659	0.00372	0.00421	0.00639	0.00884	0.01166	0.02660	0.75984	0.09134	0.01395	0.00576	0.00182	0.00263	0.02772	0.00421	0.00370
75	0.00675	0.02935	0.03845	0.02259	0.02482	0.00581	0.01821	0.00873	0.05802	0.01254	0.05798	0.45199	0.14550	0.03151	0.00633	0.00177	0.04560	0.02591	0.00385	0.00431
76	0.02033	0.00771	0.01052	0.00806	0.01157	0.00666	0.00666	0.02208	0.01297	0.81562	0.01788	0.01542	0.01122	0.00561	0.00456	0.00140	0.00386	0.00456	0.00561	0.00771
77	0.00909	0.02344	0.81727	0.01292	0.01961	0.01052	0.01674	0.01435	0.00957	0.01435	0.00813	0.00957	0.00574	0.00431	0.00431	0.00144	0.00670	0.00335	0.00191	0.00670
78	0.00984	0.00943	0.01418	0.64555	0.11345	0.07135	0.02501	0.01266	0.00962	0.03442	0.00832	0.01179	0.00631	0.00451	0.00451	0.00146	0.00610	0.00398	0.00217	0.00537
79	0.01201	0.81472	0.05158	0.00793	0.01191	0.01767	0.00807	0.01360	0.00922	0.01079	0.00636	0.00735	0.00581	0.00389	0.00296	0.00099	0.00491	0.00246	0.00194	0.00585
80	0.00856	0.00805	0.01359	0.82986	0.03121	0.01007	0.01258	0.01158	0.00906	0.01158	0.00805	0.01208	0.00604	0.00453	0.00453	0.00151	0.00604	0.00403	0.00201	0.00503
81	0.01387	0.01586	0.36757	0.03971	0.01636	0.06981	0.04188	0.02945	0.01125	0.30798	0.01216	0.03461	0.00851	0.00509	0.00447	0.00142	0.00564	0.00413	0.00342	0.00681

[dist]
# distance from previous block
# <min> <max>
0	8

[block]
# block no. 1 follows, 57 sequences, length 35
# corresponding to MSA columns:
# 133-135,149-180
name=unknown_B
#
# <colnr> <probs for GDERKNQSTAVLIFYWHMCP>
#	G	D	E	R	K	N	Q	S	T	A	V	L	I	F	Y	W	H	M	C	P
0	0.00627	0.00457	0.00590	0.00608	0.00672	0.00464	0.00435	0.00735	0.00841	0.01134	0.09617	0.14425	0.12111	0.24389	0.25531	0.00410	0.00597	0.05656	0.00335	0.00364
1	0.00555	0.00399	0.00528	0.00630	0.00661	0.00372	0.00424	0.00638	0.00876	0.01163	0.02561	0.79739	0.05415	0.01408	0.00578	0.00184	0.00265	0.02815	0.00421	0.00369
2	0.01082	0.01036	0.01761	0.10184	0.72003	0.01053	0.01353	0.01351	0.01020	0.01444	0.00940	0.01209	0.02679	0.00427	0.00451	0.00137	0.00537	0.00417	0.00227	0.00690
3	0.01039	0.01173	0.04356	0.01642	0.01993	0.02613	0.55378	0.01385	0.03785	0.01369	0.00918	0.01268	0.00741	0.03640	0.03107	0.00186	0.14091	0.00505	0.00234	0.00578
4	0.00635	0.00465	0.00659	0.00718	0.00792	0.00444	0.03410	0.00773	0.00952	0.01280	0.06832	0.50387	0.04346	0.01270	0.00577	0.00184	0.00318	0.21952	0.03612	0.00396
5	0.02308	0.00888	0.01418	0.60819	0.16041	0.02835	0.01234	0.01204	0.00923	0.01222	0.00843	0.01204	0.01599	0.00472	0.00507	0.00150	0.05182	0.00404	0.00210	0.00538
6	0.03364	0.00868	0.04284	0.53920	0.13970	0.00961	0.01163	0.01155	0.00931	0.01259	0.03433	0.01450	0.05979	0.00583	0.02428	0.00163	0.02886	0.00446	0.00231	0.00527
7	0.01393	0.01678	0.01093	0.01022	0.01216	0.58976	0.00774	0.01526	0.01228	0.01207	0.08820	0.06406	0.04111	0.00665	0.00456	0.00133	0.00668	0.07843	0.00294	0.00491
8	0.00849	0.00792	0.01329	0.80079	0.03028	0.00987	0.01224	0.01140	0.00897	0.01148	0.00827	0.01270	0.00641	0.03400	0.00518	0.00161	0.00598	0.00412	0.00204	0.00495
9	0.01206	0.58032	0.18413	0.00894	0.01329	0.02667	0.00951	0.01473	0.03896	0.06334	0.00787	0.00863	0.00644	0.00417	0.00338	0.00112	0.00516	0.00286	0.00227	0.00616
10	0.01065	0.01732	0.51992	0.02248	0.01634	0.00906	0.01289	0.02656	0.04008	0.14405	0.01274	0.09660	0.02055	0.00591	0.00458	0.00149	0.00555	0.02380	0.00297	0.00646
11	0.00909	0.02344	0.81727	0.01292	0.01961	0.01052	0.01674	0.01435	0.00957	0.01435	0.00813	0.00957	0.00574	0.00431	0.00431	0.00144	0.00670	0.00335	0.00191	0.00670
12	0.03085	0.01063	0.10300	0.10959	0.04324	0.03823	0.00896	0.04311	0.13175	0.41097	0.01452	0.01388	0.00980	0.00529	0.00448	0.00143	0.00464	0.00431	0.00428	0.00703
13	0.01080	0.20929	0.39460	0.04170	0.15335	0.01244	0.03013	0.06105	0.01037	0.02467	0.00809	0.00961	0.00623	0.00424	0.00406	0.00131	0.00590	0.00338	0.00219	0.00658
14	0.00565	0.00404	0.00537	0.00622	0.00660	0.00377	0.00422	0.00663	0.00927	0.01251	0.13651	0.72358	0.03179	0.01350	0.00572	0.00178	0.00256	0.01222	0.00432	0.00377
15	0.00730	0.00522	0.00730	0.00835	0.00939	0.00522	0.00730	0.00939	0.01043	0.01356	0.02399	0.05111	0.02608	0.01252	0.00626	0.00209	0.00417	0.78199	0.00417	0.00417
16	0.03070	0.01042	0.03695	0.10711	0.56905	0.01023	0.01257	0.03564	0.01075	0.11850	0.00969	0.01172	0.00751	0.00434	0.00446	0.00137	0.00524	0.00405	0.00272	0.00698
17	0.03789	0.31415	0.01673	0.01059	0.03623	0.49021	0.00844	0.01623	0.01133	0.01129	0.00678	0.00792	0.00584	0.00436	0.00364	0.00111	0.00678	0.00276	0.00220	0.00550
18	0.00673	0.02339	0.00644	0.00582	0.00678	0.00495	0.00424	0.00873	0.03892	0.01540	0.52283	0.03076	0.05138	0.17738	0.07454	0.00249	0.00351	0.00740	0.00423	0.00408
19	0.00951	0.05049	0.31270	0.01037	0.06317	0.00853	0.01025	0.01276	0.00951	0.01443	0.00804	0.00948	0.00634	0.00378	0.00376	0.00101	0.00479	0.00300	0.00234	0.45576
20	0.62162	0.01027	0.07565	0.03222	0.02954	0.05128	0.00652	0.01303	0.00816	0.01790	0.00728	0.00932	0.00596	0.03694	0.05713	0.00189	0.00473	0.00295	0.00264	0.00500
21	0.00787	0.00394	0.00590	0.00590	0.00590	0.00394	0.00394	0.00590	0.00590	0.00787	0.00787	0.01377	0.00787	0.01574	0.01771	0.86816	0.00394	0.00394	0.00197	0.00197
22	0.00941	0.03431	0.60324	0.01467	0.12762	0.01042	0.04675	0.01419	0.02657	0.01465	0.04968	0.01126	0.00806	0.00454	0.00441	0.00142	0.00622	0.00379	0.00219	0.00661
23	0.00768	0.00555	0.00688	0.00634	0.00773	0.00547	0.00482	0.01149	0.13850	0.04643	0.65645	0.03051	0.03705	0.00864	0.00520	0.00144	0.00243	0.00758	0.00495	0.00486
24	0.87276	0.00876	0.00666	0.00596	0.00876	0.01017	0.00491	0.01332	0.00771	0.02033	0.00631	0.00736	0.00491	0.00421	0.00280	0.00140	0.00351	0.00245	0.00280	0.00491
25	0.01111	0.00980	0.01155	0.04476	0.11488	0.01125	0.00835	0.02180	0.64189	0.01784	0.01630	0.01573	0.01238	0.00588	0.00496	0.00153	0.03397	0.00490	0.00411	0.00701
26	0.00664	0.00443	0.00631	0.00650	0.00692	0.00477	0.00464	0.00710	0.00712	0.00988	0.01368	0.15935	0.01445	0.13479	0.39669	0.19680	0.00765	0.00626	0.00267	0.00335
27	0.00684	0.00525	0.00729	0.02493	0.04517	0.01645	0.00542	0.00808	0.00746	0.01039	0.01319	0.07417	0.01345	0.23009	0.50478	0.00573	0.00910	0.00573	0.00260	0.00388
28	0.73430	0.00957	0.04016	0.05207	0.01079	0.01043	0.00605	0.06449	0.00875	0.02014	0.00678	0.00794	0.00519	0.00431	0.00307	0.00141	0.00387	0.00268	0.00284	0.00517
29	0.00967	0.02180	0.72015	0.01278	0.01909	0.01045	0.04417	0.01511	0.04794	0.04404	0.00902	0.01023	0.00637	0.00442	0.00437	0.00144	0.00648	0.00355	0.00219	0.00674
30	0.00949	0.00833	0.01067	0.05847	0.06355	0.00673	0.02653	0.01166	0.00947	0.01457	0.00811	0.00975	0.00670	0.00348	0.00355	0.00079	0.00376	0.00292	0.00261	0.73886
31	0.00582	0.00457	0.00526	0.00517	0.00642	0.00401	0.00384	0.00737	0.01130	0.01474	0.37146	0.08578	0.43674	0.01069	0.00538	0.00150	0.00225	0.00917	0.00454	0.00401
32	0.00651	0.00469	0.00646	0.00646	0.00699	0.00522	0.00464	0.00756	0.00704	0.00991	0.01289	0.02196	0.01313	0.31698	0.54227	0.00627	0.00942	0.00546	0.00254	0.00359
33	0.00969	0.01014	0.08672	0.01932	0.47000	0.00902	0.01985	0.02531	0.01939	0.01373	0.01310	0.03990	0.08224	0.06889	0.04660	0.03684	0.01572	0.00499	0.00255	0.00600
34	0.03321	0.04446	0.01089	0.00916	0.01157	0.05170	0.03140	0.09363	0.48486	0.01785	0.01708	0.14574	0.01463	0.00707	0.00467	0.00152	0.00398	0.00597	0.00419	0.00642

[dist]
# distance from previous block
# <min> <max>
2	4

[block]
# block no. 2 follows, 57 sequences, length 29
# corresponding to MSA columns:
# 185-190,193-215
name=unknown_C
#
# <colnr> <probs for GDERKNQSTAVLIFYWHMCP>
#	G	D	E	R	K	N	Q	S	T	A	V	L	I	F	Y	W	H	M	C	P
0	0.01105	0.01276	0.17480	0.01392	0.13019	0.01075	0.12019	0.01859	0.34723	0.05662	0.01393	0.01429	0.02641	0.00527	0.00487	0.00149	0.02272	0.00468	0.00339	0.00684
1	0.00613	0.00423	0.00560	0.00610	0.00641	0.00423	0.00409	0.00674	0.00791	0.01072	0.04766	0.42062	0.02254	0.21321	0.15088	0.06209	0.00475	0.00924	0.00343	0.00343
2	0.00672	0.00570	0.00680	0.08385	0.00929	0.02678	0.00511	0.00833	0.01069	0.01398	0.30047	0.06454	0.31824	0.05100	0.00660	0.00164	0.04637	0.00794	0.00400	0.02195
3	0.01008	0.09732	0.38951	0.07394	0.05707	0.05933	0.04401	0.04669	0.03563	0.01417	0.01096	0.04095	0.03719	0.00527	0.00438	0.00140	0.00587	0.03488	0.00245	0.02890
4	0.00921	0.00791	0.00965	0.00702	0.01083	0.00610	0.02621	0.01126	0.00949	0.01474	0.03994	0.01074	0.00831	0.00470	0.03296	0.00096	0.00374	0.00305	0.00276	0.78043
5	0.02592	0.05614	0.01098	0.12608	0.01375	0.08171	0.02059	0.10443	0.20393	0.01569	0.01827	0.09001	0.13378	0.00708	0.00482	0.00146	0.01949	0.02254	0.00358	0.03975
6	0.00820	0.00610	0.03603	0.00650	0.00769	0.02249	0.00485	0.00926	0.00834	0.07975	0.01598	0.13279	0.03065	0.34482	0.13215	0.00349	0.00524	0.05366	0.01687	0.07515
7	0.05095	0.03291	0.05902	0.02861	0.05768	0.04980	0.15311	0.04304	0.04666	0.04466	0.01139	0.06654	0.02326	0.03863	0.08159	0.03122	0.12219	0.01915	0.00278	0.03680
8	0.02847	0.11892	0.67771	0.01207	0.01824	0.01151	0.01514	0.04240	0.00991	0.01456	0.00798	0.00930	0.00580	0.00429	0.00412	0.00138	0.00635	0.00325	0.00203	0.00659
9	0.00738	0.00521	0.00728	0.02939	0.00827	0.00598	0.00544	0.00872	0.00763	0.03360	0.01272	0.05102	0.01219	0.13597	0.47630	0.02300	0.06894	0.00523	0.09170	0.00403
10	0.00693	0.00492	0.00679	0.00679	0.00753	0.00542	0.00508	0.00839	0.02266	0.02805	0.01432	0.02328	0.02877	0.22584	0.52679	0.00589	0.00921	0.05668	0.00276	0.00388
11	0.09159	0.00680	0.00841	0.00709	0.00956	0.00642	0.00570	0.01619	0.07111	0.37913	0.25132	0.02298	0.06205	0.00715	0.00474	0.00145	0.00323	0.03403	0.00497	0.00608
12	0.00938	0.00906	0.01259	0.01092	0.01097	0.01244	0.00894	0.01030	0.00692	0.01066	0.00715	0.01239	0.00733	0.09541	0.06050	0.00253	0.70144	0.00429	0.00209	0.00468
13	0.01647	0.01015	0.01110	0.00902	0.01209	0.06323	0.00731	0.24886	0.14713	0.32284	0.03259	0.01569	0.01154	0.00592	0.00456	0.00141	0.00434	0.03454	0.03407	0.00713
14	0.01310	0.29457	0.08592	0.01921	0.06294	0.08046	0.03582	0.19831	0.04568	0.02946	0.00894	0.02341	0.00726	0.00471	0.00412	0.00121	0.02221	0.00352	0.00286	0.05629
15	0.02343	0.03608	0.03965	0.00845	0.04206	0.02242	0.03313	0.03318	0.00940	0.02611	0.04463	0.03094	0.01885	0.03996	0.17618	0.04184	0.00575	0.03399	0.00281	0.33116
16	0.03927	0.02914	0.07447	0.05131	0.32780	0.10253	0.03896	0.08983	0.04192	0.03378	0.01696	0.03574	0.02364	0.03815	0.00562	0.02477	0.01274	0.00436	0.00275	0.00624
17	0.01113	0.41509	0.17250	0.00954	0.02987	0.03888	0.00942	0.03825	0.02105	0.03119	0.04489	0.02462	0.02588	0.00577	0.01984	0.01491	0.07539	0.00358	0.00240	0.00581
18	0.00914	0.00611	0.00778	0.06704	0.00975	0.00641	0.00559	0.09754	0.03825	0.08116	0.04947	0.11042	0.06386	0.20160	0.13645	0.05569	0.00526	0.04047	0.00350	0.00449
19	0.01188	0.06808	0.01247	0.05931	0.12252	0.07510	0.04100	0.08735	0.05848	0.10738	0.03502	0.04575	0.02116	0.08736	0.01484	0.00168	0.00480	0.03265	0.03183	0.08133
20	0.01015	0.06688	0.10353	0.06811	0.25449	0.04511	0.02674	0.01249	0.02328	0.06061	0.04290	0.04783	0.07109	0.03820	0.04887	0.05453	0.00535	0.01142	0.00277	0.00565
21	0.04188	0.00779	0.01249	0.60111	0.06920	0.00947	0.01109	0.01115	0.00882	0.01193	0.00926	0.03118	0.00792	0.05035	0.04553	0.00197	0.03553	0.02621	0.00222	0.00492
22	0.04276	0.00848	0.05554	0.08623	0.03478	0.02956	0.02939	0.06490	0.03436	0.19975	0.14269	0.08252	0.04372	0.05191	0.02318	0.00172	0.00431	0.02119	0.00396	0.03904
23	0.01042	0.09610	0.07455	0.00897	0.01097	0.14856	0.02238	0.01309	0.09587	0.03931	0.01316	0.06576	0.05022	0.11626	0.10952	0.01723	0.09477	0.00501	0.00285	0.00501
24	0.00796	0.00679	0.04024	0.22240	0.01408	0.00662	0.00707	0.05961	0.01020	0.04409	0.06027	0.14245	0.22373	0.07106	0.03439	0.01745	0.00427	0.01933	0.00344	0.00456
25	0.02818	0.00918	0.02236	0.10707	0.13859	0.02888	0.00892	0.09663	0.08925	0.03603	0.04799	0.02942	0.03316	0.05617	0.02606	0.03340	0.17047	0.01915	0.01354	0.00556
26	0.02761	0.03432	0.00880	0.00855	0.04573	0.00661	0.03961	0.00875	0.00859	0.03425	0.01878	0.36534	0.05118	0.13499	0.02416	0.00226	0.10904	0.06378	0.00343	0.00423
27	0.02775	0.00532	0.00730	0.07254	0.04070	0.02196	0.00555	0.00805	0.00788	0.02808	0.03063	0.16472	0.04838	0.04580	0.12105	0.31712	0.00503	0.03582	0.00282	0.00351
28	0.01182	0.06527	0.01190	0.05808	0.01270	0.03458	0.03519	0.24625	0.15073	0.03108	0.01394	0.09530	0.01250	0.06983	0.03809	0.00194	0.03760	0.05014	0.01715	0.00593

[dist]
# distance from previous block
# <min> <max>
0	256

# created by:
# /st0/software/busco_prod/Augustus/scripts/msa2prfl.pl ./align_prep/146725.fa
