[name]
unknown

[dist]
# distance from previous block
# <min> <max>
8	27

[block]
# block no. 0 follows, 63 sequences, length 11
# corresponding to MSA columns:
# 27-37
name=unknown_A
#
# <colnr> <probs for GDERKNQSTAVLIFYWHMCP>
#	G	D	E	R	K	N	Q	S	T	A	V	L	I	F	Y	W	H	M	C	P
0	0.02403	0.02732	0.05233	0.01055	0.07547	0.07186	0.07176	0.28564	0.08804	0.04958	0.03598	0.05037	0.00975	0.00564	0.01646	0.00136	0.01952	0.00433	0.09406	0.00596
1	0.02436	0.00883	0.10841	0.03365	0.07187	0.03731	0.03500	0.08747	0.07642	0.02385	0.05123	0.16355	0.09828	0.12895	0.00696	0.00180	0.00405	0.01930	0.01393	0.00479
2	0.03910	0.09216	0.14060	0.04883	0.11967	0.00889	0.00833	0.10603	0.04636	0.04563	0.04942	0.10765	0.01124	0.06696	0.00528	0.00145	0.00425	0.00468	0.00288	0.09058
3	0.01305	0.08572	0.14809	0.00936	0.01307	0.01182	0.00871	0.45277	0.10325	0.02081	0.00999	0.01026	0.00734	0.00469	0.00395	0.00121	0.00457	0.00356	0.02456	0.06323
4	0.00661	0.00466	0.00573	0.00552	0.00674	0.00425	0.00409	0.00856	0.04634	0.05877	0.38123	0.21066	0.18308	0.00944	0.00490	0.00140	0.00231	0.00826	0.00425	0.04321
5	0.00689	0.00380	0.00522	0.00540	0.00569	0.00373	0.00375	0.00627	0.00670	0.00927	0.01320	0.12135	0.06010	0.03225	0.01228	0.54143	0.00324	0.05630	0.10061	0.00251
6	0.01196	0.02693	0.01268	0.01446	0.29422	0.06883	0.00885	0.15938	0.18580	0.07404	0.03340	0.03326	0.03565	0.00513	0.00420	0.00129	0.00437	0.00436	0.01482	0.00635
7	0.00822	0.00761	0.01272	0.56530	0.19551	0.00883	0.01116	0.01078	0.00871	0.01149	0.00945	0.06323	0.00835	0.00512	0.00437	0.00142	0.00517	0.05544	0.00216	0.00497
8	0.12472	0.00703	0.00890	0.00700	0.01000	0.00637	0.00575	0.01833	0.01131	0.65947	0.04756	0.01525	0.04841	0.00542	0.00409	0.00131	0.00341	0.00433	0.00480	0.00654
9	0.00577	0.00424	0.00499	0.00528	0.00589	0.00404	0.00359	0.00691	0.04407	0.01071	0.05928	0.29103	0.21316	0.25181	0.01010	0.02529	0.00295	0.04402	0.00351	0.00335
10	0.01143	0.02929	0.01123	0.01002	0.07349	0.01055	0.03424	0.24062	0.39761	0.01897	0.04400	0.01577	0.07245	0.00572	0.00431	0.00135	0.00383	0.00476	0.00394	0.00640

[dist]
# distance from previous block
# <min> <max>
0	1

[block]
# block no. 1 follows, 63 sequences, length 58
# corresponding to MSA columns:
# 39-43,45-83,104-109,115-122
name=unknown_B
#
# <colnr> <probs for GDERKNQSTAVLIFYWHMCP>
#	G	D	E	R	K	N	Q	S	T	A	V	L	I	F	Y	W	H	M	C	P
0	0.01470	0.03142	0.01322	0.01318	0.14296	0.59585	0.02438	0.09156	0.01219	0.01243	0.00709	0.00833	0.00580	0.00428	0.00389	0.00113	0.00683	0.00301	0.00234	0.00540
1	0.01564	0.01105	0.02468	0.00931	0.01260	0.01184	0.00774	0.61531	0.10378	0.12677	0.01162	0.01120	0.00814	0.00512	0.00421	0.00129	0.00438	0.00393	0.00430	0.00708
2	0.00879	0.04172	0.68441	0.01362	0.10650	0.01001	0.05061	0.01326	0.00899	0.01328	0.00758	0.00910	0.00552	0.00394	0.00402	0.00131	0.00607	0.00324	0.00182	0.00622
3	0.00730	0.00365	0.00548	0.00548	0.00548	0.00365	0.00365	0.00548	0.00548	0.00730	0.00730	0.01278	0.00730	0.01460	0.01643	0.87769	0.00365	0.00365	0.00183	0.00183
4	0.00953	0.06757	0.06698	0.00699	0.01066	0.02741	0.00607	0.02415	0.03914	0.04737	0.00861	0.03558	0.00720	0.00377	0.00334	0.00080	0.00356	0.00300	0.00263	0.62565
5	0.01107	0.80333	0.07197	0.00749	0.01125	0.01621	0.00771	0.01263	0.00856	0.01010	0.00595	0.00688	0.00539	0.00362	0.00278	0.00093	0.00460	0.00230	0.00180	0.00545
6	0.01044	0.04189	0.01686	0.02421	0.75332	0.01026	0.01236	0.01337	0.05110	0.01379	0.00830	0.01054	0.00693	0.00384	0.00411	0.00124	0.00489	0.00374	0.00218	0.00661
7	0.00951	0.34192	0.51976	0.01014	0.01535	0.01240	0.01233	0.01303	0.00875	0.01200	0.00689	0.00806	0.00535	0.00384	0.00350	0.00117	0.00555	0.00278	0.00178	0.00590
8	0.00830	0.07165	0.70683	0.01100	0.01662	0.00963	0.01392	0.01262	0.00892	0.01293	0.01057	0.01156	0.07840	0.00456	0.00400	0.00131	0.00574	0.00357	0.00197	0.00592
9	0.00608	0.00406	0.00459	0.00462	0.00463	0.00406	0.00259	0.00611	0.00617	0.00823	0.01354	0.05218	0.01566	0.82708	0.02092	0.00400	0.00403	0.00629	0.00259	0.00257
10	0.00512	0.00366	0.00488	0.00585	0.00610	0.00341	0.00390	0.00585	0.00805	0.01073	0.02317	0.84952	0.02780	0.01317	0.00537	0.00171	0.00244	0.01195	0.00390	0.00341
11	0.01124	0.85479	0.02203	0.00719	0.01079	0.01663	0.00719	0.01259	0.00854	0.00989	0.00584	0.00674	0.00539	0.00360	0.00270	0.00090	0.00450	0.00225	0.00180	0.00539
12	0.00605	0.00424	0.00557	0.00528	0.00619	0.00393	0.00392	0.00767	0.01127	0.01587	0.73168	0.02996	0.05617	0.00918	0.00598	0.07951	0.00214	0.00728	0.00436	0.00377
13	0.00503	0.00426	0.00435	0.00433	0.00572	0.00358	0.00325	0.00616	0.00974	0.01172	0.09446	0.03986	0.77223	0.01051	0.00497	0.00141	0.00212	0.00879	0.00395	0.00358
14	0.00601	0.00450	0.00676	0.00676	0.00751	0.00525	0.00525	0.00751	0.00676	0.00976	0.01126	0.01651	0.01051	0.03153	0.83560	0.00676	0.01126	0.00450	0.00225	0.00375
15	0.00730	0.00365	0.00548	0.00548	0.00548	0.00365	0.00365	0.00548	0.00548	0.00730	0.00730	0.01278	0.00730	0.01460	0.01643	0.87769	0.00365	0.00365	0.00183	0.00183
16	0.09394	0.00802	0.00931	0.00770	0.01035	0.00814	0.00636	0.26133	0.01328	0.29853	0.01634	0.01969	0.07296	0.02852	0.00482	0.00147	0.00382	0.12513	0.00428	0.00602
17	0.00794	0.00747	0.01261	0.84216	0.02895	0.00934	0.01167	0.01074	0.00841	0.01074	0.00747	0.01121	0.00560	0.00420	0.00420	0.00140	0.00560	0.00374	0.00187	0.00467
18	0.00992	0.01134	0.02481	0.01772	0.02197	0.01063	0.81077	0.01347	0.00992	0.01347	0.00850	0.01134	0.00638	0.00354	0.00496	0.00142	0.00709	0.00496	0.00213	0.00567
19	0.01062	0.00537	0.00678	0.00583	0.00778	0.00469	0.00457	0.01215	0.01111	0.32774	0.25680	0.04070	0.25749	0.02297	0.00498	0.00140	0.00268	0.00672	0.00459	0.00504
20	0.00526	0.00403	0.00469	0.00504	0.00585	0.00361	0.00354	0.00620	0.00890	0.01134	0.10192	0.33951	0.36675	0.08964	0.00666	0.00178	0.00245	0.02554	0.00384	0.00345
21	0.84981	0.00826	0.00642	0.00568	0.00831	0.00956	0.00468	0.04204	0.00762	0.01914	0.00601	0.00695	0.00465	0.00394	0.00266	0.00130	0.00330	0.00233	0.00266	0.00465
22	0.00507	0.00419	0.00437	0.00445	0.00568	0.00358	0.00325	0.00607	0.00933	0.01129	0.06158	0.11533	0.68571	0.05407	0.00585	0.00158	0.00225	0.00898	0.00385	0.00350
23	0.00537	0.00415	0.00460	0.00477	0.00580	0.00363	0.00340	0.00634	0.00913	0.02368	0.08574	0.22345	0.51209	0.08081	0.00641	0.00170	0.00237	0.00920	0.00386	0.00352
24	0.00581	0.00408	0.00511	0.00540	0.00616	0.00371	0.00381	0.00694	0.00945	0.03933	0.24333	0.41188	0.18491	0.04291	0.00575	0.00162	0.00235	0.00970	0.00409	0.00368
25	0.88196	0.00813	0.00618	0.00553	0.00813	0.00943	0.00455	0.01236	0.00715	0.01886	0.00585	0.00683	0.00455	0.00390	0.00260	0.00130	0.00325	0.00228	0.00260	0.00455
26	0.00523	0.00409	0.00474	0.00496	0.00594	0.00360	0.00358	0.00640	0.00963	0.01238	0.20851	0.28020	0.41387	0.01095	0.00508	0.00148	0.00219	0.00951	0.00406	0.00360
27	0.14559	0.00527	0.00567	0.00526	0.00673	0.00517	0.00395	0.01993	0.02397	0.09753	0.20721	0.06789	0.19278	0.09981	0.00610	0.00162	0.00268	0.00628	0.09235	0.00419
28	0.00727	0.00372	0.00556	0.00562	0.00568	0.00372	0.00384	0.00568	0.00574	0.00763	0.00823	0.01492	0.00835	0.01442	0.01577	0.82359	0.00366	0.05271	0.00195	0.00195
29	0.88196	0.00813	0.00618	0.00553	0.00813	0.00943	0.00455	0.01236	0.00715	0.01886	0.00585	0.00683	0.00455	0.00390	0.00260	0.00130	0.00325	0.00228	0.00260	0.00455
30	0.00517	0.00386	0.00473	0.00534	0.00591	0.00351	0.00364	0.00600	0.00850	0.01099	0.05922	0.55876	0.23763	0.05851	0.00613	0.00175	0.00243	0.01065	0.00386	0.00342
31	0.00524	0.00407	0.00470	0.00494	0.00585	0.00361	0.00351	0.00631	0.00932	0.01193	0.16869	0.28561	0.40313	0.05625	0.00597	0.00163	0.00230	0.00945	0.00395	0.00353
32	0.00872	0.00747	0.00872	0.00623	0.00996	0.00560	0.00498	0.01058	0.00872	0.01370	0.00747	0.00872	0.00623	0.00311	0.00311	0.00062	0.00311	0.00249	0.00249	0.87796
33	0.00515	0.00370	0.00490	0.00585	0.00614	0.00345	0.00394	0.00592	0.00812	0.01078	0.02363	0.81359	0.04720	0.01308	0.00536	0.00170	0.00246	0.02771	0.00390	0.00343
34	0.01025	0.00974	0.01609	0.07846	0.70041	0.00999	0.01226	0.01360	0.08166	0.01388	0.00870	0.01093	0.00714	0.00395	0.00417	0.00127	0.00489	0.00383	0.00226	0.00653
35	0.88196	0.00813	0.00618	0.00553	0.00813	0.00943	0.00455	0.01236	0.00715	0.01886	0.00585	0.00683	0.00455	0.00390	0.00260	0.00130	0.00325	0.00228	0.00260	0.00455
36	0.00601	0.00406	0.00464	0.00470	0.00477	0.00404	0.00270	0.00612	0.00635	0.00844	0.01471	0.07876	0.04049	0.75876	0.03565	0.00390	0.00405	0.00653	0.00267	0.00265
37	0.00533	0.00409	0.00478	0.00503	0.00590	0.00366	0.00358	0.00640	0.00928	0.01195	0.17678	0.27760	0.36138	0.07768	0.00641	0.00171	0.00239	0.02861	0.00393	0.00351
38	0.55756	0.00776	0.00752	0.00626	0.00911	0.00821	0.00516	0.01541	0.00899	0.32333	0.00989	0.00964	0.00675	0.00439	0.00321	0.00130	0.00337	0.00301	0.00358	0.00553
39	0.00514	0.00372	0.00486	0.00572	0.00607	0.00344	0.00385	0.00593	0.00828	0.01096	0.04861	0.76611	0.08610	0.01285	0.00532	0.00167	0.00240	0.01160	0.00392	0.00344
40	0.03712	0.00472	0.00609	0.00600	0.00714	0.00434	0.00436	0.00965	0.00960	0.18942	0.17334	0.43514	0.04858	0.03734	0.00546	0.00160	0.00267	0.00885	0.00424	0.00434
41	0.00583	0.00384	0.00513	0.00594	0.00634	0.00356	0.00402	0.00661	0.00825	0.05278	0.02283	0.80660	0.02691	0.01276	0.00531	0.00169	0.00250	0.01155	0.00397	0.00361
42	0.00632	0.00424	0.00475	0.00469	0.00476	0.00426	0.00266	0.02291	0.00640	0.00853	0.01318	0.02715	0.01511	0.83460	0.02104	0.00402	0.00409	0.00606	0.00258	0.00264
43	0.11023	0.00571	0.00710	0.00614	0.00804	0.00536	0.00483	0.01270	0.01106	0.29888	0.38164	0.04985	0.02405	0.03045	0.00492	0.00142	0.00280	0.02523	0.00450	0.00508
44	0.07767	0.00444	0.00538	0.00568	0.00659	0.00420	0.00405	0.00778	0.00897	0.07413	0.12911	0.51288	0.12170	0.01091	0.00495	0.00156	0.00249	0.00964	0.00399	0.00388
45	0.00647	0.00445	0.00545	0.00523	0.00637	0.00406	0.00389	0.00828	0.02757	0.05656	0.46421	0.11302	0.21417	0.02225	0.00513	0.00141	0.00220	0.00793	0.03732	0.00401
46	0.01576	0.01839	0.01205	0.01060	0.01300	0.67184	0.00810	0.17494	0.01347	0.01351	0.00721	0.00808	0.00576	0.00447	0.00387	0.00112	0.00699	0.00292	0.00257	0.00533
47	0.03016	0.00665	0.00837	0.00669	0.00935	0.00613	0.00544	0.05839	0.03257	0.54906	0.01537	0.01434	0.01030	0.00511	0.00388	0.00122	0.00321	0.00411	0.22335	0.00629
48	0.62293	0.00774	0.00711	0.00604	0.00876	0.00838	0.00497	0.01438	0.00861	0.23487	0.03562	0.00963	0.00727	0.00440	0.00311	0.00130	0.00330	0.00297	0.00336	0.00523
49	0.00715	0.00507	0.00612	0.00572	0.00706	0.00486	0.00435	0.07529	0.02087	0.05601	0.33881	0.11426	0.24323	0.01116	0.07900	0.00187	0.00322	0.00759	0.00413	0.00424
50	0.00619	0.00489	0.00567	0.00559	0.00683	0.00471	0.00422	0.00908	0.12228	0.01414	0.30963	0.12780	0.30175	0.00959	0.00496	0.00145	0.00237	0.05053	0.00421	0.00413
51	0.00601	0.00450	0.00676	0.00676	0.00751	0.00525	0.00525	0.00751	0.00676	0.00976	0.01126	0.01651	0.01051	0.03153	0.83560	0.00676	0.01126	0.00450	0.00225	0.00375
52	0.00586	0.00403	0.00503	0.00538	0.00597	0.00373	0.00366	0.00674	0.00869	0.03829	0.15493	0.43943	0.13503	0.15377	0.00792	0.00199	0.00264	0.00958	0.00383	0.00350
53	0.00601	0.00450	0.00676	0.00676	0.00751	0.00525	0.00525	0.00751	0.00676	0.00976	0.01126	0.01651	0.01051	0.03153	0.83560	0.00676	0.01126	0.00450	0.00225	0.00375
54	0.00837	0.00498	0.00580	0.00532	0.00632	0.00492	0.00377	0.06874	0.00938	0.09214	0.14780	0.02368	0.04382	0.33872	0.03119	0.00247	0.00341	0.01791	0.17734	0.00393
55	0.01253	0.01043	0.01022	0.00855	0.01112	0.09436	0.00683	0.39895	0.17345	0.01990	0.03341	0.03762	0.12766	0.00638	0.00438	0.00133	0.00418	0.02871	0.00396	0.00604
56	0.01570	0.01558	0.01183	0.01006	0.01267	0.44980	0.00785	0.26524	0.05480	0.08874	0.00904	0.00940	0.00678	0.00475	0.00415	0.00119	0.02008	0.00330	0.00317	0.00587
57	0.00607	0.00415	0.00491	0.00491	0.00507	0.00424	0.00298	0.00633	0.00630	0.00848	0.01370	0.02614	0.03564	0.70286	0.14741	0.00442	0.00514	0.00594	0.00254	0.00276

[dist]
# distance from previous block
# <min> <max>
0	1

[block]
# block no. 2 follows, 63 sequences, length 38
# corresponding to MSA columns:
# 124-161
name=unknown_C
#
# <colnr> <probs for GDERKNQSTAVLIFYWHMCP>
#	G	D	E	R	K	N	Q	S	T	A	V	L	I	F	Y	W	H	M	C	P
0	0.08472	0.01307	0.01391	0.05557	0.04207	0.28522	0.18833	0.14283	0.02155	0.02494	0.00845	0.00994	0.00651	0.00428	0.00399	0.00123	0.00586	0.00359	0.07854	0.00541
1	0.00537	0.00427	0.00482	0.00468	0.00593	0.00372	0.00351	0.00681	0.01053	0.01362	0.36382	0.03673	0.50169	0.00980	0.00496	0.00138	0.00207	0.00835	0.00420	0.00372
2	0.01134	0.83499	0.02179	0.00728	0.01084	0.03606	0.00722	0.01269	0.00862	0.00990	0.00586	0.00676	0.00540	0.00361	0.00272	0.00090	0.00457	0.00226	0.00181	0.00538
3	0.00868	0.09419	0.76018	0.01157	0.01755	0.01036	0.01481	0.01325	0.00885	0.01302	0.00740	0.00869	0.00533	0.00396	0.00388	0.00129	0.00606	0.00303	0.00178	0.00614
4	0.00878	0.12615	0.72916	0.01138	0.01727	0.01062	0.01449	0.01322	0.00883	0.01288	0.00733	0.00861	0.00533	0.00394	0.00383	0.00128	0.00600	0.00300	0.00178	0.00611
5	0.01029	0.05213	0.64280	0.01091	0.01641	0.00931	0.01339	0.01440	0.00939	0.15420	0.00930	0.02349	0.00657	0.00434	0.00401	0.00131	0.00563	0.00341	0.00240	0.00630
6	0.00616	0.00458	0.00642	0.00634	0.00686	0.00524	0.00468	0.00723	0.00657	0.00934	0.01157	0.01920	0.01160	0.25288	0.58183	0.00583	0.04299	0.00491	0.00232	0.00346
7	0.88196	0.00813	0.00618	0.00553	0.00813	0.00943	0.00455	0.01236	0.00715	0.01886	0.00585	0.00683	0.00455	0.00390	0.00260	0.00130	0.00325	0.00228	0.00260	0.00455
8	0.88196	0.00813	0.00618	0.00553	0.00813	0.00943	0.00455	0.01236	0.00715	0.01886	0.00585	0.00683	0.00455	0.00390	0.00260	0.00130	0.00325	0.00228	0.00260	0.00455
9	0.01081	0.00584	0.00735	0.00663	0.00866	0.00539	0.00540	0.01325	0.07829	0.29808	0.09133	0.04247	0.20918	0.00829	0.00481	0.00147	0.00312	0.17672	0.00442	0.01850
10	0.00720	0.00371	0.00550	0.00550	0.00554	0.00374	0.00369	0.00559	0.00556	0.00745	0.00769	0.01347	0.00773	0.04477	0.05474	0.80651	0.00402	0.00378	0.00187	0.00194
11	0.00843	0.02174	0.83048	0.01198	0.01819	0.00976	0.01553	0.01331	0.00888	0.01331	0.00754	0.00888	0.00533	0.00399	0.00399	0.00133	0.00621	0.00311	0.00178	0.00621
12	0.00515	0.00389	0.00478	0.00544	0.00607	0.00352	0.00380	0.00605	0.00864	0.01111	0.04586	0.56707	0.26117	0.01228	0.00526	0.00162	0.00239	0.03852	0.00392	0.00348
13	0.00941	0.00770	0.00829	0.00756	0.00964	0.00854	0.00586	0.01816	0.57836	0.04479	0.07784	0.04837	0.13311	0.00693	0.00448	0.00143	0.00305	0.01633	0.00426	0.00589
14	0.01040	0.00999	0.01706	0.02580	0.82604	0.00999	0.01290	0.01290	0.00957	0.01373	0.00791	0.01040	0.00666	0.00375	0.00416	0.00125	0.00499	0.00375	0.00208	0.00666
15	0.00843	0.02174	0.83048	0.01198	0.01819	0.00976	0.01553	0.01331	0.00888	0.01331	0.00754	0.00888	0.00533	0.00399	0.00399	0.00133	0.00621	0.00311	0.00178	0.00621
16	0.88196	0.00813	0.00618	0.00553	0.00813	0.00943	0.00455	0.01236	0.00715	0.01886	0.00585	0.00683	0.00455	0.00390	0.00260	0.00130	0.00325	0.00228	0.00260	0.00455
17	0.00611	0.00408	0.00458	0.00458	0.00458	0.00408	0.00255	0.00611	0.00611	0.00815	0.01325	0.02751	0.01528	0.85226	0.02140	0.00408	0.00408	0.00611	0.00255	0.00255
18	0.00669	0.00480	0.00666	0.00753	0.00851	0.00476	0.00654	0.00861	0.00981	0.01281	0.06979	0.04635	0.04009	0.01142	0.00574	0.00189	0.00373	0.73650	0.00392	0.00387
19	0.01046	0.00903	0.00951	0.00855	0.01093	0.01046	0.00665	0.02234	0.81845	0.01759	0.01711	0.01568	0.01283	0.00570	0.00428	0.00143	0.00333	0.00475	0.00428	0.00665
20	0.01601	0.01241	0.01250	0.00973	0.01299	0.08442	0.00797	0.72818	0.01894	0.03998	0.00990	0.00995	0.00706	0.00499	0.00417	0.00125	0.00486	0.00370	0.00405	0.00695
21	0.00608	0.00406	0.00459	0.00462	0.00463	0.00406	0.00259	0.00611	0.00617	0.00823	0.01355	0.05253	0.01566	0.82673	0.02091	0.00400	0.00403	0.00629	0.00259	0.00257
22	0.01886	0.00715	0.00976	0.00748	0.01073	0.00618	0.00618	0.02049	0.01203	0.82895	0.01658	0.01431	0.01041	0.00520	0.00423	0.00130	0.00358	0.00423	0.00520	0.00715
23	0.69312	0.00817	0.00685	0.00594	0.00854	0.00927	0.00487	0.09450	0.00879	0.05759	0.00733	0.00812	0.00552	0.00415	0.00287	0.00127	0.00332	0.00263	0.06227	0.00490
24	0.00611	0.00408	0.00458	0.00458	0.00458	0.00408	0.00255	0.00611	0.00611	0.00815	0.01325	0.02751	0.01528	0.85226	0.02140	0.00408	0.00408	0.00611	0.00255	0.00255
25	0.00512	0.00366	0.00488	0.00585	0.00610	0.00341	0.00390	0.00585	0.00805	0.01073	0.02317	0.84952	0.02780	0.01317	0.00537	0.00171	0.00244	0.01195	0.00390	0.00341
26	0.00626	0.00463	0.00589	0.00552	0.00660	0.00442	0.00415	0.00894	0.06811	0.01691	0.76760	0.03031	0.03779	0.00839	0.00491	0.00133	0.00208	0.00740	0.00460	0.00415
27	0.01075	0.00976	0.06698	0.05411	0.01245	0.01011	0.00760	0.06236	0.61357	0.05500	0.01568	0.01557	0.01185	0.00562	0.00429	0.00142	0.00375	0.02864	0.00400	0.00648
28	0.00747	0.00462	0.00568	0.00562	0.00591	0.04887	0.00384	0.00616	0.00633	0.00796	0.01158	0.01589	0.10737	0.01356	0.01434	0.72259	0.00368	0.00424	0.00210	0.00220
29	0.00597	0.00505	0.00545	0.00519	0.00656	0.00482	0.00398	0.05042	0.02220	0.01224	0.04893	0.07891	0.65617	0.01014	0.00555	0.00145	0.06101	0.00831	0.00379	0.00386
30	0.00602	0.00507	0.00570	0.00613	0.06329	0.00454	0.00419	0.05048	0.01030	0.01274	0.09455	0.03606	0.66652	0.00971	0.00487	0.00139	0.00245	0.00815	0.00385	0.00399
31	0.00623	0.00506	0.00628	0.00724	0.09402	0.00476	0.00462	0.00792	0.04689	0.01216	0.13910	0.08945	0.36503	0.14572	0.00757	0.00186	0.00289	0.04566	0.00360	0.00393
32	0.00686	0.00487	0.00689	0.00672	0.00774	0.00547	0.00524	0.00890	0.05137	0.05364	0.01404	0.01802	0.06735	0.02728	0.68852	0.00581	0.00979	0.00481	0.00263	0.00408
33	0.01292	0.01005	0.01103	0.05430	0.01271	0.01130	0.00746	0.44609	0.28754	0.02154	0.01323	0.07054	0.01042	0.00579	0.00431	0.00136	0.00409	0.00468	0.00408	0.00659
34	0.65177	0.00784	0.00652	0.00574	0.00814	0.00888	0.00463	0.09219	0.00861	0.01841	0.00955	0.01095	0.06276	0.04941	0.00394	0.00144	0.00330	0.00316	0.03813	0.00461
35	0.00557	0.00423	0.00562	0.00674	0.04961	0.00393	0.00448	0.00664	0.00882	0.01165	0.09501	0.54829	0.15410	0.01176	0.00523	0.00162	0.00259	0.06655	0.00387	0.00369
36	0.00812	0.00767	0.01079	0.00963	0.00979	0.01034	0.00784	0.00912	0.00669	0.01013	0.00872	0.11354	0.00915	0.01244	0.16132	0.00271	0.59069	0.00484	0.00217	0.00430
37	0.07113	0.00613	0.00666	0.00627	0.00708	0.04973	0.00447	0.08140	0.00807	0.01134	0.02164	0.06414	0.02515	0.32828	0.18245	0.07969	0.03494	0.00519	0.00266	0.00357

[dist]
# distance from previous block
# <min> <max>
0	53

# created by:
# /st0/software/busco_prod/Augustus/scripts/msa2prfl.pl ./align_prep/146969.fa
