[name]
unknown

[dist]
# distance from previous block
# <min> <max>
0	18

[block]
# block no. 0 follows, 51 sequences, length 6
# corresponding to MSA columns:
# 21-26
name=unknown_A
#
# <colnr> <probs for GDERKNQSTAVLIFYWHMCP>
#	G	D	E	R	K	N	Q	S	T	A	V	L	I	F	Y	W	H	M	C	P
0	0.00785	0.00582	0.00766	0.00852	0.00974	0.00584	0.00718	0.01074	0.06915	0.01479	0.02793	0.12810	0.10048	0.01313	0.00651	0.00213	0.00412	0.56105	0.00457	0.00468
1	0.01314	0.01489	0.01468	0.01248	0.01490	0.33448	0.16026	0.01611	0.08776	0.01362	0.01401	0.09571	0.03977	0.06571	0.00712	0.00180	0.04544	0.03937	0.00314	0.00560
2	0.06391	0.00996	0.02910	0.00984	0.04426	0.02855	0.00757	0.17904	0.14295	0.07598	0.01676	0.09778	0.04627	0.04074	0.00619	0.00169	0.04050	0.03666	0.05214	0.07010
3	0.00866	0.00609	0.00710	0.00697	0.00839	0.00594	0.00508	0.05412	0.10022	0.07050	0.09589	0.31461	0.21992	0.06458	0.00701	0.00195	0.00319	0.01005	0.00471	0.00501
4	0.00972	0.00919	0.01554	0.69439	0.15147	0.01104	0.01387	0.01295	0.01004	0.01310	0.00881	0.01296	0.00674	0.00483	0.00491	0.00161	0.00644	0.00437	0.00222	0.00582
5	0.00895	0.00715	0.01011	0.03848	0.07241	0.00703	0.06902	0.04259	0.07339	0.04770	0.04815	0.21020	0.21033	0.04681	0.00662	0.00190	0.00405	0.08561	0.00421	0.00528

[dist]
# distance from previous block
# <min> <max>
3	13

[block]
# block no. 1 follows, 51 sequences, length 7
# corresponding to MSA columns:
# 45-51
name=unknown_B
#
# <colnr> <probs for GDERKNQSTAVLIFYWHMCP>
#	G	D	E	R	K	N	Q	S	T	A	V	L	I	F	Y	W	H	M	C	P
0	0.03915	0.01119	0.01527	0.06014	0.04574	0.05255	0.13970	0.15877	0.02849	0.06302	0.01078	0.01373	0.00871	0.05882	0.00808	0.00177	0.15003	0.00464	0.05925	0.07018
1	0.00719	0.00537	0.00603	0.00599	0.00704	0.00508	0.00421	0.05271	0.01067	0.01370	0.09671	0.13968	0.31591	0.25967	0.01169	0.00265	0.00348	0.04398	0.00417	0.00408
2	0.04332	0.01202	0.01526	0.07437	0.01658	0.04040	0.09789	0.33518	0.06772	0.02135	0.01121	0.01380	0.00889	0.00828	0.05959	0.00207	0.13608	0.02544	0.00368	0.00686
3	0.01247	0.01181	0.01505	0.20980	0.26619	0.10776	0.01158	0.12175	0.07102	0.01677	0.01200	0.09950	0.01059	0.00616	0.00499	0.00155	0.00585	0.00535	0.00315	0.00665
4	0.07221	0.00809	0.01008	0.03809	0.04109	0.00864	0.05345	0.11436	0.07053	0.07115	0.05961	0.01663	0.01266	0.00597	0.00480	0.00141	0.04145	0.00482	0.35904	0.00593
5	0.04247	0.00827	0.01021	0.14204	0.01418	0.00917	0.00761	0.08591	0.15604	0.09135	0.14826	0.02163	0.08973	0.00731	0.00569	0.00158	0.05750	0.00592	0.08906	0.00607
6	0.10632	0.00756	0.00905	0.05210	0.02627	0.02399	0.03285	0.05574	0.03582	0.03056	0.19262	0.06082	0.17009	0.00903	0.00531	0.00163	0.00383	0.11000	0.00423	0.06219

[dist]
# distance from previous block
# <min> <max>
10	33

[block]
# block no. 2 follows, 51 sequences, length 51
# corresponding to MSA columns:
# 85-135
name=unknown_C
#
# <colnr> <probs for GDERKNQSTAVLIFYWHMCP>
#	G	D	E	R	K	N	Q	S	T	A	V	L	I	F	Y	W	H	M	C	P
0	0.01090	0.00988	0.06667	0.00917	0.01259	0.00834	0.05900	0.09831	0.06458	0.04982	0.22140	0.01899	0.02861	0.00626	0.00508	0.00129	0.02587	0.00532	0.00398	0.29395
1	0.01094	0.02412	0.01075	0.00813	0.02915	0.03487	0.00630	0.03421	0.02967	0.03755	0.06414	0.01241	0.01031	0.00436	0.00394	0.00089	0.00388	0.00352	0.00324	0.66762
2	0.01312	0.17418	0.36585	0.01168	0.01698	0.01362	0.01280	0.20290	0.06321	0.04595	0.01066	0.02913	0.00811	0.00530	0.00451	0.00146	0.00601	0.00403	0.00316	0.00735
3	0.54531	0.05648	0.07243	0.00937	0.05620	0.08926	0.00762	0.01578	0.06383	0.01940	0.00845	0.02222	0.00679	0.00491	0.00360	0.00149	0.00475	0.00327	0.00299	0.00586
4	0.01266	0.07775	0.04306	0.00973	0.04467	0.00957	0.02303	0.10321	0.11073	0.14873	0.25769	0.02193	0.02184	0.00723	0.00538	0.00151	0.02832	0.02365	0.01941	0.02989
5	0.01307	0.27375	0.18309	0.01194	0.01652	0.03523	0.13960	0.03331	0.04698	0.10762	0.01076	0.03933	0.00857	0.00515	0.00469	0.00140	0.02372	0.00427	0.00296	0.03805
6	0.01138	0.03278	0.04950	0.03626	0.49455	0.02341	0.01209	0.01399	0.01092	0.03883	0.01235	0.09664	0.02782	0.00575	0.00481	0.00144	0.00519	0.00529	0.03230	0.08469
7	0.01065	0.00903	0.02935	0.00919	0.05516	0.00773	0.00694	0.05967	0.09149	0.03430	0.06834	0.04100	0.01341	0.04349	0.00536	0.00131	0.00397	0.04507	0.00359	0.46093
8	0.00981	0.00667	0.00816	0.00701	0.00905	0.00621	0.00536	0.06543	0.03984	0.09025	0.39562	0.02788	0.05769	0.08517	0.03654	0.00196	0.00359	0.00697	0.00469	0.13211
9	0.01795	0.05180	0.01482	0.01133	0.01489	0.19916	0.00920	0.51307	0.01945	0.03816	0.01052	0.01095	0.00778	0.00560	0.00490	0.00139	0.02211	0.00400	0.00413	0.03877
10	0.01171	0.04763	0.02159	0.00779	0.01196	0.00774	0.00640	0.06239	0.01131	0.08286	0.01042	0.04063	0.00863	0.00446	0.00392	0.00092	0.00389	0.00358	0.00332	0.64885
11	0.01216	0.01168	0.01995	0.03016	0.79664	0.01168	0.01508	0.01508	0.01119	0.01605	0.00924	0.01216	0.00778	0.00438	0.00487	0.00146	0.00584	0.00438	0.00243	0.00778
12	0.00590	0.00477	0.00524	0.00557	0.00681	0.00412	0.00401	0.00706	0.01076	0.01327	0.06770	0.27547	0.54570	0.01323	0.00594	0.00175	0.00259	0.01138	0.00459	0.00412
13	0.01092	0.25265	0.48879	0.01227	0.04085	0.01318	0.01417	0.01507	0.01060	0.03107	0.05991	0.01158	0.00905	0.00491	0.00432	0.00141	0.00626	0.00374	0.00240	0.00686
14	0.03675	0.01190	0.01874	0.03521	0.43656	0.02908	0.11329	0.12974	0.01305	0.05786	0.01076	0.01409	0.00876	0.00518	0.00529	0.00154	0.02543	0.03630	0.00309	0.00740
15	0.00587	0.00473	0.00523	0.00564	0.00681	0.00409	0.00403	0.00698	0.01057	0.01302	0.04176	0.32171	0.52541	0.01349	0.00597	0.00178	0.00262	0.01164	0.00456	0.00409
16	0.01212	0.00614	0.00821	0.00710	0.00912	0.00561	0.00556	0.01425	0.01340	0.28113	0.44785	0.02804	0.03113	0.01042	0.06165	0.00197	0.00370	0.00714	0.03959	0.00587
17	0.03374	0.18101	0.01640	0.01198	0.06847	0.16866	0.03204	0.19654	0.16469	0.03696	0.01150	0.01240	0.00907	0.02953	0.00505	0.00149	0.00579	0.00412	0.00358	0.00699
18	0.01290	0.21736	0.32517	0.01292	0.01808	0.11100	0.09984	0.10234	0.01224	0.01585	0.00861	0.01008	0.00664	0.00476	0.00466	0.00141	0.02309	0.00368	0.00251	0.00685
19	0.00581	0.00498	0.00498	0.00498	0.00664	0.00415	0.00373	0.00705	0.01120	0.01328	0.04978	0.04729	0.79464	0.01245	0.00581	0.00166	0.00249	0.01037	0.00456	0.00415
20	0.01558	0.00977	0.01126	0.00926	0.01233	0.01023	0.00743	0.22011	0.23245	0.23496	0.14458	0.01986	0.03588	0.00699	0.00511	0.00156	0.00408	0.00575	0.00533	0.00749
21	0.04762	0.01282	0.05186	0.01416	0.11509	0.08232	0.11101	0.15549	0.10455	0.23425	0.01357	0.01368	0.00959	0.00543	0.00492	0.00152	0.00566	0.00466	0.00420	0.00759
22	0.00599	0.00428	0.00570	0.00684	0.00713	0.00399	0.00456	0.00684	0.00941	0.01254	0.02709	0.82409	0.03250	0.01540	0.00627	0.00200	0.00285	0.01397	0.00456	0.00399
23	0.01726	0.02094	0.01344	0.01216	0.01476	0.65098	0.00918	0.03414	0.15290	0.01389	0.00990	0.01061	0.00792	0.00537	0.00454	0.00134	0.00791	0.00362	0.00302	0.00612
24	0.00612	0.00437	0.00586	0.00700	0.00734	0.00411	0.00480	0.00708	0.00954	0.01270	0.02701	0.77019	0.03221	0.01527	0.00631	0.00201	0.00297	0.06653	0.00456	0.00403
25	0.00598	0.00466	0.00544	0.00598	0.00697	0.00412	0.00424	0.00710	0.01046	0.01320	0.06594	0.41301	0.39268	0.01377	0.00605	0.00183	0.00269	0.02720	0.00459	0.00410
26	0.00986	0.02542	0.80183	0.01401	0.02127	0.01141	0.01816	0.01556	0.01038	0.01556	0.00882	0.01038	0.00623	0.00467	0.00467	0.00156	0.00726	0.00363	0.00208	0.00726
27	0.00745	0.00513	0.00673	0.00627	0.00751	0.00472	0.00472	0.00976	0.01392	0.04549	0.76845	0.03605	0.04524	0.00992	0.00577	0.00154	0.00238	0.00876	0.00543	0.00476
28	0.03776	0.01107	0.01293	0.01000	0.01379	0.01134	0.00827	0.40757	0.01847	0.37456	0.01542	0.01495	0.01046	0.00613	0.00493	0.00151	0.00480	0.02242	0.00539	0.00821
29	0.01025	0.05314	0.65887	0.01498	0.03677	0.01184	0.11525	0.01555	0.01053	0.01545	0.00890	0.01069	0.00642	0.00458	0.00476	0.00155	0.00729	0.00389	0.00214	0.00716
30	0.00607	0.00431	0.00568	0.00674	0.00700	0.00405	0.00445	0.00686	0.00925	0.01233	0.02627	0.76856	0.03148	0.07232	0.00759	0.00219	0.00299	0.01349	0.00445	0.00392
31	0.01800	0.01343	0.01437	0.01117	0.01498	0.01492	0.00918	0.70129	0.10317	0.02988	0.01266	0.01248	0.00905	0.00598	0.00492	0.00149	0.00525	0.00454	0.00492	0.00830
32	0.10811	0.30016	0.13062	0.01074	0.01510	0.03307	0.08325	0.09793	0.07916	0.08338	0.01016	0.01086	0.00776	0.00488	0.00414	0.00138	0.00556	0.00373	0.00314	0.00687
33	0.00833	0.00496	0.00658	0.00695	0.00785	0.00454	0.00489	0.00953	0.01067	0.12098	0.13329	0.57383	0.04676	0.02823	0.00636	0.00191	0.00299	0.01183	0.00486	0.00466
34	0.00599	0.00428	0.00570	0.00684	0.00713	0.00399	0.00456	0.00684	0.00941	0.01254	0.02709	0.82409	0.03250	0.01540	0.00627	0.00200	0.00285	0.01397	0.00456	0.00399
35	0.01216	0.01168	0.01995	0.03016	0.79664	0.01168	0.01508	0.01508	0.01119	0.01605	0.00924	0.01216	0.00778	0.00438	0.00487	0.00146	0.00584	0.00438	0.00243	0.00778
36	0.01145	0.01098	0.01892	0.07401	0.58715	0.01105	0.08067	0.01475	0.03283	0.01628	0.08339	0.01479	0.01151	0.00499	0.00504	0.00150	0.00571	0.00496	0.00277	0.00725
37	0.01031	0.00969	0.01592	0.53511	0.24519	0.01123	0.01360	0.01429	0.06926	0.01414	0.00973	0.01324	0.00754	0.00490	0.00491	0.00159	0.00615	0.00446	0.00247	0.00628
38	0.00599	0.00428	0.00570	0.00684	0.00713	0.00399	0.00456	0.00684	0.00941	0.01254	0.02709	0.82409	0.03250	0.01540	0.00627	0.00200	0.00285	0.01397	0.00456	0.00399
39	0.01801	0.02284	0.01398	0.01267	0.01509	0.77106	0.00955	0.01926	0.01363	0.01202	0.00754	0.00895	0.00634	0.00523	0.00497	0.00131	0.04615	0.00322	0.00251	0.00568
40	0.00599	0.00428	0.00570	0.00684	0.00713	0.00399	0.00456	0.00684	0.00941	0.01254	0.02709	0.82409	0.03250	0.01540	0.00627	0.00200	0.00285	0.01397	0.00456	0.00399
41	0.01086	0.00926	0.01116	0.00914	0.06691	0.00746	0.00669	0.06083	0.01107	0.01696	0.00896	0.01043	0.00738	0.00383	0.00381	0.00083	0.00390	0.00311	0.00300	0.74441
42	0.01280	0.74767	0.10538	0.00898	0.01350	0.01862	0.00941	0.01480	0.01003	0.01197	0.00704	0.00814	0.00630	0.00425	0.00331	0.00110	0.00546	0.00273	0.00210	0.00640
43	0.01841	0.00833	0.01064	0.00862	0.01192	0.00776	0.00696	0.02236	0.15244	0.56877	0.02198	0.05635	0.06847	0.00706	0.00507	0.00158	0.00395	0.00585	0.00571	0.00776
44	0.01207	0.00890	0.01054	0.00764	0.01191	0.00700	0.00615	0.04598	0.01123	0.11775	0.01024	0.01110	0.00795	0.00405	0.00386	0.00086	0.00378	0.00324	0.00340	0.71234
45	0.00878	0.00551	0.00721	0.00717	0.00848	0.00517	0.00565	0.01064	0.01204	0.10172	0.30970	0.08131	0.08720	0.09496	0.00799	0.00212	0.00346	0.23125	0.00487	0.00477
46	0.06843	0.00590	0.00766	0.00818	0.00949	0.00589	0.00684	0.01086	0.01116	0.06302	0.10485	0.07563	0.02698	0.07380	0.00767	0.00227	0.00417	0.49801	0.00449	0.00469
47	0.01293	0.00889	0.01064	0.00775	0.01199	0.00708	0.00626	0.05004	0.01155	0.17174	0.01098	0.01156	0.00829	0.00423	0.00396	0.00092	0.00383	0.00338	0.00363	0.65035
48	0.00957	0.00651	0.00993	0.00910	0.01092	0.00618	0.08564	0.01188	0.01218	0.10841	0.24983	0.03895	0.04743	0.03950	0.03069	0.00214	0.00444	0.30689	0.00465	0.00516
49	0.67781	0.00861	0.00710	0.00643	0.00905	0.00973	0.00514	0.01352	0.00891	0.04138	0.06430	0.01381	0.02650	0.07230	0.00519	0.00180	0.00377	0.01618	0.00334	0.00513
50	0.54297	0.00917	0.00841	0.00719	0.01012	0.01004	0.00580	0.08550	0.01050	0.12806	0.01035	0.01302	0.00833	0.08555	0.00572	0.00183	0.00411	0.02055	0.00365	0.02914

[dist]
# distance from previous block
# <min> <max>
6	16

[block]
# block no. 3 follows, 51 sequences, length 79
# corresponding to MSA columns:
# 156-218,249-264
name=unknown_D
#
# <colnr> <probs for GDERKNQSTAVLIFYWHMCP>
#	G	D	E	R	K	N	Q	S	T	A	V	L	I	F	Y	W	H	M	C	P
0	0.01055	0.06870	0.69102	0.01318	0.02000	0.01147	0.01662	0.01572	0.01050	0.04745	0.00914	0.01049	0.00652	0.00465	0.00455	0.00149	0.00686	0.00360	0.00228	0.04522
1	0.01008	0.09288	0.66046	0.01377	0.05149	0.01175	0.01647	0.01513	0.01057	0.01546	0.05087	0.01165	0.00845	0.00491	0.00461	0.00151	0.00677	0.00386	0.00227	0.00706
2	0.02698	0.12984	0.51385	0.01198	0.01787	0.01189	0.01424	0.05888	0.01158	0.09373	0.05629	0.01227	0.00931	0.00513	0.00454	0.00148	0.00623	0.00396	0.00285	0.00711
3	0.03078	0.05640	0.27449	0.01121	0.03530	0.00938	0.04283	0.01846	0.01234	0.35310	0.09327	0.01578	0.01295	0.00577	0.00484	0.00151	0.00527	0.00477	0.00418	0.00737
4	0.04965	0.01265	0.20261	0.01118	0.06363	0.00869	0.02693	0.03102	0.03096	0.31677	0.10270	0.01608	0.01351	0.00576	0.00479	0.00146	0.00486	0.00478	0.00426	0.08772
5	0.01111	0.01074	0.07959	0.00995	0.04717	0.00827	0.05158	0.09265	0.01206	0.03005	0.07807	0.01306	0.01083	0.00462	0.00425	0.00104	0.00439	0.00391	0.00327	0.52340
6	0.01187	0.01335	0.12345	0.03810	0.40130	0.01136	0.19682	0.01581	0.04144	0.04841	0.04228	0.01364	0.00952	0.00476	0.00511	0.00154	0.00634	0.00487	0.00276	0.00729
7	0.01248	0.00876	0.01318	0.05829	0.19569	0.00860	0.06254	0.03000	0.08684	0.18582	0.19029	0.02250	0.08949	0.00700	0.00526	0.00155	0.00441	0.00626	0.00435	0.00668
8	0.00747	0.00583	0.00783	0.00808	0.06267	0.00549	0.01672	0.01021	0.04503	0.01869	0.61084	0.03512	0.12775	0.00970	0.00570	0.00156	0.00273	0.00856	0.00505	0.00496
9	0.01183	0.01262	0.02535	0.02453	0.33677	0.01212	0.47063	0.01548	0.01143	0.01587	0.00966	0.01281	0.00759	0.00424	0.00542	0.00158	0.00730	0.00523	0.00246	0.00709
10	0.01344	0.01152	0.01175	0.01031	0.01322	0.04806	0.00811	0.14882	0.60704	0.02172	0.01827	0.01785	0.01389	0.00666	0.00501	0.00163	0.00438	0.02578	0.00486	0.00769
11	0.01806	0.01273	0.05806	0.01046	0.01423	0.05303	0.00890	0.40786	0.05063	0.24065	0.04222	0.03608	0.01147	0.00627	0.00496	0.00151	0.00511	0.00492	0.00496	0.00788
12	0.00714	0.00478	0.00545	0.00545	0.00547	0.00481	0.00308	0.00720	0.00717	0.00959	0.01541	0.03173	0.01768	0.80075	0.05130	0.00487	0.00505	0.00708	0.00297	0.00303
13	0.01271	0.01181	0.01296	0.01390	0.15622	0.07725	0.00925	0.02357	0.58248	0.01904	0.01702	0.01643	0.01297	0.00612	0.00493	0.00160	0.00465	0.00515	0.00433	0.00761
14	0.00686	0.00501	0.00645	0.00611	0.00729	0.00459	0.00457	0.00908	0.01365	0.01915	0.73049	0.05124	0.09650	0.01030	0.00581	0.00156	0.00234	0.00908	0.00534	0.00459
15	0.01216	0.01168	0.01995	0.03016	0.79664	0.01168	0.01508	0.01508	0.01119	0.01605	0.00924	0.01216	0.00778	0.00438	0.00487	0.00146	0.00584	0.00438	0.00243	0.00778
16	0.00619	0.00446	0.00591	0.00700	0.00744	0.00418	0.00489	0.00722	0.00970	0.01281	0.02798	0.70504	0.06607	0.01506	0.00631	0.00201	0.00302	0.09608	0.00456	0.00406
17	0.00901	0.00724	0.00838	0.00825	0.00998	0.00772	0.00645	0.01561	0.31883	0.01753	0.16628	0.13337	0.09822	0.01032	0.00574	0.00181	0.00347	0.16118	0.00488	0.00573
18	0.14724	0.01107	0.01658	0.02264	0.52798	0.01126	0.01223	0.06520	0.01186	0.11279	0.01026	0.01204	0.00796	0.00471	0.00459	0.00148	0.00529	0.00418	0.00313	0.00750
19	0.00713	0.00482	0.00564	0.00564	0.00574	0.00492	0.00333	0.00733	0.00723	0.00974	0.01523	0.03073	0.01724	0.73923	0.11222	0.00511	0.00570	0.00694	0.00294	0.00313
20	0.01314	0.83025	0.02575	0.00841	0.01261	0.01945	0.00841	0.01472	0.00999	0.01156	0.00683	0.00788	0.00631	0.00420	0.00315	0.00105	0.00526	0.00263	0.00210	0.00631
21	0.01153	0.29565	0.48914	0.01199	0.01796	0.03924	0.01430	0.04157	0.01079	0.01463	0.00821	0.00954	0.00633	0.00457	0.00416	0.00137	0.00657	0.00331	0.00220	0.00693
22	0.02748	0.01160	0.01909	0.02796	0.71272	0.01168	0.01430	0.04700	0.02512	0.04147	0.00981	0.01233	0.00803	0.00454	0.00484	0.00147	0.00570	0.00439	0.00270	0.00778
23	0.01159	0.01352	0.05377	0.02134	0.09474	0.01233	0.68506	0.01568	0.01152	0.01576	0.00984	0.01306	0.00745	0.00418	0.00568	0.00164	0.00803	0.00560	0.00247	0.00675
24	0.01216	0.01168	0.01995	0.03016	0.79664	0.01168	0.01508	0.01508	0.01119	0.01605	0.00924	0.01216	0.00778	0.00438	0.00487	0.00146	0.00584	0.00438	0.00243	0.00778
25	0.00671	0.00501	0.00622	0.00592	0.00719	0.00453	0.00444	0.00879	0.01332	0.01831	0.63212	0.03901	0.20917	0.01057	0.00580	0.00157	0.00236	0.00921	0.00523	0.00453
26	0.02054	0.00855	0.01135	0.00864	0.01251	0.00736	0.00711	0.04304	0.01385	0.68560	0.01791	0.01581	0.01148	0.00579	0.00479	0.00142	0.00415	0.00469	0.00567	0.10974
27	0.00598	0.00431	0.00567	0.00675	0.00710	0.00400	0.00452	0.00685	0.00950	0.01258	0.02820	0.78581	0.07006	0.01525	0.00625	0.00198	0.00283	0.01379	0.00456	0.00400
28	0.00581	0.00498	0.00498	0.00498	0.00664	0.00415	0.00373	0.00705	0.01120	0.01328	0.04978	0.04729	0.79464	0.01245	0.00581	0.00166	0.00249	0.01037	0.00456	0.00415
29	0.01216	0.01168	0.01995	0.03016	0.79664	0.01168	0.01508	0.01508	0.01119	0.01605	0.00924	0.01216	0.00778	0.00438	0.00487	0.00146	0.00584	0.00438	0.00243	0.00778
30	0.00986	0.02422	0.74918	0.01373	0.02067	0.01113	0.03428	0.01538	0.01040	0.01569	0.00917	0.01079	0.00654	0.00470	0.00464	0.00154	0.00706	0.00372	0.04015	0.00713
31	0.00652	0.00495	0.00585	0.00595	0.00721	0.00444	0.00449	0.00821	0.01189	0.01569	0.29877	0.13755	0.35250	0.01183	0.00586	0.00169	0.00264	0.07401	0.03560	0.00434
32	0.01216	0.01168	0.01995	0.03016	0.79664	0.01168	0.01508	0.01508	0.01119	0.01605	0.00924	0.01216	0.00778	0.00438	0.00487	0.00146	0.00584	0.00438	0.00243	0.00778
33	0.14638	0.01746	0.01272	0.01101	0.01397	0.41074	0.00857	0.20280	0.06807	0.03246	0.02534	0.01078	0.00816	0.00542	0.00441	0.00139	0.00671	0.00370	0.00347	0.00645
34	0.00654	0.00521	0.00736	0.00760	0.00851	0.00486	0.05789	0.00809	0.03429	0.01313	0.02933	0.61802	0.15276	0.01387	0.00613	0.00191	0.00320	0.01256	0.00443	0.00432
35	0.00630	0.00450	0.00576	0.00660	0.00717	0.00419	0.00459	0.00743	0.01003	0.01347	0.08751	0.59364	0.10999	0.03012	0.00647	0.00196	0.00288	0.05375	0.03954	0.00409
36	0.01015	0.05675	0.44044	0.01098	0.01691	0.00980	0.01264	0.01422	0.01028	0.01556	0.00869	0.01018	0.00666	0.00422	0.00417	0.00119	0.00568	0.00329	0.00242	0.35576
37	0.61978	0.18441	0.01164	0.00733	0.01058	0.07172	0.00628	0.01489	0.00912	0.01909	0.00690	0.00803	0.00561	0.00452	0.00317	0.00140	0.00448	0.00269	0.00280	0.00556
38	0.00891	0.00636	0.00777	0.00816	0.00953	0.00671	0.00671	0.01330	0.16350	0.01606	0.02199	0.03895	0.02173	0.06685	0.02841	0.00227	0.00425	0.40694	0.15655	0.00507
39	0.01836	0.02342	0.01393	0.01266	0.01519	0.80756	0.00950	0.01962	0.01393	0.01203	0.00760	0.00886	0.00633	0.00506	0.00443	0.00127	0.00886	0.00317	0.00253	0.00570
40	0.00599	0.00428	0.00570	0.00684	0.00713	0.00399	0.00456	0.00684	0.00941	0.01254	0.02709	0.82409	0.03250	0.01540	0.00627	0.00200	0.00285	0.01397	0.00456	0.00399
41	0.00696	0.00502	0.00657	0.00618	0.00734	0.00464	0.00464	0.00927	0.01391	0.01971	0.79405	0.03671	0.04637	0.01005	0.00580	0.00155	0.00232	0.00889	0.00541	0.00464
42	0.01191	0.01322	0.02810	0.02065	0.05163	0.01252	0.72102	0.04715	0.01206	0.01638	0.00999	0.01316	0.00750	0.00422	0.00573	0.00164	0.00808	0.00569	0.00258	0.00674
43	0.02205	0.00836	0.01140	0.00874	0.01254	0.00722	0.00722	0.02395	0.01407	0.80004	0.01939	0.01673	0.01216	0.00608	0.00494	0.00152	0.00418	0.00494	0.00608	0.00836
44	0.01216	0.01168	0.01995	0.03016	0.79664	0.01168	0.01508	0.01508	0.01119	0.01605	0.00924	0.01216	0.00778	0.00438	0.00487	0.00146	0.00584	0.00438	0.00243	0.00778
45	0.01216	0.01168	0.01995	0.03016	0.79664	0.01168	0.01508	0.01508	0.01119	0.01605	0.00924	0.01216	0.00778	0.00438	0.00487	0.00146	0.00584	0.00438	0.00243	0.00778
46	0.00715	0.00476	0.00536	0.00536	0.00536	0.00476	0.00298	0.00715	0.00715	0.00953	0.01548	0.03216	0.01787	0.82729	0.02501	0.00476	0.00476	0.00715	0.00298	0.00298
47	0.00683	0.00502	0.00639	0.00605	0.00726	0.00458	0.00454	0.00903	0.01361	0.01899	0.71078	0.03789	0.13009	0.01031	0.00580	0.00156	0.00234	0.00905	0.00532	0.00458
48	0.00986	0.02542	0.80183	0.01401	0.02127	0.01141	0.01816	0.01556	0.01038	0.01556	0.00882	0.01038	0.00623	0.00467	0.00467	0.00156	0.00726	0.00363	0.00208	0.00726
49	0.07646	0.01355	0.01413	0.01094	0.01477	0.03306	0.00901	0.69027	0.02165	0.05027	0.01156	0.01160	0.00820	0.00579	0.00478	0.00147	0.00535	0.00429	0.00476	0.00809
50	0.01545	0.00725	0.00939	0.00781	0.01052	0.00661	0.00622	0.01840	0.07945	0.43885	0.21832	0.06000	0.06867	0.00793	0.00525	0.00156	0.00349	0.00672	0.02126	0.00685
51	0.01019	0.00873	0.01019	0.00728	0.01165	0.00655	0.00582	0.01237	0.01019	0.01601	0.00873	0.01019	0.00728	0.00364	0.00364	0.00073	0.00364	0.00291	0.00291	0.85734
52	0.08126	0.00891	0.01077	0.00912	0.01195	0.00932	0.05067	0.02022	0.33869	0.19150	0.13881	0.02166	0.07154	0.00714	0.00505	0.00160	0.00386	0.00604	0.00497	0.00691
53	0.00678	0.00514	0.00617	0.00596	0.00720	0.00473	0.00439	0.00898	0.03817	0.01703	0.48281	0.07492	0.24711	0.06047	0.00696	0.00180	0.00259	0.00931	0.00498	0.00448
54	0.00667	0.00498	0.00619	0.00595	0.00718	0.00450	0.00444	0.00869	0.01313	0.01801	0.60080	0.07413	0.20560	0.01080	0.00582	0.00159	0.00238	0.00943	0.00519	0.00450
55	0.01194	0.01147	0.01963	0.06094	0.69679	0.01157	0.04639	0.01520	0.03170	0.01599	0.00988	0.01328	0.00833	0.00464	0.00495	0.00150	0.00589	0.01981	0.00253	0.00758
56	0.05548	0.03641	0.20999	0.01101	0.03587	0.01006	0.02000	0.12416	0.01390	0.41176	0.01441	0.01367	0.00952	0.00551	0.00474	0.00151	0.00523	0.00437	0.00453	0.00786
57	0.01359	0.76122	0.02474	0.00877	0.01283	0.08688	0.00850	0.01514	0.01032	0.01160	0.00690	0.00797	0.00631	0.00428	0.00326	0.00107	0.00556	0.00267	0.00214	0.00625
58	0.00596	0.00493	0.00522	0.00531	0.00680	0.00420	0.00395	0.00728	0.01128	0.01378	0.11016	0.11326	0.65299	0.01252	0.00586	0.00169	0.00254	0.02345	0.00463	0.00418
59	0.10360	0.01187	0.06318	0.00961	0.01367	0.01113	0.00830	0.31310	0.05793	0.16900	0.01233	0.01226	0.00876	0.00530	0.00446	0.00135	0.00469	0.00404	0.00435	0.18107
60	0.01215	0.01171	0.02015	0.02995	0.77935	0.01169	0.03221	0.01510	0.01120	0.01605	0.00926	0.01219	0.00778	0.00437	0.00489	0.00146	0.00589	0.00441	0.00243	0.00776
61	0.01158	0.42387	0.38469	0.01107	0.01663	0.01543	0.01290	0.01557	0.04198	0.01378	0.00829	0.00947	0.00662	0.00452	0.00393	0.00131	0.00613	0.00321	0.00221	0.00681
62	0.01014	0.09425	0.73546	0.01353	0.02053	0.01210	0.01732	0.01549	0.01034	0.01522	0.00865	0.01016	0.00623	0.00463	0.00454	0.00151	0.00709	0.00355	0.00208	0.00718
63	0.02153	0.00825	0.01124	0.00866	0.01237	0.00713	0.00713	0.02345	0.01406	0.77334	0.04589	0.01741	0.01334	0.00622	0.00497	0.00152	0.00412	0.00508	0.00606	0.00824
64	0.01032	0.12183	0.67661	0.01361	0.02041	0.01242	0.04826	0.01547	0.01038	0.01509	0.00863	0.01019	0.00629	0.00459	0.00453	0.00150	0.00706	0.00360	0.00210	0.00712
65	0.01289	0.04501	0.02010	0.02716	0.66176	0.01172	0.05975	0.01575	0.01137	0.07270	0.00992	0.01238	0.00802	0.00448	0.00486	0.00146	0.00584	0.00443	0.00269	0.00770
66	0.00601	0.00431	0.00567	0.00674	0.00706	0.00402	0.00449	0.00686	0.00941	0.01249	0.02751	0.77635	0.05732	0.03787	0.00678	0.00206	0.00289	0.01366	0.00452	0.00397
67	0.01175	0.01125	0.01902	0.04757	0.73596	0.01125	0.01444	0.01459	0.01116	0.01582	0.01141	0.01407	0.05004	0.00482	0.00492	0.00147	0.00568	0.00470	0.00254	0.00753
68	0.01180	0.10098	0.56088	0.01397	0.06117	0.04442	0.03501	0.01639	0.01089	0.08617	0.00959	0.01082	0.00689	0.00474	0.00458	0.00149	0.00680	0.00373	0.00249	0.00722
69	0.06396	0.00926	0.04602	0.00877	0.01233	0.00812	0.00745	0.05245	0.08668	0.53611	0.07494	0.01838	0.04002	0.00648	0.00492	0.00154	0.00413	0.00526	0.00549	0.00769
70	0.00673	0.00552	0.00599	0.00662	0.00733	0.04729	0.00453	0.00768	0.01001	0.01268	0.05545	0.52512	0.19542	0.07648	0.00750	0.00208	0.00323	0.01192	0.00436	0.00406
71	0.02749	0.01271	0.11905	0.01076	0.01398	0.03187	0.03009	0.15797	0.33427	0.02030	0.05156	0.06394	0.01428	0.00702	0.00564	0.00165	0.04849	0.02307	0.01880	0.00706
72	0.01275	0.01196	0.01892	0.04325	0.66848	0.04801	0.01421	0.01546	0.01122	0.05058	0.00946	0.01216	0.00782	0.00472	0.00545	0.00149	0.04958	0.00434	0.00258	0.00754
73	0.00835	0.00638	0.04960	0.00678	0.00850	0.00517	0.00553	0.01068	0.01338	0.08851	0.60325	0.06656	0.08868	0.00978	0.00568	0.00157	0.00278	0.00856	0.00520	0.00505
74	0.81668	0.00973	0.00763	0.00672	0.00981	0.01125	0.00554	0.05560	0.00916	0.02253	0.00711	0.00819	0.00549	0.00463	0.00314	0.00152	0.00389	0.00276	0.00314	0.00549
75	0.32715	0.00856	0.00961	0.00779	0.01111	0.00845	0.00637	0.01955	0.01158	0.47424	0.01424	0.01345	0.00948	0.00612	0.00502	0.04750	0.00405	0.00408	0.00476	0.00692
76	0.00920	0.01257	0.24563	0.00969	0.01315	0.00850	0.03356	0.03456	0.15307	0.01753	0.25350	0.02404	0.10245	0.00816	0.00601	0.04756	0.00447	0.00640	0.00397	0.00597
77	0.00705	0.00507	0.00611	0.00584	0.00721	0.00461	0.00441	0.00898	0.01250	0.03431	0.44724	0.03764	0.28371	0.01191	0.04874	0.00190	0.00300	0.00882	0.05638	0.00454
78	0.01081	0.04343	0.58401	0.01269	0.01866	0.05353	0.02696	0.02947	0.01139	0.05169	0.10033	0.01364	0.01122	0.00538	0.00478	0.00152	0.00656	0.00430	0.00273	0.00691

[dist]
# distance from previous block
# <min> <max>
0	2

# created by:
# /st0/software/busco_prod/Augustus/scripts/msa2prfl.pl ./align_prep/147055.fa
