[name]
unknown

[dist]
# distance from previous block
# <min> <max>
0	42

[block]
# block no. 0 follows, 61 sequences, length 11
# corresponding to MSA columns:
# 46-56
name=unknown_A
#
# <colnr> <probs for GDERKNQSTAVLIFYWHMCP>
#	G	D	E	R	K	N	Q	S	T	A	V	L	I	F	Y	W	H	M	C	P
0	0.01154	0.26189	0.15263	0.01027	0.04683	0.01260	0.04506	0.20701	0.07691	0.01607	0.00966	0.01194	0.00794	0.00576	0.03074	0.00144	0.02559	0.04510	0.01494	0.00610
1	0.03466	0.09828	0.23133	0.02212	0.01412	0.04541	0.04888	0.20128	0.03627	0.02727	0.00891	0.02590	0.00712	0.02022	0.02343	0.00150	0.09351	0.00369	0.01512	0.04097
2	0.06312	0.14125	0.29457	0.01120	0.06039	0.17164	0.02934	0.02369	0.00975	0.03853	0.00817	0.01056	0.00669	0.00520	0.02361	0.00140	0.03414	0.03591	0.00224	0.02862
3	0.13325	0.12720	0.11348	0.00825	0.01133	0.04226	0.01782	0.15962	0.05267	0.04280	0.02525	0.06610	0.00920	0.00770	0.08168	0.00177	0.00503	0.00401	0.03013	0.06044
4	0.00744	0.03508	0.12856	0.17028	0.01337	0.00654	0.02151	0.00969	0.00971	0.04300	0.20612	0.17276	0.10027	0.02413	0.00503	0.00147	0.00381	0.00675	0.00332	0.03114
5	0.00830	0.07116	0.22218	0.00791	0.01068	0.00777	0.00781	0.03253	0.11667	0.01420	0.08138	0.11618	0.01402	0.03312	0.08251	0.00192	0.00464	0.00520	0.13875	0.02307
6	0.03167	0.38946	0.16718	0.03990	0.11760	0.04367	0.05374	0.04417	0.05207	0.01281	0.00759	0.00885	0.00619	0.00400	0.00356	0.00115	0.00521	0.00308	0.00216	0.00593
7	0.01323	0.00932	0.01057	0.00857	0.01092	0.01025	0.00683	0.53534	0.01541	0.02071	0.00975	0.01164	0.00769	0.01013	0.08525	0.21617	0.00513	0.00391	0.00352	0.00566
8	0.01054	0.00924	0.00954	0.00734	0.01079	0.08445	0.00581	0.04359	0.12082	0.04655	0.00939	0.01009	0.00744	0.00383	0.00351	0.00085	0.00373	0.00301	0.00295	0.60654
9	0.05535	0.08795	0.01488	0.15205	0.34094	0.00974	0.07777	0.01221	0.03897	0.01336	0.01191	0.04611	0.07477	0.00498	0.00418	0.00132	0.00472	0.00453	0.03860	0.00566
10	0.00914	0.06891	0.15764	0.29683	0.15334	0.04176	0.01151	0.01182	0.00866	0.01174	0.00773	0.01075	0.00631	0.00715	0.08311	0.00192	0.10071	0.00364	0.00197	0.00537

[dist]
# distance from previous block
# <min> <max>
0	17

[block]
# block no. 1 follows, 61 sequences, length 6
# corresponding to MSA columns:
# 74-79
name=unknown_B
#
# <colnr> <probs for GDERKNQSTAVLIFYWHMCP>
#	G	D	E	R	K	N	Q	S	T	A	V	L	I	F	Y	W	H	M	C	P
0	0.33507	0.30108	0.15522	0.00751	0.01103	0.01172	0.00758	0.01277	0.00838	0.04500	0.00794	0.06550	0.00697	0.00461	0.00321	0.00123	0.00426	0.00323	0.00243	0.00528
1	0.00773	0.00613	0.00737	0.02749	0.00904	0.00597	0.00535	0.06500	0.11750	0.01382	0.01924	0.31844	0.08007	0.01019	0.04508	0.00170	0.00354	0.07470	0.00365	0.17798
2	0.00989	0.01033	0.06078	0.14130	0.01424	0.10964	0.00817	0.01561	0.29728	0.01367	0.01157	0.01306	0.00920	0.00940	0.13593	0.00223	0.05526	0.00405	0.00294	0.07545
3	0.00756	0.00519	0.00650	0.00676	0.00785	0.00517	0.00510	0.01053	0.13782	0.07594	0.08711	0.40556	0.06709	0.01086	0.00525	0.00166	0.00293	0.14244	0.00422	0.00446
4	0.01476	0.01081	0.01161	0.00908	0.01198	0.01189	0.00730	0.67954	0.01802	0.02415	0.01086	0.01319	0.00866	0.13976	0.00712	0.00175	0.00465	0.00426	0.00404	0.00657
5	0.01029	0.00873	0.00959	0.00779	0.01090	0.00870	0.00615	0.06696	0.41114	0.01685	0.01275	0.01258	0.00982	0.00464	0.00386	0.00109	0.00340	0.00379	0.00358	0.38740

[dist]
# distance from previous block
# <min> <max>
0	1

[block]
# block no. 2 follows, 61 sequences, length 10
# corresponding to MSA columns:
# 81-87,91-93
name=unknown_C
#
# <colnr> <probs for GDERKNQSTAVLIFYWHMCP>
#	G	D	E	R	K	N	Q	S	T	A	V	L	I	F	Y	W	H	M	C	P
0	0.01103	0.00851	0.00917	0.00814	0.01039	0.00968	0.00638	0.05685	0.58899	0.06336	0.01629	0.01552	0.01220	0.00572	0.00448	0.00139	0.02911	0.00463	0.13178	0.00639
1	0.01637	0.01207	0.01293	0.00991	0.01336	0.01336	0.00819	0.80738	0.02025	0.02715	0.01034	0.01034	0.00733	0.00517	0.00431	0.00129	0.00474	0.00388	0.00431	0.00733
2	0.06694	0.01185	0.01254	0.00966	0.01306	0.01314	0.00798	0.76080	0.01950	0.02669	0.01009	0.01015	0.00717	0.00510	0.00421	0.00130	0.00466	0.00379	0.00421	0.00717
3	0.00626	0.00418	0.00470	0.00470	0.00470	0.00418	0.00261	0.00626	0.00626	0.00835	0.01357	0.02819	0.01566	0.84862	0.02192	0.00418	0.00418	0.00626	0.00261	0.00261
4	0.00883	0.07825	0.77203	0.01195	0.01813	0.01048	0.01534	0.01359	0.00907	0.01340	0.00761	0.00895	0.00546	0.00406	0.00400	0.00133	0.00625	0.00312	0.00182	0.00631
5	0.01326	0.00653	0.00873	0.04712	0.01059	0.00571	0.00587	0.01492	0.01080	0.42237	0.07508	0.14891	0.01523	0.00670	0.00443	0.00131	0.00339	0.03445	0.00437	0.16023
6	0.00611	0.00495	0.00606	0.08303	0.00864	0.04408	0.00484	0.00702	0.00833	0.01079	0.02071	0.67030	0.02437	0.07142	0.00647	0.00186	0.00317	0.01059	0.00362	0.00363
7	0.01223	0.60699	0.09435	0.00804	0.01182	0.03685	0.00803	0.01458	0.05465	0.10525	0.00809	0.00855	0.00655	0.00406	0.00319	0.00105	0.00468	0.00278	0.00240	0.00587
8	0.00983	0.00813	0.00981	0.09235	0.01243	0.03070	0.00629	0.01173	0.00907	0.07085	0.00815	0.00960	0.00654	0.00380	0.00417	0.00087	0.06181	0.00290	0.00263	0.63835
9	0.00981	0.00883	0.01239	0.01065	0.01095	0.01200	0.00884	0.01086	0.00703	0.06691	0.00699	0.01048	0.00647	0.00967	0.08896	0.00231	0.70598	0.00389	0.00216	0.00481

[dist]
# distance from previous block
# <min> <max>
0	1

[block]
# block no. 3 follows, 61 sequences, length 67
# corresponding to MSA columns:
# 95-161
name=unknown_D
#
# <colnr> <probs for GDERKNQSTAVLIFYWHMCP>
#	G	D	E	R	K	N	Q	S	T	A	V	L	I	F	Y	W	H	M	C	P
0	0.01152	0.85121	0.02257	0.00737	0.01106	0.01704	0.00737	0.01290	0.00875	0.01013	0.00599	0.00691	0.00553	0.00369	0.00276	0.00092	0.00461	0.00230	0.00184	0.00553
1	0.00971	0.00763	0.00901	0.00648	0.01027	0.00579	0.00520	0.01161	0.00919	0.07474	0.00836	0.00936	0.00670	0.00335	0.00328	0.00069	0.00323	0.00269	0.00276	0.80998
2	0.01388	0.01788	0.07251	0.01109	0.04924	0.60638	0.00853	0.01578	0.03630	0.01187	0.09099	0.01143	0.02593	0.00501	0.00408	0.00118	0.00671	0.00356	0.00255	0.00511
3	0.00523	0.00382	0.00493	0.00582	0.00620	0.00351	0.00392	0.00602	0.00842	0.01107	0.02595	0.75654	0.11633	0.01321	0.00545	0.00172	0.00246	0.01190	0.00400	0.00351
4	0.01623	0.01238	0.01289	0.02318	0.01362	0.05017	0.00825	0.75905	0.01970	0.02614	0.01013	0.01024	0.00722	0.00512	0.00429	0.00129	0.00489	0.00383	0.00418	0.00718
5	0.00871	0.00834	0.01453	0.50513	0.22102	0.00939	0.08121	0.01141	0.00901	0.01200	0.00907	0.07420	0.00779	0.00483	0.00445	0.00142	0.00548	0.00458	0.00215	0.00528
6	0.00537	0.00385	0.00513	0.00610	0.00644	0.00361	0.00420	0.00622	0.00841	0.01115	0.02417	0.76578	0.04821	0.01331	0.00552	0.00176	0.00260	0.07061	0.00400	0.00354
7	0.01921	0.00752	0.01011	0.00775	0.01109	0.00661	0.00640	0.05183	0.01264	0.79345	0.01673	0.01449	0.01053	0.00533	0.00433	0.00133	0.00371	0.00431	0.00529	0.00733
8	0.01235	0.01268	0.01049	0.00948	0.01184	0.26038	0.00728	0.02116	0.57003	0.01574	0.01422	0.01355	0.01084	0.00542	0.00423	0.00135	0.00474	0.00423	0.00372	0.00626
9	0.01139	0.01064	0.01445	0.03011	0.27832	0.07951	0.10363	0.05734	0.25439	0.04344	0.01194	0.03827	0.00961	0.00507	0.00463	0.00138	0.02186	0.01451	0.00312	0.00638
10	0.00696	0.00509	0.00685	0.00770	0.00868	0.00516	0.00648	0.00952	0.06987	0.01298	0.02256	0.16953	0.02449	0.01169	0.00576	0.00191	0.00370	0.61296	0.00400	0.00411
11	0.00626	0.00418	0.00470	0.00470	0.00470	0.00418	0.00261	0.00626	0.00626	0.00835	0.01357	0.02819	0.01566	0.84862	0.02192	0.00418	0.00418	0.00626	0.00261	0.00261
12	0.01033	0.01361	0.18221	0.08184	0.14380	0.04366	0.39250	0.05326	0.01036	0.01413	0.00834	0.01074	0.00630	0.00392	0.00461	0.00139	0.00653	0.00426	0.00219	0.00604
13	0.01052	0.01009	0.01723	0.07195	0.77734	0.01020	0.01315	0.01310	0.00974	0.01390	0.00808	0.01071	0.00676	0.00386	0.00427	0.00129	0.00515	0.00384	0.00212	0.00671
14	0.01020	0.00870	0.00913	0.00826	0.01057	0.00994	0.00641	0.02117	0.72463	0.01747	0.01936	0.01797	0.07349	0.00619	0.00439	0.00144	0.00327	0.00516	0.03576	0.00648
15	0.27021	0.01324	0.09747	0.00889	0.01213	0.18096	0.00777	0.22270	0.02880	0.10628	0.00888	0.00927	0.00645	0.00459	0.00372	0.00128	0.00498	0.00319	0.00324	0.00594
16	0.01028	0.35330	0.40647	0.01000	0.01481	0.04990	0.01147	0.01420	0.06937	0.01242	0.00772	0.00868	0.00607	0.00408	0.00357	0.00118	0.00550	0.00294	0.00204	0.00600
17	0.00612	0.00457	0.00680	0.00684	0.00757	0.00529	0.00527	0.00760	0.00696	0.01000	0.01203	0.04717	0.01152	0.05027	0.78317	0.00667	0.01104	0.00493	0.00238	0.00381
18	0.00528	0.00393	0.00492	0.00560	0.00617	0.00357	0.00385	0.00620	0.00889	0.01161	0.08767	0.60926	0.20221	0.01258	0.00538	0.00166	0.00239	0.01122	0.00405	0.00357
19	0.00936	0.00842	0.01381	0.01101	0.01345	0.00858	0.27096	0.11737	0.11179	0.01528	0.07425	0.13092	0.02719	0.03366	0.07934	0.01315	0.01592	0.03699	0.00329	0.00525
20	0.46339	0.02081	0.14659	0.00848	0.02075	0.07729	0.00782	0.03136	0.00846	0.04807	0.00685	0.00818	0.00534	0.00464	0.00479	0.00139	0.12525	0.00285	0.00250	0.00519
21	0.00886	0.08435	0.76611	0.01191	0.01808	0.01053	0.01528	0.01359	0.00907	0.01338	0.00760	0.00893	0.00546	0.00406	0.00399	0.00133	0.00623	0.00312	0.00182	0.00630
22	0.00555	0.00401	0.00532	0.00626	0.00672	0.00378	0.00450	0.00655	0.00864	0.01138	0.02468	0.65342	0.07218	0.01306	0.00556	0.00178	0.00275	0.15627	0.00399	0.00359
23	0.03473	0.01151	0.07171	0.00936	0.01226	0.10894	0.02829	0.10385	0.41007	0.10549	0.04053	0.01427	0.01139	0.00547	0.00430	0.00138	0.00438	0.01166	0.00393	0.00648
24	0.03468	0.00834	0.00983	0.00803	0.01081	0.00846	0.00645	0.22485	0.13196	0.34860	0.02719	0.10413	0.04406	0.00648	0.00446	0.00139	0.00370	0.00533	0.00466	0.00659
25	0.12446	0.00894	0.00927	0.00805	0.01074	0.00988	0.00633	0.03735	0.56602	0.03826	0.01457	0.01379	0.01097	0.00523	0.00400	0.00133	0.00341	0.00420	0.00394	0.11927
26	0.03525	0.00890	0.04675	0.01193	0.01415	0.00886	0.30220	0.01096	0.00905	0.03345	0.04365	0.17419	0.03640	0.00740	0.00694	0.00162	0.17536	0.06520	0.00283	0.00491
27	0.01223	0.29699	0.34571	0.00954	0.01423	0.01174	0.01065	0.05074	0.01017	0.18599	0.00924	0.00960	0.00667	0.00427	0.00371	0.00121	0.00513	0.00316	0.00269	0.00633
28	0.01146	0.63235	0.03378	0.00840	0.01140	0.07725	0.00793	0.01280	0.00865	0.01026	0.00601	0.00744	0.00555	0.00440	0.00480	0.00111	0.14657	0.00260	0.00188	0.00536
29	0.00615	0.00462	0.00692	0.00692	0.00769	0.00538	0.00538	0.00769	0.00692	0.01000	0.01154	0.01692	0.01077	0.03231	0.83154	0.00692	0.01154	0.00462	0.00231	0.00385
30	0.01008	0.03192	0.05164	0.26348	0.35534	0.06872	0.03940	0.03038	0.02522	0.01314	0.02211	0.01294	0.00791	0.00458	0.00433	0.00136	0.00546	0.04390	0.00228	0.00582
31	0.00543	0.00395	0.00513	0.00594	0.00635	0.00371	0.00403	0.00654	0.02649	0.01165	0.08409	0.73020	0.06474	0.01286	0.00542	0.00170	0.00247	0.01161	0.00406	0.00362
32	0.00526	0.00379	0.00499	0.00592	0.00624	0.00352	0.00397	0.00606	0.00841	0.01118	0.04482	0.79470	0.05864	0.01328	0.00547	0.00173	0.00248	0.01201	0.00402	0.00352
33	0.00864	0.02228	0.82630	0.01228	0.01864	0.01000	0.01592	0.01364	0.00909	0.01364	0.00773	0.00909	0.00546	0.00409	0.00409	0.00136	0.00637	0.00318	0.00182	0.00637
34	0.01242	0.04090	0.19185	0.14955	0.06355	0.18004	0.07022	0.05890	0.05251	0.12491	0.00946	0.01062	0.00690	0.00446	0.00419	0.00131	0.00588	0.00364	0.00272	0.00599
35	0.00628	0.00461	0.00610	0.00693	0.00784	0.00443	0.00571	0.00785	0.00955	0.01229	0.02653	0.21261	0.16032	0.01206	0.00571	0.00185	0.00336	0.49818	0.00398	0.00381
36	0.01609	0.02053	0.01221	0.01110	0.01332	0.83132	0.00832	0.01720	0.01221	0.01054	0.00666	0.00777	0.00555	0.00444	0.00388	0.00111	0.00777	0.00277	0.00222	0.00499
37	0.00991	0.01012	0.01496	0.34011	0.31398	0.10040	0.07195	0.01242	0.00961	0.01231	0.00959	0.02520	0.04165	0.00453	0.00436	0.00135	0.00565	0.00417	0.00217	0.00556
38	0.01379	0.00951	0.16474	0.00817	0.01140	0.00662	0.00766	0.01645	0.04537	0.45131	0.08279	0.13475	0.01483	0.00658	0.00452	0.00141	0.00387	0.00556	0.00438	0.00630
39	0.01094	0.00791	0.00880	0.00791	0.01013	0.00869	0.00623	0.01946	0.52893	0.11907	0.09051	0.01941	0.01592	0.00637	0.00444	0.00143	0.00325	0.05483	0.06952	0.00624
40	0.00643	0.00593	0.06663	0.00561	0.00744	0.00444	0.00485	0.00803	0.01016	0.05669	0.11949	0.03732	0.55105	0.00997	0.00506	0.00148	0.00274	0.08854	0.00398	0.00412
41	0.11290	0.00899	0.03899	0.00838	0.01125	0.00907	0.03794	0.05319	0.36429	0.22427	0.03500	0.01558	0.04989	0.00563	0.00424	0.00140	0.00369	0.00461	0.00424	0.00645
42	0.01066	0.01023	0.01748	0.02644	0.82174	0.01023	0.01322	0.01322	0.00981	0.01407	0.00810	0.01066	0.00682	0.00384	0.00426	0.00128	0.00512	0.00384	0.00213	0.00682
43	0.00623	0.00456	0.00667	0.00665	0.00742	0.00521	0.00513	0.00778	0.00733	0.01068	0.06279	0.01813	0.01279	0.05027	0.72309	0.00625	0.01034	0.00483	0.04000	0.00384
44	0.01588	0.01024	0.01198	0.00995	0.04595	0.02852	0.02798	0.36211	0.15517	0.26593	0.01339	0.01264	0.00927	0.00523	0.00434	0.00133	0.00433	0.00419	0.00444	0.00713
45	0.01114	0.60371	0.21125	0.00871	0.01299	0.03422	0.00944	0.04433	0.00936	0.01164	0.00659	0.00758	0.00558	0.00386	0.00316	0.00104	0.00510	0.00258	0.00194	0.00578
46	0.00626	0.00448	0.00620	0.00716	0.00785	0.00442	0.00576	0.00776	0.00916	0.01205	0.02272	0.35153	0.02565	0.01331	0.03815	0.00209	0.00370	0.46404	0.00391	0.00378
47	0.00975	0.00941	0.01606	0.29333	0.43690	0.01019	0.07023	0.01284	0.04400	0.01307	0.00832	0.01119	0.00667	0.00420	0.00470	0.00137	0.03564	0.00397	0.00215	0.00600
48	0.01107	0.01191	0.01882	0.02849	0.01786	0.11446	0.44336	0.06138	0.13387	0.01448	0.01118	0.01287	0.04173	0.00470	0.00528	0.00143	0.05388	0.00476	0.00270	0.00578
49	0.00552	0.00443	0.00498	0.00522	0.00640	0.00395	0.00393	0.00697	0.02846	0.01222	0.09422	0.18584	0.51678	0.01121	0.00524	0.00156	0.00245	0.09282	0.00406	0.00375
50	0.01649	0.00915	0.01081	0.00852	0.01167	0.00935	0.00696	0.29465	0.13567	0.39409	0.04608	0.01405	0.01104	0.00549	0.00436	0.00134	0.00394	0.00439	0.00481	0.00712
51	0.07073	0.01210	0.22179	0.00959	0.02990	0.02201	0.05173	0.17288	0.06509	0.06521	0.14348	0.01658	0.07862	0.00579	0.00435	0.00135	0.00443	0.00479	0.01371	0.00586
52	0.02362	0.05102	0.01300	0.01139	0.04253	0.62407	0.02588	0.11370	0.01283	0.01290	0.00755	0.00918	0.00627	0.00463	0.00397	0.00116	0.00703	0.02139	0.00250	0.00536
53	0.00548	0.00415	0.00506	0.00532	0.00618	0.00373	0.00380	0.00676	0.01002	0.01326	0.29254	0.33757	0.26812	0.01118	0.00524	0.00153	0.00225	0.00983	0.00424	0.00373
54	0.09917	0.01129	0.02399	0.00972	0.04344	0.14692	0.02751	0.24981	0.07267	0.13693	0.04568	0.07413	0.01057	0.00573	0.00443	0.00134	0.02239	0.00449	0.00372	0.00609
55	0.02259	0.01015	0.01519	0.06945	0.31490	0.08885	0.13993	0.01395	0.02057	0.12092	0.07725	0.02405	0.02939	0.00492	0.00473	0.00134	0.02842	0.00455	0.00287	0.00599
56	0.01457	0.01172	0.01275	0.01097	0.06418	0.07926	0.03938	0.45423	0.17784	0.05839	0.02524	0.01192	0.00900	0.00517	0.00433	0.00132	0.00475	0.00412	0.00398	0.00689
57	0.00790	0.00652	0.00710	0.00727	0.00849	0.05791	0.00560	0.06970	0.11467	0.01379	0.04519	0.32906	0.09829	0.01054	0.00522	0.00165	0.00343	0.19926	0.00397	0.00445
58	0.02314	0.13844	0.06864	0.00950	0.01255	0.11972	0.11119	0.10520	0.04714	0.11198	0.07589	0.02657	0.08145	0.00570	0.00426	0.00129	0.00483	0.02863	0.01825	0.00564
59	0.01033	0.13824	0.45839	0.01155	0.01660	0.01107	0.10774	0.09302	0.01923	0.04636	0.01899	0.03335	0.00716	0.00448	0.00411	0.00131	0.00576	0.00373	0.00238	0.00621
60	0.00591	0.00445	0.00632	0.00666	0.00730	0.00433	0.04039	0.02710	0.00855	0.01153	0.02173	0.63845	0.05305	0.01493	0.10851	0.00235	0.00388	0.01049	0.02030	0.00376
61	0.01513	0.04798	0.01381	0.01274	0.09970	0.57066	0.04320	0.12120	0.01280	0.01324	0.00736	0.00855	0.00596	0.00441	0.00399	0.00116	0.00695	0.00312	0.00247	0.00555
62	0.02781	0.16146	0.36415	0.04820	0.01651	0.02326	0.13945	0.02649	0.03860	0.01337	0.03885	0.04569	0.02820	0.00477	0.00413	0.00132	0.00558	0.00410	0.00229	0.00577
63	0.00988	0.00921	0.01548	0.05992	0.65173	0.00929	0.01204	0.01232	0.00972	0.01368	0.01054	0.04131	0.00985	0.00524	0.00453	0.00140	0.00491	0.11028	0.00243	0.00625
64	0.00630	0.00452	0.00629	0.00629	0.00688	0.00508	0.00464	0.00750	0.00692	0.01000	0.01235	0.03824	0.01222	0.21253	0.57522	0.00580	0.01864	0.00511	0.05188	0.00358
65	0.03721	0.05975	0.23851	0.02558	0.24034	0.09536	0.10650	0.02657	0.00980	0.04007	0.00865	0.02174	0.00713	0.04235	0.00507	0.00144	0.01329	0.01242	0.00226	0.00597
66	0.01305	0.03793	0.07033	0.01414	0.16216	0.07989	0.14926	0.22849	0.06713	0.08811	0.01097	0.01222	0.02420	0.00476	0.00439	0.00133	0.00536	0.01661	0.00320	0.00649

[dist]
# distance from previous block
# <min> <max>
0	1

[block]
# block no. 4 follows, 61 sequences, length 27
# corresponding to MSA columns:
# 163-189
name=unknown_E
#
# <colnr> <probs for GDERKNQSTAVLIFYWHMCP>
#	G	D	E	R	K	N	Q	S	T	A	V	L	I	F	Y	W	H	M	C	P
0	0.00538	0.00413	0.00495	0.00548	0.00624	0.00376	0.00383	0.00661	0.02912	0.01177	0.07939	0.50594	0.29347	0.01215	0.00531	0.00162	0.00239	0.01073	0.00405	0.00366
1	0.01027	0.00991	0.05896	0.07956	0.20545	0.00938	0.20874	0.01489	0.16363	0.07275	0.04651	0.04362	0.03229	0.00520	0.00462	0.00141	0.00502	0.01870	0.00303	0.00606
2	0.00820	0.00703	0.00806	0.00599	0.00937	0.00534	0.00475	0.00996	0.00910	0.01358	0.01453	0.01515	0.16182	0.00466	0.00355	0.00079	0.00300	0.00380	0.00283	0.70849
3	0.00570	0.00412	0.00531	0.00571	0.00619	0.00405	0.00393	0.00661	0.00815	0.01096	0.09650	0.37195	0.09679	0.18861	0.15014	0.00308	0.00434	0.02090	0.00349	0.00345
4	0.00536	0.00399	0.00502	0.00579	0.00638	0.00365	0.00408	0.00629	0.00874	0.01130	0.02815	0.59658	0.20690	0.01278	0.00544	0.00170	0.00255	0.07771	0.00400	0.00357
5	0.01171	0.19705	0.16871	0.01228	0.03459	0.21486	0.20055	0.04861	0.01051	0.01264	0.00815	0.04580	0.00688	0.00443	0.00407	0.00124	0.00628	0.00379	0.00222	0.00564
6	0.01033	0.01145	0.01855	0.02951	0.04847	0.14076	0.46270	0.01276	0.00963	0.01212	0.00920	0.01408	0.00810	0.16530	0.00826	0.00192	0.02470	0.00484	0.00225	0.00506
7	0.00515	0.00425	0.00452	0.00470	0.00592	0.00362	0.00343	0.00620	0.00958	0.01166	0.05977	0.19488	0.64875	0.01135	0.00517	0.00151	0.00224	0.00966	0.00402	0.00362
8	0.01233	0.60971	0.08703	0.00844	0.01208	0.15879	0.00821	0.01397	0.00950	0.03673	0.00660	0.00749	0.00569	0.00390	0.00312	0.00100	0.00528	0.00252	0.00202	0.00556
9	0.00921	0.18685	0.17008	0.01212	0.06088	0.01033	0.25332	0.01173	0.00881	0.01184	0.00958	0.05355	0.00894	0.16565	0.00760	0.00185	0.00560	0.00465	0.00221	0.00519
10	0.00516	0.00437	0.00448	0.00454	0.00595	0.00368	0.00343	0.00628	0.00979	0.01167	0.04241	0.05949	0.77232	0.01100	0.00513	0.00148	0.00226	0.03892	0.00400	0.00365
11	0.01163	0.26932	0.31012	0.01032	0.01445	0.16951	0.01084	0.08120	0.01038	0.01294	0.00710	0.00831	0.00567	0.00434	0.00429	0.00121	0.05750	0.00294	0.00212	0.00583
12	0.01100	0.35641	0.03040	0.00763	0.03786	0.01029	0.00642	0.03364	0.00985	0.16150	0.03027	0.17314	0.10163	0.00681	0.00399	0.00125	0.00377	0.00554	0.00326	0.00535
13	0.01257	0.01136	0.06304	0.04188	0.01429	0.02454	0.08825	0.32037	0.31277	0.02028	0.01290	0.01367	0.00973	0.00536	0.00444	0.00140	0.00466	0.02797	0.00383	0.00669
14	0.00645	0.00446	0.00582	0.00551	0.00656	0.00410	0.00412	0.00838	0.01191	0.04279	0.73120	0.08203	0.05227	0.00902	0.00508	0.00138	0.00212	0.00798	0.00470	0.00413
15	0.01349	0.10835	0.01227	0.00896	0.01175	0.09210	0.00736	0.33933	0.15876	0.06418	0.04046	0.04749	0.01135	0.00597	0.00429	0.00133	0.00449	0.05790	0.00387	0.00630
16	0.01109	0.00990	0.01606	0.04557	0.52754	0.01012	0.07653	0.01553	0.16359	0.06478	0.01049	0.01205	0.00821	0.00431	0.00436	0.00134	0.00490	0.00417	0.00276	0.00671
17	0.00536	0.00394	0.00482	0.00548	0.00594	0.00362	0.00366	0.00607	0.00830	0.01076	0.02648	0.56509	0.19173	0.12839	0.00768	0.00202	0.00266	0.01076	0.00381	0.00340
18	0.00819	0.01882	0.66933	0.01083	0.01598	0.00889	0.01337	0.01223	0.00855	0.01263	0.00885	0.01274	0.00741	0.16544	0.00750	0.00190	0.00595	0.00377	0.00197	0.00565
19	0.04588	0.01057	0.06855	0.01233	0.03712	0.00954	0.29388	0.16633	0.01253	0.19695	0.07131	0.01395	0.03048	0.00492	0.00459	0.00137	0.00520	0.00473	0.00351	0.00627
20	0.01526	0.00849	0.00898	0.00742	0.01011	0.11345	0.00592	0.01741	0.06123	0.48542	0.02067	0.01902	0.16478	0.00630	0.00438	0.00132	0.00384	0.00506	0.03475	0.00617
21	0.01717	0.00670	0.00885	0.00697	0.00985	0.00589	0.00570	0.01890	0.01170	0.67023	0.01643	0.01493	0.01074	0.00527	0.00408	0.00127	0.00335	0.00427	0.17101	0.00670
22	0.00670	0.00515	0.00709	0.00660	0.00788	0.00534	0.00506	0.00816	0.00724	0.01061	0.01099	0.01649	0.01041	0.10624	0.59445	0.00545	0.00923	0.00438	0.00238	0.17015
23	0.01107	0.01174	0.01615	0.20946	0.41191	0.16701	0.08463	0.01352	0.01002	0.01267	0.00778	0.01039	0.00630	0.00404	0.00428	0.00130	0.00596	0.00375	0.00210	0.00591
24	0.00522	0.00387	0.00488	0.00569	0.00617	0.00353	0.00386	0.00603	0.00855	0.01112	0.02754	0.69214	0.17970	0.01300	0.00542	0.00169	0.00244	0.01164	0.00400	0.00353
25	0.01311	0.53810	0.04521	0.00801	0.01160	0.01444	0.00759	0.16548	0.01138	0.11120	0.00871	0.03261	0.00714	0.00446	0.00337	0.00108	0.00452	0.00316	0.00279	0.00606
26	0.01547	0.00923	0.00997	0.00798	0.01090	0.07315	0.00646	0.25385	0.01422	0.36568	0.01927	0.01794	0.16388	0.00628	0.00443	0.00133	0.00403	0.00498	0.00452	0.00644

[dist]
# distance from previous block
# <min> <max>
0	1

[block]
# block no. 5 follows, 61 sequences, length 14
# corresponding to MSA columns:
# 191-204
name=unknown_F
#
# <colnr> <probs for GDERKNQSTAVLIFYWHMCP>
#	G	D	E	R	K	N	Q	S	T	A	V	L	I	F	Y	W	H	M	C	P
0	0.01409	0.01072	0.01148	0.00935	0.01237	0.01200	0.00755	0.44944	0.35506	0.05043	0.01360	0.01291	0.00990	0.00546	0.00434	0.00137	0.00414	0.00431	0.00438	0.00711
1	0.01049	0.01085	0.01524	0.05895	0.49635	0.12601	0.06849	0.01273	0.01012	0.01306	0.01294	0.01470	0.12133	0.00493	0.00439	0.00130	0.00526	0.00452	0.00240	0.00594
2	0.00972	0.00841	0.01521	0.41053	0.06170	0.00904	0.21747	0.01235	0.00920	0.09437	0.00954	0.01361	0.00757	0.09537	0.00641	0.00172	0.00573	0.00447	0.00242	0.00518
3	0.00522	0.00384	0.00490	0.00575	0.00618	0.00352	0.00389	0.00603	0.00849	0.01109	0.02677	0.72355	0.14879	0.01310	0.00544	0.00170	0.00245	0.01177	0.00400	0.00352
4	0.00844	0.01699	0.54510	0.05208	0.12454	0.00902	0.01327	0.01224	0.00881	0.01286	0.00930	0.05802	0.00804	0.09577	0.00613	0.00168	0.00572	0.00414	0.00207	0.00579
5	0.06360	0.00998	0.01057	0.01003	0.09841	0.14379	0.00716	0.05605	0.06988	0.38573	0.01588	0.01502	0.08367	0.00549	0.00423	0.00131	0.00438	0.00437	0.00408	0.00636
6	0.00939	0.00873	0.01406	0.31204	0.38543	0.00955	0.01133	0.01306	0.09640	0.01367	0.07525	0.01330	0.00988	0.00463	0.00436	0.00136	0.00490	0.00427	0.00251	0.00587
7	0.00642	0.00466	0.00562	0.00544	0.00568	0.00492	0.00353	0.00689	0.00728	0.00992	0.11603	0.04176	0.05771	0.58071	0.05500	0.00358	0.07246	0.00642	0.00290	0.00309
8	0.01006	0.00964	0.01444	0.02008	0.55426	0.04891	0.01069	0.01266	0.03807	0.01357	0.01058	0.01275	0.05249	0.00659	0.07177	0.00168	0.00534	0.00404	0.00238	0.10004
9	0.01256	0.18902	0.22986	0.00988	0.01364	0.19151	0.00976	0.14505	0.03119	0.04734	0.00880	0.01026	0.00693	0.00464	0.00395	0.00121	0.01593	0.02342	0.03912	0.00592
10	0.00635	0.00535	0.00570	0.00623	0.00691	0.07132	0.00441	0.00735	0.00920	0.01170	0.10530	0.51625	0.12386	0.04143	0.00588	0.00172	0.00300	0.06047	0.00388	0.00369
11	0.00806	0.05330	0.36577	0.01110	0.04612	0.00842	0.10453	0.01151	0.02839	0.01319	0.07781	0.18410	0.01371	0.00777	0.04539	0.00171	0.00537	0.00575	0.00265	0.00539
12	0.05936	0.10260	0.07418	0.04247	0.30822	0.02057	0.10996	0.07808	0.01041	0.04695	0.00895	0.01076	0.00702	0.00414	0.00397	0.00125	0.00495	0.00372	0.09638	0.00607
13	0.00972	0.08551	0.05809	0.21299	0.26716	0.00970	0.09636	0.02320	0.00970	0.05281	0.01320	0.01496	0.11821	0.00499	0.00434	0.00133	0.00504	0.00454	0.00249	0.00568

[dist]
# distance from previous block
# <min> <max>
0	30

# created by:
# /st0/software/busco_prod/Augustus/scripts/msa2prfl.pl ./align_prep/147189.fa
