[name]
unknown

[dist]
# distance from previous block
# <min> <max>
0	54

[block]
# block no. 0 follows, 60 sequences, length 41
# corresponding to MSA columns:
# 59-99
name=unknown_A
#
# <colnr> <probs for GDERKNQSTAVLIFYWHMCP>
#	G	D	E	R	K	N	Q	S	T	A	V	L	I	F	Y	W	H	M	C	P
0	0.00703	0.00502	0.00703	0.00803	0.00904	0.00502	0.00703	0.00904	0.01004	0.01305	0.02309	0.04920	0.02510	0.01205	0.00602	0.00201	0.00402	0.79016	0.00402	0.00402
1	0.00903	0.02061	0.68019	0.01350	0.01958	0.01029	0.15810	0.01384	0.00940	0.01384	0.00801	0.00967	0.00572	0.00406	0.00432	0.00140	0.00661	0.00357	0.00191	0.00634
2	0.01609	0.05640	0.01281	0.01107	0.01338	0.79431	0.00839	0.01723	0.01221	0.01066	0.00671	0.00783	0.00562	0.00446	0.00388	0.00112	0.00773	0.00279	0.00223	0.00508
3	0.01157	0.82487	0.04658	0.00761	0.01142	0.01705	0.00772	0.01308	0.00887	0.01037	0.00612	0.00706	0.00559	0.00374	0.00284	0.00095	0.00472	0.00236	0.00186	0.00562
4	0.05432	0.00895	0.01109	0.00876	0.01188	0.07853	0.06421	0.04617	0.03411	0.56267	0.01539	0.06141	0.01078	0.00562	0.00440	0.00137	0.00428	0.00468	0.00464	0.00675
5	0.81051	0.00853	0.00718	0.02466	0.05423	0.00981	0.00537	0.01282	0.00759	0.01909	0.00623	0.00739	0.00487	0.00405	0.00283	0.00135	0.00353	0.00248	0.00265	0.00485
6	0.00939	0.06678	0.63747	0.01150	0.01700	0.05715	0.01397	0.02668	0.04335	0.01396	0.04329	0.02359	0.00780	0.00459	0.00414	0.00135	0.00602	0.00358	0.00218	0.00621
7	0.00741	0.00585	0.00586	0.00579	0.00631	0.06977	0.00376	0.02911	0.03162	0.01083	0.07214	0.15010	0.03110	0.48996	0.02807	0.00313	0.00410	0.00693	0.03474	0.00341
8	0.00617	0.00446	0.00583	0.00549	0.00652	0.00412	0.00412	0.00823	0.01235	0.01749	0.81722	0.03258	0.04115	0.00892	0.00514	0.00137	0.00206	0.00789	0.00480	0.00412
9	0.01166	0.84935	0.02285	0.00746	0.01119	0.01726	0.00746	0.01306	0.00886	0.01026	0.00606	0.00700	0.00560	0.00373	0.00280	0.00093	0.00466	0.00233	0.00187	0.00560
10	0.00531	0.00380	0.00506	0.00607	0.00633	0.00354	0.00405	0.00607	0.00835	0.01113	0.02404	0.84388	0.02885	0.01366	0.00557	0.00177	0.00253	0.01240	0.00405	0.00354
11	0.00623	0.00467	0.00701	0.00701	0.00779	0.00545	0.00545	0.00779	0.00701	0.01012	0.01168	0.01713	0.01090	0.03271	0.82944	0.00701	0.01168	0.00467	0.00234	0.00389
12	0.00728	0.00431	0.00478	0.04027	0.00649	0.00421	0.00363	0.00888	0.00931	0.01454	0.08358	0.02283	0.19158	0.00738	0.00472	0.06212	0.00236	0.00548	0.51238	0.00387
13	0.00904	0.00775	0.00904	0.00646	0.01034	0.00581	0.00517	0.01098	0.00904	0.01421	0.00775	0.00904	0.00646	0.00323	0.00323	0.00065	0.00323	0.00258	0.00258	0.87339
14	0.00824	0.00775	0.01308	0.83624	0.03004	0.00969	0.01211	0.01114	0.00872	0.01114	0.00775	0.01163	0.00581	0.00436	0.00436	0.00145	0.00581	0.00388	0.00194	0.00484
15	0.01052	0.01003	0.01707	0.06942	0.74793	0.01013	0.01309	0.01311	0.00987	0.01404	0.00872	0.01223	0.00751	0.00421	0.00438	0.00133	0.00517	0.03234	0.00221	0.00669
16	0.00813	0.00407	0.00407	0.00407	0.00508	0.00407	0.00305	0.01016	0.00915	0.01626	0.01423	0.01626	0.01118	0.00508	0.00305	0.00102	0.00203	0.00407	0.87093	0.00407
17	0.01637	0.01211	0.01297	0.00999	0.01345	0.01343	0.00824	0.77668	0.04913	0.02715	0.01073	0.01068	0.00763	0.00526	0.00437	0.00132	0.00475	0.00396	0.00437	0.00740
18	0.01868	0.00861	0.01083	0.00833	0.01171	0.00820	0.00687	0.20849	0.03041	0.61653	0.01561	0.01383	0.01004	0.00537	0.00438	0.00134	0.00397	0.00429	0.00513	0.00741
19	0.01658	0.01222	0.01309	0.01003	0.01353	0.01353	0.00829	0.80497	0.02051	0.02749	0.01047	0.01047	0.00742	0.00524	0.00436	0.00131	0.00480	0.00393	0.00436	0.00742
20	0.01629	0.02079	0.01236	0.01124	0.01348	0.82921	0.00843	0.01742	0.01236	0.01067	0.00674	0.00787	0.00562	0.00449	0.00393	0.00112	0.00787	0.00281	0.00225	0.00506
21	0.00830	0.00787	0.01345	0.81263	0.02983	0.00973	0.03497	0.01123	0.00877	0.01123	0.00778	0.01163	0.00584	0.00434	0.00438	0.00145	0.00586	0.00391	0.00195	0.00487
22	0.00517	0.00434	0.00450	0.00462	0.00594	0.00366	0.00340	0.00624	0.00974	0.01170	0.04168	0.14146	0.71987	0.01137	0.00521	0.00151	0.00225	0.00960	0.00405	0.00366
23	0.00520	0.00442	0.00448	0.00446	0.00592	0.00370	0.00335	0.00634	0.01004	0.01203	0.07741	0.04157	0.78437	0.01095	0.00515	0.00147	0.00220	0.00915	0.00408	0.00370
24	0.00977	0.00944	0.01315	0.01121	0.01141	0.01297	0.00934	0.01078	0.00689	0.03062	0.00607	0.00966	0.00587	0.00745	0.01375	0.00186	0.79382	0.00379	0.00201	0.03013
25	0.01957	0.00742	0.01012	0.00776	0.01113	0.00641	0.00641	0.02126	0.01248	0.82254	0.01721	0.01484	0.01080	0.00540	0.00439	0.00135	0.00371	0.00439	0.00540	0.00742
26	0.01079	0.01036	0.01770	0.02677	0.81952	0.01036	0.01339	0.01339	0.00993	0.01425	0.00820	0.01079	0.00691	0.00389	0.00432	0.00130	0.00518	0.00389	0.00216	0.00691
27	0.01166	0.84935	0.02285	0.00746	0.01119	0.01726	0.00746	0.01306	0.00886	0.01026	0.00606	0.00700	0.00560	0.00373	0.00280	0.00093	0.00466	0.00233	0.00187	0.00560
28	0.00944	0.00940	0.01317	0.01132	0.01134	0.01312	0.00942	0.01041	0.00669	0.01049	0.00590	0.00977	0.00588	0.00839	0.03875	0.00206	0.81394	0.00384	0.00192	0.00474
29	0.01957	0.00742	0.01012	0.00776	0.01113	0.00641	0.00641	0.02126	0.01248	0.82254	0.01721	0.01484	0.01080	0.00540	0.00439	0.00135	0.00371	0.00439	0.00540	0.00742
30	0.01658	0.01222	0.01309	0.01003	0.01353	0.01353	0.00829	0.80497	0.02051	0.02749	0.01047	0.01047	0.00742	0.00524	0.00436	0.00131	0.00480	0.00393	0.00436	0.00742
31	0.00539	0.00443	0.00474	0.00466	0.00603	0.00378	0.00350	0.00671	0.01049	0.01309	0.22166	0.03982	0.63945	0.01056	0.00515	0.00145	0.00217	0.00890	0.00422	0.00378
32	0.01029	0.01176	0.02574	0.01838	0.02279	0.01103	0.80368	0.01397	0.01029	0.01397	0.00882	0.01176	0.00662	0.00368	0.00515	0.00147	0.00735	0.00515	0.00221	0.00588
33	0.00531	0.00405	0.00490	0.00555	0.00626	0.00364	0.00388	0.00623	0.00896	0.01142	0.03105	0.53947	0.30443	0.01270	0.00544	0.00167	0.00246	0.03493	0.00405	0.00361
34	0.01409	0.01228	0.01114	0.00941	0.01195	0.23233	0.02078	0.20824	0.16364	0.11601	0.12382	0.01446	0.01309	0.00572	0.00460	0.00132	0.02266	0.00444	0.00390	0.00614
35	0.00527	0.00418	0.00467	0.00505	0.00600	0.00366	0.00356	0.00619	0.00918	0.01138	0.03522	0.34077	0.48522	0.05157	0.00612	0.00171	0.00242	0.01026	0.00398	0.00358
36	0.01588	0.00661	0.00894	0.00713	0.00986	0.00578	0.00578	0.01767	0.01245	0.60117	0.23718	0.01972	0.01914	0.00637	0.00459	0.00136	0.00326	0.00535	0.00523	0.00651
37	0.01106	0.67918	0.18777	0.00849	0.01278	0.01579	0.00924	0.01321	0.00893	0.01099	0.00643	0.00745	0.00558	0.00382	0.00308	0.00103	0.00503	0.00252	0.00186	0.00577
38	0.00607	0.00444	0.00570	0.00541	0.00646	0.00407	0.00405	0.00803	0.01207	0.01690	0.73850	0.04965	0.10397	0.00918	0.00515	0.00139	0.00208	0.00809	0.00472	0.00407
39	0.01186	0.78809	0.02210	0.00774	0.01132	0.06052	0.00756	0.01324	0.00900	0.01029	0.00609	0.00709	0.00560	0.00385	0.00309	0.00096	0.02175	0.00239	0.00189	0.00555
40	0.00929	0.00838	0.03378	0.00718	0.02791	0.00626	0.00576	0.03424	0.00940	0.01459	0.00784	0.00913	0.00647	0.00333	0.00331	0.00070	0.00341	0.00267	0.00260	0.80373

[dist]
# distance from previous block
# <min> <max>
0	1

[block]
# block no. 1 follows, 60 sequences, length 20
# corresponding to MSA columns:
# 101-120
name=unknown_B
#
# <colnr> <probs for GDERKNQSTAVLIFYWHMCP>
#	G	D	E	R	K	N	Q	S	T	A	V	L	I	F	Y	W	H	M	C	P
0	0.01099	0.00983	0.03238	0.00901	0.01162	0.01092	0.00720	0.04994	0.76221	0.01844	0.01723	0.01588	0.01290	0.00584	0.00443	0.00147	0.00358	0.00485	0.00436	0.00691
1	0.87753	0.00843	0.00641	0.00574	0.00843	0.00978	0.00472	0.01282	0.00742	0.01957	0.00607	0.00709	0.00472	0.00405	0.00270	0.00135	0.00337	0.00236	0.00270	0.00472
2	0.00822	0.00779	0.01325	0.78631	0.02913	0.00957	0.03763	0.01110	0.00881	0.01125	0.00881	0.01248	0.02859	0.00453	0.00441	0.00145	0.00576	0.00407	0.00201	0.00485
3	0.01124	0.00616	0.00869	0.00811	0.01011	0.00578	0.03963	0.01342	0.03310	0.27897	0.02210	0.03487	0.08269	0.00927	0.00534	0.00171	0.00389	0.41523	0.00441	0.00527
4	0.01100	0.00891	0.00947	0.00851	0.01086	0.02266	0.00660	0.03661	0.64748	0.06745	0.03712	0.06823	0.03266	0.00652	0.00453	0.00148	0.00345	0.00547	0.00444	0.00657
5	0.10037	0.57974	0.17442	0.00818	0.01225	0.01474	0.00874	0.01304	0.00888	0.01211	0.02956	0.00816	0.00651	0.00399	0.00311	0.00107	0.00480	0.00266	0.00203	0.00563
6	0.09019	0.01282	0.01132	0.03722	0.04879	0.25226	0.02127	0.08952	0.30822	0.06652	0.01188	0.01190	0.00895	0.00506	0.00413	0.00133	0.00511	0.00388	0.00347	0.00616
7	0.01148	0.00879	0.01090	0.00916	0.01122	0.00977	0.04490	0.28233	0.10165	0.06112	0.03325	0.17889	0.03059	0.00873	0.04498	0.00177	0.11958	0.00601	0.00380	0.02109
8	0.01070	0.01027	0.01754	0.05568	0.79132	0.01034	0.01334	0.01331	0.00989	0.01414	0.00819	0.01082	0.00687	0.00390	0.00432	0.00130	0.00520	0.00389	0.00215	0.00683
9	0.00799	0.00639	0.00766	0.00768	0.01994	0.01896	0.02013	0.08018	0.10085	0.01469	0.05363	0.03768	0.24553	0.01000	0.00535	0.00168	0.00358	0.34940	0.00405	0.00464
10	0.00617	0.00462	0.00689	0.00695	0.00770	0.00533	0.00536	0.00768	0.00709	0.01019	0.01246	0.06907	0.01203	0.03151	0.77768	0.00668	0.01111	0.00516	0.00244	0.00387
11	0.01491	0.00655	0.00870	0.00726	0.00975	0.00591	0.00575	0.01715	0.06196	0.53274	0.11785	0.15937	0.01782	0.00729	0.00469	0.00143	0.00329	0.00623	0.00503	0.00631
12	0.00524	0.00436	0.00458	0.00466	0.00598	0.00370	0.00344	0.00637	0.00994	0.01209	0.09341	0.12440	0.68450	0.01118	0.00520	0.00150	0.00223	0.00945	0.00410	0.00370
13	0.01080	0.00533	0.00586	0.00520	0.00683	0.00526	0.00407	0.07907	0.01068	0.15553	0.01442	0.01553	0.01080	0.00515	0.00339	0.00110	0.00255	0.00411	0.64939	0.00492
14	0.72978	0.01055	0.00743	0.00668	0.00930	0.15037	0.00536	0.01361	0.00827	0.01804	0.00619	0.00722	0.00488	0.00413	0.00291	0.00131	0.00414	0.00244	0.00262	0.00478
15	0.01581	0.02398	0.12988	0.00915	0.01286	0.00872	0.03025	0.09790	0.14979	0.45220	0.01485	0.01362	0.00992	0.00521	0.00435	0.00137	0.00429	0.00425	0.00447	0.00712
16	0.00533	0.00443	0.00466	0.00460	0.00600	0.00376	0.00345	0.00660	0.01035	0.01276	0.17680	0.04036	0.68451	0.01068	0.00515	0.00146	0.00218	0.00898	0.00418	0.00376
17	0.00788	0.00719	0.01184	0.69372	0.02600	0.00873	0.01074	0.01064	0.00934	0.01223	0.14662	0.01522	0.01188	0.00514	0.00449	0.00144	0.00517	0.00456	0.00243	0.00472
18	0.00771	0.00718	0.01160	0.69353	0.02590	0.00866	0.01060	0.01031	0.00893	0.01125	0.01400	0.01683	0.14511	0.00551	0.00450	0.00146	0.00520	0.00479	0.00230	0.00465
19	0.00688	0.00492	0.00682	0.00760	0.00860	0.00486	0.00653	0.00890	0.01044	0.01381	0.15933	0.04635	0.02785	0.01151	0.00587	0.00190	0.00368	0.65595	0.00415	0.00403

[dist]
# distance from previous block
# <min> <max>
0	6

[block]
# block no. 2 follows, 60 sequences, length 13
# corresponding to MSA columns:
# 127-139
name=unknown_C
#
# <colnr> <probs for GDERKNQSTAVLIFYWHMCP>
#	G	D	E	R	K	N	Q	S	T	A	V	L	I	F	Y	W	H	M	C	P
0	0.87753	0.00843	0.00641	0.00574	0.00843	0.00978	0.00472	0.01282	0.00742	0.01957	0.00607	0.00709	0.00472	0.00405	0.00270	0.00135	0.00337	0.00236	0.00270	0.00472
1	0.00757	0.01663	0.55599	0.00981	0.01463	0.00802	0.01193	0.01134	0.00945	0.01315	0.01972	0.01993	0.27121	0.00640	0.00447	0.00141	0.00506	0.00518	0.00256	0.00554
2	0.01470	0.01128	0.01203	0.00966	0.01281	0.01265	0.00784	0.54924	0.27929	0.02446	0.01285	0.01237	0.00935	0.00546	0.00439	0.00136	0.00436	0.00426	0.00439	0.00725
3	0.01071	0.57890	0.28496	0.00909	0.01371	0.01493	0.01029	0.01331	0.00898	0.01142	0.00664	0.00772	0.00557	0.00387	0.00324	0.00108	0.00525	0.00262	0.00186	0.00587
4	0.00987	0.57298	0.01729	0.00682	0.00966	0.01296	0.00637	0.01148	0.01000	0.01263	0.27140	0.01536	0.01723	0.00543	0.00357	0.00108	0.00381	0.00415	0.00283	0.00511
5	0.00859	0.00586	0.00711	0.00648	0.00716	0.00711	0.00517	0.01027	0.00834	0.01437	0.01145	0.01406	0.00939	0.00592	0.00673	0.00131	0.27572	0.00398	0.58667	0.00430
6	0.00551	0.00436	0.00496	0.00497	0.00615	0.00381	0.00367	0.00688	0.01053	0.01357	0.29458	0.13699	0.46722	0.01067	0.00520	0.00148	0.00220	0.00916	0.00430	0.00381
7	0.04271	0.09041	0.00936	0.00722	0.00922	0.02905	0.00574	0.01512	0.30781	0.04528	0.34674	0.02208	0.02367	0.00693	0.00452	0.00137	0.00312	0.01995	0.00424	0.00546
8	0.00900	0.09146	0.01414	0.48459	0.02210	0.01164	0.01081	0.01112	0.00807	0.01084	0.00692	0.01049	0.00576	0.00537	0.00746	0.00155	0.27816	0.00370	0.00192	0.00490
9	0.00637	0.00483	0.00564	0.00592	0.00689	0.00457	0.00423	0.08504	0.01007	0.01296	0.02929	0.49925	0.28478	0.01198	0.00531	0.00163	0.00265	0.01052	0.00408	0.00397
10	0.04469	0.00788	0.01081	0.27872	0.01717	0.00818	0.00816	0.01690	0.12444	0.33373	0.01285	0.01314	0.00888	0.00487	0.00421	0.00133	0.00430	0.00405	0.00375	0.09194
11	0.00900	0.00819	0.01366	0.11623	0.46044	0.00868	0.01064	0.01129	0.00883	0.01253	0.00929	0.01297	0.00809	0.01337	0.27423	0.00318	0.00738	0.00414	0.00219	0.00568
12	0.01076	0.03850	0.03746	0.12936	0.33803	0.08396	0.27115	0.01364	0.01006	0.01329	0.00814	0.01080	0.00648	0.00394	0.00451	0.00135	0.00623	0.00414	0.00214	0.00608

[dist]
# distance from previous block
# <min> <max>
0	1

[block]
# block no. 3 follows, 60 sequences, length 7
# corresponding to MSA columns:
# 141-147
name=unknown_D
#
# <colnr> <probs for GDERKNQSTAVLIFYWHMCP>
#	G	D	E	R	K	N	Q	S	T	A	V	L	I	F	Y	W	H	M	C	P
0	0.53698	0.03070	0.02860	0.00641	0.00922	0.03068	0.00541	0.03417	0.00915	0.15891	0.01256	0.01260	0.09905	0.00512	0.00339	0.00135	0.00357	0.00357	0.00331	0.00522
1	0.00559	0.00423	0.00490	0.00510	0.00592	0.00382	0.00353	0.00658	0.00933	0.01206	0.17307	0.24844	0.33004	0.15773	0.00825	0.00202	0.00262	0.00930	0.00394	0.00354
2	0.00728	0.00546	0.00633	0.00630	0.00748	0.00535	0.00460	0.14615	0.01106	0.01442	0.05839	0.45285	0.23507	0.01130	0.00523	0.00160	0.00282	0.00989	0.00413	0.00428
3	0.01204	0.04668	0.00935	0.00746	0.00994	0.00767	0.00590	0.06661	0.21056	0.24129	0.03649	0.16162	0.07305	0.00718	0.00450	0.00138	0.00336	0.00606	0.00433	0.08451
4	0.01020	0.00960	0.01550	0.19107	0.53081	0.01009	0.01204	0.01395	0.10147	0.01406	0.00919	0.01152	0.00740	0.00419	0.00430	0.00132	0.00503	0.00395	0.00239	0.04191
5	0.01396	0.11161	0.01275	0.04857	0.01319	0.47379	0.00797	0.01721	0.15149	0.04337	0.00934	0.01023	0.00749	0.00636	0.05293	0.00154	0.00670	0.00335	0.00270	0.00545
6	0.00642	0.00483	0.00595	0.00566	0.00667	0.00467	0.00405	0.00745	0.00793	0.01083	0.06577	0.02630	0.15563	0.30260	0.24123	0.00388	0.00571	0.02842	0.00296	0.10304

[dist]
# distance from previous block
# <min> <max>
0	109

# created by:
# /st0/software/busco_prod/Augustus/scripts/msa2prfl.pl ./align_prep/147143.fa
