[name]
unknown

[dist]
# distance from previous block
# <min> <max>
0	12

[block]
# block no. 0 follows, 61 sequences, length 127
# corresponding to MSA columns:
# 18-87,93-149
name=unknown_A
#
# <colnr> <probs for GDERKNQSTAVLIFYWHMCP>
#	G	D	E	R	K	N	Q	S	T	A	V	L	I	F	Y	W	H	M	C	P
0	0.00693	0.00494	0.00690	0.00787	0.00884	0.00494	0.00686	0.00887	0.00985	0.01281	0.02263	0.04820	0.02462	0.02772	0.00625	0.00202	0.00397	0.77788	0.00394	0.00394
1	0.01057	0.01014	0.01731	0.05661	0.79231	0.01021	0.01317	0.01314	0.00976	0.01396	0.00809	0.01069	0.00678	0.00386	0.00427	0.00129	0.00514	0.00384	0.00212	0.00675
2	0.00520	0.00435	0.00452	0.00451	0.00589	0.00368	0.00337	0.00637	0.01002	0.01219	0.12159	0.05927	0.72277	0.01076	0.00510	0.00145	0.00217	0.00903	0.00408	0.00368
3	0.87904	0.00833	0.00633	0.00566	0.00833	0.00966	0.00467	0.01266	0.00733	0.01933	0.00600	0.00700	0.00467	0.00400	0.00267	0.00133	0.00333	0.00233	0.00267	0.00467
4	0.00525	0.00375	0.00500	0.00600	0.00625	0.00350	0.00400	0.00600	0.00825	0.01100	0.02374	0.84580	0.02849	0.01350	0.00550	0.00175	0.00250	0.01225	0.00400	0.00350
5	0.00803	0.00401	0.00401	0.00401	0.00502	0.00401	0.00301	0.01004	0.00903	0.01606	0.01405	0.01606	0.01104	0.00502	0.00301	0.00100	0.00201	0.00401	0.87253	0.00401
6	0.01692	0.00738	0.00965	0.00755	0.01053	0.00674	0.00618	0.10463	0.01317	0.61042	0.14291	0.01695	0.01503	0.00586	0.00445	0.00133	0.00352	0.00483	0.00513	0.00681
7	0.00618	0.00452	0.00645	0.00645	0.00705	0.00513	0.00479	0.00739	0.00678	0.00965	0.01197	0.01934	0.01182	0.20751	0.65778	0.00633	0.00996	0.00497	0.00237	0.00358
8	0.01637	0.01207	0.01293	0.00991	0.01336	0.01336	0.00819	0.80738	0.02025	0.02715	0.01034	0.01034	0.00733	0.00517	0.00431	0.00129	0.00474	0.00388	0.00431	0.00733
9	0.87904	0.00833	0.00633	0.00566	0.00833	0.00966	0.00467	0.01266	0.00733	0.01933	0.00600	0.00700	0.00467	0.00400	0.00267	0.00133	0.00333	0.00233	0.00267	0.00467
10	0.00616	0.00457	0.00671	0.00671	0.00740	0.00527	0.00511	0.00755	0.00686	0.00984	0.01174	0.01802	0.01124	0.11176	0.75274	0.00666	0.01082	0.00478	0.00234	0.00373
11	0.01066	0.01023	0.01748	0.02644	0.82174	0.01023	0.01322	0.01322	0.00981	0.01407	0.00810	0.01066	0.00682	0.00384	0.00426	0.00128	0.00512	0.00384	0.00213	0.00682
12	0.00523	0.00449	0.00450	0.00448	0.00596	0.00382	0.00336	0.00661	0.03041	0.01180	0.04297	0.04081	0.79934	0.01078	0.00507	0.00145	0.00221	0.00898	0.00401	0.00372
13	0.00622	0.00472	0.00706	0.00702	0.00777	0.00555	0.00547	0.00775	0.00692	0.01001	0.01141	0.01676	0.01066	0.03177	0.81396	0.00681	0.02938	0.00460	0.00230	0.00386
14	0.00893	0.00766	0.00893	0.00638	0.01021	0.00574	0.00510	0.01085	0.00893	0.01404	0.00766	0.00893	0.00638	0.00319	0.00319	0.00064	0.00319	0.00255	0.00255	0.87495
15	0.83939	0.00828	0.00650	0.00576	0.00845	0.00951	0.00474	0.01305	0.00756	0.05648	0.00651	0.00735	0.00494	0.00406	0.00274	0.00133	0.00335	0.00242	0.00279	0.00479
16	0.00963	0.00934	0.01289	0.01109	0.01129	0.01281	0.00925	0.04706	0.00738	0.01126	0.00668	0.01131	0.00663	0.00764	0.01330	0.00186	0.76272	0.04097	0.00209	0.00480
17	0.87904	0.00833	0.00633	0.00566	0.00833	0.00966	0.00467	0.01266	0.00733	0.01933	0.00600	0.00700	0.00467	0.00400	0.00267	0.00133	0.00333	0.00233	0.00267	0.00467
18	0.01053	0.01010	0.01725	0.06801	0.78119	0.01020	0.01316	0.01311	0.00975	0.01392	0.00808	0.01070	0.00677	0.00386	0.00427	0.00129	0.00515	0.00384	0.00212	0.00672
19	0.01071	0.00925	0.00974	0.00877	0.01120	0.01071	0.00682	0.02289	0.81396	0.01802	0.01753	0.01607	0.01315	0.00584	0.00438	0.00146	0.00341	0.00487	0.00438	0.00682
20	0.00663	0.00474	0.00659	0.00758	0.00844	0.00469	0.00640	0.00839	0.00961	0.01255	0.02298	0.19416	0.02547	0.01219	0.00587	0.00194	0.00370	0.65023	0.00397	0.00388
21	0.00601	0.00440	0.00564	0.00533	0.00638	0.00403	0.00400	0.00797	0.01200	0.01681	0.75595	0.03294	0.10446	0.00898	0.00508	0.00136	0.00204	0.00790	0.00468	0.00403
22	0.01061	0.01018	0.01739	0.04266	0.80592	0.01022	0.01319	0.01318	0.00978	0.01401	0.00809	0.01068	0.00680	0.00385	0.00427	0.00128	0.00513	0.00384	0.00213	0.00678
23	0.00927	0.00570	0.00709	0.00623	0.00793	0.00544	0.00484	0.05270	0.07508	0.16140	0.51429	0.02736	0.08936	0.00792	0.00485	0.00136	0.00258	0.00684	0.00474	0.00500
24	0.01152	0.85121	0.02257	0.00737	0.01106	0.01704	0.00737	0.01290	0.00875	0.01013	0.00599	0.00691	0.00553	0.00369	0.00276	0.00092	0.00461	0.00230	0.00184	0.00553
25	0.87904	0.00833	0.00633	0.00566	0.00833	0.00966	0.00467	0.01266	0.00733	0.01933	0.00600	0.00700	0.00467	0.00400	0.00267	0.00133	0.00333	0.00233	0.00267	0.00467
26	0.01066	0.01023	0.01748	0.02644	0.82174	0.01023	0.01322	0.01322	0.00981	0.01407	0.00810	0.01066	0.00682	0.00384	0.00426	0.00128	0.00512	0.00384	0.00213	0.00682
27	0.01171	0.01010	0.01008	0.00883	0.01127	0.07419	0.00695	0.16855	0.50748	0.01890	0.06966	0.01656	0.01369	0.00600	0.00441	0.00141	0.00390	0.03191	0.01794	0.00644
28	0.00631	0.00419	0.00477	0.00476	0.00486	0.00419	0.00275	0.00652	0.00668	0.00911	0.05482	0.02775	0.01668	0.76017	0.03658	0.00398	0.00414	0.00623	0.03276	0.00276
29	0.01071	0.00925	0.00974	0.00877	0.01120	0.01071	0.00682	0.02289	0.81396	0.01802	0.01753	0.01607	0.01315	0.00584	0.00438	0.00146	0.00341	0.00487	0.00438	0.00682
30	0.00626	0.00418	0.00470	0.00470	0.00470	0.00418	0.00261	0.00626	0.00626	0.00835	0.01357	0.02819	0.01566	0.84862	0.02192	0.00418	0.00418	0.00626	0.00261	0.00261
31	0.00595	0.00399	0.00519	0.00593	0.00645	0.00366	0.00405	0.00678	0.00861	0.05273	0.02530	0.72635	0.10324	0.01283	0.00540	0.00170	0.00253	0.01154	0.00407	0.00371
32	0.01562	0.10812	0.01334	0.01064	0.01308	0.70315	0.00822	0.05721	0.01225	0.01135	0.00678	0.00781	0.00564	0.00440	0.00379	0.00110	0.00728	0.00278	0.00229	0.00517
33	0.01548	0.01085	0.01354	0.01352	0.20736	0.01146	0.00909	0.48802	0.01645	0.15422	0.01089	0.01112	0.00775	0.00488	0.00430	0.00130	0.00466	0.00394	0.00395	0.00721
34	0.01053	0.01010	0.01725	0.06801	0.78119	0.01020	0.01316	0.01311	0.00975	0.01392	0.00808	0.01070	0.00677	0.00386	0.00427	0.00129	0.00515	0.00384	0.00212	0.00672
35	0.00803	0.00401	0.00401	0.00401	0.00502	0.00401	0.00301	0.01004	0.00903	0.01606	0.01405	0.01606	0.01104	0.00502	0.00301	0.00100	0.00201	0.00401	0.87253	0.00401
36	0.00864	0.02228	0.82630	0.01228	0.01864	0.01000	0.01592	0.01364	0.00909	0.01364	0.00773	0.00909	0.00546	0.00409	0.00409	0.00136	0.00637	0.00318	0.00182	0.00637
37	0.01333	0.00935	0.01241	0.35614	0.01974	0.01054	0.00946	0.32364	0.01378	0.16000	0.01031	0.01156	0.00722	0.00487	0.00447	0.00137	0.01819	0.00394	0.00345	0.00622
38	0.01819	0.00916	0.01113	0.00853	0.01191	0.00904	0.00705	0.32463	0.01539	0.51676	0.01443	0.01299	0.00937	0.00527	0.00432	0.00132	0.00408	0.00416	0.00494	0.00733
39	0.00845	0.00788	0.01088	0.00957	0.00966	0.01060	0.00769	0.00929	0.00658	0.00995	0.00782	0.01377	0.00810	0.16460	0.11422	0.00291	0.58741	0.00433	0.00207	0.00422
40	0.00566	0.00429	0.00591	0.02757	0.02611	0.00430	0.00469	0.00652	0.00821	0.01104	0.02205	0.76263	0.02625	0.01274	0.00588	0.00174	0.04556	0.01141	0.00379	0.00367
41	0.00688	0.00492	0.00687	0.00787	0.00883	0.00491	0.00684	0.00882	0.00986	0.01283	0.02284	0.07608	0.02492	0.01195	0.00593	0.00198	0.00392	0.76584	0.00397	0.00395
42	0.00993	0.00943	0.01594	0.28820	0.55433	0.01007	0.01274	0.02408	0.00957	0.01327	0.00799	0.01092	0.00648	0.00401	0.00428	0.00133	0.00531	0.00384	0.00209	0.00617
43	0.00813	0.00766	0.01292	0.83826	0.02967	0.00957	0.01196	0.01101	0.00861	0.01101	0.00766	0.01148	0.00574	0.00431	0.00431	0.00144	0.00574	0.00383	0.00191	0.00479
44	0.01609	0.02053	0.01221	0.01110	0.01332	0.83132	0.00832	0.01720	0.01221	0.01054	0.00666	0.00777	0.00555	0.00444	0.00388	0.00111	0.00777	0.00277	0.00222	0.00499
45	0.00893	0.00766	0.00893	0.00638	0.01021	0.00574	0.00510	0.01085	0.00893	0.01404	0.00766	0.00893	0.00638	0.00319	0.00319	0.00064	0.00319	0.00255	0.00255	0.87495
46	0.00813	0.00766	0.01292	0.83826	0.02967	0.00957	0.01196	0.01101	0.00861	0.01101	0.00766	0.01148	0.00574	0.00431	0.00431	0.00144	0.00574	0.00383	0.00191	0.00479
47	0.01066	0.01031	0.01724	0.05424	0.78185	0.02295	0.01310	0.01321	0.00980	0.01391	0.00806	0.01064	0.00677	0.00386	0.00426	0.00128	0.00518	0.00382	0.00213	0.00672
48	0.00605	0.00440	0.00569	0.00537	0.00640	0.00404	0.00402	0.00803	0.01207	0.01699	0.77974	0.03265	0.08055	0.00891	0.00508	0.00136	0.00204	0.00786	0.00470	0.00404
49	0.01071	0.00939	0.01086	0.01132	0.12830	0.01064	0.00774	0.02149	0.69778	0.01745	0.01617	0.01529	0.01224	0.00555	0.00437	0.00143	0.00366	0.00472	0.00406	0.00682
50	0.00748	0.00374	0.00561	0.00561	0.00561	0.00374	0.00374	0.00561	0.00561	0.00748	0.00748	0.01309	0.00748	0.01496	0.01684	0.87467	0.00374	0.00374	0.00187	0.00187
51	0.01071	0.00925	0.00974	0.00877	0.01120	0.01071	0.00682	0.02289	0.81396	0.01802	0.01753	0.01607	0.01315	0.00584	0.00438	0.00146	0.00341	0.00487	0.00438	0.00682
52	0.00602	0.00440	0.00565	0.00534	0.00639	0.00403	0.00400	0.00798	0.01201	0.01683	0.75851	0.03291	0.10188	0.00897	0.00508	0.00136	0.00204	0.00789	0.00468	0.00403
53	0.00527	0.00376	0.00499	0.00597	0.00621	0.00351	0.00397	0.00600	0.00820	0.01094	0.02352	0.82821	0.02821	0.03147	0.00585	0.00180	0.00254	0.01212	0.00397	0.00348
54	0.00615	0.00462	0.00692	0.00692	0.00769	0.00538	0.00538	0.00769	0.00692	0.01000	0.01154	0.01692	0.01077	0.03231	0.83154	0.00692	0.01154	0.00462	0.00231	0.00385
55	0.00813	0.00766	0.01292	0.83826	0.02967	0.00957	0.01196	0.01101	0.00861	0.01101	0.00766	0.01148	0.00574	0.00431	0.00431	0.00144	0.00574	0.00383	0.00191	0.00479
56	0.00813	0.00766	0.01292	0.83826	0.02967	0.00957	0.01196	0.01101	0.00861	0.01101	0.00766	0.01148	0.00574	0.00431	0.00431	0.00144	0.00574	0.00383	0.00191	0.00479
57	0.01066	0.01023	0.01748	0.02644	0.82174	0.01023	0.01322	0.01322	0.00981	0.01407	0.00810	0.01066	0.00682	0.00384	0.00426	0.00128	0.00512	0.00384	0.00213	0.00682
58	0.00918	0.00907	0.01304	0.01106	0.01127	0.01229	0.04733	0.01017	0.00674	0.01035	0.00650	0.01119	0.00658	0.08154	0.01439	0.00207	0.72666	0.00405	0.00196	0.00458
59	0.01028	0.00984	0.01679	0.14937	0.70181	0.01013	0.01303	0.01288	0.00963	0.01361	0.00803	0.01079	0.00666	0.00391	0.00427	0.00130	0.00521	0.00384	0.00210	0.00651
60	0.01066	0.01023	0.01748	0.02644	0.82174	0.01023	0.01322	0.01322	0.00981	0.01407	0.00810	0.01066	0.00682	0.00384	0.00426	0.00128	0.00512	0.00384	0.00213	0.00682
61	0.87904	0.00833	0.00633	0.00566	0.00833	0.00966	0.00467	0.01266	0.00733	0.01933	0.00600	0.00700	0.00467	0.00400	0.00267	0.00133	0.00333	0.00233	0.00267	0.00467
62	0.00879	0.00953	0.01952	0.01440	0.01785	0.00885	0.57679	0.01171	0.01003	0.01327	0.03018	0.06136	0.16541	0.00583	0.00513	0.00148	0.00587	0.02607	0.00271	0.00520
63	0.00857	0.03659	0.77377	0.01187	0.01794	0.00986	0.01521	0.01337	0.00923	0.01375	0.04514	0.01012	0.00708	0.00430	0.00411	0.00136	0.00613	0.00338	0.00195	0.00624
64	0.00864	0.02228	0.82630	0.01228	0.01864	0.01000	0.01592	0.01364	0.00909	0.01364	0.00773	0.00909	0.00546	0.00409	0.00409	0.00136	0.00637	0.00318	0.00182	0.00637
65	0.00871	0.04288	0.80632	0.01216	0.01845	0.01018	0.01570	0.01362	0.00909	0.01355	0.00769	0.00904	0.00546	0.00408	0.00406	0.00135	0.00632	0.00316	0.00182	0.00635
66	0.01236	0.00939	0.01658	0.01250	0.01592	0.00909	0.36786	0.01689	0.16292	0.23253	0.01381	0.01479	0.02958	0.00627	0.04708	0.00171	0.00561	0.01537	0.00352	0.00623
67	0.01444	0.00903	0.01142	0.00923	0.01225	0.00939	0.07022	0.10430	0.37087	0.31601	0.01587	0.01459	0.01109	0.00541	0.00441	0.00140	0.00395	0.00458	0.00455	0.00698
68	0.01035	0.00992	0.01692	0.12675	0.72387	0.01015	0.01306	0.01295	0.00966	0.01369	0.00805	0.01076	0.00669	0.00390	0.00427	0.00130	0.00519	0.00384	0.00211	0.00657
69	0.01055	0.01012	0.01727	0.06375	0.78535	0.01020	0.01316	0.01312	0.00975	0.01393	0.00808	0.01070	0.00677	0.00386	0.00427	0.00129	0.00515	0.00384	0.00212	0.00673
70	0.00820	0.00773	0.01304	0.81604	0.05135	0.00959	0.01200	0.01107	0.00865	0.01109	0.00767	0.01146	0.00577	0.00429	0.00431	0.00143	0.00573	0.00383	0.00192	0.00484
71	0.01093	0.00921	0.00975	0.00874	0.01120	0.01060	0.00681	0.02284	0.79391	0.03820	0.01752	0.01604	0.01309	0.00583	0.00438	0.00146	0.00342	0.00486	0.00441	0.00683
72	0.00813	0.00766	0.01292	0.83826	0.02967	0.00957	0.01196	0.01101	0.00861	0.01101	0.00766	0.01148	0.00574	0.00431	0.00431	0.00144	0.00574	0.00383	0.00191	0.00479
73	0.00820	0.00772	0.01304	0.81748	0.04995	0.00959	0.01200	0.01106	0.00864	0.01108	0.00767	0.01146	0.00577	0.00429	0.00431	0.00143	0.00573	0.00383	0.00192	0.00484
74	0.01130	0.00912	0.00976	0.00869	0.01119	0.01042	0.00679	0.02276	0.75962	0.07271	0.01750	0.01598	0.01298	0.00581	0.00438	0.00145	0.00343	0.00483	0.00445	0.00685
75	0.00982	0.01089	0.02281	0.01662	0.02030	0.01065	0.66890	0.01307	0.00990	0.01360	0.04698	0.01330	0.00852	0.00447	0.00601	0.00150	0.08989	0.02489	0.00232	0.00557
76	0.01062	0.01019	0.01741	0.03991	0.80860	0.01022	0.01320	0.01318	0.00979	0.01402	0.00810	0.01067	0.00681	0.00385	0.00427	0.00128	0.00513	0.00384	0.00213	0.00679
77	0.00641	0.00445	0.00521	0.00513	0.00516	0.00466	0.00308	0.00653	0.00631	0.00853	0.01309	0.02672	0.01494	0.76666	0.06352	0.00421	0.04399	0.00606	0.00256	0.00277
78	0.01077	0.01168	0.02430	0.01745	0.02170	0.03494	0.74481	0.01424	0.01033	0.05193	0.00904	0.01165	0.00670	0.00374	0.00501	0.00144	0.00711	0.00498	0.00233	0.00586
79	0.00813	0.00766	0.01292	0.83826	0.02967	0.00957	0.01196	0.01101	0.00861	0.01101	0.00766	0.01148	0.00574	0.00431	0.00431	0.00144	0.00574	0.00383	0.00191	0.00479
80	0.01933	0.00733	0.01000	0.00766	0.01100	0.00633	0.00633	0.02099	0.01233	0.82473	0.01699	0.01466	0.01066	0.00533	0.00433	0.00133	0.00367	0.00433	0.00533	0.00733
81	0.00512	0.00436	0.00440	0.00439	0.00583	0.00365	0.00329	0.00623	0.00988	0.01178	0.06292	0.04122	0.80063	0.01086	0.00509	0.00145	0.00218	0.00906	0.00402	0.00365
82	0.00610	0.00440	0.00576	0.00542	0.00644	0.00406	0.00406	0.00813	0.01219	0.01727	0.81947	0.03218	0.04064	0.00881	0.00508	0.00135	0.00203	0.00779	0.00474	0.00406
83	0.87904	0.00833	0.00633	0.00566	0.00833	0.00966	0.00467	0.01266	0.00733	0.01933	0.00600	0.00700	0.00467	0.00400	0.00267	0.00133	0.00333	0.00233	0.00267	0.00467
84	0.01933	0.00733	0.01000	0.00766	0.01100	0.00633	0.00633	0.02099	0.01233	0.82473	0.01699	0.01466	0.01066	0.00533	0.00433	0.00133	0.00367	0.00433	0.00533	0.00733
85	0.01588	0.01182	0.01265	0.00981	0.01317	0.01313	0.00807	0.73917	0.08927	0.02635	0.01097	0.01084	0.00783	0.00523	0.00432	0.00131	0.00462	0.00396	0.00432	0.00728
86	0.00532	0.00384	0.00506	0.00601	0.00635	0.00357	0.00410	0.00614	0.00840	0.01112	0.02466	0.76935	0.06657	0.01330	0.00550	0.00175	0.00255	0.04888	0.00400	0.00353
87	0.01410	0.01162	0.01084	0.00925	0.01197	0.16599	0.00728	0.16731	0.39185	0.14181	0.01405	0.01322	0.01025	0.00537	0.00427	0.00134	0.00452	0.00421	0.00410	0.00665
88	0.01087	0.66595	0.20219	0.00847	0.01275	0.01547	0.00928	0.01306	0.00883	0.01092	0.00638	0.00740	0.00551	0.00378	0.00306	0.00102	0.00500	0.00250	0.00184	0.00572
89	0.00509	0.00436	0.00436	0.00436	0.00582	0.00364	0.00327	0.00618	0.00982	0.01164	0.04364	0.04146	0.82000	0.01091	0.00509	0.00145	0.00218	0.00909	0.00400	0.00364
90	0.00586	0.00421	0.00568	0.00664	0.00721	0.00404	0.00504	0.00707	0.00892	0.01171	0.02420	0.52287	0.05907	0.01281	0.00565	0.00182	0.00302	0.29652	0.00399	0.00367
91	0.01933	0.00733	0.01000	0.00766	0.01100	0.00633	0.00633	0.02099	0.01233	0.82473	0.01699	0.01466	0.01066	0.00533	0.00433	0.00133	0.00367	0.00433	0.00533	0.00733
92	0.01066	0.01023	0.01748	0.02644	0.82174	0.01023	0.01322	0.01322	0.00981	0.01407	0.00810	0.01066	0.00682	0.00384	0.00426	0.00128	0.00512	0.00384	0.00213	0.00682
93	0.00813	0.00766	0.01292	0.83826	0.02967	0.00957	0.01196	0.01101	0.00861	0.01101	0.00766	0.01148	0.00574	0.00431	0.00431	0.00144	0.00574	0.00383	0.00191	0.00479
94	0.01609	0.02053	0.01221	0.01110	0.01332	0.83132	0.00832	0.01720	0.01221	0.01054	0.00666	0.00777	0.00555	0.00444	0.00388	0.00111	0.00777	0.00277	0.00222	0.00499
95	0.00729	0.00585	0.00940	0.00913	0.01061	0.00571	0.11944	0.00948	0.01006	0.01319	0.06004	0.04233	0.05044	0.01055	0.00576	0.00186	0.00428	0.61660	0.00375	0.00422
96	0.01030	0.00987	0.01684	0.14100	0.70997	0.01014	0.01304	0.01291	0.00964	0.01364	0.00804	0.01078	0.00667	0.00390	0.00427	0.00130	0.00521	0.00384	0.00210	0.00654
97	0.00893	0.00766	0.00893	0.00638	0.01021	0.00574	0.00510	0.01085	0.00893	0.01404	0.00766	0.00893	0.00638	0.00319	0.00319	0.00064	0.00319	0.00255	0.00255	0.87495
98	0.00864	0.02228	0.82630	0.01228	0.01864	0.01000	0.01592	0.01364	0.00909	0.01364	0.00773	0.00909	0.00546	0.00409	0.00409	0.00136	0.00637	0.00318	0.00182	0.00637
99	0.00574	0.00440	0.00527	0.00509	0.00627	0.00393	0.00385	0.00742	0.01124	0.01504	0.50619	0.03611	0.33301	0.00968	0.00511	0.00141	0.00214	0.02976	0.00444	0.00390
100	0.00813	0.00766	0.01292	0.83826	0.02967	0.00957	0.01196	0.01101	0.00861	0.01101	0.00766	0.01148	0.00574	0.00431	0.00431	0.00144	0.00574	0.00383	0.00191	0.00479
101	0.01036	0.01028	0.03773	0.10766	0.72159	0.01016	0.01316	0.01301	0.00967	0.01375	0.00805	0.01070	0.00668	0.00389	0.00426	0.00130	0.00521	0.00382	0.00210	0.00661
102	0.01933	0.00733	0.01000	0.00766	0.01100	0.00633	0.00633	0.02099	0.01233	0.82473	0.01699	0.01466	0.01066	0.00533	0.00433	0.00133	0.00367	0.00433	0.00533	0.00733
103	0.01008	0.01148	0.02505	0.01794	0.02222	0.01076	0.79180	0.01366	0.01013	0.01375	0.00898	0.02649	0.00693	0.00381	0.00509	0.00146	0.00718	0.00521	0.00221	0.00577
104	0.00813	0.00766	0.01292	0.83826	0.02967	0.00957	0.01196	0.01101	0.00861	0.01101	0.00766	0.01148	0.00574	0.00431	0.00431	0.00144	0.00574	0.00383	0.00191	0.00479
105	0.00948	0.26426	0.59167	0.01085	0.01643	0.01206	0.01342	0.01342	0.00899	0.01262	0.00722	0.00846	0.00548	0.00397	0.00370	0.00123	0.00585	0.00293	0.00183	0.00612
106	0.01003	0.01142	0.02484	0.01778	0.02206	0.01069	0.78413	0.01359	0.01016	0.01374	0.00967	0.01244	0.02880	0.00383	0.00508	0.00145	0.00712	0.00519	0.00223	0.00575
107	0.01933	0.00733	0.01000	0.00766	0.01100	0.00633	0.00633	0.02099	0.01233	0.82473	0.01699	0.01466	0.01066	0.00533	0.00433	0.00133	0.00367	0.00433	0.00533	0.00733
108	0.00516	0.00437	0.00446	0.00443	0.00586	0.00367	0.00333	0.00631	0.00998	0.01201	0.09557	0.04083	0.76783	0.01077	0.00509	0.00145	0.00217	0.00900	0.00405	0.00367
109	0.00989	0.00943	0.01589	0.24096	0.58150	0.00995	0.01258	0.01269	0.02469	0.01329	0.00881	0.01154	0.02150	0.00413	0.00429	0.00133	0.00520	0.00395	0.00215	0.00622
110	0.01704	0.00746	0.00966	0.00761	0.01058	0.03463	0.01729	0.01892	0.02486	0.65688	0.11944	0.01705	0.02676	0.00581	0.00444	0.00133	0.00362	0.00481	0.00507	0.00675
111	0.01883	0.00723	0.00980	0.00755	0.01082	0.00624	0.00623	0.02048	0.01224	0.79665	0.01791	0.01559	0.03861	0.00552	0.00436	0.00134	0.00361	0.00450	0.00529	0.00720
112	0.01066	0.01023	0.01748	0.02644	0.82174	0.01023	0.01322	0.01322	0.00981	0.01407	0.00810	0.01066	0.00682	0.00384	0.00426	0.00128	0.00512	0.00384	0.00213	0.00682
113	0.00881	0.07165	0.77843	0.01199	0.01819	0.01042	0.01541	0.01360	0.00907	0.01343	0.00763	0.00896	0.00546	0.00407	0.00401	0.00134	0.00626	0.00313	0.00182	0.00632
114	0.01130	0.01105	0.02326	0.01716	0.04871	0.01031	0.68108	0.01466	0.01042	0.11281	0.00970	0.01196	0.00705	0.00385	0.00496	0.00143	0.00675	0.00495	0.00256	0.00603
115	0.01066	0.01023	0.01748	0.02644	0.82174	0.01023	0.01322	0.01322	0.00981	0.01407	0.00810	0.01066	0.00682	0.00384	0.00426	0.00128	0.00512	0.00384	0.00213	0.00682
116	0.01013	0.00970	0.01653	0.19604	0.65627	0.01010	0.01296	0.01276	0.00956	0.01343	0.00801	0.01083	0.00660	0.00394	0.00427	0.00131	0.00525	0.00384	0.00209	0.00640
117	0.03385	0.00829	0.01062	0.00820	0.01151	0.00784	0.01777	0.15261	0.05172	0.62679	0.01559	0.01382	0.01006	0.00528	0.00431	0.00133	0.00388	0.00426	0.00502	0.00724
118	0.01292	0.00869	0.01221	0.01140	0.11382	0.00881	0.09614	0.03053	0.30147	0.26138	0.05957	0.01601	0.03600	0.00549	0.00449	0.00139	0.00404	0.00487	0.00415	0.00663
119	0.01125	0.00987	0.01660	0.06662	0.63520	0.00992	0.04884	0.01425	0.04788	0.08359	0.00931	0.01135	0.00738	0.00408	0.00432	0.00131	0.00504	0.00399	0.00250	0.00671
120	0.01700	0.02158	0.04313	0.00870	0.03939	0.00732	0.01702	0.03238	0.09102	0.61726	0.03309	0.01448	0.01095	0.00527	0.00430	0.00133	0.00383	0.00433	0.00481	0.02280
121	0.03600	0.04679	0.07990	0.00978	0.05368	0.00895	0.04857	0.06331	0.19803	0.35423	0.04545	0.01406	0.01099	0.00520	0.00428	0.00135	0.00412	0.00434	0.00419	0.00675
122	0.01060	0.01010	0.01686	0.02499	0.75891	0.01010	0.01266	0.01355	0.04431	0.01424	0.00849	0.01083	0.00708	0.00390	0.00423	0.00126	0.00498	0.00384	0.00224	0.03680
123	0.01110	0.01009	0.01710	0.02548	0.78023	0.01003	0.01287	0.01362	0.00994	0.05558	0.00856	0.01087	0.00702	0.00391	0.00427	0.00128	0.00504	0.00386	0.00230	0.00685
124	0.01497	0.00781	0.01056	0.00983	0.11499	0.00700	0.00693	0.02932	0.06461	0.46234	0.05724	0.01406	0.01111	0.00496	0.00416	0.00121	0.00368	0.00416	0.00430	0.16677
125	0.01134	0.00875	0.05813	0.00979	0.09406	0.00789	0.01898	0.02811	0.23920	0.17874	0.14779	0.01623	0.01488	0.00547	0.00428	0.00126	0.00362	0.00467	0.00393	0.14287
126	0.01471	0.00807	0.01222	0.01032	0.08016	0.00722	0.11161	0.04489	0.01166	0.44146	0.08889	0.01467	0.01194	0.00503	0.00435	0.00125	0.00408	0.00447	0.00420	0.11879

[dist]
# distance from previous block
# <min> <max>
8	16

[block]
# block no. 1 follows, 61 sequences, length 16
# corresponding to MSA columns:
# 166-181
name=unknown_B
#
# <colnr> <probs for GDERKNQSTAVLIFYWHMCP>
#	G	D	E	R	K	N	Q	S	T	A	V	L	I	F	Y	W	H	M	C	P
0	0.01366	0.00767	0.01069	0.01104	0.17976	0.00689	0.00723	0.01595	0.04374	0.38598	0.05717	0.01616	0.07941	0.00536	0.00425	0.00123	0.00368	0.00455	0.00405	0.14153
1	0.01444	0.00948	0.01420	0.01251	0.11629	0.03672	0.17460	0.07353	0.10398	0.34332	0.01444	0.01421	0.04150	0.00503	0.00450	0.00136	0.00473	0.00459	0.00393	0.00666
2	0.00995	0.00925	0.01502	0.03718	0.54719	0.00898	0.04134	0.03409	0.00980	0.01405	0.00966	0.09326	0.00888	0.00473	0.00426	0.00124	0.00465	0.00452	0.00244	0.13952
3	0.00928	0.00834	0.01091	0.01148	0.16539	0.10573	0.08596	0.01140	0.01145	0.06035	0.40882	0.02248	0.05697	0.00671	0.00474	0.00132	0.00393	0.00602	0.00369	0.00504
4	0.01104	0.00814	0.01203	0.00960	0.01220	0.00818	0.17073	0.07781	0.20704	0.15140	0.24324	0.03739	0.01907	0.00626	0.00474	0.00140	0.00394	0.00574	0.00417	0.00588
5	0.01172	0.01044	0.02129	0.01541	0.01944	0.00965	0.59968	0.01487	0.01052	0.16542	0.01070	0.01335	0.00792	0.00421	0.00490	0.00142	0.00633	0.03163	0.00284	0.03826
6	0.06021	0.00943	0.01526	0.10290	0.57350	0.00954	0.01156	0.01416	0.00994	0.13835	0.00930	0.01115	0.00718	0.00412	0.00419	0.00131	0.00486	0.00383	0.00263	0.00658
7	0.14921	0.00939	0.01047	0.00828	0.01146	0.00982	0.00680	0.30434	0.09392	0.33277	0.01296	0.01206	0.00878	0.00512	0.00407	0.00133	0.00398	0.00391	0.00446	0.00687
8	0.01713	0.00785	0.01144	0.01153	0.18042	0.00708	0.00771	0.01899	0.01180	0.63168	0.03850	0.01433	0.01073	0.00512	0.00434	0.00132	0.00392	0.00433	0.00465	0.00713
9	0.00912	0.00826	0.01146	0.00819	0.01209	0.00653	0.12791	0.01130	0.00912	0.01400	0.00782	0.00934	0.00640	0.00326	0.00348	0.00076	0.00381	0.00294	0.00249	0.74170
10	0.00813	0.00766	0.01292	0.83826	0.02967	0.00957	0.01196	0.01101	0.00861	0.01101	0.00766	0.01148	0.00574	0.00431	0.00431	0.00144	0.00574	0.00383	0.00191	0.00479
11	0.00741	0.00469	0.00618	0.00564	0.00689	0.00429	0.00429	0.00940	0.01221	0.09734	0.73990	0.03044	0.03767	0.00846	0.00501	0.00135	0.00219	0.00745	0.00480	0.00439
12	0.72523	0.00815	0.00699	0.00602	0.00881	0.00907	0.00496	0.01415	0.00823	0.16342	0.00797	0.00837	0.00574	0.00424	0.00296	0.00133	0.00339	0.00269	0.00314	0.00514
13	0.74521	0.00773	0.00624	0.00563	0.00804	0.00880	0.00457	0.01197	0.00808	0.01901	0.13071	0.01086	0.01018	0.00474	0.00304	0.00134	0.00313	0.00317	0.00298	0.00457
14	0.01066	0.01023	0.01748	0.02644	0.82174	0.01023	0.01322	0.01322	0.00981	0.01407	0.00810	0.01066	0.00682	0.00384	0.00426	0.00128	0.00512	0.00384	0.00213	0.00682
15	0.00813	0.00766	0.01292	0.83826	0.02967	0.00957	0.01196	0.01101	0.00861	0.01101	0.00766	0.01148	0.00574	0.00431	0.00431	0.00144	0.00574	0.00383	0.00191	0.00479

[dist]
# distance from previous block
# <min> <max>
0	0

# created by:
# /st0/software/busco_prod/Augustus/scripts/msa2prfl.pl ./align_prep/147680.fa
