[name]
unknown

[dist]
# distance from previous block
# <min> <max>
0	20

[block]
# block no. 0 follows, 70 sequences, length 74
# corresponding to MSA columns:
# 20-93
name=unknown_A
#
# <colnr> <probs for GDERKNQSTAVLIFYWHMCP>
#	G	D	E	R	K	N	Q	S	T	A	V	L	I	F	Y	W	H	M	C	P
0	0.00924	0.00819	0.03405	0.03665	0.01064	0.00895	0.00661	0.05162	0.62888	0.01557	0.01561	0.01807	0.01267	0.00591	0.00413	0.00137	0.00334	0.11903	0.00374	0.00572
1	0.00900	0.00704	0.03632	0.04149	0.00990	0.00583	0.00539	0.02926	0.09259	0.11532	0.03586	0.10875	0.01004	0.00469	0.00349	0.00093	0.00306	0.00395	0.00297	0.47413
2	0.00885	0.03957	0.68054	0.01114	0.04099	0.09471	0.01309	0.04518	0.00888	0.01242	0.00693	0.00810	0.00503	0.00374	0.00365	0.00119	0.00573	0.00285	0.00177	0.00563
3	0.00845	0.01905	0.70520	0.03644	0.01634	0.09429	0.01319	0.01245	0.00845	0.01193	0.00685	0.00812	0.00496	0.00369	0.00364	0.00118	0.00574	0.00283	0.00170	0.03549
4	0.00552	0.00481	0.03888	0.00635	0.03480	0.00428	0.00451	0.00752	0.09174	0.01096	0.04628	0.60914	0.09947	0.01046	0.00471	0.00148	0.00251	0.00937	0.00352	0.00369
5	0.01312	0.01108	0.20992	0.01035	0.04670	0.00812	0.14008	0.12312	0.01095	0.37014	0.01100	0.01091	0.00735	0.00421	0.00395	0.00122	0.00458	0.00369	0.00335	0.00615
6	0.00950	0.00794	0.01333	0.19238	0.44544	0.00816	0.05115	0.02136	0.00883	0.10079	0.00955	0.09687	0.00829	0.00458	0.00400	0.00124	0.00444	0.00433	0.00238	0.00546
7	0.04244	0.00745	0.06444	0.35638	0.10134	0.00732	0.09171	0.00933	0.00798	0.01086	0.01275	0.12012	0.10452	0.04113	0.00475	0.00141	0.00441	0.00506	0.00227	0.00433
8	0.00747	0.01836	0.75824	0.01047	0.01564	0.00841	0.01323	0.01158	0.00811	0.01204	0.00842	0.09502	0.00702	0.00454	0.00381	0.00126	0.00538	0.00370	0.00184	0.00547
9	0.00792	0.03136	0.81889	0.01097	0.01661	0.02294	0.01411	0.01232	0.00823	0.01219	0.00692	0.00814	0.00491	0.00368	0.00366	0.00122	0.00573	0.00285	0.00164	0.00570
10	0.00783	0.01823	0.72410	0.01047	0.01573	0.00873	0.01309	0.01190	0.00808	0.01219	0.00687	0.00818	0.00500	0.00373	0.00398	0.00118	0.04073	0.00283	0.00171	0.09543
11	0.00828	0.01906	0.75605	0.01113	0.01662	0.00923	0.04752	0.06472	0.00887	0.01307	0.00715	0.00835	0.00506	0.00373	0.00373	0.00123	0.00567	0.00298	0.00179	0.00576
12	0.00554	0.00372	0.00426	0.00435	0.00437	0.00370	0.00248	0.00561	0.00582	0.00776	0.01315	0.11046	0.01527	0.77706	0.01823	0.00354	0.00360	0.00619	0.00248	0.00243
13	0.01323	0.01499	0.09536	0.00938	0.01203	0.43732	0.00783	0.14481	0.14769	0.06688	0.00883	0.00912	0.00667	0.00433	0.00368	0.00111	0.00554	0.00309	0.00276	0.00536
14	0.00911	0.00790	0.00869	0.00780	0.00965	0.00924	0.00610	0.01819	0.67120	0.01550	0.09843	0.01538	0.01372	0.00567	0.00483	0.00134	0.08321	0.00456	0.00377	0.00571
15	0.89114	0.00750	0.00570	0.00510	0.00750	0.00870	0.00420	0.01140	0.00660	0.01739	0.00540	0.00630	0.00420	0.00360	0.00240	0.00120	0.00300	0.00210	0.00240	0.00420
16	0.00804	0.00689	0.00804	0.00574	0.00919	0.00517	0.00459	0.00976	0.00804	0.01263	0.00689	0.00804	0.00574	0.00287	0.00287	0.00057	0.00287	0.00230	0.00230	0.88745
17	0.00481	0.00342	0.00454	0.00541	0.00564	0.00321	0.00363	0.00549	0.00740	0.00985	0.02097	0.80220	0.02507	0.04620	0.00555	0.00167	0.00235	0.03589	0.00355	0.00313
18	0.01474	0.01086	0.01163	0.00892	0.01202	0.01202	0.00737	0.82664	0.01823	0.02443	0.00931	0.00931	0.00659	0.00465	0.00388	0.00116	0.00427	0.00349	0.00388	0.00659
19	0.00518	0.00395	0.00475	0.00455	0.00560	0.00353	0.00341	0.00672	0.01024	0.01381	0.56473	0.03181	0.31046	0.00857	0.00458	0.00125	0.00188	0.00741	0.00404	0.00353
20	0.00472	0.00337	0.00450	0.00540	0.00562	0.00315	0.00360	0.00540	0.00742	0.00990	0.02137	0.86122	0.02564	0.01215	0.00495	0.00157	0.00225	0.01102	0.00360	0.00315
21	0.00958	0.00840	0.01002	0.01087	0.17238	0.00937	0.00717	0.04272	0.61239	0.01553	0.01490	0.01430	0.04483	0.00508	0.00395	0.00128	0.00336	0.00433	0.00353	0.00603
22	0.00933	0.06586	0.05318	0.01412	0.01772	0.04469	0.60197	0.01308	0.08651	0.01239	0.00875	0.02066	0.00689	0.00377	0.00432	0.00127	0.00593	0.02215	0.00217	0.00523
23	0.01485	0.01068	0.01153	0.00884	0.01193	0.01176	0.00730	0.79314	0.01793	0.05835	0.00956	0.00947	0.00672	0.00466	0.00388	0.00116	0.00423	0.00351	0.00392	0.00659
24	0.00556	0.00401	0.00528	0.00509	0.00600	0.00373	0.00390	0.00738	0.01078	0.01518	0.76070	0.03035	0.03524	0.00819	0.00465	0.00127	0.00199	0.08285	0.00420	0.00365
25	0.00844	0.00786	0.01317	0.09318	0.60483	0.00797	0.01017	0.01045	0.00846	0.01188	0.01001	0.17644	0.00987	0.00519	0.00406	0.00125	0.00419	0.00494	0.00223	0.00539
26	0.01428	0.01814	0.01102	0.00999	0.01192	0.81981	0.00752	0.01527	0.01081	0.00948	0.00596	0.00704	0.00500	0.00409	0.00381	0.00102	0.03583	0.00253	0.00199	0.00449
27	0.01331	0.01652	0.01116	0.01002	0.01163	0.68441	0.00768	0.01428	0.01000	0.00946	0.00582	0.00728	0.00501	0.00454	0.00530	0.00114	0.17339	0.00267	0.00194	0.00444
28	0.00964	0.00833	0.00877	0.00789	0.01008	0.00964	0.00614	0.02060	0.83257	0.01622	0.01578	0.01446	0.01183	0.00526	0.00394	0.00131	0.00307	0.00438	0.00394	0.00614
29	0.00915	0.01046	0.02288	0.01634	0.02026	0.00980	0.82549	0.01242	0.00915	0.01242	0.00784	0.01046	0.00588	0.00327	0.00458	0.00131	0.00654	0.00458	0.00196	0.00523
30	0.00545	0.00396	0.00513	0.00484	0.00577	0.00364	0.00363	0.00725	0.01089	0.01534	0.80556	0.02929	0.06867	0.00800	0.00457	0.00122	0.00183	0.00706	0.00424	0.00364
31	0.00472	0.00340	0.00447	0.00532	0.00560	0.00316	0.00356	0.00541	0.00750	0.00993	0.02234	0.81669	0.06955	0.01202	0.00493	0.00156	0.00223	0.01087	0.00360	0.00316
32	0.00458	0.00393	0.00393	0.00393	0.00524	0.00327	0.00295	0.00556	0.00884	0.01047	0.03927	0.03731	0.83800	0.00982	0.00458	0.00131	0.00196	0.00818	0.00360	0.00327
33	0.01448	0.01848	0.01099	0.00999	0.01199	0.84819	0.00749	0.01548	0.01099	0.00949	0.00599	0.00699	0.00499	0.00400	0.00350	0.00100	0.00699	0.00250	0.00200	0.00449
34	0.00723	0.00361	0.00361	0.00361	0.00452	0.00361	0.00271	0.00903	0.00813	0.01445	0.01265	0.01445	0.00994	0.00452	0.00271	0.00090	0.00181	0.00361	0.88528	0.00361
35	0.00732	0.00689	0.01163	0.85444	0.02670	0.00861	0.01077	0.00991	0.00775	0.00991	0.00689	0.01034	0.00517	0.00388	0.00388	0.00129	0.00517	0.00345	0.00172	0.00431
36	0.01448	0.01848	0.01099	0.00999	0.01199	0.84819	0.00749	0.01548	0.01099	0.00949	0.00599	0.00699	0.00499	0.00400	0.00350	0.00100	0.00699	0.00250	0.00200	0.00449
37	0.01448	0.01848	0.01099	0.00999	0.01199	0.84819	0.00749	0.01548	0.01099	0.00949	0.00599	0.00699	0.00499	0.00400	0.00350	0.00100	0.00699	0.00250	0.00200	0.00449
38	0.00919	0.00880	0.01500	0.17261	0.69394	0.00910	0.01170	0.01154	0.00863	0.01217	0.00722	0.00973	0.00597	0.00353	0.00384	0.00118	0.00471	0.00345	0.00188	0.00581
39	0.00960	0.00921	0.01574	0.02380	0.83957	0.00921	0.01190	0.01190	0.00883	0.01267	0.00729	0.00960	0.00614	0.00345	0.00384	0.00115	0.00461	0.00345	0.00192	0.00614
40	0.00471	0.00343	0.00444	0.00525	0.00558	0.00316	0.00353	0.00541	0.00757	0.00996	0.02319	0.77735	0.10834	0.01191	0.00491	0.00155	0.00222	0.01073	0.00360	0.00316
41	0.00472	0.00337	0.00450	0.00540	0.00562	0.00315	0.00360	0.00540	0.00742	0.00990	0.02137	0.86122	0.02564	0.01215	0.00495	0.00157	0.00225	0.01102	0.00360	0.00315
42	0.82759	0.00743	0.00594	0.00523	0.00767	0.00848	0.00431	0.01194	0.00692	0.07739	0.00612	0.00680	0.00459	0.00369	0.00251	0.00120	0.00302	0.00223	0.00257	0.00437
43	0.00706	0.00661	0.01090	0.77446	0.02468	0.00811	0.01003	0.00950	0.00785	0.00996	0.00994	0.01287	0.08348	0.00443	0.00394	0.00129	0.00487	0.00389	0.00190	0.00421
44	0.00546	0.00396	0.00514	0.00485	0.00577	0.00365	0.00364	0.00726	0.01091	0.01539	0.81257	0.02922	0.06163	0.00798	0.00457	0.00122	0.00183	0.00705	0.00425	0.00365
45	0.00956	0.00917	0.01566	0.03836	0.82532	0.00920	0.01188	0.01186	0.00881	0.01262	0.00729	0.00961	0.00612	0.00346	0.00384	0.00115	0.00462	0.00345	0.00192	0.00611
46	0.01660	0.00677	0.00897	0.00700	0.00992	0.00610	0.00574	0.01907	0.09472	0.75816	0.01534	0.01332	0.00982	0.00485	0.00390	0.00121	0.00328	0.00395	0.00471	0.00655
47	0.00564	0.00376	0.00423	0.00423	0.00423	0.00376	0.00235	0.00564	0.00564	0.00752	0.01222	0.02537	0.01409	0.86375	0.01973	0.00376	0.00376	0.00564	0.00235	0.00235
48	0.01036	0.86609	0.02032	0.00663	0.00995	0.01534	0.00663	0.01161	0.00788	0.00912	0.00539	0.00622	0.00498	0.00332	0.00249	0.00083	0.00415	0.00207	0.00166	0.00498
49	0.00732	0.00689	0.01163	0.85444	0.02670	0.00861	0.01077	0.00991	0.00775	0.00991	0.00689	0.01034	0.00517	0.00388	0.00388	0.00129	0.00517	0.00345	0.00172	0.00431
50	0.00848	0.00848	0.01187	0.01018	0.01018	0.01187	0.00848	0.00933	0.00594	0.00933	0.00509	0.00848	0.00509	0.00679	0.01272	0.00170	0.85666	0.00339	0.00170	0.00424
51	0.00735	0.00414	0.00437	0.00437	0.00540	0.00427	0.00339	0.01002	0.08574	0.01433	0.01374	0.01743	0.01137	0.00522	0.00310	0.00103	0.00210	0.08613	0.71264	0.00385
52	0.01448	0.01848	0.01099	0.00999	0.01199	0.84819	0.00749	0.01548	0.01099	0.00949	0.00599	0.00699	0.00499	0.00400	0.00350	0.00100	0.00699	0.00250	0.00200	0.00449
53	0.00607	0.00441	0.00600	0.00680	0.00773	0.00434	0.00590	0.00777	0.00892	0.01148	0.02252	0.04305	0.10915	0.01061	0.00527	0.00173	0.00340	0.72774	0.00357	0.00354
54	0.00532	0.00390	0.00499	0.00483	0.00572	0.00357	0.00358	0.00696	0.01042	0.01450	0.67952	0.10807	0.11714	0.00852	0.00461	0.00126	0.00188	0.00751	0.00414	0.00357
55	0.00472	0.00337	0.00450	0.00540	0.00562	0.00315	0.00360	0.00540	0.00742	0.00990	0.02137	0.86122	0.02564	0.01215	0.00495	0.00157	0.00225	0.01102	0.00360	0.00315
56	0.00802	0.09961	0.76624	0.01063	0.01614	0.00960	0.01360	0.01221	0.00816	0.01198	0.00681	0.00800	0.00492	0.00365	0.00357	0.00119	0.00558	0.00279	0.00164	0.00566
57	0.01403	0.01731	0.01146	0.01125	0.08981	0.73722	0.00790	0.04626	0.01106	0.01036	0.00624	0.00732	0.00516	0.00397	0.00354	0.00102	0.00666	0.00263	0.00206	0.00473
58	0.00547	0.00396	0.00516	0.00486	0.00578	0.00365	0.00365	0.00729	0.01094	0.01547	0.82538	0.02909	0.04877	0.00795	0.00457	0.00122	0.00183	0.00703	0.00426	0.00365
59	0.00926	0.00887	0.01513	0.14596	0.72002	0.00912	0.01173	0.01160	0.00867	0.01226	0.00723	0.00970	0.00600	0.00352	0.00384	0.00117	0.00469	0.00345	0.00189	0.00587
60	0.00778	0.02005	0.84367	0.01105	0.01678	0.00900	0.01432	0.01228	0.00818	0.01228	0.00696	0.00818	0.00491	0.00368	0.00368	0.00123	0.00573	0.00286	0.00164	0.00573
61	0.00610	0.00436	0.00608	0.00698	0.00781	0.00434	0.00600	0.00778	0.00878	0.01144	0.02061	0.12060	0.02262	0.01084	0.00532	0.00177	0.00345	0.73802	0.00357	0.00353
62	0.00673	0.00337	0.00505	0.00505	0.00505	0.00337	0.00337	0.00505	0.00505	0.00673	0.00673	0.01178	0.00673	0.01347	0.01515	0.88721	0.00337	0.00337	0.00168	0.00168
63	0.00964	0.00842	0.00948	0.00951	0.09452	0.00960	0.00672	0.01971	0.74871	0.01586	0.01492	0.01397	0.01125	0.00508	0.00393	0.00130	0.00322	0.00429	0.00374	0.00614
64	0.00778	0.02005	0.84367	0.01105	0.01678	0.00900	0.01432	0.01228	0.00818	0.01228	0.00696	0.00818	0.00491	0.00368	0.00368	0.00123	0.00573	0.00286	0.00164	0.00573
65	0.00655	0.09288	0.00855	0.08630	0.00946	0.03167	0.05152	0.00823	0.04128	0.01106	0.13691	0.39816	0.04209	0.00855	0.00470	0.00138	0.03209	0.02165	0.00313	0.00384
66	0.00776	0.00677	0.00804	0.00602	0.00892	0.00567	0.00483	0.00932	0.00790	0.01209	0.00975	0.01084	0.08394	0.00392	0.00403	0.00076	0.08970	0.00296	0.00236	0.71440
67	0.00742	0.00699	0.01181	0.81781	0.06254	0.00864	0.01082	0.00999	0.00780	0.01003	0.00691	0.01030	0.00521	0.00386	0.00387	0.00129	0.00514	0.00345	0.00173	0.00439
68	0.01121	0.00805	0.00956	0.00916	0.09445	0.00854	0.00654	0.07314	0.45740	0.17100	0.01401	0.02214	0.01912	0.00489	0.00386	0.00121	0.00331	0.00409	0.00376	0.07457
69	0.80824	0.00766	0.00664	0.00686	0.08574	0.00875	0.00492	0.01144	0.00681	0.01695	0.00558	0.00661	0.00438	0.00359	0.00253	0.00120	0.00315	0.00223	0.00235	0.00438
70	0.00921	0.00872	0.01474	0.02202	0.76117	0.00869	0.01112	0.01147	0.00903	0.01294	0.08536	0.01142	0.00900	0.00387	0.00391	0.00116	0.00434	0.00379	0.00214	0.00591
71	0.87799	0.00755	0.00579	0.00516	0.00757	0.00875	0.00425	0.02363	0.00677	0.01750	0.00546	0.00634	0.00423	0.00361	0.00242	0.00120	0.00302	0.00212	0.00242	0.00423
72	0.00889	0.00964	0.09222	0.05579	0.63353	0.01798	0.01118	0.01123	0.00860	0.01219	0.00866	0.09616	0.00796	0.00438	0.00393	0.00121	0.00452	0.00416	0.00206	0.00570
73	0.00955	0.00884	0.02437	0.02097	0.71026	0.00876	0.01080	0.04540	0.00914	0.01333	0.00792	0.01006	0.00653	0.00361	0.00372	0.00113	0.00432	0.00346	0.09192	0.00590

[dist]
# distance from previous block
# <min> <max>
0	6

[block]
# block no. 1 follows, 70 sequences, length 31
# corresponding to MSA columns:
# 100-130
name=unknown_B
#
# <colnr> <probs for GDERKNQSTAVLIFYWHMCP>
#	G	D	E	R	K	N	Q	S	T	A	V	L	I	F	Y	W	H	M	C	P
0	0.15220	0.00717	0.00856	0.00732	0.04202	0.00712	0.00567	0.14762	0.03351	0.39210	0.14333	0.01387	0.01247	0.00504	0.00377	0.00120	0.00322	0.00404	0.00405	0.00572
1	0.00947	0.00913	0.01494	0.02223	0.76487	0.03140	0.01126	0.01171	0.00902	0.01276	0.05950	0.01074	0.00803	0.00375	0.00388	0.00115	0.00450	0.00365	0.00207	0.00594
2	0.00957	0.00692	0.00825	0.00598	0.00935	0.00538	0.00481	0.02657	0.00869	0.13722	0.00820	0.00884	0.00634	0.00319	0.00304	0.00068	0.00296	0.00256	0.00270	0.73875
3	0.00549	0.00396	0.00516	0.00486	0.00575	0.00366	0.00362	0.00727	0.01084	0.01534	0.81669	0.02887	0.03601	0.02954	0.00496	0.00128	0.00188	0.00698	0.00422	0.00362
4	0.01462	0.01721	0.01098	0.00975	0.01191	0.72718	0.00741	0.10070	0.01175	0.04398	0.00671	0.00748	0.00534	0.00410	0.00355	0.00102	0.00656	0.00266	0.00231	0.00480
5	0.00941	0.00908	0.01566	0.08688	0.74982	0.00919	0.03939	0.01176	0.00876	0.01245	0.00728	0.00968	0.00606	0.00348	0.00387	0.00117	0.00471	0.00349	0.00191	0.00597
6	0.01036	0.86609	0.02032	0.00663	0.00995	0.01534	0.00663	0.01161	0.00788	0.00912	0.00539	0.00622	0.00498	0.00332	0.00249	0.00083	0.00415	0.00207	0.00166	0.00498
7	0.00765	0.00723	0.01223	0.73272	0.14581	0.00870	0.01093	0.01020	0.00791	0.01031	0.00695	0.01023	0.00531	0.00381	0.00387	0.00127	0.00509	0.00345	0.00175	0.00458
8	0.00560	0.00381	0.00454	0.00456	0.00467	0.00391	0.00276	0.00583	0.00577	0.00780	0.01216	0.04401	0.01371	0.71696	0.14471	0.00408	0.00472	0.00554	0.00234	0.00254
9	0.00458	0.00393	0.00393	0.00393	0.00524	0.00327	0.00295	0.00556	0.00884	0.01047	0.03927	0.03731	0.83800	0.00982	0.00458	0.00131	0.00196	0.00818	0.00360	0.00327
10	0.01398	0.01043	0.01123	0.00862	0.01171	0.01136	0.00709	0.72790	0.04806	0.02314	0.00935	0.00940	0.00672	0.00453	0.00380	0.00112	0.00410	0.00342	0.00375	0.08031
11	0.00960	0.00921	0.01574	0.02380	0.83957	0.00921	0.01190	0.01190	0.00883	0.01267	0.00729	0.00960	0.00614	0.00345	0.00384	0.00115	0.00461	0.00345	0.00192	0.00614
12	0.00625	0.00446	0.00625	0.00714	0.00803	0.00446	0.00625	0.00803	0.00892	0.01160	0.02053	0.04373	0.02231	0.01071	0.00535	0.00178	0.00357	0.81348	0.00357	0.00357
13	0.00564	0.00376	0.00423	0.00423	0.00423	0.00376	0.00235	0.00564	0.00564	0.00752	0.01222	0.02537	0.01409	0.86375	0.01973	0.00376	0.00376	0.00564	0.00235	0.00235
14	0.00472	0.00340	0.00447	0.00532	0.00560	0.00316	0.00357	0.00541	0.00749	0.00993	0.02227	0.81990	0.06638	0.01203	0.00493	0.00156	0.00223	0.01088	0.00360	0.00316
15	0.00732	0.00689	0.01163	0.85444	0.02670	0.00861	0.01077	0.00991	0.00775	0.00991	0.00689	0.01034	0.00517	0.00388	0.00388	0.00129	0.00517	0.00345	0.00172	0.00431
16	0.89114	0.00750	0.00570	0.00510	0.00750	0.00870	0.00420	0.01140	0.00660	0.01739	0.00540	0.00630	0.00420	0.00360	0.00240	0.00120	0.00300	0.00210	0.00240	0.00420
17	0.01036	0.86609	0.02032	0.00663	0.00995	0.01534	0.00663	0.01161	0.00788	0.00912	0.00539	0.00622	0.00498	0.00332	0.00249	0.00083	0.00415	0.00207	0.00166	0.00498
18	0.01504	0.01037	0.01133	0.00869	0.01178	0.01130	0.00718	0.73443	0.01741	0.11780	0.00999	0.00975	0.00694	0.00467	0.00388	0.00117	0.00416	0.00354	0.00398	0.00659
19	0.00549	0.00396	0.00518	0.00488	0.00579	0.00366	0.00366	0.00732	0.01097	0.01555	0.83752	0.02896	0.03658	0.00793	0.00457	0.00122	0.00183	0.00701	0.00427	0.00366
20	0.00464	0.00393	0.00400	0.00398	0.00527	0.00330	0.00299	0.00567	0.00896	0.01077	0.08657	0.03682	0.79052	0.00971	0.00458	0.00130	0.00196	0.00811	0.00364	0.00330
21	0.00479	0.00347	0.00453	0.00531	0.00566	0.00321	0.00362	0.00557	0.00773	0.01026	0.06350	0.74404	0.08154	0.01174	0.00491	0.00154	0.00224	0.02950	0.00363	0.00319
22	0.00539	0.00396	0.00505	0.00478	0.00573	0.00362	0.00358	0.00713	0.01075	0.01501	0.75272	0.02985	0.12172	0.00813	0.00457	0.00123	0.00184	0.00714	0.00420	0.00362
23	0.00497	0.00361	0.00469	0.00513	0.00566	0.00333	0.00358	0.00605	0.00871	0.01184	0.29758	0.52886	0.08044	0.01058	0.00480	0.00144	0.00209	0.00949	0.00382	0.00333
24	0.00777	0.00735	0.01244	0.69103	0.18661	0.00873	0.01099	0.01030	0.00796	0.01045	0.00697	0.01019	0.00536	0.00379	0.00387	0.00126	0.00506	0.00345	0.00176	0.00467
25	0.01392	0.01756	0.01062	0.00967	0.01160	0.79505	0.00725	0.01497	0.01099	0.00987	0.05831	0.00837	0.00698	0.00424	0.00356	0.00101	0.00667	0.00278	0.00214	0.00444
26	0.00804	0.00689	0.00804	0.00574	0.00919	0.00517	0.00459	0.00976	0.00804	0.01263	0.00689	0.00804	0.00574	0.00287	0.00287	0.00057	0.00287	0.00230	0.00230	0.88745
27	0.03693	0.00515	0.00632	0.00681	0.03752	0.03321	0.02227	0.08041	0.00867	0.03238	0.01825	0.65558	0.02095	0.01021	0.00464	0.00147	0.00282	0.00915	0.00346	0.00378
28	0.01536	0.00719	0.03986	0.00736	0.01023	0.00613	0.03402	0.07074	0.01104	0.64846	0.01492	0.09477	0.01065	0.00541	0.00401	0.00124	0.00346	0.00455	0.00441	0.00618
29	0.05446	0.00830	0.00970	0.00874	0.04323	0.02021	0.05771	0.04764	0.55666	0.08419	0.01461	0.04155	0.02516	0.00521	0.00393	0.00129	0.00341	0.00443	0.00369	0.00587
30	0.03608	0.00745	0.00930	0.06102	0.03819	0.05433	0.01947	0.06100	0.05025	0.50001	0.06774	0.05574	0.01127	0.00518	0.00394	0.00122	0.00361	0.00430	0.00406	0.00585

[dist]
# distance from previous block
# <min> <max>
0	205

# created by:
# /st0/software/busco_prod/Augustus/scripts/msa2prfl.pl ./align_prep/147640.fa
