[name]
unknown

[dist]
# distance from previous block
# <min> <max>
1	44

[block]
# block no. 0 follows, 62 sequences, length 10
# corresponding to MSA columns:
# 53-62
name=unknown_A
#
# <colnr> <probs for GDERKNQSTAVLIFYWHMCP>
#	G	D	E	R	K	N	Q	S	T	A	V	L	I	F	Y	W	H	M	C	P
0	0.02558	0.37862	0.01522	0.00836	0.04340	0.01198	0.00696	0.07537	0.06023	0.09809	0.02831	0.12288	0.01049	0.00575	0.00442	0.00122	0.06539	0.00438	0.00293	0.03042
1	0.01259	0.05348	0.01207	0.15932	0.01499	0.03892	0.02659	0.30805	0.12331	0.08421	0.01141	0.04592	0.00893	0.02399	0.02916	0.00153	0.00480	0.00427	0.00351	0.03295
2	0.04372	0.00741	0.00693	0.00651	0.00799	0.12375	0.00488	0.01016	0.05990	0.04042	0.10789	0.11760	0.21860	0.07182	0.04001	0.01974	0.02084	0.02762	0.00344	0.06076
3	0.03571	0.18400	0.01295	0.04787	0.07874	0.04736	0.06354	0.05006	0.01052	0.11906	0.12191	0.07055	0.07059	0.00637	0.00427	0.00131	0.00414	0.06250	0.00329	0.00526
4	0.01250	0.19165	0.06705	0.01008	0.03647	0.31964	0.03059	0.06647	0.06705	0.01246	0.00920	0.01037	0.03964	0.02016	0.00459	0.00121	0.04920	0.00334	0.00245	0.04589
5	0.04892	0.00630	0.00793	0.00687	0.00853	0.00647	0.03768	0.06992	0.08357	0.06920	0.41114	0.02548	0.13289	0.00772	0.00530	0.00139	0.05523	0.00649	0.00419	0.00479
6	0.14110	0.00720	0.04885	0.00636	0.00796	0.05740	0.00509	0.06056	0.00963	0.01373	0.07694	0.21485	0.20212	0.07751	0.00598	0.00169	0.00338	0.05202	0.00348	0.00414
7	0.27725	0.00961	0.00920	0.06295	0.05241	0.10943	0.00659	0.16405	0.04562	0.01676	0.00916	0.06206	0.00782	0.00598	0.00500	0.07858	0.02059	0.00378	0.04814	0.00501
8	0.00847	0.00575	0.00689	0.00650	0.00781	0.00565	0.00479	0.15148	0.01071	0.06621	0.06853	0.35822	0.08404	0.09521	0.00696	0.02631	0.00317	0.03457	0.00387	0.04489
9	0.00988	0.00789	0.03810	0.08969	0.04765	0.00772	0.10852	0.04320	0.15988	0.11671	0.03640	0.01914	0.06428	0.22188	0.00889	0.00209	0.00441	0.00523	0.00329	0.00514

[dist]
# distance from previous block
# <min> <max>
1	4

[block]
# block no. 1 follows, 62 sequences, length 106
# corresponding to MSA columns:
# 67-172
name=unknown_B
#
# <colnr> <probs for GDERKNQSTAVLIFYWHMCP>
#	G	D	E	R	K	N	Q	S	T	A	V	L	I	F	Y	W	H	M	C	P
0	0.01179	0.26463	0.03947	0.04458	0.11475	0.03219	0.00801	0.08787	0.08100	0.11218	0.01126	0.01321	0.02698	0.00497	0.00396	0.00121	0.01875	0.04647	0.05308	0.02362
1	0.02082	0.00826	0.00974	0.05612	0.02187	0.00765	0.00622	0.15605	0.07268	0.08500	0.04061	0.01206	0.03353	0.00440	0.00373	0.00098	0.00358	0.00355	0.00329	0.44985
2	0.00518	0.00370	0.00494	0.00592	0.00617	0.00346	0.00395	0.00592	0.00815	0.01086	0.02345	0.84768	0.02814	0.01333	0.00543	0.00173	0.00247	0.01210	0.00395	0.00346
3	0.01138	0.12198	0.01228	0.02635	0.03466	0.24321	0.03177	0.04794	0.19152	0.01346	0.07096	0.03810	0.07035	0.00583	0.00478	0.00129	0.06131	0.00446	0.00304	0.00535
4	0.01239	0.01053	0.01155	0.01122	0.11144	0.04706	0.00796	0.24336	0.45760	0.01955	0.01370	0.01327	0.01027	0.00528	0.00427	0.00136	0.00413	0.00432	0.00394	0.00680
5	0.00619	0.00413	0.00464	0.00464	0.00464	0.00413	0.00258	0.00619	0.00619	0.00825	0.01341	0.02785	0.01547	0.85046	0.02166	0.00413	0.00413	0.00619	0.00258	0.00258
6	0.14300	0.00710	0.00864	0.09414	0.01145	0.00702	0.00606	0.04827	0.05713	0.26099	0.08014	0.11769	0.01322	0.00599	0.00409	0.00129	0.00348	0.00497	0.00384	0.12150
7	0.00928	0.09649	0.62315	0.01359	0.13247	0.01049	0.01439	0.01349	0.00911	0.02854	0.00770	0.00911	0.00569	0.00399	0.00395	0.00129	0.00590	0.00318	0.00191	0.00629
8	0.00666	0.00484	0.00659	0.00746	0.00849	0.00476	0.00647	0.00853	0.00979	0.01260	0.02471	0.04725	0.10913	0.01165	0.00579	0.00190	0.00373	0.71184	0.00392	0.00388
9	0.00759	0.00400	0.00568	0.00562	0.00580	0.00407	0.00382	0.00668	0.04866	0.00839	0.00826	0.01325	0.00787	0.01378	0.01525	0.78336	0.00359	0.00377	0.04834	0.00222
10	0.00625	0.00444	0.00667	0.00667	0.00732	0.00510	0.00510	0.00732	0.00667	0.00955	0.01086	0.01621	0.01021	0.02963	0.72495	0.12246	0.01037	0.00444	0.00222	0.00354
11	0.00971	0.01025	0.01748	0.01337	0.01565	0.03043	0.33795	0.01185	0.00838	0.01208	0.00709	0.01011	0.00603	0.00527	0.00874	0.00152	0.37812	0.00409	0.00207	0.10984
12	0.00569	0.00446	0.00518	0.00505	0.00629	0.00400	0.00384	0.00748	0.02842	0.01424	0.39788	0.03655	0.40819	0.00976	0.00505	0.00142	0.00220	0.04613	0.00429	0.00387
13	0.00624	0.00410	0.00473	0.00475	0.00476	0.00411	0.00271	0.00618	0.00619	0.00827	0.01319	0.03848	0.01513	0.77962	0.03575	0.05032	0.00421	0.00611	0.00255	0.00257
14	0.00518	0.00370	0.00494	0.00592	0.00617	0.00346	0.00395	0.00592	0.00815	0.01086	0.02345	0.84768	0.02814	0.01333	0.00543	0.00173	0.00247	0.01210	0.00395	0.00346
15	0.00739	0.00370	0.00554	0.00554	0.00554	0.00370	0.00370	0.00554	0.00554	0.00739	0.00739	0.01293	0.00739	0.01478	0.01663	0.87620	0.00370	0.00370	0.00185	0.00185
16	0.01755	0.00828	0.01071	0.00834	0.01130	0.00818	0.00690	0.15703	0.01294	0.60088	0.01445	0.01319	0.00943	0.00547	0.00530	0.00137	0.09284	0.00414	0.00473	0.00697
17	0.00551	0.00375	0.00482	0.00567	0.00598	0.00354	0.00379	0.00636	0.00815	0.01129	0.02205	0.72749	0.02582	0.04505	0.00580	0.00174	0.00248	0.01100	0.09623	0.00348
18	0.05266	0.00433	0.00471	0.00467	0.00497	0.00438	0.00282	0.00702	0.00687	0.01014	0.05614	0.03537	0.01587	0.66023	0.01757	0.00346	0.00372	0.00589	0.09625	0.00292
19	0.01618	0.01192	0.01277	0.00979	0.01320	0.01320	0.00809	0.80973	0.02001	0.02682	0.01022	0.01022	0.00724	0.00511	0.00426	0.00128	0.00468	0.00383	0.00426	0.00724
20	0.01618	0.01192	0.01277	0.00979	0.01320	0.01320	0.00809	0.80973	0.02001	0.02682	0.01022	0.01022	0.00724	0.00511	0.00426	0.00128	0.00468	0.00383	0.00426	0.00724
21	0.00581	0.00441	0.00490	0.00481	0.00613	0.00381	0.00361	0.00710	0.01020	0.04072	0.21716	0.06758	0.55434	0.02538	0.00534	0.00148	0.00226	0.02701	0.00414	0.00380
22	0.00596	0.00406	0.00470	0.00486	0.00499	0.00399	0.00287	0.00618	0.00679	0.00902	0.03310	0.17046	0.05060	0.65426	0.01783	0.00354	0.00372	0.00735	0.00291	0.00280
23	0.00581	0.00434	0.00539	0.00513	0.00622	0.00392	0.00384	0.00761	0.01153	0.01585	0.65236	0.03378	0.21021	0.00915	0.00502	0.00136	0.00204	0.00797	0.00452	0.00392
24	0.00924	0.00903	0.01255	0.01079	0.01084	0.01255	0.00897	0.01022	0.00664	0.01054	0.00603	0.00966	0.00587	0.00732	0.01338	0.00182	0.79799	0.00374	0.04822	0.00462
25	0.12715	0.00798	0.00835	0.00759	0.00975	0.00896	0.00591	0.01817	0.51805	0.04833	0.10436	0.05978	0.03568	0.00641	0.00427	0.00143	0.00315	0.01467	0.00414	0.00589
26	0.04094	0.00467	0.00481	0.00462	0.00609	0.00428	0.00352	0.00869	0.03133	0.05829	0.06908	0.03049	0.47419	0.00845	0.00434	0.00130	0.00226	0.00698	0.23166	0.00404
27	0.01791	0.00689	0.00925	0.00719	0.01024	0.00601	0.00591	0.01959	0.01183	0.74081	0.01648	0.01463	0.01057	0.00523	0.00414	0.00128	0.00345	0.00425	0.09746	0.00689
28	0.26360	0.00777	0.00900	0.00713	0.01024	0.00756	0.00589	0.06106	0.01120	0.55418	0.01335	0.01210	0.00867	0.00488	0.00381	0.00131	0.00358	0.00369	0.00446	0.00649
29	0.04882	0.00522	0.00644	0.00621	0.00756	0.00498	0.00463	0.03227	0.04449	0.15918	0.18634	0.33817	0.08907	0.02049	0.00512	0.00154	0.00275	0.02788	0.00428	0.00456
30	0.00531	0.00432	0.00469	0.00460	0.00592	0.00371	0.00345	0.00664	0.01035	0.01305	0.25987	0.03840	0.60446	0.01020	0.00503	0.00141	0.00211	0.00862	0.00416	0.00371
31	0.01617	0.00661	0.00851	0.00676	0.00948	0.00597	0.00551	0.05052	0.01168	0.59036	0.01579	0.01465	0.01049	0.00518	0.00395	0.00123	0.00325	0.00418	0.22329	0.00642
32	0.00617	0.00413	0.00463	0.00463	0.00466	0.00411	0.00259	0.00619	0.00626	0.00831	0.01398	0.02810	0.03114	0.83415	0.02133	0.00407	0.00409	0.00624	0.00260	0.00260
33	0.17913	0.00614	0.00717	0.00645	0.00833	0.00623	0.00502	0.01303	0.06972	0.23262	0.15153	0.14732	0.01743	0.01971	0.09245	0.00201	0.00388	0.00579	0.02097	0.00507
34	0.01001	0.00856	0.00912	0.00837	0.01055	0.00983	0.00644	0.02084	0.73048	0.01706	0.01797	0.10414	0.01460	0.00657	0.00445	0.00147	0.00327	0.00558	0.00429	0.00639
35	0.00518	0.00370	0.00494	0.00592	0.00617	0.00346	0.00395	0.00592	0.00815	0.01086	0.02345	0.84768	0.02814	0.01333	0.00543	0.00173	0.00247	0.01210	0.00395	0.00346
36	0.00812	0.00766	0.01284	0.79812	0.04106	0.00959	0.01175	0.01088	0.00846	0.01090	0.00750	0.01126	0.00569	0.00436	0.00460	0.00143	0.03536	0.00378	0.00189	0.00476
37	0.01035	0.01011	0.01780	0.06859	0.70351	0.01014	0.09055	0.01300	0.00966	0.01371	0.00804	0.01067	0.00666	0.00380	0.00429	0.00129	0.00529	0.00391	0.00210	0.00654
38	0.00931	0.00931	0.01303	0.01117	0.01117	0.01303	0.00931	0.01024	0.00652	0.01024	0.00559	0.00931	0.00559	0.00745	0.01396	0.00186	0.84267	0.00372	0.00186	0.00465
39	0.01030	0.01004	0.01620	0.07440	0.62637	0.02855	0.01228	0.01256	0.00916	0.01305	0.00756	0.01032	0.00646	0.00442	0.00577	0.00137	0.13916	0.00376	0.00206	0.00624
40	0.00615	0.00427	0.00538	0.00543	0.00570	0.00449	0.00357	0.00668	0.00654	0.00894	0.01335	0.04852	0.01463	0.55553	0.26567	0.00481	0.00627	0.02850	0.00257	0.00301
41	0.88052	0.00823	0.00625	0.00560	0.00823	0.00955	0.00461	0.01251	0.00724	0.01909	0.00592	0.00691	0.00461	0.00395	0.00263	0.00132	0.00329	0.00230	0.00263	0.00461
42	0.00981	0.00938	0.01598	0.26012	0.59552	0.00992	0.01270	0.01243	0.00935	0.01303	0.00788	0.01076	0.00643	0.00392	0.00422	0.00131	0.00523	0.00379	0.00204	0.00616
43	0.00613	0.00413	0.00478	0.00483	0.00488	0.00415	0.00280	0.00625	0.00633	0.00848	0.01383	0.07066	0.01588	0.76191	0.06466	0.00414	0.00443	0.00641	0.00263	0.00269
44	0.00623	0.00412	0.00462	0.00462	0.00465	0.00412	0.00259	0.00629	0.00626	0.00846	0.01342	0.02752	0.01535	0.82773	0.02116	0.00404	0.00407	0.00613	0.02600	0.00262
45	0.01123	0.00881	0.00999	0.00734	0.01100	0.00785	0.00595	0.24067	0.01213	0.04085	0.00859	0.00939	0.00669	0.00377	0.00350	0.00084	0.00360	0.00295	0.00310	0.60175
46	0.00535	0.00417	0.00485	0.00500	0.00602	0.00368	0.00363	0.00660	0.00998	0.01290	0.25706	0.23662	0.40730	0.01082	0.00512	0.00148	0.00219	0.00938	0.00416	0.00368
47	0.01795	0.00423	0.00539	0.00588	0.00638	0.00404	0.00400	0.01960	0.00838	0.05596	0.05130	0.56155	0.02446	0.17089	0.00839	0.00214	0.00293	0.03912	0.00378	0.00361
48	0.00511	0.00422	0.00449	0.00461	0.00585	0.00360	0.00339	0.00619	0.00961	0.01173	0.08631	0.16045	0.65770	0.01103	0.00509	0.00147	0.00219	0.00937	0.00399	0.00360
49	0.00526	0.00396	0.00484	0.00538	0.00604	0.00357	0.00373	0.00623	0.00901	0.01172	0.12348	0.50735	0.25266	0.02904	0.00560	0.00165	0.00236	0.01058	0.00401	0.00354
50	0.00586	0.00448	0.00529	0.00519	0.00628	0.00410	0.00381	0.02361	0.02478	0.01421	0.38725	0.14057	0.30764	0.04083	0.00566	0.00153	0.00228	0.00853	0.00424	0.00386
51	0.00680	0.00470	0.00657	0.00740	0.00826	0.00467	0.00629	0.00829	0.00933	0.01217	0.03880	0.07446	0.03688	0.01205	0.00697	0.09469	0.00377	0.65049	0.00372	0.00368
52	0.88052	0.00823	0.00625	0.00560	0.00823	0.00955	0.00461	0.01251	0.00724	0.01909	0.00592	0.00691	0.00461	0.00395	0.00263	0.00132	0.00329	0.00230	0.00263	0.00461
53	0.00612	0.00443	0.00550	0.00526	0.00622	0.00415	0.00387	0.00805	0.02988	0.01546	0.60099	0.03169	0.11068	0.10210	0.00680	0.00166	0.00232	0.02163	0.02929	0.00388
54	0.03909	0.00419	0.00511	0.00544	0.00610	0.00396	0.00378	0.00685	0.00914	0.01266	0.24406	0.38768	0.11760	0.11530	0.00719	0.00187	0.00256	0.01991	0.00393	0.00357
55	0.13711	0.00904	0.00980	0.00823	0.01083	0.02025	0.02622	0.26259	0.20359	0.07837	0.01352	0.11871	0.01139	0.00615	0.00417	0.00137	0.00380	0.01878	0.01513	0.04095
56	0.00903	0.00769	0.00894	0.00640	0.01017	0.00589	0.00513	0.03357	0.00914	0.01424	0.00764	0.00886	0.00633	0.00321	0.00318	0.00065	0.00319	0.00256	0.00257	0.85160
57	0.00845	0.00480	0.00620	0.00599	0.00728	0.00434	0.00446	0.00993	0.02106	0.18690	0.22836	0.32664	0.13286	0.00995	0.00502	0.00150	0.00260	0.02475	0.00442	0.00448
58	0.00981	0.00809	0.00883	0.00800	0.01010	0.00905	0.00627	0.08315	0.53334	0.01776	0.14203	0.03988	0.04147	0.00687	0.00457	0.00145	0.00324	0.05573	0.00433	0.00601
59	0.06640	0.01062	0.01135	0.00887	0.01205	0.01156	0.00727	0.58202	0.07441	0.06685	0.01086	0.01086	0.00780	0.00498	0.00404	0.00124	0.00423	0.00377	0.04773	0.05308
60	0.88052	0.00823	0.00625	0.00560	0.00823	0.00955	0.00461	0.01251	0.00724	0.01909	0.00592	0.00691	0.00461	0.00395	0.00263	0.00132	0.00329	0.00230	0.00263	0.00461
61	0.00755	0.00521	0.00624	0.00579	0.00725	0.00490	0.00447	0.06925	0.02834	0.07403	0.38200	0.07523	0.25340	0.00911	0.00496	0.00142	0.00252	0.04955	0.00440	0.00439
62	0.00733	0.00463	0.00570	0.00539	0.00670	0.00411	0.00403	0.00881	0.01075	0.12025	0.36562	0.13422	0.27067	0.02586	0.00530	0.00147	0.00236	0.00816	0.00441	0.00421
63	0.01576	0.01190	0.01244	0.00966	0.01294	0.03832	0.00793	0.73438	0.05519	0.02569	0.01049	0.01050	0.00751	0.00511	0.00422	0.00127	0.00466	0.00384	0.02110	0.00708
64	0.01594	0.01169	0.01252	0.00962	0.01296	0.01293	0.00794	0.78679	0.01969	0.02650	0.01032	0.01038	0.00734	0.00510	0.00422	0.00127	0.00460	0.00383	0.02920	0.00714
65	0.04878	0.00694	0.00906	0.00718	0.01017	0.00614	0.00590	0.01858	0.02797	0.67086	0.01936	0.01800	0.09689	0.00600	0.00434	0.00135	0.00346	0.02740	0.00497	0.00665
66	0.01455	0.00660	0.00858	0.00702	0.00946	0.00607	0.00558	0.03297	0.06922	0.50934	0.15018	0.01969	0.01646	0.09573	0.00629	0.00164	0.00342	0.02634	0.00476	0.00608
67	0.00525	0.00432	0.00462	0.00454	0.00588	0.00369	0.00341	0.00653	0.01022	0.01273	0.21650	0.03891	0.64802	0.01031	0.00503	0.00141	0.00212	0.00869	0.00411	0.00369
68	0.01909	0.00724	0.00987	0.00757	0.01086	0.00625	0.00625	0.02074	0.01218	0.82687	0.01679	0.01448	0.01053	0.00527	0.00428	0.00132	0.00362	0.00428	0.00527	0.00724
69	0.00681	0.00443	0.00513	0.00503	0.00522	0.00448	0.00306	0.04069	0.00688	0.00927	0.01289	0.02574	0.01438	0.68114	0.01947	0.09640	0.00404	0.02698	0.02520	0.00277
70	0.00585	0.00434	0.00545	0.00517	0.00625	0.00394	0.00388	0.00770	0.01164	0.01610	0.68676	0.03337	0.17566	0.00906	0.00502	0.00136	0.00203	0.00792	0.00456	0.00394
71	0.00709	0.00615	0.00990	0.00880	0.00980	0.00729	0.09126	0.00872	0.00712	0.01034	0.01005	0.01482	0.00928	0.02447	0.59706	0.00536	0.16168	0.00446	0.00219	0.00416
72	0.02443	0.00815	0.01265	0.71515	0.02679	0.00995	0.01119	0.11714	0.01002	0.01314	0.00789	0.01112	0.00586	0.00436	0.00423	0.00140	0.00550	0.00376	0.00222	0.00506
73	0.01744	0.00878	0.00996	0.00794	0.01091	0.09449	0.00642	0.07289	0.03542	0.60514	0.01500	0.01385	0.00995	0.02111	0.02600	0.00148	0.00428	0.00413	0.02807	0.00672
74	0.01673	0.01104	0.01222	0.00937	0.01276	0.01189	0.00774	0.66085	0.01853	0.17778	0.01146	0.01102	0.00786	0.00514	0.00426	0.00128	0.00448	0.00392	0.00445	0.00724
75	0.07437	0.04786	0.03342	0.03660	0.02276	0.12601	0.00761	0.40959	0.04167	0.03025	0.01315	0.01393	0.09376	0.00558	0.00414	0.00129	0.00473	0.02367	0.00355	0.00605
76	0.00586	0.00447	0.00625	0.00652	0.00718	0.00448	0.02631	0.00706	0.00856	0.01156	0.10633	0.41584	0.08438	0.04185	0.13876	0.00258	0.03054	0.08418	0.00360	0.00370
77	0.01038	0.02058	0.04306	0.01180	0.03437	0.00848	0.32113	0.04987	0.02045	0.06928	0.02040	0.01075	0.00723	0.00372	0.00410	0.00108	0.00499	0.00383	0.00265	0.35186
78	0.00661	0.00480	0.00652	0.00740	0.00840	0.00471	0.00638	0.00843	0.00973	0.01254	0.02474	0.07370	0.10925	0.01170	0.00577	0.00190	0.00368	0.68594	0.00392	0.00387
79	0.01328	0.01027	0.02261	0.00920	0.01250	0.05726	0.06724	0.29098	0.06913	0.12622	0.01103	0.01240	0.00839	0.00484	0.00422	0.00117	0.01547	0.03832	0.00361	0.22187
80	0.00908	0.00781	0.00941	0.00674	0.01053	0.00605	0.02812	0.03528	0.00920	0.01426	0.00767	0.00894	0.00634	0.00322	0.00324	0.00067	0.00331	0.00263	0.00256	0.82493
81	0.00571	0.00437	0.00548	0.00579	0.00661	0.00403	0.01803	0.03585	0.00941	0.01227	0.10500	0.50570	0.24258	0.01172	0.00523	0.00159	0.00250	0.01040	0.00400	0.00373
82	0.00685	0.00536	0.00775	0.00739	0.00808	0.00643	0.00582	0.00829	0.00750	0.02730	0.09697	0.04946	0.01359	0.02403	0.55752	0.00510	0.15088	0.00504	0.00259	0.00402
83	0.01909	0.00724	0.00987	0.00757	0.01086	0.00625	0.00625	0.02074	0.01218	0.82687	0.01679	0.01448	0.01053	0.00527	0.00428	0.00132	0.00362	0.00428	0.00527	0.00724
84	0.00617	0.00426	0.00564	0.00644	0.00704	0.00415	0.00495	0.00747	0.00881	0.01193	0.04025	0.37386	0.02462	0.08046	0.00675	0.00195	0.00315	0.32997	0.06853	0.00362
85	0.00596	0.00417	0.00487	0.00494	0.00550	0.00395	0.00330	0.00681	0.00849	0.01150	0.19192	0.12676	0.15496	0.36617	0.01204	0.00258	0.00304	0.03017	0.04961	0.00327
86	0.02897	0.00384	0.00561	0.00560	0.00569	0.00390	0.00378	0.00580	0.00564	0.00778	0.00751	0.01293	0.00745	0.01518	0.04818	0.82059	0.00399	0.00369	0.00188	0.00199
87	0.88052	0.00823	0.00625	0.00560	0.00823	0.00955	0.00461	0.01251	0.00724	0.01909	0.00592	0.00691	0.00461	0.00395	0.00263	0.00132	0.00329	0.00230	0.00263	0.00461
88	0.00625	0.00434	0.00506	0.00490	0.00609	0.00389	0.00366	0.00783	0.01059	0.03934	0.36721	0.07791	0.32122	0.00915	0.00477	0.00135	0.00213	0.00784	0.11254	0.00392
89	0.88052	0.00823	0.00625	0.00560	0.00823	0.00955	0.00461	0.01251	0.00724	0.01909	0.00592	0.00691	0.00461	0.00395	0.00263	0.00132	0.00329	0.00230	0.00263	0.00461
90	0.01004	0.01148	0.02511	0.01793	0.02224	0.01076	0.80846	0.01363	0.01004	0.01363	0.00861	0.01148	0.00646	0.00359	0.00502	0.00143	0.00717	0.00502	0.00215	0.00574
91	0.01054	0.00910	0.00960	0.00860	0.01104	0.01046	0.00669	0.02232	0.79623	0.01770	0.01708	0.01570	0.01282	0.00571	0.00430	0.00142	0.00336	0.00475	0.00428	0.02828
92	0.00590	0.00424	0.00525	0.00525	0.00617	0.00386	0.00380	0.00736	0.01043	0.02814	0.43440	0.20537	0.19146	0.05067	0.00587	0.00157	0.00226	0.00870	0.01550	0.00380
93	0.00599	0.00410	0.00537	0.00578	0.00640	0.00382	0.00409	0.00716	0.00944	0.03766	0.25835	0.47462	0.05509	0.05590	0.00614	0.00173	0.00252	0.04801	0.00413	0.00372
94	0.22700	0.00883	0.00943	0.00765	0.01055	0.00933	0.00624	0.26549	0.07000	0.21019	0.01268	0.03635	0.03360	0.00581	0.01887	0.00141	0.00390	0.01500	0.00397	0.04371
95	0.10255	0.00672	0.00841	0.00674	0.00954	0.00605	0.00549	0.01700	0.01128	0.57385	0.06490	0.01835	0.12262	0.00608	0.00424	0.00133	0.00327	0.00491	0.02047	0.00624
96	0.11503	0.00535	0.00572	0.00510	0.00671	0.00534	0.00392	0.03154	0.00936	0.17973	0.01337	0.01564	0.01047	0.09462	0.00521	0.00144	0.00276	0.00406	0.47998	0.00464
97	0.00575	0.00431	0.00538	0.00559	0.00655	0.00396	0.00425	0.00723	0.01018	0.01352	0.31749	0.18555	0.23775	0.02792	0.01533	0.00166	0.00259	0.13707	0.00416	0.00376
98	0.85404	0.00834	0.00645	0.00572	0.00838	0.00966	0.00471	0.03693	0.00763	0.01933	0.00606	0.00701	0.00469	0.00399	0.00268	0.00132	0.00333	0.00235	0.00268	0.00469
99	0.00616	0.00416	0.00482	0.00477	0.00492	0.00413	0.00282	0.00646	0.00699	0.00947	0.12232	0.02818	0.01871	0.72291	0.03339	0.00380	0.00396	0.00636	0.00286	0.00279
100	0.01058	0.00914	0.00962	0.00866	0.01106	0.01058	0.00673	0.02261	0.81623	0.01780	0.01732	0.01588	0.01299	0.00577	0.00433	0.00144	0.00337	0.00481	0.00433	0.00673
101	0.00804	0.00756	0.01276	0.84023	0.02931	0.00945	0.01182	0.01087	0.00851	0.01087	0.00756	0.01134	0.00567	0.00425	0.00425	0.00142	0.00567	0.00378	0.00189	0.00473
102	0.00508	0.00429	0.00440	0.00442	0.00579	0.00361	0.00330	0.00619	0.00975	0.01173	0.07928	0.07201	0.75409	0.01078	0.00504	0.00144	0.00216	0.00904	0.00399	0.00361
103	0.00518	0.00370	0.00494	0.00592	0.00617	0.00346	0.00395	0.00592	0.00815	0.01086	0.02345	0.84768	0.02814	0.01333	0.00543	0.00173	0.00247	0.01210	0.00395	0.00346
104	0.01909	0.00724	0.00987	0.00757	0.01086	0.00625	0.00625	0.02074	0.01218	0.82687	0.01679	0.01448	0.01053	0.00527	0.00428	0.00132	0.00362	0.00428	0.00527	0.00724
105	0.01052	0.00907	0.00957	0.00865	0.01103	0.01049	0.00674	0.02237	0.80226	0.01771	0.01741	0.01643	0.01319	0.00588	0.00436	0.00145	0.00338	0.01850	0.00432	0.00669

[dist]
# distance from previous block
# <min> <max>
0	1

# created by:
# /st0/software/busco_prod/Augustus/scripts/msa2prfl.pl ./align_prep/147797.fa
