[name]
unknown

[dist]
# distance from previous block
# <min> <max>
0	54

[block]
# block no. 0 follows, 59 sequences, length 42
# corresponding to MSA columns:
# 55-96
name=unknown_A
#
# <colnr> <probs for GDERKNQSTAVLIFYWHMCP>
#	G	D	E	R	K	N	Q	S	T	A	V	L	I	F	Y	W	H	M	C	P
0	0.00730	0.00541	0.00757	0.00838	0.00932	0.00568	0.00730	0.00925	0.00993	0.01303	0.02214	0.04698	0.02403	0.01189	0.00669	0.00203	0.06286	0.73217	0.00392	0.00412
1	0.01827	0.00867	0.01131	0.00967	0.06862	0.00824	0.00735	0.15849	0.04865	0.58894	0.01560	0.01403	0.01016	0.00535	0.00443	0.00136	0.00405	0.00435	0.00501	0.00746
2	0.14015	0.01085	0.01151	0.00912	0.01229	0.01202	0.00749	0.54823	0.05664	0.07091	0.01081	0.01113	0.00786	0.00714	0.06228	0.00175	0.00501	0.00388	0.00409	0.00684
3	0.63343	0.02659	0.00787	0.00651	0.00921	0.01014	0.00530	0.12708	0.02218	0.04330	0.00786	0.00958	0.00631	0.06370	0.00445	0.00156	0.00373	0.00301	0.00306	0.00516
4	0.00545	0.00390	0.00519	0.00610	0.00642	0.00363	0.00411	0.00632	0.00877	0.01178	0.08633	0.77847	0.03019	0.01346	0.00560	0.00176	0.00252	0.01220	0.00416	0.00363
5	0.00978	0.13039	0.66045	0.01185	0.01771	0.06887	0.01462	0.01415	0.00950	0.01329	0.00762	0.00894	0.00561	0.00417	0.00400	0.00132	0.00639	0.00312	0.00190	0.00632
6	0.06500	0.01293	0.01390	0.01084	0.01420	0.12706	0.09961	0.49732	0.02909	0.05490	0.01066	0.01107	0.02268	0.00507	0.00437	0.00133	0.00540	0.00401	0.00381	0.00676
7	0.00633	0.00460	0.00644	0.00642	0.00702	0.00511	0.00471	0.00755	0.00731	0.01035	0.06906	0.02136	0.01447	0.23558	0.56681	0.00599	0.00924	0.00539	0.00262	0.00364
8	0.00610	0.00450	0.00579	0.00560	0.00664	0.00419	0.00420	0.00796	0.01158	0.01607	0.61041	0.07293	0.13622	0.01129	0.06329	0.00183	0.00284	0.01995	0.00454	0.00407
9	0.14036	0.01842	0.01147	0.01040	0.01276	0.65130	0.00788	0.01738	0.06805	0.01265	0.00752	0.00845	0.00611	0.00459	0.00384	0.00120	0.00699	0.00293	0.00250	0.00520
10	0.01007	0.06951	0.01733	0.05109	0.01538	0.02791	0.20886	0.01186	0.00804	0.01153	0.00673	0.01011	0.00602	0.00623	0.01068	0.00172	0.51566	0.00408	0.00201	0.00518
11	0.01121	0.00956	0.01048	0.00907	0.01176	0.01073	0.02531	0.08321	0.65973	0.01882	0.03279	0.01576	0.01297	0.00577	0.00444	0.00143	0.00365	0.00482	0.00432	0.06416
12	0.00625	0.00451	0.00590	0.00556	0.00660	0.00417	0.00417	0.00833	0.01250	0.01771	0.81490	0.03299	0.04167	0.00903	0.00521	0.00139	0.00208	0.00799	0.00486	0.00417
13	0.01512	0.01123	0.01199	0.00934	0.01258	0.01226	0.00767	0.68741	0.01922	0.02554	0.01554	0.01522	0.12431	0.00615	0.00453	0.00135	0.00448	0.00475	0.00437	0.00696
14	0.00538	0.00448	0.00470	0.00465	0.00607	0.00380	0.00348	0.00665	0.01045	0.01285	0.16683	0.04100	0.69278	0.01084	0.00522	0.00148	0.00221	0.00911	0.00422	0.00380
15	0.00531	0.00444	0.00463	0.00467	0.00604	0.00375	0.00347	0.00648	0.01015	0.01233	0.10270	0.09465	0.70384	0.01119	0.00525	0.00150	0.00225	0.00943	0.00416	0.00375
16	0.01182	0.00990	0.01046	0.00916	0.01180	0.01138	0.00719	0.13609	0.69526	0.01983	0.01691	0.01563	0.01262	0.00589	0.00448	0.00147	0.00369	0.00485	0.00448	0.00707
17	0.01600	0.00961	0.01111	0.00868	0.01177	0.01003	0.01988	0.42709	0.03159	0.24807	0.02730	0.01322	0.00972	0.00538	0.00426	0.00130	0.00411	0.00424	0.12972	0.00693
18	0.01181	0.84744	0.02314	0.00756	0.01134	0.01748	0.00756	0.01323	0.00897	0.01039	0.00614	0.00708	0.00567	0.00378	0.00283	0.00094	0.00472	0.00236	0.00189	0.00567
19	0.87598	0.00854	0.00649	0.00581	0.00854	0.00991	0.00478	0.01298	0.00752	0.01982	0.00615	0.00717	0.00478	0.00410	0.00273	0.00137	0.00342	0.00239	0.00273	0.00478
20	0.00834	0.00785	0.01325	0.83417	0.03042	0.00981	0.01227	0.01128	0.00883	0.01128	0.00785	0.01178	0.00589	0.00442	0.00442	0.00147	0.00589	0.00393	0.00196	0.00491
21	0.01530	0.01860	0.01130	0.01033	0.01242	0.70808	0.00775	0.01657	0.01205	0.01163	0.00792	0.00919	0.00650	0.00464	0.00385	0.00112	0.00711	0.00303	0.12762	0.00498
22	0.00642	0.00428	0.00482	0.00482	0.00482	0.00428	0.00268	0.00642	0.00642	0.00856	0.01392	0.02890	0.01606	0.84478	0.02248	0.00428	0.00428	0.00642	0.00268	0.00268
23	0.00722	0.00563	0.00620	0.00564	0.00729	0.00531	0.00434	0.12208	0.01240	0.01609	0.28695	0.03484	0.45034	0.00964	0.00510	0.00143	0.00257	0.00812	0.00439	0.00442
24	0.87598	0.00854	0.00649	0.00581	0.00854	0.00991	0.00478	0.01298	0.00752	0.01982	0.00615	0.00717	0.00478	0.00410	0.00273	0.00137	0.00342	0.00239	0.00273	0.00478
25	0.01099	0.00949	0.00999	0.00899	0.01148	0.01099	0.00699	0.02347	0.80925	0.01848	0.01798	0.01648	0.01348	0.00599	0.00449	0.00150	0.00350	0.00499	0.00449	0.00699
26	0.00544	0.00388	0.00519	0.00621	0.00649	0.00363	0.00419	0.00624	0.00851	0.01134	0.02431	0.81700	0.02909	0.01379	0.00565	0.00180	0.00261	0.03691	0.00410	0.00360
27	0.01087	0.01043	0.01782	0.04534	0.79945	0.01048	0.01353	0.01350	0.01003	0.01436	0.00830	0.01095	0.00697	0.00395	0.00437	0.00132	0.00526	0.00393	0.00218	0.00695
28	0.87598	0.00854	0.00649	0.00581	0.00854	0.00991	0.00478	0.01298	0.00752	0.01982	0.00615	0.00717	0.00478	0.00410	0.00273	0.00137	0.00342	0.00239	0.00273	0.00478
29	0.00642	0.00428	0.00482	0.00482	0.00482	0.00428	0.00268	0.00642	0.00642	0.00856	0.01392	0.02890	0.01606	0.84478	0.02248	0.00428	0.00428	0.00642	0.00268	0.00268
30	0.01181	0.84744	0.02314	0.00756	0.01134	0.01748	0.00756	0.01323	0.00897	0.01039	0.00614	0.00708	0.00567	0.00378	0.00283	0.00094	0.00472	0.00236	0.00189	0.00567
31	0.01042	0.01191	0.02606	0.01862	0.02308	0.01117	0.80119	0.01415	0.01042	0.01415	0.00894	0.01191	0.00670	0.00372	0.00521	0.00149	0.00745	0.00521	0.00223	0.00596
32	0.01040	0.00862	0.00929	0.00855	0.01075	0.00980	0.00656	0.02091	0.67293	0.03812	0.01888	0.13577	0.01569	0.00711	0.00466	0.00154	0.00337	0.00607	0.00446	0.00651
33	0.00522	0.00447	0.00447	0.00447	0.00597	0.00373	0.00336	0.00634	0.01007	0.01193	0.04474	0.04250	0.81544	0.01119	0.00522	0.00149	0.00224	0.00932	0.00410	0.00373
34	0.01650	0.02105	0.01252	0.01138	0.01365	0.82705	0.00853	0.01764	0.01252	0.01081	0.00683	0.00796	0.00569	0.00455	0.00398	0.00114	0.00796	0.00284	0.00228	0.00512
35	0.00543	0.00418	0.00498	0.00547	0.00630	0.00373	0.00387	0.00648	0.00949	0.01215	0.10339	0.43529	0.34280	0.01232	0.00544	0.00164	0.00242	0.02673	0.00417	0.00371
36	0.00522	0.00447	0.00447	0.00447	0.00597	0.00373	0.00336	0.00634	0.01007	0.01193	0.04474	0.04250	0.81544	0.01119	0.00522	0.00149	0.00224	0.00932	0.00410	0.00373
37	0.00537	0.00389	0.00508	0.00603	0.00638	0.00360	0.00405	0.00616	0.00857	0.01132	0.02575	0.78668	0.08352	0.01365	0.00561	0.00177	0.00254	0.01233	0.00410	0.00360
38	0.01132	0.76604	0.03662	0.00749	0.01111	0.01630	0.00745	0.01286	0.00926	0.01103	0.06959	0.00916	0.00849	0.00420	0.00305	0.00099	0.00455	0.00282	0.00212	0.00557
39	0.00971	0.26209	0.59015	0.01113	0.01686	0.01235	0.01378	0.01377	0.00922	0.01294	0.00741	0.00867	0.00562	0.00407	0.00380	0.00127	0.00600	0.00300	0.00187	0.00628
40	0.01595	0.01195	0.01278	0.00999	0.01338	0.01330	0.00819	0.68988	0.13475	0.02648	0.01167	0.01145	0.00837	0.00540	0.00443	0.00135	0.00466	0.00412	0.00443	0.00744
41	0.01040	0.01016	0.01399	0.01205	0.01212	0.01388	0.00994	0.01116	0.00726	0.01135	0.00656	0.01068	0.00650	0.00818	0.01469	0.00206	0.82750	0.00410	0.00219	0.00522

[dist]
# distance from previous block
# <min> <max>
0	2

[block]
# block no. 1 follows, 59 sequences, length 54
# corresponding to MSA columns:
# 99-152
name=unknown_B
#
# <colnr> <probs for GDERKNQSTAVLIFYWHMCP>
#	G	D	E	R	K	N	Q	S	T	A	V	L	I	F	Y	W	H	M	C	P
0	0.00974	0.02326	0.81160	0.01311	0.01964	0.01072	0.01656	0.01457	0.00988	0.01480	0.00880	0.01053	0.00643	0.00478	0.00457	0.00156	0.00679	0.00355	0.00217	0.00696
1	0.00834	0.00785	0.01325	0.83417	0.03042	0.00981	0.01227	0.01128	0.00883	0.01128	0.00785	0.01178	0.00589	0.00442	0.00442	0.00147	0.00589	0.00393	0.00196	0.00491
2	0.00615	0.00451	0.00576	0.00545	0.00654	0.00412	0.00409	0.00814	0.01226	0.01714	0.73905	0.03393	0.11788	0.00924	0.00521	0.00140	0.00210	0.00812	0.00479	0.00412
3	0.00635	0.00458	0.00635	0.00635	0.00688	0.00511	0.00459	0.00741	0.00688	0.00970	0.01252	0.02115	0.01269	0.29982	0.56284	0.00617	0.00935	0.00529	0.00247	0.00353
4	0.01679	0.01237	0.01325	0.01016	0.01370	0.01370	0.00839	0.80251	0.02077	0.02783	0.01060	0.01060	0.00751	0.00530	0.00442	0.00133	0.00486	0.00398	0.00442	0.00751
5	0.01137	0.00963	0.01047	0.00897	0.01170	0.02575	0.02303	0.13179	0.51152	0.01874	0.02690	0.03055	0.01264	0.00591	0.00443	0.00139	0.00381	0.03535	0.00415	0.11189
6	0.02817	0.01074	0.01045	0.00921	0.01179	0.08396	0.00720	0.11270	0.61683	0.01889	0.03099	0.01518	0.01247	0.00581	0.00442	0.00144	0.00402	0.00469	0.00426	0.00679
7	0.01254	0.01104	0.01789	0.03070	0.01748	0.02379	0.36342	0.15312	0.21608	0.08825	0.01222	0.01306	0.00891	0.00475	0.00479	0.00145	0.00564	0.00481	0.00347	0.00659
8	0.87598	0.00854	0.00649	0.00581	0.00854	0.00991	0.00478	0.01298	0.00752	0.01982	0.00615	0.00717	0.00478	0.00410	0.00273	0.00137	0.00342	0.00239	0.00273	0.00478
9	0.00616	0.00456	0.00578	0.00563	0.00674	0.00418	0.00432	0.00808	0.01186	0.01629	0.60698	0.03625	0.17066	0.00971	0.00530	0.00147	0.00230	0.08498	0.00466	0.00408
10	0.01032	0.02080	0.71384	0.01196	0.01807	0.00976	0.01501	0.01499	0.00977	0.12134	0.00919	0.01008	0.00631	0.00437	0.00423	0.00139	0.00616	0.00342	0.00234	0.00666
11	0.01042	0.01191	0.02606	0.01862	0.02308	0.01117	0.80119	0.01415	0.01042	0.01415	0.00894	0.01191	0.00670	0.00372	0.00521	0.00149	0.00745	0.00521	0.00223	0.00596
12	0.00603	0.00451	0.00559	0.00532	0.00646	0.00407	0.00399	0.00790	0.01197	0.01646	0.64775	0.03506	0.20961	0.00950	0.00521	0.00141	0.00212	0.00828	0.00470	0.00407
13	0.00733	0.00535	0.00669	0.00624	0.00755	0.00518	0.00487	0.08653	0.01293	0.01790	0.60709	0.03316	0.07740	0.00913	0.00523	0.00146	0.00259	0.09423	0.00469	0.00446
14	0.00538	0.00384	0.00512	0.00615	0.00641	0.00359	0.00410	0.00615	0.00846	0.01127	0.02434	0.84190	0.02921	0.01384	0.00564	0.00179	0.00256	0.01256	0.00410	0.00359
15	0.87598	0.00854	0.00649	0.00581	0.00854	0.00991	0.00478	0.01298	0.00752	0.01982	0.00615	0.00717	0.00478	0.00410	0.00273	0.00137	0.00342	0.00239	0.00273	0.00478
16	0.00538	0.00384	0.00512	0.00615	0.00641	0.00359	0.00410	0.00615	0.00846	0.01127	0.02434	0.84190	0.02921	0.01384	0.00564	0.00179	0.00256	0.01256	0.00410	0.00359
17	0.00982	0.00984	0.01448	0.01341	0.09141	0.01313	0.04277	0.01106	0.00724	0.01115	0.00617	0.00988	0.00595	0.00719	0.01311	0.00185	0.72053	0.00393	0.00197	0.00509
18	0.00523	0.00445	0.00450	0.00454	0.00598	0.00372	0.00338	0.00633	0.01001	0.01191	0.04399	0.07204	0.78639	0.01128	0.00524	0.00150	0.00225	0.00944	0.00410	0.00372
19	0.00522	0.00447	0.00447	0.00447	0.00597	0.00373	0.00336	0.00634	0.01007	0.01193	0.04474	0.04250	0.81544	0.01119	0.00522	0.00149	0.00224	0.00932	0.00410	0.00373
20	0.00834	0.00785	0.01325	0.83417	0.03042	0.00981	0.01227	0.01128	0.00883	0.01128	0.00785	0.01178	0.00589	0.00442	0.00442	0.00147	0.00589	0.00393	0.00196	0.00491
21	0.87598	0.00854	0.00649	0.00581	0.00854	0.00991	0.00478	0.01298	0.00752	0.01982	0.00615	0.00717	0.00478	0.00410	0.00273	0.00137	0.00342	0.00239	0.00273	0.00478
22	0.01181	0.84744	0.02314	0.00756	0.01134	0.01748	0.00756	0.01323	0.00897	0.01039	0.00614	0.00708	0.00567	0.00378	0.00283	0.00094	0.00472	0.00236	0.00189	0.00567
23	0.01650	0.02105	0.01252	0.01138	0.01365	0.82705	0.00853	0.01764	0.01252	0.01081	0.00683	0.00796	0.00569	0.00455	0.00398	0.00114	0.00796	0.00284	0.00228	0.00512
24	0.00600	0.00450	0.00556	0.00529	0.00644	0.00406	0.00397	0.00785	0.01191	0.01631	0.62808	0.03530	0.22937	0.00955	0.00521	0.00141	0.00212	0.00831	0.00468	0.00406
25	0.01917	0.00764	0.01023	0.00788	0.01122	0.00675	0.00650	0.05887	0.01303	0.75226	0.04654	0.01548	0.01190	0.00559	0.00447	0.00137	0.00375	0.00455	0.00539	0.00739
26	0.00547	0.00446	0.00483	0.00478	0.00613	0.00383	0.00357	0.00680	0.01058	0.01326	0.22355	0.06567	0.61018	0.01077	0.00523	0.00148	0.00221	0.00911	0.00428	0.00383
27	0.00577	0.00450	0.00524	0.00505	0.00630	0.00396	0.00379	0.00741	0.01137	0.01503	0.45735	0.03741	0.40090	0.01003	0.00521	0.00144	0.00215	0.00861	0.00451	0.00396
28	0.87598	0.00854	0.00649	0.00581	0.00854	0.00991	0.00478	0.01298	0.00752	0.01982	0.00615	0.00717	0.00478	0.00410	0.00273	0.00137	0.00342	0.00239	0.00273	0.00478
29	0.00836	0.01592	0.45432	0.01233	0.01690	0.00884	0.18159	0.01213	0.00935	0.01337	0.01210	0.21070	0.01153	0.00642	0.00476	0.00151	0.00577	0.00592	0.00248	0.00570
30	0.00562	0.00432	0.00518	0.00556	0.00651	0.00388	0.00408	0.00687	0.00994	0.01281	0.16789	0.31386	0.34430	0.01181	0.00544	0.00163	0.00249	0.07980	0.00423	0.00379
31	0.01174	0.82824	0.04175	0.00767	0.01152	0.01731	0.00776	0.01324	0.00898	0.01047	0.00618	0.00714	0.00567	0.00379	0.00287	0.00096	0.00477	0.00238	0.00189	0.00569
32	0.01017	0.39084	0.46544	0.01034	0.01564	0.01348	0.01241	0.01365	0.00917	0.01238	0.00713	0.00833	0.00563	0.00401	0.00359	0.00120	0.00572	0.00286	0.00188	0.00614
33	0.01307	0.06034	0.33787	0.01080	0.01534	0.04896	0.03621	0.14910	0.08148	0.17147	0.01092	0.01116	0.00768	0.00483	0.00445	0.00137	0.02117	0.00377	0.00325	0.00676
34	0.00599	0.00463	0.00556	0.00593	0.00705	0.00425	0.00463	0.00763	0.02506	0.01308	0.14171	0.16951	0.36342	0.01148	0.00550	0.00167	0.00277	0.21201	0.00420	0.00392
35	0.01167	0.80749	0.06184	0.00780	0.01171	0.01713	0.00798	0.01326	0.00899	0.01057	0.00623	0.00719	0.00566	0.00380	0.00290	0.00097	0.00481	0.00241	0.00189	0.00571
36	0.01697	0.01280	0.01308	0.01030	0.01362	0.15468	0.04767	0.44913	0.02891	0.19102	0.01141	0.01123	0.00796	0.00514	0.00439	0.00131	0.00528	0.00395	0.00416	0.00701
37	0.00920	0.00914	0.05409	0.68570	0.04765	0.01021	0.02873	0.07910	0.00994	0.01297	0.00812	0.01153	0.00606	0.00445	0.00442	0.00145	0.00585	0.00392	0.00218	0.00528
38	0.00545	0.00401	0.00512	0.00591	0.00641	0.00368	0.00406	0.00639	0.00900	0.01184	0.07987	0.65529	0.14429	0.01310	0.00556	0.00173	0.00251	0.02799	0.00415	0.00366
39	0.01248	0.70456	0.02144	0.00860	0.03152	0.13708	0.00785	0.01389	0.00952	0.01055	0.00630	0.00731	0.00570	0.00390	0.00304	0.00098	0.00522	0.00247	0.00195	0.00562
40	0.00558	0.00396	0.00523	0.00609	0.00636	0.00379	0.00407	0.00633	0.00819	0.01095	0.02251	0.69214	0.02673	0.10924	0.04867	0.00235	0.00325	0.02719	0.00385	0.00351
41	0.18633	0.01088	0.01128	0.02923	0.01255	0.03791	0.00743	0.43188	0.05006	0.11483	0.01042	0.01056	0.00745	0.00506	0.00430	0.00134	0.02602	0.00368	0.00396	0.03482
42	0.01542	0.01341	0.01257	0.01198	0.11277	0.25261	0.00849	0.26333	0.07487	0.13049	0.05197	0.01207	0.00959	0.00518	0.00433	0.00129	0.00543	0.00398	0.00368	0.00653
43	0.00526	0.00443	0.00456	0.00463	0.00601	0.00373	0.00343	0.00637	0.01000	0.01201	0.06107	0.10509	0.73565	0.01134	0.00525	0.00151	0.00226	0.00954	0.00412	0.00373
44	0.00899	0.00852	0.01443	0.63099	0.22850	0.00998	0.01259	0.01186	0.00914	0.01208	0.00797	0.01156	0.00617	0.00429	0.00440	0.00143	0.00573	0.00393	0.00202	0.00543
45	0.18714	0.00772	0.00952	0.00746	0.01074	0.00716	0.00616	0.01985	0.01164	0.66385	0.01522	0.01350	0.00973	0.00520	0.00411	0.00137	0.00369	0.00404	0.00493	0.00698
46	0.00953	0.20988	0.64072	0.01145	0.01735	0.01189	0.01433	0.01381	0.00925	0.01317	0.00752	0.00882	0.00561	0.00410	0.00389	0.00130	0.00612	0.00306	0.00187	0.00633
47	0.00922	0.00805	0.01000	0.00715	0.01110	0.00615	0.04506	0.01127	0.00922	0.01438	0.00790	0.00930	0.00655	0.00329	0.00337	0.00070	0.00348	0.00275	0.00260	0.82846
48	0.00537	0.00388	0.00508	0.00604	0.00638	0.00360	0.00405	0.00616	0.00856	0.01132	0.02563	0.79165	0.07864	0.01367	0.00561	0.00177	0.00254	0.01235	0.00410	0.00360
49	0.29500	0.01373	0.01078	0.00910	0.01197	0.26115	0.00724	0.29295	0.02782	0.01987	0.00814	0.00879	0.00617	0.00469	0.00374	0.00128	0.00532	0.00313	0.00322	0.00589
50	0.01372	0.00971	0.01166	0.00882	0.01228	0.00953	0.03433	0.29836	0.03060	0.14744	0.01050	0.01089	0.00770	0.00469	0.00462	0.00113	0.05262	0.00361	0.00371	0.32409
51	0.00618	0.00457	0.00554	0.00529	0.00652	0.00408	0.00400	0.00794	0.01168	0.03028	0.53869	0.03602	0.29009	0.00971	0.00521	0.00143	0.00220	0.02185	0.00461	0.00408
52	0.00817	0.00563	0.00672	0.00613	0.00761	0.02237	0.00468	0.01108	0.08782	0.09712	0.56520	0.03006	0.11306	0.00851	0.00504	0.00140	0.00252	0.00738	0.00476	0.00475
53	0.00943	0.00922	0.01284	0.01107	0.01111	0.01278	0.00916	0.01040	0.00681	0.01067	0.00644	0.01072	0.00643	0.03926	0.03561	0.00213	0.76695	0.00399	0.02028	0.00471

[dist]
# distance from previous block
# <min> <max>
0	46

# created by:
# /st0/software/busco_prod/Augustus/scripts/msa2prfl.pl ./align_prep/147726.fa
