[name]
unknown

[dist]
# distance from previous block
# <min> <max>
24	224

[block]
# block no. 0 follows, 63 sequences, length 16
# corresponding to MSA columns:
# 306-313,334-341
name=unknown_A
#
# <colnr> <probs for GDERKNQSTAVLIFYWHMCP>
#	G	D	E	R	K	N	Q	S	T	A	V	L	I	F	Y	W	H	M	C	P
0	0.01067	0.00766	0.01006	0.06042	0.21192	0.04392	0.00733	0.02533	0.05574	0.17962	0.06068	0.01953	0.18197	0.00607	0.00428	0.00128	0.00373	0.01444	0.05625	0.03913
1	0.00933	0.00801	0.01135	0.01247	0.24329	0.00740	0.04553	0.09143	0.01040	0.02684	0.04701	0.06157	0.10968	0.00543	0.00411	0.00113	0.00381	0.02236	0.00294	0.27592
2	0.00904	0.00873	0.01347	0.36444	0.35061	0.05412	0.01106	0.01137	0.00903	0.01194	0.00946	0.11003	0.00865	0.00509	0.00430	0.00136	0.00509	0.00466	0.00221	0.00534
3	0.04007	0.59535	0.09322	0.00735	0.01096	0.01364	0.00741	0.01227	0.00887	0.02762	0.06945	0.00916	0.00817	0.00402	0.00305	0.00097	0.00428	0.00280	0.00217	0.07915
4	0.01271	0.00805	0.02182	0.08088	0.11717	0.02278	0.05371	0.05222	0.03604	0.31393	0.10502	0.03850	0.02155	0.00543	0.00442	0.00129	0.01381	0.01504	0.00379	0.07184
5	0.09656	0.08374	0.08112	0.00915	0.02474	0.17318	0.00767	0.04884	0.35720	0.05818	0.01171	0.01152	0.00885	0.00485	0.00385	0.00128	0.00459	0.00368	0.00329	0.00600
6	0.08937	0.07964	0.01078	0.00861	0.07173	0.00755	0.00655	0.01736	0.01065	0.55361	0.01361	0.01294	0.00921	0.00727	0.08042	0.00176	0.00444	0.00388	0.00419	0.00643
7	0.00872	0.00747	0.00872	0.00623	0.00996	0.00560	0.00498	0.01058	0.00872	0.01370	0.00747	0.00872	0.00623	0.00311	0.00311	0.00062	0.00311	0.00249	0.00249	0.87796
8	0.00925	0.01001	0.07736	0.34207	0.38589	0.00977	0.08080	0.01214	0.00910	0.01251	0.00776	0.01068	0.00612	0.00393	0.00423	0.00133	0.00550	0.00380	0.00198	0.00577
9	0.00863	0.00842	0.01509	0.01268	0.08345	0.00820	0.31375	0.01091	0.00883	0.01242	0.02383	0.01679	0.02133	0.08495	0.06960	0.00201	0.07501	0.08142	0.00244	0.14024
10	0.00815	0.00693	0.00816	0.00611	0.00937	0.00540	0.00486	0.00992	0.00861	0.01314	0.01079	0.01212	0.07580	0.00636	0.07984	0.00125	0.00378	0.00322	0.00259	0.72361
11	0.00633	0.00534	0.00849	0.08547	0.07158	0.00541	0.07372	0.00763	0.00830	0.01117	0.01869	0.60754	0.02154	0.01061	0.00544	0.00162	0.03407	0.00968	0.00335	0.00401
12	0.01198	0.01151	0.01014	0.00896	0.01130	0.19771	0.00695	0.11548	0.47776	0.01695	0.07471	0.01435	0.01248	0.00553	0.00421	0.00132	0.00435	0.00439	0.00382	0.00611
13	0.72882	0.00796	0.00681	0.00587	0.00859	0.00885	0.00484	0.01380	0.00802	0.16260	0.00776	0.00816	0.00559	0.00413	0.00289	0.00130	0.00331	0.00262	0.00306	0.00501
14	0.00601	0.00450	0.00676	0.00676	0.00751	0.00525	0.00525	0.00751	0.00676	0.00976	0.01126	0.01651	0.01051	0.03153	0.83560	0.00676	0.01126	0.00450	0.00225	0.00375
15	0.00676	0.00560	0.00588	0.00557	0.00648	0.07501	0.00400	0.00822	0.01062	0.01426	0.54999	0.02906	0.07301	0.17800	0.00816	0.00186	0.00289	0.00695	0.00396	0.00374

[dist]
# distance from previous block
# <min> <max>
0	5

[block]
# block no. 1 follows, 63 sequences, length 68
# corresponding to MSA columns:
# 347-360,365-418
name=unknown_B
#
# <colnr> <probs for GDERKNQSTAVLIFYWHMCP>
#	G	D	E	R	K	N	Q	S	T	A	V	L	I	F	Y	W	H	M	C	P
0	0.00782	0.00720	0.01208	0.78237	0.02729	0.00893	0.01111	0.01038	0.00828	0.01060	0.00796	0.03755	0.00637	0.00490	0.00473	0.03658	0.00543	0.00399	0.00193	0.00452
1	0.00608	0.00421	0.00528	0.00528	0.00552	0.00445	0.00342	0.00656	0.00632	0.00867	0.01261	0.02398	0.01375	0.58867	0.28289	0.00494	0.00638	0.00560	0.00245	0.00293
2	0.00587	0.00409	0.00546	0.00632	0.00688	0.00393	0.00478	0.00713	0.00878	0.01191	0.05438	0.50019	0.02598	0.01193	0.00533	0.00172	0.00286	0.26721	0.06165	0.00362
3	0.01448	0.01883	0.06596	0.01119	0.04555	0.69538	0.00853	0.01602	0.02591	0.01066	0.00712	0.00882	0.00604	0.04237	0.00462	0.00125	0.00715	0.00297	0.00219	0.00496
4	0.04947	0.49262	0.31054	0.00891	0.01339	0.01374	0.01009	0.03734	0.00894	0.01203	0.00658	0.00761	0.00539	0.00380	0.00320	0.00108	0.00506	0.00260	0.00190	0.00570
5	0.00843	0.00811	0.01223	0.63859	0.07695	0.05499	0.01088	0.01092	0.00863	0.01093	0.00854	0.01379	0.00718	0.03058	0.00508	0.00150	0.02956	0.05634	0.00205	0.00469
6	0.00794	0.00747	0.01261	0.84216	0.02895	0.00934	0.01167	0.01074	0.00841	0.01074	0.00747	0.01121	0.00560	0.00420	0.00420	0.00140	0.00560	0.00374	0.00187	0.00467
7	0.00918	0.29035	0.51406	0.00999	0.01501	0.01160	0.01207	0.01272	0.00897	0.01244	0.06105	0.00968	0.00762	0.00417	0.00364	0.00119	0.00538	0.00313	0.00197	0.00580
8	0.03539	0.01116	0.11420	0.02998	0.33858	0.03473	0.13818	0.04723	0.03675	0.05815	0.01907	0.03284	0.03918	0.00478	0.00451	0.00134	0.02029	0.02503	0.00258	0.00602
9	0.00620	0.00427	0.00550	0.03084	0.00688	0.00400	0.00406	0.00754	0.00981	0.04595	0.34404	0.29844	0.11899	0.06869	0.00614	0.00165	0.00247	0.00874	0.02202	0.00379
10	0.00798	0.00729	0.01212	0.76985	0.04376	0.00899	0.01112	0.01072	0.00846	0.01113	0.00789	0.01149	0.00597	0.00424	0.00412	0.00137	0.00535	0.00375	0.05974	0.00466
11	0.03933	0.01001	0.01197	0.03899	0.16764	0.10810	0.03108	0.12876	0.06926	0.27573	0.01226	0.05937	0.00930	0.00519	0.00430	0.00130	0.01314	0.00431	0.00366	0.00631
12	0.01007	0.10294	0.49065	0.01306	0.09709	0.01026	0.10438	0.01397	0.01760	0.08885	0.00845	0.00967	0.00613	0.00401	0.00401	0.00129	0.00574	0.00342	0.00219	0.00620
13	0.01271	0.01528	0.01339	0.01133	0.01340	0.49658	0.15332	0.01412	0.01035	0.01069	0.00816	0.05212	0.00754	0.07527	0.00650	0.00150	0.08682	0.00395	0.00225	0.00473
14	0.00872	0.00747	0.00872	0.00623	0.00996	0.00560	0.00498	0.01058	0.00872	0.01370	0.00747	0.00872	0.00623	0.00311	0.00311	0.00062	0.00311	0.00249	0.00249	0.87796
15	0.01319	0.11862	0.07714	0.01004	0.01313	0.25411	0.05856	0.15205	0.19797	0.04925	0.01010	0.01038	0.00767	0.00464	0.00394	0.00122	0.00541	0.00354	0.00305	0.00598
16	0.00612	0.00468	0.00678	0.06042	0.08519	0.00462	0.00557	0.00725	0.00851	0.01136	0.05105	0.52866	0.04702	0.01133	0.00565	0.03681	0.00308	0.10853	0.00354	0.00382
17	0.11493	0.06560	0.01065	0.00801	0.01089	0.04339	0.00651	0.17907	0.25259	0.01755	0.01046	0.01070	0.00807	0.00465	0.00410	0.00117	0.04155	0.00345	0.00330	0.20338
18	0.00880	0.00544	0.00668	0.00595	0.00675	0.00563	0.00414	0.02843	0.00781	0.14360	0.03530	0.02295	0.04440	0.52072	0.01575	0.00303	0.09724	0.00552	0.00305	0.02881
19	0.04452	0.00664	0.00825	0.00701	0.00934	0.00622	0.02227	0.06403	0.07904	0.26642	0.05231	0.16337	0.09801	0.00729	0.00443	0.00134	0.00323	0.04316	0.00413	0.10899
20	0.00884	0.14385	0.71198	0.01128	0.01711	0.01077	0.01431	0.01321	0.00883	0.01281	0.00729	0.00856	0.00534	0.00394	0.00380	0.00127	0.00596	0.00298	0.00178	0.00609
21	0.00569	0.00486	0.00567	0.00552	0.00657	0.00485	0.00423	0.00680	0.00922	0.01168	0.11117	0.12817	0.52925	0.01032	0.00621	0.00151	0.11437	0.02649	0.00370	0.00372
22	0.01068	0.00936	0.00988	0.00878	0.01121	0.02786	0.01999	0.04018	0.76984	0.01757	0.01658	0.01531	0.01244	0.00562	0.00428	0.00141	0.00351	0.00469	0.00420	0.00661
23	0.00988	0.00946	0.01612	0.19860	0.65732	0.00985	0.01264	0.01244	0.00933	0.01310	0.00782	0.01057	0.00644	0.00384	0.00417	0.00128	0.00512	0.00374	0.00204	0.00624
24	0.00661	0.00621	0.03739	0.00962	0.12007	0.00544	0.08630	0.00828	0.00932	0.01239	0.11236	0.27586	0.21327	0.02536	0.00530	0.00155	0.00337	0.05354	0.00345	0.00428
25	0.00519	0.00386	0.00486	0.00555	0.00610	0.00352	0.00385	0.00611	0.00866	0.01132	0.08009	0.60888	0.18942	0.01231	0.00527	0.00163	0.00239	0.03356	0.00395	0.00349
26	0.18671	0.00745	0.00913	0.00715	0.01028	0.00697	0.00590	0.03705	0.01126	0.65295	0.01435	0.01276	0.00919	0.00495	0.00391	0.00130	0.00354	0.00384	0.00467	0.00665
27	0.01327	0.01337	0.24817	0.01054	0.01464	0.03082	0.09694	0.24278	0.02999	0.20525	0.03356	0.02269	0.00855	0.00482	0.00426	0.00131	0.00505	0.00403	0.00347	0.00651
28	0.04250	0.05424	0.69555	0.01137	0.01702	0.06463	0.01410	0.01363	0.00906	0.02997	0.00753	0.00874	0.00541	0.00402	0.00388	0.00130	0.00607	0.00304	0.00190	0.00605
29	0.00730	0.00365	0.00548	0.00548	0.00548	0.00365	0.00365	0.00548	0.00548	0.00730	0.00730	0.01278	0.00730	0.01460	0.01643	0.87769	0.00365	0.00365	0.00183	0.00183
30	0.05126	0.01076	0.01261	0.01113	0.08087	0.07618	0.06721	0.34776	0.06653	0.08949	0.01083	0.06612	0.00869	0.00551	0.00504	0.00135	0.07458	0.00435	0.00352	0.00621
31	0.01240	0.01131	0.01415	0.02640	0.20401	0.12235	0.11351	0.19884	0.13977	0.04956	0.05687	0.01227	0.00956	0.00475	0.00429	0.00129	0.00505	0.00417	0.00320	0.00624
32	0.00528	0.00377	0.00506	0.00603	0.00634	0.00355	0.00417	0.00612	0.00820	0.01091	0.02308	0.77345	0.02746	0.01302	0.00541	0.00173	0.00257	0.08647	0.00390	0.00346
33	0.01086	0.07610	0.01080	0.00740	0.01088	0.00883	0.00607	0.20355	0.10694	0.01691	0.00911	0.00971	0.00716	0.00392	0.00348	0.00089	0.00361	0.00305	0.00306	0.49769
34	0.02883	0.06910	0.18687	0.01052	0.06702	0.00891	0.09177	0.07843	0.03994	0.21655	0.05496	0.01288	0.02681	0.00477	0.00417	0.00126	0.01306	0.00403	0.03828	0.04183
35	0.02807	0.28806	0.44999	0.01006	0.01497	0.04093	0.02402	0.03843	0.00927	0.03191	0.00723	0.00830	0.00555	0.00391	0.00355	0.00117	0.00548	0.00286	0.00199	0.02423
36	0.00972	0.01247	0.23906	0.06584	0.18790	0.00905	0.21045	0.01298	0.00979	0.07852	0.09173	0.01966	0.01738	0.00457	0.00450	0.00134	0.01223	0.00441	0.00253	0.00587
37	0.01040	0.00999	0.01706	0.02580	0.82604	0.00999	0.01290	0.01290	0.00957	0.01373	0.00791	0.01040	0.00666	0.00375	0.00416	0.00125	0.00499	0.00375	0.00208	0.00666
38	0.01135	0.01038	0.01990	0.04191	0.13393	0.02858	0.49185	0.03332	0.01035	0.13235	0.01003	0.03867	0.00767	0.00420	0.00469	0.00137	0.00603	0.00479	0.00267	0.00594
39	0.00952	0.01026	0.04719	0.02103	0.01613	0.03301	0.37546	0.02037	0.00931	0.01330	0.00788	0.01007	0.00625	0.00405	0.01585	0.00120	0.05757	0.00378	0.00225	0.33549
40	0.00601	0.00447	0.00658	0.00658	0.00727	0.00516	0.00503	0.00739	0.00670	0.00963	0.01142	0.01741	0.01090	0.09815	0.76952	0.00654	0.01068	0.00463	0.00228	0.00366
41	0.00539	0.00403	0.00560	0.00625	0.00676	0.00376	0.02881	0.00633	0.00835	0.01101	0.02405	0.70069	0.08462	0.01257	0.00536	0.00170	0.00267	0.07466	0.00385	0.00353
42	0.01041	0.42422	0.23143	0.01033	0.08954	0.02558	0.01789	0.04534	0.00935	0.02917	0.00882	0.03697	0.03592	0.00439	0.00348	0.00112	0.00490	0.00331	0.00214	0.00570
43	0.01805	0.00831	0.06423	0.00787	0.01132	0.00669	0.00687	0.05178	0.01213	0.74273	0.01573	0.01378	0.00994	0.00512	0.00421	0.00130	0.00379	0.00414	0.00494	0.00709
44	0.04531	0.00718	0.00965	0.00742	0.01065	0.00628	0.00613	0.02024	0.01188	0.80412	0.01626	0.01408	0.01023	0.00516	0.00418	0.00130	0.00357	0.00417	0.00512	0.00707
45	0.00957	0.10648	0.60475	0.01220	0.05347	0.01032	0.06662	0.01368	0.00914	0.06422	0.00801	0.00923	0.00578	0.00399	0.00394	0.00129	0.00587	0.00324	0.00203	0.00617
46	0.00956	0.00953	0.01793	0.01445	0.08408	0.04171	0.46652	0.01231	0.01027	0.05486	0.14234	0.07077	0.03474	0.00531	0.00484	0.00139	0.00549	0.00572	0.00285	0.00532
47	0.01117	0.83528	0.04096	0.00731	0.01096	0.01647	0.00739	0.01260	0.00855	0.00997	0.00588	0.00679	0.00539	0.00361	0.00273	0.00091	0.00454	0.00227	0.00180	0.00541
48	0.00968	0.00925	0.01576	0.26545	0.59205	0.00980	0.01254	0.01227	0.00923	0.01286	0.00778	0.01064	0.00635	0.00388	0.00417	0.00129	0.00517	0.00374	0.00202	0.00607
49	0.00933	0.07289	0.52178	0.01107	0.01597	0.04080	0.08775	0.01309	0.00940	0.06420	0.04395	0.03720	0.04463	0.00478	0.00413	0.00131	0.00559	0.00399	0.00232	0.00582
50	0.00781	0.00733	0.01219	0.77041	0.04616	0.00899	0.01117	0.01050	0.00851	0.01085	0.00969	0.01303	0.05706	0.00460	0.00425	0.00140	0.00537	0.00406	0.00200	0.00465
51	0.00601	0.00449	0.00667	0.00667	0.00740	0.00521	0.00515	0.00745	0.00673	0.00970	0.01134	0.01693	0.01069	0.06278	0.80460	0.00665	0.01099	0.00457	0.00226	0.00371
52	0.01059	0.01124	0.06471	0.00983	0.04776	0.21030	0.05767	0.08157	0.06441	0.04619	0.07023	0.17051	0.07502	0.00702	0.00501	0.00138	0.05255	0.00580	0.00318	0.00505
53	0.00951	0.01021	0.11072	0.33402	0.23455	0.00952	0.08812	0.03141	0.00935	0.05334	0.00938	0.01182	0.03478	0.00439	0.00456	0.00136	0.03112	0.00398	0.00223	0.00561
54	0.00862	0.05017	0.75165	0.01217	0.01817	0.01006	0.06519	0.01330	0.00893	0.01320	0.00754	0.00896	0.00539	0.00395	0.00401	0.00132	0.00621	0.00319	0.00180	0.00615
55	0.00634	0.00470	0.00564	0.00601	0.00657	0.03309	0.00436	0.00720	0.00826	0.01090	0.09488	0.24480	0.05948	0.18810	0.07447	0.06314	0.00394	0.15856	0.01618	0.00335
56	0.01261	0.02026	0.13138	0.01210	0.10386	0.09795	0.07373	0.16088	0.08779	0.13190	0.03849	0.01154	0.00855	0.00497	0.00511	0.00134	0.08429	0.00393	0.00315	0.00618
57	0.01186	0.12610	0.31466	0.00922	0.01326	0.01744	0.00981	0.03701	0.06991	0.23854	0.01222	0.05186	0.00957	0.00534	0.00409	0.00132	0.00469	0.05376	0.00321	0.00613
58	0.00602	0.00443	0.00638	0.00636	0.00700	0.00502	0.00478	0.00730	0.00683	0.00975	0.03994	0.01876	0.01228	0.15971	0.67865	0.00615	0.00981	0.00487	0.00238	0.00357
59	0.00932	0.00863	0.01416	0.06570	0.58842	0.00875	0.01079	0.01193	0.04560	0.01330	0.03888	0.11828	0.01097	0.03104	0.00487	0.00141	0.00450	0.00504	0.00250	0.00592
60	0.01064	0.01057	0.04803	0.03146	0.31987	0.00976	0.38329	0.01358	0.00986	0.08217	0.00933	0.03518	0.00739	0.00406	0.00457	0.00135	0.00583	0.00456	0.00240	0.00610
61	0.01097	0.01177	0.10293	0.01051	0.07690	0.11212	0.00826	0.08362	0.44361	0.01617	0.01381	0.06826	0.01110	0.00563	0.00424	0.00136	0.00436	0.00463	0.00353	0.00621
62	0.01035	0.24150	0.23700	0.08858	0.01528	0.12711	0.05503	0.03391	0.00932	0.01178	0.00763	0.04626	0.00654	0.00455	0.00434	0.00121	0.05827	0.00341	0.00205	0.03586
63	0.01523	0.00840	0.05535	0.00882	0.06500	0.00697	0.00699	0.05329	0.04772	0.50465	0.03838	0.01326	0.01007	0.00483	0.00406	0.00120	0.00373	0.00397	0.00428	0.14380
64	0.00884	0.08826	0.08994	0.00853	0.04092	0.06249	0.00714	0.04666	0.03316	0.05649	0.01036	0.01359	0.00895	0.01992	0.48051	0.00438	0.00868	0.00397	0.00246	0.00476
65	0.00885	0.00905	0.06691	0.21007	0.34554	0.00843	0.01030	0.03237	0.00955	0.01324	0.05226	0.01457	0.09560	0.00482	0.00417	0.00124	0.00454	0.00431	0.00243	0.10176
66	0.06629	0.02233	0.10268	0.00886	0.06801	0.03367	0.03981	0.02773	0.05447	0.06975	0.11244	0.26079	0.06178	0.00784	0.00453	0.00141	0.00365	0.01908	0.00344	0.03143
67	0.00992	0.00676	0.06175	0.00736	0.05293	0.00587	0.00531	0.03563	0.04486	0.19892	0.02796	0.02080	0.01289	0.43742	0.05134	0.00297	0.00443	0.00517	0.00323	0.00448

[dist]
# distance from previous block
# <min> <max>
17	159

[block]
# block no. 2 follows, 63 sequences, length 90
# corresponding to MSA columns:
# 589-678
name=unknown_C
#
# <colnr> <probs for GDERKNQSTAVLIFYWHMCP>
#	G	D	E	R	K	N	Q	S	T	A	V	L	I	F	Y	W	H	M	C	P
0	0.05146	0.03473	0.01976	0.00718	0.00886	0.10130	0.01910	0.08185	0.05126	0.07196	0.07902	0.07247	0.01395	0.23046	0.04228	0.00224	0.02361	0.02710	0.00316	0.05826
1	0.25562	0.02073	0.00974	0.00779	0.01066	0.02572	0.02999	0.21362	0.14377	0.13022	0.03668	0.01215	0.03414	0.00497	0.00376	0.00128	0.00378	0.00379	0.00369	0.04791
2	0.24869	0.14111	0.03533	0.00716	0.00977	0.12036	0.00602	0.04223	0.07354	0.03960	0.07147	0.01212	0.03196	0.03879	0.03005	0.00144	0.00433	0.00350	0.00283	0.07970
3	0.14939	0.00534	0.00588	0.00573	0.00668	0.00583	0.00410	0.02185	0.07658	0.01219	0.02507	0.07914	0.01323	0.30443	0.18174	0.01599	0.00507	0.01865	0.05938	0.00373
4	0.01051	0.63776	0.23265	0.00844	0.01272	0.01484	0.00937	0.01278	0.00863	0.01078	0.00629	0.00730	0.00538	0.00370	0.00304	0.00101	0.00494	0.00247	0.00179	0.00561
5	0.00497	0.00424	0.00428	0.00432	0.00569	0.00354	0.00322	0.00603	0.00953	0.01133	0.04187	0.07041	0.79485	0.01074	0.00498	0.00143	0.00214	0.00899	0.00390	0.00354
6	0.00894	0.00760	0.00883	0.00633	0.01005	0.00583	0.00507	0.03469	0.00905	0.01408	0.00755	0.00876	0.00625	0.00317	0.00315	0.00064	0.00316	0.00253	0.00254	0.85177
7	0.00497	0.00426	0.00426	0.00426	0.00568	0.00355	0.00319	0.00603	0.00958	0.01136	0.04259	0.04046	0.82433	0.01065	0.00497	0.00142	0.00213	0.00887	0.00390	0.00355
8	0.00610	0.00413	0.00488	0.00488	0.00498	0.00424	0.00292	0.00630	0.00620	0.00837	0.01297	0.02601	0.01463	0.74008	0.13269	0.00444	0.00506	0.00589	0.00251	0.00271
9	0.01088	0.00924	0.00974	0.00864	0.01109	0.01065	0.00676	0.08267	0.75743	0.01827	0.01657	0.01526	0.01240	0.00565	0.00427	0.00141	0.00343	0.00468	0.00427	0.00669
10	0.01012	0.26041	0.46483	0.01058	0.01545	0.10174	0.03714	0.01369	0.02760	0.01210	0.00719	0.00835	0.00556	0.00394	0.00364	0.00118	0.00583	0.00291	0.00189	0.00582
11	0.00942	0.13242	0.57024	0.01202	0.01748	0.01069	0.13291	0.01350	0.00910	0.04307	0.00779	0.00916	0.00568	0.00392	0.00397	0.00128	0.00601	0.00331	0.00196	0.00606
12	0.00611	0.00408	0.00458	0.00458	0.00458	0.00408	0.00255	0.00611	0.00611	0.00815	0.01325	0.02751	0.01528	0.85226	0.02140	0.00408	0.00408	0.00611	0.00255	0.00255
13	0.00512	0.00368	0.00486	0.00581	0.00608	0.00342	0.00388	0.00586	0.00809	0.01075	0.02375	0.82549	0.05147	0.01310	0.00535	0.00170	0.00243	0.01186	0.00390	0.00342
14	0.01042	0.39262	0.31139	0.01043	0.01494	0.07601	0.10531	0.01327	0.00908	0.01157	0.00682	0.00812	0.00549	0.00379	0.00351	0.00113	0.00565	0.00291	0.00186	0.00568
15	0.00886	0.00867	0.01204	0.01041	0.01042	0.01196	0.00855	0.00970	0.00645	0.00998	0.00656	0.03196	0.00683	0.07205	0.01416	0.00201	0.75895	0.00408	0.00195	0.00441
16	0.01570	0.02004	0.01191	0.01083	0.01300	0.83539	0.00812	0.01679	0.01191	0.01029	0.00650	0.00758	0.00541	0.00433	0.00379	0.00108	0.00758	0.00271	0.00217	0.00487
17	0.01018	0.00976	0.01666	0.10047	0.75314	0.00993	0.01279	0.01270	0.00947	0.01346	0.00787	0.01048	0.00656	0.00379	0.00417	0.00126	0.00505	0.00374	0.00206	0.00648
18	0.07835	0.00745	0.00937	0.01752	0.01036	0.00752	0.05609	0.14726	0.09644	0.22102	0.09999	0.13026	0.07814	0.00693	0.00445	0.00139	0.00352	0.01416	0.00416	0.00563
19	0.00772	0.00642	0.00973	0.44771	0.01876	0.00742	0.03338	0.01063	0.05749	0.01235	0.03120	0.01694	0.07616	0.03184	0.01954	0.00152	0.00443	0.02921	0.17312	0.00446
20	0.00925	0.26366	0.59571	0.01059	0.01604	0.01176	0.01311	0.01310	0.00878	0.01232	0.00705	0.00826	0.00535	0.00388	0.00362	0.00121	0.00571	0.00286	0.00178	0.00598
21	0.03407	0.00922	0.01013	0.00824	0.01106	0.05857	0.00670	0.25801	0.10758	0.31995	0.06124	0.01582	0.03019	0.00576	0.00430	0.00133	0.00399	0.04294	0.00443	0.00647
22	0.00873	0.11159	0.74329	0.01147	0.01740	0.01050	0.01463	0.01323	0.00884	0.01294	0.00736	0.00865	0.00533	0.00395	0.00385	0.00128	0.00603	0.00301	0.00178	0.00612
23	0.00512	0.00366	0.00488	0.00585	0.00610	0.00341	0.00390	0.00585	0.00805	0.01073	0.02317	0.84952	0.02780	0.01317	0.00537	0.00171	0.00244	0.01195	0.00390	0.00341
24	0.00814	0.00768	0.01297	0.77531	0.09423	0.00939	0.01178	0.01092	0.00850	0.01099	0.00751	0.01114	0.00569	0.00417	0.00420	0.00139	0.00555	0.00374	0.00189	0.00483
25	0.00992	0.01005	0.04391	0.01408	0.04234	0.00945	0.46901	0.05535	0.08766	0.04851	0.01201	0.03984	0.03894	0.00684	0.06826	0.00183	0.00626	0.02740	0.00274	0.00561
26	0.00511	0.00370	0.00483	0.00573	0.00607	0.00342	0.00385	0.00587	0.00817	0.01078	0.02465	0.78771	0.08865	0.01298	0.00534	0.00169	0.00242	0.01172	0.00390	0.00342
27	0.00794	0.00747	0.01261	0.84216	0.02895	0.00934	0.01167	0.01074	0.00841	0.01074	0.00747	0.01121	0.00560	0.00420	0.00420	0.00140	0.00560	0.00374	0.00187	0.00467
28	0.01040	0.00999	0.01706	0.02580	0.82604	0.00999	0.01290	0.01290	0.00957	0.01373	0.00791	0.01040	0.00666	0.00375	0.00416	0.00125	0.00499	0.00375	0.00208	0.00666
29	0.01496	0.00987	0.01120	0.00986	0.07370	0.05209	0.00738	0.36522	0.06507	0.24320	0.04860	0.03927	0.02898	0.00553	0.00428	0.00129	0.00420	0.00445	0.00422	0.00663
30	0.01246	0.01328	0.01102	0.01130	0.11857	0.36705	0.00770	0.03661	0.20606	0.03803	0.07365	0.01373	0.04256	0.02421	0.00451	0.00130	0.00530	0.00410	0.00307	0.00549
31	0.01184	0.00888	0.00957	0.00814	0.01071	0.00975	0.00646	0.21383	0.43697	0.09388	0.01883	0.01758	0.12244	0.00617	0.00435	0.00137	0.00350	0.00503	0.00429	0.00640
32	0.01122	0.78359	0.06645	0.00757	0.01127	0.04088	0.00768	0.01275	0.00866	0.01009	0.00596	0.00689	0.00539	0.00364	0.00280	0.00093	0.00468	0.00231	0.00181	0.00542
33	0.00620	0.00492	0.00770	0.00727	0.00820	0.00535	0.06639	0.00766	0.00726	0.01021	0.01387	0.12732	0.04283	0.07237	0.56922	0.00523	0.01646	0.00576	0.01202	0.00379
34	0.00923	0.02063	0.76778	0.01164	0.01762	0.00949	0.01482	0.01386	0.00912	0.07562	0.00823	0.00929	0.00571	0.00409	0.00401	0.00133	0.00601	0.00319	0.00204	0.00628
35	0.01129	0.01094	0.03612	0.01536	0.01930	0.01027	0.60093	0.09775	0.01105	0.09555	0.00979	0.03274	0.00737	0.00417	0.00492	0.00140	0.01757	0.00489	0.00268	0.00591
36	0.00980	0.01210	0.08616	0.01717	0.02150	0.01060	0.73678	0.01340	0.00978	0.01340	0.00838	0.01112	0.00628	0.00364	0.00503	0.00142	0.02086	0.00480	0.00209	0.00569
37	0.01496	0.01883	0.01143	0.01041	0.01248	0.77187	0.00780	0.01611	0.01191	0.01079	0.06894	0.00940	0.00803	0.00466	0.00388	0.00110	0.00715	0.00308	0.00235	0.00480
38	0.01782	0.00829	0.01039	0.00799	0.01119	0.00792	0.00657	0.22703	0.01392	0.60051	0.01481	0.01351	0.00967	0.02448	0.00461	0.00135	0.00386	0.00415	0.00488	0.00705
39	0.00643	0.00500	0.00580	0.00542	0.00677	0.00477	0.00412	0.04007	0.08391	0.01552	0.46723	0.03208	0.28939	0.00886	0.00487	0.00136	0.00225	0.00761	0.00435	0.00420
40	0.00511	0.00371	0.00483	0.00573	0.00606	0.00342	0.00385	0.00587	0.00817	0.01078	0.02469	0.78611	0.09024	0.01297	0.00533	0.00168	0.00241	0.01171	0.00390	0.00342
41	0.00980	0.07817	0.24972	0.01354	0.01783	0.01065	0.36749	0.07408	0.03018	0.01404	0.00923	0.03679	0.00751	0.00453	0.00472	0.00138	0.02857	0.03366	0.00232	0.00578
42	0.00932	0.00886	0.01497	0.26777	0.43529	0.00945	0.05972	0.01244	0.05777	0.01289	0.00936	0.05195	0.00803	0.00458	0.00432	0.00135	0.00506	0.01880	0.00227	0.00580
43	0.00881	0.00867	0.01212	0.01050	0.01058	0.01198	0.00870	0.00977	0.00657	0.01014	0.00718	0.02806	0.02710	0.00902	0.06276	0.00212	0.75542	0.00403	0.00196	0.00450
44	0.00705	0.00461	0.00552	0.00516	0.00658	0.00405	0.00394	0.00856	0.01078	0.11033	0.36026	0.05807	0.37008	0.00925	0.00490	0.00138	0.00227	0.01872	0.00435	0.00415
45	0.00983	0.24987	0.55894	0.01039	0.01571	0.01144	0.01268	0.01354	0.00897	0.06137	0.00762	0.00862	0.00565	0.00396	0.00365	0.00121	0.00558	0.00294	0.00199	0.00604
46	0.06640	0.01677	0.10843	0.03642	0.01371	0.44232	0.00879	0.18427	0.05781	0.01501	0.00797	0.00879	0.00614	0.00449	0.00387	0.00119	0.00624	0.00310	0.00269	0.00559
47	0.00648	0.00477	0.00628	0.00685	0.00774	0.00475	0.00548	0.00892	0.07540	0.01331	0.17335	0.25372	0.02714	0.01097	0.00541	0.00172	0.00309	0.37658	0.00406	0.00399
48	0.01022	0.06477	0.02975	0.12155	0.32357	0.01077	0.09396	0.09386	0.00985	0.01375	0.00794	0.01052	0.00654	0.00560	0.04019	0.00157	0.12277	0.00379	0.02322	0.00579
49	0.09233	0.01987	0.01082	0.00883	0.01150	0.19655	0.05037	0.12057	0.11638	0.23934	0.04037	0.01274	0.00964	0.04617	0.00487	0.00140	0.00473	0.00395	0.00368	0.00590
50	0.32368	0.00742	0.00832	0.00672	0.00964	0.00732	0.00552	0.01715	0.02506	0.49549	0.04449	0.01236	0.00953	0.00488	0.00368	0.00130	0.00339	0.00368	0.00424	0.00610
51	0.00607	0.00485	0.00557	0.00533	0.00665	0.00463	0.00403	0.00881	0.10601	0.01418	0.34793	0.03249	0.36765	0.01051	0.05497	0.00170	0.00276	0.00762	0.00414	0.00409
52	0.01239	0.01431	0.21548	0.05250	0.01459	0.18095	0.04582	0.08141	0.14866	0.13291	0.02361	0.02251	0.00842	0.00487	0.00434	0.00131	0.02297	0.00384	0.00307	0.00601
53	0.01025	0.01053	0.02878	0.24371	0.51543	0.09385	0.01213	0.01272	0.00948	0.01257	0.00764	0.01031	0.00623	0.00393	0.00413	0.00127	0.00544	0.00363	0.00203	0.00593
54	0.00549	0.00397	0.00523	0.00602	0.00645	0.00379	0.00420	0.00677	0.03379	0.01167	0.10083	0.68659	0.02823	0.01238	0.00532	0.00168	0.00252	0.06746	0.00398	0.00360
55	0.00910	0.06438	0.37708	0.10906	0.01665	0.04662	0.05384	0.03903	0.08434	0.01346	0.02504	0.01544	0.00937	0.00530	0.00428	0.00140	0.00543	0.11209	0.00247	0.00560
56	0.06466	0.00974	0.02695	0.00815	0.01083	0.09678	0.00664	0.20723	0.11302	0.24734	0.12029	0.03396	0.01340	0.00575	0.00423	0.00131	0.00403	0.01537	0.00418	0.00612
57	0.00927	0.10578	0.68627	0.01141	0.01705	0.07353	0.01412	0.01350	0.00907	0.01274	0.00729	0.00856	0.00534	0.00398	0.00385	0.00127	0.00614	0.00299	0.00181	0.00603
58	0.01005	0.00919	0.00882	0.00812	0.02389	0.10017	0.00615	0.07764	0.43787	0.01605	0.06895	0.02962	0.17229	0.00670	0.00440	0.00137	0.00360	0.00550	0.00394	0.00569
59	0.01286	0.03815	0.08518	0.03299	0.03757	0.19715	0.03399	0.11943	0.11389	0.14690	0.03730	0.03862	0.01832	0.00595	0.01797	0.00140	0.00512	0.04804	0.00337	0.00582
60	0.02355	0.03830	0.15125	0.01423	0.07915	0.02227	0.36701	0.03929	0.03077	0.14041	0.01012	0.03449	0.00762	0.00468	0.01639	0.00143	0.00587	0.00444	0.00271	0.00601
61	0.00946	0.00827	0.01583	0.03836	0.01551	0.00782	0.40701	0.01221	0.03955	0.10920	0.01494	0.23223	0.03855	0.00675	0.00495	0.00149	0.00505	0.02454	0.00312	0.00516
62	0.01012	0.01084	0.16822	0.25304	0.18945	0.00907	0.05552	0.02405	0.04195	0.11162	0.02283	0.01332	0.00821	0.00473	0.00444	0.00138	0.01759	0.04523	0.00259	0.00580
63	0.01227	0.03866	0.19785	0.01098	0.09211	0.05027	0.03890	0.08190	0.14836	0.19795	0.06049	0.01295	0.01024	0.00490	0.00415	0.00130	0.00459	0.00406	0.02174	0.00632
64	0.07783	0.01203	0.08645	0.16354	0.07361	0.19597	0.03959	0.02262	0.12156	0.06913	0.00990	0.01222	0.00784	0.00589	0.03872	0.00155	0.01867	0.03477	0.00269	0.00543
65	0.01468	0.01732	0.01172	0.02687	0.02911	0.61685	0.00806	0.07817	0.13294	0.01269	0.00841	0.00911	0.00668	0.00458	0.00391	0.00116	0.00663	0.00314	0.00263	0.00534
66	0.01277	0.01148	0.07715	0.07096	0.03382	0.12025	0.20054	0.08752	0.07646	0.19643	0.04023	0.03354	0.00934	0.00484	0.00438	0.00133	0.00532	0.00439	0.00327	0.00598
67	0.01349	0.00789	0.01083	0.06017	0.09944	0.00781	0.03689	0.14712	0.05228	0.33237	0.07699	0.08508	0.03845	0.00602	0.00442	0.00134	0.00388	0.00518	0.00415	0.00620
68	0.00524	0.00376	0.00508	0.00598	0.00628	0.00360	0.00409	0.00607	0.00800	0.01071	0.02223	0.76176	0.02637	0.01453	0.06881	0.00210	0.00316	0.03502	0.00378	0.00345
69	0.00966	0.03933	0.25642	0.03955	0.01841	0.01996	0.38200	0.03333	0.00987	0.04556	0.04761	0.03634	0.00861	0.00450	0.00469	0.00138	0.01936	0.01539	0.00237	0.00569
70	0.01107	0.00950	0.03676	0.17686	0.08474	0.05528	0.18952	0.05877	0.06043	0.14488	0.04237	0.05725	0.04291	0.00521	0.00447	0.00136	0.00505	0.00486	0.00307	0.00564
71	0.00813	0.00767	0.01100	0.00968	0.01009	0.01791	0.03004	0.00934	0.00670	0.01008	0.00767	0.01187	0.00733	0.01591	0.30867	0.00359	0.51399	0.00400	0.00200	0.00433
72	0.00550	0.00415	0.00587	0.09098	0.02228	0.00413	0.00484	0.00647	0.00811	0.01078	0.02132	0.75034	0.02520	0.01210	0.00523	0.00167	0.00280	0.01098	0.00367	0.00360
73	0.01001	0.33479	0.10971	0.13336	0.05411	0.04697	0.09257	0.02865	0.06168	0.01192	0.01030	0.01156	0.06866	0.00447	0.00373	0.00118	0.00503	0.00364	0.00224	0.00542
74	0.01171	0.03500	0.02681	0.01416	0.21801	0.02267	0.08883	0.13643	0.03305	0.11898	0.01058	0.02408	0.00881	0.00625	0.02899	0.00157	0.14003	0.06511	0.00299	0.00596
75	0.00522	0.00374	0.00499	0.00595	0.00625	0.00350	0.00407	0.00603	0.00817	0.01086	0.02341	0.78719	0.03995	0.01303	0.00539	0.00172	0.00252	0.06066	0.00390	0.00344
76	0.00814	0.00762	0.01291	0.59165	0.14232	0.00885	0.04232	0.01083	0.00905	0.01201	0.10414	0.01348	0.00982	0.00463	0.00432	0.00137	0.00514	0.00424	0.00224	0.00492
77	0.03131	0.01022	0.01187	0.02463	0.03110	0.09556	0.08012	0.24519	0.10053	0.23095	0.04235	0.03039	0.01010	0.01980	0.00454	0.00134	0.00456	0.00432	0.01482	0.00630
78	0.01048	0.00967	0.01449	0.01424	0.19425	0.06782	0.20792	0.05352	0.14028	0.06111	0.06874	0.09760	0.02929	0.00562	0.00455	0.00137	0.00481	0.00536	0.00313	0.00576
79	0.00532	0.00375	0.00486	0.00568	0.00589	0.00355	0.00373	0.00595	0.00775	0.01033	0.02149	0.69667	0.02563	0.15404	0.00807	0.00211	0.00274	0.02548	0.00367	0.00328
80	0.01273	0.00687	0.00850	0.00721	0.00949	0.00675	0.00569	0.07266	0.17439	0.34736	0.18916	0.10801	0.01878	0.00688	0.00451	0.00137	0.00314	0.00585	0.00468	0.00597
81	0.12324	0.07538	0.01327	0.00989	0.01263	0.13111	0.12593	0.13163	0.06408	0.14377	0.01017	0.02638	0.00796	0.00507	0.00483	0.00133	0.07641	0.02805	0.00316	0.00572
82	0.15618	0.00778	0.00906	0.00772	0.03425	0.03979	0.03084	0.07399	0.01080	0.35514	0.01324	0.01309	0.03127	0.00502	0.00411	0.00126	0.03471	0.00388	0.16207	0.00580
83	0.00580	0.00396	0.00473	0.00507	0.00518	0.00387	0.00309	0.00609	0.00683	0.00910	0.01671	0.29856	0.01960	0.55719	0.01577	0.00325	0.00353	0.02578	0.00302	0.00286
84	0.11733	0.00957	0.03296	0.03609	0.05268	0.03957	0.09921	0.14062	0.01181	0.35520	0.01148	0.01148	0.00784	0.00479	0.00460	0.00133	0.04948	0.00386	0.00375	0.00633
85	0.19032	0.02113	0.02740	0.00896	0.03374	0.16938	0.00704	0.17496	0.15841	0.08896	0.01123	0.02144	0.03273	0.00508	0.00413	0.00129	0.03095	0.00370	0.00336	0.00580
86	0.00561	0.00428	0.00522	0.00534	0.00632	0.00386	0.00390	0.00711	0.02222	0.01329	0.30779	0.28322	0.24411	0.01042	0.00505	0.00147	0.00228	0.03392	0.00412	0.03046
87	0.03847	0.00815	0.01032	0.00920	0.10341	0.01621	0.02028	0.07871	0.01056	0.19710	0.02971	0.01119	0.01825	0.00408	0.00366	0.00096	0.00364	0.00337	0.00325	0.42948
88	0.00564	0.00394	0.00506	0.00571	0.00621	0.00366	0.00395	0.00652	0.00848	0.02941	0.07229	0.58773	0.10843	0.07647	0.00653	0.00184	0.00262	0.05814	0.00387	0.00351
89	0.03393	0.00762	0.00922	0.00682	0.01914	0.00599	0.02610	0.01145	0.02051	0.05851	0.00809	0.00916	0.00651	0.00331	0.00324	0.00072	0.00327	0.00269	0.00265	0.76106

[dist]
# distance from previous block
# <min> <max>
2	11

[block]
# block no. 3 follows, 63 sequences, length 17
# corresponding to MSA columns:
# 693-709
name=unknown_D
#
# <colnr> <probs for GDERKNQSTAVLIFYWHMCP>
#	G	D	E	R	K	N	Q	S	T	A	V	L	I	F	Y	W	H	M	C	P
0	0.01095	0.14566	0.41015	0.01101	0.03042	0.08385	0.03948	0.08640	0.03038	0.05991	0.00811	0.00915	0.00606	0.00431	0.00434	0.00126	0.04700	0.00321	0.00231	0.00603
1	0.43469	0.00861	0.00810	0.01847	0.05101	0.04944	0.00570	0.09271	0.06569	0.03900	0.06135	0.04442	0.03539	0.00502	0.00345	0.00127	0.00358	0.00371	0.00310	0.06528
2	0.01343	0.00697	0.00882	0.00677	0.00989	0.00580	0.00547	0.03359	0.01079	0.41470	0.05574	0.04131	0.05099	0.00516	0.00394	0.00108	0.00325	0.00425	0.00409	0.31397
3	0.01217	0.01057	0.01043	0.00900	0.01159	0.07821	0.00708	0.20589	0.56670	0.01907	0.01461	0.01372	0.01090	0.00544	0.00422	0.00136	0.00398	0.00436	0.00409	0.00662
4	0.00757	0.01950	0.11991	0.00721	0.00911	0.02091	0.01500	0.04215	0.02456	0.05499	0.17007	0.29243	0.07753	0.00915	0.00485	0.00148	0.00335	0.08609	0.00371	0.03042
5	0.03649	0.19340	0.22012	0.01172	0.01597	0.04960	0.23834	0.06661	0.04413	0.05903	0.00843	0.00967	0.00635	0.00399	0.00397	0.00124	0.00565	0.00358	0.00239	0.01931
6	0.01400	0.01599	0.01116	0.01002	0.01232	0.52109	0.00763	0.06124	0.27651	0.01355	0.01017	0.01037	0.00794	0.00482	0.00397	0.00120	0.00603	0.00344	0.00297	0.00558
7	0.00521	0.00432	0.00460	0.00468	0.00602	0.00371	0.00360	0.00643	0.00975	0.01185	0.09289	0.04055	0.69163	0.01061	0.00505	0.00146	0.00229	0.08779	0.00395	0.00361
8	0.01124	0.63739	0.15086	0.00833	0.01220	0.09753	0.00863	0.01312	0.00893	0.01048	0.00618	0.00717	0.00539	0.00373	0.00302	0.00099	0.00508	0.00243	0.00183	0.00547
9	0.05696	0.06252	0.20245	0.02632	0.13687	0.11960	0.10124	0.11208	0.04661	0.03062	0.03176	0.03730	0.00797	0.00458	0.00407	0.00128	0.00543	0.00387	0.00258	0.00588
10	0.00654	0.08963	0.00810	0.00662	0.00759	0.00630	0.00522	0.00790	0.00688	0.00964	0.01088	0.01645	0.01040	0.09718	0.68429	0.00595	0.00998	0.00441	0.00223	0.00382
11	0.00616	0.00450	0.00589	0.00635	0.00730	0.00429	0.00516	0.00782	0.00999	0.01322	0.23445	0.10291	0.13996	0.04217	0.00602	0.00177	0.00303	0.39123	0.00403	0.00377
12	0.04049	0.02746	0.25865	0.03471	0.01472	0.02576	0.11692	0.06509	0.15051	0.12258	0.09015	0.01331	0.01088	0.00491	0.00424	0.00134	0.00485	0.00424	0.00318	0.00604
13	0.01121	0.07366	0.05969	0.17576	0.27871	0.23033	0.03752	0.01338	0.00969	0.01172	0.00716	0.00942	0.00588	0.00420	0.00455	0.00125	0.05498	0.00336	0.00201	0.00553
14	0.00584	0.00388	0.00511	0.00586	0.00622	0.00364	0.00396	0.00657	0.00807	0.04405	0.02188	0.70623	0.02572	0.09683	0.00694	0.00194	0.00270	0.03726	0.00382	0.00350
15	0.00912	0.03343	0.12309	0.00936	0.01160	0.03522	0.08029	0.01162	0.05182	0.07735	0.04118	0.07694	0.09165	0.00881	0.07953	0.00192	0.20127	0.00503	0.00279	0.04798
16	0.08526	0.01011	0.02778	0.00984	0.05287	0.04791	0.06168	0.35453	0.05624	0.06827	0.02895	0.09503	0.01010	0.00605	0.01859	0.00139	0.00447	0.00462	0.02045	0.03583

[dist]
# distance from previous block
# <min> <max>
3	12

[block]
# block no. 4 follows, 63 sequences, length 11
# corresponding to MSA columns:
# 722-732
name=unknown_E
#
# <colnr> <probs for GDERKNQSTAVLIFYWHMCP>
#	G	D	E	R	K	N	Q	S	T	A	V	L	I	F	Y	W	H	M	C	P
0	0.05105	0.03490	0.03711	0.00922	0.01230	0.09890	0.10726	0.13207	0.05249	0.11069	0.01089	0.06488	0.02280	0.00497	0.00431	0.00117	0.03351	0.00410	0.00313	0.20425
1	0.05544	0.00971	0.01112	0.00892	0.02702	0.06435	0.04936	0.23686	0.04946	0.17160	0.03177	0.01128	0.00842	0.00470	0.00434	0.00117	0.04197	0.00367	0.02647	0.18239
2	0.00673	0.00471	0.00574	0.00591	0.00672	0.00462	0.00415	0.03904	0.07554	0.04134	0.11062	0.42706	0.10631	0.09925	0.00721	0.03551	0.00277	0.00904	0.00385	0.00388
3	0.00743	0.00536	0.00716	0.18601	0.01150	0.02400	0.00576	0.00901	0.00932	0.08082	0.15147	0.27246	0.10994	0.02431	0.02701	0.00163	0.00346	0.00752	0.05165	0.00416
4	0.01306	0.01340	0.05348	0.01247	0.13364	0.30675	0.07309	0.07091	0.04774	0.11312	0.05569	0.03404	0.03071	0.00506	0.00435	0.00125	0.01852	0.00411	0.00296	0.00566
5	0.01267	0.00986	0.01342	0.08954	0.15687	0.05594	0.10204	0.12078	0.19283	0.16915	0.02590	0.01267	0.00918	0.00476	0.00430	0.00133	0.00470	0.00422	0.00347	0.00637
6	0.00928	0.00500	0.00665	0.00591	0.00744	0.00450	0.00454	0.01107	0.01162	0.22999	0.54675	0.09304	0.03101	0.00807	0.00480	0.00135	0.00244	0.00707	0.00472	0.00476
7	0.00884	0.00829	0.01378	0.50468	0.25926	0.00938	0.03351	0.04054	0.00927	0.01230	0.00966	0.01255	0.05114	0.00444	0.00425	0.00135	0.00524	0.00406	0.00214	0.00531
8	0.06022	0.26262	0.19609	0.01046	0.05403	0.14299	0.04030	0.13147	0.02453	0.02985	0.00755	0.00850	0.00592	0.00410	0.00359	0.00115	0.00540	0.00300	0.00238	0.00583
9	0.00989	0.00538	0.00655	0.00579	0.00769	0.00478	0.00450	0.01177	0.04931	0.27671	0.15368	0.09049	0.33960	0.00852	0.00472	0.00139	0.00266	0.00721	0.00445	0.00492
10	0.00627	0.00434	0.00544	0.00534	0.00641	0.00395	0.00395	0.00776	0.01038	0.05882	0.40143	0.18305	0.22470	0.01089	0.04640	0.00169	0.00265	0.00837	0.00423	0.00393

[dist]
# distance from previous block
# <min> <max>
0	1

[block]
# block no. 5 follows, 63 sequences, length 6
# corresponding to MSA columns:
# 734-739
name=unknown_F
#
# <colnr> <probs for GDERKNQSTAVLIFYWHMCP>
#	G	D	E	R	K	N	Q	S	T	A	V	L	I	F	Y	W	H	M	C	P
0	0.07015	0.01235	0.03284	0.10572	0.11189	0.18365	0.04443	0.25802	0.06069	0.06627	0.00918	0.01013	0.00684	0.00453	0.00404	0.00126	0.00532	0.00357	0.00307	0.00605
1	0.01005	0.01106	0.09020	0.29130	0.27806	0.05271	0.11757	0.07397	0.01007	0.01347	0.00790	0.01048	0.00612	0.00402	0.00425	0.00132	0.00569	0.00379	0.00216	0.00578
2	0.00563	0.00411	0.00530	0.00599	0.00653	0.00393	0.00428	0.00699	0.03569	0.01165	0.09160	0.55472	0.07809	0.05114	0.00607	0.00179	0.00268	0.11632	0.00391	0.00360
3	0.01019	0.29895	0.33509	0.08645	0.01647	0.09586	0.07723	0.01320	0.00911	0.01164	0.00694	0.00844	0.00547	0.00388	0.00364	0.00117	0.00579	0.00299	0.00186	0.00562
4	0.00606	0.00445	0.00545	0.00560	0.00641	0.00414	0.00385	0.00732	0.03543	0.01132	0.05707	0.42803	0.06725	0.16162	0.04204	0.00214	0.00314	0.00860	0.03944	0.10064
5	0.00977	0.00929	0.02682	0.00890	0.03415	0.07791	0.07964	0.11205	0.01046	0.01437	0.02831	0.02998	0.11874	0.00534	0.00495	0.00112	0.09067	0.00425	0.02848	0.30479

[dist]
# distance from previous block
# <min> <max>
0	13

# created by:
# /st0/software/busco_prod/Augustus/scripts/msa2prfl.pl ./align_prep/147828.fa
