[name]
unknown

[dist]
# distance from previous block
# <min> <max>
0	15

[block]
# block no. 0 follows, 65 sequences, length 31
# corresponding to MSA columns:
# 28-58
name=unknown_A
#
# <colnr> <probs for GDERKNQSTAVLIFYWHMCP>
#	G	D	E	R	K	N	Q	S	T	A	V	L	I	F	Y	W	H	M	C	P
0	0.01270	0.00812	0.01150	0.00932	0.01210	0.00813	0.13210	0.07876	0.22844	0.28766	0.01532	0.01839	0.01192	0.00587	0.00447	0.00140	0.00408	0.12564	0.00406	0.02003
1	0.01217	0.00861	0.01104	0.00893	0.01158	0.00898	0.08759	0.28099	0.15178	0.13831	0.11688	0.01811	0.01415	0.00602	0.00444	0.00135	0.00396	0.09178	0.00405	0.01927
2	0.02777	0.00970	0.01094	0.00859	0.01162	0.01027	0.03109	0.44375	0.14994	0.07316	0.03078	0.02483	0.02787	0.00507	0.00403	0.00120	0.00395	0.00405	0.00388	0.11751
3	0.02272	0.00564	0.00684	0.00612	0.00773	0.00540	0.00474	0.05502	0.07449	0.07226	0.35083	0.04035	0.02370	0.09999	0.00628	0.00157	0.00289	0.09393	0.00389	0.11560
4	0.01043	0.00762	0.00842	0.00689	0.00931	0.03642	0.00533	0.15447	0.08633	0.10636	0.05853	0.09820	0.02607	0.09846	0.00578	0.00141	0.00349	0.00475	0.00346	0.26826
5	0.10652	0.00820	0.00879	0.00746	0.00999	0.00881	0.00591	0.11190	0.38943	0.09605	0.08744	0.01479	0.02910	0.00535	0.00394	0.00126	0.00325	0.00433	0.00393	0.09353
6	0.01403	0.01693	0.01083	0.00989	0.01188	0.66734	0.00742	0.06316	0.04226	0.01131	0.00872	0.10025	0.00805	0.00527	0.00391	0.00115	0.00653	0.00377	0.00250	0.00480
7	0.00862	0.00742	0.00966	0.00726	0.01035	0.00635	0.09057	0.09890	0.01019	0.01457	0.07089	0.01563	0.14509	0.00489	0.00378	0.00094	0.00338	0.00421	0.00296	0.48435
8	0.01421	0.01114	0.01114	0.00898	0.01174	0.09401	0.00722	0.59668	0.03578	0.04041	0.01127	0.10207	0.00928	0.00574	0.00417	0.00126	0.00447	0.00450	0.01966	0.00629
9	0.01029	0.10163	0.01062	0.00821	0.01066	0.01087	0.00655	0.02077	0.73373	0.01635	0.01551	0.01436	0.01174	0.00534	0.00401	0.00134	0.00337	0.00437	0.00391	0.00636
10	0.00544	0.00421	0.00559	0.00615	0.00646	0.00436	0.00433	0.00622	0.00786	0.01057	0.03795	0.69033	0.07840	0.01199	0.00611	0.00166	0.09478	0.01050	0.00360	0.00348
11	0.10122	0.00411	0.00501	0.00579	0.00632	0.00406	0.00404	0.00657	0.00785	0.01145	0.02073	0.71472	0.02447	0.01178	0.00497	0.00164	0.00255	0.05559	0.00367	0.00348
12	0.00851	0.00730	0.00851	0.00608	0.00973	0.00547	0.00486	0.01034	0.00851	0.01338	0.00730	0.00851	0.00608	0.00304	0.00304	0.00061	0.00304	0.00243	0.00243	0.88083
13	0.00498	0.00364	0.00470	0.00555	0.00591	0.00335	0.00373	0.00573	0.00802	0.01055	0.02470	0.76416	0.11471	0.01259	0.00520	0.00164	0.00235	0.01134	0.00381	0.00335
14	0.00844	0.01998	0.74511	0.01317	0.10653	0.00956	0.01489	0.01296	0.00874	0.01304	0.00741	0.00883	0.00534	0.00387	0.00392	0.00129	0.00594	0.00310	0.00177	0.00611
15	0.00500	0.00357	0.00476	0.00572	0.00595	0.00333	0.00381	0.00572	0.00786	0.01048	0.02262	0.85306	0.02715	0.01286	0.00524	0.00167	0.00238	0.01167	0.00381	0.00333
16	0.00581	0.00420	0.00549	0.00516	0.00613	0.00387	0.00387	0.00775	0.01162	0.01646	0.82797	0.03066	0.03873	0.00839	0.00484	0.00129	0.00194	0.00742	0.00452	0.00387
17	0.01097	0.85821	0.02151	0.00702	0.01054	0.01624	0.00702	0.01229	0.00834	0.00966	0.00571	0.00658	0.00527	0.00351	0.00263	0.00088	0.00439	0.00219	0.00176	0.00527
18	0.01016	0.00975	0.01666	0.02520	0.83013	0.00975	0.01260	0.01260	0.00935	0.01341	0.00772	0.01016	0.00650	0.00366	0.00406	0.00122	0.00488	0.00366	0.00203	0.00650
19	0.00765	0.00383	0.00383	0.00383	0.00478	0.00383	0.00287	0.00956	0.00861	0.01530	0.01339	0.01530	0.01052	0.00478	0.00287	0.00096	0.00191	0.00383	0.87853	0.00383
20	0.00485	0.00416	0.00416	0.00416	0.00554	0.00347	0.00312	0.00589	0.00936	0.01109	0.04158	0.03950	0.82847	0.01040	0.00485	0.00139	0.00208	0.00866	0.00381	0.00347
21	0.88473	0.00794	0.00603	0.00540	0.00794	0.00921	0.00445	0.01207	0.00699	0.01842	0.00572	0.00667	0.00445	0.00381	0.00254	0.00127	0.00318	0.00222	0.00254	0.00445
22	0.01560	0.01150	0.01232	0.00944	0.01273	0.01273	0.00780	0.81645	0.01930	0.02587	0.00986	0.00986	0.00698	0.00493	0.00411	0.00123	0.00452	0.00370	0.00411	0.00698
23	0.00775	0.00730	0.01231	0.84587	0.02827	0.00912	0.01140	0.01049	0.00821	0.01049	0.00730	0.01094	0.00547	0.00410	0.00410	0.00137	0.00547	0.00365	0.00182	0.00456
24	0.00485	0.00416	0.00416	0.00416	0.00554	0.00347	0.00312	0.00589	0.00936	0.01109	0.04158	0.03950	0.82847	0.01040	0.00485	0.00139	0.00208	0.00866	0.00381	0.00347
25	0.00898	0.00898	0.01257	0.01078	0.01078	0.01257	0.00898	0.00988	0.00629	0.00988	0.00539	0.00898	0.00539	0.00718	0.01347	0.00180	0.84823	0.00359	0.00180	0.00449
26	0.00485	0.00416	0.00416	0.00416	0.00554	0.00347	0.00312	0.00589	0.00936	0.01109	0.04158	0.03950	0.82847	0.01040	0.00485	0.00139	0.00208	0.00866	0.00381	0.00347
27	0.00491	0.00413	0.00426	0.00429	0.00560	0.00348	0.00319	0.00599	0.00941	0.01136	0.08490	0.07652	0.74714	0.01040	0.00487	0.00139	0.00209	0.00873	0.00385	0.00348
28	0.00661	0.00472	0.00661	0.00756	0.00850	0.00472	0.00661	0.00850	0.00945	0.01228	0.02173	0.04630	0.02362	0.01134	0.00567	0.00189	0.00378	0.80250	0.00378	0.00378
29	0.01016	0.00975	0.01666	0.02520	0.83013	0.00975	0.01260	0.01260	0.00935	0.01341	0.00772	0.01016	0.00650	0.00366	0.00406	0.00122	0.00488	0.00366	0.00203	0.00650
30	0.01533	0.01956	0.01163	0.01058	0.01269	0.83926	0.00793	0.01639	0.01163	0.01005	0.00635	0.00740	0.00529	0.00423	0.00370	0.00106	0.00740	0.00264	0.00212	0.00476

[dist]
# distance from previous block
# <min> <max>
0	1

[block]
# block no. 1 follows, 65 sequences, length 57
# corresponding to MSA columns:
# 60-116
name=unknown_B
#
# <colnr> <probs for GDERKNQSTAVLIFYWHMCP>
#	G	D	E	R	K	N	Q	S	T	A	V	L	I	F	Y	W	H	M	C	P
0	0.01104	0.80597	0.04431	0.00728	0.01081	0.04394	0.00729	0.01245	0.00846	0.00977	0.00578	0.00667	0.00527	0.00355	0.00271	0.00090	0.00454	0.00223	0.00177	0.00527
1	0.01016	0.00975	0.01666	0.02520	0.83013	0.00975	0.01260	0.01260	0.00935	0.01341	0.00772	0.01016	0.00650	0.00366	0.00406	0.00122	0.00488	0.00366	0.00203	0.00650
2	0.00823	0.02123	0.83447	0.01170	0.01777	0.00953	0.01517	0.01300	0.00867	0.01300	0.00737	0.00867	0.00520	0.00390	0.00390	0.00130	0.00607	0.00303	0.00173	0.00607
3	0.00530	0.00428	0.00479	0.00506	0.00630	0.00378	0.00401	0.00654	0.00933	0.01137	0.03599	0.06877	0.60046	0.01071	0.00507	0.00152	0.00251	0.20687	0.00380	0.00354
4	0.00637	0.00462	0.00588	0.00541	0.00651	0.00438	0.00410	0.05423	0.01206	0.01700	0.78094	0.02947	0.03691	0.00819	0.00480	0.00129	0.00208	0.00721	0.00449	0.00405
5	0.88473	0.00794	0.00603	0.00540	0.00794	0.00921	0.00445	0.01207	0.00699	0.01842	0.00572	0.00667	0.00445	0.00381	0.00254	0.00127	0.00318	0.00222	0.00254	0.00445
6	0.01021	0.00882	0.00928	0.00835	0.01067	0.01021	0.00650	0.02181	0.82272	0.01717	0.01671	0.01532	0.01253	0.00557	0.00418	0.00139	0.00325	0.00464	0.00418	0.00650
7	0.00500	0.00357	0.00476	0.00572	0.00595	0.00333	0.00381	0.00572	0.00786	0.01048	0.02262	0.85306	0.02715	0.01286	0.00524	0.00167	0.00238	0.01167	0.00381	0.00333
8	0.00663	0.00602	0.01041	0.00958	0.04401	0.01735	0.21606	0.00816	0.00847	0.01138	0.01787	0.57063	0.02021	0.00975	0.00502	0.00155	0.00373	0.00928	0.01982	0.00407
9	0.88473	0.00794	0.00603	0.00540	0.00794	0.00921	0.00445	0.01207	0.00699	0.01842	0.00572	0.00667	0.00445	0.00381	0.00254	0.00127	0.00318	0.00222	0.00254	0.00445
10	0.00597	0.00398	0.00448	0.00448	0.00448	0.00398	0.00249	0.00597	0.00597	0.00796	0.01293	0.02686	0.01492	0.85574	0.02089	0.00398	0.00398	0.00597	0.00249	0.00249
11	0.01097	0.85821	0.02151	0.00702	0.01054	0.01624	0.00702	0.01229	0.00834	0.00966	0.00571	0.00658	0.00527	0.00351	0.00263	0.00088	0.00439	0.00219	0.00176	0.00527
12	0.01097	0.85821	0.02151	0.00702	0.01054	0.01624	0.00702	0.01229	0.00834	0.00966	0.00571	0.00658	0.00527	0.00351	0.00263	0.00088	0.00439	0.00219	0.00176	0.00527
13	0.00597	0.00398	0.00448	0.00448	0.00448	0.00398	0.00249	0.00597	0.00597	0.00796	0.01293	0.02686	0.01492	0.85574	0.02089	0.00398	0.00398	0.00597	0.00249	0.00249
14	0.00581	0.00420	0.00549	0.00516	0.00613	0.00387	0.00387	0.00775	0.01162	0.01646	0.82797	0.03066	0.03873	0.00839	0.00484	0.00129	0.00194	0.00742	0.00452	0.00387
15	0.01533	0.01956	0.01163	0.01058	0.01269	0.83926	0.00793	0.01639	0.01163	0.01005	0.00635	0.00740	0.00529	0.00423	0.00370	0.00106	0.00740	0.00264	0.00212	0.00476
16	0.00652	0.00470	0.00649	0.00738	0.00835	0.00466	0.00643	0.00837	0.00944	0.01222	0.02277	0.04595	0.06551	0.01129	0.00563	0.00186	0.00369	0.76119	0.00378	0.00376
17	0.00506	0.00366	0.00493	0.02465	0.00646	0.00346	0.00398	0.00582	0.00787	0.01048	0.02228	0.83408	0.02666	0.01266	0.00521	0.00166	0.00245	0.01149	0.00377	0.00336
18	0.00500	0.00357	0.00476	0.00572	0.00595	0.00333	0.00381	0.00572	0.00786	0.01048	0.02262	0.85306	0.02715	0.01286	0.00524	0.00167	0.00238	0.01167	0.00381	0.00333
19	0.00901	0.25698	0.60549	0.01038	0.01573	0.01142	0.01287	0.01280	0.00857	0.01206	0.00690	0.00808	0.00522	0.00379	0.00354	0.00118	0.00559	0.00280	0.00174	0.00584
20	0.01097	0.85821	0.02151	0.00702	0.01054	0.01624	0.00702	0.01229	0.00834	0.00966	0.00571	0.00658	0.00527	0.00351	0.00263	0.00088	0.00439	0.00219	0.00176	0.00527
21	0.00581	0.00420	0.00549	0.00516	0.00613	0.00387	0.00387	0.00775	0.01162	0.01646	0.82797	0.03066	0.03873	0.00839	0.00484	0.00129	0.00194	0.00742	0.00452	0.00387
22	0.00993	0.00858	0.00902	0.00814	0.01041	0.00986	0.00632	0.02098	0.78039	0.01685	0.01800	0.01657	0.05500	0.00582	0.00421	0.00139	0.00319	0.00485	0.00416	0.00634
23	0.00823	0.02123	0.83447	0.01170	0.01777	0.00953	0.01517	0.01300	0.00867	0.01300	0.00737	0.00867	0.00520	0.00390	0.00390	0.00130	0.00607	0.00303	0.00173	0.00607
24	0.00812	0.00595	0.00762	0.00698	0.00828	0.00670	0.00549	0.18929	0.00959	0.01346	0.01164	0.01559	0.02900	0.05121	0.56456	0.00491	0.00866	0.00437	0.04421	0.00437
25	0.00823	0.02123	0.83447	0.01170	0.01777	0.00953	0.01517	0.01300	0.00867	0.01300	0.00737	0.00867	0.00520	0.00390	0.00390	0.00130	0.00607	0.00303	0.00173	0.00607
26	0.01519	0.01150	0.01056	0.00876	0.01150	0.21829	0.00696	0.20449	0.16571	0.26907	0.01281	0.01209	0.02413	0.00502	0.00404	0.00123	0.00464	0.00384	0.00391	0.00627
27	0.01021	0.00882	0.00928	0.00835	0.01067	0.01021	0.00650	0.02181	0.82272	0.01717	0.01671	0.01532	0.01253	0.00557	0.00418	0.00139	0.00325	0.00464	0.00418	0.00650
28	0.00922	0.00772	0.00889	0.00642	0.01003	0.00620	0.00516	0.09098	0.00959	0.01463	0.00755	0.00865	0.00617	0.00323	0.00315	0.00067	0.00319	0.00256	0.00260	0.79341
29	0.00835	0.05807	0.79869	0.01149	0.01745	0.00983	0.01481	0.01297	0.00865	0.01285	0.00729	0.00857	0.00520	0.00388	0.00384	0.00128	0.00599	0.00300	0.00173	0.00603
30	0.88473	0.00794	0.00603	0.00540	0.00794	0.00921	0.00445	0.01207	0.00699	0.01842	0.00572	0.00667	0.00445	0.00381	0.00254	0.00127	0.00318	0.00222	0.00254	0.00445
31	0.00817	0.00772	0.01306	0.70427	0.16662	0.00923	0.01161	0.01085	0.00840	0.01099	0.00737	0.01081	0.00565	0.00403	0.00410	0.00134	0.00537	0.00365	0.00186	0.00490
32	0.00798	0.00752	0.01272	0.76942	0.10297	0.00918	0.01151	0.01068	0.00831	0.01076	0.00734	0.01087	0.00557	0.00406	0.00410	0.00135	0.00542	0.00365	0.00184	0.00474
33	0.00518	0.00417	0.00461	0.00450	0.00575	0.00360	0.00338	0.00652	0.01013	0.01292	0.30995	0.03649	0.55895	0.00971	0.00485	0.00135	0.00203	0.00824	0.00405	0.00360
34	0.01021	0.00882	0.00928	0.00835	0.01067	0.01021	0.00650	0.02181	0.82272	0.01717	0.01671	0.01532	0.01253	0.00557	0.00418	0.00139	0.00325	0.00464	0.00418	0.00650
35	0.00997	0.00956	0.01632	0.08990	0.76691	0.00970	0.01250	0.01243	0.00926	0.01318	0.00769	0.01022	0.00642	0.00369	0.00407	0.00123	0.00492	0.00366	0.00202	0.00635
36	0.00521	0.00385	0.00517	0.00598	0.00620	0.00381	0.00408	0.00593	0.00778	0.01045	0.02173	0.80913	0.02602	0.01256	0.00567	0.00167	0.04640	0.01125	0.00371	0.00339
37	0.01090	0.83439	0.04465	0.00716	0.01074	0.01605	0.00726	0.01231	0.00835	0.00975	0.00575	0.00664	0.00527	0.00352	0.00267	0.00089	0.00444	0.00222	0.00176	0.00529
38	0.00976	0.01122	0.03465	0.01665	0.02067	0.02890	0.75279	0.02499	0.00981	0.01320	0.00864	0.03268	0.00674	0.00375	0.00480	0.00138	0.00677	0.00493	0.00215	0.00549
39	0.00485	0.00416	0.00416	0.00416	0.00554	0.00347	0.00312	0.00589	0.00936	0.01109	0.04158	0.03950	0.82847	0.01040	0.00485	0.00139	0.00208	0.00866	0.00381	0.00347
40	0.00502	0.00358	0.00476	0.00569	0.00593	0.00335	0.00378	0.00572	0.00782	0.01043	0.02244	0.83703	0.02691	0.02921	0.00554	0.00171	0.00241	0.01156	0.00378	0.00332
41	0.00500	0.00357	0.00476	0.00572	0.00595	0.00333	0.00381	0.00572	0.00786	0.01048	0.02262	0.85306	0.02715	0.01286	0.00524	0.00167	0.00238	0.01167	0.00381	0.00333
42	0.01533	0.01956	0.01163	0.01058	0.01269	0.83926	0.00793	0.01639	0.01163	0.01005	0.00635	0.00740	0.00529	0.00423	0.00370	0.00106	0.00740	0.00264	0.00212	0.00476
43	0.88473	0.00794	0.00603	0.00540	0.00794	0.00921	0.00445	0.01207	0.00699	0.01842	0.00572	0.00667	0.00445	0.00381	0.00254	0.00127	0.00318	0.00222	0.00254	0.00445
44	0.01511	0.01766	0.01162	0.01027	0.01259	0.65814	0.00784	0.15023	0.05513	0.01306	0.00747	0.00822	0.00595	0.00442	0.00379	0.00110	0.00670	0.00292	0.00255	0.00522
45	0.01516	0.01914	0.01167	0.01056	0.01264	0.80259	0.00796	0.02923	0.01161	0.01030	0.00638	0.00749	0.00532	0.00432	0.00398	0.00108	0.03097	0.00269	0.00214	0.00479
46	0.00485	0.00416	0.00416	0.00416	0.00554	0.00347	0.00312	0.00589	0.00936	0.01109	0.04158	0.03950	0.82847	0.01040	0.00485	0.00139	0.00208	0.00866	0.00381	0.00347
47	0.01097	0.00865	0.00930	0.00826	0.01066	0.00982	0.00645	0.02164	0.74717	0.09317	0.01666	0.01519	0.01231	0.00552	0.00417	0.00138	0.00327	0.00459	0.00426	0.00654
48	0.00661	0.00472	0.00661	0.00756	0.00850	0.00472	0.00661	0.00850	0.00945	0.01228	0.02173	0.04630	0.02362	0.01134	0.00567	0.00189	0.00378	0.80250	0.00378	0.00378
49	0.00562	0.00383	0.00509	0.00573	0.00621	0.00352	0.00391	0.00639	0.00813	0.03490	0.06618	0.72914	0.02598	0.01209	0.00543	0.02781	0.00245	0.01066	0.00378	0.03314
50	0.00684	0.00509	0.00622	0.00602	0.03074	0.02726	0.00437	0.03251	0.01161	0.04370	0.66648	0.02895	0.09826	0.00808	0.00474	0.00129	0.00231	0.00706	0.00433	0.00414
51	0.00893	0.00729	0.00870	0.00670	0.03269	0.00572	0.00514	0.03268	0.00912	0.04166	0.05619	0.01009	0.00818	0.00349	0.00324	0.00071	0.00308	0.00285	0.00268	0.75085
52	0.75463	0.00776	0.00645	0.00607	0.03100	0.00887	0.00470	0.03884	0.00759	0.01793	0.02917	0.03292	0.00651	0.02964	0.00333	0.00136	0.00324	0.00284	0.00267	0.00448
53	0.74023	0.00842	0.00695	0.03054	0.00903	0.03270	0.00506	0.04773	0.00772	0.01784	0.00600	0.00709	0.00469	0.00397	0.00307	0.00126	0.03204	0.00239	0.00255	0.03071
54	0.00973	0.30002	0.37681	0.00966	0.03785	0.03456	0.01047	0.02645	0.03274	0.03982	0.00848	0.06030	0.00715	0.00445	0.00355	0.00116	0.00498	0.00340	0.02281	0.00561
55	0.02210	0.00656	0.05473	0.03629	0.03400	0.02889	0.00684	0.03104	0.00938	0.01244	0.01936	0.09186	0.07360	0.03427	0.00554	0.00171	0.00387	0.47443	0.00338	0.04970
56	0.00893	0.02231	0.03323	0.03515	0.01065	0.02950	0.01547	0.01077	0.00872	0.04890	0.00931	0.03399	0.02674	0.00409	0.00369	0.00084	0.02861	0.03014	0.00258	0.63637

[dist]
# distance from previous block
# <min> <max>
0	94

# created by:
# /st0/software/busco_prod/Augustus/scripts/msa2prfl.pl ./align_prep/147931.fa
