[name]
unknown

[dist]
# distance from previous block
# <min> <max>
0	65

[block]
# block no. 0 follows, 51 sequences, length 7
# corresponding to MSA columns:
# 459-465
name=unknown_A
#
# <colnr> <probs for GDERKNQSTAVLIFYWHMCP>
#	G	D	E	R	K	N	Q	S	T	A	V	L	I	F	Y	W	H	M	C	P
0	0.03766	0.12497	0.06203	0.00958	0.01250	0.04972	0.03754	0.15011	0.02381	0.02824	0.06186	0.02397	0.10294	0.00972	0.05887	0.00199	0.03296	0.12659	0.00369	0.04125
1	0.01059	0.07921	0.25079	0.00959	0.01318	0.02962	0.00965	0.05827	0.04370	0.08688	0.05626	0.19073	0.09626	0.03607	0.00579	0.00172	0.00486	0.00706	0.00372	0.00604
2	0.00895	0.00614	0.00707	0.04887	0.00918	0.00583	0.00500	0.04869	0.01059	0.01606	0.01883	0.07152	0.10215	0.09520	0.02407	0.00180	0.00357	0.03477	0.31746	0.16426
3	0.03388	0.01060	0.05999	0.00992	0.04187	0.00940	0.02658	0.12692	0.11609	0.05295	0.03040	0.04880	0.04314	0.00578	0.00489	0.00128	0.03253	0.00470	0.00371	0.33656
4	0.00940	0.00635	0.06040	0.00845	0.05306	0.00532	0.00602	0.00862	0.00771	0.05809	0.01111	0.09532	0.01095	0.01468	0.01526	0.61362	0.00441	0.00524	0.00263	0.00336
5	0.01679	0.01146	0.13952	0.01032	0.01422	0.00893	0.04748	0.02084	0.10825	0.44535	0.01682	0.04307	0.01176	0.00625	0.00546	0.00158	0.04286	0.00511	0.03632	0.00760
6	0.01246	0.06509	0.07215	0.01372	0.17914	0.02520	0.03335	0.10024	0.04724	0.11293	0.07379	0.07455	0.02910	0.04951	0.05226	0.02412	0.00542	0.00569	0.01756	0.00649

[dist]
# distance from previous block
# <min> <max>
15	40

[block]
# block no. 1 follows, 51 sequences, length 9
# corresponding to MSA columns:
# 506-514
name=unknown_B
#
# <colnr> <probs for GDERKNQSTAVLIFYWHMCP>
#	G	D	E	R	K	N	Q	S	T	A	V	L	I	F	Y	W	H	M	C	P
0	0.01309	0.16248	0.11063	0.11021	0.15005	0.03887	0.01101	0.10698	0.08895	0.07792	0.01186	0.05225	0.00961	0.00559	0.00457	0.00146	0.00547	0.00457	0.02750	0.00694
1	0.01319	0.12993	0.02708	0.03515	0.06508	0.11690	0.03028	0.05715	0.01206	0.10121	0.07284	0.01501	0.01167	0.00649	0.02841	0.00148	0.03682	0.03466	0.00335	0.20123
2	0.01154	0.00972	0.07286	0.00785	0.01215	0.00685	0.00684	0.01389	0.01084	0.12919	0.01345	0.01401	0.06859	0.00475	0.00408	0.00098	0.00392	0.00384	0.00343	0.60122
3	0.00998	0.03828	0.13029	0.06187	0.18569	0.00978	0.03630	0.04392	0.07219	0.01492	0.03628	0.07630	0.05552	0.13339	0.03891	0.00232	0.03902	0.00595	0.00309	0.00598
4	0.00991	0.04349	0.11919	0.06374	0.13280	0.00924	0.06355	0.03534	0.01086	0.04642	0.10214	0.08384	0.07329	0.07249	0.06067	0.00228	0.05539	0.00631	0.00328	0.00580
5	0.00897	0.00661	0.00862	0.00956	0.09510	0.00701	0.00633	0.04325	0.09680	0.01541	0.05109	0.08648	0.05332	0.07479	0.22353	0.02730	0.00621	0.00626	0.16821	0.00514
6	0.01019	0.00949	0.03497	0.11831	0.12813	0.04502	0.08828	0.05308	0.05579	0.01605	0.12738	0.01870	0.01519	0.04509	0.14483	0.00275	0.00666	0.00547	0.06885	0.00578
7	0.00871	0.00714	0.00804	0.00775	0.00882	0.06805	0.00573	0.07037	0.00990	0.01311	0.04442	0.08619	0.04971	0.18762	0.39617	0.00527	0.00884	0.00646	0.00322	0.00449
8	0.00997	0.00866	0.01265	0.11943	0.14068	0.03009	0.07152	0.02478	0.09916	0.01625	0.12766	0.04124	0.01634	0.00983	0.08924	0.00222	0.03322	0.02697	0.11425	0.00582

[dist]
# distance from previous block
# <min> <max>
0	1

[block]
# block no. 2 follows, 51 sequences, length 24
# corresponding to MSA columns:
# 516-524,574-588
name=unknown_C
#
# <colnr> <probs for GDERKNQSTAVLIFYWHMCP>
#	G	D	E	R	K	N	Q	S	T	A	V	L	I	F	Y	W	H	M	C	P
0	0.01222	0.05327	0.03291	0.04068	0.06867	0.09158	0.13414	0.06461	0.01106	0.04515	0.00960	0.01273	0.00808	0.03753	0.07873	0.00216	0.15254	0.00434	0.00278	0.13723
1	0.00647	0.00476	0.00582	0.00601	0.00685	0.00437	0.00419	0.00781	0.01107	0.01485	0.30846	0.26759	0.18675	0.13204	0.00876	0.00217	0.00287	0.01041	0.00464	0.00411
2	0.05590	0.04354	0.33209	0.01246	0.05463	0.09627	0.03419	0.01699	0.11914	0.03897	0.03874	0.01240	0.00927	0.00505	0.00452	0.00142	0.00597	0.00400	0.00295	0.11150
3	0.04674	0.00976	0.01119	0.00851	0.01233	0.00907	0.00689	0.21357	0.02902	0.12635	0.05202	0.01320	0.01047	0.00594	0.02736	0.00133	0.00439	0.00400	0.00403	0.40383
4	0.00627	0.00529	0.00640	0.02580	0.00815	0.00474	0.03193	0.00763	0.01069	0.01318	0.05950	0.14356	0.55846	0.03910	0.05497	0.00217	0.00355	0.01008	0.00429	0.00424
5	0.00653	0.00490	0.00617	0.02448	0.00801	0.00467	0.00487	0.02594	0.02766	0.01348	0.04645	0.60598	0.16118	0.01409	0.00610	0.00191	0.00297	0.02580	0.00455	0.00426
6	0.01160	0.01326	0.02900	0.02071	0.02568	0.01243	0.77879	0.01574	0.01160	0.01574	0.00994	0.01326	0.00746	0.00414	0.00580	0.00166	0.00829	0.00580	0.00249	0.00663
7	0.01043	0.29092	0.11533	0.00976	0.04062	0.04734	0.03886	0.01329	0.03806	0.01522	0.24278	0.02007	0.06514	0.00738	0.02371	0.00153	0.00492	0.00543	0.00338	0.00585
8	0.86201	0.00950	0.00722	0.00646	0.00950	0.01102	0.00532	0.01445	0.00836	0.02205	0.00684	0.00798	0.00532	0.00456	0.00304	0.00152	0.00380	0.00266	0.00304	0.00532
9	0.01019	0.00873	0.01019	0.00728	0.01165	0.00655	0.00582	0.01237	0.01019	0.01601	0.00873	0.01019	0.00728	0.00364	0.00364	0.00073	0.00364	0.00291	0.00291	0.85734
10	0.01217	0.01209	0.01878	0.01575	0.07728	0.03749	0.30629	0.02106	0.40443	0.01808	0.01491	0.01560	0.01126	0.00547	0.00528	0.00163	0.00589	0.00548	0.00376	0.00727
11	0.00916	0.00458	0.00458	0.00458	0.00573	0.00458	0.00344	0.01145	0.01031	0.01832	0.01603	0.01832	0.01260	0.00573	0.00344	0.00115	0.00229	0.00458	0.85457	0.00458
12	0.86201	0.00950	0.00722	0.00646	0.00950	0.01102	0.00532	0.01445	0.00836	0.02205	0.00684	0.00798	0.00532	0.00456	0.00304	0.00152	0.00380	0.00266	0.00304	0.00532
13	0.00597	0.00434	0.00563	0.00667	0.00708	0.00401	0.00448	0.00686	0.00958	0.01261	0.02922	0.75107	0.10415	0.01512	0.00623	0.00196	0.00282	0.01363	0.00456	0.00401
14	0.00830	0.00651	0.00753	0.00700	0.00849	0.02719	0.00530	0.01272	0.15602	0.01961	0.60448	0.03197	0.03839	0.00915	0.00553	0.00155	0.00278	0.00798	0.03426	0.00524
15	0.02192	0.00857	0.01153	0.00884	0.01265	0.00754	0.00731	0.05344	0.01442	0.77005	0.01909	0.01653	0.01202	0.00608	0.00494	0.00152	0.00423	0.00492	0.00604	0.00836
16	0.00611	0.00437	0.00583	0.00687	0.00724	0.00408	0.00467	0.00710	0.00975	0.01306	0.07529	0.75030	0.03324	0.01500	0.00626	0.00198	0.00287	0.03731	0.00461	0.00405
17	0.05461	0.01115	0.01262	0.00995	0.01354	0.03262	0.00819	0.37999	0.01777	0.32359	0.01499	0.01541	0.01055	0.00730	0.03386	0.00175	0.00521	0.03392	0.00512	0.00787
18	0.00768	0.00554	0.00761	0.00866	0.00979	0.00547	0.00746	0.00980	0.01121	0.01450	0.02766	0.09480	0.07972	0.01359	0.00670	0.00221	0.00430	0.67430	0.00453	0.00447
19	0.04179	0.00585	0.00747	0.00708	0.00869	0.00542	0.00527	0.01257	0.01114	0.23765	0.10226	0.31180	0.07037	0.06687	0.03179	0.00212	0.00365	0.02511	0.03775	0.00534
20	0.01208	0.00880	0.00989	0.00869	0.01095	0.00947	0.00672	0.22278	0.20417	0.06208	0.07232	0.14912	0.06582	0.05647	0.05495	0.00219	0.00453	0.00713	0.02546	0.00637
21	0.16305	0.06729	0.02999	0.03544	0.01646	0.21474	0.17815	0.11056	0.03757	0.05836	0.00979	0.01115	0.00745	0.00494	0.00450	0.00145	0.00648	0.00404	0.03222	0.00639
22	0.33209	0.05627	0.15660	0.02989	0.04174	0.12543	0.00913	0.04485	0.01079	0.05628	0.01081	0.04533	0.03574	0.00552	0.00407	0.00148	0.00535	0.00398	0.01860	0.00603
23	0.01158	0.01167	0.10557	0.01080	0.05002	0.06967	0.03297	0.03300	0.18523	0.07597	0.06307	0.01668	0.02681	0.01152	0.15283	0.00261	0.00651	0.00490	0.00363	0.12496

[dist]
# distance from previous block
# <min> <max>
0	5

[block]
# block no. 3 follows, 51 sequences, length 34
# corresponding to MSA columns:
# 596-629
name=unknown_D
#
# <colnr> <probs for GDERKNQSTAVLIFYWHMCP>
#	G	D	E	R	K	N	Q	S	T	A	V	L	I	F	Y	W	H	M	C	P
0	0.01164	0.00689	0.00870	0.00714	0.00979	0.00593	0.00562	0.01410	0.03505	0.21702	0.35754	0.02542	0.06250	0.00756	0.00505	0.00136	0.00315	0.00647	0.00495	0.20411
1	0.04471	0.23765	0.12888	0.01211	0.08096	0.10502	0.02654	0.13318	0.05984	0.06592	0.01209	0.01270	0.04943	0.00536	0.00435	0.00138	0.00574	0.00406	0.00320	0.00689
2	0.01152	0.12149	0.32850	0.01420	0.07110	0.01193	0.13592	0.03179	0.03742	0.06598	0.02535	0.03588	0.00959	0.02709	0.00572	0.00163	0.03187	0.02341	0.00280	0.00681
3	0.00610	0.00454	0.00566	0.00646	0.00712	0.00415	0.00449	0.00712	0.00994	0.01287	0.04807	0.56197	0.20796	0.04213	0.00682	0.00202	0.00291	0.05111	0.00452	0.00403
4	0.00651	0.00483	0.00687	0.00738	0.00790	0.00469	0.03497	0.00753	0.00912	0.01225	0.02352	0.58858	0.02750	0.11590	0.09229	0.00294	0.00442	0.03466	0.00409	0.00403
5	0.01421	0.07772	0.19173	0.05180	0.05850	0.09306	0.15874	0.06585	0.01246	0.17151	0.01191	0.05002	0.00911	0.00543	0.00491	0.00151	0.00643	0.00479	0.00332	0.00699
6	0.01010	0.09906	0.19178	0.05378	0.04997	0.02825	0.02934	0.03220	0.05108	0.05114	0.03937	0.09112	0.17882	0.00871	0.03070	0.00178	0.03708	0.00637	0.00338	0.00596
7	0.02144	0.00893	0.01170	0.00902	0.01280	0.00811	0.00743	0.09362	0.03838	0.70561	0.01871	0.01632	0.01190	0.00608	0.00494	0.00152	0.00429	0.00491	0.00594	0.00834
8	0.00994	0.00938	0.01560	0.21894	0.34216	0.00991	0.05760	0.01262	0.01086	0.01481	0.07566	0.05537	0.10112	0.00653	0.00562	0.00160	0.03720	0.00593	0.00293	0.00621
9	0.01182	0.03232	0.10130	0.05977	0.08487	0.02601	0.10626	0.03247	0.07158	0.13979	0.12540	0.10028	0.03492	0.02948	0.00581	0.00169	0.00505	0.02085	0.00394	0.00637
10	0.01037	0.03008	0.11534	0.24047	0.14203	0.04592	0.07959	0.05267	0.01101	0.01477	0.01252	0.15066	0.01176	0.02888	0.00562	0.00169	0.00589	0.00602	0.02871	0.00599
11	0.59400	0.01109	0.04970	0.04120	0.09202	0.03236	0.04366	0.01455	0.00906	0.01966	0.00740	0.00914	0.00585	0.00477	0.00424	0.00155	0.04800	0.00319	0.00281	0.00575
12	0.00708	0.00504	0.00678	0.00678	0.00727	0.00553	0.00474	0.00806	0.00757	0.01058	0.01419	0.02499	0.01475	0.38621	0.46183	0.00651	0.00945	0.00610	0.00279	0.00376
13	0.01373	0.01131	0.01196	0.01031	0.01335	0.01293	0.00814	0.20214	0.60928	0.02299	0.01809	0.01681	0.01345	0.00649	0.00498	0.00162	0.00424	0.00529	0.00498	0.00791
14	0.04027	0.01529	0.01494	0.01372	0.08206	0.33832	0.13311	0.07363	0.01280	0.01491	0.01317	0.05073	0.06828	0.00889	0.07932	0.00204	0.00760	0.00503	0.02000	0.00588
15	0.01547	0.01833	0.01598	0.01359	0.01574	0.46349	0.09705	0.04764	0.01224	0.01316	0.00771	0.01001	0.00657	0.00598	0.00788	0.00157	0.23541	0.00383	0.00252	0.00582
16	0.86201	0.00950	0.00722	0.00646	0.00950	0.01102	0.00532	0.01445	0.00836	0.02205	0.00684	0.00798	0.00532	0.00456	0.00304	0.00152	0.00380	0.00266	0.00304	0.00532
17	0.00986	0.02542	0.80183	0.01401	0.02127	0.01141	0.01816	0.01556	0.01038	0.01556	0.00882	0.01038	0.00623	0.00467	0.00467	0.00156	0.00726	0.00363	0.00208	0.00726
18	0.00740	0.00539	0.00722	0.00800	0.00915	0.00522	0.00672	0.00945	0.01154	0.01509	0.13721	0.10213	0.12510	0.01306	0.00649	0.00207	0.00385	0.51577	0.00466	0.00446
19	0.00715	0.00484	0.00582	0.00585	0.00605	0.00499	0.00362	0.00758	0.00745	0.01023	0.01538	0.05082	0.01706	0.63257	0.16955	0.00516	0.00620	0.00690	0.02946	0.00332
20	0.01794	0.01324	0.01451	0.01185	0.05046	0.01458	0.00933	0.70955	0.02197	0.02970	0.01188	0.01212	0.00853	0.00582	0.00484	0.00146	0.00528	0.00443	0.04434	0.00816
21	0.01298	0.00638	0.00798	0.00688	0.00903	0.00595	0.00540	0.01583	0.05857	0.28602	0.28652	0.02414	0.02427	0.00740	0.00486	0.00144	0.00304	0.00625	0.22097	0.00608
22	0.01265	0.22454	0.09328	0.03686	0.21215	0.06329	0.10608	0.03840	0.01113	0.04529	0.00926	0.01144	0.00756	0.00621	0.04176	0.00170	0.04269	0.00402	0.02498	0.00671
23	0.01300	0.13401	0.03372	0.01052	0.01277	0.30936	0.05367	0.03009	0.01086	0.01204	0.00961	0.01411	0.00896	0.11924	0.12616	0.05020	0.03973	0.00422	0.00254	0.00517
24	0.00721	0.00515	0.00711	0.00824	0.00906	0.00505	0.00669	0.00896	0.01062	0.01391	0.02641	0.33710	0.02983	0.01424	0.00660	0.00216	0.00391	0.48888	0.00454	0.00433
25	0.12586	0.00805	0.00947	0.00813	0.01044	0.05445	0.04177	0.01511	0.01142	0.26229	0.11158	0.09588	0.03218	0.07447	0.07526	0.00235	0.00494	0.00620	0.04431	0.00583
26	0.01260	0.10164	0.18598	0.01679	0.19976	0.04890	0.10316	0.04137	0.17604	0.04824	0.01167	0.01279	0.00891	0.00503	0.00477	0.00150	0.00602	0.00442	0.00310	0.00732
27	0.00606	0.00432	0.00572	0.00676	0.00706	0.00404	0.00450	0.00693	0.00946	0.01265	0.05073	0.76743	0.03235	0.04793	0.00701	0.00209	0.00291	0.01354	0.00452	0.00397
28	0.01639	0.00762	0.00967	0.00799	0.01088	0.00700	0.00633	0.01950	0.10660	0.48330	0.04792	0.06742	0.12195	0.05647	0.00636	0.00178	0.00382	0.00651	0.00545	0.00704
29	0.03208	0.03665	0.17604	0.09883	0.16053	0.04734	0.07818	0.01612	0.01142	0.16870	0.01366	0.03438	0.04549	0.00556	0.00481	0.00151	0.00574	0.00484	0.05131	0.00681
30	0.01047	0.08844	0.20888	0.08221	0.19385	0.01130	0.07620	0.03255	0.03279	0.01479	0.01322	0.03284	0.07112	0.04492	0.03148	0.00189	0.03891	0.00502	0.00267	0.00645
31	0.03927	0.00811	0.00877	0.00808	0.00958	0.07755	0.00619	0.05196	0.05682	0.06850	0.18214	0.06062	0.04080	0.08463	0.17000	0.00314	0.05350	0.02235	0.04278	0.00518
32	0.00698	0.00508	0.00662	0.00701	0.00771	0.00493	0.02357	0.00867	0.04616	0.01344	0.07887	0.44359	0.06019	0.15549	0.00933	0.00239	0.00342	0.06929	0.04310	0.00418
33	0.10524	0.09424	0.06921	0.06545	0.05835	0.11091	0.02534	0.10746	0.03344	0.03358	0.00911	0.01051	0.00718	0.00470	0.00440	0.00126	0.02422	0.00351	0.00300	0.22888

[dist]
# distance from previous block
# <min> <max>
11	63

[block]
# block no. 4 follows, 51 sequences, length 11
# corresponding to MSA columns:
# 695-705
name=unknown_E
#
# <colnr> <probs for GDERKNQSTAVLIFYWHMCP>
#	G	D	E	R	K	N	Q	S	T	A	V	L	I	F	Y	W	H	M	C	P
0	0.07963	0.06506	0.04218	0.06886	0.03893	0.01089	0.00802	0.22278	0.08532	0.02053	0.01251	0.06174	0.01028	0.00581	0.00434	0.00136	0.00445	0.00462	0.12600	0.12669
1	0.10194	0.22478	0.09133	0.01073	0.04985	0.15042	0.02166	0.06148	0.02599	0.07712	0.02927	0.01097	0.00830	0.00568	0.02512	0.00145	0.00587	0.00355	0.00300	0.09150
2	0.01072	0.01216	0.13679	0.06322	0.12734	0.03496	0.03872	0.06069	0.10321	0.01586	0.01424	0.01690	0.06733	0.05125	0.06379	0.00220	0.09631	0.00504	0.05455	0.02471
3	0.00672	0.00543	0.00603	0.00595	0.00744	0.00501	0.00443	0.00937	0.08398	0.01551	0.23333	0.12573	0.45005	0.01162	0.00578	0.00167	0.00262	0.00994	0.00482	0.00459
4	0.00932	0.00836	0.01249	0.10247	0.20071	0.00858	0.06199	0.01318	0.12042	0.01507	0.04631	0.05650	0.18666	0.06855	0.00688	0.00190	0.00467	0.06652	0.00362	0.00580
5	0.01214	0.09820	0.17981	0.07661	0.04727	0.17156	0.01117	0.04932	0.01119	0.02813	0.01210	0.02852	0.06227	0.00817	0.05484	0.00194	0.12028	0.01777	0.00270	0.00604
6	0.01318	0.07163	0.09738	0.03261	0.10259	0.05757	0.06319	0.05500	0.01160	0.17345	0.01390	0.07731	0.01195	0.12140	0.00760	0.00194	0.00531	0.00544	0.07067	0.00628
7	0.00613	0.00442	0.00584	0.00693	0.00734	0.00413	0.00479	0.00712	0.00965	0.01275	0.02809	0.72612	0.06883	0.01511	0.00629	0.00200	0.00297	0.07290	0.00456	0.00404
8	0.00998	0.00754	0.01154	0.19744	0.08025	0.00784	0.05982	0.01294	0.07147	0.10418	0.02017	0.28238	0.07495	0.02938	0.00599	0.00181	0.00457	0.00828	0.00387	0.00561
9	0.04556	0.11969	0.05620	0.01308	0.07618	0.26184	0.07601	0.03617	0.01175	0.06827	0.01022	0.06215	0.00886	0.00594	0.00578	0.00147	0.09478	0.00444	0.03545	0.00615
10	0.70414	0.00962	0.00871	0.00840	0.05752	0.01099	0.00634	0.01505	0.00891	0.07856	0.00789	0.00903	0.00603	0.00487	0.00398	0.00155	0.04651	0.00302	0.00318	0.00570

[dist]
# distance from previous block
# <min> <max>
10	20

[block]
# block no. 5 follows, 51 sequences, length 24
# corresponding to MSA columns:
# 730-746,753-759
name=unknown_F
#
# <colnr> <probs for GDERKNQSTAVLIFYWHMCP>
#	G	D	E	R	K	N	Q	S	T	A	V	L	I	F	Y	W	H	M	C	P
0	0.05024	0.00777	0.01115	0.11942	0.20108	0.00838	0.00834	0.01176	0.02578	0.03606	0.05930	0.03841	0.01396	0.24544	0.02658	0.00261	0.05421	0.00565	0.06862	0.00525
1	0.01748	0.15936	0.01592	0.01194	0.01476	0.67478	0.00931	0.01880	0.01326	0.01195	0.00747	0.00870	0.00633	0.00492	0.00422	0.00123	0.00825	0.00307	0.00246	0.00580
2	0.01241	0.04829	0.01491	0.01242	0.01322	0.19592	0.01014	0.01359	0.00911	0.01184	0.00705	0.01061	0.00670	0.00895	0.05064	0.00218	0.56032	0.00402	0.00226	0.00544
3	0.01798	0.01183	0.04691	0.01053	0.01427	0.01174	0.02923	0.40674	0.06281	0.25353	0.01420	0.01393	0.00985	0.00715	0.02425	0.04244	0.00524	0.00466	0.00489	0.00784
4	0.01019	0.00873	0.01019	0.00728	0.01165	0.00655	0.00582	0.01237	0.01019	0.01601	0.00873	0.01019	0.00728	0.00364	0.00364	0.00073	0.00364	0.00291	0.00291	0.85734
5	0.15770	0.00626	0.00604	0.00558	0.00735	0.00661	0.00435	0.06028	0.02836	0.04571	0.01438	0.01608	0.01112	0.00557	0.00354	0.00125	0.00284	0.00427	0.60755	0.00514
6	0.00715	0.00547	0.00664	0.00796	0.04665	0.03661	0.00512	0.00826	0.00978	0.01329	0.04072	0.62884	0.02811	0.04303	0.00653	0.00195	0.00325	0.01181	0.08453	0.00428
7	0.01163	0.01180	0.01760	0.11193	0.41898	0.09392	0.08208	0.01417	0.01092	0.01454	0.01097	0.10591	0.01024	0.00603	0.00578	0.00158	0.05717	0.00548	0.00265	0.00661
8	0.05614	0.01353	0.01498	0.27087	0.16072	0.21858	0.02638	0.08083	0.01205	0.01506	0.00891	0.01192	0.00721	0.02066	0.03226	0.00177	0.03530	0.00408	0.00263	0.00612
9	0.86201	0.00950	0.00722	0.00646	0.00950	0.01102	0.00532	0.01445	0.00836	0.02205	0.00684	0.00798	0.00532	0.00456	0.00304	0.00152	0.00380	0.00266	0.00304	0.00532
10	0.01062	0.01046	0.01463	0.05327	0.01382	0.01443	0.01062	0.01237	0.04089	0.01222	0.00737	0.01148	0.00701	0.00927	0.04130	0.00229	0.71583	0.00439	0.00229	0.00545
11	0.01217	0.01172	0.01815	0.08656	0.60560	0.04025	0.01379	0.01653	0.11519	0.01625	0.01059	0.01294	0.00860	0.00475	0.00487	0.00149	0.00574	0.00449	0.00276	0.00753
12	0.02178	0.00879	0.01167	0.00895	0.01276	0.00786	0.00739	0.08417	0.01479	0.73881	0.01878	0.01633	0.01186	0.00607	0.00494	0.00152	0.00428	0.00490	0.00599	0.00836
13	0.01075	0.01075	0.01505	0.01290	0.01290	0.01505	0.01075	0.01183	0.00753	0.01183	0.00645	0.01075	0.00645	0.00860	0.01613	0.00215	0.81830	0.00430	0.00215	0.00538
14	0.00854	0.00427	0.00640	0.00640	0.00640	0.00427	0.00427	0.00640	0.00640	0.00854	0.00854	0.01494	0.00854	0.01707	0.01921	0.85702	0.00427	0.00427	0.00213	0.00213
15	0.06389	0.00831	0.01091	0.00849	0.01212	0.00741	0.00699	0.02301	0.02884	0.71404	0.01863	0.01638	0.01189	0.00600	0.00479	0.00151	0.00408	0.00482	0.03984	0.00805
16	0.00662	0.00463	0.00599	0.00655	0.00727	0.00425	0.00457	0.00790	0.01081	0.03445	0.21784	0.53523	0.10848	0.01356	0.00608	0.00184	0.00272	0.01214	0.00481	0.00428
17	0.00612	0.00479	0.00554	0.00577	0.00693	0.00422	0.00417	0.00750	0.01132	0.01454	0.21288	0.26195	0.41132	0.01272	0.00594	0.00173	0.00255	0.01104	0.00476	0.00422
18	0.01097	0.00754	0.00829	0.00713	0.00919	0.00776	0.00561	0.24257	0.01534	0.02191	0.24692	0.02541	0.12051	0.00790	0.00488	0.00143	0.00327	0.00653	0.24117	0.00568
19	0.86201	0.00950	0.00722	0.00646	0.00950	0.01102	0.00532	0.01445	0.00836	0.02205	0.00684	0.00798	0.00532	0.00456	0.00304	0.00152	0.00380	0.00266	0.00304	0.00532
20	0.06265	0.00601	0.00743	0.00709	0.00865	0.00594	0.00538	0.03899	0.01083	0.13630	0.08493	0.19969	0.13723	0.06000	0.16776	0.00311	0.00532	0.02830	0.01932	0.00504
21	0.00734	0.00510	0.00593	0.00599	0.00741	0.00445	0.00444	0.00868	0.01126	0.07737	0.11666	0.24097	0.44045	0.01247	0.00588	0.00174	0.00276	0.03185	0.00477	0.00451
22	0.01143	0.07189	0.06347	0.00872	0.01164	0.00915	0.04379	0.19815	0.01421	0.08017	0.08675	0.11352	0.24920	0.00895	0.00529	0.00158	0.00416	0.00752	0.00438	0.00601
23	0.01344	0.13455	0.04508	0.00958	0.01281	0.04192	0.00813	0.25193	0.23227	0.02092	0.04638	0.04384	0.07667	0.00678	0.00475	0.00148	0.00462	0.00537	0.03246	0.00699

[dist]
# distance from previous block
# <min> <max>
0	65

[block]
# block no. 6 follows, 51 sequences, length 39
# corresponding to MSA columns:
# 872-896,903-916
name=unknown_G
#
# <colnr> <probs for GDERKNQSTAVLIFYWHMCP>
#	G	D	E	R	K	N	Q	S	T	A	V	L	I	F	Y	W	H	M	C	P
0	0.05138	0.06323	0.11632	0.18970	0.13475	0.05941	0.09550	0.01509	0.05369	0.03111	0.00971	0.01247	0.00774	0.03205	0.00545	0.00155	0.01775	0.00419	0.00264	0.09626
1	0.09630	0.18270	0.04958	0.09871	0.05221	0.11373	0.16363	0.09771	0.01228	0.04788	0.00927	0.01105	0.00719	0.00474	0.00443	0.00141	0.00630	0.00398	0.03045	0.00646
2	0.18437	0.13576	0.08923	0.02595	0.10195	0.23117	0.03520	0.01743	0.07017	0.05257	0.00922	0.01036	0.00725	0.00486	0.00416	0.00140	0.00618	0.00354	0.00286	0.00640
3	0.00734	0.00549	0.00625	0.00623	0.00696	0.03091	0.00430	0.00844	0.00937	0.01272	0.13422	0.08539	0.11712	0.31221	0.17320	0.00400	0.00565	0.00760	0.05869	0.00391
4	0.00832	0.00714	0.01053	0.00957	0.01024	0.00884	0.03811	0.00975	0.00784	0.01147	0.01135	0.01815	0.01107	0.12564	0.44529	0.00557	0.24878	0.00524	0.00253	0.00459
5	0.00682	0.00495	0.00643	0.00620	0.00730	0.00456	0.00460	0.00896	0.01338	0.01879	0.69368	0.11197	0.07264	0.01064	0.00584	0.00159	0.00238	0.00943	0.00530	0.00456
6	0.00622	0.00449	0.00558	0.00629	0.00675	0.00419	0.00416	0.00704	0.00944	0.01242	0.06400	0.53792	0.13135	0.16475	0.00965	0.00244	0.00313	0.01199	0.00431	0.00386
7	0.09900	0.00765	0.00952	0.00765	0.01073	0.00705	0.00623	0.02999	0.01298	0.52297	0.07419	0.01756	0.01404	0.00616	0.00456	0.00146	0.00370	0.00494	0.15249	0.00715
8	0.00961	0.00907	0.01533	0.72699	0.11980	0.01100	0.01381	0.01284	0.00998	0.01295	0.00879	0.01300	0.00669	0.00485	0.00491	0.00162	0.00647	0.00437	0.00221	0.00572
9	0.01091	0.01121	0.01763	0.01434	0.01526	0.01457	0.15247	0.01255	0.00828	0.01255	0.00710	0.01121	0.00664	0.00778	0.01422	0.00206	0.66884	0.00458	0.00221	0.00561
10	0.86201	0.00950	0.00722	0.00646	0.00950	0.01102	0.00532	0.01445	0.00836	0.02205	0.00684	0.00798	0.00532	0.00456	0.00304	0.00152	0.00380	0.00266	0.00304	0.00532
11	0.01216	0.01168	0.01995	0.03016	0.79664	0.01168	0.01508	0.01508	0.01119	0.01605	0.00924	0.01216	0.00778	0.00438	0.00487	0.00146	0.00584	0.00438	0.00243	0.00778
12	0.01829	0.01198	0.01335	0.01050	0.01420	0.01290	0.00859	0.47600	0.15737	0.20182	0.01496	0.01407	0.01040	0.00608	0.00494	0.00152	0.00486	0.00474	0.00519	0.00826
13	0.01056	0.00974	0.01640	0.46422	0.32957	0.01091	0.01375	0.01364	0.01059	0.02934	0.03809	0.01368	0.00861	0.00492	0.00493	0.00156	0.00607	0.00455	0.00247	0.00639
14	0.01310	0.01484	0.01315	0.10876	0.01551	0.34595	0.00962	0.01455	0.01057	0.01189	0.00881	0.03274	0.00815	0.04047	0.09716	0.00244	0.24025	0.00429	0.00246	0.00529
15	0.00628	0.00459	0.00592	0.00654	0.00723	0.00423	0.00460	0.00760	0.01082	0.01453	0.22624	0.51376	0.11789	0.01365	0.00612	0.00185	0.00273	0.03647	0.00478	0.00419
16	0.18947	0.00853	0.01026	0.00821	0.01164	0.00812	0.00672	0.04002	0.03141	0.55732	0.01693	0.04732	0.01159	0.00615	0.00458	0.00153	0.00403	0.00484	0.02383	0.00748
17	0.00858	0.00515	0.00607	0.00590	0.00733	0.00466	0.00440	0.01029	0.01159	0.10184	0.19645	0.17624	0.24169	0.01033	0.00529	0.00157	0.00266	0.00887	0.18631	0.00478
18	0.00846	0.00430	0.00634	0.00634	0.00634	0.00430	0.00420	0.00644	0.00644	0.00859	0.00892	0.01589	0.00905	0.06207	0.01953	0.80969	0.00430	0.00443	0.00218	0.00218
19	0.01386	0.01135	0.01330	0.03838	0.14810	0.06647	0.00890	0.18661	0.06397	0.07797	0.01155	0.03829	0.00920	0.00517	0.00450	0.00125	0.00490	0.00425	0.00365	0.28832
20	0.00627	0.00440	0.00587	0.00685	0.00716	0.00420	0.00463	0.00705	0.00918	0.01225	0.02514	0.68321	0.02982	0.07238	0.03666	0.03013	0.00347	0.04313	0.00430	0.00390
21	0.01335	0.13568	0.10810	0.20150	0.10222	0.02692	0.03505	0.07891	0.07964	0.13316	0.01146	0.01287	0.00850	0.00591	0.02470	0.00164	0.00595	0.00426	0.00326	0.00693
22	0.03509	0.44783	0.13240	0.02767	0.03147	0.05277	0.00996	0.06469	0.04173	0.06085	0.00973	0.01060	0.02399	0.00495	0.00421	0.00129	0.02793	0.00345	0.00273	0.00664
23	0.00599	0.00428	0.00570	0.00684	0.00713	0.00399	0.00456	0.00684	0.00941	0.01254	0.02709	0.82409	0.03250	0.01540	0.00627	0.00200	0.00285	0.01397	0.00456	0.00399
24	0.01472	0.08413	0.03204	0.04176	0.01360	0.01085	0.03539	0.28589	0.01562	0.17466	0.02008	0.06832	0.14532	0.00814	0.02551	0.00169	0.00489	0.00602	0.00449	0.00688
25	0.01212	0.18496	0.24258	0.10674	0.12256	0.01273	0.10712	0.03128	0.01099	0.08159	0.00970	0.01163	0.00739	0.00571	0.03112	0.00167	0.00660	0.00405	0.00261	0.00687
26	0.01868	0.01376	0.01475	0.01131	0.01524	0.01524	0.00934	0.78025	0.02311	0.03097	0.01180	0.01180	0.00836	0.00590	0.00492	0.00147	0.00541	0.00442	0.00492	0.00836
27	0.01836	0.02342	0.01393	0.01266	0.01519	0.80756	0.00950	0.01962	0.01393	0.01203	0.00760	0.00886	0.00633	0.00506	0.00443	0.00127	0.00886	0.00317	0.00253	0.00570
28	0.23075	0.09776	0.05527	0.01209	0.10913	0.04873	0.04506	0.10517	0.01241	0.17444	0.01160	0.01383	0.00896	0.00549	0.00437	0.00150	0.00513	0.04783	0.00368	0.00682
29	0.01672	0.02095	0.01758	0.01461	0.01774	0.61456	0.19623	0.01868	0.01336	0.01293	0.00817	0.00993	0.00660	0.00484	0.00476	0.00136	0.00872	0.00380	0.00252	0.00592
30	0.00603	0.00431	0.00575	0.00689	0.00719	0.00403	0.00463	0.00691	0.00945	0.01259	0.02706	0.80787	0.03241	0.01536	0.00628	0.00200	0.00289	0.02979	0.00456	0.00400
31	0.01013	0.01374	0.20786	0.06076	0.06508	0.12571	0.02661	0.01300	0.02889	0.01464	0.14633	0.02147	0.08602	0.02646	0.02681	0.07413	0.00576	0.03792	0.00318	0.00551
32	0.01031	0.02302	0.69468	0.01354	0.02018	0.01088	0.03423	0.01555	0.01051	0.05226	0.01000	0.01238	0.00740	0.00617	0.03448	0.00181	0.00728	0.02584	0.00236	0.00711
33	0.00862	0.00946	0.16561	0.00764	0.00953	0.00666	0.00670	0.04584	0.00925	0.03804	0.04425	0.05488	0.04136	0.48576	0.04322	0.00365	0.00532	0.00659	0.00317	0.00445
34	0.21671	0.04010	0.04354	0.03030	0.01305	0.01127	0.02921	0.25279	0.04011	0.14687	0.01223	0.01263	0.00879	0.00543	0.00424	0.00145	0.00455	0.00409	0.11575	0.00688
35	0.01173	0.01060	0.01459	0.01097	0.01505	0.03864	0.17151	0.01671	0.17179	0.05114	0.01175	0.01277	0.00909	0.00453	0.00447	0.00118	0.00490	0.00417	0.00338	0.43100
36	0.04261	0.04520	0.04976	0.04502	0.17722	0.02495	0.00886	0.01498	0.03389	0.13494	0.06112	0.01567	0.04682	0.00653	0.03408	0.00153	0.00483	0.00453	0.03094	0.21650
37	0.01038	0.00964	0.01617	0.40986	0.24199	0.01084	0.06248	0.03428	0.01067	0.01459	0.02306	0.01411	0.02130	0.00595	0.02646	0.00174	0.03310	0.00467	0.04252	0.00616
38	0.25605	0.03171	0.01311	0.06460	0.09211	0.04065	0.05883	0.01453	0.00967	0.10094	0.00975	0.03759	0.00808	0.00665	0.01603	0.02527	0.17659	0.00425	0.02770	0.00588

[dist]
# distance from previous block
# <min> <max>
0	4

[block]
# block no. 7 follows, 51 sequences, length 11
# corresponding to MSA columns:
# 928-938
name=unknown_H
#
# <colnr> <probs for GDERKNQSTAVLIFYWHMCP>
#	G	D	E	R	K	N	Q	S	T	A	V	L	I	F	Y	W	H	M	C	P
0	0.13720	0.08505	0.05827	0.00974	0.05019	0.03585	0.00790	0.07086	0.09361	0.05607	0.03918	0.03545	0.05090	0.00584	0.00492	0.00136	0.05078	0.00442	0.00347	0.19894
1	0.00817	0.16195	0.01027	0.00703	0.00820	0.00806	0.00536	0.00922	0.00811	0.01083	0.01358	0.06757	0.01428	0.31040	0.33081	0.00515	0.00809	0.00593	0.00276	0.00423
2	0.00873	0.00771	0.01231	0.06012	0.22330	0.00768	0.06460	0.01106	0.01154	0.01590	0.24314	0.12970	0.09973	0.00938	0.02276	0.00178	0.02618	0.03499	0.00384	0.00556
3	0.00667	0.00527	0.00765	0.00776	0.00876	0.00510	0.05397	0.00810	0.00979	0.01296	0.04307	0.41888	0.15296	0.01803	0.15866	0.00305	0.00521	0.06572	0.00408	0.00431
4	0.00936	0.00802	0.00920	0.00684	0.01069	0.00609	0.00543	0.01136	0.01038	0.01549	0.01654	0.01725	0.15705	0.00531	0.00405	0.00091	0.00342	0.00433	0.00323	0.69505
5	0.00945	0.09587	0.25217	0.01261	0.11780	0.00945	0.03517	0.01246	0.01039	0.01459	0.03090	0.18010	0.07025	0.00730	0.00487	0.00148	0.00507	0.00631	0.00301	0.12076
6	0.60391	0.07012	0.01034	0.00808	0.01061	0.04480	0.00675	0.01418	0.00855	0.01893	0.00680	0.00854	0.00565	0.00532	0.00560	0.00160	0.15904	0.00299	0.00278	0.00542
7	0.70054	0.16562	0.01075	0.00683	0.01010	0.01263	0.00591	0.01450	0.00867	0.02005	0.00684	0.00796	0.00551	0.00449	0.00306	0.00143	0.00408	0.00265	0.00286	0.00551
8	0.00639	0.00499	0.00587	0.00598	0.00726	0.00437	0.00438	0.00785	0.01133	0.01478	0.21903	0.25066	0.35591	0.01229	0.00586	0.00170	0.00265	0.03111	0.00469	0.04291
9	0.34111	0.05839	0.04346	0.01160	0.03796	0.05555	0.17862	0.03280	0.01105	0.17073	0.01026	0.01119	0.00741	0.00480	0.00426	0.00151	0.00545	0.00395	0.00341	0.00649
10	0.56840	0.00917	0.03029	0.00745	0.01040	0.00957	0.04076	0.01433	0.01009	0.08503	0.15780	0.01447	0.01381	0.00571	0.00389	0.00153	0.00385	0.00420	0.00369	0.00555

[dist]
# distance from previous block
# <min> <max>
3	31

# created by:
# /st0/software/busco_prod/Augustus/scripts/msa2prfl.pl ./align_prep/148274.fa
