[name]
unknown

[dist]
# distance from previous block
# <min> <max>
0	178

[block]
# block no. 0 follows, 46 sequences, length 6
# corresponding to MSA columns:
# 330-332,335-337
name=unknown_A
#
# <colnr> <probs for GDERKNQSTAVLIFYWHMCP>
#	G	D	E	R	K	N	Q	S	T	A	V	L	I	F	Y	W	H	M	C	P
0	0.01549	0.01097	0.01239	0.01072	0.01380	0.01192	0.00872	0.27243	0.25953	0.10869	0.02002	0.06555	0.01693	0.00865	0.00576	0.00184	0.00484	0.13860	0.00536	0.00781
1	0.01281	0.07623	0.01271	0.01159	0.09845	0.01006	0.00797	0.16893	0.05756	0.05710	0.01440	0.13249	0.01350	0.01278	0.05299	0.23915	0.00540	0.00621	0.00377	0.00589
2	0.55108	0.00910	0.00882	0.12440	0.01361	0.01041	0.00690	0.01408	0.01047	0.02168	0.16846	0.01585	0.01513	0.00619	0.00419	0.00166	0.00419	0.00453	0.00367	0.00559
3	0.01019	0.00895	0.01226	0.00938	0.01323	0.00719	0.09189	0.01248	0.01096	0.01642	0.01366	0.17812	0.01351	0.00661	0.00477	0.00118	0.00431	0.00597	0.00345	0.57548
4	0.05072	0.01049	0.01490	0.01205	0.01513	0.01082	0.16333	0.18943	0.12077	0.06376	0.10419	0.18357	0.01993	0.00865	0.00582	0.00179	0.00513	0.00787	0.00472	0.00694
5	0.00793	0.00605	0.00871	0.12481	0.01233	0.00672	0.00674	0.00978	0.00998	0.01389	0.17336	0.02661	0.02122	0.19253	0.35037	0.00536	0.00876	0.00676	0.00346	0.00463

[dist]
# distance from previous block
# <min> <max>
0	2

[block]
# block no. 1 follows, 46 sequences, length 9
# corresponding to MSA columns:
# 340-348
name=unknown_B
#
# <colnr> <probs for GDERKNQSTAVLIFYWHMCP>
#	G	D	E	R	K	N	Q	S	T	A	V	L	I	F	Y	W	H	M	C	P
0	0.00946	0.00622	0.01084	0.00947	0.01042	0.00622	0.12113	0.00878	0.00797	0.01080	0.01010	0.01644	0.00956	0.01918	0.12537	0.60065	0.00658	0.00499	0.00243	0.00337
1	0.01093	0.00650	0.00667	0.00610	0.00787	0.00662	0.00472	0.12698	0.01333	0.02105	0.02157	0.02295	0.11879	0.00719	0.00429	0.00136	0.00301	0.00576	0.59883	0.00549
2	0.03630	0.04469	0.09519	0.04905	0.16194	0.01409	0.15831	0.27824	0.01637	0.04668	0.01146	0.01376	0.00873	0.00562	0.00558	0.00165	0.02158	0.01910	0.00368	0.00797
3	0.14712	0.06549	0.01456	0.01235	0.01525	0.63158	0.00946	0.01997	0.01383	0.01457	0.00800	0.00933	0.00664	0.00532	0.00446	0.00139	0.00849	0.00329	0.00278	0.00610
4	0.00753	0.00861	0.12601	0.00802	0.00997	0.00596	0.00710	0.00942	0.01069	0.01397	0.03078	0.23067	0.24043	0.15307	0.00994	0.00253	0.00429	0.11204	0.00419	0.00477
5	0.01310	0.01140	0.03090	0.12273	0.11591	0.01207	0.02700	0.20131	0.21047	0.02159	0.04444	0.02145	0.12990	0.00735	0.00550	0.00170	0.00515	0.00621	0.00439	0.00743
6	0.01810	0.01622	0.01345	0.01167	0.01487	0.29412	0.00907	0.09016	0.29267	0.16062	0.01579	0.01510	0.01157	0.00636	0.00514	0.00159	0.00632	0.00482	0.00463	0.00773
7	0.21649	0.00972	0.01136	0.00900	0.01279	0.00949	0.00741	0.09773	0.01468	0.49794	0.04892	0.01616	0.01250	0.00632	0.00487	0.00163	0.00445	0.00486	0.00562	0.00806
8	0.03640	0.01022	0.01537	0.07994	0.32236	0.01034	0.01135	0.03901	0.01282	0.20220	0.03835	0.02004	0.11701	0.00688	0.00609	0.00168	0.05261	0.00582	0.00402	0.00750

[dist]
# distance from previous block
# <min> <max>
0	3

[block]
# block no. 2 follows, 46 sequences, length 9
# corresponding to MSA columns:
# 352-360
name=unknown_C
#
# <colnr> <probs for GDERKNQSTAVLIFYWHMCP>
#	G	D	E	R	K	N	Q	S	T	A	V	L	I	F	Y	W	H	M	C	P
0	0.02171	0.10976	0.01400	0.00938	0.01337	0.00932	0.00797	0.02374	0.01443	0.64751	0.01955	0.01902	0.01322	0.00672	0.00518	0.00162	0.00466	0.04442	0.00592	0.00850
1	0.01159	0.01022	0.01122	0.01024	0.01230	0.04298	0.00802	0.02059	0.42630	0.01978	0.17718	0.05389	0.02296	0.00880	0.00716	0.00185	0.10395	0.03910	0.00494	0.00694
2	0.01472	0.01288	0.01785	0.11136	0.19134	0.03709	0.07642	0.21251	0.09054	0.04010	0.01164	0.01363	0.00900	0.00606	0.00686	0.00171	0.10818	0.00490	0.00364	0.02958
3	0.01125	0.01111	0.01559	0.01346	0.01353	0.01545	0.01118	0.01247	0.00813	0.01269	0.00750	0.01228	0.00743	0.01162	0.07775	0.00279	0.74301	0.00471	0.00235	0.00570
4	0.01018	0.00609	0.00821	0.00709	0.00884	0.00598	0.09836	0.01289	0.01126	0.01936	0.01643	0.01903	0.01286	0.00595	0.00401	0.00130	0.00327	0.00509	0.73858	0.00520
5	0.00645	0.00536	0.00564	0.00557	0.00727	0.00455	0.00418	0.00798	0.01253	0.01542	0.17330	0.04900	0.65863	0.01296	0.00625	0.00176	0.00265	0.01089	0.00506	0.00455
6	0.01337	0.02968	0.03837	0.05330	0.24368	0.05109	0.26102	0.08239	0.01305	0.01788	0.01006	0.01287	0.00798	0.00497	0.00597	0.00159	0.04685	0.00493	0.00289	0.09806
7	0.01298	0.01168	0.01592	0.17526	0.20051	0.04198	0.02960	0.03858	0.25319	0.04663	0.01416	0.03616	0.01126	0.00648	0.00648	0.00176	0.08084	0.00538	0.00369	0.00744
8	0.00964	0.00877	0.03249	0.01126	0.10989	0.04197	0.00770	0.01409	0.13099	0.01916	0.39686	0.02994	0.07627	0.01170	0.07378	0.00225	0.00472	0.00770	0.00479	0.00603

[dist]
# distance from previous block
# <min> <max>
4	8

[block]
# block no. 3 follows, 46 sequences, length 18
# corresponding to MSA columns:
# 370-387
name=unknown_D
#
# <colnr> <probs for GDERKNQSTAVLIFYWHMCP>
#	G	D	E	R	K	N	Q	S	T	A	V	L	I	F	Y	W	H	M	C	P
0	0.01162	0.03225	0.23831	0.01338	0.06649	0.02498	0.06596	0.01859	0.21412	0.03045	0.10762	0.01744	0.01507	0.00674	0.01894	0.00171	0.00578	0.00531	0.00375	0.10148
1	0.01337	0.62190	0.02365	0.00875	0.01332	0.01756	0.00837	0.01522	0.01080	0.01360	0.00784	0.00908	0.00704	0.00438	0.00352	0.00105	0.00523	0.00290	0.00247	0.20995
2	0.03692	0.07622	0.02831	0.02530	0.06286	0.23131	0.02547	0.04262	0.14570	0.20250	0.01374	0.01388	0.01012	0.00611	0.00573	0.00159	0.05547	0.00454	0.00411	0.00750
3	0.26237	0.47933	0.02028	0.00891	0.01293	0.06826	0.00820	0.06071	0.01134	0.01705	0.00773	0.00883	0.00660	0.00481	0.00356	0.00132	0.00545	0.00299	0.00277	0.00656
4	0.03611	0.09297	0.06958	0.01197	0.01626	0.07382	0.01042	0.52169	0.07013	0.02773	0.01209	0.01232	0.00886	0.00604	0.00501	0.00155	0.00607	0.00445	0.00456	0.00838
5	0.00676	0.00538	0.00607	0.00590	0.00746	0.00468	0.00442	0.00858	0.01327	0.01717	0.35621	0.04612	0.47463	0.01231	0.00624	0.00173	0.00260	0.01049	0.00529	0.00468
6	0.00985	0.00493	0.00493	0.00493	0.00616	0.00493	0.00370	0.01232	0.01109	0.01971	0.01725	0.01971	0.01355	0.00616	0.00370	0.00123	0.00246	0.00493	0.84356	0.00493
7	0.06315	0.08283	0.01856	0.01627	0.13722	0.07527	0.20663	0.03131	0.07728	0.01664	0.01531	0.20598	0.01497	0.00781	0.00556	0.00173	0.00608	0.00733	0.00350	0.00659
8	0.00838	0.00732	0.00912	0.19897	0.01537	0.00769	0.00739	0.01257	0.13610	0.01596	0.09883	0.03592	0.40604	0.01019	0.00587	0.00177	0.00397	0.00861	0.00444	0.00549
9	0.01233	0.00732	0.00757	0.00668	0.00864	0.00770	0.00523	0.19409	0.01442	0.02300	0.01614	0.01801	0.01245	0.00620	0.00408	0.00132	0.00328	0.00489	0.64075	0.00591
10	0.01152	0.01062	0.01702	0.02463	0.53438	0.01065	0.01293	0.01507	0.06821	0.01684	0.01707	0.13343	0.06378	0.00753	0.00560	0.00171	0.00537	0.03285	0.00338	0.00740
11	0.01559	0.47814	0.07319	0.01191	0.06313	0.06081	0.01048	0.19712	0.01450	0.01810	0.00899	0.01002	0.00741	0.00506	0.00415	0.00132	0.00608	0.00351	0.00304	0.00745
12	0.00827	0.00592	0.00817	0.00899	0.01021	0.00582	0.00766	0.01072	0.01285	0.01712	0.20956	0.05476	0.03513	0.01369	0.00704	0.00225	0.00429	0.56756	0.00510	0.00490
13	0.01141	0.00627	0.00833	0.00732	0.00925	0.00566	0.00566	0.01380	0.01500	0.20597	0.59515	0.03429	0.04098	0.00978	0.00601	0.00166	0.00298	0.00853	0.00599	0.00596
14	0.01160	0.01080	0.01800	0.04673	0.25427	0.01066	0.18814	0.01621	0.11671	0.04667	0.02267	0.02364	0.19596	0.00718	0.00574	0.00171	0.00570	0.00683	0.00371	0.00707
15	0.21517	0.01546	0.15110	0.01737	0.02263	0.01282	0.45566	0.01656	0.01142	0.01854	0.00969	0.01237	0.00725	0.00466	0.00532	0.00173	0.00756	0.00503	0.00275	0.00690
16	0.02115	0.00986	0.01449	0.01498	0.19924	0.00893	0.00982	0.02346	0.01438	0.59917	0.01822	0.01681	0.01195	0.00610	0.00530	0.00162	0.00493	0.00517	0.00559	0.00885
17	0.01243	0.01071	0.01586	0.61053	0.03157	0.01287	0.01356	0.19499	0.01403	0.01830	0.01019	0.01376	0.00752	0.00554	0.00529	0.00172	0.00675	0.00471	0.00306	0.00663

[dist]
# distance from previous block
# <min> <max>
0	3

[block]
# block no. 4 follows, 46 sequences, length 21
# corresponding to MSA columns:
# 391-399,442-453
name=unknown_E
#
# <colnr> <probs for GDERKNQSTAVLIFYWHMCP>
#	G	D	E	R	K	N	Q	S	T	A	V	L	I	F	Y	W	H	M	C	P
0	0.01363	0.68818	0.02503	0.00885	0.01340	0.01870	0.00860	0.01543	0.01078	0.01320	0.00768	0.00888	0.00695	0.00443	0.00348	0.00108	0.00538	0.00288	0.00240	0.14107
1	0.01145	0.01327	0.06798	0.01882	0.02336	0.01184	0.55584	0.01604	0.05628	0.01668	0.01421	0.14178	0.01273	0.00658	0.00620	0.00184	0.00764	0.00750	0.00316	0.00679
2	0.00920	0.00530	0.00712	0.00769	0.00860	0.00485	0.00537	0.01030	0.01092	0.13685	0.02781	0.68398	0.03147	0.01496	0.00652	0.00207	0.00330	0.01348	0.00517	0.00505
3	0.01054	0.01603	0.29228	0.10201	0.08426	0.02749	0.09484	0.01496	0.05518	0.01546	0.01331	0.05225	0.01207	0.13551	0.00891	0.00230	0.00675	0.04639	0.00293	0.00652
4	0.01848	0.01394	0.01586	0.13839	0.01960	0.01565	0.01079	0.64365	0.02257	0.03015	0.01217	0.01292	0.00868	0.00618	0.00529	0.00161	0.00601	0.00475	0.00482	0.00849
5	0.01842	0.04613	0.01794	0.01487	0.01807	0.64621	0.13041	0.02029	0.01446	0.01356	0.00855	0.01026	0.00700	0.00526	0.00496	0.00142	0.00932	0.00384	0.00270	0.00631
6	0.01138	0.04286	0.41220	0.01547	0.02144	0.01250	0.19703	0.01818	0.13331	0.01778	0.05646	0.01486	0.01105	0.00555	0.00540	0.00170	0.00713	0.00510	0.00305	0.00754
7	0.01280	0.01104	0.01180	0.01029	0.01355	0.01217	0.00803	0.02573	0.65003	0.02133	0.01958	0.01832	0.01481	0.00665	0.00515	0.00163	0.00414	0.00552	0.00502	0.14240
8	0.01132	0.01587	0.19854	0.01857	0.02378	0.01189	0.47706	0.01575	0.01201	0.01658	0.01317	0.06437	0.01146	0.00627	0.00610	0.00184	0.00793	0.07768	0.00292	0.00690
9	0.01200	0.05805	0.61138	0.01506	0.02213	0.02779	0.08041	0.05729	0.01219	0.04107	0.01000	0.01157	0.00713	0.00508	0.00507	0.00165	0.00764	0.00414	0.00258	0.00778
10	0.01183	0.25654	0.46327	0.01265	0.01865	0.05751	0.01485	0.01601	0.01117	0.01503	0.01027	0.07046	0.00886	0.00577	0.00466	0.00153	0.00692	0.00440	0.00247	0.00715
11	0.00641	0.00473	0.00600	0.00701	0.00758	0.00432	0.00475	0.00740	0.01046	0.01363	0.03342	0.67736	0.16560	0.01601	0.00666	0.00208	0.00300	0.01435	0.00491	0.00432
12	0.01287	0.01234	0.02107	0.08570	0.72966	0.01250	0.01612	0.01604	0.01194	0.01701	0.00991	0.01315	0.00828	0.00475	0.00524	0.00158	0.00633	0.00471	0.00260	0.00820
13	0.01325	0.08257	0.42994	0.01355	0.01940	0.01177	0.08138	0.01782	0.02621	0.15826	0.01307	0.06850	0.01016	0.00616	0.00546	0.00168	0.02478	0.00512	0.00332	0.00761
14	0.00748	0.00540	0.00707	0.00665	0.00790	0.00499	0.00499	0.00998	0.01496	0.02120	0.77844	0.03949	0.04988	0.01081	0.00624	0.00166	0.00249	0.00956	0.00582	0.00499
15	0.00758	0.00508	0.00580	0.00590	0.00593	0.00505	0.00335	0.00766	0.00790	0.01053	0.01773	0.10147	0.02058	0.74549	0.02517	0.00487	0.00495	0.00832	0.00335	0.00330
16	0.01145	0.21616	0.60540	0.01363	0.02066	0.01434	0.01703	0.01652	0.01106	0.01571	0.00898	0.01052	0.00672	0.00490	0.00463	0.00154	0.00730	0.00365	0.00224	0.00757
17	0.85155	0.01022	0.00777	0.00695	0.01022	0.01186	0.00573	0.01554	0.00900	0.02372	0.00736	0.00859	0.00573	0.00491	0.00327	0.00164	0.00409	0.00286	0.00327	0.00573
18	0.01827	0.01460	0.04635	0.01199	0.01611	0.01555	0.01008	0.58040	0.17954	0.03032	0.01440	0.01409	0.01038	0.00646	0.00530	0.00163	0.00556	0.00498	0.00518	0.00881
19	0.00985	0.00493	0.00493	0.00493	0.00616	0.00493	0.00370	0.01232	0.01109	0.01971	0.01725	0.01971	0.01355	0.00616	0.00370	0.00123	0.00246	0.00493	0.84356	0.00493
20	0.01693	0.07652	0.01650	0.06440	0.24623	0.10776	0.01108	0.01921	0.01307	0.27610	0.01450	0.05905	0.01141	0.00638	0.00545	0.00161	0.02367	0.01840	0.00408	0.00768

[dist]
# distance from previous block
# <min> <max>
0	1

[block]
# block no. 5 follows, 46 sequences, length 52
# corresponding to MSA columns:
# 455-506
name=unknown_F
#
# <colnr> <probs for GDERKNQSTAVLIFYWHMCP>
#	G	D	E	R	K	N	Q	S	T	A	V	L	I	F	Y	W	H	M	C	P
0	0.00654	0.00467	0.00619	0.00727	0.00763	0.00436	0.00487	0.00754	0.01038	0.01393	0.07899	0.73923	0.03556	0.03661	0.00723	0.00219	0.00308	0.01447	0.00492	0.00431
1	0.00643	0.00533	0.00567	0.00589	0.00747	0.00456	0.00443	0.00780	0.01185	0.01431	0.04907	0.13423	0.64466	0.01382	0.00638	0.00187	0.00288	0.06398	0.00491	0.00447
2	0.01064	0.00957	0.01268	0.07477	0.01477	0.00958	0.02627	0.01280	0.01018	0.01541	0.01071	0.01425	0.02722	0.00836	0.06510	0.00187	0.18969	0.02124	0.00293	0.46198
3	0.00660	0.00528	0.00584	0.00586	0.00732	0.00459	0.00430	0.00811	0.01238	0.01565	0.21553	0.12329	0.51321	0.03975	0.00698	0.00190	0.00276	0.01106	0.00506	0.00452
4	0.01321	0.02827	0.03927	0.03095	0.71679	0.03343	0.02818	0.01637	0.01208	0.01705	0.00985	0.01288	0.00826	0.00473	0.00520	0.00156	0.00643	0.00465	0.00261	0.00825
5	0.01029	0.00845	0.03545	0.00897	0.05358	0.00671	0.00670	0.02343	0.01203	0.06825	0.10975	0.09268	0.15232	0.03151	0.00579	0.00148	0.00384	0.02001	0.00415	0.34462
6	0.00687	0.00530	0.00626	0.00619	0.00756	0.00470	0.00458	0.00872	0.01327	0.01756	0.40286	0.12170	0.35047	0.01246	0.00629	0.00176	0.00263	0.01077	0.00535	0.00470
7	0.01184	0.00875	0.01348	0.16600	0.12229	0.00894	0.05824	0.04113	0.04051	0.11997	0.32054	0.02483	0.02568	0.00764	0.00573	0.00168	0.00475	0.00688	0.00456	0.00655
8	0.01319	0.02860	0.14386	0.02667	0.54130	0.06517	0.01588	0.02974	0.01209	0.01686	0.00960	0.01238	0.00791	0.00508	0.00579	0.00161	0.04926	0.00446	0.00259	0.00798
9	0.03528	0.07975	0.71335	0.01443	0.02189	0.01284	0.01843	0.01665	0.01107	0.01666	0.00928	0.01091	0.00667	0.00499	0.00486	0.00164	0.00756	0.00380	0.00226	0.00768
10	0.00985	0.00493	0.00493	0.00493	0.00616	0.00493	0.00370	0.01232	0.01109	0.01971	0.01725	0.01971	0.01355	0.00616	0.00370	0.00123	0.00246	0.00493	0.84356	0.00493
11	0.01050	0.23258	0.01380	0.03284	0.04938	0.05403	0.00728	0.01288	0.04163	0.01509	0.06313	0.03001	0.25863	0.00890	0.00512	0.00157	0.00442	0.07269	0.07983	0.00569
12	0.01297	0.01265	0.03766	0.05932	0.59002	0.02937	0.01466	0.04724	0.05966	0.01804	0.03990	0.01527	0.02875	0.00541	0.00529	0.00160	0.00605	0.00507	0.00305	0.00802
13	0.00656	0.00488	0.00614	0.00703	0.00775	0.00446	0.00492	0.00773	0.01087	0.01414	0.06798	0.57148	0.19518	0.01551	0.00665	0.00206	0.00306	0.05427	0.00495	0.00439
14	0.01653	0.00776	0.01026	0.00856	0.01142	0.00707	0.00691	0.04162	0.03467	0.41845	0.29136	0.02833	0.02733	0.00861	0.00578	0.00170	0.00384	0.05641	0.00610	0.00727
15	0.01413	0.81739	0.02770	0.00905	0.01357	0.02092	0.00905	0.01583	0.01074	0.01244	0.00735	0.00848	0.00678	0.00452	0.00339	0.00113	0.00565	0.00283	0.00226	0.00678
16	0.01379	0.32131	0.16597	0.01475	0.02002	0.05893	0.25744	0.01720	0.01187	0.05765	0.00963	0.01145	0.00752	0.00476	0.00481	0.00148	0.00727	0.00431	0.00265	0.00717
17	0.00821	0.00532	0.00634	0.00624	0.00650	0.00541	0.00380	0.00852	0.00804	0.03647	0.01648	0.03225	0.01824	0.68716	0.12511	0.00544	0.00627	0.00735	0.00327	0.00359
18	0.06384	0.00697	0.04961	0.00654	0.00860	0.00561	0.00539	0.00969	0.01260	0.03418	0.24915	0.07304	0.43269	0.01161	0.00598	0.00175	0.00306	0.00978	0.00494	0.00498
19	0.01218	0.00962	0.01125	0.00817	0.01271	0.00765	0.00656	0.06415	0.01224	0.06108	0.03260	0.01230	0.00942	0.00442	0.00415	0.00091	0.00403	0.00355	0.00354	0.71944
20	0.01089	0.08815	0.58927	0.01495	0.02176	0.01272	0.10057	0.01620	0.01110	0.01612	0.00976	0.01193	0.00729	0.00724	0.05781	0.00210	0.00819	0.00420	0.00232	0.00745
21	0.00644	0.00460	0.00613	0.00736	0.00767	0.00429	0.00491	0.00736	0.01012	0.01350	0.02914	0.81076	0.03497	0.01656	0.00675	0.00215	0.00307	0.01503	0.00491	0.00429
22	0.00726	0.00540	0.00676	0.00642	0.00776	0.00489	0.00481	0.00955	0.01444	0.01996	0.64870	0.04153	0.18039	0.01127	0.00624	0.00168	0.00253	0.00985	0.00566	0.00489
23	0.01146	0.21852	0.60313	0.01361	0.02063	0.01437	0.01699	0.01652	0.01106	0.01570	0.00897	0.01051	0.00672	0.00490	0.00463	0.00154	0.00729	0.00365	0.00224	0.00756
24	0.01564	0.01056	0.01193	0.01040	0.01359	0.01151	0.00827	0.04271	0.52706	0.20956	0.02152	0.02136	0.01602	0.00741	0.00547	0.00179	0.00434	0.04690	0.00564	0.00834
25	0.00647	0.00462	0.00616	0.00734	0.00767	0.00431	0.00491	0.00743	0.01025	0.01370	0.04856	0.79076	0.03535	0.01641	0.00673	0.00213	0.00305	0.01489	0.00493	0.00431
26	0.02237	0.01036	0.01301	0.01006	0.01412	0.00989	0.00828	0.18179	0.05923	0.58370	0.01917	0.01697	0.01239	0.00654	0.00531	0.00163	0.00476	0.00524	0.00621	0.00896
27	0.02010	0.01481	0.01587	0.01216	0.01639	0.01639	0.01005	0.76360	0.02486	0.03332	0.01269	0.01269	0.00899	0.00635	0.00529	0.00159	0.00582	0.00476	0.00529	0.00899
28	0.01187	0.01849	0.27536	0.01995	0.02609	0.01302	0.52211	0.01687	0.01205	0.01687	0.01030	0.01326	0.00759	0.00464	0.00585	0.00175	0.00856	0.00549	0.00253	0.00735
29	0.00852	0.00608	0.00852	0.00974	0.01095	0.00608	0.00852	0.01095	0.01217	0.01582	0.02799	0.05963	0.03042	0.01460	0.00730	0.00243	0.00487	0.74565	0.00487	0.00487
30	0.01844	0.20993	0.01795	0.01255	0.01570	0.61294	0.00994	0.01988	0.01399	0.01282	0.00798	0.00929	0.00680	0.00523	0.00445	0.00131	0.00863	0.00327	0.00262	0.00628
31	0.01096	0.00940	0.01096	0.00783	0.01253	0.00705	0.00626	0.01331	0.01096	0.01723	0.00940	0.01096	0.00783	0.00392	0.00392	0.00078	0.00392	0.00313	0.00313	0.84653
32	0.01560	0.14462	0.02346	0.01569	0.02000	0.08030	0.29523	0.24174	0.03109	0.02068	0.01056	0.01242	0.00812	0.00544	0.00597	0.00161	0.05163	0.00491	0.00343	0.00750
33	0.01022	0.00762	0.01198	0.00993	0.01225	0.00715	0.13780	0.01357	0.05675	0.09669	0.43789	0.07553	0.06815	0.00957	0.00614	0.00173	0.00400	0.02194	0.00521	0.00589
34	0.00748	0.00540	0.00707	0.00665	0.00790	0.00499	0.00499	0.00998	0.01496	0.02120	0.77844	0.03949	0.04988	0.01081	0.00624	0.00166	0.00249	0.00956	0.00582	0.00499
35	0.00985	0.00493	0.00493	0.00493	0.00616	0.00493	0.00370	0.01232	0.01109	0.01971	0.01725	0.01971	0.01355	0.00616	0.00370	0.00123	0.00246	0.00493	0.84356	0.00493
36	0.01965	0.01439	0.01547	0.01198	0.01611	0.01592	0.00986	0.68701	0.08306	0.05182	0.01359	0.01338	0.00966	0.00642	0.00530	0.00160	0.00566	0.00487	0.00533	0.00894
37	0.00748	0.00540	0.00707	0.00665	0.00790	0.00499	0.00499	0.00998	0.01496	0.02120	0.77844	0.03949	0.04988	0.01081	0.00624	0.00166	0.00249	0.00956	0.00582	0.00499
38	0.02336	0.00957	0.01262	0.00968	0.01378	0.00862	0.00799	0.09835	0.01609	0.71096	0.02005	0.01747	0.01268	0.00652	0.00531	0.00163	0.00463	0.00526	0.00642	0.00900
39	0.85155	0.01022	0.00777	0.00695	0.01022	0.01186	0.00573	0.01554	0.00900	0.02372	0.00736	0.00859	0.00573	0.00491	0.00327	0.00164	0.00409	0.00286	0.00327	0.00573
40	0.00644	0.00460	0.00613	0.00736	0.00767	0.00429	0.00491	0.00736	0.01012	0.01350	0.02914	0.81076	0.03497	0.01656	0.00675	0.00215	0.00307	0.01503	0.00491	0.00429
41	0.00985	0.00493	0.00493	0.00493	0.00616	0.00493	0.00370	0.01232	0.01109	0.01971	0.01725	0.01971	0.01355	0.00616	0.00370	0.00123	0.00246	0.00493	0.84356	0.00493
42	0.01975	0.02520	0.01498	0.01362	0.01634	0.79299	0.01021	0.02111	0.01498	0.01294	0.00817	0.00953	0.00681	0.00545	0.00477	0.00136	0.00953	0.00340	0.00272	0.00613
43	0.01990	0.02055	0.01538	0.01297	0.01637	0.44555	0.01014	0.35329	0.01940	0.02206	0.01019	0.01095	0.00779	0.00585	0.00500	0.00146	0.00787	0.00401	0.00387	0.00741
44	0.02068	0.01102	0.09572	0.03642	0.01519	0.00832	0.00913	0.02324	0.01417	0.60622	0.01820	0.01649	0.01172	0.00610	0.00516	0.00157	0.00489	0.00494	0.00563	0.08520
45	0.01300	0.01216	0.06552	0.28263	0.17559	0.04640	0.01338	0.01569	0.01101	0.10454	0.01027	0.01348	0.00802	0.00648	0.00819	0.02343	0.17591	0.00465	0.00289	0.00676
46	0.00653	0.00536	0.00562	0.00562	0.00719	0.00461	0.00415	0.00788	0.01192	0.01456	0.11033	0.04876	0.63320	0.08176	0.00804	0.00208	0.00293	0.03021	0.00484	0.00441
47	0.01391	0.70040	0.02719	0.01144	0.06574	0.01984	0.05005	0.01584	0.01086	0.01301	0.00769	0.00918	0.00696	0.00465	0.00401	0.00122	0.02563	0.00318	0.00231	0.00688
48	0.01288	0.01532	0.16891	0.12791	0.36098	0.04641	0.07040	0.01674	0.02498	0.05904	0.01084	0.02692	0.00860	0.00530	0.00552	0.00165	0.02228	0.00484	0.00281	0.00765
49	0.00784	0.00732	0.05291	0.01024	0.02663	0.00620	0.08796	0.00969	0.01073	0.01441	0.02511	0.51722	0.02874	0.03830	0.00727	0.00221	0.00438	0.13350	0.00441	0.00494
50	0.00691	0.00533	0.00789	0.00837	0.00910	0.00500	0.05570	0.00814	0.01036	0.01378	0.02837	0.69759	0.05734	0.01608	0.02319	0.00225	0.00372	0.03163	0.00471	0.00451
51	0.06966	0.01374	0.20042	0.07605	0.10102	0.01033	0.01179	0.08721	0.01332	0.15422	0.08245	0.08327	0.01537	0.00733	0.00557	0.00173	0.01799	0.03728	0.00406	0.00720

[dist]
# distance from previous block
# <min> <max>
5	45

[block]
# block no. 6 follows, 46 sequences, length 82
# corresponding to MSA columns:
# 710-772,785-803
name=unknown_G
#
# <colnr> <probs for GDERKNQSTAVLIFYWHMCP>
#	G	D	E	R	K	N	Q	S	T	A	V	L	I	F	Y	W	H	M	C	P
0	0.03010	0.27841	0.05285	0.01090	0.04664	0.02716	0.06120	0.01429	0.04417	0.05705	0.02829	0.20903	0.01619	0.06564	0.00699	0.00188	0.03257	0.00699	0.00349	0.00615
1	0.06875	0.07644	0.24988	0.01348	0.07074	0.06982	0.01247	0.13237	0.17217	0.02031	0.01212	0.01282	0.00915	0.00558	0.00484	0.00157	0.00616	0.00430	0.00353	0.05350
2	0.00985	0.00493	0.00493	0.00493	0.00616	0.00493	0.00370	0.01232	0.01109	0.01971	0.01725	0.01971	0.01355	0.00616	0.00370	0.00123	0.00246	0.00493	0.84356	0.00493
3	0.15342	0.16548	0.07471	0.01116	0.03144	0.05778	0.02352	0.17099	0.16569	0.02100	0.01198	0.01310	0.00945	0.02833	0.02113	0.00180	0.02366	0.00431	0.00375	0.00730
4	0.12218	0.01788	0.03491	0.03904	0.26407	0.33147	0.04476	0.05496	0.01345	0.01699	0.00904	0.01108	0.00734	0.00513	0.00484	0.00151	0.00748	0.00399	0.00286	0.00702
5	0.00985	0.00493	0.00493	0.00493	0.00616	0.00493	0.00370	0.01232	0.01109	0.01971	0.01725	0.01971	0.01355	0.00616	0.00370	0.00123	0.00246	0.00493	0.84356	0.00493
6	0.02944	0.01142	0.03752	0.06403	0.01543	0.11592	0.10437	0.01317	0.01073	0.01444	0.09129	0.03683	0.01422	0.03008	0.23706	0.00382	0.15587	0.00573	0.00303	0.00560
7	0.05341	0.01100	0.01229	0.11414	0.06718	0.07573	0.00928	0.04623	0.28971	0.01830	0.03887	0.06233	0.05572	0.00999	0.06118	0.00225	0.03290	0.02857	0.00414	0.00678
8	0.00879	0.00652	0.00763	0.00732	0.00901	0.00632	0.00554	0.04627	0.10016	0.04470	0.28352	0.16035	0.24427	0.01180	0.00618	0.00181	0.00313	0.03588	0.00534	0.00544
9	0.03000	0.00825	0.01037	0.00892	0.01166	0.00796	0.00726	0.10349	0.05081	0.29698	0.23322	0.03060	0.04633	0.00914	0.00587	0.00177	0.00408	0.12050	0.00578	0.00703
10	0.19395	0.06042	0.03515	0.06538	0.07237	0.16143	0.00978	0.09108	0.12153	0.08201	0.01152	0.01244	0.00877	0.00582	0.00527	0.00161	0.04654	0.00417	0.00368	0.00709
11	0.04623	0.00937	0.05268	0.01275	0.09228	0.00964	0.04616	0.01153	0.01058	0.01534	0.08755	0.21034	0.07179	0.01169	0.03616	0.00223	0.20751	0.05685	0.00370	0.00561
12	0.03730	0.00595	0.00750	0.00796	0.00942	0.00565	0.00649	0.01055	0.01225	0.05626	0.11878	0.14575	0.20376	0.01338	0.00663	0.00209	0.00382	0.33648	0.00502	0.00496
13	0.02498	0.03984	0.36205	0.21685	0.02408	0.01244	0.04341	0.03369	0.06821	0.04850	0.02649	0.01348	0.00874	0.00565	0.00579	0.00172	0.04950	0.00454	0.00286	0.00718
14	0.05517	0.15290	0.06222	0.03688	0.18821	0.12501	0.06767	0.05784	0.02748	0.01621	0.00975	0.01287	0.00832	0.00720	0.04017	0.00190	0.09981	0.02062	0.00281	0.00696
15	0.01283	0.01287	0.01916	0.18041	0.50426	0.09059	0.02932	0.01581	0.01199	0.01594	0.01062	0.04103	0.00921	0.00546	0.00530	0.00162	0.00668	0.01679	0.00269	0.00744
16	0.00731	0.00504	0.00610	0.00649	0.00677	0.00490	0.00412	0.00793	0.00931	0.01246	0.08525	0.26491	0.04180	0.45952	0.01793	0.00377	0.00424	0.04434	0.00403	0.00378
17	0.04101	0.14486	0.10946	0.08297	0.04900	0.14730	0.12179	0.05240	0.02344	0.08353	0.01060	0.02966	0.00844	0.00574	0.00589	0.00161	0.06770	0.00455	0.00308	0.00698
18	0.04512	0.06359	0.10527	0.01540	0.08851	0.09184	0.13751	0.12638	0.08492	0.12963	0.01248	0.01347	0.00920	0.00573	0.00580	0.00164	0.04722	0.00478	0.00379	0.00773
19	0.01457	0.01027	0.01179	0.01071	0.02518	0.01119	0.00845	0.09719	0.41538	0.14249	0.02133	0.02587	0.01735	0.03013	0.00627	0.00194	0.00457	0.13218	0.00537	0.00779
20	0.01713	0.08616	0.01571	0.01144	0.03042	0.11161	0.00919	0.40141	0.03343	0.02465	0.01101	0.01167	0.00838	0.00549	0.00474	0.00134	0.00580	0.00406	0.00415	0.20221
21	0.01001	0.01053	0.06993	0.50639	0.08558	0.01100	0.05052	0.01345	0.01049	0.01407	0.01027	0.01482	0.00817	0.01066	0.13157	0.00280	0.00821	0.00484	0.00247	0.02422
22	0.01313	0.58670	0.19362	0.01029	0.01555	0.01804	0.01116	0.01585	0.01085	0.01372	0.00796	0.00924	0.00684	0.00459	0.00379	0.00123	0.00601	0.00309	0.00232	0.06603
23	0.01432	0.37112	0.06108	0.03327	0.09804	0.02778	0.12447	0.11272	0.04936	0.03041	0.01075	0.01215	0.02242	0.00515	0.00459	0.00143	0.00628	0.00424	0.00303	0.00738
24	0.00755	0.00536	0.00665	0.00680	0.00759	0.00512	0.00487	0.00897	0.01144	0.01545	0.28098	0.09626	0.09712	0.28594	0.01350	0.00301	0.00384	0.13065	0.00463	0.00427
25	0.00712	0.00510	0.00684	0.04643	0.00928	0.00486	0.00549	0.00841	0.01088	0.03096	0.09679	0.61148	0.08663	0.01500	0.00658	0.00206	0.00326	0.03338	0.00490	0.00456
26	0.01180	0.04651	0.25852	0.01531	0.10050	0.13569	0.10098	0.01538	0.01239	0.01625	0.11404	0.08514	0.01590	0.00772	0.02313	0.00181	0.00693	0.02214	0.00318	0.00667
27	0.13562	0.01530	0.03296	0.12465	0.08562	0.22458	0.11368	0.06348	0.02655	0.05606	0.01092	0.05138	0.00900	0.00590	0.00529	0.00163	0.02265	0.00484	0.00322	0.00667
28	0.00759	0.00525	0.00676	0.00756	0.00829	0.00500	0.00554	0.00881	0.01055	0.03210	0.02888	0.39195	0.10227	0.15050	0.01022	0.00268	0.00388	0.20313	0.00465	0.00439
29	0.00650	0.00468	0.00612	0.00720	0.00761	0.00435	0.00483	0.00748	0.01036	0.01377	0.05922	0.72813	0.07193	0.03178	0.00710	0.00217	0.00307	0.01448	0.00491	0.00431
30	0.03192	0.01575	0.10608	0.08528	0.04974	0.13750	0.17150	0.08441	0.01260	0.01661	0.01050	0.03402	0.00897	0.00715	0.02144	0.00192	0.16469	0.03035	0.00292	0.00667
31	0.00941	0.00636	0.00843	0.00914	0.06309	0.00601	0.00632	0.01169	0.03787	0.09408	0.22895	0.19552	0.14824	0.04850	0.02700	0.00218	0.00381	0.08294	0.00504	0.00542
32	0.00985	0.00493	0.00493	0.00493	0.00616	0.00493	0.00370	0.01232	0.01109	0.01971	0.01725	0.01971	0.01355	0.00616	0.00370	0.00123	0.00246	0.00493	0.84356	0.00493
33	0.62252	0.01024	0.01047	0.14103	0.01561	0.01177	0.04221	0.01591	0.02420	0.05228	0.00867	0.01036	0.00655	0.00506	0.00387	0.00167	0.00483	0.00348	0.00326	0.00600
34	0.01353	0.09025	0.23339	0.10012	0.16917	0.11304	0.10849	0.07935	0.01303	0.01705	0.00963	0.01191	0.00744	0.00504	0.00509	0.00158	0.00743	0.00435	0.00270	0.00743
35	0.00805	0.00561	0.00734	0.00814	0.00903	0.00547	0.00629	0.00987	0.02755	0.03173	0.04581	0.28898	0.06684	0.13063	0.00981	0.00265	0.00415	0.32275	0.00471	0.00460
36	0.42403	0.08417	0.01298	0.00935	0.01314	0.01459	0.00786	0.33300	0.01588	0.02679	0.00962	0.01032	0.00721	0.00548	0.00414	0.00157	0.00496	0.00366	0.00404	0.00721
37	0.01920	0.01436	0.01536	0.01198	0.01605	0.01597	0.00983	0.66850	0.12142	0.03187	0.01383	0.01360	0.00991	0.00645	0.00530	0.00161	0.00561	0.00492	0.00530	0.00891
38	0.00740	0.00512	0.00636	0.00662	0.00686	0.00523	0.00420	0.00795	0.00835	0.01131	0.01877	0.19266	0.02134	0.50187	0.16837	0.00515	0.00642	0.00882	0.00349	0.00372
39	0.01987	0.01454	0.01562	0.01205	0.01622	0.01608	0.00993	0.71685	0.05677	0.04824	0.01324	0.01310	0.00938	0.00639	0.00529	0.00160	0.00572	0.00482	0.00532	0.00896
40	0.01413	0.81739	0.02770	0.00905	0.01357	0.02092	0.00905	0.01583	0.01074	0.01244	0.00735	0.00848	0.00678	0.00452	0.00339	0.00113	0.00565	0.00283	0.00226	0.00678
41	0.11357	0.01123	0.01307	0.01013	0.01418	0.01133	0.00837	0.29108	0.01797	0.42967	0.01642	0.01504	0.01080	0.00629	0.00508	0.00162	0.00493	0.00485	0.00573	0.00863
42	0.00985	0.00493	0.00493	0.00493	0.00616	0.00493	0.00370	0.01232	0.01109	0.01971	0.01725	0.01971	0.01355	0.00616	0.00370	0.00123	0.00246	0.00493	0.84356	0.00493
43	0.02098	0.01338	0.01498	0.01149	0.01568	0.01428	0.00949	0.58272	0.02247	0.21757	0.01469	0.01399	0.00999	0.00639	0.00530	0.00160	0.00549	0.00490	0.00560	0.00899
44	0.01842	0.02977	0.01357	0.01130	0.01457	0.19815	0.00916	0.22257	0.07035	0.20454	0.01654	0.02114	0.01335	0.00752	0.00546	0.00169	0.00612	0.12336	0.00486	0.00756
45	0.00689	0.00549	0.00623	0.00657	0.00788	0.00502	0.00478	0.00902	0.05705	0.01506	0.09719	0.29812	0.41154	0.01390	0.00639	0.00192	0.00295	0.03431	0.00500	0.00469
46	0.00747	0.00546	0.00672	0.00637	0.00781	0.00491	0.00479	0.00966	0.01422	0.03361	0.57873	0.04201	0.23595	0.01139	0.00622	0.00169	0.00258	0.00989	0.00560	0.00493
47	0.00684	0.00492	0.00621	0.00690	0.00746	0.00460	0.00469	0.00791	0.01063	0.01416	0.12878	0.48326	0.10610	0.14326	0.00988	0.00254	0.00335	0.03950	0.00475	0.00425
48	0.01361	0.01157	0.01390	0.02740	0.15199	0.01287	0.00986	0.12286	0.46819	0.02254	0.07271	0.01892	0.01607	0.00685	0.00540	0.00172	0.00470	0.00582	0.00485	0.00817
49	0.00968	0.00899	0.01061	0.01004	0.01103	0.10013	0.00790	0.01138	0.00918	0.01243	0.01219	0.01783	0.01136	0.03029	0.56424	0.00657	0.15311	0.00522	0.00273	0.00507
50	0.00886	0.00568	0.00705	0.00683	0.00728	0.00589	0.00445	0.00940	0.00848	0.06527	0.01683	0.06865	0.01816	0.56357	0.14967	0.00519	0.03386	0.00745	0.00343	0.00400
51	0.03456	0.14797	0.19167	0.01254	0.03211	0.29759	0.01157	0.03542	0.06122	0.01562	0.00946	0.01068	0.00755	0.00512	0.00453	0.00137	0.00724	0.00360	0.00283	0.10737
52	0.01451	0.19453	0.16165	0.01272	0.03975	0.12196	0.04825	0.08417	0.17634	0.04462	0.04256	0.01388	0.01100	0.00579	0.00485	0.00153	0.00630	0.00453	0.00357	0.00749
53	0.00654	0.00529	0.00562	0.00576	0.00724	0.00457	0.00423	0.00770	0.01146	0.01387	0.04685	0.10581	0.61760	0.07010	0.00817	0.02499	0.00302	0.04213	0.00472	0.00432
54	0.00824	0.00569	0.00818	0.00811	0.00914	0.00625	0.00617	0.00998	0.00938	0.05095	0.06495	0.08267	0.03429	0.08036	0.58232	0.00690	0.01132	0.00684	0.00343	0.00482
55	0.01593	0.15220	0.19419	0.01219	0.01658	0.13466	0.02677	0.10519	0.05112	0.13938	0.01174	0.01277	0.00883	0.01894	0.01966	0.00174	0.06287	0.00426	0.00355	0.00745
56	0.03111	0.01087	0.01446	0.04101	0.01432	0.04930	0.03619	0.01503	0.02699	0.12969	0.01152	0.05343	0.01024	0.03253	0.06782	0.00260	0.43807	0.00539	0.00326	0.00617
57	0.00703	0.00497	0.00643	0.00714	0.00786	0.00459	0.00500	0.00835	0.01132	0.02857	0.17021	0.53369	0.10678	0.03257	0.00705	0.00209	0.00307	0.04369	0.00507	0.00452
58	0.01353	0.01439	0.05845	0.05526	0.31025	0.06713	0.28137	0.04253	0.03192	0.04058	0.01113	0.02893	0.00888	0.00511	0.00559	0.00166	0.00736	0.00538	0.00294	0.00761
59	0.01392	0.13735	0.22877	0.03734	0.23977	0.13208	0.04376	0.06364	0.02510	0.01673	0.00954	0.01150	0.00757	0.00502	0.00488	0.00152	0.00715	0.00410	0.00268	0.00758
60	0.05953	0.13610	0.06261	0.03795	0.07026	0.46351	0.01100	0.03088	0.01329	0.01428	0.00826	0.00998	0.00690	0.00542	0.00524	0.00144	0.05066	0.00354	0.00266	0.00648
61	0.00702	0.00486	0.00602	0.00665	0.00687	0.00468	0.00419	0.00763	0.00932	0.01249	0.06077	0.44223	0.02900	0.35592	0.01531	0.00339	0.00392	0.01163	0.00423	0.00386
62	0.01632	0.03549	0.02885	0.03296	0.13710	0.42748	0.04170	0.03250	0.11785	0.01565	0.03158	0.01299	0.00979	0.00670	0.02897	0.00171	0.00799	0.00436	0.00317	0.00684
63	0.05429	0.01223	0.10384	0.01070	0.04074	0.02247	0.00922	0.08681	0.04197	0.33262	0.03265	0.01494	0.01114	0.00571	0.00488	0.00144	0.00494	0.00456	0.00474	0.20011
64	0.08077	0.12377	0.17300	0.04217	0.11339	0.08473	0.09797	0.01821	0.07213	0.08528	0.01119	0.01281	0.00858	0.01843	0.00519	0.00160	0.00653	0.00435	0.00315	0.03676
65	0.20065	0.12492	0.04844	0.01080	0.01451	0.28581	0.00907	0.11134	0.01398	0.08027	0.00958	0.01040	0.00739	0.00531	0.00433	0.00143	0.00660	0.00354	0.00341	0.04823
66	0.00809	0.00560	0.00668	0.00633	0.00793	0.00495	0.00475	0.00997	0.01345	0.07154	0.38631	0.07196	0.34147	0.02927	0.00665	0.00180	0.00279	0.01008	0.00541	0.00499
67	0.00985	0.00493	0.00493	0.00493	0.00616	0.00493	0.00370	0.01232	0.01109	0.01971	0.01725	0.01971	0.01355	0.00616	0.00370	0.00123	0.00246	0.00493	0.84356	0.00493
68	0.01121	0.01055	0.01440	0.01258	0.01285	0.01416	0.01029	0.04892	0.00919	0.01373	0.01034	0.07652	0.01087	0.06643	0.01626	0.00247	0.61975	0.03105	0.00281	0.00561
69	0.00696	0.00506	0.00665	0.00753	0.00827	0.00474	0.00552	0.00843	0.01137	0.01511	0.13931	0.49510	0.09908	0.01510	0.00673	0.00210	0.00329	0.15011	0.00503	0.00452
70	0.07885	0.01356	0.01447	0.01128	0.01533	0.03319	0.00927	0.53032	0.05501	0.16411	0.01404	0.01357	0.00975	0.00629	0.00514	0.00160	0.00548	0.00475	0.00531	0.00867
71	0.85155	0.01022	0.00777	0.00695	0.01022	0.01186	0.00573	0.01554	0.00900	0.02372	0.00736	0.00859	0.00573	0.00491	0.00327	0.00164	0.00409	0.00286	0.00327	0.00573
72	0.01101	0.01164	0.07863	0.01491	0.01866	0.01001	0.34601	0.05489	0.01359	0.03607	0.21735	0.07949	0.02248	0.00781	0.00617	0.00179	0.00619	0.05287	0.00400	0.00642
73	0.00985	0.00493	0.00493	0.00493	0.00616	0.00493	0.00370	0.01232	0.01109	0.01971	0.01725	0.01971	0.01355	0.00616	0.00370	0.00123	0.00246	0.00493	0.84356	0.00493
74	0.01873	0.01241	0.01351	0.01076	0.01440	0.04801	0.00873	0.39274	0.08981	0.20823	0.11076	0.01780	0.01562	0.00698	0.00540	0.00162	0.00511	0.00554	0.00554	0.00830
75	0.15366	0.05742	0.10086	0.01061	0.03309	0.02675	0.00930	0.08663	0.02729	0.26631	0.01401	0.02781	0.01035	0.01041	0.10568	0.00251	0.04096	0.00470	0.00428	0.00735
76	0.01242	0.01183	0.01802	0.13181	0.35722	0.07176	0.08989	0.01566	0.03289	0.04276	0.06699	0.06659	0.02907	0.00652	0.00555	0.00168	0.00622	0.02275	0.00327	0.00709
77	0.00801	0.00587	0.00800	0.00877	0.06179	0.00626	0.00553	0.00901	0.00833	0.01158	0.01515	0.02736	0.01597	0.43652	0.34278	0.00627	0.00895	0.00664	0.00301	0.00419
78	0.01152	0.01141	0.01582	0.01345	0.01378	0.01555	0.01119	0.01276	0.00830	0.01304	0.00711	0.01152	0.00700	0.00888	0.01640	0.00221	0.74826	0.00452	0.00237	0.06487
79	0.01440	0.01457	0.01963	0.02054	0.26861	0.14044	0.16768	0.10123	0.08694	0.01869	0.02730	0.03296	0.02246	0.00570	0.00541	0.00160	0.00682	0.00532	0.00338	0.03632
80	0.01152	0.01141	0.01582	0.01345	0.01378	0.01555	0.01119	0.01276	0.00830	0.01304	0.00711	0.01152	0.00700	0.00888	0.01640	0.00221	0.74826	0.00452	0.00237	0.06487
81	0.02725	0.12671	0.30561	0.05453	0.01803	0.04665	0.01265	0.05059	0.03551	0.14954	0.01295	0.06854	0.01026	0.00612	0.00491	0.00157	0.00617	0.00485	0.00350	0.05407

[dist]
# distance from previous block
# <min> <max>
11	32

[block]
# block no. 7 follows, 46 sequences, length 61
# corresponding to MSA columns:
# 868-908,910-929
name=unknown_H
#
# <colnr> <probs for GDERKNQSTAVLIFYWHMCP>
#	G	D	E	R	K	N	Q	S	T	A	V	L	I	F	Y	W	H	M	C	P
0	0.19578	0.07222	0.14386	0.01277	0.06894	0.09198	0.01096	0.24737	0.06984	0.02308	0.01063	0.01148	0.00800	0.00555	0.00463	0.00157	0.00605	0.00402	0.00370	0.00757
1	0.12704	0.65809	0.07329	0.00915	0.01371	0.01914	0.00926	0.01585	0.01053	0.01424	0.00749	0.00867	0.00664	0.00461	0.00348	0.00123	0.00558	0.00290	0.00240	0.00671
2	0.01388	0.76108	0.08180	0.00947	0.01423	0.02030	0.00979	0.01589	0.01077	0.01274	0.00750	0.00867	0.00678	0.00456	0.00351	0.00117	0.00581	0.00290	0.00226	0.00686
3	0.00664	0.00504	0.00614	0.00668	0.00766	0.00454	0.00477	0.00803	0.01168	0.01520	0.16974	0.40171	0.27699	0.01445	0.00652	0.00196	0.00291	0.03981	0.00507	0.00449
4	0.01232	0.00945	0.01114	0.00812	0.01268	0.00741	0.00651	0.01523	0.04716	0.09280	0.01109	0.01206	0.00874	0.00433	0.00412	0.00091	0.00399	0.00348	0.00357	0.72489
5	0.00985	0.00493	0.00493	0.00493	0.00616	0.00493	0.00370	0.01232	0.01109	0.01971	0.01725	0.01971	0.01355	0.00616	0.00370	0.00123	0.00246	0.00493	0.84356	0.00493
6	0.01208	0.17505	0.39638	0.01945	0.26284	0.01403	0.01645	0.01640	0.01136	0.01608	0.00922	0.01126	0.00725	0.00483	0.00478	0.00154	0.00691	0.00395	0.00236	0.00779
7	0.00699	0.00489	0.00627	0.00715	0.00747	0.00470	0.00479	0.00780	0.00965	0.01283	0.02558	0.52308	0.03018	0.23625	0.01236	0.00300	0.00381	0.08471	0.00443	0.00405
8	0.00985	0.00493	0.00493	0.00493	0.00616	0.00493	0.00370	0.01232	0.01109	0.01971	0.01725	0.01971	0.01355	0.00616	0.00370	0.00123	0.00246	0.00493	0.84356	0.00493
9	0.01041	0.02255	0.58686	0.01539	0.07490	0.01128	0.04873	0.01573	0.01183	0.01744	0.12136	0.01555	0.01315	0.00582	0.00527	0.00167	0.00698	0.00488	0.00280	0.00741
10	0.01361	0.01361	0.02843	0.02048	0.02559	0.01281	0.65255	0.01833	0.04846	0.09255	0.01220	0.01488	0.00890	0.00479	0.00611	0.00177	0.00826	0.00614	0.00318	0.00737
11	0.00653	0.00470	0.00621	0.00731	0.00773	0.00437	0.00496	0.00758	0.01048	0.01397	0.06820	0.72843	0.06157	0.01612	0.00672	0.00212	0.00306	0.03065	0.00495	0.00435
12	0.00739	0.00540	0.00694	0.00655	0.00784	0.00495	0.00492	0.00980	0.01475	0.02068	0.72437	0.04034	0.10428	0.01100	0.00624	0.00167	0.00251	0.00968	0.00575	0.00495
13	0.17769	0.03754	0.01786	0.04685	0.17061	0.01219	0.18835	0.04267	0.09836	0.03090	0.03392	0.05183	0.03874	0.00619	0.00544	0.00171	0.02309	0.00564	0.00347	0.00697
14	0.01157	0.01157	0.01619	0.01388	0.01388	0.01619	0.01157	0.01272	0.00810	0.01272	0.00694	0.01157	0.00694	0.00925	0.01735	0.00231	0.80453	0.00463	0.00231	0.00578
15	0.00656	0.00465	0.00610	0.00720	0.00748	0.00438	0.00474	0.00739	0.00988	0.01318	0.02791	0.73458	0.03342	0.09485	0.00873	0.00244	0.00327	0.01431	0.00474	0.00419
16	0.01066	0.01014	0.01734	0.62989	0.18412	0.01195	0.03309	0.01413	0.01091	0.01434	0.00954	0.01390	0.00733	0.00515	0.00530	0.00172	0.00694	0.00474	0.00241	0.00640
17	0.01397	0.78105	0.06262	0.00932	0.01400	0.02052	0.00953	0.01587	0.01076	0.01264	0.00745	0.00860	0.00678	0.00455	0.00347	0.00116	0.00575	0.00288	0.00226	0.00683
18	0.00855	0.00742	0.00766	0.00777	0.00896	0.08255	0.00561	0.01105	0.06276	0.01688	0.30160	0.33514	0.09890	0.01249	0.00623	0.00184	0.00353	0.01097	0.00506	0.00501
19	0.00666	0.00476	0.00636	0.00743	0.00788	0.00446	0.00512	0.00782	0.01071	0.01438	0.10261	0.69245	0.03617	0.01589	0.00673	0.00212	0.00311	0.05594	0.00499	0.00439
20	0.00844	0.00632	0.00755	0.00690	0.00856	0.00599	0.00527	0.08341	0.01528	0.02084	0.54108	0.03941	0.20905	0.01095	0.00615	0.00168	0.00286	0.00945	0.00556	0.00526
21	0.02170	0.00864	0.01166	0.00925	0.01293	0.00759	0.00751	0.02403	0.03789	0.68574	0.02169	0.09585	0.01533	0.00755	0.00546	0.00169	0.00435	0.00629	0.00635	0.00852
22	0.01975	0.02520	0.01498	0.01362	0.01634	0.79299	0.01021	0.02111	0.01498	0.01294	0.00817	0.00953	0.00681	0.00545	0.00477	0.00136	0.00953	0.00340	0.00272	0.00613
23	0.01315	0.01136	0.01195	0.01076	0.01375	0.01315	0.00837	0.02809	0.77168	0.02211	0.02152	0.01972	0.01614	0.00717	0.00538	0.00179	0.00418	0.00598	0.00538	0.00837
24	0.01315	0.01136	0.01195	0.01076	0.01375	0.01315	0.00837	0.02809	0.77168	0.02211	0.02152	0.01972	0.01614	0.00717	0.00538	0.00179	0.00418	0.00598	0.00538	0.00837
25	0.01189	0.02412	0.65069	0.01489	0.04788	0.01158	0.01779	0.01736	0.01162	0.09211	0.01141	0.01398	0.00840	0.00557	0.00516	0.00170	0.00731	0.03593	0.00278	0.00782
26	0.01270	0.03672	0.09766	0.04059	0.01565	0.02720	0.09693	0.11558	0.11205	0.09256	0.03563	0.13545	0.12387	0.00862	0.00594	0.00176	0.02243	0.00744	0.00436	0.00686
27	0.01069	0.02673	0.75127	0.01541	0.02310	0.01233	0.05447	0.01675	0.01122	0.01675	0.00954	0.01131	0.00676	0.00500	0.00508	0.00168	0.00786	0.00402	0.00225	0.00778
28	0.00769	0.00513	0.00577	0.00577	0.00577	0.00513	0.00320	0.00769	0.00769	0.01025	0.01666	0.03460	0.01922	0.81421	0.02691	0.00513	0.00513	0.00769	0.00320	0.00320
29	0.01231	0.01284	0.07372	0.03882	0.45556	0.01227	0.07923	0.05023	0.01186	0.01690	0.01080	0.03462	0.00938	0.02509	0.06491	0.00226	0.07373	0.00518	0.00278	0.00751
30	0.01196	0.05119	0.08003	0.09567	0.21698	0.03178	0.24165	0.01627	0.06380	0.01648	0.02345	0.04798	0.02722	0.00605	0.00581	0.00172	0.02037	0.03144	0.00301	0.00712
31	0.00738	0.00540	0.00692	0.00654	0.00784	0.00494	0.00491	0.00978	0.01472	0.02063	0.71837	0.04043	0.11031	0.01102	0.00624	0.00167	0.00251	0.00969	0.00574	0.00494
32	0.00656	0.00469	0.00628	0.00750	0.00786	0.00440	0.00512	0.00757	0.01024	0.01363	0.02907	0.76617	0.03470	0.01645	0.00678	0.00216	0.00317	0.05840	0.00491	0.00433
33	0.01002	0.05188	0.29652	0.04888	0.11995	0.01042	0.04309	0.01391	0.02805	0.01624	0.09293	0.18580	0.01770	0.00820	0.00594	0.00177	0.03163	0.00712	0.00332	0.00663
34	0.85155	0.01022	0.00777	0.00695	0.01022	0.01186	0.00573	0.01554	0.00900	0.02372	0.00736	0.00859	0.00573	0.00491	0.00327	0.00164	0.00409	0.00286	0.00327	0.00573
