[name]
unknown

[dist]
# distance from previous block
# <min> <max>
0	9

[block]
# block no. 0 follows, 60 sequences, length 6
# corresponding to MSA columns:
# 9-14
name=unknown_A
#
# <colnr> <probs for GDERKNQSTAVLIFYWHMCP>
#	G	D	E	R	K	N	Q	S	T	A	V	L	I	F	Y	W	H	M	C	P
0	0.00703	0.00502	0.00703	0.00803	0.00904	0.00502	0.00703	0.00904	0.01004	0.01305	0.02309	0.04920	0.02510	0.01205	0.00602	0.00201	0.00402	0.79016	0.00402	0.00402
1	0.00617	0.00446	0.00583	0.00549	0.00652	0.00412	0.00412	0.00823	0.01235	0.01749	0.81722	0.03258	0.04115	0.00892	0.00514	0.00137	0.00206	0.00789	0.00480	0.00412
2	0.00824	0.00775	0.01308	0.83624	0.03004	0.00969	0.01211	0.01114	0.00872	0.01114	0.00775	0.01163	0.00581	0.00436	0.00436	0.00145	0.00581	0.00388	0.00194	0.00484
3	0.00664	0.00499	0.00601	0.00575	0.00622	0.00531	0.00392	0.00775	0.03980	0.01082	0.13124	0.02759	0.10831	0.46338	0.07794	0.00341	0.07791	0.00648	0.00309	0.00342
4	0.01079	0.01036	0.01770	0.02677	0.81952	0.01036	0.01339	0.01339	0.00993	0.01425	0.00820	0.01079	0.00691	0.00389	0.00432	0.00130	0.00518	0.00389	0.00216	0.00691
5	0.01495	0.01860	0.01206	0.01095	0.01289	0.69541	0.00831	0.01609	0.01146	0.01062	0.00701	0.00869	0.00601	0.00682	0.06450	0.00162	0.08382	0.00304	0.00222	0.00495

[dist]
# distance from previous block
# <min> <max>
0	20

[block]
# block no. 1 follows, 60 sequences, length 11
# corresponding to MSA columns:
# 35-45
name=unknown_B
#
# <colnr> <probs for GDERKNQSTAVLIFYWHMCP>
#	G	D	E	R	K	N	Q	S	T	A	V	L	I	F	Y	W	H	M	C	P
0	0.00824	0.00775	0.01308	0.83624	0.03004	0.00969	0.01211	0.01114	0.00872	0.01114	0.00775	0.01163	0.00581	0.00436	0.00436	0.00145	0.00581	0.00388	0.00194	0.00484
1	0.00642	0.00496	0.00738	0.00727	0.00800	0.00591	0.00569	0.00795	0.00699	0.01015	0.01134	0.01669	0.01060	0.03126	0.78214	0.00671	0.05968	0.00462	0.00231	0.00394
2	0.00553	0.00439	0.00492	0.00502	0.00615	0.00391	0.00370	0.00670	0.00967	0.01213	0.12986	0.11042	0.51220	0.08220	0.04007	0.00197	0.00287	0.05066	0.00395	0.00366
3	0.00900	0.00640	0.00744	0.00681	0.00855	0.00655	0.00521	0.03574	0.25679	0.09593	0.29535	0.11028	0.12155	0.00830	0.00488	0.00145	0.00279	0.00715	0.00457	0.00528
4	0.00658	0.00448	0.00562	0.00547	0.00638	0.00415	0.00394	0.00802	0.01056	0.04714	0.45878	0.11542	0.11418	0.15841	0.00821	0.00195	0.00263	0.02993	0.00427	0.00388
5	0.00964	0.01720	0.48054	0.06817	0.03913	0.01003	0.19989	0.01417	0.03644	0.05199	0.00918	0.02781	0.00683	0.00436	0.00445	0.00141	0.00628	0.00404	0.00224	0.00622
6	0.00539	0.00437	0.00472	0.00475	0.00598	0.00377	0.00348	0.00658	0.01006	0.01254	0.16983	0.10543	0.59008	0.04630	0.00591	0.00160	0.00230	0.00913	0.00412	0.00370
7	0.01120	0.07843	0.08028	0.05336	0.06974	0.13280	0.03175	0.05797	0.17391	0.06491	0.08679	0.01746	0.07790	0.00597	0.00440	0.00135	0.00471	0.03792	0.00337	0.00577
8	0.00993	0.02403	0.09874	0.02460	0.01107	0.05367	0.00674	0.07710	0.03943	0.05386	0.10456	0.05904	0.03488	0.00536	0.00397	0.00109	0.00380	0.00440	0.06261	0.32111
9	0.15346	0.04053	0.05386	0.01070	0.10393	0.10548	0.05709	0.03284	0.03291	0.02436	0.02243	0.05335	0.03713	0.01843	0.02941	0.00151	0.05826	0.02592	0.02047	0.11794
10	0.07073	0.21187	0.06631	0.02537	0.12330	0.17585	0.00872	0.06964	0.07558	0.02679	0.00925	0.05051	0.00802	0.00495	0.00402	0.00123	0.02107	0.01613	0.00264	0.02800

[dist]
# distance from previous block
# <min> <max>
3	11

[block]
# block no. 2 follows, 60 sequences, length 19
# corresponding to MSA columns:
# 57-75
name=unknown_C
#
# <colnr> <probs for GDERKNQSTAVLIFYWHMCP>
#	G	D	E	R	K	N	Q	S	T	A	V	L	I	F	Y	W	H	M	C	P
0	0.00560	0.00409	0.00507	0.00560	0.00616	0.00383	0.00385	0.00637	0.00846	0.01100	0.04820	0.43977	0.20757	0.12041	0.05094	0.03105	0.00322	0.03165	0.00373	0.00345
1	0.01205	0.02757	0.03877	0.03322	0.48937	0.11660	0.01152	0.10568	0.06916	0.01535	0.00883	0.01063	0.00715	0.00439	0.00456	0.00131	0.03091	0.00378	0.00256	0.00659
2	0.05180	0.16636	0.03889	0.00897	0.01224	0.10284	0.02153	0.26355	0.11548	0.04036	0.01823	0.02469	0.01870	0.00490	0.00389	0.00119	0.00469	0.00369	0.00333	0.09467
3	0.09036	0.01081	0.01232	0.06479	0.08702	0.11801	0.05285	0.12778	0.12173	0.04513	0.04395	0.01316	0.02641	0.00608	0.01956	0.00153	0.13234	0.01731	0.00310	0.00576
4	0.01097	0.05572	0.11251	0.00910	0.02654	0.00877	0.04664	0.11522	0.08973	0.13670	0.15206	0.05587	0.07656	0.00707	0.01694	0.00150	0.05378	0.01475	0.00378	0.00579
5	0.00549	0.00396	0.00504	0.00573	0.00613	0.00368	0.00384	0.00631	0.00862	0.01146	0.09632	0.61237	0.09398	0.10655	0.00736	0.00199	0.00265	0.01105	0.00396	0.00350
6	0.03761	0.00871	0.01137	0.02453	0.01171	0.04231	0.07516	0.07407	0.14072	0.09764	0.01174	0.04486	0.00990	0.03984	0.17087	0.00273	0.18303	0.00467	0.00312	0.00541
7	0.04146	0.13814	0.07908	0.05308	0.22075	0.15363	0.03779	0.02491	0.03491	0.03829	0.03844	0.01178	0.02566	0.02026	0.02432	0.00145	0.03343	0.00377	0.01311	0.00574
8	0.03052	0.03764	0.06841	0.00757	0.01041	0.00785	0.00655	0.09474	0.12005	0.32095	0.01526	0.01524	0.03194	0.03221	0.02811	0.00155	0.00392	0.00436	0.15649	0.00623
9	0.00542	0.00432	0.00482	0.00492	0.00605	0.00376	0.00357	0.00662	0.01003	0.01269	0.19329	0.17416	0.50333	0.04006	0.00581	0.00160	0.00230	0.00938	0.00415	0.00371
10	0.00781	0.00714	0.01080	0.08471	0.09374	0.04191	0.12634	0.00970	0.02348	0.02320	0.01928	0.33329	0.10570	0.03403	0.00579	0.00166	0.01932	0.04427	0.00326	0.00456
11	0.01112	0.05750	0.15854	0.15034	0.10035	0.12561	0.12703	0.04465	0.01012	0.05510	0.00858	0.02594	0.00683	0.00543	0.02696	0.00153	0.07233	0.00392	0.00235	0.00574
12	0.01223	0.01148	0.05349	0.05466	0.39721	0.11154	0.01094	0.05133	0.04152	0.10280	0.01001	0.01258	0.00806	0.00485	0.00486	0.00135	0.05037	0.03473	0.01963	0.00636
13	0.00591	0.00441	0.00535	0.00517	0.00629	0.00397	0.00385	0.00764	0.01140	0.01557	0.54119	0.06930	0.25889	0.00960	0.00510	0.00141	0.00212	0.00834	0.03054	0.00397
14	0.02693	0.01288	0.14913	0.06036	0.17447	0.03187	0.37769	0.05041	0.01032	0.01432	0.00879	0.03027	0.00697	0.00437	0.00490	0.01721	0.00635	0.00450	0.00227	0.00602
15	0.01059	0.03513	0.09551	0.04207	0.28321	0.03740	0.30684	0.03065	0.01014	0.03521	0.00911	0.03049	0.00743	0.01900	0.02646	0.00157	0.00625	0.00449	0.00232	0.00612
16	0.00600	0.00447	0.00609	0.00650	0.00712	0.00460	0.00484	0.00726	0.00871	0.01187	0.12363	0.35641	0.06935	0.03766	0.20661	0.00307	0.03347	0.09494	0.00362	0.00378
17	0.00768	0.00680	0.01000	0.00901	0.00955	0.00871	0.03137	0.00898	0.00695	0.01031	0.00933	0.01451	0.00896	0.06184	0.44044	0.00467	0.34005	0.00443	0.00218	0.00424
18	0.83223	0.00917	0.04905	0.00608	0.00898	0.00980	0.00532	0.01287	0.00752	0.01927	0.00616	0.00720	0.00477	0.00405	0.00277	0.00135	0.00353	0.00241	0.00265	0.00481

[dist]
# distance from previous block
# <min> <max>
0	2

[block]
# block no. 3 follows, 60 sequences, length 8
# corresponding to MSA columns:
# 78-85
name=unknown_D
#
# <colnr> <probs for GDERKNQSTAVLIFYWHMCP>
#	G	D	E	R	K	N	Q	S	T	A	V	L	I	F	Y	W	H	M	C	P
0	0.01087	0.59454	0.08744	0.00753	0.01104	0.01388	0.00755	0.01267	0.00956	0.05393	0.10987	0.01224	0.04379	0.00480	0.00339	0.00107	0.00434	0.00349	0.00251	0.00550
1	0.00637	0.00463	0.00631	0.00608	0.00660	0.00481	0.03027	0.00725	0.00741	0.01025	0.09763	0.06282	0.01720	0.42723	0.28169	0.00463	0.00645	0.00620	0.00282	0.00335
2	0.87753	0.00843	0.00641	0.00574	0.00843	0.00978	0.00472	0.01282	0.00742	0.01957	0.00607	0.00709	0.00472	0.00405	0.00270	0.00135	0.00337	0.00236	0.00270	0.00472
3	0.00827	0.00556	0.00711	0.00667	0.00802	0.00540	0.02270	0.06751	0.06460	0.09290	0.27439	0.30573	0.07591	0.02769	0.00548	0.00158	0.00285	0.00860	0.00439	0.00464
4	0.26660	0.00802	0.00924	0.00732	0.01051	0.00783	0.00604	0.06812	0.01153	0.54115	0.01357	0.01233	0.00883	0.00500	0.00390	0.00135	0.00368	0.00377	0.00456	0.00664
5	0.01559	0.00802	0.01004	0.05114	0.01179	0.00789	0.00669	0.20117	0.03580	0.42727	0.05270	0.08138	0.03499	0.00629	0.00450	0.00138	0.00381	0.00519	0.02774	0.00662
6	0.00627	0.00460	0.00539	0.00536	0.00659	0.00417	0.00406	0.00797	0.02753	0.03620	0.27680	0.10121	0.36741	0.02965	0.00555	0.00156	0.00245	0.07279	0.03044	0.00399
7	0.00987	0.01253	0.20364	0.10844	0.32715	0.01002	0.06367	0.05386	0.05729	0.01439	0.00992	0.07344	0.00847	0.00499	0.00465	0.00140	0.02306	0.00451	0.00245	0.00623

[dist]
# distance from previous block
# <min> <max>
3	17

[block]
# block no. 4 follows, 60 sequences, length 57
# corresponding to MSA columns:
# 103-159
name=unknown_E
#
# <colnr> <probs for GDERKNQSTAVLIFYWHMCP>
#	G	D	E	R	K	N	Q	S	T	A	V	L	I	F	Y	W	H	M	C	P
0	0.01310	0.00672	0.00853	0.00714	0.00948	0.00639	0.00567	0.03912	0.13111	0.37534	0.30797	0.03409	0.02238	0.00688	0.00469	0.00138	0.00308	0.00585	0.00499	0.00608
1	0.01037	0.00985	0.01652	0.07033	0.68119	0.00993	0.02742	0.03191	0.01013	0.01421	0.01086	0.01312	0.06576	0.00446	0.00440	0.00132	0.00503	0.00430	0.00234	0.00655
2	0.00620	0.00464	0.00694	0.00698	0.00773	0.00538	0.00540	0.00773	0.00706	0.01016	0.01213	0.04732	0.01156	0.03201	0.79935	0.00682	0.01135	0.00496	0.00240	0.00388
3	0.00767	0.00425	0.00443	0.00440	0.00529	0.00423	0.00314	0.02163	0.00883	0.01458	0.01610	0.03844	0.06192	0.15218	0.02203	0.00174	0.00266	0.00497	0.61768	0.00383
4	0.01592	0.02020	0.01216	0.01108	0.01328	0.79913	0.00832	0.01706	0.01216	0.01065	0.00692	0.00820	0.00581	0.00552	0.03408	0.00134	0.00800	0.00288	0.00225	0.00501
5	0.01037	0.07562	0.38939	0.01105	0.06935	0.00938	0.01130	0.02868	0.03203	0.10618	0.02360	0.01264	0.03966	0.00482	0.00436	0.00128	0.02742	0.02279	0.00267	0.11743
6	0.00956	0.00934	0.03710	0.14547	0.13070	0.06354	0.04495	0.03720	0.03093	0.02593	0.02492	0.09299	0.00984	0.02810	0.06151	0.03473	0.20076	0.00488	0.00250	0.00505
7	0.01094	0.00946	0.01016	0.00906	0.01141	0.01107	0.00710	0.04494	0.74232	0.01806	0.01685	0.01572	0.01271	0.00600	0.00501	0.00150	0.05180	0.00484	0.00429	0.00679
8	0.00947	0.00914	0.01488	0.47725	0.33879	0.02989	0.01246	0.01216	0.00923	0.01233	0.00785	0.01116	0.00624	0.00426	0.00459	0.00140	0.02737	0.00385	0.00203	0.00566
9	0.00558	0.00452	0.00499	0.00504	0.00631	0.00400	0.00376	0.00718	0.03329	0.01300	0.18404	0.12509	0.54121	0.01081	0.00520	0.00150	0.00231	0.03412	0.00420	0.00385
10	0.08696	0.00706	0.00909	0.00718	0.01017	0.00634	0.00587	0.01877	0.01183	0.64334	0.06957	0.01620	0.03443	0.00566	0.00426	0.00134	0.00345	0.00457	0.04719	0.00672
11	0.00552	0.00439	0.00488	0.00503	0.00610	0.00393	0.00360	0.00680	0.02630	0.01200	0.10678	0.20005	0.48854	0.07970	0.02491	0.00187	0.00266	0.00930	0.00397	0.00368
12	0.00549	0.00437	0.00489	0.00497	0.00616	0.00382	0.00368	0.00675	0.01017	0.01285	0.20130	0.13015	0.51573	0.03382	0.00570	0.00158	0.00234	0.03831	0.00417	0.00374
13	0.00885	0.00847	0.01463	0.63304	0.18908	0.00989	0.05086	0.01173	0.00904	0.01191	0.00790	0.01147	0.00607	0.00423	0.00439	0.00142	0.00576	0.00394	0.00200	0.00531
14	0.01002	0.00615	0.00720	0.00634	0.00810	0.00615	0.00493	0.11222	0.08331	0.12506	0.29207	0.06490	0.05540	0.00723	0.00445	0.00132	0.00277	0.00612	0.19109	0.00516
15	0.00908	0.00777	0.01226	0.62697	0.04457	0.00920	0.01079	0.06696	0.00980	0.04222	0.02297	0.06047	0.00855	0.00523	0.00446	0.00145	0.00530	0.02496	0.00248	0.02452
16	0.00949	0.00936	0.01315	0.01165	0.03632	0.01291	0.00940	0.01049	0.00681	0.01066	0.00612	0.01012	0.00608	0.02627	0.01399	0.00193	0.78008	0.00388	0.01652	0.00478
17	0.77097	0.00836	0.00714	0.06709	0.01012	0.00983	0.00544	0.01254	0.00749	0.01850	0.00627	0.00766	0.00493	0.00464	0.01607	0.00146	0.03159	0.00256	0.00261	0.00472
18	0.05043	0.00811	0.00927	0.00675	0.01052	0.00661	0.00543	0.07184	0.00997	0.04586	0.00824	0.00928	0.00661	0.00350	0.00333	0.00076	0.00337	0.00274	0.00283	0.73455
19	0.00951	0.00955	0.01381	0.01168	0.01191	0.01309	0.04642	0.01060	0.00685	0.01065	0.00599	0.00980	0.00587	0.00795	0.03008	0.00199	0.78362	0.00390	0.00193	0.00481
20	0.01002	0.01024	0.03472	0.32557	0.40989	0.05602	0.04532	0.01272	0.00958	0.01282	0.00815	0.01146	0.00662	0.00424	0.00447	0.00137	0.01405	0.01470	0.00210	0.00592
21	0.00612	0.00428	0.00516	0.00541	0.00569	0.00428	0.00346	0.00675	0.01929	0.00969	0.01786	0.21499	0.06076	0.49864	0.09127	0.00367	0.00440	0.03208	0.00308	0.00313
22	0.00617	0.00436	0.00551	0.00554	0.00650	0.00395	0.00403	0.00769	0.01082	0.03931	0.43966	0.26082	0.16841	0.01050	0.00524	0.00150	0.00227	0.00927	0.00448	0.00398
23	0.02921	0.00792	0.00905	0.00817	0.02300	0.00840	0.00623	0.14177	0.29060	0.15182	0.03161	0.19508	0.06285	0.00767	0.00468	0.00149	0.00344	0.00652	0.00441	0.00607
24	0.01503	0.05056	0.02165	0.02246	0.07318	0.06960	0.02021	0.51381	0.07247	0.04738	0.01028	0.01068	0.00757	0.00512	0.00468	0.00132	0.03944	0.00386	0.00379	0.00692
25	0.01238	0.00797	0.00907	0.00752	0.01000	0.00818	0.00604	0.25727	0.10884	0.17183	0.14895	0.02175	0.15196	0.00703	0.00461	0.00138	0.00344	0.01863	0.03715	0.00601
26	0.00533	0.00403	0.00492	0.00554	0.00621	0.00362	0.00383	0.00628	0.00911	0.01178	0.08608	0.54678	0.26563	0.01255	0.00541	0.00165	0.00240	0.01113	0.00410	0.00362
27	0.00919	0.00785	0.00924	0.02880	0.01093	0.00609	0.00542	0.02837	0.00929	0.01442	0.00781	0.00914	0.00646	0.00330	0.00329	0.00068	0.00333	0.00265	0.00261	0.83113
28	0.00716	0.00512	0.00661	0.00723	0.04696	0.00506	0.01714	0.03657	0.05501	0.03379	0.01983	0.42246	0.04754	0.20046	0.00901	0.00221	0.00328	0.02535	0.04518	0.00402
29	0.00577	0.00454	0.00513	0.00515	0.00637	0.00405	0.00385	0.02384	0.01044	0.01332	0.21510	0.13309	0.47456	0.03087	0.00563	0.00157	0.00240	0.04628	0.00419	0.00383
30	0.01181	0.01179	0.01293	0.05173	0.19826	0.16696	0.03888	0.05117	0.34198	0.01550	0.01286	0.01335	0.03021	0.00515	0.00450	0.00137	0.01769	0.00430	0.00325	0.00632
31	0.01030	0.19431	0.12468	0.03184	0.19599	0.02365	0.06253	0.06339	0.07499	0.01425	0.06189	0.06532	0.01098	0.00537	0.00439	0.00132	0.02042	0.02571	0.00271	0.00594
32	0.00736	0.00478	0.00555	0.00525	0.00678	0.00413	0.00397	0.00870	0.01062	0.12439	0.19346	0.11111	0.47763	0.01009	0.00509	0.00146	0.00242	0.00858	0.00439	0.00427
33	0.46081	0.13768	0.07671	0.02614	0.03042	0.01100	0.02877	0.03160	0.00844	0.05852	0.00726	0.00884	0.00582	0.02860	0.00448	0.00141	0.06277	0.00293	0.00258	0.00523
34	0.21545	0.11865	0.06386	0.02685	0.23798	0.11055	0.02401	0.03549	0.06444	0.01503	0.00789	0.00931	0.00638	0.00423	0.00387	0.00126	0.02055	0.00322	0.00246	0.02853
35	0.00850	0.04254	0.11172	0.16081	0.21966	0.00849	0.03784	0.01162	0.05627	0.01359	0.11628	0.11817	0.06359	0.00639	0.00459	0.00142	0.00450	0.00573	0.00289	0.00543
36	0.00960	0.12023	0.03861	0.12319	0.03861	0.07148	0.04539	0.06224	0.07004	0.01313	0.01380	0.13148	0.07296	0.04762	0.00537	0.00145	0.02413	0.00530	0.00288	0.10249
37	0.01012	0.00531	0.00691	0.00606	0.00780	0.00474	0.00470	0.01192	0.01190	0.25934	0.44608	0.06253	0.10777	0.00818	0.00488	0.00138	0.00259	0.00706	0.02568	0.00504
38	0.01167	0.01056	0.02926	0.11487	0.22464	0.05720	0.06090	0.17092	0.10971	0.04187	0.06061	0.01362	0.03163	0.00518	0.00484	0.00138	0.03729	0.00443	0.00315	0.00625
39	0.00609	0.00449	0.00557	0.00580	0.00648	0.00440	0.00406	0.00775	0.05297	0.01241	0.19433	0.30422	0.10511	0.17036	0.07866	0.00255	0.00357	0.02362	0.00382	0.00373
40	0.01181	0.03467	0.01440	0.24792	0.17557	0.20117	0.03528	0.09325	0.03648	0.01351	0.00799	0.01030	0.00639	0.00472	0.00522	0.00136	0.08825	0.00366	0.00238	0.00567
41	0.00734	0.00629	0.00653	0.00620	0.00800	0.00642	0.00472	0.01272	0.31662	0.01423	0.03318	0.06748	0.47518	0.00920	0.00490	0.00149	0.00270	0.00771	0.00420	0.00491
42	0.00529	0.00397	0.00492	0.00565	0.00622	0.00359	0.00387	0.00617	0.00884	0.01143	0.04644	0.62579	0.22619	0.01291	0.00545	0.00169	0.00244	0.01150	0.00407	0.00359
43	0.00681	0.00553	0.00812	0.00779	0.00843	0.00684	0.00617	0.00826	0.00695	0.01019	0.01064	0.01580	0.01000	0.02832	0.68675	0.00612	0.15646	0.00452	0.00226	0.00405
44	0.00696	0.00546	0.00636	0.00598	0.00739	0.00539	0.00454	0.02526	0.15401	0.01629	0.45270	0.04817	0.21553	0.00895	0.00503	0.00143	0.00243	0.01904	0.00453	0.00456
45	0.82139	0.00859	0.00679	0.00597	0.00872	0.00990	0.00492	0.04989	0.00813	0.03493	0.00649	0.00739	0.00496	0.00413	0.00281	0.00135	0.00345	0.00247	0.00283	0.00490
46	0.03958	0.00760	0.01013	0.00778	0.01114	0.00671	0.00643	0.04543	0.01261	0.77900	0.01674	0.01453	0.01055	0.00536	0.00435	0.00135	0.00374	0.00432	0.00530	0.00736
47	0.01148	0.00968	0.01022	0.00900	0.01158	0.01114	0.00706	0.10876	0.72503	0.01926	0.01695	0.01564	0.01267	0.00584	0.00443	0.00146	0.00360	0.00482	0.00443	0.00696
48	0.00569	0.00430	0.00534	0.00602	0.00686	0.00395	0.00455	0.00687	0.00929	0.01182	0.03039	0.38463	0.28602	0.01241	0.00555	0.00173	0.00279	0.20405	0.00404	0.00371
49	0.00923	0.00866	0.01458	0.17218	0.37162	0.00896	0.08937	0.02925	0.00983	0.01338	0.02943	0.04853	0.08023	0.02873	0.00529	0.00151	0.01768	0.05334	0.00259	0.00564
50	0.01018	0.01092	0.01836	0.01489	0.05529	0.04653	0.31969	0.01228	0.00849	0.01204	0.00710	0.01040	0.00613	0.00577	0.00981	0.00167	0.43877	0.00430	0.00205	0.00532
51	0.00914	0.00508	0.00518	0.00482	0.00614	0.00525	0.00371	0.10186	0.02158	0.01758	0.01384	0.01559	0.01078	0.00511	0.00322	0.00106	0.00237	0.00406	0.75915	0.00449
52	0.00849	0.00790	0.00775	0.00793	0.05442	0.15905	0.02284	0.00920	0.00793	0.00968	0.01206	0.05040	0.01293	0.46982	0.13812	0.00375	0.00609	0.00548	0.00253	0.00363
53	0.00940	0.00877	0.01370	0.03793	0.43344	0.03479	0.05088	0.03410	0.00990	0.01350	0.01400	0.17400	0.05108	0.00713	0.01429	0.00153	0.02298	0.06010	0.00280	0.00568
54	0.00710	0.00505	0.00541	0.00529	0.00557	0.03977	0.00325	0.00740	0.00698	0.02857	0.03094	0.02628	0.01537	0.69183	0.08589	0.00414	0.00489	0.00600	0.01723	0.00302
55	0.00554	0.00439	0.00477	0.00483	0.00611	0.00376	0.00356	0.00671	0.01004	0.02607	0.12945	0.15225	0.60515	0.01107	0.00520	0.00150	0.00226	0.00942	0.00416	0.00378
56	0.00857	0.00832	0.03191	0.12193	0.21454	0.00793	0.17811	0.01098	0.00994	0.03147	0.08009	0.09522	0.15830	0.00664	0.00485	0.00145	0.00468	0.01683	0.00295	0.00527

[dist]
# distance from previous block
# <min> <max>
0	27

[block]
# block no. 5 follows, 60 sequences, length 20
# corresponding to MSA columns:
# 187-206
name=unknown_F
#
# <colnr> <probs for GDERKNQSTAVLIFYWHMCP>
#	G	D	E	R	K	N	Q	S	T	A	V	L	I	F	Y	W	H	M	C	P
0	0.01167	0.03815	0.06120	0.17524	0.36181	0.09173	0.04273	0.09338	0.01101	0.04806	0.00848	0.01061	0.00664	0.00429	0.00440	0.00132	0.01681	0.00376	0.00245	0.00627
1	0.00746	0.00646	0.00925	0.00854	0.00900	0.00832	0.00683	0.00872	0.00685	0.01018	0.00958	0.01489	0.00923	0.06404	0.48681	0.00498	0.31808	0.00444	0.00219	0.00416
2	0.01027	0.01169	0.02531	0.01814	0.02240	0.01111	0.77609	0.01385	0.01017	0.01385	0.00872	0.01169	0.00659	0.00381	0.00547	0.00149	0.03624	0.00510	0.00220	0.00584
3	0.00985	0.01224	0.13554	0.21583	0.18143	0.06081	0.23414	0.01328	0.03174	0.01311	0.00906	0.04649	0.00739	0.00449	0.00457	0.00141	0.00613	0.00446	0.00222	0.00580
4	0.02027	0.07386	0.05194	0.16956	0.27274	0.05283	0.07064	0.04390	0.03588	0.10876	0.04302	0.01237	0.00870	0.00457	0.00429	0.00133	0.00522	0.01124	0.00276	0.00614
5	0.00896	0.00862	0.06651	0.02795	0.29227	0.00821	0.02184	0.01188	0.07929	0.03127	0.03354	0.05526	0.01127	0.11397	0.15406	0.00275	0.04514	0.00493	0.01690	0.00539
6	0.00557	0.00404	0.00516	0.00578	0.00626	0.00379	0.00396	0.00649	0.00877	0.01166	0.11279	0.53860	0.11463	0.09641	0.03244	0.00211	0.00293	0.03113	0.00394	0.00355
7	0.01010	0.23416	0.31474	0.10118	0.01646	0.06159	0.04551	0.05252	0.00991	0.01299	0.02734	0.01164	0.02786	0.00548	0.02929	0.00145	0.00584	0.02398	0.00222	0.00572
8	0.05417	0.01315	0.21146	0.08146	0.29284	0.03093	0.08953	0.06233	0.02512	0.05131	0.00888	0.01081	0.00680	0.00494	0.02555	0.00149	0.00573	0.00381	0.01335	0.00632
9	0.00693	0.00539	0.00682	0.02699	0.02888	0.00531	0.00545	0.00949	0.08438	0.01337	0.14308	0.10041	0.16150	0.08201	0.03622	0.00202	0.00356	0.22666	0.00384	0.04769
10	0.00769	0.00441	0.00591	0.00587	0.00647	0.00438	0.00418	0.00801	0.04622	0.04426	0.08071	0.10130	0.05808	0.03619	0.04581	0.43274	0.00364	0.03420	0.06679	0.00315
11	0.20596	0.05006	0.03145	0.02015	0.02362	0.05867	0.02869	0.18583	0.02557	0.10767	0.06554	0.04664	0.02106	0.00578	0.01727	0.00138	0.01159	0.00413	0.02570	0.06325
12	0.05213	0.03438	0.07623	0.03762	0.20959	0.10289	0.09972	0.14944	0.10878	0.04430	0.01026	0.03722	0.00815	0.00480	0.00431	0.00134	0.00534	0.00417	0.00298	0.00635
13	0.00636	0.00453	0.00603	0.00629	0.00718	0.00416	0.02249	0.00744	0.00892	0.04540	0.04821	0.50254	0.14103	0.04158	0.04281	0.00198	0.00321	0.05606	0.00390	0.03989
14	0.01088	0.01190	0.10955	0.13913	0.38170	0.07353	0.01168	0.05176	0.04289	0.03287	0.02224	0.01104	0.00740	0.00425	0.00421	0.00128	0.00531	0.00375	0.00245	0.07219
15	0.05064	0.04009	0.04985	0.03433	0.01232	0.09258	0.00749	0.14709	0.38783	0.01762	0.01296	0.01346	0.01005	0.04730	0.00504	0.00147	0.00439	0.00417	0.00364	0.05768
16	0.03864	0.27713	0.30737	0.01030	0.05261	0.05558	0.01055	0.01415	0.00961	0.10328	0.00924	0.01072	0.01930	0.00492	0.01774	0.00131	0.00539	0.02282	0.00243	0.02694
17	0.05583	0.03357	0.34282	0.02111	0.13956	0.02063	0.02814	0.06235	0.10023	0.04603	0.03159	0.02200	0.03736	0.00587	0.03289	0.00156	0.00541	0.00407	0.00273	0.00623
18	0.00947	0.09142	0.44937	0.04939	0.06993	0.01023	0.13073	0.01318	0.00940	0.03436	0.04164	0.01092	0.00751	0.00481	0.00489	0.04498	0.00592	0.00375	0.00214	0.00595
19	0.00923	0.00969	0.07846	0.48550	0.23148	0.00984	0.01220	0.05147	0.00971	0.01300	0.00952	0.01242	0.03983	0.00454	0.00437	0.00140	0.00550	0.00405	0.00220	0.00559

[dist]
# distance from previous block
# <min> <max>
11	197

# created by:
# /st0/software/busco_prod/Augustus/scripts/msa2prfl.pl ./align_prep/148638.fa
