[name]
unknown

[dist]
# distance from previous block
# <min> <max>
15	44

[block]
# block no. 0 follows, 62 sequences, length 13
# corresponding to MSA columns:
# 226-238
name=unknown_A
#
# <colnr> <probs for GDERKNQSTAVLIFYWHMCP>
#	G	D	E	R	K	N	Q	S	T	A	V	L	I	F	Y	W	H	M	C	P
0	0.03510	0.00845	0.05838	0.19130	0.13992	0.02263	0.00869	0.03042	0.05921	0.11572	0.03762	0.04693	0.01085	0.04233	0.03636	0.00168	0.01297	0.05655	0.02407	0.06082
1	0.10721	0.00862	0.00880	0.05874	0.01059	0.12586	0.00620	0.03655	0.00957	0.12629	0.06120	0.06730	0.03171	0.06901	0.07271	0.00196	0.07363	0.02604	0.00311	0.09491
2	0.08637	0.00729	0.00897	0.02652	0.00959	0.00828	0.00628	0.05361	0.05902	0.02279	0.19634	0.03453	0.04204	0.02628	0.03387	0.00165	0.23351	0.01924	0.00316	0.12067
3	0.05171	0.09097	0.00897	0.00711	0.02595	0.00732	0.00531	0.10720	0.03991	0.03851	0.02722	0.01339	0.00872	0.03157	0.03853	0.44256	0.02769	0.02108	0.00254	0.00374
4	0.01165	0.01342	0.03028	0.00942	0.01131	0.40312	0.04100	0.04412	0.03736	0.01167	0.01260	0.10933	0.05879	0.05911	0.02909	0.00164	0.04187	0.04311	0.00274	0.02835
5	0.00982	0.00956	0.06331	0.12960	0.37792	0.00935	0.01062	0.06140	0.04989	0.03176	0.01044	0.01281	0.04194	0.01700	0.07775	0.00184	0.04362	0.00409	0.00247	0.03480
6	0.00981	0.44190	0.04874	0.00959	0.09186	0.01208	0.04356	0.01150	0.00872	0.01133	0.00915	0.13393	0.00914	0.00515	0.00376	0.00110	0.02458	0.00412	0.00227	0.11769
7	0.00697	0.00463	0.00640	0.00635	0.00667	0.02089	0.00458	0.00679	0.00637	0.00873	0.01005	0.06372	0.01017	0.07537	0.30711	0.39836	0.04714	0.00464	0.00218	0.00288
8	0.00825	0.00785	0.03079	0.06642	0.31548	0.00751	0.09570	0.01046	0.00950	0.01294	0.04617	0.15244	0.07567	0.00732	0.00485	0.00150	0.00442	0.13464	0.00291	0.00518
9	0.01021	0.00733	0.00880	0.00644	0.00998	0.00566	0.00517	0.01207	0.00952	0.13699	0.05649	0.01102	0.00892	0.00379	0.00343	0.00078	0.00316	0.00309	0.00306	0.69409
10	0.46438	0.08359	0.06116	0.00921	0.10826	0.05494	0.00699	0.01381	0.00871	0.11904	0.00816	0.01965	0.00638	0.00433	0.00328	0.00128	0.00408	0.01459	0.00279	0.00537
11	0.00976	0.05023	0.07742	0.01130	0.16404	0.00794	0.04381	0.06391	0.00984	0.03921	0.01881	0.04722	0.00868	0.03154	0.00439	0.00113	0.00414	0.02959	0.00267	0.37438
12	0.00681	0.00641	0.05781	0.08222	0.01004	0.03239	0.00631	0.00854	0.00763	0.01065	0.04975	0.01796	0.02830	0.09485	0.50838	0.00492	0.02000	0.01615	0.02688	0.00399

[dist]
# distance from previous block
# <min> <max>
0	3

[block]
# block no. 1 follows, 62 sequences, length 24
# corresponding to MSA columns:
# 242-265
name=unknown_B
#
# <colnr> <probs for GDERKNQSTAVLIFYWHMCP>
#	G	D	E	R	K	N	Q	S	T	A	V	L	I	F	Y	W	H	M	C	P
0	0.01149	0.03007	0.01103	0.00951	0.02787	0.05281	0.03199	0.11077	0.62509	0.01805	0.01524	0.01436	0.01145	0.00547	0.00428	0.00139	0.00391	0.00452	0.00404	0.00664
1	0.00928	0.09538	0.44933	0.01259	0.09601	0.00982	0.08694	0.01293	0.00916	0.02998	0.00847	0.03056	0.00678	0.00424	0.00400	0.00124	0.00553	0.01955	0.00211	0.10607
2	0.01043	0.01690	0.50102	0.01504	0.20616	0.00950	0.04467	0.01433	0.00960	0.11919	0.00895	0.01016	0.00642	0.00412	0.00415	0.00133	0.00569	0.00352	0.00233	0.00650
3	0.03335	0.07181	0.65566	0.01160	0.03382	0.04053	0.01395	0.01400	0.00925	0.06639	0.00805	0.00914	0.00574	0.00410	0.00393	0.00131	0.00595	0.00314	0.00207	0.00621
4	0.00822	0.00749	0.01202	0.52431	0.08682	0.00918	0.01041	0.01041	0.00825	0.01106	0.00913	0.01367	0.02854	0.00616	0.02025	0.04338	0.12441	0.03897	0.02268	0.00464
5	0.01085	0.07991	0.17175	0.05170	0.11215	0.04759	0.00876	0.01310	0.00986	0.19673	0.03760	0.13448	0.07379	0.00695	0.02459	0.00148	0.00456	0.00532	0.00322	0.00561
6	0.01507	0.03121	0.03758	0.05644	0.21741	0.00766	0.00845	0.01706	0.01099	0.48783	0.01439	0.03396	0.03205	0.00511	0.00426	0.00131	0.00413	0.00436	0.00402	0.00671
7	0.01745	0.00746	0.00983	0.00765	0.01068	0.00685	0.00630	0.08080	0.01245	0.67224	0.03729	0.01575	0.05247	0.00570	0.00469	0.00134	0.03463	0.00455	0.00498	0.00688
8	0.01909	0.00724	0.00987	0.00757	0.01086	0.00625	0.00625	0.02074	0.01218	0.82687	0.01679	0.01448	0.01053	0.00527	0.00428	0.00132	0.00362	0.00428	0.00527	0.00724
9	0.01056	0.01306	0.24125	0.05819	0.49746	0.00970	0.01318	0.01370	0.00964	0.08029	0.00860	0.01046	0.00663	0.00400	0.00417	0.00130	0.00531	0.00365	0.00227	0.00656
10	0.01047	0.01017	0.01662	0.05509	0.74329	0.03650	0.01262	0.01294	0.00963	0.01355	0.00805	0.01066	0.00678	0.00469	0.02974	0.00144	0.00536	0.00378	0.00211	0.00652
11	0.00608	0.00456	0.00684	0.00684	0.00760	0.00532	0.00532	0.00760	0.00684	0.00988	0.01140	0.01672	0.01064	0.03191	0.83360	0.00684	0.01140	0.00456	0.00228	0.00380
12	0.41815	0.03466	0.00925	0.00801	0.01015	0.29797	0.00632	0.01350	0.00887	0.01437	0.00659	0.00832	0.00557	0.01941	0.05734	0.00167	0.07006	0.00277	0.00237	0.00466
13	0.00541	0.00392	0.00516	0.00604	0.00649	0.00366	0.00427	0.00636	0.00856	0.01130	0.04417	0.66774	0.08453	0.01283	0.00545	0.00173	0.00262	0.11226	0.00396	0.00354
14	0.00826	0.00723	0.00931	0.00842	0.00930	0.00864	0.00662	0.05707	0.08382	0.01264	0.03670	0.27549	0.04279	0.00882	0.00839	0.00162	0.33170	0.00666	0.00309	0.07342
15	0.00838	0.00759	0.03487	0.02106	0.02414	0.00588	0.00550	0.02428	0.03166	0.01384	0.03836	0.05019	0.08070	0.00504	0.01558	0.00094	0.00332	0.00387	0.00282	0.62199
16	0.01064	0.12401	0.40361	0.03444	0.10240	0.01077	0.04543	0.10482	0.01046	0.06892	0.00870	0.02081	0.00658	0.00496	0.02423	0.00142	0.00566	0.00350	0.00240	0.00624
17	0.00895	0.14472	0.70938	0.01141	0.01731	0.01091	0.01447	0.01337	0.00893	0.01296	0.00738	0.00866	0.00540	0.00398	0.00385	0.00128	0.00603	0.00302	0.00180	0.00617
18	0.00608	0.00456	0.00684	0.00684	0.00760	0.00532	0.00532	0.00760	0.00684	0.00988	0.01140	0.01672	0.01064	0.03191	0.83360	0.00684	0.01140	0.00456	0.00228	0.00380
19	0.00994	0.01268	0.19780	0.07603	0.40734	0.01014	0.13133	0.01356	0.04587	0.02471	0.00847	0.01065	0.00664	0.00403	0.00450	0.00134	0.02259	0.00388	0.00217	0.00632
20	0.03022	0.00715	0.00831	0.00629	0.00956	0.00570	0.00497	0.01101	0.03924	0.04258	0.05225	0.06003	0.03234	0.00443	0.00350	0.00082	0.00305	0.00367	0.00292	0.67194
21	0.00675	0.00588	0.02819	0.02989	0.00893	0.02275	0.03028	0.00831	0.00748	0.01059	0.02233	0.07622	0.04220	0.05404	0.51756	0.00487	0.06108	0.00516	0.02930	0.02819
22	0.01099	0.07458	0.06243	0.00884	0.07390	0.00751	0.02679	0.03235	0.00966	0.14682	0.00907	0.00994	0.00696	0.00399	0.00385	0.02242	0.00383	0.00305	0.00286	0.48019
23	0.03238	0.49389	0.13981	0.00856	0.01244	0.08563	0.03318	0.01334	0.03403	0.01155	0.00684	0.00786	0.00578	0.00379	0.00319	0.00101	0.00495	0.00264	0.00203	0.09713

[dist]
# distance from previous block
# <min> <max>
1	9

[block]
# block no. 2 follows, 62 sequences, length 6
# corresponding to MSA columns:
# 277-282
name=unknown_C
#
# <colnr> <probs for GDERKNQSTAVLIFYWHMCP>
#	G	D	E	R	K	N	Q	S	T	A	V	L	I	F	Y	W	H	M	C	P
0	0.01027	0.67226	0.01854	0.00672	0.00958	0.01413	0.00628	0.01135	0.00812	0.00964	0.00751	0.01130	0.00759	0.18396	0.00676	0.00159	0.00446	0.00311	0.00198	0.00485
1	0.19228	0.00534	0.00671	0.00657	0.00773	0.00622	0.00517	0.00864	0.00692	0.01184	0.01023	0.01463	0.00935	0.02596	0.65666	0.00566	0.00967	0.00408	0.00235	0.00397
2	0.00882	0.00756	0.00882	0.00630	0.01008	0.00567	0.00504	0.01071	0.00882	0.01387	0.00756	0.00882	0.00630	0.00315	0.00315	0.00063	0.00315	0.00252	0.00252	0.87647
3	0.05009	0.12018	0.06781	0.03291	0.30634	0.05568	0.03223	0.01268	0.00927	0.03086	0.00787	0.01016	0.00662	0.00403	0.00409	0.00113	0.03402	0.02041	0.00226	0.19135
4	0.00595	0.00390	0.00480	0.00537	0.00588	0.00371	0.00371	0.00704	0.00854	0.01223	0.07478	0.49172	0.05706	0.07585	0.00613	0.00173	0.00250	0.03636	0.18918	0.00356
5	0.07921	0.00842	0.04205	0.00846	0.08920	0.00661	0.00626	0.01166	0.00894	0.05178	0.00790	0.00910	0.00637	0.00341	0.00330	0.00081	0.00349	0.00273	0.00259	0.64769

[dist]
# distance from previous block
# <min> <max>
1	2

[block]
# block no. 3 follows, 62 sequences, length 15
# corresponding to MSA columns:
# 285-299
name=unknown_D
#
# <colnr> <probs for GDERKNQSTAVLIFYWHMCP>
#	G	D	E	R	K	N	Q	S	T	A	V	L	I	F	Y	W	H	M	C	P
0	0.00673	0.00647	0.05205	0.00738	0.05706	0.00555	0.03088	0.02971	0.08791	0.01327	0.11771	0.10065	0.41693	0.00960	0.02102	0.01822	0.00312	0.00763	0.00372	0.00440
1	0.40281	0.00950	0.00929	0.00754	0.01041	0.01059	0.00620	0.31723	0.01223	0.02088	0.00789	0.00878	0.00601	0.00539	0.03121	0.00144	0.03957	0.00304	0.00320	0.08677
2	0.06365	0.02514	0.05004	0.00706	0.00945	0.01590	0.04141	0.02261	0.02160	0.14130	0.28076	0.02082	0.09977	0.00734	0.03208	0.00144	0.02513	0.00542	0.00376	0.12534
3	0.01027	0.22002	0.42005	0.00954	0.01412	0.02427	0.01096	0.03077	0.00950	0.09542	0.02247	0.01176	0.06456	0.00500	0.00425	0.03011	0.00514	0.00356	0.00241	0.00581
4	0.01543	0.01027	0.01113	0.01972	0.01203	0.10364	0.03122	0.29951	0.04986	0.28729	0.02625	0.05393	0.01040	0.03124	0.00486	0.00140	0.00452	0.01664	0.00420	0.00645
5	0.00980	0.00954	0.01569	0.31498	0.49863	0.03485	0.03046	0.01241	0.00935	0.01271	0.00782	0.01076	0.00632	0.00397	0.00423	0.00132	0.00540	0.00378	0.00203	0.00595
6	0.01173	0.79163	0.02160	0.00746	0.01109	0.01657	0.00734	0.07092	0.00948	0.01124	0.00623	0.00707	0.00559	0.00375	0.00284	0.00094	0.00456	0.00239	0.00200	0.00559
7	0.00912	0.01917	0.03194	0.09820	0.01221	0.00711	0.00644	0.04891	0.02485	0.04195	0.03575	0.01302	0.07896	0.00466	0.00439	0.00099	0.06313	0.00365	0.00278	0.49276
8	0.00693	0.00539	0.00695	0.00667	0.00723	0.03066	0.00495	0.00801	0.02440	0.01030	0.09957	0.01930	0.01396	0.19438	0.37051	0.09096	0.08869	0.00503	0.00256	0.00355
9	0.00670	0.00797	0.15551	0.00803	0.00975	0.00656	0.00741	0.00880	0.00721	0.01055	0.01040	0.01492	0.00941	0.02555	0.63908	0.00558	0.05586	0.00426	0.00217	0.00430
10	0.00969	0.00904	0.00922	0.00694	0.01047	0.09659	0.00548	0.01205	0.05326	0.01370	0.00799	0.00908	0.00658	0.00343	0.00329	0.00073	0.00366	0.00267	0.00258	0.73354
11	0.00672	0.00410	0.00598	0.00598	0.00629	0.00441	0.00424	0.00646	0.00615	0.00851	0.00971	0.01613	0.00962	0.11338	0.35472	0.42151	0.00692	0.00433	0.00211	0.00273
12	0.01132	0.79308	0.02140	0.00738	0.01093	0.01639	0.00724	0.01344	0.06601	0.01056	0.00673	0.00747	0.00600	0.00379	0.00284	0.00095	0.00447	0.00246	0.00200	0.00555
13	0.00774	0.00648	0.00679	0.00640	0.00714	0.09890	0.03301	0.02221	0.00789	0.01040	0.01378	0.09418	0.04005	0.37735	0.11965	0.01878	0.02417	0.00578	0.09580	0.00349
14	0.00853	0.00719	0.00837	0.00612	0.00949	0.00550	0.00477	0.01022	0.00853	0.01325	0.00820	0.01091	0.00731	0.09595	0.00518	0.00101	0.00326	0.00292	0.00253	0.78077

[dist]
# distance from previous block
# <min> <max>
0	2

[block]
# block no. 4 follows, 62 sequences, length 23
# corresponding to MSA columns:
# 302-324
name=unknown_E
#
# <colnr> <probs for GDERKNQSTAVLIFYWHMCP>
#	G	D	E	R	K	N	Q	S	T	A	V	L	I	F	Y	W	H	M	C	P
0	0.04687	0.03982	0.50030	0.01040	0.01519	0.00969	0.01201	0.12643	0.02603	0.06196	0.03495	0.03413	0.02010	0.00509	0.00415	0.00136	0.00529	0.03744	0.00269	0.00611
1	0.00761	0.04846	0.03639	0.00747	0.00858	0.00732	0.00600	0.03101	0.04974	0.02282	0.01438	0.19862	0.04171	0.10481	0.18761	0.00298	0.15397	0.02659	0.00288	0.04105
2	0.00922	0.00881	0.01422	0.42539	0.35598	0.03304	0.01190	0.01182	0.00918	0.01223	0.00870	0.01330	0.00734	0.00456	0.00433	0.00138	0.00536	0.05561	0.00212	0.00551
3	0.00812	0.00741	0.01164	0.57360	0.07867	0.00880	0.01029	0.01166	0.09414	0.01191	0.01176	0.06925	0.04321	0.00555	0.00443	0.00145	0.00496	0.03578	0.00247	0.00491
4	0.01470	0.05985	0.01174	0.01007	0.01214	0.70351	0.00758	0.01577	0.01137	0.01048	0.00730	0.00930	0.00636	0.05980	0.00491	0.00128	0.00705	0.00299	0.03902	0.00476
5	0.00611	0.00442	0.00605	0.00602	0.00647	0.00472	0.01911	0.00694	0.00675	0.00935	0.01341	0.10463	0.01438	0.37895	0.38843	0.00507	0.00732	0.00602	0.00257	0.00328
6	0.32856	0.05178	0.01008	0.00830	0.01024	0.22761	0.03613	0.01279	0.00864	0.01382	0.00734	0.01023	0.00650	0.06022	0.00609	0.00151	0.13188	0.01806	0.04560	0.00461
7	0.00856	0.07271	0.72412	0.01133	0.01705	0.00994	0.01433	0.01295	0.00878	0.01292	0.00791	0.01008	0.00605	0.05947	0.00511	0.00150	0.00604	0.00329	0.00185	0.00599
8	0.01397	0.01066	0.01174	0.00980	0.01316	0.00926	0.00731	0.01698	0.20273	0.07631	0.05135	0.01914	0.04813	0.00738	0.00557	0.00176	0.00466	0.00515	0.00474	0.48020
9	0.00570	0.00419	0.00551	0.03850	0.00720	0.00399	0.00436	0.00689	0.00928	0.01243	0.22331	0.41615	0.10886	0.05078	0.00623	0.01680	0.00266	0.06958	0.00395	0.00363
10	0.01016	0.00961	0.01190	0.00993	0.01108	0.04820	0.00818	0.10839	0.00892	0.01288	0.00835	0.01085	0.04640	0.00655	0.01028	0.00155	0.53663	0.00378	0.00237	0.13400
11	0.01094	0.08547	0.03813	0.04020	0.04457	0.08196	0.00654	0.01940	0.01038	0.20197	0.12986	0.09516	0.10275	0.02515	0.00513	0.00140	0.03513	0.03139	0.00363	0.03084
12	0.00970	0.28303	0.24864	0.06346	0.05431	0.04440	0.04325	0.01236	0.02212	0.01143	0.00757	0.01006	0.00646	0.04643	0.04657	0.01444	0.06511	0.00329	0.00197	0.00539
13	0.00897	0.01895	0.04826	0.02045	0.00852	0.00631	0.02458	0.04843	0.05451	0.11740	0.03584	0.02373	0.07876	0.37523	0.03702	0.00277	0.03863	0.04412	0.00323	0.00428
14	0.01134	0.43716	0.08600	0.00853	0.01162	0.10216	0.03747	0.01307	0.01838	0.06662	0.00830	0.04253	0.00750	0.05998	0.00523	0.00132	0.05788	0.00341	0.00228	0.01920
15	0.00642	0.00527	0.00630	0.00725	0.06044	0.03523	0.00505	0.00767	0.00917	0.02146	0.02768	0.25353	0.30911	0.02605	0.05947	0.00198	0.00360	0.14676	0.00364	0.00391
16	0.00730	0.00581	0.00652	0.00672	0.00759	0.06621	0.00506	0.04217	0.02371	0.01162	0.02568	0.25236	0.07867	0.04686	0.15898	0.07910	0.00497	0.13518	0.03173	0.00378
17	0.33407	0.05843	0.01030	0.03674	0.01109	0.02486	0.04016	0.15630	0.08553	0.05795	0.01089	0.04214	0.04660	0.00529	0.00434	0.00136	0.06148	0.00386	0.00317	0.00543
18	0.13848	0.04408	0.51869	0.01010	0.01492	0.00941	0.02195	0.03547	0.00907	0.02358	0.04692	0.01036	0.00746	0.00617	0.06076	0.00168	0.00578	0.00335	0.00223	0.02955
19	0.04829	0.66880	0.06515	0.03484	0.01181	0.06688	0.00773	0.01291	0.00882	0.01080	0.00631	0.00738	0.00557	0.00378	0.00292	0.00098	0.00476	0.00245	0.02445	0.00537
20	0.00826	0.00768	0.01272	0.60517	0.12682	0.00927	0.01124	0.01084	0.00855	0.01128	0.00856	0.01349	0.00712	0.00613	0.04474	0.00171	0.05031	0.04918	0.00205	0.00489
21	0.11270	0.00499	0.00602	0.00587	0.00686	0.00536	0.00436	0.00898	0.02200	0.05142	0.06356	0.09386	0.02267	0.12522	0.27610	0.04977	0.01429	0.00529	0.11682	0.00386
22	0.09549	0.33817	0.08570	0.00819	0.01144	0.07145	0.00759	0.19235	0.01129	0.03730	0.00862	0.04953	0.00751	0.04105	0.01638	0.00136	0.00479	0.00346	0.00271	0.00562

[dist]
# distance from previous block
# <min> <max>
0	8

[block]
# block no. 5 follows, 62 sequences, length 25
# corresponding to MSA columns:
# 336-360
name=unknown_F
#
# <colnr> <probs for GDERKNQSTAVLIFYWHMCP>
#	G	D	E	R	K	N	Q	S	T	A	V	L	I	F	Y	W	H	M	C	P
0	0.00913	0.00877	0.04674	0.02539	0.03294	0.04585	0.12881	0.02809	0.08525	0.03274	0.01094	0.08218	0.00987	0.05832	0.10214	0.01993	0.03075	0.00460	0.00273	0.23481
1	0.02640	0.00866	0.04111	0.50288	0.02249	0.04605	0.06999	0.03190	0.00898	0.01192	0.02565	0.04375	0.00773	0.00677	0.06724	0.00179	0.02292	0.00417	0.00220	0.04741
2	0.04588	0.00573	0.03160	0.00723	0.06388	0.00548	0.00505	0.00846	0.04963	0.01162	0.05817	0.07510	0.21819	0.18993	0.17542	0.00310	0.01469	0.02379	0.00310	0.00396
3	0.04927	0.08788	0.06335	0.00930	0.03418	0.06976	0.00781	0.36504	0.06461	0.03609	0.00926	0.00971	0.00697	0.00446	0.00381	0.00113	0.00455	0.00334	0.00332	0.16616
4	0.02095	0.08680	0.00952	0.04836	0.05197	0.04908	0.00616	0.04041	0.05152	0.02777	0.07204	0.15297	0.06345	0.03687	0.06534	0.03185	0.02686	0.06414	0.00312	0.09082
5	0.07252	0.03056	0.00858	0.04923	0.05166	0.00704	0.00592	0.07172	0.04734	0.04296	0.02860	0.11874	0.01095	0.01166	0.09638	0.24807	0.05176	0.00485	0.00276	0.03869
6	0.02859	0.01886	0.05090	0.07273	0.19266	0.00876	0.07991	0.03443	0.09926	0.05352	0.11348	0.01568	0.01255	0.03855	0.09229	0.00206	0.06152	0.01587	0.00292	0.00548
7	0.08034	0.07470	0.01330	0.03008	0.01290	0.00823	0.21367	0.01295	0.03781	0.15165	0.01352	0.04317	0.03109	0.00940	0.11597	0.00215	0.00559	0.10850	0.02976	0.00522
8	0.02541	0.00578	0.00726	0.00699	0.03563	0.00575	0.00494	0.06351	0.07992	0.10921	0.07650	0.10409	0.05651	0.09831	0.03121	0.20712	0.00363	0.01870	0.01916	0.04036
9	0.00970	0.00585	0.00778	0.03561	0.00927	0.00574	0.03338	0.02658	0.11335	0.19859	0.02682	0.33859	0.05811	0.05968	0.00610	0.01946	0.00329	0.02206	0.01517	0.00488
10	0.01951	0.00671	0.01982	0.00761	0.00957	0.00643	0.08688	0.10245	0.05607	0.09291	0.10122	0.04799	0.20649	0.00906	0.02245	0.10261	0.00372	0.06578	0.02804	0.00468
11	0.03060	0.00502	0.00573	0.00560	0.00616	0.00524	0.00373	0.05556	0.05570	0.01093	0.01429	0.08750	0.01545	0.53597	0.06103	0.01995	0.00429	0.04872	0.02514	0.00339
12	0.01568	0.00429	0.00529	0.00567	0.00627	0.00413	0.00394	0.00727	0.04669	0.01182	0.14256	0.39449	0.11159	0.13328	0.00815	0.04408	0.00278	0.04470	0.00376	0.00354
13	0.50233	0.00789	0.00743	0.00643	0.00893	0.00867	0.00520	0.10630	0.03029	0.12890	0.03372	0.06584	0.02279	0.00597	0.02607	0.00149	0.00359	0.00382	0.01915	0.00518
14	0.00748	0.00506	0.00617	0.00589	0.00710	0.00493	0.00440	0.01035	0.11171	0.07354	0.38117	0.12968	0.09388	0.06505	0.00598	0.00160	0.00257	0.03449	0.04456	0.00438
15	0.00650	0.00450	0.00568	0.00600	0.00680	0.00434	0.00455	0.00800	0.02561	0.02960	0.16737	0.17391	0.09947	0.17015	0.00840	0.00211	0.00311	0.23578	0.03444	0.00370
16	0.35271	0.00795	0.04421	0.00656	0.00895	0.00793	0.00545	0.07094	0.07880	0.11798	0.11271	0.05061	0.04891	0.06318	0.00498	0.00154	0.00339	0.00456	0.00355	0.00508
17	0.33296	0.00756	0.00751	0.00651	0.00869	0.00823	0.00514	0.08681	0.09531	0.06805	0.04935	0.03550	0.07590	0.07560	0.00557	0.00155	0.04115	0.00431	0.02493	0.05938
18	0.00770	0.04357	0.00678	0.00584	0.00706	0.00599	0.00433	0.09232	0.06691	0.01376	0.08350	0.13595	0.13716	0.16646	0.07226	0.00228	0.00371	0.00655	0.13368	0.00418
19	0.06324	0.00505	0.00605	0.00584	0.00680	0.00506	0.00415	0.04387	0.00872	0.09645	0.08378	0.19428	0.04597	0.27610	0.09497	0.00286	0.00415	0.02679	0.02195	0.00392
20	0.23464	0.00621	0.00741	0.00664	0.00855	0.00619	0.04096	0.01171	0.02409	0.18451	0.11565	0.21633	0.07404	0.00788	0.00449	0.01179	0.00312	0.02715	0.00387	0.00478
21	0.00650	0.00470	0.00562	0.00580	0.00678	0.00448	0.00416	0.04376	0.04706	0.04086	0.09223	0.41871	0.23157	0.03738	0.02825	0.00179	0.00283	0.00956	0.00400	0.00397
22	0.03057	0.02832	0.00752	0.00682	0.00801	0.03920	0.00524	0.06726	0.04361	0.04067	0.01519	0.06134	0.06838	0.15958	0.29849	0.00380	0.02347	0.06763	0.02069	0.00420
23	0.03195	0.04380	0.00788	0.00733	0.03853	0.02313	0.00534	0.05706	0.00837	0.02914	0.04530	0.09722	0.04267	0.08759	0.34779	0.08249	0.01712	0.01247	0.01081	0.00402
24	0.02880	0.00467	0.00579	0.00580	0.00640	0.00480	0.00406	0.02674	0.03571	0.01119	0.10117	0.20281	0.10298	0.18045	0.08385	0.15165	0.02950	0.00708	0.00317	0.00338

[dist]
# distance from previous block
# <min> <max>
0	8

[block]
# block no. 6 follows, 62 sequences, length 13
# corresponding to MSA columns:
# 371-383
name=unknown_G
#
# <colnr> <probs for GDERKNQSTAVLIFYWHMCP>
#	G	D	E	R	K	N	Q	S	T	A	V	L	I	F	Y	W	H	M	C	P
0	0.05835	0.00510	0.00587	0.00595	0.02081	0.01950	0.00398	0.03634	0.00772	0.01103	0.05004	0.10377	0.04811	0.39579	0.18083	0.00375	0.00526	0.00613	0.02821	0.00346
1	0.00829	0.00933	0.10299	0.21129	0.04081	0.00834	0.15226	0.01166	0.07271	0.01262	0.02530	0.08767	0.03606	0.02101	0.05747	0.00176	0.02935	0.01450	0.00255	0.09402
2	0.05328	0.07551	0.06892	0.00716	0.01093	0.00718	0.03188	0.01185	0.00908	0.07733	0.00955	0.01041	0.03949	0.00378	0.00338	0.00085	0.00362	0.00302	0.00268	0.57010
3	0.00954	0.00648	0.00905	0.09517	0.06249	0.02000	0.03436	0.01173	0.03300	0.16112	0.25071	0.05460	0.04154	0.04705	0.02583	0.00161	0.00375	0.05425	0.00377	0.07394
4	0.00889	0.00599	0.00757	0.00759	0.03594	0.00612	0.00562	0.08155	0.09785	0.09765	0.09065	0.18672	0.04104	0.09690	0.07228	0.00225	0.00404	0.14276	0.00388	0.00472
5	0.01050	0.10627	0.17806	0.00883	0.05103	0.00834	0.00808	0.01367	0.06734	0.12633	0.03938	0.01150	0.02554	0.00426	0.00368	0.00103	0.00406	0.00341	0.00289	0.32580
6	0.00968	0.00883	0.01431	0.17209	0.45432	0.00913	0.03072	0.06225	0.01046	0.01463	0.13077	0.01383	0.01159	0.00467	0.00433	0.00129	0.00467	0.00437	0.00261	0.03547
7	0.00942	0.01013	0.02002	0.01486	0.01809	0.01010	0.54033	0.01226	0.00937	0.01295	0.01040	0.01472	0.03934	0.00505	0.00640	0.00149	0.14085	0.06144	0.00233	0.06045
8	0.00644	0.00501	0.00745	0.07372	0.06062	0.00547	0.00601	0.00789	0.00771	0.01057	0.01534	0.13264	0.06065	0.05512	0.42687	0.02592	0.00763	0.07832	0.00271	0.00391
9	0.03840	0.00730	0.00860	0.00647	0.00979	0.00597	0.00517	0.03202	0.00888	0.02990	0.00826	0.00994	0.00692	0.00704	0.11186	0.00150	0.00429	0.00285	0.00259	0.69225
10	0.13805	0.00955	0.06691	0.05781	0.10214	0.06644	0.10230	0.04501	0.01747	0.06060	0.07603	0.04751	0.06868	0.00799	0.07581	0.01585	0.02915	0.00471	0.00287	0.00512
11	0.00981	0.14366	0.10697	0.02475	0.18166	0.03552	0.15103	0.01300	0.06110	0.01343	0.07314	0.01214	0.02231	0.00440	0.00423	0.00120	0.02076	0.00396	0.00246	0.11447
12	0.62232	0.07837	0.00760	0.00589	0.00829	0.03401	0.00483	0.01231	0.03377	0.01719	0.00820	0.06818	0.00716	0.00475	0.00296	0.00128	0.00337	0.00323	0.07167	0.00462

[dist]
# distance from previous block
# <min> <max>
0	2

[block]
# block no. 7 follows, 62 sequences, length 6
# corresponding to MSA columns:
# 386-391
name=unknown_H
#
# <colnr> <probs for GDERKNQSTAVLIFYWHMCP>
#	G	D	E	R	K	N	Q	S	T	A	V	L	I	F	Y	W	H	M	C	P
0	0.00891	0.00823	0.01138	0.01073	0.07058	0.01069	0.00802	0.04264	0.00726	0.01079	0.00778	0.01345	0.00793	0.17453	0.05397	0.00248	0.53974	0.00426	0.00214	0.00447
1	0.00609	0.00451	0.00661	0.00661	0.00729	0.00519	0.00503	0.00745	0.00677	0.00971	0.01161	0.01788	0.01114	0.11720	0.74900	0.00656	0.01064	0.00473	0.00231	0.00367
2	0.04780	0.00891	0.07006	0.00846	0.02891	0.00871	0.00682	0.05475	0.40752	0.09274	0.01582	0.08727	0.01338	0.09290	0.00615	0.00172	0.00373	0.03460	0.00388	0.00587
3	0.00616	0.00418	0.00546	0.00556	0.00583	0.00440	0.00370	0.00655	0.00654	0.00896	0.01322	0.10693	0.01446	0.42366	0.27923	0.08734	0.00624	0.00604	0.00255	0.00299
4	0.00968	0.03830	0.32494	0.00980	0.03150	0.00889	0.02757	0.12176	0.02648	0.04618	0.01078	0.09751	0.00958	0.08547	0.00621	0.00159	0.04080	0.00456	0.02767	0.07075
5	0.04156	0.09620	0.04232	0.02172	0.10503	0.00856	0.06619	0.07564	0.03000	0.02508	0.02398	0.10785	0.06205	0.00853	0.08939	0.00181	0.02638	0.01587	0.00283	0.14900

[dist]
# distance from previous block
# <min> <max>
0	50

# created by:
# /st0/software/busco_prod/Augustus/scripts/msa2prfl.pl ./align_prep/148685.fa
