[name]
unknown

[dist]
# distance from previous block
# <min> <max>
0	181

[block]
# block no. 0 follows, 60 sequences, length 38
# corresponding to MSA columns:
# 181-218
name=unknown_A
#
# <colnr> <probs for GDERKNQSTAVLIFYWHMCP>
#	G	D	E	R	K	N	Q	S	T	A	V	L	I	F	Y	W	H	M	C	P
0	0.00889	0.00632	0.00766	0.00765	0.00894	0.04885	0.00618	0.05693	0.02184	0.08585	0.05008	0.08811	0.01879	0.06350	0.19005	0.00305	0.00577	0.31338	0.00365	0.00448
1	0.01292	0.02377	0.01172	0.04658	0.05274	0.19896	0.03391	0.17537	0.08142	0.08900	0.07374	0.01380	0.01088	0.03743	0.08576	0.00197	0.03667	0.00427	0.00334	0.00575
2	0.01057	0.01008	0.01700	0.12862	0.63414	0.01039	0.04528	0.02966	0.04522	0.01429	0.00864	0.01117	0.00705	0.00405	0.00436	0.00133	0.00527	0.00398	0.00228	0.00661
3	0.00647	0.00510	0.00813	0.00769	0.00869	0.00579	0.05329	0.00816	0.00721	0.01036	0.01151	0.01681	0.01065	0.03097	0.78004	0.00668	0.01142	0.00470	0.00233	0.00401
4	0.01062	0.00744	0.00854	0.00795	0.03370	0.03556	0.00589	0.14309	0.12706	0.12538	0.20907	0.19600	0.05494	0.00820	0.00484	0.00145	0.00333	0.00706	0.00440	0.00548
5	0.01109	0.15095	0.25253	0.01527	0.18668	0.13382	0.13293	0.01449	0.03800	0.01304	0.00796	0.00962	0.00628	0.00407	0.00410	0.00127	0.00614	0.00351	0.00212	0.00613
6	0.00530	0.00383	0.00502	0.00598	0.00630	0.00355	0.00401	0.00608	0.00844	0.01117	0.02521	0.79733	0.07464	0.01351	0.00554	0.00175	0.00251	0.01221	0.00405	0.00355
7	0.02771	0.00589	0.00735	0.00657	0.00858	0.00542	0.02024	0.02771	0.04467	0.22861	0.13382	0.03160	0.30237	0.00880	0.00498	0.00150	0.00308	0.12160	0.00446	0.00505
8	0.01212	0.01364	0.05019	0.01979	0.39406	0.21474	0.16049	0.01500	0.04029	0.02561	0.00843	0.01045	0.00677	0.00411	0.00438	0.00130	0.00622	0.00387	0.00231	0.00624
9	0.00881	0.00593	0.00803	0.01944	0.00906	0.02383	0.05266	0.03807	0.03168	0.12918	0.28157	0.29391	0.02684	0.00943	0.00513	0.00153	0.00317	0.04268	0.00433	0.00472
10	0.25290	0.01015	0.03697	0.00967	0.06118	0.02036	0.04266	0.16409	0.22040	0.07538	0.01112	0.01127	0.00824	0.00479	0.00388	0.00134	0.00412	0.00373	0.00356	0.05418
11	0.01152	0.00970	0.01024	0.00901	0.01160	0.01116	0.00707	0.11478	0.71894	0.01933	0.01690	0.01559	0.01262	0.00584	0.00443	0.00146	0.00361	0.00481	0.00443	0.00696
12	0.01283	0.03296	0.13954	0.01241	0.07053	0.27294	0.10596	0.11583	0.06736	0.02632	0.02288	0.01027	0.00734	0.00446	0.00417	0.00123	0.00608	0.00360	0.00270	0.08059
13	0.00623	0.00467	0.00701	0.00701	0.00779	0.00545	0.00545	0.00779	0.00701	0.01012	0.01168	0.01713	0.01090	0.03271	0.82944	0.00701	0.01168	0.00467	0.00234	0.00389
14	0.01877	0.00920	0.01085	0.00843	0.01175	0.05825	0.00691	0.17716	0.01407	0.61439	0.01522	0.01355	0.00981	0.00531	0.00435	0.00133	0.00418	0.00420	0.00500	0.00728
15	0.00962	0.01041	0.07531	0.27254	0.32719	0.04273	0.05661	0.01261	0.02831	0.01296	0.01015	0.01432	0.03032	0.00492	0.00470	0.00142	0.02303	0.05478	0.00229	0.00578
16	0.00873	0.00830	0.01378	0.63935	0.14225	0.01014	0.01205	0.01140	0.00870	0.01153	0.00762	0.01131	0.00596	0.00461	0.00532	0.00147	0.08650	0.00387	0.00197	0.00514
17	0.00691	0.00498	0.00687	0.00781	0.00884	0.00494	0.00680	0.00887	0.01003	0.01297	0.02438	0.04875	0.07367	0.01199	0.00597	0.00198	0.00391	0.74231	0.00402	0.00400
18	0.01529	0.04559	0.01357	0.01235	0.08328	0.53975	0.04388	0.09281	0.03786	0.05357	0.00836	0.01858	0.00671	0.00464	0.00408	0.00120	0.00680	0.00335	0.00268	0.00566
19	0.00810	0.00760	0.01267	0.45455	0.08092	0.00889	0.07143	0.01047	0.00861	0.01141	0.01141	0.04825	0.06282	0.03041	0.08978	0.00213	0.06867	0.00482	0.00226	0.00479
20	0.00531	0.00380	0.00506	0.00607	0.00633	0.00354	0.00405	0.00607	0.00835	0.01113	0.02404	0.84388	0.02885	0.01366	0.00557	0.00177	0.00253	0.01240	0.00405	0.00354
21	0.01521	0.01161	0.01357	0.08744	0.09892	0.01284	0.00917	0.64989	0.01833	0.02461	0.00999	0.01061	0.00722	0.00501	0.00436	0.00132	0.00493	0.00392	0.00391	0.00713
22	0.01582	0.01999	0.01250	0.04833	0.03094	0.77571	0.00869	0.01705	0.01215	0.01077	0.00682	0.00809	0.00565	0.00448	0.00396	0.00114	0.00772	0.00288	0.00223	0.00509
23	0.00896	0.00866	0.01363	0.71631	0.07465	0.04583	0.03162	0.02734	0.00922	0.01170	0.00781	0.01139	0.00592	0.00434	0.00436	0.00143	0.00589	0.00386	0.00202	0.00505
24	0.00516	0.00440	0.00444	0.00446	0.00590	0.00368	0.00333	0.00625	0.00990	0.01176	0.04361	0.06458	0.79550	0.01112	0.00517	0.00148	0.00222	0.00929	0.00405	0.00368
25	0.00634	0.00423	0.00476	0.00476	0.00476	0.00423	0.00264	0.00634	0.00634	0.00846	0.01374	0.02854	0.01586	0.84672	0.02220	0.00423	0.00423	0.00634	0.00264	0.00264
26	0.79757	0.00861	0.00683	0.00606	0.00877	0.00997	0.00497	0.03811	0.05716	0.01973	0.00693	0.00775	0.00533	0.00420	0.00286	0.00136	0.00342	0.00257	0.00286	0.00494
27	0.00923	0.15927	0.69163	0.01161	0.01761	0.01131	0.01468	0.01369	0.00915	0.01322	0.00754	0.00884	0.00554	0.00408	0.00392	0.00131	0.00615	0.00308	0.00185	0.00631
28	0.00683	0.00489	0.00625	0.00570	0.00709	0.00433	0.00429	0.00872	0.01154	0.04056	0.60603	0.10066	0.05357	0.00858	0.00492	0.00132	0.00230	0.00756	0.00446	0.11040
29	0.01164	0.00695	0.00842	0.00725	0.00953	0.00685	0.00566	0.01641	0.24443	0.25641	0.19038	0.07972	0.03831	0.01865	0.01924	0.00152	0.00327	0.00591	0.00458	0.06489
30	0.00794	0.00731	0.01155	0.65234	0.02505	0.00881	0.01042	0.01116	0.05817	0.01186	0.03939	0.02822	0.09918	0.00550	0.00450	0.00146	0.00509	0.00480	0.00245	0.00480
31	0.01014	0.07213	0.01112	0.00844	0.06042	0.01875	0.01792	0.02835	0.11355	0.03755	0.00927	0.01015	0.00744	0.00378	0.00351	0.00087	0.00365	0.00307	0.00285	0.57705
32	0.01040	0.00894	0.01010	0.11557	0.01350	0.01034	0.00742	0.05227	0.62145	0.01751	0.05191	0.01677	0.03264	0.00594	0.00447	0.00146	0.00372	0.00499	0.00412	0.00646
33	0.01437	0.08229	0.01360	0.03368	0.01381	0.44591	0.05679	0.14277	0.07507	0.01450	0.04391	0.01032	0.00814	0.00478	0.00408	0.00120	0.00635	0.00351	0.00283	0.02209
34	0.01233	0.05583	0.04226	0.04871	0.03293	0.04780	0.11852	0.26700	0.06706	0.07150	0.03967	0.03803	0.06043	0.04003	0.01623	0.00153	0.00495	0.00480	0.00350	0.02690
35	0.01062	0.01093	0.06622	0.05678	0.56643	0.01025	0.05754	0.03769	0.06777	0.01476	0.00893	0.01108	0.00721	0.00406	0.00431	0.00130	0.00517	0.00392	0.00239	0.05265
36	0.01600	0.01183	0.01274	0.00992	0.01327	0.01309	0.00819	0.74691	0.04617	0.02660	0.01122	0.01223	0.00833	0.00553	0.00443	0.00134	0.00472	0.03585	0.00435	0.00726
37	0.00702	0.00517	0.00721	0.05253	0.00989	0.00529	0.00689	0.00930	0.03787	0.01305	0.04434	0.13221	0.02450	0.01151	0.00580	0.00192	0.00388	0.61358	0.00394	0.00411

[dist]
# distance from previous block
# <min> <max>
0	1

[block]
# block no. 1 follows, 60 sequences, length 16
# corresponding to MSA columns:
# 220-235
name=unknown_B
#
# <colnr> <probs for GDERKNQSTAVLIFYWHMCP>
#	G	D	E	R	K	N	Q	S	T	A	V	L	I	F	Y	W	H	M	C	P
0	0.01053	0.01023	0.01786	0.09872	0.69237	0.01035	0.06921	0.01323	0.00985	0.01395	0.00821	0.01094	0.00679	0.00391	0.00438	0.00132	0.00539	0.00397	0.00214	0.00665
1	0.00601	0.00445	0.00561	0.00532	0.00642	0.00405	0.00399	0.00792	0.01197	0.01660	0.69687	0.03404	0.16206	0.00925	0.00515	0.00139	0.00208	0.00809	0.00468	0.00405
2	0.00657	0.00489	0.00618	0.00594	0.00708	0.00472	0.00453	0.00942	0.07983	0.01683	0.63956	0.06006	0.06418	0.00912	0.00516	0.00144	0.00234	0.06320	0.00466	0.00431
3	0.01058	0.08165	0.03764	0.17036	0.46967	0.02706	0.07025	0.01357	0.03800	0.02767	0.00844	0.01086	0.00681	0.00406	0.00425	0.00131	0.00541	0.00385	0.00223	0.00631
4	0.00633	0.00495	0.00711	0.17095	0.01169	0.00516	0.00636	0.00786	0.00899	0.01168	0.02216	0.40950	0.08555	0.01119	0.00541	0.00175	0.00354	0.21227	0.00362	0.00393
5	0.00630	0.00428	0.00511	0.00534	0.00550	0.00428	0.00338	0.00666	0.00701	0.00932	0.01590	0.12080	0.01822	0.63657	0.04074	0.00378	0.00422	0.09671	0.00295	0.00293
6	0.01592	0.01221	0.05877	0.01139	0.08205	0.01243	0.00899	0.62305	0.01825	0.09688	0.01073	0.01082	0.00757	0.00507	0.00435	0.00132	0.00483	0.00392	0.00413	0.00732
7	0.00994	0.03475	0.56516	0.01105	0.01627	0.00924	0.03806	0.03798	0.01034	0.10254	0.11202	0.01287	0.01073	0.00490	0.00431	0.00137	0.00553	0.00401	0.00269	0.00625
8	0.00860	0.01158	0.21192	0.17291	0.19722	0.02697	0.06163	0.01150	0.00929	0.01276	0.01198	0.17773	0.01165	0.00642	0.00467	0.00149	0.00522	0.04844	0.00252	0.00547
9	0.00904	0.00775	0.00904	0.00646	0.01034	0.00581	0.00517	0.01098	0.00904	0.01421	0.00775	0.00904	0.00646	0.00323	0.00323	0.00065	0.00323	0.00258	0.00258	0.87339
10	0.04324	0.03154	0.00651	0.03380	0.00777	0.00492	0.00458	0.00794	0.00984	0.01376	0.27083	0.27560	0.13868	0.01083	0.04056	0.00170	0.00303	0.02548	0.00391	0.06549
11	0.01083	0.08421	0.04759	0.01077	0.01236	0.21549	0.06214	0.01233	0.00869	0.01083	0.00737	0.01040	0.00666	0.01058	0.15516	0.00249	0.32147	0.00366	0.00208	0.00490
12	0.01045	0.00970	0.01571	0.05463	0.58399	0.00992	0.03663	0.04117	0.08884	0.01478	0.01044	0.06999	0.00912	0.00485	0.00442	0.00135	0.00485	0.00463	0.01798	0.00652
13	0.01169	0.13829	0.01428	0.41081	0.02117	0.31039	0.01007	0.01372	0.01007	0.01084	0.00713	0.00956	0.00571	0.00432	0.00397	0.00126	0.00639	0.00326	0.00204	0.00503
14	0.00990	0.18073	0.16755	0.05196	0.06412	0.00990	0.02617	0.03835	0.02715	0.01370	0.00779	0.00917	0.00629	0.00374	0.00355	0.00098	0.00453	0.00295	0.00233	0.36915
15	0.00992	0.13087	0.45533	0.01029	0.01488	0.02748	0.01182	0.02819	0.00944	0.08137	0.00970	0.01245	0.00774	0.00873	0.12349	0.00215	0.00661	0.04124	0.00238	0.00591

[dist]
# distance from previous block
# <min> <max>
0	1

[block]
# block no. 2 follows, 60 sequences, length 54
# corresponding to MSA columns:
# 237-290
name=unknown_C
#
# <colnr> <probs for GDERKNQSTAVLIFYWHMCP>
#	G	D	E	R	K	N	Q	S	T	A	V	L	I	F	Y	W	H	M	C	P
0	0.00644	0.00530	0.00583	0.00572	0.00704	0.02623	0.00436	0.00887	0.07776	0.01432	0.30823	0.07075	0.35286	0.01024	0.01871	0.00157	0.00271	0.06461	0.00427	0.00416
1	0.00707	0.02631	0.00695	0.00614	0.00737	0.02693	0.00473	0.02958	0.02411	0.02478	0.47401	0.05487	0.17820	0.01019	0.04839	0.00171	0.05281	0.00740	0.00419	0.00428
2	0.01269	0.25020	0.12305	0.03774	0.03046	0.19043	0.03015	0.05239	0.01037	0.08394	0.00797	0.00921	0.00634	0.00465	0.00490	0.00123	0.09995	0.00318	0.02022	0.02090
3	0.00642	0.00455	0.00682	0.00682	0.00749	0.00522	0.00522	0.00749	0.00682	0.00977	0.01111	0.01659	0.01044	0.03026	0.71614	0.12780	0.01058	0.00455	0.00227	0.00362
4	0.00623	0.00467	0.00701	0.00701	0.00779	0.00545	0.00545	0.00779	0.00701	0.01012	0.01168	0.01713	0.01090	0.03271	0.82944	0.00701	0.01168	0.00467	0.00234	0.00389
5	0.00906	0.00782	0.00921	0.00665	0.01038	0.00610	0.00533	0.01096	0.00895	0.01407	0.00767	0.00906	0.00643	0.00340	0.00365	0.00069	0.03503	0.00263	0.00256	0.84033
6	0.00844	0.00795	0.01344	0.77340	0.09133	0.00974	0.01221	0.01132	0.00881	0.01138	0.00779	0.01156	0.00590	0.00432	0.00436	0.00144	0.00576	0.00388	0.00196	0.00501
7	0.00866	0.00818	0.01129	0.01002	0.01022	0.01099	0.00812	0.01006	0.03902	0.01075	0.00916	0.10256	0.00952	0.04774	0.09543	0.00249	0.59393	0.00500	0.00232	0.00454
8	0.06052	0.00673	0.04035	0.06722	0.07570	0.00609	0.01876	0.01005	0.04043	0.01569	0.39311	0.03819	0.10117	0.00733	0.00466	0.00134	0.00314	0.02248	0.00378	0.08327
9	0.00868	0.03482	0.70942	0.01224	0.01820	0.00991	0.06541	0.01335	0.00932	0.01364	0.01009	0.01134	0.05530	0.00453	0.00425	0.00138	0.00621	0.00370	0.00200	0.00623
10	0.01008	0.00821	0.00874	0.00787	0.01014	0.00907	0.00611	0.05426	0.55205	0.04779	0.03601	0.04177	0.17493	0.00713	0.00462	0.00147	0.00323	0.00595	0.00439	0.00617
11	0.30703	0.07621	0.14141	0.00925	0.01172	0.05165	0.00866	0.02561	0.00811	0.02878	0.00654	0.00848	0.00545	0.00532	0.00698	0.00150	0.28676	0.00307	0.00228	0.00519
12	0.00896	0.00759	0.06932	0.01099	0.16134	0.00657	0.02122	0.04358	0.04187	0.08842	0.07317	0.26920	0.06033	0.00985	0.03709	0.05986	0.00404	0.01805	0.00350	0.00504
13	0.00538	0.00384	0.00514	0.00615	0.00643	0.00360	0.00417	0.00619	0.00842	0.01121	0.02400	0.81214	0.02870	0.01360	0.00559	0.00178	0.00259	0.04346	0.00405	0.00356
14	0.00760	0.00516	0.00703	0.00778	0.00889	0.00513	0.00670	0.00973	0.02715	0.04713	0.02256	0.04553	0.03672	0.04326	0.00647	0.00203	0.00393	0.68296	0.02008	0.00416
15	0.00890	0.04106	0.01120	0.05758	0.23314	0.01825	0.00836	0.05359	0.06143	0.01418	0.09462	0.13379	0.03008	0.00836	0.01767	0.02028	0.02477	0.15422	0.00329	0.00521
16	0.01111	0.01189	0.01308	0.05582	0.18807	0.22515	0.02194	0.02583	0.00939	0.01167	0.00871	0.03691	0.02244	0.03944	0.05834	0.00192	0.24674	0.00410	0.00226	0.00518
17	0.00531	0.00380	0.00506	0.00607	0.00633	0.00354	0.00405	0.00607	0.00835	0.01113	0.02404	0.84388	0.02885	0.01366	0.00557	0.00177	0.00253	0.01240	0.00405	0.00354
18	0.00824	0.00775	0.01308	0.83624	0.03004	0.00969	0.01211	0.01114	0.00872	0.01114	0.00775	0.01163	0.00581	0.00436	0.00436	0.00145	0.00581	0.00388	0.00194	0.00484
19	0.01108	0.20969	0.18529	0.06030	0.01393	0.16781	0.01793	0.04034	0.00969	0.03299	0.00861	0.06350	0.00766	0.00688	0.04463	0.03577	0.07251	0.00378	0.00229	0.00531
20	0.00621	0.00465	0.00692	0.00694	0.00770	0.00539	0.00536	0.00772	0.00702	0.01011	0.01198	0.03432	0.01137	0.04926	0.79575	0.00684	0.01134	0.00487	0.00238	0.00386
21	0.87753	0.00843	0.00641	0.00574	0.00843	0.00978	0.00472	0.01282	0.00742	0.01957	0.00607	0.00709	0.00472	0.00405	0.00270	0.00135	0.00337	0.00236	0.00270	0.00472
22	0.00531	0.00380	0.00506	0.00607	0.00633	0.00354	0.00405	0.00607	0.00835	0.01113	0.02404	0.84388	0.02885	0.01366	0.00557	0.00177	0.00253	0.01240	0.00405	0.00354
23	0.00630	0.00440	0.00561	0.00561	0.00591	0.00469	0.00371	0.00689	0.00660	0.00909	0.01296	0.02422	0.01398	0.53830	0.32805	0.00528	0.00705	0.00571	0.00253	0.00312
24	0.00824	0.00775	0.01308	0.83624	0.03004	0.00969	0.01211	0.01114	0.00872	0.01114	0.00775	0.01163	0.00581	0.00436	0.00436	0.00145	0.00581	0.00388	0.00194	0.00484
25	0.01185	0.81626	0.02244	0.00761	0.01129	0.04968	0.00750	0.01323	0.00900	0.01028	0.00609	0.00703	0.00560	0.00376	0.00284	0.00094	0.00479	0.00235	0.00188	0.00558
26	0.00875	0.02256	0.82413	0.01243	0.01888	0.01013	0.01611	0.01381	0.00921	0.01381	0.00783	0.00921	0.00552	0.00414	0.00414	0.00138	0.00645	0.00322	0.00184	0.00645
27	0.00954	0.00954	0.01336	0.01145	0.01145	0.01336	0.00954	0.01050	0.00668	0.01050	0.00573	0.00954	0.00573	0.00763	0.01431	0.00191	0.83874	0.00382	0.00191	0.00477
28	0.01165	0.01115	0.11647	0.05151	0.17878	0.00923	0.29063	0.01465	0.01042	0.17905	0.03223	0.05424	0.00939	0.00480	0.00469	0.00141	0.00561	0.00488	0.00295	0.00626
29	0.01166	0.84935	0.02285	0.00746	0.01119	0.01726	0.00746	0.01306	0.00886	0.01026	0.00606	0.00700	0.00560	0.00373	0.00280	0.00093	0.00466	0.00233	0.00187	0.00560
30	0.00641	0.00420	0.00481	0.00481	0.00481	0.00420	0.00271	0.00630	0.00630	0.00841	0.01339	0.02767	0.01539	0.79941	0.02191	0.05367	0.00420	0.00620	0.00260	0.00260
31	0.01059	0.01058	0.01715	0.03566	0.52867	0.05550	0.13374	0.01374	0.05422	0.01432	0.05894	0.01303	0.02493	0.00445	0.00450	0.00133	0.00533	0.00443	0.00249	0.00638
32	0.00934	0.18991	0.66194	0.01143	0.01732	0.01157	0.01436	0.01366	0.00914	0.01309	0.00747	0.00876	0.00554	0.00406	0.00387	0.00129	0.00609	0.00304	0.00185	0.00627
33	0.00880	0.02176	0.77451	0.01237	0.01842	0.01033	0.01571	0.01361	0.00905	0.01361	0.00770	0.00923	0.00554	0.00436	0.00477	0.00141	0.05738	0.00326	0.00185	0.00634
34	0.00668	0.00488	0.00679	0.00745	0.00842	0.00501	0.00629	0.00848	0.00923	0.01217	0.02178	0.04052	0.08214	0.03095	0.20612	0.00322	0.00574	0.52662	0.00359	0.00394
35	0.01068	0.11492	0.18420	0.09261	0.29321	0.04388	0.11088	0.03042	0.03782	0.02851	0.00839	0.01035	0.00658	0.00409	0.00420	0.00131	0.00572	0.00372	0.00223	0.00628
36	0.00842	0.00794	0.01337	0.77176	0.07801	0.00980	0.01214	0.01127	0.00876	0.01132	0.00774	0.01154	0.00588	0.00439	0.00454	0.00145	0.02087	0.00388	0.00195	0.00497
37	0.00579	0.00428	0.00606	0.00673	0.00728	0.00404	0.02916	0.00692	0.00892	0.01191	0.07196	0.64244	0.02832	0.01281	0.00560	0.00178	0.00289	0.13536	0.00403	0.00372
38	0.00830	0.00782	0.01319	0.81666	0.04914	0.00971	0.01214	0.01120	0.00875	0.01122	0.00776	0.01161	0.00584	0.00435	0.00436	0.00145	0.00580	0.00388	0.00194	0.00489
39	0.01004	0.01326	0.35434	0.03267	0.09111	0.00778	0.01072	0.01317	0.00999	0.16000	0.06732	0.09946	0.06825	0.00684	0.02220	0.00154	0.00491	0.01738	0.00313	0.00589
40	0.00619	0.00402	0.00537	0.00618	0.00662	0.00372	0.00419	0.00700	0.00860	0.06079	0.02362	0.79315	0.02774	0.01316	0.00549	0.00175	0.00260	0.01191	0.00413	0.00378
41	0.00832	0.00783	0.01322	0.81130	0.05437	0.00971	0.01215	0.01121	0.00876	0.01124	0.00777	0.01160	0.00585	0.00435	0.00436	0.00145	0.00579	0.00388	0.00194	0.00491
42	0.87753	0.00843	0.00641	0.00574	0.00843	0.00978	0.00472	0.01282	0.00742	0.01957	0.00607	0.00709	0.00472	0.00405	0.00270	0.00135	0.00337	0.00236	0.00270	0.00472
43	0.01079	0.01036	0.01770	0.02677	0.81952	0.01036	0.01339	0.01339	0.00993	0.01425	0.00820	0.01079	0.00691	0.00389	0.00432	0.00130	0.00518	0.00389	0.00216	0.00691
44	0.06496	0.00792	0.02134	0.09720	0.13945	0.00779	0.00757	0.05655	0.08155	0.16740	0.12429	0.01756	0.08410	0.00634	0.02125	0.00143	0.00398	0.00489	0.00366	0.08078
45	0.01033	0.01866	0.01459	0.06731	0.47772	0.00891	0.03127	0.01294	0.02965	0.05412	0.03126	0.01325	0.05577	0.00447	0.00422	0.00121	0.00457	0.00415	0.00261	0.15298
46	0.00838	0.00657	0.03903	0.07279	0.03685	0.01882	0.00590	0.00904	0.01887	0.02617	0.08670	0.01382	0.01051	0.01003	0.03554	0.36806	0.01718	0.00393	0.00247	0.20932
47	0.00838	0.00763	0.04736	0.06475	0.25556	0.00700	0.00815	0.02640	0.02525	0.01352	0.14505	0.04151	0.10782	0.00808	0.01778	0.12137	0.00406	0.03147	0.00297	0.05588
48	0.01015	0.00926	0.01305	0.18096	0.30271	0.05553	0.00971	0.01239	0.00948	0.03954	0.00829	0.01064	0.00675	0.00499	0.03175	0.01402	0.00502	0.00347	0.00236	0.26993
49	0.23103	0.00940	0.07053	0.09202	0.18549	0.00877	0.02121	0.01232	0.02425	0.03148	0.02279	0.01034	0.00700	0.00544	0.02989	0.03459	0.02645	0.00334	0.00248	0.17118
50	0.03823	0.01154	0.18097	0.07674	0.14673	0.02206	0.06102	0.03866	0.05794	0.01411	0.01090	0.04490	0.03760	0.03734	0.01782	0.00147	0.01974	0.01278	0.00257	0.16686
51	0.21985	0.02536	0.03099	0.03863	0.18160	0.02161	0.00712	0.05813	0.02466	0.01468	0.01322	0.14008	0.06051	0.11206	0.01905	0.00186	0.01734	0.00540	0.00291	0.00495
52	0.04233	0.05759	0.09363	0.18813	0.24489	0.03848	0.02688	0.08606	0.01038	0.03876	0.00921	0.01129	0.02618	0.00515	0.01964	0.02427	0.00528	0.00373	0.00246	0.06566
53	0.02746	0.07569	0.08455	0.14355	0.30189	0.10292	0.05218	0.02531	0.03670	0.01317	0.00880	0.04753	0.00752	0.00477	0.00445	0.01917	0.00546	0.00400	0.00230	0.03260

[dist]
# distance from previous block
# <min> <max>
0	22

# created by:
# /st0/software/busco_prod/Augustus/scripts/msa2prfl.pl ./align_prep/149102.fa
