[name]
unknown

[dist]
# distance from previous block
# <min> <max>
0	23

[block]
# block no. 0 follows, 68 sequences, length 95
# corresponding to MSA columns:
# 23-63,65-118
name=unknown_A
#
# <colnr> <probs for GDERKNQSTAVLIFYWHMCP>
#	G	D	E	R	K	N	Q	S	T	A	V	L	I	F	Y	W	H	M	C	P
0	0.00913	0.26626	0.43889	0.00924	0.01362	0.01089	0.01067	0.01314	0.09183	0.03695	0.01955	0.00994	0.01813	0.00418	0.00364	0.00116	0.01764	0.01746	0.00212	0.00558
1	0.10126	0.02553	0.21697	0.02208	0.02336	0.00839	0.05729	0.09975	0.08606	0.15683	0.01089	0.08670	0.00872	0.00527	0.01401	0.00131	0.01707	0.00410	0.00302	0.05139
2	0.00849	0.21918	0.53049	0.00993	0.01468	0.01036	0.04799	0.01203	0.01925	0.01167	0.00799	0.03894	0.01856	0.01592	0.00379	0.00120	0.00522	0.00324	0.00185	0.01922
3	0.01069	0.02771	0.04203	0.01306	0.02885	0.22369	0.40739	0.04204	0.03805	0.01242	0.03159	0.02192	0.00735	0.00410	0.00441	0.00122	0.02559	0.01522	0.00226	0.04037
4	0.00653	0.00524	0.02191	0.00639	0.00786	0.00468	0.07586	0.02688	0.02157	0.04800	0.31528	0.12402	0.22726	0.00860	0.00473	0.00137	0.00275	0.08329	0.00380	0.00399
5	0.00875	0.00709	0.00915	0.00686	0.00997	0.00586	0.06564	0.06098	0.00929	0.05209	0.05691	0.04960	0.02951	0.00425	0.00348	0.00084	0.00323	0.02206	0.00278	0.59165
6	0.01126	0.00640	0.00786	0.00632	0.00880	0.00576	0.00504	0.07489	0.05953	0.30114	0.17305	0.03819	0.08884	0.00577	0.00399	0.00112	0.00291	0.00483	0.00400	0.19032
7	0.02684	0.00424	0.00476	0.00486	0.00603	0.00385	0.00374	0.00683	0.02813	0.01205	0.17711	0.09997	0.48361	0.00974	0.00475	0.00140	0.00227	0.11250	0.00378	0.00354
8	0.01091	0.07684	0.01024	0.00785	0.01050	0.14181	0.00624	0.05643	0.38635	0.04556	0.01140	0.01119	0.00874	0.00444	0.00360	0.00108	0.00389	0.00347	0.00320	0.19627
9	0.00552	0.00400	0.00521	0.00501	0.00589	0.00369	0.00372	0.00727	0.01086	0.01528	0.74448	0.10114	0.05598	0.00852	0.00471	0.00128	0.00191	0.00755	0.00429	0.00369
10	0.00965	0.01038	0.08702	0.02321	0.76545	0.00940	0.01238	0.01220	0.00897	0.01292	0.00743	0.00969	0.00617	0.00355	0.00391	0.00118	0.00481	0.00348	0.00194	0.00624
11	0.00854	0.02037	0.76877	0.01121	0.01674	0.08113	0.01405	0.01284	0.00862	0.01231	0.00703	0.00827	0.00503	0.00379	0.00375	0.00124	0.00597	0.00290	0.00171	0.00575
12	0.00822	0.00705	0.00822	0.00587	0.00940	0.00529	0.00470	0.00998	0.00822	0.01292	0.00705	0.00822	0.00587	0.00294	0.00294	0.00059	0.00294	0.00235	0.00235	0.88490
13	0.00533	0.00399	0.00561	0.00709	0.07717	0.00379	0.00438	0.00614	0.00773	0.01040	0.04009	0.73240	0.02424	0.03446	0.00548	0.01194	0.00255	0.01026	0.00349	0.00346
14	0.01060	0.86304	0.02078	0.00678	0.01018	0.01569	0.00678	0.01187	0.00806	0.00933	0.00551	0.00636	0.00509	0.00339	0.00254	0.00085	0.00424	0.00212	0.00170	0.00509
15	0.00483	0.00345	0.00460	0.00552	0.00575	0.00322	0.00368	0.00552	0.00759	0.01012	0.02185	0.85807	0.02622	0.01242	0.00506	0.00161	0.00230	0.01127	0.00368	0.00322
16	0.00485	0.00396	0.00429	0.00434	0.00549	0.00340	0.00320	0.00596	0.00923	0.01148	0.16570	0.12743	0.61690	0.00999	0.00473	0.00135	0.00202	0.00850	0.00379	0.00340
17	0.00770	0.00727	0.01228	0.77432	0.10242	0.00887	0.01112	0.01032	0.00803	0.01039	0.00709	0.01050	0.00538	0.00392	0.00396	0.00131	0.00523	0.00352	0.00178	0.00458
18	0.00483	0.00345	0.00460	0.00552	0.00575	0.00322	0.00368	0.00552	0.00759	0.01012	0.02185	0.85807	0.02622	0.01242	0.00506	0.00161	0.00230	0.01127	0.00368	0.00322
19	0.01507	0.01111	0.01190	0.00912	0.01230	0.01230	0.00754	0.82270	0.01864	0.02499	0.00952	0.00952	0.00674	0.00476	0.00397	0.00119	0.00436	0.00357	0.00397	0.00674
20	0.00485	0.00347	0.00461	0.00549	0.00575	0.00324	0.00367	0.00557	0.00770	0.01027	0.04203	0.82582	0.03827	0.01228	0.00505	0.00160	0.00229	0.01113	0.00370	0.00324
21	0.08598	0.72342	0.08367	0.00700	0.01051	0.01460	0.00719	0.01191	0.00797	0.01031	0.00564	0.00652	0.00501	0.00345	0.00263	0.00091	0.00427	0.00219	0.00176	0.00508
22	0.00795	0.02051	0.84011	0.01130	0.01716	0.00921	0.01465	0.01256	0.00837	0.01256	0.00712	0.00837	0.00502	0.00377	0.00377	0.00126	0.00586	0.00293	0.00167	0.00586
23	0.00819	0.00781	0.01336	0.59630	0.25640	0.00901	0.03118	0.01077	0.00827	0.01099	0.00719	0.01036	0.00559	0.00383	0.00397	0.00128	0.00516	0.00355	0.00182	0.00496
24	0.00479	0.00402	0.00416	0.00412	0.00542	0.00339	0.00309	0.00589	0.00928	0.01128	0.12789	0.03721	0.74624	0.00983	0.00468	0.00133	0.00199	0.00824	0.00376	0.00339
25	0.00569	0.00429	0.00639	0.00639	0.00706	0.00501	0.00494	0.00705	0.00640	0.00922	0.01091	0.04259	0.01042	0.04037	0.79233	0.00611	0.02466	0.00448	0.00217	0.00353
26	0.00561	0.00405	0.00530	0.00499	0.00592	0.00374	0.00374	0.00748	0.01122	0.01590	0.83383	0.02962	0.03741	0.00811	0.00468	0.00125	0.00187	0.00717	0.00436	0.00374
27	0.00981	0.00942	0.01609	0.02434	0.83592	0.00942	0.01217	0.01217	0.00903	0.01295	0.00746	0.00981	0.00628	0.00353	0.00393	0.00118	0.00471	0.00353	0.00196	0.00628
28	0.00661	0.00484	0.00652	0.00727	0.00826	0.00495	0.00624	0.00918	0.07960	0.01218	0.02062	0.08545	0.02208	0.01055	0.00533	0.00177	0.00353	0.69748	0.00369	0.00385
29	0.00769	0.00741	0.01296	0.76392	0.04179	0.00893	0.08080	0.01039	0.00807	0.01040	0.00714	0.01057	0.00537	0.00390	0.00402	0.00132	0.00540	0.00362	0.00179	0.00452
30	0.01377	0.01716	0.01230	0.01073	0.01279	0.69072	0.07776	0.02391	0.01071	0.01011	0.00631	0.00769	0.00527	0.00454	0.01411	0.00117	0.07142	0.00284	0.00204	0.00465
31	0.03744	0.17869	0.56526	0.01013	0.01499	0.10489	0.01205	0.01277	0.00858	0.01179	0.00665	0.00779	0.00502	0.00373	0.00347	0.00115	0.00561	0.00271	0.00174	0.00552
32	0.00749	0.00705	0.01189	0.85113	0.02731	0.00881	0.01101	0.01013	0.00793	0.01013	0.00705	0.01057	0.00529	0.00396	0.00396	0.00132	0.00529	0.00352	0.00176	0.00440
33	0.00786	0.01954	0.78627	0.03800	0.01712	0.00902	0.01418	0.01231	0.00845	0.01259	0.03416	0.00914	0.00609	0.00392	0.00380	0.00126	0.00571	0.00309	0.00177	0.00574
34	0.00483	0.00347	0.00458	0.00546	0.00574	0.00323	0.00365	0.00553	0.00765	0.01014	0.02257	0.82585	0.05798	0.01233	0.00505	0.00160	0.00229	0.01116	0.00368	0.00323
35	0.00829	0.00755	0.01217	0.72443	0.07904	0.00915	0.01079	0.08021	0.00892	0.01159	0.00729	0.01043	0.00548	0.00400	0.00396	0.00130	0.00517	0.00353	0.00196	0.00473
36	0.88866	0.00767	0.00583	0.00521	0.00767	0.00889	0.00429	0.01166	0.00675	0.01779	0.00552	0.00644	0.00429	0.00368	0.00245	0.00123	0.00307	0.00215	0.00245	0.00429
37	0.00806	0.00757	0.01276	0.56682	0.26017	0.00872	0.01096	0.01058	0.00842	0.01125	0.05118	0.01137	0.00728	0.00406	0.00399	0.00128	0.00494	0.00372	0.00196	0.00491
38	0.00483	0.00346	0.00459	0.00550	0.00574	0.00322	0.00367	0.00552	0.00761	0.01013	0.02214	0.84533	0.03878	0.01238	0.00505	0.00161	0.00230	0.01123	0.00368	0.00322
39	0.00859	0.00855	0.01199	0.01030	0.01032	0.01195	0.00857	0.00947	0.00608	0.00953	0.00535	0.00886	0.00533	0.00756	0.03574	0.00186	0.83037	0.00349	0.00175	0.00432
40	0.01779	0.00675	0.00920	0.00705	0.01012	0.00583	0.00583	0.01932	0.01135	0.83867	0.01564	0.01350	0.00981	0.00491	0.00399	0.00123	0.00337	0.00399	0.00491	0.00675
41	0.00570	0.00411	0.00568	0.00568	0.00615	0.00458	0.00410	0.00664	0.00617	0.00869	0.01125	0.01907	0.01143	0.30934	0.56741	0.00552	0.00834	0.00476	0.00222	0.00316
42	0.01060	0.86304	0.02078	0.00678	0.01018	0.01569	0.00678	0.01187	0.00806	0.00933	0.00551	0.00636	0.00509	0.00339	0.00254	0.00085	0.00424	0.00212	0.00170	0.00509
43	0.00924	0.01154	0.09370	0.01625	0.02042	0.00996	0.75207	0.01269	0.00927	0.01269	0.00794	0.01050	0.00593	0.00338	0.00460	0.00133	0.00661	0.00453	0.00198	0.00539
44	0.00867	0.00867	0.01214	0.01041	0.01041	0.01214	0.00867	0.00954	0.00607	0.00954	0.00520	0.00867	0.00520	0.00694	0.01301	0.00173	0.85340	0.00347	0.00173	0.00434
45	0.00502	0.00359	0.00480	0.00561	0.00595	0.00337	0.00389	0.00589	0.00802	0.01075	0.09168	0.72560	0.02693	0.01194	0.00506	0.00160	0.00236	0.07092	0.00374	0.00330
46	0.01481	0.01890	0.01124	0.01021	0.01226	0.84474	0.00766	0.01583	0.01124	0.00970	0.00613	0.00715	0.00511	0.00409	0.00358	0.00102	0.00715	0.00255	0.00204	0.00460
47	0.00639	0.00456	0.00639	0.00730	0.00821	0.00456	0.00639	0.00821	0.00913	0.01187	0.02099	0.04472	0.02282	0.01095	0.00548	0.00183	0.00365	0.80924	0.00365	0.00365
48	0.00549	0.00405	0.00513	0.00486	0.00585	0.00369	0.00365	0.00725	0.01094	0.01523	0.73098	0.03072	0.14068	0.00836	0.00468	0.00126	0.00189	0.00733	0.00428	0.00369
49	0.00483	0.00345	0.00460	0.00552	0.00575	0.00322	0.00368	0.00552	0.00759	0.01012	0.02185	0.85807	0.02622	0.01242	0.00506	0.00161	0.00230	0.01127	0.00368	0.00322
50	0.69996	0.00841	0.00714	0.00606	0.00867	0.00963	0.00499	0.18685	0.00932	0.01934	0.00638	0.00711	0.00482	0.00391	0.00278	0.00122	0.00335	0.00245	0.00278	0.00482
51	0.00963	0.55326	0.32203	0.00844	0.01274	0.01331	0.00968	0.01212	0.00817	0.01052	0.00610	0.00710	0.00506	0.00353	0.00299	0.00100	0.00484	0.00242	0.00169	0.00537
52	0.01446	0.00601	0.00814	0.00649	0.00897	0.00526	0.00526	0.01609	0.01131	0.61392	0.23914	0.01790	0.01735	0.00578	0.00418	0.00123	0.00296	0.00486	0.00476	0.00593
53	0.00787	0.01991	0.80996	0.01107	0.01675	0.00901	0.01426	0.01237	0.00847	0.01268	0.03697	0.00914	0.00619	0.00392	0.00380	0.00126	0.00572	0.00308	0.00177	0.00578
54	0.00795	0.02051	0.84011	0.01130	0.01716	0.00921	0.01465	0.01256	0.00837	0.01256	0.00712	0.00837	0.00502	0.00377	0.00377	0.00126	0.00586	0.00293	0.00167	0.00586
55	0.00964	0.00826	0.00868	0.00779	0.00999	0.00944	0.00607	0.04882	0.73529	0.01643	0.01778	0.01643	0.07631	0.00572	0.00408	0.00134	0.00309	0.00475	0.00400	0.00606
56	0.00517	0.00404	0.00469	0.00453	0.00565	0.00355	0.00339	0.00663	0.01018	0.01343	0.45673	0.03368	0.41605	0.00903	0.00468	0.00129	0.00194	0.00774	0.00404	0.00355
57	0.01011	0.00905	0.00908	0.00818	0.01041	0.05244	0.00635	0.02080	0.78706	0.01623	0.01563	0.01440	0.01175	0.00531	0.00401	0.00133	0.00334	0.00438	0.00393	0.00619
58	0.00968	0.00870	0.03914	0.00808	0.01046	0.00927	0.03096	0.09879	0.58829	0.01664	0.05388	0.01652	0.08055	0.00571	0.00412	0.00132	0.00331	0.00479	0.00387	0.00592
59	0.00548	0.00406	0.00513	0.00491	0.00590	0.00377	0.00370	0.00715	0.01036	0.01436	0.60363	0.02970	0.17979	0.01026	0.07697	0.00170	0.00265	0.00707	0.01977	0.00365
60	0.00800	0.02015	0.81062	0.01150	0.01729	0.00924	0.04379	0.01256	0.00841	0.01256	0.00715	0.00845	0.00506	0.00375	0.00380	0.00126	0.00589	0.00299	0.00169	0.00584
61	0.00501	0.00419	0.00441	0.00445	0.00576	0.00365	0.00342	0.00640	0.03154	0.01119	0.07153	0.03772	0.70819	0.00991	0.00474	0.00138	0.00217	0.07715	0.00372	0.00347
62	0.01060	0.86304	0.02078	0.00678	0.01018	0.01569	0.00678	0.01187	0.00806	0.00933	0.00551	0.00636	0.00509	0.00339	0.00254	0.00085	0.00424	0.00212	0.00170	0.00509
63	0.00854	0.02037	0.76877	0.01121	0.01674	0.08113	0.01405	0.01284	0.00862	0.01231	0.00703	0.00827	0.00503	0.00379	0.00375	0.00124	0.00597	0.00290	0.00171	0.00575
64	0.00795	0.02051	0.84011	0.01130	0.01716	0.00921	0.01465	0.01256	0.00837	0.01256	0.00712	0.00837	0.00502	0.00377	0.00377	0.00126	0.00586	0.00293	0.00167	0.00586
65	0.00986	0.00852	0.00897	0.00807	0.01031	0.00986	0.00628	0.02107	0.82876	0.01659	0.01614	0.01479	0.01210	0.00538	0.00403	0.00134	0.00314	0.00448	0.00403	0.00628
66	0.00567	0.00421	0.00619	0.00619	0.00684	0.00486	0.00473	0.00696	0.00632	0.00907	0.01078	0.01649	0.01031	0.10282	0.77240	0.00615	0.01002	0.00438	0.00215	0.00344
67	0.08376	0.01940	0.76830	0.01078	0.01634	0.00918	0.01376	0.01248	0.00823	0.01301	0.00698	0.00820	0.00496	0.00376	0.00365	0.00125	0.00562	0.00286	0.00174	0.00572
68	0.00795	0.02051	0.84011	0.01130	0.01716	0.00921	0.01465	0.01256	0.00837	0.01256	0.00712	0.00837	0.00502	0.00377	0.00377	0.00126	0.00586	0.00293	0.00167	0.00586
69	0.00543	0.00405	0.00504	0.00481	0.00583	0.00367	0.00362	0.00711	0.01073	0.01474	0.65315	0.03165	0.20710	0.00856	0.00469	0.00127	0.00193	0.01875	0.00421	0.00366
70	0.00656	0.00496	0.00700	0.00672	0.00762	0.00578	0.00528	0.07735	0.00742	0.01057	0.01038	0.01487	0.00951	0.02697	0.75010	0.00580	0.03283	0.00417	0.00227	0.00384
71	0.00847	0.00784	0.01295	0.41627	0.34928	0.00870	0.01072	0.03990	0.00873	0.01180	0.00858	0.08318	0.00754	0.00455	0.00404	0.00128	0.00476	0.00420	0.00209	0.00514
72	0.00957	0.00873	0.03642	0.00851	0.01088	0.00931	0.07007	0.05006	0.61344	0.01562	0.01439	0.01484	0.01122	0.07870	0.00543	0.00153	0.00361	0.00447	0.00361	0.02959
73	0.01022	0.00887	0.01015	0.01051	0.13134	0.02138	0.00720	0.04972	0.65621	0.02714	0.01447	0.01374	0.01092	0.00506	0.00401	0.00131	0.00347	0.00428	0.00371	0.00628
74	0.00981	0.00939	0.01584	0.02375	0.80611	0.00944	0.01196	0.01249	0.03863	0.01308	0.00777	0.00999	0.00649	0.00360	0.00393	0.00118	0.00465	0.00357	0.00204	0.00628
75	0.00749	0.00705	0.01189	0.85113	0.02731	0.00881	0.01101	0.01013	0.00793	0.01013	0.00705	0.01057	0.00529	0.00396	0.00396	0.00132	0.00529	0.00352	0.00176	0.00440
76	0.01320	0.01282	0.01040	0.00905	0.01135	0.33760	0.00704	0.13470	0.29375	0.08564	0.01086	0.01072	0.00816	0.00479	0.00413	0.00120	0.03215	0.00352	0.00324	0.00566
77	0.00472	0.00402	0.00406	0.00405	0.00537	0.00336	0.00304	0.00575	0.00911	0.01088	0.06559	0.03788	0.80879	0.00998	0.00469	0.00134	0.00200	0.00833	0.00370	0.00336
78	0.00887	0.00752	0.00927	0.00667	0.01019	0.00603	0.04657	0.06740	0.00905	0.02331	0.00737	0.00850	0.00599	0.00311	0.00311	0.00068	0.00323	0.00257	0.00247	0.76810
79	0.00636	0.00453	0.00628	0.00714	0.00801	0.00453	0.00618	0.00808	0.00895	0.01164	0.02054	0.04372	0.02237	0.05619	0.00626	0.00193	0.00366	0.76646	0.00358	0.00358
80	0.00483	0.00345	0.00460	0.00552	0.00575	0.00322	0.00368	0.00552	0.00759	0.01012	0.02185	0.85807	0.02622	0.01242	0.00506	0.00161	0.00230	0.01127	0.00368	0.00322
81	0.00577	0.00384	0.00432	0.00432	0.00432	0.00384	0.00240	0.00577	0.00577	0.00769	0.01249	0.02595	0.01441	0.86066	0.02018	0.00384	0.00384	0.00577	0.00240	0.00240
82	0.00555	0.00405	0.00522	0.00493	0.00589	0.00372	0.00369	0.00737	0.01108	0.01557	0.78292	0.03017	0.08853	0.00823	0.00468	0.00125	0.00188	0.00725	0.00432	0.00372
83	0.00749	0.00705	0.01189	0.85113	0.02731	0.00881	0.01101	0.01013	0.00793	0.01013	0.00705	0.01057	0.00529	0.00396	0.00396	0.00132	0.00529	0.00352	0.00176	0.00440
84	0.88866	0.00767	0.00583	0.00521	0.00767	0.00889	0.00429	0.01166	0.00675	0.01779	0.00552	0.00644	0.00429	0.00368	0.00245	0.00123	0.00307	0.00215	0.00245	0.00429
85	0.01060	0.86304	0.02078	0.00678	0.01018	0.01569	0.00678	0.01187	0.00806	0.00933	0.00551	0.00636	0.00509	0.00339	0.00254	0.00085	0.00424	0.00212	0.00170	0.00509
86	0.86234	0.00764	0.00593	0.00527	0.00774	0.00880	0.00434	0.01189	0.00689	0.04261	0.00583	0.00665	0.00446	0.00372	0.00250	0.00123	0.00308	0.00220	0.00253	0.00437
87	0.00559	0.00405	0.00527	0.00496	0.00591	0.00373	0.00372	0.00743	0.01116	0.01576	0.81241	0.02985	0.05892	0.00816	0.00468	0.00125	0.00187	0.00720	0.00435	0.00373
88	0.00470	0.00402	0.00404	0.00403	0.00537	0.00335	0.00303	0.00572	0.00908	0.01081	0.05494	0.03800	0.81948	0.01001	0.00469	0.00134	0.00201	0.00835	0.00369	0.00335
89	0.00483	0.00345	0.00460	0.00552	0.00575	0.00322	0.00368	0.00552	0.00759	0.01012	0.02185	0.85807	0.02622	0.01242	0.00506	0.00161	0.00230	0.01127	0.00368	0.00322
90	0.00559	0.00405	0.00527	0.00496	0.00591	0.00373	0.00372	0.00744	0.01117	0.01577	0.81441	0.02983	0.05691	0.00815	0.00468	0.00125	0.00187	0.00720	0.00435	0.00373
91	0.01507	0.01111	0.01190	0.00912	0.01230	0.01230	0.00754	0.82270	0.01864	0.02499	0.00952	0.00952	0.00674	0.00476	0.00397	0.00119	0.00436	0.00357	0.00397	0.00674
92	0.00812	0.00685	0.00801	0.00593	0.00916	0.00530	0.00469	0.03181	0.00845	0.01301	0.00839	0.08141	0.00765	0.00380	0.00315	0.00069	0.00292	0.00315	0.00251	0.78501
93	0.01893	0.00710	0.00787	0.00583	0.00906	0.03051	0.00462	0.00974	0.00836	0.01265	0.01007	0.02354	0.07745	0.00373	0.00313	0.00069	0.00298	0.00301	0.00248	0.75826
94	0.03768	0.00810	0.00812	0.00759	0.00933	0.10658	0.00618	0.18427	0.10456	0.01541	0.09532	0.04416	0.06788	0.00765	0.00453	0.00143	0.00384	0.27904	0.00360	0.00472

[dist]
# distance from previous block
# <min> <max>
0	177

# created by:
# /st0/software/busco_prod/Augustus/scripts/msa2prfl.pl ./align_prep/149193.fa
