[name]
unknown

[dist]
# distance from previous block
# <min> <max>
0	207

[block]
# block no. 0 follows, 64 sequences, length 56
# corresponding to MSA columns:
# 246-301
name=unknown_A
#
# <colnr> <probs for GDERKNQSTAVLIFYWHMCP>
#	G	D	E	R	K	N	Q	S	T	A	V	L	I	F	Y	W	H	M	C	P
0	0.00838	0.00792	0.01286	0.59628	0.08238	0.00984	0.02333	0.02637	0.00834	0.01111	0.00752	0.01155	0.00609	0.00483	0.00578	0.00146	0.14582	0.02338	0.00195	0.00479
1	0.17932	0.00799	0.01207	0.52096	0.18018	0.00937	0.01040	0.01134	0.00829	0.01276	0.00715	0.01007	0.00554	0.00401	0.00384	0.00134	0.00497	0.00341	0.00203	0.00497
2	0.01103	0.75761	0.03226	0.02801	0.01126	0.03186	0.00732	0.01305	0.05601	0.01029	0.00650	0.00734	0.00576	0.00371	0.00283	0.00094	0.00449	0.00242	0.00193	0.00539
3	0.23270	0.00595	0.00560	0.00567	0.00698	0.05384	0.00424	0.00848	0.00880	0.01362	0.12359	0.28427	0.18328	0.00900	0.00439	0.00145	0.00285	0.03791	0.00351	0.00386
4	0.00838	0.02041	0.76419	0.01164	0.01736	0.00972	0.01472	0.01290	0.00862	0.01298	0.00734	0.00878	0.00529	0.00412	0.00449	0.00133	0.05521	0.00309	0.00178	0.02763
5	0.01593	0.07215	0.01195	0.00971	0.01219	0.59471	0.00753	0.01714	0.01158	0.19622	0.00864	0.00894	0.00647	0.00443	0.00377	0.00111	0.00639	0.00299	0.00280	0.00536
6	0.01125	0.01741	0.59959	0.01058	0.01589	0.00864	0.01273	0.01516	0.00965	0.24464	0.00998	0.01029	0.00668	0.00428	0.00401	0.00131	0.00540	0.00338	0.00271	0.00640
7	0.00846	0.02072	0.77866	0.01274	0.07146	0.00966	0.01518	0.01313	0.00882	0.01318	0.00748	0.00887	0.00535	0.00393	0.00396	0.00131	0.00606	0.00311	0.00177	0.00617
8	0.00538	0.00428	0.00486	0.00486	0.00610	0.00376	0.00375	0.00678	0.01014	0.01293	0.26765	0.03810	0.51383	0.01003	0.00499	0.00143	0.00224	0.09118	0.00406	0.00366
9	0.01186	0.01013	0.02034	0.01605	0.10353	0.00944	0.54639	0.01482	0.01024	0.19870	0.01015	0.01177	0.00723	0.00389	0.00466	0.00136	0.00600	0.00461	0.00279	0.00604
10	0.00962	0.00562	0.00801	0.00872	0.06311	0.00540	0.00690	0.01150	0.01013	0.19816	0.03666	0.03669	0.01999	0.00946	0.00526	0.00171	0.00379	0.55049	0.00402	0.00474
11	0.00593	0.00445	0.00668	0.00668	0.00742	0.00519	0.00519	0.00742	0.00668	0.00964	0.01113	0.01632	0.01038	0.03115	0.83756	0.00668	0.01113	0.00445	0.00223	0.00371
12	0.00506	0.00370	0.00473	0.00556	0.00594	0.00340	0.00374	0.00581	0.00812	0.01064	0.02523	0.73044	0.13183	0.02766	0.00553	0.00169	0.00240	0.01131	0.00383	0.00338
13	0.01448	0.01098	0.01173	0.00929	0.01238	0.01227	0.00758	0.62345	0.21248	0.02406	0.01164	0.01130	0.00842	0.00514	0.00417	0.00129	0.00426	0.00397	0.00417	0.00695
14	0.01028	0.00987	0.01686	0.02550	0.82811	0.00987	0.01275	0.01275	0.00946	0.01357	0.00781	0.01028	0.00658	0.00370	0.00411	0.00123	0.00493	0.00370	0.00206	0.00658
15	0.00506	0.00361	0.00482	0.00578	0.00602	0.00337	0.00386	0.00578	0.00795	0.01060	0.02289	0.85131	0.02747	0.01301	0.00530	0.00169	0.00241	0.01181	0.00386	0.00337
16	0.00960	0.00938	0.01657	0.23559	0.53258	0.00977	0.10121	0.01226	0.00920	0.01278	0.00777	0.01059	0.00628	0.00380	0.00421	0.00129	0.00532	0.00383	0.00201	0.00596
17	0.01171	0.51352	0.16659	0.00848	0.01245	0.01428	0.00875	0.18093	0.01088	0.02770	0.00714	0.00787	0.00577	0.00395	0.00324	0.00105	0.00476	0.00273	0.00233	0.00587
18	0.00506	0.00361	0.00482	0.00578	0.00602	0.00337	0.00386	0.00578	0.00795	0.01060	0.02289	0.85131	0.02747	0.01301	0.00530	0.00169	0.00241	0.01181	0.00386	0.00337
19	0.00588	0.00425	0.00555	0.00523	0.00621	0.00392	0.00392	0.00784	0.01176	0.01666	0.82592	0.03103	0.03919	0.00849	0.00490	0.00131	0.00196	0.00751	0.00457	0.00392
20	0.00861	0.00738	0.00861	0.00615	0.00984	0.00554	0.00492	0.01046	0.00861	0.01354	0.00738	0.00861	0.00615	0.00308	0.00308	0.00062	0.00308	0.00246	0.00246	0.87941
21	0.00712	0.19726	0.00846	0.00520	0.00602	0.00680	0.00365	0.00747	0.00671	0.00861	0.01208	0.07693	0.01370	0.60570	0.01591	0.00316	0.00401	0.00556	0.00244	0.00321
22	0.00668	0.00490	0.00657	0.00735	0.00841	0.00490	0.00634	0.00893	0.04452	0.01253	0.02372	0.04483	0.10132	0.01113	0.00559	0.00184	0.00363	0.68904	0.00385	0.00391
23	0.00861	0.00738	0.00861	0.00615	0.00984	0.00554	0.00492	0.01046	0.00861	0.01354	0.00738	0.00861	0.00615	0.00308	0.00308	0.00062	0.00308	0.00246	0.00246	0.87941
24	0.00973	0.00931	0.01586	0.21106	0.64686	0.00972	0.01247	0.01226	0.00920	0.01290	0.00772	0.01046	0.00634	0.00380	0.00412	0.00127	0.00507	0.00370	0.00201	0.00613
25	0.01394	0.07261	0.01360	0.01382	0.19749	0.58243	0.00905	0.01534	0.01094	0.01091	0.00668	0.00809	0.00563	0.00415	0.00391	0.00111	0.02007	0.00289	0.00209	0.00525
26	0.00827	0.00782	0.01324	0.69952	0.16977	0.00934	0.01175	0.01099	0.00851	0.01113	0.00746	0.01093	0.00572	0.00407	0.00415	0.00136	0.00543	0.00369	0.00188	0.00496
27	0.00967	0.00927	0.01565	0.20532	0.60384	0.00989	0.01227	0.01212	0.00902	0.01271	0.00758	0.01039	0.00628	0.00401	0.00468	0.00130	0.05429	0.00369	0.00200	0.00603
28	0.00511	0.00378	0.00478	0.00545	0.00597	0.00345	0.00374	0.00600	0.00856	0.01125	0.09819	0.63430	0.16990	0.01217	0.00520	0.00160	0.00232	0.01089	0.00392	0.00345
29	0.01533	0.01141	0.01221	0.00946	0.01271	0.01267	0.00778	0.74748	0.08706	0.02544	0.01056	0.01044	0.00754	0.00504	0.00416	0.00126	0.00446	0.00382	0.00416	0.00702
30	0.01012	0.00971	0.01657	0.07953	0.77533	0.00983	0.01267	0.01261	0.00938	0.01337	0.00778	0.01033	0.00651	0.00373	0.00411	0.00124	0.00497	0.00370	0.00204	0.00645
31	0.00506	0.00361	0.00482	0.00578	0.00602	0.00337	0.00386	0.00578	0.00795	0.01060	0.02289	0.85131	0.02747	0.01301	0.00530	0.00169	0.00241	0.01181	0.00386	0.00337
32	0.00833	0.02149	0.83250	0.01184	0.01798	0.00965	0.01535	0.01315	0.00877	0.01315	0.00745	0.00877	0.00526	0.00395	0.00395	0.00132	0.00614	0.00307	0.00175	0.00614
33	0.00578	0.00424	0.00541	0.00512	0.00614	0.00388	0.00384	0.00764	0.01152	0.01609	0.74394	0.03196	0.12153	0.00870	0.00490	0.00132	0.00197	0.00764	0.00450	0.00388
34	0.00491	0.00421	0.00421	0.00421	0.00561	0.00351	0.00316	0.00596	0.00947	0.01122	0.04208	0.03997	0.82643	0.01052	0.00491	0.00140	0.00210	0.00877	0.00386	0.00351
35	0.00957	0.01201	0.10525	0.01617	0.02009	0.01067	0.63963	0.01291	0.00930	0.01291	0.00797	0.01071	0.00610	0.00398	0.00581	0.00144	0.10334	0.00457	0.00203	0.00554
36	0.00831	0.00806	0.01082	0.19852	0.01403	0.06536	0.00843	0.00982	0.00726	0.01004	0.00762	0.01155	0.00691	0.01337	0.25267	0.00309	0.35399	0.00382	0.00197	0.00433
37	0.00643	0.00437	0.00573	0.00532	0.00640	0.00401	0.00401	0.00837	0.01176	0.05177	0.79102	0.03030	0.03795	0.00835	0.00487	0.00131	0.00203	0.00737	0.00460	0.00406
38	0.00491	0.00421	0.00421	0.00421	0.00561	0.00351	0.00316	0.00596	0.00947	0.01122	0.04208	0.03997	0.82643	0.01052	0.00491	0.00140	0.00210	0.00877	0.00386	0.00351
39	0.01058	0.54827	0.25839	0.00884	0.01316	0.01381	0.03566	0.01301	0.00873	0.04628	0.00681	0.00775	0.00556	0.00374	0.00318	0.00105	0.00498	0.00264	0.00193	0.00565
40	0.00593	0.00445	0.00668	0.00668	0.00742	0.00519	0.00519	0.00742	0.00668	0.00964	0.01113	0.01632	0.01038	0.03115	0.83756	0.00668	0.01113	0.00445	0.00223	0.00371
41	0.00491	0.00421	0.00421	0.00421	0.00561	0.00351	0.00316	0.00596	0.00947	0.01122	0.04208	0.03997	0.82643	0.01052	0.00491	0.00140	0.00210	0.00877	0.00386	0.00351
42	0.00763	0.00386	0.00391	0.00395	0.00489	0.00385	0.00294	0.00951	0.00868	0.01528	0.01395	0.05152	0.01137	0.00519	0.00301	0.00100	0.00196	0.00421	0.83943	0.00385
43	0.01108	0.78621	0.04867	0.00740	0.01092	0.01591	0.00743	0.01252	0.00844	0.02403	0.00600	0.00694	0.00542	0.00371	0.00309	0.00094	0.03177	0.00233	0.00184	0.00536
44	0.00506	0.00361	0.00482	0.00578	0.00602	0.00337	0.00386	0.00578	0.00795	0.01060	0.02289	0.85131	0.02747	0.01301	0.00530	0.00169	0.00241	0.01181	0.00386	0.00337
45	0.00962	0.01248	0.12511	0.01680	0.02124	0.01040	0.71371	0.01329	0.00968	0.01329	0.00829	0.01090	0.00617	0.00356	0.00478	0.00139	0.00690	0.00467	0.00206	0.00567
46	0.01211	0.12372	0.04074	0.00872	0.01155	0.02415	0.00739	0.32210	0.27698	0.01864	0.01156	0.01181	0.00885	0.00739	0.08031	0.00176	0.01855	0.00387	0.00353	0.00626
47	0.01505	0.00881	0.09546	0.00809	0.01128	0.00726	0.00721	0.01911	0.17885	0.52296	0.01593	0.01602	0.01115	0.00554	0.00427	0.00136	0.00377	0.05671	0.00451	0.00666
48	0.00511	0.00365	0.00486	0.00575	0.00604	0.00341	0.00386	0.00590	0.00818	0.01096	0.06986	0.80333	0.02816	0.01275	0.00528	0.00166	0.00238	0.01156	0.00390	0.00341
49	0.00862	0.04749	0.73273	0.06029	0.01820	0.00994	0.01462	0.03786	0.00907	0.01330	0.00747	0.00887	0.00534	0.00398	0.00392	0.00130	0.00600	0.00310	0.00183	0.00605
50	0.09998	0.01317	0.16927	0.00926	0.01244	0.15947	0.02130	0.07014	0.28471	0.07492	0.03654	0.01181	0.00926	0.00486	0.00394	0.00129	0.00471	0.00376	0.00324	0.00593
51	0.00931	0.04976	0.01196	0.00975	0.01078	0.01151	0.02029	0.01312	0.21493	0.01205	0.00886	0.01105	0.00763	0.00783	0.05830	0.00189	0.49227	0.00386	0.00249	0.04237
52	0.02888	0.01041	0.00971	0.06278	0.01188	0.19494	0.00632	0.05910	0.02752	0.01347	0.00794	0.00990	0.00664	0.00386	0.00346	0.00088	0.00436	0.02748	0.00253	0.50793
53	0.01302	0.00979	0.14499	0.00807	0.01113	0.03058	0.00744	0.11654	0.03848	0.34048	0.14916	0.05167	0.03555	0.00598	0.00445	0.00131	0.01633	0.00490	0.00411	0.00602
54	0.00768	0.00627	0.03447	0.00741	0.02645	0.00570	0.04627	0.00960	0.01027	0.06787	0.38233	0.04132	0.07618	0.00753	0.00544	0.00134	0.07612	0.07851	0.00373	0.10551
55	0.10175	0.06580	0.07967	0.01104	0.06063	0.27844	0.08833	0.05780	0.04025	0.08275	0.02799	0.00968	0.00703	0.00454	0.00454	0.00124	0.06711	0.00336	0.00260	0.00544

[dist]
# distance from previous block
# <min> <max>
1	90

[block]
# block no. 1 follows, 64 sequences, length 12
# corresponding to MSA columns:
# 392-403
name=unknown_B
#
# <colnr> <probs for GDERKNQSTAVLIFYWHMCP>
#	G	D	E	R	K	N	Q	S	T	A	V	L	I	F	Y	W	H	M	C	P
0	0.05881	0.00974	0.02772	0.00920	0.01200	0.04052	0.08824	0.21004	0.25252	0.08499	0.03685	0.03148	0.03121	0.00545	0.00439	0.00132	0.02146	0.02288	0.00370	0.04747
1	0.01192	0.00928	0.01243	0.02459	0.10399	0.02274	0.09440	0.21461	0.11225	0.10670	0.06557	0.01331	0.01029	0.00495	0.00449	0.00124	0.03273	0.02271	0.00345	0.12834
2	0.02633	0.00909	0.01201	0.07445	0.04276	0.04106	0.12021	0.19003	0.08391	0.10121	0.06959	0.01454	0.07067	0.00510	0.00419	0.00122	0.00431	0.00443	0.00340	0.12149
3	0.03607	0.00933	0.01065	0.00827	0.01142	0.03456	0.03453	0.29646	0.08576	0.16953	0.03092	0.03085	0.00905	0.00479	0.00393	0.00113	0.00394	0.00385	0.00377	0.21118
4	0.01132	0.00894	0.01133	0.04668	0.01250	0.03766	0.09528	0.19424	0.08417	0.09757	0.03722	0.05222	0.04581	0.00515	0.00432	0.00117	0.02553	0.00436	0.00337	0.22116
5	0.00784	0.00738	0.01246	0.84404	0.02861	0.00923	0.01154	0.01061	0.00831	0.01061	0.00738	0.01107	0.00554	0.00415	0.00415	0.00138	0.00554	0.00369	0.00185	0.00461
6	0.00925	0.01012	0.02121	0.10169	0.02085	0.00978	0.63857	0.01267	0.02922	0.01295	0.00977	0.05785	0.00814	0.00441	0.00486	0.00143	0.00640	0.03321	0.00228	0.00534
7	0.00912	0.00768	0.00888	0.00639	0.01006	0.00605	0.00513	0.06671	0.00938	0.01442	0.00756	0.00871	0.00622	0.00321	0.00315	0.00066	0.00318	0.00255	0.00258	0.81837
8	0.00518	0.00370	0.00495	0.00591	0.00621	0.00347	0.00405	0.00598	0.00807	0.01073	0.02283	0.79497	0.02722	0.01291	0.00533	0.00170	0.00251	0.06702	0.00385	0.00341
9	0.43306	0.00808	0.02867	0.00794	0.01037	0.00842	0.13201	0.03318	0.03032	0.04112	0.04166	0.12848	0.03884	0.00574	0.00406	0.00139	0.03438	0.00467	0.00292	0.00470
10	0.00873	0.14185	0.00972	0.00649	0.00882	0.12300	0.00522	0.01032	0.01004	0.01316	0.26274	0.04661	0.07903	0.00590	0.00388	0.00103	0.00347	0.00481	0.00311	0.25206
11	0.00699	0.00600	0.00871	0.36555	0.01636	0.00687	0.00750	0.01014	0.12197	0.01159	0.01632	0.33527	0.05410	0.00806	0.00464	0.00150	0.00386	0.00719	0.00305	0.00436

[dist]
# distance from previous block
# <min> <max>
0	2

[block]
# block no. 2 follows, 64 sequences, length 12
# corresponding to MSA columns:
# 406-417
name=unknown_C
#
# <colnr> <probs for GDERKNQSTAVLIFYWHMCP>
#	G	D	E	R	K	N	Q	S	T	A	V	L	I	F	Y	W	H	M	C	P
0	0.01503	0.00891	0.00998	0.00811	0.01089	0.05359	0.00652	0.20930	0.16348	0.36742	0.05363	0.05066	0.01183	0.00566	0.00424	0.00131	0.00383	0.00458	0.00449	0.00654
1	0.01048	0.00756	0.00889	0.00669	0.01003	0.00640	0.00537	0.05419	0.09178	0.13402	0.04975	0.01128	0.00907	0.00400	0.00350	0.00086	0.00319	0.00325	0.00322	0.57647
2	0.01433	0.01538	0.01085	0.00965	0.01193	0.52000	0.00737	0.05654	0.17303	0.08569	0.04760	0.01089	0.00890	0.00486	0.00395	0.00118	0.00590	0.00349	0.00303	0.00543
3	0.03389	0.00872	0.00959	0.00831	0.01070	0.00984	0.00658	0.08891	0.56018	0.11953	0.04900	0.01499	0.01247	0.00566	0.00461	0.00139	0.04045	0.00456	0.00420	0.00643
4	0.05273	0.00640	0.00723	0.00750	0.07771	0.00642	0.00519	0.09228	0.13598	0.03082	0.05668	0.08044	0.40814	0.00825	0.00455	0.00138	0.00288	0.00691	0.00378	0.00474
5	0.03125	0.00586	0.00673	0.00634	0.00778	0.01782	0.00471	0.10205	0.06806	0.03267	0.17050	0.35842	0.07203	0.00908	0.00466	0.00140	0.00280	0.00794	0.00389	0.08599
6	0.05749	0.00865	0.01002	0.05897	0.02653	0.02400	0.00673	0.13160	0.21289	0.21101	0.01213	0.01191	0.00874	0.00472	0.00412	0.00119	0.02505	0.00373	0.00372	0.17679
7	0.11762	0.00940	0.00985	0.02053	0.03988	0.08695	0.02675	0.10562	0.19476	0.12240	0.04171	0.01267	0.03486	0.00483	0.00383	0.00118	0.00392	0.00383	0.00347	0.15594
8	0.07962	0.04037	0.02266	0.00819	0.01094	0.02879	0.03564	0.22732	0.22253	0.14384	0.05257	0.01399	0.03911	0.00531	0.00401	0.00128	0.00380	0.00426	0.04965	0.00612
9	0.01230	0.01031	0.05897	0.03753	0.02870	0.08054	0.02823	0.21651	0.14067	0.12634	0.06450	0.03010	0.01064	0.00636	0.03905	0.00150	0.03608	0.00422	0.01638	0.05106
10	0.01313	0.00883	0.00992	0.00818	0.01074	0.06951	0.03674	0.12267	0.21773	0.24840	0.05435	0.01479	0.02328	0.00540	0.00433	0.00127	0.02334	0.01543	0.07318	0.03878
11	0.01207	0.00871	0.01036	0.02240	0.01133	0.03291	0.05473	0.22426	0.15932	0.14120	0.08991	0.02932	0.04086	0.00558	0.00420	0.00124	0.00382	0.02092	0.02685	0.10000

[dist]
# distance from previous block
# <min> <max>
2	215

# created by:
# /st0/software/busco_prod/Augustus/scripts/msa2prfl.pl ./align_prep/149245.fa
