[name]
unknown

[dist]
# distance from previous block
# <min> <max>
1	36

[block]
# block no. 0 follows, 63 sequences, length 6
# corresponding to MSA columns:
# 36-41
name=unknown_A
#
# <colnr> <probs for GDERKNQSTAVLIFYWHMCP>
#	G	D	E	R	K	N	Q	S	T	A	V	L	I	F	Y	W	H	M	C	P
0	0.08232	0.09467	0.22248	0.00912	0.01241	0.15023	0.00893	0.03007	0.02590	0.12449	0.03918	0.01042	0.00779	0.00474	0.00465	0.00125	0.08516	0.00333	0.04955	0.03331
1	0.10375	0.30632	0.22386	0.00952	0.05618	0.06114	0.00920	0.04357	0.04182	0.05337	0.04903	0.00965	0.00770	0.00425	0.00347	0.00116	0.00480	0.00310	0.00241	0.00568
2	0.00745	0.09173	0.00846	0.00649	0.00816	0.00646	0.03492	0.01061	0.12869	0.03514	0.32248	0.07617	0.17602	0.00825	0.00469	0.00138	0.00285	0.06154	0.00398	0.00453
3	0.08553	0.01787	0.09438	0.01016	0.01289	0.59622	0.00838	0.01647	0.01123	0.09850	0.00763	0.00837	0.00587	0.00436	0.00376	0.00115	0.00666	0.00287	0.00249	0.00523
4	0.58249	0.05699	0.00721	0.00561	0.00810	0.00847	0.00461	0.01147	0.00813	0.01738	0.12048	0.01079	0.00992	0.00449	0.00300	0.00120	0.00308	0.00310	0.03593	0.09754
5	0.04557	0.39909	0.01533	0.02859	0.01100	0.04489	0.03678	0.04183	0.11986	0.06593	0.05734	0.09594	0.01106	0.00536	0.00363	0.00117	0.00413	0.00423	0.00288	0.00540

[dist]
# distance from previous block
# <min> <max>
2	12

[block]
# block no. 1 follows, 63 sequences, length 12
# corresponding to MSA columns:
# 54-65
name=unknown_B
#
# <colnr> <probs for GDERKNQSTAVLIFYWHMCP>
#	G	D	E	R	K	N	Q	S	T	A	V	L	I	F	Y	W	H	M	C	P
0	0.03433	0.00911	0.01476	0.01684	0.35674	0.00913	0.15093	0.09022	0.06427	0.01520	0.06657	0.08425	0.04037	0.00533	0.00443	0.00133	0.00461	0.00510	0.00286	0.02362
1	0.01277	0.01070	0.03254	0.01599	0.29875	0.05168	0.11164	0.18722	0.07372	0.12506	0.01061	0.03213	0.00813	0.00461	0.00430	0.00130	0.00496	0.00419	0.00317	0.00652
2	0.01049	0.08026	0.04621	0.01698	0.13723	0.01060	0.53671	0.01357	0.00977	0.06150	0.00872	0.01106	0.00665	0.00439	0.02537	0.00147	0.00644	0.00445	0.00227	0.00585
3	0.01084	0.01001	0.01628	0.07872	0.68472	0.01027	0.01229	0.09921	0.01060	0.01491	0.00811	0.01042	0.00664	0.00392	0.00417	0.00126	0.00500	0.00375	0.00230	0.00658
4	0.01032	0.10120	0.01729	0.08142	0.68157	0.01066	0.01220	0.01271	0.00938	0.01311	0.00765	0.01006	0.00645	0.00376	0.00401	0.00122	0.00498	0.00358	0.00204	0.00638
5	0.02589	0.00819	0.01175	0.00927	0.01199	0.00817	0.15256	0.13448	0.13988	0.21768	0.16889	0.04702	0.03298	0.00598	0.00454	0.00136	0.00395	0.00537	0.00412	0.00594
6	0.01510	0.00808	0.01104	0.01113	0.16576	0.00782	0.00751	0.06309	0.13470	0.46067	0.05904	0.01448	0.01149	0.00518	0.00426	0.00131	0.00378	0.00438	0.00438	0.00681
7	0.00970	0.00927	0.01579	0.25914	0.59821	0.00980	0.01255	0.01228	0.00924	0.01288	0.00778	0.01063	0.00636	0.00388	0.00417	0.00129	0.00517	0.00374	0.00202	0.00609
8	0.00817	0.00767	0.01034	0.00922	0.00950	0.03213	0.00744	0.00919	0.00665	0.00985	0.00789	0.01286	0.00782	0.08590	0.25689	0.00346	0.50469	0.00410	0.00203	0.00418
9	0.01161	0.78546	0.02119	0.00750	0.01097	0.08463	0.00727	0.01294	0.00882	0.00992	0.00590	0.00681	0.00540	0.00366	0.00279	0.00091	0.00475	0.00229	0.00183	0.00535
10	0.16609	0.10234	0.01251	0.00868	0.01194	0.01280	0.00731	0.58645	0.01636	0.02337	0.00890	0.00916	0.00651	0.00469	0.00376	0.00123	0.00437	0.00336	0.00367	0.00651
11	0.80893	0.00805	0.00648	0.00569	0.00835	0.00916	0.00469	0.01304	0.00757	0.08740	0.00676	0.00746	0.00505	0.00401	0.00274	0.00130	0.00328	0.00244	0.00282	0.00477

[dist]
# distance from previous block
# <min> <max>
0	1

[block]
# block no. 2 follows, 63 sequences, length 18
# corresponding to MSA columns:
# 67-84
name=unknown_C
#
# <colnr> <probs for GDERKNQSTAVLIFYWHMCP>
#	G	D	E	R	K	N	Q	S	T	A	V	L	I	F	Y	W	H	M	C	P
0	0.01677	0.00669	0.00908	0.00712	0.01001	0.00582	0.00582	0.01845	0.01201	0.69713	0.14761	0.01708	0.01516	0.00575	0.00435	0.00130	0.00332	0.00478	0.00511	0.00664
1	0.06387	0.00761	0.01010	0.00842	0.05162	0.00694	0.00653	0.06540	0.01210	0.69892	0.01521	0.01347	0.00972	0.00505	0.00414	0.00130	0.00369	0.00407	0.00485	0.00699
2	0.01124	0.85479	0.02203	0.00719	0.01079	0.01663	0.00719	0.01259	0.00854	0.00989	0.00584	0.00674	0.00539	0.00360	0.00270	0.00090	0.00450	0.00225	0.00180	0.00539
3	0.00512	0.00366	0.00488	0.00585	0.00610	0.00341	0.00390	0.00585	0.00805	0.01073	0.02317	0.84952	0.02780	0.01317	0.00537	0.00171	0.00244	0.01195	0.00390	0.00341
4	0.00843	0.02174	0.83048	0.01198	0.01819	0.00976	0.01553	0.01331	0.00888	0.01331	0.00754	0.00888	0.00533	0.00399	0.00399	0.00133	0.00621	0.00311	0.00178	0.00621
5	0.00951	0.00908	0.01545	0.32202	0.53681	0.00975	0.01246	0.01212	0.00915	0.01265	0.00775	0.01070	0.00628	0.00391	0.00418	0.00130	0.00522	0.00374	0.00200	0.00594
6	0.00590	0.00429	0.00555	0.00523	0.00625	0.00394	0.00393	0.00783	0.01178	0.01657	0.78255	0.03188	0.08112	0.00870	0.00496	0.00133	0.00199	0.00767	0.00459	0.00394
7	0.01046	0.00903	0.00951	0.00855	0.01093	0.01046	0.00665	0.02234	0.81845	0.01759	0.01711	0.01568	0.01283	0.00570	0.00428	0.00143	0.00333	0.00475	0.00428	0.00665
8	0.01124	0.85479	0.02203	0.00719	0.01079	0.01663	0.00719	0.01259	0.00854	0.00989	0.00584	0.00674	0.00539	0.00360	0.00270	0.00090	0.00450	0.00225	0.00180	0.00539
9	0.00609	0.00441	0.00646	0.00646	0.00709	0.00504	0.00489	0.00725	0.00661	0.00945	0.01122	0.01739	0.01079	0.11266	0.70489	0.05882	0.01008	0.00461	0.00226	0.00352
10	0.01663	0.00717	0.01000	0.00788	0.01088	0.00644	0.04019	0.01899	0.06025	0.65779	0.05709	0.01704	0.01265	0.00570	0.00439	0.00135	0.00365	0.05029	0.00491	0.00671
11	0.00843	0.02174	0.83048	0.01198	0.01819	0.00976	0.01553	0.01331	0.00888	0.01331	0.00754	0.00888	0.00533	0.00399	0.00399	0.00133	0.00621	0.00311	0.00178	0.00621
12	0.00843	0.02174	0.83048	0.01198	0.01819	0.00976	0.01553	0.01331	0.00888	0.01331	0.00754	0.00888	0.00533	0.00399	0.00399	0.00133	0.00621	0.00311	0.00178	0.00621
13	0.01056	0.01049	0.05676	0.02236	0.65341	0.01008	0.01210	0.06159	0.07397	0.01476	0.00908	0.01158	0.00751	0.00417	0.00420	0.00128	0.00488	0.02220	0.00241	0.00660
14	0.00843	0.02174	0.83048	0.01198	0.01819	0.00976	0.01553	0.01331	0.00888	0.01331	0.00754	0.00888	0.00533	0.00399	0.00399	0.00133	0.00621	0.00311	0.00178	0.00621
15	0.00501	0.00421	0.00435	0.00442	0.00573	0.00355	0.00328	0.00608	0.00954	0.01149	0.06714	0.10476	0.73451	0.01078	0.00500	0.00144	0.00215	0.00908	0.00393	0.00355
16	0.01282	0.00959	0.01068	0.00938	0.05798	0.02376	0.00702	0.49519	0.04468	0.03764	0.01315	0.11022	0.03772	0.06461	0.01815	0.00158	0.00429	0.00508	0.01711	0.01934
17	0.01463	0.01182	0.01214	0.01054	0.06129	0.11587	0.00804	0.44261	0.13355	0.08142	0.01075	0.01087	0.00788	0.00512	0.00472	0.00130	0.05327	0.00381	0.00377	0.00661

[dist]
# distance from previous block
# <min> <max>
2	19

[block]
# block no. 3 follows, 63 sequences, length 69
# corresponding to MSA columns:
# 104-172
name=unknown_D
#
# <colnr> <probs for GDERKNQSTAVLIFYWHMCP>
#	G	D	E	R	K	N	Q	S	T	A	V	L	I	F	Y	W	H	M	C	P
0	0.01480	0.01060	0.03668	0.01049	0.07803	0.01090	0.02342	0.50401	0.04482	0.14894	0.01128	0.01209	0.00828	0.05962	0.00533	0.00146	0.00450	0.00404	0.00397	0.00674
1	0.33085	0.03942	0.00911	0.00785	0.03642	0.17018	0.00603	0.17026	0.01106	0.01769	0.02976	0.00970	0.00719	0.00447	0.00332	0.00119	0.00424	0.00309	0.13305	0.00511
2	0.01886	0.00715	0.00976	0.00748	0.01073	0.00618	0.00618	0.02049	0.01203	0.82895	0.01658	0.01431	0.01041	0.00520	0.00423	0.00130	0.00358	0.00423	0.00520	0.00715
3	0.00657	0.00436	0.00571	0.00607	0.00697	0.00405	0.00461	0.00794	0.00970	0.06778	0.20241	0.34785	0.11685	0.01100	0.00525	0.00161	0.00269	0.18052	0.00414	0.00390
4	0.01365	0.01346	0.11240	0.01103	0.03983	0.11619	0.07119	0.39878	0.13025	0.03560	0.01026	0.01061	0.00751	0.00477	0.00420	0.00128	0.00519	0.00380	0.00345	0.00655
5	0.00717	0.00537	0.00798	0.00706	0.00864	0.00482	0.11736	0.00856	0.00938	0.09109	0.05372	0.27353	0.32382	0.03655	0.00555	0.00159	0.00316	0.02674	0.00376	0.00415
6	0.00526	0.00421	0.00434	0.00434	0.00540	0.00368	0.00303	0.00605	0.00869	0.01053	0.03501	0.03711	0.61550	0.22788	0.00921	0.00211	0.00263	0.00816	0.00355	0.00329
7	0.73987	0.02077	0.04593	0.00596	0.00871	0.00912	0.00518	0.01266	0.00774	0.06393	0.04323	0.00845	0.00651	0.00419	0.00287	0.00130	0.00337	0.00266	0.00279	0.00476
8	0.01191	0.59466	0.09480	0.00823	0.01181	0.13055	0.00807	0.03962	0.00949	0.03539	0.00663	0.00754	0.00567	0.00424	0.01509	0.00107	0.00516	0.00253	0.00204	0.00548
9	0.00895	0.00886	0.01609	0.47573	0.23091	0.00975	0.16534	0.01181	0.00899	0.01203	0.00778	0.01103	0.00602	0.00396	0.00434	0.00137	0.00573	0.00397	0.00197	0.00537
10	0.06709	0.00732	0.01179	0.74225	0.02634	0.00905	0.01078	0.01059	0.00823	0.01120	0.00775	0.03200	0.00614	0.00468	0.00445	0.02466	0.00531	0.00384	0.00197	0.00455
11	0.01422	0.03905	0.03696	0.01070	0.01306	0.63423	0.04732	0.04079	0.03721	0.01130	0.00851	0.02417	0.03300	0.00477	0.00418	0.00116	0.02867	0.00331	0.00235	0.00502
12	0.01014	0.01024	0.04372	0.08614	0.70692	0.00996	0.04560	0.01278	0.00948	0.01348	0.00789	0.01045	0.00652	0.00378	0.00419	0.00127	0.00517	0.00377	0.00206	0.00645
13	0.00917	0.06490	0.73176	0.01156	0.01745	0.00994	0.02546	0.01367	0.00904	0.05776	0.00796	0.00909	0.00562	0.00403	0.00395	0.00131	0.00599	0.00315	0.00197	0.00621
14	0.01507	0.06251	0.02406	0.00805	0.01870	0.09665	0.01449	0.01668	0.01125	0.48320	0.11812	0.03992	0.01340	0.00575	0.00475	0.00130	0.05121	0.00456	0.00424	0.00609
15	0.01408	0.01163	0.28021	0.00881	0.01274	0.00709	0.00904	0.01670	0.01060	0.48012	0.01424	0.09375	0.01042	0.00558	0.00426	0.00135	0.00434	0.00461	0.00394	0.00648
16	0.00924	0.05910	0.59254	0.03664	0.01610	0.00904	0.01279	0.01310	0.00907	0.09433	0.01007	0.10127	0.00830	0.00510	0.00411	0.00135	0.00543	0.00416	0.00235	0.00591
17	0.00979	0.00973	0.03764	0.21159	0.62284	0.00983	0.01269	0.01242	0.00929	0.01304	0.00780	0.01055	0.00638	0.00386	0.00417	0.00129	0.00517	0.00373	0.00202	0.00619
18	0.00711	0.00654	0.02602	0.03620	0.15914	0.00608	0.11116	0.00898	0.00940	0.01269	0.11704	0.27324	0.11216	0.00875	0.00498	0.00151	0.00373	0.08742	0.00332	0.00452
19	0.01692	0.00958	0.14114	0.00880	0.03866	0.00688	0.00789	0.01909	0.01145	0.67189	0.01486	0.01331	0.00947	0.00496	0.00419	0.00130	0.00404	0.00403	0.00455	0.00699
20	0.00970	0.00926	0.01572	0.21870	0.61866	0.00969	0.01239	0.01223	0.00930	0.01297	0.00859	0.01127	0.02491	0.00401	0.00419	0.00129	0.00507	0.00386	0.00207	0.00612
21	0.00843	0.02174	0.83048	0.01198	0.01819	0.00976	0.01553	0.01331	0.00888	0.01331	0.00754	0.00888	0.00533	0.00399	0.00399	0.00133	0.00621	0.00311	0.00178	0.00621
22	0.00950	0.00887	0.01469	0.18740	0.46599	0.00945	0.03730	0.03796	0.00968	0.01351	0.06954	0.01383	0.00968	0.00481	0.00488	0.00136	0.05210	0.04130	0.00237	0.00579
23	0.00851	0.04510	0.80782	0.01185	0.01799	0.00996	0.01530	0.01329	0.00887	0.01322	0.00750	0.00882	0.00533	0.00398	0.00396	0.00132	0.00616	0.00308	0.00178	0.00619
24	0.00512	0.00366	0.00488	0.00585	0.00610	0.00341	0.00390	0.00585	0.00805	0.01073	0.02317	0.84952	0.02780	0.01317	0.00537	0.00171	0.00244	0.01195	0.00390	0.00341
25	0.00862	0.00749	0.01406	0.01121	0.01351	0.00704	0.35003	0.03451	0.00954	0.07757	0.01596	0.38766	0.01657	0.00814	0.00507	0.00154	0.00461	0.01881	0.00325	0.00480
26	0.01022	0.00973	0.01655	0.02490	0.78530	0.00973	0.01260	0.01269	0.00958	0.01368	0.00862	0.01225	0.00753	0.00414	0.00424	0.00128	0.00494	0.04333	0.00217	0.00652
27	0.00568	0.00429	0.00525	0.00501	0.00612	0.00385	0.00376	0.00742	0.01127	0.01537	0.61303	0.03384	0.25138	0.00915	0.00496	0.00135	0.00202	0.00794	0.00443	0.00385
28	0.01331	0.01109	0.01467	0.01121	0.01420	0.03489	0.16712	0.44033	0.01469	0.03966	0.00920	0.02169	0.00702	0.00508	0.00571	0.00135	0.12841	0.00403	0.00332	0.05305
29	0.00531	0.00427	0.00474	0.00462	0.00589	0.00370	0.00347	0.00670	0.01040	0.01330	0.31840	0.03726	0.54731	0.00992	0.00496	0.00139	0.00208	0.00842	0.00416	0.00370
30	0.01053	0.01023	0.01650	0.07313	0.72788	0.04075	0.01254	0.02495	0.00971	0.01358	0.00784	0.01033	0.00655	0.00385	0.00425	0.00126	0.01386	0.00371	0.00210	0.00646
31	0.01040	0.00999	0.01706	0.02580	0.82604	0.00999	0.01290	0.01290	0.00957	0.01373	0.00791	0.01040	0.00666	0.00375	0.00416	0.00125	0.00499	0.00375	0.00208	0.00666
32	0.00941	0.16265	0.64150	0.01090	0.01647	0.01078	0.01354	0.01367	0.02332	0.04940	0.00783	0.00888	0.00570	0.00401	0.00379	0.00126	0.00575	0.00304	0.00198	0.00612
33	0.01101	0.78836	0.02117	0.00740	0.01073	0.01617	0.00726	0.01234	0.00838	0.00990	0.00595	0.00710	0.00552	0.00443	0.02183	0.00108	0.05188	0.00238	0.00181	0.00531
34	0.00555	0.00425	0.00508	0.00495	0.00605	0.00378	0.00368	0.00713	0.01084	0.01452	0.49520	0.08069	0.32384	0.00960	0.00498	0.00138	0.00206	0.00831	0.00432	0.00378
35	0.00980	0.43194	0.40560	0.00936	0.01412	0.01297	0.01102	0.01284	0.00871	0.01170	0.00690	0.00804	0.00553	0.00383	0.00332	0.00111	0.00523	0.00271	0.02954	0.00574
36	0.00526	0.00385	0.00523	0.04333	0.00712	0.00370	0.00424	0.00612	0.00818	0.01088	0.04112	0.78047	0.03957	0.01262	0.00530	0.00168	0.00257	0.01143	0.00383	0.00349
37	0.00502	0.00426	0.00434	0.00432	0.00571	0.00357	0.00324	0.00614	0.00971	0.01167	0.08651	0.03995	0.78021	0.01053	0.00497	0.00141	0.00212	0.00880	0.00394	0.00357
38	0.00620	0.00486	0.02425	0.00636	0.00745	0.00438	0.00527	0.00808	0.01053	0.01426	0.37355	0.08216	0.10144	0.01012	0.00530	0.00160	0.00287	0.32325	0.00416	0.00391
39	0.01857	0.01105	0.03680	0.21714	0.37631	0.14463	0.01093	0.02502	0.05511	0.01264	0.00833	0.01112	0.00689	0.04215	0.00487	0.00140	0.00544	0.00371	0.00222	0.00568
40	0.00855	0.02083	0.76850	0.01271	0.06155	0.00984	0.01525	0.01322	0.00886	0.01326	0.00752	0.00896	0.00540	0.00406	0.00422	0.00134	0.02477	0.00315	0.00179	0.00620
41	0.00624	0.00447	0.00610	0.00699	0.00775	0.00438	0.00572	0.00777	0.00917	0.01198	0.03472	0.26239	0.05223	0.03498	0.00607	0.00191	0.00340	0.52615	0.00386	0.00370
42	0.03238	0.01840	0.67233	0.01080	0.01593	0.00872	0.01332	0.01207	0.00869	0.01305	0.01005	0.14632	0.00898	0.00549	0.00418	0.00139	0.00551	0.00453	0.00215	0.00571
43	0.00514	0.00427	0.00450	0.00444	0.00578	0.00362	0.00333	0.00637	0.00999	0.01233	0.18054	0.03886	0.68577	0.01028	0.00497	0.00140	0.00210	0.00865	0.00403	0.00362
44	0.04109	0.01174	0.01166	0.00928	0.01238	0.09727	0.00753	0.53132	0.11471	0.08114	0.01084	0.01068	0.00779	0.00498	0.00410	0.00125	0.00462	0.00374	0.00398	0.02989
45	0.04772	0.00808	0.01317	0.61048	0.14804	0.00954	0.03366	0.01187	0.05412	0.01202	0.00804	0.01114	0.00615	0.00419	0.00415	0.00138	0.00532	0.00376	0.00208	0.00511
46	0.03486	0.01042	0.01053	0.00891	0.01143	0.12131	0.04066	0.20764	0.27949	0.06737	0.03955	0.04712	0.05527	0.00593	0.00437	0.00134	0.01119	0.01995	0.00382	0.01886
47	0.00794	0.00695	0.01120	0.04327	0.07275	0.00706	0.16566	0.01097	0.10976	0.03870	0.05950	0.30631	0.07272	0.00830	0.00535	0.00153	0.04551	0.01839	0.00336	0.00478
48	0.06739	0.00721	0.00955	0.00737	0.01058	0.00636	0.00609	0.02003	0.01176	0.78340	0.01598	0.01389	0.01008	0.00513	0.00414	0.00130	0.00356	0.00412	0.00506	0.00701
49	0.00843	0.02174	0.83048	0.01198	0.01819	0.00976	0.01553	0.01331	0.00888	0.01331	0.00754	0.00888	0.00533	0.00399	0.00399	0.00133	0.00621	0.00311	0.00178	0.00621
50	0.00898	0.00920	0.03640	0.44034	0.23791	0.00985	0.14745	0.01182	0.00892	0.01204	0.00770	0.01090	0.00600	0.00406	0.00461	0.00137	0.03114	0.00393	0.00196	0.00540
51	0.01039	0.00788	0.00888	0.00819	0.03434	0.00859	0.00617	0.04354	0.50335	0.09925	0.15014	0.01937	0.06879	0.00636	0.00442	0.00139	0.00315	0.00537	0.00434	0.00608
52	0.00512	0.00366	0.00488	0.00585	0.00610	0.00341	0.00390	0.00585	0.00805	0.01073	0.02317	0.84952	0.02780	0.01317	0.00537	0.00171	0.00244	0.01195	0.00390	0.00341
53	0.00794	0.00747	0.01261	0.84216	0.02895	0.00934	0.01167	0.01074	0.00841	0.01074	0.00747	0.01121	0.00560	0.00420	0.00420	0.00140	0.00560	0.00374	0.00187	0.00467
54	0.00831	0.02091	0.79111	0.01166	0.01763	0.00949	0.01498	0.01306	0.00902	0.01348	0.04650	0.00995	0.00696	0.00421	0.00404	0.00133	0.00601	0.00332	0.00191	0.00611
55	0.00996	0.01008	0.01400	0.01154	0.01254	0.07075	0.12148	0.05601	0.00813	0.01160	0.00671	0.00992	0.00607	0.00767	0.05336	0.00193	0.56200	0.00384	0.01756	0.00486
56	0.03903	0.00912	0.01315	0.29899	0.13606	0.01075	0.03539	0.18939	0.01076	0.01511	0.00798	0.01050	0.00627	0.00490	0.00589	0.00141	0.16019	0.00374	0.03587	0.00550
57	0.83490	0.00886	0.05058	0.00588	0.00867	0.00945	0.00514	0.01241	0.00725	0.01856	0.00594	0.00694	0.00459	0.00391	0.00268	0.00130	0.00341	0.00232	0.00256	0.00464
58	0.01240	0.50746	0.03025	0.00837	0.01139	0.29874	0.00743	0.01370	0.00977	0.01016	0.00808	0.00888	0.04951	0.00424	0.00322	0.00100	0.00546	0.00278	0.00204	0.00513
59	0.00631	0.00466	0.00577	0.00543	0.00656	0.00437	0.00408	0.05087	0.01179	0.01629	0.62958	0.08209	0.13844	0.00895	0.00494	0.00136	0.00217	0.00783	0.00447	0.00405
60	0.00593	0.00431	0.00565	0.00535	0.00633	0.00403	0.00402	0.00787	0.01158	0.01637	0.76498	0.03077	0.05324	0.00987	0.04970	0.00162	0.00249	0.00746	0.00449	0.00395
61	0.01259	0.03156	0.26388	0.01166	0.08224	0.15051	0.07568	0.01530	0.01032	0.22822	0.01080	0.05774	0.00823	0.00483	0.00415	0.00129	0.00541	0.00403	0.01554	0.00602
62	0.01812	0.00697	0.00949	0.00739	0.01048	0.00603	0.00606	0.01970	0.01182	0.78488	0.01694	0.05930	0.01134	0.00563	0.00429	0.00132	0.00352	0.00464	0.00513	0.00695
63	0.00512	0.00367	0.00486	0.00581	0.00609	0.00342	0.00388	0.00586	0.00809	0.01075	0.02367	0.82852	0.04848	0.01310	0.00536	0.00170	0.00243	0.01187	0.00390	0.00342
64	0.00769	0.00919	0.16333	0.01011	0.13638	0.00671	0.03178	0.01090	0.08576	0.03934	0.11688	0.04038	0.31007	0.00728	0.00458	0.00137	0.00364	0.00625	0.00333	0.00505
65	0.01477	0.00924	0.01091	0.02100	0.01189	0.05527	0.04997	0.15178	0.22530	0.34242	0.01435	0.01398	0.01015	0.04316	0.00502	0.00145	0.00415	0.00432	0.00429	0.00657
66	0.00567	0.00462	0.00517	0.00590	0.00641	0.04825	0.00403	0.00647	0.00847	0.01080	0.02500	0.69038	0.13862	0.01234	0.00522	0.00163	0.00267	0.01102	0.00381	0.00351
67	0.00915	0.00818	0.00815	0.00751	0.00952	0.05285	0.00576	0.01725	0.53466	0.01549	0.04886	0.05861	0.19210	0.00714	0.00447	0.00142	0.00321	0.00596	0.00408	0.00564
68	0.01322	0.13988	0.04472	0.04787	0.05879	0.35579	0.03368	0.07984	0.01133	0.07789	0.02481	0.05554	0.00841	0.00502	0.00394	0.00119	0.00577	0.02427	0.00267	0.00537

[dist]
# distance from previous block
# <min> <max>
0	255

# created by:
# /st0/software/busco_prod/Augustus/scripts/msa2prfl.pl ./align_prep/149477.fa
