[name]
unknown

[dist]
# distance from previous block
# <min> <max>
0	42

[block]
# block no. 0 follows, 65 sequences, length 73
# corresponding to MSA columns:
# 47-85,88-113,115-122
name=unknown_A
#
# <colnr> <probs for GDERKNQSTAVLIFYWHMCP>
#	G	D	E	R	K	N	Q	S	T	A	V	L	I	F	Y	W	H	M	C	P
0	0.49220	0.00688	0.00654	0.00575	0.00797	0.00744	0.00462	0.01255	0.05030	0.13159	0.22023	0.01433	0.01451	0.00526	0.00344	0.00128	0.00290	0.00396	0.00349	0.00476
1	0.01016	0.00975	0.01666	0.02520	0.83013	0.00975	0.01260	0.01260	0.00935	0.01341	0.00772	0.01016	0.00650	0.00366	0.00406	0.00122	0.00488	0.00366	0.00203	0.00650
2	0.00568	0.00415	0.00533	0.00513	0.00607	0.00380	0.00381	0.00745	0.01116	0.01560	0.70789	0.09381	0.09700	0.00888	0.00487	0.00133	0.00198	0.00784	0.00441	0.00380
3	0.01002	0.00961	0.01641	0.07353	0.78290	0.00972	0.01253	0.01247	0.00928	0.01324	0.00770	0.01021	0.00644	0.00368	0.00407	0.00123	0.00491	0.00366	0.00202	0.00639
4	0.00765	0.00383	0.00383	0.00383	0.00478	0.00383	0.00287	0.00956	0.00861	0.01530	0.01339	0.01530	0.01052	0.00478	0.00287	0.00096	0.00191	0.00383	0.87853	0.00383
5	0.01494	0.01072	0.01168	0.00911	0.01221	0.01182	0.00748	0.67296	0.08183	0.07204	0.01082	0.01079	0.00774	0.00607	0.03897	0.00147	0.00463	0.00383	0.00409	0.00680
6	0.00891	0.19886	0.62128	0.01054	0.01588	0.01099	0.01301	0.01328	0.04813	0.01249	0.00747	0.00855	0.00557	0.00390	0.00364	0.00121	0.00557	0.00293	0.00186	0.00592
7	0.00500	0.00357	0.00476	0.00572	0.00595	0.00333	0.00381	0.00572	0.00786	0.01048	0.02262	0.85306	0.02715	0.01286	0.00524	0.00167	0.00238	0.01167	0.00381	0.00333
8	0.00775	0.00730	0.01231	0.84587	0.02827	0.00912	0.01140	0.01049	0.00821	0.01049	0.00730	0.01094	0.00547	0.00410	0.00410	0.00137	0.00547	0.00365	0.00182	0.00456
9	0.00994	0.00874	0.01069	0.02598	0.14235	0.00975	0.02849	0.03735	0.58689	0.01613	0.01532	0.05703	0.02169	0.00560	0.00424	0.00137	0.00362	0.00485	0.00371	0.00625
10	0.01012	0.00971	0.01659	0.03833	0.81730	0.00974	0.01258	0.01256	0.00933	0.01336	0.00771	0.01017	0.00649	0.00366	0.00406	0.00122	0.00489	0.00366	0.00203	0.00647
11	0.01088	0.83068	0.04825	0.00718	0.01077	0.01602	0.00729	0.01231	0.00835	0.00977	0.00576	0.00665	0.00527	0.00352	0.00268	0.00089	0.00444	0.00222	0.00176	0.00529
12	0.01010	0.00970	0.01656	0.04418	0.81158	0.00974	0.01257	0.01255	0.00932	0.01334	0.00771	0.01018	0.00648	0.00367	0.00406	0.00122	0.00489	0.00366	0.00203	0.00646
13	0.01023	0.01096	0.07064	0.04600	0.71183	0.05271	0.01249	0.01276	0.00939	0.01313	0.00761	0.00994	0.00632	0.00372	0.00404	0.00122	0.00510	0.00356	0.00201	0.00633
14	0.00880	0.09691	0.69823	0.01100	0.01657	0.01017	0.01377	0.05363	0.00925	0.01343	0.02722	0.00907	0.00611	0.00403	0.00382	0.00126	0.00573	0.00310	0.00192	0.00599
15	0.00500	0.00357	0.00476	0.00572	0.00595	0.00333	0.00381	0.00572	0.00786	0.01048	0.02262	0.85306	0.02715	0.01286	0.00524	0.00167	0.00238	0.01167	0.00381	0.00333
16	0.00726	0.00676	0.06076	0.00730	0.00873	0.00632	0.03319	0.02099	0.25794	0.01278	0.01816	0.38649	0.01891	0.09475	0.00640	0.00179	0.00328	0.04006	0.00360	0.00453
17	0.01010	0.00969	0.01656	0.04507	0.81071	0.00974	0.01257	0.01255	0.00932	0.01334	0.00771	0.01018	0.00648	0.00367	0.00406	0.00122	0.00489	0.00366	0.00203	0.00646
18	0.06103	0.01058	0.02234	0.01612	0.02001	0.01002	0.73361	0.01277	0.00945	0.01335	0.00875	0.04595	0.00700	0.00387	0.00473	0.00139	0.00651	0.00497	0.00218	0.00538
19	0.00506	0.00362	0.00482	0.00567	0.00597	0.00337	0.00382	0.00587	0.00814	0.01093	0.08298	0.79143	0.02802	0.01253	0.00521	0.00164	0.00235	0.01135	0.00386	0.00337
20	0.00998	0.26908	0.39450	0.00954	0.01381	0.04591	0.01071	0.01340	0.04975	0.06027	0.02694	0.02239	0.00701	0.00435	0.00405	0.00120	0.04607	0.00318	0.00218	0.00568
21	0.02241	0.15554	0.62689	0.01097	0.01633	0.01051	0.05454	0.01272	0.00867	0.01256	0.01807	0.01937	0.00597	0.00399	0.00375	0.00124	0.00569	0.00314	0.00183	0.00582
22	0.00500	0.00357	0.00476	0.00572	0.00595	0.00333	0.00381	0.00572	0.00786	0.01048	0.02262	0.85306	0.02715	0.01286	0.00524	0.00167	0.00238	0.01167	0.00381	0.00333
23	0.01013	0.00983	0.01711	0.02473	0.78250	0.00979	0.05987	0.01263	0.00937	0.01340	0.00776	0.01021	0.00649	0.00365	0.00411	0.00123	0.00500	0.00373	0.00203	0.00645
24	0.01027	0.00949	0.01057	0.00945	0.03058	0.06347	0.06880	0.01985	0.64854	0.01601	0.01570	0.01530	0.02899	0.00583	0.01657	0.00145	0.00393	0.01525	0.00379	0.00617
25	0.00823	0.02123	0.83447	0.01170	0.01777	0.00953	0.01517	0.01300	0.00867	0.01300	0.00737	0.00867	0.00520	0.00390	0.00390	0.00130	0.00607	0.00303	0.00173	0.00607
26	0.00499	0.00360	0.00473	0.00564	0.00593	0.00334	0.00378	0.00572	0.00793	0.01051	0.02355	0.81355	0.06607	0.01274	0.00522	0.00165	0.00237	0.01152	0.00381	0.00334
27	0.01016	0.00783	0.00858	0.00785	0.00984	0.02072	0.00609	0.08946	0.47323	0.07662	0.01733	0.17792	0.01522	0.00720	0.00445	0.00145	0.00331	0.05284	0.00411	0.00578
28	0.04969	0.01615	0.01173	0.01017	0.01259	0.54250	0.04126	0.14782	0.09351	0.01390	0.01811	0.00900	0.00670	0.00448	0.00383	0.00114	0.00626	0.00315	0.00269	0.00531
29	0.00500	0.00357	0.00476	0.00572	0.00595	0.00333	0.00381	0.00572	0.00786	0.01048	0.02262	0.85306	0.02715	0.01286	0.00524	0.00167	0.00238	0.01167	0.00381	0.00333
30	0.00775	0.00730	0.01231	0.84587	0.02827	0.00912	0.01140	0.01049	0.00821	0.01049	0.00730	0.01094	0.00547	0.00410	0.00410	0.00137	0.00547	0.00365	0.00182	0.00456
31	0.00581	0.00420	0.00549	0.00516	0.00613	0.00387	0.00387	0.00775	0.01162	0.01646	0.82797	0.03066	0.03873	0.00839	0.00484	0.00129	0.00194	0.00742	0.00452	0.00387
32	0.01821	0.00731	0.00973	0.00746	0.01064	0.00652	0.00616	0.07750	0.01229	0.77471	0.01574	0.01367	0.00993	0.00507	0.00413	0.00127	0.00357	0.00410	0.00501	0.00699
33	0.01016	0.00975	0.01666	0.02520	0.83013	0.00975	0.01260	0.01260	0.00935	0.01341	0.00772	0.01016	0.00650	0.00366	0.00406	0.00122	0.00488	0.00366	0.00203	0.00650
34	0.00576	0.00419	0.00542	0.00512	0.00610	0.00385	0.00384	0.00766	0.01151	0.01620	0.78978	0.03109	0.07709	0.00849	0.00484	0.00130	0.00194	0.00748	0.00448	0.00385
35	0.01021	0.00882	0.00928	0.00835	0.01067	0.01021	0.00650	0.02181	0.82272	0.01717	0.01671	0.01532	0.01253	0.00557	0.00418	0.00139	0.00325	0.00464	0.00418	0.00650
36	0.88473	0.00794	0.00603	0.00540	0.00794	0.00921	0.00445	0.01207	0.00699	0.01842	0.00572	0.00667	0.00445	0.00381	0.00254	0.00127	0.00318	0.00222	0.00254	0.00445
37	0.88473	0.00794	0.00603	0.00540	0.00794	0.00921	0.00445	0.01207	0.00699	0.01842	0.00572	0.00667	0.00445	0.00381	0.00254	0.00127	0.00318	0.00222	0.00254	0.00445
38	0.01622	0.00694	0.00912	0.00721	0.01010	0.00630	0.00587	0.01897	0.10292	0.65665	0.08966	0.01556	0.01296	0.00541	0.00418	0.00128	0.00332	0.00446	0.00489	0.01796
39	0.01504	0.00709	0.00918	0.00689	0.01022	0.00584	0.00563	0.01671	0.01064	0.55343	0.01316	0.01211	0.00877	0.00438	0.00376	0.00104	0.00334	0.00355	0.00418	0.30504
40	0.01574	0.01128	0.01218	0.00934	0.01262	0.01240	0.00772	0.77777	0.01893	0.06507	0.01016	0.01006	0.00714	0.00494	0.00411	0.00123	0.00447	0.00372	0.00415	0.00698
41	0.01016	0.00975	0.01666	0.02520	0.83013	0.00975	0.01260	0.01260	0.00935	0.01341	0.00772	0.01016	0.00650	0.00366	0.00406	0.00122	0.00488	0.00366	0.00203	0.00650
42	0.00499	0.00361	0.00473	0.00562	0.00593	0.00334	0.00377	0.00573	0.00795	0.01051	0.02374	0.80514	0.07435	0.01272	0.00522	0.00165	0.00236	0.01149	0.00381	0.00334
43	0.01584	0.01112	0.01209	0.00927	0.01254	0.01217	0.00766	0.75025	0.01867	0.09296	0.01038	0.01020	0.00725	0.00494	0.00411	0.00124	0.00443	0.00373	0.00419	0.00698
44	0.00990	0.00948	0.01618	0.11523	0.74216	0.00968	0.01247	0.01237	0.00922	0.01309	0.00767	0.01025	0.00639	0.00371	0.00407	0.00124	0.00494	0.00366	0.00201	0.00629
45	0.00485	0.00416	0.00416	0.00416	0.00554	0.00347	0.00312	0.00589	0.00936	0.01109	0.04158	0.03950	0.82847	0.01040	0.00485	0.00139	0.00208	0.00866	0.00381	0.00347
46	0.00797	0.00747	0.01259	0.76031	0.10035	0.00911	0.01139	0.01067	0.00832	0.01082	0.00742	0.01093	0.00563	0.00407	0.00408	0.00135	0.00537	0.00365	0.01377	0.00473
47	0.00641	0.05475	0.00661	0.00538	0.00659	0.00489	0.00416	0.03563	0.01159	0.01616	0.71870	0.02890	0.06863	0.00807	0.00469	0.00127	0.00218	0.00704	0.00431	0.00404
48	0.00581	0.00420	0.00549	0.00516	0.00613	0.00387	0.00387	0.00775	0.01162	0.01646	0.82797	0.03066	0.03873	0.00839	0.00484	0.00129	0.00194	0.00742	0.00452	0.00387
49	0.00775	0.00730	0.01231	0.84587	0.02827	0.00912	0.01140	0.01049	0.00821	0.01049	0.00730	0.01094	0.00547	0.00410	0.00410	0.00137	0.00547	0.00365	0.00182	0.00456
50	0.01016	0.00975	0.01666	0.02520	0.83013	0.00975	0.01260	0.01260	0.00935	0.01341	0.00772	0.01016	0.00650	0.00366	0.00406	0.00122	0.00488	0.00366	0.00203	0.00650
51	0.01830	0.00717	0.00964	0.00739	0.01057	0.00631	0.00611	0.05324	0.01206	0.79930	0.01593	0.01380	0.01003	0.00507	0.00413	0.00127	0.00354	0.00411	0.00504	0.00699
52	0.00485	0.00416	0.00416	0.00416	0.00554	0.00347	0.00312	0.00589	0.00936	0.01109	0.04158	0.03950	0.82847	0.01040	0.00485	0.00139	0.00208	0.00866	0.00381	0.00347
53	0.01742	0.00673	0.00917	0.00719	0.01014	0.00583	0.00587	0.01895	0.01146	0.77213	0.01667	0.07605	0.01142	0.00566	0.00421	0.00130	0.00341	0.00469	0.00499	0.00672
54	0.00775	0.00730	0.01231	0.84587	0.02827	0.00912	0.01140	0.01049	0.00821	0.01049	0.00730	0.01094	0.00547	0.00410	0.00410	0.00137	0.00547	0.00365	0.00182	0.00456
55	0.00639	0.00451	0.00566	0.00529	0.00640	0.00427	0.00399	0.00885	0.05915	0.03367	0.68863	0.02899	0.06810	0.00806	0.00469	0.00128	0.00205	0.00706	0.04889	0.00407
56	0.00604	0.00463	0.00654	0.00657	0.00725	0.01709	0.00505	0.00738	0.00678	0.00958	0.01190	0.05826	0.01169	0.08199	0.69201	0.00587	0.02327	0.03215	0.00234	0.00361
57	0.00495	0.00416	0.00429	0.00426	0.00560	0.00351	0.00319	0.00608	0.00958	0.01162	0.11973	0.03863	0.74999	0.01020	0.00485	0.00138	0.00207	0.00854	0.00388	0.00351
58	0.00565	0.00419	0.00526	0.00499	0.00603	0.00380	0.00374	0.00743	0.01123	0.01554	0.69351	0.03217	0.17376	0.00873	0.00484	0.00131	0.00196	0.00764	0.00440	0.00380
59	0.00641	0.00464	0.00645	0.00725	0.00818	0.00467	0.00622	0.00819	0.00912	0.01190	0.02168	0.06157	0.06325	0.01329	0.08988	0.00233	0.00439	0.66322	0.00362	0.00374
60	0.01017	0.01096	0.01240	0.01074	0.01113	0.16684	0.00878	0.01109	0.00728	0.00991	0.00557	0.00869	0.00537	0.00663	0.01165	0.00166	0.69132	0.00342	0.00186	0.00454
61	0.00971	0.01106	0.03487	0.01657	0.02061	0.01036	0.74472	0.01378	0.06890	0.01344	0.00890	0.01135	0.00667	0.00362	0.00478	0.00138	0.00664	0.00480	0.00222	0.00561
62	0.01003	0.00959	0.01628	0.04217	0.78672	0.00966	0.01235	0.01259	0.02086	0.01333	0.00790	0.01036	0.00663	0.00418	0.01888	0.00132	0.00497	0.00368	0.00206	0.00641
63	0.00943	0.01022	0.02102	0.01547	0.01912	0.00979	0.65658	0.01350	0.08700	0.01344	0.01046	0.01504	0.00859	0.00446	0.00486	0.00144	0.00625	0.08543	0.00245	0.00545
64	0.01016	0.00975	0.01666	0.02520	0.83013	0.00975	0.01260	0.01260	0.00935	0.01341	0.00772	0.01016	0.00650	0.00366	0.00406	0.00122	0.00488	0.00366	0.00203	0.00650
65	0.04204	0.03037	0.68595	0.01075	0.01607	0.00901	0.02407	0.01251	0.00895	0.02400	0.09033	0.01088	0.00864	0.00435	0.00394	0.00129	0.00549	0.00347	0.00209	0.00578
66	0.01549	0.01892	0.01153	0.01041	0.01258	0.79692	0.00783	0.01657	0.01164	0.05186	0.00685	0.00774	0.00554	0.00427	0.00372	0.00107	0.00720	0.00272	0.00227	0.00487
67	0.00507	0.00362	0.00483	0.00574	0.00602	0.00338	0.00388	0.00585	0.00802	0.01073	0.05019	0.80620	0.02746	0.01267	0.00524	0.00166	0.00240	0.02985	0.00383	0.00336
68	0.00783	0.00738	0.01246	0.81777	0.05573	0.00914	0.01144	0.01056	0.00825	0.01059	0.00731	0.01092	0.00551	0.00409	0.00410	0.00136	0.00545	0.00365	0.00183	0.00463
69	0.00943	0.00937	0.01273	0.03259	0.48635	0.11897	0.00960	0.01123	0.00923	0.01213	0.01151	0.23503	0.01184	0.00620	0.00433	0.00132	0.00456	0.00566	0.00251	0.00539
70	0.00559	0.00424	0.00557	0.00593	0.00628	0.00439	0.00416	0.00643	0.00795	0.01081	0.11199	0.51142	0.06509	0.10798	0.04484	0.00210	0.07898	0.00934	0.00349	0.00342
71	0.00592	0.00435	0.00603	0.00600	0.00653	0.00489	0.00439	0.00695	0.00648	0.00912	0.01216	0.01962	0.03047	0.26627	0.57171	0.00565	0.02287	0.00493	0.00231	0.00334
72	0.01001	0.00960	0.01639	0.07574	0.78075	0.00971	0.01252	0.01247	0.00928	0.01323	0.00770	0.01021	0.00644	0.00368	0.00407	0.00123	0.00491	0.00366	0.00202	0.00638

[dist]
# distance from previous block
# <min> <max>
2	4

[block]
# block no. 1 follows, 65 sequences, length 47
# corresponding to MSA columns:
# 128-174
name=unknown_B
#
# <colnr> <probs for GDERKNQSTAVLIFYWHMCP>
#	G	D	E	R	K	N	Q	S	T	A	V	L	I	F	Y	W	H	M	C	P
0	0.01008	0.00967	0.01652	0.05174	0.80420	0.00973	0.01256	0.01253	0.00931	0.01332	0.00771	0.01018	0.00647	0.00367	0.00407	0.00122	0.00490	0.00366	0.00203	0.00644
1	0.00584	0.00434	0.00639	0.00642	0.00708	0.00499	0.00490	0.00718	0.00659	0.00945	0.01151	0.04396	0.01114	0.08916	0.75399	0.00625	0.01022	0.00475	0.00227	0.00357
2	0.00983	0.00935	0.01583	0.02373	0.77062	0.00932	0.01195	0.01221	0.00947	0.01353	0.05278	0.01180	0.02306	0.00404	0.00412	0.00123	0.00467	0.00395	0.00220	0.00630
3	0.00851	0.00730	0.00851	0.00608	0.00973	0.00547	0.00486	0.01034	0.00851	0.01338	0.00730	0.00851	0.00608	0.00304	0.00304	0.00061	0.00304	0.00243	0.00243	0.88083
4	0.00500	0.00357	0.00476	0.00572	0.00595	0.00333	0.00381	0.00572	0.00786	0.01048	0.02262	0.85306	0.02715	0.01286	0.00524	0.00167	0.00238	0.01167	0.00381	0.00333
5	0.01097	0.85821	0.02151	0.00702	0.01054	0.01624	0.00702	0.01229	0.00834	0.00966	0.00571	0.00658	0.00527	0.00351	0.00263	0.00088	0.00439	0.00219	0.00176	0.00527
6	0.00500	0.00359	0.00475	0.00568	0.00594	0.00334	0.00379	0.00572	0.00789	0.01049	0.02305	0.83472	0.04521	0.01280	0.00523	0.00166	0.00237	0.01160	0.00381	0.00334
7	0.00775	0.00730	0.01231	0.84587	0.02827	0.00912	0.01140	0.01049	0.00821	0.01049	0.00730	0.01094	0.00547	0.00410	0.00410	0.00137	0.00547	0.00365	0.00182	0.00456
8	0.00887	0.00749	0.00927	0.04067	0.06776	0.00603	0.00573	0.01098	0.02643	0.03279	0.00774	0.00900	0.00632	0.00323	0.00320	0.00071	0.00328	0.00265	0.00248	0.74536
9	0.01010	0.00970	0.01656	0.04400	0.81176	0.00974	0.01257	0.01255	0.00932	0.01334	0.00771	0.01018	0.00648	0.00367	0.00406	0.00122	0.00489	0.00366	0.00203	0.00646
10	0.00975	0.00928	0.01577	0.06915	0.74113	0.00937	0.01205	0.01211	0.00920	0.01309	0.00851	0.05625	0.00757	0.00418	0.00413	0.00125	0.00477	0.00409	0.00212	0.00622
11	0.01021	0.00882	0.00928	0.00835	0.01067	0.01021	0.00650	0.02181	0.82272	0.01717	0.01671	0.01532	0.01253	0.00557	0.00418	0.00139	0.00325	0.00464	0.00418	0.00650
12	0.00775	0.00730	0.01231	0.84587	0.02827	0.00912	0.01140	0.01049	0.00821	0.01049	0.00730	0.01094	0.00547	0.00410	0.00410	0.00137	0.00547	0.00365	0.00182	0.00456
13	0.01833	0.00713	0.00962	0.00737	0.01055	0.00625	0.00609	0.04579	0.01199	0.80685	0.01599	0.01384	0.01006	0.00508	0.00413	0.00127	0.00353	0.00411	0.00505	0.00699
14	0.00578	0.00455	0.00580	0.00675	0.05166	0.00421	0.00494	0.00714	0.00917	0.01164	0.04995	0.18854	0.34986	0.01074	0.00515	0.00159	0.00285	0.27223	0.00372	0.00372
15	0.00775	0.00730	0.01231	0.84587	0.02827	0.00912	0.01140	0.01049	0.00821	0.01049	0.00730	0.01094	0.00547	0.00410	0.00410	0.00137	0.00547	0.00365	0.00182	0.00456
16	0.00850	0.00807	0.01363	0.58340	0.26969	0.00937	0.01172	0.01111	0.00852	0.01136	0.00739	0.01067	0.00578	0.00402	0.00426	0.00133	0.02049	0.00365	0.00189	0.00514
17	0.01518	0.00738	0.01111	0.05813	0.13346	0.00680	0.04376	0.01707	0.01104	0.56075	0.06196	0.01481	0.01116	0.00508	0.00423	0.00129	0.00388	0.02222	0.00424	0.00645
18	0.00500	0.00357	0.00476	0.00572	0.00595	0.00333	0.00381	0.00572	0.00786	0.01048	0.02262	0.85306	0.02715	0.01286	0.00524	0.00167	0.00238	0.01167	0.00381	0.00333
19	0.01266	0.01003	0.01066	0.00885	0.01161	0.01135	0.00709	0.38221	0.45833	0.02112	0.01360	0.01284	0.01001	0.00528	0.00414	0.00132	0.00382	0.00421	0.00414	0.00672
20	0.00943	0.00920	0.04493	0.03192	0.40514	0.00811	0.04204	0.03005	0.00917	0.01352	0.00768	0.00965	0.00635	0.00403	0.02107	0.00111	0.00444	0.00323	0.00222	0.33669
21	0.00864	0.00797	0.01147	0.20700	0.03544	0.01036	0.00878	0.06434	0.00773	0.01106	0.00726	0.01127	0.00660	0.04921	0.11394	0.00234	0.42617	0.00383	0.00205	0.00453
22	0.00913	0.19931	0.48802	0.01188	0.01699	0.01116	0.18265	0.01288	0.00881	0.01231	0.00721	0.00873	0.00543	0.00372	0.00383	0.00123	0.00589	0.00324	0.00181	0.00578
23	0.01481	0.00768	0.01118	0.05589	0.09051	0.00729	0.06222	0.08717	0.02800	0.49031	0.02742	0.07652	0.01080	0.00542	0.00426	0.00131	0.00394	0.00470	0.00420	0.00637
24	0.06321	0.01230	0.01273	0.17514	0.21836	0.25746	0.00947	0.14896	0.01143	0.04160	0.00775	0.00936	0.00602	0.00419	0.00388	0.00121	0.00554	0.00329	0.00250	0.00558
25	0.00664	0.00574	0.00830	0.30154	0.08474	0.00604	0.00699	0.00840	0.00890	0.02782	0.04438	0.11330	0.34614	0.00771	0.00455	0.00139	0.00357	0.00667	0.00300	0.00418
26	0.00956	0.00906	0.01535	0.06415	0.71422	0.00913	0.01173	0.01186	0.00915	0.01299	0.00908	0.08803	0.00836	0.00453	0.00417	0.00127	0.00468	0.00440	0.00219	0.00611
27	0.01021	0.00882	0.00928	0.00835	0.01067	0.01021	0.00650	0.02181	0.82272	0.01717	0.01671	0.01532	0.01253	0.00557	0.00418	0.00139	0.00325	0.00464	0.00418	0.00650
28	0.00765	0.00565	0.00824	0.14046	0.03506	0.00548	0.03797	0.01949	0.00882	0.07903	0.03527	0.37226	0.02664	0.00846	0.00461	0.00141	0.00343	0.06931	0.00330	0.12744
29	0.01016	0.00975	0.01666	0.02520	0.83013	0.00975	0.01260	0.01260	0.00935	0.01341	0.00772	0.01016	0.00650	0.00366	0.00406	0.00122	0.00488	0.00366	0.00203	0.00650
30	0.00879	0.03309	0.72096	0.01143	0.01706	0.00931	0.04558	0.01316	0.00884	0.05728	0.00829	0.03336	0.00614	0.00420	0.00397	0.00131	0.00583	0.00340	0.00199	0.00600
31	0.00545	0.00480	0.00619	0.00567	0.00712	0.00428	0.07085	0.00673	0.00932	0.01151	0.08085	0.10814	0.60743	0.00988	0.00509	0.00143	0.02099	0.02694	0.00366	0.00368
32	0.00785	0.00725	0.01206	0.68451	0.09443	0.00877	0.01090	0.01043	0.00835	0.01091	0.00855	0.03051	0.00713	0.00472	0.00433	0.00139	0.01740	0.04969	0.01618	0.00464
33	0.01006	0.00966	0.01649	0.05768	0.79840	0.00973	0.01255	0.01251	0.00930	0.01329	0.00770	0.01019	0.00646	0.00368	0.00407	0.00123	0.00490	0.00366	0.00202	0.00643
34	0.01845	0.00787	0.01210	0.41734	0.18260	0.04145	0.03266	0.01079	0.02513	0.01149	0.01028	0.10176	0.00959	0.00563	0.00460	0.00141	0.02938	0.07032	0.00231	0.00483
35	0.01419	0.01029	0.01184	0.11393	0.01425	0.03241	0.02302	0.55436	0.01612	0.09715	0.01033	0.01129	0.00750	0.00551	0.02359	0.00138	0.00474	0.01886	0.02284	0.00639
36	0.01099	0.00639	0.02558	0.02091	0.12050	0.00561	0.00607	0.01272	0.02032	0.32167	0.11282	0.09917	0.20552	0.00719	0.00447	0.00133	0.00315	0.00617	0.00406	0.00535
37	0.00686	0.00555	0.00582	0.00570	0.00608	0.07936	0.00380	0.00730	0.00663	0.00856	0.01153	0.02157	0.01244	0.52293	0.23359	0.03334	0.01845	0.00514	0.00234	0.00301
38	0.00851	0.00730	0.00851	0.00608	0.00973	0.00547	0.00486	0.01034	0.00851	0.01338	0.00730	0.00851	0.00608	0.00304	0.00304	0.00061	0.00304	0.00243	0.00243	0.88083
39	0.00876	0.00803	0.01263	0.05141	0.05108	0.00707	0.20561	0.01145	0.04306	0.02864	0.08065	0.02567	0.01863	0.00408	0.00387	0.00100	0.00410	0.00392	0.00264	0.42770
40	0.00778	0.00810	0.05952	0.79797	0.02767	0.00914	0.01162	0.01063	0.00823	0.01063	0.00730	0.01081	0.00546	0.00409	0.00409	0.00136	0.00551	0.00361	0.00182	0.00465
41	0.00954	0.00870	0.01352	0.03618	0.54428	0.02220	0.01011	0.05799	0.04175	0.01453	0.14643	0.05358	0.01310	0.00505	0.00425	0.00126	0.00424	0.00469	0.00273	0.00587
42	0.00584	0.00426	0.00606	0.00611	0.00666	0.00479	0.00451	0.00696	0.00654	0.00926	0.01206	0.06639	0.01219	0.19935	0.62329	0.00578	0.00906	0.00514	0.00235	0.00340
43	0.01765	0.00679	0.00925	0.00721	0.01022	0.00588	0.00591	0.01918	0.01153	0.78575	0.01656	0.06215	0.01114	0.00553	0.00419	0.00129	0.00343	0.00456	0.00501	0.00678
44	0.00601	0.00435	0.00555	0.00562	0.00642	0.00415	0.00405	0.05329	0.01044	0.01438	0.42643	0.37302	0.05048	0.01011	0.00497	0.00145	0.00227	0.00901	0.00418	0.00382
45	0.00986	0.00940	0.01601	0.09550	0.73867	0.00956	0.01233	0.01230	0.00925	0.01313	0.00806	0.01121	0.00688	0.00390	0.00411	0.00125	0.00490	0.02534	0.00206	0.00626
46	0.01567	0.00701	0.02224	0.00739	0.02494	0.02448	0.00593	0.01728	0.01135	0.63748	0.09423	0.06417	0.03695	0.00593	0.00427	0.00129	0.00340	0.00495	0.00474	0.00630

[dist]
# distance from previous block
# <min> <max>
0	81

# created by:
# /st0/software/busco_prod/Augustus/scripts/msa2prfl.pl ./align_prep/149673.fa
