[name]
unknown

[dist]
# distance from previous block
# <min> <max>
1	115

[block]
# block no. 0 follows, 65 sequences, length 49
# corresponding to MSA columns:
# 140-188
name=unknown_A
#
# <colnr> <probs for GDERKNQSTAVLIFYWHMCP>
#	G	D	E	R	K	N	Q	S	T	A	V	L	I	F	Y	W	H	M	C	P
0	0.02451	0.02115	0.02694	0.04545	0.06213	0.00624	0.02726	0.03366	0.03162	0.11126	0.02713	0.14781	0.02915	0.03082	0.03021	0.03239	0.00370	0.00485	0.00302	0.30069
1	0.02179	0.08672	0.15784	0.07491	0.09258	0.03562	0.02870	0.05927	0.03577	0.05483	0.01818	0.02415	0.00702	0.00396	0.00361	0.00104	0.00439	0.00324	0.00248	0.28388
2	0.03424	0.02487	0.16398	0.02546	0.07639	0.05353	0.00779	0.03155	0.02309	0.06286	0.07761	0.04722	0.03283	0.03929	0.04776	0.01400	0.03524	0.00409	0.00269	0.19552
3	0.02058	0.09097	0.14011	0.07660	0.01184	0.03480	0.00731	0.05970	0.01924	0.09594	0.12327	0.07213	0.07628	0.00616	0.01859	0.00127	0.00400	0.00470	0.00306	0.13346
4	0.02166	0.13195	0.12033	0.10683	0.13504	0.06920	0.03480	0.02565	0.07086	0.01313	0.12589	0.03293	0.01198	0.00502	0.00396	0.00121	0.00451	0.02981	0.00261	0.05261
5	0.00869	0.11399	0.05208	0.03176	0.05267	0.00771	0.00639	0.09508	0.03292	0.04693	0.02593	0.21534	0.01354	0.06653	0.09496	0.00204	0.01885	0.03015	0.00298	0.08146
6	0.13087	0.07243	0.09414	0.16132	0.02658	0.04565	0.01516	0.03522	0.03503	0.03962	0.05217	0.13465	0.01103	0.03943	0.00468	0.00138	0.01756	0.00466	0.00268	0.07574
7	0.02079	0.27177	0.02767	0.02334	0.18458	0.06923	0.02593	0.03864	0.07857	0.03973	0.03251	0.04532	0.00916	0.02384	0.07604	0.00168	0.00507	0.01827	0.00250	0.00537
8	0.00915	0.02348	0.13052	0.11288	0.01265	0.02133	0.00732	0.03730	0.02968	0.09817	0.01348	0.08355	0.09373	0.00539	0.00408	0.00113	0.02233	0.00443	0.02771	0.26168
9	0.01004	0.21823	0.10956	0.06569	0.13685	0.10106	0.00854	0.01259	0.04936	0.01191	0.00750	0.00921	0.00629	0.02777	0.00390	0.00108	0.00468	0.00294	0.00214	0.21066
10	0.00937	0.02334	0.01346	0.17526	0.41044	0.00862	0.00996	0.03741	0.00919	0.01313	0.00783	0.02511	0.00657	0.00379	0.00381	0.00109	0.00445	0.00346	0.00219	0.23152
11	0.03411	0.00687	0.00915	0.11282	0.12025	0.00649	0.00656	0.03287	0.04276	0.01329	0.06874	0.14497	0.02543	0.02223	0.00426	0.00117	0.00347	0.01744	0.00283	0.32430
12	0.00727	0.00688	0.02483	0.05943	0.13900	0.00701	0.09487	0.00925	0.03890	0.01162	0.02637	0.30698	0.10653	0.00850	0.01601	0.00156	0.10657	0.00719	0.00293	0.01830
13	0.00579	0.00481	0.03057	0.00646	0.02703	0.00443	0.00478	0.00713	0.00820	0.01137	0.14352	0.30300	0.08227	0.01679	0.27006	0.01705	0.00524	0.00750	0.00321	0.04078
14	0.00903	0.00864	0.00716	0.00679	0.00782	0.21984	0.00481	0.01116	0.11169	0.01058	0.01172	0.03678	0.01141	0.32483	0.12085	0.00293	0.00548	0.00468	0.07993	0.00388
15	0.00883	0.00845	0.01390	0.25502	0.32109	0.00957	0.05489	0.01134	0.03821	0.01186	0.00879	0.07938	0.00792	0.00519	0.00580	0.00141	0.14648	0.00440	0.00216	0.00530
16	0.00866	0.00849	0.01187	0.01026	0.01032	0.01174	0.00849	0.00958	0.00639	0.00992	0.01967	0.01024	0.00649	0.03001	0.06561	0.00215	0.76008	0.00377	0.00188	0.00438
17	0.00709	0.00358	0.00531	0.00531	0.00531	0.00358	0.00352	0.00537	0.00537	0.00716	0.00735	0.01303	0.00743	0.04677	0.01623	0.84670	0.00358	0.00366	0.00181	0.00181
18	0.00790	0.00593	0.00635	0.00577	0.00721	0.06139	0.00440	0.06455	0.01153	0.07819	0.44932	0.04871	0.20306	0.00811	0.00464	0.00129	0.00265	0.00691	0.01781	0.00428
19	0.00775	0.00730	0.01231	0.84587	0.02827	0.00912	0.01140	0.01049	0.00821	0.01049	0.00730	0.01094	0.00547	0.00410	0.00410	0.00137	0.00547	0.00365	0.00182	0.00456
20	0.00858	0.00739	0.00883	0.00682	0.04143	0.00564	0.00516	0.01042	0.00854	0.01338	0.00731	0.00858	0.00610	0.00306	0.00308	0.00063	0.00311	0.00248	0.00242	0.84705
21	0.00848	0.00768	0.01186	0.12662	0.29930	0.00809	0.04989	0.01239	0.16752	0.01327	0.05695	0.19393	0.01371	0.00632	0.00443	0.00138	0.00405	0.00584	0.00294	0.00537
22	0.00761	0.00550	0.00623	0.02658	0.00672	0.02586	0.00393	0.06243	0.03180	0.03999	0.02760	0.02306	0.03113	0.59450	0.04120	0.00333	0.05095	0.00548	0.00273	0.00337
23	0.00601	0.00413	0.00531	0.00593	0.00641	0.00396	0.00405	0.05178	0.00855	0.03450	0.02140	0.75389	0.02512	0.04073	0.00567	0.00171	0.00259	0.01081	0.00382	0.00361
24	0.03037	0.01350	0.04799	0.01379	0.01715	0.25000	0.43730	0.04487	0.01033	0.01268	0.00769	0.00980	0.00600	0.00461	0.02812	0.00141	0.02603	0.00392	0.00217	0.03229
25	0.00586	0.00440	0.00660	0.00660	0.00733	0.00513	0.00513	0.00733	0.00660	0.00953	0.01100	0.01613	0.01026	0.03079	0.83947	0.00660	0.01100	0.00440	0.00220	0.00367
26	0.05062	0.09278	0.02924	0.14931	0.17455	0.25370	0.00909	0.05039	0.02645	0.10076	0.00811	0.00944	0.00626	0.00420	0.00392	0.00119	0.01880	0.00322	0.00247	0.00550
27	0.00586	0.00440	0.00660	0.00660	0.00733	0.00513	0.00513	0.00733	0.00660	0.00953	0.01100	0.01613	0.01026	0.03079	0.83947	0.00660	0.01100	0.00440	0.00220	0.00367
28	0.00556	0.00441	0.00514	0.00578	0.00650	0.02850	0.00425	0.00658	0.00865	0.01095	0.02703	0.46748	0.23907	0.01168	0.00517	0.00161	0.00270	0.15172	0.00375	0.00349
29	0.00673	0.00517	0.00741	0.00707	0.00810	0.00591	0.02326	0.05172	0.05244	0.01093	0.01139	0.01628	0.01041	0.03789	0.70543	0.00579	0.00992	0.01768	0.00244	0.00403
30	0.01122	0.55053	0.07888	0.00890	0.05574	0.13245	0.00793	0.01279	0.00891	0.03089	0.00706	0.04614	0.00646	0.00420	0.00335	0.00102	0.02336	0.00291	0.00200	0.00526
31	0.00586	0.00440	0.00660	0.00660	0.00733	0.00513	0.00513	0.00733	0.00660	0.00953	0.01100	0.01613	0.01026	0.03079	0.83947	0.00660	0.01100	0.00440	0.00220	0.00367
32	0.00822	0.00759	0.01341	0.64336	0.02525	0.00887	0.12044	0.01094	0.00852	0.03538	0.00846	0.01280	0.00668	0.00523	0.03122	0.00156	0.00571	0.03957	0.00205	0.00470
33	0.00929	0.00942	0.03246	0.10201	0.24347	0.02413	0.10298	0.01235	0.09461	0.01227	0.02132	0.03313	0.00772	0.00561	0.01738	0.00152	0.25855	0.00413	0.00226	0.00538
34	0.01437	0.01750	0.01112	0.01003	0.01206	0.69837	0.00757	0.06585	0.01165	0.01101	0.00795	0.00932	0.03116	0.02400	0.03476	0.00136	0.02181	0.00305	0.00230	0.00477
35	0.00586	0.00440	0.00660	0.00660	0.00733	0.00513	0.00513	0.00733	0.00660	0.00953	0.01100	0.01613	0.01026	0.03079	0.83947	0.00660	0.01100	0.00440	0.00220	0.00367
36	0.00586	0.00440	0.00660	0.00660	0.00733	0.00513	0.00513	0.00733	0.00660	0.00953	0.01100	0.01613	0.01026	0.03079	0.83947	0.00660	0.01100	0.00440	0.00220	0.00367
37	0.01186	0.68938	0.01954	0.00771	0.01097	0.16154	0.00720	0.03266	0.00919	0.01012	0.00592	0.00681	0.00531	0.00367	0.00286	0.00092	0.00493	0.00231	0.00188	0.00522
38	0.01095	0.84184	0.02156	0.00722	0.01075	0.01613	0.02264	0.01231	0.00837	0.00973	0.00576	0.00667	0.00529	0.00351	0.00268	0.00089	0.00444	0.00225	0.00176	0.00527
39	0.00574	0.00425	0.00567	0.00540	0.00637	0.00396	0.01558	0.00750	0.01084	0.01516	0.65030	0.10487	0.08428	0.01006	0.05010	0.00162	0.00255	0.00768	0.00425	0.00381
40	0.00486	0.00413	0.00419	0.00424	0.00557	0.00346	0.00316	0.00588	0.00928	0.01106	0.04058	0.08239	0.78623	0.01053	0.00487	0.00140	0.00210	0.00882	0.00381	0.00346
41	0.01129	0.57246	0.10155	0.00880	0.04328	0.08630	0.00824	0.06703	0.02206	0.01139	0.00645	0.00743	0.00554	0.00386	0.00336	0.00101	0.02995	0.00256	0.00199	0.00546
42	0.00598	0.00429	0.00632	0.00631	0.00695	0.00488	0.00479	0.00709	0.00664	0.00948	0.04055	0.01700	0.01132	0.07851	0.68970	0.08034	0.00961	0.00453	0.00227	0.00344
43	0.00531	0.00383	0.00509	0.00599	0.00643	0.00362	0.00433	0.00628	0.00826	0.01087	0.02353	0.64723	0.07212	0.01242	0.00530	0.00170	0.00264	0.16781	0.00380	0.00343
44	0.01170	0.68910	0.03772	0.00776	0.01108	0.16389	0.00737	0.01304	0.00894	0.00980	0.00586	0.00678	0.00527	0.00365	0.00285	0.00092	0.00497	0.00229	0.00182	0.00519
45	0.01009	0.00942	0.01510	0.26089	0.35596	0.04794	0.10082	0.05205	0.00971	0.04457	0.00851	0.01180	0.00689	0.00423	0.00432	0.00131	0.01560	0.03286	0.00226	0.00567
46	0.00822	0.00778	0.01316	0.68496	0.18550	0.00924	0.01163	0.01090	0.00843	0.01106	0.00738	0.01079	0.00567	0.00402	0.00410	0.00134	0.00536	0.00365	0.00186	0.00494
47	0.01196	0.02661	0.02403	0.06413	0.05264	0.23475	0.26841	0.09781	0.05760	0.04986	0.00942	0.01214	0.00753	0.00451	0.00428	0.00128	0.00597	0.04710	0.01451	0.00546
48	0.00880	0.00829	0.01369	0.39423	0.31229	0.00942	0.02706	0.02520	0.01899	0.01213	0.04029	0.02576	0.00765	0.00454	0.00492	0.00135	0.07401	0.00397	0.00211	0.00529

[dist]
# distance from previous block
# <min> <max>
0	2

[block]
# block no. 1 follows, 65 sequences, length 10
# corresponding to MSA columns:
# 191-200
name=unknown_B
#
# <colnr> <probs for GDERKNQSTAVLIFYWHMCP>
#	G	D	E	R	K	N	Q	S	T	A	V	L	I	F	Y	W	H	M	C	P
0	0.79769	0.00815	0.00650	0.00574	0.00831	0.00943	0.00471	0.05020	0.05084	0.01870	0.00649	0.00728	0.00499	0.00396	0.00270	0.00127	0.00324	0.00242	0.00270	0.00467
1	0.00654	0.00538	0.02904	0.00586	0.00727	0.00477	0.01818	0.07847	0.01004	0.02855	0.10377	0.20548	0.36218	0.02978	0.02195	0.00162	0.00292	0.07045	0.00378	0.00397
2	0.00974	0.00851	0.08202	0.17372	0.04646	0.01865	0.03017	0.06639	0.06687	0.10934	0.04235	0.01388	0.02800	0.07702	0.03415	0.04027	0.00450	0.00403	0.00285	0.14109
3	0.04978	0.00742	0.01068	0.42674	0.01893	0.03006	0.05115	0.06403	0.03544	0.01360	0.16231	0.01512	0.03124	0.00509	0.00414	0.00129	0.00443	0.00444	0.02850	0.03561
4	0.00955	0.39700	0.43208	0.01021	0.05117	0.01256	0.01139	0.01266	0.00855	0.01152	0.00664	0.00780	0.00529	0.00371	0.00334	0.00111	0.00526	0.00268	0.00176	0.00573
5	0.00637	0.00545	0.00668	0.07905	0.05455	0.00497	0.00489	0.00820	0.04223	0.01196	0.06785	0.08779	0.40424	0.03470	0.00492	0.00133	0.00283	0.00673	0.00330	0.16195
6	0.00851	0.00730	0.00851	0.00608	0.00973	0.00547	0.00486	0.01034	0.00851	0.01338	0.00730	0.00851	0.00608	0.00304	0.00304	0.00061	0.00304	0.00243	0.00243	0.88083
7	0.00877	0.00871	0.01290	0.54294	0.15497	0.07828	0.03089	0.01121	0.00882	0.01129	0.05198	0.01152	0.00745	0.00438	0.00450	0.00133	0.03932	0.00380	0.00203	0.00488
8	0.01250	0.00676	0.00849	0.00642	0.00954	0.00551	0.00519	0.01424	0.01012	0.36338	0.06933	0.01276	0.01036	0.00438	0.00362	0.00096	0.00310	0.00358	0.04918	0.40059
9	0.00995	0.01220	0.11097	0.01614	0.02044	0.01045	0.67175	0.06983	0.01026	0.01403	0.00831	0.01073	0.00617	0.00361	0.00469	0.00136	0.00666	0.00457	0.00218	0.00570

[dist]
# distance from previous block
# <min> <max>
0	1

[block]
# block no. 2 follows, 65 sequences, length 14
# corresponding to MSA columns:
# 203-216
name=unknown_C
#
# <colnr> <probs for GDERKNQSTAVLIFYWHMCP>
#	G	D	E	R	K	N	Q	S	T	A	V	L	I	F	Y	W	H	M	C	P
0	0.00713	0.00357	0.00535	0.00535	0.00535	0.00357	0.00357	0.00535	0.00535	0.00713	0.00713	0.01248	0.00713	0.01426	0.01604	0.88057	0.00357	0.00357	0.00178	0.00178
1	0.11415	0.00790	0.00942	0.00750	0.01048	0.00781	0.00613	0.11096	0.13766	0.52234	0.01437	0.01289	0.00952	0.00500	0.00395	0.00128	0.00354	0.00394	0.00454	0.00662
2	0.00828	0.01907	0.70657	0.01083	0.01652	0.00890	0.01357	0.01259	0.00864	0.01306	0.00736	0.00864	0.00534	0.00377	0.00377	0.00119	0.00560	0.00294	0.00184	0.14153
3	0.00774	0.00676	0.01100	0.71548	0.02463	0.00830	0.01008	0.01034	0.00827	0.01123	0.00824	0.01162	0.00625	0.00421	0.00391	0.00130	0.00492	0.00368	0.13759	0.00445
4	0.14713	0.00617	0.00737	0.00634	0.00850	0.00595	0.00509	0.02858	0.04152	0.33399	0.21130	0.05743	0.06356	0.00671	0.00424	0.00134	0.00297	0.05224	0.00430	0.00528
5	0.00626	0.00476	0.00573	0.00615	0.00693	0.00481	0.00441	0.02863	0.13446	0.01192	0.02227	0.50488	0.09289	0.07115	0.00616	0.00177	0.00277	0.07636	0.00378	0.00390
6	0.00835	0.13917	0.01392	0.68181	0.05890	0.01025	0.01077	0.01086	0.00828	0.01048	0.00707	0.01024	0.00548	0.00399	0.00387	0.00129	0.00528	0.00342	0.00182	0.00475
7	0.00996	0.00823	0.00901	0.00835	0.01031	0.03346	0.00672	0.05442	0.50658	0.04189	0.01676	0.02187	0.01430	0.00693	0.00493	0.00151	0.04110	0.19397	0.00394	0.00575
8	0.14323	0.00739	0.06243	0.03224	0.00946	0.05583	0.03301	0.00961	0.00749	0.02507	0.02502	0.01362	0.00900	0.03991	0.44370	0.00414	0.02959	0.00391	0.04121	0.00416
9	0.01000	0.17935	0.01285	0.16832	0.10705	0.12506	0.00800	0.03107	0.11944	0.02464	0.05365	0.08968	0.01050	0.00586	0.02406	0.00135	0.00473	0.00431	0.00264	0.01744
10	0.03175	0.09046	0.07597	0.06661	0.10206	0.02974	0.06297	0.12455	0.02655	0.24958	0.01298	0.02682	0.06257	0.00500	0.00404	0.00126	0.00441	0.01332	0.00335	0.00599
11	0.04335	0.04095	0.02806	0.09797	0.32429	0.06213	0.03020	0.19459	0.02550	0.04129	0.00833	0.00983	0.00647	0.00406	0.00390	0.00118	0.00481	0.00346	0.00265	0.06699
12	0.10007	0.02078	0.00866	0.01962	0.04948	0.20820	0.00590	0.07048	0.06631	0.01281	0.01217	0.08457	0.04636	0.15280	0.01749	0.00177	0.00457	0.03999	0.00281	0.07519
13	0.02791	0.00970	0.13707	0.09602	0.06406	0.04169	0.01882	0.05412	0.09944	0.05867	0.04341	0.03265	0.07902	0.03408	0.05615	0.00168	0.02060	0.01907	0.02513	0.08071

[dist]
# distance from previous block
# <min> <max>
3	48

[block]
# block no. 3 follows, 65 sequences, length 13
# corresponding to MSA columns:
# 265-277
name=unknown_D
#
# <colnr> <probs for GDERKNQSTAVLIFYWHMCP>
#	G	D	E	R	K	N	Q	S	T	A	V	L	I	F	Y	W	H	M	C	P
0	0.02700	0.04058	0.02594	0.25890	0.10195	0.02306	0.08408	0.13102	0.03273	0.04295	0.02270	0.05564	0.04499	0.03914	0.03193	0.00158	0.00492	0.00450	0.02122	0.00516
1	0.04618	0.02370	0.02078	0.06931	0.13712	0.06733	0.03391	0.14790	0.03548	0.06102	0.03930	0.09848	0.02953	0.00568	0.00506	0.00129	0.09290	0.00457	0.00295	0.07750
2	0.02228	0.07640	0.06576	0.13103	0.14483	0.00943	0.05188	0.09792	0.05900	0.14992	0.03478	0.01172	0.00832	0.00617	0.05690	0.00159	0.03637	0.00381	0.00291	0.02899
3	0.01168	0.64499	0.05353	0.00843	0.04755	0.07351	0.00768	0.05926	0.00939	0.04211	0.00655	0.00736	0.00561	0.00373	0.00297	0.00096	0.00467	0.00249	0.00205	0.00548
4	0.00916	0.01872	0.06024	0.04031	0.11687	0.02972	0.05274	0.08467	0.08792	0.05114	0.09506	0.05583	0.05101	0.00762	0.02481	0.00157	0.01952	0.18464	0.00332	0.00512
5	0.07467	0.04519	0.12641	0.09782	0.26422	0.03915	0.05764	0.02811	0.07090	0.09422	0.02299	0.02183	0.00758	0.00435	0.00420	0.00128	0.02731	0.00373	0.00256	0.00584
6	0.00637	0.00505	0.01986	0.00724	0.04376	0.02275	0.02949	0.01645	0.00849	0.03402	0.06029	0.53102	0.06341	0.01217	0.05258	0.03283	0.00341	0.04355	0.00352	0.00378
7	0.00595	0.00546	0.04579	0.00664	0.02898	0.00494	0.00506	0.00748	0.02795	0.01179	0.11369	0.35185	0.21740	0.01018	0.00567	0.00153	0.07670	0.04700	0.02208	0.00385
8	0.00992	0.00992	0.04181	0.11249	0.02473	0.12937	0.08038	0.04719	0.17198	0.04713	0.01386	0.01502	0.10428	0.00817	0.09116	0.00189	0.07824	0.00447	0.00286	0.00512
9	0.06938	0.01099	0.02942	0.07218	0.07938	0.14484	0.05198	0.13738	0.17495	0.04971	0.01003	0.02638	0.00786	0.00499	0.00493	0.00132	0.09084	0.00382	0.02399	0.00564
10	0.00669	0.00508	0.00602	0.00587	0.00717	0.00496	0.00449	0.06147	0.06143	0.01271	0.05528	0.18844	0.24703	0.01196	0.10136	0.02882	0.00366	0.08338	0.04378	0.06039
11	0.01080	0.02073	0.03118	0.29112	0.12233	0.02827	0.00943	0.17062	0.07607	0.07153	0.00926	0.01151	0.00718	0.04142	0.00563	0.00145	0.07934	0.00381	0.00274	0.00556
12	0.00981	0.00768	0.00901	0.00811	0.03475	0.07690	0.04063	0.05284	0.09549	0.11190	0.08482	0.10212	0.07859	0.05466	0.02222	0.05818	0.07824	0.00537	0.00330	0.06538

[dist]
# distance from previous block
# <min> <max>
0	2

[block]
# block no. 4 follows, 65 sequences, length 21
# corresponding to MSA columns:
# 280-295,297-301
name=unknown_E
#
# <colnr> <probs for GDERKNQSTAVLIFYWHMCP>
#	G	D	E	R	K	N	Q	S	T	A	V	L	I	F	Y	W	H	M	C	P
0	0.14307	0.02231	0.03615	0.00903	0.01998	0.03300	0.06095	0.34438	0.13602	0.09446	0.03242	0.03122	0.00887	0.00497	0.00394	0.00128	0.00420	0.00395	0.00366	0.00615
1	0.16342	0.01073	0.00900	0.07274	0.01129	0.25026	0.00634	0.06491	0.03186	0.09549	0.04209	0.01397	0.11964	0.00530	0.00397	0.00120	0.02288	0.00393	0.01115	0.05983
2	0.03416	0.00885	0.01123	0.24035	0.12988	0.10415	0.03262	0.04639	0.07243	0.10117	0.01040	0.05473	0.00868	0.04989	0.07565	0.00188	0.00540	0.00425	0.00271	0.00515
3	0.00787	0.00562	0.00688	0.00635	0.00726	0.00609	0.00469	0.09282	0.04552	0.04235	0.03608	0.04336	0.07592	0.29514	0.13831	0.05204	0.07213	0.04565	0.00295	0.01295
4	0.00737	0.00671	0.01078	0.11813	0.01239	0.00814	0.09790	0.00899	0.00704	0.01006	0.00884	0.01361	0.00816	0.06503	0.37211	0.00391	0.23040	0.00423	0.00205	0.00414
5	0.01128	0.05286	0.01153	0.14525	0.01375	0.13975	0.02851	0.19550	0.01130	0.05636	0.04299	0.02555	0.03219	0.00754	0.07790	0.00176	0.11240	0.00397	0.02446	0.00515
6	0.00725	0.02162	0.07143	0.00738	0.00863	0.00660	0.00628	0.02855	0.00742	0.04297	0.03396	0.01520	0.01018	0.05688	0.54315	0.00486	0.10158	0.00428	0.01762	0.00414
7	0.00843	0.00819	0.01144	0.00999	0.01005	0.01124	0.00820	0.00932	0.00641	0.00985	0.00722	0.07496	0.00759	0.03539	0.05162	0.00208	0.71740	0.00433	0.00199	0.00430
8	0.01314	0.01069	0.01087	0.00896	0.01173	0.05861	0.00718	0.42293	0.35310	0.02115	0.02988	0.01243	0.00987	0.00523	0.00413	0.00129	0.00410	0.00411	0.00403	0.00659
9	0.00987	0.00981	0.01503	0.25839	0.53816	0.07353	0.01190	0.01229	0.00920	0.01232	0.00749	0.01017	0.00611	0.00383	0.00405	0.00125	0.00524	0.00358	0.00198	0.00581
10	0.02708	0.18854	0.16176	0.03661	0.01277	0.10868	0.02405	0.10654	0.01092	0.22038	0.00974	0.01003	0.00700	0.00432	0.00364	0.00115	0.00476	0.00325	0.05290	0.00587
11	0.00626	0.00493	0.00741	0.02678	0.00830	0.00540	0.05105	0.00818	0.04536	0.01059	0.07545	0.08178	0.02394	0.10190	0.51787	0.00484	0.00815	0.00540	0.00262	0.00380
12	0.00574	0.00426	0.00518	0.00522	0.00597	0.00425	0.00371	0.00708	0.03515	0.01082	0.10797	0.11818	0.21606	0.21588	0.20556	0.00324	0.00469	0.00693	0.03070	0.00342
13	0.01411	0.01369	0.01124	0.07397	0.01324	0.36439	0.00772	0.27274	0.04034	0.06835	0.00964	0.01040	0.02701	0.00608	0.04756	0.00146	0.00599	0.00346	0.00304	0.00557
14	0.00823	0.00751	0.01205	0.46832	0.11311	0.00861	0.05481	0.03814	0.08466	0.01215	0.01075	0.12196	0.00966	0.00552	0.00434	0.00140	0.00480	0.02658	0.00247	0.00491
15	0.00941	0.00905	0.01550	0.27092	0.51177	0.00962	0.05776	0.01234	0.03990	0.01266	0.00797	0.01064	0.00641	0.00385	0.00412	0.00128	0.00511	0.00376	0.00205	0.00586
16	0.00617	0.00463	0.00660	0.00648	0.00708	0.00543	0.00495	0.00743	0.00659	0.00962	0.01098	0.01699	0.01055	0.13463	0.63844	0.00567	0.06657	0.00452	0.04311	0.00358
17	0.01231	0.00959	0.01339	0.04078	0.08652	0.00998	0.13489	0.32173	0.05414	0.09065	0.00998	0.01109	0.00746	0.00647	0.06876	0.00164	0.02594	0.00389	0.00325	0.08753
18	0.03835	0.09965	0.01269	0.11055	0.15235	0.04136	0.01662	0.20110	0.01167	0.13376	0.01063	0.05335	0.02803	0.00481	0.00389	0.00119	0.00435	0.00395	0.00309	0.06862
19	0.00683	0.00473	0.00560	0.00554	0.00673	0.00442	0.00408	0.04874	0.04062	0.07584	0.12429	0.31893	0.30106	0.01055	0.02112	0.00156	0.00262	0.00873	0.00399	0.00404
20	0.12621	0.00490	0.00610	0.00619	0.00724	0.00487	0.02630	0.00808	0.02905	0.03396	0.05560	0.51354	0.02089	0.01145	0.06139	0.00186	0.00330	0.02746	0.00349	0.04813

[dist]
# distance from previous block
# <min> <max>
0	13

# created by:
# /st0/software/busco_prod/Augustus/scripts/msa2prfl.pl ./align_prep/150510.fa
