[name]
unknown

[dist]
# distance from previous block
# <min> <max>
0	17

[block]
# block no. 0 follows, 55 sequences, length 7
# corresponding to MSA columns:
# 37-41,46,47
name=unknown_A
#
# <colnr> <probs for GDERKNQSTAVLIFYWHMCP>
#	G	D	E	R	K	N	Q	S	T	A	V	L	I	F	Y	W	H	M	C	P
0	0.00940	0.00572	0.00797	0.00853	0.00996	0.00557	0.00740	0.01149	0.01108	0.12731	0.02374	0.04726	0.02460	0.01184	0.00618	0.00204	0.00424	0.66639	0.00449	0.00480
1	0.86937	0.00900	0.00684	0.00612	0.00900	0.01044	0.00504	0.01368	0.00792	0.02087	0.00648	0.00756	0.00504	0.00432	0.00288	0.00144	0.00360	0.00252	0.00288	0.00504
2	0.05289	0.01063	0.01437	0.01646	0.30215	0.06048	0.05172	0.12613	0.04375	0.14807	0.04982	0.04538	0.04590	0.00571	0.00470	0.00143	0.00496	0.00499	0.00363	0.00682
3	0.02698	0.00531	0.00643	0.00623	0.00759	0.00499	0.00467	0.02687	0.02983	0.08430	0.26294	0.18596	0.21731	0.04394	0.03486	0.00193	0.00315	0.03760	0.00455	0.00456
4	0.18067	0.00639	0.00757	0.00714	0.00888	0.00655	0.02685	0.03020	0.02721	0.07640	0.13477	0.11808	0.11604	0.03173	0.08744	0.00230	0.00434	0.11865	0.00400	0.00479
5	0.01625	0.01168	0.01343	0.12632	0.01654	0.01296	0.00914	0.55610	0.07699	0.09511	0.01197	0.01222	0.00845	0.00552	0.00466	0.00144	0.00506	0.00430	0.00439	0.00748
6	0.00948	0.00828	0.01133	0.11810	0.21793	0.05300	0.00878	0.01188	0.04756	0.03486	0.06017	0.08380	0.04820	0.12629	0.03520	0.00220	0.03011	0.08440	0.00316	0.00527

[dist]
# distance from previous block
# <min> <max>
1	7

[block]
# block no. 1 follows, 55 sequences, length 20
# corresponding to MSA columns:
# 55-74
name=unknown_B
#
# <colnr> <probs for GDERKNQSTAVLIFYWHMCP>
#	G	D	E	R	K	N	Q	S	T	A	V	L	I	F	Y	W	H	M	C	P
0	0.04987	0.00891	0.01083	0.04069	0.10790	0.03988	0.02000	0.10271	0.16577	0.10198	0.04358	0.13751	0.05330	0.00779	0.00498	0.00158	0.00423	0.07745	0.00410	0.01693
1	0.02701	0.01014	0.01451	0.53436	0.14330	0.07655	0.01230	0.03911	0.01004	0.01305	0.00815	0.01164	0.00639	0.00488	0.00539	0.00153	0.06982	0.00401	0.00223	0.00560
2	0.00999	0.00919	0.03976	0.10433	0.13506	0.00787	0.06983	0.01249	0.01006	0.04209	0.04421	0.03374	0.00940	0.00525	0.02634	0.00126	0.00472	0.00401	0.00279	0.42757
3	0.00749	0.00483	0.00587	0.00588	0.00700	0.00437	0.00422	0.00855	0.01006	0.09277	0.11685	0.25125	0.28375	0.11172	0.02457	0.02563	0.00314	0.02362	0.00427	0.00417
4	0.01043	0.01057	0.01574	0.38342	0.21874	0.09822	0.08608	0.01319	0.01014	0.01294	0.00921	0.01351	0.00760	0.00666	0.05612	0.00187	0.00676	0.03077	0.00229	0.00575
5	0.01230	0.05352	0.02656	0.30679	0.05122	0.16131	0.01024	0.07599	0.20781	0.03197	0.01109	0.01255	0.00843	0.00513	0.00450	0.00144	0.00577	0.00413	0.00307	0.00618
6	0.00678	0.00455	0.00545	0.00547	0.00559	0.00466	0.00331	0.00694	0.00688	0.00929	0.01432	0.04465	0.01612	0.67646	0.13297	0.03868	0.00555	0.00654	0.00277	0.00299
7	0.01738	0.02217	0.01318	0.01199	0.01438	0.81783	0.00899	0.01858	0.01318	0.01139	0.00719	0.00839	0.00599	0.00479	0.00419	0.00120	0.00839	0.00300	0.00240	0.00539
8	0.00733	0.00495	0.00579	0.00559	0.00703	0.00432	0.00416	0.00876	0.01123	0.09151	0.23899	0.13989	0.41259	0.02943	0.00588	0.00164	0.00256	0.00932	0.00464	0.00439
9	0.03232	0.03863	0.69972	0.01245	0.01873	0.01064	0.01564	0.01500	0.03619	0.03436	0.03795	0.01102	0.00767	0.00469	0.00441	0.00146	0.00640	0.00367	0.00229	0.00676
10	0.04751	0.01886	0.04318	0.01201	0.01497	0.53455	0.06958	0.13482	0.01390	0.03777	0.00841	0.00958	0.00660	0.00548	0.02155	0.00142	0.00758	0.00346	0.00284	0.00593
11	0.00879	0.00827	0.01395	0.82532	0.03204	0.01034	0.01292	0.01189	0.00930	0.01189	0.00827	0.01240	0.00620	0.00465	0.00465	0.00155	0.00620	0.00413	0.00207	0.00517
12	0.01941	0.00803	0.01061	0.00832	0.01174	0.00726	0.00681	0.02243	0.09701	0.70011	0.04455	0.01663	0.01288	0.00594	0.00471	0.00146	0.00387	0.00486	0.00563	0.00774
13	0.02862	0.03820	0.08997	0.01207	0.01402	0.03222	0.12660	0.01295	0.01978	0.06634	0.02555	0.01453	0.00909	0.06340	0.01098	0.00196	0.38743	0.03822	0.00260	0.00549
14	0.01149	0.01016	0.01598	0.34290	0.39606	0.04570	0.01287	0.01424	0.01043	0.08210	0.00932	0.01210	0.00720	0.00451	0.00461	0.00145	0.00579	0.00414	0.00251	0.00645
15	0.00881	0.00683	0.07437	0.00661	0.00858	0.00522	0.00560	0.01088	0.01201	0.13793	0.42422	0.04437	0.16756	0.05867	0.00638	0.00167	0.00303	0.00765	0.00466	0.00495
16	0.00561	0.00453	0.00500	0.00528	0.00645	0.00391	0.00381	0.00675	0.01028	0.01274	0.08641	0.26627	0.54185	0.01243	0.00562	0.00165	0.00244	0.01069	0.00437	0.00391
17	0.03366	0.05970	0.12071	0.01068	0.01467	0.04297	0.00967	0.56395	0.01844	0.03985	0.01084	0.03430	0.00813	0.00555	0.00451	0.00139	0.00534	0.00419	0.00404	0.00740
18	0.01053	0.01131	0.07479	0.23202	0.34667	0.01080	0.15506	0.03879	0.01059	0.01460	0.00950	0.03510	0.00786	0.00472	0.00483	0.00149	0.00611	0.01641	0.00239	0.00643
19	0.01187	0.24132	0.31869	0.01180	0.04871	0.10336	0.04887	0.03466	0.01059	0.04006	0.00817	0.00944	0.00637	0.00429	0.00399	0.00124	0.00607	0.00326	0.00232	0.08492

[dist]
# distance from previous block
# <min> <max>
0	2

[block]
# block no. 2 follows, 55 sequences, length 53
# corresponding to MSA columns:
# 77-96,107-139
name=unknown_C
#
# <colnr> <probs for GDERKNQSTAVLIFYWHMCP>
#	G	D	E	R	K	N	Q	S	T	A	V	L	I	F	Y	W	H	M	C	P
0	0.01116	0.02818	0.01820	0.09028	0.70370	0.01094	0.01372	0.01390	0.01055	0.01496	0.03424	0.01224	0.00842	0.00435	0.00460	0.00139	0.00546	0.00425	0.00237	0.00707
1	0.00982	0.00865	0.01119	0.04550	0.08825	0.00699	0.02746	0.01205	0.00976	0.01501	0.00834	0.01002	0.00691	0.00358	0.00366	0.00082	0.00388	0.00302	0.00267	0.72240
2	0.01013	0.02143	0.00991	0.00969	0.08526	0.02949	0.01891	0.03078	0.25940	0.06814	0.23734	0.03917	0.12136	0.00759	0.00498	0.00148	0.00351	0.00652	0.00442	0.03051
3	0.01051	0.00788	0.00948	0.02429	0.01106	0.00640	0.00575	0.03484	0.02383	0.09203	0.12735	0.01418	0.01294	0.00470	0.00395	0.00093	0.00342	0.00389	0.00346	0.59911
4	0.02040	0.00793	0.01075	0.00822	0.01184	0.00681	0.00678	0.02221	0.01316	0.77727	0.01793	0.01557	0.01132	0.00566	0.00463	0.00141	0.00394	0.00460	0.00563	0.04394
5	0.00965	0.00827	0.00965	0.00689	0.01102	0.00620	0.00551	0.01171	0.00965	0.01516	0.00827	0.00965	0.00689	0.00345	0.00345	0.00069	0.00345	0.00276	0.00276	0.86494
6	0.01105	0.01056	0.03001	0.11348	0.36494	0.01071	0.14686	0.05034	0.08037	0.03118	0.01128	0.07768	0.00970	0.00538	0.00514	0.00151	0.02518	0.00520	0.00282	0.00661
7	0.00811	0.00698	0.00970	0.00882	0.00937	0.00874	0.00694	0.00929	0.00734	0.01088	0.01026	0.01677	0.01019	0.14814	0.35984	0.00469	0.31097	0.00482	0.00239	0.04576
8	0.01083	0.07080	0.10623	0.01274	0.19120	0.00877	0.00913	0.01333	0.01025	0.07647	0.04921	0.03813	0.00977	0.00469	0.00431	0.00112	0.02177	0.00392	0.00289	0.35442
9	0.05260	0.02580	0.02272	0.01075	0.05622	0.01173	0.01942	0.43578	0.05014	0.18017	0.02841	0.01285	0.00950	0.00654	0.03409	0.00161	0.00501	0.00432	0.00445	0.02787
10	0.01325	0.16333	0.01343	0.00931	0.01212	0.15990	0.00756	0.11113	0.29160	0.04670	0.11103	0.01527	0.01403	0.00590	0.00440	0.00136	0.00478	0.00458	0.00388	0.00646
11	0.00987	0.01104	0.17151	0.01174	0.05058	0.00824	0.15857	0.02396	0.03961	0.09668	0.04930	0.16759	0.08735	0.01925	0.03571	0.00186	0.02879	0.01917	0.00343	0.00574
12	0.00965	0.03766	0.15941	0.13969	0.25172	0.00962	0.08868	0.01266	0.01010	0.02356	0.01341	0.09116	0.06745	0.00596	0.00480	0.00148	0.00546	0.02269	0.00264	0.04219
13	0.02898	0.27945	0.13166	0.03824	0.01761	0.03133	0.27737	0.04243	0.01060	0.01396	0.02550	0.01221	0.04088	0.00530	0.02391	0.00149	0.00633	0.00426	0.00241	0.00605
14	0.00696	0.00559	0.00763	0.02203	0.10827	0.00543	0.00596	0.02678	0.00995	0.01310	0.05139	0.32838	0.22071	0.02555	0.08464	0.00231	0.00415	0.06284	0.00386	0.00447
15	0.01062	0.07736	0.43734	0.02665	0.15944	0.03293	0.11493	0.01471	0.01013	0.03014	0.00851	0.01043	0.00644	0.00445	0.00489	0.00145	0.03690	0.00381	0.00217	0.00671
16	0.00845	0.00840	0.03079	0.31303	0.06429	0.02786	0.10782	0.01101	0.02263	0.01271	0.01796	0.14485	0.14117	0.02077	0.00575	0.00166	0.03090	0.02200	0.00293	0.00504
17	0.00961	0.00597	0.00739	0.00700	0.00861	0.00575	0.00540	0.03471	0.08813	0.14903	0.20264	0.17020	0.13243	0.04857	0.00630	0.00178	0.00320	0.10343	0.00472	0.00512
18	0.01019	0.11389	0.02340	0.01195	0.12511	0.11480	0.06055	0.02724	0.01061	0.03227	0.01683	0.26460	0.03130	0.00890	0.00511	0.00160	0.00486	0.12819	0.00336	0.00525
19	0.01111	0.01519	0.28478	0.04928	0.28512	0.01082	0.10792	0.06080	0.01105	0.05045	0.01080	0.01264	0.04053	0.00480	0.00494	0.00147	0.02458	0.00433	0.00256	0.00685
20	0.01018	0.18720	0.18872	0.00899	0.01219	0.05078	0.02463	0.03716	0.01077	0.06938	0.10281	0.20590	0.04640	0.00778	0.00469	0.00146	0.00462	0.01741	0.00337	0.00556
21	0.01132	0.22899	0.06501	0.01050	0.03772	0.14345	0.02414	0.02621	0.04286	0.01220	0.01813	0.01184	0.00822	0.02679	0.16839	0.00266	0.14988	0.00381	0.00239	0.00548
22	0.02894	0.00877	0.01092	0.00844	0.04112	0.00710	0.03915	0.04726	0.01040	0.04934	0.00885	0.01012	0.00712	0.00370	0.00367	0.00083	0.00381	0.00306	0.00294	0.70447
23	0.02635	0.27996	0.28488	0.01213	0.04827	0.12786	0.07041	0.01464	0.01009	0.01292	0.00772	0.00943	0.00628	0.00554	0.03427	0.00153	0.03614	0.00332	0.00211	0.00616
24	0.00751	0.02312	0.03694	0.00698	0.04085	0.00530	0.00495	0.00869	0.00922	0.05709	0.06870	0.14763	0.21551	0.24480	0.08575	0.00295	0.00438	0.00792	0.01754	0.00417
25	0.00838	0.09518	0.01080	0.02936	0.15169	0.00765	0.00737	0.01050	0.03910	0.01354	0.10669	0.12954	0.06735	0.07682	0.04750	0.01695	0.00447	0.16868	0.00351	0.00491
26	0.01123	0.14878	0.41697	0.02917	0.13634	0.04404	0.05356	0.04006	0.02454	0.04078	0.00873	0.01021	0.00659	0.00442	0.00429	0.00138	0.00626	0.00359	0.00232	0.00676
27	0.02413	0.04301	0.34888	0.04067	0.28174	0.02569	0.03028	0.01495	0.07477	0.01500	0.01119	0.01274	0.04693	0.00484	0.00452	0.00144	0.00585	0.00415	0.00246	0.00679
28	0.04678	0.00851	0.01128	0.00976	0.01135	0.02548	0.07055	0.14040	0.01132	0.08196	0.03174	0.31007	0.01661	0.00931	0.00750	0.00174	0.18890	0.00758	0.00374	0.00540
29	0.01084	0.08830	0.02247	0.04548	0.02944	0.16065	0.05432	0.09245	0.04043	0.01419	0.03864	0.18738	0.01477	0.01203	0.13170	0.00243	0.00642	0.03955	0.00324	0.00527
30	0.01115	0.01140	0.04560	0.13478	0.47899	0.05271	0.06334	0.03176	0.04030	0.01483	0.01015	0.03924	0.00874	0.00499	0.00475	0.00146	0.00576	0.03086	0.00254	0.00666
31	0.01122	0.01075	0.01835	0.02678	0.72884	0.01065	0.03693	0.01393	0.01051	0.01507	0.00938	0.04181	0.00821	0.00450	0.00464	0.00138	0.00543	0.00448	0.00239	0.03475
32	0.01394	0.46611	0.01979	0.01000	0.01317	0.27939	0.03086	0.03121	0.01079	0.01160	0.00686	0.00820	0.00606	0.00461	0.00445	0.00117	0.07094	0.00290	0.00219	0.00576
33	0.01096	0.02791	0.16193	0.01113	0.07955	0.00912	0.03076	0.09245	0.04505	0.07368	0.10081	0.05047	0.01352	0.00609	0.00523	0.00137	0.05468	0.04032	0.00339	0.18160
34	0.04960	0.08536	0.13180	0.01289	0.07473	0.04014	0.18876	0.06774	0.03643	0.08663	0.10624	0.03021	0.04200	0.00573	0.00476	0.00145	0.00542	0.02059	0.00329	0.00623
35	0.00570	0.00406	0.00539	0.00644	0.00670	0.00380	0.00427	0.00649	0.00884	0.01179	0.02531	0.80936	0.03035	0.03925	0.00647	0.00197	0.00275	0.01303	0.00427	0.00375
36	0.03906	0.65992	0.02126	0.00821	0.01164	0.07216	0.00776	0.01364	0.00950	0.01131	0.00808	0.00951	0.03196	0.02154	0.01911	0.00128	0.04325	0.00296	0.00215	0.00570
37	0.04677	0.18371	0.17387	0.03214	0.17250	0.11578	0.08018	0.01493	0.04355	0.01376	0.00890	0.01066	0.02081	0.00473	0.00490	0.00137	0.05910	0.00372	0.00233	0.00629
38	0.01041	0.01087	0.01336	0.50450	0.02434	0.16116	0.01129	0.01277	0.00960	0.01162	0.00810	0.01180	0.00656	0.00742	0.06723	0.00200	0.11572	0.00398	0.00216	0.00512
39	0.00567	0.00405	0.00540	0.00648	0.00675	0.00378	0.00432	0.00648	0.00891	0.01188	0.02564	0.83347	0.03077	0.01457	0.00594	0.00189	0.00270	0.01323	0.00432	0.00378
40	0.01130	0.01090	0.01880	0.08495	0.72780	0.01102	0.03849	0.01413	0.01051	0.01495	0.00874	0.01161	0.00728	0.00417	0.00464	0.00140	0.00565	0.00419	0.00229	0.00718
41	0.04500	0.30010	0.03234	0.01332	0.11914	0.12060	0.10815	0.12928	0.02475	0.01535	0.00814	0.00964	0.00669	0.00459	0.00455	0.00129	0.04457	0.00354	0.00260	0.00636
42	0.00651	0.00475	0.00612	0.00578	0.00691	0.00436	0.00433	0.00864	0.01300	0.01826	0.75558	0.03540	0.09359	0.00966	0.00549	0.00147	0.00221	0.00851	0.00507	0.00436
43	0.00674	0.00493	0.00691	0.02840	0.00795	0.00554	0.00509	0.00793	0.00731	0.01028	0.01302	0.02184	0.01310	0.27891	0.55392	0.00641	0.00987	0.00551	0.00258	0.00377
44	0.00643	0.00470	0.00604	0.00580	0.00688	0.00431	0.00431	0.00845	0.01266	0.01768	0.68833	0.08961	0.10732	0.01005	0.00552	0.00150	0.00224	0.00886	0.00500	0.00431
45	0.01105	0.02623	0.01190	0.03839	0.06179	0.01075	0.04929	0.07503	0.47363	0.01873	0.11004	0.01894	0.04715	0.00652	0.00501	0.00153	0.01743	0.00556	0.00429	0.00672
46	0.01768	0.01303	0.01396	0.01070	0.01443	0.01443	0.00884	0.79197	0.02187	0.02932	0.01117	0.01117	0.00791	0.00558	0.00465	0.00140	0.00512	0.00419	0.00465	0.00791
47	0.01080	0.01089	0.03710	0.01347	0.12373	0.07519	0.08371	0.04272	0.15346	0.01475	0.06048	0.01538	0.02482	0.04370	0.07080	0.00219	0.20305	0.00489	0.00301	0.00588
48	0.19437	0.43994	0.05650	0.02201	0.01209	0.01450	0.00777	0.03025	0.05739	0.05303	0.00808	0.00894	0.00662	0.00446	0.00370	0.00121	0.03148	0.00294	0.00261	0.04210
49	0.07108	0.03499	0.03798	0.13676	0.03069	0.00856	0.06103	0.04880	0.04517	0.06383	0.05067	0.03352	0.04249	0.00571	0.02091	0.00134	0.00457	0.00434	0.00314	0.29444
50	0.01037	0.02906	0.13614	0.01014	0.04721	0.07453	0.05706	0.05294	0.05589	0.04919	0.11985	0.07023	0.02849	0.08901	0.00659	0.00169	0.00481	0.03009	0.00338	0.12334
51	0.03200	0.07556	0.16307	0.01954	0.04676	0.00840	0.00818	0.02838	0.09599	0.03952	0.14122	0.03798	0.15390	0.00704	0.00464	0.00140	0.00402	0.02406	0.01821	0.09012
52	0.04751	0.17254	0.11723	0.01191	0.09478	0.05347	0.08981	0.06592	0.03694	0.06160	0.04263	0.05899	0.07259	0.01793	0.00479	0.00146	0.00514	0.03560	0.00312	0.00604

[dist]
# distance from previous block
# <min> <max>
1	17

[block]
# block no. 3 follows, 55 sequences, length 12
# corresponding to MSA columns:
# 186-197
name=unknown_D
#
# <colnr> <probs for GDERKNQSTAVLIFYWHMCP>
#	G	D	E	R	K	N	Q	S	T	A	V	L	I	F	Y	W	H	M	C	P
0	0.01189	0.09836	0.13842	0.03780	0.02922	0.06847	0.03149	0.16555	0.01238	0.01700	0.02125	0.03442	0.00803	0.00466	0.00407	0.00113	0.00504	0.00368	0.00294	0.30422
1	0.03637	0.15738	0.11782	0.01097	0.04673	0.05695	0.06478	0.14885	0.15210	0.01731	0.03860	0.02644	0.06697	0.00573	0.00459	0.00139	0.01860	0.00461	0.00333	0.02047
2	0.03038	0.06678	0.06164	0.32738	0.29788	0.01083	0.01238	0.01335	0.00993	0.04862	0.02749	0.01229	0.00782	0.00554	0.02859	0.00162	0.02482	0.00410	0.00240	0.00616
3	0.01032	0.00826	0.01099	0.05288	0.11118	0.00735	0.02124	0.06572	0.01112	0.05551	0.08584	0.07279	0.01317	0.00560	0.00432	0.00114	0.00393	0.03505	0.00333	0.42027
4	0.00580	0.00414	0.00555	0.00663	0.00696	0.00389	0.00455	0.00670	0.00904	0.01202	0.02557	0.77734	0.03048	0.01445	0.00597	0.00191	0.00281	0.06805	0.00432	0.00381
5	0.00965	0.00827	0.00965	0.00689	0.01102	0.00620	0.00551	0.01171	0.00965	0.01516	0.00827	0.00965	0.00689	0.00345	0.00345	0.00069	0.00345	0.00276	0.00276	0.86494
6	0.01018	0.00983	0.01770	0.04628	0.14451	0.00989	0.31117	0.03367	0.07787	0.02867	0.06635	0.11776	0.03296	0.00655	0.00580	0.00160	0.04809	0.02200	0.00315	0.00598
7	0.01340	0.25983	0.07955	0.06297	0.09736	0.23739	0.00975	0.08114	0.01159	0.02778	0.00830	0.01025	0.00697	0.02745	0.04620	0.00163	0.00657	0.00340	0.00248	0.00600
8	0.09917	0.00902	0.01312	0.56189	0.09595	0.03274	0.01143	0.01332	0.07004	0.01370	0.00995	0.01295	0.02809	0.00489	0.00448	0.00152	0.00563	0.00417	0.00245	0.00549
9	0.04511	0.01014	0.05476	0.13444	0.18910	0.01019	0.03709	0.13722	0.04946	0.03458	0.06888	0.01578	0.04770	0.03763	0.03405	0.00179	0.05008	0.00481	0.00317	0.03404
10	0.04074	0.00932	0.01116	0.02720	0.01235	0.05601	0.07339	0.08898	0.22821	0.07566	0.02853	0.08360	0.04071	0.02434	0.08051	0.02227	0.01504	0.02364	0.00384	0.05450
11	0.01010	0.00892	0.10324	0.05136	0.01197	0.00688	0.01987	0.06111	0.01171	0.10598	0.23857	0.05039	0.03571	0.00755	0.02720	0.02060	0.00405	0.00555	0.02767	0.19156

[dist]
# distance from previous block
# <min> <max>
9	13

[block]
# block no. 4 follows, 55 sequences, length 59
# corresponding to MSA columns:
# 212-230,243-269,272-284
name=unknown_E
#
# <colnr> <probs for GDERKNQSTAVLIFYWHMCP>
#	G	D	E	R	K	N	Q	S	T	A	V	L	I	F	Y	W	H	M	C	P
0	0.01042	0.04101	0.04788	0.14038	0.13070	0.07995	0.03674	0.07061	0.07738	0.01544	0.11270	0.02047	0.09879	0.00675	0.00537	0.00151	0.04360	0.05125	0.00330	0.00575
1	0.00721	0.02529	0.00648	0.00562	0.00731	0.00478	0.00432	0.00894	0.01179	0.05711	0.37765	0.03571	0.35727	0.00975	0.00526	0.00145	0.00250	0.00831	0.00459	0.05867
2	0.01041	0.00883	0.01141	0.03494	0.05257	0.00769	0.05579	0.04655	0.08648	0.03759	0.02957	0.01281	0.03703	0.00441	0.00400	0.00099	0.00395	0.00378	0.00315	0.54805
3	0.00965	0.01041	0.13948	0.05636	0.10108	0.00801	0.04567	0.02164	0.04964	0.05679	0.05435	0.07588	0.05003	0.00852	0.07410	0.00187	0.01569	0.01950	0.01298	0.18835
4	0.83750	0.00885	0.00686	0.00617	0.00897	0.01027	0.00507	0.01348	0.00790	0.02050	0.00670	0.00795	0.00528	0.00545	0.03298	0.00166	0.00393	0.00261	0.00286	0.00501
5	0.01043	0.01002	0.01711	0.32827	0.47306	0.01089	0.03342	0.01331	0.01002	0.01383	0.00851	0.01184	0.00689	0.00444	0.00494	0.00147	0.02872	0.00417	0.00221	0.00645
6	0.00854	0.00521	0.00584	0.00560	0.00700	0.00511	0.00422	0.01130	0.07898	0.06758	0.11416	0.07144	0.17086	0.02686	0.05015	0.00176	0.00311	0.00657	0.35104	0.00469
7	0.01250	0.01044	0.01138	0.00984	0.01265	0.01189	0.02483	0.16178	0.62167	0.02093	0.01750	0.03730	0.01334	0.00634	0.00477	0.00155	0.00401	0.00528	0.00466	0.00734
8	0.00600	0.00417	0.00550	0.00643	0.00684	0.00386	0.00434	0.00688	0.00917	0.02847	0.04664	0.76671	0.05933	0.01416	0.00588	0.00186	0.00270	0.01280	0.00437	0.00389
9	0.01056	0.00984	0.01535	0.38314	0.29172	0.04465	0.03686	0.01392	0.05410	0.03845	0.01017	0.03893	0.00837	0.00505	0.00472	0.00150	0.00576	0.01825	0.00254	0.00611
10	0.01154	0.06912	0.05321	0.03668	0.03343	0.06004	0.55052	0.03527	0.04094	0.02274	0.00975	0.02661	0.00761	0.00441	0.00524	0.00151	0.01752	0.00508	0.00252	0.00625
11	0.01509	0.00670	0.00876	0.00722	0.00989	0.00587	0.00577	0.01696	0.02437	0.49766	0.14392	0.07074	0.15093	0.00786	0.00501	0.00149	0.00334	0.00661	0.00532	0.00646
12	0.00624	0.00471	0.00580	0.00633	0.00723	0.00440	0.00469	0.00788	0.03332	0.01339	0.12925	0.35564	0.23225	0.03473	0.00629	0.00185	0.00288	0.13467	0.00439	0.00406
13	0.01112	0.04073	0.17753	0.06399	0.24893	0.05141	0.15530	0.03996	0.09916	0.01548	0.02786	0.01296	0.02479	0.00478	0.00471	0.00145	0.00603	0.00447	0.00267	0.00668
14	0.00658	0.00450	0.00520	0.00531	0.00557	0.00442	0.00324	0.00697	0.00765	0.01027	0.04336	0.12392	0.08426	0.58943	0.05188	0.00389	0.00431	0.00767	0.02841	0.00317
15	0.00576	0.00455	0.00517	0.00557	0.00665	0.00401	0.00406	0.00689	0.01006	0.01254	0.06163	0.28827	0.46714	0.03477	0.00619	0.00178	0.00265	0.06411	0.00430	0.00389
16	0.11324	0.03712	0.03438	0.00968	0.02962	0.05559	0.01940	0.21575	0.19181	0.14885	0.03425	0.03026	0.03243	0.00602	0.00450	0.00146	0.00450	0.02003	0.00426	0.00685
17	0.01284	0.30374	0.05197	0.01303	0.10237	0.10669	0.13584	0.05927	0.01109	0.06221	0.00945	0.05312	0.00815	0.00552	0.01844	0.00141	0.03187	0.00414	0.00264	0.00620
18	0.00968	0.00950	0.01312	0.08228	0.01337	0.03340	0.00969	0.01099	0.00753	0.01120	0.00734	0.01162	0.00699	0.01201	0.14197	0.00284	0.60522	0.00419	0.00212	0.00495
19	0.01200	0.01291	0.06413	0.03878	0.10137	0.07089	0.44464	0.02991	0.03150	0.06757	0.00990	0.01236	0.00751	0.00538	0.02946	0.00170	0.04612	0.00486	0.00264	0.00637
20	0.05527	0.02994	0.15796	0.02633	0.06982	0.03249	0.03577	0.10647	0.11153	0.10386	0.05970	0.08856	0.04917	0.00669	0.00510	0.00152	0.03273	0.01707	0.00368	0.00635
21	0.01350	0.52652	0.07878	0.00948	0.01311	0.20058	0.00894	0.01520	0.01035	0.03645	0.00713	0.00824	0.00615	0.00445	0.00401	0.00114	0.04502	0.00282	0.00220	0.00592
22	0.04575	0.00885	0.01096	0.04230	0.08677	0.00759	0.00695	0.06499	0.01077	0.08160	0.00926	0.01046	0.00728	0.00393	0.00376	0.00093	0.00391	0.00319	0.00306	0.58769
23	0.02368	0.04481	0.17899	0.06422	0.19375	0.05250	0.04270	0.03914	0.11322	0.02602	0.11970	0.02868	0.04109	0.00576	0.00469	0.00145	0.00516	0.00497	0.00314	0.00634
24	0.01037	0.05298	0.25311	0.01536	0.22442	0.03930	0.03464	0.04642	0.09568	0.01559	0.05736	0.06894	0.05388	0.00593	0.00469	0.00146	0.00532	0.00512	0.00295	0.00649
25	0.00959	0.00807	0.00861	0.00809	0.00906	0.12863	0.00610	0.03899	0.00918	0.03118	0.07917	0.04228	0.01295	0.04394	0.28010	0.20096	0.07122	0.00497	0.00279	0.00412
26	0.01425	0.01302	0.01182	0.01004	0.01298	0.17162	0.00789	0.23702	0.36092	0.02031	0.01372	0.01339	0.01033	0.00562	0.00449	0.00139	0.00497	0.00434	0.02376	0.05811
27	0.01457	0.00785	0.00970	0.00810	0.02893	0.00732	0.00633	0.13605	0.03087	0.35323	0.13391	0.02227	0.15020	0.00712	0.00485	0.00141	0.00361	0.00589	0.00495	0.06282
28	0.01272	0.07869	0.30550	0.01417	0.13731	0.01100	0.07033	0.09188	0.04203	0.14806	0.01191	0.01262	0.03287	0.00495	0.00453	0.00142	0.00568	0.00418	0.00312	0.00704
29	0.01202	0.01126	0.04195	0.16416	0.36852	0.08945	0.02501	0.03602	0.02219	0.08651	0.03468	0.01405	0.04239	0.00577	0.02487	0.00157	0.00578	0.00448	0.00284	0.00650
30	0.00555	0.00462	0.00481	0.00496	0.00632	0.00392	0.00362	0.00665	0.01028	0.01239	0.04348	0.14865	0.68360	0.03264	0.00601	0.00169	0.00246	0.01019	0.00428	0.00388
31	0.02006	0.00922	0.01160	0.00889	0.01252	0.00877	0.00735	0.21839	0.01549	0.61191	0.01653	0.01465	0.01060	0.00571	0.00467	0.00143	0.00425	0.00455	0.00548	0.00792
32	0.01142	0.10061	0.09385	0.04908	0.13557	0.02076	0.08097	0.09905	0.03216	0.08171	0.04256	0.11744	0.04539	0.02684	0.00566	0.00156	0.04029	0.00568	0.00328	0.00614
33	0.01027	0.10397	0.39936	0.05126	0.08909	0.01148	0.14479	0.01490	0.05300	0.02650	0.03427	0.01170	0.00805	0.00497	0.01545	0.00152	0.00640	0.00407	0.00238	0.00657
34	0.00761	0.00611	0.00810	0.00782	0.00868	0.03214	0.00605	0.03347	0.00829	0.01170	0.03561	0.04385	0.01275	0.07290	0.59955	0.00605	0.07349	0.00527	0.01622	0.00431
35	0.01274	0.02631	0.01657	0.04324	0.51428	0.19183	0.01214	0.05147	0.01156	0.01467	0.00942	0.05696	0.00835	0.00496	0.00457	0.00137	0.00600	0.00437	0.00254	0.00667
36	0.00580	0.00434	0.00542	0.00622	0.00690	0.00396	0.00442	0.00682	0.00951	0.01224	0.03102	0.55972	0.22764	0.01370	0.00587	0.00183	0.00276	0.08365	0.00432	0.00386
37	0.01283	0.28995	0.06318	0.01491	0.23643	0.05924	0.03486	0.10348	0.03120	0.03586	0.00864	0.00999	0.00703	0.00434	0.00398	0.00121	0.00536	0.00347	0.00264	0.07140
38	0.02333	0.01412	0.27130	0.01616	0.24161	0.00966	0.06503	0.01404	0.03087	0.05015	0.04445	0.06061	0.01007	0.00522	0.00485	0.00140	0.02675	0.00460	0.00271	0.10307
39	0.01095	0.07194	0.36187	0.01637	0.18840	0.04630	0.11423	0.02582	0.03659	0.03235	0.00973	0.01137	0.02173	0.00450	0.00451	0.00141	0.00628	0.00397	0.00239	0.02929
40	0.01009	0.20841	0.03140	0.00923	0.04986	0.05338	0.00730	0.03403	0.14320	0.01454	0.12626	0.11952	0.08896	0.00763	0.00549	0.00146	0.07410	0.00609	0.00350	0.00556
41	0.00888	0.00560	0.00714	0.00655	0.00809	0.00530	0.00503	0.01183	0.07807	0.12526	0.54687	0.06946	0.06264	0.00915	0.00536	0.00151	0.00265	0.03047	0.00508	0.00507
42	0.07442	0.09873	0.27651	0.02742	0.13074	0.06815	0.04821	0.03960	0.01088	0.07490	0.07386	0.01227	0.00971	0.00500	0.00467	0.00141	0.03033	0.00400	0.00276	0.00641
43	0.01546	0.14226	0.01479	0.01144	0.03477	0.51322	0.00883	0.05765	0.02895	0.02462	0.00892	0.01007	0.03160	0.00524	0.00501	0.00127	0.07425	0.00339	0.00258	0.00567
44	0.00567	0.00468	0.00499	0.00506	0.00647	0.00399	0.00378	0.00695	0.01074	0.01319	0.12539	0.10939	0.64359	0.01180	0.00555	0.00160	0.00241	0.02639	0.00440	0.00397
45	0.00575	0.00417	0.00543	0.00627	0.00673	0.00385	0.00426	0.00673	0.00947	0.01262	0.10624	0.68957	0.09405	0.01384	0.00586	0.00182	0.00262	0.01247	0.00440	0.00385
46	0.01110	0.03778	0.18976	0.06718	0.37436	0.05096	0.04523	0.03895	0.03970	0.01484	0.00932	0.01232	0.00767	0.02254	0.01526	0.00158	0.03492	0.01741	0.00242	0.00670
47	0.00806	0.00711	0.00910	0.00858	0.00940	0.05859	0.00675	0.00953	0.00779	0.01095	0.01090	0.01629	0.01028	0.05090	0.57363	0.00582	0.16766	0.00469	0.00241	0.02156
48	0.00672	0.00468	0.00600	0.00603	0.00638	0.00499	0.00403	0.00743	0.00715	0.00993	0.01410	0.04647	0.01514	0.48927	0.33143	0.00553	0.00751	0.00620	0.01761	0.00339
49	0.07619	0.01031	0.01604	0.22225	0.39441	0.01129	0.03681	0.07157	0.04586	0.01583	0.00898	0.01164	0.00717	0.00468	0.00506	0.00148	0.04725	0.00411	0.00256	0.00653
50	0.00897	0.00656	0.00775	0.00732	0.00898	0.00661	0.00557	0.08258	0.15124	0.05384	0.19189	0.24727	0.10011	0.00997	0.00534	0.00161	0.00314	0.05645	0.00460	0.04021
51	0.00682	0.00483	0.00601	0.00592	0.00641	0.00490	0.00388	0.00745	0.00729	0.01008	0.01454	0.08776	0.01599	0.51239	0.23010	0.00486	0.00640	0.00655	0.00284	0.05498
52	0.01166	0.04093	0.26240	0.07038	0.12549	0.16034	0.08706	0.02449	0.04676	0.03142	0.05315	0.01204	0.00889	0.00497	0.00501	0.00144	0.04062	0.00409	0.00255	0.00631
53	0.00760	0.00541	0.00671	0.00653	0.00780	0.00523	0.00497	0.02262	0.05674	0.05725	0.35102	0.17646	0.17469	0.01059	0.00579	0.00163	0.02426	0.06538	0.00469	0.00462
54	0.03084	0.00664	0.00967	0.03924	0.02863	0.00764	0.03962	0.00990	0.00875	0.04311	0.06972	0.04234	0.08588	0.04624	0.33117	0.00411	0.15471	0.03415	0.00299	0.00464
55	0.03467	0.01952	0.02375	0.04565	0.03029	0.02569	0.02029	0.02961	0.05694	0.01445	0.14077	0.13765	0.28477	0.05036	0.00621	0.00175	0.00346	0.06556	0.00402	0.00460
56	0.01047	0.04001	0.04743	0.03085	0.06461	0.00790	0.03184	0.06433	0.01073	0.03605	0.03792	0.01251	0.00905	0.02436	0.00439	0.00105	0.00413	0.02114	0.00296	0.53828
57	0.01117	0.13419	0.28174	0.01362	0.13708	0.02629	0.05749	0.08391	0.01128	0.03267	0.03900	0.02460	0.02208	0.00479	0.00430	0.00130	0.00556	0.00399	0.00266	0.10229
58	0.02953	0.06658	0.09657	0.03781	0.22184	0.03891	0.12050	0.01622	0.15095	0.05348	0.03863	0.01337	0.01898	0.00503	0.00498	0.00143	0.03666	0.00446	0.00299	0.04107

[dist]
# distance from previous block
# <min> <max>
0	376

# created by:
# /st0/software/busco_prod/Augustus/scripts/msa2prfl.pl ./align_prep/150518.fa
