[name]
unknown

[dist]
# distance from previous block
# <min> <max>
0	180

[block]
# block no. 0 follows, 57 sequences, length 10
# corresponding to MSA columns:
# 180-189
name=unknown_A
#
# <colnr> <probs for GDERKNQSTAVLIFYWHMCP>
#	G	D	E	R	K	N	Q	S	T	A	V	L	I	F	Y	W	H	M	C	P
0	0.00763	0.00648	0.01118	0.01027	0.01192	0.00625	0.18411	0.00980	0.01006	0.01329	0.02089	0.23322	0.02270	0.01097	0.00594	0.00190	0.00458	0.42055	0.00376	0.00449
1	0.00771	0.00613	0.00810	0.19121	0.01244	0.00614	0.00576	0.00897	0.00787	0.01096	0.01124	0.02010	0.01146	0.40308	0.05996	0.00301	0.00496	0.00497	0.00255	0.21337
2	0.01485	0.00687	0.00914	0.00723	0.01001	0.00586	0.00571	0.01575	0.01045	0.43936	0.01324	0.01367	0.00939	0.00756	0.00748	0.21153	0.00376	0.00398	0.00407	0.20009
3	0.00722	0.00995	0.20413	0.19265	0.01519	0.00696	0.00892	0.01002	0.01043	0.01396	0.20347	0.02601	0.25813	0.00767	0.00491	0.00148	0.00417	0.00650	0.00334	0.00490
4	0.00995	0.01000	0.00994	0.00967	0.01079	0.19121	0.00797	0.01150	0.01012	0.01226	0.01746	0.03088	0.07649	0.00956	0.00779	0.00181	0.20589	0.35892	0.00323	0.00458
5	0.00823	0.00751	0.01288	0.09343	0.01459	0.00736	0.20824	0.02840	0.00932	0.01297	0.01343	0.21330	0.01339	0.01317	0.18907	0.00276	0.00656	0.00650	0.00287	0.13602
6	0.00960	0.00540	0.00691	0.00644	0.00815	0.00484	0.00509	0.01129	0.01158	0.20902	0.25566	0.09656	0.21789	0.00978	0.00533	0.00157	0.00293	0.12227	0.00477	0.00494
7	0.01248	0.23313	0.22772	0.00841	0.01231	0.01014	0.00885	0.01517	0.01028	0.20835	0.01151	0.01203	0.00841	0.00473	0.00374	0.00122	0.00448	0.00359	0.19732	0.00615
8	0.01092	0.01084	0.05822	0.00864	0.01130	0.13397	0.00699	0.08501	0.17499	0.03204	0.01460	0.21201	0.01381	0.00706	0.00450	0.00133	0.00433	0.00590	0.00358	0.19995
9	0.21862	0.23125	0.22902	0.00838	0.01194	0.01084	0.00868	0.01208	0.00882	0.01420	0.01100	0.19488	0.01101	0.00640	0.00391	0.00140	0.00452	0.00503	0.00265	0.00535

[dist]
# distance from previous block
# <min> <max>
8	17

[block]
# block no. 1 follows, 57 sequences, length 29
# corresponding to MSA columns:
# 225-253
name=unknown_B
#
# <colnr> <probs for GDERKNQSTAVLIFYWHMCP>
#	G	D	E	R	K	N	Q	S	T	A	V	L	I	F	Y	W	H	M	C	P
0	0.01020	0.00654	0.00763	0.00617	0.00873	0.00570	0.00486	0.04598	0.02478	0.11201	0.14574	0.01744	0.03954	0.00551	0.00391	0.00106	0.00292	0.00455	0.23548	0.31124
1	0.01137	0.01056	0.01628	0.02285	0.59743	0.01097	0.01213	0.03526	0.20477	0.01615	0.01101	0.01260	0.00882	0.00459	0.00452	0.00139	0.00493	0.00430	0.00288	0.00719
2	0.00793	0.00473	0.00550	0.00546	0.00658	0.00470	0.00427	0.03201	0.01079	0.01690	0.22952	0.02603	0.02186	0.00826	0.03027	0.00150	0.00280	0.11253	0.46403	0.00432
3	0.00909	0.02344	0.81727	0.01292	0.01961	0.01052	0.01674	0.01435	0.00957	0.01435	0.00813	0.00957	0.00574	0.00431	0.00431	0.00144	0.00670	0.00335	0.00191	0.00670
4	0.00659	0.00441	0.00501	0.00501	0.00504	0.00443	0.00284	0.00664	0.00661	0.00884	0.01421	0.02929	0.01632	0.81595	0.04765	0.00448	0.00463	0.00654	0.00274	0.00279
5	0.00611	0.00462	0.00563	0.00538	0.00658	0.00414	0.00403	0.00796	0.01210	0.01645	0.58771	0.03669	0.26622	0.00991	0.00535	0.00146	0.00218	0.00859	0.00476	0.00414
6	0.00845	0.00422	0.00422	0.00422	0.00528	0.00422	0.00317	0.01056	0.00950	0.01689	0.01478	0.01689	0.01161	0.00528	0.00317	0.00106	0.00211	0.00422	0.86591	0.00422
7	0.01114	0.01069	0.01825	0.05189	0.78903	0.01075	0.01387	0.01384	0.01028	0.01471	0.00851	0.01124	0.00714	0.00405	0.00449	0.00135	0.00540	0.00404	0.00224	0.00711
8	0.00648	0.00484	0.00718	0.00718	0.00796	0.00561	0.00554	0.00803	0.00725	0.01045	0.01223	0.01830	0.01154	0.06771	0.78936	0.00716	0.01181	0.00493	0.00244	0.00399
9	0.00845	0.00422	0.00422	0.00422	0.00528	0.00422	0.00317	0.01056	0.00950	0.01689	0.01478	0.01689	0.01161	0.00528	0.00317	0.00106	0.00211	0.00422	0.86591	0.00422
10	0.01155	0.01352	0.02482	0.01807	0.02235	0.12328	0.68749	0.01501	0.01099	0.01404	0.00887	0.01166	0.00673	0.00394	0.00517	0.00148	0.00771	0.00501	0.00230	0.00599
11	0.00856	0.00805	0.01359	0.82986	0.03121	0.01007	0.01258	0.01158	0.00906	0.01158	0.00805	0.01208	0.00604	0.00453	0.00453	0.00151	0.00604	0.00403	0.00201	0.00503
12	0.00902	0.00837	0.01328	0.69123	0.05337	0.01026	0.01188	0.01338	0.11873	0.01270	0.00950	0.01272	0.00715	0.00474	0.00454	0.00151	0.00568	0.00418	0.00238	0.00540
13	0.00659	0.00439	0.00494	0.00494	0.00494	0.00439	0.00275	0.00659	0.00659	0.00879	0.01428	0.02965	0.01647	0.84075	0.02306	0.00439	0.00439	0.00659	0.00275	0.00275
14	0.01218	0.01164	0.01066	0.00962	0.01214	0.14146	0.00743	0.02312	0.67730	0.01769	0.01661	0.01550	0.01255	0.00591	0.00453	0.00148	0.00432	0.00477	0.00425	0.00686
15	0.01122	0.01077	0.01839	0.02781	0.81248	0.01077	0.01391	0.01391	0.01032	0.01480	0.00852	0.01122	0.00718	0.00404	0.00449	0.00135	0.00538	0.00404	0.00224	0.00718
16	0.01107	0.00926	0.01088	0.00819	0.01158	0.00877	0.00666	0.17267	0.01150	0.01706	0.00834	0.00977	0.00681	0.00441	0.00518	0.00099	0.11799	0.00315	0.00297	0.57272
17	0.00647	0.00485	0.00728	0.00728	0.00809	0.00566	0.00566	0.00809	0.00728	0.01052	0.01214	0.01780	0.01133	0.03398	0.82279	0.00728	0.01214	0.00485	0.00243	0.00405
18	0.01697	0.02037	0.01295	0.01150	0.01401	0.71110	0.00874	0.12553	0.01401	0.01350	0.00754	0.00854	0.00609	0.00478	0.00415	0.00119	0.00773	0.00308	0.00264	0.00559
19	0.00552	0.00394	0.00526	0.00631	0.00657	0.00368	0.00421	0.00631	0.00868	0.01157	0.02498	0.83779	0.02997	0.01420	0.00578	0.00184	0.00263	0.01288	0.00421	0.00368
20	0.00706	0.00504	0.00702	0.00806	0.00900	0.00500	0.00688	0.00896	0.01019	0.01329	0.02413	0.15957	0.02661	0.01275	0.00619	0.00205	0.00396	0.67595	0.00418	0.00410
21	0.00536	0.00459	0.00459	0.00459	0.00612	0.00383	0.00344	0.00650	0.01033	0.01224	0.04590	0.04361	0.81065	0.01148	0.00536	0.00153	0.00230	0.00956	0.00421	0.00383
22	0.00991	0.00991	0.01388	0.01190	0.01190	0.01388	0.00991	0.01091	0.00694	0.01091	0.00595	0.00991	0.00595	0.00793	0.01487	0.00198	0.83246	0.00397	0.00198	0.00496
23	0.00909	0.02344	0.81727	0.01292	0.01961	0.01052	0.01674	0.01435	0.00957	0.01435	0.00813	0.00957	0.00574	0.00431	0.00431	0.00144	0.00670	0.00335	0.00191	0.00670
24	0.00856	0.00805	0.01359	0.82986	0.03121	0.01007	0.01258	0.01158	0.00906	0.01158	0.00805	0.01208	0.00604	0.00453	0.00453	0.00151	0.00604	0.00403	0.00201	0.00503
25	0.01435	0.01251	0.01190	0.01002	0.01296	0.12419	0.00795	0.32142	0.39328	0.02157	0.01395	0.01338	0.01037	0.00567	0.00451	0.00142	0.00476	0.00442	0.00427	0.00711
26	0.00991	0.00991	0.01388	0.01190	0.01190	0.01388	0.00991	0.01091	0.00694	0.01091	0.00595	0.00991	0.00595	0.00793	0.01487	0.00198	0.83246	0.00397	0.00198	0.00496
27	0.01043	0.00983	0.01658	0.02485	0.70138	0.00979	0.01257	0.01286	0.01009	0.01436	0.01079	0.12517	0.01032	0.00544	0.00466	0.00141	0.00500	0.00526	0.00251	0.00670
28	0.01411	0.31526	0.03936	0.00896	0.01282	0.01412	0.00804	0.36564	0.01475	0.03535	0.00888	0.00941	0.00689	0.00455	0.00377	0.00113	0.00474	0.00327	0.00328	0.12565

[dist]
# distance from previous block
# <min> <max>
0	1

[block]
# block no. 2 follows, 57 sequences, length 30
# corresponding to MSA columns:
# 255-284
name=unknown_C
#
# <colnr> <probs for GDERKNQSTAVLIFYWHMCP>
#	G	D	E	R	K	N	Q	S	T	A	V	L	I	F	Y	W	H	M	C	P
0	0.01090	0.40769	0.35936	0.01017	0.01510	0.03700	0.01155	0.01484	0.07083	0.01288	0.00803	0.00901	0.00640	0.00426	0.00367	0.00122	0.00563	0.00304	0.00215	0.00628
1	0.00606	0.00443	0.00569	0.00577	0.00665	0.00406	0.00417	0.00771	0.01140	0.01570	0.51111	0.26471	0.11392	0.01089	0.00547	0.00155	0.00229	0.00967	0.00469	0.00406
2	0.01240	0.01112	0.01083	0.00957	0.01222	0.08569	0.00746	0.10252	0.65199	0.01922	0.01663	0.01549	0.01248	0.00594	0.00455	0.00149	0.00415	0.00482	0.00439	0.00705
3	0.00656	0.00449	0.00546	0.00546	0.00563	0.00467	0.00339	0.00692	0.00674	0.00917	0.01381	0.02705	0.01535	0.66387	0.19840	0.00503	0.00609	0.00621	0.00268	0.00303
4	0.01412	0.01093	0.01208	0.07309	0.01434	0.01235	0.00825	0.38564	0.35234	0.04649	0.01408	0.01366	0.01028	0.00567	0.00457	0.00145	0.00444	0.00453	0.00440	0.00727
5	0.00845	0.00422	0.00422	0.00422	0.00528	0.00422	0.00317	0.01056	0.00950	0.01689	0.01478	0.01689	0.01161	0.00528	0.00317	0.00106	0.00211	0.00422	0.86591	0.00422
6	0.00940	0.02274	0.77471	0.01299	0.01955	0.01046	0.04016	0.01453	0.00968	0.03280	0.00839	0.00978	0.00590	0.00432	0.00434	0.00144	0.00666	0.00344	0.00201	0.00670
7	0.00652	0.00491	0.00609	0.00587	0.00709	0.00460	0.00450	0.00899	0.05003	0.01678	0.57385	0.03613	0.17847	0.00976	0.00538	0.00150	0.00239	0.06802	0.00477	0.00432
8	0.00845	0.00422	0.00422	0.00422	0.00528	0.00422	0.00317	0.01056	0.00950	0.01689	0.01478	0.01689	0.01161	0.00528	0.00317	0.00106	0.00211	0.00422	0.86591	0.00422
9	0.80590	0.00846	0.00671	0.00606	0.00871	0.00982	0.00497	0.01292	0.00768	0.01957	0.00676	0.00817	0.00540	0.00650	0.06609	0.00186	0.00417	0.00264	0.00278	0.00484
10	0.01111	0.01066	0.01820	0.06073	0.78042	0.01074	0.01385	0.01381	0.01027	0.01467	0.00850	0.01125	0.00713	0.00406	0.00449	0.00135	0.00541	0.00404	0.00223	0.00709
11	0.03398	0.01017	0.01129	0.00941	0.01205	0.01152	0.00758	0.40426	0.20794	0.02181	0.01306	0.03680	0.01033	0.01090	0.14794	0.00247	0.03311	0.00467	0.00405	0.00666
12	0.00814	0.00560	0.00620	0.00574	0.00627	0.00580	0.00360	0.12169	0.00873	0.01166	0.01378	0.02692	0.01520	0.71917	0.02037	0.00395	0.00448	0.00622	0.00301	0.00347
13	0.01110	0.01045	0.01687	0.02452	0.67156	0.01067	0.01273	0.01525	0.12589	0.01537	0.01044	0.01325	0.00872	0.00460	0.00456	0.00140	0.00508	0.02781	0.00265	0.00709
14	0.00850	0.00801	0.01386	0.61659	0.04086	0.00937	0.08773	0.01146	0.00979	0.01288	0.12491	0.01525	0.01149	0.00514	0.00473	0.00150	0.00562	0.00476	0.00248	0.00507
15	0.01053	0.01132	0.02248	0.09625	0.02226	0.01112	0.57877	0.01552	0.12601	0.01488	0.01037	0.01280	0.00780	0.00421	0.00509	0.00150	0.00675	0.00510	0.00262	0.03463
16	0.01331	0.72183	0.02182	0.00780	0.01162	0.01629	0.00759	0.01481	0.00975	0.12783	0.00798	0.00846	0.00660	0.00413	0.00315	0.00103	0.00470	0.00273	0.00247	0.00609
17	0.01585	0.01894	0.01240	0.01086	0.01354	0.64131	0.00825	0.07727	0.01299	0.01297	0.00746	0.00856	0.00611	0.00454	0.00401	0.00111	0.00722	0.00297	0.00256	0.13109
18	0.00608	0.00680	0.12344	0.00723	0.00842	0.00470	0.00598	0.00749	0.00874	0.01188	0.02217	0.69056	0.02600	0.04005	0.00614	0.00187	0.00328	0.01129	0.00382	0.00409
19	0.01160	0.00951	0.01625	0.29783	0.36854	0.00998	0.07277	0.01435	0.01030	0.13025	0.00977	0.01220	0.00735	0.00442	0.00458	0.00142	0.00556	0.00421	0.00266	0.00644
20	0.01225	0.01186	0.04605	0.01690	0.02128	0.01086	0.61917	0.04125	0.01128	0.13151	0.01040	0.01253	0.00749	0.00422	0.00535	0.00151	0.02176	0.00511	0.00283	0.00639
21	0.00984	0.00964	0.01323	0.01114	0.01173	0.01274	0.00925	0.01098	0.00730	0.01147	0.00625	0.00984	0.00606	0.00727	0.01319	0.00179	0.71178	0.00378	0.00208	0.13064
22	0.00892	0.01044	0.13057	0.68430	0.02896	0.01026	0.01306	0.03753	0.00953	0.01253	0.00816	0.01168	0.00605	0.00453	0.00450	0.00149	0.00610	0.00393	0.00208	0.00536
23	0.01311	0.01005	0.03277	0.00841	0.01117	0.02769	0.00693	0.39235	0.11406	0.02233	0.03013	0.01438	0.02881	0.00615	0.01978	0.00140	0.00417	0.00439	0.22165	0.03027
24	0.03884	0.03214	0.01218	0.07092	0.04559	0.03593	0.12160	0.16976	0.07371	0.01660	0.02292	0.04044	0.28588	0.00730	0.00485	0.00146	0.00443	0.00629	0.00361	0.00556
25	0.00990	0.05028	0.01568	0.01214	0.01382	0.02616	0.20678	0.02977	0.00910	0.03478	0.02816	0.14810	0.03032	0.00766	0.00923	0.00173	0.35257	0.00593	0.00271	0.00518
26	0.01274	0.00921	0.01079	0.03663	0.08313	0.01005	0.00743	0.38765	0.03705	0.02156	0.02673	0.01376	0.00978	0.00821	0.08655	0.00189	0.00496	0.00429	0.22136	0.00625
27	0.02566	0.04743	0.01002	0.00794	0.00995	0.03088	0.02504	0.08944	0.01123	0.01574	0.20896	0.08185	0.08011	0.00762	0.00614	0.00140	0.12412	0.04124	0.00358	0.17164
28	0.03468	0.01968	0.01014	0.12806	0.03226	0.13835	0.00716	0.06041	0.11139	0.01345	0.01016	0.01253	0.02313	0.00759	0.00754	0.21995	0.00481	0.00382	0.02280	0.13208
29	0.01048	0.02164	0.01043	0.22600	0.01544	0.03097	0.00788	0.15179	0.04540	0.06077	0.04511	0.03513	0.01112	0.05171	0.17925	0.00280	0.01446	0.00476	0.06953	0.00533

[dist]
# distance from previous block
# <min> <max>
0	83

# created by:
# /st0/software/busco_prod/Augustus/scripts/msa2prfl.pl ./align_prep/150919.fa
