[name]
unknown

[dist]
# distance from previous block
# <min> <max>
3	94

[block]
# block no. 0 follows, 67 sequences, length 13
# corresponding to MSA columns:
# 109-121
name=unknown_A
#
# <colnr> <probs for GDERKNQSTAVLIFYWHMCP>
#	G	D	E	R	K	N	Q	S	T	A	V	L	I	F	Y	W	H	M	C	P
0	0.27126	0.02719	0.18350	0.03544	0.06134	0.00956	0.00837	0.02280	0.02699	0.02313	0.02370	0.00955	0.02538	0.00480	0.00558	0.00133	0.20114	0.00316	0.01872	0.03706
1	0.02417	0.08235	0.17210	0.00975	0.09848	0.03451	0.00826	0.03443	0.02798	0.05611	0.01834	0.00908	0.00644	0.00389	0.00417	0.00101	0.07207	0.00293	0.00234	0.33160
2	0.02525	0.00730	0.03504	0.05167	0.04188	0.00590	0.00575	0.03099	0.02157	0.02265	0.02185	0.06260	0.03878	0.00450	0.00348	0.00089	0.00325	0.04218	0.00263	0.57182
3	0.00645	0.00474	0.00639	0.00610	0.00723	0.00491	0.00469	0.00800	0.02647	0.03586	0.01394	0.03610	0.07771	0.09780	0.50331	0.00454	0.00763	0.04229	0.00257	0.10326
4	0.00950	0.01058	0.10251	0.06608	0.43185	0.04909	0.04801	0.01329	0.12033	0.01340	0.05870	0.01157	0.00879	0.00416	0.00400	0.00121	0.00468	0.00383	0.00239	0.03602
5	0.00521	0.00408	0.00471	0.00455	0.00570	0.00358	0.00342	0.00666	0.01025	0.01346	0.43589	0.03428	0.43552	0.00918	0.00474	0.00131	0.00196	0.00786	0.00407	0.00358
6	0.00879	0.00711	0.00837	0.00600	0.00954	0.00537	0.00481	0.01056	0.00847	0.05366	0.00756	0.00858	0.00614	0.00307	0.00302	0.00063	0.00299	0.00246	0.00250	0.84037
7	0.01139	0.48844	0.04057	0.00897	0.06788	0.05824	0.00763	0.15717	0.01023	0.01286	0.00659	0.00758	0.00558	0.00390	0.00359	0.00100	0.04802	0.00264	0.00220	0.05554
8	0.00851	0.00546	0.00737	0.00636	0.00799	0.00529	0.00494	0.00947	0.00743	0.12840	0.00970	0.01284	0.00832	0.03360	0.31239	0.14755	0.04568	0.00362	0.00253	0.23255
9	0.01048	0.14855	0.07547	0.24503	0.10373	0.04119	0.00933	0.16965	0.13113	0.01446	0.00873	0.01005	0.00670	0.00423	0.00375	0.00121	0.00472	0.00341	0.00257	0.00562
10	0.00631	0.02471	0.05430	0.00683	0.03651	0.00546	0.07694	0.02927	0.05952	0.01224	0.08323	0.03000	0.54294	0.00827	0.00455	0.00132	0.00294	0.00707	0.00343	0.00414
11	0.00578	0.00422	0.00597	0.00600	0.00656	0.00474	0.00447	0.00690	0.00642	0.00907	0.01161	0.01940	0.01162	0.22144	0.61795	0.00566	0.00886	0.03773	0.00228	0.00332
12	0.01026	0.00962	0.01504	0.05852	0.63794	0.04894	0.03167	0.01315	0.06151	0.04014	0.00845	0.01042	0.00684	0.00381	0.00395	0.00120	0.00474	0.00364	0.02406	0.00611

[dist]
# distance from previous block
# <min> <max>
1	5

[block]
# block no. 1 follows, 67 sequences, length 31
# corresponding to MSA columns:
# 128-158
name=unknown_B
#
# <colnr> <probs for GDERKNQSTAVLIFYWHMCP>
#	G	D	E	R	K	N	Q	S	T	A	V	L	I	F	Y	W	H	M	C	P
0	0.08655	0.42951	0.12620	0.00825	0.01159	0.19774	0.00793	0.05207	0.02707	0.01161	0.00636	0.00723	0.00531	0.00377	0.00306	0.00101	0.00504	0.00248	0.00202	0.00518
1	0.00851	0.00550	0.00642	0.00563	0.00719	0.00539	0.00438	0.13129	0.01135	0.10327	0.29998	0.02453	0.19947	0.02832	0.01871	0.00139	0.01772	0.00605	0.11046	0.00445
2	0.00873	0.00783	0.03922	0.00731	0.05764	0.00587	0.00563	0.02447	0.00862	0.03138	0.00739	0.00855	0.00604	0.00311	0.00310	0.00068	0.00322	0.00252	0.00241	0.76628
3	0.00858	0.06332	0.38365	0.03862	0.09126	0.00933	0.16903	0.01251	0.05887	0.01253	0.00910	0.01099	0.03184	0.03523	0.00455	0.00133	0.00536	0.00368	0.00206	0.04816
4	0.00491	0.00355	0.00469	0.00555	0.00585	0.00333	0.00374	0.00565	0.00770	0.01023	0.02250	0.78905	0.06153	0.01311	0.03625	0.00180	0.00263	0.01101	0.00366	0.00328
5	0.00729	0.02046	0.06745	0.04382	0.14827	0.00632	0.06340	0.03922	0.00978	0.01339	0.22116	0.14269	0.06321	0.00758	0.00463	0.00140	0.00361	0.12854	0.00324	0.00453
6	0.00977	0.04425	0.24999	0.09224	0.21387	0.08098	0.10070	0.02184	0.03953	0.04567	0.01767	0.02081	0.00689	0.00425	0.00422	0.01024	0.01622	0.01309	0.00217	0.00561
7	0.00581	0.00441	0.00555	0.00547	0.00634	0.00432	0.00405	0.00786	0.05802	0.01394	0.47931	0.19232	0.10939	0.02975	0.00546	0.00144	0.03127	0.02747	0.00403	0.00378
8	0.00905	0.01230	0.18793	0.10028	0.13040	0.00977	0.46534	0.01248	0.00907	0.01259	0.00775	0.01021	0.00584	0.00356	0.00437	0.00131	0.00618	0.00410	0.00193	0.00555
9	0.00897	0.07552	0.35168	0.17033	0.19165	0.03416	0.05805	0.02334	0.02654	0.01228	0.00739	0.00930	0.00564	0.00380	0.00385	0.00123	0.00546	0.00328	0.00189	0.00564
10	0.01220	0.00886	0.11260	0.14710	0.09777	0.00741	0.02956	0.04928	0.03025	0.34156	0.02924	0.05971	0.02402	0.00523	0.00414	0.00130	0.00419	0.02630	0.00346	0.00583
11	0.00489	0.00349	0.00465	0.00558	0.00582	0.00326	0.00372	0.00558	0.00768	0.01024	0.02210	0.85644	0.02653	0.01256	0.00512	0.00163	0.00233	0.01140	0.00372	0.00326
12	0.08604	0.00734	0.02334	0.00800	0.04842	0.00649	0.01909	0.02970	0.01098	0.68292	0.01423	0.01274	0.00914	0.00475	0.00390	0.00124	0.00354	0.00385	0.01777	0.00652
13	0.01056	0.01033	0.10093	0.13965	0.34746	0.02243	0.09280	0.07936	0.02410	0.09558	0.02163	0.01074	0.00706	0.00401	0.00404	0.00124	0.00494	0.00374	0.01347	0.00592
14	0.00885	0.00979	0.08365	0.15611	0.34782	0.00932	0.15747	0.01143	0.00870	0.01221	0.03187	0.03989	0.00777	0.00449	0.00501	0.00133	0.08136	0.01542	0.00207	0.00544
15	0.88738	0.00776	0.00589	0.00527	0.00776	0.00900	0.00434	0.01179	0.00683	0.01799	0.00558	0.00651	0.00434	0.00372	0.00248	0.00124	0.00310	0.00217	0.00248	0.00434
16	0.00489	0.00349	0.00465	0.00558	0.00582	0.00326	0.00372	0.00558	0.00768	0.01024	0.02210	0.85644	0.02653	0.01256	0.00512	0.00163	0.00233	0.01140	0.00372	0.00326
17	0.00988	0.00920	0.01518	0.08671	0.68884	0.00943	0.01156	0.04369	0.03490	0.01352	0.00803	0.01028	0.00660	0.00375	0.00394	0.00120	0.00466	0.00361	0.02887	0.00614
18	0.01098	0.80957	0.02042	0.00708	0.01042	0.06682	0.00692	0.01226	0.00835	0.00946	0.00561	0.00648	0.00515	0.00347	0.00264	0.00087	0.00447	0.00217	0.00174	0.00512
19	0.00832	0.00713	0.00832	0.00594	0.00950	0.00535	0.00475	0.01010	0.00832	0.01307	0.00713	0.00832	0.00594	0.00297	0.00297	0.00059	0.00297	0.00238	0.00238	0.88357
20	0.00697	0.00348	0.00522	0.00522	0.00522	0.00348	0.00348	0.00522	0.00522	0.00697	0.00697	0.01219	0.00697	0.01393	0.01567	0.88332	0.00348	0.00348	0.00174	0.00174
21	0.00597	0.00389	0.00504	0.00559	0.00624	0.00356	0.00395	0.00686	0.00832	0.07329	0.03851	0.62248	0.13299	0.01150	0.00500	0.00157	0.00244	0.05539	0.00383	0.00358
22	0.00757	0.00713	0.01203	0.84942	0.02762	0.00891	0.01114	0.01025	0.00802	0.01025	0.00713	0.01069	0.00535	0.00401	0.00401	0.00134	0.00535	0.00356	0.00178	0.00446
23	0.01498	0.01911	0.01137	0.01033	0.01240	0.84295	0.00775	0.01601	0.01137	0.00982	0.00620	0.00723	0.00517	0.00413	0.00362	0.00103	0.00723	0.00258	0.00207	0.00465
24	0.00787	0.01667	0.59372	0.01084	0.01526	0.00913	0.04204	0.01158	0.00794	0.01187	0.00747	0.00958	0.00581	0.00775	0.11861	0.00203	0.11136	0.00328	0.00177	0.00540
25	0.00886	0.00526	0.00647	0.00570	0.00720	0.03363	0.00440	0.01062	0.01134	0.20755	0.59558	0.02553	0.04698	0.00734	0.00453	0.00125	0.00244	0.00636	0.00445	0.00452
26	0.00697	0.00348	0.00522	0.00522	0.00522	0.00348	0.00348	0.00522	0.00522	0.00697	0.00697	0.01219	0.00697	0.01393	0.01567	0.88332	0.00348	0.00348	0.00174	0.00174
27	0.00772	0.00725	0.01204	0.79743	0.04907	0.00896	0.01100	0.01069	0.03670	0.01055	0.00746	0.01082	0.00561	0.00405	0.00401	0.00133	0.00525	0.00360	0.00187	0.00457
28	0.00600	0.00437	0.00612	0.00609	0.00678	0.00498	0.00461	0.00764	0.03649	0.00972	0.01132	0.01700	0.01069	0.13188	0.65968	0.00561	0.00908	0.00447	0.05391	0.00355
29	0.01033	0.19951	0.06539	0.05237	0.03052	0.16274	0.05599	0.03903	0.08907	0.01157	0.00856	0.02015	0.02678	0.00556	0.03601	0.00137	0.11666	0.00336	0.00225	0.06278
30	0.05749	0.02928	0.05803	0.07223	0.12956	0.02003	0.03691	0.03588	0.04607	0.06784	0.08125	0.04342	0.02774	0.00460	0.00387	0.00108	0.01788	0.00390	0.00275	0.26020

[dist]
# distance from previous block
# <min> <max>
3	17

[block]
# block no. 2 follows, 67 sequences, length 37
# corresponding to MSA columns:
# 182-218
name=unknown_C
#
# <colnr> <probs for GDERKNQSTAVLIFYWHMCP>
#	G	D	E	R	K	N	Q	S	T	A	V	L	I	F	Y	W	H	M	C	P
0	0.00819	0.00830	0.03550	0.56807	0.08385	0.06861	0.02023	0.01087	0.03130	0.01103	0.05851	0.01295	0.00832	0.03466	0.00464	0.00140	0.00511	0.02178	0.00211	0.00459
1	0.06142	0.00534	0.00644	0.00617	0.00755	0.01395	0.00471	0.02514	0.07107	0.18684	0.09247	0.28685	0.04264	0.02964	0.00519	0.02601	0.00289	0.08426	0.03698	0.00444
2	0.06136	0.00692	0.00875	0.20412	0.11123	0.05774	0.00691	0.02460	0.04772	0.03002	0.04229	0.09260	0.07979	0.12538	0.00688	0.03494	0.00406	0.04773	0.00270	0.00423
3	0.00882	0.03153	0.02872	0.17275	0.20773	0.04664	0.00824	0.02885	0.09307	0.04849	0.03832	0.08782	0.05824	0.03851	0.01558	0.01901	0.00427	0.05569	0.00277	0.00494
4	0.05048	0.00602	0.00619	0.05205	0.00782	0.07106	0.00445	0.02125	0.07409	0.02738	0.07325	0.14215	0.10900	0.26099	0.02177	0.00219	0.00361	0.04004	0.02250	0.00370
5	0.03982	0.00439	0.00518	0.00529	0.00591	0.00434	0.00368	0.02867	0.00764	0.05201	0.01716	0.19862	0.06322	0.38604	0.01164	0.00257	0.00330	0.11474	0.04249	0.00329
6	0.02788	0.00551	0.00649	0.00686	0.06154	0.00581	0.00433	0.01038	0.20100	0.03025	0.01448	0.11383	0.02550	0.44321	0.02378	0.00273	0.00364	0.00588	0.00301	0.00389
7	0.03881	0.00704	0.01114	0.62136	0.05742	0.00855	0.00984	0.01058	0.04846	0.01093	0.00781	0.01105	0.00610	0.00595	0.05480	0.02611	0.02515	0.00359	0.01523	0.02009
8	0.83179	0.00765	0.00614	0.00582	0.03066	0.00881	0.00454	0.01158	0.00692	0.01758	0.00622	0.03666	0.00518	0.00403	0.00262	0.00125	0.00312	0.00254	0.00251	0.00436
9	0.00623	0.00390	0.00493	0.00513	0.00542	0.00378	0.00338	0.00641	0.00692	0.03783	0.05245	0.21926	0.03361	0.38145	0.01345	0.14370	0.00330	0.06310	0.00291	0.00284
10	0.06975	0.00808	0.01188	0.09004	0.33596	0.00788	0.03202	0.03016	0.03972	0.01357	0.04129	0.05213	0.00849	0.00418	0.00372	0.00108	0.00398	0.00376	0.00242	0.23989
11	0.00617	0.00423	0.00542	0.00553	0.00620	0.00424	0.00393	0.00744	0.06563	0.02968	0.08519	0.24723	0.12237	0.09345	0.14745	0.14827	0.00407	0.00701	0.00312	0.00335
12	0.73410	0.00739	0.00624	0.00548	0.00788	0.00830	0.00447	0.01227	0.00726	0.11078	0.00684	0.00768	0.00514	0.00449	0.00347	0.05539	0.00316	0.00246	0.00272	0.00447
13	0.00604	0.00420	0.00502	0.00500	0.00566	0.00400	0.00340	0.03511	0.00865	0.03080	0.21752	0.21489	0.13828	0.29190	0.00999	0.00223	0.00280	0.00768	0.00350	0.00334
14	0.22159	0.00674	0.00763	0.00607	0.00886	0.00621	0.00493	0.01396	0.00937	0.35126	0.03435	0.02789	0.05396	0.00472	0.00347	0.00110	0.00306	0.00367	0.02940	0.20175
15	0.01164	0.00531	0.00709	0.00639	0.00813	0.00479	0.00489	0.01306	0.02932	0.42096	0.01840	0.35792	0.01720	0.02825	0.00487	0.00147	0.00295	0.02825	0.02398	0.00511
16	0.00841	0.00523	0.00609	0.00560	0.00662	0.00529	0.00387	0.01097	0.16170	0.13852	0.06983	0.06013	0.03921	0.44673	0.01261	0.00265	0.00342	0.00573	0.00336	0.00400
17	0.06300	0.00472	0.00588	0.00557	0.00690	0.00435	0.00417	0.00959	0.00966	0.19256	0.24996	0.29135	0.11894	0.00885	0.00456	0.00138	0.00245	0.00771	0.00411	0.00427
18	0.07283	0.00513	0.00610	0.00555	0.00714	0.00477	0.00425	0.04041	0.01016	0.19745	0.22708	0.17216	0.21481	0.00826	0.00445	0.00134	0.00252	0.00705	0.00409	0.00443
19	0.00949	0.00809	0.00877	0.00786	0.00990	0.00931	0.00613	0.03781	0.67258	0.01663	0.12230	0.01658	0.01521	0.00584	0.00448	0.00136	0.03282	0.00483	0.00404	0.00596
20	0.00500	0.00397	0.00450	0.00465	0.00568	0.00347	0.00341	0.00615	0.00930	0.01181	0.19816	0.20402	0.48730	0.01027	0.00483	0.00140	0.00210	0.02666	0.00386	0.00345
21	0.28479	0.00706	0.00799	0.00648	0.00918	0.00698	0.00530	0.03554	0.03904	0.46802	0.07982	0.01274	0.01051	0.00486	0.00361	0.00125	0.00321	0.00373	0.00410	0.00579
22	0.11847	0.00467	0.00511	0.00496	0.00626	0.00447	0.00375	0.00828	0.00895	0.07718	0.15687	0.13191	0.28357	0.04881	0.01841	0.00154	0.00257	0.03702	0.07337	0.00382
23	0.02386	0.06296	0.69578	0.01075	0.01611	0.00972	0.01335	0.01354	0.09267	0.01304	0.00802	0.00900	0.00581	0.00396	0.00375	0.00126	0.00551	0.00307	0.00195	0.00590
24	0.00946	0.00882	0.03597	0.05287	0.30588	0.04500	0.09874	0.02727	0.05423	0.06053	0.01046	0.01395	0.02676	0.02151	0.13529	0.00214	0.03821	0.04513	0.00245	0.00534
25	0.02002	0.00554	0.00721	0.00673	0.02644	0.00541	0.00501	0.01245	0.09020	0.28409	0.06968	0.14284	0.05428	0.09390	0.13632	0.00240	0.00428	0.02458	0.00379	0.00484
26	0.00563	0.00392	0.00527	0.00560	0.00603	0.00402	0.00394	0.00637	0.00703	0.01789	0.02963	0.30716	0.05428	0.18215	0.26671	0.04846	0.00532	0.03448	0.00291	0.00318
27	0.43914	0.12131	0.13899	0.02195	0.08723	0.01005	0.00744	0.06447	0.00850	0.05882	0.00684	0.00777	0.00522	0.00382	0.00304	0.00119	0.00399	0.00263	0.00243	0.00517
28	0.11001	0.02659	0.00868	0.02698	0.11183	0.00693	0.03789	0.07816	0.02556	0.05270	0.06777	0.04133	0.27015	0.04938	0.00534	0.00145	0.03528	0.03624	0.00320	0.00455
29	0.10833	0.26754	0.05239	0.00758	0.03834	0.02799	0.02442	0.02903	0.04628	0.07531	0.01182	0.07242	0.04753	0.06874	0.04695	0.00166	0.00427	0.06196	0.00268	0.00476
30	0.04071	0.15394	0.02010	0.01808	0.07282	0.03163	0.02063	0.08710	0.00831	0.01141	0.00914	0.01363	0.00855	0.11649	0.30658	0.02614	0.03386	0.01426	0.00227	0.00435
31	0.18747	0.07477	0.01041	0.00820	0.04162	0.03866	0.00647	0.06931	0.01728	0.01361	0.00700	0.03810	0.00623	0.00478	0.00572	0.00118	0.22410	0.00310	0.00234	0.23968
32	0.20770	0.07278	0.02321	0.02103	0.05214	0.02990	0.03090	0.18085	0.01011	0.07511	0.00747	0.00869	0.00585	0.00461	0.00532	0.00125	0.17482	0.00308	0.00270	0.08249
33	0.20098	0.11430	0.08270	0.00924	0.05739	0.01086	0.00777	0.05799	0.02712	0.01326	0.03742	0.00908	0.00663	0.00529	0.00690	0.01888	0.29951	0.00315	0.00222	0.02930
34	0.22635	0.16409	0.01204	0.04081	0.01057	0.03655	0.01664	0.03392	0.00755	0.03525	0.00634	0.02483	0.00564	0.00518	0.00689	0.00136	0.33068	0.00306	0.00215	0.03012
35	0.33305	0.05699	0.01051	0.00890	0.04434	0.07093	0.00705	0.05318	0.00767	0.01368	0.00579	0.00779	0.00504	0.00514	0.00709	0.00141	0.35176	0.00288	0.00217	0.00464
36	0.21495	0.10289	0.03267	0.00871	0.01008	0.01120	0.02983	0.02493	0.00719	0.02304	0.03041	0.01999	0.01883	0.00575	0.00826	0.00147	0.43973	0.00336	0.00214	0.00456

[dist]
# distance from previous block
# <min> <max>
0	27

# created by:
# /st0/software/busco_prod/Augustus/scripts/msa2prfl.pl ./align_prep/151161.fa
