[name]
unknown

[dist]
# distance from previous block
# <min> <max>
8	78

[block]
# block no. 0 follows, 50 sequences, length 48
# corresponding to MSA columns:
# 131-178
name=unknown_A
#
# <colnr> <probs for GDERKNQSTAVLIFYWHMCP>
#	G	D	E	R	K	N	Q	S	T	A	V	L	I	F	Y	W	H	M	C	P
0	0.01037	0.02627	0.08955	0.05559	0.16762	0.02701	0.03946	0.04561	0.04453	0.02736	0.15723	0.08148	0.01768	0.03106	0.03758	0.03165	0.01735	0.00601	0.00347	0.08313
1	0.03088	0.00821	0.01103	0.01042	0.08298	0.00749	0.04432	0.04212	0.05337	0.10191	0.12116	0.11908	0.05276	0.00766	0.00507	0.00144	0.00399	0.05203	0.00415	0.23992
2	0.01008	0.01026	0.07260	0.01515	0.24179	0.00849	0.04082	0.01320	0.04006	0.01635	0.10221	0.05877	0.05709	0.00686	0.02098	0.00149	0.00478	0.02247	0.00330	0.25323
3	0.01178	0.00942	0.04507	0.03263	0.13138	0.02557	0.05281	0.02783	0.02822	0.14501	0.14460	0.08017	0.09113	0.00737	0.00545	0.00150	0.02440	0.00642	0.00408	0.12515
4	0.11070	0.10316	0.01403	0.05986	0.12354	0.06225	0.03708	0.04521	0.08592	0.08474	0.06593	0.03221	0.01200	0.00575	0.00468	0.00144	0.02045	0.00465	0.07694	0.04944
5	0.07933	0.01015	0.01432	0.19408	0.17429	0.02978	0.05322	0.06537	0.05299	0.10440	0.02736	0.01545	0.05505	0.00578	0.00513	0.01910	0.00532	0.00479	0.00340	0.08069
6	0.01215	0.01206	0.04503	0.14735	0.29718	0.05911	0.04165	0.06006	0.18423	0.01712	0.01295	0.04955	0.01075	0.00587	0.00508	0.00160	0.00575	0.02213	0.00328	0.00711
7	0.00650	0.00479	0.00591	0.00641	0.00696	0.00460	0.00433	0.00731	0.00947	0.01241	0.05663	0.42050	0.18130	0.17748	0.03663	0.01698	0.02254	0.01118	0.00417	0.00391
8	0.02660	0.10606	0.25185	0.03485	0.11622	0.09701	0.16621	0.04527	0.02915	0.06583	0.00989	0.01157	0.00744	0.00477	0.00481	0.00150	0.00693	0.00422	0.00274	0.00708
9	0.04763	0.12257	0.01435	0.00968	0.01327	0.05179	0.00809	0.29979	0.01659	0.27160	0.05267	0.01414	0.01118	0.00636	0.00525	0.03333	0.00498	0.00450	0.00471	0.00753
10	0.01227	0.04618	0.06655	0.00960	0.01220	0.10031	0.01899	0.03236	0.20604	0.09789	0.14178	0.02329	0.06722	0.05616	0.00696	0.00181	0.04577	0.04408	0.00427	0.00628
11	0.18775	0.01219	0.12267	0.09577	0.02960	0.04390	0.05399	0.04157	0.05533	0.21125	0.01316	0.01555	0.00988	0.01956	0.00501	0.00165	0.00533	0.04437	0.02474	0.00673
12	0.01151	0.07815	0.27154	0.04977	0.18282	0.01150	0.12033	0.02782	0.03979	0.05943	0.01192	0.09140	0.01016	0.00581	0.00502	0.00158	0.00625	0.00529	0.00288	0.00701
13	0.01907	0.01377	0.01484	0.01138	0.01536	0.01517	0.00940	0.75084	0.02312	0.05814	0.01224	0.01214	0.00861	0.00599	0.00499	0.00150	0.00544	0.00451	0.00503	0.00848
14	0.00672	0.00504	0.00610	0.00665	0.00753	0.00470	0.00466	0.04608	0.01092	0.01418	0.06597	0.54617	0.22870	0.01412	0.00615	0.00189	0.00290	0.01251	0.00468	0.00434
15	0.03911	0.01038	0.03867	0.01035	0.03922	0.00936	0.02180	0.17096	0.01548	0.52428	0.01646	0.01502	0.01074	0.00583	0.00490	0.00149	0.00468	0.00471	0.00538	0.05118
16	0.01770	0.06191	0.01316	0.00966	0.01323	0.02346	0.02674	0.19516	0.09076	0.34506	0.01609	0.01627	0.01144	0.00681	0.02297	0.00163	0.00485	0.02938	0.04305	0.05067
17	0.01142	0.01022	0.01722	0.41128	0.38357	0.01124	0.01418	0.01450	0.01082	0.05407	0.00964	0.01304	0.00751	0.00479	0.00496	0.00157	0.00619	0.00446	0.00253	0.00677
18	0.81698	0.00960	0.00771	0.04736	0.01089	0.01118	0.00583	0.01456	0.00856	0.02188	0.00704	0.00836	0.00546	0.00464	0.00318	0.00155	0.00400	0.00279	0.00304	0.00541
19	0.00724	0.00488	0.00568	0.00568	0.00576	0.00496	0.00332	0.00740	0.00732	0.00984	0.01548	0.03139	0.01759	0.75051	0.09895	0.00513	0.00564	0.00707	0.00299	0.00316
20	0.00645	0.00479	0.00645	0.00741	0.00772	0.00479	0.00516	0.00740	0.00952	0.01278	0.02619	0.73792	0.03121	0.01512	0.00697	0.00205	0.05077	0.04867	0.00448	0.00416
21	0.00941	0.00886	0.01495	0.81285	0.03433	0.01107	0.01384	0.01274	0.00997	0.01274	0.00886	0.01329	0.00664	0.00498	0.00498	0.00166	0.00664	0.00443	0.00221	0.00554
22	0.01287	0.00916	0.01069	0.00818	0.01186	0.00828	0.00659	0.16747	0.01316	0.09652	0.01161	0.01289	0.00903	0.00777	0.08001	0.00170	0.00491	0.00384	0.07509	0.44838
23	0.01107	0.01188	0.03151	0.04529	0.01785	0.09118	0.29325	0.02892	0.04680	0.01445	0.01327	0.09845	0.03755	0.01032	0.09520	0.00245	0.13555	0.00620	0.00293	0.00587
24	0.01271	0.02898	0.01959	0.04612	0.68822	0.06521	0.01455	0.01583	0.03167	0.01596	0.00949	0.01221	0.00793	0.00456	0.00487	0.00147	0.00608	0.00435	0.00253	0.00767
25	0.02643	0.04194	0.12746	0.01002	0.01457	0.02689	0.03745	0.14210	0.02893	0.07118	0.01022	0.01124	0.00780	0.00467	0.00458	0.00117	0.02611	0.00365	0.00336	0.40024
26	0.00727	0.00524	0.00786	0.00786	0.00866	0.00604	0.00604	0.00866	0.00786	0.01128	0.01289	0.01914	0.01208	0.03539	0.72717	0.09200	0.01246	0.00524	0.00262	0.00422
27	0.01322	0.17265	0.22149	0.02564	0.04775	0.11912	0.04875	0.04473	0.15305	0.05576	0.02520	0.01262	0.00934	0.00598	0.02242	0.00160	0.00637	0.00416	0.00313	0.00701
28	0.01070	0.00873	0.01027	0.00741	0.01171	0.00661	0.00592	0.01291	0.01061	0.04657	0.03392	0.01144	0.00882	0.00399	0.00381	0.00080	0.00367	0.00322	0.00316	0.79575
29	0.01207	0.00975	0.03106	0.00862	0.03194	0.00773	0.00688	0.06995	0.02917	0.08325	0.01027	0.01126	0.00804	0.00418	0.00399	0.00092	0.00402	0.00336	0.00339	0.66014
30	0.03557	0.05048	0.18560	0.03139	0.12671	0.03000	0.03105	0.05559	0.07711	0.19698	0.02349	0.04276	0.01093	0.00586	0.00483	0.00152	0.00539	0.02109	0.02362	0.04004
31	0.03186	0.54958	0.02184	0.00989	0.01358	0.27538	0.00883	0.01654	0.01140	0.01209	0.00718	0.00832	0.00638	0.00456	0.00362	0.00115	0.00649	0.00284	0.00229	0.00618
32	0.00965	0.00597	0.00750	0.00682	0.00857	0.00556	0.00523	0.01245	0.06303	0.14360	0.45387	0.06525	0.15217	0.01059	0.02565	0.00177	0.00308	0.00850	0.00533	0.00541
33	0.04755	0.04237	0.16215	0.03931	0.05236	0.06626	0.01018	0.12756	0.03811	0.18213	0.02584	0.04948	0.01121	0.02353	0.06257	0.00206	0.00610	0.02149	0.00386	0.02588
34	0.01303	0.16367	0.30030	0.01470	0.10925	0.07170	0.06831	0.07811	0.05265	0.05077	0.00993	0.01120	0.00754	0.00486	0.00458	0.00144	0.00648	0.00392	0.00280	0.02474
35	0.01033	0.01001	0.03468	0.39686	0.18018	0.01091	0.04126	0.01533	0.14120	0.01529	0.04006	0.03425	0.03667	0.00582	0.00511	0.00163	0.00576	0.00526	0.00301	0.00639
36	0.00620	0.00489	0.00555	0.00573	0.00695	0.00429	0.00413	0.00755	0.01136	0.01446	0.18995	0.22134	0.44817	0.03841	0.00661	0.00184	0.00265	0.01095	0.00475	0.00423
37	0.01182	0.18459	0.03266	0.12001	0.10672	0.15000	0.04431	0.04167	0.01169	0.01411	0.04895	0.13472	0.06465	0.00711	0.00486	0.00149	0.00572	0.00595	0.00307	0.00589
38	0.03475	0.07128	0.06320	0.08480	0.34688	0.05538	0.03702	0.13622	0.05911	0.04842	0.01046	0.01224	0.00814	0.00497	0.00478	0.00149	0.00596	0.00431	0.00312	0.00747
39	0.00612	0.00496	0.00543	0.00551	0.00692	0.00427	0.00406	0.00752	0.01160	0.01450	0.17586	0.14758	0.56310	0.01259	0.00595	0.00171	0.00254	0.01074	0.00478	0.00427
40	0.02965	0.00549	0.00618	0.00584	0.00730	0.00546	0.00441	0.01285	0.03596	0.10988	0.05112	0.05491	0.03029	0.05458	0.06348	0.00200	0.00361	0.00559	0.50631	0.00509
41	0.05906	0.01469	0.13767	0.03333	0.19993	0.10722	0.06338	0.09621	0.04277	0.10758	0.01181	0.04068	0.00945	0.01840	0.00549	0.00161	0.02400	0.01626	0.00335	0.00711
42	0.01540	0.10266	0.12197	0.03232	0.05788	0.20611	0.02128	0.23866	0.05490	0.03758	0.03590	0.01289	0.02947	0.00564	0.00471	0.00143	0.00639	0.00426	0.00351	0.00706
43	0.01078	0.01077	0.06883	0.02381	0.03781	0.07100	0.18820	0.02828	0.03882	0.06838	0.12523	0.15006	0.06916	0.04276	0.01768	0.00188	0.01713	0.00744	0.01617	0.00579
44	0.24983	0.01050	0.02348	0.01166	0.08349	0.05236	0.10023	0.07399	0.07109	0.06188	0.09087	0.08307	0.01443	0.04529	0.00571	0.00175	0.00488	0.00559	0.00376	0.00614
45	0.14219	0.00716	0.00714	0.00737	0.02828	0.04943	0.00528	0.02682	0.03008	0.02766	0.08593	0.24226	0.25874	0.03659	0.00605	0.00182	0.00350	0.02462	0.00427	0.00479
46	0.01574	0.07212	0.01560	0.01274	0.08184	0.10278	0.04782	0.37273	0.04313	0.03588	0.01247	0.05340	0.02454	0.00598	0.00482	0.00142	0.00563	0.00480	0.00398	0.08256
47	0.04120	0.07917	0.06419	0.02233	0.03351	0.09146	0.02489	0.14128	0.22243	0.06641	0.05532	0.01744	0.06272	0.02509	0.01727	0.00168	0.00522	0.00514	0.00409	0.01916

[dist]
# distance from previous block
# <min> <max>
3	10

[block]
# block no. 1 follows, 50 sequences, length 53
# corresponding to MSA columns:
# 191-243
name=unknown_B
#
# <colnr> <probs for GDERKNQSTAVLIFYWHMCP>
#	G	D	E	R	K	N	Q	S	T	A	V	L	I	F	Y	W	H	M	C	P
0	0.09123	0.15787	0.23853	0.01202	0.09151	0.04909	0.01088	0.02706	0.05705	0.03636	0.02557	0.06786	0.06773	0.02739	0.00508	0.00157	0.00544	0.00499	0.00303	0.01974
1	0.10716	0.35445	0.03296	0.01012	0.02928	0.18450	0.00866	0.10762	0.03657	0.05137	0.00991	0.01061	0.02760	0.00509	0.00395	0.00129	0.00586	0.00346	0.00301	0.00654
2	0.03027	0.00788	0.00936	0.00887	0.03499	0.02635	0.00648	0.08621	0.01124	0.01588	0.01856	0.35391	0.04298	0.00997	0.00612	0.00160	0.06576	0.03073	0.00388	0.22897
3	0.01255	0.11372	0.17853	0.01148	0.05477	0.06964	0.02841	0.10136	0.04543	0.08250	0.07359	0.09924	0.05389	0.00704	0.00519	0.00153	0.02431	0.00574	0.00363	0.02742
4	0.01037	0.05068	0.17348	0.02478	0.07581	0.05088	0.13781	0.03894	0.03561	0.02967	0.11634	0.17095	0.04756	0.00784	0.00539	0.00164	0.00549	0.00711	0.00350	0.00612
5	0.01104	0.01052	0.01789	0.37706	0.45739	0.01150	0.01465	0.01416	0.01074	0.01471	0.00915	0.01276	0.00734	0.00468	0.00496	0.00156	0.00624	0.00444	0.00236	0.00685
6	0.00719	0.00492	0.00582	0.00582	0.00601	0.00503	0.00353	0.00750	0.00750	0.01008	0.01645	0.03111	0.04181	0.67880	0.14382	0.00522	0.00606	0.00706	0.00302	0.00328
7	0.01411	0.05408	0.07843	0.06418	0.23826	0.15141	0.09230	0.06592	0.04883	0.08114	0.01100	0.03718	0.00882	0.00539	0.00522	0.00152	0.02744	0.00464	0.00308	0.00705
8	0.00652	0.00465	0.00572	0.00622	0.00669	0.00437	0.00409	0.00737	0.00967	0.01287	0.12491	0.41096	0.11334	0.24561	0.01167	0.00273	0.00334	0.01113	0.00428	0.00386
9	0.00655	0.00454	0.00564	0.00633	0.00651	0.00436	0.00398	0.00706	0.00862	0.01149	0.02273	0.50387	0.02699	0.34148	0.01402	0.00316	0.00367	0.01138	0.00398	0.00363
10	0.01402	0.04293	0.02645	0.01303	0.12168	0.16024	0.03946	0.11934	0.07557	0.09994	0.16475	0.06914	0.01788	0.00697	0.00512	0.00151	0.00532	0.00586	0.00413	0.00666
11	0.01846	0.02927	0.06539	0.01158	0.08052	0.00883	0.04542	0.04144	0.05249	0.52005	0.01886	0.01744	0.05447	0.00617	0.00504	0.00155	0.00474	0.00519	0.00514	0.00796
12	0.00929	0.00465	0.00465	0.00465	0.00581	0.00465	0.00348	0.01161	0.01045	0.01858	0.01626	0.01858	0.01278	0.00581	0.00348	0.00116	0.00232	0.00465	0.85250	0.00465
13	0.07201	0.01163	0.21669	0.00908	0.01191	0.00813	0.02471	0.03178	0.00955	0.07254	0.02838	0.02120	0.02799	0.30493	0.10402	0.00350	0.02810	0.00551	0.00308	0.00525
14	0.03979	0.07976	0.20314	0.06201	0.23741	0.02855	0.15194	0.01667	0.07409	0.04413	0.01033	0.01229	0.00792	0.00475	0.00487	0.00153	0.00648	0.00442	0.00272	0.00721
15	0.02395	0.07837	0.56825	0.04682	0.01985	0.01148	0.04049	0.01551	0.02925	0.03894	0.04735	0.03792	0.00954	0.00539	0.00477	0.00156	0.00661	0.00437	0.00257	0.00698
16	0.00763	0.00547	0.00631	0.00639	0.00685	0.00562	0.00406	0.00964	0.10276	0.01201	0.04320	0.18983	0.02156	0.51956	0.03480	0.00385	0.00443	0.00846	0.00367	0.00390
17	0.18776	0.07229	0.03361	0.05828	0.20251	0.12712	0.18386	0.04886	0.01160	0.01701	0.00870	0.01092	0.00692	0.00461	0.00458	0.00149	0.00650	0.00409	0.00269	0.00660
18	0.01043	0.01009	0.01414	0.01227	0.01240	0.01394	0.01016	0.01164	0.00776	0.01214	0.00760	0.01211	0.00739	0.01186	0.10472	0.00281	0.70135	0.00448	0.02741	0.00532
19	0.11736	0.02601	0.01292	0.01048	0.03796	0.01288	0.00826	0.45472	0.03765	0.06078	0.01169	0.01270	0.00877	0.02627	0.00586	0.02693	0.02889	0.00429	0.05040	0.04517
20	0.00665	0.00504	0.00613	0.00595	0.00722	0.00452	0.00443	0.00859	0.01302	0.01761	0.52491	0.08672	0.26855	0.01124	0.00591	0.00163	0.00244	0.00977	0.00518	0.00452
21	0.01047	0.00892	0.01047	0.00775	0.01188	0.00712	0.00624	0.02892	0.02685	0.01650	0.00989	0.01260	0.00850	0.00438	0.00420	0.00088	0.02380	0.03683	0.00309	0.76070
22	0.01863	0.02353	0.01414	0.01281	0.01541	0.78633	0.00963	0.03763	0.01434	0.01265	0.00780	0.00906	0.00647	0.00516	0.00451	0.00129	0.00891	0.00324	0.00262	0.00584
23	0.01895	0.01396	0.01496	0.01147	0.01546	0.01546	0.00947	0.77711	0.02344	0.03141	0.01197	0.01197	0.00848	0.00598	0.00499	0.00150	0.00548	0.00449	0.00499	0.00848
24	0.00792	0.03188	0.01076	0.04578	0.06634	0.00667	0.09390	0.00985	0.01088	0.01450	0.09677	0.32400	0.12517	0.01135	0.00594	0.00183	0.00407	0.10307	0.02441	0.00492
25	0.00614	0.00442	0.00582	0.00682	0.00723	0.00410	0.00460	0.00714	0.00996	0.01331	0.08661	0.73275	0.06244	0.01509	0.00631	0.00198	0.00284	0.01364	0.00469	0.00410
26	0.01012	0.00914	0.01198	0.01057	0.01105	0.02999	0.00855	0.03118	0.00884	0.01331	0.04037	0.01596	0.02538	0.06189	0.12788	0.00300	0.48127	0.00498	0.08941	0.00511
27	0.01249	0.04941	0.18278	0.01235	0.06005	0.03577	0.02673	0.09686	0.34490	0.03102	0.01563	0.02919	0.03048	0.02341	0.00565	0.00168	0.02524	0.00509	0.00390	0.00738
28	0.00618	0.00502	0.00552	0.00577	0.00719	0.00436	0.00436	0.00754	0.01126	0.01382	0.08102	0.15234	0.57896	0.01302	0.00605	0.00178	0.00277	0.08412	0.00467	0.00425
29	0.02651	0.02037	0.42509	0.04270	0.11582	0.11389	0.09786	0.02814	0.01138	0.01562	0.02844	0.01217	0.00800	0.02625	0.00540	0.00162	0.00720	0.00420	0.00243	0.00690
30	0.01390	0.01226	0.01190	0.02792	0.01371	0.09694	0.00823	0.14747	0.51944	0.02136	0.01712	0.01637	0.01286	0.00637	0.00491	0.00159	0.00471	0.00511	0.05031	0.00753
31	0.00663	0.00519	0.00612	0.00600	0.00734	0.00479	0.00448	0.00858	0.02980	0.01565	0.31010	0.07631	0.37185	0.03601	0.08654	0.00238	0.00366	0.00943	0.00471	0.00446
32	0.37893	0.19330	0.05602	0.02110	0.02684	0.02669	0.02345	0.06432	0.01097	0.13143	0.00944	0.01018	0.00710	0.00534	0.01532	0.00153	0.00493	0.00336	0.00333	0.00643
33	0.01315	0.75428	0.04373	0.00966	0.03737	0.01908	0.02353	0.01493	0.01016	0.01205	0.00710	0.00834	0.00647	0.00436	0.00357	0.00112	0.01967	0.00283	0.00215	0.00645
34	0.00725	0.00484	0.00633	0.00673	0.00757	0.00444	0.00475	0.00867	0.01134	0.05716	0.27050	0.48776	0.07739	0.01323	0.00611	0.00184	0.00277	0.01185	0.00498	0.00450
35	0.00921	0.00879	0.03387	0.13033	0.24052	0.00856	0.04470	0.01234	0.06218	0.01500	0.06542	0.11800	0.18759	0.03416	0.00607	0.00175	0.00470	0.00740	0.00352	0.00588
36	0.01235	0.01749	0.31751	0.05004	0.17517	0.06188	0.11271	0.03622	0.03713	0.07740	0.01190	0.01392	0.03134	0.00523	0.00503	0.00157	0.00669	0.01636	0.00287	0.00721
37	0.00724	0.00489	0.00570	0.00570	0.00580	0.00498	0.00335	0.00742	0.00733	0.00986	0.01546	0.03126	0.01753	0.74304	0.10636	0.00516	0.00572	0.00705	0.00298	0.00317
38	0.00712	0.00534	0.00801	0.00801	0.00890	0.00623	0.00623	0.00890	0.00801	0.01157	0.01335	0.01958	0.01246	0.03738	0.80507	0.00801	0.01335	0.00534	0.00267	0.00445
39	0.03058	0.01481	0.20797	0.05128	0.17259	0.01166	0.15745	0.08675	0.07679	0.04347	0.01203	0.05954	0.00985	0.00577	0.00544	0.00163	0.02607	0.01608	0.00311	0.00714
40	0.01266	0.01110	0.01175	0.02774	0.03344	0.03181	0.00829	0.04587	0.70938	0.02063	0.01924	0.01791	0.01445	0.00661	0.00505	0.00167	0.00422	0.00549	0.00488	0.00780
41	0.01112	0.00934	0.01129	0.00828	0.01246	0.00772	0.02910	0.06285	0.03014	0.03004	0.00983	0.02560	0.00818	0.00432	0.00427	0.00091	0.02464	0.00348	0.00319	0.70323
42	0.00692	0.00509	0.00648	0.00613	0.00737	0.00465	0.00460	0.00915	0.01380	0.01925	0.70785	0.03844	0.13075	0.01046	0.00588	0.00158	0.00237	0.00918	0.00539	0.00465
43	0.04843	0.36196	0.02935	0.01038	0.03726	0.21286	0.00867	0.10068	0.03340	0.01512	0.02936	0.01217	0.03874	0.02591	0.01517	0.00145	0.00612	0.00376	0.00289	0.00630
44	0.01316	0.01184	0.02871	0.01059	0.03328	0.08825	0.00818	0.07559	0.50284	0.05126	0.07811	0.01926	0.04305	0.00689	0.00509	0.00161	0.00451	0.00565	0.00475	0.00736
45	0.01111	0.00863	0.01077	0.07017	0.04071	0.00923	0.03547	0.01843	0.35041	0.08791	0.10809	0.07304	0.11691	0.02923	0.00588	0.00175	0.00401	0.00701	0.00468	0.00654
46	0.01053	0.00883	0.02217	0.00885	0.01094	0.02587	0.00682	0.03211	0.41336	0.03916	0.16729	0.19025	0.02445	0.00917	0.00548	0.00172	0.00362	0.00795	0.00498	0.00645
47	0.01056	0.00899	0.01046	0.00749	0.01191	0.00688	0.00600	0.03280	0.01068	0.01664	0.00894	0.01038	0.00741	0.00375	0.00373	0.00076	0.00374	0.00299	0.00301	0.83287
48	0.00659	0.00470	0.00628	0.00689	0.00727	0.00477	0.00469	0.00751	0.00866	0.01178	0.02134	0.44778	0.02455	0.19408	0.21482	0.00416	0.00598	0.01043	0.00378	0.00393
49	0.01230	0.57940	0.26551	0.01029	0.01551	0.01720	0.01159	0.01519	0.01025	0.01298	0.00755	0.00878	0.00637	0.00441	0.00367	0.00122	0.00596	0.00298	0.00212	0.00670
50	0.01761	0.01074	0.07786	0.04631	0.05813	0.02316	0.00910	0.08139	0.08580	0.44007	0.03261	0.05193	0.01312	0.00657	0.00509	0.00159	0.00477	0.02129	0.00507	0.00777
51	0.00726	0.00533	0.00660	0.00753	0.00818	0.02820	0.00547	0.00845	0.01019	0.03234	0.02689	0.58110	0.05303	0.03338	0.00681	0.00210	0.00348	0.16482	0.00456	0.00430
52	0.02774	0.01146	0.01876	0.20432	0.42938	0.03241	0.08634	0.03505	0.02243	0.04887	0.00982	0.01273	0.00777	0.00482	0.00529	0.00156	0.02689	0.00455	0.00268	0.00713

[dist]
# distance from previous block
# <min> <max>
0	1

[block]
# block no. 2 follows, 50 sequences, length 57
# corresponding to MSA columns:
# 245-263,265,285-318,322-324
name=unknown_C
#
# <colnr> <probs for GDERKNQSTAVLIFYWHMCP>
#	G	D	E	R	K	N	Q	S	T	A	V	L	I	F	Y	W	H	M	C	P
0	0.01396	0.03544	0.01594	0.14176	0.19552	0.16928	0.03714	0.14862	0.09674	0.01779	0.02497	0.02801	0.00979	0.00575	0.00517	0.00153	0.02196	0.02046	0.00329	0.00689
1	0.00948	0.00695	0.00992	0.06759	0.02884	0.00674	0.05508	0.01230	0.05101	0.08548	0.10390	0.07109	0.16542	0.01038	0.00594	0.00183	0.00422	0.25796	0.00444	0.04143
2	0.01236	0.37100	0.25325	0.01337	0.09965	0.06451	0.04599	0.01566	0.02271	0.01396	0.00826	0.00977	0.00676	0.00449	0.00409	0.00130	0.00627	0.00339	0.00228	0.04092
3	0.00611	0.00436	0.00581	0.00692	0.00724	0.00407	0.00463	0.00702	0.00970	0.01297	0.05317	0.79518	0.03344	0.01543	0.00635	0.00201	0.00287	0.01400	0.00466	0.00407
4	0.01034	0.00886	0.01034	0.00738	0.01181	0.00664	0.00591	0.01255	0.01034	0.01624	0.00886	0.01034	0.00738	0.00369	0.00369	0.00074	0.00369	0.00295	0.00295	0.85530
5	0.01088	0.01392	0.20504	0.04219	0.24766	0.00971	0.01206	0.01460	0.03490	0.01617	0.00939	0.01133	0.00750	0.00431	0.00440	0.00122	0.00535	0.00371	0.00264	0.34301
6	0.01862	0.02376	0.01413	0.01284	0.01541	0.80482	0.00963	0.01990	0.01413	0.01220	0.00770	0.00899	0.00642	0.00514	0.00449	0.00128	0.00899	0.00321	0.00257	0.00578
7	0.00607	0.00434	0.00578	0.00694	0.00723	0.00405	0.00463	0.00694	0.00954	0.01272	0.02747	0.82157	0.03297	0.01562	0.00636	0.00202	0.00289	0.01417	0.00463	0.00405
8	0.01083	0.01083	0.01486	0.01281	0.01290	0.02838	0.01063	0.01196	0.00777	0.01198	0.00693	0.01134	0.00686	0.01021	0.05872	0.00248	0.75850	0.00440	0.00221	0.00540
9	0.00623	0.00506	0.00552	0.00540	0.00694	0.00435	0.00405	0.00781	0.01216	0.01536	0.26609	0.04484	0.57493	0.01192	0.00589	0.00165	0.00247	0.01008	0.00488	0.00435
10	0.01189	0.01465	0.08321	0.04225	0.03773	0.07958	0.58287	0.01576	0.01171	0.01539	0.01056	0.05069	0.00854	0.00488	0.00566	0.00165	0.00802	0.00581	0.00258	0.00655
11	0.00959	0.01071	0.10233	0.01241	0.02849	0.02012	0.16079	0.03702	0.02197	0.01410	0.01200	0.06475	0.01090	0.01852	0.31815	0.00416	0.10634	0.00553	0.00276	0.03935
12	0.01255	0.35461	0.37360	0.01169	0.01712	0.12434	0.01315	0.01600	0.01086	0.01363	0.00795	0.00927	0.00636	0.00460	0.00407	0.00133	0.00675	0.00320	0.00218	0.00675
13	0.00797	0.00593	0.00843	0.00794	0.00942	0.00632	0.00621	0.00981	0.00850	0.03190	0.01286	0.01818	0.01173	0.03175	0.66953	0.00680	0.01173	0.00499	0.00280	0.12721
14	0.00897	0.00813	0.01037	0.00943	0.01032	0.04846	0.03107	0.01110	0.04205	0.01556	0.29886	0.18927	0.02723	0.01029	0.00907	0.00184	0.25073	0.00814	0.00405	0.00504
15	0.00941	0.00886	0.01495	0.81285	0.03433	0.01107	0.01384	0.01274	0.00997	0.01274	0.00886	0.01329	0.00664	0.00498	0.00498	0.00166	0.00664	0.00443	0.00221	0.00554
16	0.00725	0.00484	0.00549	0.00549	0.00551	0.00486	0.00309	0.00729	0.00727	0.00971	0.01565	0.03233	0.01800	0.80726	0.04277	0.00490	0.00502	0.00721	0.00301	0.00305
17	0.01165	0.01220	0.01408	0.01229	0.01289	0.12569	0.01001	0.01340	0.04627	0.01255	0.01042	0.03494	0.05215	0.00853	0.01328	0.00200	0.59468	0.00487	0.00258	0.00551
18	0.01058	0.00990	0.04887	0.00878	0.04557	0.00728	0.00698	0.02828	0.01065	0.01653	0.00895	0.01046	0.00738	0.00382	0.00382	0.00083	0.00400	0.00308	0.00293	0.76132
19	0.01263	0.52324	0.27535	0.01052	0.01572	0.04323	0.01174	0.01558	0.01048	0.03044	0.00789	0.00905	0.00650	0.00449	0.00378	0.00125	0.00609	0.00306	0.00223	0.00674
20	0.01267	0.03113	0.10914	0.01351	0.12317	0.04056	0.01027	0.02305	0.51158	0.04520	0.01661	0.01610	0.01250	0.00606	0.00495	0.00161	0.00486	0.00506	0.00423	0.00774
21	0.01360	0.78859	0.02558	0.00867	0.01292	0.01952	0.00857	0.05167	0.01077	0.01268	0.00717	0.00819	0.00650	0.00435	0.00328	0.00109	0.00534	0.00275	0.00227	0.00650
22	0.01204	0.07722	0.01311	0.01204	0.10238	0.01217	0.00854	0.04101	0.52670	0.01918	0.03230	0.04474	0.03430	0.00687	0.00500	0.00162	0.00424	0.02179	0.00447	0.02030
23	0.00829	0.00654	0.00977	0.01263	0.16169	0.00649	0.00841	0.01031	0.01080	0.01444	0.02327	0.23681	0.04232	0.01353	0.04483	0.00233	0.00480	0.37357	0.00409	0.00508
24	0.00725	0.00483	0.00544	0.00544	0.00544	0.00483	0.00302	0.00725	0.00725	0.00966	0.01571	0.03262	0.01812	0.82483	0.02537	0.00483	0.00483	0.00725	0.00302	0.00302
25	0.28933	0.12341	0.01402	0.01177	0.07996	0.37755	0.00860	0.01716	0.01154	0.01577	0.00750	0.00886	0.00621	0.00480	0.00391	0.00136	0.00659	0.00308	0.00267	0.00592
26	0.86003	0.00964	0.00733	0.00655	0.00964	0.01118	0.00540	0.01465	0.00848	0.02236	0.00694	0.00810	0.00540	0.00463	0.00308	0.00154	0.00386	0.00270	0.00308	0.00540
27	0.01067	0.01050	0.01869	0.03734	0.37540	0.01038	0.19498	0.01356	0.01152	0.01594	0.09466	0.03758	0.10090	0.00634	0.00586	0.00160	0.03822	0.00616	0.00307	0.00664
28	0.01396	0.01148	0.01215	0.01046	0.01356	0.01313	0.00827	0.20552	0.60315	0.02337	0.01830	0.01702	0.01361	0.00658	0.00505	0.00164	0.00431	0.00536	0.00505	0.00803
29	0.02187	0.00837	0.01141	0.00878	0.01255	0.00724	0.00724	0.02381	0.01426	0.77195	0.04471	0.01762	0.01347	0.00630	0.00504	0.00154	0.00418	0.00514	0.00615	0.00836
30	0.00724	0.00485	0.00554	0.00554	0.00558	0.00489	0.00315	0.00732	0.00728	0.00974	0.01561	0.03209	0.01789	0.79303	0.05685	0.00496	0.00518	0.00717	0.00301	0.00308
31	0.01034	0.00886	0.01034	0.00738	0.01181	0.00664	0.00591	0.01255	0.01034	0.01624	0.00886	0.01034	0.00738	0.00369	0.00369	0.00074	0.00369	0.00295	0.00295	0.85530
32	0.01196	0.01208	0.05174	0.05229	0.56665	0.01145	0.12565	0.01511	0.01126	0.03230	0.01034	0.03895	0.00875	0.00556	0.02283	0.00168	0.00640	0.00497	0.00260	0.00744
33	0.01804	0.01354	0.01481	0.03750	0.01587	0.01518	0.00961	0.68970	0.05470	0.02958	0.01200	0.01225	0.00863	0.00609	0.00545	0.00154	0.03798	0.00453	0.00479	0.00823
34	0.01920	0.01489	0.01454	0.01144	0.01521	0.12854	0.00931	0.60199	0.02129	0.09574	0.01203	0.01198	0.00852	0.00588	0.00492	0.00147	0.00588	0.00435	0.00474	0.00809
35	0.01309	0.01138	0.01164	0.01033	0.01323	0.03843	0.00806	0.08253	0.70258	0.02136	0.01925	0.01779	0.01442	0.00665	0.00505	0.00166	0.00422	0.00547	0.00498	0.00786
36	0.00604	0.00469	0.00550	0.00606	0.00702	0.00415	0.00426	0.00716	0.01059	0.01342	0.07634	0.43583	0.37316	0.01400	0.00613	0.00185	0.00270	0.01228	0.00467	0.00415
37	0.00698	0.00509	0.00656	0.00619	0.00740	0.00467	0.00464	0.00926	0.01393	0.01957	0.74407	0.03791	0.09432	0.01034	0.00588	0.00158	0.00236	0.00911	0.00543	0.00467
38	0.01319	0.01102	0.01169	0.01030	0.01323	0.01263	0.00812	0.13112	0.65574	0.02216	0.01930	0.01876	0.01466	0.00686	0.00511	0.00168	0.00418	0.02732	0.00505	0.00788
39	0.80264	0.00993	0.00785	0.00689	0.01004	0.01147	0.00568	0.06668	0.00950	0.02298	0.00728	0.00836	0.00561	0.00472	0.00321	0.00154	0.00397	0.00282	0.00321	0.00561
40	0.00605	0.00444	0.00568	0.00667	0.00716	0.00407	0.00451	0.00697	0.00980	0.01283	0.03071	0.71269	0.13976	0.01519	0.00630	0.00198	0.00284	0.01366	0.00463	0.00407
41	0.01170	0.01117	0.01891	0.20141	0.61265	0.01169	0.01484	0.01495	0.02578	0.01559	0.00947	0.01266	0.00776	0.00460	0.00495	0.00152	0.00604	0.00446	0.00246	0.00738
42	0.00949	0.00683	0.00901	0.00855	0.01009	0.00775	0.00666	0.01417	0.19623	0.06838	0.01536	0.01906	0.01303	0.02735	0.53809	0.02533	0.01024	0.00537	0.00348	0.00551
43	0.01121	0.01070	0.01820	0.33112	0.50198	0.01155	0.01474	0.01431	0.01082	0.01492	0.00918	0.01270	0.00741	0.00465	0.00495	0.00155	0.00620	0.00444	0.00237	0.00699
44	0.10204	0.10578	0.01913	0.06998	0.52687	0.01282	0.02521	0.05177	0.01141	0.01692	0.00894	0.01144	0.00741	0.00454	0.00456	0.00145	0.00570	0.00408	0.00260	0.00733
45	0.01228	0.01178	0.02012	0.04647	0.77832	0.01183	0.01527	0.01525	0.01132	0.01621	0.00937	0.01236	0.00787	0.00445	0.00494	0.00148	0.00594	0.00444	0.00246	0.00785
46	0.00713	0.00529	0.00775	0.00775	0.00855	0.00609	0.00591	0.00873	0.00793	0.01138	0.01359	0.02089	0.01303	0.11667	0.72656	0.00769	0.01249	0.00553	0.00271	0.00431
47	0.01126	0.02465	0.23180	0.05574	0.26015	0.01014	0.01279	0.03062	0.01114	0.03886	0.02547	0.02311	0.00852	0.00470	0.00457	0.00133	0.00558	0.00406	0.00273	0.23277
48	0.83890	0.00975	0.00752	0.00668	0.00979	0.01129	0.00550	0.03381	0.00886	0.02259	0.00707	0.00819	0.00548	0.00466	0.00313	0.00154	0.00390	0.00274	0.00313	0.00548
49	0.00994	0.00912	0.01119	0.01009	0.01056	0.06025	0.00788	0.03464	0.00871	0.01228	0.01133	0.07143	0.01176	0.17467	0.14375	0.00354	0.37688	0.00569	0.02147	0.00481
50	0.01139	0.05789	0.10483	0.07697	0.21918	0.03583	0.05557	0.05917	0.13986	0.01704	0.06725	0.01791	0.07975	0.00700	0.02740	0.00173	0.00567	0.00536	0.00336	0.00684
51	0.01605	0.00983	0.04783	0.01116	0.01501	0.00830	0.16547	0.01904	0.03813	0.39834	0.09508	0.05043	0.01513	0.00630	0.00521	0.00153	0.00493	0.00576	0.00480	0.08168
52	0.02396	0.11092	0.15038	0.01912	0.35861	0.01182	0.01258	0.04566	0.06095	0.01696	0.10200	0.04110	0.01330	0.00572	0.00483	0.00149	0.00541	0.00500	0.00307	0.00711
53	0.01270	0.11057	0.05427	0.22208	0.12217	0.08565	0.02675	0.09615	0.12469	0.01660	0.01057	0.01241	0.00825	0.00514	0.00480	0.00146	0.01669	0.00419	0.00302	0.06182
54	0.03166	0.01065	0.01197	0.00974	0.03957	0.01047	0.00756	0.32798	0.03660	0.02232	0.01438	0.01504	0.07934	0.00693	0.03666	0.00150	0.00480	0.00449	0.00398	0.32437
55	0.00900	0.00570	0.00739	0.00774	0.03856	0.04342	0.00500	0.00776	0.00726	0.00947	0.00988	0.01729	0.01000	0.12069	0.07560	0.60999	0.00533	0.00473	0.00234	0.00284
56	0.02961	0.03682	0.03595	0.00874	0.01239	0.06755	0.03757	0.01369	0.05633	0.02786	0.01221	0.11121	0.01132	0.00627	0.01699	0.00124	0.00454	0.01729	0.00326	0.48914

[dist]
# distance from previous block
# <min> <max>
0	11

# created by:
# /st0/software/busco_prod/Augustus/scripts/msa2prfl.pl ./align_prep/151618.fa
