[name]
unknown

[dist]
# distance from previous block
# <min> <max>
0	8

[block]
# block no. 0 follows, 62 sequences, length 18
# corresponding to MSA columns:
# 8-25
name=unknown_A
#
# <colnr> <probs for GDERKNQSTAVLIFYWHMCP>
#	G	D	E	R	K	N	Q	S	T	A	V	L	I	F	Y	W	H	M	C	P
0	0.15704	0.20554	0.02839	0.00786	0.01096	0.01105	0.00691	0.19969	0.05342	0.19004	0.01128	0.01332	0.00884	0.00520	0.00378	0.00128	0.00409	0.07168	0.00356	0.00606
1	0.01210	0.76511	0.02108	0.00737	0.01098	0.01593	0.00723	0.03563	0.00923	0.07267	0.00686	0.00750	0.00590	0.00381	0.00289	0.00095	0.00448	0.00247	0.00215	0.00565
2	0.02880	0.07348	0.03434	0.03621	0.03255	0.04469	0.02017	0.09585	0.01043	0.08696	0.00849	0.00941	0.00661	0.00374	0.00348	0.00089	0.00396	0.00294	0.00282	0.49419
3	0.00940	0.27468	0.58331	0.01065	0.01614	0.01200	0.01315	0.01325	0.00888	0.01242	0.00711	0.00833	0.00541	0.00392	0.00364	0.00121	0.00576	0.00288	0.00180	0.00604
4	0.00518	0.00370	0.00494	0.00592	0.00617	0.00346	0.00395	0.00592	0.00815	0.01086	0.02345	0.84768	0.02814	0.01333	0.00543	0.00173	0.00247	0.01210	0.00395	0.00346
5	0.00957	0.21188	0.56800	0.01127	0.01667	0.04616	0.05422	0.01346	0.00909	0.01256	0.00725	0.00856	0.00546	0.00394	0.00378	0.00124	0.00599	0.00302	0.00184	0.00601
6	0.01443	0.01109	0.19071	0.03304	0.05184	0.01952	0.05300	0.04413	0.03394	0.43490	0.02433	0.03430	0.00985	0.00517	0.00433	0.00135	0.00457	0.01899	0.00392	0.00661
7	0.00507	0.00414	0.00449	0.00476	0.00587	0.00355	0.00343	0.00606	0.00927	0.01132	0.03762	0.26592	0.60076	0.01149	0.00514	0.00152	0.00224	0.00985	0.00395	0.00355
8	0.00814	0.00767	0.01295	0.80686	0.06188	0.00948	0.01187	0.01096	0.00856	0.01100	0.00758	0.01131	0.00572	0.00424	0.00425	0.00141	0.00565	0.00378	0.00190	0.00481
9	0.01419	0.00923	0.01633	0.05654	0.12384	0.00868	0.28335	0.03902	0.01115	0.37460	0.01215	0.01264	0.00828	0.00444	0.00452	0.00135	0.00517	0.00443	0.00357	0.00653
10	0.01007	0.01142	0.05736	0.07319	0.25101	0.02473	0.46740	0.01328	0.00977	0.01341	0.00824	0.01099	0.00641	0.00379	0.00482	0.00138	0.02023	0.00445	0.00210	0.00595
11	0.00804	0.00756	0.01276	0.84023	0.02931	0.00945	0.01182	0.01087	0.00851	0.01087	0.00756	0.01134	0.00567	0.00425	0.00425	0.00142	0.00567	0.00378	0.00189	0.00473
12	0.00556	0.00397	0.00537	0.00636	0.00677	0.00378	0.00461	0.00658	0.00852	0.01128	0.02324	0.66742	0.02732	0.01298	0.00553	0.00178	0.00280	0.18864	0.00394	0.00356
13	0.01749	0.00816	0.01134	0.00934	0.05294	0.00757	0.04884	0.11484	0.02613	0.61987	0.01523	0.01419	0.01000	0.00520	0.00434	0.00133	0.00401	0.01732	0.00478	0.00707
14	0.00979	0.01322	0.15821	0.01697	0.02160	0.01061	0.67711	0.01360	0.00987	0.01360	0.00845	0.01106	0.00628	0.00366	0.00486	0.00142	0.00703	0.00471	0.00209	0.00583
15	0.00568	0.00413	0.00546	0.00634	0.00694	0.00391	0.00477	0.00683	0.00881	0.01150	0.02518	0.52083	0.10811	0.01259	0.00553	0.00177	0.00288	0.25120	0.00394	0.00361
16	0.01015	0.01138	0.04345	0.04768	0.09560	0.01083	0.61818	0.04031	0.01009	0.01383	0.00839	0.01117	0.00641	0.00389	0.00532	0.00143	0.04919	0.00471	0.00219	0.00580
17	0.13562	0.01053	0.01215	0.00974	0.03561	0.01130	0.05132	0.49186	0.02924	0.15467	0.01066	0.01062	0.00745	0.00486	0.00408	0.00130	0.00444	0.00377	0.00402	0.00677

[dist]
# distance from previous block
# <min> <max>
4	13

[block]
# block no. 1 follows, 62 sequences, length 81
# corresponding to MSA columns:
# 40-120
name=unknown_B
#
# <colnr> <probs for GDERKNQSTAVLIFYWHMCP>
#	G	D	E	R	K	N	Q	S	T	A	V	L	I	F	Y	W	H	M	C	P
0	0.03859	0.09120	0.01586	0.01319	0.10413	0.34107	0.15836	0.10360	0.01170	0.04721	0.00784	0.00921	0.00618	0.00429	0.00432	0.00122	0.03042	0.00344	0.00250	0.00567
1	0.05020	0.00978	0.01832	0.01547	0.13864	0.00928	0.41252	0.01461	0.02524	0.17430	0.01073	0.04665	0.00824	0.00444	0.00470	0.00137	0.01509	0.00477	0.00290	0.03276
2	0.01061	0.01196	0.13414	0.04004	0.39624	0.01000	0.25136	0.01375	0.00983	0.06763	0.00870	0.01088	0.00669	0.00387	0.00444	0.00133	0.00578	0.00410	0.00228	0.00636
3	0.01680	0.00773	0.01098	0.02110	0.06279	0.00694	0.04058	0.03316	0.02488	0.62378	0.02505	0.01376	0.01005	0.00501	0.00435	0.00128	0.01399	0.00418	0.00461	0.06898
4	0.01094	0.00841	0.01428	0.01215	0.06084	0.03197	0.27467	0.01372	0.04405	0.18099	0.02927	0.08341	0.01407	0.00682	0.00499	0.00154	0.00496	0.19395	0.00348	0.00549
5	0.00905	0.01947	0.62590	0.01379	0.05270	0.02594	0.16633	0.01356	0.00927	0.01346	0.00782	0.00950	0.00565	0.00395	0.00423	0.00136	0.00643	0.00352	0.00188	0.00618
6	0.00878	0.06122	0.73259	0.01231	0.01833	0.01028	0.07163	0.01345	0.00904	0.01332	0.00762	0.00906	0.00547	0.00399	0.00405	0.00133	0.00627	0.00324	0.00182	0.00621
7	0.00981	0.02192	0.04252	0.27678	0.30948	0.04455	0.20781	0.01269	0.00947	0.01268	0.00792	0.01080	0.00623	0.00392	0.00438	0.00134	0.00591	0.00401	0.00204	0.00576
8	0.00951	0.00781	0.02922	0.13290	0.20985	0.00761	0.09670	0.01188	0.00980	0.10105	0.01506	0.05055	0.03726	0.00702	0.00490	0.00155	0.00472	0.25420	0.00310	0.00530
9	0.00980	0.01019	0.06834	0.32908	0.13160	0.00988	0.29292	0.01289	0.00944	0.06186	0.00853	0.01130	0.00637	0.00404	0.00462	0.00140	0.01572	0.00421	0.00221	0.00560
10	0.01292	0.01160	0.17209	0.08055	0.02833	0.00882	0.28679	0.01597	0.01049	0.31178	0.01133	0.01208	0.00769	0.00435	0.00449	0.00137	0.00555	0.00427	0.00320	0.00633
11	0.00992	0.00811	0.02685	0.01196	0.04789	0.00752	0.28851	0.01272	0.03322	0.13071	0.03761	0.02648	0.05392	0.00720	0.00514	0.00159	0.00495	0.27704	0.00342	0.00526
12	0.00884	0.06341	0.73707	0.01193	0.01787	0.02704	0.03742	0.01344	0.00910	0.01329	0.01861	0.00923	0.00590	0.00408	0.00401	0.00132	0.00620	0.00321	0.00186	0.00617
13	0.00980	0.36041	0.44263	0.01056	0.01563	0.01278	0.06833	0.01319	0.00892	0.01207	0.00700	0.00828	0.00549	0.00385	0.00358	0.00118	0.00564	0.00292	0.00183	0.00591
14	0.00953	0.00558	0.00778	0.06034	0.01034	0.00547	0.00674	0.01161	0.02192	0.18924	0.08262	0.03656	0.03765	0.00953	0.00532	0.00172	0.00377	0.48539	0.00415	0.00473
15	0.01002	0.00959	0.01636	0.19139	0.66260	0.00998	0.01281	0.01261	0.00945	0.01329	0.00791	0.01070	0.00652	0.00389	0.00422	0.00130	0.00518	0.00379	0.00206	0.00633
16	0.01356	0.01639	0.01240	0.01104	0.01245	0.54264	0.00861	0.01460	0.01009	0.01035	0.00623	0.00825	0.00552	0.00547	0.00743	0.00137	0.30361	0.00309	0.00208	0.00483
17	0.08183	0.05262	0.01154	0.00868	0.01171	0.03147	0.00715	0.48521	0.08172	0.09371	0.02108	0.01304	0.04251	0.01923	0.00441	0.00134	0.00428	0.01792	0.00401	0.00653
18	0.00539	0.00440	0.00482	0.00494	0.00626	0.00383	0.00385	0.00669	0.00993	0.01219	0.11150	0.04117	0.63073	0.01073	0.00516	0.00151	0.00241	0.12681	0.00401	0.00368
19	0.00518	0.00370	0.00494	0.00592	0.00617	0.00346	0.00395	0.00592	0.00815	0.01086	0.02345	0.84768	0.02814	0.01333	0.00543	0.00173	0.00247	0.01210	0.00395	0.00346
20	0.01491	0.01007	0.01114	0.00885	0.01191	0.01086	0.00721	0.46566	0.17390	0.16568	0.02983	0.01383	0.04508	0.00558	0.00432	0.00132	0.00408	0.00440	0.00444	0.00692
21	0.00995	0.01112	0.02357	0.06833	0.02212	0.01067	0.71909	0.01391	0.05028	0.01367	0.00898	0.01169	0.00673	0.00374	0.00494	0.00143	0.00689	0.00493	0.00224	0.00573
22	0.00703	0.00460	0.00566	0.00529	0.00663	0.00409	0.00400	0.00865	0.01115	0.09870	0.46006	0.07254	0.27718	0.00921	0.00497	0.00139	0.00224	0.00795	0.00448	0.00419
23	0.00526	0.00376	0.00503	0.00602	0.00630	0.00352	0.00409	0.00606	0.00822	0.01095	0.02341	0.80991	0.02797	0.01326	0.00545	0.00174	0.00254	0.04910	0.00395	0.00348
24	0.01252	0.60420	0.01929	0.00804	0.01149	0.06170	0.00746	0.16759	0.04871	0.01365	0.00732	0.00795	0.00616	0.00407	0.00316	0.00102	0.00470	0.00272	0.00243	0.00583
25	0.01004	0.01148	0.02511	0.01793	0.02224	0.01076	0.80846	0.01363	0.01004	0.01363	0.00861	0.01148	0.00646	0.00359	0.00502	0.00143	0.00717	0.00502	0.00215	0.00574
26	0.03028	0.15202	0.01466	0.00974	0.01294	0.11387	0.10069	0.30874	0.03730	0.06185	0.00932	0.01060	0.00728	0.04675	0.00481	0.00132	0.00507	0.00363	0.00317	0.06598
27	0.01909	0.00724	0.00987	0.00757	0.01086	0.00625	0.00625	0.02074	0.01218	0.82687	0.01679	0.01448	0.01053	0.00527	0.00428	0.00132	0.00362	0.00428	0.00527	0.00724
28	0.00814	0.00776	0.01338	0.79910	0.02895	0.00952	0.05167	0.01101	0.00858	0.01101	0.00762	0.01135	0.00571	0.00422	0.00429	0.00142	0.00575	0.00384	0.00190	0.00478
29	0.05416	0.00752	0.00987	0.00760	0.01087	0.00674	0.00628	0.05987	0.01237	0.75382	0.01601	0.01396	0.01013	0.00520	0.00421	0.00131	0.00366	0.00418	0.00511	0.00713
30	0.00804	0.00756	0.01276	0.84023	0.02931	0.00945	0.01182	0.01087	0.00851	0.01087	0.00756	0.01134	0.00567	0.00425	0.00425	0.00142	0.00567	0.00378	0.00189	0.00473
31	0.00518	0.00370	0.00494	0.00592	0.00617	0.00346	0.00395	0.00592	0.00815	0.01086	0.02345	0.84768	0.02814	0.01333	0.00543	0.00173	0.00247	0.01210	0.00395	0.00346
32	0.01589	0.02028	0.01206	0.01096	0.01315	0.83338	0.00822	0.01699	0.01206	0.01041	0.00658	0.00767	0.00548	0.00438	0.00384	0.00110	0.00767	0.00274	0.00219	0.00493
33	0.01058	0.00914	0.00962	0.00866	0.01106	0.01058	0.00673	0.02261	0.81623	0.01780	0.01732	0.01588	0.01299	0.00577	0.00433	0.00144	0.00337	0.00481	0.00433	0.00673
34	0.00515	0.00382	0.00482	0.00561	0.00609	0.00348	0.00381	0.00596	0.00845	0.01098	0.02726	0.69126	0.18210	0.01284	0.00535	0.00167	0.00241	0.01149	0.00395	0.00348
35	0.00973	0.00779	0.01147	0.01498	0.33958	0.00793	0.00896	0.11402	0.01092	0.02453	0.01406	0.06142	0.01356	0.00691	0.00463	0.00146	0.00419	0.23813	0.10022	0.00551
36	0.00602	0.00410	0.00524	0.00572	0.00644	0.00374	0.00404	0.00707	0.00919	0.05269	0.13538	0.53623	0.16146	0.01182	0.00526	0.00161	0.00245	0.03367	0.00412	0.00376
37	0.55275	0.00905	0.00834	0.00692	0.00981	0.01010	0.00570	0.21207	0.02497	0.11246	0.00842	0.00875	0.00608	0.00442	0.00325	0.00131	0.00368	0.00295	0.00336	0.00560
38	0.01041	0.00998	0.01705	0.06641	0.78459	0.01008	0.01300	0.01295	0.00963	0.01375	0.00798	0.01057	0.00669	0.00381	0.00421	0.00127	0.00509	0.00379	0.00210	0.00664
39	0.00882	0.00756	0.00882	0.00630	0.01008	0.00567	0.00504	0.01071	0.00882	0.01387	0.00756	0.00882	0.00630	0.00315	0.00315	0.00063	0.00315	0.00252	0.00252	0.87647
40	0.00919	0.08325	0.73420	0.01158	0.01754	0.01025	0.01470	0.01372	0.00909	0.04721	0.00789	0.00905	0.00561	0.00406	0.00395	0.00131	0.00605	0.00313	0.00194	0.00627
41	0.01032	0.00989	0.01689	0.09535	0.75634	0.01005	0.01295	0.01287	0.00959	0.01364	0.00797	0.01060	0.00665	0.00383	0.00422	0.00128	0.00511	0.00379	0.00209	0.00657
42	0.65055	0.00797	0.00722	0.00612	0.00893	0.00867	0.00505	0.01470	0.00856	0.23473	0.00882	0.00893	0.00619	0.00430	0.00307	0.00132	0.00338	0.00283	0.00334	0.00531
43	0.01146	0.01000	0.01742	0.12993	0.33998	0.03392	0.22841	0.01435	0.02695	0.13100	0.00953	0.01150	0.00716	0.00407	0.00444	0.00134	0.00555	0.00419	0.00260	0.00622
44	0.00697	0.00480	0.00667	0.00754	0.00849	0.00473	0.00641	0.00876	0.00968	0.03592	0.03492	0.15274	0.02482	0.01173	0.00576	0.00190	0.00369	0.65656	0.00397	0.00395
45	0.00594	0.00429	0.00549	0.00527	0.00617	0.00397	0.00385	0.00766	0.01121	0.01569	0.66864	0.07686	0.07845	0.08012	0.00645	0.00160	0.00222	0.00788	0.00443	0.00384
46	0.00857	0.02176	0.80908	0.01227	0.01851	0.00990	0.03480	0.01348	0.00901	0.01348	0.00766	0.00904	0.00542	0.00403	0.00407	0.00135	0.00631	0.00319	0.00181	0.00628
47	0.10334	0.11078	0.11850	0.01044	0.01362	0.41611	0.06113	0.07467	0.01125	0.03274	0.00722	0.00827	0.00569	0.00424	0.00374	0.00117	0.00634	0.00296	0.00237	0.00541
48	0.00663	0.00476	0.00657	0.00751	0.00844	0.00471	0.00644	0.00844	0.00964	0.01251	0.02347	0.12152	0.05816	0.01186	0.00580	0.00192	0.00371	0.69012	0.00392	0.00386
49	0.00519	0.00401	0.00474	0.00520	0.00601	0.00356	0.00366	0.00618	0.00912	0.01165	0.09904	0.44196	0.36072	0.01187	0.00523	0.00157	0.00230	0.01042	0.00401	0.00356
50	0.00572	0.00402	0.00471	0.00506	0.00588	0.00366	0.00359	0.00695	0.00930	0.01280	0.14748	0.35762	0.25381	0.01053	0.00485	0.00146	0.00223	0.00921	0.14745	0.00366
51	0.01077	0.01082	0.01574	0.38666	0.02271	0.12808	0.22081	0.07980	0.03408	0.03684	0.00847	0.01098	0.00634	0.00424	0.00440	0.00136	0.00615	0.00401	0.00237	0.00536
52	0.00686	0.00490	0.00686	0.00784	0.00882	0.00490	0.00686	0.00882	0.00980	0.01273	0.02253	0.04800	0.02449	0.01175	0.00588	0.00196	0.00392	0.79528	0.00392	0.00392
53	0.01845	0.00709	0.00961	0.00742	0.01055	0.00615	0.00607	0.02001	0.01188	0.78592	0.01662	0.01515	0.01078	0.04754	0.00515	0.00146	0.00365	0.00437	0.00513	0.00701
54	0.00995	0.01183	0.06370	0.05901	0.04541	0.02517	0.65768	0.01338	0.00979	0.01329	0.00833	0.01116	0.00632	0.00382	0.00526	0.00144	0.04192	0.00473	0.00211	0.00569
55	0.02737	0.00826	0.01089	0.28187	0.01711	0.02117	0.03198	0.13732	0.18737	0.01563	0.03033	0.02024	0.01224	0.00638	0.00462	0.00151	0.00459	0.17242	0.00331	0.00540
56	0.85109	0.00821	0.00647	0.03375	0.00894	0.00954	0.00485	0.01245	0.00728	0.01881	0.00598	0.00706	0.00464	0.00396	0.00269	0.00132	0.00337	0.00235	0.00261	0.00461
57	0.01000	0.01140	0.02486	0.03456	0.02238	0.01073	0.79236	0.01357	0.01001	0.01357	0.00859	0.01148	0.00644	0.00360	0.00501	0.00143	0.00714	0.00500	0.00215	0.00572
58	0.00522	0.00410	0.00471	0.00502	0.00598	0.00360	0.00359	0.00630	0.00946	0.01201	0.13941	0.32282	0.43990	0.01140	0.00517	0.00153	0.00225	0.00990	0.00405	0.00360
59	0.11015	0.00791	0.01040	0.14835	0.01392	0.02859	0.08379	0.08997	0.01021	0.03239	0.02376	0.01792	0.03005	0.00563	0.00414	0.00130	0.00426	0.14060	0.06671	0.16996
60	0.46765	0.02626	0.00934	0.04243	0.01099	0.10015	0.03117	0.08995	0.07733	0.03701	0.00793	0.00888	0.00610	0.00448	0.00382	0.00132	0.04612	0.00301	0.02088	0.00518
61	0.01009	0.00972	0.01675	0.16388	0.66421	0.01002	0.03765	0.01271	0.00950	0.01338	0.00795	0.01070	0.00655	0.00386	0.00424	0.00130	0.00523	0.00383	0.00207	0.00637
62	0.00524	0.00397	0.00487	0.00552	0.00619	0.00359	0.00389	0.00618	0.00879	0.01128	0.04483	0.54025	0.27195	0.01237	0.00532	0.00164	0.00244	0.05418	0.00396	0.00353
63	0.47081	0.18961	0.03662	0.00709	0.01015	0.03697	0.00625	0.13107	0.04967	0.01779	0.00719	0.00791	0.00564	0.00416	0.00306	0.00122	0.00400	0.00269	0.00274	0.00535
64	0.00922	0.22356	0.63290	0.01095	0.01660	0.01157	0.01367	0.01330	0.00890	0.01264	0.00722	0.00846	0.00541	0.00395	0.00372	0.00124	0.00587	0.00293	0.00180	0.00609
65	0.03031	0.04933	0.06994	0.02578	0.28257	0.06889	0.06063	0.07992	0.08268	0.14585	0.01017	0.01104	0.00761	0.00433	0.00409	0.00125	0.00490	0.00375	0.00299	0.05397
66	0.02130	0.15496	0.52541	0.01201	0.01738	0.01130	0.13333	0.05213	0.00960	0.01366	0.00761	0.00904	0.00564	0.00396	0.00397	0.00129	0.00602	0.00331	0.00199	0.00609
67	0.00535	0.00377	0.00489	0.00572	0.00592	0.00356	0.00373	0.00597	0.00783	0.01044	0.02182	0.71452	0.02608	0.14931	0.00807	0.00212	0.00274	0.01114	0.00373	0.00331
68	0.00581	0.00493	0.00595	0.00682	0.09185	0.00436	0.00443	0.00723	0.01018	0.01289	0.19917	0.03587	0.57604	0.00962	0.00494	0.00140	0.00243	0.00817	0.00391	0.00401
69	0.20848	0.03818	0.03085	0.03790	0.10443	0.13963	0.12643	0.22237	0.02374	0.01770	0.00803	0.00928	0.00614	0.00428	0.00388	0.00128	0.00529	0.00344	0.00282	0.00585
70	0.00519	0.00401	0.00475	0.00532	0.00610	0.00358	0.00377	0.00612	0.00888	0.01121	0.03180	0.46960	0.36672	0.01217	0.00528	0.00161	0.00240	0.04400	0.00395	0.00353
71	0.00518	0.00370	0.00494	0.00592	0.00617	0.00346	0.00395	0.00592	0.00815	0.01086	0.02345	0.84768	0.02814	0.01333	0.00543	0.00173	0.00247	0.01210	0.00395	0.00346
72	0.00857	0.02179	0.81159	0.01225	0.01850	0.00990	0.03233	0.01348	0.00901	0.01348	0.00766	0.00904	0.00541	0.00403	0.00406	0.00135	0.00631	0.00318	0.00180	0.00628
73	0.01500	0.01309	0.01417	0.03192	0.05548	0.15195	0.09266	0.53165	0.01681	0.02160	0.00925	0.00996	0.00679	0.00474	0.00426	0.00127	0.00550	0.00377	0.00352	0.00660
74	0.00569	0.00427	0.00523	0.00512	0.00614	0.00385	0.00378	0.00729	0.01093	0.01483	0.52484	0.11326	0.24204	0.02711	0.00541	0.00146	0.00213	0.00843	0.00438	0.00382
75	0.04078	0.01788	0.01207	0.01052	0.01302	0.60876	0.00808	0.21111	0.01387	0.01468	0.00745	0.00827	0.00589	0.00455	0.00391	0.00115	0.00681	0.00300	0.00271	0.00549
76	0.06971	0.01114	0.05807	0.05310	0.06520	0.05971	0.33588	0.09794	0.01119	0.13823	0.01028	0.01291	0.00780	0.00455	0.00451	0.00138	0.00574	0.04377	0.00293	0.00595
77	0.01039	0.01164	0.02382	0.03129	0.05531	0.03643	0.71425	0.03652	0.01035	0.01387	0.00855	0.01128	0.00645	0.00367	0.00492	0.00141	0.00700	0.00484	0.00221	0.00578
78	0.00879	0.03326	0.00902	0.00824	0.00998	0.00768	0.03983	0.01469	0.33764	0.03778	0.01920	0.11142	0.02745	0.03441	0.00550	0.00171	0.00368	0.28057	0.00395	0.00519
79	0.00988	0.00979	0.01651	0.08123	0.04338	0.02567	0.34185	0.05349	0.02415	0.01419	0.00830	0.01037	0.00648	0.00362	0.00415	0.00111	0.00528	0.00382	0.00242	0.33431
80	0.01078	0.00996	0.01642	0.18006	0.27550	0.01050	0.17993	0.15654	0.03595	0.01545	0.00885	0.01150	0.00700	0.03060	0.00512	0.00143	0.02115	0.00415	0.00254	0.01657

[dist]
# distance from previous block
# <min> <max>
0	4

[block]
# block no. 2 follows, 62 sequences, length 16
# corresponding to MSA columns:
# 126-132,137,138,155-161
name=unknown_C
#
# <colnr> <probs for GDERKNQSTAVLIFYWHMCP>
#	G	D	E	R	K	N	Q	S	T	A	V	L	I	F	Y	W	H	M	C	P
0	0.01235	0.00987	0.01050	0.00880	0.01157	0.01107	0.00701	0.29230	0.48331	0.02067	0.01436	0.01363	0.01066	0.00541	0.00421	0.00134	0.00377	0.00435	0.03111	0.04372
1	0.01076	0.00857	0.00977	0.06870	0.02739	0.00959	0.00693	0.13031	0.46451	0.05075	0.13379	0.01739	0.03068	0.00603	0.00442	0.00139	0.00354	0.00506	0.00418	0.00622
2	0.00595	0.00435	0.00559	0.00528	0.00631	0.00398	0.00396	0.00789	0.01187	0.01666	0.76535	0.03245	0.09672	0.00885	0.00502	0.00135	0.00202	0.00779	0.00463	0.00398
3	0.01053	0.01011	0.01727	0.02612	0.82392	0.01011	0.01306	0.01306	0.00969	0.01390	0.00800	0.01053	0.00674	0.00379	0.00421	0.00126	0.00505	0.00379	0.00211	0.00674
4	0.00618	0.00417	0.00488	0.00488	0.00496	0.00425	0.00287	0.00634	0.00626	0.00843	0.01319	0.02664	0.01495	0.76196	0.10944	0.00442	0.00491	0.00601	0.00255	0.00271
5	0.01138	0.85302	0.02230	0.00728	0.01092	0.01684	0.00728	0.01274	0.00865	0.01001	0.00592	0.00683	0.00546	0.00364	0.00273	0.00091	0.00455	0.00228	0.00182	0.00546
6	0.00804	0.00756	0.01276	0.84023	0.02931	0.00945	0.01182	0.01087	0.00851	0.01087	0.00756	0.01134	0.00567	0.00425	0.00425	0.00142	0.00567	0.00378	0.00189	0.00473
7	0.00804	0.00756	0.01276	0.84023	0.02931	0.00945	0.01182	0.01087	0.00851	0.01087	0.00756	0.01134	0.00567	0.00425	0.00425	0.00142	0.00567	0.00378	0.00189	0.00473
8	0.00804	0.00756	0.01276	0.84023	0.02931	0.00945	0.01182	0.01087	0.00851	0.01087	0.00756	0.01134	0.00567	0.00425	0.00425	0.00142	0.00567	0.00378	0.00189	0.00473
9	0.01772	0.00754	0.01008	0.00792	0.01090	0.00708	0.00651	0.02012	0.07406	0.70511	0.01602	0.01422	0.01037	0.00546	0.00498	0.00137	0.06430	0.00428	0.00495	0.00702
10	0.01841	0.00709	0.00966	0.00746	0.01063	0.00614	0.00614	0.02008	0.01217	0.78497	0.05843	0.01538	0.01207	0.00544	0.00432	0.00132	0.00354	0.00446	0.00524	0.00707
11	0.00552	0.00405	0.00520	0.00600	0.00658	0.00378	0.00437	0.00653	0.00868	0.01127	0.02634	0.53112	0.16168	0.03452	0.00588	0.00179	0.00275	0.16648	0.00391	0.00355
12	0.01138	0.85302	0.02230	0.00728	0.01092	0.01684	0.00728	0.01274	0.00865	0.01001	0.00592	0.00683	0.00546	0.00364	0.00273	0.00091	0.00455	0.00228	0.00182	0.00546
13	0.01498	0.14258	0.01389	0.00917	0.01246	0.01336	0.00771	0.64953	0.01762	0.02337	0.00969	0.01048	0.00733	0.04281	0.00480	0.00135	0.00464	0.00369	0.00380	0.00675
14	0.01177	0.72174	0.02053	0.00749	0.01098	0.01595	0.00721	0.10870	0.00993	0.01198	0.00670	0.00797	0.00603	0.03352	0.00358	0.00107	0.00455	0.00260	0.00214	0.00557
15	0.01137	0.77712	0.06861	0.00764	0.01143	0.01631	0.00780	0.03916	0.00904	0.01077	0.00616	0.00706	0.00552	0.00371	0.00286	0.00095	0.00466	0.00238	0.00190	0.00557

[dist]
# distance from previous block
# <min> <max>
2	7

# created by:
# /st0/software/busco_prod/Augustus/scripts/msa2prfl.pl ./align_prep/151709.fa
