[name]
unknown

[dist]
# distance from previous block
# <min> <max>
0	9

[block]
# block no. 0 follows, 66 sequences, length 17
# corresponding to MSA columns:
# 9-25
name=unknown_A
#
# <colnr> <probs for GDERKNQSTAVLIFYWHMCP>
#	G	D	E	R	K	N	Q	S	T	A	V	L	I	F	Y	W	H	M	C	P
0	0.00714	0.00512	0.00692	0.00760	0.00869	0.00520	0.00662	0.06319	0.01000	0.01305	0.02069	0.04333	0.02224	0.01078	0.00550	0.00182	0.00379	0.75063	0.00376	0.00395
1	0.01540	0.01190	0.01213	0.00941	0.01258	0.06861	0.00772	0.76432	0.01856	0.02451	0.00951	0.00958	0.00679	0.00482	0.00403	0.00121	0.00466	0.00358	0.00393	0.00675
2	0.01004	0.00964	0.01647	0.02490	0.83211	0.00964	0.01245	0.01245	0.00924	0.01325	0.00763	0.01004	0.00643	0.00361	0.00402	0.00120	0.00482	0.00361	0.00201	0.00643
3	0.01809	0.00708	0.00952	0.00730	0.01044	0.00622	0.00603	0.05079	0.01190	0.80350	0.01576	0.01365	0.00992	0.00502	0.00408	0.00125	0.00349	0.00406	0.00498	0.00690
4	0.00888	0.00888	0.01243	0.01065	0.01065	0.01243	0.00888	0.00976	0.00621	0.00976	0.00533	0.00888	0.00533	0.00710	0.01331	0.00178	0.84999	0.00355	0.00178	0.00444
5	0.00997	0.00716	0.00857	0.00620	0.00973	0.00550	0.00499	0.01173	0.00892	0.14377	0.00861	0.00927	0.00665	0.00333	0.00318	0.00070	0.00308	0.00267	0.00282	0.74315
6	0.00841	0.00721	0.00841	0.00601	0.00961	0.00541	0.00481	0.01022	0.00841	0.01322	0.00721	0.00841	0.00601	0.00300	0.00300	0.00060	0.00300	0.00240	0.00240	0.88222
7	0.00857	0.15426	0.70689	0.01083	0.01642	0.01048	0.01371	0.01274	0.00851	0.01232	0.00702	0.00824	0.00515	0.00379	0.00366	0.00122	0.00573	0.00287	0.00172	0.00587
8	0.00498	0.00356	0.00474	0.00563	0.00589	0.00332	0.00377	0.00573	0.00792	0.01059	0.05472	0.82173	0.02729	0.01253	0.00516	0.00163	0.00234	0.01137	0.00379	0.00332
9	0.01004	0.00964	0.01647	0.02490	0.83211	0.00964	0.01245	0.01245	0.00924	0.01325	0.00763	0.01004	0.00643	0.00361	0.00402	0.00120	0.00482	0.00361	0.00201	0.00643
10	0.00992	0.00951	0.01624	0.06843	0.78956	0.00961	0.01239	0.01234	0.00918	0.01310	0.00761	0.01008	0.00637	0.00364	0.00402	0.00121	0.00485	0.00361	0.00200	0.00632
11	0.00583	0.00421	0.00580	0.00580	0.00628	0.00468	0.00418	0.00678	0.00631	0.00889	0.01152	0.01957	0.01172	0.31376	0.56017	0.00563	0.00849	0.00488	0.00227	0.00322
12	0.00620	0.00443	0.00615	0.00709	0.00787	0.00438	0.00595	0.00782	0.00901	0.01176	0.02167	0.21710	0.02409	0.01153	0.00551	0.00182	0.00344	0.63680	0.00374	0.00364
13	0.01042	0.72658	0.15077	0.00768	0.01155	0.01500	0.00822	0.01226	0.00829	0.01007	0.00590	0.00684	0.00520	0.00353	0.00280	0.00093	0.00460	0.00230	0.00173	0.00533
14	0.01090	0.00991	0.01579	0.02243	0.70190	0.01011	0.01170	0.14053	0.01080	0.01521	0.00797	0.00999	0.00650	0.00381	0.00402	0.00121	0.00476	0.00362	0.00233	0.00650
15	0.00909	0.00873	0.01443	0.28894	0.44131	0.00988	0.01150	0.01135	0.00839	0.01177	0.00713	0.01011	0.00592	0.00431	0.00551	0.00134	0.13929	0.00360	0.00190	0.00549
16	0.00524	0.00371	0.00500	0.00588	0.00623	0.00351	0.00415	0.00608	0.00802	0.01067	0.04153	0.70065	0.02614	0.01243	0.00549	0.02306	0.00257	0.12261	0.00373	0.00333

[dist]
# distance from previous block
# <min> <max>
0	10

[block]
# block no. 1 follows, 66 sequences, length 59
# corresponding to MSA columns:
# 36-94
name=unknown_B
#
# <colnr> <probs for GDERKNQSTAVLIFYWHMCP>
#	G	D	E	R	K	N	Q	S	T	A	V	L	I	F	Y	W	H	M	C	P
0	0.01359	0.00997	0.01083	0.00868	0.01143	0.02652	0.01718	0.58780	0.05948	0.04580	0.01175	0.05657	0.00944	0.00564	0.00413	0.00127	0.00414	0.04995	0.05958	0.00625
1	0.00498	0.00366	0.00467	0.00538	0.00584	0.00335	0.00367	0.00582	0.00826	0.01089	0.08520	0.67296	0.14639	0.01202	0.00509	0.00158	0.00228	0.01078	0.00382	0.00335
2	0.01004	0.00964	0.01647	0.02490	0.83211	0.00964	0.01245	0.01245	0.00924	0.01325	0.00763	0.01004	0.00643	0.00361	0.00402	0.00120	0.00482	0.00361	0.00201	0.00643
3	0.00494	0.00353	0.00471	0.00565	0.00588	0.00330	0.00377	0.00565	0.00777	0.01036	0.02236	0.85477	0.02683	0.01271	0.00518	0.00165	0.00235	0.01153	0.00377	0.00330
4	0.01516	0.01934	0.01150	0.01045	0.01254	0.84113	0.00784	0.01620	0.01150	0.00993	0.00627	0.00732	0.00523	0.00418	0.00366	0.00105	0.00732	0.00261	0.00209	0.00470
5	0.67384	0.00788	0.00697	0.00592	0.00859	0.00872	0.00488	0.06047	0.00849	0.17053	0.00781	0.00812	0.00559	0.00406	0.00289	0.00125	0.00327	0.00263	0.00307	0.00501
6	0.82857	0.00860	0.00633	0.00567	0.00816	0.06404	0.00462	0.01221	0.00721	0.01766	0.00569	0.00664	0.00445	0.00379	0.00259	0.00124	0.00341	0.00222	0.00248	0.00441
7	0.00766	0.00721	0.01217	0.84767	0.02794	0.00901	0.01127	0.01037	0.00811	0.01037	0.00721	0.01082	0.00541	0.00406	0.00406	0.00135	0.00541	0.00361	0.00180	0.00451
8	0.01115	0.00990	0.01314	0.04570	0.03357	0.11750	0.15746	0.06390	0.03495	0.11787	0.03233	0.02908	0.00820	0.01927	0.01519	0.00149	0.24352	0.00410	0.03655	0.00514
9	0.00571	0.00415	0.00538	0.00507	0.00604	0.00382	0.00381	0.00760	0.01142	0.01611	0.80623	0.03057	0.06212	0.00835	0.00479	0.00128	0.00192	0.00737	0.00445	0.00382
10	0.01011	0.00803	0.00881	0.00760	0.00974	0.05759	0.03700	0.10441	0.30655	0.08998	0.15657	0.02054	0.13364	0.00653	0.00436	0.00132	0.00338	0.02439	0.00399	0.00544
11	0.88607	0.00785	0.00596	0.00534	0.00785	0.00910	0.00439	0.01193	0.00690	0.01820	0.00565	0.00659	0.00439	0.00377	0.00251	0.00126	0.00314	0.00220	0.00251	0.00439
12	0.00494	0.00411	0.00428	0.00424	0.00553	0.00349	0.00316	0.00605	0.00945	0.01155	0.13838	0.03770	0.71498	0.02789	0.00513	0.00141	0.00208	0.00835	0.00383	0.00345
13	0.00494	0.00353	0.00471	0.00565	0.00588	0.00330	0.00377	0.00565	0.00777	0.01036	0.02236	0.85477	0.02683	0.01271	0.00518	0.00165	0.00235	0.01153	0.00377	0.00330
14	0.00766	0.00721	0.01217	0.84767	0.02794	0.00901	0.01127	0.01037	0.00811	0.01037	0.00721	0.01082	0.00541	0.00406	0.00406	0.00135	0.00541	0.00361	0.00180	0.00451
15	0.88607	0.00785	0.00596	0.00534	0.00785	0.00910	0.00439	0.01193	0.00690	0.01820	0.00565	0.00659	0.00439	0.00377	0.00251	0.00126	0.00314	0.00220	0.00251	0.00439
16	0.00589	0.00396	0.00455	0.00455	0.00459	0.00400	0.00261	0.00598	0.00594	0.00796	0.01267	0.02593	0.01448	0.80914	0.06856	0.00408	0.00434	0.00581	0.00244	0.00253
17	0.01085	0.85986	0.02126	0.00694	0.01041	0.01605	0.00694	0.01215	0.00824	0.00955	0.00564	0.00651	0.00521	0.00347	0.00260	0.00087	0.00434	0.00217	0.00174	0.00521
18	0.00841	0.00721	0.00841	0.00601	0.00961	0.00541	0.00481	0.01022	0.00841	0.01322	0.00721	0.00841	0.00601	0.00300	0.00300	0.00060	0.00300	0.00240	0.00240	0.88222
19	0.00590	0.00393	0.00442	0.00442	0.00442	0.00393	0.00246	0.00590	0.00590	0.00787	0.01278	0.02655	0.01475	0.85742	0.02065	0.00393	0.00393	0.00590	0.00246	0.00246
20	0.00654	0.00467	0.00654	0.00747	0.00841	0.00467	0.00654	0.00841	0.00934	0.01214	0.02148	0.04576	0.02335	0.01121	0.00560	0.00187	0.00374	0.80480	0.00374	0.00374
21	0.01516	0.01934	0.01150	0.01045	0.01254	0.84113	0.00784	0.01620	0.01150	0.00993	0.00627	0.00732	0.00523	0.00418	0.00366	0.00105	0.00732	0.00261	0.00209	0.00470
22	0.00560	0.00400	0.00540	0.00607	0.00666	0.00383	0.00459	0.00688	0.00892	0.01199	0.17725	0.43226	0.02772	0.02921	0.00556	0.00169	0.00272	0.25226	0.00386	0.00351
23	0.00574	0.00415	0.00542	0.00510	0.00606	0.00383	0.00383	0.00766	0.01148	0.01627	0.82997	0.03031	0.03828	0.00829	0.00479	0.00128	0.00191	0.00734	0.00447	0.00383
24	0.00520	0.00394	0.00479	0.00497	0.00583	0.00354	0.00358	0.00646	0.00963	0.01278	0.33341	0.29238	0.27817	0.01029	0.00491	0.00142	0.00210	0.00903	0.00403	0.00354
25	0.03540	0.78658	0.02015	0.00691	0.01034	0.01527	0.00681	0.01259	0.00840	0.05797	0.00625	0.00694	0.00547	0.00357	0.00269	0.00090	0.00425	0.00228	0.00195	0.00528
26	0.00854	0.14609	0.71483	0.01087	0.01649	0.01041	0.01379	0.01274	0.00852	0.01236	0.00704	0.00826	0.00515	0.00380	0.00367	0.00122	0.00575	0.00287	0.00172	0.00588
27	0.03409	0.00944	0.01024	0.00839	0.01115	0.01042	0.00676	0.35360	0.34527	0.12280	0.01328	0.01251	0.00956	0.00512	0.00402	0.00128	0.00373	0.00405	0.02772	0.00656
28	0.00550	0.00447	0.00497	0.00487	0.00600	0.02119	0.00363	0.00702	0.02015	0.01313	0.36443	0.08757	0.40203	0.00993	0.02567	0.00147	0.00236	0.00797	0.00399	0.00365
29	0.00814	0.02099	0.83640	0.01156	0.01756	0.00942	0.01499	0.01285	0.00857	0.01285	0.00728	0.00857	0.00514	0.00385	0.00385	0.00128	0.00600	0.00300	0.00171	0.00600
30	0.00790	0.01856	0.70724	0.01133	0.04716	0.00879	0.01358	0.01212	0.00862	0.01277	0.04285	0.02552	0.02183	0.01570	0.02763	0.00147	0.00576	0.00353	0.00193	0.00572
31	0.00791	0.00497	0.00622	0.11297	0.07597	0.00521	0.00492	0.03595	0.00890	0.01450	0.01309	0.01539	0.04070	0.00487	0.00325	0.00106	0.00270	0.01674	0.62050	0.00418
32	0.00980	0.00939	0.01602	0.10981	0.74912	0.00958	0.01233	0.01224	0.00912	0.01296	0.00759	0.01012	0.00632	0.00366	0.00402	0.00122	0.00488	0.00361	0.00199	0.00623
33	0.02338	0.81285	0.02064	0.00707	0.01047	0.05029	0.00694	0.01231	0.00836	0.00968	0.00567	0.00654	0.00520	0.00350	0.00265	0.00088	0.00445	0.00219	0.00176	0.00517
34	0.77089	0.00870	0.00682	0.00620	0.02285	0.05310	0.00492	0.06218	0.00794	0.01814	0.00597	0.00688	0.00463	0.00385	0.00269	0.00124	0.00347	0.00233	0.00258	0.00460
35	0.01036	0.01000	0.07985	0.01000	0.05259	0.00991	0.07719	0.13204	0.47022	0.01725	0.05556	0.01399	0.01146	0.00513	0.00415	0.00132	0.00391	0.00441	0.02447	0.00618
36	0.00917	0.00875	0.01495	0.21286	0.54811	0.00918	0.04073	0.01163	0.00909	0.01272	0.06182	0.01157	0.00827	0.00408	0.00427	0.00126	0.01980	0.00390	0.00212	0.00574
37	0.01359	0.01628	0.01158	0.01125	0.08254	0.61986	0.01894	0.03158	0.01113	0.02308	0.05554	0.00995	0.02799	0.00468	0.00427	0.00113	0.04620	0.00324	0.00233	0.00484
38	0.01414	0.05270	0.02661	0.01064	0.05220	0.62904	0.00794	0.07378	0.02190	0.01156	0.00677	0.00778	0.00554	0.00411	0.00363	0.00104	0.00652	0.00274	0.00225	0.05910
39	0.00495	0.00414	0.00432	0.00436	0.00568	0.00352	0.00332	0.00607	0.00937	0.01131	0.08225	0.03897	0.74088	0.01022	0.00484	0.00139	0.00215	0.05498	0.00380	0.00346
40	0.86763	0.02580	0.00629	0.00537	0.00790	0.00925	0.00445	0.01193	0.00693	0.01802	0.00565	0.00659	0.00441	0.00376	0.00251	0.00125	0.00316	0.00220	0.00249	0.00441
41	0.00652	0.00466	0.00651	0.00741	0.00834	0.00465	0.00646	0.00839	0.00940	0.01226	0.04376	0.04534	0.02376	0.01113	0.00558	0.00185	0.00369	0.78282	0.00376	0.00374
42	0.00646	0.00431	0.00564	0.00521	0.00630	0.00395	0.00394	0.00834	0.01146	0.06398	0.77095	0.02947	0.04818	0.00813	0.00474	0.00128	0.00201	0.00716	0.00449	0.00400
43	0.08637	0.00449	0.00547	0.00513	0.00622	0.00431	0.00388	0.00805	0.01106	0.01645	0.75447	0.02813	0.03518	0.00788	0.00458	0.00127	0.00203	0.00687	0.00429	0.00388
44	0.00520	0.00563	0.08049	0.00497	0.00666	0.00400	0.00428	0.00663	0.00931	0.01159	0.11016	0.08306	0.63440	0.00965	0.00473	0.00137	0.00242	0.00811	0.00364	0.00369
45	0.00740	0.00693	0.01143	0.77041	0.02589	0.00850	0.01052	0.00995	0.00822	0.01042	0.01031	0.01340	0.08097	0.00463	0.00412	0.00135	0.00510	0.00406	0.00198	0.00441
46	0.80580	0.00813	0.00761	0.00641	0.00907	0.00921	0.07885	0.01202	0.00715	0.01773	0.00588	0.00699	0.00456	0.00373	0.00272	0.00127	0.00348	0.00243	0.00247	0.00449
47	0.01460	0.12826	0.01276	0.01000	0.01227	0.73421	0.00772	0.01568	0.01108	0.00988	0.00619	0.00721	0.00522	0.00409	0.00352	0.00102	0.00693	0.00256	0.00204	0.00477
48	0.01500	0.08908	0.01301	0.00912	0.01238	0.01290	0.00764	0.74472	0.01808	0.02410	0.00937	0.00944	0.00674	0.00474	0.00393	0.00119	0.00445	0.00352	0.00385	0.00674
49	0.00604	0.00552	0.00520	0.00501	0.00631	0.08028	0.00375	0.00735	0.01016	0.01254	0.28732	0.03338	0.50443	0.00909	0.00469	0.00131	0.00249	0.00763	0.00383	0.00367
50	0.00537	0.00564	0.08073	0.00513	0.00676	0.00408	0.00441	0.00697	0.00976	0.01260	0.25867	0.06480	0.50203	0.00922	0.00472	0.00135	0.00239	0.00782	0.00378	0.00377
51	0.00642	0.00464	0.00634	0.00721	0.00808	0.00465	0.00609	0.00846	0.04007	0.01204	0.02143	0.17538	0.02350	0.01123	0.00548	0.00181	0.00349	0.64615	0.00376	0.00377
52	0.00578	0.08222	0.00649	0.00566	0.00647	0.00469	0.00420	0.00694	0.00895	0.01197	0.23399	0.47325	0.06694	0.01050	0.00485	0.00148	0.00249	0.05574	0.00376	0.00364
53	0.00804	0.01939	0.76028	0.01099	0.01644	0.00888	0.01394	0.01216	0.00827	0.01232	0.00726	0.00891	0.00531	0.00479	0.00495	0.08194	0.00577	0.00305	0.00172	0.00561
54	0.02908	0.00762	0.00948	0.00730	0.01039	0.00706	0.00600	0.16856	0.01252	0.54667	0.01533	0.01391	0.05689	0.00510	0.00400	0.00120	0.00352	0.00408	0.00449	0.08683
55	0.00524	0.02770	0.00558	0.00595	0.00637	0.00382	0.01942	0.00604	0.00785	0.01043	0.02160	0.79472	0.02575	0.01224	0.00511	0.00163	0.00253	0.03095	0.00368	0.00340
56	0.01093	0.68614	0.11437	0.00780	0.01143	0.09085	0.00795	0.01260	0.00858	0.00996	0.00589	0.00682	0.00520	0.00358	0.00284	0.00093	0.00480	0.00231	0.00177	0.00525
57	0.00771	0.00847	0.08766	0.77109	0.02699	0.00905	0.01161	0.01059	0.00815	0.01059	0.00722	0.01061	0.00538	0.00404	0.00404	0.00135	0.00546	0.00355	0.00179	0.00464
58	0.00579	0.09417	0.00639	0.00488	0.00629	0.00499	0.00380	0.00727	0.02891	0.01212	0.21700	0.10703	0.46865	0.00921	0.00458	0.00132	0.00232	0.00778	0.00372	0.00376

[dist]
# distance from previous block
# <min> <max>
0	37

# created by:
# /st0/software/busco_prod/Augustus/scripts/msa2prfl.pl ./align_prep/152308.fa
