[name]
unknown

[dist]
# distance from previous block
# <min> <max>
6	103

[block]
# block no. 0 follows, 66 sequences, length 7
# corresponding to MSA columns:
# 134-140
name=unknown_A
#
# <colnr> <probs for GDERKNQSTAVLIFYWHMCP>
#	G	D	E	R	K	N	Q	S	T	A	V	L	I	F	Y	W	H	M	C	P
0	0.04068	0.00473	0.00576	0.00577	0.00681	0.00461	0.00429	0.03672	0.04086	0.07467	0.19642	0.30386	0.07741	0.05810	0.00562	0.00160	0.00265	0.07955	0.04591	0.00399
1	0.03199	0.00468	0.00577	0.00549	0.00687	0.00426	0.00423	0.00947	0.00991	0.16808	0.22890	0.16933	0.20412	0.00878	0.00461	0.00138	0.00249	0.07136	0.05406	0.00423
2	0.14538	0.00690	0.00819	0.00671	0.00923	0.00683	0.00544	0.07281	0.07071	0.42285	0.08074	0.01411	0.01150	0.00662	0.05350	0.00155	0.00367	0.00407	0.06333	0.00583
3	0.06509	0.00555	0.00712	0.00654	0.00796	0.00557	0.03673	0.01076	0.10158	0.12185	0.21839	0.22252	0.07726	0.02970	0.00527	0.00149	0.02972	0.03856	0.00390	0.00445
4	0.05602	0.00656	0.00785	0.00649	0.00878	0.00637	0.00520	0.11122	0.06597	0.34046	0.18609	0.01862	0.08143	0.00605	0.00411	0.00125	0.00299	0.00498	0.07397	0.00558
5	0.01057	0.00682	0.00865	0.00739	0.00935	0.00697	0.04379	0.15332	0.12486	0.17149	0.09718	0.11425	0.04773	0.05557	0.05641	0.01602	0.00388	0.03801	0.02254	0.00519
6	0.06760	0.00730	0.00904	0.00699	0.01000	0.00671	0.00574	0.11085	0.01165	0.54763	0.01353	0.01242	0.00893	0.00469	0.00378	0.00116	0.00340	0.00372	0.06439	0.10048

[dist]
# distance from previous block
# <min> <max>
2	14

[block]
# block no. 1 follows, 66 sequences, length 29
# corresponding to MSA columns:
# 155-183
name=unknown_B
#
# <colnr> <probs for GDERKNQSTAVLIFYWHMCP>
#	G	D	E	R	K	N	Q	S	T	A	V	L	I	F	Y	W	H	M	C	P
0	0.00944	0.00938	0.01593	0.23137	0.45773	0.03049	0.11111	0.01192	0.00887	0.01219	0.00742	0.01021	0.00604	0.00393	0.00468	0.00129	0.05666	0.00373	0.00195	0.00566
1	0.00907	0.27913	0.52963	0.01051	0.01560	0.01153	0.06708	0.01264	0.00854	0.01184	0.00684	0.00809	0.00523	0.00371	0.00353	0.00116	0.00554	0.00286	0.00174	0.00572
2	0.82620	0.00761	0.00600	0.00542	0.00781	0.00883	0.00444	0.01161	0.00688	0.01761	0.00600	0.00723	0.00478	0.00558	0.05956	0.00161	0.00366	0.00234	0.00249	0.00434
3	0.10878	0.00843	0.01277	0.00958	0.01289	0.00801	0.19769	0.10188	0.01142	0.46761	0.01239	0.01193	0.00819	0.00449	0.00408	0.00128	0.00433	0.00400	0.00395	0.00630
4	0.01216	0.00653	0.00903	0.04326	0.01022	0.00618	0.06108	0.08226	0.01067	0.36592	0.06717	0.01934	0.12617	0.11173	0.04805	0.00187	0.00400	0.00513	0.00393	0.00532
5	0.00598	0.00435	0.00559	0.00556	0.00579	0.00478	0.00376	0.00652	0.00627	0.00867	0.01262	0.09909	0.01392	0.48555	0.25267	0.00431	0.06331	0.00582	0.00245	0.00300
6	0.01223	0.00958	0.01023	0.00860	0.01125	0.01082	0.00686	0.29953	0.51557	0.04829	0.01413	0.01321	0.01039	0.00527	0.00410	0.00132	0.00366	0.00424	0.00413	0.00661
7	0.01366	0.06424	0.01269	0.09032	0.10425	0.58656	0.00861	0.05202	0.01110	0.01104	0.00663	0.00801	0.00545	0.00410	0.00369	0.00109	0.00656	0.00284	0.00213	0.00500
8	0.00839	0.09835	0.76123	0.01114	0.01690	0.01003	0.01425	0.01278	0.00854	0.01254	0.00713	0.00838	0.00515	0.00382	0.00374	0.00125	0.00584	0.00292	0.00172	0.00592
9	0.01820	0.00690	0.00942	0.00722	0.01036	0.00596	0.00596	0.01977	0.01161	0.83492	0.01601	0.01381	0.01004	0.00502	0.00408	0.00126	0.00345	0.00408	0.00502	0.00690
10	0.00480	0.00411	0.00411	0.00411	0.00548	0.00343	0.00308	0.00582	0.00925	0.01096	0.04110	0.03905	0.83046	0.01028	0.00480	0.00137	0.00206	0.00856	0.00377	0.00343
11	0.00945	0.00921	0.01324	0.50042	0.24775	0.09355	0.01107	0.03226	0.00910	0.02513	0.00744	0.01027	0.00579	0.00398	0.00401	0.00128	0.00538	0.00352	0.00200	0.00516
12	0.00958	0.01094	0.02394	0.01710	0.02120	0.01026	0.81737	0.01300	0.00958	0.01300	0.00821	0.01094	0.00616	0.00342	0.00479	0.00137	0.00684	0.00479	0.00205	0.00547
13	0.01783	0.00682	0.00930	0.00716	0.01023	0.00590	0.00590	0.01941	0.01161	0.81070	0.04009	0.01430	0.01088	0.00512	0.00410	0.00126	0.00341	0.00418	0.00501	0.00681
14	0.00946	0.01072	0.02325	0.06591	0.02160	0.01019	0.77000	0.01284	0.00949	0.01284	0.00815	0.01094	0.00611	0.00346	0.00474	0.00137	0.00676	0.00472	0.00204	0.00542
15	0.01423	0.03713	0.01337	0.01087	0.01351	0.50271	0.10899	0.19516	0.04102	0.01404	0.00763	0.00856	0.00596	0.00427	0.00388	0.00113	0.00640	0.00317	0.00259	0.00536
16	0.01115	0.00940	0.01072	0.00903	0.01164	0.01061	0.05786	0.18344	0.60914	0.01847	0.01461	0.01377	0.01087	0.00524	0.00416	0.00134	0.00370	0.00441	0.00398	0.00646
17	0.00759	0.00643	0.00962	0.02313	0.00950	0.00756	0.08384	0.03532	0.00737	0.03026	0.01104	0.13617	0.01139	0.15857	0.19982	0.00313	0.24741	0.00542	0.00245	0.00399
18	0.00494	0.00353	0.00471	0.00565	0.00588	0.00330	0.00377	0.00565	0.00777	0.01036	0.02236	0.85477	0.02683	0.01271	0.00518	0.00165	0.00235	0.01153	0.00377	0.00330
19	0.00480	0.00411	0.00411	0.00411	0.00548	0.00343	0.00308	0.00582	0.00925	0.01096	0.04110	0.03905	0.83046	0.01028	0.00480	0.00137	0.00206	0.00856	0.00377	0.00343
20	0.00901	0.00719	0.00847	0.00608	0.00966	0.00544	0.00488	0.01080	0.00861	0.06317	0.00775	0.00874	0.00625	0.00313	0.00307	0.00064	0.00303	0.00251	0.00256	0.82901
21	0.01024	0.00969	0.01792	0.07766	0.49116	0.00955	0.24639	0.01291	0.00940	0.06293	0.00828	0.01059	0.00650	0.00367	0.00425	0.00127	0.00537	0.00398	0.00219	0.00605
22	0.19097	0.66657	0.01790	0.00669	0.00993	0.03232	0.00644	0.01219	0.00804	0.01133	0.00566	0.00654	0.00504	0.00355	0.00261	0.00095	0.00416	0.00218	0.00190	0.00503
23	0.01771	0.00701	0.00940	0.00728	0.01037	0.00621	0.00599	0.01988	0.06104	0.78520	0.01604	0.01389	0.01019	0.00505	0.00408	0.00126	0.00344	0.00411	0.00497	0.00688
24	0.00889	0.01104	0.17214	0.01128	0.03131	0.00902	0.24301	0.02662	0.26985	0.01457	0.09049	0.01512	0.05235	0.00548	0.01920	0.00143	0.00481	0.00476	0.00300	0.00563
25	0.00480	0.00411	0.00411	0.00411	0.00548	0.00343	0.00308	0.00582	0.00925	0.01096	0.04110	0.03905	0.83046	0.01028	0.00480	0.00137	0.00206	0.00856	0.00377	0.00343
26	0.00958	0.01094	0.02394	0.01710	0.02120	0.01026	0.81737	0.01300	0.00958	0.01300	0.00821	0.01094	0.00616	0.00342	0.00479	0.00137	0.00684	0.00479	0.00205	0.00547
27	0.06628	0.01140	0.01470	0.02037	0.59234	0.17242	0.01092	0.01306	0.00943	0.01280	0.00716	0.00925	0.00603	0.00385	0.00416	0.00120	0.03336	0.00333	0.00205	0.00589
28	0.00574	0.00415	0.00542	0.00510	0.00606	0.00383	0.00383	0.00766	0.01148	0.01627	0.82997	0.03031	0.03828	0.00829	0.00479	0.00128	0.00191	0.00734	0.00447	0.00383

[dist]
# distance from previous block
# <min> <max>
0	1

[block]
# block no. 2 follows, 66 sequences, length 24
# corresponding to MSA columns:
# 185-208
name=unknown_C
#
# <colnr> <probs for GDERKNQSTAVLIFYWHMCP>
#	G	D	E	R	K	N	Q	S	T	A	V	L	I	F	Y	W	H	M	C	P
0	0.00848	0.01808	0.62278	0.04846	0.09801	0.00953	0.11246	0.01272	0.00874	0.01280	0.00743	0.00909	0.00540	0.00379	0.00399	0.00129	0.00596	0.00330	0.00179	0.00591
1	0.69680	0.00843	0.00720	0.00612	0.00879	0.00959	0.00504	0.15504	0.00925	0.05258	0.00679	0.00744	0.00507	0.00401	0.00285	0.00125	0.00339	0.00253	0.00289	0.00494
2	0.00495	0.00412	0.00433	0.00428	0.00558	0.00349	0.00321	0.00613	0.00962	0.01184	0.17219	0.03759	0.69883	0.00995	0.00479	0.00135	0.00203	0.00836	0.00388	0.00349
3	0.00834	0.01832	0.65063	0.01165	0.01717	0.00910	0.11139	0.01259	0.00867	0.01291	0.00739	0.00884	0.00535	0.00371	0.00388	0.00122	0.00578	0.00315	0.00183	0.09808
4	0.00512	0.00372	0.00483	0.00540	0.00590	0.00343	0.00373	0.00614	0.00876	0.01180	0.21419	0.59792	0.09109	0.01148	0.00506	0.00154	0.00223	0.01032	0.00393	0.00343
5	0.14990	0.00733	0.00931	0.00819	0.06889	0.00696	0.00616	0.06361	0.01114	0.55317	0.06358	0.01321	0.01047	0.00492	0.00388	0.00125	0.00347	0.00393	0.00433	0.00630
6	0.01759	0.00778	0.05020	0.00752	0.01080	0.00641	0.00648	0.05279	0.01177	0.76069	0.01532	0.01338	0.00967	0.00496	0.00407	0.00126	0.00362	0.00401	0.00482	0.00686
7	0.00570	0.00435	0.00619	0.03759	0.00754	0.00482	0.00480	0.00705	0.00713	0.00985	0.04487	0.06174	0.11337	0.07075	0.58921	0.00511	0.00844	0.00539	0.00254	0.00356
8	0.00819	0.02063	0.80795	0.01176	0.01769	0.00945	0.04309	0.01285	0.00860	0.01285	0.00731	0.00865	0.00518	0.00384	0.00389	0.00129	0.00603	0.00306	0.00173	0.00598
9	0.03622	0.01362	0.01235	0.00994	0.01281	0.26198	0.04364	0.50809	0.01586	0.01986	0.00845	0.00897	0.00628	0.00461	0.00409	0.00118	0.01935	0.00335	0.00330	0.00607
10	0.00484	0.00411	0.00418	0.00416	0.00551	0.00345	0.00312	0.00591	0.00936	0.01123	0.08063	0.03861	0.79076	0.01018	0.00479	0.00137	0.00205	0.00850	0.00380	0.00345
11	0.03450	0.00820	0.00890	0.00710	0.04408	0.06575	0.00533	0.01079	0.00863	0.01313	0.00712	0.00835	0.00592	0.00314	0.00308	0.00068	0.00339	0.00246	0.00237	0.75709
12	0.69693	0.00778	0.00676	0.00580	0.00841	0.00865	0.00477	0.04579	0.00823	0.15007	0.02063	0.00826	0.00595	0.00409	0.00286	0.00125	0.00322	0.00264	0.00301	0.00489
13	0.10896	0.27433	0.01388	0.04352	0.01191	0.34754	0.00723	0.08552	0.01053	0.05270	0.00683	0.00767	0.00552	0.00401	0.00328	0.00105	0.00542	0.00264	0.00233	0.00512
14	0.00944	0.01190	0.10120	0.01657	0.02086	0.01018	0.74108	0.01298	0.00948	0.01298	0.00812	0.01072	0.00606	0.00346	0.00470	0.00136	0.00676	0.00462	0.00202	0.00552
15	0.00872	0.00787	0.01297	0.62626	0.18935	0.00922	0.01123	0.04472	0.00888	0.03141	0.00761	0.01069	0.00579	0.00402	0.00405	0.00131	0.00520	0.00362	0.00202	0.00505
16	0.00503	0.00411	0.00437	0.00431	0.00553	0.00353	0.00318	0.00616	0.00947	0.01175	0.18257	0.03676	0.64115	0.05734	0.00568	0.00150	0.00213	0.00819	0.00382	0.00344
17	0.01318	0.33286	0.01498	0.00898	0.01160	0.47290	0.00740	0.01507	0.06873	0.01029	0.00677	0.00758	0.00573	0.00401	0.00330	0.00100	0.00591	0.00259	0.00210	0.00502
18	0.00494	0.00353	0.00471	0.00565	0.00588	0.00330	0.00377	0.00565	0.00777	0.01036	0.02236	0.85477	0.02683	0.01271	0.00518	0.00165	0.00235	0.01153	0.00377	0.00330
19	0.00729	0.00638	0.06550	0.01975	0.00710	0.04603	0.01482	0.00833	0.03071	0.04886	0.02576	0.03024	0.01318	0.57534	0.08128	0.00346	0.00476	0.00531	0.00257	0.00335
20	0.00982	0.03807	0.41466	0.01221	0.04019	0.00959	0.18706	0.10442	0.01019	0.05939	0.00925	0.02554	0.00725	0.00448	0.00418	0.00132	0.00560	0.04854	0.00239	0.00585
21	0.00491	0.00399	0.00435	0.00452	0.00562	0.00344	0.00329	0.00596	0.00915	0.01133	0.11001	0.20704	0.59107	0.01060	0.00487	0.00142	0.00210	0.00906	0.00383	0.00344
22	0.00498	0.00355	0.00470	0.00560	0.00583	0.00332	0.00372	0.00566	0.00770	0.01026	0.02200	0.82368	0.02638	0.04442	0.00576	0.00173	0.00241	0.01132	0.00372	0.00326
23	0.75893	0.00787	0.00710	0.03752	0.00927	0.00891	0.03427	0.01247	0.00739	0.07641	0.00654	0.00743	0.00490	0.00385	0.00276	0.00126	0.00338	0.00248	0.00265	0.00462

[dist]
# distance from previous block
# <min> <max>
0	1

[block]
# block no. 3 follows, 66 sequences, length 19
# corresponding to MSA columns:
# 210-228
name=unknown_D
#
# <colnr> <probs for GDERKNQSTAVLIFYWHMCP>
#	G	D	E	R	K	N	Q	S	T	A	V	L	I	F	Y	W	H	M	C	P
0	0.01113	0.58400	0.18110	0.00799	0.01193	0.01376	0.00849	0.05217	0.00911	0.07737	0.00700	0.00766	0.00566	0.00374	0.00304	0.00100	0.00460	0.00256	0.00211	0.00558
1	0.00893	0.00999	0.03974	0.01318	0.01563	0.03426	0.41733	0.01126	0.00857	0.01180	0.03640	0.01320	0.07915	0.00538	0.00744	0.00148	0.27448	0.00469	0.00218	0.00490
2	0.00682	0.00433	0.00560	0.00523	0.00621	0.00400	0.00383	0.00839	0.01057	0.08664	0.60988	0.06882	0.03210	0.12156	0.00686	0.00165	0.00234	0.00707	0.00421	0.00389
3	0.00841	0.00721	0.00841	0.00601	0.00961	0.00541	0.00481	0.01022	0.00841	0.01322	0.00721	0.00841	0.00601	0.00300	0.00300	0.00060	0.00300	0.00240	0.00240	0.88222
4	0.01044	0.00839	0.02338	0.10589	0.13835	0.00796	0.00752	0.16301	0.02504	0.07287	0.02146	0.01039	0.00726	0.00518	0.04443	0.00126	0.00428	0.00330	0.00281	0.33678
5	0.00850	0.13193	0.72859	0.01095	0.01661	0.01030	0.01393	0.01276	0.00852	0.01241	0.00706	0.00829	0.00515	0.00380	0.00369	0.00123	0.00578	0.00289	0.00172	0.00589
6	0.00574	0.00415	0.00542	0.00510	0.00606	0.00383	0.00383	0.00766	0.01148	0.01627	0.82997	0.03031	0.03828	0.00829	0.00479	0.00128	0.00191	0.00734	0.00447	0.00383
7	0.00531	0.00413	0.00483	0.00466	0.00580	0.00365	0.00349	0.00683	0.01048	0.01387	0.47406	0.03425	0.39569	0.00919	0.00479	0.00132	0.00198	0.00789	0.00415	0.00365
8	0.01391	0.04193	0.01152	0.00956	0.01196	0.49210	0.04654	0.09750	0.05259	0.09366	0.01123	0.01153	0.07864	0.00488	0.00389	0.00114	0.00586	0.00358	0.00282	0.00517
9	0.01416	0.01773	0.01159	0.12118	0.01458	0.73108	0.00829	0.01543	0.01105	0.00999	0.00640	0.00778	0.00525	0.00416	0.00371	0.00109	0.00706	0.00274	0.00205	0.00468
10	0.00494	0.00353	0.00471	0.00565	0.00588	0.00330	0.00377	0.00565	0.00777	0.01036	0.02236	0.85477	0.02683	0.01271	0.00518	0.00165	0.00235	0.01153	0.00377	0.00330
11	0.00958	0.01094	0.02394	0.01710	0.02120	0.01026	0.81737	0.01300	0.00958	0.01300	0.00821	0.01094	0.00616	0.00342	0.00479	0.00137	0.00684	0.00479	0.00205	0.00547
12	0.12575	0.01040	0.12756	0.04962	0.02459	0.00915	0.04109	0.18226	0.13679	0.14505	0.03430	0.01123	0.00839	0.00454	0.00381	0.00123	0.00412	0.00364	0.00335	0.07313
13	0.00958	0.01094	0.02394	0.01710	0.02120	0.01026	0.81737	0.01300	0.00958	0.01300	0.00821	0.01094	0.00616	0.00342	0.00479	0.00137	0.00684	0.00479	0.00205	0.00547
14	0.00519	0.00413	0.00466	0.00453	0.00572	0.00359	0.00339	0.00659	0.01018	0.01318	0.37125	0.03539	0.49893	0.00945	0.00479	0.00133	0.00200	0.00805	0.00406	0.00359
15	0.01116	0.78824	0.04521	0.00710	0.01063	0.01531	0.00713	0.01258	0.00844	0.05446	0.00625	0.00697	0.00547	0.00357	0.00272	0.00090	0.00434	0.00230	0.00191	0.00532
16	0.06296	0.01187	0.01863	0.03504	0.07555	0.16498	0.47387	0.01365	0.00970	0.05260	0.00791	0.01001	0.00604	0.00382	0.00463	0.00130	0.03586	0.00404	0.00221	0.00534
17	0.00527	0.00413	0.00476	0.00461	0.00577	0.00363	0.00345	0.00674	0.01036	0.01360	0.43406	0.03469	0.43586	0.00929	0.00479	0.00132	0.00198	0.00795	0.00412	0.00363
18	0.76187	0.00856	0.00683	0.00608	0.00835	0.05457	0.00497	0.01197	0.00709	0.01701	0.00565	0.00683	0.00452	0.00408	0.00352	0.00129	0.07762	0.00234	0.00242	0.00441

[dist]
# distance from previous block
# <min> <max>
0	11

# created by:
# /st0/software/busco_prod/Augustus/scripts/msa2prfl.pl ./align_prep/152736.fa
