[name]
unknown

[dist]
# distance from previous block
# <min> <max>
2	95

[block]
# block no. 0 follows, 72 sequences, length 10
# corresponding to MSA columns:
# 119-128
name=unknown_A
#
# <colnr> <probs for GDERKNQSTAVLIFYWHMCP>
#	G	D	E	R	K	N	Q	S	T	A	V	L	I	F	Y	W	H	M	C	P
0	0.16228	0.01717	0.05205	0.04466	0.18756	0.02938	0.05355	0.08080	0.05465	0.02224	0.01036	0.09662	0.02974	0.09835	0.02286	0.00158	0.00405	0.01437	0.00252	0.01522
1	0.00876	0.00918	0.12011	0.18767	0.10206	0.04884	0.03950	0.09127	0.03369	0.04646	0.05102	0.01441	0.02930	0.05061	0.01478	0.00137	0.00443	0.06540	0.00250	0.07863
2	0.00777	0.00783	0.11855	0.00958	0.15124	0.00647	0.02176	0.08012	0.00868	0.04625	0.07198	0.12395	0.06870	0.13319	0.05583	0.00187	0.03830	0.00516	0.00269	0.04008
3	0.12233	0.00446	0.00517	0.03966	0.00666	0.00451	0.00384	0.00750	0.02577	0.03926	0.15929	0.24352	0.09931	0.17434	0.00713	0.00180	0.00271	0.04613	0.00321	0.00340
4	0.02879	0.00839	0.11846	0.02370	0.08688	0.00592	0.00636	0.00976	0.00782	0.01207	0.00790	0.03108	0.02154	0.03851	0.00376	0.00089	0.00338	0.00290	0.00218	0.57971
5	0.00801	0.00855	0.12937	0.04493	0.08189	0.02426	0.00699	0.11435	0.15831	0.01435	0.18800	0.11559	0.07696	0.00627	0.00408	0.00124	0.00339	0.00538	0.00322	0.00484
6	0.12186	0.00426	0.00498	0.00480	0.00583	0.00415	0.00360	0.00736	0.00965	0.01450	0.58742	0.11988	0.08233	0.00778	0.00424	0.00123	0.00199	0.00674	0.00382	0.00357
7	0.00894	0.01033	0.12386	0.12731	0.46364	0.03748	0.07315	0.03271	0.00877	0.01220	0.04041	0.01000	0.00685	0.00375	0.00401	0.00118	0.02448	0.00349	0.00196	0.00547
8	0.08225	0.00825	0.11864	0.00715	0.01039	0.00622	0.00657	0.01708	0.01015	0.67336	0.01316	0.01175	0.00839	0.00446	0.00367	0.00118	0.00352	0.00355	0.00411	0.00616
9	0.02693	0.16706	0.28685	0.01292	0.12427	0.02851	0.24341	0.04469	0.00873	0.01206	0.00686	0.00846	0.00530	0.00344	0.00364	0.00114	0.00532	0.00322	0.00184	0.00536

[dist]
# distance from previous block
# <min> <max>
0	8

[block]
# block no. 1 follows, 72 sequences, length 11
# corresponding to MSA columns:
# 137-147
name=unknown_B
#
# <colnr> <probs for GDERKNQSTAVLIFYWHMCP>
#	G	D	E	R	K	N	Q	S	T	A	V	L	I	F	Y	W	H	M	C	P
0	0.06614	0.11292	0.55992	0.01009	0.03118	0.00923	0.05712	0.01231	0.00814	0.07328	0.00719	0.00818	0.00519	0.00360	0.00344	0.00114	0.00505	0.00284	0.00191	0.02111
1	0.00809	0.18265	0.68829	0.00998	0.01513	0.01000	0.01257	0.01188	0.00795	0.01142	0.00651	0.00764	0.00482	0.00353	0.00338	0.00113	0.00531	0.00265	0.00161	0.00546
2	0.00500	0.00369	0.00471	0.00529	0.00579	0.00351	0.00369	0.00637	0.05017	0.01080	0.12785	0.63616	0.07833	0.01082	0.00473	0.00147	0.00221	0.03250	0.00362	0.00331
3	0.00609	0.00465	0.00634	0.00614	0.04620	0.00441	0.02849	0.04947	0.01085	0.01520	0.69693	0.02629	0.06951	0.00733	0.00440	0.00119	0.00218	0.00650	0.00395	0.00387
4	0.01050	0.79231	0.01905	0.00678	0.00991	0.09039	0.00656	0.01170	0.00798	0.00896	0.00533	0.00615	0.00487	0.00330	0.00252	0.00083	0.00431	0.00207	0.00165	0.00482
5	0.00793	0.00696	0.00863	0.00625	0.00948	0.00555	0.03847	0.00964	0.00781	0.01220	0.00670	0.00798	0.00559	0.00300	0.00333	0.00064	0.04312	0.00239	0.00221	0.81213
6	0.00892	0.00966	0.02074	0.01501	0.01858	0.00905	0.74500	0.01193	0.00895	0.03485	0.00882	0.03522	0.00715	0.00382	0.00450	0.00131	0.00605	0.04330	0.00211	0.00502
7	0.02161	0.03201	0.16499	0.01355	0.22650	0.03977	0.17369	0.02890	0.08771	0.05211	0.11142	0.01204	0.01002	0.00420	0.00391	0.00118	0.00459	0.00395	0.00248	0.00537
8	0.00767	0.00685	0.07535	0.04704	0.02507	0.00611	0.05498	0.02126	0.11968	0.08844	0.33346	0.03509	0.10649	0.00643	0.00462	0.00125	0.04673	0.00551	0.00347	0.00451
9	0.00467	0.00332	0.00439	0.00522	0.00543	0.00311	0.00346	0.00529	0.00717	0.00956	0.02045	0.82155	0.02451	0.05536	0.00558	0.00165	0.00228	0.01051	0.00346	0.00304
10	0.00757	0.00730	0.01280	0.69083	0.11458	0.00859	0.08444	0.01012	0.00782	0.01021	0.00687	0.01004	0.00522	0.00369	0.00385	0.00125	0.00512	0.00347	0.00173	0.00449

[dist]
# distance from previous block
# <min> <max>
5	24

[block]
# block no. 2 follows, 72 sequences, length 50
# corresponding to MSA columns:
# 172-221
name=unknown_C
#
# <colnr> <probs for GDERKNQSTAVLIFYWHMCP>
#	G	D	E	R	K	N	Q	S	T	A	V	L	I	F	Y	W	H	M	C	P
0	0.00985	0.09916	0.10293	0.01415	0.30085	0.09508	0.00965	0.04014	0.01838	0.03390	0.00659	0.00850	0.00555	0.00441	0.00590	0.00123	0.23349	0.00309	0.00194	0.00522
1	0.00856	0.00423	0.00469	0.00428	0.00565	0.00397	0.00331	0.01028	0.02302	0.17314	0.01760	0.01791	0.15890	0.00541	0.00322	0.00102	0.00210	0.00440	0.54423	0.00408
2	0.01120	0.00886	0.06558	0.01053	0.08295	0.00808	0.17739	0.12601	0.11568	0.20884	0.08434	0.01284	0.01022	0.00452	0.00405	0.00119	0.01156	0.01295	0.00327	0.03996
3	0.02405	0.01104	0.05352	0.02447	0.21753	0.16318	0.02863	0.19523	0.03797	0.15360	0.00878	0.00947	0.00649	0.00418	0.00411	0.00115	0.04474	0.00330	0.00283	0.00571
4	0.00509	0.00366	0.00493	0.02272	0.00610	0.00366	0.00389	0.00584	0.00708	0.00951	0.03869	0.54664	0.02119	0.12403	0.08392	0.01802	0.01543	0.07340	0.00314	0.00306
5	0.00814	0.00685	0.03424	0.04873	0.12138	0.00656	0.20287	0.00963	0.00758	0.08385	0.02488	0.05507	0.00892	0.08140	0.13868	0.12686	0.02353	0.00437	0.00227	0.00418
6	0.04545	0.13641	0.42976	0.01000	0.05469	0.06492	0.02719	0.06119	0.01907	0.10590	0.00766	0.00839	0.00556	0.00375	0.00344	0.00112	0.00494	0.00287	0.00218	0.00552
7	0.00872	0.00835	0.01354	0.14669	0.61062	0.02307	0.01049	0.01110	0.02949	0.01190	0.02236	0.01183	0.06718	0.00402	0.00382	0.00116	0.00436	0.00377	0.00205	0.00547
8	0.00495	0.00360	0.00501	0.00553	0.00592	0.00370	0.00392	0.00586	0.00685	0.00939	0.03108	0.52047	0.01934	0.04288	0.30889	0.00323	0.00509	0.00815	0.00296	0.00318
9	0.00989	0.11374	0.15224	0.01180	0.01526	0.16479	0.34073	0.02447	0.08710	0.01171	0.00796	0.00987	0.00627	0.00377	0.00385	0.00117	0.00565	0.02255	0.00208	0.00510
10	0.02128	0.05719	0.29681	0.00898	0.01259	0.02123	0.05292	0.04682	0.26705	0.14365	0.02632	0.01108	0.00832	0.00433	0.00371	0.00120	0.00424	0.00356	0.00295	0.00575
11	0.00707	0.00353	0.00353	0.00353	0.00442	0.00353	0.00265	0.00884	0.00795	0.01414	0.01237	0.01414	0.00972	0.00442	0.00265	0.00088	0.00177	0.00353	0.88777	0.00353
12	0.01388	0.01738	0.01085	0.00976	0.01177	0.78589	0.02036	0.02965	0.04754	0.00988	0.00637	0.00726	0.00522	0.00396	0.00346	0.00100	0.00661	0.00257	0.00207	0.00452
13	0.01088	0.57510	0.07975	0.00751	0.01078	0.06529	0.04133	0.01293	0.05162	0.10281	0.00713	0.00763	0.00575	0.00357	0.00290	0.00094	0.00430	0.00253	0.00211	0.00514
14	0.00716	0.00674	0.01138	0.85760	0.02612	0.00843	0.01053	0.00969	0.00758	0.00969	0.00674	0.01011	0.00506	0.00379	0.00379	0.00126	0.00506	0.00337	0.00169	0.00421
15	0.00537	0.00388	0.00507	0.00477	0.00567	0.00358	0.00358	0.00716	0.01074	0.01521	0.84106	0.02833	0.03578	0.00775	0.00447	0.00119	0.00179	0.00686	0.00417	0.00358
16	0.02376	0.01532	0.01027	0.06646	0.01214	0.64295	0.00721	0.05620	0.03947	0.01041	0.00741	0.06455	0.00655	0.00454	0.00369	0.00107	0.01817	0.00318	0.00220	0.00445
17	0.09154	0.01033	0.01087	0.00840	0.01137	0.01148	0.00694	0.75853	0.01683	0.02330	0.00877	0.00885	0.00624	0.00446	0.00367	0.00114	0.00406	0.00330	0.00367	0.00624
18	0.00810	0.00751	0.01269	0.55787	0.30384	0.00857	0.01082	0.01052	0.00800	0.02613	0.00703	0.00992	0.00546	0.00367	0.00378	0.00122	0.00483	0.00338	0.00181	0.00487
19	0.01204	0.01003	0.03703	0.01126	0.15592	0.01060	0.02788	0.45408	0.20717	0.01938	0.01014	0.01033	0.00751	0.00443	0.00381	0.00118	0.00405	0.00362	0.00336	0.00621
20	0.00974	0.01081	0.06373	0.09255	0.39049	0.11876	0.19891	0.01215	0.00884	0.02854	0.00715	0.00928	0.00570	0.00355	0.00406	0.00117	0.02381	0.00348	0.00192	0.00538
21	0.00943	0.00815	0.00858	0.00772	0.00986	0.00943	0.00600	0.02015	0.83621	0.01586	0.01544	0.01415	0.01158	0.00515	0.00386	0.00129	0.00300	0.00429	0.00386	0.00600
22	0.01200	0.02307	0.17603	0.00837	0.01158	0.03375	0.03475	0.05817	0.28930	0.29324	0.01255	0.01179	0.00875	0.00453	0.00378	0.00121	0.00390	0.00371	0.00353	0.00600
23	0.00761	0.01962	0.84707	0.01081	0.01641	0.00881	0.01401	0.01201	0.00801	0.01201	0.00681	0.00801	0.00480	0.00360	0.00360	0.00120	0.00560	0.00280	0.00160	0.00560
24	0.00929	0.00821	0.00841	0.00749	0.00957	0.05171	0.01804	0.07221	0.60203	0.01519	0.01751	0.01686	0.11976	0.00570	0.00395	0.00127	0.00320	0.02039	0.00368	0.00552
25	0.00707	0.00353	0.00353	0.00353	0.00442	0.00353	0.00265	0.00884	0.00795	0.01414	0.01237	0.01414	0.00972	0.00442	0.00265	0.00088	0.00177	0.00353	0.88777	0.00353
26	0.00782	0.03980	0.14657	0.00742	0.00953	0.01671	0.03103	0.08039	0.08816	0.04863	0.16949	0.13869	0.01696	0.02068	0.04663	0.00159	0.01904	0.10320	0.00317	0.00452
27	0.00769	0.01902	0.79483	0.01114	0.01663	0.00886	0.06566	0.01202	0.00807	0.01202	0.00686	0.00815	0.00486	0.00358	0.00366	0.00121	0.00565	0.00291	0.00162	0.00557
28	0.00761	0.01962	0.84707	0.01081	0.01641	0.00881	0.01401	0.01201	0.00801	0.01201	0.00681	0.00801	0.00480	0.00360	0.00360	0.00120	0.00560	0.00280	0.00160	0.00560
29	0.00470	0.00340	0.00446	0.00522	0.00556	0.00316	0.00357	0.00547	0.00758	0.01006	0.06517	0.74228	0.07612	0.01148	0.00481	0.00151	0.00220	0.03657	0.00355	0.00313
30	0.00516	0.00381	0.00442	0.02361	0.00534	0.00367	0.00304	0.00569	0.00684	0.00872	0.02139	0.08412	0.29727	0.40087	0.07538	0.02082	0.00349	0.02079	0.00277	0.00279
31	0.01014	0.86900	0.01987	0.00649	0.00973	0.01501	0.00649	0.01136	0.00771	0.00892	0.00527	0.00608	0.00487	0.00324	0.00243	0.00081	0.00406	0.00203	0.00162	0.00487
32	0.00546	0.00391	0.00553	0.00559	0.00607	0.00435	0.00411	0.00636	0.00603	0.00849	0.01116	0.06341	0.01136	0.20821	0.57369	0.04326	0.00790	0.01985	0.00218	0.00306
33	0.00532	0.00370	0.00488	0.00519	0.00580	0.00346	0.00374	0.00651	0.00873	0.03214	0.33106	0.42162	0.05065	0.02355	0.02634	0.00155	0.00236	0.05628	0.00374	0.00337
34	0.01942	0.01063	0.12512	0.01046	0.01212	0.05695	0.10406	0.05282	0.03539	0.03808	0.00647	0.00876	0.00547	0.00542	0.00871	0.00146	0.48858	0.00337	0.00199	0.00472
35	0.00870	0.00646	0.11319	0.00601	0.03485	0.00503	0.00518	0.01074	0.00867	0.14951	0.09932	0.01428	0.01150	0.00476	0.00355	0.00104	0.03413	0.00383	0.47486	0.00439
36	0.00507	0.00376	0.00491	0.03303	0.00623	0.00352	0.00372	0.00639	0.00916	0.01253	0.43676	0.33318	0.10899	0.00931	0.00459	0.00133	0.00206	0.00828	0.00379	0.00338
37	0.01046	0.81971	0.01929	0.00659	0.00979	0.03746	0.00648	0.01168	0.00788	0.03430	0.00558	0.00631	0.00500	0.00331	0.00250	0.00083	0.00411	0.00209	0.00172	0.00490
38	0.00943	0.06025	0.01204	0.01042	0.07456	0.03610	0.00811	0.01046	0.00681	0.08570	0.01634	0.00887	0.00583	0.00594	0.01001	0.00150	0.62779	0.00331	0.00199	0.00455
39	0.00707	0.00353	0.00353	0.00353	0.00442	0.00353	0.00265	0.00884	0.00795	0.01414	0.01237	0.01414	0.00972	0.00442	0.00265	0.00088	0.00177	0.00353	0.88777	0.00353
40	0.00720	0.00428	0.00566	0.00508	0.00630	0.00389	0.00389	0.00894	0.01075	0.14581	0.71114	0.02590	0.03163	0.00727	0.00437	0.00119	0.00202	0.00638	0.00426	0.00403
41	0.02666	0.00862	0.00935	0.00760	0.01026	0.07174	0.00612	0.17794	0.23491	0.38554	0.01312	0.01194	0.00899	0.00471	0.00377	0.00118	0.00362	0.00373	0.00405	0.00614
42	0.00909	0.02207	0.06382	0.01905	0.59777	0.01937	0.01067	0.01116	0.00818	0.02253	0.00740	0.04234	0.00654	0.00419	0.00496	0.00121	0.12330	0.00358	0.00193	0.02085
43	0.01016	0.31825	0.02620	0.00828	0.03684	0.02204	0.04628	0.05685	0.34132	0.04542	0.02031	0.01042	0.00828	0.00430	0.00362	0.00110	0.02870	0.00335	0.00281	0.00548
44	0.00474	0.00345	0.00451	0.00524	0.00562	0.00316	0.00353	0.00545	0.00734	0.00981	0.02101	0.80006	0.05478	0.01144	0.00475	0.00149	0.00221	0.01035	0.00347	0.03758
45	0.00756	0.00507	0.00583	0.00561	0.00591	0.00507	0.00353	0.00759	0.02920	0.04158	0.01287	0.02436	0.01396	0.69818	0.01774	0.04360	0.04651	0.01968	0.00282	0.00333
46	0.01329	0.05672	0.02930	0.01251	0.19414	0.03234	0.00861	0.44970	0.04929	0.02948	0.01020	0.04411	0.00828	0.00539	0.00460	0.00139	0.03655	0.00403	0.00349	0.00658
47	0.00860	0.00813	0.01314	0.10486	0.43939	0.00897	0.04427	0.02180	0.04012	0.01149	0.00780	0.03650	0.00690	0.03117	0.02649	0.00146	0.16263	0.00376	0.01738	0.00514
48	0.00481	0.00353	0.00475	0.03848	0.00639	0.00341	0.00384	0.00573	0.02294	0.00980	0.02025	0.81496	0.02405	0.01144	0.00478	0.00152	0.00233	0.01037	0.00346	0.00318
49	0.00964	0.00897	0.01510	0.02187	0.75617	0.02039	0.03819	0.01185	0.00874	0.04470	0.00770	0.02567	0.00648	0.00359	0.00380	0.00114	0.00451	0.00356	0.00202	0.00592

[dist]
# distance from previous block
# <min> <max>
0	99

# created by:
# /st0/software/busco_prod/Augustus/scripts/msa2prfl.pl ./align_prep/153191.fa
