[name]
unknown

[dist]
# distance from previous block
# <min> <max>
0	57

[block]
# block no. 0 follows, 55 sequences, length 10
# corresponding to MSA columns:
# 232-241
name=unknown_A
#
# <colnr> <probs for GDERKNQSTAVLIFYWHMCP>
#	G	D	E	R	K	N	Q	S	T	A	V	L	I	F	Y	W	H	M	C	P
0	0.03481	0.13551	0.20904	0.01060	0.01451	0.11039	0.07811	0.04873	0.10716	0.01508	0.04445	0.03649	0.07309	0.00577	0.00444	0.00138	0.00546	0.01645	0.00298	0.04555
1	0.07802	0.09659	0.10165	0.02579	0.01367	0.06075	0.09064	0.09097	0.11600	0.03688	0.01370	0.05116	0.05480	0.05056	0.01646	0.00168	0.02516	0.02549	0.00323	0.04679
2	0.12218	0.05915	0.16599	0.04303	0.03775	0.03048	0.02757	0.01375	0.11300	0.02780	0.01360	0.08485	0.04558	0.07998	0.00626	0.00172	0.01963	0.02283	0.00305	0.08182
3	0.01142	0.08803	0.26660	0.03374	0.10915	0.12258	0.01113	0.01478	0.03633	0.07639	0.12598	0.01574	0.01321	0.02855	0.00506	0.00149	0.00559	0.02507	0.00300	0.00616
4	0.01058	0.05244	0.29854	0.01040	0.02806	0.03314	0.02849	0.06787	0.07302	0.03136	0.05735	0.01290	0.03033	0.00487	0.00424	0.00123	0.00507	0.00393	0.00293	0.24322
5	0.02857	0.09660	0.26440	0.01154	0.04287	0.01072	0.06833	0.07740	0.03127	0.12708	0.05078	0.03038	0.01029	0.00554	0.00514	0.00144	0.05446	0.02744	0.00316	0.05260
6	0.00761	0.00409	0.00588	0.00600	0.00616	0.00400	0.00403	0.00616	0.00674	0.00886	0.01310	0.10910	0.07270	0.01564	0.01581	0.70001	0.00376	0.00553	0.00246	0.00237
7	0.00597	0.00425	0.00560	0.00643	0.00691	0.00397	0.00449	0.00689	0.00938	0.01246	0.08896	0.61743	0.08798	0.01390	0.00644	0.03945	0.00281	0.06859	0.00428	0.00380
8	0.00974	0.13253	0.70756	0.01255	0.01904	0.01182	0.01596	0.01463	0.00977	0.01423	0.00810	0.00951	0.00590	0.00436	0.00423	0.00141	0.00662	0.00331	0.00197	0.00675
9	0.01318	0.11982	0.03900	0.05993	0.15291	0.15077	0.15851	0.03981	0.08647	0.07618	0.00993	0.01147	0.00771	0.00481	0.00507	0.00141	0.04963	0.00412	0.00282	0.00645

[dist]
# distance from previous block
# <min> <max>
3	6

[block]
# block no. 1 follows, 55 sequences, length 62
# corresponding to MSA columns:
# 248-263,285-330
name=unknown_B
#
# <colnr> <probs for GDERKNQSTAVLIFYWHMCP>
#	G	D	E	R	K	N	Q	S	T	A	V	L	I	F	Y	W	H	M	C	P
0	0.59372	0.04379	0.04664	0.04135	0.04552	0.11517	0.02699	0.01435	0.00899	0.01823	0.00690	0.00825	0.00543	0.00437	0.00333	0.00140	0.00472	0.00283	0.00267	0.00534
1	0.00647	0.00447	0.00541	0.00582	0.00607	0.00436	0.00376	0.00700	0.00803	0.01064	0.03737	0.26483	0.04897	0.47487	0.01590	0.00336	0.00384	0.08202	0.00349	0.00331
2	0.04738	0.00857	0.01411	0.71238	0.10543	0.01041	0.01270	0.01220	0.00936	0.01260	0.00824	0.01210	0.00626	0.00459	0.00457	0.00153	0.00602	0.00406	0.00213	0.00537
3	0.00724	0.00566	0.00666	0.04062	0.00844	0.03214	0.00493	0.00947	0.04675	0.03482	0.40901	0.18442	0.17170	0.01028	0.00544	0.00156	0.00280	0.00898	0.00461	0.00448
4	0.00808	0.00404	0.00606	0.00606	0.00606	0.00404	0.00404	0.00606	0.00606	0.00808	0.00808	0.01414	0.00808	0.01616	0.01818	0.86465	0.00404	0.00404	0.00202	0.00202
5	0.01043	0.01115	0.02067	0.01577	0.01820	0.01261	0.40753	0.01296	0.00910	0.01307	0.00807	0.01175	0.00684	0.00718	0.04604	0.00204	0.37388	0.00483	0.00222	0.00565
6	0.00625	0.00451	0.00555	0.00594	0.00682	0.00410	0.00421	0.00741	0.01002	0.03574	0.13910	0.41187	0.25995	0.03074	0.04354	0.00204	0.00305	0.01079	0.00436	0.00402
7	0.02652	0.00534	0.00661	0.00648	0.00800	0.00486	0.00505	0.01030	0.01102	0.14692	0.14648	0.16792	0.25609	0.03449	0.00606	0.00177	0.00308	0.14371	0.00460	0.00469
8	0.30263	0.00651	0.00654	0.00596	0.00750	0.00682	0.00426	0.01142	0.00843	0.12528	0.04799	0.05054	0.01383	0.36992	0.01248	0.00280	0.00395	0.00534	0.00341	0.00439
9	0.00771	0.00515	0.00602	0.00602	0.00725	0.00474	0.00437	0.02162	0.03319	0.08844	0.04468	0.23469	0.32228	0.13904	0.00835	0.00212	0.00312	0.05267	0.00425	0.00429
10	0.02639	0.00546	0.00590	0.00549	0.00699	0.00531	0.00415	0.05236	0.04034	0.05441	0.15751	0.02737	0.21442	0.06225	0.00572	0.00155	0.00270	0.00656	0.31048	0.00463
11	0.00657	0.00455	0.00570	0.00622	0.00679	0.00431	0.00424	0.02665	0.00957	0.02668	0.10042	0.51587	0.08267	0.13632	0.00842	0.00219	0.00300	0.02475	0.02118	0.00390
12	0.17041	0.00966	0.01030	0.00834	0.01126	0.01034	0.00668	0.31634	0.06860	0.17680	0.01381	0.01517	0.03303	0.09938	0.00648	0.00177	0.00429	0.00451	0.02624	0.00657
13	0.28660	0.00785	0.00788	0.00677	0.00935	0.00814	0.00543	0.10885	0.04690	0.14342	0.09082	0.02207	0.22396	0.00724	0.00439	0.00148	0.00339	0.00565	0.00421	0.00559
14	0.00678	0.00471	0.00574	0.00591	0.00660	0.00447	0.00404	0.02601	0.00991	0.02722	0.20164	0.29484	0.11067	0.23142	0.01042	0.00243	0.00313	0.02218	0.01803	0.00386
15	0.03025	0.00611	0.00721	0.00742	0.00861	0.00639	0.00542	0.03156	0.20747	0.04371	0.02234	0.48214	0.02379	0.02773	0.00580	0.00182	0.00318	0.05066	0.02342	0.00498
16	0.10165	0.00998	0.01083	0.00887	0.01195	0.01072	0.00716	0.29268	0.20599	0.17483	0.03699	0.02747	0.06764	0.00633	0.00460	0.00147	0.00409	0.00500	0.00469	0.00706
17	0.04485	0.00483	0.00554	0.00566	0.00683	0.00439	0.00409	0.00793	0.01043	0.04330	0.18305	0.27297	0.33271	0.04440	0.00620	0.00175	0.00263	0.00992	0.00440	0.00413
18	0.02820	0.00524	0.00611	0.00612	0.00751	0.00491	0.00473	0.00923	0.05623	0.03283	0.25248	0.10936	0.32988	0.01091	0.00554	0.00164	0.00276	0.11736	0.00456	0.00441
19	0.00585	0.00473	0.00521	0.00509	0.00650	0.00408	0.00381	0.00736	0.01144	0.01456	0.29508	0.04149	0.55640	0.01104	0.00549	0.00154	0.00230	0.00936	0.00458	0.00408
20	0.14768	0.00585	0.00687	0.00698	0.00851	0.00581	0.00561	0.01072	0.01026	0.10022	0.08187	0.15674	0.10792	0.04401	0.00607	0.00188	0.00350	0.26591	0.01896	0.00463
21	0.00594	0.00435	0.00553	0.00603	0.00670	0.00399	0.00419	0.00716	0.01027	0.01379	0.24793	0.48170	0.13523	0.03687	0.00627	0.00180	0.00257	0.01123	0.00450	0.00394
22	0.00867	0.00434	0.00434	0.00434	0.00542	0.00434	0.00325	0.01084	0.00976	0.01734	0.01518	0.01734	0.01192	0.00542	0.00325	0.00108	0.00217	0.00434	0.86233	0.00434
23	0.00868	0.00445	0.00461	0.02779	0.00618	0.00451	0.00353	0.01087	0.00974	0.01719	0.01498	0.01720	0.01176	0.00540	0.00329	0.00110	0.00228	0.00433	0.83775	0.00436
24	0.00867	0.00434	0.00434	0.00434	0.00542	0.00434	0.00325	0.01084	0.00976	0.01734	0.01518	0.01734	0.01192	0.00542	0.00325	0.00108	0.00217	0.00434	0.86233	0.00434
25	0.00627	0.00488	0.00530	0.00527	0.00635	0.00449	0.00369	0.00778	0.04490	0.01258	0.12084	0.06781	0.42974	0.23657	0.01046	0.00238	0.00303	0.01981	0.00402	0.00383
26	0.00927	0.00876	0.01483	0.68384	0.16974	0.01046	0.01316	0.01231	0.00953	0.01247	0.00835	0.01225	0.00641	0.00456	0.00464	0.00152	0.00608	0.00414	0.00211	0.00556
27	0.00667	0.00454	0.00510	0.00510	0.00523	0.00450	0.00294	0.00679	0.00706	0.00931	0.01694	0.03120	0.07333	0.75954	0.04007	0.00437	0.00453	0.00694	0.00292	0.00293
28	0.00879	0.00827	0.01395	0.82532	0.03204	0.01034	0.01292	0.01189	0.00930	0.01189	0.00827	0.01240	0.00620	0.00465	0.00465	0.00155	0.00620	0.00413	0.00207	0.00517
29	0.00583	0.00473	0.00517	0.00506	0.00649	0.00407	0.00379	0.00731	0.01138	0.01441	0.27621	0.04174	0.57537	0.01110	0.00549	0.00154	0.00231	0.00939	0.00456	0.00407
30	0.00965	0.00827	0.00965	0.00689	0.01102	0.00620	0.00551	0.01171	0.00965	0.01516	0.00827	0.00965	0.00689	0.00345	0.00345	0.00069	0.00345	0.00276	0.00276	0.86494
31	0.00879	0.00827	0.01395	0.82532	0.03204	0.01034	0.01292	0.01189	0.00930	0.01189	0.00827	0.01240	0.00620	0.00465	0.00465	0.00155	0.00620	0.00413	0.00207	0.00517
32	0.01157	0.00999	0.01052	0.00947	0.01210	0.01157	0.00736	0.02472	0.79908	0.01946	0.01893	0.01736	0.01420	0.00631	0.00473	0.00158	0.00368	0.00526	0.00473	0.00736
33	0.01151	0.01105	0.01888	0.02855	0.80748	0.01105	0.01428	0.01428	0.01059	0.01520	0.00875	0.01151	0.00737	0.00415	0.00461	0.00138	0.00553	0.00415	0.00230	0.00737
34	0.01074	0.01271	0.05710	0.01892	0.02356	0.01146	0.73424	0.01461	0.01087	0.01479	0.00992	0.04001	0.00781	0.00430	0.00546	0.00158	0.00763	0.00567	0.00240	0.00621
35	0.01020	0.07975	0.59142	0.01386	0.01997	0.04933	0.14206	0.01488	0.01014	0.01434	0.00833	0.01003	0.00609	0.00433	0.00448	0.00144	0.00697	0.00368	0.00205	0.00664
36	0.00550	0.00471	0.00471	0.00471	0.00628	0.00393	0.00353	0.00668	0.01060	0.01257	0.04713	0.04477	0.80560	0.01178	0.00550	0.00157	0.00236	0.00982	0.00432	0.00393
37	0.00933	0.02406	0.81240	0.01326	0.02014	0.01080	0.01719	0.01473	0.00982	0.01473	0.00835	0.00982	0.00589	0.00442	0.00442	0.00147	0.00688	0.00344	0.00196	0.00688
38	0.04907	0.00837	0.03113	0.00833	0.01199	0.00706	0.00704	0.02217	0.01304	0.76386	0.01770	0.01540	0.01115	0.00568	0.00461	0.00144	0.00402	0.00457	0.00556	0.00779
39	0.01244	0.83930	0.02438	0.00796	0.01194	0.01841	0.00796	0.01393	0.00945	0.01095	0.00647	0.00746	0.00597	0.00398	0.00299	0.00100	0.00498	0.00249	0.00199	0.00597
40	0.00665	0.00496	0.00735	0.00735	0.00814	0.00575	0.00566	0.00823	0.00744	0.01071	0.01258	0.01892	0.01191	0.07740	0.77594	0.00732	0.01204	0.00508	0.00251	0.00408
41	0.00847	0.00834	0.01367	0.04435	0.10341	0.02685	0.22308	0.01079	0.01085	0.01419	0.11081	0.02696	0.31276	0.00777	0.00563	0.00153	0.03444	0.00710	0.02385	0.00515
42	0.00879	0.00827	0.01395	0.82532	0.03204	0.01034	0.01292	0.01189	0.00930	0.01189	0.00827	0.01240	0.00620	0.00465	0.00465	0.00155	0.00620	0.00413	0.00207	0.00517
43	0.01114	0.01099	0.01717	0.24564	0.54510	0.06181	0.01357	0.01389	0.01040	0.01405	0.00852	0.01156	0.00696	0.00432	0.00459	0.00142	0.00589	0.00407	0.00224	0.00664
44	0.01111	0.01073	0.01869	0.09028	0.55698	0.01081	0.12244	0.04254	0.01102	0.01540	0.02938	0.01346	0.03660	0.00461	0.00479	0.00143	0.00570	0.00464	0.00252	0.00686
45	0.00554	0.00456	0.00487	0.00512	0.00639	0.00389	0.00372	0.00663	0.01021	0.01241	0.04213	0.22832	0.62527	0.01243	0.00560	0.00165	0.00244	0.01061	0.00432	0.00389
46	0.01358	0.00924	0.01038	0.00901	0.01180	0.01009	0.00710	0.02347	0.57210	0.21057	0.05596	0.01781	0.01496	0.00633	0.00476	0.00154	0.00368	0.00527	0.00500	0.00736
47	0.01086	0.02990	0.08139	0.29606	0.31290	0.04098	0.01271	0.05844	0.05177	0.01483	0.00954	0.01267	0.00762	0.00475	0.00458	0.00145	0.00576	0.01940	0.01798	0.00638
48	0.01248	0.01198	0.01689	0.03832	0.57078	0.08799	0.01252	0.09956	0.04235	0.01635	0.00987	0.04183	0.00840	0.00484	0.00463	0.00140	0.00559	0.00442	0.00273	0.00707
49	0.00677	0.00451	0.00507	0.00507	0.00507	0.00451	0.00282	0.00677	0.00677	0.00902	0.01466	0.03044	0.01691	0.83650	0.02368	0.00451	0.00451	0.00677	0.00282	0.00282
50	0.04816	0.00903	0.01564	0.63083	0.07079	0.01062	0.11279	0.01247	0.00949	0.01285	0.00833	0.01212	0.00632	0.00456	0.00483	0.00155	0.01782	0.00424	0.00215	0.00542
51	0.01094	0.01499	0.24106	0.08841	0.28676	0.05369	0.12423	0.01458	0.02052	0.03223	0.02780	0.01177	0.00773	0.00463	0.00513	0.00147	0.04085	0.00420	0.00236	0.00663
52	0.00979	0.01397	0.23939	0.24142	0.12437	0.01085	0.19672	0.01347	0.00982	0.01367	0.00876	0.01217	0.00686	0.03528	0.00596	0.00164	0.04323	0.00436	0.00216	0.00609
53	0.00566	0.00408	0.00537	0.00639	0.00673	0.00379	0.00428	0.00649	0.00899	0.01191	0.02666	0.79618	0.06740	0.01444	0.00592	0.00187	0.00268	0.01306	0.00432	0.00379
54	0.01207	0.08752	0.14684	0.16963	0.07456	0.01181	0.14306	0.12576	0.08570	0.07001	0.01052	0.01227	0.00785	0.01626	0.00487	0.00149	0.00587	0.00429	0.00298	0.00661
55	0.00978	0.00887	0.01366	0.05347	0.27278	0.02394	0.09196	0.01362	0.11971	0.01498	0.02807	0.14290	0.03456	0.00718	0.00522	0.00157	0.02172	0.06605	0.06401	0.00593
56	0.00571	0.00472	0.00495	0.00502	0.00644	0.00404	0.00376	0.00691	0.01048	0.01268	0.07189	0.06427	0.67887	0.05082	0.00642	0.00174	0.00256	0.05052	0.00428	0.00391
57	0.01307	0.01366	0.05678	0.05449	0.11905	0.11316	0.28476	0.16936	0.01303	0.02970	0.00923	0.01131	0.00705	0.00467	0.00537	0.00145	0.04828	0.00440	0.00283	0.03834
58	0.01584	0.19916	0.01560	0.01149	0.04025	0.59601	0.00879	0.01712	0.01212	0.01136	0.00728	0.00886	0.00631	0.02583	0.00444	0.00124	0.00745	0.00302	0.00232	0.00552
59	0.03007	0.01142	0.03891	0.02250	0.06706	0.02420	0.09090	0.32543	0.11465	0.14285	0.02371	0.01455	0.02990	0.00565	0.00473	0.00145	0.00498	0.01534	0.02449	0.00720
60	0.01045	0.22547	0.48674	0.01421	0.12746	0.01276	0.03305	0.01447	0.00986	0.01386	0.00796	0.00953	0.00615	0.00426	0.00411	0.00134	0.00624	0.00335	0.00203	0.00670
61	0.00728	0.00529	0.00720	0.00815	0.00928	0.00520	0.00707	0.00932	0.01070	0.01378	0.02706	0.05164	0.11096	0.01274	0.00633	0.00208	0.00408	0.69333	0.00429	0.00425

[dist]
# distance from previous block
# <min> <max>
1	3

[block]
# block no. 2 follows, 55 sequences, length 6
# corresponding to MSA columns:
# 335-340
name=unknown_C
#
# <colnr> <probs for GDERKNQSTAVLIFYWHMCP>
#	G	D	E	R	K	N	Q	S	T	A	V	L	I	F	Y	W	H	M	C	P
0	0.03192	0.14795	0.26883	0.03347	0.01467	0.05603	0.01044	0.05001	0.05207	0.14629	0.04955	0.01598	0.05412	0.00580	0.00442	0.00142	0.00525	0.04210	0.00329	0.00639
1	0.00690	0.00505	0.00672	0.00755	0.00860	0.00487	0.00630	0.00871	0.01058	0.01368	0.06759	0.15430	0.14934	0.01275	0.00617	0.00199	0.00367	0.51674	0.00434	0.00417
2	0.01358	0.53575	0.02032	0.00911	0.01260	0.08727	0.00831	0.14674	0.05077	0.01454	0.00792	0.00883	0.00672	0.00469	0.00421	0.00117	0.05553	0.00305	0.00262	0.00626
3	0.00567	0.00405	0.00540	0.00648	0.00675	0.00378	0.00432	0.00648	0.00891	0.01188	0.02564	0.83347	0.03077	0.01457	0.00594	0.00189	0.00270	0.01323	0.00432	0.00378
4	0.01016	0.01133	0.08338	0.17901	0.29653	0.01073	0.18718	0.01324	0.01009	0.01398	0.01051	0.03584	0.02952	0.00521	0.00563	0.00155	0.06194	0.02558	0.00238	0.00622
5	0.01119	0.15050	0.01763	0.13421	0.37580	0.01142	0.05418	0.01408	0.04337	0.05294	0.01131	0.06260	0.03058	0.00519	0.00450	0.00140	0.00524	0.00472	0.00267	0.00647

[dist]
# distance from previous block
# <min> <max>
0	109

# created by:
# /st0/software/busco_prod/Augustus/scripts/msa2prfl.pl ./align_prep/153379.fa
