[name]
unknown

[dist]
# distance from previous block
# <min> <max>
0	98

[block]
# block no. 0 follows, 66 sequences, length 48
# corresponding to MSA columns:
# 109-156
name=unknown_A
#
# <colnr> <probs for GDERKNQSTAVLIFYWHMCP>
#	G	D	E	R	K	N	Q	S	T	A	V	L	I	F	Y	W	H	M	C	P
0	0.00750	0.04275	0.00764	0.02005	0.00830	0.03687	0.01207	0.05843	0.01080	0.01485	0.40629	0.04486	0.03626	0.00732	0.00443	0.00124	0.00294	0.12630	0.00370	0.14739
1	0.01078	0.74948	0.01971	0.00700	0.01037	0.01501	0.00682	0.05126	0.00872	0.01048	0.00610	0.00710	0.00551	0.00453	0.03422	0.00109	0.00453	0.00233	0.00189	0.04307
2	0.00675	0.00775	0.15069	0.00792	0.00987	0.00556	0.05701	0.00917	0.04839	0.02490	0.01810	0.36438	0.03922	0.00931	0.00485	0.00155	0.00365	0.18554	0.00328	0.04213
3	0.01796	0.05180	0.68733	0.01048	0.01581	0.00901	0.01312	0.01218	0.00870	0.01289	0.04864	0.01066	0.03781	0.00426	0.00383	0.00124	0.00542	0.00335	0.00196	0.04355
4	0.00544	0.00412	0.00586	0.00745	0.08193	0.00395	0.00461	0.00633	0.00786	0.01059	0.02057	0.74554	0.02433	0.01254	0.03650	0.00179	0.00290	0.01054	0.00354	0.00360
5	0.00958	0.00967	0.05093	0.07643	0.70034	0.00928	0.01197	0.01201	0.00905	0.01290	0.02125	0.01098	0.00714	0.03582	0.00465	0.00132	0.00483	0.00373	0.00204	0.00609
6	0.00978	0.00979	0.01660	0.08412	0.53500	0.04050	0.15434	0.01230	0.00931	0.01294	0.02880	0.01060	0.00706	0.00373	0.00411	0.00121	0.00515	0.00382	0.00209	0.04875
7	0.01820	0.00690	0.00942	0.00722	0.01036	0.00596	0.00596	0.01977	0.01161	0.83492	0.01601	0.01381	0.01004	0.00502	0.00408	0.00126	0.00345	0.00408	0.00502	0.00690
8	0.00597	0.00393	0.00440	0.00440	0.00444	0.00393	0.00247	0.00605	0.00601	0.00818	0.01280	0.02606	0.01456	0.82063	0.01988	0.00380	0.00385	0.00581	0.04031	0.00252
9	0.10388	0.00833	0.00963	0.00826	0.03086	0.00890	0.03111	0.20586	0.23898	0.16645	0.07511	0.05085	0.02117	0.01694	0.00428	0.00134	0.00356	0.00458	0.00397	0.00596
10	0.00855	0.09040	0.67290	0.01217	0.05384	0.01005	0.07147	0.01278	0.00864	0.01260	0.00722	0.00863	0.00528	0.00378	0.00382	0.00125	0.00586	0.00308	0.00175	0.00591
11	0.00518	0.00370	0.00498	0.00592	0.00627	0.00350	0.00418	0.00607	0.00800	0.01063	0.02223	0.73266	0.02631	0.01248	0.00524	0.00168	0.00256	0.13127	0.00376	0.00336
12	0.00940	0.01043	0.02105	0.01548	0.01856	0.01080	0.61458	0.01219	0.00873	0.01219	0.00749	0.01043	0.00595	0.00434	0.00693	0.00147	0.21832	0.00448	0.00198	0.00521
13	0.00871	0.01111	0.23175	0.02770	0.01349	0.03119	0.16991	0.02417	0.00973	0.07932	0.18153	0.04653	0.07951	0.00585	0.00500	0.00134	0.06005	0.00514	0.00291	0.00506
14	0.01038	0.01053	0.01460	0.02081	0.62088	0.13456	0.01103	0.01249	0.00953	0.01257	0.00893	0.04265	0.00817	0.00456	0.00412	0.00124	0.00503	0.05986	0.00221	0.00586
15	0.02109	0.00585	0.00911	0.01049	0.14567	0.00573	0.06841	0.00905	0.00920	0.01943	0.06355	0.11102	0.07558	0.00932	0.01319	0.01333	0.00386	0.39854	0.00332	0.00427
16	0.00615	0.00467	0.00606	0.00561	0.00695	0.00420	0.04790	0.00783	0.03290	0.05290	0.25895	0.16103	0.37096	0.00933	0.00480	0.00138	0.00242	0.00814	0.00394	0.00389
17	0.00886	0.21886	0.56354	0.01010	0.01508	0.01078	0.01227	0.03512	0.00877	0.01231	0.00765	0.00987	0.00610	0.00477	0.02454	0.00134	0.00558	0.03690	0.00188	0.00568
18	0.01093	0.00922	0.00947	0.00837	0.01075	0.04134	0.00654	0.07313	0.71137	0.04787	0.01567	0.01444	0.01167	0.00540	0.00410	0.00135	0.00346	0.00443	0.00408	0.00641
19	0.01134	0.00968	0.02406	0.07646	0.14525	0.04127	0.02126	0.19886	0.32065	0.04767	0.05187	0.01298	0.01033	0.00495	0.00411	0.00129	0.00413	0.00416	0.00349	0.00619
20	0.00957	0.01121	0.09052	0.04002	0.26928	0.00996	0.44585	0.01312	0.04452	0.01317	0.00828	0.01064	0.00640	0.00362	0.00442	0.00131	0.00595	0.00424	0.00209	0.00583
21	0.00964	0.00912	0.01526	0.04956	0.71797	0.00921	0.01158	0.01232	0.03872	0.01334	0.04327	0.03498	0.00854	0.00415	0.00409	0.00123	0.00459	0.00403	0.00223	0.00617
22	0.00516	0.00407	0.00506	0.00536	0.00626	0.00365	0.02089	0.00624	0.00881	0.01121	0.08319	0.37002	0.36684	0.01107	0.00502	0.00152	0.00241	0.07600	0.00377	0.00347
23	0.00995	0.01074	0.04569	0.09910	0.41596	0.08595	0.13871	0.01254	0.02630	0.01234	0.00800	0.01037	0.01807	0.00415	0.00499	0.00129	0.08434	0.00377	0.00204	0.00569
24	0.00731	0.04239	0.00673	0.00634	0.00738	0.07040	0.00480	0.03582	0.00945	0.05210	0.12208	0.40585	0.08575	0.01005	0.00483	0.00149	0.00306	0.11651	0.00370	0.00392
25	0.01193	0.00589	0.00731	0.00620	0.00837	0.00537	0.00494	0.05614	0.02789	0.39531	0.02347	0.09790	0.25043	0.00742	0.00447	0.00133	0.01211	0.02664	0.04155	0.00531
26	0.01081	0.78063	0.05049	0.00754	0.01113	0.01541	0.04163	0.01233	0.00836	0.02242	0.00597	0.00688	0.00532	0.00351	0.00276	0.00091	0.00449	0.00234	0.00180	0.00527
27	0.00714	0.00609	0.04720	0.04239	0.00891	0.00568	0.00577	0.06003	0.06896	0.03504	0.12340	0.21343	0.15109	0.00924	0.00516	0.00152	0.03368	0.16737	0.00367	0.00425
28	0.00975	0.01204	0.09790	0.01744	0.13905	0.04537	0.59067	0.01304	0.00951	0.01289	0.00796	0.01044	0.00606	0.00352	0.00454	0.00132	0.00649	0.00436	0.00202	0.00563
29	0.00591	0.00444	0.00489	0.00512	0.03044	0.00391	0.00371	0.00726	0.02192	0.04606	0.03479	0.06464	0.62416	0.00947	0.00463	0.00136	0.00229	0.04730	0.07394	0.00375
30	0.03959	0.28482	0.37222	0.00925	0.01361	0.01142	0.02620	0.08193	0.02842	0.04303	0.04810	0.00941	0.00729	0.00411	0.00351	0.00115	0.00490	0.00309	0.00227	0.00569
31	0.08561	0.00814	0.00942	0.00943	0.10647	0.05411	0.02133	0.14758	0.11885	0.08234	0.17462	0.01825	0.01549	0.00594	0.00416	0.00130	0.00365	0.08153	0.04645	0.00535
32	0.00565	0.00379	0.00498	0.00560	0.00605	0.00353	0.00383	0.00649	0.00818	0.04574	0.08663	0.66436	0.04884	0.05613	0.01698	0.00178	0.00257	0.02160	0.00379	0.00346
33	0.04188	0.01055	0.04171	0.14167	0.53233	0.08388	0.04015	0.03647	0.00947	0.01306	0.00745	0.00976	0.00606	0.00377	0.00396	0.00122	0.00517	0.00350	0.00206	0.00589
34	0.00852	0.00831	0.01202	0.61511	0.09020	0.06930	0.01047	0.01163	0.06782	0.01113	0.02089	0.02643	0.00688	0.00441	0.00423	0.00133	0.02063	0.00381	0.00209	0.00478
35	0.08101	0.00813	0.00916	0.00776	0.00992	0.02484	0.03086	0.25819	0.14168	0.06366	0.12488	0.06850	0.02730	0.00660	0.01562	0.00140	0.02754	0.04651	0.04102	0.00543
36	0.00912	0.00864	0.01388	0.05325	0.53974	0.03191	0.04460	0.01158	0.03552	0.01269	0.01117	0.11262	0.02013	0.00548	0.00432	0.00133	0.00454	0.07141	0.00244	0.00563
37	0.00919	0.01029	0.05972	0.01515	0.07570	0.01730	0.51826	0.01204	0.00916	0.02751	0.02006	0.05323	0.01832	0.00486	0.00553	0.00143	0.08519	0.04954	0.00229	0.00524
38	0.00816	0.00783	0.01210	0.27764	0.11599	0.00974	0.03334	0.00987	0.00749	0.01047	0.00915	0.02186	0.05752	0.04279	0.02779	0.00173	0.33585	0.00413	0.00200	0.00455
39	0.02436	0.00680	0.00835	0.00688	0.00925	0.02698	0.00551	0.06979	0.05960	0.44694	0.11233	0.01763	0.07364	0.02604	0.08516	0.00183	0.00404	0.00480	0.00431	0.00576
40	0.00961	0.12503	0.36028	0.05209	0.04784	0.04040	0.10238	0.09477	0.05039	0.01368	0.02103	0.02176	0.03432	0.00435	0.00390	0.00124	0.00532	0.00364	0.00228	0.00569
41	0.00532	0.00389	0.00492	0.00551	0.00604	0.00364	0.00382	0.02471	0.00853	0.01128	0.09632	0.60673	0.12507	0.04119	0.00562	0.00166	0.00243	0.03611	0.00379	0.00343
42	0.01010	0.00877	0.00905	0.00817	0.01040	0.03439	0.00640	0.05422	0.69558	0.01667	0.01709	0.01707	0.04333	0.00590	0.00421	0.00138	0.00337	0.04372	0.00403	0.00615
43	0.03252	0.07689	0.19437	0.05341	0.03463	0.03734	0.13716	0.07590	0.05161	0.07998	0.05509	0.03360	0.05427	0.00514	0.00450	0.00130	0.04071	0.02339	0.00275	0.00543
44	0.00951	0.00842	0.01391	0.21893	0.29988	0.00894	0.10188	0.07373	0.02457	0.04783	0.03243	0.08608	0.01770	0.00501	0.00456	0.00133	0.03266	0.00464	0.00252	0.00546
45	0.10457	0.01849	0.68203	0.01059	0.01584	0.00932	0.01315	0.01284	0.03485	0.01360	0.02854	0.00913	0.00615	0.00407	0.00391	0.00129	0.02084	0.00308	0.00195	0.00575
46	0.00547	0.00444	0.00492	0.00500	0.00620	0.00407	0.00376	0.00746	0.07464	0.01212	0.13744	0.15331	0.49701	0.01004	0.00485	0.00143	0.00228	0.05797	0.00388	0.00372
47	0.02468	0.05032	0.03332	0.02169	0.22393	0.05555	0.02720	0.24342	0.14387	0.06743	0.01662	0.03851	0.00852	0.00475	0.00398	0.00123	0.00439	0.00397	0.02044	0.00618

[dist]
# distance from previous block
# <min> <max>
0	9

[block]
# block no. 1 follows, 66 sequences, length 68
# corresponding to MSA columns:
# 166-190,192-197,202-238
name=unknown_B
#
# <colnr> <probs for GDERKNQSTAVLIFYWHMCP>
#	G	D	E	R	K	N	Q	S	T	A	V	L	I	F	Y	W	H	M	C	P
0	0.09045	0.05478	0.01102	0.02177	0.05070	0.15716	0.03255	0.20190	0.12148	0.09812	0.08210	0.02229	0.01034	0.00495	0.00386	0.00121	0.00438	0.00389	0.02139	0.00565
1	0.00511	0.00378	0.00516	0.00579	0.00620	0.00356	0.01974	0.00594	0.00787	0.01048	0.04158	0.70497	0.07420	0.03275	0.05044	0.00193	0.00291	0.01061	0.00363	0.00336
2	0.01035	0.11895	0.06878	0.00843	0.05269	0.02475	0.02566	0.11332	0.06546	0.04920	0.00836	0.00915	0.00657	0.00368	0.00337	0.00090	0.00386	0.00291	0.00267	0.42093
3	0.04902	0.14963	0.17158	0.03398	0.10159	0.06320	0.00860	0.07317	0.02186	0.03974	0.01933	0.00933	0.00656	0.00386	0.00345	0.00102	0.00447	0.01182	0.00236	0.22542
4	0.15987	0.26557	0.09712	0.00893	0.03978	0.24630	0.00777	0.06305	0.02596	0.04198	0.00689	0.00771	0.00553	0.00395	0.00323	0.00108	0.00512	0.00264	0.00228	0.00524
5	0.00983	0.00815	0.00858	0.00771	0.00986	0.02560	0.00599	0.01913	0.64808	0.05257	0.09086	0.01779	0.06602	0.00601	0.00422	0.00135	0.00311	0.00502	0.00413	0.00599
6	0.00992	0.01004	0.01435	0.24878	0.48307	0.11420	0.01133	0.01222	0.00925	0.01206	0.01897	0.01076	0.00671	0.00399	0.00402	0.00124	0.00524	0.01624	0.00202	0.00560
7	0.00835	0.00660	0.00738	0.00692	0.00865	0.00711	0.00538	0.01496	0.42775	0.04672	0.15749	0.07480	0.12498	0.00753	0.00452	0.00141	0.00285	0.07731	0.00412	0.00518
8	0.00580	0.00434	0.00646	0.00646	0.00716	0.00504	0.00500	0.00721	0.00650	0.00937	0.01092	0.01624	0.01027	0.05398	0.81797	0.00645	0.01067	0.00439	0.00218	0.00359
9	0.00894	0.03548	0.58972	0.01079	0.03439	0.00882	0.03225	0.04668	0.00919	0.07125	0.01006	0.06267	0.03259	0.00531	0.02307	0.00142	0.00547	0.00388	0.00226	0.00578
10	0.05802	0.01042	0.01136	0.00873	0.01194	0.01123	0.00721	0.63849	0.01707	0.14217	0.01037	0.01014	0.00721	0.00478	0.00395	0.00121	0.00421	0.00361	0.00407	0.03384
11	0.00560	0.00412	0.00525	0.00512	0.00607	0.00377	0.00384	0.00731	0.01083	0.01499	0.63746	0.09549	0.13439	0.00900	0.00485	0.00134	0.00204	0.04050	0.00430	0.00373
12	0.79873	0.00789	0.00640	0.00559	0.00817	0.00899	0.00461	0.03741	0.00761	0.07530	0.00650	0.00719	0.00486	0.00389	0.00267	0.00125	0.00320	0.00237	0.00273	0.00465
13	0.00766	0.00721	0.01217	0.84767	0.02794	0.00901	0.01127	0.01037	0.00811	0.01037	0.00721	0.01082	0.00541	0.00406	0.00406	0.00135	0.00541	0.00361	0.00180	0.00451
14	0.00688	0.00468	0.00647	0.00725	0.00822	0.00466	0.00628	0.00869	0.00927	0.03523	0.02080	0.04329	0.02229	0.03580	0.00591	0.00188	0.00367	0.73225	0.03269	0.00379
15	0.00590	0.00395	0.00448	0.00448	0.00450	0.00397	0.00253	0.00594	0.00592	0.00791	0.01273	0.02625	0.01462	0.83405	0.04384	0.00401	0.00413	0.00586	0.00245	0.00249
16	0.00529	0.00387	0.00499	0.00534	0.00598	0.00358	0.00380	0.00651	0.00927	0.01256	0.31662	0.41873	0.11545	0.02349	0.02015	0.00161	0.00238	0.03291	0.00397	0.00351
17	0.00588	0.00463	0.00684	0.02046	0.02733	0.00451	0.06287	0.00747	0.04610	0.01118	0.04371	0.59775	0.02317	0.03699	0.01746	0.00173	0.00307	0.06186	0.01328	0.00372
18	0.01125	0.14642	0.04629	0.04455	0.01257	0.03455	0.06206	0.11877	0.40232	0.06026	0.01227	0.01205	0.00920	0.00477	0.00389	0.00125	0.00413	0.00391	0.00339	0.00610
19	0.01055	0.48354	0.07710	0.00764	0.01906	0.06103	0.00720	0.04945	0.04549	0.01169	0.00682	0.00768	0.00578	0.00360	0.00299	0.00089	0.00431	0.00250	0.00211	0.19056
20	0.00687	0.02452	0.00703	0.05827	0.06190	0.00509	0.00517	0.01973	0.02860	0.05241	0.22371	0.18865	0.19507	0.01650	0.00481	0.00141	0.00281	0.06450	0.00368	0.02927
21	0.04795	0.15952	0.18733	0.00929	0.04098	0.04377	0.04513	0.09774	0.02879	0.08342	0.00808	0.00893	0.00617	0.00393	0.00376	0.00107	0.02874	0.00300	0.00252	0.18989
22	0.01076	0.09314	0.28213	0.01066	0.05950	0.12811	0.01926	0.10653	0.12833	0.03033	0.04272	0.01041	0.00797	0.00457	0.00432	0.00124	0.04821	0.00346	0.00259	0.00577
23	0.00524	0.00408	0.00479	0.00490	0.00594	0.00363	0.00368	0.00656	0.00973	0.01261	0.28158	0.15659	0.40489	0.01009	0.00491	0.00142	0.00218	0.06964	0.00398	0.00355
24	0.00875	0.00841	0.03052	0.10920	0.43398	0.02500	0.00969	0.01147	0.06295	0.01268	0.05115	0.06447	0.06145	0.02922	0.00498	0.00137	0.03511	0.01465	0.01955	0.00540
25	0.04586	0.09076	0.26341	0.03643	0.11725	0.06443	0.11045	0.10741	0.06655	0.03795	0.00868	0.00982	0.01481	0.00409	0.00387	0.00123	0.00527	0.00346	0.00241	0.00586
26	0.14399	0.19935	0.07138	0.05371	0.02413	0.27832	0.03062	0.05528	0.00968	0.01233	0.00768	0.00911	0.03251	0.00435	0.00384	0.00114	0.04371	0.01172	0.00219	0.00494
27	0.00502	0.00363	0.00472	0.00554	0.00590	0.00337	0.00377	0.00579	0.00797	0.01052	0.03984	0.72721	0.09215	0.03246	0.00552	0.00168	0.00240	0.03545	0.00375	0.00331
28	0.01021	0.17294	0.14550	0.04978	0.28552	0.04592	0.12518	0.04247	0.00945	0.03028	0.02504	0.00967	0.00662	0.00388	0.00401	0.00119	0.02100	0.00346	0.00210	0.00578
29	0.02062	0.07596	0.05419	0.01306	0.21465	0.12109	0.07037	0.07074	0.15835	0.07741	0.03575	0.01187	0.02393	0.00452	0.00393	0.00121	0.00467	0.00384	0.02800	0.00584
30	0.00890	0.00849	0.01439	0.36958	0.39096	0.00927	0.05264	0.01189	0.04643	0.01228	0.03099	0.01122	0.00715	0.00401	0.00410	0.00129	0.00502	0.00382	0.00209	0.00550
31	0.00912	0.00864	0.02141	0.01129	0.06895	0.03168	0.24129	0.11596	0.08633	0.01444	0.04895	0.02087	0.15140	0.00681	0.02167	0.00150	0.02857	0.10294	0.00309	0.00510
32	0.01176	0.09550	0.14960	0.01266	0.20803	0.09263	0.01769	0.14145	0.02893	0.10805	0.03630	0.01098	0.00800	0.02874	0.00430	0.00125	0.00478	0.00356	0.02989	0.00590
33	0.01032	0.03358	0.05825	0.01197	0.18310	0.07017	0.03642	0.08259	0.22532	0.05694	0.05199	0.09429	0.01240	0.00584	0.00424	0.00132	0.00417	0.04813	0.00326	0.00570
34	0.01081	0.00573	0.00698	0.00632	0.00792	0.00546	0.00479	0.05361	0.03316	0.23985	0.07870	0.16612	0.03460	0.03342	0.07175	0.00188	0.00361	0.00596	0.22423	0.00510
35	0.03142	0.35174	0.24123	0.00895	0.03111	0.06123	0.01792	0.04143	0.05843	0.06432	0.01763	0.00993	0.04018	0.00423	0.00341	0.00111	0.00474	0.00312	0.00232	0.00556
36	0.03931	0.06958	0.42311	0.01239	0.13183	0.04915	0.03436	0.08189	0.02845	0.04971	0.03732	0.00984	0.00705	0.00413	0.00384	0.00123	0.00526	0.00333	0.00231	0.00593
37	0.00947	0.00855	0.04069	0.19107	0.44934	0.00842	0.02341	0.01182	0.00921	0.07552	0.04644	0.04932	0.03238	0.00477	0.00418	0.00129	0.00457	0.02146	0.00246	0.00564
38	0.03456	0.00466	0.00496	0.02952	0.00670	0.00429	0.00375	0.02443	0.04146	0.01220	0.10457	0.05244	0.62571	0.00948	0.00468	0.00137	0.00232	0.02543	0.00375	0.00372
39	0.02664	0.06558	0.11763	0.01798	0.48089	0.00979	0.01921	0.03727	0.10418	0.01398	0.05134	0.02049	0.00873	0.00424	0.00395	0.00122	0.00455	0.00382	0.00242	0.00609
40	0.01010	0.06613	0.14959	0.00945	0.03116	0.06276	0.07308	0.11954	0.20666	0.04148	0.07521	0.07831	0.04748	0.00567	0.00415	0.00129	0.00430	0.00481	0.00322	0.00560
41	0.00542	0.00445	0.04403	0.00571	0.00634	0.00370	0.00422	0.00647	0.00800	0.01107	0.04478	0.65368	0.04252	0.03553	0.00533	0.00162	0.00254	0.02706	0.08406	0.00347
42	0.00925	0.06552	0.60090	0.01069	0.01569	0.07034	0.02219	0.03188	0.05954	0.03267	0.03850	0.00975	0.00700	0.00417	0.00384	0.00125	0.00559	0.00324	0.00213	0.00584
43	0.08452	0.05393	0.06685	0.01222	0.16757	0.37934	0.00859	0.08128	0.03176	0.01321	0.04761	0.00946	0.00739	0.00460	0.01393	0.00120	0.00571	0.00316	0.00240	0.00529
44	0.03342	0.01493	0.03702	0.04705	0.14613	0.43205	0.03667	0.10877	0.04238	0.01296	0.00736	0.00870	0.00591	0.00431	0.00427	0.00117	0.04606	0.00313	0.00236	0.00534
45	0.00979	0.00934	0.01574	0.02361	0.77560	0.00933	0.01193	0.01227	0.02029	0.01320	0.00916	0.01185	0.03411	0.00403	0.00408	0.00123	0.00468	0.02136	0.00213	0.00627
46	0.01044	0.03599	0.20998	0.01128	0.07234	0.01819	0.12205	0.11404	0.17778	0.07477	0.06271	0.01289	0.02875	0.00482	0.00437	0.00130	0.02516	0.00417	0.00303	0.00595
47	0.00588	0.00419	0.00573	0.00591	0.01659	0.00455	0.00416	0.00690	0.00678	0.00964	0.04868	0.09076	0.01409	0.26280	0.45390	0.00484	0.00732	0.00550	0.03847	0.00331
48	0.00540	0.00365	0.00488	0.00569	0.00604	0.00339	0.00384	0.00616	0.00797	0.03772	0.03800	0.81080	0.02650	0.01237	0.00513	0.00163	0.00238	0.01121	0.00382	0.00343
49	0.00864	0.04354	0.42493	0.02196	0.01636	0.04321	0.21012	0.02984	0.01954	0.01283	0.03528	0.05576	0.05020	0.00472	0.00419	0.00131	0.00561	0.00430	0.00219	0.00545
50	0.06321	0.00948	0.01434	0.23509	0.36355	0.06757	0.07906	0.02696	0.00905	0.01259	0.00786	0.01131	0.00658	0.00424	0.00442	0.00130	0.03981	0.03606	0.00209	0.00542
51	0.01428	0.03207	0.01187	0.01045	0.06451	0.34656	0.00778	0.35251	0.05529	0.01726	0.00860	0.00920	0.00658	0.00451	0.00382	0.00114	0.00547	0.00325	0.03904	0.00579
52	0.00542	0.00399	0.00549	0.03199	0.00703	0.00388	0.01641	0.02346	0.00803	0.01071	0.02089	0.73091	0.02465	0.03162	0.02493	0.00180	0.00284	0.03887	0.00362	0.00345
53	0.00994	0.01008	0.03374	0.08829	0.66874	0.04362	0.05062	0.01239	0.00923	0.01283	0.00774	0.02033	0.00651	0.00378	0.00405	0.00122	0.00506	0.00371	0.00201	0.00611
54	0.00900	0.25701	0.59535	0.01023	0.01548	0.01133	0.01262	0.02396	0.00862	0.01210	0.00685	0.00800	0.00518	0.00376	0.00351	0.00117	0.00551	0.00277	0.00175	0.00579
55	0.01416	0.01022	0.01343	0.01015	0.01335	0.02266	0.16081	0.47950	0.01527	0.14330	0.01056	0.01115	0.00753	0.02290	0.00449	0.00129	0.00468	0.00397	0.04421	0.00636
56	0.00855	0.01889	0.70278	0.01172	0.05523	0.00926	0.01382	0.01346	0.06339	0.03316	0.02727	0.00971	0.00658	0.00409	0.00391	0.00129	0.00560	0.00326	0.00203	0.00602
57	0.03204	0.26611	0.05371	0.00992	0.04643	0.47178	0.00803	0.04749	0.01052	0.01091	0.00632	0.00734	0.00532	0.00395	0.00336	0.00102	0.00606	0.00258	0.00205	0.00507
58	0.08128	0.02518	0.04922	0.00965	0.01222	0.48940	0.00776	0.18235	0.02984	0.03145	0.00741	0.00817	0.00578	0.00435	0.00386	0.00112	0.02379	0.00290	0.00261	0.02166
59	0.00490	0.00376	0.00449	0.00506	0.00573	0.00335	0.00351	0.00574	0.00838	0.01067	0.04126	0.53356	0.33158	0.01172	0.00503	0.00154	0.00223	0.01035	0.00378	0.00335
60	0.00766	0.00721	0.01217	0.84767	0.02794	0.00901	0.01127	0.01037	0.00811	0.01037	0.00721	0.01082	0.00541	0.00406	0.00406	0.00135	0.00541	0.00361	0.00180	0.00451
61	0.00825	0.05537	0.80298	0.01137	0.01727	0.00969	0.01466	0.01282	0.00855	0.01271	0.00721	0.00848	0.00514	0.00384	0.00380	0.00127	0.00593	0.00296	0.00171	0.00596
62	0.00595	0.00425	0.00586	0.00680	0.00747	0.00416	0.00551	0.00738	0.00876	0.01148	0.02181	0.34577	0.02464	0.01176	0.00545	0.00179	0.00322	0.51064	0.00375	0.00357
63	0.00551	0.00414	0.00510	0.00486	0.00592	0.00373	0.00365	0.00721	0.01094	0.01498	0.63803	0.03243	0.23103	0.00878	0.00479	0.00130	0.00195	0.00764	0.00430	0.00373
64	0.00986	0.04852	0.04144	0.01646	0.05272	0.01038	0.69588	0.01309	0.00949	0.03707	0.00824	0.01071	0.00620	0.00354	0.00474	0.00134	0.01811	0.00455	0.00211	0.00554
65	0.00947	0.01000	0.02027	0.03890	0.04981	0.00984	0.59683	0.02441	0.03618	0.03007	0.00934	0.06636	0.00774	0.00444	0.00533	0.00140	0.06694	0.00503	0.00230	0.00535
66	0.00855	0.00812	0.01377	0.54082	0.32785	0.00925	0.01171	0.01114	0.00853	0.01144	0.00737	0.01053	0.00579	0.00389	0.00404	0.00130	0.00519	0.00361	0.00188	0.00522
67	0.00945	0.00939	0.01709	0.16110	0.51319	0.00955	0.17999	0.01209	0.00909	0.01266	0.00794	0.02542	0.00656	0.00381	0.00420	0.00127	0.00530	0.00400	0.00201	0.00585

[dist]
# distance from previous block
# <min> <max>
0	38

# created by:
# /st0/software/busco_prod/Augustus/scripts/msa2prfl.pl ./align_prep/153322.fa
