[name]
unknown

[dist]
# distance from previous block
# <min> <max>
0	57

[block]
# block no. 0 follows, 56 sequences, length 58
# corresponding to MSA columns:
# 57-114
name=unknown_A
#
# <colnr> <probs for GDERKNQSTAVLIFYWHMCP>
#	G	D	E	R	K	N	Q	S	T	A	V	L	I	F	Y	W	H	M	C	P
0	0.02131	0.00514	0.00650	0.00601	0.00733	0.00480	0.00456	0.00948	0.04141	0.01822	0.71065	0.03227	0.03944	0.00894	0.00526	0.00142	0.00234	0.02165	0.00487	0.04841
1	0.00944	0.00894	0.01516	0.59944	0.25380	0.01040	0.01313	0.01240	0.00954	0.01266	0.00830	0.01199	0.00645	0.00445	0.00458	0.00148	0.00593	0.00408	0.00211	0.00572
2	0.01128	0.01083	0.01822	0.04350	0.68141	0.01097	0.05317	0.01499	0.08138	0.01529	0.00956	0.01195	0.00784	0.00428	0.00460	0.00139	0.00542	0.00426	0.00249	0.00717
3	0.01136	0.01091	0.01863	0.02818	0.81002	0.01091	0.01409	0.01409	0.01045	0.01500	0.00864	0.01136	0.00727	0.00409	0.00455	0.00136	0.00545	0.00409	0.00227	0.00727
4	0.00544	0.00461	0.00469	0.00475	0.00623	0.00387	0.00353	0.00658	0.01037	0.01236	0.04535	0.08756	0.76553	0.01178	0.00545	0.00157	0.00234	0.00987	0.00426	0.00387
5	0.01227	0.84142	0.02406	0.00786	0.01178	0.01817	0.00786	0.01375	0.00933	0.01080	0.00638	0.00736	0.00589	0.00393	0.00295	0.00098	0.00491	0.00245	0.00196	0.00589
6	0.01717	0.02140	0.01305	0.01176	0.01420	0.77733	0.00886	0.05965	0.01347	0.01218	0.00731	0.00843	0.00601	0.00477	0.00416	0.00119	0.00811	0.00302	0.00248	0.00545
7	0.00867	0.00816	0.01377	0.82762	0.03162	0.01020	0.01275	0.01173	0.00918	0.01173	0.00816	0.01224	0.00612	0.00459	0.00459	0.00153	0.00612	0.00408	0.00204	0.00510
8	0.00547	0.00462	0.00474	0.00477	0.00625	0.00389	0.00356	0.00665	0.01048	0.01259	0.07322	0.08153	0.74324	0.01168	0.00545	0.00156	0.00234	0.00980	0.00429	0.00389
9	0.00881	0.00831	0.01403	0.78507	0.07305	0.01024	0.01282	0.01186	0.00925	0.01190	0.00819	0.01219	0.00618	0.00456	0.00459	0.00152	0.00608	0.00408	0.00205	0.00522
10	0.00778	0.00620	0.00803	0.00713	0.00877	0.00617	0.04512	0.03139	0.15281	0.01815	0.54668	0.03033	0.09589	0.00862	0.00526	0.00148	0.00280	0.00761	0.00477	0.00500
11	0.00615	0.00443	0.00586	0.00679	0.00735	0.00422	0.00503	0.00731	0.00930	0.01219	0.02586	0.51620	0.08044	0.05758	0.00690	0.00205	0.00318	0.23114	0.00417	0.00383
12	0.00543	0.00465	0.00465	0.00465	0.00620	0.00388	0.00349	0.00659	0.01046	0.01240	0.04651	0.04418	0.80815	0.01163	0.00543	0.00155	0.00233	0.00969	0.00426	0.00388
13	0.00921	0.02375	0.81487	0.01309	0.01987	0.01066	0.01696	0.01454	0.00969	0.01454	0.00824	0.00969	0.00582	0.00436	0.00436	0.00145	0.00678	0.00339	0.00194	0.00678
14	0.01682	0.07887	0.01382	0.01148	0.01403	0.72291	0.00879	0.05759	0.01319	0.01211	0.00725	0.00835	0.00601	0.00471	0.00408	0.00118	0.00788	0.00298	0.00245	0.00549
15	0.85163	0.00897	0.00691	0.00614	0.00900	0.01039	0.00506	0.03130	0.00813	0.02079	0.00650	0.00754	0.00504	0.00429	0.00288	0.00142	0.00359	0.00252	0.00288	0.00504
16	0.00646	0.00469	0.00608	0.00573	0.00683	0.00432	0.00430	0.00859	0.01290	0.01819	0.77988	0.03465	0.07117	0.00947	0.00542	0.00145	0.00217	0.00835	0.00502	0.00432
17	0.01231	0.01120	0.05553	0.01835	0.39095	0.04456	0.02377	0.08423	0.12605	0.08567	0.05504	0.01501	0.04605	0.00531	0.00465	0.00141	0.00493	0.00471	0.00334	0.00693
18	0.00817	0.00750	0.09237	0.00794	0.02299	0.00615	0.00641	0.05053	0.09224	0.04509	0.04697	0.45342	0.02258	0.02423	0.00555	0.00172	0.00344	0.03343	0.06438	0.00490
19	0.72274	0.00966	0.00897	0.02167	0.06389	0.03990	0.04781	0.01375	0.00836	0.01943	0.00675	0.00809	0.00528	0.00425	0.00317	0.00142	0.00412	0.00279	0.00275	0.00521
20	0.01004	0.01004	0.01406	0.01205	0.01205	0.01406	0.01004	0.01105	0.00703	0.01105	0.00603	0.01004	0.00603	0.00804	0.01507	0.00201	0.83025	0.00402	0.00201	0.00502
21	0.00867	0.00816	0.01377	0.82762	0.03162	0.01020	0.01275	0.01173	0.00918	0.01173	0.00816	0.01224	0.00612	0.00459	0.00459	0.00153	0.00612	0.00408	0.00204	0.00510
22	0.01142	0.00986	0.01038	0.00934	0.01194	0.01142	0.00727	0.02440	0.80172	0.01920	0.01869	0.01713	0.01401	0.00623	0.00467	0.00156	0.00363	0.00519	0.00467	0.00727
23	0.00705	0.00504	0.00694	0.00795	0.00886	0.00498	0.00669	0.00887	0.01017	0.01325	0.02464	0.17644	0.04266	0.03643	0.00673	0.00213	0.00394	0.61894	0.00419	0.00410
24	0.00662	0.00446	0.00499	0.00499	0.00507	0.00442	0.00282	0.00667	0.00686	0.00907	0.01602	0.03073	0.05510	0.79852	0.02250	0.00431	0.00435	0.00682	0.00285	0.00283
25	0.00658	0.00472	0.00576	0.00559	0.00681	0.00422	0.00416	0.00828	0.01180	0.04378	0.46996	0.12029	0.27023	0.01045	0.00544	0.00152	0.00233	0.00909	0.00476	0.00425
26	0.00599	0.00461	0.00548	0.00544	0.00662	0.00410	0.00404	0.00761	0.01151	0.01524	0.40904	0.12222	0.34682	0.01086	0.00548	0.00154	0.00232	0.02235	0.00464	0.00409
27	0.00606	0.00468	0.00553	0.00531	0.00659	0.00414	0.00399	0.00781	0.01196	0.01595	0.49567	0.03835	0.35678	0.01030	0.00542	0.00149	0.00223	0.00887	0.00473	0.00414
28	0.87108	0.00888	0.00675	0.00604	0.00888	0.01030	0.00497	0.01350	0.00781	0.02060	0.00639	0.00746	0.00497	0.00426	0.00284	0.00142	0.00355	0.00249	0.00284	0.00497
29	0.02869	0.56299	0.22435	0.00941	0.01394	0.06882	0.01018	0.01425	0.00963	0.01197	0.00690	0.00802	0.00586	0.00410	0.00338	0.00112	0.00558	0.00273	0.00200	0.00606
30	0.01125	0.01156	0.05922	0.02741	0.76974	0.01090	0.01424	0.01411	0.01041	0.01498	0.00862	0.01128	0.00720	0.00410	0.00454	0.00137	0.00552	0.00405	0.00226	0.00725
31	0.32500	0.00915	0.00985	0.00786	0.01118	0.00944	0.00649	0.16600	0.01284	0.37988	0.01256	0.01182	0.00840	0.00514	0.00398	0.00141	0.00400	0.00376	0.00446	0.00679
32	0.00917	0.00868	0.01468	0.67771	0.17759	0.01033	0.01300	0.01217	0.00942	0.01234	0.00825	0.01208	0.00634	0.00450	0.00458	0.00150	0.00600	0.00408	0.00208	0.00551
33	0.01227	0.84142	0.02406	0.00786	0.01178	0.01817	0.00786	0.01375	0.00933	0.01080	0.00638	0.00736	0.00589	0.00393	0.00295	0.00098	0.00491	0.00245	0.00196	0.00589
34	0.01084	0.01238	0.02709	0.01935	0.02399	0.01161	0.79334	0.01471	0.01084	0.01471	0.00929	0.01238	0.00697	0.00387	0.00542	0.00155	0.00774	0.00542	0.00232	0.00619
35	0.00642	0.00469	0.00603	0.00569	0.00681	0.00430	0.00427	0.00851	0.01281	0.01797	0.75228	0.03501	0.09891	0.00955	0.00542	0.00145	0.00218	0.00840	0.00500	0.00430
36	0.00768	0.00599	0.00742	0.00647	0.00848	0.00528	0.00505	0.01036	0.05201	0.01709	0.47549	0.02777	0.03003	0.00778	0.00488	0.00129	0.00276	0.06925	0.00430	0.25062
37	0.00559	0.00450	0.00491	0.00513	0.00629	0.00390	0.00368	0.00668	0.01008	0.01246	0.08754	0.22074	0.55041	0.04926	0.00633	0.00174	0.00249	0.01022	0.00425	0.00382
38	0.00559	0.00400	0.00533	0.00639	0.00666	0.00373	0.00426	0.00639	0.00879	0.01172	0.02530	0.83566	0.03036	0.01438	0.00586	0.00186	0.00266	0.01305	0.00426	0.00373
39	0.00905	0.00858	0.01215	0.01072	0.01095	0.01169	0.00882	0.01023	0.00713	0.01094	0.00782	0.01233	0.00758	0.01557	0.24495	0.00354	0.59678	0.00427	0.00214	0.00476
40	0.01100	0.24787	0.01687	0.01084	0.01207	0.05144	0.00937	0.01215	0.00796	0.01099	0.00618	0.00920	0.00598	0.00671	0.01112	0.00168	0.55775	0.00352	0.00201	0.00528
41	0.00686	0.00508	0.00666	0.00746	0.00861	0.00489	0.00634	0.00869	0.01048	0.01334	0.02972	0.07849	0.21570	0.01249	0.00610	0.00197	0.00371	0.56506	0.00424	0.00412
42	0.00559	0.00400	0.00533	0.00639	0.00666	0.00373	0.00426	0.00639	0.00879	0.01172	0.02530	0.83566	0.03036	0.01438	0.00586	0.00186	0.00266	0.01305	0.00426	0.00373
43	0.01371	0.00997	0.01101	0.00910	0.01185	0.01084	0.00726	0.41548	0.16941	0.06540	0.11084	0.10211	0.02809	0.00715	0.00485	0.00148	0.00408	0.00588	0.00468	0.00680
44	0.01124	0.01078	0.01842	0.06409	0.77505	0.01088	0.01403	0.01398	0.01040	0.01485	0.00861	0.01140	0.00722	0.00411	0.00455	0.00137	0.00548	0.00409	0.00226	0.00717
45	0.01750	0.01060	0.01211	0.00952	0.01297	0.01116	0.00779	0.39439	0.15358	0.29848	0.01480	0.01367	0.01011	0.00569	0.00461	0.00142	0.00441	0.00448	0.00498	0.00772
46	0.01121	0.00997	0.09181	0.00868	0.01147	0.00923	0.00749	0.12213	0.31985	0.07805	0.22291	0.02048	0.03631	0.00682	0.00481	0.00147	0.00373	0.00571	0.02143	0.00644
47	0.00637	0.00469	0.00596	0.00564	0.00678	0.00428	0.00423	0.00842	0.01270	0.01771	0.71881	0.03545	0.13254	0.00965	0.00542	0.00146	0.00218	0.00846	0.00496	0.00428
48	0.01130	0.01085	0.01853	0.04538	0.79327	0.01089	0.01406	0.01404	0.01043	0.01493	0.00863	0.01138	0.00725	0.00410	0.00455	0.00137	0.00547	0.00409	0.00227	0.00723
49	0.01958	0.00805	0.01067	0.00821	0.01172	0.00714	0.00676	0.05864	0.03064	0.71473	0.03338	0.01560	0.01174	0.00568	0.00459	0.00140	0.00390	0.00462	0.00549	0.03746
50	0.00891	0.00855	0.01487	0.74329	0.05803	0.01032	0.06752	0.01202	0.00934	0.01205	0.00826	0.01222	0.00622	0.00452	0.00465	0.00153	0.00621	0.00417	0.00207	0.00525
51	0.00952	0.00816	0.00952	0.00680	0.01088	0.00612	0.00544	0.01156	0.00952	0.01496	0.00816	0.00952	0.00680	0.00340	0.00340	0.00068	0.00340	0.00272	0.00272	0.86672
52	0.01565	0.01279	0.01271	0.01032	0.01356	0.08580	0.00831	0.49812	0.25056	0.02448	0.01293	0.01257	0.00947	0.00565	0.00458	0.00141	0.00492	0.00434	0.00442	0.00742
53	0.00638	0.00467	0.00598	0.00568	0.00679	0.00428	0.00425	0.00842	0.01267	0.01770	0.71831	0.05130	0.11705	0.00970	0.00542	0.00146	0.00219	0.00853	0.00496	0.00428
54	0.00559	0.00400	0.00533	0.00639	0.00666	0.00373	0.00426	0.00639	0.00879	0.01172	0.02530	0.83566	0.03036	0.01438	0.00586	0.00186	0.00266	0.01305	0.00426	0.00373
55	0.00797	0.00399	0.00598	0.00598	0.00598	0.00399	0.00399	0.00598	0.00598	0.00797	0.00797	0.01396	0.00797	0.01595	0.01794	0.86643	0.00399	0.00399	0.00199	0.00199
56	0.00856	0.00428	0.00428	0.00428	0.00535	0.00428	0.00321	0.01070	0.00963	0.01712	0.01498	0.01712	0.01177	0.00535	0.00321	0.00107	0.00214	0.00428	0.86414	0.00428
57	0.00772	0.00576	0.00819	0.00814	0.00905	0.00641	0.00623	0.00904	0.00812	0.01175	0.01334	0.01943	0.01245	0.03465	0.80690	0.00748	0.01254	0.00526	0.00284	0.00470

[dist]
# distance from previous block
# <min> <max>
0	6

[block]
# block no. 1 follows, 56 sequences, length 10
# corresponding to MSA columns:
# 121-130
name=unknown_B
#
# <colnr> <probs for GDERKNQSTAVLIFYWHMCP>
#	G	D	E	R	K	N	Q	S	T	A	V	L	I	F	Y	W	H	M	C	P
0	0.00631	0.00451	0.00490	0.00490	0.00536	0.00428	0.00299	0.00665	0.00779	0.00993	0.02389	0.03420	0.24953	0.59535	0.01809	0.00360	0.00383	0.00756	0.00322	0.00310
1	0.01672	0.01288	0.01334	0.01047	0.01396	0.04753	0.00856	0.67039	0.11432	0.02703	0.01177	0.01164	0.00847	0.00556	0.00458	0.00139	0.00502	0.00421	0.00451	0.00764
2	0.05272	0.01535	0.01326	0.01075	0.01400	0.25119	0.00861	0.53395	0.01849	0.02338	0.00968	0.01007	0.00713	0.00523	0.00439	0.00132	0.00594	0.00372	0.00386	0.00696
3	0.01088	0.01143	0.01394	0.01203	0.01230	0.10875	0.00991	0.01190	0.00773	0.01107	0.00615	0.00984	0.00601	0.00765	0.01378	0.00191	0.73371	0.00389	0.00205	0.00506
4	0.26269	0.00882	0.01286	0.48295	0.07472	0.01036	0.06013	0.01259	0.00897	0.01474	0.00774	0.01079	0.00591	0.00442	0.00413	0.00149	0.00542	0.00370	0.00231	0.00527
5	0.01089	0.01067	0.01894	0.14796	0.59544	0.01089	0.10994	0.01381	0.01031	0.01447	0.00864	0.01162	0.00706	0.00414	0.00466	0.00141	0.00584	0.00425	0.00224	0.00681
6	0.01118	0.01072	0.01830	0.08302	0.75662	0.01086	0.01400	0.01393	0.01037	0.01477	0.00860	0.01142	0.00719	0.00412	0.00455	0.00137	0.00550	0.00409	0.00226	0.00712
7	0.00897	0.00847	0.01431	0.73842	0.11847	0.01028	0.01290	0.01199	0.00932	0.01209	0.00821	0.01214	0.00625	0.00453	0.00458	0.00151	0.00605	0.00408	0.00207	0.00534
8	0.01129	0.00680	0.01028	0.00948	0.01159	0.00650	0.08450	0.01388	0.03944	0.22075	0.02103	0.03733	0.02017	0.00978	0.00575	0.00186	0.00447	0.47522	0.00443	0.00546
9	0.01110	0.01064	0.01816	0.10678	0.73348	0.01084	0.01396	0.01386	0.01033	0.01468	0.00859	0.01145	0.00716	0.00414	0.00455	0.00138	0.00552	0.00409	0.00225	0.00706

[dist]
# distance from previous block
# <min> <max>
0	4

[block]
# block no. 2 follows, 56 sequences, length 43
# corresponding to MSA columns:
# 135-177
name=unknown_C
#
# <colnr> <probs for GDERKNQSTAVLIFYWHMCP>
#	G	D	E	R	K	N	Q	S	T	A	V	L	I	F	Y	W	H	M	C	P
0	0.01136	0.01091	0.01863	0.02818	0.81002	0.01091	0.01409	0.01409	0.01045	0.01500	0.00864	0.01136	0.00727	0.00409	0.00455	0.00136	0.00545	0.00409	0.00227	0.00727
1	0.00670	0.00486	0.00542	0.00519	0.00674	0.00417	0.00392	0.00814	0.01122	0.06743	0.22643	0.05490	0.55696	0.01074	0.00538	0.00152	0.00240	0.00908	0.00455	0.00425
2	0.01365	0.01027	0.01764	0.03382	0.41842	0.00995	0.14940	0.01673	0.04133	0.22471	0.01161	0.01290	0.00853	0.00456	0.00472	0.00142	0.00539	0.00450	0.00326	0.00719
3	0.03793	0.00947	0.01134	0.00887	0.01223	0.00946	0.00726	0.29668	0.03910	0.43830	0.04534	0.03857	0.01179	0.00600	0.00464	0.00142	0.00420	0.00480	0.00513	0.00748
4	0.87108	0.00888	0.00675	0.00604	0.00888	0.01030	0.00497	0.01350	0.00781	0.02060	0.00639	0.00746	0.00497	0.00426	0.00284	0.00142	0.00355	0.00249	0.00284	0.00497
5	0.01127	0.01080	0.01841	0.02728	0.76497	0.01081	0.02803	0.01419	0.02465	0.01504	0.00915	0.01231	0.00778	0.00430	0.00460	0.00139	0.00544	0.02002	0.00236	0.00719
6	0.00568	0.00426	0.00528	0.00593	0.00663	0.00386	0.00414	0.00674	0.00968	0.01260	0.10815	0.53492	0.23131	0.01314	0.00572	0.00175	0.00256	0.02945	0.00434	0.00384
7	0.01403	0.38176	0.12029	0.01009	0.01386	0.27064	0.00944	0.10568	0.01196	0.01351	0.00738	0.00837	0.00611	0.00442	0.00369	0.00115	0.00623	0.00293	0.00239	0.00605
8	0.00637	0.00487	0.00579	0.00553	0.00676	0.00448	0.00411	0.00855	0.04267	0.01614	0.50544	0.03642	0.27376	0.05136	0.00629	0.00163	0.00239	0.00852	0.00468	0.00423
9	0.03410	0.08754	0.04638	0.01226	0.06241	0.55251	0.00933	0.11652	0.01340	0.01402	0.00766	0.00878	0.00621	0.00470	0.00410	0.00122	0.00726	0.00314	0.00260	0.00586
10	0.00976	0.13491	0.65206	0.01241	0.01857	0.01175	0.03809	0.01482	0.04057	0.01421	0.00842	0.00974	0.00618	0.00436	0.00421	0.00140	0.00643	0.00339	0.00206	0.00666
11	0.01356	0.47129	0.17756	0.00911	0.01352	0.01427	0.00950	0.06238	0.01086	0.16515	0.00926	0.00962	0.00703	0.00444	0.00364	0.00118	0.00510	0.00315	0.00282	0.00655
12	0.01304	0.71755	0.02250	0.00829	0.01215	0.03541	0.00799	0.11351	0.01097	0.01312	0.00699	0.00785	0.00614	0.00415	0.00318	0.00104	0.00500	0.00268	0.00231	0.00612
13	0.00815	0.00667	0.00803	0.00678	0.00942	0.00540	0.00515	0.01002	0.02723	0.01391	0.01484	0.29227	0.01571	0.00755	0.00438	0.00116	0.00319	0.03544	0.00335	0.52138
14	0.00668	0.00445	0.00501	0.00501	0.00501	0.00445	0.00278	0.00668	0.00668	0.00890	0.01447	0.03004	0.01669	0.83866	0.02337	0.00445	0.00445	0.00668	0.00278	0.00278
15	0.01055	0.36750	0.45900	0.01107	0.01659	0.01385	0.03588	0.01421	0.00957	0.01297	0.00749	0.00879	0.00588	0.00416	0.00380	0.00126	0.00602	0.00306	0.00196	0.00639
16	0.00925	0.00601	0.00735	0.00721	0.00858	0.00597	0.00529	0.06757	0.11884	0.11833	0.08441	0.46521	0.05541	0.01101	0.00539	0.00169	0.00308	0.00975	0.00459	0.00509
17	0.00668	0.00445	0.00501	0.00501	0.00501	0.00445	0.00278	0.00668	0.00668	0.00890	0.01447	0.03004	0.01669	0.83866	0.02337	0.00445	0.00445	0.00668	0.00278	0.00278
18	0.00769	0.00606	0.00900	0.31622	0.01633	0.00655	0.00753	0.00998	0.01099	0.04508	0.34639	0.09642	0.08773	0.00805	0.00511	0.00152	0.00378	0.00709	0.00381	0.00467
19	0.01064	0.00604	0.00761	0.00669	0.00851	0.00567	0.00518	0.08110	0.01307	0.20102	0.39902	0.11270	0.07228	0.00868	0.00512	0.00147	0.00288	0.00750	0.03947	0.00535
20	0.01819	0.01168	0.01305	0.01000	0.01365	0.01248	0.00826	0.61352	0.01960	0.21293	0.01269	0.01210	0.00864	0.00555	0.00460	0.00139	0.00478	0.00425	0.00485	0.00781
21	0.01208	0.01005	0.01065	0.00941	0.01211	0.01154	0.00737	0.08372	0.72517	0.03650	0.01808	0.01663	0.01348	0.00616	0.00466	0.00154	0.00375	0.00510	0.00469	0.00732
22	0.01343	0.02793	0.01375	0.01415	0.16418	0.29797	0.03979	0.01975	0.32889	0.01527	0.01211	0.01256	0.00946	0.00516	0.00446	0.00138	0.00580	0.00416	0.00327	0.00651
23	0.00543	0.00465	0.00465	0.00465	0.00620	0.00388	0.00349	0.00659	0.01046	0.01240	0.04651	0.04418	0.80815	0.01163	0.00543	0.00155	0.00233	0.00969	0.00426	0.00388
24	0.00919	0.00887	0.01388	0.51961	0.02423	0.01166	0.01173	0.01147	0.00837	0.01147	0.00735	0.01141	0.00608	0.00589	0.00855	0.00171	0.31737	0.00406	0.00203	0.00507
25	0.33306	0.00641	0.00714	0.00687	0.00846	0.00746	0.00545	0.01020	0.00754	0.01441	0.01007	0.01404	0.00902	0.02304	0.51167	0.00513	0.00899	0.00400	0.00260	0.00443
26	0.00871	0.00585	0.00806	0.28318	0.04648	0.00654	0.00687	0.01118	0.00951	0.01521	0.01242	0.01524	0.00968	0.00504	0.00373	0.00124	0.00362	0.00420	0.53856	0.00468
27	0.00656	0.00492	0.00738	0.00738	0.00820	0.00574	0.00574	0.00820	0.00738	0.01066	0.01230	0.01804	0.01148	0.03443	0.82046	0.00738	0.01230	0.00492	0.00246	0.00410
28	0.00656	0.00492	0.00738	0.00738	0.00820	0.00574	0.00574	0.00820	0.00738	0.01066	0.01230	0.01804	0.01148	0.03443	0.82046	0.00738	0.01230	0.00492	0.00246	0.00410
29	0.01627	0.01408	0.01421	0.01325	0.12395	0.17463	0.00950	0.46466	0.01729	0.04889	0.00988	0.01062	0.00738	0.00530	0.00505	0.00137	0.04896	0.00390	0.00373	0.00709
30	0.00958	0.12279	0.71908	0.01245	0.01889	0.01157	0.01586	0.01444	0.00965	0.01409	0.00801	0.00941	0.00582	0.00431	0.00419	0.00140	0.00656	0.00328	0.00194	0.00668
31	0.01243	0.01036	0.01095	0.00955	0.01232	0.01189	0.00751	0.15358	0.67089	0.02084	0.01740	0.01610	0.01297	0.00611	0.00466	0.00153	0.00387	0.00501	0.00466	0.00736
32	0.01014	0.01034	0.01569	0.01296	0.01354	0.01376	0.10776	0.01150	0.00751	0.01150	0.00643	0.01034	0.00614	0.00752	0.01386	0.00195	0.72765	0.00419	0.00205	0.00517
33	0.01332	0.00999	0.01571	0.05624	0.44309	0.01004	0.04258	0.01743	0.12997	0.19607	0.01230	0.01327	0.00915	0.00479	0.00462	0.00142	0.00495	0.00443	0.00340	0.00725
34	0.00576	0.00473	0.00511	0.00522	0.00667	0.00409	0.00405	0.00712	0.01067	0.01303	0.10098	0.04441	0.65080	0.01159	0.00554	0.00161	0.00256	0.10778	0.00432	0.00395
35	0.00559	0.00400	0.00533	0.00639	0.00666	0.00373	0.00426	0.00639	0.00879	0.01172	0.02530	0.83566	0.03036	0.01438	0.00586	0.00186	0.00266	0.01305	0.00426	0.00373
36	0.87108	0.00888	0.00675	0.00604	0.00888	0.01030	0.00497	0.01350	0.00781	0.02060	0.00639	0.00746	0.00497	0.00426	0.00284	0.00142	0.00355	0.00249	0.00284	0.00497
37	0.01373	0.01614	0.01680	0.16959	0.06752	0.40576	0.19297	0.03840	0.01187	0.01288	0.00802	0.01025	0.00633	0.00449	0.00456	0.00135	0.00748	0.00385	0.00235	0.00567
38	0.01142	0.00986	0.01038	0.00934	0.01194	0.01142	0.00727	0.02440	0.80172	0.01920	0.01869	0.01713	0.01401	0.00623	0.00467	0.00156	0.00363	0.00519	0.00467	0.00727
39	0.00658	0.00483	0.00695	0.00695	0.00763	0.00551	0.00521	0.00793	0.00725	0.01034	0.01269	0.02019	0.01241	0.17856	0.67761	0.00685	0.01089	0.00523	0.00252	0.00386
40	0.81359	0.06461	0.00791	0.00616	0.00907	0.01083	0.00516	0.01351	0.00791	0.01994	0.00639	0.00745	0.00503	0.00424	0.00285	0.00139	0.00364	0.00248	0.00278	0.00503
41	0.00706	0.00506	0.00693	0.00745	0.00852	0.00493	0.00625	0.00919	0.01148	0.01548	0.31701	0.04525	0.03274	0.01145	0.00599	0.00186	0.00346	0.49108	0.00454	0.00427
42	0.00856	0.00428	0.00428	0.00428	0.00535	0.00428	0.00321	0.01070	0.00963	0.01712	0.01498	0.01712	0.01177	0.00535	0.00321	0.00107	0.00214	0.00428	0.86414	0.00428

[dist]
# distance from previous block
# <min> <max>
0	3

[block]
# block no. 3 follows, 56 sequences, length 67
# corresponding to MSA columns:
# 181-247
name=unknown_D
#
# <colnr> <probs for GDERKNQSTAVLIFYWHMCP>
#	G	D	E	R	K	N	Q	S	T	A	V	L	I	F	Y	W	H	M	C	P
0	0.01227	0.84142	0.02406	0.00786	0.01178	0.01817	0.00786	0.01375	0.00933	0.01080	0.00638	0.00736	0.00589	0.00393	0.00295	0.00098	0.00491	0.00245	0.00196	0.00589
1	0.00668	0.00445	0.00501	0.00501	0.00501	0.00445	0.00278	0.00668	0.00668	0.00890	0.01447	0.03004	0.01669	0.83866	0.02337	0.00445	0.00445	0.00668	0.00278	0.00278
2	0.00929	0.04594	0.79340	0.01294	0.01965	0.01087	0.01672	0.01452	0.00968	0.01444	0.00819	0.00963	0.00582	0.00435	0.00432	0.00144	0.00673	0.00337	0.00194	0.00676
3	0.02018	0.00771	0.01049	0.00807	0.01152	0.00668	0.00663	0.02190	0.01295	0.78913	0.01800	0.01606	0.01152	0.03061	0.00518	0.00151	0.00392	0.00468	0.00560	0.00766
4	0.00569	0.00423	0.00533	0.00612	0.00673	0.00387	0.00428	0.00669	0.00938	0.01219	0.05326	0.59379	0.19964	0.01353	0.00578	0.00180	0.00267	0.05694	0.00428	0.00381
5	0.01142	0.00986	0.01038	0.00934	0.01194	0.01142	0.00727	0.02440	0.80172	0.01920	0.01869	0.01713	0.01401	0.00623	0.00467	0.00156	0.00363	0.00519	0.00467	0.00727
6	0.00952	0.00816	0.00952	0.00680	0.01088	0.00612	0.00544	0.01156	0.00952	0.01496	0.00816	0.00952	0.00680	0.00340	0.00340	0.00068	0.00340	0.00272	0.00272	0.86672
7	0.01715	0.02188	0.01301	0.01183	0.01419	0.82022	0.00887	0.01833	0.01301	0.01124	0.00710	0.00828	0.00591	0.00473	0.00414	0.00118	0.00828	0.00296	0.00237	0.00532
8	0.00559	0.00400	0.00533	0.00639	0.00666	0.00373	0.00426	0.00639	0.00879	0.01172	0.02530	0.83566	0.03036	0.01438	0.00586	0.00186	0.00266	0.01305	0.00426	0.00373
9	0.00589	0.00421	0.00567	0.00673	0.00713	0.00399	0.00478	0.00691	0.00908	0.01205	0.02514	0.70625	0.02971	0.01410	0.00594	0.00191	0.00292	0.13952	0.00426	0.00381
10	0.02060	0.00781	0.01065	0.00817	0.01172	0.00675	0.00675	0.02237	0.01314	0.81320	0.01811	0.01563	0.01136	0.00568	0.00462	0.00142	0.00391	0.00462	0.00568	0.00781
11	0.00867	0.00816	0.01377	0.82762	0.03162	0.01020	0.01275	0.01173	0.00918	0.01173	0.00816	0.01224	0.00612	0.00459	0.00459	0.00153	0.00612	0.00408	0.00204	0.00510
12	0.01142	0.00986	0.01038	0.00934	0.01194	0.01142	0.00727	0.02440	0.80172	0.01920	0.01869	0.01713	0.01401	0.00623	0.00467	0.00156	0.00363	0.00519	0.00467	0.00727
13	0.00578	0.00466	0.00516	0.00509	0.00647	0.00403	0.00383	0.00725	0.01117	0.01418	0.26889	0.05866	0.55150	0.01105	0.00545	0.00154	0.00232	0.02445	0.00449	0.00401
14	0.00921	0.02375	0.81487	0.01309	0.01987	0.01066	0.01696	0.01454	0.00969	0.01454	0.00824	0.00969	0.00582	0.00436	0.00436	0.00145	0.00678	0.00339	0.00194	0.00678
15	0.01142	0.00986	0.01038	0.00934	0.01194	0.01142	0.00727	0.02440	0.80172	0.01920	0.01869	0.01713	0.01401	0.00623	0.00467	0.00156	0.00363	0.00519	0.00467	0.00727
16	0.00632	0.00469	0.00589	0.00559	0.00675	0.00426	0.00419	0.00832	0.01258	0.01741	0.68125	0.03594	0.17028	0.00976	0.00542	0.00146	0.00219	0.00853	0.00492	0.00426
17	0.00923	0.02303	0.77375	0.03759	0.02031	0.01067	0.03374	0.01446	0.00970	0.01446	0.00826	0.00983	0.00585	0.00436	0.00439	0.00146	0.00679	0.00346	0.00195	0.00672
18	0.87108	0.00888	0.00675	0.00604	0.00888	0.01030	0.00497	0.01350	0.00781	0.02060	0.00639	0.00746	0.00497	0.00426	0.00284	0.00142	0.00355	0.00249	0.00284	0.00497
19	0.85364	0.00896	0.00689	0.00613	0.00899	0.01038	0.00505	0.02946	0.00809	0.02077	0.00649	0.00753	0.00503	0.00429	0.00288	0.00142	0.00358	0.00252	0.00288	0.00503
20	0.87108	0.00888	0.00675	0.00604	0.00888	0.01030	0.00497	0.01350	0.00781	0.02060	0.00639	0.00746	0.00497	0.00426	0.00284	0.00142	0.00355	0.00249	0.00284	0.00497
21	0.00567	0.00426	0.00526	0.00590	0.00660	0.00385	0.00411	0.00672	0.00968	0.01258	0.10610	0.52943	0.24316	0.01312	0.00571	0.00174	0.00255	0.02537	0.00434	0.00384
22	0.00568	0.00466	0.00500	0.00491	0.00635	0.00398	0.00369	0.00707	0.01106	0.01381	0.22423	0.04187	0.62956	0.01110	0.00542	0.00153	0.00229	0.00937	0.00445	0.00398
23	0.00607	0.00468	0.00555	0.00533	0.00660	0.00415	0.00400	0.00784	0.01199	0.01603	0.50554	0.03822	0.34687	0.01028	0.00542	0.00149	0.00223	0.00885	0.00474	0.00415
24	0.00607	0.00427	0.00514	0.00561	0.00590	0.00407	0.00354	0.00658	0.00812	0.01070	0.03945	0.39089	0.09979	0.37325	0.01344	0.00295	0.00340	0.00985	0.00363	0.00334
25	0.00559	0.00400	0.00533	0.00639	0.00666	0.00373	0.00426	0.00639	0.00879	0.01172	0.02530	0.83566	0.03036	0.01438	0.00586	0.00186	0.00266	0.01305	0.00426	0.00373
26	0.00562	0.00401	0.00535	0.00638	0.00666	0.00374	0.00426	0.00645	0.00890	0.01189	0.04517	0.81531	0.03069	0.01426	0.00585	0.00185	0.00265	0.01293	0.00428	0.00374
27	0.01046	0.01070	0.02032	0.23689	0.32758	0.01097	0.28755	0.01368	0.01025	0.01403	0.00874	0.01195	0.00686	0.00415	0.00486	0.00147	0.00643	0.00455	0.00223	0.00632
28	0.01556	0.01192	0.01271	0.01018	0.01352	0.01335	0.00827	0.55285	0.26653	0.02588	0.01343	0.01294	0.00976	0.00574	0.00462	0.00143	0.00461	0.00447	0.00462	0.00764
29	0.00641	0.00471	0.00611	0.00650	0.00747	0.00441	0.00506	0.00813	0.01106	0.01482	0.31275	0.20819	0.14571	0.01169	0.00577	0.00174	0.00288	0.22793	0.00454	0.00411
30	0.01459	0.12179	0.03693	0.01213	0.06483	0.32364	0.06240	0.07981	0.16776	0.05670	0.01045	0.01102	0.00809	0.00492	0.00427	0.00130	0.00619	0.00376	0.00310	0.00633
31	0.01745	0.01286	0.01378	0.01056	0.01424	0.01424	0.00873	0.79471	0.02159	0.02893	0.01102	0.01102	0.00781	0.00551	0.00459	0.00138	0.00505	0.00413	0.00459	0.00781
32	0.00559	0.00400	0.00533	0.00639	0.00666	0.00373	0.00426	0.00639	0.00879	0.01172	0.02530	0.83566	0.03036	0.01438	0.00586	0.00186	0.00266	0.01305	0.00426	0.00373
33	0.01075	0.01028	0.01753	0.21025	0.63274	0.01075	0.01378	0.01355	0.01016	0.01425	0.00853	0.01156	0.00701	0.00420	0.00456	0.00140	0.00561	0.00409	0.00222	0.00678
34	0.01084	0.01238	0.02709	0.01935	0.02399	0.01161	0.79334	0.01471	0.01084	0.01471	0.00929	0.01238	0.00697	0.00387	0.00542	0.00155	0.00774	0.00542	0.00232	0.00619
35	0.00559	0.00400	0.00533	0.00639	0.00666	0.00373	0.00426	0.00639	0.00879	0.01172	0.02530	0.83566	0.03036	0.01438	0.00586	0.00186	0.00266	0.01305	0.00426	0.00373
36	0.00701	0.00556	0.00815	0.00789	0.00857	0.00676	0.00618	0.00851	0.00731	0.01064	0.01157	0.01746	0.01097	0.06085	0.68773	0.00658	0.11682	0.00487	0.00241	0.00417
37	0.01338	0.01041	0.01093	0.00945	0.01228	0.03716	0.00745	0.12269	0.58994	0.10736	0.01727	0.01590	0.01267	0.00603	0.00464	0.00151	0.00399	0.00492	0.00470	0.00733
38	0.00689	0.00505	0.00674	0.00762	0.00868	0.00490	0.00644	0.00872	0.01037	0.01331	0.02801	0.13137	0.15369	0.01269	0.00614	0.00200	0.00376	0.57527	0.00424	0.00412
39	0.01559	0.01459	0.01256	0.01057	0.01355	0.24677	0.00834	0.34383	0.24808	0.02095	0.01213	0.01202	0.00908	0.00550	0.00448	0.00137	0.00557	0.00410	0.00397	0.00693
40	0.00740	0.00528	0.00740	0.00845	0.00951	0.00528	0.00740	0.00951	0.01057	0.01374	0.02431	0.05179	0.02642	0.01268	0.00634	0.00211	0.00423	0.77912	0.00423	0.00423
41	0.01227	0.84142	0.02406	0.00786	0.01178	0.01817	0.00786	0.01375	0.00933	0.01080	0.00638	0.00736	0.00589	0.00393	0.00295	0.00098	0.00491	0.00245	0.00196	0.00589
42	0.00641	0.00469	0.00602	0.00569	0.00681	0.00430	0.00427	0.00850	0.01280	0.01795	0.74868	0.03506	0.10252	0.00956	0.00542	0.00145	0.00218	0.00841	0.00499	0.00430
43	0.01004	0.01004	0.01406	0.01205	0.01205	0.01406	0.01004	0.01105	0.00703	0.01105	0.00603	0.01004	0.00603	0.00804	0.01507	0.00201	0.83025	0.00402	0.00201	0.00502
44	0.01154	0.03528	0.17070	0.01877	0.20064	0.01178	0.35024	0.11446	0.01187	0.01647	0.00909	0.01135	0.00690	0.00422	0.00485	0.00145	0.00662	0.00450	0.00252	0.00675
45	0.00867	0.00816	0.01377	0.82762	0.03162	0.01020	0.01275	0.01173	0.00918	0.01173	0.00816	0.01224	0.00612	0.00459	0.00459	0.00153	0.00612	0.00408	0.00204	0.00510
46	0.00664	0.00460	0.00575	0.00575	0.00601	0.00485	0.00371	0.00715	0.00690	0.00945	0.01379	0.02628	0.01506	0.58648	0.27331	0.00537	0.00691	0.00613	0.00268	0.00319
47	0.00901	0.00851	0.01439	0.72518	0.13136	0.01029	0.01292	0.01203	0.00934	0.01215	0.00822	0.01213	0.00627	0.00453	0.00458	0.00151	0.00603	0.00408	0.00207	0.00538
48	0.01142	0.00986	0.01038	0.00934	0.01194	0.01142	0.00727	0.02440	0.80172	0.01920	0.01869	0.01713	0.01401	0.00623	0.00467	0.00156	0.00363	0.00519	0.00467	0.00727
49	0.00930	0.04891	0.79053	0.01292	0.01962	0.01089	0.01668	0.01451	0.00968	0.01442	0.00818	0.00962	0.00582	0.00435	0.00432	0.00144	0.00673	0.00336	0.00194	0.00676
50	0.02008	0.00810	0.01078	0.00828	0.01179	0.00722	0.00683	0.07592	0.01373	0.74165	0.03439	0.01570	0.01180	0.00575	0.00463	0.00142	0.00395	0.00466	0.00559	0.00774
51	0.00972	0.00956	0.01343	0.01161	0.01169	0.01328	0.00964	0.01078	0.00706	0.01101	0.00661	0.01079	0.00654	0.01051	0.09065	0.00251	0.75349	0.00410	0.00205	0.00494
52	0.02649	0.10166	0.02349	0.03065	0.16461	0.02835	0.48353	0.01502	0.05286	0.01457	0.00925	0.01174	0.00721	0.00408	0.00487	0.00144	0.00671	0.00472	0.00241	0.00636
53	0.01199	0.46646	0.04255	0.00861	0.01192	0.09284	0.00781	0.01645	0.20558	0.01363	0.07196	0.01203	0.01081	0.00501	0.00372	0.00119	0.00476	0.00366	0.00291	0.00608
54	0.00627	0.00467	0.00593	0.00572	0.00683	0.00433	0.00428	0.00815	0.01192	0.01643	0.57417	0.06866	0.17942	0.01196	0.06893	0.00194	0.00301	0.00849	0.00467	0.00421
55	0.00805	0.00645	0.00806	0.00770	0.03309	0.00684	0.00570	0.02524	0.16783	0.01789	0.52995	0.02821	0.05496	0.00850	0.00598	0.00151	0.06712	0.00720	0.00463	0.00510
56	0.14877	0.00847	0.00705	0.00635	0.00826	0.12460	0.00493	0.07376	0.01088	0.04564	0.01208	0.01356	0.00937	0.00506	0.00345	0.00117	0.00358	0.00376	0.48093	0.02835
57	0.00851	0.00791	0.01327	0.76373	0.02980	0.00985	0.01220	0.01145	0.00904	0.01165	0.00848	0.01269	0.00654	0.00691	0.06815	0.00199	0.00660	0.00415	0.00207	0.00502
58	0.00752	0.00511	0.00569	0.00544	0.00573	0.00521	0.00324	0.06806	0.00784	0.01046	0.01420	0.02856	0.01600	0.77376	0.02190	0.00421	0.00450	0.00648	0.00292	0.00317
59	0.01649	0.02081	0.01307	0.07538	0.01555	0.75713	0.00917	0.01782	0.01271	0.01127	0.00718	0.00859	0.00593	0.00472	0.00417	0.00121	0.00811	0.00304	0.00234	0.00530
60	0.00983	0.02360	0.75241	0.01299	0.01943	0.07373	0.01633	0.01483	0.00995	0.01428	0.00815	0.00958	0.00582	0.00439	0.00434	0.00143	0.00690	0.00336	0.00197	0.00667
61	0.00867	0.00816	0.01377	0.82762	0.03162	0.01020	0.01275	0.01173	0.00918	0.01173	0.00816	0.01224	0.00612	0.00459	0.00459	0.00153	0.00612	0.00408	0.00204	0.00510
62	0.00636	0.00432	0.00510	0.00541	0.00549	0.00424	0.00321	0.00659	0.00729	0.00972	0.01762	0.26480	0.02068	0.59847	0.01827	0.00370	0.00393	0.00853	0.00321	0.00306
63	0.00582	0.00420	0.00512	0.00584	0.00650	0.00384	0.00405	0.00684	0.00930	0.01235	0.02969	0.56198	0.21979	0.01297	0.00556	0.00173	0.00257	0.02679	0.07124	0.00382
64	0.00566	0.00405	0.00539	0.00634	0.00667	0.00378	0.00427	0.00657	0.00912	0.01224	0.08624	0.77323	0.03137	0.01399	0.00583	0.00183	0.00262	0.01268	0.00432	0.00378
65	0.01661	0.01220	0.01309	0.01013	0.01352	0.01347	0.00826	0.73332	0.02042	0.02737	0.01129	0.01250	0.00850	0.07041	0.00606	0.00162	0.00501	0.00433	0.00445	0.00742
66	0.00604	0.00467	0.00703	0.00737	0.00798	0.00437	0.06571	0.00709	0.00899	0.01202	0.03778	0.74328	0.02853	0.02780	0.00612	0.00188	0.00308	0.01226	0.00410	0.00392

[dist]
# distance from previous block
# <min> <max>
0	4

[block]
# block no. 4 follows, 56 sequences, length 28
# corresponding to MSA columns:
# 252-267,269-280
name=unknown_E
#
# <colnr> <probs for GDERKNQSTAVLIFYWHMCP>
#	G	D	E	R	K	N	Q	S	T	A	V	L	I	F	Y	W	H	M	C	P
0	0.00999	0.00812	0.01343	0.73714	0.02942	0.00982	0.01209	0.01291	0.00962	0.10023	0.00926	0.01261	0.00670	0.00471	0.00459	0.00152	0.00588	0.00414	0.00244	0.00540
1	0.00856	0.00450	0.00459	0.00451	0.00552	0.00454	0.00329	0.02905	0.00959	0.01649	0.01483	0.01840	0.01222	0.09737	0.00547	0.00145	0.00246	0.00454	0.74842	0.00420
2	0.00571	0.00405	0.00529	0.00624	0.00648	0.00381	0.00410	0.00642	0.00856	0.01141	0.02411	0.74670	0.02885	0.10540	0.00779	0.00215	0.00286	0.01235	0.00410	0.00362
3	0.00711	0.00553	0.00842	0.00735	0.00880	0.00511	0.09147	0.00930	0.01229	0.03086	0.61248	0.11141	0.05319	0.00926	0.00545	0.00150	0.00286	0.00842	0.00467	0.00453
4	0.00755	0.00552	0.00680	0.00629	0.00761	0.00534	0.00475	0.09509	0.01336	0.01851	0.59126	0.11277	0.08823	0.00961	0.00537	0.00149	0.00254	0.00841	0.00487	0.00463
5	0.01266	0.55837	0.01938	0.00837	0.01173	0.16877	0.00760	0.04680	0.01067	0.01183	0.01114	0.01176	0.09456	0.00500	0.00352	0.00110	0.00527	0.00342	0.00241	0.00564
6	0.01219	0.64780	0.05361	0.00989	0.01402	0.01672	0.12540	0.05102	0.01015	0.01238	0.00711	0.00837	0.00614	0.00401	0.00345	0.00110	0.00541	0.00301	0.00214	0.00606
7	0.01177	0.17195	0.02135	0.01476	0.06794	0.05645	0.38250	0.07728	0.01110	0.03020	0.00945	0.01303	0.00795	0.09629	0.00671	0.00171	0.00642	0.00465	0.00255	0.00594
8	0.00608	0.00466	0.00629	0.00702	0.00725	0.00487	0.00490	0.00691	0.00860	0.01165	0.02318	0.74449	0.02768	0.01368	0.00688	0.00188	0.09405	0.01205	0.00401	0.00387
9	0.01306	0.01358	0.01283	0.10816	0.01571	0.28093	0.07082	0.05555	0.26709	0.03227	0.07274	0.01420	0.01170	0.00554	0.00460	0.00141	0.00577	0.00451	0.00345	0.00609
10	0.00643	0.00469	0.00604	0.00571	0.00682	0.00430	0.00428	0.00853	0.01284	0.01803	0.75988	0.03491	0.09127	0.00953	0.00542	0.00145	0.00218	0.00839	0.00500	0.00430
11	0.00559	0.00400	0.00533	0.00639	0.00666	0.00373	0.00426	0.00639	0.00879	0.01172	0.02530	0.83566	0.03036	0.01438	0.00586	0.00186	0.00266	0.01305	0.00426	0.00373
12	0.00973	0.00828	0.00963	0.00690	0.01097	0.00633	0.00553	0.03226	0.00984	0.01533	0.00824	0.00956	0.00683	0.00346	0.00343	0.00070	0.00344	0.00276	0.00277	0.84402
13	0.00554	0.00436	0.00501	0.00548	0.00643	0.00383	0.00387	0.00658	0.00980	0.01231	0.06464	0.40219	0.42811	0.01279	0.00562	0.00169	0.00247	0.01116	0.00429	0.00383
14	0.01745	0.01286	0.01378	0.01056	0.01424	0.01424	0.00873	0.79471	0.02159	0.02893	0.01102	0.01102	0.00781	0.00551	0.00459	0.00138	0.00505	0.00413	0.00459	0.00781
15	0.01699	0.01273	0.01410	0.01082	0.01448	0.01404	0.03552	0.73818	0.05144	0.02807	0.01126	0.01131	0.00802	0.00548	0.00462	0.00139	0.00509	0.00422	0.00452	0.00773
16	0.01083	0.01039	0.01644	0.03320	0.24039	0.01261	0.08359	0.01265	0.00861	0.03997	0.00753	0.01087	0.00665	0.00638	0.01062	0.00175	0.47522	0.00419	0.00224	0.00587
17	0.01296	0.01410	0.01044	0.00952	0.01172	0.37849	0.00722	0.01771	0.24404	0.03093	0.10117	0.03057	0.09874	0.00658	0.00461	0.00138	0.00544	0.00510	0.00363	0.00566
18	0.00886	0.00492	0.00640	0.00648	0.00755	0.00446	0.00460	0.00988	0.00983	0.17982	0.05762	0.49768	0.08850	0.08212	0.00703	0.00195	0.00303	0.01027	0.00447	0.00454
19	0.01249	0.10671	0.10353	0.03330	0.22515	0.21236	0.10933	0.02711	0.01070	0.01323	0.00778	0.00997	0.00644	0.00470	0.00553	0.00138	0.09816	0.00371	0.00223	0.00616
20	0.00610	0.00483	0.00597	0.00565	0.00698	0.00428	0.02304	0.00782	0.01167	0.01544	0.42635	0.07481	0.36946	0.01044	0.00544	0.00151	0.00239	0.00904	0.00461	0.00415
21	0.01077	0.04671	0.43020	0.02582	0.07585	0.05865	0.02434	0.09662	0.07996	0.01646	0.08132	0.01273	0.01025	0.00508	0.00448	0.00142	0.00584	0.00410	0.00279	0.00660
22	0.00993	0.00816	0.00972	0.00769	0.04164	0.00652	0.00581	0.02321	0.03949	0.03433	0.02775	0.01090	0.00825	0.00383	0.00358	0.00080	0.00345	0.00312	0.03516	0.71667
23	0.00848	0.00582	0.02097	0.00639	0.00809	0.00515	0.00505	0.02948	0.03091	0.10515	0.49405	0.05409	0.12834	0.00903	0.00524	0.00146	0.00270	0.03657	0.00481	0.03824
24	0.04119	0.15304	0.22507	0.01177	0.01597	0.13043	0.13816	0.06559	0.01095	0.01463	0.02452	0.01025	0.00714	0.00457	0.00465	0.00131	0.04450	0.00363	0.02495	0.06768
25	0.02213	0.00981	0.04307	0.06533	0.33980	0.04465	0.00986	0.02859	0.02376	0.05336	0.14549	0.01703	0.06110	0.00555	0.00456	0.00132	0.00454	0.00491	0.00315	0.11199
26	0.07505	0.02237	0.03167	0.00965	0.05816	0.05341	0.02326	0.12363	0.10771	0.18177	0.07080	0.13719	0.03058	0.00694	0.00464	0.00145	0.00415	0.00582	0.00417	0.04759
27	0.03916	0.09446	0.16870	0.03142	0.01416	0.06170	0.05722	0.05185	0.08638	0.05710	0.07832	0.01331	0.01079	0.00495	0.00419	0.00123	0.00490	0.01556	0.00308	0.20151

[dist]
# distance from previous block
# <min> <max>
0	6

[block]
# block no. 5 follows, 56 sequences, length 22
# corresponding to MSA columns:
# 287-308
name=unknown_F
#
# <colnr> <probs for GDERKNQSTAVLIFYWHMCP>
#	G	D	E	R	K	N	Q	S	T	A	V	L	I	F	Y	W	H	M	C	P
0	0.01082	0.01602	0.40170	0.07667	0.07231	0.02385	0.01256	0.03965	0.01061	0.11044	0.03846	0.01366	0.05670	0.00525	0.00486	0.00142	0.03636	0.00419	0.00281	0.06168
1	0.01330	0.05704	0.17390	0.02609	0.01482	0.29880	0.03609	0.13811	0.04907	0.01603	0.10763	0.01281	0.01123	0.00541	0.00462	0.00134	0.02057	0.00409	0.00303	0.00602
2	0.01310	0.21592	0.16215	0.01168	0.01576	0.17677	0.12807	0.10639	0.04707	0.03527	0.00901	0.02232	0.00716	0.00464	0.00418	0.00128	0.00622	0.00371	0.00267	0.02664
3	0.01240	0.03212	0.11740	0.01072	0.01460	0.03957	0.12054	0.22292	0.09356	0.05518	0.02595	0.01490	0.08305	0.00546	0.00455	0.00133	0.00504	0.00464	0.00354	0.13251
4	0.01079	0.07109	0.40797	0.01407	0.12010	0.04700	0.05119	0.10443	0.01135	0.01570	0.01024	0.05598	0.00869	0.00539	0.00455	0.00145	0.00605	0.04487	0.00257	0.00652
5	0.00559	0.00400	0.00533	0.00639	0.00666	0.00373	0.00426	0.00639	0.00879	0.01172	0.02530	0.83566	0.03036	0.01438	0.00586	0.00186	0.00266	0.01305	0.00426	0.00373
6	0.02441	0.19534	0.10224	0.03069	0.12991	0.09921	0.02941	0.02740	0.13442	0.06593	0.04636	0.01483	0.04601	0.00545	0.00429	0.00135	0.00512	0.02828	0.00308	0.00626
7	0.01156	0.12291	0.34715	0.01029	0.01464	0.06991	0.01102	0.06577	0.03778	0.10813	0.03401	0.10255	0.03274	0.00606	0.00444	0.00142	0.00540	0.00486	0.00308	0.00628
8	0.00573	0.00413	0.00550	0.00645	0.00683	0.00390	0.00443	0.00666	0.00895	0.01193	0.04378	0.72064	0.05603	0.01505	0.04434	0.00211	0.00316	0.04241	0.00419	0.00379
9	0.01044	0.00982	0.01634	0.02418	0.66916	0.00972	0.01232	0.01300	0.01073	0.01519	0.09720	0.01605	0.06536	0.00517	0.00470	0.00138	0.00489	0.00492	0.00271	0.00673
10	0.01120	0.08209	0.55380	0.01323	0.07329	0.02859	0.01451	0.11370	0.01142	0.04374	0.00880	0.00998	0.00637	0.00451	0.00430	0.00140	0.00626	0.00350	0.00244	0.00689
11	0.01677	0.01421	0.01442	0.01192	0.04801	0.15905	0.04686	0.55248	0.01860	0.04270	0.01021	0.01070	0.00746	0.00528	0.00473	0.00136	0.02007	0.00399	0.00397	0.00721
12	0.00571	0.00406	0.00537	0.00638	0.00665	0.00382	0.00427	0.00650	0.00873	0.01162	0.02467	0.76736	0.02949	0.06012	0.00685	0.00202	0.00281	0.03572	0.00418	0.00369
13	0.01087	0.01009	0.04675	0.37119	0.11446	0.01053	0.11901	0.13771	0.01166	0.04216	0.01048	0.07525	0.00867	0.00536	0.00479	0.00151	0.00578	0.00495	0.00280	0.00598
14	0.01237	0.74725	0.05297	0.00829	0.01221	0.05632	0.00823	0.01430	0.03224	0.01120	0.00684	0.00778	0.00612	0.00405	0.00311	0.00103	0.00511	0.00259	0.00206	0.00594
15	0.01209	0.00966	0.01040	0.00913	0.01176	0.01092	0.00716	0.09896	0.62510	0.05955	0.07852	0.01777	0.01552	0.00637	0.00472	0.00152	0.00367	0.00530	0.00474	0.00712
16	0.01039	0.01096	0.02117	0.01512	0.01957	0.00976	0.52771	0.01365	0.01039	0.01479	0.00891	0.01142	0.00691	0.00371	0.00474	0.00126	0.00628	0.00451	0.00246	0.29631
17	0.00933	0.00799	0.00929	0.00670	0.01066	0.00601	0.00535	0.01133	0.00956	0.01484	0.00997	0.01116	0.04466	0.00379	0.00350	0.00072	0.00335	0.00305	0.00279	0.82596
18	0.01118	0.00576	0.00747	0.00643	0.00843	0.00509	0.00504	0.01307	0.01268	0.29031	0.42539	0.02933	0.14415	0.00844	0.00514	0.00145	0.00279	0.00724	0.00515	0.00546
19	0.60291	0.00996	0.00885	0.00738	0.01048	0.01128	0.00608	0.23270	0.01185	0.04993	0.00809	0.00873	0.00598	0.00466	0.00339	0.00141	0.00398	0.00302	0.00343	0.00586
20	0.01487	0.00993	0.01075	0.00837	0.01171	0.06682	0.00675	0.23448	0.01436	0.22429	0.07196	0.01366	0.01118	0.00522	0.00424	0.00118	0.00419	0.00412	0.04594	0.23599
21	0.00558	0.00404	0.00528	0.00627	0.00663	0.00374	0.00421	0.00641	0.00891	0.01177	0.02678	0.78043	0.08464	0.01419	0.00583	0.00184	0.00264	0.01282	0.00426	0.00374

[dist]
# distance from previous block
# <min> <max>
0	9

[block]
# block no. 6 follows, 56 sequences, length 41
# corresponding to MSA columns:
# 325-343,350-371
name=unknown_G
#
# <colnr> <probs for GDERKNQSTAVLIFYWHMCP>
#	G	D	E	R	K	N	Q	S	T	A	V	L	I	F	Y	W	H	M	C	P
0	0.09597	0.00801	0.01037	0.00803	0.01152	0.00721	0.00663	0.03714	0.01284	0.72710	0.01693	0.01481	0.01073	0.00555	0.00446	0.00142	0.00390	0.00442	0.00541	0.00756
1	0.01182	0.01118	0.01657	0.05527	0.58345	0.05697	0.01244	0.01613	0.14055	0.03474	0.01041	0.01227	0.00836	0.00454	0.00455	0.00139	0.00530	0.00422	0.00275	0.00709
2	0.02012	0.00806	0.01076	0.00827	0.01178	0.00717	0.00682	0.07029	0.01366	0.74810	0.03371	0.01572	0.01179	0.00575	0.00463	0.00142	0.00394	0.00466	0.00560	0.00774
3	0.00596	0.00428	0.00565	0.00614	0.00674	0.00397	0.00429	0.00731	0.01048	0.01442	0.34050	0.51278	0.03558	0.01237	0.00568	0.00170	0.00246	0.01114	0.00458	0.00397
4	0.00971	0.00513	0.00681	0.00671	0.00802	0.00461	0.00490	0.01095	0.01052	0.22743	0.11409	0.48467	0.06533	0.01134	0.00545	0.00168	0.00292	0.01008	0.00473	0.00490
5	0.01298	0.01063	0.01873	0.02119	0.42280	0.01032	0.20233	0.01638	0.05573	0.16563	0.01115	0.01274	0.00835	0.00446	0.00478	0.00143	0.00562	0.00458	0.00306	0.00711
