[name]
unknown

[dist]
# distance from previous block
# <min> <max>
0	106

[block]
# block no. 0 follows, 54 sequences, length 23
# corresponding to MSA columns:
# 106-128
name=unknown_A
#
# <colnr> <probs for GDERKNQSTAVLIFYWHMCP>
#	G	D	E	R	K	N	Q	S	T	A	V	L	I	F	Y	W	H	M	C	P
0	0.01047	0.05519	0.01472	0.37054	0.19200	0.07003	0.01143	0.01346	0.05816	0.01299	0.00944	0.03494	0.00789	0.00581	0.00596	0.04790	0.05310	0.00434	0.01595	0.00569
1	0.00641	0.00456	0.00557	0.00587	0.00630	0.00446	0.00388	0.00712	0.00841	0.01117	0.06403	0.24413	0.11183	0.37263	0.09820	0.00361	0.00454	0.03017	0.00357	0.00351
2	0.00720	0.00564	0.00849	0.00805	0.00909	0.00631	0.04680	0.00940	0.04773	0.01146	0.01340	0.04225	0.01277	0.11367	0.62784	0.00649	0.01083	0.00551	0.00272	0.00434
3	0.00578	0.00421	0.00545	0.00635	0.00680	0.00388	0.00430	0.00671	0.00943	0.01248	0.06996	0.71070	0.10815	0.01422	0.00595	0.00186	0.00267	0.01280	0.00442	0.00388
4	0.00652	0.00489	0.00611	0.00613	0.00734	0.00448	0.00477	0.00842	0.01210	0.01624	0.44470	0.06596	0.23886	0.01100	0.00575	0.00165	0.00266	0.14334	0.00480	0.00429
5	0.86760	0.00912	0.00693	0.00620	0.00912	0.01058	0.00511	0.01386	0.00802	0.02115	0.00657	0.00766	0.00511	0.00438	0.00292	0.00146	0.00365	0.00255	0.00292	0.00511
6	0.01731	0.01290	0.01380	0.01072	0.01439	0.01434	0.00881	0.71352	0.09881	0.02873	0.01210	0.01194	0.00865	0.00573	0.00472	0.00143	0.00504	0.00435	0.00472	0.00796
7	0.01761	0.02247	0.01336	0.01215	0.01458	0.81537	0.00911	0.01883	0.01336	0.01154	0.00729	0.00850	0.00607	0.00486	0.00425	0.00121	0.00850	0.00304	0.00243	0.00547
8	0.03972	0.08750	0.01414	0.01160	0.01423	0.69510	0.00891	0.05163	0.01330	0.01254	0.00738	0.00853	0.00613	0.00481	0.00414	0.00121	0.00795	0.00303	0.00251	0.00561
9	0.01206	0.01057	0.01318	0.18165	0.09959	0.06025	0.04347	0.07280	0.33762	0.05521	0.01475	0.04461	0.02143	0.00592	0.00481	0.00154	0.00500	0.00509	0.00375	0.00672
10	0.00917	0.01553	0.34819	0.05297	0.01945	0.00972	0.26219	0.01306	0.01011	0.01423	0.01255	0.18645	0.01176	0.00653	0.00517	0.00162	0.00635	0.00631	0.00263	0.00602
11	0.01241	0.01155	0.01097	0.00989	0.01253	0.10450	0.00765	0.02434	0.70598	0.01878	0.01782	0.01654	0.01343	0.00622	0.00473	0.00155	0.00428	0.00507	0.00452	0.00723
12	0.00934	0.00901	0.01366	0.60273	0.09958	0.05398	0.01203	0.01205	0.00967	0.01231	0.01016	0.09782	0.00898	0.00580	0.00505	0.00158	0.02347	0.00509	0.00237	0.00531
13	0.00685	0.00460	0.00531	0.00531	0.00537	0.00466	0.00307	0.00696	0.00691	0.00927	0.01470	0.03000	0.01677	0.77913	0.07866	0.00478	0.00513	0.00673	0.00283	0.00295
14	0.00923	0.00856	0.01414	0.79342	0.03182	0.01063	0.01294	0.04032	0.00989	0.01269	0.00849	0.01253	0.00635	0.00475	0.00471	0.00157	0.00625	0.00419	0.00219	0.00534
15	0.00630	0.00471	0.00585	0.00586	0.00694	0.00427	0.00434	0.00805	0.01195	0.01618	0.47378	0.17091	0.21635	0.01114	0.00567	0.00160	0.00242	0.03462	0.00484	0.00423
16	0.00574	0.00412	0.00545	0.00651	0.00682	0.00383	0.00435	0.00657	0.00908	0.01206	0.02663	0.80789	0.05410	0.01469	0.00600	0.00191	0.00273	0.01330	0.00438	0.00383
17	0.01129	0.01254	0.11777	0.02166	0.43889	0.01103	0.11390	0.01527	0.07644	0.04018	0.01162	0.01361	0.04229	0.00498	0.00536	0.00150	0.04731	0.00464	0.00269	0.00701
18	0.00558	0.00474	0.00481	0.00487	0.00639	0.00397	0.00363	0.00676	0.01065	0.01270	0.04657	0.08838	0.76073	0.01210	0.00560	0.00161	0.00241	0.01014	0.00438	0.00397
19	0.01413	0.65601	0.02198	0.00846	0.01236	0.05749	0.00804	0.05779	0.01091	0.10320	0.00823	0.00879	0.00680	0.00437	0.00338	0.00109	0.00511	0.00290	0.00262	0.00635
20	0.00907	0.00855	0.01445	0.77407	0.08004	0.01052	0.01318	0.01220	0.00951	0.01225	0.00841	0.01252	0.00636	0.00468	0.00471	0.00156	0.00624	0.00419	0.00211	0.00538
21	0.01091	0.00900	0.01129	0.03055	0.09175	0.00983	0.02646	0.10557	0.33315	0.01821	0.01873	0.06058	0.01699	0.00826	0.00534	0.00174	0.00438	0.22660	0.00427	0.00640
22	0.01187	0.04841	0.38299	0.01231	0.05325	0.05279	0.04405	0.10864	0.01238	0.09105	0.10173	0.03648	0.01202	0.00560	0.00469	0.00146	0.00579	0.00461	0.00317	0.00670

[dist]
# distance from previous block
# <min> <max>
0	6

[block]
# block no. 1 follows, 54 sequences, length 23
# corresponding to MSA columns:
# 135,137-158
name=unknown_B
#
# <colnr> <probs for GDERKNQSTAVLIFYWHMCP>
#	G	D	E	R	K	N	Q	S	T	A	V	L	I	F	Y	W	H	M	C	P
0	0.01055	0.23550	0.41927	0.15184	0.02016	0.01306	0.02943	0.04356	0.01025	0.01398	0.00807	0.00988	0.00615	0.00444	0.00417	0.00138	0.00629	0.00342	0.00213	0.00645
1	0.00580	0.00415	0.00552	0.00653	0.00685	0.00387	0.00438	0.00670	0.00928	0.01244	0.07175	0.78430	0.03197	0.01447	0.00599	0.00189	0.00271	0.01312	0.00442	0.00387
2	0.01123	0.05041	0.04993	0.06143	0.03888	0.04914	0.00775	0.15435	0.08432	0.05791	0.22356	0.02212	0.10767	0.01621	0.00563	0.00152	0.04196	0.00597	0.00410	0.00592
3	0.00604	0.00472	0.00538	0.00535	0.00656	0.00416	0.00390	0.00747	0.01121	0.01452	0.29727	0.11421	0.42573	0.06421	0.00679	0.00178	0.00251	0.00960	0.00455	0.00405
4	0.00744	0.06319	0.07477	0.00736	0.00904	0.00700	0.00636	0.00941	0.01037	0.01429	0.28965	0.02709	0.15299	0.04602	0.18551	0.00298	0.07151	0.00675	0.00365	0.00463
5	0.01139	0.52284	0.32833	0.01014	0.01531	0.01568	0.01168	0.01443	0.00973	0.01258	0.00729	0.00849	0.00602	0.00421	0.00359	0.00120	0.00579	0.00289	0.00201	0.00641
6	0.01331	0.60768	0.02116	0.00892	0.01240	0.19000	0.00815	0.01477	0.01027	0.01118	0.00710	0.00847	0.00642	0.00622	0.05545	0.00147	0.00628	0.00280	0.00214	0.00581
7	0.10908	0.00974	0.01431	0.06243	0.33353	0.00928	0.04038	0.01442	0.01038	0.09663	0.00946	0.01121	0.00741	0.00421	0.00418	0.00123	0.00475	0.00372	0.00288	0.25078
8	0.01152	0.01307	0.03179	0.10022	0.03005	0.31939	0.03860	0.01367	0.02136	0.01434	0.24327	0.02166	0.07490	0.00705	0.00495	0.00143	0.00564	0.03854	0.00343	0.00513
9	0.00912	0.02245	0.73019	0.01263	0.01904	0.01028	0.01608	0.01421	0.01014	0.01496	0.04197	0.01306	0.05514	0.00513	0.00459	0.00150	0.00651	0.00407	0.00226	0.00669
10	0.00663	0.00486	0.00706	0.00722	0.00790	0.00545	0.00541	0.00798	0.00771	0.01091	0.01466	0.13889	0.01496	0.09091	0.62081	0.02504	0.01039	0.00639	0.00281	0.00401
11	0.01386	0.11891	0.08422	0.01105	0.03517	0.20954	0.00920	0.11715	0.31781	0.01735	0.01247	0.01248	0.00958	0.00540	0.00440	0.00139	0.00558	0.00409	0.00354	0.00682
12	0.01375	0.01256	0.11954	0.07698	0.12824	0.01088	0.21475	0.10589	0.05033	0.18536	0.01175	0.01294	0.00837	0.00492	0.00512	0.00151	0.02197	0.00464	0.00342	0.00708
13	0.04817	0.18181	0.14188	0.08093	0.07327	0.01090	0.06874	0.05099	0.02435	0.06178	0.01304	0.19862	0.01254	0.00687	0.00461	0.00149	0.00505	0.00593	0.00306	0.00594
14	0.08414	0.16158	0.60668	0.01190	0.01802	0.01223	0.01476	0.01470	0.00972	0.01482	0.00797	0.00935	0.00591	0.00439	0.00410	0.00141	0.00635	0.00324	0.00208	0.00665
15	0.00575	0.00482	0.00503	0.00507	0.00660	0.00409	0.00386	0.00706	0.01091	0.01318	0.09160	0.04521	0.71387	0.01186	0.00562	0.00162	0.00249	0.05290	0.00442	0.00403
16	0.00993	0.03241	0.01617	0.42220	0.11892	0.01097	0.11462	0.02333	0.00991	0.02857	0.01128	0.01443	0.06226	0.00548	0.00606	0.00159	0.09906	0.00473	0.00243	0.00567
17	0.02190	0.19777	0.04069	0.15389	0.13591	0.14341	0.07707	0.06422	0.03296	0.01381	0.00840	0.01067	0.00688	0.00529	0.00526	0.05285	0.01687	0.00374	0.00244	0.00598
18	0.00681	0.00484	0.00587	0.00624	0.00676	0.00470	0.00415	0.05095	0.00952	0.01267	0.07308	0.45086	0.07421	0.25394	0.01116	0.00262	0.00336	0.01044	0.00400	0.00383
19	0.00622	0.00458	0.00582	0.00597	0.00688	0.00418	0.00430	0.00785	0.01159	0.01583	0.44619	0.29219	0.14772	0.01161	0.00571	0.00164	0.00241	0.01029	0.00481	0.00418
20	0.08603	0.02972	0.01377	0.03411	0.03445	0.30426	0.06045	0.21751	0.04866	0.08331	0.01124	0.01183	0.03332	0.00531	0.00446	0.00137	0.00624	0.00400	0.00349	0.00646
21	0.11872	0.00914	0.01905	0.02188	0.02210	0.04434	0.00766	0.18284	0.10133	0.01913	0.06145	0.05061	0.01809	0.00874	0.00523	0.00174	0.00447	0.29357	0.00417	0.00572
22	0.05560	0.00616	0.00674	0.08160	0.00978	0.02740	0.00523	0.05471	0.01078	0.01395	0.03285	0.24201	0.41409	0.01102	0.00537	0.00165	0.00324	0.00937	0.00405	0.00440

[dist]
# distance from previous block
# <min> <max>
1	76

[block]
# block no. 2 follows, 54 sequences, length 45
# corresponding to MSA columns:
# 245-289
name=unknown_C
#
# <colnr> <probs for GDERKNQSTAVLIFYWHMCP>
#	G	D	E	R	K	N	Q	S	T	A	V	L	I	F	Y	W	H	M	C	P
0	0.00795	0.00589	0.00751	0.00799	0.05614	0.00576	0.00546	0.07020	0.04028	0.03477	0.26508	0.29188	0.12622	0.02454	0.02655	0.00184	0.00325	0.00938	0.00451	0.00481
1	0.00795	0.00582	0.00698	0.00687	0.02663	0.00559	0.00501	0.01130	0.12248	0.06234	0.34220	0.11164	0.24710	0.00998	0.00543	0.00157	0.00272	0.00863	0.00480	0.00496
2	0.01609	0.01198	0.01324	0.04176	0.01460	0.01269	0.00843	0.59307	0.01911	0.04393	0.01081	0.01118	0.00784	0.00521	0.00448	0.00129	0.00488	0.00398	0.00427	0.17115
3	0.02106	0.00817	0.01103	0.00846	0.01211	0.00714	0.00699	0.04436	0.01374	0.78642	0.01840	0.01592	0.01157	0.00583	0.00474	0.00146	0.00404	0.00473	0.00580	0.00802
4	0.00682	0.00472	0.00587	0.00587	0.00612	0.00497	0.00377	0.00733	0.00707	0.00968	0.01419	0.02716	0.01554	0.59481	0.26128	0.00547	0.00699	0.00632	0.00276	0.00326
5	0.82137	0.00906	0.00715	0.00632	0.00928	0.01038	0.00521	0.01436	0.00832	0.06414	0.00722	0.00812	0.00546	0.00446	0.00302	0.00146	0.00367	0.00267	0.00308	0.00527
6	0.00587	0.00463	0.00529	0.00545	0.00663	0.00406	0.00397	0.00722	0.01097	0.01403	0.22025	0.22161	0.44920	0.01204	0.00567	0.00164	0.00243	0.01040	0.00457	0.00406
7	0.00625	0.00466	0.00627	0.00644	0.00729	0.00429	0.02210	0.00777	0.01107	0.01511	0.35991	0.40369	0.10329	0.01208	0.00577	0.00169	0.00260	0.01084	0.00468	0.00417
8	0.86760	0.00912	0.00693	0.00620	0.00912	0.01058	0.00511	0.01386	0.00802	0.02115	0.00657	0.00766	0.00511	0.00438	0.00292	0.00146	0.00365	0.00255	0.00292	0.00511
9	0.00686	0.00457	0.00514	0.00514	0.00514	0.00457	0.00286	0.00686	0.00686	0.00914	0.01486	0.03086	0.01714	0.83430	0.02400	0.00457	0.00457	0.00686	0.00286	0.00286
10	0.00626	0.00480	0.00572	0.00549	0.00679	0.00427	0.00412	0.00809	0.01236	0.01657	0.51604	0.03907	0.33231	0.01051	0.00557	0.00152	0.00229	0.00907	0.00488	0.00427
11	0.00953	0.00907	0.01552	0.63899	0.19127	0.01066	0.03318	0.01262	0.00974	0.01282	0.00851	0.01239	0.00655	0.00459	0.00473	0.00154	0.00619	0.00423	0.00215	0.00573
12	0.00680	0.00455	0.00516	0.00521	0.00523	0.00454	0.00293	0.00684	0.00696	0.00928	0.01540	0.06977	0.01782	0.79445	0.02312	0.00444	0.00448	0.00718	0.00293	0.00290
13	0.00586	0.00418	0.00560	0.00669	0.00702	0.00393	0.00457	0.00676	0.00914	0.01216	0.02593	0.78408	0.03094	0.01467	0.00605	0.00193	0.00283	0.05943	0.00437	0.00386
14	0.00946	0.02439	0.80987	0.01344	0.02041	0.01095	0.01742	0.01493	0.00995	0.01493	0.00846	0.00995	0.00597	0.00448	0.00448	0.00149	0.00697	0.00348	0.00199	0.00697
15	0.76958	0.00959	0.00776	0.00674	0.00975	0.01104	0.00555	0.10330	0.00966	0.02214	0.00711	0.00808	0.00544	0.00452	0.00313	0.00145	0.00383	0.00275	0.00313	0.00544
16	0.00674	0.00503	0.00746	0.00746	0.00826	0.00583	0.00575	0.00834	0.00754	0.01086	0.01274	0.01912	0.01205	0.07393	0.77739	0.00743	0.01224	0.00514	0.00254	0.00414
17	0.00674	0.00505	0.00758	0.00758	0.00842	0.00589	0.00589	0.00842	0.00758	0.01095	0.01263	0.01852	0.01179	0.03536	0.81561	0.00758	0.01263	0.00505	0.00253	0.00421
18	0.00579	0.00459	0.00524	0.00568	0.00677	0.00403	0.00415	0.00694	0.01020	0.01270	0.05256	0.31883	0.46824	0.01296	0.00579	0.00174	0.00264	0.06280	0.00439	0.00396
19	0.00591	0.00510	0.00512	0.00524	0.00671	0.02034	0.00392	0.00711	0.01065	0.01271	0.04411	0.11463	0.68750	0.01209	0.00562	0.00164	0.00262	0.04061	0.00434	0.00401
20	0.00579	0.00413	0.00552	0.00662	0.00691	0.00387	0.00445	0.00664	0.00907	0.01209	0.02596	0.81293	0.03109	0.01473	0.00603	0.00192	0.00277	0.03126	0.00438	0.00384
21	0.00635	0.00481	0.00585	0.00559	0.00685	0.00431	0.00419	0.00827	0.01258	0.01710	0.58077	0.03820	0.26725	0.01032	0.00556	0.00152	0.00227	0.00895	0.00495	0.00431
22	0.01173	0.01013	0.01066	0.00960	0.01226	0.01173	0.00746	0.02505	0.79636	0.01972	0.01919	0.01759	0.01439	0.00640	0.00480	0.00160	0.00373	0.00533	0.00480	0.00746
23	0.01150	0.01103	0.01883	0.07822	0.75695	0.01116	0.01439	0.01432	0.01065	0.01520	0.00884	0.01173	0.00740	0.00423	0.00467	0.00141	0.00564	0.00420	0.00232	0.00733
24	0.00890	0.00838	0.01414	0.82296	0.03247	0.01048	0.01309	0.01205	0.00943	0.01205	0.00838	0.01257	0.00629	0.00471	0.00471	0.00157	0.00629	0.00419	0.00210	0.00524
25	0.02247	0.00936	0.01404	0.53293	0.13172	0.03357	0.01203	0.01414	0.10616	0.01366	0.00980	0.01291	0.00755	0.00500	0.00504	0.00155	0.03551	0.00428	0.02248	0.00579
26	0.01007	0.00900	0.01465	0.34148	0.33152	0.00999	0.01199	0.02716	0.01011	0.01429	0.00977	0.02450	0.00799	0.00586	0.03162	0.00166	0.02616	0.00438	0.10177	0.00601
27	0.00784	0.00490	0.00588	0.00553	0.00686	0.00451	0.00419	0.00987	0.01213	0.06344	0.45339	0.03155	0.15402	0.00880	0.00498	0.00141	0.00235	0.00756	0.20620	0.00457
28	0.09144	0.00830	0.01072	0.00830	0.01189	0.00751	0.00685	0.04999	0.01335	0.71447	0.01734	0.01518	0.01099	0.00571	0.00459	0.00146	0.00402	0.00454	0.00555	0.00778
29	0.00846	0.00584	0.00771	0.00705	0.00805	0.00611	0.00538	0.01013	0.01137	0.08272	0.46404	0.04325	0.03139	0.13013	0.00963	0.00205	0.11873	0.03893	0.00441	0.00460
30	0.00562	0.00473	0.00487	0.00494	0.00642	0.00398	0.00367	0.00681	0.01069	0.01287	0.06821	0.10392	0.72299	0.01209	0.00561	0.00161	0.00241	0.01017	0.00440	0.00398
31	0.80956	0.03782	0.00779	0.03326	0.00999	0.01085	0.00547	0.01381	0.00812	0.02050	0.00662	0.00782	0.00518	0.00438	0.00298	0.00145	0.00378	0.00261	0.00286	0.00514
32	0.01077	0.01015	0.01290	0.05366	0.07993	0.07654	0.00961	0.05552	0.00964	0.02608	0.01072	0.05664	0.01054	0.00987	0.06345	0.00222	0.38727	0.09396	0.00275	0.01778
33	0.01029	0.01078	0.04070	0.01241	0.01264	0.01433	0.01055	0.01147	0.00731	0.01147	0.00626	0.01030	0.00618	0.00813	0.01511	0.00204	0.79863	0.00411	0.00206	0.00522
34	0.01012	0.00831	0.00902	0.00828	0.01042	0.00913	0.00636	0.10349	0.40542	0.01794	0.02435	0.14456	0.16352	0.01004	0.04519	0.00192	0.00393	0.00727	0.00453	0.00617
35	0.00567	0.00476	0.00494	0.00499	0.00648	0.00402	0.00373	0.00692	0.01080	0.01305	0.08615	0.08337	0.71308	0.01198	0.00561	0.00161	0.00243	0.02200	0.00442	0.00400
36	0.00674	0.00505	0.00758	0.00758	0.00842	0.00589	0.00589	0.00842	0.00758	0.01095	0.01263	0.01852	0.01179	0.03536	0.81561	0.00758	0.01263	0.00505	0.00253	0.00421
37	0.01169	0.01088	0.01660	0.02314	0.56729	0.01136	0.01237	0.01764	0.24623	0.01670	0.01196	0.01344	0.00954	0.00486	0.00471	0.00146	0.00504	0.00454	0.00307	0.00747
38	0.00575	0.00490	0.00496	0.00493	0.00653	0.00418	0.00370	0.00726	0.02914	0.01310	0.07204	0.04439	0.75952	0.01174	0.00555	0.00159	0.00241	0.00980	0.00442	0.00408
39	0.01016	0.02019	0.55613	0.01822	0.25564	0.01105	0.03300	0.01480	0.01021	0.01508	0.00861	0.01053	0.00645	0.00439	0.00456	0.00147	0.00658	0.00374	0.00210	0.00711
40	0.01246	0.78582	0.02407	0.00834	0.01212	0.01840	0.00821	0.01395	0.00943	0.01111	0.00653	0.00773	0.00606	0.00430	0.00380	0.00107	0.05597	0.00262	0.00202	0.00600
41	0.01148	0.00991	0.01043	0.00940	0.01203	0.01142	0.00731	0.02432	0.76497	0.01944	0.02033	0.01870	0.04590	0.00662	0.00483	0.00160	0.00368	0.00552	0.00478	0.00732
42	0.01492	0.01006	0.03171	0.00908	0.01207	0.02120	0.00749	0.28474	0.12349	0.20533	0.16131	0.01856	0.03675	0.00671	0.00511	0.00148	0.02169	0.00541	0.01590	0.00701
43	0.00767	0.00564	0.00755	0.00843	0.00963	0.00568	0.00725	0.01042	0.05848	0.01431	0.02611	0.06997	0.07660	0.01260	0.00634	0.00209	0.00414	0.65824	0.00437	0.00449
44	0.00589	0.00477	0.00512	0.00504	0.00643	0.00412	0.00372	0.00722	0.01104	0.01380	0.20399	0.04231	0.59303	0.06460	0.00676	0.00176	0.00249	0.00945	0.00445	0.00401

[dist]
# distance from previous block
# <min> <max>
6	10

[block]
# block no. 3 follows, 54 sequences, length 47
# corresponding to MSA columns:
# 301-325,363-384
name=unknown_D
#
# <colnr> <probs for GDERKNQSTAVLIFYWHMCP>
#	G	D	E	R	K	N	Q	S	T	A	V	L	I	F	Y	W	H	M	C	P
0	0.00968	0.00781	0.01079	0.04108	0.01212	0.02136	0.10489	0.03348	0.08875	0.07693	0.12607	0.14388	0.14059	0.00807	0.00527	0.00147	0.01882	0.00715	0.00399	0.13781
1	0.00945	0.00744	0.00857	0.00735	0.00935	0.03836	0.03318	0.06653	0.04703	0.04567	0.04954	0.11790	0.08767	0.23162	0.00998	0.00221	0.00407	0.02144	0.00359	0.19905
2	0.01114	0.01160	0.01404	0.01214	0.01245	0.10955	0.00998	0.01223	0.00802	0.01154	0.00657	0.01030	0.00633	0.00777	0.01381	0.00194	0.70613	0.00400	0.02527	0.00517
3	0.01067	0.00867	0.01056	0.02537	0.01216	0.00689	0.02563	0.04375	0.01048	0.05428	0.00902	0.01028	0.00724	0.00373	0.00368	0.00081	0.00376	0.00305	0.00299	0.74697
4	0.01111	0.52223	0.04051	0.00853	0.01154	0.05339	0.02240	0.01263	0.00936	0.01135	0.00974	0.10427	0.00983	0.03096	0.08543	0.00194	0.04259	0.00432	0.00239	0.00549
5	0.00946	0.02439	0.80987	0.01344	0.02041	0.01095	0.01742	0.01493	0.00995	0.01493	0.00846	0.00995	0.00597	0.00448	0.00448	0.00149	0.00697	0.00348	0.00199	0.00697
6	0.01207	0.05380	0.08151	0.01453	0.01893	0.01105	0.39587	0.07253	0.04289	0.07865	0.01063	0.02820	0.00815	0.00460	0.00508	0.00142	0.02103	0.00480	0.00297	0.13128
7	0.00910	0.00860	0.01441	0.75035	0.07105	0.01067	0.01305	0.01214	0.00941	0.01219	0.00832	0.01244	0.00634	0.00483	0.00514	0.00158	0.03874	0.00419	0.00211	0.00535
8	0.00674	0.00505	0.00758	0.00758	0.00842	0.00589	0.00589	0.00842	0.00758	0.01095	0.01263	0.01852	0.01179	0.03536	0.81561	0.00758	0.01263	0.00505	0.00253	0.00421
9	0.00712	0.00557	0.00797	0.00916	0.10869	0.00526	0.01792	0.00898	0.01157	0.01611	0.44071	0.22682	0.06207	0.04289	0.00629	0.00171	0.00297	0.00911	0.00446	0.00463
10	0.01145	0.01097	0.01873	0.09312	0.74245	0.01114	0.01436	0.01427	0.01063	0.01513	0.00883	0.01174	0.00737	0.00424	0.00467	0.00141	0.00566	0.00420	0.00231	0.00729
11	0.00750	0.00540	0.00746	0.00849	0.00960	0.00536	0.00740	0.00962	0.01085	0.01404	0.02607	0.05281	0.06474	0.01297	0.00647	0.00214	0.00425	0.73616	0.00434	0.00432
12	0.00685	0.00458	0.00521	0.00521	0.00523	0.00461	0.00294	0.00690	0.00688	0.00919	0.01480	0.03052	0.01700	0.81251	0.04559	0.00465	0.00479	0.00681	0.00285	0.00289
13	0.01121	0.01198	0.02305	0.01707	0.02107	0.04324	0.58174	0.06253	0.03115	0.01570	0.01198	0.07112	0.01036	0.00554	0.00554	0.00163	0.00709	0.05898	0.00286	0.00614
14	0.03341	0.01586	0.01336	0.01099	0.01414	0.30855	0.00874	0.38171	0.01728	0.11430	0.01048	0.01075	0.00764	0.00543	0.00478	0.00136	0.02653	0.00383	0.00391	0.00696
15	0.00577	0.00478	0.00506	0.00499	0.00649	0.00407	0.00374	0.00716	0.01122	0.01387	0.18642	0.04351	0.66361	0.01152	0.00557	0.00157	0.00236	0.00969	0.00453	0.00407
16	0.01261	0.83713	0.02471	0.00807	0.01210	0.01866	0.00807	0.01412	0.00958	0.01109	0.00656	0.00756	0.00605	0.00403	0.00303	0.00101	0.00504	0.00252	0.00202	0.00605
17	0.00586	0.00419	0.00560	0.00670	0.00702	0.00393	0.00458	0.00676	0.00914	0.01216	0.02592	0.78299	0.03093	0.01466	0.00605	0.00193	0.00284	0.06050	0.00437	0.00386
18	0.01602	0.01229	0.01404	0.18019	0.05496	0.06846	0.00991	0.47021	0.01761	0.09323	0.01096	0.01182	0.00782	0.00536	0.00468	0.00144	0.00556	0.00419	0.00400	0.00724
19	0.01728	0.01289	0.01379	0.01072	0.01438	0.01432	0.00881	0.70964	0.10274	0.02868	0.01214	0.01197	0.00868	0.00574	0.00473	0.00143	0.00504	0.00436	0.00473	0.00796
20	0.01761	0.02247	0.01336	0.01215	0.01458	0.81537	0.00911	0.01883	0.01336	0.01154	0.00729	0.00850	0.00607	0.00486	0.00425	0.00121	0.00850	0.00304	0.00243	0.00547
21	0.00686	0.00457	0.00514	0.00514	0.00514	0.00457	0.00286	0.00686	0.00686	0.00914	0.01486	0.03086	0.01714	0.83430	0.02400	0.00457	0.00457	0.00686	0.00286	0.00286
22	0.00674	0.00505	0.00758	0.00758	0.00842	0.00589	0.00589	0.00842	0.00758	0.01095	0.01263	0.01852	0.01179	0.03536	0.81561	0.00758	0.01263	0.00505	0.00253	0.00421
23	0.00684	0.00464	0.00548	0.00548	0.00560	0.00475	0.00328	0.00707	0.00696	0.00939	0.01455	0.02914	0.01640	0.72348	0.13380	0.00499	0.00569	0.00661	0.00281	0.00304
24	0.01760	0.01289	0.01380	0.01062	0.01429	0.01425	0.00876	0.76124	0.02173	0.02928	0.01147	0.01154	0.00816	0.00565	0.00467	0.00140	0.00508	0.00425	0.03542	0.00789
25	0.00674	0.00505	0.00758	0.00758	0.00842	0.00589	0.00589	0.00842	0.00758	0.01095	0.01263	0.01852	0.01179	0.03536	0.81561	0.00758	0.01263	0.00505	0.00253	0.00421
26	0.01792	0.01321	0.01415	0.01085	0.01462	0.01462	0.00896	0.78916	0.02217	0.02972	0.01132	0.01132	0.00802	0.00566	0.00472	0.00142	0.00519	0.00425	0.00472	0.00802
27	0.00674	0.00505	0.00758	0.00758	0.00842	0.00589	0.00589	0.00842	0.00758	0.01095	0.01263	0.01852	0.01179	0.03536	0.81561	0.00758	0.01263	0.00505	0.00253	0.00421
28	0.01261	0.83713	0.02471	0.00807	0.01210	0.01866	0.00807	0.01412	0.00958	0.01109	0.00656	0.00756	0.00605	0.00403	0.00303	0.00101	0.00504	0.00252	0.00202	0.00605
29	0.00590	0.00440	0.00550	0.00614	0.00686	0.00400	0.00432	0.00705	0.01008	0.01323	0.13975	0.51537	0.20763	0.01335	0.00587	0.00179	0.00264	0.03766	0.00449	0.00397
30	0.01230	0.01041	0.01099	0.00971	0.01248	0.01200	0.00760	0.09592	0.72456	0.02065	0.01846	0.01701	0.01380	0.00633	0.00479	0.00158	0.00387	0.00523	0.00479	0.00751
31	0.00990	0.00980	0.01489	0.27178	0.01930	0.01307	0.04302	0.01172	0.00809	0.01172	0.00703	0.01113	0.00626	0.00695	0.01163	0.00189	0.53029	0.00421	0.00209	0.00523
32	0.01265	0.01059	0.01118	0.00978	0.01261	0.01216	0.00769	0.13882	0.68110	0.02121	0.01802	0.01666	0.01344	0.00629	0.00479	0.00157	0.00395	0.00517	0.00479	0.00755
33	0.00585	0.00415	0.00544	0.00643	0.00668	0.00390	0.00424	0.00659	0.00883	0.01177	0.02496	0.75699	0.02988	0.09078	0.00769	0.00216	0.00291	0.01280	0.00424	0.00374
34	0.01113	0.01272	0.02782	0.01987	0.02464	0.01192	0.78776	0.01510	0.01113	0.01510	0.00954	0.01272	0.00715	0.00397	0.00556	0.00159	0.00795	0.00556	0.00238	0.00636
35	0.00975	0.00824	0.01004	0.04129	0.01123	0.05032	0.00748	0.12201	0.03076	0.01505	0.08282	0.02148	0.03911	0.03045	0.28155	0.00375	0.14122	0.08508	0.00329	0.00510
36	0.01761	0.02247	0.01336	0.01215	0.01458	0.81537	0.00911	0.01883	0.01336	0.01154	0.00729	0.00850	0.00607	0.00486	0.00425	0.00121	0.00850	0.00304	0.00243	0.00547
37	0.00751	0.00671	0.06858	0.00819	0.00955	0.00562	0.00703	0.04436	0.01071	0.01436	0.05323	0.33319	0.02654	0.01242	0.00600	0.00194	0.00387	0.35644	0.01923	0.00453
38	0.01797	0.01062	0.01227	0.00968	0.01318	0.01109	0.00793	0.36552	0.14017	0.32130	0.01556	0.01489	0.01076	0.00598	0.00477	0.00147	0.00450	0.01931	0.00514	0.00786
39	0.04298	0.00938	0.06799	0.00803	0.01142	0.02086	0.00691	0.05986	0.02922	0.18829	0.06288	0.03874	0.06720	0.00665	0.02658	0.00140	0.03130	0.00468	0.01581	0.29980
40	0.01033	0.00836	0.00983	0.00705	0.01122	0.00632	0.00565	0.01241	0.00996	0.05379	0.00888	0.01008	0.00721	0.00361	0.00355	0.00074	0.00352	0.00289	0.00294	0.82168
41	0.01065	0.00958	0.01613	0.37787	0.32548	0.01050	0.05035	0.01394	0.04501	0.04531	0.00973	0.01321	0.00770	0.00503	0.00514	0.02476	0.00581	0.01505	0.00250	0.00626
42	0.04421	0.00957	0.01317	0.04829	0.09583	0.07509	0.11136	0.01215	0.02021	0.03006	0.01037	0.01605	0.00964	0.16854	0.10183	0.00286	0.18024	0.00485	0.04060	0.00510
43	0.04022	0.00485	0.00548	0.00548	0.00668	0.00441	0.00398	0.00771	0.01096	0.01471	0.28337	0.15010	0.36425	0.06858	0.00681	0.00180	0.00259	0.00947	0.00448	0.00408
44	0.27268	0.00881	0.01122	0.01310	0.23540	0.00888	0.02146	0.02519	0.01040	0.11190	0.05357	0.03041	0.09757	0.01678	0.00450	0.00146	0.00412	0.00474	0.00341	0.06442
45	0.01288	0.02948	0.05225	0.04494	0.01354	0.08477	0.00769	0.17249	0.03277	0.07352	0.03088	0.02626	0.00894	0.00478	0.00413	0.00110	0.00464	0.00375	0.00342	0.38779
46	0.03087	0.29164	0.08810	0.05907	0.05387	0.12350	0.00918	0.03457	0.04534	0.12763	0.02528	0.01232	0.03965	0.00535	0.00450	0.01630	0.01978	0.00380	0.00300	0.00625

[dist]
# distance from previous block
# <min> <max>
4	65

[block]
# block no. 4 follows, 54 sequences, length 22
# corresponding to MSA columns:
# 459-480
name=unknown_E
#
# <colnr> <probs for GDERKNQSTAVLIFYWHMCP>
#	G	D	E	R	K	N	Q	S	T	A	V	L	I	F	Y	W	H	M	C	P
0	0.02730	0.01125	0.10928	0.15230	0.15882	0.06273	0.05786	0.01344	0.06424	0.01411	0.02564	0.01490	0.04196	0.01055	0.15101	0.00254	0.00694	0.00457	0.02345	0.04713
1	0.05131	0.02022	0.03118	0.05123	0.03997	0.02871	0.07014	0.01169	0.07865	0.02786	0.21498	0.13262	0.09523	0.03488	0.00585	0.00170	0.00393	0.07225	0.02257	0.00504
2	0.01167	0.31850	0.14910	0.01006	0.01353	0.09755	0.02730	0.01508	0.08864	0.02645	0.06190	0.01305	0.01034	0.00659	0.03444	0.00159	0.08049	0.02497	0.00270	0.00602
3	0.00673	0.00488	0.00680	0.00684	0.00741	0.00544	0.00496	0.00790	0.00742	0.01046	0.01376	0.05148	0.01404	0.26614	0.55694	0.00650	0.00994	0.00588	0.00269	0.00380
4	0.49172	0.00973	0.06516	0.00745	0.01080	0.00927	0.00657	0.03095	0.01035	0.25898	0.05014	0.01180	0.00917	0.00511	0.00375	0.00146	0.00395	0.00361	0.00388	0.00614
5	0.00655	0.00500	0.00577	0.00565	0.00672	0.00472	0.00402	0.00843	0.04972	0.01414	0.27172	0.06748	0.29647	0.18595	0.04502	0.00246	0.00333	0.00854	0.00425	0.00407
6	0.00890	0.00824	0.01379	0.74491	0.05521	0.01016	0.01260	0.01195	0.00941	0.01225	0.00874	0.01290	0.00669	0.00592	0.03656	0.00179	0.00641	0.00423	0.02407	0.00525
7	0.12083	0.01304	0.01245	0.01010	0.01343	0.10699	0.00818	0.45841	0.12058	0.04244	0.01166	0.01220	0.00868	0.00560	0.00446	0.00142	0.00512	0.01785	0.00422	0.02231
8	0.01223	0.04271	0.02565	0.01220	0.12376	0.20488	0.04163	0.10725	0.03459	0.01666	0.15958	0.01745	0.05025	0.00682	0.02171	0.00150	0.02738	0.00504	0.08289	0.00581
9	0.01176	0.00950	0.01076	0.00791	0.01188	0.00835	0.00637	0.20867	0.01284	0.01883	0.00930	0.01075	0.00753	0.02689	0.00437	0.00099	0.00395	0.00327	0.00328	0.62281
10	0.01240	0.01469	0.07426	0.24950	0.01976	0.26863	0.02411	0.01451	0.01023	0.02819	0.00766	0.01053	0.00629	0.00573	0.00753	0.00159	0.23286	0.00378	0.00227	0.00549
11	0.00986	0.02419	0.04638	0.31275	0.22014	0.03131	0.03940	0.02590	0.03166	0.01318	0.01014	0.06261	0.00886	0.00808	0.05212	0.08449	0.00608	0.00479	0.00245	0.00559
12	0.00956	0.00904	0.01516	0.54604	0.26084	0.01037	0.01303	0.01250	0.00988	0.01308	0.01049	0.01394	0.04638	0.00492	0.00474	0.00152	0.00589	0.00448	0.00228	0.00584
13	0.00686	0.00457	0.00514	0.00514	0.00514	0.00457	0.00286	0.00686	0.00686	0.00914	0.01486	0.03086	0.01714	0.83430	0.02400	0.00457	0.00457	0.00686	0.00286	0.00286
14	0.00664	0.00482	0.00625	0.00590	0.00702	0.00443	0.00442	0.00883	0.01326	0.01871	0.77849	0.03554	0.06852	0.00971	0.00556	0.00149	0.00223	0.00857	0.00516	0.00443
15	0.00819	0.00410	0.00614	0.00614	0.00614	0.00410	0.00410	0.00614	0.00614	0.00819	0.00819	0.01433	0.00819	0.01638	0.01843	0.86282	0.00410	0.00410	0.00205	0.00205
16	0.01761	0.02247	0.01336	0.01215	0.01458	0.81537	0.00911	0.01883	0.01336	0.01154	0.00729	0.00850	0.00607	0.00486	0.00425	0.00121	0.00850	0.00304	0.00243	0.00547
17	0.01590	0.06614	0.05455	0.01046	0.03461	0.07712	0.00860	0.33717	0.09006	0.16442	0.01379	0.08242	0.01086	0.00627	0.00468	0.00144	0.00499	0.00497	0.00433	0.00720
18	0.00858	0.00763	0.01058	0.00953	0.00978	0.00997	0.00754	0.00960	0.00725	0.01079	0.00980	0.01681	0.01001	0.18036	0.25201	0.00418	0.42388	0.00494	0.00236	0.00442
19	0.00593	0.00435	0.00583	0.00680	0.00706	0.00426	0.00462	0.00676	0.00895	0.01201	0.02519	0.79812	0.03018	0.01451	0.00640	0.00192	0.03591	0.01303	0.00428	0.00388
20	0.00574	0.00414	0.00543	0.00647	0.00681	0.00384	0.00433	0.00658	0.00912	0.01207	0.02718	0.78835	0.07329	0.01462	0.00599	0.00190	0.00272	0.01322	0.00438	0.00384
21	0.01395	0.01254	0.05103	0.05516	0.28146	0.03829	0.09555	0.27062	0.03159	0.05513	0.01050	0.02366	0.00810	0.00509	0.00505	0.00146	0.02574	0.00447	0.00334	0.00726

[dist]
# distance from previous block
# <min> <max>
3	5

[block]
# block no. 5 follows, 54 sequences, length 68
# corresponding to MSA columns:
# 487-554
name=unknown_F
#
# <colnr> <probs for GDERKNQSTAVLIFYWHMCP>
#	G	D	E	R	K	N	Q	S	T	A	V	L	I	F	Y	W	H	M	C	P
0	0.14188	0.09199	0.03598	0.04026	0.25332	0.02382	0.00980	0.12348	0.03101	0.09184	0.02693	0.01225	0.02356	0.00510	0.00470	0.00140	0.03942	0.00401	0.01827	0.02096
1	0.00936	0.21893	0.07027	0.00933	0.05539	0.02579	0.03137	0.03325	0.01073	0.01389	0.13836	0.02291	0.21819	0.00874	0.04033	0.00170	0.07699	0.00591	0.00325	0.00532
2	0.00598	0.00429	0.00570	0.00666	0.00710	0.00402	0.00465	0.00703	0.00956	0.01276	0.08548	0.68031	0.05271	0.01415	0.00602	0.00190	0.00283	0.08048	0.00444	0.00393
3	0.01022	0.01025	0.01296	0.01141	0.01165	0.07092	0.00929	0.01127	0.00797	0.01161	0.00904	0.11533	0.00953	0.00877	0.01314	0.00196	0.64004	0.00524	0.02442	0.00499
4	0.01049	0.00931	0.01326	0.22922	0.18940	0.00901	0.00973	0.06328	0.01070	0.01543	0.00868	0.01103	0.00697	0.00411	0.00415	0.00113	0.00480	0.00357	0.00263	0.39308
5	0.01286	0.75643	0.04720	0.00851	0.01252	0.07379	0.00842	0.01447	0.00985	0.01124	0.00666	0.00770	0.00605	0.00410	0.00315	0.00104	0.00534	0.00259	0.00204	0.00604
6	0.00819	0.00410	0.00614	0.00614	0.00614	0.00410	0.00410	0.00614	0.00614	0.00819	0.00819	0.01433	0.00819	0.01638	0.01843	0.86282	0.00410	0.00410	0.00205	0.00205
7	0.00630	0.00521	0.00596	0.00664	0.03465	0.01662	0.00475	0.00763	0.01053	0.01306	0.06614	0.21146	0.47329	0.01222	0.00573	0.00172	0.00291	0.10672	0.00430	0.00415
8	0.00573	0.00415	0.00542	0.00644	0.00681	0.00384	0.00432	0.00658	0.00914	0.01208	0.02746	0.77795	0.08350	0.01458	0.00599	0.00189	0.00271	0.01317	0.00438	0.00384
9	0.00829	0.01213	0.25856	0.00984	0.01266	0.03575	0.00984	0.01107	0.00853	0.01232	0.01062	0.01495	0.00937	0.03888	0.43955	0.00482	0.06838	0.00441	0.00234	0.02768
10	0.00596	0.00477	0.00533	0.00524	0.00662	0.00414	0.00391	0.00750	0.01160	0.01487	0.31027	0.06780	0.51290	0.01123	0.00558	0.00156	0.00234	0.00957	0.00466	0.00414
11	0.00828	0.00692	0.00750	0.00716	0.00907	0.00718	0.00558	0.01439	0.31605	0.01623	0.11364	0.03430	0.33995	0.00965	0.00536	0.00164	0.00309	0.08396	0.00462	0.00542
12	0.01032	0.01032	0.01444	0.01238	0.01238	0.01444	0.01032	0.01135	0.00722	0.01135	0.00619	0.01032	0.00619	0.00825	0.01547	0.00206	0.82567	0.00413	0.00206	0.00516
13	0.86760	0.00912	0.00693	0.00620	0.00912	0.01058	0.00511	0.01386	0.00802	0.02115	0.00657	0.00766	0.00511	0.00438	0.00292	0.00146	0.00365	0.00255	0.00292	0.00511
14	0.00684	0.00464	0.00550	0.00550	0.00562	0.00476	0.00330	0.00708	0.00696	0.00940	0.01453	0.02906	0.01636	0.71794	0.13929	0.00501	0.00574	0.00659	0.00281	0.00305
15	0.00591	0.00478	0.00525	0.00515	0.00658	0.00412	0.00386	0.00740	0.01150	0.01458	0.27436	0.05562	0.56179	0.01130	0.00558	0.00156	0.00234	0.00958	0.00462	0.00412
16	0.35574	0.03410	0.09719	0.00930	0.01298	0.06970	0.00832	0.32229	0.01427	0.02295	0.00871	0.00942	0.00645	0.00492	0.00390	0.00142	0.00500	0.00336	0.00348	0.00651
17	0.01113	0.01272	0.02782	0.01987	0.02464	0.01192	0.78776	0.01510	0.01113	0.01510	0.00954	0.01272	0.00715	0.00397	0.00556	0.00159	0.00795	0.00556	0.00238	0.00636
18	0.01777	0.01313	0.01406	0.01082	0.01456	0.01455	0.00892	0.77036	0.04122	0.02947	0.01151	0.01147	0.00818	0.00568	0.00472	0.00142	0.00515	0.00427	0.00472	0.00800
19	0.01585	0.01758	0.01183	0.01053	0.01295	0.53160	0.00803	0.13015	0.03824	0.01538	0.01051	0.01151	0.02841	0.00530	0.00423	0.00125	0.00677	0.00367	0.13049	0.00570
20	0.00611	0.00475	0.00558	0.00569	0.00691	0.00422	0.00428	0.00766	0.01136	0.01473	0.28487	0.14864	0.39546	0.01167	0.00570	0.00165	0.00253	0.06942	0.00464	0.00414
21	0.01759	0.01477	0.01348	0.01080	0.01416	0.19385	0.00870	0.56106	0.01943	0.04918	0.01080	0.01109	0.00786	0.00548	0.00456	0.00136	0.00578	0.00400	0.03876	0.00730
22	0.00582	0.00479	0.00512	0.00504	0.00652	0.00409	0.00378	0.00724	0.01133	0.01412	0.21681	0.04310	0.63307	0.01143	0.00557	0.00157	0.00235	0.00963	0.00456	0.00409
23	0.00685	0.00460	0.00528	0.00528	0.00533	0.00465	0.00303	0.00695	0.00690	0.00925	0.01473	0.03015	0.01683	0.78828	0.06959	0.00474	0.00504	0.00675	0.00284	0.00293
24	0.84136	0.00924	0.00715	0.00634	0.00929	0.01070	0.00523	0.03780	0.00846	0.02142	0.00671	0.00777	0.00520	0.00442	0.00297	0.00146	0.00369	0.00261	0.00297	0.00520
25	0.00880	0.00810	0.01349	0.70940	0.06347	0.00988	0.01228	0.01173	0.00947	0.01233	0.00983	0.07092	0.00826	0.00543	0.00477	0.00158	0.00590	0.00485	0.02430	0.00521
26	0.01461	0.01133	0.01379	0.05661	0.01508	0.01200	0.05074	0.42248	0.01628	0.05482	0.01021	0.01122	0.00762	0.00526	0.00547	0.00133	0.08040	0.00399	0.00380	0.20294
27	0.00685	0.00498	0.00619	0.00625	0.00752	0.00454	0.00490	0.00867	0.01182	0.03594	0.35188	0.08530	0.26722	0.01122	0.00577	0.00168	0.00279	0.16741	0.00474	0.00434
28	0.00876	0.00792	0.00857	0.00829	0.00945	0.12652	0.00637	0.03964	0.00901	0.01173	0.01217	0.03682	0.01141	0.05015	0.62361	0.00618	0.01128	0.00497	0.00265	0.00450
29	0.00637	0.00474	0.00593	0.00578	0.00690	0.00430	0.00428	0.00827	0.01243	0.01707	0.58388	0.11521	0.18628	0.01058	0.00561	0.00155	0.00231	0.00927	0.00496	0.00430
30	0.01078	0.00815	0.00854	0.00781	0.00997	0.00914	0.00604	0.02009	0.51546	0.03135	0.01883	0.01838	0.03685	0.00627	0.00435	0.00144	0.00322	0.00517	0.27174	0.00641
31	0.00580	0.00427	0.00545	0.00625	0.00679	0.00391	0.00427	0.00681	0.00967	0.01277	0.10021	0.64542	0.14330	0.01390	0.00591	0.00183	0.00264	0.01246	0.00445	0.00391
32	0.00560	0.00476	0.00482	0.00484	0.00639	0.00399	0.00362	0.00681	0.01077	0.01285	0.06282	0.06083	0.77201	0.01195	0.00558	0.00160	0.00239	0.00999	0.00440	0.00399
33	0.02115	0.00802	0.01094	0.00839	0.01204	0.00693	0.00693	0.02298	0.01350	0.80815	0.01860	0.01605	0.01167	0.00584	0.00474	0.00146	0.00401	0.00474	0.00584	0.00802
34	0.00890	0.00838	0.01414	0.82296	0.03247	0.01048	0.01309	0.01205	0.00943	0.01205	0.00838	0.01257	0.00629	0.00471	0.00471	0.00157	0.00629	0.00419	0.00210	0.00524
35	0.00890	0.00838	0.01414	0.82296	0.03247	0.01048	0.01309	0.01205	0.00943	0.01205	0.00838	0.01257	0.00629	0.00471	0.00471	0.00157	0.00629	0.00419	0.00210	0.00524
36	0.01792	0.01321	0.01415	0.01085	0.01462	0.01462	0.00896	0.78916	0.02217	0.02972	0.01132	0.01132	0.00802	0.00566	0.00472	0.00142	0.00519	0.00425	0.00472	0.00802
37	0.01555	0.01674	0.01301	0.01231	0.07002	0.41717	0.00891	0.14230	0.19688	0.01683	0.02418	0.01188	0.00915	0.00539	0.00449	0.00135	0.00645	0.00396	0.01697	0.00645
38	0.01065	0.01035	0.01666	0.36322	0.42223	0.03760	0.01355	0.01347	0.01014	0.01370	0.00851	0.01189	0.00687	0.00459	0.00509	0.00149	0.03724	0.00416	0.00223	0.00637
39	0.00677	0.00492	0.00690	0.00690	0.00751	0.00553	0.00505	0.00799	0.00738	0.01045	0.01325	0.02194	0.01327	0.25690	0.59610	0.00674	0.01039	0.00555	0.00262	0.00383
40	0.02115	0.00802	0.01094	0.00839	0.01204	0.00693	0.00693	0.02298	0.01350	0.80815	0.01860	0.01605	0.01167	0.00584	0.00474	0.00146	0.00401	0.00474	0.00584	0.00802
41	0.86760	0.00912	0.00693	0.00620	0.00912	0.01058	0.00511	0.01386	0.00802	0.02115	0.00657	0.00766	0.00511	0.00438	0.00292	0.00146	0.00365	0.00255	0.00292	0.00511
42	0.01173	0.01013	0.01066	0.00960	0.01226	0.01173	0.00746	0.02505	0.79636	0.01972	0.01919	0.01759	0.01439	0.00640	0.00480	0.00160	0.00373	0.00533	0.00480	0.00746
43	0.00890	0.00838	0.01414	0.82296	0.03247	0.01048	0.01309	0.01205	0.00943	0.01205	0.00838	0.01257	0.00629	0.00471	0.00471	0.00157	0.00629	0.00419	0.00210	0.00524
44	0.00686	0.00457	0.00514	0.00514	0.00514	0.00457	0.00286	0.00686	0.00686	0.00914	0.01486	0.03086	0.01714	0.83430	0.02400	0.00457	0.00457	0.00686	0.00286	0.00286
45	0.00574	0.00410	0.00547	0.00657	0.00684	0.00383	0.00438	0.00657	0.00903	0.01204	0.02599	0.83122	0.03119	0.01477	0.00602	0.00191	0.00274	0.01340	0.00438	0.00383
46	0.01167	0.01120	0.01914	0.02894	0.80488	0.01120	0.01447	0.01447	0.01074	0.01540	0.00887	0.01167	0.00747	0.00420	0.00467	0.00140	0.00560	0.00420	0.00233	0.00747
47	0.00890	0.00838	0.01414	0.82296	0.03247	0.01048	0.01309	0.01205	0.00943	0.01205	0.00838	0.01257	0.00629	0.00471	0.00471	0.00157	0.00629	0.00419	0.00210	0.00524
48	0.86760	0.00912	0.00693	0.00620	0.00912	0.01058	0.00511	0.01386	0.00802	0.02115	0.00657	0.00766	0.00511	0.00438	0.00292	0.00146	0.00365	0.00255	0.00292	0.00511
49	0.02094	0.00837	0.01115	0.00855	0.01221	0.00744	0.00706	0.07362	0.01407	0.75670	0.01812	0.01574	0.01143	0.00582	0.00474	0.00146	0.00409	0.00471	0.00576	0.00802
50	0.01761	0.02247	0.01336	0.01215	0.01458	0.81537	0.00911	0.01883	0.01336	0.01154	0.00729	0.00850	0.00607	0.00486	0.00425	0.00121	0.00850	0.00304	0.00243	0.00547
51	0.00840	0.00613	0.00745	0.03250	0.03527	0.00649	0.00505	0.07867	0.05018	0.01279	0.02973	0.07222	0.01686	0.48041	0.05638	0.00361	0.01887	0.05385	0.02104	0.00410
52	0.01152	0.19569	0.10355	0.13475	0.04409	0.07226	0.16396	0.03957	0.01041	0.02790	0.00895	0.02619	0.00759	0.01929	0.00604	0.00153	0.09827	0.02008	0.00241	0.00596
53	0.86760	0.00912	0.00693	0.00620	0.00912	0.01058	0.00511	0.01386	0.00802	0.02115	0.00657	0.00766	0.00511	0.00438	0.00292	0.00146	0.00365	0.00255	0.00292	0.00511
54	0.01250	0.80933	0.05156	0.00825	0.01239	0.01839	0.00839	0.01415	0.00959	0.01122	0.00662	0.00765	0.00605	0.00405	0.00308	0.00103	0.00511	0.00255	0.00202	0.00608
55	0.00667	0.00482	0.00630	0.00593	0.00704	0.00445	0.00445	0.00890	0.01335	0.01891	0.80239	0.03522	0.04449	0.00964	0.00556	0.00148	0.00222	0.00853	0.00519	0.00445
56	0.05011	0.00806	0.01080	0.00831	0.01194	0.00705	0.00687	0.02267	0.01331	0.78123	0.01819	0.01576	0.01145	0.00579	0.00468	0.00146	0.00400	0.00467	0.00574	0.00792
57	0.01761	0.02247	0.01336	0.01215	0.01458	0.81537	0.00911	0.01883	0.01336	0.01154	0.00729	0.00850	0.00607	0.00486	0.00425	0.00121	0.00850	0.00304	0.00243	0.00547
58	0.00990	0.02377	0.77941	0.01325	0.02009	0.01080	0.01702	0.01524	0.01009	0.04517	0.00885	0.01019	0.00619	0.00453	0.00449	0.00149	0.00686	0.00353	0.00214	0.00701
59	0.00667	0.00482	0.00630	0.00593	0.00704	0.00445	0.00445	0.00890	0.01335	0.01891	0.80239	0.03522	0.04449	0.00964	0.00556	0.00148	0.00222	0.00853	0.00519	0.00445
60	0.00946	0.02439	0.80987	0.01344	0.02041	0.01095	0.01742	0.01493	0.00995	0.01493	0.00846	0.00995	0.00597	0.00448	0.00448	0.00149	0.00697	0.00348	0.00199	0.00697
61	0.01208	0.01030	0.01086	0.00967	0.01240	0.01189	0.00755	0.06887	0.75197	0.02030	0.01874	0.01723	0.01403	0.00635	0.00479	0.00159	0.00382	0.00527	0.00479	0.00749
62	0.00946	0.02439	0.80987	0.01344	0.02041	0.01095	0.01742	0.01493	0.00995	0.01493	0.00846	0.00995	0.00597	0.00448	0.00448	0.00149	0.00697	0.00348	0.00199	0.00697
63	0.01113	0.01272	0.02782	0.01987	0.02464	0.01192	0.78776	0.01510	0.01113	0.01510	0.00954	0.01272	0.00715	0.00397	0.00556	0.00159	0.00795	0.00556	0.00238	0.00636
64	0.00586	0.00481	0.00520	0.00536	0.00680	0.00415	0.00411	0.00719	0.01080	0.01317	0.08281	0.08931	0.63628	0.01210	0.00570	0.00167	0.00261	0.09360	0.00442	0.00404
65	0.00661	0.00479	0.00623	0.00592	0.00702	0.00441	0.00442	0.00875	0.01311	0.01848	0.75239	0.06584	0.06450	0.00990	0.00558	0.00150	0.00225	0.00875	0.00514	0.00441
66	0.01118	0.01092	0.05597	0.01159	0.01304	0.01281	0.03624	0.13951	0.07378	0.01541	0.00999	0.05396	0.00911	0.00925	0.05563	0.00217	0.45281	0.01790	0.00291	0.00582
67	0.01284	0.79972	0.02419	0.00826	0.01222	0.05525	0.00812	0.01433	0.00975	0.01111	0.00659	0.00761	0.00605	0.00407	0.00308	0.00102	0.00520	0.00254	0.00204	0.00602

[dist]
# distance from previous block
# <min> <max>
0	9

[block]
# block no. 6 follows, 54 sequences, length 22
# corresponding to MSA columns:
# 564-585
name=unknown_G
#
# <colnr> <probs for GDERKNQSTAVLIFYWHMCP>
#	G	D	E	R	K	N	Q	S	T	A	V	L	I	F	Y	W	H	M	C	P
0	0.25926	0.05165	0.01382	0.01294	0.14670	0.09285	0.09075	0.09760	0.01142	0.06766	0.01047	0.03337	0.02816	0.00520	0.00451	0.00143	0.03125	0.00411	0.03071	0.00613
1	0.38722	0.00985	0.01124	0.05297	0.04196	0.02577	0.07485	0.10259	0.03650	0.01912	0.02401	0.01285	0.02771	0.00548	0.00488	0.00151	0.07093	0.03092	0.02636	0.03327
2	0.00963	0.02718	0.01392	0.49844	0.04031	0.03877	0.01154	0.02697	0.00928	0.01222	0.00909	0.01292	0.02639	0.00739	0.05211	0.00198	0.19009	0.00429	0.00223	0.00526
3	0.00675	0.00476	0.00566	0.00594	0.00646	0.00461	0.00410	0.00750	0.00861	0.01120	0.04688	0.08842	0.13784	0.46251	0.01589	0.00336	0.00401	0.16849	0.00356	0.00345
4	0.01450	0.01055	0.01119	0.00913	0.01205	0.01169	0.00736	0.44464	0.19218	0.02477	0.01398	0.01412	0.01035	0.00579	0.00442	0.00139	0.00419	0.00452	0.19609	0.00708
5	0.01820	0.01276	0.01388	0.01064	0.01440	0.01396	0.00879	0.72369	0.02143	0.09623	0.01194	0.01172	0.00833	0.00568	0.00472	0.00142	0.00509	0.00429	0.00481	0.00802
