[name]
unknown

[dist]
# distance from previous block
# <min> <max>
0	748

[block]
# block no. 0 follows, 51 sequences, length 89
# corresponding to MSA columns:
# 845-863,871-887,893-897,905-908,912-920,925-959
name=unknown_A
#
# <colnr> <probs for GDERKNQSTAVLIFYWHMCP>
#	G	D	E	R	K	N	Q	S	T	A	V	L	I	F	Y	W	H	M	C	P
0	0.00780	0.00557	0.00779	0.00892	0.01000	0.00556	0.00772	0.00998	0.01120	0.01458	0.02608	0.10091	0.02853	0.01368	0.00676	0.00225	0.00443	0.71921	0.00453	0.00449
1	0.01598	0.01150	0.16390	0.01014	0.01360	0.00880	0.00953	0.01836	0.01179	0.43138	0.01638	0.11642	0.01273	0.00736	0.00673	0.00168	0.12632	0.00573	0.00453	0.00715
2	0.01031	0.02246	0.62163	0.01641	0.09096	0.01158	0.12670	0.01555	0.01062	0.01563	0.00902	0.01095	0.00654	0.00457	0.00485	0.00156	0.00728	0.00401	0.00217	0.00722
3	0.00928	0.00873	0.01474	0.81548	0.03385	0.01092	0.01365	0.01256	0.00983	0.01256	0.00873	0.01310	0.00655	0.00491	0.00491	0.00164	0.00655	0.00437	0.00218	0.00546
4	0.01088	0.09521	0.23233	0.01226	0.01485	0.01362	0.01210	0.01334	0.00879	0.03970	0.00805	0.01129	0.00702	0.01881	0.05309	0.00219	0.43411	0.00406	0.00229	0.00601
5	0.00711	0.00490	0.00606	0.00606	0.00630	0.00514	0.00385	0.00760	0.00735	0.01005	0.01484	0.02862	0.01633	0.60944	0.24076	0.00563	0.00708	0.00663	0.00288	0.00337
6	0.00871	0.00581	0.00681	0.00648	0.00778	0.00600	0.00488	0.09374	0.01139	0.01667	0.10542	0.09143	0.10729	0.07774	0.17476	0.00305	0.00518	0.00682	0.25530	0.00474
7	0.01231	0.01307	0.04913	0.11730	0.05590	0.07297	0.43723	0.01609	0.03753	0.06564	0.01079	0.03441	0.00840	0.00503	0.00588	0.00163	0.04201	0.00537	0.00279	0.00651
8	0.01869	0.01306	0.22925	0.01019	0.01495	0.00838	0.01024	0.02164	0.01305	0.58383	0.01647	0.01498	0.01053	0.00569	0.00487	0.00153	0.00503	0.00458	0.00498	0.00806
9	0.01868	0.01376	0.01475	0.01131	0.01524	0.01524	0.00934	0.78025	0.02311	0.03097	0.01180	0.01180	0.00836	0.00590	0.00492	0.00147	0.00541	0.00442	0.00492	0.00836
10	0.00641	0.00458	0.00618	0.00732	0.00779	0.00435	0.00529	0.00757	0.00982	0.01301	0.02685	0.65700	0.03159	0.01500	0.00638	0.00205	0.00322	0.17692	0.00455	0.00411
11	0.01266	0.09810	0.47917	0.01307	0.01897	0.04710	0.04672	0.19376	0.01351	0.01863	0.00932	0.01053	0.00679	0.00491	0.00462	0.00148	0.00675	0.00379	0.00278	0.00733
12	0.00702	0.00527	0.00790	0.00790	0.00878	0.00614	0.00614	0.00878	0.00790	0.01141	0.01316	0.01931	0.01229	0.03686	0.80782	0.00790	0.01316	0.00527	0.00263	0.00439
13	0.00696	0.00502	0.00657	0.00618	0.00734	0.00464	0.00464	0.00927	0.01391	0.01971	0.79405	0.03671	0.04637	0.01005	0.00580	0.00155	0.00232	0.00889	0.00541	0.00464
14	0.00689	0.00471	0.00587	0.00618	0.00646	0.00479	0.00399	0.00753	0.00803	0.01106	0.01830	0.24758	0.02070	0.43039	0.15613	0.00440	0.00560	0.00859	0.03923	0.00357
15	0.00821	0.00674	0.01080	0.16874	0.04830	0.00693	0.08339	0.03178	0.01039	0.03174	0.03959	0.48816	0.02305	0.01113	0.00582	0.00183	0.00433	0.01026	0.00386	0.00494
16	0.00590	0.00463	0.00533	0.00589	0.00688	0.00407	0.00414	0.00695	0.01032	0.01292	0.03863	0.42896	0.42018	0.01390	0.00604	0.00182	0.00267	0.01214	0.00456	0.00407
17	0.01160	0.01326	0.02900	0.02071	0.02568	0.01243	0.77879	0.01574	0.01160	0.01574	0.00994	0.01326	0.00746	0.00414	0.00580	0.00166	0.00829	0.00580	0.00249	0.00663
18	0.01133	0.04161	0.67524	0.01348	0.02023	0.01116	0.03773	0.01648	0.01081	0.10231	0.00997	0.01110	0.00692	0.00480	0.00470	0.00154	0.00690	0.00381	0.00253	0.00735
19	0.00733	0.00511	0.00669	0.00625	0.00747	0.00470	0.00470	0.00964	0.01391	0.03923	0.77467	0.03621	0.04551	0.00995	0.00577	0.00154	0.00237	0.00879	0.00543	0.00473
20	0.01141	0.01271	0.02597	0.01901	0.02291	0.01300	0.61183	0.01489	0.01071	0.01489	0.00918	0.01271	0.00724	0.00511	0.00804	0.00176	0.18437	0.00547	0.00241	0.00636
21	0.00986	0.02542	0.80183	0.01401	0.02127	0.01141	0.01816	0.01556	0.01038	0.01556	0.00882	0.01038	0.00623	0.00467	0.00467	0.00156	0.00726	0.00363	0.00208	0.00726
22	0.00938	0.00884	0.01492	0.78866	0.05990	0.01094	0.01370	0.01264	0.00987	0.01268	0.00875	0.01307	0.00659	0.00489	0.00491	0.00163	0.00653	0.00437	0.00219	0.00554
23	0.01041	0.00983	0.01582	0.02322	0.57891	0.00960	0.01195	0.01287	0.01119	0.01529	0.02042	0.02185	0.22465	0.00660	0.00512	0.00151	0.00492	0.00603	0.00302	0.00678
24	0.01216	0.01168	0.01995	0.03016	0.79664	0.01168	0.01508	0.01508	0.01119	0.01605	0.00924	0.01216	0.00778	0.00438	0.00487	0.00146	0.00584	0.00438	0.00243	0.00778
25	0.00715	0.00476	0.00536	0.00536	0.00536	0.00476	0.00298	0.00715	0.00715	0.00953	0.01548	0.03216	0.01787	0.82729	0.02501	0.00476	0.00476	0.00715	0.00298	0.00298
26	0.00986	0.02542	0.80183	0.01401	0.02127	0.01141	0.01816	0.01556	0.01038	0.01556	0.00882	0.01038	0.00623	0.00467	0.00467	0.00156	0.00726	0.00363	0.00208	0.00726
27	0.00703	0.00472	0.00539	0.00551	0.00553	0.00469	0.00313	0.00712	0.00737	0.00983	0.01663	0.11030	0.01931	0.74719	0.02316	0.00449	0.00458	0.00782	0.00313	0.00308
28	0.00696	0.00502	0.00657	0.00618	0.00734	0.00464	0.00464	0.00927	0.01391	0.01971	0.79405	0.03671	0.04637	0.01005	0.00580	0.00155	0.00232	0.00889	0.00541	0.00464
29	0.00986	0.02542	0.80183	0.01401	0.02127	0.01141	0.01816	0.01556	0.01038	0.01556	0.00882	0.01038	0.00623	0.00467	0.00467	0.00156	0.00726	0.00363	0.00208	0.00726
30	0.01041	0.00898	0.00938	0.00859	0.01105	0.00995	0.00664	0.02074	0.56885	0.01850	0.02840	0.02650	0.23478	0.00830	0.00523	0.00166	0.00349	0.00691	0.00488	0.00676
31	0.00598	0.00432	0.00566	0.00673	0.00710	0.00400	0.00451	0.00686	0.00952	0.01259	0.02846	0.77707	0.07863	0.01522	0.00624	0.00198	0.00283	0.01375	0.00456	0.00400
32	0.00599	0.00428	0.00570	0.00684	0.00713	0.00399	0.00456	0.00684	0.00941	0.01254	0.02709	0.82409	0.03250	0.01540	0.00627	0.00200	0.00285	0.01397	0.00456	0.00399
33	0.45666	0.01004	0.01051	0.05732	0.01313	0.01112	0.03943	0.10233	0.10185	0.13794	0.01104	0.01145	0.00797	0.00519	0.00399	0.00155	0.00440	0.00377	0.00386	0.00646
34	0.00712	0.00475	0.00537	0.00540	0.00541	0.00474	0.00302	0.00714	0.00721	0.00961	0.01579	0.05276	0.01825	0.80617	0.02453	0.00469	0.00471	0.00732	0.00302	0.00300
35	0.00729	0.00538	0.00705	0.00775	0.00896	0.00515	0.00650	0.00930	0.01157	0.01501	0.13394	0.07709	0.18972	0.01293	0.00643	0.00203	0.00375	0.48103	0.00465	0.00444
36	0.01023	0.00731	0.00836	0.00754	0.00884	0.00778	0.00543	0.22051	0.01208	0.01619	0.01645	0.07993	0.03920	0.39633	0.10720	0.00383	0.00570	0.03860	0.00369	0.00479
37	0.60979	0.03356	0.00943	0.00756	0.01086	0.01155	0.00627	0.14105	0.01144	0.10624	0.00899	0.00954	0.00658	0.00493	0.00355	0.00150	0.00415	0.00319	0.00365	0.00617
38	0.00854	0.00427	0.00640	0.00640	0.00640	0.00427	0.00427	0.00640	0.00640	0.00854	0.00854	0.01494	0.00854	0.01707	0.01921	0.85702	0.00427	0.00427	0.00213	0.00213
39	0.00631	0.00431	0.00575	0.00670	0.00694	0.00407	0.00443	0.00682	0.00897	0.01195	0.02451	0.69310	0.02919	0.06800	0.00876	0.08654	0.00311	0.01257	0.00422	0.00374
40	0.01074	0.00901	0.00983	0.00897	0.01127	0.01011	0.00691	0.02139	0.57434	0.02009	0.20886	0.04853	0.02320	0.00777	0.00523	0.00165	0.00347	0.00664	0.00509	0.00689
41	0.00715	0.00476	0.00536	0.00536	0.00536	0.00476	0.00298	0.00715	0.00715	0.00953	0.01548	0.03216	0.01787	0.82729	0.02501	0.00476	0.00476	0.00715	0.00298	0.00298
42	0.00739	0.00581	0.00860	0.00839	0.00918	0.00702	0.00660	0.00908	0.00786	0.01145	0.01250	0.01846	0.01171	0.03407	0.72971	0.00733	0.09260	0.00517	0.00259	0.00449
43	0.01075	0.01075	0.01505	0.01290	0.01290	0.01505	0.01075	0.01183	0.00753	0.01183	0.00645	0.01075	0.00645	0.00860	0.01613	0.00215	0.81830	0.00430	0.00215	0.00538
44	0.01094	0.01194	0.05747	0.01572	0.01950	0.01135	0.42784	0.01705	0.20374	0.01639	0.01443	0.11655	0.01240	0.00637	0.00596	0.00171	0.03412	0.00662	0.00334	0.00657
45	0.64039	0.00920	0.00833	0.00706	0.01031	0.01002	0.00582	0.01695	0.00987	0.22732	0.01015	0.01029	0.00713	0.00496	0.00354	0.00152	0.00390	0.00326	0.00384	0.00612
46	0.01001	0.00966	0.01363	0.01190	0.01208	0.01328	0.00983	0.01122	0.00760	0.01174	0.00779	0.01246	0.00761	0.01424	0.17401	0.00330	0.65774	0.00449	0.00225	0.00518
47	0.01027	0.12577	0.70507	0.01331	0.02019	0.01241	0.01694	0.01546	0.01033	0.01506	0.00857	0.01006	0.00624	0.00461	0.00448	0.00149	0.00701	0.00351	0.00208	0.00714
48	0.00809	0.00630	0.00965	0.00824	0.00997	0.00587	0.10490	0.02580	0.01342	0.03906	0.58341	0.08385	0.06266	0.00952	0.00579	0.00159	0.00324	0.00867	0.00496	0.00501
49	0.04339	0.00902	0.01231	0.01056	0.06323	0.00864	0.00809	0.04605	0.01337	0.62560	0.01687	0.01544	0.01101	0.00617	0.00599	0.00158	0.08464	0.00476	0.00534	0.00795
50	0.03465	0.01692	0.31973	0.01923	0.32056	0.04208	0.01453	0.04221	0.01155	0.09363	0.01053	0.03410	0.00820	0.00505	0.00477	0.00151	0.00619	0.00432	0.00282	0.00741
51	0.01297	0.78836	0.06615	0.00870	0.01306	0.01903	0.00892	0.01476	0.01001	0.01177	0.00694	0.00801	0.00630	0.00423	0.00323	0.00108	0.00536	0.00268	0.00210	0.00636
52	0.01219	0.00823	0.00868	0.00767	0.00902	0.08174	0.00550	0.06930	0.01047	0.16435	0.01461	0.02310	0.01385	0.41265	0.05969	0.00347	0.05100	0.00579	0.03376	0.00494
53	0.01152	0.06564	0.09635	0.20193	0.45655	0.03574	0.03343	0.01469	0.01082	0.01481	0.00890	0.01185	0.00721	0.00453	0.00476	0.00148	0.00625	0.00419	0.00232	0.00703
54	0.01093	0.13427	0.11251	0.00852	0.01315	0.04283	0.00792	0.01343	0.01034	0.01512	0.00841	0.00981	0.00696	0.00391	0.00373	0.00090	0.00456	0.00297	0.00267	0.58703
55	0.00709	0.00536	0.00799	0.04845	0.00976	0.00620	0.00626	0.00878	0.00802	0.01141	0.01374	0.05853	0.01329	0.07962	0.68370	0.00712	0.01185	0.00575	0.00272	0.00434
56	0.00789	0.00583	0.00784	0.00885	0.03276	0.00584	0.00694	0.01062	0.06987	0.01503	0.10117	0.18470	0.05296	0.01284	0.00681	0.03231	0.00393	0.42461	0.00451	0.00469
57	0.01196	0.01168	0.01598	0.16613	0.13016	0.07864	0.12532	0.05027	0.23917	0.01684	0.03966	0.01566	0.03030	0.00581	0.00555	0.00160	0.04003	0.00513	0.00340	0.00672
58	0.01173	0.46618	0.34376	0.01122	0.01671	0.01586	0.04485	0.01511	0.01021	0.01338	0.00778	0.00913	0.00632	0.00439	0.00389	0.00128	0.00621	0.00317	0.00211	0.00671
59	0.00599	0.00428	0.00570	0.00684	0.00713	0.00399	0.00456	0.00684	0.00941	0.01254	0.02709	0.82409	0.03250	0.01540	0.00627	0.00200	0.00285	0.01397	0.00456	0.00399
60	0.01155	0.01260	0.02627	0.13913	0.02646	0.01232	0.63199	0.04747	0.01182	0.01591	0.00984	0.01317	0.00736	0.00433	0.00563	0.00165	0.00790	0.00553	0.00254	0.00653
61	0.00801	0.00681	0.00979	0.00921	0.00990	0.00771	0.06126	0.00964	0.03660	0.01298	0.01982	0.42971	0.04085	0.06156	0.00964	0.00212	0.20617	0.00974	0.04386	0.00463
62	0.01146	0.01096	0.01868	0.22117	0.61111	0.01149	0.01473	0.01447	0.01086	0.01520	0.00912	0.01239	0.00748	0.00451	0.00488	0.00150	0.00601	0.00438	0.00237	0.00722
63	0.00612	0.00499	0.00542	0.00531	0.00683	0.00428	0.00398	0.00766	0.01195	0.01505	0.25491	0.04438	0.58841	0.01178	0.00580	0.00163	0.00244	0.00996	0.00480	0.00428
64	0.01160	0.01326	0.02900	0.02071	0.02568	0.01243	0.77879	0.01574	0.01160	0.01574	0.00994	0.01326	0.00746	0.00414	0.00580	0.00166	0.00829	0.00580	0.00249	0.00663
65	0.01188	0.01139	0.01943	0.10765	0.72138	0.01160	0.01494	0.01483	0.01106	0.01571	0.00919	0.01226	0.00766	0.00443	0.00487	0.00148	0.00591	0.00438	0.00241	0.00755
66	0.01222	0.01056	0.01111	0.01000	0.01278	0.01222	0.00778	0.02611	0.78776	0.02056	0.02000	0.01833	0.01500	0.00667	0.00500	0.00167	0.00389	0.00556	0.00500	0.00778
67	0.00928	0.00873	0.01474	0.81548	0.03385	0.01092	0.01365	0.01256	0.00983	0.01256	0.00873	0.01310	0.00655	0.00491	0.00491	0.00164	0.00655	0.00437	0.00218	0.00546
68	0.01260	0.08513	0.52684	0.01290	0.01886	0.10129	0.01494	0.11401	0.01249	0.04322	0.00927	0.01041	0.00672	0.00488	0.00457	0.00147	0.00695	0.00365	0.00263	0.00719
69	0.05438	0.02283	0.01364	0.01240	0.01495	0.77355	0.00932	0.01940	0.01369	0.01246	0.00756	0.00882	0.00629	0.00504	0.00437	0.00128	0.00865	0.00314	0.00255	0.00568
70	0.00714	0.00479	0.00547	0.00547	0.00551	0.00482	0.00311	0.00722	0.00718	0.00961	0.01538	0.03161	0.01763	0.79354	0.05844	0.00490	0.00512	0.00707	0.00296	0.00304
71	0.01101	0.23639	0.29120	0.01062	0.01479	0.10334	0.01113	0.01437	0.04367	0.01362	0.01286	0.16546	0.02692	0.00692	0.00473	0.00149	0.01706	0.00550	0.00278	0.00614
72	0.07857	0.19303	0.28350	0.01034	0.01536	0.01175	0.01110	0.03304	0.01167	0.28848	0.01198	0.01189	0.00828	0.00508	0.00432	0.00143	0.00546	0.00381	0.00360	0.00731
73	0.01162	0.00894	0.00992	0.00898	0.01121	0.01006	0.00684	0.02120	0.52688	0.07627	0.01852	0.02039	0.01492	0.13258	0.09683	0.00281	0.00507	0.00572	0.00452	0.00673
74	0.01233	0.01041	0.01489	0.53964	0.04903	0.01230	0.01233	0.25525	0.01406	0.01847	0.00972	0.01266	0.00716	0.00521	0.00491	0.00158	0.00617	0.00439	0.00305	0.00644
75	0.01277	0.33905	0.17248	0.01373	0.09364	0.04167	0.11526	0.07456	0.03644	0.02493	0.00930	0.01138	0.00760	0.00478	0.00431	0.00136	0.00617	0.02111	0.00261	0.00685
76	0.01179	0.01151	0.02003	0.02757	0.66007	0.01154	0.08980	0.01469	0.01111	0.01576	0.01095	0.01372	0.04131	0.00484	0.00538	0.00151	0.03368	0.00477	0.00252	0.00743
77	0.01132	0.00809	0.00929	0.00858	0.01071	0.00867	0.00654	0.01913	0.40530	0.11699	0.13718	0.19603	0.02314	0.00900	0.00539	0.00170	0.00347	0.00781	0.00510	0.00656
78	0.01061	0.01902	0.45769	0.08714	0.15444	0.01156	0.03744	0.01680	0.12672	0.01613	0.01059	0.01220	0.00787	0.00492	0.00481	0.00157	0.00648	0.00417	0.00260	0.00725
79	0.01488	0.01654	0.23276	0.01600	0.18053	0.01344	0.01297	0.40927	0.01710	0.02360	0.01044	0.01148	0.00765	0.00524	0.00484	0.00149	0.00601	0.00420	0.00361	0.00794
80	0.00670	0.00525	0.00767	0.18263	0.01294	0.00550	0.00654	0.00808	0.00950	0.01255	0.02310	0.64779	0.02686	0.01312	0.00598	0.00192	0.00366	0.01188	0.00404	0.00431
81	0.00923	0.00752	0.01164	0.01559	0.25379	0.00752	0.01014	0.01170	0.01127	0.01512	0.02082	0.04203	0.02193	0.01073	0.00619	0.00201	0.00493	0.52840	0.00388	0.00553
82	0.01552	0.01422	0.04773	0.02876	0.23041	0.20495	0.01063	0.10027	0.08481	0.14653	0.01279	0.05936	0.01022	0.00586	0.00486	0.00148	0.00598	0.00481	0.00367	0.00716
83	0.01177	0.04173	0.16381	0.02646	0.62780	0.01189	0.01542	0.01516	0.01100	0.01581	0.00908	0.01169	0.00745	0.00443	0.00477	0.00146	0.00608	0.00418	0.00236	0.00764
84	0.00769	0.00572	0.00775	0.00810	0.00928	0.00598	0.00661	0.01057	0.06483	0.01506	0.16683	0.05404	0.04928	0.01885	0.22721	0.00362	0.00635	0.32330	0.00420	0.00471
85	0.00935	0.00849	0.01506	0.01594	0.18252	0.00825	0.18958	0.01195	0.01102	0.01486	0.01883	0.17160	0.01973	0.00971	0.00605	0.00190	0.00539	0.29054	0.00360	0.00563
86	0.01125	0.24375	0.38406	0.01535	0.16071	0.01395	0.01434	0.01496	0.01020	0.01426	0.00817	0.01005	0.00655	0.00479	0.00516	0.00144	0.06836	0.00354	0.00215	0.00695
87	0.01069	0.00891	0.01413	0.01395	0.13061	0.00884	0.15000	0.10231	0.02528	0.03808	0.10670	0.03099	0.05542	0.04355	0.00664	0.00191	0.00516	0.23692	0.00397	0.00593
88	0.01162	0.06370	0.04417	0.33220	0.26877	0.01167	0.06865	0.01536	0.05657	0.06518	0.01021	0.01293	0.00784	0.00481	0.00485	0.00154	0.00608	0.00444	0.00269	0.00671

[dist]
# distance from previous block
# <min> <max>
5	167

[block]
# block no. 1 follows, 51 sequences, length 13
# corresponding to MSA columns:
# 1159-1171
name=unknown_B
#
# <colnr> <probs for GDERKNQSTAVLIFYWHMCP>
#	G	D	E	R	K	N	Q	S	T	A	V	L	I	F	Y	W	H	M	C	P
0	0.07619	0.02981	0.08427	0.04404	0.17157	0.00884	0.00904	0.06025	0.06071	0.03362	0.03264	0.27915	0.04307	0.00867	0.00515	0.00164	0.00440	0.00760	0.00367	0.03569
1	0.17709	0.00912	0.00890	0.00828	0.00965	0.11346	0.00638	0.01143	0.00924	0.01403	0.05871	0.01926	0.07122	0.11504	0.23646	0.00379	0.11508	0.00517	0.00299	0.00470
2	0.01438	0.05692	0.01365	0.08409	0.06615	0.01271	0.00903	0.27959	0.26919	0.05833	0.03205	0.01499	0.01147	0.00596	0.00479	0.00151	0.00475	0.00482	0.04815	0.00748
3	0.01029	0.00979	0.01551	0.46119	0.25823	0.03586	0.01307	0.01316	0.01027	0.01371	0.00999	0.05814	0.00852	0.00549	0.00531	0.00160	0.03442	0.00487	0.02451	0.00605
4	0.01096	0.02093	0.57292	0.10815	0.02243	0.01110	0.08697	0.01592	0.01073	0.08000	0.00979	0.01149	0.00687	0.00477	0.00482	0.00157	0.00702	0.00403	0.00246	0.00708
5	0.86201	0.00950	0.00722	0.00646	0.00950	0.01102	0.00532	0.01445	0.00836	0.02205	0.00684	0.00798	0.00532	0.00456	0.00304	0.00152	0.00380	0.00266	0.00304	0.00532
6	0.00702	0.00527	0.00790	0.00790	0.00878	0.00614	0.00614	0.00878	0.00790	0.01141	0.01316	0.01931	0.01229	0.03686	0.80782	0.00790	0.01316	0.00527	0.00263	0.00439
7	0.00599	0.00428	0.00570	0.00684	0.00713	0.00399	0.00456	0.00684	0.00941	0.01254	0.02709	0.82409	0.03250	0.01540	0.00627	0.00200	0.00285	0.01397	0.00456	0.00399
8	0.00730	0.00521	0.00644	0.00636	0.00653	0.00562	0.00411	0.00771	0.00742	0.01016	0.01515	0.07293	0.01700	0.59528	0.15526	0.00497	0.05914	0.00703	0.00295	0.00343
9	0.00611	0.00435	0.00577	0.00687	0.00717	0.00408	0.00463	0.00698	0.00939	0.01251	0.02660	0.76439	0.03178	0.04678	0.00702	0.00211	0.00299	0.04201	0.00450	0.00397
10	0.00758	0.00539	0.00742	0.00848	0.00941	0.00535	0.00709	0.00948	0.01075	0.01404	0.02549	0.16987	0.02824	0.06693	0.00790	0.00239	0.00429	0.60114	0.00443	0.00434
11	0.00986	0.02542	0.80183	0.01401	0.02127	0.01141	0.01816	0.01556	0.01038	0.01556	0.00882	0.01038	0.00623	0.00467	0.00467	0.00156	0.00726	0.00363	0.00208	0.00726
12	0.01202	0.01153	0.01969	0.06899	0.75893	0.01164	0.01501	0.01496	0.01112	0.01588	0.00922	0.01221	0.00772	0.00441	0.00487	0.00147	0.00587	0.00438	0.00242	0.00767

[dist]
# distance from previous block
# <min> <max>
5	14

[block]
# block no. 2 follows, 51 sequences, length 9
# corresponding to MSA columns:
# 1187-1190,1203-1207
name=unknown_C
#
# <colnr> <probs for GDERKNQSTAVLIFYWHMCP>
#	G	D	E	R	K	N	Q	S	T	A	V	L	I	F	Y	W	H	M	C	P
0	0.03635	0.00898	0.01020	0.00926	0.01160	0.01025	0.00725	0.04400	0.47393	0.06185	0.01736	0.01802	0.01357	0.01523	0.23567	0.00344	0.00662	0.00532	0.00432	0.00678
1	0.01136	0.00977	0.00856	0.00820	0.00893	0.23514	0.00577	0.01020	0.00856	0.00954	0.00827	0.01319	0.00790	0.01362	0.01496	0.61108	0.00559	0.00395	0.00225	0.00316
2	0.01233	0.01035	0.01148	0.01039	0.01295	0.04654	0.03159	0.14768	0.37778	0.02010	0.01949	0.02732	0.01708	0.00837	0.00550	0.00179	0.00468	0.22312	0.00466	0.00681
3	0.01244	0.24694	0.02162	0.02391	0.57131	0.01391	0.01316	0.01498	0.01084	0.01476	0.00855	0.01093	0.00736	0.00433	0.00437	0.00134	0.00567	0.00388	0.00234	0.00736
4	0.01055	0.01045	0.01867	0.01883	0.24069	0.01125	0.22834	0.01311	0.00979	0.01398	0.00987	0.01432	0.00867	0.04338	0.16057	0.00300	0.17089	0.00504	0.00245	0.00614
5	0.01135	0.00613	0.00877	0.00800	0.00967	0.00638	0.00628	0.01305	0.00963	0.23796	0.01508	0.01926	0.01255	0.07059	0.53490	0.00590	0.01013	0.00527	0.00364	0.00545
6	0.00853	0.00471	0.00515	0.00504	0.00619	0.00460	0.00378	0.01083	0.01134	0.01872	0.23963	0.02361	0.02230	0.00697	0.00411	0.00126	0.00230	0.00582	0.61052	0.00460
7	0.01056	0.00891	0.00973	0.00956	0.03043	0.03041	0.00707	0.05818	0.42708	0.01799	0.02205	0.25172	0.03919	0.00952	0.00545	0.00176	0.00385	0.04542	0.00471	0.00642
8	0.00703	0.00523	0.00770	0.00770	0.00851	0.00603	0.00589	0.00865	0.00784	0.01126	0.01334	0.02031	0.01272	0.09881	0.74647	0.00765	0.01250	0.00541	0.00266	0.00428

[dist]
# distance from previous block
# <min> <max>
4	4

[block]
# block no. 3 follows, 51 sequences, length 17
# corresponding to MSA columns:
# 1214-1219,1228-1238
name=unknown_D
#
# <colnr> <probs for GDERKNQSTAVLIFYWHMCP>
#	G	D	E	R	K	N	Q	S	T	A	V	L	I	F	Y	W	H	M	C	P
0	0.01173	0.01180	0.02031	0.14998	0.48179	0.03581	0.14830	0.01479	0.01096	0.01513	0.00911	0.01234	0.00743	0.00464	0.00555	0.00155	0.04477	0.00459	0.00239	0.00704
1	0.01017	0.01724	0.38216	0.01703	0.19176	0.01075	0.09636	0.01474	0.04725	0.01548	0.01344	0.06593	0.06219	0.00596	0.00533	0.00160	0.02782	0.00525	0.00267	0.00687
2	0.15676	0.00552	0.00574	0.00577	0.00634	0.00575	0.00362	0.00838	0.00769	0.01216	0.01565	0.14251	0.01779	0.56566	0.01845	0.00380	0.00432	0.00735	0.00322	0.00354
3	0.01292	0.01018	0.01126	0.00997	0.03448	0.01122	0.00763	0.25973	0.32911	0.02309	0.15382	0.03894	0.04490	0.00733	0.00514	0.00158	0.00405	0.00609	0.02143	0.00714
4	0.00814	0.00635	0.00885	0.00941	0.01022	0.00706	0.00793	0.00999	0.01037	0.01389	0.02275	0.15882	0.02507	0.01297	0.00835	0.00220	0.14687	0.52207	0.00411	0.00460
5	0.00878	0.00841	0.00760	0.00772	0.00906	0.14558	0.00571	0.01094	0.06288	0.01413	0.11401	0.29078	0.21355	0.01155	0.00574	0.00174	0.00396	0.06885	0.00433	0.00469
6	0.01111	0.15364	0.01694	0.01042	0.01473	0.01023	0.17395	0.03179	0.01066	0.01531	0.00897	0.01125	0.00754	0.03247	0.00479	0.00114	0.00501	0.00367	0.00273	0.47362
7	0.00795	0.00613	0.00813	0.00793	0.00903	0.00703	0.00602	0.01160	0.14444	0.01277	0.01467	0.02082	0.01349	0.13502	0.56470	0.00640	0.01044	0.00556	0.00309	0.00480
8	0.01619	0.02007	0.01249	0.01164	0.01378	0.66677	0.00863	0.01738	0.01313	0.01212	0.01101	0.15170	0.01092	0.00687	0.00475	0.00139	0.00781	0.00506	0.00289	0.00540
9	0.01156	0.01314	0.02835	0.02035	0.02509	0.01255	0.74318	0.01556	0.01141	0.01556	0.00978	0.01314	0.00741	0.00435	0.00628	0.00168	0.04584	0.00573	0.00247	0.00657
10	0.00903	0.00700	0.00916	0.00868	0.01039	0.00695	0.05403	0.14382	0.01281	0.01669	0.02774	0.27119	0.18256	0.01195	0.00604	0.00188	0.00400	0.20651	0.00449	0.00509
11	0.01591	0.01371	0.01194	0.01034	0.01328	0.23034	0.00807	0.10180	0.31075	0.15543	0.01746	0.01655	0.05968	0.00640	0.00487	0.00151	0.00538	0.00497	0.00447	0.00714
12	0.31290	0.15329	0.01232	0.00823	0.01091	0.02571	0.00693	0.05039	0.06364	0.01831	0.12196	0.01353	0.01253	0.00598	0.00546	0.00148	0.11060	0.00408	0.00331	0.05846
13	0.06485	0.01147	0.01709	0.23095	0.44685	0.04639	0.01336	0.08142	0.01182	0.01664	0.00911	0.01197	0.00730	0.00469	0.00475	0.00150	0.00599	0.00422	0.00263	0.00699
14	0.01148	0.00911	0.01226	0.06252	0.14996	0.00971	0.04382	0.08074	0.21879	0.05889	0.01509	0.03866	0.01337	0.24161	0.01077	0.00250	0.00497	0.00581	0.00372	0.00620
15	0.01457	0.01227	0.06027	0.01009	0.01330	0.08610	0.02686	0.28929	0.10406	0.10575	0.09131	0.06519	0.08448	0.00734	0.00513	0.00154	0.00491	0.00598	0.00459	0.00695
16	0.11470	0.01135	0.01442	0.09720	0.03573	0.03933	0.10793	0.23058	0.06510	0.07632	0.01099	0.01225	0.00817	0.00548	0.00511	0.03025	0.00538	0.00424	0.00367	0.12179

[dist]
# distance from previous block
# <min> <max>
3	9

[block]
# block no. 4 follows, 51 sequences, length 9
# corresponding to MSA columns:
# 1249-1257
name=unknown_E
#
# <colnr> <probs for GDERKNQSTAVLIFYWHMCP>
#	G	D	E	R	K	N	Q	S	T	A	V	L	I	F	Y	W	H	M	C	P
0	0.01343	0.01036	0.01120	0.02329	0.02996	0.03417	0.00767	0.16640	0.38533	0.08981	0.05264	0.03584	0.07870	0.03164	0.00568	0.00169	0.00426	0.00592	0.00482	0.00719
1	0.00635	0.00456	0.00603	0.00659	0.00721	0.00424	0.00459	0.00776	0.01111	0.01525	0.31721	0.52624	0.03775	0.01337	0.00609	0.00183	0.00265	0.01205	0.00488	0.00424
2	0.03465	0.00714	0.00902	0.00762	0.01010	0.00680	0.00607	0.05382	0.03412	0.37723	0.06741	0.04331	0.01538	0.03816	0.06619	0.01846	0.00442	0.02756	0.16606	0.00647
3	0.01485	0.01112	0.01272	0.01019	0.01326	0.01201	0.03305	0.51186	0.04770	0.02631	0.16313	0.08862	0.01798	0.00750	0.00524	0.00155	0.00463	0.00621	0.00490	0.00718
4	0.00917	0.00496	0.00550	0.07786	0.00827	0.00515	0.00436	0.01155	0.01026	0.01780	0.01537	0.01785	0.01205	0.00565	0.00357	0.00119	0.00268	0.00456	0.77755	0.00466
5	0.19509	0.05948	0.01098	0.00864	0.01097	0.00989	0.06059	0.01486	0.17962	0.01849	0.22957	0.02195	0.08439	0.00743	0.00564	0.00160	0.06504	0.00598	0.00408	0.00573
6	0.01316	0.00888	0.01390	0.46318	0.09008	0.00962	0.01138	0.01594	0.01115	0.23342	0.01176	0.01382	0.00828	0.00510	0.00482	0.00152	0.00561	0.00442	0.00335	0.07061
7	0.00931	0.00845	0.01396	0.63886	0.09400	0.01012	0.01248	0.01242	0.01032	0.01376	0.07851	0.01536	0.01047	0.00536	0.00492	0.00159	0.00591	0.00478	0.04387	0.00554
8	0.01405	0.00850	0.00977	0.00884	0.01134	0.06710	0.00720	0.03147	0.07014	0.28981	0.02176	0.09594	0.05588	0.00913	0.00551	0.00172	0.00441	0.22337	0.00487	0.05920

[dist]
# distance from previous block
# <min> <max>
1	4

[block]
# block no. 5 follows, 51 sequences, length 14
# corresponding to MSA columns:
# 1262-1275
name=unknown_F
#
# <colnr> <probs for GDERKNQSTAVLIFYWHMCP>
#	G	D	E	R	K	N	Q	S	T	A	V	L	I	F	Y	W	H	M	C	P
0	0.01521	0.12382	0.18134	0.01108	0.01544	0.06159	0.01059	0.25718	0.15818	0.09854	0.01252	0.01250	0.00912	0.00552	0.00462	0.00146	0.00559	0.00420	0.00393	0.00759
1	0.00902	0.00573	0.00644	0.00582	0.00765	0.00494	0.00427	0.01017	0.01073	0.14070	0.03479	0.03665	0.44892	0.18627	0.00966	0.00224	0.00333	0.00831	0.00436	0.05998
2	0.01017	0.10117	0.72879	0.01348	0.02045	0.01217	0.01724	0.01548	0.01034	0.01519	0.00863	0.01014	0.00623	0.00463	0.00453	0.00151	0.00707	0.00354	0.00208	0.00717
3	0.01133	0.01083	0.01845	0.25651	0.57679	0.01146	0.01467	0.01435	0.01080	0.01505	0.00910	0.01243	0.00743	0.00453	0.00488	0.00151	0.00604	0.00438	0.00236	0.00711
4	0.00928	0.00873	0.01474	0.81548	0.03385	0.01092	0.01365	0.01256	0.00983	0.01256	0.00873	0.01310	0.00655	0.00491	0.00491	0.00164	0.00655	0.00437	0.00218	0.00546
5	0.00728	0.00474	0.00558	0.00558	0.00562	0.00478	0.00325	0.00715	0.00711	0.00951	0.01469	0.02987	0.01669	0.71140	0.05943	0.08963	0.00509	0.00678	0.00288	0.00296
6	0.00916	0.00458	0.00458	0.00458	0.00573	0.00458	0.00344	0.01145	0.01031	0.01832	0.01603	0.01832	0.01260	0.00573	0.00344	0.00115	0.00229	0.00458	0.85457	0.00458
7	0.00755	0.00462	0.00566	0.00566	0.00566	0.00462	0.00335	0.00693	0.00693	0.00924	0.01348	0.02720	0.01518	0.59377	0.02334	0.25040	0.00462	0.00632	0.00273	0.00273
8	0.01241	0.65054	0.19904	0.00966	0.01455	0.01765	0.01059	0.01490	0.01007	0.01246	0.00728	0.00844	0.00629	0.00431	0.00349	0.00116	0.00570	0.00285	0.00210	0.00652
9	0.01070	0.00578	0.00726	0.00682	0.00865	0.00508	0.00518	0.01215	0.01176	0.24043	0.09772	0.25447	0.26808	0.01126	0.00572	0.00172	0.00313	0.03363	0.00507	0.00537
10	0.01044	0.00929	0.01212	0.01034	0.01295	0.00998	0.11594	0.01941	0.45428	0.01853	0.11788	0.07509	0.09647	0.00787	0.00537	0.00167	0.00411	0.00703	0.00462	0.00662
11	0.01163	0.00784	0.00922	0.00746	0.01018	0.00708	0.00564	0.07225	0.06885	0.13116	0.06613	0.05009	0.01474	0.20092	0.00935	0.00203	0.00402	0.00535	0.00393	0.31210
12	0.06705	0.14847	0.07349	0.01096	0.09296	0.04610	0.02115	0.07975	0.01279	0.15614	0.13793	0.03270	0.08717	0.00666	0.00472	0.00145	0.00465	0.00542	0.00395	0.00648
13	0.06026	0.45312	0.18735	0.01072	0.01549	0.03462	0.06242	0.09730	0.01159	0.01537	0.00801	0.00922	0.00653	0.00452	0.00386	0.00128	0.00590	0.00326	0.00249	0.00668

[dist]
# distance from previous block
# <min> <max>
0	7

[block]
# block no. 6 follows, 51 sequences, length 29
# corresponding to MSA columns:
# 1285-1313
name=unknown_G
#
# <colnr> <probs for GDERKNQSTAVLIFYWHMCP>
#	G	D	E	R	K	N	Q	S	T	A	V	L	I	F	Y	W	H	M	C	P
0	0.01198	0.01016	0.01700	0.34497	0.41103	0.01093	0.01372	0.01494	0.01092	0.09240	0.01004	0.01299	0.00772	0.00476	0.00489	0.00154	0.00596	0.00443	0.00269	0.00690
1	0.02881	0.05927	0.11933	0.00889	0.01350	0.03453	0.00817	0.09918	0.01180	0.03182	0.00910	0.01030	0.00722	0.00417	0.00393	0.00099	0.00460	0.00320	0.00302	0.53815
2	0.44761	0.01143	0.01065	0.24433	0.01766	0.12836	0.00852	0.02736	0.03467	0.01789	0.00801	0.01000	0.00619	0.00483	0.00389	0.00152	0.00538	0.00336	0.00281	0.00554
3	0.01145	0.00702	0.00811	0.00710	0.00928	0.02949	0.00556	0.06411	0.02608	0.20607	0.27186	0.04709	0.25419	0.00949	0.00551	0.00158	0.00329	0.02185	0.00517	0.00571
4	0.00850	0.00687	0.00809	0.00701	0.00935	0.00622	0.00540	0.01225	0.12264	0.01762	0.32224	0.06542	0.10945	0.00827	0.00510	0.00137	0.00302	0.02219	0.00447	0.25455
5	0.00683	0.00505	0.00717	0.00743	0.00804	0.00558	0.00546	0.00814	0.00821	0.01151	0.01701	0.23519	0.01818	0.11644	0.49462	0.00588	0.02417	0.00777	0.00318	0.00415
6	0.01222	0.01056	0.01111	0.01000	0.01278	0.01222	0.00778	0.02611	0.78776	0.02056	0.02000	0.01833	0.01500	0.00667	0.00500	0.00167	0.00389	0.00556	0.00500	0.00778
7	0.00665	0.00456	0.00551	0.00599	0.00611	0.00443	0.00365	0.00702	0.00811	0.01081	0.02043	0.36981	0.02411	0.48113	0.01702	0.00358	0.00395	0.01006	0.00365	0.00341
8	0.01160	0.01326	0.02900	0.02071	0.02568	0.01243	0.77879	0.01574	0.01160	0.01574	0.00994	0.01326	0.00746	0.00414	0.00580	0.00166	0.00829	0.00580	0.00249	0.00663
9	0.04523	0.00839	0.01129	0.00868	0.01246	0.00733	0.00717	0.02369	0.01391	0.77857	0.01904	0.01649	0.01198	0.00604	0.00489	0.00152	0.00417	0.00488	0.00600	0.00828
10	0.00599	0.00428	0.00570	0.00684	0.00713	0.00399	0.00456	0.00684	0.00941	0.01254	0.02709	0.82409	0.03250	0.01540	0.00627	0.00200	0.00285	0.01397	0.00456	0.00399
11	0.12560	0.01351	0.01377	0.01073	0.01451	0.03793	0.00884	0.66086	0.02097	0.02928	0.01105	0.01123	0.00791	0.00571	0.00466	0.00147	0.00531	0.00416	0.00461	0.00789
12	0.01168	0.14518	0.55400	0.01308	0.01938	0.01229	0.06631	0.01628	0.01076	0.09277	0.00964	0.01082	0.00691	0.00470	0.00454	0.00148	0.00672	0.00375	0.00250	0.00718
13	0.01054	0.07294	0.31795	0.24939	0.08678	0.02376	0.06437	0.02412	0.02279	0.02898	0.00999	0.04873	0.00801	0.00522	0.00481	0.00156	0.00656	0.00451	0.00244	0.00654
14	0.01314	0.83025	0.02575	0.00841	0.01261	0.01945	0.00841	0.01472	0.00999	0.01156	0.00683	0.00788	0.00631	0.00420	0.00315	0.00105	0.00526	0.00263	0.00210	0.00631
15	0.00924	0.01028	0.09237	0.66202	0.03040	0.01082	0.01351	0.01257	0.00979	0.01283	0.01005	0.01395	0.03173	0.00592	0.02151	0.00178	0.03891	0.00450	0.00226	0.00557
16	0.01300	0.00995	0.01655	0.11280	0.42489	0.00989	0.05407	0.01560	0.01144	0.16693	0.01357	0.09428	0.02291	0.00597	0.00509	0.00156	0.00539	0.00561	0.00336	0.00713
17	0.01638	0.00815	0.01129	0.00926	0.01215	0.00761	0.05436	0.10815	0.01360	0.43253	0.01981	0.23102	0.01684	0.00913	0.02390	0.00180	0.00443	0.00735	0.00524	0.00700
18	0.00854	0.00427	0.00640	0.00640	0.00640	0.00427	0.00427	0.00640	0.00640	0.00854	0.00854	0.01494	0.00854	0.01707	0.01921	0.85702	0.00427	0.00427	0.00213	0.00213
19	0.00716	0.00543	0.00749	0.08773	0.01098	0.00547	0.00671	0.00908	0.02217	0.01383	0.05646	0.33430	0.10188	0.01304	0.00625	0.00201	0.00381	0.29739	0.00435	0.00444
20	0.01358	0.44404	0.02047	0.19216	0.04796	0.08000	0.00991	0.06109	0.01137	0.06574	0.00855	0.01013	0.00693	0.00467	0.00395	0.00127	0.00580	0.00339	0.00260	0.00638
21	0.01735	0.00736	0.00978	0.00788	0.01094	0.00640	0.00640	0.01925	0.01365	0.56214	0.15351	0.02439	0.10852	0.00763	0.00522	0.00156	0.00368	0.02140	0.00576	0.00717
22	0.00759	0.00541	0.00739	0.00819	0.00920	0.00533	0.00684	0.00963	0.01135	0.01505	0.15274	0.09490	0.03080	0.06949	0.00786	0.00230	0.00408	0.54287	0.00457	0.00441
23	0.01402	0.74874	0.02433	0.00844	0.01261	0.01823	0.00829	0.01563	0.01039	0.08976	0.00808	0.00876	0.00689	0.00439	0.00333	0.00110	0.00515	0.00286	0.00250	0.00651
24	0.69790	0.01059	0.06099	0.00754	0.01070	0.01111	0.00666	0.01488	0.00877	0.06563	0.00767	0.00884	0.00585	0.00494	0.00417	0.00157	0.06051	0.00297	0.00309	0.00563
25	0.09763	0.01058	0.01558	0.04274	0.43603	0.01069	0.01143	0.01740	0.10942	0.12680	0.01174	0.01306	0.00900	0.00489	0.00463	0.00146	0.00503	0.00434	0.00335	0.06420
26	0.09526	0.02059	0.56994	0.01206	0.01830	0.01048	0.01459	0.01564	0.01041	0.07063	0.00935	0.01056	0.00668	0.00463	0.00440	0.00145	0.00626	0.00354	0.00255	0.11270
27	0.01257	0.00878	0.01046	0.00782	0.01178	0.00720	0.00626	0.07722	0.01184	0.14705	0.01203	0.06782	0.00993	0.00505	0.00414	0.00101	0.00382	0.00414	0.00372	0.58739
28	0.01183	0.01107	0.06350	0.08942	0.01455	0.07284	0.00850	0.02873	0.33327	0.07203	0.11410	0.02067	0.05012	0.00691	0.00504	0.00156	0.00456	0.03143	0.00430	0.05558

[dist]
# distance from previous block
# <min> <max>
6	22

[block]
# block no. 7 follows, 51 sequences, length 55
# corresponding to MSA columns:
# 1339-1352,1362-1402
name=unknown_H
#
# <colnr> <probs for GDERKNQSTAVLIFYWHMCP>
#	G	D	E	R	K	N	Q	S	T	A	V	L	I	F	Y	W	H	M	C	P
0	0.08019	0.01252	0.01417	0.05704	0.25304	0.17761	0.02349	0.01642	0.01183	0.12619	0.03124	0.01389	0.00959	0.00521	0.00458	0.00138	0.00570	0.03025	0.02104	0.10463
1	0.08469	0.01357	0.10181	0.01011	0.01411	0.06970	0.00893	0.29300	0.08064	0.07299	0.04165	0.01265	0.00980	0.00541	0.00451	0.00136	0.00509	0.00412	0.00400	0.16186
2	0.01182	0.14463	0.58966	0.01253	0.01891	0.01212	0.01537	0.01645	0.01076	0.10949	0.00979	0.01077	0.00695	0.00477	0.00447	0.00148	0.00659	0.00364	0.00256	0.00725
3	0.05924	0.14495	0.47203	0.01325	0.05005	0.01225	0.06402	0.01626	0.01071	0.09932	0.00963	0.01080	0.00697	0.00470	0.00446	0.00148	0.00644	0.00373	0.00260	0.00711
4	0.01117	0.00900	0.01077	0.19047	0.03156	0.08427	0.00835	0.04258	0.10929	0.07607	0.01374	0.02893	0.02276	0.03775	0.19155	0.05399	0.00715	0.01447	0.05060	0.00554
5	0.02676	0.00944	0.05590	0.01006	0.01282	0.01831	0.11715	0.04795	0.10223	0.10701	0.21500	0.07319	0.09098	0.00794	0.00592	0.00160	0.04640	0.00691	0.00434	0.04007
6	0.00604	0.00433	0.00565	0.00668	0.00702	0.00404	0.00445	0.00687	0.00938	0.01243	0.02759	0.74876	0.06779	0.05486	0.00716	0.00211	0.00293	0.01347	0.00448	0.00395
7	0.01369	0.76095	0.02467	0.00865	0.01275	0.06289	0.00843	0.01526	0.01033	0.03504	0.00725	0.00820	0.00648	0.00431	0.00328	0.00108	0.00542	0.00273	0.00224	0.00633
8	0.01138	0.25640	0.54098	0.01215	0.01836	0.01353	0.01483	0.01571	0.01044	0.05147	0.00875	0.00996	0.00653	0.00460	0.00425	0.00141	0.00654	0.00340	0.00227	0.00704
9	0.01334	0.00928	0.01000	0.00886	0.01134	0.06586	0.00693	0.01995	0.31776	0.20091	0.17905	0.06115	0.03147	0.00785	0.00524	0.00162	0.00395	0.03355	0.00512	0.00678
10	0.82040	0.00926	0.00709	0.00637	0.00932	0.01071	0.00523	0.01430	0.00846	0.02187	0.00729	0.00849	0.00568	0.00462	0.00306	0.00150	0.00373	0.00275	0.04458	0.00529
11	0.00691	0.00481	0.00535	0.00540	0.00571	0.00466	0.00324	0.00718	0.00796	0.01033	0.02171	0.05315	0.14886	0.65611	0.02101	0.00413	0.00433	0.02261	0.00331	0.00323
12	0.06977	0.00960	0.01167	0.03601	0.06178	0.06162	0.03512	0.03379	0.12466	0.26809	0.03798	0.03299	0.03965	0.00806	0.02505	0.00181	0.02081	0.11026	0.00453	0.00674
13	0.00715	0.00476	0.00536	0.00536	0.00536	0.00476	0.00298	0.00715	0.00715	0.00953	0.01548	0.03216	0.01787	0.82729	0.02501	0.00476	0.00476	0.00715	0.00298	0.00298
14	0.00742	0.00512	0.00661	0.00621	0.00748	0.00468	0.00467	0.00959	0.01357	0.04883	0.68448	0.06279	0.09945	0.01025	0.00578	0.00157	0.00242	0.00901	0.00535	0.00472
15	0.01373	0.01147	0.01511	0.28653	0.17463	0.05441	0.01163	0.19968	0.09754	0.06961	0.01141	0.01318	0.00849	0.00532	0.00489	0.00154	0.00582	0.00448	0.00346	0.00706
16	0.01207	0.01071	0.01806	0.22988	0.55041	0.01119	0.01420	0.01501	0.01103	0.06605	0.00977	0.01270	0.00775	0.00463	0.00488	0.00151	0.00591	0.00441	0.00261	0.00723
17	0.00859	0.00459	0.00479	0.00488	0.00597	0.00450	0.00361	0.01069	0.01042	0.01755	0.05003	0.09645	0.05929	0.00718	0.00393	0.00127	0.00236	0.00596	0.69345	0.00450
18	0.00593	0.00498	0.00515	0.00510	0.00671	0.00420	0.00383	0.00729	0.01149	0.01395	0.12783	0.04618	0.71618	0.01219	0.00581	0.00165	0.00247	0.01022	0.00465	0.00420
19	0.01346	0.11537	0.29894	0.06534	0.07232	0.02242	0.05926	0.03988	0.06035	0.17658	0.02249	0.01274	0.00883	0.00511	0.00468	0.00149	0.00599	0.00422	0.00328	0.00726
20	0.01009	0.00816	0.09093	0.00761	0.01006	0.00632	0.00667	0.01343	0.07272	0.15120	0.40184	0.03095	0.13936	0.00895	0.00549	0.00158	0.00334	0.02058	0.00501	0.00572
21	0.00606	0.00442	0.00572	0.00672	0.00720	0.00408	0.00460	0.00703	0.00974	0.01282	0.04161	0.69959	0.11363	0.01493	0.00624	0.00196	0.00287	0.04216	0.00457	0.00404
22	0.00999	0.05837	0.77006	0.01378	0.02092	0.01174	0.01776	0.01553	0.01036	0.01540	0.00874	0.01027	0.00623	0.00465	0.00461	0.00154	0.00718	0.00359	0.00208	0.00722
23	0.01538	0.15980	0.07434	0.03848	0.08089	0.06597	0.02567	0.18715	0.05222	0.16634	0.04284	0.01413	0.03062	0.00565	0.00460	0.00142	0.00534	0.00446	0.01751	0.00721
24	0.00928	0.00873	0.01474	0.81548	0.03385	0.01092	0.01365	0.01256	0.00983	0.01256	0.00873	0.01310	0.00655	0.00491	0.00491	0.00164	0.00655	0.00437	0.00218	0.00546
25	0.83408	0.00964	0.00747	0.00662	0.00969	0.01116	0.00546	0.03980	0.00885	0.02234	0.00701	0.00811	0.00542	0.00461	0.00310	0.00152	0.00385	0.00272	0.00310	0.00542
26	0.00599	0.00428	0.00570	0.00684	0.00713	0.00399	0.00456	0.00684	0.00941	0.01254	0.02709	0.82409	0.03250	0.01540	0.00627	0.00200	0.00285	0.01397	0.00456	0.00399
27	0.01023	0.07762	0.73687	0.01362	0.02060	0.02668	0.01736	0.01558	0.01042	0.01524	0.00867	0.01019	0.00623	0.00465	0.00457	0.00152	0.00716	0.00356	0.00209	0.00717
28	0.01035	0.14561	0.68594	0.01317	0.01998	0.01261	0.01670	0.01544	0.01032	0.01497	0.00852	0.01000	0.00624	0.00460	0.00444	0.00148	0.00696	0.00348	0.00208	0.00712
29	0.01116	0.01618	0.22264	0.01853	0.02391	0.01222	0.54768	0.01594	0.03552	0.01577	0.00990	0.01264	0.00736	0.00444	0.00570	0.00164	0.02428	0.00522	0.00245	0.00680
30	0.86201	0.00950	0.00722	0.00646	0.00950	0.01102	0.00532	0.01445	0.00836	0.02205	0.00684	0.00798	0.00532	0.00456	0.00304	0.00152	0.00380	0.00266	0.00304	0.00532
31	0.00604	0.00452	0.00563	0.00650	0.00716	0.00411	0.00452	0.00706	0.00994	0.01283	0.03257	0.59707	0.21824	0.01459	0.00618	0.00193	0.00284	0.04966	0.00456	0.00406
32	0.00702	0.00527	0.00790	0.00790	0.00878	0.00614	0.00614	0.00878	0.00790	0.01141	0.01316	0.01931	0.01229	0.03686	0.80782	0.00790	0.01316	0.00527	0.00263	0.00439
33	0.00928	0.00873	0.01474	0.81548	0.03385	0.01092	0.01365	0.01256	0.00983	0.01256	0.00873	0.01310	0.00655	0.00491	0.00491	0.00164	0.00655	0.00437	0.00218	0.00546
34	0.00755	0.00603	0.00831	0.00963	0.12517	0.00563	0.00613	0.00975	0.01292	0.01780	0.51364	0.03561	0.17994	0.00976	0.00569	0.00158	0.00295	0.03213	0.00478	0.00501
35	0.12602	0.00771	0.00894	0.00756	0.00993	0.00775	0.00600	0.14136	0.01473	0.16985	0.41150	0.02493	0.02806	0.00787	0.00512	0.00153	0.00339	0.00656	0.00514	0.00606
36	0.86201	0.00950	0.00722	0.00646	0.00950	0.01102	0.00532	0.01445	0.00836	0.02205	0.00684	0.00798	0.00532	0.00456	0.00304	0.00152	0.00380	0.00266	0.00304	0.00532
37	0.00687	0.00500	0.00647	0.00615	0.00730	0.00459	0.00459	0.00910	0.01365	0.01919	0.73588	0.06186	0.08026	0.01032	0.00581	0.00156	0.00234	0.00911	0.00534	0.00459
38	0.22259	0.01118	0.01131	0.00920	0.01264	0.06622	0.00747	0.19636	0.10122	0.29270	0.01386	0.01311	0.00954	0.00567	0.00445	0.00151	0.00467	0.00422	0.00471	0.00738
39	0.01706	0.01296	0.01383	0.01098	0.01462	0.01448	0.00895	0.59047	0.21553	0.02835	0.01386	0.01344	0.01003	0.00609	0.00494	0.00152	0.00503	0.00471	0.00494	0.00821
40	0.01216	0.01168	0.01995	0.03016	0.79664	0.01168	0.01508	0.01508	0.01119	0.01605	0.00924	0.01216	0.00778	0.00438	0.00487	0.00146	0.00584	0.00438	0.00243	0.00778
41	0.00667	0.00501	0.00617	0.00588	0.00716	0.00451	0.00441	0.00871	0.01323	0.01809	0.60675	0.03937	0.23468	0.01065	0.00580	0.00157	0.00236	0.00926	0.00520	0.00451
42	0.01783	0.01712	0.01398	0.01177	0.01493	0.37666	0.03444	0.21944	0.11903	0.10891	0.01178	0.01194	0.00872	0.00558	0.00474	0.00142	0.00674	0.00410	0.00389	0.00701
43	0.01149	0.01099	0.01872	0.21461	0.61748	0.01150	0.01475	0.01449	0.01087	0.01523	0.00912	0.01238	0.00749	0.00450	0.00488	0.00150	0.00601	0.00438	0.00237	0.00724
44	0.00604	0.00432	0.00567	0.00672	0.00703	0.00403	0.00446	0.00686	0.00934	0.01242	0.02710	0.76550	0.05136	0.05493	0.00717	0.00212	0.00294	0.01355	0.00448	0.00395
45	0.00624	0.00447	0.00595	0.00680	0.00729	0.00418	0.00470	0.00743	0.01034	0.01399	0.17246	0.64542	0.03497	0.01431	0.00620	0.00192	0.00281	0.04166	0.00472	0.00413
46	0.06434	0.01179	0.01393	0.01100	0.01456	0.07779	0.09325	0.20976	0.13583	0.26200	0.04448	0.01499	0.01158	0.00589	0.00492	0.00153	0.00520	0.00488	0.00473	0.00754
47	0.05498	0.00553	0.00683	0.00754	0.00864	0.00554	0.00600	0.01005	0.04622	0.01509	0.04176	0.27245	0.07943	0.01240	0.00594	0.00195	0.00357	0.32707	0.08444	0.00454
48	0.64055	0.00867	0.00736	0.00649	0.00929	0.00966	0.00525	0.01491	0.00915	0.11156	0.00961	0.01117	0.00743	0.04498	0.00437	0.00164	0.00375	0.00333	0.08534	0.00549
49	0.00829	0.00549	0.00736	0.03998	0.00965	0.00542	0.00606	0.01046	0.06074	0.08024	0.02502	0.51154	0.02773	0.01324	0.00613	0.00198	0.00353	0.16775	0.00462	0.00478
50	0.06030	0.67443	0.06937	0.00880	0.01305	0.05611	0.00879	0.01492	0.01011	0.01253	0.00704	0.00815	0.00628	0.00428	0.00331	0.00111	0.00542	0.00272	0.00220	0.03108
51	0.08244	0.00966	0.01523	0.47441	0.18109	0.01106	0.03248	0.02669	0.01019	0.01466	0.00868	0.01219	0.00679	0.00482	0.00509	0.00155	0.03510	0.00417	0.00241	0.06128
