[name]
unknown

[dist]
# distance from previous block
# <min> <max>
0	46

[block]
# block no. 0 follows, 61 sequences, length 10
# corresponding to MSA columns:
# 58-67
name=unknown_A
#
# <colnr> <probs for GDERKNQSTAVLIFYWHMCP>
#	G	D	E	R	K	N	Q	S	T	A	V	L	I	F	Y	W	H	M	C	P
0	0.13026	0.02278	0.04783	0.00881	0.04569	0.03910	0.06676	0.06182	0.03663	0.11176	0.16823	0.01968	0.09887	0.00638	0.00467	0.00136	0.03192	0.04445	0.00358	0.04943
1	0.07196	0.00954	0.04597	0.01345	0.19058	0.03937	0.11983	0.03408	0.07724	0.04424	0.01303	0.11940	0.04759	0.00618	0.00522	0.00142	0.07024	0.03152	0.00292	0.05621
2	0.01176	0.16439	0.01184	0.00798	0.01025	0.04017	0.00647	0.19350	0.20094	0.04876	0.01071	0.01202	0.00858	0.00826	0.03211	0.21552	0.00443	0.00379	0.00318	0.00535
3	0.01455	0.00848	0.00970	0.00737	0.01083	0.06880	0.00595	0.01628	0.01084	0.40952	0.01214	0.01164	0.00841	0.00433	0.00380	0.00101	0.00377	0.00344	0.00388	0.38527
4	0.00595	0.00484	0.00671	0.06353	0.00890	0.00468	0.04383	0.00748	0.02588	0.01174	0.04908	0.37939	0.25293	0.01204	0.04108	0.00185	0.00337	0.06914	0.00372	0.00388
5	0.03444	0.19698	0.41687	0.01294	0.12761	0.02832	0.04585	0.01375	0.04287	0.01331	0.02440	0.00963	0.00673	0.00412	0.00386	0.00126	0.00558	0.00330	0.00208	0.00612
6	0.00581	0.00414	0.00528	0.00594	0.00652	0.00389	0.00410	0.00705	0.03450	0.03220	0.04613	0.65200	0.12550	0.01317	0.03032	0.00184	0.00278	0.01107	0.00401	0.00375
7	0.00552	0.00390	0.00510	0.00596	0.00623	0.00370	0.00402	0.00625	0.00809	0.01077	0.02225	0.67223	0.02642	0.13021	0.00783	0.00211	0.00284	0.06936	0.00380	0.00341
8	0.04870	0.02847	0.13049	0.02684	0.10875	0.08424	0.07323	0.09559	0.27607	0.01620	0.01206	0.05991	0.00974	0.00528	0.00429	0.00138	0.00488	0.00448	0.00318	0.00621
9	0.09839	0.05277	0.04796	0.10606	0.01283	0.14577	0.00706	0.05420	0.04455	0.01368	0.00966	0.08960	0.00882	0.04029	0.02093	0.00138	0.00472	0.00402	0.00267	0.23466

[dist]
# distance from previous block
# <min> <max>
3	8

[block]
# block no. 1 follows, 61 sequences, length 55
# corresponding to MSA columns:
# 78,87-134,137-142
name=unknown_B
#
# <colnr> <probs for GDERKNQSTAVLIFYWHMCP>
#	G	D	E	R	K	N	Q	S	T	A	V	L	I	F	Y	W	H	M	C	P
0	0.01036	0.04657	0.10838	0.06224	0.19237	0.02153	0.02957	0.05832	0.06092	0.06135	0.00964	0.03156	0.00784	0.00618	0.05762	0.00154	0.02008	0.00377	0.00268	0.20750
1	0.05580	0.01114	0.03236	0.05744	0.01305	0.09141	0.00741	0.33107	0.05576	0.03937	0.00938	0.01021	0.00711	0.01580	0.00411	0.00115	0.00454	0.00340	0.00334	0.24614
2	0.00694	0.00480	0.00586	0.00571	0.00641	0.00475	0.00392	0.06240	0.01925	0.01226	0.17342	0.18397	0.05681	0.26954	0.04199	0.10595	0.00357	0.00723	0.00340	0.02182
3	0.00592	0.00427	0.00552	0.00630	0.02548	0.00405	0.00429	0.00687	0.01796	0.02120	0.02438	0.47478	0.15798	0.08256	0.04723	0.03954	0.00326	0.06111	0.00369	0.00359
4	0.02326	0.07009	0.05078	0.02449	0.04984	0.22187	0.06703	0.20582	0.02957	0.05804	0.00964	0.04442	0.00792	0.00746	0.07700	0.00178	0.03829	0.00397	0.00295	0.00578
5	0.02919	0.16144	0.03463	0.03456	0.37773	0.03654	0.07136	0.03744	0.01860	0.01371	0.05049	0.03442	0.00957	0.00507	0.01453	0.00133	0.00501	0.03531	0.00245	0.02662
6	0.00768	0.00680	0.00871	0.00967	0.11443	0.06499	0.00650	0.00938	0.02758	0.01111	0.04524	0.02957	0.08045	0.05342	0.43308	0.02216	0.05732	0.00500	0.00257	0.00434
7	0.06303	0.00493	0.00648	0.03903	0.00754	0.00519	0.00454	0.03711	0.00724	0.05118	0.01067	0.03903	0.01057	0.18103	0.13658	0.35730	0.00505	0.02780	0.00252	0.00319
8	0.14901	0.00970	0.02234	0.00766	0.01019	0.12771	0.00612	0.02402	0.11304	0.12549	0.04161	0.01368	0.04888	0.04532	0.01765	0.00144	0.05313	0.00391	0.00326	0.17585
9	0.00855	0.00894	0.12081	0.02843	0.01151	0.00662	0.05077	0.01065	0.00891	0.04497	0.06897	0.03741	0.03894	0.02127	0.08335	0.04328	0.03913	0.00413	0.00269	0.36068
10	0.04593	0.00569	0.00659	0.00606	0.00770	0.00544	0.00464	0.06104	0.05146	0.10343	0.18428	0.12194	0.22627	0.06409	0.00594	0.00161	0.00290	0.05083	0.00412	0.04002
11	0.09434	0.00575	0.00668	0.00616	0.00777	0.00566	0.00469	0.02971	0.07346	0.12337	0.16868	0.14062	0.10021	0.04960	0.02625	0.03665	0.00315	0.03341	0.04375	0.04006
12	0.30872	0.00595	0.00590	0.00556	0.00722	0.00627	0.00428	0.02580	0.00869	0.08900	0.03173	0.13337	0.04423	0.02788	0.00490	0.05453	0.00295	0.02343	0.20525	0.00435
13	0.29356	0.00734	0.00757	0.00650	0.00892	0.00758	0.00518	0.06556	0.07839	0.16243	0.06486	0.02810	0.09348	0.05746	0.00499	0.00151	0.00335	0.03351	0.00372	0.06600
14	0.09480	0.00619	0.00710	0.00644	0.00817	0.00620	0.00489	0.06371	0.08570	0.16323	0.09780	0.15482	0.11945	0.10668	0.02825	0.00191	0.00341	0.02331	0.00402	0.01394
15	0.02455	0.00601	0.00695	0.00642	0.00785	0.00607	0.00477	0.11522	0.08388	0.08738	0.13910	0.19057	0.11011	0.14110	0.00750	0.00189	0.00317	0.02316	0.02965	0.00465
16	0.65191	0.00813	0.00689	0.00609	0.00864	0.00920	0.00493	0.05079	0.06533	0.05908	0.00965	0.02380	0.03879	0.02348	0.00352	0.00141	0.00336	0.00323	0.01681	0.00496
17	0.03329	0.00531	0.00641	0.00583	0.00689	0.00517	0.02366	0.04499	0.02846	0.05493	0.15670	0.07682	0.07632	0.38854	0.01248	0.00264	0.00352	0.01601	0.01276	0.03929
18	0.31625	0.00692	0.00700	0.00627	0.00835	0.00731	0.00493	0.06473	0.06299	0.12543	0.12046	0.10469	0.06742	0.02870	0.00444	0.00146	0.00312	0.01465	0.03992	0.00498
19	0.24131	0.00787	0.00819	0.00713	0.00944	0.00849	0.00567	0.15457	0.13318	0.12346	0.05210	0.07402	0.04122	0.04409	0.00486	0.00153	0.00350	0.04235	0.03151	0.00552
20	0.09779	0.00736	0.00836	0.00694	0.00936	0.02788	0.00555	0.07200	0.05860	0.19573	0.24859	0.01893	0.03640	0.00620	0.00449	0.00126	0.02385	0.02270	0.00409	0.14391
21	0.00870	0.00524	0.00615	0.00579	0.00728	0.00501	0.00449	0.06325	0.02499	0.11592	0.09163	0.11069	0.22330	0.00923	0.02484	0.02225	0.00295	0.07024	0.19356	0.00450
22	0.03044	0.00552	0.00686	0.00640	0.00764	0.00556	0.00477	0.02760	0.06357	0.15053	0.10184	0.10523	0.06890	0.20666	0.10622	0.02041	0.02140	0.05234	0.00369	0.00441
23	0.10232	0.00662	0.00869	0.08717	0.02321	0.00701	0.03788	0.07480	0.03893	0.08943	0.11690	0.15333	0.06670	0.02025	0.09511	0.00211	0.02257	0.03859	0.00356	0.00482
24	0.01466	0.04280	0.01254	0.06912	0.03415	0.66023	0.00860	0.01622	0.03200	0.01082	0.00710	0.00856	0.00592	0.00520	0.02391	0.00131	0.03659	0.00299	0.00223	0.00505
25	0.00738	0.00522	0.00690	0.02065	0.03963	0.02355	0.00506	0.00825	0.02655	0.02980	0.02767	0.06338	0.03063	0.18418	0.24369	0.17150	0.02367	0.05968	0.01906	0.00354
26	0.19613	0.00669	0.00770	0.00696	0.00863	0.02350	0.04271	0.07864	0.00958	0.07189	0.06389	0.15215	0.04222	0.11054	0.09135	0.00234	0.00444	0.04965	0.02649	0.00450
27	0.06075	0.00852	0.01001	0.07139	0.03574	0.06780	0.06089	0.07179	0.23157	0.02685	0.01491	0.17959	0.02479	0.05510	0.05900	0.00197	0.00468	0.00598	0.00342	0.00525
28	0.09319	0.00986	0.01350	0.35453	0.22981	0.07798	0.02673	0.07359	0.01018	0.04706	0.00814	0.01055	0.00625	0.00425	0.00411	0.00133	0.00535	0.00363	0.00240	0.01756
29	0.00852	0.00799	0.01353	0.56558	0.20361	0.00923	0.02871	0.01120	0.00904	0.01200	0.04081	0.05353	0.00851	0.00482	0.00440	0.00141	0.00533	0.00443	0.00218	0.00517
30	0.00893	0.00766	0.00893	0.00638	0.01021	0.00574	0.00510	0.01085	0.00893	0.01404	0.00766	0.00893	0.00638	0.00319	0.00319	0.00064	0.00319	0.00255	0.00255	0.87495
31	0.00627	0.00445	0.00570	0.02573	0.00699	0.00415	0.00418	0.00721	0.00897	0.02226	0.18863	0.26265	0.13560	0.10534	0.02922	0.08181	0.00309	0.04261	0.00365	0.05149
32	0.00658	0.00505	0.00678	0.00677	0.00732	0.02242	0.02825	0.00743	0.00748	0.01010	0.01549	0.20953	0.02607	0.22180	0.23976	0.05280	0.04352	0.07648	0.00288	0.00348
33	0.01628	0.01042	0.01168	0.00908	0.01229	0.01113	0.00742	0.53358	0.07198	0.21602	0.01255	0.01249	0.00886	0.03964	0.00504	0.00143	0.00437	0.00415	0.00449	0.00710
34	0.80229	0.00901	0.00689	0.00609	0.00878	0.04334	0.00498	0.05115	0.00815	0.01935	0.00623	0.00719	0.00483	0.00407	0.00279	0.00132	0.00358	0.00243	0.00273	0.00481
35	0.00640	0.00468	0.00554	0.00593	0.03948	0.00415	0.00407	0.00754	0.00963	0.05910	0.10571	0.16903	0.45457	0.07943	0.00648	0.00172	0.00263	0.02603	0.00395	0.00392
36	0.00941	0.00999	0.01930	0.03558	0.01789	0.01012	0.48224	0.01210	0.00913	0.01283	0.00914	0.06965	0.00798	0.00571	0.02656	0.00160	0.16098	0.00505	0.00229	0.09246
37	0.00928	0.00858	0.01247	0.18319	0.26545	0.05599	0.04103	0.03168	0.04325	0.02295	0.06728	0.06405	0.06671	0.00724	0.03872	0.02274	0.01860	0.03274	0.00275	0.00531
38	0.00922	0.00873	0.01181	0.01063	0.02993	0.02706	0.00856	0.04204	0.03058	0.01138	0.00799	0.01256	0.00764	0.01178	0.15638	0.00271	0.56793	0.03610	0.00222	0.00475
39	0.04854	0.00520	0.00599	0.00550	0.00712	0.00472	0.00417	0.00968	0.03074	0.12335	0.19972	0.07826	0.30883	0.07064	0.00601	0.00159	0.00268	0.02316	0.01718	0.04692
40	0.07005	0.00530	0.00638	0.00612	0.00762	0.00497	0.00467	0.01061	0.02683	0.19016	0.08705	0.22445	0.18552	0.06573	0.00605	0.00172	0.00299	0.08509	0.00417	0.00455
41	0.07975	0.00639	0.00759	0.00662	0.00838	0.00644	0.00503	0.10805	0.02681	0.22962	0.05464	0.09047	0.01410	0.18401	0.07005	0.02390	0.00419	0.01721	0.05174	0.00500
42	0.11466	0.00659	0.00755	0.00679	0.00871	0.00674	0.00526	0.02457	0.18480	0.17523	0.14558	0.10441	0.04882	0.04916	0.00582	0.03624	0.00318	0.03897	0.00412	0.02279
43	0.11626	0.00599	0.00700	0.00623	0.00816	0.00577	0.00484	0.02359	0.06324	0.23020	0.22161	0.12716	0.14690	0.00798	0.00459	0.00142	0.00283	0.00673	0.00441	0.00509
44	0.30108	0.00626	0.00633	0.00574	0.00778	0.00629	0.00450	0.02235	0.00961	0.15786	0.09407	0.11385	0.23345	0.00763	0.00418	0.00141	0.00289	0.00615	0.00386	0.00471
45	0.56438	0.00713	0.00629	0.00572	0.00784	0.00788	0.00448	0.01159	0.02761	0.04299	0.03037	0.06463	0.00867	0.04358	0.00503	0.07054	0.00326	0.00363	0.04544	0.03892
46	0.16391	0.00635	0.00733	0.00667	0.00845	0.00666	0.00522	0.03887	0.09962	0.15300	0.13327	0.08490	0.01619	0.02966	0.12646	0.03800	0.00440	0.03450	0.03161	0.00494
47	0.22382	0.00690	0.00737	0.00656	0.00853	0.00730	0.00509	0.07297	0.10974	0.12857	0.13329	0.08206	0.06086	0.07482	0.05218	0.00193	0.00370	0.00543	0.00383	0.00506
48	0.05362	0.00501	0.00598	0.00573	0.00706	0.00466	0.00423	0.01946	0.01934	0.13546	0.20140	0.23997	0.20376	0.06711	0.00609	0.00167	0.00270	0.00824	0.00421	0.00432
49	0.42004	0.00750	0.00736	0.00644	0.00884	0.00806	0.00513	0.05532	0.06655	0.18780	0.01203	0.10609	0.01002	0.02472	0.00400	0.00143	0.00333	0.00433	0.05570	0.00530
50	0.00987	0.00890	0.02813	0.01220	0.12989	0.03930	0.11139	0.05940	0.08938	0.05217	0.04887	0.04434	0.03823	0.02035	0.14388	0.00240	0.12326	0.00489	0.02776	0.00539
51	0.05934	0.00525	0.00729	0.00713	0.02587	0.00543	0.03986	0.00878	0.02909	0.04581	0.09557	0.13706	0.07142	0.09048	0.28097	0.06127	0.00606	0.01619	0.00311	0.00399
52	0.02784	0.00472	0.00564	0.00557	0.00659	0.00448	0.00400	0.01974	0.02944	0.06604	0.19615	0.20903	0.19297	0.13597	0.02743	0.02247	0.00299	0.01781	0.01720	0.00392
53	0.05922	0.23757	0.03351	0.04922	0.15360	0.04849	0.16981	0.04054	0.03007	0.03708	0.00873	0.03455	0.00749	0.00463	0.00450	0.00129	0.04713	0.02445	0.00240	0.00573
54	0.02250	0.08085	0.07622	0.04969	0.24596	0.13452	0.10665	0.01356	0.07273	0.01283	0.02211	0.03689	0.02836	0.02925	0.00534	0.03698	0.01334	0.00422	0.00242	0.00560

[dist]
# distance from previous block
# <min> <max>
0	1

[block]
# block no. 2 follows, 61 sequences, length 43
# corresponding to MSA columns:
# 144-186
name=unknown_C
#
# <colnr> <probs for GDERKNQSTAVLIFYWHMCP>
#	G	D	E	R	K	N	Q	S	T	A	V	L	I	F	Y	W	H	M	C	P
0	0.00866	0.00638	0.00977	0.07161	0.20554	0.00664	0.00746	0.01020	0.02931	0.06960	0.03455	0.07416	0.03773	0.04397	0.16444	0.14036	0.01949	0.05274	0.00278	0.00460
1	0.01969	0.00786	0.02563	0.46003	0.10377	0.02349	0.01000	0.01188	0.02999	0.07932	0.05806	0.02859	0.04466	0.00660	0.04388	0.00168	0.01674	0.02037	0.00264	0.00511
2	0.05393	0.23390	0.10931	0.03023	0.02705	0.29063	0.02542	0.01428	0.05119	0.01174	0.00829	0.04999	0.00731	0.00610	0.04448	0.00147	0.02365	0.00346	0.00228	0.00528
3	0.06927	0.10770	0.14437	0.09750	0.03767	0.11377	0.09860	0.05839	0.02797	0.06792	0.01008	0.03298	0.03616	0.02266	0.00505	0.00140	0.05641	0.00397	0.00258	0.00555
4	0.00826	0.01696	0.00981	0.12023	0.05108	0.03719	0.03553	0.02055	0.00822	0.04581	0.02421	0.05163	0.03550	0.07197	0.30669	0.02641	0.09787	0.02514	0.00256	0.00439
5	0.00796	0.00841	0.10151	0.03892	0.05598	0.06279	0.03244	0.03043	0.03213	0.02895	0.01594	0.29980	0.03145	0.13430	0.07740	0.00238	0.00487	0.02681	0.00309	0.00443
6	0.08967	0.02310	0.01003	0.02860	0.01131	0.05831	0.00651	0.06414	0.01206	0.57806	0.01557	0.01494	0.03325	0.00546	0.00421	0.00134	0.00399	0.02817	0.00463	0.00666
7	0.00905	0.07917	0.49721	0.09795	0.12650	0.01029	0.01354	0.01345	0.05251	0.01330	0.00882	0.04358	0.00702	0.00452	0.00411	0.00135	0.00569	0.00373	0.00210	0.00611
8	0.00911	0.00865	0.01468	0.52593	0.33441	0.00983	0.01245	0.01186	0.00907	0.01219	0.00783	0.01117	0.00616	0.00413	0.00429	0.00138	0.00550	0.00383	0.00200	0.00557
9	0.01137	0.80411	0.04684	0.00762	0.01129	0.01673	0.00768	0.01286	0.00871	0.01025	0.00603	0.00704	0.00553	0.00380	0.00310	0.00096	0.02633	0.00237	0.00184	0.00553
10	0.01848	0.00766	0.01036	0.00801	0.01130	0.00688	0.02282	0.03848	0.06786	0.73458	0.01671	0.01460	0.01068	0.00533	0.00435	0.00134	0.00375	0.00437	0.00518	0.00726
11	0.00729	0.00565	0.00721	0.06786	0.05313	0.00559	0.00544	0.01034	0.10660	0.04501	0.34743	0.03008	0.24672	0.00842	0.00490	0.00142	0.00281	0.03537	0.00414	0.00459
12	0.00570	0.00412	0.00557	0.00628	0.00675	0.00409	0.00453	0.00672	0.00816	0.01092	0.02147	0.50523	0.05266	0.07191	0.15508	0.00286	0.00442	0.11635	0.00360	0.00357
13	0.00817	0.00761	0.01268	0.68816	0.10248	0.00914	0.01137	0.01091	0.00898	0.01170	0.05896	0.01347	0.02923	0.00471	0.00437	0.00142	0.00536	0.00421	0.00216	0.00490
14	0.01028	0.25590	0.01590	0.01015	0.01131	0.04396	0.00878	0.01135	0.00743	0.01031	0.00579	0.00863	0.00561	0.00630	0.01044	0.00158	0.56613	0.00330	0.00188	0.00496
15	0.00615	0.00462	0.00692	0.00692	0.00769	0.00538	0.00538	0.00769	0.00692	0.01000	0.01154	0.01692	0.01077	0.03231	0.83154	0.00692	0.01154	0.00462	0.00231	0.00385
16	0.00526	0.00434	0.00462	0.00461	0.00594	0.00370	0.00343	0.00649	0.01013	0.01252	0.16852	0.07656	0.65761	0.01069	0.00511	0.00145	0.00217	0.00902	0.00412	0.00370
17	0.00918	0.03076	0.32821	0.12367	0.08191	0.00933	0.11577	0.05060	0.02645	0.03713	0.01353	0.02810	0.11604	0.00522	0.00442	0.00139	0.00542	0.00460	0.00251	0.00577
18	0.00642	0.00516	0.00738	0.16844	0.04410	0.00546	0.00612	0.00846	0.06562	0.01162	0.01955	0.59128	0.02211	0.01078	0.00514	0.00165	0.00330	0.00975	0.00355	0.00412
19	0.00918	0.00904	0.01262	0.01088	0.01091	0.01255	0.00900	0.01010	0.00660	0.01027	0.00619	0.01045	0.00624	0.04243	0.04410	0.00216	0.77684	0.00390	0.00193	0.00460
20	0.00893	0.00766	0.00893	0.00638	0.01021	0.00574	0.00510	0.01085	0.00893	0.01404	0.00766	0.00893	0.00638	0.00319	0.00319	0.00064	0.00319	0.00255	0.00255	0.87495
21	0.00906	0.14454	0.70776	0.01155	0.01752	0.01104	0.01465	0.01353	0.00904	0.01312	0.00747	0.00877	0.00547	0.00403	0.00390	0.00130	0.00611	0.00305	0.00182	0.00624
22	0.01041	0.63666	0.04448	0.11726	0.01331	0.01460	0.00793	0.01204	0.00870	0.01044	0.00788	0.08423	0.00765	0.00468	0.00326	0.00108	0.00462	0.00344	0.00205	0.00527
23	0.00626	0.00418	0.00470	0.00470	0.00470	0.00418	0.00261	0.00626	0.00626	0.00835	0.01357	0.02819	0.01566	0.84862	0.02192	0.00418	0.00418	0.00626	0.00261	0.00261
24	0.00880	0.00813	0.03717	0.00748	0.04322	0.00607	0.01805	0.01093	0.01723	0.01397	0.01807	0.01109	0.05007	0.00375	0.00343	0.00076	0.00338	0.00309	0.00262	0.73270
25	0.00943	0.06033	0.26078	0.02657	0.02610	0.00840	0.00914	0.01382	0.13038	0.06205	0.08604	0.01547	0.02634	0.00524	0.00410	0.00123	0.00431	0.05131	0.00302	0.19594
26	0.00858	0.00728	0.00878	0.00708	0.04415	0.00574	0.00524	0.01036	0.00876	0.01346	0.01914	0.01170	0.02627	0.06263	0.04011	0.00120	0.00366	0.00316	0.00259	0.71010
27	0.06985	0.04047	0.51267	0.01100	0.03583	0.00919	0.05228	0.01291	0.01911	0.02855	0.09331	0.01224	0.02461	0.00465	0.00409	0.00131	0.00532	0.00381	0.00239	0.05642
28	0.00920	0.00900	0.01263	0.61916	0.09715	0.09648	0.01106	0.01179	0.00913	0.01159	0.00804	0.01134	0.00619	0.00433	0.00417	0.00136	0.00564	0.00373	0.06309	0.00494
29	0.00991	0.00906	0.01461	0.13028	0.46670	0.00936	0.04134	0.06807	0.03523	0.01502	0.11603	0.01488	0.04067	0.00495	0.00444	0.00133	0.00470	0.00463	0.00274	0.00607
30	0.00998	0.00942	0.01567	0.04252	0.55299	0.00955	0.07548	0.01336	0.09342	0.01382	0.01030	0.05500	0.00915	0.06384	0.00565	0.00154	0.00493	0.00464	0.00249	0.00622
31	0.00630	0.00557	0.06323	0.00609	0.00710	0.00479	0.00482	0.00728	0.00770	0.01046	0.07999	0.05416	0.14406	0.20139	0.27050	0.10817	0.00605	0.00602	0.00281	0.00349
32	0.27727	0.00955	0.01025	0.03143	0.11916	0.07134	0.00718	0.14343	0.01137	0.20276	0.01084	0.06884	0.00852	0.00518	0.00386	0.00133	0.00421	0.00401	0.00351	0.00594
33	0.02552	0.46066	0.28471	0.00981	0.01413	0.01401	0.05359	0.01301	0.00876	0.01166	0.00668	0.00806	0.00555	0.00409	0.00412	0.00117	0.06400	0.00285	0.00187	0.00575
34	0.00590	0.00492	0.02284	0.00611	0.02330	0.00432	0.01525	0.00750	0.01027	0.01370	0.32406	0.14653	0.28507	0.01165	0.06316	0.00186	0.00312	0.04242	0.00405	0.00396
35	0.00653	0.00457	0.00550	0.00578	0.00620	0.00454	0.00382	0.06250	0.00835	0.01110	0.01874	0.39728	0.03204	0.36534	0.01236	0.00275	0.00342	0.04232	0.00343	0.00341
36	0.08739	0.03318	0.36653	0.08382	0.04890	0.02681	0.06591	0.01246	0.02013	0.01374	0.04769	0.04103	0.00923	0.00523	0.00474	0.00141	0.05052	0.04825	0.00234	0.03068
37	0.01021	0.03533	0.12807	0.04241	0.11909	0.06574	0.00845	0.05012	0.00986	0.03334	0.00804	0.00950	0.00643	0.00428	0.02023	0.00107	0.00461	0.00302	0.00247	0.43773
38	0.00735	0.00382	0.00568	0.00568	0.00573	0.00387	0.00382	0.00578	0.00572	0.00768	0.00794	0.01380	0.00795	0.04027	0.07418	0.78860	0.00430	0.00388	0.00192	0.00203
39	0.03072	0.00682	0.00816	0.07331	0.02782	0.02913	0.02181	0.03202	0.18843	0.01544	0.27891	0.03800	0.13157	0.02598	0.03067	0.00163	0.02209	0.00625	0.02639	0.00486
40	0.00941	0.00777	0.00928	0.00678	0.01032	0.00629	0.00546	0.01124	0.00891	0.04824	0.00791	0.00921	0.00651	0.00359	0.00401	0.00076	0.06201	0.00271	0.00262	0.77697
41	0.00703	0.00550	0.00628	0.00585	0.00710	0.02207	0.00450	0.05100	0.01070	0.02725	0.27465	0.04393	0.34214	0.00997	0.02407	0.03685	0.06158	0.02084	0.03461	0.00408
42	0.00825	0.00775	0.01307	0.76314	0.08476	0.00948	0.01188	0.01105	0.00869	0.01122	0.00804	0.02960	0.00631	0.00447	0.00433	0.00143	0.00563	0.00401	0.00197	0.00490

[dist]
# distance from previous block
# <min> <max>
0	6

# created by:
# /st0/software/busco_prod/Augustus/scripts/msa2prfl.pl ./align_prep/155937.fa
