[name]
unknown

[dist]
# distance from previous block
# <min> <max>
0	39

[block]
# block no. 0 follows, 63 sequences, length 19
# corresponding to MSA columns:
# 39-57
name=unknown_A
#
# <colnr> <probs for GDERKNQSTAVLIFYWHMCP>
#	G	D	E	R	K	N	Q	S	T	A	V	L	I	F	Y	W	H	M	C	P
0	0.01356	0.00956	0.01078	0.00886	0.01166	0.01023	0.00737	0.49858	0.05482	0.08368	0.01346	0.01879	0.01136	0.00643	0.00451	0.00139	0.00424	0.17775	0.00413	0.04882
1	0.06751	0.06967	0.04738	0.00808	0.01141	0.00967	0.00692	0.25551	0.10193	0.20456	0.01147	0.02580	0.00837	0.00476	0.00384	0.00117	0.00393	0.00369	0.00378	0.15053
2	0.04476	0.21750	0.16333	0.02626	0.10914	0.05187	0.00896	0.07061	0.05605	0.06202	0.02862	0.01015	0.00749	0.02135	0.00396	0.00118	0.00465	0.00324	0.00256	0.10630
3	0.09033	0.12223	0.48786	0.01066	0.02991	0.04404	0.03640	0.03732	0.04461	0.01393	0.00781	0.00896	0.00585	0.00404	0.00371	0.00125	0.00546	0.00308	0.02260	0.01995
4	0.00980	0.16189	0.38631	0.01180	0.04816	0.02638	0.11493	0.03906	0.10279	0.01357	0.00861	0.00981	0.00655	0.00418	0.00414	0.00127	0.02421	0.00345	0.01709	0.00600
5	0.02714	0.00925	0.02412	0.01017	0.11352	0.06741	0.05370	0.20579	0.03366	0.03173	0.02263	0.03138	0.00877	0.00514	0.01879	0.00122	0.00419	0.00388	0.19949	0.12801
6	0.03496	0.06357	0.28223	0.02728	0.12357	0.13436	0.17766	0.02412	0.02276	0.01329	0.05074	0.01057	0.00768	0.00418	0.00413	0.00128	0.00596	0.00373	0.00220	0.00574
7	0.00568	0.00421	0.00588	0.00748	0.07597	0.00400	0.00463	0.00662	0.00821	0.01119	0.02148	0.74395	0.02531	0.01203	0.00516	0.00164	0.00264	0.01092	0.03931	0.00371
8	0.00905	0.00830	0.01371	0.01995	0.59009	0.00821	0.01032	0.01129	0.00992	0.01411	0.17480	0.08586	0.01515	0.00553	0.00443	0.00130	0.00417	0.00522	0.00275	0.00584
9	0.27119	0.00744	0.00871	0.00691	0.00997	0.00713	0.00570	0.01811	0.01061	0.59212	0.01345	0.01212	0.00869	0.00482	0.00375	0.00130	0.00348	0.00366	0.00444	0.00639
10	0.88196	0.00813	0.00618	0.00553	0.00813	0.00943	0.00455	0.01236	0.00715	0.01886	0.00585	0.00683	0.00455	0.00390	0.00260	0.00130	0.00325	0.00228	0.00260	0.00455
11	0.00913	0.00910	0.01286	0.05860	0.01206	0.01267	0.00934	0.01015	0.00655	0.01015	0.00563	0.00931	0.00552	0.00718	0.01325	0.00181	0.79656	0.00368	0.00184	0.00460
12	0.00880	0.00734	0.00882	0.00694	0.03937	0.00565	0.00523	0.01062	0.00878	0.03147	0.00859	0.05702	0.00757	0.00376	0.00330	0.00072	0.00315	0.00312	0.00262	0.77714
13	0.00872	0.00747	0.00872	0.00623	0.00996	0.00560	0.00498	0.01058	0.00872	0.01370	0.00747	0.00872	0.00623	0.00311	0.00311	0.00062	0.00311	0.00249	0.00249	0.87796
14	0.01886	0.00715	0.00976	0.00748	0.01073	0.00618	0.00618	0.02049	0.01203	0.82895	0.01658	0.01431	0.01041	0.00520	0.00423	0.00130	0.00358	0.00423	0.00520	0.00715
15	0.00619	0.00546	0.04987	0.00619	0.00754	0.00451	0.03749	0.00831	0.01141	0.01613	0.69552	0.08251	0.03573	0.00844	0.00493	0.00135	0.00244	0.00754	0.00433	0.00412
16	0.01027	0.00986	0.01683	0.06887	0.78399	0.00995	0.01284	0.01279	0.00951	0.01358	0.00788	0.01045	0.00660	0.00377	0.00416	0.00126	0.00503	0.00375	0.00207	0.00655
17	0.01762	0.00688	0.00936	0.00727	0.01030	0.00597	0.00597	0.01928	0.01202	0.75089	0.09418	0.01595	0.01322	0.00553	0.00430	0.00130	0.00342	0.00455	0.00515	0.00685
18	0.88196	0.00813	0.00618	0.00553	0.00813	0.00943	0.00455	0.01236	0.00715	0.01886	0.00585	0.00683	0.00455	0.00390	0.00260	0.00130	0.00325	0.00228	0.00260	0.00455

[dist]
# distance from previous block
# <min> <max>
0	1

[block]
# block no. 1 follows, 63 sequences, length 14
# corresponding to MSA columns:
# 59-72
name=unknown_B
#
# <colnr> <probs for GDERKNQSTAVLIFYWHMCP>
#	G	D	E	R	K	N	Q	S	T	A	V	L	I	F	Y	W	H	M	C	P
0	0.83190	0.00807	0.00639	0.00564	0.00828	0.00924	0.00465	0.01283	0.00744	0.06584	0.00648	0.00726	0.00489	0.00398	0.00270	0.00130	0.00327	0.00239	0.00275	0.00470
1	0.00677	0.00484	0.00677	0.00774	0.00871	0.00484	0.00677	0.00871	0.00968	0.01258	0.02226	0.04742	0.02419	0.01161	0.00581	0.00194	0.00387	0.79775	0.00387	0.00387
2	0.00794	0.00747	0.01261	0.84216	0.02895	0.00934	0.01167	0.01074	0.00841	0.01074	0.00747	0.01121	0.00560	0.00420	0.00420	0.00140	0.00560	0.00374	0.00187	0.00467
3	0.00504	0.00426	0.00435	0.00433	0.00572	0.00358	0.00325	0.00617	0.00974	0.01174	0.09753	0.03982	0.76915	0.01050	0.00497	0.00141	0.00212	0.00878	0.00395	0.00358
4	0.00933	0.00788	0.00861	0.00763	0.00986	0.00859	0.00592	0.01809	0.56412	0.01702	0.18353	0.01820	0.01769	0.00603	0.00429	0.00132	0.00303	0.00510	0.00416	0.09961
5	0.00984	0.01111	0.02352	0.01700	0.02080	0.01087	0.72474	0.01311	0.00955	0.01311	0.00818	0.01111	0.00629	0.00395	0.00591	0.00146	0.09697	0.00482	0.00210	0.00555
6	0.00920	0.00920	0.01288	0.01104	0.01104	0.01288	0.00920	0.01012	0.00644	0.01012	0.00552	0.00920	0.00552	0.00736	0.01380	0.00184	0.84457	0.00368	0.00184	0.00460
7	0.01014	0.00972	0.01658	0.11342	0.74049	0.00992	0.01277	0.01267	0.00945	0.01341	0.00786	0.01049	0.00655	0.00379	0.00417	0.00126	0.00506	0.00374	0.00206	0.00645
8	0.10436	0.01048	0.02818	0.00874	0.01142	0.08705	0.02657	0.19403	0.31006	0.06799	0.05957	0.01303	0.01079	0.00527	0.00428	0.00132	0.02323	0.00411	0.00376	0.02576
9	0.14109	0.00838	0.00979	0.05058	0.02565	0.00819	0.02482	0.09330	0.07193	0.01568	0.00814	0.00936	0.00651	0.00399	0.00408	0.00100	0.06072	0.00299	0.00273	0.45106
10	0.02905	0.04143	0.02857	0.08389	0.28678	0.04975	0.01011	0.07002	0.08208	0.04378	0.00836	0.01038	0.00683	0.00508	0.00659	0.00142	0.22390	0.00369	0.00246	0.00583
11	0.04698	0.16426	0.15736	0.00993	0.05710	0.01144	0.00893	0.22094	0.04783	0.11264	0.02752	0.01103	0.02758	0.00493	0.00465	0.00127	0.07275	0.00362	0.00309	0.00615
12	0.04977	0.09670	0.39038	0.02548	0.12237	0.01061	0.02695	0.07767	0.00964	0.03099	0.00762	0.00909	0.00582	0.00421	0.00450	0.00127	0.06386	0.00320	0.00218	0.05770
13	0.05529	0.11482	0.04350	0.32104	0.12992	0.02368	0.00980	0.12167	0.06702	0.03014	0.00844	0.01030	0.00649	0.00424	0.00388	0.00126	0.00489	0.00348	0.00250	0.03764

[dist]
# distance from previous block
# <min> <max>
11	21

[block]
# block no. 2 follows, 63 sequences, length 8
# corresponding to MSA columns:
# 95-102
name=unknown_C
#
# <colnr> <probs for GDERKNQSTAVLIFYWHMCP>
#	G	D	E	R	K	N	Q	S	T	A	V	L	I	F	Y	W	H	M	C	P
0	0.01486	0.01036	0.01382	0.01053	0.01380	0.04341	0.16657	0.35523	0.03954	0.22793	0.01177	0.03248	0.00846	0.00521	0.00466	0.02177	0.00485	0.00432	0.00391	0.00653
1	0.08867	0.00807	0.00881	0.00687	0.01006	0.00751	0.00549	0.10599	0.14584	0.04314	0.01187	0.01216	0.06149	0.00441	0.00355	0.00097	0.00329	0.00348	0.00318	0.46514
2	0.01143	0.00963	0.00929	0.00784	0.01002	0.12338	0.00618	0.31815	0.06512	0.01931	0.27691	0.01904	0.06794	0.00648	0.00441	0.00127	0.00387	0.00525	0.02903	0.00545
3	0.00950	0.00755	0.00835	0.00643	0.00944	0.04711	0.00509	0.04739	0.01021	0.07793	0.14438	0.01486	0.06320	0.00480	0.00370	0.00089	0.00319	0.00393	0.00320	0.52883
4	0.00990	0.02722	0.03495	0.00734	0.01018	0.12201	0.00596	0.08573	0.07829	0.01520	0.17125	0.01456	0.03481	0.00500	0.00384	0.00100	0.00377	0.00402	0.00318	0.36179
5	0.01279	0.01437	0.01370	0.01668	0.34760	0.38075	0.00989	0.01596	0.12305	0.01272	0.00855	0.00987	0.00696	0.00428	0.00401	0.00120	0.00592	0.00342	0.00242	0.00586
6	0.13295	0.00896	0.00950	0.00776	0.01066	0.00948	0.00623	0.21089	0.27261	0.07057	0.04655	0.01236	0.01005	0.00490	0.00383	0.00120	0.00355	0.00384	0.00376	0.17034
7	0.05735	0.00817	0.12221	0.00784	0.01018	0.00642	0.05689	0.03040	0.07140	0.07258	0.16513	0.08349	0.13713	0.00797	0.00475	0.00148	0.00362	0.14452	0.00368	0.00481

[dist]
# distance from previous block
# <min> <max>
0	2

[block]
# block no. 3 follows, 63 sequences, length 31
# corresponding to MSA columns:
# 105-135
name=unknown_D
#
# <colnr> <probs for GDERKNQSTAVLIFYWHMCP>
#	G	D	E	R	K	N	Q	S	T	A	V	L	I	F	Y	W	H	M	C	P
0	0.00959	0.00759	0.00837	0.00754	0.00945	0.02519	0.00601	0.19295	0.22046	0.01776	0.20104	0.05218	0.08804	0.00775	0.00473	0.00144	0.00336	0.12704	0.00419	0.00533
1	0.00619	0.00453	0.00518	0.00491	0.00629	0.00399	0.00372	0.00787	0.02794	0.05693	0.33621	0.03511	0.46690	0.00948	0.00491	0.00138	0.00218	0.00806	0.00425	0.00396
2	0.07017	0.01107	0.01357	0.01029	0.01368	0.01190	0.11666	0.59005	0.01701	0.07377	0.02383	0.01068	0.00763	0.00484	0.00422	0.00129	0.00476	0.00394	0.00389	0.00673
3	0.76430	0.00862	0.00705	0.00609	0.00880	0.00992	0.00502	0.12100	0.00887	0.01990	0.00643	0.00727	0.00491	0.00406	0.00282	0.00130	0.00344	0.00248	0.00282	0.00491
4	0.06256	0.00674	0.00888	0.00702	0.00984	0.00601	0.00571	0.01798	0.01153	0.65467	0.11396	0.01638	0.01379	0.02893	0.01513	0.00145	0.00348	0.00459	0.00489	0.00646
5	0.00864	0.00745	0.00903	0.00694	0.01001	0.00648	0.03542	0.02586	0.11926	0.01448	0.08432	0.01396	0.06511	0.00462	0.00392	0.00092	0.02475	0.00383	0.00302	0.55197
6	0.02754	0.00841	0.00868	0.00725	0.00961	0.10281	0.00572	0.11536	0.06343	0.22610	0.23206	0.01914	0.07991	0.00627	0.00432	0.00124	0.00358	0.00513	0.00417	0.06926
7	0.01000	0.00971	0.01519	0.29692	0.40419	0.04953	0.05541	0.04075	0.05257	0.01320	0.00829	0.01086	0.00657	0.00407	0.00421	0.00131	0.00534	0.00381	0.00221	0.00587
8	0.66043	0.00855	0.00868	0.00974	0.16418	0.00976	0.00644	0.01232	0.00757	0.01733	0.00622	0.00766	0.00502	0.00409	0.00361	0.00133	0.05703	0.00265	0.00245	0.00496
9	0.01368	0.01555	0.01168	0.01037	0.01198	0.52418	0.00805	0.01481	0.01050	0.06261	0.05160	0.00973	0.00763	0.00540	0.00647	0.00131	0.22382	0.00332	0.00241	0.00490
10	0.01628	0.00899	0.01050	0.00831	0.01135	0.04800	0.01900	0.19741	0.11594	0.45862	0.03802	0.01405	0.02291	0.00534	0.00425	0.00130	0.00396	0.00430	0.00463	0.00681
11	0.01103	0.79344	0.08157	0.00755	0.01133	0.01613	0.00781	0.01264	0.00857	0.01014	0.00597	0.00690	0.00539	0.00363	0.00279	0.00093	0.00462	0.00231	0.00180	0.00545
12	0.00672	0.00523	0.00713	0.00650	0.00684	0.00580	0.04806	0.00726	0.00646	0.00894	0.01165	0.02254	0.01278	0.57173	0.13782	0.00402	0.11948	0.00549	0.00239	0.00317
13	0.01013	0.00834	0.00934	0.00728	0.01046	0.00787	0.00580	0.14271	0.20539	0.01690	0.06207	0.01206	0.01009	0.00440	0.00369	0.00096	0.00334	0.00357	0.00333	0.47228
14	0.00896	0.00658	0.00790	0.00632	0.00900	0.00560	0.00495	0.01175	0.08901	0.09301	0.20766	0.06883	0.01673	0.00553	0.00392	0.00100	0.00286	0.00472	0.00353	0.44213
15	0.00933	0.01942	0.67339	0.01257	0.03503	0.00962	0.09874	0.01380	0.00921	0.06805	0.00826	0.00953	0.00581	0.00402	0.00412	0.00134	0.00610	0.00339	0.00205	0.00623
16	0.01853	0.00769	0.01009	0.00773	0.01100	0.00697	0.00639	0.11217	0.01293	0.73600	0.01583	0.01382	0.01003	0.00518	0.00422	0.00130	0.00370	0.00418	0.00509	0.00715
17	0.01130	0.00621	0.00778	0.00650	0.00856	0.00587	0.00516	0.12100	0.01285	0.27317	0.40513	0.02376	0.08056	0.00719	0.00463	0.00131	0.00285	0.00611	0.00470	0.00537
18	0.00985	0.01144	0.04168	0.03963	0.03554	0.01057	0.75907	0.01338	0.00985	0.01339	0.00845	0.01127	0.00634	0.00357	0.00491	0.00141	0.00699	0.00487	0.00211	0.00567
19	0.05232	0.00768	0.00891	0.00752	0.00928	0.02566	0.00602	0.22224	0.01292	0.07987	0.35424	0.02872	0.03669	0.00700	0.00579	0.00138	0.11909	0.00551	0.00400	0.00517
20	0.01201	0.00556	0.00721	0.00616	0.00778	0.00517	0.00454	0.01295	0.00901	0.39047	0.01523	0.02048	0.03013	0.35261	0.09938	0.00301	0.00456	0.00512	0.00378	0.00484
21	0.00920	0.00920	0.01288	0.01104	0.01104	0.01288	0.00920	0.01012	0.00644	0.01012	0.00552	0.00920	0.00552	0.00736	0.01380	0.00184	0.84457	0.00368	0.00184	0.00460
22	0.02328	0.05597	0.24911	0.01198	0.12048	0.04093	0.02424	0.23514	0.02475	0.12767	0.00996	0.02750	0.00737	0.00463	0.00405	0.00127	0.00501	0.00371	0.01650	0.00645
23	0.00977	0.03254	0.10100	0.01634	0.34170	0.00879	0.11884	0.01242	0.00930	0.02769	0.00791	0.00982	0.00638	0.00357	0.00389	0.00108	0.00478	0.00342	0.00223	0.27853
24	0.00979	0.00918	0.01458	0.01853	0.49749	0.00849	0.05379	0.01212	0.00929	0.01371	0.00779	0.00987	0.00649	0.00351	0.00384	0.00104	0.00445	0.00337	0.00223	0.31043
25	0.00826	0.00679	0.00827	0.01681	0.00960	0.00569	0.02114	0.01088	0.07381	0.03026	0.10711	0.06161	0.05647	0.00537	0.00384	0.00097	0.00306	0.04125	0.00314	0.52565
26	0.00954	0.02876	0.00918	0.00638	0.01008	0.00603	0.00516	0.02398	0.00910	0.06559	0.00805	0.00904	0.00649	0.00329	0.00319	0.00068	0.00320	0.00262	0.00267	0.78696
27	0.01412	0.00898	0.00983	0.00827	0.01092	0.06298	0.00665	0.13597	0.26870	0.30495	0.05801	0.01668	0.01278	0.00587	0.00435	0.00136	0.00385	0.05483	0.00445	0.00647
28	0.01009	0.00951	0.01228	0.05593	0.03279	0.08714	0.07014	0.03585	0.00861	0.05276	0.03555	0.01178	0.02541	0.03068	0.02673	0.00166	0.37840	0.00393	0.01398	0.09678
29	0.00806	0.27422	0.06363	0.00690	0.00911	0.00921	0.02735	0.00966	0.00921	0.01209	0.20796	0.02053	0.15345	0.07463	0.00618	0.00145	0.07185	0.00521	0.00292	0.02638
30	0.01446	0.01841	0.01131	0.00883	0.01177	0.11531	0.05975	0.12514	0.04690	0.32106	0.01273	0.03123	0.02906	0.00511	0.00460	0.00122	0.04895	0.00404	0.00378	0.12634

[dist]
# distance from previous block
# <min> <max>
6	10

[block]
# block no. 4 follows, 63 sequences, length 6
# corresponding to MSA columns:
# 146-151
name=unknown_E
#
# <colnr> <probs for GDERKNQSTAVLIFYWHMCP>
#	G	D	E	R	K	N	Q	S	T	A	V	L	I	F	Y	W	H	M	C	P
0	0.00497	0.00426	0.00426	0.00426	0.00568	0.00355	0.00319	0.00603	0.00958	0.01136	0.04259	0.04046	0.82433	0.01065	0.00497	0.00142	0.00213	0.00887	0.00390	0.00355
1	0.00853	0.00926	0.01629	0.01234	0.01512	0.04885	0.42646	0.01088	0.00954	0.01228	0.01907	0.02031	0.26970	0.00627	0.00584	0.00145	0.09434	0.00597	0.00267	0.00483
2	0.00866	0.00914	0.01899	0.01419	0.01731	0.00890	0.55132	0.01155	0.00890	0.01227	0.00939	0.01301	0.00771	0.01256	0.27250	0.00314	0.00843	0.00481	0.00217	0.00505
3	0.00751	0.00644	0.00728	0.00559	0.00858	0.00494	0.00441	0.00912	0.00900	0.01294	0.01878	0.01894	0.26973	0.00554	0.00371	0.00088	0.00280	0.00455	0.00295	0.59632
4	0.00789	0.00640	0.01059	0.52157	0.07129	0.00755	0.00917	0.00918	0.00754	0.00982	0.00744	0.01166	0.00622	0.00752	0.00814	0.28364	0.00494	0.00371	0.00187	0.00388
5	0.01010	0.01440	0.27873	0.02041	0.51494	0.06159	0.01345	0.01328	0.00949	0.01338	0.00770	0.00974	0.00615	0.00386	0.00408	0.00126	0.00555	0.00347	0.00199	0.00640

[dist]
# distance from previous block
# <min> <max>
0	10

# created by:
# /st0/software/busco_prod/Augustus/scripts/msa2prfl.pl ./align_prep/158026.fa
