[name]
unknown

[dist]
# distance from previous block
# <min> <max>
1	137

[block]
# block no. 0 follows, 51 sequences, length 47
# corresponding to MSA columns:
# 375-380,382-390,392-423
name=unknown_A
#
# <colnr> <probs for GDERKNQSTAVLIFYWHMCP>
#	G	D	E	R	K	N	Q	S	T	A	V	L	I	F	Y	W	H	M	C	P
0	0.16369	0.10653	0.45868	0.01331	0.08591	0.01246	0.01399	0.06312	0.01084	0.01731	0.00848	0.00993	0.00634	0.00465	0.00425	0.00148	0.00619	0.00347	0.00246	0.00693
1	0.01314	0.83025	0.02575	0.00841	0.01261	0.01945	0.00841	0.01472	0.00999	0.01156	0.00683	0.00788	0.00631	0.00420	0.00315	0.00105	0.00526	0.00263	0.00210	0.00631
2	0.04019	0.04259	0.01204	0.00998	0.04128	0.00950	0.00788	0.05581	0.02821	0.33711	0.11671	0.01937	0.03211	0.00833	0.03377	0.00186	0.15835	0.03362	0.00457	0.00674
3	0.05550	0.05182	0.08376	0.25982	0.22529	0.02834	0.02700	0.03583	0.01024	0.01462	0.00835	0.01155	0.00682	0.00539	0.00675	0.00163	0.15445	0.00413	0.00237	0.00635
4	0.00695	0.00503	0.00699	0.00710	0.00769	0.00555	0.00513	0.00814	0.00785	0.01101	0.01520	0.10397	0.01583	0.24852	0.51519	0.00645	0.00985	0.00665	0.00292	0.00397
5	0.00715	0.00476	0.00536	0.00536	0.00536	0.00476	0.00298	0.00715	0.00715	0.00953	0.01548	0.03216	0.01787	0.82729	0.02501	0.00476	0.00476	0.00715	0.00298	0.00298
6	0.08742	0.01111	0.01317	0.06598	0.15980	0.05916	0.00941	0.07972	0.25207	0.18914	0.01463	0.01454	0.01063	0.00566	0.00475	0.00154	0.00490	0.00465	0.00425	0.00747
7	0.00674	0.00506	0.00691	0.00708	0.00787	0.00542	0.00525	0.00802	0.00858	0.01169	0.02132	0.16914	0.13680	0.09605	0.44567	0.02279	0.02045	0.00774	0.00329	0.00413
8	0.01111	0.01034	0.01632	0.30640	0.34651	0.01160	0.01307	0.03751	0.09483	0.01556	0.03029	0.01370	0.00905	0.00527	0.00563	0.00159	0.05712	0.00461	0.00275	0.00674
9	0.01175	0.27492	0.44350	0.01199	0.01776	0.04365	0.03286	0.03542	0.02741	0.02897	0.00869	0.00993	0.00666	0.00460	0.00421	0.00137	0.00647	0.00343	0.00234	0.02407
10	0.00730	0.00573	0.00700	0.01855	0.00839	0.00574	0.00516	0.01046	0.10794	0.01616	0.30746	0.19891	0.18162	0.02423	0.05442	0.00212	0.01990	0.00942	0.00470	0.00479
11	0.01836	0.02342	0.01393	0.01266	0.01519	0.80756	0.00950	0.01962	0.01393	0.01203	0.00760	0.00886	0.00633	0.00506	0.00443	0.00127	0.00886	0.00317	0.00253	0.00570
12	0.03069	0.01127	0.05526	0.25802	0.13409	0.03443	0.01125	0.13726	0.07867	0.16470	0.01254	0.02957	0.00925	0.00555	0.00488	0.00156	0.00558	0.00467	0.00369	0.00706
13	0.01221	0.01062	0.01152	0.01024	0.01307	0.01223	0.02533	0.02588	0.77009	0.02045	0.01977	0.01822	0.01483	0.00661	0.00502	0.00167	0.00399	0.00556	0.00494	0.00775
14	0.01130	0.01057	0.01288	0.04443	0.01329	0.04284	0.00921	0.04632	0.23968	0.01607	0.09829	0.01594	0.01349	0.00780	0.01035	0.00186	0.39091	0.00515	0.00348	0.00614
15	0.00698	0.00504	0.00630	0.00604	0.00730	0.00455	0.00451	0.00899	0.01311	0.03390	0.58530	0.08599	0.19223	0.01076	0.00581	0.00159	0.00242	0.00941	0.00521	0.00458
16	0.04063	0.01222	0.04657	0.03995	0.01534	0.01243	0.05635	0.47333	0.01884	0.10717	0.11316	0.01550	0.01337	0.00622	0.00502	0.00151	0.00513	0.00505	0.00468	0.00753
17	0.00634	0.00482	0.00583	0.00596	0.00706	0.00431	0.00432	0.00794	0.01189	0.01580	0.35766	0.23914	0.28674	0.01218	0.00592	0.00170	0.00251	0.01066	0.00492	0.00431
18	0.00823	0.00658	0.00789	0.08483	0.01087	0.00667	0.00592	0.07941	0.08633	0.01705	0.22895	0.13885	0.27889	0.01035	0.00562	0.00166	0.00328	0.00890	0.00463	0.00510
19	0.00599	0.00428	0.00570	0.00684	0.00713	0.00399	0.00456	0.00684	0.00941	0.01254	0.02709	0.82409	0.03250	0.01540	0.00627	0.00200	0.00285	0.01397	0.00456	0.00399
20	0.01937	0.04072	0.01228	0.00992	0.04499	0.05856	0.00771	0.06596	0.05911	0.55273	0.01847	0.03964	0.03493	0.00636	0.00490	0.00151	0.00455	0.00514	0.00534	0.00781
21	0.01079	0.01185	0.05415	0.30046	0.16055	0.01178	0.33298	0.01443	0.01078	0.01460	0.00928	0.01285	0.00712	0.00456	0.00548	0.00162	0.02302	0.00493	0.00235	0.00642
22	0.01775	0.01317	0.01416	0.01100	0.01476	0.01451	0.00902	0.70244	0.05683	0.02952	0.01268	0.04243	0.00954	0.00625	0.00495	0.00149	0.00521	0.00480	0.00487	0.02463
23	0.00607	0.00442	0.00573	0.00661	0.00711	0.00407	0.00450	0.00712	0.01003	0.01336	0.10930	0.67485	0.09953	0.01458	0.00618	0.00192	0.00276	0.01313	0.00465	0.00407
24	0.01083	0.26346	0.57230	0.01235	0.01871	0.01379	0.01527	0.01531	0.01026	0.01438	0.00823	0.00964	0.00625	0.00453	0.00422	0.00141	0.00667	0.00333	0.00208	0.00698
25	0.05674	0.54271	0.12338	0.05818	0.01506	0.07721	0.00988	0.01543	0.02442	0.02708	0.00773	0.00895	0.00652	0.00447	0.00361	0.00121	0.00575	0.00300	0.00231	0.00635
26	0.00628	0.00474	0.00679	0.00741	0.00798	0.00441	0.04046	0.00735	0.00972	0.01297	0.05425	0.73610	0.05376	0.01460	0.00622	0.00195	0.00307	0.01331	0.00450	0.00414
27	0.00717	0.00541	0.00761	0.00686	0.00819	0.00500	0.04055	0.00957	0.01380	0.01952	0.75767	0.03562	0.04456	0.00977	0.00580	0.00155	0.00260	0.00874	0.00527	0.00473
28	0.01299	0.79292	0.06175	0.00867	0.01301	0.01907	0.00886	0.01475	0.01000	0.01175	0.00692	0.00800	0.00630	0.00423	0.00322	0.00107	0.00535	0.00267	0.00210	0.00635
29	0.07250	0.01302	0.01415	0.17144	0.01857	0.15137	0.05833	0.20826	0.08760	0.13862	0.01193	0.01275	0.00859	0.00546	0.00477	0.00151	0.00599	0.00435	0.00386	0.00695
30	0.01189	0.50264	0.25734	0.01042	0.01549	0.01600	0.03102	0.01480	0.01011	0.01314	0.00761	0.00896	0.00637	0.00440	0.00396	0.00122	0.02202	0.00306	0.00215	0.05739
31	0.01390	0.03844	0.04077	0.00933	0.01213	0.11026	0.00767	0.15900	0.12990	0.13580	0.22341	0.03148	0.03269	0.00736	0.00512	0.00152	0.00458	0.02531	0.00471	0.00662
32	0.01019	0.00873	0.01019	0.00728	0.01165	0.00655	0.00582	0.01237	0.01019	0.01601	0.00873	0.01019	0.00728	0.00364	0.00364	0.00073	0.00364	0.00291	0.00291	0.85734
33	0.01026	0.01049	0.01974	0.41074	0.09531	0.01142	0.27624	0.01363	0.01051	0.01395	0.01063	0.01425	0.03642	0.00504	0.00571	0.00165	0.04052	0.00508	0.00240	0.00601
34	0.01815	0.02234	0.01387	0.01248	0.01511	0.72822	0.00942	0.06750	0.04343	0.01353	0.00832	0.00940	0.00678	0.00518	0.00448	0.00129	0.00846	0.00333	0.00277	0.00594
35	0.00638	0.00468	0.00598	0.00634	0.00716	0.00428	0.00449	0.00790	0.01153	0.01567	0.35486	0.39599	0.13102	0.01277	0.00601	0.00176	0.00258	0.01138	0.00492	0.00428
36	0.00608	0.00435	0.00579	0.00678	0.00715	0.00406	0.00457	0.00709	0.00986	0.01327	0.10446	0.74465	0.03390	0.01486	0.00622	0.00195	0.00280	0.01346	0.00465	0.00406
37	0.01216	0.01168	0.01995	0.03016	0.79664	0.01168	0.01508	0.01508	0.01119	0.01605	0.00924	0.01216	0.00778	0.00438	0.00487	0.00146	0.00584	0.00438	0.00243	0.00778
38	0.00715	0.00476	0.00536	0.00536	0.00536	0.00476	0.00298	0.00715	0.00715	0.00953	0.01548	0.03216	0.01787	0.82729	0.02501	0.00476	0.00476	0.00715	0.00298	0.00298
39	0.01047	0.00966	0.01582	0.60186	0.19126	0.01135	0.01368	0.06116	0.01094	0.01444	0.00903	0.01283	0.00692	0.00486	0.00490	0.00159	0.00633	0.00437	0.00241	0.00612
40	0.00629	0.00474	0.00577	0.00604	0.00701	0.00428	0.00430	0.00772	0.01136	0.01506	0.28979	0.31511	0.25472	0.03673	0.00653	0.00183	0.00263	0.01104	0.00480	0.00422
41	0.10518	0.00798	0.03920	0.00831	0.01048	0.00748	0.05638	0.08965	0.03296	0.07271	0.26582	0.14350	0.05571	0.06019	0.00657	0.00183	0.00383	0.02231	0.00449	0.00544
42	0.00916	0.00458	0.00458	0.00458	0.00573	0.00458	0.00344	0.01145	0.01031	0.01832	0.01603	0.01832	0.01260	0.00573	0.00344	0.00115	0.00229	0.00458	0.85457	0.00458
43	0.01514	0.46404	0.04718	0.00953	0.01337	0.13394	0.00877	0.06483	0.03488	0.12051	0.01014	0.01167	0.00832	0.00514	0.00394	0.00125	0.00566	0.03201	0.00306	0.00663
44	0.14678	0.00784	0.00939	0.03862	0.01084	0.00877	0.00660	0.11853	0.01072	0.10636	0.01252	0.01759	0.01100	0.15356	0.26860	0.00416	0.05438	0.00492	0.00342	0.00541
45	0.07815	0.15950	0.03263	0.05192	0.13521	0.05650	0.02358	0.13338	0.07927	0.06618	0.04093	0.03541	0.01111	0.00603	0.00499	0.00150	0.03383	0.03965	0.00349	0.00674
46	0.05368	0.33537	0.03492	0.04162	0.04727	0.12121	0.05560	0.08561	0.11162	0.05451	0.01009	0.01089	0.00799	0.00494	0.00413	0.00133	0.00575	0.00370	0.00306	0.00672

[dist]
# distance from previous block
# <min> <max>
11	41

[block]
# block no. 1 follows, 51 sequences, length 9
# corresponding to MSA columns:
# 474-482
name=unknown_B
#
# <colnr> <probs for GDERKNQSTAVLIFYWHMCP>
#	G	D	E	R	K	N	Q	S	T	A	V	L	I	F	Y	W	H	M	C	P
0	0.01284	0.01186	0.01140	0.01027	0.01302	0.09270	0.00795	0.02546	0.70946	0.01969	0.01875	0.01738	0.01412	0.00651	0.00494	0.00163	0.00439	0.00531	0.00475	0.00757
1	0.00687	0.00502	0.00645	0.00609	0.00729	0.00460	0.00457	0.00911	0.01371	0.01923	0.73944	0.03749	0.10126	0.01022	0.00580	0.00155	0.00233	0.00900	0.00535	0.00460
2	0.00704	0.00520	0.00755	0.00755	0.00831	0.00595	0.00571	0.00855	0.00779	0.01115	0.01348	0.02107	0.01305	0.14551	0.70021	0.00747	0.01201	0.00552	0.00268	0.00419
3	0.00669	0.00508	0.00656	0.00637	0.00757	0.00494	0.00484	0.00859	0.01156	0.01581	0.39339	0.03439	0.21884	0.01817	0.23131	0.00336	0.00541	0.00823	0.00442	0.00445
4	0.01234	0.02214	0.58052	0.01325	0.01957	0.01249	0.01568	0.23058	0.01395	0.01990	0.00966	0.01078	0.00682	0.00501	0.00474	0.00153	0.00674	0.00385	0.00287	0.00757
5	0.01470	0.60067	0.02266	0.00922	0.01335	0.01826	0.00867	0.22997	0.01367	0.01702	0.00823	0.00898	0.00688	0.00468	0.00365	0.00117	0.00530	0.00313	0.00289	0.00688
6	0.00626	0.00480	0.00573	0.00592	0.00702	0.00427	0.00428	0.00776	0.01163	0.01530	0.30091	0.26205	0.32145	0.01245	0.00593	0.00171	0.00253	0.01087	0.00486	0.00427
7	0.01597	0.02398	0.23547	0.01304	0.01690	0.58370	0.01193	0.01848	0.01293	0.01302	0.00794	0.00929	0.00630	0.00495	0.00450	0.00135	0.00841	0.00330	0.00240	0.00614
8	0.01501	0.54372	0.02162	0.00982	0.01353	0.24074	0.00878	0.07204	0.01205	0.01311	0.00741	0.00844	0.00646	0.00457	0.00364	0.00114	0.00628	0.00291	0.00243	0.00629

[dist]
# distance from previous block
# <min> <max>
1	2

[block]
# block no. 2 follows, 51 sequences, length 49
# corresponding to MSA columns:
# 485,486,491-537
name=unknown_C
#
# <colnr> <probs for GDERKNQSTAVLIFYWHMCP>
#	G	D	E	R	K	N	Q	S	T	A	V	L	I	F	Y	W	H	M	C	P
0	0.04286	0.08539	0.01831	0.01597	0.11308	0.01373	0.01119	0.12070	0.01815	0.39922	0.05187	0.02386	0.01760	0.01009	0.00759	0.00268	0.00685	0.00677	0.00693	0.02714
1	0.00975	0.00827	0.00972	0.00723	0.01117	0.00628	0.00569	0.01179	0.01011	0.01565	0.01066	0.09547	0.00992	0.00487	0.00392	0.00086	0.00356	0.00407	0.00308	0.76792
2	0.01029	0.01346	0.18804	0.04091	0.15815	0.01018	0.23769	0.03980	0.01203	0.01684	0.16539	0.01868	0.05423	0.00595	0.00533	0.00157	0.00602	0.00582	0.00314	0.00648
3	0.00709	0.00469	0.00545	0.00557	0.00560	0.00466	0.00321	0.00708	0.00735	0.00979	0.01635	0.11427	0.01893	0.70151	0.02276	0.04730	0.00454	0.00772	0.00310	0.00304
4	0.00716	0.00646	0.03853	0.00746	0.00893	0.00577	0.03439	0.01927	0.02503	0.01529	0.23413	0.22649	0.24437	0.01210	0.02407	0.00189	0.04429	0.03524	0.00446	0.00465
5	0.11404	0.33015	0.03297	0.00995	0.03029	0.29225	0.00821	0.01563	0.01091	0.01293	0.00810	0.01093	0.00744	0.09081	0.00595	0.00159	0.00635	0.00335	0.00246	0.00568
6	0.01604	0.00797	0.00994	0.00829	0.01122	0.00757	0.00660	0.03209	0.16445	0.43537	0.09008	0.07385	0.09892	0.00780	0.00520	0.00160	0.00372	0.00654	0.00554	0.00720
7	0.01108	0.00926	0.01067	0.00770	0.01202	0.00746	0.00619	0.09284	0.01154	0.01758	0.00906	0.01036	0.00739	0.00388	0.00377	0.00081	0.00382	0.00307	0.00312	0.76838
8	0.00689	0.00524	0.00759	0.00759	0.00855	0.00593	0.00589	0.00859	0.00824	0.01160	0.01700	0.02224	0.09426	0.03430	0.72378	0.00724	0.01204	0.00580	0.00283	0.00436
9	0.01150	0.01232	0.05884	0.05549	0.02790	0.11258	0.09488	0.03657	0.01075	0.03918	0.08838	0.01685	0.07927	0.00749	0.00947	0.00177	0.32276	0.00529	0.00297	0.00571
10	0.00787	0.00689	0.00698	0.00668	0.00802	0.08864	0.00497	0.00978	0.01310	0.01721	0.52010	0.09052	0.18015	0.01034	0.00569	0.00157	0.00307	0.00892	0.00489	0.00461
11	0.01346	0.15054	0.04464	0.00995	0.01300	0.13124	0.00829	0.03330	0.37619	0.06767	0.03469	0.01539	0.01232	0.02116	0.04528	0.00185	0.00548	0.00467	0.00396	0.00692
12	0.00791	0.00588	0.00708	0.00655	0.00803	0.00561	0.00496	0.08948	0.01405	0.01920	0.52139	0.09521	0.17506	0.01044	0.00574	0.00159	0.00271	0.00907	0.00514	0.00489
13	0.01214	0.64420	0.10380	0.00937	0.02900	0.01707	0.00931	0.01419	0.00983	0.01205	0.00775	0.00942	0.00695	0.00768	0.08766	0.00183	0.00630	0.00304	0.00216	0.00623
14	0.01078	0.02420	0.71936	0.01372	0.02064	0.01181	0.01723	0.09569	0.01171	0.01718	0.00913	0.01052	0.00645	0.00480	0.00469	0.00155	0.00707	0.00371	0.00237	0.00738
15	0.01007	0.00849	0.00814	0.00810	0.00927	0.12764	0.00574	0.06074	0.06085	0.05347	0.03633	0.43112	0.02310	0.12341	0.00832	0.00218	0.00431	0.00968	0.00418	0.00487
16	0.01218	0.01037	0.01104	0.00966	0.01259	0.01159	0.00753	0.05804	0.65342	0.02029	0.01835	0.01752	0.01396	0.02585	0.00533	0.00163	0.00395	0.00527	0.00473	0.09671
17	0.01057	0.00847	0.00984	0.00732	0.01128	0.00669	0.00586	0.04559	0.01105	0.05053	0.01402	0.01545	0.09051	0.00499	0.00405	0.00093	0.00364	0.02092	0.00335	0.67494
18	0.01049	0.00731	0.00848	0.00741	0.00973	0.00707	0.00572	0.03215	0.19175	0.11758	0.22407	0.05469	0.16455	0.03334	0.00584	0.00161	0.00326	0.00722	0.00485	0.10289
19	0.75182	0.01156	0.10997	0.00744	0.01103	0.01107	0.00698	0.01459	0.00862	0.02121	0.00710	0.00829	0.00544	0.00458	0.00325	0.00153	0.00425	0.00279	0.00292	0.00557
20	0.00914	0.00707	0.00831	0.03536	0.01028	0.00742	0.00615	0.08844	0.19208	0.02682	0.10645	0.33021	0.10611	0.01103	0.00570	0.00178	0.00345	0.03397	0.00472	0.00551
21	0.01112	0.00952	0.01045	0.01005	0.05096	0.01058	0.00738	0.04702	0.55513	0.01952	0.07352	0.02339	0.13491	0.00762	0.00516	0.00164	0.00372	0.00640	0.00483	0.00704
22	0.00618	0.00490	0.00556	0.00559	0.00692	0.00428	0.00412	0.00771	0.01180	0.01515	0.27482	0.14393	0.46746	0.01209	0.00586	0.00167	0.00248	0.01038	0.00482	0.00428
23	0.00714	0.00477	0.00541	0.00541	0.00543	0.00479	0.00304	0.00718	0.00716	0.00957	0.01544	0.03189	0.01775	0.81066	0.04149	0.00483	0.00494	0.00711	0.00297	0.00301
24	0.01036	0.01289	0.15180	0.45912	0.12319	0.06219	0.01374	0.01434	0.04943	0.01388	0.00992	0.03986	0.00793	0.00526	0.00488	0.00159	0.00648	0.00455	0.00244	0.00614
25	0.71064	0.02339	0.07214	0.05925	0.01217	0.01125	0.00701	0.02788	0.00890	0.02091	0.00721	0.00857	0.00554	0.00461	0.00333	0.00152	0.00431	0.00288	0.00293	0.00556
26	0.00593	0.00498	0.00515	0.00511	0.00671	0.00420	0.00383	0.00729	0.01149	0.01397	0.13045	0.04615	0.71354	0.01219	0.00581	0.00165	0.00247	0.01021	0.00466	0.00420
27	0.01077	0.01136	0.03677	0.13692	0.11204	0.02569	0.22048	0.01327	0.00956	0.01343	0.00880	0.01346	0.00772	0.06536	0.01048	0.00202	0.28874	0.00490	0.00234	0.00589
28	0.02205	0.00836	0.01140	0.00874	0.01254	0.00722	0.00722	0.02395	0.01407	0.80004	0.01939	0.01673	0.01216	0.00608	0.00494	0.00152	0.00418	0.00494	0.00608	0.00836
29	0.02548	0.00654	0.00664	0.00636	0.00756	0.04579	0.00446	0.02091	0.07333	0.02705	0.15927	0.06489	0.23968	0.27716	0.01188	0.00264	0.00375	0.00812	0.00412	0.00437
30	0.01314	0.83025	0.02575	0.00841	0.01261	0.01945	0.00841	0.01472	0.00999	0.01156	0.00683	0.00788	0.00631	0.00420	0.00315	0.00105	0.00526	0.00263	0.00210	0.00631
31	0.13780	0.00926	0.01421	0.52678	0.10965	0.01097	0.03038	0.02778	0.01008	0.01487	0.00932	0.01406	0.00752	0.00525	0.00492	0.00163	0.01937	0.03793	0.00250	0.00573
32	0.01314	0.83025	0.02575	0.00841	0.01261	0.01945	0.00841	0.01472	0.00999	0.01156	0.00683	0.00788	0.00631	0.00420	0.00315	0.00105	0.00526	0.00263	0.00210	0.00631
33	0.01212	0.01180	0.02068	0.02940	0.73452	0.01174	0.07661	0.01514	0.01122	0.01603	0.00930	0.01225	0.00776	0.00436	0.00494	0.00148	0.00604	0.00449	0.00244	0.00769
34	0.01022	0.00870	0.01023	0.02284	0.01200	0.00674	0.00601	0.02955	0.01045	0.01617	0.00943	0.03797	0.00815	0.00411	0.00378	0.00081	0.00371	0.00335	0.00300	0.79279
35	0.03760	0.02310	0.01377	0.01252	0.01506	0.78940	0.00940	0.01951	0.01380	0.01226	0.00758	0.00884	0.00631	0.00505	0.00440	0.00127	0.00875	0.00315	0.00254	0.00569
36	0.01222	0.01056	0.01111	0.01000	0.01278	0.01222	0.00778	0.02611	0.78776	0.02056	0.02000	0.01833	0.01500	0.00667	0.00500	0.00167	0.00389	0.00556	0.00500	0.00778
37	0.01024	0.00889	0.01083	0.00774	0.01212	0.00675	0.03212	0.01249	0.01024	0.01600	0.00878	0.01029	0.00728	0.00366	0.00371	0.00076	0.00380	0.00301	0.00290	0.82839
38	0.01836	0.02342	0.01393	0.01266	0.01519	0.80756	0.00950	0.01962	0.01393	0.01203	0.00760	0.00886	0.00633	0.00506	0.00443	0.00127	0.00886	0.00317	0.00253	0.00570
39	0.01868	0.01376	0.01475	0.01131	0.01524	0.01524	0.00934	0.78025	0.02311	0.03097	0.01180	0.01180	0.00836	0.00590	0.00492	0.00147	0.00541	0.00442	0.00492	0.00836
40	0.01209	0.57410	0.27275	0.01019	0.01537	0.01689	0.01151	0.01498	0.01011	0.01284	0.00746	0.00868	0.00628	0.00435	0.00364	0.00121	0.00589	0.00295	0.00209	0.00661
41	0.00664	0.00496	0.00617	0.00598	0.00718	0.00449	0.00444	0.00862	0.01300	0.01782	0.58021	0.09954	0.20092	0.01096	0.00584	0.00160	0.00239	0.00959	0.00517	0.00449
42	0.01059	0.01195	0.06944	0.03261	0.01765	0.01290	0.26393	0.01333	0.02410	0.01373	0.02678	0.01356	0.02574	0.00825	0.04948	0.00218	0.39040	0.00506	0.00246	0.00587
43	0.00704	0.00518	0.00745	0.00745	0.00818	0.00590	0.00559	0.00849	0.00777	0.01108	0.01357	0.02157	0.01327	0.17579	0.67023	0.00735	0.01169	0.00560	0.00269	0.00414
44	0.01882	0.01076	0.01252	0.00979	0.01333	0.01110	0.00796	0.36828	0.07603	0.33962	0.01572	0.01559	0.01101	0.05865	0.00622	0.00172	0.00476	0.00489	0.00527	0.00797
45	0.00626	0.00505	0.00563	0.00583	0.00728	0.00442	0.00451	0.00775	0.01140	0.01413	0.12292	0.08985	0.55815	0.01253	0.00598	0.00176	0.00280	0.12487	0.00465	0.00425
46	0.06558	0.00822	0.00992	0.00847	0.01085	0.00842	0.04492	0.15316	0.11325	0.07052	0.23815	0.10872	0.10786	0.00867	0.00532	0.00160	0.00369	0.00743	0.00479	0.02048
47	0.09492	0.02601	0.01460	0.04227	0.20260	0.01068	0.05886	0.08299	0.13053	0.19786	0.01400	0.01585	0.01062	0.00570	0.00482	0.00154	0.00497	0.04268	0.00404	0.03445
48	0.58051	0.00990	0.00967	0.00917	0.06115	0.05021	0.05561	0.01404	0.00987	0.02040	0.12686	0.01300	0.01191	0.00538	0.00382	0.00152	0.00425	0.00394	0.00330	0.00548

[dist]
# distance from previous block
# <min> <max>
7	32

[block]
# block no. 3 follows, 51 sequences, length 76
# corresponding to MSA columns:
# 573-627,629-649
name=unknown_D
#
# <colnr> <probs for GDERKNQSTAVLIFYWHMCP>
#	G	D	E	R	K	N	Q	S	T	A	V	L	I	F	Y	W	H	M	C	P
0	0.83905	0.03170	0.00772	0.00652	0.00959	0.01125	0.00541	0.01445	0.00841	0.02176	0.00684	0.00798	0.00535	0.00455	0.00304	0.00151	0.00384	0.00266	0.00302	0.00535
1	0.03691	0.56531	0.02064	0.00905	0.04728	0.01534	0.03260	0.01309	0.01014	0.01242	0.01483	0.01559	0.14833	0.00614	0.00434	0.03050	0.00481	0.00426	0.00260	0.00582
2	0.00995	0.00930	0.01484	0.61857	0.10564	0.01128	0.01301	0.01436	0.10045	0.01381	0.01002	0.01354	0.00765	0.00518	0.00528	0.00164	0.03247	0.00450	0.00253	0.00595
3	0.01035	0.07510	0.36087	0.04020	0.03906	0.02837	0.13572	0.04058	0.03623	0.01541	0.01351	0.09391	0.04211	0.00643	0.00507	0.00161	0.00634	0.03983	0.00281	0.00650
4	0.00718	0.00490	0.00594	0.00601	0.00623	0.00505	0.00382	0.00761	0.00755	0.01018	0.01581	0.03164	0.01766	0.64566	0.14999	0.00510	0.00610	0.05723	0.00303	0.00331
5	0.01250	0.07444	0.04872	0.04064	0.09855	0.14082	0.00885	0.10290	0.13249	0.04047	0.09165	0.13152	0.04094	0.00747	0.00501	0.00153	0.00510	0.00621	0.00385	0.00634
6	0.00604	0.00437	0.00571	0.00668	0.00711	0.00404	0.00452	0.00702	0.00982	0.01307	0.07960	0.72306	0.08108	0.01486	0.00621	0.00194	0.00279	0.01341	0.00462	0.00404
7	0.02372	0.00881	0.00982	0.00893	0.03416	0.05804	0.03270	0.01515	0.22466	0.01755	0.21739	0.06520	0.11044	0.00785	0.00509	0.00147	0.00376	0.00673	0.00434	0.14419
8	0.00614	0.00491	0.00549	0.00553	0.00689	0.00426	0.00408	0.00762	0.01171	0.01491	0.24693	0.13761	0.50230	0.01216	0.00586	0.00167	0.00249	0.01040	0.00479	0.00426
9	0.01106	0.00786	0.00891	0.00821	0.01031	0.00826	0.00639	0.04544	0.30641	0.10699	0.05138	0.04946	0.14472	0.10479	0.00775	0.00209	0.00386	0.10526	0.00476	0.00609
10	0.02205	0.00836	0.01140	0.00874	0.01254	0.00722	0.00722	0.02395	0.01407	0.80004	0.01939	0.01673	0.01216	0.00608	0.00494	0.00152	0.00418	0.00494	0.00608	0.00836
11	0.01466	0.01164	0.01261	0.03481	0.03984	0.04205	0.00851	0.34209	0.29492	0.02286	0.01403	0.01446	0.01062	0.00737	0.00660	0.10168	0.00490	0.00476	0.00437	0.00722
12	0.01314	0.83025	0.02575	0.00841	0.01261	0.01945	0.00841	0.01472	0.00999	0.01156	0.00683	0.00788	0.00631	0.00420	0.00315	0.00105	0.00526	0.00263	0.00210	0.00631
13	0.04357	0.00877	0.01444	0.78295	0.03287	0.01092	0.01331	0.01263	0.00977	0.01294	0.00866	0.01290	0.00650	0.00490	0.00484	0.00163	0.00644	0.00430	0.00222	0.00545
14	0.86201	0.00950	0.00722	0.00646	0.00950	0.01102	0.00532	0.01445	0.00836	0.02205	0.00684	0.00798	0.00532	0.00456	0.00304	0.00152	0.00380	0.00266	0.00304	0.00532
15	0.01200	0.04758	0.01085	0.00888	0.01140	0.08282	0.00700	0.16772	0.24936	0.02004	0.17326	0.03982	0.13291	0.00794	0.00515	0.00155	0.00417	0.00651	0.00463	0.00641
16	0.01028	0.00887	0.01063	0.00832	0.04731	0.00678	0.00624	0.01250	0.01024	0.01602	0.00876	0.01028	0.00730	0.00367	0.00370	0.00076	0.00374	0.00298	0.00289	0.81874
17	0.01538	0.00919	0.01243	0.04165	0.01410	0.00804	0.06175	0.06806	0.02507	0.32035	0.01379	0.01451	0.00992	0.00514	0.00454	0.00124	0.00444	0.02468	0.00429	0.34143
18	0.01107	0.01126	0.01612	0.46473	0.21266	0.10437	0.03591	0.01393	0.01060	0.01340	0.00910	0.03094	0.00744	0.00514	0.00528	0.00158	0.03359	0.00449	0.00235	0.00604
19	0.01636	0.01414	0.01666	0.01293	0.01673	0.09411	0.14758	0.44795	0.13983	0.02469	0.01233	0.01279	0.00903	0.00562	0.00504	0.00152	0.00604	0.00472	0.00425	0.00769
20	0.01560	0.01092	0.01193	0.00988	0.01304	0.02824	0.00791	0.25970	0.32357	0.16033	0.09031	0.01755	0.01521	0.00661	0.00503	0.00156	0.00437	0.00536	0.00515	0.00772
21	0.01749	0.02092	0.01376	0.01261	0.03128	0.63795	0.00939	0.07300	0.10992	0.01448	0.00945	0.01030	0.00757	0.00531	0.00454	0.00133	0.00795	0.00357	0.00300	0.00618
22	0.01421	0.01031	0.01132	0.00984	0.01284	0.01148	0.00775	0.05740	0.62072	0.15694	0.01955	0.01778	0.01423	0.00653	0.00499	0.00163	0.00400	0.00540	0.00519	0.00790
23	0.01325	0.01117	0.01174	0.01029	0.01310	0.03208	0.00809	0.10615	0.63642	0.04025	0.01826	0.01706	0.01366	0.00661	0.00542	0.00165	0.03693	0.00531	0.00484	0.00771
24	0.00640	0.00486	0.00590	0.00595	0.00708	0.00435	0.00434	0.00809	0.01216	0.01626	0.40805	0.20112	0.27379	0.01188	0.00590	0.00167	0.00248	0.01038	0.00498	0.00435
25	0.01117	0.00984	0.01358	0.15181	0.20733	0.01099	0.01044	0.08148	0.21659	0.01719	0.01654	0.06607	0.06414	0.00708	0.00588	0.00167	0.05775	0.04014	0.00362	0.00667
26	0.00608	0.00499	0.00536	0.00527	0.00681	0.00427	0.00395	0.00758	0.01185	0.01481	0.22778	0.04476	0.61568	0.01187	0.00581	0.00163	0.00245	0.01002	0.00477	0.00427
27	0.01271	0.01241	0.01189	0.02657	0.09277	0.19055	0.00855	0.06974	0.27877	0.01717	0.05863	0.07136	0.01537	0.03252	0.03236	0.00189	0.00558	0.05078	0.00395	0.00643
28	0.00665	0.00499	0.00616	0.00592	0.00717	0.00450	0.00442	0.00867	0.01312	0.01794	0.59194	0.06615	0.22270	0.01080	0.00582	0.00159	0.00238	0.00941	0.00518	0.00450
29	0.01036	0.06145	0.01490	0.14615	0.08694	0.07895	0.13390	0.03973	0.02898	0.01579	0.19290	0.10659	0.03585	0.00739	0.00530	0.00158	0.00530	0.01873	0.00352	0.00569
30	0.01314	0.83025	0.02575	0.00841	0.01261	0.01945	0.00841	0.01472	0.00999	0.01156	0.00683	0.00788	0.00631	0.00420	0.00315	0.00105	0.00526	0.00263	0.00210	0.00631
31	0.01561	0.01692	0.01228	0.01079	0.01327	0.44821	0.00827	0.17199	0.01579	0.01778	0.20237	0.01633	0.01662	0.00646	0.00487	0.00138	0.00655	0.00483	0.00373	0.00598
32	0.01314	0.83025	0.02575	0.00841	0.01261	0.01945	0.00841	0.01472	0.00999	0.01156	0.00683	0.00788	0.00631	0.00420	0.00315	0.00105	0.00526	0.00263	0.00210	0.00631
33	0.01314	0.83025	0.02575	0.00841	0.01261	0.01945	0.00841	0.01472	0.00999	0.01156	0.00683	0.00788	0.00631	0.00420	0.00315	0.00105	0.00526	0.00263	0.00210	0.00631
34	0.00599	0.00428	0.00570	0.00684	0.00713	0.00399	0.00456	0.00684	0.00941	0.01254	0.02709	0.82409	0.03250	0.01540	0.00627	0.00200	0.00285	0.01397	0.00456	0.00399
35	0.05607	0.18238	0.01433	0.00889	0.01272	0.18968	0.00734	0.05400	0.01156	0.01527	0.00815	0.00939	0.00682	0.00424	0.00375	0.00099	0.00525	0.00297	0.00277	0.40343
36	0.01019	0.00873	0.01019	0.00728	0.01165	0.00655	0.00582	0.01237	0.01019	0.01601	0.00873	0.01019	0.00728	0.00364	0.00364	0.00073	0.00364	0.00291	0.00291	0.85734
37	0.01121	0.01054	0.01746	0.07971	0.61333	0.01067	0.01351	0.01424	0.02860	0.01563	0.01346	0.01807	0.06188	0.00572	0.00508	0.00155	0.00552	0.06391	0.00278	0.00713
38	0.00715	0.00476	0.00536	0.00536	0.00536	0.00476	0.00298	0.00715	0.00715	0.00953	0.01548	0.03216	0.01787	0.82729	0.02501	0.00476	0.00476	0.00715	0.00298	0.00298
39	0.01295	0.01092	0.01152	0.01015	0.01305	0.01256	0.00795	0.11041	0.70229	0.02172	0.01908	0.01760	0.01426	0.00658	0.00499	0.00165	0.00406	0.00543	0.00499	0.00784
40	0.01065	0.01340	0.15869	0.27569	0.13181	0.03245	0.19099	0.01424	0.01059	0.02690	0.01007	0.05282	0.00825	0.00530	0.00554	0.00163	0.03713	0.00502	0.00246	0.00635
41	0.19941	0.40744	0.12497	0.00890	0.01320	0.01498	0.00894	0.05037	0.02908	0.06814	0.00853	0.00932	0.00680	0.00459	0.00359	0.00128	0.00507	0.00308	0.00279	0.02950
42	0.00756	0.00567	0.00753	0.00686	0.00829	0.00536	0.03130	0.00992	0.03142	0.04110	0.54049	0.06762	0.17318	0.01024	0.00608	0.00161	0.02702	0.00891	0.00504	0.00480
43	0.00702	0.00527	0.00790	0.00790	0.00878	0.00614	0.00614	0.00878	0.00790	0.01141	0.01316	0.01931	0.01229	0.03686	0.80782	0.00790	0.01316	0.00527	0.00263	0.00439
44	0.01014	0.00943	0.01571	0.53363	0.23705	0.01093	0.01346	0.03184	0.01040	0.01388	0.00923	0.01321	0.00729	0.00680	0.05542	0.00198	0.00675	0.00443	0.00235	0.00609
45	0.03733	0.01006	0.01114	0.00963	0.01268	0.01106	0.00761	0.03835	0.57000	0.20588	0.01936	0.01756	0.01395	0.00646	0.00493	0.00162	0.00398	0.00531	0.00520	0.00786
46	0.01189	0.01192	0.03583	0.11875	0.46385	0.01167	0.22149	0.01521	0.01120	0.03614	0.00963	0.01266	0.00764	0.00443	0.00512	0.00154	0.00657	0.00476	0.00251	0.00720
47	0.00610	0.00500	0.00540	0.00547	0.00697	0.00430	0.00415	0.00753	0.01148	0.01416	0.14240	0.07727	0.61978	0.01233	0.00589	0.00170	0.00261	0.05856	0.00467	0.00423
48	0.01162	0.02487	0.01197	0.01219	0.12346	0.13601	0.00827	0.03207	0.08960	0.04581	0.01217	0.03910	0.01072	0.05062	0.22203	0.00328	0.04691	0.00476	0.00310	0.11145
49	0.00986	0.02542	0.80183	0.01401	0.02127	0.01141	0.01816	0.01556	0.01038	0.01556	0.00882	0.01038	0.00623	0.00467	0.00467	0.00156	0.00726	0.00363	0.00208	0.00726
50	0.00938	0.00726	0.00729	0.00677	0.00750	0.06196	0.00441	0.09903	0.02710	0.01254	0.01451	0.02733	0.01566	0.62375	0.05226	0.00419	0.00544	0.00644	0.00321	0.00396
51	0.00734	0.00556	0.00789	0.00764	0.00865	0.00618	0.00583	0.00890	0.00796	0.01152	0.01300	0.02004	0.01249	0.12953	0.64007	0.00689	0.02714	0.00531	0.00268	0.06539
52	0.01030	0.00961	0.04621	0.00776	0.01215	0.00713	0.00651	0.01338	0.05912	0.01628	0.00945	0.01071	0.00772	0.00388	0.00377	0.00082	0.00382	0.00311	0.00300	0.76526
53	0.00730	0.00531	0.00656	0.00700	0.00821	0.00499	0.00550	0.00918	0.03139	0.03538	0.08894	0.18361	0.26975	0.05398	0.00714	0.00206	0.00342	0.26127	0.00458	0.00443
54	0.01081	0.00916	0.01004	0.00869	0.01160	0.00942	0.00673	0.03779	0.43072	0.01831	0.01889	0.11049	0.05017	0.00709	0.00481	0.00144	0.00367	0.00600	0.00436	0.23981
55	0.57083	0.07699	0.09572	0.03014	0.03098	0.03362	0.00785	0.06321	0.00989	0.02026	0.00749	0.00878	0.00583	0.00471	0.00367	0.00149	0.01676	0.00300	0.00292	0.00588
56	0.01098	0.03209	0.04420	0.09222	0.29571	0.03389	0.03129	0.01348	0.01059	0.05553	0.06136	0.01679	0.03218	0.01052	0.12482	0.00250	0.07706	0.02532	0.00290	0.02658
57	0.01132	0.00947	0.01267	0.14174	0.14362	0.00892	0.00889	0.08543	0.03244	0.04286	0.01249	0.01403	0.06005	0.00493	0.00439	0.00118	0.00458	0.00416	0.00318	0.39365
58	0.00585	0.00495	0.00506	0.00510	0.00668	0.00416	0.00380	0.00712	0.01122	0.01346	0.07390	0.08048	0.73650	0.01249	0.00583	0.00167	0.00250	0.01048	0.00459	0.00416
59	0.01000	0.00950	0.01359	0.12255	0.05010	0.01258	0.01003	0.01128	0.00794	0.01173	0.00843	0.01477	0.00846	0.14696	0.01559	0.00249	0.53180	0.00480	0.00231	0.00509
60	0.01039	0.01057	0.05500	0.06174	0.23865	0.03070	0.09263	0.03176	0.09746	0.01602	0.06706	0.04842	0.12160	0.00733	0.00572	0.00165	0.03320	0.06033	0.00344	0.00632
61	0.01016	0.01608	0.36241	0.05111	0.02877	0.00921	0.06415	0.01399	0.01046	0.04140	0.01091	0.07235	0.00923	0.00535	0.00462	0.00136	0.00571	0.01871	0.00273	0.26130
62	0.00597	0.00458	0.00547	0.00610	0.00695	0.00408	0.00425	0.00705	0.01032	0.01319	0.07506	0.48802	0.32331	0.01400	0.00607	0.00184	0.00269	0.01234	0.00461	0.00408
63	0.01217	0.02819	0.02717	0.05316	0.12297	0.22816	0.02669	0.03524	0.06784	0.02699	0.01384	0.05969	0.05516	0.01260	0.17142	0.00278	0.00767	0.00512	0.00305	0.04010
64	0.00717	0.00500	0.00557	0.00557	0.00586	0.00497	0.00331	0.00789	0.03902	0.01046	0.01948	0.06602	0.09381	0.68136	0.02156	0.00422	0.00443	0.00768	0.00328	0.00333
65	0.01413	0.15879	0.12971	0.01143	0.03827	0.06770	0.04479	0.11742	0.20345	0.10103	0.02981	0.01339	0.01032	0.00546	0.00457	0.00143	0.00540	0.00435	0.00375	0.03480
66	0.01079	0.01053	0.06349	0.00879	0.02586	0.02977	0.00730	0.03613	0.12109	0.01707	0.05173	0.01281	0.01036	0.00467	0.00429	0.00103	0.01674	0.00375	0.00331	0.56050
67	0.01098	0.00902	0.01099	0.02616	0.01255	0.00745	0.02318	0.05858	0.01120	0.04265	0.04082	0.01171	0.00904	0.00427	0.00423	0.00091	0.02389	0.00344	0.00319	0.68572
68	0.00581	0.00498	0.00498	0.00498	0.00664	0.00415	0.00373	0.00705	0.01120	0.01328	0.04978	0.04729	0.79464	0.01245	0.00581	0.00166	0.00249	0.01037	0.00456	0.00415
69	0.03688	0.00898	0.03967	0.09641	0.07527	0.00945	0.11530	0.01156	0.00970	0.01368	0.01466	0.09379	0.01503	0.09069	0.03124	0.00236	0.15344	0.17357	0.00308	0.00523
70	0.02205	0.00836	0.01140	0.00874	0.01254	0.00722	0.00722	0.02395	0.01407	0.80004	0.01939	0.01673	0.01216	0.00608	0.00494	0.00152	0.00418	0.00494	0.00608	0.00836
71	0.00853	0.02039	0.06958	0.00747	0.00895	0.00658	0.00599	0.01095	0.07264	0.05477	0.04416	0.05224	0.06569	0.30142	0.22683	0.00441	0.00682	0.02455	0.00341	0.00463
72	0.01314	0.83025	0.02575	0.00841	0.01261	0.01945	0.00841	0.01472	0.00999	0.01156	0.00683	0.00788	0.00631	0.00420	0.00315	0.00105	0.00526	0.00263	0.00210	0.00631
73	0.01141	0.01216	0.02532	0.08898	0.02445	0.01174	0.62502	0.03793	0.01168	0.01613	0.01039	0.01361	0.00782	0.00439	0.00550	0.00161	0.00756	0.00553	0.07235	0.00641
74	0.01314	0.83025	0.02575	0.00841	0.01261	0.01945	0.00841	0.01472	0.00999	0.01156	0.00683	0.00788	0.00631	0.00420	0.00315	0.00105	0.00526	0.00263	0.00210	0.00631
75	0.01187	0.00949	0.02622	0.23835	0.03723	0.01026	0.00939	0.25392	0.01427	0.04442	0.03453	0.14969	0.06715	0.02340	0.00588	0.00172	0.02205	0.03014	0.00389	0.00613

[dist]
# distance from previous block
# <min> <max>
0	1

[block]
# block no. 4 follows, 51 sequences, length 8
# corresponding to MSA columns:
# 651-658
name=unknown_E
#
# <colnr> <probs for GDERKNQSTAVLIFYWHMCP>
#	G	D	E	R	K	N	Q	S	T	A	V	L	I	F	Y	W	H	M	C	P
0	0.00607	0.00475	0.00550	0.00582	0.00692	0.00418	0.00417	0.00737	0.01107	0.01414	0.17097	0.30751	0.40800	0.01303	0.00596	0.00175	0.00258	0.01133	0.00471	0.00418
1	0.05175	0.18432	0.01660	0.01170	0.01478	0.53211	0.04518	0.01849	0.01280	0.05818	0.00820	0.00929	0.00668	0.00489	0.00421	0.00127	0.00763	0.00326	0.00267	0.00600
2	0.01447	0.00907	0.04130	0.01000	0.06199	0.00841	0.00769	0.08963	0.13357	0.28758	0.21246	0.02291	0.04568	0.00737	0.00522	0.00157	0.00397	0.02492	0.00516	0.00703
3	0.01268	0.03599	0.01168	0.04124	0.01331	0.00949	0.00719	0.09707	0.20074	0.08782	0.01267	0.01296	0.00964	0.00490	0.00425	0.00115	0.00410	0.00394	0.00385	0.42533
4	0.00643	0.00479	0.00600	0.00629	0.00725	0.00436	0.00457	0.00801	0.01167	0.01566	0.33833	0.31056	0.19817	0.01255	0.00601	0.00176	0.00264	0.04575	0.00490	0.00431
5	0.00933	0.00827	0.01263	0.45169	0.08453	0.00952	0.01075	0.06078	0.01141	0.01500	0.11533	0.04217	0.11202	0.00693	0.00548	0.00163	0.02788	0.00597	0.00316	0.00552
6	0.00703	0.00522	0.00765	0.00765	0.00844	0.00601	0.00584	0.00862	0.00783	0.01123	0.01339	0.02055	0.01283	0.11340	0.73202	0.00759	0.01235	0.00545	0.00267	0.00425
7	0.09222	0.40972	0.23254	0.00986	0.01456	0.01515	0.01060	0.08183	0.01134	0.01586	0.05838	0.01076	0.00895	0.00489	0.00388	0.00130	0.00549	0.00346	0.00264	0.00655

[dist]
# distance from previous block
# <min> <max>
0	1

[block]
# block no. 5 follows, 51 sequences, length 28
# corresponding to MSA columns:
# 660-663,665-688
name=unknown_F
#
# <colnr> <probs for GDERKNQSTAVLIFYWHMCP>
#	G	D	E	R	K	N	Q	S	T	A	V	L	I	F	Y	W	H	M	C	P
0	0.00584	0.00487	0.00509	0.00527	0.00671	0.00412	0.00386	0.00702	0.01092	0.01316	0.04628	0.16716	0.67704	0.01290	0.00588	0.00171	0.00255	0.01093	0.00456	0.00412
1	0.00718	0.00557	0.00610	0.00587	0.00752	0.00505	0.00442	0.03490	0.04690	0.03551	0.18646	0.09654	0.51712	0.01155	0.00575	0.00165	0.00269	0.00979	0.00479	0.00464
2	0.01912	0.01243	0.01385	0.01068	0.01453	0.01334	0.00880	0.57940	0.05648	0.19927	0.01384	0.01318	0.00950	0.00597	0.00493	0.00149	0.00507	0.00459	0.00518	0.00833
3	0.86201	0.00950	0.00722	0.00646	0.00950	0.01102	0.00532	0.01445	0.00836	0.02205	0.00684	0.00798	0.00532	0.00456	0.00304	0.00152	0.00380	0.00266	0.00304	0.00532
4	0.01836	0.02342	0.01393	0.01266	0.01519	0.80756	0.00950	0.01962	0.01393	0.01203	0.00760	0.00886	0.00633	0.00506	0.00443	0.00127	0.00886	0.00317	0.00253	0.00570
5	0.01073	0.23932	0.59557	0.01252	0.01897	0.01355	0.01557	0.01534	0.01027	0.01450	0.00829	0.00971	0.00625	0.00455	0.00427	0.00142	0.00673	0.00336	0.00208	0.00701
6	0.01010	0.00938	0.01521	0.69223	0.11624	0.02919	0.01356	0.01326	0.01017	0.03152	0.00902	0.01299	0.00681	0.00489	0.00490	0.00161	0.00647	0.00435	0.00231	0.00579
7	0.27234	0.03694	0.05930	0.08339	0.13787	0.05164	0.07802	0.04022	0.00999	0.01689	0.00789	0.01038	0.00645	0.00537	0.00649	0.00163	0.16268	0.00381	0.00261	0.00610
8	0.00658	0.00476	0.00602	0.00663	0.00712	0.00463	0.00446	0.00800	0.04028	0.01300	0.10060	0.50663	0.05644	0.15975	0.04901	0.00271	0.00368	0.01137	0.00429	0.00405
9	0.00715	0.00476	0.00536	0.00536	0.00536	0.00476	0.00298	0.00715	0.00715	0.00953	0.01548	0.03216	0.01787	0.82729	0.02501	0.00476	0.00476	0.00715	0.00298	0.00298
10	0.01102	0.00862	0.01235	0.12073	0.01466	0.01018	0.04784	0.11586	0.02850	0.05078	0.01094	0.04336	0.00970	0.03140	0.14182	0.13655	0.19240	0.00502	0.00298	0.00528
11	0.00631	0.00467	0.00593	0.00657	0.00734	0.00429	0.00472	0.00763	0.01075	0.01422	0.17581	0.46575	0.17477	0.01369	0.00614	0.00187	0.00283	0.07782	0.00472	0.00419
12	0.01457	0.50148	0.04100	0.01008	0.01367	0.20583	0.00914	0.07533	0.01179	0.01330	0.00743	0.00867	0.00648	0.00484	0.00447	0.00122	0.05897	0.00303	0.00243	0.00629
13	0.03480	0.00948	0.01185	0.00880	0.01261	0.00843	0.04462	0.05243	0.01056	0.01645	0.00863	0.01043	0.00719	0.00440	0.00528	0.00100	0.10092	0.00329	0.00291	0.64593
14	0.01138	0.02706	0.04759	0.08387	0.16606	0.11608	0.05420	0.03416	0.09522	0.01562	0.11372	0.06800	0.02808	0.00735	0.01874	0.00171	0.09606	0.00567	0.00328	0.00617
15	0.01738	0.02150	0.01411	0.01262	0.01526	0.68324	0.03593	0.02028	0.10801	0.01319	0.00919	0.01017	0.00742	0.00523	0.00455	0.00133	0.00824	0.00355	0.00283	0.00598
16	0.82678	0.00946	0.00740	0.00656	0.00963	0.01086	0.00540	0.01484	0.00860	0.05468	0.00737	0.00835	0.00561	0.00463	0.00312	0.00152	0.00382	0.00276	0.00317	0.00545
17	0.01389	0.01064	0.01154	0.00950	0.01246	0.01162	0.00762	0.39549	0.19835	0.02491	0.15795	0.02104	0.08841	0.00742	0.00518	0.00155	0.00423	0.00603	0.00499	0.00717
18	0.00617	0.00454	0.00582	0.00673	0.00734	0.00419	0.00475	0.00725	0.00999	0.01304	0.04846	0.60520	0.15718	0.01462	0.00623	0.00196	0.00294	0.08494	0.00458	0.00408
19	0.00729	0.00520	0.00656	0.00646	0.00671	0.00566	0.00426	0.00784	0.00738	0.01018	0.01438	0.02743	0.01571	0.56109	0.24831	0.00553	0.04720	0.00647	0.00284	0.00350
20	0.00597	0.00433	0.00565	0.00671	0.00709	0.00400	0.00450	0.00686	0.00954	0.01260	0.02873	0.76787	0.08766	0.01518	0.00624	0.00197	0.00282	0.01371	0.00456	0.00400
21	0.01122	0.10336	0.30882	0.01849	0.22525	0.03907	0.15180	0.01509	0.01084	0.01504	0.00978	0.05110	0.00816	0.00499	0.00483	0.00151	0.00669	0.00461	0.00238	0.00697
22	0.01084	0.01060	0.01884	0.36876	0.36880	0.01144	0.11133	0.01407	0.01065	0.01450	0.00911	0.01271	0.00721	0.00458	0.00500	0.00156	0.00646	0.00455	0.00233	0.00663
23	0.01225	0.02015	0.55563	0.01220	0.01845	0.01003	0.01459	0.01681	0.01107	0.16735	0.01085	0.01158	0.00750	0.00482	0.00460	0.00145	0.00624	0.00380	0.00295	0.10768
24	0.00591	0.00493	0.00516	0.00522	0.00673	0.00417	0.00387	0.00721	0.01127	0.01372	0.10600	0.10627	0.67770	0.01249	0.00584	0.00168	0.00250	0.01053	0.00463	0.00417
25	0.01333	0.80028	0.02531	0.00857	0.01271	0.04872	0.00845	0.01490	0.01013	0.01158	0.00686	0.00792	0.00631	0.00424	0.00320	0.00106	0.00539	0.00265	0.00212	0.00628
26	0.00598	0.00432	0.00566	0.00674	0.00710	0.00400	0.00452	0.00685	0.00951	0.01259	0.02836	0.78047	0.07530	0.01523	0.00625	0.00198	0.00283	0.01377	0.00456	0.00400
27	0.01197	0.54417	0.30161	0.01040	0.01569	0.01659	0.01187	0.01502	0.01012	0.01298	0.00754	0.00877	0.00628	0.00437	0.00369	0.00123	0.00597	0.00298	0.00209	0.00665

[dist]
# distance from previous block
# <min> <max>
1	5

[block]
# block no. 6 follows, 51 sequences, length 66
# corresponding to MSA columns:
# 694-759
name=unknown_G
#
# <colnr> <probs for GDERKNQSTAVLIFYWHMCP>
#	G	D	E	R	K	N	Q	S	T	A	V	L	I	F	Y	W	H	M	C	P
0	0.00605	0.00432	0.00578	0.00692	0.00723	0.00405	0.00468	0.00696	0.00947	0.01262	0.02705	0.79810	0.03236	0.01533	0.00629	0.00200	0.00291	0.03932	0.00456	0.00401
1	0.01044	0.00899	0.01104	0.00807	0.01224	0.00722	0.04063	0.04335	0.02873	0.01650	0.01029	0.01174	0.02658	0.00501	0.02752	0.00105	0.00418	0.00341	0.00305	0.71994
2	0.52097	0.13213	0.03830	0.00811	0.01154	0.08184	0.00704	0.09263	0.01084	0.04726	0.00791	0.00881	0.00613	0.00474	0.00349	0.00143	0.00475	0.00299	0.00312	0.00598
3	0.01812	0.02268	0.01381	0.01253	0.01507	0.76228	0.00945	0.04460	0.01417	0.01272	0.00817	0.01006	0.00692	0.00529	0.00450	0.00130	0.00864	0.02126	0.00266	0.00576
4	0.01209	0.01024	0.01127	0.01068	0.04681	0.01163	0.00795	0.07222	0.62827	0.02052	0.04509	0.05672	0.01636	0.00717	0.00511	0.00167	0.00398	0.01988	0.00487	0.00747
5	0.00710	0.00478	0.00540	0.00540	0.00548	0.00477	0.00307	0.00718	0.00731	0.00970	0.01666	0.03243	0.04538	0.78196	0.04052	0.00472	0.00486	0.00722	0.00303	0.00305
6	0.01028	0.00884	0.00888	0.00804	0.00991	0.09976	0.00618	0.07603	0.14274	0.03044	0.43418	0.02857	0.06847	0.00927	0.02279	0.00168	0.00389	0.01956	0.00486	0.00561
7	0.00610	0.00437	0.00581	0.00686	0.00724	0.00409	0.00467	0.00708	0.00972	0.01296	0.06188	0.74531	0.04765	0.01503	0.00626	0.00198	0.00288	0.04146	0.00460	0.00404
8	0.01190	0.01371	0.02832	0.02035	0.02521	0.04809	0.74429	0.01592	0.01170	0.01557	0.00984	0.01306	0.00741	0.00418	0.00574	0.00164	0.00831	0.00568	0.00249	0.00659
9	0.00603	0.00492	0.00532	0.00536	0.00681	0.00422	0.00397	0.00742	0.01151	0.01434	0.17831	0.11721	0.59289	0.01230	0.00585	0.00167	0.00249	0.01044	0.00471	0.00422
10	0.01095	0.08012	0.23765	0.03236	0.02067	0.01313	0.32023	0.01462	0.01019	0.01441	0.00868	0.01160	0.00687	0.00574	0.01958	0.00178	0.17810	0.00460	0.00227	0.00646
11	0.02068	0.00814	0.01102	0.00857	0.01214	0.00711	0.00703	0.02283	0.02834	0.72427	0.08033	0.01833	0.01491	0.00641	0.00501	0.00153	0.00403	0.00526	0.00601	0.00806
12	0.01489	0.01163	0.01455	0.24217	0.02036	0.01309	0.03580	0.44927	0.05292	0.03650	0.02851	0.01415	0.03207	0.00587	0.00499	0.00154	0.00559	0.00478	0.00407	0.00724
13	0.01160	0.01326	0.02900	0.02071	0.02568	0.01243	0.77879	0.01574	0.01160	0.01574	0.00994	0.01326	0.00746	0.00414	0.00580	0.00166	0.00829	0.00580	0.00249	0.00663
14	0.00904	0.00699	0.00997	0.04073	0.17919	0.00681	0.00754	0.01173	0.05083	0.06089	0.26552	0.13045	0.14292	0.00946	0.00559	0.00165	0.00362	0.04713	0.00439	0.00555
15	0.01379	0.68243	0.05180	0.00924	0.01330	0.13539	0.00892	0.01547	0.01058	0.01177	0.00702	0.00812	0.00631	0.00435	0.00340	0.00110	0.00586	0.00274	0.00216	0.00625
16	0.01778	0.11339	0.01528	0.01214	0.01491	0.69249	0.00937	0.04488	0.01380	0.01262	0.00765	0.00885	0.00640	0.00500	0.00430	0.00125	0.00834	0.00315	0.00256	0.00586
