[name]
unknown

[dist]
# distance from previous block
# <min> <max>
26	197

[block]
# block no. 0 follows, 53 sequences, length 7
# corresponding to MSA columns:
# 234-240
name=unknown_A
#
# <colnr> <probs for GDERKNQSTAVLIFYWHMCP>
#	G	D	E	R	K	N	Q	S	T	A	V	L	I	F	Y	W	H	M	C	P
0	0.02783	0.07669	0.06880	0.01051	0.03909	0.09748	0.04251	0.07941	0.13944	0.15887	0.01782	0.04874	0.10278	0.00684	0.00528	0.00152	0.04132	0.02462	0.00394	0.00652
1	0.06196	0.03117	0.04814	0.02850	0.04822	0.13139	0.05286	0.11664	0.05515	0.01639	0.04054	0.17834	0.09556	0.00844	0.00511	0.00160	0.00496	0.06571	0.00371	0.00561
2	0.01144	0.10423	0.13289	0.03383	0.11785	0.07969	0.02349	0.04820	0.03203	0.07922	0.15269	0.04563	0.03093	0.07980	0.00648	0.00171	0.00508	0.00540	0.00341	0.00599
3	0.01127	0.01156	0.03230	0.07347	0.01419	0.17077	0.05009	0.04796	0.04550	0.01503	0.06039	0.05438	0.01181	0.00783	0.06359	0.00170	0.00580	0.02952	0.00310	0.28974
4	0.07755	0.00744	0.05250	0.00723	0.00922	0.00646	0.00579	0.05358	0.02930	0.08362	0.13335	0.05334	0.01547	0.05728	0.01005	0.26553	0.00391	0.00519	0.00344	0.11975
5	0.13978	0.05513	0.01560	0.19319	0.37891	0.01127	0.01162	0.04142	0.03253	0.01635	0.05300	0.01268	0.00919	0.00481	0.00444	0.00146	0.00524	0.00419	0.00270	0.00649
6	0.04090	0.06232	0.23109	0.01264	0.05626	0.19588	0.04064	0.08075	0.11709	0.05071	0.03181	0.01187	0.00881	0.00526	0.00489	0.00145	0.03392	0.00399	0.00305	0.00667

[dist]
# distance from previous block
# <min> <max>
0	1

[block]
# block no. 1 follows, 53 sequences, length 16
# corresponding to MSA columns:
# 242-252,256-260
name=unknown_B
#
# <colnr> <probs for GDERKNQSTAVLIFYWHMCP>
#	G	D	E	R	K	N	Q	S	T	A	V	L	I	F	Y	W	H	M	C	P
0	0.11436	0.00902	0.01001	0.01014	0.07820	0.06973	0.00732	0.04042	0.10667	0.14002	0.06319	0.07820	0.04263	0.03083	0.01714	0.00179	0.04028	0.10464	0.02952	0.00590
1	0.01394	0.39760	0.07757	0.00984	0.03876	0.03790	0.00886	0.14576	0.05050	0.09801	0.04408	0.03757	0.00999	0.00533	0.00403	0.00127	0.00503	0.00398	0.00328	0.00670
2	0.10278	0.01077	0.01411	0.05446	0.25849	0.06885	0.05280	0.11504	0.02358	0.05460	0.08116	0.04885	0.04559	0.00614	0.00512	0.00151	0.03100	0.01533	0.00339	0.00641
3	0.00582	0.00416	0.00555	0.00666	0.00693	0.00388	0.00444	0.00666	0.00915	0.01220	0.02634	0.82891	0.03161	0.01497	0.00610	0.00194	0.00277	0.01359	0.00444	0.00388
4	0.00860	0.00692	0.00837	0.02394	0.00904	0.04411	0.00592	0.06208	0.00887	0.01220	0.01283	0.04243	0.01285	0.25881	0.34588	0.00501	0.09155	0.00560	0.03070	0.00431
5	0.03311	0.05798	0.12342	0.03346	0.01285	0.02284	0.03993	0.07554	0.07173	0.02686	0.06467	0.02988	0.05419	0.02902	0.21423	0.00311	0.01840	0.01953	0.00321	0.06603
6	0.01218	0.23465	0.26853	0.01269	0.01748	0.01293	0.17595	0.01550	0.01048	0.10926	0.00985	0.03189	0.00770	0.00498	0.00513	0.00145	0.05591	0.00417	0.00265	0.00662
7	0.00694	0.00466	0.00535	0.00535	0.00540	0.00471	0.00307	0.00704	0.00699	0.00937	0.01493	0.03057	0.01707	0.78709	0.06884	0.00481	0.00509	0.00685	0.00288	0.00297
8	0.00745	0.00544	0.00748	0.00744	0.00805	0.00553	0.03924	0.02940	0.00902	0.03516	0.02044	0.46614	0.02348	0.22090	0.04264	0.00281	0.05132	0.01017	0.00380	0.00408
9	0.01115	0.14246	0.44606	0.01309	0.01831	0.03336	0.09313	0.04394	0.01046	0.03276	0.00844	0.01021	0.00643	0.00497	0.00579	0.00151	0.10526	0.00373	0.00228	0.00667
10	0.01062	0.00755	0.00853	0.00733	0.00951	0.00762	0.00576	0.21153	0.05877	0.06582	0.30025	0.02948	0.22057	0.00881	0.00527	0.00151	0.00326	0.00738	0.02471	0.00571
11	0.00669	0.00472	0.00589	0.00641	0.00727	0.00435	0.00461	0.00793	0.02623	0.03449	0.08588	0.43028	0.22132	0.01343	0.00669	0.05393	0.00291	0.06848	0.00440	0.00409
12	0.01116	0.01386	0.09597	0.01996	0.05755	0.01197	0.68511	0.01527	0.01116	0.01531	0.00955	0.01260	0.00716	0.00408	0.00551	0.00159	0.00787	0.00540	0.00238	0.00655
13	0.10141	0.00957	0.01159	0.05783	0.01355	0.01022	0.02774	0.19574	0.10064	0.24108	0.03622	0.01791	0.05701	0.00663	0.00543	0.00157	0.05166	0.04279	0.00452	0.00688
14	0.02976	0.01103	0.01375	0.14930	0.01640	0.09215	0.04470	0.12121	0.01088	0.02976	0.00889	0.01213	0.00748	0.00988	0.10385	0.00242	0.30245	0.00426	0.02404	0.00566
15	0.06595	0.01003	0.01154	0.11049	0.07929	0.05412	0.00826	0.18131	0.14191	0.08128	0.03478	0.05181	0.01219	0.10695	0.02760	0.00205	0.00510	0.00521	0.00383	0.00630

[dist]
# distance from previous block
# <min> <max>
0	2

[block]
# block no. 2 follows, 53 sequences, length 23
# corresponding to MSA columns:
# 265-287
name=unknown_C
#
# <colnr> <probs for GDERKNQSTAVLIFYWHMCP>
#	G	D	E	R	K	N	Q	S	T	A	V	L	I	F	Y	W	H	M	C	P
0	0.04019	0.03045	0.01328	0.11825	0.01584	0.03760	0.04940	0.23971	0.10797	0.07493	0.01336	0.09234	0.01133	0.00682	0.00588	0.00159	0.08065	0.02851	0.00385	0.02803
1	0.01130	0.23907	0.30088	0.03539	0.01838	0.05298	0.17867	0.03617	0.01058	0.01397	0.00866	0.01123	0.00702	0.04950	0.00546	0.00156	0.00663	0.00393	0.00226	0.00636
2	0.00880	0.00610	0.00727	0.00651	0.00825	0.00581	0.00502	0.08454	0.03963	0.07402	0.46730	0.03384	0.21527	0.00955	0.00547	0.00152	0.00276	0.00819	0.00506	0.00510
3	0.00664	0.00452	0.00529	0.00556	0.00567	0.00443	0.00329	0.00688	0.00759	0.01008	0.01865	0.22787	0.04003	0.61096	0.01939	0.00390	0.00412	0.00866	0.00331	0.00317
4	0.01166	0.41111	0.34425	0.01113	0.01626	0.06135	0.03663	0.01489	0.01008	0.01300	0.00757	0.00894	0.00614	0.00442	0.00412	0.00128	0.02551	0.00312	0.00207	0.00647
5	0.01050	0.00829	0.00912	0.00832	0.01055	0.00901	0.00644	0.04031	0.45366	0.05590	0.14557	0.06899	0.11931	0.00828	0.00519	0.00162	0.00339	0.02427	0.00489	0.00641
6	0.00675	0.00505	0.00594	0.00594	0.00721	0.00460	0.00436	0.00881	0.04850	0.03570	0.28228	0.21053	0.33368	0.01155	0.00568	0.00165	0.00255	0.01003	0.00476	0.00443
7	0.01424	0.01207	0.10970	0.05664	0.05294	0.04300	0.14113	0.13815	0.03220	0.21731	0.01407	0.09689	0.01130	0.03127	0.00561	0.00164	0.00556	0.00556	0.00389	0.00682
8	0.04794	0.51338	0.10188	0.09687	0.01557	0.03226	0.00969	0.09720	0.02112	0.01432	0.00774	0.00903	0.00643	0.00445	0.00363	0.00121	0.00546	0.00307	0.00243	0.00632
9	0.00618	0.00435	0.00550	0.00627	0.00655	0.00414	0.00410	0.00685	0.00869	0.01151	0.02413	0.56208	0.05634	0.23239	0.01095	0.00265	0.00331	0.03632	0.00403	0.00364
10	0.03415	0.00769	0.03337	0.03186	0.01031	0.00708	0.00607	0.10973	0.06261	0.15616	0.12973	0.02936	0.32407	0.00899	0.00552	0.02229	0.00348	0.00721	0.00463	0.00568
11	0.05728	0.01208	0.08948	0.14733	0.05916	0.01132	0.36921	0.01401	0.01018	0.03450	0.00976	0.03964	0.00799	0.02620	0.00671	0.00172	0.08976	0.00513	0.00250	0.00604
12	0.01231	0.00991	0.00910	0.00811	0.01015	0.15403	0.00626	0.05904	0.15217	0.09666	0.20277	0.02012	0.02816	0.00679	0.00481	0.00140	0.01826	0.00546	0.18869	0.00580
13	0.00880	0.00451	0.00480	0.00489	0.00595	0.00444	0.00361	0.01081	0.01000	0.03887	0.01728	0.13798	0.01511	0.00697	0.00379	0.00125	0.00236	0.00582	0.70829	0.00447
14	0.03461	0.08799	0.03867	0.06281	0.06288	0.01183	0.06976	0.20048	0.15760	0.10504	0.01293	0.01359	0.00960	0.00611	0.02371	0.00159	0.01329	0.00446	0.07610	0.00696
15	0.14531	0.41039	0.08168	0.04276	0.01360	0.09246	0.00900	0.01471	0.00973	0.04016	0.00732	0.00878	0.00620	0.00482	0.00481	0.00131	0.09566	0.00301	0.00236	0.00594
16	0.01300	0.00840	0.00987	0.02153	0.01116	0.00878	0.00664	0.12613	0.24634	0.18425	0.23838	0.02232	0.02175	0.05219	0.00612	0.00170	0.00371	0.00611	0.00503	0.00661
17	0.00675	0.00486	0.00659	0.00688	0.00780	0.00444	0.03097	0.00802	0.01030	0.04282	0.12553	0.51157	0.16099	0.01307	0.00592	0.00181	0.00294	0.03998	0.00452	0.00425
18	0.03416	0.16847	0.32170	0.01375	0.07979	0.09425	0.10816	0.01555	0.03271	0.03517	0.04626	0.01151	0.00856	0.00475	0.00442	0.00140	0.00639	0.00393	0.00250	0.00657
19	0.04868	0.01035	0.14051	0.00986	0.01282	0.00801	0.11947	0.10224	0.01221	0.01703	0.15576	0.16598	0.14674	0.00872	0.00533	0.00162	0.00445	0.02088	0.00387	0.00547
20	0.00718	0.00535	0.00740	0.00730	0.00859	0.00499	0.04757	0.00893	0.01098	0.03472	0.18233	0.22016	0.20194	0.01258	0.03594	0.00199	0.00359	0.16066	0.03339	0.00443
21	0.03344	0.09810	0.17511	0.20217	0.10911	0.04995	0.12909	0.03865	0.03235	0.01452	0.00937	0.03896	0.00765	0.00504	0.00506	0.00151	0.03682	0.00439	0.00244	0.00628
22	0.24915	0.04076	0.06740	0.02561	0.12129	0.07110	0.02839	0.13569	0.01177	0.01864	0.01014	0.08892	0.00897	0.00557	0.00417	0.00140	0.00492	0.00439	0.00313	0.09861

[dist]
# distance from previous block
# <min> <max>
2	16

[block]
# block no. 3 follows, 53 sequences, length 30
# corresponding to MSA columns:
# 304-333
name=unknown_D
#
# <colnr> <probs for GDERKNQSTAVLIFYWHMCP>
#	G	D	E	R	K	N	Q	S	T	A	V	L	I	F	Y	W	H	M	C	P
0	0.05635	0.06607	0.19471	0.03390	0.07231	0.05219	0.02114	0.05023	0.01171	0.20013	0.05677	0.04165	0.01106	0.00562	0.00470	0.00141	0.01880	0.01384	0.00353	0.08387
1	0.01123	0.04089	0.36831	0.02709	0.06796	0.02826	0.07662	0.14313	0.01230	0.01716	0.03248	0.04768	0.03056	0.00587	0.00545	0.00155	0.05279	0.02112	0.00286	0.00669
2	0.01035	0.05528	0.41542	0.01118	0.01564	0.14299	0.01221	0.01403	0.03229	0.01382	0.03113	0.08437	0.06385	0.00792	0.04019	0.02922	0.00650	0.00499	0.00265	0.00596
3	0.01034	0.00946	0.06417	0.01177	0.14172	0.03003	0.00833	0.11629	0.06944	0.04685	0.04537	0.06995	0.18050	0.01205	0.11765	0.00243	0.00555	0.04843	0.00377	0.00589
4	0.02752	0.00798	0.03007	0.02685	0.00962	0.06396	0.00607	0.14515	0.01007	0.04033	0.00914	0.01334	0.00808	0.01267	0.01374	0.55994	0.00478	0.00408	0.00273	0.00386
5	0.00581	0.00421	0.00549	0.00652	0.00690	0.00389	0.00437	0.00667	0.00929	0.01226	0.02805	0.76848	0.09094	0.01475	0.00607	0.00192	0.00275	0.01332	0.00444	0.00389
6	0.01196	0.03544	0.44113	0.08598	0.07236	0.05188	0.01386	0.03121	0.03406	0.12486	0.01058	0.01233	0.00777	0.03964	0.00542	0.00162	0.00629	0.00399	0.00279	0.00685
7	0.01367	0.05114	0.13746	0.01457	0.07516	0.24410	0.18554	0.08074	0.01270	0.05273	0.04049	0.04965	0.00961	0.00535	0.00482	0.00144	0.00688	0.00468	0.00292	0.00637
8	0.00959	0.02472	0.80726	0.01362	0.02069	0.01110	0.01766	0.01514	0.01009	0.01514	0.00858	0.01009	0.00605	0.00454	0.00454	0.00151	0.00706	0.00353	0.00202	0.00706
9	0.02595	0.00761	0.01165	0.44268	0.05515	0.00852	0.01005	0.01290	0.01042	0.12346	0.01653	0.04610	0.09872	0.00670	0.00494	0.00160	0.00506	0.05984	0.04663	0.00550
10	0.01677	0.09325	0.01518	0.01374	0.09730	0.65855	0.00971	0.01820	0.01293	0.01207	0.00749	0.00887	0.00630	0.00478	0.00424	0.00123	0.00800	0.00316	0.00242	0.00581
11	0.01164	0.01020	0.01051	0.00949	0.01211	0.02967	0.00737	0.02409	0.72470	0.01948	0.03780	0.01923	0.04891	0.00676	0.00490	0.00161	0.00380	0.00562	0.00480	0.00730
12	0.00830	0.00415	0.00623	0.00623	0.00623	0.00415	0.00415	0.00623	0.00623	0.00830	0.00830	0.01453	0.00830	0.01660	0.01868	0.86094	0.00415	0.00415	0.00208	0.00208
13	0.01009	0.00986	0.04272	0.52748	0.22167	0.01080	0.01326	0.05167	0.01054	0.01406	0.00939	0.04044	0.00762	0.00504	0.00480	0.00155	0.00604	0.00455	0.00239	0.00602
14	0.00582	0.00416	0.00555	0.00666	0.00693	0.00388	0.00444	0.00666	0.00915	0.01220	0.02634	0.82891	0.03161	0.01497	0.00610	0.00194	0.00277	0.01359	0.00444	0.00388
15	0.00597	0.00448	0.00555	0.00616	0.00693	0.00406	0.00434	0.00715	0.01028	0.01343	0.14062	0.48659	0.23537	0.01343	0.00593	0.00180	0.00266	0.03664	0.00455	0.00403
16	0.00826	0.04167	0.00976	0.00850	0.00926	0.02725	0.00671	0.00961	0.00807	0.01149	0.03498	0.01877	0.03745	0.11294	0.40517	0.00498	0.20904	0.00518	0.02644	0.00446
17	0.04096	0.00600	0.00682	0.00596	0.00801	0.00566	0.00469	0.04063	0.01166	0.23108	0.05552	0.02166	0.12565	0.00675	0.00421	0.00132	0.00291	0.00547	0.40950	0.00555
18	0.00587	0.00422	0.00558	0.00665	0.00700	0.00393	0.00450	0.00675	0.00926	0.01228	0.02706	0.78163	0.05742	0.01483	0.00610	0.00194	0.00281	0.03385	0.00444	0.00390
19	0.00690	0.00510	0.00746	0.00754	0.00833	0.00582	0.00582	0.00849	0.00785	0.01116	0.01389	0.02240	0.01355	0.10663	0.68420	0.00702	0.01146	0.05952	0.00272	0.00415
20	0.03055	0.01174	0.05430	0.04481	0.17083	0.01091	0.38469	0.04782	0.01141	0.09222	0.01064	0.01325	0.00809	0.00724	0.07760	0.00209	0.00733	0.00499	0.00284	0.00666
21	0.01444	0.54379	0.02095	0.00966	0.01312	0.28597	0.00858	0.01586	0.01095	0.01140	0.00689	0.00805	0.00614	0.00446	0.00376	0.00112	0.02400	0.00277	0.00219	0.00591
22	0.01008	0.00907	0.01421	0.70781	0.03032	0.01110	0.01264	0.09364	0.03802	0.01435	0.00919	0.01279	0.00684	0.00494	0.00478	0.00158	0.00617	0.00429	0.00250	0.00568
23	0.00605	0.00469	0.00554	0.00600	0.00695	0.00426	0.00424	0.00759	0.03536	0.01348	0.11852	0.41952	0.32441	0.01305	0.00584	0.00176	0.00262	0.01146	0.00454	0.00413
24	0.04248	0.04514	0.01061	0.00880	0.01107	0.11370	0.03382	0.09458	0.04893	0.14596	0.07675	0.16510	0.09462	0.01891	0.00551	0.00163	0.01539	0.05701	0.00426	0.00575
25	0.04820	0.07843	0.06074	0.00872	0.01166	0.01015	0.00742	0.19617	0.13883	0.08291	0.10195	0.13059	0.05608	0.00757	0.00483	0.00150	0.00408	0.00625	0.00432	0.03961
26	0.01215	0.03092	0.03412	0.03770	0.01810	0.04528	0.32969	0.07896	0.03781	0.07507	0.02830	0.06596	0.01994	0.00625	0.00707	0.00166	0.14575	0.01593	0.00312	0.00622
27	0.04331	0.04143	0.03415	0.01207	0.10865	0.21528	0.00870	0.08082	0.08254	0.10060	0.01151	0.02645	0.00925	0.00594	0.01932	0.00143	0.01781	0.02455	0.03071	0.12550
28	0.08139	0.08689	0.25071	0.01038	0.01383	0.02490	0.06740	0.01276	0.03917	0.01419	0.01333	0.08508	0.01298	0.10335	0.03686	0.00220	0.02442	0.11174	0.00290	0.00551
29	0.03197	0.19323	0.13245	0.05904	0.01665	0.03635	0.10366	0.18557	0.04997	0.02885	0.01035	0.01307	0.00836	0.00528	0.00471	0.00141	0.02396	0.04486	0.00308	0.04719

[dist]
# distance from previous block
# <min> <max>
3	16

[block]
# block no. 4 follows, 53 sequences, length 40
# corresponding to MSA columns:
# 360-382,396-412
name=unknown_E
#
# <colnr> <probs for GDERKNQSTAVLIFYWHMCP>
#	G	D	E	R	K	N	Q	S	T	A	V	L	I	F	Y	W	H	M	C	P
0	0.04984	0.01116	0.04491	0.03452	0.01345	0.12779	0.09234	0.03732	0.11063	0.06294	0.04725	0.12623	0.05023	0.02474	0.00520	0.00149	0.00496	0.00586	0.00358	0.14558
1	0.02226	0.11085	0.09991	0.01022	0.05412	0.13528	0.00844	0.03091	0.06542	0.01444	0.04908	0.08943	0.01235	0.00952	0.09565	0.00204	0.01718	0.01825	0.02204	0.13262
2	0.00945	0.00801	0.00896	0.07191	0.01130	0.07293	0.02316	0.05311	0.12763	0.02951	0.07367	0.22193	0.04335	0.14343	0.04343	0.00238	0.00469	0.02240	0.00385	0.02487
3	0.25414	0.02049	0.00992	0.02206	0.02959	0.04398	0.02313	0.08195	0.13768	0.01844	0.08520	0.01496	0.01233	0.01122	0.15353	0.00260	0.01674	0.00444	0.01478	0.04285
4	0.12515	0.00849	0.00882	0.02495	0.03785	0.09615	0.03796	0.03682	0.01110	0.03292	0.09563	0.18710	0.20563	0.00911	0.00504	0.00156	0.00399	0.02016	0.00385	0.04773
5	0.01817	0.01339	0.01434	0.01100	0.01482	0.01482	0.00908	0.78627	0.02247	0.03012	0.01148	0.01148	0.00813	0.00574	0.00478	0.00143	0.00526	0.00430	0.00478	0.00813
6	0.01001	0.06341	0.64698	0.01436	0.02093	0.01164	0.13649	0.01512	0.01026	0.01497	0.00865	0.01041	0.00624	0.00444	0.00464	0.00150	0.00712	0.00381	0.00208	0.00692
7	0.01176	0.01128	0.02024	0.09623	0.57891	0.01130	0.14718	0.01481	0.01091	0.03735	0.00934	0.01222	0.00753	0.00431	0.00489	0.00147	0.00610	0.00451	0.00245	0.00720
8	0.01095	0.18958	0.21842	0.02831	0.01388	0.04417	0.00981	0.02988	0.12546	0.05781	0.07101	0.06786	0.05560	0.00762	0.03497	0.00169	0.00532	0.01815	0.00330	0.00621
9	0.00701	0.00497	0.00591	0.00586	0.00701	0.00469	0.00432	0.00943	0.05087	0.01684	0.39005	0.15718	0.16643	0.01017	0.00532	0.00154	0.00244	0.00885	0.13665	0.00447
10	0.00674	0.00501	0.00599	0.00587	0.00726	0.00447	0.00454	0.00854	0.01215	0.03444	0.38236	0.04152	0.36070	0.01103	0.00573	0.00162	0.00260	0.09020	0.00484	0.00438
11	0.04075	0.12930	0.26893	0.01111	0.01552	0.06063	0.06917	0.09365	0.01194	0.12897	0.01207	0.09900	0.01004	0.00592	0.00456	0.00146	0.00569	0.00486	0.01983	0.00660
12	0.01519	0.01534	0.08360	0.01258	0.01567	0.26349	0.13089	0.05842	0.01230	0.16993	0.01112	0.05237	0.00883	0.00598	0.00636	0.00153	0.12219	0.00461	0.00327	0.00634
13	0.00591	0.00427	0.00561	0.00660	0.00701	0.00397	0.00450	0.00687	0.00948	0.01260	0.06098	0.73179	0.07052	0.01455	0.00607	0.00191	0.00278	0.03617	0.00447	0.00393
14	0.00684	0.00483	0.00634	0.00644	0.00685	0.00517	0.00442	0.00767	0.00752	0.01037	0.01517	0.08065	0.01636	0.42150	0.35186	0.00566	0.00791	0.02797	0.00290	0.00358
15	0.04058	0.01231	0.04913	0.09813	0.41018	0.09294	0.05575	0.03708	0.02491	0.07801	0.01096	0.01374	0.02291	0.00500	0.00476	0.00147	0.00590	0.02650	0.00285	0.00689
16	0.04104	0.01219	0.01135	0.10076	0.04832	0.20677	0.00821	0.11210	0.14244	0.04158	0.03579	0.02846	0.02404	0.00610	0.00501	0.01896	0.02347	0.00454	0.12286	0.00601
17	0.01370	0.34417	0.21585	0.01103	0.01543	0.22291	0.02402	0.07609	0.01183	0.01387	0.00775	0.00890	0.00629	0.00455	0.00393	0.00124	0.00657	0.00312	0.00237	0.00637
18	0.01712	0.01306	0.01339	0.04899	0.04750	0.13321	0.00881	0.38633	0.01716	0.15917	0.01158	0.01178	0.00826	0.00530	0.00458	0.00134	0.00545	0.00404	0.00419	0.09873
19	0.00950	0.01089	0.13405	0.05029	0.01341	0.05939	0.05407	0.03315	0.15376	0.02832	0.05339	0.18795	0.06701	0.01187	0.10848	0.00241	0.00581	0.00701	0.00361	0.00564
20	0.00634	0.00488	0.00585	0.00623	0.00719	0.00456	0.00443	0.00836	0.06109	0.01419	0.17516	0.41131	0.24749	0.01266	0.00581	0.00175	0.00264	0.01117	0.00462	0.00428
21	0.00910	0.00854	0.01425	0.80023	0.03241	0.01065	0.01313	0.01254	0.02919	0.01241	0.00877	0.01287	0.00658	0.00482	0.00478	0.00159	0.00631	0.00428	0.00219	0.00537
22	0.00907	0.02101	0.64878	0.01282	0.01873	0.01002	0.04890	0.01383	0.01000	0.01469	0.01139	0.13755	0.01008	0.00614	0.00483	0.00158	0.00644	0.00519	0.00241	0.00654
23	0.00877	0.00629	0.00828	0.00789	0.00904	0.00709	0.00615	0.11465	0.01016	0.01454	0.01444	0.10798	0.01388	0.02299	0.41531	0.04768	0.04728	0.04040	0.09247	0.00471
24	0.01103	0.01250	0.02718	0.01953	0.02416	0.01172	0.74953	0.01492	0.01118	0.01517	0.01042	0.04983	0.00835	0.00452	0.00566	0.00163	0.00782	0.00600	0.00251	0.00633
25	0.00586	0.00421	0.00556	0.00657	0.00693	0.00391	0.00441	0.00676	0.00939	0.01252	0.06012	0.76950	0.05723	0.01466	0.00607	0.00191	0.00274	0.01326	0.00447	0.00391
26	0.00612	0.00477	0.00557	0.00564	0.00687	0.00422	0.00418	0.00766	0.01154	0.01500	0.30401	0.16442	0.39763	0.01178	0.00574	0.00164	0.00247	0.03183	0.00472	0.00419
27	0.00617	0.00484	0.00558	0.00544	0.00679	0.00425	0.00406	0.00786	0.01207	0.01580	0.39696	0.06390	0.42700	0.01110	0.00566	0.00157	0.00235	0.00952	0.00482	0.00425
28	0.01301	0.79814	0.02453	0.00837	0.01238	0.05485	0.00823	0.01453	0.00989	0.01127	0.00668	0.00771	0.00613	0.00413	0.00312	0.00103	0.00527	0.00258	0.00206	0.00611
29	0.00830	0.00415	0.00623	0.00623	0.00623	0.00415	0.00415	0.00623	0.00623	0.00830	0.00830	0.01453	0.00830	0.01660	0.01868	0.86094	0.00415	0.00415	0.00208	0.00208
30	0.00588	0.00420	0.00561	0.00672	0.00702	0.00393	0.00454	0.00675	0.00921	0.01227	0.02631	0.80537	0.03149	0.01492	0.00612	0.00195	0.00282	0.03656	0.00444	0.00390
31	0.00959	0.02472	0.80726	0.01362	0.02069	0.01110	0.01766	0.01514	0.01009	0.01514	0.00858	0.01009	0.00605	0.00454	0.00454	0.00151	0.00706	0.00353	0.00202	0.00706
32	0.01476	0.01054	0.01693	0.06057	0.26870	0.02848	0.14793	0.04673	0.04771	0.25836	0.03032	0.01423	0.00996	0.00507	0.00492	0.00148	0.00549	0.00480	0.01574	0.00729
33	0.01383	0.01491	0.02454	0.00977	0.01202	0.38594	0.00756	0.01849	0.20885	0.01533	0.01291	0.01454	0.01037	0.00573	0.00431	0.00134	0.00578	0.02897	0.19902	0.00579
34	0.01852	0.00909	0.05934	0.00887	0.01240	0.00766	0.00767	0.07264	0.01325	0.59713	0.01691	0.01591	0.01124	0.00987	0.11424	0.00232	0.00551	0.00474	0.00515	0.00754
35	0.01375	0.05103	0.06415	0.00884	0.02926	0.02150	0.00721	0.11210	0.02858	0.27226	0.03163	0.22912	0.01652	0.03203	0.00552	0.00164	0.00411	0.00693	0.05749	0.00633
36	0.02494	0.38917	0.15767	0.07554	0.03032	0.01366	0.03868	0.02674	0.00972	0.01285	0.00894	0.02965	0.00782	0.00947	0.12966	0.00226	0.00675	0.00373	0.01651	0.00592
37	0.02644	0.03125	0.05208	0.09325	0.15082	0.01138	0.43037	0.02601	0.02184	0.05636	0.01063	0.03128	0.00845	0.00476	0.00523	0.00157	0.00683	0.02219	0.00270	0.00655
38	0.03134	0.12695	0.16915	0.04560	0.01527	0.10534	0.03513	0.07214	0.03027	0.23458	0.01267	0.04922	0.00972	0.00624	0.01954	0.00155	0.00574	0.01916	0.00362	0.00676
39	0.01190	0.27944	0.22783	0.05387	0.05572	0.02384	0.04981	0.07201	0.02619	0.04224	0.00915	0.02384	0.00736	0.00515	0.01756	0.00139	0.00582	0.00366	0.00259	0.08063

[dist]
# distance from previous block
# <min> <max>
8	15

[block]
# block no. 5 follows, 53 sequences, length 14
# corresponding to MSA columns:
# 559-566,576-581
name=unknown_F
#
# <colnr> <probs for GDERKNQSTAVLIFYWHMCP>
#	G	D	E	R	K	N	Q	S	T	A	V	L	I	F	Y	W	H	M	C	P
0	0.01317	0.05342	0.01180	0.00985	0.01259	0.09357	0.00786	0.07835	0.49812	0.06489	0.01749	0.01919	0.01387	0.00674	0.00487	0.00158	0.00453	0.07655	0.00449	0.00706
1	0.00656	0.00489	0.00624	0.00636	0.00745	0.00457	0.00487	0.00839	0.01173	0.01585	0.39512	0.13900	0.18779	0.01306	0.05843	0.00208	0.00334	0.11526	0.00470	0.00431
2	0.24391	0.00932	0.01031	0.00848	0.01122	0.04341	0.00695	0.03727	0.01114	0.35584	0.01257	0.01262	0.00879	0.00578	0.00585	0.00152	0.12986	0.00397	0.05645	0.02475
3	0.00830	0.00415	0.00623	0.00623	0.00623	0.00415	0.00415	0.00623	0.00623	0.00830	0.00830	0.01453	0.00830	0.01660	0.01868	0.86094	0.00415	0.00415	0.00208	0.00208
4	0.09561	0.02257	0.68477	0.01275	0.01923	0.01126	0.01595	0.05638	0.01056	0.01657	0.00854	0.00993	0.00608	0.00459	0.00440	0.00151	0.00663	0.00348	0.00226	0.00693
5	0.01737	0.02198	0.01362	0.01233	0.01463	0.76084	0.00931	0.01859	0.01314	0.01169	0.00732	0.00874	0.00616	0.00515	0.00505	0.00129	0.06169	0.00315	0.00244	0.00552
6	0.01224	0.01044	0.01101	0.00980	0.01256	0.01205	0.00765	0.06830	0.75010	0.02057	0.01900	0.01747	0.01423	0.00644	0.00486	0.00161	0.00387	0.00534	0.00486	0.00760
7	0.00597	0.00437	0.00562	0.00632	0.00691	0.00401	0.00435	0.00711	0.01016	0.01355	0.16987	0.59137	0.12539	0.01369	0.00596	0.00182	0.00264	0.01227	0.00459	0.00401
8	0.00932	0.00879	0.01270	0.09612	0.01346	0.01158	0.02879	0.01059	0.00776	0.01142	0.00941	0.06397	0.00964	0.10701	0.08289	0.00279	0.50134	0.00521	0.00238	0.00483
9	0.01094	0.01394	0.12410	0.01842	0.02322	0.01172	0.63109	0.01499	0.01095	0.01527	0.00968	0.01267	0.00728	0.00430	0.00573	0.00159	0.03373	0.00528	0.03869	0.00640
10	0.00581	0.00423	0.00548	0.00647	0.00689	0.00390	0.00436	0.00668	0.00932	0.01227	0.02854	0.75109	0.10801	0.01469	0.00606	0.00191	0.00274	0.01324	0.00444	0.00390
11	0.00906	0.01065	0.10342	0.03234	0.08380	0.00903	0.29415	0.01182	0.01010	0.01392	0.01537	0.30963	0.01595	0.00833	0.00611	0.00173	0.04784	0.00808	0.00308	0.00559
12	0.01404	0.01470	0.02363	0.01120	0.05439	0.34823	0.00828	0.06963	0.08727	0.06591	0.01650	0.05527	0.11635	0.02236	0.00583	0.00153	0.05602	0.01957	0.00345	0.00584
13	0.14116	0.00843	0.01230	0.13589	0.13837	0.00889	0.06618	0.01258	0.02376	0.04680	0.07408	0.09774	0.01305	0.00900	0.07974	0.00207	0.03671	0.00539	0.00310	0.08473

[dist]
# distance from previous block
# <min> <max>
0	4

[block]
# block no. 6 follows, 53 sequences, length 7
# corresponding to MSA columns:
# 587-593
name=unknown_G
#
# <colnr> <probs for GDERKNQSTAVLIFYWHMCP>
#	G	D	E	R	K	N	Q	S	T	A	V	L	I	F	Y	W	H	M	C	P
0	0.21526	0.03347	0.06499	0.08465	0.04027	0.02824	0.11838	0.04266	0.05749	0.05181	0.01255	0.15261	0.01159	0.02100	0.00517	0.00163	0.02269	0.00565	0.00324	0.02665
1	0.00803	0.00579	0.00638	0.00608	0.00765	0.00548	0.00449	0.01084	0.11606	0.07376	0.09037	0.06272	0.41335	0.13924	0.00844	0.00209	0.00312	0.02700	0.00442	0.00468
2	0.01554	0.01039	0.01067	0.00878	0.01191	0.13341	0.00698	0.05018	0.06914	0.31460	0.07028	0.04546	0.01378	0.00623	0.00466	0.00134	0.00454	0.03903	0.00447	0.17859
3	0.00745	0.00559	0.00752	0.04905	0.09206	0.00577	0.00520	0.00823	0.00785	0.01062	0.01549	0.06846	0.04227	0.52344	0.12748	0.00431	0.00578	0.00673	0.00289	0.00379
4	0.43683	0.05282	0.11468	0.07272	0.04304	0.01110	0.02660	0.06842	0.01012	0.04432	0.02789	0.02534	0.00753	0.00496	0.00399	0.00147	0.01886	0.00355	0.00298	0.02280
5	0.09156	0.01194	0.01359	0.01284	0.12571	0.01313	0.00914	0.47462	0.12224	0.02521	0.01235	0.04467	0.00959	0.00588	0.00468	0.00148	0.00488	0.00466	0.00427	0.00754
6	0.16706	0.01321	0.01323	0.04885	0.05051	0.13748	0.04329	0.34229	0.04178	0.02227	0.03275	0.01136	0.00840	0.00524	0.00439	0.00140	0.00549	0.00396	0.00369	0.04334

[dist]
# distance from previous block
# <min> <max>
0	1

[block]
# block no. 7 follows, 53 sequences, length 74
# corresponding to MSA columns:
# 595-609,611-626,628-637,652-684
name=unknown_H
#
# <colnr> <probs for GDERKNQSTAVLIFYWHMCP>
#	G	D	E	R	K	N	Q	S	T	A	V	L	I	F	Y	W	H	M	C	P
0	0.02164	0.00933	0.03590	0.49184	0.13067	0.01041	0.03148	0.01356	0.05099	0.04381	0.06946	0.01453	0.01010	0.00534	0.00530	0.00158	0.04085	0.00465	0.00269	0.00585
1	0.01231	0.08587	0.19825	0.01160	0.07111	0.03655	0.04642	0.06777	0.05124	0.09171	0.01016	0.01111	0.00768	0.00447	0.00421	0.00120	0.00520	0.00363	0.00304	0.27647
2	0.00618	0.00490	0.00564	0.00608	0.00728	0.00442	0.00459	0.00776	0.03029	0.01312	0.03808	0.25758	0.45090	0.01291	0.00590	0.00180	0.00286	0.13113	0.00444	0.00414
3	0.00648	0.00487	0.00599	0.00571	0.00696	0.00439	0.00428	0.00846	0.01285	0.01756	0.60621	0.03835	0.23958	0.01037	0.00564	0.00153	0.00230	0.00902	0.00505	0.00439
4	0.01333	0.03039	0.01461	0.03213	0.25025	0.03758	0.01016	0.18531	0.31612	0.02015	0.01345	0.01385	0.01029	0.00545	0.00472	0.00147	0.00490	0.00460	0.00385	0.02738
5	0.03300	0.01263	0.07583	0.05677	0.06796	0.06758	0.03827	0.35602	0.01577	0.03439	0.01117	0.01262	0.00842	0.01679	0.00505	0.00145	0.02786	0.00423	0.14741	0.00677
6	0.00620	0.00456	0.00590	0.00679	0.00746	0.00425	0.00497	0.00741	0.00992	0.01294	0.05245	0.52938	0.14867	0.01402	0.00612	0.00193	0.00303	0.16549	0.00445	0.00403
7	0.01260	0.77295	0.02426	0.00851	0.01229	0.01859	0.00835	0.01410	0.00953	0.01126	0.00662	0.00788	0.00614	0.00441	0.00401	0.00110	0.06659	0.00268	0.00205	0.00607
8	0.01023	0.00849	0.00994	0.00712	0.01135	0.00639	0.00570	0.01235	0.01002	0.03740	0.00878	0.01009	0.00721	0.00361	0.00357	0.00073	0.00355	0.00289	0.00292	0.83768
9	0.01278	0.83490	0.02505	0.00818	0.01227	0.01891	0.00818	0.01431	0.00971	0.01125	0.00664	0.00767	0.00613	0.00409	0.00307	0.00102	0.00511	0.00256	0.00204	0.00613
10	0.02144	0.00813	0.01109	0.00850	0.01220	0.00702	0.00702	0.02329	0.01368	0.80552	0.01886	0.01627	0.01183	0.00592	0.00481	0.00148	0.00407	0.00481	0.00592	0.00813
11	0.00991	0.00850	0.00991	0.00708	0.01133	0.00637	0.00566	0.01203	0.00991	0.01557	0.00850	0.00991	0.00708	0.00354	0.00354	0.00071	0.00354	0.00283	0.00283	0.86124
12	0.00867	0.00766	0.01035	0.10963	0.03613	0.02848	0.04184	0.01079	0.03436	0.04059	0.12287	0.07138	0.25492	0.00981	0.02936	0.00185	0.16551	0.00721	0.00360	0.00498
13	0.00864	0.00787	0.01294	0.64217	0.02752	0.00976	0.01165	0.01141	0.00910	0.01190	0.00938	0.01441	0.00769	0.04631	0.12686	0.00265	0.02797	0.00450	0.00222	0.00504
14	0.01011	0.02108	0.56714	0.01563	0.02201	0.01140	0.25412	0.01519	0.01046	0.01519	0.00891	0.01095	0.00642	0.00438	0.00488	0.00154	0.00737	0.00418	0.00214	0.00687
15	0.24680	0.01195	0.01487	0.12316	0.35626	0.11576	0.03643	0.01478	0.01032	0.01625	0.00810	0.01045	0.00656	0.00445	0.00423	0.00144	0.00569	0.00369	0.00251	0.00632
16	0.01005	0.00934	0.01563	0.21443	0.47153	0.00980	0.01245	0.01260	0.01025	0.01417	0.01207	0.16271	0.01172	0.00636	0.00500	0.00156	0.00531	0.00598	0.00269	0.00635
17	0.01094	0.00900	0.01078	0.00847	0.03315	0.00778	0.01716	0.09399	0.04474	0.03447	0.03408	0.02866	0.02448	0.00468	0.00427	0.00097	0.02433	0.00378	0.00329	0.60099
18	0.00579	0.00431	0.00539	0.00626	0.00683	0.00392	0.00426	0.00670	0.00953	0.01236	0.03115	0.65846	0.19896	0.01435	0.00600	0.00187	0.00270	0.01283	0.00444	0.00392
19	0.01050	0.02512	0.01482	0.01247	0.01254	0.01472	0.01042	0.01155	0.00736	0.01150	0.00628	0.01041	0.00627	0.00829	0.01546	0.00207	0.80872	0.00415	0.00209	0.00524
20	0.01467	0.45302	0.04417	0.00952	0.01336	0.06202	0.02802	0.13414	0.01234	0.11437	0.00913	0.00978	0.00722	0.00481	0.00430	0.00122	0.04168	0.00332	0.00301	0.02988
21	0.00697	0.11600	0.04186	0.00719	0.00843	0.00631	0.01610	0.00816	0.00943	0.01229	0.02446	0.61335	0.08640	0.01271	0.00559	0.00177	0.00331	0.01132	0.00399	0.00436
22	0.01278	0.83490	0.02505	0.00818	0.01227	0.01891	0.00818	0.01431	0.00971	0.01125	0.00664	0.00767	0.00613	0.00409	0.00307	0.00102	0.00511	0.00256	0.00204	0.00613
23	0.01089	0.01237	0.18087	0.13161	0.15176	0.00966	0.12925	0.01449	0.02664	0.09285	0.04149	0.01884	0.01170	0.00731	0.04106	0.00188	0.00626	0.10166	0.00304	0.00636
24	0.01092	0.10976	0.50503	0.01573	0.14278	0.03845	0.05690	0.03938	0.01074	0.01516	0.00854	0.01025	0.00644	0.00447	0.00447	0.00144	0.00668	0.00366	0.00220	0.00699
25	0.01300	0.79879	0.02453	0.00836	0.01238	0.05422	0.00823	0.01452	0.00988	0.01127	0.00668	0.00771	0.00613	0.00413	0.00312	0.00103	0.00527	0.00258	0.00206	0.00611
26	0.01270	0.45556	0.19941	0.01108	0.01569	0.11612	0.08094	0.03465	0.01074	0.01302	0.00757	0.00890	0.00627	0.00433	0.00383	0.00122	0.00626	0.00316	0.00219	0.00635
27	0.02722	0.05480	0.01323	0.03506	0.14197	0.12525	0.02816	0.05243	0.06398	0.22157	0.04396	0.05125	0.04193	0.00669	0.00489	0.00151	0.00509	0.07043	0.00401	0.00659
28	0.01037	0.11638	0.01569	0.55338	0.06133	0.01145	0.02876	0.01348	0.03453	0.05528	0.00976	0.03912	0.00779	0.00515	0.00479	0.00153	0.01857	0.00443	0.00250	0.00572
29	0.00585	0.00418	0.00558	0.00669	0.00698	0.00391	0.00449	0.00671	0.00918	0.01224	0.02633	0.81609	0.03154	0.01494	0.00611	0.00195	0.00280	0.02610	0.00444	0.00389
30	0.02717	0.01283	0.23869	0.00899	0.01248	0.02720	0.00905	0.16891	0.02858	0.03639	0.04754	0.04213	0.02881	0.02170	0.00470	0.00144	0.00455	0.00477	0.26800	0.00607
31	0.01117	0.01100	0.03346	0.20307	0.48648	0.01133	0.07696	0.03926	0.01081	0.01508	0.00902	0.01220	0.00733	0.00524	0.02355	0.00164	0.02879	0.00437	0.00239	0.00684
32	0.01098	0.00985	0.05116	0.43464	0.11444	0.01035	0.09118	0.02589	0.01044	0.08917	0.01010	0.01310	0.00752	0.00495	0.00520	0.00155	0.03886	0.00442	0.06019	0.00601
33	0.00644	0.00504	0.00595	0.00629	0.00765	0.00455	0.00505	0.00807	0.01118	0.01404	0.12508	0.06711	0.44861	0.01227	0.00596	0.00180	0.00304	0.25314	0.00452	0.00420
34	0.00684	0.00463	0.00544	0.00554	0.00564	0.00467	0.00328	0.00705	0.00721	0.00968	0.01590	0.10273	0.01823	0.69388	0.08600	0.00463	0.00512	0.00741	0.00301	0.00310
35	0.02670	0.03275	0.04262	0.04560	0.02551	0.06205	0.10368	0.08394	0.16890	0.03164	0.04829	0.04419	0.18955	0.00767	0.00546	0.00159	0.02984	0.04024	0.00384	0.00595
36	0.00995	0.01986	0.58779	0.03441	0.01854	0.01009	0.03276	0.01446	0.01009	0.06267	0.01093	0.08179	0.00893	0.00645	0.02533	0.00172	0.03333	0.00463	0.01967	0.00661
37	0.00612	0.00486	0.00549	0.00533	0.00674	0.00423	0.00400	0.00776	0.01200	0.01553	0.36289	0.04169	0.48416	0.01113	0.00564	0.00157	0.00235	0.00948	0.00478	0.00423
38	0.00903	0.00850	0.01434	0.82054	0.03292	0.01062	0.01327	0.01221	0.00956	0.01221	0.00850	0.01274	0.00637	0.00478	0.00478	0.00159	0.00637	0.00425	0.00212	0.00531
39	0.01045	0.00685	0.00949	0.04058	0.01059	0.00694	0.11770	0.09116	0.01146	0.03740	0.01409	0.01660	0.01100	0.02893	0.00451	0.00135	0.00366	0.00468	0.56735	0.00520
40	0.86579	0.00924	0.00702	0.00629	0.00924	0.01072	0.00518	0.01405	0.00813	0.02144	0.00666	0.00776	0.00518	0.00444	0.00296	0.00148	0.00370	0.00259	0.00296	0.00518
41	0.01102	0.01099	0.01623	0.34692	0.29286	0.08674	0.04664	0.01375	0.01033	0.01365	0.00875	0.01209	0.00703	0.00487	0.00546	0.00152	0.06371	0.00421	0.03712	0.00612
42	0.00605	0.00441	0.00544	0.00610	0.00662	0.00408	0.00409	0.00689	0.00932	0.01218	0.06276	0.51388	0.16436	0.14862	0.00901	0.00231	0.00302	0.02285	0.00422	0.00378
43	0.03112	0.27168	0.23227	0.01468	0.08473	0.01385	0.22031	0.03293	0.01899	0.02442	0.00857	0.01038	0.00672	0.00430	0.00437	0.00138	0.00642	0.00389	0.00233	0.00665
44	0.07561	0.08104	0.34986	0.03774	0.21836	0.01168	0.07392	0.02993	0.01061	0.05479	0.00903	0.01079	0.00681	0.00448	0.00446	0.00146	0.00618	0.00383	0.00246	0.00696
45	0.06314	0.00819	0.01089	0.00839	0.01206	0.00721	0.00693	0.02284	0.01341	0.76680	0.01825	0.01585	0.01150	0.00584	0.00472	0.00148	0.00405	0.00470	0.00577	0.00799
46	0.00986	0.01036	0.02108	0.01577	0.01936	0.00976	0.52780	0.01343	0.03107	0.01553	0.11631	0.09531	0.03418	0.00658	0.00572	0.00166	0.00636	0.05087	0.00320	0.00581
47	0.01542	0.01185	0.06987	0.03234	0.21455	0.03367	0.01032	0.23887	0.03936	0.20388	0.01399	0.05469	0.02738	0.00590	0.00483	0.00148	0.00510	0.00495	0.00409	0.00746
48	0.00651	0.00465	0.00632	0.00741	0.02475	0.00450	0.00499	0.00748	0.00938	0.02984	0.04311	0.73013	0.03008	0.01417	0.00634	0.00192	0.02806	0.03186	0.00437	0.00413
49	0.01261	0.00587	0.00668	0.00584	0.00776	0.00566	0.00459	0.05537	0.01162	0.22021	0.01621	0.01709	0.01192	0.00567	0.00379	0.00122	0.00286	0.00454	0.59490	0.00559
50	0.03269	0.00990	0.13103	0.06390	0.15343	0.00774	0.03883	0.01171	0.01069	0.05666	0.06819	0.04495	0.22033	0.00978	0.05654	0.00199	0.00511	0.06748	0.00344	0.00561
51	0.03721	0.03754	0.04035	0.03894	0.01485	0.10377	0.09685	0.09383	0.01035	0.01428	0.00814	0.01135	0.00709	0.00946	0.08984	0.00234	0.37139	0.00421	0.00252	0.00570
52	0.01224	0.00656	0.00747	0.00652	0.00845	0.00668	0.00512	0.12221	0.03033	0.15700	0.01541	0.01707	0.01175	0.02853	0.07790	0.00192	0.00403	0.00464	0.47054	0.00563
53	0.86579	0.00924	0.00702	0.00629	0.00924	0.01072	0.00518	0.01405	0.00813	0.02144	0.00666	0.00776	0.00518	0.00444	0.00296	0.00148	0.00370	0.00259	0.00296	0.00518
54	0.01087	0.01189	0.02427	0.01784	0.02155	0.01205	0.59348	0.01423	0.01039	0.01452	0.00938	0.01286	0.00743	0.00624	0.04324	0.00195	0.15076	0.00533	0.02562	0.00608
55	0.01395	0.00967	0.02954	0.00872	0.01222	0.00899	0.00722	0.16351	0.07717	0.19581	0.01425	0.02541	0.04335	0.00642	0.02695	0.00143	0.04743	0.00438	0.00409	0.29951
56	0.00830	0.00415	0.00623	0.00623	0.00623	0.00415	0.00415	0.00623	0.00623	0.00830	0.00830	0.01453	0.00830	0.01660	0.01868	0.86094	0.00415	0.00415	0.00208	0.00208
57	0.00949	0.00905	0.01556	0.68409	0.13394	0.01078	0.04451	0.01266	0.00980	0.01278	0.00861	0.01263	0.00656	0.00468	0.00481	0.00157	0.00635	0.00431	0.00217	0.00565
58	0.13149	0.00841	0.01064	0.00827	0.01188	0.00770	0.00683	0.04053	0.01317	0.68452	0.01709	0.01504	0.01087	0.00572	0.00456	0.00148	0.00405	0.00451	0.00550	0.00775
59	0.02098	0.00803	0.01094	0.00843	0.01204	0.00695	0.00695	0.02284	0.01368	0.78077	0.04343	0.01688	0.01288	0.00604	0.00483	0.00148	0.00401	0.00493	0.00590	0.00802
60	0.00776	0.00506	0.00580	0.00584	0.00711	0.00475	0.00436	0.01860	0.03660	0.04905	0.13287	0.19677	0.24076	0.01028	0.00513	0.00156	0.00266	0.04256	0.21795	0.00453
61	0.00595	0.00421	0.00551	0.00649	0.00673	0.00397	0.00426	0.00669	0.00890	0.01186	0.02504	0.73660	0.02996	0.10953	0.00821	0.00225	0.00299	0.01282	0.00426	0.00377
62	0.00886	0.01754	0.47812	0.01278	0.01775	0.00937	0.13202	0.01295	0.01005	0.01441	0.01371	0.21309	0.02409	0.00715	0.00511	0.00164	0.00609	0.00643	0.00271	0.00614
63	0.86579	0.00924	0.00702	0.00629	0.00924	0.01072	0.00518	0.01405	0.00813	0.02144	0.00666	0.00776	0.00518	0.00444	0.00296	0.00148	0.00370	0.00259	0.00296	0.00518
64	0.00830	0.00415	0.00623	0.00623	0.00623	0.00415	0.00415	0.00623	0.00623	0.00830	0.00830	0.01453	0.00830	0.01660	0.01868	0.86094	0.00415	0.00415	0.00208	0.00208
65	0.00881	0.00797	0.01268	0.46667	0.09460	0.00908	0.03071	0.01162	0.02155	0.02499	0.05747	0.02139	0.15786	0.00672	0.00531	0.00161	0.02390	0.02885	0.00291	0.00531
66	0.00690	0.00534	0.00680	0.00690	0.00811	0.00473	0.00487	0.00805	0.00929	0.01298	0.02163	0.61492	0.02518	0.01210	0.00572	0.00165	0.02278	0.01081	0.00400	0.20721
67	0.00860	0.00775	0.00962	0.00898	0.00935	0.05356	0.00685	0.00955	0.00795	0.01106	0.01275	0.14233	0.01379	0.18987	0.19467	0.00382	0.29606	0.00636	0.00275	0.00433
68	0.01024	0.01248	0.13398	0.01259	0.01368	0.01390	0.01143	0.01198	0.00775	0.01204	0.00678	0.01060	0.00638	0.00845	0.03328	0.00214	0.68063	0.00411	0.00209	0.00548
69	0.01234	0.63143	0.02130	0.00849	0.01193	0.09126	0.00794	0.01387	0.00976	0.01126	0.00766	0.00946	0.00703	0.00904	0.12758	0.00206	0.00662	0.00300	0.00216	0.00579
70	0.00948	0.00892	0.05159	0.00738	0.01138	0.00637	0.00617	0.01166	0.00984	0.01521	0.01030	0.09244	0.00950	0.00474	0.00385	0.00087	0.00365	0.00395	0.00295	0.72974
71	0.01670	0.02038	0.01329	0.01213	0.03771	0.66466	0.00895	0.04161	0.01329	0.01286	0.00770	0.00896	0.00637	0.00476	0.00424	0.00118	0.00780	0.00312	0.00258	0.11171
72	0.03273	0.00605	0.00909	0.08373	0.04437	0.00659	0.04198	0.00922	0.00871	0.01218	0.01767	0.08036	0.11065	0.05855	0.43508	0.00499	0.00889	0.02170	0.00294	0.00452
73	0.01159	0.12902	0.30752	0.03383	0.14206	0.05686	0.07003	0.07658	0.03764	0.01580	0.00978	0.01147	0.01568	0.00533	0.02066	0.00153	0.00633	0.00393	0.03761	0.00675

[dist]
# distance from previous block
# <min> <max>
0	25

[block]
# block no. 8 follows, 53 sequences, length 25
# corresponding to MSA columns:
# 710-734
name=unknown_I
#
# <colnr> <probs for GDERKNQSTAVLIFYWHMCP>
#	G	D	E	R	K	N	Q	S	T	A	V	L	I	F	Y	W	H	M	C	P
0	0.05159	0.23553	0.05317	0.05547	0.02614	0.23440	0.03433	0.06925	0.06323	0.01460	0.04284	0.03193	0.00977	0.00557	0.00458	0.00136	0.03012	0.02728	0.00286	0.00599
1	0.04913	0.07751	0.31290	0.01109	0.03827	0.02970	0.01123	0.06731	0.17389	0.04940	0.04862	0.02835	0.04479	0.00575	0.00455	0.00147	0.00524	0.00458	0.00333	0.03289
2	0.01036	0.00990	0.04823	0.03840	0.39228	0.00906	0.06750	0.01298	0.01049	0.03324	0.03294	0.08293	0.03684	0.00755	0.05498	0.00179	0.00551	0.00534	0.04068	0.09900
3	0.00813	0.00706	0.02967	0.03661	0.16043	0.00653	0.06417	0.00993	0.01003	0.03759	0.03899	0.41156	0.08108	0.01183	0.04070	0.00200	0.00440	0.03045	0.00375	0.00507
4	0.01096	0.10293	0.18135	0.00884	0.01357	0.00917	0.00870	0.02637	0.04498	0.05546	0.00937	0.01040	0.00735	0.00410	0.00384	0.00100	0.00453	0.00319	0.00285	0.49104
5	0.00670	0.00530	0.00576	0.00560	0.00719	0.00478	0.00421	0.00904	0.07024	0.03303	0.18692	0.07587	0.54577	0.01122	0.00559	0.00160	0.00255	0.00949	0.00466	0.00448
6	0.01017	0.02179	0.65200	0.04890	0.02022	0.01096	0.03881	0.04595	0.03160	0.03327	0.00994	0.01160	0.01837	0.01993	0.00499	0.00158	0.00672	0.00389	0.00236	0.00693
7	0.86579	0.00924	0.00702	0.00629	0.00924	0.01072	0.00518	0.01405	0.00813	0.02144	0.00666	0.00776	0.00518	0.00444	0.00296	0.00148	0.00370	0.00259	0.00296	0.00518
8	0.01785	0.02278	0.01354	0.01231	0.01478	0.81284	0.00924	0.01909	0.01354	0.01170	0.00739	0.00862	0.00616	0.00493	0.00431	0.00123	0.00862	0.00308	0.00246	0.00554
9	0.01124	0.00930	0.03482	0.00967	0.06629	0.00765	0.03242	0.07317	0.01110	0.07533	0.01039	0.03446	0.00857	0.00667	0.06324	0.00147	0.00477	0.00377	0.00317	0.53249
10	0.01472	0.02867	0.01376	0.22401	0.01912	0.41151	0.01012	0.12645	0.01324	0.01443	0.00851	0.01068	0.00680	0.00671	0.04733	0.00172	0.03006	0.00369	0.00269	0.00578
11	0.00903	0.00850	0.01434	0.82054	0.03292	0.01062	0.01327	0.01221	0.00956	0.01221	0.00850	0.01274	0.00637	0.00478	0.00478	0.00159	0.00637	0.00425	0.00212	0.00531
12	0.04145	0.61484	0.02195	0.00878	0.01277	0.01769	0.00830	0.19616	0.01267	0.01602	0.00778	0.00857	0.00657	0.00449	0.00347	0.00113	0.00510	0.00297	0.00272	0.00657
13	0.00588	0.00442	0.00545	0.00611	0.00683	0.00399	0.00423	0.00697	0.01009	0.01315	0.11691	0.53608	0.23523	0.01365	0.00593	0.00181	0.00262	0.01213	0.00453	0.00399
14	0.00830	0.00415	0.00623	0.00623	0.00623	0.00415	0.00415	0.00623	0.00623	0.00830	0.00830	0.01453	0.00830	0.01660	0.01868	0.86094	0.00415	0.00415	0.00208	0.00208
15	0.01183	0.01136	0.01940	0.02934	0.80221	0.01136	0.01467	0.01467	0.01088	0.01562	0.00899	0.01183	0.00757	0.00426	0.00473	0.00142	0.00568	0.00426	0.00237	0.00757
16	0.01009	0.00781	0.01056	0.08003	0.13149	0.05216	0.02717	0.06129	0.01066	0.06131	0.06217	0.24151	0.02633	0.01097	0.02912	0.14801	0.00471	0.01615	0.00347	0.00500
17	0.00913	0.00542	0.00578	0.00577	0.00700	0.02524	0.00449	0.02646	0.01068	0.03895	0.06388	0.02615	0.04050	0.05488	0.00540	0.00156	0.00301	0.13348	0.52767	0.00455
18	0.02050	0.00839	0.01106	0.00858	0.01216	0.00757	0.00705	0.06063	0.05070	0.70931	0.01843	0.01615	0.01179	0.00592	0.00477	0.00147	0.00406	0.00480	0.02863	0.00801
19	0.00729	0.00429	0.00595	0.00623	0.00648	0.00419	0.00420	0.00654	0.00749	0.00989	0.01699	0.22791	0.08350	0.06042	0.05272	0.47872	0.00409	0.00729	0.00295	0.00286
