[name]
unknown

[dist]
# distance from previous block
# <min> <max>
0	327

[block]
# block no. 0 follows, 48 sequences, length 21
# corresponding to MSA columns:
# 330-350
name=unknown_A
#
# <colnr> <probs for GDERKNQSTAVLIFYWHMCP>
#	G	D	E	R	K	N	Q	S	T	A	V	L	I	F	Y	W	H	M	C	P
0	0.03264	0.00622	0.00823	0.00839	0.02773	0.00628	0.03600	0.01056	0.05928	0.03297	0.07302	0.37292	0.04013	0.12439	0.00959	0.03069	0.03275	0.00998	0.07344	0.00479
1	0.01001	0.00696	0.00830	0.00755	0.00899	0.02501	0.02066	0.07786	0.02239	0.05073	0.14927	0.10252	0.12739	0.11544	0.01103	0.15336	0.01623	0.00759	0.04831	0.03039
2	0.05234	0.01052	0.01419	0.05193	0.02792	0.01173	0.08563	0.11718	0.11810	0.05143	0.06597	0.04098	0.03867	0.00803	0.02639	0.00189	0.17860	0.00559	0.01546	0.07745
3	0.04676	0.00772	0.01047	0.00983	0.03606	0.00801	0.06191	0.04614	0.06984	0.07437	0.07837	0.24902	0.07977	0.08198	0.03863	0.00238	0.06551	0.00875	0.01887	0.00559
4	0.08741	0.00949	0.01026	0.00877	0.01162	0.01010	0.00695	0.14546	0.24151	0.14537	0.07859	0.02065	0.07145	0.00721	0.00498	0.00161	0.00395	0.00577	0.12168	0.00718
5	0.05099	0.11875	0.07227	0.07301	0.03238	0.14840	0.05889	0.18787	0.03515	0.01839	0.01098	0.05471	0.00947	0.03805	0.00661	0.00173	0.06746	0.00481	0.00333	0.00675
6	0.28848	0.01073	0.01144	0.00913	0.01287	0.01116	0.00749	0.21159	0.03693	0.30004	0.01376	0.01321	0.00943	0.00581	0.00453	0.00158	0.00459	0.00425	0.00491	0.03808
7	0.00748	0.00561	0.00835	0.00835	0.00927	0.00650	0.00648	0.00927	0.00834	0.01205	0.01388	0.02034	0.01295	0.03850	0.79759	0.00826	0.01377	0.00554	0.00280	0.00466
8	0.00661	0.00473	0.00629	0.00739	0.00781	0.00443	0.00510	0.00766	0.01032	0.01380	0.06818	0.71603	0.03444	0.01571	0.00662	0.00211	0.00313	0.07047	0.00485	0.00432
9	0.01035	0.00618	0.00735	0.00683	0.00880	0.00547	0.00518	0.01232	0.04039	0.18426	0.13960	0.16074	0.36944	0.01155	0.00597	0.00177	0.00313	0.00983	0.00529	0.00555
10	0.00745	0.00525	0.00644	0.00654	0.00774	0.00470	0.00474	0.00901	0.01235	0.04980	0.30905	0.28394	0.24816	0.01284	0.00623	0.00182	0.00278	0.01123	0.00520	0.00473
11	0.00751	0.00518	0.00666	0.00681	0.00783	0.00473	0.00490	0.00918	0.01253	0.04645	0.39451	0.34067	0.10792	0.01281	0.00627	0.00183	0.00278	0.01136	0.00530	0.00476
12	0.01532	0.13345	0.04388	0.01094	0.01461	0.07855	0.00933	0.29118	0.07834	0.02137	0.01086	0.01192	0.00855	0.00642	0.02067	0.00156	0.08431	0.00408	0.00376	0.15089
13	0.01450	0.17134	0.37026	0.01258	0.01823	0.06162	0.01372	0.20841	0.01461	0.05297	0.01016	0.01112	0.00750	0.00530	0.00470	0.00151	0.00670	0.00388	0.00319	0.00771
14	0.01510	0.18169	0.11008	0.01289	0.07601	0.15398	0.01068	0.18600	0.12657	0.01914	0.01325	0.01381	0.04708	0.00591	0.00475	0.00149	0.00619	0.00443	0.00357	0.00738
15	0.01273	0.14788	0.06265	0.01100	0.01437	0.03760	0.09598	0.06042	0.21817	0.07333	0.04537	0.12689	0.05613	0.00774	0.00526	0.00166	0.00509	0.00663	0.00419	0.00691
16	0.01242	0.01331	0.13723	0.03066	0.01666	0.03939	0.11521	0.07007	0.01230	0.06611	0.01142	0.05720	0.00942	0.00525	0.00475	0.00129	0.00553	0.00457	0.00331	0.38389
17	0.01323	0.00999	0.05208	0.00850	0.01277	0.00777	0.00721	0.03913	0.06115	0.16913	0.06273	0.01438	0.01175	0.00506	0.00440	0.00111	0.00409	0.00413	0.00401	0.50737
18	0.82181	0.01052	0.00783	0.00701	0.01017	0.04362	0.00573	0.01530	0.00897	0.02259	0.00718	0.00837	0.00560	0.00478	0.00323	0.00158	0.00418	0.00280	0.00315	0.00557
19	0.01343	0.11225	0.04069	0.01206	0.07238	0.01345	0.00929	0.14740	0.33998	0.03432	0.01629	0.08875	0.01357	0.00721	0.00577	0.00167	0.05387	0.00578	0.00432	0.00751
20	0.00688	0.00518	0.00636	0.00618	0.00746	0.00466	0.00459	0.00889	0.01344	0.01828	0.53886	0.09796	0.23935	0.01155	0.00609	0.00168	0.00251	0.01007	0.00535	0.00466

[dist]
# distance from previous block
# <min> <max>
4	9

[block]
# block no. 1 follows, 48 sequences, length 12
# corresponding to MSA columns:
# 363-374
name=unknown_B
#
# <colnr> <probs for GDERKNQSTAVLIFYWHMCP>
#	G	D	E	R	K	N	Q	S	T	A	V	L	I	F	Y	W	H	M	C	P
0	0.06980	0.07272	0.07320	0.00787	0.00931	0.00665	0.00633	0.00915	0.00988	0.01401	0.02343	0.62462	0.02736	0.01337	0.00590	0.00193	0.00364	0.01186	0.00422	0.00475
1	0.58363	0.01032	0.00993	0.07261	0.01296	0.01218	0.00731	0.07016	0.00996	0.02129	0.00771	0.00952	0.00613	0.00540	0.00525	0.00164	0.10755	0.00329	0.00312	0.04005
2	0.33669	0.01153	0.01198	0.03012	0.04807	0.01283	0.00816	0.30516	0.01492	0.02466	0.00971	0.01098	0.00743	0.00676	0.03684	0.00180	0.03965	0.00382	0.00381	0.07507
3	0.04686	0.09179	0.21576	0.20535	0.10697	0.07806	0.02984	0.01609	0.01109	0.07737	0.00958	0.01187	0.00729	0.00530	0.00565	0.00160	0.06595	0.00409	0.00267	0.00681
4	0.00969	0.00912	0.01539	0.80734	0.03534	0.01140	0.01425	0.01311	0.01026	0.01311	0.00912	0.01368	0.00684	0.00513	0.00513	0.00171	0.00684	0.00456	0.00228	0.00570
5	0.01203	0.01227	0.07309	0.10812	0.24884	0.04434	0.02464	0.06222	0.03702	0.03726	0.01300	0.06600	0.04473	0.02637	0.00804	0.00183	0.16492	0.00552	0.00304	0.00672
6	0.00733	0.00550	0.00825	0.00825	0.00916	0.00641	0.00641	0.00916	0.00825	0.01191	0.01374	0.02016	0.01283	0.03848	0.79934	0.00825	0.01374	0.00550	0.00275	0.00458
7	0.01522	0.01546	0.18224	0.01727	0.22416	0.04473	0.01288	0.15302	0.09366	0.14012	0.01266	0.01344	0.00926	0.00564	0.00550	0.00160	0.03673	0.00458	0.00379	0.00803
8	0.00906	0.00564	0.00667	0.00639	0.00815	0.00490	0.00479	0.01054	0.01217	0.14356	0.13307	0.19553	0.41594	0.01219	0.00601	0.00176	0.00295	0.01044	0.00514	0.00509
9	0.01885	0.08129	0.01569	0.01251	0.01567	0.53146	0.00979	0.22079	0.01680	0.01781	0.00905	0.01000	0.00717	0.00545	0.00466	0.00136	0.00801	0.00361	0.00328	0.00674
10	0.01434	0.05680	0.01356	0.01013	0.01345	0.06517	0.06924	0.09158	0.11247	0.16247	0.15478	0.01843	0.01713	0.00647	0.00528	0.00145	0.02300	0.00540	0.02148	0.13736
11	0.01156	0.17747	0.25649	0.01440	0.07207	0.01514	0.03287	0.01449	0.00966	0.01391	0.00787	0.01068	0.00676	0.00638	0.00936	0.00176	0.32627	0.00398	0.00224	0.00662

[dist]
# distance from previous block
# <min> <max>
0	1

[block]
# block no. 2 follows, 48 sequences, length 46
# corresponding to MSA columns:
# 376-421
name=unknown_C
#
# <colnr> <probs for GDERKNQSTAVLIFYWHMCP>
#	G	D	E	R	K	N	Q	S	T	A	V	L	I	F	Y	W	H	M	C	P
0	0.01718	0.01430	0.01402	0.01149	0.01503	0.09781	0.00922	0.43853	0.27941	0.02655	0.01476	0.01431	0.01086	0.00634	0.00511	0.00158	0.00549	0.00488	0.00490	0.00823
1	0.14314	0.00890	0.01128	0.00879	0.01264	0.00811	0.00726	0.02357	0.01383	0.68043	0.01835	0.01615	0.01167	0.00612	0.00487	0.00159	0.00431	0.00482	0.00589	0.00827
2	0.03667	0.04213	0.03494	0.03369	0.01265	0.12764	0.02550	0.05677	0.01081	0.01448	0.05323	0.01432	0.01048	0.01222	0.10376	0.17567	0.09113	0.00438	0.00288	0.13664
3	0.00746	0.00499	0.00567	0.00567	0.00569	0.00501	0.00320	0.00751	0.00748	0.01000	0.01610	0.03322	0.01850	0.79897	0.04661	0.00506	0.00521	0.00741	0.00310	0.00315
4	0.01095	0.00606	0.00804	0.00708	0.00894	0.00547	0.00547	0.01327	0.01456	0.20108	0.60584	0.03344	0.04005	0.00952	0.00584	0.00161	0.00288	0.00831	0.00581	0.00575
5	0.01129	0.03777	0.05103	0.24989	0.07764	0.01309	0.08973	0.01399	0.01996	0.04343	0.00968	0.04374	0.00836	0.00686	0.00946	0.00188	0.29840	0.00502	0.00260	0.00617
6	0.01293	0.03860	0.01805	0.15511	0.33504	0.03798	0.01329	0.10868	0.01215	0.01678	0.00908	0.01222	0.00756	0.00590	0.00775	0.00170	0.19288	0.00446	0.00274	0.00709
7	0.00624	0.00452	0.00590	0.00700	0.00740	0.00418	0.00470	0.00716	0.00996	0.01316	0.03006	0.75873	0.09038	0.01584	0.00651	0.00206	0.00295	0.01430	0.00476	0.00418
8	0.00646	0.00468	0.00602	0.00678	0.00734	0.00433	0.00462	0.00759	0.01062	0.01420	0.15127	0.58431	0.10079	0.05638	0.00744	0.00213	0.00296	0.01304	0.00482	0.00424
9	0.05830	0.01218	0.06563	0.13924	0.20111	0.03292	0.03613	0.05284	0.03465	0.05693	0.00991	0.01289	0.00804	0.00779	0.04890	0.00210	0.20629	0.00454	0.00287	0.00674
10	0.00720	0.00524	0.00677	0.00639	0.00762	0.00481	0.00479	0.00955	0.01437	0.02020	0.74438	0.03894	0.08923	0.01063	0.00605	0.00162	0.00243	0.00937	0.00560	0.00481
11	0.01366	0.39423	0.08924	0.01129	0.01450	0.12548	0.01054	0.03862	0.01074	0.01321	0.00748	0.00955	0.00669	0.00587	0.00740	0.00150	0.22778	0.00345	0.00236	0.00638
12	0.01159	0.01061	0.03852	0.09141	0.06010	0.01016	0.06393	0.01402	0.01040	0.05976	0.00936	0.01181	0.00764	0.00532	0.00710	0.00136	0.17939	0.00395	0.00289	0.40066
13	0.01321	0.03344	0.01641	0.03373	0.22331	0.03852	0.01156	0.10582	0.11106	0.03482	0.01069	0.01317	0.00887	0.00794	0.03946	0.00205	0.28103	0.00467	0.00318	0.00706
14	0.01534	0.18828	0.01602	0.01074	0.01408	0.16210	0.00879	0.16711	0.30423	0.01959	0.01372	0.01400	0.01075	0.02693	0.00522	0.00157	0.00567	0.00449	0.00402	0.00737
15	0.85592	0.00992	0.00754	0.00675	0.00992	0.01151	0.00556	0.01508	0.00873	0.02302	0.00714	0.00834	0.00556	0.00476	0.00318	0.00159	0.00397	0.00278	0.00318	0.00556
16	0.01126	0.01276	0.10224	0.24985	0.06882	0.01167	0.27361	0.08217	0.01230	0.01655	0.01274	0.07548	0.03489	0.00598	0.00556	0.00171	0.00696	0.00597	0.00292	0.00657
17	0.00701	0.00524	0.00651	0.00619	0.00751	0.00473	0.00464	0.00920	0.01393	0.01916	0.63087	0.04065	0.20339	0.01102	0.00605	0.00164	0.00246	0.00961	0.00546	0.00473
18	0.01264	0.01056	0.01374	0.07062	0.03830	0.01143	0.09259	0.20509	0.22894	0.02091	0.06187	0.02130	0.08341	0.07601	0.02767	0.00211	0.00533	0.00619	0.00435	0.00692
19	0.00624	0.00451	0.00591	0.00704	0.00741	0.00418	0.00472	0.00716	0.00993	0.01314	0.02957	0.77465	0.07478	0.01591	0.00652	0.00206	0.00296	0.01438	0.00476	0.00418
20	0.01268	0.00945	0.04345	0.27642	0.16544	0.00930	0.01115	0.02543	0.01194	0.18639	0.05572	0.11151	0.04476	0.00718	0.00537	0.00168	0.00531	0.00634	0.00383	0.00666
21	0.01124	0.03772	0.11674	0.32083	0.32194	0.01217	0.07660	0.01486	0.01104	0.01515	0.00938	0.01279	0.00736	0.00480	0.00510	0.00161	0.00675	0.00453	0.00239	0.00700
22	0.07386	0.01164	0.01582	0.06601	0.16592	0.01239	0.06191	0.18808	0.05135	0.04020	0.01047	0.01234	0.00820	0.00553	0.00625	0.00152	0.10408	0.00435	0.00345	0.15663
23	0.00636	0.00459	0.00602	0.00697	0.00744	0.00425	0.00473	0.00744	0.01045	0.01399	0.11537	0.68846	0.07436	0.01528	0.00647	0.00201	0.00289	0.01379	0.00486	0.00425
24	0.01343	0.13476	0.14055	0.07279	0.12505	0.06820	0.12084	0.14033	0.01322	0.01750	0.00994	0.03611	0.00818	0.00561	0.00590	0.00158	0.07141	0.00461	0.00290	0.00710
25	0.00956	0.00478	0.00478	0.00478	0.00598	0.00478	0.00359	0.01196	0.01076	0.01913	0.01674	0.01913	0.01315	0.00598	0.00359	0.00120	0.00239	0.00478	0.84816	0.00478
26	0.06172	0.58613	0.06083	0.01008	0.01445	0.05893	0.05048	0.05506	0.03551	0.01449	0.00815	0.00927	0.00698	0.00465	0.00374	0.00124	0.00583	0.00320	0.00254	0.00672
27	0.75950	0.01044	0.00845	0.00733	0.01061	0.01202	0.00604	0.10217	0.01051	0.02410	0.00774	0.00879	0.00592	0.00492	0.00340	0.00158	0.00416	0.00299	0.00340	0.00592
28	0.00647	0.00502	0.00587	0.00622	0.00733	0.00442	0.00439	0.00771	0.01106	0.01425	0.12206	0.35713	0.34468	0.04455	0.00696	0.00196	0.00286	0.01181	0.00475	0.03051
29	0.00918	0.00911	0.05471	0.05777	0.04497	0.00880	0.18629	0.01151	0.00953	0.01329	0.01299	0.06022	0.01226	0.08280	0.29999	0.05055	0.04474	0.02325	0.00278	0.00527
30	0.00733	0.00550	0.00825	0.00825	0.00916	0.00641	0.00641	0.00916	0.00825	0.01191	0.01374	0.02016	0.01283	0.03848	0.79934	0.00825	0.01374	0.00550	0.00275	0.00458
31	0.01101	0.00934	0.01084	0.00777	0.01232	0.00722	0.00623	0.04429	0.01120	0.01737	0.00925	0.01071	0.00765	0.00390	0.00386	0.00079	0.00388	0.00311	0.00313	0.81617
32	0.01588	0.09436	0.01632	0.19874	0.02036	0.38028	0.03388	0.10551	0.05845	0.01557	0.00947	0.01126	0.00747	0.00533	0.00475	0.00145	0.00759	0.00393	0.00295	0.00643
33	0.00637	0.00466	0.00600	0.00691	0.00749	0.00429	0.00477	0.00747	0.01048	0.01383	0.08864	0.63573	0.13141	0.01520	0.00647	0.00201	0.00294	0.03626	0.00483	0.00426
34	0.00746	0.00497	0.00560	0.00560	0.00560	0.00497	0.00311	0.00746	0.00746	0.00995	0.01617	0.03358	0.01865	0.81967	0.02612	0.00497	0.00497	0.00746	0.00311	0.00311
35	0.01304	0.01116	0.01176	0.01050	0.01345	0.01289	0.00819	0.05804	0.74717	0.02191	0.02053	0.01886	0.01538	0.00693	0.00522	0.00173	0.00413	0.00575	0.00522	0.00815
36	0.00705	0.00492	0.00591	0.00612	0.00653	0.00472	0.00390	0.00782	0.00967	0.01304	0.17385	0.22336	0.07168	0.42027	0.01630	0.00343	0.00385	0.00972	0.00410	0.00378
37	0.00789	0.00633	0.00933	0.00900	0.00979	0.00776	0.00711	0.00962	0.00819	0.01197	0.01273	0.01887	0.01195	0.03422	0.68623	0.00738	0.12888	0.00535	0.00268	0.00473
38	0.00672	0.00518	0.00613	0.00598	0.00735	0.00460	0.00445	0.00859	0.01310	0.01741	0.44284	0.08691	0.34857	0.01183	0.00609	0.00169	0.00253	0.01021	0.00524	0.00460
39	0.01372	0.82276	0.02689	0.00878	0.01317	0.02030	0.00878	0.01536	0.01043	0.01207	0.00713	0.00823	0.00658	0.00439	0.00329	0.00110	0.00549	0.00274	0.00219	0.00658
40	0.01951	0.01437	0.01540	0.01181	0.01591	0.01591	0.00975	0.77056	0.02412	0.03234	0.01232	0.01232	0.00873	0.00616	0.00513	0.00154	0.00565	0.00462	0.00513	0.00873
41	0.01175	0.00996	0.01065	0.00970	0.01218	0.01141	0.00742	0.02376	0.63834	0.01960	0.02095	0.02148	0.03850	0.08674	0.05223	0.00242	0.00465	0.00609	0.00487	0.00733
42	0.01897	0.01384	0.01495	0.01147	0.01557	0.01510	0.00945	0.69006	0.04065	0.05368	0.01258	0.01254	0.00894	0.00606	0.00506	0.00150	0.00547	0.00458	0.00506	0.05449
43	0.01813	0.02192	0.09272	0.01314	0.01666	0.51230	0.02428	0.19391	0.02867	0.01772	0.00933	0.01036	0.00726	0.00546	0.00480	0.00142	0.00816	0.00375	0.00321	0.00681
44	0.04785	0.04144	0.03873	0.51505	0.06973	0.01229	0.03055	0.01507	0.09331	0.01473	0.01012	0.01352	0.00780	0.00550	0.00582	0.00171	0.06335	0.00455	0.00265	0.00620
45	0.00832	0.00645	0.00756	0.00787	0.00908	0.00661	0.00564	0.05453	0.16836	0.01599	0.02842	0.52461	0.10990	0.01331	0.00614	0.00194	0.00331	0.01182	0.00488	0.00525

[dist]
# distance from previous block
# <min> <max>
0	39

[block]
# block no. 3 follows, 48 sequences, length 19
# corresponding to MSA columns:
# 461-479
name=unknown_D
#
# <colnr> <probs for GDERKNQSTAVLIFYWHMCP>
#	G	D	E	R	K	N	Q	S	T	A	V	L	I	F	Y	W	H	M	C	P
0	0.00635	0.00503	0.00571	0.00592	0.00720	0.00439	0.00429	0.00777	0.01181	0.01501	0.19219	0.23142	0.45829	0.01324	0.00618	0.00179	0.00265	0.01142	0.00494	0.00439
1	0.01342	0.60916	0.15360	0.01097	0.04756	0.06407	0.01084	0.01583	0.01079	0.01299	0.00763	0.00891	0.00664	0.00453	0.00371	0.00122	0.00608	0.00303	0.00223	0.00678
2	0.00733	0.00548	0.00815	0.00815	0.00903	0.00636	0.00630	0.00910	0.00822	0.01184	0.01383	0.02064	0.01304	0.06656	0.77155	0.00813	0.01343	0.00557	0.00276	0.00453
3	0.00732	0.00543	0.00795	0.00809	0.00901	0.00607	0.00628	0.00918	0.00923	0.01309	0.09020	0.08021	0.01897	0.03242	0.60889	0.00674	0.01123	0.06179	0.00332	0.00459
4	0.01951	0.01437	0.01540	0.01181	0.01591	0.01591	0.00975	0.77056	0.02412	0.03234	0.01232	0.01232	0.00873	0.00616	0.00513	0.00154	0.00565	0.00462	0.00513	0.00873
5	0.00670	0.00489	0.00638	0.00705	0.00778	0.00448	0.00494	0.00803	0.01096	0.01488	0.18213	0.56741	0.06354	0.01428	0.00635	0.00194	0.00295	0.04414	0.00488	0.03628
6	0.01105	0.00936	0.01086	0.00779	0.01233	0.00726	0.00625	0.04803	0.01126	0.01744	0.00927	0.01072	0.00765	0.00391	0.00386	0.00080	0.00389	0.00311	0.00314	0.81201
7	0.00630	0.00462	0.00592	0.00684	0.00739	0.00424	0.00466	0.00735	0.01040	0.01373	0.08481	0.66125	0.13310	0.01528	0.00645	0.00200	0.00289	0.01372	0.00483	0.00424
8	0.00969	0.00912	0.01539	0.80734	0.03534	0.01140	0.01425	0.01311	0.01026	0.01311	0.00912	0.01368	0.00684	0.00513	0.00513	0.00171	0.00684	0.00456	0.00228	0.00570
9	0.00654	0.00526	0.00586	0.00584	0.00740	0.00458	0.00447	0.00822	0.01245	0.01575	0.24392	0.04709	0.53478	0.01242	0.00614	0.00175	0.00271	0.06532	0.00500	0.00450
10	0.00686	0.00477	0.00584	0.00635	0.00662	0.00458	0.00401	0.00748	0.00918	0.01228	0.07957	0.38889	0.05050	0.37200	0.01518	0.00332	0.00381	0.01092	0.00409	0.00375
11	0.00648	0.00521	0.00577	0.00563	0.00718	0.00451	0.00422	0.00816	0.01267	0.01618	0.30476	0.04557	0.53136	0.01213	0.00606	0.00169	0.00254	0.01029	0.00507	0.00451
12	0.01262	0.01111	0.01295	0.07071	0.14457	0.06541	0.00944	0.09879	0.28810	0.03357	0.06354	0.03803	0.07923	0.00847	0.03884	0.00192	0.00530	0.00601	0.00426	0.00712
13	0.79720	0.06660	0.00889	0.00689	0.01015	0.01212	0.00578	0.01510	0.00885	0.02226	0.00714	0.00833	0.00563	0.00474	0.00318	0.00155	0.00408	0.00278	0.00311	0.00563
14	0.01104	0.04066	0.10199	0.02692	0.10878	0.03224	0.02296	0.02798	0.01107	0.02996	0.01375	0.01605	0.02759	0.00594	0.00535	0.00142	0.07820	0.00461	0.40838	0.02511
15	0.25513	0.15263	0.09997	0.03650	0.06157	0.05792	0.04487	0.07345	0.03530	0.09323	0.00983	0.01095	0.00748	0.00521	0.00469	0.00153	0.03593	0.00375	0.00326	0.00682
16	0.17599	0.12419	0.02303	0.03593	0.06704	0.02214	0.00634	0.01358	0.01043	0.01834	0.01243	0.01450	0.00992	0.00535	0.00367	0.00131	0.00377	0.00404	0.44247	0.00554
17	0.01422	0.01993	0.26000	0.01411	0.07084	0.27338	0.03613	0.06893	0.02796	0.04956	0.01257	0.08970	0.02741	0.00643	0.00507	0.00156	0.00717	0.00511	0.00312	0.00679
18	0.02635	0.13654	0.18119	0.06389	0.11048	0.20942	0.03585	0.08619	0.01307	0.01601	0.01200	0.01342	0.06296	0.00557	0.00474	0.00147	0.00691	0.00430	0.00283	0.00680

[dist]
# distance from previous block
# <min> <max>
0	116

[block]
# block no. 4 follows, 48 sequences, length 23
# corresponding to MSA columns:
# 602-624
name=unknown_E
#
# <colnr> <probs for GDERKNQSTAVLIFYWHMCP>
#	G	D	E	R	K	N	Q	S	T	A	V	L	I	F	Y	W	H	M	C	P
0	0.01163	0.01319	0.07307	0.22637	0.02091	0.14309	0.10937	0.01630	0.12987	0.01545	0.07650	0.03389	0.04382	0.04412	0.00646	0.00181	0.01907	0.00565	0.00329	0.00614
1	0.01132	0.21244	0.01925	0.37021	0.22453	0.01350	0.01285	0.01409	0.01065	0.01380	0.00963	0.04824	0.00833	0.00529	0.00472	0.00153	0.00613	0.00456	0.00244	0.00648
2	0.00624	0.00495	0.00569	0.00610	0.00725	0.00439	0.00437	0.00747	0.01099	0.01380	0.07495	0.32366	0.44565	0.01517	0.04303	0.00216	0.00324	0.01186	0.00471	0.00431
3	0.01880	0.01342	0.11628	0.01079	0.01507	0.03880	0.00974	0.25826	0.06447	0.34331	0.03191	0.01583	0.02659	0.00631	0.00513	0.00158	0.00527	0.00498	0.00517	0.00828
4	0.01451	0.10477	0.36202	0.01243	0.01756	0.01208	0.03296	0.01817	0.01154	0.23939	0.01188	0.01260	0.00837	0.00578	0.00640	0.00164	0.11273	0.00423	0.00340	0.00753
5	0.02047	0.00930	0.01183	0.00946	0.01316	0.00884	0.00769	0.02557	0.20497	0.59943	0.02040	0.01788	0.01344	0.00650	0.00518	0.00163	0.00429	0.00532	0.00607	0.00858
6	0.01204	0.01152	0.01964	0.20090	0.62340	0.01202	0.01542	0.01517	0.01137	0.01597	0.00954	0.01291	0.00785	0.00469	0.00509	0.00156	0.00626	0.00457	0.00248	0.00760
7	0.22302	0.01363	0.04966	0.05450	0.21358	0.08723	0.21742	0.01664	0.04579	0.01786	0.00953	0.01185	0.00747	0.00477	0.00483	0.00160	0.00656	0.00443	0.00282	0.00682
8	0.00891	0.00446	0.00668	0.00668	0.00668	0.00446	0.00446	0.00668	0.00668	0.00891	0.00891	0.01560	0.00891	0.01783	0.02005	0.85071	0.00446	0.00446	0.00223	0.00223
9	0.00917	0.00715	0.00814	0.00759	0.00971	0.00685	0.00609	0.11061	0.04294	0.01750	0.08321	0.04042	0.32462	0.04334	0.00674	0.00189	0.00375	0.18363	0.00466	0.08197
10	0.01960	0.01218	0.01374	0.01061	0.01452	0.01282	0.00873	0.49706	0.03755	0.23599	0.01479	0.01415	0.01014	0.00616	0.00503	0.00152	0.00506	0.00476	0.04668	0.02890
11	0.01061	0.02464	0.69084	0.01686	0.12356	0.01195	0.01853	0.01618	0.01095	0.01632	0.00927	0.01108	0.00672	0.00483	0.00490	0.00161	0.00739	0.00389	0.00222	0.00766
12	0.01338	0.01133	0.01195	0.01057	0.01358	0.01305	0.00827	0.09524	0.70942	0.02246	0.02010	0.01852	0.01503	0.00689	0.00521	0.00172	0.00421	0.00569	0.00521	0.00818
13	0.00676	0.00505	0.00671	0.00722	0.00785	0.00517	0.00513	0.00791	0.00935	0.01256	0.02555	0.39741	0.12308	0.09153	0.24215	0.00411	0.02365	0.01059	0.00397	0.00425
14	0.02093	0.00827	0.01124	0.00878	0.01238	0.00718	0.00718	0.02298	0.01466	0.68919	0.12149	0.02023	0.01743	0.00690	0.00528	0.00159	0.00411	0.00571	0.00626	0.00822
15	0.01951	0.01437	0.01540	0.01181	0.01591	0.01591	0.00975	0.77056	0.02412	0.03234	0.01232	0.01232	0.00873	0.00616	0.00513	0.00154	0.00565	0.00462	0.00513	0.00873
16	0.00738	0.00522	0.00683	0.00678	0.00731	0.00554	0.00467	0.00844	0.00871	0.01215	0.11698	0.02880	0.02025	0.39783	0.33495	0.00585	0.00817	0.00691	0.00330	0.00393
17	0.02000	0.00862	0.01134	0.00890	0.01241	0.00780	0.00727	0.08712	0.01548	0.59250	0.15134	0.02061	0.01851	0.00705	0.00531	0.00159	0.00414	0.00582	0.00612	0.00806
18	0.00692	0.00528	0.00626	0.00676	0.00792	0.00486	0.00520	0.00831	0.01093	0.01370	0.03687	0.15139	0.36337	0.11814	0.00903	0.00238	0.00358	0.23027	0.00454	0.00427
19	0.01191	0.01017	0.01213	0.00915	0.01288	0.00955	0.00744	0.11313	0.01195	0.01804	0.00914	0.01096	0.00760	0.00499	0.00619	0.00112	0.14112	0.00350	0.00318	0.59582
20	0.08427	0.01050	0.01121	0.00956	0.01250	0.01156	0.00758	0.23704	0.29566	0.05609	0.12020	0.05104	0.05542	0.00764	0.00522	0.00166	0.00419	0.00623	0.00509	0.00733
21	0.01248	0.01060	0.04693	0.00985	0.01251	0.02956	0.00790	0.09783	0.38698	0.06558	0.01963	0.15460	0.01711	0.04372	0.04513	0.00219	0.00485	0.00700	0.00475	0.02081
22	0.08071	0.38874	0.10714	0.04928	0.01543	0.15291	0.01000	0.08110	0.01211	0.01521	0.00840	0.01031	0.00716	0.03634	0.00483	0.00145	0.00632	0.00340	0.00264	0.00651

[dist]
# distance from previous block
# <min> <max>
0	10

[block]
# block no. 5 follows, 48 sequences, length 18
# corresponding to MSA columns:
# 635-652
name=unknown_F
#
# <colnr> <probs for GDERKNQSTAVLIFYWHMCP>
#	G	D	E	R	K	N	Q	S	T	A	V	L	I	F	Y	W	H	M	C	P
0	0.05014	0.01269	0.12043	0.21673	0.26230	0.01123	0.04070	0.06087	0.01209	0.05021	0.05726	0.01416	0.01012	0.00524	0.00501	0.00156	0.00602	0.00466	0.00299	0.05558
1	0.00930	0.00663	0.00757	0.00725	0.00806	0.05365	0.00506	0.00987	0.05575	0.01218	0.09499	0.02353	0.01650	0.19511	0.03770	0.35912	0.00485	0.03749	0.00317	0.05223
2	0.01487	0.03401	0.06379	0.08108	0.08584	0.20781	0.09830	0.08084	0.16435	0.06175	0.01279	0.01388	0.02135	0.00575	0.00544	0.00158	0.03122	0.00471	0.00350	0.00712
3	0.03965	0.01690	0.27727	0.05298	0.24000	0.01219	0.16302	0.01645	0.05779	0.01675	0.01013	0.01250	0.00779	0.00490	0.00543	0.00162	0.02826	0.00458	0.00261	0.02920
4	0.00711	0.00596	0.00733	0.00836	0.09049	0.00531	0.00543	0.00891	0.01248	0.01604	0.25179	0.04238	0.49708	0.01140	0.00596	0.00168	0.00292	0.00973	0.00477	0.00488
5	0.00956	0.00478	0.00478	0.00478	0.00598	0.00478	0.00359	0.01196	0.01076	0.01913	0.01674	0.01913	0.01315	0.00598	0.00359	0.00120	0.00239	0.00478	0.84816	0.00478
6	0.00660	0.00451	0.00611	0.00717	0.00747	0.00426	0.00485	0.00721	0.00956	0.01273	0.02618	0.70525	0.03112	0.01620	0.00801	0.09270	0.00319	0.03842	0.00449	0.00398
7	0.01066	0.01011	0.01714	0.55693	0.27816	0.01166	0.01473	0.01396	0.01072	0.01429	0.00929	0.01336	0.00726	0.00495	0.00511	0.00165	0.00660	0.00456	0.00236	0.00648
8	0.01340	0.01206	0.01931	0.08666	0.19804	0.03041	0.21626	0.05091	0.17245	0.07728	0.01300	0.01458	0.00981	0.00523	0.00530	0.00160	0.00621	0.00515	0.00353	0.05883
9	0.01951	0.01437	0.01540	0.01181	0.01591	0.01591	0.00975	0.77056	0.02412	0.03234	0.01232	0.01232	0.00873	0.00616	0.00513	0.00154	0.00565	0.00462	0.00513	0.00873
10	0.01192	0.01520	0.11172	0.02088	0.02632	0.01286	0.68895	0.01642	0.01197	0.01642	0.01026	0.01352	0.00765	0.00438	0.00593	0.00172	0.00854	0.00581	0.00255	0.00699
11	0.00728	0.00540	0.00757	0.00746	0.00803	0.00531	0.05087	0.00817	0.00899	0.01215	0.05273	0.31703	0.02423	0.35956	0.09847	0.00392	0.00529	0.00985	0.00375	0.00396
12	0.00669	0.00509	0.00616	0.00617	0.00739	0.00455	0.00452	0.00847	0.01276	0.01705	0.41058	0.18137	0.28594	0.01231	0.00615	0.00174	0.00258	0.01074	0.00520	0.00455
13	0.12214	0.01604	0.01254	0.01074	0.01396	0.36219	0.00839	0.02191	0.05777	0.30534	0.01318	0.01278	0.00928	0.00572	0.00468	0.00148	0.00649	0.00408	0.00424	0.00707
14	0.01823	0.01373	0.01408	0.01121	0.01462	0.12740	0.00910	0.33315	0.01735	0.18291	0.01230	0.01263	0.00888	0.00616	0.00635	0.00152	0.10370	0.00436	0.00445	0.09788
15	0.00631	0.00470	0.00588	0.00666	0.00735	0.00427	0.00459	0.00744	0.01069	0.01400	0.10785	0.57517	0.19665	0.01486	0.00640	0.00196	0.00284	0.01326	0.00485	0.00427
16	0.17476	0.01297	0.01350	0.19819	0.03510	0.15330	0.02273	0.06417	0.11035	0.05240	0.01049	0.01234	0.00810	0.00589	0.00612	0.00167	0.10404	0.00420	0.00326	0.00641
17	0.01850	0.18004	0.01611	0.00988	0.01402	0.03222	0.00844	0.26954	0.01650	0.27539	0.01340	0.01291	0.00942	0.00558	0.00460	0.00138	0.00508	0.00421	0.00464	0.09815

[dist]
# distance from previous block
# <min> <max>
0	1

[block]
# block no. 6 follows, 48 sequences, length 6
# corresponding to MSA columns:
# 654-659
name=unknown_G
#
# <colnr> <probs for GDERKNQSTAVLIFYWHMCP>
#	G	D	E	R	K	N	Q	S	T	A	V	L	I	F	Y	W	H	M	C	P
0	0.00708	0.00484	0.00580	0.00613	0.00631	0.00472	0.00374	0.00754	0.00873	0.01173	0.08059	0.26850	0.02559	0.51488	0.01867	0.00384	0.00417	0.00974	0.00381	0.00356
1	0.00637	0.00477	0.00592	0.00655	0.00735	0.00432	0.00456	0.00761	0.01105	0.01451	0.15769	0.50052	0.22128	0.01440	0.00635	0.00192	0.00279	0.01280	0.00491	0.00432
2	0.01064	0.00912	0.01064	0.00760	0.01216	0.00684	0.00608	0.01292	0.01064	0.01672	0.00912	0.01064	0.00760	0.00380	0.00380	0.00076	0.00380	0.00304	0.00304	0.85104
3	0.01223	0.01205	0.05732	0.24965	0.10504	0.03245	0.19438	0.07883	0.01216	0.05615	0.01134	0.05854	0.00932	0.00677	0.02716	0.00189	0.05962	0.00547	0.00299	0.00664
4	0.15263	0.01192	0.01216	0.01028	0.01361	0.01357	0.00823	0.26418	0.41026	0.02521	0.01589	0.01518	0.01178	0.00634	0.00486	0.00165	0.00456	0.00493	0.00486	0.00790
5	0.01021	0.00611	0.00744	0.00690	0.00879	0.00552	0.00524	0.01254	0.05199	0.17527	0.22159	0.16380	0.28218	0.01121	0.00591	0.00173	0.00305	0.00964	0.00533	0.00553

[dist]
# distance from previous block
# <min> <max>
0	1

[block]
# block no. 7 follows, 48 sequences, length 27
# corresponding to MSA columns:
# 671-679,681-698
name=unknown_H
#
# <colnr> <probs for GDERKNQSTAVLIFYWHMCP>
#	G	D	E	R	K	N	Q	S	T	A	V	L	I	F	Y	W	H	M	C	P
0	0.07864	0.01345	0.07452	0.03658	0.30450	0.03666	0.16899	0.06518	0.04543	0.01797	0.03859	0.01346	0.00942	0.00536	0.00606	0.00165	0.06849	0.00487	0.00295	0.00725
1	0.01202	0.05419	0.15806	0.04590	0.03300	0.03379	0.03639	0.18158	0.01312	0.01796	0.03446	0.01737	0.01133	0.05641	0.16260	0.00314	0.07870	0.04029	0.00326	0.00643
2	0.00956	0.00478	0.00478	0.00478	0.00598	0.00478	0.00359	0.01196	0.01076	0.01913	0.01674	0.01913	0.01315	0.00598	0.00359	0.00120	0.00239	0.00478	0.84816	0.00478
3	0.01288	0.02943	0.21250	0.11542	0.18168	0.09210	0.02882	0.07599	0.14844	0.01761	0.01141	0.01303	0.00872	0.00543	0.00527	0.00161	0.02470	0.00447	0.00309	0.00741
4	0.00848	0.00655	0.00752	0.00701	0.00880	0.00646	0.00534	0.01316	0.17738	0.03774	0.39223	0.03688	0.25200	0.01035	0.00586	0.00167	0.00287	0.00888	0.00532	0.00549
5	0.01221	0.08945	0.01725	0.26315	0.14693	0.09530	0.07222	0.03097	0.12498	0.01599	0.07147	0.01525	0.01166	0.00563	0.00505	0.00158	0.00621	0.00493	0.00313	0.00665
6	0.00767	0.00500	0.00685	0.00694	0.00730	0.00531	0.00477	0.00787	0.00775	0.01066	0.01450	0.08561	0.01540	0.28021	0.30537	0.20789	0.00790	0.00658	0.00290	0.00352
7	0.21121	0.00787	0.00857	0.02620	0.01027	0.00875	0.00631	0.06702	0.07111	0.01813	0.08200	0.27225	0.09605	0.01029	0.00636	0.00183	0.07777	0.00840	0.00423	0.00538
8	0.31155	0.37235	0.01713	0.00848	0.01184	0.03852	0.00761	0.04181	0.01010	0.01665	0.00787	0.00980	0.00690	0.02336	0.04867	0.00184	0.05357	0.00319	0.00271	0.00604
9	0.00784	0.00578	0.00736	0.00672	0.00823	0.00530	0.00508	0.03252	0.01440	0.02044	0.68417	0.05743	0.04385	0.01003	0.00587	0.00156	0.00263	0.00884	0.00542	0.06654
10	0.03514	0.09765	0.01517	0.01095	0.01467	0.20671	0.00896	0.27213	0.01726	0.25195	0.01298	0.01261	0.00912	0.00580	0.00479	0.00146	0.00611	0.00423	0.00455	0.00777
11	0.01375	0.71595	0.08613	0.00948	0.01403	0.06309	0.00964	0.01572	0.01069	0.01243	0.00734	0.00849	0.00658	0.00448	0.00349	0.00115	0.00586	0.00286	0.00222	0.00663
12	0.05874	0.06897	0.19947	0.04160	0.01637	0.03450	0.04263	0.06054	0.01155	0.01732	0.00911	0.01071	0.00717	0.00441	0.00424	0.00118	0.00543	0.00348	0.00285	0.39971
13	0.00950	0.00886	0.01486	0.76270	0.03378	0.01100	0.01372	0.01278	0.01024	0.01311	0.01019	0.05845	0.00835	0.00574	0.00521	0.00173	0.00662	0.00512	0.00242	0.00561
14	0.00746	0.00497	0.00560	0.00560	0.00560	0.00497	0.00311	0.00746	0.00746	0.00995	0.01617	0.03358	0.01865	0.81967	0.02612	0.00497	0.00497	0.00746	0.00311	0.00311
15	0.07841	0.01048	0.08504	0.06122	0.17385	0.00931	0.00992	0.06774	0.04724	0.12862	0.02955	0.20650	0.01610	0.00818	0.00529	0.00171	0.00480	0.02014	0.02921	0.00670
16	0.00653	0.00520	0.00578	0.00564	0.00712	0.00453	0.00419	0.00816	0.01248	0.01598	0.30019	0.04494	0.50158	0.04668	0.00692	0.00183	0.00264	0.01016	0.00499	0.00445
17	0.01029	0.02654	0.79309	0.01462	0.02221	0.01192	0.01896	0.01625	0.01083	0.01625	0.00921	0.01083	0.00650	0.00487	0.00487	0.00162	0.00758	0.00379	0.00217	0.00758
18	0.24395	0.01102	0.04506	0.02602	0.05194	0.02423	0.00863	0.03869	0.07946	0.05362	0.01134	0.01402	0.02423	0.00630	0.00679	0.00162	0.16570	0.03328	0.00335	0.15074
19	0.01568	0.01157	0.01731	0.15416	0.11719	0.01230	0.12040	0.21369	0.03396	0.17071	0.02785	0.01445	0.00980	0.00581	0.00594	0.00165	0.05088	0.00503	0.00403	0.00760
20	0.10297	0.01311	0.01593	0.01247	0.01625	0.13789	0.17292	0.09940	0.07167	0.24847	0.01536	0.01538	0.04282	0.00589	0.00511	0.00159	0.00608	0.00505	0.00433	0.00733
21	0.70126	0.00983	0.00886	0.09592	0.01299	0.01148	0.00679	0.01516	0.00911	0.05160	0.00786	0.00938	0.00602	0.00501	0.00393	0.00162	0.03120	0.00313	0.00317	0.00570
22	0.01352	0.75928	0.02601	0.00915	0.01319	0.01994	0.00897	0.01513	0.01022	0.01209	0.00710	0.00847	0.00660	0.00475	0.00435	0.00119	0.06844	0.00288	0.00220	0.00651
23	0.00625	0.00447	0.00595	0.00714	0.00744	0.00417	0.00476	0.00714	0.00982	0.01310	0.02828	0.81633	0.03394	0.01608	0.00655	0.00208	0.00298	0.01459	0.00476	0.00417
24	0.00722	0.00524	0.00680	0.00641	0.00764	0.00482	0.00481	0.00959	0.01442	0.02032	0.75704	0.03875	0.07649	0.01059	0.00605	0.00162	0.00243	0.00934	0.00561	0.00482
25	0.02006	0.00995	0.01230	0.00958	0.01325	0.00965	0.00785	0.24021	0.01741	0.47568	0.11178	0.01853	0.01593	0.00680	0.00526	0.00158	0.00450	0.00551	0.00591	0.00825
26	0.07995	0.01180	0.01373	0.01202	0.07468	0.01246	0.00906	0.34068	0.12214	0.24732	0.01518	0.01447	0.01054	0.00610	0.00501	0.00158	0.00497	0.00480	0.00515	0.00837

[dist]
# distance from previous block
# <min> <max>
0	1

[block]
# block no. 8 follows, 48 sequences, length 6
# corresponding to MSA columns:
# 700-705
name=unknown_I
#
# <colnr> <probs for GDERKNQSTAVLIFYWHMCP>
#	G	D	E	R	K	N	Q	S	T	A	V	L	I	F	Y	W	H	M	C	P
0	0.10562	0.10778	0.12720	0.18385	0.04263	0.01363	0.03380	0.17440	0.06215	0.05343	0.01055	0.01216	0.00790	0.00547	0.00517	0.00159	0.03806	0.00420	0.00333	0.00708
1	0.01335	0.46156	0.20364	0.07406	0.01741	0.12524	0.01175	0.01610	0.01108	0.01320	0.00789	0.00941	0.00659	0.00469	0.00399	0.00130	0.00661	0.00321	0.00226	0.00666
2	0.00886	0.00852	0.03826	0.01070	0.01313	0.00771	0.20227	0.01227	0.07272	0.01665	0.25255	0.07305	0.12972	0.12016	0.00873	0.00216	0.00473	0.00825	0.00420	0.00538
3	0.00956	0.00478	0.00478	0.00478	0.00598	0.00478	0.00359	0.01196	0.01076	0.01913	0.01674	0.01913	0.01315	0.00598	0.00359	0.00120	0.00239	0.00478	0.84816	0.00478
4	0.00752	0.00584	0.00656	0.00659	0.00803	0.00544	0.00483	0.08173	0.01247	0.01587	0.09124	0.30627	0.40243	0.01320	0.00614	0.00183	0.00301	0.01140	0.00486	0.00474
5	0.01150	0.06575	0.01242	0.02783	0.01246	0.01006	0.04251	0.14876	0.08877	0.03785	0.23555	0.07953	0.04872	0.00891	0.02442	0.00174	0.05284	0.00682	0.00448	0.07907

[dist]
# distance from previous block
# <min> <max>
1	3

[block]
# block no. 9 follows, 48 sequences, length 14
# corresponding to MSA columns:
# 711-724
name=unknown_J
#
# <colnr> <probs for GDERKNQSTAVLIFYWHMCP>
#	G	D	E	R	K	N	Q	S	T	A	V	L	I	F	Y	W	H	M	C	P
0	0.00868	0.00654	0.00794	0.00801	0.00947	0.00640	0.00605	0.09060	0.05447	0.01669	0.06768	0.40130	0.09486	0.01279	0.00615	0.00190	0.00359	0.12859	0.00475	0.06354
1	0.00911	0.00527	0.00728	0.00732	0.00773	0.00544	0.00514	0.00923	0.09148	0.01101	0.01278	0.07267	0.01275	0.01627	0.01663	0.64243	0.00433	0.05703	0.00290	0.00317
2	0.01331	0.06224	0.07143	0.05375	0.50832	0.05547	0.01418	0.06896	0.07067	0.01752	0.01039	0.01262	0.00841	0.00493	0.00495	0.00152	0.00617	0.00444	0.00287	0.00783
3	0.00680	0.00516	0.00626	0.00613	0.00742	0.00462	0.00454	0.00873	0.01321	0.01781	0.48821	0.11409	0.27475	0.01178	0.00610	0.00169	0.00253	0.01025	0.00529	0.00462
4	0.01471	0.01089	0.01222	0.05745	0.01444	0.01164	0.00823	0.32306	0.17811	0.07829	0.06153	0.02041	0.11539	0.00726	0.00524	0.00157	0.00459	0.00587	0.00491	0.06419
5	0.00671	0.00518	0.00612	0.00598	0.00735	0.00459	0.00445	0.00858	0.01308	0.01737	0.43892	0.08939	0.35006	0.01185	0.00609	0.00169	0.00253	0.01023	0.00523	0.00459
6	0.01317	0.00907	0.01065	0.03170	0.01246	0.00948	0.00745	0.19375	0.16118	0.11381	0.02009	0.23441	0.01895	0.03393	0.00623	0.00185	0.00432	0.05933	0.00491	0.05325
7	0.00725	0.00513	0.00626	0.00670	0.00726	0.00499	0.00469	0.00816	0.00950	0.01242	0.04487	0.17095	0.11937	0.37725	0.03405	0.00353	0.00443	0.16535	0.00399	0.00386
8	0.01542	0.01781	0.14680	0.02569	0.03360	0.24129	0.06670	0.14827	0.10241	0.06095	0.01262	0.01435	0.02075	0.00702	0.03129	0.00179	0.01862	0.02394	0.00356	0.00711
9	0.00827	0.00606	0.00777	0.00777	0.00896	0.00637	0.00577	0.03013	0.09588	0.03673	0.09681	0.25191	0.08579	0.05149	0.27119	0.00411	0.00678	0.00897	0.00422	0.00503
10	0.01177	0.01269	0.08844	0.27304	0.12227	0.06514	0.03359	0.05740	0.15118	0.01633	0.01224	0.03569	0.00996	0.03662	0.02221	0.00193	0.03462	0.00506	0.00313	0.00669
11	0.00956	0.00478	0.00478	0.00478	0.00598	0.00478	0.00359	0.01196	0.01076	0.01913	0.01674	0.01913	0.01315	0.00598	0.00359	0.00120	0.00239	0.00478	0.84816	0.00478
12	0.13408	0.21748	0.07230	0.05135	0.01521	0.07913	0.00958	0.21025	0.03072	0.04861	0.00983	0.01136	0.00780	0.03001	0.00563	0.00158	0.05095	0.00384	0.00338	0.00692
13	0.23814	0.05911	0.01241	0.15987	0.03334	0.01167	0.00870	0.11929	0.06561	0.06546	0.07342	0.01618	0.02863	0.00628	0.00505	0.00161	0.03460	0.02673	0.00377	0.03012

[dist]
# distance from previous block
# <min> <max>
1	13

[block]
# block no. 10 follows, 48 sequences, length 20
# corresponding to MSA columns:
# 738-757
name=unknown_K
#
# <colnr> <probs for GDERKNQSTAVLIFYWHMCP>
#	G	D	E	R	K	N	Q	S	T	A	V	L	I	F	Y	W	H	M	C	P
0	0.00856	0.08101	0.05487	0.10805	0.02744	0.03200	0.00757	0.01040	0.01074	0.01361	0.04583	0.13319	0.30015	0.04437	0.02182	0.00195	0.05544	0.00816	0.00367	0.03116
1	0.00657	0.00496	0.00601	0.00628	0.00730	0.00447	0.00448	0.00806	0.01187	0.01571	0.28590	0.30276	0.26504	0.03820	0.00684	0.00191	0.00274	0.01147	0.00501	0.00441
2	0.01471	0.01115	0.01236	0.01033	0.01290	0.04464	0.00828	0.31241	0.08480	0.08582	0.09870	0.09586	0.06179	0.00840	0.00695	0.00172	0.11085	0.00652	0.00475	0.00703
3	0.01284	0.31886	0.01727	0.00863	0.01291	0.05493	0.00755	0.07003	0.01185	0.01598	0.02683	0.01043	0.00821	0.00443	0.00380	0.00100	0.00484	0.00321	0.00291	0.40350
4	0.11728	0.01188	0.01473	0.01144	0.01534	0.01243	0.08984	0.35066	0.05100	0.21783	0.01447	0.01550	0.01042	0.00622	0.00509	0.00162	0.00534	0.03601	0.00492	0.00797
5	0.01137	0.17012	0.38627	0.01422	0.01929	0.01442	0.11432	0.01529	0.01030	0.01468	0.00846	0.01083	0.00673	0.00557	0.00725	0.00167	0.17603	0.00404	0.00224	0.00690
6	0.01224	0.01153	0.01524	0.01298	0.01371	0.01542	0.01074	0.09214	0.09201	0.01539	0.00883	0.01219	0.00790	0.00847	0.01439	0.00212	0.64101	0.00464	0.00286	0.00620
7	0.01109	0.01267	0.09451	0.43360	0.02589	0.09583	0.01273	0.01576	0.11176	0.01435	0.01075	0.01396	0.00837	0.00797	0.06258	0.00216	0.05257	0.00457	0.00273	0.00616
8	0.00631	0.00475	0.00584	0.00653	0.00732	0.00429	0.00453	0.00748	0.01085	0.01411	0.11586	0.51988	0.24441	0.01462	0.00636	0.00194	0.00281	0.01297	0.00486	0.00429
9	0.01230	0.01179	0.02011	0.13378	0.68848	0.01209	0.01555	0.01540	0.01150	0.01628	0.00958	0.01283	0.00796	0.00465	0.00509	0.00155	0.00619	0.00457	0.00251	0.00781
10	0.00667	0.00524	0.00606	0.00603	0.00748	0.00463	0.00459	0.00845	0.01269	0.01643	0.32049	0.07040	0.43486	0.01225	0.00615	0.00175	0.00270	0.06351	0.00509	0.00454
11	0.00971	0.00721	0.00865	0.00773	0.00958	0.00734	0.00605	0.16923	0.01523	0.02080	0.39392	0.03263	0.13889	0.01374	0.11047	0.00251	0.00469	0.03107	0.00500	0.00555
12	0.00703	0.00513	0.00674	0.00690	0.00762	0.00526	0.00490	0.00830	0.00953	0.01302	0.12251	0.17083	0.10231	0.20564	0.29567	0.00486	0.00719	0.00862	0.00378	0.00418
13	0.01154	0.00935	0.01262	0.01096	0.01150	0.01194	0.00874	0.11039	0.00961	0.01382	0.00821	0.01285	0.00773	0.01160	0.01638	0.28901	0.43176	0.00450	0.00262	0.00488
14	0.00957	0.00855	0.01155	0.01029	0.01037	0.01117	0.00800	0.01038	0.00776	0.01149	0.01062	0.01971	0.01139	0.28902	0.09380	0.00374	0.45975	0.00560	0.00259	0.00466
15	0.01121	0.01227	0.05465	0.31781	0.16253	0.01225	0.30982	0.01499	0.01122	0.01517	0.00967	0.01341	0.00742	0.00477	0.00567	0.00169	0.02121	0.00511	0.00244	0.00668
16	0.01217	0.05845	0.15107	0.22036	0.03730	0.02518	0.18163	0.01574	0.01151	0.09821	0.02609	0.01428	0.02806	0.00515	0.00509	0.00154	0.00656	0.00479	0.00298	0.09384
17	0.01202	0.05382	0.01021	0.00846	0.01036	0.00888	0.00634	0.16696	0.09510	0.09751	0.01998	0.29449	0.02029	0.16033	0.00942	0.00237	0.00429	0.00866	0.00460	0.00593
18	0.01489	0.15676	0.09543	0.01138	0.01454	0.37954	0.00966	0.01838	0.11342	0.01392	0.01155	0.06969	0.01042	0.05197	0.00585	0.00163	0.00706	0.00463	0.00304	0.00622
19	0.01296	0.44102	0.01925	0.00923	0.01251	0.05967	0.00817	0.09567	0.06675	0.01503	0.01177	0.09442	0.01111	0.01051	0.10898	0.00225	0.00644	0.00478	0.00309	0.00637

[dist]
# distance from previous block
# <min> <max>
12	17

[block]
# block no. 11 follows, 48 sequences, length 28
# corresponding to MSA columns:
# 779-806
name=unknown_L
#
# <colnr> <probs for GDERKNQSTAVLIFYWHMCP>
#	G	D	E	R	K	N	Q	S	T	A	V	L	I	F	Y	W	H	M	C	P
0	0.08323	0.07851	0.07203	0.01138	0.01569	0.01563	0.01002	0.59792	0.02089	0.02886	0.01128	0.01158	0.00815	0.00582	0.00482	0.00151	0.00564	0.00427	0.00454	0.00823
1	0.01075	0.00894	0.01042	0.00785	0.01186	0.00718	0.00619	0.06711	0.01152	0.01742	0.01166	0.10776	0.01085	0.00545	0.00423	0.00098	0.00383	0.00454	0.00340	0.68807
2	0.00933	0.00707	0.01014	0.00907	0.01043	0.00771	0.06510	0.04350	0.06502	0.04161	0.01462	0.02252	0.01386	0.24116	0.38564	0.00568	0.03332	0.00601	0.00323	0.00498
3	0.00746	0.00497	0.00560	0.00560	0.00560	0.00497	0.00311	0.00746	0.00746	0.00995	0.01617	0.03358	0.01865	0.81967	0.02612	0.00497	0.00497	0.00746	0.00311	0.00311
4	0.01083	0.15211	0.67226	0.01370	0.02078	0.01324	0.01735	0.01611	0.01077	0.01559	0.00888	0.01042	0.00651	0.00480	0.00463	0.00154	0.00725	0.00363	0.00217	0.00743
5	0.01164	0.01309	0.04780	0.11620	0.12001	0.01247	0.52341	0.01557	0.01163	0.01587	0.01055	0.03743	0.00843	0.00493	0.00607	0.00172	0.02790	0.00585	0.00259	0.00683
6	0.05572	0.00989	0.01233	0.00960	0.01305	0.00978	0.00789	0.09380	0.02794	0.33983	0.01382	0.01379	0.00976	0.00603	0.00657	0.00148	0.13256	0.00435	0.00455	0.22727
7	0.00625	0.00447	0.00595	0.00714	0.00744	0.00417	0.00476	0.00714	0.00982	0.01310	0.02828	0.81633	0.03394	0.01608	0.00655	0.00208	0.00298	0.01459	0.00476	0.00417
8	0.00733	0.00550	0.00825	0.00825	0.00916	0.00641	0.00641	0.00916	0.00825	0.01191	0.01374	0.02016	0.01283	0.03848	0.79934	0.00825	0.01374	0.00550	0.00275	0.00458
9	0.00744	0.00561	0.00693	0.00666	0.00802	0.00530	0.00503	0.01043	0.06538	0.01913	0.56553	0.07675	0.15364	0.01100	0.00605	0.00169	0.00266	0.03238	0.00542	0.00495
10	0.08421	0.00905	0.03684	0.00886	0.01260	0.00771	0.00749	0.02240	0.01409	0.62878	0.09685	0.01868	0.01560	0.00660	0.00509	0.00159	0.00424	0.00535	0.00590	0.00806
11	0.04305	0.01225	0.01346	0.01060	0.01436	0.03580	0.00866	0.42437	0.07481	0.24685	0.03706	0.02986	0.01181	0.00651	0.00513	0.00158	0.00508	0.00509	0.00537	0.00832
12	0.00832	0.00549	0.00712	0.00657	0.00801	0.00501	0.00498	0.01065	0.01437	0.07523	0.68866	0.03747	0.08779	0.01034	0.00599	0.00162	0.00257	0.00907	0.00565	0.00509
13	0.00983	0.03697	0.25893	0.01080	0.01429	0.00838	0.05432	0.03960	0.01131	0.06799	0.02001	0.34093	0.04039	0.01028	0.00577	0.00184	0.00513	0.05339	0.00386	0.00600
