[name]
unknown

[dist]
# distance from previous block
# <min> <max>
21	107

[block]
# block no. 0 follows, 50 sequences, length 16
# corresponding to MSA columns:
# 204-219
name=unknown_A
#
# <colnr> <probs for GDERKNQSTAVLIFYWHMCP>
#	G	D	E	R	K	N	Q	S	T	A	V	L	I	F	Y	W	H	M	C	P
0	0.07340	0.05299	0.04805	0.09870	0.20734	0.07484	0.05821	0.05352	0.08388	0.06658	0.01370	0.06560	0.04238	0.00708	0.03088	0.00176	0.00588	0.00523	0.00330	0.00669
1	0.03446	0.22509	0.31981	0.05800	0.05643	0.06432	0.04421	0.01638	0.03536	0.07041	0.00986	0.02727	0.00772	0.00500	0.00442	0.00144	0.00637	0.00391	0.00264	0.00689
2	0.01158	0.01188	0.06977	0.12783	0.39732	0.01095	0.14169	0.01485	0.01140	0.04457	0.05292	0.01465	0.02482	0.00499	0.00511	0.00153	0.00612	0.00496	0.00278	0.04026
3	0.01334	0.18513	0.27272	0.03826	0.06688	0.05842	0.03800	0.05866	0.08816	0.09942	0.02794	0.01236	0.00901	0.00517	0.00456	0.00146	0.00608	0.00409	0.00313	0.00720
4	0.03157	0.05551	0.15928	0.01806	0.25090	0.01154	0.12353	0.06474	0.06823	0.06767	0.04523	0.04033	0.02970	0.00563	0.00503	0.00155	0.00586	0.00516	0.00324	0.00722
5	0.05831	0.00603	0.00716	0.00707	0.00860	0.00578	0.00527	0.03518	0.04761	0.11089	0.11815	0.34160	0.17872	0.01182	0.00577	0.00179	0.00317	0.03710	0.00486	0.00511
6	0.00736	0.00516	0.00616	0.00607	0.00736	0.00462	0.00446	0.00891	0.01189	0.05672	0.29520	0.13738	0.31282	0.08029	0.00757	0.00196	0.00286	0.03383	0.00487	0.00450
7	0.00948	0.02758	0.01069	0.04267	0.04748	0.03648	0.07596	0.02847	0.04916	0.06152	0.10201	0.29402	0.10304	0.02576	0.00661	0.03189	0.00421	0.03356	0.00419	0.00522
8	0.08542	0.17892	0.17329	0.05265	0.24691	0.12515	0.01265	0.04266	0.01145	0.01559	0.00843	0.01031	0.00683	0.00466	0.00433	0.00140	0.00636	0.00362	0.00247	0.00690
9	0.01035	0.00810	0.01093	0.00969	0.01039	0.01006	0.00762	0.04878	0.00890	0.06932	0.01155	0.01848	0.01117	0.19938	0.21684	0.00417	0.33100	0.00531	0.00292	0.00502
10	0.00615	0.00477	0.00544	0.00583	0.00683	0.00424	0.00407	0.00721	0.01047	0.01319	0.07869	0.32511	0.40549	0.08964	0.00788	0.00209	0.00286	0.01145	0.00452	0.00407
11	0.01220	0.11649	0.09913	0.14638	0.38525	0.01189	0.01317	0.01520	0.01106	0.07180	0.01098	0.01322	0.02721	0.00492	0.00467	0.00146	0.00576	0.00433	0.03779	0.00709
12	0.01232	0.01262	0.07182	0.19218	0.13968	0.10056	0.10211	0.05295	0.07294	0.06259	0.07948	0.01680	0.05017	0.00589	0.00514	0.00157	0.00608	0.00524	0.00331	0.00656
13	0.00951	0.00575	0.00740	0.02665	0.00867	0.00558	0.00516	0.04008	0.01097	0.11023	0.17504	0.09862	0.12961	0.11693	0.08596	0.12908	0.00453	0.00756	0.01807	0.00459
14	0.01475	0.11726	0.10361	0.03896	0.10997	0.16220	0.01024	0.06490	0.04977	0.13185	0.01110	0.01241	0.00851	0.00620	0.00600	0.06197	0.03450	0.00404	0.04513	0.00664
15	0.05901	0.08102	0.01355	0.09374	0.03983	0.14302	0.02632	0.13279	0.01296	0.10734	0.03471	0.01450	0.01019	0.04281	0.14023	0.00266	0.00718	0.00446	0.00344	0.03026

[dist]
# distance from previous block
# <min> <max>
2	13

[block]
# block no. 1 follows, 50 sequences, length 6
# corresponding to MSA columns:
# 233-238
name=unknown_B
#
# <colnr> <probs for GDERKNQSTAVLIFYWHMCP>
#	G	D	E	R	K	N	Q	S	T	A	V	L	I	F	Y	W	H	M	C	P
0	0.01160	0.01186	0.01168	0.01201	0.10968	0.22085	0.04076	0.01406	0.05010	0.03828	0.18238	0.04908	0.17979	0.00819	0.00574	0.00155	0.03610	0.00676	0.00387	0.00565
1	0.03336	0.04890	0.08587	0.02453	0.05975	0.07211	0.02270	0.04699	0.03890	0.01493	0.06769	0.16397	0.08267	0.06942	0.08389	0.00246	0.03621	0.00701	0.00348	0.03517
2	0.01140	0.48359	0.21209	0.00983	0.01424	0.01530	0.01054	0.01405	0.00984	0.01269	0.00858	0.01070	0.00747	0.01033	0.14774	0.00244	0.00727	0.00340	0.00222	0.00628
3	0.00810	0.00626	0.00902	0.00912	0.07635	0.00616	0.07558	0.00889	0.00844	0.01145	0.06132	0.02935	0.01799	0.62826	0.02061	0.00405	0.00511	0.00698	0.00307	0.00389
4	0.04304	0.01327	0.10940	0.11658	0.12620	0.03323	0.24306	0.05308	0.01190	0.08321	0.01028	0.01247	0.00767	0.00463	0.00498	0.00149	0.00650	0.00456	0.00293	0.11151
5	0.01197	0.03502	0.09106	0.05840	0.24838	0.07390	0.03503	0.07634	0.03217	0.03793	0.01138	0.04810	0.00974	0.01114	0.14872	0.00264	0.00735	0.00481	0.00295	0.05296

[dist]
# distance from previous block
# <min> <max>
0	3

[block]
# block no. 2 follows, 50 sequences, length 13
# corresponding to MSA columns:
# 242-251,263-265
name=unknown_C
#
# <colnr> <probs for GDERKNQSTAVLIFYWHMCP>
#	G	D	E	R	K	N	Q	S	T	A	V	L	I	F	Y	W	H	M	C	P
0	0.50749	0.20207	0.01303	0.00813	0.01134	0.09932	0.00695	0.04181	0.00996	0.01868	0.00718	0.00842	0.00590	0.00481	0.00387	0.00143	0.03810	0.00288	0.00284	0.00578
1	0.00711	0.00483	0.00632	0.00717	0.00772	0.00457	0.00490	0.03485	0.01020	0.04155	0.02664	0.76400	0.03136	0.01494	0.00626	0.00199	0.00303	0.01350	0.00470	0.00436
2	0.01104	0.27618	0.55770	0.01243	0.01883	0.01412	0.01533	0.01552	0.01040	0.01452	0.00832	0.00973	0.00634	0.00459	0.00426	0.00142	0.00673	0.00337	0.00211	0.00706
3	0.00866	0.00433	0.00649	0.00649	0.00649	0.00433	0.00433	0.00649	0.00649	0.00866	0.00866	0.01515	0.00866	0.01732	0.01948	0.85498	0.00433	0.00433	0.00216	0.00216
4	0.00709	0.00489	0.00570	0.00575	0.00609	0.00476	0.00359	0.00764	0.00878	0.01175	0.12964	0.08050	0.07412	0.57940	0.01955	0.00391	0.00421	0.03554	0.00363	0.00345
5	0.01862	0.02376	0.01413	0.01284	0.01541	0.80482	0.00963	0.01990	0.01413	0.01220	0.00770	0.00899	0.00642	0.00514	0.00449	0.00128	0.00899	0.00321	0.00257	0.00578
6	0.00764	0.00571	0.00717	0.00670	0.00805	0.00555	0.00505	0.01129	0.09905	0.02008	0.70614	0.03518	0.04352	0.00981	0.00579	0.00158	0.00253	0.00864	0.00544	0.00505
7	0.01792	0.01345	0.01392	0.01108	0.01475	0.05959	0.00900	0.52708	0.17061	0.08942	0.01396	0.01349	0.00998	0.00610	0.00498	0.00153	0.00529	0.00468	0.00496	0.00821
8	0.01069	0.03726	0.46281	0.11931	0.11499	0.01170	0.08113	0.01528	0.01063	0.03098	0.00933	0.01161	0.00692	0.00486	0.00522	0.00159	0.03390	0.00411	0.02068	0.00702
9	0.16727	0.01024	0.03046	0.04119	0.01309	0.02550	0.00711	0.08321	0.01141	0.06717	0.00937	0.01061	0.00732	0.00450	0.00430	0.00112	0.03129	0.00331	0.00328	0.46826
10	0.00604	0.00446	0.00566	0.00662	0.00715	0.00408	0.00448	0.00698	0.00985	0.01285	0.03138	0.69039	0.16163	0.01511	0.00628	0.00197	0.00283	0.01355	0.00463	0.00408
11	0.01678	0.01257	0.01356	0.01065	0.01424	0.01378	0.00867	0.60112	0.08972	0.02786	0.01408	0.01464	0.03650	0.03283	0.03270	0.00181	0.00542	0.00485	0.00476	0.04345
12	0.00722	0.00514	0.00639	0.00693	0.00756	0.00498	0.00480	0.05156	0.01026	0.01356	0.04450	0.49486	0.08618	0.14804	0.00975	0.02521	0.00347	0.06112	0.00434	0.00415

[dist]
# distance from previous block
# <min> <max>
1	2

[block]
# block no. 3 follows, 50 sequences, length 126
# corresponding to MSA columns:
# 268-284,287-346,358-390,392-407
name=unknown_D
#
# <colnr> <probs for GDERKNQSTAVLIFYWHMCP>
#	G	D	E	R	K	N	Q	S	T	A	V	L	I	F	Y	W	H	M	C	P
0	0.06182	0.11326	0.11210	0.01201	0.01418	0.02705	0.04392	0.05204	0.00969	0.02783	0.00884	0.05375	0.00817	0.00733	0.01038	0.00183	0.40986	0.00456	0.01541	0.00598
1	0.00652	0.00438	0.00563	0.00662	0.00703	0.00413	0.00447	0.00759	0.00967	0.01354	0.02591	0.70990	0.03016	0.01425	0.00596	0.00190	0.00281	0.01285	0.12254	0.00413
2	0.01358	0.01242	0.01639	0.10946	0.34135	0.09828	0.02827	0.11545	0.07905	0.04992	0.02959	0.03331	0.01032	0.00569	0.00524	0.00155	0.02099	0.01862	0.00331	0.00720
3	0.70584	0.07104	0.05538	0.02841	0.01135	0.03064	0.00671	0.01481	0.00890	0.02070	0.00713	0.00839	0.00558	0.00463	0.00327	0.00151	0.00436	0.00281	0.00292	0.00560
4	0.01260	0.01193	0.02002	0.02984	0.76313	0.01199	0.01507	0.04526	0.01182	0.01688	0.00948	0.01232	0.00792	0.00450	0.00494	0.00148	0.00590	0.00444	0.00257	0.00792
5	0.00636	0.00495	0.00578	0.00582	0.00708	0.00437	0.00427	0.00797	0.01210	0.01580	0.32606	0.17048	0.38671	0.01220	0.00596	0.00170	0.00252	0.01055	0.00495	0.00437
6	0.00698	0.00508	0.00647	0.00613	0.00735	0.00465	0.00459	0.00922	0.01378	0.01933	0.70674	0.03798	0.11888	0.01036	0.00584	0.00157	0.00237	0.00909	0.01892	0.00465
7	0.00653	0.00489	0.00606	0.00615	0.00722	0.00442	0.00447	0.00824	0.01229	0.01659	0.42093	0.24029	0.21934	0.01215	0.00601	0.00171	0.00253	0.01069	0.00506	0.00442
8	0.00607	0.00437	0.00575	0.00687	0.00721	0.00405	0.00459	0.00695	0.00961	0.01275	0.02838	0.79115	0.06280	0.01550	0.00634	0.00201	0.00288	0.01403	0.00463	0.00405
9	0.01333	0.82783	0.02612	0.00853	0.01279	0.01972	0.00853	0.01493	0.01013	0.01173	0.00693	0.00800	0.00640	0.00426	0.00320	0.00107	0.00533	0.00267	0.00213	0.00640
10	0.00725	0.00483	0.00544	0.00544	0.00544	0.00483	0.00302	0.00725	0.00725	0.00966	0.01571	0.03262	0.01812	0.82483	0.02537	0.00483	0.00483	0.00725	0.00302	0.00302
11	0.00750	0.00474	0.00563	0.00563	0.00563	0.00474	0.00325	0.00711	0.00711	0.00949	0.01445	0.02950	0.01643	0.68077	0.02432	0.15649	0.00474	0.00673	0.00287	0.00287
12	0.01240	0.01071	0.01127	0.01014	0.01296	0.01240	0.00789	0.02649	0.78473	0.02085	0.02029	0.01860	0.01522	0.00676	0.00507	0.00169	0.00394	0.00564	0.00507	0.00789
13	0.00712	0.00534	0.00801	0.00801	0.00890	0.00623	0.00623	0.00890	0.00801	0.01157	0.01335	0.01958	0.01246	0.03738	0.80507	0.00801	0.01335	0.00534	0.00267	0.00445
14	0.05448	0.00491	0.00479	0.00475	0.00601	0.00499	0.00359	0.01178	0.01035	0.01878	0.01577	0.01803	0.01238	0.00574	0.00346	0.00118	0.00240	0.00454	0.80738	0.00469
15	0.00929	0.00465	0.00465	0.00465	0.00581	0.00465	0.00348	0.01161	0.01045	0.01858	0.01626	0.01858	0.01278	0.00581	0.00348	0.00116	0.00232	0.00465	0.85250	0.00465
16	0.00589	0.00505	0.00505	0.00505	0.00673	0.00421	0.00379	0.00715	0.01136	0.01347	0.05049	0.04797	0.79171	0.01262	0.00589	0.00168	0.00252	0.01052	0.00463	0.00421
17	0.01862	0.02376	0.01413	0.01284	0.01541	0.80482	0.00963	0.01990	0.01413	0.01220	0.00770	0.00899	0.00642	0.00514	0.00449	0.00128	0.00899	0.00321	0.00257	0.00578
18	0.00929	0.00465	0.00465	0.00465	0.00581	0.00465	0.00348	0.01161	0.01045	0.01858	0.01626	0.01858	0.01278	0.00581	0.00348	0.00116	0.00232	0.00465	0.85250	0.00465
19	0.00768	0.00552	0.00767	0.00858	0.00958	0.00561	0.00719	0.00967	0.01063	0.01399	0.02459	0.10187	0.04233	0.06023	0.11881	0.00319	0.00566	0.54847	0.00424	0.00444
20	0.01091	0.01091	0.01527	0.01309	0.01309	0.01527	0.01091	0.01200	0.00763	0.01200	0.00654	0.01091	0.00654	0.00872	0.01636	0.00218	0.81570	0.00436	0.00218	0.00545
21	0.00652	0.00511	0.00592	0.00581	0.00724	0.00451	0.00442	0.00831	0.01258	0.01642	0.37546	0.04368	0.42314	0.01161	0.00594	0.00166	0.00256	0.04967	0.00500	0.00445
22	0.00612	0.00444	0.00569	0.00666	0.00708	0.00411	0.00445	0.00698	0.00962	0.01264	0.02931	0.69677	0.11348	0.05828	0.00732	0.00214	0.00296	0.01341	0.00454	0.00401
23	0.01151	0.00914	0.01131	0.00878	0.04337	0.00719	0.02284	0.02716	0.01094	0.07559	0.00978	0.01101	0.00780	0.00396	0.00391	0.00086	0.00395	0.00326	0.00320	0.72444
24	0.03116	0.49915	0.17369	0.01012	0.01464	0.01616	0.04033	0.04700	0.01074	0.01386	0.01015	0.01140	0.04838	0.00594	0.02727	0.00148	0.02601	0.00360	0.00243	0.00647
25	0.00606	0.00438	0.00574	0.00684	0.00720	0.00406	0.00458	0.00695	0.00964	0.01276	0.02870	0.78048	0.07327	0.01546	0.00634	0.00201	0.00287	0.01398	0.00463	0.00406
26	0.01287	0.14547	0.12327	0.17360	0.16028	0.08497	0.01236	0.01557	0.01080	0.08919	0.00942	0.01171	0.00743	0.00598	0.02287	0.00167	0.09926	0.00400	0.00265	0.00663
27	0.01299	0.02510	0.16870	0.08851	0.07484	0.00978	0.02972	0.04435	0.01144	0.20643	0.03864	0.08026	0.01235	0.04103	0.05192	0.00215	0.08596	0.00552	0.00365	0.00664
28	0.00610	0.00455	0.00569	0.00647	0.00714	0.00413	0.00445	0.00717	0.01028	0.01342	0.08871	0.59258	0.20205	0.01455	0.00622	0.00192	0.00277	0.01298	0.00469	0.00413
29	0.01000	0.02578	0.79900	0.01421	0.02157	0.01158	0.01842	0.01579	0.01052	0.01579	0.00895	0.01052	0.00631	0.00474	0.00474	0.00158	0.00737	0.00368	0.00210	0.00737
30	0.01259	0.01630	0.18945	0.02174	0.38670	0.10723	0.04690	0.02990	0.06147	0.01597	0.00969	0.01190	0.00776	0.00502	0.00559	0.00154	0.05607	0.00426	0.00260	0.00734
31	0.01041	0.01111	0.10576	0.15520	0.26623	0.02103	0.04467	0.03500	0.01114	0.03852	0.02917	0.20301	0.03230	0.00757	0.00533	0.00166	0.00545	0.00691	0.00318	0.00634
32	0.00735	0.00547	0.00703	0.00687	0.00734	0.00602	0.00481	0.00820	0.00800	0.01099	0.02926	0.02788	0.08241	0.40793	0.29505	0.00543	0.06643	0.00668	0.00301	0.00382
33	0.05404	0.01204	0.01335	0.01173	0.07746	0.02359	0.00872	0.36498	0.16965	0.02431	0.01248	0.01276	0.00937	0.00547	0.00464	0.00138	0.00482	0.00430	0.00426	0.18064
34	0.02523	0.00620	0.00750	0.00679	0.00854	0.02101	0.03500	0.02356	0.01274	0.03640	0.36682	0.07874	0.30361	0.01050	0.00571	0.00160	0.00299	0.00907	0.00484	0.03318
35	0.01122	0.10496	0.48201	0.03526	0.09566	0.01270	0.07720	0.05835	0.02368	0.01625	0.00948	0.01172	0.00722	0.00492	0.00489	0.00154	0.01678	0.01653	0.00243	0.00722
36	0.01417	0.49148	0.08598	0.07670	0.01590	0.10719	0.00999	0.10078	0.01219	0.03296	0.00821	0.00941	0.00679	0.00470	0.00386	0.00124	0.00602	0.00322	0.00260	0.00662
37	0.82669	0.00959	0.00749	0.00665	0.00976	0.01103	0.00547	0.01504	0.00871	0.05320	0.00745	0.00845	0.00567	0.00469	0.00316	0.00154	0.00387	0.00279	0.00321	0.00552
38	0.00624	0.00444	0.00584	0.00678	0.00713	0.00416	0.00452	0.00719	0.00980	0.01317	0.09598	0.69604	0.03322	0.07085	0.00763	0.00218	0.00298	0.01323	0.00459	0.00404
39	0.00701	0.00509	0.00659	0.00622	0.00742	0.00468	0.00466	0.00931	0.01399	0.01971	0.75949	0.03769	0.07881	0.01029	0.00588	0.00157	0.00236	0.00908	0.00545	0.00468
40	0.00682	0.00509	0.00633	0.00602	0.00730	0.00460	0.00452	0.00895	0.01355	0.01866	0.63988	0.03943	0.19908	0.01069	0.00588	0.00159	0.00239	0.00932	0.00531	0.00460
41	0.00636	0.00507	0.00570	0.00554	0.00702	0.00441	0.00415	0.00806	0.01246	0.01608	0.34719	0.04367	0.49338	0.01165	0.00589	0.00164	0.00246	0.00992	0.00497	0.00441
42	0.86003	0.00964	0.00733	0.00655	0.00964	0.01118	0.00540	0.01465	0.00848	0.02236	0.00694	0.00810	0.00540	0.00463	0.00308	0.00154	0.00386	0.00270	0.00308	0.00540
43	0.00711	0.00508	0.00653	0.00617	0.00736	0.00469	0.00463	0.00942	0.01388	0.01973	0.73734	0.03684	0.06911	0.01009	0.00579	0.00156	0.00236	0.00889	0.03877	0.00469
44	0.01091	0.01091	0.01527	0.01309	0.01309	0.01527	0.01091	0.01200	0.00763	0.01200	0.00654	0.01091	0.00654	0.00872	0.01636	0.00218	0.81570	0.00436	0.00218	0.00545
45	0.01783	0.01289	0.01377	0.01068	0.01434	0.01421	0.00878	0.68880	0.02194	0.02993	0.01246	0.01273	0.00897	0.00596	0.00481	0.00146	0.00512	0.00451	0.10276	0.00803
46	0.10103	0.00864	0.01100	0.00845	0.01231	0.00761	0.00696	0.02183	0.01320	0.62058	0.01703	0.01525	0.01102	0.00570	0.00465	0.00144	0.00413	0.00452	0.00545	0.11921
47	0.01234	0.01184	0.02023	0.03059	0.79373	0.01184	0.01530	0.01530	0.01135	0.01628	0.00938	0.01234	0.00790	0.00444	0.00493	0.00148	0.00592	0.00444	0.00247	0.00790
48	0.00725	0.00483	0.00544	0.00544	0.00544	0.00483	0.00302	0.00725	0.00725	0.00966	0.01571	0.03262	0.01812	0.82483	0.02537	0.00483	0.00483	0.00725	0.00302	0.00302
49	0.01436	0.08873	0.26347	0.01153	0.01619	0.06527	0.01159	0.17342	0.16518	0.10171	0.01309	0.03198	0.00978	0.00578	0.00477	0.00153	0.00581	0.00450	0.00379	0.00754
50	0.01862	0.02376	0.01413	0.01284	0.01541	0.80482	0.00963	0.01990	0.01413	0.01220	0.00770	0.00899	0.00642	0.00514	0.00449	0.00128	0.00899	0.00321	0.00257	0.00578
51	0.01000	0.02578	0.79900	0.01421	0.02157	0.01158	0.01842	0.01579	0.01052	0.01579	0.00895	0.01052	0.00631	0.00474	0.00474	0.00158	0.00737	0.00368	0.00210	0.00737
52	0.01150	0.01096	0.01850	0.25544	0.55696	0.01163	0.01471	0.01482	0.02882	0.01537	0.00948	0.01276	0.00770	0.00465	0.00495	0.00154	0.00608	0.00447	0.00245	0.00722
53	0.01373	0.43156	0.05074	0.00986	0.02565	0.11236	0.00882	0.12700	0.02873	0.01552	0.03808	0.02717	0.06210	0.00577	0.00437	0.00130	0.02366	0.00412	0.00300	0.00645
54	0.04618	0.01265	0.01374	0.01073	0.01443	0.01386	0.00881	0.60470	0.05994	0.08865	0.04610	0.01382	0.01075	0.00692	0.02393	0.00167	0.00531	0.00474	0.00498	0.00809
55	0.01722	0.02877	0.04635	0.01560	0.21006	0.01116	0.03336	0.18162	0.02605	0.30833	0.02722	0.01430	0.01028	0.00573	0.00546	0.00154	0.03980	0.00473	0.00443	0.00799
56	0.01710	0.02100	0.01521	0.05416	0.14950	0.63114	0.01080	0.01877	0.01345	0.01292	0.00805	0.00977	0.00668	0.00501	0.00459	0.00134	0.00835	0.00348	0.00253	0.00613
57	0.00620	0.00501	0.00551	0.00549	0.00695	0.00433	0.00408	0.00772	0.01195	0.01510	0.24021	0.09591	0.54969	0.01219	0.00592	0.00168	0.00250	0.01037	0.00485	0.00433
58	0.05345	0.00756	0.05596	0.02340	0.02278	0.03726	0.02446	0.02744	0.01054	0.04629	0.04651	0.54372	0.05654	0.01242	0.00583	0.00186	0.00379	0.01106	0.00428	0.00485
59	0.01949	0.07949	0.01453	0.01030	0.01405	0.03324	0.00861	0.36208	0.01777	0.33285	0.01427	0.01350	0.00970	0.00601	0.00532	0.00150	0.03965	0.00451	0.00504	0.00811
60	0.02236	0.00848	0.01157	0.00887	0.01272	0.00733	0.00733	0.02429	0.01427	0.79719	0.01966	0.01697	0.01234	0.00617	0.00501	0.00154	0.00424	0.00501	0.00617	0.00848
61	0.00762	0.00519	0.00660	0.00632	0.00761	0.00470	0.00471	0.00961	0.01317	0.06154	0.54898	0.13314	0.15007	0.01097	0.00589	0.00164	0.00255	0.00963	0.00530	0.00476
62	0.01160	0.03045	0.06396	0.06819	0.06684	0.01257	0.63859	0.01571	0.01154	0.01569	0.00986	0.01313	0.00744	0.00429	0.00567	0.00165	0.00805	0.00555	0.00247	0.00674
63	0.00957	0.00902	0.01523	0.77130	0.07467	0.01112	0.01392	0.01287	0.01004	0.01292	0.00889	0.01324	0.00671	0.00495	0.00498	0.00165	0.00661	0.00443	0.00223	0.00566
64	0.00742	0.00578	0.00858	0.00841	0.00923	0.00695	0.00660	0.00915	0.00798	0.01160	0.01281	0.01890	0.01199	0.03512	0.74267	0.00755	0.07684	0.00526	0.00263	0.00453
65	0.21314	0.08408	0.08505	0.01145	0.02716	0.47279	0.00945	0.01784	0.01212	0.01492	0.00761	0.00890	0.00620	0.00490	0.00409	0.00136	0.00731	0.00311	0.00261	0.00592
66	0.00593	0.00502	0.00513	0.00517	0.00677	0.00422	0.00385	0.00721	0.01136	0.01362	0.07087	0.08068	0.73785	0.01268	0.00591	0.00169	0.00254	0.01063	0.00465	0.00422
67	0.08700	0.01173	0.05169	0.04013	0.11189	0.05758	0.05778	0.07921	0.18636	0.04168	0.02714	0.07250	0.04310	0.00702	0.00618	0.00168	0.08735	0.01961	0.00371	0.00666
68	0.01091	0.01091	0.01527	0.01309	0.01309	0.01527	0.01091	0.01200	0.00763	0.01200	0.00654	0.01091	0.00654	0.00872	0.01636	0.00218	0.81570	0.00436	0.00218	0.00545
69	0.01034	0.00886	0.01034	0.00738	0.01181	0.00664	0.00591	0.01255	0.01034	0.01624	0.00886	0.01034	0.00738	0.00369	0.00369	0.00074	0.00369	0.00295	0.00295	0.85530
70	0.00690	0.00509	0.00645	0.00611	0.00735	0.00464	0.00458	0.00911	0.01375	0.01913	0.69401	0.03864	0.14466	0.01051	0.00588	0.00158	0.00237	0.00921	0.00537	0.00464
71	0.00703	0.00509	0.00659	0.00622	0.00738	0.00469	0.00464	0.00930	0.01388	0.01957	0.75339	0.03741	0.06585	0.02950	0.00634	0.00165	0.00241	0.00901	0.00541	0.00465
72	0.01862	0.02376	0.01413	0.01284	0.01541	0.80482	0.00963	0.01990	0.01413	0.01220	0.00770	0.00899	0.00642	0.00514	0.00449	0.00128	0.00899	0.00321	0.00257	0.00578
73	0.01333	0.82783	0.02612	0.00853	0.01279	0.01972	0.00853	0.01493	0.01013	0.01173	0.00693	0.00800	0.00640	0.00426	0.00320	0.00107	0.00533	0.00267	0.00213	0.00640
74	0.01582	0.01029	0.01292	0.02373	0.07518	0.05869	0.04091	0.11345	0.04035	0.28535	0.07361	0.06250	0.01406	0.01941	0.00593	0.00156	0.04692	0.00547	0.00454	0.08929
75	0.05813	0.07825	0.13856	0.06142	0.11648	0.18436	0.02345	0.05335	0.11665	0.01615	0.03543	0.01285	0.00944	0.02382	0.00573	0.00158	0.05052	0.00422	0.00299	0.00663
76	0.09238	0.01103	0.03444	0.00983	0.01230	0.07542	0.00807	0.28461	0.01508	0.03410	0.01651	0.18839	0.01630	0.00979	0.02421	0.00189	0.03269	0.12249	0.00426	0.00621
77	0.04931	0.08388	0.07815	0.07149	0.01604	0.01219	0.07676	0.25333	0.08236	0.06794	0.08205	0.03068	0.03202	0.00623	0.00489	0.00152	0.00518	0.00517	0.03381	0.00699
78	0.00782	0.00569	0.00762	0.00848	0.00951	0.00573	0.00696	0.01045	0.05707	0.01486	0.06810	0.19408	0.02898	0.04851	0.02098	0.00237	0.00427	0.48932	0.00458	0.00462
79	0.00866	0.00433	0.00649	0.00649	0.00649	0.00433	0.00433	0.00649	0.00649	0.00866	0.00866	0.01515	0.00866	0.01732	0.01948	0.85498	0.00433	0.00433	0.00216	0.00216
80	0.01250	0.04732	0.10547	0.25423	0.10157	0.16353	0.06986	0.06059	0.01168	0.01459	0.00912	0.03065	0.00747	0.00551	0.00598	0.00159	0.08513	0.00438	0.00253	0.00629
81	0.01600	0.18563	0.04718	0.03279	0.07307	0.17518	0.00947	0.03210	0.07587	0.21169	0.01273	0.01432	0.00984	0.00634	0.01909	0.00157	0.03022	0.03629	0.00367	0.00694
82	0.00680	0.00472	0.00580	0.00640	0.00720	0.00447	0.00459	0.00814	0.01019	0.01402	0.06398	0.39787	0.16554	0.04663	0.04906	0.00227	0.00348	0.06760	0.12702	0.00422
83	0.56748	0.07759	0.04326	0.03399	0.01195	0.10300	0.00712	0.03272	0.00978	0.01961	0.00756	0.00893	0.00599	0.00484	0.00376	0.00148	0.02398	0.00299	0.02832	0.00566
84	0.00636	0.00502	0.00550	0.00544	0.00691	0.00436	0.00406	0.00795	0.01200	0.01544	0.25111	0.07456	0.52416	0.01178	0.00580	0.00164	0.00248	0.01000	0.04105	0.00436
85	0.01081	0.00989	0.01383	0.14793	0.08270	0.03416	0.08579	0.05946	0.12133	0.01661	0.07157	0.01976	0.09478	0.00693	0.00647	0.00163	0.10088	0.01968	0.04410	0.05169
86	0.00929	0.00465	0.00465	0.00465	0.00581	0.00465	0.00348	0.01161	0.01045	0.01858	0.01626	0.01858	0.01278	0.00581	0.00348	0.00116	0.00232	0.00465	0.85250	0.00465
87	0.00866	0.00433	0.00649	0.00649	0.00649	0.00433	0.00433	0.00649	0.00649	0.00866	0.00866	0.01515	0.00866	0.01732	0.01948	0.85498	0.00433	0.00433	0.00216	0.00216
88	0.01034	0.00886	0.01034	0.00738	0.01181	0.00664	0.00591	0.01255	0.01034	0.01624	0.00886	0.01034	0.00738	0.00369	0.00369	0.00074	0.00369	0.00295	0.00295	0.85530
89	0.01425	0.01163	0.01232	0.01052	0.01367	0.01326	0.00834	0.23911	0.56909	0.02384	0.01793	0.01672	0.01331	0.00654	0.00505	0.00164	0.00438	0.00531	0.00505	0.00806
90	0.00613	0.00448	0.00577	0.00673	0.00724	0.00412	0.00459	0.00713	0.00998	0.01314	0.06058	0.68434	0.12346	0.01501	0.00630	0.00197	0.00286	0.02742	0.00466	0.00410
91	0.00663	0.00473	0.00610	0.00665	0.00741	0.00440	0.00477	0.00814	0.01124	0.01538	0.25937	0.43555	0.09598	0.01319	0.00609	0.00184	0.00279	0.06432	0.04107	0.00432
92	0.00664	0.00508	0.00617	0.00656	0.00776	0.00462	0.00507	0.00828	0.01162	0.01500	0.19379	0.18774	0.33209	0.01292	0.00619	0.00186	0.00301	0.17644	0.00480	0.00437
93	0.00683	0.00504	0.00626	0.00694	0.00771	0.00476	0.00488	0.04808	0.01078	0.01411	0.04941	0.59929	0.15908	0.01440	0.00622	0.00194	0.00302	0.04225	0.00467	0.00435
94	0.59181	0.07229	0.01050	0.00782	0.01121	0.01262	0.00656	0.17745	0.01197	0.04668	0.00839	0.00918	0.00634	0.00493	0.00356	0.00150	0.00433	0.00315	0.00351	0.00622
95	0.01014	0.00863	0.01014	0.00744	0.01164	0.00655	0.00596	0.01233	0.01036	0.01611	0.01000	0.03139	0.00884	0.00438	0.00388	0.00083	0.00371	0.03336	0.00306	0.80126
96	0.13233	0.06952	0.05722	0.06657	0.07506	0.16384	0.03734	0.18041	0.08603	0.01909	0.01032	0.01217	0.00821	0.04027	0.00560	0.00163	0.02031	0.00409	0.00332	0.00669
97	0.52881	0.01109	0.01004	0.02950	0.01215	0.10201	0.04726	0.02822	0.01041	0.12013	0.00980	0.03441	0.00761	0.00525	0.00383	0.00153	0.00477	0.00369	0.02358	0.00590
98	0.01305	0.01520	0.14252	0.05946	0.18853	0.13143	0.16913	0.04855	0.01256	0.06931	0.07431	0.03084	0.01133	0.00546	0.00515	0.00154	0.00668	0.00504	0.00307	0.00685
99	0.00999	0.00821	0.00963	0.00719	0.01108	0.00629	0.00568	0.01207	0.01062	0.03540	0.04406	0.05386	0.06483	0.00522	0.00409	0.00092	0.00353	0.00432	0.00333	0.69967
100	0.00626	0.00469	0.00579	0.00658	0.00732	0.00429	0.00466	0.00734	0.01012	0.01301	0.03308	0.50531	0.23664	0.04917	0.00710	0.00208	0.00304	0.08488	0.00456	0.00410
101	0.00866	0.00525	0.00665	0.00657	0.00739	0.00503	0.00453	0.00967	0.00994	0.10098	0.14515	0.19878	0.04267	0.33232	0.06142	0.00336	0.00440	0.03875	0.00419	0.00430
102	0.00777	0.00611	0.00703	0.00717	0.00835	0.04725	0.00548	0.00964	0.01246	0.02895	0.37100	0.18865	0.12337	0.01180	0.00606	0.00178	0.00326	0.14433	0.00492	0.00462
103	0.00670	0.00493	0.00653	0.00700	0.00759	0.00468	0.02666	0.00790	0.02401	0.01294	0.05622	0.52515	0.08333	0.15552	0.00955	0.00245	0.00340	0.03146	0.01991	0.00408
104	0.00899	0.00680	0.00881	0.00864	0.01034	0.00691	0.02973	0.01360	0.16758	0.03981	0.21844	0.06450	0.08040	0.01094	0.00610	0.00190	0.00381	0.30238	0.00490	0.00542
105	0.86003	0.00964	0.00733	0.00655	0.00964	0.01118	0.00540	0.01465	0.00848	0.02236	0.00694	0.00810	0.00540	0.00463	0.00308	0.00154	0.00386	0.00270	0.00308	0.00540
106	0.01017	0.06838	0.75795	0.01391	0.02111	0.01201	0.01789	0.01574	0.01050	0.01557	0.00884	0.01039	0.00632	0.00471	0.00465	0.00155	0.00726	0.00363	0.00211	0.00731
107	0.70862	0.05909	0.01003	0.00776	0.01103	0.02375	0.04673	0.03707	0.02664	0.02146	0.00756	0.00873	0.00590	0.00468	0.00336	0.00152	0.00431	0.00299	0.00309	0.00568
108	0.03554	0.01110	0.01502	0.01289	0.01303	0.02966	0.01072	0.01222	0.00778	0.01230	0.00658	0.01079	0.00651	0.00854	0.01576	0.00215	0.77747	0.00429	0.00221	0.00546
109	0.11236	0.00916	0.01410	0.29406	0.24796	0.01009	0.02236	0.01330	0.01025	0.04221	0.03078	0.03333	0.03215	0.03451	0.07110	0.00222	0.00622	0.00494	0.00280	0.00607
110	0.01324	0.32062	0.26042	0.01183	0.05466	0.03915	0.02974	0.05107	0.01159	0.10215	0.01143	0.02597	0.03744	0.00525	0.00431	0.00138	0.00591	0.00400	0.00288	0.00696
111	0.01019	0.16870	0.35499	0.01124	0.01566	0.02407	0.04467	0.01395	0.04299	0.01393	0.01237	0.08069	0.02906	0.11348	0.00786	0.00198	0.04018	0.00518	0.00265	0.00616
112	0.00667	0.00465	0.00603	0.00690	0.00753	0.00428	0.00482	0.00774	0.01012	0.03575	0.04877	0.64192	0.11970	0.01475	0.00629	0.00198	0.00298	0.06018	0.00469	0.00424
113	0.00843	0.02902	0.12889	0.09077	0.03944	0.00784	0.09196	0.01085	0.01041	0.01428	0.12069	0.18096	0.07044	0.13412	0.00874	0.00218	0.01787	0.00780	0.02016	0.00514
114	0.00965	0.03964	0.04277	0.07824	0.04984	0.00784	0.00746	0.11557	0.02403	0.03935	0.03305	0.39906	0.04953	0.02405	0.00619	0.01614	0.00412	0.02724	0.02084	0.00539
115	0.00720	0.00522	0.00706	0.00702	0.00765	0.00571	0.00506	0.00844	0.00842	0.01187	0.07896	0.04943	0.03355	0.27387	0.43412	0.00599	0.02334	0.00657	0.01648	0.00404
116	0.00915	0.00656	0.00753	0.00694	0.00882	0.00642	0.00529	0.01356	0.17847	0.08549	0.29221	0.05020	0.27219	0.02733	0.00606	0.00171	0.00298	0.00848	0.00512	0.00551
117	0.17634	0.07484	0.09302	0.08517	0.32017	0.01268	0.01207	0.10590	0.04272	0.01874	0.00938	0.01130	0.00740	0.00481	0.00444	0.00150	0.00555	0.00395	0.00291	0.00712
118	0.04614	0.00930	0.02536	0.00967	0.03498	0.05784	0.05903	0.05830	0.09850	0.15463	0.26198	0.02527	0.07399	0.04265	0.00619	0.00172	0.00427	0.01925	0.00472	0.00620
119	0.02060	0.00843	0.01116	0.00882	0.01240	0.00759	0.00724	0.02355	0.07717	0.67929	0.01979	0.01835	0.01309	0.00643	0.00501	0.00156	0.00415	0.02789	0.03931	0.00817
120	0.00620	0.00453	0.00585	0.00676	0.00732	0.00418	0.00468	0.00728	0.01016	0.01341	0.08339	0.64329	0.12347	0.01481	0.00629	0.00196	0.00288	0.04470	0.00469	0.00414
121	0.01363	0.07637	0.12928	0.10002	0.23665	0.03201	0.05635	0.08548	0.06307	0.10972	0.01113	0.01269	0.00838	0.00520	0.00530	0.00154	0.03824	0.00439	0.00320	0.00737
122	0.00807	0.00646	0.00892	0.00843	0.00890	0.00789	0.00641	0.00926	0.00780	0.01137	0.01247	0.02087	0.01255	0.22851	0.40834	0.00571	0.19323	0.00558	0.02490	0.00432
123	0.00720	0.00502	0.00640	0.00640	0.00674	0.00536	0.00423	0.00787	0.00753	0.01038	0.01482	0.02772	0.01600	0.52909	0.31820	0.00603	0.00803	0.00653	0.00289	0.00356
124	0.09672	0.01193	0.04839	0.07852	0.47331	0.01180	0.02643	0.07926	0.04965	0.06127	0.01041	0.01246	0.00814	0.00484	0.00478	0.00152	0.00564	0.00436	0.00304	0.00752
125	0.05099	0.07475	0.10762	0.06263	0.05335	0.05154	0.03673	0.31139	0.07192	0.04761	0.01144	0.01313	0.00881	0.05193	0.00589	0.00167	0.00576	0.00439	0.00375	0.02470

[dist]
# distance from previous block
# <min> <max>
6	8

[block]
# block no. 4 follows, 50 sequences, length 7
# corresponding to MSA columns:
# 421-427
name=unknown_E
#
# <colnr> <probs for GDERKNQSTAVLIFYWHMCP>
#	G	D	E	R	K	N	Q	S	T	A	V	L	I	F	Y	W	H	M	C	P
0	0.00609	0.00453	0.00568	0.00651	0.00714	0.00412	0.00446	0.00713	0.01019	0.01330	0.07697	0.61393	0.19244	0.01467	0.00624	0.00193	0.00278	0.01311	0.00468	0.00412
1	0.01146	0.00959	0.01092	0.00810	0.01232	0.00817	0.00649	0.09506	0.09063	0.01832	0.01035	0.01135	0.00830	0.00425	0.00397	0.00092	0.00391	0.00339	0.00338	0.67914
2	0.00728	0.00787	0.09232	0.00872	0.01065	0.00595	0.08458	0.00923	0.01055	0.01394	0.07467	0.33117	0.20190	0.06118	0.00719	0.00202	0.00404	0.05791	0.00410	0.00472
3	0.01238	0.01114	0.03145	0.07007	0.17109	0.07471	0.08874	0.10456	0.03223	0.07933	0.05042	0.04042	0.17332	0.00722	0.00562	0.00159	0.02926	0.00623	0.00373	0.00649
4	0.00898	0.00841	0.04215	0.05341	0.01321	0.00718	0.10132	0.05655	0.01130	0.01558	0.04255	0.26094	0.12386	0.00900	0.00532	0.00152	0.00425	0.00810	0.00375	0.22262
5	0.01676	0.03198	0.01165	0.04001	0.01298	0.04218	0.00748	0.19441	0.03559	0.33488	0.10150	0.02080	0.09411	0.02585	0.00558	0.00161	0.00448	0.00578	0.00515	0.00722
6	0.01245	0.07440	0.01390	0.06916	0.05375	0.07123	0.05903	0.08320	0.13727	0.06292	0.02675	0.03452	0.03281	0.04192	0.07812	0.00218	0.02723	0.00504	0.01768	0.09646

[dist]
# distance from previous block
# <min> <max>
5	9

[block]
# block no. 5 follows, 50 sequences, length 11
# corresponding to MSA columns:
# 450-460
name=unknown_F
#
# <colnr> <probs for GDERKNQSTAVLIFYWHMCP>
#	G	D	E	R	K	N	Q	S	T	A	V	L	I	F	Y	W	H	M	C	P
0	0.17218	0.15332	0.05561	0.07752	0.04388	0.06619	0.00930	0.25896	0.03374	0.04309	0.00992	0.01138	0.00771	0.03105	0.00492	0.00155	0.00550	0.00384	0.00348	0.00686
1	0.07162	0.04017	0.03702	0.01140	0.08230	0.15488	0.00840	0.07467	0.11318	0.06240	0.07017	0.05366	0.04094	0.00676	0.00552	0.01874	0.04129	0.00509	0.02254	0.07922
2	0.00611	0.00443	0.00577	0.00675	0.00720	0.00409	0.00456	0.00708	0.00992	0.01314	0.06710	0.71874	0.09652	0.01510	0.00630	0.00197	0.00283	0.01361	0.00467	0.00409
3	0.00907	0.00770	0.01211	0.14442	0.11856	0.00806	0.07114	0.07017	0.01106	0.01491	0.01824	0.36422	0.01958	0.01232	0.06776	0.00230	0.00543	0.03389	0.00365	0.00542
4	0.00724	0.00487	0.00563	0.00563	0.00570	0.00494	0.00327	0.00737	0.00731	0.00981	0.01553	0.03162	0.01769	0.76468	0.08493	0.00508	0.00548	0.00710	0.00299	0.00313
5	0.01034	0.00886	0.01034	0.00738	0.01181	0.00664	0.00591	0.01255	0.01034	0.01624	0.00886	0.01034	0.00738	0.00369	0.00369	0.00074	0.00369	0.00295	0.00295	0.85530
6	0.48375	0.01069	0.01020	0.00833	0.01180	0.01178	0.00688	0.23420	0.01370	0.15059	0.01044	0.01064	0.00740	0.00526	0.00394	0.00153	0.00438	0.00359	0.00413	0.00678
7	0.01234	0.01184	0.02023	0.03059	0.79373	0.01184	0.01530	0.01530	0.01135	0.01628	0.00938	0.01234	0.00790	0.00444	0.00493	0.00148	0.00592	0.00444	0.00247	0.00790
8	0.00627	0.00491	0.00568	0.00582	0.00705	0.00432	0.00424	0.00776	0.01176	0.01520	0.26070	0.21297	0.41043	0.01257	0.00599	0.00172	0.00255	0.01088	0.00488	0.00432
9	0.01570	0.01166	0.11627	0.01080	0.01444	0.01002	0.05940	0.05388	0.15914	0.32560	0.03993	0.01694	0.03357	0.00647	0.00606	0.00163	0.07694	0.00519	0.02886	0.00750
10	0.04784	0.00796	0.00951	0.12291	0.01324	0.04670	0.02977	0.03437	0.08761	0.04201	0.07261	0.14383	0.14450	0.00973	0.02844	0.00184	0.03128	0.02422	0.09628	0.00534

[dist]
# distance from previous block
# <min> <max>
2	51

[block]
# block no. 6 follows, 50 sequences, length 18
# corresponding to MSA columns:
# 512-529
name=unknown_G
#
# <colnr> <probs for GDERKNQSTAVLIFYWHMCP>
#	G	D	E	R	K	N	Q	S	T	A	V	L	I	F	Y	W	H	M	C	P
0	0.15867	0.05665	0.27665	0.01083	0.01549	0.06642	0.02435	0.06929	0.06306	0.03282	0.03844	0.01166	0.00870	0.00514	0.00466	0.00143	0.02887	0.00380	0.00303	0.12004
1	0.01003	0.00860	0.01231	0.11613	0.17890	0.02557	0.03828	0.07422	0.02935	0.01541	0.04132	0.12125	0.06133	0.10679	0.06608	0.00249	0.02405	0.02497	0.03726	0.00565
2	0.00645	0.00471	0.00603	0.00662	0.00723	0.00453	0.00459	0.00751	0.00969	0.01286	0.08117	0.43737	0.13732	0.12028	0.10757	0.00305	0.00439	0.03033	0.00424	0.00405
3	0.01687	0.00752	0.00979	0.00795	0.01098	0.00669	0.00640	0.01941	0.05325	0.51194	0.16001	0.02491	0.12647	0.00780	0.00529	0.00157	0.00366	0.00651	0.00578	0.00719
4	0.00637	0.00502	0.00566	0.00558	0.00693	0.00440	0.00410	0.00792	0.01200	0.01546	0.30072	0.08130	0.46057	0.05348	0.00691	0.00182	0.00260	0.01002	0.00484	0.00431
5	0.02024	0.01189	0.01367	0.01048	0.01442	0.01238	0.00866	0.49193	0.01996	0.32150	0.01488	0.01386	0.00994	0.00605	0.00500	0.00151	0.00501	0.00469	0.00543	0.00848
6	0.01333	0.82783	0.02612	0.00853	0.01279	0.01972	0.00853	0.01493	0.01013	0.01173	0.00693	0.00800	0.00640	0.00426	0.00320	0.00107	0.00533	0.00267	0.00213	0.00640
7	0.01583	0.01142	0.01246	0.01038	0.01371	0.01265	0.00831	0.26082	0.43980	0.13192	0.01760	0.01630	0.01271	0.00644	0.00504	0.00161	0.00447	0.00519	0.00520	0.00816
8	0.82015	0.00970	0.00770	0.00686	0.00980	0.01137	0.00566	0.01453	0.00844	0.02188	0.00692	0.00823	0.00545	0.00482	0.00371	0.00157	0.04199	0.00278	0.00304	0.00540
9	0.01767	0.02217	0.01427	0.01287	0.01512	0.70763	0.00979	0.01893	0.01333	0.01217	0.00756	0.00922	0.00644	0.00558	0.00595	0.00139	0.10828	0.00335	0.00252	0.00574
10	0.01539	0.01800	0.01464	0.01289	0.01444	0.44411	0.01016	0.04458	0.01174	0.01282	0.00737	0.00990	0.00655	0.00667	0.00949	0.00167	0.34759	0.00374	0.00250	0.00574
11	0.00941	0.00886	0.01495	0.81285	0.03433	0.01107	0.01384	0.01274	0.00997	0.01274	0.00886	0.01329	0.00664	0.00498	0.00498	0.00166	0.00664	0.00443	0.00221	0.00554
12	0.00618	0.00506	0.00544	0.00535	0.00691	0.00433	0.00401	0.00770	0.01203	0.01506	0.23168	0.04534	0.60953	0.01203	0.00589	0.00165	0.00248	0.01015	0.00484	0.00433
13	0.00618	0.00456	0.00572	0.00647	0.00709	0.00417	0.00442	0.00723	0.01023	0.01343	0.10373	0.57419	0.17396	0.04531	0.00695	0.00202	0.00285	0.01274	0.00465	0.00410
14	0.00624	0.00491	0.00553	0.00567	0.00689	0.00432	0.00408	0.00757	0.01132	0.01440	0.19226	0.18964	0.45373	0.06205	0.00716	0.00192	0.00270	0.01070	0.00470	0.00420
15	0.00983	0.00688	0.00801	0.00762	0.00927	0.00701	0.00577	0.03251	0.19165	0.08454	0.12283	0.10225	0.13390	0.15210	0.00916	0.00231	0.00374	0.10050	0.00470	0.00543
16	0.06632	0.29040	0.04499	0.03186	0.08765	0.18344	0.06024	0.06444	0.04436	0.04485	0.00959	0.03354	0.00805	0.00513	0.00425	0.00135	0.00622	0.00389	0.00287	0.00658
17	0.08432	0.04168	0.04970	0.01221	0.11149	0.08029	0.05000	0.13772	0.07742	0.03605	0.04092	0.05586	0.05462	0.01940	0.00502	0.00153	0.00497	0.00528	0.10431	0.02722

[dist]
# distance from previous block
# <min> <max>
3	15

[block]
# block no. 7 follows, 50 sequences, length 22
# corresponding to MSA columns:
# 562-583
name=unknown_H
#
# <colnr> <probs for GDERKNQSTAVLIFYWHMCP>
#	G	D	E	R	K	N	Q	S	T	A	V	L	I	F	Y	W	H	M	C	P
0	0.04031	0.00951	0.01316	0.04371	0.06227	0.00885	0.08953	0.10263	0.01259	0.14470	0.01461	0.06566	0.05100	0.00591	0.00489	0.00133	0.01808	0.00510	0.02924	0.27693
1	0.78148	0.03540	0.00818	0.00676	0.00993	0.01121	0.00562	0.01526	0.00889	0.06996	0.00773	0.00864	0.00586	0.00471	0.00321	0.00153	0.00393	0.00284	0.00325	0.00562
2	0.00732	0.00515	0.00624	0.03192	0.00698	0.00539	0.00396	0.00764	0.00761	0.01024	0.01621	0.10796	0.01853	0.65212	0.06090	0.00452	0.03321	0.00764	0.00311	0.00336
3	0.01188	0.01041	0.04828	0.10778	0.42001	0.00991	0.01212	0.01513	0.03869	0.09605	0.13634	0.01823	0.04146	0.00596	0.00513	0.00154	0.00514	0.00544	0.00345	0.00704
4	0.01333	0.82783	0.02612	0.00853	0.01279	0.01972	0.00853	0.01493	0.01013	0.01173	0.00693	0.00800	0.00640	0.00426	0.00320	0.00107	0.00533	0.00267	0.00213	0.00640
5	0.86003	0.00964	0.00733	0.00655	0.00964	0.01118	0.00540	0.01465	0.00848	0.02236	0.00694	0.00810	0.00540	0.00463	0.00308	0.00154	0.00386	0.00270	0.00308	0.00540
6	0.03801	0.21734	0.01737	0.01313	0.11824	0.19776	0.00961	0.17185	0.06531	0.01754	0.01074	0.01171	0.03189	0.00539	0.00471	0.00136	0.03030	0.00390	0.00318	0.03067
7	0.00687	0.00473	0.00570	0.00608	0.00628	0.00466	0.00378	0.00730	0.00819	0.01090	0.02043	0.27075	0.04576	0.50343	0.05317	0.00398	0.00455	0.02641	0.00357	0.00346
8	0.01292	0.05474	0.22385	0.04486	0.10817	0.04544	0.08644	0.09405	0.15466	0.06228	0.01231	0.03182	0.00946	0.00561	0.00530	0.00158	0.03113	0.00472	0.00334	0.00732
9	0.01236	0.12493	0.25841	0.01280	0.05891	0.08731	0.05170	0.06839	0.12896	0.03486	0.02634	0.02716	0.04775	0.00604	0.00483	0.00153	0.00603	0.03155	0.00323	0.00692
10	0.02184	0.00855	0.01147	0.00883	0.01260	0.00752	0.00728	0.04968	0.01446	0.74659	0.01929	0.01684	0.01222	0.00615	0.00496	0.00153	0.00422	0.00498	0.03261	0.00836
11	0.01001	0.01089	0.08558	0.44671	0.18581	0.01074	0.07007	0.01335	0.01042	0.01413	0.01052	0.06762	0.00888	0.00553	0.00507	0.00163	0.00632	0.00514	0.02544	0.00615
12	0.00721	0.00482	0.00545	0.00549	0.00550	0.00481	0.00307	0.00724	0.00732	0.00977	0.01609	0.05856	0.01861	0.79822	0.02475	0.00474	0.00477	0.00748	0.00307	0.00305
13	0.01735	0.07183	0.01424	0.01202	0.01448	0.67999	0.00913	0.01862	0.01332	0.01223	0.00822	0.01029	0.00712	0.04149	0.00559	0.00145	0.02717	0.00342	0.02639	0.00566
14	0.04816	0.04890	0.01332	0.01016	0.01370	0.12729	0.00827	0.28042	0.06300	0.28242	0.01419	0.01355	0.00984	0.00584	0.00473	0.00146	0.00530	0.00441	0.03735	0.00770
15	0.01034	0.00886	0.01034	0.00738	0.01181	0.00664	0.00591	0.01255	0.01034	0.01624	0.00886	0.01034	0.00738	0.00369	0.00369	0.00074	0.00369	0.00295	0.00295	0.85530
16	0.01173	0.01333	0.02878	0.02065	0.02547	0.01272	0.74129	0.01579	0.01158	0.01579	0.00993	0.01333	0.00752	0.00440	0.00635	0.00170	0.04466	0.00581	0.00251	0.00667
17	0.86003	0.00964	0.00733	0.00655	0.00964	0.01118	0.00540	0.01465	0.00848	0.02236	0.00694	0.00810	0.00540	0.00463	0.00308	0.00154	0.00386	0.00270	0.00308	0.00540
18	0.00668	0.00494	0.00627	0.00653	0.00744	0.00460	0.00467	0.00865	0.03383	0.01637	0.38016	0.35776	0.11841	0.01256	0.00605	0.00177	0.00264	0.01118	0.00503	0.00447
19	0.01305	0.03173	0.00835	0.00680	0.00896	0.00681	0.00537	0.05551	0.05553	0.22013	0.14164	0.02093	0.01806	0.03194	0.00510	0.00148	0.00325	0.00551	0.35382	0.00603
20	0.04574	0.00563	0.00658	0.00628	0.00698	0.00575	0.00421	0.02567	0.03345	0.03950	0.10255	0.02808	0.04239	0.42224	0.01755	0.12314	0.01889	0.02045	0.04108	0.00383
21	0.04596	0.02127	0.03437	0.04325	0.05922	0.00706	0.06141	0.00999	0.00970	0.03861	0.02044	0.44214	0.03862	0.07520	0.02460	0.00223	0.04731	0.00993	0.00381	0.00489

[dist]
# distance from previous block
# <min> <max>
1	3

[block]
# block no. 8 follows, 50 sequences, length 29
# corresponding to MSA columns:
# 605-619,624-628,630-638
name=unknown_I
#
# <colnr> <probs for GDERKNQSTAVLIFYWHMCP>
#	G	D	E	R	K	N	Q	S	T	A	V	L	I	F	Y	W	H	M	C	P
0	0.01536	0.25185	0.03417	0.02792	0.06947	0.20999	0.03274	0.17319	0.08412	0.01725	0.00969	0.01072	0.00777	0.00522	0.00471	0.00137	0.03065	0.00377	0.00313	0.00689
1	0.00947	0.07257	0.02404	0.00779	0.00989	0.00843	0.00625	0.07485	0.17946	0.01860	0.28853	0.10512	0.14141	0.00949	0.00547	0.00162	0.00340	0.02308	0.00480	0.00574
2	0.00609	0.00466	0.00559	0.00620	0.00707	0.00416	0.00433	0.00722	0.01058	0.01360	0.09932	0.47721	0.30787	0.01408	0.00615	0.00186	0.00271	0.01242	0.00470	0.00416
3	0.00865	0.00548	0.00713	0.00681	0.00791	0.00556	0.00497	0.00988	0.00931	0.09841	0.06032	0.02835	0.13600	0.25659	0.32702	0.00507	0.00765	0.00684	0.00360	0.00446
4	0.00701	0.00509	0.00660	0.00623	0.00742	0.00468	0.00467	0.00932	0.01401	0.01975	0.76388	0.03763	0.07441	0.01028	0.00588	0.00157	0.00236	0.00907	0.00546	0.00468
5	0.02025	0.00786	0.01045	0.00819	0.01161	0.00689	0.00671	0.02224	0.01365	0.67139	0.01911	0.01723	0.01241	0.00611	0.00477	0.00148	0.00393	0.00495	0.14291	0.00786
6	0.01333	0.82783	0.02612	0.00853	0.01279	0.01972	0.00853	0.01493	0.01013	0.01173	0.00693	0.00800	0.00640	0.00426	0.00320	0.00107	0.00533	0.00267	0.00213	0.00640
7	0.01423	0.01423	0.01213	0.01089	0.01368	0.22055	0.00839	0.04723	0.55961	0.01890	0.01673	0.01588	0.01270	0.00631	0.00492	0.00158	0.00532	0.00496	0.00441	0.00735
8	0.03653	0.04107	0.50710	0.01440	0.06143	0.22470	0.01531	0.01681	0.01147	0.01495	0.00854	0.01009	0.00640	0.00481	0.00460	0.00148	0.00758	0.00355	0.00228	0.00689
9	0.01862	0.02376	0.01413	0.01284	0.01541	0.80482	0.00963	0.01990	0.01413	0.01220	0.00770	0.00899	0.00642	0.00514	0.00449	0.00128	0.00899	0.00321	0.00257	0.00578
10	0.01091	0.01091	0.01527	0.01309	0.01309	0.01527	0.01091	0.01200	0.00763	0.01200	0.00654	0.01091	0.00654	0.00872	0.01636	0.00218	0.81570	0.00436	0.00218	0.00545
11	0.02089	0.00832	0.01116	0.00866	0.01227	0.00732	0.00712	0.04553	0.01444	0.70173	0.07201	0.01824	0.01460	0.00643	0.00503	0.00153	0.00410	0.00526	0.02722	0.00813
