[name]
unknown

[dist]
# distance from previous block
# <min> <max>
0	23

[block]
# block no. 0 follows, 55 sequences, length 118
# corresponding to MSA columns:
# 25-142
name=unknown_A
#
# <colnr> <probs for GDERKNQSTAVLIFYWHMCP>
#	G	D	E	R	K	N	Q	S	T	A	V	L	I	F	Y	W	H	M	C	P
0	0.03059	0.01040	0.06599	0.01024	0.01292	0.04836	0.10651	0.24652	0.01375	0.03029	0.03957	0.20991	0.01617	0.00820	0.00512	0.00159	0.00480	0.08551	0.04776	0.00582
1	0.33192	0.02905	0.08362	0.01037	0.01386	0.14673	0.11000	0.11886	0.05182	0.03852	0.00897	0.02099	0.00692	0.00480	0.00400	0.00142	0.00548	0.00363	0.00305	0.00600
2	0.25529	0.03088	0.07583	0.00862	0.01220	0.00927	0.03407	0.06719	0.05441	0.36314	0.01340	0.03572	0.00942	0.00541	0.00418	0.00145	0.00428	0.00419	0.00427	0.00678
3	0.01252	0.69575	0.02207	0.00824	0.01193	0.08241	0.00784	0.01397	0.00965	0.01114	0.00681	0.00827	0.00629	0.02499	0.00386	0.00110	0.02058	0.00268	0.00208	0.04780
4	0.00577	0.00565	0.04421	0.00515	0.00688	0.00430	0.00416	0.00708	0.01032	0.01245	0.04314	0.04214	0.71578	0.06448	0.00662	0.00176	0.00272	0.00931	0.00411	0.00400
5	0.00867	0.00434	0.00434	0.00434	0.00542	0.00434	0.00325	0.01084	0.00976	0.01734	0.01518	0.01734	0.01192	0.00542	0.00325	0.00108	0.00217	0.00434	0.86233	0.00434
6	0.00879	0.00827	0.01395	0.82532	0.03204	0.01034	0.01292	0.01189	0.00930	0.01189	0.00827	0.01240	0.00620	0.00465	0.00465	0.00155	0.00620	0.00413	0.00207	0.00517
7	0.00654	0.00474	0.00607	0.00575	0.00680	0.00437	0.00425	0.00855	0.01263	0.01774	0.71715	0.03496	0.07938	0.06282	0.00666	0.00166	0.00235	0.00838	0.00493	0.00427
8	0.00867	0.00434	0.00434	0.00434	0.00542	0.00434	0.00325	0.01084	0.00976	0.01734	0.01518	0.01734	0.01192	0.00542	0.00325	0.00108	0.00217	0.00434	0.86233	0.00434
9	0.00885	0.00839	0.01433	0.80294	0.03183	0.01038	0.03453	0.01197	0.00935	0.01197	0.00830	0.01241	0.00623	0.00463	0.00467	0.00155	0.00625	0.00417	0.00208	0.00520
10	0.01513	0.01048	0.01120	0.00892	0.01190	0.01145	0.00726	0.53001	0.05646	0.04743	0.01279	0.01321	0.00936	0.00558	0.00429	0.00133	0.00425	0.00429	0.22769	0.00696
11	0.00933	0.02406	0.81240	0.01326	0.02014	0.01080	0.01719	0.01473	0.00982	0.01473	0.00835	0.00982	0.00589	0.00442	0.00442	0.00147	0.00688	0.00344	0.00196	0.00688
12	0.54596	0.00941	0.04929	0.00719	0.01051	0.00927	0.00625	0.01669	0.00979	0.28071	0.01048	0.01040	0.00722	0.00480	0.00355	0.00144	0.00388	0.00328	0.00378	0.00608
13	0.03838	0.00823	0.01214	0.01027	0.01242	0.03228	0.17968	0.07648	0.08656	0.04437	0.09104	0.29956	0.02058	0.02039	0.00564	0.00170	0.00444	0.04657	0.00395	0.00532
14	0.01552	0.00957	0.01156	0.00876	0.01242	0.00906	0.02547	0.26676	0.01493	0.26595	0.04679	0.01396	0.02799	0.00530	0.00440	0.00122	0.00417	0.00427	0.00442	0.24747
15	0.01224	0.78715	0.07479	0.00830	0.01246	0.01792	0.00855	0.01398	0.00948	0.01119	0.00659	0.00761	0.00597	0.00401	0.00308	0.00103	0.00510	0.00255	0.00199	0.00603
16	0.00879	0.00827	0.01395	0.82532	0.03204	0.01034	0.01292	0.01189	0.00930	0.01189	0.00827	0.01240	0.00620	0.00465	0.00465	0.00155	0.00620	0.00413	0.00207	0.00517
17	0.00965	0.00827	0.00965	0.00689	0.01102	0.00620	0.00551	0.01171	0.00965	0.01516	0.00827	0.00965	0.00689	0.00345	0.00345	0.00069	0.00345	0.00276	0.00276	0.86494
18	0.00567	0.00405	0.00540	0.00648	0.00675	0.00378	0.00432	0.00648	0.00891	0.01188	0.02564	0.83347	0.03077	0.01457	0.00594	0.00189	0.00270	0.01323	0.00432	0.00378
19	0.00677	0.00451	0.00507	0.00507	0.00507	0.00451	0.00282	0.00677	0.00677	0.00902	0.01466	0.03044	0.01691	0.83650	0.02368	0.00451	0.00451	0.00677	0.00282	0.00282
20	0.00943	0.00905	0.01269	0.01108	0.01122	0.01238	0.00910	0.01050	0.00717	0.01102	0.00757	0.01250	0.00754	0.05303	0.14787	0.00305	0.65346	0.00435	0.00215	0.00482
21	0.00965	0.00827	0.00965	0.00689	0.01102	0.00620	0.00551	0.01171	0.00965	0.01516	0.00827	0.00965	0.00689	0.00345	0.00345	0.00069	0.00345	0.00276	0.00276	0.86494
22	0.00867	0.00434	0.00434	0.00434	0.00542	0.00434	0.00325	0.01084	0.00976	0.01734	0.01518	0.01734	0.01192	0.00542	0.00325	0.00108	0.00217	0.00434	0.86233	0.00434
23	0.00556	0.00472	0.00480	0.00478	0.00632	0.00395	0.00358	0.00680	0.01075	0.01292	0.09162	0.04418	0.76088	0.01165	0.00550	0.00156	0.00235	0.00974	0.00437	0.00395
24	0.00867	0.00434	0.00434	0.00434	0.00542	0.00434	0.00325	0.01084	0.00976	0.01734	0.01518	0.01734	0.01192	0.00542	0.00325	0.00108	0.00217	0.00434	0.86233	0.00434
25	0.01185	0.00993	0.01053	0.00943	0.01209	0.01143	0.00735	0.02466	0.77530	0.04340	0.01892	0.01731	0.01412	0.00629	0.00473	0.00157	0.00369	0.00524	0.00476	0.00738
26	0.86937	0.00900	0.00684	0.00612	0.00900	0.01044	0.00504	0.01368	0.00792	0.02087	0.00648	0.00756	0.00504	0.00432	0.00288	0.00144	0.00360	0.00252	0.00288	0.00504
27	0.01737	0.01288	0.01379	0.01064	0.01431	0.01428	0.00877	0.75278	0.06158	0.02882	0.01157	0.01149	0.00823	0.00562	0.00466	0.00141	0.00505	0.00424	0.00466	0.00788
28	0.00550	0.00471	0.00471	0.00471	0.00628	0.00393	0.00353	0.00668	0.01060	0.01257	0.04713	0.04477	0.80560	0.01178	0.00550	0.00157	0.00236	0.00982	0.00432	0.00393
29	0.01151	0.01105	0.01888	0.02855	0.80748	0.01105	0.01428	0.01428	0.01059	0.01520	0.00875	0.01151	0.00737	0.00415	0.00461	0.00138	0.00553	0.00415	0.00230	0.00737
30	0.00767	0.00429	0.00635	0.00635	0.00655	0.00449	0.00441	0.00664	0.00644	0.00878	0.00947	0.01597	0.00939	0.06258	0.21138	0.61397	0.00610	0.00441	0.00217	0.00258
31	0.00550	0.00471	0.00471	0.00471	0.00628	0.00393	0.00353	0.00668	0.01060	0.01257	0.04713	0.04477	0.80560	0.01178	0.00550	0.00157	0.00236	0.00982	0.00432	0.00393
32	0.01018	0.01018	0.01425	0.01221	0.01221	0.01425	0.01018	0.01120	0.00712	0.01120	0.00611	0.01018	0.00611	0.00814	0.01527	0.00204	0.82799	0.00407	0.00204	0.00509
33	0.01098	0.01255	0.02745	0.01961	0.02431	0.01176	0.79059	0.01490	0.01098	0.01490	0.00941	0.01255	0.00706	0.00392	0.00549	0.00157	0.00784	0.00549	0.00235	0.00627
34	0.01013	0.23476	0.60874	0.01189	0.01802	0.01277	0.01480	0.01453	0.00973	0.01375	0.00786	0.00921	0.00591	0.00431	0.00405	0.00135	0.00638	0.00319	0.00197	0.00664
35	0.00867	0.00434	0.00434	0.00434	0.00542	0.00434	0.00325	0.01084	0.00976	0.01734	0.01518	0.01734	0.01192	0.00542	0.00325	0.00108	0.00217	0.00434	0.86233	0.00434
36	0.00567	0.00405	0.00540	0.00648	0.00675	0.00378	0.00432	0.00648	0.00891	0.01188	0.02564	0.83347	0.03077	0.01457	0.00594	0.00189	0.00270	0.01323	0.00432	0.00378
37	0.00685	0.00501	0.00658	0.00689	0.00795	0.00480	0.00549	0.00906	0.03039	0.01580	0.36874	0.13276	0.08814	0.01135	0.00585	0.00176	0.00304	0.28055	0.00467	0.00432
38	0.01084	0.01232	0.02685	0.01925	0.02384	0.01155	0.76924	0.01467	0.01092	0.01482	0.00985	0.03484	0.00770	0.00421	0.00550	0.00158	0.00770	0.00570	0.00241	0.00621
39	0.00808	0.00404	0.00606	0.00606	0.00606	0.00404	0.00404	0.00606	0.00606	0.00808	0.00808	0.01414	0.00808	0.01616	0.01818	0.86465	0.00404	0.00404	0.00202	0.00202
40	0.00747	0.00533	0.00746	0.00853	0.00959	0.00533	0.00744	0.00958	0.01068	0.01389	0.02465	0.06591	0.02684	0.01288	0.00642	0.00214	0.00426	0.76305	0.00428	0.00428
41	0.00887	0.00843	0.01446	0.79533	0.03175	0.01039	0.04187	0.01200	0.00936	0.01200	0.00831	0.01241	0.00623	0.00462	0.00468	0.00155	0.00626	0.00418	0.00208	0.00521
42	0.00665	0.00498	0.00748	0.00748	0.00831	0.00582	0.00582	0.00831	0.00748	0.01080	0.01246	0.01828	0.01163	0.03489	0.81807	0.00748	0.01246	0.00498	0.00249	0.00415
43	0.01768	0.01303	0.01396	0.01070	0.01443	0.01443	0.00884	0.79197	0.02187	0.02932	0.01117	0.01117	0.00791	0.00558	0.00465	0.00140	0.00512	0.00419	0.00465	0.00791
44	0.00918	0.00884	0.01443	0.61149	0.02719	0.01129	0.03581	0.01182	0.00885	0.01182	0.00780	0.01189	0.00621	0.00544	0.00715	0.00166	0.19773	0.00416	0.00207	0.00518
45	0.01151	0.01105	0.01888	0.02855	0.80748	0.01105	0.01428	0.01428	0.01059	0.01520	0.00875	0.01151	0.00737	0.00415	0.00461	0.00138	0.00553	0.00415	0.00230	0.00737
46	0.00933	0.02406	0.81240	0.01326	0.02014	0.01080	0.01719	0.01473	0.00982	0.01473	0.00835	0.00982	0.00589	0.00442	0.00442	0.00147	0.00688	0.00344	0.00196	0.00688
47	0.00653	0.00493	0.00703	0.00703	0.00789	0.00553	0.00539	0.00804	0.00777	0.01088	0.01630	0.02186	0.09670	0.08192	0.68229	0.00666	0.01089	0.00561	0.00271	0.00405
48	0.00867	0.00434	0.00434	0.00434	0.00542	0.00434	0.00325	0.01084	0.00976	0.01734	0.01518	0.01734	0.01192	0.00542	0.00325	0.00108	0.00217	0.00434	0.86233	0.00434
49	0.00933	0.02406	0.81240	0.01326	0.02014	0.01080	0.01719	0.01473	0.00982	0.01473	0.00835	0.00982	0.00589	0.00442	0.00442	0.00147	0.00688	0.00344	0.00196	0.00688
50	0.00567	0.00405	0.00540	0.00648	0.00675	0.00378	0.00432	0.00648	0.00891	0.01188	0.02564	0.83347	0.03077	0.01457	0.00594	0.00189	0.00270	0.01323	0.00432	0.00378
51	0.00867	0.00434	0.00434	0.00434	0.00542	0.00434	0.00325	0.01084	0.00976	0.01734	0.01518	0.01734	0.01192	0.00542	0.00325	0.00108	0.00217	0.00434	0.86233	0.00434
52	0.72875	0.00966	0.00801	0.00688	0.00989	0.01110	0.00567	0.14218	0.01022	0.02227	0.00725	0.00815	0.00551	0.00453	0.00317	0.00143	0.00385	0.00279	0.00317	0.00551
53	0.00870	0.00800	0.01141	0.01023	0.01058	0.01071	0.00835	0.00998	0.00727	0.01103	0.00877	0.01357	0.00842	0.01936	0.35197	0.00432	0.48595	0.00445	0.00223	0.00470
54	0.00924	0.00861	0.01433	0.74174	0.09138	0.01050	0.01291	0.03325	0.00974	0.01262	0.00838	0.01230	0.00634	0.00464	0.00465	0.00153	0.00612	0.00414	0.00216	0.00541
55	0.00677	0.00451	0.00507	0.00507	0.00507	0.00451	0.00282	0.00677	0.00677	0.00902	0.01466	0.03044	0.01691	0.83650	0.02368	0.00451	0.00451	0.00677	0.00282	0.00282
56	0.03905	0.01316	0.01376	0.01062	0.01429	0.03441	0.00875	0.75310	0.02131	0.02866	0.01095	0.01101	0.00779	0.00553	0.00460	0.00139	0.00516	0.00412	0.00455	0.00778
57	0.00680	0.00450	0.00510	0.00510	0.00510	0.00450	0.00285	0.00675	0.00675	0.00900	0.01449	0.03003	0.01669	0.81591	0.02354	0.02610	0.00450	0.00670	0.00280	0.00280
58	0.01089	0.00979	0.01285	0.01093	0.01371	0.01076	0.13626	0.02106	0.56597	0.01795	0.01862	0.02100	0.03221	0.00675	0.00506	0.00164	0.00440	0.08909	0.00428	0.00677
59	0.00965	0.00827	0.00965	0.00689	0.01102	0.00620	0.00551	0.01171	0.00965	0.01516	0.00827	0.00965	0.00689	0.00345	0.00345	0.00069	0.00345	0.00276	0.00276	0.86494
60	0.00553	0.00471	0.00475	0.00474	0.00630	0.00394	0.00356	0.00673	0.01068	0.01274	0.06818	0.04449	0.78443	0.01172	0.00550	0.00157	0.00235	0.00978	0.00434	0.00394
61	0.00665	0.00498	0.00748	0.00748	0.00831	0.00582	0.00582	0.00831	0.00748	0.01080	0.01246	0.01828	0.01163	0.03489	0.81807	0.00748	0.01246	0.00498	0.00249	0.00415
62	0.01805	0.01244	0.01359	0.01042	0.01413	0.01355	0.00861	0.70268	0.02088	0.12002	0.01200	0.01171	0.00833	0.00560	0.00466	0.00140	0.00498	0.00425	0.00478	0.00791
63	0.00965	0.00827	0.00965	0.00689	0.01102	0.00620	0.00551	0.01171	0.00965	0.01516	0.00827	0.00965	0.00689	0.00345	0.00345	0.00069	0.00345	0.00276	0.00276	0.86494
64	0.01244	0.83930	0.02438	0.00796	0.01194	0.01841	0.00796	0.01393	0.00945	0.01095	0.00647	0.00746	0.00597	0.00398	0.00299	0.00100	0.00498	0.00249	0.00199	0.00597
65	0.00750	0.00535	0.00750	0.00857	0.00964	0.00535	0.00750	0.00964	0.01071	0.01392	0.02463	0.05248	0.02677	0.01285	0.00643	0.00214	0.00428	0.77617	0.00428	0.00428
66	0.00965	0.00827	0.00965	0.00689	0.01102	0.00620	0.00551	0.01171	0.00965	0.01516	0.00827	0.00965	0.00689	0.00345	0.00345	0.00069	0.00345	0.00276	0.00276	0.86494
67	0.04082	0.00830	0.01369	0.79482	0.03118	0.01034	0.01263	0.01195	0.00925	0.01222	0.00820	0.01222	0.00616	0.00464	0.00459	0.00155	0.00610	0.00407	0.00210	0.00516
68	0.00815	0.00725	0.01171	0.58756	0.02476	0.00861	0.01044	0.01098	0.01042	0.01385	0.23944	0.01889	0.01714	0.00606	0.00489	0.00153	0.00504	0.00538	0.00295	0.00494
69	0.00568	0.00406	0.00541	0.00647	0.00675	0.00379	0.00432	0.00652	0.00898	0.01200	0.03969	0.81907	0.03101	0.01448	0.00593	0.00188	0.00269	0.01314	0.00433	0.00379
70	0.00965	0.00827	0.00965	0.00689	0.01102	0.00620	0.00551	0.01171	0.00965	0.01516	0.00827	0.00965	0.00689	0.00345	0.00345	0.00069	0.00345	0.00276	0.00276	0.86494
71	0.00569	0.00421	0.00532	0.00612	0.00667	0.00384	0.00418	0.00664	0.00944	0.01236	0.07060	0.64741	0.17294	0.01380	0.00583	0.00181	0.00261	0.01235	0.00436	0.00384
72	0.00965	0.00915	0.01551	0.57428	0.27636	0.01056	0.01335	0.01264	0.00971	0.01293	0.00842	0.01212	0.00657	0.00449	0.00464	0.00150	0.00599	0.00414	0.00214	0.00586
73	0.01185	0.75554	0.02262	0.00783	0.01151	0.01707	0.00768	0.01339	0.00953	0.01131	0.04580	0.00935	0.00812	0.00584	0.04509	0.00135	0.00522	0.00291	0.00217	0.00580
74	0.00639	0.00464	0.00602	0.00591	0.00689	0.00427	0.00434	0.00831	0.01236	0.01729	0.64542	0.16835	0.07148	0.01044	0.00556	0.00154	0.00229	0.00927	0.00496	0.00427
75	0.01242	0.00611	0.00790	0.00683	0.00901	0.00541	0.00537	0.01432	0.02423	0.35020	0.25253	0.09732	0.15836	0.00876	0.00519	0.00152	0.00307	0.02048	0.00516	0.00579
76	0.60385	0.00907	0.02591	0.00764	0.04541	0.00968	0.00598	0.04865	0.00968	0.09807	0.06648	0.01177	0.03159	0.00510	0.00351	0.00144	0.00372	0.00353	0.00340	0.00552
77	0.86937	0.00900	0.00684	0.00612	0.00900	0.01044	0.00504	0.01368	0.00792	0.02087	0.00648	0.00756	0.00504	0.00432	0.00288	0.00144	0.00360	0.00252	0.00288	0.00504
78	0.00569	0.00408	0.00537	0.00639	0.00669	0.00380	0.00425	0.00649	0.00889	0.01181	0.02592	0.78872	0.05180	0.03798	0.00643	0.00196	0.00274	0.01295	0.00428	0.00376
79	0.00633	0.00451	0.00566	0.00624	0.00678	0.00432	0.00431	0.00767	0.03116	0.01276	0.11508	0.45887	0.07507	0.14773	0.00868	0.00224	0.00304	0.06568	0.03001	0.00385
80	0.03236	0.01255	0.01288	0.01027	0.01364	0.05482	0.00837	0.57465	0.14149	0.03960	0.01252	0.01282	0.00920	0.00575	0.00461	0.00142	0.00494	0.01700	0.02362	0.00750
81	0.01819	0.01275	0.01339	0.01038	0.01400	0.06283	0.00852	0.61750	0.01993	0.15688	0.01211	0.01177	0.00839	0.00556	0.00463	0.00139	0.00513	0.00420	0.00470	0.00776
82	0.00610	0.00475	0.00554	0.00539	0.00672	0.00420	0.00408	0.00781	0.01188	0.01563	0.42240	0.04003	0.40419	0.01069	0.00552	0.00153	0.00233	0.03231	0.00472	0.00417
83	0.10267	0.00653	0.00818	0.00707	0.00936	0.00606	0.00558	0.01509	0.01184	0.36905	0.20105	0.11712	0.05481	0.02767	0.00538	0.00160	0.00333	0.03677	0.00496	0.00589
84	0.01170	0.01124	0.06920	0.04028	0.08740	0.01161	0.00900	0.07194	0.59142	0.01909	0.01635	0.01570	0.01228	0.00587	0.00469	0.00154	0.00426	0.00492	0.00421	0.00729
85	0.10481	0.00793	0.01026	0.00799	0.01144	0.00712	0.00658	0.02136	0.01277	0.70821	0.04098	0.01558	0.01185	0.00573	0.00452	0.00144	0.00387	0.00458	0.00545	0.00752
86	0.00934	0.00538	0.00707	0.00641	0.00797	0.00489	0.00496	0.01134	0.01274	0.17086	0.54706	0.04584	0.06884	0.02756	0.00579	0.00158	0.00272	0.04956	0.00510	0.00500
87	0.01143	0.01101	0.01814	0.09814	0.69068	0.02544	0.01387	0.02527	0.01059	0.01493	0.00864	0.01149	0.00721	0.00434	0.00491	0.00141	0.02899	0.00412	0.00231	0.00708
88	0.00826	0.05932	0.00876	0.00740	0.00869	0.00723	0.00586	0.08166	0.00915	0.01313	0.01231	0.01728	0.01115	0.05702	0.57736	0.00573	0.00995	0.00475	0.09041	0.00459
89	0.00808	0.00404	0.00606	0.00606	0.00606	0.00404	0.00404	0.00606	0.00606	0.00808	0.00808	0.01414	0.00808	0.01616	0.01818	0.86465	0.00404	0.00404	0.00202	0.00202
90	0.00676	0.00442	0.00565	0.00627	0.00679	0.00412	0.00422	0.00754	0.00896	0.05838	0.02484	0.58599	0.07994	0.14942	0.00877	0.00228	0.00308	0.02453	0.00416	0.00388
91	0.01018	0.01018	0.01425	0.01221	0.01221	0.01425	0.01018	0.01120	0.00712	0.01120	0.00611	0.01018	0.00611	0.00814	0.01527	0.00204	0.82799	0.00407	0.00204	0.00509
92	0.00679	0.00510	0.00741	0.00738	0.00821	0.00589	0.00566	0.00867	0.02991	0.01093	0.01279	0.01904	0.01205	0.08609	0.74343	0.00712	0.01170	0.00511	0.00258	0.00416
93	0.01273	0.01057	0.01117	0.00970	0.01254	0.01211	0.00764	0.17026	0.65165	0.02133	0.01746	0.01618	0.01301	0.00617	0.00472	0.00154	0.00395	0.00506	0.00472	0.00747
94	0.00578	0.00415	0.00546	0.00643	0.00679	0.00388	0.00436	0.00667	0.00908	0.01207	0.04770	0.73185	0.05837	0.03914	0.00646	0.00195	0.00278	0.03900	0.00429	0.00379
95	0.00658	0.00476	0.00622	0.00585	0.00695	0.00439	0.00439	0.00878	0.01317	0.01866	0.80503	0.03475	0.04390	0.00951	0.00549	0.00146	0.00219	0.00841	0.00512	0.00439
96	0.19827	0.00809	0.00983	0.00777	0.01114	0.00759	0.00640	0.02042	0.02403	0.61063	0.03821	0.01466	0.01112	0.00557	0.00432	0.00144	0.00383	0.00434	0.00512	0.00720
97	0.00609	0.00479	0.00555	0.00581	0.00692	0.00438	0.00422	0.00796	0.05149	0.01371	0.15948	0.30100	0.36947	0.01208	0.00562	0.00167	0.00256	0.02859	0.00447	0.00414
98	0.02087	0.00792	0.01080	0.00828	0.01188	0.00684	0.00684	0.02267	0.01332	0.81071	0.01835	0.01583	0.01152	0.00576	0.00468	0.00144	0.00396	0.00468	0.00576	0.00792
99	0.00808	0.00404	0.00606	0.00606	0.00606	0.00404	0.00404	0.00606	0.00606	0.00808	0.00808	0.01414	0.00808	0.01616	0.01818	0.86465	0.00404	0.00404	0.00202	0.00202
100	0.00584	0.00414	0.00533	0.00620	0.00646	0.00390	0.00405	0.00653	0.00860	0.01143	0.02444	0.67884	0.05049	0.14984	0.00885	0.00231	0.00299	0.01206	0.00407	0.00362
101	0.79492	0.00862	0.00673	0.00605	0.00878	0.00991	0.00495	0.01331	0.00828	0.02064	0.05360	0.00942	0.00751	0.00465	0.00304	0.00143	0.00348	0.00292	0.02677	0.00498
102	0.00623	0.00472	0.00554	0.00543	0.00671	0.00417	0.00404	0.00785	0.01166	0.02704	0.38742	0.10814	0.38246	0.01091	0.00552	0.00155	0.00234	0.00940	0.00470	0.00418
103	0.00658	0.00476	0.00622	0.00585	0.00695	0.00439	0.00439	0.00878	0.01317	0.01866	0.80503	0.03475	0.04390	0.00951	0.00549	0.00146	0.00219	0.00841	0.00512	0.00439
104	0.00965	0.00827	0.00965	0.00689	0.01102	0.00620	0.00551	0.01171	0.00965	0.01516	0.00827	0.00965	0.00689	0.00345	0.00345	0.00069	0.00345	0.00276	0.00276	0.86494
105	0.00571	0.00413	0.00532	0.00626	0.00662	0.00383	0.00417	0.00651	0.00893	0.01178	0.02685	0.72562	0.09438	0.05770	0.00684	0.00200	0.00277	0.01260	0.00424	0.00374
106	0.01324	0.01063	0.01132	0.00972	0.01263	0.01209	0.00769	0.20072	0.59842	0.04419	0.01714	0.01589	0.01268	0.00613	0.00471	0.00153	0.00402	0.00500	0.00474	0.00751
107	0.02075	0.00811	0.01091	0.00837	0.01197	0.00712	0.00691	0.05131	0.01363	0.78162	0.01809	0.01566	0.01138	0.00575	0.00468	0.00144	0.00400	0.00466	0.00572	0.00792
108	0.00806	0.00453	0.00529	0.00529	0.00629	0.00478	0.00403	0.01007	0.00907	0.01536	0.01435	0.01763	0.01184	0.01433	0.24972	0.00302	0.00528	0.00453	0.60224	0.00428
109	0.00879	0.00827	0.01395	0.82532	0.03204	0.01034	0.01292	0.01189	0.00930	0.01189	0.00827	0.01240	0.00620	0.00465	0.00465	0.00155	0.00620	0.00413	0.00207	0.00517
110	0.00957	0.00824	0.00862	0.00791	0.01018	0.00904	0.00611	0.01877	0.53755	0.01727	0.04075	0.02629	0.26421	0.00809	0.00499	0.00157	0.00324	0.00675	0.00461	0.00623
111	0.00665	0.00498	0.00748	0.00748	0.00831	0.00582	0.00582	0.00831	0.00748	0.01080	0.01246	0.01828	0.01163	0.03489	0.81807	0.00748	0.01246	0.00498	0.00249	0.00415
112	0.00885	0.00839	0.01434	0.80230	0.03182	0.01038	0.03514	0.01197	0.00935	0.01197	0.00830	0.01241	0.00623	0.00463	0.00468	0.00155	0.00625	0.00417	0.00208	0.00520
113	0.01237	0.00653	0.00806	0.00696	0.00884	0.00651	0.00535	0.08987	0.03121	0.24585	0.05964	0.01975	0.01410	0.15738	0.14174	0.00291	0.00512	0.00521	0.16710	0.00550
114	0.00587	0.00420	0.00553	0.00640	0.00678	0.00393	0.00436	0.00683	0.00930	0.01246	0.09845	0.67661	0.04466	0.05415	0.00677	0.00198	0.00279	0.04080	0.00432	0.00381
115	0.00677	0.00451	0.00507	0.00507	0.00507	0.00451	0.00282	0.00677	0.00677	0.00902	0.01466	0.03044	0.01691	0.83650	0.02368	0.00451	0.00451	0.00677	0.00282	0.00282
116	0.03931	0.01235	0.01314	0.14457	0.01678	0.08445	0.00915	0.44770	0.10697	0.06183	0.01145	0.01196	0.00827	0.00542	0.00457	0.00143	0.00533	0.00417	0.00404	0.00709
117	0.66201	0.00881	0.00779	0.00669	0.00971	0.00973	0.00550	0.01595	0.03849	0.18411	0.00940	0.00963	0.00672	0.00469	0.00332	0.00144	0.00368	0.00307	0.00354	0.00572

[dist]
# distance from previous block
# <min> <max>
4	13

[block]
# block no. 1 follows, 55 sequences, length 48
# corresponding to MSA columns:
# 157-204
name=unknown_B
#
# <colnr> <probs for GDERKNQSTAVLIFYWHMCP>
#	G	D	E	R	K	N	Q	S	T	A	V	L	I	F	Y	W	H	M	C	P
0	0.00657	0.00494	0.00625	0.00678	0.00793	0.00462	0.00551	0.00830	0.01088	0.01405	0.15262	0.12490	0.26404	0.01218	0.00595	0.00184	0.00322	0.35084	0.00443	0.00414
1	0.00636	0.00447	0.00552	0.00598	0.00637	0.00428	0.00391	0.02221	0.00894	0.01194	0.09572	0.44169	0.06632	0.26342	0.01149	0.02035	0.00326	0.01027	0.00390	0.00360
2	0.01720	0.01279	0.01369	0.01061	0.01424	0.01420	0.00873	0.73173	0.08289	0.02855	0.01178	0.01166	0.00841	0.00564	0.00466	0.00141	0.00501	0.00427	0.00466	0.00787
3	0.01181	0.00890	0.00986	0.00878	0.01129	0.00978	0.00689	0.05005	0.52963	0.10234	0.08196	0.04415	0.04195	0.00713	0.00490	0.00157	0.00360	0.03959	0.00479	0.02102
4	0.00993	0.08917	0.67776	0.01336	0.03565	0.03488	0.04714	0.01478	0.00995	0.01435	0.00821	0.00973	0.00598	0.00437	0.00434	0.00143	0.00678	0.00344	0.00200	0.00675
5	0.01739	0.02185	0.01321	0.01194	0.01438	0.78930	0.00898	0.04604	0.01349	0.01202	0.00733	0.00849	0.00606	0.00482	0.00421	0.00121	0.00827	0.00304	0.00248	0.00548
6	0.00599	0.00464	0.00526	0.00555	0.00673	0.00408	0.00409	0.00717	0.01024	0.02329	0.07380	0.23563	0.48706	0.03753	0.00622	0.00178	0.00267	0.06999	0.00433	0.00396
7	0.07671	0.00948	0.01108	0.00868	0.01211	0.00943	0.00709	0.24593	0.06593	0.36644	0.04132	0.02796	0.01120	0.00572	0.00449	0.00138	0.00413	0.00453	0.00486	0.08151
8	0.08009	0.01067	0.01210	0.01071	0.07336	0.01138	0.00803	0.44478	0.03993	0.10070	0.02597	0.06801	0.04256	0.00637	0.00464	0.00144	0.00450	0.01715	0.00436	0.03325
9	0.01244	0.83930	0.02438	0.00796	0.01194	0.01841	0.00796	0.01393	0.00945	0.01095	0.00647	0.00746	0.00597	0.00398	0.00299	0.00100	0.00498	0.00249	0.00199	0.00597
10	0.00733	0.00501	0.00615	0.00584	0.00727	0.00448	0.00450	0.00917	0.01220	0.07344	0.45572	0.03775	0.28294	0.01018	0.00549	0.00154	0.00251	0.05914	0.00486	0.00449
11	0.00667	0.00447	0.00510	0.00520	0.00522	0.00444	0.00295	0.00674	0.00696	0.00928	0.01564	0.10240	0.01815	0.76286	0.02209	0.00428	0.00435	0.00734	0.00295	0.00290
12	0.01057	0.01032	0.01607	0.19027	0.01845	0.01305	0.12334	0.07173	0.00929	0.01327	0.00744	0.01108	0.00640	0.00658	0.01073	0.00181	0.46751	0.00430	0.00229	0.00549
13	0.86937	0.00900	0.00684	0.00612	0.00900	0.01044	0.00504	0.01368	0.00792	0.02087	0.00648	0.00756	0.00504	0.00432	0.00288	0.00144	0.00360	0.00252	0.00288	0.00504
14	0.07980	0.00473	0.00457	0.00451	0.00571	0.00485	0.00339	0.01095	0.00951	0.01738	0.01444	0.01693	0.01151	0.03069	0.00384	0.00122	0.00236	0.00426	0.76501	0.00435
15	0.00665	0.00453	0.00504	0.00504	0.00518	0.00446	0.00288	0.00676	0.00711	0.00934	0.01757	0.03173	0.08758	0.76261	0.02205	0.00425	0.00432	0.00704	0.00295	0.00292
16	0.00653	0.00475	0.00614	0.00580	0.00692	0.00437	0.00435	0.00868	0.01304	0.01836	0.76764	0.03525	0.08147	0.00962	0.00549	0.00147	0.00220	0.00848	0.00508	0.00437
17	0.00706	0.00488	0.00626	0.00584	0.00709	0.00444	0.00441	0.00914	0.01293	0.04992	0.70228	0.03493	0.11409	0.00957	0.00546	0.00147	0.00228	0.00840	0.00507	0.00449
18	0.01147	0.00969	0.01029	0.00924	0.01179	0.01107	0.00721	0.07726	0.66839	0.01950	0.01987	0.04640	0.04631	0.00690	0.00484	0.00159	0.00371	0.02270	0.00469	0.00708
19	0.00867	0.00434	0.00434	0.00434	0.00542	0.00434	0.00325	0.01084	0.00976	0.01734	0.01518	0.01734	0.01192	0.00542	0.00325	0.00108	0.00217	0.00434	0.86233	0.00434
20	0.01157	0.00999	0.01052	0.00947	0.01210	0.01157	0.00736	0.02472	0.79908	0.01946	0.01893	0.01736	0.01420	0.00631	0.00473	0.00158	0.00368	0.00526	0.00473	0.00736
21	0.00567	0.00405	0.00540	0.00648	0.00675	0.00378	0.00432	0.00648	0.00891	0.01188	0.02564	0.83347	0.03077	0.01457	0.00594	0.00189	0.00270	0.01323	0.00432	0.00378
22	0.00652	0.00441	0.00515	0.00539	0.00545	0.00435	0.00316	0.00670	0.00725	0.00967	0.01714	0.21181	0.02004	0.65087	0.01967	0.00392	0.00410	0.00822	0.00316	0.00304
23	0.03231	0.00962	0.01151	0.00907	0.01253	0.00967	0.00742	0.22325	0.14733	0.46151	0.01639	0.01474	0.01092	0.00578	0.00465	0.00145	0.00421	0.00461	0.00525	0.00778
24	0.00677	0.00451	0.00507	0.00507	0.00507	0.00451	0.00282	0.00677	0.00677	0.00902	0.01466	0.03044	0.01691	0.83650	0.02368	0.00451	0.00451	0.00677	0.00282	0.00282
25	0.00710	0.00497	0.00554	0.00545	0.00703	0.00426	0.00413	0.00838	0.01077	0.08860	0.07149	0.13241	0.57945	0.01148	0.00551	0.00161	0.00262	0.04038	0.00449	0.00432
26	0.86937	0.00900	0.00684	0.00612	0.00900	0.01044	0.00504	0.01368	0.00792	0.02087	0.00648	0.00756	0.00504	0.00432	0.00288	0.00144	0.00360	0.00252	0.00288	0.00504
27	0.00574	0.00411	0.00547	0.00653	0.00686	0.00384	0.00443	0.00661	0.00901	0.01197	0.02596	0.78889	0.04365	0.01446	0.00595	0.00189	0.00276	0.04374	0.00432	0.00380
28	0.00642	0.00473	0.00601	0.00573	0.00686	0.00431	0.00428	0.00845	0.01272	0.01770	0.68796	0.05943	0.13819	0.00994	0.00550	0.00149	0.00223	0.00873	0.00500	0.00431
29	0.00804	0.00407	0.00611	0.00611	0.00613	0.00410	0.00410	0.00613	0.00611	0.00817	0.00822	0.01427	0.00819	0.01675	0.04346	0.83756	0.00431	0.00407	0.00204	0.00209
30	0.00567	0.00405	0.00540	0.00648	0.00675	0.00378	0.00432	0.00648	0.00891	0.01188	0.02564	0.83347	0.03077	0.01457	0.00594	0.00189	0.00270	0.01323	0.00432	0.00378
31	0.00891	0.00840	0.01418	0.78850	0.06788	0.01037	0.01298	0.01200	0.00936	0.01204	0.00829	0.01236	0.00626	0.00463	0.00465	0.00154	0.00617	0.00413	0.00208	0.00527
32	0.00933	0.02406	0.81240	0.01326	0.02014	0.01080	0.01719	0.01473	0.00982	0.01473	0.00835	0.00982	0.00589	0.00442	0.00442	0.00147	0.00688	0.00344	0.00196	0.00688
33	0.01098	0.01255	0.02745	0.01961	0.02431	0.01176	0.79059	0.01490	0.01098	0.01490	0.00941	0.01255	0.00706	0.00392	0.00549	0.00157	0.00784	0.00549	0.00235	0.00627
34	0.00556	0.00472	0.00480	0.00478	0.00632	0.00395	0.00358	0.00680	0.01075	0.01292	0.09115	0.04419	0.76136	0.01165	0.00550	0.00156	0.00235	0.00974	0.00437	0.00395
35	0.00585	0.00425	0.00554	0.00643	0.00694	0.00395	0.00449	0.00687	0.00946	0.01249	0.07312	0.65124	0.10564	0.01388	0.00591	0.00185	0.00276	0.07110	0.00436	0.00387
36	0.00974	0.00954	0.01334	0.01164	0.01170	0.01314	0.00963	0.01077	0.00738	0.01133	0.00823	0.07714	0.00870	0.00880	0.01425	0.00203	0.73702	0.02837	0.00229	0.00496
37	0.63815	0.00870	0.00792	0.00671	0.00978	0.00946	0.00553	0.01613	0.00939	0.23610	0.00971	0.00981	0.00680	0.00471	0.00337	0.00144	0.00370	0.00311	0.00366	0.00582
38	0.85070	0.02708	0.00722	0.00616	0.00906	0.01061	0.00510	0.01368	0.00795	0.02066	0.00648	0.00756	0.00506	0.00431	0.00288	0.00143	0.00363	0.00252	0.00286	0.00506
39	0.78468	0.00937	0.00731	0.00646	0.00937	0.03751	0.00529	0.01443	0.00845	0.07255	0.00728	0.00813	0.00550	0.00443	0.00304	0.00143	0.00378	0.00268	0.00305	0.00524
40	0.00938	0.00799	0.00937	0.00686	0.01074	0.00604	0.00543	0.01137	0.00960	0.01494	0.00941	0.06389	0.00846	0.00418	0.00361	0.00077	0.00340	0.00345	0.00286	0.80824
41	0.01243	0.75712	0.07303	0.00844	0.01254	0.04866	0.00857	0.01416	0.00962	0.01120	0.00661	0.00765	0.00597	0.00404	0.00312	0.00103	0.00522	0.00257	0.00200	0.00600
42	0.00808	0.00404	0.00606	0.00606	0.00606	0.00404	0.00404	0.00606	0.00606	0.00808	0.00808	0.01414	0.00808	0.01616	0.01818	0.86465	0.00404	0.00404	0.00202	0.00202
43	0.00591	0.00422	0.00564	0.00660	0.00699	0.00397	0.00458	0.00692	0.00931	0.01246	0.07668	0.69732	0.03104	0.02786	0.00625	0.00193	0.00284	0.08129	0.00434	0.00385
44	0.04296	0.03551	0.68015	0.01322	0.01962	0.01086	0.07648	0.01496	0.00995	0.04184	0.00867	0.01011	0.00614	0.00442	0.00443	0.00147	0.00669	0.00359	0.00216	0.00678
45	0.00948	0.00996	0.04496	0.68716	0.02948	0.06358	0.03724	0.01252	0.00959	0.01209	0.00820	0.01196	0.00621	0.00468	0.00482	0.00152	0.02213	0.00405	0.00210	0.01826
46	0.03316	0.55584	0.15779	0.00909	0.01342	0.08256	0.00940	0.01430	0.00980	0.01216	0.00697	0.00809	0.00600	0.00410	0.00336	0.00109	0.00545	0.00271	0.00209	0.06261
47	0.01303	0.17589	0.14294	0.02623	0.01464	0.29827	0.05246	0.01525	0.01118	0.04216	0.02247	0.02917	0.04567	0.00505	0.00414	0.00123	0.00628	0.00380	0.00257	0.08757

[dist]
# distance from previous block
# <min> <max>
33	269

[block]
# block no. 2 follows, 55 sequences, length 14
# corresponding to MSA columns:
# 500-513
name=unknown_C
#
# <colnr> <probs for GDERKNQSTAVLIFYWHMCP>
#	G	D	E	R	K	N	Q	S	T	A	V	L	I	F	Y	W	H	M	C	P
0	0.13590	0.16659	0.16675	0.00972	0.01353	0.04546	0.08913	0.01469	0.01081	0.13609	0.13418	0.01493	0.03244	0.00546	0.00426	0.00137	0.00493	0.00444	0.00328	0.00601
1	0.24821	0.02621	0.00977	0.00821	0.01088	0.12524	0.02948	0.01580	0.01125	0.24400	0.08667	0.01930	0.04776	0.00653	0.00441	0.00149	0.00444	0.09053	0.00402	0.00578
2	0.11496	0.35352	0.23438	0.00971	0.01412	0.11373	0.01017	0.01536	0.01013	0.07430	0.00798	0.00887	0.00626	0.00438	0.00364	0.00124	0.00567	0.00298	0.00243	0.00618
3	0.10606	0.08361	0.63013	0.01186	0.01793	0.01118	0.01471	0.01488	0.00972	0.04741	0.00840	0.00963	0.00603	0.00443	0.00415	0.00143	0.00625	0.00331	0.00222	0.00664
4	0.36121	0.04642	0.01062	0.00820	0.01144	0.11528	0.03394	0.01725	0.01067	0.28108	0.01072	0.01070	0.00753	0.00478	0.00378	0.00135	0.00455	0.00342	0.00371	0.05335
5	0.01469	0.14357	0.01407	0.01061	0.01294	0.53530	0.00835	0.01592	0.01179	0.01143	0.01128	0.01233	0.09204	0.00573	0.00516	0.00128	0.08195	0.00375	0.00251	0.00530
6	0.00802	0.00406	0.00601	0.00601	0.00601	0.00406	0.00398	0.00609	0.00609	0.00813	0.00839	0.01492	0.00850	0.05512	0.01844	0.82379	0.00406	0.00417	0.00206	0.00206
7	0.01514	0.01888	0.01159	0.01061	0.01286	0.66442	0.00796	0.01633	0.01270	0.01161	0.01472	0.01525	0.15671	0.00611	0.00444	0.00127	0.00725	0.00428	0.00276	0.00512
8	0.00965	0.00827	0.00965	0.00689	0.01102	0.00620	0.00551	0.01171	0.00965	0.01516	0.00827	0.00965	0.00689	0.00345	0.00345	0.00069	0.00345	0.00276	0.00276	0.86494
9	0.00675	0.00497	0.00655	0.00741	0.00842	0.00477	0.00611	0.00844	0.01033	0.01326	0.02917	0.20511	0.17769	0.01299	0.00615	0.00198	0.00360	0.47788	0.00430	0.00412
10	0.00996	0.18791	0.65402	0.01219	0.01849	0.01233	0.01533	0.01457	0.00975	0.01397	0.00797	0.00935	0.00591	0.00433	0.00413	0.00138	0.00649	0.00325	0.00197	0.00669
11	0.00775	0.00409	0.00590	0.00599	0.00601	0.00407	0.00393	0.00617	0.00635	0.00847	0.01013	0.07848	0.01076	0.10431	0.01784	0.70619	0.00399	0.00504	0.00228	0.00224
12	0.09098	0.64156	0.05454	0.00845	0.01228	0.10338	0.00819	0.01444	0.00973	0.01206	0.00663	0.00767	0.00588	0.00412	0.00317	0.00108	0.00530	0.00258	0.00211	0.00586
13	0.01004	0.08554	0.01482	0.66327	0.02831	0.09796	0.01204	0.01279	0.00973	0.01175	0.00799	0.01152	0.00616	0.00461	0.00445	0.00146	0.00633	0.00386	0.00210	0.00527

[dist]
# distance from previous block
# <min> <max>
1	3

[block]
# block no. 3 follows, 55 sequences, length 54
# corresponding to MSA columns:
# 520-573
name=unknown_D
#
# <colnr> <probs for GDERKNQSTAVLIFYWHMCP>
#	G	D	E	R	K	N	Q	S	T	A	V	L	I	F	Y	W	H	M	C	P
0	0.04530	0.02876	0.03206	0.00820	0.01174	0.00720	0.00695	0.02121	0.01296	0.70226	0.06072	0.01626	0.01281	0.00584	0.00462	0.00143	0.00395	0.00473	0.00544	0.00756
1	0.00922	0.04225	0.75244	0.01279	0.01926	0.01062	0.01631	0.01429	0.00977	0.01450	0.00919	0.05201	0.00717	0.00493	0.00446	0.00148	0.00662	0.00392	0.00209	0.00670
2	0.00956	0.08313	0.75531	0.01288	0.01954	0.01136	0.01652	0.01467	0.00980	0.01446	0.00821	0.00965	0.00590	0.00439	0.00432	0.00144	0.00674	0.00337	0.00197	0.00681
3	0.00570	0.00416	0.00537	0.00625	0.00671	0.00383	0.00424	0.00663	0.00933	0.01234	0.07243	0.70197	0.11596	0.01398	0.00586	0.00183	0.00263	0.01258	0.00436	0.00383
4	0.01183	0.01012	0.01066	0.00952	0.01220	0.01169	0.00743	0.05690	0.76648	0.01987	0.01861	0.01710	0.01394	0.00628	0.00473	0.00157	0.00374	0.00521	0.00473	0.00739
5	0.00808	0.00404	0.00606	0.00606	0.00606	0.00404	0.00404	0.00606	0.00606	0.00808	0.00808	0.01414	0.00808	0.01616	0.01818	0.86465	0.00404	0.00404	0.00202	0.00202
6	0.01019	0.02286	0.75256	0.01289	0.01952	0.01051	0.01642	0.01533	0.01008	0.07415	0.00910	0.01027	0.00631	0.00452	0.00444	0.00147	0.00666	0.00353	0.00225	0.00695
7	0.00887	0.00836	0.01411	0.79980	0.05688	0.01036	0.01296	0.01196	0.00934	0.01199	0.00828	0.01237	0.00624	0.00463	0.00465	0.00154	0.00618	0.00413	0.00207	0.00524
8	0.00567	0.00405	0.00540	0.00648	0.00675	0.00378	0.00432	0.00648	0.00891	0.01188	0.02564	0.83347	0.03077	0.01457	0.00594	0.00189	0.00270	0.01323	0.00432	0.00378
9	0.00571	0.00406	0.00539	0.00643	0.00669	0.00380	0.00427	0.00649	0.00883	0.01178	0.02526	0.80586	0.03029	0.04284	0.00655	0.00198	0.00276	0.01300	0.00427	0.00375
10	0.86937	0.00900	0.00684	0.00612	0.00900	0.01044	0.00504	0.01368	0.00792	0.02087	0.00648	0.00756	0.00504	0.00432	0.00288	0.00144	0.00360	0.00252	0.00288	0.00504
11	0.00570	0.00406	0.00539	0.00643	0.00669	0.00380	0.00427	0.00649	0.00884	0.01178	0.02529	0.80774	0.03033	0.04091	0.00651	0.00197	0.00276	0.01302	0.00427	0.00375
12	0.01244	0.83930	0.02438	0.00796	0.01194	0.01841	0.00796	0.01393	0.00945	0.01095	0.00647	0.00746	0.00597	0.00398	0.00299	0.00100	0.00498	0.00249	0.00199	0.00597
13	0.86937	0.00900	0.00684	0.00612	0.00900	0.01044	0.00504	0.01368	0.00792	0.02087	0.00648	0.00756	0.00504	0.00432	0.00288	0.00144	0.00360	0.00252	0.00288	0.00504
14	0.01768	0.01303	0.01396	0.01070	0.01443	0.01443	0.00884	0.79197	0.02187	0.02932	0.01117	0.01117	0.00791	0.00558	0.00465	0.00140	0.00512	0.00419	0.00465	0.00791
15	0.00602	0.00430	0.00580	0.00688	0.00730	0.00408	0.00493	0.00709	0.00925	0.01227	0.02545	0.68341	0.03000	0.01424	0.00603	0.00194	0.00300	0.15982	0.00431	0.00388
16	0.00776	0.00498	0.00656	0.00642	0.00762	0.00459	0.00490	0.00963	0.01209	0.08728	0.48680	0.16951	0.06942	0.01049	0.00559	0.00161	0.00267	0.09258	0.00492	0.00457
17	0.00677	0.00451	0.00507	0.00507	0.00507	0.00451	0.00282	0.00677	0.00677	0.00902	0.01466	0.03044	0.01691	0.83650	0.02368	0.00451	0.00451	0.00677	0.00282	0.00282
18	0.00566	0.00406	0.00538	0.00644	0.00674	0.00378	0.00430	0.00648	0.00894	0.01189	0.02612	0.81583	0.04810	0.01451	0.00593	0.00188	0.00269	0.01315	0.00432	0.00378
19	0.02985	0.02370	0.79318	0.01309	0.01987	0.01080	0.01690	0.01471	0.00978	0.01488	0.00830	0.00977	0.00587	0.00442	0.00438	0.00147	0.00680	0.00342	0.00199	0.00683
20	0.01006	0.01000	0.01402	0.01205	0.01208	0.01396	0.01003	0.01110	0.00714	0.01118	0.00633	0.01046	0.00630	0.00906	0.04287	0.00222	0.79995	0.00410	0.00205	0.00506
21	0.00651	0.00475	0.00612	0.00578	0.00691	0.00436	0.00433	0.00864	0.01300	0.01826	0.75538	0.03541	0.09379	0.00966	0.00549	0.00147	0.00221	0.00851	0.00507	0.00436
22	0.00677	0.00451	0.00507	0.00507	0.00507	0.00451	0.00282	0.00677	0.00677	0.00902	0.01466	0.03044	0.01691	0.83650	0.02368	0.00451	0.00451	0.00677	0.00282	0.00282
23	0.00808	0.00404	0.00606	0.00606	0.00606	0.00404	0.00404	0.00606	0.00606	0.00808	0.00808	0.01414	0.00808	0.01616	0.01818	0.86465	0.00404	0.00404	0.00202	0.00202
24	0.00644	0.00475	0.00602	0.00570	0.00686	0.00433	0.00427	0.00850	0.01282	0.01784	0.70336	0.03610	0.14608	0.00982	0.00549	0.00148	0.00222	0.00860	0.00501	0.00433
25	0.00626	0.00474	0.00580	0.00571	0.00690	0.00428	0.00432	0.00807	0.01201	0.01617	0.48800	0.08435	0.26856	0.01068	0.00557	0.00156	0.00240	0.05561	0.00479	0.00421
26	0.01768	0.01303	0.01396	0.01070	0.01443	0.01443	0.00884	0.79197	0.02187	0.02932	0.01117	0.01117	0.00791	0.00558	0.00465	0.00140	0.00512	0.00419	0.00465	0.00791
27	0.00572	0.00409	0.00546	0.00654	0.00683	0.00382	0.00441	0.00657	0.00896	0.01193	0.02561	0.81161	0.03066	0.01453	0.00595	0.00190	0.00274	0.03458	0.00432	0.00379
28	0.01712	0.06409	0.01376	0.01178	0.01426	0.77682	0.00894	0.01834	0.01299	0.01136	0.00715	0.00834	0.00599	0.00475	0.00413	0.00119	0.00821	0.00297	0.00238	0.00542
29	0.01237	0.00965	0.01039	0.00919	0.01186	0.01089	0.00717	0.04393	0.67121	0.09333	0.01925	0.01795	0.03222	0.02277	0.00512	0.00162	0.00373	0.00531	0.00478	0.00726
30	0.00619	0.00428	0.00575	0.00672	0.00716	0.00402	0.00471	0.00719	0.00927	0.02881	0.03974	0.71994	0.03019	0.01412	0.00595	0.00190	0.00288	0.09290	0.00436	0.00393
31	0.00670	0.00448	0.00509	0.00516	0.00517	0.00447	0.00291	0.00675	0.00689	0.00919	0.01531	0.07811	0.01774	0.78771	0.02263	0.00435	0.00440	0.00715	0.00291	0.00288
32	0.00554	0.00471	0.00478	0.00476	0.00631	0.00395	0.00357	0.00676	0.01071	0.01282	0.07892	0.04435	0.77365	0.01169	0.00550	0.00157	0.00235	0.00976	0.00435	0.00395
33	0.00639	0.00454	0.00579	0.00639	0.00691	0.00435	0.00455	0.00744	0.00928	0.01234	0.10625	0.35014	0.07056	0.21654	0.01035	0.00252	0.00339	0.16452	0.00403	0.00372
34	0.00761	0.00531	0.00634	0.00598	0.00743	0.00493	0.00449	0.01015	0.07075	0.07372	0.39050	0.08735	0.26696	0.03041	0.00585	0.00161	0.00257	0.00860	0.00479	0.00465
35	0.00677	0.00451	0.00507	0.00507	0.00507	0.00451	0.00282	0.00677	0.00677	0.00902	0.01466	0.03044	0.01691	0.83650	0.02368	0.00451	0.00451	0.00677	0.00282	0.00282
36	0.02087	0.00792	0.01080	0.00828	0.01188	0.00684	0.00684	0.02267	0.01332	0.81071	0.01835	0.01583	0.01152	0.00576	0.00468	0.00144	0.00396	0.00468	0.00576	0.00792
37	0.00672	0.00455	0.00536	0.00540	0.00550	0.00464	0.00321	0.00694	0.00691	0.00931	0.01474	0.05371	0.01673	0.71808	0.11546	0.00477	0.00538	0.00676	0.00283	0.00300
38	0.00921	0.00522	0.00551	0.00526	0.00661	0.00529	0.00400	0.06818	0.03142	0.03455	0.01783	0.07221	0.06654	0.00720	0.02319	0.00137	0.00276	0.00533	0.62363	0.00469
39	0.00965	0.00827	0.00965	0.00689	0.01102	0.00620	0.00551	0.01171	0.00965	0.01516	0.00827	0.00965	0.00689	0.00345	0.00345	0.00069	0.00345	0.00276	0.00276	0.86494
40	0.00665	0.00498	0.00748	0.00748	0.00831	0.00582	0.00582	0.00831	0.00748	0.01080	0.01246	0.01828	0.01163	0.03489	0.81807	0.00748	0.01246	0.00498	0.00249	0.00415
41	0.01037	0.00951	0.01277	0.03095	0.01235	0.03367	0.05842	0.05253	0.07577	0.01392	0.01002	0.04679	0.00896	0.00831	0.04043	0.00197	0.44529	0.00469	0.11795	0.00532
42	0.00629	0.00488	0.00571	0.00594	0.00719	0.00442	0.00467	0.00779	0.01073	0.01358	0.15321	0.04425	0.42435	0.07306	0.00710	0.00193	0.00301	0.21358	0.00432	0.00401
43	0.86937	0.00900	0.00684	0.00612	0.00900	0.01044	0.00504	0.01368	0.00792	0.02087	0.00648	0.00756	0.00504	0.00432	0.00288	0.00144	0.00360	0.00252	0.00288	0.00504
44	0.01205	0.01170	0.01303	0.06127	0.06320	0.16868	0.03823	0.11754	0.01151	0.03188	0.05964	0.05496	0.01114	0.00912	0.07188	0.00207	0.22849	0.02505	0.00297	0.00558
45	0.02507	0.00477	0.00563	0.00582	0.00631	0.00474	0.00384	0.02655	0.00842	0.01151	0.04316	0.22329	0.08298	0.40141	0.05841	0.01771	0.00418	0.03640	0.02628	0.00351
46	0.06143	0.00727	0.00852	0.00734	0.00971	0.00716	0.00568	0.01724	0.18483	0.31763	0.03227	0.06368	0.12039	0.11140	0.00713	0.00189	0.00361	0.00612	0.02057	0.00613
47	0.00686	0.00474	0.00561	0.00571	0.00695	0.00416	0.00416	0.00811	0.01064	0.07281	0.14859	0.29454	0.38631	0.01190	0.00558	0.00165	0.00256	0.01032	0.00454	0.00424
48	0.01577	0.01019	0.01227	0.01037	0.04606	0.02693	0.03495	0.31693	0.08737	0.23649	0.07625	0.03100	0.02390	0.00677	0.01693	0.00156	0.00463	0.02974	0.00472	0.00716
49	0.21234	0.00724	0.00782	0.00711	0.00900	0.00757	0.00541	0.13638	0.01133	0.11343	0.06595	0.23075	0.02898	0.09428	0.00694	0.02119	0.00366	0.02142	0.00405	0.00515
50	0.00718	0.00458	0.00597	0.00654	0.00716	0.00431	0.00458	0.00812	0.00922	0.07142	0.03886	0.52199	0.05077	0.14435	0.00870	0.00228	0.00323	0.09252	0.00420	0.00400
51	0.53493	0.12683	0.01107	0.02373	0.03541	0.09378	0.00661	0.07055	0.00993	0.04088	0.00732	0.00834	0.00575	0.00445	0.00329	0.00135	0.00451	0.00282	0.00288	0.00557
52	0.02773	0.00456	0.00576	0.00648	0.00720	0.00426	0.00462	0.00764	0.00948	0.04112	0.03885	0.56607	0.13342	0.03110	0.00619	0.00190	0.00292	0.09238	0.00431	0.00402
53	0.01016	0.01043	0.03767	0.12229	0.16825	0.02671	0.29184	0.01363	0.05493	0.02860	0.01325	0.12167	0.03529	0.00614	0.00539	0.00158	0.02338	0.01996	0.00284	0.00597

[dist]
# distance from previous block
# <min> <max>
0	5

[block]
# block no. 4 follows, 55 sequences, length 34
# corresponding to MSA columns:
# 579-612
name=unknown_E
#
# <colnr> <probs for GDERKNQSTAVLIFYWHMCP>
#	G	D	E	R	K	N	Q	S	T	A	V	L	I	F	Y	W	H	M	C	P
0	0.04214	0.04104	0.12314	0.00932	0.01280	0.02913	0.05164	0.01739	0.04198	0.38895	0.01637	0.15597	0.01325	0.00682	0.00474	0.00149	0.00448	0.00581	0.00435	0.02920
1	0.12378	0.01007	0.01066	0.00886	0.01161	0.01103	0.00706	0.43342	0.06970	0.04439	0.01461	0.15768	0.02580	0.02897	0.00515	0.00158	0.00425	0.00582	0.01904	0.00651
2	0.00995	0.00970	0.01341	0.03018	0.01238	0.01282	0.00949	0.01117	0.00751	0.01171	0.00666	0.01045	0.00641	0.00843	0.04251	0.00205	0.67380	0.00394	0.00215	0.11529
