[name]
unknown

[dist]
# distance from previous block
# <min> <max>
9	576

[block]
# block no. 0 follows, 57 sequences, length 9
# corresponding to MSA columns:
# 576-584
name=unknown_A
#
# <colnr> <probs for GDERKNQSTAVLIFYWHMCP>
#	G	D	E	R	K	N	Q	S	T	A	V	L	I	F	Y	W	H	M	C	P
0	0.01225	0.27683	0.20089	0.00908	0.01279	0.01126	0.00925	0.01463	0.01000	0.19899	0.04093	0.04893	0.00996	0.00762	0.06820	0.00178	0.05335	0.00410	0.00304	0.00612
1	0.00703	0.00514	0.00653	0.00755	0.09572	0.00507	0.00416	0.00757	0.00772	0.01043	0.08197	0.02866	0.05875	0.63429	0.01858	0.00365	0.00421	0.00659	0.00295	0.00343
2	0.00695	0.00466	0.00631	0.00631	0.00708	0.00519	0.00476	0.00850	0.00772	0.01181	0.01299	0.01892	0.01197	0.11779	0.54254	0.00551	0.00894	0.00490	0.20322	0.00394
3	0.01361	0.01541	0.01115	0.10178	0.01383	0.48077	0.00778	0.07295	0.01160	0.01191	0.00910	0.01381	0.00847	0.19910	0.00858	0.00197	0.00682	0.00398	0.00256	0.00483
4	0.01123	0.08815	0.56538	0.01191	0.01767	0.01195	0.01412	0.19634	0.01227	0.01735	0.00862	0.00968	0.00620	0.00453	0.00424	0.00138	0.00615	0.00344	0.00252	0.00686
5	0.00536	0.00459	0.00459	0.00459	0.00612	0.00383	0.00344	0.00650	0.01033	0.01224	0.04590	0.04361	0.81065	0.01148	0.00536	0.00153	0.00230	0.00956	0.00421	0.00383
6	0.01427	0.01749	0.01108	0.01043	0.01228	0.63217	0.00770	0.01535	0.01187	0.01120	0.01118	0.20106	0.01145	0.00688	0.00448	0.00132	0.00688	0.00523	0.00277	0.00489
7	0.38436	0.00870	0.00889	0.00735	0.01046	0.00913	0.00599	0.05199	0.12721	0.27601	0.01212	0.01163	0.00848	0.00495	0.00374	0.00138	0.00369	0.00361	0.00404	0.05628
8	0.01689	0.00684	0.00929	0.00765	0.01041	0.00597	0.00609	0.01842	0.01197	0.62868	0.01953	0.20662	0.01558	0.00761	0.00484	0.00150	0.00357	0.00649	0.00528	0.00677

[dist]
# distance from previous block
# <min> <max>
0	13

[block]
# block no. 1 follows, 57 sequences, length 68
# corresponding to MSA columns:
# 598-665
name=unknown_B
#
# <colnr> <probs for GDERKNQSTAVLIFYWHMCP>
#	G	D	E	R	K	N	Q	S	T	A	V	L	I	F	Y	W	H	M	C	P
0	0.01125	0.00983	0.01086	0.00959	0.01222	0.01128	0.03642	0.02372	0.77488	0.01879	0.01810	0.01673	0.01357	0.00606	0.00464	0.00154	0.00374	0.00513	0.00452	0.00713
1	0.03767	0.00412	0.00531	0.00630	0.00665	0.00392	0.00423	0.00657	0.00864	0.01189	0.02428	0.80701	0.02904	0.01383	0.00567	0.00182	0.00266	0.01250	0.00415	0.00373
2	0.01110	0.00954	0.01005	0.00906	0.01153	0.01102	0.00701	0.02343	0.77472	0.01858	0.01829	0.01738	0.01393	0.03709	0.00529	0.00164	0.00362	0.00518	0.00454	0.00701
3	0.87276	0.00876	0.00666	0.00596	0.00876	0.01017	0.00491	0.01332	0.00771	0.02033	0.00631	0.00736	0.00491	0.00421	0.00280	0.00140	0.00351	0.00245	0.00280	0.00491
4	0.02033	0.00771	0.01052	0.00806	0.01157	0.00666	0.00666	0.02208	0.01297	0.81562	0.01788	0.01542	0.01122	0.00561	0.00456	0.00140	0.00386	0.00456	0.00561	0.00771
5	0.00536	0.00459	0.00459	0.00459	0.00612	0.00383	0.00344	0.00650	0.01033	0.01224	0.04590	0.04361	0.81065	0.01148	0.00536	0.00153	0.00230	0.00956	0.00421	0.00383
6	0.01211	0.84348	0.02374	0.00775	0.01163	0.01793	0.00775	0.01357	0.00921	0.01066	0.00630	0.00727	0.00582	0.00388	0.00291	0.00097	0.00485	0.00242	0.00194	0.00582
7	0.00639	0.00463	0.00602	0.00567	0.00675	0.00426	0.00425	0.00850	0.01276	0.01802	0.79014	0.03410	0.06281	0.00932	0.00534	0.00143	0.00214	0.00823	0.00497	0.00426
8	0.00578	0.00461	0.00518	0.00503	0.00638	0.00400	0.00377	0.00732	0.01132	0.01461	0.35062	0.03972	0.50446	0.01059	0.00535	0.00149	0.00223	0.00902	0.00452	0.00400
9	0.00707	0.00479	0.00621	0.00576	0.00698	0.00437	0.00435	0.00913	0.01270	0.05879	0.72760	0.03344	0.08316	0.00920	0.00530	0.00143	0.00223	0.00808	0.00498	0.00443
10	0.00636	0.00463	0.00598	0.00564	0.00674	0.00425	0.00423	0.00845	0.01270	0.01787	0.77130	0.03434	0.08174	0.00938	0.00535	0.00143	0.00215	0.00826	0.00495	0.00425
11	0.00924	0.02241	0.74502	0.01348	0.01998	0.01061	0.08797	0.01437	0.00967	0.01437	0.00823	0.00981	0.00584	0.00426	0.00440	0.00144	0.00678	0.00353	0.00195	0.00664
12	0.01056	0.01201	0.02620	0.01878	0.02325	0.01126	0.77610	0.01431	0.01064	0.01444	0.00957	0.03300	0.00746	0.00408	0.00536	0.00154	0.00751	0.00554	0.00234	0.00605
13	0.01003	0.02083	0.04946	0.02230	0.02996	0.00676	0.02392	0.01226	0.00963	0.05559	0.00857	0.00983	0.00688	0.00357	0.00355	0.00080	0.00375	0.00292	0.00276	0.71664
14	0.01233	0.80674	0.02326	0.00793	0.01174	0.05390	0.00780	0.01377	0.00937	0.01068	0.00633	0.00731	0.00582	0.00391	0.00296	0.00098	0.00499	0.00245	0.00196	0.00579
15	0.85580	0.00875	0.00680	0.02213	0.00920	0.01016	0.00506	0.01329	0.00774	0.02016	0.00634	0.00745	0.00493	0.00421	0.00284	0.00140	0.00356	0.00248	0.00279	0.00491
16	0.01484	0.01380	0.13721	0.01058	0.01448	0.01298	0.00960	0.53048	0.16716	0.02455	0.01188	0.01181	0.00856	0.00540	0.00451	0.00140	0.00499	0.00416	0.00414	0.00745
17	0.00656	0.00451	0.00552	0.00552	0.00572	0.00471	0.00346	0.00696	0.00676	0.00921	0.01375	0.02674	0.01521	0.64241	0.21968	0.00510	0.00630	0.00616	0.00267	0.00307
18	0.01177	0.01094	0.01259	0.01119	0.04647	0.11938	0.10839	0.03059	0.39357	0.05422	0.08168	0.04477	0.01444	0.00621	0.00492	0.00149	0.01811	0.01899	0.00392	0.00636
19	0.00882	0.00458	0.00462	0.00448	0.00565	0.00464	0.00340	0.04359	0.01000	0.01738	0.01462	0.01664	0.01145	0.00529	0.00322	0.00107	0.00223	0.00422	0.82974	0.00437
20	0.01723	0.01269	0.01360	0.01043	0.01405	0.01405	0.00861	0.79738	0.02131	0.02856	0.01088	0.01088	0.00771	0.00544	0.00453	0.00136	0.00499	0.00408	0.00453	0.00771
21	0.00940	0.00805	0.00940	0.00671	0.01074	0.00604	0.00537	0.01141	0.00940	0.01477	0.00805	0.00940	0.00671	0.00336	0.00336	0.00067	0.00336	0.00268	0.00268	0.86845
22	0.00659	0.00439	0.00494	0.00494	0.00494	0.00439	0.00275	0.00659	0.00659	0.00879	0.01428	0.02965	0.01647	0.84075	0.02306	0.00439	0.00439	0.00659	0.00275	0.00275
23	0.00991	0.00991	0.01388	0.01190	0.01190	0.01388	0.00991	0.01091	0.00694	0.01091	0.00595	0.00991	0.00595	0.00793	0.01487	0.00198	0.83246	0.00397	0.00198	0.00496
24	0.00641	0.00463	0.00606	0.00570	0.00677	0.00428	0.00428	0.00855	0.01283	0.01817	0.81009	0.03385	0.04276	0.00926	0.00534	0.00143	0.00214	0.00819	0.00499	0.00428
25	0.00856	0.00805	0.01359	0.82986	0.03121	0.01007	0.01258	0.01158	0.00906	0.01158	0.00805	0.01208	0.00604	0.00453	0.00453	0.00151	0.00604	0.00403	0.00201	0.00503
26	0.00659	0.00439	0.00494	0.00494	0.00494	0.00439	0.00275	0.00659	0.00659	0.00879	0.01428	0.02965	0.01647	0.84075	0.02306	0.00439	0.00439	0.00659	0.00275	0.00275
27	0.87276	0.00876	0.00666	0.00596	0.00876	0.01017	0.00491	0.01332	0.00771	0.02033	0.00631	0.00736	0.00491	0.00421	0.00280	0.00140	0.00351	0.00245	0.00280	0.00491
28	0.01122	0.01077	0.01839	0.02781	0.81248	0.01077	0.01391	0.01391	0.01032	0.01480	0.00852	0.01122	0.00718	0.00404	0.00449	0.00135	0.00538	0.00404	0.00224	0.00718
29	0.00560	0.00408	0.00531	0.00626	0.00669	0.00378	0.00431	0.00650	0.00893	0.01174	0.02691	0.71816	0.10402	0.01384	0.00577	0.00182	0.00268	0.05566	0.00420	0.00372
30	0.85554	0.00867	0.00661	0.00592	0.00869	0.01005	0.00487	0.01326	0.00775	0.02026	0.00648	0.00755	0.00504	0.00423	0.00281	0.00140	0.00348	0.00249	0.02000	0.00489
31	0.00641	0.00463	0.00606	0.00570	0.00677	0.00428	0.00428	0.00855	0.01283	0.01817	0.81009	0.03385	0.04276	0.00926	0.00534	0.00143	0.00214	0.00819	0.00499	0.00428
32	0.00552	0.00394	0.00526	0.00631	0.00657	0.00368	0.00421	0.00631	0.00868	0.01157	0.02498	0.83779	0.02997	0.01420	0.00578	0.00184	0.00263	0.01288	0.00421	0.00368
33	0.00856	0.00805	0.01359	0.82986	0.03121	0.01007	0.01258	0.01158	0.00906	0.01158	0.00805	0.01208	0.00604	0.00453	0.00453	0.00151	0.00604	0.00403	0.00201	0.00503
34	0.01723	0.01269	0.01360	0.01043	0.01405	0.01405	0.00861	0.79738	0.02131	0.02856	0.01088	0.01088	0.00771	0.00544	0.00453	0.00136	0.00499	0.00408	0.00453	0.00771
35	0.00892	0.00843	0.01425	0.72014	0.13808	0.01016	0.01277	0.01190	0.00923	0.01202	0.00812	0.01196	0.00620	0.00446	0.00452	0.00149	0.00595	0.00403	0.00204	0.00533
36	0.00946	0.02023	0.67231	0.01168	0.01738	0.00956	0.01447	0.01389	0.00942	0.06152	0.00945	0.01231	0.00735	0.10407	0.00656	0.00179	0.00625	0.00381	0.00223	0.00629
37	0.01122	0.01077	0.01839	0.02781	0.81248	0.01077	0.01391	0.01391	0.01032	0.01480	0.00852	0.01122	0.00718	0.00404	0.00449	0.00135	0.00538	0.00404	0.00224	0.00718
38	0.00601	0.00462	0.00550	0.00528	0.00652	0.00410	0.00396	0.00778	0.01188	0.01592	0.52059	0.03755	0.33367	0.01010	0.00535	0.00146	0.00220	0.00871	0.00469	0.00410
39	0.00641	0.00463	0.00606	0.00570	0.00677	0.00428	0.00428	0.00855	0.01283	0.01817	0.81009	0.03385	0.04276	0.00926	0.00534	0.00143	0.00214	0.00819	0.00499	0.00428
40	0.01180	0.75917	0.10533	0.00828	0.01245	0.01717	0.00868	0.01365	0.00924	0.01104	0.00649	0.00751	0.00581	0.00392	0.00305	0.00102	0.00504	0.00252	0.00194	0.00591
41	0.00543	0.00452	0.00475	0.00485	0.00621	0.00383	0.00358	0.00659	0.01026	0.01247	0.08384	0.13774	0.67698	0.01168	0.00541	0.00156	0.00233	0.00989	0.00425	0.00383
42	0.00900	0.02297	0.79713	0.01271	0.01928	0.01036	0.01641	0.01416	0.00959	0.01430	0.00907	0.01041	0.02569	0.00448	0.00433	0.00144	0.00659	0.00350	0.00197	0.00663
43	0.00550	0.00452	0.00484	0.00492	0.00625	0.00386	0.00363	0.00671	0.01042	0.01284	0.13084	0.13714	0.62976	0.01155	0.00541	0.00156	0.00232	0.00980	0.00430	0.00386
44	0.01683	0.03772	0.01306	0.01160	0.01396	0.80677	0.00874	0.01801	0.01277	0.01108	0.00699	0.00815	0.00584	0.00465	0.00406	0.00116	0.00811	0.00291	0.00233	0.00526
45	0.78548	0.00927	0.00741	0.00684	0.02905	0.03181	0.00539	0.03972	0.00846	0.03396	0.00673	0.00773	0.00519	0.00428	0.00297	0.00139	0.00373	0.00260	0.00288	0.00511
46	0.00950	0.02197	0.72690	0.01241	0.01861	0.03009	0.01559	0.01469	0.03284	0.03262	0.03743	0.01075	0.00743	0.00457	0.00435	0.00143	0.00641	0.00359	0.00220	0.00661
47	0.01016	0.00832	0.00993	0.00714	0.01114	0.00651	0.01944	0.04643	0.01007	0.04429	0.00855	0.00973	0.00692	0.00354	0.00349	0.00074	0.00352	0.00286	0.00286	0.78436
48	0.00854	0.00646	0.01026	0.26827	0.01620	0.00677	0.06715	0.01079	0.01070	0.08934	0.26590	0.16645	0.03879	0.00793	0.00509	0.00153	0.00404	0.00718	0.00374	0.00486
49	0.03785	0.33376	0.09770	0.01203	0.01602	0.17945	0.22054	0.01478	0.01034	0.01250	0.00742	0.00905	0.00609	0.00406	0.00394	0.00121	0.00639	0.00340	0.00215	0.02132
50	0.00539	0.00456	0.00467	0.00471	0.00616	0.00383	0.00350	0.00655	0.01032	0.01238	0.06752	0.08124	0.75064	0.01154	0.00538	0.00154	0.00231	0.00968	0.00423	0.00383
51	0.00987	0.00995	0.01471	0.01234	0.01273	0.01344	0.07278	0.01111	0.00725	0.01118	0.00639	0.01033	0.00618	0.00837	0.03802	0.00210	0.74209	0.00410	0.00202	0.00502
52	0.00730	0.00522	0.00730	0.00835	0.00939	0.00522	0.00730	0.00939	0.01043	0.01356	0.02399	0.05111	0.02608	0.01252	0.00626	0.00209	0.00417	0.78199	0.00417	0.00417
53	0.01122	0.01077	0.01839	0.02781	0.81248	0.01077	0.01391	0.01391	0.01032	0.01480	0.00852	0.01122	0.00718	0.00404	0.00449	0.00135	0.00538	0.00404	0.00224	0.00718
54	0.00552	0.00394	0.00526	0.00631	0.00657	0.00368	0.00421	0.00631	0.00868	0.01157	0.02498	0.83779	0.02997	0.01420	0.00578	0.00184	0.00263	0.01288	0.00421	0.00368
55	0.87276	0.00876	0.00666	0.00596	0.00876	0.01017	0.00491	0.01332	0.00771	0.02033	0.00631	0.00736	0.00491	0.00421	0.00280	0.00140	0.00351	0.00245	0.00280	0.00491
56	0.01048	0.40071	0.45220	0.01054	0.01594	0.01393	0.01261	0.01399	0.00940	0.01265	0.00729	0.00851	0.00577	0.00411	0.00366	0.00122	0.00585	0.00292	0.00192	0.00629
57	0.01738	0.01245	0.01345	0.01031	0.01393	0.01369	0.00852	0.75931	0.02090	0.06720	0.01122	0.01110	0.00788	0.00545	0.00453	0.00136	0.00493	0.00410	0.00459	0.00771
58	0.87276	0.00876	0.00666	0.00596	0.00876	0.01017	0.00491	0.01332	0.00771	0.02033	0.00631	0.00736	0.00491	0.00421	0.00280	0.00140	0.00351	0.00245	0.00280	0.00491
59	0.00909	0.02344	0.81727	0.01292	0.01961	0.01052	0.01674	0.01435	0.00957	0.01435	0.00813	0.00957	0.00574	0.00431	0.00431	0.00144	0.00670	0.00335	0.00191	0.00670
60	0.02033	0.00771	0.01052	0.00806	0.01157	0.00666	0.00666	0.02208	0.01297	0.81562	0.01788	0.01542	0.01122	0.00561	0.00456	0.00140	0.00386	0.00456	0.00561	0.00771
61	0.00659	0.00439	0.00494	0.00494	0.00494	0.00439	0.00275	0.00659	0.00659	0.00879	0.01428	0.02965	0.01647	0.84075	0.02306	0.00439	0.00439	0.00659	0.00275	0.00275
62	0.00659	0.00439	0.00494	0.00494	0.00494	0.00439	0.00275	0.00659	0.00659	0.00879	0.01428	0.02965	0.01647	0.84075	0.02306	0.00439	0.00439	0.00659	0.00275	0.00275
63	0.00641	0.00463	0.00606	0.00570	0.00677	0.00428	0.00428	0.00855	0.01283	0.01817	0.81009	0.03385	0.04276	0.00926	0.00534	0.00143	0.00214	0.00819	0.00499	0.00428
64	0.00924	0.02240	0.74379	0.01349	0.01999	0.01061	0.08918	0.01437	0.00967	0.01437	0.00823	0.00981	0.00585	0.00426	0.00440	0.00144	0.00678	0.00353	0.00195	0.00664
65	0.02929	0.02197	0.73730	0.01234	0.01871	0.01029	0.01565	0.01439	0.02718	0.01461	0.00831	0.00967	0.00595	0.00429	0.00423	0.00140	0.00637	0.00333	0.00204	0.05268
66	0.00712	0.00497	0.00575	0.00561	0.00665	0.02261	0.00415	0.00923	0.02959	0.01626	0.42197	0.09585	0.07112	0.03381	0.04093	0.00172	0.00285	0.00734	0.20825	0.00422
67	0.16436	0.05477	0.08361	0.00850	0.01158	0.00995	0.02200	0.21026	0.02402	0.03579	0.03087	0.11135	0.01070	0.02038	0.01599	0.00147	0.03676	0.00471	0.01600	0.12693

[dist]
# distance from previous block
# <min> <max>
0	7

[block]
# block no. 2 follows, 57 sequences, length 15
# corresponding to MSA columns:
# 673-687
name=unknown_C
#
# <colnr> <probs for GDERKNQSTAVLIFYWHMCP>
#	G	D	E	R	K	N	Q	S	T	A	V	L	I	F	Y	W	H	M	C	P
0	0.02363	0.45452	0.17621	0.03119	0.01296	0.01328	0.00899	0.01334	0.03264	0.04524	0.04050	0.07150	0.03570	0.00532	0.00373	0.00121	0.00478	0.00404	0.00254	0.01868
1	0.10302	0.07145	0.25488	0.02129	0.01357	0.05043	0.00956	0.04540	0.10153	0.15824	0.01458	0.05231	0.07319	0.00581	0.00428	0.00142	0.00483	0.00456	0.00339	0.00625
2	0.01048	0.10026	0.53652	0.01165	0.03194	0.02513	0.01349	0.05772	0.02473	0.05933	0.03733	0.01185	0.03464	0.00491	0.00447	0.00139	0.02136	0.00379	0.00251	0.00650
3	0.00600	0.00528	0.04259	0.00541	0.00680	0.00418	0.00426	0.00744	0.00998	0.01313	0.08790	0.22185	0.44648	0.01089	0.00515	0.00153	0.00254	0.00932	0.10525	0.00400
4	0.01050	0.00829	0.00966	0.00712	0.01091	0.00674	0.00569	0.08771	0.01069	0.05455	0.00959	0.04835	0.00811	0.00417	0.00364	0.00083	0.00350	0.00338	0.00308	0.70350
5	0.01249	0.06532	0.09145	0.00808	0.01213	0.00818	0.00728	0.07169	0.01099	0.18843	0.01023	0.01070	0.00758	0.00423	0.00404	0.00101	0.02337	0.00327	0.00331	0.45623
6	0.01178	0.01304	0.01337	0.01168	0.01237	0.24163	0.00945	0.01284	0.00861	0.01094	0.00645	0.00968	0.00609	0.00787	0.03833	0.00193	0.57313	0.00370	0.00210	0.00501
7	0.00583	0.00416	0.00561	0.00666	0.00706	0.00394	0.00474	0.00684	0.00898	0.01191	0.02481	0.70290	0.02930	0.01391	0.00587	0.00188	0.00289	0.14476	0.00420	0.00376
8	0.01971	0.00785	0.01050	0.00814	0.01158	0.00697	0.00669	0.02222	0.06699	0.76124	0.01792	0.01552	0.01140	0.00565	0.00456	0.00141	0.00384	0.00460	0.00554	0.00767
9	0.00998	0.00721	0.00749	0.00694	0.00881	0.00805	0.00534	0.01789	0.44079	0.01801	0.01677	0.01690	0.01282	0.00575	0.00395	0.00132	0.00291	0.00471	0.39853	0.00582
10	0.01652	0.01201	0.01285	0.00993	0.01335	0.01327	0.00818	0.73441	0.02036	0.02762	0.01119	0.01136	0.00802	0.00543	0.00442	0.00134	0.00476	0.00409	0.07347	0.00743
11	0.00940	0.00805	0.00940	0.00671	0.01074	0.00604	0.00537	0.01141	0.00940	0.01477	0.00805	0.00940	0.00671	0.00336	0.00336	0.00067	0.00336	0.00268	0.00268	0.86845
12	0.00536	0.00456	0.00463	0.00468	0.00615	0.00382	0.00348	0.00649	0.01024	0.01220	0.04476	0.08686	0.76813	0.01162	0.00538	0.00155	0.00231	0.00974	0.00421	0.00382
13	0.00950	0.00839	0.01078	0.00770	0.01177	0.00647	0.06865	0.01166	0.00950	0.01475	0.00814	0.00962	0.00672	0.00339	0.00352	0.00074	0.00370	0.00290	0.00265	0.79944
14	0.01275	0.20983	0.03776	0.00919	0.04460	0.05567	0.00750	0.17928	0.04479	0.11037	0.07251	0.09266	0.05310	0.00637	0.00444	0.00132	0.01570	0.00507	0.00364	0.03344

[dist]
# distance from previous block
# <min> <max>
57	301

[block]
# block no. 3 follows, 57 sequences, length 7
# corresponding to MSA columns:
# 1044-1050
name=unknown_D
#
# <colnr> <probs for GDERKNQSTAVLIFYWHMCP>
#	G	D	E	R	K	N	Q	S	T	A	V	L	I	F	Y	W	H	M	C	P
0	0.01531	0.01092	0.01302	0.04251	0.10809	0.01174	0.00873	0.48780	0.05410	0.10946	0.08097	0.01372	0.01128	0.00562	0.00460	0.00138	0.00464	0.00453	0.00433	0.00722
1	0.01016	0.00895	0.01209	0.06326	0.08674	0.03209	0.09869	0.14267	0.11454	0.01677	0.10227	0.05129	0.14803	0.02364	0.00570	0.00157	0.03484	0.03734	0.00369	0.00567
2	0.00973	0.00715	0.00926	0.01000	0.08937	0.00733	0.00737	0.13019	0.06510	0.05052	0.07110	0.06125	0.07809	0.04010	0.00612	0.00183	0.00405	0.34202	0.00413	0.00527
3	0.01077	0.01031	0.01759	0.16251	0.68128	0.01065	0.01368	0.01352	0.01011	0.01426	0.00844	0.01136	0.00699	0.00412	0.00449	0.00137	0.00549	0.00404	0.00220	0.00682
4	0.01075	0.01029	0.01754	0.16953	0.67444	0.01064	0.01367	0.01350	0.01010	0.01423	0.00844	0.01137	0.00698	0.00412	0.00449	0.00137	0.00550	0.00404	0.00220	0.00680
5	0.05133	0.01145	0.01767	0.02438	0.63567	0.06709	0.05439	0.01404	0.01021	0.01458	0.00821	0.01081	0.00690	0.00428	0.00498	0.00138	0.04964	0.00395	0.00226	0.00676
6	0.17200	0.01300	0.01273	0.01048	0.01314	0.24189	0.09130	0.10184	0.01195	0.14121	0.04483	0.01123	0.00848	0.00531	0.00541	0.00141	0.10088	0.00383	0.00325	0.00586

[dist]
# distance from previous block
# <min> <max>
14	116

[block]
# block no. 4 follows, 57 sequences, length 26
# corresponding to MSA columns:
# 1220-1245
name=unknown_E
#
# <colnr> <probs for GDERKNQSTAVLIFYWHMCP>
#	G	D	E	R	K	N	Q	S	T	A	V	L	I	F	Y	W	H	M	C	P
0	0.06473	0.08109	0.05944	0.01034	0.06897	0.03030	0.05181	0.14744	0.10502	0.06443	0.03002	0.05133	0.05464	0.03838	0.00528	0.00147	0.02136	0.01701	0.00345	0.09350
1	0.03204	0.04715	0.16078	0.10458	0.01634	0.06937	0.07558	0.15485	0.05952	0.02960	0.01127	0.02504	0.04147	0.00531	0.01377	0.00137	0.00540	0.00411	0.01506	0.12742
2	0.04711	0.07056	0.01066	0.02344	0.03080	0.00897	0.02292	0.14790	0.12086	0.07029	0.06455	0.15165	0.05478	0.00723	0.00469	0.00140	0.01607	0.02088	0.03344	0.09181
3	0.01172	0.08395	0.05490	0.06205	0.06557	0.02393	0.11936	0.13841	0.10308	0.08071	0.07147	0.06381	0.04231	0.00587	0.00459	0.00138	0.00479	0.00516	0.00351	0.05341
4	0.01114	0.07924	0.12755	0.07018	0.05635	0.07705	0.08482	0.02711	0.10021	0.08095	0.01318	0.04550	0.04116	0.01688	0.00472	0.00141	0.00515	0.05328	0.00308	0.10103
5	0.01168	0.01090	0.07539	0.00954	0.03038	0.06419	0.04103	0.17074	0.16129	0.05949	0.07471	0.01874	0.10949	0.00631	0.00460	0.00136	0.00438	0.02901	0.00385	0.11292
6	0.01190	0.03167	0.05364	0.07457	0.04248	0.06776	0.07658	0.16501	0.14487	0.05925	0.01531	0.05590	0.08296	0.00598	0.00455	0.00138	0.00477	0.00506	0.02467	0.07173
7	0.01142	0.05937	0.15526	0.07251	0.04055	0.04367	0.00931	0.12927	0.05803	0.07873	0.09142	0.01453	0.03689	0.00659	0.03382	0.00156	0.05694	0.00437	0.00326	0.09252
8	0.01053	0.03046	0.01361	0.14577	0.17442	0.00890	0.09674	0.05514	0.04267	0.09386	0.03049	0.07672	0.12332	0.00633	0.00495	0.00144	0.02205	0.00566	0.00324	0.05371
9	0.02136	0.04048	0.01141	0.16912	0.06002	0.02683	0.03711	0.02970	0.01009	0.04197	0.12061	0.03586	0.11165	0.00744	0.03419	0.00159	0.09816	0.00524	0.00307	0.13407
10	0.01083	0.02690	0.01018	0.06042	0.01188	0.10072	0.01897	0.06478	0.01085	0.09212	0.02890	0.12695	0.09022	0.00721	0.00537	0.00136	0.06995	0.05264	0.00341	0.20634
11	0.03021	0.27952	0.25467	0.00976	0.01398	0.04514	0.02956	0.05522	0.04391	0.09104	0.02631	0.04434	0.02899	0.00529	0.00404	0.00131	0.00521	0.02250	0.00283	0.00618
12	0.01135	0.00890	0.00988	0.02284	0.01116	0.03751	0.00679	0.11654	0.29164	0.07556	0.04850	0.15148	0.01504	0.00725	0.00537	0.00148	0.06202	0.00594	0.02469	0.08607
13	0.01201	0.81538	0.05094	0.00793	0.01190	0.01768	0.00806	0.01360	0.00922	0.01079	0.00636	0.00735	0.00581	0.00389	0.00296	0.00099	0.00491	0.00245	0.00194	0.00585
14	0.00603	0.00449	0.00501	0.00511	0.00585	0.00417	0.00343	0.00676	0.00866	0.01098	0.06076	0.09254	0.33940	0.36336	0.03320	0.00292	0.00351	0.03682	0.00358	0.00339
15	0.01117	0.01167	0.01372	0.01181	0.01227	0.12808	0.00970	0.04089	0.00830	0.01158	0.00628	0.00970	0.00600	0.00738	0.01297	0.00184	0.68557	0.00382	0.00213	0.00510
16	0.00659	0.00439	0.00494	0.00494	0.00494	0.00439	0.00275	0.00659	0.00659	0.00879	0.01428	0.02965	0.01647	0.84075	0.02306	0.00439	0.00439	0.00659	0.00275	0.00275
17	0.00659	0.00439	0.00494	0.00494	0.00494	0.00439	0.00275	0.00659	0.00659	0.00879	0.01428	0.02965	0.01647	0.84075	0.02306	0.00439	0.00439	0.00659	0.00275	0.00275
18	0.01723	0.01269	0.01360	0.01043	0.01405	0.01405	0.00861	0.79738	0.02131	0.02856	0.01088	0.01088	0.00771	0.00544	0.00453	0.00136	0.00499	0.00408	0.00453	0.00771
19	0.01211	0.84348	0.02374	0.00775	0.01163	0.01793	0.00775	0.01357	0.00921	0.01066	0.00630	0.00727	0.00582	0.00388	0.00291	0.00097	0.00485	0.00242	0.00194	0.00582
20	0.06813	0.01000	0.01038	0.00914	0.01184	0.01151	0.00718	0.10882	0.66582	0.02011	0.01682	0.01562	0.01257	0.00594	0.00448	0.00151	0.00374	0.00483	0.00448	0.00708
21	0.00938	0.10246	0.74081	0.01242	0.01884	0.01124	0.01588	0.01427	0.00953	0.01399	0.00796	0.00935	0.00575	0.00426	0.00417	0.00139	0.00652	0.00326	0.00192	0.00661
22	0.00706	0.00471	0.00589	0.00577	0.00695	0.00423	0.00425	0.00864	0.01133	0.07786	0.39526	0.21518	0.21467	0.01060	0.00538	0.00154	0.00242	0.00928	0.00468	0.00431
23	0.08697	0.01074	0.01047	0.00924	0.01180	0.08839	0.00725	0.04882	0.53900	0.07985	0.01549	0.01464	0.01156	0.00585	0.00482	0.00149	0.03811	0.00456	0.00420	0.00676
24	0.01396	0.01075	0.01265	0.01280	0.17352	0.06377	0.00857	0.17684	0.18578	0.14246	0.01244	0.01255	0.00920	0.00496	0.00433	0.00128	0.00454	0.00408	0.00382	0.14170
25	0.28692	0.01214	0.01024	0.00890	0.02642	0.19927	0.00692	0.14191	0.05473	0.12647	0.04088	0.01091	0.00850	0.00496	0.00387	0.00132	0.00486	0.00351	0.00352	0.04375

[dist]
# distance from previous block
# <min> <max>
2	37

[block]
# block no. 5 follows, 57 sequences, length 19
# corresponding to MSA columns:
# 1326-1344
name=unknown_F
#
# <colnr> <probs for GDERKNQSTAVLIFYWHMCP>
#	G	D	E	R	K	N	Q	S	T	A	V	L	I	F	Y	W	H	M	C	P
0	0.13229	0.01146	0.01201	0.00993	0.04975	0.03996	0.00772	0.47109	0.01628	0.02346	0.00945	0.01003	0.00704	0.00477	0.00405	0.00122	0.00459	0.00354	0.00375	0.17763
1	0.00860	0.00723	0.01129	0.53754	0.02296	0.00856	0.00991	0.01148	0.03300	0.04669	0.09785	0.01743	0.07097	0.00712	0.04286	0.00176	0.02350	0.00499	0.03132	0.00496
2	0.04533	0.08988	0.07070	0.00894	0.01245	0.06721	0.03469	0.09595	0.01060	0.01529	0.00822	0.02651	0.00694	0.00455	0.00488	0.00108	0.09225	0.00330	0.00268	0.39855
3	0.11881	0.00764	0.00788	0.02186	0.00920	0.01979	0.00546	0.22712	0.02414	0.01890	0.06744	0.05344	0.10191	0.08037	0.00592	0.00164	0.00358	0.03516	0.18459	0.00515
4	0.04266	0.01279	0.15256	0.03862	0.01449	0.01138	0.00939	0.29256	0.22439	0.13430	0.01314	0.01281	0.00933	0.00538	0.00446	0.00143	0.00474	0.00424	0.00410	0.00720
5	0.01135	0.00861	0.01001	0.00750	0.01125	0.00737	0.00607	0.12147	0.04184	0.08158	0.01031	0.01214	0.00831	0.00432	0.00379	0.00092	0.00367	0.03610	0.00331	0.61008
6	0.00603	0.00462	0.00553	0.00530	0.00653	0.00411	0.00397	0.00781	0.01192	0.01602	0.53295	0.03739	0.32124	0.01007	0.00535	0.00146	0.00219	0.00869	0.00471	0.00411
7	0.01014	0.01124	0.02399	0.01786	0.04685	0.01055	0.67865	0.01362	0.01061	0.01443	0.04086	0.07798	0.01007	0.00485	0.00535	0.00154	0.00696	0.00601	0.00254	0.00588
8	0.01723	0.01269	0.01360	0.01043	0.01405	0.01405	0.00861	0.79738	0.02131	0.02856	0.01088	0.01088	0.00771	0.00544	0.00453	0.00136	0.00499	0.00408	0.00453	0.00771
9	0.01211	0.84348	0.02374	0.00775	0.01163	0.01793	0.00775	0.01357	0.00921	0.01066	0.00630	0.00727	0.00582	0.00388	0.00291	0.00097	0.00485	0.00242	0.00194	0.00582
10	0.01396	0.01107	0.01176	0.00977	0.01281	0.01253	0.00782	0.37378	0.45022	0.02330	0.01502	0.01418	0.01106	0.00583	0.00458	0.00146	0.00422	0.00465	0.00458	0.00741
11	0.00909	0.02344	0.81727	0.01292	0.01961	0.01052	0.01674	0.01435	0.00957	0.01435	0.00813	0.00957	0.00574	0.00431	0.00431	0.00144	0.00670	0.00335	0.00191	0.00670
12	0.00623	0.00443	0.00527	0.00535	0.00585	0.00425	0.00349	0.00701	0.00870	0.01165	0.18262	0.14375	0.13320	0.40442	0.05174	0.00317	0.00376	0.00812	0.00359	0.00340
13	0.00909	0.02344	0.81727	0.01292	0.01961	0.01052	0.01674	0.01435	0.00957	0.01435	0.00813	0.00957	0.00574	0.00431	0.00431	0.00144	0.00670	0.00335	0.00191	0.00670
14	0.00723	0.00576	0.00740	0.00725	0.00863	0.00572	0.03534	0.01078	0.14165	0.01509	0.22567	0.17370	0.16045	0.01042	0.00549	0.00167	0.00311	0.16563	0.00439	0.00462
15	0.01255	0.01084	0.01633	0.17995	0.23368	0.03199	0.12300	0.17969	0.06847	0.06586	0.01019	0.01201	0.00767	0.00474	0.00485	0.00143	0.02274	0.00431	0.00305	0.00665
16	0.03061	0.00908	0.01482	0.28711	0.24009	0.03726	0.10839	0.01211	0.00995	0.01348	0.04493	0.08396	0.01164	0.00597	0.00485	0.00152	0.00546	0.07059	0.00263	0.00555
17	0.04506	0.00827	0.01133	0.33079	0.01888	0.00921	0.02903	0.07450	0.08536	0.06492	0.01840	0.03631	0.15419	0.00721	0.00540	0.00165	0.03629	0.05409	0.00348	0.00562
18	0.03227	0.05277	0.19195	0.01281	0.13106	0.01056	0.02959	0.03804	0.24750	0.12494	0.03738	0.01554	0.04323	0.00578	0.00469	0.00153	0.00487	0.00471	0.00373	0.00706

[dist]
# distance from previous block
# <min> <max>
1	22

[block]
# block no. 6 follows, 57 sequences, length 18
# corresponding to MSA columns:
# 1367-1384
name=unknown_G
#
# <colnr> <probs for GDERKNQSTAVLIFYWHMCP>
#	G	D	E	R	K	N	Q	S	T	A	V	L	I	F	Y	W	H	M	C	P
0	0.01037	0.10621	0.15734	0.01280	0.16051	0.05633	0.01014	0.08088	0.01125	0.02764	0.03844	0.05140	0.03890	0.00724	0.00482	0.00153	0.00505	0.21025	0.00313	0.00577
1	0.03016	0.09915	0.08566	0.02346	0.09274	0.05924	0.05872	0.13375	0.11342	0.03451	0.02709	0.02600	0.00943	0.00504	0.00423	0.00126	0.00489	0.03105	0.00316	0.15704
2	0.03643	0.03934	0.12059	0.01142	0.03480	0.09903	0.06781	0.24674	0.01307	0.01771	0.02583	0.02945	0.00856	0.00665	0.03440	0.00164	0.12138	0.02586	0.00305	0.05626
3	0.11435	0.01057	0.01427	0.01088	0.01440	0.01097	0.15836	0.27883	0.06575	0.20920	0.01194	0.01213	0.00837	0.00510	0.00479	0.00142	0.03077	0.00428	0.00404	0.02959
4	0.03467	0.12162	0.01975	0.01442	0.08181	0.03942	0.33680	0.04097	0.04177	0.20698	0.01109	0.01213	0.00801	0.00445	0.00460	0.00139	0.00586	0.00446	0.00321	0.00657
5	0.01588	0.01263	0.01324	0.01045	0.01376	0.06864	0.03275	0.59224	0.12397	0.02503	0.01167	0.01212	0.00864	0.03152	0.00512	0.00147	0.00508	0.00426	0.00427	0.00726
6	0.01668	0.01054	0.01234	0.01198	0.01282	0.00933	0.00794	0.01274	0.01186	0.01668	0.01652	0.02509	0.01586	0.01994	0.01963	0.75457	0.00690	0.00673	0.00498	0.00685
7	0.01225	0.01368	0.09501	0.21708	0.30758	0.19809	0.01222	0.01487	0.01069	0.06369	0.00861	0.01082	0.00670	0.00443	0.00439	0.00136	0.00622	0.00374	0.00239	0.00620
8	0.00769	0.00406	0.00609	0.00609	0.00619	0.00417	0.00417	0.00619	0.00609	0.00822	0.00844	0.01431	0.00833	0.01817	0.12467	0.75378	0.00503	0.00406	0.00203	0.00224
9	0.75905	0.01047	0.00748	0.00672	0.00946	0.11810	0.00542	0.01395	0.00839	0.01910	0.00640	0.00747	0.00503	0.00427	0.00297	0.00137	0.00413	0.00252	0.00274	0.00495
10	0.09558	0.05201	0.56680	0.01425	0.12373	0.01085	0.04684	0.01416	0.00951	0.01487	0.00797	0.00959	0.00590	0.00422	0.00417	0.00141	0.00617	0.00340	0.00206	0.00652
11	0.00757	0.00551	0.00663	0.00664	0.00759	0.00537	0.00461	0.11186	0.01003	0.01356	0.01983	0.51533	0.02273	0.16415	0.00861	0.00216	0.00332	0.00977	0.00386	0.07088
12	0.00873	0.00733	0.00864	0.00646	0.00988	0.00565	0.00511	0.01073	0.01002	0.01526	0.14752	0.01491	0.04350	0.00468	0.00377	0.00083	0.00311	0.00389	0.00314	0.68683
13	0.01153	0.04197	0.05351	0.00943	0.03813	0.02195	0.00753	0.25078	0.23157	0.01981	0.12016	0.12587	0.03366	0.00725	0.00476	0.00147	0.00400	0.00607	0.00422	0.00631
14	0.01890	0.01533	0.01716	0.01511	0.04053	0.06416	0.07857	0.08310	0.09459	0.02389	0.07530	0.10139	0.02028	0.01121	0.00802	0.00277	0.00713	0.00761	0.00617	0.30879
15	0.01209	0.05664	0.04749	0.00852	0.01183	0.11681	0.00712	0.11690	0.09373	0.06658	0.06262	0.03037	0.01110	0.00521	0.00410	0.00113	0.00443	0.02983	0.00342	0.31007
16	0.01239	0.06669	0.11029	0.01050	0.04420	0.03151	0.07053	0.21530	0.01313	0.07838	0.05975	0.03422	0.02689	0.00522	0.00453	0.00124	0.02261	0.00429	0.00338	0.18495
17	0.03642	0.09883	0.12390	0.11624	0.05874	0.03185	0.14028	0.04654	0.08887	0.04481	0.04046	0.04660	0.00962	0.00498	0.00437	0.00134	0.00529	0.00443	0.00285	0.09358

[dist]
# distance from previous block
# <min> <max>
2	39

[block]
# block no. 7 follows, 57 sequences, length 23
# corresponding to MSA columns:
# 1428-1450
name=unknown_H
#
# <colnr> <probs for GDERKNQSTAVLIFYWHMCP>
#	G	D	E	R	K	N	Q	S	T	A	V	L	I	F	Y	W	H	M	C	P
0	0.07432	0.03835	0.18216	0.02308	0.03329	0.11794	0.17732	0.01587	0.09139	0.09122	0.02533	0.02919	0.02756	0.00495	0.00444	0.00138	0.00575	0.00434	0.00294	0.04917
1	0.01258	0.11450	0.24481	0.01431	0.15547	0.07579	0.07970	0.05060	0.07525	0.11875	0.01020	0.01111	0.00756	0.00456	0.00431	0.00135	0.00575	0.00383	0.00285	0.00672
2	0.01172	0.01011	0.05245	0.16871	0.06302	0.00981	0.21455	0.05905	0.12034	0.13318	0.01234	0.01544	0.00958	0.05710	0.00595	0.00167	0.00554	0.03114	0.00325	0.01505
3	0.01330	0.10336	0.19102	0.01104	0.07944	0.04550	0.02990	0.05183	0.04978	0.22562	0.03262	0.01276	0.02621	0.00490	0.00422	0.00128	0.00491	0.00396	0.00341	0.10496
4	0.11034	0.05067	0.11557	0.01166	0.06065	0.08836	0.12675	0.09261	0.01208	0.21911	0.05963	0.01267	0.00975	0.00496	0.00437	0.00138	0.00530	0.00418	0.00351	0.00646
5	0.00971	0.07808	0.01677	0.36445	0.07082	0.01203	0.12870	0.01214	0.00880	0.01195	0.00752	0.01105	0.00619	0.00529	0.00739	0.00159	0.23603	0.00408	0.00205	0.00537
6	0.01106	0.01211	0.01685	0.38054	0.09993	0.17936	0.18749	0.01379	0.01028	0.01243	0.00808	0.01116	0.00629	0.00444	0.00488	0.00144	0.02810	0.00409	0.00216	0.00552
7	0.17875	0.01091	0.01126	0.00894	0.01197	0.01211	0.00724	0.55120	0.01689	0.02453	0.01017	0.01187	0.00790	0.07433	0.00626	0.03661	0.00461	0.00397	0.00395	0.00653
8	0.00816	0.00540	0.00718	0.00748	0.00880	0.00524	0.00624	0.01057	0.04330	0.08063	0.19843	0.06633	0.07705	0.01096	0.00578	0.00182	0.00351	0.44407	0.00449	0.00457
9	0.00551	0.00400	0.00520	0.00617	0.00654	0.00369	0.00414	0.00633	0.00881	0.01162	0.02670	0.77247	0.09418	0.01397	0.00575	0.00181	0.00260	0.01261	0.00421	0.00369
10	0.04016	0.01238	0.01363	0.01056	0.01409	0.04587	0.04903	0.60115	0.06423	0.08566	0.01147	0.01143	0.00813	0.00534	0.00452	0.00138	0.00505	0.00415	0.00437	0.00742
11	0.45215	0.03524	0.01000	0.05942	0.01226	0.22724	0.00693	0.08861	0.04278	0.01778	0.00752	0.00859	0.00588	0.00454	0.00349	0.00134	0.00509	0.00294	0.00284	0.00539
12	0.00723	0.00528	0.00710	0.00787	0.00891	0.00530	0.00659	0.00983	0.05992	0.01413	0.10535	0.14573	0.02753	0.01199	0.00600	0.00195	0.00373	0.55694	0.00429	0.00431
13	0.00636	0.00437	0.00523	0.00559	0.00580	0.00428	0.00356	0.00678	0.00758	0.01003	0.01881	0.23161	0.04517	0.53293	0.01666	0.00346	0.00387	0.08148	0.00329	0.00314
14	0.12456	0.01160	0.01261	0.14334	0.03827	0.06040	0.00882	0.45366	0.01626	0.07237	0.00998	0.01076	0.00717	0.00506	0.00429	0.00138	0.00510	0.00382	0.00378	0.00676
15	0.00655	0.00441	0.00510	0.00513	0.00519	0.00445	0.00298	0.00667	0.00670	0.00899	0.01450	0.05605	0.01661	0.76273	0.07231	0.00449	0.00482	0.00669	0.00277	0.00286
16	0.00723	0.00519	0.00720	0.00820	0.00926	0.00516	0.00715	0.00928	0.01043	0.01351	0.02485	0.05082	0.05683	0.01248	0.00622	0.00206	0.00410	0.75171	0.00417	0.00416
17	0.01227	0.01104	0.01732	0.05174	0.63404	0.01137	0.01285	0.16290	0.01237	0.01731	0.00896	0.01118	0.00724	0.00432	0.00450	0.00135	0.00533	0.00405	0.00267	0.00721
18	0.01129	0.01075	0.04863	0.13379	0.35284	0.03864	0.09735	0.03047	0.07179	0.06820	0.01012	0.01237	0.00793	0.00632	0.05707	0.00177	0.00601	0.00425	0.00268	0.02774
19	0.01252	0.01102	0.01229	0.15330	0.10112	0.10387	0.00909	0.08362	0.37565	0.06882	0.01362	0.01387	0.01019	0.00538	0.00451	0.00145	0.00486	0.00444	0.00371	0.00666
20	0.01291	0.09500	0.09009	0.05020	0.17360	0.20365	0.01051	0.14126	0.01203	0.01497	0.00946	0.01109	0.03905	0.00524	0.00559	0.00137	0.11147	0.00377	0.00261	0.00612
21	0.08270	0.03264	0.01432	0.20640	0.19314	0.03114	0.03226	0.10993	0.01083	0.07440	0.00881	0.01110	0.00689	0.00555	0.02039	0.00157	0.12689	0.00389	0.00274	0.02441
22	0.00988	0.02832	0.01090	0.08377	0.05219	0.04103	0.07207	0.04205	0.08130	0.08539	0.13323	0.09296	0.06258	0.01842	0.00539	0.00163	0.00430	0.16540	0.00388	0.00529

[dist]
# distance from previous block
# <min> <max>
0	8

[block]
# block no. 8 follows, 57 sequences, length 9
# corresponding to MSA columns:
# 1462-1470
name=unknown_I
#
# <colnr> <probs for GDERKNQSTAVLIFYWHMCP>
#	G	D	E	R	K	N	Q	S	T	A	V	L	I	F	Y	W	H	M	C	P
0	0.01338	0.10972	0.09325	0.00963	0.01345	0.03407	0.03770	0.29356	0.08545	0.06360	0.04274	0.01176	0.00919	0.00492	0.00417	0.00122	0.00473	0.00387	0.00358	0.16004
1	0.31988	0.11644	0.43082	0.00980	0.01476	0.01128	0.01141	0.01389	0.00886	0.01606	0.00726	0.00850	0.00545	0.00422	0.00360	0.00137	0.00533	0.00292	0.00224	0.00595
2	0.78405	0.09480	0.00842	0.00614	0.00906	0.01097	0.00520	0.01335	0.00787	0.01933	0.00631	0.00735	0.00500	0.00417	0.00281	0.00136	0.00364	0.00245	0.00271	0.00500
3	0.00587	0.00472	0.00557	0.04285	0.00770	0.00428	0.00442	0.00731	0.01050	0.01328	0.17549	0.14868	0.46816	0.01122	0.00545	0.00160	0.00263	0.07205	0.00424	0.00397
4	0.00647	0.00485	0.00728	0.00728	0.00809	0.00566	0.00566	0.00809	0.00728	0.01052	0.01214	0.01780	0.01133	0.03398	0.82279	0.00728	0.01214	0.00485	0.00243	0.00405
5	0.00552	0.00394	0.00526	0.00631	0.00657	0.00368	0.00421	0.00631	0.00868	0.01157	0.02498	0.83779	0.02997	0.01420	0.00578	0.00184	0.00263	0.01288	0.00421	0.00368
6	0.01669	0.11299	0.01441	0.04242	0.01410	0.01334	0.00840	0.56301	0.01819	0.13495	0.01118	0.01112	0.00790	0.00524	0.00434	0.00132	0.00485	0.00394	0.00427	0.00737
7	0.01149	0.67482	0.18695	0.00882	0.01327	0.01641	0.00960	0.01373	0.00928	0.01142	0.00668	0.00774	0.00580	0.00396	0.00319	0.00106	0.00523	0.00261	0.00193	0.00600
8	0.00620	0.00425	0.00535	0.00601	0.00664	0.00387	0.00411	0.00706	0.00909	0.04753	0.02816	0.61817	0.17553	0.04742	0.00636	0.00187	0.00269	0.01163	0.00421	0.00385

[dist]
# distance from previous block
# <min> <max>
8	12

[block]
# block no. 9 follows, 57 sequences, length 6
# corresponding to MSA columns:
# 1483-1488
name=unknown_J
#
# <colnr> <probs for GDERKNQSTAVLIFYWHMCP>
#	G	D	E	R	K	N	Q	S	T	A	V	L	I	F	Y	W	H	M	C	P
0	0.00599	0.00453	0.00606	0.00738	0.04767	0.00424	0.00494	0.00708	0.00921	0.01206	0.02713	0.58768	0.14398	0.01309	0.00571	0.00180	0.00290	0.10053	0.00410	0.00394
1	0.00647	0.00485	0.00728	0.00728	0.00809	0.00566	0.00566	0.00809	0.00728	0.01052	0.01214	0.01780	0.01133	0.03398	0.82279	0.00728	0.01214	0.00485	0.00243	0.00405
2	0.00636	0.00436	0.00495	0.00507	0.00523	0.00426	0.00297	0.00655	0.00716	0.00941	0.01827	0.12382	0.08735	0.67330	0.01953	0.00385	0.00401	0.00757	0.00304	0.00295
3	0.03656	0.00928	0.01080	0.05304	0.01274	0.05035	0.04131	0.08596	0.03575	0.01575	0.00881	0.01038	0.00715	0.00549	0.04842	0.00126	0.00459	0.00321	0.00284	0.55631
4	0.05133	0.01294	0.03333	0.01334	0.12374	0.15482	0.10239	0.20055	0.10311	0.01790	0.01019	0.03067	0.00812	0.00497	0.00461	0.00132	0.02399	0.00411	0.00318	0.09539
5	0.04973	0.01079	0.01297	0.05397	0.05769	0.07521	0.06143	0.24483	0.03257	0.17763	0.02894	0.01327	0.02602	0.02088	0.02113	0.00157	0.06822	0.00433	0.00377	0.03505

[dist]
# distance from previous block
# <min> <max>
1	23

[block]
# block no. 10 follows, 57 sequences, length 23
# corresponding to MSA columns:
# 1512-1534
name=unknown_K
#
# <colnr> <probs for GDERKNQSTAVLIFYWHMCP>
#	G	D	E	R	K	N	Q	S	T	A	V	L	I	F	Y	W	H	M	C	P
0	0.15151	0.10882	0.05469	0.02992	0.01173	0.04772	0.04676	0.06680	0.02361	0.06389	0.11701	0.03310	0.05200	0.00574	0.00439	0.00129	0.02838	0.01379	0.01679	0.12207
1	0.05162	0.26669	0.01501	0.07173	0.01317	0.06009	0.02040	0.14526	0.11570	0.04536	0.03855	0.06254	0.02583	0.00568	0.00435	0.00131	0.02877	0.00436	0.00323	0.02035
2	0.01040	0.28101	0.43479	0.01055	0.01552	0.05085	0.01216	0.01439	0.05527	0.01297	0.00845	0.01036	0.00685	0.05254	0.00495	0.00145	0.00587	0.00332	0.00214	0.00615
3	0.01044	0.19479	0.45079	0.01094	0.01595	0.01183	0.01267	0.10387	0.01096	0.01510	0.01010	0.01459	0.00861	0.00540	0.00429	0.00141	0.00578	0.10367	0.00251	0.00630
4	0.05293	0.61113	0.11577	0.00859	0.01272	0.01624	0.00878	0.10406	0.01057	0.01362	0.00705	0.00796	0.00598	0.00412	0.00326	0.00109	0.00502	0.00273	0.00228	0.00609
5	0.12447	0.04688	0.00993	0.18665	0.01415	0.00883	0.00724	0.02708	0.15425	0.11058	0.04334	0.01463	0.01071	0.00866	0.10104	0.00208	0.00499	0.00429	0.11465	0.00555
6	0.00909	0.02344	0.81727	0.01292	0.01961	0.01052	0.01674	0.01435	0.00957	0.01435	0.00813	0.00957	0.00574	0.00431	0.00431	0.00144	0.00670	0.00335	0.00191	0.00670
7	0.01723	0.01269	0.01360	0.01043	0.01405	0.01405	0.00861	0.79738	0.02131	0.02856	0.01088	0.01088	0.00771	0.00544	0.00453	0.00136	0.00499	0.00408	0.00453	0.00771
8	0.87276	0.00876	0.00666	0.00596	0.00876	0.01017	0.00491	0.01332	0.00771	0.02033	0.00631	0.00736	0.00491	0.00421	0.00280	0.00140	0.00351	0.00245	0.00280	0.00491
9	0.01564	0.01951	0.01296	0.13783	0.01666	0.69728	0.00935	0.01709	0.01226	0.01117	0.00717	0.00877	0.00587	0.00465	0.00415	0.00122	0.00784	0.00309	0.00229	0.00522
10	0.87276	0.00876	0.00666	0.00596	0.00876	0.01017	0.00491	0.01332	0.00771	0.02033	0.00631	0.00736	0.00491	0.00421	0.00280	0.00140	0.00351	0.00245	0.00280	0.00491
11	0.01186	0.00863	0.00994	0.00777	0.01127	0.00792	0.00620	0.03972	0.24531	0.13989	0.01272	0.01259	0.00954	0.00459	0.00395	0.00106	0.00355	0.00373	0.00376	0.45599
12	0.01723	0.01269	0.01360	0.01043	0.01405	0.01405	0.00861	0.79738	0.02131	0.02856	0.01088	0.01088	0.00771	0.00544	0.00453	0.00136	0.00499	0.00408	0.00453	0.00771
13	0.00549	0.00406	0.00514	0.00600	0.00649	0.00371	0.00407	0.00634	0.00897	0.01169	0.02873	0.69525	0.17009	0.01371	0.00571	0.00178	0.00257	0.01229	0.00421	0.00371
14	0.01139	0.00887	0.01017	0.00754	0.01137	0.00768	0.00607	0.13411	0.06650	0.06502	0.00980	0.01051	0.00763	0.00401	0.00370	0.00088	0.00365	0.00318	0.00328	0.62466
15	0.10991	0.01115	0.02066	0.01547	0.01851	0.01202	0.47455	0.01332	0.00925	0.01413	0.00789	0.01099	0.00638	0.00507	0.00784	0.00165	0.24872	0.00461	0.00226	0.00563
16	0.01723	0.01269	0.01360	0.01043	0.01405	0.01405	0.00861	0.79738	0.02131	0.02856	0.01088	0.01088	0.00771	0.00544	0.00453	0.00136	0.00499	0.00408	0.00453	0.00771
17	0.00940	0.00805	0.00940	0.00671	0.01074	0.00604	0.00537	0.01141	0.00940	0.01477	0.00805	0.00940	0.00671	0.00336	0.00336	0.00067	0.00336	0.00268	0.00268	0.86845
18	0.01566	0.01557	0.01222	0.01053	0.01307	0.39319	0.00821	0.18151	0.11259	0.08698	0.01165	0.01197	0.03924	0.00559	0.00507	0.00134	0.06213	0.00391	0.00342	0.00615
19	0.01668	0.01242	0.01329	0.01032	0.01385	0.01380	0.00848	0.72694	0.09262	0.02768	0.01157	0.01143	0.00826	0.00550	0.00454	0.00138	0.00486	0.00417	0.00454	0.00766
20	0.00816	0.00561	0.00742	0.00685	0.00838	0.00520	0.02808	0.05034	0.01179	0.07808	0.35260	0.19308	0.09070	0.00976	0.00531	0.00153	0.00294	0.07825	0.00452	0.05142
21	0.00995	0.11591	0.48056	0.01064	0.01580	0.01013	0.01241	0.03645	0.01004	0.05223	0.02187	0.05696	0.00884	0.00517	0.00422	0.00133	0.00552	0.03368	0.00251	0.10578
22	0.53413	0.02862	0.08824	0.03931	0.01146	0.04816	0.00691	0.04058	0.00905	0.03284	0.00782	0.00998	0.00631	0.00456	0.00336	0.00135	0.00424	0.03328	0.00280	0.08701

[dist]
# distance from previous block
# <min> <max>
20	53

[block]
# block no. 11 follows, 57 sequences, length 22
# corresponding to MSA columns:
# 1602-1623
name=unknown_L
#
# <colnr> <probs for GDERKNQSTAVLIFYWHMCP>
#	G	D	E	R	K	N	Q	S	T	A	V	L	I	F	Y	W	H	M	C	P
0	0.01483	0.05820	0.04498	0.01038	0.01338	0.06280	0.00838	0.28734	0.21537	0.05242	0.11510	0.04761	0.03161	0.00753	0.00537	0.00174	0.00496	0.00569	0.00481	0.00750
1	0.01263	0.20160	0.20606	0.15083	0.08344	0.01282	0.05600	0.05403	0.01132	0.05170	0.01084	0.01334	0.01967	0.00618	0.01779	0.00174	0.03175	0.00424	0.01703	0.03699
2	0.01158	0.09874	0.65508	0.03664	0.01985	0.01206	0.01574	0.01589	0.03053	0.03997	0.01034	0.01230	0.00788	0.00557	0.00498	0.00173	0.00689	0.00397	0.00274	0.00751
