[name]
unknown

[dist]
# distance from previous block
# <min> <max>
0	75

[block]
# block no. 0 follows, 55 sequences, length 11
# corresponding to MSA columns:
# 85-95
name=unknown_A
#
# <colnr> <probs for GDERKNQSTAVLIFYWHMCP>
#	G	D	E	R	K	N	Q	S	T	A	V	L	I	F	Y	W	H	M	C	P
0	0.73991	0.00984	0.00811	0.00771	0.04478	0.04665	0.00590	0.03824	0.00868	0.02016	0.00675	0.00796	0.00531	0.00449	0.00346	0.00144	0.02979	0.00271	0.00286	0.00525
1	0.00933	0.02406	0.81240	0.01326	0.02014	0.01080	0.01719	0.01473	0.00982	0.01473	0.00835	0.00982	0.00589	0.00442	0.00442	0.00147	0.00688	0.00344	0.00196	0.00688
2	0.00904	0.00631	0.00824	0.00773	0.00933	0.00624	0.04412	0.04575	0.12303	0.09244	0.11712	0.32186	0.10172	0.01042	0.00543	0.00168	0.00331	0.05566	0.02544	0.00512
3	0.00679	0.00696	0.08676	0.00693	0.00868	0.00533	0.02068	0.00928	0.04723	0.01504	0.29447	0.16977	0.22267	0.03936	0.00610	0.00171	0.00313	0.04030	0.00429	0.00453
4	0.00841	0.00547	0.00673	0.00614	0.00774	0.00505	0.00470	0.01105	0.06346	0.11370	0.49639	0.03347	0.20101	0.00933	0.00534	0.00149	0.00254	0.00806	0.00500	0.00491
5	0.16627	0.00796	0.00929	0.00770	0.01058	0.00798	0.00623	0.03790	0.12278	0.40174	0.05034	0.01557	0.01213	0.00759	0.05642	0.00182	0.00423	0.00453	0.06222	0.00670
6	0.01284	0.01434	0.24708	0.09544	0.16253	0.01087	0.01218	0.18077	0.04924	0.11107	0.03246	0.01240	0.00872	0.00500	0.00458	0.00143	0.00550	0.00415	0.00328	0.02611
7	0.01965	0.00765	0.01041	0.00807	0.01146	0.00663	0.00663	0.02149	0.01330	0.74310	0.08550	0.01745	0.01428	0.00608	0.00475	0.00144	0.00381	0.00500	0.00570	0.00762
8	0.01144	0.02910	0.05144	0.01360	0.03189	0.07421	0.27466	0.05970	0.04695	0.01500	0.00883	0.01107	0.00708	0.00487	0.00647	0.00140	0.15137	0.00419	0.00261	0.19413
9	0.01678	0.01534	0.01336	0.01219	0.07686	0.36138	0.03746	0.16694	0.01445	0.17581	0.01263	0.01285	0.05214	0.00544	0.00453	0.00133	0.00629	0.00413	0.00360	0.00649
10	0.00739	0.00498	0.00673	0.00631	0.00750	0.00481	0.00481	0.00946	0.01203	0.06118	0.60210	0.03039	0.03561	0.01440	0.16858	0.00267	0.00435	0.00752	0.00463	0.00454

[dist]
# distance from previous block
# <min> <max>
0	1

[block]
# block no. 1 follows, 55 sequences, length 8
# corresponding to MSA columns:
# 97-104
name=unknown_B
#
# <colnr> <probs for GDERKNQSTAVLIFYWHMCP>
#	G	D	E	R	K	N	Q	S	T	A	V	L	I	F	Y	W	H	M	C	P
0	0.00670	0.00479	0.00659	0.00766	0.00839	0.00467	0.00612	0.00827	0.00993	0.01304	0.02507	0.39061	0.02850	0.01360	0.00621	0.00203	0.00360	0.44585	0.00430	0.00407
1	0.00653	0.00463	0.00587	0.00599	0.00639	0.00482	0.00401	0.00723	0.00747	0.01013	0.01712	0.11503	0.06476	0.43464	0.28013	0.00501	0.00678	0.00708	0.00297	0.00343
2	0.01357	0.01022	0.04247	0.00882	0.01190	0.03101	0.00731	0.24757	0.17262	0.14318	0.08363	0.03445	0.09872	0.00671	0.00475	0.00142	0.00410	0.00545	0.00454	0.06756
3	0.01267	0.00893	0.01137	0.04439	0.01316	0.00803	0.04800	0.05781	0.12695	0.17783	0.01210	0.01239	0.00894	0.00453	0.00411	0.00109	0.00403	0.00380	0.00371	0.43618
4	0.00736	0.00602	0.00816	0.00735	0.00882	0.00586	0.06514	0.06303	0.01167	0.01556	0.26566	0.20427	0.25339	0.01048	0.00599	0.00162	0.04162	0.00913	0.00433	0.00455
5	0.06738	0.05336	0.01270	0.05486	0.10901	0.04777	0.00853	0.31321	0.01459	0.06268	0.01200	0.03954	0.00995	0.00793	0.06137	0.00184	0.00540	0.05134	0.06006	0.00646
6	0.00948	0.19502	0.25060	0.00917	0.01346	0.01014	0.03172	0.01265	0.03705	0.01370	0.01432	0.07152	0.10708	0.00577	0.00416	0.00124	0.00475	0.00467	0.00271	0.20079
7	0.01047	0.00808	0.01222	0.17136	0.18376	0.00849	0.03461	0.07066	0.02624	0.08736	0.03995	0.11572	0.08291	0.00788	0.00610	0.05345	0.02575	0.04596	0.00338	0.00564

[dist]
# distance from previous block
# <min> <max>
0	26

[block]
# block no. 2 follows, 55 sequences, length 21
# corresponding to MSA columns:
# 131-151
name=unknown_C
#
# <colnr> <probs for GDERKNQSTAVLIFYWHMCP>
#	G	D	E	R	K	N	Q	S	T	A	V	L	I	F	Y	W	H	M	C	P
0	0.05456	0.06880	0.08928	0.08910	0.15096	0.02572	0.32162	0.03166	0.02661	0.01475	0.00868	0.01133	0.00683	0.00454	0.00564	0.00151	0.07534	0.00442	0.00236	0.00627
1	0.49583	0.02984	0.08707	0.00918	0.07220	0.01007	0.00747	0.01471	0.00921	0.13016	0.03163	0.01042	0.00757	0.00562	0.02527	0.00161	0.03987	0.00334	0.00315	0.00578
2	0.00851	0.00744	0.01050	0.21917	0.15028	0.00797	0.00844	0.01226	0.12576	0.01430	0.07127	0.05889	0.20567	0.03135	0.00549	0.00162	0.00416	0.01729	0.03429	0.00534
3	0.01064	0.00891	0.06353	0.00853	0.03302	0.00835	0.00672	0.26431	0.01327	0.01820	0.07892	0.10816	0.04773	0.18624	0.03390	0.00231	0.00453	0.02855	0.04639	0.02779
4	0.86937	0.00900	0.00684	0.00612	0.00900	0.01044	0.00504	0.01368	0.00792	0.02087	0.00648	0.00756	0.00504	0.00432	0.00288	0.00144	0.00360	0.00252	0.00288	0.00504
5	0.00961	0.00708	0.00802	0.00742	0.00904	0.03154	0.00566	0.12932	0.06237	0.07084	0.19291	0.23799	0.14597	0.01002	0.00566	0.00161	0.02863	0.02658	0.00454	0.00517
6	0.00569	0.00412	0.00538	0.00634	0.00672	0.00381	0.00427	0.00656	0.00916	0.01213	0.05147	0.75494	0.08380	0.01423	0.00589	0.00185	0.00266	0.01284	0.00434	0.00381
7	0.01116	0.00818	0.00896	0.00780	0.00983	0.00876	0.00595	0.24687	0.16242	0.03820	0.06173	0.09365	0.10095	0.14326	0.02138	0.00209	0.00401	0.00648	0.05259	0.00573
8	0.00622	0.00474	0.00571	0.00547	0.00672	0.00423	0.00410	0.00807	0.01230	0.01659	0.54846	0.03814	0.30175	0.01028	0.00549	0.00150	0.00225	0.00889	0.00485	0.00423
9	0.01157	0.00999	0.01052	0.00947	0.01210	0.01157	0.00736	0.02472	0.79908	0.01946	0.01893	0.01736	0.01420	0.00631	0.00473	0.00158	0.00368	0.00526	0.00473	0.00736
10	0.01642	0.01992	0.01276	0.01153	0.01400	0.66349	0.00872	0.03952	0.14368	0.01319	0.00924	0.00995	0.00740	0.00507	0.00430	0.00127	0.00752	0.00340	0.00284	0.00578
11	0.00675	0.00457	0.00538	0.00538	0.00549	0.00468	0.00320	0.00696	0.00686	0.00925	0.01438	0.02889	0.01624	0.73431	0.12495	0.00489	0.00552	0.00654	0.00278	0.00299
12	0.01098	0.01051	0.01792	0.18359	0.65660	0.01091	0.01401	0.01381	0.01034	0.01455	0.00866	0.01169	0.00714	0.00424	0.00461	0.00141	0.00566	0.00414	0.00226	0.00694
13	0.00578	0.00413	0.00552	0.00653	0.00687	0.00387	0.00445	0.00670	0.00916	0.01225	0.05919	0.76862	0.03118	0.01429	0.00594	0.00188	0.00274	0.04274	0.00435	0.00382
14	0.01657	0.01112	0.01222	0.00966	0.01299	0.01206	0.00788	0.49926	0.13559	0.14677	0.01374	0.01328	0.00971	0.00571	0.00456	0.00141	0.00450	0.00443	0.07098	0.00755
15	0.00677	0.00451	0.00507	0.00507	0.00507	0.00451	0.00282	0.00677	0.00677	0.00902	0.01466	0.03044	0.01691	0.83650	0.02368	0.00451	0.00451	0.00677	0.00282	0.00282
16	0.00879	0.00535	0.00695	0.03555	0.00855	0.00489	0.00496	0.01069	0.01235	0.14825	0.46955	0.08669	0.16043	0.00943	0.00536	0.00151	0.00269	0.00820	0.00493	0.00489
17	0.01178	0.00914	0.01003	0.00830	0.01132	0.00940	0.00656	0.11924	0.35561	0.05099	0.04393	0.01507	0.01222	0.00547	0.00427	0.00126	0.00363	0.00446	0.08082	0.23648
18	0.01187	0.00731	0.00887	0.03712	0.01057	0.00745	0.00621	0.11054	0.12216	0.20300	0.02179	0.20441	0.10633	0.07278	0.00676	0.00184	0.01778	0.03290	0.00452	0.00580
19	0.03274	0.26917	0.38410	0.01184	0.01696	0.04726	0.08732	0.02621	0.03427	0.01387	0.00808	0.00951	0.00630	0.00444	0.00437	0.00134	0.03026	0.00339	0.00218	0.00641
20	0.05793	0.25912	0.27012	0.10278	0.01671	0.03902	0.01125	0.06714	0.02789	0.03995	0.02683	0.01206	0.00814	0.00496	0.00407	0.00135	0.00561	0.03625	0.00258	0.00621

[dist]
# distance from previous block
# <min> <max>
3	96

[block]
# block no. 3 follows, 55 sequences, length 25
# corresponding to MSA columns:
# 248-272
name=unknown_D
#
# <colnr> <probs for GDERKNQSTAVLIFYWHMCP>
#	G	D	E	R	K	N	Q	S	T	A	V	L	I	F	Y	W	H	M	C	P
0	0.01020	0.06963	0.15591	0.02910	0.04133	0.07829	0.00870	0.08541	0.08062	0.02601	0.19490	0.06104	0.07440	0.00803	0.02746	0.00163	0.00480	0.03316	0.00365	0.00572
1	0.05447	0.00854	0.00943	0.00810	0.01044	0.03160	0.01573	0.21728	0.08810	0.08145	0.03453	0.10836	0.02997	0.01002	0.09519	0.00208	0.00484	0.01383	0.12679	0.04923
2	0.11929	0.00727	0.00931	0.09523	0.01152	0.00872	0.00694	0.05913	0.00876	0.03342	0.01087	0.03523	0.01011	0.12311	0.24284	0.00369	0.15938	0.00475	0.04571	0.00470
3	0.01091	0.01307	0.06267	0.01932	0.02413	0.01172	0.75589	0.01489	0.01093	0.01489	0.00936	0.01243	0.00701	0.00394	0.00544	0.00156	0.00780	0.00540	0.00234	0.00630
4	0.01069	0.10322	0.21968	0.11735	0.08006	0.01219	0.30450	0.04061	0.01052	0.01444	0.00858	0.01110	0.00656	0.00437	0.00511	0.00148	0.03667	0.00429	0.00224	0.00635
5	0.01555	0.01887	0.01267	0.01140	0.01346	0.62216	0.00869	0.03689	0.02979	0.01262	0.07554	0.01110	0.00947	0.00562	0.00554	0.00133	0.09757	0.00366	0.00270	0.00538
6	0.00889	0.00824	0.01007	0.03704	0.01080	0.07117	0.02996	0.02729	0.05445	0.01238	0.01560	0.30956	0.01703	0.06170	0.04517	0.00224	0.23944	0.03105	0.00324	0.00467
7	0.00645	0.00502	0.00736	0.00749	0.00805	0.00507	0.05346	0.00746	0.00852	0.01155	0.02088	0.55209	0.02428	0.11968	0.10023	0.00284	0.04137	0.01059	0.00370	0.00391
8	0.00599	0.00429	0.00584	0.00659	0.00704	0.00424	0.00460	0.00709	0.00888	0.01218	0.06716	0.60245	0.02717	0.01816	0.16994	0.00297	0.00463	0.01106	0.02582	0.00390
9	0.73115	0.00975	0.03310	0.00743	0.01061	0.01049	0.05797	0.03347	0.00874	0.05178	0.00732	0.00838	0.00553	0.00438	0.00322	0.00145	0.00403	0.00287	0.00297	0.00536
10	0.00913	0.03148	0.14448	0.18672	0.05833	0.00864	0.02150	0.03839	0.02772	0.03329	0.05687	0.01564	0.04228	0.01231	0.19880	0.00283	0.00694	0.00457	0.00274	0.09734
11	0.01245	0.01328	0.01085	0.01000	0.01174	0.32455	0.00770	0.04209	0.15103	0.01333	0.01207	0.01686	0.01085	0.07422	0.13882	0.00268	0.07622	0.06287	0.00305	0.00532
12	0.01206	0.73932	0.12103	0.00861	0.01295	0.01748	0.00909	0.01403	0.00950	0.01141	0.00670	0.00775	0.00596	0.00403	0.00316	0.00105	0.00521	0.00260	0.00199	0.00608
13	0.00798	0.00609	0.00713	0.00656	0.00817	0.00607	0.00501	0.03414	0.16941	0.03306	0.48226	0.03196	0.16584	0.00908	0.00530	0.00150	0.00263	0.00783	0.00491	0.00507
14	0.01031	0.00700	0.00743	0.00645	0.00860	0.00714	0.00502	0.08948	0.17714	0.01860	0.01446	0.01551	0.01120	0.00530	0.00373	0.00115	0.00298	0.00426	0.45989	0.14434
15	0.00567	0.00405	0.00540	0.00648	0.00675	0.00378	0.00432	0.00648	0.00891	0.01188	0.02564	0.83347	0.03077	0.01457	0.00594	0.00189	0.00270	0.01323	0.00432	0.00378
16	0.01493	0.01295	0.01274	0.01058	0.01362	0.14011	0.03658	0.33536	0.27581	0.04055	0.01384	0.04873	0.01073	0.00603	0.00469	0.00145	0.00513	0.00481	0.00425	0.00709
17	0.10632	0.01878	0.01236	0.01093	0.01359	0.59777	0.00836	0.07612	0.01330	0.08881	0.00846	0.00921	0.00656	0.00489	0.00414	0.00126	0.00723	0.00319	0.00293	0.00578
18	0.00596	0.00476	0.00535	0.00528	0.00668	0.00415	0.00402	0.00752	0.01144	0.01462	0.29285	0.04191	0.51692	0.01110	0.00554	0.00157	0.00240	0.04926	0.00458	0.00410
19	0.15091	0.59171	0.06778	0.00829	0.01216	0.01603	0.02089	0.01420	0.00933	0.04195	0.00705	0.00808	0.00604	0.00423	0.00347	0.00115	0.02581	0.00272	0.00228	0.00593
20	0.01343	0.08539	0.14761	0.03819	0.03169	0.04885	0.03420	0.05137	0.07244	0.22304	0.05377	0.01425	0.02251	0.00674	0.03291	0.00167	0.09267	0.00443	0.01832	0.00652
21	0.00581	0.00459	0.00524	0.00536	0.00655	0.00402	0.00391	0.00718	0.01093	0.01400	0.23906	0.20120	0.45212	0.01176	0.00558	0.00161	0.00238	0.01014	0.00453	0.00402
22	0.00682	0.00484	0.00718	0.00718	0.00791	0.00550	0.00548	0.00793	0.00738	0.01046	0.01298	0.01856	0.03745	0.03141	0.67511	0.13159	0.01090	0.00501	0.00248	0.00384
23	0.00892	0.00805	0.01458	0.01164	0.01419	0.00755	0.31193	0.01178	0.04911	0.05559	0.06801	0.24347	0.12960	0.00879	0.00557	0.00166	0.00480	0.03584	0.00369	0.00522
24	0.02248	0.00612	0.00707	0.00689	0.00837	0.00639	0.00528	0.01219	0.20459	0.01531	0.16015	0.08063	0.19162	0.04640	0.11240	0.00249	0.00426	0.06978	0.03270	0.00489

[dist]
# distance from previous block
# <min> <max>
3	25

[block]
# block no. 4 follows, 55 sequences, length 8
# corresponding to MSA columns:
# 299-306
name=unknown_E
#
# <colnr> <probs for GDERKNQSTAVLIFYWHMCP>
#	G	D	E	R	K	N	Q	S	T	A	V	L	I	F	Y	W	H	M	C	P
0	0.01072	0.01024	0.01744	0.26158	0.58070	0.01084	0.01388	0.01358	0.01022	0.01423	0.00861	0.01177	0.00703	0.00429	0.00462	0.00143	0.00572	0.00414	0.00223	0.00673
1	0.01037	0.00975	0.01601	0.40461	0.35009	0.01108	0.01312	0.04383	0.01018	0.01390	0.00843	0.01182	0.00674	0.00473	0.00541	0.00151	0.06585	0.00414	0.00226	0.00618
2	0.00954	0.00890	0.01478	0.30476	0.39650	0.00955	0.01204	0.01210	0.00994	0.01350	0.01270	0.10957	0.05448	0.00597	0.00483	0.00151	0.00526	0.00552	0.00257	0.00598
3	0.00615	0.00623	0.08887	0.00714	0.00823	0.00460	0.00573	0.00758	0.00937	0.01263	0.06564	0.64243	0.06360	0.01307	0.00576	0.00182	0.00315	0.03973	0.00412	0.00416
4	0.00817	0.07148	0.00918	0.00727	0.00918	0.00679	0.02883	0.03915	0.06166	0.01619	0.31556	0.09206	0.09352	0.00957	0.02538	0.00163	0.00348	0.10301	0.00421	0.09370
5	0.01136	0.00878	0.00960	0.00751	0.01076	0.04940	0.00583	0.06013	0.06633	0.09865	0.01167	0.05147	0.01006	0.09068	0.00598	0.00135	0.00395	0.00414	0.00338	0.48897
6	0.38391	0.02557	0.01105	0.05000	0.09427	0.00965	0.06827	0.01364	0.05325	0.01743	0.00864	0.01041	0.00693	0.00608	0.05167	0.00167	0.00475	0.00339	0.02747	0.15197
7	0.11951	0.01282	0.03731	0.02847	0.03722	0.10700	0.29564	0.14043	0.01251	0.07281	0.02954	0.01175	0.00796	0.00493	0.00541	0.00149	0.06142	0.00443	0.00306	0.00629

[dist]
# distance from previous block
# <min> <max>
1	11

[block]
# block no. 5 follows, 55 sequences, length 15
# corresponding to MSA columns:
# 318-332
name=unknown_F
#
# <colnr> <probs for GDERKNQSTAVLIFYWHMCP>
#	G	D	E	R	K	N	Q	S	T	A	V	L	I	F	Y	W	H	M	C	P
0	0.00584	0.00473	0.00518	0.00507	0.00649	0.00407	0.00380	0.00733	0.01141	0.01447	0.28391	0.04164	0.56763	0.01107	0.00549	0.00154	0.00231	0.00938	0.00457	0.00407
1	0.00648	0.00506	0.00598	0.00575	0.00714	0.00454	0.00427	0.00859	0.04207	0.01564	0.38254	0.13118	0.29391	0.01040	0.00540	0.00151	0.00244	0.00901	0.00461	0.05348
2	0.00919	0.00483	0.00489	0.00470	0.00594	0.00491	0.00357	0.05550	0.01045	0.01803	0.01495	0.01699	0.01169	0.00543	0.00333	0.00110	0.00234	0.00433	0.81329	0.00454
3	0.01151	0.01105	0.01888	0.02855	0.80748	0.01105	0.01428	0.01428	0.01059	0.01520	0.00875	0.01151	0.00737	0.00415	0.00461	0.00138	0.00553	0.00415	0.00230	0.00737
4	0.01696	0.05435	0.01353	0.01173	0.01420	0.75539	0.00889	0.01862	0.04277	0.01167	0.00761	0.00869	0.00630	0.00482	0.00417	0.00120	0.00808	0.00306	0.00247	0.00549
5	0.00692	0.00486	0.00643	0.00722	0.00785	0.00480	0.00562	0.00822	0.00931	0.01223	0.02230	0.21501	0.02511	0.22373	0.01073	0.00269	0.00400	0.41525	0.00392	0.00380
6	0.00919	0.00863	0.01454	0.61873	0.19149	0.01015	0.01277	0.01211	0.00955	0.01257	0.00925	0.05377	0.00769	0.00505	0.00471	0.00153	0.00588	0.00460	0.00223	0.00555
7	0.00948	0.00709	0.00824	0.00768	0.00949	0.00750	0.00592	0.05083	0.28712	0.06096	0.22416	0.12907	0.08006	0.01002	0.03828	0.00184	0.00355	0.04836	0.00469	0.00566
8	0.00658	0.00425	0.00564	0.00622	0.00651	0.00408	0.00421	0.00666	0.00807	0.01065	0.02047	0.40418	0.06155	0.13864	0.01178	0.22470	0.00342	0.06567	0.00350	0.00323
9	0.01376	0.01295	0.08708	0.01293	0.11502	0.05294	0.02789	0.27329	0.28167	0.03911	0.01340	0.02713	0.01014	0.00562	0.00467	0.00147	0.00501	0.00461	0.00399	0.00733
10	0.00676	0.00453	0.00517	0.00517	0.00521	0.00456	0.00294	0.00683	0.00679	0.00909	0.01457	0.02994	0.01669	0.80314	0.05675	0.00463	0.00484	0.00669	0.00281	0.00287
11	0.07928	0.05279	0.01360	0.01002	0.01364	0.03694	0.00832	0.59370	0.01910	0.11012	0.01125	0.01114	0.00794	0.00541	0.00443	0.00138	0.00497	0.00400	0.00445	0.00754
12	0.00677	0.00451	0.00507	0.00507	0.00507	0.00451	0.00282	0.00677	0.00677	0.00902	0.01466	0.03044	0.01691	0.83650	0.02368	0.00451	0.00451	0.00677	0.00282	0.00282
13	0.05540	0.01087	0.03197	0.04860	0.46772	0.01065	0.13979	0.01546	0.05597	0.08157	0.01050	0.01321	0.00836	0.00462	0.00472	0.00146	0.00559	0.02379	0.00280	0.00696
14	0.00894	0.05423	0.03467	0.00906	0.03598	0.09679	0.07909	0.01040	0.03013	0.01127	0.01421	0.14426	0.01530	0.35044	0.04471	0.00300	0.02610	0.02422	0.00292	0.00428

[dist]
# distance from previous block
# <min> <max>
3	9

[block]
# block no. 6 follows, 55 sequences, length 32
# corresponding to MSA columns:
# 342-373
name=unknown_G
#
# <colnr> <probs for GDERKNQSTAVLIFYWHMCP>
#	G	D	E	R	K	N	Q	S	T	A	V	L	I	F	Y	W	H	M	C	P
0	0.51571	0.28316	0.01340	0.00778	0.03859	0.01327	0.00655	0.02970	0.00878	0.01731	0.00664	0.00781	0.00552	0.00433	0.00334	0.00131	0.02610	0.00264	0.00258	0.00549
1	0.01203	0.15805	0.01632	0.01286	0.10945	0.03729	0.05769	0.15535	0.01107	0.01505	0.00825	0.01093	0.00713	0.00806	0.05388	0.05748	0.24621	0.00393	0.01310	0.00586
2	0.79625	0.00877	0.00699	0.00620	0.00904	0.01003	0.00509	0.01387	0.00837	0.05585	0.03981	0.00904	0.00692	0.00460	0.00307	0.00144	0.00356	0.00286	0.00310	0.00514
3	0.01108	0.01073	0.01771	0.19587	0.62518	0.03031	0.01386	0.01388	0.01038	0.01441	0.00861	0.01163	0.00709	0.00427	0.00461	0.00141	0.00574	0.00412	0.00226	0.00686
4	0.01247	0.01341	0.01242	0.01331	0.14507	0.30182	0.02755	0.02989	0.15201	0.01394	0.01296	0.12731	0.01203	0.00872	0.06382	0.00189	0.02149	0.02093	0.00314	0.00580
5	0.00572	0.00443	0.00522	0.00565	0.00658	0.00393	0.00400	0.00688	0.01021	0.01311	0.14282	0.38978	0.35963	0.01269	0.00569	0.00170	0.00248	0.01112	0.00443	0.00393
6	0.01391	0.00711	0.00899	0.00790	0.01023	0.00685	0.00612	0.01785	0.17812	0.37907	0.05972	0.24736	0.01912	0.00854	0.00509	0.00160	0.00346	0.00739	0.00510	0.00646
7	0.01395	0.09142	0.01324	0.01032	0.01299	0.30159	0.04724	0.11601	0.12488	0.05149	0.01459	0.06117	0.06247	0.00651	0.00462	0.00141	0.00580	0.05088	0.00347	0.00596
8	0.01933	0.00855	0.01096	0.00861	0.01207	0.00801	0.00704	0.07290	0.12653	0.64655	0.01797	0.01575	0.01167	0.00583	0.00468	0.00146	0.00399	0.00473	0.00554	0.00784
9	0.00574	0.00410	0.00548	0.00656	0.00687	0.00384	0.00445	0.00661	0.00898	0.01196	0.02560	0.80138	0.03061	0.01450	0.00596	0.00190	0.00276	0.04457	0.00432	0.00380
10	0.00763	0.00502	0.00633	0.00682	0.00761	0.02419	0.00486	0.00879	0.01007	0.08943	0.12157	0.59203	0.02973	0.01276	0.00575	0.00179	0.00298	0.05380	0.00451	0.00432
11	0.01006	0.01002	0.01501	0.14164	0.05514	0.01336	0.04527	0.01162	0.00781	0.01167	0.00672	0.01070	0.00623	0.00721	0.01263	0.00191	0.62151	0.00415	0.00207	0.00527
12	0.00924	0.00864	0.01179	0.01031	0.01033	0.01161	0.00823	0.01002	0.00704	0.01064	0.00840	0.01546	0.00895	0.21693	0.03572	0.00278	0.60241	0.00477	0.00224	0.00450
13	0.05314	0.00820	0.01068	0.00828	0.01177	0.00742	0.00682	0.06647	0.02654	0.69809	0.04093	0.01583	0.01206	0.00581	0.00463	0.00144	0.00395	0.00469	0.00555	0.00769
14	0.00674	0.00461	0.00557	0.00557	0.00575	0.00478	0.00344	0.00709	0.00691	0.00939	0.01420	0.02792	0.01582	0.66997	0.18871	0.00513	0.00616	0.00640	0.00275	0.00310
15	0.01021	0.00825	0.00971	0.00696	0.01107	0.00623	0.00558	0.01227	0.00983	0.05541	0.00878	0.00996	0.00712	0.00356	0.00351	0.00073	0.00347	0.00285	0.00291	0.82158
16	0.01322	0.01175	0.01529	0.06767	0.30656	0.09143	0.05019	0.14971	0.12486	0.05690	0.01166	0.01394	0.00923	0.00522	0.00468	0.00144	0.00545	0.03314	0.02072	0.00692
17	0.03021	0.00884	0.01461	0.62599	0.12202	0.01045	0.04273	0.04007	0.00995	0.01340	0.00864	0.01229	0.00658	0.00461	0.00459	0.00151	0.00596	0.00416	0.02786	0.00554
18	0.01018	0.01018	0.01425	0.01221	0.01221	0.01425	0.01018	0.01120	0.00712	0.01120	0.00611	0.01018	0.00611	0.00814	0.01527	0.00204	0.82799	0.00407	0.00204	0.00509
19	0.01232	0.25486	0.01990	0.01222	0.01536	0.08782	0.19914	0.08375	0.02746	0.01403	0.00804	0.01013	0.00674	0.00547	0.01815	0.00148	0.16737	0.00384	0.00247	0.04946
20	0.00578	0.00420	0.00570	0.03563	0.00765	0.00401	0.00462	0.00667	0.00892	0.01188	0.02502	0.80424	0.02989	0.01422	0.00589	0.00188	0.00282	0.01290	0.00424	0.00383
21	0.00756	0.00547	0.00675	0.00714	0.00796	0.00546	0.00503	0.13041	0.01095	0.01463	0.02336	0.70373	0.02716	0.01316	0.00574	0.00181	0.00308	0.01180	0.00437	0.00443
22	0.00677	0.00451	0.00507	0.00507	0.00507	0.00451	0.00282	0.00677	0.00677	0.00902	0.01466	0.03044	0.01691	0.83650	0.02368	0.00451	0.00451	0.00677	0.00282	0.00282
23	0.07040	0.00750	0.00982	0.00792	0.01105	0.00666	0.00645	0.01950	0.01229	0.61622	0.01824	0.09845	0.01354	0.00677	0.00472	0.00149	0.00380	0.03939	0.00526	0.04053
24	0.00667	0.00489	0.00701	0.00701	0.00768	0.00556	0.00523	0.00801	0.00734	0.01045	0.01289	0.02064	0.01266	0.19079	0.66357	0.00690	0.01091	0.00533	0.00256	0.00389
25	0.01176	0.42537	0.21932	0.05276	0.01471	0.03509	0.01029	0.01436	0.00979	0.06188	0.00835	0.00963	0.00671	0.00454	0.00413	0.00123	0.04170	0.00316	0.05910	0.00611
26	0.00711	0.00543	0.00745	0.00734	0.00808	0.01980	0.00560	0.00857	0.00760	0.01097	0.01247	0.01905	0.01189	0.12139	0.63617	0.00646	0.04804	0.00507	0.04745	0.00408
27	0.05445	0.01003	0.01606	0.29068	0.27144	0.01102	0.08866	0.04839	0.08979	0.03755	0.00987	0.01237	0.00762	0.00473	0.00492	0.00150	0.02753	0.00432	0.00269	0.00638
28	0.00931	0.04625	0.75884	0.01282	0.01939	0.01077	0.01643	0.01448	0.00994	0.01478	0.03931	0.01073	0.00737	0.00461	0.00442	0.00146	0.00664	0.00360	0.00209	0.00675
29	0.01158	0.00816	0.01047	0.02131	0.08564	0.00676	0.00662	0.02733	0.01059	0.15580	0.02392	0.07624	0.01022	0.00495	0.00404	0.00102	0.00372	0.00418	0.00343	0.52403
30	0.00736	0.00579	0.00837	0.00798	0.00904	0.01774	0.02749	0.03630	0.00844	0.01198	0.05226	0.01844	0.01284	0.03089	0.70212	0.00662	0.02416	0.00510	0.00269	0.00439
31	0.00657	0.00490	0.00714	0.00716	0.00798	0.00552	0.00548	0.00817	0.00803	0.01144	0.07540	0.06176	0.03202	0.05743	0.67103	0.00651	0.01070	0.00583	0.00284	0.00410

[dist]
# distance from previous block
# <min> <max>
3	6

[block]
# block no. 7 follows, 55 sequences, length 21
# corresponding to MSA columns:
# 380-400
name=unknown_H
#
# <colnr> <probs for GDERKNQSTAVLIFYWHMCP>
#	G	D	E	R	K	N	Q	S	T	A	V	L	I	F	Y	W	H	M	C	P
0	0.03727	0.01108	0.03515	0.13627	0.33327	0.03302	0.01151	0.12709	0.07974	0.01672	0.00966	0.01189	0.00773	0.00585	0.02901	0.00164	0.07538	0.00413	0.00283	0.03078
1	0.11714	0.09346	0.27013	0.01065	0.03200	0.07863	0.02860	0.11276	0.02342	0.07850	0.01021	0.04736	0.00807	0.00513	0.00415	0.00137	0.00544	0.00394	0.03715	0.03188
2	0.00768	0.00564	0.00687	0.00650	0.00785	0.00557	0.00489	0.01138	0.13922	0.03907	0.50093	0.08390	0.08934	0.04236	0.00612	0.00166	0.00267	0.02865	0.00485	0.00483
3	0.01123	0.01051	0.01339	0.20685	0.07934	0.11002	0.09469	0.07988	0.08789	0.01571	0.03762	0.03508	0.01004	0.00540	0.00486	0.00141	0.03252	0.00463	0.12826	0.03067
4	0.00758	0.00560	0.00714	0.00778	0.00876	0.00573	0.00612	0.02997	0.10212	0.01392	0.02320	0.30068	0.02538	0.07515	0.00734	0.00215	0.00373	0.35894	0.00425	0.00446
5	0.00674	0.00462	0.00565	0.00565	0.00584	0.00482	0.00353	0.00713	0.00693	0.00944	0.01413	0.02754	0.01565	0.64550	0.21296	0.00522	0.00640	0.00634	0.00274	0.00314
6	0.04491	0.01026	0.01497	0.48250	0.02532	0.08660	0.12274	0.04442	0.02652	0.04605	0.02273	0.03487	0.00800	0.00501	0.00471	0.00151	0.00619	0.00452	0.00259	0.00556
7	0.04894	0.28459	0.08611	0.07218	0.10908	0.04904	0.00954	0.07310	0.13453	0.01544	0.03174	0.01209	0.00906	0.00495	0.00400	0.00131	0.00503	0.01517	0.02777	0.00634
8	0.01055	0.00861	0.04364	0.12171	0.22299	0.00792	0.00920	0.01278	0.01052	0.12738	0.03700	0.07989	0.13661	0.00678	0.00507	0.00144	0.02638	0.02269	0.00338	0.10546
9	0.14698	0.03766	0.09487	0.01034	0.03660	0.15217	0.00872	0.22858	0.03021	0.08907	0.02909	0.05123	0.00924	0.00570	0.00470	0.00142	0.03665	0.00420	0.01622	0.00639
10	0.01261	0.81149	0.02400	0.00810	0.01202	0.04562	0.00800	0.01409	0.00958	0.01096	0.00649	0.00749	0.00597	0.00401	0.00303	0.00100	0.00509	0.00250	0.00200	0.00595
11	0.00808	0.00404	0.00606	0.00606	0.00606	0.00404	0.00404	0.00606	0.00606	0.00808	0.00808	0.01414	0.00808	0.01616	0.01818	0.86465	0.00404	0.00404	0.00202	0.00202
12	0.07554	0.01324	0.17378	0.05932	0.11597	0.05715	0.14981	0.01506	0.03141	0.11422	0.01156	0.01348	0.04046	0.02646	0.01809	0.00168	0.06920	0.00446	0.00286	0.00626
13	0.03923	0.02869	0.01536	0.20473	0.22589	0.25044	0.04882	0.03121	0.01111	0.03471	0.00872	0.03099	0.00723	0.00494	0.00491	0.00141	0.03916	0.00402	0.00247	0.00597
14	0.00933	0.02406	0.81240	0.01326	0.02014	0.01080	0.01719	0.01473	0.00982	0.01473	0.00835	0.00982	0.00589	0.00442	0.00442	0.00147	0.00688	0.00344	0.00196	0.00688
15	0.00580	0.00416	0.00544	0.00641	0.00676	0.00390	0.00434	0.00664	0.00894	0.01184	0.02595	0.71722	0.06522	0.06106	0.00695	0.00203	0.00286	0.04649	0.00423	0.00375
16	0.01123	0.12445	0.27250	0.04592	0.11910	0.04054	0.05748	0.03487	0.02911	0.08827	0.01414	0.03544	0.09597	0.00559	0.00451	0.00142	0.00554	0.00467	0.00286	0.00639
17	0.00917	0.00889	0.01392	0.78877	0.03125	0.04662	0.01274	0.01219	0.00948	0.01186	0.00822	0.01222	0.00619	0.00466	0.00463	0.00153	0.00630	0.00408	0.00208	0.00518
18	0.01055	0.00796	0.00838	0.00762	0.00971	0.00886	0.00589	0.06714	0.43757	0.01895	0.03925	0.03846	0.04673	0.00650	0.00436	0.00142	0.00319	0.00537	0.26593	0.00617
19	0.25469	0.02134	0.08883	0.04616	0.13253	0.02949	0.04009	0.03022	0.02172	0.05911	0.01320	0.07889	0.06312	0.02202	0.03675	0.00178	0.01691	0.01352	0.02401	0.00563
20	0.02269	0.00694	0.00844	0.09003	0.01110	0.01736	0.02990	0.09766	0.02773	0.14373	0.03471	0.01775	0.06351	0.00588	0.00408	0.00129	0.00350	0.00482	0.40338	0.00549

[dist]
# distance from previous block
# <min> <max>
1	7

[block]
# block no. 8 follows, 55 sequences, length 9
# corresponding to MSA columns:
# 408-416
name=unknown_I
#
# <colnr> <probs for GDERKNQSTAVLIFYWHMCP>
#	G	D	E	R	K	N	Q	S	T	A	V	L	I	F	Y	W	H	M	C	P
0	0.29763	0.01286	0.11691	0.00975	0.01283	0.12732	0.06213	0.04585	0.01017	0.09741	0.00955	0.04039	0.00784	0.04092	0.02075	0.00172	0.07338	0.00394	0.00299	0.00568
1	0.00808	0.00404	0.00606	0.00606	0.00606	0.00404	0.00404	0.00606	0.00606	0.00808	0.00808	0.01414	0.00808	0.01616	0.01818	0.86465	0.00404	0.00404	0.00202	0.00202
2	0.00965	0.00953	0.01712	0.53781	0.10194	0.01077	0.17846	0.01340	0.04975	0.01322	0.00910	0.01260	0.00690	0.00453	0.00483	0.00154	0.00636	0.00448	0.00229	0.00572
3	0.00703	0.00473	0.00594	0.00599	0.00708	0.00425	0.00435	0.00852	0.01120	0.06978	0.32755	0.30587	0.19738	0.01144	0.00559	0.00163	0.00252	0.01008	0.00473	0.00433
4	0.01246	0.00992	0.01038	0.00882	0.01125	0.05094	0.00693	0.33564	0.15319	0.02135	0.13838	0.08518	0.06348	0.03394	0.03500	0.00179	0.00447	0.00614	0.00444	0.00628
5	0.02680	0.04100	0.05494	0.02827	0.01251	0.01050	0.02187	0.31238	0.09199	0.06260	0.06872	0.06389	0.01404	0.02511	0.00531	0.00155	0.01778	0.05925	0.07509	0.00640
6	0.01204	0.00751	0.00960	0.05322	0.06419	0.00748	0.00672	0.14566	0.03181	0.18739	0.24121	0.06124	0.09313	0.00758	0.00496	0.00146	0.00358	0.00646	0.04877	0.00598
7	0.01601	0.14852	0.06306	0.01208	0.05735	0.52759	0.00948	0.04450	0.01257	0.05658	0.00799	0.00901	0.00643	0.00469	0.00408	0.00121	0.00725	0.00314	0.00257	0.00591
8	0.08316	0.01207	0.08577	0.02841	0.03468	0.11629	0.06566	0.15497	0.04056	0.05875	0.08535	0.04931	0.03470	0.05101	0.00615	0.00163	0.04601	0.00504	0.03461	0.00588

[dist]
# distance from previous block
# <min> <max>
1	9

[block]
# block no. 9 follows, 55 sequences, length 42
# corresponding to MSA columns:
# 426-467
name=unknown_J
#
# <colnr> <probs for GDERKNQSTAVLIFYWHMCP>
#	G	D	E	R	K	N	Q	S	T	A	V	L	I	F	Y	W	H	M	C	P
0	0.03347	0.01132	0.08527	0.07927	0.08008	0.01026	0.23680	0.06987	0.03552	0.19864	0.05567	0.01401	0.01016	0.00521	0.00549	0.00152	0.05253	0.00483	0.00345	0.00664
1	0.05579	0.00623	0.00721	0.00686	0.00825	0.00621	0.00505	0.12678	0.01139	0.03971	0.11532	0.30055	0.08072	0.12733	0.00788	0.00203	0.00343	0.04383	0.00415	0.04127
2	0.01323	0.03354	0.01227	0.07544	0.10690	0.01090	0.00847	0.38285	0.01555	0.02155	0.01255	0.01670	0.01038	0.03752	0.00524	0.00153	0.00465	0.07361	0.15067	0.00644
3	0.01033	0.03883	0.03757	0.06275	0.01286	0.03174	0.02900	0.13313	0.06304	0.01596	0.01192	0.09460	0.01072	0.01145	0.16437	0.00245	0.00603	0.00482	0.00316	0.25529
4	0.01445	0.01107	0.01173	0.00983	0.01276	0.04199	0.00790	0.37480	0.27047	0.06414	0.01533	0.05361	0.01223	0.00742	0.02745	0.00168	0.00476	0.04666	0.00456	0.00715
5	0.00760	0.00481	0.00632	0.00683	0.00760	0.00454	0.00484	0.03430	0.01002	0.08464	0.06695	0.63033	0.02850	0.02992	0.00615	0.00188	0.00299	0.05298	0.00447	0.00433
6	0.08842	0.00924	0.00991	0.00769	0.01115	0.03064	0.00617	0.17415	0.01223	0.01849	0.03227	0.04970	0.00969	0.00499	0.00391	0.00104	0.00386	0.02398	0.02566	0.47682
7	0.01069	0.01323	0.20933	0.11788	0.05492	0.00974	0.22075	0.03443	0.01069	0.06736	0.01062	0.01467	0.00850	0.00493	0.00478	0.00144	0.00604	0.06393	0.00271	0.13334
8	0.00957	0.00757	0.00981	0.00888	0.00984	0.00925	0.00696	0.02628	0.17999	0.03366	0.01176	0.01553	0.01030	0.05402	0.19106	0.13062	0.23914	0.00468	0.03616	0.00491
9	0.00602	0.00450	0.00524	0.00551	0.00623	0.00418	0.00372	0.00686	0.00906	0.01165	0.07394	0.24924	0.29231	0.24134	0.05680	0.00280	0.00361	0.00953	0.00385	0.00362
10	0.00612	0.00474	0.00558	0.00537	0.00667	0.00419	0.00402	0.00788	0.01207	0.01606	0.48177	0.03902	0.36878	0.01048	0.00549	0.00151	0.00226	0.00901	0.00478	0.00419
11	0.00640	0.00489	0.00588	0.00561	0.00690	0.00446	0.00421	0.00860	0.03526	0.01682	0.55065	0.03731	0.27569	0.01011	0.00547	0.00150	0.00229	0.00875	0.00487	0.00433
12	0.03868	0.00816	0.00938	0.00678	0.01077	0.00628	0.00542	0.01175	0.00959	0.01542	0.00844	0.00983	0.00700	0.00354	0.00342	0.00073	0.00341	0.00280	0.03129	0.80732
13	0.01491	0.03787	0.03151	0.03539	0.24990	0.03168	0.07773	0.18256	0.02955	0.20375	0.02186	0.01309	0.00905	0.00514	0.00495	0.00143	0.02682	0.01187	0.00369	0.00723
14	0.01575	0.01104	0.02287	0.05401	0.03714	0.01207	0.00870	0.44357	0.02882	0.14039	0.01186	0.01240	0.00853	0.00578	0.00571	0.00146	0.09543	0.00426	0.07307	0.00713
15	0.00670	0.00453	0.00552	0.00555	0.00654	0.00421	0.00406	0.00851	0.01139	0.01642	0.41534	0.18590	0.12011	0.00993	0.00514	0.00148	0.00230	0.00869	0.17348	0.00421
16	0.01043	0.03390	0.03212	0.00859	0.01098	0.00961	0.00683	0.09821	0.40981	0.01806	0.05395	0.18580	0.04419	0.00800	0.00491	0.00155	0.00363	0.00683	0.00439	0.04820
17	0.01134	0.65778	0.02049	0.00757	0.01098	0.03263	0.00724	0.01291	0.01013	0.01217	0.12564	0.01335	0.05153	0.00520	0.00350	0.00110	0.00451	0.00373	0.00257	0.00562
18	0.02272	0.08029	0.15492	0.03312	0.05522	0.09178	0.00932	0.18163	0.03460	0.04012	0.05681	0.01400	0.03244	0.00841	0.06853	0.05618	0.00583	0.00428	0.04379	0.00601
19	0.03287	0.03612	0.04124	0.11081	0.06200	0.07250	0.34064	0.02397	0.03125	0.01413	0.01295	0.03895	0.06755	0.00574	0.00563	0.00157	0.05079	0.04286	0.00268	0.00576
20	0.00600	0.00432	0.00558	0.00621	0.00663	0.00420	0.00419	0.00684	0.00858	0.01146	0.04435	0.50499	0.08436	0.16213	0.11471	0.00304	0.00425	0.01063	0.00384	0.00369
21	0.03523	0.03202	0.00971	0.06456	0.09192	0.01771	0.00722	0.04058	0.16645	0.03052	0.04023	0.23353	0.05856	0.04344	0.00597	0.00179	0.00394	0.10737	0.00390	0.00535
22	0.03212	0.28853	0.17608	0.04278	0.09510	0.15614	0.01052	0.01502	0.03342	0.03520	0.02548	0.01108	0.03428	0.00484	0.00418	0.00128	0.02187	0.00354	0.00244	0.00611
23	0.01608	0.00763	0.00955	0.00798	0.01060	0.02950	0.00629	0.07628	0.02358	0.48421	0.03010	0.17999	0.03883	0.00823	0.00561	0.04362	0.00385	0.00649	0.00504	0.00656
24	0.03176	0.00842	0.01030	0.00828	0.01128	0.00824	0.00675	0.18465	0.05308	0.41157	0.12640	0.01872	0.01581	0.00647	0.00474	0.00145	0.00386	0.03115	0.05003	0.00704
25	0.02786	0.01204	0.16108	0.30107	0.17799	0.01022	0.09165	0.03770	0.01015	0.01423	0.00939	0.05155	0.00775	0.00503	0.00482	0.01278	0.00592	0.00448	0.00237	0.05192
26	0.01314	0.00967	0.01340	0.03088	0.07130	0.01184	0.00942	0.07763	0.01009	0.19322	0.00988	0.01204	0.00783	0.00765	0.03120	0.00191	0.45713	0.00425	0.02141	0.00609
27	0.00676	0.00453	0.00519	0.00519	0.00523	0.00457	0.00297	0.00684	0.00680	0.00911	0.01455	0.02985	0.01666	0.79741	0.06242	0.00465	0.00490	0.00668	0.00280	0.00288
28	0.01007	0.00987	0.01535	0.35503	0.02249	0.08938	0.20893	0.01283	0.01001	0.01327	0.00968	0.01310	0.00756	0.00623	0.03968	0.02764	0.00643	0.00443	0.13283	0.00521
29	0.24484	0.19213	0.04872	0.00847	0.01160	0.13902	0.00740	0.11429	0.01144	0.06616	0.00882	0.00974	0.00688	0.00478	0.00388	0.00128	0.02683	0.00319	0.08467	0.00586
30	0.18680	0.01366	0.01202	0.12422	0.03805	0.23704	0.00859	0.25274	0.01401	0.01923	0.00882	0.01013	0.00673	0.00493	0.00410	0.00136	0.00576	0.00352	0.04224	0.00607
31	0.00886	0.00793	0.01279	0.68831	0.02788	0.00974	0.01151	0.03167	0.00941	0.01234	0.00916	0.01405	0.00739	0.07321	0.00630	0.00178	0.01688	0.00436	0.04144	0.00501
32	0.01179	0.00691	0.00844	0.00681	0.00961	0.00587	0.00535	0.03660	0.01117	0.21389	0.08553	0.11031	0.01495	0.00623	0.00423	0.00117	0.00323	0.00524	0.13656	0.31611
33	0.01232	0.00793	0.00970	0.00719	0.01097	0.00623	0.00578	0.01430	0.01075	0.22059	0.05004	0.02744	0.01032	0.00454	0.00391	0.00094	0.00350	0.00372	0.00367	0.58614
34	0.00662	0.00517	0.00640	0.00601	0.00719	0.00483	0.03005	0.00859	0.04918	0.01443	0.30920	0.07748	0.27096	0.17280	0.00906	0.00213	0.00299	0.00853	0.00427	0.00411
35	0.00808	0.00404	0.00606	0.00606	0.00606	0.00404	0.00404	0.00606	0.00606	0.00808	0.00808	0.01414	0.00808	0.01616	0.01818	0.86465	0.00404	0.00404	0.00202	0.00202
36	0.00994	0.00668	0.00782	0.00678	0.00856	0.00676	0.00529	0.18869	0.01459	0.04643	0.46463	0.02581	0.02922	0.00780	0.00489	0.00138	0.00292	0.00664	0.14987	0.00530
37	0.00780	0.00421	0.00628	0.00628	0.00642	0.00436	0.00432	0.00646	0.00632	0.00857	0.00900	0.01526	0.00891	0.03973	0.15581	0.69598	0.00550	0.00427	0.00212	0.00241
38	0.41519	0.01095	0.01041	0.00848	0.01174	0.01237	0.00697	0.37791	0.06645	0.02472	0.00949	0.00989	0.00698	0.00504	0.00383	0.00143	0.00431	0.00348	0.00383	0.00653
39	0.01257	0.01110	0.01101	0.07140	0.01333	0.14530	0.00781	0.20395	0.17456	0.03814	0.01417	0.06245	0.03342	0.01200	0.16468	0.00264	0.00665	0.00506	0.00367	0.00608
40	0.22687	0.02141	0.05839	0.02072	0.05741	0.01992	0.04645	0.14319	0.01207	0.14277	0.05127	0.01192	0.00916	0.00501	0.00444	0.00134	0.03179	0.00384	0.00355	0.12846
41	0.03614	0.03924	0.10438	0.12023	0.06543	0.19397	0.03261	0.15112	0.01227	0.03877	0.00853	0.01051	0.00672	0.00589	0.02094	0.00159	0.13904	0.00378	0.00274	0.00613

[dist]
# distance from previous block
# <min> <max>
0	3

[block]
# block no. 10 follows, 55 sequences, length 14
# corresponding to MSA columns:
# 471-484
name=unknown_K
#
# <colnr> <probs for GDERKNQSTAVLIFYWHMCP>
#	G	D	E	R	K	N	Q	S	T	A	V	L	I	F	Y	W	H	M	C	P
0	0.02087	0.00792	0.01080	0.00828	0.01188	0.00684	0.00684	0.02267	0.01332	0.81071	0.01835	0.01583	0.01152	0.00576	0.00468	0.00144	0.00396	0.00468	0.00576	0.00792
1	0.01869	0.00905	0.01123	0.00881	0.01224	0.00879	0.00721	0.17196	0.10721	0.53995	0.04287	0.01573	0.01219	0.00591	0.00471	0.00145	0.00409	0.00477	0.00540	0.00774
2	0.00567	0.00405	0.00540	0.00648	0.00675	0.00378	0.00432	0.00648	0.00891	0.01188	0.02564	0.83347	0.03077	0.01457	0.00594	0.00189	0.00270	0.01323	0.00432	0.00378
3	0.00750	0.00543	0.00683	0.00642	0.00764	0.00525	0.00481	0.08373	0.01330	0.01855	0.59867	0.16571	0.03824	0.00998	0.00548	0.00153	0.00256	0.00881	0.00494	0.00463
4	0.00956	0.00906	0.01536	0.59815	0.25313	0.01054	0.01331	0.01257	0.00967	0.01283	0.00841	0.01215	0.00653	0.00451	0.00464	0.00150	0.00601	0.00414	0.00213	0.00580
5	0.00900	0.00675	0.00915	0.01045	0.08658	0.00690	0.00783	0.11770	0.01195	0.01585	0.02141	0.16787	0.02294	0.01129	0.00593	0.00193	0.00427	0.47306	0.00415	0.00500
6	0.13659	0.00918	0.01083	0.00838	0.01195	0.00889	0.00691	0.18327	0.01410	0.47477	0.01441	0.01323	0.00950	0.00534	0.00433	0.00137	0.00411	0.00413	0.00489	0.07381
7	0.01044	0.31519	0.53100	0.01137	0.01721	0.01352	0.01389	0.01445	0.00969	0.01338	0.00768	0.00898	0.00592	0.00426	0.00391	0.00130	0.00620	0.00310	0.00197	0.00655
8	0.00583	0.00423	0.00552	0.00633	0.00683	0.00391	0.00437	0.00688	0.00964	0.01287	0.12925	0.65110	0.08646	0.01367	0.00586	0.00182	0.00265	0.03447	0.00442	0.00388
9	0.00878	0.00733	0.00952	0.01000	0.08573	0.03929	0.04211	0.08505	0.03393	0.01555	0.14425	0.33313	0.04996	0.01003	0.00581	0.00165	0.04002	0.03877	0.03408	0.00500
10	0.01151	0.08907	0.01197	0.00786	0.01180	0.03247	0.02634	0.08914	0.01121	0.06249	0.01008	0.01099	0.03001	0.00413	0.00373	0.00089	0.00402	0.00326	0.00307	0.57596
11	0.01257	0.04301	0.06675	0.00911	0.01224	0.01019	0.00768	0.10612	0.36825	0.12182	0.01641	0.09679	0.01320	0.00649	0.00462	0.00146	0.00403	0.00539	0.00433	0.08954
12	0.00900	0.03131	0.09727	0.00752	0.01006	0.02287	0.02973	0.08551	0.02693	0.06254	0.10396	0.06932	0.35301	0.00905	0.00511	0.00152	0.00365	0.03247	0.03401	0.00516
13	0.01212	0.04080	0.01550	0.01213	0.01524	0.12424	0.21240	0.04000	0.32727	0.03325	0.02943	0.05460	0.01205	0.00585	0.00486	0.00149	0.00545	0.01865	0.00363	0.03104

[dist]
# distance from previous block
# <min> <max>
1	25

[block]
# block no. 11 follows, 55 sequences, length 16
# corresponding to MSA columns:
# 513-528
name=unknown_L
#
# <colnr> <probs for GDERKNQSTAVLIFYWHMCP>
#	G	D	E	R	K	N	Q	S	T	A	V	L	I	F	Y	W	H	M	C	P
0	0.01105	0.00936	0.01165	0.02835	0.13067	0.01021	0.02580	0.10137	0.38358	0.01852	0.05866	0.02232	0.06345	0.00709	0.00501	0.00159	0.00417	0.09632	0.00420	0.00663
1	0.01085	0.01043	0.05575	0.01454	0.09185	0.00959	0.30943	0.03384	0.05434	0.08475	0.10356	0.04749	0.07110	0.00613	0.00576	0.00154	0.05336	0.00593	0.00333	0.02643
2	0.00959	0.09096	0.74774	0.01282	0.01946	0.01143	0.01643	0.01467	0.00979	0.01442	0.00819	0.00963	0.00590	0.00438	0.00430	0.00143	0.00672	0.00336	0.00197	0.00680
3	0.01744	0.02037	0.01334	0.01173	0.01439	0.65956	0.00896	0.17094	0.01490	0.01492	0.00797	0.00894	0.00637	0.00495	0.00429	0.00124	0.00775	0.00323	0.00284	0.00589
4	0.00693	0.00546	0.00693	0.00715	0.04609	0.00502	0.02460	0.00908	0.04958	0.03454	0.24908	0.15999	0.35694	0.01060	0.00546	0.00158	0.00276	0.00922	0.00445	0.00452
5	0.00720	0.00524	0.00711	0.00804	0.00901	0.00525	0.00667	0.00948	0.04268	0.01359	0.02478	0.21690	0.04435	0.01354	0.02886	0.00220	0.00410	0.54242	0.00426	0.00429
6	0.00584	0.00412	0.00535	0.00626	0.00649	0.00389	0.00408	0.00652	0.00857	0.01143	0.02393	0.70843	0.02861	0.14256	0.00870	0.00230	0.00298	0.01222	0.00408	0.00363
7	0.00933	0.02406	0.81240	0.01326	0.02014	0.01080	0.01719	0.01473	0.00982	0.01473	0.00835	0.00982	0.00589	0.00442	0.00442	0.00147	0.00688	0.00344	0.00196	0.00688
8	0.01192	0.01296	0.01338	0.01147	0.01315	0.26480	0.10645	0.04157	0.02344	0.01314	0.04051	0.12609	0.03129	0.00737	0.00766	0.00159	0.22819	0.00551	0.03429	0.00521
9	0.00617	0.00474	0.00564	0.00541	0.00669	0.00421	0.00406	0.00797	0.01218	0.01631	0.51350	0.03861	0.33689	0.01038	0.00549	0.00150	0.00226	0.00895	0.00481	0.00421
10	0.00879	0.00827	0.01395	0.82532	0.03204	0.01034	0.01292	0.01189	0.00930	0.01189	0.00827	0.01240	0.00620	0.00465	0.00465	0.00155	0.00620	0.00413	0.00207	0.00517
11	0.01098	0.00980	0.01575	0.16347	0.49343	0.01015	0.01227	0.06249	0.01116	0.03689	0.01304	0.01658	0.07380	0.00544	0.00478	0.00147	0.00525	0.04390	0.00277	0.00659
12	0.03519	0.01008	0.01052	0.00848	0.01131	0.03297	0.00687	0.43736	0.03556	0.08444	0.01290	0.01339	0.00944	0.00551	0.00418	0.00130	0.00415	0.00422	0.26546	0.00667
13	0.01195	0.18969	0.01614	0.01107	0.01236	0.09768	0.00941	0.01313	0.00857	0.05184	0.00692	0.00970	0.00634	0.00678	0.01094	0.00170	0.52443	0.00365	0.00225	0.00545
14	0.01055	0.10468	0.07707	0.00936	0.07725	0.00839	0.00751	0.01287	0.00987	0.04714	0.00852	0.00982	0.00693	0.00374	0.00362	0.00087	0.00409	0.00297	0.00269	0.59206
15	0.06238	0.03873	0.10093	0.16560	0.17729	0.01023	0.19182	0.03020	0.01059	0.01512	0.07624	0.02670	0.05076	0.00525	0.00476	0.00148	0.00566	0.00500	0.01532	0.00597

[dist]
# distance from previous block
# <min> <max>
0	3

[block]
# block no. 12 follows, 55 sequences, length 7
# corresponding to MSA columns:
# 532-538
name=unknown_M
#
# <colnr> <probs for GDERKNQSTAVLIFYWHMCP>
#	G	D	E	R	K	N	Q	S	T	A	V	L	I	F	Y	W	H	M	C	P
0	0.01180	0.00980	0.03333	0.04047	0.06922	0.00847	0.21802	0.01483	0.03505	0.14150	0.02867	0.01370	0.00929	0.00455	0.00451	0.00123	0.00503	0.02720	0.00321	0.32013
1	0.00859	0.00716	0.00851	0.00681	0.00994	0.00560	0.00532	0.01040	0.00962	0.01436	0.01427	0.16385	0.05078	0.00643	0.00418	0.00104	0.00331	0.05122	0.00321	0.61542
2	0.01010	0.00912	0.03837	0.04648	0.11256	0.01003	0.05114	0.04591	0.00990	0.06131	0.07759	0.03453	0.08505	0.04812	0.04127	0.00207	0.28320	0.02478	0.00304	0.00544
