[name]
unknown

[dist]
# distance from previous block
# <min> <max>
0	0

[block]
# block no. 0 follows, 56 sequences, length 16
# corresponding to MSA columns:
# 119-134
name=unknown_A
#
# <colnr> <probs for GDERKNQSTAVLIFYWHMCP>
#	G	D	E	R	K	N	Q	S	T	A	V	L	I	F	Y	W	H	M	C	P
0	0.00740	0.00528	0.00740	0.00845	0.00951	0.00528	0.00740	0.00951	0.01057	0.01374	0.02431	0.05179	0.02642	0.01268	0.00634	0.00211	0.00423	0.77912	0.00423	0.00423
1	0.87108	0.00888	0.00675	0.00604	0.00888	0.01030	0.00497	0.01350	0.00781	0.02060	0.00639	0.00746	0.00497	0.00426	0.00284	0.00142	0.00355	0.00249	0.00284	0.00497
2	0.01687	0.02130	0.01288	0.01171	0.01408	0.78136	0.00879	0.01862	0.05091	0.01162	0.00765	0.00870	0.00630	0.00480	0.00417	0.00120	0.00806	0.00306	0.00248	0.00542
3	0.01455	0.00862	0.01017	0.00837	0.01117	0.00883	0.00671	0.17738	0.20202	0.28422	0.17667	0.01952	0.03770	0.00667	0.00481	0.00145	0.00368	0.00552	0.00506	0.00688
4	0.01261	0.78443	0.02329	0.00813	0.01195	0.07394	0.00793	0.01407	0.00958	0.01083	0.00643	0.00743	0.00589	0.00398	0.00303	0.00100	0.00514	0.00249	0.00199	0.00585
5	0.01295	0.01062	0.01124	0.00965	0.01252	0.01213	0.00764	0.21977	0.60386	0.02167	0.01674	0.01558	0.01244	0.00605	0.00465	0.00151	0.00399	0.00492	0.00465	0.00740
6	0.01136	0.01091	0.01863	0.02818	0.81002	0.01091	0.01409	0.01409	0.01045	0.01500	0.00864	0.01136	0.00727	0.00409	0.00455	0.00136	0.00545	0.00409	0.00227	0.00727
7	0.00559	0.00400	0.00533	0.00639	0.00666	0.00373	0.00426	0.00639	0.00879	0.01172	0.02530	0.83566	0.03036	0.01438	0.00586	0.00186	0.00266	0.01305	0.00426	0.00373
8	0.01689	0.02017	0.01254	0.01131	0.01369	0.72913	0.00852	0.01816	0.01302	0.06476	0.04426	0.00995	0.00798	0.00501	0.00423	0.00121	0.00771	0.00331	0.00271	0.00544
9	0.00660	0.00442	0.00503	0.00510	0.00512	0.00440	0.00288	0.00666	0.00682	0.00909	0.01518	0.08348	0.01760	0.78398	0.02221	0.00428	0.00433	0.00710	0.00288	0.00284
10	0.00867	0.00816	0.01377	0.82762	0.03162	0.01020	0.01275	0.01173	0.00918	0.01173	0.00816	0.01224	0.00612	0.00459	0.00459	0.00153	0.00612	0.00408	0.00204	0.00510
11	0.01110	0.01064	0.01816	0.10581	0.73443	0.01084	0.01396	0.01386	0.01033	0.01468	0.00859	0.01145	0.00716	0.00414	0.00455	0.00138	0.00552	0.00409	0.00225	0.00706
12	0.02045	0.00805	0.01080	0.00828	0.01184	0.00711	0.00684	0.05934	0.01354	0.77566	0.01777	0.01541	0.01119	0.00567	0.00462	0.00142	0.00396	0.00459	0.00563	0.00781
13	0.00609	0.00468	0.00558	0.00535	0.00661	0.00416	0.00401	0.00788	0.01204	0.01614	0.52026	0.03803	0.33207	0.01023	0.00542	0.00148	0.00223	0.00883	0.00476	0.00416
14	0.00619	0.00462	0.00576	0.00561	0.00671	0.00418	0.00415	0.00802	0.01207	0.01654	0.57727	0.11379	0.19752	0.01032	0.00546	0.00151	0.00225	0.00904	0.00482	0.00418
15	0.01059	0.01199	0.02606	0.01874	0.02318	0.01124	0.75608	0.01431	0.01074	0.01456	0.01004	0.05126	0.00807	0.00437	0.00544	0.00156	0.00750	0.00578	0.00241	0.00608

[dist]
# distance from previous block
# <min> <max>
0	1

[block]
# block no. 1 follows, 56 sequences, length 9
# corresponding to MSA columns:
# 141-145,156-159
name=unknown_B
#
# <colnr> <probs for GDERKNQSTAVLIFYWHMCP>
#	G	D	E	R	K	N	Q	S	T	A	V	L	I	F	Y	W	H	M	C	P
0	0.05794	0.00940	0.01013	0.00905	0.01167	0.01060	0.00718	0.05870	0.59171	0.08584	0.01808	0.01904	0.01404	0.00657	0.00470	0.00158	0.00377	0.06841	0.00462	0.00697
1	0.01567	0.01319	0.01640	0.01250	0.01621	0.08083	0.18415	0.48717	0.06564	0.04513	0.01096	0.01159	0.00793	0.00513	0.00474	0.00141	0.00581	0.00440	0.00393	0.00720
2	0.01137	0.01082	0.01796	0.02663	0.74458	0.01095	0.01353	0.01493	0.07534	0.01534	0.00946	0.01184	0.00782	0.00427	0.00456	0.00138	0.00530	0.00418	0.00247	0.00727
3	0.01437	0.01325	0.01169	0.01016	0.01284	0.21933	0.00794	0.13599	0.40500	0.07332	0.01415	0.01363	0.01059	0.00576	0.00484	0.00144	0.03042	0.00439	0.00406	0.00682
4	0.01068	0.04209	0.11306	0.01803	0.02273	0.01181	0.65532	0.01453	0.01053	0.01443	0.00897	0.01184	0.00677	0.00406	0.00553	0.00153	0.03456	0.00505	0.00226	0.00621
5	0.00974	0.00833	0.01191	0.03097	0.18412	0.00736	0.04933	0.01236	0.03397	0.03888	0.14513	0.03470	0.01401	0.00503	0.00426	0.00110	0.00393	0.00452	0.00316	0.39717
6	0.00550	0.00465	0.00475	0.00473	0.00625	0.00391	0.00355	0.00673	0.01064	0.01281	0.09836	0.04351	0.75605	0.01147	0.00543	0.00154	0.00231	0.00959	0.00432	0.00391
7	0.01273	0.63972	0.04857	0.01017	0.07927	0.07751	0.00880	0.05480	0.01035	0.01225	0.00693	0.00804	0.00611	0.00410	0.00330	0.00107	0.00528	0.00275	0.00216	0.00609
8	0.01695	0.07989	0.01161	0.00794	0.01156	0.00800	0.00662	0.05381	0.03145	0.51000	0.03380	0.01396	0.01065	0.00517	0.00425	0.00124	0.00389	0.00413	0.00468	0.18041

[dist]
# distance from previous block
# <min> <max>
0	1

[block]
# block no. 2 follows, 56 sequences, length 11
# corresponding to MSA columns:
# 161-171
name=unknown_C
#
# <colnr> <probs for GDERKNQSTAVLIFYWHMCP>
#	G	D	E	R	K	N	Q	S	T	A	V	L	I	F	Y	W	H	M	C	P
0	0.01221	0.73927	0.09108	0.00846	0.01257	0.04924	0.00867	0.01400	0.00950	0.01114	0.00657	0.00760	0.00589	0.00400	0.00311	0.00103	0.00520	0.00255	0.00198	0.00595
1	0.01254	0.65104	0.10875	0.00892	0.01296	0.11658	0.00897	0.01440	0.00982	0.01126	0.00667	0.00773	0.00589	0.00407	0.00325	0.00106	0.00553	0.00262	0.00201	0.00592
2	0.03248	0.02853	0.02695	0.01146	0.06253	0.09774	0.09491	0.14006	0.22405	0.10220	0.05684	0.01489	0.03222	0.00555	0.00459	0.00139	0.00490	0.00470	0.00388	0.05014
3	0.00661	0.00442	0.00503	0.00509	0.00511	0.00441	0.00287	0.00666	0.00681	0.00908	0.01513	0.07960	0.01753	0.78795	0.02229	0.00429	0.00434	0.00707	0.00287	0.00284
4	0.00797	0.00399	0.00598	0.00598	0.00598	0.00399	0.00399	0.00598	0.00598	0.00797	0.00797	0.01396	0.00797	0.01595	0.01794	0.86643	0.00399	0.00399	0.00199	0.00199
5	0.01181	0.60938	0.20731	0.00927	0.01379	0.05750	0.01002	0.01417	0.00960	0.01169	0.00685	0.00795	0.00588	0.00407	0.00334	0.00110	0.00552	0.00270	0.00198	0.00607
6	0.01084	0.01238	0.02709	0.01935	0.02399	0.01161	0.79334	0.01471	0.01084	0.01471	0.00929	0.01238	0.00697	0.00387	0.00542	0.00155	0.00774	0.00542	0.00232	0.00619
7	0.00661	0.00442	0.00503	0.00510	0.00512	0.00440	0.00288	0.00666	0.00681	0.00909	0.01518	0.08285	0.01759	0.78463	0.02222	0.00428	0.00433	0.00709	0.00288	0.00284
8	0.00797	0.00399	0.00598	0.00598	0.00598	0.00399	0.00399	0.00598	0.00598	0.00797	0.00797	0.01396	0.00797	0.01595	0.01794	0.86643	0.00399	0.00399	0.00199	0.00199
9	0.01566	0.01206	0.01342	0.01053	0.01381	0.06527	0.06298	0.52127	0.05662	0.06488	0.03631	0.01275	0.00953	0.00668	0.03789	0.00162	0.00540	0.00439	0.04183	0.00709
10	0.14834	0.04716	0.63326	0.01158	0.01755	0.01070	0.01437	0.01425	0.00937	0.01541	0.00788	0.00925	0.00571	0.00430	0.00404	0.00141	0.00609	0.00319	0.00211	0.03402

[dist]
# distance from previous block
# <min> <max>
0	1

[block]
# block no. 3 follows, 56 sequences, length 17
# corresponding to MSA columns:
# 179-195
name=unknown_D
#
# <colnr> <probs for GDERKNQSTAVLIFYWHMCP>
#	G	D	E	R	K	N	Q	S	T	A	V	L	I	F	Y	W	H	M	C	P
0	0.05261	0.00834	0.01214	0.00975	0.01209	0.04047	0.18630	0.07860	0.05512	0.01832	0.44149	0.02396	0.02693	0.00717	0.00512	0.00146	0.00409	0.00661	0.00415	0.00528
1	0.01214	0.01019	0.01049	0.00921	0.01182	0.03627	0.00721	0.13327	0.59678	0.02022	0.04598	0.01661	0.01384	0.00615	0.00460	0.00149	0.00385	0.00504	0.04783	0.00703
2	0.01552	0.01694	0.01235	0.01082	0.01343	0.46389	0.00834	0.15149	0.17629	0.01610	0.01032	0.01081	0.00805	0.00521	0.00450	0.00129	0.02228	0.00366	0.02108	0.02762
3	0.00708	0.00477	0.00621	0.00602	0.00713	0.00437	0.00449	0.00895	0.01214	0.05937	0.57813	0.15833	0.08219	0.01019	0.00547	0.00153	0.00241	0.03194	0.00490	0.00440
4	0.01054	0.01448	0.17247	0.01819	0.02323	0.01143	0.65007	0.01468	0.01062	0.01468	0.00909	0.01189	0.00675	0.00396	0.00522	0.00153	0.00756	0.00504	0.00225	0.00630
5	0.01227	0.84142	0.02406	0.00786	0.01178	0.01817	0.00786	0.01375	0.00933	0.01080	0.00638	0.00736	0.00589	0.00393	0.00295	0.00098	0.00491	0.00245	0.00196	0.00589
6	0.00609	0.00466	0.00550	0.00530	0.00651	0.00416	0.00392	0.00775	0.01168	0.01558	0.47071	0.03789	0.33784	0.05457	0.00638	0.00165	0.00235	0.00875	0.00463	0.00407
7	0.00668	0.00445	0.00501	0.00501	0.00501	0.00445	0.00278	0.00668	0.00668	0.00890	0.01447	0.03004	0.01669	0.83866	0.02337	0.00445	0.00445	0.00668	0.00278	0.00278
8	0.01477	0.00875	0.01024	0.00867	0.01155	0.00915	0.00689	0.02268	0.44320	0.33374	0.06455	0.01754	0.01468	0.00620	0.00469	0.00150	0.00366	0.00515	0.00509	0.00731
9	0.00559	0.00400	0.00533	0.00639	0.00666	0.00373	0.00426	0.00639	0.00879	0.01172	0.02530	0.83566	0.03036	0.01438	0.00586	0.00186	0.00266	0.01305	0.00426	0.00373
10	0.00612	0.00471	0.00562	0.00547	0.00674	0.00420	0.00416	0.00790	0.01189	0.01583	0.47115	0.03903	0.34098	0.01043	0.00547	0.00152	0.00233	0.04761	0.00470	0.00415
11	0.01056	0.00849	0.00976	0.00740	0.01115	0.00724	0.00589	0.01482	0.17156	0.06269	0.01089	0.01143	0.00854	0.00411	0.00373	0.00090	0.00348	0.00334	0.00329	0.64073
12	0.07577	0.00909	0.01106	0.00851	0.01207	0.00870	0.00702	0.20215	0.01457	0.53276	0.01512	0.01367	0.00985	0.00542	0.00443	0.00137	0.00412	0.00426	0.00507	0.05498
13	0.03362	0.01195	0.01140	0.00923	0.01251	0.16820	0.00738	0.19310	0.09537	0.19927	0.01232	0.01282	0.00909	0.00520	0.00428	0.00125	0.00489	0.02349	0.00399	0.18064
14	0.00939	0.07176	0.76844	0.01278	0.01940	0.01110	0.01643	0.01449	0.00967	0.01432	0.00813	0.00956	0.00582	0.00434	0.00428	0.00143	0.00667	0.00334	0.00194	0.00673
15	0.00547	0.00465	0.00472	0.00470	0.00623	0.00390	0.00353	0.00668	0.01058	0.01267	0.08081	0.04374	0.77368	0.01153	0.00543	0.00155	0.00232	0.00963	0.00430	0.00390
16	0.00875	0.00832	0.01429	0.79621	0.03132	0.01025	0.04308	0.01185	0.00924	0.01185	0.00820	0.01225	0.00615	0.00456	0.00462	0.00153	0.00618	0.00413	0.00205	0.00514

[dist]
# distance from previous block
# <min> <max>
0	4

[block]
# block no. 4 follows, 56 sequences, length 65
# corresponding to MSA columns:
# 200-264
name=unknown_E
#
# <colnr> <probs for GDERKNQSTAVLIFYWHMCP>
#	G	D	E	R	K	N	Q	S	T	A	V	L	I	F	Y	W	H	M	C	P
0	0.01008	0.24237	0.54442	0.01129	0.01693	0.03083	0.01371	0.01412	0.00983	0.01365	0.04703	0.01025	0.00768	0.00450	0.00403	0.00132	0.00609	0.00337	0.00211	0.00639
1	0.01667	0.01119	0.01174	0.00958	0.01254	0.18002	0.04915	0.11560	0.01390	0.37120	0.10601	0.01726	0.01396	0.00614	0.00473	0.00141	0.00500	0.04277	0.00452	0.00662
2	0.00952	0.00816	0.00952	0.00680	0.01088	0.00612	0.00544	0.01156	0.00952	0.01496	0.00816	0.00952	0.00680	0.00340	0.00340	0.00068	0.00340	0.00272	0.00272	0.86672
3	0.03617	0.01284	0.07281	0.01043	0.01408	0.09927	0.05087	0.31541	0.07542	0.23404	0.01272	0.01240	0.00882	0.00532	0.00452	0.00139	0.00519	0.00419	0.01687	0.00722
4	0.01715	0.02188	0.01301	0.01183	0.01419	0.82022	0.00887	0.01833	0.01301	0.01124	0.00710	0.00828	0.00591	0.00473	0.00414	0.00118	0.00828	0.00296	0.00237	0.00532
5	0.00559	0.00400	0.00533	0.00639	0.00666	0.00373	0.00426	0.00639	0.00879	0.01172	0.02530	0.83566	0.03036	0.01438	0.00586	0.00186	0.00266	0.01305	0.00426	0.00373
6	0.02060	0.00781	0.01065	0.00817	0.01172	0.00675	0.00675	0.02237	0.01314	0.81320	0.01811	0.01563	0.01136	0.00568	0.00462	0.00142	0.00391	0.00462	0.00568	0.00781
7	0.01142	0.00989	0.01060	0.00984	0.03280	0.01141	0.00745	0.02413	0.78104	0.01909	0.01842	0.01698	0.01384	0.00617	0.00467	0.00155	0.00368	0.00516	0.00461	0.00727
8	0.00559	0.00400	0.00533	0.00639	0.00666	0.00373	0.00426	0.00639	0.00879	0.01172	0.02530	0.83566	0.03036	0.01438	0.00586	0.00186	0.00266	0.01305	0.00426	0.00373
9	0.00825	0.00432	0.00451	0.00450	0.00555	0.00427	0.00336	0.01036	0.00997	0.01711	0.10169	0.04062	0.01570	0.00603	0.00352	0.00113	0.00216	0.00495	0.74773	0.00427
10	0.00675	0.00520	0.00774	0.00763	0.00841	0.00619	0.00597	0.00835	0.00736	0.01068	0.01196	0.01760	0.01118	0.03301	0.77702	0.00709	0.05642	0.00487	0.00244	0.00415
11	0.01136	0.01091	0.01863	0.02818	0.81002	0.01091	0.01409	0.01409	0.01045	0.01500	0.00864	0.01136	0.00727	0.00409	0.00455	0.00136	0.00545	0.00409	0.00227	0.00727
12	0.02050	0.00797	0.01075	0.00824	0.01180	0.00698	0.00681	0.04659	0.01340	0.78860	0.01789	0.01548	0.01125	0.00568	0.00462	0.00142	0.00394	0.00460	0.00565	0.00781
13	0.00729	0.00552	0.00682	0.00635	0.00767	0.00547	0.00480	0.01118	0.13937	0.01854	0.68119	0.03154	0.03862	0.00888	0.00530	0.00146	0.00240	0.00780	0.00499	0.00480
14	0.00921	0.02375	0.81487	0.01309	0.01987	0.01066	0.01696	0.01454	0.00969	0.01454	0.00824	0.00969	0.00582	0.00436	0.00436	0.00145	0.00678	0.00339	0.00194	0.00678
15	0.01093	0.01047	0.01786	0.15628	0.68529	0.01079	0.01387	0.01371	0.01025	0.01447	0.00856	0.01150	0.00709	0.00417	0.00455	0.00139	0.00556	0.00409	0.00224	0.00692
16	0.00582	0.00416	0.00550	0.00649	0.00685	0.00392	0.00448	0.00671	0.00890	0.01180	0.02512	0.70566	0.04481	0.05293	0.00672	0.00200	0.00289	0.08731	0.00419	0.00374
17	0.00867	0.00517	0.00683	0.00614	0.00761	0.00470	0.00470	0.01078	0.01302	0.14101	0.68582	0.03141	0.03839	0.00881	0.00529	0.00144	0.00243	0.00773	0.00515	0.00487
18	0.01042	0.01063	0.04478	0.19686	0.50006	0.01053	0.09660	0.01335	0.01013	0.01412	0.00927	0.04544	0.00789	0.00461	0.00470	0.00144	0.00577	0.00457	0.00230	0.00653
19	0.01908	0.00796	0.01048	0.00820	0.01156	0.00718	0.00674	0.06314	0.04547	0.68399	0.03496	0.01734	0.03502	0.00608	0.00469	0.00144	0.00388	0.01974	0.00550	0.00754
20	0.00650	0.00469	0.00614	0.00578	0.00686	0.00433	0.00433	0.00866	0.01300	0.01841	0.80760	0.03429	0.04332	0.00939	0.00541	0.00144	0.00217	0.00830	0.00505	0.00433
21	0.01213	0.80296	0.06125	0.00810	0.01216	0.01781	0.00828	0.01378	0.00935	0.01098	0.00647	0.00747	0.00589	0.00395	0.00301	0.00100	0.00500	0.00250	0.00196	0.00593
22	0.01728	0.01807	0.01333	0.01129	0.01421	0.48001	0.00881	0.34605	0.01663	0.01871	0.00875	0.00944	0.00671	0.00506	0.00433	0.00127	0.00692	0.00345	0.00331	0.00637
23	0.01745	0.01286	0.01378	0.01056	0.01424	0.01424	0.00873	0.79471	0.02159	0.02893	0.01102	0.01102	0.00781	0.00551	0.00459	0.00138	0.00505	0.00413	0.00459	0.00781
24	0.00856	0.00428	0.00428	0.00428	0.00535	0.00428	0.00321	0.01070	0.00963	0.01712	0.01498	0.01712	0.01177	0.00535	0.00321	0.00107	0.00214	0.00428	0.86414	0.00428
25	0.00867	0.00816	0.01377	0.82762	0.03162	0.01020	0.01275	0.01173	0.00918	0.01173	0.00816	0.01224	0.00612	0.00459	0.00459	0.00153	0.00612	0.00408	0.00204	0.00510
26	0.01161	0.00996	0.01049	0.00938	0.01201	0.01151	0.00731	0.04849	0.77732	0.01951	0.01845	0.01694	0.01382	0.00621	0.00467	0.00155	0.00368	0.00516	0.00467	0.00728
27	0.01128	0.01209	0.02442	0.01777	0.02173	0.02358	0.64044	0.03167	0.01069	0.03954	0.00916	0.01210	0.00699	0.00450	0.00658	0.00159	0.11214	0.00515	0.00244	0.00612
28	0.05401	0.00896	0.01380	0.31123	0.02011	0.01026	0.09323	0.05869	0.02643	0.15225	0.04288	0.01335	0.00897	0.00633	0.02850	0.00173	0.13596	0.00445	0.00307	0.00581
29	0.00957	0.11953	0.72223	0.01247	0.01892	0.01154	0.01590	0.01445	0.00965	0.01410	0.00802	0.00942	0.00582	0.00431	0.00420	0.00140	0.00657	0.00328	0.00194	0.00668
30	0.01073	0.01206	0.02528	0.01833	0.02233	0.01195	0.68427	0.01420	0.01031	0.01420	0.00883	0.01206	0.00684	0.00445	0.00676	0.00161	0.12227	0.00522	0.00228	0.00603
31	0.01058	0.01170	0.02295	0.01684	0.02081	0.04862	0.62225	0.03465	0.01105	0.01457	0.01266	0.07486	0.05219	0.00529	0.00538	0.00156	0.00697	0.01857	0.00266	0.00586
32	0.01132	0.00876	0.00915	0.00823	0.01058	0.02717	0.00641	0.03600	0.52584	0.07316	0.02033	0.01962	0.08511	0.00660	0.00455	0.00148	0.00347	0.01579	0.11990	0.00652
33	0.00878	0.00520	0.00685	0.00615	0.00764	0.00472	0.00471	0.01086	0.01297	0.14785	0.66512	0.03143	0.05197	0.00882	0.00528	0.00144	0.00245	0.00773	0.00514	0.00489
34	0.00564	0.00403	0.00538	0.00645	0.00674	0.00377	0.00435	0.00648	0.00884	0.01177	0.02528	0.81465	0.03026	0.01434	0.00587	0.00187	0.00271	0.03358	0.00426	0.00374
35	0.01715	0.02188	0.01301	0.01183	0.01419	0.82022	0.00887	0.01833	0.01301	0.01124	0.00710	0.00828	0.00591	0.00473	0.00414	0.00118	0.00828	0.00296	0.00237	0.00532
36	0.00856	0.00428	0.00428	0.00428	0.00535	0.00428	0.00321	0.01070	0.00963	0.01712	0.01498	0.01712	0.01177	0.00535	0.00321	0.00107	0.00214	0.00428	0.86414	0.00428
37	0.01013	0.00570	0.00684	0.00608	0.00777	0.00549	0.00471	0.04914	0.04832	0.14830	0.34909	0.02452	0.04618	0.00731	0.00456	0.00133	0.00265	0.00620	0.26051	0.00517
38	0.00867	0.00816	0.01377	0.82762	0.03162	0.01020	0.01275	0.01173	0.00918	0.01173	0.00816	0.01224	0.00612	0.00459	0.00459	0.00153	0.00612	0.00408	0.00204	0.00510
39	0.00559	0.00401	0.00531	0.00636	0.00665	0.00373	0.00425	0.00640	0.00883	0.01173	0.02576	0.81879	0.04694	0.01432	0.00585	0.00186	0.00266	0.01298	0.00426	0.00373
40	0.00559	0.00400	0.00533	0.00639	0.00666	0.00373	0.00426	0.00639	0.00879	0.01172	0.02530	0.83566	0.03036	0.01438	0.00586	0.00186	0.00266	0.01305	0.00426	0.00373
41	0.01049	0.00924	0.00991	0.00886	0.01128	0.02940	0.02743	0.02079	0.61334	0.01804	0.07713	0.02118	0.10895	0.00699	0.00482	0.00154	0.00360	0.00589	0.00453	0.00659
42	0.00874	0.00823	0.01390	0.80673	0.05197	0.01022	0.01278	0.01179	0.00921	0.01182	0.00817	0.01222	0.00615	0.00458	0.00459	0.00153	0.00610	0.00408	0.00205	0.00516
43	0.00593	0.00445	0.00522	0.00544	0.00647	0.00398	0.00392	0.00730	0.01061	0.01405	0.24151	0.27113	0.33532	0.01150	0.00543	0.00159	0.00237	0.01002	0.04979	0.00398
44	0.00560	0.00412	0.00527	0.00618	0.00665	0.00378	0.00421	0.00648	0.00907	0.01186	0.02838	0.70451	0.14384	0.01395	0.00581	0.00182	0.00265	0.02780	0.00426	0.00376
45	0.00952	0.00816	0.00952	0.00680	0.01088	0.00612	0.00544	0.01156	0.00952	0.01496	0.00816	0.00952	0.00680	0.00340	0.00340	0.00068	0.00340	0.00272	0.00272	0.86672
46	0.00666	0.00507	0.00757	0.00751	0.00831	0.00598	0.00586	0.00828	0.00737	0.01067	0.01212	0.01781	0.01132	0.03368	0.79742	0.00722	0.03569	0.00489	0.00245	0.00413
47	0.00576	0.00474	0.00512	0.00523	0.00668	0.00409	0.00406	0.00712	0.01066	0.01301	0.09863	0.04446	0.65096	0.01160	0.00554	0.00162	0.00256	0.10989	0.00432	0.00395
48	0.00663	0.00456	0.00534	0.00542	0.00546	0.00465	0.00322	0.00677	0.00699	0.00937	0.01574	0.14412	0.01830	0.69531	0.02061	0.00401	0.03003	0.00750	0.00297	0.00299
49	0.00921	0.02375	0.81487	0.01309	0.01987	0.01066	0.01696	0.01454	0.00969	0.01454	0.00824	0.00969	0.00582	0.00436	0.00436	0.00145	0.00678	0.00339	0.00194	0.00678
50	0.01158	0.64336	0.17170	0.00906	0.01331	0.01654	0.00968	0.01375	0.00927	0.01151	0.00671	0.00795	0.00588	0.00423	0.00386	0.00113	0.04978	0.00271	0.00196	0.00601
51	0.01171	0.04763	0.09971	0.00840	0.01258	0.00893	0.00756	0.18572	0.01243	0.04871	0.02929	0.01064	0.00797	0.00424	0.00385	0.00098	0.00419	0.00331	0.00319	0.48896
52	0.01105	0.28696	0.35292	0.01395	0.13902	0.05686	0.05131	0.01443	0.00993	0.01322	0.00769	0.00925	0.00613	0.00417	0.00397	0.00128	0.00610	0.00327	0.00204	0.00646
53	0.00797	0.00399	0.00598	0.00598	0.00598	0.00399	0.00399	0.00598	0.00598	0.00797	0.00797	0.01396	0.00797	0.01595	0.01794	0.86643	0.00399	0.00399	0.00199	0.00199
54	0.01021	0.01049	0.05395	0.29514	0.42350	0.01100	0.01333	0.01298	0.00962	0.01344	0.00817	0.01144	0.00668	0.00470	0.00570	0.00149	0.09569	0.00405	0.00215	0.00627
55	0.47797	0.18999	0.07877	0.00790	0.01117	0.07185	0.00726	0.04712	0.00923	0.01724	0.00678	0.00795	0.00548	0.00445	0.00370	0.00134	0.04104	0.00273	0.00258	0.00547
56	0.00662	0.00446	0.00499	0.00499	0.00506	0.00442	0.00282	0.00667	0.00685	0.00907	0.01597	0.03071	0.05392	0.79975	0.02252	0.00431	0.00435	0.00682	0.00285	0.00283
57	0.00668	0.00445	0.00501	0.00501	0.00501	0.00445	0.00278	0.00668	0.00668	0.00890	0.01447	0.03004	0.01669	0.83866	0.02337	0.00445	0.00445	0.00668	0.00278	0.00278
58	0.00797	0.00399	0.00598	0.00598	0.00598	0.00399	0.00399	0.00598	0.00598	0.00797	0.00797	0.01396	0.00797	0.01595	0.01794	0.86643	0.00399	0.00399	0.00199	0.00199
59	0.01700	0.01264	0.01353	0.01047	0.01407	0.01403	0.00862	0.73741	0.07961	0.02821	0.01159	0.01148	0.00827	0.00556	0.00460	0.00139	0.00495	0.00421	0.00460	0.00777
60	0.01679	0.01252	0.01443	0.01105	0.01458	0.01385	0.05191	0.68529	0.01994	0.05178	0.01088	0.01119	0.00778	0.00556	0.00520	0.00142	0.04968	0.00421	0.00436	0.00757
61	0.00591	0.00431	0.00560	0.00655	0.00694	0.00414	0.00442	0.00736	0.05156	0.01212	0.02495	0.79151	0.02948	0.01394	0.00580	0.00185	0.00272	0.01263	0.00428	0.00392
62	0.00952	0.00816	0.00952	0.00680	0.01088	0.00612	0.00544	0.01156	0.00952	0.01496	0.00816	0.00952	0.00680	0.00340	0.00340	0.00068	0.00340	0.00272	0.00272	0.86672
63	0.25440	0.02327	0.04548	0.00832	0.01158	0.02262	0.00708	0.20917	0.07238	0.22227	0.05488	0.01286	0.01022	0.00538	0.00409	0.00141	0.00415	0.00403	0.01979	0.00661
64	0.15558	0.02424	0.04062	0.05881	0.22571	0.09107	0.12686	0.07799	0.02730	0.10201	0.00951	0.01102	0.00718	0.00457	0.00450	0.00141	0.01828	0.00394	0.00295	0.00645

[dist]
# distance from previous block
# <min> <max>
3	36

[block]
# block no. 5 follows, 56 sequences, length 19
# corresponding to MSA columns:
# 301-319
name=unknown_F
#
# <colnr> <probs for GDERKNQSTAVLIFYWHMCP>
#	G	D	E	R	K	N	Q	S	T	A	V	L	I	F	Y	W	H	M	C	P
0	0.01192	0.01239	0.04541	0.01469	0.01733	0.08971	0.32753	0.01432	0.00976	0.08132	0.00856	0.01129	0.00685	0.00571	0.00886	0.00167	0.31986	0.00451	0.00248	0.00582
1	0.01573	0.01322	0.09012	0.01053	0.01426	0.01317	0.00926	0.65251	0.01923	0.02599	0.01086	0.01149	0.00793	0.00788	0.07440	0.00190	0.00584	0.00413	0.00416	0.00739
2	0.00631	0.00475	0.00609	0.00647	0.00743	0.00416	0.00448	0.00733	0.00892	0.01231	0.02219	0.68566	0.02609	0.01239	0.00541	0.00165	0.00280	0.01118	0.00398	0.16042
3	0.00682	0.00501	0.00597	0.00633	0.00725	0.00480	0.00449	0.08231	0.01050	0.01386	0.04602	0.53904	0.19494	0.01250	0.00554	0.00171	0.00279	0.01105	0.03487	0.00419
4	0.01650	0.01868	0.01215	0.01097	0.01331	0.64362	0.00827	0.04529	0.01297	0.08888	0.00985	0.07990	0.00860	0.00568	0.00435	0.00127	0.00726	0.00402	0.00293	0.00551
5	0.01997	0.00843	0.01099	0.00847	0.01200	0.00772	0.00698	0.10780	0.03775	0.70268	0.01735	0.01516	0.01105	0.00568	0.00462	0.00142	0.00402	0.00458	0.00553	0.00780
6	0.00617	0.00502	0.00615	0.08446	0.00908	0.00480	0.00486	0.00803	0.04046	0.01333	0.15240	0.24863	0.37763	0.01113	0.00543	0.00162	0.00280	0.00966	0.00419	0.00415
7	0.01071	0.00615	0.00779	0.00657	0.00840	0.00611	0.07169	0.08782	0.01113	0.09419	0.01439	0.01641	0.01110	0.03280	0.00433	0.00129	0.00315	0.00447	0.59643	0.00507
8	0.01227	0.84142	0.02406	0.00786	0.01178	0.01817	0.00786	0.01375	0.00933	0.01080	0.00638	0.00736	0.00589	0.00393	0.00295	0.00098	0.00491	0.00245	0.00196	0.00589
9	0.00559	0.00400	0.00533	0.00639	0.00666	0.00373	0.00426	0.00639	0.00879	0.01172	0.02530	0.83566	0.03036	0.01438	0.00586	0.00186	0.00266	0.01305	0.00426	0.00373
10	0.00559	0.00400	0.00533	0.00639	0.00666	0.00373	0.00426	0.00639	0.00879	0.01172	0.02530	0.83566	0.03036	0.01438	0.00586	0.00186	0.00266	0.01305	0.00426	0.00373
11	0.00668	0.00445	0.00501	0.00501	0.00501	0.00445	0.00278	0.00668	0.00668	0.00890	0.01447	0.03004	0.01669	0.83866	0.02337	0.00445	0.00445	0.00668	0.00278	0.00278
12	0.00856	0.00428	0.00428	0.00428	0.00535	0.00428	0.00321	0.01070	0.00963	0.01712	0.01498	0.01712	0.01177	0.00535	0.00321	0.00107	0.00214	0.00428	0.86414	0.00428
13	0.00952	0.00816	0.00952	0.00680	0.01088	0.00612	0.00544	0.01156	0.00952	0.01496	0.00816	0.00952	0.00680	0.00340	0.00340	0.00068	0.00340	0.00272	0.00272	0.86672
14	0.01227	0.84142	0.02406	0.00786	0.01178	0.01817	0.00786	0.01375	0.00933	0.01080	0.00638	0.00736	0.00589	0.00393	0.00295	0.00098	0.00491	0.00245	0.00196	0.00589
15	0.00668	0.00445	0.00501	0.00501	0.00501	0.00445	0.00278	0.00668	0.00668	0.00890	0.01447	0.03004	0.01669	0.83866	0.02337	0.00445	0.00445	0.00668	0.00278	0.00278
16	0.01142	0.00986	0.01038	0.00934	0.01194	0.01142	0.00727	0.02440	0.80172	0.01920	0.01869	0.01713	0.01401	0.00623	0.00467	0.00156	0.00363	0.00519	0.00467	0.00727
17	0.00650	0.00469	0.00614	0.00578	0.00686	0.00433	0.00433	0.00866	0.01300	0.01841	0.80760	0.03429	0.04332	0.00939	0.00541	0.00144	0.00217	0.00830	0.00505	0.00433
18	0.01411	0.00751	0.00935	0.00785	0.01039	0.00737	0.00624	0.04709	0.17568	0.36757	0.19511	0.05470	0.04591	0.00722	0.00509	0.00149	0.01958	0.00604	0.00512	0.00657

[dist]
# distance from previous block
# <min> <max>
3	5

[block]
# block no. 6 follows, 56 sequences, length 58
# corresponding to MSA columns:
# 325-382
name=unknown_G
#
# <colnr> <probs for GDERKNQSTAVLIFYWHMCP>
#	G	D	E	R	K	N	Q	S	T	A	V	L	I	F	Y	W	H	M	C	P
0	0.01566	0.01115	0.01243	0.01087	0.06985	0.04726	0.00817	0.40892	0.10134	0.14898	0.06114	0.03416	0.01159	0.00587	0.00463	0.00139	0.00461	0.00470	0.00447	0.03281
1	0.77740	0.00937	0.03775	0.00646	0.00950	0.01006	0.00556	0.01417	0.00827	0.07714	0.00730	0.00813	0.00546	0.00437	0.00303	0.00142	0.00370	0.00267	0.00301	0.00524
2	0.00924	0.00786	0.00922	0.00677	0.01058	0.00595	0.00536	0.01119	0.00947	0.01473	0.00939	0.06869	0.00849	0.00419	0.00358	0.00076	0.00335	0.00346	0.00283	0.80491
3	0.01157	0.61116	0.18816	0.00905	0.01348	0.01612	0.00971	0.01468	0.06616	0.01218	0.00765	0.00855	0.00646	0.00418	0.00336	0.00112	0.00521	0.00285	0.00215	0.00618
4	0.01103	0.06998	0.01830	0.14598	0.63673	0.01132	0.01344	0.01371	0.01018	0.01421	0.00840	0.01121	0.00700	0.00415	0.00444	0.00136	0.00551	0.00397	0.00222	0.00685
5	0.01968	0.00790	0.01055	0.00821	0.01165	0.00704	0.00674	0.02227	0.06962	0.74172	0.03267	0.01608	0.01214	0.00579	0.00464	0.00143	0.00385	0.00473	0.00560	0.00771
6	0.00938	0.07004	0.77010	0.01279	0.01941	0.01109	0.01645	0.01449	0.00967	0.01433	0.00813	0.00956	0.00582	0.00434	0.00428	0.00143	0.00668	0.00334	0.00194	0.00673
7	0.01016	0.27672	0.57020	0.01147	0.01737	0.01298	0.01414	0.01429	0.00958	0.01338	0.00766	0.00897	0.00584	0.00423	0.00392	0.00131	0.00620	0.00310	0.00195	0.00651
8	0.00559	0.00400	0.00533	0.00639	0.00666	0.00373	0.00426	0.00639	0.00879	0.01172	0.02530	0.83566	0.03036	0.01438	0.00586	0.00186	0.00266	0.01305	0.00426	0.00373
9	0.01504	0.01141	0.01716	0.01288	0.01653	0.04664	0.27640	0.23303	0.02666	0.20840	0.01319	0.01378	0.03873	0.00531	0.00536	0.00148	0.04243	0.00486	0.00385	0.00686
10	0.04358	0.01353	0.01250	0.01011	0.01335	0.19826	0.00812	0.39532	0.03791	0.18998	0.01191	0.02472	0.00857	0.00549	0.00446	0.00136	0.00543	0.00409	0.00425	0.00707
11	0.00550	0.00456	0.00481	0.00495	0.00629	0.00388	0.00363	0.00665	0.01034	0.01257	0.07738	0.15538	0.66442	0.01192	0.00549	0.00159	0.00237	0.01010	0.00430	0.00388
12	0.01227	0.84142	0.02406	0.00786	0.01178	0.01817	0.00786	0.01375	0.00933	0.01080	0.00638	0.00736	0.00589	0.00393	0.00295	0.00098	0.00491	0.00245	0.00196	0.00589
13	0.01745	0.01286	0.01378	0.01056	0.01424	0.01424	0.00873	0.79471	0.02159	0.02893	0.01102	0.01102	0.00781	0.00551	0.00459	0.00138	0.00505	0.00413	0.00459	0.00781
14	0.00856	0.00428	0.00428	0.00428	0.00535	0.00428	0.00321	0.01070	0.00963	0.01712	0.01498	0.01712	0.01177	0.00535	0.00321	0.00107	0.00214	0.00428	0.86414	0.00428
15	0.00921	0.02375	0.81487	0.01309	0.01987	0.01066	0.01696	0.01454	0.00969	0.01454	0.00824	0.00969	0.00582	0.00436	0.00436	0.00145	0.00678	0.00339	0.00194	0.00678
16	0.00656	0.00492	0.00738	0.00738	0.00820	0.00574	0.00574	0.00820	0.00738	0.01066	0.01230	0.01804	0.01148	0.03443	0.82046	0.00738	0.01230	0.00492	0.00246	0.00410
17	0.00543	0.00465	0.00465	0.00465	0.00620	0.00388	0.00349	0.00659	0.01046	0.01240	0.04651	0.04418	0.80815	0.01163	0.00543	0.00155	0.00233	0.00969	0.00426	0.00388
18	0.00797	0.00399	0.00598	0.00598	0.00598	0.00399	0.00399	0.00598	0.00598	0.00797	0.00797	0.01396	0.00797	0.01595	0.01794	0.86643	0.00399	0.00399	0.00199	0.00199
19	0.01065	0.02173	0.71315	0.01246	0.01884	0.01017	0.01567	0.01553	0.01013	0.11556	0.00949	0.01044	0.00652	0.00453	0.00439	0.00145	0.00642	0.00355	0.00241	0.00691
20	0.12664	0.00836	0.01073	0.00923	0.06502	0.00770	0.00699	0.04748	0.01233	0.57417	0.01503	0.01370	0.00983	0.00523	0.00430	0.00136	0.00397	0.00416	0.00484	0.06894
21	0.87108	0.00888	0.00675	0.00604	0.00888	0.01030	0.00497	0.01350	0.00781	0.02060	0.00639	0.00746	0.00497	0.00426	0.00284	0.00142	0.00355	0.00249	0.00284	0.00497
22	0.00650	0.00469	0.00614	0.00578	0.00686	0.00433	0.00433	0.00866	0.01300	0.01841	0.80760	0.03429	0.04332	0.00939	0.00541	0.00144	0.00217	0.00830	0.00505	0.00433
23	0.87108	0.00888	0.00675	0.00604	0.00888	0.01030	0.00497	0.01350	0.00781	0.02060	0.00639	0.00746	0.00497	0.00426	0.00284	0.00142	0.00355	0.00249	0.00284	0.00497
24	0.00668	0.00445	0.00501	0.00501	0.00501	0.00445	0.00278	0.00668	0.00668	0.00890	0.01447	0.03004	0.01669	0.83866	0.02337	0.00445	0.00445	0.00668	0.00278	0.00278
25	0.02060	0.00781	0.01065	0.00817	0.01172	0.00675	0.00675	0.02237	0.01314	0.81320	0.01811	0.01563	0.01136	0.00568	0.00462	0.00142	0.00391	0.00462	0.00568	0.00781
26	0.00987	0.01006	0.01686	0.11672	0.01735	0.01232	0.21220	0.01218	0.02558	0.01223	0.00784	0.01162	0.00682	0.00826	0.06528	0.00218	0.44066	0.00447	0.00218	0.00532
27	0.01730	0.01279	0.01369	0.01053	0.01418	0.01417	0.00869	0.77567	0.04087	0.02869	0.01121	0.01117	0.00796	0.00553	0.00459	0.00138	0.00502	0.00416	0.00459	0.00779
28	0.00950	0.00843	0.01115	0.00806	0.01206	0.00659	0.08574	0.01168	0.00963	0.01481	0.00893	0.04122	0.00771	0.00387	0.00370	0.00081	0.00381	0.00339	0.00274	0.74616
29	0.01019	0.00810	0.00977	0.00713	0.01101	0.00631	0.01921	0.01252	0.02961	0.06801	0.04467	0.01126	0.00891	0.00390	0.00364	0.00080	0.00346	0.00320	0.00306	0.73525
30	0.00958	0.00910	0.01511	0.49518	0.26037	0.01068	0.01278	0.01232	0.00938	0.01268	0.00842	0.01257	0.00687	0.00494	0.00562	0.00154	0.08517	0.01983	0.00215	0.00572
31	0.01253	0.01376	0.01118	0.01015	0.01179	0.36811	0.00785	0.05783	0.04686	0.01278	0.04948	0.02572	0.01008	0.01325	0.21389	0.00293	0.11976	0.00419	0.00273	0.00512
32	0.05623	0.00871	0.01076	0.00817	0.01178	0.00785	0.02674	0.10673	0.03260	0.30817	0.01265	0.02889	0.00915	0.00490	0.00428	0.00116	0.01722	0.00393	0.00408	0.33599
33	0.01027	0.02662	0.01313	0.01044	0.01285	0.07891	0.16632	0.04133	0.11480	0.04519	0.04205	0.03541	0.21443	0.00790	0.02392	0.00166	0.11370	0.00607	0.00342	0.03158
34	0.00712	0.00554	0.00749	0.00769	0.00811	0.00626	0.00588	0.00821	0.00833	0.01140	0.01807	0.24852	0.02031	0.18343	0.10260	0.00310	0.14700	0.19367	0.00336	0.00392
35	0.01076	0.40353	0.35789	0.01002	0.01482	0.04426	0.01140	0.01375	0.00943	0.01227	0.00778	0.01001	0.00663	0.06393	0.00505	0.00144	0.00580	0.00317	0.00203	0.00603
36	0.01645	0.01050	0.01295	0.07714	0.06046	0.01109	0.02172	0.38736	0.06305	0.24570	0.01349	0.03743	0.00966	0.00568	0.00465	0.00143	0.00473	0.00461	0.00452	0.00738
37	0.01545	0.01443	0.01273	0.22099	0.01802	0.37494	0.00943	0.03075	0.01194	0.19577	0.00992	0.01111	0.00726	0.00507	0.00486	0.00137	0.04334	0.00369	0.00307	0.00587
38	0.00867	0.00816	0.01377	0.82762	0.03162	0.01020	0.01275	0.01173	0.00918	0.01173	0.00816	0.01224	0.00612	0.00459	0.00459	0.00153	0.00612	0.00408	0.00204	0.00510
39	0.01191	0.00938	0.01004	0.00896	0.01153	0.01065	0.00699	0.02343	0.69730	0.07656	0.01842	0.01702	0.01369	0.00614	0.00458	0.00152	0.00356	0.00509	0.05611	0.00713
40	0.00921	0.02375	0.81487	0.01309	0.01987	0.01066	0.01696	0.01454	0.00969	0.01454	0.00824	0.00969	0.00582	0.00436	0.00436	0.00145	0.00678	0.00339	0.00194	0.00678
41	0.00559	0.00402	0.00530	0.00632	0.00664	0.00374	0.00423	0.00640	0.00886	0.01175	0.02620	0.80225	0.06319	0.01427	0.00584	0.00185	0.00265	0.01291	0.00426	0.00374
42	0.00559	0.00400	0.00533	0.00639	0.00666	0.00373	0.00426	0.00639	0.00879	0.01172	0.02530	0.83566	0.03036	0.01438	0.00586	0.00186	0.00266	0.01305	0.00426	0.00373
43	0.01090	0.01041	0.01759	0.16437	0.65630	0.01080	0.01368	0.01395	0.03069	0.01455	0.00881	0.01166	0.00725	0.00423	0.00456	0.00140	0.00552	0.00412	0.00229	0.00690
44	0.00570	0.00407	0.00539	0.00630	0.00663	0.00380	0.00423	0.00660	0.00910	0.01223	0.09339	0.74481	0.03114	0.03525	0.00627	0.00189	0.00267	0.01247	0.00429	0.00376
45	0.00570	0.00407	0.00545	0.00648	0.00680	0.00382	0.00442	0.00660	0.00897	0.01197	0.04301	0.77902	0.03046	0.01419	0.00587	0.00187	0.00273	0.05053	0.00428	0.00377
46	0.00564	0.00403	0.00538	0.00644	0.00673	0.00377	0.00434	0.00647	0.00883	0.01177	0.02528	0.81619	0.03027	0.01434	0.00587	0.00187	0.00270	0.03208	0.00426	0.00374
47	0.01127	0.00971	0.01025	0.00923	0.01178	0.01120	0.00718	0.02392	0.77781	0.01918	0.04261	0.01765	0.01490	0.00632	0.00469	0.00155	0.00359	0.00528	0.00468	0.00718
48	0.00856	0.00428	0.00428	0.00428	0.00535	0.00428	0.00321	0.01070	0.00963	0.01712	0.01498	0.01712	0.01177	0.00535	0.00321	0.00107	0.00214	0.00428	0.86414	0.00428
49	0.00666	0.00442	0.00501	0.00507	0.00512	0.00440	0.00288	0.00677	0.00688	0.00930	0.01513	0.07783	0.01737	0.76649	0.02177	0.00420	0.00428	0.00699	0.02655	0.00288
50	0.07859	0.01257	0.01327	0.01024	0.01385	0.01396	0.00846	0.73875	0.02060	0.02834	0.01069	0.01077	0.00760	0.00542	0.00447	0.00138	0.00494	0.00402	0.00447	0.00760
51	0.00928	0.02324	0.77982	0.01336	0.02005	0.01070	0.05150	0.01455	0.00974	0.01455	0.00829	0.00981	0.00587	0.00434	0.00441	0.00146	0.00683	0.00348	0.00196	0.00676
52	0.01187	0.00972	0.01044	0.00909	0.01191	0.01081	0.00712	0.05236	0.66063	0.05449	0.01735	0.01610	0.01297	0.00590	0.00454	0.00146	0.00368	0.00489	0.00453	0.09014
53	0.00692	0.00513	0.00673	0.00754	0.00871	0.00494	0.00645	0.00881	0.01054	0.01342	0.02967	0.04995	0.21511	0.01243	0.00612	0.00198	0.00377	0.59340	0.00424	0.00414
54	0.00656	0.00491	0.00732	0.00732	0.00812	0.00571	0.00567	0.00816	0.00736	0.01062	0.01235	0.01832	0.01160	0.05362	0.80145	0.00731	0.01211	0.00496	0.00247	0.00407
55	0.01185	0.02199	0.01542	0.16273	0.07939	0.20687	0.16471	0.06416	0.02862	0.01413	0.06623	0.03080	0.00999	0.00570	0.00568	0.03432	0.04532	0.00458	0.02195	0.00554
56	0.01038	0.00892	0.00955	0.00737	0.01083	0.06470	0.00579	0.04578	0.03519	0.03996	0.04022	0.07713	0.01041	0.00485	0.00385	0.00092	0.00374	0.00397	0.00314	0.61330
57	0.01136	0.00925	0.01048	0.00778	0.01166	0.04331	0.02317	0.06937	0.04427	0.07534	0.00953	0.01041	0.00748	0.00391	0.00371	0.00086	0.00388	0.00314	0.00313	0.64798

[dist]
# distance from previous block
# <min> <max>
1	7

[block]
# block no. 7 follows, 56 sequences, length 35
# corresponding to MSA columns:
# 492-500,519-544
name=unknown_H
#
# <colnr> <probs for GDERKNQSTAVLIFYWHMCP>
#	G	D	E	R	K	N	Q	S	T	A	V	L	I	F	Y	W	H	M	C	P
0	0.01249	0.01307	0.16383	0.05603	0.01424	0.11597	0.00952	0.06615	0.14029	0.13562	0.05223	0.03659	0.01185	0.02883	0.01924	0.00169	0.07739	0.03525	0.00352	0.00619
1	0.04790	0.00822	0.00965	0.00727	0.01067	0.00712	0.00584	0.03620	0.00989	0.01559	0.07414	0.01157	0.00970	0.00441	0.00461	0.00092	0.07654	0.00333	0.00291	0.65352
2	0.01715	0.02188	0.01301	0.01183	0.01419	0.82022	0.00887	0.01833	0.01301	0.01124	0.00710	0.00828	0.00591	0.00473	0.00414	0.00118	0.00828	0.00296	0.00237	0.00532
3	0.01055	0.01010	0.01650	0.34270	0.47023	0.02825	0.01334	0.02855	0.01023	0.01390	0.00846	0.01163	0.00680	0.00433	0.00455	0.00143	0.00577	0.00406	0.00223	0.00638
4	0.00797	0.00399	0.00598	0.00598	0.00598	0.00399	0.00399	0.00598	0.00598	0.00797	0.00797	0.01396	0.00797	0.01595	0.01794	0.86643	0.00399	0.00399	0.00199	0.00199
5	0.00561	0.00466	0.00490	0.00484	0.00631	0.00395	0.00363	0.00694	0.01089	0.01341	0.17412	0.04252	0.67991	0.01125	0.00542	0.00153	0.00230	0.00946	0.00440	0.00395
6	0.01301	0.01089	0.08616	0.04326	0.01791	0.00937	0.34274	0.01595	0.01111	0.25308	0.03581	0.06338	0.01084	0.00561	0.00558	0.00155	0.04675	0.01712	0.00349	0.00640
7	0.00777	0.00652	0.00945	0.02265	0.00961	0.00830	0.00704	0.00899	0.00721	0.01061	0.01007	0.01548	0.00960	0.04290	0.49095	0.05376	0.26794	0.00461	0.00229	0.00426
8	0.00614	0.00438	0.00537	0.00589	0.00626	0.00421	0.00383	0.00711	0.02955	0.01145	0.06894	0.46440	0.06999	0.27752	0.01138	0.00264	0.00321	0.01033	0.00385	0.00356
9	0.01134	0.00953	0.01015	0.00912	0.01165	0.01092	0.00709	0.02347	0.74074	0.03597	0.06297	0.01806	0.01560	0.00639	0.00471	0.00155	0.00356	0.00535	0.00471	0.00711
10	0.01722	0.01264	0.01353	0.01040	0.01401	0.01398	0.00858	0.77446	0.02128	0.02863	0.01112	0.01118	0.00791	0.00551	0.00456	0.00137	0.00498	0.00414	0.02679	0.00772
11	0.03678	0.00921	0.01107	0.00857	0.01212	0.00886	0.00701	0.19182	0.09217	0.43113	0.01493	0.01371	0.01005	0.00535	0.00441	0.00132	0.00405	0.00425	0.00486	0.12833
12	0.00995	0.22178	0.62334	0.01182	0.01791	0.01248	0.01476	0.01435	0.00960	0.01363	0.00779	0.00913	0.00583	0.00426	0.00402	0.00134	0.00633	0.00317	0.00194	0.00657
13	0.01715	0.02188	0.01301	0.01183	0.01419	0.82022	0.00887	0.01833	0.01301	0.01124	0.00710	0.00828	0.00591	0.00473	0.00414	0.00118	0.00828	0.00296	0.00237	0.00532
14	0.00874	0.00825	0.01378	0.78715	0.03065	0.01039	0.01262	0.01170	0.00907	0.01170	0.00805	0.01213	0.00612	0.00476	0.00511	0.00155	0.04702	0.00408	0.00204	0.00510
15	0.01040	0.01063	0.01401	0.01204	0.01216	0.05407	0.00999	0.01141	0.00733	0.01106	0.00608	0.00996	0.00602	0.00787	0.01452	0.00197	0.78946	0.00397	0.00203	0.00504
16	0.02022	0.00773	0.01053	0.00810	0.01159	0.00668	0.00668	0.02201	0.01314	0.79186	0.03931	0.01613	0.01222	0.00578	0.00464	0.00142	0.00386	0.00472	0.00567	0.00772
17	0.00559	0.00400	0.00533	0.00639	0.00666	0.00373	0.00426	0.00639	0.00879	0.01172	0.02530	0.83566	0.03036	0.01438	0.00586	0.00186	0.00266	0.01305	0.00426	0.00373
18	0.00952	0.00816	0.00952	0.00680	0.01088	0.00612	0.00544	0.01156	0.00952	0.01496	0.00816	0.00952	0.00680	0.00340	0.00340	0.00068	0.00340	0.00272	0.00272	0.86672
19	0.00673	0.00481	0.00663	0.00769	0.00846	0.00471	0.00624	0.00836	0.00991	0.01299	0.02467	0.34078	0.02788	0.01331	0.00616	0.00202	0.00365	0.49669	0.00424	0.00404
20	0.00663	0.00443	0.00502	0.00507	0.00508	0.00442	0.00285	0.00666	0.00677	0.00903	0.01495	0.06588	0.01730	0.80199	0.02259	0.00434	0.00437	0.00696	0.00285	0.00282
21	0.01142	0.00986	0.01038	0.00934	0.01194	0.01142	0.00727	0.02440	0.80172	0.01920	0.01869	0.01713	0.01401	0.00623	0.00467	0.00156	0.00363	0.00519	0.00467	0.00727
22	0.01745	0.01286	0.01378	0.01056	0.01424	0.01424	0.00873	0.79471	0.02159	0.02893	0.01102	0.01102	0.00781	0.00551	0.00459	0.00138	0.00505	0.00413	0.00459	0.00781
23	0.00571	0.00404	0.00529	0.00625	0.00649	0.00380	0.00411	0.00642	0.00857	0.01143	0.02417	0.75163	0.02894	0.10036	0.00769	0.00213	0.00285	0.01239	0.00411	0.00363
24	0.00562	0.00402	0.00535	0.00637	0.00666	0.00375	0.00426	0.00646	0.00891	0.01191	0.04802	0.81239	0.03074	0.01424	0.00585	0.00185	0.00265	0.01291	0.00428	0.00375
25	0.01715	0.02188	0.01301	0.01183	0.01419	0.82022	0.00887	0.01833	0.01301	0.01124	0.00710	0.00828	0.00591	0.00473	0.00414	0.00118	0.00828	0.00296	0.00237	0.00532
26	0.01151	0.00981	0.01038	0.00927	0.01186	0.01129	0.00723	0.05888	0.73745	0.01962	0.04711	0.01748	0.01480	0.00631	0.00469	0.00154	0.00364	0.00526	0.00468	0.00718
27	0.00650	0.00469	0.00614	0.00578	0.00686	0.00433	0.00433	0.00866	0.01300	0.01841	0.80760	0.03429	0.04332	0.00939	0.00541	0.00144	0.00217	0.00830	0.00505	0.00433
28	0.05718	0.00472	0.00462	0.00451	0.00574	0.00483	0.00343	0.02793	0.00979	0.01757	0.01441	0.01644	0.01130	0.00529	0.00322	0.00110	0.00228	0.00418	0.79706	0.00439
29	0.08870	0.00932	0.01106	0.00859	0.01208	0.02944	0.00707	0.18415	0.01448	0.56339	0.01539	0.01381	0.00996	0.00551	0.00446	0.00141	0.00423	0.00430	0.00514	0.00752
30	0.00656	0.00492	0.00738	0.00738	0.00820	0.00574	0.00574	0.00820	0.00738	0.01066	0.01230	0.01804	0.01148	0.03443	0.82046	0.00738	0.01230	0.00492	0.00246	0.00410
31	0.01278	0.75713	0.02292	0.00826	0.01203	0.10066	0.00796	0.01422	0.00971	0.01085	0.00646	0.00746	0.00589	0.00401	0.00307	0.00100	0.00526	0.00251	0.00201	0.00583
32	0.00952	0.00816	0.00952	0.00680	0.01088	0.00612	0.00544	0.01156	0.00952	0.01496	0.00816	0.00952	0.00680	0.00340	0.00340	0.00068	0.00340	0.00272	0.00272	0.86672
33	0.00636	0.00469	0.00595	0.00563	0.00678	0.00427	0.00422	0.00840	0.01267	0.01765	0.71076	0.03555	0.14063	0.00967	0.00542	0.00146	0.00219	0.00848	0.00495	0.00427
34	0.87108	0.00888	0.00675	0.00604	0.00888	0.01030	0.00497	0.01350	0.00781	0.02060	0.00639	0.00746	0.00497	0.00426	0.00284	0.00142	0.00355	0.00249	0.00284	0.00497

[dist]
# distance from previous block
# <min> <max>
1	3

[block]
# block no. 8 follows, 56 sequences, length 33
# corresponding to MSA columns:
# 548-580
name=unknown_I
#
# <colnr> <probs for GDERKNQSTAVLIFYWHMCP>
#	G	D	E	R	K	N	Q	S	T	A	V	L	I	F	Y	W	H	M	C	P
0	0.00628	0.00453	0.00594	0.00592	0.00681	0.00419	0.00432	0.00812	0.01199	0.01682	0.62136	0.22507	0.04023	0.01058	0.00552	0.00154	0.00228	0.00943	0.00487	0.00419
