[name]
unknown

[dist]
# distance from previous block
# <min> <max>
7	407

[block]
# block no. 0 follows, 52 sequences, length 15
# corresponding to MSA columns:
# 558-563,570-578
name=unknown_A
#
# <colnr> <probs for GDERKNQSTAVLIFYWHMCP>
#	G	D	E	R	K	N	Q	S	T	A	V	L	I	F	Y	W	H	M	C	P
0	0.01403	0.01035	0.01171	0.00882	0.01282	0.00976	0.00715	0.26824	0.07256	0.09319	0.01140	0.01176	0.00854	0.00477	0.00422	0.00110	0.00423	0.00374	0.00396	0.43767
1	0.01530	0.07184	0.26526	0.01180	0.01674	0.01411	0.01190	0.48902	0.01795	0.02446	0.01038	0.01093	0.00744	0.00532	0.00465	0.00145	0.00590	0.00400	0.00378	0.00776
2	0.01600	0.01181	0.01312	0.01044	0.01368	0.01314	0.00855	0.61998	0.01962	0.02647	0.01192	0.01320	0.00906	0.01225	0.17470	0.00279	0.00694	0.00454	0.00437	0.00742
3	0.01025	0.00641	0.00744	0.00665	0.00879	0.00597	0.00517	0.01362	0.12364	0.18197	0.19754	0.03398	0.36022	0.00963	0.00543	0.00158	0.00297	0.00811	0.00505	0.00558
4	0.00884	0.00644	0.00783	0.00795	0.00918	0.00655	0.00599	0.17101	0.01250	0.01657	0.02425	0.49960	0.05659	0.01280	0.00597	0.00189	0.00359	0.13296	0.00457	0.00493
5	0.01708	0.01291	0.01379	0.01088	0.01452	0.01440	0.00889	0.62359	0.18469	0.02838	0.01334	0.01299	0.00962	0.00598	0.00487	0.00149	0.00502	0.00460	0.00487	0.00812
6	0.01427	0.01106	0.01196	0.00988	0.01291	0.01229	0.00792	0.38419	0.30253	0.02503	0.13809	0.01786	0.01653	0.00674	0.00501	0.00153	0.00431	0.00546	0.00495	0.00746
7	0.01374	0.71555	0.02384	0.00870	0.01281	0.01858	0.00842	0.12438	0.01170	0.01414	0.00744	0.00833	0.00651	0.00438	0.00336	0.00110	0.00520	0.00284	0.00247	0.00651
8	0.01842	0.01357	0.01454	0.01115	0.01503	0.01503	0.00921	0.78330	0.02278	0.03054	0.01163	0.01163	0.00824	0.00582	0.00485	0.00145	0.00533	0.00436	0.00485	0.00824
9	0.01227	0.66235	0.18967	0.00946	0.01424	0.01751	0.01032	0.01469	0.00993	0.01223	0.00715	0.00829	0.00620	0.00424	0.00342	0.00114	0.00560	0.00280	0.00207	0.00642
10	0.00576	0.00476	0.00506	0.00530	0.00665	0.00406	0.00385	0.00691	0.01067	0.01294	0.04437	0.21106	0.63612	0.01289	0.00582	0.00171	0.00253	0.01098	0.00450	0.00406
11	0.00975	0.00922	0.01562	0.65185	0.19489	0.01092	0.01376	0.01291	0.00997	0.01311	0.00872	0.01272	0.00672	0.00473	0.00483	0.00158	0.00631	0.00431	0.00221	0.00587
12	0.00705	0.00470	0.00529	0.00529	0.00529	0.00470	0.00294	0.00705	0.00705	0.00940	0.01527	0.03171	0.01762	0.82969	0.02467	0.00470	0.00470	0.00705	0.00294	0.00294
13	0.01205	0.01041	0.01096	0.00986	0.01260	0.01205	0.00767	0.02575	0.79071	0.02027	0.01972	0.01808	0.01479	0.00657	0.00493	0.00164	0.00384	0.00548	0.00493	0.00767
14	0.00915	0.00861	0.01453	0.81804	0.03338	0.01077	0.01346	0.01238	0.00969	0.01238	0.00861	0.01292	0.00646	0.00484	0.00484	0.00161	0.00646	0.00431	0.00215	0.00538

[dist]
# distance from previous block
# <min> <max>
0	1

[block]
# block no. 1 follows, 52 sequences, length 28
# corresponding to MSA columns:
# 580-601,611-616
name=unknown_B
#
# <colnr> <probs for GDERKNQSTAVLIFYWHMCP>
#	G	D	E	R	K	N	Q	S	T	A	V	L	I	F	Y	W	H	M	C	P
0	0.01198	0.01156	0.01994	0.02946	0.77602	0.01154	0.03809	0.01489	0.01105	0.01582	0.00914	0.01203	0.00767	0.00431	0.00483	0.00145	0.00583	0.00436	0.00240	0.00764
1	0.00621	0.00439	0.00576	0.00673	0.00704	0.00417	0.00456	0.00706	0.00913	0.01215	0.02511	0.65835	0.02980	0.12305	0.00868	0.00235	0.00320	0.07413	0.00429	0.00385
2	0.50648	0.01079	0.00985	0.00824	0.01149	0.01229	0.00675	0.25354	0.10073	0.02430	0.00972	0.01018	0.00725	0.00514	0.00379	0.00150	0.00425	0.00348	0.00379	0.00645
3	0.19736	0.20220	0.01645	0.17140	0.05915	0.03538	0.06039	0.13112	0.01185	0.04508	0.00867	0.01035	0.00674	0.00470	0.00406	0.00139	0.00541	0.00361	0.00292	0.02178
4	0.05137	0.01280	0.01894	0.06780	0.01923	0.10396	0.31603	0.08500	0.03137	0.01630	0.00919	0.01159	0.00721	0.00486	0.00602	0.00148	0.09178	0.00446	0.00277	0.13783
5	0.00845	0.00702	0.01213	0.01021	0.01210	0.00736	0.18624	0.01106	0.02527	0.01361	0.01287	0.01746	0.01111	0.02290	0.46653	0.00507	0.00981	0.00520	0.15065	0.00494
6	0.00990	0.00947	0.01633	0.60321	0.20754	0.01100	0.04775	0.01309	0.01007	0.01331	0.00878	0.01272	0.00678	0.00469	0.00487	0.00158	0.00638	0.00437	0.00222	0.00596
7	0.14168	0.00525	0.00504	0.00492	0.00627	0.00548	0.00373	0.01142	0.00961	0.01800	0.01391	0.01626	0.01104	0.00621	0.00436	0.05807	0.00262	0.00420	0.66745	0.00447
8	0.51207	0.00859	0.00797	0.06037	0.01089	0.00963	0.00586	0.06802	0.00977	0.02022	0.00908	0.01080	0.00715	0.00643	0.04635	0.00173	0.00429	0.00331	0.13553	0.06194
9	0.00893	0.00455	0.00467	0.00467	0.00579	0.00459	0.00351	0.01117	0.01005	0.01774	0.01567	0.01811	0.01241	0.00711	0.04180	0.00145	0.00277	0.00455	0.81595	0.00451
10	0.01248	0.00585	0.00725	0.00641	0.00837	0.00558	0.00506	0.01445	0.01099	0.26618	0.01870	0.01973	0.06711	0.01152	0.14334	0.00243	0.00472	0.00515	0.37903	0.00564
11	0.00947	0.00579	0.00694	0.00638	0.00811	0.00530	0.00486	0.05180	0.01262	0.13872	0.26018	0.13518	0.25926	0.01018	0.00545	0.00158	0.00285	0.00872	0.06150	0.00511
12	0.00845	0.00524	0.00632	0.00619	0.00770	0.00459	0.00458	0.00981	0.01132	0.13827	0.13572	0.26833	0.35160	0.01182	0.00572	0.00170	0.00280	0.01023	0.00485	0.00476
13	0.01961	0.00962	0.06376	0.00902	0.01278	0.00799	0.00779	0.06996	0.04778	0.63030	0.01780	0.01657	0.01176	0.04512	0.00580	0.00166	0.00442	0.00489	0.00547	0.00790
14	0.23896	0.00933	0.01021	0.00839	0.01164	0.00970	0.00680	0.09638	0.15906	0.34021	0.03703	0.01486	0.01142	0.01916	0.00474	0.00157	0.00405	0.00449	0.00483	0.00717
15	0.00674	0.00468	0.00550	0.00580	0.00609	0.00455	0.00366	0.00718	0.00816	0.01070	0.02144	0.19801	0.09289	0.53073	0.01788	0.00369	0.00409	0.06135	0.00351	0.00335
16	0.00588	0.00429	0.00554	0.00655	0.00698	0.00395	0.00441	0.00677	0.00947	0.01245	0.02917	0.74077	0.11623	0.01486	0.00613	0.00193	0.00277	0.01339	0.00450	0.00395
17	0.00630	0.00462	0.00582	0.00616	0.00694	0.00424	0.00432	0.00769	0.01107	0.01495	0.31631	0.37747	0.14595	0.05675	0.00694	0.00190	0.00267	0.01104	0.00473	0.00414
18	0.03050	0.00557	0.00671	0.00664	0.00758	0.00543	0.00465	0.05034	0.01010	0.08566	0.07260	0.25984	0.05866	0.30619	0.01255	0.00284	0.00383	0.06190	0.00411	0.00432
19	0.00623	0.00452	0.00595	0.00697	0.00752	0.00424	0.00501	0.00735	0.00977	0.01281	0.02850	0.62118	0.09891	0.01461	0.00623	0.00199	0.00307	0.14662	0.00449	0.00404
20	0.00590	0.00422	0.00562	0.00675	0.00703	0.00394	0.00450	0.00675	0.00928	0.01237	0.02671	0.82653	0.03205	0.01518	0.00619	0.00197	0.00281	0.01378	0.00450	0.00394
21	0.00818	0.00505	0.00629	0.00623	0.00730	0.00462	0.00441	0.00944	0.01080	0.10449	0.21458	0.27266	0.14713	0.14954	0.00891	0.00220	0.00309	0.00968	0.02095	0.00445
22	0.03668	0.00910	0.01114	0.00884	0.01209	0.00888	0.00713	0.19621	0.04949	0.46647	0.03706	0.05214	0.01322	0.06107	0.00622	0.00173	0.00432	0.00537	0.00534	0.00752
23	0.37447	0.00919	0.00937	0.00774	0.01087	0.00974	0.00632	0.12860	0.03986	0.24766	0.06427	0.01358	0.01096	0.00560	0.00407	0.00148	0.00393	0.00411	0.04162	0.00656
24	0.01017	0.00593	0.00760	0.00706	0.00862	0.00555	0.00529	0.06244	0.01283	0.16815	0.32974	0.26479	0.05637	0.02510	0.00597	0.00171	0.00304	0.00922	0.00511	0.00529
25	0.02890	0.00877	0.01004	0.00817	0.01090	0.00887	0.00647	0.26053	0.03667	0.23526	0.06913	0.02148	0.10441	0.10343	0.00721	0.00186	0.00413	0.00579	0.06138	0.00659
26	0.00653	0.00476	0.00594	0.00598	0.00686	0.00439	0.00424	0.00809	0.01160	0.01586	0.43782	0.20406	0.13997	0.11230	0.00815	0.00202	0.00272	0.00981	0.00475	0.00417
27	0.00692	0.00519	0.00779	0.00779	0.00865	0.00606	0.00606	0.00865	0.00779	0.01125	0.01298	0.01904	0.01211	0.03634	0.81049	0.00779	0.01298	0.00519	0.00260	0.00433

[dist]
# distance from previous block
# <min> <max>
6	13

[block]
# block no. 2 follows, 52 sequences, length 14
# corresponding to MSA columns:
# 631-639,644-648
name=unknown_C
#
# <colnr> <probs for GDERKNQSTAVLIFYWHMCP>
#	G	D	E	R	K	N	Q	S	T	A	V	L	I	F	Y	W	H	M	C	P
0	0.01214	0.01043	0.02527	0.00915	0.03343	0.08074	0.02488	0.06542	0.05252	0.08249	0.02318	0.03185	0.03125	0.00588	0.02898	0.00127	0.00468	0.00403	0.00341	0.46900
1	0.15170	0.00773	0.00931	0.05302	0.01162	0.00729	0.03396	0.05156	0.01028	0.03278	0.01459	0.27488	0.01504	0.00775	0.00457	0.00139	0.00379	0.00667	0.00353	0.29853
2	0.12667	0.04895	0.13139	0.03002	0.01605	0.11483	0.11802	0.11950	0.01229	0.03186	0.00892	0.01034	0.00684	0.00451	0.00426	0.00129	0.00583	0.00364	0.00293	0.20186
3	0.01139	0.33000	0.29643	0.10459	0.01843	0.04299	0.04956	0.03495	0.01068	0.01395	0.03962	0.01076	0.00791	0.00469	0.00416	0.00135	0.00619	0.00360	0.00231	0.00643
4	0.01086	0.05448	0.02316	0.26930	0.10400	0.01208	0.42570	0.01443	0.01077	0.01436	0.00920	0.01264	0.00705	0.00435	0.00522	0.00158	0.00724	0.00498	0.00233	0.00627
5	0.00771	0.00676	0.02947	0.00674	0.00860	0.00630	0.00533	0.01232	0.19074	0.01717	0.32025	0.03517	0.31522	0.00987	0.00551	0.00159	0.00284	0.00841	0.00484	0.00518
6	0.00703	0.00478	0.00572	0.00572	0.00586	0.00493	0.00347	0.00732	0.00717	0.00972	0.01488	0.02953	0.01667	0.69325	0.15981	0.00523	0.00612	0.00673	0.00288	0.00318
7	0.00817	0.00725	0.01172	0.55703	0.02491	0.00861	0.01058	0.01072	0.00984	0.01282	0.06294	0.22486	0.01555	0.00784	0.00525	0.00170	0.00525	0.00704	0.00296	0.00496
8	0.48454	0.00863	0.00855	0.00713	0.01030	0.00902	0.00586	0.01768	0.01054	0.32343	0.01210	0.01185	0.00831	0.00515	0.00375	0.00148	0.00380	0.00361	0.05792	0.00636
9	0.01351	0.05233	0.01365	0.12629	0.09675	0.01193	0.00939	0.22351	0.22643	0.07107	0.07867	0.01649	0.01329	0.00613	0.00488	0.00153	0.00478	0.01802	0.00420	0.00715
10	0.00674	0.00465	0.00530	0.00547	0.00568	0.00452	0.00325	0.00699	0.00780	0.01023	0.02045	0.15622	0.09847	0.62124	0.01990	0.00397	0.00418	0.00841	0.00334	0.00321
11	0.00928	0.00853	0.01398	0.48815	0.11402	0.00991	0.03995	0.01262	0.04165	0.01408	0.10157	0.04757	0.01328	0.00623	0.00542	0.00164	0.02928	0.03441	0.00285	0.00559
12	0.00776	0.00516	0.00659	0.00615	0.00751	0.00467	0.00464	0.00982	0.01321	0.07533	0.61235	0.06628	0.14187	0.01014	0.00567	0.00155	0.00246	0.00886	0.00524	0.00475
13	0.01111	0.05008	0.01007	0.03164	0.01112	0.00904	0.00664	0.13815	0.20041	0.07271	0.13159	0.10844	0.15324	0.00882	0.00526	0.00161	0.00371	0.03558	0.00469	0.00611

[dist]
# distance from previous block
# <min> <max>
10	13

[block]
# block no. 3 follows, 52 sequences, length 39
# corresponding to MSA columns:
# 662-684,699-714
name=unknown_D
#
# <colnr> <probs for GDERKNQSTAVLIFYWHMCP>
#	G	D	E	R	K	N	Q	S	T	A	V	L	I	F	Y	W	H	M	C	P
0	0.06868	0.04867	0.04020	0.01000	0.01343	0.01275	0.00834	0.26326	0.36450	0.09545	0.01532	0.01452	0.01117	0.00597	0.00468	0.00153	0.00451	0.00469	0.00465	0.00767
1	0.01047	0.06308	0.23658	0.07711	0.10704	0.02587	0.11583	0.04872	0.04798	0.01564	0.03968	0.08892	0.02946	0.00603	0.00490	0.00151	0.00583	0.01420	0.00290	0.05826
2	0.10566	0.13378	0.07240	0.13213	0.09686	0.02125	0.03126	0.02675	0.01105	0.16781	0.05578	0.05235	0.02646	0.00579	0.00466	0.00146	0.01814	0.00472	0.00340	0.02829
3	0.00969	0.00919	0.00763	0.00733	0.00804	0.19874	0.00488	0.01021	0.00875	0.01022	0.01311	0.02458	0.01419	0.53113	0.11891	0.00426	0.00672	0.00587	0.00279	0.00376
4	0.05019	0.01089	0.01755	0.30038	0.08971	0.03670	0.20317	0.09912	0.01181	0.04797	0.01061	0.01366	0.02584	0.02420	0.00586	0.00166	0.03689	0.00477	0.00282	0.00621
5	0.01039	0.01083	0.07863	0.10904	0.01549	0.04395	0.06643	0.07636	0.19093	0.01642	0.04441	0.08062	0.14094	0.00782	0.00611	0.00167	0.07264	0.01760	0.00372	0.00602
6	0.00995	0.00929	0.01538	0.44998	0.21735	0.01052	0.05221	0.01351	0.06092	0.01362	0.01018	0.01488	0.00845	0.08589	0.00683	0.00188	0.00603	0.00473	0.00249	0.00592
7	0.03034	0.01371	0.20266	0.01039	0.01468	0.01053	0.01009	0.27417	0.01587	0.25024	0.10440	0.01551	0.01314	0.00603	0.00487	0.00150	0.00504	0.00481	0.00453	0.00751
8	0.07614	0.00906	0.01332	0.50972	0.04019	0.05356	0.05104	0.01233	0.00987	0.01337	0.01118	0.09437	0.01010	0.00728	0.03303	0.00186	0.00623	0.03947	0.00261	0.00527
9	0.01240	0.30846	0.29310	0.01104	0.02698	0.11138	0.01156	0.06257	0.01118	0.02601	0.00919	0.01104	0.01894	0.03914	0.02651	0.00161	0.00646	0.00354	0.00244	0.00644
10	0.00677	0.00500	0.00729	0.00756	0.00829	0.00558	0.00573	0.00829	0.00821	0.01156	0.01631	0.17904	0.01690	0.05629	0.59205	0.00630	0.01034	0.04122	0.00306	0.00421
11	0.00996	0.00956	0.01615	0.57329	0.07652	0.01115	0.10764	0.01455	0.10501	0.01394	0.01014	0.01351	0.00766	0.00493	0.00496	0.00161	0.00631	0.00462	0.00254	0.00594
12	0.01120	0.18970	0.41658	0.01308	0.01829	0.01332	0.10413	0.01505	0.01008	0.04613	0.00854	0.01035	0.00657	0.00501	0.00589	0.00152	0.11183	0.00376	0.00227	0.00670
13	0.04482	0.00815	0.01201	0.42997	0.02236	0.00920	0.01000	0.07306	0.01159	0.14497	0.07251	0.11411	0.01356	0.00674	0.00501	0.00162	0.00512	0.00583	0.00356	0.00583
14	0.00588	0.00451	0.00536	0.00599	0.00682	0.00403	0.00416	0.00690	0.01005	0.01279	0.05588	0.49014	0.32958	0.02641	0.00628	0.00187	0.00269	0.01216	0.00450	0.00400
15	0.01501	0.01774	0.01292	0.01301	0.09051	0.52412	0.00899	0.01705	0.05791	0.01253	0.00994	0.04263	0.00906	0.07510	0.04288	0.00193	0.03611	0.00423	0.00273	0.00559
16	0.00911	0.07336	0.03404	0.00936	0.05044	0.14948	0.00670	0.01037	0.01028	0.01253	0.02023	0.52962	0.02326	0.01157	0.00551	0.00173	0.00438	0.02954	0.00377	0.00472
17	0.00872	0.00585	0.00692	0.00670	0.00819	0.00558	0.00498	0.05041	0.07114	0.08551	0.12218	0.25393	0.25588	0.01156	0.00631	0.04604	0.00305	0.01747	0.02470	0.00488
18	0.00669	0.00485	0.00603	0.00617	0.00678	0.00488	0.00425	0.00761	0.00860	0.01147	0.06280	0.11845	0.14582	0.33994	0.21685	0.00444	0.00609	0.03112	0.00345	0.00372
19	0.01105	0.00974	0.01496	0.60843	0.09287	0.01159	0.01281	0.15113	0.01215	0.01593	0.00920	0.01261	0.00688	0.00498	0.00484	0.00157	0.00620	0.00432	0.00266	0.00608
20	0.01170	0.01150	0.01410	0.54461	0.02694	0.13517	0.01191	0.09040	0.07856	0.01476	0.00969	0.01259	0.00732	0.00511	0.00478	0.00154	0.00648	0.00423	0.00271	0.00590
21	0.01842	0.01357	0.01454	0.01115	0.01503	0.01503	0.00921	0.78330	0.02278	0.03054	0.01163	0.01163	0.00824	0.00582	0.00485	0.00145	0.00533	0.00436	0.00485	0.00824
22	0.01899	0.17989	0.19756	0.03918	0.01475	0.01930	0.05823	0.04166	0.01841	0.02842	0.02851	0.01282	0.02942	0.02275	0.01871	0.09506	0.00544	0.00393	0.00263	0.16432
23	0.00599	0.00440	0.00556	0.00638	0.00692	0.00405	0.00434	0.00694	0.00968	0.01268	0.06252	0.61703	0.15791	0.05234	0.00696	0.00203	0.00284	0.02302	0.00446	0.00395
24	0.03005	0.00989	0.01718	0.49360	0.18250	0.01135	0.11047	0.01327	0.01001	0.01364	0.00868	0.01250	0.00678	0.00485	0.00557	0.00161	0.05537	0.00444	0.00226	0.00598
25	0.01203	0.03296	0.11722	0.01285	0.12704	0.01077	0.00994	0.20783	0.01330	0.03954	0.03588	0.10594	0.04303	0.00761	0.02186	0.00166	0.09089	0.01705	0.00352	0.08909
26	0.12042	0.00855	0.01011	0.00966	0.08784	0.00864	0.00687	0.13702	0.03439	0.19480	0.01359	0.01462	0.01011	0.02560	0.03171	0.00163	0.00424	0.00431	0.20937	0.06651
27	0.00702	0.00481	0.00586	0.00586	0.00606	0.00501	0.00365	0.00741	0.00722	0.00982	0.01475	0.02882	0.01636	0.64839	0.20424	0.00540	0.00659	0.00662	0.00286	0.00325
28	0.00787	0.07130	0.10498	0.02242	0.01042	0.00682	0.02835	0.02185	0.01130	0.02785	0.23186	0.25054	0.13746	0.01037	0.00551	0.00166	0.00366	0.03666	0.00417	0.00495
29	0.37392	0.13299	0.01192	0.03754	0.01195	0.01159	0.00691	0.11720	0.01160	0.16859	0.02438	0.01126	0.00820	0.00665	0.04520	0.00175	0.00479	0.00358	0.00366	0.00630
30	0.01746	0.00951	0.01127	0.00909	0.01237	0.00967	0.00736	0.18072	0.19791	0.38200	0.04320	0.01661	0.01301	0.00620	0.00481	0.00150	0.00413	0.00502	0.06040	0.00775
31	0.01041	0.19844	0.63729	0.01263	0.01914	0.01295	0.01584	0.01517	0.01015	0.01450	0.00828	0.00970	0.00616	0.00451	0.00428	0.00143	0.00674	0.00337	0.00205	0.00696
32	0.00603	0.00488	0.00536	0.00531	0.00675	0.00421	0.00396	0.00752	0.01165	0.01471	0.24324	0.08432	0.56149	0.01181	0.00575	0.00162	0.00243	0.01003	0.00472	0.00421
33	0.00589	0.00429	0.00555	0.00657	0.00698	0.00395	0.00442	0.00677	0.00945	0.01244	0.02891	0.74985	0.10731	0.01490	0.00614	0.00194	0.00278	0.01343	0.00450	0.00395
34	0.02142	0.00877	0.01157	0.00887	0.01263	0.00790	0.00733	0.09831	0.01475	0.72689	0.01838	0.01602	0.01163	0.00598	0.00487	0.00150	0.00424	0.00482	0.00588	0.00825
35	0.00604	0.00428	0.00558	0.00657	0.00682	0.00403	0.00431	0.00678	0.00901	0.01201	0.02533	0.73070	0.03031	0.11339	0.00841	0.00230	0.00304	0.01297	0.00431	0.00382
36	0.01264	0.75321	0.10200	0.00883	0.01328	0.01840	0.00924	0.01459	0.00988	0.01179	0.00693	0.00802	0.00621	0.00419	0.00326	0.00109	0.00538	0.00269	0.00207	0.00631
37	0.57622	0.01068	0.00902	0.00762	0.01085	0.05253	0.00620	0.13121	0.04019	0.02192	0.00820	0.00908	0.00630	0.00471	0.00348	0.00141	0.00423	0.00304	0.00331	0.08978
38	0.01269	0.12329	0.03502	0.02830	0.01248	0.06326	0.02617	0.12359	0.12117	0.09854	0.13316	0.05234	0.04577	0.03835	0.00614	0.00164	0.04256	0.02520	0.00408	0.00626

[dist]
# distance from previous block
# <min> <max>
1	11

[block]
# block no. 4 follows, 52 sequences, length 17
# corresponding to MSA columns:
# 726-731,734-744
name=unknown_E
#
# <colnr> <probs for GDERKNQSTAVLIFYWHMCP>
#	G	D	E	R	K	N	Q	S	T	A	V	L	I	F	Y	W	H	M	C	P
0	0.12259	0.03917	0.29346	0.10109	0.14669	0.09443	0.04064	0.05834	0.01108	0.01624	0.00847	0.01047	0.00649	0.00475	0.00473	0.00149	0.02708	0.00372	0.00246	0.00661
1	0.10680	0.51249	0.04526	0.00886	0.01236	0.12160	0.00825	0.01460	0.01021	0.01309	0.04237	0.00976	0.00809	0.00587	0.03260	0.00143	0.03494	0.00312	0.00240	0.00589
2	0.00634	0.00517	0.02580	0.00686	0.00762	0.00458	0.00491	0.00808	0.05011	0.01326	0.06427	0.64299	0.11406	0.01391	0.00601	0.00188	0.00291	0.01247	0.00450	0.00426
3	0.00781	0.00621	0.00837	0.09691	0.03481	0.00622	0.02255	0.01073	0.06907	0.03444	0.30280	0.05973	0.22486	0.01122	0.05402	0.00199	0.00391	0.03503	0.00438	0.00495
4	0.00670	0.00491	0.00628	0.00602	0.00716	0.00449	0.00449	0.00881	0.01322	0.01844	0.68378	0.08266	0.11409	0.01043	0.00574	0.00156	0.00233	0.00919	0.00521	0.00449
5	0.01051	0.01048	0.01482	0.06121	0.01397	0.01460	0.01077	0.01171	0.00756	0.01171	0.00650	0.01074	0.00637	0.00826	0.01524	0.00209	0.77179	0.00424	0.00212	0.00531
6	0.00700	0.00468	0.00530	0.00535	0.00536	0.00467	0.00300	0.00703	0.00714	0.00952	0.01574	0.06436	0.01821	0.79624	0.02391	0.00459	0.00462	0.00732	0.00300	0.00298
7	0.01384	0.22042	0.12758	0.04647	0.01490	0.21330	0.00973	0.06669	0.09063	0.05979	0.01087	0.05922	0.00915	0.00595	0.00477	0.02712	0.00606	0.00419	0.00302	0.00630
8	0.00734	0.00491	0.00639	0.00675	0.00773	0.00453	0.00500	0.00885	0.01120	0.06224	0.23855	0.37646	0.12119	0.01263	0.00599	0.00181	0.00291	0.10625	0.00481	0.00445
9	0.01024	0.00948	0.01277	0.32105	0.06690	0.05783	0.01030	0.08446	0.01088	0.01423	0.02910	0.01689	0.08834	0.01063	0.11754	0.00249	0.12353	0.00504	0.00280	0.00550
10	0.00689	0.00473	0.00528	0.00527	0.00550	0.00462	0.00308	0.00711	0.00774	0.01018	0.04687	0.03358	0.10792	0.70701	0.02182	0.00423	0.00436	0.00747	0.00320	0.00313
11	0.01309	0.56863	0.16786	0.00986	0.01438	0.10481	0.01022	0.03903	0.01075	0.01277	0.00733	0.00845	0.00627	0.00438	0.00358	0.00116	0.00595	0.00289	0.00220	0.00639
12	0.04936	0.00859	0.00997	0.00755	0.01141	0.00714	0.00607	0.03029	0.05751	0.09135	0.03890	0.01361	0.01014	0.00466	0.00398	0.00098	0.00368	0.03083	0.00348	0.61050
13	0.04691	0.00754	0.01102	0.32808	0.06548	0.00862	0.00928	0.01227	0.07423	0.02861	0.06172	0.03138	0.09871	0.01263	0.16451	0.00284	0.00655	0.02118	0.00312	0.00532
14	0.01107	0.00726	0.01072	0.12837	0.06441	0.00776	0.02728	0.05819	0.01022	0.15430	0.01326	0.01833	0.01133	0.13226	0.30265	0.02063	0.00807	0.00515	0.00330	0.00545
15	0.14835	0.03031	0.05752	0.09595	0.01480	0.03704	0.09104	0.02809	0.11040	0.08028	0.10317	0.04018	0.06526	0.00711	0.00529	0.02733	0.00476	0.04357	0.00372	0.00583
16	0.04254	0.09403	0.07046	0.01104	0.08765	0.04830	0.00844	0.10225	0.13576	0.09024	0.01612	0.19220	0.02774	0.00754	0.00483	0.00153	0.00457	0.00633	0.00390	0.04454

[dist]
# distance from previous block
# <min> <max>
2	4

[block]
# block no. 5 follows, 52 sequences, length 8
# corresponding to MSA columns:
# 753-760
name=unknown_F
#
# <colnr> <probs for GDERKNQSTAVLIFYWHMCP>
#	G	D	E	R	K	N	Q	S	T	A	V	L	I	F	Y	W	H	M	C	P
0	0.01430	0.00888	0.01038	0.00864	0.01154	0.00906	0.00688	0.12473	0.25103	0.24055	0.17030	0.02107	0.05023	0.00706	0.00503	0.00151	0.00375	0.00587	0.00519	0.04398
1	0.12413	0.09951	0.19662	0.03657	0.07563	0.01095	0.01032	0.08915	0.01191	0.18140	0.01071	0.01131	0.00771	0.00481	0.00422	0.00136	0.00514	0.00369	0.00339	0.11149
2	0.01265	0.47351	0.19921	0.01003	0.01452	0.07166	0.01044	0.06841	0.03909	0.01401	0.00884	0.04167	0.00768	0.00495	0.00385	0.00125	0.00575	0.00352	0.00249	0.00649
3	0.00621	0.00466	0.00576	0.00605	0.00699	0.00421	0.00432	0.00767	0.01134	0.01513	0.31353	0.34346	0.22792	0.01253	0.00590	0.00172	0.00253	0.01106	0.00480	0.00421
4	0.00938	0.00899	0.08974	0.10210	0.04383	0.00827	0.00872	0.04961	0.03547	0.05371	0.18064	0.17238	0.03946	0.00923	0.00675	0.00174	0.10190	0.06874	0.00389	0.00545
5	0.01503	0.16781	0.10776	0.05082	0.07286	0.03602	0.12247	0.11107	0.01296	0.21619	0.01195	0.01337	0.00880	0.00519	0.00466	0.00144	0.00578	0.02513	0.00357	0.00713
6	0.00757	0.00509	0.00624	0.00624	0.00758	0.00455	0.00469	0.00913	0.01162	0.08132	0.24501	0.21807	0.29867	0.01183	0.00582	0.00171	0.00277	0.06267	0.00485	0.00456
7	0.00625	0.00446	0.00568	0.00653	0.00692	0.00421	0.00442	0.00707	0.00915	0.01205	0.02613	0.56949	0.08224	0.16105	0.00951	0.00246	0.00325	0.07111	0.00422	0.00381

[dist]
# distance from previous block
# <min> <max>
1	14

[block]
# block no. 6 follows, 52 sequences, length 6
# corresponding to MSA columns:
# 775-780
name=unknown_G
#
# <colnr> <probs for GDERKNQSTAVLIFYWHMCP>
#	G	D	E	R	K	N	Q	S	T	A	V	L	I	F	Y	W	H	M	C	P
0	0.09388	0.00929	0.01269	0.25487	0.12651	0.03089	0.03007	0.06402	0.01113	0.04779	0.03469	0.07566	0.04889	0.00593	0.00465	0.00144	0.00501	0.00509	0.00311	0.13437
1	0.00868	0.00602	0.00817	0.00781	0.00874	0.00673	0.00588	0.05127	0.00905	0.06463	0.01509	0.12912	0.01513	0.16557	0.41080	0.00529	0.06771	0.00654	0.00323	0.00457
2	0.00658	0.00458	0.00576	0.00620	0.00642	0.00458	0.00397	0.00715	0.00802	0.01081	0.01945	0.34182	0.02254	0.40300	0.12355	0.00404	0.00508	0.00944	0.00350	0.00352
3	0.15584	0.01055	0.03057	0.08381	0.04616	0.07379	0.02539	0.08843	0.04005	0.12240	0.02742	0.08636	0.01076	0.00586	0.00441	0.00138	0.00472	0.00474	0.00362	0.17374
4	0.07317	0.06635	0.01401	0.06494	0.01558	0.51634	0.00921	0.12172	0.04770	0.01541	0.00856	0.00970	0.00683	0.00508	0.00433	0.00132	0.00738	0.00341	0.00291	0.00606
5	0.00769	0.00633	0.00824	0.06479	0.03403	0.00679	0.00647	0.01082	0.11536	0.01412	0.07432	0.29304	0.15139	0.01313	0.06486	0.00225	0.05838	0.05902	0.00409	0.00487

[dist]
# distance from previous block
# <min> <max>
0	1

[block]
# block no. 7 follows, 52 sequences, length 11
# corresponding to MSA columns:
# 782-792
name=unknown_H
#
# <colnr> <probs for GDERKNQSTAVLIFYWHMCP>
#	G	D	E	R	K	N	Q	S	T	A	V	L	I	F	Y	W	H	M	C	P
0	0.06325	0.01060	0.01255	0.01304	0.14151	0.04327	0.03647	0.02119	0.45995	0.05193	0.08032	0.01734	0.01487	0.00618	0.00486	0.00157	0.00438	0.00528	0.00429	0.00717
1	0.00776	0.00526	0.00617	0.00597	0.00757	0.00460	0.00458	0.00936	0.01187	0.09397	0.22521	0.09271	0.43263	0.01133	0.00573	0.00166	0.00274	0.06138	0.00485	0.00464
2	0.01120	0.60169	0.05066	0.00808	0.01152	0.01531	0.00778	0.01285	0.00992	0.01207	0.04427	0.11063	0.04080	0.00735	0.03631	0.00148	0.00506	0.00464	0.00262	0.00575
3	0.01099	0.00791	0.00943	0.00746	0.01061	0.00687	0.00592	0.04855	0.03629	0.11869	0.07702	0.06550	0.11791	0.00662	0.00498	0.00120	0.03833	0.00541	0.00390	0.41640
4	0.08691	0.09683	0.11321	0.02598	0.13415	0.10686	0.06574	0.11053	0.01245	0.11179	0.01027	0.03120	0.00804	0.00529	0.00509	0.00146	0.04945	0.00415	0.00316	0.01745
5	0.01668	0.06861	0.01424	0.01051	0.01412	0.01417	0.00866	0.50653	0.20746	0.06802	0.01366	0.01319	0.00989	0.00590	0.00475	0.00147	0.00489	0.00454	0.00474	0.00796
6	0.00613	0.00441	0.00558	0.00631	0.00675	0.00411	0.00421	0.00701	0.00950	0.01261	0.09280	0.57342	0.10087	0.13196	0.00877	0.00229	0.00301	0.01205	0.00434	0.00386
7	0.01117	0.03562	0.25909	0.01436	0.06960	0.02456	0.09774	0.07399	0.05157	0.01560	0.02177	0.01299	0.02368	0.00623	0.00815	0.00171	0.24724	0.01578	0.00265	0.00650
8	0.00617	0.00477	0.00556	0.00567	0.00681	0.00423	0.00409	0.00759	0.01132	0.01473	0.27230	0.20600	0.37332	0.04720	0.00663	0.00180	0.00257	0.01038	0.00469	0.00416
9	0.01071	0.01389	0.18339	0.06243	0.33054	0.01105	0.18076	0.01430	0.01088	0.01538	0.04178	0.01488	0.03381	0.00516	0.00542	0.00156	0.03234	0.02235	0.00254	0.00682
10	0.01013	0.02221	0.64425	0.01427	0.05335	0.01126	0.04672	0.03141	0.01045	0.01557	0.00872	0.01045	0.00637	0.00470	0.00508	0.00151	0.04108	0.00370	0.00219	0.05661

[dist]
# distance from previous block
# <min> <max>
20	32

[block]
# block no. 8 follows, 52 sequences, length 20
# corresponding to MSA columns:
# 825-844
name=unknown_I
#
# <colnr> <probs for GDERKNQSTAVLIFYWHMCP>
#	G	D	E	R	K	N	Q	S	T	A	V	L	I	F	Y	W	H	M	C	P
0	0.01207	0.01079	0.07589	0.04170	0.01346	0.01077	0.00838	0.05167	0.49000	0.08165	0.07100	0.04119	0.01578	0.03006	0.00576	0.00171	0.02077	0.00566	0.00457	0.00711
1	0.01124	0.01163	0.10783	0.01073	0.01417	0.01050	0.08417	0.05802	0.38578	0.02895	0.01760	0.01985	0.04838	0.03612	0.00571	0.00169	0.00473	0.05691	0.00405	0.08194
2	0.04196	0.00958	0.03904	0.04664	0.05499	0.00998	0.00790	0.03695	0.42163	0.06785	0.12369	0.06413	0.04031	0.00726	0.00503	0.00161	0.00392	0.00616	0.00458	0.00679
3	0.01151	0.01019	0.09638	0.00877	0.01255	0.00783	0.03523	0.05617	0.08310	0.12124	0.08957	0.03050	0.07325	0.00603	0.00459	0.00126	0.00412	0.01716	0.00388	0.32667
4	0.01037	0.01070	0.13517	0.10518	0.05424	0.00783	0.02103	0.01305	0.01034	0.07648	0.06355	0.01489	0.01095	0.07340	0.03097	0.00166	0.00500	0.00424	0.00304	0.34791
5	0.01060	0.04089	0.12074	0.02974	0.01385	0.00849	0.02702	0.05969	0.03901	0.01664	0.03359	0.01133	0.00852	0.00423	0.00399	0.00099	0.00440	0.00343	0.00297	0.55987
6	0.00975	0.00822	0.01042	0.03787	0.01223	0.00702	0.04190	0.04248	0.04591	0.01589	0.03510	0.09771	0.03248	0.00617	0.00473	0.02322	0.00389	0.03218	0.00331	0.52952
7	0.00915	0.00861	0.01453	0.81804	0.03338	0.01077	0.01346	0.01238	0.00969	0.01238	0.00861	0.01292	0.00646	0.00484	0.00484	0.00161	0.00646	0.00431	0.00215	0.00538
8	0.01117	0.01258	0.13909	0.30393	0.16744	0.01152	0.04337	0.09573	0.11607	0.01650	0.01072	0.01331	0.00822	0.02342	0.00529	0.00163	0.00600	0.00448	0.00287	0.00668
9	0.00903	0.00452	0.00452	0.00452	0.00565	0.00452	0.00339	0.01129	0.01016	0.01807	0.01581	0.01807	0.01242	0.00565	0.00339	0.00113	0.00226	0.00452	0.85659	0.00452
10	0.04601	0.01374	0.17994	0.01049	0.01453	0.01144	0.00993	0.30068	0.09632	0.14822	0.07346	0.01501	0.01206	0.02595	0.00547	0.00160	0.01871	0.00473	0.00433	0.00738
11	0.01122	0.00939	0.01117	0.00966	0.08177	0.02895	0.00697	0.06120	0.01122	0.04409	0.01041	0.01273	0.01960	0.00441	0.00399	0.00094	0.00406	0.03221	0.00314	0.63287
12	0.00698	0.00537	0.00703	0.04268	0.00903	0.00546	0.00557	0.00922	0.06202	0.01458	0.18898	0.42987	0.07733	0.01247	0.00633	0.00184	0.03402	0.07224	0.00451	0.00448
13	0.02352	0.09735	0.22200	0.06644	0.13187	0.01226	0.16360	0.08127	0.06353	0.04488	0.01075	0.01348	0.00840	0.00505	0.00482	0.00152	0.00628	0.03318	0.00286	0.00694
14	0.00597	0.00429	0.00556	0.00654	0.00689	0.00399	0.00435	0.00678	0.00925	0.01223	0.02742	0.72589	0.08037	0.06672	0.00733	0.00212	0.00291	0.01312	0.00440	0.00388
15	0.06061	0.02860	0.05802	0.06639	0.09890	0.13202	0.00969	0.25931	0.06034	0.02014	0.00998	0.01107	0.00764	0.00496	0.00441	0.00132	0.00559	0.00381	0.00341	0.15380
16	0.00673	0.00495	0.00714	0.00737	0.00805	0.00552	0.00549	0.00814	0.00803	0.01132	0.01595	0.18383	0.01661	0.09720	0.58286	0.00635	0.01024	0.00709	0.00301	0.00413
17	0.00903	0.00452	0.00452	0.00452	0.00565	0.00452	0.00339	0.01129	0.01016	0.01807	0.01581	0.01807	0.01242	0.00565	0.00339	0.00113	0.00226	0.00452	0.85659	0.00452
18	0.01398	0.01246	0.01722	0.17980	0.23529	0.08357	0.09908	0.20456	0.03299	0.05837	0.01033	0.01230	0.00780	0.00497	0.00489	0.00149	0.00621	0.00443	0.00321	0.00707
19	0.03357	0.01146	0.01605	0.03791	0.13583	0.05014	0.08846	0.11838	0.01122	0.04728	0.00958	0.05521	0.00850	0.00693	0.00952	0.00177	0.34419	0.00487	0.00289	0.00625

[dist]
# distance from previous block
# <min> <max>
3	9

[block]
# block no. 9 follows, 52 sequences, length 49
# corresponding to MSA columns:
# 858-891,893-907
name=unknown_J
#
# <colnr> <probs for GDERKNQSTAVLIFYWHMCP>
#	G	D	E	R	K	N	Q	S	T	A	V	L	I	F	Y	W	H	M	C	P
0	0.01775	0.02254	0.01350	0.01232	0.01475	0.78662	0.00922	0.01898	0.01360	0.01188	0.00805	0.03270	0.00700	0.00529	0.00442	0.00127	0.00857	0.00343	0.00256	0.00557
1	0.00783	0.00647	0.02891	0.02312	0.00907	0.00598	0.00565	0.02554	0.10798	0.03265	0.25172	0.09934	0.25590	0.02722	0.02364	0.00187	0.00335	0.07418	0.00464	0.00495
2	0.01245	0.01061	0.01118	0.00994	0.01275	0.01224	0.00777	0.07274	0.74308	0.02091	0.01922	0.01768	0.01439	0.00653	0.00493	0.00163	0.00393	0.00541	0.00493	0.00771
3	0.01583	0.01192	0.01282	0.01046	0.01384	0.01332	0.00843	0.41487	0.35536	0.06664	0.01554	0.01469	0.01128	0.00616	0.00489	0.00154	0.00462	0.00487	0.00494	0.00799
4	0.00693	0.00518	0.00771	0.00771	0.00855	0.00601	0.00596	0.00860	0.00776	0.01119	0.01305	0.01944	0.01229	0.06178	0.78529	0.00769	0.01271	0.00525	0.00261	0.00428
5	0.01005	0.00861	0.01005	0.00718	0.01148	0.00646	0.00574	0.01220	0.01005	0.01579	0.00861	0.01005	0.00718	0.00359	0.00359	0.00072	0.00359	0.00287	0.00287	0.85932
6	0.01810	0.02310	0.01373	0.01248	0.01498	0.81024	0.00936	0.01935	0.01373	0.01186	0.00749	0.00874	0.00624	0.00499	0.00437	0.00125	0.00874	0.00312	0.00250	0.00562
7	0.00695	0.00512	0.00637	0.00686	0.01962	0.00493	0.00481	0.00815	0.02216	0.03105	0.07222	0.34612	0.23511	0.09745	0.00865	0.02724	0.03434	0.05446	0.00423	0.00416
8	0.00645	0.00454	0.00582	0.00636	0.00679	0.00432	0.00429	0.00746	0.00978	0.01326	0.18757	0.44049	0.03140	0.20463	0.01043	0.00252	0.00321	0.04249	0.00431	0.00386
9	0.75494	0.05442	0.00901	0.00739	0.02768	0.01127	0.02361	0.01457	0.00863	0.04295	0.00722	0.00832	0.00559	0.00451	0.00316	0.00148	0.00398	0.00280	0.00301	0.00547
10	0.01060	0.01060	0.01484	0.01272	0.01272	0.01484	0.01060	0.01166	0.00742	0.01166	0.00636	0.01060	0.00636	0.00848	0.01590	0.00212	0.82082	0.00424	0.00212	0.00530
11	0.05982	0.01175	0.03260	0.18175	0.16456	0.09211	0.13766	0.01613	0.07163	0.08599	0.01092	0.01367	0.00851	0.00579	0.02275	0.00167	0.02755	0.02163	0.00297	0.03054
12	0.03422	0.05400	0.01473	0.01166	0.03242	0.22034	0.00922	0.50097	0.03649	0.02409	0.01037	0.01079	0.00771	0.00548	0.00461	0.00139	0.00615	0.00395	0.00402	0.00739
13	0.00822	0.00643	0.00849	0.05705	0.10102	0.02858	0.00647	0.02406	0.01033	0.04245	0.08123	0.33853	0.10621	0.09224	0.04746	0.00233	0.00428	0.02595	0.00394	0.00474
14	0.01206	0.14143	0.26429	0.06001	0.13917	0.01218	0.09727	0.06174	0.03343	0.07661	0.01145	0.02600	0.03294	0.00510	0.00465	0.00146	0.00605	0.00440	0.00283	0.00694
15	0.01153	0.26990	0.36768	0.01151	0.01671	0.01282	0.06750	0.01516	0.01074	0.07593	0.06163	0.01336	0.01005	0.00518	0.00439	0.00141	0.00597	0.02921	0.00269	0.00665
16	0.00663	0.00485	0.00623	0.00616	0.00722	0.00446	0.00457	0.00859	0.01270	0.01759	0.58357	0.15937	0.11592	0.01105	0.00582	0.00162	0.00245	0.03167	0.00510	0.00442
17	0.01095	0.01496	0.25622	0.04891	0.04853	0.07046	0.12910	0.03158	0.02658	0.05381	0.01368	0.05323	0.03282	0.02653	0.01807	0.00183	0.05289	0.10070	0.00299	0.00617
18	0.01314	0.20212	0.29798	0.12749	0.04249	0.06087	0.01251	0.01647	0.01097	0.15740	0.01008	0.01116	0.00732	0.00480	0.00434	0.00141	0.00611	0.00369	0.00283	0.00681
19	0.01380	0.67504	0.02315	0.00911	0.01288	0.15587	0.00853	0.01529	0.01047	0.01149	0.00686	0.00800	0.00623	0.00439	0.00360	0.00110	0.02325	0.00272	0.00215	0.00610
20	0.00650	0.00473	0.00608	0.00627	0.00714	0.00437	0.00453	0.00816	0.01178	0.01616	0.43741	0.28810	0.10492	0.03819	0.00651	0.00180	0.00262	0.03559	0.00489	0.00427
21	0.00589	0.00492	0.00514	0.00508	0.00665	0.00416	0.00381	0.00727	0.01143	0.01401	0.15695	0.04513	0.68907	0.01193	0.00573	0.00162	0.00243	0.01002	0.00462	0.00416
22	0.01824	0.00883	0.01122	0.00931	0.03366	0.00841	0.00731	0.12841	0.08039	0.50754	0.05798	0.04498	0.04761	0.00674	0.00499	0.00153	0.00411	0.00556	0.00550	0.00768
23	0.00705	0.00470	0.00529	0.00529	0.00529	0.00470	0.00294	0.00705	0.00705	0.00940	0.01527	0.03171	0.01762	0.82969	0.02467	0.00470	0.00470	0.00705	0.00294	0.00294
24	0.00915	0.00861	0.01453	0.81804	0.03338	0.01077	0.01346	0.01238	0.00969	0.01238	0.00861	0.01292	0.00646	0.00484	0.00484	0.00161	0.00646	0.00431	0.00215	0.00538
25	0.00991	0.07254	0.75877	0.01349	0.02047	0.01172	0.01734	0.01530	0.01021	0.01511	0.00858	0.01009	0.00614	0.00458	0.00452	0.00151	0.00705	0.00352	0.00205	0.00711
26	0.00593	0.00426	0.00563	0.00667	0.00702	0.00396	0.00448	0.00682	0.00946	0.01259	0.04923	0.78046	0.05565	0.01494	0.00616	0.00195	0.00279	0.01353	0.00452	0.00396
27	0.00667	0.00485	0.00629	0.00614	0.00718	0.00446	0.00453	0.00871	0.01297	0.01815	0.65516	0.15062	0.07458	0.01076	0.00578	0.00159	0.00237	0.00955	0.00518	0.00446
28	0.01296	0.83261	0.02539	0.00829	0.01244	0.01917	0.00829	0.01451	0.00985	0.01140	0.00674	0.00777	0.00622	0.00415	0.00311	0.00104	0.00518	0.00259	0.00207	0.00622
29	0.09974	0.00905	0.01129	0.00874	0.01244	0.00850	0.00722	0.12190	0.01451	0.62928	0.01699	0.01506	0.01088	0.00583	0.00470	0.00149	0.00425	0.00460	0.00557	0.00797
30	0.00972	0.02507	0.80458	0.01381	0.02097	0.01125	0.01790	0.01535	0.01023	0.01535	0.00870	0.01023	0.00614	0.00460	0.00460	0.00153	0.00716	0.00358	0.00205	0.00716
31	0.00903	0.00452	0.00452	0.00452	0.00565	0.00452	0.00339	0.01129	0.01016	0.01807	0.01581	0.01807	0.01242	0.00565	0.00339	0.00113	0.00226	0.00452	0.85659	0.00452
32	0.00898	0.00667	0.00863	0.00799	0.00913	0.00758	0.00608	0.13564	0.01008	0.01403	0.01300	0.02024	0.01245	0.20237	0.47665	0.00586	0.04149	0.00542	0.00302	0.00471
33	0.00948	0.00949	0.03747	0.49563	0.05398	0.02709	0.05642	0.01251	0.02299	0.01306	0.01074	0.08076	0.00952	0.00617	0.00586	0.00165	0.07025	0.03038	0.00253	0.04401
34	0.00903	0.01022	0.11226	0.08122	0.01487	0.03500	0.11369	0.05829	0.01058	0.01425	0.01722	0.38149	0.01858	0.00991	0.00651	0.00180	0.07511	0.02123	0.00346	0.00527
35	0.02137	0.00833	0.01124	0.00867	0.01238	0.00731	0.00714	0.02370	0.04353	0.77294	0.01914	0.01655	0.01210	0.00602	0.00488	0.00150	0.00411	0.00490	0.00596	0.00823
36	0.00778	0.00657	0.01119	0.00965	0.01108	0.00688	0.15545	0.00956	0.00839	0.01172	0.01339	0.05148	0.01315	0.20231	0.45268	0.00570	0.00986	0.00603	0.00271	0.00444
37	0.01230	0.65761	0.17266	0.00967	0.01440	0.01749	0.03131	0.01470	0.00996	0.01226	0.00719	0.00838	0.00623	0.00423	0.00346	0.00115	0.00564	0.00286	0.00208	0.00641
38	0.00705	0.00470	0.00529	0.00529	0.00529	0.00470	0.00294	0.00705	0.00705	0.00940	0.01527	0.03171	0.01762	0.82969	0.02467	0.00470	0.00470	0.00705	0.00294	0.00294
39	0.00649	0.00490	0.00599	0.00581	0.00704	0.00440	0.00432	0.00840	0.01272	0.01726	0.54455	0.08547	0.25318	0.01087	0.00575	0.00158	0.00236	0.00946	0.00505	0.00440
40	0.00903	0.00452	0.00452	0.00452	0.00565	0.00452	0.00339	0.01129	0.01016	0.01807	0.01581	0.01807	0.01242	0.00565	0.00339	0.00113	0.00226	0.00452	0.85659	0.00452
41	0.01105	0.01291	0.06326	0.16863	0.02493	0.03869	0.49112	0.01464	0.01070	0.01439	0.00908	0.01249	0.00698	0.00475	0.00654	0.00166	0.09454	0.00510	0.00234	0.00619
42	0.00671	0.00492	0.00637	0.00681	0.00769	0.00467	0.00505	0.00871	0.03631	0.01552	0.30554	0.35636	0.08277	0.01257	0.00602	0.00182	0.00287	0.12010	0.00481	0.00437
43	0.00595	0.00425	0.00568	0.00680	0.00710	0.00398	0.00458	0.00683	0.00932	0.01242	0.02668	0.80815	0.03195	0.01514	0.00620	0.00197	0.00285	0.03171	0.00450	0.00395
44	0.01144	0.01307	0.02859	0.02042	0.02533	0.01225	0.78186	0.01552	0.01144	0.01552	0.00980	0.01307	0.00735	0.00408	0.00572	0.00163	0.00817	0.00572	0.00245	0.00654
45	0.01005	0.00861	0.01005	0.00718	0.01148	0.00646	0.00574	0.01220	0.01005	0.01579	0.00861	0.01005	0.00718	0.00359	0.00359	0.00072	0.00359	0.00287	0.00287	0.85932
46	0.03421	0.00913	0.01199	0.10285	0.03027	0.00829	0.02946	0.08432	0.01237	0.26867	0.01224	0.01266	0.00870	0.00475	0.00433	0.00120	0.00442	0.00391	0.00395	0.35227
47	0.00903	0.00452	0.00452	0.00452	0.00565	0.00452	0.00339	0.01129	0.01016	0.01807	0.01581	0.01807	0.01242	0.00565	0.00339	0.00113	0.00226	0.00452	0.85659	0.00452
48	0.01072	0.09637	0.13837	0.09730	0.11222	0.01071	0.04063	0.10643	0.02438	0.02758	0.14353	0.09012	0.03398	0.00690	0.00540	0.00154	0.03840	0.00584	0.00339	0.00620

[dist]
# distance from previous block
# <min> <max>
1	12

[block]
# block no. 10 follows, 52 sequences, length 38
# corresponding to MSA columns:
# 929-966
name=unknown_K
#
# <colnr> <probs for GDERKNQSTAVLIFYWHMCP>
#	G	D	E	R	K	N	Q	S	T	A	V	L	I	F	Y	W	H	M	C	P
0	0.01128	0.03806	0.17414	0.08760	0.11614	0.04747	0.03038	0.07806	0.15527	0.03021	0.05657	0.10173	0.01326	0.00662	0.00529	0.00158	0.03075	0.00559	0.00341	0.00660
1	0.00905	0.00605	0.00774	0.00757	0.00927	0.00547	0.00588	0.03760	0.01100	0.09114	0.05180	0.34226	0.05363	0.01129	0.00566	0.00173	0.00351	0.18738	0.00441	0.14754
2	0.16608	0.00846	0.02020	0.08812	0.02501	0.00889	0.08755	0.06815	0.05021	0.01795	0.20129	0.05094	0.13039	0.00766	0.00555	0.00160	0.04626	0.00643	0.00384	0.00542
3	0.00818	0.00619	0.00853	0.08260	0.04125	0.00612	0.01901	0.03683	0.02598	0.04195	0.04939	0.46141	0.04016	0.04246	0.00651	0.00186	0.01627	0.02850	0.00405	0.07274
4	0.00894	0.00749	0.00880	0.00693	0.01028	0.00584	0.00547	0.01089	0.01033	0.01528	0.04979	0.08388	0.10551	0.00639	0.00432	0.00105	0.00339	0.04883	0.00339	0.60323
5	0.00903	0.00452	0.00452	0.00452	0.00565	0.00452	0.00339	0.01129	0.01016	0.01807	0.01581	0.01807	0.01242	0.00565	0.00339	0.00113	0.00226	0.00452	0.85659	0.00452
6	0.00949	0.00907	0.01566	0.71445	0.09394	0.01090	0.05292	0.01274	0.00989	0.01282	0.00871	0.01285	0.00660	0.00476	0.00489	0.00160	0.00649	0.00438	0.00219	0.00562
7	0.04754	0.02857	0.14186	0.02966	0.01656	0.03482	0.07625	0.38778	0.01661	0.09478	0.01091	0.01163	0.00781	0.00545	0.00529	0.00149	0.04609	0.00423	0.00388	0.02881
8	0.00755	0.00535	0.00685	0.00668	0.00725	0.00581	0.00462	0.04613	0.00815	0.01126	0.01408	0.02513	0.01473	0.43879	0.37053	0.00590	0.00839	0.00610	0.00288	0.00381
9	0.00903	0.00452	0.00452	0.00452	0.00565	0.00452	0.00339	0.01129	0.01016	0.01807	0.01581	0.01807	0.01242	0.00565	0.00339	0.00113	0.00226	0.00452	0.85659	0.00452
10	0.01043	0.01208	0.11521	0.45223	0.07378	0.03023	0.15955	0.01442	0.04006	0.03159	0.00951	0.01274	0.00710	0.00473	0.00497	0.00159	0.00673	0.00451	0.00241	0.00611
11	0.01301	0.15375	0.32560	0.01165	0.01661	0.01184	0.07140	0.10818	0.01226	0.14015	0.01199	0.08120	0.00964	0.00576	0.00465	0.00148	0.00584	0.00475	0.00325	0.00698
12	0.00705	0.00470	0.00529	0.00529	0.00529	0.00470	0.00294	0.00705	0.00705	0.00940	0.01527	0.03171	0.01762	0.82969	0.02467	0.00470	0.00470	0.00705	0.00294	0.00294
13	0.00919	0.00602	0.00821	0.00813	0.00888	0.00655	0.00632	0.01038	0.07693	0.04558	0.01614	0.06778	0.03350	0.01343	0.01253	0.35831	0.09484	0.20998	0.00333	0.00398
14	0.01758	0.04761	0.06239	0.04356	0.07251	0.13319	0.00924	0.10516	0.06797	0.35776	0.01432	0.02516	0.01003	0.00566	0.00472	0.00146	0.00538	0.00447	0.00441	0.00743
15	0.86392	0.00937	0.00712	0.00637	0.00937	0.01087	0.00525	0.01425	0.00825	0.02174	0.00675	0.00787	0.00525	0.00450	0.00300	0.00150	0.00375	0.00262	0.00300	0.00525
16	0.00903	0.00452	0.00452	0.00452	0.00565	0.00452	0.00339	0.01129	0.01016	0.01807	0.01581	0.01807	0.01242	0.00565	0.00339	0.00113	0.00226	0.00452	0.85659	0.00452
17	0.79481	0.00897	0.00699	0.00635	0.00912	0.01034	0.00513	0.01365	0.00825	0.02087	0.00792	0.04363	0.00686	0.03634	0.00396	0.00164	0.00374	0.00327	0.00306	0.00510
18	0.10209	0.08717	0.03009	0.01060	0.01392	0.21358	0.00878	0.30586	0.01588	0.11108	0.01022	0.01067	0.00756	0.00546	0.00493	0.00141	0.04623	0.00376	0.00377	0.00694
19	0.00915	0.00861	0.01453	0.81804	0.03338	0.01077	0.01346	0.01238	0.00969	0.01238	0.00861	0.01292	0.00646	0.00484	0.00484	0.00161	0.00646	0.00431	0.00215	0.00538
20	0.00592	0.00435	0.00553	0.00643	0.00693	0.00399	0.00435	0.00684	0.00961	0.01259	0.04717	0.67925	0.14649	0.02795	0.00641	0.00195	0.00278	0.01302	0.00449	0.00396
