[name]
unknown

[dist]
# distance from previous block
# <min> <max>
6	154

[block]
# block no. 0 follows, 52 sequences, length 22
# corresponding to MSA columns:
# 159-180
name=unknown_A
#
# <colnr> <probs for GDERKNQSTAVLIFYWHMCP>
#	G	D	E	R	K	N	Q	S	T	A	V	L	I	F	Y	W	H	M	C	P
0	0.05065	0.37065	0.18399	0.01077	0.01544	0.01421	0.09050	0.03338	0.01084	0.12452	0.00936	0.01027	0.00716	0.00460	0.00421	0.00131	0.01953	0.00352	0.00278	0.03231
1	0.04771	0.00496	0.00715	0.00732	0.03054	0.00523	0.00488	0.00718	0.00660	0.00940	0.00827	0.01414	0.00815	0.01550	0.01764	0.75392	0.04254	0.00414	0.00215	0.00257
2	0.80405	0.00947	0.00752	0.00662	0.00967	0.01087	0.00545	0.03993	0.00894	0.05173	0.00738	0.00832	0.00560	0.00460	0.00313	0.00150	0.00382	0.00277	0.00317	0.00546
3	0.71289	0.07289	0.00951	0.00786	0.04631	0.01177	0.00614	0.05656	0.00930	0.02116	0.00712	0.00826	0.00560	0.00454	0.00319	0.00146	0.00404	0.00280	0.00300	0.00560
4	0.00692	0.00519	0.00779	0.00779	0.00865	0.00606	0.00606	0.00865	0.00779	0.01125	0.01298	0.01904	0.01211	0.03634	0.81049	0.00779	0.01298	0.00519	0.00260	0.00433
5	0.00776	0.00553	0.00766	0.00871	0.00976	0.00553	0.00752	0.00987	0.01092	0.01420	0.02505	0.05332	0.02729	0.06111	0.00774	0.00238	0.00448	0.72243	0.00437	0.00437
6	0.02863	0.08824	0.19205	0.01213	0.01663	0.05159	0.12869	0.09039	0.03845	0.25991	0.01238	0.01267	0.00862	0.00524	0.00509	0.00149	0.03246	0.00434	0.00373	0.00727
7	0.02033	0.00791	0.01077	0.00842	0.01189	0.00686	0.00689	0.02218	0.01365	0.73062	0.05500	0.05471	0.01446	0.00660	0.00497	0.00152	0.00398	0.00546	0.00590	0.00788
8	0.01199	0.01151	0.01967	0.02974	0.79946	0.01151	0.01487	0.01487	0.01103	0.01583	0.00912	0.01199	0.00768	0.00432	0.00480	0.00144	0.00576	0.00432	0.00240	0.00768
9	0.00964	0.00913	0.01474	0.04045	0.40866	0.00888	0.07270	0.01233	0.02984	0.01511	0.05727	0.02441	0.26217	0.00716	0.00521	0.00153	0.00471	0.00655	0.00326	0.00624
10	0.01900	0.01031	0.01266	0.04743	0.03298	0.04765	0.02551	0.15719	0.09017	0.48003	0.01637	0.01507	0.01087	0.00584	0.00487	0.00150	0.00477	0.00474	0.00518	0.00788
11	0.01199	0.01151	0.01967	0.02974	0.79946	0.01151	0.01487	0.01487	0.01103	0.01583	0.00912	0.01199	0.00768	0.00432	0.00480	0.00144	0.00576	0.00432	0.00240	0.00768
12	0.00590	0.00422	0.00562	0.00675	0.00703	0.00394	0.00450	0.00675	0.00928	0.01237	0.02671	0.82653	0.03205	0.01518	0.00619	0.00197	0.00281	0.01378	0.00450	0.00394
13	0.00954	0.04097	0.58822	0.01332	0.01920	0.01075	0.08614	0.01424	0.01027	0.01488	0.01204	0.05482	0.04569	0.00583	0.00518	0.00160	0.02942	0.02883	0.00240	0.00663
14	0.03479	0.10610	0.59633	0.01338	0.03300	0.02929	0.05391	0.01570	0.01045	0.05104	0.00895	0.01034	0.00648	0.00460	0.00447	0.00148	0.00678	0.00362	0.00229	0.00701
15	0.01144	0.01307	0.02859	0.02042	0.02533	0.01225	0.78186	0.01552	0.01144	0.01552	0.00980	0.01307	0.00735	0.00408	0.00572	0.00163	0.00817	0.00572	0.00245	0.00654
16	0.00704	0.00473	0.00543	0.00543	0.00548	0.00478	0.00312	0.00714	0.00709	0.00950	0.01514	0.03098	0.01730	0.78384	0.07008	0.00488	0.00518	0.00694	0.00292	0.00302
17	0.01300	0.04253	0.06867	0.15692	0.03770	0.06788	0.07733	0.15469	0.11108	0.06539	0.01207	0.05599	0.00970	0.00610	0.00589	0.00158	0.08173	0.00493	0.02023	0.00659
18	0.01384	0.08634	0.18192	0.01129	0.03491	0.05451	0.03955	0.16968	0.06042	0.13545	0.03251	0.02840	0.07018	0.00629	0.00528	0.00151	0.04114	0.01610	0.00376	0.00693
19	0.05057	0.08944	0.17841	0.04290	0.02651	0.02830	0.07586	0.07065	0.04182	0.17679	0.04286	0.06523	0.03871	0.00614	0.00470	0.00149	0.00519	0.00515	0.04266	0.00663
20	0.03863	0.01015	0.03389	0.01001	0.01379	0.00948	0.06261	0.18055	0.05682	0.47182	0.03459	0.01598	0.02660	0.00599	0.00492	0.00151	0.00465	0.00496	0.00523	0.00783
21	0.13912	0.08077	0.10561	0.01246	0.06792	0.13614	0.11489	0.06988	0.03404	0.09527	0.08798	0.01347	0.01120	0.00533	0.00454	0.00144	0.00578	0.00438	0.00333	0.00645

[dist]
# distance from previous block
# <min> <max>
2	9

[block]
# block no. 1 follows, 52 sequences, length 39
# corresponding to MSA columns:
# 190-228
name=unknown_B
#
# <colnr> <probs for GDERKNQSTAVLIFYWHMCP>
#	G	D	E	R	K	N	Q	S	T	A	V	L	I	F	Y	W	H	M	C	P
0	0.02920	0.00945	0.02353	0.03329	0.13907	0.04016	0.05801	0.09061	0.08505	0.09484	0.10291	0.14886	0.06969	0.00774	0.00516	0.00155	0.00447	0.00682	0.00406	0.04554
1	0.01667	0.04549	0.03456	0.01088	0.01458	0.03487	0.00909	0.55855	0.17917	0.02682	0.01292	0.01269	0.00940	0.00585	0.00478	0.00147	0.00515	0.00447	0.00462	0.00795
2	0.03674	0.23905	0.03000	0.02839	0.08521	0.36389	0.00957	0.01764	0.08930	0.01325	0.00863	0.00986	0.00720	0.00497	0.00455	0.00130	0.03831	0.00338	0.00260	0.00617
3	0.00585	0.00457	0.00531	0.00584	0.00680	0.00403	0.00411	0.00692	0.01026	0.01293	0.06066	0.42804	0.40020	0.01363	0.00595	0.00180	0.00262	0.01192	0.00452	0.00403
4	0.00699	0.00467	0.00530	0.00536	0.00537	0.00466	0.00302	0.00703	0.00716	0.00955	0.01585	0.07209	0.01835	0.78832	0.02373	0.00456	0.00460	0.00739	0.00302	0.00299
5	0.01378	0.03026	0.15040	0.04632	0.15535	0.12284	0.18299	0.09140	0.02907	0.09248	0.01027	0.01193	0.00766	0.00490	0.00520	0.00150	0.02927	0.00439	0.00298	0.00699
6	0.83065	0.04156	0.00784	0.00645	0.00949	0.01120	0.00537	0.01426	0.00831	0.02134	0.00675	0.00787	0.00529	0.00448	0.00300	0.00148	0.00380	0.00262	0.00296	0.00529
7	0.00616	0.00490	0.00552	0.00543	0.00682	0.00426	0.00405	0.00777	0.01198	0.01543	0.32785	0.07337	0.48631	0.01150	0.00574	0.00161	0.00241	0.00982	0.00481	0.00426
8	0.01913	0.01085	0.01267	0.04344	0.01425	0.02773	0.00824	0.36847	0.01761	0.37071	0.01490	0.01403	0.00995	0.00583	0.00479	0.00146	0.00480	0.00457	0.03866	0.00792
9	0.00579	0.00491	0.00500	0.00498	0.00658	0.00412	0.00373	0.00708	0.01120	0.01345	0.09145	0.04605	0.75491	0.01214	0.00573	0.00163	0.00245	0.01014	0.00455	0.00412
10	0.00711	0.00499	0.00609	0.00605	0.00621	0.00528	0.00382	0.00748	0.00728	0.00992	0.01502	0.06189	0.01686	0.62986	0.15706	0.00501	0.03694	0.00691	0.00291	0.00330
11	0.00680	0.00495	0.00640	0.00604	0.00721	0.00455	0.00453	0.00904	0.01359	0.01912	0.76018	0.03671	0.08265	0.01002	0.00572	0.00153	0.00229	0.00884	0.00529	0.00455
12	0.01810	0.02310	0.01373	0.01248	0.01498	0.81024	0.00936	0.01935	0.01373	0.01186	0.00749	0.00874	0.00624	0.00499	0.00437	0.00125	0.00874	0.00312	0.00250	0.00562
13	0.86392	0.00937	0.00712	0.00637	0.00937	0.01087	0.00525	0.01425	0.00825	0.02174	0.00675	0.00787	0.00525	0.00450	0.00300	0.00150	0.00375	0.00262	0.00300	0.00525
14	0.00756	0.00613	0.00781	0.04853	0.00944	0.04543	0.00588	0.00889	0.00819	0.01110	0.01436	0.11052	0.01475	0.18604	0.47323	0.00581	0.02301	0.00635	0.00284	0.00414
15	0.01205	0.01041	0.01096	0.00986	0.01260	0.01205	0.00767	0.02575	0.79071	0.02027	0.01972	0.01808	0.01479	0.00657	0.00493	0.00164	0.00384	0.00548	0.00493	0.00767
16	0.01268	0.15329	0.04574	0.01319	0.15494	0.25995	0.00923	0.02855	0.02394	0.01440	0.13582	0.01728	0.08633	0.00625	0.00478	0.00136	0.01839	0.00489	0.00309	0.00592
17	0.01005	0.00861	0.01005	0.00718	0.01148	0.00646	0.00574	0.01220	0.01005	0.01579	0.00861	0.01005	0.00718	0.00359	0.00359	0.00072	0.00359	0.00287	0.00287	0.85932
18	0.01653	0.01225	0.01317	0.01036	0.01395	0.01341	0.00845	0.56383	0.14784	0.04264	0.01313	0.01299	0.00952	0.00581	0.00472	0.00143	0.00482	0.00448	0.04323	0.05745
19	0.03654	0.00908	0.01160	0.00902	0.01268	0.00849	0.00747	0.15285	0.01519	0.62614	0.01785	0.01695	0.01183	0.00622	0.00490	0.00152	0.00434	0.03361	0.00569	0.00805
20	0.01301	0.60676	0.16703	0.00954	0.01414	0.05966	0.01006	0.01530	0.01029	0.04514	0.00765	0.00864	0.00645	0.00435	0.00352	0.00116	0.00569	0.00290	0.00225	0.00644
21	0.00994	0.04432	0.73358	0.01331	0.02009	0.01131	0.01693	0.03635	0.01070	0.01582	0.03790	0.01117	0.00766	0.00482	0.00461	0.00152	0.00688	0.00377	0.00225	0.00707
22	0.00590	0.00424	0.00560	0.00668	0.00701	0.00394	0.00447	0.00676	0.00934	0.01240	0.02754	0.79760	0.06045	0.01507	0.00617	0.00196	0.00280	0.01364	0.00450	0.00394
23	0.01112	0.01063	0.01810	0.27079	0.56521	0.01129	0.01444	0.01411	0.01062	0.01478	0.00896	0.01228	0.00730	0.00448	0.00481	0.00149	0.00597	0.00431	0.00232	0.00697
24	0.02358	0.05149	0.03506	0.38163	0.05991	0.02623	0.02056	0.04445	0.01053	0.04551	0.02770	0.09542	0.04851	0.01794	0.00573	0.00164	0.05022	0.00554	0.04281	0.00554
25	0.00597	0.00440	0.00560	0.00653	0.00709	0.00404	0.00451	0.00694	0.00968	0.01260	0.03060	0.65199	0.16659	0.01458	0.00613	0.00192	0.00283	0.04950	0.00450	0.00399
26	0.00781	0.00558	0.00781	0.00892	0.01004	0.00558	0.00781	0.01004	0.01116	0.01450	0.02566	0.05466	0.02789	0.01339	0.00669	0.00223	0.00446	0.76685	0.00446	0.00446
27	0.01161	0.00655	0.00876	0.00867	0.01057	0.00631	0.00735	0.04408	0.02620	0.21254	0.02440	0.08171	0.05545	0.01116	0.00607	0.00197	0.00423	0.46193	0.00487	0.00558
28	0.01108	0.02233	0.16618	0.02697	0.16297	0.02358	0.08221	0.01424	0.02165	0.11480	0.11243	0.05551	0.06227	0.00727	0.00527	0.00162	0.00519	0.09449	0.00363	0.00633
29	0.01092	0.01116	0.01448	0.01250	0.01270	0.06400	0.01034	0.01202	0.00783	0.01166	0.00670	0.01083	0.00659	0.00941	0.04793	0.00230	0.73698	0.00421	0.00216	0.00528
30	0.83069	0.00991	0.00738	0.00661	0.00959	0.04228	0.00541	0.01445	0.00846	0.02135	0.00678	0.00791	0.00529	0.00452	0.00305	0.00149	0.00394	0.00264	0.00298	0.00526
31	0.86392	0.00937	0.00712	0.00637	0.00937	0.01087	0.00525	0.01425	0.00825	0.02174	0.00675	0.00787	0.00525	0.00450	0.00300	0.00150	0.00375	0.00262	0.00300	0.00525
32	0.00806	0.00715	0.04049	0.00722	0.00908	0.00662	0.00578	0.03214	0.18530	0.01718	0.27096	0.11792	0.23210	0.01012	0.00555	0.00165	0.00307	0.02960	0.00476	0.00527
33	0.00713	0.00535	0.00758	0.00747	0.00811	0.00619	0.00559	0.00844	0.00761	0.01086	0.01316	0.02144	0.01305	0.21108	0.59703	0.00682	0.05082	0.00556	0.00265	0.00407
34	0.01060	0.01060	0.01484	0.01272	0.01272	0.01484	0.01060	0.01166	0.00742	0.01166	0.00636	0.01060	0.00636	0.00848	0.01590	0.00212	0.82082	0.00424	0.00212	0.00530
35	0.04299	0.01020	0.01304	0.01148	0.01224	0.02551	0.00941	0.01435	0.16114	0.01390	0.01081	0.04811	0.01010	0.00842	0.01223	0.00199	0.54322	0.04226	0.00292	0.00567
36	0.00692	0.00519	0.00779	0.00779	0.00865	0.00606	0.00606	0.00865	0.00779	0.01125	0.01298	0.01904	0.01211	0.03634	0.81049	0.00779	0.01298	0.00519	0.00260	0.00433
37	0.00954	0.01157	0.12824	0.01472	0.04204	0.00938	0.33567	0.01274	0.01051	0.01440	0.01462	0.09519	0.01421	0.06012	0.03863	0.00220	0.02346	0.15406	0.00300	0.00568
38	0.01055	0.00896	0.01420	0.53770	0.06236	0.01040	0.04182	0.09301	0.01161	0.04799	0.06393	0.05444	0.01089	0.00579	0.00500	0.00160	0.00582	0.00516	0.00295	0.00582

[dist]
# distance from previous block
# <min> <max>
0	2

[block]
# block no. 2 follows, 52 sequences, length 18
# corresponding to MSA columns:
# 232-249
name=unknown_C
#
# <colnr> <probs for GDERKNQSTAVLIFYWHMCP>
#	G	D	E	R	K	N	Q	S	T	A	V	L	I	F	Y	W	H	M	C	P
0	0.04961	0.01073	0.01226	0.04561	0.06429	0.06348	0.00861	0.19293	0.07688	0.06697	0.04830	0.04144	0.11047	0.00746	0.00726	0.00165	0.17643	0.00550	0.00381	0.00631
1	0.04070	0.03194	0.07019	0.01016	0.01326	0.06111	0.00847	0.02393	0.64034	0.01923	0.01741	0.01634	0.01310	0.00620	0.00476	0.00159	0.00441	0.00503	0.00443	0.00739
2	0.01263	0.16945	0.01447	0.01086	0.05964	0.03186	0.00832	0.05421	0.54393	0.01853	0.01597	0.01525	0.01225	0.00590	0.00456	0.00150	0.00438	0.00475	0.00417	0.00737
3	0.00894	0.00800	0.01102	0.00987	0.01007	0.01049	0.00779	0.00991	0.00742	0.01104	0.00994	0.01744	0.01029	0.20682	0.19691	0.00400	0.44801	0.00511	0.00242	0.00453
4	0.00621	0.00513	0.00550	0.00553	0.00705	0.00453	0.00416	0.00810	0.04388	0.01413	0.13196	0.09468	0.59898	0.01199	0.00576	0.00167	0.00259	0.03924	0.00461	0.00430
5	0.00573	0.00491	0.00491	0.00491	0.00655	0.00409	0.00368	0.00695	0.01105	0.01309	0.04909	0.04664	0.79750	0.01227	0.00573	0.00164	0.00245	0.01023	0.00450	0.00409
6	0.02174	0.00825	0.01125	0.00862	0.01237	0.00712	0.00712	0.02362	0.01387	0.80282	0.01912	0.01649	0.01200	0.00600	0.00487	0.00150	0.00412	0.00487	0.00600	0.00825
7	0.01751	0.01378	0.04700	0.01115	0.01507	0.01462	0.00944	0.68651	0.08810	0.02903	0.01221	0.01213	0.00872	0.00583	0.00484	0.00147	0.00528	0.00443	0.00474	0.00815
8	0.01662	0.02080	0.01275	0.01169	0.01404	0.70737	0.00880	0.01793	0.01346	0.01223	0.03138	0.01359	0.06110	0.00590	0.00458	0.00132	0.00800	0.03022	0.00277	0.00545
9	0.00590	0.00422	0.00562	0.00675	0.00703	0.00394	0.00450	0.00675	0.00928	0.01237	0.02671	0.82653	0.03205	0.01518	0.00619	0.00197	0.00281	0.01378	0.00450	0.00394
10	0.01005	0.00861	0.01005	0.00718	0.01148	0.00646	0.00574	0.01220	0.01005	0.01579	0.00861	0.01005	0.00718	0.00359	0.00359	0.00072	0.00359	0.00287	0.00287	0.85932
11	0.01180	0.43439	0.01816	0.00903	0.01174	0.12185	0.00798	0.01333	0.00962	0.01144	0.00856	0.01125	0.00788	0.01356	0.22958	0.00303	0.06548	0.00351	0.00228	0.00554
12	0.01206	0.00889	0.00998	0.00848	0.01085	0.00953	0.00667	0.25294	0.18776	0.04327	0.30921	0.02331	0.02434	0.03501	0.00581	0.00162	0.00370	0.00637	0.03377	0.00643
13	0.01199	0.01151	0.01967	0.02974	0.79946	0.01151	0.01487	0.01487	0.01103	0.01583	0.00912	0.01199	0.00768	0.00432	0.00480	0.00144	0.00576	0.00432	0.00240	0.00768
14	0.00632	0.00492	0.00570	0.00561	0.00693	0.00435	0.00419	0.00798	0.01203	0.01574	0.36907	0.06829	0.40405	0.03368	0.00628	0.00170	0.00251	0.03154	0.00482	0.00427
15	0.00982	0.00880	0.01395	0.21158	0.33351	0.00923	0.01113	0.03889	0.01153	0.01573	0.14241	0.03817	0.08020	0.00678	0.00517	0.00157	0.00494	0.04727	0.00323	0.00609
16	0.01353	0.01360	0.01476	0.01435	0.11833	0.24524	0.11319	0.09760	0.04286	0.04540	0.01379	0.11348	0.01298	0.00724	0.00540	0.00159	0.02132	0.09581	0.00342	0.00613
17	0.00758	0.00607	0.00756	0.00803	0.00899	0.04100	0.00634	0.00942	0.02537	0.01283	0.02216	0.20159	0.07383	0.03439	0.25021	0.00380	0.02155	0.25112	0.00376	0.00439

[dist]
# distance from previous block
# <min> <max>
0	4

[block]
# block no. 3 follows, 52 sequences, length 32
# corresponding to MSA columns:
# 254-285
name=unknown_D
#
# <colnr> <probs for GDERKNQSTAVLIFYWHMCP>
#	G	D	E	R	K	N	Q	S	T	A	V	L	I	F	Y	W	H	M	C	P
0	0.09576	0.09020	0.01326	0.03180	0.01359	0.35322	0.02695	0.08527	0.06123	0.03318	0.01186	0.04344	0.04597	0.00581	0.00450	0.00136	0.01765	0.00423	0.03382	0.02690
1	0.03225	0.00983	0.01099	0.00974	0.03683	0.05959	0.02975	0.07970	0.20309	0.02958	0.01519	0.17363	0.01401	0.00717	0.00517	0.00142	0.03561	0.00602	0.00384	0.23662
2	0.01102	0.07767	0.03120	0.02409	0.03355	0.00902	0.00704	0.17627	0.06383	0.06564	0.09977	0.15644	0.16474	0.00920	0.00527	0.00161	0.00393	0.04943	0.00440	0.00589
3	0.01128	0.01092	0.01460	0.06984	0.36252	0.07804	0.01047	0.01369	0.01084	0.01508	0.01126	0.01326	0.05643	0.00465	0.00441	0.00120	0.00511	0.00408	0.00268	0.29962
4	0.00602	0.00484	0.00532	0.00537	0.00670	0.00419	0.00393	0.00739	0.01128	0.01420	0.19986	0.13010	0.53347	0.03770	0.00637	0.00175	0.00253	0.01022	0.00462	0.00414
5	0.00713	0.00480	0.00553	0.00540	0.00663	0.00441	0.00403	0.00909	0.01193	0.01723	0.37225	0.06260	0.22301	0.00954	0.00511	0.00146	0.00234	0.00816	0.23494	0.00441
6	0.01317	0.01175	0.01809	0.07169	0.57209	0.01222	0.01344	0.17588	0.03138	0.01881	0.00986	0.01211	0.00789	0.00471	0.00481	0.00146	0.00567	0.00435	0.00296	0.00766
7	0.01129	0.00869	0.01026	0.00740	0.01164	0.00671	0.00595	0.03069	0.01068	0.08702	0.00963	0.01067	0.00764	0.00386	0.00373	0.00080	0.00368	0.00309	0.00320	0.76338
8	0.02594	0.04830	0.41499	0.03654	0.08088	0.03281	0.18685	0.01614	0.03372	0.06381	0.00980	0.01152	0.00714	0.00461	0.00481	0.00153	0.00689	0.00421	0.00252	0.00699
9	0.00837	0.00423	0.00628	0.00628	0.00628	0.00423	0.00416	0.00634	0.00634	0.00845	0.00867	0.01535	0.00875	0.04661	0.01915	0.82772	0.00423	0.00431	0.00213	0.00213
10	0.00596	0.00492	0.00524	0.00516	0.00669	0.00419	0.00387	0.00741	0.01160	0.01442	0.20544	0.04445	0.64032	0.01178	0.00572	0.00161	0.00242	0.00992	0.00467	0.00419
11	0.00977	0.00789	0.00888	0.00810	0.01013	0.00851	0.00628	0.05504	0.36798	0.01985	0.33579	0.02795	0.07006	0.00844	0.00535	0.00161	0.00323	0.03397	0.00505	0.00614
12	0.01315	0.69118	0.09537	0.00891	0.01322	0.01762	0.00914	0.01509	0.01008	0.06043	0.00767	0.00859	0.00657	0.00439	0.00362	0.00113	0.02225	0.00286	0.00231	0.00641
13	0.01547	0.01073	0.01140	0.00907	0.01208	0.01173	0.00738	0.54099	0.01882	0.02663	0.01294	0.01365	0.00955	0.00576	0.00439	0.00135	0.00437	0.00441	0.27219	0.00707
14	0.00587	0.00475	0.00521	0.00544	0.00672	0.00410	0.00395	0.00710	0.01088	0.01349	0.11083	0.22485	0.55444	0.01273	0.00583	0.00170	0.00252	0.01091	0.00457	0.00410
15	0.01477	0.01228	0.07024	0.02007	0.39336	0.04152	0.04259	0.08972	0.04406	0.19279	0.01219	0.01362	0.00910	0.00509	0.00486	0.00148	0.00556	0.01550	0.00355	0.00765
16	0.01648	0.01331	0.19122	0.01171	0.05695	0.03865	0.03831	0.11211	0.01359	0.37376	0.01510	0.05688	0.01099	0.00610	0.00492	0.00153	0.00530	0.02116	0.00441	0.00751
17	0.33131	0.01398	0.03182	0.01291	0.13611	0.21233	0.02649	0.07834	0.02989	0.01809	0.00845	0.01043	0.00688	0.00510	0.00462	0.00147	0.04572	0.01706	0.00292	0.00609
18	0.01027	0.00952	0.01593	0.34394	0.36220	0.01040	0.02743	0.02578	0.01045	0.01434	0.01055	0.07363	0.00925	0.00633	0.02855	0.00173	0.00599	0.00508	0.02234	0.00629
19	0.00624	0.00491	0.00644	0.00657	0.00762	0.00442	0.03414	0.00760	0.01075	0.01403	0.17615	0.40087	0.27671	0.01285	0.00593	0.00177	0.00281	0.01141	0.00458	0.00420
20	0.00601	0.00433	0.00571	0.00662	0.00704	0.00402	0.00448	0.00704	0.00987	0.01325	0.12064	0.70845	0.05565	0.01446	0.00612	0.00190	0.00274	0.01307	0.00460	0.00402
21	0.03263	0.56882	0.03849	0.01006	0.03629	0.21855	0.00889	0.01576	0.01084	0.01196	0.00704	0.00820	0.00624	0.00438	0.00351	0.00112	0.00611	0.00280	0.00221	0.00611
22	0.00709	0.00517	0.00733	0.00728	0.00790	0.00589	0.00539	0.00827	0.00756	0.01073	0.01317	0.02156	0.01309	0.21541	0.58354	0.03858	0.02988	0.00556	0.00264	0.00395
23	0.01192	0.02915	0.03368	0.22656	0.20065	0.01194	0.18366	0.08563	0.11746	0.03463	0.01097	0.01324	0.00834	0.00488	0.00500	0.00155	0.00616	0.00475	0.00298	0.00685
24	0.01235	0.16347	0.04130	0.11882	0.13004	0.17194	0.04728	0.01465	0.01092	0.01363	0.00869	0.01160	0.00742	0.00468	0.00440	0.00124	0.01693	0.02770	0.00248	0.19046
25	0.00692	0.00519	0.00779	0.00779	0.00865	0.00606	0.00606	0.00865	0.00779	0.01125	0.01298	0.01904	0.01211	0.03634	0.81049	0.00779	0.01298	0.00519	0.00260	0.00433
26	0.00596	0.00426	0.00569	0.00682	0.00712	0.00399	0.00460	0.00685	0.00934	0.01244	0.02668	0.80202	0.03192	0.01513	0.00620	0.00198	0.00286	0.03769	0.00450	0.00395
27	0.00590	0.00422	0.00562	0.00675	0.00703	0.00394	0.00450	0.00675	0.00928	0.01237	0.02671	0.82653	0.03205	0.01518	0.00619	0.00197	0.00281	0.01378	0.00450	0.00394
28	0.00697	0.00525	0.00774	0.00774	0.00852	0.00611	0.00595	0.00856	0.00782	0.01123	0.01359	0.05861	0.01319	0.07108	0.71593	0.00723	0.03185	0.00567	0.00269	0.00427
29	0.03274	0.01212	0.01320	0.04094	0.08196	0.04585	0.00909	0.30538	0.36172	0.02311	0.01463	0.01438	0.01089	0.00593	0.00482	0.00154	0.00485	0.00476	0.00444	0.00767
30	0.01642	0.01901	0.01489	0.01280	0.01529	0.53214	0.07067	0.08010	0.02837	0.03325	0.00850	0.01012	0.00693	0.00609	0.02159	0.00155	0.10989	0.00370	0.00277	0.00594
31	0.02315	0.01179	0.01867	0.03626	0.05532	0.04087	0.31974	0.19666	0.04260	0.01914	0.01118	0.01362	0.00862	0.02424	0.00594	0.00159	0.04372	0.00496	0.11538	0.00655

[dist]
# distance from previous block
# <min> <max>
1	4

[block]
# block no. 4 follows, 52 sequences, length 13
# corresponding to MSA columns:
# 290-302
name=unknown_E
#
# <colnr> <probs for GDERKNQSTAVLIFYWHMCP>
#	G	D	E	R	K	N	Q	S	T	A	V	L	I	F	Y	W	H	M	C	P
0	0.01150	0.01280	0.02678	0.01934	0.02402	0.01223	0.70218	0.01658	0.09164	0.01601	0.01082	0.01359	0.00812	0.00434	0.00564	0.00163	0.00772	0.00569	0.00271	0.00665
1	0.02837	0.00846	0.01027	0.05458	0.01259	0.00706	0.02381	0.05020	0.01085	0.04061	0.01376	0.03777	0.08936	0.00511	0.00410	0.00100	0.00383	0.00422	0.00323	0.59081
2	0.03724	0.01141	0.01779	0.07336	0.13124	0.01185	0.22325	0.23406	0.06643	0.03419	0.05647	0.03640	0.01149	0.00575	0.00517	0.00157	0.00583	0.02597	0.00362	0.00694
3	0.00650	0.00507	0.00696	0.00884	0.08851	0.00474	0.00544	0.00761	0.00972	0.01283	0.02825	0.62603	0.14405	0.01363	0.00597	0.00186	0.00306	0.01227	0.00428	0.00434
4	0.01290	0.02535	0.01339	0.03968	0.14704	0.19306	0.06179	0.04408	0.06082	0.08439	0.11745	0.01985	0.03640	0.08202	0.00681	0.00178	0.00564	0.03799	0.00356	0.00601
5	0.00847	0.00611	0.00728	0.00678	0.00741	0.02604	0.02456	0.04691	0.00854	0.03101	0.01469	0.05160	0.01576	0.55367	0.12114	0.00443	0.02764	0.00655	0.02763	0.00381
6	0.09651	0.02248	0.04558	0.01462	0.18577	0.05901	0.10776	0.03795	0.05813	0.08284	0.07117	0.01703	0.03666	0.03337	0.02713	0.00176	0.01933	0.02486	0.02481	0.03322
7	0.01143	0.00949	0.01255	0.03370	0.19317	0.06252	0.05088	0.02839	0.12940	0.09465	0.09924	0.09194	0.09702	0.00781	0.00528	0.00160	0.00462	0.05603	0.00402	0.00627
8	0.07462	0.02910	0.06639	0.02766	0.11836	0.09347	0.06454	0.03999	0.09567	0.10744	0.09726	0.05628	0.03530	0.00650	0.00517	0.00152	0.02821	0.01924	0.00370	0.02957
9	0.04500	0.06122	0.08720	0.01431	0.18180	0.12123	0.04258	0.06137	0.05724	0.04046	0.04483	0.03504	0.04578	0.00882	0.08758	0.00207	0.00637	0.00477	0.00311	0.04925
10	0.01324	0.07251	0.02958	0.01718	0.29106	0.03981	0.04610	0.09545	0.10080	0.09423	0.03666	0.02775	0.01097	0.00640	0.02526	0.00163	0.02844	0.02628	0.00346	0.03319
11	0.05800	0.05250	0.07646	0.02485	0.12715	0.15549	0.03949	0.03996	0.07421	0.04093	0.02936	0.03920	0.10833	0.00635	0.00531	0.00146	0.05238	0.00503	0.00319	0.06034
12	0.04547	0.09195	0.13732	0.01261	0.11250	0.11687	0.01005	0.12794	0.09287	0.02890	0.05333	0.02728	0.03133	0.04552	0.00576	0.00159	0.02284	0.00458	0.00330	0.02799

[dist]
# distance from previous block
# <min> <max>
0	124

[block]
# block no. 5 follows, 52 sequences, length 47
# corresponding to MSA columns:
# 454-486,488-501
name=unknown_F
#
# <colnr> <probs for GDERKNQSTAVLIFYWHMCP>
#	G	D	E	R	K	N	Q	S	T	A	V	L	I	F	Y	W	H	M	C	P
0	0.01358	0.06320	0.06507	0.01383	0.14294	0.09930	0.05470	0.15839	0.10495	0.07572	0.05776	0.06335	0.03783	0.00635	0.00509	0.00150	0.02056	0.00530	0.00374	0.00685
1	0.03177	0.04658	0.08423	0.01256	0.09544	0.08589	0.06551	0.16588	0.05966	0.07201	0.03526	0.04524	0.02385	0.00662	0.03138	0.00159	0.00563	0.00469	0.00353	0.12269
2	0.03953	0.01259	0.04219	0.01423	0.16759	0.10861	0.03871	0.19071	0.10624	0.04822	0.01519	0.04991	0.07393	0.00642	0.00522	0.00151	0.03029	0.01606	0.00370	0.02916
3	0.04965	0.07966	0.01417	0.04291	0.15361	0.11242	0.03393	0.13055	0.07536	0.06495	0.01396	0.01480	0.06905	0.00558	0.00448	0.00137	0.00515	0.00451	0.06467	0.05922
4	0.03055	0.05033	0.04491	0.05386	0.11612	0.14853	0.03048	0.29628	0.04396	0.02035	0.04317	0.02560	0.01036	0.00595	0.00508	0.00148	0.02690	0.03559	0.00360	0.00688
5	0.10803	0.05400	0.05675	0.13835	0.06765	0.07393	0.03624	0.06482	0.10649	0.08429	0.03764	0.03123	0.03588	0.00604	0.00524	0.01593	0.03668	0.00465	0.01694	0.01921
6	0.02806	0.07424	0.03574	0.01053	0.06209	0.10136	0.00809	0.16779	0.11666	0.06066	0.07408	0.04243	0.09645	0.00774	0.03012	0.00165	0.02639	0.00539	0.00393	0.04659
7	0.01698	0.00898	0.01068	0.00871	0.01184	0.02935	0.00701	0.08560	0.16872	0.43486	0.10206	0.01995	0.05940	0.00683	0.00501	0.00153	0.00400	0.00561	0.00544	0.00744
8	0.06488	0.01062	0.01575	0.16312	0.30759	0.07136	0.08732	0.01328	0.01045	0.01450	0.01218	0.12148	0.03111	0.00677	0.01827	0.00168	0.03512	0.00568	0.00273	0.00611
9	0.01333	0.04425	0.01154	0.00937	0.01219	0.03247	0.00747	0.21560	0.41737	0.02198	0.03498	0.01621	0.01297	0.00619	0.00463	0.00149	0.00414	0.00496	0.12166	0.00720
10	0.01836	0.00925	0.01134	0.00914	0.01255	0.00916	0.00740	0.08929	0.23724	0.49520	0.03545	0.01696	0.01320	0.00623	0.00491	0.00154	0.00411	0.00509	0.00558	0.00800
11	0.01296	0.00998	0.01346	0.06785	0.20214	0.02432	0.02961	0.13889	0.14694	0.10743	0.17637	0.01855	0.01727	0.00633	0.00505	0.00151	0.00462	0.00553	0.00422	0.00696
12	0.01383	0.58955	0.05594	0.00962	0.01337	0.18938	0.00903	0.01547	0.01060	0.01168	0.00697	0.00820	0.00623	0.00453	0.00397	0.00115	0.03941	0.00282	0.00217	0.00609
13	0.01171	0.04007	0.10509	0.00946	0.04530	0.00867	0.00809	0.08223	0.04492	0.06918	0.03064	0.01166	0.00879	0.00441	0.00405	0.00103	0.00432	0.00353	0.00326	0.50359
14	0.04957	0.01921	0.21722	0.02922	0.09189	0.32149	0.04907	0.03177	0.01183	0.05427	0.00863	0.01028	0.00671	0.00512	0.00547	0.00146	0.07412	0.00368	0.00258	0.00639
15	0.00705	0.00470	0.00529	0.00529	0.00529	0.00470	0.00294	0.00705	0.00705	0.00940	0.01527	0.03171	0.01762	0.82969	0.02467	0.00470	0.00470	0.00705	0.00294	0.00294
16	0.00589	0.00444	0.00546	0.00620	0.00690	0.00401	0.00427	0.00690	0.00996	0.01286	0.06473	0.57394	0.24860	0.01414	0.00604	0.00186	0.00269	0.01257	0.00453	0.00401
17	0.04760	0.02796	0.09479	0.01130	0.01516	0.02846	0.04141	0.42415	0.14841	0.03947	0.01213	0.01239	0.00888	0.00572	0.00519	0.00150	0.03880	0.00438	0.00418	0.02813
18	0.01046	0.03904	0.72449	0.01332	0.02011	0.01122	0.01685	0.01608	0.03567	0.05479	0.00954	0.01075	0.00671	0.00473	0.00460	0.00153	0.00686	0.00369	0.00234	0.00721
19	0.00705	0.00470	0.00529	0.00529	0.00529	0.00470	0.00294	0.00705	0.00705	0.00940	0.01527	0.03171	0.01762	0.82969	0.02467	0.00470	0.00470	0.00705	0.00294	0.00294
20	0.00687	0.00507	0.00736	0.00743	0.00815	0.00576	0.00559	0.00834	0.00780	0.01110	0.01412	0.07180	0.01403	0.12840	0.66691	0.00705	0.01136	0.00596	0.00276	0.00414
21	0.01750	0.01924	0.04703	0.01311	0.05714	0.46876	0.02290	0.24312	0.01607	0.03679	0.00916	0.01008	0.00706	0.00519	0.00458	0.00134	0.00740	0.00365	0.00325	0.00664
22	0.01691	0.02103	0.01420	0.01352	0.06057	0.67506	0.00982	0.01823	0.01287	0.01207	0.00746	0.00914	0.00634	0.00534	0.00568	0.00136	0.09892	0.00332	0.00245	0.00570
23	0.01842	0.01357	0.01454	0.01115	0.01503	0.01503	0.00921	0.78330	0.02278	0.03054	0.01163	0.01163	0.00824	0.00582	0.00485	0.00145	0.00533	0.00436	0.00485	0.00824
24	0.00915	0.00861	0.01453	0.81804	0.03338	0.01077	0.01346	0.01238	0.00969	0.01238	0.00861	0.01292	0.00646	0.00484	0.00484	0.00161	0.00646	0.00431	0.00215	0.00538
25	0.00590	0.00422	0.00562	0.00675	0.00703	0.00394	0.00450	0.00675	0.00928	0.01237	0.02671	0.82653	0.03205	0.01518	0.00619	0.00197	0.00281	0.01378	0.00450	0.00394
26	0.01060	0.01060	0.01484	0.01272	0.01272	0.01484	0.01060	0.01166	0.00742	0.01166	0.00636	0.01060	0.00636	0.00848	0.01590	0.00212	0.82082	0.00424	0.00212	0.00530
27	0.00977	0.00928	0.01293	0.01139	0.01153	0.01262	0.00933	0.01091	0.00775	0.01196	0.00931	0.09230	0.00962	0.01132	0.07986	0.00253	0.63979	0.00527	0.03748	0.00505
28	0.00573	0.00489	0.00493	0.00496	0.00656	0.00409	0.00370	0.00695	0.01100	0.01307	0.04850	0.06725	0.77727	0.01235	0.00574	0.00165	0.00246	0.01032	0.00450	0.00409
29	0.01972	0.01150	0.01326	0.01017	0.01399	0.01195	0.00840	0.48738	0.01931	0.33137	0.01455	0.01353	0.00970	0.00589	0.00486	0.00147	0.00486	0.00456	0.00530	0.00824
30	0.01223	0.01093	0.01367	0.01145	0.01455	0.01221	0.12014	0.05544	0.64596	0.02000	0.01795	0.01709	0.01344	0.00618	0.00504	0.00163	0.00453	0.00547	0.00457	0.00753
31	0.00686	0.00490	0.00672	0.00784	0.00854	0.00476	0.00616	0.00840	0.01022	0.01344	0.02618	0.43836	0.02996	0.01428	0.00644	0.00210	0.00364	0.39249	0.00448	0.00420
32	0.75995	0.00967	0.00790	0.00686	0.00996	0.01106	0.00565	0.07775	0.00967	0.05453	0.00766	0.00854	0.00577	0.00467	0.00323	0.00150	0.00389	0.00286	0.00327	0.00562
33	0.03742	0.00930	0.01154	0.00909	0.01269	0.00899	0.00744	0.12154	0.13687	0.56421	0.01799	0.01594	0.01181	0.00603	0.00484	0.00152	0.00423	0.00486	0.00562	0.00809
34	0.17787	0.00998	0.08740	0.00865	0.01141	0.00935	0.00763	0.07246	0.21081	0.04425	0.02887	0.05582	0.04672	0.02066	0.00511	0.00171	0.00416	0.13006	0.06103	0.00605
35	0.00700	0.00470	0.00540	0.00545	0.00550	0.00472	0.00313	0.00710	0.00717	0.00959	0.01565	0.06390	0.01799	0.76352	0.05625	0.00471	0.00496	0.00725	0.00299	0.00303
36	0.01199	0.01151	0.01967	0.02974	0.79946	0.01151	0.01487	0.01487	0.01103	0.01583	0.00912	0.01199	0.00768	0.00432	0.00480	0.00144	0.00576	0.00432	0.00240	0.00768
37	0.01155	0.23577	0.14046	0.01511	0.03383	0.04042	0.37038	0.01480	0.01062	0.01388	0.00907	0.01224	0.00749	0.05663	0.00599	0.00164	0.00697	0.00453	0.00232	0.00630
38	0.00765	0.00630	0.00911	0.00875	0.00934	0.00780	0.00687	0.00911	0.00784	0.01142	0.01289	0.09724	0.01290	0.04273	0.53784	0.00588	0.19330	0.00586	0.00268	0.00448
39	0.00650	0.00494	0.00598	0.00572	0.00702	0.00442	0.00429	0.00845	0.01288	0.01744	0.56132	0.03949	0.28256	0.01065	0.00572	0.00156	0.00234	0.00922	0.00507	0.00442
40	0.03390	0.01729	0.01213	0.01080	0.01330	0.47501	0.00824	0.13796	0.06637	0.03225	0.01111	0.05969	0.00935	0.00591	0.00448	0.00135	0.00671	0.00427	0.08388	0.00601
41	0.01102	0.28163	0.41678	0.02542	0.06356	0.01404	0.03366	0.01502	0.02612	0.01397	0.00822	0.00984	0.00648	0.00468	0.00479	0.00141	0.05100	0.00345	0.00215	0.00675
42	0.00612	0.00441	0.00586	0.00693	0.00737	0.00414	0.00486	0.00715	0.00957	0.01266	0.02750	0.70233	0.06288	0.01485	0.00623	0.00199	0.00299	0.10367	0.00449	0.00401
43	0.00915	0.00861	0.01453	0.81804	0.03338	0.01077	0.01346	0.01238	0.00969	0.01238	0.00861	0.01292	0.00646	0.00484	0.00484	0.00161	0.00646	0.00431	0.00215	0.00538
44	0.01124	0.31447	0.28907	0.01271	0.08195	0.01350	0.06585	0.02869	0.01063	0.02870	0.04171	0.06153	0.00976	0.00530	0.00431	0.00138	0.00583	0.00432	0.00253	0.00655
45	0.02770	0.04620	0.05385	0.03527	0.45854	0.06696	0.09639	0.01602	0.03818	0.07147	0.01065	0.01270	0.02185	0.00476	0.00496	0.00146	0.01865	0.00444	0.00277	0.00719
46	0.04203	0.01359	0.01485	0.02855	0.09368	0.12052	0.02023	0.35648	0.02852	0.03709	0.00971	0.01118	0.00755	0.00608	0.00718	0.00158	0.18644	0.00416	0.00357	0.00700

[dist]
# distance from previous block
# <min> <max>
0	2

[block]
# block no. 6 follows, 52 sequences, length 15
# corresponding to MSA columns:
# 504-518
name=unknown_G
#
# <colnr> <probs for GDERKNQSTAVLIFYWHMCP>
#	G	D	E	R	K	N	Q	S	T	A	V	L	I	F	Y	W	H	M	C	P
0	0.45922	0.00960	0.01005	0.03560	0.07134	0.04145	0.03643	0.03121	0.00896	0.01762	0.00885	0.02851	0.00805	0.11304	0.02427	0.00211	0.08162	0.00399	0.00286	0.00523
1	0.05048	0.04287	0.06417	0.05553	0.23163	0.01095	0.08090	0.10696	0.10011	0.04489	0.03825	0.03607	0.07209	0.00587	0.00484	0.00149	0.00514	0.00519	0.00341	0.03915
2	0.00696	0.00472	0.00556	0.00564	0.00575	0.00479	0.00336	0.00719	0.00727	0.00979	0.01581	0.08420	0.01803	0.69330	0.10392	0.00483	0.00542	0.00731	0.00301	0.00315
3	0.01051	0.06444	0.01107	0.00742	0.01148	0.00771	0.00603	0.06072	0.01084	0.01623	0.01047	0.03737	0.03166	0.00440	0.00378	0.00085	0.00375	0.00352	0.00304	0.69468
4	0.51740	0.00997	0.05012	0.00872	0.05519	0.00989	0.00697	0.03393	0.01040	0.21285	0.03659	0.01138	0.00851	0.00507	0.00378	0.00150	0.00412	0.00357	0.00377	0.00626
5	0.00801	0.00705	0.01138	0.44603	0.04059	0.00808	0.02925	0.01029	0.00962	0.01253	0.01630	0.29258	0.03451	0.02905	0.00587	0.00182	0.00506	0.02404	0.00309	0.00486
6	0.01173	0.11067	0.31811	0.01340	0.08934	0.06510	0.06717	0.03061	0.02885	0.07854	0.06445	0.03696	0.03396	0.00578	0.00475	0.00149	0.00598	0.02348	0.00300	0.00666
7	0.01185	0.05140	0.19752	0.17784	0.12144	0.04662	0.03244	0.06080	0.07441	0.08024	0.02940	0.03416	0.02269	0.03193	0.00542	0.00162	0.00584	0.00471	0.00307	0.00661
8	0.00589	0.00426	0.00558	0.00665	0.00700	0.00394	0.00445	0.00676	0.00938	0.01241	0.02794	0.78365	0.07413	0.01502	0.00616	0.00195	0.00279	0.01358	0.00450	0.00394
9	0.01103	0.01014	0.01539	0.09019	0.43249	0.03564	0.02992	0.01476	0.09668	0.03454	0.03873	0.10056	0.05599	0.00642	0.00505	0.00155	0.00512	0.00591	0.00317	0.00671
10	0.01287	0.08348	0.17141	0.07038	0.18070	0.07487	0.07786	0.08872	0.02943	0.07781	0.01090	0.05733	0.00891	0.00548	0.00507	0.00150	0.02880	0.00466	0.00298	0.00686
11	0.01042	0.00970	0.03153	0.14069	0.16839	0.06313	0.03030	0.06625	0.08306	0.01518	0.05551	0.12431	0.04515	0.04041	0.01951	0.06268	0.00520	0.01957	0.00331	0.00569
12	0.05453	0.01011	0.08013	0.10378	0.13623	0.02865	0.00911	0.12780	0.01218	0.04732	0.01967	0.15274	0.14860	0.03016	0.01608	0.00176	0.00481	0.00683	0.00361	0.00590
13	0.05748	0.04342	0.06464	0.04056	0.16141	0.05160	0.04432	0.08273	0.06276	0.05069	0.05586	0.10057	0.01336	0.01768	0.01892	0.00170	0.05460	0.02430	0.02647	0.02693
14	0.07023	0.02871	0.05325	0.03885	0.08801	0.10291	0.05670	0.11235	0.06561	0.06271	0.09036	0.02905	0.04358	0.00644	0.00498	0.00149	0.01876	0.04453	0.04526	0.03622

[dist]
# distance from previous block
# <min> <max>
2	65

[block]
# block no. 7 follows, 52 sequences, length 34
# corresponding to MSA columns:
# 584-617
name=unknown_H
#
# <colnr> <probs for GDERKNQSTAVLIFYWHMCP>
#	G	D	E	R	K	N	Q	S	T	A	V	L	I	F	Y	W	H	M	C	P
0	0.03744	0.04275	0.16030	0.02960	0.15770	0.05333	0.02493	0.16214	0.03936	0.03448	0.04376	0.04427	0.05144	0.02505	0.00516	0.00151	0.00534	0.00490	0.02071	0.05582
1	0.05600	0.06736	0.03016	0.05690	0.11435	0.08341	0.16780	0.17301	0.03020	0.03453	0.04054	0.02910	0.00952	0.00572	0.01761	0.00154	0.01947	0.00463	0.00322	0.05493
2	0.23612	0.09910	0.17842	0.01235	0.11479	0.06986	0.02320	0.07888	0.02589	0.06217	0.03316	0.01169	0.02499	0.00505	0.00415	0.00144	0.00539	0.00379	0.00304	0.00652
3	0.01174	0.01134	0.04721	0.10281	0.21132	0.05448	0.05275	0.11572	0.05749	0.01718	0.03795	0.01530	0.05581	0.02103	0.00542	0.00147	0.02939	0.00473	0.02981	0.11707
4	0.00737	0.00556	0.00664	0.00658	0.01992	0.00546	0.00485	0.01034	0.09144	0.01614	0.28777	0.04915	0.25339	0.01316	0.10128	0.01996	0.00387	0.00797	0.08448	0.00470
5	0.00596	0.00492	0.00523	0.00516	0.00669	0.00419	0.00387	0.00741	0.01160	0.01441	0.20435	0.04447	0.64142	0.01178	0.00572	0.00161	0.00242	0.00992	0.00467	0.00419
6	0.00781	0.00558	0.00781	0.00892	0.01004	0.00558	0.00781	0.01004	0.01116	0.01450	0.02566	0.05466	0.02789	0.01339	0.00669	0.00223	0.00446	0.76685	0.00446	0.00446
7	0.01060	0.01060	0.01484	0.01272	0.01272	0.01484	0.01060	0.01166	0.00742	0.01166	0.00636	0.01060	0.00636	0.00848	0.01590	0.00212	0.82082	0.00424	0.00212	0.00530
8	0.00573	0.00491	0.00491	0.00491	0.00655	0.00409	0.00368	0.00695	0.01105	0.01309	0.04909	0.04664	0.79750	0.01227	0.00573	0.00164	0.00245	0.01023	0.00450	0.00409
9	0.01296	0.83261	0.02539	0.00829	0.01244	0.01917	0.00829	0.01451	0.00985	0.01140	0.00674	0.00777	0.00622	0.00415	0.00311	0.00104	0.00518	0.00259	0.00207	0.00622
10	0.00781	0.00558	0.00781	0.00892	0.01004	0.00558	0.00781	0.01004	0.01116	0.01450	0.02566	0.05466	0.02789	0.01339	0.00669	0.00223	0.00446	0.76685	0.00446	0.00446
11	0.01296	0.83261	0.02539	0.00829	0.01244	0.01917	0.00829	0.01451	0.00985	0.01140	0.00674	0.00777	0.00622	0.00415	0.00311	0.00104	0.00518	0.00259	0.00207	0.00622
12	0.00903	0.00452	0.00452	0.00452	0.00565	0.00452	0.00339	0.01129	0.01016	0.01807	0.01581	0.01807	0.01242	0.00565	0.00339	0.00113	0.00226	0.00452	0.85659	0.00452
13	0.00705	0.00470	0.00529	0.00529	0.00529	0.00470	0.00294	0.00705	0.00705	0.00940	0.01527	0.03171	0.01762	0.82969	0.02467	0.00470	0.00470	0.00705	0.00294	0.00294
14	0.00705	0.00470	0.00529	0.00529	0.00529	0.00470	0.00294	0.00705	0.00705	0.00940	0.01527	0.03171	0.01762	0.82969	0.02467	0.00470	0.00470	0.00705	0.00294	0.00294
15	0.00745	0.00508	0.00667	0.00620	0.00744	0.00467	0.00467	0.00972	0.01372	0.05031	0.76625	0.03542	0.04440	0.00975	0.00568	0.00152	0.00236	0.00861	0.00536	0.00472
16	0.01842	0.01357	0.01454	0.01115	0.01503	0.01503	0.00921	0.78330	0.02278	0.03054	0.01163	0.01163	0.00824	0.00582	0.00485	0.00145	0.00533	0.00436	0.00485	0.00824
17	0.00686	0.00495	0.00648	0.00610	0.00724	0.00457	0.00457	0.00914	0.01372	0.01943	0.79691	0.03620	0.04572	0.00991	0.00572	0.00152	0.00229	0.00876	0.00533	0.00457
18	0.79796	0.00958	0.00757	0.00670	0.00972	0.01109	0.00550	0.04655	0.03724	0.02205	0.00742	0.00840	0.00572	0.00463	0.00315	0.00150	0.00382	0.00280	0.00315	0.00546
19	0.00612	0.00450	0.00577	0.00670	0.00723	0.00422	0.00462	0.00739	0.02783	0.01285	0.04376	0.67822	0.11401	0.01450	0.00612	0.00193	0.00285	0.04279	0.00452	0.00407
20	0.00927	0.00873	0.01475	0.78536	0.06514	0.01080	0.01352	0.01248	0.00975	0.01252	0.00863	0.01288	0.00651	0.00482	0.00484	0.00161	0.00643	0.00431	0.00216	0.00548
21	0.01509	0.11346	0.01664	0.03201	0.24333	0.36952	0.01075	0.06748	0.04399	0.01454	0.00903	0.02586	0.00763	0.00501	0.00444	0.00133	0.00687	0.00381	0.00270	0.00651
22	0.01054	0.01048	0.01550	0.28424	0.16888	0.05985	0.04228	0.01286	0.00943	0.01282	0.00843	0.01238	0.00719	0.00858	0.07989	0.00226	0.24201	0.00435	0.00226	0.00576
23	0.01005	0.00861	0.01005	0.00718	0.01148	0.00646	0.00574	0.01220	0.01005	0.01579	0.00861	0.01005	0.00718	0.00359	0.00359	0.00072	0.00359	0.00287	0.00287	0.85932
24	0.01033	0.05405	0.60209	0.01335	0.01893	0.04360	0.01589	0.01481	0.00985	0.01440	0.00816	0.01014	0.00619	0.00529	0.00655	0.00161	0.15231	0.00364	0.00208	0.00673
25	0.00617	0.00446	0.00597	0.00692	0.00718	0.00436	0.00468	0.00692	0.00908	0.01217	0.02520	0.75695	0.03013	0.03137	0.00729	0.02735	0.03257	0.01301	0.00431	0.00391
26	0.01012	0.00975	0.01702	0.50212	0.25598	0.01097	0.07790	0.01330	0.01032	0.01382	0.02719	0.01320	0.00780	0.00475	0.00492	0.00156	0.00630	0.00453	0.00232	0.00613
27	0.75844	0.06086	0.00869	0.00684	0.00991	0.04126	0.00569	0.03392	0.00892	0.02096	0.00690	0.00799	0.00542	0.00453	0.00310	0.00146	0.00406	0.00268	0.00297	0.00540
28	0.00889	0.00822	0.01403	0.01483	0.18309	0.00838	0.15545	0.01086	0.01001	0.01390	0.06414	0.31247	0.01935	0.06067	0.00792	0.00195	0.08865	0.00848	0.00336	0.00536
29	0.01005	0.00861	0.01005	0.00718	0.01148	0.00646	0.00574	0.01220	0.01005	0.01579	0.00861	0.01005	0.00718	0.00359	0.00359	0.00072	0.00359	0.00287	0.00287	0.85932
30	0.00661	0.00494	0.00613	0.00584	0.00709	0.00447	0.00438	0.00866	0.01313	0.01804	0.63298	0.03849	0.21052	0.01043	0.00572	0.00155	0.00232	0.00908	0.00515	0.00447
31	0.02119	0.00812	0.01107	0.00853	0.01218	0.00703	0.00703	0.02308	0.01386	0.77365	0.04808	0.01723	0.01325	0.00614	0.00490	0.00150	0.00406	0.00502	0.00597	0.00811
32	0.00678	0.00494	0.00631	0.00597	0.00711	0.00454	0.00444	0.00890	0.01326	0.01856	0.70934	0.03685	0.10366	0.04040	0.00642	0.00165	0.00239	0.00882	0.00518	0.00447
33	0.04515	0.01001	0.01086	0.00953	0.01244	0.01120	0.00749	0.02497	0.63356	0.14949	0.01914	0.01744	0.01398	0.00640	0.00485	0.00161	0.00388	0.00527	0.00504	0.00768

[dist]
# distance from previous block
# <min> <max>
0	2

[block]
# block no. 8 follows, 52 sequences, length 6
# corresponding to MSA columns:
# 620-625
name=unknown_I
#
# <colnr> <probs for GDERKNQSTAVLIFYWHMCP>
#	G	D	E	R	K	N	Q	S	T	A	V	L	I	F	Y	W	H	M	C	P
0	0.00996	0.00963	0.01340	0.01158	0.01178	0.01308	0.00957	0.01123	0.00850	0.01300	0.14227	0.01500	0.01313	0.00873	0.01415	0.00202	0.68011	0.00502	0.00267	0.00518
1	0.05928	0.01316	0.01291	0.01028	0.01383	0.14879	0.00833	0.35191	0.01745	0.29519	0.01329	0.01265	0.00906	0.00568	0.00469	0.00144	0.00542	0.00424	0.00476	0.00765
2	0.01105	0.01064	0.01629	0.14168	0.50349	0.05710	0.01257	0.01378	0.01145	0.01571	0.14438	0.01610	0.01395	0.00540	0.00494	0.00147	0.00544	0.00501	0.00287	0.00668
3	0.68848	0.01013	0.00871	0.04048	0.04196	0.04111	0.00639	0.05634	0.00961	0.04909	0.00765	0.00878	0.00583	0.00465	0.00336	0.00149	0.00422	0.00295	0.00313	0.00563
4	0.38602	0.01545	0.01118	0.04441	0.04516	0.34668	0.00796	0.06385	0.01162	0.01750	0.00754	0.00885	0.00600	0.00480	0.00384	0.00139	0.00614	0.00308	0.00284	0.00569
5	0.02881	0.01223	0.07974	0.04709	0.13012	0.06094	0.08800	0.16948	0.04794	0.10285	0.04687	0.06211	0.03073	0.00602	0.00490	0.00148	0.00538	0.00523	0.01908	0.05098

[dist]
# distance from previous block
# <min> <max>
0	51

[block]
# block no. 9 follows, 52 sequences, length 136
# corresponding to MSA columns:
# 698-755,757-767,769-835
name=unknown_J
#
# <colnr> <probs for GDERKNQSTAVLIFYWHMCP>
#	G	D	E	R	K	N	Q	S	T	A	V	L	I	F	Y	W	H	M	C	P
0	0.02424	0.17440	0.09477	0.02254	0.05907	0.02587	0.00770	0.05952	0.01072	0.01412	0.04988	0.07413	0.15536	0.13304	0.00794	0.00195	0.01964	0.02477	0.00324	0.03710
1	0.11063	0.34180	0.28477	0.01075	0.03391	0.02986	0.01138	0.06841	0.02546	0.01554	0.00817	0.00940	0.00653	0.00512	0.01872	0.00144	0.00590	0.00321	0.00244	0.00658
2	0.04875	0.10975	0.40692	0.01511	0.15262	0.06075	0.01411	0.06043	0.02819	0.04647	0.00921	0.01056	0.00692	0.00469	0.00442	0.00144	0.00635	0.00367	0.00256	0.00709
