[name]
unknown

[dist]
# distance from previous block
# <min> <max>
0	233

[block]
# block no. 0 follows, 49 sequences, length 12
# corresponding to MSA columns:
# 238-249
name=unknown_A
#
# <colnr> <probs for GDERKNQSTAVLIFYWHMCP>
#	G	D	E	R	K	N	Q	S	T	A	V	L	I	F	Y	W	H	M	C	P
0	0.00955	0.00899	0.01517	0.81013	0.03483	0.01123	0.01404	0.01292	0.01011	0.01292	0.00899	0.01348	0.00674	0.00506	0.00506	0.00169	0.00674	0.00449	0.00225	0.00562
1	0.00735	0.00490	0.00552	0.00552	0.00552	0.00490	0.00306	0.00735	0.00735	0.00980	0.01593	0.03309	0.01838	0.82229	0.02574	0.00490	0.00490	0.00735	0.00306	0.00306
2	0.85801	0.00978	0.00743	0.00665	0.00978	0.01134	0.00548	0.01486	0.00861	0.02269	0.00704	0.00821	0.00548	0.00469	0.00313	0.00156	0.00391	0.00274	0.00313	0.00548
3	0.00995	0.00954	0.01525	0.59858	0.02911	0.01236	0.01325	0.01272	0.00948	0.01272	0.00836	0.01284	0.00671	0.00606	0.00812	0.00183	0.22080	0.00448	0.00224	0.00559
4	0.00703	0.00516	0.00659	0.00623	0.00748	0.00472	0.00468	0.00931	0.01403	0.01959	0.71184	0.03890	0.12438	0.01059	0.00597	0.00160	0.00240	0.00930	0.00548	0.00472
5	0.00598	0.00512	0.00512	0.00512	0.00683	0.00427	0.00384	0.00726	0.01153	0.01366	0.05123	0.04866	0.78869	0.01281	0.00598	0.00171	0.00256	0.01067	0.00470	0.00427
6	0.00831	0.00545	0.00669	0.00629	0.00786	0.00484	0.00475	0.01019	0.01310	0.09771	0.41817	0.09697	0.27845	0.01111	0.00591	0.00166	0.00268	0.00960	0.00530	0.00496
7	0.00793	0.00654	0.00715	0.00689	0.00865	0.00650	0.00518	0.01276	0.21063	0.01685	0.18871	0.11358	0.36735	0.01107	0.00581	0.00172	0.00293	0.00945	0.00499	0.00532
8	0.01451	0.01047	0.01199	0.00896	0.01318	0.00958	0.00727	0.22643	0.05000	0.11688	0.01175	0.01216	0.00878	0.00484	0.00434	0.00111	0.00433	0.00381	0.00407	0.47555
9	0.01203	0.01152	0.01965	0.15798	0.66758	0.01189	0.01528	0.01510	0.01129	0.01593	0.00943	0.01267	0.00780	0.00460	0.00501	0.00153	0.00613	0.00450	0.00246	0.00762
10	0.01284	0.65326	0.07218	0.00982	0.01396	0.01831	0.04432	0.01484	0.01035	0.01267	0.03540	0.00979	0.00803	0.00488	0.00449	0.00124	0.06160	0.00327	0.00231	0.00644
11	0.60183	0.01252	0.04568	0.01045	0.09204	0.09808	0.00777	0.05038	0.01032	0.02104	0.00771	0.00905	0.00604	0.00480	0.00364	0.00153	0.00494	0.00311	0.00305	0.00601

[dist]
# distance from previous block
# <min> <max>
0	2

[block]
# block no. 1 follows, 49 sequences, length 26
# corresponding to MSA columns:
# 252-277
name=unknown_B
#
# <colnr> <probs for GDERKNQSTAVLIFYWHMCP>
#	G	D	E	R	K	N	Q	S	T	A	V	L	I	F	Y	W	H	M	C	P
0	0.02685	0.23312	0.12465	0.06271	0.14766	0.07558	0.01154	0.03631	0.11654	0.01550	0.00995	0.01148	0.00806	0.00522	0.00520	0.00145	0.06092	0.00389	0.00279	0.04058
1	0.01808	0.11551	0.01563	0.01244	0.01525	0.68797	0.00959	0.01982	0.03758	0.01259	0.00812	0.00930	0.00679	0.00516	0.00443	0.00129	0.00854	0.00327	0.00263	0.00600
2	0.00744	0.00534	0.00732	0.00845	0.00935	0.00522	0.00690	0.00927	0.01100	0.01437	0.02787	0.30329	0.05348	0.01454	0.00678	0.00222	0.00404	0.49399	0.00467	0.00447
3	0.00614	0.00448	0.00579	0.00683	0.00728	0.00413	0.00460	0.00706	0.00989	0.01299	0.03045	0.73388	0.11689	0.01551	0.00640	0.00202	0.00289	0.01397	0.00469	0.00413
4	0.01119	0.01007	0.01581	0.58666	0.13672	0.01191	0.01356	0.10388	0.03204	0.01588	0.00974	0.01333	0.00736	0.00515	0.00505	0.00164	0.00643	0.00453	0.00269	0.00636
5	0.01299	0.00988	0.01312	0.14343	0.08870	0.01072	0.03242	0.12173	0.22891	0.10078	0.14982	0.02013	0.01771	0.00683	0.00530	0.00164	0.00475	0.01954	0.00451	0.00710
6	0.01212	0.12339	0.44355	0.01166	0.01718	0.01140	0.01347	0.03545	0.03270	0.11957	0.11794	0.01520	0.01321	0.00578	0.00482	0.00153	0.00595	0.00460	0.00331	0.00717
7	0.00698	0.00535	0.00628	0.00601	0.00746	0.00488	0.00452	0.00940	0.04180	0.01784	0.46915	0.04061	0.31830	0.01101	0.00588	0.00163	0.00251	0.00947	0.02623	0.00471
8	0.00839	0.00453	0.00629	0.00629	0.00629	0.00453	0.00403	0.00680	0.00680	0.00906	0.01074	0.02022	0.01141	0.23775	0.02140	0.62086	0.00453	0.00520	0.00243	0.00243
9	0.01257	0.18258	0.04792	0.07176	0.29426	0.05314	0.19892	0.01553	0.01121	0.01482	0.00891	0.01164	0.00734	0.00469	0.00538	0.00150	0.04402	0.00440	0.00241	0.00701
10	0.01028	0.05819	0.76524	0.01418	0.02153	0.01207	0.01828	0.01598	0.01066	0.01585	0.00899	0.01057	0.00641	0.00479	0.00474	0.00158	0.00739	0.00370	0.00214	0.00743
11	0.00622	0.00445	0.00594	0.00711	0.00743	0.00416	0.00480	0.00715	0.00974	0.01298	0.02784	0.79482	0.03331	0.01578	0.00647	0.00206	0.00299	0.03792	0.00469	0.00412
12	0.00921	0.00848	0.01404	0.59093	0.06541	0.01001	0.03179	0.01225	0.01055	0.01364	0.04475	0.05357	0.06089	0.00666	0.00534	0.00173	0.00603	0.04642	0.00279	0.00553
13	0.00875	0.01157	0.17333	0.02735	0.01555	0.00849	0.18023	0.01194	0.03076	0.01475	0.03348	0.27836	0.10707	0.00979	0.00628	0.00184	0.03543	0.03584	0.00358	0.00564
14	0.00616	0.00440	0.00587	0.00704	0.00733	0.00411	0.00469	0.00704	0.00968	0.01291	0.02787	0.81899	0.03344	0.01584	0.00645	0.00205	0.00293	0.01438	0.00469	0.00411
15	0.01352	0.82533	0.02650	0.00865	0.01298	0.02001	0.00865	0.01514	0.01027	0.01190	0.00703	0.00811	0.00649	0.00433	0.00324	0.00108	0.00541	0.00270	0.00216	0.00649
16	0.11870	0.19089	0.15384	0.09035	0.05911	0.15718	0.06447	0.05411	0.01160	0.01560	0.00839	0.01034	0.00672	0.00522	0.00484	0.02942	0.00661	0.00364	0.00256	0.00641
17	0.00640	0.00501	0.00592	0.00635	0.00753	0.00453	0.00474	0.00778	0.01103	0.01393	0.08606	0.26445	0.40791	0.01485	0.04480	0.00218	0.00342	0.09415	0.00465	0.00431
18	0.00623	0.00513	0.00548	0.00539	0.00699	0.00438	0.00404	0.00775	0.01213	0.01509	0.21052	0.04631	0.62850	0.01227	0.00597	0.00168	0.00252	0.01034	0.00488	0.00438
19	0.01128	0.01183	0.02335	0.27732	0.17338	0.01214	0.38519	0.01501	0.01127	0.01520	0.00969	0.01338	0.00744	0.00456	0.00549	0.00166	0.00748	0.00522	0.00245	0.00666
20	0.01837	0.06289	0.01487	0.01260	0.01540	0.67690	0.00963	0.06998	0.04792	0.01402	0.00861	0.00969	0.00704	0.00529	0.00455	0.00132	0.00848	0.00342	0.00286	0.00617
21	0.01529	0.00864	0.03087	0.00877	0.01176	0.00797	0.00730	0.06617	0.12869	0.34474	0.10766	0.02747	0.11274	0.00840	0.00550	0.00169	0.00404	0.08973	0.00546	0.00710
22	0.01279	0.01104	0.01313	0.03701	0.13957	0.01240	0.00940	0.08110	0.54831	0.02095	0.04601	0.01786	0.01464	0.00649	0.00514	0.00166	0.00447	0.00552	0.00464	0.00786
23	0.01304	0.00675	0.00860	0.00735	0.00971	0.00609	0.00578	0.03485	0.02932	0.30240	0.33275	0.04712	0.15687	0.00919	0.00561	0.00161	0.00324	0.00784	0.00563	0.00624
24	0.01100	0.03367	0.09815	0.01351	0.12927	0.01122	0.02042	0.01799	0.30500	0.01707	0.05699	0.05755	0.01480	0.03376	0.04156	0.02429	0.08454	0.01870	0.00376	0.00677
25	0.00746	0.00547	0.00776	0.00776	0.00837	0.00622	0.00577	0.00862	0.00806	0.01139	0.01462	0.07885	0.01493	0.17317	0.51167	0.05516	0.04804	0.01965	0.00289	0.00414

[dist]
# distance from previous block
# <min> <max>
2	4

[block]
# block no. 2 follows, 49 sequences, length 64
# corresponding to MSA columns:
# 282-345
name=unknown_C
#
# <colnr> <probs for GDERKNQSTAVLIFYWHMCP>
#	G	D	E	R	K	N	Q	S	T	A	V	L	I	F	Y	W	H	M	C	P
0	0.03062	0.12564	0.47355	0.01454	0.02075	0.01296	0.16494	0.01661	0.04801	0.03194	0.00977	0.01140	0.00721	0.00476	0.00482	0.00156	0.00710	0.00414	0.00247	0.00722
1	0.01103	0.01185	0.12526	0.03972	0.04822	0.01042	0.04640	0.09048	0.25742	0.01890	0.09436	0.03071	0.07003	0.01014	0.08607	0.00228	0.00574	0.00593	0.00406	0.03098
2	0.00732	0.00504	0.00620	0.00620	0.00644	0.00528	0.00392	0.00780	0.00756	0.01031	0.01530	0.02960	0.01687	0.61548	0.23047	0.00575	0.00718	0.00684	0.00297	0.00345
3	0.01297	0.01137	0.01233	0.01122	0.03465	0.03954	0.03009	0.07416	0.62381	0.02086	0.01906	0.01914	0.01470	0.02548	0.00566	0.00177	0.00450	0.02612	0.00485	0.00773
4	0.00722	0.00542	0.00813	0.00813	0.00903	0.00632	0.00632	0.00903	0.00813	0.01174	0.01354	0.01987	0.01264	0.03792	0.80225	0.00813	0.01354	0.00542	0.00271	0.00451
5	0.01224	0.13057	0.20787	0.16048	0.18281	0.03111	0.05484	0.08918	0.01197	0.01625	0.00907	0.01149	0.00711	0.00504	0.00538	0.00155	0.04933	0.00411	0.00256	0.00705
6	0.01268	0.40932	0.14928	0.03642	0.03154	0.05553	0.18579	0.01563	0.01086	0.01368	0.00822	0.01016	0.00679	0.00459	0.00467	0.00138	0.03075	0.00378	0.00228	0.00666
7	0.00808	0.00785	0.07186	0.00685	0.00909	0.03101	0.00584	0.01040	0.03766	0.05703	0.16030	0.06197	0.47801	0.01106	0.00579	0.00168	0.00334	0.02249	0.00465	0.00502
8	0.00943	0.00471	0.00471	0.00471	0.00589	0.00471	0.00353	0.01178	0.01060	0.01885	0.01650	0.01885	0.01296	0.00589	0.00353	0.00118	0.00236	0.00471	0.85036	0.00471
9	0.02269	0.00861	0.01174	0.00900	0.01291	0.00743	0.00743	0.02464	0.01447	0.79425	0.01995	0.01721	0.01252	0.00626	0.00509	0.00156	0.00430	0.00509	0.00626	0.00861
10	0.01049	0.00995	0.01687	0.56200	0.27558	0.01148	0.01451	0.01375	0.01056	0.01407	0.00915	0.01317	0.00714	0.00488	0.00504	0.00163	0.00651	0.00450	0.00233	0.00638
11	0.00873	0.00443	0.00664	0.00664	0.00667	0.00446	0.00446	0.00667	0.00664	0.00889	0.00895	0.01553	0.00892	0.01829	0.04770	0.82272	0.00472	0.00443	0.00221	0.00228
12	0.02735	0.01222	0.24117	0.01065	0.04059	0.03220	0.02365	0.01122	0.01066	0.01476	0.04924	0.35055	0.05396	0.01085	0.00579	0.00186	0.00485	0.08919	0.00375	0.00547
13	0.16569	0.34877	0.05799	0.00995	0.01369	0.22131	0.00890	0.05097	0.05424	0.01556	0.00832	0.00930	0.00690	0.00486	0.00383	0.00131	0.00614	0.00316	0.00274	0.00637
14	0.01107	0.05401	0.50975	0.01569	0.04379	0.03051	0.16378	0.01670	0.05979	0.01606	0.00988	0.01169	0.00728	0.00490	0.00524	0.00161	0.02426	0.00428	0.00243	0.00728
15	0.00943	0.00471	0.00471	0.00471	0.00589	0.00471	0.00353	0.01178	0.01060	0.01885	0.01650	0.01885	0.01296	0.00589	0.00353	0.00118	0.00236	0.00471	0.85036	0.00471
16	0.00813	0.00595	0.00793	0.00713	0.00774	0.00599	0.06377	0.03552	0.00835	0.01121	0.01520	0.02999	0.01684	0.68009	0.07194	0.00473	0.00575	0.00702	0.00307	0.00365
17	0.03809	0.02996	0.19023	0.01456	0.07564	0.08890	0.14529	0.09652	0.12699	0.03176	0.05585	0.01531	0.02213	0.00571	0.00509	0.00157	0.00630	0.01657	0.00342	0.03011
18	0.01889	0.02410	0.01433	0.01303	0.01563	0.80199	0.00977	0.02019	0.01433	0.01238	0.00782	0.00912	0.00651	0.00521	0.00456	0.00130	0.00912	0.00326	0.00261	0.00586
19	0.03273	0.67513	0.02415	0.00922	0.01335	0.08680	0.00875	0.07501	0.01165	0.01374	0.00750	0.00852	0.00663	0.00455	0.00350	0.00115	0.00571	0.00290	0.00245	0.00658
20	0.00609	0.00513	0.00528	0.00524	0.00690	0.00432	0.00393	0.00747	0.01179	0.01429	0.12078	0.04764	0.71875	0.01257	0.00598	0.00170	0.00254	0.01053	0.00478	0.00432
21	0.00616	0.00440	0.00587	0.00704	0.00733	0.00411	0.00469	0.00704	0.00968	0.01291	0.02787	0.81899	0.03344	0.01584	0.00645	0.00205	0.00293	0.01438	0.00469	0.00411
22	0.01783	0.08118	0.07647	0.01277	0.01593	0.65651	0.01038	0.04603	0.01409	0.01331	0.00801	0.00928	0.00658	0.00515	0.00450	0.00132	0.00860	0.00330	0.00262	0.00613
23	0.00632	0.00451	0.00605	0.00722	0.00758	0.00424	0.00496	0.00731	0.00983	0.01308	0.02778	0.75930	0.03310	0.01570	0.00650	0.00208	0.00307	0.07253	0.00469	0.00415
24	0.01226	0.48910	0.10965	0.02344	0.01426	0.01733	0.01038	0.01428	0.00978	0.01269	0.02980	0.01010	0.00772	0.00573	0.00696	0.00146	0.21304	0.00348	0.00227	0.00629
25	0.01128	0.00950	0.01444	0.02869	0.15915	0.01099	0.05408	0.07226	0.01047	0.05584	0.01099	0.01518	0.00959	0.02840	0.27436	0.00396	0.21685	0.00495	0.00290	0.00610
26	0.00647	0.00510	0.00584	0.00573	0.00715	0.00447	0.00427	0.00819	0.01258	0.01635	0.35380	0.08399	0.44417	0.01195	0.00600	0.00168	0.00251	0.01023	0.00505	0.00447
27	0.00686	0.00534	0.00639	0.00694	0.00832	0.00487	0.00562	0.00852	0.01142	0.01419	0.03963	0.11344	0.42606	0.01351	0.00642	0.00198	0.00343	0.30797	0.00468	0.00441
28	0.09707	0.29781	0.27276	0.01181	0.05343	0.03563	0.02487	0.01580	0.01059	0.05242	0.00862	0.00995	0.00681	0.00472	0.00437	0.00137	0.02635	0.00338	0.00254	0.05972
29	0.01158	0.36520	0.36981	0.01171	0.03895	0.02826	0.01293	0.01502	0.01033	0.01372	0.00873	0.01136	0.00743	0.06864	0.00578	0.00163	0.00638	0.00359	0.00224	0.00670
30	0.00700	0.00515	0.00656	0.00624	0.00747	0.00470	0.00466	0.00923	0.01390	0.01938	0.68916	0.05515	0.13108	0.01073	0.00598	0.00161	0.00242	0.00943	0.00545	0.00470
31	0.00986	0.02348	0.68686	0.01372	0.02043	0.01100	0.03866	0.01530	0.01111	0.01649	0.09531	0.01376	0.01101	0.00540	0.00497	0.00160	0.00694	0.00440	0.00253	0.00716
32	0.01649	0.01439	0.03465	0.15267	0.08132	0.17875	0.02721	0.21406	0.07952	0.13269	0.01219	0.01306	0.00885	0.00561	0.00497	0.00153	0.00635	0.00445	0.00390	0.00734
33	0.51316	0.01041	0.01138	0.16968	0.13373	0.03412	0.00898	0.01465	0.00948	0.01922	0.00781	0.01002	0.00617	0.00487	0.00423	0.00159	0.02836	0.00342	0.00282	0.00590
34	0.01251	0.05568	0.39073	0.01445	0.05308	0.10913	0.09217	0.03851	0.10862	0.04146	0.01180	0.01290	0.02575	0.00529	0.00492	0.00156	0.00693	0.00437	0.00290	0.00725
35	0.00630	0.00462	0.00617	0.03451	0.00826	0.00438	0.00497	0.00733	0.00994	0.01317	0.05138	0.72527	0.07465	0.01514	0.00637	0.00201	0.00303	0.01367	0.00464	0.00419
36	0.01833	0.02238	0.01495	0.01459	0.08649	0.68067	0.01029	0.06683	0.01466	0.01397	0.00824	0.00962	0.00678	0.00520	0.00463	0.00133	0.00861	0.00345	0.00275	0.00623
37	0.00624	0.00446	0.00594	0.00699	0.00735	0.00416	0.00470	0.00724	0.01004	0.01349	0.08742	0.75779	0.03456	0.01541	0.00642	0.00202	0.00289	0.01397	0.00476	0.00416
38	0.01299	0.01107	0.01167	0.01037	0.01331	0.01277	0.00810	0.07352	0.73429	0.02182	0.02005	0.01845	0.01501	0.00681	0.00514	0.00170	0.00410	0.00564	0.00514	0.00804
39	0.00744	0.00487	0.00558	0.00558	0.00558	0.00487	0.00315	0.00731	0.00731	0.00974	0.01549	0.03198	0.01778	0.77204	0.02536	0.05785	0.00487	0.00717	0.00301	0.00301
40	0.01049	0.00899	0.01049	0.00749	0.01198	0.00674	0.00599	0.01273	0.01049	0.01648	0.00899	0.01049	0.00749	0.00374	0.00374	0.00075	0.00374	0.00300	0.00300	0.85320
41	0.02573	0.00510	0.00580	0.00588	0.00713	0.00457	0.00426	0.00804	0.01168	0.01538	0.25147	0.18724	0.38113	0.05518	0.00704	0.00190	0.00274	0.01058	0.00482	0.00434
42	0.00862	0.00635	0.00834	0.00913	0.01041	0.00656	0.00773	0.01220	0.10368	0.01544	0.02518	0.05058	0.02662	0.07644	0.00823	0.00246	0.00460	0.60790	0.00459	0.00493
43	0.00702	0.00480	0.00562	0.00587	0.00610	0.00466	0.00357	0.00731	0.00836	0.01103	0.04077	0.20273	0.08762	0.53366	0.01922	0.03137	0.00420	0.00909	0.00359	0.00341
44	0.01889	0.02410	0.01433	0.01303	0.01563	0.80199	0.00977	0.02019	0.01433	0.01238	0.00782	0.00912	0.00651	0.00521	0.00456	0.00130	0.00912	0.00326	0.00261	0.00586
45	0.01056	0.00905	0.01052	0.00759	0.01202	0.00694	0.00606	0.01322	0.03699	0.01664	0.00939	0.01077	0.00776	0.00385	0.00379	0.00078	0.00375	0.00309	0.00307	0.82415
46	0.00778	0.00737	0.08674	0.00721	0.00911	0.00553	0.00622	0.01049	0.01389	0.03694	0.67658	0.03480	0.05837	0.00974	0.00583	0.00159	0.00295	0.00854	0.00522	0.00512
47	0.01346	0.01130	0.01193	0.01047	0.01349	0.01299	0.00822	0.12657	0.68046	0.02258	0.01945	0.01797	0.01452	0.00676	0.00513	0.00169	0.00421	0.00556	0.00513	0.00808
48	0.00854	0.00445	0.00645	0.00648	0.00649	0.00444	0.00425	0.00669	0.00677	0.00902	0.01016	0.04132	0.01060	0.10821	0.02004	0.73195	0.00441	0.00502	0.00237	0.00235
49	0.01309	0.67711	0.10661	0.00939	0.01393	0.01855	0.00966	0.01615	0.07074	0.01306	0.00831	0.00923	0.00718	0.00458	0.00356	0.00119	0.00552	0.00305	0.00239	0.00671
50	0.01783	0.00798	0.01031	0.00832	0.01151	0.00719	0.00672	0.04718	0.05041	0.52608	0.11038	0.04361	0.11405	0.00780	0.00533	0.00160	0.00387	0.00649	0.00585	0.00749
51	0.01079	0.01070	0.01496	0.01293	0.01295	0.01486	0.01071	0.01189	0.00785	0.01221	0.00781	0.05554	0.00811	0.00924	0.01604	0.00220	0.76843	0.00497	0.00235	0.00545
52	0.01344	0.00674	0.00867	0.00777	0.01000	0.00613	0.00600	0.01587	0.06066	0.33309	0.11995	0.23138	0.12149	0.01027	0.00571	0.00174	0.00348	0.02584	0.00547	0.00630
53	0.00707	0.00478	0.00560	0.00588	0.00595	0.00471	0.00345	0.00728	0.00791	0.01054	0.01877	0.21960	0.02196	0.63090	0.02116	0.00423	0.00444	0.00902	0.00345	0.00331
54	0.01049	0.00899	0.01049	0.00749	0.01198	0.00674	0.00599	0.01273	0.01049	0.01648	0.00899	0.01049	0.00749	0.00374	0.00374	0.00075	0.00374	0.00300	0.00300	0.85320
55	0.00702	0.00508	0.00662	0.00641	0.00751	0.00468	0.00474	0.00921	0.01372	0.01929	0.68492	0.12711	0.06264	0.01102	0.00602	0.00165	0.00245	0.00978	0.00545	0.00468
56	0.00759	0.00559	0.00732	0.00715	0.00750	0.00629	0.00497	0.00839	0.00769	0.01075	0.01427	0.02617	0.01521	0.45020	0.33030	0.00596	0.07161	0.00636	0.00286	0.00383
57	0.00735	0.00490	0.00552	0.00552	0.00552	0.00490	0.00306	0.00735	0.00735	0.00980	0.01593	0.03309	0.01838	0.82229	0.02574	0.00490	0.00490	0.00735	0.00306	0.00306
58	0.85801	0.00978	0.00743	0.00665	0.00978	0.01134	0.00548	0.01486	0.00861	0.02269	0.00704	0.00821	0.00548	0.00469	0.00313	0.00156	0.00391	0.00274	0.00313	0.00548
59	0.85801	0.00978	0.00743	0.00665	0.00978	0.01134	0.00548	0.01486	0.00861	0.02269	0.00704	0.00821	0.00548	0.00469	0.00313	0.00156	0.00391	0.00274	0.00313	0.00548
60	0.01582	0.01230	0.01318	0.01074	0.01429	0.01362	0.00864	0.38592	0.35509	0.03924	0.01578	0.01507	0.01159	0.00627	0.00501	0.00156	0.00474	0.00498	0.00499	0.06116
61	0.00922	0.01093	0.14781	0.01364	0.17308	0.00826	0.04187	0.01307	0.06017	0.01811	0.35255	0.02653	0.08807	0.00790	0.00552	0.00160	0.00439	0.00702	0.00411	0.00616
62	0.00688	0.00524	0.00652	0.02456	0.00815	0.00487	0.00490	0.00899	0.02872	0.01703	0.41536	0.17995	0.22621	0.01184	0.00604	0.00173	0.00272	0.03058	0.00509	0.00461
63	0.01565	0.10163	0.01534	0.04467	0.07583	0.22021	0.00956	0.23422	0.12723	0.02016	0.07565	0.01410	0.01194	0.00596	0.00482	0.00145	0.00607	0.00456	0.00385	0.00709

[dist]
# distance from previous block
# <min> <max>
2	4

[block]
# block no. 3 follows, 49 sequences, length 21
# corresponding to MSA columns:
# 350-370
name=unknown_D
#
# <colnr> <probs for GDERKNQSTAVLIFYWHMCP>
#	G	D	E	R	K	N	Q	S	T	A	V	L	I	F	Y	W	H	M	C	P
0	0.00848	0.00806	0.04804	0.00760	0.00936	0.03947	0.00595	0.01265	0.17099	0.01547	0.12487	0.14995	0.22697	0.11154	0.03583	0.00234	0.00409	0.00875	0.00441	0.00517
1	0.00609	0.00513	0.00528	0.00525	0.00690	0.00432	0.00393	0.00748	0.01180	0.01431	0.12400	0.04759	0.71551	0.01256	0.00598	0.00170	0.00254	0.01052	0.00478	0.00432
2	0.00869	0.03068	0.31397	0.01004	0.02839	0.00850	0.01050	0.01319	0.08501	0.01630	0.14259	0.05473	0.24018	0.00853	0.00538	0.00164	0.00472	0.00712	0.00378	0.00606
3	0.01804	0.01363	0.01523	0.04518	0.04676	0.01521	0.00999	0.65818	0.05608	0.02946	0.01213	0.01248	0.00875	0.00608	0.00538	0.00155	0.02816	0.00460	0.00477	0.00834
4	0.00789	0.00533	0.00700	0.00649	0.00781	0.00490	0.00490	0.01026	0.01432	0.05705	0.75158	0.03680	0.04604	0.01014	0.00592	0.00159	0.00248	0.00895	0.00560	0.00495
5	0.01049	0.00899	0.01049	0.00749	0.01198	0.00674	0.00599	0.01273	0.01049	0.01648	0.00899	0.01049	0.00749	0.00374	0.00374	0.00075	0.00374	0.00300	0.00300	0.85320
6	0.02019	0.01261	0.01421	0.01090	0.01491	0.01338	0.00900	0.56456	0.02118	0.24486	0.01432	0.01356	0.00969	0.00612	0.00507	0.00153	0.00521	0.00470	0.00539	0.00860
7	0.00679	0.00501	0.00639	0.00663	0.00765	0.00460	0.00492	0.00858	0.01235	0.01674	0.39338	0.26087	0.15407	0.01259	0.00620	0.00181	0.00277	0.07906	0.00511	0.00450
8	0.01189	0.01352	0.02916	0.02093	0.02580	0.01292	0.73618	0.01601	0.01174	0.01601	0.01006	0.01352	0.00762	0.00448	0.00647	0.00173	0.04678	0.00589	0.00254	0.00676
9	0.00624	0.00446	0.00596	0.00713	0.00746	0.00418	0.00484	0.00718	0.00976	0.01300	0.02783	0.78756	0.03327	0.01577	0.00648	0.00206	0.00300	0.04499	0.00469	0.00413
10	0.10330	0.00696	0.00867	0.00736	0.00980	0.00646	0.00583	0.01576	0.01369	0.31312	0.39487	0.02715	0.04979	0.00826	0.00533	0.00158	0.00328	0.00697	0.00555	0.00628
11	0.00741	0.00530	0.00794	0.00794	0.00874	0.00609	0.00609	0.00874	0.00794	0.01139	0.01298	0.01933	0.01218	0.03549	0.70872	0.10910	0.01245	0.00530	0.00265	0.00424
12	0.00735	0.00490	0.00552	0.00552	0.00552	0.00490	0.00306	0.00735	0.00735	0.00980	0.01593	0.03309	0.01838	0.82229	0.02574	0.00490	0.00490	0.00735	0.00306	0.00306
13	0.10061	0.00570	0.00657	0.00637	0.00787	0.00540	0.00477	0.00995	0.01226	0.05759	0.36472	0.17441	0.20326	0.01103	0.00570	0.00169	0.00279	0.00950	0.00499	0.00482
14	0.01559	0.01356	0.01296	0.10704	0.04233	0.20762	0.00931	0.02277	0.33579	0.15609	0.01554	0.01529	0.01141	0.00605	0.00497	0.00158	0.00572	0.00481	0.00428	0.00729
15	0.01663	0.00805	0.01032	0.00846	0.01143	0.00757	0.00678	0.04085	0.11858	0.43999	0.24691	0.02338	0.02321	0.00754	0.00535	0.00159	0.00373	0.00636	0.00587	0.00739
16	0.01335	0.78415	0.06615	0.00895	0.01344	0.01958	0.00917	0.01519	0.01030	0.01211	0.00714	0.00824	0.00648	0.00435	0.00333	0.00111	0.00551	0.00276	0.00216	0.00654
17	0.01659	0.04226	0.01391	0.01157	0.01469	0.29861	0.00907	0.21545	0.28605	0.02044	0.01338	0.01328	0.01018	0.00598	0.00485	0.00150	0.00629	0.00444	0.00411	0.00734
18	0.02891	0.01185	0.03981	0.02399	0.53447	0.01111	0.02743	0.05461	0.01206	0.05611	0.01004	0.01229	0.00808	0.00456	0.00478	0.00139	0.00558	0.00426	0.00290	0.14577
19	0.01038	0.00916	0.01466	0.44886	0.15038	0.02240	0.03749	0.01355	0.02695	0.04448	0.02945	0.04772	0.04079	0.00762	0.04675	0.00198	0.00637	0.00536	0.02965	0.00600
20	0.01172	0.01252	0.02580	0.01903	0.02335	0.01168	0.62136	0.01516	0.01216	0.01653	0.03461	0.10123	0.03394	0.00728	0.02635	0.00205	0.00797	0.00730	0.00321	0.00676

[dist]
# distance from previous block
# <min> <max>
1	20

[block]
# block no. 4 follows, 49 sequences, length 19
# corresponding to MSA columns:
# 391-409
name=unknown_E
#
# <colnr> <probs for GDERKNQSTAVLIFYWHMCP>
#	G	D	E	R	K	N	Q	S	T	A	V	L	I	F	Y	W	H	M	C	P
0	0.03568	0.01141	0.10453	0.01302	0.10530	0.00901	0.06704	0.03586	0.01356	0.49567	0.04508	0.01613	0.01202	0.00585	0.00510	0.00157	0.00513	0.00502	0.00495	0.00806
1	0.00922	0.00815	0.01234	0.27269	0.18162	0.00870	0.01022	0.03983	0.01150	0.01505	0.05900	0.09473	0.19242	0.00851	0.00554	0.00171	0.00491	0.05467	0.00349	0.00569
2	0.85801	0.00978	0.00743	0.00665	0.00978	0.01134	0.00548	0.01486	0.00861	0.02269	0.00704	0.00821	0.00548	0.00469	0.00313	0.00156	0.00391	0.00274	0.00313	0.00548
3	0.07581	0.00962	0.01182	0.00919	0.01302	0.03334	0.00756	0.08526	0.01485	0.65776	0.01810	0.01596	0.01156	0.00611	0.00494	0.00155	0.00453	0.00483	0.00584	0.00832
4	0.01873	0.01123	0.14374	0.02623	0.01439	0.00798	0.00927	0.02138	0.01355	0.56842	0.05930	0.03831	0.01414	0.00662	0.00516	0.00160	0.00476	0.02188	0.00537	0.00795
5	0.00878	0.00439	0.00659	0.00659	0.00659	0.00439	0.00439	0.00659	0.00659	0.00878	0.00878	0.01537	0.00878	0.01757	0.01976	0.85288	0.00439	0.00439	0.00220	0.00220
6	0.01014	0.02616	0.79609	0.01441	0.02189	0.01174	0.01868	0.01601	0.01068	0.01601	0.00907	0.01068	0.00641	0.00480	0.00480	0.00160	0.00747	0.00374	0.00214	0.00747
7	0.01149	0.34453	0.48950	0.01212	0.01834	0.01504	0.01469	0.01567	0.01052	0.01437	0.00826	0.00965	0.00644	0.00461	0.00418	0.00139	0.00665	0.00333	0.00215	0.00708
8	0.05037	0.00934	0.03166	0.00956	0.01318	0.00848	0.03032	0.02293	0.13295	0.53668	0.03906	0.01975	0.01429	0.00676	0.00518	0.00164	0.00442	0.04981	0.00564	0.00798
9	0.00735	0.00490	0.00552	0.00552	0.00552	0.00490	0.00306	0.00735	0.00735	0.00980	0.01593	0.03309	0.01838	0.82229	0.02574	0.00490	0.00490	0.00735	0.00306	0.00306
10	0.00616	0.00440	0.00587	0.00704	0.00733	0.00411	0.00469	0.00704	0.00968	0.01291	0.02787	0.81899	0.03344	0.01584	0.00645	0.00205	0.00293	0.01438	0.00469	0.00411
11	0.01378	0.39879	0.15764	0.08244	0.05529	0.15090	0.01142	0.03407	0.01150	0.03047	0.00822	0.00972	0.00676	0.00472	0.00407	0.00131	0.00653	0.00332	0.00242	0.00665
12	0.01322	0.00786	0.02539	0.03116	0.03115	0.00736	0.00694	0.01734	0.14494	0.27215	0.19184	0.14295	0.06816	0.00896	0.00554	0.00168	0.00370	0.00774	0.00530	0.00661
13	0.00689	0.00514	0.00642	0.00631	0.00754	0.00467	0.00475	0.00892	0.01324	0.01805	0.53431	0.09769	0.20393	0.01146	0.00606	0.00169	0.00259	0.05047	0.00527	0.00461
14	0.64136	0.01227	0.12601	0.05866	0.04802	0.01143	0.00842	0.01494	0.00914	0.02081	0.00757	0.00910	0.00581	0.00472	0.00358	0.00157	0.00471	0.00307	0.00290	0.00590
15	0.01291	0.06770	0.12270	0.03706	0.24010	0.11085	0.12638	0.01592	0.01187	0.07017	0.04617	0.01523	0.05224	0.00608	0.01772	0.00164	0.03046	0.00494	0.00296	0.00690
16	0.01767	0.00750	0.01013	0.00823	0.01125	0.00663	0.00663	0.01963	0.01381	0.54683	0.16626	0.05020	0.05073	0.00937	0.04929	0.00195	0.00433	0.00641	0.00582	0.00733
17	0.01053	0.02342	0.62878	0.01592	0.02288	0.01197	0.18325	0.01605	0.01095	0.01605	0.00933	0.01132	0.00668	0.00469	0.00506	0.00162	0.00770	0.00422	0.00223	0.00733
18	0.01307	0.53245	0.20422	0.01076	0.01568	0.07760	0.03489	0.01606	0.03001	0.01326	0.00800	0.00923	0.00673	0.00457	0.00384	0.00125	0.00623	0.00316	0.00228	0.00672

[dist]
# distance from previous block
# <min> <max>
0	1

[block]
# block no. 5 follows, 49 sequences, length 40
# corresponding to MSA columns:
# 411-420,422-434,448-464
name=unknown_F
#
# <colnr> <probs for GDERKNQSTAVLIFYWHMCP>
#	G	D	E	R	K	N	Q	S	T	A	V	L	I	F	Y	W	H	M	C	P
0	0.08080	0.09611	0.13179	0.01243	0.05195	0.06372	0.03730	0.24534	0.16159	0.03572	0.01195	0.01245	0.00896	0.00562	0.00494	0.00154	0.02215	0.00430	0.00380	0.00754
1	0.66540	0.01194	0.00927	0.00869	0.03535	0.12273	0.00671	0.01548	0.00945	0.02045	0.00720	0.00864	0.00577	0.00500	0.00415	0.00156	0.05065	0.00296	0.00298	0.00561
2	0.00927	0.00721	0.01077	0.19621	0.06880	0.00750	0.03653	0.01203	0.04325	0.06376	0.18496	0.13124	0.09850	0.05154	0.00676	0.00191	0.00443	0.05582	0.00411	0.00541
3	0.00735	0.00490	0.00552	0.00552	0.00552	0.00490	0.00306	0.00735	0.00735	0.00980	0.01593	0.03309	0.01838	0.82229	0.02574	0.00490	0.00490	0.00735	0.00306	0.00306
4	0.01234	0.01319	0.08826	0.08850	0.59507	0.01213	0.05101	0.04861	0.01189	0.01685	0.00958	0.01247	0.00778	0.00463	0.00504	0.00153	0.00629	0.00451	0.00257	0.00775
5	0.01068	0.01030	0.01439	0.01247	0.01270	0.01413	0.01033	0.02945	0.00817	0.01256	0.00779	0.01239	0.00757	0.01310	0.13277	0.00307	0.67573	0.00458	0.00235	0.00545
6	0.00598	0.00512	0.00512	0.00512	0.00683	0.00427	0.00384	0.00726	0.01153	0.01366	0.05123	0.04866	0.78869	0.01281	0.00598	0.00171	0.00256	0.01067	0.00470	0.00427
7	0.01743	0.01250	0.01512	0.17718	0.01958	0.01384	0.02605	0.52198	0.01972	0.10741	0.01226	0.01298	0.00860	0.00584	0.00508	0.00156	0.00574	0.00463	0.00455	0.00794
8	0.00914	0.00760	0.00829	0.00769	0.00975	0.00798	0.00589	0.01632	0.34282	0.01874	0.24552	0.03281	0.24822	0.00956	0.00562	0.00168	0.00313	0.00812	0.00513	0.00601
9	0.02232	0.00920	0.01210	0.00928	0.01321	0.00832	0.00767	0.10510	0.01547	0.71238	0.01911	0.01667	0.01210	0.00624	0.00508	0.00156	0.00444	0.00503	0.00613	0.00861
10	0.00926	0.00855	0.01429	0.71080	0.03163	0.01063	0.01309	0.01244	0.00987	0.01277	0.00955	0.01427	0.00747	0.00913	0.10380	0.00248	0.00758	0.00461	0.00230	0.00548
11	0.00735	0.00490	0.00552	0.00552	0.00552	0.00490	0.00306	0.00735	0.00735	0.00980	0.01593	0.03309	0.01838	0.82229	0.02574	0.00490	0.00490	0.00735	0.00306	0.00306
12	0.05877	0.00877	0.01153	0.00896	0.01278	0.00786	0.00738	0.02433	0.05266	0.72172	0.01942	0.01690	0.01236	0.00622	0.00500	0.00157	0.00427	0.00501	0.00607	0.00844
13	0.01922	0.01416	0.01518	0.01163	0.01568	0.01568	0.00961	0.77388	0.02378	0.03187	0.01214	0.01214	0.00860	0.00607	0.00506	0.00152	0.00556	0.00455	0.00506	0.00860
14	0.05224	0.00921	0.01509	0.72399	0.07809	0.01129	0.01370	0.01317	0.01012	0.01362	0.00892	0.01316	0.00675	0.00501	0.00496	0.00167	0.00656	0.00441	0.00231	0.00575
15	0.01258	0.01086	0.01143	0.01029	0.01315	0.01258	0.00800	0.02687	0.78161	0.02115	0.02058	0.01887	0.01544	0.00686	0.00515	0.00172	0.00400	0.00572	0.00515	0.00800
16	0.00616	0.00440	0.00587	0.00704	0.00733	0.00411	0.00469	0.00704	0.00968	0.01291	0.02787	0.81899	0.03344	0.01584	0.00645	0.00205	0.00293	0.01438	0.00469	0.00411
17	0.05477	0.53137	0.26926	0.01038	0.01564	0.01696	0.01167	0.01540	0.01032	0.01374	0.00768	0.00893	0.00641	0.00450	0.00373	0.00127	0.00599	0.00303	0.00220	0.00675
18	0.00854	0.00780	0.01053	0.01020	0.03285	0.00955	0.00774	0.00967	0.00922	0.01283	0.02231	0.27444	0.17069	0.01172	0.01093	0.00204	0.37170	0.00882	0.00350	0.00490
19	0.01014	0.02616	0.79609	0.01441	0.02189	0.01174	0.01868	0.01601	0.01068	0.01601	0.00907	0.01068	0.00641	0.00480	0.00480	0.00160	0.00747	0.00374	0.00214	0.00747
20	0.00620	0.00442	0.00586	0.00699	0.00728	0.00413	0.00464	0.00705	0.00961	0.01281	0.02751	0.79525	0.03299	0.04020	0.00704	0.00214	0.00299	0.01416	0.00464	0.00408
21	0.01014	0.02616	0.79609	0.01441	0.02189	0.01174	0.01868	0.01601	0.01068	0.01601	0.00907	0.01068	0.00641	0.00480	0.00480	0.00160	0.00747	0.00374	0.00214	0.00747
22	0.01451	0.01263	0.08675	0.12650	0.41158	0.04544	0.01352	0.01750	0.01205	0.19272	0.01170	0.01340	0.00866	0.00503	0.00499	0.00154	0.00598	0.00451	0.00330	0.00769
23	0.01889	0.02410	0.01433	0.01303	0.01563	0.80199	0.00977	0.02019	0.01433	0.01238	0.00782	0.00912	0.00651	0.00521	0.00456	0.00130	0.00912	0.00326	0.00261	0.00586
24	0.01336	0.01069	0.01146	0.01019	0.01313	0.01218	0.00796	0.02670	0.72211	0.08112	0.02053	0.01874	0.01521	0.00681	0.00514	0.00170	0.00403	0.00567	0.00523	0.00805
25	0.01145	0.01152	0.02013	0.32852	0.32572	0.03498	0.16464	0.01479	0.01114	0.01495	0.00940	0.01301	0.00741	0.00469	0.00520	0.00161	0.00688	0.00475	0.00242	0.00679
26	0.03764	0.01164	0.01224	0.01052	0.01367	0.01330	0.00833	0.20891	0.57515	0.02381	0.01815	0.01693	0.01349	0.00661	0.00507	0.00166	0.00438	0.00535	0.00507	0.00808
27	0.00697	0.00516	0.00650	0.00617	0.00744	0.00469	0.00463	0.00919	0.01388	0.01925	0.67338	0.03947	0.16306	0.01072	0.00597	0.00161	0.00241	0.00938	0.00543	0.00469
28	0.00690	0.00518	0.00640	0.00614	0.00746	0.00468	0.00464	0.00902	0.01357	0.01854	0.58927	0.04093	0.22605	0.01103	0.00600	0.00164	0.00249	0.03009	0.00533	0.00465
29	0.01049	0.00899	0.01049	0.00749	0.01198	0.00674	0.00599	0.01273	0.01049	0.01648	0.00899	0.01049	0.00749	0.00374	0.00374	0.00075	0.00374	0.00300	0.00300	0.85320
30	0.00724	0.00537	0.00787	0.00787	0.00869	0.00618	0.00601	0.00887	0.00805	0.01155	0.01378	0.02115	0.01320	0.11382	0.72711	0.00781	0.01271	0.00561	0.00274	0.00437
31	0.00735	0.00490	0.00552	0.00552	0.00552	0.00490	0.00306	0.00735	0.00735	0.00980	0.01593	0.03309	0.01838	0.82229	0.02574	0.00490	0.00490	0.00735	0.00306	0.00306
32	0.11983	0.01182	0.01265	0.01014	0.01368	0.01290	0.00823	0.40062	0.15765	0.14576	0.01441	0.01448	0.01045	0.03760	0.00564	0.00170	0.00486	0.00473	0.00495	0.00790
33	0.01900	0.01405	0.01505	0.01159	0.01560	0.01558	0.00956	0.74866	0.04937	0.03151	0.01243	0.01237	0.00883	0.00610	0.00506	0.00152	0.00551	0.00459	0.00506	0.00858
34	0.01302	0.01076	0.01145	0.01023	0.01314	0.01235	0.00798	0.02677	0.74801	0.05501	0.02055	0.01879	0.01531	0.00683	0.00514	0.00171	0.00402	0.00569	0.00519	0.00803
35	0.00735	0.00490	0.00552	0.00552	0.00552	0.00490	0.00306	0.00735	0.00735	0.00980	0.01593	0.03309	0.01838	0.82229	0.02574	0.00490	0.00490	0.00735	0.00306	0.00306
36	0.01013	0.00583	0.00708	0.00655	0.00846	0.00507	0.00498	0.01170	0.01242	0.19745	0.17171	0.16147	0.35502	0.01131	0.00584	0.00171	0.00300	0.00968	0.00522	0.00535
37	0.00624	0.00481	0.00572	0.00627	0.00725	0.00429	0.00446	0.00747	0.01093	0.01398	0.10957	0.40802	0.34131	0.01403	0.00623	0.00188	0.00278	0.03571	0.00478	0.00425
38	0.00815	0.00582	0.00815	0.00931	0.01048	0.00582	0.00815	0.01048	0.01164	0.01513	0.02677	0.05704	0.02910	0.01397	0.00698	0.00233	0.00466	0.75671	0.00466	0.00466
39	0.27497	0.00875	0.01002	0.00805	0.01158	0.00842	0.00662	0.02060	0.01251	0.51205	0.01797	0.01643	0.05832	0.00619	0.00455	0.00157	0.00408	0.00472	0.00521	0.00739

[dist]
# distance from previous block
# <min> <max>
0	2

[block]
# block no. 6 follows, 49 sequences, length 109
# corresponding to MSA columns:
# 467-562,565-577
name=unknown_G
#
# <colnr> <probs for GDERKNQSTAVLIFYWHMCP>
#	G	D	E	R	K	N	Q	S	T	A	V	L	I	F	Y	W	H	M	C	P
0	0.01922	0.01416	0.01518	0.01163	0.01568	0.01568	0.00961	0.77388	0.02378	0.03187	0.01214	0.01214	0.00860	0.00607	0.00506	0.00152	0.00556	0.00455	0.00506	0.00860
1	0.00740	0.00568	0.00686	0.00660	0.00806	0.00538	0.00506	0.01053	0.07830	0.01841	0.49430	0.04012	0.22049	0.01089	0.00597	0.00168	0.00272	0.06136	0.00526	0.00492
2	0.00672	0.00506	0.00622	0.00613	0.00734	0.00456	0.00452	0.00863	0.01300	0.01762	0.49971	0.14148	0.23712	0.01169	0.00603	0.00168	0.00250	0.01021	0.00523	0.00456
3	0.01287	0.01101	0.01160	0.01035	0.01326	0.01271	0.00807	0.05977	0.74824	0.02163	0.02021	0.01857	0.01514	0.00683	0.00514	0.00171	0.00407	0.00567	0.00514	0.00803
4	0.00943	0.00471	0.00471	0.00471	0.00589	0.00471	0.00353	0.01178	0.01060	0.01885	0.01650	0.01885	0.01296	0.00589	0.00353	0.00118	0.00236	0.00471	0.85036	0.00471
5	0.00813	0.00573	0.00803	0.00914	0.01024	0.00572	0.00791	0.01023	0.01137	0.01480	0.02601	0.07218	0.02830	0.01417	0.00754	0.03978	0.00461	0.70704	0.00455	0.00454
6	0.00815	0.00582	0.00815	0.00931	0.01048	0.00582	0.00815	0.01048	0.01164	0.01513	0.02677	0.05704	0.02910	0.01397	0.00698	0.00233	0.00466	0.75671	0.00466	0.00466
7	0.29798	0.00983	0.00990	0.00859	0.01159	0.01087	0.00680	0.04377	0.31449	0.16030	0.01539	0.01565	0.01154	0.05545	0.00570	0.00182	0.00413	0.00467	0.00454	0.00698
8	0.01352	0.82533	0.02650	0.00865	0.01298	0.02001	0.00865	0.01514	0.01027	0.01190	0.00703	0.00811	0.00649	0.00433	0.00324	0.00108	0.00541	0.00270	0.00216	0.00649
9	0.01042	0.00541	0.00755	0.00708	0.00782	0.00532	0.00499	0.02557	0.03845	0.08436	0.04878	0.01659	0.01128	0.01512	0.01640	0.65737	0.00428	0.00471	0.00294	0.02558
10	0.00716	0.00517	0.00676	0.00636	0.00755	0.00477	0.00477	0.00954	0.01431	0.02028	0.78808	0.03777	0.04771	0.01034	0.00596	0.00159	0.00239	0.00914	0.00557	0.00477
11	0.00963	0.00907	0.01531	0.78973	0.05463	0.01126	0.01408	0.01299	0.01015	0.01301	0.00900	0.01346	0.00677	0.00504	0.00505	0.00168	0.00672	0.00449	0.00225	0.00568
12	0.01938	0.01392	0.01502	0.01152	0.01556	0.01532	0.00952	0.74089	0.02337	0.06544	0.01248	0.01236	0.00877	0.00608	0.00506	0.00152	0.00551	0.00458	0.00511	0.00860
13	0.01252	0.01201	0.02053	0.03104	0.79074	0.01201	0.01552	0.01552	0.01151	0.01652	0.00951	0.01252	0.00801	0.00451	0.00501	0.00150	0.00601	0.00451	0.00250	0.00801
14	0.01049	0.00899	0.01049	0.00749	0.01198	0.00674	0.00599	0.01273	0.01049	0.01648	0.00899	0.01049	0.00749	0.00374	0.00374	0.00075	0.00374	0.00300	0.00300	0.85320
15	0.00863	0.00452	0.00655	0.00669	0.00684	0.00444	0.00447	0.00716	0.00735	0.02973	0.01264	0.15455	0.01350	0.04836	0.01733	0.65135	0.00416	0.00624	0.00276	0.00272
16	0.00615	0.00442	0.00584	0.00698	0.00732	0.00411	0.00467	0.00705	0.00974	0.01293	0.02863	0.79386	0.05808	0.01574	0.00644	0.00204	0.00292	0.01425	0.00469	0.00411
17	0.85801	0.00978	0.00743	0.00665	0.00978	0.01134	0.00548	0.01486	0.00861	0.02269	0.00704	0.00821	0.00548	0.00469	0.00313	0.00156	0.00391	0.00274	0.00313	0.00548
18	0.00628	0.00448	0.00593	0.00693	0.00729	0.00419	0.00465	0.00726	0.01000	0.01343	0.09172	0.72733	0.03416	0.04169	0.00704	0.00211	0.00295	0.01370	0.00471	0.00413
19	0.00657	0.00469	0.00630	0.00744	0.00789	0.00446	0.00532	0.00771	0.01000	0.01326	0.02735	0.65181	0.03221	0.03660	0.00706	0.00218	0.00332	0.15702	0.00464	0.00419
20	0.85801	0.00978	0.00743	0.00665	0.00978	0.01134	0.00548	0.01486	0.00861	0.02269	0.00704	0.00821	0.00548	0.00469	0.00313	0.00156	0.00391	0.00274	0.00313	0.00548
21	0.01889	0.02410	0.01433	0.01303	0.01563	0.80199	0.00977	0.02019	0.01433	0.01238	0.00782	0.00912	0.00651	0.00521	0.00456	0.00130	0.00912	0.00326	0.00261	0.00586
22	0.00648	0.00502	0.00589	0.00593	0.00720	0.00444	0.00435	0.00813	0.01233	0.01617	0.34029	0.17010	0.37087	0.01232	0.00605	0.00172	0.00255	0.01067	0.00504	0.00444
23	0.01922	0.01416	0.01518	0.01163	0.01568	0.01568	0.00961	0.77388	0.02378	0.03187	0.01214	0.01214	0.00860	0.00607	0.00506	0.00152	0.00556	0.00455	0.00506	0.00860
24	0.02269	0.00861	0.01174	0.00900	0.01291	0.00743	0.00743	0.02464	0.01447	0.79425	0.01995	0.01721	0.01252	0.00626	0.00509	0.00156	0.00430	0.00509	0.00626	0.00861
25	0.04470	0.00751	0.00952	0.00778	0.01070	0.00677	0.00626	0.04426	0.01402	0.44728	0.18355	0.02509	0.11780	0.00786	0.00525	0.00157	0.00363	0.00653	0.04294	0.00698
26	0.00803	0.00575	0.00800	0.00915	0.01029	0.00572	0.00793	0.01028	0.01156	0.01502	0.02728	0.08652	0.04363	0.01402	0.00694	0.00231	0.00455	0.71373	0.00466	0.00463
27	0.15430	0.00879	0.01106	0.00863	0.01242	0.00805	0.00712	0.02310	0.01355	0.67268	0.01792	0.01579	0.01141	0.00601	0.00478	0.00156	0.00424	0.00472	0.00577	0.00811
28	0.01258	0.01086	0.01143	0.01029	0.01315	0.01258	0.00800	0.02687	0.78161	0.02115	0.02058	0.01887	0.01544	0.00686	0.00515	0.00172	0.00400	0.00572	0.00515	0.00800
29	0.02559	0.00581	0.00715	0.00679	0.00833	0.00541	0.00508	0.03810	0.01276	0.12409	0.29450	0.22559	0.12919	0.01082	0.00568	0.00168	0.00295	0.00942	0.07585	0.00521
30	0.02087	0.00903	0.01154	0.00896	0.01262	0.00837	0.00737	0.13313	0.01545	0.60571	0.01846	0.01663	0.01199	0.00619	0.00493	0.00152	0.00429	0.00497	0.08974	0.00822
31	0.12789	0.00875	0.01119	0.00870	0.01251	0.00792	0.00719	0.02341	0.01373	0.69707	0.01832	0.01608	0.01163	0.00606	0.00484	0.00156	0.00425	0.00479	0.00586	0.00821
32	0.00735	0.00490	0.00552	0.00552	0.00552	0.00490	0.00306	0.00735	0.00735	0.00980	0.01593	0.03309	0.01838	0.82229	0.02574	0.00490	0.00490	0.00735	0.00306	0.00306
33	0.85801	0.00978	0.00743	0.00665	0.00978	0.01134	0.00548	0.01486	0.00861	0.02269	0.00704	0.00821	0.00548	0.00469	0.00313	0.00156	0.00391	0.00274	0.00313	0.00548
34	0.00676	0.00460	0.00579	0.00653	0.00701	0.00436	0.00441	0.00784	0.00994	0.01379	0.08486	0.53853	0.05356	0.11471	0.00850	0.00227	0.00309	0.02518	0.09415	0.00411
35	0.01664	0.00706	0.00876	0.00724	0.00996	0.00651	0.00581	0.01931	0.04662	0.43267	0.01852	0.01798	0.01283	0.00613	0.00443	0.00141	0.00347	0.00496	0.36276	0.00693
36	0.00740	0.00547	0.00683	0.00741	0.00876	0.00515	0.00616	0.00939	0.01179	0.01530	0.10267	0.05049	0.28327	0.01283	0.00637	0.00199	0.00363	0.40093	0.04962	0.00454
37	0.00722	0.00542	0.00813	0.00813	0.00903	0.00632	0.00632	0.00903	0.00813	0.01174	0.01354	0.01987	0.01264	0.03792	0.80225	0.00813	0.01354	0.00542	0.00271	0.00451
38	0.00848	0.00499	0.00632	0.00678	0.00773	0.00464	0.00485	0.00985	0.01066	0.09178	0.05284	0.50047	0.06849	0.01271	0.00578	0.00183	0.00299	0.03987	0.15421	0.00471
39	0.77278	0.03484	0.00892	0.03367	0.02680	0.01164	0.01925	0.01485	0.00882	0.02180	0.00721	0.00856	0.00564	0.00468	0.00328	0.00155	0.00417	0.00289	0.00305	0.00559
40	0.00636	0.00511	0.00562	0.00553	0.00702	0.00443	0.00411	0.00792	0.01219	0.01546	0.26324	0.06227	0.53742	0.03297	0.00649	0.00176	0.00258	0.01023	0.00491	0.00438
41	0.01304	0.47685	0.22682	0.01041	0.01555	0.01653	0.01122	0.09560	0.01182	0.01539	0.00823	0.00937	0.00675	0.00460	0.00388	0.00124	0.00586	0.00319	0.00252	0.06112
42	0.00735	0.00490	0.00552	0.00552	0.00552	0.00490	0.00306	0.00735	0.00735	0.00980	0.01593	0.03309	0.01838	0.82229	0.02574	0.00490	0.00490	0.00735	0.00306	0.00306
43	0.00598	0.00512	0.00512	0.00512	0.00683	0.00427	0.00384	0.00726	0.01153	0.01366	0.05123	0.04866	0.78869	0.01281	0.00598	0.00171	0.00256	0.01067	0.00470	0.00427
44	0.85801	0.00978	0.00743	0.00665	0.00978	0.01134	0.00548	0.01486	0.00861	0.02269	0.00704	0.00821	0.00548	0.00469	0.00313	0.00156	0.00391	0.00274	0.00313	0.00548
45	0.00601	0.00497	0.00528	0.00552	0.00693	0.00424	0.00402	0.00721	0.01114	0.01350	0.04638	0.20844	0.63205	0.01344	0.00608	0.00178	0.00264	0.01144	0.00470	0.00424
46	0.01889	0.02410	0.01433	0.01303	0.01563	0.80199	0.00977	0.02019	0.01433	0.01238	0.00782	0.00912	0.00651	0.00521	0.00456	0.00130	0.00912	0.00326	0.00261	0.00586
47	0.00620	0.00442	0.00586	0.00699	0.00727	0.00414	0.00464	0.00705	0.00960	0.01280	0.02745	0.79153	0.03292	0.04401	0.00713	0.00215	0.00300	0.01413	0.00464	0.00407
48	0.02001	0.00801	0.01088	0.00854	0.01199	0.00697	0.00697	0.02204	0.01445	0.66091	0.15228	0.02075	0.01858	0.00696	0.00524	0.00157	0.00397	0.00578	0.00614	0.00795
49	0.02219	0.00940	0.01223	0.00937	0.01331	0.00861	0.00774	0.13197	0.01581	0.68503	0.01883	0.01648	0.01196	0.00623	0.00508	0.00156	0.00448	0.00501	0.00609	0.00860
50	0.01049	0.00899	0.01049	0.00749	0.01198	0.00674	0.00599	0.01273	0.01049	0.01648	0.00899	0.01049	0.00749	0.00374	0.00374	0.00075	0.00374	0.00300	0.00300	0.85320
51	0.00719	0.00483	0.00556	0.00572	0.00577	0.00479	0.00329	0.00731	0.00767	0.01023	0.01757	0.14103	0.02045	0.71153	0.02309	0.00451	0.00463	0.00832	0.00329	0.00321
