[name]
unknown

[dist]
# distance from previous block
# <min> <max>
6	949

[block]
# block no. 0 follows, 59 sequences, length 23
# corresponding to MSA columns:
# 959-981
name=unknown_A
#
# <colnr> <probs for GDERKNQSTAVLIFYWHMCP>
#	G	D	E	R	K	N	Q	S	T	A	V	L	I	F	Y	W	H	M	C	P
0	0.00919	0.00497	0.00628	0.00609	0.00739	0.00444	0.00440	0.01018	0.00964	0.21964	0.02559	0.37040	0.18577	0.10605	0.00717	0.00191	0.00300	0.00909	0.00429	0.00453
1	0.00681	0.00502	0.00605	0.00573	0.00668	0.00496	0.00408	0.00952	0.10188	0.01528	0.49640	0.03031	0.05296	0.22417	0.00958	0.00215	0.00282	0.00728	0.00424	0.00409
2	0.01524	0.01428	0.22120	0.01041	0.01470	0.01163	0.01013	0.47136	0.01649	0.15404	0.01103	0.01100	0.00758	0.00504	0.00436	0.00135	0.00511	0.00387	0.00393	0.00726
3	0.00719	0.00727	0.06243	0.28069	0.01582	0.00738	0.00825	0.00916	0.00898	0.01202	0.08420	0.24025	0.10789	0.00861	0.00615	0.00161	0.10588	0.01874	0.00305	0.00444
4	0.65300	0.00904	0.00944	0.01130	0.21699	0.01006	0.00704	0.01313	0.00817	0.01843	0.00671	0.00814	0.00535	0.00406	0.00316	0.00135	0.00389	0.00279	0.00259	0.00535
5	0.01657	0.01881	0.01271	0.01106	0.01366	0.61740	0.00850	0.21995	0.01464	0.01520	0.00780	0.00864	0.00616	0.00474	0.00409	0.00119	0.00716	0.00314	0.00283	0.00574
6	0.01651	0.00866	0.01232	0.01299	0.21910	0.00822	0.00842	0.06786	0.06473	0.49592	0.02943	0.01413	0.01044	0.00516	0.00444	0.00136	0.00416	0.00438	0.00448	0.00729
7	0.00825	0.00651	0.00681	0.00599	0.00799	0.00632	0.00470	0.21166	0.01295	0.01632	0.07449	0.03381	0.56846	0.00956	0.00501	0.00144	0.00291	0.00788	0.00422	0.00473
8	0.00677	0.00600	0.00807	0.01046	0.21515	0.00550	0.00608	0.00833	0.01016	0.01295	0.08867	0.07026	0.51658	0.00929	0.00502	0.00145	0.00302	0.00799	0.00366	0.00460
9	0.01518	0.00713	0.00910	0.00731	0.00997	0.00664	0.00591	0.11514	0.01340	0.46150	0.22193	0.01920	0.01845	0.00634	0.00455	0.00135	0.00335	0.00528	0.06184	0.00643
10	0.01083	0.02238	0.61327	0.01228	0.01771	0.22080	0.01431	0.01493	0.01015	0.01317	0.00764	0.00897	0.00562	0.00429	0.00414	0.00133	0.00690	0.00316	0.00197	0.00616
11	0.00924	0.00510	0.00645	0.00627	0.00770	0.00457	0.00463	0.01067	0.03065	0.22033	0.05013	0.40600	0.19928	0.01075	0.00519	0.00160	0.00281	0.00942	0.00448	0.00474
12	0.00735	0.00604	0.00921	0.01210	0.21622	0.00590	0.02069	0.02232	0.00940	0.01272	0.01995	0.46576	0.03685	0.01067	0.00534	0.00169	0.00360	0.12596	0.00358	0.00465
13	0.01074	0.01155	0.01359	0.52990	0.11597	0.22055	0.01145	0.01318	0.00992	0.01152	0.00764	0.01070	0.00596	0.00440	0.00430	0.00137	0.00635	0.00365	0.00207	0.00520
14	0.00538	0.00393	0.00507	0.00594	0.00636	0.00362	0.00402	0.00622	0.00874	0.01151	0.04603	0.73078	0.11932	0.01342	0.00558	0.00175	0.00251	0.01207	0.00412	0.00362
15	0.01107	0.01389	0.22463	0.02143	0.51972	0.01080	0.01368	0.10378	0.01109	0.01585	0.00847	0.01048	0.00669	0.00416	0.00433	0.00134	0.00553	0.00377	0.00236	0.00693
16	0.01278	0.44444	0.16445	0.00932	0.01346	0.05314	0.00940	0.21702	0.01224	0.01556	0.00765	0.00844	0.00613	0.00428	0.00354	0.00113	0.00524	0.00296	0.00255	0.00627
17	0.01023	0.00614	0.00847	0.00761	0.00888	0.00673	0.00597	0.01152	0.00866	0.21911	0.01506	0.06632	0.05642	0.09459	0.31588	0.00390	0.14094	0.00539	0.00332	0.00486
18	0.00597	0.00495	0.00560	0.00606	0.03171	0.02646	0.00419	0.00725	0.01022	0.01305	0.20335	0.25641	0.38675	0.01104	0.00527	0.00154	0.00254	0.00957	0.00416	0.00392
19	0.00908	0.01172	0.21865	0.00810	0.01270	0.00701	0.00809	0.01186	0.00920	0.01429	0.00787	0.00920	0.00630	0.00351	0.00351	0.00085	0.00411	0.00278	0.00242	0.64875
20	0.01073	0.10946	0.08589	0.01023	0.06574	0.02379	0.05184	0.07139	0.22902	0.03061	0.02375	0.01367	0.05630	0.00506	0.00428	0.00123	0.01986	0.00415	0.00321	0.17980
21	0.00669	0.00663	0.09858	0.00605	0.00758	0.00488	0.00506	0.00835	0.01975	0.03442	0.22657	0.09857	0.22175	0.22471	0.00955	0.00220	0.00330	0.00763	0.00371	0.00402
22	0.00896	0.00870	0.00738	0.00712	0.00791	0.21665	0.00494	0.00967	0.00822	0.00964	0.01188	0.04461	0.01252	0.40119	0.21799	0.00410	0.00706	0.00526	0.00254	0.00365

[dist]
# distance from previous block
# <min> <max>
3	7

[block]
# block no. 1 follows, 59 sequences, length 38
# corresponding to MSA columns:
# 989-1026
name=unknown_B
#
# <colnr> <probs for GDERKNQSTAVLIFYWHMCP>
#	G	D	E	R	K	N	Q	S	T	A	V	L	I	F	Y	W	H	M	C	P
0	0.02112	0.05160	0.03275	0.03140	0.04837	0.02822	0.28988	0.04469	0.02213	0.03689	0.17665	0.05666	0.07950	0.00617	0.00482	0.00140	0.00487	0.01323	0.02621	0.02345
1	0.01043	0.01149	0.04148	0.03907	0.07313	0.02761	0.59118	0.01393	0.02593	0.03509	0.01070	0.03549	0.03362	0.00448	0.00528	0.00148	0.02599	0.00528	0.00245	0.00589
2	0.01088	0.01059	0.01780	0.06965	0.73863	0.02564	0.03491	0.01353	0.01005	0.01419	0.00827	0.01095	0.00690	0.00397	0.00439	0.00132	0.00539	0.00395	0.00218	0.00682
3	0.00631	0.00471	0.00700	0.00700	0.00776	0.00547	0.00540	0.00783	0.00707	0.01018	0.01192	0.01783	0.01125	0.06676	0.79393	0.00698	0.01152	0.00480	0.00238	0.00389
4	0.52835	0.00938	0.03109	0.01759	0.01115	0.00994	0.06775	0.09986	0.00991	0.12232	0.00878	0.02844	0.00665	0.00471	0.00378	0.00140	0.02679	0.00336	0.00321	0.00554
5	0.01171	0.28879	0.32922	0.01081	0.01565	0.01321	0.07037	0.16007	0.01151	0.03791	0.00818	0.00918	0.00621	0.00426	0.00388	0.00124	0.00562	0.00328	0.00247	0.00641
6	0.00552	0.00443	0.00493	0.00493	0.00618	0.00384	0.00365	0.00688	0.01059	0.01348	0.25784	0.11541	0.52510	0.01083	0.00526	0.00149	0.00223	0.00925	0.00431	0.00384
7	0.00532	0.00446	0.00460	0.00463	0.00602	0.00377	0.00345	0.00645	0.01003	0.01208	0.07466	0.06871	0.72749	0.03152	0.00567	0.00157	0.00232	0.01944	0.00410	0.00372
8	0.00719	0.00561	0.00698	0.00743	0.02336	0.01637	0.00561	0.05364	0.02100	0.01312	0.03485	0.34168	0.13225	0.02323	0.00624	0.00177	0.05278	0.20764	0.01840	0.02086
9	0.01181	0.84744	0.02314	0.00756	0.01134	0.01748	0.00756	0.01323	0.00897	0.01039	0.00614	0.00708	0.00567	0.00378	0.00283	0.00094	0.00472	0.00236	0.00189	0.00567
10	0.00642	0.00429	0.00488	0.00488	0.00490	0.00432	0.00275	0.00646	0.00644	0.00861	0.01386	0.02858	0.01592	0.82244	0.04463	0.00436	0.00449	0.00638	0.00267	0.00271
11	0.08397	0.01136	0.01232	0.02617	0.03445	0.08207	0.04059	0.42320	0.01613	0.15464	0.04532	0.01255	0.02645	0.00533	0.00433	0.00133	0.00480	0.00416	0.00409	0.00674
12	0.00631	0.00472	0.00704	0.00704	0.00781	0.00549	0.00545	0.00785	0.00708	0.01021	0.01188	0.01763	0.01116	0.05261	0.80796	0.00703	0.01165	0.00477	0.00237	0.00391
13	0.00634	0.00425	0.00484	0.00492	0.00494	0.00423	0.00279	0.00640	0.00658	0.00878	0.01473	0.09228	0.01708	0.78001	0.02117	0.00409	0.00415	0.00690	0.00279	0.00275
14	0.01124	0.01148	0.03520	0.07258	0.59126	0.06956	0.06780	0.03303	0.03846	0.01441	0.00860	0.01099	0.00702	0.00410	0.00441	0.00133	0.00559	0.00397	0.00231	0.00666
15	0.01133	0.02134	0.00897	0.00783	0.02751	0.08103	0.02487	0.09553	0.06033	0.18273	0.06762	0.05965	0.28691	0.00804	0.00481	0.00143	0.00373	0.03669	0.00419	0.00542
16	0.01542	0.00910	0.02725	0.00844	0.01153	0.00885	0.00701	0.28015	0.06154	0.32601	0.04244	0.04961	0.03335	0.00620	0.00452	0.00137	0.00398	0.03724	0.02049	0.04551
17	0.01131	0.31823	0.34390	0.01004	0.01470	0.06807	0.01109	0.08655	0.03131	0.02855	0.00901	0.00984	0.03070	0.00445	0.00375	0.00122	0.00556	0.00323	0.00234	0.00616
18	0.02909	0.04339	0.09513	0.00912	0.04485	0.02358	0.03548	0.03714	0.09362	0.31435	0.11487	0.01902	0.08571	0.01441	0.00471	0.00142	0.00403	0.01965	0.00421	0.00625
19	0.00838	0.00821	0.01387	0.01109	0.01300	0.02122	0.25760	0.01061	0.02832	0.01222	0.05495	0.01900	0.11358	0.08125	0.16897	0.00289	0.16186	0.00559	0.00267	0.00472
20	0.00974	0.22452	0.60974	0.01133	0.01710	0.02894	0.01401	0.01388	0.00931	0.01304	0.00747	0.00875	0.00561	0.00410	0.00386	0.00128	0.00612	0.00303	0.00188	0.00629
21	0.01072	0.01028	0.01881	0.05285	0.33214	0.02368	0.29693	0.01348	0.01007	0.06184	0.01059	0.03873	0.03012	0.00570	0.03582	0.00164	0.03307	0.00486	0.00250	0.00615
22	0.01059	0.01014	0.01724	0.09007	0.73610	0.01028	0.01321	0.01320	0.00996	0.01412	0.00914	0.01175	0.02607	0.00414	0.00440	0.00133	0.00523	0.00406	0.00221	0.00675
23	0.00526	0.00448	0.00453	0.00452	0.00599	0.00375	0.00339	0.00641	0.01016	0.01215	0.07386	0.04215	0.78619	0.01110	0.00522	0.00149	0.00223	0.00927	0.00413	0.00375
24	0.01020	0.10379	0.63908	0.01184	0.01760	0.08102	0.01441	0.03264	0.00989	0.02918	0.00790	0.00913	0.00576	0.00424	0.00405	0.00133	0.00638	0.00318	0.00203	0.00636
25	0.04496	0.06536	0.08148	0.01048	0.01359	0.33185	0.04820	0.13955	0.04816	0.10517	0.02163	0.01225	0.00842	0.00515	0.00422	0.00129	0.00603	0.04310	0.00315	0.00596
26	0.01457	0.36655	0.01707	0.00961	0.01269	0.37817	0.00811	0.12123	0.01214	0.01292	0.00705	0.00795	0.00592	0.00433	0.00356	0.00108	0.00619	0.00279	0.00240	0.00567
27	0.04675	0.03677	0.22529	0.02220	0.01369	0.03150	0.01853	0.15023	0.02992	0.03607	0.02053	0.02781	0.00796	0.00458	0.00394	0.00114	0.00468	0.02079	0.00290	0.29471
28	0.01045	0.01017	0.09177	0.04942	0.15166	0.07064	0.04209	0.03292	0.11057	0.09276	0.20473	0.05309	0.04801	0.00637	0.00467	0.00140	0.00435	0.00555	0.00360	0.00579
29	0.00575	0.00412	0.00539	0.00628	0.00664	0.00392	0.00424	0.03198	0.00886	0.01181	0.02390	0.81494	0.02851	0.01356	0.00560	0.00178	0.00264	0.01228	0.00411	0.00371
30	0.01039	0.01087	0.02159	0.12636	0.04627	0.01075	0.54789	0.07386	0.03192	0.01478	0.00996	0.05598	0.00804	0.00454	0.00502	0.00149	0.00661	0.00529	0.00252	0.00587
31	0.01049	0.38630	0.40600	0.00998	0.01494	0.02409	0.01163	0.01369	0.00934	0.03662	0.01955	0.02463	0.00677	0.00431	0.00364	0.00120	0.00553	0.00314	0.00208	0.00607
32	0.00601	0.00450	0.00565	0.00639	0.00695	0.00441	0.00439	0.00809	0.09598	0.01222	0.04138	0.70639	0.05534	0.01278	0.00549	0.00174	0.00264	0.01152	0.00416	0.00398
33	0.01235	0.75574	0.02203	0.00788	0.01159	0.04176	0.00765	0.07632	0.01002	0.01180	0.00652	0.00739	0.00582	0.00392	0.00300	0.00098	0.00483	0.00251	0.00210	0.00580
34	0.02440	0.28854	0.53483	0.01083	0.01632	0.02858	0.01315	0.01380	0.00924	0.01286	0.00730	0.00854	0.00561	0.00407	0.00373	0.00125	0.00592	0.00295	0.00190	0.00619
35	0.00936	0.14369	0.58388	0.01188	0.05049	0.02362	0.01371	0.01333	0.00910	0.01298	0.00802	0.01038	0.00638	0.06133	0.00546	0.00153	0.02344	0.00338	0.00195	0.00610
36	0.00607	0.00426	0.00520	0.00559	0.00623	0.00393	0.00383	0.00694	0.00890	0.03279	0.09597	0.39445	0.18878	0.18040	0.00890	0.00219	0.00288	0.03517	0.00391	0.00360
37	0.00876	0.00816	0.01378	0.66872	0.16253	0.00972	0.01219	0.01147	0.00893	0.01169	0.00792	0.01169	0.00614	0.00472	0.00486	0.03196	0.00571	0.00392	0.00200	0.00515

[dist]
# distance from previous block
# <min> <max>
0	1

[block]
# block no. 2 follows, 59 sequences, length 36
# corresponding to MSA columns:
# 1028-1063
name=unknown_C
#
# <colnr> <probs for GDERKNQSTAVLIFYWHMCP>
#	G	D	E	R	K	N	Q	S	T	A	V	L	I	F	Y	W	H	M	C	P
0	0.03313	0.01752	0.03000	0.01228	0.06944	0.53833	0.03919	0.08718	0.05237	0.03242	0.00822	0.00936	0.00657	0.00518	0.01814	0.00133	0.02775	0.00331	0.00264	0.00564
1	0.00758	0.00662	0.00868	0.00810	0.00881	0.05282	0.02480	0.00887	0.00733	0.01022	0.01070	0.01689	0.01039	0.13525	0.51025	0.00534	0.15628	0.00471	0.00232	0.00404
2	0.08975	0.00737	0.00801	0.00725	0.00912	0.00773	0.00555	0.27304	0.02546	0.03034	0.02127	0.32852	0.15019	0.00940	0.00486	0.00154	0.00339	0.00797	0.00411	0.00514
3	0.03562	0.31057	0.33254	0.06786	0.01570	0.02074	0.03338	0.01306	0.00933	0.01289	0.04815	0.00989	0.00754	0.00424	0.00370	0.00119	0.00535	0.00321	0.00212	0.06292
4	0.00544	0.00439	0.00486	0.00514	0.00627	0.00385	0.00373	0.00671	0.02345	0.01212	0.07028	0.27311	0.52875	0.01179	0.00534	0.00158	0.00238	0.02291	0.00414	0.00377
5	0.00532	0.00410	0.00486	0.00547	0.00623	0.00364	0.00380	0.00623	0.00911	0.01154	0.03261	0.51801	0.34777	0.01276	0.00547	0.00167	0.00243	0.01125	0.00410	0.00364
6	0.01248	0.01269	0.04858	0.01023	0.03050	0.20097	0.04407	0.17494	0.24606	0.01746	0.07814	0.04956	0.04272	0.00605	0.00451	0.00137	0.00497	0.00491	0.00368	0.00610
7	0.00841	0.00798	0.01366	0.80790	0.03018	0.00986	0.03768	0.01138	0.00888	0.01138	0.00789	0.01178	0.00591	0.00439	0.00444	0.00147	0.00594	0.00397	0.00197	0.00494
8	0.00646	0.00430	0.00489	0.00489	0.00494	0.00433	0.00279	0.00657	0.00651	0.00881	0.01385	0.02818	0.01576	0.79475	0.05289	0.00432	0.00452	0.00631	0.02219	0.00276
9	0.00631	0.00471	0.00701	0.00701	0.00777	0.00547	0.00541	0.00783	0.00707	0.01019	0.01191	0.01779	0.01123	0.06423	0.79643	0.00699	0.01154	0.00480	0.00238	0.00389
10	0.00714	0.00579	0.00644	0.00702	0.02421	0.05604	0.00477	0.06712	0.00978	0.01267	0.05338	0.58571	0.06515	0.06496	0.00645	0.00183	0.00320	0.01039	0.00391	0.00402
11	0.06788	0.00652	0.00843	0.00709	0.00952	0.00595	0.00561	0.01628	0.03280	0.48078	0.14933	0.15693	0.01877	0.00739	0.00467	0.00145	0.00325	0.00628	0.00494	0.00612
12	0.00639	0.00430	0.00497	0.00499	0.00505	0.00434	0.00289	0.00651	0.00652	0.00874	0.01405	0.04843	0.01607	0.77334	0.07238	0.00440	0.00471	0.00647	0.00269	0.00278
13	0.00902	0.02178	0.74671	0.01340	0.04196	0.01032	0.06796	0.01399	0.00942	0.01401	0.00800	0.00954	0.00571	0.00416	0.00427	0.00140	0.00655	0.00341	0.00190	0.00650
14	0.03538	0.01434	0.01293	0.01036	0.01357	0.20629	0.00835	0.59943	0.01852	0.02363	0.00961	0.00990	0.00702	0.00510	0.00428	0.00128	0.00556	0.00367	0.00387	0.00689
15	0.00574	0.00471	0.00509	0.00504	0.00644	0.00418	0.00381	0.00757	0.04674	0.01334	0.18825	0.06238	0.58688	0.01065	0.00522	0.00150	0.00233	0.03190	0.00426	0.00397
16	0.00849	0.00795	0.01140	0.01006	0.01038	0.01059	0.02457	0.00964	0.00696	0.01053	0.00837	0.03342	0.00830	0.04932	0.24443	0.00348	0.53102	0.00446	0.00215	0.00448
17	0.01059	0.01153	0.07529	0.02116	0.43726	0.01089	0.19616	0.01459	0.09499	0.01451	0.00929	0.01155	0.00744	0.00437	0.00524	0.00142	0.06045	0.00429	0.00240	0.00658
18	0.00641	0.00486	0.00720	0.00714	0.00788	0.00571	0.00553	0.00791	0.00706	0.01020	0.01173	0.01758	0.01108	0.06433	0.77146	0.00683	0.03602	0.00477	0.00237	0.00392
19	0.03424	0.00525	0.00622	0.00558	0.00737	0.00464	0.00432	0.01040	0.01131	0.18579	0.28301	0.03260	0.37430	0.00908	0.00498	0.00143	0.00255	0.00766	0.00459	0.00470
20	0.03194	0.00912	0.00988	0.05662	0.07048	0.06657	0.00714	0.11052	0.29462	0.01729	0.13233	0.03169	0.10667	0.00683	0.00464	0.00144	0.00390	0.02855	0.00396	0.00584
21	0.01213	0.64619	0.10869	0.00859	0.01250	0.10548	0.00864	0.03341	0.00969	0.01126	0.00652	0.00751	0.00571	0.00395	0.00315	0.00102	0.00528	0.00255	0.00199	0.00575
22	0.00542	0.00386	0.00511	0.00610	0.00635	0.00361	0.00405	0.00616	0.00838	0.01118	0.02397	0.81263	0.02874	0.04375	0.00624	0.00188	0.00262	0.01233	0.00405	0.00355
23	0.01521	0.01891	0.01359	0.01242	0.05208	0.67106	0.07715	0.02613	0.01221	0.01153	0.00883	0.01003	0.04221	0.00476	0.00417	0.00119	0.00750	0.00341	0.00238	0.00525
24	0.02895	0.01002	0.03910	0.05281	0.01395	0.04824	0.15571	0.12137	0.15249	0.04492	0.02761	0.05624	0.01115	0.10680	0.00775	0.00184	0.08531	0.01629	0.01386	0.00560
25	0.00633	0.00446	0.00582	0.00586	0.00622	0.00479	0.00397	0.00705	0.00680	0.00941	0.01344	0.05723	0.01442	0.45823	0.37128	0.00540	0.00749	0.00594	0.00260	0.00326
26	0.00575	0.00452	0.00519	0.00527	0.00642	0.00406	0.00388	0.00738	0.03209	0.01357	0.25207	0.17898	0.41486	0.02205	0.00552	0.00157	0.00235	0.02626	0.00430	0.00391
27	0.01124	0.45477	0.27518	0.03411	0.01494	0.06913	0.03884	0.01395	0.00946	0.03189	0.00718	0.00836	0.00582	0.00402	0.00351	0.00115	0.00562	0.00288	0.00201	0.00594
28	0.00995	0.17038	0.52285	0.01278	0.03943	0.04385	0.11390	0.01400	0.00955	0.01324	0.00770	0.00924	0.00579	0.00407	0.00407	0.00132	0.00634	0.00335	0.00194	0.00626
29	0.00554	0.00396	0.00528	0.00616	0.00653	0.00370	0.00422	0.00649	0.00894	0.01202	0.10782	0.72793	0.03039	0.01327	0.00561	0.00176	0.00257	0.03997	0.00418	0.00367
30	0.12613	0.08007	0.30524	0.01093	0.01488	0.29899	0.02602	0.03019	0.01032	0.01350	0.00715	0.00849	0.00559	0.00444	0.00429	0.00129	0.04162	0.00301	0.00219	0.00567
31	0.02341	0.39199	0.26261	0.04715	0.01495	0.04556	0.03169	0.03381	0.04252	0.04077	0.00818	0.00972	0.00660	0.00432	0.00365	0.00120	0.00541	0.01820	0.00226	0.00600
32	0.75480	0.01045	0.07561	0.00669	0.00972	0.05561	0.00597	0.01333	0.00795	0.01882	0.00634	0.00740	0.00490	0.00413	0.00293	0.00136	0.00393	0.00249	0.00263	0.00495
33	0.00849	0.02898	0.04124	0.00718	0.00889	0.00616	0.01993	0.03620	0.05962	0.09330	0.22504	0.10403	0.11247	0.02662	0.10708	0.00226	0.01720	0.08651	0.00400	0.00479
34	0.00639	0.00471	0.00663	0.00658	0.00719	0.00532	0.00488	0.00761	0.00716	0.01017	0.04515	0.02054	0.01337	0.22028	0.59207	0.00612	0.02438	0.00524	0.00253	0.00367
35	0.00541	0.00463	0.00511	0.00497	0.00642	0.00394	0.02481	0.00654	0.00986	0.01185	0.04155	0.09268	0.71943	0.03590	0.00576	0.00159	0.00246	0.00933	0.00401	0.00375

[dist]
# distance from previous block
# <min> <max>
0	2

[block]
# block no. 3 follows, 59 sequences, length 33
# corresponding to MSA columns:
# 1066-1098
name=unknown_D
#
# <colnr> <probs for GDERKNQSTAVLIFYWHMCP>
#	G	D	E	R	K	N	Q	S	T	A	V	L	I	F	Y	W	H	M	C	P
0	0.01452	0.01247	0.01190	0.00988	0.01284	0.12567	0.00788	0.39473	0.32196	0.02188	0.01291	0.01249	0.00955	0.00546	0.00439	0.00137	0.00477	0.00421	0.00415	0.00698
1	0.00603	0.00448	0.00557	0.00611	0.00691	0.00420	0.00447	0.03142	0.00970	0.01264	0.08810	0.44780	0.20310	0.02935	0.00588	0.00177	0.00277	0.12171	0.00413	0.00383
2	0.03631	0.21625	0.59090	0.01107	0.01671	0.01184	0.01366	0.01364	0.00914	0.01324	0.00753	0.00890	0.00570	0.00472	0.02164	0.00141	0.00612	0.00306	0.00191	0.00621
3	0.01335	0.01101	0.01154	0.01015	0.04475	0.04651	0.00777	0.33330	0.40305	0.02152	0.01502	0.01437	0.03593	0.00574	0.00446	0.00141	0.00426	0.00459	0.00426	0.00702
4	0.00582	0.00450	0.00532	0.00519	0.00640	0.00400	0.00391	0.00747	0.01132	0.01500	0.44862	0.05358	0.36931	0.01013	0.00525	0.00146	0.00222	0.03204	0.00450	0.00397
5	0.00631	0.00494	0.03068	0.00616	0.00676	0.00444	0.00455	0.00722	0.00815	0.01074	0.02059	0.24639	0.07112	0.35504	0.01261	0.00284	0.00372	0.19087	0.00344	0.00342
6	0.00846	0.00761	0.02279	0.02360	0.07524	0.00715	0.24058	0.04381	0.00984	0.03964	0.02637	0.32819	0.05095	0.07069	0.00652	0.00180	0.00458	0.02402	0.00330	0.00486
7	0.01369	0.41500	0.03325	0.00903	0.01228	0.22773	0.00795	0.15125	0.03598	0.01405	0.00778	0.00859	0.00643	0.00437	0.00349	0.00109	0.00550	0.00293	0.03377	0.00584
8	0.02164	0.07656	0.43161	0.01003	0.01446	0.03012	0.02873	0.01268	0.01004	0.05252	0.12717	0.03739	0.05018	0.00584	0.00440	0.00138	0.00511	0.04258	0.00279	0.03478
9	0.00928	0.14080	0.70764	0.01187	0.01800	0.01129	0.01506	0.01388	0.00927	0.01347	0.00767	0.00900	0.00561	0.00414	0.00400	0.00133	0.00627	0.00313	0.00187	0.00640
10	0.85445	0.00890	0.02674	0.00598	0.00880	0.00992	0.00507	0.01301	0.00756	0.01967	0.00619	0.00723	0.00480	0.00410	0.00277	0.00137	0.00349	0.00241	0.00271	0.00483
11	0.00993	0.00910	0.01511	0.12942	0.57726	0.00933	0.01177	0.01242	0.00978	0.01397	0.01065	0.04363	0.02931	0.00485	0.00439	0.00135	0.00487	0.02417	0.07250	0.00621
12	0.01042	0.01191	0.02606	0.01862	0.02308	0.01117	0.80119	0.01415	0.01042	0.01415	0.00894	0.01191	0.00670	0.00372	0.00521	0.00149	0.00745	0.00521	0.00223	0.00596
13	0.00541	0.00386	0.00515	0.00613	0.00641	0.00360	0.00410	0.00621	0.00857	0.01146	0.04680	0.81892	0.02957	0.01370	0.00563	0.00178	0.00255	0.01243	0.00412	0.00360
14	0.00629	0.00458	0.00612	0.00702	0.00783	0.00441	0.00563	0.00778	0.00956	0.01239	0.02615	0.32636	0.11647	0.01266	0.00584	0.00189	0.00333	0.42775	0.00408	0.00386
15	0.00873	0.00467	0.00473	0.00455	0.00574	0.00477	0.00345	0.05029	0.03064	0.01709	0.01431	0.01617	0.01119	0.00518	0.00319	0.00106	0.00224	0.00413	0.80352	0.00436
16	0.00886	0.02285	0.82190	0.01259	0.01912	0.01026	0.01632	0.01399	0.00932	0.01399	0.00793	0.00932	0.00559	0.00420	0.00420	0.00140	0.00653	0.00326	0.00186	0.00653
17	0.05798	0.00953	0.01129	0.00870	0.01213	0.00956	0.00718	0.33709	0.01569	0.46286	0.01415	0.01288	0.00927	0.00534	0.00435	0.00135	0.00419	0.00416	0.00492	0.00739
18	0.00559	0.00411	0.00524	0.00577	0.00640	0.00376	0.00402	0.00675	0.00974	0.01306	0.23597	0.52066	0.13824	0.01221	0.00547	0.00165	0.00239	0.01091	0.00430	0.00376
19	0.00647	0.00493	0.00725	0.00716	0.00786	0.00581	0.00553	0.00792	0.00704	0.01016	0.01169	0.01773	0.01112	0.08351	0.73884	0.00668	0.04924	0.00480	0.00237	0.00390
20	0.00537	0.00387	0.00510	0.00608	0.00639	0.00359	0.00407	0.00616	0.00852	0.01130	0.02518	0.80926	0.06131	0.01373	0.00562	0.00178	0.00255	0.01242	0.00410	0.00359
21	0.00632	0.00468	0.00683	0.00683	0.00752	0.00537	0.00518	0.00771	0.00702	0.01005	0.01208	0.01872	0.01164	0.12935	0.73187	0.00676	0.01094	0.00493	0.00240	0.00379
22	0.84728	0.00851	0.00662	0.00588	0.00863	0.00979	0.00484	0.01327	0.00769	0.04665	0.00653	0.00744	0.00499	0.00415	0.00279	0.00137	0.00343	0.00246	0.00282	0.00487
23	0.00758	0.00519	0.00647	0.00607	0.00739	0.00494	0.00459	0.02949	0.06723	0.07086	0.51789	0.11916	0.10502	0.00925	0.00515	0.00146	0.00246	0.02051	0.00470	0.00457
24	0.00681	0.00498	0.00669	0.00754	0.00863	0.00486	0.00650	0.00869	0.01015	0.01301	0.02687	0.04863	0.15423	0.01204	0.00596	0.00195	0.00377	0.66063	0.00407	0.00401
25	0.00538	0.00384	0.00512	0.00615	0.00641	0.00359	0.00410	0.00615	0.00846	0.01127	0.02434	0.84190	0.02921	0.01384	0.00564	0.00179	0.00256	0.01256	0.00410	0.00359
26	0.00543	0.00393	0.00505	0.00592	0.00627	0.00364	0.00395	0.00618	0.00847	0.01116	0.02546	0.72264	0.09632	0.06492	0.00664	0.00192	0.00264	0.01190	0.00401	0.00354
27	0.00591	0.00479	0.02609	0.00604	0.00693	0.00418	0.00451	0.00745	0.02415	0.01325	0.22726	0.39952	0.15406	0.03666	0.00594	0.00172	0.00266	0.06079	0.00420	0.00390
28	0.00627	0.00444	0.00556	0.00559	0.00653	0.00414	0.00413	0.00815	0.02325	0.01562	0.47014	0.19360	0.10839	0.00990	0.00512	0.00147	0.00228	0.03708	0.08428	0.00405
29	0.01156	0.77784	0.09056	0.00798	0.01199	0.01687	0.00830	0.01329	0.00900	0.01069	0.00629	0.00727	0.00566	0.00381	0.00295	0.00098	0.00488	0.00244	0.00189	0.00574
30	0.02896	0.00521	0.00657	0.02733	0.00797	0.00542	0.00491	0.00955	0.05590	0.07441	0.02039	0.25378	0.11460	0.09377	0.16058	0.00287	0.03271	0.02786	0.06297	0.00424
31	0.00840	0.00782	0.01145	0.01001	0.01047	0.01020	0.04556	0.00962	0.00702	0.01052	0.00845	0.01363	0.00826	0.07793	0.27071	0.00371	0.47526	0.00439	0.00214	0.00444
32	0.00599	0.00483	0.00544	0.00533	0.00617	0.00475	0.00378	0.00677	0.00867	0.01094	0.04999	0.08859	0.44145	0.25277	0.01106	0.00236	0.07588	0.00819	0.00352	0.00352

[dist]
# distance from previous block
# <min> <max>
0	2

[block]
# block no. 4 follows, 59 sequences, length 18
# corresponding to MSA columns:
# 1101-1118
name=unknown_E
#
# <colnr> <probs for GDERKNQSTAVLIFYWHMCP>
#	G	D	E	R	K	N	Q	S	T	A	V	L	I	F	Y	W	H	M	C	P
0	0.00996	0.11068	0.23015	0.00844	0.01266	0.04171	0.00859	0.04733	0.01003	0.03916	0.01168	0.01247	0.08293	0.00458	0.00377	0.00105	0.00447	0.00355	0.02153	0.33525
1	0.82469	0.00877	0.00690	0.00607	0.00885	0.01013	0.00500	0.06011	0.00831	0.02029	0.00642	0.00738	0.00495	0.00417	0.00283	0.00136	0.00350	0.00249	0.00283	0.00495
2	0.00943	0.09416	0.01060	0.07245	0.01147	0.03814	0.03503	0.02139	0.02717	0.05773	0.08275	0.04236	0.10687	0.00658	0.02565	0.00131	0.02888	0.01639	0.05355	0.25809
3	0.00639	0.00463	0.00555	0.00531	0.00662	0.00412	0.00405	0.00808	0.01147	0.04527	0.45415	0.03667	0.34283	0.00986	0.00522	0.00145	0.00228	0.03738	0.00456	0.00412
4	0.00834	0.00785	0.01325	0.83417	0.03042	0.00981	0.01227	0.01128	0.00883	0.01128	0.00785	0.01178	0.00589	0.00442	0.00442	0.00147	0.00589	0.00393	0.00196	0.00491
5	0.00886	0.02285	0.82190	0.01259	0.01912	0.01026	0.01632	0.01399	0.00932	0.01399	0.00793	0.00932	0.00559	0.00420	0.00420	0.00140	0.00653	0.00326	0.00186	0.00653
6	0.00862	0.00814	0.01376	0.74591	0.11646	0.00989	0.01241	0.01153	0.00897	0.01163	0.00790	0.01168	0.00601	0.00436	0.00441	0.00145	0.00582	0.00393	0.00199	0.00513
7	0.00544	0.00393	0.00517	0.00613	0.00649	0.00365	0.00418	0.00628	0.00862	0.01139	0.02547	0.76497	0.07384	0.01362	0.00563	0.00179	0.00260	0.04309	0.00410	0.00361
8	0.00559	0.00403	0.00532	0.00611	0.00656	0.00375	0.00424	0.00663	0.00919	0.01233	0.13986	0.65531	0.05825	0.01296	0.00558	0.00174	0.00256	0.05208	0.00421	0.00370
9	0.00615	0.00453	0.00576	0.00549	0.00659	0.00414	0.00415	0.00811	0.01213	0.01685	0.69430	0.03469	0.13928	0.00939	0.00524	0.00142	0.00216	0.03079	0.00474	0.00411
10	0.05664	0.01058	0.01195	0.00920	0.01265	0.01112	0.00760	0.50596	0.01745	0.29216	0.01268	0.01193	0.00853	0.00530	0.00435	0.00134	0.00443	0.00406	0.00469	0.00739
11	0.00661	0.00508	0.00726	0.00710	0.00769	0.00599	0.00540	0.00788	0.00696	0.01000	0.01166	0.01862	0.01143	0.16574	0.62469	0.00619	0.08056	0.00494	0.00238	0.00381
12	0.00819	0.00670	0.00818	0.00774	0.00883	0.05840	0.00605	0.08385	0.00887	0.01229	0.01167	0.04893	0.01081	0.02518	0.58024	0.00539	0.05769	0.00478	0.04179	0.00440
13	0.00834	0.00785	0.01325	0.83417	0.03042	0.00981	0.01227	0.01128	0.00883	0.01128	0.00785	0.01178	0.00589	0.00442	0.00442	0.00147	0.00589	0.00393	0.00196	0.00491
14	0.00631	0.00473	0.00710	0.00710	0.00789	0.00552	0.00552	0.00789	0.00710	0.01025	0.01183	0.01735	0.01104	0.03312	0.82728	0.00710	0.01183	0.00473	0.00237	0.00394
15	0.01555	0.01430	0.01294	0.01145	0.06122	0.26354	0.00864	0.36317	0.07703	0.05619	0.00985	0.01040	0.00742	0.00522	0.00498	0.00132	0.06302	0.00372	0.00351	0.00652
16	0.09533	0.00781	0.00891	0.00745	0.01018	0.00781	0.00593	0.05556	0.22245	0.26863	0.07903	0.04324	0.07781	0.00626	0.00434	0.00136	0.00338	0.00512	0.00444	0.08495
17	0.04471	0.01156	0.04698	0.04647	0.01755	0.06626	0.35066	0.10854	0.09153	0.08591	0.01114	0.05131	0.00869	0.00487	0.00469	0.00142	0.00585	0.00485	0.00310	0.03391

[dist]
# distance from previous block
# <min> <max>
0	22

[block]
# block no. 5 follows, 59 sequences, length 12
# corresponding to MSA columns:
# 1141-1152
name=unknown_F
#
# <colnr> <probs for GDERKNQSTAVLIFYWHMCP>
#	G	D	E	R	K	N	Q	S	T	A	V	L	I	F	Y	W	H	M	C	P
0	0.05722	0.06264	0.06207	0.00946	0.01274	0.04399	0.00811	0.42903	0.17806	0.02234	0.06081	0.01261	0.01039	0.00542	0.00427	0.00134	0.00455	0.00416	0.00398	0.00680
1	0.03048	0.01355	0.01182	0.11394	0.03872	0.32404	0.02325	0.15112	0.06092	0.01509	0.01152	0.01421	0.04854	0.00557	0.00453	0.00133	0.02403	0.05206	0.03138	0.02389
2	0.00594	0.00441	0.00509	0.00516	0.00619	0.00392	0.00369	0.00710	0.00997	0.03092	0.21116	0.19726	0.38112	0.09943	0.00711	0.00182	0.00252	0.00925	0.00415	0.00377
3	0.01167	0.79274	0.02252	0.00782	0.01135	0.01722	0.00769	0.01306	0.00883	0.01041	0.00612	0.00725	0.00568	0.00404	0.00360	0.00101	0.05905	0.00246	0.00189	0.00561
4	0.01091	0.53288	0.18809	0.01008	0.01427	0.01504	0.09813	0.01333	0.00907	0.01157	0.00680	0.00824	0.00578	0.00410	0.00409	0.00116	0.05576	0.00296	0.00193	0.00583
5	0.00605	0.00451	0.00563	0.00535	0.00648	0.00408	0.00401	0.00795	0.01204	0.01660	0.66736	0.03481	0.18991	0.00944	0.00521	0.00141	0.00211	0.00824	0.00472	0.00408
6	0.00812	0.00413	0.00416	0.00416	0.00513	0.00413	0.00306	0.01006	0.00909	0.01599	0.01438	0.01722	0.01161	0.05615	0.00427	0.00123	0.00219	0.00426	0.81666	0.00403
7	0.00945	0.00879	0.01500	0.08485	0.41848	0.00888	0.09824	0.01221	0.03311	0.01381	0.03335	0.08017	0.01270	0.02217	0.00521	0.00156	0.00500	0.12845	0.00276	0.00584
8	0.00546	0.00388	0.00510	0.00605	0.00629	0.00364	0.00400	0.00617	0.00831	0.01108	0.02358	0.78275	0.02825	0.07429	0.00686	0.00197	0.00269	0.01211	0.00400	0.00352
9	0.00576	0.00404	0.00508	0.00583	0.00631	0.00379	0.00402	0.00668	0.00864	0.01163	0.02500	0.58085	0.11364	0.07801	0.00676	0.00191	0.00272	0.05881	0.06693	0.00360
10	0.00827	0.00727	0.01186	0.69597	0.02638	0.00891	0.01091	0.01107	0.00894	0.01200	0.00934	0.01404	0.00742	0.00485	0.00433	0.00144	0.00534	0.03882	0.10805	0.00477
11	0.01447	0.15125	0.03202	0.00891	0.01216	0.01284	0.00764	0.53553	0.01677	0.02273	0.01034	0.01115	0.00783	0.02540	0.00442	0.00130	0.00452	0.00377	0.11030	0.00664

[dist]
# distance from previous block
# <min> <max>
1	26

[block]
# block no. 6 follows, 59 sequences, length 15
# corresponding to MSA columns:
# 1179-1193
name=unknown_G
#
# <colnr> <probs for GDERKNQSTAVLIFYWHMCP>
#	G	D	E	R	K	N	Q	S	T	A	V	L	I	F	Y	W	H	M	C	P
0	0.01065	0.05668	0.01570	0.08629	0.53163	0.01018	0.01137	0.01401	0.09021	0.04185	0.01050	0.05874	0.00912	0.02831	0.00488	0.00143	0.00486	0.00452	0.00262	0.00646
1	0.03902	0.00885	0.01321	0.38379	0.16823	0.00998	0.02501	0.09375	0.09278	0.05892	0.05514	0.01321	0.00930	0.00487	0.00442	0.00142	0.00504	0.00427	0.00290	0.00588
2	0.06001	0.00699	0.00810	0.00632	0.00934	0.00579	0.00499	0.01124	0.03218	0.06174	0.15666	0.03875	0.06471	0.00535	0.00388	0.00098	0.00302	0.00444	0.00338	0.51215
3	0.03724	0.00924	0.01167	0.00998	0.05931	0.03463	0.07108	0.19140	0.06214	0.17191	0.04323	0.08196	0.01149	0.02395	0.01806	0.00144	0.00440	0.00485	0.00383	0.14822
4	0.08954	0.09755	0.02927	0.03711	0.05178	0.48157	0.05503	0.05702	0.03836	0.01313	0.00752	0.00875	0.00609	0.00444	0.00391	0.00120	0.00670	0.00312	0.00244	0.00549
5	0.00631	0.00473	0.00710	0.00710	0.00789	0.00552	0.00552	0.00789	0.00710	0.01025	0.01183	0.01735	0.01104	0.03312	0.82728	0.00710	0.01183	0.00473	0.00237	0.00394
6	0.00916	0.00785	0.00916	0.00654	0.01047	0.00589	0.00523	0.01112	0.00916	0.01439	0.00785	0.00916	0.00654	0.00327	0.00327	0.00065	0.00327	0.00262	0.00262	0.87178
7	0.00860	0.01866	0.60216	0.01209	0.01750	0.00936	0.09948	0.01308	0.00996	0.01461	0.13996	0.01347	0.01161	0.00493	0.00447	0.00141	0.00590	0.00425	0.00239	0.00608
8	0.01280	0.33496	0.23737	0.00955	0.01383	0.07508	0.00993	0.11657	0.01137	0.10719	0.02735	0.00974	0.00733	0.00446	0.00374	0.00119	0.00531	0.00322	0.00272	0.00628
9	0.00628	0.00461	0.00662	0.00668	0.00731	0.00522	0.00498	0.00756	0.00706	0.01003	0.01284	0.06372	0.01283	0.16333	0.65280	0.00636	0.01011	0.00543	0.00251	0.00372
10	0.00642	0.00428	0.00482	0.00482	0.00482	0.00428	0.00268	0.00642	0.00642	0.00856	0.01392	0.02890	0.01606	0.84478	0.02248	0.00428	0.00428	0.00642	0.00268	0.00268
11	0.04593	0.01063	0.01423	0.17159	0.24004	0.05112	0.03931	0.25248	0.01326	0.07226	0.00977	0.01177	0.00744	0.00473	0.00435	0.00136	0.00521	0.01667	0.02139	0.00647
12	0.00845	0.00807	0.01395	0.78971	0.03002	0.00989	0.05527	0.01144	0.00892	0.01144	0.00791	0.01178	0.00593	0.00438	0.00446	0.00147	0.00597	0.00400	0.00198	0.00496
13	0.00597	0.00458	0.00525	0.00508	0.00618	0.00417	0.00367	0.00759	0.03011	0.01392	0.35376	0.03584	0.35416	0.14115	0.00791	0.00189	0.00253	0.00821	0.00420	0.00382
14	0.00983	0.00901	0.02519	0.05562	0.05793	0.04607	0.07053	0.03044	0.04958	0.03217	0.02192	0.01269	0.02907	0.06272	0.00514	0.00120	0.00423	0.00370	0.00277	0.47019

[dist]
# distance from previous block
# <min> <max>
0	1

[block]
# block no. 7 follows, 59 sequences, length 26
# corresponding to MSA columns:
# 1195-1220
name=unknown_H
#
# <colnr> <probs for GDERKNQSTAVLIFYWHMCP>
#	G	D	E	R	K	N	Q	S	T	A	V	L	I	F	Y	W	H	M	C	P
0	0.00559	0.00423	0.00494	0.00525	0.00603	0.00382	0.00362	0.00655	0.00929	0.01197	0.13578	0.31832	0.31869	0.13592	0.00793	0.00200	0.00263	0.00984	0.00399	0.00358
1	0.01338	0.24136	0.02869	0.08513	0.08583	0.34305	0.00906	0.05971	0.01111	0.01222	0.00711	0.00861	0.00596	0.00436	0.00408	0.00115	0.03263	0.00300	0.00225	0.04131
2	0.02275	0.15583	0.28042	0.01192	0.10478	0.02909	0.03383	0.06459	0.04397	0.05335	0.02286	0.02344	0.00768	0.00491	0.01634	0.00133	0.01764	0.00359	0.00256	0.09911
3	0.01252	0.05804	0.04673	0.01130	0.09972	0.12906	0.01772	0.22659	0.18610	0.01776	0.03855	0.05269	0.02177	0.04591	0.00526	0.00149	0.00488	0.01418	0.00352	0.00622
4	0.00602	0.00424	0.00541	0.00573	0.00606	0.00428	0.00379	0.00671	0.00760	0.01031	0.05638	0.29277	0.03951	0.35277	0.17476	0.00382	0.00506	0.00824	0.00322	0.00332
5	0.00588	0.00458	0.00536	0.00534	0.00649	0.00415	0.00393	0.00775	0.04041	0.01441	0.35256	0.16184	0.35018	0.01053	0.00525	0.00150	0.00227	0.00912	0.00442	0.00401
6	0.01144	0.35259	0.32637	0.01050	0.01526	0.04795	0.04920	0.11329	0.01081	0.01416	0.00755	0.00865	0.00592	0.00416	0.00372	0.00120	0.00570	0.00307	0.00223	0.00622
7	0.05501	0.00662	0.00825	0.00943	0.09159	0.03977	0.00658	0.04719	0.00984	0.01354	0.05260	0.30327	0.05355	0.01100	0.03003	0.00187	0.05284	0.19892	0.00362	0.00449
8	0.00701	0.00494	0.00611	0.00572	0.00700	0.00460	0.00431	0.02859	0.03528	0.05107	0.56365	0.07892	0.16736	0.00933	0.00516	0.00143	0.00232	0.00813	0.00470	0.00437
9	0.00539	0.00440	0.00477	0.00486	0.00612	0.00377	0.00357	0.00660	0.01020	0.01268	0.15330	0.14859	0.59792	0.01123	0.00527	0.00152	0.00226	0.00956	0.00421	0.00377
10	0.67308	0.04353	0.05387	0.00659	0.00967	0.00989	0.00582	0.02805	0.00853	0.11591	0.00769	0.00830	0.00566	0.00428	0.00306	0.00135	0.00371	0.00272	0.00301	0.00530
11	0.00918	0.00836	0.01344	0.49893	0.21550	0.00971	0.01143	0.01266	0.06922	0.01296	0.00917	0.01224	0.00713	0.00454	0.00452	0.00141	0.02253	0.00402	0.06754	0.00550
12	0.00538	0.00384	0.00512	0.00615	0.00641	0.00359	0.00410	0.00615	0.00846	0.01127	0.02434	0.84190	0.02921	0.01384	0.00564	0.00179	0.00256	0.01256	0.00410	0.00359
13	0.00854	0.00805	0.01360	0.77356	0.08950	0.00986	0.01236	0.01145	0.00892	0.01152	0.00788	0.01171	0.00597	0.00438	0.00441	0.00146	0.00584	0.00393	0.00198	0.00506
14	0.01367	0.01008	0.01077	0.00877	0.01150	0.01116	0.00702	0.48096	0.17770	0.02301	0.01314	0.03772	0.01028	0.05130	0.00529	0.00150	0.00414	0.00458	0.11077	0.00661
15	0.05810	0.61199	0.20614	0.00862	0.01298	0.01540	0.00942	0.01339	0.00898	0.01173	0.00655	0.00761	0.00560	0.00389	0.00314	0.00107	0.00507	0.00257	0.00193	0.00582
16	0.01109	0.64702	0.21728	0.00878	0.01323	0.01572	0.00969	0.01341	0.00906	0.01127	0.00657	0.00763	0.00565	0.00388	0.00317	0.00106	0.00516	0.00258	0.00188	0.00588
17	0.00537	0.00440	0.00474	0.00483	0.00610	0.00377	0.00356	0.00657	0.01017	0.01259	0.14082	0.14690	0.61233	0.01126	0.00527	0.00152	0.00226	0.00958	0.00420	0.00377
18	0.00631	0.00473	0.00710	0.00710	0.00789	0.00552	0.00552	0.00789	0.00710	0.01025	0.01183	0.01735	0.01104	0.03312	0.82728	0.00710	0.01183	0.00473	0.00237	0.00394
19	0.05813	0.01721	0.01244	0.01105	0.01287	0.55254	0.00857	0.04239	0.01119	0.02578	0.00686	0.00854	0.00582	0.00532	0.00642	0.00135	0.20289	0.00313	0.00235	0.00516
20	0.01046	0.01157	0.02462	0.01767	0.02194	0.01093	0.73350	0.04307	0.01091	0.01483	0.04775	0.01288	0.00841	0.00404	0.00518	0.00148	0.00709	0.00530	0.00244	0.00593
21	0.00833	0.00706	0.00922	0.05315	0.01106	0.02521	0.07592	0.08221	0.13467	0.01458	0.03660	0.26784	0.14155	0.00955	0.00519	0.00162	0.00377	0.10371	0.00388	0.00487
22	0.01265	0.00917	0.01206	0.04172	0.09521	0.02684	0.06713	0.22487	0.07231	0.14428	0.04370	0.15682	0.01325	0.00658	0.00465	0.00140	0.00434	0.00575	0.00392	0.05333
23	0.01322	0.00657	0.00893	0.00831	0.06982	0.00594	0.00602	0.03450	0.01231	0.39904	0.27681	0.04056	0.08450	0.00713	0.00477	0.00139	0.00321	0.00610	0.00486	0.00601
24	0.00635	0.00455	0.00618	0.00627	0.00676	0.00497	0.00450	0.00734	0.00705	0.00982	0.01365	0.05611	0.01430	0.32886	0.45995	0.00561	0.00832	0.04330	0.00263	0.00347
25	0.00966	0.00814	0.00983	0.00728	0.01088	0.00680	0.02177	0.01237	0.06792	0.03795	0.00878	0.00995	0.00714	0.00379	0.00404	0.00082	0.04869	0.00296	0.00279	0.71843

[dist]
# distance from previous block
# <min> <max>
0	2

[block]
# block no. 8 follows, 59 sequences, length 10
# corresponding to MSA columns:
# 1223-1232
name=unknown_I
#
# <colnr> <probs for GDERKNQSTAVLIFYWHMCP>
#	G	D	E	R	K	N	Q	S	T	A	V	L	I	F	Y	W	H	M	C	P
0	0.00909	0.00748	0.01032	0.03263	0.01072	0.03662	0.07921	0.03934	0.00918	0.07841	0.02937	0.23810	0.08514	0.07143	0.03734	0.00205	0.20860	0.00710	0.00324	0.00464
1	0.01029	0.00816	0.00948	0.00695	0.01074	0.00662	0.00557	0.05290	0.05699	0.06310	0.00915	0.01001	0.00726	0.00366	0.00347	0.00078	0.00339	0.00293	0.00299	0.72555
2	0.00953	0.07453	0.52983	0.03856	0.08819	0.01059	0.10194	0.01391	0.02445	0.02879	0.00882	0.03546	0.00683	0.00445	0.00429	0.00139	0.00615	0.00384	0.00212	0.00633
3	0.00959	0.00966	0.01447	0.01208	0.01255	0.01294	0.08688	0.01085	0.00714	0.01096	0.00637	0.01022	0.00612	0.00847	0.04973	0.00212	0.71893	0.00404	0.00198	0.00490
4	0.00929	0.00897	0.01568	0.57929	0.07052	0.01042	0.14527	0.04926	0.00965	0.01269	0.00810	0.01161	0.00616	0.00445	0.00497	0.00148	0.04060	0.00414	0.00214	0.00532
5	0.01534	0.01053	0.01157	0.00913	0.01230	0.01137	0.00744	0.50358	0.13030	0.12424	0.03544	0.01291	0.00994	0.00546	0.00434	0.00132	0.00424	0.00426	0.05314	0.03315
6	0.05876	0.00839	0.00882	0.00780	0.01021	0.00916	0.00613	0.09862	0.43935	0.01798	0.06169	0.02126	0.15688	0.00691	0.00453	0.00144	0.00334	0.02420	0.00423	0.05031
7	0.01982	0.00752	0.01025	0.00786	0.01127	0.00649	0.00649	0.02152	0.01264	0.82029	0.01742	0.01503	0.01093	0.00547	0.00444	0.00137	0.00376	0.00444	0.00547	0.00752
8	0.00603	0.00430	0.00551	0.00620	0.00663	0.00414	0.00419	0.04288	0.00907	0.01216	0.06355	0.69873	0.02783	0.07797	0.00687	0.00195	0.00278	0.01145	0.00404	0.00373
9	0.05464	0.00863	0.01064	0.00822	0.01156	0.00831	0.00678	0.21018	0.01429	0.57035	0.01521	0.01367	0.00986	0.00536	0.00432	0.00135	0.00396	0.00423	0.03114	0.00730

[dist]
# distance from previous block
# <min> <max>
0	1

[block]
# block no. 9 follows, 59 sequences, length 27
# corresponding to MSA columns:
# 1234-1260
name=unknown_J
#
# <colnr> <probs for GDERKNQSTAVLIFYWHMCP>
#	G	D	E	R	K	N	Q	S	T	A	V	L	I	F	Y	W	H	M	C	P
0	0.01419	0.01438	0.01286	0.01081	0.01353	0.32693	0.07602	0.13607	0.21461	0.05502	0.02623	0.01175	0.00898	0.00515	0.00464	0.00132	0.03156	0.00396	0.00336	0.02863
1	0.01042	0.01191	0.02606	0.01862	0.02308	0.01117	0.80119	0.01415	0.01042	0.01415	0.00894	0.01191	0.00670	0.00372	0.00521	0.00149	0.00745	0.00521	0.00223	0.00596
2	0.01932	0.00831	0.01074	0.00823	0.01167	0.00767	0.00680	0.14915	0.01397	0.69079	0.01631	0.01431	0.01037	0.00544	0.00444	0.00136	0.00394	0.00437	0.00530	0.00752
3	0.08449	0.00970	0.01126	0.00870	0.01211	0.00988	0.00718	0.35950	0.01577	0.41499	0.01360	0.01251	0.00898	0.00529	0.00430	0.00135	0.00421	0.00408	0.00480	0.00730
4	0.00723	0.00527	0.00716	0.00805	0.00915	0.00531	0.00698	0.00973	0.04779	0.01342	0.02388	0.04799	0.05258	0.01187	0.00599	0.00199	0.00398	0.72334	0.00409	0.00419
5	0.00538	0.00384	0.00512	0.00615	0.00641	0.00359	0.00410	0.00615	0.00846	0.01127	0.02434	0.84190	0.02921	0.01384	0.00564	0.00179	0.00256	0.01256	0.00410	0.00359
6	0.00669	0.00469	0.00618	0.00594	0.00665	0.00482	0.00428	0.00801	0.00919	0.03034	0.33512	0.02671	0.02466	0.25400	0.23119	0.00376	0.02399	0.00650	0.00352	0.00377
7	0.00644	0.00479	0.00565	0.00535	0.00669	0.00434	0.00404	0.00857	0.04388	0.03845	0.46807	0.03541	0.33279	0.00962	0.00516	0.00143	0.00225	0.00827	0.00458	0.00421
8	0.00803	0.00466	0.00488	0.00469	0.00602	0.00444	0.00356	0.03865	0.01014	0.04752	0.05124	0.04355	0.23861	0.00720	0.00392	0.00121	0.00229	0.00592	0.50920	0.00426
9	0.00538	0.00384	0.00512	0.00615	0.00641	0.00359	0.00410	0.00615	0.00846	0.01127	0.02434	0.84190	0.02921	0.01384	0.00564	0.00179	0.00256	0.01256	0.00410	0.00359
10	0.00922	0.00624	0.00731	0.00657	0.00768	0.00663	0.00470	0.18061	0.01010	0.04580	0.01329	0.04899	0.01325	0.40624	0.17663	0.00387	0.00574	0.00559	0.03726	0.00426
11	0.00642	0.00428	0.00482	0.00482	0.00482	0.00428	0.00268	0.00642	0.00642	0.00856	0.01392	0.02890	0.01606	0.84478	0.02248	0.00428	0.00428	0.00642	0.00268	0.00268
12	0.01371	0.03215	0.01483	0.04364	0.15435	0.04343	0.13158	0.20083	0.07288	0.16391	0.02348	0.01315	0.02490	0.00496	0.00445	0.00135	0.00498	0.00440	0.04039	0.00664
13	0.01010	0.00829	0.00953	0.00706	0.01080	0.00693	0.00565	0.06141	0.09561	0.03660	0.00935	0.01018	0.00746	0.00374	0.00350	0.00080	0.00341	0.00300	0.00300	0.70357
14	0.01373	0.08747	0.03467	0.01272	0.09554	0.17453	0.10861	0.20600	0.06667	0.06623	0.02335	0.01108	0.00797	0.00550	0.02266	0.00145	0.04849	0.00392	0.00311	0.00629
15	0.00706	0.00576	0.00653	0.00630	0.00783	0.00585	0.00486	0.01125	0.20643	0.01457	0.18223	0.04568	0.33005	0.01168	0.08286	0.00204	0.00354	0.05664	0.00418	0.00465
16	0.00546	0.00390	0.00522	0.00624	0.00654	0.00366	0.00424	0.00629	0.00854	0.01137	0.02430	0.80460	0.02903	0.01376	0.00566	0.00180	0.00263	0.04905	0.00410	0.00361
17	0.00970	0.00984	0.01292	0.01119	0.01161	0.06747	0.03517	0.01085	0.00757	0.01092	0.00829	0.03064	0.02331	0.00884	0.04562	0.00207	0.64203	0.04500	0.00218	0.00476
18	0.02922	0.01459	0.02855	0.01031	0.01295	0.32274	0.03408	0.19532	0.20418	0.02764	0.01092	0.01196	0.00860	0.04929	0.00538	0.00147	0.01948	0.00392	0.00335	0.00606
