[name]
unknown

[dist]
# distance from previous block
# <min> <max>
47	775

[block]
# block no. 0 follows, 55 sequences, length 50
# corresponding to MSA columns:
# 892-941
name=unknown_A
#
# <colnr> <probs for GDERKNQSTAVLIFYWHMCP>
#	G	D	E	R	K	N	Q	S	T	A	V	L	I	F	Y	W	H	M	C	P
0	0.03257	0.05760	0.06871	0.01610	0.29363	0.03688	0.01035	0.17344	0.07497	0.04560	0.04645	0.06167	0.02870	0.00570	0.00458	0.00140	0.00492	0.00486	0.00337	0.02851
1	0.15693	0.06808	0.07383	0.03188	0.09487	0.01954	0.01998	0.13523	0.07023	0.05522	0.10962	0.05135	0.03588	0.00597	0.00435	0.00140	0.00434	0.00484	0.00357	0.05288
2	0.03647	0.22111	0.16861	0.01265	0.13611	0.05645	0.01045	0.16319	0.02788	0.01690	0.04854	0.01173	0.02578	0.00491	0.00412	0.00128	0.00532	0.00379	0.00288	0.04184
3	0.03703	0.11657	0.13140	0.01246	0.12500	0.07809	0.00993	0.17641	0.08448	0.04353	0.02264	0.01210	0.03102	0.00507	0.00442	0.00131	0.01775	0.00392	0.00319	0.08368
4	0.03570	0.15259	0.29788	0.01168	0.05813	0.01207	0.04331	0.15543	0.05392	0.02991	0.02362	0.01308	0.06251	0.00520	0.00432	0.00137	0.00544	0.00413	0.00295	0.02679
5	0.06089	0.20543	0.32337	0.01094	0.01579	0.05223	0.04348	0.15276	0.01203	0.02952	0.00866	0.00975	0.00656	0.00455	0.00403	0.00131	0.00581	0.00340	0.02730	0.02218
6	0.04610	0.01119	0.16716	0.00957	0.01256	0.00888	0.04051	0.18941	0.06678	0.05759	0.03707	0.29938	0.01690	0.00854	0.00505	0.00161	0.00443	0.00739	0.00391	0.00595
7	0.01172	0.08769	0.12952	0.00873	0.01256	0.00933	0.00808	0.12296	0.01156	0.09377	0.02116	0.06785	0.00960	0.02624	0.00503	0.00125	0.03818	0.00417	0.00324	0.32735
8	0.00903	0.08531	0.06900	0.00679	0.00828	0.00717	0.00537	0.05295	0.00863	0.06177	0.01309	0.02297	0.01343	0.48976	0.10977	0.00386	0.00564	0.00556	0.00293	0.01868
9	0.01254	0.48916	0.10622	0.00898	0.01270	0.09738	0.00869	0.04390	0.03654	0.05081	0.00971	0.08638	0.00891	0.00533	0.00375	0.00121	0.00523	0.00391	0.00262	0.00602
10	0.01062	0.01044	0.10618	0.00912	0.01220	0.00898	0.00812	0.04526	0.06440	0.07193	0.05714	0.04947	0.01074	0.00586	0.00650	0.00131	0.17692	0.00429	0.00315	0.33738
11	0.13414	0.01381	0.17974	0.00995	0.01367	0.07932	0.00928	0.06897	0.31548	0.10852	0.01339	0.01306	0.00975	0.00539	0.00435	0.00148	0.00487	0.00416	0.00380	0.00686
12	0.01264	0.01565	0.15635	0.01553	0.21544	0.22822	0.04305	0.04806	0.07039	0.02668	0.01098	0.01235	0.03397	0.00493	0.00442	0.00134	0.00607	0.00402	0.06186	0.02806
13	0.00635	0.00450	0.00571	0.00617	0.00690	0.00412	0.00430	0.00746	0.00982	0.03019	0.15407	0.49261	0.12477	0.07018	0.00697	0.00193	0.00279	0.03038	0.00433	0.02646
14	0.01261	0.81203	0.02403	0.00805	0.01202	0.01828	0.00799	0.03961	0.00986	0.01155	0.00662	0.00759	0.00603	0.00403	0.00304	0.00101	0.00498	0.00254	0.00208	0.00603
15	0.01151	0.01105	0.01888	0.02855	0.80748	0.01105	0.01428	0.01428	0.01059	0.01520	0.00875	0.01151	0.00737	0.00415	0.00461	0.00138	0.00553	0.00415	0.00230	0.00737
16	0.00940	0.04148	0.79557	0.01315	0.01996	0.01097	0.01699	0.01472	0.00981	0.01465	0.00831	0.00977	0.00589	0.00441	0.00439	0.00146	0.00683	0.00342	0.00196	0.00686
17	0.01031	0.02241	0.72735	0.01276	0.01926	0.01051	0.01610	0.01563	0.03075	0.07848	0.00943	0.01050	0.00656	0.00458	0.00445	0.00147	0.00656	0.00358	0.00234	0.00697
18	0.00948	0.02303	0.74190	0.01383	0.02051	0.01089	0.08665	0.01475	0.00993	0.01475	0.00844	0.01007	0.00600	0.00438	0.00452	0.00148	0.00696	0.00362	0.00200	0.00682
19	0.01102	0.01245	0.02686	0.02022	0.07820	0.01172	0.73717	0.01486	0.01095	0.01492	0.00937	0.01248	0.00708	0.00394	0.00543	0.00156	0.00768	0.00540	0.00235	0.00635
20	0.01123	0.01052	0.01668	0.27474	0.47387	0.02710	0.01319	0.07021	0.02969	0.01521	0.00899	0.01184	0.00718	0.00447	0.00462	0.00144	0.00572	0.00415	0.00246	0.00668
21	0.00939	0.00902	0.01570	0.63789	0.15997	0.01055	0.06666	0.01249	0.00963	0.01264	0.00843	0.01227	0.00645	0.00452	0.00470	0.00152	0.00620	0.00423	0.00213	0.00561
22	0.00567	0.00405	0.00540	0.00648	0.00675	0.00378	0.00432	0.00648	0.00891	0.01188	0.02564	0.83347	0.03077	0.01457	0.00594	0.00189	0.00270	0.01323	0.00432	0.00378
23	0.00933	0.02406	0.81240	0.01326	0.02014	0.01080	0.01719	0.01473	0.00982	0.01473	0.00835	0.00982	0.00589	0.00442	0.00442	0.00147	0.00688	0.00344	0.00196	0.00688
24	0.00927	0.00831	0.04710	0.01145	0.01389	0.00732	0.26649	0.01185	0.03619	0.08874	0.01859	0.39846	0.01937	0.00945	0.00558	0.00172	0.00478	0.03246	0.00372	0.00526
25	0.00933	0.02406	0.81240	0.01326	0.02014	0.01080	0.01719	0.01473	0.00982	0.01473	0.00835	0.00982	0.00589	0.00442	0.00442	0.00147	0.00688	0.00344	0.00196	0.00688
26	0.00750	0.00535	0.00750	0.00857	0.00964	0.00535	0.00750	0.00964	0.01071	0.01392	0.02463	0.05248	0.02677	0.01285	0.00643	0.00214	0.00428	0.77617	0.00428	0.00428
27	0.00944	0.01028	0.01801	0.04752	0.01767	0.06444	0.42894	0.01221	0.01097	0.01387	0.04351	0.04091	0.24744	0.00676	0.00538	0.00155	0.00589	0.00681	0.00306	0.00536
28	0.01133	0.01086	0.01854	0.08338	0.75413	0.01100	0.01418	0.01411	0.01050	0.01497	0.00872	0.01158	0.00729	0.00418	0.00461	0.00139	0.00557	0.00414	0.00229	0.00722
29	0.00879	0.00827	0.01395	0.82532	0.03204	0.01034	0.01292	0.01189	0.00930	0.01189	0.00827	0.01240	0.00620	0.00465	0.00465	0.00155	0.00620	0.00413	0.00207	0.00517
30	0.00898	0.00846	0.01430	0.76978	0.08609	0.01039	0.01301	0.01205	0.00939	0.01212	0.00830	0.01234	0.00628	0.00462	0.00465	0.00154	0.00615	0.00414	0.00208	0.00532
31	0.00986	0.16283	0.67826	0.01236	0.01874	0.01210	0.01562	0.01460	0.00976	0.01409	0.00803	0.00942	0.00591	0.00435	0.00418	0.00139	0.00655	0.00328	0.00197	0.00672
32	0.00879	0.00827	0.01395	0.82532	0.03204	0.01034	0.01292	0.01189	0.00930	0.01189	0.00827	0.01240	0.00620	0.00465	0.00465	0.00155	0.00620	0.00413	0.00207	0.00517
33	0.00557	0.00472	0.00482	0.00479	0.00633	0.00396	0.00359	0.00682	0.01078	0.01299	0.09928	0.04408	0.75318	0.01163	0.00550	0.00156	0.00235	0.00972	0.00438	0.00396
34	0.00933	0.02406	0.81240	0.01326	0.02014	0.01080	0.01719	0.01473	0.00982	0.01473	0.00835	0.00982	0.00589	0.00442	0.00442	0.00147	0.00688	0.00344	0.00196	0.00688
35	0.00866	0.00809	0.01360	0.79120	0.03099	0.01006	0.01256	0.01166	0.00929	0.01189	0.00899	0.04662	0.00723	0.00506	0.00470	0.00156	0.00606	0.00451	0.00216	0.00511
36	0.00808	0.00404	0.00606	0.00606	0.00606	0.00404	0.00404	0.00606	0.00606	0.00808	0.00808	0.01414	0.00808	0.01616	0.01818	0.86465	0.00404	0.00404	0.00202	0.00202
37	0.00879	0.00827	0.01395	0.82532	0.03204	0.01034	0.01292	0.01189	0.00930	0.01189	0.00827	0.01240	0.00620	0.00465	0.00465	0.00155	0.00620	0.00413	0.00207	0.00517
38	0.02087	0.00792	0.01080	0.00828	0.01188	0.00684	0.00684	0.02267	0.01332	0.81071	0.01835	0.01583	0.01152	0.00576	0.00468	0.00144	0.00396	0.00468	0.00576	0.00792
39	0.00933	0.02406	0.81240	0.01326	0.02014	0.01080	0.01719	0.01473	0.00982	0.01473	0.00835	0.00982	0.00589	0.00442	0.00442	0.00147	0.00688	0.00344	0.00196	0.00688
40	0.00879	0.00827	0.01395	0.82532	0.03204	0.01034	0.01292	0.01189	0.00930	0.01189	0.00827	0.01240	0.00620	0.00465	0.00465	0.00155	0.00620	0.00413	0.00207	0.00517
41	0.01151	0.01105	0.01888	0.02855	0.80748	0.01105	0.01428	0.01428	0.01059	0.01520	0.00875	0.01151	0.00737	0.00415	0.00461	0.00138	0.00553	0.00415	0.00230	0.00737
42	0.01007	0.00954	0.01639	0.23955	0.45110	0.01002	0.05680	0.01279	0.01012	0.01395	0.01080	0.08603	0.00990	0.00555	0.00486	0.00151	0.00554	0.03671	0.00250	0.00627
43	0.01198	0.06088	0.04264	0.03988	0.67056	0.03031	0.01353	0.01468	0.01065	0.04793	0.00896	0.01134	0.00736	0.00424	0.00450	0.00136	0.00555	0.00402	0.00242	0.00721
44	0.00973	0.04521	0.67680	0.01280	0.01897	0.03528	0.03386	0.01519	0.05694	0.01473	0.00941	0.03383	0.00713	0.00481	0.00446	0.00147	0.00658	0.00383	0.00222	0.00673
45	0.03407	0.02640	0.04384	0.00958	0.05689	0.00648	0.07779	0.01007	0.06515	0.01370	0.05261	0.45831	0.04821	0.01099	0.00551	0.00175	0.00375	0.06627	0.00388	0.00476
46	0.01097	0.07116	0.61875	0.01275	0.01892	0.01101	0.06099	0.03372	0.01050	0.09494	0.00937	0.01048	0.00658	0.00453	0.00443	0.00144	0.00648	0.00364	0.00243	0.00691
47	0.05104	0.01063	0.06720	0.00938	0.01269	0.06421	0.05751	0.16059	0.01371	0.30480	0.03997	0.05173	0.11099	0.00671	0.00480	0.00147	0.00462	0.01688	0.00444	0.00662
48	0.04921	0.01011	0.01255	0.01236	0.13449	0.07447	0.06249	0.03346	0.20727	0.19448	0.10887	0.01660	0.01428	0.01843	0.00498	0.00148	0.00455	0.00499	0.00412	0.03082
49	0.01095	0.01040	0.01755	0.05287	0.65380	0.01030	0.03700	0.01368	0.01069	0.01532	0.06476	0.01310	0.00986	0.00449	0.00463	0.00136	0.00527	0.00441	0.00252	0.05705

[dist]
# distance from previous block
# <min> <max>
4	17

[block]
# block no. 1 follows, 55 sequences, length 16
# corresponding to MSA columns:
# 959-974
name=unknown_B
#
# <colnr> <probs for GDERKNQSTAVLIFYWHMCP>
#	G	D	E	R	K	N	Q	S	T	A	V	L	I	F	Y	W	H	M	C	P
0	0.01329	0.00989	0.01081	0.00865	0.01200	0.03479	0.00691	0.16628	0.23976	0.12258	0.05308	0.01418	0.01162	0.00533	0.00433	0.00123	0.00399	0.00429	0.00419	0.27282
1	0.06474	0.00823	0.01025	0.00865	0.01146	0.00810	0.02173	0.14753	0.05006	0.32576	0.03214	0.03949	0.02911	0.02191	0.00531	0.00164	0.00417	0.17196	0.00476	0.03300
2	0.01136	0.01089	0.01860	0.07489	0.76239	0.01101	0.01420	0.01414	0.01052	0.01501	0.00872	0.01157	0.00730	0.00417	0.00461	0.00139	0.00557	0.00414	0.00229	0.00724
3	0.01141	0.01090	0.01837	0.02734	0.76291	0.01078	0.01379	0.01413	0.01054	0.01520	0.00872	0.01141	0.00734	0.00411	0.00454	0.00134	0.00541	0.00407	0.00233	0.05536
4	0.00808	0.00404	0.00606	0.00606	0.00606	0.00404	0.00404	0.00606	0.00606	0.00808	0.00808	0.01414	0.00808	0.01616	0.01818	0.86465	0.00404	0.00404	0.00202	0.00202
5	0.01733	0.01410	0.01368	0.01081	0.01430	0.12203	0.00879	0.64869	0.06078	0.02641	0.01104	0.01112	0.00798	0.00552	0.00460	0.00138	0.00548	0.00408	0.00436	0.00755
6	0.00567	0.00405	0.00540	0.00648	0.00675	0.00378	0.00432	0.00648	0.00891	0.01188	0.02564	0.83347	0.03077	0.01457	0.00594	0.00189	0.00270	0.01323	0.00432	0.00378
7	0.00933	0.02406	0.81240	0.01326	0.02014	0.01080	0.01719	0.01473	0.00982	0.01473	0.00835	0.00982	0.00589	0.00442	0.00442	0.00147	0.00688	0.00344	0.00196	0.00688
8	0.01283	0.77385	0.02348	0.00828	0.01214	0.08245	0.00804	0.01430	0.00975	0.01098	0.00653	0.00754	0.00597	0.00405	0.00308	0.00101	0.00525	0.00253	0.00202	0.00592
9	0.01188	0.69346	0.16535	0.00891	0.01341	0.01705	0.00961	0.01407	0.00952	0.01162	0.00680	0.00788	0.00596	0.00406	0.00324	0.00108	0.00532	0.00266	0.00199	0.00613
10	0.01611	0.14211	0.08869	0.01051	0.01456	0.01471	0.00947	0.60020	0.01884	0.02514	0.01018	0.01047	0.00743	0.00523	0.00437	0.00134	0.00526	0.00386	0.00399	0.00752
11	0.13838	0.38919	0.30929	0.00972	0.01459	0.01431	0.01093	0.04182	0.00980	0.01445	0.00732	0.00847	0.00587	0.00425	0.00355	0.00125	0.00547	0.00290	0.00221	0.00623
12	0.01065	0.40007	0.41523	0.01051	0.01581	0.01406	0.01240	0.01412	0.00979	0.01314	0.04005	0.00975	0.00748	0.00442	0.00380	0.00125	0.00581	0.00320	0.00211	0.00636
13	0.00978	0.16744	0.64254	0.01204	0.01819	0.01191	0.01507	0.01437	0.00988	0.01421	0.03822	0.01035	0.00735	0.00454	0.00421	0.00139	0.00636	0.00346	0.00209	0.00662
14	0.06427	0.34979	0.20991	0.00929	0.01341	0.01339	0.00964	0.01588	0.15107	0.03752	0.06028	0.01262	0.01031	0.00509	0.00391	0.00131	0.00490	0.01822	0.00288	0.00631
15	0.01196	0.17863	0.21200	0.01232	0.12275	0.07522	0.01058	0.05864	0.01094	0.05916	0.00914	0.03352	0.00746	0.00456	0.00402	0.00119	0.00537	0.00357	0.00264	0.17633

[dist]
# distance from previous block
# <min> <max>
0	148

[block]
# block no. 2 follows, 55 sequences, length 34
# corresponding to MSA columns:
# 1143-1155,1160-1180
name=unknown_C
#
# <colnr> <probs for GDERKNQSTAVLIFYWHMCP>
#	G	D	E	R	K	N	Q	S	T	A	V	L	I	F	Y	W	H	M	C	P
0	0.03732	0.04584	0.32030	0.01154	0.06614	0.03831	0.02867	0.02975	0.06327	0.08684	0.08139	0.01670	0.03796	0.00577	0.00458	0.00143	0.00524	0.05049	0.00316	0.06529
1	0.04404	0.05220	0.28162	0.01414	0.17234	0.00984	0.05181	0.01478	0.06238	0.08082	0.08161	0.01615	0.04759	0.00557	0.00461	0.00145	0.00524	0.02797	0.00305	0.02281
2	0.01080	0.01448	0.28059	0.02978	0.25349	0.04404	0.03590	0.01413	0.01082	0.08074	0.07764	0.02889	0.06304	0.00550	0.00468	0.00143	0.00546	0.00478	0.00289	0.03094
3	0.04016	0.18124	0.37166	0.01092	0.02709	0.06906	0.04024	0.01397	0.01022	0.02691	0.04474	0.01304	0.04586	0.00505	0.00417	0.00133	0.00572	0.01781	0.02061	0.05021
4	0.04701	0.12980	0.47368	0.01122	0.02591	0.04220	0.02590	0.01401	0.01006	0.02679	0.04069	0.01208	0.04468	0.00484	0.00419	0.00134	0.00583	0.00375	0.00239	0.07364
5	0.01032	0.16101	0.61054	0.01289	0.04886	0.05076	0.01513	0.01476	0.00995	0.01395	0.00799	0.00942	0.00597	0.00435	0.00417	0.00138	0.00658	0.00328	0.00200	0.00667
6	0.03028	0.39714	0.41483	0.01064	0.01600	0.03292	0.01250	0.01443	0.00969	0.01306	0.00742	0.00866	0.00591	0.00422	0.00372	0.00125	0.00597	0.00297	0.00201	0.00639
7	0.00999	0.19810	0.64418	0.01213	0.01839	0.01243	0.01522	0.01456	0.00974	0.01392	0.00795	0.00932	0.00591	0.00433	0.00411	0.00137	0.00647	0.00323	0.00197	0.00668
8	0.00645	0.00480	0.00556	0.00549	0.00684	0.00421	0.00413	0.00798	0.01140	0.04077	0.29346	0.10520	0.43744	0.01110	0.00554	0.00158	0.00245	0.03675	0.00463	0.00421
9	0.01244	0.83930	0.02438	0.00796	0.01194	0.01841	0.00796	0.01393	0.00945	0.01095	0.00647	0.00746	0.00597	0.00398	0.00299	0.00100	0.00498	0.00249	0.00199	0.00597
10	0.00972	0.00833	0.00968	0.00698	0.01106	0.00639	0.00558	0.01218	0.03775	0.01531	0.00865	0.00992	0.00715	0.00355	0.00349	0.00072	0.00345	0.00285	0.00283	0.83441
11	0.00567	0.00405	0.00540	0.00648	0.00675	0.00378	0.00432	0.00648	0.00891	0.01188	0.02564	0.83347	0.03077	0.01457	0.00594	0.00189	0.00270	0.01323	0.00432	0.00378
12	0.01244	0.83930	0.02438	0.00796	0.01194	0.01841	0.00796	0.01393	0.00945	0.01095	0.00647	0.00746	0.00597	0.00398	0.00299	0.00100	0.00498	0.00249	0.00199	0.00597
13	0.01886	0.01074	0.15078	0.00915	0.01332	0.00753	0.00865	0.02129	0.01271	0.67171	0.01661	0.01478	0.01053	0.00552	0.00463	0.00145	0.00447	0.00446	0.00510	0.00774
14	0.00671	0.00472	0.00615	0.00615	0.00652	0.00509	0.00416	0.00745	0.00708	0.00982	0.01368	0.02500	0.01455	0.47805	0.37890	0.00584	0.00807	0.00597	0.00267	0.00342
15	0.00750	0.00535	0.00750	0.00857	0.00964	0.00535	0.00750	0.00964	0.01071	0.01392	0.02463	0.05248	0.02677	0.01285	0.00643	0.00214	0.00428	0.77617	0.00428	0.00428
16	0.01341	0.01012	0.01861	0.06380	0.18797	0.00965	0.29937	0.01630	0.01142	0.23402	0.01292	0.01650	0.00992	0.00525	0.00511	0.00154	0.00589	0.06806	0.00342	0.00674
17	0.33578	0.04293	0.45135	0.01024	0.01534	0.01093	0.01191	0.01470	0.03975	0.01713	0.00799	0.00918	0.00589	0.00444	0.00380	0.00145	0.00545	0.00313	0.00242	0.00617
18	0.00652	0.00475	0.00613	0.00579	0.00691	0.00436	0.00434	0.00865	0.01302	0.01830	0.76014	0.03534	0.08901	0.00965	0.00549	0.00147	0.00220	0.00850	0.00507	0.00436
19	0.01211	0.12108	0.05517	0.01651	0.02081	0.10974	0.53067	0.01534	0.01099	0.03414	0.00889	0.01132	0.00684	0.00418	0.00513	0.00145	0.02239	0.00467	0.00238	0.00617
20	0.01134	0.03918	0.48000	0.01562	0.14035	0.07661	0.08571	0.01552	0.01055	0.06893	0.00905	0.01057	0.00662	0.00444	0.00451	0.00143	0.00663	0.00376	0.00235	0.00683
21	0.00933	0.02406	0.81240	0.01326	0.02014	0.01080	0.01719	0.01473	0.00982	0.01473	0.00835	0.00982	0.00589	0.00442	0.00442	0.00147	0.00688	0.00344	0.00196	0.00688
22	0.00666	0.00480	0.00632	0.00607	0.00716	0.00447	0.00463	0.00885	0.01298	0.01828	0.74387	0.03614	0.04255	0.00977	0.00556	0.00152	0.00236	0.06858	0.00506	0.00438
23	0.00887	0.00835	0.01410	0.80117	0.05555	0.01036	0.01296	0.01196	0.00934	0.01199	0.00828	0.01238	0.00624	0.00464	0.00465	0.00155	0.00618	0.00413	0.00207	0.00523
24	0.01167	0.01172	0.01826	0.08869	0.62023	0.07307	0.04801	0.01433	0.01057	0.01448	0.00852	0.01134	0.00711	0.00438	0.00503	0.00141	0.03786	0.00411	0.00228	0.00691
25	0.00649	0.00491	0.00600	0.00570	0.00695	0.00450	0.00428	0.00878	0.03661	0.01727	0.60522	0.03654	0.21963	0.00994	0.00547	0.00149	0.00228	0.00864	0.00492	0.00437
26	0.01694	0.02104	0.01314	0.01185	0.01423	0.73576	0.00896	0.04398	0.04361	0.01228	0.00774	0.00888	0.00638	0.00498	0.00457	0.00125	0.03317	0.00316	0.00255	0.00554
27	0.01179	0.01194	0.01857	0.02488	0.60437	0.07467	0.07008	0.01434	0.01046	0.01446	0.00840	0.01120	0.00711	0.00460	0.00576	0.00145	0.09260	0.00415	0.00229	0.00689
28	0.00621	0.00471	0.00590	0.00617	0.00701	0.00436	0.02093	0.00728	0.00951	0.01224	0.07638	0.28621	0.25916	0.17156	0.00925	0.00230	0.00321	0.09979	0.00403	0.00379
29	0.01108	0.49127	0.11888	0.00845	0.01215	0.01428	0.00847	0.05193	0.04395	0.01372	0.10485	0.01408	0.06297	0.00546	0.00402	0.00121	0.02055	0.00402	0.00276	0.00590
30	0.11115	0.01144	0.03254	0.01206	0.10772	0.14875	0.08718	0.05647	0.09466	0.03333	0.10230	0.07386	0.04496	0.00647	0.00468	0.00145	0.00502	0.02891	0.00345	0.03361
31	0.02654	0.01066	0.01678	0.05134	0.41807	0.02389	0.09342	0.05090	0.03541	0.07272	0.00974	0.01171	0.00767	0.00437	0.00468	0.00132	0.01894	0.00411	0.00280	0.13492
32	0.07340	0.00941	0.01286	0.09165	0.26871	0.02615	0.00928	0.02466	0.06162	0.11312	0.02833	0.01325	0.03142	0.00477	0.00426	0.00126	0.00451	0.00408	0.01577	0.20151
33	0.16221	0.00999	0.01187	0.03100	0.14232	0.02514	0.02049	0.17277	0.04554	0.05575	0.04310	0.02670	0.00932	0.00489	0.00410	0.00125	0.00435	0.00394	0.00341	0.22185

[dist]
# distance from previous block
# <min> <max>
0	25

[block]
# block no. 3 follows, 55 sequences, length 15
# corresponding to MSA columns:
# 1206-1220
name=unknown_D
#
# <colnr> <probs for GDERKNQSTAVLIFYWHMCP>
#	G	D	E	R	K	N	Q	S	T	A	V	L	I	F	Y	W	H	M	C	P
0	0.12975	0.01269	0.01544	0.08066	0.17189	0.15640	0.13440	0.08581	0.09490	0.05887	0.01003	0.01147	0.00765	0.00473	0.00446	0.00143	0.00589	0.00408	0.00304	0.00642
1	0.11946	0.01169	0.01505	0.08014	0.17249	0.06032	0.09540	0.24363	0.05995	0.08135	0.01046	0.01160	0.00775	0.00490	0.00450	0.00143	0.00542	0.00414	0.00346	0.00687
2	0.33057	0.01087	0.01313	0.01159	0.08419	0.01181	0.11317	0.23244	0.09509	0.02165	0.00973	0.01066	0.00732	0.00479	0.00409	0.00144	0.00477	0.00382	0.00344	0.02543
3	0.63880	0.00945	0.00831	0.00706	0.01012	0.01064	0.00581	0.11578	0.04229	0.10159	0.00879	0.00926	0.00643	0.00471	0.00337	0.00144	0.00384	0.00306	0.00347	0.00579
4	0.00640	0.00465	0.00608	0.00630	0.00721	0.00433	0.00473	0.00816	0.01157	0.01589	0.45207	0.24626	0.08557	0.01141	0.00573	0.00167	0.00261	0.11043	0.00475	0.00419
5	0.00680	0.00495	0.00635	0.00607	0.00714	0.00470	0.00453	0.00925	0.04244	0.01775	0.67761	0.05194	0.04013	0.06004	0.00662	0.00169	0.00249	0.04020	0.00491	0.00439
6	0.00563	0.00471	0.00485	0.00482	0.00630	0.00398	0.00359	0.00685	0.01071	0.01297	0.10942	0.04352	0.71944	0.03524	0.00602	0.00165	0.00240	0.00961	0.00434	0.00393
7	0.00639	0.00461	0.00601	0.00615	0.00701	0.00430	0.00452	0.00811	0.01155	0.01596	0.48644	0.23893	0.06711	0.04317	0.00638	0.00175	0.00258	0.07015	0.00473	0.00415
8	0.01178	0.00994	0.01059	0.00951	0.01212	0.01141	0.00748	0.08128	0.69281	0.01986	0.01870	0.01903	0.01450	0.00666	0.00483	0.00160	0.00383	0.05216	0.00470	0.00722
9	0.86937	0.00900	0.00684	0.00612	0.00900	0.01044	0.00504	0.01368	0.00792	0.02087	0.00648	0.00756	0.00504	0.00432	0.00288	0.00144	0.00360	0.00252	0.00288	0.00504
10	0.00805	0.00671	0.00732	0.00684	0.00830	0.05470	0.00520	0.01199	0.14660	0.01794	0.56742	0.03111	0.07463	0.00887	0.00530	0.00149	0.00288	0.02489	0.00483	0.00493
11	0.01914	0.00753	0.01024	0.00798	0.01128	0.00654	0.00654	0.02099	0.01330	0.71464	0.11377	0.01813	0.01544	0.00621	0.00478	0.00144	0.00374	0.00513	0.00568	0.00749
12	0.01152	0.01097	0.01821	0.02702	0.74335	0.01110	0.01372	0.01512	0.07417	0.01554	0.00957	0.01199	0.00792	0.00432	0.00462	0.00140	0.00538	0.00423	0.00250	0.00737
13	0.01288	0.01222	0.01725	0.02384	0.59746	0.09249	0.01273	0.08476	0.05174	0.03562	0.00956	0.01157	0.00772	0.00449	0.00458	0.00138	0.00565	0.00410	0.00273	0.00723
14	0.01293	0.01189	0.01757	0.02364	0.58020	0.08706	0.04616	0.03732	0.02623	0.07944	0.00966	0.01167	0.00769	0.00439	0.00459	0.00137	0.00568	0.00413	0.00271	0.02567

[dist]
# distance from previous block
# <min> <max>
1	4

[block]
# block no. 4 follows, 55 sequences, length 34
# corresponding to MSA columns:
# 1225-1258
name=unknown_E
#
# <colnr> <probs for GDERKNQSTAVLIFYWHMCP>
#	G	D	E	R	K	N	Q	S	T	A	V	L	I	F	Y	W	H	M	C	P
0	0.01264	0.11899	0.12775	0.03735	0.04894	0.12466	0.28334	0.02847	0.06638	0.07704	0.02375	0.01187	0.00811	0.00458	0.00466	0.00141	0.00655	0.00434	0.00277	0.00640
1	0.01167	0.01102	0.01586	0.02213	0.54773	0.07198	0.01180	0.03769	0.07566	0.03194	0.02621	0.07472	0.02993	0.00551	0.00473	0.00143	0.00520	0.00506	0.00290	0.00684
2	0.01396	0.02996	0.01816	0.01766	0.21127	0.32789	0.20523	0.01682	0.04991	0.03745	0.00900	0.01087	0.00716	0.00456	0.00483	0.00137	0.02101	0.00407	0.00256	0.00627
3	0.01138	0.01092	0.01864	0.06715	0.76992	0.01102	0.01421	0.01416	0.01053	0.01504	0.00873	0.01156	0.00731	0.00417	0.00461	0.00139	0.00556	0.00414	0.00229	0.00726
4	0.86937	0.00900	0.00684	0.00612	0.00900	0.01044	0.00504	0.01368	0.00792	0.02087	0.00648	0.00756	0.00504	0.00432	0.00288	0.00144	0.00360	0.00252	0.00288	0.00504
5	0.00933	0.02406	0.81240	0.01326	0.02014	0.01080	0.01719	0.01473	0.00982	0.01473	0.00835	0.00982	0.00589	0.00442	0.00442	0.00147	0.00688	0.00344	0.00196	0.00688
6	0.00577	0.00412	0.00551	0.00653	0.00686	0.00386	0.00444	0.00668	0.00913	0.01221	0.05495	0.77422	0.03111	0.01432	0.00594	0.00188	0.00274	0.04154	0.00435	0.00382
7	0.00558	0.00472	0.00484	0.00491	0.00642	0.00398	0.00370	0.00678	0.01056	0.01260	0.04568	0.06735	0.75460	0.01190	0.00555	0.00160	0.00244	0.03854	0.00432	0.00394
8	0.00933	0.02406	0.81240	0.01326	0.02014	0.01080	0.01719	0.01473	0.00982	0.01473	0.00835	0.00982	0.00589	0.00442	0.00442	0.00147	0.00688	0.00344	0.00196	0.00688
9	0.01098	0.01255	0.02745	0.01961	0.02431	0.01176	0.79059	0.01490	0.01098	0.01490	0.00941	0.01255	0.00706	0.00392	0.00549	0.00157	0.00784	0.00549	0.00235	0.00627
10	0.01738	0.02217	0.01318	0.01199	0.01438	0.81783	0.00899	0.01858	0.01318	0.01139	0.00719	0.00839	0.00599	0.00479	0.00419	0.00120	0.00839	0.00300	0.00240	0.00539
11	0.01029	0.01113	0.02351	0.01743	0.02141	0.01050	0.63584	0.01386	0.01093	0.01471	0.01242	0.02044	0.01095	0.00569	0.00568	0.00168	0.00714	0.15779	0.00273	0.00588
12	0.01244	0.83930	0.02438	0.00796	0.01194	0.01841	0.00796	0.01393	0.00945	0.01095	0.00647	0.00746	0.00597	0.00398	0.00299	0.00100	0.00498	0.00249	0.00199	0.00597
13	0.65995	0.00974	0.00844	0.00713	0.01021	0.01105	0.00588	0.16792	0.01094	0.06080	0.00798	0.00867	0.00592	0.00464	0.00332	0.00143	0.00392	0.00295	0.00337	0.00575
14	0.00567	0.00405	0.00540	0.00648	0.00675	0.00378	0.00432	0.00648	0.00891	0.01188	0.02564	0.83347	0.03077	0.01457	0.00594	0.00189	0.00270	0.01323	0.00432	0.00378
15	0.00933	0.02406	0.81240	0.01326	0.02014	0.01080	0.01719	0.01473	0.00982	0.01473	0.00835	0.00982	0.00589	0.00442	0.00442	0.00147	0.00688	0.00344	0.00196	0.00688
16	0.00665	0.00498	0.00748	0.00748	0.00831	0.00582	0.00582	0.00831	0.00748	0.01080	0.01246	0.01828	0.01163	0.03489	0.81807	0.00748	0.01246	0.00498	0.00249	0.00415
17	0.01768	0.01303	0.01396	0.01070	0.01443	0.01443	0.00884	0.79197	0.02187	0.02932	0.01117	0.01117	0.00791	0.00558	0.00465	0.00140	0.00512	0.00419	0.00465	0.00791
18	0.01768	0.01303	0.01396	0.01070	0.01443	0.01443	0.00884	0.79197	0.02187	0.02932	0.01117	0.01117	0.00791	0.00558	0.00465	0.00140	0.00512	0.00419	0.00465	0.00791
19	0.00933	0.02406	0.81240	0.01326	0.02014	0.01080	0.01719	0.01473	0.00982	0.01473	0.00835	0.00982	0.00589	0.00442	0.00442	0.00147	0.00688	0.00344	0.00196	0.00688
20	0.00963	0.10314	0.73597	0.01275	0.01934	0.01154	0.01629	0.01466	0.00979	0.01437	0.00817	0.00959	0.00590	0.00438	0.00428	0.00143	0.00669	0.00335	0.00197	0.00679
21	0.00933	0.02406	0.81240	0.01326	0.02014	0.01080	0.01719	0.01473	0.00982	0.01473	0.00835	0.00982	0.00589	0.00442	0.00442	0.00147	0.00688	0.00344	0.00196	0.00688
22	0.22469	0.00984	0.09831	0.00978	0.01265	0.00867	0.14475	0.02524	0.08622	0.02886	0.04519	0.19739	0.05182	0.00757	0.00475	0.00161	0.00445	0.02936	0.00345	0.00539
23	0.00933	0.02406	0.81240	0.01326	0.02014	0.01080	0.01719	0.01473	0.00982	0.01473	0.00835	0.00982	0.00589	0.00442	0.00442	0.00147	0.00688	0.00344	0.00196	0.00688
24	0.01383	0.60922	0.02123	0.00909	0.01263	0.24351	0.00825	0.01524	0.01050	0.01107	0.00667	0.00772	0.00598	0.00421	0.00333	0.00105	0.00594	0.00263	0.00210	0.00581
25	0.00560	0.00431	0.00513	0.00579	0.00657	0.00384	0.00401	0.00656	0.00957	0.01214	0.03400	0.52676	0.33208	0.01349	0.00577	0.00177	0.00257	0.01190	0.00432	0.00384
26	0.01146	0.01156	0.01607	0.09863	0.39164	0.08983	0.01209	0.01432	0.06136	0.01372	0.00851	0.01132	0.00723	0.00546	0.00742	0.00157	0.22496	0.00409	0.00238	0.00636
27	0.01130	0.45018	0.25557	0.00946	0.01395	0.01414	0.01032	0.02968	0.03231	0.04044	0.06036	0.03508	0.00961	0.00494	0.00380	0.00123	0.00522	0.00366	0.00251	0.00622
28	0.01307	0.00966	0.01056	0.00928	0.01206	0.01081	0.00728	0.02439	0.67283	0.14659	0.01884	0.01711	0.01377	0.00622	0.00472	0.00156	0.00373	0.00517	0.00490	0.00745
29	0.02087	0.00792	0.01080	0.00828	0.01188	0.00684	0.00684	0.02267	0.01332	0.81071	0.01835	0.01583	0.01152	0.00576	0.00468	0.00144	0.00396	0.00468	0.00576	0.00792
30	0.01924	0.03228	0.01076	0.00803	0.01140	0.00694	0.00663	0.02107	0.01319	0.71015	0.09431	0.01742	0.01449	0.00607	0.00471	0.00143	0.00382	0.00498	0.00558	0.00752
31	0.31100	0.01590	0.01106	0.00970	0.01248	0.39280	0.00757	0.14117	0.03006	0.01771	0.00784	0.00875	0.00615	0.00479	0.00383	0.00132	0.00611	0.00307	0.00298	0.00572
32	0.00566	0.00442	0.00518	0.00573	0.00665	0.00394	0.00407	0.00671	0.00972	0.01223	0.03543	0.41919	0.39601	0.01371	0.02568	0.00188	0.00282	0.03281	0.00427	0.00387
33	0.02045	0.00782	0.01066	0.00821	0.01173	0.00677	0.00677	0.02226	0.01331	0.78738	0.04152	0.01639	0.01247	0.00587	0.00470	0.00144	0.00391	0.00479	0.00574	0.00781

[dist]
# distance from previous block
# <min> <max>
0	1

[block]
# block no. 5 follows, 55 sequences, length 494
# corresponding to MSA columns:
# 1260-1357,1371-1409,1456-1533,1555-1833
name=unknown_F
#
# <colnr> <probs for GDERKNQSTAVLIFYWHMCP>
#	G	D	E	R	K	N	Q	S	T	A	V	L	I	F	Y	W	H	M	C	P
0	0.01672	0.01959	0.01289	0.03155	0.01448	0.65021	0.00893	0.09530	0.01382	0.03414	0.00890	0.01148	0.00752	0.00535	0.00439	0.00129	0.00766	0.04732	0.00281	0.00564
1	0.01145	0.01096	0.01856	0.04669	0.76983	0.01105	0.01408	0.01448	0.02994	0.01523	0.00899	0.01168	0.00751	0.00421	0.00461	0.00139	0.00550	0.00417	0.00236	0.00732
2	0.01085	0.01209	0.02487	0.01815	0.02201	0.01219	0.64209	0.01445	0.02525	0.01435	0.00903	0.01223	0.00703	0.00469	0.00715	0.00165	0.14823	0.00524	0.00234	0.00609
3	0.01073	0.01025	0.01746	0.25852	0.58368	0.01085	0.01389	0.01359	0.01022	0.01424	0.00861	0.01177	0.00703	0.00429	0.00462	0.00143	0.00572	0.00414	0.00223	0.00673
4	0.01070	0.01022	0.01741	0.26666	0.57575	0.01084	0.01387	0.01356	0.01021	0.01421	0.00861	0.01178	0.00702	0.00430	0.00462	0.00143	0.00573	0.00414	0.00223	0.00671
5	0.00975	0.13340	0.70671	0.01255	0.01904	0.01182	0.01595	0.01463	0.00977	0.01422	0.00810	0.00951	0.00590	0.00436	0.00423	0.00141	0.00662	0.00331	0.00197	0.00675
6	0.00567	0.00405	0.00540	0.00648	0.00675	0.00378	0.00432	0.00648	0.00891	0.01188	0.02564	0.83347	0.03077	0.01457	0.00594	0.00189	0.00270	0.01323	0.00432	0.00378
7	0.01941	0.00783	0.01048	0.00804	0.01160	0.00668	0.00661	0.02121	0.01292	0.71779	0.01859	0.01639	0.03994	0.00579	0.00461	0.00138	0.00386	0.00471	0.00546	0.07669
8	0.01146	0.01100	0.01878	0.04510	0.79138	0.01104	0.01425	0.01423	0.01057	0.01513	0.00874	0.01153	0.00734	0.00416	0.00461	0.00139	0.00554	0.00414	0.00230	0.00732
9	0.00616	0.00474	0.00563	0.00540	0.00669	0.00421	0.00405	0.00795	0.01216	0.01626	0.50660	0.03870	0.34382	0.01041	0.00549	0.00151	0.00226	0.00897	0.00481	0.00421
10	0.01244	0.83930	0.02438	0.00796	0.01194	0.01841	0.00796	0.01393	0.00945	0.01095	0.00647	0.00746	0.00597	0.00398	0.00299	0.00100	0.00498	0.00249	0.00199	0.00597
11	0.01018	0.01018	0.01425	0.01221	0.01221	0.01425	0.01018	0.01120	0.00712	0.01120	0.00611	0.01018	0.00611	0.00814	0.01527	0.00204	0.82799	0.00407	0.00204	0.00509
12	0.01886	0.01233	0.01241	0.00986	0.01328	0.14621	0.00798	0.31836	0.03333	0.35847	0.01372	0.01282	0.00926	0.00554	0.00459	0.00139	0.00514	0.00422	0.00475	0.00748
13	0.14956	0.03081	0.06731	0.00972	0.01289	0.08665	0.02842	0.21339	0.20808	0.04714	0.01378	0.02989	0.04295	0.00593	0.00461	0.00147	0.02036	0.01664	0.00384	0.00657
14	0.00787	0.00648	0.00765	0.00722	0.00891	0.00660	0.02539	0.01297	0.24672	0.01622	0.22321	0.11256	0.23182	0.00973	0.00537	0.00161	0.00301	0.05694	0.00459	0.00514
15	0.01219	0.17031	0.26163	0.02402	0.01557	0.16354	0.03809	0.08647	0.06336	0.01496	0.03799	0.01228	0.02725	0.00525	0.00468	0.00137	0.03569	0.01640	0.00270	0.00625
16	0.00665	0.00498	0.00748	0.00748	0.00831	0.00582	0.00582	0.00831	0.00748	0.01080	0.01246	0.01828	0.01163	0.03489	0.81807	0.00748	0.01246	0.00498	0.00249	0.00415
17	0.03045	0.00853	0.03328	0.01070	0.03130	0.02662	0.17121	0.01395	0.05700	0.17495	0.03699	0.15183	0.11113	0.00836	0.00549	0.00165	0.01801	0.09886	0.00401	0.00569
18	0.01131	0.00974	0.02874	0.00823	0.01219	0.00848	0.02020	0.15205	0.10237	0.01816	0.01003	0.01086	0.00789	0.00418	0.00387	0.00095	0.00392	0.00336	0.00330	0.58019
19	0.00676	0.00452	0.00512	0.00512	0.00513	0.00453	0.00287	0.00679	0.00678	0.00905	0.01462	0.03024	0.01682	0.82282	0.03724	0.00456	0.00465	0.00673	0.00281	0.00284
20	0.00902	0.00849	0.01422	0.75683	0.08401	0.01041	0.01291	0.01228	0.02365	0.01225	0.00849	0.01243	0.00642	0.00465	0.00465	0.00154	0.00611	0.00416	0.00213	0.00536
21	0.01151	0.01105	0.01888	0.02855	0.80748	0.01105	0.01428	0.01428	0.01059	0.01520	0.00875	0.01151	0.00737	0.00415	0.00461	0.00138	0.00553	0.00415	0.00230	0.00737
22	0.01777	0.03402	0.01309	0.01074	0.01375	0.40454	0.00845	0.24629	0.01568	0.15860	0.02629	0.01104	0.00829	0.00527	0.00442	0.00130	0.00645	0.00374	0.00370	0.00657
23	0.00677	0.00451	0.00507	0.00507	0.00507	0.00451	0.00282	0.00677	0.00677	0.00902	0.01466	0.03044	0.01691	0.83650	0.02368	0.00451	0.00451	0.00677	0.00282	0.00282
24	0.00665	0.00498	0.00748	0.00748	0.00831	0.00582	0.00582	0.00831	0.00748	0.01080	0.01246	0.01828	0.01163	0.03489	0.81807	0.00748	0.01246	0.00498	0.00249	0.00415
25	0.00737	0.00571	0.00733	0.05263	0.00910	0.00581	0.00535	0.01089	0.10804	0.01806	0.62857	0.03105	0.05508	0.00887	0.00558	0.00150	0.02173	0.00772	0.00481	0.00480
26	0.00933	0.02406	0.81240	0.01326	0.02014	0.01080	0.01719	0.01473	0.00982	0.01473	0.00835	0.00982	0.00589	0.00442	0.00442	0.00147	0.00688	0.00344	0.00196	0.00688
27	0.00658	0.00476	0.00622	0.00585	0.00695	0.00439	0.00439	0.00878	0.01317	0.01866	0.80503	0.03475	0.04390	0.00951	0.00549	0.00146	0.00219	0.00841	0.00512	0.00439
28	0.01044	0.00890	0.01006	0.00729	0.01136	0.02097	0.00585	0.07627	0.01072	0.01626	0.00849	0.00975	0.00696	0.00365	0.00356	0.00076	0.00367	0.00288	0.00291	0.77925
29	0.00933	0.02406	0.81240	0.01326	0.02014	0.01080	0.01719	0.01473	0.00982	0.01473	0.00835	0.00982	0.00589	0.00442	0.00442	0.00147	0.00688	0.00344	0.00196	0.00688
30	0.00554	0.00453	0.00490	0.00519	0.00641	0.00389	0.00375	0.00662	0.01014	0.01238	0.04130	0.25868	0.59545	0.01254	0.00562	0.00166	0.00245	0.01074	0.00432	0.00389
31	0.05428	0.00856	0.01085	0.00849	0.01197	0.00803	0.00697	0.08081	0.09231	0.64018	0.01738	0.01530	0.01125	0.00574	0.00461	0.00145	0.00400	0.00461	0.00545	0.00774
32	0.00941	0.00890	0.01508	0.64340	0.20910	0.01050	0.01323	0.01243	0.00960	0.01264	0.00838	0.01220	0.00647	0.00454	0.00464	0.00151	0.00605	0.00414	0.00212	0.00567
33	0.00750	0.00535	0.00750	0.00857	0.00964	0.00535	0.00750	0.00964	0.01071	0.01392	0.02463	0.05248	0.02677	0.01285	0.00643	0.00214	0.00428	0.77617	0.00428	0.00428
34	0.01227	0.01046	0.01089	0.00963	0.01235	0.02649	0.00756	0.10853	0.68411	0.02029	0.01798	0.01720	0.01360	0.00633	0.00475	0.00156	0.00394	0.02007	0.00467	0.00733
35	0.02603	0.03205	0.01495	0.01108	0.01464	0.10943	0.16366	0.11315	0.01171	0.03105	0.00865	0.01034	0.00691	0.00448	0.00520	0.00118	0.08137	0.00366	0.00285	0.34761
36	0.01031	0.03874	0.59171	0.01311	0.01910	0.01078	0.10116	0.04471	0.02644	0.04989	0.02658	0.01183	0.02511	0.00477	0.00458	0.00147	0.00648	0.00401	0.00245	0.00677
37	0.00952	0.07386	0.76426	0.01294	0.01963	0.01127	0.01662	0.01468	0.00980	0.01450	0.00823	0.00968	0.00590	0.00439	0.00433	0.00144	0.00676	0.00338	0.00197	0.00682
38	0.00652	0.00475	0.00613	0.00579	0.00691	0.00436	0.00434	0.00866	0.01302	0.01830	0.76058	0.03534	0.08856	0.00964	0.00549	0.00147	0.00220	0.00850	0.00507	0.00436
39	0.01019	0.25023	0.59378	0.01179	0.01786	0.01291	0.01463	0.01451	0.00972	0.01368	0.00783	0.00917	0.00591	0.00430	0.00402	0.00134	0.00635	0.00317	0.00197	0.00662
40	0.01634	0.00855	0.02702	0.01242	0.17681	0.00769	0.00837	0.01894	0.04985	0.48648	0.05792	0.04564	0.02447	0.00624	0.00482	0.00148	0.00418	0.03076	0.00477	0.00726
41	0.00665	0.00498	0.00748	0.00748	0.00831	0.00582	0.00582	0.00831	0.00748	0.01080	0.01246	0.01828	0.01163	0.03489	0.81807	0.00748	0.01246	0.00498	0.00249	0.00415
42	0.01040	0.00992	0.01688	0.35280	0.49191	0.01076	0.01373	0.01330	0.01007	0.01385	0.00855	0.01188	0.00689	0.00435	0.00462	0.00145	0.00580	0.00414	0.00221	0.00647
43	0.01089	0.01859	0.52016	0.01163	0.01697	0.01038	0.01345	0.06548	0.13229	0.07873	0.04884	0.03105	0.01008	0.00535	0.00459	0.00149	0.00573	0.00431	0.00306	0.00691
44	0.00975	0.13519	0.70498	0.01254	0.01902	0.01184	0.01593	0.01462	0.00977	0.01422	0.00809	0.00950	0.00590	0.00436	0.00422	0.00141	0.00662	0.00331	0.00197	0.00675
45	0.00575	0.00410	0.00549	0.00657	0.00687	0.00385	0.00445	0.00661	0.00898	0.01196	0.02560	0.80026	0.03060	0.01450	0.00596	0.00190	0.00277	0.04567	0.00432	0.00380
46	0.00933	0.02406	0.81240	0.01326	0.02014	0.01080	0.01719	0.01473	0.00982	0.01473	0.00835	0.00982	0.00589	0.00442	0.00442	0.00147	0.00688	0.00344	0.00196	0.00688
47	0.86937	0.00900	0.00684	0.00612	0.00900	0.01044	0.00504	0.01368	0.00792	0.02087	0.00648	0.00756	0.00504	0.00432	0.00288	0.00144	0.00360	0.00252	0.00288	0.00504
48	0.00563	0.00472	0.00489	0.00485	0.00636	0.00398	0.00364	0.00693	0.01091	0.01329	0.13762	0.04358	0.71465	0.01151	0.00550	0.00156	0.00234	0.00965	0.00442	0.00398
49	0.00949	0.00954	0.01700	0.61717	0.04435	0.02682	0.18382	0.01273	0.00977	0.01260	0.00851	0.01234	0.00641	0.00448	0.00483	0.00154	0.00659	0.00441	0.00214	0.00546
50	0.00672	0.00489	0.00634	0.00599	0.00712	0.00457	0.00452	0.00916	0.03133	0.01858	0.77206	0.03468	0.04288	0.00950	0.00549	0.00148	0.00227	0.02286	0.00510	0.00446
51	0.01151	0.01105	0.01888	0.02855	0.80748	0.01105	0.01428	0.01428	0.01059	0.01520	0.00875	0.01151	0.00737	0.00415	0.00461	0.00138	0.00553	0.00415	0.00230	0.00737
52	0.86937	0.00900	0.00684	0.00612	0.00900	0.01044	0.00504	0.01368	0.00792	0.02087	0.00648	0.00756	0.00504	0.00432	0.00288	0.00144	0.00360	0.00252	0.00288	0.00504
53	0.01147	0.01100	0.01880	0.04275	0.79367	0.01104	0.01425	0.01423	0.01057	0.01514	0.00874	0.01153	0.00735	0.00415	0.00461	0.00138	0.00554	0.00414	0.00230	0.00733
54	0.82131	0.00974	0.00720	0.00645	0.00930	0.05598	0.00526	0.01395	0.00821	0.02034	0.00652	0.00760	0.00509	0.00435	0.00295	0.00143	0.00387	0.00255	0.00285	0.00506
55	0.00867	0.00434	0.00434	0.00434	0.00542	0.00434	0.00325	0.01084	0.00976	0.01734	0.01518	0.01734	0.01192	0.00542	0.00325	0.00108	0.00217	0.00434	0.86233	0.00434
56	0.00965	0.00827	0.00965	0.00689	0.01102	0.00620	0.00551	0.01171	0.00965	0.01516	0.00827	0.00965	0.00689	0.00345	0.00345	0.00069	0.00345	0.00276	0.00276	0.86494
57	0.01105	0.01058	0.01805	0.16305	0.67659	0.01093	0.01405	0.01387	0.01038	0.01464	0.00867	0.01166	0.00717	0.00423	0.00461	0.00141	0.00564	0.00414	0.00226	0.00700
58	0.00965	0.00827	0.00965	0.00689	0.01102	0.00620	0.00551	0.01171	0.00965	0.01516	0.00827	0.00965	0.00689	0.00345	0.00345	0.00069	0.00345	0.00276	0.00276	0.86494
59	0.00550	0.00471	0.00471	0.00471	0.00628	0.00393	0.00353	0.00668	0.01060	0.01257	0.04713	0.04477	0.80560	0.01178	0.00550	0.00157	0.00236	0.00982	0.00432	0.00393
60	0.01122	0.01075	0.01835	0.11535	0.72302	0.01098	0.01413	0.01402	0.01045	0.01484	0.00870	0.01161	0.00724	0.00420	0.00461	0.00140	0.00560	0.00414	0.00228	0.00713
61	0.01358	0.01128	0.03026	0.00985	0.01289	0.02556	0.00798	0.27164	0.47469	0.03638	0.04386	0.01562	0.01284	0.00611	0.00472	0.00150	0.00425	0.00494	0.00464	0.00740
62	0.00808	0.00404	0.00606	0.00606	0.00606	0.00404	0.00404	0.00606	0.00606	0.00808	0.00808	0.01414	0.00808	0.01616	0.01818	0.86465	0.00404	0.00404	0.00202	0.00202
63	0.02087	0.00792	0.01080	0.00828	0.01188	0.00684	0.00684	0.02267	0.01332	0.81071	0.01835	0.01583	0.01152	0.00576	0.00468	0.00144	0.00396	0.00468	0.00576	0.00792
64	0.01079	0.01199	0.02433	0.01786	0.02146	0.01235	0.60623	0.01403	0.01007	0.01403	0.00863	0.01199	0.00683	0.00492	0.00780	0.00168	0.20158	0.00516	0.00228	0.00599
65	0.00867	0.00434	0.00434	0.00434	0.00542	0.00434	0.00325	0.01084	0.00976	0.01734	0.01518	0.01734	0.01192	0.00542	0.00325	0.00108	0.00217	0.00434	0.86233	0.00434
66	0.86937	0.00900	0.00684	0.00612	0.00900	0.01044	0.00504	0.01368	0.00792	0.02087	0.00648	0.00756	0.00504	0.00432	0.00288	0.00144	0.00360	0.00252	0.00288	0.00504
67	0.00644	0.00475	0.00601	0.00570	0.00686	0.00433	0.00427	0.00849	0.01282	0.01783	0.70180	0.03612	0.14764	0.00982	0.00549	0.00148	0.00222	0.00860	0.00501	0.00433
68	0.01608	0.01223	0.01306	0.01038	0.01382	0.01368	0.00845	0.59061	0.22585	0.02673	0.01321	0.01279	0.00956	0.00578	0.00467	0.00144	0.00474	0.00447	0.00467	0.00777
69	0.01147	0.01084	0.01754	0.04167	0.67387	0.01112	0.01322	0.01578	0.12764	0.01577	0.01025	0.01240	0.00836	0.00448	0.00463	0.00141	0.00527	0.00431	0.00266	0.00732
70	0.01151	0.01105	0.01888	0.02855	0.80748	0.01105	0.01428	0.01428	0.01059	0.01520	0.00875	0.01151	0.00737	0.00415	0.00461	0.00138	0.00553	0.00415	0.00230	0.00737
71	0.00883	0.02068	0.67064	0.01199	0.01786	0.00968	0.01499	0.01363	0.01026	0.01509	0.10153	0.01501	0.03916	0.00548	0.00463	0.00149	0.00611	0.02403	0.00247	0.00642
72	0.00625	0.00447	0.00602	0.00706	0.00759	0.00428	0.00525	0.00745	0.00945	0.01246	0.02553	0.56305	0.04431	0.03044	0.00643	0.00201	0.00321	0.24654	0.00428	0.00392
73	0.01206	0.42481	0.30591	0.01043	0.01525	0.11542	0.01143	0.03315	0.01034	0.01279	0.00734	0.00851	0.00599	0.00428	0.00369	0.00120	0.00609	0.00293	0.00209	0.00627
74	0.00749	0.00577	0.00634	0.00592	0.00743	0.03354	0.00449	0.02684	0.02718	0.04906	0.42446	0.03597	0.32840	0.00990	0.00538	0.00149	0.00264	0.00844	0.00473	0.00453
75	0.00567	0.00405	0.00540	0.00648	0.00675	0.00378	0.00432	0.00648	0.00891	0.01188	0.02564	0.83347	0.03077	0.01457	0.00594	0.00189	0.00270	0.01323	0.00432	0.00378
76	0.01083	0.01037	0.01761	0.21972	0.60618	0.01094	0.01387	0.01364	0.01022	0.01433	0.00859	0.01170	0.00706	0.00434	0.00482	0.00143	0.02115	0.00414	0.00224	0.00680
77	0.01125	0.01078	0.01840	0.10713	0.73101	0.01098	0.01414	0.01404	0.01047	0.01487	0.00870	0.01160	0.00725	0.00419	0.00461	0.00140	0.00559	0.00414	0.00228	0.00715
78	0.00692	0.00591	0.00867	0.00851	0.00928	0.02455	0.08668	0.00811	0.00911	0.01216	0.02183	0.64217	0.02553	0.01265	0.00666	0.00186	0.07410	0.02724	0.00387	0.00420
79	0.61215	0.03007	0.02866	0.00778	0.01071	0.18606	0.00640	0.04479	0.00968	0.01878	0.00686	0.00793	0.00540	0.00447	0.00327	0.00138	0.00481	0.00271	0.00280	0.00529
80	0.00671	0.00474	0.00625	0.00625	0.00665	0.00515	0.00428	0.00752	0.00711	0.00989	0.01358	0.02450	0.01433	0.44467	0.41199	0.00596	0.00840	0.00589	0.00266	0.00347
81	0.00956	0.08350	0.75494	0.01287	0.01954	0.01136	0.01652	0.01467	0.00980	0.01446	0.00821	0.00965	0.00590	0.00439	0.00432	0.00144	0.00674	0.00337	0.00197	0.00681
82	0.01141	0.01095	0.01870	0.05756	0.77926	0.01103	0.01423	0.01419	0.01055	0.01508	0.00873	0.01155	0.00733	0.00416	0.00461	0.00139	0.00555	0.00414	0.00229	0.00729
83	0.00965	0.00827	0.00965	0.00689	0.01102	0.00620	0.00551	0.01171	0.00965	0.01516	0.00827	0.00965	0.00689	0.00345	0.00345	0.00069	0.00345	0.00276	0.00276	0.86494
84	0.01157	0.00999	0.01052	0.00947	0.01210	0.01157	0.00736	0.02472	0.79908	0.01946	0.01893	0.01736	0.01420	0.00631	0.00473	0.00158	0.00368	0.00526	0.00473	0.00736
85	0.00965	0.00827	0.00965	0.00689	0.01102	0.00620	0.00551	0.01171	0.00965	0.01516	0.00827	0.00965	0.00689	0.00345	0.00345	0.00069	0.00345	0.00276	0.00276	0.86494
