[name]
unknown

[dist]
# distance from previous block
# <min> <max>
8	144

[block]
# block no. 0 follows, 55 sequences, length 6
# corresponding to MSA columns:
# 161-166
name=unknown_A
#
# <colnr> <probs for GDERKNQSTAVLIFYWHMCP>
#	G	D	E	R	K	N	Q	S	T	A	V	L	I	F	Y	W	H	M	C	P
0	0.01374	0.00941	0.01241	0.01321	0.19788	0.00934	0.00855	0.01968	0.27997	0.22959	0.01472	0.01437	0.01073	0.00521	0.00449	0.00135	0.00415	0.00445	0.00413	0.14262
1	0.46407	0.01192	0.00927	0.00807	0.01096	0.19862	0.00642	0.01710	0.04966	0.17054	0.00955	0.00983	0.00696	0.00481	0.00363	0.00139	0.00479	0.00318	0.00341	0.00579
2	0.00698	0.00476	0.00715	0.00715	0.00778	0.00540	0.00540	0.00778	0.00715	0.01016	0.01144	0.01731	0.01080	0.03051	0.63100	0.20794	0.01049	0.00476	0.00238	0.00365
3	0.01055	0.25628	0.21075	0.20225	0.02047	0.01313	0.12788	0.01469	0.07586	0.01338	0.00882	0.01077	0.00686	0.00443	0.00424	0.00137	0.00604	0.00378	0.00229	0.00616
4	0.01226	0.07993	0.01285	0.00993	0.01274	0.05316	0.05601	0.09592	0.46192	0.04167	0.03987	0.01573	0.01269	0.00801	0.06455	0.00192	0.00504	0.00488	0.00411	0.00682
5	0.01517	0.20276	0.01570	0.00963	0.01302	0.01045	0.10500	0.06325	0.01168	0.34788	0.01307	0.01358	0.00947	0.00983	0.13626	0.00233	0.00613	0.00429	0.00386	0.00665

[dist]
# distance from previous block
# <min> <max>
24	47

[block]
# block no. 1 follows, 55 sequences, length 8
# corresponding to MSA columns:
# 227-234
name=unknown_B
#
# <colnr> <probs for GDERKNQSTAVLIFYWHMCP>
#	G	D	E	R	K	N	Q	S	T	A	V	L	I	F	Y	W	H	M	C	P
0	0.03903	0.00952	0.01132	0.10885	0.01438	0.01065	0.00805	0.26600	0.18910	0.07846	0.01312	0.01433	0.01001	0.01148	0.16927	0.00267	0.00624	0.00453	0.00390	0.02909
1	0.01146	0.01102	0.01824	0.02360	0.55079	0.01125	0.10770	0.01647	0.17028	0.01603	0.01089	0.01282	0.00871	0.00456	0.00474	0.00144	0.00544	0.00454	0.00280	0.00723
2	0.13332	0.01170	0.01089	0.00932	0.01228	0.10989	0.00736	0.15616	0.37967	0.04730	0.01371	0.01327	0.01026	0.00552	0.00431	0.00142	0.00449	0.00424	0.00409	0.06079
3	0.18495	0.00650	0.00798	0.00719	0.00906	0.00689	0.00565	0.01292	0.00899	0.21676	0.01295	0.01658	0.01074	0.09381	0.37362	0.00445	0.00778	0.00457	0.00343	0.00517
4	0.00665	0.00498	0.00748	0.00748	0.00831	0.00582	0.00582	0.00831	0.00748	0.01080	0.01246	0.01828	0.01163	0.03489	0.81807	0.00748	0.01246	0.00498	0.00249	0.00415
5	0.01191	0.17836	0.02214	0.01425	0.01816	0.01172	0.43205	0.01478	0.01049	0.11076	0.01031	0.01268	0.00799	0.00828	0.11294	0.00222	0.00740	0.00472	0.00271	0.00613
6	0.01098	0.01255	0.02745	0.01961	0.02431	0.01176	0.79059	0.01490	0.01098	0.01490	0.00941	0.01255	0.00706	0.00392	0.00549	0.00157	0.00784	0.00549	0.00235	0.00627
7	0.04010	0.01033	0.01584	0.01177	0.01572	0.00979	0.24464	0.11876	0.09493	0.17222	0.01202	0.01267	0.00868	0.00465	0.00458	0.00131	0.00513	0.00440	0.00368	0.20878

[dist]
# distance from previous block
# <min> <max>
54	233

[block]
# block no. 2 follows, 55 sequences, length 9
# corresponding to MSA columns:
# 496-504
name=unknown_C
#
# <colnr> <probs for GDERKNQSTAVLIFYWHMCP>
#	G	D	E	R	K	N	Q	S	T	A	V	L	I	F	Y	W	H	M	C	P
0	0.01427	0.01008	0.01161	0.00927	0.03424	0.00981	0.00728	0.27419	0.10984	0.13853	0.01203	0.01206	0.00881	0.00487	0.00422	0.00116	0.00416	0.00386	0.00406	0.32564
1	0.45390	0.01090	0.01120	0.01273	0.20943	0.08592	0.00810	0.06356	0.01038	0.08299	0.00837	0.00952	0.00641	0.00452	0.00369	0.00140	0.00465	0.00325	0.00303	0.00607
2	0.00796	0.00578	0.00851	0.08836	0.01111	0.00636	0.00655	0.00981	0.00820	0.05732	0.01199	0.01675	0.01064	0.02729	0.61488	0.00591	0.01051	0.00467	0.00266	0.08473
3	0.01108	0.43985	0.20757	0.01237	0.13358	0.01422	0.01104	0.01375	0.00984	0.01277	0.00905	0.01308	0.00822	0.00499	0.00391	0.00128	0.00544	0.07949	0.00226	0.00623
4	0.01661	0.00867	0.01123	0.00907	0.01221	0.00862	0.03509	0.07780	0.20508	0.45272	0.01707	0.01599	0.01176	0.00870	0.08517	0.00207	0.00496	0.00484	0.00498	0.00735
5	0.01809	0.00730	0.00991	0.00781	0.01092	0.00636	0.00636	0.01997	0.01329	0.65667	0.17135	0.01951	0.01781	0.00649	0.00484	0.00144	0.00362	0.00540	0.00563	0.00723
6	0.00590	0.00432	0.00567	0.00630	0.00689	0.00410	0.00440	0.00707	0.00965	0.01299	0.15855	0.54208	0.10583	0.01544	0.08546	0.00233	0.00354	0.01127	0.00428	0.00393
7	0.00793	0.00569	0.00772	0.00740	0.00850	0.00647	0.00575	0.08534	0.00908	0.01318	0.01268	0.01797	0.01150	0.06060	0.62860	0.00615	0.01044	0.00491	0.08563	0.00449
8	0.04832	0.01620	0.01331	0.01095	0.01413	0.31974	0.00870	0.44438	0.01778	0.04789	0.00972	0.01013	0.00720	0.00524	0.00442	0.00132	0.00627	0.00369	0.00377	0.00685

[dist]
# distance from previous block
# <min> <max>
2	3

[block]
# block no. 3 follows, 55 sequences, length 8
# corresponding to MSA columns:
# 508-515
name=unknown_D
#
# <colnr> <probs for GDERKNQSTAVLIFYWHMCP>
#	G	D	E	R	K	N	Q	S	T	A	V	L	I	F	Y	W	H	M	C	P
0	0.00766	0.00585	0.00787	0.00797	0.00936	0.00581	0.00670	0.00968	0.01053	0.01440	0.14092	0.03952	0.04558	0.01238	0.06173	0.00220	0.05072	0.44585	0.00397	0.11128
1	0.00800	0.00675	0.00810	0.00789	0.00900	0.06182	0.00605	0.01096	0.10620	0.01181	0.01304	0.01820	0.01188	0.07628	0.61493	0.00614	0.01063	0.00499	0.00278	0.00456
2	0.00828	0.00604	0.00929	0.00804	0.00980	0.00560	0.10264	0.01060	0.01244	0.07770	0.49966	0.03347	0.07743	0.00910	0.00555	0.00157	0.00332	0.10994	0.00467	0.00485
3	0.01854	0.01337	0.01288	0.01048	0.01371	0.29295	0.06683	0.02072	0.04330	0.43871	0.01377	0.01302	0.00934	0.00530	0.00457	0.00137	0.00580	0.00417	0.00428	0.00688
4	0.01098	0.01255	0.02745	0.01961	0.02431	0.01176	0.79059	0.01490	0.01098	0.01490	0.00941	0.01255	0.00706	0.00392	0.00549	0.00157	0.00784	0.00549	0.00235	0.00627
5	0.13640	0.01281	0.02102	0.01630	0.05837	0.11134	0.48279	0.01574	0.01097	0.07546	0.00936	0.01151	0.00699	0.00424	0.00485	0.00149	0.00689	0.00462	0.00269	0.00616
6	0.05181	0.01271	0.01817	0.01441	0.05474	0.07923	0.28189	0.25725	0.04827	0.07726	0.01051	0.01183	0.00775	0.00499	0.00537	0.00148	0.04755	0.00455	0.00343	0.00681
7	0.16151	0.01040	0.01415	0.01215	0.07510	0.05495	0.18177	0.07802	0.07119	0.14744	0.01565	0.01610	0.10722	0.00576	0.00491	0.00149	0.02734	0.00498	0.00360	0.00625

[dist]
# distance from previous block
# <min> <max>
12	59

[block]
# block no. 4 follows, 55 sequences, length 52
# corresponding to MSA columns:
# 600-651
name=unknown_E
#
# <colnr> <probs for GDERKNQSTAVLIFYWHMCP>
#	G	D	E	R	K	N	Q	S	T	A	V	L	I	F	Y	W	H	M	C	P
0	0.20332	0.00862	0.00931	0.00998	0.09492	0.07283	0.00716	0.03158	0.03194	0.07909	0.07849	0.07043	0.03706	0.00788	0.00479	0.00160	0.00423	0.20323	0.00375	0.03979
1	0.10755	0.01031	0.01691	0.04655	0.45624	0.01035	0.11710	0.01434	0.02663	0.05131	0.00945	0.01215	0.00770	0.02736	0.02603	0.00164	0.00559	0.00422	0.00261	0.04594
2	0.10684	0.01019	0.01254	0.08631	0.05632	0.09231	0.09505	0.05874	0.05665	0.17327	0.02570	0.01496	0.04709	0.03781	0.04240	0.00179	0.00542	0.00454	0.00352	0.06856
3	0.00992	0.00871	0.01229	0.13843	0.05197	0.06010	0.10127	0.05378	0.01113	0.03343	0.01591	0.07334	0.01579	0.00816	0.00534	0.00166	0.00519	0.29613	0.00340	0.09406
4	0.00963	0.00855	0.01433	0.70306	0.11373	0.01025	0.01279	0.01263	0.00962	0.04878	0.00878	0.01247	0.00657	0.00465	0.00465	0.00153	0.00603	0.00416	0.00226	0.00553
5	0.01170	0.00844	0.01044	0.04588	0.03355	0.02808	0.02524	0.02755	0.08148	0.15694	0.01339	0.10491	0.01146	0.00572	0.00430	0.00117	0.00394	0.02153	0.00365	0.40063
6	0.06682	0.01095	0.01742	0.02571	0.70096	0.03237	0.01312	0.01412	0.01060	0.01561	0.04211	0.01215	0.00872	0.00440	0.00452	0.00138	0.00534	0.00419	0.00246	0.00704
7	0.01200	0.00973	0.01477	0.01095	0.01470	0.04207	0.23326	0.01460	0.02778	0.14793	0.01130	0.03260	0.00905	0.05811	0.00567	0.00139	0.00507	0.00444	0.00321	0.34136
8	0.01300	0.00843	0.01082	0.00796	0.01192	0.00684	0.04177	0.01549	0.04047	0.24331	0.01161	0.01184	0.00850	0.00424	0.00394	0.00098	0.00380	0.00353	0.00367	0.54789
9	0.01074	0.00915	0.01010	0.00738	0.01140	0.04094	0.00590	0.06260	0.01067	0.03369	0.00864	0.00983	0.00702	0.00369	0.00358	0.00077	0.00377	0.00290	0.00293	0.75427
10	0.01103	0.01056	0.01801	0.16933	0.67048	0.01093	0.01404	0.01386	0.01036	0.01461	0.00867	0.01167	0.00716	0.00423	0.00461	0.00141	0.00565	0.00414	0.00226	0.00698
11	0.01146	0.00851	0.01001	0.00734	0.01125	0.00693	0.00591	0.08250	0.01129	0.10306	0.04319	0.01151	0.00904	0.00414	0.00377	0.00087	0.00360	0.00333	0.00335	0.65894
12	0.01082	0.01222	0.02654	0.01910	0.02364	0.01147	0.75476	0.01466	0.01097	0.01486	0.01011	0.01438	0.00796	0.00433	0.00553	0.00159	0.00768	0.04075	0.00244	0.00618
13	0.01057	0.01270	0.07624	0.01798	0.02260	0.01107	0.66687	0.01435	0.01075	0.01477	0.01003	0.04979	0.00806	0.00442	0.00534	0.00153	0.00733	0.00558	0.00244	0.04759
14	0.00567	0.00421	0.00530	0.00610	0.00666	0.00383	0.00416	0.00661	0.00943	0.01230	0.06279	0.64170	0.18665	0.01380	0.00583	0.00181	0.00261	0.01234	0.00435	0.00383
15	0.00996	0.00989	0.01383	0.01194	0.01195	0.01375	0.00990	0.01097	0.00721	0.01123	0.00703	0.04929	0.00728	0.00845	0.01482	0.00203	0.78878	0.00451	0.00214	0.00503
16	0.00665	0.00498	0.00748	0.00748	0.00831	0.00582	0.00582	0.00831	0.00748	0.01080	0.01246	0.01828	0.01163	0.03489	0.81807	0.00748	0.01246	0.00498	0.00249	0.00415
17	0.00867	0.00434	0.00434	0.00434	0.00542	0.00434	0.00325	0.01084	0.00976	0.01734	0.01518	0.01734	0.01192	0.00542	0.00325	0.00108	0.00217	0.00434	0.86233	0.00434
18	0.01108	0.48172	0.37003	0.01028	0.01553	0.01507	0.01201	0.01428	0.00961	0.01261	0.00729	0.00850	0.00594	0.00417	0.00361	0.00120	0.00581	0.00290	0.00198	0.00637
19	0.00658	0.00476	0.00622	0.00585	0.00695	0.00439	0.00439	0.00878	0.01317	0.01866	0.80503	0.03475	0.04390	0.00951	0.00549	0.00146	0.00219	0.00841	0.00512	0.00439
20	0.00867	0.00434	0.00434	0.00434	0.00542	0.00434	0.00325	0.01084	0.00976	0.01734	0.01518	0.01734	0.01192	0.00542	0.00325	0.00108	0.00217	0.00434	0.86233	0.00434
21	0.01093	0.01045	0.01782	0.20016	0.64047	0.01090	0.01399	0.01376	0.01032	0.01449	0.00865	0.01171	0.00712	0.00425	0.00462	0.00142	0.00567	0.00414	0.00225	0.00689
22	0.00550	0.00471	0.00471	0.00471	0.00628	0.00393	0.00353	0.00668	0.01060	0.01257	0.04713	0.04477	0.80560	0.01178	0.00550	0.00157	0.00236	0.00982	0.00432	0.00393
23	0.01768	0.01303	0.01396	0.01070	0.01443	0.01443	0.00884	0.79197	0.02187	0.02932	0.01117	0.01117	0.00791	0.00558	0.00465	0.00140	0.00512	0.00419	0.00465	0.00791
24	0.00867	0.00434	0.00434	0.00434	0.00542	0.00434	0.00325	0.01084	0.00976	0.01734	0.01518	0.01734	0.01192	0.00542	0.00325	0.00108	0.00217	0.00434	0.86233	0.00434
25	0.06119	0.00797	0.01061	0.00817	0.01174	0.00701	0.00675	0.02224	0.01306	0.77318	0.01779	0.01544	0.01121	0.00569	0.00459	0.00144	0.00394	0.00458	0.00562	0.00778
26	0.86937	0.00900	0.00684	0.00612	0.00900	0.01044	0.00504	0.01368	0.00792	0.02087	0.00648	0.00756	0.00504	0.00432	0.00288	0.00144	0.00360	0.00252	0.00288	0.00504
27	0.00977	0.00838	0.00970	0.00706	0.01109	0.00655	0.00563	0.01255	0.06059	0.01544	0.00896	0.01014	0.00736	0.00363	0.00353	0.00075	0.00346	0.00292	0.00288	0.80961
28	0.01065	0.01202	0.02608	0.01879	0.02322	0.01127	0.74157	0.01438	0.01085	0.01471	0.01042	0.06373	0.00854	0.00459	0.00552	0.00159	0.00752	0.00597	0.00248	0.00612
29	0.01157	0.00999	0.01052	0.00947	0.01210	0.01157	0.00736	0.02472	0.79908	0.01946	0.01893	0.01736	0.01420	0.00631	0.00473	0.00158	0.00368	0.00526	0.00473	0.00736
30	0.00665	0.00498	0.00748	0.00748	0.00831	0.00582	0.00582	0.00831	0.00748	0.01080	0.01246	0.01828	0.01163	0.03489	0.81807	0.00748	0.01246	0.00498	0.00249	0.00415
31	0.00943	0.00892	0.01511	0.63842	0.21394	0.01050	0.01324	0.01245	0.00961	0.01266	0.00838	0.01219	0.00648	0.00453	0.00464	0.00151	0.00604	0.00414	0.00212	0.00568
32	0.00933	0.02406	0.81240	0.01326	0.02014	0.01080	0.01719	0.01473	0.00982	0.01473	0.00835	0.00982	0.00589	0.00442	0.00442	0.00147	0.00688	0.00344	0.00196	0.00688
33	0.01018	0.01018	0.01425	0.01221	0.01221	0.01425	0.01018	0.01120	0.00712	0.01120	0.00611	0.01018	0.00611	0.00814	0.01527	0.00204	0.82799	0.00407	0.00204	0.00509
34	0.00567	0.00405	0.00540	0.00648	0.00675	0.00378	0.00432	0.00648	0.00891	0.01188	0.02564	0.83347	0.03077	0.01457	0.00594	0.00189	0.00270	0.01323	0.00432	0.00378
35	0.00960	0.09366	0.74513	0.01281	0.01944	0.01145	0.01640	0.01466	0.00979	0.01441	0.00819	0.00962	0.00590	0.00438	0.00430	0.00143	0.00671	0.00336	0.00197	0.00680
36	0.86937	0.00900	0.00684	0.00612	0.00900	0.01044	0.00504	0.01368	0.00792	0.02087	0.00648	0.00756	0.00504	0.00432	0.00288	0.00144	0.00360	0.00252	0.00288	0.00504
37	0.01123	0.01257	0.02694	0.01927	0.02394	0.01186	0.76126	0.04406	0.01139	0.01544	0.00948	0.01250	0.00709	0.00398	0.00546	0.00156	0.00774	0.00544	0.00244	0.00634
38	0.01123	0.01077	0.01838	0.11057	0.72766	0.01098	0.01414	0.01403	0.01046	0.01486	0.00870	0.01161	0.00725	0.00420	0.00461	0.00140	0.00560	0.00414	0.00228	0.00714
39	0.01018	0.01018	0.01425	0.01221	0.01221	0.01425	0.01018	0.01120	0.00712	0.01120	0.00611	0.01018	0.00611	0.00814	0.01527	0.00204	0.82799	0.00407	0.00204	0.00509
40	0.01151	0.01105	0.01888	0.02855	0.80748	0.01105	0.01428	0.01428	0.01059	0.01520	0.00875	0.01151	0.00737	0.00415	0.00461	0.00138	0.00553	0.00415	0.00230	0.00737
41	0.01144	0.01098	0.01876	0.04912	0.78747	0.01104	0.01424	0.01422	0.01056	0.01511	0.00874	0.01154	0.00734	0.00416	0.00461	0.00139	0.00554	0.00414	0.00230	0.00731
42	0.01033	0.00984	0.01674	0.37473	0.47058	0.01074	0.01369	0.01324	0.01003	0.01376	0.00854	0.01190	0.00686	0.00436	0.00463	0.00145	0.00582	0.00414	0.00220	0.00641
43	0.00933	0.02406	0.81240	0.01326	0.02014	0.01080	0.01719	0.01473	0.00982	0.01473	0.00835	0.00982	0.00589	0.00442	0.00442	0.00147	0.00688	0.00344	0.00196	0.00688
44	0.01897	0.00825	0.01164	0.00900	0.01244	0.00741	0.05489	0.07058	0.01341	0.65433	0.01786	0.07388	0.01239	0.00627	0.00482	0.00148	0.00418	0.00531	0.00537	0.00752
45	0.01630	0.00998	0.01104	0.00907	0.01195	0.06143	0.00722	0.31161	0.01565	0.29745	0.01640	0.18200	0.01375	0.00745	0.00490	0.00150	0.00443	0.00614	0.00482	0.00690
46	0.00879	0.00694	0.01063	0.00938	0.01112	0.00682	0.14029	0.06142	0.08307	0.05298	0.10565	0.41032	0.02407	0.01038	0.00558	0.00172	0.00389	0.03769	0.00419	0.00508
47	0.01151	0.01105	0.01888	0.02855	0.80748	0.01105	0.01428	0.01428	0.01059	0.01520	0.00875	0.01151	0.00737	0.00415	0.00461	0.00138	0.00553	0.00415	0.00230	0.00737
48	0.02851	0.00731	0.06138	0.00849	0.01053	0.00615	0.06268	0.03068	0.01145	0.11901	0.19266	0.17087	0.06249	0.00988	0.00554	0.00171	0.00385	0.19735	0.00435	0.00509
49	0.12410	0.02979	0.01298	0.00956	0.01320	0.00883	0.13553	0.07876	0.03374	0.24746	0.01359	0.01396	0.04641	0.01928	0.00463	0.00135	0.00449	0.00432	0.00384	0.19418
50	0.07714	0.01028	0.01573	0.01185	0.01564	0.01010	0.23233	0.13049	0.09685	0.32944	0.01397	0.01379	0.00954	0.00516	0.00479	0.00149	0.00519	0.00475	0.00431	0.00718
51	0.04542	0.06849	0.07275	0.01137	0.01514	0.01105	0.17901	0.17151	0.12098	0.12231	0.08211	0.01445	0.01180	0.00534	0.00467	0.00142	0.00509	0.00475	0.00381	0.04853

[dist]
# distance from previous block
# <min> <max>
2	20

[block]
# block no. 5 follows, 55 sequences, length 54
# corresponding to MSA columns:
# 787-833,838-840,846-849
name=unknown_F
#
# <colnr> <probs for GDERKNQSTAVLIFYWHMCP>
#	G	D	E	R	K	N	Q	S	T	A	V	L	I	F	Y	W	H	M	C	P
0	0.10789	0.01187	0.01398	0.23101	0.01924	0.16057	0.11042	0.07149	0.05267	0.12275	0.01014	0.01165	0.00743	0.00479	0.00443	0.00141	0.00590	0.00399	0.00311	0.04526
1	0.24272	0.01020	0.01120	0.31544	0.01893	0.11421	0.02381	0.01371	0.00977	0.05263	0.02268	0.01091	0.00700	0.00458	0.00397	0.00136	0.00523	0.00352	0.01914	0.10900
2	0.20990	0.00841	0.01069	0.18170	0.01553	0.00873	0.00781	0.03046	0.01104	0.39197	0.01261	0.01273	0.00850	0.00518	0.00455	0.00145	0.03009	0.00397	0.00407	0.04063
3	0.61978	0.00918	0.00851	0.00716	0.01026	0.01008	0.03107	0.03922	0.06828	0.06908	0.00855	0.00927	0.00645	0.00450	0.00332	0.00138	0.00380	0.00303	0.00322	0.08386
4	0.07819	0.01768	0.01244	0.01201	0.07275	0.53236	0.00859	0.07250	0.04891	0.02774	0.01112	0.01189	0.06368	0.00535	0.00429	0.00129	0.00687	0.00375	0.00289	0.00572
5	0.01677	0.01347	0.01235	0.01005	0.01312	0.20798	0.00803	0.38946	0.01738	0.14494	0.10708	0.01406	0.01234	0.00589	0.00465	0.00136	0.00538	0.00448	0.00433	0.00687
6	0.00591	0.00421	0.00558	0.00642	0.00671	0.00409	0.00430	0.00671	0.00849	0.01142	0.02290	0.64884	0.02704	0.11591	0.09551	0.00281	0.00397	0.01156	0.00394	0.00370
7	0.00928	0.00889	0.01403	0.50666	0.06039	0.01142	0.01185	0.01168	0.00879	0.01203	0.03249	0.01236	0.00740	0.00588	0.00803	0.00169	0.26550	0.00425	0.00216	0.00522
8	0.00867	0.00434	0.00434	0.00434	0.00542	0.00434	0.00325	0.01084	0.00976	0.01734	0.01518	0.01734	0.01192	0.00542	0.00325	0.00108	0.00217	0.00434	0.86233	0.00434
9	0.01011	0.17929	0.57385	0.01295	0.01903	0.01237	0.10141	0.01460	0.00988	0.01402	0.00811	0.00967	0.00604	0.00428	0.00426	0.00139	0.00662	0.00348	0.00201	0.00663
10	0.00567	0.00405	0.00540	0.00648	0.00675	0.00378	0.00432	0.00648	0.00891	0.01188	0.02564	0.83347	0.03077	0.01457	0.00594	0.00189	0.00270	0.01323	0.00432	0.00378
11	0.00867	0.00434	0.00434	0.00434	0.00542	0.00434	0.00325	0.01084	0.00976	0.01734	0.01518	0.01734	0.01192	0.00542	0.00325	0.00108	0.00217	0.00434	0.86233	0.00434
12	0.04897	0.68215	0.04681	0.00820	0.01218	0.01683	0.00809	0.05007	0.01024	0.06937	0.00759	0.00831	0.00641	0.00421	0.00322	0.00108	0.00491	0.00275	0.00242	0.00619
13	0.00650	0.00475	0.00611	0.00577	0.00690	0.00435	0.00433	0.00862	0.01298	0.01820	0.74819	0.03550	0.10102	0.00968	0.00549	0.00147	0.00221	0.00852	0.00506	0.00435
14	0.01165	0.00982	0.01045	0.00928	0.01188	0.01123	0.00725	0.08104	0.68043	0.02014	0.07873	0.01823	0.01601	0.00650	0.00479	0.00156	0.00368	0.00542	0.00476	0.00718
15	0.00867	0.00434	0.00434	0.00434	0.00542	0.00434	0.00325	0.01084	0.00976	0.01734	0.01518	0.01734	0.01192	0.00542	0.00325	0.00108	0.00217	0.00434	0.86233	0.00434
16	0.01157	0.00999	0.01052	0.00947	0.01210	0.01157	0.00736	0.02472	0.79908	0.01946	0.01893	0.01736	0.01420	0.00631	0.00473	0.00158	0.00368	0.00526	0.00473	0.00736
17	0.86937	0.00900	0.00684	0.00612	0.00900	0.01044	0.00504	0.01368	0.00792	0.02087	0.00648	0.00756	0.00504	0.00432	0.00288	0.00144	0.00360	0.00252	0.00288	0.00504
18	0.01676	0.01566	0.01341	0.01125	0.01425	0.37679	0.06406	0.11495	0.13459	0.17413	0.01186	0.01188	0.00866	0.00525	0.00452	0.00136	0.00635	0.00400	0.00370	0.00657
19	0.01244	0.83930	0.02438	0.00796	0.01194	0.01841	0.00796	0.01393	0.00945	0.01095	0.00647	0.00746	0.00597	0.00398	0.00299	0.00100	0.00498	0.00249	0.00199	0.00597
20	0.02063	0.00830	0.01103	0.00846	0.01207	0.00741	0.00699	0.08037	0.01396	0.75211	0.01781	0.01548	0.01125	0.00574	0.00468	0.00144	0.00405	0.00464	0.00568	0.00792
21	0.00665	0.00497	0.00741	0.00741	0.00821	0.00578	0.00573	0.00826	0.00746	0.01075	0.01252	0.01863	0.01178	0.05815	0.79502	0.00739	0.01223	0.00504	0.00250	0.00411
22	0.08120	0.00833	0.01072	0.00828	0.01184	0.00759	0.00684	0.07202	0.01349	0.70358	0.01704	0.01494	0.01082	0.00564	0.00455	0.00144	0.00401	0.00449	0.00548	0.00771
23	0.02087	0.00792	0.01080	0.00828	0.01188	0.00684	0.00684	0.02267	0.01332	0.81071	0.01835	0.01583	0.01152	0.00576	0.00468	0.00144	0.00396	0.00468	0.00576	0.00792
24	0.01018	0.01018	0.01425	0.01221	0.01221	0.01425	0.01018	0.01120	0.00712	0.01120	0.00611	0.01018	0.00611	0.00814	0.01527	0.00204	0.82799	0.00407	0.00204	0.00509
25	0.00589	0.00460	0.00535	0.00544	0.00660	0.00405	0.00397	0.00733	0.01112	0.01444	0.29359	0.19718	0.40065	0.01158	0.00558	0.00160	0.00237	0.01003	0.00458	0.00405
26	0.00879	0.00827	0.01395	0.82532	0.03204	0.01034	0.01292	0.01189	0.00930	0.01189	0.00827	0.01240	0.00620	0.00465	0.00465	0.00155	0.00620	0.00413	0.00207	0.00517
27	0.86937	0.00900	0.00684	0.00612	0.00900	0.01044	0.00504	0.01368	0.00792	0.02087	0.00648	0.00756	0.00504	0.00432	0.00288	0.00144	0.00360	0.00252	0.00288	0.00504
28	0.01753	0.00926	0.01054	0.00840	0.01157	0.06550	0.00681	0.14954	0.01441	0.48675	0.05581	0.01897	0.11045	0.00658	0.00478	0.00143	0.00419	0.00528	0.00512	0.00708
29	0.01151	0.01105	0.01888	0.02855	0.80748	0.01105	0.01428	0.01428	0.01059	0.01520	0.00875	0.01151	0.00737	0.00415	0.00461	0.00138	0.00553	0.00415	0.00230	0.00737
30	0.01018	0.01018	0.01425	0.01221	0.01221	0.01425	0.01018	0.01120	0.00712	0.01120	0.00611	0.01018	0.00611	0.00814	0.01527	0.00204	0.82799	0.00407	0.00204	0.00509
31	0.01106	0.01229	0.02622	0.01884	0.02337	0.01161	0.73522	0.04421	0.01133	0.01535	0.01001	0.03923	0.00786	0.00433	0.00547	0.00157	0.00757	0.00569	0.00250	0.00626
32	0.01151	0.01105	0.01888	0.02855	0.80748	0.01105	0.01428	0.01428	0.01059	0.01520	0.00875	0.01151	0.00737	0.00415	0.00461	0.00138	0.00553	0.00415	0.00230	0.00737
33	0.00658	0.00476	0.00622	0.00585	0.00695	0.00439	0.00439	0.00878	0.01317	0.01866	0.80503	0.03475	0.04390	0.00951	0.00549	0.00146	0.00219	0.00841	0.00512	0.00439
34	0.00676	0.00509	0.00674	0.00639	0.00732	0.00507	0.00482	0.00873	0.01229	0.01742	0.66689	0.11307	0.03974	0.00992	0.00627	0.00155	0.06418	0.00857	0.00481	0.00438
35	0.01137	0.01116	0.01704	0.02494	0.65909	0.07081	0.01289	0.01385	0.01067	0.01462	0.01047	0.07293	0.00972	0.00529	0.00474	0.00143	0.00549	0.03412	0.00253	0.00684
36	0.00567	0.00405	0.00540	0.00648	0.00675	0.00378	0.00432	0.00648	0.00891	0.01188	0.02564	0.83347	0.03077	0.01457	0.00594	0.00189	0.00270	0.01323	0.00432	0.00378
37	0.01018	0.01018	0.01425	0.01221	0.01221	0.01425	0.01018	0.01120	0.00712	0.01120	0.00611	0.01018	0.00611	0.00814	0.01527	0.00204	0.82799	0.00407	0.00204	0.00509
38	0.01213	0.01029	0.01351	0.01116	0.01422	0.01127	0.14462	0.02285	0.60487	0.07511	0.01722	0.01641	0.01276	0.00585	0.00486	0.00157	0.00443	0.00526	0.00439	0.00721
39	0.01043	0.00964	0.01613	0.11073	0.56786	0.00986	0.01281	0.01311	0.01048	0.01459	0.01180	0.01961	0.01103	0.00590	0.00497	0.00155	0.00536	0.15495	0.00266	0.00653
40	0.00567	0.00405	0.00540	0.00648	0.00675	0.00378	0.00432	0.00648	0.00891	0.01188	0.02564	0.83347	0.03077	0.01457	0.00594	0.00189	0.00270	0.01323	0.00432	0.00378
41	0.86937	0.00900	0.00684	0.00612	0.00900	0.01044	0.00504	0.01368	0.00792	0.02087	0.00648	0.00756	0.00504	0.00432	0.00288	0.00144	0.00360	0.00252	0.00288	0.00504
42	0.01151	0.01105	0.01888	0.02855	0.80748	0.01105	0.01428	0.01428	0.01059	0.01520	0.00875	0.01151	0.00737	0.00415	0.00461	0.00138	0.00553	0.00415	0.00230	0.00737
43	0.00965	0.00827	0.00965	0.00689	0.01102	0.00620	0.00551	0.01171	0.00965	0.01516	0.00827	0.00965	0.00689	0.00345	0.00345	0.00069	0.00345	0.00276	0.00276	0.86494
44	0.00558	0.00472	0.00482	0.00479	0.00633	0.00396	0.00360	0.00683	0.01079	0.01300	0.10120	0.04406	0.75125	0.01162	0.00550	0.00156	0.00234	0.00972	0.00438	0.00396
45	0.00965	0.00827	0.00965	0.00689	0.01102	0.00620	0.00551	0.01171	0.00965	0.01516	0.00827	0.00965	0.00689	0.00345	0.00345	0.00069	0.00345	0.00276	0.00276	0.86494
46	0.01435	0.07168	0.11106	0.00966	0.01385	0.01159	0.00879	0.36802	0.04013	0.08024	0.01055	0.01090	0.00774	0.00484	0.00421	0.00121	0.00478	0.00369	0.00375	0.21896
47	0.01292	0.07155	0.03787	0.00895	0.01224	0.00842	0.09364	0.03041	0.10834	0.24773	0.07837	0.01874	0.10115	0.00611	0.00459	0.00135	0.00410	0.00524	0.03828	0.11001
48	0.01139	0.39754	0.33295	0.01027	0.01529	0.07449	0.01150	0.01444	0.00989	0.01277	0.00739	0.00862	0.00601	0.00418	0.00367	0.00118	0.00587	0.00292	0.00207	0.06757
49	0.00957	0.00928	0.06678	0.00758	0.01156	0.00684	0.00654	0.01272	0.06903	0.01551	0.03575	0.01295	0.00945	0.00434	0.00381	0.00090	0.00370	0.03739	0.00299	0.67331
50	0.01172	0.13304	0.10360	0.01419	0.21014	0.02945	0.01009	0.01826	0.29792	0.05516	0.05948	0.01437	0.01182	0.00535	0.00444	0.00141	0.00471	0.00448	0.00344	0.00692
51	0.01012	0.00766	0.01054	0.01187	0.19402	0.00728	0.00737	0.01361	0.10554	0.09330	0.28928	0.02199	0.04890	0.02490	0.00521	0.00141	0.00356	0.00586	0.00405	0.13350
52	0.02397	0.00636	0.00775	0.00870	0.08254	0.03769	0.00577	0.01045	0.04672	0.07544	0.16750	0.31247	0.15055	0.01055	0.00540	0.00164	0.00325	0.03413	0.00430	0.00483
53	0.24428	0.01169	0.01110	0.01116	0.11472	0.18087	0.02259	0.06264	0.02719	0.09194	0.07145	0.01435	0.06665	0.00566	0.00450	0.00140	0.02880	0.00426	0.00335	0.02139

[dist]
# distance from previous block
# <min> <max>
4	103

[block]
# block no. 6 follows, 55 sequences, length 15
# corresponding to MSA columns:
# 1006-1020
name=unknown_G
#
# <colnr> <probs for GDERKNQSTAVLIFYWHMCP>
#	G	D	E	R	K	N	Q	S	T	A	V	L	I	F	Y	W	H	M	C	P
0	0.20223	0.14503	0.13931	0.00906	0.03443	0.04033	0.02770	0.07330	0.02417	0.02681	0.11014	0.01658	0.07296	0.00594	0.00414	0.00139	0.00451	0.02781	0.02850	0.00568
1	0.06567	0.28012	0.25350	0.01054	0.04094	0.01324	0.01066	0.09675	0.07174	0.10098	0.00982	0.01034	0.00736	0.00467	0.00395	0.00131	0.00528	0.00345	0.00294	0.00674
2	0.07049	0.13205	0.24320	0.01125	0.09556	0.01037	0.01025	0.06895	0.01124	0.05573	0.12074	0.01521	0.03055	0.00547	0.00429	0.00133	0.00484	0.02357	0.00307	0.08183
3	0.01211	0.14748	0.10093	0.00861	0.01185	0.02871	0.02959	0.06644	0.07065	0.16684	0.12141	0.04746	0.08659	0.00671	0.00458	0.00139	0.00425	0.02542	0.01956	0.03941
4	0.10014	0.15202	0.08043	0.00867	0.03102	0.02395	0.00755	0.04270	0.12134	0.07488	0.14512	0.02029	0.07644	0.00676	0.00472	0.00144	0.02370	0.05495	0.00371	0.02019
5	0.03233	0.06306	0.17445	0.00951	0.01301	0.01034	0.02071	0.17368	0.16804	0.01881	0.11331	0.05801	0.05219	0.00668	0.00469	0.00146	0.00448	0.02804	0.00381	0.04338
6	0.10496	0.14851	0.05481	0.00909	0.01247	0.12858	0.02577	0.07879	0.04037	0.15394	0.03396	0.03618	0.00931	0.00520	0.00432	0.00127	0.02664	0.00388	0.00339	0.11854
7	0.03665	0.08594	0.49426	0.01142	0.01679	0.02924	0.01320	0.03638	0.09770	0.09766	0.01082	0.03164	0.00805	0.00502	0.00436	0.00144	0.00585	0.00392	0.00283	0.00682
8	0.01144	0.15509	0.10894	0.01335	0.18948	0.09313	0.00975	0.01472	0.07072	0.01434	0.00878	0.01017	0.00719	0.00416	0.00391	0.00111	0.00510	0.00331	0.00255	0.27277
9	0.01274	0.38510	0.20293	0.01212	0.09663	0.14209	0.01096	0.06340	0.01102	0.01347	0.00754	0.00880	0.00622	0.00433	0.00378	0.00120	0.00602	0.00306	0.00225	0.00635
10	0.00589	0.00473	0.00525	0.00512	0.00652	0.00409	0.00384	0.00743	0.01153	0.01476	0.31956	0.04117	0.53180	0.01097	0.00549	0.00153	0.00230	0.00931	0.00461	0.00409
11	0.01131	0.01237	0.04014	0.04743	0.20127	0.09423	0.32470	0.01560	0.10907	0.01483	0.01139	0.07534	0.00967	0.00522	0.00503	0.00151	0.00637	0.00538	0.00277	0.00636
12	0.00904	0.00756	0.00885	0.00667	0.01008	0.00584	0.00514	0.01080	0.00929	0.01427	0.01026	0.07495	0.00976	0.09044	0.00573	0.00118	0.00350	0.00397	0.00288	0.70978
13	0.00658	0.00476	0.00622	0.00585	0.00695	0.00439	0.00439	0.00878	0.01317	0.01866	0.80503	0.03475	0.04390	0.00951	0.00549	0.00146	0.00219	0.00841	0.00512	0.00439
14	0.78163	0.00889	0.00725	0.00634	0.00929	0.01006	0.00522	0.01461	0.00848	0.10254	0.00771	0.00841	0.00571	0.00447	0.00307	0.00144	0.00364	0.00274	0.00318	0.00534

[dist]
# distance from previous block
# <min> <max>
11	15

[block]
# block no. 7 follows, 55 sequences, length 47
# corresponding to MSA columns:
# 1037-1083
name=unknown_H
#
# <colnr> <probs for GDERKNQSTAVLIFYWHMCP>
#	G	D	E	R	K	N	Q	S	T	A	V	L	I	F	Y	W	H	M	C	P
0	0.01662	0.01246	0.01361	0.01108	0.04174	0.01377	0.00877	0.67662	0.08679	0.02767	0.03548	0.01241	0.00950	0.00571	0.00468	0.00141	0.00492	0.00440	0.00459	0.00774
1	0.00677	0.00451	0.00507	0.00507	0.00507	0.00451	0.00282	0.00677	0.00677	0.00902	0.01466	0.03044	0.01691	0.83650	0.02368	0.00451	0.00451	0.00677	0.00282	0.00282
2	0.01682	0.02076	0.01311	0.01179	0.01412	0.72136	0.00893	0.05834	0.01337	0.01248	0.02592	0.00923	0.00698	0.00509	0.00474	0.00125	0.04444	0.00323	0.00256	0.00549
3	0.00867	0.00434	0.00434	0.00434	0.00542	0.00434	0.00325	0.01084	0.00976	0.01734	0.01518	0.01734	0.01192	0.00542	0.00325	0.00108	0.00217	0.00434	0.86233	0.00434
4	0.01151	0.01105	0.01888	0.02855	0.80748	0.01105	0.01428	0.01428	0.01059	0.01520	0.00875	0.01151	0.00737	0.00415	0.00461	0.00138	0.00553	0.00415	0.00230	0.00737
5	0.00567	0.00405	0.00540	0.00648	0.00675	0.00378	0.00432	0.00648	0.00891	0.01188	0.02564	0.83347	0.03077	0.01457	0.00594	0.00189	0.00270	0.01323	0.00432	0.00378
6	0.00867	0.00434	0.00434	0.00434	0.00542	0.00434	0.00325	0.01084	0.00976	0.01734	0.01518	0.01734	0.01192	0.00542	0.00325	0.00108	0.00217	0.00434	0.86233	0.00434
7	0.01046	0.32071	0.52566	0.01133	0.01715	0.01357	0.01383	0.01444	0.00969	0.01335	0.00766	0.00896	0.00592	0.00426	0.00390	0.00130	0.00618	0.00309	0.00197	0.00655
8	0.00867	0.00434	0.00434	0.00434	0.00542	0.00434	0.00325	0.01084	0.00976	0.01734	0.01518	0.01734	0.01192	0.00542	0.00325	0.00108	0.00217	0.00434	0.86233	0.00434
9	0.01058	0.00995	0.01663	0.36474	0.45195	0.01087	0.01351	0.04047	0.01044	0.01429	0.00863	0.01188	0.00689	0.00441	0.00463	0.00145	0.00580	0.00414	0.00229	0.00646
10	0.00677	0.00451	0.00507	0.00507	0.00507	0.00451	0.00282	0.00677	0.00677	0.00902	0.01466	0.03044	0.01691	0.83650	0.02368	0.00451	0.00451	0.00677	0.00282	0.00282
11	0.01738	0.02217	0.01318	0.01199	0.01438	0.81783	0.00899	0.01858	0.01318	0.01139	0.00719	0.00839	0.00599	0.00479	0.00419	0.00120	0.00839	0.00300	0.00240	0.00539
12	0.01244	0.83930	0.02438	0.00796	0.01194	0.01841	0.00796	0.01393	0.00945	0.01095	0.00647	0.00746	0.00597	0.00398	0.00299	0.00100	0.00498	0.00249	0.00199	0.00597
13	0.00965	0.00827	0.00965	0.00689	0.01102	0.00620	0.00551	0.01171	0.00965	0.01516	0.00827	0.00965	0.00689	0.00345	0.00345	0.00069	0.00345	0.00276	0.00276	0.86494
14	0.01738	0.02217	0.01318	0.01199	0.01438	0.81783	0.00899	0.01858	0.01318	0.01139	0.00719	0.00839	0.00599	0.00479	0.00419	0.00120	0.00839	0.00300	0.00240	0.00539
15	0.02087	0.00792	0.01080	0.00828	0.01188	0.00684	0.00684	0.02267	0.01332	0.81071	0.01835	0.01583	0.01152	0.00576	0.00468	0.00144	0.00396	0.00468	0.00576	0.00792
16	0.01151	0.01105	0.01888	0.02855	0.80748	0.01105	0.01428	0.01428	0.01059	0.01520	0.00875	0.01151	0.00737	0.00415	0.00461	0.00138	0.00553	0.00415	0.00230	0.00737
17	0.01045	0.32705	0.46496	0.01094	0.01638	0.01345	0.01300	0.01452	0.03726	0.01340	0.00856	0.03517	0.00700	0.00464	0.00394	0.00131	0.00592	0.00346	0.00215	0.00646
18	0.00750	0.00535	0.00750	0.00857	0.00964	0.00535	0.00750	0.00964	0.01071	0.01392	0.02463	0.05248	0.02677	0.01285	0.00643	0.00214	0.00428	0.77617	0.00428	0.00428
19	0.01018	0.01018	0.01425	0.01221	0.01221	0.01425	0.01018	0.01120	0.00712	0.01120	0.00611	0.01018	0.00611	0.00814	0.01527	0.00204	0.82799	0.00407	0.00204	0.00509
20	0.00774	0.00563	0.00768	0.00862	0.00979	0.00573	0.00749	0.01054	0.05781	0.01425	0.02429	0.05038	0.02602	0.01246	0.00632	0.00211	0.00425	0.73011	0.00431	0.00447
21	0.01151	0.01105	0.01888	0.02855	0.80748	0.01105	0.01428	0.01428	0.01059	0.01520	0.00875	0.01151	0.00737	0.00415	0.00461	0.00138	0.00553	0.00415	0.00230	0.00737
22	0.86937	0.00900	0.00684	0.00612	0.00900	0.01044	0.00504	0.01368	0.00792	0.02087	0.00648	0.00756	0.00504	0.00432	0.00288	0.00144	0.00360	0.00252	0.00288	0.00504
23	0.00897	0.00843	0.01409	0.77101	0.06598	0.01040	0.01285	0.01229	0.02772	0.01221	0.00854	0.01248	0.00644	0.00467	0.00465	0.00154	0.00611	0.00416	0.00214	0.00532
24	0.00879	0.00827	0.01395	0.82532	0.03204	0.01034	0.01292	0.01189	0.00930	0.01189	0.00827	0.01240	0.00620	0.00465	0.00465	0.00155	0.00620	0.00413	0.00207	0.00517
25	0.01018	0.01018	0.01425	0.01221	0.01221	0.01425	0.01018	0.01120	0.00712	0.01120	0.00611	0.01018	0.00611	0.00814	0.01527	0.00204	0.82799	0.00407	0.00204	0.00509
26	0.00868	0.00813	0.01368	0.79877	0.03122	0.01012	0.01264	0.01171	0.00929	0.01189	0.00883	0.03903	0.00700	0.00497	0.00469	0.00156	0.00609	0.00443	0.00214	0.00512
27	0.00597	0.00417	0.00531	0.00609	0.00629	0.00398	0.00391	0.00656	0.00832	0.01110	0.02265	0.61451	0.02699	0.23868	0.01078	0.00260	0.00319	0.01146	0.00391	0.00352
28	0.01464	0.01096	0.02122	0.01538	0.01966	0.01015	0.49209	0.04441	0.01217	0.29110	0.01257	0.01364	0.00863	0.00462	0.00518	0.00152	0.00640	0.00516	0.00361	0.00690
29	0.00666	0.00493	0.00720	0.00720	0.00793	0.00566	0.00546	0.00813	0.00739	0.01059	0.01272	0.01970	0.01225	0.12863	0.72517	0.00713	0.01153	0.00519	0.00253	0.00400
30	0.01151	0.01105	0.01888	0.02855	0.80748	0.01105	0.01428	0.01428	0.01059	0.01520	0.00875	0.01151	0.00737	0.00415	0.00461	0.00138	0.00553	0.00415	0.00230	0.00737
31	0.01110	0.01063	0.01813	0.15054	0.68877	0.01094	0.01407	0.01391	0.01040	0.01469	0.00868	0.01165	0.00719	0.00422	0.00461	0.00141	0.00563	0.00414	0.00227	0.00703
32	0.01151	0.01105	0.01888	0.02855	0.80748	0.01105	0.01428	0.01428	0.01059	0.01520	0.00875	0.01151	0.00737	0.00415	0.00461	0.00138	0.00553	0.00415	0.00230	0.00737
33	0.00658	0.00476	0.00622	0.00585	0.00695	0.00439	0.00439	0.00878	0.01317	0.01866	0.80503	0.03475	0.04390	0.00951	0.00549	0.00146	0.00219	0.00841	0.00512	0.00439
34	0.01446	0.10748	0.01970	0.01438	0.01781	0.43131	0.29935	0.01671	0.01196	0.01264	0.00794	0.00983	0.00639	0.00438	0.00454	0.00131	0.00782	0.00387	0.00234	0.00578
35	0.00965	0.00827	0.00965	0.00689	0.01102	0.00620	0.00551	0.01171	0.00965	0.01516	0.00827	0.00965	0.00689	0.00345	0.00345	0.00069	0.00345	0.00276	0.00276	0.86494
36	0.01256	0.69365	0.05370	0.00879	0.01279	0.04099	0.03175	0.04146	0.04508	0.01224	0.00737	0.00830	0.00643	0.00418	0.00329	0.00108	0.00518	0.00281	0.00223	0.00613
37	0.00567	0.00405	0.00540	0.00648	0.00675	0.00378	0.00432	0.00648	0.00891	0.01188	0.02564	0.83347	0.03077	0.01457	0.00594	0.00189	0.00270	0.01323	0.00432	0.00378
38	0.00686	0.00702	0.09233	0.00687	0.00871	0.00523	0.02871	0.00924	0.01219	0.01699	0.56874	0.03266	0.14096	0.03593	0.00596	0.00158	0.00296	0.00793	0.00452	0.00460
39	0.00658	0.00476	0.00622	0.00585	0.00695	0.00439	0.00439	0.00878	0.01317	0.01866	0.80503	0.03475	0.04390	0.00951	0.00549	0.00146	0.00219	0.00841	0.00512	0.00439
40	0.01219	0.67053	0.08572	0.01065	0.09723	0.03307	0.00938	0.01412	0.00968	0.01171	0.00687	0.00810	0.00611	0.00405	0.00329	0.00108	0.00525	0.00275	0.00203	0.00618
41	0.00664	0.00482	0.00618	0.00639	0.00733	0.00455	0.00490	0.00833	0.01113	0.01505	0.36024	0.10741	0.12019	0.10874	0.00792	0.00205	0.00307	0.20653	0.00448	0.00407
42	0.01151	0.01105	0.01888	0.02855	0.80748	0.01105	0.01428	0.01428	0.01059	0.01520	0.00875	0.01151	0.00737	0.00415	0.00461	0.00138	0.00553	0.00415	0.00230	0.00737
43	0.00971	0.00832	0.00967	0.00697	0.01106	0.00637	0.00557	0.01212	0.03453	0.01529	0.00860	0.00989	0.00712	0.00354	0.00349	0.00072	0.00345	0.00284	0.00282	0.83791
44	0.01616	0.01296	0.01306	0.01050	0.01385	0.07339	0.00849	0.54638	0.21182	0.02557	0.01278	0.01248	0.00931	0.00570	0.00464	0.00143	0.00501	0.00436	0.00451	0.00759
45	0.05553	0.00588	0.00686	0.00698	0.00825	0.02936	0.00518	0.00894	0.02341	0.01317	0.03529	0.39583	0.03488	0.03660	0.04234	0.03177	0.00379	0.11635	0.00376	0.13582
46	0.01002	0.00961	0.01502	0.35131	0.30193	0.03438	0.01214	0.01244	0.00940	0.01273	0.00864	0.01311	0.00744	0.07053	0.00746	0.00177	0.10977	0.00430	0.00222	0.00576

[dist]
# distance from previous block
# <min> <max>
0	5

[block]
# block no. 8 follows, 55 sequences, length 10
# corresponding to MSA columns:
# 1089-1098
name=unknown_I
#
# <colnr> <probs for GDERKNQSTAVLIFYWHMCP>
#	G	D	E	R	K	N	Q	S	T	A	V	L	I	F	Y	W	H	M	C	P
0	0.01097	0.01177	0.02402	0.15224	0.07787	0.01161	0.57387	0.05074	0.01119	0.01510	0.00926	0.01239	0.00698	0.00413	0.00525	0.00154	0.00729	0.00512	0.00241	0.00624
1	0.07338	0.00979	0.01527	0.39506	0.31685	0.01098	0.01248	0.08424	0.01083	0.01537	0.00858	0.01161	0.00671	0.00452	0.00451	0.00147	0.00566	0.00403	0.00245	0.00623
2	0.01089	0.12584	0.01829	0.24516	0.48288	0.01188	0.01302	0.01357	0.01008	0.01369	0.00830	0.01119	0.00685	0.00426	0.00439	0.00137	0.00564	0.00391	0.00219	0.00657
3	0.00751	0.00636	0.00953	0.01077	0.12036	0.00635	0.05226	0.00923	0.01016	0.01360	0.09561	0.26108	0.15142	0.01081	0.00634	0.00177	0.05919	0.15911	0.00384	0.00469
4	0.01255	0.00909	0.01574	0.01306	0.06074	0.00916	0.24639	0.01467	0.01042	0.23046	0.01393	0.12977	0.01214	0.06268	0.00803	0.00184	0.13363	0.00614	0.00354	0.00602
5	0.00945	0.02213	0.70104	0.01311	0.01903	0.01128	0.01621	0.01424	0.00945	0.01424	0.00804	0.00987	0.00592	0.00494	0.00593	0.00155	0.12144	0.00353	0.00197	0.00663
6	0.01223	0.17951	0.39373	0.06454	0.01803	0.01159	0.07110	0.01592	0.01047	0.16560	0.00996	0.01088	0.00709	0.00457	0.00428	0.00138	0.00597	0.00369	0.00273	0.00674
7	0.13052	0.01106	0.06782	0.18188	0.49166	0.01081	0.01291	0.01375	0.00991	0.01531	0.00831	0.01103	0.00672	0.00429	0.00436	0.00143	0.00548	0.00387	0.00231	0.00658
8	0.01224	0.01003	0.05731	0.04592	0.06435	0.08218	0.03051	0.01655	0.17411	0.17987	0.01820	0.12752	0.05171	0.01987	0.00545	0.00164	0.01672	0.07566	0.00405	0.00613
9	0.00959	0.00958	0.01744	0.53246	0.10026	0.01091	0.18726	0.01275	0.00969	0.01283	0.00846	0.01225	0.00650	0.00461	0.00535	0.00156	0.04629	0.00444	0.00215	0.00561

[dist]
# distance from previous block
# <min> <max>
1	9

[block]
# block no. 9 follows, 55 sequences, length 7
# corresponding to MSA columns:
# 1108-1114
name=unknown_J
#
# <colnr> <probs for GDERKNQSTAVLIFYWHMCP>
#	G	D	E	R	K	N	Q	S	T	A	V	L	I	F	Y	W	H	M	C	P
0	0.01381	0.26997	0.20667	0.01002	0.01439	0.01353	0.01014	0.25214	0.01369	0.09684	0.01046	0.04994	0.00829	0.00526	0.00415	0.00132	0.00526	0.00397	0.00328	0.00687
1	0.01061	0.11974	0.38557	0.01201	0.01599	0.06567	0.01293	0.01440	0.05242	0.01327	0.00796	0.00995	0.00643	0.00558	0.00742	0.00157	0.24657	0.00358	0.00217	0.00617
2	0.00731	0.00575	0.00841	0.24567	0.01408	0.00655	0.00683	0.00878	0.00798	0.01069	0.01326	0.06351	0.01361	0.30961	0.21764	0.00415	0.00692	0.04264	0.00266	0.00396
3	0.21551	0.00685	0.00724	0.00703	0.00837	0.04899	0.00537	0.03124	0.00869	0.05207	0.01303	0.09259	0.02872	0.01236	0.05610	0.29010	0.00455	0.10415	0.00307	0.00398
4	0.11807	0.00991	0.01345	0.28020	0.01970	0.07305	0.10193	0.05952	0.01113	0.20410	0.01065	0.01235	0.00761	0.00548	0.00525	0.04873	0.00554	0.00414	0.00325	0.00594
5	0.10510	0.06603	0.01425	0.47014	0.02401	0.18830	0.04311	0.01381	0.01008	0.01282	0.00777	0.01067	0.00605	0.00457	0.00428	0.00143	0.00639	0.00366	0.00224	0.00530
6	0.11771	0.00900	0.01293	0.51871	0.02451	0.03962	0.04696	0.04792	0.01039	0.05046	0.06993	0.01347	0.00930	0.00505	0.00452	0.00151	0.00557	0.00431	0.00271	0.00540

[dist]
# distance from previous block
# <min> <max>
27	88

[block]
# block no. 10 follows, 55 sequences, length 52
# corresponding to MSA columns:
# 1220-1271
name=unknown_K
#
# <colnr> <probs for GDERKNQSTAVLIFYWHMCP>
#	G	D	E	R	K	N	Q	S	T	A	V	L	I	F	Y	W	H	M	C	P
0	0.00892	0.00802	0.01309	0.70206	0.02863	0.00960	0.01176	0.01183	0.00954	0.02819	0.03843	0.03469	0.00839	0.00503	0.00464	0.00150	0.00573	0.00445	0.00236	0.06317
1	0.00881	0.00864	0.03481	0.74794	0.05581	0.01015	0.01276	0.01192	0.00950	0.01232	0.03779	0.01313	0.00763	0.00481	0.00467	0.00154	0.00605	0.00427	0.00219	0.00525
2	0.03114	0.00762	0.00904	0.00716	0.01046	0.00634	0.00575	0.01194	0.04785	0.03382	0.02524	0.03766	0.02404	0.00734	0.06269	0.00145	0.00414	0.07586	0.00316	0.58730
3	0.01054	0.33509	0.46071	0.04147	0.01755	0.01372	0.03382	0.01432	0.00969	0.01318	0.00765	0.00909	0.00596	0.00425	0.00391	0.00130	0.00615	0.00315	0.00199	0.00645
4	0.01428	0.01133	0.01223	0.04024	0.01391	0.01284	0.00825	0.37677	0.41274	0.02371	0.01497	0.01433	0.01102	0.00592	0.00469	0.00149	0.00444	0.00473	0.00460	0.00753
5	0.01372	0.01065	0.01104	0.00916	0.01182	0.06502	0.00729	0.43177	0.05263	0.04223	0.07291	0.08667	0.07584	0.02555	0.06012	0.00192	0.00509	0.00579	0.00433	0.00644
6	0.01244	0.83930	0.02438	0.00796	0.01194	0.01841	0.00796	0.01393	0.00945	0.01095	0.00647	0.00746	0.00597	0.00398	0.00299	0.00100	0.00498	0.00249	0.00199	0.00597
7	0.01244	0.83930	0.02438	0.00796	0.01194	0.01841	0.00796	0.01393	0.00945	0.01095	0.00647	0.00746	0.00597	0.00398	0.00299	0.00100	0.00498	0.00249	0.00199	0.00597
8	0.00957	0.00907	0.01537	0.59593	0.25530	0.01054	0.01331	0.01257	0.00967	0.01284	0.00841	0.01215	0.00654	0.00451	0.00464	0.00150	0.00601	0.00414	0.00214	0.00580
9	0.01018	0.01018	0.01425	0.01221	0.01221	0.01425	0.01018	0.01120	0.00712	0.01120	0.00611	0.01018	0.00611	0.00814	0.01527	0.00204	0.82799	0.00407	0.00204	0.00509
10	0.00753	0.00501	0.00626	0.00580	0.00721	0.00449	0.00440	0.00946	0.01260	0.08330	0.56876	0.03543	0.21275	0.00971	0.00542	0.00149	0.00238	0.00842	0.00499	0.00458
11	0.00791	0.03590	0.00684	0.00639	0.00783	0.00501	0.00497	0.00927	0.01055	0.10256	0.06954	0.25310	0.31449	0.01163	0.00558	0.00171	0.00303	0.13477	0.00443	0.00449
