[name]
unknown

[dist]
# distance from previous block
# <min> <max>
0	402

[block]
# block no. 0 follows, 56 sequences, length 19
# corresponding to MSA columns:
# 493-511
name=unknown_A
#
# <colnr> <probs for GDERKNQSTAVLIFYWHMCP>
#	G	D	E	R	K	N	Q	S	T	A	V	L	I	F	Y	W	H	M	C	P
0	0.00567	0.00411	0.00536	0.00622	0.00665	0.00380	0.00422	0.00662	0.00930	0.01240	0.10106	0.70569	0.08451	0.01372	0.00579	0.00180	0.00259	0.01237	0.00434	0.00380
1	0.00797	0.00399	0.00598	0.00598	0.00598	0.00399	0.00399	0.00598	0.00598	0.00797	0.00797	0.01396	0.00797	0.01595	0.01794	0.86643	0.00399	0.00399	0.00199	0.00199
2	0.87108	0.00888	0.00675	0.00604	0.00888	0.01030	0.00497	0.01350	0.00781	0.02060	0.00639	0.00746	0.00497	0.00426	0.00284	0.00142	0.00355	0.00249	0.00284	0.00497
3	0.00921	0.02375	0.81487	0.01309	0.01987	0.01066	0.01696	0.01454	0.00969	0.01454	0.00824	0.00969	0.00582	0.00436	0.00436	0.00145	0.00678	0.00339	0.00194	0.00678
4	0.00921	0.02375	0.81487	0.01309	0.01987	0.01066	0.01696	0.01454	0.00969	0.01454	0.00824	0.00969	0.00582	0.00436	0.00436	0.00145	0.00678	0.00339	0.00194	0.00678
5	0.00949	0.00905	0.01503	0.53902	0.22536	0.01079	0.01280	0.01225	0.00927	0.01248	0.00805	0.01178	0.00640	0.00483	0.00570	0.00154	0.09434	0.00408	0.00210	0.00564
6	0.20685	0.10390	0.18091	0.00799	0.01127	0.00914	0.00788	0.03058	0.02880	0.08468	0.17815	0.06329	0.03000	0.00626	0.00418	0.00140	0.00405	0.00497	0.03014	0.00557
7	0.01156	0.48259	0.14211	0.01293	0.17650	0.01502	0.01047	0.01476	0.07102	0.01288	0.00808	0.00929	0.00679	0.00421	0.00362	0.00118	0.00521	0.00314	0.00223	0.00642
8	0.61514	0.13341	0.01025	0.00718	0.01011	0.13430	0.00599	0.01427	0.00882	0.01774	0.00650	0.00757	0.00525	0.00428	0.00305	0.00132	0.00447	0.00255	0.00264	0.00516
9	0.01576	0.00676	0.00902	0.00727	0.01003	0.00590	0.00587	0.01759	0.01290	0.54489	0.22519	0.02268	0.08140	0.00710	0.00489	0.00144	0.00333	0.00597	0.00541	0.00660
10	0.00556	0.00457	0.00489	0.00499	0.00633	0.00390	0.00368	0.00678	0.01051	0.01294	0.12323	0.14442	0.62881	0.01175	0.00548	0.00158	0.00235	0.00997	0.00435	0.00390
11	0.00658	0.00483	0.00692	0.00692	0.00758	0.00549	0.00517	0.00791	0.00724	0.01032	0.01271	0.02034	0.01248	0.18907	0.66719	0.00682	0.01079	0.00526	0.00252	0.00385
12	0.01142	0.00986	0.01038	0.00934	0.01194	0.01142	0.00727	0.02440	0.80172	0.01920	0.01869	0.01713	0.01401	0.00623	0.00467	0.00156	0.00363	0.00519	0.00467	0.00727
13	0.00641	0.00469	0.00601	0.00568	0.00680	0.00429	0.00426	0.00849	0.01278	0.01791	0.74397	0.03512	0.10725	0.00957	0.00542	0.00145	0.00218	0.00842	0.00499	0.00429
14	0.00656	0.00492	0.00738	0.00738	0.00820	0.00574	0.00574	0.00820	0.00738	0.01066	0.01230	0.01804	0.01148	0.03443	0.82046	0.00738	0.01230	0.00492	0.00246	0.00410
15	0.00559	0.00400	0.00533	0.00639	0.00666	0.00373	0.00426	0.00639	0.00879	0.01172	0.02530	0.83566	0.03036	0.01438	0.00586	0.00186	0.00266	0.01305	0.00426	0.00373
16	0.01136	0.01091	0.01863	0.02818	0.81002	0.01091	0.01409	0.01409	0.01045	0.01500	0.00864	0.01136	0.00727	0.00409	0.00455	0.00136	0.00545	0.00409	0.00227	0.00727
17	0.01136	0.01091	0.01863	0.02818	0.81002	0.01091	0.01409	0.01409	0.01045	0.01500	0.00864	0.01136	0.00727	0.00409	0.00455	0.00136	0.00545	0.00409	0.00227	0.00727
18	0.00674	0.04046	0.00690	0.00586	0.00707	0.00492	0.00448	0.00888	0.01284	0.01808	0.77335	0.03314	0.04172	0.00915	0.00531	0.00142	0.00228	0.00805	0.00492	0.00440

[dist]
# distance from previous block
# <min> <max>
0	21

[block]
# block no. 1 follows, 56 sequences, length 32
# corresponding to MSA columns:
# 533-541,545-567
name=unknown_B
#
# <colnr> <probs for GDERKNQSTAVLIFYWHMCP>
#	G	D	E	R	K	N	Q	S	T	A	V	L	I	F	Y	W	H	M	C	P
0	0.01682	0.01298	0.01307	0.01023	0.01363	0.07655	0.00836	0.68075	0.02010	0.02675	0.01098	0.01122	0.00793	0.00544	0.00446	0.00134	0.00511	0.00405	0.06283	0.00737
1	0.13754	0.60221	0.11257	0.00831	0.01236	0.03876	0.00851	0.01393	0.00925	0.01268	0.00662	0.00767	0.00575	0.00405	0.00313	0.00111	0.00502	0.00258	0.00210	0.00584
2	0.01228	0.69877	0.10740	0.00868	0.01281	0.07188	0.00889	0.01414	0.00962	0.01123	0.00663	0.00767	0.00589	0.00403	0.00318	0.00105	0.00534	0.00259	0.00199	0.00595
3	0.06855	0.06456	0.63305	0.03749	0.01864	0.01129	0.01492	0.07302	0.01042	0.01575	0.00822	0.00960	0.00592	0.00443	0.00421	0.00142	0.00632	0.00336	0.00220	0.00664
4	0.00569	0.00494	0.00541	0.07289	0.00831	0.00440	0.00426	0.00701	0.01036	0.01235	0.04333	0.04153	0.74165	0.01104	0.00536	0.00155	0.00264	0.00922	0.00408	0.00398
5	0.01719	0.01261	0.01350	0.01038	0.01398	0.01395	0.00857	0.77190	0.02124	0.02859	0.01114	0.01120	0.00792	0.00551	0.00455	0.00137	0.00497	0.00414	0.02960	0.00770
6	0.00978	0.00966	0.01356	0.01170	0.01176	0.01344	0.00972	0.01083	0.00706	0.01102	0.00650	0.01065	0.00644	0.01002	0.07570	0.00241	0.76868	0.00409	0.00204	0.00495
7	0.00559	0.00400	0.00533	0.00639	0.00666	0.00373	0.00426	0.00639	0.00879	0.01172	0.02530	0.83566	0.03036	0.01438	0.00586	0.00186	0.00266	0.01305	0.00426	0.00373
8	0.00921	0.02375	0.81487	0.01309	0.01987	0.01066	0.01696	0.01454	0.00969	0.01454	0.00824	0.00969	0.00582	0.00436	0.00436	0.00145	0.00678	0.00339	0.00194	0.00678
9	0.00797	0.00399	0.00598	0.00598	0.00598	0.00399	0.00399	0.00598	0.00598	0.00797	0.00797	0.01396	0.00797	0.01595	0.01794	0.86643	0.00399	0.00399	0.00199	0.00199
10	0.00921	0.02375	0.81487	0.01309	0.01987	0.01066	0.01696	0.01454	0.00969	0.01454	0.00824	0.00969	0.00582	0.00436	0.00436	0.00145	0.00678	0.00339	0.00194	0.00678
11	0.01112	0.00952	0.01016	0.00928	0.01176	0.01096	0.00728	0.02327	0.74216	0.01879	0.01911	0.01974	0.01495	0.00671	0.00480	0.00160	0.00368	0.06345	0.00464	0.00704
12	0.00641	0.00469	0.00601	0.00568	0.00680	0.00429	0.00426	0.00849	0.01279	0.01791	0.74449	0.03511	0.10673	0.00957	0.00542	0.00145	0.00218	0.00842	0.00499	0.00429
13	0.00880	0.00829	0.01400	0.79002	0.06823	0.01023	0.01281	0.01184	0.00924	0.01188	0.00818	0.01220	0.00617	0.00457	0.00459	0.00152	0.00609	0.00408	0.00205	0.00520
14	0.00650	0.00469	0.00614	0.00578	0.00686	0.00433	0.00433	0.00866	0.01300	0.01841	0.80760	0.03429	0.04332	0.00939	0.00541	0.00144	0.00217	0.00830	0.00505	0.00433
15	0.00909	0.00849	0.01417	0.74333	0.09578	0.01035	0.01277	0.02918	0.00956	0.01238	0.00826	0.01214	0.00625	0.00457	0.00459	0.00151	0.00604	0.00408	0.00212	0.00534
16	0.00647	0.00436	0.00507	0.00528	0.00533	0.00431	0.00307	0.00662	0.00709	0.00945	0.01657	0.18631	0.01934	0.67878	0.01997	0.00395	0.00410	0.00791	0.00307	0.00297
17	0.00608	0.00445	0.00571	0.00587	0.00672	0.00408	0.00422	0.00767	0.01129	0.01549	0.46055	0.31084	0.11732	0.01133	0.00557	0.00160	0.00235	0.01008	0.00470	0.00408
18	0.01118	0.01072	0.01830	0.08251	0.75712	0.01086	0.01400	0.01393	0.01037	0.01478	0.00860	0.01142	0.00719	0.00412	0.00455	0.00137	0.00550	0.00409	0.00226	0.00712
19	0.02060	0.00781	0.01065	0.00817	0.01172	0.00675	0.00675	0.02237	0.01314	0.81320	0.01811	0.01563	0.01136	0.00568	0.00462	0.00142	0.00391	0.00462	0.00568	0.00781
20	0.63986	0.00859	0.00781	0.00662	0.00965	0.00933	0.00545	0.01591	0.00926	0.23609	0.00958	0.00968	0.00671	0.00465	0.00332	0.00142	0.00365	0.00307	0.00361	0.00574
21	0.01142	0.00986	0.01038	0.00934	0.01194	0.01142	0.00727	0.02440	0.80172	0.01920	0.01869	0.01713	0.01401	0.00623	0.00467	0.00156	0.00363	0.00519	0.00467	0.00727
22	0.00589	0.00429	0.00555	0.00603	0.00669	0.00395	0.00422	0.00719	0.01038	0.01409	0.29763	0.49287	0.09934	0.01243	0.00567	0.00169	0.00246	0.01113	0.00454	0.00395
23	0.01112	0.04882	0.35517	0.05376	0.09963	0.01114	0.21120	0.05305	0.03223	0.06595	0.00951	0.01121	0.00694	0.00439	0.00464	0.00145	0.00644	0.00413	0.00252	0.00670
24	0.00960	0.00923	0.01508	0.59068	0.24348	0.02920	0.01303	0.01253	0.00962	0.01261	0.00826	0.01191	0.00643	0.00446	0.00457	0.00148	0.00599	0.00406	0.00211	0.00570
25	0.00559	0.00400	0.00533	0.00639	0.00666	0.00373	0.00426	0.00639	0.00879	0.01172	0.02530	0.83566	0.03036	0.01438	0.00586	0.00186	0.00266	0.01305	0.00426	0.00373
26	0.00650	0.00469	0.00614	0.00578	0.00686	0.00433	0.00433	0.00866	0.01300	0.01841	0.80760	0.03429	0.04332	0.00939	0.00541	0.00144	0.00217	0.00830	0.00505	0.00433
27	0.01018	0.10704	0.66767	0.01245	0.01857	0.07855	0.01536	0.01477	0.00993	0.01388	0.00795	0.00934	0.00583	0.00435	0.00420	0.00138	0.00672	0.00326	0.00198	0.00657
28	0.01909	0.00961	0.01166	0.00896	0.01249	0.00950	0.00740	0.31242	0.01622	0.49683	0.01536	0.01394	0.01004	0.00561	0.00457	0.00139	0.00429	0.00443	0.02848	0.00772
29	0.00559	0.00400	0.00533	0.00639	0.00666	0.00373	0.00426	0.00639	0.00879	0.01172	0.02530	0.83566	0.03036	0.01438	0.00586	0.00186	0.00266	0.01305	0.00426	0.00373
30	0.01900	0.00827	0.01070	0.00837	0.01175	0.00765	0.00685	0.08276	0.08226	0.65158	0.04840	0.01612	0.01256	0.00586	0.00465	0.00143	0.00391	0.00477	0.00548	0.00763
31	0.01369	0.01317	0.01152	0.01012	0.01282	0.20392	0.00787	0.13918	0.49671	0.01878	0.01478	0.01411	0.01115	0.00576	0.00453	0.00144	0.00495	0.00450	0.00411	0.00689

[dist]
# distance from previous block
# <min> <max>
0	1

[block]
# block no. 2 follows, 56 sequences, length 38
# corresponding to MSA columns:
# 569-579,586-612
name=unknown_C
#
# <colnr> <probs for GDERKNQSTAVLIFYWHMCP>
#	G	D	E	R	K	N	Q	S	T	A	V	L	I	F	Y	W	H	M	C	P
0	0.01292	0.77718	0.02302	0.00788	0.01178	0.01729	0.00777	0.01441	0.00962	0.07264	0.00729	0.00800	0.00631	0.00406	0.00307	0.00102	0.00483	0.00262	0.00225	0.00604
1	0.01202	0.77368	0.08957	0.00829	0.01245	0.01754	0.00861	0.01381	0.00936	0.01111	0.00654	0.00756	0.00589	0.00396	0.00306	0.00102	0.00507	0.00253	0.00196	0.00597
2	0.87108	0.00888	0.00675	0.00604	0.00888	0.01030	0.00497	0.01350	0.00781	0.02060	0.00639	0.00746	0.00497	0.00426	0.00284	0.00142	0.00355	0.00249	0.00284	0.00497
3	0.00927	0.02269	0.75315	0.01301	0.01927	0.01092	0.01643	0.01427	0.00949	0.01427	0.00807	0.00972	0.00583	0.00464	0.00519	0.00150	0.07025	0.00344	0.00194	0.00665
4	0.00559	0.00400	0.00533	0.00639	0.00666	0.00373	0.00426	0.00639	0.00879	0.01172	0.02530	0.83566	0.03036	0.01438	0.00586	0.00186	0.00266	0.01305	0.00426	0.00373
5	0.00921	0.02375	0.81487	0.01309	0.01987	0.01066	0.01696	0.01454	0.00969	0.01454	0.00824	0.00969	0.00582	0.00436	0.00436	0.00145	0.00678	0.00339	0.00194	0.00678
6	0.01675	0.01251	0.01338	0.01042	0.01397	0.01391	0.00856	0.70446	0.11298	0.02779	0.01192	0.01174	0.00853	0.00560	0.00460	0.00140	0.00489	0.00426	0.00460	0.00774
7	0.01142	0.00986	0.01038	0.00934	0.01194	0.01142	0.00727	0.02440	0.80172	0.01920	0.01869	0.01713	0.01401	0.00623	0.00467	0.00156	0.00363	0.00519	0.00467	0.00727
8	0.00686	0.00517	0.00715	0.00699	0.00749	0.00598	0.00514	0.00794	0.00713	0.01014	0.01249	0.02119	0.01269	0.28479	0.50824	0.00605	0.07287	0.00540	0.00253	0.00376
9	0.00701	0.00491	0.00570	0.00536	0.00688	0.00428	0.00407	0.00862	0.01166	0.07647	0.34220	0.03811	0.44740	0.01029	0.00536	0.00150	0.00238	0.00876	0.00468	0.00436
10	0.01715	0.02188	0.01301	0.01183	0.01419	0.82022	0.00887	0.01833	0.01301	0.01124	0.00710	0.00828	0.00591	0.00473	0.00414	0.00118	0.00828	0.00296	0.00237	0.00532
11	0.00643	0.00469	0.00604	0.00570	0.00682	0.00430	0.00428	0.00853	0.01284	0.01803	0.75945	0.03492	0.09170	0.00953	0.00542	0.00145	0.00218	0.00839	0.00500	0.00430
12	0.00668	0.00445	0.00501	0.00501	0.00501	0.00445	0.00278	0.00668	0.00668	0.00890	0.01447	0.03004	0.01669	0.83866	0.02337	0.00445	0.00445	0.00668	0.00278	0.00278
13	0.00559	0.00400	0.00533	0.00639	0.00666	0.00373	0.00426	0.00639	0.00879	0.01172	0.02530	0.83566	0.03036	0.01438	0.00586	0.00186	0.00266	0.01305	0.00426	0.00373
14	0.01943	0.00972	0.01111	0.00879	0.01217	0.08809	0.00714	0.08121	0.06408	0.62319	0.01652	0.01464	0.01072	0.00561	0.00457	0.00140	0.00441	0.00445	0.00521	0.00753
15	0.01134	0.00970	0.01020	0.00920	0.01175	0.01121	0.00715	0.02400	0.77879	0.01914	0.01858	0.01713	0.01395	0.00620	0.00463	0.00154	0.00359	0.00516	0.02956	0.00718
16	0.00657	0.00487	0.00714	0.00714	0.00787	0.00561	0.00544	0.00804	0.00731	0.01048	0.01252	0.01926	0.01201	0.11616	0.73945	0.00708	0.01150	0.00510	0.00249	0.00397
17	0.00867	0.00816	0.01377	0.82762	0.03162	0.01020	0.01275	0.01173	0.00918	0.01173	0.00816	0.01224	0.00612	0.00459	0.00459	0.00153	0.00612	0.00408	0.00204	0.00510
18	0.01478	0.01007	0.01119	0.00935	0.01240	0.01101	0.00747	0.19380	0.45567	0.19658	0.01687	0.01545	0.01206	0.00595	0.00464	0.00149	0.00401	0.00483	0.00488	0.00751
19	0.00668	0.00445	0.00501	0.00501	0.00501	0.00445	0.00278	0.00668	0.00668	0.00890	0.01447	0.03004	0.01669	0.83866	0.02337	0.00445	0.00445	0.00668	0.00278	0.00278
20	0.01657	0.01008	0.01155	0.00931	0.01258	0.01065	0.00754	0.26598	0.27724	0.30328	0.01607	0.01468	0.01112	0.00581	0.00463	0.00145	0.00418	0.00465	0.00500	0.00763
21	0.01223	0.01245	0.10619	0.04716	0.05492	0.03644	0.04373	0.15449	0.44153	0.01936	0.01441	0.01423	0.01075	0.00556	0.00463	0.00149	0.00477	0.00464	0.00393	0.00710
22	0.01026	0.00772	0.00892	0.00686	0.01018	0.00655	0.00544	0.03649	0.08485	0.06468	0.07224	0.01345	0.01118	0.00456	0.00376	0.00093	0.00326	0.00372	0.10381	0.54114
23	0.03721	0.02722	0.12538	0.19110	0.26669	0.01115	0.01216	0.08922	0.01061	0.01524	0.00827	0.01080	0.00661	0.00476	0.00554	0.00143	0.09770	0.00380	0.00242	0.07268
24	0.00998	0.03834	0.41011	0.06417	0.10879	0.01125	0.23039	0.01421	0.00995	0.01424	0.00843	0.01073	0.00632	0.00434	0.00508	0.00148	0.03954	0.00407	0.00209	0.00648
25	0.00645	0.00469	0.00607	0.00573	0.00683	0.00431	0.00430	0.00857	0.01289	0.01815	0.77439	0.03473	0.07669	0.00948	0.00542	0.00145	0.00217	0.00836	0.00502	0.00431
26	0.00559	0.00402	0.00530	0.00632	0.00664	0.00374	0.00423	0.00640	0.00886	0.01175	0.02623	0.80113	0.06430	0.01426	0.00584	0.00185	0.00265	0.01290	0.00426	0.00374
27	0.14142	0.15689	0.25746	0.03505	0.06144	0.01225	0.02366	0.08210	0.14318	0.01676	0.00993	0.01122	0.00770	0.00480	0.00403	0.00139	0.00517	0.01626	0.00283	0.00645
28	0.00559	0.00402	0.00531	0.00634	0.00664	0.00373	0.00424	0.00640	0.00884	0.01174	0.02595	0.81150	0.05411	0.01430	0.00585	0.00185	0.00265	0.01295	0.00426	0.00373
29	0.00575	0.00409	0.00540	0.00625	0.00659	0.00383	0.00419	0.00665	0.00912	0.01228	0.10767	0.70757	0.03101	0.05797	0.00675	0.00196	0.00271	0.01221	0.00427	0.00374
30	0.00592	0.00441	0.00554	0.00624	0.00686	0.00415	0.00430	0.00745	0.04548	0.01277	0.10092	0.62019	0.13233	0.01319	0.00571	0.00177	0.00262	0.01181	0.00435	0.00397
31	0.01284	0.24391	0.05245	0.13348	0.07727	0.02796	0.18777	0.03497	0.02333	0.14852	0.00986	0.01128	0.00737	0.00443	0.00430	0.00134	0.00573	0.00399	0.00282	0.00637
32	0.00917	0.00850	0.01402	0.75301	0.07010	0.01041	0.01265	0.04476	0.00977	0.01262	0.00830	0.01214	0.00625	0.00460	0.00459	0.00152	0.00604	0.00408	0.00216	0.00532
33	0.00657	0.00487	0.00714	0.00714	0.00788	0.00561	0.00544	0.00804	0.00731	0.01048	0.01252	0.01925	0.01200	0.11572	0.73990	0.00708	0.01150	0.00510	0.00249	0.00397
34	0.01072	0.28374	0.44335	0.01148	0.01662	0.05664	0.03833	0.01427	0.00962	0.01295	0.00748	0.00898	0.00590	0.00446	0.00460	0.00133	0.05806	0.00317	0.00199	0.00629
35	0.01400	0.02435	0.09689	0.12548	0.03641	0.03177	0.09054	0.10512	0.11930	0.24783	0.01336	0.03185	0.00965	0.00608	0.02515	0.00161	0.00536	0.00463	0.00383	0.00679
36	0.00581	0.00435	0.00624	0.00694	0.00739	0.00406	0.03743	0.00674	0.00888	0.01185	0.02463	0.80105	0.02938	0.01394	0.00584	0.00185	0.00288	0.01273	0.00418	0.00383
37	0.01366	0.15762	0.03499	0.03099	0.01213	0.06543	0.00770	0.07925	0.04767	0.21939	0.01347	0.08834	0.03043	0.00641	0.00572	0.00142	0.11426	0.00480	0.02399	0.04235

[dist]
# distance from previous block
# <min> <max>
1	27

[block]
# block no. 3 follows, 56 sequences, length 26
# corresponding to MSA columns:
# 646-664,669-675
name=unknown_D
#
# <colnr> <probs for GDERKNQSTAVLIFYWHMCP>
#	G	D	E	R	K	N	Q	S	T	A	V	L	I	F	Y	W	H	M	C	P
0	0.12946	0.01013	0.01153	0.01036	0.05297	0.04460	0.00803	0.19018	0.05802	0.11260	0.01230	0.01448	0.03970	0.00648	0.00698	0.00157	0.20764	0.03935	0.03749	0.00612
1	0.01024	0.19663	0.50688	0.01202	0.01753	0.01206	0.07294	0.01443	0.02123	0.03519	0.00896	0.02405	0.00708	0.00471	0.00439	0.00139	0.01954	0.02208	0.00221	0.00644
2	0.01115	0.01140	0.02360	0.01709	0.02120	0.01084	0.63420	0.01455	0.01064	0.06271	0.01015	0.03212	0.00787	0.00447	0.00574	0.00153	0.04976	0.00534	0.02616	0.03949
3	0.00965	0.01023	0.05495	0.01163	0.01207	0.01304	0.00997	0.01094	0.00720	0.01119	0.00678	0.01084	0.00657	0.01053	0.09639	0.00253	0.70435	0.00408	0.00205	0.00502
4	0.00993	0.00929	0.01566	0.39979	0.40396	0.01024	0.01297	0.01278	0.00984	0.01351	0.00896	0.01284	0.00730	0.00455	0.00456	0.00145	0.00563	0.02102	0.02961	0.00610
5	0.01112	0.01048	0.01786	0.04696	0.74887	0.01053	0.01353	0.01361	0.01019	0.01455	0.00859	0.01152	0.00728	0.00472	0.00524	0.04627	0.00539	0.00408	0.00225	0.00694
6	0.01167	0.00999	0.01052	0.00939	0.01203	0.01153	0.00733	0.05602	0.76969	0.01960	0.01837	0.01688	0.01376	0.00620	0.00467	0.00155	0.00369	0.00515	0.00467	0.00729
7	0.00563	0.00402	0.00536	0.00637	0.00667	0.00375	0.00426	0.00648	0.00895	0.01198	0.05565	0.80458	0.03087	0.01419	0.00584	0.00185	0.00264	0.01287	0.00429	0.00375
8	0.00659	0.00467	0.00577	0.00557	0.00672	0.00430	0.00422	0.00859	0.01213	0.01712	0.56902	0.03483	0.15848	0.00946	0.00523	0.00145	0.00228	0.04370	0.09561	0.00425
9	0.12595	0.01067	0.01439	0.01103	0.01448	0.01108	0.17080	0.34106	0.01520	0.14053	0.03389	0.06800	0.01030	0.00574	0.00465	0.00146	0.00501	0.00498	0.00405	0.00673
10	0.01519	0.00650	0.00859	0.00701	0.00956	0.00577	0.00563	0.01712	0.01264	0.49288	0.23142	0.02088	0.02007	0.00664	0.00465	0.00138	0.00320	0.00557	0.11891	0.00640
11	0.00586	0.00399	0.00540	0.00635	0.00658	0.00376	0.00423	0.00635	0.00848	0.01131	0.02339	0.74512	0.02790	0.01456	0.00719	0.09713	0.00281	0.01205	0.00401	0.00354
12	0.01037	0.01043	0.01454	0.01382	0.10003	0.03364	0.01046	0.01156	0.00756	0.01149	0.00634	0.01015	0.00616	0.00752	0.01364	0.00192	0.71905	0.00400	0.00205	0.00528
13	0.00650	0.00469	0.00619	0.00613	0.00713	0.00438	0.00466	0.00853	0.01230	0.01722	0.64176	0.11769	0.04014	0.01026	0.00556	0.00156	0.00244	0.09372	0.00488	0.00426
14	0.00797	0.00399	0.00598	0.00598	0.00598	0.00399	0.00399	0.00598	0.00598	0.00797	0.00797	0.01396	0.00797	0.01595	0.01794	0.86643	0.00399	0.00399	0.00199	0.00199
15	0.00566	0.00402	0.00531	0.00631	0.00656	0.00377	0.00417	0.00641	0.00866	0.01155	0.02465	0.78704	0.02954	0.06413	0.00692	0.00202	0.00277	0.01267	0.00417	0.00367
16	0.01250	0.66436	0.10638	0.00879	0.01290	0.06851	0.00892	0.05020	0.01017	0.01206	0.00684	0.00784	0.00597	0.00410	0.00325	0.00106	0.00533	0.00266	0.00211	0.00604
17	0.32226	0.00999	0.01017	0.00829	0.01150	0.01090	0.00678	0.25338	0.11773	0.18788	0.01185	0.01151	0.00835	0.00519	0.00398	0.00143	0.00409	0.00378	0.00420	0.00672
18	0.00659	0.00481	0.00682	0.00682	0.00744	0.00543	0.00504	0.00784	0.00721	0.01024	0.01281	0.02087	0.01271	0.22451	0.63207	0.00669	0.01044	0.00533	0.00254	0.00379
19	0.01033	0.00864	0.00995	0.00718	0.01122	0.00695	0.00577	0.09118	0.01075	0.01638	0.00845	0.00967	0.00690	0.00361	0.00352	0.00075	0.00357	0.00286	0.00291	0.77940
20	0.16025	0.10032	0.58131	0.01130	0.01706	0.01140	0.01382	0.02947	0.00956	0.01552	0.00779	0.00910	0.00571	0.00432	0.00396	0.00140	0.00600	0.00316	0.00215	0.00640
21	0.01227	0.84142	0.02406	0.00786	0.01178	0.01817	0.00786	0.01375	0.00933	0.01080	0.00638	0.00736	0.00589	0.00393	0.00295	0.00098	0.00491	0.00245	0.00196	0.00589
22	0.00747	0.00417	0.00560	0.00560	0.00560	0.00417	0.00352	0.00625	0.00625	0.00834	0.01050	0.02022	0.01137	0.33633	0.02005	0.53076	0.00417	0.00503	0.00230	0.00230
23	0.01191	0.12283	0.01589	0.25182	0.21507	0.18560	0.01104	0.03106	0.01049	0.01281	0.00796	0.01052	0.00654	0.00466	0.00486	0.00135	0.05650	0.00363	0.02962	0.00582
24	0.04768	0.15840	0.21263	0.01225	0.01676	0.01239	0.19659	0.15096	0.04590	0.05397	0.04230	0.01167	0.00856	0.00471	0.00441	0.00138	0.00579	0.00414	0.00295	0.00656
25	0.01060	0.11918	0.16207	0.00847	0.01288	0.00915	0.00821	0.03970	0.04256	0.04587	0.00883	0.00988	0.00699	0.00399	0.00383	0.00097	0.01600	0.00305	0.00272	0.48504

[dist]
# distance from previous block
# <min> <max>
0	4

[block]
# block no. 4 follows, 56 sequences, length 34
# corresponding to MSA columns:
# 680-693,702-706,708-722
name=unknown_E
#
# <colnr> <probs for GDERKNQSTAVLIFYWHMCP>
#	G	D	E	R	K	N	Q	S	T	A	V	L	I	F	Y	W	H	M	C	P
0	0.01430	0.01154	0.01009	0.00907	0.01131	0.24910	0.00702	0.08008	0.07838	0.20382	0.01593	0.16637	0.01426	0.00752	0.00477	0.00147	0.00499	0.06130	0.04282	0.00586
1	0.00558	0.00403	0.00529	0.00630	0.00664	0.00374	0.00422	0.00640	0.00888	0.01176	0.02641	0.79445	0.07086	0.01424	0.00584	0.00185	0.00265	0.01288	0.00426	0.00374
2	0.01075	0.01107	0.06270	0.16938	0.05143	0.03606	0.23214	0.07067	0.07043	0.03538	0.02970	0.03626	0.02499	0.00615	0.02373	0.00168	0.09987	0.00496	0.01674	0.00591
3	0.01012	0.00989	0.01853	0.18328	0.05287	0.01026	0.36466	0.03031	0.03248	0.03472	0.01200	0.03874	0.04524	0.00604	0.02576	0.00170	0.06324	0.01302	0.04143	0.00570
4	0.00557	0.00409	0.00523	0.00615	0.00660	0.00375	0.00415	0.00642	0.00902	0.01181	0.02825	0.72553	0.13859	0.01400	0.00580	0.00182	0.00262	0.01258	0.00426	0.00375
5	0.00581	0.00439	0.00567	0.00638	0.00685	0.00424	0.00442	0.00674	0.00914	0.01210	0.06462	0.65208	0.13621	0.01348	0.00619	0.00181	0.03987	0.01196	0.00420	0.00384
6	0.05318	0.12552	0.04873	0.02735	0.03749	0.08418	0.00786	0.06002	0.10011	0.21513	0.01310	0.07189	0.01061	0.02107	0.06025	0.00187	0.04711	0.00465	0.00365	0.00624
7	0.00668	0.00445	0.00501	0.00501	0.00501	0.00445	0.00278	0.00668	0.00668	0.00890	0.01447	0.03004	0.01669	0.83866	0.02337	0.00445	0.00445	0.00668	0.00278	0.00278
8	0.01263	0.00856	0.00939	0.00824	0.01074	0.00938	0.00647	0.04414	0.49697	0.15423	0.01767	0.01669	0.01296	0.00595	0.00439	0.00144	0.00344	0.00489	0.16502	0.00682
9	0.01211	0.01307	0.13475	0.03906	0.01677	0.01232	0.18299	0.23637	0.07025	0.01798	0.00987	0.01227	0.00777	0.04302	0.00765	0.00171	0.16813	0.00447	0.00303	0.00640
10	0.01094	0.04884	0.08259	0.14532	0.26556	0.01063	0.11759	0.05314	0.06352	0.05176	0.02205	0.07391	0.00974	0.00535	0.00487	0.00147	0.01854	0.00497	0.00282	0.00639
11	0.00865	0.00807	0.01269	0.37631	0.02018	0.01031	0.03189	0.01076	0.00816	0.01132	0.00857	0.01321	0.00747	0.03101	0.17759	0.00295	0.24951	0.00433	0.00214	0.00485
12	0.00559	0.00403	0.00530	0.00631	0.00664	0.00374	0.00423	0.00640	0.00887	0.01175	0.02628	0.79927	0.06613	0.01426	0.00584	0.00185	0.00265	0.01290	0.00426	0.00374
13	0.00985	0.00860	0.00983	0.00789	0.04326	0.03257	0.00592	0.04307	0.01015	0.01518	0.01027	0.04870	0.03340	0.00432	0.00370	0.00083	0.00364	0.00354	0.00289	0.70241
14	0.28437	0.02683	0.05242	0.06503	0.06724	0.21389	0.00843	0.06312	0.01098	0.11666	0.00867	0.00972	0.00652	0.00482	0.00437	0.00138	0.04337	0.00330	0.00300	0.00586
15	0.01620	0.01224	0.01307	0.01031	0.01376	0.01365	0.00842	0.63525	0.18308	0.02692	0.01261	0.01229	0.00909	0.00566	0.00461	0.00141	0.00476	0.00435	0.00461	0.00770
16	0.00979	0.13483	0.64744	0.01349	0.07738	0.01171	0.01550	0.01440	0.00970	0.01406	0.00801	0.00950	0.00593	0.00428	0.00418	0.00138	0.00643	0.00332	0.00197	0.00670
17	0.00561	0.00410	0.00529	0.00618	0.00662	0.00377	0.00418	0.00651	0.00914	0.01206	0.05918	0.71656	0.11617	0.01388	0.00579	0.00181	0.00261	0.01249	0.00429	0.00377
18	0.00971	0.03933	0.30487	0.01231	0.01502	0.01263	0.02933	0.01238	0.00816	0.01237	0.00711	0.01014	0.00614	0.00734	0.03645	0.00194	0.46327	0.00380	0.00200	0.00568
19	0.01098	0.00682	0.00857	0.00816	0.03501	0.00675	0.00615	0.11301	0.02941	0.18319	0.07963	0.21532	0.15082	0.00967	0.00568	0.00163	0.03678	0.08244	0.00451	0.00547
20	0.01110	0.01064	0.01817	0.10522	0.73500	0.01084	0.01396	0.01386	0.01033	0.01468	0.00859	0.01145	0.00716	0.00414	0.00455	0.00138	0.00552	0.00409	0.00225	0.00706
21	0.01317	0.00621	0.00829	0.00699	0.00922	0.00556	0.00551	0.01526	0.02611	0.39202	0.38215	0.06694	0.02712	0.00785	0.00505	0.00146	0.00304	0.00676	0.00530	0.00599
22	0.00776	0.00681	0.01079	0.27757	0.11029	0.00737	0.04209	0.01021	0.04497	0.01260	0.01744	0.37247	0.04294	0.00907	0.00520	0.00166	0.00437	0.00828	0.00324	0.00486
23	0.01196	0.01324	0.01432	0.01222	0.01339	0.23485	0.07044	0.01382	0.04565	0.01174	0.00744	0.01043	0.00668	0.00791	0.04711	0.00197	0.46536	0.00393	0.00227	0.00526
24	0.00942	0.00912	0.01603	0.58946	0.18693	0.01048	0.08824	0.01249	0.00959	0.01267	0.00836	0.01208	0.00643	0.00442	0.00466	0.00150	0.00614	0.00421	0.00211	0.00564
25	0.00572	0.00408	0.00533	0.00623	0.00652	0.00385	0.00413	0.00647	0.00860	0.01144	0.02460	0.71188	0.05330	0.09446	0.02821	0.00224	0.00307	0.01212	0.00407	0.00365
26	0.01141	0.13528	0.31412	0.01145	0.01544	0.01228	0.04617	0.05101	0.07007	0.08514	0.00960	0.02293	0.00749	0.00552	0.00656	0.00152	0.18107	0.00390	0.00267	0.00638
27	0.00981	0.04680	0.01291	0.46872	0.06041	0.03035	0.01057	0.06804	0.01063	0.03611	0.04648	0.03603	0.02847	0.00609	0.00497	0.00154	0.02388	0.07920	0.01366	0.00533
28	0.00668	0.00504	0.00667	0.06906	0.04509	0.00517	0.00485	0.00756	0.00799	0.01060	0.01930	0.17476	0.11411	0.36611	0.13371	0.00369	0.00520	0.00763	0.00311	0.00367
29	0.01129	0.00942	0.01332	0.01124	0.03862	0.03361	0.17515	0.21695	0.06011	0.04977	0.01791	0.25296	0.07279	0.00815	0.00519	0.00157	0.00472	0.00744	0.00389	0.00587
30	0.01123	0.07287	0.05199	0.44339	0.09994	0.01088	0.04353	0.08963	0.01098	0.08520	0.00947	0.01199	0.00702	0.00466	0.00445	0.00143	0.00565	0.00404	0.02568	0.00597
31	0.01054	0.06243	0.37402	0.02820	0.11590	0.01092	0.20672	0.01453	0.01031	0.05677	0.04296	0.01184	0.00818	0.00454	0.00484	0.00145	0.02268	0.00422	0.00241	0.00654
32	0.01177	0.19814	0.06593	0.12499	0.01664	0.03390	0.14002	0.08594	0.01094	0.08646	0.00990	0.01194	0.00774	0.00814	0.10379	0.00204	0.00642	0.00399	0.04154	0.02977
33	0.01169	0.02408	0.03666	0.04831	0.11497	0.09497	0.16893	0.13340	0.01261	0.04273	0.14374	0.03321	0.01386	0.00706	0.04274	0.00170	0.03778	0.00513	0.00325	0.02317

[dist]
# distance from previous block
# <min> <max>
14	76

[block]
# block no. 5 follows, 56 sequences, length 46
# corresponding to MSA columns:
# 809-821,824-856
name=unknown_F
#
# <colnr> <probs for GDERKNQSTAVLIFYWHMCP>
#	G	D	E	R	K	N	Q	S	T	A	V	L	I	F	Y	W	H	M	C	P
0	0.10059	0.02483	0.02580	0.00894	0.01182	0.07614	0.01735	0.19547	0.16319	0.15758	0.10317	0.01748	0.02743	0.00630	0.00457	0.00145	0.00435	0.04267	0.00434	0.00651
1	0.01250	0.17420	0.02795	0.00922	0.01164	0.04125	0.00790	0.17054	0.02724	0.07292	0.02483	0.02746	0.04769	0.00620	0.00679	0.00142	0.21076	0.00420	0.06040	0.05489
2	0.05007	0.04878	0.02270	0.00844	0.00998	0.00918	0.01989	0.05012	0.07684	0.03489	0.02986	0.12194	0.03795	0.12959	0.02433	0.01822	0.20612	0.00571	0.00312	0.09227
3	0.02448	0.02247	0.01008	0.00867	0.01016	0.04337	0.07137	0.08011	0.07319	0.04312	0.01381	0.22288	0.01386	0.01060	0.00924	0.24115	0.05697	0.00641	0.00324	0.03483
4	0.06126	0.01148	0.08143	0.03723	0.08970	0.04081	0.08085	0.19217	0.05826	0.06172	0.03573	0.07054	0.01029	0.00555	0.00467	0.00136	0.02028	0.00469	0.00342	0.12857
5	0.04054	0.01053	0.01013	0.02218	0.01158	0.14758	0.00666	0.08538	0.12292	0.15316	0.06293	0.05207	0.01221	0.02116	0.00463	0.00130	0.00442	0.00453	0.03315	0.19294
6	0.00665	0.00485	0.00701	0.00701	0.00776	0.00555	0.00534	0.00815	0.00740	0.01076	0.01262	0.01918	0.01200	0.11272	0.70726	0.00682	0.01109	0.00507	0.03876	0.00398
7	0.01082	0.01011	0.01371	0.31519	0.09443	0.08365	0.06646	0.09829	0.05031	0.02832	0.01245	0.04409	0.05213	0.00672	0.02884	0.00169	0.04321	0.03103	0.00287	0.00567
8	0.00644	0.00435	0.00508	0.00531	0.00536	0.00429	0.00310	0.00661	0.00713	0.00951	0.01681	0.20442	0.01965	0.66024	0.01958	0.00389	0.00406	0.00806	0.00310	0.00299
9	0.00952	0.00816	0.00952	0.00680	0.01088	0.00612	0.00544	0.01156	0.00952	0.01496	0.00816	0.00952	0.00680	0.00340	0.00340	0.00068	0.00340	0.00272	0.00272	0.86672
10	0.01152	0.27418	0.21789	0.06503	0.01544	0.14065	0.01096	0.01395	0.00955	0.01204	0.00718	0.00913	0.00603	0.00503	0.00596	0.00137	0.16624	0.00322	0.01886	0.00577
11	0.00619	0.00468	0.00570	0.00545	0.00667	0.00420	0.00409	0.00806	0.01226	0.01666	0.58576	0.03718	0.26624	0.01004	0.00542	0.00147	0.00221	0.00871	0.00482	0.00420
12	0.01085	0.06394	0.01156	0.00843	0.05058	0.00764	0.02367	0.04382	0.01029	0.06621	0.00884	0.00998	0.00710	0.00371	0.00360	0.00083	0.00380	0.00301	0.00290	0.65923
13	0.00863	0.01018	0.13335	0.00992	0.01169	0.00955	0.03397	0.01086	0.00984	0.01455	0.29666	0.01882	0.01956	0.00760	0.00906	0.00164	0.33822	0.00545	0.00314	0.04731
14	0.00888	0.00830	0.01398	0.67037	0.09968	0.00987	0.03304	0.01182	0.00934	0.01229	0.00896	0.04009	0.00720	0.00485	0.00460	0.00150	0.00584	0.00439	0.02012	0.02491
15	0.00987	0.00979	0.01373	0.01182	0.01186	0.01365	0.00983	0.01091	0.00705	0.01103	0.00633	0.01044	0.00629	0.00933	0.05454	0.00227	0.79017	0.00406	0.00203	0.00498
16	0.00668	0.00445	0.00501	0.00501	0.00501	0.00445	0.00278	0.00668	0.00668	0.00890	0.01447	0.03004	0.01669	0.83866	0.02337	0.00445	0.00445	0.00668	0.00278	0.00278
17	0.02060	0.00781	0.01065	0.00817	0.01172	0.00675	0.00675	0.02237	0.01314	0.81320	0.01811	0.01563	0.01136	0.00568	0.00462	0.00142	0.00391	0.00462	0.00568	0.00781
18	0.00921	0.02375	0.81487	0.01309	0.01987	0.01066	0.01696	0.01454	0.00969	0.01454	0.00824	0.00969	0.00582	0.00436	0.00436	0.00145	0.00678	0.00339	0.00194	0.00678
19	0.01084	0.01238	0.02709	0.01935	0.02399	0.01161	0.79334	0.01471	0.01084	0.01471	0.00929	0.01238	0.00697	0.00387	0.00542	0.00155	0.00774	0.00542	0.00232	0.00619
20	0.00559	0.00400	0.00533	0.00639	0.00666	0.00373	0.00426	0.00639	0.00879	0.01172	0.02530	0.83566	0.03036	0.01438	0.00586	0.00186	0.00266	0.01305	0.00426	0.00373
21	0.01142	0.00986	0.01038	0.00934	0.01194	0.01142	0.00727	0.02440	0.80172	0.01920	0.01869	0.01713	0.01401	0.00623	0.00467	0.00156	0.00363	0.00519	0.00467	0.00727
22	0.00876	0.00825	0.01393	0.80055	0.05798	0.01022	0.01280	0.01181	0.00922	0.01184	0.00818	0.01221	0.00616	0.00457	0.00459	0.00152	0.00610	0.00408	0.00205	0.00517
23	0.00728	0.00542	0.00746	0.00869	0.04215	0.00530	0.00707	0.00929	0.01062	0.01375	0.04926	0.04860	0.12958	0.01209	0.00612	0.00199	0.00397	0.62288	0.00418	0.00431
24	0.01227	0.84142	0.02406	0.00786	0.01178	0.01817	0.00786	0.01375	0.00933	0.01080	0.00638	0.00736	0.00589	0.00393	0.00295	0.00098	0.00491	0.00245	0.00196	0.00589
25	0.01255	0.00690	0.00936	0.06044	0.01169	0.00676	0.02211	0.05304	0.05115	0.27848	0.11257	0.02852	0.01931	0.00814	0.00516	0.00162	0.00394	0.24061	0.06183	0.00584
26	0.01042	0.15536	0.63637	0.01193	0.01805	0.01163	0.01485	0.01490	0.00985	0.06383	0.00855	0.00969	0.00617	0.00437	0.00415	0.00138	0.00630	0.00332	0.00218	0.00670
27	0.00593	0.00425	0.00563	0.00616	0.00673	0.00395	0.00429	0.00724	0.01036	0.01421	0.31648	0.53738	0.03519	0.01252	0.00569	0.00171	0.00248	0.01128	0.00456	0.00395
28	0.00661	0.00442	0.00503	0.00510	0.00511	0.00440	0.00288	0.00666	0.00681	0.00908	0.01516	0.08149	0.01756	0.78602	0.02225	0.00429	0.00434	0.00708	0.00288	0.00284
29	0.01086	0.01039	0.01772	0.17790	0.66424	0.01078	0.01384	0.01365	0.01022	0.01439	0.00855	0.01153	0.00706	0.00418	0.00455	0.00139	0.00558	0.00409	0.00223	0.00687
30	0.01103	0.01030	0.01702	0.24148	0.55041	0.01093	0.01339	0.06331	0.01082	0.01501	0.00866	0.01158	0.00700	0.00432	0.00456	0.00141	0.00561	0.00409	0.00236	0.00672
31	0.00588	0.00421	0.00562	0.00640	0.00688	0.00395	0.00448	0.00703	0.00972	0.01315	0.17706	0.63008	0.03263	0.01330	0.00580	0.00180	0.00267	0.06105	0.00441	0.00388
32	0.00648	0.00507	0.00635	0.00658	0.04610	0.00463	0.00459	0.00853	0.02508	0.01635	0.51371	0.03603	0.28397	0.00979	0.00536	0.00148	0.00240	0.00849	0.00466	0.00438
33	0.01404	0.00805	0.00996	0.00749	0.01109	0.00675	0.00607	0.06752	0.01200	0.32212	0.07879	0.01402	0.01166	0.00491	0.00411	0.00107	0.00360	0.00401	0.00417	0.40856
34	0.01004	0.01004	0.01406	0.01205	0.01205	0.01406	0.01004	0.01105	0.00703	0.01105	0.00603	0.01004	0.00603	0.00804	0.01507	0.00201	0.83025	0.00402	0.00201	0.00502
35	0.01084	0.01238	0.02709	0.01935	0.02399	0.01161	0.79334	0.01471	0.01084	0.01471	0.00929	0.01238	0.00697	0.00387	0.00542	0.00155	0.00774	0.00542	0.00232	0.00619
36	0.00856	0.00428	0.00428	0.00428	0.00535	0.00428	0.00321	0.01070	0.00963	0.01712	0.01498	0.01712	0.01177	0.00535	0.00321	0.00107	0.00214	0.00428	0.86414	0.00428
37	0.00559	0.00400	0.00533	0.00639	0.00666	0.00373	0.00426	0.00639	0.00879	0.01172	0.02530	0.83566	0.03036	0.01438	0.00586	0.00186	0.00266	0.01305	0.00426	0.00373
38	0.87108	0.00888	0.00675	0.00604	0.00888	0.01030	0.00497	0.01350	0.00781	0.02060	0.00639	0.00746	0.00497	0.00426	0.00284	0.00142	0.00355	0.00249	0.00284	0.00497
39	0.14469	0.00854	0.02794	0.00821	0.01155	0.00787	0.00692	0.03662	0.01216	0.62313	0.01543	0.01392	0.00997	0.00556	0.00487	0.00145	0.04473	0.00424	0.00498	0.00724
40	0.00757	0.00635	0.03027	0.00657	0.00821	0.00593	0.00520	0.03279	0.14750	0.01789	0.52290	0.03138	0.14175	0.00890	0.00524	0.00148	0.00265	0.00771	0.00478	0.00494
41	0.00797	0.00399	0.00598	0.00598	0.00598	0.00399	0.00399	0.00598	0.00598	0.00797	0.00797	0.01396	0.00797	0.01595	0.01794	0.86643	0.00399	0.00399	0.00199	0.00199
42	0.01779	0.01232	0.01344	0.01031	0.01397	0.01344	0.00851	0.71207	0.02068	0.11285	0.01178	0.01151	0.00819	0.00553	0.00460	0.00138	0.00493	0.00419	0.00471	0.00781
43	0.00922	0.00893	0.01406	0.71311	0.07989	0.04111	0.01258	0.01210	0.00932	0.01189	0.00806	0.01195	0.00618	0.00470	0.00499	0.00153	0.03902	0.00404	0.00207	0.00524
44	0.00936	0.00919	0.01399	0.73216	0.07273	0.06197	0.01257	0.01228	0.00949	0.01188	0.00812	0.01194	0.00617	0.00457	0.00456	0.00150	0.00622	0.00401	0.00207	0.00523
45	0.05445	0.58627	0.08773	0.01035	0.08659	0.03826	0.00913	0.05793	0.01018	0.01302	0.00703	0.00817	0.00608	0.00411	0.00333	0.00111	0.00515	0.00279	0.00219	0.00614

[dist]
# distance from previous block
# <min> <max>
3	10

[block]
# block no. 6 follows, 56 sequences, length 25
# corresponding to MSA columns:
# 875-877,882-903
name=unknown_G
#
# <colnr> <probs for GDERKNQSTAVLIFYWHMCP>
#	G	D	E	R	K	N	Q	S	T	A	V	L	I	F	Y	W	H	M	C	P
0	0.01750	0.00757	0.00964	0.00761	0.01063	0.00698	0.00621	0.10038	0.01338	0.55374	0.05000	0.01620	0.01241	0.00576	0.00439	0.00135	0.00363	0.00466	0.16093	0.00703
1	0.05523	0.01150	0.14245	0.00950	0.01359	0.02264	0.03444	0.10647	0.03350	0.43539	0.01393	0.01310	0.00924	0.00514	0.00442	0.00137	0.00464	0.00413	0.00439	0.07492
2	0.01221	0.01026	0.01083	0.00950	0.01224	0.01179	0.00746	0.12569	0.69914	0.02048	0.01768	0.01633	0.01320	0.00613	0.00466	0.00153	0.00382	0.00505	0.00466	0.00734
3	0.00650	0.00469	0.00614	0.00578	0.00686	0.00433	0.00433	0.00866	0.01300	0.01841	0.80760	0.03429	0.04332	0.00939	0.00541	0.00144	0.00217	0.00830	0.00505	0.00433
4	0.00698	0.00469	0.00610	0.00650	0.00724	0.00443	0.00457	0.03886	0.01049	0.05162	0.20848	0.57595	0.03163	0.01245	0.00565	0.00173	0.00270	0.01118	0.00453	0.00422
5	0.02060	0.00781	0.01065	0.00817	0.01172	0.00675	0.00675	0.02237	0.01314	0.81320	0.01811	0.01563	0.01136	0.00568	0.00462	0.00142	0.00391	0.00462	0.00568	0.00781
6	0.01142	0.00986	0.01038	0.00934	0.01194	0.01142	0.00727	0.02440	0.80172	0.01920	0.01869	0.01713	0.01401	0.00623	0.00467	0.00156	0.00363	0.00519	0.00467	0.00727
7	0.00631	0.00469	0.00587	0.00558	0.00674	0.00425	0.00418	0.00830	0.01255	0.01735	0.67294	0.03604	0.17864	0.00978	0.00542	0.00146	0.00219	0.00855	0.00491	0.00425
8	0.05157	0.05450	0.01261	0.04299	0.01392	0.52817	0.00837	0.03342	0.12441	0.05161	0.00979	0.03097	0.00795	0.00519	0.00420	0.00128	0.00677	0.00363	0.00293	0.00573
9	0.01084	0.01238	0.02709	0.01935	0.02399	0.01161	0.79334	0.01471	0.01084	0.01471	0.00929	0.01238	0.00697	0.00387	0.00542	0.00155	0.00774	0.00542	0.00232	0.00619
10	0.00668	0.00445	0.00501	0.00501	0.00501	0.00445	0.00278	0.00668	0.00668	0.00890	0.01447	0.03004	0.01669	0.83866	0.02337	0.00445	0.00445	0.00668	0.00278	0.00278
11	0.01715	0.02188	0.01301	0.01183	0.01419	0.82022	0.00887	0.01833	0.01301	0.01124	0.00710	0.00828	0.00591	0.00473	0.00414	0.00118	0.00828	0.00296	0.00237	0.00532
12	0.01956	0.00927	0.08428	0.00862	0.01247	0.00711	0.00768	0.02166	0.01282	0.74008	0.01721	0.01508	0.01086	0.00556	0.00459	0.00142	0.00417	0.00450	0.00534	0.00772
13	0.00650	0.00469	0.00614	0.00578	0.00686	0.00433	0.00433	0.00866	0.01300	0.01841	0.80760	0.03429	0.04332	0.00939	0.00541	0.00144	0.00217	0.00830	0.00505	0.00433
14	0.01489	0.01100	0.01199	0.00970	0.01266	0.01207	0.00779	0.60970	0.04994	0.02517	0.01413	0.17292	0.01247	0.00728	0.00484	0.00148	0.00453	0.00592	0.00453	0.00699
15	0.00613	0.00430	0.00550	0.00602	0.00627	0.00428	0.00393	0.00676	0.00781	0.01053	0.01945	0.42192	0.02263	0.32096	0.12878	0.00361	0.00470	0.00954	0.00346	0.00343
16	0.04918	0.00819	0.01344	0.78903	0.03055	0.01020	0.01238	0.01181	0.00912	0.01215	0.00808	0.01202	0.00607	0.00457	0.00451	0.00152	0.00600	0.00401	0.00208	0.00509
17	0.00650	0.00469	0.00614	0.00578	0.00686	0.00433	0.00433	0.00866	0.01300	0.01841	0.80760	0.03429	0.04332	0.00939	0.00541	0.00144	0.00217	0.00830	0.00505	0.00433
18	0.00555	0.00467	0.00482	0.00482	0.00633	0.00394	0.00364	0.00680	0.01064	0.01284	0.09754	0.04370	0.73723	0.01150	0.00545	0.00156	0.00236	0.02838	0.00432	0.00392
19	0.01680	0.01254	0.01341	0.01043	0.01399	0.01393	0.00857	0.71206	0.10529	0.02789	0.01184	0.01168	0.00847	0.00559	0.00460	0.00140	0.00490	0.00425	0.00460	0.00775
20	0.01348	0.01089	0.01154	0.00976	0.01272	0.01238	0.00777	0.28762	0.53514	0.02253	0.01607	0.01504	0.01189	0.00598	0.00464	0.00150	0.00412	0.00483	0.00464	0.00745
21	0.00617	0.00494	0.00547	0.00530	0.00673	0.00441	0.00398	0.02751	0.02656	0.01472	0.27232	0.07314	0.51074	0.01081	0.00541	0.00153	0.00239	0.00919	0.00452	0.00417
22	0.00559	0.00402	0.00530	0.00631	0.00664	0.00374	0.00423	0.00640	0.00886	0.01175	0.02625	0.80020	0.06521	0.01426	0.00584	0.00185	0.00265	0.01290	0.00426	0.00374
23	0.00631	0.00488	0.00582	0.00606	0.00719	0.00454	0.00458	0.00833	0.05047	0.01404	0.20368	0.20510	0.30774	0.02971	0.00600	0.00174	0.00275	0.12250	0.00442	0.00414
24	0.01063	0.27009	0.37609	0.01082	0.01563	0.01255	0.04861	0.01394	0.00963	0.04891	0.00973	0.01097	0.04002	0.00482	0.00473	0.00133	0.06278	0.00356	0.01713	0.02803

[dist]
# distance from previous block
# <min> <max>
1	9

[block]
# block no. 7 follows, 56 sequences, length 53
# corresponding to MSA columns:
# 959-1011
name=unknown_H
#
# <colnr> <probs for GDERKNQSTAVLIFYWHMCP>
#	G	D	E	R	K	N	Q	S	T	A	V	L	I	F	Y	W	H	M	C	P
0	0.01208	0.00971	0.01072	0.00814	0.01182	0.03354	0.00655	0.17000	0.08625	0.05785	0.01013	0.01081	0.00786	0.00435	0.00412	0.00099	0.02379	0.00337	0.00340	0.52452
1	0.01179	0.01118	0.03796	0.01408	0.01769	0.01092	0.39011	0.18376	0.04570	0.04663	0.01397	0.05860	0.06979	0.00645	0.02501	0.00168	0.03942	0.00571	0.00327	0.00626
2	0.01024	0.22092	0.52558	0.01210	0.03387	0.01243	0.04751	0.02983	0.00990	0.01395	0.00789	0.00930	0.00599	0.00422	0.00403	0.00131	0.00618	0.00326	0.00205	0.03943
3	0.00867	0.00816	0.01377	0.82762	0.03162	0.01020	0.01275	0.01173	0.00918	0.01173	0.00816	0.01224	0.00612	0.00459	0.00459	0.00153	0.00612	0.00408	0.00204	0.00510
4	0.01989	0.00816	0.01080	0.00829	0.01184	0.00726	0.00683	0.06703	0.02928	0.72708	0.01740	0.01520	0.01107	0.00561	0.00458	0.00140	0.00395	0.00454	0.00551	0.03427
5	0.00943	0.10535	0.04157	0.22784	0.07295	0.00929	0.05367	0.02738	0.02709	0.05005	0.07732	0.15260	0.02982	0.02331	0.00543	0.00157	0.03012	0.02630	0.02363	0.00529
6	0.00730	0.00643	0.00622	0.00607	0.00751	0.08185	0.00454	0.00888	0.02588	0.03250	0.16843	0.11133	0.43268	0.01229	0.06550	0.00195	0.00369	0.00857	0.00413	0.00425
7	0.00552	0.00443	0.00493	0.00528	0.00638	0.00384	0.00378	0.00660	0.00999	0.01239	0.06654	0.31070	0.51858	0.01248	0.00557	0.00165	0.00243	0.01077	0.00429	0.00384
8	0.01444	0.01350	0.23902	0.01000	0.01419	0.00996	0.00993	0.21379	0.08976	0.24008	0.05098	0.01439	0.02621	0.00560	0.00456	0.00143	0.00483	0.00447	0.02572	0.00714
9	0.03322	0.00858	0.00971	0.06488	0.01218	0.02645	0.00688	0.02013	0.39949	0.19184	0.07517	0.01731	0.01443	0.00606	0.00450	0.00146	0.00370	0.00501	0.09238	0.00662
10	0.00797	0.00399	0.00598	0.00598	0.00598	0.00399	0.00399	0.00598	0.00598	0.00797	0.00797	0.01396	0.00797	0.01595	0.01794	0.86643	0.00399	0.00399	0.00199	0.00199
11	0.00550	0.00456	0.00479	0.00492	0.00626	0.00388	0.00360	0.00662	0.01024	0.01241	0.06445	0.14846	0.66794	0.02833	0.00584	0.00165	0.00241	0.01004	0.00426	0.00385
