[name]
unknown

[dist]
# distance from previous block
# <min> <max>
0	77

[block]
# block no. 0 follows, 52 sequences, length 156
# corresponding to MSA columns:
# 168-205,208-223,229-232,234-267,288-290,294,296-325,330-359
name=unknown_A
#
# <colnr> <probs for GDERKNQSTAVLIFYWHMCP>
#	G	D	E	R	K	N	Q	S	T	A	V	L	I	F	Y	W	H	M	C	P
0	0.01188	0.50170	0.32087	0.01051	0.01576	0.03994	0.01197	0.01497	0.01011	0.01291	0.00750	0.00874	0.00619	0.00435	0.00371	0.00123	0.00604	0.00298	0.00208	0.00656
1	0.00842	0.00421	0.00631	0.00631	0.00631	0.00421	0.00421	0.00631	0.00631	0.00842	0.00842	0.01473	0.00842	0.01684	0.01894	0.85901	0.00421	0.00421	0.00210	0.00210
2	0.84103	0.00934	0.00723	0.00643	0.00945	0.01077	0.00530	0.01450	0.00840	0.04298	0.00708	0.00811	0.00543	0.00454	0.00305	0.00150	0.00376	0.00269	0.00308	0.00533
3	0.01563	0.01790	0.01365	0.01214	0.01410	0.48221	0.00953	0.09626	0.01300	0.01395	0.00898	0.01282	0.00805	0.00651	0.00730	0.00155	0.19891	0.05901	0.00280	0.00573
4	0.01008	0.11521	0.71760	0.01320	0.02002	0.01214	0.01683	0.01525	0.01019	0.01491	0.00848	0.00996	0.00615	0.00455	0.00444	0.00148	0.00694	0.00347	0.00205	0.00706
5	0.01086	0.01036	0.01762	0.34412	0.49394	0.01122	0.01431	0.01388	0.01050	0.01446	0.00892	0.01236	0.00719	0.00453	0.00482	0.00151	0.00604	0.00431	0.00230	0.00676
6	0.00590	0.00422	0.00562	0.00675	0.00703	0.00394	0.00450	0.00675	0.00928	0.01237	0.02671	0.82653	0.03205	0.01518	0.00619	0.00197	0.00281	0.01378	0.00450	0.00394
7	0.00974	0.00959	0.03898	0.03395	0.01523	0.02701	0.25939	0.05389	0.02687	0.01691	0.26881	0.02283	0.03554	0.04153	0.03595	0.00195	0.05034	0.02073	0.02523	0.00554
8	0.00951	0.00951	0.03913	0.69607	0.10826	0.01089	0.03316	0.01280	0.00988	0.01289	0.00870	0.01275	0.00659	0.00477	0.00486	0.00160	0.00646	0.00432	0.00218	0.00569
9	0.02040	0.00864	0.01127	0.00883	0.01245	0.00793	0.00724	0.03867	0.11642	0.68468	0.01905	0.01661	0.01229	0.00607	0.00488	0.00152	0.00411	0.00494	0.00583	0.00817
10	0.01144	0.01307	0.02859	0.02042	0.02533	0.01225	0.78186	0.01552	0.01144	0.01552	0.00980	0.01307	0.00735	0.00408	0.00572	0.00163	0.00817	0.00572	0.00245	0.00654
11	0.01187	0.03671	0.03991	0.11253	0.34971	0.01191	0.29318	0.03594	0.01137	0.03549	0.00955	0.01243	0.00747	0.00438	0.00509	0.00152	0.00667	0.00477	0.00253	0.00698
12	0.01302	0.00958	0.01266	0.01047	0.01345	0.01009	0.10864	0.03227	0.42016	0.16280	0.09872	0.03618	0.03616	0.00679	0.00515	0.00161	0.00426	0.00601	0.00482	0.00715
13	0.00669	0.00495	0.00624	0.00592	0.00714	0.00450	0.00444	0.00882	0.01332	0.01849	0.68572	0.03775	0.15750	0.01026	0.00572	0.00154	0.00231	0.00898	0.00521	0.00450
14	0.01150	0.20553	0.51768	0.01278	0.03595	0.10851	0.01466	0.01563	0.01058	0.01406	0.00812	0.00954	0.00620	0.00454	0.00425	0.00139	0.00687	0.00332	0.00211	0.00678
15	0.01009	0.02669	0.36164	0.05677	0.08658	0.00891	0.01233	0.01373	0.01099	0.08706	0.11556	0.11699	0.01636	0.00718	0.00509	0.00161	0.00538	0.04742	0.00331	0.00631
16	0.01482	0.01534	0.01382	0.25972	0.02034	0.31874	0.01037	0.19222	0.06072	0.01682	0.01034	0.01200	0.02299	0.00538	0.00469	0.00144	0.00684	0.00405	0.00311	0.00624
17	0.01072	0.00897	0.01117	0.00914	0.05596	0.00756	0.03598	0.05981	0.04877	0.03190	0.02685	0.01357	0.05257	0.00462	0.00406	0.00097	0.00390	0.00387	0.02045	0.58918
18	0.00717	0.00500	0.00736	0.00736	0.00801	0.00565	0.00552	0.00815	0.00749	0.01065	0.01242	0.01933	0.01195	0.09487	0.62184	0.14472	0.01092	0.00518	0.00254	0.00386
19	0.01310	0.80981	0.02507	0.00841	0.01251	0.04145	0.00832	0.01465	0.00996	0.01141	0.00676	0.00780	0.00622	0.00417	0.00314	0.00104	0.00528	0.00261	0.00208	0.00620
20	0.00610	0.00459	0.00566	0.00610	0.00696	0.00414	0.00430	0.00742	0.01089	0.01439	0.23169	0.41807	0.23594	0.01306	0.00594	0.00177	0.00258	0.01155	0.00472	0.00414
21	0.01001	0.09866	0.73357	0.01331	0.02020	0.01198	0.01703	0.01527	0.01020	0.01499	0.00852	0.01001	0.00615	0.00456	0.00447	0.00149	0.00698	0.00349	0.00205	0.00708
22	0.02008	0.01091	0.01290	0.00989	0.01370	0.01108	0.00817	0.40355	0.01833	0.41659	0.01538	0.01406	0.01012	0.00591	0.00486	0.00148	0.00473	0.00462	0.00542	0.00824
23	0.00842	0.00421	0.00631	0.00631	0.00631	0.00421	0.00421	0.00631	0.00631	0.00842	0.00842	0.01473	0.00842	0.01684	0.01894	0.85901	0.00421	0.00421	0.00210	0.00210
24	0.11031	0.01286	0.01358	0.01051	0.01428	0.01419	0.00868	0.66252	0.02077	0.06756	0.01147	0.01147	0.00810	0.00568	0.00465	0.00146	0.00510	0.00420	0.00470	0.00792
25	0.00640	0.00498	0.00584	0.00595	0.00716	0.00452	0.00438	0.00834	0.03896	0.01524	0.28066	0.21224	0.34667	0.01198	0.00582	0.00169	0.00257	0.02748	0.00478	0.00434
26	0.00608	0.00434	0.00582	0.00694	0.00730	0.00408	0.00480	0.00704	0.00945	0.01256	0.02661	0.75698	0.03168	0.01502	0.00623	0.00199	0.00296	0.08163	0.00450	0.00398
27	0.00583	0.00468	0.00520	0.00556	0.00673	0.00406	0.00398	0.00697	0.01057	0.01311	0.07129	0.30139	0.51738	0.01313	0.00588	0.00174	0.00256	0.01133	0.00453	0.00406
28	0.00915	0.00861	0.01453	0.81804	0.03338	0.01077	0.01346	0.01238	0.00969	0.01238	0.00861	0.01292	0.00646	0.00484	0.00484	0.00161	0.00646	0.00431	0.00215	0.00538
29	0.00972	0.02507	0.80458	0.01381	0.02097	0.01125	0.01790	0.01535	0.01023	0.01535	0.00870	0.01023	0.00614	0.00460	0.00460	0.00153	0.00716	0.00358	0.00205	0.00716
30	0.12458	0.00852	0.01076	0.00839	0.01199	0.00783	0.00692	0.05068	0.01351	0.66150	0.03374	0.01567	0.01174	0.00589	0.00466	0.00150	0.00408	0.00466	0.00557	0.00780
31	0.01141	0.01300	0.02821	0.02021	0.02497	0.01233	0.76014	0.01541	0.01132	0.01541	0.00971	0.01300	0.00733	0.00421	0.00601	0.00165	0.03106	0.00568	0.00244	0.00650
32	0.04914	0.01538	0.01240	0.01080	0.01366	0.29907	0.00839	0.18598	0.27490	0.03454	0.01359	0.02785	0.02100	0.00598	0.00467	0.00146	0.00589	0.00448	0.00397	0.00686
33	0.00965	0.00912	0.01543	0.68067	0.16688	0.01090	0.01370	0.01282	0.00992	0.01298	0.00870	0.01276	0.00667	0.00475	0.00484	0.00158	0.00634	0.00431	0.00220	0.00578
34	0.01105	0.01018	0.01097	0.00898	0.01133	0.11047	0.00705	0.02570	0.00950	0.01332	0.00800	0.01088	0.00712	0.00727	0.00917	0.15647	0.18259	0.00347	0.00256	0.39393
35	0.00592	0.00490	0.00504	0.00501	0.00659	0.00415	0.00376	0.00727	0.01127	0.01380	0.11679	0.04494	0.70820	0.01188	0.00567	0.00161	0.00243	0.00995	0.02668	0.00415
36	0.03253	0.01637	0.01271	0.01113	0.01364	0.38695	0.00864	0.11983	0.15557	0.04558	0.03417	0.01310	0.03120	0.00605	0.00563	0.00145	0.07994	0.00422	0.00350	0.01777
37	0.01034	0.17990	0.65519	0.01275	0.01934	0.01277	0.01606	0.01519	0.01016	0.01459	0.00832	0.00976	0.00615	0.00452	0.00432	0.00144	0.00678	0.00339	0.00205	0.00698
38	0.00689	0.00498	0.00653	0.00620	0.00735	0.00461	0.00469	0.00918	0.01362	0.01925	0.76781	0.03690	0.04505	0.01004	0.00575	0.00155	0.00237	0.03736	0.00530	0.00457
39	0.00915	0.00861	0.01453	0.81804	0.03338	0.01077	0.01346	0.01238	0.00969	0.01238	0.00861	0.01292	0.00646	0.00484	0.00484	0.00161	0.00646	0.00431	0.00215	0.00538
40	0.01368	0.01056	0.01204	0.00914	0.01305	0.01021	0.02233	0.28811	0.09960	0.05033	0.01145	0.01194	0.00867	0.00485	0.00427	0.00113	0.00432	0.00385	0.02141	0.39908
41	0.00654	0.00463	0.00601	0.00652	0.00708	0.00439	0.00457	0.00779	0.01037	0.01412	0.24689	0.40017	0.03329	0.14476	0.00907	0.00230	0.00311	0.07988	0.00448	0.00401
42	0.00699	0.00494	0.00653	0.00653	0.00697	0.00538	0.00449	0.00785	0.00742	0.01032	0.01413	0.02539	0.01487	0.43397	0.41664	0.00624	0.00883	0.00612	0.00277	0.00363
43	0.00972	0.02507	0.80458	0.01381	0.02097	0.01125	0.01790	0.01535	0.01023	0.01535	0.00870	0.01023	0.00614	0.00460	0.00460	0.00153	0.00716	0.00358	0.00205	0.00716
44	0.01354	0.01193	0.01775	0.07931	0.33972	0.01303	0.07006	0.25074	0.01410	0.01953	0.00954	0.01185	0.00756	0.00535	0.00635	0.00156	0.11327	0.00443	0.00310	0.00728
45	0.00590	0.00422	0.00562	0.00675	0.00703	0.00394	0.00450	0.00675	0.00928	0.01237	0.02671	0.82653	0.03205	0.01518	0.00619	0.00197	0.00281	0.01378	0.00450	0.00394
46	0.00659	0.00494	0.00611	0.00582	0.00708	0.00446	0.00436	0.00863	0.01309	0.01795	0.62177	0.03864	0.22179	0.01046	0.00572	0.00155	0.00233	0.00911	0.00514	0.00446
47	0.04813	0.03016	0.01240	0.01015	0.01325	0.13757	0.00808	0.25996	0.25510	0.10634	0.02872	0.02793	0.01137	0.00609	0.00470	0.00148	0.00505	0.00471	0.02153	0.00728
48	0.00923	0.00619	0.00753	0.00683	0.00859	0.00599	0.00524	0.01315	0.13647	0.10789	0.49174	0.03239	0.13107	0.00923	0.00550	0.00155	0.00276	0.00798	0.00524	0.00542
49	0.00704	0.00471	0.00535	0.00535	0.00538	0.00474	0.00302	0.00709	0.00707	0.00945	0.01521	0.03137	0.01747	0.80812	0.04603	0.00478	0.00492	0.00700	0.00293	0.00297
50	0.01005	0.00861	0.01005	0.00718	0.01148	0.00646	0.00574	0.01220	0.01005	0.01579	0.00861	0.01005	0.00718	0.00359	0.00359	0.00072	0.00359	0.00287	0.00287	0.85932
51	0.01500	0.01187	0.01262	0.01046	0.01372	0.01343	0.00838	0.37624	0.43542	0.02502	0.01598	0.01510	0.01176	0.00622	0.00489	0.00156	0.00453	0.00496	0.00489	0.00793
52	0.01651	0.00955	0.01119	0.00935	0.01257	0.00997	0.00748	0.04757	0.42579	0.36494	0.01921	0.01719	0.01337	0.00630	0.00490	0.00157	0.00401	0.00518	0.00540	0.00794
53	0.49320	0.00939	0.00916	0.00756	0.01085	0.01005	0.00623	0.10265	0.01163	0.26296	0.01128	0.01115	0.00780	0.00513	0.00379	0.00149	0.00401	0.00355	0.02163	0.00649
54	0.00924	0.00871	0.01470	0.79299	0.05773	0.01079	0.01350	0.01246	0.00973	0.01249	0.00863	0.01289	0.00650	0.00483	0.00484	0.00161	0.00644	0.00431	0.00216	0.00546
55	0.00693	0.00518	0.00771	0.00771	0.00855	0.00601	0.00596	0.00860	0.00776	0.01119	0.01305	0.01944	0.01229	0.06156	0.78551	0.00769	0.01272	0.00525	0.00261	0.00428
56	0.00842	0.00421	0.00631	0.00631	0.00631	0.00421	0.00421	0.00631	0.00631	0.00842	0.00842	0.01473	0.00842	0.01684	0.01894	0.85901	0.00421	0.00421	0.00210	0.00210
57	0.01168	0.01119	0.01910	0.11747	0.71421	0.01143	0.01472	0.01460	0.01088	0.01545	0.00906	0.01210	0.00754	0.00438	0.00480	0.00146	0.00584	0.00432	0.00237	0.00742
58	0.00587	0.00486	0.00519	0.00526	0.00671	0.00417	0.00390	0.00716	0.01099	0.01346	0.10399	0.11931	0.64254	0.01309	0.02995	0.00184	0.00279	0.01030	0.00451	0.00412
59	0.00693	0.00518	0.00771	0.00771	0.00855	0.00601	0.00596	0.00860	0.00776	0.01119	0.01305	0.01944	0.01229	0.06156	0.78551	0.00769	0.01272	0.00525	0.00261	0.00428
60	0.00573	0.00491	0.00491	0.00491	0.00655	0.00409	0.00368	0.00695	0.01105	0.01309	0.04909	0.04664	0.79750	0.01227	0.00573	0.00164	0.00245	0.01023	0.00450	0.00409
61	0.00972	0.02507	0.80458	0.01381	0.02097	0.01125	0.01790	0.01535	0.01023	0.01535	0.00870	0.01023	0.00614	0.00460	0.00460	0.00153	0.00716	0.00358	0.00205	0.00716
62	0.01096	0.01198	0.02465	0.01823	0.02210	0.01191	0.60072	0.01445	0.01088	0.01491	0.01098	0.01702	0.00933	0.00562	0.00716	0.00176	0.11488	0.08370	0.00261	0.00616
63	0.00972	0.02507	0.80458	0.01381	0.02097	0.01125	0.01790	0.01535	0.01023	0.01535	0.00870	0.01023	0.00614	0.00460	0.00460	0.00153	0.00716	0.00358	0.00205	0.00716
64	0.00767	0.00553	0.00762	0.00866	0.00981	0.00548	0.00753	0.00983	0.01115	0.01441	0.02722	0.05413	0.07934	0.01331	0.00663	0.00219	0.00433	0.71626	0.00446	0.00444
65	0.01150	0.01101	0.01879	0.16552	0.66751	0.01139	0.01463	0.01444	0.01080	0.01524	0.00903	0.01215	0.00747	0.00441	0.00481	0.00147	0.00588	0.00432	0.00236	0.00728
66	0.17460	0.00911	0.01013	0.00891	0.01156	0.02471	0.00741	0.21071	0.01376	0.16146	0.01565	0.02334	0.01366	0.01071	0.09001	0.00233	0.00547	0.19589	0.00433	0.00626
67	0.00915	0.00861	0.01453	0.81804	0.03338	0.01077	0.01346	0.01238	0.00969	0.01238	0.00861	0.01292	0.00646	0.00484	0.00484	0.00161	0.00646	0.00431	0.00215	0.00538
68	0.01730	0.02160	0.01325	0.01206	0.01444	0.73655	0.00904	0.03315	0.01346	0.01213	0.00803	0.00986	0.00684	0.02698	0.04345	0.00165	0.00878	0.00334	0.00256	0.00554
69	0.00701	0.00485	0.00604	0.00604	0.00631	0.00511	0.00388	0.00753	0.00727	0.00996	0.01458	0.02787	0.01595	0.58947	0.26261	0.00563	0.00721	0.00649	0.00283	0.00336
70	0.00972	0.02507	0.80458	0.01381	0.02097	0.01125	0.01790	0.01535	0.01023	0.01535	0.00870	0.01023	0.00614	0.00460	0.00460	0.00153	0.00716	0.00358	0.00205	0.00716
71	0.01057	0.01006	0.01710	0.42470	0.41564	0.01114	0.01416	0.01362	0.01036	0.01410	0.00886	0.01246	0.00707	0.00458	0.00482	0.00153	0.00611	0.00431	0.00228	0.00653
72	0.00686	0.00495	0.00648	0.00610	0.00724	0.00457	0.00457	0.00914	0.01372	0.01943	0.79691	0.03620	0.04572	0.00991	0.00572	0.00152	0.00229	0.00876	0.00533	0.00457
73	0.00972	0.02507	0.80458	0.01381	0.02097	0.01125	0.01790	0.01535	0.01023	0.01535	0.00870	0.01023	0.00614	0.00460	0.00460	0.00153	0.00716	0.00358	0.00205	0.00716
74	0.01198	0.01155	0.01989	0.02951	0.78021	0.01153	0.03394	0.01489	0.01104	0.01582	0.00913	0.01202	0.00767	0.00431	0.00482	0.00144	0.00582	0.00435	0.00240	0.00765
75	0.00590	0.00422	0.00562	0.00675	0.00703	0.00394	0.00450	0.00675	0.00928	0.01237	0.02671	0.82653	0.03205	0.01518	0.00619	0.00197	0.00281	0.01378	0.00450	0.00394
76	0.00705	0.00470	0.00529	0.00529	0.00529	0.00470	0.00294	0.00705	0.00705	0.00940	0.01527	0.03171	0.01762	0.82969	0.02467	0.00470	0.00470	0.00705	0.00294	0.00294
77	0.01144	0.01307	0.02859	0.02042	0.02533	0.01225	0.78186	0.01552	0.01144	0.01552	0.00980	0.01307	0.00735	0.00408	0.00572	0.00163	0.00817	0.00572	0.00245	0.00654
78	0.00915	0.00861	0.01453	0.81804	0.03338	0.01077	0.01346	0.01238	0.00969	0.01238	0.00861	0.01292	0.00646	0.00484	0.00484	0.00161	0.00646	0.00431	0.00215	0.00538
79	0.00984	0.00530	0.00538	0.00509	0.00646	0.00543	0.00389	0.07802	0.01125	0.01914	0.01545	0.01751	0.01206	0.00566	0.00351	0.00116	0.00252	0.00450	0.78298	0.00484
80	0.00590	0.00422	0.00562	0.00675	0.00703	0.00394	0.00450	0.00675	0.00928	0.01237	0.02671	0.82653	0.03205	0.01518	0.00619	0.00197	0.00281	0.01378	0.00450	0.00394
81	0.00716	0.00527	0.00690	0.00737	0.00858	0.00501	0.00611	0.00924	0.01192	0.01577	0.26564	0.04763	0.16578	0.01213	0.00623	0.00191	0.00345	0.40473	0.00474	0.00443
82	0.01199	0.01151	0.01967	0.02974	0.79946	0.01151	0.01487	0.01487	0.01103	0.01583	0.00912	0.01199	0.00768	0.00432	0.00480	0.00144	0.00576	0.00432	0.00240	0.00768
83	0.00593	0.00492	0.00519	0.00512	0.00667	0.00418	0.00384	0.00735	0.01153	0.01424	0.18446	0.04475	0.66141	0.01184	0.00573	0.00162	0.00242	0.00996	0.00465	0.00418
84	0.00590	0.00422	0.00562	0.00675	0.00703	0.00394	0.00450	0.00675	0.00928	0.01237	0.02671	0.82653	0.03205	0.01518	0.00619	0.00197	0.00281	0.01378	0.00450	0.00394
85	0.01810	0.02310	0.01373	0.01248	0.01498	0.81024	0.00936	0.01935	0.01373	0.01186	0.00749	0.00874	0.00624	0.00499	0.00437	0.00125	0.00874	0.00312	0.00250	0.00562
86	0.00573	0.00491	0.00491	0.00491	0.00655	0.00409	0.00368	0.00695	0.01105	0.01309	0.04909	0.04664	0.79750	0.01227	0.00573	0.00164	0.00245	0.01023	0.00450	0.00409
87	0.01109	0.33340	0.46238	0.01259	0.06131	0.01430	0.01406	0.01500	0.01013	0.01386	0.00797	0.00939	0.00626	0.00441	0.00404	0.00134	0.00633	0.00324	0.00208	0.00683
88	0.00590	0.00422	0.00562	0.00675	0.00703	0.00394	0.00450	0.00675	0.00928	0.01237	0.02671	0.82653	0.03205	0.01518	0.00619	0.00197	0.00281	0.01378	0.00450	0.00394
89	0.00842	0.00421	0.00631	0.00631	0.00631	0.00421	0.00421	0.00631	0.00631	0.00842	0.00842	0.01473	0.00842	0.01684	0.01894	0.85901	0.00421	0.00421	0.00210	0.00210
90	0.01173	0.01125	0.01920	0.10159	0.72964	0.01145	0.01474	0.01465	0.01091	0.01552	0.00907	0.01208	0.00757	0.00437	0.00480	0.00146	0.00582	0.00432	0.00238	0.00747
91	0.00590	0.00422	0.00562	0.00675	0.00703	0.00394	0.00450	0.00675	0.00928	0.01237	0.02671	0.82653	0.03205	0.01518	0.00619	0.00197	0.00281	0.01378	0.00450	0.00394
92	0.00692	0.00519	0.00779	0.00779	0.00865	0.00606	0.00606	0.00865	0.00779	0.01125	0.01298	0.01904	0.01211	0.03634	0.81049	0.00779	0.01298	0.00519	0.00260	0.00433
93	0.00590	0.00422	0.00562	0.00675	0.00703	0.00394	0.00450	0.00675	0.00928	0.01237	0.02671	0.82653	0.03205	0.01518	0.00619	0.00197	0.00281	0.01378	0.00450	0.00394
94	0.03385	0.03285	0.01251	0.01014	0.01337	0.08499	0.00812	0.22924	0.35491	0.14396	0.01572	0.01476	0.01139	0.00603	0.00476	0.00152	0.00476	0.00473	0.00474	0.00764
95	0.00692	0.00519	0.00779	0.00779	0.00865	0.00606	0.00606	0.00865	0.00779	0.01125	0.01298	0.01904	0.01211	0.03634	0.81049	0.00779	0.01298	0.00519	0.00260	0.00433
96	0.00686	0.00495	0.00648	0.00610	0.00724	0.00457	0.00457	0.00914	0.01372	0.01943	0.79691	0.03620	0.04572	0.00991	0.00572	0.00152	0.00229	0.00876	0.00533	0.00457
97	0.01199	0.01151	0.01967	0.02974	0.79946	0.01151	0.01487	0.01487	0.01103	0.01583	0.00912	0.01199	0.00768	0.00432	0.00480	0.00144	0.00576	0.00432	0.00240	0.00768
98	0.03141	0.04741	0.76248	0.01347	0.02044	0.01147	0.01731	0.01530	0.01017	0.01540	0.00859	0.01010	0.00612	0.00459	0.00452	0.00152	0.00702	0.00353	0.00207	0.00709
99	0.01245	0.01069	0.01104	0.00990	0.01266	0.03264	0.00770	0.02553	0.75123	0.03951	0.01939	0.01780	0.01450	0.00652	0.00491	0.00163	0.00397	0.00540	0.00489	0.00763
100	0.01199	0.01151	0.01967	0.02974	0.79946	0.01151	0.01487	0.01487	0.01103	0.01583	0.00912	0.01199	0.00768	0.00432	0.00480	0.00144	0.00576	0.00432	0.00240	0.00768
101	0.01992	0.00897	0.01129	0.00875	0.01229	0.00846	0.00720	0.17428	0.01531	0.57700	0.01732	0.01567	0.01128	0.00593	0.00473	0.00146	0.00420	0.00474	0.08329	0.00791
102	0.27713	0.01047	0.01075	0.00893	0.01204	0.01147	0.00733	0.34428	0.03084	0.10058	0.01284	0.03998	0.01056	0.02690	0.00498	0.00164	0.00453	0.07374	0.00430	0.00670
103	0.00590	0.00422	0.00562	0.00675	0.00703	0.00394	0.00450	0.00675	0.00928	0.01237	0.02671	0.82653	0.03205	0.01518	0.00619	0.00197	0.00281	0.01378	0.00450	0.00394
104	0.01566	0.01030	0.01185	0.00908	0.01289	0.01000	0.00739	0.28128	0.08437	0.19870	0.03443	0.01347	0.01035	0.00533	0.00449	0.00125	0.00430	0.00423	0.00450	0.27615
105	0.01215	0.01046	0.01101	0.00988	0.01264	0.01210	0.00769	0.03760	0.77870	0.02043	0.01960	0.01798	0.01469	0.00656	0.00493	0.00164	0.00386	0.00546	0.00493	0.00768
106	0.00807	0.00682	0.00975	0.00910	0.00963	0.00865	0.00720	0.00945	0.00761	0.01122	0.01113	0.01750	0.01080	0.09378	0.50064	0.00579	0.26084	0.00505	0.00248	0.00451
107	0.01199	0.01151	0.01967	0.02974	0.79946	0.01151	0.01487	0.01487	0.01103	0.01583	0.00912	0.01199	0.00768	0.00432	0.00480	0.00144	0.00576	0.00432	0.00240	0.00768
108	0.00994	0.02478	0.78494	0.01375	0.02083	0.01135	0.01769	0.03444	0.01054	0.01572	0.00877	0.01027	0.00619	0.00463	0.00461	0.00153	0.00712	0.00360	0.00212	0.00719
109	0.01192	0.01144	0.01954	0.04931	0.78045	0.01150	0.01484	0.01481	0.01100	0.01575	0.00910	0.01202	0.00765	0.00433	0.00480	0.00144	0.00577	0.00432	0.00239	0.00762
110	0.00740	0.00529	0.00734	0.00846	0.00939	0.00522	0.00710	0.00933	0.01075	0.01404	0.02588	0.22062	0.02878	0.01377	0.00658	0.00217	0.00411	0.60493	0.00447	0.00435
111	0.02174	0.00825	0.01125	0.00862	0.01237	0.00712	0.00712	0.02362	0.01387	0.80282	0.01912	0.01649	0.01200	0.00600	0.00487	0.00150	0.00412	0.00487	0.00600	0.00825
112	0.01144	0.01307	0.02859	0.02042	0.02533	0.01225	0.78186	0.01552	0.01144	0.01552	0.00980	0.01307	0.00735	0.00408	0.00572	0.00163	0.00817	0.00572	0.00245	0.00654
113	0.02174	0.00825	0.01125	0.00862	0.01237	0.00712	0.00712	0.02362	0.01387	0.80282	0.01912	0.01649	0.01200	0.00600	0.00487	0.00150	0.00412	0.00487	0.00600	0.00825
114	0.00692	0.00519	0.00779	0.00779	0.00865	0.00606	0.00606	0.00865	0.00779	0.01125	0.01298	0.01904	0.01211	0.03634	0.81049	0.00779	0.01298	0.00519	0.00260	0.00433
115	0.01296	0.83261	0.02539	0.00829	0.01244	0.01917	0.00829	0.01451	0.00985	0.01140	0.00674	0.00777	0.00622	0.00415	0.00311	0.00104	0.00518	0.00259	0.00207	0.00622
116	0.00705	0.00470	0.00529	0.00529	0.00529	0.00470	0.00294	0.00705	0.00705	0.00940	0.01527	0.03171	0.01762	0.82969	0.02467	0.00470	0.00470	0.00705	0.00294	0.00294
117	0.02174	0.00825	0.01125	0.00862	0.01237	0.00712	0.00712	0.02362	0.01387	0.80282	0.01912	0.01649	0.01200	0.00600	0.00487	0.00150	0.00412	0.00487	0.00600	0.00825
118	0.00590	0.00422	0.00562	0.00675	0.00703	0.00394	0.00450	0.00675	0.00928	0.01237	0.02671	0.82653	0.03205	0.01518	0.00619	0.00197	0.00281	0.01378	0.00450	0.00394
119	0.06961	0.44212	0.34680	0.01045	0.01576	0.01533	0.01206	0.01484	0.00990	0.01374	0.00755	0.00880	0.00612	0.00436	0.00372	0.00127	0.00590	0.00300	0.00213	0.00654
120	0.01167	0.01227	0.07286	0.07496	0.70142	0.01145	0.01500	0.01476	0.01090	0.01560	0.00906	0.01193	0.00750	0.00437	0.00479	0.00146	0.00589	0.00427	0.00236	0.00751
121	0.00626	0.06131	0.00635	0.00518	0.00697	0.00513	0.00402	0.00754	0.01105	0.01318	0.06997	0.04366	0.71968	0.01164	0.00555	0.00159	0.00264	0.00966	0.00436	0.00425
122	0.80567	0.00932	0.00763	0.06168	0.01101	0.01086	0.00581	0.01412	0.00835	0.02110	0.00687	0.00822	0.00533	0.00452	0.00312	0.00151	0.00393	0.00274	0.00294	0.00526
123	0.00858	0.00564	0.00784	0.00871	0.00992	0.00553	0.00746	0.01067	0.01117	0.06803	0.02531	0.12241	0.02719	0.01305	0.00652	0.00216	0.00429	0.64629	0.00457	0.00467
124	0.01265	0.77616	0.02409	0.00816	0.01202	0.01816	0.00801	0.01395	0.00961	0.01120	0.00685	0.00825	0.00637	0.00501	0.00419	0.05950	0.00512	0.00270	0.00208	0.00594
125	0.00577	0.00472	0.00510	0.00540	0.00667	0.00405	0.00390	0.00690	0.01057	0.01290	0.04312	0.25464	0.59334	0.01305	0.00585	0.00172	0.00255	0.01117	0.00450	0.00405
126	0.01067	0.01060	0.01527	0.01278	0.01343	0.03376	0.08592	0.01213	0.00817	0.01247	0.00755	0.01154	0.00703	0.00852	0.03536	0.00214	0.64250	0.00440	0.06040	0.00535
127	0.01829	0.01287	0.01400	0.01083	0.01462	0.01410	0.00892	0.66244	0.07430	0.10022	0.01287	0.01252	0.00903	0.00589	0.00486	0.00147	0.00512	0.00449	0.00496	0.00820
128	0.00722	0.00546	0.00782	0.06251	0.00959	0.00629	0.00589	0.00858	0.00772	0.01086	0.01307	0.02163	0.01297	0.23765	0.52936	0.00640	0.03467	0.00558	0.00264	0.00407
129	0.03353	0.03344	0.01363	0.01034	0.01406	0.03745	0.00847	0.55220	0.08720	0.02645	0.02774	0.01225	0.00928	0.00561	0.00463	0.00137	0.00500	0.00426	0.00445	0.10863
130	0.00596	0.00516	0.00557	0.06032	0.00837	0.00455	0.00435	0.00732	0.01095	0.01304	0.04633	0.04434	0.74359	0.01177	0.00567	0.00163	0.00273	0.00982	0.00434	0.00418
131	0.00832	0.00424	0.00624	0.00624	0.00624	0.00424	0.00412	0.00636	0.00636	0.00848	0.00888	0.01589	0.00904	0.07223	0.01933	0.80079	0.00424	0.00440	0.00216	0.00216
132	0.07447	0.01975	0.01586	0.01335	0.01636	0.56613	0.14407	0.05131	0.02888	0.01415	0.00827	0.00975	0.00663	0.00487	0.00454	0.00135	0.00806	0.00364	0.00267	0.00591
133	0.01263	0.75941	0.04111	0.06359	0.01404	0.01843	0.00885	0.01438	0.00984	0.01155	0.00691	0.00818	0.00623	0.00420	0.00326	0.00109	0.00531	0.00273	0.00208	0.00618
134	0.00684	0.00517	0.00759	0.00759	0.00851	0.00592	0.00590	0.00854	0.00801	0.01138	0.01544	0.02092	0.06563	0.03470	0.75565	0.00737	0.01226	0.00554	0.00273	0.00431
135	0.00647	0.00494	0.00594	0.00569	0.00700	0.00441	0.00427	0.00840	0.01280	0.01726	0.54106	0.03977	0.30293	0.01072	0.00572	0.00156	0.00234	0.00926	0.00505	0.00441
136	0.01171	0.01143	0.01197	0.01057	0.01279	0.17258	0.08286	0.06658	0.18408	0.01596	0.05749	0.02405	0.04404	0.06574	0.06534	0.00230	0.02194	0.12906	0.00376	0.00575
137	0.00719	0.00496	0.00592	0.06067	0.00720	0.00511	0.00365	0.00741	0.00723	0.00960	0.01482	0.03043	0.01686	0.77348	0.02331	0.00449	0.00482	0.00686	0.00288	0.00310
138	0.00598	0.00425	0.00560	0.00665	0.00691	0.00399	0.00439	0.00677	0.00913	0.01217	0.02593	0.77237	0.03107	0.07069	0.00744	0.00215	0.00294	0.01332	0.00439	0.00387
139	0.01157	0.01207	0.07239	0.15331	0.58345	0.01150	0.03203	0.03761	0.01113	0.01568	0.00910	0.01203	0.00739	0.00446	0.00481	0.00148	0.00601	0.00430	0.00241	0.00727
140	0.19628	0.01347	0.06661	0.01022	0.01409	0.03873	0.00886	0.50191	0.01808	0.07039	0.01069	0.01093	0.00761	0.00544	0.00443	0.00147	0.00516	0.00393	0.00426	0.00745
141	0.00738	0.00500	0.00643	0.00603	0.00721	0.00464	0.00451	0.00960	0.01331	0.03856	0.70406	0.03436	0.04189	0.03079	0.00603	0.00158	0.00239	0.00833	0.06330	0.00462
142	0.06829	0.11350	0.66388	0.01269	0.01924	0.01211	0.01598	0.01518	0.01005	0.01535	0.00835	0.00980	0.00609	0.00455	0.00433	0.00148	0.00671	0.00341	0.00211	0.00693
143	0.07883	0.00833	0.01093	0.00843	0.01214	0.00736	0.00696	0.02268	0.01339	0.72917	0.01800	0.01574	0.01141	0.00583	0.00471	0.00148	0.00408	0.00467	0.00571	0.03012
144	0.00791	0.06152	0.00784	0.00625	0.00778	0.00564	0.00486	0.01001	0.01317	0.05806	0.62217	0.03439	0.12306	0.00957	0.00550	0.00150	0.00260	0.00830	0.00506	0.00482
145	0.80567	0.00932	0.00763	0.06168	0.01101	0.01086	0.00581	0.01412	0.00835	0.02110	0.00687	0.00822	0.00533	0.00452	0.00312	0.00151	0.00393	0.00274	0.00294	0.00526
146	0.01840	0.01427	0.01448	0.01125	0.01502	0.07282	0.00922	0.72779	0.02213	0.02918	0.01133	0.01142	0.00810	0.00576	0.00481	0.00144	0.00558	0.00427	0.00468	0.00805
147	0.00693	0.00516	0.00764	0.00764	0.00846	0.00598	0.00588	0.00856	0.00775	0.01114	0.01311	0.01977	0.01243	0.08214	0.76512	0.00761	0.01250	0.00530	0.00262	0.00425
148	0.02174	0.00825	0.01125	0.00862	0.01237	0.00712	0.00712	0.02362	0.01387	0.80282	0.01912	0.01649	0.01200	0.00600	0.00487	0.00150	0.00412	0.00487	0.00600	0.00825
149	0.00972	0.02507	0.80458	0.01381	0.02097	0.01125	0.01790	0.01535	0.01023	0.01535	0.00870	0.01023	0.00614	0.00460	0.00460	0.00153	0.00716	0.00358	0.00205	0.00716
150	0.01810	0.02310	0.01373	0.01248	0.01498	0.81024	0.00936	0.01935	0.01373	0.01186	0.00749	0.00874	0.00624	0.00499	0.00437	0.00125	0.00874	0.00312	0.00250	0.00562
151	0.01144	0.01307	0.02859	0.02042	0.02533	0.01225	0.78186	0.01552	0.01144	0.01552	0.00980	0.01307	0.00735	0.00408	0.00572	0.00163	0.00817	0.00572	0.00245	0.00654
152	0.01184	0.01136	0.01940	0.07111	0.75927	0.01147	0.01480	0.01474	0.01096	0.01565	0.00909	0.01204	0.00761	0.00435	0.00480	0.00145	0.00579	0.00432	0.00239	0.00756
153	0.00573	0.00491	0.00491	0.00491	0.00655	0.00409	0.00368	0.00695	0.01105	0.01309	0.04909	0.04664	0.79750	0.01227	0.00573	0.00164	0.00245	0.01023	0.00450	0.00409
154	0.03262	0.01208	0.01279	0.01048	0.01383	0.01362	0.00844	0.42979	0.36514	0.02578	0.01515	0.01443	0.01110	0.00613	0.00485	0.00154	0.00463	0.00483	0.00485	0.00793
155	0.02174	0.00825	0.01125	0.00862	0.01237	0.00712	0.00712	0.02362	0.01387	0.80282	0.01912	0.01649	0.01200	0.00600	0.00487	0.00150	0.00412	0.00487	0.00600	0.00825

[dist]
# distance from previous block
# <min> <max>
0	3

[block]
# block no. 1 follows, 52 sequences, length 142
# corresponding to MSA columns:
# 363-504
name=unknown_B
#
# <colnr> <probs for GDERKNQSTAVLIFYWHMCP>
#	G	D	E	R	K	N	Q	S	T	A	V	L	I	F	Y	W	H	M	C	P
0	0.00683	0.00495	0.00644	0.00607	0.00722	0.00456	0.00455	0.00910	0.01366	0.01930	0.78064	0.03643	0.06208	0.00996	0.00572	0.00153	0.00229	0.00880	0.00532	0.00456
1	0.00701	0.00516	0.00765	0.00765	0.00853	0.00599	0.00594	0.00876	0.00789	0.01154	0.01310	0.01900	0.01213	0.03505	0.77649	0.00751	0.01253	0.00516	0.03857	0.00433
2	0.01144	0.01307	0.02859	0.02042	0.02533	0.01225	0.78186	0.01552	0.01144	0.01552	0.00980	0.01307	0.00735	0.00408	0.00572	0.00163	0.00817	0.00572	0.00245	0.00654
3	0.00989	0.00937	0.01587	0.61325	0.23240	0.01096	0.01383	0.01303	0.01004	0.01328	0.00874	0.01268	0.00678	0.00471	0.00483	0.00157	0.00628	0.00431	0.00222	0.00598
4	0.53200	0.00893	0.00875	0.00726	0.01055	0.00939	0.00599	0.01794	0.01046	0.32958	0.01162	0.01127	0.00791	0.00509	0.00374	0.00150	0.00390	0.00351	0.00418	0.00643
5	0.00761	0.00514	0.00660	0.00613	0.00747	0.00467	0.00463	0.00977	0.01346	0.06450	0.67731	0.03609	0.11838	0.00991	0.00567	0.00153	0.00241	0.00868	0.00529	0.00474
6	0.00642	0.00520	0.00577	0.00571	0.00703	0.01949	0.00422	0.00803	0.01197	0.01549	0.34015	0.12193	0.40823	0.01150	0.00574	0.00162	0.00254	0.00988	0.00479	0.00429
7	0.01560	0.01784	0.01258	0.01140	0.01399	0.47945	0.00866	0.02200	0.33573	0.01535	0.01256	0.01261	0.00979	0.00565	0.00460	0.00141	0.00671	0.00410	0.00351	0.00647
8	0.01005	0.00861	0.01005	0.00718	0.01148	0.00646	0.00574	0.01220	0.01005	0.01579	0.00861	0.01005	0.00718	0.00359	0.00359	0.00072	0.00359	0.00287	0.00287	0.85932
9	0.00699	0.00531	0.00667	0.00734	0.00866	0.00499	0.00618	0.00882	0.01111	0.01395	0.03489	0.05150	0.33121	0.01295	0.00631	0.00200	0.00367	0.46864	0.00448	0.00432
10	0.00685	0.00591	0.00683	0.00637	0.00804	0.02123	0.03705	0.00913	0.05639	0.01499	0.21478	0.08186	0.49072	0.01107	0.00568	0.00162	0.00288	0.00948	0.00459	0.00453
11	0.46682	0.01456	0.01069	0.01045	0.06948	0.29374	0.00758	0.04849	0.01100	0.01819	0.00739	0.00864	0.00590	0.00472	0.00369	0.00140	0.00573	0.00300	0.00286	0.00568
12	0.00728	0.00624	0.00658	0.00695	0.00843	0.05170	0.00566	0.00891	0.01125	0.01358	0.03732	0.04763	0.44452	0.01229	0.00603	0.00185	0.00362	0.31146	0.00437	0.00433
13	0.00991	0.07217	0.75914	0.01349	0.02048	0.01172	0.01734	0.01530	0.01021	0.01512	0.00858	0.01009	0.00614	0.00458	0.00452	0.00151	0.00705	0.00352	0.00205	0.00711
14	0.01139	0.01082	0.01669	0.01313	0.01617	0.05292	0.28310	0.03151	0.18666	0.05268	0.08455	0.02076	0.08794	0.00682	0.00626	0.00166	0.07014	0.03682	0.00372	0.00627
15	0.00606	0.00428	0.00558	0.00655	0.00679	0.00404	0.00428	0.00679	0.00897	0.01196	0.02514	0.71772	0.03008	0.12669	0.00872	0.00234	0.00307	0.01286	0.00428	0.00380
16	0.00842	0.00421	0.00631	0.00631	0.00631	0.00421	0.00421	0.00631	0.00631	0.00842	0.00842	0.01473	0.00842	0.01684	0.01894	0.85901	0.00421	0.00421	0.00210	0.00210
17	0.01199	0.01151	0.01967	0.02974	0.79946	0.01151	0.01487	0.01487	0.01103	0.01583	0.00912	0.01199	0.00768	0.00432	0.00480	0.00144	0.00576	0.00432	0.00240	0.00768
18	0.01231	0.67058	0.18174	0.00940	0.01415	0.01759	0.01022	0.01468	0.00992	0.01219	0.00713	0.00827	0.00620	0.00424	0.00341	0.00114	0.00558	0.00279	0.00207	0.00641
19	0.00692	0.00519	0.00779	0.00779	0.00865	0.00606	0.00606	0.00865	0.00779	0.01125	0.01298	0.01904	0.01211	0.03634	0.81049	0.00779	0.01298	0.00519	0.00260	0.00433
20	0.00648	0.00508	0.00600	0.00651	0.00782	0.00460	0.00522	0.00802	0.01091	0.01352	0.03862	0.12650	0.45072	0.01295	0.00611	0.00188	0.00320	0.27717	0.00449	0.00421
21	0.01929	0.00978	0.01366	0.01045	0.01421	0.02918	0.10177	0.11234	0.02974	0.55104	0.02778	0.01647	0.01172	0.00595	0.00501	0.00152	0.00485	0.02211	0.00528	0.00782
22	0.00703	0.00476	0.00557	0.00557	0.00567	0.00485	0.00330	0.00723	0.00713	0.00961	0.01500	0.03025	0.01698	0.73815	0.11534	0.00505	0.00565	0.00683	0.00290	0.00310
23	0.00972	0.02507	0.80458	0.01381	0.02097	0.01125	0.01790	0.01535	0.01023	0.01535	0.00870	0.01023	0.00614	0.00460	0.00460	0.00153	0.00716	0.00358	0.00205	0.00716
24	0.01133	0.01276	0.02687	0.01946	0.02374	0.01258	0.68492	0.01504	0.01093	0.01504	0.00937	0.01276	0.00723	0.00464	0.00700	0.00170	0.11031	0.00553	0.00241	0.00638
25	0.14592	0.01781	0.01256	0.01115	0.02560	0.47826	0.00850	0.12319	0.01411	0.08916	0.02494	0.01032	0.00771	0.00521	0.00431	0.00135	0.00692	0.00351	0.00327	0.00617
26	0.00573	0.00491	0.00491	0.00491	0.00655	0.00409	0.00368	0.00695	0.01105	0.01309	0.04909	0.04664	0.79750	0.01227	0.00573	0.00164	0.00245	0.01023	0.00450	0.00409
27	0.01810	0.02310	0.01373	0.01248	0.01498	0.81024	0.00936	0.01935	0.01373	0.01186	0.00749	0.00874	0.00624	0.00499	0.00437	0.00125	0.00874	0.00312	0.00250	0.00562
28	0.01054	0.00858	0.00996	0.00734	0.01140	0.00679	0.00586	0.01347	0.06609	0.05106	0.01151	0.01239	0.03991	0.00426	0.00383	0.00086	0.00358	0.00344	0.00322	0.72590
29	0.00586	0.00494	0.00510	0.00512	0.00672	0.00417	0.00389	0.00718	0.01117	0.01343	0.08134	0.04650	0.73299	0.01221	0.00577	0.00166	0.00253	0.04077	0.00454	0.00413
30	0.00573	0.00491	0.00491	0.00491	0.00655	0.00409	0.00368	0.00695	0.01105	0.01309	0.04909	0.04664	0.79750	0.01227	0.00573	0.00164	0.00245	0.01023	0.00450	0.00409
31	0.02094	0.00954	0.01205	0.00924	0.01302	0.00904	0.00763	0.20786	0.01603	0.61552	0.01730	0.01532	0.01109	0.00595	0.00487	0.00149	0.00442	0.00475	0.00572	0.00825
32	0.00994	0.07942	0.75214	0.01344	0.02040	0.01179	0.01726	0.01529	0.01021	0.01508	0.00856	0.01007	0.00614	0.00457	0.00450	0.00150	0.00703	0.00351	0.00205	0.00710
33	0.01173	0.01124	0.01919	0.10327	0.72801	0.01144	0.01474	0.01464	0.01091	0.01551	0.00907	0.01208	0.00756	0.00437	0.00480	0.00146	0.00582	0.00432	0.00238	0.00746
34	0.00772	0.00555	0.00769	0.00876	0.00989	0.00552	0.00764	0.00991	0.01115	0.01444	0.02665	0.05432	0.06031	0.01334	0.00665	0.00221	0.00438	0.73497	0.00446	0.00445
35	0.09133	0.01030	0.01181	0.00936	0.01285	0.01057	0.00774	0.34327	0.01688	0.32722	0.01654	0.01727	0.04388	0.00650	0.00485	0.00153	0.00455	0.05086	0.00510	0.00758
36	0.00628	0.00482	0.00584	0.00645	0.00750	0.00438	0.00489	0.00763	0.01057	0.01338	0.06303	0.31191	0.34404	0.01342	0.00609	0.00187	0.00301	0.17624	0.00452	0.00414
37	0.00972	0.02507	0.80458	0.01381	0.02097	0.01125	0.01790	0.01535	0.01023	0.01535	0.00870	0.01023	0.00614	0.00460	0.00460	0.00153	0.00716	0.00358	0.00205	0.00716
38	0.00915	0.00861	0.01453	0.81804	0.03338	0.01077	0.01346	0.01238	0.00969	0.01238	0.00861	0.01292	0.00646	0.00484	0.00484	0.00161	0.00646	0.00431	0.00215	0.00538
39	0.01842	0.01357	0.01454	0.01115	0.01503	0.01503	0.00921	0.78330	0.02278	0.03054	0.01163	0.01163	0.00824	0.00582	0.00485	0.00145	0.00533	0.00436	0.00485	0.00824
40	0.00950	0.00897	0.01516	0.72176	0.12694	0.01086	0.01363	0.01269	0.00985	0.01280	0.00867	0.01281	0.00661	0.00478	0.00484	0.00159	0.00637	0.00431	0.00218	0.00566
41	0.01217	0.65476	0.17588	0.00935	0.01399	0.01730	0.01010	0.01452	0.00987	0.01216	0.00728	0.00854	0.00636	0.00507	0.02429	0.00131	0.00577	0.00285	0.00208	0.00635
42	0.00692	0.00519	0.00779	0.00779	0.00865	0.00606	0.00606	0.00865	0.00779	0.01125	0.01298	0.01904	0.01211	0.03634	0.81049	0.00779	0.01298	0.00519	0.00260	0.00433
43	0.00806	0.00586	0.00799	0.00898	0.01019	0.00596	0.00780	0.01096	0.05663	0.01484	0.02531	0.05253	0.02713	0.01299	0.00659	0.00220	0.00443	0.72244	0.00449	0.00465
44	0.01811	0.02285	0.01375	0.01245	0.01498	0.78997	0.00936	0.03882	0.01396	0.01234	0.00760	0.00881	0.00629	0.00501	0.00438	0.00125	0.00865	0.00315	0.00256	0.00568
45	0.02166	0.00838	0.01133	0.00868	0.01244	0.00731	0.00717	0.04204	0.01409	0.78409	0.01894	0.01638	0.01190	0.00599	0.00487	0.00150	0.00415	0.00486	0.00597	0.00825
46	0.00937	0.00884	0.01493	0.75745	0.09226	0.01082	0.01357	0.01257	0.00979	0.01265	0.00865	0.01285	0.00655	0.00480	0.00484	0.00160	0.00641	0.00431	0.00217	0.00556
47	0.00932	0.00872	0.01433	0.77091	0.03216	0.01084	0.01312	0.01316	0.05524	0.01284	0.00926	0.01322	0.00695	0.00495	0.00485	0.00162	0.00631	0.00438	0.00232	0.00552
48	0.00686	0.00495	0.00648	0.00610	0.00724	0.00457	0.00457	0.00914	0.01372	0.01943	0.79691	0.03620	0.04572	0.00991	0.00572	0.00152	0.00229	0.00876	0.00533	0.00457
49	0.02123	0.00852	0.01135	0.00876	0.01247	0.00760	0.00722	0.05048	0.04561	0.74395	0.01888	0.01639	0.01198	0.00601	0.00487	0.00150	0.00415	0.00488	0.00591	0.00822
50	0.01163	0.01113	0.01881	0.02830	0.75321	0.01108	0.01422	0.01441	0.01104	0.01567	0.01145	0.01401	0.05374	0.00478	0.00485	0.00145	0.00556	0.00466	0.00252	0.00747
51	0.00985	0.02428	0.75880	0.01474	0.06638	0.01127	0.01773	0.01532	0.01028	0.01538	0.00872	0.01033	0.00623	0.00459	0.00462	0.00153	0.00708	0.00362	0.00207	0.00719
52	0.00614	0.00434	0.00565	0.00655	0.00680	0.00415	0.00430	0.00687	0.00885	0.01183	0.02425	0.66133	0.02884	0.15186	0.04180	0.00266	0.00354	0.01231	0.00416	0.00379
53	0.00991	0.07217	0.75914	0.01349	0.02048	0.01172	0.01734	0.01530	0.01021	0.01512	0.00858	0.01009	0.00614	0.00458	0.00452	0.00151	0.00705	0.00352	0.00205	0.00711
54	0.01400	0.00834	0.00935	0.00800	0.01035	0.07266	0.00625	0.01682	0.08522	0.31988	0.19111	0.02414	0.09628	0.05678	0.03940	0.00197	0.02203	0.00629	0.00492	0.00623
55	0.00825	0.00722	0.01015	0.00861	0.01036	0.04016	0.11146	0.01046	0.01250	0.03033	0.46014	0.04885	0.15228	0.00923	0.00629	0.00159	0.05462	0.00810	0.00448	0.00490
56	0.01093	0.00943	0.00989	0.00898	0.01153	0.01064	0.00696	0.02242	0.65244	0.01900	0.02493	0.02314	0.15360	0.00759	0.00507	0.00164	0.00359	0.00632	0.00485	0.00704
57	0.01001	0.00949	0.01609	0.57881	0.26587	0.01099	0.01389	0.01314	0.01010	0.01343	0.00877	0.01264	0.00683	0.00468	0.00483	0.00156	0.00625	0.00431	0.00223	0.00608
58	0.86392	0.00937	0.00712	0.00637	0.00937	0.01087	0.00525	0.01425	0.00825	0.02174	0.00675	0.00787	0.00525	0.00450	0.00300	0.00150	0.00375	0.00262	0.00300	0.00525
59	0.00588	0.00431	0.00553	0.00650	0.00696	0.00396	0.00439	0.00678	0.00952	0.01247	0.02977	0.71976	0.13684	0.01478	0.00612	0.00192	0.00276	0.01329	0.00450	0.00396
60	0.01812	0.02259	0.01378	0.01241	0.01498	0.76799	0.00936	0.05993	0.01421	0.01285	0.00771	0.00889	0.00635	0.00504	0.00439	0.00126	0.00856	0.00319	0.00262	0.00576
61	0.00946	0.00893	0.01509	0.73255	0.11646	0.01085	0.01361	0.01265	0.00984	0.01276	0.00867	0.01282	0.00659	0.00479	0.00484	0.00160	0.00638	0.00431	0.00218	0.00563
62	0.01820	0.02026	0.01397	0.01209	0.01500	0.57340	0.00932	0.24688	0.01643	0.01742	0.00872	0.00960	0.00684	0.00524	0.00451	0.00131	0.00772	0.00349	0.00320	0.00640
63	0.01274	0.00628	0.00833	0.00771	0.00967	0.00574	0.00597	0.03367	0.01171	0.32818	0.02441	0.31656	0.08272	0.01174	0.03817	0.00200	0.00394	0.07960	0.00502	0.00584
64	0.01005	0.00861	0.01005	0.00718	0.01148	0.00646	0.00574	0.01220	0.01005	0.01579	0.00861	0.01005	0.00718	0.00359	0.00359	0.00072	0.00359	0.00287	0.00287	0.85932
65	0.01933	0.01109	0.01282	0.00987	0.01359	0.01147	0.00814	0.45137	0.01874	0.33439	0.01476	0.01382	0.00990	0.00588	0.00480	0.00146	0.00473	0.00457	0.04118	0.00809
66	0.00706	0.00544	0.00651	0.00618	0.00757	0.00514	0.00465	0.01013	0.08547	0.01787	0.53249	0.05085	0.22198	0.01025	0.00565	0.00157	0.00248	0.00889	0.00508	0.00474
67	0.01005	0.00861	0.01005	0.00718	0.01148	0.00646	0.00574	0.01220	0.01005	0.01579	0.00861	0.01005	0.00718	0.00359	0.00359	0.00072	0.00359	0.00287	0.00287	0.85932
68	0.01005	0.00861	0.01005	0.00718	0.01148	0.00646	0.00574	0.01220	0.01005	0.01579	0.00861	0.01005	0.00718	0.00359	0.00359	0.00072	0.00359	0.00287	0.00287	0.85932
69	0.02985	0.01161	0.01089	0.00981	0.01247	0.10686	0.00760	0.03746	0.61936	0.01913	0.01909	0.01791	0.04816	0.00657	0.00483	0.00158	0.00436	0.00531	0.01999	0.00717
70	0.54169	0.00772	0.00695	0.00657	0.00881	0.00849	0.00512	0.01258	0.00924	0.06427	0.07294	0.20896	0.01524	0.00759	0.00409	0.00161	0.00343	0.00593	0.00371	0.00505
71	0.01306	0.08762	0.01439	0.01096	0.01304	0.01408	0.00907	0.14881	0.26231	0.04846	0.01209	0.01315	0.00960	0.00691	0.00886	0.00173	0.31093	0.00453	0.00364	0.00677
72	0.01116	0.00924	0.01346	0.09011	0.25055	0.00866	0.02512	0.05174	0.01118	0.06283	0.01252	0.08972	0.02639	0.00570	0.00462	0.00130	0.00465	0.02463	0.00317	0.29326
73	0.01017	0.13695	0.69663	0.01305	0.01979	0.01235	0.01657	0.01523	0.01018	0.01480	0.00843	0.00989	0.00615	0.00454	0.00440	0.00147	0.00689	0.00344	0.00205	0.00703
74	0.00972	0.02507	0.80458	0.01381	0.02097	0.01125	0.01790	0.01535	0.01023	0.01535	0.00870	0.01023	0.00614	0.00460	0.00460	0.00153	0.00716	0.00358	0.00205	0.00716
75	0.00716	0.00552	0.00752	0.07327	0.01023	0.00543	0.01959	0.00929	0.02625	0.01530	0.27330	0.15542	0.13838	0.04763	0.00677	0.00192	0.00347	0.18460	0.00447	0.00447
76	0.01176	0.01127	0.01924	0.09582	0.73525	0.01145	0.01475	0.01466	0.01092	0.01554	0.00907	0.01207	0.00757	0.00436	0.00480	0.00145	0.00582	0.00432	0.00238	0.00748
77	0.01144	0.01307	0.02859	0.02042	0.02533	0.01225	0.78186	0.01552	0.01144	0.01552	0.00980	0.01307	0.00735	0.00408	0.00572	0.00163	0.00817	0.00572	0.00245	0.00654
78	0.00752	0.00510	0.00669	0.00621	0.00747	0.00469	0.00469	0.00979	0.01372	0.05421	0.76238	0.03532	0.04423	0.00973	0.00568	0.00152	0.00237	0.00859	0.00536	0.00474
79	0.00996	0.08421	0.74752	0.01341	0.02035	0.01183	0.01720	0.01529	0.01020	0.01506	0.00855	0.01005	0.00614	0.00457	0.00449	0.00150	0.00702	0.00351	0.00205	0.00709
80	0.00590	0.00422	0.00562	0.00675	0.00703	0.00394	0.00450	0.00675	0.00928	0.01237	0.02671	0.82653	0.03205	0.01518	0.00619	0.00197	0.00281	0.01378	0.00450	0.00394
81	0.00842	0.00421	0.00631	0.00631	0.00631	0.00421	0.00421	0.00631	0.00631	0.00842	0.00842	0.01473	0.00842	0.01684	0.01894	0.85901	0.00421	0.00421	0.00210	0.00210
82	0.01166	0.01239	0.06645	0.06253	0.61407	0.01157	0.11999	0.01488	0.01098	0.01561	0.00916	0.01208	0.00749	0.00433	0.00491	0.00148	0.00620	0.00447	0.00237	0.00739
83	0.01182	0.01133	0.01935	0.07904	0.75155	0.01147	0.01478	0.01472	0.01095	0.01562	0.00908	0.01205	0.00760	0.00435	0.00480	0.00145	0.00580	0.00432	0.00238	0.00753
84	0.00694	0.00511	0.00737	0.00737	0.00809	0.00583	0.00554	0.00839	0.00766	0.01094	0.01336	0.02115	0.01303	0.16846	0.67963	0.00727	0.01160	0.00550	0.00265	0.00410
