[name]
unknown

[dist]
# distance from previous block
# <min> <max>
0	34

[block]
# block no. 0 follows, 57 sequences, length 11
# corresponding to MSA columns:
# 37-47
name=unknown_A
#
# <colnr> <probs for GDERKNQSTAVLIFYWHMCP>
#	G	D	E	R	K	N	Q	S	T	A	V	L	I	F	Y	W	H	M	C	P
0	0.03729	0.00546	0.00712	0.00806	0.06170	0.00548	0.00554	0.00948	0.07430	0.01370	0.15539	0.24579	0.04566	0.08995	0.00797	0.06193	0.00338	0.15371	0.00389	0.00423
1	0.36097	0.13232	0.01009	0.00686	0.00960	0.01002	0.00573	0.03373	0.09875	0.12864	0.06676	0.01310	0.03333	0.00559	0.00407	0.03048	0.00363	0.00380	0.03697	0.00555
2	0.00981	0.11635	0.07802	0.00885	0.01159	0.00892	0.09525	0.11309	0.03956	0.04096	0.39866	0.02195	0.02455	0.00685	0.00479	0.00137	0.00394	0.00600	0.00399	0.00552
3	0.00923	0.01025	0.11598	0.01034	0.01293	0.07524	0.17299	0.01172	0.02043	0.05439	0.11165	0.09163	0.04284	0.08619	0.15076	0.00277	0.00651	0.00604	0.00308	0.00502
4	0.24852	0.11527	0.00962	0.00658	0.00923	0.00888	0.00549	0.07594	0.01092	0.18467	0.06780	0.01557	0.07586	0.00566	0.00376	0.00130	0.00346	0.00427	0.14160	0.00559
5	0.01129	0.01128	0.02082	0.01539	0.01935	0.01102	0.50423	0.11612	0.10095	0.01678	0.01136	0.01502	0.00905	0.00485	0.00510	0.00149	0.00635	0.05730	0.00299	0.05928
6	0.00760	0.00777	0.09853	0.00785	0.00992	0.00636	0.00691	0.00960	0.00831	0.01208	0.01238	0.02030	0.01196	0.09719	0.35297	0.00413	0.03274	0.10469	0.00267	0.18604
7	0.04550	0.23161	0.47868	0.01116	0.01642	0.11723	0.01295	0.01459	0.00982	0.01323	0.00745	0.00871	0.00574	0.00424	0.00386	0.00128	0.00629	0.00302	0.00201	0.00621
8	0.00806	0.00479	0.00732	0.00833	0.09646	0.00475	0.00510	0.00714	0.00729	0.00998	0.11151	0.01608	0.01230	0.01359	0.01463	0.65907	0.00387	0.00450	0.00239	0.00285
9	0.00939	0.01001	0.02046	0.01538	0.01856	0.00982	0.53531	0.01230	0.00979	0.01341	0.01191	0.15580	0.01118	0.00839	0.07276	0.00209	0.06890	0.00651	0.00261	0.00543
10	0.01275	0.02336	0.01182	0.02807	0.10188	0.00911	0.03847	0.08769	0.22587	0.18149	0.05665	0.02772	0.04628	0.00570	0.00449	0.00134	0.00403	0.00486	0.00409	0.12434

[dist]
# distance from previous block
# <min> <max>
6	28

[block]
# block no. 1 follows, 57 sequences, length 6
# corresponding to MSA columns:
# 77-82
name=unknown_B
#
# <colnr> <probs for GDERKNQSTAVLIFYWHMCP>
#	G	D	E	R	K	N	Q	S	T	A	V	L	I	F	Y	W	H	M	C	P
0	0.00744	0.00496	0.00580	0.00539	0.00698	0.00431	0.00412	0.00902	0.01155	0.10532	0.32583	0.03680	0.43575	0.00999	0.00526	0.00148	0.00241	0.00849	0.00466	0.00443
1	0.01066	0.00926	0.01338	0.35571	0.18724	0.01038	0.01071	0.17050	0.05839	0.01618	0.01361	0.01551	0.09808	0.00549	0.00462	0.00145	0.00512	0.00473	0.00297	0.00601
2	0.09821	0.00787	0.02575	0.20217	0.03136	0.02640	0.02051	0.01243	0.11298	0.03524	0.04963	0.07353	0.08254	0.02753	0.08462	0.00219	0.04379	0.05503	0.00320	0.00504
3	0.01342	0.00979	0.01605	0.14873	0.37080	0.00985	0.07778	0.06041	0.01146	0.21992	0.01103	0.01250	0.00803	0.00458	0.00459	0.00140	0.00527	0.00428	0.00320	0.00691
4	0.00677	0.00491	0.00651	0.00720	0.00811	0.00483	0.00589	0.00838	0.00974	0.01268	0.05116	0.10848	0.11809	0.10590	0.05801	0.00255	0.00427	0.46864	0.00394	0.00393
5	0.01251	0.51443	0.08670	0.05372	0.07440	0.16700	0.00941	0.01440	0.00999	0.01141	0.00684	0.00818	0.00593	0.00411	0.00345	0.00110	0.00573	0.00280	0.00204	0.00585

[dist]
# distance from previous block
# <min> <max>
0	29

[block]
# block no. 2 follows, 57 sequences, length 28
# corresponding to MSA columns:
# 112-139
name=unknown_C
#
# <colnr> <probs for GDERKNQSTAVLIFYWHMCP>
#	G	D	E	R	K	N	Q	S	T	A	V	L	I	F	Y	W	H	M	C	P
0	0.01021	0.00917	0.01551	0.11819	0.51358	0.00929	0.04297	0.01261	0.00999	0.04434	0.01179	0.15925	0.01126	0.00596	0.00476	0.00146	0.00500	0.00569	0.00270	0.00628
1	0.00729	0.00548	0.00746	0.15303	0.01135	0.00551	0.00580	0.00968	0.03221	0.04660	0.49296	0.04037	0.14771	0.00859	0.00516	0.00146	0.00297	0.00749	0.00435	0.00454
2	0.01548	0.04501	0.01263	0.01091	0.01342	0.56351	0.00835	0.06247	0.19679	0.01387	0.00985	0.01032	0.00779	0.00503	0.00419	0.00126	0.00682	0.00348	0.00297	0.00585
3	0.06695	0.03244	0.06679	0.15836	0.11775	0.00951	0.04663	0.09508	0.01154	0.23038	0.01236	0.01491	0.01960	0.01799	0.00510	0.00944	0.02096	0.04635	0.00348	0.01441
4	0.03388	0.51432	0.23220	0.00929	0.01370	0.06127	0.01003	0.01406	0.00950	0.03017	0.00726	0.00842	0.00605	0.00495	0.02701	0.00131	0.00568	0.00282	0.00207	0.00599
5	0.01543	0.01918	0.01298	0.15791	0.01708	0.67734	0.00944	0.01693	0.01217	0.01118	0.00719	0.00887	0.00587	0.00464	0.00417	0.00123	0.00779	0.00312	0.00228	0.00521
6	0.00847	0.00491	0.00590	0.15179	0.00991	0.00527	0.00485	0.01074	0.00942	0.01594	0.01358	0.01603	0.01062	0.00515	0.00341	0.00114	0.00281	0.00419	0.71150	0.00437
7	0.05263	0.01066	0.16831	0.00944	0.01310	0.00745	0.08808	0.01178	0.00953	0.02295	0.02125	0.01844	0.01092	0.02376	0.06463	0.00177	0.00525	0.14268	0.00281	0.31455
8	0.00585	0.00476	0.00520	0.00541	0.00677	0.00421	0.00419	0.00730	0.02283	0.01244	0.03974	0.07127	0.60340	0.04043	0.00613	0.00174	0.00274	0.14756	0.00416	0.00390
9	0.01071	0.01112	0.02267	0.01691	0.04174	0.01057	0.60883	0.05276	0.02657	0.03433	0.05737	0.06272	0.01063	0.00493	0.00528	0.00152	0.00666	0.00584	0.00280	0.00603
10	0.00977	0.00960	0.01281	0.05791	0.02793	0.05982	0.03480	0.01127	0.00836	0.01183	0.00969	0.01745	0.00970	0.00817	0.01930	0.00188	0.49109	0.14295	0.00246	0.05321
11	0.00679	0.02692	0.00733	0.00748	0.02410	0.00554	0.00555	0.00833	0.02162	0.01326	0.15893	0.40038	0.05161	0.01164	0.00632	0.00175	0.06793	0.14795	0.00404	0.02253
12	0.27572	0.11143	0.04140	0.04884	0.01441	0.03344	0.14830	0.17260	0.01158	0.04418	0.00863	0.01028	0.00668	0.02109	0.03194	0.00162	0.00538	0.00364	0.00296	0.00590
13	0.16571	0.63182	0.08114	0.00783	0.01173	0.01598	0.00793	0.01358	0.00897	0.01267	0.00644	0.00746	0.00565	0.00397	0.00300	0.00108	0.00475	0.00250	0.00209	0.00572
14	0.00606	0.00470	0.00672	0.15344	0.01096	0.00483	0.00568	0.00726	0.00880	0.01159	0.02268	0.66267	0.05277	0.01237	0.00554	0.00177	0.00323	0.01118	0.00381	0.00393
15	0.16180	0.00566	0.00681	0.02123	0.00796	0.00636	0.00495	0.00937	0.02428	0.03111	0.01185	0.01885	0.01148	0.23741	0.41609	0.00511	0.00809	0.00486	0.00269	0.00403
16	0.16065	0.00490	0.00566	0.00640	0.00717	0.00495	0.00456	0.00779	0.00863	0.01328	0.02157	0.63135	0.02520	0.01229	0.00529	0.00178	0.00290	0.06774	0.00395	0.00394
17	0.00981	0.02507	0.00988	0.00690	0.01091	0.00665	0.00557	0.04772	0.00994	0.01532	0.00815	0.00942	0.00674	0.00346	0.00340	0.00071	0.00346	0.00274	0.00275	0.81138
18	0.17194	0.09914	0.44101	0.01089	0.03446	0.01060	0.03744	0.01399	0.00943	0.05255	0.00975	0.01120	0.03629	0.00465	0.00398	0.00138	0.00549	0.01493	0.00242	0.02846
19	0.01233	0.56386	0.03385	0.00797	0.01178	0.06962	0.00749	0.01415	0.02358	0.05505	0.00753	0.00836	0.00641	0.00398	0.00321	0.00097	0.00476	0.00268	0.00234	0.16010
20	0.01548	0.01056	0.01171	0.00941	0.01257	0.01145	0.00763	0.41412	0.22365	0.15691	0.06663	0.01472	0.01220	0.00590	0.00461	0.00142	0.00424	0.00470	0.00476	0.00734
21	0.16120	0.00537	0.00608	0.00568	0.00709	0.00530	0.00434	0.00929	0.01177	0.01823	0.62368	0.02966	0.07895	0.00848	0.00489	0.00143	0.00239	0.00725	0.00455	0.00436
22	0.01778	0.01180	0.01305	0.01000	0.01361	0.01273	0.00826	0.65881	0.01982	0.16923	0.01213	0.01169	0.00833	0.00547	0.00454	0.00137	0.00478	0.00416	0.00473	0.00771
23	0.00991	0.00991	0.01388	0.01190	0.01190	0.01388	0.00991	0.01091	0.00694	0.01091	0.00595	0.00991	0.00595	0.00793	0.01487	0.00198	0.83246	0.00397	0.00198	0.00496
24	0.00920	0.00603	0.00859	0.00930	0.08597	0.00599	0.02029	0.01045	0.00961	0.15564	0.02178	0.45482	0.08553	0.01069	0.00624	0.00170	0.07992	0.00931	0.00403	0.00491
25	0.00928	0.00796	0.00926	0.00665	0.01061	0.00598	0.00532	0.01127	0.00942	0.01470	0.00911	0.01035	0.02913	0.00358	0.00341	0.00070	0.00333	0.00288	0.00273	0.84434
26	0.01087	0.67567	0.03762	0.00761	0.01090	0.01522	0.00731	0.01229	0.00912	0.01090	0.00968	0.15576	0.01013	0.00573	0.00345	0.00113	0.00449	0.00431	0.00234	0.00545
27	0.00584	0.00453	0.00506	0.00516	0.00641	0.00392	0.00378	0.00708	0.01043	0.02854	0.15682	0.19840	0.52489	0.01156	0.00542	0.00157	0.00237	0.00991	0.00435	0.00394

[dist]
# distance from previous block
# <min> <max>
0	4

[block]
# block no. 3 follows, 57 sequences, length 8
# corresponding to MSA columns:
# 144-151
name=unknown_D
#
# <colnr> <probs for GDERKNQSTAVLIFYWHMCP>
#	G	D	E	R	K	N	Q	S	T	A	V	L	I	F	Y	W	H	M	C	P
0	0.00755	0.00651	0.00765	0.00689	0.00881	0.00649	0.04571	0.01245	0.24497	0.01533	0.16406	0.03247	0.40523	0.00914	0.00513	0.00151	0.00293	0.00781	0.00436	0.00501
1	0.26938	0.01781	0.01102	0.00999	0.01246	0.58292	0.00762	0.01669	0.01133	0.01382	0.00680	0.00793	0.00556	0.00453	0.00371	0.00124	0.00680	0.00278	0.00247	0.00515
2	0.00940	0.00805	0.00940	0.00671	0.01074	0.00604	0.00537	0.01141	0.00940	0.01477	0.00805	0.00940	0.00671	0.00336	0.00336	0.00067	0.00336	0.00268	0.00268	0.86845
3	0.00734	0.00585	0.00700	0.00598	0.00806	0.00503	0.00460	0.00975	0.04513	0.01631	0.42505	0.02738	0.14621	0.00772	0.00473	0.00122	0.00258	0.00664	0.00418	0.25924
4	0.00679	0.00466	0.00576	0.00607	0.00642	0.00470	0.00424	0.00749	0.00776	0.01029	0.01703	0.03536	0.01903	0.55373	0.06044	0.00387	0.00474	0.23522	0.00315	0.00324
5	0.01016	0.00803	0.00947	0.00681	0.01080	0.00608	0.00546	0.01216	0.00965	0.07098	0.00874	0.00982	0.00703	0.00351	0.00344	0.00072	0.00339	0.00282	0.00289	0.80804
6	0.01446	0.01760	0.01306	0.25302	0.01908	0.58289	0.00988	0.01617	0.01173	0.01123	0.00731	0.00932	0.00590	0.00463	0.00422	0.00127	0.00754	0.00325	0.00224	0.00519
7	0.26348	0.00826	0.01155	0.58683	0.02459	0.01010	0.01032	0.01209	0.00866	0.01416	0.00754	0.01069	0.00571	0.00443	0.00402	0.00148	0.00529	0.00356	0.00225	0.00500

[dist]
# distance from previous block
# <min> <max>
0	1

[block]
# block no. 4 follows, 57 sequences, length 118
# corresponding to MSA columns:
# 153-270
name=unknown_E
#
# <colnr> <probs for GDERKNQSTAVLIFYWHMCP>
#	G	D	E	R	K	N	Q	S	T	A	V	L	I	F	Y	W	H	M	C	P
0	0.01115	0.00954	0.01010	0.00907	0.01158	0.01098	0.00706	0.03824	0.74999	0.01910	0.05749	0.01763	0.01515	0.00629	0.00465	0.00153	0.00354	0.00526	0.00463	0.00704
1	0.04671	0.00826	0.01204	0.00912	0.01266	0.00738	0.08603	0.02027	0.01226	0.65232	0.01588	0.01442	0.01024	0.00532	0.00473	0.00139	0.02153	0.00446	0.00496	0.05002
2	0.00572	0.00409	0.00549	0.00654	0.00689	0.00385	0.00455	0.00665	0.00887	0.01179	0.02487	0.75015	0.02954	0.01401	0.00584	0.00187	0.00280	0.09857	0.00420	0.00374
3	0.00581	0.00437	0.00631	0.00690	0.00737	0.00409	0.04336	0.00673	0.00871	0.01162	0.02384	0.77022	0.02838	0.04099	0.00633	0.00191	0.00294	0.01230	0.00406	0.00377
4	0.01003	0.00924	0.01295	0.01119	0.01142	0.01259	0.00925	0.01110	0.00733	0.05075	0.00768	0.04256	0.00749	0.00978	0.06734	0.00230	0.70536	0.00440	0.00228	0.00498
5	0.00633	0.00424	0.00557	0.00637	0.00692	0.00391	0.00442	0.00725	0.00909	0.05152	0.02605	0.70436	0.08386	0.01350	0.00571	0.00181	0.00274	0.04817	0.00427	0.00391
6	0.00988	0.00983	0.01468	0.01226	0.01286	0.01295	0.09306	0.02936	0.00777	0.01173	0.00747	0.05133	0.00739	0.00827	0.02957	0.00202	0.66774	0.00457	0.00219	0.00506
7	0.01694	0.02116	0.01288	0.01161	0.01401	0.78253	0.00875	0.05668	0.01326	0.01195	0.00720	0.00831	0.00593	0.00471	0.00411	0.00118	0.00801	0.00298	0.00244	0.00537
8	0.00693	0.00500	0.00684	0.00782	0.00878	0.00491	0.00662	0.00877	0.01018	0.01320	0.02554	0.16129	0.07694	0.01269	0.00613	0.00202	0.00384	0.62426	0.00418	0.00408
9	0.01975	0.00831	0.01050	0.00817	0.01155	0.04699	0.00669	0.02149	0.01296	0.75239	0.04059	0.01560	0.01188	0.00567	0.00456	0.00139	0.00402	0.00458	0.00543	0.00749
10	0.00627	0.00474	0.00675	0.00800	0.04740	0.00451	0.02138	0.00750	0.00922	0.01222	0.02432	0.59004	0.05330	0.01304	0.00580	0.00185	0.00318	0.17241	0.00406	0.00401
11	0.01603	0.01360	0.01275	0.01029	0.01345	0.15917	0.00828	0.53900	0.09904	0.02391	0.05052	0.01214	0.00973	0.00556	0.00450	0.00135	0.00528	0.00418	0.00417	0.00704
12	0.00899	0.00828	0.01359	0.78929	0.03036	0.01026	0.01239	0.05049	0.00967	0.01242	0.00819	0.01202	0.00612	0.00458	0.00453	0.00150	0.00599	0.00403	0.00214	0.00517
13	0.07083	0.01068	0.01200	0.00932	0.01280	0.01127	0.00768	0.45794	0.05652	0.28409	0.01325	0.01244	0.00898	0.00545	0.00444	0.00139	0.00446	0.00419	0.00478	0.00751
14	0.00659	0.00441	0.00502	0.00502	0.00505	0.00443	0.00284	0.00664	0.00661	0.00884	0.01421	0.02926	0.01630	0.81415	0.04943	0.00449	0.00465	0.00653	0.00274	0.00279
15	0.00658	0.00444	0.00517	0.00517	0.00525	0.00452	0.00303	0.00674	0.00666	0.00896	0.01407	0.02849	0.01597	0.76179	0.10133	0.00468	0.00515	0.00642	0.00271	0.00287
16	0.00763	0.00403	0.00578	0.00578	0.00580	0.00405	0.00378	0.00606	0.00604	0.00808	0.00899	0.01641	0.00933	0.14826	0.03682	0.71032	0.00419	0.00438	0.00210	0.00214
17	0.01723	0.01269	0.01360	0.01043	0.01405	0.01405	0.00861	0.79738	0.02131	0.02856	0.01088	0.01088	0.00771	0.00544	0.00453	0.00136	0.00499	0.00408	0.00453	0.00771
18	0.00648	0.00484	0.00722	0.00722	0.00801	0.00563	0.00559	0.00805	0.00726	0.01047	0.01219	0.01812	0.01146	0.05537	0.80160	0.00721	0.01193	0.00490	0.00244	0.00401
19	0.00580	0.00486	0.00495	0.00483	0.00641	0.00418	0.00365	0.03267	0.01080	0.01305	0.07965	0.04208	0.74911	0.01118	0.00533	0.00152	0.00238	0.00932	0.00425	0.00397
20	0.00579	0.00415	0.00545	0.00641	0.00675	0.00392	0.00431	0.02478	0.00897	0.01196	0.02465	0.81849	0.02945	0.01399	0.00575	0.00183	0.00268	0.01268	0.00421	0.00377
21	0.01070	0.01222	0.02674	0.01910	0.02368	0.01146	0.79603	0.01451	0.01070	0.01451	0.00917	0.01222	0.00688	0.00382	0.00535	0.00153	0.00764	0.00535	0.00229	0.00611
22	0.01761	0.01174	0.01297	0.00998	0.01355	0.01268	0.00823	0.64040	0.04059	0.16685	0.01231	0.01184	0.00849	0.00549	0.00454	0.00137	0.00475	0.00419	0.00472	0.00769
23	0.00856	0.00805	0.01359	0.82986	0.03121	0.01007	0.01258	0.01158	0.00906	0.01158	0.00805	0.01208	0.00604	0.00453	0.00453	0.00151	0.00604	0.00403	0.00201	0.00503
24	0.00725	0.00551	0.00547	0.00541	0.00557	0.05800	0.00317	0.00734	0.00704	0.00899	0.01401	0.04436	0.01605	0.76948	0.02148	0.00413	0.00461	0.00647	0.00275	0.00293
25	0.00543	0.00461	0.00477	0.00477	0.00625	0.00395	0.00359	0.00661	0.01013	0.01213	0.04369	0.04192	0.75826	0.01295	0.05892	0.00191	0.00294	0.00925	0.00409	0.00384
26	0.00873	0.00823	0.01391	0.77730	0.08241	0.01011	0.01267	0.01173	0.00914	0.01179	0.00808	0.01202	0.00611	0.00450	0.00453	0.00150	0.00600	0.00403	0.00203	0.00517
27	0.00940	0.00805	0.00940	0.00671	0.01074	0.00604	0.00537	0.01141	0.00940	0.01477	0.00805	0.00940	0.00671	0.00336	0.00336	0.00067	0.00336	0.00268	0.00268	0.86845
28	0.01961	0.00773	0.01044	0.00797	0.01151	0.00662	0.00658	0.02138	0.01274	0.76314	0.01723	0.01503	0.01092	0.00546	0.00448	0.00135	0.00382	0.00443	0.00542	0.06412
29	0.00570	0.00487	0.00507	0.03197	0.00711	0.00424	0.00385	0.02244	0.01051	0.01254	0.04396	0.04191	0.76805	0.01113	0.00531	0.00153	0.00247	0.00927	0.00414	0.00394
30	0.01693	0.02160	0.01284	0.01167	0.01401	0.82256	0.00876	0.01809	0.01284	0.01109	0.00700	0.00817	0.00584	0.00467	0.00409	0.00117	0.00817	0.00292	0.00233	0.00525
31	0.01235	0.80278	0.02321	0.00795	0.01175	0.05777	0.00780	0.01379	0.00939	0.01068	0.00633	0.00731	0.00582	0.00392	0.00297	0.00098	0.00501	0.00245	0.00196	0.00579
32	0.01127	0.00973	0.01025	0.00922	0.01178	0.01127	0.00717	0.02408	0.80430	0.01896	0.01844	0.01691	0.01383	0.00615	0.00461	0.00154	0.00359	0.00512	0.00461	0.00717
33	0.00647	0.00485	0.00728	0.00728	0.00809	0.00566	0.00566	0.00809	0.00728	0.01052	0.01214	0.01780	0.01133	0.03398	0.82279	0.00728	0.01214	0.00485	0.00243	0.00405
34	0.01211	0.84348	0.02374	0.00775	0.01163	0.01793	0.00775	0.01357	0.00921	0.01066	0.00630	0.00727	0.00582	0.00388	0.00291	0.00097	0.00485	0.00242	0.00194	0.00582
35	0.00940	0.00805	0.00940	0.00671	0.01074	0.00604	0.00537	0.01141	0.00940	0.01477	0.00805	0.00940	0.00671	0.00336	0.00336	0.00067	0.00336	0.00268	0.00268	0.86845
36	0.87276	0.00876	0.00666	0.00596	0.00876	0.01017	0.00491	0.01332	0.00771	0.02033	0.00631	0.00736	0.00491	0.00421	0.00280	0.00140	0.00351	0.00245	0.00280	0.00491
37	0.00730	0.00522	0.00730	0.00835	0.00939	0.00522	0.00730	0.00939	0.01043	0.01356	0.02399	0.05111	0.02608	0.01252	0.00626	0.00209	0.00417	0.78199	0.00417	0.00417
38	0.00730	0.00522	0.00730	0.00835	0.00939	0.00522	0.00730	0.00939	0.01043	0.01356	0.02399	0.05111	0.02608	0.01252	0.00626	0.00209	0.00417	0.78199	0.00417	0.00417
39	0.00647	0.00485	0.00728	0.00728	0.00809	0.00566	0.00566	0.00809	0.00728	0.01052	0.01214	0.01780	0.01133	0.03398	0.82279	0.00728	0.01214	0.00485	0.00243	0.00405
40	0.00647	0.00485	0.00728	0.00728	0.00809	0.00566	0.00566	0.00809	0.00728	0.01052	0.01214	0.01780	0.01133	0.03398	0.82279	0.00728	0.01214	0.00485	0.00243	0.00405
41	0.00647	0.00437	0.00495	0.00502	0.00510	0.00432	0.00287	0.00657	0.00689	0.00912	0.01633	0.08489	0.05088	0.74988	0.02115	0.00410	0.00419	0.00714	0.00291	0.00285
42	0.00554	0.00395	0.00525	0.00628	0.00654	0.00369	0.00418	0.00632	0.00863	0.01151	0.02476	0.82139	0.02970	0.03097	0.00613	0.00189	0.00266	0.01275	0.00418	0.00366
43	0.01723	0.01269	0.01360	0.01043	0.01405	0.01405	0.00861	0.79738	0.02131	0.02856	0.01088	0.01088	0.00771	0.00544	0.00453	0.00136	0.00499	0.00408	0.00453	0.00771
44	0.01232	0.01008	0.01071	0.00935	0.01208	0.01153	0.00735	0.12877	0.67727	0.04137	0.01740	0.01605	0.01293	0.00604	0.00460	0.00151	0.00378	0.00497	0.00463	0.00726
45	0.00643	0.00464	0.00608	0.00575	0.00682	0.00429	0.00433	0.00857	0.01278	0.01809	0.79554	0.03417	0.04245	0.00932	0.00536	0.00144	0.00218	0.02252	0.00497	0.00427
46	0.02033	0.00771	0.01052	0.00806	0.01157	0.00666	0.00666	0.02208	0.01297	0.81562	0.01788	0.01542	0.01122	0.00561	0.00456	0.00140	0.00386	0.00456	0.00561	0.00771
47	0.01211	0.84348	0.02374	0.00775	0.01163	0.01793	0.00775	0.01357	0.00921	0.01066	0.00630	0.00727	0.00582	0.00388	0.00291	0.00097	0.00485	0.00242	0.00194	0.00582
48	0.00639	0.00463	0.00603	0.00568	0.00676	0.00427	0.00426	0.00851	0.01277	0.01804	0.79360	0.03406	0.05933	0.00931	0.00534	0.00143	0.00214	0.00822	0.00497	0.00427
49	0.01749	0.01227	0.01334	0.01022	0.01384	0.01342	0.00845	0.73139	0.02060	0.09555	0.01147	0.01127	0.00800	0.00545	0.00454	0.00136	0.00489	0.00412	0.00462	0.00771
50	0.01868	0.00911	0.01123	0.00874	0.01219	0.00889	0.00718	0.20832	0.09368	0.54752	0.01625	0.01448	0.01063	0.00562	0.00456	0.00141	0.00410	0.00450	0.00525	0.00766
51	0.01684	0.02120	0.01281	0.01160	0.01397	0.79062	0.00873	0.03587	0.02631	0.01162	0.00728	0.00838	0.00601	0.00471	0.00410	0.00118	0.00802	0.00298	0.00242	0.00534
52	0.00965	0.00838	0.00994	0.03760	0.03414	0.01906	0.00612	0.02997	0.02027	0.01482	0.00876	0.02488	0.00750	0.00394	0.00379	0.00082	0.01929	0.01527	0.00275	0.72302
53	0.00872	0.00729	0.01001	0.00904	0.00989	0.00914	0.00728	0.09426	0.00868	0.01256	0.01008	0.01475	0.00932	0.03549	0.46677	0.00492	0.27003	0.00452	0.00252	0.00471
54	0.00550	0.00460	0.00479	0.00474	0.00621	0.00389	0.00355	0.00678	0.01066	0.01303	0.14798	0.04231	0.70807	0.01118	0.00535	0.00152	0.00227	0.00938	0.00431	0.00389
55	0.01693	0.02160	0.01284	0.01167	0.01401	0.82256	0.00876	0.01809	0.01284	0.01109	0.00700	0.00817	0.00584	0.00467	0.00409	0.00117	0.00817	0.00292	0.00233	0.00525
56	0.02033	0.00771	0.01052	0.00806	0.01157	0.00666	0.00666	0.02208	0.01297	0.81562	0.01788	0.01542	0.01122	0.00561	0.00456	0.00140	0.00386	0.00456	0.00561	0.00771
57	0.01723	0.01269	0.01360	0.01043	0.01405	0.01405	0.00861	0.79738	0.02131	0.02856	0.01088	0.01088	0.00771	0.00544	0.00453	0.00136	0.00499	0.00408	0.00453	0.00771
58	0.01993	0.00835	0.01091	0.00836	0.01188	0.00760	0.00691	0.12103	0.01403	0.71517	0.01698	0.01484	0.01077	0.00559	0.00455	0.00140	0.00400	0.00450	0.00547	0.00771
59	0.00584	0.00486	0.00513	0.00502	0.00652	0.00428	0.00378	0.00775	0.05090	0.01362	0.17887	0.04054	0.63537	0.01082	0.00532	0.00151	0.00233	0.00910	0.00437	0.00407
60	0.00647	0.00485	0.00728	0.00728	0.00809	0.00566	0.00566	0.00809	0.00728	0.01052	0.01214	0.01780	0.01133	0.03398	0.82279	0.00728	0.01214	0.00485	0.00243	0.00405
61	0.00659	0.00439	0.00494	0.00494	0.00494	0.00439	0.00275	0.00659	0.00659	0.00879	0.01428	0.02965	0.01647	0.84075	0.02306	0.00439	0.00439	0.00659	0.00275	0.00275
62	0.01842	0.01078	0.01241	0.00952	0.01310	0.01121	0.00786	0.49927	0.01810	0.33119	0.01357	0.01263	0.00906	0.00550	0.00454	0.00138	0.00455	0.00426	0.00495	0.00771
63	0.00940	0.00805	0.00940	0.00671	0.01074	0.00604	0.00537	0.01141	0.00940	0.01477	0.00805	0.00940	0.00671	0.00336	0.00336	0.00067	0.00336	0.00268	0.00268	0.86845
64	0.01678	0.02135	0.01286	0.01168	0.01396	0.80564	0.00878	0.01794	0.01272	0.01109	0.00698	0.00821	0.00584	0.00474	0.00431	0.00118	0.02541	0.00294	0.00233	0.00525
65	0.01082	0.00789	0.00944	0.00895	0.01096	0.00844	0.00753	0.21310	0.13776	0.04187	0.03734	0.03405	0.01941	0.00944	0.00549	0.00178	0.00423	0.42146	0.00439	0.00565
66	0.01738	0.01244	0.01344	0.01031	0.01393	0.01368	0.00851	0.75841	0.02089	0.06812	0.01123	0.01111	0.00788	0.00545	0.00453	0.00136	0.00493	0.00410	0.00459	0.00771
67	0.00649	0.00479	0.00696	0.00696	0.00766	0.00549	0.00526	0.00789	0.00719	0.01028	0.01243	0.01943	0.01204	0.14484	0.71290	0.00689	0.01107	0.00509	0.00247	0.00387
68	0.01492	0.01155	0.01230	0.00996	0.01318	0.01298	0.00806	0.49853	0.32390	0.02485	0.01380	0.01321	0.01007	0.00571	0.00456	0.00143	0.00445	0.00448	0.00456	0.00750
69	0.01320	0.01031	0.01144	0.00852	0.01235	0.00994	0.00695	0.39351	0.01519	0.02147	0.00943	0.01012	0.00720	0.00437	0.00393	0.00101	0.00415	0.00336	0.00358	0.44999
70	0.01704	0.01260	0.01349	0.01039	0.01398	0.01396	0.00857	0.77297	0.04602	0.02825	0.01112	0.01107	0.00790	0.00546	0.00454	0.00137	0.00494	0.00411	0.00454	0.00769
71	0.00648	0.00484	0.00721	0.00721	0.00799	0.00562	0.00557	0.00804	0.00726	0.01046	0.01221	0.01819	0.01150	0.06064	0.79637	0.00719	0.01188	0.00491	0.00244	0.00400
72	0.00846	0.00791	0.01329	0.77561	0.04480	0.00978	0.01221	0.01137	0.00907	0.01164	0.00887	0.05126	0.00720	0.00498	0.00459	0.00152	0.00587	0.00445	0.00212	0.00501
73	0.87276	0.00876	0.00666	0.00596	0.00876	0.01017	0.00491	0.01332	0.00771	0.02033	0.00631	0.00736	0.00491	0.00421	0.00280	0.00140	0.00351	0.00245	0.00280	0.00491
74	0.00659	0.00439	0.00494	0.00494	0.00494	0.00439	0.00275	0.00659	0.00659	0.00879	0.01428	0.02965	0.01647	0.84075	0.02306	0.00439	0.00439	0.00659	0.00275	0.00275
75	0.00659	0.00439	0.00494	0.00494	0.00494	0.00439	0.00275	0.00659	0.00659	0.00879	0.01428	0.02965	0.01647	0.84075	0.02306	0.00439	0.00439	0.00659	0.00275	0.00275
76	0.01693	0.02160	0.01284	0.01167	0.01401	0.82256	0.00876	0.01809	0.01284	0.01109	0.00700	0.00817	0.00584	0.00467	0.00409	0.00117	0.00817	0.00292	0.00233	0.00525
77	0.01122	0.01077	0.01839	0.02781	0.81248	0.01077	0.01391	0.01391	0.01032	0.01480	0.00852	0.01122	0.00718	0.00404	0.00449	0.00135	0.00538	0.00404	0.00224	0.00718
78	0.01127	0.00973	0.01025	0.00922	0.01178	0.01127	0.00717	0.02408	0.80430	0.01896	0.01844	0.01691	0.01383	0.00615	0.00461	0.00154	0.00359	0.00512	0.00461	0.00717
79	0.00662	0.00459	0.00585	0.00642	0.00685	0.00455	0.00465	0.00752	0.00834	0.01101	0.01972	0.19678	0.02239	0.37973	0.02490	0.00313	0.00407	0.27589	0.00352	0.00344
80	0.00978	0.00799	0.00937	0.00682	0.01068	0.00615	0.00544	0.02939	0.00976	0.04141	0.00911	0.04206	0.00779	0.00390	0.00352	0.00076	0.00338	0.00318	0.00288	0.78664
81	0.00847	0.00789	0.01324	0.73327	0.06427	0.00967	0.01206	0.01133	0.00906	0.01170	0.00903	0.05390	0.00742	0.00568	0.02369	0.00165	0.00598	0.00449	0.00214	0.00504
82	0.00659	0.00439	0.00494	0.00494	0.00494	0.00439	0.00275	0.00659	0.00659	0.00879	0.01428	0.02965	0.01647	0.84075	0.02306	0.00439	0.00439	0.00659	0.00275	0.00275
83	0.11121	0.00782	0.01010	0.00784	0.01127	0.00703	0.00647	0.02115	0.01241	0.73083	0.01664	0.01456	0.01054	0.00546	0.00437	0.00140	0.00382	0.00433	0.00531	0.00741
84	0.00940	0.00805	0.00940	0.00671	0.01074	0.00604	0.00537	0.01141	0.00940	0.01477	0.00805	0.00940	0.00671	0.00336	0.00336	0.00067	0.00336	0.00268	0.00268	0.86845
85	0.00856	0.00805	0.01359	0.82986	0.03121	0.01007	0.01258	0.01158	0.00906	0.01158	0.00805	0.01208	0.00604	0.00453	0.00453	0.00151	0.00604	0.00403	0.00201	0.00503
86	0.01291	0.00951	0.01040	0.00908	0.01182	0.01063	0.00714	0.04931	0.65245	0.14610	0.01810	0.01647	0.01321	0.00604	0.00460	0.00151	0.00368	0.00500	0.00477	0.00728
87	0.00652	0.00445	0.00523	0.00525	0.00541	0.00452	0.00316	0.00677	0.00684	0.00917	0.01523	0.04241	0.04224	0.69693	0.12366	0.00462	0.00528	0.00657	0.00278	0.00296
88	0.00856	0.00805	0.01359	0.82986	0.03121	0.01007	0.01258	0.01158	0.00906	0.01158	0.00805	0.01208	0.00604	0.00453	0.00453	0.00151	0.00604	0.00403	0.00201	0.00503
89	0.03488	0.00716	0.02125	0.00774	0.01050	0.00622	0.00626	0.03161	0.01193	0.57685	0.01907	0.20297	0.01545	0.00762	0.00482	0.00151	0.00364	0.01873	0.00513	0.00666
90	0.01211	0.84348	0.02374	0.00775	0.01163	0.01793	0.00775	0.01357	0.00921	0.01066	0.00630	0.00727	0.00582	0.00388	0.00291	0.00097	0.00485	0.00242	0.00194	0.00582
91	0.01211	0.84348	0.02374	0.00775	0.01163	0.01793	0.00775	0.01357	0.00921	0.01066	0.00630	0.00727	0.00582	0.00388	0.00291	0.00097	0.00485	0.00242	0.00194	0.00582
92	0.00659	0.00439	0.00494	0.00494	0.00494	0.00439	0.00275	0.00659	0.00659	0.00879	0.01428	0.02965	0.01647	0.84075	0.02306	0.00439	0.00439	0.00659	0.00275	0.00275
93	0.01693	0.02160	0.01284	0.01167	0.01401	0.82256	0.00876	0.01809	0.01284	0.01109	0.00700	0.00817	0.00584	0.00467	0.00409	0.00117	0.00817	0.00292	0.00233	0.00525
94	0.01211	0.84348	0.02374	0.00775	0.01163	0.01793	0.00775	0.01357	0.00921	0.01066	0.00630	0.00727	0.00582	0.00388	0.00291	0.00097	0.00485	0.00242	0.00194	0.00582
95	0.00940	0.00805	0.00940	0.00671	0.01074	0.00604	0.00537	0.01141	0.00940	0.01477	0.00805	0.00940	0.00671	0.00336	0.00336	0.00067	0.00336	0.00268	0.00268	0.86845
96	0.00561	0.00456	0.00496	0.00494	0.00629	0.00392	0.00367	0.00696	0.01080	0.01355	0.21858	0.08564	0.59246	0.01112	0.00538	0.00152	0.00228	0.00944	0.00439	0.00392
97	0.00991	0.00991	0.01388	0.01190	0.01190	0.01388	0.00991	0.01091	0.00694	0.01091	0.00595	0.00991	0.00595	0.00793	0.01487	0.00198	0.83246	0.00397	0.00198	0.00496
98	0.00554	0.00398	0.00527	0.00625	0.00657	0.00370	0.00419	0.00638	0.00883	0.01178	0.04848	0.79648	0.04777	0.01399	0.00576	0.00182	0.00261	0.01267	0.00423	0.00370
99	0.00952	0.02013	0.58968	0.01441	0.02033	0.01089	0.21036	0.01426	0.00975	0.01426	0.00831	0.01024	0.00603	0.00432	0.00497	0.00148	0.03870	0.00387	0.00201	0.00648
100	0.00959	0.00911	0.01546	0.51793	0.33506	0.01034	0.01310	0.01248	0.00955	0.01283	0.00824	0.01174	0.00648	0.00434	0.00451	0.00145	0.00578	0.00403	0.00210	0.00587
101	0.00556	0.00471	0.00483	0.00488	0.00638	0.00403	0.00369	0.00698	0.02738	0.01241	0.04390	0.06661	0.74184	0.01148	0.00539	0.00156	0.00240	0.03786	0.00422	0.00391
102	0.01723	0.01269	0.01360	0.01043	0.01405	0.01405	0.00861	0.79738	0.02131	0.02856	0.01088	0.01088	0.00771	0.00544	0.00453	0.00136	0.00499	0.00408	0.00453	0.00771
103	0.01127	0.00973	0.01025	0.00922	0.01178	0.01127	0.00717	0.02408	0.80430	0.01896	0.01844	0.01691	0.01383	0.00615	0.00461	0.00154	0.00359	0.00512	0.00461	0.00717
104	0.00706	0.00546	0.00808	0.23287	0.01384	0.00596	0.00700	0.00880	0.03931	0.01172	0.01812	0.38856	0.01991	0.01118	0.00673	0.09413	0.00394	0.10989	0.00338	0.00407
105	0.01675	0.02130	0.01286	0.02929	0.01438	0.80506	0.00884	0.01795	0.01276	0.01110	0.00703	0.00826	0.00584	0.00467	0.00410	0.00117	0.00813	0.00294	0.00233	0.00525
106	0.01115	0.00960	0.01016	0.00920	0.01171	0.01109	0.00718	0.02365	0.78100	0.01880	0.01861	0.01791	0.01419	0.00633	0.00466	0.00155	0.00360	0.02792	0.00460	0.00708
107	0.00659	0.00439	0.00494	0.00494	0.00494	0.00439	0.00275	0.00659	0.00659	0.00879	0.01428	0.02965	0.01647	0.84075	0.02306	0.00439	0.00439	0.00659	0.00275	0.00275
108	0.00996	0.14296	0.01127	0.00809	0.01031	0.04941	0.00655	0.03194	0.32897	0.01473	0.02030	0.04691	0.17118	0.00942	0.07255	0.00193	0.04852	0.00562	0.00366	0.00571
109	0.00688	0.00484	0.00616	0.00575	0.00698	0.00447	0.00434	0.00915	0.03046	0.04391	0.69285	0.03379	0.11467	0.00928	0.00530	0.00144	0.00224	0.00814	0.00493	0.00441
110	0.02498	0.03009	0.09375	0.24248	0.04337	0.06143	0.32524	0.02954	0.01013	0.01349	0.00880	0.02537	0.00695	0.00549	0.03295	0.00168	0.03176	0.00454	0.00226	0.00570
111	0.01211	0.84348	0.02374	0.00775	0.01163	0.01793	0.00775	0.01357	0.00921	0.01066	0.00630	0.00727	0.00582	0.00388	0.00291	0.00097	0.00485	0.00242	0.00194	0.00582
112	0.00552	0.00394	0.00526	0.00631	0.00657	0.00368	0.00421	0.00631	0.00868	0.01157	0.02498	0.83779	0.02997	0.01420	0.00578	0.00184	0.00263	0.01288	0.00421	0.00368
113	0.87276	0.00876	0.00666	0.00596	0.00876	0.01017	0.00491	0.01332	0.00771	0.02033	0.00631	0.00736	0.00491	0.00421	0.00280	0.00140	0.00351	0.00245	0.00280	0.00491
114	0.02007	0.00813	0.01077	0.00826	0.01177	0.00727	0.00682	0.08652	0.01366	0.75021	0.01730	0.01505	0.01093	0.00559	0.00455	0.00140	0.00395	0.00452	0.00552	0.00771
115	0.00665	0.00505	0.00590	0.00566	0.00610	0.00527	0.00379	0.00718	0.00797	0.01054	0.08339	0.03105	0.19789	0.49790	0.01677	0.00325	0.09202	0.00711	0.00317	0.00335
116	0.01146	0.06718	0.04705	0.02083	0.08592	0.04800	0.00772	0.10955	0.02615	0.04582	0.00899	0.02127	0.00731	0.00430	0.00423	0.00102	0.03768	0.00333	0.00290	0.43929
117	0.01286	0.01166	0.01121	0.00958	0.05518	0.18039	0.00712	0.13524	0.02369	0.06420	0.00956	0.03575	0.00780	0.00451	0.00392	0.00101	0.00475	0.00349	0.00312	0.41496

[dist]
# distance from previous block
# <min> <max>
1	3

[block]
# block no. 5 follows, 57 sequences, length 22
# corresponding to MSA columns:
# 274-295
name=unknown_F
#
# <colnr> <probs for GDERKNQSTAVLIFYWHMCP>
#	G	D	E	R	K	N	Q	S	T	A	V	L	I	F	Y	W	H	M	C	P
0	0.00846	0.00640	0.00848	0.02892	0.04219	0.00640	0.03638	0.02392	0.15481	0.06279	0.05151	0.37145	0.06834	0.02316	0.02661	0.00180	0.00360	0.02036	0.00404	0.05039
1	0.01613	0.01197	0.01287	0.01010	0.01345	0.01324	0.00825	0.69914	0.07124	0.02690	0.01223	0.06161	0.00946	0.00602	0.00461	0.00140	0.00475	0.00468	0.00452	0.00743
2	0.01171	0.06379	0.04851	0.07620	0.20489	0.05795	0.06317	0.12199	0.02756	0.05302	0.01089	0.05862	0.00961	0.01867	0.02499	0.00166	0.09137	0.04636	0.00292	0.00610
3	0.01211	0.84348	0.02374	0.00775	0.01163	0.01793	0.00775	0.01357	0.00921	0.01066	0.00630	0.00727	0.00582	0.00388	0.00291	0.00097	0.00485	0.00242	0.00194	0.00582
4	0.00647	0.00485	0.00728	0.00728	0.00809	0.00566	0.00566	0.00809	0.00728	0.01052	0.01214	0.01780	0.01133	0.03398	0.82279	0.00728	0.01214	0.00485	0.00243	0.00405
5	0.01279	0.00985	0.01063	0.00924	0.01200	0.01111	0.00727	0.10574	0.64375	0.09816	0.01759	0.01612	0.01293	0.00602	0.00460	0.00150	0.00376	0.00496	0.00470	0.00728
6	0.01436	0.03591	0.01309	0.01012	0.01324	0.01279	0.03866	0.47773	0.20151	0.02340	0.01433	0.01417	0.05784	0.00598	0.00508	0.00144	0.04434	0.00465	0.00424	0.00710
7	0.01082	0.50844	0.20030	0.01072	0.09497	0.01443	0.01007	0.01323	0.00949	0.01204	0.01002	0.01102	0.06853	0.00458	0.00357	0.00116	0.00512	0.00335	0.00214	0.00600
8	0.00773	0.00650	0.00812	0.00756	0.00830	0.05570	0.04860	0.02660	0.00803	0.01069	0.01371	0.12694	0.01469	0.33245	0.24665	0.00431	0.06043	0.00639	0.00279	0.00383
9	0.00648	0.00483	0.00717	0.00717	0.00794	0.00560	0.00553	0.00802	0.00725	0.01044	0.01224	0.01836	0.01157	0.07209	0.78503	0.00715	0.01177	0.00494	0.00244	0.00398
10	0.04503	0.00875	0.01430	0.58241	0.18836	0.01045	0.01237	0.01208	0.00913	0.01256	0.00795	0.01158	0.00622	0.00462	0.00508	0.00150	0.05611	0.00396	0.00209	0.00546
11	0.00628	0.00533	0.00551	0.00544	0.00703	0.00496	0.00408	0.00920	0.13261	0.01322	0.04004	0.10126	0.62709	0.01087	0.00527	0.00156	0.00252	0.00914	0.00427	0.00433
12	0.01648	0.02075	0.01327	0.01293	0.07611	0.75943	0.00916	0.01777	0.01264	0.01138	0.00712	0.00841	0.00594	0.00462	0.00412	0.00118	0.00795	0.00301	0.00233	0.00540
13	0.00997	0.05763	0.66625	0.01361	0.07283	0.07401	0.01554	0.01458	0.00986	0.01397	0.00799	0.00947	0.00585	0.00430	0.00424	0.00139	0.00664	0.00332	0.00197	0.00658
14	0.00787	0.00394	0.00590	0.00590	0.00590	0.00394	0.00394	0.00590	0.00590	0.00787	0.00787	0.01377	0.00787	0.01574	0.01771	0.86816	0.00394	0.00394	0.00197	0.00197
15	0.00648	0.00482	0.00712	0.00712	0.00788	0.00558	0.00546	0.00799	0.00724	0.01040	0.01228	0.01861	0.01168	0.08906	0.76820	0.00709	0.01161	0.00497	0.00245	0.00396
16	0.01195	0.01192	0.01649	0.09618	0.51221	0.11873	0.03046	0.05755	0.04429	0.01477	0.00891	0.01146	0.00735	0.02023	0.00497	0.00142	0.01802	0.00401	0.00247	0.00661
17	0.01220	0.00890	0.01386	0.01686	0.34676	0.00879	0.05542	0.01581	0.11519	0.18659	0.02905	0.12381	0.01307	0.00630	0.00480	0.00148	0.00450	0.02634	0.00364	0.00663
18	0.00779	0.00394	0.00588	0.00592	0.00593	0.00393	0.00394	0.00592	0.00600	0.00800	0.00847	0.04252	0.00864	0.01569	0.01729	0.83794	0.00389	0.00425	0.00205	0.00203
19	0.00552	0.00394	0.00526	0.00631	0.00657	0.00368	0.00421	0.00631	0.00868	0.01157	0.02498	0.83779	0.02997	0.01420	0.00578	0.00184	0.00263	0.01288	0.00421	0.00368
20	0.00940	0.00805	0.00940	0.00671	0.01074	0.00604	0.00537	0.01141	0.00940	0.01477	0.00805	0.00940	0.00671	0.00336	0.00336	0.00067	0.00336	0.00268	0.00268	0.86845
21	0.01211	0.84348	0.02374	0.00775	0.01163	0.01793	0.00775	0.01357	0.00921	0.01066	0.00630	0.00727	0.00582	0.00388	0.00291	0.00097	0.00485	0.00242	0.00194	0.00582

[dist]
# distance from previous block
# <min> <max>
2	5

[block]
# block no. 6 follows, 57 sequences, length 103
# corresponding to MSA columns:
# 302-404
name=unknown_G
#
# <colnr> <probs for GDERKNQSTAVLIFYWHMCP>
#	G	D	E	R	K	N	Q	S	T	A	V	L	I	F	Y	W	H	M	C	P
0	0.31334	0.02587	0.05423	0.12538	0.28479	0.05807	0.01001	0.03028	0.03141	0.01639	0.00786	0.00980	0.00625	0.00430	0.00385	0.00138	0.00498	0.00338	0.00250	0.00594
1	0.00856	0.00805	0.01359	0.82986	0.03121	0.01007	0.01258	0.01158	0.00906	0.01158	0.00805	0.01208	0.00604	0.00453	0.00453	0.00151	0.00604	0.00403	0.00201	0.00503
2	0.00991	0.00991	0.01388	0.01190	0.01190	0.01388	0.00991	0.01091	0.00694	0.01091	0.00595	0.00991	0.00595	0.00793	0.01487	0.00198	0.83246	0.00397	0.00198	0.00496
3	0.01211	0.84348	0.02374	0.00775	0.01163	0.01793	0.00775	0.01357	0.00921	0.01066	0.00630	0.00727	0.00582	0.00388	0.00291	0.00097	0.00485	0.00242	0.00194	0.00582
4	0.01127	0.00973	0.01025	0.00922	0.01178	0.01127	0.00717	0.02408	0.80430	0.01896	0.01844	0.01691	0.01383	0.00615	0.00461	0.00154	0.00359	0.00512	0.00461	0.00717
5	0.01122	0.01077	0.01839	0.02781	0.81248	0.01077	0.01391	0.01391	0.01032	0.01480	0.00852	0.01122	0.00718	0.00404	0.00449	0.00135	0.00538	0.00404	0.00224	0.00718
6	0.01071	0.00904	0.00970	0.02742	0.01161	0.01027	0.00693	0.02166	0.67221	0.03387	0.02099	0.02028	0.09057	0.00679	0.00472	0.00155	0.00354	0.02690	0.00452	0.00673
7	0.01127	0.00973	0.01025	0.00922	0.01178	0.01127	0.00717	0.02408	0.80430	0.01896	0.01844	0.01691	0.01383	0.00615	0.00461	0.00154	0.00359	0.00512	0.00461	0.00717
8	0.00647	0.00485	0.00728	0.00728	0.00809	0.00566	0.00566	0.00809	0.00728	0.01052	0.01214	0.01780	0.01133	0.03398	0.82279	0.00728	0.01214	0.00485	0.00243	0.00405
9	0.01069	0.05256	0.02596	0.03955	0.02302	0.01179	0.71936	0.01431	0.01049	0.01417	0.00893	0.01193	0.00678	0.00393	0.00542	0.00151	0.02616	0.00514	0.00226	0.00604
10	0.00634	0.00463	0.00596	0.00563	0.00673	0.00425	0.00422	0.00841	0.01266	0.01778	0.75921	0.03450	0.09389	0.00941	0.00535	0.00143	0.00215	0.00829	0.00494	0.00425
11	0.00935	0.02205	0.73882	0.01307	0.03475	0.01042	0.03228	0.01459	0.02841	0.02711	0.00863	0.01007	0.00617	0.00488	0.01897	0.00154	0.00667	0.00349	0.00206	0.00667
12	0.00536	0.00459	0.00459	0.00459	0.00612	0.00383	0.00344	0.00650	0.01033	0.01224	0.04590	0.04361	0.81065	0.01148	0.00536	0.00153	0.00230	0.00956	0.00421	0.00383
13	0.00856	0.00805	0.01359	0.82986	0.03121	0.01007	0.01258	0.01158	0.00906	0.01158	0.00805	0.01208	0.00604	0.00453	0.00453	0.00151	0.00604	0.00403	0.00201	0.00503
14	0.00647	0.00485	0.00728	0.00728	0.00809	0.00566	0.00566	0.00809	0.00728	0.01052	0.01214	0.01780	0.01133	0.03398	0.82279	0.00728	0.01214	0.00485	0.00243	0.00405
15	0.01993	0.00789	0.01058	0.00813	0.01160	0.00696	0.00671	0.05836	0.01336	0.76369	0.03230	0.01555	0.01164	0.00567	0.00457	0.00140	0.00388	0.00460	0.00555	0.00765
16	0.01693	0.02160	0.01284	0.01167	0.01401	0.82256	0.00876	0.01809	0.01284	0.01109	0.00700	0.00817	0.00584	0.00467	0.00409	0.00117	0.00817	0.00292	0.00233	0.00525
17	0.01693	0.02160	0.01284	0.01167	0.01401	0.82256	0.00876	0.01809	0.01284	0.01109	0.00700	0.00817	0.00584	0.00467	0.00409	0.00117	0.00817	0.00292	0.00233	0.00525
18	0.01127	0.00973	0.01025	0.00922	0.01178	0.01127	0.00717	0.02408	0.80430	0.01896	0.01844	0.01691	0.01383	0.00615	0.00461	0.00154	0.00359	0.00512	0.00461	0.00717
19	0.01693	0.02160	0.01284	0.01167	0.01401	0.82256	0.00876	0.01809	0.01284	0.01109	0.00700	0.00817	0.00584	0.00467	0.00409	0.00117	0.00817	0.00292	0.00233	0.00525
20	0.00882	0.02177	0.74010	0.01236	0.01861	0.01001	0.02845	0.01373	0.00965	0.01419	0.01113	0.01230	0.06937	0.00486	0.00441	0.00144	0.00636	0.00387	0.00210	0.00646
21	0.01143	0.00981	0.01033	0.00925	0.01184	0.01134	0.00721	0.04426	0.78386	0.01921	0.01825	0.01675	0.01367	0.00613	0.00461	0.00153	0.00362	0.00510	0.00461	0.00719
22	0.00691	0.00497	0.00601	0.00581	0.00588	0.00543	0.00368	0.00713	0.00668	0.00913	0.01329	0.02676	0.01503	0.69425	0.08621	0.00439	0.08653	0.00619	0.00265	0.00307
23	0.01190	0.01007	0.01046	0.00927	0.01189	0.02963	0.00724	0.07580	0.70303	0.03604	0.03165	0.01657	0.01369	0.00611	0.00461	0.00151	0.00376	0.00505	0.00458	0.00712
24	0.00659	0.00439	0.00494	0.00494	0.00494	0.00439	0.00275	0.00659	0.00659	0.00879	0.01428	0.02965	0.01647	0.84075	0.02306	0.00439	0.00439	0.00659	0.00275	0.00275
25	0.00991	0.00991	0.01388	0.01190	0.01190	0.01388	0.00991	0.01091	0.00694	0.01091	0.00595	0.00991	0.00595	0.00793	0.01487	0.00198	0.83246	0.00397	0.00198	0.00496
26	0.87276	0.00876	0.00666	0.00596	0.00876	0.01017	0.00491	0.01332	0.00771	0.02033	0.00631	0.00736	0.00491	0.00421	0.00280	0.00140	0.00351	0.00245	0.00280	0.00491
27	0.00940	0.00805	0.00940	0.00671	0.01074	0.00604	0.00537	0.01141	0.00940	0.01477	0.00805	0.00940	0.00671	0.00336	0.00336	0.00067	0.00336	0.00268	0.00268	0.86845
28	0.00927	0.00813	0.01052	0.17871	0.03724	0.00701	0.00711	0.01151	0.00935	0.01410	0.00807	0.01001	0.00658	0.00362	0.00363	0.00086	0.00397	0.00300	0.00253	0.66476
29	0.81863	0.04250	0.00744	0.00608	0.00894	0.01040	0.00506	0.01353	0.00789	0.03796	0.00657	0.00754	0.00509	0.00422	0.00285	0.00138	0.00357	0.00250	0.00283	0.00501
30	0.01908	0.00964	0.01098	0.00858	0.01201	0.09221	0.00699	0.09368	0.01354	0.61395	0.01555	0.01391	0.01008	0.00537	0.00444	0.00133	0.00438	0.00424	0.00501	0.05502
31	0.01173	0.71957	0.07912	0.00845	0.01222	0.01709	0.00856	0.01341	0.00905	0.01094	0.00640	0.00764	0.00582	0.00423	0.00395	0.00108	0.07039	0.00261	0.00194	0.00581
32	0.00915	0.03935	0.80187	0.01282	0.01946	0.01067	0.01657	0.01434	0.00956	0.01428	0.00810	0.00952	0.00574	0.00430	0.00428	0.00143	0.00666	0.00333	0.00191	0.00668
33	0.01121	0.10038	0.07504	0.00914	0.01143	0.25094	0.00772	0.05727	0.04166	0.01306	0.07268	0.02952	0.07039	0.02592	0.16977	0.00257	0.03872	0.00460	0.00285	0.00514
34	0.07766	0.00821	0.00961	0.00696	0.01090	0.00650	0.02494	0.01164	0.00930	0.01520	0.00794	0.00931	0.00657	0.00343	0.00336	0.00075	0.00347	0.00273	0.00268	0.77882
35	0.87276	0.00876	0.00666	0.00596	0.00876	0.01017	0.00491	0.01332	0.00771	0.02033	0.00631	0.00736	0.00491	0.00421	0.00280	0.00140	0.00351	0.00245	0.00280	0.00491
36	0.00940	0.00805	0.00940	0.00671	0.01074	0.00604	0.00537	0.01141	0.00940	0.01477	0.00805	0.00940	0.00671	0.00336	0.00336	0.00067	0.00336	0.00268	0.00268	0.86845
37	0.00624	0.00463	0.00582	0.00552	0.00666	0.00420	0.00414	0.00821	0.01241	0.01719	0.68413	0.03546	0.16933	0.00963	0.00535	0.00144	0.00216	0.00842	0.00486	0.00420
38	0.01180	0.01215	0.01779	0.05797	0.60861	0.12195	0.06256	0.01435	0.01064	0.01412	0.00857	0.01150	0.00721	0.00426	0.00451	0.00135	0.00592	0.01575	0.00228	0.00671
39	0.00763	0.00404	0.00582	0.00582	0.00585	0.00407	0.00383	0.00609	0.00606	0.00811	0.00898	0.01626	0.00927	0.13733	0.05119	0.70668	0.00434	0.00436	0.00210	0.00217
40	0.02869	0.00931	0.00972	0.00879	0.01127	0.01066	0.00683	0.02247	0.72501	0.01845	0.02036	0.01882	0.07662	0.00653	0.00463	0.00153	0.00348	0.00542	0.00454	0.00686
