[name]
unknown

[dist]
# distance from previous block
# <min> <max>
1	452

[block]
# block no. 0 follows, 56 sequences, length 8
# corresponding to MSA columns:
# 483-490
name=unknown_A
#
# <colnr> <probs for GDERKNQSTAVLIFYWHMCP>
#	G	D	E	R	K	N	Q	S	T	A	V	L	I	F	Y	W	H	M	C	P
0	0.22553	0.24431	0.22685	0.01006	0.03896	0.13734	0.00988	0.01483	0.00975	0.03496	0.00736	0.00848	0.00583	0.00430	0.00357	0.00127	0.00558	0.00290	0.00234	0.00591
1	0.01404	0.01547	0.01279	0.01106	0.01309	0.45334	0.08760	0.07027	0.01148	0.01204	0.00779	0.01036	0.00667	0.00758	0.00806	0.21599	0.03164	0.00358	0.00242	0.00475
2	0.05747	0.01836	0.49030	0.01161	0.01683	0.01098	0.01330	0.20758	0.01263	0.01836	0.01047	0.01419	0.00836	0.00549	0.00454	0.00150	0.00592	0.08255	0.00288	0.00668
3	0.00665	0.00457	0.00560	0.00560	0.00580	0.00477	0.00352	0.00705	0.00685	0.00934	0.01393	0.02706	0.01540	0.63907	0.22118	0.00518	0.00640	0.00624	0.00270	0.00311
4	0.05657	0.01894	0.21120	0.01138	0.01446	0.42317	0.01041	0.01544	0.01078	0.01239	0.00778	0.01009	0.00655	0.03778	0.04864	0.00179	0.09147	0.00339	0.00227	0.00548
5	0.00900	0.21379	0.01189	0.04965	0.01073	0.00889	0.00602	0.01116	0.04851	0.01303	0.03207	0.06452	0.15604	0.04848	0.00509	0.00133	0.00376	0.03959	0.00307	0.26337
6	0.07153	0.01164	0.00993	0.00959	0.05069	0.28016	0.01981	0.01304	0.02960	0.02724	0.21074	0.02008	0.09782	0.02581	0.06148	0.00186	0.04529	0.00537	0.00336	0.00495
7	0.00791	0.00713	0.01167	0.62382	0.02543	0.00859	0.01064	0.01041	0.00908	0.01173	0.01241	0.21659	0.01214	0.00702	0.00491	0.00161	0.00526	0.00631	0.00259	0.00476

[dist]
# distance from previous block
# <min> <max>
1	5

[block]
# block no. 1 follows, 56 sequences, length 19
# corresponding to MSA columns:
# 497-515
name=unknown_B
#
# <colnr> <probs for GDERKNQSTAVLIFYWHMCP>
#	G	D	E	R	K	N	Q	S	T	A	V	L	I	F	Y	W	H	M	C	P
0	0.04963	0.00975	0.01554	0.35499	0.40711	0.03016	0.01267	0.01302	0.00995	0.01393	0.03459	0.01222	0.00785	0.00449	0.00450	0.00143	0.00560	0.00412	0.00230	0.00613
1	0.00890	0.00747	0.01069	0.03091	0.08817	0.04099	0.10049	0.01087	0.02879	0.06514	0.02011	0.30185	0.10807	0.02701	0.03233	0.00181	0.01341	0.02466	0.00356	0.07477
2	0.01460	0.01154	0.01294	0.01174	0.08763	0.01286	0.00867	0.43009	0.31604	0.02395	0.01370	0.01337	0.01011	0.00565	0.00462	0.00144	0.00455	0.00453	0.00441	0.00755
3	0.01108	0.01207	0.09542	0.04970	0.71130	0.01086	0.01433	0.01407	0.01034	0.01486	0.00858	0.01123	0.00710	0.00413	0.00453	0.00138	0.00560	0.00402	0.00223	0.00716
4	0.01278	0.01599	0.12651	0.09368	0.12904	0.28302	0.07836	0.01516	0.01062	0.03876	0.00794	0.01018	0.00640	0.00509	0.00625	0.00146	0.14683	0.00373	0.00231	0.00588
5	0.01032	0.01196	0.06026	0.01738	0.03788	0.01102	0.61286	0.01367	0.01012	0.01390	0.00951	0.01379	0.00780	0.08482	0.00772	0.00185	0.06165	0.00533	0.00233	0.00584
6	0.01184	0.01294	0.04310	0.08083	0.04867	0.08929	0.56497	0.01526	0.01101	0.06182	0.00947	0.01207	0.00704	0.00414	0.00513	0.00150	0.00734	0.00493	0.00249	0.00617
7	0.00619	0.00507	0.00557	0.00575	0.00725	0.00460	0.00456	0.00821	0.05360	0.01307	0.04008	0.04439	0.59196	0.01157	0.00559	0.00168	0.00282	0.17965	0.00428	0.00414
8	0.00663	0.00503	0.00713	0.00710	0.00812	0.00533	0.00538	0.00812	0.00790	0.01131	0.01477	0.19808	0.01520	0.02700	0.56133	0.00551	0.00931	0.00651	0.00288	0.08736
9	0.78776	0.00881	0.00743	0.08541	0.01108	0.01029	0.00572	0.01332	0.00795	0.01974	0.00656	0.00792	0.00508	0.00429	0.00301	0.00143	0.00380	0.00264	0.00276	0.00498
10	0.00568	0.00468	0.00501	0.00498	0.00644	0.00401	0.00378	0.00706	0.01091	0.01350	0.17804	0.04274	0.64678	0.01128	0.00546	0.00155	0.00237	0.03739	0.00440	0.00397
11	0.00790	0.00401	0.00593	0.00593	0.00593	0.00401	0.00392	0.00602	0.00602	0.00803	0.00833	0.01483	0.00845	0.06077	0.01824	0.81947	0.00401	0.00413	0.00204	0.00204
12	0.04176	0.00808	0.01071	0.00823	0.01177	0.00720	0.00680	0.05928	0.01341	0.75563	0.01748	0.01520	0.01103	0.00564	0.00457	0.00142	0.00395	0.00454	0.00556	0.00774
13	0.01178	0.59017	0.10264	0.04342	0.08852	0.01601	0.04801	0.03065	0.00980	0.01219	0.00709	0.00849	0.00612	0.00404	0.00346	0.00112	0.00534	0.00295	0.00207	0.00613
14	0.02857	0.66489	0.07124	0.00883	0.02789	0.06312	0.00851	0.03955	0.00996	0.01202	0.00678	0.00781	0.00598	0.00405	0.00320	0.00104	0.00517	0.00264	0.00211	0.02663
15	0.01580	0.09828	0.12329	0.01066	0.01475	0.03506	0.00976	0.59000	0.01851	0.02469	0.01007	0.01040	0.00730	0.00518	0.00438	0.00134	0.00536	0.00383	0.00391	0.00741
16	0.07770	0.62550	0.06649	0.00836	0.01234	0.01664	0.00827	0.11404	0.01081	0.01408	0.00708	0.00797	0.00606	0.00418	0.00323	0.00109	0.00493	0.00273	0.00237	0.00612
17	0.03876	0.21580	0.40313	0.01172	0.03058	0.09172	0.03831	0.09275	0.01111	0.01497	0.00795	0.00918	0.00608	0.00439	0.00402	0.00131	0.00622	0.00325	0.00230	0.00646
18	0.05101	0.39385	0.35360	0.01024	0.01523	0.05428	0.01161	0.03888	0.00998	0.01341	0.00734	0.00850	0.00588	0.00421	0.00365	0.00122	0.00580	0.00293	0.00210	0.00626

[dist]
# distance from previous block
# <min> <max>
13	31

[block]
# block no. 2 follows, 56 sequences, length 22
# corresponding to MSA columns:
# 556-577
name=unknown_C
#
# <colnr> <probs for GDERKNQSTAVLIFYWHMCP>
#	G	D	E	R	K	N	Q	S	T	A	V	L	I	F	Y	W	H	M	C	P
0	0.01379	0.01103	0.01194	0.04652	0.01377	0.01253	0.00812	0.34242	0.44355	0.02289	0.01504	0.01438	0.01109	0.00586	0.00464	0.00148	0.00433	0.00470	0.00452	0.00739
1	0.05683	0.00796	0.01017	0.00814	0.01132	0.00742	0.00668	0.06130	0.07137	0.58888	0.07068	0.01796	0.01389	0.00620	0.00467	0.00146	0.00383	0.03868	0.00532	0.00725
2	0.00962	0.00830	0.01000	0.00793	0.05296	0.00637	0.00590	0.01169	0.00957	0.01496	0.00818	0.00962	0.00682	0.00344	0.00346	0.00072	0.00351	0.00279	0.00270	0.82147
3	0.00600	0.00467	0.00545	0.00526	0.00656	0.00412	0.00394	0.00771	0.01183	0.01564	0.45714	0.03885	0.39550	0.01042	0.00542	0.00149	0.00224	0.00894	0.00469	0.00412
4	0.28927	0.09097	0.01230	0.00923	0.01223	0.21842	0.00752	0.25344	0.01346	0.01959	0.00798	0.00882	0.00619	0.00484	0.00405	0.00132	0.02805	0.00315	0.00315	0.00601
5	0.00668	0.00445	0.00501	0.00501	0.00501	0.00445	0.00278	0.00668	0.00668	0.00890	0.01447	0.03004	0.01669	0.83866	0.02337	0.00445	0.00445	0.00668	0.00278	0.00278
6	0.00633	0.00469	0.00590	0.00560	0.00675	0.00426	0.00420	0.00833	0.01259	0.01745	0.68620	0.03587	0.16532	0.00974	0.00542	0.00146	0.00219	0.00852	0.00493	0.00426
7	0.01915	0.00853	0.01094	0.00846	0.01198	0.00789	0.00695	0.10794	0.07056	0.63719	0.01697	0.01498	0.01098	0.00561	0.00457	0.00140	0.00399	0.00453	0.00537	0.04201
8	0.87108	0.00888	0.00675	0.00604	0.00888	0.01030	0.00497	0.01350	0.00781	0.02060	0.00639	0.00746	0.00497	0.00426	0.00284	0.00142	0.00355	0.00249	0.00284	0.00497
9	0.87108	0.00888	0.00675	0.00604	0.00888	0.01030	0.00497	0.01350	0.00781	0.02060	0.00639	0.00746	0.00497	0.00426	0.00284	0.00142	0.00355	0.00249	0.00284	0.00497
10	0.00591	0.00467	0.00532	0.00515	0.00650	0.00408	0.00387	0.00752	0.01160	0.01509	0.38762	0.03975	0.46536	0.01062	0.00542	0.00150	0.00225	0.00907	0.00462	0.00408
11	0.01084	0.01238	0.02709	0.01935	0.02399	0.01161	0.79334	0.01471	0.01084	0.01471	0.00929	0.01238	0.00697	0.00387	0.00542	0.00155	0.00774	0.00542	0.00232	0.00619
12	0.01084	0.01238	0.02709	0.01935	0.02399	0.01161	0.79334	0.01471	0.01084	0.01471	0.00929	0.01238	0.00697	0.00387	0.00542	0.00155	0.00774	0.00542	0.00232	0.00619
13	0.01981	0.00908	0.01144	0.00877	0.01235	0.00863	0.00725	0.21655	0.01526	0.61602	0.01633	0.01447	0.01047	0.00564	0.00461	0.00141	0.00419	0.00450	0.00541	0.00781
14	0.82160	0.05685	0.00774	0.00614	0.00905	0.01075	0.00514	0.01351	0.00790	0.02003	0.00639	0.00745	0.00502	0.00424	0.00285	0.00140	0.00363	0.00248	0.00279	0.00502
15	0.01115	0.01090	0.01923	0.07333	0.68383	0.01094	0.09465	0.01402	0.01042	0.01478	0.00868	0.01152	0.00717	0.00410	0.00464	0.00139	0.00573	0.00423	0.00226	0.00704
16	0.01134	0.08834	0.01689	0.01956	0.45446	0.01078	0.04212	0.05341	0.04856	0.01549	0.00895	0.01089	0.00738	0.00409	0.00419	0.00120	0.00495	0.00375	0.00257	0.19108
17	0.01148	0.08857	0.07157	0.02234	0.55233	0.03699	0.02984	0.03019	0.02920	0.01484	0.00862	0.01081	0.00714	0.00414	0.00432	0.00129	0.00544	0.00382	0.00236	0.06471
18	0.01121	0.11872	0.36207	0.01483	0.19018	0.02492	0.01300	0.07356	0.04249	0.04444	0.02136	0.02612	0.00787	0.00470	0.00428	0.00136	0.00570	0.00383	0.00258	0.02679
19	0.12055	0.06156	0.27813	0.01559	0.24084	0.02445	0.05348	0.01385	0.00990	0.02941	0.02792	0.02409	0.02553	0.00463	0.00422	0.00136	0.00546	0.00391	0.00245	0.05267
20	0.02692	0.04995	0.14000	0.01723	0.34884	0.04185	0.02263	0.03554	0.03433	0.04869	0.06133	0.01596	0.07767	0.00542	0.00453	0.00137	0.00505	0.01951	0.00289	0.04027
21	0.05094	0.05123	0.24323	0.03321	0.21303	0.03527	0.03623	0.06933	0.01124	0.11728	0.02277	0.03856	0.02438	0.00529	0.00449	0.00143	0.00544	0.02704	0.00298	0.00662

[dist]
# distance from previous block
# <min> <max>
36	74

[block]
# block no. 3 follows, 56 sequences, length 70
# corresponding to MSA columns:
# 671-740
name=unknown_D
#
# <colnr> <probs for GDERKNQSTAVLIFYWHMCP>
#	G	D	E	R	K	N	Q	S	T	A	V	L	I	F	Y	W	H	M	C	P
0	0.05583	0.04067	0.05361	0.03529	0.04227	0.02033	0.07650	0.13241	0.10181	0.08087	0.06467	0.14788	0.05816	0.00777	0.02011	0.00160	0.00450	0.01845	0.00382	0.03344
1	0.02684	0.00704	0.00833	0.02335	0.00975	0.06841	0.04525	0.04331	0.03906	0.06974	0.03397	0.44279	0.05075	0.02651	0.00574	0.00175	0.00381	0.07112	0.00403	0.01845
2	0.09609	0.00704	0.00785	0.00776	0.02432	0.02082	0.00613	0.13507	0.01191	0.03177	0.03841	0.11320	0.20320	0.02245	0.00554	0.00173	0.00373	0.24069	0.00409	0.01821
3	0.12322	0.02977	0.03097	0.05666	0.20190	0.24712	0.10885	0.03143	0.03439	0.01448	0.00866	0.02487	0.00727	0.00489	0.00484	0.00140	0.04498	0.01584	0.00253	0.00592
4	0.09752	0.01090	0.03012	0.08564	0.23224	0.01132	0.09003	0.21052	0.09241	0.01903	0.01064	0.04188	0.00853	0.00506	0.00450	0.00142	0.00513	0.00446	0.00322	0.03541
5	0.63100	0.03175	0.00901	0.00815	0.03955	0.16043	0.00625	0.02743	0.00912	0.01839	0.00668	0.00786	0.00532	0.00442	0.00339	0.00137	0.01928	0.00269	0.00273	0.00519
6	0.00643	0.00470	0.00609	0.00612	0.00716	0.00436	0.00469	0.00834	0.01195	0.01642	0.53437	0.12135	0.11731	0.01062	0.00560	0.00160	0.00253	0.12141	0.00477	0.00421
7	0.87108	0.00888	0.00675	0.00604	0.00888	0.01030	0.00497	0.01350	0.00781	0.02060	0.00639	0.00746	0.00497	0.00426	0.00284	0.00142	0.00355	0.00249	0.00284	0.00497
8	0.05693	0.05452	0.01293	0.01038	0.02957	0.19276	0.00820	0.25236	0.11347	0.15791	0.01155	0.01157	0.00844	0.00543	0.00495	0.00138	0.05307	0.00392	0.00388	0.00678
9	0.00797	0.00399	0.00598	0.00598	0.00598	0.00399	0.00399	0.00598	0.00598	0.00797	0.00797	0.01396	0.00797	0.01595	0.01794	0.86643	0.00399	0.00399	0.00199	0.00199
10	0.00921	0.02375	0.81487	0.01309	0.01987	0.01066	0.01696	0.01454	0.00969	0.01454	0.00824	0.00969	0.00582	0.00436	0.00436	0.00145	0.00678	0.00339	0.00194	0.00678
11	0.01014	0.00951	0.01731	0.06763	0.30836	0.00927	0.23427	0.01301	0.01109	0.04407	0.16971	0.01823	0.04236	0.00557	0.00503	0.00146	0.00531	0.01852	0.00305	0.00610
12	0.00989	0.00982	0.01377	0.01185	0.01188	0.01369	0.00985	0.01092	0.00705	0.01103	0.00630	0.01040	0.00627	0.00920	0.05068	0.00225	0.79409	0.00406	0.00203	0.00498
13	0.01160	0.01024	0.01046	0.00942	0.01201	0.03665	0.00732	0.02421	0.77712	0.01896	0.01832	0.01685	0.01376	0.00618	0.00465	0.00155	0.00378	0.00512	0.00460	0.00721
14	0.01073	0.01027	0.01750	0.21490	0.62821	0.01074	0.01378	0.01354	0.01016	0.01424	0.00852	0.01157	0.00700	0.00421	0.00456	0.00140	0.00561	0.00409	0.00222	0.00676
15	0.87108	0.00888	0.00675	0.00604	0.00888	0.01030	0.00497	0.01350	0.00781	0.02060	0.00639	0.00746	0.00497	0.00426	0.00284	0.00142	0.00355	0.00249	0.00284	0.00497
16	0.00543	0.00465	0.00465	0.00465	0.00620	0.00388	0.00349	0.00659	0.01046	0.01240	0.04651	0.04418	0.80815	0.01163	0.00543	0.00155	0.00233	0.00969	0.00426	0.00388
17	0.87108	0.00888	0.00675	0.00604	0.00888	0.01030	0.00497	0.01350	0.00781	0.02060	0.00639	0.00746	0.00497	0.00426	0.00284	0.00142	0.00355	0.00249	0.00284	0.00497
18	0.04682	0.00792	0.01052	0.00814	0.01164	0.00702	0.00671	0.02217	0.04015	0.76111	0.01777	0.01542	0.01126	0.00566	0.00456	0.00143	0.00389	0.00457	0.00556	0.00771
19	0.01136	0.01091	0.01863	0.02818	0.81002	0.01091	0.01409	0.01409	0.01045	0.01500	0.00864	0.01136	0.00727	0.00409	0.00455	0.00136	0.00545	0.00409	0.00227	0.00727
20	0.00559	0.00402	0.00530	0.00633	0.00664	0.00373	0.00423	0.00640	0.00885	0.01174	0.02607	0.80712	0.05841	0.01428	0.00584	0.00185	0.00265	0.01293	0.00426	0.00373
21	0.00571	0.00408	0.00546	0.00653	0.00685	0.00383	0.00447	0.00660	0.00891	0.01185	0.02524	0.78419	0.03011	0.01427	0.00589	0.00188	0.00277	0.06335	0.00426	0.00376
22	0.00566	0.00404	0.00540	0.00647	0.00676	0.00379	0.00437	0.00650	0.00885	0.01179	0.02527	0.80739	0.03022	0.01432	0.00588	0.00187	0.00272	0.04068	0.00426	0.00375
23	0.03745	0.01220	0.02624	0.03247	0.02365	0.01155	0.75585	0.01462	0.01071	0.01484	0.00918	0.01223	0.00689	0.00389	0.00532	0.00154	0.00758	0.00530	0.00233	0.00614
24	0.00740	0.00528	0.00740	0.00845	0.00951	0.00528	0.00740	0.00951	0.01057	0.01374	0.02431	0.05179	0.02642	0.01268	0.00634	0.00211	0.00423	0.77912	0.00423	0.00423
25	0.87108	0.00888	0.00675	0.00604	0.00888	0.01030	0.00497	0.01350	0.00781	0.02060	0.00639	0.00746	0.00497	0.00426	0.00284	0.00142	0.00355	0.00249	0.00284	0.00497
26	0.00661	0.00470	0.00625	0.00625	0.00668	0.00513	0.00433	0.00747	0.00704	0.00982	0.01333	0.02375	0.01396	0.41716	0.44112	0.00599	0.00856	0.00576	0.00261	0.00347
27	0.01019	0.01712	0.36704	0.01770	0.11673	0.01112	0.36361	0.01456	0.01030	0.01467	0.00876	0.01110	0.00650	0.00411	0.00486	0.00149	0.00705	0.00438	0.00215	0.00658
28	0.00952	0.00816	0.00952	0.00680	0.01088	0.00612	0.00544	0.01156	0.00952	0.01496	0.00816	0.00952	0.00680	0.00340	0.00340	0.00068	0.00340	0.00272	0.00272	0.86672
29	0.87108	0.00888	0.00675	0.00604	0.00888	0.01030	0.00497	0.01350	0.00781	0.02060	0.00639	0.00746	0.00497	0.00426	0.00284	0.00142	0.00355	0.00249	0.00284	0.00497
30	0.01100	0.01047	0.01769	0.05728	0.71171	0.01067	0.01355	0.01365	0.01030	0.01468	0.00939	0.01356	0.00823	0.00470	0.00497	0.00143	0.03097	0.04641	0.00236	0.00695
31	0.87108	0.00888	0.00675	0.00604	0.00888	0.01030	0.00497	0.01350	0.00781	0.02060	0.00639	0.00746	0.00497	0.00426	0.00284	0.00142	0.00355	0.00249	0.00284	0.00497
32	0.00559	0.00400	0.00533	0.00639	0.00666	0.00373	0.00426	0.00639	0.00879	0.01172	0.02530	0.83566	0.03036	0.01438	0.00586	0.00186	0.00266	0.01305	0.00426	0.00373
33	0.87108	0.00888	0.00675	0.00604	0.00888	0.01030	0.00497	0.01350	0.00781	0.02060	0.00639	0.00746	0.00497	0.00426	0.00284	0.00142	0.00355	0.00249	0.00284	0.00497
34	0.01129	0.01083	0.01850	0.05042	0.78836	0.01089	0.01405	0.01402	0.01042	0.01491	0.00862	0.01139	0.00724	0.00410	0.00455	0.00137	0.00547	0.00409	0.00227	0.00721
35	0.01241	0.40665	0.06177	0.01279	0.06772	0.06257	0.20406	0.08049	0.02599	0.01395	0.00801	0.00954	0.00656	0.00417	0.00398	0.00123	0.00593	0.00357	0.00237	0.00625
36	0.00559	0.00400	0.00533	0.00639	0.00666	0.00373	0.00426	0.00639	0.00879	0.01172	0.02530	0.83566	0.03036	0.01438	0.00586	0.00186	0.00266	0.01305	0.00426	0.00373
37	0.01084	0.01238	0.02709	0.01935	0.02399	0.01161	0.79334	0.01471	0.01084	0.01471	0.00929	0.01238	0.00697	0.00387	0.00542	0.00155	0.00774	0.00542	0.00232	0.00619
38	0.87108	0.00888	0.00675	0.00604	0.00888	0.01030	0.00497	0.01350	0.00781	0.02060	0.00639	0.00746	0.00497	0.00426	0.00284	0.00142	0.00355	0.00249	0.00284	0.00497
39	0.00554	0.00477	0.00497	0.03301	0.00708	0.00409	0.00381	0.00677	0.01042	0.01238	0.04519	0.04308	0.78051	0.01138	0.00540	0.00155	0.00246	0.00950	0.00419	0.00392
40	0.01651	0.01211	0.01413	0.01090	0.01445	0.02759	0.07133	0.60061	0.03590	0.09081	0.01222	0.03782	0.00914	0.00579	0.00472	0.00142	0.00511	0.01755	0.00444	0.00744
41	0.01800	0.00888	0.01300	0.00993	0.01341	0.03033	0.12120	0.02051	0.04402	0.59888	0.04478	0.01557	0.01173	0.00559	0.00495	0.00145	0.02064	0.00483	0.00497	0.00731
42	0.00952	0.00816	0.00952	0.00680	0.01088	0.00612	0.00544	0.01156	0.00952	0.01496	0.00816	0.00952	0.00680	0.00340	0.00340	0.00068	0.00340	0.00272	0.00272	0.86672
43	0.00630	0.00469	0.00587	0.00557	0.00674	0.00425	0.00418	0.00829	0.01254	0.01732	0.66987	0.03608	0.18172	0.00979	0.00542	0.00146	0.00219	0.00855	0.00491	0.00425
44	0.00942	0.02223	0.70991	0.01392	0.02042	0.01079	0.12040	0.01456	0.00985	0.01456	0.00838	0.01005	0.00597	0.00430	0.00450	0.00147	0.00691	0.00366	0.00199	0.00671
45	0.02060	0.00781	0.01065	0.00817	0.01172	0.00675	0.00675	0.02237	0.01314	0.81320	0.01811	0.01563	0.01136	0.00568	0.00462	0.00142	0.00391	0.00462	0.00568	0.00781
46	0.01057	0.01067	0.01486	0.07253	0.05368	0.05038	0.07556	0.01352	0.10489	0.01260	0.00818	0.01125	0.00714	0.00687	0.01121	0.00181	0.52213	0.00424	0.00239	0.00552
47	0.00592	0.00424	0.00559	0.00616	0.00670	0.00395	0.00426	0.00717	0.01017	0.01393	0.28966	0.54942	0.03449	0.02827	0.00604	0.00177	0.00253	0.01132	0.00450	0.00391
48	0.00867	0.00816	0.01377	0.82762	0.03162	0.01020	0.01275	0.01173	0.00918	0.01173	0.00816	0.01224	0.00612	0.00459	0.00459	0.00153	0.00612	0.00408	0.00204	0.00510
49	0.01120	0.01075	0.01835	0.07506	0.76437	0.01087	0.01401	0.01395	0.01038	0.01481	0.00861	0.01141	0.00720	0.00412	0.00455	0.00137	0.00549	0.00409	0.00226	0.00714
50	0.87108	0.00888	0.00675	0.00604	0.00888	0.01030	0.00497	0.01350	0.00781	0.02060	0.00639	0.00746	0.00497	0.00426	0.00284	0.00142	0.00355	0.00249	0.00284	0.00497
51	0.00867	0.00816	0.01377	0.82762	0.03162	0.01020	0.01275	0.01173	0.00918	0.01173	0.00816	0.01224	0.00612	0.00459	0.00459	0.00153	0.00612	0.00408	0.00204	0.00510
52	0.87108	0.00888	0.00675	0.00604	0.00888	0.01030	0.00497	0.01350	0.00781	0.02060	0.00639	0.00746	0.00497	0.00426	0.00284	0.00142	0.00355	0.00249	0.00284	0.00497
53	0.02060	0.00781	0.01065	0.00817	0.01172	0.00675	0.00675	0.02237	0.01314	0.81320	0.01811	0.01563	0.01136	0.00568	0.00462	0.00142	0.00391	0.00462	0.00568	0.00781
54	0.00543	0.00465	0.00465	0.00465	0.00620	0.00388	0.00349	0.00659	0.01046	0.01240	0.04651	0.04418	0.80815	0.01163	0.00543	0.00155	0.00233	0.00969	0.00426	0.00388
55	0.87108	0.00888	0.00675	0.00604	0.00888	0.01030	0.00497	0.01350	0.00781	0.02060	0.00639	0.00746	0.00497	0.00426	0.00284	0.00142	0.00355	0.00249	0.00284	0.00497
56	0.02060	0.00781	0.01065	0.00817	0.01172	0.00675	0.00675	0.02237	0.01314	0.81320	0.01811	0.01563	0.01136	0.00568	0.00462	0.00142	0.00391	0.00462	0.00568	0.00781
57	0.00656	0.00492	0.00738	0.00738	0.00820	0.00574	0.00574	0.00820	0.00738	0.01066	0.01230	0.01804	0.01148	0.03443	0.82046	0.00738	0.01230	0.00492	0.00246	0.00410
58	0.87108	0.00888	0.00675	0.00604	0.00888	0.01030	0.00497	0.01350	0.00781	0.02060	0.00639	0.00746	0.00497	0.00426	0.00284	0.00142	0.00355	0.00249	0.00284	0.00497
59	0.00958	0.00824	0.00964	0.00697	0.01093	0.00642	0.00558	0.01186	0.02879	0.01498	0.00837	0.00972	0.00696	0.00357	0.00368	0.00073	0.02101	0.00281	0.00275	0.82742
60	0.00921	0.02375	0.81487	0.01309	0.01987	0.01066	0.01696	0.01454	0.00969	0.01454	0.00824	0.00969	0.00582	0.00436	0.00436	0.00145	0.00678	0.00339	0.00194	0.00678
61	0.01209	0.01060	0.01671	0.07374	0.58142	0.01093	0.01254	0.06781	0.09609	0.05738	0.01033	0.01223	0.00817	0.00453	0.00457	0.00140	0.00519	0.00424	0.00285	0.00720
62	0.09621	0.00853	0.01114	0.03432	0.16100	0.00855	0.00780	0.09011	0.07596	0.25659	0.07972	0.05483	0.02624	0.01739	0.00476	0.00146	0.00403	0.00506	0.02632	0.02999
63	0.01430	0.00885	0.01271	0.01042	0.04685	0.00824	0.11523	0.01860	0.16613	0.32933	0.01557	0.04296	0.02495	0.00547	0.00457	0.00135	0.00429	0.00486	0.00427	0.16106
64	0.01283	0.01128	0.01664	0.03373	0.44553	0.03006	0.06099	0.20651	0.04763	0.03264	0.03707	0.02481	0.00926	0.00490	0.00466	0.00140	0.00532	0.00449	0.00313	0.00711
65	0.00689	0.00565	0.00770	0.00850	0.09840	0.00514	0.02351	0.00868	0.01115	0.01509	0.32555	0.14714	0.24494	0.00974	0.00530	0.00150	0.00288	0.02056	0.00422	0.04747
66	0.13947	0.00828	0.02519	0.00774	0.01113	0.00727	0.02440	0.03065	0.02591	0.31383	0.02678	0.01616	0.04051	0.00550	0.00418	0.00127	0.00381	0.05409	0.00408	0.24975
67	0.13164	0.22704	0.26907	0.01391	0.17158	0.01254	0.05885	0.01414	0.02232	0.01458	0.00842	0.00994	0.01894	0.00430	0.00391	0.00132	0.00553	0.00341	0.00224	0.00632
68	0.03108	0.00946	0.02930	0.03122	0.39779	0.00916	0.08984	0.03100	0.05204	0.02941	0.05896	0.11766	0.06656	0.00633	0.00485	0.00147	0.00477	0.00595	0.00307	0.02009
69	0.06890	0.03731	0.10694	0.06266	0.45950	0.01040	0.03930	0.01426	0.02574	0.05802	0.03217	0.01257	0.02667	0.00458	0.00442	0.00138	0.00525	0.00417	0.00261	0.02315

[dist]
# distance from previous block
# <min> <max>
5	17

[block]
# block no. 4 follows, 56 sequences, length 12
# corresponding to MSA columns:
# 760-771
name=unknown_E
#
# <colnr> <probs for GDERKNQSTAVLIFYWHMCP>
#	G	D	E	R	K	N	Q	S	T	A	V	L	I	F	Y	W	H	M	C	P
0	0.10133	0.09749	0.39943	0.05063	0.08074	0.01146	0.04113	0.09523	0.01085	0.02815	0.00970	0.01101	0.03416	0.00467	0.00419	0.00140	0.00578	0.00368	0.00249	0.00647
1	0.11416	0.10100	0.10762	0.01032	0.11207	0.04430	0.00780	0.05211	0.04689	0.01470	0.07702	0.04737	0.01292	0.19275	0.00845	0.00204	0.00466	0.00486	0.00294	0.03603
2	0.04902	0.07505	0.13455	0.05982	0.30625	0.01067	0.04231	0.05038	0.06657	0.06812	0.02233	0.05114	0.03343	0.00524	0.00447	0.00141	0.00513	0.00460	0.00290	0.00659
3	0.06597	0.09407	0.26858	0.01321	0.14228	0.03138	0.04522	0.03910	0.01080	0.11491	0.05608	0.01274	0.00947	0.00486	0.00428	0.00135	0.00533	0.01973	0.00290	0.05773
4	0.12873	0.04740	0.03784	0.06892	0.41141	0.01044	0.05226	0.04508	0.01040	0.01586	0.03662	0.04797	0.00946	0.00500	0.00437	0.00140	0.00502	0.02284	0.00265	0.03634
5	0.03107	0.05982	0.09788	0.00981	0.07415	0.02560	0.02365	0.06512	0.07409	0.01540	0.11516	0.23576	0.05721	0.00854	0.00494	0.00153	0.00400	0.04708	0.00367	0.04551
6	0.01456	0.03740	0.01448	0.03539	0.09833	0.07288	0.04798	0.41224	0.04684	0.03961	0.01046	0.01172	0.00799	0.00774	0.07345	0.00191	0.05234	0.00416	0.00362	0.00686
7	0.04857	0.01246	0.02144	0.04259	0.23216	0.09601	0.42274	0.01453	0.01072	0.01450	0.00921	0.03647	0.00754	0.00438	0.00493	0.00146	0.00680	0.00487	0.00239	0.00623
8	0.00797	0.00399	0.00598	0.00598	0.00598	0.00399	0.00399	0.00598	0.00598	0.00797	0.00797	0.01396	0.00797	0.01595	0.01794	0.86643	0.00399	0.00399	0.00199	0.00199
9	0.01008	0.00947	0.01571	0.46642	0.29145	0.01068	0.03941	0.04041	0.04556	0.01386	0.00893	0.01213	0.00695	0.00450	0.00461	0.00147	0.00580	0.00418	0.00233	0.00606
10	0.01108	0.01062	0.01813	0.11109	0.72929	0.01083	0.01395	0.01384	0.01032	0.01466	0.00859	0.01145	0.00715	0.00414	0.00455	0.00138	0.00552	0.00409	0.00225	0.00705
11	0.19577	0.13046	0.08104	0.01044	0.06941	0.09199	0.00854	0.18202	0.09028	0.06240	0.03006	0.01084	0.00825	0.00493	0.00395	0.00134	0.00493	0.00360	0.00332	0.00642

[dist]
# distance from previous block
# <min> <max>
0	12

[block]
# block no. 5 follows, 56 sequences, length 22
# corresponding to MSA columns:
# 784-805
name=unknown_F
#
# <colnr> <probs for GDERKNQSTAVLIFYWHMCP>
#	G	D	E	R	K	N	Q	S	T	A	V	L	I	F	Y	W	H	M	C	P
0	0.01283	0.01245	0.04164	0.02024	0.42936	0.09919	0.03124	0.09741	0.03050	0.05492	0.00908	0.01114	0.00732	0.00497	0.00595	0.00145	0.11677	0.00403	0.00271	0.00680
1	0.07334	0.01134	0.01688	0.05050	0.57261	0.05793	0.03668	0.05991	0.01106	0.03196	0.00871	0.01099	0.00708	0.00425	0.00440	0.00135	0.00547	0.00393	0.00253	0.02910
2	0.12430	0.00873	0.01093	0.06034	0.16617	0.00930	0.00792	0.13614	0.11846	0.04480	0.20277	0.01898	0.05950	0.00637	0.00460	0.00144	0.00393	0.00535	0.00390	0.00606
3	0.04309	0.01041	0.01538	0.42994	0.24887	0.08619	0.05692	0.01323	0.00995	0.01323	0.00834	0.01155	0.00655	0.00442	0.00449	0.00144	0.00605	0.00400	0.02018	0.00578
4	0.00680	0.00528	0.00798	0.05638	0.00972	0.00628	0.00630	0.00850	0.00747	0.01073	0.01185	0.01743	0.01098	0.03180	0.74567	0.00686	0.03854	0.00484	0.00242	0.00419
5	0.00837	0.00635	0.00763	0.00744	0.03407	0.03176	0.00537	0.08205	0.01067	0.03356	0.19105	0.02516	0.11242	0.14246	0.24188	0.00360	0.01646	0.00629	0.02889	0.00452
6	0.00657	0.00485	0.00701	0.00700	0.00772	0.00551	0.00529	0.00801	0.00751	0.01073	0.04409	0.02029	0.01344	0.14154	0.68104	0.00675	0.01084	0.00529	0.00261	0.00393
7	0.01043	0.00992	0.01673	0.28376	0.53003	0.01050	0.01333	0.01324	0.01001	0.01395	0.00846	0.01157	0.00688	0.00422	0.00452	0.00139	0.00559	0.00404	0.00221	0.03921
8	0.01597	0.09577	0.01427	0.01010	0.01362	0.01418	0.00841	0.59359	0.14443	0.02556	0.01177	0.01163	0.00860	0.00547	0.00444	0.00137	0.00481	0.00413	0.00434	0.00753
9	0.00930	0.00534	0.00686	0.00611	0.00778	0.00477	0.00471	0.01123	0.01265	0.18449	0.52750	0.03186	0.15140	0.00894	0.00525	0.00145	0.00256	0.00774	0.00507	0.00499
10	0.01190	0.39944	0.30681	0.01066	0.01563	0.01381	0.07219	0.01497	0.00996	0.09320	0.00846	0.00942	0.00650	0.00426	0.00381	0.00124	0.00570	0.00324	0.00236	0.00643
11	0.01094	0.40873	0.30674	0.01168	0.01674	0.01437	0.14463	0.01419	0.00971	0.01280	0.00754	0.00905	0.00605	0.00407	0.00387	0.00125	0.00606	0.00329	0.00202	0.00626
12	0.00639	0.00469	0.00599	0.00566	0.00679	0.00429	0.00425	0.00846	0.01274	0.01781	0.73212	0.03527	0.11917	0.00961	0.00542	0.00145	0.00218	0.00844	0.00498	0.00429
13	0.00550	0.00435	0.00497	0.00546	0.00641	0.00381	0.00385	0.00650	0.00968	0.01208	0.03663	0.41301	0.44570	0.01291	0.00563	0.00170	0.00248	0.01126	0.00426	0.00381
14	0.01026	0.07685	0.63403	0.01307	0.01925	0.01103	0.09387	0.01497	0.00999	0.06214	0.00881	0.01016	0.00627	0.00436	0.00439	0.00143	0.00658	0.00361	0.00220	0.00673
15	0.01113	0.24418	0.16635	0.01825	0.30793	0.01300	0.14844	0.01418	0.01007	0.01370	0.00805	0.01013	0.00657	0.00406	0.00422	0.00131	0.00594	0.00374	0.00213	0.00661
16	0.67219	0.02916	0.00887	0.00724	0.01026	0.03931	0.02799	0.10277	0.00985	0.04655	0.00741	0.00829	0.00561	0.00445	0.00322	0.00140	0.00405	0.00284	0.00308	0.00545
17	0.01078	0.03377	0.01638	0.07550	0.56409	0.03543	0.01208	0.01312	0.01003	0.01398	0.00974	0.01245	0.03323	0.00589	0.03381	0.02956	0.02593	0.00413	0.00233	0.05777
18	0.01000	0.03500	0.01415	0.07472	0.23771	0.02547	0.09656	0.05433	0.07064	0.01462	0.01288	0.16827	0.01241	0.03869	0.02637	0.00169	0.00504	0.00593	0.00300	0.09252
19	0.07166	0.01040	0.03880	0.07610	0.16330	0.01033	0.02361	0.15606	0.13314	0.01809	0.01032	0.01162	0.00805	0.00529	0.02148	0.00140	0.02390	0.00385	0.00318	0.20943
20	0.15518	0.01169	0.07226	0.04070	0.03566	0.13556	0.04634	0.05366	0.02527	0.02994	0.01136	0.01528	0.03678	0.00604	0.02260	0.00143	0.00517	0.08158	0.00295	0.21056
21	0.01167	0.01131	0.02424	0.10527	0.04457	0.18424	0.03324	0.06050	0.04335	0.05977	0.05129	0.02956	0.01065	0.07248	0.10364	0.00242	0.13896	0.00462	0.00290	0.00533

[dist]
# distance from previous block
# <min> <max>
3	7

[block]
# block no. 6 follows, 56 sequences, length 30
# corresponding to MSA columns:
# 814-843
name=unknown_G
#
# <colnr> <probs for GDERKNQSTAVLIFYWHMCP>
#	G	D	E	R	K	N	Q	S	T	A	V	L	I	F	Y	W	H	M	C	P
0	0.03769	0.09205	0.01301	0.00958	0.01251	0.16243	0.00773	0.37056	0.04070	0.05589	0.01075	0.02332	0.00867	0.06356	0.05608	0.00189	0.00585	0.00409	0.00364	0.01998
1	0.04714	0.01391	0.01308	0.01222	0.09512	0.19808	0.00885	0.33619	0.19143	0.02097	0.01141	0.01165	0.00859	0.00530	0.00444	0.00137	0.00546	0.00403	0.00380	0.00696
2	0.01119	0.11145	0.38328	0.01574	0.18636	0.10054	0.05262	0.03006	0.02834	0.01419	0.00830	0.00996	0.00643	0.00439	0.00444	0.00137	0.01899	0.00355	0.00219	0.00660
3	0.00636	0.00456	0.00576	0.00644	0.00727	0.00423	0.00481	0.00755	0.00965	0.03051	0.02976	0.40731	0.22084	0.04280	0.00647	0.00193	0.00304	0.19254	0.00423	0.00394
4	0.11455	0.02916	0.01111	0.00870	0.01163	0.03162	0.00709	0.40324	0.04054	0.08994	0.18822	0.01620	0.01577	0.00621	0.00453	0.00139	0.00418	0.00487	0.00447	0.00658
5	0.01150	0.01192	0.01662	0.25376	0.43467	0.14011	0.03831	0.01411	0.01051	0.01345	0.00827	0.01115	0.00672	0.00433	0.00452	0.00139	0.00617	0.00395	0.00222	0.00630
6	0.00696	0.00460	0.00572	0.00544	0.00652	0.00432	0.00408	0.00912	0.01225	0.01812	0.63135	0.03047	0.03630	0.00849	0.00492	0.00136	0.00216	0.00741	0.19608	0.00432
7	0.01146	0.01120	0.01522	0.03418	0.46836	0.08723	0.01101	0.01485	0.08402	0.01496	0.00931	0.01121	0.00764	0.00421	0.00426	0.00122	0.00511	0.00378	0.00260	0.19817
8	0.00650	0.00469	0.00614	0.00578	0.00686	0.00433	0.00433	0.00866	0.01300	0.01841	0.80760	0.03429	0.04332	0.00939	0.00541	0.00144	0.00217	0.00830	0.00505	0.00433
9	0.00619	0.00531	0.00538	0.00525	0.00693	0.00483	0.00397	0.00885	0.11078	0.01326	0.04298	0.04075	0.70748	0.01094	0.00533	0.00155	0.00249	0.00912	0.00431	0.00431
10	0.01227	0.84142	0.02406	0.00786	0.01178	0.01817	0.00786	0.01375	0.00933	0.01080	0.00638	0.00736	0.00589	0.00393	0.00295	0.00098	0.00491	0.00245	0.00196	0.00589
11	0.00729	0.00521	0.00728	0.00833	0.00935	0.00519	0.00722	0.00933	0.01047	0.01362	0.02437	0.09736	0.02665	0.01278	0.00631	0.00210	0.00414	0.73457	0.00423	0.00420
12	0.01142	0.00986	0.01038	0.00934	0.01194	0.01142	0.00727	0.02440	0.80172	0.01920	0.01869	0.01713	0.01401	0.00623	0.00467	0.00156	0.00363	0.00519	0.00467	0.00727
13	0.67993	0.00920	0.00834	0.00857	0.08584	0.01050	0.00613	0.01493	0.10871	0.01989	0.00817	0.00906	0.00634	0.00449	0.00324	0.00143	0.00374	0.00298	0.00302	0.00548
14	0.00954	0.00830	0.01036	0.07752	0.05470	0.00672	0.00652	0.01171	0.00954	0.01469	0.00818	0.00985	0.00677	0.00354	0.00356	0.00079	0.00374	0.00291	0.00264	0.74843
15	0.01031	0.02197	0.65698	0.01474	0.02111	0.01125	0.16365	0.01509	0.01041	0.01530	0.00923	0.01129	0.00679	0.00479	0.00490	0.00161	0.00720	0.00404	0.00229	0.00706
16	0.01118	0.01157	0.02252	0.04389	0.33945	0.01127	0.41980	0.04138	0.01099	0.01528	0.00914	0.01200	0.00717	0.00406	0.00498	0.00146	0.00660	0.00479	0.01586	0.00662
17	0.00908	0.00858	0.01452	0.70473	0.15128	0.01031	0.01296	0.01209	0.00938	0.01223	0.00823	0.01211	0.00630	0.00451	0.00458	0.00150	0.00602	0.00408	0.00208	0.00543
18	0.00711	0.00552	0.00657	0.00616	0.00757	0.00540	0.00466	0.01085	0.13930	0.01754	0.55491	0.03317	0.16516	0.00925	0.00530	0.00148	0.00243	0.00803	0.00486	0.00473
19	0.00583	0.00410	0.00526	0.00608	0.00629	0.00389	0.00393	0.00646	0.00832	0.01109	0.02289	0.65653	0.02732	0.19767	0.00975	0.00244	0.00306	0.01163	0.00393	0.00352
20	0.01723	0.01275	0.01366	0.01052	0.01415	0.01414	0.00867	0.76696	0.04969	0.02858	0.01130	0.01124	0.00803	0.00554	0.00460	0.00138	0.00500	0.00417	0.00460	0.00779
21	0.81843	0.00912	0.00718	0.00632	0.00921	0.01054	0.00520	0.06168	0.00866	0.02111	0.00668	0.00768	0.00515	0.00434	0.00295	0.00142	0.00364	0.00259	0.00295	0.00515
22	0.00656	0.00492	0.00738	0.00738	0.00820	0.00574	0.00574	0.00820	0.00738	0.01066	0.01230	0.01804	0.01148	0.03443	0.82046	0.00738	0.01230	0.00492	0.00246	0.00410
23	0.01012	0.01027	0.01531	0.01275	0.01319	0.01383	0.08491	0.01140	0.00739	0.01140	0.00634	0.01027	0.00612	0.00764	0.01414	0.00196	0.75164	0.00415	0.00204	0.00513
24	0.01938	0.00835	0.01118	0.00870	0.01192	0.00793	0.00719	0.07156	0.01311	0.68548	0.01650	0.01479	0.01062	0.00590	0.00561	0.00147	0.08296	0.00453	0.00526	0.00755
25	0.00794	0.00485	0.00594	0.00605	0.00731	0.00427	0.00438	0.00903	0.01010	0.14074	0.03183	0.41726	0.30900	0.01199	0.00550	0.00168	0.00274	0.01048	0.00449	0.00444
26	0.23151	0.00854	0.00989	0.12573	0.01356	0.00917	0.00716	0.17175	0.01222	0.20998	0.01343	0.14390	0.01132	0.00653	0.00436	0.00150	0.00417	0.00526	0.00399	0.00604
27	0.46091	0.00941	0.01213	0.02888	0.06208	0.00993	0.15345	0.03531	0.00982	0.12788	0.02972	0.02518	0.00790	0.00472	0.00388	0.00145	0.00455	0.00384	0.00321	0.00577
28	0.12663	0.00971	0.01363	0.06373	0.16256	0.03980	0.11292	0.07842	0.04183	0.16238	0.03907	0.08328	0.02297	0.00578	0.00458	0.00146	0.00485	0.00512	0.00354	0.01775
29	0.01163	0.01041	0.01919	0.15013	0.27944	0.01045	0.27374	0.01491	0.03098	0.10294	0.03133	0.01306	0.00855	0.00453	0.00503	0.00148	0.01819	0.00473	0.00276	0.00651

[dist]
# distance from previous block
# <min> <max>
7	19

[block]
# block no. 7 follows, 56 sequences, length 77
# corresponding to MSA columns:
# 866-942
name=unknown_H
#
# <colnr> <probs for GDERKNQSTAVLIFYWHMCP>
#	G	D	E	R	K	N	Q	S	T	A	V	L	I	F	Y	W	H	M	C	P
0	0.04718	0.13264	0.08515	0.13503	0.16089	0.01194	0.02320	0.05335	0.07237	0.05224	0.00909	0.01095	0.00722	0.00497	0.00560	0.00141	0.11616	0.00375	0.00265	0.06421
1	0.01173	0.01054	0.01663	0.16005	0.54365	0.02915	0.01282	0.06421	0.02395	0.04917	0.00961	0.01265	0.00782	0.00459	0.00459	0.00141	0.00548	0.02248	0.00261	0.00685
2	0.02987	0.07695	0.12335	0.01659	0.28885	0.01133	0.04963	0.11102	0.07764	0.09191	0.01120	0.01231	0.02613	0.00487	0.00471	0.00138	0.02761	0.00414	0.00307	0.02744
3	0.04413	0.00643	0.00813	0.01944	0.12558	0.00660	0.00579	0.04266	0.06140	0.04923	0.04519	0.08695	0.01445	0.17646	0.03666	0.00218	0.00391	0.00563	0.24614	0.01306
4	0.03145	0.02694	0.01134	0.07462	0.07706	0.00959	0.02448	0.15057	0.20405	0.09317	0.14814	0.02880	0.04323	0.00641	0.00470	0.00144	0.00402	0.01293	0.02466	0.02240
5	0.03399	0.01647	0.01189	0.03545	0.01324	0.51351	0.00832	0.01628	0.04670	0.04211	0.06032	0.01169	0.00935	0.00783	0.07076	0.00182	0.08848	0.00375	0.00274	0.00529
6	0.00668	0.00445	0.00501	0.00501	0.00501	0.00445	0.00278	0.00668	0.00668	0.00890	0.01447	0.03004	0.01669	0.83866	0.02337	0.00445	0.00445	0.00668	0.00278	0.00278
7	0.01713	0.06217	0.05011	0.01006	0.01379	0.02820	0.09392	0.10347	0.09419	0.45543	0.01501	0.01398	0.01005	0.00533	0.00458	0.00141	0.00472	0.00448	0.00461	0.00735
8	0.00758	0.00460	0.00618	0.00675	0.00752	0.00425	0.00483	0.00868	0.00969	0.10739	0.06729	0.62681	0.02848	0.01293	0.00573	0.00181	0.00292	0.07781	0.00447	0.00429
9	0.00956	0.00820	0.00954	0.00686	0.01090	0.00624	0.00548	0.01185	0.02733	0.01506	0.00840	0.00969	0.00696	0.00346	0.00343	0.00070	0.00341	0.00278	0.00276	0.84740
10	0.00962	0.02249	0.74067	0.01338	0.03501	0.01066	0.03557	0.01467	0.00977	0.03618	0.00849	0.00996	0.00603	0.00446	0.00463	0.00147	0.02462	0.00350	0.00206	0.00677
11	0.00557	0.00407	0.00525	0.00620	0.00661	0.00375	0.00417	0.00641	0.00898	0.01180	0.02769	0.74663	0.11785	0.01407	0.00581	0.00183	0.00263	0.01267	0.00426	0.00375
12	0.00945	0.00923	0.01676	0.02480	0.01644	0.00914	0.36876	0.01420	0.15741	0.01499	0.03755	0.14531	0.01593	0.00748	0.00548	0.00169	0.00547	0.13083	0.00343	0.00564
13	0.01000	0.00997	0.01397	0.01199	0.01200	0.01395	0.00998	0.01101	0.00704	0.01104	0.00611	0.01016	0.00610	0.00841	0.02635	0.00208	0.81879	0.00403	0.00202	0.00501
14	0.01715	0.02188	0.01301	0.01183	0.01419	0.82022	0.00887	0.01833	0.01301	0.01124	0.00710	0.00828	0.00591	0.00473	0.00414	0.00118	0.00828	0.00296	0.00237	0.00532
15	0.00559	0.00400	0.00533	0.00639	0.00666	0.00373	0.00426	0.00639	0.00879	0.01172	0.02530	0.83566	0.03036	0.01438	0.00586	0.00186	0.00266	0.01305	0.00426	0.00373
16	0.01407	0.24925	0.08180	0.01192	0.01549	0.35663	0.13376	0.04794	0.02520	0.01278	0.00769	0.00905	0.00628	0.00440	0.00405	0.00122	0.00692	0.00333	0.00234	0.00587
17	0.00608	0.00460	0.00619	0.00674	0.00741	0.00435	0.02580	0.00761	0.04005	0.01275	0.08936	0.63142	0.08939	0.01311	0.00575	0.00179	0.00282	0.03648	0.00429	0.00401
18	0.00593	0.00453	0.00602	0.00651	0.00730	0.00416	0.02576	0.00712	0.00969	0.01266	0.09180	0.51168	0.19487	0.01296	0.00576	0.00178	0.00283	0.08041	0.00427	0.00392
19	0.00681	0.00471	0.00620	0.00597	0.00702	0.00435	0.00445	0.00880	0.01247	0.03995	0.67994	0.12642	0.04060	0.00992	0.00546	0.00150	0.00231	0.02380	0.00496	0.00436
20	0.03864	0.44612	0.15967	0.01033	0.03641	0.11968	0.03099	0.06370	0.03238	0.01340	0.00757	0.00864	0.00626	0.00428	0.00361	0.00117	0.00570	0.00299	0.00230	0.00615
21	0.00791	0.00586	0.00827	0.00827	0.00968	0.00583	0.05560	0.05008	0.01086	0.01464	0.04126	0.08669	0.09146	0.01200	0.04427	0.00211	0.00436	0.44869	0.08769	0.00448
22	0.01024	0.00545	0.00565	0.00547	0.00670	0.00533	0.00406	0.01198	0.01046	0.04594	0.01597	0.01843	0.01267	0.00620	0.00406	0.00133	0.02093	0.00467	0.79939	0.00506
23	0.00921	0.02375	0.81487	0.01309	0.01987	0.01066	0.01696	0.01454	0.00969	0.01454	0.00824	0.00969	0.00582	0.00436	0.00436	0.00145	0.00678	0.00339	0.00194	0.00678
24	0.01079	0.01268	0.04771	0.01919	0.02389	0.01159	0.77302	0.01470	0.01081	0.01470	0.00926	0.01231	0.00694	0.00388	0.00539	0.00155	0.00771	0.00536	0.00231	0.00621
25	0.01272	0.65458	0.05857	0.00916	0.01314	0.07169	0.05751	0.03356	0.01009	0.03269	0.00712	0.00815	0.00615	0.00408	0.00333	0.00107	0.00538	0.00281	0.00217	0.00601
26	0.00543	0.00465	0.00465	0.00465	0.00620	0.00388	0.00349	0.00659	0.01046	0.01240	0.04651	0.04418	0.80815	0.01163	0.00543	0.00155	0.00233	0.00969	0.00426	0.00388
27	0.00550	0.00465	0.00476	0.00473	0.00625	0.00391	0.00355	0.00674	0.01064	0.01283	0.10064	0.04348	0.75375	0.01147	0.00543	0.00154	0.00231	0.00959	0.00432	0.00391
28	0.01293	0.03375	0.03875	0.11496	0.05428	0.01084	0.34617	0.07315	0.08676	0.16350	0.01167	0.01307	0.00836	0.00466	0.00491	0.00148	0.00605	0.00480	0.00328	0.00663
29	0.01284	0.01493	0.01023	0.00967	0.02663	0.46567	0.00711	0.04916	0.02922	0.01262	0.01955	0.08786	0.22123	0.00743	0.00467	0.00136	0.00593	0.00572	0.00318	0.00499
30	0.03715	0.60477	0.04284	0.00820	0.01197	0.06486	0.00786	0.01523	0.01016	0.13091	0.02394	0.00925	0.00742	0.00437	0.00335	0.00109	0.00493	0.00295	0.00263	0.00611
31	0.01030	0.01002	0.01570	0.49384	0.21537	0.05276	0.06362	0.04429	0.02455	0.01350	0.00860	0.01187	0.00665	0.00450	0.00461	0.00147	0.00609	0.00413	0.00228	0.00585
32	0.02560	0.03146	0.15597	0.23001	0.13881	0.07288	0.10310	0.05982	0.02239	0.08434	0.00975	0.01232	0.00739	0.00473	0.00458	0.00145	0.00609	0.02036	0.00268	0.00628
33	0.00910	0.00955	0.11464	0.03409	0.08634	0.00817	0.04907	0.01426	0.21842	0.03848	0.01823	0.25203	0.03012	0.00920	0.02448	0.00179	0.00446	0.06815	0.00372	0.00572
34	0.00952	0.00910	0.01433	0.48778	0.08282	0.03850	0.08950	0.01297	0.05893	0.01307	0.01037	0.01348	0.02976	0.00501	0.00511	0.00150	0.04688	0.00441	0.06153	0.00542
35	0.02693	0.01147	0.10937	0.00999	0.01215	0.12697	0.03967	0.03072	0.04187	0.06766	0.01217	0.03232	0.04325	0.02908	0.24481	0.00331	0.14554	0.00465	0.00279	0.00529
36	0.03897	0.00996	0.01026	0.00869	0.01134	0.11193	0.00685	0.16116	0.07840	0.30225	0.03304	0.12702	0.01377	0.02046	0.00500	0.00151	0.00441	0.02345	0.02504	0.00649
37	0.03461	0.04030	0.28996	0.02586	0.07954	0.09378	0.10405	0.19754	0.04148	0.01773	0.00916	0.01050	0.00683	0.00473	0.00470	0.00142	0.02446	0.00385	0.00280	0.00673
38	0.01257	0.71886	0.06890	0.00840	0.01247	0.01737	0.00846	0.08470	0.01046	0.01266	0.00691	0.00783	0.00606	0.00410	0.00318	0.00105	0.00503	0.00266	0.00220	0.00612
39	0.00932	0.01116	0.12788	0.52367	0.12093	0.01052	0.10599	0.01275	0.00960	0.01286	0.00836	0.01180	0.00631	0.00441	0.00465	0.00150	0.00633	0.00414	0.00209	0.00572
40	0.00770	0.00763	0.06285	0.00876	0.02888	0.00647	0.11141	0.03054	0.04803	0.02633	0.15902	0.12587	0.28448	0.02859	0.02055	0.00174	0.01685	0.01558	0.00388	0.00484
41	0.00822	0.00692	0.05578	0.03057	0.02229	0.00589	0.03841	0.01125	0.06895	0.07704	0.44671	0.04820	0.14433	0.00857	0.00521	0.00148	0.00311	0.00751	0.00451	0.00502
42	0.01435	0.00768	0.01018	0.00832	0.01100	0.00739	0.04347	0.08169	0.10335	0.36208	0.20441	0.02159	0.01951	0.02451	0.00529	0.00153	0.00372	0.03908	0.02434	0.00651
43	0.00563	0.00408	0.00533	0.00631	0.00670	0.00378	0.00428	0.00649	0.00897	0.01182	0.02693	0.75415	0.09067	0.01413	0.00584	0.00185	0.00268	0.03237	0.00426	0.00375
44	0.00992	0.01915	0.51066	0.02930	0.10514	0.04619	0.11240	0.01449	0.03020	0.01435	0.00923	0.04216	0.00729	0.00481	0.00482	0.00148	0.02555	0.00415	0.00220	0.00652
45	0.01284	0.01100	0.01747	0.13494	0.01922	0.07400	0.29685	0.07319	0.01159	0.15489	0.01223	0.01392	0.04606	0.00525	0.00581	0.00151	0.07909	0.00485	0.01917	0.00612
46	0.00985	0.19413	0.65008	0.01200	0.01818	0.01223	0.01506	0.01437	0.00962	0.01376	0.00785	0.00921	0.00583	0.00427	0.00407	0.00136	0.00639	0.00320	0.00194	0.00660
47	0.00946	0.01076	0.12201	0.10181	0.24852	0.01928	0.08000	0.03958	0.02912	0.01451	0.06742	0.15763	0.01377	0.00771	0.03681	0.00175	0.02507	0.00602	0.00289	0.00587
48	0.01078	0.07391	0.25818	0.03598	0.27499	0.03581	0.04299	0.02531	0.03714	0.04919	0.06861	0.01365	0.02689	0.02119	0.00486	0.00145	0.00555	0.00432	0.00266	0.00653
49	0.01307	0.05564	0.09597	0.03451	0.09677	0.26297	0.10356	0.07979	0.10890	0.01493	0.02585	0.01196	0.02526	0.00513	0.00499	0.00139	0.04623	0.00408	0.00282	0.00617
