[name]
unknown

[dist]
# distance from previous block
# <min> <max>
0	472

[block]
# block no. 0 follows, 57 sequences, length 8
# corresponding to MSA columns:
# 633-640
name=unknown_A
#
# <colnr> <probs for GDERKNQSTAVLIFYWHMCP>
#	G	D	E	R	K	N	Q	S	T	A	V	L	I	F	Y	W	H	M	C	P
0	0.03281	0.08134	0.02850	0.07549	0.21400	0.03194	0.07993	0.16988	0.03058	0.05459	0.03511	0.03883	0.02726	0.00708	0.05346	0.00174	0.00557	0.02246	0.00313	0.00630
1	0.00970	0.06597	0.09592	0.01195	0.14825	0.03725	0.04918	0.04148	0.05059	0.03399	0.08469	0.08434	0.05119	0.09095	0.00673	0.00171	0.02175	0.04672	0.00315	0.06449
2	0.09007	0.02971	0.03390	0.03568	0.27837	0.04377	0.05505	0.09242	0.01146	0.14815	0.03041	0.04426	0.00951	0.00678	0.05334	0.00173	0.00539	0.00443	0.00322	0.02236
3	0.11136	0.06412	0.06120	0.02865	0.02153	0.02907	0.00707	0.06964	0.20789	0.04435	0.08231	0.05670	0.07376	0.05492	0.00598	0.00162	0.04595	0.00527	0.00363	0.02498
4	0.03060	0.19235	0.25501	0.01096	0.05623	0.05742	0.05015	0.01361	0.01019	0.07516	0.06009	0.01577	0.07316	0.00569	0.00469	0.00138	0.03729	0.04159	0.00276	0.00590
5	0.01035	0.02783	0.09237	0.00828	0.01161	0.00795	0.02429	0.10375	0.01133	0.06264	0.11771	0.05455	0.03214	0.00566	0.00487	0.00116	0.05745	0.00456	0.00334	0.35818
6	0.06277	0.41119	0.17694	0.00883	0.01265	0.09660	0.00894	0.01397	0.05155	0.01245	0.01006	0.01155	0.05288	0.04704	0.00455	0.00134	0.00524	0.00342	0.00234	0.00568
7	0.06287	0.00961	0.01035	0.00899	0.01176	0.01075	0.00714	0.10803	0.54838	0.12040	0.01700	0.01652	0.01267	0.00608	0.00454	0.00151	0.00379	0.02791	0.00461	0.00708

[dist]
# distance from previous block
# <min> <max>
5	10

[block]
# block no. 1 follows, 57 sequences, length 6
# corresponding to MSA columns:
# 651-656
name=unknown_B
#
# <colnr> <probs for GDERKNQSTAVLIFYWHMCP>
#	G	D	E	R	K	N	Q	S	T	A	V	L	I	F	Y	W	H	M	C	P
0	0.01016	0.02319	0.70777	0.01275	0.01885	0.12107	0.01565	0.01486	0.01001	0.01391	0.00798	0.00938	0.00575	0.00435	0.00428	0.00140	0.00690	0.00329	0.00197	0.00650
1	0.00802	0.00500	0.00695	0.10666	0.01008	0.00494	0.00541	0.00913	0.00909	0.12073	0.02082	0.54004	0.02308	0.09908	0.00729	0.00201	0.00340	0.01001	0.00398	0.00430
2	0.00995	0.00825	0.00956	0.04292	0.01157	0.00716	0.00593	0.05562	0.10680	0.01603	0.00993	0.01102	0.00794	0.00399	0.00361	0.00088	0.00351	0.00322	0.06157	0.62055
3	0.05189	0.11218	0.10338	0.00915	0.01243	0.04516	0.05297	0.07049	0.12559	0.14888	0.08499	0.08897	0.01359	0.00609	0.00439	0.00137	0.00443	0.00507	0.00371	0.05526
4	0.00992	0.12939	0.22257	0.00927	0.01312	0.10801	0.03524	0.01257	0.01028	0.01375	0.10596	0.06093	0.04372	0.00550	0.00415	0.00119	0.00494	0.00445	0.00275	0.20228
5	0.13187	0.00929	0.01311	0.01257	0.15348	0.00908	0.11256	0.05661	0.09153	0.11226	0.05687	0.01381	0.01043	0.00488	0.00426	0.00130	0.00442	0.02340	0.00338	0.17490

[dist]
# distance from previous block
# <min> <max>
0	50

[block]
# block no. 2 follows, 57 sequences, length 13
# corresponding to MSA columns:
# 710-722
name=unknown_C
#
# <colnr> <probs for GDERKNQSTAVLIFYWHMCP>
#	G	D	E	R	K	N	Q	S	T	A	V	L	I	F	Y	W	H	M	C	P
0	0.15739	0.18036	0.19819	0.01191	0.14595	0.03749	0.00989	0.04931	0.01045	0.01584	0.13117	0.01276	0.01165	0.00499	0.00396	0.00131	0.00483	0.00389	0.00273	0.00592
1	0.01328	0.00804	0.00933	0.00807	0.01073	0.00826	0.00643	0.02001	0.37381	0.29102	0.02274	0.02209	0.13627	0.00708	0.00478	0.00151	0.00351	0.04147	0.00487	0.00670
2	0.01071	0.01950	0.55888	0.01192	0.01745	0.01119	0.01389	0.13662	0.14389	0.01731	0.01027	0.01099	0.00739	0.00479	0.00439	0.00144	0.00591	0.00376	0.00277	0.00693
3	0.01407	0.01362	0.26202	0.00957	0.01353	0.09702	0.00963	0.01692	0.01187	0.34117	0.14859	0.01594	0.01429	0.00572	0.00456	0.00139	0.00492	0.00462	0.00399	0.00654
4	0.01164	0.00690	0.01095	0.00870	0.01115	0.00625	0.13707	0.01394	0.01252	0.27628	0.41953	0.02426	0.02654	0.00717	0.00509	0.00143	0.00361	0.00654	0.00474	0.00570
5	0.14630	0.01571	0.28344	0.01058	0.01511	0.01226	0.01078	0.41262	0.01525	0.02250	0.00925	0.00989	0.00661	0.00487	0.00419	0.00139	0.00533	0.00358	0.00338	0.00693
6	0.01379	0.56491	0.02020	0.00886	0.01244	0.15144	0.00807	0.14784	0.01187	0.01378	0.00720	0.00803	0.00614	0.00428	0.00338	0.00107	0.00542	0.00279	0.00245	0.00604
7	0.01056	0.32116	0.39100	0.01357	0.15176	0.01327	0.01297	0.01399	0.00956	0.01308	0.00753	0.00901	0.00601	0.00410	0.00382	0.00125	0.00580	0.00313	0.00198	0.00646
8	0.01097	0.01775	0.42554	0.01610	0.15450	0.01126	0.14495	0.13495	0.01169	0.01664	0.00879	0.01049	0.00648	0.00435	0.00454	0.00142	0.00637	0.00391	0.00244	0.00684
9	0.00898	0.00806	0.14185	0.00794	0.00994	0.00561	0.00711	0.01083	0.00970	0.14915	0.02018	0.39105	0.02134	0.05925	0.00641	0.00189	0.00386	0.12801	0.00397	0.00489
10	0.01061	0.13696	0.01174	0.00732	0.01075	0.00891	0.00609	0.14231	0.01194	0.01701	0.14488	0.01348	0.01288	0.00479	0.00382	0.00096	0.00365	0.00382	0.00327	0.44480
11	0.27789	0.04513	0.14164	0.00833	0.01193	0.00991	0.00786	0.14812	0.02882	0.15160	0.05509	0.02664	0.03048	0.00531	0.00395	0.00137	0.00427	0.00397	0.00360	0.03410
12	0.01169	0.00910	0.01124	0.01084	0.14465	0.04281	0.00728	0.02696	0.04713	0.13037	0.02266	0.01199	0.02556	0.00435	0.00409	0.00101	0.01744	0.00358	0.00319	0.46406

[dist]
# distance from previous block
# <min> <max>
0	4

[block]
# block no. 3 follows, 57 sequences, length 19
# corresponding to MSA columns:
# 727-745
name=unknown_D
#
# <colnr> <probs for GDERKNQSTAVLIFYWHMCP>
#	G	D	E	R	K	N	Q	S	T	A	V	L	I	F	Y	W	H	M	C	P
0	0.12481	0.10486	0.06709	0.00826	0.01195	0.00923	0.02139	0.03851	0.07487	0.35600	0.01274	0.01216	0.00883	0.00483	0.00398	0.00126	0.00413	0.00375	0.00400	0.12735
1	0.03738	0.13627	0.40066	0.01086	0.01575	0.06640	0.04452	0.01552	0.03080	0.13742	0.02771	0.01197	0.03566	0.00485	0.00419	0.00135	0.00571	0.00379	0.00277	0.00641
2	0.00840	0.18650	0.14575	0.00789	0.01064	0.00848	0.00734	0.03089	0.00938	0.01276	0.01531	0.37836	0.01675	0.00851	0.00453	0.00140	0.00395	0.00732	0.00312	0.13269
3	0.01126	0.00905	0.01020	0.01031	0.11248	0.09139	0.00693	0.10181	0.01144	0.10010	0.01521	0.24235	0.03763	0.00732	0.00457	0.00132	0.00412	0.00629	0.00358	0.21264
4	0.12948	0.00700	0.00825	0.00683	0.00961	0.00619	0.00537	0.01384	0.01026	0.27759	0.01694	0.17533	0.06766	0.00689	0.00429	0.00130	0.00333	0.00573	0.00406	0.24006
5	0.01108	0.28611	0.41894	0.01034	0.01538	0.01218	0.01200	0.01449	0.00966	0.09803	0.00885	0.01001	0.00673	0.00634	0.06004	0.00168	0.00617	0.00328	0.00235	0.00634
6	0.01338	0.20662	0.01390	0.00921	0.01213	0.16077	0.00755	0.02033	0.39699	0.09278	0.01346	0.01291	0.01024	0.00529	0.00411	0.00132	0.00475	0.00403	0.00367	0.00656
7	0.00954	0.02054	0.62506	0.01552	0.12118	0.01066	0.10544	0.01431	0.00979	0.01443	0.00830	0.01008	0.00605	0.00422	0.00445	0.00143	0.00664	0.00366	0.00200	0.00669
8	0.01136	0.16293	0.10437	0.00848	0.01156	0.06538	0.03093	0.11944	0.01250	0.09683	0.17982	0.02055	0.12884	0.00672	0.00452	0.00135	0.00436	0.02068	0.00369	0.00570
9	0.00883	0.00727	0.00715	0.00655	0.00808	0.09224	0.00498	0.09957	0.01282	0.01728	0.38428	0.06132	0.14587	0.00837	0.00486	0.00138	0.00315	0.00706	0.11429	0.00467
10	0.01436	0.01073	0.01142	0.00901	0.01213	0.01158	0.00736	0.60614	0.01865	0.02461	0.01935	0.01879	0.20186	0.00690	0.00473	0.00140	0.00434	0.00541	0.00445	0.00677
11	0.00969	0.19928	0.56013	0.09860	0.01912	0.01208	0.01435	0.01389	0.00944	0.01326	0.00773	0.00934	0.00579	0.00424	0.00403	0.00134	0.00623	0.00322	0.00193	0.00633
12	0.01208	0.57810	0.08418	0.10262	0.01480	0.11905	0.00915	0.01398	0.00968	0.01111	0.00674	0.00812	0.00584	0.00409	0.00335	0.00109	0.00555	0.00274	0.00200	0.00572
13	0.01022	0.02068	0.63001	0.01455	0.12013	0.01093	0.01552	0.09749	0.01091	0.01592	0.00847	0.00992	0.00613	0.00439	0.00435	0.00142	0.00635	0.00351	0.00223	0.00687
14	0.00830	0.00646	0.00828	0.00942	0.09371	0.00664	0.00610	0.11003	0.10133	0.01485	0.02041	0.52991	0.02252	0.03235	0.00580	0.00176	0.00338	0.00977	0.00405	0.00494
15	0.00924	0.01013	0.11566	0.20006	0.01672	0.00778	0.00861	0.01236	0.04249	0.01414	0.00850	0.01036	0.00673	0.00387	0.00381	0.00100	0.00443	0.00319	0.00251	0.51842
16	0.06956	0.00860	0.03908	0.00919	0.02404	0.00758	0.09671	0.05731	0.05585	0.08513	0.06637	0.07600	0.01394	0.00631	0.00451	0.00132	0.00412	0.10386	0.00353	0.26697
17	0.01266	0.13619	0.20005	0.00981	0.01364	0.11456	0.00954	0.15789	0.03854	0.07609	0.08959	0.01320	0.01096	0.00530	0.00439	0.00129	0.01836	0.01925	0.00322	0.06547
18	0.04244	0.11694	0.08079	0.01279	0.19643	0.03401	0.00902	0.13912	0.04015	0.07873	0.09898	0.01693	0.10300	0.00589	0.00441	0.00134	0.00450	0.00484	0.00343	0.00626

[dist]
# distance from previous block
# <min> <max>
3	162

[block]
# block no. 4 follows, 57 sequences, length 9
# corresponding to MSA columns:
# 908-916
name=unknown_E
#
# <colnr> <probs for GDERKNQSTAVLIFYWHMCP>
#	G	D	E	R	K	N	Q	S	T	A	V	L	I	F	Y	W	H	M	C	P
0	0.03662	0.09330	0.05061	0.12758	0.26192	0.08245	0.01019	0.03005	0.03198	0.09029	0.01163	0.11310	0.01047	0.00585	0.00446	0.00141	0.00510	0.02405	0.00291	0.00605
1	0.01107	0.03043	0.10283	0.06045	0.22468	0.07144	0.00981	0.10555	0.03623	0.04720	0.01446	0.09778	0.08653	0.00612	0.00454	0.00137	0.00487	0.00521	0.00309	0.07635
2	0.01343	0.08326	0.10290	0.01273	0.16089	0.03298	0.02764	0.16293	0.02482	0.17774	0.03234	0.07204	0.03103	0.00570	0.00446	0.00135	0.00477	0.00477	0.00360	0.04062
3	0.08485	0.19508	0.22082	0.06749	0.06202	0.01198	0.08287	0.06659	0.04809	0.03427	0.02847	0.04516	0.00844	0.00495	0.00431	0.00136	0.02048	0.00403	0.00262	0.00611
4	0.19943	0.19658	0.18921	0.05799	0.07169	0.01272	0.00994	0.15241	0.04193	0.01740	0.00824	0.00936	0.00636	0.00445	0.00375	0.00131	0.00504	0.00324	0.00271	0.00625
5	0.14515	0.15472	0.25957	0.01196	0.06342	0.04710	0.09161	0.09732	0.06028	0.01635	0.00856	0.00975	0.00654	0.00440	0.00399	0.00134	0.00560	0.00347	0.00258	0.00631
6	0.00836	0.00730	0.05807	0.11253	0.06976	0.00732	0.00797	0.04747	0.00878	0.04808	0.01132	0.01568	0.00985	0.02373	0.53667	0.00524	0.00985	0.00455	0.00257	0.00489
7	0.06544	0.47110	0.07356	0.01086	0.09655	0.13240	0.00904	0.07046	0.01065	0.01328	0.00709	0.00823	0.00604	0.00417	0.00345	0.00112	0.00544	0.00285	0.00226	0.00602
8	0.01080	0.00891	0.01023	0.00767	0.01119	0.00805	0.00620	0.17633	0.01181	0.01726	0.01108	0.01206	0.06130	0.00462	0.00444	0.00095	0.05426	0.00352	0.00313	0.57617

[dist]
# distance from previous block
# <min> <max>
0	2

[block]
# block no. 5 follows, 57 sequences, length 8
# corresponding to MSA columns:
# 919-926
name=unknown_F
#
# <colnr> <probs for GDERKNQSTAVLIFYWHMCP>
#	G	D	E	R	K	N	Q	S	T	A	V	L	I	F	Y	W	H	M	C	P
0	0.01367	0.12765	0.06059	0.01236	0.13885	0.01259	0.00923	0.41881	0.01592	0.02141	0.07126	0.05528	0.01108	0.00568	0.00441	0.00134	0.00479	0.00457	0.00368	0.00683
1	0.07349	0.00807	0.00966	0.07628	0.01240	0.00674	0.00607	0.01260	0.00959	0.09269	0.00888	0.01006	0.00696	0.00374	0.00353	0.00087	0.00364	0.00296	0.00292	0.64884
2	0.01170	0.00957	0.01018	0.00882	0.01143	0.01073	0.00695	0.19053	0.50811	0.02036	0.06732	0.01921	0.09164	0.00670	0.00471	0.00149	0.00368	0.00551	0.00458	0.00679
3	0.01329	0.06079	0.14958	0.06066	0.13450	0.01242	0.01067	0.35226	0.10547	0.02075	0.01059	0.01140	0.00788	0.00497	0.00437	0.00137	0.00516	0.00398	0.02285	0.00705
4	0.05931	0.01739	0.50162	0.06189	0.07787	0.00978	0.01334	0.03624	0.04331	0.01486	0.01177	0.07237	0.05001	0.00550	0.00443	0.00147	0.00566	0.00451	0.00247	0.00621
5	0.09420	0.19876	0.11661	0.01184	0.12202	0.14850	0.00939	0.08094	0.05318	0.06066	0.00955	0.04374	0.00789	0.00491	0.00393	0.00128	0.00534	0.00371	0.01739	0.00616
6	0.01180	0.11626	0.41501	0.08072	0.01798	0.13327	0.01292	0.13273	0.01174	0.01534	0.00816	0.00950	0.00609	0.00450	0.00416	0.00134	0.00639	0.00334	0.00238	0.00639
7	0.06272	0.18774	0.07761	0.01102	0.10227	0.02261	0.02160	0.17809	0.02449	0.09123	0.01167	0.09132	0.02115	0.00581	0.00458	0.00135	0.03855	0.00457	0.03538	0.00625

[dist]
# distance from previous block
# <min> <max>
3	55

[block]
# block no. 6 follows, 57 sequences, length 74
# corresponding to MSA columns:
# 987-1034,1039-1064
name=unknown_G
#
# <colnr> <probs for GDERKNQSTAVLIFYWHMCP>
#	G	D	E	R	K	N	Q	S	T	A	V	L	I	F	Y	W	H	M	C	P
0	0.01224	0.01341	0.18031	0.01537	0.24935	0.02193	0.01121	0.23225	0.03224	0.03090	0.02034	0.03084	0.00819	0.00479	0.00436	0.00130	0.00514	0.00402	0.00306	0.11879
1	0.01053	0.02075	0.08288	0.01222	0.18987	0.00811	0.00848	0.08063	0.02246	0.05899	0.16043	0.01496	0.01394	0.00505	0.00424	0.00115	0.00406	0.00434	0.00328	0.29363
2	0.01096	0.01379	0.24153	0.01882	0.39757	0.01008	0.01283	0.06380	0.02300	0.04590	0.02594	0.01203	0.00813	0.03605	0.00509	0.00145	0.00541	0.00398	0.00256	0.06109
3	0.01162	0.15537	0.01715	0.12887	0.39835	0.03389	0.01121	0.05609	0.03293	0.03711	0.00867	0.01069	0.00705	0.00422	0.00413	0.00126	0.00519	0.00367	0.00248	0.07005
4	0.01107	0.01051	0.01611	0.04227	0.58892	0.03338	0.01212	0.01543	0.14834	0.01512	0.01039	0.01249	0.00849	0.00604	0.04830	0.00170	0.00553	0.00424	0.00266	0.00690
5	0.01220	0.00973	0.01275	0.05584	0.22098	0.01043	0.00922	0.21516	0.18109	0.05350	0.04280	0.04098	0.02372	0.00707	0.03568	0.00167	0.00480	0.04154	0.00375	0.01709
6	0.00670	0.15004	0.00850	0.00654	0.00746	0.00618	0.00483	0.00766	0.00893	0.01166	0.05146	0.66284	0.02625	0.01221	0.00527	0.00167	0.00300	0.01088	0.00384	0.00407
7	0.00976	0.15330	0.01178	0.00688	0.01078	0.00804	0.00575	0.01165	0.00934	0.01396	0.00821	0.03173	0.00719	0.00374	0.00334	0.00076	0.00360	0.00292	0.00260	0.69466
8	0.01005	0.20534	0.50182	0.01283	0.01853	0.01235	0.15032	0.01420	0.00968	0.01355	0.00790	0.00951	0.00595	0.00412	0.00417	0.00135	0.00645	0.00349	0.00198	0.00640
9	0.00571	0.00402	0.00520	0.00607	0.00629	0.00380	0.00395	0.00636	0.00831	0.01108	0.02311	0.69718	0.02762	0.15801	0.00879	0.00228	0.00294	0.01179	0.00395	0.00352
10	0.01041	0.30325	0.40708	0.01222	0.01758	0.01323	0.14924	0.01411	0.00964	0.01311	0.00768	0.00924	0.00596	0.00407	0.00401	0.00129	0.00622	0.00338	0.00199	0.00629
11	0.01085	0.01297	0.15739	0.02522	0.67453	0.01072	0.01440	0.01398	0.01019	0.01472	0.00846	0.01093	0.00693	0.00408	0.00445	0.00136	0.00561	0.00392	0.00219	0.00709
12	0.00662	0.00492	0.00729	0.00747	0.00832	0.00559	0.00595	0.00832	0.00783	0.01105	0.01420	0.02360	0.01389	0.03025	0.68072	0.00638	0.01075	0.14007	0.00273	0.00407
13	0.00787	0.00394	0.00590	0.00590	0.00590	0.00394	0.00394	0.00590	0.00590	0.00787	0.00787	0.01377	0.00787	0.01574	0.01771	0.86816	0.00394	0.00394	0.00197	0.00197
14	0.01059	0.01271	0.15694	0.10107	0.60064	0.01066	0.01427	0.01376	0.01007	0.01442	0.00841	0.01101	0.00682	0.00413	0.00446	0.00138	0.00567	0.00392	0.00216	0.00689
15	0.01628	0.00710	0.00960	0.00779	0.01058	0.00657	0.00632	0.03672	0.03440	0.55959	0.09123	0.01750	0.01419	0.01090	0.14700	0.00243	0.00515	0.00496	0.00494	0.00674
16	0.00626	0.00451	0.00592	0.00581	0.00674	0.00417	0.00426	0.00816	0.01210	0.01702	0.67349	0.17373	0.04053	0.01012	0.00542	0.00150	0.00222	0.00901	0.00485	0.00417
17	0.01345	0.01563	0.01685	0.04889	0.26864	0.37496	0.14739	0.01563	0.01147	0.01291	0.00880	0.01081	0.02514	0.00447	0.00448	0.00131	0.00698	0.00389	0.00233	0.00597
18	0.01044	0.33773	0.31276	0.00961	0.01396	0.01236	0.01064	0.01352	0.02115	0.05521	0.00879	0.01053	0.00716	0.00940	0.14619	0.00227	0.00673	0.00334	0.00225	0.00595
19	0.01211	0.84348	0.02374	0.00775	0.01163	0.01793	0.00775	0.01357	0.00921	0.01066	0.00630	0.00727	0.00582	0.00388	0.00291	0.00097	0.00485	0.00242	0.00194	0.00582
20	0.00957	0.00765	0.00899	0.02962	0.01050	0.00631	0.00532	0.05251	0.00962	0.03428	0.00953	0.01322	0.00856	0.14926	0.00691	0.00140	0.00371	0.00352	0.00285	0.62668
21	0.01459	0.01084	0.05439	0.00950	0.01276	0.01103	0.00796	0.22881	0.39134	0.18453	0.01576	0.01461	0.01123	0.00575	0.00456	0.00146	0.00418	0.00463	0.00465	0.00740
22	0.01295	0.70048	0.02185	0.00844	0.01204	0.15793	0.00793	0.01436	0.00984	0.01074	0.00642	0.00743	0.00582	0.00401	0.00311	0.00100	0.00542	0.00251	0.00201	0.00572
23	0.00659	0.00439	0.00494	0.00494	0.00494	0.00439	0.00275	0.00659	0.00659	0.00879	0.01428	0.02965	0.01647	0.84075	0.02306	0.00439	0.00439	0.00659	0.00275	0.00275
24	0.01256	0.01243	0.01084	0.00978	0.01229	0.19586	0.00753	0.02272	0.62422	0.01717	0.01584	0.01492	0.01201	0.00581	0.00449	0.00145	0.00463	0.00462	0.00409	0.00674
25	0.64567	0.00927	0.01050	0.00844	0.01161	0.01007	0.14272	0.01432	0.00871	0.09125	0.00785	0.00894	0.00582	0.00427	0.00341	0.00142	0.00426	0.00315	0.00297	0.00537
26	0.00787	0.00394	0.00590	0.00590	0.00590	0.00394	0.00394	0.00590	0.00590	0.00787	0.00787	0.01377	0.00787	0.01574	0.01771	0.86816	0.00394	0.00394	0.00197	0.00197
27	0.01043	0.00885	0.00952	0.00861	0.01091	0.01005	0.00667	0.02138	0.66659	0.01882	0.15619	0.01985	0.01886	0.00669	0.00474	0.00152	0.00333	0.00566	0.00468	0.00667
28	0.00829	0.00773	0.00815	0.00797	0.00904	0.14772	0.00612	0.00982	0.00832	0.01074	0.01164	0.03916	0.01090	0.02791	0.64537	0.00597	0.01103	0.00473	0.01512	0.00425
29	0.00549	0.00406	0.00514	0.00601	0.00649	0.00371	0.00407	0.00634	0.00896	0.01168	0.02862	0.69961	0.16580	0.01372	0.00571	0.00179	0.00257	0.01230	0.00421	0.00371
30	0.00552	0.00394	0.00526	0.00631	0.00657	0.00368	0.00421	0.00631	0.00868	0.01157	0.02498	0.83779	0.02997	0.01420	0.00578	0.00184	0.00263	0.01288	0.00421	0.00368
31	0.00996	0.01094	0.02335	0.01704	0.02097	0.01045	0.65851	0.01340	0.01010	0.01382	0.00968	0.01319	0.00765	0.00907	0.14758	0.00253	0.00842	0.00526	0.00232	0.00575
32	0.00628	0.00481	0.00681	0.00681	0.00775	0.00534	0.00528	0.00782	0.00781	0.01082	0.01801	0.02229	0.15040	0.03007	0.68056	0.00628	0.01042	0.00567	0.00274	0.00401
33	0.00641	0.00463	0.00606	0.00570	0.00677	0.00428	0.00428	0.00855	0.01283	0.01817	0.81009	0.03385	0.04276	0.00926	0.00534	0.00143	0.00214	0.00819	0.00499	0.00428
34	0.01211	0.84348	0.02374	0.00775	0.01163	0.01793	0.00775	0.01357	0.00921	0.01066	0.00630	0.00727	0.00582	0.00388	0.00291	0.00097	0.00485	0.00242	0.00194	0.00582
35	0.01176	0.15725	0.02349	0.01551	0.01961	0.06588	0.51239	0.07887	0.01144	0.01474	0.00923	0.01246	0.00742	0.00435	0.00481	0.00141	0.00684	0.03399	0.00249	0.00606
36	0.03304	0.02109	0.65751	0.01380	0.02002	0.01068	0.15201	0.01435	0.00971	0.01454	0.00826	0.00997	0.00591	0.00422	0.00445	0.00145	0.00677	0.00367	0.00200	0.00655
37	0.01659	0.01845	0.01327	0.01139	0.01412	0.55517	0.03018	0.23547	0.01515	0.01623	0.02709	0.00964	0.00726	0.00497	0.00427	0.00124	0.00712	0.00343	0.00301	0.00594
38	0.01112	0.66639	0.02000	0.00735	0.01076	0.04595	0.00704	0.01251	0.00954	0.01095	0.01322	0.01363	0.14585	0.00523	0.00338	0.00107	0.00453	0.00368	0.00235	0.00545
39	0.01121	0.00899	0.14861	0.00783	0.01075	0.00617	0.00738	0.01364	0.01167	0.26235	0.24288	0.03785	0.10518	0.00770	0.00495	0.00147	0.00370	0.07341	0.00442	0.02982
40	0.00883	0.07496	0.62311	0.01132	0.01684	0.00993	0.01397	0.01329	0.01011	0.01477	0.14755	0.01364	0.01219	0.00514	0.00439	0.00140	0.00578	0.00413	0.00245	0.00622
41	0.01934	0.01021	0.01105	0.00884	0.01200	0.14889	0.00715	0.02097	0.01272	0.64516	0.01553	0.01395	0.01008	0.00553	0.00487	0.00138	0.03599	0.00425	0.00490	0.00718
42	0.02033	0.00771	0.01052	0.00806	0.01157	0.00666	0.00666	0.02208	0.01297	0.81562	0.01788	0.01542	0.01122	0.00561	0.00456	0.00140	0.00386	0.00456	0.00561	0.00771
43	0.00856	0.00805	0.01359	0.82986	0.03121	0.01007	0.01258	0.01158	0.00906	0.01158	0.00805	0.01208	0.00604	0.00453	0.00453	0.00151	0.00604	0.00403	0.00201	0.00503
44	0.00885	0.03931	0.65792	0.01200	0.01765	0.00977	0.01489	0.01347	0.00971	0.01413	0.01085	0.01674	0.00928	0.00572	0.00461	0.00154	0.00621	0.13880	0.00231	0.00624
45	0.02033	0.00771	0.01052	0.00806	0.01157	0.00666	0.00666	0.02208	0.01297	0.81562	0.01788	0.01542	0.01122	0.00561	0.00456	0.00140	0.00386	0.00456	0.00561	0.00771
46	0.00647	0.00485	0.00728	0.00728	0.00809	0.00566	0.00566	0.00809	0.00728	0.01052	0.01214	0.01780	0.01133	0.03398	0.82279	0.00728	0.01214	0.00485	0.00243	0.00405
47	0.01300	0.51064	0.02903	0.00860	0.01218	0.02609	0.00790	0.16945	0.12449	0.02563	0.00924	0.00974	0.00752	0.00524	0.02256	0.00129	0.00492	0.00323	0.00289	0.00637
48	0.01514	0.00907	0.01344	0.15672	0.23602	0.00913	0.00986	0.07515	0.04686	0.36206	0.01310	0.01341	0.00906	0.00500	0.00453	0.00141	0.00473	0.00431	0.00393	0.00707
49	0.00659	0.00439	0.00494	0.00494	0.00494	0.00439	0.00275	0.00659	0.00659	0.00879	0.01428	0.02965	0.01647	0.84075	0.02306	0.00439	0.00439	0.00659	0.00275	0.00275
50	0.00552	0.00394	0.00526	0.00631	0.00657	0.00368	0.00421	0.00631	0.00868	0.01157	0.02498	0.83779	0.02997	0.01420	0.00578	0.00184	0.00263	0.01288	0.00421	0.00368
51	0.01427	0.03541	0.31668	0.01122	0.01602	0.01184	0.03031	0.36981	0.01532	0.11936	0.01056	0.01089	0.00733	0.00496	0.00443	0.00139	0.00555	0.00385	0.00356	0.00724
52	0.00860	0.00814	0.01184	0.27036	0.01688	0.02269	0.00947	0.01023	0.00805	0.01123	0.01051	0.16719	0.01076	0.00917	0.04661	0.00204	0.36339	0.00569	0.00244	0.00470
53	0.00647	0.00485	0.00728	0.00728	0.00809	0.00566	0.00566	0.00809	0.00728	0.01052	0.01214	0.01780	0.01133	0.03398	0.82279	0.00728	0.01214	0.00485	0.00243	0.00405
54	0.00935	0.00785	0.00912	0.00658	0.01045	0.00594	0.00525	0.01136	0.00940	0.01488	0.00841	0.00980	0.00697	0.00346	0.00335	0.00069	0.00329	0.00277	0.04889	0.82219
55	0.00631	0.00470	0.00693	0.00711	0.00783	0.00532	0.00541	0.00778	0.00752	0.01070	0.01437	0.16048	0.01457	0.03054	0.68064	0.00634	0.01048	0.00625	0.00274	0.00398
56	0.00845	0.00422	0.00422	0.00422	0.00528	0.00422	0.00317	0.01056	0.00950	0.01689	0.01478	0.01689	0.01161	0.00528	0.00317	0.00106	0.00211	0.00422	0.86591	0.00422
57	0.00647	0.00485	0.00728	0.00728	0.00809	0.00566	0.00566	0.00809	0.00728	0.01052	0.01214	0.01780	0.01133	0.03398	0.82279	0.00728	0.01214	0.00485	0.00243	0.00405
58	0.87276	0.00876	0.00666	0.00596	0.00876	0.01017	0.00491	0.01332	0.00771	0.02033	0.00631	0.00736	0.00491	0.00421	0.00280	0.00140	0.00351	0.00245	0.00280	0.00491
59	0.00647	0.00485	0.00728	0.00728	0.00809	0.00566	0.00566	0.00809	0.00728	0.01052	0.01214	0.01780	0.01133	0.03398	0.82279	0.00728	0.01214	0.00485	0.00243	0.00405
60	0.00787	0.00394	0.00590	0.00590	0.00590	0.00394	0.00394	0.00590	0.00590	0.00787	0.00787	0.01377	0.00787	0.01574	0.01771	0.86816	0.00394	0.00394	0.00197	0.00197
61	0.00856	0.00805	0.01359	0.82986	0.03121	0.01007	0.01258	0.01158	0.00906	0.01158	0.00805	0.01208	0.00604	0.00453	0.00453	0.00151	0.00604	0.00403	0.00201	0.00503
62	0.01122	0.01077	0.01839	0.02781	0.81248	0.01077	0.01391	0.01391	0.01032	0.01480	0.00852	0.01122	0.00718	0.00404	0.00449	0.00135	0.00538	0.00404	0.00224	0.00718
63	0.00650	0.00477	0.00683	0.00683	0.00748	0.00542	0.00510	0.00780	0.00715	0.01018	0.01255	0.02010	0.01233	0.19057	0.66757	0.00672	0.01063	0.00519	0.00249	0.00379
64	0.02033	0.00771	0.01052	0.00806	0.01157	0.00666	0.00666	0.02208	0.01297	0.81562	0.01788	0.01542	0.01122	0.00561	0.00456	0.00140	0.00386	0.00456	0.00561	0.00771
65	0.01289	0.68341	0.03836	0.00854	0.01221	0.15778	0.00811	0.01437	0.00985	0.01081	0.00646	0.00747	0.00582	0.00402	0.00314	0.00101	0.00546	0.00253	0.00201	0.00574
66	0.00650	0.00476	0.00679	0.00679	0.00742	0.00539	0.00505	0.00777	0.00714	0.01015	0.01259	0.02031	0.01242	0.20491	0.65336	0.00667	0.01050	0.00522	0.00249	0.00377
67	0.00909	0.02344	0.81727	0.01292	0.01961	0.01052	0.01674	0.01435	0.00957	0.01435	0.00813	0.00957	0.00574	0.00431	0.00431	0.00144	0.00670	0.00335	0.00191	0.00670
68	0.01138	0.01107	0.01824	0.02736	0.79005	0.03358	0.01376	0.01402	0.01039	0.01470	0.00848	0.01113	0.00714	0.00406	0.00447	0.00134	0.00546	0.00401	0.00225	0.00712
69	0.00935	0.00887	0.01503	0.58997	0.26488	0.01028	0.01298	0.01227	0.00944	0.01254	0.00819	0.01182	0.00638	0.00438	0.00452	0.00146	0.00584	0.00403	0.00208	0.00567
70	0.01215	0.01259	0.01731	0.04392	0.65513	0.15200	0.01298	0.01458	0.01073	0.01408	0.00825	0.01071	0.00692	0.00416	0.00442	0.00132	0.00588	0.00384	0.00225	0.00679
71	0.70258	0.01109	0.00791	0.00706	0.00981	0.15161	0.00567	0.03365	0.00894	0.01893	0.00654	0.00759	0.00514	0.00432	0.00307	0.00136	0.00435	0.00257	0.00277	0.00504
72	0.03545	0.07823	0.04694	0.01037	0.01311	0.44603	0.00840	0.15979	0.03316	0.01492	0.01133	0.02397	0.07094	0.00551	0.00442	0.00127	0.02365	0.00386	0.00293	0.00570
73	0.00962	0.00933	0.03227	0.04753	0.37946	0.02837	0.00964	0.01189	0.01009	0.01409	0.01524	0.01733	0.14723	0.00542	0.00438	0.00123	0.00443	0.02453	0.00273	0.22519

[dist]
# distance from previous block
# <min> <max>
6	78

[block]
# block no. 7 follows, 57 sequences, length 24
# corresponding to MSA columns:
# 1162-1185
name=unknown_H
#
# <colnr> <probs for GDERKNQSTAVLIFYWHMCP>
#	G	D	E	R	K	N	Q	S	T	A	V	L	I	F	Y	W	H	M	C	P
0	0.00635	0.00429	0.00501	0.00525	0.00531	0.00423	0.00307	0.00653	0.00705	0.00941	0.01666	0.20975	0.01948	0.65655	0.01921	0.00382	0.00400	0.00799	0.00307	0.00295
1	0.00971	0.25212	0.53397	0.01095	0.01641	0.01211	0.01329	0.01362	0.00957	0.01337	0.04048	0.03844	0.00809	0.00473	0.00401	0.00132	0.00585	0.00361	0.00212	0.00625
2	0.01048	0.01127	0.03396	0.48675	0.02633	0.11396	0.19399	0.04478	0.01043	0.01294	0.00829	0.01151	0.00627	0.00441	0.00466	0.00146	0.00665	0.00418	0.00222	0.00546
3	0.77762	0.00865	0.00709	0.00619	0.00908	0.00977	0.00510	0.01430	0.00830	0.10910	0.00760	0.00826	0.00561	0.00436	0.00300	0.00140	0.00354	0.00269	0.00312	0.00522
4	0.00590	0.00423	0.00553	0.00644	0.00681	0.00401	0.00435	0.03178	0.00908	0.01211	0.02452	0.81117	0.02925	0.01391	0.00574	0.00182	0.00270	0.01260	0.00422	0.00381
5	0.01228	0.01281	0.10294	0.04961	0.50596	0.05310	0.01282	0.13344	0.02806	0.03216	0.00913	0.01106	0.00721	0.00440	0.00446	0.00136	0.00557	0.00394	0.00267	0.00704
6	0.02014	0.00802	0.01071	0.00821	0.01172	0.00712	0.00678	0.07036	0.01349	0.76662	0.01744	0.01514	0.01100	0.00560	0.00456	0.00140	0.00393	0.00453	0.00554	0.00771
7	0.00536	0.00459	0.00459	0.00459	0.00612	0.00383	0.00344	0.00650	0.01033	0.01224	0.04590	0.04361	0.81065	0.01148	0.00536	0.00153	0.00230	0.00956	0.00421	0.00383
8	0.01151	0.00930	0.01053	0.00771	0.01163	0.00820	0.00624	0.22328	0.01261	0.01848	0.00882	0.00980	0.00698	0.00392	0.00367	0.00086	0.00380	0.00306	0.00318	0.63642
9	0.00562	0.00402	0.00535	0.00624	0.00659	0.00375	0.00421	0.00656	0.00914	0.01230	0.11260	0.74806	0.03140	0.01365	0.00573	0.00179	0.00257	0.01236	0.00429	0.00375
10	0.01723	0.01269	0.01360	0.01043	0.01405	0.01405	0.00861	0.79738	0.02131	0.02856	0.01088	0.01088	0.00771	0.00544	0.00453	0.00136	0.00499	0.00408	0.00453	0.00771
11	0.00637	0.00463	0.00599	0.00565	0.00674	0.00426	0.00424	0.00846	0.01272	0.01791	0.77599	0.03428	0.07702	0.00936	0.00534	0.00143	0.00214	0.00826	0.00495	0.00426
12	0.01211	0.84348	0.02374	0.00775	0.01163	0.01793	0.00775	0.01357	0.00921	0.01066	0.00630	0.00727	0.00582	0.00388	0.00291	0.00097	0.00485	0.00242	0.00194	0.00582
13	0.00552	0.00394	0.00526	0.00631	0.00657	0.00368	0.00421	0.00631	0.00868	0.01157	0.02498	0.83779	0.02997	0.01420	0.00578	0.00184	0.00263	0.01288	0.00421	0.00368
14	0.00787	0.00394	0.00590	0.00590	0.00590	0.00394	0.00394	0.00590	0.00590	0.00787	0.00787	0.01377	0.00787	0.01574	0.01771	0.86816	0.00394	0.00394	0.00197	0.00197
15	0.00542	0.00432	0.00487	0.00530	0.00631	0.00377	0.00376	0.00642	0.00964	0.01196	0.03722	0.37310	0.48676	0.01260	0.00553	0.00166	0.00243	0.01094	0.00421	0.00377
16	0.00953	0.00935	0.01314	0.01138	0.01147	0.01296	0.00944	0.01059	0.00698	0.01086	0.00664	0.01079	0.00655	0.01084	0.10505	0.00257	0.74090	0.00406	0.00203	0.00486
17	0.00648	0.00483	0.00714	0.00714	0.00790	0.00559	0.00549	0.00800	0.00724	0.01041	0.01227	0.01852	0.01164	0.08307	0.77413	0.00711	0.01167	0.00496	0.00245	0.00397
18	0.00567	0.00428	0.00528	0.00602	0.00675	0.00390	0.00432	0.00671	0.00937	0.01199	0.03118	0.51018	0.26527	0.01319	0.00571	0.00177	0.00270	0.09772	0.00420	0.00378
19	0.03018	0.01663	0.01176	0.01057	0.01305	0.49338	0.00809	0.04190	0.23300	0.05934	0.01132	0.01215	0.00891	0.00534	0.00430	0.00132	0.00638	0.02315	0.00327	0.00596
20	0.00844	0.00769	0.01084	0.00971	0.00999	0.01023	0.00784	0.00957	0.00703	0.01059	0.00880	0.01432	0.00870	0.08728	0.29569	0.00402	0.47812	0.00450	0.00220	0.00445
21	0.00743	0.00471	0.00530	0.00519	0.00629	0.00454	0.00383	0.04159	0.01079	0.01615	0.23380	0.11709	0.13448	0.04185	0.00521	0.00146	0.00241	0.00710	0.34657	0.00421
22	0.01105	0.01058	0.01684	0.11329	0.62072	0.02781	0.01290	0.01487	0.09885	0.01484	0.00955	0.01188	0.00777	0.00434	0.00450	0.00138	0.00531	0.00413	0.00248	0.00690
23	0.01332	0.00976	0.01125	0.00935	0.01218	0.03826	0.05239	0.15010	0.36145	0.15439	0.08067	0.01736	0.04143	0.00617	0.00467	0.00145	0.00407	0.00517	0.01974	0.00682

[dist]
# distance from previous block
# <min> <max>
1	5

[block]
# block no. 8 follows, 57 sequences, length 23
# corresponding to MSA columns:
# 1192-1214
name=unknown_I
#
# <colnr> <probs for GDERKNQSTAVLIFYWHMCP>
#	G	D	E	R	K	N	Q	S	T	A	V	L	I	F	Y	W	H	M	C	P
0	0.07436	0.01231	0.21003	0.01115	0.09545	0.02094	0.02456	0.07194	0.06759	0.08073	0.07650	0.01397	0.02667	0.00727	0.06665	0.00176	0.00528	0.00421	0.00315	0.12550
1	0.03087	0.39976	0.24295	0.01273	0.15160	0.02535	0.01126	0.03279	0.00990	0.03406	0.00761	0.00890	0.00619	0.00412	0.00366	0.00120	0.00545	0.00306	0.00217	0.00636
2	0.01203	0.68046	0.10039	0.00898	0.01307	0.06291	0.04314	0.01394	0.00951	0.01121	0.00664	0.00776	0.00586	0.00396	0.00322	0.00105	0.00534	0.00267	0.00197	0.00588
3	0.00904	0.02139	0.70852	0.04667	0.01924	0.01057	0.01579	0.01380	0.00934	0.01393	0.00839	0.02982	0.00636	0.00481	0.00508	0.00149	0.06371	0.00365	0.00198	0.00643
4	0.02267	0.17770	0.35128	0.01063	0.01512	0.01155	0.03610	0.04792	0.04178	0.09361	0.04073	0.02845	0.00872	0.00511	0.00495	0.00138	0.06844	0.00386	0.00272	0.02729
5	0.04272	0.00781	0.01127	0.01260	0.18722	0.00880	0.03040	0.05011	0.02759	0.01279	0.01072	0.01728	0.01039	0.20263	0.19125	0.00349	0.14837	0.01703	0.00258	0.00495
6	0.00582	0.00458	0.00530	0.00559	0.00671	0.00411	0.00415	0.00731	0.02529	0.01310	0.14089	0.24858	0.42266	0.01187	0.00553	0.00164	0.00255	0.07606	0.00432	0.00394
7	0.00856	0.00805	0.01359	0.82986	0.03121	0.01007	0.01258	0.01158	0.00906	0.01158	0.00805	0.01208	0.00604	0.00453	0.00453	0.00151	0.00604	0.00403	0.00201	0.00503
8	0.05946	0.01402	0.16271	0.01088	0.01477	0.07320	0.07389	0.31694	0.07699	0.07523	0.01123	0.03726	0.00846	0.00527	0.00443	0.00139	0.00534	0.00424	0.02056	0.02373
9	0.01023	0.01375	0.15619	0.01758	0.02234	0.01100	0.63671	0.01417	0.01043	0.01437	0.00961	0.04398	0.00759	0.00430	0.00519	0.00152	0.00729	0.00531	0.00230	0.00611
10	0.00653	0.00462	0.00607	0.00607	0.00646	0.00501	0.00416	0.00732	0.00692	0.00962	0.01324	0.02393	0.01399	0.45098	0.40943	0.00579	0.00813	0.00575	0.00259	0.00337
11	0.00953	0.08084	0.72083	0.01295	0.04167	0.02880	0.01585	0.01436	0.00963	0.01403	0.00799	0.00942	0.00579	0.00428	0.00421	0.00139	0.00656	0.00329	0.00193	0.00662
12	0.00930	0.00906	0.01413	0.69249	0.12397	0.05112	0.01255	0.01219	0.00940	0.01194	0.00806	0.01178	0.00617	0.00448	0.00450	0.00147	0.00607	0.00397	0.00206	0.00530
13	0.06296	0.00833	0.01067	0.00822	0.01171	0.00767	0.00679	0.10944	0.01365	0.68639	0.01650	0.01450	0.01050	0.00552	0.00447	0.00140	0.00397	0.00440	0.00535	0.00757
14	0.00550	0.00443	0.00490	0.00513	0.00630	0.00383	0.00372	0.00666	0.01017	0.01267	0.11752	0.23903	0.54042	0.01193	0.00546	0.00160	0.00236	0.01025	0.00429	0.00383
15	0.02906	0.11129	0.19979	0.07574	0.09933	0.04705	0.13024	0.06714	0.02478	0.14585	0.02102	0.01146	0.00775	0.00457	0.00437	0.00137	0.00575	0.00397	0.00292	0.00654
16	0.01801	0.00764	0.01076	0.00845	0.01169	0.00675	0.04189	0.03474	0.01276	0.65698	0.04352	0.01925	0.03451	0.00632	0.00477	0.00146	0.00397	0.06409	0.00527	0.00716
17	0.00872	0.00448	0.00451	0.00441	0.00555	0.00453	0.00334	0.03477	0.00987	0.01725	0.01466	0.01671	0.01149	0.00528	0.00321	0.00107	0.00220	0.00422	0.83940	0.00433
18	0.87276	0.00876	0.00666	0.00596	0.00876	0.01017	0.00491	0.01332	0.00771	0.02033	0.00631	0.00736	0.00491	0.00421	0.00280	0.00140	0.00351	0.00245	0.00280	0.00491
19	0.00568	0.00411	0.00536	0.00629	0.00671	0.00384	0.00435	0.00658	0.00889	0.01170	0.02627	0.68370	0.09318	0.03986	0.00633	0.00192	0.00278	0.07459	0.00416	0.00370
20	0.00932	0.08594	0.75679	0.01252	0.01900	0.01109	0.01606	0.01429	0.00954	0.01407	0.00799	0.00939	0.00575	0.00427	0.00420	0.00140	0.00656	0.00328	0.00192	0.00663
21	0.00658	0.00444	0.00517	0.00517	0.00525	0.00452	0.00303	0.00673	0.00666	0.00895	0.01407	0.02851	0.01598	0.76273	0.10040	0.00467	0.00514	0.00642	0.00271	0.00287
22	0.00856	0.00805	0.01359	0.82986	0.03121	0.01007	0.01258	0.01158	0.00906	0.01158	0.00805	0.01208	0.00604	0.00453	0.00453	0.00151	0.00604	0.00403	0.00201	0.00503

[dist]
# distance from previous block
# <min> <max>
0	10

[block]
# block no. 9 follows, 57 sequences, length 49
# corresponding to MSA columns:
# 1225-1273
name=unknown_J
#
# <colnr> <probs for GDERKNQSTAVLIFYWHMCP>
#	G	D	E	R	K	N	Q	S	T	A	V	L	I	F	Y	W	H	M	C	P
0	0.01723	0.01269	0.01360	0.01043	0.01405	0.01405	0.00861	0.79738	0.02131	0.02856	0.01088	0.01088	0.00771	0.00544	0.00453	0.00136	0.00499	0.00408	0.00453	0.00771
1	0.01211	0.84348	0.02374	0.00775	0.01163	0.01793	0.00775	0.01357	0.00921	0.01066	0.00630	0.00727	0.00582	0.00388	0.00291	0.00097	0.00485	0.00242	0.00194	0.00582
2	0.00941	0.00906	0.01580	0.56192	0.23407	0.01035	0.07006	0.01240	0.00951	0.01263	0.00826	0.01187	0.00640	0.00435	0.00458	0.00147	0.00599	0.00413	0.00209	0.00567
3	0.00552	0.00394	0.00526	0.00631	0.00657	0.00368	0.00421	0.00631	0.00868	0.01157	0.02498	0.83779	0.02997	0.01420	0.00578	0.00184	0.00263	0.01288	0.00421	0.00368
4	0.00787	0.00394	0.00590	0.00590	0.00590	0.00394	0.00394	0.00590	0.00590	0.00787	0.00787	0.01377	0.00787	0.01574	0.01771	0.86816	0.00394	0.00394	0.00197	0.00197
5	0.01012	0.31128	0.45707	0.01084	0.01589	0.01320	0.01274	0.01361	0.00922	0.01272	0.00777	0.03084	0.00643	0.00468	0.00462	0.00132	0.06615	0.00332	0.00199	0.00618
6	0.08212	0.07240	0.01287	0.00935	0.01271	0.06620	0.00774	0.46245	0.02808	0.15374	0.01133	0.01121	0.00803	0.00521	0.00421	0.00132	0.00477	0.00386	0.03533	0.00706
7	0.00683	0.00540	0.00733	0.00729	0.00810	0.03330	0.00559	0.00834	0.00743	0.01043	0.01209	0.01819	0.01145	0.08146	0.74697	0.00690	0.01154	0.00489	0.00244	0.00401
8	0.00540	0.00453	0.00470	0.00479	0.00618	0.00383	0.00354	0.00655	0.01025	0.01236	0.06731	0.11784	0.71391	0.01166	0.00540	0.00156	0.00232	0.00983	0.00423	0.00383
9	0.01139	0.01103	0.03895	0.08818	0.67272	0.01095	0.01349	0.07087	0.01100	0.01555	0.00865	0.01121	0.00709	0.00418	0.00449	0.00136	0.00544	0.00402	0.00238	0.00704
10	0.00783	0.00395	0.00587	0.00587	0.00587	0.00395	0.00390	0.00592	0.00592	0.00790	0.00807	0.01426	0.00813	0.04081	0.01787	0.84191	0.00395	0.00402	0.00199	0.00199
11	0.00909	0.02344	0.81727	0.01292	0.01961	0.01052	0.01674	0.01435	0.00957	0.01435	0.00813	0.00957	0.00574	0.00431	0.00431	0.00144	0.00670	0.00335	0.00191	0.00670
12	0.03090	0.00993	0.01083	0.00969	0.03290	0.11188	0.05957	0.09778	0.20813	0.10731	0.07534	0.12114	0.06235	0.00735	0.00484	0.00150	0.00438	0.03410	0.00411	0.00597
13	0.00975	0.12935	0.69495	0.01213	0.01838	0.01139	0.01533	0.01444	0.00960	0.03320	0.00813	0.00941	0.00588	0.00428	0.00413	0.00137	0.00639	0.00326	0.00201	0.00661
14	0.39029	0.01132	0.05004	0.00993	0.09036	0.11965	0.00744	0.06381	0.03123	0.08308	0.03757	0.01052	0.00789	0.00525	0.01572	0.00146	0.02983	0.00340	0.02550	0.00568
15	0.07754	0.01161	0.03618	0.05499	0.64390	0.06988	0.01286	0.01409	0.01024	0.01482	0.00822	0.01069	0.00683	0.00412	0.00433	0.00135	0.00550	0.00382	0.00228	0.00677
16	0.01094	0.01216	0.07213	0.45258	0.06568	0.15920	0.01161	0.06380	0.02028	0.01310	0.00819	0.01107	0.00634	0.00481	0.00502	0.00144	0.05509	0.00379	0.01727	0.00549
17	0.02023	0.00470	0.00598	0.00619	0.00708	0.00452	0.00440	0.00794	0.00870	0.06061	0.02328	0.38017	0.14212	0.10964	0.16361	0.00305	0.00470	0.00915	0.00372	0.03021
18	0.05119	0.06107	0.01667	0.03406	0.02951	0.05243	0.27586	0.16779	0.02321	0.01636	0.03218	0.09938	0.01094	0.06669	0.00654	0.00169	0.04015	0.00550	0.00306	0.00572
19	0.01265	0.01442	0.01390	0.25322	0.13219	0.36305	0.02268	0.01457	0.01065	0.01172	0.00771	0.01065	0.00646	0.03181	0.00581	0.00147	0.07583	0.00365	0.00221	0.00537
20	0.00851	0.00513	0.00671	0.00613	0.00760	0.00466	0.00474	0.01052	0.01256	0.13889	0.59919	0.03258	0.08617	0.00902	0.00527	0.00146	0.00252	0.04858	0.00499	0.00476
21	0.01018	0.00760	0.00867	0.00793	0.00995	0.00824	0.00622	0.03761	0.39830	0.07582	0.18350	0.02453	0.04493	0.03017	0.03492	0.00182	0.00366	0.07834	0.02166	0.00596
22	0.07062	0.05236	0.01310	0.01075	0.06319	0.15954	0.06702	0.06807	0.01248	0.39026	0.01311	0.03894	0.00936	0.00529	0.00437	0.00135	0.00510	0.00428	0.00407	0.00670
23	0.00545	0.00437	0.00486	0.00521	0.00629	0.00379	0.00373	0.00650	0.00985	0.01221	0.06354	0.31072	0.52296	0.01232	0.00550	0.00163	0.00240	0.01064	0.00423	0.00379
24	0.00648	0.00483	0.00718	0.00718	0.00795	0.00561	0.00553	0.00802	0.00725	0.01044	0.01223	0.01833	0.01156	0.07015	0.78695	0.00715	0.01179	0.00493	0.00244	0.00399
25	0.01153	0.72575	0.04782	0.00804	0.01164	0.01665	0.00797	0.01310	0.00900	0.01078	0.00677	0.00821	0.00622	0.00623	0.06317	0.00148	0.03531	0.00269	0.00197	0.00568
26	0.00885	0.00841	0.01437	0.73579	0.10211	0.01017	0.03308	0.01187	0.00922	0.01195	0.00813	0.01201	0.00617	0.00447	0.00455	0.00150	0.00602	0.00406	0.00204	0.00526
27	0.00555	0.00397	0.00529	0.00629	0.00658	0.00370	0.00421	0.00639	0.00882	0.01179	0.05183	0.81030	0.03041	0.01403	0.00577	0.00183	0.00261	0.01272	0.00423	0.00370
28	0.00553	0.00398	0.00522	0.00621	0.00652	0.00370	0.00415	0.00632	0.00871	0.01155	0.02572	0.78852	0.06440	0.02841	0.00606	0.00187	0.00264	0.01263	0.00418	0.00367
29	0.01533	0.00824	0.01075	0.09027	0.04993	0.00839	0.00749	0.11594	0.08256	0.38144	0.02958	0.02469	0.01098	0.00567	0.00477	0.00140	0.03234	0.00458	0.10891	0.00675
30	0.00931	0.00796	0.00842	0.00779	0.00994	0.00875	0.00602	0.01815	0.53136	0.01681	0.04671	0.04665	0.22943	0.00802	0.00490	0.00155	0.00319	0.02450	0.00449	0.00604
31	0.00940	0.00805	0.00940	0.00671	0.01074	0.00604	0.00537	0.01141	0.00940	0.01477	0.00805	0.00940	0.00671	0.00336	0.00336	0.00067	0.00336	0.00268	0.00268	0.86845
32	0.01127	0.00973	0.01025	0.00922	0.01178	0.01127	0.00717	0.02408	0.80430	0.01896	0.01844	0.01691	0.01383	0.00615	0.00461	0.00154	0.00359	0.00512	0.00461	0.00717
33	0.00962	0.00970	0.01907	0.01447	0.01764	0.00926	0.48913	0.06911	0.01084	0.01461	0.01403	0.23198	0.01382	0.02395	0.00579	0.00167	0.00595	0.03087	0.00303	0.00546
34	0.68022	0.01008	0.00781	0.00685	0.00966	0.09067	0.00555	0.04923	0.00921	0.07401	0.00748	0.00827	0.00564	0.00442	0.00313	0.00137	0.00404	0.00274	0.01437	0.00525
35	0.00647	0.00485	0.00728	0.00728	0.00809	0.00566	0.00566	0.00809	0.00728	0.01052	0.01214	0.01780	0.01133	0.03398	0.82279	0.00728	0.01214	0.00485	0.00243	0.00405
36	0.01130	0.00939	0.01072	0.01154	0.13716	0.06563	0.00778	0.07943	0.28870	0.07099	0.01919	0.10092	0.09172	0.00743	0.00486	0.00153	0.00415	0.06732	0.00403	0.00621
37	0.16215	0.01176	0.01222	0.01095	0.07106	0.08106	0.03341	0.30583	0.20354	0.04598	0.01155	0.01169	0.00857	0.00518	0.00424	0.00140	0.00475	0.00400	0.00386	0.00680
38	0.01045	0.01083	0.01416	0.01208	0.01238	0.07278	0.03179	0.01153	0.00747	0.01102	0.00612	0.00985	0.00597	0.00758	0.01382	0.00191	0.74931	0.00393	0.00202	0.00501
39	0.00665	0.00440	0.00512	0.00512	0.00516	0.00444	0.00296	0.00664	0.00659	0.00883	0.01384	0.02822	0.01577	0.75575	0.06631	0.04759	0.00479	0.00636	0.00269	0.00278
40	0.01051	0.44725	0.33030	0.00978	0.01448	0.01394	0.02689	0.01338	0.00919	0.01203	0.00765	0.00989	0.00658	0.06507	0.00497	0.00141	0.00559	0.00315	0.00199	0.00594
41	0.01628	0.03280	0.01342	0.01248	0.09280	0.43046	0.00896	0.15797	0.04100	0.10862	0.00946	0.01015	0.00721	0.00500	0.00462	0.00128	0.03456	0.00353	0.00316	0.00624
42	0.00659	0.00441	0.00503	0.00503	0.00506	0.00444	0.00285	0.00664	0.00661	0.00885	0.01420	0.02923	0.01629	0.81163	0.05193	0.00450	0.00467	0.00653	0.00273	0.00279
43	0.01052	0.01245	0.08871	0.05807	0.04901	0.01098	0.58230	0.05043	0.01113	0.01524	0.05729	0.01320	0.00895	0.00431	0.00515	0.00150	0.00695	0.00519	0.00251	0.00611
44	0.01058	0.26683	0.49894	0.01095	0.01643	0.01262	0.01307	0.01502	0.05772	0.04583	0.00860	0.00956	0.00647	0.00434	0.00392	0.00130	0.00584	0.00323	0.00223	0.00650
