[name]
unknown

[dist]
# distance from previous block
# <min> <max>
4	42

[block]
# block no. 0 follows, 48 sequences, length 7
# corresponding to MSA columns:
# 840-846
name=unknown_A
#
# <colnr> <probs for GDERKNQSTAVLIFYWHMCP>
#	G	D	E	R	K	N	Q	S	T	A	V	L	I	F	Y	W	H	M	C	P
0	0.01174	0.03927	0.09165	0.07773	0.14195	0.07263	0.04309	0.05627	0.18926	0.01712	0.01950	0.05736	0.13109	0.00725	0.00549	0.00165	0.02035	0.00613	0.00368	0.00682
1	0.01205	0.01143	0.07807	0.03929	0.38762	0.01020	0.03464	0.01583	0.07355	0.08092	0.01539	0.12981	0.03044	0.00696	0.00535	0.00164	0.00537	0.02311	0.00347	0.03486
2	0.00827	0.00646	0.00873	0.00858	0.00983	0.00745	0.00663	0.01239	0.15100	0.01375	0.01597	0.06922	0.01466	0.03126	0.60321	0.00666	0.01128	0.00612	0.00333	0.00521
3	0.01106	0.14994	0.07379	0.02608	0.01547	0.08259	0.17000	0.04544	0.01164	0.01484	0.03681	0.22910	0.03156	0.00971	0.03812	0.00195	0.02041	0.02225	0.00335	0.00587
4	0.01131	0.03842	0.01804	0.05394	0.52819	0.01078	0.04385	0.01411	0.01186	0.01670	0.12154	0.08045	0.01581	0.00634	0.00532	0.00158	0.00543	0.00604	0.00314	0.00715
5	0.01115	0.00743	0.00890	0.00804	0.00979	0.04377	0.02815	0.08077	0.01148	0.07868	0.01482	0.01819	0.01213	0.01905	0.32489	0.00412	0.00792	0.00505	0.30018	0.00549
6	0.01195	0.01116	0.01866	0.02780	0.67622	0.01116	0.01395	0.01457	0.01108	0.01579	0.01058	0.01567	0.00963	0.12072	0.00808	0.00202	0.00594	0.00498	0.00262	0.00741

[dist]
# distance from previous block
# <min> <max>
0	3

[block]
# block no. 1 follows, 48 sequences, length 47
# corresponding to MSA columns:
# 850-859,865-901
name=unknown_B
#
# <colnr> <probs for GDERKNQSTAVLIFYWHMCP>
#	G	D	E	R	K	N	Q	S	T	A	V	L	I	F	Y	W	H	M	C	P
0	0.00833	0.00614	0.00768	0.04431	0.00980	0.02929	0.00578	0.00974	0.01016	0.05851	0.04327	0.33425	0.10990	0.06220	0.18763	0.00345	0.00597	0.00960	0.00406	0.04994
1	0.00981	0.00872	0.01292	0.32435	0.10570	0.00957	0.03497	0.05347	0.07038	0.01624	0.09252	0.02439	0.18811	0.00753	0.00544	0.00167	0.00510	0.00657	0.01659	0.00595
2	0.00744	0.00568	0.00802	0.00730	0.00871	0.00524	0.04575	0.00984	0.01399	0.01958	0.65827	0.07390	0.07976	0.01061	0.00610	0.00166	0.00284	0.02502	0.00538	0.00490
3	0.01226	0.01168	0.01985	0.05553	0.72136	0.01174	0.01511	0.01520	0.01154	0.01645	0.01063	0.05572	0.00947	0.00521	0.00516	0.00156	0.00595	0.00511	0.00265	0.00784
4	0.01024	0.00930	0.01201	0.06802	0.18018	0.07498	0.02769	0.05819	0.03816	0.01584	0.06688	0.33489	0.04090	0.01087	0.02615	0.00194	0.00502	0.00900	0.00392	0.00582
5	0.00877	0.00446	0.00665	0.00671	0.00673	0.00444	0.00447	0.00671	0.00685	0.00914	0.00995	0.05844	0.01025	0.01773	0.01933	0.80531	0.00438	0.00500	0.00236	0.00233
6	0.01039	0.02586	0.75228	0.01500	0.02245	0.01197	0.05909	0.01626	0.01090	0.01626	0.00927	0.01099	0.00657	0.00485	0.00494	0.00163	0.00764	0.00391	0.00219	0.00755
7	0.01516	0.01278	0.01576	0.08189	0.17263	0.05172	0.01109	0.35232	0.01642	0.02212	0.01080	0.01359	0.00873	0.05060	0.03196	0.00202	0.11465	0.00470	0.00368	0.00737
8	0.01316	0.33728	0.21856	0.04475	0.07529	0.10519	0.05782	0.03258	0.01138	0.01429	0.00831	0.01011	0.00682	0.00489	0.00483	0.00141	0.04052	0.00359	0.00236	0.00687
9	0.00746	0.00497	0.00560	0.00560	0.00560	0.00497	0.00311	0.00746	0.00746	0.00995	0.01617	0.03358	0.01865	0.81967	0.02612	0.00497	0.00497	0.00746	0.00311	0.00311
10	0.01049	0.00947	0.01489	0.11915	0.34138	0.00976	0.03085	0.01425	0.07601	0.01648	0.08070	0.02646	0.09132	0.00771	0.00563	0.00174	0.00522	0.12833	0.00356	0.00659
11	0.01192	0.01517	0.19937	0.06434	0.39275	0.04821	0.01441	0.03217	0.03980	0.02905	0.01361	0.04346	0.06157	0.00584	0.00514	0.00159	0.00617	0.00516	0.00289	0.00739
12	0.01251	0.01242	0.04117	0.02583	0.54534	0.02536	0.07835	0.03823	0.07789	0.01750	0.03344	0.03242	0.01081	0.00543	0.00526	0.00159	0.00602	0.01966	0.00302	0.00774
13	0.01200	0.01209	0.01290	0.01151	0.01262	0.15507	0.00916	0.03741	0.08538	0.01369	0.01056	0.01473	0.00959	0.04955	0.19728	0.00353	0.33963	0.00477	0.00285	0.00567
14	0.52245	0.01202	0.04676	0.04705	0.05496	0.03733	0.00811	0.15560	0.01230	0.04895	0.00889	0.01001	0.00666	0.00510	0.00392	0.00157	0.00488	0.00344	0.00350	0.00650
15	0.01064	0.01014	0.01532	0.67066	0.07796	0.05437	0.01364	0.03318	0.01095	0.01399	0.00942	0.01352	0.00716	0.00516	0.00505	0.00166	0.00675	0.00450	0.03001	0.00591
16	0.01084	0.01050	0.01185	0.03886	0.19357	0.11755	0.00875	0.01489	0.13626	0.01656	0.14321	0.10217	0.15681	0.00863	0.00551	0.00164	0.00472	0.00743	0.00408	0.00617
17	0.01064	0.00912	0.01064	0.00760	0.01216	0.00684	0.00608	0.01292	0.01064	0.01672	0.00912	0.01064	0.00760	0.00380	0.00380	0.00076	0.00380	0.00304	0.00304	0.85104
18	0.01789	0.01587	0.01453	0.01234	0.03752	0.19689	0.00958	0.43900	0.12587	0.02513	0.01246	0.01275	0.00928	0.00606	0.00515	0.00152	0.01750	0.00448	0.02836	0.00782
19	0.01256	0.01205	0.02057	0.06769	0.75256	0.01215	0.01568	0.01562	0.01162	0.01659	0.00963	0.01275	0.00807	0.00460	0.00508	0.00153	0.00613	0.00457	0.00253	0.00801
20	0.01231	0.06963	0.01152	0.00961	0.01119	0.21788	0.00730	0.01412	0.04623	0.05817	0.03105	0.12526	0.01488	0.14393	0.12926	0.00317	0.07960	0.00625	0.00335	0.00530
21	0.01372	0.82276	0.02689	0.00878	0.01317	0.02030	0.00878	0.01536	0.01043	0.01207	0.00713	0.00823	0.00658	0.00439	0.00329	0.00110	0.00549	0.00274	0.00219	0.00658
22	0.00606	0.00520	0.00520	0.00520	0.00693	0.00433	0.00390	0.00736	0.01170	0.01386	0.05198	0.04938	0.78558	0.01299	0.00606	0.00173	0.00260	0.01083	0.00476	0.00433
23	0.01182	0.01129	0.01923	0.25944	0.56663	0.01196	0.01531	0.01497	0.01127	0.01569	0.00950	0.01299	0.00775	0.00474	0.00509	0.00158	0.00631	0.00457	0.00246	0.00741
24	0.02935	0.12979	0.47802	0.01238	0.03128	0.03408	0.01422	0.01595	0.01105	0.06907	0.01133	0.06104	0.00912	0.00568	0.00465	0.00154	0.00637	0.00446	0.06359	0.00704
25	0.02286	0.00899	0.01207	0.00925	0.01323	0.00793	0.00764	0.05942	0.01512	0.75619	0.01988	0.01723	0.01252	0.00634	0.00516	0.00159	0.00443	0.00514	0.00629	0.00873
26	0.05094	0.27564	0.03891	0.00871	0.01310	0.01278	0.00777	0.08795	0.05267	0.01724	0.00932	0.01037	0.00768	0.00446	0.00384	0.00106	0.00466	0.00325	0.00306	0.38656
27	0.02837	0.02531	0.01493	0.05899	0.09533	0.01036	0.11652	0.14401	0.03589	0.09655	0.12730	0.03366	0.04575	0.00815	0.02992	0.00185	0.02789	0.04767	0.02635	0.02522
28	0.01317	0.11070	0.20525	0.05025	0.16474	0.12048	0.01287	0.05874	0.12204	0.01670	0.01117	0.01256	0.01816	0.00540	0.00515	0.00152	0.03268	0.00421	0.00297	0.03123
29	0.00657	0.00536	0.00583	0.00569	0.00730	0.00469	0.00427	0.00853	0.03219	0.01595	0.25760	0.04549	0.55821	0.01213	0.00604	0.00170	0.00259	0.01026	0.00503	0.00457
30	0.01118	0.01065	0.01809	0.42198	0.40902	0.01179	0.01499	0.01442	0.01097	0.01492	0.00938	0.01319	0.00748	0.00485	0.00511	0.00162	0.00647	0.00457	0.00241	0.00691
31	0.01151	0.23343	0.26355	0.01152	0.01586	0.03280	0.05413	0.01466	0.01031	0.05191	0.01023	0.01307	0.00853	0.02775	0.17905	0.00302	0.04548	0.00417	0.00256	0.00646
32	0.02240	0.00974	0.01253	0.00961	0.01360	0.00903	0.00793	0.15758	0.01636	0.65628	0.01883	0.01655	0.01199	0.00632	0.00516	0.00158	0.00459	0.00506	0.00613	0.00873
33	0.00733	0.00550	0.00825	0.00825	0.00916	0.00641	0.00641	0.00916	0.00825	0.01191	0.01374	0.02016	0.01283	0.03848	0.79934	0.00825	0.01374	0.00550	0.00275	0.00458
34	0.01247	0.01196	0.02042	0.08948	0.73144	0.01213	0.01564	0.01555	0.01158	0.01649	0.00961	0.01277	0.00803	0.00461	0.00508	0.00154	0.00615	0.00457	0.00252	0.00795
35	0.01007	0.00832	0.01177	0.03700	0.19506	0.00863	0.00966	0.03061	0.12701	0.01651	0.02267	0.03618	0.08978	0.01105	0.02860	0.02443	0.00508	0.31741	0.00411	0.00605
36	0.00733	0.00550	0.00825	0.00825	0.00916	0.00641	0.00641	0.00916	0.00825	0.01191	0.01374	0.02016	0.01283	0.03848	0.79934	0.00825	0.01374	0.00550	0.00275	0.00458
37	0.00802	0.00490	0.00675	0.00675	0.00699	0.00515	0.00454	0.00760	0.00735	0.01005	0.01256	0.02265	0.01312	0.28342	0.23045	0.35108	0.00711	0.00571	0.00265	0.00314
38	0.01257	0.01369	0.05759	0.04798	0.38845	0.06927	0.20058	0.01639	0.04723	0.01625	0.01091	0.01503	0.00912	0.00529	0.00575	0.00164	0.03236	0.03979	0.00275	0.00733
39	0.00641	0.00464	0.00601	0.00704	0.00750	0.00432	0.00481	0.00738	0.00999	0.01315	0.02971	0.66863	0.09836	0.05340	0.00746	0.00221	0.00314	0.05701	0.00468	0.00416
40	0.01270	0.01215	0.02053	0.03082	0.76301	0.01221	0.01550	0.01611	0.03610	0.01691	0.01001	0.01290	0.00837	0.00465	0.00508	0.00153	0.00603	0.00461	0.00263	0.00813
41	0.01404	0.01153	0.01256	0.01139	0.04934	0.01295	0.00859	0.22044	0.48880	0.02355	0.02039	0.01927	0.06984	0.00708	0.00525	0.00168	0.00446	0.00580	0.00504	0.00800
42	0.01456	0.01180	0.05859	0.13456	0.08038	0.04822	0.02353	0.21523	0.02985	0.13725	0.01638	0.12258	0.04811	0.00749	0.00565	0.00167	0.02662	0.00624	0.00419	0.00708
43	0.01661	0.00852	0.05228	0.00865	0.01159	0.00705	0.00712	0.01902	0.04871	0.46151	0.05797	0.15402	0.01845	0.09489	0.00766	0.00204	0.00426	0.00715	0.00542	0.00709
44	0.00705	0.00596	0.04332	0.00771	0.00853	0.00507	0.00566	0.04286	0.01053	0.01414	0.02665	0.74138	0.03148	0.01509	0.00641	0.00204	0.00332	0.01362	0.00466	0.00454
45	0.07248	0.03939	0.61965	0.01381	0.02048	0.04915	0.03317	0.04071	0.03465	0.01716	0.00944	0.01089	0.00682	0.00497	0.00475	0.00160	0.00721	0.00381	0.00246	0.00738
46	0.01373	0.11649	0.25714	0.05260	0.07585	0.15954	0.12513	0.08348	0.01292	0.02632	0.00948	0.01131	0.00726	0.00496	0.00484	0.00150	0.00734	0.00411	0.01892	0.00707

[dist]
# distance from previous block
# <min> <max>
0	1

[block]
# block no. 2 follows, 48 sequences, length 9
# corresponding to MSA columns:
# 903-911
name=unknown_C
#
# <colnr> <probs for GDERKNQSTAVLIFYWHMCP>
#	G	D	E	R	K	N	Q	S	T	A	V	L	I	F	Y	W	H	M	C	P
0	0.01476	0.01164	0.01326	0.01242	0.08203	0.01285	0.00902	0.34665	0.27232	0.02458	0.01723	0.12998	0.01460	0.00771	0.00536	0.00168	0.00477	0.00644	0.00488	0.00782
1	0.00866	0.00684	0.00957	0.07322	0.01196	0.00704	0.05952	0.07702	0.05921	0.01519	0.02220	0.48360	0.02477	0.10600	0.00846	0.00229	0.00422	0.01092	0.00428	0.00501
2	0.01205	0.06394	0.13110	0.01157	0.03064	0.07634	0.06798	0.11782	0.07305	0.03277	0.03164	0.06779	0.06617	0.01052	0.07551	0.00226	0.00642	0.08778	0.02822	0.00644
3	0.06681	0.36732	0.03456	0.00892	0.01249	0.08358	0.00797	0.07680	0.01255	0.11845	0.05343	0.01591	0.07254	0.04223	0.00521	0.00151	0.00522	0.00448	0.00351	0.00652
4	0.00876	0.03046	0.04067	0.00687	0.00874	0.00635	0.00551	0.02539	0.06555	0.05253	0.18099	0.08247	0.25578	0.07680	0.04255	0.00220	0.00379	0.00836	0.09110	0.00514
5	0.01172	0.16567	0.11351	0.01017	0.01326	0.01270	0.00921	0.08835	0.21434	0.01782	0.08184	0.10905	0.01639	0.03483	0.00675	0.00177	0.07592	0.00611	0.00390	0.00669
6	0.11003	0.19894	0.09217	0.00866	0.01155	0.06196	0.00766	0.05733	0.06459	0.01556	0.04211	0.05875	0.04207	0.19721	0.00949	0.00229	0.00521	0.00546	0.00328	0.00567
7	0.01216	0.32474	0.18067	0.00995	0.01388	0.05846	0.00995	0.07252	0.02462	0.01490	0.02694	0.03245	0.01032	0.08910	0.07052	0.00227	0.00652	0.00436	0.02938	0.00629
8	0.01231	0.30976	0.28063	0.01107	0.01583	0.03481	0.01196	0.03488	0.03938	0.04760	0.01303	0.01454	0.07058	0.00601	0.00530	0.00149	0.06232	0.01887	0.00282	0.00682

[dist]
# distance from previous block
# <min> <max>
0	2

[block]
# block no. 3 follows, 48 sequences, length 6
# corresponding to MSA columns:
# 914-919
name=unknown_D
#
# <colnr> <probs for GDERKNQSTAVLIFYWHMCP>
#	G	D	E	R	K	N	Q	S	T	A	V	L	I	F	Y	W	H	M	C	P
0	0.01140	0.19057	0.08503	0.02933	0.09939	0.03384	0.10275	0.06760	0.01195	0.01563	0.06917	0.02107	0.06789	0.10238	0.02903	0.00212	0.00597	0.04555	0.00319	0.00616
1	0.04585	0.26921	0.09991	0.00972	0.01331	0.05182	0.00903	0.12995	0.04572	0.05519	0.04255	0.08904	0.01281	0.00866	0.05322	0.00188	0.00579	0.02196	0.02777	0.00661
2	0.01550	0.01489	0.05111	0.01108	0.03179	0.22427	0.00880	0.24435	0.04852	0.05015	0.06563	0.01787	0.04430	0.06152	0.00644	0.00172	0.00600	0.02142	0.04249	0.03217
3	0.01098	0.05394	0.01145	0.00909	0.01164	0.05551	0.05306	0.06454	0.15808	0.03762	0.10535	0.12610	0.12075	0.05729	0.00659	0.00178	0.00435	0.00738	0.00432	0.10019
4	0.01267	0.06874	0.29463	0.01226	0.01700	0.08548	0.05840	0.14301	0.06338	0.01836	0.03657	0.04518	0.03225	0.04585	0.00602	0.00171	0.00635	0.00501	0.00330	0.04382
5	0.01299	0.01267	0.10523	0.01153	0.05117	0.08495	0.05559	0.10443	0.04776	0.09516	0.09024	0.02239	0.07505	0.03801	0.00606	0.00168	0.00536	0.06537	0.00404	0.11032

[dist]
# distance from previous block
# <min> <max>
38	163

[block]
# block no. 4 follows, 48 sequences, length 17
# corresponding to MSA columns:
# 1294-1310
name=unknown_E
#
# <colnr> <probs for GDERKNQSTAVLIFYWHMCP>
#	G	D	E	R	K	N	Q	S	T	A	V	L	I	F	Y	W	H	M	C	P
0	0.03298	0.01054	0.09049	0.02265	0.03146	0.05535	0.02511	0.05652	0.05326	0.02929	0.13991	0.08394	0.17027	0.04731	0.00629	0.00170	0.00442	0.00710	0.00406	0.12736
1	0.13947	0.05492	0.08460	0.04399	0.08337	0.02631	0.03327	0.12947	0.03037	0.14772	0.04925	0.08870	0.01268	0.00666	0.00514	0.00160	0.02321	0.00540	0.00401	0.02985
2	0.05801	0.02670	0.09249	0.16072	0.13808	0.05342	0.02733	0.16062	0.05918	0.03154	0.06233	0.03362	0.01171	0.00615	0.00536	0.00161	0.02605	0.01887	0.00351	0.02272
3	0.03333	0.01410	0.01554	0.01584	0.19840	0.11872	0.01047	0.32623	0.02924	0.05109	0.01095	0.01197	0.00833	0.00531	0.00482	0.00140	0.00587	0.00420	0.00389	0.13030
4	0.05702	0.00917	0.01017	0.00865	0.01105	0.00964	0.00671	0.24458	0.04875	0.02077	0.06117	0.13615	0.07406	0.08696	0.00778	0.00191	0.04694	0.00685	0.04501	0.10666
5	0.01499	0.01281	0.01482	0.01583	0.20382	0.07727	0.01030	0.30892	0.11014	0.02277	0.03543	0.07641	0.02758	0.00689	0.00524	0.00159	0.00545	0.01892	0.00423	0.02660
6	0.01179	0.04300	0.07706	0.00865	0.01143	0.02675	0.00715	0.14480	0.05327	0.05288	0.03615	0.07301	0.01463	0.25831	0.01142	0.00250	0.00495	0.00593	0.00377	0.15257
7	0.01489	0.05828	0.02002	0.03698	0.17505	0.18667	0.18746	0.15437	0.01437	0.01794	0.01071	0.03190	0.01949	0.00557	0.00571	0.00156	0.04397	0.00488	0.00310	0.00707
8	0.00729	0.00494	0.00619	0.00670	0.00741	0.00461	0.00456	0.00826	0.01010	0.04889	0.06368	0.46246	0.14743	0.14711	0.04335	0.00272	0.00374	0.01177	0.00452	0.00428
9	0.01659	0.01192	0.01402	0.01133	0.02785	0.01267	0.04408	0.45224	0.07576	0.08852	0.05551	0.03484	0.01324	0.00682	0.00523	0.00157	0.00509	0.03951	0.03640	0.04681
10	0.01338	0.01499	0.16790	0.06188	0.23767	0.04767	0.14823	0.05735	0.04790	0.09559	0.01219	0.05063	0.00966	0.00556	0.00528	0.00162	0.00658	0.00521	0.00322	0.00749
11	0.01363	0.01486	0.05685	0.02773	0.62621	0.13935	0.01496	0.01654	0.01210	0.01606	0.00935	0.01205	0.00780	0.00470	0.00500	0.00150	0.00668	0.00433	0.00254	0.00775
12	0.00837	0.00655	0.00924	0.04930	0.11764	0.00656	0.00719	0.06731	0.01124	0.01513	0.02353	0.59043	0.02704	0.01316	0.00618	0.00195	0.00383	0.02584	0.00436	0.00515
13	0.00857	0.04479	0.04923	0.00704	0.00801	0.00673	0.00520	0.04930	0.00918	0.01225	0.01660	0.06300	0.01837	0.56794	0.04125	0.00417	0.00531	0.07569	0.00333	0.00404
14	0.01224	0.03520	0.07292	0.01543	0.13619	0.05956	0.14961	0.07307	0.07357	0.03880	0.06750	0.06259	0.01518	0.00714	0.00573	0.00168	0.02599	0.08113	0.05977	0.00668
15	0.21674	0.05237	0.09030	0.01057	0.01425	0.14988	0.00926	0.24233	0.03241	0.05090	0.04618	0.01219	0.00948	0.00637	0.02004	0.00165	0.02028	0.00406	0.00378	0.00695
16	0.02799	0.03018	0.01369	0.11503	0.05252	0.01200	0.00949	0.30503	0.09263	0.15838	0.01550	0.05513	0.01219	0.00690	0.00520	0.00164	0.00514	0.04513	0.02861	0.00761

[dist]
# distance from previous block
# <min> <max>
3	5

[block]
# block no. 5 follows, 48 sequences, length 17
# corresponding to MSA columns:
# 1318-1334
name=unknown_F
#
# <colnr> <probs for GDERKNQSTAVLIFYWHMCP>
#	G	D	E	R	K	N	Q	S	T	A	V	L	I	F	Y	W	H	M	C	P
0	0.01096	0.01052	0.01801	0.07668	0.43819	0.01034	0.11004	0.01378	0.01145	0.01581	0.01640	0.08241	0.10023	0.00662	0.00542	0.00162	0.00570	0.02033	0.00303	0.04244
1	0.01112	0.00997	0.01569	0.66169	0.07454	0.01203	0.01375	0.11099	0.01213	0.01579	0.00956	0.01345	0.00715	0.00523	0.00513	0.00168	0.00664	0.00457	0.00266	0.00622
2	0.01754	0.02155	0.01474	0.01506	0.11475	0.64343	0.01020	0.01899	0.01369	0.01292	0.00871	0.01136	0.00763	0.06069	0.00615	0.00160	0.00855	0.00375	0.00266	0.00604
3	0.01074	0.00944	0.01198	0.00856	0.01316	0.00726	0.05807	0.01316	0.01074	0.01670	0.00921	0.01086	0.00761	0.00384	0.00395	0.00083	0.00413	0.00325	0.00301	0.79352
4	0.01104	0.01123	0.01551	0.67225	0.06447	0.11306	0.01375	0.01417	0.01087	0.01319	0.00899	0.01307	0.00686	0.00513	0.00506	0.00165	0.00712	0.00440	0.00234	0.00583
5	0.01271	0.01204	0.01964	0.02878	0.68776	0.01227	0.01476	0.01723	0.11061	0.01737	0.01110	0.01353	0.00910	0.00488	0.00510	0.00155	0.00583	0.00473	0.00289	0.00813
6	0.01414	0.01102	0.01187	0.00975	0.01275	0.04242	0.00774	0.39070	0.01709	0.02295	0.01608	0.10074	0.05794	0.04112	0.10838	0.00249	0.00611	0.00600	0.00432	0.11639
7	0.02960	0.00611	0.00839	0.14032	0.03602	0.00633	0.00680	0.01031	0.04117	0.03713	0.08489	0.44406	0.05994	0.02628	0.00627	0.00193	0.00377	0.01062	0.03512	0.00493
8	0.03511	0.01304	0.01585	0.01469	0.13406	0.01423	0.03791	0.50556	0.03959	0.02703	0.04660	0.01469	0.03286	0.00634	0.00565	0.00159	0.03760	0.00503	0.00450	0.00806
9	0.01066	0.00829	0.01177	0.09870	0.11296	0.00876	0.03839	0.06520	0.01974	0.07036	0.06986	0.04157	0.13183	0.18516	0.01100	0.00245	0.07129	0.03265	0.00375	0.00562
10	0.01435	0.01271	0.01548	0.13844	0.16191	0.09465	0.04114	0.20973	0.11309	0.03870	0.03784	0.03832	0.02087	0.00620	0.00536	0.00160	0.01846	0.00521	0.01869	0.00727
11	0.03407	0.01260	0.01647	0.08680	0.29877	0.07492	0.03087	0.17865	0.01427	0.03033	0.02413	0.03203	0.00926	0.00541	0.00514	0.00146	0.02053	0.00461	0.00332	0.11635
12	0.03137	0.00971	0.01315	0.09292	0.06572	0.03239	0.09167	0.15607	0.05639	0.01937	0.14077	0.15516	0.07530	0.00853	0.00559	0.00168	0.00487	0.00758	0.00422	0.02752
13	0.03062	0.05565	0.03028	0.07094	0.19043	0.07245	0.04517	0.16911	0.05024	0.01985	0.14293	0.05144	0.03532	0.00678	0.00522	0.00157	0.00544	0.00583	0.00385	0.00689
14	0.05543	0.03658	0.04080	0.01654	0.18712	0.06570	0.11356	0.21906	0.04021	0.05110	0.04441	0.03036	0.04812	0.00622	0.00521	0.00159	0.00593	0.02089	0.00381	0.00736
15	0.04620	0.02778	0.08062	0.12649	0.15645	0.05159	0.04397	0.19323	0.01427	0.05352	0.01189	0.07174	0.00988	0.00597	0.00499	0.00154	0.00585	0.00507	0.01731	0.07164
16	0.04723	0.09865	0.03644	0.01015	0.04421	0.08823	0.02960	0.12616	0.09455	0.04623	0.06640	0.06648	0.03349	0.05088	0.00590	0.00167	0.00488	0.00560	0.12438	0.01885

[dist]
# distance from previous block
# <min> <max>
28	90

[block]
# block no. 6 follows, 48 sequences, length 19
# corresponding to MSA columns:
# 1482-1500
name=unknown_G
#
# <colnr> <probs for GDERKNQSTAVLIFYWHMCP>
#	G	D	E	R	K	N	Q	S	T	A	V	L	I	F	Y	W	H	M	C	P
0	0.01098	0.00902	0.01061	0.01009	0.06048	0.06196	0.03789	0.09900	0.04188	0.05158	0.19673	0.13553	0.12475	0.00918	0.00556	0.00160	0.00417	0.02483	0.01855	0.08562
1	0.01172	0.12309	0.11628	0.06058	0.08788	0.07674	0.04326	0.07814	0.06592	0.01722	0.12195	0.08390	0.04964	0.00731	0.00515	0.00158	0.00545	0.02137	0.01638	0.00645
2	0.09567	0.01097	0.04583	0.46077	0.08924	0.05282	0.01227	0.01511	0.08270	0.01539	0.01139	0.03075	0.02595	0.00560	0.00492	0.00165	0.00614	0.00472	0.00281	0.02532
3	0.01392	0.01404	0.06333	0.01555	0.12426	0.13041	0.13377	0.12474	0.08787	0.05682	0.03285	0.05381	0.05494	0.00685	0.00583	0.00166	0.03526	0.03337	0.00373	0.00700
4	0.00650	0.00485	0.00598	0.00645	0.00730	0.00440	0.00451	0.00783	0.01133	0.01500	0.21975	0.41116	0.21603	0.04563	0.00708	0.00200	0.00283	0.01210	0.00492	0.00433
5	0.01565	0.54161	0.02260	0.01025	0.01412	0.24316	0.00917	0.06579	0.01249	0.01353	0.00770	0.00879	0.00673	0.00476	0.00379	0.00119	0.00658	0.00303	0.00251	0.00654
6	0.02902	0.02954	0.22330	0.01674	0.19625	0.02483	0.07157	0.04779	0.08323	0.06307	0.02538	0.04571	0.01062	0.00570	0.00503	0.00155	0.00594	0.01957	0.00327	0.09190
7	0.51242	0.04464	0.04051	0.03844	0.01291	0.03581	0.00751	0.12877	0.01209	0.11099	0.00959	0.01029	0.00700	0.00517	0.00388	0.00156	0.00473	0.00345	0.00370	0.00653
8	0.00865	0.00446	0.00661	0.00673	0.00676	0.00443	0.00449	0.00673	0.00700	0.00933	0.01086	0.09607	0.01143	0.01765	0.01870	0.76542	0.00431	0.00547	0.00248	0.00242
9	0.00646	0.00471	0.00625	0.00714	0.00768	0.00449	0.00497	0.00760	0.01012	0.01351	0.07013	0.61607	0.08716	0.01774	0.08618	0.00266	0.00405	0.03419	0.00461	0.00427
10	0.02684	0.15614	0.29061	0.10849	0.07790	0.10013	0.06897	0.04446	0.04052	0.01567	0.00931	0.01124	0.00720	0.00498	0.00486	0.00152	0.01764	0.00397	0.00254	0.00701
11	0.00999	0.00943	0.01594	0.72937	0.11095	0.01148	0.01440	0.01337	0.01040	0.01348	0.00917	0.01358	0.00697	0.00507	0.00512	0.00169	0.00677	0.00456	0.00231	0.00594
12	0.01239	0.00961	0.01074	0.01074	0.08858	0.11613	0.04714	0.01485	0.02975	0.10912	0.10539	0.04407	0.08584	0.00725	0.00525	0.00149	0.03015	0.00602	0.25956	0.00591
13	0.07823	0.03457	0.01106	0.00934	0.01199	0.05245	0.00746	0.09446	0.26503	0.10324	0.15578	0.03712	0.03788	0.00794	0.00547	0.00168	0.01742	0.05709	0.00492	0.00687
14	0.19980	0.03788	0.08478	0.05121	0.14023	0.02198	0.10842	0.03246	0.08825	0.01829	0.03595	0.04896	0.04498	0.00626	0.00489	0.00163	0.00542	0.03325	0.00334	0.03201
15	0.01194	0.14675	0.09133	0.04359	0.15683	0.02314	0.09509	0.08776	0.02808	0.01682	0.01492	0.03262	0.09078	0.02207	0.01562	0.00161	0.00574	0.00518	0.03009	0.08005
16	0.03412	0.05766	0.14980	0.09178	0.01795	0.20266	0.01118	0.17369	0.09345	0.06017	0.01216	0.01295	0.02628	0.00569	0.00483	0.00150	0.00658	0.00427	0.00355	0.02973
17	0.29876	0.04597	0.04406	0.00952	0.01263	0.18955	0.00786	0.11985	0.07915	0.02021	0.03256	0.04542	0.03143	0.00614	0.00433	0.00153	0.00543	0.00440	0.03490	0.00629
18	0.03775	0.06824	0.05980	0.02001	0.05213	0.05576	0.05049	0.05152	0.05410	0.03406	0.04489	0.19837	0.07711	0.02679	0.00596	0.00170	0.02031	0.02979	0.02040	0.09081

[dist]
# distance from previous block
# <min> <max>
8	95

[block]
# block no. 7 follows, 48 sequences, length 8
# corresponding to MSA columns:
# 1615-1622
name=unknown_H
#
# <colnr> <probs for GDERKNQSTAVLIFYWHMCP>
#	G	D	E	R	K	N	Q	S	T	A	V	L	I	F	Y	W	H	M	C	P
0	0.03103	0.14670	0.05970	0.01381	0.12262	0.09671	0.08819	0.08419	0.08110	0.01710	0.06680	0.04238	0.09179	0.02923	0.00560	0.00162	0.00568	0.00566	0.00349	0.00661
1	0.04337	0.10471	0.15492	0.01337	0.11478	0.03040	0.01100	0.18237	0.01374	0.05653	0.03652	0.03135	0.01129	0.03251	0.09141	0.00238	0.02458	0.03429	0.00348	0.00698
2	0.01444	0.34293	0.04489	0.01397	0.15985	0.06192	0.01034	0.18339	0.01434	0.01841	0.07999	0.01288	0.01118	0.00544	0.00442	0.00135	0.00564	0.00417	0.00326	0.00719
3	0.01401	0.20583	0.11570	0.01122	0.01553	0.01418	0.06039	0.25596	0.06549	0.02045	0.01185	0.06040	0.00989	0.00699	0.03171	0.00166	0.00589	0.00473	0.00360	0.08451
4	0.04060	0.32108	0.20736	0.01142	0.01590	0.04007	0.08021	0.04508	0.02893	0.01535	0.01052	0.06893	0.00927	0.00576	0.00480	0.00145	0.03346	0.00449	0.04870	0.00662
5	0.08423	0.50947	0.09931	0.01161	0.08492	0.01749	0.01027	0.10184	0.01201	0.01615	0.00816	0.00937	0.00688	0.00469	0.00381	0.00128	0.00564	0.00323	0.00264	0.00698
6	0.00757	0.00552	0.00677	0.00671	0.00761	0.00550	0.00472	0.04518	0.01079	0.01451	0.16910	0.16222	0.14360	0.23549	0.14810	0.00376	0.00534	0.00902	0.00415	0.00433
7	0.00682	0.00523	0.00625	0.00599	0.00740	0.00465	0.00449	0.00883	0.01348	0.01811	0.51535	0.04239	0.31956	0.01141	0.00606	0.00166	0.00249	0.00985	0.00532	0.00465

[dist]
# distance from previous block
# <min> <max>
0	1

[block]
# block no. 8 follows, 48 sequences, length 7
# corresponding to MSA columns:
# 1624-1630
name=unknown_I
#
# <colnr> <probs for GDERKNQSTAVLIFYWHMCP>
#	G	D	E	R	K	N	Q	S	T	A	V	L	I	F	Y	W	H	M	C	P
0	0.05780	0.05576	0.26126	0.00985	0.01372	0.00961	0.01016	0.07576	0.01154	0.09288	0.01337	0.05080	0.01112	0.06721	0.10625	0.00261	0.00640	0.00498	0.13256	0.00635
1	0.05112	0.23654	0.12478	0.01152	0.01559	0.26374	0.01052	0.14247	0.06769	0.01726	0.00949	0.01035	0.00753	0.00523	0.00437	0.00138	0.00683	0.00359	0.00307	0.00694
2	0.01829	0.01428	0.01785	0.01343	0.01771	0.01543	0.13497	0.64619	0.02214	0.02972	0.01200	0.01257	0.00857	0.00586	0.00529	0.00157	0.00614	0.00486	0.00471	0.00843
3	0.06138	0.44551	0.21568	0.01223	0.01747	0.01651	0.13648	0.01574	0.01071	0.01446	0.00818	0.00981	0.00670	0.00452	0.00413	0.00136	0.00644	0.00355	0.00231	0.00683
4	0.08239	0.10507	0.14122	0.01031	0.01416	0.06287	0.00962	0.25041	0.05178	0.02226	0.15822	0.01658	0.01575	0.00644	0.00483	0.00151	0.00525	0.00499	0.02937	0.00698
5	0.01241	0.08165	0.55092	0.01450	0.05836	0.01330	0.01630	0.15959	0.01337	0.01903	0.00967	0.01102	0.00701	0.00507	0.00482	0.00157	0.00699	0.00391	0.00275	0.00775
6	0.04044	0.13133	0.22466	0.01515	0.16130	0.03548	0.03156	0.08896	0.07941	0.03488	0.03336	0.01293	0.00952	0.00525	0.00465	0.00147	0.00588	0.00426	0.04028	0.03921

[dist]
# distance from previous block
# <min> <max>
69	310

[block]
# block no. 9 follows, 48 sequences, length 54
# corresponding to MSA columns:
# 2087-2140
name=unknown_J
#
# <colnr> <probs for GDERKNQSTAVLIFYWHMCP>
#	G	D	E	R	K	N	Q	S	T	A	V	L	I	F	Y	W	H	M	C	P
0	0.01276	0.10284	0.17043	0.01708	0.24091	0.05099	0.01251	0.08125	0.07018	0.03318	0.06129	0.01483	0.01137	0.00645	0.02411	0.00167	0.02388	0.01906	0.00320	0.04201
1	0.06826	0.02894	0.01563	0.01741	0.27226	0.09133	0.04356	0.12441	0.06658	0.06604	0.06854	0.02652	0.05375	0.00614	0.00505	0.00153	0.00552	0.00524	0.00375	0.02953
2	0.02782	0.07355	0.07323	0.11673	0.15978	0.12220	0.07270	0.04614	0.06678	0.04293	0.07793	0.02902	0.01279	0.03761	0.00589	0.00170	0.00621	0.01706	0.00327	0.00666
3	0.01322	0.05636	0.06889	0.01215	0.04045	0.02661	0.12233	0.15217	0.05548	0.10614	0.03465	0.18823	0.01640	0.00823	0.00550	0.00169	0.00529	0.04092	0.02117	0.02411
4	0.01453	0.01135	0.03034	0.07145	0.05816	0.04272	0.06394	0.11509	0.22589	0.14752	0.05778	0.02003	0.01461	0.00702	0.00586	0.00172	0.03659	0.06345	0.00455	0.00740
5	0.05111	0.08328	0.06276	0.01664	0.25004	0.03705	0.04070	0.03596	0.02510	0.28012	0.01543	0.01566	0.05187	0.00574	0.00494	0.00153	0.00543	0.00487	0.00404	0.00774
6	0.01085	0.01310	0.15914	0.14574	0.32171	0.01075	0.04304	0.04055	0.01146	0.01595	0.02905	0.05814	0.05037	0.04219	0.02448	0.00193	0.00628	0.00558	0.00285	0.00685
7	0.01211	0.17544	0.38649	0.07331	0.06715	0.02909	0.01422	0.01642	0.03199	0.07239	0.05021	0.01278	0.00953	0.00533	0.00493	0.00153	0.02299	0.00414	0.00279	0.00716
8	0.01280	0.01110	0.01699	0.02239	0.46116	0.04232	0.05133	0.01605	0.05393	0.09179	0.03053	0.05961	0.09426	0.00650	0.00533	0.00160	0.00547	0.00600	0.00347	0.00736
9	0.00648	0.00463	0.00604	0.00708	0.00747	0.00436	0.00481	0.00741	0.00983	0.01301	0.02818	0.66801	0.06417	0.08397	0.00822	0.00233	0.00324	0.06199	0.00462	0.00412
10	0.01034	0.02093	0.53602	0.05801	0.05893	0.01115	0.08355	0.01547	0.02579	0.02752	0.01301	0.05391	0.05089	0.00589	0.00516	0.00166	0.00695	0.00506	0.00262	0.00713
11	0.01357	0.01501	0.13783	0.06698	0.45496	0.06912	0.03393	0.04946	0.02843	0.06626	0.01047	0.01267	0.00816	0.00493	0.00505	0.00155	0.00649	0.00446	0.00289	0.00779
12	0.01271	0.01251	0.01987	0.11859	0.66011	0.05507	0.01526	0.01571	0.01168	0.01612	0.00950	0.01262	0.00790	0.00467	0.00506	0.00153	0.00635	0.00450	0.00252	0.00773
13	0.00729	0.00626	0.00647	0.00657	0.00803	0.04799	0.00499	0.00890	0.01226	0.01529	0.19943	0.12842	0.42474	0.01250	0.00615	0.00179	0.00319	0.09036	0.00483	0.00455
14	0.01927	0.04906	0.07578	0.01205	0.07390	0.03538	0.02704	0.12857	0.03576	0.44596	0.01641	0.03322	0.01127	0.00614	0.00508	0.00157	0.00520	0.00501	0.00509	0.00825
15	0.01881	0.08023	0.02625	0.01059	0.01442	0.04722	0.00885	0.35806	0.07935	0.24713	0.01526	0.04612	0.01114	0.00647	0.00502	0.00155	0.00522	0.00504	0.00508	0.00818
16	0.80988	0.01005	0.00827	0.00810	0.05239	0.01155	0.00611	0.01512	0.00889	0.02268	0.00728	0.00857	0.00570	0.00475	0.00328	0.00158	0.00409	0.00288	0.00314	0.00570
17	0.01339	0.04507	0.05994	0.02093	0.37736	0.05974	0.02701	0.06303	0.24362	0.01861	0.01298	0.01416	0.01019	0.00543	0.00504	0.00157	0.00575	0.00478	0.00347	0.00792
18	0.01022	0.00586	0.00797	0.00786	0.00936	0.00531	0.02375	0.01167	0.01152	0.18226	0.05963	0.43629	0.11707	0.01294	0.00621	0.00193	0.00350	0.07626	0.00509	0.00532
19	0.01918	0.02393	0.01459	0.01315	0.01587	0.75835	0.00991	0.05949	0.01504	0.01359	0.00816	0.00941	0.00672	0.00533	0.00465	0.00133	0.00907	0.00337	0.00277	0.00609
20	0.01152	0.24095	0.49219	0.05694	0.05011	0.03494	0.01558	0.01593	0.01082	0.01487	0.00862	0.01031	0.00661	0.00476	0.00446	0.00147	0.00696	0.00357	0.00221	0.00719
21	0.01917	0.02445	0.01454	0.01322	0.01586	0.79907	0.00991	0.02049	0.01454	0.01256	0.00793	0.00925	0.00661	0.00529	0.00463	0.00132	0.00925	0.00330	0.00264	0.00595
22	0.00745	0.00502	0.00584	0.00584	0.00593	0.00511	0.00342	0.00762	0.00753	0.01013	0.01594	0.03233	0.01811	0.74720	0.09785	0.00528	0.00579	0.00728	0.00308	0.00325
23	0.00717	0.00520	0.00675	0.00645	0.00763	0.00479	0.00481	0.00947	0.01417	0.01994	0.71926	0.08118	0.07214	0.01088	0.00608	0.00164	0.00246	0.00962	0.00557	0.00479
24	0.01160	0.01033	0.01650	0.48448	0.19456	0.01184	0.03252	0.05431	0.07773	0.04044	0.01080	0.01399	0.00819	0.00524	0.00515	0.00166	0.00634	0.00473	0.00287	0.00672
25	0.00617	0.00512	0.00541	0.00550	0.00704	0.00435	0.00406	0.00751	0.01170	0.01428	0.10451	0.13218	0.64819	0.01314	0.00612	0.00176	0.00263	0.01112	0.00483	0.00435
26	0.01847	0.12690	0.01613	0.01265	0.01552	0.69913	0.00977	0.01983	0.01401	0.01250	0.00783	0.00912	0.00661	0.00517	0.00446	0.00129	0.00877	0.00323	0.00259	0.00603
27	0.00640	0.00491	0.00592	0.00664	0.00760	0.00443	0.00481	0.00762	0.01078	0.01365	0.03746	0.43081	0.32843	0.01465	0.00642	0.00198	0.00302	0.09542	0.00476	0.00429
28	0.01195	0.01521	0.17770	0.06840	0.45669	0.01223	0.15103	0.01583	0.01151	0.01640	0.00966	0.01258	0.00767	0.00462	0.00522	0.00159	0.00689	0.00468	0.00246	0.00767
29	0.01250	0.01199	0.02046	0.08339	0.73735	0.01214	0.01565	0.01557	0.01159	0.01652	0.00962	0.01276	0.00804	0.00461	0.00508	0.00154	0.00615	0.00457	0.00252	0.00797
30	0.01270	0.01219	0.02083	0.03149	0.78767	0.01219	0.01575	0.01575	0.01168	0.01676	0.00965	0.01270	0.00813	0.00457	0.00508	0.00152	0.00610	0.00457	0.00254	0.00813
31	0.00757	0.00585	0.00770	0.03867	0.04321	0.00555	0.00564	0.01021	0.03358	0.01920	0.59853	0.03728	0.14702	0.01028	0.00595	0.00163	0.00282	0.00901	0.00525	0.00503
32	0.00742	0.00514	0.00646	0.00646	0.00676	0.00544	0.00419	0.00802	0.00772	0.01059	0.01538	0.02921	0.01676	0.56517	0.27802	0.00604	0.00783	0.00682	0.00299	0.00359
33	0.01167	0.00669	0.00861	0.00744	0.00948	0.00625	0.00580	0.06833	0.01526	0.19346	0.55817	0.03178	0.03756	0.00925	0.00579	0.00160	0.00309	0.00802	0.00577	0.00599
34	0.00978	0.00921	0.01556	0.78372	0.05825	0.01142	0.01430	0.01319	0.01030	0.01322	0.00914	0.01365	0.00688	0.00511	0.00513	0.00170	0.00682	0.00456	0.00229	0.00577
35	0.83348	0.01031	0.00773	0.00692	0.01008	0.03263	0.00567	0.01523	0.00889	0.02274	0.00717	0.00836	0.00559	0.00478	0.00321	0.00158	0.00411	0.00279	0.00316	0.00557
36	0.01262	0.01216	0.02091	0.04885	0.75381	0.01219	0.03237	0.01570	0.01166	0.01667	0.00966	0.01275	0.00809	0.00458	0.00510	0.00153	0.00617	0.00460	0.00254	0.00805
37	0.01264	0.01191	0.01989	0.12788	0.65728	0.01227	0.01528	0.05065	0.01209	0.01703	0.00971	0.01280	0.00799	0.00472	0.00509	0.00155	0.00617	0.00457	0.00263	0.00785
38	0.07311	0.01573	0.01383	0.01259	0.05623	0.24361	0.00942	0.20732	0.22007	0.03934	0.01276	0.01307	0.00971	0.00608	0.00543	0.00157	0.04430	0.00443	0.00405	0.00736
39	0.00814	0.00645	0.00811	0.04542	0.03975	0.02115	0.02142	0.00999	0.03608	0.01397	0.12180	0.03837	0.15753	0.29662	0.01320	0.00296	0.00444	0.14612	0.00401	0.00446
40	0.01793	0.02066	0.01453	0.01360	0.05563	0.55105	0.00993	0.10852	0.12818	0.01639	0.01044	0.01125	0.00827	0.00560	0.00480	0.00142	0.00790	0.00389	0.00331	0.00671
41	0.00792	0.00582	0.00670	0.00666	0.00708	0.02325	0.00431	0.00914	0.04797	0.01116	0.01616	0.05917	0.01753	0.55655	0.19425	0.00534	0.00688	0.00712	0.00319	0.00380
42	0.01805	0.01321	0.01494	0.01192	0.03080	0.01443	0.03253	0.58303	0.09310	0.06939	0.03425	0.01454	0.01087	0.02773	0.00575	0.00166	0.00543	0.00500	0.00504	0.00835
43	0.01259	0.01201	0.01989	0.05427	0.66247	0.01225	0.03286	0.01691	0.09338	0.01714	0.01085	0.01345	0.00888	0.00484	0.00512	0.00156	0.00596	0.00474	0.00282	0.00802
44	0.00730	0.00544	0.00790	0.00790	0.00875	0.00621	0.00602	0.00894	0.00829	0.01179	0.01524	0.02239	0.03908	0.11089	0.70045	0.00772	0.01255	0.00586	0.00285	0.00443
45	0.01263	0.01212	0.02070	0.04916	0.77054	0.01217	0.01571	0.01569	0.01165	0.01668	0.00964	0.01272	0.00810	0.00458	0.00508	0.00153	0.00611	0.00457	0.00253	0.00807
46	0.01253	0.01206	0.02073	0.07257	0.73243	0.01216	0.03073	0.01562	0.01162	0.01656	0.00964	0.01277	0.00805	0.00460	0.00510	0.00154	0.00619	0.00460	0.00253	0.00797
47	0.01536	0.01590	0.02017	0.01910	0.18627	0.23300	0.23446	0.07654	0.05561	0.06042	0.01115	0.01357	0.00875	0.00525	0.00530	0.00156	0.00746	0.01978	0.00319	0.00717
48	0.01075	0.01187	0.05317	0.01843	0.07562	0.01072	0.48071	0.01430	0.01166	0.01583	0.01497	0.13746	0.01427	0.00730	0.00614	0.00184	0.00711	0.09835	0.00315	0.00636
49	0.00891	0.00446	0.00668	0.00668	0.00668	0.00446	0.00446	0.00668	0.00668	0.00891	0.00891	0.01560	0.00891	0.01783	0.02005	0.85071	0.00446	0.00446	0.00223	0.00223
50	0.01240	0.01189	0.02029	0.10835	0.71314	0.01211	0.01560	0.01549	0.01154	0.01640	0.00960	0.01280	0.00800	0.00463	0.00508	0.00154	0.00617	0.00457	0.00251	0.00789
51	0.01407	0.19927	0.04044	0.01762	0.15942	0.11468	0.20912	0.06466	0.01236	0.03280	0.00918	0.01144	0.00747	0.00511	0.00595	0.00153	0.08080	0.00437	0.00270	0.00699
52	0.01186	0.01137	0.01844	0.20062	0.52602	0.03292	0.01462	0.01484	0.01136	0.01563	0.01065	0.01598	0.00928	0.00550	0.00552	0.00164	0.02640	0.05748	0.00263	0.00723
53	0.01268	0.01222	0.02090	0.03044	0.73342	0.01224	0.04483	0.01614	0.03608	0.01690	0.01004	0.01295	0.00835	0.00464	0.00512	0.00154	0.00613	0.00467	0.00263	0.00808

[dist]
# distance from previous block
# <min> <max>
11	26

[block]
# block no. 10 follows, 48 sequences, length 16
# corresponding to MSA columns:
# 2169-2184
name=unknown_K
#
# <colnr> <probs for GDERKNQSTAVLIFYWHMCP>
#	G	D	E	R	K	N	Q	S	T	A	V	L	I	F	Y	W	H	M	C	P
0	0.01306	0.01175	0.03019	0.01579	0.20652	0.02873	0.01032	0.10208	0.40513	0.02052	0.01727	0.05225	0.01410	0.00693	0.00530	0.00170	0.00491	0.04126	0.00438	0.00780
1	0.00956	0.00478	0.00478	0.00478	0.00598	0.00478	0.00359	0.01196	0.01076	0.01913	0.01674	0.01913	0.01315	0.00598	0.00359	0.00120	0.00239	0.00478	0.84816	0.00478
2	0.00745	0.00501	0.00576	0.00576	0.00582	0.00507	0.00332	0.00757	0.00751	0.01007	0.01601	0.03273	0.01829	0.77037	0.07491	0.00518	0.00553	0.00734	0.00309	0.00320
3	0.01304	0.01281	0.02015	0.04687	0.54523	0.05739	0.09321	0.04389	0.06539	0.01720	0.01091	0.03106	0.00909	0.00508	0.00520	0.00157	0.00634	0.00496	0.00287	0.00775
4	0.00956	0.00478	0.00478	0.00478	0.00598	0.00478	0.00359	0.01196	0.01076	0.01913	0.01674	0.01913	0.01315	0.00598	0.00359	0.00120	0.00239	0.00478	0.84816	0.00478
5	0.80775	0.01076	0.00794	0.00712	0.01026	0.05685	0.00581	0.01539	0.00907	0.02242	0.00719	0.00839	0.00562	0.00479	0.00326	0.00157	0.00427	0.00281	0.00314	0.00558
6	0.17418	0.17835	0.17604	0.01344	0.05022	0.05748	0.16000	0.05301	0.01162	0.04810	0.00960	0.02901	0.00764	0.00503	0.00452	0.00152	0.00639	0.00418	0.00286	0.00682
7	0.02854	0.00917	0.04606	0.00841	0.01117	0.00852	0.00702	0.15655	0.10084	0.08164	0.21358	0.02982	0.19189	0.00900	0.00555	0.00163	0.00384	0.03908	0.00500	0.04271
8	0.81261	0.01068	0.00790	0.00708	0.01023	0.05228	0.00578	0.01536	0.00903	0.02248	0.00719	0.00838	0.00561	0.00479	0.00325	0.00157	0.00424	0.00281	0.00315	0.00558
9	0.01123	0.01123	0.01572	0.01347	0.01347	0.01572	0.01123	0.01235	0.00786	0.01235	0.00674	0.01123	0.00674	0.00898	0.01684	0.00225	0.81028	0.00449	0.00225	0.00561
10	0.00791	0.00536	0.00658	0.00679	0.00727	0.00538	0.00470	0.02660	0.00905	0.01194	0.02002	0.07023	0.05997	0.45921	0.05242	0.07279	0.00506	0.16146	0.00356	0.00368
11	0.02123	0.01055	0.01288	0.00991	0.01385	0.01031	0.00818	0.28044	0.01782	0.50392	0.01861	0.01679	0.03786	0.00651	0.00518	0.00158	0.00475	0.00517	0.00588	0.00858
12	0.01162	0.01012	0.01748	0.46344	0.19651	0.01118	0.09064	0.01486	0.01118	0.08073	0.01168	0.01494	0.03259	0.00528	0.00525	0.00166	0.00651	0.00497	0.00280	0.00657
13	0.01359	0.06109	0.03238	0.07940	0.06590	0.26090	0.12281	0.01587	0.01179	0.05344	0.01110	0.03468	0.00949	0.02891	0.15800	0.00286	0.00875	0.00480	0.01821	0.00603
14	0.00956	0.00478	0.00478	0.00478	0.00598	0.00478	0.00359	0.01196	0.01076	0.01913	0.01674	0.01913	0.01315	0.00598	0.00359	0.00120	0.00239	0.00478	0.84816	0.00478
15	0.01242	0.01115	0.03924	0.04530	0.21540	0.02293	0.04051	0.06411	0.15001	0.04308	0.01369	0.02804	0.02774	0.00547	0.00479	0.00139	0.00497	0.00478	0.05218	0.21283

[dist]
# distance from previous block
# <min> <max>
1	3

[block]
# block no. 11 follows, 48 sequences, length 8
# corresponding to MSA columns:
# 2188-2195
name=unknown_L
#
# <colnr> <probs for GDERKNQSTAVLIFYWHMCP>
#	G	D	E	R	K	N	Q	S	T	A	V	L	I	F	Y	W	H	M	C	P
0	0.36904	0.11858	0.07335	0.00924	0.01310	0.03850	0.00830	0.20482	0.04113	0.04144	0.01076	0.01137	0.03018	0.00545	0.00407	0.00152	0.00501	0.00373	0.00364	0.00679
1	0.03768	0.33839	0.10256	0.01058	0.02883	0.04609	0.04248	0.10446	0.05827	0.05581	0.01087	0.01383	0.00933	0.11211	0.00710	0.00184	0.00578	0.00421	0.00312	0.00668
2	0.15676	0.12250	0.07907	0.01085	0.04552	0.07199	0.03762	0.10954	0.05274	0.10328	0.01260	0.01313	0.04212	0.00543	0.00440	0.00141	0.00531	0.00412	0.00362	0.11800
3	0.00711	0.00533	0.00670	0.00758	0.00822	0.00530	0.00520	0.00979	0.11085	0.01420	0.02731	0.71154	0.03153	0.01488	0.00637	0.00204	0.00312	0.01343	0.00482	0.00469
4	0.00822	0.00515	0.00679	0.00728	0.00823	0.00473	0.00524	0.00955	0.01120	0.09359	0.12842	0.52988	0.08345	0.01402	0.00635	0.00197	0.00314	0.06300	0.00504	0.00477
5	0.01092	0.00870	0.01016	0.00745	0.01168	0.00663	0.00595	0.01308	0.01099	0.06297	0.01416	0.01500	0.08719	0.00489	0.00411	0.00091	0.00371	0.00396	0.00341	0.71413
6	0.00822	0.08950	0.00957	0.00872	0.04281	0.04351	0.00614	0.00956	0.01088	0.01418	0.12430	0.47956	0.06599	0.01274	0.00630	0.00186	0.02776	0.02925	0.00435	0.00482
7	0.03453	0.25626	0.20040	0.01067	0.01507	0.07360	0.01068	0.05735	0.16420	0.04317	0.03961	0.01320	0.01047	0.00554	0.00442	0.00144	0.00566	0.00415	0.04250	0.00709

[dist]
# distance from previous block
# <min> <max>
0	9

[block]
# block no. 12 follows, 48 sequences, length 6
# corresponding to MSA columns:
# 2205-2210
name=unknown_M
#
# <colnr> <probs for GDERKNQSTAVLIFYWHMCP>
#	G	D	E	R	K	N	Q	S	T	A	V	L	I	F	Y	W	H	M	C	P
0	0.01225	0.17120	0.23702	0.01239	0.06331	0.01322	0.01174	0.13826	0.01273	0.01768	0.03749	0.05199	0.02656	0.00702	0.02452	0.00168	0.08132	0.00472	0.02091	0.05399
1	0.01555	0.04723	0.13487	0.01070	0.01467	0.07577	0.00978	0.33708	0.03748	0.06079	0.01285	0.03462	0.00980	0.00598	0.00473	0.00145	0.00548	0.00459	0.13271	0.04387
2	0.01207	0.08788	0.19124	0.01055	0.01482	0.08413	0.02681	0.06737	0.07034	0.03446	0.07557	0.08141	0.01354	0.00629	0.00477	0.00139	0.00541	0.00513	0.00346	0.20336
3	0.00739	0.00521	0.00665	0.00701	0.00767	0.00531	0.00508	0.00856	0.00923	0.01249	0.02237	0.12854	0.09204	0.29238	0.19429	0.00445	0.00637	0.14176	0.03915	0.00404
4	0.01079	0.00868	0.01093	0.00819	0.01220	0.00679	0.04322	0.01297	0.01095	0.06276	0.01418	0.08407	0.05843	0.00562	0.00437	0.00103	0.00392	0.00481	0.00347	0.63261
5	0.01448	0.07494	0.01372	0.01064	0.01396	0.01412	0.00857	0.20739	0.53498	0.02338	0.01773	0.01663	0.01327	0.00657	0.00505	0.00164	0.00456	0.00528	0.00496	0.00815

[dist]
# distance from previous block
# <min> <max>
0	2

[block]
# block no. 13 follows, 48 sequences, length 13
# corresponding to MSA columns:
# 2213-2225
name=unknown_N
#
# <colnr> <probs for GDERKNQSTAVLIFYWHMCP>
#	G	D	E	R	K	N	Q	S	T	A	V	L	I	F	Y	W	H	M	C	P
0	0.00622	0.00459	0.00583	0.00682	0.00736	0.00419	0.00462	0.00718	0.01014	0.01323	0.03223	0.68848	0.15923	0.01556	0.00647	0.00203	0.00291	0.01396	0.00476	0.00419
1	0.05249	0.08336	0.50435	0.01360	0.01993	0.01284	0.06581	0.10961	0.01265	0.06406	0.01007	0.01129	0.00719	0.00504	0.00480	0.00158	0.00689	0.00400	0.00286	0.00758
