[name]
unknown

[dist]
# distance from previous block
# <min> <max>
2	1077

[block]
# block no. 0 follows, 54 sequences, length 9
# corresponding to MSA columns:
# 1209-1217
name=unknown_A
#
# <colnr> <probs for GDERKNQSTAVLIFYWHMCP>
#	G	D	E	R	K	N	Q	S	T	A	V	L	I	F	Y	W	H	M	C	P
0	0.07438	0.01037	0.01285	0.01081	0.03511	0.10662	0.12958	0.02618	0.05377	0.04064	0.01197	0.03672	0.03984	0.04905	0.11014	0.00232	0.07759	0.00468	0.00294	0.16446
1	0.01266	0.00984	0.04939	0.00993	0.03765	0.02455	0.04973	0.09061	0.25669	0.15673	0.05837	0.05115	0.07978	0.00690	0.00490	0.00151	0.00419	0.02724	0.02918	0.03900
2	0.05415	0.01018	0.01157	0.00955	0.03751	0.01044	0.02602	0.37199	0.04599	0.02192	0.03827	0.03791	0.07975	0.03018	0.00538	0.01871	0.00436	0.00490	0.00399	0.17725
3	0.00988	0.00938	0.01591	0.54178	0.30601	0.01073	0.01358	0.01291	0.00989	0.01324	0.00855	0.01225	0.00670	0.00453	0.00470	0.00151	0.00604	0.00419	0.00218	0.00603
4	0.00573	0.00416	0.00541	0.00641	0.00680	0.00384	0.00431	0.00658	0.00918	0.01210	0.02790	0.76216	0.09901	0.01452	0.00598	0.00189	0.00271	0.01310	0.00438	0.00384
5	0.00660	0.00451	0.00544	0.00568	0.00582	0.00453	0.00347	0.00693	0.00740	0.00995	0.01712	0.20719	0.01977	0.58010	0.09183	0.00425	0.00490	0.00814	0.00316	0.00320
6	0.01048	0.01014	0.01002	0.00956	0.04097	0.17628	0.04145	0.07138	0.08821	0.01579	0.19139	0.16694	0.07646	0.03074	0.02261	0.00174	0.00472	0.02192	0.00397	0.00523
7	0.01169	0.00906	0.01108	0.01063	0.08108	0.00984	0.04463	0.10459	0.35141	0.05144	0.01712	0.01735	0.04677	0.00776	0.05184	0.00181	0.00446	0.00512	0.15570	0.00661
8	0.01481	0.01241	0.01235	0.01033	0.01344	0.07674	0.00823	0.34757	0.40694	0.02330	0.01492	0.01422	0.01104	0.00596	0.00472	0.00149	0.00473	0.00469	0.00458	0.00754

[dist]
# distance from previous block
# <min> <max>
3	5

[block]
# block no. 1 follows, 54 sequences, length 37
# corresponding to MSA columns:
# 1223-1259
name=unknown_B
#
# <colnr> <probs for GDERKNQSTAVLIFYWHMCP>
#	G	D	E	R	K	N	Q	S	T	A	V	L	I	F	Y	W	H	M	C	P
0	0.01108	0.01080	0.01901	0.18177	0.58011	0.01113	0.08879	0.01406	0.01052	0.01473	0.00884	0.01195	0.00721	0.00428	0.00476	0.00145	0.00596	0.00433	0.00229	0.00693
1	0.01261	0.83713	0.02471	0.00807	0.01210	0.01866	0.00807	0.01412	0.00958	0.01109	0.00656	0.00756	0.00605	0.00403	0.00303	0.00101	0.00504	0.00252	0.00202	0.00605
2	0.01073	0.29209	0.46898	0.01325	0.09798	0.01353	0.01402	0.01462	0.00991	0.01371	0.00787	0.00934	0.00615	0.00430	0.00402	0.00132	0.00619	0.00324	0.00203	0.00672
3	0.00681	0.00546	0.00598	0.00634	0.00713	0.03762	0.00437	0.02109	0.03169	0.01245	0.05647	0.39975	0.20125	0.14246	0.03680	0.00239	0.00358	0.01032	0.00404	0.00399
4	0.00969	0.08435	0.75194	0.01304	0.01979	0.01152	0.01673	0.01487	0.00993	0.01465	0.00832	0.00978	0.00598	0.00445	0.00437	0.00146	0.00683	0.00341	0.00199	0.00690
5	0.00976	0.10278	0.73414	0.01292	0.01961	0.01169	0.01652	0.01485	0.00992	0.01456	0.00828	0.00972	0.00598	0.00444	0.00434	0.00145	0.00678	0.00339	0.00199	0.00688
6	0.01077	0.01029	0.01752	0.28652	0.55431	0.01097	0.01402	0.01368	0.01031	0.01431	0.00871	0.01196	0.00708	0.00437	0.00468	0.00146	0.00582	0.00420	0.00226	0.00674
7	0.00665	0.00462	0.00613	0.00643	0.00692	0.00487	0.00450	0.00770	0.00796	0.01126	0.01706	0.24337	0.01850	0.23602	0.32826	0.00477	0.00706	0.00775	0.06642	0.00377
8	0.00934	0.12873	0.57295	0.01168	0.01718	0.01086	0.01416	0.01357	0.00983	0.01403	0.01107	0.11367	0.00999	0.00605	0.00456	0.00151	0.00608	0.03602	0.00239	0.00635
9	0.00911	0.00864	0.01430	0.72444	0.05032	0.01088	0.01286	0.01204	0.00925	0.01207	0.00818	0.01233	0.00631	0.00504	0.00575	0.00161	0.08529	0.00418	0.00210	0.00529
10	0.01536	0.00812	0.00916	0.00747	0.01011	0.02317	0.00602	0.20587	0.01418	0.28701	0.01532	0.01536	0.01083	0.00564	0.00415	0.00130	0.00366	0.00445	0.34628	0.00653
11	0.00845	0.00570	0.00807	0.00765	0.00854	0.00650	0.00585	0.00980	0.00799	0.08756	0.01304	0.01970	0.01222	0.16755	0.53310	0.00600	0.07972	0.00525	0.00286	0.00443
12	0.01242	0.01136	0.01676	0.04654	0.04423	0.08635	0.27712	0.11534	0.08116	0.07813	0.07223	0.03367	0.07654	0.01980	0.00545	0.00156	0.00579	0.00572	0.00357	0.00626
13	0.02597	0.01056	0.01045	0.00914	0.01102	0.17523	0.03725	0.06967	0.08560	0.07563	0.19450	0.02061	0.02652	0.09472	0.06625	0.00225	0.05905	0.01642	0.00379	0.00541
14	0.00607	0.00432	0.00555	0.00619	0.00661	0.00405	0.00414	0.00703	0.00954	0.01287	0.16374	0.54876	0.05519	0.13270	0.00853	0.00221	0.00290	0.01148	0.00430	0.00380
15	0.01101	0.01284	0.05769	0.01871	0.03838	0.01211	0.63875	0.01507	0.03805	0.01490	0.00949	0.01252	0.00727	0.00450	0.00643	0.00163	0.08658	0.00531	0.00242	0.00633
16	0.11460	0.01616	0.04719	0.01205	0.01543	0.30807	0.12107	0.21547	0.03294	0.04596	0.00957	0.01098	0.00734	0.00507	0.00448	0.00139	0.00661	0.01598	0.00325	0.00639
17	0.00814	0.00665	0.00960	0.00879	0.01030	0.00658	0.10634	0.08921	0.06637	0.01514	0.05764	0.49477	0.07838	0.01143	0.00569	0.00176	0.00368	0.01043	0.00422	0.00488
18	0.00924	0.00750	0.00826	0.03027	0.01005	0.00794	0.00589	0.08912	0.28339	0.01786	0.15652	0.07024	0.24902	0.00885	0.00517	0.00157	0.00322	0.00747	0.02274	0.00569
19	0.04095	0.01205	0.01172	0.00972	0.01262	0.17734	0.00777	0.16163	0.08130	0.29937	0.02539	0.01422	0.02681	0.00740	0.04596	0.00175	0.04831	0.00443	0.00435	0.00688
20	0.70999	0.10522	0.00942	0.00683	0.00984	0.06769	0.00573	0.01424	0.00858	0.01933	0.00661	0.00771	0.00528	0.00437	0.00302	0.00139	0.00415	0.00258	0.00278	0.00524
21	0.00642	0.00457	0.00582	0.00642	0.00717	0.00413	0.00441	0.00749	0.00918	0.01286	0.02326	0.67645	0.02705	0.01281	0.00552	0.00172	0.00277	0.01154	0.07857	0.09186
22	0.03970	0.01514	0.01379	0.01101	0.01447	0.19045	0.00890	0.59998	0.01987	0.02550	0.01031	0.01061	0.00752	0.00545	0.00457	0.00137	0.00588	0.00394	0.00417	0.00738
23	0.01217	0.41404	0.35003	0.01034	0.01555	0.01425	0.01184	0.01536	0.01014	0.09430	0.00858	0.00943	0.00659	0.00440	0.00381	0.00126	0.00574	0.00315	0.00240	0.00663
24	0.01160	0.01102	0.01819	0.04814	0.70794	0.01123	0.01376	0.01543	0.08647	0.01573	0.00985	0.01226	0.00811	0.00443	0.00468	0.00142	0.00544	0.00431	0.00257	0.00741
25	0.01038	0.26335	0.57901	0.01186	0.01797	0.01322	0.01467	0.01469	0.00984	0.01380	0.00790	0.00925	0.00600	0.00435	0.00405	0.00135	0.00640	0.00320	0.00200	0.00670
26	0.01377	0.00722	0.00971	0.08662	0.01251	0.00709	0.00709	0.08451	0.01240	0.33611	0.06460	0.10605	0.03372	0.04343	0.05233	0.00209	0.00463	0.10536	0.00465	0.00612
27	0.01125	0.01199	0.01510	0.01276	0.01350	0.12368	0.07071	0.01256	0.00838	0.01165	0.00683	0.01054	0.00644	0.00840	0.04104	0.00210	0.62152	0.00412	0.00215	0.00526
28	0.01291	0.60712	0.10167	0.00915	0.01327	0.07954	0.00911	0.05549	0.05014	0.01292	0.00769	0.00858	0.00657	0.00435	0.00344	0.00112	0.00545	0.00289	0.00233	0.00627
29	0.01483	0.00825	0.01007	0.00897	0.04352	0.02476	0.00682	0.08005	0.12469	0.35810	0.10260	0.05518	0.10254	0.00746	0.00502	0.00153	0.00382	0.02997	0.00505	0.00677
30	0.00582	0.00429	0.00558	0.00642	0.00693	0.00405	0.00441	0.00677	0.00912	0.01203	0.02769	0.64500	0.13522	0.01637	0.08404	0.00242	0.00364	0.01212	0.00420	0.00389
31	0.01618	0.01776	0.01271	0.01115	0.01386	0.48248	0.00858	0.17416	0.15172	0.01667	0.01176	0.01210	0.03912	0.00557	0.00449	0.00134	0.00676	0.00395	0.00338	0.00627
32	0.04117	0.01517	0.01641	0.01643	0.20205	0.25962	0.11081	0.21211	0.03458	0.01815	0.02310	0.01118	0.00789	0.00490	0.00463	0.00138	0.00653	0.00408	0.00310	0.00672
33	0.01495	0.00727	0.00995	0.08675	0.01280	0.00702	0.00720	0.01735	0.05398	0.43918	0.01973	0.13780	0.03597	0.02069	0.00571	0.00168	0.02584	0.08479	0.00487	0.00649
34	0.09036	0.00532	0.00638	0.00609	0.00746	0.00506	0.00457	0.00970	0.01196	0.06619	0.49069	0.14914	0.10979	0.00987	0.00532	0.00155	0.00256	0.00857	0.00481	0.00460
35	0.01104	0.00668	0.00721	0.00646	0.00819	0.00695	0.00499	0.20521	0.01295	0.04661	0.01603	0.13534	0.01386	0.00691	0.00410	0.00131	0.00309	0.00569	0.49203	0.00534
36	0.01187	0.01106	0.01706	0.02432	0.61959	0.03862	0.01272	0.08853	0.01175	0.01631	0.01080	0.09544	0.00990	0.00545	0.00480	0.00145	0.00537	0.00511	0.00278	0.00708

[dist]
# distance from previous block
# <min> <max>
4	7

[block]
# block no. 2 follows, 54 sequences, length 14
# corresponding to MSA columns:
# 1267-1280
name=unknown_C
#
# <colnr> <probs for GDERKNQSTAVLIFYWHMCP>
#	G	D	E	R	K	N	Q	S	T	A	V	L	I	F	Y	W	H	M	C	P
0	0.00632	0.00474	0.00593	0.00590	0.00700	0.00435	0.00439	0.00808	0.01180	0.01600	0.45998	0.14159	0.22164	0.01225	0.04655	0.00189	0.00291	0.02969	0.00473	0.00424
1	0.01581	0.01204	0.01490	0.01134	0.01493	0.01296	0.12046	0.58062	0.01905	0.02610	0.01157	0.01230	0.00840	0.00540	0.00466	0.00140	0.00521	0.00445	0.11107	0.00733
2	0.00617	0.00468	0.00580	0.00630	0.00688	0.00454	0.00439	0.00707	0.00925	0.01208	0.05432	0.45208	0.20143	0.12498	0.00881	0.00221	0.04149	0.03960	0.00409	0.00383
3	0.71983	0.00941	0.00793	0.00681	0.00987	0.01066	0.00561	0.08715	0.00979	0.08542	0.00798	0.00868	0.00591	0.00461	0.00323	0.00145	0.00382	0.00289	0.00332	0.00561
4	0.00612	0.00438	0.00556	0.00636	0.00679	0.00414	0.00436	0.00696	0.00899	0.01179	0.02593	0.53540	0.10049	0.16096	0.00924	0.00239	0.00319	0.08913	0.00410	0.00372
5	0.00577	0.00428	0.00539	0.00618	0.00676	0.00390	0.00423	0.00676	0.00964	0.01262	0.08137	0.62868	0.17940	0.01389	0.00590	0.00182	0.00264	0.01242	0.00443	0.00390
6	0.03253	0.00601	0.00772	0.00751	0.00880	0.00655	0.00587	0.02682	0.12258	0.01529	0.22423	0.04186	0.02257	0.03290	0.33550	0.00411	0.00704	0.08346	0.00384	0.00483
7	0.04256	0.00797	0.00926	0.00814	0.01025	0.03505	0.04246	0.13445	0.09774	0.07528	0.16999	0.15556	0.15290	0.00907	0.00524	0.00158	0.00369	0.02873	0.00452	0.00556
8	0.00605	0.00491	0.00545	0.00565	0.00711	0.00431	0.00446	0.00751	0.01092	0.01337	0.08602	0.04642	0.59908	0.01203	0.00577	0.00171	0.00278	0.16795	0.00442	0.00408
9	0.00574	0.00410	0.00547	0.00657	0.00684	0.00383	0.00438	0.00657	0.00903	0.01204	0.02599	0.83122	0.03119	0.01477	0.00602	0.00191	0.00274	0.01340	0.00438	0.00383
10	0.01123	0.00919	0.00993	0.00896	0.01138	0.01035	0.00694	0.04805	0.60852	0.04208	0.09334	0.06605	0.03868	0.00728	0.00495	0.00160	0.00356	0.00616	0.00483	0.00692
11	0.01196	0.59382	0.23113	0.00963	0.01438	0.04520	0.01057	0.01450	0.00981	0.01212	0.00708	0.00823	0.00603	0.00418	0.00345	0.00114	0.00567	0.00279	0.00202	0.00627
12	0.01050	0.00910	0.01099	0.00876	0.03747	0.00796	0.03297	0.03608	0.16832	0.01663	0.01069	0.01155	0.00852	0.00417	0.00390	0.00095	0.00381	0.00348	0.00322	0.61091
13	0.02703	0.01221	0.04890	0.01531	0.06284	0.06540	0.35084	0.05240	0.02526	0.05019	0.02564	0.02819	0.04304	0.00542	0.00634	0.00154	0.10768	0.00510	0.00285	0.06384

[dist]
# distance from previous block
# <min> <max>
0	1

[block]
# block no. 3 follows, 54 sequences, length 27
# corresponding to MSA columns:
# 1282-1308
name=unknown_D
#
# <colnr> <probs for GDERKNQSTAVLIFYWHMCP>
#	G	D	E	R	K	N	Q	S	T	A	V	L	I	F	Y	W	H	M	C	P
0	0.01326	0.05337	0.06890	0.03051	0.01319	0.34220	0.00863	0.06974	0.01248	0.05264	0.02801	0.11907	0.02763	0.00767	0.00491	0.00151	0.00611	0.13136	0.00334	0.00547
1	0.02098	0.00831	0.01112	0.00852	0.01218	0.00736	0.00704	0.06534	0.01397	0.76511	0.01820	0.01579	0.01147	0.00583	0.00474	0.00146	0.00408	0.00471	0.00577	0.00802
2	0.01442	0.04238	0.01055	0.00797	0.01118	0.00810	0.00645	0.09642	0.10204	0.30835	0.03928	0.06061	0.09245	0.00654	0.00460	0.00134	0.00376	0.00537	0.00461	0.17359
3	0.01177	0.01050	0.01769	0.08116	0.66900	0.01057	0.01347	0.01445	0.01073	0.06175	0.01019	0.04915	0.00871	0.00481	0.00474	0.00144	0.00542	0.00465	0.00262	0.00718
4	0.07419	0.01047	0.01088	0.00894	0.01187	0.03212	0.00719	0.35511	0.16854	0.08643	0.01493	0.01486	0.04255	0.00621	0.00480	0.02291	0.00427	0.00460	0.11228	0.00687
5	0.00664	0.00493	0.00723	0.00735	0.00809	0.00561	0.00558	0.00815	0.00769	0.01097	0.01414	0.10391	0.01408	0.07370	0.69106	0.00683	0.01119	0.00601	0.00274	0.00410
6	0.00917	0.00860	0.01427	0.74779	0.07329	0.01056	0.01294	0.01270	0.04083	0.01253	0.00884	0.01272	0.00667	0.00475	0.00471	0.00156	0.00615	0.00424	0.00222	0.00545
7	0.01251	0.80421	0.02430	0.00824	0.01211	0.01849	0.00816	0.01401	0.00949	0.01110	0.00654	0.00767	0.00606	0.00420	0.00352	0.00105	0.03772	0.00259	0.00202	0.00602
8	0.00577	0.00416	0.00547	0.00647	0.00682	0.00386	0.00434	0.00665	0.00924	0.01229	0.05192	0.77076	0.06585	0.01448	0.00598	0.00189	0.00270	0.01309	0.00440	0.00386
9	0.01089	0.00926	0.00996	0.00923	0.01157	0.01058	0.00715	0.02235	0.67444	0.01864	0.02019	0.10425	0.01679	0.00761	0.00501	0.00166	0.00366	0.04508	0.00473	0.00693
10	0.00579	0.00420	0.00538	0.00630	0.00670	0.00389	0.00421	0.00660	0.00909	0.01195	0.02766	0.70613	0.11092	0.05864	0.00694	0.00202	0.00280	0.01269	0.00430	0.00379
11	0.00606	0.00469	0.00552	0.00553	0.00672	0.00415	0.00407	0.00762	0.01156	0.01519	0.35816	0.16237	0.36857	0.01142	0.00564	0.00160	0.00237	0.00989	0.00472	0.00415
12	0.01463	0.01084	0.01253	0.01031	0.01351	0.01192	0.04735	0.23516	0.44161	0.12426	0.01645	0.01541	0.01191	0.00600	0.00481	0.00153	0.00438	0.00497	0.00479	0.00763
13	0.00921	0.00886	0.01413	0.77004	0.03123	0.03369	0.01288	0.01222	0.00946	0.01201	0.00827	0.01237	0.00628	0.00485	0.00509	0.00158	0.03635	0.00415	0.00210	0.00524
14	0.01261	0.83713	0.02471	0.00807	0.01210	0.01866	0.00807	0.01412	0.00958	0.01109	0.00656	0.00756	0.00605	0.00403	0.00303	0.00101	0.00504	0.00252	0.00202	0.00605
15	0.86760	0.00912	0.00693	0.00620	0.00912	0.01058	0.00511	0.01386	0.00802	0.02115	0.00657	0.00766	0.00511	0.00438	0.00292	0.00146	0.00365	0.00255	0.00292	0.00511
16	0.00635	0.00447	0.00585	0.00672	0.00710	0.00431	0.00474	0.00729	0.00897	0.01188	0.02353	0.50841	0.02751	0.17969	0.00975	0.00250	0.00344	0.16968	0.00406	0.00374
17	0.22464	0.05002	0.05876	0.00940	0.01274	0.16456	0.03973	0.04615	0.05966	0.24068	0.04176	0.01232	0.00950	0.00523	0.00418	0.00141	0.00513	0.00390	0.00380	0.00643
18	0.03503	0.00560	0.00689	0.00671	0.00789	0.00556	0.02426	0.04926	0.02175	0.01473	0.14111	0.19265	0.17495	0.11613	0.03761	0.00225	0.01591	0.07823	0.05920	0.00432
19	0.00705	0.00494	0.00623	0.00584	0.00712	0.00447	0.00440	0.00909	0.01293	0.04812	0.64838	0.03615	0.16786	0.00987	0.00553	0.00150	0.00232	0.00862	0.00508	0.00451
20	0.00671	0.00529	0.00736	0.00720	0.00828	0.00502	0.05416	0.00891	0.05716	0.01472	0.25353	0.40775	0.10962	0.02412	0.00601	0.00176	0.00297	0.01056	0.00449	0.00439
21	0.07149	0.01103	0.01082	0.00931	0.01180	0.11499	0.00733	0.21527	0.15397	0.10311	0.07371	0.11693	0.02506	0.00726	0.00531	0.00153	0.04463	0.00575	0.00429	0.00641
22	0.01336	0.01436	0.01387	0.01202	0.01326	0.26436	0.00966	0.08460	0.05301	0.01352	0.00770	0.01023	0.00676	0.00686	0.01042	0.00171	0.45222	0.00386	0.00256	0.00564
23	0.00582	0.00416	0.00555	0.00661	0.00692	0.00389	0.00446	0.00671	0.00918	0.01226	0.04494	0.79147	0.03140	0.01460	0.00602	0.00191	0.00276	0.03310	0.00440	0.00386
24	0.01522	0.01438	0.01292	0.01084	0.01384	0.24097	0.04030	0.26769	0.22788	0.03780	0.01454	0.01439	0.05610	0.00594	0.00469	0.00143	0.00566	0.00460	0.00400	0.00684
25	0.01067	0.01198	0.10150	0.05555	0.01911	0.04368	0.38133	0.01435	0.04557	0.05717	0.01462	0.05520	0.05309	0.03279	0.00598	0.00172	0.00640	0.08034	0.00302	0.00592
26	0.00587	0.00429	0.00547	0.00629	0.00680	0.00396	0.00430	0.00682	0.00946	0.01247	0.07408	0.62961	0.13085	0.04780	0.00669	0.00196	0.00278	0.03228	0.00436	0.00386

[dist]
# distance from previous block
# <min> <max>
0	1

[block]
# block no. 4 follows, 54 sequences, length 28
# corresponding to MSA columns:
# 1310-1337
name=unknown_E
#
# <colnr> <probs for GDERKNQSTAVLIFYWHMCP>
#	G	D	E	R	K	N	Q	S	T	A	V	L	I	F	Y	W	H	M	C	P
0	0.01097	0.00706	0.00821	0.00783	0.00932	0.05159	0.00586	0.05631	0.02959	0.19215	0.02262	0.43026	0.07012	0.01095	0.00598	0.00173	0.04438	0.02529	0.00451	0.00527
1	0.01030	0.15673	0.58973	0.01198	0.01795	0.01206	0.01467	0.05860	0.01078	0.01537	0.05301	0.01106	0.00827	0.00476	0.00431	0.00141	0.00628	0.00365	0.00233	0.00673
2	0.01034	0.00965	0.01625	0.36988	0.43235	0.01055	0.01332	0.01325	0.01013	0.01407	0.00898	0.01235	0.00719	0.00449	0.00462	0.00146	0.00573	0.00421	0.04484	0.00635
3	0.00692	0.00487	0.00707	0.00707	0.00769	0.00550	0.00525	0.00793	0.00731	0.01037	0.01243	0.01978	0.01212	0.14624	0.61037	0.10712	0.01049	0.00520	0.00252	0.00377
4	0.09205	0.00797	0.01003	0.00903	0.01079	0.04573	0.09423	0.09883	0.04120	0.01565	0.01845	0.45160	0.02017	0.01021	0.00549	0.00169	0.02001	0.00908	0.00387	0.03392
5	0.01022	0.00972	0.01652	0.44569	0.39948	0.01082	0.01375	0.01320	0.01005	0.01364	0.00861	0.01214	0.00685	0.00447	0.00469	0.00149	0.00596	0.00420	0.00221	0.00630
6	0.00599	0.00421	0.00540	0.00625	0.00646	0.00400	0.00404	0.00663	0.00854	0.01139	0.02349	0.65177	0.02804	0.19851	0.01005	0.00251	0.00315	0.01194	0.00404	0.00361
7	0.01282	0.01200	0.01336	0.01142	0.02628	0.14636	0.10008	0.07468	0.28221	0.06146	0.05960	0.04341	0.03510	0.00655	0.00602	0.00156	0.09154	0.00530	0.00384	0.00643
8	0.01155	0.56337	0.28918	0.00988	0.01490	0.01606	0.01122	0.01439	0.00971	0.01239	0.00720	0.00837	0.00602	0.00418	0.00352	0.00117	0.00569	0.00285	0.00201	0.00636
9	0.05494	0.02883	0.00776	0.04204	0.00936	0.00662	0.00538	0.01208	0.13458	0.03940	0.34017	0.02984	0.19297	0.00861	0.00506	0.00149	0.00295	0.01918	0.02465	0.03409
10	0.04146	0.00808	0.00970	0.00807	0.01080	0.00804	0.00643	0.08229	0.18780	0.29908	0.23342	0.02080	0.02065	0.00687	0.00488	0.00147	0.00353	0.00574	0.00514	0.03576
11	0.00955	0.00890	0.01496	0.60579	0.21334	0.01042	0.01306	0.01258	0.00975	0.01304	0.00875	0.01254	0.00678	0.00462	0.00465	0.00151	0.00597	0.00420	0.03384	0.00573
12	0.09986	0.01176	0.01372	0.16294	0.05925	0.10807	0.05867	0.16123	0.09327	0.05203	0.01114	0.01265	0.03014	0.00563	0.00578	0.00153	0.09852	0.00428	0.00325	0.00627
13	0.01113	0.01272	0.02782	0.01987	0.02464	0.01192	0.78776	0.01510	0.01113	0.01510	0.00954	0.01272	0.00715	0.00397	0.00556	0.00159	0.00795	0.00556	0.00238	0.00636
14	0.00670	0.00449	0.00590	0.00653	0.00720	0.00414	0.00458	0.00785	0.01006	0.05271	0.14428	0.59846	0.07695	0.01333	0.00588	0.00182	0.00276	0.03764	0.00457	0.00416
15	0.00581	0.00434	0.00535	0.00602	0.00667	0.00394	0.00413	0.00679	0.00968	0.01259	0.08651	0.54782	0.22323	0.04576	0.00658	0.00191	0.00268	0.01194	0.00438	0.00387
16	0.00819	0.00410	0.00614	0.00614	0.00614	0.00410	0.00410	0.00614	0.00614	0.00819	0.00819	0.01433	0.00819	0.01638	0.01843	0.86282	0.00410	0.00410	0.00205	0.00205
17	0.00593	0.00427	0.00564	0.00655	0.00700	0.00398	0.00453	0.00697	0.00960	0.01281	0.09872	0.68401	0.06239	0.01409	0.00599	0.00188	0.00276	0.05453	0.00445	0.00392
18	0.00612	0.00440	0.00554	0.00602	0.00656	0.00410	0.00407	0.00715	0.00980	0.01317	0.19976	0.44863	0.10480	0.14691	0.00880	0.00222	0.00289	0.01092	0.00431	0.00382
19	0.05226	0.00916	0.01510	0.57338	0.23466	0.01067	0.01306	0.01277	0.00970	0.01338	0.00842	0.01209	0.00654	0.00456	0.00461	0.00152	0.00597	0.00411	0.00220	0.00582
20	0.00946	0.02439	0.80987	0.01344	0.02041	0.01095	0.01742	0.01493	0.00995	0.01493	0.00846	0.00995	0.00597	0.00448	0.00448	0.00149	0.00697	0.00348	0.00199	0.00697
21	0.00687	0.00489	0.00665	0.00765	0.00836	0.00479	0.00608	0.00839	0.00989	0.01298	0.02456	0.33130	0.02783	0.07643	0.00767	0.00226	0.00378	0.44133	0.00424	0.00404
22	0.00587	0.00472	0.00524	0.00531	0.00664	0.00409	0.00394	0.00725	0.01110	0.01398	0.20251	0.13247	0.54024	0.01180	0.00564	0.00162	0.00244	0.02654	0.00455	0.00407
23	0.01013	0.00963	0.01635	0.47178	0.37410	0.01080	0.01370	0.01312	0.01001	0.01353	0.00860	0.01217	0.00681	0.00449	0.00469	0.00150	0.00598	0.00420	0.00220	0.00622
24	0.01520	0.01573	0.01288	0.01123	0.01358	0.35165	0.00878	0.12758	0.20942	0.04401	0.01106	0.01171	0.00864	0.00591	0.00618	0.00148	0.13120	0.00401	0.00341	0.00637
25	0.10888	0.01134	0.01456	0.01179	0.03606	0.09139	0.16780	0.18565	0.01363	0.18275	0.02562	0.05888	0.01020	0.00736	0.05097	0.00182	0.00592	0.00494	0.00384	0.00657
26	0.10415	0.00530	0.00626	0.00588	0.00723	0.00511	0.00446	0.00930	0.01255	0.01871	0.65716	0.03284	0.09537	0.00921	0.00526	0.00149	0.00240	0.00795	0.00487	0.00449
27	0.02588	0.00996	0.01060	0.00899	0.01174	0.06649	0.00706	0.19443	0.18174	0.19149	0.03806	0.15484	0.01491	0.00733	0.00486	0.00150	0.00424	0.00608	0.00464	0.05515

[dist]
# distance from previous block
# <min> <max>
0	2

[block]
# block no. 5 follows, 54 sequences, length 62
# corresponding to MSA columns:
# 1340-1401
name=unknown_F
#
# <colnr> <probs for GDERKNQSTAVLIFYWHMCP>
#	G	D	E	R	K	N	Q	S	T	A	V	L	I	F	Y	W	H	M	C	P
0	0.27176	0.01561	0.01174	0.01144	0.08098	0.37028	0.00818	0.11671	0.01252	0.01714	0.00842	0.03922	0.00708	0.00513	0.00401	0.00136	0.00615	0.00353	0.00294	0.00580
1	0.00680	0.00507	0.00635	0.00599	0.00722	0.00475	0.00450	0.00944	0.05046	0.01830	0.68551	0.03545	0.12295	0.00973	0.00553	0.00150	0.00231	0.00852	0.00509	0.00454
2	0.01229	0.57426	0.20965	0.00969	0.01428	0.08570	0.01037	0.01472	0.01000	0.01204	0.00707	0.00821	0.00603	0.00421	0.00348	0.00114	0.00580	0.00279	0.00205	0.00622
3	0.09041	0.01807	0.01255	0.01103	0.01373	0.50613	0.00848	0.17469	0.06568	0.01661	0.00939	0.03469	0.00769	0.00538	0.00432	0.00132	0.00692	0.00371	0.00315	0.00603
4	0.00591	0.00435	0.00554	0.00617	0.00681	0.00398	0.00427	0.00709	0.01019	0.01358	0.19233	0.54813	0.14774	0.01328	0.00586	0.00178	0.00258	0.01187	0.00455	0.00398
5	0.00826	0.00455	0.00495	0.00496	0.00609	0.00437	0.00368	0.01019	0.01036	0.03983	0.10499	0.11321	0.09728	0.00764	0.00412	0.00129	0.00233	0.00642	0.56107	0.00440
6	0.00796	0.00453	0.00627	0.00637	0.00660	0.00453	0.00428	0.04059	0.00756	0.01009	0.01291	0.20321	0.01413	0.07592	0.01539	0.56382	0.00387	0.00645	0.00276	0.00278
7	0.01728	0.01797	0.01298	0.01127	0.01409	0.49540	0.00870	0.16866	0.10810	0.08489	0.01046	0.01078	0.00792	0.00528	0.00445	0.00132	0.00691	0.00369	0.00345	0.00642
8	0.00670	0.00439	0.00559	0.00635	0.00698	0.00412	0.00449	0.00788	0.00958	0.03332	0.04072	0.58010	0.07279	0.01288	0.00561	0.00178	0.00278	0.06774	0.12211	0.00407
9	0.00654	0.00480	0.00680	0.00766	0.00834	0.00461	0.02569	0.00793	0.00973	0.01285	0.02520	0.53307	0.02912	0.01387	0.00618	0.00200	0.00344	0.28377	0.00431	0.00408
10	0.00890	0.00838	0.01414	0.82296	0.03247	0.01048	0.01309	0.01205	0.00943	0.01205	0.00838	0.01257	0.00629	0.00471	0.00471	0.00157	0.00629	0.00419	0.00210	0.00524
11	0.01003	0.01030	0.01660	0.01343	0.01493	0.03808	0.22145	0.01193	0.00866	0.01238	0.00934	0.07246	0.00894	0.01058	0.10390	0.00253	0.42151	0.00527	0.00239	0.00529
12	0.01926	0.00757	0.01022	0.00812	0.01139	0.00663	0.00671	0.02114	0.01304	0.69252	0.01882	0.01884	0.01282	0.00633	0.00476	0.00148	0.00390	0.06013	0.06882	0.00749
13	0.13608	0.00898	0.01133	0.00878	0.01229	0.00866	0.04139	0.13199	0.01374	0.51861	0.01535	0.01413	0.01006	0.00551	0.00446	0.00144	0.00423	0.00439	0.04116	0.00740
14	0.84327	0.00924	0.00714	0.00633	0.00928	0.01069	0.00522	0.03606	0.00843	0.02140	0.00670	0.00776	0.00519	0.00441	0.00297	0.00146	0.00369	0.00260	0.00297	0.00519
15	0.86760	0.00912	0.00693	0.00620	0.00912	0.01058	0.00511	0.01386	0.00802	0.02115	0.00657	0.00766	0.00511	0.00438	0.00292	0.00146	0.00365	0.00255	0.00292	0.00511
16	0.01261	0.83713	0.02471	0.00807	0.01210	0.01866	0.00807	0.01412	0.00958	0.01109	0.00656	0.00756	0.00605	0.00403	0.00303	0.00101	0.00504	0.00252	0.00202	0.00605
17	0.00708	0.00544	0.00628	0.00606	0.00751	0.00515	0.00454	0.01012	0.10660	0.03182	0.34001	0.11421	0.31655	0.01052	0.00550	0.00158	0.00255	0.00906	0.00478	0.00465
18	0.01654	0.01242	0.01331	0.01051	0.01400	0.01382	0.00858	0.64055	0.14786	0.02754	0.01305	0.03765	0.00977	0.00606	0.00477	0.00146	0.00488	0.00470	0.00472	0.00780
19	0.01071	0.00898	0.01244	0.00933	0.01301	0.00787	0.11755	0.04492	0.05519	0.05828	0.04915	0.02878	0.02284	0.00492	0.00464	0.00110	0.03326	0.01833	0.00326	0.49545
20	0.01055	0.01003	0.01684	0.34959	0.46653	0.01093	0.01369	0.01383	0.03580	0.01419	0.00901	0.01223	0.00722	0.00448	0.00469	0.00148	0.00582	0.00423	0.00232	0.00657
21	0.01761	0.02247	0.01336	0.01215	0.01458	0.81537	0.00911	0.01883	0.01336	0.01154	0.00729	0.00850	0.00607	0.00486	0.00425	0.00121	0.00850	0.00304	0.00243	0.00547
22	0.00573	0.00451	0.00518	0.00559	0.00661	0.00396	0.00397	0.00686	0.01026	0.01295	0.09962	0.36077	0.43148	0.01290	0.00575	0.00171	0.00251	0.01123	0.00444	0.00396
23	0.01099	0.00749	0.00802	0.00737	0.00882	0.07641	0.00541	0.03657	0.06060	0.15882	0.03548	0.05727	0.05602	0.29216	0.11175	0.00333	0.00552	0.04931	0.00378	0.00487
24	0.00629	0.00456	0.00619	0.00696	0.00719	0.00464	0.00479	0.00688	0.00864	0.01165	0.02299	0.70000	0.02735	0.01443	0.00779	0.07635	0.06360	0.01191	0.00400	0.00377
25	0.00629	0.00495	0.00570	0.00549	0.00687	0.00443	0.00412	0.00834	0.03444	0.01599	0.42021	0.03956	0.40531	0.01064	0.00554	0.00154	0.00235	0.00911	0.00479	0.00431
26	0.01029	0.23999	0.60159	0.01201	0.01820	0.01299	0.01494	0.01472	0.00986	0.01391	0.00796	0.00932	0.00599	0.00436	0.00409	0.00136	0.00646	0.00323	0.00200	0.00672
27	0.16406	0.01101	0.01276	0.01026	0.02589	0.05472	0.06520	0.26187	0.01470	0.26314	0.01224	0.01230	0.00853	0.00634	0.03117	0.00166	0.02869	0.00416	0.00427	0.00704
28	0.00581	0.00428	0.00544	0.00623	0.00679	0.00391	0.00426	0.00682	0.00971	0.01281	0.10442	0.63260	0.15196	0.01384	0.00590	0.00182	0.00263	0.01240	0.00446	0.00391
29	0.00574	0.00410	0.00547	0.00657	0.00684	0.00383	0.00438	0.00657	0.00903	0.01204	0.02599	0.83122	0.03119	0.01477	0.00602	0.00191	0.00274	0.01340	0.00438	0.00383
30	0.01229	0.71986	0.03756	0.00826	0.01199	0.05695	0.00802	0.01381	0.00973	0.01126	0.00806	0.06846	0.00791	0.00488	0.00333	0.00109	0.00508	0.00337	0.00221	0.00588
31	0.00631	0.00520	0.00562	0.00565	0.00717	0.00471	0.00432	0.00856	0.06892	0.01393	0.11584	0.07974	0.57161	0.01153	0.00561	0.00164	0.00265	0.07219	0.00448	0.00431
32	0.00662	0.00457	0.00565	0.00586	0.00607	0.00467	0.00371	0.00708	0.00741	0.01003	0.01661	0.18413	0.01890	0.52960	0.16462	0.00460	0.00568	0.00780	0.00309	0.00329
33	0.00798	0.00910	0.07232	0.01076	0.01385	0.00745	0.27267	0.01084	0.03399	0.01415	0.06043	0.03039	0.41946	0.00842	0.00547	0.00158	0.00466	0.00778	0.00357	0.00513
34	0.01040	0.11168	0.66660	0.01277	0.01908	0.07116	0.01580	0.01513	0.01017	0.01427	0.00817	0.00959	0.00599	0.00446	0.00431	0.00142	0.00687	0.00335	0.00203	0.00676
35	0.01275	0.01457	0.01260	0.01116	0.01292	0.39230	0.06632	0.01425	0.01057	0.01166	0.00914	0.01261	0.00816	0.03866	0.22556	0.00317	0.11585	0.00405	0.01863	0.00505
36	0.00903	0.00851	0.01438	0.78587	0.06856	0.01051	0.01316	0.01216	0.00949	0.01220	0.00840	0.01253	0.00634	0.00469	0.00471	0.00156	0.00625	0.00419	0.00211	0.00534
37	0.10365	0.01057	0.01152	0.00977	0.03822	0.06716	0.03161	0.15545	0.14764	0.14462	0.02739	0.02954	0.01062	0.00556	0.00440	0.00135	0.00448	0.02465	0.00404	0.16777
38	0.00825	0.00447	0.00683	0.07675	0.00842	0.00465	0.00487	0.00665	0.00643	0.00852	0.00821	0.01418	0.00803	0.01537	0.01724	0.78837	0.00428	0.00410	0.00205	0.00232
39	0.00584	0.00414	0.00544	0.00644	0.00669	0.00389	0.00425	0.00659	0.00884	0.01179	0.02503	0.76203	0.02997	0.08562	0.00757	0.00214	0.00289	0.01284	0.00425	0.00375
40	0.01105	0.45576	0.36972	0.01042	0.01565	0.01490	0.01212	0.01431	0.00969	0.01278	0.00757	0.00893	0.00618	0.00512	0.02684	0.00141	0.00611	0.00302	0.00202	0.00640
41	0.01234	0.01149	0.01815	0.05145	0.62457	0.03431	0.03699	0.06660	0.05184	0.03216	0.00971	0.01201	0.00786	0.00447	0.00470	0.00142	0.00562	0.00428	0.00268	0.00735
42	0.00895	0.03193	0.00992	0.00827	0.00925	0.05022	0.07146	0.04209	0.03255	0.01149	0.01336	0.02325	0.03315	0.46033	0.06973	0.00363	0.10757	0.00588	0.00282	0.00414
43	0.01161	0.00888	0.01079	0.00783	0.01195	0.00722	0.02897	0.07924	0.01123	0.09297	0.00965	0.01060	0.00753	0.00392	0.00378	0.00086	0.00382	0.00319	0.00324	0.68274
44	0.04574	0.06717	0.00770	0.00647	0.00736	0.04023	0.00461	0.00870	0.00901	0.01229	0.13119	0.19186	0.04721	0.29611	0.02390	0.03076	0.02907	0.02157	0.00345	0.01560
45	0.00725	0.00563	0.00790	0.00784	0.00888	0.00543	0.06265	0.07499	0.01056	0.01400	0.03576	0.60852	0.08313	0.01286	0.00585	0.00183	0.00335	0.03489	0.00427	0.00441
46	0.00630	0.00482	0.00579	0.00576	0.00693	0.00438	0.00424	0.00825	0.03196	0.01582	0.41206	0.16931	0.28487	0.01114	0.00562	0.00159	0.00240	0.00971	0.00479	0.00427
47	0.13139	0.00852	0.01224	0.06931	0.01419	0.00808	0.11402	0.01784	0.01149	0.39635	0.01387	0.01386	0.00944	0.00508	0.00437	0.00139	0.00446	0.00433	0.08659	0.07317
48	0.01459	0.01008	0.01133	0.00950	0.01236	0.01084	0.00768	0.38865	0.14399	0.11685	0.01736	0.11363	0.03303	0.00772	0.00508	0.00159	0.00438	0.07959	0.00478	0.00699
49	0.00901	0.00603	0.00730	0.00653	0.00826	0.00575	0.00503	0.06709	0.05761	0.09718	0.48472	0.03246	0.17610	0.00921	0.00538	0.00150	0.00273	0.00792	0.00505	0.00515
50	0.00832	0.00519	0.00679	0.00618	0.00760	0.00472	0.00471	0.01046	0.01328	0.11012	0.68833	0.03331	0.06410	0.00927	0.00547	0.00148	0.00244	0.00813	0.00524	0.00485
51	0.00674	0.00502	0.00740	0.00740	0.00818	0.00580	0.00567	0.00830	0.00752	0.01081	0.01279	0.01943	0.01218	0.09434	0.75717	0.00736	0.01203	0.00519	0.00255	0.00411
52	0.01424	0.01090	0.01158	0.00983	0.01285	0.02687	0.00781	0.20955	0.51965	0.09746	0.01701	0.01576	0.01244	0.00614	0.00476	0.00153	0.00420	0.00497	0.00483	0.00761
53	0.00677	0.00493	0.00697	0.00697	0.00760	0.00556	0.00513	0.00803	0.00740	0.01049	0.01319	0.02162	0.01313	0.23579	0.61702	0.00682	0.01061	0.00550	0.00261	0.00387
54	0.00600	0.00430	0.00570	0.00639	0.00689	0.00400	0.00440	0.00720	0.01021	0.01391	0.23782	0.61404	0.03481	0.01337	0.00589	0.00180	0.00260	0.01207	0.00460	0.00400
55	0.00890	0.00838	0.01414	0.82296	0.03247	0.01048	0.01309	0.01205	0.00943	0.01205	0.00838	0.01257	0.00629	0.00471	0.00471	0.00157	0.00629	0.00419	0.00210	0.00524
56	0.00581	0.00415	0.00543	0.00642	0.00672	0.00388	0.00426	0.00659	0.00895	0.01188	0.02598	0.75797	0.05415	0.06485	0.00711	0.00207	0.00284	0.01290	0.00428	0.00377
57	0.00563	0.00470	0.00491	0.00503	0.00645	0.00398	0.00371	0.00681	0.01062	0.01285	0.06934	0.13941	0.68599	0.01221	0.00563	0.00163	0.00242	0.01032	0.00440	0.00398
58	0.00946	0.02439	0.80987	0.01344	0.02041	0.01095	0.01742	0.01493	0.00995	0.01493	0.00846	0.00995	0.00597	0.00448	0.00448	0.00149	0.00697	0.00348	0.00199	0.00697
59	0.01261	0.83713	0.02471	0.00807	0.01210	0.01866	0.00807	0.01412	0.00958	0.01109	0.00656	0.00756	0.00605	0.00403	0.00303	0.00101	0.00504	0.00252	0.00202	0.00605
60	0.01032	0.01032	0.01444	0.01238	0.01238	0.01444	0.01032	0.01135	0.00722	0.01135	0.00619	0.01032	0.00619	0.00825	0.01547	0.00206	0.82567	0.00413	0.00206	0.00516
61	0.01631	0.01567	0.01204	0.01054	0.01296	0.41451	0.00813	0.10999	0.04262	0.14490	0.01151	0.01453	0.00948	0.07518	0.00667	0.00166	0.04282	0.04105	0.00346	0.00598

[dist]
# distance from previous block
# <min> <max>
0	3

[block]
# block no. 6 follows, 54 sequences, length 63
# corresponding to MSA columns:
# 1409-1471
name=unknown_G
#
# <colnr> <probs for GDERKNQSTAVLIFYWHMCP>
#	G	D	E	R	K	N	Q	S	T	A	V	L	I	F	Y	W	H	M	C	P
0	0.05372	0.01031	0.01397	0.03254	0.01384	0.04776	0.09489	0.10593	0.01093	0.15160	0.01044	0.02381	0.00845	0.02643	0.07888	0.00228	0.30048	0.00455	0.00321	0.00599
1	0.00583	0.00414	0.00545	0.00646	0.00671	0.00389	0.00426	0.00659	0.00886	0.01182	0.02514	0.77049	0.03012	0.07695	0.00738	0.00212	0.00287	0.01291	0.00426	0.00376
2	0.01424	0.00830	0.01080	0.00904	0.01181	0.00820	0.04919	0.11232	0.13683	0.29933	0.08270	0.05610	0.06845	0.00776	0.00519	0.00160	0.00407	0.10245	0.00496	0.00667
3	0.14475	0.01204	0.01179	0.00970	0.01276	0.17113	0.04957	0.09615	0.09688	0.17684	0.03019	0.03185	0.00979	0.00550	0.00470	0.00138	0.03296	0.00420	0.00381	0.09400
4	0.00574	0.00410	0.00547	0.00657	0.00684	0.00383	0.00438	0.00657	0.00903	0.01204	0.02599	0.83122	0.03119	0.01477	0.00602	0.00191	0.00274	0.01340	0.00438	0.00383
5	0.00935	0.00898	0.01565	0.68406	0.10946	0.01066	0.07031	0.01252	0.00968	0.01261	0.00851	0.01249	0.00647	0.00461	0.00477	0.00156	0.00634	0.00429	0.00214	0.00554
6	0.01244	0.01402	0.02363	0.01855	0.07948	0.13720	0.53445	0.04987	0.01174	0.01503	0.00904	0.01180	0.00700	0.00443	0.00577	0.00153	0.05031	0.00494	0.00247	0.00631
7	0.01126	0.01079	0.01840	0.14630	0.69072	0.01110	0.01427	0.01411	0.01054	0.01491	0.00880	0.01180	0.00729	0.00428	0.00467	0.00143	0.00570	0.00420	0.00230	0.00714
8	0.00946	0.02439	0.80987	0.01344	0.02041	0.01095	0.01742	0.01493	0.00995	0.01493	0.00846	0.00995	0.00597	0.00448	0.00448	0.00149	0.00697	0.00348	0.00199	0.00697
9	0.00653	0.00481	0.00611	0.00579	0.00696	0.00439	0.00434	0.00863	0.01302	0.01813	0.70692	0.03651	0.14045	0.00993	0.00556	0.00150	0.00225	0.00871	0.00509	0.00439
10	0.01421	0.01329	0.01307	0.01385	0.16960	0.22124	0.00916	0.08667	0.24951	0.08178	0.06845	0.01461	0.01219	0.00568	0.00467	0.00142	0.00539	0.00459	0.00380	0.00682
11	0.00686	0.00457	0.00514	0.00514	0.00514	0.00457	0.00286	0.00686	0.00686	0.00914	0.01486	0.03086	0.01714	0.83430	0.02400	0.00457	0.00457	0.00686	0.00286	0.00286
12	0.00843	0.00683	0.00776	0.00741	0.00910	0.00719	0.00566	0.01466	0.31618	0.01736	0.26722	0.12024	0.13347	0.00945	0.00537	0.00163	0.00300	0.04877	0.00479	0.00548
13	0.00620	0.00491	0.00559	0.00543	0.00683	0.00436	0.00410	0.00808	0.02715	0.01551	0.36604	0.04068	0.45222	0.01088	0.00557	0.00156	0.00238	0.02352	0.00473	0.00425
14	0.03014	0.01185	0.01271	0.01003	0.01353	0.02932	0.00818	0.50224	0.14336	0.12486	0.01334	0.01289	0.00947	0.00569	0.00463	0.00142	0.00474	0.00439	0.02407	0.03314
15	0.00576	0.00416	0.00545	0.00645	0.00682	0.00385	0.00433	0.00663	0.00922	0.01223	0.04475	0.76898	0.07495	0.01450	0.00598	0.00189	0.00270	0.01310	0.00440	0.00385
16	0.00577	0.00465	0.00517	0.00555	0.00675	0.00405	0.00410	0.00694	0.01030	0.01266	0.04028	0.25403	0.53997	0.01277	0.00576	0.00172	0.00263	0.06856	0.00438	0.00397
17	0.00890	0.00835	0.01405	0.78797	0.04691	0.01035	0.01291	0.01202	0.00955	0.01228	0.02736	0.01309	0.00722	0.00482	0.00473	0.00157	0.00618	0.00429	0.00217	0.00526
18	0.01009	0.18857	0.65125	0.01235	0.01873	0.01251	0.01553	0.01477	0.00988	0.01416	0.00808	0.00947	0.00599	0.00439	0.00419	0.00140	0.00658	0.00329	0.00200	0.00678
19	0.00933	0.00888	0.01463	0.64868	0.09965	0.01104	0.01287	0.01218	0.00927	0.01226	0.00815	0.01220	0.00638	0.00512	0.00607	0.00162	0.10994	0.00418	0.00211	0.00543
20	0.00693	0.00475	0.00556	0.00576	0.00612	0.00468	0.00381	0.00748	0.00799	0.01054	0.01946	0.03597	0.08320	0.59619	0.01879	0.00381	0.00430	0.15087	0.02054	0.00326
21	0.02956	0.01002	0.01174	0.00986	0.01223	0.09014	0.06689	0.11597	0.10727	0.15329	0.15441	0.06957	0.01759	0.00792	0.02283	0.00169	0.07675	0.03188	0.00425	0.00616
22	0.01166	0.59386	0.25973	0.00968	0.01459	0.01635	0.01087	0.01436	0.00969	0.01224	0.00713	0.00828	0.00603	0.00417	0.00346	0.00115	0.00562	0.00281	0.00201	0.00633
23	0.00788	0.00453	0.00475	0.00469	0.00589	0.00433	0.00352	0.00989	0.01056	0.01688	0.13819	0.02535	0.16353	0.00730	0.00405	0.00125	0.00224	0.00604	0.57481	0.00433
24	0.00591	0.00447	0.00566	0.02575	0.00752	0.00414	0.00459	0.00699	0.00966	0.01247	0.04583	0.55415	0.22020	0.01363	0.00590	0.00184	0.00283	0.06018	0.00434	0.00394
25	0.02214	0.00695	0.00834	0.00746	0.02454	0.02158	0.00564	0.02669	0.07839	0.09532	0.36531	0.04658	0.02668	0.03475	0.00558	0.00147	0.00322	0.04288	0.00447	0.17200
26	0.00563	0.00454	0.00502	0.00541	0.00654	0.00393	0.00387	0.00669	0.01013	0.01249	0.04000	0.32546	0.52789	0.01295	0.00573	0.00171	0.00251	0.01118	0.00438	0.00393
27	0.86760	0.00912	0.00693	0.00620	0.00912	0.01058	0.00511	0.01386	0.00802	0.02115	0.00657	0.00766	0.00511	0.00438	0.00292	0.00146	0.00365	0.00255	0.00292	0.00511
28	0.00890	0.00838	0.01414	0.82296	0.03247	0.01048	0.01309	0.01205	0.00943	0.01205	0.00838	0.01257	0.00629	0.00471	0.00471	0.00157	0.00629	0.00419	0.00210	0.00524
29	0.01250	0.80951	0.05140	0.00825	0.01238	0.01839	0.00839	0.01415	0.00959	0.01122	0.00662	0.00764	0.00605	0.00405	0.00307	0.00102	0.00511	0.00255	0.00202	0.00608
30	0.00609	0.00425	0.00537	0.00613	0.00632	0.00406	0.00391	0.00665	0.00836	0.01115	0.02257	0.58542	0.02687	0.26646	0.01154	0.00273	0.00330	0.01139	0.00391	0.00353
31	0.00651	0.00481	0.00607	0.00576	0.00694	0.00438	0.00432	0.00857	0.01295	0.01797	0.68726	0.03677	0.16021	0.00999	0.00556	0.00150	0.00225	0.00874	0.00507	0.00438
32	0.00890	0.00838	0.01414	0.82296	0.03247	0.01048	0.01309	0.01205	0.00943	0.01205	0.00838	0.01257	0.00629	0.00471	0.00471	0.00157	0.00629	0.00419	0.00210	0.00524
33	0.00574	0.00410	0.00547	0.00657	0.00684	0.00383	0.00438	0.00657	0.00903	0.01204	0.02599	0.83122	0.03119	0.01477	0.00602	0.00191	0.00274	0.01340	0.00438	0.00383
34	0.00574	0.00410	0.00547	0.00657	0.00684	0.00383	0.00438	0.00657	0.00903	0.01204	0.02599	0.83122	0.03119	0.01477	0.00602	0.00191	0.00274	0.01340	0.00438	0.00383
35	0.01113	0.01272	0.02782	0.01987	0.02464	0.01192	0.78776	0.01510	0.01113	0.01510	0.00954	0.01272	0.00715	0.00397	0.00556	0.00159	0.00795	0.00556	0.00238	0.00636
36	0.01743	0.02179	0.01330	0.01202	0.01450	0.76527	0.00905	0.04191	0.03926	0.01235	0.00780	0.00888	0.00640	0.00493	0.00428	0.00123	0.00825	0.00315	0.00257	0.00561
37	0.00665	0.00482	0.00627	0.00591	0.00703	0.00444	0.00443	0.00885	0.01329	0.01878	0.78707	0.03543	0.05989	0.00969	0.00556	0.00149	0.00223	0.00856	0.00517	0.00444
38	0.04982	0.00824	0.01091	0.00840	0.01202	0.00732	0.00694	0.04869	0.01360	0.75496	0.01795	0.01560	0.01132	0.00578	0.00468	0.00146	0.00404	0.00465	0.00570	0.00792
39	0.00898	0.00839	0.01410	0.78376	0.05490	0.01038	0.01295	0.01210	0.00948	0.01225	0.00853	0.01264	0.00643	0.00471	0.00469	0.00156	0.00619	0.00419	0.01848	0.00529
40	0.00562	0.00475	0.00486	0.00490	0.00641	0.00399	0.00365	0.00683	0.01076	0.01293	0.07411	0.08148	0.73965	0.01199	0.00559	0.00160	0.00240	0.01006	0.00441	0.00399
41	0.01084	0.00903	0.01082	0.00795	0.01200	0.00756	0.03259	0.07326	0.07208	0.03348	0.00970	0.01074	0.00774	0.00395	0.00378	0.00087	0.00380	0.00324	0.00315	0.68340
42	0.00951	0.02401	0.78426	0.01365	0.02055	0.01098	0.04264	0.01494	0.00999	0.01494	0.00850	0.01005	0.00601	0.00446	0.00452	0.00150	0.00700	0.00355	0.00200	0.00695
43	0.00673	0.00459	0.00511	0.00511	0.00526	0.00451	0.00293	0.00685	0.00723	0.00949	0.01805	0.03226	0.09331	0.75458	0.02221	0.00428	0.00436	0.00716	0.00300	0.00297
44	0.01076	0.11980	0.58752	0.01292	0.01885	0.09526	0.04718	0.01518	0.01026	0.01407	0.00812	0.00964	0.00605	0.00451	0.00453	0.00142	0.02182	0.00342	0.00206	0.00665
45	0.01330	0.01107	0.02058	0.01514	0.01913	0.02951	0.46884	0.06075	0.01227	0.18905	0.03205	0.05642	0.03728	0.00545	0.00533	0.00156	0.00636	0.00586	0.00351	0.00654
46	0.00585	0.00416	0.00547	0.00644	0.00672	0.00390	0.00427	0.00665	0.00899	0.01202	0.04737	0.74948	0.03053	0.07501	0.00733	0.00210	0.00286	0.01278	0.00429	0.00378
47	0.00819	0.00410	0.00614	0.00614	0.00614	0.00410	0.00410	0.00614	0.00614	0.00819	0.00819	0.01433	0.00819	0.01638	0.01843	0.86282	0.00410	0.00410	0.00205	0.00205
48	0.01068	0.01039	0.01829	0.29766	0.46629	0.01103	0.08965	0.01371	0.01033	0.01423	0.00877	0.01208	0.00704	0.00435	0.00477	0.00148	0.00606	0.00433	0.00226	0.00660
49	0.01261	0.83713	0.02471	0.00807	0.01210	0.01866	0.00807	0.01412	0.00958	0.01109	0.00656	0.00756	0.00605	0.00403	0.00303	0.00101	0.00504	0.00252	0.00202	0.00605
50	0.00595	0.00472	0.00540	0.00578	0.00699	0.00417	0.00437	0.00724	0.01048	0.01303	0.07131	0.22281	0.48720	0.01264	0.00581	0.00174	0.00274	0.11921	0.00441	0.00402
51	0.00574	0.00410	0.00547	0.00657	0.00684	0.00383	0.00438	0.00657	0.00903	0.01204	0.02599	0.83122	0.03119	0.01477	0.00602	0.00191	0.00274	0.01340	0.00438	0.00383
52	0.00890	0.00845	0.02871	0.00919	0.01021	0.06722	0.02292	0.01130	0.08490	0.02510	0.01828	0.30897	0.06062	0.02611	0.05762	0.00223	0.21060	0.03035	0.00348	0.00485
53	0.01760	0.02031	0.01308	0.01166	0.01424	0.67779	0.00885	0.06465	0.03010	0.07223	0.00871	0.00958	0.00687	0.00551	0.01753	0.00136	0.00794	0.00332	0.00287	0.00583
54	0.01016	0.00861	0.00998	0.00716	0.01133	0.00667	0.00574	0.04807	0.01035	0.01603	0.00852	0.00985	0.00703	0.00359	0.00355	0.00073	0.00357	0.00286	0.00288	0.82329
55	0.01171	0.01151	0.04763	0.06569	0.69011	0.01106	0.04056	0.01464	0.01074	0.03788	0.00913	0.01181	0.00747	0.00427	0.00470	0.00142	0.00572	0.00424	0.00241	0.00732
56	0.01653	0.01249	0.01324	0.01049	0.01395	0.02614	0.00859	0.62900	0.13033	0.02728	0.01288	0.01362	0.00958	0.00598	0.00475	0.00146	0.00495	0.02892	0.02210	0.00771
