[name]
unknown

[dist]
# distance from previous block
# <min> <max>
0	957

[block]
# block no. 0 follows, 55 sequences, length 124
# corresponding to MSA columns:
# 1003-1010,1013-1018,1025-1038,1044-1085,1107-1126,1129-1162
name=unknown_A
#
# <colnr> <probs for GDERKNQSTAVLIFYWHMCP>
#	G	D	E	R	K	N	Q	S	T	A	V	L	I	F	Y	W	H	M	C	P
0	0.00828	0.00627	0.00735	0.00736	0.00881	0.00641	0.00576	0.05290	0.15743	0.02858	0.05855	0.13642	0.18328	0.08725	0.00729	0.00203	0.00355	0.22332	0.00432	0.00484
1	0.01306	0.50990	0.17040	0.00967	0.01390	0.15468	0.00983	0.01525	0.01033	0.04493	0.00744	0.00842	0.00619	0.00428	0.00353	0.00114	0.00588	0.00285	0.00221	0.00612
2	0.01671	0.04194	0.02710	0.02872	0.03000	0.69594	0.00930	0.05730	0.01323	0.01242	0.00743	0.00871	0.00612	0.00485	0.00442	0.00123	0.02340	0.00312	0.00248	0.00559
3	0.00585	0.00416	0.00545	0.00640	0.00671	0.00392	0.00430	0.00665	0.00881	0.01170	0.02490	0.70787	0.04234	0.09401	0.00767	0.00215	0.00294	0.04629	0.00417	0.00371
4	0.00665	0.00498	0.00748	0.00748	0.00831	0.00582	0.00582	0.00831	0.00748	0.01080	0.01246	0.01828	0.01163	0.03489	0.81807	0.00748	0.01246	0.00498	0.00249	0.00415
5	0.00899	0.00795	0.00949	0.00834	0.04872	0.04179	0.02516	0.01075	0.00970	0.01408	0.01345	0.22983	0.02444	0.00663	0.00428	0.00110	0.00366	0.00579	0.00315	0.52272
6	0.02087	0.00792	0.01080	0.00828	0.01188	0.00684	0.00684	0.02267	0.01332	0.81071	0.01835	0.01583	0.01152	0.00576	0.00468	0.00144	0.00396	0.00468	0.00576	0.00792
7	0.00575	0.00411	0.00549	0.00657	0.00688	0.00385	0.00446	0.00662	0.00899	0.01197	0.02560	0.79848	0.03059	0.01450	0.00596	0.00190	0.00277	0.04741	0.00432	0.00380
8	0.00760	0.00535	0.00616	0.00592	0.00724	0.00505	0.00430	0.00998	0.08747	0.06815	0.20438	0.12208	0.29457	0.14103	0.00829	0.00204	0.00294	0.00860	0.00440	0.00445
9	0.01124	0.01480	0.19332	0.01752	0.02262	0.01141	0.57119	0.03488	0.01111	0.05088	0.00963	0.01208	0.00703	0.00415	0.00521	0.00154	0.00739	0.00498	0.00248	0.00652
10	0.00890	0.00455	0.00457	0.00449	0.00564	0.00459	0.00339	0.03016	0.01006	0.01764	0.01508	0.01719	0.01182	0.00542	0.00329	0.00109	0.00224	0.00433	0.84112	0.00442
11	0.00675	0.00450	0.00508	0.00510	0.00510	0.00450	0.00284	0.00676	0.00680	0.00906	0.01483	0.04267	0.01712	0.82399	0.02341	0.00447	0.00448	0.00686	0.00284	0.00283
12	0.36899	0.00863	0.00898	0.00751	0.01054	0.00906	0.00610	0.05540	0.10083	0.30946	0.03500	0.03920	0.01048	0.00561	0.00400	0.00147	0.00375	0.00421	0.00434	0.00644
13	0.00649	0.00564	0.00566	0.00548	0.00698	0.04072	0.00411	0.00826	0.03162	0.01438	0.25527	0.03965	0.53780	0.01070	0.00542	0.00152	0.00262	0.00901	0.00447	0.00421
14	0.00550	0.00471	0.00471	0.00471	0.00628	0.00393	0.00353	0.00668	0.01060	0.01257	0.04713	0.04477	0.80560	0.01178	0.00550	0.00157	0.00236	0.00982	0.00432	0.00393
15	0.00629	0.00499	0.00564	0.00588	0.00702	0.00465	0.00422	0.01839	0.07107	0.01337	0.08521	0.32803	0.38248	0.03327	0.00605	0.00175	0.00266	0.01046	0.00437	0.00419
16	0.00872	0.00477	0.00491	0.00484	0.00602	0.00483	0.00363	0.02701	0.04498	0.01736	0.03646	0.05486	0.03213	0.00613	0.00358	0.00117	0.00232	0.00500	0.72677	0.00451
17	0.86937	0.00900	0.00684	0.00612	0.00900	0.01044	0.00504	0.01368	0.00792	0.02087	0.00648	0.00756	0.00504	0.00432	0.00288	0.00144	0.00360	0.00252	0.00288	0.00504
18	0.00665	0.00496	0.00736	0.00736	0.00815	0.00575	0.00567	0.00823	0.00744	0.01071	0.01257	0.01886	0.01189	0.07356	0.77975	0.00733	0.01208	0.00507	0.00251	0.00409
19	0.00721	0.00495	0.00584	0.00578	0.00709	0.00441	0.00426	0.01967	0.01102	0.07606	0.19856	0.21389	0.36238	0.03822	0.00612	0.00171	0.00266	0.02127	0.00456	0.00433
20	0.02028	0.00824	0.01092	0.00844	0.01200	0.00740	0.00695	0.05680	0.05160	0.73798	0.01806	0.01570	0.01149	0.00578	0.00468	0.00144	0.00400	0.00468	0.00566	0.00789
21	0.82808	0.00894	0.00703	0.00622	0.00914	0.01026	0.00513	0.01411	0.00818	0.05931	0.00706	0.00796	0.00535	0.00439	0.00297	0.00144	0.00362	0.00262	0.00302	0.00518
22	0.00907	0.00848	0.01419	0.77318	0.06915	0.01044	0.01292	0.02513	0.00958	0.01234	0.00834	0.01234	0.00629	0.00464	0.00465	0.00154	0.00615	0.00414	0.00212	0.00532
23	0.00649	0.00451	0.00568	0.00633	0.00668	0.00439	0.00428	0.02275	0.00873	0.01168	0.02175	0.47683	0.02537	0.26206	0.01127	0.00268	0.00345	0.09260	0.01884	0.00364
24	0.22722	0.06984	0.09858	0.02674	0.11117	0.34366	0.03183	0.01590	0.01083	0.01465	0.00736	0.00885	0.00595	0.00448	0.00391	0.00131	0.00641	0.00312	0.00243	0.00576
25	0.00594	0.00457	0.00547	0.00580	0.00683	0.00409	0.00427	0.00731	0.01066	0.01381	0.20751	0.28723	0.33754	0.01222	0.00570	0.00169	0.00257	0.06829	0.00450	0.00401
26	0.00592	0.00468	0.00534	0.00533	0.00661	0.00410	0.00397	0.00743	0.01134	0.01462	0.30553	0.11149	0.46120	0.01127	0.00555	0.00157	0.00236	0.02301	0.00459	0.00408
27	0.01489	0.01174	0.01247	0.02485	0.01373	0.02363	0.00825	0.44289	0.33155	0.02450	0.01410	0.01359	0.01034	0.00580	0.00465	0.00145	0.00457	0.00457	0.00456	0.02788
28	0.01240	0.01543	0.15143	0.07751	0.20020	0.18291	0.13626	0.03730	0.01118	0.03767	0.00863	0.01075	0.00675	0.00456	0.00505	0.00140	0.04299	0.00394	0.00244	0.05121
29	0.01433	0.00988	0.01281	0.04992	0.03683	0.02077	0.08286	0.15208	0.24380	0.21605	0.03091	0.03257	0.03258	0.01678	0.00504	0.00152	0.00456	0.00514	0.00443	0.02713
30	0.08108	0.04188	0.61489	0.01292	0.01904	0.01089	0.08975	0.01499	0.00992	0.05036	0.00869	0.01010	0.00619	0.00441	0.00437	0.00147	0.00652	0.00359	0.00225	0.00669
31	0.09184	0.00925	0.01077	0.00871	0.01186	0.00955	0.00709	0.15657	0.17377	0.37871	0.01716	0.01581	0.04899	0.00608	0.00491	0.00149	0.03052	0.00475	0.00491	0.00727
32	0.04079	0.01334	0.01570	0.02067	0.46634	0.20582	0.01150	0.04606	0.04589	0.03778	0.01081	0.01247	0.04270	0.00484	0.00450	0.00136	0.00588	0.00413	0.00273	0.00670
33	0.84206	0.00896	0.00697	0.00619	0.00909	0.01032	0.00510	0.01396	0.00809	0.04629	0.00686	0.00782	0.00525	0.00436	0.00294	0.00144	0.00361	0.00259	0.00297	0.00513
34	0.00571	0.00426	0.00525	0.00601	0.00660	0.00388	0.00411	0.00660	0.00925	0.01194	0.03037	0.58672	0.22030	0.05386	0.00670	0.00194	0.00273	0.02574	0.00425	0.00378
35	0.12618	0.05642	0.01277	0.01049	0.01310	0.44292	0.00825	0.08576	0.01263	0.11138	0.00869	0.00953	0.00672	0.00515	0.00494	0.00133	0.07153	0.00331	0.00302	0.00588
36	0.01081	0.00929	0.01009	0.04507	0.01234	0.01064	0.00722	0.02216	0.67030	0.01877	0.08002	0.01964	0.04976	0.00672	0.00482	0.00157	0.00362	0.00565	0.00463	0.00689
37	0.00672	0.00452	0.00520	0.00524	0.00529	0.00455	0.00301	0.00683	0.00687	0.00920	0.01490	0.05570	0.01710	0.77104	0.06176	0.00457	0.00484	0.00689	0.00285	0.00291
38	0.00651	0.00475	0.00612	0.00578	0.00691	0.00436	0.00433	0.00864	0.01300	0.01826	0.75566	0.03540	0.09351	0.00966	0.00549	0.00147	0.00221	0.00850	0.00507	0.00436
39	0.76977	0.00889	0.00745	0.04579	0.01031	0.01019	0.00554	0.01420	0.00835	0.07450	0.00738	0.00836	0.00554	0.00443	0.00309	0.00144	0.00375	0.00274	0.00304	0.00524
40	0.01198	0.01080	0.01067	0.00959	0.01221	0.06669	0.00744	0.03732	0.71990	0.01897	0.01842	0.01705	0.02549	0.00628	0.00471	0.00155	0.00401	0.00516	0.00457	0.00719
41	0.00677	0.00451	0.00507	0.00507	0.00507	0.00451	0.00282	0.00677	0.00677	0.00902	0.01466	0.03044	0.01691	0.83650	0.02368	0.00451	0.00451	0.00677	0.00282	0.00282
42	0.01946	0.00996	0.01203	0.00925	0.01288	0.00990	0.00763	0.32423	0.03086	0.49016	0.01555	0.01403	0.01015	0.00570	0.00467	0.00143	0.00441	0.00450	0.00531	0.00791
43	0.00567	0.00405	0.00540	0.00648	0.00675	0.00378	0.00432	0.00648	0.00891	0.01188	0.02564	0.83347	0.03077	0.01457	0.00594	0.00189	0.00270	0.01323	0.00432	0.00378
44	0.00965	0.00827	0.00965	0.00689	0.01102	0.00620	0.00551	0.01171	0.00965	0.01516	0.00827	0.00965	0.00689	0.00345	0.00345	0.00069	0.00345	0.00276	0.00276	0.86494
45	0.01727	0.01163	0.01272	0.00984	0.01331	0.01260	0.00810	0.62837	0.01975	0.12384	0.01240	0.01229	0.00871	0.00559	0.00453	0.00137	0.00471	0.00426	0.08109	0.00759
46	0.00574	0.00410	0.00546	0.00643	0.00676	0.00382	0.00432	0.00665	0.00923	0.01239	0.08419	0.77347	0.03176	0.01419	0.00590	0.00186	0.00266	0.01286	0.00438	0.00382
47	0.00550	0.00469	0.00473	0.00477	0.00630	0.00392	0.00356	0.00667	0.01055	0.01255	0.04644	0.07016	0.78066	0.01187	0.00551	0.00158	0.00237	0.00993	0.00432	0.00392
48	0.00677	0.00451	0.00507	0.00507	0.00507	0.00451	0.00282	0.00677	0.00677	0.00902	0.01466	0.03044	0.01691	0.83650	0.02368	0.00451	0.00451	0.00677	0.00282	0.00282
49	0.00683	0.00508	0.00662	0.02654	0.00849	0.00510	0.00548	0.02107	0.07664	0.01349	0.05871	0.54357	0.02823	0.01294	0.00586	0.00188	0.00319	0.16165	0.00433	0.00431
50	0.01766	0.01384	0.01389	0.01082	0.01442	0.08595	0.00886	0.72312	0.02110	0.02772	0.01082	0.01092	0.00774	0.00551	0.00461	0.00138	0.00541	0.00408	0.00445	0.00769
51	0.00584	0.00419	0.00558	0.00663	0.00701	0.00393	0.00460	0.00678	0.00912	0.01209	0.02605	0.74062	0.04871	0.01435	0.00597	0.00191	0.00284	0.08562	0.00432	0.00383
52	0.04129	0.00777	0.01014	0.00798	0.01115	0.00705	0.00652	0.07281	0.01373	0.60330	0.14908	0.01845	0.01651	0.00633	0.00476	0.00144	0.00373	0.00521	0.00550	0.00725
53	0.01046	0.01490	0.28195	0.09918	0.24170	0.01064	0.13303	0.01492	0.06078	0.03546	0.04478	0.01271	0.00887	0.00467	0.00473	0.00148	0.00609	0.00439	0.00254	0.00670
54	0.00578	0.00416	0.00550	0.00648	0.00687	0.00388	0.00443	0.00672	0.00923	0.01227	0.05749	0.73480	0.06244	0.01418	0.00592	0.00187	0.00274	0.04708	0.00435	0.00383
55	0.01251	0.60665	0.09536	0.01056	0.07725	0.09328	0.00945	0.01443	0.00990	0.01168	0.00689	0.00814	0.00608	0.00417	0.00355	0.00111	0.01804	0.00278	0.00205	0.00610
56	0.00665	0.00427	0.00543	0.00577	0.00591	0.00417	0.00363	0.00662	0.00763	0.01022	0.05244	0.29615	0.02101	0.36200	0.01584	0.17376	0.00371	0.00846	0.00327	0.00305
57	0.03036	0.01299	0.06785	0.03184	0.03706	0.05016	0.00918	0.45827	0.17421	0.02369	0.01217	0.01248	0.00899	0.00684	0.04104	0.00171	0.00545	0.00430	0.00412	0.00731
58	0.01261	0.00950	0.01184	0.01010	0.02453	0.01012	0.07257	0.23602	0.24196	0.08521	0.04323	0.16000	0.03173	0.00762	0.00505	0.00157	0.00425	0.02098	0.00448	0.00662
59	0.00649	0.00475	0.00609	0.00576	0.00689	0.00435	0.00432	0.00860	0.01295	0.01814	0.74062	0.03560	0.10863	0.00970	0.00549	0.00147	0.00221	0.00853	0.00505	0.00435
60	0.01683	0.02074	0.01264	0.01146	0.01381	0.74004	0.00862	0.04298	0.01324	0.01234	0.00783	0.00905	0.00643	0.00486	0.00415	0.00120	0.00789	0.00312	0.05736	0.00541
61	0.00797	0.00404	0.00603	0.00608	0.00609	0.00403	0.00405	0.00608	0.00619	0.00825	0.00886	0.05038	0.00908	0.01609	0.01764	0.82649	0.00398	0.00445	0.00212	0.00210
62	0.01059	0.00933	0.01172	0.12319	0.15688	0.05595	0.00887	0.10510	0.17584	0.01633	0.04965	0.15639	0.01489	0.00913	0.05994	0.00195	0.00516	0.01950	0.00358	0.00600
63	0.00677	0.00451	0.00507	0.00507	0.00507	0.00451	0.00282	0.00677	0.00677	0.00902	0.01466	0.03044	0.01691	0.83650	0.02368	0.00451	0.00451	0.00677	0.00282	0.00282
64	0.00582	0.00420	0.00556	0.00646	0.00688	0.00388	0.00436	0.00673	0.00912	0.01227	0.06006	0.77417	0.03068	0.01403	0.00585	0.00184	0.00270	0.01271	0.00431	0.02838
65	0.11085	0.00470	0.00561	0.00641	0.00702	0.00466	0.00441	0.00746	0.00880	0.01300	0.03338	0.67647	0.02722	0.04399	0.00623	0.00193	0.00290	0.02694	0.00410	0.00391
66	0.01971	0.00978	0.01195	0.00916	0.01280	0.00960	0.00757	0.30233	0.01643	0.52665	0.01574	0.01414	0.01021	0.00569	0.00467	0.00142	0.00438	0.00450	0.00536	0.00792
67	0.00607	0.00475	0.00554	0.00564	0.00691	0.00422	0.00432	0.00764	0.01126	0.01451	0.27094	0.10293	0.42591	0.01144	0.00564	0.00163	0.00256	0.09944	0.00456	0.00410
68	0.00641	0.00451	0.00572	0.00646	0.00687	0.00437	0.00431	0.00775	0.04885	0.02404	0.02336	0.63461	0.02728	0.14983	0.00880	0.00230	0.00309	0.02347	0.00411	0.00387
69	0.00588	0.00444	0.00536	0.00572	0.00657	0.00400	0.00402	0.00707	0.01029	0.01349	0.20803	0.37040	0.27252	0.05216	0.00655	0.00182	0.00257	0.01077	0.00443	0.00392
70	0.01950	0.01012	0.01216	0.00932	0.01297	0.01010	0.00770	0.35370	0.01700	0.47448	0.01526	0.01383	0.00997	0.00568	0.00467	0.00142	0.00446	0.00447	0.00528	0.00791
71	0.01151	0.01105	0.01888	0.02855	0.80748	0.01105	0.01428	0.01428	0.01059	0.01520	0.00875	0.01151	0.00737	0.00415	0.00461	0.00138	0.00553	0.00415	0.00230	0.00737
72	0.12648	0.01023	0.01119	0.00896	0.01219	0.01091	0.00730	0.36744	0.08563	0.21963	0.01384	0.04949	0.01017	0.00593	0.00444	0.00144	0.00428	0.00460	0.03868	0.00717
73	0.00669	0.00472	0.00535	0.00538	0.00655	0.00434	0.00397	0.02376	0.01094	0.01511	0.21570	0.15845	0.30870	0.02577	0.00547	0.00156	0.00247	0.02252	0.16839	0.00416
74	0.00678	0.00482	0.00613	0.00576	0.00698	0.00439	0.00433	0.00883	0.01283	0.03635	0.68695	0.03563	0.14335	0.00972	0.00547	0.00148	0.00226	0.00851	0.00503	0.00441
75	0.00677	0.00451	0.00507	0.00507	0.00507	0.00451	0.00282	0.00677	0.00677	0.00902	0.01466	0.03044	0.01691	0.83650	0.02368	0.00451	0.00451	0.00677	0.00282	0.00282
76	0.00687	0.00472	0.00549	0.00544	0.00597	0.00455	0.00348	0.00778	0.02460	0.02756	0.16508	0.09818	0.11280	0.48947	0.01604	0.00328	0.00366	0.00788	0.00363	0.00351
77	0.06599	0.00827	0.00947	0.00788	0.01049	0.00842	0.00628	0.21002	0.07696	0.22942	0.13004	0.07005	0.07511	0.02278	0.00511	0.00152	0.00368	0.00593	0.04621	0.00638
78	0.00658	0.00476	0.00622	0.00585	0.00695	0.00439	0.00439	0.00878	0.01317	0.01866	0.80503	0.03475	0.04390	0.00951	0.00549	0.00146	0.00219	0.00841	0.00512	0.00439
79	0.02981	0.00498	0.00607	0.00626	0.00750	0.00450	0.00461	0.00906	0.01023	0.11411	0.06014	0.38820	0.26620	0.01204	0.00558	0.00172	0.00285	0.05721	0.00449	0.00444
80	0.05184	0.00536	0.00629	0.00610	0.00758	0.00493	0.00453	0.02790	0.01093	0.12060	0.15013	0.26821	0.28407	0.02288	0.00563	0.00166	0.00281	0.00937	0.00455	0.00462
81	0.00659	0.00489	0.00575	0.00557	0.00690	0.00436	0.00416	0.02080	0.01184	0.03569	0.38143	0.11210	0.36141	0.01078	0.00550	0.00155	0.00240	0.00929	0.00472	0.00429
82	0.01413	0.01111	0.01200	0.00999	0.01294	0.01266	0.00802	0.33775	0.41869	0.03726	0.01511	0.01448	0.01118	0.00607	0.00515	0.00151	0.04118	0.00474	0.01858	0.00745
83	0.00612	0.00435	0.00565	0.00648	0.00706	0.00408	0.00465	0.00732	0.00966	0.01301	0.08846	0.56269	0.09001	0.01328	0.00581	0.00183	0.00282	0.11702	0.04577	0.00393
84	0.00593	0.00430	0.00544	0.00607	0.00665	0.00397	0.00417	0.00700	0.00973	0.01300	0.15316	0.53125	0.13334	0.06061	0.00680	0.00192	0.00269	0.02335	0.01674	0.00386
85	0.00670	0.00508	0.00604	0.00581	0.00709	0.00468	0.00434	0.04760	0.01229	0.01646	0.43226	0.13150	0.28170	0.01063	0.00550	0.00154	0.00245	0.00921	0.00475	0.00435
86	0.07896	0.01014	0.01200	0.01153	0.10388	0.01099	0.02007	0.21214	0.28124	0.10925	0.05318	0.01657	0.01275	0.00608	0.00468	0.00150	0.00430	0.03929	0.00437	0.00709
87	0.00968	0.00918	0.01557	0.56343	0.28693	0.01057	0.01337	0.01267	0.00973	0.01298	0.00843	0.01211	0.00659	0.00448	0.00464	0.00149	0.00598	0.00414	0.00214	0.00589
88	0.00982	0.00843	0.01004	0.00718	0.01132	0.00645	0.01927	0.02635	0.00990	0.01542	0.00834	0.00973	0.00691	0.00349	0.00350	0.00072	0.00355	0.00283	0.00278	0.83395
89	0.00929	0.00688	0.00802	0.01964	0.00938	0.00694	0.00567	0.17296	0.05889	0.03330	0.12330	0.23862	0.15977	0.02338	0.01730	0.01730	0.00350	0.03836	0.00435	0.04313
90	0.01595	0.13520	0.01513	0.01223	0.05353	0.59206	0.00918	0.03932	0.01240	0.01201	0.00721	0.00861	0.00612	0.00488	0.00475	0.00124	0.05910	0.00308	0.00238	0.00563
91	0.00772	0.00605	0.00733	0.00676	0.00846	0.00557	0.00493	0.02966	0.05825	0.01338	0.02978	0.28628	0.05288	0.11100	0.10764	0.00250	0.00443	0.00754	0.00352	0.24631
92	0.60537	0.00898	0.00823	0.00690	0.01003	0.00976	0.00569	0.06273	0.01002	0.20013	0.00949	0.00970	0.00672	0.00470	0.00341	0.00142	0.00377	0.00311	0.00364	0.02620
93	0.00964	0.00873	0.01441	0.57988	0.13770	0.01020	0.04259	0.04721	0.01015	0.01369	0.00906	0.01262	0.00693	0.00465	0.00457	0.00148	0.00580	0.00421	0.07091	0.00558
94	0.04168	0.00847	0.01080	0.00843	0.01182	0.00790	0.00691	0.13919	0.01420	0.61702	0.01723	0.05438	0.01173	0.00611	0.00466	0.00145	0.00403	0.00495	0.02145	0.00757
95	0.59379	0.00865	0.00812	0.00682	0.00993	0.00927	0.00562	0.01660	0.00967	0.27740	0.01033	0.01025	0.00714	0.00479	0.00346	0.00144	0.00372	0.00322	0.00381	0.00597
96	0.00566	0.00432	0.00521	0.00588	0.00664	0.00387	0.00410	0.00665	0.00962	0.01227	0.04527	0.52159	0.30967	0.01346	0.00578	0.00177	0.00260	0.02746	0.00433	0.00385
97	0.00656	0.00451	0.00553	0.00580	0.00600	0.00456	0.00368	0.00701	0.00744	0.01002	0.01701	0.19325	0.01946	0.53707	0.11834	0.00425	0.00512	0.03802	0.00314	0.00324
98	0.04567	0.00842	0.01097	0.00844	0.01203	0.00765	0.00697	0.09370	0.01395	0.71494	0.01734	0.01516	0.01099	0.00570	0.00462	0.00144	0.00406	0.00457	0.00557	0.00783
99	0.00557	0.00472	0.00481	0.00479	0.00633	0.00396	0.00359	0.00682	0.01078	0.01298	0.09792	0.04410	0.75455	0.01163	0.00550	0.00156	0.00235	0.00972	0.00437	0.00396
100	0.00677	0.00451	0.00507	0.00507	0.00507	0.00451	0.00282	0.00677	0.00677	0.00902	0.01466	0.03044	0.01691	0.83650	0.02368	0.00451	0.00451	0.00677	0.00282	0.00282
101	0.01084	0.00608	0.00656	0.00601	0.00776	0.00631	0.00464	0.01550	0.19224	0.11563	0.01643	0.01716	0.01240	0.00567	0.00377	0.00124	0.00274	0.00459	0.55896	0.00548
102	0.01157	0.00999	0.01052	0.00947	0.01210	0.01157	0.00736	0.02472	0.79908	0.01946	0.01893	0.01736	0.01420	0.00631	0.00473	0.00158	0.00368	0.00526	0.00473	0.00736
103	0.01098	0.01255	0.02745	0.01961	0.02431	0.01176	0.79059	0.01490	0.01098	0.01490	0.00941	0.01255	0.00706	0.00392	0.00549	0.00157	0.00784	0.00549	0.00235	0.00627
104	0.01768	0.01303	0.01396	0.01070	0.01443	0.01443	0.00884	0.79197	0.02187	0.02932	0.01117	0.01117	0.00791	0.00558	0.00465	0.00140	0.00512	0.00419	0.00465	0.00791
105	0.01738	0.02217	0.01318	0.01199	0.01438	0.81783	0.00899	0.01858	0.01318	0.01139	0.00719	0.00839	0.00599	0.00479	0.00419	0.00120	0.00839	0.00300	0.00240	0.00539
106	0.01244	0.83930	0.02438	0.00796	0.01194	0.01841	0.00796	0.01393	0.00945	0.01095	0.00647	0.00746	0.00597	0.00398	0.00299	0.00100	0.00498	0.00249	0.00199	0.00597
107	0.00677	0.00451	0.00507	0.00507	0.00507	0.00451	0.00282	0.00677	0.00677	0.00902	0.01466	0.03044	0.01691	0.83650	0.02368	0.00451	0.00451	0.00677	0.00282	0.00282
108	0.02087	0.00792	0.01080	0.00828	0.01188	0.00684	0.00684	0.02267	0.01332	0.81071	0.01835	0.01583	0.01152	0.00576	0.00468	0.00144	0.00396	0.00468	0.00576	0.00792
109	0.00553	0.00459	0.00484	0.00504	0.00637	0.00390	0.00368	0.00664	0.01029	0.01244	0.04311	0.19214	0.66082	0.01230	0.00558	0.00163	0.00242	0.01045	0.00432	0.00390
110	0.86937	0.00900	0.00684	0.00612	0.00900	0.01044	0.00504	0.01368	0.00792	0.02087	0.00648	0.00756	0.00504	0.00432	0.00288	0.00144	0.00360	0.00252	0.00288	0.00504
111	0.00769	0.00569	0.00830	0.00827	0.03147	0.01873	0.02596	0.00928	0.00797	0.04628	0.01287	0.03265	0.01209	0.10106	0.64214	0.00643	0.01084	0.00522	0.00269	0.00436
112	0.00965	0.00827	0.00965	0.00689	0.01102	0.00620	0.00551	0.01171	0.00965	0.01516	0.00827	0.00965	0.00689	0.00345	0.00345	0.00069	0.00345	0.00276	0.00276	0.86494
113	0.00603	0.00488	0.00545	0.00574	0.00717	0.00431	0.00459	0.00746	0.01063	0.01293	0.04116	0.04682	0.59895	0.01207	0.00574	0.00172	0.00287	0.21316	0.00431	0.00402
114	0.00603	0.00466	0.00544	0.00545	0.00662	0.00415	0.00401	0.00753	0.01122	0.01468	0.33006	0.12748	0.37730	0.04773	0.00637	0.00171	0.00248	0.02848	0.00456	0.00405
115	0.02460	0.12051	0.09882	0.01069	0.05123	0.11805	0.03425	0.09434	0.07192	0.09597	0.07785	0.03866	0.01386	0.00728	0.02579	0.00162	0.00537	0.09954	0.00355	0.00612
116	0.02055	0.00819	0.01093	0.00841	0.01199	0.00727	0.00694	0.05701	0.02882	0.76064	0.01804	0.01566	0.01141	0.00576	0.00468	0.00144	0.00401	0.00467	0.00569	0.00791
117	0.00575	0.00418	0.00544	0.00633	0.00678	0.00386	0.00432	0.00671	0.00936	0.01241	0.07718	0.70040	0.09656	0.01398	0.00588	0.00184	0.00267	0.02815	0.00437	0.00384
118	0.00665	0.00498	0.00748	0.00748	0.00831	0.00582	0.00582	0.00831	0.00748	0.01080	0.01246	0.01828	0.01163	0.03489	0.81807	0.00748	0.01246	0.00498	0.00249	0.00415
119	0.25179	0.05151	0.06931	0.05003	0.17536	0.03434	0.10044	0.06614	0.03056	0.07916	0.00904	0.01057	0.00690	0.00467	0.00460	0.00145	0.04115	0.00376	0.00290	0.00632
120	0.02852	0.09046	0.03883	0.05142	0.30581	0.10377	0.11946	0.06752	0.03407	0.03897	0.00953	0.03651	0.00793	0.00491	0.00502	0.00141	0.04231	0.00432	0.00267	0.00655
121	0.01136	0.01026	0.04916	0.00926	0.01202	0.04528	0.04184	0.09359	0.39270	0.05483	0.08429	0.03236	0.12860	0.00711	0.00491	0.00153	0.00405	0.00597	0.00440	0.00650
122	0.01053	0.01076	0.01420	0.01220	0.01232	0.05302	0.01012	0.01155	0.00742	0.01121	0.00616	0.01009	0.00610	0.00798	0.01473	0.00200	0.78845	0.00402	0.00205	0.00510
123	0.01014	0.00857	0.01005	0.03049	0.01184	0.00685	0.00594	0.06190	0.01042	0.01598	0.00846	0.00982	0.00694	0.00362	0.00356	0.00076	0.00363	0.00289	0.00286	0.78529

[dist]
# distance from previous block
# <min> <max>
0	1

[block]
# block no. 1 follows, 55 sequences, length 32
# corresponding to MSA columns:
# 1164-1195
name=unknown_B
#
# <colnr> <probs for GDERKNQSTAVLIFYWHMCP>
#	G	D	E	R	K	N	Q	S	T	A	V	L	I	F	Y	W	H	M	C	P
0	0.00668	0.00486	0.00684	0.00684	0.00745	0.00547	0.00502	0.00790	0.00729	0.01033	0.01304	0.02150	0.01303	0.24750	0.60738	0.00669	0.01035	0.00546	0.00258	0.00380
1	0.01602	0.00771	0.00988	0.00790	0.01084	0.00709	0.00637	0.11687	0.01394	0.45716	0.18235	0.06405	0.01866	0.00689	0.00485	0.00142	0.00364	0.00577	0.00524	0.05335
2	0.01653	0.01030	0.01270	0.03838	0.01392	0.02406	0.05341	0.34622	0.04966	0.27722	0.01501	0.09631	0.01151	0.00644	0.00484	0.00148	0.00469	0.00536	0.00472	0.00724
3	0.00665	0.00498	0.00748	0.00748	0.00831	0.00582	0.00582	0.00831	0.00748	0.01080	0.01246	0.01828	0.01163	0.03489	0.81807	0.00748	0.01246	0.00498	0.00249	0.00415
4	0.00572	0.00418	0.00539	0.00623	0.00671	0.00384	0.00424	0.00669	0.00944	0.01250	0.09120	0.68071	0.11832	0.01385	0.00585	0.00182	0.00262	0.01246	0.00438	0.00384
5	0.00673	0.00493	0.00740	0.00740	0.00818	0.00572	0.00572	0.00818	0.00740	0.01065	0.01222	0.01805	0.01143	0.03386	0.77387	0.05484	0.01200	0.00493	0.00247	0.00404
6	0.00567	0.00405	0.00540	0.00648	0.00675	0.00378	0.00432	0.00648	0.00891	0.01188	0.02564	0.83347	0.03077	0.01457	0.00594	0.00189	0.00270	0.01323	0.00432	0.00378
7	0.00700	0.00503	0.00687	0.00765	0.00862	0.00490	0.00634	0.00893	0.01090	0.01446	0.17056	0.16549	0.05114	0.01246	0.00615	0.00196	0.00361	0.49927	0.00445	0.00422
8	0.02087	0.00792	0.01080	0.00828	0.01188	0.00684	0.00684	0.02267	0.01332	0.81071	0.01835	0.01583	0.01152	0.00576	0.00468	0.00144	0.00396	0.00468	0.00576	0.00792
9	0.00965	0.00827	0.00965	0.00689	0.01102	0.00620	0.00551	0.01171	0.00965	0.01516	0.00827	0.00965	0.00689	0.00345	0.00345	0.00069	0.00345	0.00276	0.00276	0.86494
10	0.00589	0.00495	0.00515	0.00510	0.00664	0.00433	0.00382	0.00773	0.04896	0.01340	0.11036	0.06947	0.67518	0.01142	0.00548	0.00157	0.00242	0.00959	0.00441	0.00413
11	0.01763	0.01467	0.01382	0.01093	0.01442	0.15847	0.00887	0.65331	0.02032	0.02610	0.01046	0.01067	0.00757	0.00544	0.00457	0.00136	0.00571	0.00397	0.00425	0.00746
12	0.00567	0.00405	0.00540	0.00648	0.00675	0.00378	0.00432	0.00648	0.00891	0.01188	0.02564	0.83347	0.03077	0.01457	0.00594	0.00189	0.00270	0.01323	0.00432	0.00378
13	0.01580	0.00682	0.00904	0.00731	0.01009	0.00594	0.00589	0.01762	0.01298	0.53558	0.20548	0.02352	0.10861	0.00731	0.00496	0.00146	0.00337	0.00613	0.00545	0.00664
14	0.00648	0.00492	0.00549	0.00555	0.00706	0.00429	0.00433	0.00789	0.01088	0.04404	0.09867	0.05865	0.58708	0.01159	0.00561	0.00165	0.00270	0.12451	0.00443	0.00417
15	0.00567	0.00405	0.00540	0.00648	0.00675	0.00378	0.00432	0.00648	0.00891	0.01188	0.02564	0.83347	0.03077	0.01457	0.00594	0.00189	0.00270	0.01323	0.00432	0.00378
16	0.01738	0.02217	0.01318	0.01199	0.01438	0.81783	0.00899	0.01858	0.01318	0.01139	0.00719	0.00839	0.00599	0.00479	0.00419	0.00120	0.00839	0.00300	0.00240	0.00539
17	0.00965	0.00827	0.00965	0.00689	0.01102	0.00620	0.00551	0.01171	0.00965	0.01516	0.00827	0.00965	0.00689	0.00345	0.00345	0.00069	0.00345	0.00276	0.00276	0.86494
18	0.00571	0.00464	0.00493	0.00499	0.00628	0.00400	0.00361	0.00684	0.01037	0.01274	0.10674	0.10870	0.61235	0.07885	0.00701	0.00183	0.00255	0.00974	0.00427	0.00386
19	0.62232	0.00899	0.00818	0.00689	0.00999	0.00985	0.00568	0.06252	0.01000	0.20371	0.00950	0.00969	0.00671	0.00473	0.00340	0.00144	0.00377	0.00312	0.00365	0.00588
20	0.00664	0.00452	0.00540	0.00551	0.00564	0.00460	0.00334	0.00693	0.00707	0.00952	0.01549	0.10929	0.01765	0.65574	0.11955	0.00461	0.00531	0.00719	0.00293	0.00308
21	0.00684	0.00488	0.00589	0.00555	0.00693	0.00434	0.00419	0.00866	0.01226	0.05243	0.49763	0.03748	0.31547	0.01015	0.00545	0.00150	0.00233	0.00875	0.00486	0.00438
22	0.00606	0.00429	0.00567	0.00663	0.00699	0.00409	0.00463	0.00698	0.00894	0.01187	0.02429	0.63021	0.02867	0.10404	0.00795	0.00221	0.00313	0.12545	0.00415	0.00375
23	0.00670	0.00484	0.00650	0.00745	0.00827	0.00469	0.00598	0.00826	0.00999	0.01299	0.02658	0.31242	0.09273	0.03521	0.00664	0.00207	0.00360	0.43675	0.00426	0.00405
24	0.05099	0.02333	0.77338	0.01291	0.01960	0.01079	0.01660	0.01468	0.00973	0.01503	0.00826	0.00971	0.00585	0.00441	0.00435	0.00147	0.00672	0.00339	0.00201	0.00679
25	0.00578	0.00467	0.00511	0.00527	0.00657	0.00406	0.00393	0.00703	0.01050	0.01298	0.10756	0.13639	0.57280	0.04010	0.00623	0.00174	0.00258	0.05844	0.00434	0.00393
26	0.40466	0.04962	0.02498	0.00854	0.01152	0.10102	0.00710	0.18238	0.04928	0.05587	0.00879	0.00958	0.00669	0.00541	0.01587	0.00151	0.04458	0.00328	0.00332	0.00600
27	0.01215	0.01174	0.01868	0.07754	0.56436	0.04962	0.09155	0.08867	0.01175	0.01612	0.00894	0.01150	0.00725	0.00432	0.00468	0.00140	0.00590	0.00423	0.00252	0.00707
28	0.00823	0.00830	0.04891	0.37547	0.03825	0.00836	0.10312	0.01085	0.00971	0.01284	0.04270	0.09658	0.11400	0.02907	0.03379	0.00183	0.00547	0.00608	0.01706	0.02937
29	0.01084	0.01072	0.03793	0.27385	0.13701	0.08579	0.12859	0.03261	0.02194	0.05225	0.03270	0.01505	0.04385	0.00727	0.06029	0.00190	0.02234	0.01657	0.00270	0.00580
30	0.16555	0.02334	0.11758	0.05833	0.08391	0.12776	0.10230	0.06648	0.03858	0.05644	0.03689	0.02526	0.04650	0.00535	0.00441	0.00144	0.00557	0.01478	0.00303	0.01648
31	0.07784	0.01351	0.18626	0.06437	0.07637	0.08506	0.05402	0.08287	0.07625	0.10061	0.02593	0.06034	0.02226	0.00660	0.02573	0.00165	0.00564	0.02508	0.00329	0.00633

[dist]
# distance from previous block
# <min> <max>
2	330

[block]
# block no. 2 follows, 55 sequences, length 31
# corresponding to MSA columns:
# 1530-1560
name=unknown_C
#
# <colnr> <probs for GDERKNQSTAVLIFYWHMCP>
#	G	D	E	R	K	N	Q	S	T	A	V	L	I	F	Y	W	H	M	C	P
0	0.05261	0.04560	0.01331	0.24228	0.22380	0.05228	0.01010	0.05678	0.03785	0.01475	0.01101	0.04558	0.02218	0.01767	0.05804	0.00185	0.00564	0.00453	0.07836	0.00577
1	0.00998	0.00713	0.00993	0.07517	0.09157	0.00715	0.03865	0.08244	0.03536	0.07178	0.06414	0.13437	0.03700	0.10999	0.00847	0.08804	0.00415	0.00623	0.06079	0.05768
2	0.01095	0.07432	0.02539	0.03927	0.29009	0.03476	0.05338	0.04346	0.02086	0.07418	0.01502	0.16551	0.06122	0.02470	0.00548	0.00154	0.02574	0.00615	0.00317	0.02480
3	0.00667	0.00490	0.00640	0.00711	0.00790	0.00480	0.00538	0.00883	0.05988	0.01391	0.13769	0.43307	0.04902	0.01278	0.00592	0.00187	0.00312	0.22206	0.00445	0.00424
4	0.00708	0.00504	0.00620	0.00609	0.00720	0.00476	0.00447	0.00929	0.05519	0.04111	0.39299	0.15286	0.15160	0.09252	0.00733	0.00188	0.00276	0.04267	0.00461	0.00435
5	0.10284	0.00606	0.00769	0.01947	0.10924	0.00614	0.00555	0.00953	0.02441	0.01401	0.13134	0.13181	0.06767	0.17256	0.05690	0.05050	0.00412	0.00672	0.05033	0.02311
6	0.01461	0.02414	0.05162	0.04905	0.08256	0.09349	0.10639	0.27140	0.05667	0.10213	0.03102	0.01237	0.00886	0.00541	0.00551	0.00147	0.06844	0.00437	0.00360	0.00688
7	0.00797	0.00627	0.00695	0.00651	0.00829	0.00625	0.00499	0.01271	0.22517	0.04114	0.24411	0.03388	0.34218	0.00952	0.00528	0.00155	0.00276	0.02468	0.00469	0.00512
8	0.00894	0.00558	0.00688	0.00668	0.00821	0.00517	0.00513	0.04463	0.02629	0.13710	0.13865	0.24367	0.23462	0.01101	0.00554	0.00168	0.00304	0.09765	0.00467	0.00485
9	0.01063	0.01047	0.04646	0.07511	0.58532	0.01013	0.01265	0.01380	0.04824	0.01521	0.07513	0.01454	0.02944	0.00522	0.00505	0.02340	0.00515	0.00465	0.00266	0.00675
10	0.38722	0.01287	0.01058	0.00886	0.01195	0.17219	0.00713	0.26647	0.01371	0.05664	0.00866	0.00926	0.00644	0.00489	0.00379	0.00138	0.00506	0.00325	0.00348	0.00616
11	0.00571	0.00462	0.00508	0.00519	0.00647	0.00398	0.00381	0.00701	0.01079	0.01352	0.17592	0.16597	0.55201	0.01182	0.00556	0.00160	0.00238	0.01010	0.00446	0.00398
12	0.02197	0.00532	0.00651	0.00600	0.00721	0.00494	0.00421	0.01065	0.00994	0.18347	0.15567	0.10876	0.10314	0.32444	0.01222	0.00267	0.00354	0.00746	0.01744	0.00445
13	0.00806	0.00545	0.00643	0.00649	0.00725	0.00553	0.00442	0.05289	0.08077	0.04493	0.01943	0.33516	0.02124	0.31347	0.01209	0.00274	0.00365	0.02418	0.04165	0.00418
14	0.01738	0.02217	0.01318	0.01199	0.01438	0.81783	0.00899	0.01858	0.01318	0.01139	0.00719	0.00839	0.00599	0.00479	0.00419	0.00120	0.00839	0.00300	0.00240	0.00539
15	0.00965	0.00827	0.00965	0.00689	0.01102	0.00620	0.00551	0.01171	0.00965	0.01516	0.00827	0.00965	0.00689	0.00345	0.00345	0.00069	0.00345	0.00276	0.00276	0.86494
16	0.00618	0.00469	0.00571	0.00568	0.00683	0.00422	0.00425	0.00790	0.01179	0.01581	0.44993	0.13040	0.27642	0.01093	0.00558	0.00157	0.00239	0.04081	0.00475	0.00417
17	0.00599	0.00436	0.00567	0.00625	0.00690	0.00403	0.00442	0.00728	0.01033	0.01394	0.24857	0.51083	0.09494	0.01284	0.00580	0.00175	0.00260	0.04496	0.00454	0.00399
18	0.00701	0.00464	0.00574	0.00601	0.00646	0.00448	0.00395	0.01990	0.00889	0.04028	0.10575	0.34409	0.02523	0.35829	0.01328	0.00293	0.00353	0.03204	0.00383	0.00367
19	0.00745	0.00533	0.00744	0.00844	0.00951	0.00531	0.00735	0.00960	0.01082	0.01414	0.06074	0.05166	0.02757	0.01270	0.00638	0.00211	0.00419	0.74064	0.00432	0.00429
20	0.01181	0.01011	0.01066	0.00952	0.01219	0.01168	0.00742	0.05498	0.76843	0.01985	0.01863	0.01711	0.01395	0.00628	0.00473	0.00157	0.00374	0.00522	0.00473	0.00739
21	0.00874	0.00532	0.00673	0.00642	0.00775	0.00492	0.00474	0.04071	0.01170	0.13262	0.30638	0.26667	0.12104	0.04672	0.00626	0.00173	0.00284	0.00920	0.00477	0.00475
22	0.00572	0.00407	0.00538	0.00641	0.00666	0.00382	0.00424	0.00649	0.00880	0.01173	0.02508	0.79212	0.03006	0.05689	0.00685	0.00202	0.00279	0.01289	0.00424	0.00373
23	0.86937	0.00900	0.00684	0.00612	0.00900	0.01044	0.00504	0.01368	0.00792	0.02087	0.00648	0.00756	0.00504	0.00432	0.00288	0.00144	0.00360	0.00252	0.00288	0.00504
24	0.00622	0.00495	0.00563	0.00560	0.00700	0.00444	0.00431	0.00816	0.03466	0.01478	0.27738	0.04166	0.46841	0.01103	0.00557	0.00160	0.00254	0.08729	0.00458	0.00421
25	0.04345	0.00524	0.00612	0.00589	0.00744	0.00469	0.00439	0.00970	0.01081	0.13743	0.14262	0.21531	0.35029	0.02806	0.00574	0.00166	0.00276	0.00923	0.00457	0.00460
26	0.79219	0.00873	0.00690	0.00613	0.00896	0.01000	0.00503	0.01394	0.00824	0.05548	0.00740	0.00837	0.00564	0.00443	0.00298	0.00142	0.00355	0.00270	0.04278	0.00513
27	0.14601	0.03271	0.01228	0.01072	0.01335	0.59392	0.00822	0.04837	0.01268	0.06979	0.00801	0.00888	0.00631	0.00481	0.00403	0.00126	0.00717	0.00308	0.00279	0.00563
28	0.00675	0.00492	0.00662	0.00646	0.00720	0.00463	0.04917	0.00755	0.00878	0.02809	0.06519	0.30362	0.14125	0.30804	0.01239	0.01898	0.00362	0.00934	0.00370	0.00369
29	0.00852	0.00536	0.00648	0.00608	0.00763	0.00487	0.00458	0.01054	0.04514	0.13452	0.27492	0.12248	0.28113	0.04632	0.00620	0.00169	0.00277	0.02126	0.00474	0.00476
30	0.00669	0.00448	0.00520	0.00530	0.00539	0.00449	0.00311	0.00689	0.00707	0.00956	0.01567	0.10948	0.01795	0.70189	0.05622	0.00431	0.00463	0.00728	0.02140	0.00301

[dist]
# distance from previous block
# <min> <max>
0	2

[block]
# block no. 3 follows, 55 sequences, length 33
# corresponding to MSA columns:
# 1563-1595
name=unknown_D
#
# <colnr> <probs for GDERKNQSTAVLIFYWHMCP>
#	G	D	E	R	K	N	Q	S	T	A	V	L	I	F	Y	W	H	M	C	P
0	0.22003	0.04752	0.04338	0.04467	0.15171	0.11697	0.07735	0.04837	0.06663	0.02608	0.03595	0.03388	0.01848	0.00525	0.00473	0.00145	0.04453	0.00416	0.00290	0.00597
1	0.00615	0.00465	0.00584	0.00603	0.00702	0.00424	0.00434	0.00756	0.01042	0.01407	0.25627	0.34692	0.18647	0.01347	0.06333	0.00204	0.00321	0.01007	0.00435	0.04352
2	0.01019	0.00851	0.00975	0.00713	0.01104	0.00690	0.00572	0.09270	0.01099	0.01645	0.01133	0.01230	0.06377	0.00426	0.00372	0.00083	0.00354	0.00341	0.00307	0.71440
3	0.00950	0.01018	0.15755	0.05039	0.04581	0.00780	0.00836	0.04472	0.06666	0.06552	0.14649	0.06252	0.12005	0.00719	0.00529	0.00145	0.04714	0.00593	0.06121	0.07625
4	0.00770	0.00498	0.00650	0.00649	0.00746	0.00488	0.00479	0.00898	0.00949	0.08303	0.12597	0.15791	0.11539	0.17164	0.19334	0.00354	0.00540	0.07445	0.00385	0.00419
5	0.00605	0.00443	0.00543	0.00597	0.00679	0.00400	0.00422	0.00714	0.00988	0.02722	0.09703	0.47137	0.26582	0.02733	0.00607	0.00180	0.00266	0.03844	0.00439	0.00395
6	0.12917	0.03309	0.10544	0.03652	0.03615	0.01086	0.05180	0.24056	0.03859	0.24220	0.01229	0.02326	0.00865	0.00527	0.00442	0.00144	0.00491	0.00420	0.00407	0.00710
7	0.21372	0.01009	0.04599	0.00857	0.01156	0.01031	0.02407	0.22458	0.14371	0.07886	0.13812	0.01561	0.01429	0.00595	0.00435	0.00145	0.00401	0.00468	0.03369	0.00638
8	0.00648	0.00508	0.00587	0.00579	0.00705	0.00475	0.00426	0.00896	0.07807	0.01521	0.32207	0.14369	0.32780	0.03648	0.00605	0.00167	0.00252	0.00927	0.00461	0.00434
9	0.00567	0.00405	0.00540	0.00648	0.00675	0.00378	0.00432	0.00648	0.00891	0.01188	0.02564	0.83347	0.03077	0.01457	0.00594	0.00189	0.00270	0.01323	0.00432	0.00378
10	0.03843	0.16746	0.20030	0.14560	0.08680	0.12094	0.09334	0.05152	0.02788	0.01416	0.00828	0.01020	0.00647	0.00444	0.00426	0.00136	0.00635	0.00364	0.00233	0.00621
11	0.00934	0.00586	0.00743	0.00663	0.00828	0.00559	0.00510	0.02897	0.08277	0.13421	0.60416	0.02996	0.03579	0.00860	0.00528	0.00147	0.00265	0.00750	0.00517	0.00524
12	0.00642	0.00439	0.00528	0.00565	0.00578	0.00432	0.00346	0.00676	0.00756	0.01008	0.01839	0.29046	0.02151	0.53756	0.03255	0.00367	0.00407	0.02559	0.00333	0.00319
13	0.77992	0.00888	0.00725	0.00635	0.00930	0.01006	0.00523	0.01462	0.00849	0.10413	0.00773	0.00843	0.00572	0.00447	0.00307	0.00144	0.00364	0.00275	0.00318	0.00534
14	0.01533	0.03228	0.01743	0.01489	0.08895	0.34773	0.19153	0.20352	0.01446	0.01686	0.00880	0.01030	0.00683	0.00471	0.00462	0.00135	0.00715	0.00396	0.00291	0.00640
15	0.01887	0.00927	0.01145	0.00885	0.01231	0.00900	0.00728	0.25881	0.01594	0.51356	0.07205	0.01574	0.01271	0.00597	0.00473	0.00143	0.00419	0.00479	0.00537	0.00766
16	0.00677	0.00451	0.00507	0.00507	0.00507	0.00451	0.00282	0.00677	0.00677	0.00902	0.01466	0.03044	0.01691	0.83650	0.02368	0.00451	0.00451	0.00677	0.00282	0.00282
17	0.01725	0.01215	0.01325	0.01025	0.01389	0.01321	0.00843	0.63399	0.07929	0.10253	0.01234	0.01203	0.00869	0.00558	0.00462	0.00139	0.00484	0.00427	0.00470	0.03730
18	0.04316	0.00819	0.01073	0.00835	0.01186	0.00742	0.00687	0.03768	0.06919	0.71771	0.01793	0.01563	0.01146	0.00575	0.00463	0.00145	0.00395	0.00465	0.00559	0.00780
19	0.01450	0.01098	0.01177	0.00976	0.01285	0.01230	0.00782	0.34474	0.40983	0.06313	0.01554	0.01470	0.01137	0.00595	0.00465	0.00148	0.00425	0.00475	0.03212	0.00752
20	0.02074	0.00813	0.01093	0.00838	0.01198	0.00715	0.00692	0.05455	0.01367	0.77833	0.01806	0.01564	0.01137	0.00575	0.00468	0.00144	0.00401	0.00466	0.00571	0.00792
21	0.00567	0.00405	0.00540	0.00648	0.00675	0.00378	0.00432	0.00648	0.00891	0.01188	0.02564	0.83347	0.03077	0.01457	0.00594	0.00189	0.00270	0.01323	0.00432	0.00378
22	0.00674	0.00450	0.00508	0.00511	0.00512	0.00449	0.00286	0.00676	0.00682	0.00910	0.01496	0.05221	0.01729	0.81422	0.02320	0.00444	0.00446	0.00694	0.00286	0.00284
23	0.00577	0.00414	0.00542	0.00632	0.00668	0.00386	0.00424	0.00666	0.00918	0.01226	0.08128	0.71896	0.05587	0.04745	0.00661	0.00196	0.00273	0.01251	0.00431	0.00379
24	0.00571	0.00407	0.00538	0.00642	0.00668	0.00381	0.00426	0.00649	0.00882	0.01176	0.02520	0.80091	0.03021	0.04790	0.00666	0.00200	0.00277	0.01296	0.00426	0.00374
25	0.86937	0.00900	0.00684	0.00612	0.00900	0.01044	0.00504	0.01368	0.00792	0.02087	0.00648	0.00756	0.00504	0.00432	0.00288	0.00144	0.00360	0.00252	0.00288	0.00504
26	0.00603	0.00433	0.00566	0.00652	0.00695	0.00409	0.00443	0.02678	0.00954	0.01276	0.07429	0.74853	0.04475	0.01398	0.00587	0.00184	0.00272	0.01263	0.00438	0.00393
27	0.00866	0.00769	0.01247	0.49614	0.11366	0.00889	0.01126	0.01140	0.00984	0.01286	0.01385	0.02308	0.04366	0.00682	0.00507	0.00166	0.00545	0.18507	0.01732	0.00515
28	0.00719	0.00526	0.00707	0.00797	0.00912	0.00513	0.00688	0.00918	0.01069	0.01371	0.02811	0.05129	0.14710	0.01269	0.00628	0.00205	0.00399	0.65777	0.00429	0.00423
29	0.00658	0.00476	0.00622	0.00585	0.00695	0.00439	0.00439	0.00878	0.01317	0.01866	0.80503	0.03475	0.04390	0.00951	0.00549	0.00146	0.00219	0.00841	0.00512	0.00439
30	0.75768	0.02973	0.00781	0.00648	0.00947	0.01052	0.00537	0.04178	0.00883	0.07706	0.00749	0.00827	0.00562	0.00446	0.00307	0.00143	0.00371	0.00273	0.00312	0.00537
31	0.05963	0.04209	0.01881	0.02159	0.43578	0.12973	0.15456	0.03460	0.03137	0.01521	0.00876	0.01103	0.00712	0.00429	0.00456	0.00138	0.00619	0.00410	0.00247	0.00671
32	0.10598	0.00652	0.00686	0.02421	0.00851	0.02812	0.00496	0.01141	0.11314	0.03385	0.33612	0.03071	0.25463	0.00885	0.00502	0.00150	0.00289	0.00742	0.00446	0.00483

[dist]
# distance from previous block
# <min> <max>
1	4

[block]
# block no. 4 follows, 55 sequences, length 33
# corresponding to MSA columns:
# 1600-1632
name=unknown_E
#
# <colnr> <probs for GDERKNQSTAVLIFYWHMCP>
#	G	D	E	R	K	N	Q	S	T	A	V	L	I	F	Y	W	H	M	C	P
0	0.00616	0.00460	0.00620	0.04362	0.00799	0.00469	0.00485	0.00699	0.00861	0.01154	0.02269	0.66901	0.02693	0.10125	0.00824	0.00216	0.04507	0.01166	0.00394	0.00381
1	0.01003	0.00954	0.01668	0.28881	0.34392	0.01019	0.10970	0.01311	0.02243	0.01407	0.03419	0.01332	0.00858	0.00620	0.04894	0.00179	0.00617	0.00451	0.03168	0.00613
2	0.78733	0.00932	0.00768	0.00712	0.03435	0.01071	0.00557	0.06411	0.00891	0.02124	0.00685	0.00792	0.00530	0.00440	0.00305	0.00143	0.00376	0.00268	0.00298	0.00530
3	0.01323	0.01012	0.07460	0.01860	0.01219	0.03439	0.00744	0.08216	0.13793	0.22011	0.06660	0.01672	0.06356	0.01463	0.00492	0.00135	0.02213	0.00474	0.00415	0.19042
4	0.21071	0.03758	0.03909	0.00821	0.01168	0.00910	0.00700	0.06210	0.09584	0.45002	0.01458	0.01337	0.00975	0.00537	0.00421	0.00144	0.00405	0.00411	0.00467	0.00710
5	0.00592	0.00415	0.00532	0.00616	0.00637	0.00394	0.00398	0.00654	0.00842	0.01123	0.02316	0.65190	0.02764	0.20042	0.00995	0.00248	0.00311	0.01176	0.00398	0.00356
6	0.00600	0.00440	0.00563	0.00603	0.00677	0.00403	0.00425	0.00738	0.01073	0.01454	0.32554	0.43660	0.12626	0.01232	0.00571	0.00169	0.00247	0.01099	0.00462	0.00403
7	0.00631	0.00479	0.00586	0.00621	0.00714	0.00452	0.00448	0.00838	0.06070	0.01432	0.23066	0.38504	0.19396	0.01210	0.00567	0.00170	0.00261	0.03678	0.00455	0.00421
8	0.00974	0.00823	0.00960	0.00696	0.01091	0.00637	0.00556	0.03671	0.01023	0.01581	0.05168	0.01106	0.00894	0.00384	0.00360	0.00075	0.00343	0.00311	0.00295	0.79053
9	0.52512	0.00786	0.00702	0.00623	0.00879	0.00856	0.00502	0.02917	0.02306	0.11341	0.03826	0.03835	0.07948	0.00578	0.00360	0.00143	0.00336	0.00418	0.08606	0.00525
10	0.00589	0.00465	0.00528	0.00543	0.00663	0.00410	0.00402	0.00724	0.01076	0.01367	0.19581	0.15970	0.46864	0.03771	0.00618	0.00172	0.00255	0.05161	0.00443	0.00398
11	0.00566	0.00407	0.00538	0.00642	0.00673	0.00378	0.00429	0.00648	0.00896	0.01190	0.02636	0.80726	0.05652	0.01448	0.00592	0.00188	0.00269	0.01311	0.00432	0.00378
12	0.00559	0.00472	0.00483	0.00480	0.00634	0.00396	0.00360	0.00685	0.01081	0.01306	0.10799	0.04397	0.74443	0.01160	0.00550	0.00156	0.00234	0.00971	0.00438	0.00396
13	0.01191	0.00761	0.00898	0.00802	0.01011	0.00771	0.00637	0.24175	0.01381	0.13940	0.02204	0.19295	0.11460	0.05138	0.00625	0.00180	0.00390	0.13074	0.01498	0.00569
14	0.05154	0.00537	0.00667	0.00614	0.00758	0.00510	0.00467	0.01062	0.03797	0.08492	0.61020	0.05768	0.05792	0.00897	0.00523	0.00147	0.00248	0.00781	0.02288	0.00478
15	0.01151	0.01105	0.01888	0.02855	0.80748	0.01105	0.01428	0.01428	0.01059	0.01520	0.00875	0.01151	0.00737	0.00415	0.00461	0.00138	0.00553	0.00415	0.00230	0.00737
16	0.00604	0.00626	0.09117	0.00698	0.00811	0.00455	0.00559	0.00738	0.00922	0.01227	0.02653	0.64565	0.12655	0.01314	0.00572	0.00180	0.00310	0.01175	0.00407	0.00413
