[name]
unknown

[dist]
# distance from previous block
# <min> <max>
0	169

[block]
# block no. 0 follows, 52 sequences, length 20
# corresponding to MSA columns:
# 249-268
name=unknown_A
#
# <colnr> <probs for GDERKNQSTAVLIFYWHMCP>
#	G	D	E	R	K	N	Q	S	T	A	V	L	I	F	Y	W	H	M	C	P
0	0.00641	0.00486	0.00604	0.00678	0.00777	0.00448	0.00521	0.00780	0.01043	0.01325	0.03392	0.33346	0.28805	0.01367	0.00618	0.00194	0.00319	0.23793	0.00449	0.00415
1	0.00981	0.00918	0.01536	0.59863	0.19865	0.01086	0.01338	0.01287	0.00993	0.01328	0.00887	0.01280	0.00690	0.00486	0.00512	0.00158	0.03016	0.00431	0.02758	0.00585
2	0.00972	0.02507	0.80458	0.01381	0.02097	0.01125	0.01790	0.01535	0.01023	0.01535	0.00870	0.01023	0.00614	0.00460	0.00460	0.00153	0.00716	0.00358	0.00205	0.00716
3	0.00994	0.08044	0.75115	0.01343	0.02039	0.01180	0.01725	0.01529	0.01020	0.01508	0.00856	0.01006	0.00614	0.00457	0.00450	0.00150	0.00703	0.00351	0.00205	0.00710
4	0.01051	0.20868	0.60175	0.01277	0.01917	0.01309	0.04061	0.01516	0.01018	0.01445	0.00829	0.00976	0.00620	0.00448	0.00430	0.00142	0.00674	0.00343	0.00207	0.00693
5	0.00705	0.00470	0.00529	0.00529	0.00529	0.00470	0.00294	0.00705	0.00705	0.00940	0.01527	0.03171	0.01762	0.82969	0.02467	0.00470	0.00470	0.00705	0.00294	0.00294
6	0.01024	0.09625	0.62972	0.01421	0.02079	0.01210	0.12003	0.01530	0.01036	0.01501	0.00867	0.01039	0.00631	0.00449	0.00462	0.00150	0.00712	0.00378	0.00210	0.00699
7	0.01026	0.01112	0.05400	0.23062	0.14822	0.01116	0.27987	0.01341	0.01029	0.01409	0.01059	0.08824	0.00932	0.00578	0.00626	0.00167	0.08085	0.00564	0.00251	0.00609
8	0.00913	0.00853	0.01262	0.04113	0.07451	0.01060	0.04260	0.01043	0.00849	0.01228	0.01326	0.25256	0.01465	0.05089	0.01175	0.00211	0.40925	0.00727	0.00290	0.00503
9	0.01387	0.00728	0.00923	0.00780	0.01029	0.00695	0.00617	0.01803	0.15296	0.33939	0.34017	0.02491	0.02641	0.00771	0.00523	0.00154	0.00331	0.00659	0.00553	0.00663
10	0.00922	0.04883	0.00889	0.00737	0.00908	0.07068	0.00571	0.05471	0.09159	0.01913	0.57359	0.02943	0.03545	0.00867	0.00535	0.00149	0.00327	0.00744	0.00488	0.00525
11	0.00692	0.00519	0.00779	0.00779	0.00865	0.00606	0.00606	0.00865	0.00779	0.01125	0.01298	0.01904	0.01211	0.03634	0.81049	0.00779	0.01298	0.00519	0.00260	0.00433
12	0.00605	0.00497	0.00570	0.00594	0.00707	0.00462	0.00435	0.00719	0.01020	0.01272	0.03876	0.27285	0.49704	0.01421	0.04818	0.00208	0.03891	0.01075	0.00430	0.00411
13	0.00887	0.00540	0.00712	0.00644	0.00793	0.00492	0.00492	0.01110	0.01374	0.12505	0.69205	0.03354	0.04118	0.00938	0.00560	0.00152	0.00253	0.00824	0.00542	0.00507
14	0.00957	0.00815	0.00982	0.04932	0.01215	0.00642	0.00601	0.01164	0.00995	0.01525	0.01052	0.09621	0.00976	0.00488	0.00393	0.00090	0.00366	0.00409	0.00301	0.72477
15	0.01296	0.83261	0.02539	0.00829	0.01244	0.01917	0.00829	0.01451	0.00985	0.01140	0.00674	0.00777	0.00622	0.00415	0.00311	0.00104	0.00518	0.00259	0.00207	0.00622
16	0.00845	0.00657	0.00990	0.05054	0.01135	0.00643	0.10131	0.01165	0.07400	0.04531	0.37544	0.15500	0.04642	0.00923	0.00554	0.00161	0.00354	0.02086	0.05173	0.00512
17	0.02655	0.00970	0.01237	0.00935	0.01303	0.00903	0.06238	0.12966	0.03474	0.09573	0.01096	0.04063	0.00884	0.00510	0.00514	0.00117	0.06805	0.00407	0.00351	0.45001
18	0.01242	0.00690	0.00828	0.00701	0.00939	0.00651	0.00551	0.03654	0.09782	0.21918	0.21454	0.02127	0.02037	0.00671	0.00459	0.00135	0.00314	0.00562	0.21852	0.09436
19	0.01344	0.10592	0.36576	0.01229	0.04116	0.03008	0.01286	0.24351	0.01417	0.05366	0.00979	0.01067	0.00713	0.00492	0.00447	0.00140	0.00606	0.00374	0.00312	0.05586

[dist]
# distance from previous block
# <min> <max>
0	79

[block]
# block no. 1 follows, 52 sequences, length 23
# corresponding to MSA columns:
# 348-370
name=unknown_B
#
# <colnr> <probs for GDERKNQSTAVLIFYWHMCP>
#	G	D	E	R	K	N	Q	S	T	A	V	L	I	F	Y	W	H	M	C	P
0	0.01066	0.02608	0.01313	0.20285	0.06930	0.00870	0.04794	0.03336	0.02528	0.03975	0.02162	0.01177	0.00795	0.00426	0.00420	0.00111	0.00473	0.00369	0.00286	0.46078
1	0.44921	0.14433	0.01197	0.00829	0.01144	0.17728	0.00687	0.02930	0.03102	0.07987	0.00830	0.00905	0.00645	0.00474	0.00353	0.00138	0.00507	0.00300	0.00307	0.00583
2	0.01196	0.17408	0.06431	0.00882	0.01156	0.15387	0.00757	0.02867	0.13747	0.04504	0.14481	0.05945	0.04406	0.00677	0.00453	0.00139	0.00473	0.00538	0.07966	0.00590
3	0.01295	0.00974	0.01092	0.00874	0.01217	0.02519	0.00695	0.11205	0.21293	0.11304	0.01402	0.05735	0.01116	0.00569	0.00468	0.00125	0.02271	0.00459	0.00408	0.34978
4	0.07475	0.04267	0.01349	0.01171	0.01441	0.67442	0.00892	0.04839	0.01348	0.01339	0.00762	0.00882	0.00629	0.00492	0.00423	0.00125	0.00798	0.00311	0.00263	0.03753
5	0.00929	0.00877	0.01473	0.76875	0.06113	0.01090	0.01344	0.01246	0.00968	0.01249	0.00858	0.01283	0.00650	0.00492	0.00512	0.00162	0.02687	0.00431	0.00216	0.00547
6	0.02174	0.00825	0.01125	0.00862	0.01237	0.00712	0.00712	0.02362	0.01387	0.80282	0.01912	0.01649	0.01200	0.00600	0.00487	0.00150	0.00412	0.00487	0.00600	0.00825
7	0.01003	0.14620	0.58753	0.01255	0.01864	0.01192	0.04376	0.01469	0.01052	0.01510	0.07672	0.01221	0.00963	0.00497	0.00451	0.00146	0.00647	0.00396	0.00235	0.00677
8	0.01712	0.01017	0.01416	0.10426	0.19254	0.01028	0.01001	0.17223	0.04321	0.35420	0.01422	0.01417	0.00976	0.00548	0.00485	0.00150	0.00498	0.00461	0.00449	0.00778
9	0.01579	0.01227	0.01306	0.01062	0.01403	0.01380	0.00857	0.47049	0.33988	0.02630	0.01497	0.01430	0.01095	0.00613	0.00488	0.00153	0.00471	0.00482	0.00488	0.00801
10	0.00590	0.00422	0.00562	0.00675	0.00703	0.00394	0.00450	0.00675	0.00928	0.01237	0.02671	0.82653	0.03205	0.01518	0.00619	0.00197	0.00281	0.01378	0.00450	0.00394
11	0.01005	0.00861	0.01005	0.00718	0.01148	0.00646	0.00574	0.01220	0.01005	0.01579	0.00861	0.01005	0.00718	0.00359	0.00359	0.00072	0.00359	0.00287	0.00287	0.85932
12	0.00940	0.00886	0.01498	0.74976	0.09974	0.01083	0.01358	0.01260	0.00981	0.01268	0.00866	0.01284	0.00657	0.00480	0.00484	0.00160	0.00640	0.00431	0.00217	0.00558
13	0.01821	0.02003	0.01399	0.01205	0.01500	0.55414	0.00931	0.26538	0.01665	0.01788	0.00883	0.00967	0.00689	0.00526	0.00452	0.00131	0.00764	0.00352	0.00325	0.00646
14	0.00590	0.00422	0.00562	0.00675	0.00703	0.00394	0.00450	0.00675	0.00928	0.01237	0.02671	0.82653	0.03205	0.01518	0.00619	0.00197	0.00281	0.01378	0.00450	0.00394
15	0.00983	0.00692	0.00877	0.00871	0.06148	0.00692	0.00616	0.01457	0.18348	0.10000	0.46642	0.02898	0.06096	0.00849	0.00540	0.00155	0.00305	0.00740	0.00509	0.00582
16	0.00589	0.00428	0.00556	0.00659	0.00699	0.00395	0.00443	0.00677	0.00943	0.01243	0.02865	0.75897	0.09836	0.01493	0.00615	0.00194	0.00278	0.01347	0.00450	0.00395
17	0.01155	0.01106	0.01887	0.15235	0.68031	0.01140	0.01465	0.01448	0.01083	0.01530	0.00904	0.01214	0.00749	0.00440	0.00480	0.00147	0.00587	0.00432	0.00236	0.00732
18	0.01124	0.00945	0.01225	0.07993	0.06658	0.00835	0.03881	0.07384	0.04669	0.03931	0.00974	0.01122	0.00772	0.00414	0.00406	0.00100	0.00433	0.00350	0.00310	0.56474
19	0.01758	0.01300	0.01390	0.01074	0.01447	0.01430	0.00884	0.73179	0.02201	0.02938	0.01412	0.01396	0.06061	0.00625	0.00491	0.00147	0.00514	0.00475	0.00482	0.00797
20	0.06786	0.01056	0.03414	0.01505	0.01874	0.00979	0.44794	0.01452	0.01131	0.09226	0.04610	0.09207	0.01386	0.00664	0.00559	0.00171	0.00630	0.09610	0.00336	0.00607
21	0.01507	0.00856	0.02976	0.01045	0.06433	0.02658	0.07423	0.01740	0.01334	0.39400	0.26680	0.02190	0.02186	0.00692	0.00519	0.00151	0.00417	0.00609	0.00506	0.00679
22	0.00676	0.00512	0.00682	0.00814	0.05979	0.00490	0.00523	0.00816	0.02831	0.01284	0.02518	0.54181	0.09327	0.06871	0.04866	0.00234	0.00368	0.02376	0.02338	0.02313

[dist]
# distance from previous block
# <min> <max>
0	16

[block]
# block no. 2 follows, 52 sequences, length 24
# corresponding to MSA columns:
# 409-432
name=unknown_C
#
# <colnr> <probs for GDERKNQSTAVLIFYWHMCP>
#	G	D	E	R	K	N	Q	S	T	A	V	L	I	F	Y	W	H	M	C	P
0	0.01141	0.00767	0.00892	0.00784	0.01012	0.00784	0.00615	0.06998	0.23960	0.14425	0.27886	0.02783	0.12731	0.00841	0.00531	0.00158	0.00331	0.02219	0.00516	0.00625
1	0.00905	0.06222	0.28073	0.01223	0.06929	0.00921	0.07956	0.01284	0.06308	0.01426	0.01557	0.25944	0.01580	0.05321	0.00627	0.00183	0.00531	0.02111	0.00314	0.00587
2	0.86392	0.00937	0.00712	0.00637	0.00937	0.01087	0.00525	0.01425	0.00825	0.02174	0.00675	0.00787	0.00525	0.00450	0.00300	0.00150	0.00375	0.00262	0.00300	0.00525
3	0.00686	0.00495	0.00648	0.00610	0.00724	0.00457	0.00457	0.00914	0.01372	0.01943	0.79691	0.03620	0.04572	0.00991	0.00572	0.00152	0.00229	0.00876	0.00533	0.00457
4	0.00858	0.00474	0.00716	0.00785	0.06027	0.00474	0.00486	0.00694	0.00668	0.00898	0.00887	0.01555	0.00891	0.06423	0.01832	0.74989	0.00434	0.00438	0.00217	0.00253
5	0.01842	0.01357	0.01454	0.01115	0.01503	0.01503	0.00921	0.78330	0.02278	0.03054	0.01163	0.01163	0.00824	0.00582	0.00485	0.00145	0.00533	0.00436	0.00485	0.00824
6	0.03207	0.00992	0.01070	0.00976	0.02924	0.01111	0.00745	0.05318	0.60608	0.07329	0.02134	0.01979	0.08084	0.00690	0.00494	0.00162	0.00384	0.00571	0.00486	0.00737
7	0.39196	0.08965	0.03458	0.00841	0.01187	0.01272	0.00724	0.29347	0.01393	0.02318	0.01146	0.01194	0.06041	0.00548	0.00391	0.00145	0.00447	0.00380	0.00366	0.00641
8	0.00703	0.00526	0.00754	0.05144	0.00929	0.00572	0.00574	0.00891	0.00985	0.01395	0.27833	0.02540	0.02357	0.08098	0.43907	0.00511	0.00842	0.00648	0.00352	0.00437
9	0.00573	0.00491	0.00491	0.00491	0.00655	0.00409	0.00368	0.00695	0.01105	0.01309	0.04909	0.04664	0.79750	0.01227	0.00573	0.00164	0.00245	0.01023	0.00450	0.00409
10	0.01005	0.00861	0.01005	0.00718	0.01148	0.00646	0.00574	0.01220	0.01005	0.01579	0.00861	0.01005	0.00718	0.00359	0.00359	0.00072	0.00359	0.00287	0.00287	0.85932
11	0.01009	0.00964	0.01671	0.43008	0.30031	0.01067	0.06692	0.01309	0.01026	0.01381	0.01011	0.06802	0.00869	0.00531	0.00498	0.00158	0.00608	0.00505	0.00242	0.00617
12	0.86392	0.00937	0.00712	0.00637	0.00937	0.01087	0.00525	0.01425	0.00825	0.02174	0.00675	0.00787	0.00525	0.00450	0.00300	0.00150	0.00375	0.00262	0.00300	0.00525
13	0.01205	0.01041	0.01096	0.00986	0.01260	0.01205	0.00767	0.02575	0.79071	0.02027	0.01972	0.01808	0.01479	0.00657	0.00493	0.00164	0.00384	0.00548	0.00493	0.00767
14	0.00915	0.00861	0.01453	0.81804	0.03338	0.01077	0.01346	0.01238	0.00969	0.01238	0.00861	0.01292	0.00646	0.00484	0.00484	0.00161	0.00646	0.00431	0.00215	0.00538
15	0.00704	0.00473	0.00546	0.00546	0.00552	0.00479	0.00315	0.00716	0.00710	0.00953	0.01511	0.03083	0.01723	0.77438	0.07945	0.00491	0.00528	0.00692	0.00291	0.00303
16	0.86392	0.00937	0.00712	0.00637	0.00937	0.01087	0.00525	0.01425	0.00825	0.02174	0.00675	0.00787	0.00525	0.00450	0.00300	0.00150	0.00375	0.00262	0.00300	0.00525
17	0.01005	0.00861	0.01005	0.00718	0.01148	0.00646	0.00574	0.01220	0.01005	0.01579	0.00861	0.01005	0.00718	0.00359	0.00359	0.00072	0.00359	0.00287	0.00287	0.85932
18	0.00639	0.00444	0.00555	0.00616	0.00638	0.00426	0.00391	0.00700	0.00870	0.01167	0.06811	0.47936	0.02741	0.32256	0.01314	0.00297	0.00349	0.01094	0.00396	0.00360
19	0.00777	0.01172	0.27665	0.00875	0.01188	0.00680	0.00908	0.01110	0.01227	0.01763	0.48431	0.07432	0.03151	0.00842	0.00537	0.00155	0.00397	0.00731	0.00417	0.00541
20	0.86392	0.00937	0.00712	0.00637	0.00937	0.01087	0.00525	0.01425	0.00825	0.02174	0.00675	0.00787	0.00525	0.00450	0.00300	0.00150	0.00375	0.00262	0.00300	0.00525
21	0.01002	0.03010	0.29573	0.01344	0.01798	0.01056	0.22335	0.03029	0.08957	0.01621	0.09787	0.04149	0.06168	0.00617	0.00554	0.00160	0.03324	0.00566	0.00309	0.00642
22	0.00760	0.00636	0.00878	0.17965	0.01359	0.00619	0.02296	0.00988	0.01177	0.01602	0.35141	0.02972	0.19440	0.00842	0.00527	0.00147	0.00350	0.00733	0.00411	0.11157
23	0.00910	0.00685	0.00865	0.00823	0.00978	0.00783	0.00641	0.01456	0.24960	0.03838	0.01544	0.01860	0.01296	0.02416	0.48277	0.00525	0.00916	0.00522	0.06158	0.00549

[dist]
# distance from previous block
# <min> <max>
0	2

[block]
# block no. 3 follows, 52 sequences, length 6
# corresponding to MSA columns:
# 435-440
name=unknown_D
#
# <colnr> <probs for GDERKNQSTAVLIFYWHMCP>
#	G	D	E	R	K	N	Q	S	T	A	V	L	I	F	Y	W	H	M	C	P
0	0.01267	0.45343	0.10463	0.00910	0.01349	0.06287	0.00890	0.07102	0.01112	0.01424	0.00777	0.00889	0.00657	0.00425	0.00358	0.00106	0.00527	0.00292	0.00248	0.19574
1	0.05222	0.01296	0.01352	0.01225	0.08145	0.14975	0.00909	0.25562	0.01521	0.20533	0.01209	0.03707	0.00911	0.00615	0.00608	0.00153	0.10489	0.00447	0.00408	0.00713
2	0.00868	0.00618	0.00858	0.00898	0.08154	0.00616	0.00619	0.01072	0.01196	0.08292	0.41404	0.02953	0.11740	0.01316	0.12516	0.00249	0.04936	0.00741	0.00444	0.00512
3	0.01005	0.00861	0.01005	0.00718	0.01148	0.00646	0.00574	0.01220	0.01005	0.01579	0.00861	0.01005	0.00718	0.00359	0.00359	0.00072	0.00359	0.00287	0.00287	0.85932
4	0.01674	0.08500	0.01457	0.03437	0.06362	0.24143	0.02960	0.13169	0.06108	0.19912	0.03042	0.01259	0.00949	0.00535	0.00455	0.00136	0.00591	0.00411	0.00383	0.04517
5	0.08529	0.42490	0.01909	0.01071	0.08059	0.04370	0.00861	0.09091	0.16314	0.01624	0.00997	0.01056	0.00813	0.00485	0.00381	0.00128	0.00499	0.00349	0.00302	0.00672

[dist]
# distance from previous block
# <min> <max>
0	2

[block]
# block no. 4 follows, 52 sequences, length 7
# corresponding to MSA columns:
# 443-449
name=unknown_E
#
# <colnr> <probs for GDERKNQSTAVLIFYWHMCP>
#	G	D	E	R	K	N	Q	S	T	A	V	L	I	F	Y	W	H	M	C	P
0	0.01527	0.15005	0.01551	0.03801	0.08592	0.25578	0.00920	0.20456	0.05195	0.04081	0.01173	0.05866	0.03027	0.00588	0.00452	0.00137	0.00609	0.00446	0.00337	0.00658
1	0.01127	0.00770	0.01238	0.37434	0.11435	0.00849	0.01010	0.01278	0.00958	0.13587	0.01027	0.01387	0.00801	0.00825	0.00870	0.23629	0.00539	0.00437	0.00277	0.00521
2	0.01113	0.01095	0.01711	0.36835	0.42314	0.05830	0.01394	0.01406	0.01061	0.01411	0.00880	0.01220	0.00707	0.00458	0.00479	0.00150	0.00624	0.00424	0.00230	0.00657
3	0.00736	0.00584	0.00863	0.00838	0.00914	0.00711	0.00660	0.00901	0.00774	0.01130	0.01219	0.01803	0.01143	0.03301	0.71539	0.00711	0.10966	0.00508	0.00254	0.00444
4	0.00703	0.00478	0.00571	0.00571	0.00586	0.00493	0.00347	0.00732	0.00717	0.00971	0.01488	0.02955	0.01668	0.69449	0.15858	0.00522	0.00611	0.00673	0.00288	0.00317
5	0.00842	0.00421	0.00631	0.00631	0.00631	0.00421	0.00421	0.00631	0.00631	0.00842	0.00842	0.01473	0.00842	0.01684	0.01894	0.85901	0.00421	0.00421	0.00210	0.00210
6	0.00915	0.00861	0.01453	0.81804	0.03338	0.01077	0.01346	0.01238	0.00969	0.01238	0.00861	0.01292	0.00646	0.00484	0.00484	0.00161	0.00646	0.00431	0.00215	0.00538

[dist]
# distance from previous block
# <min> <max>
4	22

[block]
# block no. 5 follows, 52 sequences, length 85
# corresponding to MSA columns:
# 473-557
name=unknown_F
#
# <colnr> <probs for GDERKNQSTAVLIFYWHMCP>
#	G	D	E	R	K	N	Q	S	T	A	V	L	I	F	Y	W	H	M	C	P
0	0.01240	0.14267	0.36523	0.01362	0.06568	0.01363	0.05262	0.18224	0.01280	0.01781	0.00894	0.01044	0.00678	0.00506	0.00538	0.00149	0.06959	0.00381	0.00271	0.00711
1	0.00864	0.29351	0.01284	0.00733	0.00922	0.00945	0.00593	0.00983	0.00949	0.01222	0.01835	0.47396	0.02110	0.01106	0.02177	0.00169	0.00390	0.00903	0.00351	0.05717
2	0.00701	0.00486	0.00611	0.00611	0.00640	0.00515	0.00397	0.00758	0.00729	0.01001	0.01451	0.02752	0.01580	0.56748	0.28439	0.00572	0.00744	0.00643	0.00282	0.00340
3	0.00693	0.00518	0.00774	0.00774	0.00859	0.00603	0.00600	0.00862	0.00777	0.01122	0.01302	0.01927	0.01222	0.05086	0.79611	0.00773	0.01283	0.00523	0.00260	0.00430
4	0.00692	0.00517	0.00765	0.00762	0.00849	0.00592	0.00589	0.00867	0.00824	0.01185	0.07388	0.02058	0.01481	0.04719	0.73524	0.00725	0.01202	0.00550	0.00281	0.00432
5	0.00579	0.00465	0.00517	0.00559	0.00672	0.00403	0.00398	0.00688	0.01039	0.01282	0.04082	0.33503	0.51445	0.01335	0.00590	0.00176	0.00259	0.01154	0.00450	0.00403
6	0.01327	0.78299	0.02468	0.00855	0.01259	0.06766	0.00836	0.01481	0.01008	0.01143	0.00678	0.00783	0.00622	0.00420	0.00319	0.00105	0.00540	0.00262	0.00210	0.00618
7	0.74633	0.00935	0.00768	0.00676	0.00980	0.01065	0.00554	0.01568	0.05664	0.08229	0.00850	0.00917	0.00636	0.00474	0.00326	0.00151	0.00378	0.00297	0.00335	0.00563
8	0.01146	0.00975	0.07173	0.00908	0.01144	0.00956	0.00765	0.29546	0.01347	0.01859	0.01253	0.01735	0.01099	0.13182	0.32357	0.00439	0.00832	0.00500	0.02204	0.00581
9	0.01296	0.83261	0.02539	0.00829	0.01244	0.01917	0.00829	0.01451	0.00985	0.01140	0.00674	0.00777	0.00622	0.00415	0.00311	0.00104	0.00518	0.00259	0.00207	0.00622
10	0.00915	0.00884	0.05807	0.13108	0.01382	0.03015	0.00770	0.01476	0.22179	0.01768	0.33215	0.02504	0.06470	0.00768	0.00519	0.00154	0.00387	0.00660	0.00433	0.03585
11	0.03015	0.01228	0.01715	0.02476	0.01716	0.02605	0.20917	0.35216	0.09333	0.11942	0.01292	0.01407	0.00941	0.00561	0.00523	0.00155	0.01641	0.02145	0.00422	0.00749
12	0.01123	0.01106	0.01983	0.02432	0.51057	0.01103	0.17495	0.01421	0.01126	0.01598	0.09858	0.01491	0.01187	0.00509	0.00560	0.00152	0.04316	0.00511	0.00273	0.00698
13	0.01964	0.01162	0.01333	0.01022	0.01405	0.01213	0.00845	0.50487	0.01952	0.31359	0.01438	0.01342	0.00962	0.00588	0.00486	0.00147	0.00489	0.00455	0.00527	0.00824
14	0.01810	0.02310	0.01373	0.01248	0.01498	0.81024	0.00936	0.01935	0.01373	0.01186	0.00749	0.00874	0.00624	0.00499	0.00437	0.00125	0.00874	0.00312	0.00250	0.00562
15	0.00842	0.00421	0.00631	0.00631	0.00631	0.00421	0.00421	0.00631	0.00631	0.00842	0.00842	0.01473	0.00842	0.01684	0.01894	0.85901	0.00421	0.00421	0.00210	0.00210
16	0.00781	0.00558	0.00781	0.00892	0.01004	0.00558	0.00781	0.01004	0.01116	0.01450	0.02566	0.05466	0.02789	0.01339	0.00669	0.00223	0.00446	0.76685	0.00446	0.00446
17	0.00915	0.00861	0.01453	0.81804	0.03338	0.01077	0.01346	0.01238	0.00969	0.01238	0.00861	0.01292	0.00646	0.00484	0.00484	0.00161	0.00646	0.00431	0.00215	0.00538
18	0.00694	0.00513	0.00748	0.00748	0.00824	0.00589	0.00568	0.00846	0.00770	0.01102	0.01326	0.02058	0.01279	0.13309	0.71466	0.00741	0.01197	0.00542	0.00264	0.00416
19	0.00686	0.00495	0.00648	0.00610	0.00724	0.00457	0.00457	0.00914	0.01372	0.01943	0.79691	0.03620	0.04572	0.00991	0.00572	0.00152	0.00229	0.00876	0.00533	0.00457
20	0.01896	0.01590	0.01405	0.01154	0.01482	0.37400	0.06849	0.09490	0.01449	0.30644	0.01237	0.01222	0.00865	0.00537	0.00471	0.00139	0.00666	0.00409	0.00402	0.00692
21	0.01386	0.01043	0.01178	0.00874	0.01285	0.00967	0.00711	0.29804	0.01499	0.06949	0.01037	0.01103	0.00787	0.00456	0.00413	0.00104	0.00427	0.00355	0.00379	0.49244
22	0.01985	0.00845	0.01111	0.00858	0.01230	0.00744	0.00703	0.02267	0.07381	0.66556	0.01814	0.01599	0.01174	0.00581	0.00475	0.00143	0.00405	0.00473	0.00561	0.09094
23	0.00773	0.00590	0.00828	0.00807	0.00919	0.00685	0.00630	0.03781	0.06911	0.01264	0.01346	0.01870	0.01218	0.03294	0.71901	0.00708	0.01200	0.00518	0.00286	0.00473
24	0.01840	0.01407	0.01450	0.01122	0.01503	0.05655	0.00922	0.74341	0.02231	0.02957	0.01142	0.01148	0.00814	0.00577	0.00482	0.00144	0.00551	0.00430	0.00473	0.00810
25	0.01229	0.00906	0.01060	0.07163	0.01291	0.00960	0.00735	0.34528	0.01532	0.03702	0.01767	0.25166	0.04441	0.05171	0.00627	0.00177	0.00440	0.02835	0.00432	0.05841
26	0.01358	0.08850	0.34619	0.01295	0.03935	0.01252	0.07623	0.20807	0.03307	0.09331	0.01062	0.01143	0.00760	0.00498	0.00465	0.00146	0.00615	0.00404	0.00325	0.02205
27	0.01496	0.01018	0.01154	0.00924	0.01221	0.01078	0.00747	0.43883	0.03484	0.10984	0.26322	0.02013	0.02074	0.00716	0.00513	0.00149	0.00420	0.00585	0.00513	0.00706
28	0.01010	0.01030	0.02091	0.01617	0.01967	0.00979	0.49563	0.01350	0.01133	0.01515	0.01567	0.02845	0.01495	0.00752	0.00608	0.00185	0.00680	0.28717	0.00319	0.00577
29	0.01810	0.02310	0.01373	0.01248	0.01498	0.81024	0.00936	0.01935	0.01373	0.01186	0.00749	0.00874	0.00624	0.00499	0.00437	0.00125	0.00874	0.00312	0.00250	0.00562
30	0.00590	0.00422	0.00562	0.00675	0.00703	0.00394	0.00450	0.00675	0.00928	0.01237	0.02671	0.82653	0.03205	0.01518	0.00619	0.00197	0.00281	0.01378	0.00450	0.00394
31	0.00623	0.00493	0.00561	0.00544	0.00686	0.00431	0.00408	0.00793	0.01224	0.01593	0.38368	0.04197	0.46114	0.01121	0.00572	0.00159	0.00238	0.00957	0.00487	0.00431
32	0.02174	0.00825	0.01125	0.00862	0.01237	0.00712	0.00712	0.02362	0.01387	0.80282	0.01912	0.01649	0.01200	0.00600	0.00487	0.00150	0.00412	0.00487	0.00600	0.00825
33	0.00896	0.00454	0.00463	0.00463	0.00575	0.00457	0.00348	0.01120	0.01008	0.01782	0.01571	0.01810	0.01241	0.00675	0.03238	0.00137	0.00264	0.00454	0.82592	0.00451
34	0.01144	0.01307	0.02859	0.02042	0.02533	0.01225	0.78186	0.01552	0.01144	0.01552	0.00980	0.01307	0.00735	0.00408	0.00572	0.00163	0.00817	0.00572	0.00245	0.00654
35	0.00864	0.00743	0.01052	0.00963	0.01015	0.00965	0.00778	0.01012	0.00781	0.01194	0.01040	0.01540	0.00971	0.02226	0.41385	0.00489	0.35352	0.00474	0.06683	0.00475
36	0.06362	0.01277	0.08597	0.02289	0.38706	0.01143	0.27934	0.01483	0.01090	0.01595	0.00987	0.02925	0.00820	0.00468	0.00506	0.00155	0.00650	0.02066	0.00251	0.00695
37	0.00892	0.01325	0.30275	0.01082	0.01433	0.00830	0.01153	0.01351	0.08568	0.01537	0.01882	0.03472	0.01859	0.00948	0.00575	0.00192	0.00540	0.41148	0.00361	0.00577
38	0.01533	0.17449	0.01604	0.01160	0.01384	0.47174	0.00932	0.01661	0.01155	0.01184	0.00725	0.00913	0.00637	0.00560	0.00662	0.00140	0.18488	0.00329	0.01747	0.00564
39	0.00573	0.00491	0.00491	0.00491	0.00655	0.00409	0.00368	0.00695	0.01105	0.01309	0.04909	0.04664	0.79750	0.01227	0.00573	0.00164	0.00245	0.01023	0.00450	0.00409
40	0.00693	0.00515	0.00757	0.00757	0.00836	0.00594	0.00579	0.00852	0.00772	0.01109	0.01318	0.02013	0.01259	0.10456	0.74292	0.00752	0.01227	0.00535	0.00263	0.00421
41	0.00705	0.00470	0.00529	0.00529	0.00529	0.00470	0.00294	0.00705	0.00705	0.00940	0.01527	0.03171	0.01762	0.82969	0.02467	0.00470	0.00470	0.00705	0.00294	0.00294
42	0.00692	0.00519	0.00779	0.00779	0.00865	0.00606	0.00606	0.00865	0.00779	0.01125	0.01298	0.01904	0.01211	0.03634	0.81049	0.00779	0.01298	0.00519	0.00260	0.00433
43	0.01205	0.01041	0.01096	0.00986	0.01260	0.01205	0.00767	0.02575	0.79071	0.02027	0.01972	0.01808	0.01479	0.00657	0.00493	0.00164	0.00384	0.00548	0.00493	0.00767
44	0.00690	0.00587	0.00606	0.00584	0.00764	0.00550	0.00443	0.01036	0.14664	0.01474	0.09132	0.04102	0.61397	0.01113	0.00559	0.00163	0.00268	0.00931	0.00463	0.00474
45	0.01025	0.00974	0.01652	0.51269	0.33013	0.01106	0.01401	0.01335	0.01021	0.01372	0.00881	0.01256	0.00693	0.00464	0.00483	0.00155	0.00619	0.00431	0.00225	0.00627
46	0.01179	0.31448	0.05285	0.00824	0.01257	0.01213	0.00754	0.07325	0.02194	0.01536	0.00831	0.00945	0.00696	0.00406	0.00358	0.00094	0.00448	0.00295	0.00272	0.42639
47	0.00573	0.00491	0.00491	0.00491	0.00655	0.00409	0.00368	0.00695	0.01105	0.01309	0.04909	0.04664	0.79750	0.01227	0.00573	0.00164	0.00245	0.01023	0.00450	0.00409
48	0.00707	0.04378	0.03594	0.00765	0.00863	0.00549	0.00611	0.00855	0.00993	0.01314	0.04715	0.44262	0.02813	0.06349	0.00727	0.00215	0.00370	0.25072	0.00422	0.00428
49	0.01033	0.00860	0.01008	0.00721	0.01151	0.00648	0.00578	0.01248	0.01014	0.03500	0.00887	0.01021	0.00730	0.00365	0.00362	0.00074	0.00360	0.00292	0.00295	0.83855
50	0.01779	0.04040	0.01402	0.01240	0.01486	0.77128	0.00937	0.01904	0.01348	0.01184	0.00744	0.00877	0.00624	0.00507	0.00466	0.00127	0.03084	0.00314	0.00248	0.00562
51	0.01053	0.01938	0.43641	0.01695	0.02304	0.01173	0.38037	0.01543	0.01080	0.01543	0.00922	0.01158	0.00671	0.00436	0.00513	0.00158	0.00764	0.00460	0.00224	0.00686
52	0.00972	0.02507	0.80458	0.01381	0.02097	0.01125	0.01790	0.01535	0.01023	0.01535	0.00870	0.01023	0.00614	0.00460	0.00460	0.00153	0.00716	0.00358	0.00205	0.00716
53	0.00590	0.00422	0.00562	0.00675	0.00703	0.00394	0.00450	0.00675	0.00928	0.01237	0.02671	0.82653	0.03205	0.01518	0.00619	0.00197	0.00281	0.01378	0.00450	0.00394
54	0.00661	0.00472	0.00643	0.00755	0.00814	0.00454	0.00572	0.00797	0.00997	0.01316	0.02632	0.54111	0.03051	0.01452	0.00637	0.00207	0.00342	0.29225	0.00449	0.00413
55	0.00686	0.00495	0.00648	0.00610	0.00724	0.00457	0.00457	0.00914	0.01372	0.01943	0.79691	0.03620	0.04572	0.00991	0.00572	0.00152	0.00229	0.00876	0.00533	0.00457
56	0.00842	0.00421	0.00631	0.00631	0.00631	0.00421	0.00421	0.00631	0.00631	0.00842	0.00842	0.01473	0.00842	0.01684	0.01894	0.85901	0.00421	0.00421	0.00210	0.00210
57	0.00692	0.00519	0.00779	0.00779	0.00865	0.00606	0.00606	0.00865	0.00779	0.01125	0.01298	0.01904	0.01211	0.03634	0.81049	0.00779	0.01298	0.00519	0.00260	0.00433
58	0.00903	0.00452	0.00452	0.00452	0.00565	0.00452	0.00339	0.01129	0.01016	0.01807	0.01581	0.01807	0.01242	0.00565	0.00339	0.00113	0.00226	0.00452	0.85659	0.00452
59	0.01018	0.00966	0.01639	0.53391	0.30951	0.01104	0.01397	0.01328	0.01017	0.01363	0.00879	0.01259	0.00690	0.00465	0.00483	0.00155	0.00621	0.00431	0.00224	0.00621
60	0.01092	0.32368	0.51645	0.01177	0.01782	0.01418	0.01435	0.01504	0.01009	0.01389	0.00797	0.00932	0.00617	0.00443	0.00405	0.00135	0.00643	0.00321	0.00206	0.00681
61	0.00705	0.00470	0.00529	0.00529	0.00529	0.00470	0.00294	0.00705	0.00705	0.00940	0.01527	0.03171	0.01762	0.82969	0.02467	0.00470	0.00470	0.00705	0.00294	0.00294
62	0.02174	0.00825	0.01125	0.00862	0.01237	0.00712	0.00712	0.02362	0.01387	0.80282	0.01912	0.01649	0.01200	0.00600	0.00487	0.00150	0.00412	0.00487	0.00600	0.00825
63	0.01081	0.01948	0.48837	0.07192	0.11803	0.01160	0.03945	0.06304	0.09971	0.01669	0.01021	0.01171	0.00750	0.00487	0.00473	0.00154	0.00648	0.00405	0.00261	0.00721
64	0.00915	0.00861	0.01453	0.81804	0.03338	0.01077	0.01346	0.01238	0.00969	0.01238	0.00861	0.01292	0.00646	0.00484	0.00484	0.00161	0.00646	0.00431	0.00215	0.00538
65	0.00599	0.00434	0.00568	0.00672	0.00715	0.00403	0.00461	0.00694	0.00951	0.01254	0.02839	0.72568	0.09126	0.01486	0.00618	0.00196	0.00287	0.05283	0.00450	0.00398
66	0.33029	0.01705	0.01137	0.01024	0.01273	0.45290	0.00794	0.01687	0.01121	0.01550	0.00713	0.00856	0.00588	0.00508	0.00476	0.00141	0.06994	0.00302	0.00265	0.00546
67	0.00726	0.00539	0.00786	0.00776	0.00861	0.00634	0.00606	0.00900	0.00796	0.01180	0.01289	0.01857	0.01187	0.03267	0.71106	0.00701	0.04953	0.00510	0.06887	0.00439
68	0.01128	0.31345	0.01579	0.00780	0.01192	0.01160	0.00683	0.01411	0.07058	0.01452	0.00878	0.00983	0.00741	0.00403	0.00352	0.00091	0.00420	0.00297	0.00274	0.47774
69	0.00757	0.00576	0.00692	0.02109	0.00844	0.00540	0.00499	0.07184	0.01173	0.01571	0.19157	0.29335	0.19668	0.04600	0.00644	0.00178	0.00307	0.02633	0.00447	0.07086
70	0.01370	0.31600	0.01698	0.00968	0.01305	0.08935	0.00824	0.11057	0.33882	0.01742	0.01283	0.01264	0.01005	0.00544	0.00420	0.00136	0.00497	0.00406	0.00364	0.00701
71	0.39898	0.00891	0.00866	0.00689	0.01039	0.00866	0.00557	0.04064	0.00991	0.01925	0.05619	0.01072	0.00870	0.00447	0.00350	0.00115	0.00364	0.00317	0.00315	0.38744
72	0.00997	0.08776	0.74409	0.01338	0.02031	0.01187	0.01716	0.01528	0.01020	0.01504	0.00854	0.01004	0.00614	0.00457	0.00449	0.00150	0.00701	0.00350	0.00205	0.00709
73	0.00881	0.07222	0.02896	0.29338	0.02045	0.00936	0.15358	0.01150	0.02553	0.01310	0.01521	0.29552	0.01567	0.00827	0.00534	0.00170	0.00537	0.00774	0.00307	0.00524
74	0.01149	0.00689	0.00904	0.00900	0.01094	0.00690	0.00764	0.01538	0.13016	0.18714	0.02333	0.04079	0.02244	0.01074	0.00603	0.00198	0.00429	0.48517	0.00487	0.00577
75	0.00739	0.00585	0.00685	0.00725	0.00844	0.00590	0.00534	0.01126	0.18010	0.01446	0.02988	0.40706	0.19195	0.01251	0.00586	0.00185	0.00312	0.08550	0.00459	0.00483
76	0.00969	0.00993	0.02011	0.01513	0.01833	0.00961	0.48073	0.01258	0.00994	0.01361	0.01163	0.03162	0.01039	0.13672	0.18395	0.00345	0.00860	0.00595	0.00259	0.00546
77	0.11623	0.01020	0.01428	0.40476	0.13685	0.01171	0.01155	0.18127	0.01269	0.04163	0.00943	0.01200	0.00704	0.00497	0.00461	0.00154	0.00571	0.00413	0.00299	0.00641
78	0.00792	0.00529	0.00590	0.00574	0.00748	0.00455	0.00441	0.00929	0.01123	0.10961	0.04127	0.10314	0.57159	0.01160	0.00565	0.00167	0.00280	0.05606	0.03017	0.00462
79	0.00911	0.00724	0.01146	0.39175	0.04399	0.00827	0.05644	0.01189	0.00984	0.01452	0.01181	0.02959	0.00947	0.00768	0.06697	0.00193	0.00556	0.00470	0.29265	0.00512
80	0.06334	0.01343	0.14056	0.06187	0.24565	0.01119	0.30213	0.01473	0.01078	0.02889	0.01026	0.05607	0.00850	0.00493	0.00508	0.00157	0.00660	0.00515	0.00256	0.00671
81	0.01126	0.01582	0.23923	0.01916	0.13074	0.01163	0.41663	0.01542	0.01098	0.03890	0.00973	0.01254	0.00737	0.01907	0.00575	0.00164	0.01994	0.00491	0.00244	0.00683
82	0.01014	0.01169	0.18241	0.00936	0.01225	0.06971	0.02561	0.02806	0.02660	0.07928	0.38052	0.02576	0.02675	0.00796	0.00570	0.00157	0.03375	0.05298	0.00420	0.00570
83	0.01246	0.03652	0.03689	0.01537	0.03544	0.01196	0.38886	0.11105	0.15037	0.04994	0.07465	0.01547	0.01195	0.00537	0.00550	0.00158	0.02072	0.00553	0.00353	0.00686
84	0.09391	0.06084	0.05657	0.01264	0.01614	0.01035	0.30276	0.05735	0.05915	0.02971	0.04376	0.10276	0.10135	0.00742	0.02210	0.00173	0.00569	0.00647	0.00336	0.00595

[dist]
# distance from previous block
# <min> <max>
20	302

[block]
# block no. 6 follows, 52 sequences, length 9
# corresponding to MSA columns:
# 924-932
name=unknown_G
#
# <colnr> <probs for GDERKNQSTAVLIFYWHMCP>
#	G	D	E	R	K	N	Q	S	T	A	V	L	I	F	Y	W	H	M	C	P
0	0.12613	0.07375	0.02056	0.01430	0.01844	0.01174	0.40966	0.08916	0.01191	0.05042	0.01008	0.01215	0.00762	0.00447	0.00474	0.00146	0.00621	0.00464	0.06378	0.05879
1	0.11156	0.00762	0.00980	0.00875	0.01109	0.00743	0.06149	0.04537	0.07320	0.07606	0.01830	0.23072	0.01846	0.00916	0.00521	0.00166	0.00404	0.15581	0.00407	0.14021
2	0.09311	0.00819	0.00926	0.00846	0.01070	0.00896	0.00665	0.01761	0.33150	0.07652	0.01673	0.02111	0.01414	0.07105	0.15737	0.00299	0.00567	0.07742	0.00407	0.05850
3	0.13050	0.13383	0.01360	0.00870	0.01261	0.01015	0.06534	0.01586	0.09995	0.10066	0.01056	0.01124	0.00817	0.00444	0.00389	0.00113	0.00429	0.00352	0.00331	0.35823
4	0.05879	0.01203	0.01671	0.01302	0.01650	0.10981	0.28074	0.01874	0.20014	0.09840	0.01327	0.01422	0.00987	0.00516	0.00485	0.00149	0.00584	0.00489	0.08585	0.02969
5	0.01415	0.45545	0.13928	0.01015	0.01453	0.09338	0.01004	0.18166	0.01308	0.01619	0.00817	0.00907	0.00665	0.00466	0.00383	0.00122	0.00586	0.00318	0.00271	0.00674
6	0.70484	0.00974	0.00840	0.00727	0.01017	0.01130	0.00599	0.07596	0.00959	0.05485	0.00764	0.00872	0.00585	0.00493	0.00407	0.00154	0.05735	0.00296	0.00322	0.00562
7	0.01842	0.01357	0.01454	0.01115	0.01503	0.01503	0.00921	0.78330	0.02278	0.03054	0.01163	0.01163	0.00824	0.00582	0.00485	0.00145	0.00533	0.00436	0.00485	0.00824
8	0.00686	0.00495	0.00648	0.00610	0.00724	0.00457	0.00457	0.00914	0.01372	0.01943	0.79691	0.03620	0.04572	0.00991	0.00572	0.00152	0.00229	0.00876	0.00533	0.00457

[dist]
# distance from previous block
# <min> <max>
0	3

[block]
# block no. 7 follows, 52 sequences, length 13
# corresponding to MSA columns:
# 936-948
name=unknown_H
#
# <colnr> <probs for GDERKNQSTAVLIFYWHMCP>
#	G	D	E	R	K	N	Q	S	T	A	V	L	I	F	Y	W	H	M	C	P
0	0.00915	0.00861	0.01453	0.81804	0.03338	0.01077	0.01346	0.01238	0.00969	0.01238	0.00861	0.01292	0.00646	0.00484	0.00484	0.00161	0.00646	0.00431	0.00215	0.00538
1	0.01842	0.01357	0.01454	0.01115	0.01503	0.01503	0.00921	0.78330	0.02278	0.03054	0.01163	0.01163	0.00824	0.00582	0.00485	0.00145	0.00533	0.00436	0.00485	0.00824
2	0.01296	0.83261	0.02539	0.00829	0.01244	0.01917	0.00829	0.01451	0.00985	0.01140	0.00674	0.00777	0.00622	0.00415	0.00311	0.00104	0.00518	0.00259	0.00207	0.00622
3	0.00972	0.02507	0.80458	0.01381	0.02097	0.01125	0.01790	0.01535	0.01023	0.01535	0.00870	0.01023	0.00614	0.00460	0.00460	0.00153	0.00716	0.00358	0.00205	0.00716
4	0.86392	0.00937	0.00712	0.00637	0.00937	0.01087	0.00525	0.01425	0.00825	0.02174	0.00675	0.00787	0.00525	0.00450	0.00300	0.00150	0.00375	0.00262	0.00300	0.00525
5	0.00692	0.00519	0.00779	0.00779	0.00865	0.00606	0.00606	0.00865	0.00779	0.01125	0.01298	0.01904	0.01211	0.03634	0.81049	0.00779	0.01298	0.00519	0.00260	0.00433
6	0.01041	0.01032	0.01448	0.01247	0.01251	0.01439	0.01037	0.01151	0.00744	0.01164	0.00671	0.01104	0.00666	0.00993	0.05728	0.00242	0.77876	0.00429	0.00215	0.00525
7	0.01842	0.01357	0.01454	0.01115	0.01503	0.01503	0.00921	0.78330	0.02278	0.03054	0.01163	0.01163	0.00824	0.00582	0.00485	0.00145	0.00533	0.00436	0.00485	0.00824
8	0.01718	0.02144	0.01371	0.01239	0.01468	0.70551	0.00940	0.01895	0.04688	0.01221	0.00792	0.00931	0.00662	0.00537	0.00541	0.00134	0.08010	0.00332	0.00257	0.00568
9	0.56420	0.01237	0.17769	0.00824	0.01191	0.01054	0.00813	0.01442	0.04081	0.01931	0.00830	0.00987	0.00649	0.00766	0.08089	0.00212	0.00537	0.00319	0.00284	0.00567
10	0.00744	0.00566	0.00821	0.00800	0.00881	0.00678	0.00628	0.00915	0.00794	0.01183	0.01257	0.01815	0.01159	0.03125	0.67061	0.00672	0.08964	0.00505	0.06990	0.00444
11	0.01083	0.08946	0.01586	0.01230	0.01270	0.01526	0.01038	0.01194	0.00765	0.01164	0.00640	0.01033	0.00635	0.00807	0.01468	0.00202	0.74257	0.00408	0.00212	0.00539
12	0.01208	0.61341	0.23690	0.00979	0.01475	0.01703	0.01090	0.01474	0.00995	0.01247	0.00727	0.00844	0.00620	0.00427	0.00352	0.00117	0.00572	0.00286	0.00207	0.00647

[dist]
# distance from previous block
# <min> <max>
12	18

[block]
# block no. 8 follows, 52 sequences, length 12
# corresponding to MSA columns:
# 970-981
name=unknown_I
#
# <colnr> <probs for GDERKNQSTAVLIFYWHMCP>
#	G	D	E	R	K	N	Q	S	T	A	V	L	I	F	Y	W	H	M	C	P
0	0.01575	0.08157	0.08059	0.01199	0.01488	0.39882	0.01009	0.15132	0.03913	0.01563	0.00849	0.00988	0.00688	0.00561	0.00612	0.00144	0.12911	0.00358	0.00286	0.00627
1	0.01810	0.02310	0.01373	0.01248	0.01498	0.81024	0.00936	0.01935	0.01373	0.01186	0.00749	0.00874	0.00624	0.00499	0.00437	0.00125	0.00874	0.00312	0.00250	0.00562
2	0.00714	0.00512	0.00744	0.00744	0.00834	0.00590	0.00578	0.00893	0.00804	0.01197	0.01328	0.01894	0.01215	0.03312	0.72569	0.00709	0.01185	0.00512	0.09232	0.00435
3	0.00674	0.00495	0.00631	0.00597	0.00717	0.00452	0.00448	0.00891	0.01344	0.01877	0.71834	0.03730	0.12471	0.01016	0.00572	0.00154	0.00230	0.00892	0.00525	0.00452
4	0.00590	0.00422	0.00562	0.00675	0.00703	0.00394	0.00450	0.00675	0.00928	0.01237	0.02671	0.82653	0.03205	0.01518	0.00619	0.00197	0.00281	0.01378	0.00450	0.00394
5	0.01296	0.83261	0.02539	0.00829	0.01244	0.01917	0.00829	0.01451	0.00985	0.01140	0.00674	0.00777	0.00622	0.00415	0.00311	0.00104	0.00518	0.00259	0.00207	0.00622
6	0.00759	0.00474	0.00553	0.00553	0.00601	0.00490	0.00364	0.00855	0.00807	0.01219	0.01500	0.02550	0.01513	0.44951	0.16445	0.00426	0.00555	0.00599	0.24423	0.00364
7	0.01842	0.01357	0.01454	0.01115	0.01503	0.01503	0.00921	0.78330	0.02278	0.03054	0.01163	0.01163	0.00824	0.00582	0.00485	0.00145	0.00533	0.00436	0.00485	0.00824
8	0.01368	0.01325	0.01834	0.02411	0.53964	0.13004	0.05355	0.05989	0.03424	0.05219	0.00981	0.01192	0.00788	0.00463	0.00479	0.00143	0.00617	0.00427	0.00279	0.00737
9	0.01344	0.01365	0.01750	0.02410	0.56213	0.17315	0.01293	0.05689	0.01217	0.01592	0.00923	0.01159	0.00763	0.00460	0.00465	0.00139	0.00618	0.00409	0.04162	0.00715
10	0.01627	0.01107	0.01334	0.01134	0.05836	0.03321	0.03981	0.23355	0.17467	0.22729	0.01447	0.01404	0.01029	0.00569	0.00508	0.00145	0.02793	0.00459	0.00459	0.09294
11	0.01240	0.05841	0.03684	0.04163	0.28533	0.11704	0.01012	0.06890	0.04322	0.06169	0.03998	0.01875	0.15295	0.00631	0.00482	0.00143	0.00523	0.00529	0.00334	0.02631

[dist]
# distance from previous block
# <min> <max>
8	61

[block]
# block no. 9 follows, 52 sequences, length 24
# corresponding to MSA columns:
# 1044-1067
name=unknown_J
#
# <colnr> <probs for GDERKNQSTAVLIFYWHMCP>
#	G	D	E	R	K	N	Q	S	T	A	V	L	I	F	Y	W	H	M	C	P
0	0.04560	0.11497	0.05826	0.01127	0.01461	0.14335	0.14947	0.08937	0.02636	0.01641	0.06737	0.04980	0.01133	0.00564	0.00489	0.00137	0.03280	0.00471	0.06561	0.08679
1	0.03161	0.13353	0.24223	0.01014	0.01457	0.01132	0.01036	0.14864	0.03958	0.17270	0.05242	0.04318	0.02520	0.00587	0.00455	0.00144	0.00513	0.00462	0.02059	0.02233
2	0.04679	0.07304	0.02480	0.02490	0.01139	0.07819	0.00694	0.04449	0.08903	0.12536	0.12848	0.06075	0.01763	0.00716	0.00473	0.00144	0.00422	0.08147	0.06207	0.10711
3	0.04873	0.20596	0.07435	0.05952	0.01540	0.03195	0.10581	0.01640	0.04704	0.17860	0.03237	0.02752	0.00971	0.00559	0.00555	0.00147	0.08693	0.00439	0.03624	0.00647
4	0.01152	0.01175	0.06978	0.21326	0.43777	0.01167	0.01375	0.06144	0.06790	0.01607	0.00981	0.01248	0.00780	0.00484	0.00513	0.00152	0.02947	0.00435	0.00264	0.00706
5	0.01810	0.02310	0.01373	0.01248	0.01498	0.81024	0.00936	0.01935	0.01373	0.01186	0.00749	0.00874	0.00624	0.00499	0.00437	0.00125	0.00874	0.00312	0.00250	0.00562
6	0.01003	0.10268	0.72969	0.01328	0.02015	0.01202	0.01698	0.01527	0.01019	0.01497	0.00851	0.01000	0.00615	0.00456	0.00446	0.00149	0.00697	0.00349	0.00205	0.00707
7	0.00708	0.00507	0.00719	0.00719	0.00795	0.00575	0.00541	0.00859	0.00784	0.01143	0.01351	0.02088	0.01296	0.15369	0.63833	0.00688	0.01102	0.00543	0.05967	0.00413
8	0.00892	0.00829	0.01389	0.75911	0.03146	0.01027	0.01281	0.01197	0.00966	0.01238	0.00993	0.07202	0.00832	0.00560	0.00494	0.00164	0.00619	0.00499	0.00232	0.00528
9	0.01199	0.01151	0.01967	0.02974	0.79946	0.01151	0.01487	0.01487	0.01103	0.01583	0.00912	0.01199	0.00768	0.00432	0.00480	0.00144	0.00576	0.00432	0.00240	0.00768
10	0.00688	0.00492	0.00632	0.00599	0.00698	0.00459	0.00436	0.00887	0.01284	0.01811	0.69413	0.03561	0.04203	0.11770	0.00821	0.00194	0.00260	0.00854	0.00502	0.00436
11	0.01199	0.01151	0.01967	0.02974	0.79946	0.01151	0.01487	0.01487	0.01103	0.01583	0.00912	0.01199	0.00768	0.00432	0.00480	0.00144	0.00576	0.00432	0.00240	0.00768
12	0.00615	0.00499	0.00557	0.00562	0.00710	0.00442	0.00433	0.00764	0.01119	0.01393	0.14288	0.04415	0.57597	0.01367	0.05955	0.00209	0.00332	0.07874	0.00448	0.00420
13	0.01199	0.01151	0.01967	0.02974	0.79946	0.01151	0.01487	0.01487	0.01103	0.01583	0.00912	0.01199	0.00768	0.00432	0.00480	0.00144	0.00576	0.00432	0.00240	0.00768
14	0.00692	0.00522	0.00661	0.00726	0.00849	0.00490	0.00600	0.00873	0.01115	0.01421	0.08493	0.10686	0.28204	0.01292	0.00627	0.00197	0.00354	0.41312	0.00454	0.00431
15	0.01236	0.01057	0.01133	0.06781	0.01388	0.05826	0.00759	0.17144	0.21193	0.01922	0.01339	0.07023	0.01107	0.00583	0.00450	0.00129	0.00445	0.00475	0.01798	0.28212
16	0.01003	0.00927	0.01544	0.19303	0.45930	0.00967	0.01226	0.01253	0.01036	0.01432	0.01293	0.19362	0.01285	0.00685	0.00512	0.00159	0.00525	0.00642	0.00281	0.00635
17	0.01541	0.00948	0.01276	0.01352	0.18750	0.00937	0.00882	0.02092	0.23813	0.31976	0.01664	0.04446	0.01224	0.00596	0.00483	0.00149	0.00432	0.00511	0.00462	0.06463
18	0.00884	0.00688	0.00889	0.00839	0.00972	0.03106	0.00659	0.11569	0.01003	0.01393	0.01263	0.01771	0.01141	0.03121	0.67568	0.00672	0.01180	0.00502	0.00290	0.00490
19	0.12874	0.01484	0.19151	0.01347	0.04326	0.07638	0.14496	0.05205	0.01051	0.03452	0.00947	0.05842	0.00810	0.00609	0.00716	0.00167	0.18538	0.00462	0.00269	0.00616
20	0.01029	0.00958	0.00925	0.00918	0.03791	0.17475	0.00653	0.03109	0.05050	0.02932	0.01367	0.03871	0.02835	0.18523	0.33895	0.00469	0.00884	0.00540	0.00297	0.00478
21	0.01069	0.00972	0.01465	0.07611	0.31937	0.03934	0.06895	0.05786	0.03748	0.01470	0.01226	0.04717	0.01162	0.16895	0.06067	0.00256	0.00612	0.03291	0.00289	0.00599
22	0.03220	0.04473	0.06375	0.01518	0.11626	0.24011	0.15180	0.06188	0.03387	0.03422	0.00921	0.01120	0.00738	0.00608	0.03458	0.00165	0.06569	0.00407	0.00274	0.06337
23	0.01293	0.04296	0.09190	0.03383	0.14776	0.06201	0.05373	0.14323	0.06388	0.06833	0.06409	0.01508	0.02515	0.00683	0.02920	0.00170	0.08131	0.01659	0.00342	0.03606

[dist]
# distance from previous block
# <min> <max>
39	209

[block]
# block no. 10 follows, 52 sequences, length 13
# corresponding to MSA columns:
# 1311-1323
name=unknown_K
#
# <colnr> <probs for GDERKNQSTAVLIFYWHMCP>
#	G	D	E	R	K	N	Q	S	T	A	V	L	I	F	Y	W	H	M	C	P
0	0.04465	0.01298	0.01413	0.01290	0.10321	0.04831	0.00942	0.48640	0.17375	0.02572	0.01262	0.01271	0.00930	0.00572	0.00478	0.00148	0.00518	0.00447	0.00442	0.00785
1	0.01717	0.01290	0.01454	0.11996	0.01750	0.01445	0.00978	0.67934	0.02102	0.02809	0.01123	0.01181	0.00800	0.00569	0.00485	0.00148	0.00548	0.00436	0.00448	0.00786
2	0.00575	0.00483	0.00499	0.00512	0.00660	0.00407	0.00377	0.00693	0.01085	0.01301	0.04656	0.13498	0.71079	0.01260	0.00578	0.00167	0.00250	0.01063	0.00450	0.00407
3	0.00590	0.00422	0.00562	0.00675	0.00703	0.00394	0.00450	0.00675	0.00928	0.01237	0.02671	0.82653	0.03205	0.01518	0.00619	0.00197	0.00281	0.01378	0.00450	0.00394
4	0.00972	0.02507	0.80458	0.01381	0.02097	0.01125	0.01790	0.01535	0.01023	0.01535	0.00870	0.01023	0.00614	0.00460	0.00460	0.00153	0.00716	0.00358	0.00205	0.00716
