[name]
unknown

[dist]
# distance from previous block
# <min> <max>
0	1362

[block]
# block no. 0 follows, 49 sequences, length 8
# corresponding to MSA columns:
# 1378-1385
name=unknown_A
#
# <colnr> <probs for GDERKNQSTAVLIFYWHMCP>
#	G	D	E	R	K	N	Q	S	T	A	V	L	I	F	Y	W	H	M	C	P
0	0.00651	0.00472	0.00623	0.00731	0.00787	0.00443	0.00526	0.00769	0.01018	0.01337	0.02950	0.61921	0.09196	0.01526	0.00651	0.00208	0.00322	0.14978	0.00469	0.00422
1	0.00691	0.00510	0.00652	0.00671	0.00781	0.00471	0.00508	0.00881	0.01258	0.01704	0.41240	0.19501	0.16258	0.01233	0.00621	0.00180	0.00284	0.11590	0.00513	0.00454
2	0.00665	0.00550	0.00587	0.00571	0.00739	0.00490	0.00430	0.00899	0.06121	0.01554	0.20488	0.04446	0.58291	0.01191	0.00592	0.00168	0.00262	0.01003	0.00491	0.00461
3	0.01296	0.01371	0.02777	0.01995	0.02491	0.01320	0.66475	0.12311	0.01361	0.01841	0.01050	0.01343	0.00780	0.00452	0.00584	0.00168	0.00811	0.00577	0.00291	0.00707
4	0.01246	0.01004	0.01099	0.01009	0.01276	0.01137	0.00800	0.02445	0.63464	0.05892	0.02142	0.02417	0.01722	0.00783	0.00540	0.00179	0.00411	0.11165	0.00513	0.00756
5	0.13416	0.00909	0.01048	0.00810	0.01188	0.00822	0.00656	0.06704	0.03696	0.25275	0.07376	0.01470	0.01220	0.00540	0.00437	0.00126	0.00396	0.00426	0.00440	0.33046
6	0.01059	0.01066	0.05282	0.12600	0.35445	0.01055	0.04365	0.01386	0.03638	0.01640	0.15870	0.01891	0.04634	0.00645	0.00621	0.00163	0.07088	0.00568	0.00318	0.00665
7	0.01279	0.41645	0.10208	0.01098	0.01420	0.01735	0.01055	0.07063	0.01049	0.01390	0.00749	0.00964	0.00669	0.00598	0.00789	0.00154	0.26900	0.00351	0.00239	0.00644

[dist]
# distance from previous block
# <min> <max>
0	8

[block]
# block no. 1 follows, 49 sequences, length 47
# corresponding to MSA columns:
# 1394-1440
name=unknown_B
#
# <colnr> <probs for GDERKNQSTAVLIFYWHMCP>
#	G	D	E	R	K	N	Q	S	T	A	V	L	I	F	Y	W	H	M	C	P
0	0.10434	0.00894	0.01146	0.00903	0.01245	0.00850	0.03548	0.10633	0.01476	0.46310	0.13741	0.01942	0.03252	0.00677	0.00507	0.00157	0.00423	0.00556	0.00552	0.00753
1	0.01796	0.04755	0.01558	0.06295	0.05491	0.28036	0.01020	0.40642	0.01863	0.02261	0.01016	0.01107	0.00767	0.00557	0.00482	0.00144	0.00685	0.00404	0.00382	0.00738
2	0.00654	0.00493	0.00608	0.00646	0.00748	0.00447	0.00472	0.00807	0.01169	0.01540	0.25208	0.31587	0.25603	0.01325	0.00621	0.00184	0.00280	0.06674	0.00494	0.00438
3	0.00616	0.00440	0.00587	0.00704	0.00733	0.00411	0.00469	0.00704	0.00968	0.01291	0.02787	0.81899	0.03344	0.01584	0.00645	0.00205	0.00293	0.01438	0.00469	0.00411
4	0.01156	0.01195	0.01565	0.01337	0.01374	0.07303	0.03432	0.01280	0.00837	0.01230	0.00702	0.01124	0.00682	0.00923	0.03659	0.00229	0.70749	0.00441	0.00227	0.00557
5	0.01312	0.00965	0.01187	0.03865	0.01373	0.00857	0.03063	0.09849	0.07650	0.12219	0.04222	0.01353	0.01049	0.00491	0.00439	0.00112	0.00424	0.00406	0.00389	0.48776
6	0.12998	0.01159	0.01584	0.03322	0.04497	0.07400	0.16278	0.05266	0.02773	0.25471	0.01256	0.01360	0.00904	0.00705	0.03880	0.00191	0.09399	0.00469	0.00389	0.00699
7	0.11282	0.00949	0.01170	0.00911	0.01293	0.00902	0.00751	0.11932	0.03196	0.59594	0.01756	0.01562	0.01132	0.00608	0.00487	0.00156	0.00441	0.00478	0.00574	0.00825
8	0.00616	0.00440	0.00587	0.00704	0.00733	0.00411	0.00469	0.00704	0.00968	0.01291	0.02787	0.81899	0.03344	0.01584	0.00645	0.00205	0.00293	0.01438	0.00469	0.00411
9	0.00829	0.00705	0.01053	0.05017	0.22809	0.01922	0.00823	0.00989	0.01029	0.01391	0.02156	0.54396	0.02469	0.01201	0.00596	0.00187	0.00406	0.01099	0.00394	0.00530
10	0.01360	0.07181	0.39933	0.01387	0.07349	0.01205	0.03281	0.08158	0.09174	0.14280	0.01219	0.01273	0.00865	0.00529	0.00485	0.00156	0.00623	0.00427	0.00339	0.00776
11	0.01106	0.01106	0.01549	0.01328	0.01328	0.01549	0.01106	0.01217	0.00774	0.01217	0.00664	0.01106	0.00664	0.00885	0.01659	0.00221	0.81303	0.00443	0.00221	0.00553
12	0.00690	0.00462	0.00616	0.00708	0.00758	0.00428	0.00481	0.00791	0.01016	0.04531	0.07423	0.73824	0.03347	0.01511	0.00637	0.00201	0.00296	0.01367	0.00481	0.00433
13	0.01531	0.14265	0.21689	0.01311	0.08861	0.05129	0.03985	0.01926	0.06921	0.25342	0.01343	0.03363	0.00985	0.00558	0.00476	0.00151	0.00579	0.00454	0.00376	0.00756
14	0.00764	0.00528	0.00671	0.00667	0.00795	0.00482	0.00507	0.00957	0.01284	0.05456	0.42167	0.15567	0.18028	0.01179	0.00610	0.00176	0.00283	0.08883	0.00521	0.00475
15	0.00649	0.00472	0.00612	0.00666	0.00737	0.00435	0.00466	0.00792	0.01141	0.01550	0.29092	0.49226	0.09543	0.01372	0.00625	0.00187	0.00272	0.01230	0.00499	0.00435
16	0.01208	0.01257	0.06877	0.10530	0.41217	0.01209	0.12761	0.06816	0.01219	0.01711	0.05090	0.01390	0.00980	0.00520	0.00582	0.00160	0.04971	0.00492	0.00279	0.00729
17	0.01655	0.01069	0.01561	0.03250	0.25060	0.03355	0.06356	0.08294	0.03298	0.31465	0.05029	0.01703	0.04356	0.00598	0.00518	0.00156	0.00525	0.00528	0.00445	0.00780
18	0.02269	0.00861	0.01174	0.00900	0.01291	0.00743	0.00743	0.02464	0.01447	0.79425	0.01995	0.01721	0.01252	0.00626	0.00509	0.00156	0.00430	0.00509	0.00626	0.00861
19	0.01223	0.00988	0.01070	0.00958	0.01223	0.01099	0.00754	0.12102	0.48023	0.03420	0.07004	0.04452	0.09023	0.00820	0.00541	0.00173	0.00399	0.05494	0.00509	0.00723
20	0.01462	0.03440	0.08844	0.09025	0.02180	0.04293	0.31912	0.14557	0.01392	0.13072	0.01144	0.01322	0.00822	0.00519	0.00577	0.00163	0.03706	0.00502	0.00343	0.00723
21	0.00783	0.00546	0.00715	0.00668	0.00792	0.00517	0.00504	0.01007	0.01386	0.05080	0.68355	0.06834	0.06312	0.01041	0.00627	0.00163	0.02727	0.00909	0.00543	0.00491
22	0.01333	0.01220	0.04675	0.02887	0.16092	0.01285	0.02551	0.12911	0.46872	0.02133	0.01642	0.01618	0.01239	0.00614	0.00511	0.00164	0.00488	0.00523	0.00441	0.00800
23	0.00687	0.00516	0.00636	0.00606	0.00738	0.00465	0.00454	0.00898	0.01363	0.01865	0.60629	0.04046	0.23051	0.01095	0.00597	0.00162	0.00243	0.00952	0.00535	0.00465
24	0.01244	0.05376	0.07076	0.01328	0.01538	0.09601	0.08593	0.03887	0.13587	0.01489	0.00985	0.01239	0.00830	0.00758	0.02342	0.00196	0.38555	0.00455	0.00285	0.00635
25	0.00708	0.00508	0.00691	0.00805	0.00879	0.00491	0.00628	0.00865	0.01065	0.01397	0.02800	0.44190	0.05211	0.01488	0.00669	0.00217	0.00373	0.36109	0.00468	0.00437
26	0.00731	0.00507	0.00635	0.00635	0.00664	0.00536	0.00411	0.00789	0.00760	0.01043	0.01517	0.02884	0.01654	0.57026	0.27524	0.00594	0.00768	0.00673	0.00295	0.00353
27	0.01294	0.68809	0.15866	0.00964	0.01451	0.01859	0.01037	0.01529	0.01034	0.01260	0.00738	0.00855	0.00647	0.00441	0.00351	0.00117	0.00576	0.00288	0.00216	0.00666
28	0.00818	0.00650	0.00692	0.00653	0.00851	0.00623	0.00498	0.01241	0.17739	0.04618	0.12889	0.03979	0.50669	0.01099	0.00576	0.00169	0.00292	0.00921	0.00495	0.00530
29	0.01285	0.05595	0.18133	0.01124	0.01530	0.01312	0.01051	0.10761	0.49173	0.02078	0.01647	0.01580	0.01227	0.00620	0.00497	0.00164	0.00499	0.00501	0.00434	0.00788
30	0.00878	0.00439	0.00659	0.00659	0.00659	0.00439	0.00439	0.00659	0.00659	0.00878	0.00878	0.01537	0.00878	0.01757	0.01976	0.85288	0.00439	0.00439	0.00220	0.00220
31	0.12319	0.01073	0.01493	0.38495	0.15129	0.01235	0.01205	0.17409	0.03603	0.01902	0.00983	0.01251	0.00743	0.00519	0.00480	0.00160	0.00592	0.00431	0.00308	0.00669
32	0.00616	0.00440	0.00587	0.00704	0.00733	0.00411	0.00469	0.00704	0.00968	0.01291	0.02787	0.81899	0.03344	0.01584	0.00645	0.00205	0.00293	0.01438	0.00469	0.00411
33	0.01237	0.01213	0.01940	0.15000	0.63715	0.04994	0.01502	0.01534	0.01143	0.01577	0.00935	0.01250	0.00774	0.00462	0.00499	0.00152	0.00627	0.00444	0.00247	0.00754
34	0.01335	0.78599	0.06438	0.00894	0.01342	0.01960	0.00915	0.01518	0.01029	0.01210	0.00713	0.00824	0.00649	0.00435	0.00332	0.00111	0.00551	0.00275	0.00216	0.00654
35	0.00693	0.00510	0.00654	0.00741	0.00828	0.00482	0.00570	0.00837	0.01062	0.01368	0.03126	0.33855	0.17787	0.06535	0.00777	0.00227	0.00362	0.28701	0.00458	0.00428
36	0.00943	0.00471	0.00471	0.00471	0.00589	0.00471	0.00353	0.01178	0.01060	0.01885	0.01650	0.01885	0.01296	0.00589	0.00353	0.00118	0.00236	0.00471	0.85036	0.00471
37	0.00990	0.00975	0.01244	0.03161	0.01315	0.13002	0.11066	0.01201	0.01016	0.01322	0.07790	0.01830	0.01357	0.02370	0.44457	0.00519	0.05041	0.00541	0.00288	0.00513
38	0.06000	0.01189	0.01373	0.04961	0.03844	0.01271	0.00911	0.44934	0.04258	0.20778	0.03053	0.01474	0.01066	0.00620	0.00502	0.00156	0.00513	0.01781	0.00504	0.00812
39	0.01052	0.00863	0.01021	0.00760	0.01174	0.00661	0.00608	0.01271	0.01062	0.03726	0.01093	0.04660	0.00975	0.00481	0.00405	0.00090	0.00377	0.03983	0.00323	0.75416
40	0.05385	0.01458	0.01406	0.01123	0.01494	0.11383	0.00909	0.51918	0.11315	0.02698	0.01225	0.01233	0.00898	0.00589	0.00486	0.00148	0.00566	0.00438	0.00458	0.04873
41	0.00719	0.00603	0.00640	0.00608	0.00797	0.00554	0.00461	0.01040	0.11394	0.01574	0.15503	0.04168	0.54709	0.01131	0.00578	0.00166	0.00277	0.00950	0.00482	0.03645
42	0.01057	0.00906	0.01052	0.00760	0.01203	0.00698	0.00607	0.01331	0.04201	0.01667	0.00946	0.01083	0.00781	0.00387	0.00380	0.00079	0.00376	0.00311	0.00308	0.81864
43	0.01680	0.15790	0.01619	0.01169	0.01479	0.45023	0.02543	0.13599	0.03057	0.01574	0.01132	0.01305	0.04539	0.00583	0.00459	0.00137	0.00736	0.02630	0.00313	0.00635
44	0.00723	0.00491	0.00564	0.00569	0.00583	0.00490	0.00333	0.00741	0.00769	0.01022	0.01800	0.07186	0.05367	0.70948	0.06006	0.00477	0.00510	0.00776	0.00320	0.00324
45	0.01210	0.48950	0.34990	0.01107	0.01672	0.01654	0.01287	0.01551	0.01044	0.01363	0.00789	0.00919	0.00645	0.00453	0.00390	0.00130	0.00628	0.00314	0.00215	0.00690
46	0.14560	0.00843	0.03068	0.00857	0.01093	0.03129	0.02665	0.01512	0.08956	0.15111	0.13219	0.12773	0.06097	0.00935	0.00544	0.00177	0.00407	0.12995	0.00469	0.00590

[dist]
# distance from previous block
# <min> <max>
1	2

[block]
# block no. 2 follows, 49 sequences, length 30
# corresponding to MSA columns:
# 1443-1472
name=unknown_C
#
# <colnr> <probs for GDERKNQSTAVLIFYWHMCP>
#	G	D	E	R	K	N	Q	S	T	A	V	L	I	F	Y	W	H	M	C	P
0	0.00902	0.00741	0.00973	0.00915	0.01003	0.02896	0.00718	0.05646	0.00928	0.01302	0.01309	0.02117	0.01276	0.12167	0.45529	0.00578	0.15509	0.04719	0.00291	0.00482
1	0.00644	0.00545	0.00560	0.00551	0.00724	0.00477	0.00415	0.00853	0.05462	0.01460	0.10743	0.04615	0.68741	0.01228	0.00593	0.00170	0.00263	0.01028	0.00479	0.00452
2	0.01191	0.29069	0.44682	0.01283	0.01882	0.06279	0.06001	0.01599	0.01084	0.01444	0.00839	0.00991	0.00652	0.00464	0.00434	0.00142	0.00695	0.00350	0.00220	0.00701
3	0.01238	0.04810	0.02635	0.02076	0.12439	0.01323	0.53855	0.04854	0.04878	0.01678	0.01042	0.01333	0.00803	0.00470	0.00611	0.00167	0.04262	0.00550	0.00275	0.00704
4	0.00660	0.00564	0.00574	0.00568	0.00747	0.00503	0.00431	0.00903	0.07804	0.01434	0.04796	0.04630	0.70261	0.01232	0.00593	0.00172	0.00274	0.02920	0.00473	0.00460
5	0.00715	0.00489	0.00564	0.00576	0.00592	0.00485	0.00341	0.00739	0.00786	0.01042	0.01904	0.11031	0.06409	0.66261	0.05639	0.00458	0.00495	0.00815	0.00330	0.00330
6	0.01150	0.27261	0.42632	0.03213	0.09893	0.01438	0.04753	0.01563	0.01068	0.01472	0.00853	0.01026	0.00666	0.00461	0.00440	0.00144	0.00671	0.00361	0.00220	0.00715
7	0.03103	0.01791	0.01569	0.05049	0.16505	0.39791	0.01112	0.11943	0.01396	0.01598	0.00861	0.01059	0.00709	0.00563	0.00622	0.00150	0.10848	0.00386	0.00286	0.00659
8	0.00656	0.00516	0.00603	0.00652	0.00782	0.00463	0.00506	0.00805	0.01128	0.01404	0.05958	0.19375	0.44636	0.01359	0.00631	0.00192	0.00313	0.19114	0.00471	0.00434
9	0.00768	0.00657	0.00670	0.00670	0.00845	0.03983	0.00531	0.04180	0.02536	0.01493	0.05556	0.04637	0.54075	0.01228	0.00607	0.00181	0.00342	0.16109	0.00464	0.00468
10	0.01049	0.00899	0.01049	0.00749	0.01198	0.00674	0.00599	0.01273	0.01049	0.01648	0.00899	0.01049	0.00749	0.00374	0.00374	0.00075	0.00374	0.00300	0.00300	0.85320
11	0.00943	0.00471	0.00471	0.00471	0.00589	0.00471	0.00353	0.01178	0.01060	0.01885	0.01650	0.01885	0.01296	0.00589	0.00353	0.00118	0.00236	0.00471	0.85036	0.00471
12	0.02003	0.01190	0.02995	0.01031	0.01415	0.05977	0.00855	0.25499	0.09921	0.41177	0.01663	0.01519	0.01112	0.00617	0.00504	0.00155	0.00503	0.00485	0.00545	0.00835
13	0.00603	0.00511	0.00514	0.00514	0.00678	0.00429	0.00381	0.00726	0.01137	0.01351	0.04988	0.04807	0.75937	0.04362	0.00673	0.00183	0.00265	0.01055	0.00463	0.00422
14	0.00674	0.00529	0.00564	0.00563	0.00734	0.00451	0.00433	0.00817	0.01175	0.03957	0.07973	0.04782	0.67279	0.01258	0.00602	0.00175	0.00277	0.06831	0.00478	0.00446
15	0.01324	0.01119	0.01181	0.01043	0.01340	0.01289	0.00816	0.10152	0.70588	0.02222	0.01974	0.01819	0.01475	0.00678	0.00514	0.00170	0.00416	0.00560	0.00514	0.00806
16	0.01085	0.00898	0.01052	0.00753	0.01201	0.00676	0.00603	0.01309	0.01060	0.03957	0.00931	0.01069	0.00764	0.00382	0.00378	0.00077	0.00376	0.00306	0.00309	0.82812
17	0.00616	0.00440	0.00587	0.00704	0.00733	0.00411	0.00469	0.00704	0.00968	0.01291	0.02787	0.81899	0.03344	0.01584	0.00645	0.00205	0.00293	0.01438	0.00469	0.00411
18	0.01331	0.77589	0.07411	0.00901	0.01353	0.01950	0.00927	0.01520	0.01030	0.01215	0.00716	0.00827	0.00648	0.00436	0.00334	0.00111	0.00554	0.00277	0.00216	0.00655
19	0.00943	0.00471	0.00471	0.00471	0.00589	0.00471	0.00353	0.01178	0.01060	0.01885	0.01650	0.01885	0.01296	0.00589	0.00353	0.00118	0.00236	0.00471	0.85036	0.00471
20	0.00735	0.00490	0.00552	0.00552	0.00552	0.00490	0.00306	0.00735	0.00735	0.00980	0.01593	0.03309	0.01838	0.82229	0.02574	0.00490	0.00490	0.00735	0.00306	0.00306
21	0.00878	0.00439	0.00659	0.00659	0.00659	0.00439	0.00439	0.00659	0.00659	0.00878	0.00878	0.01537	0.00878	0.01757	0.01976	0.85288	0.00439	0.00439	0.00220	0.00220
22	0.01014	0.02616	0.79609	0.01441	0.02189	0.01174	0.01868	0.01601	0.01068	0.01601	0.00907	0.01068	0.00641	0.00480	0.00480	0.00160	0.00747	0.00374	0.00214	0.00747
23	0.85801	0.00978	0.00743	0.00665	0.00978	0.01134	0.00548	0.01486	0.00861	0.02269	0.00704	0.00821	0.00548	0.00469	0.00313	0.00156	0.00391	0.00274	0.00313	0.00548
24	0.04114	0.01393	0.01490	0.01145	0.01547	0.01538	0.00946	0.73742	0.02317	0.04862	0.01218	0.01215	0.00861	0.00604	0.00501	0.00152	0.00549	0.00452	0.00504	0.00852
25	0.01231	0.01217	0.02193	0.02878	0.63466	0.01201	0.15235	0.01553	0.01159	0.01643	0.01003	0.01373	0.00843	0.00468	0.00523	0.00156	0.00643	0.02186	0.00256	0.00772
26	0.00627	0.00448	0.00599	0.00717	0.00751	0.00420	0.00489	0.00723	0.00979	0.01303	0.02781	0.77657	0.03320	0.01574	0.00648	0.00207	0.00303	0.05570	0.00469	0.00414
27	0.00641	0.00458	0.00615	0.00732	0.00772	0.00432	0.00512	0.00746	0.00992	0.01318	0.02774	0.72533	0.03291	0.01561	0.00652	0.00209	0.00315	0.10562	0.00469	0.00417
28	0.80645	0.05957	0.00860	0.00677	0.00997	0.01187	0.00567	0.01488	0.00871	0.02203	0.00704	0.00821	0.00554	0.00467	0.00314	0.00154	0.00400	0.00274	0.00307	0.00554
29	0.01168	0.00989	0.01079	0.00791	0.01226	0.05533	0.00630	0.01385	0.01094	0.05953	0.00953	0.01078	0.00771	0.00397	0.00387	0.00083	0.00410	0.00313	0.00315	0.75445

[dist]
# distance from previous block
# <min> <max>
8	20

[block]
# block no. 3 follows, 49 sequences, length 19
# corresponding to MSA columns:
# 1495,1499-1516
name=unknown_D
#
# <colnr> <probs for GDERKNQSTAVLIFYWHMCP>
#	G	D	E	R	K	N	Q	S	T	A	V	L	I	F	Y	W	H	M	C	P
0	0.01376	0.06058	0.08341	0.07431	0.25091	0.09370	0.08720	0.15257	0.05495	0.01854	0.03589	0.01302	0.00930	0.00531	0.00525	0.00153	0.02472	0.00458	0.00315	0.00732
1	0.03818	0.01203	0.04001	0.22795	0.26454	0.07701	0.03210	0.01482	0.02776	0.01524	0.00915	0.01203	0.00741	0.00488	0.00538	0.00146	0.05132	0.00412	0.00258	0.15202
2	0.00693	0.00536	0.00682	0.04514	0.00873	0.00521	0.00510	0.00858	0.01176	0.01581	0.33516	0.21417	0.20692	0.06374	0.00767	0.00196	0.03159	0.01017	0.00473	0.00447
3	0.01101	0.01108	0.03482	0.09016	0.26799	0.02305	0.20774	0.01500	0.06872	0.01597	0.04048	0.05495	0.01290	0.00810	0.05088	0.00206	0.00670	0.06862	0.00309	0.00668
4	0.00878	0.00439	0.00659	0.00659	0.00659	0.00439	0.00439	0.00659	0.00659	0.00878	0.00878	0.01537	0.00878	0.01757	0.01976	0.85288	0.00439	0.00439	0.00220	0.00220
5	0.01373	0.01143	0.01208	0.01052	0.01359	0.01311	0.00828	0.15606	0.65055	0.02301	0.01912	0.01770	0.01425	0.00672	0.00513	0.00168	0.00427	0.00552	0.00513	0.00811
6	0.01658	0.01785	0.01484	0.01342	0.05261	0.38920	0.03335	0.16294	0.12567	0.01763	0.01063	0.01178	0.00843	0.00649	0.02074	0.00164	0.08188	0.00415	0.00340	0.00677
7	0.00628	0.00449	0.00601	0.00718	0.00753	0.00421	0.00490	0.00725	0.00980	0.01304	0.02780	0.77252	0.03318	0.01573	0.00649	0.00207	0.00304	0.05965	0.00469	0.00414
8	0.01825	0.06155	0.01502	0.01276	0.01539	0.68672	0.00977	0.05579	0.01426	0.01328	0.00793	0.00931	0.00662	0.00539	0.00513	0.00135	0.04944	0.00335	0.00268	0.00601
9	0.01049	0.00899	0.01049	0.00749	0.01198	0.00674	0.00599	0.01273	0.01049	0.01648	0.00899	0.01049	0.00749	0.00374	0.00374	0.00075	0.00374	0.00300	0.00300	0.85320
10	0.01410	0.01188	0.01725	0.01384	0.03709	0.02882	0.22402	0.25875	0.12058	0.05671	0.01580	0.10139	0.02647	0.01911	0.00585	0.00173	0.00585	0.02936	0.00421	0.00719
11	0.08141	0.07567	0.17976	0.04106	0.15430	0.04903	0.04219	0.12929	0.08980	0.03480	0.01187	0.02530	0.02299	0.00662	0.03296	0.00177	0.00622	0.00450	0.00325	0.00720
12	0.00677	0.00493	0.00647	0.00722	0.00801	0.00462	0.00538	0.00831	0.01121	0.01496	0.18487	0.42820	0.10204	0.01405	0.00643	0.00199	0.00316	0.17216	0.00486	0.00437
13	0.00676	0.00491	0.00645	0.00713	0.00791	0.00460	0.00527	0.00832	0.01138	0.01530	0.22911	0.42175	0.09189	0.01384	0.00638	0.00196	0.00307	0.14466	0.00492	0.00439
14	0.01286	0.13267	0.29779	0.03089	0.09296	0.08170	0.17810	0.06774	0.01225	0.03290	0.00941	0.01129	0.00714	0.00475	0.00486	0.00151	0.00720	0.00420	0.00259	0.00717
15	0.01146	0.11956	0.26055	0.04482	0.10705	0.01242	0.07047	0.05885	0.10216	0.01622	0.01147	0.01499	0.00950	0.05395	0.02478	0.02166	0.02282	0.02754	0.00289	0.00684
16	0.00767	0.00551	0.00713	0.00770	0.00899	0.00520	0.00634	0.00963	0.01190	0.03394	0.14050	0.11400	0.21278	0.01315	0.00651	0.00203	0.00368	0.39387	0.00484	0.00463
17	0.01227	0.01187	0.02058	0.08723	0.69902	0.01200	0.05181	0.01536	0.01143	0.01624	0.00951	0.01264	0.00790	0.00453	0.00506	0.00152	0.00618	0.00457	0.00249	0.00778
18	0.02909	0.01332	0.06966	0.04669	0.31253	0.06300	0.14634	0.06750	0.06159	0.08297	0.04863	0.01431	0.01046	0.00523	0.00517	0.00156	0.00626	0.00495	0.00330	0.00743

[dist]
# distance from previous block
# <min> <max>
1	6

[block]
# block no. 4 follows, 49 sequences, length 42
# corresponding to MSA columns:
# 1530-1538,1540-1562,1564-1573
name=unknown_E
#
# <colnr> <probs for GDERKNQSTAVLIFYWHMCP>
#	G	D	E	R	K	N	Q	S	T	A	V	L	I	F	Y	W	H	M	C	P
0	0.01020	0.00755	0.00881	0.00786	0.00960	0.00785	0.02383	0.12657	0.12054	0.04514	0.03548	0.06817	0.17220	0.24766	0.08325	0.00320	0.00511	0.00746	0.00418	0.00534
1	0.11756	0.01341	0.01666	0.05194	0.03217	0.13306	0.19656	0.15781	0.05049	0.05497	0.03400	0.01456	0.00993	0.00557	0.00499	0.00154	0.00633	0.03349	0.00357	0.06140
2	0.00735	0.00490	0.00552	0.00552	0.00552	0.00490	0.00306	0.00735	0.00735	0.00980	0.01593	0.03309	0.01838	0.82229	0.02574	0.00490	0.00490	0.00735	0.00306	0.00306
3	0.01219	0.31139	0.01683	0.00832	0.01262	0.01242	0.00732	0.06298	0.01121	0.01568	0.00842	0.00973	0.00717	0.00422	0.00393	0.00095	0.02258	0.00302	0.00280	0.46621
4	0.00719	0.00503	0.00635	0.00644	0.00679	0.00527	0.00423	0.00785	0.00788	0.01075	0.01697	0.09058	0.03647	0.49435	0.26673	0.00561	0.00740	0.00738	0.00312	0.00363
5	0.05817	0.24173	0.13034	0.01593	0.20580	0.01471	0.02629	0.08560	0.01155	0.03109	0.00884	0.01089	0.00732	0.00611	0.02735	0.00167	0.10305	0.00385	0.00267	0.00702
6	0.01166	0.00950	0.01042	0.00957	0.01198	0.01059	0.00752	0.10601	0.45886	0.02035	0.05072	0.08638	0.05735	0.02647	0.00598	0.00186	0.00407	0.09878	0.00499	0.00695
7	0.00653	0.00471	0.00623	0.00710	0.00770	0.00441	0.00505	0.00782	0.01070	0.01433	0.14656	0.57910	0.06846	0.01465	0.00642	0.00200	0.00302	0.09612	0.00483	0.00428
8	0.01030	0.06251	0.76108	0.01415	0.02148	0.01212	0.01823	0.01597	0.01066	0.01583	0.00898	0.01056	0.00641	0.00478	0.00473	0.00158	0.00738	0.00369	0.00214	0.00743
9	0.03288	0.38520	0.06739	0.01283	0.01743	0.01531	0.23794	0.01714	0.03924	0.11421	0.01025	0.01147	0.00791	0.00468	0.00445	0.00139	0.00623	0.00415	0.00293	0.00695
10	0.00745	0.00576	0.00849	0.00839	0.00919	0.00684	0.00652	0.00913	0.00816	0.01179	0.01376	0.05583	0.01327	0.04868	0.69754	0.00738	0.06873	0.00579	0.00277	0.00454
11	0.00765	0.00542	0.00734	0.00834	0.00917	0.00536	0.00677	0.00937	0.01066	0.01395	0.02547	0.20179	0.02845	0.12751	0.00951	0.00264	0.00436	0.50749	0.00444	0.00433
12	0.01205	0.01217	0.04845	0.11773	0.65613	0.01201	0.01535	0.01515	0.01122	0.01598	0.00936	0.01252	0.00777	0.00470	0.00532	0.00155	0.02796	0.00447	0.00245	0.00765
13	0.00955	0.00899	0.01517	0.81013	0.03483	0.01123	0.01404	0.01292	0.01011	0.01292	0.00899	0.01348	0.00674	0.00506	0.00506	0.00169	0.00674	0.00449	0.00225	0.00562
14	0.06037	0.00916	0.01185	0.00913	0.01302	0.00836	0.00754	0.09231	0.01505	0.68984	0.01865	0.01634	0.01184	0.00617	0.00499	0.00156	0.00440	0.00493	0.00601	0.00846
15	0.77826	0.00967	0.00784	0.00687	0.01008	0.01097	0.00566	0.01580	0.00917	0.09635	0.00827	0.00907	0.00615	0.00484	0.00332	0.00156	0.00395	0.00296	0.00343	0.00578
16	0.00598	0.00512	0.00512	0.00512	0.00683	0.00427	0.00384	0.00726	0.01153	0.01366	0.05123	0.04866	0.78869	0.01281	0.00598	0.00171	0.00256	0.01067	0.00470	0.00427
17	0.06203	0.01190	0.01201	0.01043	0.01352	0.04169	0.00822	0.16556	0.56831	0.02292	0.01777	0.01665	0.01327	0.00653	0.00499	0.00165	0.00447	0.00524	0.00492	0.00789
18	0.01685	0.01517	0.01374	0.01153	0.01472	0.19589	0.00914	0.31951	0.25767	0.04246	0.01377	0.01363	0.01028	0.00623	0.00540	0.00156	0.03570	0.00463	0.00444	0.00767
19	0.68633	0.00954	0.00832	0.00713	0.01042	0.01054	0.00588	0.01687	0.00981	0.18126	0.00969	0.01006	0.00692	0.00502	0.00353	0.00156	0.00399	0.00322	0.00377	0.00612
20	0.00723	0.00540	0.00805	0.00805	0.00892	0.00628	0.00622	0.00898	0.00810	0.01168	0.01362	0.02027	0.01282	0.06215	0.77826	0.00803	0.01328	0.00548	0.00272	0.00447
21	0.01107	0.01137	0.02194	0.01675	0.02060	0.01108	0.48025	0.01635	0.12836	0.01662	0.01609	0.04251	0.02779	0.00692	0.00605	0.00183	0.00687	0.14764	0.00343	0.00648
22	0.04037	0.06901	0.44789	0.01556	0.12977	0.01298	0.01522	0.14791	0.04147	0.01900	0.00990	0.01126	0.00732	0.00502	0.00474	0.00154	0.00656	0.00397	0.00284	0.00764
23	0.01252	0.01201	0.02053	0.03104	0.79074	0.01201	0.01552	0.01552	0.01151	0.01652	0.00951	0.01252	0.00801	0.00451	0.00501	0.00150	0.00601	0.00451	0.00250	0.00801
24	0.01033	0.00882	0.01032	0.00747	0.01182	0.00665	0.00594	0.01253	0.01046	0.01635	0.00967	0.03978	0.00843	0.00418	0.00384	0.00080	0.00372	0.00341	0.00306	0.82244
25	0.00943	0.00471	0.00471	0.00471	0.00589	0.00471	0.00353	0.01178	0.01060	0.01885	0.01650	0.01885	0.01296	0.00589	0.00353	0.00118	0.00236	0.00471	0.85036	0.00471
26	0.00616	0.00440	0.00587	0.00704	0.00733	0.00411	0.00469	0.00704	0.00968	0.01291	0.02787	0.81899	0.03344	0.01584	0.00645	0.00205	0.00293	0.01438	0.00469	0.00411
27	0.01638	0.39807	0.02001	0.01099	0.01439	0.43700	0.00925	0.01783	0.01244	0.01215	0.00745	0.00865	0.00650	0.00480	0.00395	0.00120	0.00739	0.00300	0.00240	0.00615
28	0.01049	0.00899	0.01049	0.00749	0.01198	0.00674	0.00599	0.01273	0.01049	0.01648	0.00899	0.01049	0.00749	0.00374	0.00374	0.00075	0.00374	0.00300	0.00300	0.85320
29	0.01124	0.01103	0.06866	0.09916	0.19270	0.04217	0.03406	0.04176	0.15731	0.03713	0.01603	0.14209	0.01493	0.04750	0.01790	0.00196	0.00546	0.04873	0.00364	0.00655
30	0.01420	0.72489	0.02502	0.00914	0.01331	0.08276	0.00878	0.04917	0.01120	0.01282	0.00732	0.00837	0.00658	0.00447	0.00343	0.00112	0.00571	0.00283	0.00233	0.00653
31	0.01220	0.01069	0.08137	0.00990	0.06338	0.00776	0.00797	0.03160	0.01134	0.11264	0.01083	0.02756	0.00859	0.00449	0.00417	0.00102	0.00432	0.00368	0.00337	0.58313
32	0.01123	0.12973	0.41863	0.01386	0.03315	0.04409	0.08069	0.03154	0.01072	0.01500	0.00950	0.04489	0.00789	0.00630	0.02079	0.00174	0.10664	0.00437	0.00239	0.00682
33	0.00943	0.00471	0.00471	0.00471	0.00589	0.00471	0.00353	0.01178	0.01060	0.01885	0.01650	0.01885	0.01296	0.00589	0.00353	0.00118	0.00236	0.00471	0.85036	0.00471
34	0.01049	0.00899	0.01049	0.00749	0.01198	0.00674	0.00599	0.01273	0.01049	0.01648	0.00899	0.01049	0.00749	0.00374	0.00374	0.00075	0.00374	0.00300	0.00300	0.85320
35	0.01218	0.15511	0.36607	0.02899	0.07839	0.04341	0.06506	0.06322	0.02364	0.04592	0.02536	0.05068	0.00925	0.00549	0.00477	0.00152	0.00652	0.00452	0.00279	0.00712
36	0.01321	0.01104	0.01175	0.01041	0.01334	0.01265	0.00822	0.12125	0.64779	0.02223	0.01981	0.01986	0.01523	0.00710	0.00522	0.00172	0.00423	0.04191	0.00511	0.00792
37	0.02252	0.00887	0.01190	0.00912	0.01304	0.00783	0.00754	0.06090	0.01492	0.75735	0.01957	0.01697	0.01233	0.00625	0.00508	0.00156	0.00436	0.00506	0.00620	0.00861
38	0.01074	0.00914	0.01062	0.00761	0.01209	0.00700	0.00610	0.03475	0.01087	0.01692	0.00908	0.01053	0.00752	0.00381	0.00378	0.00077	0.00380	0.00304	0.00306	0.82877
39	0.01889	0.02410	0.01433	0.01303	0.01563	0.80199	0.00977	0.02019	0.01433	0.01238	0.00782	0.00912	0.00651	0.00521	0.00456	0.00130	0.00912	0.00326	0.00261	0.00586
40	0.01152	0.01074	0.01799	0.06475	0.62632	0.01091	0.01363	0.01417	0.01082	0.01538	0.01038	0.01506	0.00927	0.08693	0.05886	0.00227	0.00642	0.00484	0.00256	0.00718
41	0.01428	0.05210	0.03218	0.03985	0.34499	0.29028	0.03673	0.01654	0.01217	0.01438	0.00968	0.04245	0.00863	0.00557	0.00544	0.00150	0.04563	0.01823	0.00262	0.00675

[dist]
# distance from previous block
# <min> <max>
0	1

[block]
# block no. 5 follows, 49 sequences, length 64
# corresponding to MSA columns:
# 1575-1616,1621-1642
name=unknown_F
#
# <colnr> <probs for GDERKNQSTAVLIFYWHMCP>
#	G	D	E	R	K	N	Q	S	T	A	V	L	I	F	Y	W	H	M	C	P
0	0.16737	0.04574	0.01728	0.09240	0.12800	0.01210	0.18762	0.06294	0.13100	0.05032	0.01221	0.05001	0.00982	0.00558	0.00491	0.00162	0.00571	0.00511	0.00341	0.00685
1	0.01199	0.01353	0.04786	0.04093	0.13643	0.04443	0.47490	0.01575	0.02730	0.01553	0.00996	0.01356	0.00795	0.02645	0.00729	0.00179	0.08962	0.00541	0.00256	0.00674
2	0.02275	0.00847	0.04544	0.00794	0.01097	0.02148	0.04627	0.01141	0.02740	0.01669	0.19867	0.06958	0.16982	0.00788	0.00504	0.00134	0.00369	0.00679	0.00399	0.31437
3	0.00943	0.00784	0.00935	0.00738	0.01082	0.00611	0.00572	0.01143	0.01057	0.01598	0.05655	0.16684	0.01511	0.00662	0.00445	0.00108	0.00353	0.02041	0.00350	0.62729
4	0.01384	0.77702	0.02576	0.00892	0.01314	0.06716	0.00872	0.01545	0.01052	0.01193	0.00708	0.00817	0.00649	0.00438	0.00332	0.00109	0.00563	0.00274	0.00219	0.00645
5	0.00666	0.00515	0.00608	0.00584	0.00725	0.00456	0.00438	0.00859	0.01315	0.01751	0.48031	0.04232	0.35720	0.01137	0.00597	0.00164	0.00246	0.00978	0.00520	0.00456
6	0.71190	0.00957	0.00818	0.00706	0.01033	0.01066	0.00582	0.01657	0.00963	0.15764	0.00930	0.00979	0.00671	0.00497	0.00347	0.00156	0.00398	0.00315	0.00368	0.00602
7	0.07552	0.00853	0.01096	0.00870	0.01215	0.00789	0.00711	0.05275	0.03809	0.58230	0.09208	0.01853	0.01536	0.00782	0.03693	0.00183	0.00451	0.00533	0.00576	0.00785
8	0.00956	0.02028	0.55160	0.01242	0.01816	0.01036	0.03164	0.02785	0.02690	0.01605	0.04981	0.01880	0.14653	0.00663	0.00546	0.00164	0.03139	0.00532	0.00286	0.00675
9	0.00616	0.00440	0.00587	0.00704	0.00733	0.00411	0.00469	0.00704	0.00968	0.01291	0.02787	0.81899	0.03344	0.01584	0.00645	0.00205	0.00293	0.01438	0.00469	0.00411
10	0.01448	0.01143	0.01223	0.01050	0.01366	0.01296	0.00831	0.18209	0.58474	0.06297	0.01879	0.01738	0.01387	0.00667	0.00512	0.00167	0.00434	0.00544	0.00518	0.00816
11	0.55391	0.01188	0.01019	0.00880	0.01158	0.08651	0.00718	0.11650	0.01105	0.02154	0.00774	0.00921	0.00615	0.00548	0.00532	0.00162	0.11293	0.00326	0.00322	0.00594
12	0.85801	0.00978	0.00743	0.00665	0.00978	0.01134	0.00548	0.01486	0.00861	0.02269	0.00704	0.00821	0.00548	0.00469	0.00313	0.00156	0.00391	0.00274	0.00313	0.00548
13	0.00943	0.00471	0.00471	0.00471	0.00589	0.00471	0.00353	0.01178	0.01060	0.01885	0.01650	0.01885	0.01296	0.00589	0.00353	0.00118	0.00236	0.00471	0.85036	0.00471
14	0.00754	0.00588	0.00873	0.00855	0.00938	0.00708	0.00671	0.00929	0.00810	0.01177	0.01298	0.01914	0.01215	0.03553	0.73753	0.00764	0.07941	0.00534	0.00267	0.00460
15	0.83252	0.00991	0.00767	0.00680	0.00996	0.01148	0.00560	0.03793	0.00907	0.02297	0.00720	0.00833	0.00557	0.00474	0.00319	0.00156	0.00396	0.00279	0.00319	0.00557
16	0.00733	0.00499	0.00595	0.00595	0.00610	0.00514	0.00361	0.00763	0.00748	0.01013	0.01553	0.03089	0.01743	0.69151	0.15521	0.00544	0.00634	0.00703	0.00300	0.00331
17	0.02199	0.00843	0.01149	0.00891	0.01267	0.00729	0.00732	0.02390	0.01427	0.76110	0.02029	0.05123	0.01341	0.00667	0.00514	0.00159	0.00424	0.00548	0.00619	0.00841
18	0.02174	0.00906	0.01189	0.00923	0.01307	0.00825	0.00759	0.06318	0.07322	0.69649	0.01960	0.01708	0.01254	0.00629	0.00509	0.00157	0.00434	0.00511	0.00611	0.00856
19	0.01449	0.01269	0.01857	0.02595	0.59680	0.08661	0.01373	0.01742	0.02806	0.12032	0.01098	0.01295	0.00862	0.00486	0.00498	0.00150	0.00603	0.00449	0.00307	0.00789
20	0.00746	0.00572	0.00839	0.00826	0.00904	0.00678	0.00638	0.00910	0.00805	0.01163	0.01329	0.02025	0.01268	0.09061	0.70095	0.00755	0.06118	0.00549	0.00270	0.00448
21	0.00815	0.00582	0.00815	0.00931	0.01048	0.00582	0.00815	0.01048	0.01164	0.01513	0.02677	0.05704	0.02910	0.01397	0.00698	0.00233	0.00466	0.75671	0.00466	0.00466
22	0.01108	0.01112	0.01583	0.01347	0.01359	0.01542	0.02925	0.01227	0.00784	0.01227	0.00672	0.01112	0.00666	0.00874	0.01634	0.00220	0.79381	0.00446	0.00222	0.00556
23	0.00878	0.00439	0.00659	0.00659	0.00659	0.00439	0.00439	0.00659	0.00659	0.00878	0.00878	0.01537	0.00878	0.01757	0.01976	0.85288	0.00439	0.00439	0.00220	0.00220
24	0.01049	0.00899	0.01049	0.00749	0.01198	0.00674	0.00599	0.01273	0.01049	0.01648	0.00899	0.01049	0.00749	0.00374	0.00374	0.00075	0.00374	0.00300	0.00300	0.85320
25	0.01026	0.02543	0.75637	0.01526	0.06126	0.01176	0.01852	0.01599	0.01072	0.01604	0.00910	0.01077	0.00649	0.00479	0.00481	0.00160	0.00740	0.00378	0.00215	0.00750
26	0.04471	0.12150	0.55181	0.01446	0.02101	0.01290	0.13345	0.01589	0.01074	0.01580	0.00892	0.01072	0.00657	0.00466	0.00473	0.00155	0.00724	0.00392	0.00224	0.00717
27	0.00616	0.00440	0.00587	0.00704	0.00733	0.00411	0.00469	0.00704	0.00968	0.01291	0.02787	0.81899	0.03344	0.01584	0.00645	0.00205	0.00293	0.01438	0.00469	0.00411
28	0.00624	0.00500	0.00557	0.00570	0.00706	0.00434	0.00417	0.00766	0.01173	0.01479	0.18798	0.18501	0.51123	0.01288	0.00606	0.00175	0.00259	0.01105	0.00486	0.00434
29	0.00706	0.00511	0.00666	0.00639	0.00752	0.00471	0.00475	0.00932	0.01392	0.01961	0.71816	0.09478	0.06141	0.01079	0.00600	0.00163	0.00243	0.00956	0.00549	0.00471
30	0.85801	0.00978	0.00743	0.00665	0.00978	0.01134	0.00548	0.01486	0.00861	0.02269	0.00704	0.00821	0.00548	0.00469	0.00313	0.00156	0.00391	0.00274	0.00313	0.00548
31	0.85801	0.00978	0.00743	0.00665	0.00978	0.01134	0.00548	0.01486	0.00861	0.02269	0.00704	0.00821	0.00548	0.00469	0.00313	0.00156	0.00391	0.00274	0.00313	0.00548
32	0.05019	0.00749	0.00966	0.00791	0.01083	0.00676	0.00636	0.01878	0.03683	0.46435	0.23933	0.02501	0.07872	0.00785	0.00532	0.00159	0.00361	0.00657	0.00579	0.00706
33	0.01219	0.01272	0.07270	0.03537	0.29052	0.02688	0.13096	0.04215	0.23106	0.01833	0.06408	0.01597	0.01254	0.00562	0.00524	0.00161	0.00576	0.00531	0.00352	0.00750
34	0.01070	0.01040	0.01717	0.40158	0.19471	0.01254	0.05246	0.01347	0.00993	0.01369	0.00858	0.01268	0.00704	0.00583	0.00795	0.00178	0.20644	0.00455	0.00231	0.00618
35	0.01889	0.02410	0.01433	0.01303	0.01563	0.80199	0.00977	0.02019	0.01433	0.01238	0.00782	0.00912	0.00651	0.00521	0.00456	0.00130	0.00912	0.00326	0.00261	0.00586
36	0.01220	0.01205	0.04898	0.28303	0.40853	0.03119	0.01434	0.08234	0.02830	0.01668	0.00975	0.01278	0.00770	0.00490	0.00501	0.00157	0.00630	0.00447	0.00269	0.00720
37	0.01407	0.01191	0.01219	0.01059	0.01362	0.04457	0.00832	0.18831	0.56220	0.02287	0.01846	0.04193	0.01415	0.00690	0.00514	0.00167	0.00451	0.00564	0.00501	0.00793
38	0.60878	0.01073	0.01026	0.03276	0.01245	0.01220	0.03813	0.15621	0.01172	0.03984	0.00844	0.00957	0.00635	0.00505	0.00395	0.00158	0.01897	0.00334	0.00349	0.00618
39	0.01166	0.01015	0.01453	0.01236	0.01301	0.01339	0.03246	0.01305	0.00880	0.08517	0.04068	0.01361	0.00945	0.01119	0.08644	0.00265	0.60808	0.00482	0.00278	0.00573
40	0.00610	0.00464	0.00562	0.00640	0.00717	0.00416	0.00441	0.00711	0.01030	0.01316	0.03565	0.56232	0.28509	0.01483	0.00630	0.00194	0.00281	0.01314	0.00469	0.00416
41	0.01147	0.01091	0.01753	0.28466	0.23678	0.01200	0.10937	0.01772	0.21326	0.01649	0.01233	0.01465	0.00949	0.00528	0.00518	0.00164	0.00605	0.00501	0.00312	0.00706
42	0.01243	0.01211	0.03471	0.31537	0.18847	0.05304	0.07404	0.11819	0.04412	0.01684	0.00985	0.01284	0.00767	0.00540	0.00604	0.00165	0.07302	0.00459	0.00284	0.00677
43	0.02269	0.00861	0.01174	0.00900	0.01291	0.00743	0.00743	0.02464	0.01447	0.79425	0.01995	0.01721	0.01252	0.00626	0.00509	0.00156	0.00430	0.00509	0.00626	0.00861
44	0.01483	0.01146	0.05750	0.11726	0.33415	0.01084	0.07106	0.01772	0.01198	0.23955	0.01233	0.01390	0.00897	0.00531	0.00573	0.00160	0.04992	0.00474	0.00352	0.00764
45	0.10253	0.00872	0.01132	0.00877	0.01261	0.00781	0.00725	0.02371	0.01391	0.72050	0.01872	0.01635	0.01184	0.00611	0.00490	0.00156	0.00427	0.00486	0.00596	0.00831
46	0.00616	0.00442	0.00585	0.00699	0.00732	0.00411	0.00467	0.00705	0.00973	0.01293	0.02849	0.79868	0.05335	0.01576	0.00644	0.00204	0.00292	0.01428	0.00469	0.00411
47	0.01194	0.01364	0.02984	0.02131	0.02643	0.01279	0.77238	0.01620	0.01194	0.01620	0.01023	0.01364	0.00767	0.00426	0.00597	0.00171	0.00853	0.00597	0.00256	0.00682
48	0.01394	0.01154	0.01220	0.01057	0.01367	0.01321	0.00833	0.17949	0.62678	0.02334	0.01886	0.01749	0.01404	0.00670	0.00513	0.00167	0.00432	0.00548	0.00513	0.00813
49	0.00716	0.00517	0.00676	0.00636	0.00755	0.00477	0.00477	0.00954	0.01431	0.02028	0.78808	0.03777	0.04771	0.01034	0.00596	0.00159	0.00239	0.00914	0.00557	0.00477
50	0.00684	0.00509	0.00636	0.00619	0.00740	0.00461	0.00459	0.00887	0.01335	0.01832	0.57625	0.11300	0.18781	0.01132	0.00601	0.00166	0.00247	0.00993	0.00532	0.00461
51	0.01189	0.01396	0.04945	0.02114	0.02631	0.01276	0.75309	0.01619	0.01190	0.01619	0.01020	0.01356	0.00764	0.00428	0.00594	0.00170	0.00850	0.00591	0.00255	0.00684
52	0.00616	0.00442	0.00585	0.00698	0.00732	0.00411	0.00467	0.00705	0.00974	0.01293	0.02856	0.79630	0.05569	0.01575	0.00644	0.00204	0.00292	0.01427	0.00469	0.00411
53	0.00807	0.00576	0.00806	0.00922	0.01035	0.00575	0.00801	0.01034	0.01156	0.01504	0.02682	0.08748	0.02928	0.01404	0.00696	0.00232	0.00459	0.72705	0.00466	0.00463
54	0.58816	0.07024	0.01004	0.00777	0.01100	0.01247	0.00643	0.06256	0.15365	0.02216	0.00987	0.01043	0.00759	0.00515	0.00363	0.00155	0.00414	0.00340	0.00355	0.00621
55	0.01062	0.02469	0.72007	0.01550	0.07823	0.01166	0.01818	0.01619	0.01083	0.03487	0.00937	0.01097	0.00667	0.00482	0.00483	0.00159	0.00729	0.00383	0.00226	0.00754
56	0.01063	0.01022	0.01612	0.44394	0.21775	0.02942	0.01340	0.01338	0.01008	0.01356	0.00903	0.01361	0.00753	0.04017	0.00766	0.00185	0.12865	0.00458	0.00235	0.00610
57	0.01014	0.02616	0.79609	0.01441	0.02189	0.01174	0.01868	0.01601	0.01068	0.01601	0.00907	0.01068	0.00641	0.00480	0.00480	0.00160	0.00747	0.00374	0.00214	0.00747
58	0.00696	0.00494	0.00664	0.00770	0.00827	0.00478	0.00576	0.00827	0.01016	0.01341	0.02642	0.48170	0.03058	0.08715	0.00836	0.00240	0.00371	0.27403	0.00454	0.00421
59	0.00752	0.00573	0.00818	0.00802	0.00869	0.00672	0.00607	0.00895	0.00796	0.01142	0.01349	0.02165	0.01326	0.17907	0.60427	0.00712	0.06915	0.00570	0.00274	0.00432
60	0.01186	0.34887	0.45396	0.01203	0.01804	0.04670	0.01428	0.01583	0.01066	0.01421	0.00820	0.00958	0.00644	0.00463	0.00416	0.00138	0.00670	0.00330	0.00217	0.00701
61	0.00828	0.00591	0.00834	0.00775	0.00865	0.00614	0.05104	0.00976	0.03198	0.04291	0.02903	0.07751	0.01694	0.38320	0.28494	0.00533	0.00783	0.00696	0.00325	0.00425
62	0.00819	0.00455	0.00659	0.00673	0.00686	0.00461	0.00454	0.00697	0.00718	0.00967	0.01210	0.11053	0.01284	0.08335	0.10624	0.59249	0.00529	0.00590	0.00261	0.00275
63	0.01731	0.01268	0.02980	0.04298	0.01519	0.13267	0.05519	0.22309	0.03201	0.24822	0.03531	0.08771	0.01269	0.00708	0.00550	0.01945	0.00563	0.00561	0.00463	0.00727

[dist]
# distance from previous block
# <min> <max>
0	2

[block]
# block no. 6 follows, 49 sequences, length 36
# corresponding to MSA columns:
# 1645-1672,1688-1695
name=unknown_G
#
# <colnr> <probs for GDERKNQSTAVLIFYWHMCP>
#	G	D	E	R	K	N	Q	S	T	A	V	L	I	F	Y	W	H	M	C	P
0	0.14263	0.25942	0.13426	0.01082	0.01476	0.23043	0.03935	0.01649	0.01135	0.03821	0.00924	0.05473	0.00807	0.00540	0.00416	0.00139	0.00646	0.00387	0.00271	0.00625
1	0.01372	0.04648	0.01450	0.01216	0.02729	0.11108	0.00968	0.11801	0.26801	0.01783	0.01220	0.01346	0.00982	0.00712	0.00905	0.00179	0.29266	0.00466	0.00361	0.00688
2	0.00754	0.03413	0.00869	0.00813	0.00914	0.00670	0.00641	0.00924	0.00837	0.01185	0.01407	0.02191	0.01346	0.04882	0.69140	0.02816	0.01232	0.05233	0.00281	0.00451
3	0.01236	0.01186	0.02024	0.07198	0.75102	0.01197	0.01544	0.01538	0.01144	0.01633	0.00948	0.01257	0.00794	0.00453	0.00501	0.00151	0.00605	0.00450	0.00249	0.00788
4	0.00768	0.00576	0.00719	0.00673	0.00811	0.00557	0.00508	0.01127	0.09376	0.02017	0.68641	0.03614	0.06661	0.01005	0.00588	0.00161	0.00256	0.00884	0.00550	0.00509
5	0.01065	0.01147	0.06371	0.01344	0.04058	0.01418	0.01118	0.01215	0.00816	0.01257	0.00810	0.04292	0.00805	0.01035	0.05910	0.00247	0.65812	0.00483	0.00234	0.00563
6	0.01138	0.01093	0.01543	0.06295	0.01492	0.01467	0.03130	0.06776	0.00920	0.01374	0.00765	0.01184	0.00714	0.00985	0.05700	0.00243	0.63908	0.00453	0.00246	0.00574
7	0.00722	0.00563	0.00614	0.00601	0.00761	0.00513	0.00449	0.00960	0.07029	0.03392	0.14873	0.06951	0.50735	0.06322	0.00719	0.00192	0.00292	0.03366	0.00479	0.00466
8	0.40101	0.28490	0.09809	0.00860	0.01268	0.01458	0.00832	0.07805	0.01074	0.03301	0.00791	0.00893	0.00630	0.00472	0.00354	0.00140	0.00493	0.00302	0.00292	0.00634
9	0.00878	0.00439	0.00659	0.00659	0.00659	0.00439	0.00439	0.00659	0.00659	0.00878	0.00878	0.01537	0.00878	0.01757	0.01976	0.85288	0.00439	0.00439	0.00220	0.00220
10	0.01576	0.04594	0.01367	0.01114	0.01436	0.16416	0.00884	0.24380	0.38369	0.02226	0.01515	0.01462	0.01139	0.00622	0.00493	0.00155	0.00549	0.00479	0.00452	0.00771
11	0.01132	0.01203	0.02363	0.01750	0.04044	0.01125	0.51527	0.01487	0.01156	0.01629	0.05843	0.01437	0.01009	0.00481	0.00611	0.00154	0.05226	0.00547	0.00281	0.16996
12	0.01057	0.12726	0.69873	0.01368	0.02076	0.01279	0.01741	0.01590	0.01063	0.01549	0.00882	0.01035	0.00642	0.00474	0.00461	0.00154	0.00721	0.00361	0.00214	0.00735
13	0.01275	0.01182	0.02009	0.05272	0.74421	0.01185	0.01522	0.01574	0.01157	0.04123	0.00983	0.01269	0.00812	0.00458	0.00501	0.00151	0.00597	0.00452	0.00262	0.00796
14	0.02269	0.00861	0.01174	0.00900	0.01291	0.00743	0.00743	0.02464	0.01447	0.79425	0.01995	0.01721	0.01252	0.00626	0.00509	0.00156	0.00430	0.00509	0.00626	0.00861
15	0.02022	0.01030	0.01253	0.00979	0.01356	0.01020	0.00803	0.23791	0.09234	0.47699	0.04180	0.01657	0.01279	0.00639	0.00511	0.00157	0.00457	0.00512	0.00579	0.00843
16	0.01061	0.01158	0.16238	0.02664	0.05609	0.00868	0.13397	0.01406	0.04439	0.09833	0.06254	0.20296	0.04073	0.00941	0.02154	0.00191	0.02227	0.06189	0.00384	0.00619
17	0.00696	0.00516	0.00649	0.00616	0.00743	0.00469	0.00462	0.00917	0.01385	0.01919	0.66641	0.03957	0.17006	0.01075	0.00597	0.00161	0.00241	0.00940	0.00542	0.00469
18	0.00629	0.00449	0.00601	0.00718	0.00753	0.00421	0.00491	0.00726	0.00980	0.01305	0.02780	0.77132	0.03317	0.01573	0.00649	0.00207	0.00304	0.06082	0.00469	0.00414
19	0.01394	0.19063	0.30512	0.01328	0.04733	0.27835	0.01305	0.01731	0.02674	0.01394	0.00839	0.00986	0.00670	0.00499	0.00477	0.00141	0.03165	0.00345	0.00237	0.00670
20	0.01758	0.01037	0.01205	0.00994	0.01338	0.01088	0.00798	0.12345	0.36855	0.33914	0.01922	0.01731	0.01335	0.00651	0.00511	0.00163	0.00433	0.00531	0.00559	0.00833
21	0.00878	0.00439	0.00659	0.00659	0.00659	0.00439	0.00439	0.00659	0.00659	0.00878	0.00878	0.01537	0.00878	0.01757	0.01976	0.85288	0.00439	0.00439	0.00220	0.00220
22	0.01183	0.01434	0.07279	0.02093	0.02617	0.01273	0.73013	0.01619	0.01186	0.01619	0.01017	0.01347	0.00760	0.00429	0.00590	0.00170	0.00847	0.00584	0.00253	0.00686
23	0.01068	0.01024	0.01654	0.55082	0.24510	0.02986	0.01418	0.01422	0.03276	0.01415	0.00944	0.01326	0.00734	0.00496	0.00503	0.00163	0.00651	0.00450	0.00241	0.00636
