[name]
unknown

[dist]
# distance from previous block
# <min> <max>
0	368

[block]
# block no. 0 follows, 52 sequences, length 55
# corresponding to MSA columns:
# 369-423
name=unknown_A
#
# <colnr> <probs for GDERKNQSTAVLIFYWHMCP>
#	G	D	E	R	K	N	Q	S	T	A	V	L	I	F	Y	W	H	M	C	P
0	0.01087	0.04650	0.29967	0.01015	0.01452	0.00994	0.01066	0.17543	0.01329	0.01867	0.10552	0.05741	0.06787	0.00661	0.00479	0.00144	0.00504	0.02107	0.02110	0.09945
1	0.01116	0.28057	0.42365	0.01123	0.01683	0.03330	0.01303	0.02784	0.01035	0.01425	0.00805	0.00942	0.00632	0.00444	0.00419	0.00129	0.01898	0.00320	0.00220	0.09970
2	0.01056	0.22857	0.55260	0.01196	0.01816	0.01293	0.01463	0.01492	0.01012	0.01438	0.00819	0.00960	0.00623	0.00442	0.00416	0.00135	0.00642	0.00328	0.00211	0.06541
3	0.02233	0.02901	0.12884	0.00803	0.03465	0.00658	0.00701	0.03733	0.02127	0.01708	0.36550	0.06433	0.22091	0.00931	0.00539	0.00156	0.00342	0.00795	0.00436	0.00514
4	0.00965	0.04912	0.74590	0.01334	0.02011	0.01118	0.01703	0.01495	0.01018	0.01510	0.00942	0.04550	0.00726	0.00505	0.00463	0.00154	0.00691	0.00399	0.00215	0.00699
5	0.00992	0.00848	0.00991	0.00716	0.01135	0.00638	0.00570	0.01203	0.01002	0.01569	0.00917	0.03529	0.00795	0.00395	0.00367	0.00076	0.00356	0.00321	0.00292	0.83288
6	0.01091	0.01034	0.01751	0.21168	0.56673	0.01082	0.01383	0.01373	0.01060	0.01479	0.01021	0.06812	0.00907	0.00519	0.00490	0.00152	0.00572	0.00496	0.00249	0.00689
7	0.00618	0.00433	0.00554	0.00639	0.00660	0.00412	0.00412	0.00682	0.00873	0.01165	0.02392	0.63292	0.02854	0.21359	0.01069	0.00263	0.00327	0.01214	0.00412	0.00369
8	0.01199	0.01151	0.01967	0.02974	0.79946	0.01151	0.01487	0.01487	0.01103	0.01583	0.00912	0.01199	0.00768	0.00432	0.00480	0.00144	0.00576	0.00432	0.00240	0.00768
9	0.00693	0.00518	0.00773	0.00773	0.00857	0.00602	0.00598	0.00861	0.00777	0.01120	0.01304	0.01935	0.01225	0.05612	0.79090	0.00771	0.01277	0.00524	0.00260	0.00429
10	0.03553	0.09640	0.01219	0.00898	0.01103	0.00806	0.11273	0.01131	0.01162	0.05894	0.30602	0.12177	0.07927	0.00901	0.00597	0.00162	0.04852	0.05170	0.00417	0.00517
11	0.00915	0.00861	0.01453	0.81804	0.03338	0.01077	0.01346	0.01238	0.00969	0.01238	0.00861	0.01292	0.00646	0.00484	0.00484	0.00161	0.00646	0.00431	0.00215	0.00538
12	0.00651	0.00486	0.00619	0.00698	0.00790	0.00453	0.00538	0.00795	0.01047	0.01347	0.05647	0.35673	0.22010	0.01371	0.00622	0.00196	0.00325	0.25864	0.00451	0.00417
13	0.15294	0.01021	0.03734	0.16803	0.07874	0.01039	0.03396	0.11539	0.06909	0.24264	0.01327	0.01376	0.02236	0.00542	0.00459	0.00153	0.00497	0.00441	0.00400	0.00696
14	0.01694	0.02092	0.01318	0.01195	0.01418	0.69784	0.00904	0.01825	0.01303	0.01227	0.00798	0.00951	0.00667	0.00529	0.00513	0.00130	0.06658	0.00330	0.06109	0.00552
15	0.04037	0.72970	0.02371	0.00852	0.01254	0.05283	0.00826	0.04196	0.01048	0.02490	0.00714	0.00809	0.00635	0.00428	0.00325	0.00108	0.00528	0.00271	0.00228	0.00627
16	0.00610	0.00442	0.00577	0.00651	0.00705	0.00408	0.00447	0.00728	0.01034	0.01395	0.19565	0.61175	0.07692	0.01387	0.00606	0.00185	0.00268	0.01249	0.00468	0.00408
17	0.01099	0.05188	0.15257	0.12392	0.24339	0.03156	0.18995	0.01488	0.04444	0.01486	0.01051	0.03958	0.01905	0.00506	0.00523	0.00155	0.02654	0.00485	0.00251	0.00668
18	0.06270	0.07468	0.06851	0.02186	0.08106	0.29670	0.01838	0.05365	0.05688	0.02753	0.02451	0.01220	0.03241	0.00688	0.03581	0.00170	0.11164	0.00400	0.00283	0.00606
19	0.00588	0.00494	0.00512	0.00514	0.00672	0.00418	0.00389	0.00721	0.01122	0.01355	0.09660	0.04626	0.72030	0.01216	0.00576	0.00165	0.00252	0.03821	0.00455	0.00414
20	0.00601	0.00428	0.00567	0.00665	0.00698	0.00401	0.00445	0.00692	0.00950	0.01275	0.07917	0.74426	0.03248	0.04354	0.00680	0.00203	0.00284	0.01320	0.00450	0.00394
21	0.04886	0.01254	0.03456	0.01383	0.09347	0.16436	0.18138	0.06101	0.08921	0.01605	0.05141	0.14167	0.01399	0.03129	0.00568	0.00165	0.00587	0.00621	0.02097	0.00599
22	0.01481	0.01522	0.04947	0.01902	0.33946	0.24076	0.01165	0.07623	0.10024	0.07033	0.01070	0.01195	0.00834	0.00501	0.00469	0.00142	0.00631	0.00411	0.00313	0.00714
23	0.01250	0.62734	0.05532	0.00859	0.01247	0.01691	0.00837	0.03751	0.08823	0.01329	0.00887	0.00986	0.00761	0.00566	0.03189	0.00137	0.00528	0.00315	0.03946	0.00632
24	0.04952	0.00919	0.01117	0.00880	0.01210	0.00900	0.00718	0.23093	0.01610	0.42306	0.15267	0.01828	0.01661	0.00658	0.00494	0.00149	0.00412	0.00533	0.00545	0.00749
25	0.01381	0.00651	0.00842	0.00707	0.00955	0.00569	0.00561	0.01566	0.01311	0.39528	0.24609	0.04744	0.17578	0.00855	0.00529	0.00154	0.00322	0.00723	0.01792	0.00623
26	0.01626	0.01257	0.01385	0.01190	0.06133	0.01399	0.00912	0.52634	0.23590	0.02680	0.01374	0.01345	0.01003	0.00594	0.00487	0.00151	0.00494	0.00467	0.00472	0.00805
27	0.00987	0.00481	0.00512	0.00493	0.00624	0.00476	0.00375	0.01208	0.01034	0.07414	0.01594	0.01799	0.01238	0.00681	0.03349	0.00140	0.00279	0.00457	0.76380	0.00478
28	0.00736	0.00572	0.00603	0.00575	0.00744	0.00527	0.00435	0.08749	0.01222	0.01558	0.08689	0.10309	0.55202	0.01122	0.00550	0.00160	0.00276	0.00941	0.06575	0.00457
29	0.03401	0.00866	0.01094	0.00852	0.01199	0.00808	0.00700	0.13549	0.01470	0.58935	0.01743	0.01579	0.01137	0.00591	0.00468	0.00145	0.00410	0.00472	0.09801	0.00779
30	0.00837	0.00530	0.00689	0.00629	0.00774	0.00481	0.00479	0.01054	0.01357	0.10194	0.66964	0.03474	0.08736	0.00964	0.00563	0.00153	0.00249	0.00844	0.00535	0.00493
31	0.01070	0.01059	0.01458	0.01253	0.01271	0.01465	0.01040	0.01263	0.06119	0.01225	0.00728	0.01112	0.00694	0.00835	0.01515	0.00209	0.76475	0.00433	0.00231	0.00546
32	0.01099	0.00923	0.01043	0.00807	0.01184	0.00828	0.00639	0.07438	0.18557	0.01780	0.01200	0.04227	0.00989	0.00486	0.00408	0.00103	0.00375	0.00397	0.00354	0.57163
33	0.01187	0.01139	0.01945	0.06334	0.76682	0.01148	0.01481	0.01477	0.01098	0.01568	0.00909	0.01203	0.00762	0.00434	0.00480	0.00145	0.00579	0.00432	0.00239	0.00758
34	0.00687	0.00468	0.00528	0.00537	0.00550	0.00460	0.00310	0.00702	0.00748	0.00987	0.01843	0.09081	0.07220	0.71408	0.02202	0.00429	0.00441	0.00776	0.00316	0.00309
35	0.00601	0.00452	0.00558	0.00617	0.00694	0.00408	0.00430	0.00719	0.01046	0.01371	0.15812	0.49672	0.23144	0.01357	0.00599	0.00181	0.00263	0.01204	0.00464	0.00408
36	0.00816	0.00463	0.00467	0.00466	0.00591	0.00441	0.00349	0.01017	0.01048	0.01690	0.04716	0.02557	0.20465	0.00739	0.00403	0.00126	0.00231	0.00603	0.62369	0.00441
37	0.00624	0.00457	0.00562	0.00617	0.00682	0.00423	0.00425	0.00725	0.00988	0.01296	0.11819	0.42392	0.18377	0.13955	0.00891	0.00228	0.00304	0.04406	0.00435	0.00391
38	0.86392	0.00937	0.00712	0.00637	0.00937	0.01087	0.00525	0.01425	0.00825	0.02174	0.00675	0.00787	0.00525	0.00450	0.00300	0.00150	0.00375	0.00262	0.00300	0.00525
39	0.01523	0.01279	0.01253	0.01055	0.01370	0.09589	0.00838	0.29358	0.41463	0.04633	0.01557	0.01478	0.01150	0.00612	0.00484	0.00153	0.00488	0.00482	0.00468	0.00768
40	0.01162	0.08288	0.01530	0.02426	0.01349	0.09426	0.09384	0.06590	0.04366	0.01337	0.00942	0.01456	0.00891	0.15062	0.01261	0.00226	0.33023	0.00470	0.00264	0.00544
41	0.00817	0.00457	0.00688	0.06815	0.00852	0.00470	0.00501	0.00689	0.00700	0.00929	0.01088	0.11041	0.01139	0.01567	0.01615	0.67806	0.00422	0.01898	0.00243	0.00261
42	0.86392	0.00937	0.00712	0.00637	0.00937	0.01087	0.00525	0.01425	0.00825	0.02174	0.00675	0.00787	0.00525	0.00450	0.00300	0.00150	0.00375	0.00262	0.00300	0.00525
43	0.02994	0.06406	0.01134	0.16165	0.05208	0.00860	0.00833	0.07464	0.02315	0.09573	0.18477	0.05230	0.02120	0.00821	0.00527	0.00165	0.00439	0.16526	0.02175	0.00566
44	0.00595	0.00490	0.00523	0.00518	0.00669	0.00418	0.00387	0.00737	0.01152	0.01430	0.19250	0.06074	0.63706	0.01188	0.00573	0.00162	0.00243	0.01002	0.00466	0.00418
45	0.00974	0.00920	0.01293	0.01135	0.01158	0.01255	0.00935	0.01099	0.00760	0.01181	0.00815	0.01271	0.00784	0.01443	0.18820	0.00332	0.61481	0.00446	0.03394	0.00506
46	0.00603	0.00449	0.00559	0.00633	0.00700	0.00410	0.00440	0.00708	0.00995	0.01293	0.07450	0.54285	0.21042	0.03984	0.00666	0.00196	0.00283	0.04455	0.00449	0.00400
47	0.00610	0.00431	0.00560	0.00651	0.00678	0.00407	0.00427	0.00686	0.00908	0.01214	0.04704	0.68755	0.03033	0.13431	0.00888	0.00236	0.00307	0.01265	0.00429	0.00381
48	0.01296	0.83261	0.02539	0.00829	0.01244	0.01917	0.00829	0.01451	0.00985	0.01140	0.00674	0.00777	0.00622	0.00415	0.00311	0.00104	0.00518	0.00259	0.00207	0.00622
49	0.01047	0.01038	0.01449	0.01245	0.01245	0.01447	0.01032	0.01149	0.00741	0.01158	0.00669	0.01139	0.00678	0.03900	0.01623	0.00222	0.79049	0.00435	0.00215	0.00521
50	0.01080	0.04061	0.22366	0.01795	0.04152	0.01180	0.50950	0.01501	0.01097	0.01521	0.01022	0.05088	0.00819	0.00475	0.00536	0.00160	0.00751	0.00543	0.00243	0.00659
51	0.86392	0.00937	0.00712	0.00637	0.00937	0.01087	0.00525	0.01425	0.00825	0.02174	0.00675	0.00787	0.00525	0.00450	0.00300	0.00150	0.00375	0.00262	0.00300	0.00525
52	0.01810	0.02310	0.01373	0.01248	0.01498	0.81024	0.00936	0.01935	0.01373	0.01186	0.00749	0.00874	0.00624	0.00499	0.00437	0.00125	0.00874	0.00312	0.00250	0.00562
53	0.03412	0.01200	0.01100	0.03477	0.02466	0.16282	0.00758	0.21081	0.17215	0.01970	0.09659	0.03390	0.12564	0.00721	0.00493	0.00149	0.00485	0.00575	0.02367	0.00634
54	0.00774	0.02135	0.00696	0.00628	0.00775	0.06006	0.00476	0.00965	0.01289	0.03083	0.50389	0.03591	0.24012	0.00995	0.00553	0.00152	0.00286	0.00851	0.01885	0.00461

[dist]
# distance from previous block
# <min> <max>
2	11

[block]
# block no. 1 follows, 52 sequences, length 40
# corresponding to MSA columns:
# 435-474
name=unknown_B
#
# <colnr> <probs for GDERKNQSTAVLIFYWHMCP>
#	G	D	E	R	K	N	Q	S	T	A	V	L	I	F	Y	W	H	M	C	P
0	0.02821	0.09651	0.23414	0.04820	0.13204	0.05676	0.06005	0.10039	0.10165	0.05069	0.01070	0.01225	0.00818	0.00513	0.00490	0.00149	0.02590	0.01277	0.00301	0.00706
1	0.00744	0.05315	0.07934	0.04724	0.01072	0.02916	0.03870	0.00896	0.00950	0.01252	0.02120	0.56524	0.02447	0.06047	0.00683	0.00199	0.00401	0.01076	0.00380	0.00452
2	0.01076	0.01111	0.01851	0.15639	0.11122	0.06557	0.28502	0.01348	0.01026	0.01368	0.00977	0.01458	0.00841	0.10166	0.03152	0.00208	0.06103	0.00497	0.00247	0.06749
3	0.04894	0.00905	0.01171	0.01020	0.07121	0.00840	0.00762	0.08568	0.06026	0.49145	0.01630	0.03574	0.01124	0.00580	0.00469	0.00142	0.00422	0.00474	0.00506	0.10629
4	0.01060	0.01060	0.01484	0.01272	0.01272	0.01484	0.01060	0.01166	0.00742	0.01166	0.00636	0.01060	0.00636	0.00848	0.01590	0.00212	0.82082	0.00424	0.00212	0.00530
5	0.01350	0.01000	0.01125	0.00957	0.01254	0.01090	0.02702	0.12860	0.47013	0.12568	0.02164	0.02012	0.10328	0.00698	0.00502	0.00160	0.00403	0.00579	0.00495	0.00739
6	0.00671	0.00498	0.00627	0.00614	0.00726	0.00461	0.00453	0.00894	0.03282	0.01760	0.56805	0.15556	0.13661	0.01091	0.00577	0.00161	0.00243	0.00961	0.00509	0.00450
7	0.07404	0.03054	0.01175	0.00890	0.01250	0.00914	0.00734	0.15246	0.04602	0.54799	0.01695	0.03620	0.01141	0.00609	0.00474	0.00150	0.00429	0.00484	0.00543	0.00787
8	0.00671	0.00495	0.00628	0.00594	0.00715	0.00451	0.00446	0.00886	0.01337	0.01861	0.70038	0.03755	0.14276	0.01021	0.00572	0.00154	0.00231	0.00895	0.00523	0.00451
9	0.01810	0.02310	0.01373	0.01248	0.01498	0.81024	0.00936	0.01935	0.01373	0.01186	0.00749	0.00874	0.00624	0.00499	0.00437	0.00125	0.00874	0.00312	0.00250	0.00562
10	0.01152	0.01384	0.08648	0.05315	0.14589	0.04701	0.47474	0.01514	0.01099	0.01497	0.00919	0.01229	0.00714	0.00458	0.00619	0.00162	0.07127	0.00504	0.00237	0.00658
11	0.00583	0.00491	0.00505	0.00502	0.00661	0.00413	0.00376	0.00715	0.01129	0.01366	0.11649	0.04570	0.72974	0.01206	0.00573	0.00163	0.00244	0.01010	0.00458	0.00413
12	0.01715	0.17210	0.01642	0.01045	0.01431	0.01559	0.00890	0.61682	0.01999	0.02655	0.01078	0.01103	0.00794	0.00549	0.00448	0.00137	0.00523	0.00402	0.02360	0.00776
13	0.00619	0.00495	0.00555	0.00546	0.00691	0.00431	0.00414	0.00782	0.01197	0.01532	0.30497	0.04334	0.51149	0.01150	0.00576	0.00162	0.00247	0.03717	0.00479	0.00427
14	0.01296	0.83261	0.02539	0.00829	0.01244	0.01917	0.00829	0.01451	0.00985	0.01140	0.00674	0.00777	0.00622	0.00415	0.00311	0.00104	0.00518	0.00259	0.00207	0.00622
15	0.03250	0.01135	0.08634	0.01159	0.02848	0.01061	0.11700	0.18407	0.04227	0.12764	0.03579	0.06829	0.03421	0.03201	0.03132	0.00188	0.09372	0.00552	0.01936	0.02606
16	0.01497	0.01654	0.01569	0.13897	0.25014	0.37428	0.01160	0.09264	0.01322	0.01497	0.00855	0.01062	0.00690	0.00485	0.00462	0.00138	0.00717	0.00378	0.00265	0.00645
17	0.81722	0.00931	0.00735	0.00650	0.00954	0.01066	0.00535	0.01476	0.00856	0.06505	0.00743	0.00835	0.00562	0.00458	0.00310	0.00150	0.00377	0.00275	0.00317	0.00541
18	0.01142	0.44818	0.39632	0.01092	0.01650	0.01540	0.01287	0.01491	0.01003	0.01328	0.00767	0.00894	0.00618	0.00436	0.00382	0.00127	0.00612	0.00306	0.00206	0.00667
19	0.00745	0.00551	0.00773	0.00737	0.00794	0.00616	0.02622	0.00841	0.00759	0.01078	0.01318	0.02275	0.01347	0.32226	0.39101	0.04515	0.06038	0.00576	0.02703	0.00384
20	0.00593	0.00492	0.00519	0.00512	0.00667	0.00418	0.00384	0.00734	0.01152	0.01421	0.18077	0.04480	0.66512	0.01186	0.00573	0.00162	0.00242	0.00997	0.00465	0.00418
21	0.10550	0.00824	0.01066	0.00830	0.01188	0.00740	0.00684	0.02214	0.01330	0.69547	0.04683	0.01636	0.01258	0.00599	0.00472	0.00150	0.00402	0.00479	0.00567	0.00781
22	0.01586	0.01230	0.01310	0.01063	0.01405	0.01383	0.00859	0.47806	0.33221	0.02640	0.01489	0.01423	0.01088	0.00612	0.00488	0.00153	0.00473	0.00481	0.00488	0.00801
23	0.00903	0.00452	0.00452	0.00452	0.00565	0.00452	0.00339	0.01129	0.01016	0.01807	0.01581	0.01807	0.01242	0.00565	0.00339	0.00113	0.00226	0.00452	0.85659	0.00452
24	0.01818	0.01299	0.01401	0.01078	0.01454	0.01428	0.00889	0.72120	0.02191	0.06164	0.01211	0.01209	0.00856	0.00582	0.00479	0.00144	0.00516	0.00439	0.03912	0.00809
25	0.01313	0.80505	0.02500	0.00843	0.01252	0.04610	0.00833	0.01468	0.00998	0.01142	0.00676	0.00781	0.00622	0.00417	0.00315	0.00104	0.00530	0.00261	0.00209	0.00620
26	0.01292	0.79962	0.02516	0.00915	0.04406	0.01887	0.00856	0.01453	0.00989	0.01158	0.00683	0.00794	0.00628	0.00415	0.00318	0.00105	0.00521	0.00266	0.00209	0.00628
27	0.86392	0.00937	0.00712	0.00637	0.00937	0.01087	0.00525	0.01425	0.00825	0.02174	0.00675	0.00787	0.00525	0.00450	0.00300	0.00150	0.00375	0.00262	0.00300	0.00525
28	0.01116	0.01065	0.01756	0.19275	0.56292	0.02587	0.01386	0.01401	0.01069	0.01481	0.00981	0.01416	0.00840	0.00598	0.03410	0.00174	0.00617	0.03603	0.00244	0.00690
29	0.00700	0.00518	0.00656	0.00618	0.00742	0.00485	0.00464	0.00969	0.04586	0.01906	0.71641	0.03612	0.09287	0.00992	0.00568	0.00154	0.00236	0.00872	0.00526	0.00467
30	0.00925	0.00859	0.00810	0.00765	0.00844	0.13909	0.00541	0.02371	0.00949	0.01175	0.06729	0.07837	0.09496	0.35621	0.05850	0.00326	0.09581	0.00681	0.00320	0.00410
31	0.00647	0.00501	0.00552	0.00534	0.00690	0.00431	0.00402	0.00801	0.01188	0.03561	0.26050	0.04288	0.56357	0.01144	0.00570	0.00160	0.00245	0.00967	0.00478	0.00434
32	0.00933	0.00812	0.01016	0.00915	0.01050	0.04208	0.03821	0.03354	0.12617	0.01391	0.01600	0.01966	0.08207	0.06296	0.29433	0.00402	0.15042	0.00549	0.05870	0.00516
33	0.78359	0.00969	0.03082	0.00660	0.00965	0.01067	0.00561	0.02832	0.00866	0.02155	0.00731	0.00848	0.00566	0.00458	0.00310	0.00148	0.00381	0.00277	0.04232	0.00533
34	0.00594	0.00425	0.00566	0.00672	0.00704	0.00396	0.00450	0.00685	0.00946	0.01266	0.05822	0.79419	0.03261	0.01497	0.00617	0.00195	0.00279	0.01357	0.00453	0.00396
35	0.00702	0.00503	0.00699	0.00699	0.00762	0.00563	0.00510	0.00828	0.00765	0.01092	0.01371	0.02259	0.01368	0.25955	0.56526	0.00672	0.01033	0.00570	0.02731	0.00394
36	0.01686	0.04610	0.01400	0.01061	0.01423	0.01414	0.00872	0.53941	0.20172	0.06293	0.01367	0.01321	0.00987	0.00593	0.00480	0.00148	0.00492	0.00458	0.00481	0.00803
37	0.01392	0.16608	0.05236	0.04511	0.11484	0.09751	0.00978	0.18870	0.15747	0.02721	0.01189	0.01260	0.02255	0.00539	0.00463	0.00139	0.01998	0.00415	0.02291	0.02154
38	0.01076	0.28457	0.55420	0.01204	0.01823	0.01380	0.01482	0.01508	0.01011	0.01408	0.00807	0.00944	0.00616	0.00446	0.00412	0.00137	0.00653	0.00326	0.00205	0.00686
39	0.01722	0.09021	0.01537	0.01233	0.01509	0.63035	0.03805	0.07578	0.01381	0.01335	0.00779	0.00909	0.00643	0.00505	0.00469	0.00129	0.03228	0.00330	0.00262	0.00589

[dist]
# distance from previous block
# <min> <max>
0	1

[block]
# block no. 2 follows, 52 sequences, length 6
# corresponding to MSA columns:
# 476-481
name=unknown_C
#
# <colnr> <probs for GDERKNQSTAVLIFYWHMCP>
#	G	D	E	R	K	N	Q	S	T	A	V	L	I	F	Y	W	H	M	C	P
0	0.00987	0.00988	0.01688	0.01346	0.01513	0.01146	0.24635	0.01194	0.00938	0.01351	0.08883	0.05683	0.01286	0.05887	0.04622	0.00231	0.36229	0.00585	0.00274	0.00535
1	0.01428	0.08420	0.12610	0.01154	0.03631	0.25178	0.00990	0.14937	0.07077	0.03776	0.04518	0.01366	0.03467	0.03401	0.00599	0.00155	0.05899	0.00429	0.00325	0.00641
2	0.00628	0.00466	0.00593	0.00673	0.00751	0.00432	0.00496	0.00754	0.01024	0.01329	0.07029	0.47049	0.19716	0.01394	0.00616	0.00192	0.00302	0.15690	0.00453	0.00410
3	0.01575	0.01610	0.01348	0.07714	0.04660	0.34142	0.00934	0.22621	0.10923	0.01860	0.04558	0.01238	0.00968	0.00555	0.00466	0.00139	0.00648	0.00413	0.00354	0.03274
4	0.00699	0.00524	0.00676	0.00777	0.04590	0.00504	0.00530	0.00890	0.04648	0.01408	0.11851	0.38214	0.12737	0.06851	0.00717	0.00202	0.00320	0.09956	0.03465	0.00440
5	0.60551	0.01203	0.13713	0.00803	0.01181	0.01080	0.00767	0.05445	0.00982	0.09247	0.00844	0.00923	0.00616	0.00472	0.00352	0.00150	0.00442	0.00307	0.00321	0.00598

[dist]
# distance from previous block
# <min> <max>
0	1

[block]
# block no. 3 follows, 52 sequences, length 12
# corresponding to MSA columns:
# 483-493,499
name=unknown_D
#
# <colnr> <probs for GDERKNQSTAVLIFYWHMCP>
#	G	D	E	R	K	N	Q	S	T	A	V	L	I	F	Y	W	H	M	C	P
0	0.00988	0.00924	0.01534	0.56122	0.20414	0.01095	0.01323	0.01286	0.00987	0.01333	0.00886	0.01276	0.00695	0.00498	0.00545	0.00159	0.05530	0.00431	0.03388	0.00586
1	0.00937	0.00650	0.00896	0.00867	0.03853	0.00634	0.05230	0.09276	0.01158	0.07306	0.12545	0.33277	0.05242	0.09962	0.00824	0.03612	0.00378	0.00920	0.01940	0.00493
2	0.00637	0.00496	0.00580	0.00567	0.00704	0.00439	0.00430	0.00816	0.01235	0.01624	0.41179	0.04193	0.39673	0.01117	0.00577	0.00161	0.00246	0.04400	0.00490	0.00434
3	0.01144	0.01095	0.01867	0.18329	0.65024	0.01137	0.01460	0.01439	0.01077	0.01516	0.00902	0.01217	0.00744	0.00442	0.00481	0.00147	0.00589	0.00432	0.00235	0.00723
4	0.01669	0.01097	0.01227	0.00977	0.01310	0.01175	0.00794	0.42443	0.13869	0.17358	0.08333	0.01596	0.01342	0.00632	0.00488	0.00149	0.00449	0.00502	0.03822	0.00769
5	0.00731	0.00512	0.00620	0.00583	0.00729	0.00455	0.00441	0.00920	0.01280	0.06162	0.49262	0.03871	0.30540	0.01051	0.00567	0.00156	0.00245	0.00905	0.00508	0.00461
6	0.04334	0.01039	0.09832	0.00913	0.01294	0.00834	0.00820	0.11209	0.01436	0.50770	0.10831	0.01728	0.01467	0.00624	0.00488	0.00150	0.00438	0.00506	0.00526	0.00760
7	0.00589	0.00450	0.00541	0.00606	0.00687	0.00403	0.00421	0.00695	0.01015	0.01301	0.07602	0.50547	0.30630	0.01386	0.00600	0.00183	0.00266	0.01224	0.00454	0.00403
8	0.01267	0.76179	0.09373	0.00878	0.01319	0.01848	0.00913	0.01458	0.00988	0.01175	0.00691	0.00799	0.00621	0.00419	0.00324	0.00108	0.00536	0.00268	0.00207	0.00630
9	0.01005	0.00861	0.01005	0.00718	0.01148	0.00646	0.00574	0.01220	0.01005	0.01579	0.00861	0.01005	0.00718	0.00359	0.00359	0.00072	0.00359	0.00287	0.00287	0.85932
10	0.01310	0.23698	0.01489	0.01038	0.05176	0.27953	0.00795	0.02719	0.01124	0.02946	0.01164	0.09567	0.01146	0.06088	0.04922	0.00191	0.00641	0.04555	0.02927	0.00548
11	0.00899	0.00705	0.00928	0.00829	0.00994	0.00769	0.00652	0.09721	0.00978	0.01409	0.01178	0.01685	0.01078	0.06824	0.49206	0.00538	0.06774	0.00476	0.00288	0.14069

[dist]
# distance from previous block
# <min> <max>
2	4

[block]
# block no. 4 follows, 52 sequences, length 31
# corresponding to MSA columns:
# 504-521,524-534,538,539
name=unknown_E
#
# <colnr> <probs for GDERKNQSTAVLIFYWHMCP>
#	G	D	E	R	K	N	Q	S	T	A	V	L	I	F	Y	W	H	M	C	P
0	0.03260	0.01330	0.07037	0.03292	0.01496	0.03426	0.00940	0.52588	0.03986	0.05236	0.03569	0.04801	0.01032	0.00626	0.00522	0.00150	0.03316	0.00480	0.00438	0.02475
1	0.52500	0.01039	0.00862	0.00770	0.01027	0.09656	0.00618	0.05000	0.02421	0.03841	0.03133	0.01188	0.03481	0.00848	0.08566	0.00214	0.03617	0.00362	0.00318	0.00540
2	0.00990	0.00938	0.01588	0.61085	0.23473	0.01096	0.01383	0.01304	0.01004	0.01329	0.00875	0.01268	0.00678	0.00471	0.00483	0.00157	0.00628	0.00431	0.00222	0.00599
3	0.03249	0.00880	0.01463	0.75008	0.07739	0.01081	0.01332	0.01258	0.00973	0.01284	0.00859	0.01273	0.00650	0.00480	0.00479	0.00160	0.00635	0.00426	0.00219	0.00551
4	0.00704	0.00471	0.00533	0.00532	0.00536	0.00469	0.00300	0.00713	0.00730	0.00978	0.04545	0.03189	0.01870	0.79804	0.02393	0.00458	0.00461	0.00711	0.00303	0.00300
5	0.00589	0.00481	0.00516	0.00528	0.00664	0.00413	0.00385	0.00713	0.01094	0.01347	0.11285	0.15169	0.60406	0.03439	0.00630	0.00175	0.00255	0.01049	0.00453	0.00408
6	0.01023	0.00860	0.00934	0.00861	0.01085	0.00954	0.00666	0.02000	0.53315	0.01899	0.15387	0.05109	0.09717	0.00819	0.00524	0.00165	0.00343	0.03190	0.00493	0.00657
7	0.86392	0.00937	0.00712	0.00637	0.00937	0.01087	0.00525	0.01425	0.00825	0.02174	0.00675	0.00787	0.00525	0.00450	0.00300	0.00150	0.00375	0.00262	0.00300	0.00525
8	0.01286	0.80985	0.04736	0.00845	0.01268	0.01895	0.00856	0.01453	0.00986	0.01151	0.00679	0.00784	0.00622	0.00416	0.00315	0.00105	0.00524	0.00262	0.00207	0.00625
9	0.01215	0.42241	0.24691	0.01055	0.01503	0.07831	0.01120	0.02629	0.03516	0.01314	0.00802	0.00947	0.00670	0.00574	0.03042	0.00150	0.05511	0.00322	0.00225	0.00640
10	0.01135	0.01097	0.01904	0.19894	0.59349	0.01139	0.05525	0.01437	0.01077	0.01507	0.00904	0.01225	0.00740	0.00442	0.00486	0.00149	0.00604	0.00439	0.00235	0.00712
11	0.00590	0.00422	0.00562	0.00675	0.00703	0.00394	0.00450	0.00675	0.00928	0.01237	0.02671	0.82653	0.03205	0.01518	0.00619	0.00197	0.00281	0.01378	0.00450	0.00394
12	0.00954	0.00737	0.00846	0.00785	0.00980	0.00778	0.00612	0.01639	0.33236	0.04953	0.31369	0.03046	0.10271	0.00889	0.00544	0.00164	0.00318	0.06780	0.00504	0.00593
13	0.00599	0.00430	0.00571	0.00680	0.00716	0.00402	0.00463	0.00691	0.00942	0.01249	0.02732	0.76640	0.05448	0.01501	0.00620	0.00197	0.00288	0.04985	0.00450	0.00397
14	0.00790	0.00650	0.00941	0.00887	0.00946	0.00814	0.00701	0.00926	0.00762	0.01118	0.01126	0.01730	0.01078	0.06154	0.55251	0.03434	0.21500	0.00500	0.00247	0.00444
15	0.00972	0.02507	0.80458	0.01381	0.02097	0.01125	0.01790	0.01535	0.01023	0.01535	0.00870	0.01023	0.00614	0.00460	0.00460	0.00153	0.00716	0.00358	0.00205	0.00716
16	0.01132	0.01083	0.01845	0.21671	0.61777	0.01134	0.01454	0.01428	0.01072	0.01501	0.00900	0.01221	0.00739	0.00444	0.00481	0.00148	0.00592	0.00432	0.00234	0.00713
17	0.04691	0.01240	0.01134	0.00995	0.01275	0.14972	0.00776	0.10313	0.44370	0.06975	0.04033	0.01685	0.04124	0.00641	0.00480	0.00154	0.00476	0.00507	0.00449	0.00710
18	0.00687	0.00462	0.00534	0.00552	0.00556	0.00458	0.00319	0.00700	0.00740	0.00987	0.01709	0.15836	0.01992	0.69991	0.02172	0.00426	0.00440	0.00812	0.00319	0.00310
19	0.00602	0.00426	0.00559	0.00660	0.00686	0.00401	0.00434	0.00678	0.00906	0.01208	0.02558	0.74831	0.03063	0.09534	0.00800	0.00224	0.00300	0.01311	0.00434	0.00384
20	0.15215	0.01258	0.01363	0.01453	0.20331	0.11853	0.00949	0.23378	0.03074	0.10156	0.01075	0.01176	0.00810	0.00632	0.03497	0.00167	0.00571	0.00402	0.01934	0.00704
21	0.11436	0.00952	0.01452	0.53194	0.16197	0.01118	0.01244	0.06149	0.01057	0.01526	0.00866	0.01206	0.00663	0.00477	0.00461	0.00156	0.00594	0.00411	0.00247	0.00594
22	0.00693	0.00513	0.00646	0.00702	0.00791	0.00496	0.00522	0.03156	0.03119	0.01405	0.09030	0.40092	0.14324	0.04501	0.03264	0.00220	0.00353	0.15295	0.00446	0.00431
23	0.01149	0.01119	0.01815	0.22967	0.57625	0.04016	0.01431	0.01440	0.01079	0.01481	0.00893	0.01211	0.00731	0.00448	0.00479	0.00148	0.00604	0.00427	0.00234	0.00702
24	0.02731	0.01053	0.01170	0.00914	0.01262	0.01062	0.00734	0.36453	0.06082	0.04359	0.02399	0.07314	0.01087	0.02613	0.00515	0.00136	0.01404	0.00477	0.00413	0.27823
25	0.01250	0.01091	0.01107	0.00983	0.01253	0.05159	0.00766	0.08628	0.63282	0.02063	0.07467	0.01840	0.01607	0.00667	0.00495	0.00160	0.00409	0.00551	0.00483	0.00739
26	0.00695	0.00620	0.05558	0.00659	0.00813	0.00497	0.00544	0.00931	0.01306	0.01827	0.63523	0.05559	0.10759	0.01005	0.00570	0.00157	0.00270	0.03741	0.00501	0.00467
27	0.00588	0.00431	0.00553	0.00651	0.00697	0.00396	0.00439	0.00677	0.00951	0.01246	0.02963	0.72477	0.13193	0.01480	0.00613	0.00192	0.00276	0.01331	0.00450	0.00396
28	0.07657	0.00820	0.00878	0.00745	0.00966	0.00882	0.00591	0.26871	0.01410	0.06532	0.01375	0.04172	0.01092	0.02025	0.01685	0.03808	0.01866	0.00468	0.35568	0.00588
29	0.01144	0.14846	0.48430	0.01252	0.03422	0.02867	0.03412	0.09264	0.01157	0.03339	0.01032	0.01193	0.03030	0.02976	0.00507	0.00154	0.00641	0.00390	0.00255	0.00689
30	0.01811	0.00845	0.01054	0.00832	0.01151	0.00802	0.00679	0.16222	0.01502	0.48489	0.08581	0.01754	0.01433	0.00626	0.00474	0.00144	0.00394	0.00507	0.11957	0.00742

[dist]
# distance from previous block
# <min> <max>
0	2

[block]
# block no. 5 follows, 52 sequences, length 10
# corresponding to MSA columns:
# 576-581,606-609
name=unknown_F
#
# <colnr> <probs for GDERKNQSTAVLIFYWHMCP>
#	G	D	E	R	K	N	Q	S	T	A	V	L	I	F	Y	W	H	M	C	P
0	0.00978	0.02313	0.70137	0.01468	0.06474	0.01107	0.04855	0.01504	0.01035	0.01531	0.01013	0.01168	0.03298	0.00483	0.00470	0.00154	0.00696	0.00393	0.00217	0.00706
1	0.81358	0.00962	0.00756	0.00666	0.00971	0.01112	0.00548	0.06004	0.00911	0.02227	0.00704	0.00810	0.00543	0.00458	0.00311	0.00150	0.00384	0.00273	0.00311	0.00543
2	0.32527	0.00843	0.00884	0.03859	0.01069	0.04826	0.02768	0.04131	0.00955	0.03489	0.04504	0.12756	0.01300	0.05168	0.15084	0.00287	0.04176	0.00548	0.00326	0.00501
3	0.00680	0.00490	0.00642	0.00614	0.00723	0.00453	0.00457	0.00899	0.01342	0.01897	0.74601	0.08842	0.04482	0.01026	0.00575	0.00155	0.00232	0.00910	0.00528	0.00453
4	0.02955	0.01012	0.01705	0.25355	0.08937	0.02706	0.21513	0.04310	0.03232	0.01458	0.01269	0.08901	0.04436	0.00699	0.02481	0.00181	0.07407	0.00580	0.00279	0.00584
5	0.01898	0.01405	0.01338	0.01072	0.01423	0.17921	0.00864	0.39599	0.04756	0.22842	0.01303	0.01254	0.00905	0.00572	0.00476	0.00143	0.00567	0.00428	0.00466	0.00767
6	0.00710	0.00521	0.00619	0.00623	0.00764	0.00473	0.00481	0.00905	0.03106	0.04502	0.24062	0.11723	0.36767	0.01170	0.00585	0.00172	0.00282	0.11608	0.00478	0.00450
7	0.01608	0.00917	0.01280	0.04762	0.20533	0.00901	0.00897	0.12509	0.01371	0.33237	0.03903	0.01540	0.01129	0.00558	0.00466	0.00143	0.00447	0.00471	0.12592	0.00734
8	0.00842	0.00421	0.00631	0.00631	0.00631	0.00421	0.00421	0.00631	0.00631	0.00842	0.00842	0.01473	0.00842	0.01684	0.01894	0.85901	0.00421	0.00421	0.00210	0.00210
9	0.08236	0.01309	0.01353	0.01155	0.02944	0.17978	0.05682	0.14382	0.06442	0.11127	0.01238	0.01410	0.04018	0.02045	0.00730	0.00165	0.17049	0.01744	0.00355	0.00638

[dist]
# distance from previous block
# <min> <max>
0	2

[block]
# block no. 6 follows, 52 sequences, length 32
# corresponding to MSA columns:
# 612-622,625-645
name=unknown_G
#
# <colnr> <probs for GDERKNQSTAVLIFYWHMCP>
#	G	D	E	R	K	N	Q	S	T	A	V	L	I	F	Y	W	H	M	C	P
0	0.61493	0.10477	0.08941	0.00842	0.03981	0.03434	0.00738	0.02618	0.00910	0.01957	0.00712	0.00833	0.00561	0.00450	0.00330	0.00144	0.00449	0.00282	0.00279	0.00569
1	0.01180	0.01332	0.05882	0.19267	0.07431	0.12195	0.23280	0.03841	0.01103	0.01436	0.00866	0.01162	0.00686	0.00496	0.00624	0.00153	0.10525	0.00438	0.00244	0.07858
2	0.00697	0.00467	0.00531	0.00538	0.00540	0.00465	0.00304	0.00703	0.00720	0.00960	0.01604	0.08498	0.01859	0.77511	0.02343	0.00452	0.00457	0.00750	0.00304	0.00300
3	0.00651	0.00483	0.00608	0.00600	0.00709	0.00439	0.00441	0.00839	0.01255	0.01722	0.54660	0.16689	0.16879	0.01116	0.00579	0.00162	0.00240	0.00983	0.00506	0.00439
4	0.02174	0.00825	0.01125	0.00862	0.01237	0.00712	0.00712	0.02362	0.01387	0.80282	0.01912	0.01649	0.01200	0.00600	0.00487	0.00150	0.00412	0.00487	0.00600	0.00825
5	0.00834	0.00421	0.00629	0.00633	0.00633	0.00420	0.00422	0.00633	0.00640	0.00854	0.00896	0.03893	0.00912	0.01679	0.01856	0.83346	0.00417	0.00449	0.00218	0.00216
6	0.02081	0.00926	0.01182	0.00911	0.01285	0.00869	0.00751	0.15744	0.04365	0.63845	0.01782	0.01570	0.01144	0.00599	0.00487	0.00150	0.00433	0.00481	0.00576	0.00823
7	0.01775	0.04985	0.01479	0.01094	0.01475	0.01501	0.00907	0.69829	0.07367	0.02900	0.01196	0.01189	0.00859	0.00579	0.00478	0.00145	0.00523	0.00436	0.00473	0.00811
8	0.02443	0.36964	0.10432	0.01066	0.01436	0.14794	0.06120	0.05092	0.03833	0.01379	0.00850	0.01003	0.00711	0.00582	0.02966	0.00149	0.05527	0.00344	0.03692	0.00619
9	0.00853	0.02315	0.00808	0.00747	0.00904	0.04267	0.00564	0.02400	0.19396	0.01608	0.19123	0.19911	0.20302	0.01035	0.00586	0.00167	0.03155	0.00880	0.00456	0.00521
10	0.86392	0.00937	0.00712	0.00637	0.00937	0.01087	0.00525	0.01425	0.00825	0.02174	0.00675	0.00787	0.00525	0.00450	0.00300	0.00150	0.00375	0.00262	0.00300	0.00525
11	0.00679	0.00488	0.00625	0.00601	0.00699	0.00453	0.00436	0.00870	0.01261	0.01768	0.63944	0.08577	0.06308	0.10229	0.00787	0.00191	0.00259	0.00893	0.00499	0.00434
12	0.00919	0.00851	0.01418	0.74466	0.03122	0.01066	0.01291	0.01208	0.00943	0.01217	0.00850	0.01289	0.00654	0.00555	0.00598	0.03984	0.04400	0.00430	0.00215	0.00523
13	0.00668	0.00493	0.00623	0.00594	0.00714	0.00449	0.00444	0.00878	0.01324	0.01837	0.67342	0.05417	0.15344	0.01036	0.00573	0.00155	0.00232	0.00908	0.00520	0.00449
14	0.00690	0.00513	0.00755	0.00759	0.00838	0.00590	0.00580	0.00848	0.00779	0.01117	0.01361	0.04808	0.01316	0.08625	0.73220	0.00739	0.01210	0.00561	0.00268	0.00422
15	0.01296	0.83261	0.02539	0.00829	0.01244	0.01917	0.00829	0.01451	0.00985	0.01140	0.00674	0.00777	0.00622	0.00415	0.00311	0.00104	0.00518	0.00259	0.00207	0.00622
16	0.00661	0.00484	0.00614	0.00676	0.00752	0.00456	0.00484	0.03453	0.01074	0.01424	0.13518	0.52836	0.12900	0.01362	0.00606	0.00187	0.00292	0.07336	0.00462	0.00424
17	0.01397	0.14365	0.07731	0.01066	0.01365	0.32984	0.02200	0.09118	0.04058	0.01518	0.10297	0.01458	0.04561	0.00676	0.02584	0.00152	0.03123	0.00438	0.00312	0.00595
18	0.01840	0.01172	0.13827	0.00964	0.01373	0.03746	0.00894	0.08699	0.01404	0.52866	0.06850	0.01611	0.01278	0.00598	0.00487	0.00149	0.00476	0.00482	0.00509	0.00773
19	0.01007	0.00949	0.01592	0.53204	0.26706	0.01101	0.01359	0.01310	0.01003	0.01353	0.00883	0.01266	0.00695	0.00483	0.00518	0.00157	0.03438	0.00431	0.01937	0.00607
20	0.00964	0.00543	0.00591	0.04150	0.00787	0.00564	0.00444	0.01310	0.08977	0.04244	0.05070	0.01860	0.01386	0.00590	0.00376	0.00123	0.00266	0.00480	0.66773	0.00499
21	0.01842	0.01357	0.01454	0.01115	0.01503	0.01503	0.00921	0.78330	0.02278	0.03054	0.01163	0.01163	0.00824	0.00582	0.00485	0.00145	0.00533	0.00436	0.00485	0.00824
22	0.00590	0.00422	0.00562	0.00675	0.00703	0.00394	0.00450	0.00675	0.00928	0.01237	0.02671	0.82653	0.03205	0.01518	0.00619	0.00197	0.00281	0.01378	0.00450	0.00394
23	0.83802	0.00922	0.00704	0.00632	0.00926	0.01068	0.00519	0.01416	0.00831	0.02163	0.00702	0.00818	0.00547	0.00453	0.00301	0.00149	0.00370	0.00268	0.02886	0.00523
24	0.00602	0.00427	0.00562	0.00662	0.00690	0.00401	0.00438	0.00683	0.00922	0.01233	0.04590	0.74584	0.03132	0.07664	0.00757	0.00216	0.00294	0.01314	0.00440	0.00388
25	0.00608	0.00499	0.00541	0.00550	0.00703	0.00431	0.00426	0.00753	0.01132	0.01388	0.11964	0.04656	0.63300	0.01217	0.00584	0.00170	0.00267	0.09935	0.00458	0.00418
26	0.01184	0.01173	0.02114	0.04390	0.64759	0.01163	0.15011	0.01494	0.01108	0.01571	0.00923	0.01220	0.00759	0.00429	0.00496	0.00148	0.00620	0.00456	0.00240	0.00743
27	0.00844	0.00422	0.00623	0.00623	0.00628	0.00422	0.00417	0.00653	0.00648	0.00885	0.00875	0.01488	0.00860	0.01634	0.01825	0.82089	0.00412	0.00422	0.04007	0.00221
28	0.01258	0.05613	0.30298	0.01099	0.01576	0.07145	0.01138	0.08816	0.11599	0.08139	0.01185	0.01363	0.00911	0.00533	0.00454	0.00140	0.00564	0.03773	0.00329	0.14067
29	0.02361	0.04376	0.20503	0.28882	0.18020	0.03623	0.01356	0.07636	0.02239	0.01563	0.02037	0.02437	0.00787	0.00500	0.00469	0.00151	0.00617	0.00424	0.01367	0.00653
30	0.04330	0.01278	0.01304	0.04776	0.10210	0.15927	0.00897	0.17387	0.09941	0.02951	0.04537	0.01271	0.00983	0.00551	0.00532	0.00137	0.06469	0.00415	0.01788	0.14317
31	0.01217	0.01976	0.01113	0.03896	0.06725	0.03063	0.00722	0.05766	0.11147	0.12161	0.03878	0.06234	0.04373	0.00579	0.00445	0.00122	0.00408	0.00483	0.00382	0.35310

[dist]
# distance from previous block
# <min> <max>
0	21

[block]
# block no. 7 follows, 52 sequences, length 35
# corresponding to MSA columns:
# 667-679,681-702
name=unknown_H
#
# <colnr> <probs for GDERKNQSTAVLIFYWHMCP>
#	G	D	E	R	K	N	Q	S	T	A	V	L	I	F	Y	W	H	M	C	P
0	0.00967	0.03186	0.01245	0.00933	0.01261	0.00737	0.14384	0.03742	0.01086	0.04033	0.01847	0.15595	0.13193	0.00715	0.00481	0.00129	0.00422	0.00647	0.00347	0.35049
1	0.01029	0.05147	0.51482	0.01166	0.01716	0.01078	0.01372	0.10180	0.03818	0.01717	0.07358	0.01625	0.09043	0.00598	0.00478	0.00152	0.00591	0.00477	0.00296	0.00675
2	0.01333	0.31171	0.07532	0.01218	0.05518	0.20595	0.03483	0.01555	0.03625	0.01250	0.00763	0.00951	0.00664	0.00538	0.00645	0.00141	0.17835	0.00342	0.00231	0.00608
3	0.00693	0.00496	0.00676	0.00696	0.00750	0.00536	0.00502	0.00804	0.00796	0.01101	0.01609	0.10825	0.01714	0.28999	0.41200	0.00577	0.00860	0.06477	0.00304	0.00385
4	0.00986	0.00945	0.01634	0.61390	0.18971	0.01100	0.05501	0.01306	0.01006	0.01326	0.00878	0.01274	0.00676	0.00470	0.00488	0.00158	0.00641	0.00438	0.00222	0.00591
5	0.00903	0.00452	0.00452	0.00452	0.00565	0.00452	0.00339	0.01129	0.01016	0.01807	0.01581	0.01807	0.01242	0.00565	0.00339	0.00113	0.00226	0.00452	0.85659	0.00452
6	0.01650	0.01979	0.01352	0.01190	0.01439	0.60142	0.00912	0.05883	0.01318	0.01324	0.00771	0.00923	0.00646	0.00526	0.00554	0.00130	0.09390	0.00328	0.00262	0.09282
7	0.00628	0.00456	0.00589	0.00681	0.00737	0.00428	0.00486	0.00734	0.00966	0.01262	0.02842	0.55612	0.11957	0.06595	0.00738	0.00215	0.00317	0.13922	0.00439	0.00398
8	0.00900	0.00714	0.01026	0.31974	0.01799	0.02016	0.04292	0.02555	0.03611	0.01489	0.05464	0.09475	0.03431	0.05084	0.00574	0.00167	0.00454	0.00588	0.23888	0.00498
9	0.00842	0.00421	0.00631	0.00631	0.00631	0.00421	0.00421	0.00631	0.00631	0.00842	0.00842	0.01473	0.00842	0.01684	0.01894	0.85901	0.00421	0.00421	0.00210	0.00210
10	0.01559	0.01313	0.09573	0.03260	0.22013	0.01231	0.01118	0.36166	0.02676	0.11587	0.01173	0.01295	0.00869	0.03301	0.00548	0.00158	0.00547	0.00444	0.00394	0.00774
11	0.12450	0.40877	0.01821	0.00925	0.01275	0.23706	0.00807	0.01685	0.01118	0.10197	0.00834	0.00904	0.00675	0.00464	0.00364	0.00121	0.00587	0.00300	0.00275	0.00616
12	0.03788	0.23403	0.03340	0.01007	0.02643	0.10349	0.00853	0.24367	0.07403	0.08780	0.01060	0.01091	0.00807	0.00505	0.00416	0.00127	0.00529	0.00367	0.00361	0.08804
13	0.04071	0.01238	0.01433	0.21879	0.14231	0.15677	0.01099	0.06222	0.08027	0.02908	0.01000	0.03925	0.00836	0.00599	0.00665	0.00161	0.14686	0.00446	0.00284	0.00615
14	0.01255	0.01160	0.01113	0.01004	0.01273	0.09334	0.00777	0.02475	0.69695	0.01928	0.01902	0.01766	0.02847	0.00652	0.00489	0.00160	0.00431	0.00533	0.00467	0.00739
15	0.00595	0.00424	0.00561	0.00669	0.00696	0.00397	0.00444	0.00676	0.00919	0.01225	0.02625	0.79461	0.03147	0.04789	0.00693	0.00208	0.00289	0.01351	0.00444	0.00390
16	0.00620	0.00450	0.00590	0.00679	0.00735	0.00420	0.00482	0.00738	0.01008	0.01339	0.10688	0.59949	0.09137	0.01422	0.00616	0.00193	0.00292	0.09779	0.00458	0.00407
17	0.00615	0.00493	0.00550	0.00536	0.00681	0.00427	0.00402	0.00778	0.01205	0.01548	0.33040	0.04271	0.51470	0.01138	0.00572	0.00159	0.00239	0.00968	0.00481	0.00427
18	0.73277	0.00920	0.00776	0.00672	0.00984	0.01029	0.00554	0.01570	0.00912	0.14337	0.00867	0.00921	0.00630	0.00473	0.00329	0.00150	0.00381	0.00297	0.00347	0.00572
19	0.00842	0.00421	0.00631	0.00631	0.00631	0.00421	0.00421	0.00631	0.00631	0.00842	0.00842	0.01473	0.00842	0.01684	0.01894	0.85901	0.00421	0.00421	0.00210	0.00210
20	0.00909	0.00705	0.00751	0.00689	0.00839	0.08694	0.00522	0.01120	0.01362	0.07815	0.62495	0.03234	0.07138	0.00921	0.00551	0.00150	0.00309	0.00795	0.00506	0.00494
21	0.01348	0.75002	0.02420	0.00872	0.01270	0.09988	0.00840	0.01500	0.01024	0.01145	0.00681	0.00787	0.00622	0.00423	0.00324	0.00106	0.00555	0.00265	0.00212	0.00616
22	0.01062	0.00886	0.00947	0.00871	0.01103	0.00990	0.00674	0.03651	0.55089	0.01892	0.05947	0.06660	0.11161	0.00800	0.00511	0.00165	0.00353	0.02662	0.03906	0.00670
23	0.00650	0.00494	0.00598	0.00572	0.00702	0.00442	0.00429	0.00845	0.01287	0.01742	0.55908	0.03952	0.28481	0.01066	0.00572	0.00156	0.00234	0.00923	0.00507	0.00442
24	0.00962	0.00881	0.01485	0.61077	0.17257	0.01040	0.01301	0.01238	0.00968	0.01272	0.00869	0.01289	0.00683	0.00566	0.00591	0.06699	0.00616	0.00430	0.00219	0.00556
25	0.00611	0.00504	0.00538	0.00528	0.00683	0.00437	0.00396	0.00784	0.02853	0.01463	0.21156	0.04374	0.61657	0.01163	0.00571	0.00161	0.00245	0.00981	0.00469	0.00427
26	0.00893	0.00453	0.00456	0.00456	0.00563	0.00453	0.00336	0.01108	0.01000	0.01763	0.01578	0.01876	0.01268	0.04748	0.00447	0.00131	0.00238	0.00465	0.81326	0.00444
27	0.03926	0.00934	0.01294	0.01093	0.03791	0.06935	0.15323	0.03921	0.02548	0.09712	0.27861	0.03477	0.09616	0.00767	0.00611	0.00158	0.06383	0.00669	0.00412	0.00569
28	0.00593	0.00492	0.00519	0.00512	0.00667	0.00418	0.00384	0.00735	0.01153	0.01424	0.18427	0.04475	0.66161	0.01185	0.00573	0.00162	0.00242	0.00996	0.00465	0.00418
29	0.00980	0.01049	0.07590	0.58876	0.19563	0.01096	0.01410	0.01314	0.01002	0.01334	0.00873	0.01252	0.00669	0.00471	0.00482	0.00157	0.00636	0.00425	0.00220	0.00601
30	0.01120	0.01071	0.01824	0.24961	0.58579	0.01131	0.01448	0.01418	0.01066	0.01487	0.00898	0.01225	0.00734	0.00446	0.00481	0.00149	0.00595	0.00431	0.00233	0.00704
31	0.00954	0.00899	0.01518	0.67487	0.15612	0.01075	0.01351	0.01267	0.00990	0.01294	0.00906	0.02915	0.00717	0.00497	0.00486	0.00159	0.00627	0.00450	0.00224	0.00572
32	0.01638	0.01419	0.01344	0.01147	0.03666	0.15745	0.00888	0.44367	0.16402	0.02394	0.01306	0.05191	0.01025	0.00622	0.00484	0.00148	0.00556	0.00480	0.00435	0.00744
33	0.01159	0.01032	0.03749	0.01020	0.01311	0.06667	0.09417	0.10552	0.11166	0.05826	0.11318	0.07139	0.03946	0.00751	0.00531	0.00153	0.01536	0.09584	0.00406	0.12739
34	0.01088	0.00906	0.01308	0.07933	0.01479	0.05231	0.16303	0.03941	0.05385	0.10570	0.13039	0.05256	0.17537	0.01986	0.00613	0.00167	0.03759	0.02533	0.00398	0.00569

[dist]
# distance from previous block
# <min> <max>
0	6

[block]
# block no. 8 follows, 52 sequences, length 17
# corresponding to MSA columns:
# 770-786
name=unknown_I
#
# <colnr> <probs for GDERKNQSTAVLIFYWHMCP>
#	G	D	E	R	K	N	Q	S	T	A	V	L	I	F	Y	W	H	M	C	P
0	0.01344	0.05966	0.01218	0.00980	0.01273	0.24821	0.00763	0.08383	0.21806	0.01650	0.01351	0.08065	0.02333	0.00612	0.00451	0.00132	0.00534	0.00477	0.00359	0.17482
1	0.02590	0.01026	0.01663	0.44219	0.12462	0.03165	0.12506	0.08435	0.01146	0.01520	0.01014	0.02868	0.00829	0.00532	0.00503	0.00160	0.00638	0.03855	0.00264	0.00604
2	0.01388	0.42720	0.10104	0.01164	0.07681	0.15251	0.01007	0.01589	0.01075	0.06782	0.00810	0.00935	0.00675	0.00480	0.00467	0.00127	0.06540	0.00320	0.00245	0.00640
3	0.00748	0.04295	0.00758	0.00781	0.05194	0.00533	0.00525	0.00881	0.01052	0.04899	0.14326	0.46920	0.12636	0.01225	0.00571	0.00174	0.00301	0.01090	0.02634	0.00457
4	0.01204	0.00959	0.01087	0.00828	0.01217	0.00869	0.00663	0.13986	0.13413	0.04638	0.01160	0.02938	0.00924	0.00475	0.00410	0.00104	0.00391	0.00383	0.00366	0.53985
5	0.09491	0.06421	0.45226	0.01106	0.01645	0.03530	0.01275	0.01534	0.01075	0.09106	0.07490	0.01256	0.00999	0.00507	0.00439	0.00142	0.00578	0.00391	0.00287	0.07502
6	0.00718	0.00521	0.00698	0.00688	0.00736	0.00584	0.00489	0.00818	0.00752	0.01065	0.01371	0.02393	0.01416	0.36469	0.43012	0.00610	0.04439	0.00591	0.02251	0.00379
7	0.03869	0.00552	0.00706	0.07187	0.03648	0.00531	0.00545	0.00895	0.01105	0.03982	0.22302	0.25268	0.24306	0.02171	0.00587	0.00172	0.00307	0.00967	0.00442	0.00456
8	0.00673	0.00495	0.00630	0.00596	0.00716	0.00452	0.00447	0.00889	0.01341	0.01870	0.71081	0.03740	0.13227	0.01018	0.00572	0.00154	0.00231	0.00893	0.00524	0.00452
9	0.01175	0.57290	0.18008	0.00928	0.01368	0.01594	0.00997	0.01421	0.01003	0.01272	0.00891	0.01214	0.00806	0.00498	0.00368	0.00123	0.00540	0.05856	0.04026	0.00621
