[name]
unknown

[dist]
# distance from previous block
# <min> <max>
5	205

[block]
# block no. 0 follows, 51 sequences, length 36
# corresponding to MSA columns:
# 243-278
name=unknown_A
#
# <colnr> <probs for GDERKNQSTAVLIFYWHMCP>
#	G	D	E	R	K	N	Q	S	T	A	V	L	I	F	Y	W	H	M	C	P
0	0.01444	0.46869	0.04808	0.00987	0.01361	0.23009	0.00891	0.05513	0.04641	0.01336	0.00884	0.00973	0.02231	0.00479	0.00379	0.00118	0.00615	0.00319	0.00256	0.02886
1	0.00947	0.00843	0.01321	0.01204	0.05944	0.03087	0.18455	0.01290	0.09221	0.03912	0.08070	0.26287	0.06653	0.00969	0.00579	0.00176	0.00472	0.08111	0.00402	0.02057
2	0.01222	0.01100	0.04785	0.07088	0.01511	0.01164	0.04291	0.08609	0.51994	0.04051	0.01859	0.05347	0.03413	0.00679	0.00508	0.00165	0.00449	0.00578	0.00454	0.00733
3	0.01004	0.10526	0.65336	0.01343	0.04074	0.01180	0.01626	0.01500	0.01042	0.01517	0.02976	0.03924	0.00824	0.00513	0.00461	0.00152	0.00674	0.00405	0.00226	0.00700
4	0.09940	0.01104	0.01613	0.31452	0.13442	0.05193	0.11113	0.05348	0.06253	0.01597	0.00950	0.01231	0.00738	0.00500	0.00530	0.00157	0.04484	0.00434	0.00271	0.03646
5	0.02332	0.00884	0.03979	0.07595	0.02524	0.00878	0.04226	0.08203	0.16275	0.04445	0.16621	0.02646	0.19400	0.00880	0.02146	0.00174	0.03260	0.01476	0.00430	0.01625
6	0.00668	0.00535	0.02523	0.00642	0.00759	0.00461	0.00489	0.00861	0.01241	0.01706	0.49097	0.21562	0.13783	0.01151	0.00590	0.00168	0.00262	0.02551	0.00501	0.00449
7	0.01344	0.06105	0.07601	0.04033	0.05015	0.04137	0.02838	0.21499	0.28962	0.02080	0.04909	0.02669	0.01222	0.00626	0.00545	0.00157	0.04625	0.00498	0.00408	0.00730
8	0.00764	0.00518	0.00675	0.00627	0.00757	0.00475	0.00473	0.00991	0.01384	0.05669	0.73466	0.03608	0.06734	0.00993	0.00576	0.00155	0.00241	0.00874	0.00542	0.00480
9	0.02381	0.03741	0.30665	0.03629	0.17795	0.01111	0.12806	0.02739	0.06540	0.03214	0.04573	0.01545	0.04887	0.00546	0.00499	0.00156	0.00619	0.01575	0.00286	0.00694
10	0.01658	0.01382	0.09357	0.03994	0.01620	0.01342	0.03226	0.53837	0.03253	0.07448	0.01194	0.01248	0.00857	0.00715	0.04354	0.00179	0.00595	0.00444	0.00438	0.02858
11	0.86201	0.00950	0.00722	0.00646	0.00950	0.01102	0.00532	0.01445	0.00836	0.02205	0.00684	0.00798	0.00532	0.00456	0.00304	0.00152	0.00380	0.00266	0.00304	0.00532
12	0.02786	0.07591	0.10898	0.10750	0.03123	0.07446	0.12039	0.13575	0.01213	0.03898	0.00911	0.01158	0.00723	0.00680	0.03469	0.00185	0.18203	0.00427	0.00281	0.00644
13	0.01908	0.00912	0.05104	0.00869	0.01262	0.00722	0.00746	0.02123	0.01334	0.61525	0.05429	0.01646	0.01282	0.00586	0.00479	0.00141	0.00417	0.00478	0.00541	0.12496
14	0.01993	0.00789	0.01073	0.00838	0.01181	0.00686	0.00686	0.02189	0.01404	0.69047	0.12817	0.01953	0.01697	0.00664	0.00506	0.00152	0.00392	0.00550	0.00599	0.00784
15	0.00619	0.00499	0.00551	0.00538	0.00687	0.00431	0.00404	0.00779	0.01211	0.01542	0.29853	0.04376	0.54456	0.01164	0.00580	0.00162	0.00243	0.00988	0.00485	0.00431
16	0.00607	0.00441	0.00558	0.00647	0.00691	0.00408	0.00432	0.00690	0.00944	0.01237	0.02896	0.65512	0.12852	0.08657	0.00786	0.00220	0.00297	0.01291	0.00442	0.00392
17	0.01314	0.32611	0.20242	0.01074	0.01527	0.15139	0.02629	0.01671	0.07200	0.03467	0.00903	0.01001	0.00724	0.00465	0.00402	0.00125	0.00613	0.00334	0.00258	0.08301
18	0.00661	0.00465	0.00601	0.00672	0.00727	0.00438	0.00466	0.00772	0.00983	0.01342	0.10595	0.53323	0.03056	0.10942	0.00830	0.00223	0.00316	0.07617	0.03458	0.02511
19	0.01076	0.04547	0.01097	0.00761	0.01175	0.00765	0.00614	0.03945	0.05003	0.02776	0.01001	0.03421	0.00846	0.00427	0.00383	0.00086	0.00377	0.00343	0.00314	0.71041
20	0.01152	0.06584	0.12772	0.04997	0.07163	0.00998	0.02523	0.05463	0.01099	0.06530	0.02242	0.01253	0.02329	0.02163	0.00575	0.00132	0.07940	0.00389	0.00297	0.33399
21	0.00586	0.00495	0.00508	0.00511	0.00669	0.00416	0.00381	0.00714	0.01123	0.01351	0.07957	0.08198	0.72921	0.01248	0.00583	0.00167	0.00250	0.01047	0.00460	0.00416
22	0.01106	0.18229	0.54286	0.01333	0.04664	0.01292	0.03835	0.03406	0.01073	0.02778	0.00872	0.01017	0.00651	0.00457	0.00439	0.00143	0.00665	0.00354	0.00226	0.03173
23	0.01884	0.01351	0.01459	0.01118	0.01511	0.01486	0.00924	0.74422	0.02267	0.06761	0.01216	0.01203	0.00854	0.00591	0.00492	0.00148	0.00535	0.00445	0.00497	0.00836
24	0.01038	0.02471	0.09315	0.01244	0.06905	0.04625	0.04889	0.05065	0.02530	0.01538	0.16157	0.03346	0.03907	0.00973	0.06368	0.00217	0.27963	0.00559	0.00317	0.00575
25	0.01019	0.00873	0.01019	0.00728	0.01165	0.00655	0.00582	0.01237	0.01019	0.01601	0.00873	0.01019	0.00728	0.00364	0.00364	0.00073	0.00364	0.00291	0.00291	0.85734
26	0.01403	0.00979	0.05152	0.00994	0.03197	0.00819	0.06861	0.07892	0.04373	0.24707	0.06883	0.05688	0.03378	0.00604	0.00477	0.00134	0.00439	0.00520	0.00430	0.25069
27	0.01019	0.00873	0.01019	0.00728	0.01165	0.00655	0.00582	0.01237	0.01019	0.01601	0.00873	0.01019	0.00728	0.00364	0.00364	0.00073	0.00364	0.00291	0.00291	0.85734
28	0.04192	0.16955	0.10664	0.02639	0.01402	0.01287	0.00923	0.31654	0.01541	0.05631	0.03256	0.12439	0.01270	0.00705	0.00476	0.00151	0.00505	0.03230	0.00393	0.00685
29	0.00685	0.00502	0.00643	0.00607	0.00728	0.00459	0.00456	0.00907	0.01367	0.01913	0.72723	0.03766	0.11355	0.01026	0.00580	0.00156	0.00233	0.00902	0.00533	0.00459
30	0.01132	0.00991	0.02784	0.01017	0.01298	0.03063	0.08810	0.04343	0.38192	0.05767	0.03897	0.02598	0.15884	0.00799	0.00537	0.00169	0.00438	0.07161	0.00455	0.00663
31	0.00854	0.00427	0.00640	0.00640	0.00640	0.00427	0.00427	0.00640	0.00640	0.00854	0.00854	0.01494	0.00854	0.01707	0.01921	0.85702	0.00427	0.00427	0.00213	0.00213
32	0.01016	0.01069	0.05821	0.01449	0.03330	0.00984	0.36631	0.05911	0.02363	0.01541	0.04881	0.10537	0.02582	0.09238	0.08185	0.00257	0.02647	0.00673	0.00310	0.00579
33	0.01350	0.10644	0.01285	0.00959	0.01256	0.01220	0.00777	0.11699	0.44497	0.09418	0.03098	0.05329	0.01447	0.00743	0.02045	0.00170	0.00439	0.02418	0.00468	0.00736
34	0.01304	0.30055	0.16390	0.01183	0.05494	0.01453	0.06031	0.18121	0.03795	0.01801	0.06322	0.01215	0.00995	0.00512	0.00433	0.00134	0.00559	0.00403	0.00310	0.03491
35	0.07881	0.39715	0.15917	0.01139	0.06928	0.09754	0.01046	0.05936	0.01116	0.01462	0.00885	0.01006	0.02734	0.00482	0.00410	0.00129	0.02231	0.00333	0.00247	0.00648

[dist]
# distance from previous block
# <min> <max>
15	59

[block]
# block no. 1 follows, 51 sequences, length 20
# corresponding to MSA columns:
# 351-370
name=unknown_B
#
# <colnr> <probs for GDERKNQSTAVLIFYWHMCP>
#	G	D	E	R	K	N	Q	S	T	A	V	L	I	F	Y	W	H	M	C	P
0	0.06354	0.07884	0.04637	0.01007	0.01255	0.27248	0.00822	0.09265	0.03664	0.01507	0.03654	0.03116	0.01034	0.02844	0.20169	0.00303	0.02587	0.00435	0.00300	0.01917
1	0.06201	0.00903	0.01194	0.05742	0.12295	0.00925	0.00848	0.09669	0.05322	0.24027	0.10329	0.02018	0.07402	0.00694	0.00567	0.00157	0.05260	0.02927	0.00444	0.03076
2	0.01008	0.13433	0.64837	0.01282	0.01925	0.01207	0.01602	0.01493	0.01026	0.01484	0.00963	0.05831	0.00780	0.00524	0.00456	0.00151	0.00673	0.00411	0.00223	0.00694
3	0.00659	0.00499	0.00609	0.00595	0.00721	0.00449	0.00447	0.00850	0.01277	0.01723	0.50524	0.08466	0.26782	0.01117	0.00586	0.00163	0.00247	0.03333	0.00508	0.00445
4	0.01809	0.05824	0.05645	0.00877	0.01284	0.00826	0.00765	0.03527	0.02688	0.51838	0.02813	0.01485	0.01107	0.00550	0.00459	0.00135	0.00430	0.00441	0.00496	0.17001
5	0.01019	0.00873	0.01019	0.00728	0.01165	0.00655	0.00582	0.01237	0.01019	0.01601	0.00873	0.01019	0.00728	0.00364	0.00364	0.00073	0.00364	0.00291	0.00291	0.85734
6	0.01182	0.01949	0.48101	0.01257	0.01812	0.02378	0.03077	0.08758	0.13420	0.06731	0.01178	0.01271	0.00855	0.00699	0.05001	0.00192	0.00674	0.00422	0.00310	0.00731
7	0.00601	0.00494	0.00510	0.00512	0.00653	0.00423	0.00370	0.00713	0.01077	0.01304	0.07002	0.06704	0.65842	0.10667	0.00804	0.00202	0.00276	0.01005	0.00441	0.00403
8	0.00615	0.00499	0.00545	0.00533	0.00684	0.00429	0.00400	0.00771	0.01200	0.01517	0.26888	0.04418	0.57436	0.01174	0.00580	0.00163	0.00244	0.00993	0.00481	0.00429
9	0.00655	0.00501	0.00601	0.00576	0.00709	0.00447	0.00432	0.00849	0.01296	0.01745	0.53254	0.04043	0.30929	0.01089	0.00580	0.00159	0.00238	0.00941	0.00511	0.00447
10	0.05281	0.01106	0.05704	0.12435	0.34085	0.01062	0.01190	0.01437	0.01042	0.05876	0.00922	0.01171	0.00743	0.00485	0.00567	0.00142	0.08720	0.00399	0.00268	0.17364
11	0.00979	0.00831	0.00976	0.00724	0.01122	0.00631	0.00570	0.01185	0.01012	0.01568	0.01048	0.08752	0.00968	0.00476	0.00389	0.00085	0.00356	0.00396	0.00307	0.77626
12	0.01249	0.03524	0.17352	0.01802	0.12952	0.05299	0.32984	0.06125	0.01225	0.06051	0.02780	0.01444	0.00915	0.00503	0.00525	0.00158	0.00702	0.03429	0.00288	0.00693
13	0.06174	0.66179	0.02295	0.00889	0.01283	0.10674	0.00839	0.04547	0.01085	0.01297	0.00711	0.00815	0.00633	0.00439	0.00336	0.00112	0.00558	0.00276	0.00231	0.00626
14	0.00982	0.00826	0.01067	0.05565	0.05664	0.00894	0.03752	0.01700	0.33511	0.01807	0.18809	0.08629	0.02381	0.00869	0.00554	0.00173	0.00399	0.11340	0.00459	0.00618
15	0.01163	0.01176	0.03375	0.04006	0.28101	0.01255	0.19026	0.03947	0.08472	0.01582	0.02283	0.02442	0.00902	0.00583	0.00772	0.00170	0.19287	0.00500	0.00277	0.00681
16	0.00614	0.00496	0.00546	0.00539	0.00686	0.00428	0.00402	0.00767	0.01189	0.01506	0.25883	0.07605	0.55240	0.01189	0.00582	0.00164	0.00246	0.01010	0.00480	0.00428
17	0.00776	0.00595	0.00763	0.00855	0.09348	0.00544	0.00559	0.00984	0.02992	0.05007	0.29553	0.09593	0.34472	0.01056	0.00568	0.00162	0.00293	0.00913	0.00470	0.00497
18	0.01097	0.01130	0.06164	0.15696	0.54988	0.01081	0.01395	0.01395	0.01094	0.01530	0.02799	0.03117	0.05310	0.00528	0.00496	0.00152	0.00571	0.00496	0.00260	0.00702
19	0.61029	0.23332	0.01243	0.00714	0.01049	0.03276	0.00626	0.01465	0.00894	0.01895	0.00686	0.00798	0.00561	0.00448	0.00311	0.00139	0.00432	0.00266	0.00277	0.00560

[dist]
# distance from previous block
# <min> <max>
6	40

[block]
# block no. 2 follows, 51 sequences, length 49
# corresponding to MSA columns:
# 411-441,445-462
name=unknown_C
#
# <colnr> <probs for GDERKNQSTAVLIFYWHMCP>
#	G	D	E	R	K	N	Q	S	T	A	V	L	I	F	Y	W	H	M	C	P
0	0.08477	0.70081	0.06072	0.00863	0.01283	0.03979	0.00864	0.01487	0.00997	0.01265	0.00695	0.00804	0.00622	0.00428	0.00325	0.00112	0.00533	0.00269	0.00219	0.00625
1	0.01104	0.00876	0.01134	0.00899	0.01203	0.00812	0.07138	0.16479	0.02243	0.01763	0.03232	0.08950	0.05748	0.00795	0.00665	0.11414	0.00433	0.02662	0.00355	0.32096
2	0.00852	0.00469	0.00718	0.07477	0.00883	0.00492	0.00515	0.00704	0.00676	0.00902	0.00878	0.01500	0.00855	0.01701	0.05646	0.74341	0.00489	0.00433	0.00216	0.00252
3	0.01836	0.02342	0.01393	0.01266	0.01519	0.80756	0.00950	0.01962	0.01393	0.01203	0.00760	0.00886	0.00633	0.00506	0.00443	0.00127	0.00886	0.00317	0.00253	0.00570
4	0.00934	0.00880	0.01485	0.79853	0.05032	0.01093	0.01368	0.01261	0.00986	0.01263	0.00875	0.01308	0.00658	0.00490	0.00491	0.00163	0.00654	0.00437	0.00219	0.00551
5	0.01347	0.01118	0.01181	0.01025	0.01325	0.01280	0.00808	0.17151	0.64034	0.02257	0.01842	0.01707	0.01372	0.00652	0.00498	0.00163	0.00418	0.00534	0.00498	0.00789
6	0.00602	0.00430	0.00573	0.00682	0.00714	0.00401	0.00456	0.00693	0.00956	0.01279	0.05314	0.79734	0.03297	0.01521	0.00626	0.00198	0.00283	0.01380	0.00459	0.00401
7	0.02558	0.01020	0.04551	0.00910	0.01231	0.00990	0.00763	0.23051	0.15868	0.19931	0.07129	0.02245	0.14659	0.00753	0.00515	0.00158	0.00420	0.02035	0.00501	0.00714
8	0.00599	0.00428	0.00570	0.00684	0.00713	0.00399	0.00456	0.00684	0.00941	0.01254	0.02709	0.82409	0.03250	0.01540	0.00627	0.00200	0.00285	0.01397	0.00456	0.00399
9	0.00666	0.00544	0.00650	0.00660	0.00766	0.00535	0.00490	0.00830	0.03254	0.01403	0.13699	0.27131	0.36352	0.01254	0.00682	0.00180	0.07152	0.02865	0.00448	0.00438
10	0.03121	0.01371	0.03653	0.01304	0.08121	0.05384	0.03675	0.52684	0.01905	0.03811	0.01095	0.01173	0.00808	0.00617	0.02006	0.00158	0.03339	0.00430	0.00418	0.04926
11	0.01635	0.00789	0.00969	0.00794	0.01076	0.04530	0.00635	0.01832	0.01386	0.47941	0.25802	0.02414	0.06504	0.00760	0.00523	0.00152	0.00375	0.00636	0.00562	0.00686
12	0.01729	0.06008	0.01454	0.01308	0.05276	0.66441	0.00957	0.01972	0.07892	0.01292	0.00869	0.00978	0.00713	0.00513	0.00444	0.00130	0.00812	0.00340	0.00272	0.00600
13	0.08052	0.00670	0.00753	0.00757	0.00901	0.00694	0.00561	0.10296	0.09658	0.01663	0.02547	0.43897	0.11802	0.01194	0.00566	0.00183	0.00339	0.04507	0.00452	0.00509
14	0.01339	0.01149	0.01174	0.01029	0.01322	0.04115	0.00807	0.13603	0.64836	0.02177	0.01836	0.01704	0.01372	0.00650	0.00497	0.00162	0.00429	0.00531	0.00490	0.00779
15	0.00908	0.00833	0.01224	0.01087	0.01143	0.01091	0.03313	0.01056	0.00783	0.01176	0.00962	0.01473	0.00914	0.02132	0.37619	0.00475	0.42597	0.00479	0.00238	0.00497
16	0.01501	0.01155	0.01265	0.01127	0.05074	0.02464	0.00856	0.24383	0.45234	0.08903	0.01687	0.01587	0.01236	0.00626	0.00496	0.00158	0.00452	0.00508	0.00491	0.00796
17	0.86201	0.00950	0.00722	0.00646	0.00950	0.01102	0.00532	0.01445	0.00836	0.02205	0.00684	0.00798	0.00532	0.00456	0.00304	0.00152	0.00380	0.00266	0.00304	0.00532
18	0.01001	0.01382	0.22692	0.03954	0.07287	0.00996	0.21046	0.03458	0.06445	0.01697	0.16775	0.02027	0.05667	0.00640	0.00535	0.00161	0.00583	0.02681	0.00334	0.00639
19	0.00702	0.00527	0.00790	0.00790	0.00878	0.00614	0.00614	0.00878	0.00790	0.01141	0.01316	0.01931	0.01229	0.03686	0.80782	0.00790	0.01316	0.00527	0.00263	0.00439
20	0.01446	0.01393	0.15116	0.01124	0.01527	0.01249	0.03037	0.23382	0.34979	0.09127	0.01544	0.01484	0.01116	0.00598	0.00493	0.00158	0.00505	0.00486	0.00449	0.00787
21	0.00916	0.00458	0.00458	0.00458	0.00573	0.00458	0.00344	0.01145	0.01031	0.01832	0.01603	0.01832	0.01260	0.00573	0.00344	0.00115	0.00229	0.00458	0.85457	0.00458
22	0.01177	0.01217	0.03374	0.12058	0.10274	0.03113	0.33017	0.03507	0.02731	0.03618	0.00933	0.01254	0.00740	0.00551	0.00794	0.00173	0.20075	0.00495	0.00257	0.00641
23	0.00898	0.00550	0.00705	0.00639	0.00800	0.00494	0.00489	0.01109	0.01356	0.13199	0.57826	0.03528	0.14540	0.00981	0.00567	0.00156	0.00261	0.00852	0.00539	0.00511
24	0.02252	0.15739	0.02719	0.26769	0.02105	0.08770	0.11540	0.06009	0.02327	0.03082	0.01115	0.01369	0.04569	0.00705	0.04349	0.01868	0.03408	0.00447	0.00268	0.00590
25	0.00643	0.00480	0.00631	0.00715	0.00762	0.00473	0.00508	0.00745	0.00959	0.01269	0.02752	0.61716	0.09468	0.04011	0.00735	0.00209	0.04282	0.08792	0.00439	0.00409
26	0.01043	0.00981	0.01626	0.45624	0.31810	0.01107	0.01362	0.01406	0.04841	0.01448	0.03412	0.01375	0.00868	0.00496	0.00493	0.00157	0.00602	0.00457	0.00252	0.00642
27	0.01630	0.01284	0.01365	0.05018	0.01542	0.03603	0.00909	0.49880	0.24830	0.02647	0.01396	0.01371	0.01018	0.00606	0.00493	0.00153	0.00511	0.00472	0.00474	0.00797
28	0.74808	0.07936	0.03425	0.00695	0.01024	0.01182	0.00606	0.02823	0.00883	0.02112	0.00699	0.00812	0.00549	0.00456	0.00314	0.00148	0.00406	0.00272	0.00296	0.00552
29	0.67236	0.04415	0.06259	0.03336	0.01168	0.07861	0.00693	0.01491	0.00908	0.02005	0.00710	0.00838	0.00555	0.00461	0.00333	0.00149	0.00461	0.00282	0.00287	0.00553
30	0.00765	0.00540	0.00743	0.00740	0.00807	0.00597	0.00549	0.00888	0.00814	0.03260	0.01517	0.04166	0.01552	0.27205	0.43870	0.00599	0.03679	0.06997	0.00301	0.00411
31	0.01272	0.07662	0.03462	0.01084	0.10565	0.04677	0.00793	0.04260	0.01139	0.10677	0.00993	0.01100	0.00779	0.00423	0.00401	0.00101	0.00450	0.00338	0.00319	0.49503
32	0.01302	0.01080	0.02667	0.00965	0.01273	0.03215	0.00774	0.10146	0.49750	0.07195	0.01964	0.01890	0.06276	0.00670	0.00494	0.00156	0.00417	0.01716	0.00474	0.07578
33	0.00735	0.00585	0.00795	0.00912	0.11129	0.00543	0.00582	0.00944	0.01273	0.01747	0.49043	0.07771	0.20061	0.01010	0.00570	0.00158	0.00285	0.00888	0.00479	0.00491
34	0.01368	0.01270	0.01161	0.01038	0.03069	0.17146	0.00788	0.19743	0.24909	0.01984	0.08381	0.01956	0.09280	0.03489	0.00590	0.00164	0.02012	0.00558	0.00429	0.00665
35	0.02050	0.00940	0.01190	0.00919	0.01288	0.00889	0.00756	0.19332	0.01609	0.58639	0.05803	0.01666	0.01309	0.00625	0.00498	0.00151	0.00436	0.00503	0.00578	0.00817
36	0.01614	0.04855	0.01526	0.01316	0.10355	0.02685	0.03080	0.48958	0.08588	0.03877	0.04511	0.01483	0.01104	0.00609	0.00496	0.00150	0.00528	0.03044	0.00444	0.00778
37	0.02205	0.00836	0.01140	0.00874	0.01254	0.00722	0.00722	0.02395	0.01407	0.80004	0.01939	0.01673	0.01216	0.00608	0.00494	0.00152	0.00418	0.00494	0.00608	0.00836
38	0.01241	0.07846	0.03184	0.12484	0.16943	0.14251	0.11023	0.05112	0.09526	0.01566	0.04921	0.01590	0.03560	0.00608	0.01543	0.00159	0.00628	0.02865	0.00306	0.00646
39	0.00658	0.00487	0.00615	0.00612	0.00719	0.00443	0.00448	0.00844	0.01259	0.01726	0.52373	0.19531	0.16170	0.01149	0.00589	0.00165	0.00245	0.01013	0.00511	0.00443
40	0.00973	0.05609	0.08206	0.00953	0.03361	0.00932	0.03454	0.01649	0.29865	0.01804	0.25309	0.04665	0.06981	0.03355	0.00584	0.00169	0.00392	0.00677	0.00443	0.00619
41	0.00682	0.00502	0.00638	0.00604	0.00726	0.00458	0.00453	0.00901	0.01359	0.01895	0.70702	0.03795	0.13386	0.01033	0.00580	0.00156	0.00234	0.00906	0.00531	0.00458
42	0.00736	0.00612	0.00950	0.00882	0.01000	0.00617	0.10279	0.02182	0.00958	0.01289	0.02265	0.38071	0.10224	0.06932	0.17258	0.00331	0.03612	0.00982	0.00372	0.00448
43	0.01013	0.09335	0.73633	0.01353	0.02054	0.01209	0.01733	0.01549	0.01034	0.01523	0.00865	0.01016	0.00623	0.00463	0.00454	0.00151	0.00709	0.00355	0.00208	0.00718
44	0.01149	0.01026	0.01576	0.02081	0.47472	0.00961	0.01129	0.03031	0.01145	0.03203	0.07559	0.01376	0.01100	0.00471	0.00460	0.00126	0.00487	0.00435	0.00294	0.24918
45	0.01019	0.00873	0.01019	0.00728	0.01165	0.00655	0.00582	0.01237	0.01019	0.01601	0.00873	0.01019	0.00728	0.00364	0.00364	0.00073	0.00364	0.00291	0.00291	0.85734
46	0.01242	0.00990	0.01283	0.18896	0.03082	0.01108	0.04552	0.16430	0.26207	0.05573	0.05577	0.04721	0.01358	0.04664	0.00629	0.01552	0.00495	0.00558	0.00411	0.00672
47	0.00718	0.00482	0.00552	0.00556	0.00565	0.00480	0.00327	0.00735	0.00754	0.01007	0.03787	0.03343	0.01918	0.76453	0.02358	0.00455	0.00468	0.04420	0.00312	0.00310
48	0.02498	0.00660	0.00843	0.09832	0.04829	0.02123	0.00619	0.01058	0.01096	0.06679	0.21180	0.10319	0.11798	0.14934	0.00872	0.00211	0.00388	0.02496	0.00404	0.07161

[dist]
# distance from previous block
# <min> <max>
0	1

[block]
# block no. 3 follows, 51 sequences, length 38
# corresponding to MSA columns:
# 464-501
name=unknown_D
#
# <colnr> <probs for GDERKNQSTAVLIFYWHMCP>
#	G	D	E	R	K	N	Q	S	T	A	V	L	I	F	Y	W	H	M	C	P
0	0.12876	0.01199	0.01220	0.04921	0.03734	0.06560	0.00846	0.22592	0.33159	0.05670	0.01432	0.01405	0.01059	0.00589	0.00467	0.00155	0.00482	0.00458	0.00439	0.00738
1	0.05401	0.01666	0.23423	0.01202	0.03746	0.15333	0.05189	0.09516	0.04365	0.07049	0.02977	0.05225	0.00969	0.00554	0.00465	0.00142	0.00607	0.00444	0.00323	0.11404
2	0.00892	0.00613	0.00781	0.04645	0.01011	0.00620	0.00613	0.04594	0.08751	0.07527	0.02461	0.41059	0.06348	0.05242	0.00690	0.00205	0.00368	0.12625	0.00454	0.00501
3	0.01099	0.01069	0.01882	0.33326	0.42596	0.01146	0.08920	0.01417	0.01070	0.01467	0.00911	0.01263	0.00727	0.00456	0.00498	0.00155	0.00635	0.00451	0.00234	0.00677
4	0.01205	0.00974	0.01323	0.23108	0.04574	0.01052	0.04077	0.13838	0.13410	0.06113	0.01337	0.07614	0.01113	0.00627	0.00525	0.00152	0.02910	0.02236	0.00364	0.13446
5	0.00982	0.04765	0.71291	0.01367	0.03581	0.01123	0.01695	0.01513	0.01060	0.01572	0.05830	0.01200	0.00879	0.00499	0.00470	0.00154	0.00686	0.00395	0.00229	0.00708
6	0.01111	0.00940	0.01012	0.00935	0.01168	0.01072	0.00717	0.02243	0.63254	0.01885	0.02089	0.08446	0.03218	0.04784	0.02881	0.00203	0.00410	0.02455	0.00478	0.00700
7	0.00700	0.00604	0.04457	0.00727	0.00813	0.00536	0.00536	0.00873	0.04784	0.01274	0.04218	0.48953	0.02554	0.16182	0.06070	0.00279	0.02200	0.01062	0.00398	0.02780
8	0.51359	0.01048	0.00974	0.00811	0.01143	0.01172	0.00666	0.20104	0.06407	0.10626	0.01023	0.01051	0.00742	0.00518	0.00382	0.00152	0.00424	0.00352	0.00394	0.00654
9	0.01110	0.32933	0.50878	0.01189	0.01800	0.01445	0.01448	0.01524	0.01023	0.01405	0.00807	0.00943	0.00626	0.00449	0.00410	0.00137	0.00650	0.00325	0.00209	0.00690
10	0.00701	0.00511	0.00721	0.00725	0.00790	0.00573	0.00533	0.00831	0.00778	0.01101	0.01428	0.05508	0.01443	0.22289	0.59012	0.00692	0.01076	0.00606	0.00279	0.00404
11	0.79671	0.00983	0.00781	0.00684	0.00995	0.01135	0.00563	0.07374	0.00950	0.02274	0.00723	0.00828	0.00556	0.00467	0.00319	0.00152	0.00393	0.00280	0.00319	0.00556
12	0.04855	0.01164	0.01320	0.04938	0.03941	0.01261	0.00877	0.48252	0.06306	0.12955	0.03042	0.02820	0.03108	0.00624	0.00489	0.00151	0.00492	0.00490	0.02143	0.00772
13	0.01133	0.00966	0.01312	0.08771	0.03335	0.01037	0.10247	0.06526	0.34010	0.03807	0.08112	0.07895	0.01665	0.00712	0.00524	0.00163	0.00463	0.03699	0.00426	0.05196
14	0.00689	0.00517	0.00644	0.00637	0.00755	0.00483	0.00476	0.00931	0.04496	0.01744	0.49507	0.15114	0.16460	0.01123	0.00588	0.00167	0.00259	0.04443	0.00509	0.00459
15	0.01159	0.01220	0.10969	0.02898	0.03343	0.05541	0.03760	0.10992	0.29537	0.01971	0.17542	0.03768	0.03746	0.00707	0.00515	0.00158	0.00467	0.00598	0.00433	0.00676
16	0.00596	0.00437	0.00560	0.00658	0.00706	0.00401	0.00445	0.00687	0.00966	0.01265	0.03024	0.71600	0.13855	0.01499	0.00621	0.00195	0.00280	0.01347	0.00456	0.00401
17	0.01192	0.02704	0.08141	0.00888	0.01325	0.00885	0.01780	0.10122	0.06303	0.05578	0.01028	0.01125	0.00802	0.00441	0.00427	0.00103	0.01893	0.00348	0.00332	0.54583
18	0.00916	0.00458	0.00458	0.00458	0.00573	0.00458	0.00344	0.01145	0.01031	0.01832	0.01603	0.01832	0.01260	0.00573	0.00344	0.00115	0.00229	0.00458	0.85457	0.00458
19	0.01314	0.59200	0.16507	0.00991	0.01448	0.10822	0.01030	0.01543	0.01051	0.01234	0.00728	0.00845	0.00629	0.00439	0.00357	0.00117	0.00603	0.00287	0.00215	0.00641
20	0.01257	0.00649	0.00851	0.00732	0.00948	0.00596	0.00573	0.01534	0.05687	0.29613	0.45483	0.05079	0.03211	0.00860	0.00546	0.00156	0.00308	0.00745	0.00560	0.00611
21	0.00912	0.03414	0.03981	0.00848	0.01066	0.04095	0.07408	0.04827	0.05145	0.03872	0.30966	0.09223	0.17823	0.01953	0.00580	0.00164	0.00383	0.02363	0.00450	0.00528
22	0.86201	0.00950	0.00722	0.00646	0.00950	0.01102	0.00532	0.01445	0.00836	0.02205	0.00684	0.00798	0.00532	0.00456	0.00304	0.00152	0.00380	0.00266	0.00304	0.00532
23	0.00849	0.06939	0.07128	0.00746	0.00956	0.06763	0.00637	0.01111	0.03919	0.01664	0.41271	0.03080	0.17071	0.01047	0.04535	0.00183	0.00405	0.00755	0.00438	0.00506
24	0.01019	0.00873	0.01019	0.00728	0.01165	0.00655	0.00582	0.01237	0.01019	0.01601	0.00873	0.01019	0.00728	0.00364	0.00364	0.00073	0.00364	0.00291	0.00291	0.85734
25	0.01115	0.00985	0.05176	0.01104	0.06142	0.00862	0.08736	0.07720	0.10232	0.06215	0.07073	0.08987	0.04488	0.00684	0.00497	0.00142	0.00448	0.04768	0.00386	0.24239
26	0.01019	0.00873	0.01019	0.00728	0.01165	0.00655	0.00582	0.01237	0.01019	0.01601	0.00873	0.01019	0.00728	0.00364	0.00364	0.00073	0.00364	0.00291	0.00291	0.85734
27	0.05913	0.01391	0.01408	0.03738	0.19190	0.23820	0.03834	0.07377	0.12873	0.01643	0.03770	0.01456	0.01995	0.04794	0.04528	0.00194	0.00653	0.00458	0.00322	0.00643
28	0.00624	0.00500	0.00557	0.00543	0.00690	0.00433	0.00407	0.00788	0.01221	0.01567	0.32737	0.04335	0.51556	0.01155	0.00580	0.00162	0.00243	0.00982	0.00488	0.00433
29	0.01341	0.01176	0.03398	0.01347	0.10512	0.01251	0.07240	0.17175	0.43556	0.03360	0.03276	0.01609	0.01265	0.00606	0.00504	0.00160	0.00483	0.00523	0.00443	0.00773
30	0.00854	0.00427	0.00640	0.00640	0.00640	0.00427	0.00427	0.00640	0.00640	0.00854	0.00854	0.01494	0.00854	0.01707	0.01921	0.85702	0.00427	0.00427	0.00213	0.00213
31	0.00703	0.00494	0.00640	0.00646	0.00683	0.00528	0.00434	0.00779	0.00758	0.01045	0.01520	0.07122	0.01644	0.46369	0.33914	0.00587	0.00804	0.00677	0.00293	0.00360
32	0.01081	0.01001	0.01621	0.57937	0.19129	0.01166	0.01386	0.01355	0.01048	0.01403	0.00971	0.01429	0.00785	0.02075	0.00630	0.00185	0.05437	0.00470	0.00255	0.00635
33	0.01852	0.11723	0.01585	0.01270	0.01548	0.70593	0.00970	0.01957	0.01397	0.01282	0.00840	0.00998	0.00717	0.00554	0.00466	0.00140	0.00868	0.00340	0.00278	0.00622
34	0.09764	0.00966	0.01186	0.00941	0.01312	0.00905	0.00762	0.08360	0.06713	0.60625	0.01843	0.01678	0.01220	0.00653	0.00514	0.00169	0.00453	0.00501	0.00590	0.00846
35	0.01159	0.05906	0.48624	0.07435	0.05482	0.02438	0.07184	0.01572	0.01111	0.05336	0.02648	0.01327	0.00869	0.00709	0.04216	0.01813	0.00738	0.00437	0.00273	0.00723
36	0.03369	0.03706	0.10349	0.02994	0.10098	0.09526	0.00987	0.11873	0.03085	0.07817	0.01094	0.01234	0.00855	0.00521	0.00467	0.00136	0.00555	0.00392	0.00354	0.30589
37	0.00729	0.00557	0.00647	0.00641	0.00772	0.00490	0.00467	0.00872	0.01274	0.01694	0.38592	0.14651	0.34268	0.01222	0.00622	0.00181	0.00278	0.01037	0.00522	0.00482

[dist]
# distance from previous block
# <min> <max>
1	17

[block]
# block no. 4 follows, 51 sequences, length 7
# corresponding to MSA columns:
# 519-525
name=unknown_E
#
# <colnr> <probs for GDERKNQSTAVLIFYWHMCP>
#	G	D	E	R	K	N	Q	S	T	A	V	L	I	F	Y	W	H	M	C	P
0	0.10177	0.01079	0.05076	0.01116	0.04274	0.06044	0.11153	0.12644	0.02862	0.05793	0.04419	0.18732	0.04937	0.02236	0.00579	0.00167	0.02976	0.00678	0.00378	0.04678
1	0.39436	0.14800	0.04135	0.01005	0.06383	0.06688	0.00804	0.08223	0.03866	0.04631	0.00844	0.00956	0.00667	0.00501	0.00439	0.00146	0.05223	0.00327	0.00306	0.00621
2	0.17005	0.11471	0.04161	0.01202	0.08584	0.11723	0.05381	0.14784	0.10481	0.03850	0.01206	0.01306	0.04034	0.02206	0.00478	0.00151	0.00548	0.00421	0.00343	0.00665
3	0.05970	0.00913	0.01508	0.57125	0.13595	0.01067	0.04519	0.01293	0.01028	0.01421	0.06139	0.01426	0.00936	0.00513	0.00489	0.00160	0.00608	0.00463	0.00250	0.00577
4	0.00704	0.00519	0.00753	0.00753	0.00828	0.00594	0.00569	0.00854	0.00779	0.01114	0.01350	0.02116	0.01309	0.15118	0.69460	0.00744	0.01195	0.00554	0.00268	0.00418
5	0.01263	0.09323	0.03775	0.10580	0.09481	0.01133	0.02371	0.12925	0.13157	0.09331	0.09889	0.03319	0.06397	0.00668	0.00543	0.00155	0.04074	0.00549	0.00395	0.00672
6	0.00719	0.00562	0.00725	0.00824	0.06067	0.00533	0.00572	0.00935	0.04305	0.01512	0.19820	0.20929	0.22614	0.03959	0.00663	0.00190	0.00324	0.13826	0.00456	0.00464

[dist]
# distance from previous block
# <min> <max>
0	1

[block]
# block no. 5 follows, 51 sequences, length 38
# corresponding to MSA columns:
# 527-564
name=unknown_F
#
# <colnr> <probs for GDERKNQSTAVLIFYWHMCP>
#	G	D	E	R	K	N	Q	S	T	A	V	L	I	F	Y	W	H	M	C	P
0	0.01034	0.07751	0.48873	0.01184	0.01709	0.01076	0.02413	0.01506	0.04386	0.05586	0.13094	0.03348	0.01371	0.00602	0.00528	0.00156	0.03931	0.00481	0.00298	0.00671
1	0.01339	0.79149	0.02518	0.00861	0.01274	0.05730	0.00846	0.01495	0.01017	0.01158	0.00687	0.00793	0.00631	0.00425	0.00321	0.00106	0.00543	0.00265	0.00212	0.00628
2	0.41846	0.01429	0.01099	0.12285	0.03073	0.28773	0.00822	0.01595	0.01054	0.01695	0.00741	0.00914	0.00591	0.00485	0.00403	0.00146	0.01910	0.00314	0.00272	0.00552
3	0.01759	0.01287	0.01387	0.01092	0.01463	0.01425	0.00893	0.59581	0.17123	0.06749	0.01377	0.01332	0.00984	0.00606	0.00493	0.00151	0.00505	0.00467	0.00499	0.00825
4	0.00599	0.00428	0.00570	0.00684	0.00713	0.00399	0.00456	0.00684	0.00941	0.01254	0.02709	0.82409	0.03250	0.01540	0.00627	0.00200	0.00285	0.01397	0.00456	0.00399
5	0.00834	0.00715	0.02417	0.02601	0.02005	0.01994	0.00607	0.02908	0.14308	0.01756	0.35753	0.13735	0.13277	0.00998	0.00603	0.00166	0.03465	0.00857	0.00475	0.00526
6	0.00585	0.00498	0.00504	0.00502	0.00666	0.00417	0.00377	0.00713	0.01130	0.01351	0.07677	0.04691	0.76751	0.01236	0.00581	0.00166	0.00248	0.01032	0.00459	0.00417
7	0.01268	0.01355	0.07603	0.05219	0.56576	0.08003	0.01408	0.05744	0.03369	0.01640	0.00957	0.01208	0.00783	0.00528	0.02115	0.00159	0.00630	0.00427	0.00262	0.00745
8	0.01229	0.04829	0.01920	0.09971	0.61652	0.04596	0.01416	0.03066	0.01125	0.01553	0.00898	0.01186	0.00751	0.00462	0.00515	0.00147	0.03281	0.00425	0.00244	0.00735
9	0.00607	0.00440	0.00574	0.00665	0.00712	0.00406	0.00451	0.00709	0.00997	0.01329	0.10287	0.69556	0.08515	0.01468	0.00620	0.00193	0.00278	0.01324	0.00464	0.00406
10	0.02931	0.01069	0.02872	0.09531	0.15811	0.03264	0.03755	0.11515	0.24618	0.03352	0.01685	0.09481	0.04953	0.00700	0.00512	0.00163	0.00492	0.02215	0.00393	0.00687
11	0.00760	0.00540	0.00705	0.00781	0.00904	0.00514	0.00649	0.00944	0.01113	0.03759	0.03150	0.15050	0.20722	0.01332	0.00644	0.00207	0.00383	0.46936	0.00459	0.00448
12	0.04013	0.19118	0.38553	0.01287	0.06560	0.04268	0.01336	0.09891	0.04360	0.04854	0.00952	0.01056	0.00714	0.00484	0.00435	0.00143	0.00623	0.00363	0.00274	0.00716
13	0.01289	0.79706	0.02503	0.00839	0.01246	0.01891	0.00832	0.01448	0.00990	0.01156	0.00709	0.00834	0.00655	0.00552	0.03553	0.00133	0.00557	0.00273	0.00212	0.00623
14	0.01618	0.01207	0.01279	0.01056	0.01383	0.05511	0.00867	0.43925	0.12888	0.08523	0.01540	0.01949	0.01246	0.00708	0.00516	0.00160	0.00511	0.11880	0.00478	0.02755
15	0.66906	0.00942	0.00829	0.00707	0.01029	0.01042	0.00583	0.04161	0.00997	0.17525	0.00947	0.00983	0.00677	0.00490	0.00348	0.00152	0.00393	0.00317	0.00370	0.00602
16	0.00758	0.00554	0.00745	0.00836	0.00957	0.00540	0.00720	0.00970	0.01140	0.01471	0.06093	0.05352	0.13669	0.01327	0.00661	0.00215	0.00415	0.62672	0.00457	0.00448
17	0.00701	0.00483	0.00593	0.00604	0.00625	0.00498	0.00380	0.00746	0.00752	0.01021	0.01607	0.10321	0.01805	0.58405	0.18926	0.00517	0.00637	0.00738	0.00305	0.00337
18	0.01160	0.01326	0.02900	0.02071	0.02568	0.01243	0.77879	0.01574	0.01160	0.01574	0.00994	0.01326	0.00746	0.00414	0.00580	0.00166	0.00829	0.00580	0.00249	0.00663
19	0.00916	0.00458	0.00458	0.00458	0.00573	0.00458	0.00344	0.01145	0.01031	0.01832	0.01603	0.01832	0.01260	0.00573	0.00344	0.00115	0.00229	0.00458	0.85457	0.00458
20	0.00639	0.00512	0.02736	0.00643	0.00715	0.00443	0.00454	0.00743	0.00977	0.01297	0.11249	0.46148	0.13773	0.16192	0.00952	0.00239	0.00321	0.01138	0.00430	0.00399
21	0.02205	0.00836	0.01140	0.00874	0.01254	0.00722	0.00722	0.02395	0.01407	0.80004	0.01939	0.01673	0.01216	0.00608	0.00494	0.00152	0.00418	0.00494	0.00608	0.00836
22	0.01444	0.01178	0.03419	0.06021	0.04852	0.03829	0.00894	0.36665	0.15887	0.04684	0.03153	0.05949	0.06634	0.00756	0.02222	0.00170	0.00511	0.00561	0.00445	0.00725
23	0.01837	0.02293	0.01397	0.01259	0.01519	0.76742	0.00949	0.05817	0.01439	0.01299	0.00781	0.00901	0.00643	0.00511	0.00446	0.00128	0.00869	0.00323	0.00265	0.00583
24	0.01099	0.18386	0.59616	0.01326	0.04488	0.01287	0.01576	0.01566	0.01045	0.04067	0.00879	0.01015	0.00649	0.00461	0.00438	0.00145	0.00672	0.00350	0.00222	0.00713
25	0.07799	0.00838	0.01103	0.00854	0.01224	0.00743	0.00705	0.02303	0.01368	0.73292	0.03347	0.01653	0.01237	0.00606	0.00483	0.00152	0.00412	0.00487	0.00587	0.00809
26	0.86201	0.00950	0.00722	0.00646	0.00950	0.01102	0.00532	0.01445	0.00836	0.02205	0.00684	0.00798	0.00532	0.00456	0.00304	0.00152	0.00380	0.00266	0.00304	0.00532
27	0.01097	0.04151	0.67605	0.01348	0.02018	0.01204	0.01668	0.10041	0.03299	0.01731	0.00941	0.01069	0.00670	0.00485	0.00467	0.00154	0.00692	0.00375	0.00247	0.00738
28	0.01648	0.10797	0.07948	0.01378	0.14591	0.04249	0.01038	0.29647	0.03288	0.17044	0.02837	0.01278	0.00944	0.00546	0.00469	0.00144	0.00541	0.00431	0.00409	0.00775
29	0.01825	0.01343	0.01440	0.01109	0.01487	0.01485	0.00910	0.75163	0.02251	0.03018	0.01194	0.01255	0.00871	0.03631	0.00566	0.00160	0.00538	0.00453	0.00484	0.00816
30	0.01353	0.00870	0.00984	0.00821	0.01094	0.00871	0.00657	0.28554	0.01595	0.16700	0.05787	0.08600	0.26617	0.00907	0.00538	0.00160	0.00391	0.02354	0.00501	0.00645
31	0.01169	0.00890	0.01040	0.00916	0.01118	0.04140	0.00729	0.24360	0.04201	0.03878	0.03628	0.01689	0.01190	0.02235	0.42755	0.00486	0.02090	0.00501	0.02397	0.00590
32	0.01230	0.01039	0.01104	0.00986	0.01258	0.01190	0.00768	0.08075	0.67772	0.02101	0.04481	0.04766	0.01616	0.00704	0.00507	0.00166	0.00391	0.00589	0.00499	0.00758
33	0.00854	0.00427	0.00640	0.00640	0.00640	0.00427	0.00427	0.00640	0.00640	0.00854	0.00854	0.01494	0.00854	0.01707	0.01921	0.85702	0.00427	0.00427	0.00213	0.00213
34	0.00602	0.00434	0.00571	0.00674	0.00712	0.00403	0.00453	0.00696	0.00969	0.01291	0.06346	0.75577	0.06447	0.01503	0.00623	0.00196	0.00281	0.01359	0.00460	0.00403
35	0.01144	0.01094	0.01864	0.22688	0.60556	0.01149	0.01472	0.01445	0.01085	0.01518	0.00912	0.01240	0.00748	0.00451	0.00488	0.00150	0.00602	0.00438	0.00237	0.00720
36	0.01005	0.00574	0.00739	0.00657	0.00837	0.00513	0.00507	0.01213	0.01356	0.18720	0.52231	0.03388	0.14411	0.00953	0.00561	0.00156	0.00274	0.00824	0.00544	0.00537
37	0.01210	0.01161	0.01983	0.04841	0.77891	0.01166	0.01505	0.01502	0.01116	0.01597	0.00923	0.01218	0.00776	0.00439	0.00487	0.00146	0.00585	0.00438	0.00243	0.00773

[dist]
# distance from previous block
# <min> <max>
1	269

[block]
# block no. 6 follows, 51 sequences, length 41
# corresponding to MSA columns:
# 834-874
name=unknown_G
#
# <colnr> <probs for GDERKNQSTAVLIFYWHMCP>
#	G	D	E	R	K	N	Q	S	T	A	V	L	I	F	Y	W	H	M	C	P
0	0.01864	0.01276	0.01400	0.01085	0.01467	0.01389	0.00892	0.61569	0.08226	0.13690	0.01350	0.01300	0.00941	0.00599	0.00493	0.00150	0.00512	0.00459	0.00508	0.00831
1	0.19971	0.00887	0.02489	0.02212	0.02178	0.00863	0.02060	0.07484	0.05631	0.19513	0.07561	0.02029	0.14817	0.00689	0.00484	0.00150	0.01897	0.00545	0.00434	0.08108
2	0.01019	0.00873	0.01019	0.00728	0.01165	0.00655	0.00582	0.01237	0.01019	0.01601	0.00873	0.01019	0.00728	0.00364	0.00364	0.00073	0.00364	0.00291	0.00291	0.85734
3	0.00644	0.00500	0.00580	0.00564	0.00699	0.00443	0.00421	0.00817	0.01234	0.01622	0.40256	0.04183	0.39489	0.04197	0.00654	0.00173	0.00253	0.02343	0.00491	0.00434
4	0.00763	0.00544	0.00748	0.00850	0.00955	0.00536	0.00722	0.00955	0.01096	0.01420	0.02699	0.12538	0.07554	0.01380	0.00711	0.03164	0.00423	0.62062	0.00445	0.00437
5	0.01009	0.04496	0.71407	0.01445	0.02144	0.01171	0.08473	0.01556	0.01047	0.01548	0.00887	0.01056	0.00634	0.00461	0.00473	0.00155	0.00730	0.00380	0.00211	0.00718
6	0.01192	0.01173	0.01175	0.01103	0.05328	0.18907	0.05743	0.07336	0.15577	0.01692	0.15393	0.05195	0.06246	0.05214	0.02385	0.00187	0.00540	0.04624	0.00399	0.00588
7	0.25663	0.00988	0.05857	0.03557	0.01219	0.00877	0.00691	0.06542	0.01067	0.06840	0.02323	0.01249	0.02468	0.03023	0.04344	0.00164	0.00461	0.00366	0.00327	0.31973
8	0.01019	0.00873	0.01019	0.00728	0.01165	0.00655	0.00582	0.01237	0.01019	0.01601	0.00873	0.01019	0.00728	0.00364	0.00364	0.00073	0.00364	0.00291	0.00291	0.85734
9	0.01187	0.01243	0.03810	0.06539	0.09789	0.02353	0.51829	0.02739	0.03895	0.04861	0.05821	0.01475	0.01023	0.00479	0.00554	0.00161	0.00721	0.00562	0.00291	0.00669
10	0.01836	0.02342	0.01393	0.01266	0.01519	0.80756	0.00950	0.01962	0.01393	0.01203	0.00760	0.00886	0.00633	0.00506	0.00443	0.00127	0.00886	0.00317	0.00253	0.00570
11	0.00867	0.00625	0.00858	0.00797	0.00951	0.00596	0.05761	0.05787	0.03544	0.06729	0.21933	0.32583	0.12094	0.01142	0.00588	0.00176	0.00338	0.03652	0.00477	0.00504
12	0.01222	0.01056	0.01111	0.01000	0.01278	0.01222	0.00778	0.02611	0.78776	0.02056	0.02000	0.01833	0.01500	0.00667	0.00500	0.00167	0.00389	0.00556	0.00500	0.00778
13	0.00865	0.00582	0.00724	0.00662	0.00822	0.00548	0.00508	0.03349	0.05133	0.08220	0.56535	0.03512	0.13375	0.00980	0.00568	0.00157	0.00269	0.02146	0.00531	0.00514
14	0.00599	0.00428	0.00570	0.00684	0.00713	0.00399	0.00456	0.00684	0.00941	0.01254	0.02709	0.82409	0.03250	0.01540	0.00627	0.00200	0.00285	0.01397	0.00456	0.00399
15	0.01293	0.78032	0.07390	0.00876	0.01315	0.01895	0.00901	0.01477	0.01001	0.01181	0.00696	0.00804	0.00630	0.00423	0.00325	0.00108	0.00538	0.00269	0.00210	0.00637
16	0.86201	0.00950	0.00722	0.00646	0.00950	0.01102	0.00532	0.01445	0.00836	0.02205	0.00684	0.00798	0.00532	0.00456	0.00304	0.00152	0.00380	0.00266	0.00304	0.00532
17	0.01244	0.01234	0.01959	0.05592	0.70504	0.06104	0.03138	0.01529	0.01132	0.01568	0.00914	0.01201	0.00764	0.00443	0.00486	0.00146	0.00610	0.00433	0.00243	0.00755
18	0.01272	0.75190	0.07324	0.00868	0.01297	0.01844	0.00888	0.01458	0.01014	0.01209	0.03407	0.00903	0.00768	0.00443	0.00334	0.00110	0.00528	0.00291	0.00221	0.00631
19	0.01836	0.00763	0.01024	0.00814	0.01133	0.00670	0.00661	0.02054	0.02773	0.60617	0.17559	0.02168	0.04251	0.00708	0.00514	0.00153	0.00375	0.00591	0.00588	0.00748
20	0.01143	0.01010	0.01019	0.00922	0.01179	0.04294	0.00714	0.03982	0.59195	0.01922	0.04141	0.02304	0.14534	0.00762	0.00513	0.00164	0.00386	0.00631	0.00483	0.00703
21	0.00629	0.00475	0.00574	0.00641	0.00726	0.00434	0.00463	0.00741	0.01011	0.01286	0.03369	0.39220	0.28771	0.07718	0.00764	0.00214	0.00311	0.11805	0.00443	0.00404
22	0.01433	0.01283	0.05054	0.01046	0.01353	0.10689	0.02236	0.26917	0.20306	0.04925	0.07375	0.05172	0.03058	0.00707	0.00559	0.02423	0.02009	0.00540	0.00436	0.02479
23	0.00916	0.00458	0.00458	0.00458	0.00573	0.00458	0.00344	0.01145	0.01031	0.01832	0.01603	0.01832	0.01260	0.00573	0.00344	0.00115	0.00229	0.00458	0.85457	0.00458
24	0.03036	0.01082	0.01473	0.62434	0.04749	0.11877	0.03228	0.01358	0.01037	0.01283	0.00872	0.01258	0.00672	0.00588	0.02967	0.00177	0.00703	0.00423	0.00228	0.00554
25	0.01938	0.00777	0.01055	0.00829	0.01163	0.00677	0.00677	0.02136	0.01404	0.66210	0.15632	0.02026	0.01821	0.00678	0.00509	0.00153	0.00385	0.00564	0.00596	0.00770
26	0.00938	0.00562	0.00689	0.00626	0.00807	0.00493	0.00480	0.01119	0.01284	0.16512	0.35837	0.05966	0.30739	0.01031	0.00565	0.00159	0.00275	0.00882	0.00521	0.00515
27	0.57514	0.00911	0.00865	0.00724	0.01054	0.00973	0.00597	0.01769	0.01031	0.28775	0.01113	0.01097	0.00766	0.00508	0.00369	0.00152	0.00393	0.00344	0.00408	0.00636
28	0.02166	0.00898	0.01179	0.00904	0.01285	0.00814	0.00746	0.11028	0.01510	0.71226	0.01852	0.01616	0.01173	0.00606	0.00494	0.00152	0.00432	0.00488	0.00595	0.00836
29	0.01019	0.00873	0.01019	0.00728	0.01165	0.00655	0.00582	0.01237	0.01019	0.01601	0.00873	0.01019	0.00728	0.00364	0.00364	0.00073	0.00364	0.00291	0.00291	0.85734
30	0.01080	0.00922	0.01025	0.01092	0.11220	0.07270	0.00731	0.05239	0.19934	0.05417	0.17010	0.08152	0.17178	0.00855	0.00533	0.00159	0.00399	0.00728	0.00448	0.00610
31	0.01019	0.00873	0.01019	0.00728	0.01165	0.00655	0.00582	0.01237	0.01019	0.01601	0.00873	0.01019	0.00728	0.00364	0.00364	0.00073	0.00364	0.00291	0.00291	0.85734
32	0.01812	0.06218	0.01453	0.01240	0.01507	0.73955	0.00944	0.04800	0.01408	0.01272	0.00772	0.00893	0.00641	0.00505	0.00439	0.00126	0.00856	0.00319	0.00260	0.00583
33	0.00873	0.00686	0.00767	0.00708	0.00898	0.00694	0.00542	0.02722	0.23819	0.03839	0.30552	0.03369	0.26682	0.00963	0.00553	0.00161	0.00293	0.00820	0.00504	0.00556
34	0.01220	0.01071	0.01221	0.01138	0.05127	0.01220	0.03713	0.02519	0.72091	0.02016	0.01910	0.01784	0.01437	0.00646	0.00502	0.00166	0.00415	0.00551	0.00478	0.00774
35	0.00854	0.00427	0.00640	0.00640	0.00640	0.00427	0.00427	0.00640	0.00640	0.00854	0.00854	0.01494	0.00854	0.01707	0.01921	0.85702	0.00427	0.00427	0.00213	0.00213
36	0.00659	0.00539	0.00607	0.00601	0.00748	0.00512	0.00454	0.00873	0.05866	0.01349	0.06892	0.03906	0.51446	0.05144	0.16478	0.00303	0.00481	0.02287	0.00418	0.00440
37	0.00722	0.00536	0.00746	0.00738	0.00794	0.00612	0.00541	0.00841	0.00769	0.01090	0.01382	0.04033	0.01408	0.26591	0.52315	0.00657	0.04953	0.00596	0.00275	0.00402
38	0.09487	0.04218	0.04897	0.03134	0.03252	0.61441	0.03751	0.01844	0.01292	0.01333	0.00771	0.00915	0.00631	0.00493	0.00435	0.00132	0.00809	0.00327	0.00254	0.00582
39	0.09858	0.57502	0.15124	0.00934	0.01385	0.05602	0.00976	0.01507	0.01008	0.01330	0.00720	0.00835	0.00619	0.00436	0.00345	0.00119	0.00562	0.00282	0.00221	0.00633
40	0.01320	0.04535	0.04056	0.01128	0.04435	0.06501	0.02832	0.13549	0.41042	0.03795	0.01662	0.08413	0.01352	0.00689	0.00523	0.00161	0.02275	0.00568	0.00436	0.00726

[dist]
# distance from previous block
# <min> <max>
4	5

[block]
# block no. 7 follows, 51 sequences, length 33
# corresponding to MSA columns:
# 881-913
name=unknown_H
#
# <colnr> <probs for GDERKNQSTAVLIFYWHMCP>
#	G	D	E	R	K	N	Q	S	T	A	V	L	I	F	Y	W	H	M	C	P
0	0.01862	0.01242	0.01317	0.01051	0.01400	0.08283	0.00854	0.35372	0.11623	0.26832	0.01467	0.01388	0.01015	0.00607	0.00527	0.00152	0.03253	0.00461	0.00499	0.00795
1	0.53241	0.01210	0.04854	0.00849	0.01196	0.05357	0.00727	0.21619	0.01278	0.04430	0.00861	0.00938	0.00640	0.00499	0.00374	0.00150	0.00467	0.00326	0.00354	0.00631
2	0.00975	0.00950	0.01470	0.77361	0.03287	0.05247	0.01343	0.01292	0.01004	0.01253	0.00868	0.01288	0.00654	0.00492	0.00489	0.00162	0.00667	0.00430	0.00220	0.00547
3	0.03548	0.00516	0.00609	0.00606	0.00723	0.00482	0.00443	0.00873	0.02742	0.01627	0.37629	0.14948	0.23397	0.07043	0.00717	0.00189	0.00275	0.02714	0.00479	0.00438
