[name]
unknown

[dist]
# distance from previous block
# <min> <max>
0	951

[block]
# block no. 0 follows, 55 sequences, length 89
# corresponding to MSA columns:
# 1481-1501,1508-1510,1512-1521,1526-1533,1535-1581
name=unknown_A
#
# <colnr> <probs for GDERKNQSTAVLIFYWHMCP>
#	G	D	E	R	K	N	Q	S	T	A	V	L	I	F	Y	W	H	M	C	P
0	0.00650	0.00455	0.00567	0.00586	0.00616	0.00465	0.00380	0.00709	0.00754	0.01020	0.02999	0.17054	0.04594	0.47002	0.19698	0.00456	0.00585	0.00764	0.00310	0.00335
1	0.06373	0.01181	0.07840	0.07702	0.32342	0.03466	0.07554	0.09904	0.02608	0.08261	0.02879	0.02876	0.00878	0.00503	0.00500	0.00146	0.03570	0.00442	0.00298	0.00676
2	0.00925	0.02728	0.40381	0.01330	0.13977	0.01842	0.01247	0.01298	0.01022	0.01487	0.08839	0.03010	0.04683	0.00629	0.03166	0.00156	0.00565	0.00445	0.00261	0.12011
3	0.79097	0.03711	0.00782	0.01830	0.00967	0.02978	0.00542	0.02952	0.00839	0.02036	0.00662	0.00772	0.00517	0.00435	0.00298	0.00142	0.00383	0.00259	0.00286	0.00514
4	0.01256	0.12146	0.15508	0.01517	0.12051	0.02751	0.21778	0.09829	0.05964	0.08201	0.02326	0.01195	0.00822	0.00471	0.00482	0.00142	0.02156	0.00433	0.00294	0.00679
5	0.00950	0.06621	0.22066	0.06691	0.08624	0.04079	0.02335	0.03998	0.06756	0.01564	0.17953	0.03142	0.07601	0.02230	0.00506	0.00149	0.00479	0.00543	0.03134	0.00580
6	0.00636	0.00477	0.00601	0.00615	0.00725	0.00460	0.00463	0.00777	0.00978	0.02829	0.11903	0.16973	0.31531	0.01849	0.23671	0.00331	0.00538	0.03840	0.00392	0.00411
7	0.01120	0.01667	0.28439	0.01242	0.01538	0.13355	0.02501	0.04882	0.00969	0.01329	0.00754	0.01016	0.00631	0.00715	0.03795	0.00188	0.34678	0.00376	0.00221	0.00585
8	0.84259	0.00941	0.00704	0.00630	0.00917	0.03581	0.00516	0.01383	0.00808	0.02057	0.00650	0.00758	0.00507	0.00433	0.00292	0.00143	0.00375	0.00253	0.00286	0.00505
9	0.00681	0.00449	0.00511	0.00511	0.00511	0.00449	0.00286	0.00674	0.00674	0.00899	0.01443	0.02988	0.01661	0.80809	0.02349	0.03431	0.00449	0.00667	0.00279	0.00279
10	0.00815	0.00854	0.07958	0.03489	0.06118	0.03368	0.08637	0.01090	0.04195	0.02811	0.22789	0.07800	0.22548	0.00873	0.00531	0.00156	0.00398	0.04675	0.00390	0.00505
11	0.00707	0.00465	0.00569	0.00543	0.00654	0.00436	0.00407	0.00922	0.01222	0.01810	0.57982	0.03077	0.06394	0.00857	0.00493	0.00137	0.00219	0.00745	0.21923	0.00436
12	0.01142	0.17572	0.13091	0.01587	0.24959	0.08116	0.05894	0.01558	0.11937	0.01452	0.03638	0.01341	0.04736	0.00503	0.00437	0.00135	0.00549	0.00426	0.00273	0.00653
13	0.01017	0.10976	0.31289	0.22202	0.07306	0.03028	0.13042	0.01423	0.02852	0.01366	0.00852	0.01088	0.00645	0.00439	0.00449	0.00144	0.00651	0.00389	0.00215	0.00626
14	0.00701	0.00529	0.00655	0.03307	0.02777	0.00499	0.00482	0.00943	0.05025	0.03080	0.43373	0.06251	0.25853	0.00969	0.00533	0.00150	0.00258	0.00838	0.03324	0.00454
15	0.04278	0.02972	0.16436	0.05784	0.10935	0.01106	0.06702	0.17146	0.11268	0.14116	0.01195	0.01266	0.00865	0.00603	0.03117	0.00165	0.00558	0.00428	0.00356	0.00706
16	0.01071	0.08484	0.08964	0.07312	0.10608	0.08518	0.00932	0.06724	0.02628	0.01396	0.02194	0.04685	0.00936	0.05220	0.09197	0.00217	0.09024	0.00434	0.00265	0.11193
17	0.00604	0.00473	0.00541	0.00524	0.00655	0.00416	0.00390	0.00764	0.01164	0.01522	0.39137	0.03973	0.43220	0.03829	0.00610	0.00162	0.00235	0.00908	0.00463	0.00410
18	0.01176	0.14881	0.03943	0.01029	0.10321	0.00997	0.00776	0.08665	0.04290	0.05928	0.00928	0.01029	0.00740	0.00409	0.00376	0.00099	0.00424	0.00323	0.00297	0.43368
19	0.01005	0.21296	0.62981	0.01203	0.01824	0.01257	0.01505	0.01455	0.00974	0.01386	0.00791	0.00928	0.00591	0.00432	0.00409	0.00136	0.00644	0.00322	0.00197	0.00667
20	0.00667	0.00461	0.00549	0.00571	0.00604	0.00454	0.00374	0.00722	0.00800	0.01058	0.05110	0.10805	0.07305	0.54926	0.03375	0.00370	0.00424	0.10766	0.00333	0.00326
21	0.07950	0.05174	0.04299	0.06923	0.01460	0.15486	0.13624	0.02783	0.00970	0.02797	0.00938	0.01381	0.00838	0.11842	0.09132	0.00250	0.11565	0.00436	0.01637	0.00515
22	0.00601	0.00442	0.00571	0.00657	0.00722	0.00412	0.00479	0.00717	0.00964	0.01258	0.05333	0.53852	0.15233	0.01365	0.00595	0.00187	0.00293	0.15494	0.00434	0.00392
23	0.02446	0.02422	0.03661	0.02986	0.05389	0.02658	0.02070	0.05385	0.53986	0.01829	0.01738	0.01897	0.02566	0.00657	0.00499	0.00159	0.01905	0.06638	0.00421	0.00687
24	0.01900	0.00823	0.01064	0.00834	0.01168	0.00756	0.00685	0.12195	0.01407	0.62543	0.01820	0.04506	0.02631	0.00627	0.00472	0.00145	0.00399	0.01922	0.03351	0.00752
25	0.00613	0.00472	0.00580	0.00585	0.00698	0.00449	0.00439	0.00762	0.01020	0.01346	0.19895	0.11587	0.33945	0.02705	0.19523	0.00300	0.00477	0.02327	0.01870	0.00406
26	0.00948	0.00921	0.03997	0.29828	0.19216	0.00975	0.05430	0.01359	0.11305	0.01388	0.01259	0.04415	0.02556	0.02333	0.05550	0.00200	0.01857	0.05603	0.00279	0.00581
27	0.00593	0.00417	0.00537	0.00623	0.00646	0.00396	0.00407	0.00660	0.00851	0.01133	0.02339	0.65532	0.02788	0.18156	0.00955	0.00243	0.00310	0.02654	0.00401	0.00359
28	0.00942	0.01005	0.09790	0.23827	0.06786	0.00949	0.05698	0.03603	0.19321	0.01517	0.04356	0.11102	0.04435	0.00690	0.00498	0.00160	0.00494	0.03908	0.00333	0.00587
29	0.01011	0.01008	0.01412	0.01212	0.01214	0.01409	0.01009	0.01114	0.00713	0.01119	0.00623	0.01033	0.00621	0.00866	0.03075	0.00214	0.81226	0.00409	0.00204	0.00507
30	0.00816	0.02656	0.21021	0.03168	0.04098	0.00758	0.06314	0.02425	0.04993	0.01453	0.10408	0.28082	0.04487	0.00881	0.00518	0.00161	0.00444	0.03460	0.00348	0.03510
31	0.15038	0.04289	0.03016	0.11139	0.25949	0.03811	0.05182	0.07789	0.03850	0.06031	0.03630	0.01234	0.02059	0.00478	0.00430	0.00139	0.00508	0.00407	0.00297	0.04725
32	0.01215	0.01003	0.01060	0.00928	0.01197	0.01141	0.00729	0.14405	0.61207	0.02070	0.03337	0.01763	0.04014	0.00641	0.00472	0.00153	0.00379	0.00528	0.03039	0.00719
33	0.59518	0.00980	0.00990	0.03815	0.06955	0.04299	0.05170	0.02594	0.00899	0.05220	0.00790	0.02782	0.00635	0.00476	0.00386	0.00147	0.03182	0.00330	0.00291	0.00544
34	0.03407	0.00815	0.01016	0.00826	0.01135	0.00784	0.00666	0.05096	0.16801	0.52481	0.01817	0.05896	0.01282	0.00628	0.00464	0.00147	0.00378	0.00516	0.05112	0.00734
35	0.01050	0.04882	0.31908	0.04430	0.05034	0.01128	0.36966	0.01469	0.01041	0.02964	0.00896	0.01123	0.00664	0.00416	0.00483	0.00147	0.00698	0.00439	0.00226	0.04035
36	0.00654	0.00485	0.00712	0.00724	0.00796	0.00552	0.00549	0.00802	0.00760	0.01083	0.01408	0.11175	0.01408	0.07404	0.68448	0.00669	0.01094	0.00602	0.00272	0.00404
37	0.00612	0.00415	0.00562	0.00642	0.00672	0.00395	0.00435	0.00667	0.00873	0.01173	0.06931	0.62470	0.02769	0.03388	0.02936	0.11508	0.00317	0.02480	0.00398	0.00358
38	0.00990	0.00976	0.01371	0.01184	0.01190	0.01358	0.00983	0.01097	0.00715	0.01116	0.00661	0.01082	0.00655	0.01027	0.07919	0.00247	0.76305	0.00414	0.00207	0.00501
39	0.00576	0.00426	0.00539	0.00615	0.00674	0.00389	0.00425	0.00678	0.00963	0.01265	0.10001	0.60552	0.17018	0.01359	0.00583	0.00180	0.00262	0.02671	0.00439	0.00387
40	0.01406	0.29822	0.01715	0.02278	0.03399	0.05101	0.07225	0.04232	0.01088	0.22335	0.01102	0.01256	0.00861	0.02360	0.07676	0.00192	0.05663	0.01339	0.00323	0.00628
41	0.00891	0.00840	0.01418	0.78870	0.06768	0.01037	0.01298	0.01200	0.00936	0.01204	0.00829	0.01236	0.00626	0.00463	0.00465	0.00154	0.00617	0.00413	0.00208	0.00527
42	0.01352	0.41449	0.11435	0.01179	0.09305	0.19822	0.02415	0.01560	0.01069	0.05425	0.00777	0.00889	0.00642	0.00433	0.00373	0.00117	0.00603	0.00305	0.00232	0.00619
43	0.01244	0.83930	0.02438	0.00796	0.01194	0.01841	0.00796	0.01393	0.00945	0.01095	0.00647	0.00746	0.00597	0.00398	0.00299	0.00100	0.00498	0.00249	0.00199	0.00597
44	0.04601	0.01286	0.01285	0.01099	0.04094	0.12471	0.02277	0.39521	0.15714	0.04293	0.01246	0.05101	0.00976	0.00593	0.00479	0.00143	0.01998	0.00460	0.00410	0.01953
45	0.01738	0.02217	0.01318	0.01199	0.01438	0.81783	0.00899	0.01858	0.01318	0.01139	0.00719	0.00839	0.00599	0.00479	0.00419	0.00120	0.00839	0.00300	0.00240	0.00539
46	0.01716	0.02184	0.01368	0.01225	0.01473	0.78991	0.03606	0.01845	0.01311	0.01151	0.00727	0.00853	0.00603	0.00476	0.00424	0.00121	0.00837	0.00308	0.00240	0.00542
47	0.00925	0.00533	0.00703	0.00632	0.00787	0.00482	0.00484	0.01129	0.01297	0.16909	0.60817	0.06542	0.05103	0.00905	0.00535	0.00148	0.00256	0.00793	0.00519	0.00503
48	0.00677	0.00451	0.00507	0.00507	0.00507	0.00451	0.00282	0.00677	0.00677	0.00902	0.01466	0.03044	0.01691	0.83650	0.02368	0.00451	0.00451	0.00677	0.00282	0.00282
49	0.08042	0.01160	0.01239	0.00965	0.01308	0.01268	0.00794	0.60683	0.01914	0.09292	0.01174	0.01179	0.00832	0.00549	0.00441	0.00138	0.00467	0.00412	0.07400	0.00741
50	0.00602	0.00471	0.00546	0.00532	0.00662	0.00414	0.00397	0.00767	0.01176	0.01544	0.40669	0.07041	0.41353	0.01081	0.00551	0.00153	0.00229	0.00928	0.00470	0.00414
51	0.34229	0.01446	0.01049	0.00921	0.01189	0.35216	0.02184	0.03078	0.01107	0.09476	0.00906	0.00986	0.02200	0.00492	0.00399	0.00135	0.02134	0.00323	0.01979	0.00552
52	0.00672	0.00449	0.00509	0.00513	0.00514	0.00448	0.00288	0.00675	0.00685	0.00913	0.01509	0.06173	0.01745	0.80448	0.02299	0.00441	0.00444	0.00702	0.00288	0.00286
53	0.00887	0.00836	0.01411	0.79928	0.05739	0.01036	0.01296	0.01196	0.00934	0.01199	0.00828	0.01237	0.00624	0.00463	0.00465	0.00154	0.00618	0.00413	0.00207	0.00524
54	0.01157	0.00999	0.01052	0.00947	0.01210	0.01157	0.00736	0.02472	0.79908	0.01946	0.01893	0.01736	0.01420	0.00631	0.00473	0.00158	0.00368	0.00526	0.00473	0.00736
55	0.01098	0.00946	0.01010	0.00890	0.01164	0.01043	0.00692	0.02199	0.65068	0.01849	0.01859	0.03569	0.03948	0.00630	0.00461	0.00147	0.00358	0.00526	0.00445	0.12096
56	0.01002	0.00826	0.00969	0.00694	0.01105	0.00622	0.00556	0.01208	0.00977	0.04173	0.00861	0.00985	0.00705	0.00352	0.00349	0.00071	0.00346	0.00282	0.00286	0.83632
57	0.00898	0.00780	0.01977	0.03843	0.14591	0.03485	0.01925	0.01184	0.09916	0.01321	0.01545	0.06697	0.01572	0.25039	0.01053	0.00244	0.00463	0.15427	0.00324	0.07715
58	0.01320	0.66755	0.03639	0.00899	0.01276	0.15532	0.02456	0.01476	0.01013	0.01117	0.00669	0.00777	0.00600	0.00413	0.00327	0.00105	0.00565	0.00265	0.00207	0.00589
59	0.01768	0.01303	0.01396	0.01070	0.01443	0.01443	0.00884	0.79197	0.02187	0.02932	0.01117	0.01117	0.00791	0.00558	0.00465	0.00140	0.00512	0.00419	0.00465	0.00791
60	0.01281	0.01080	0.01120	0.00975	0.01257	0.02885	0.00767	0.16506	0.64046	0.02110	0.01727	0.01604	0.01288	0.00615	0.00471	0.00154	0.00404	0.00502	0.00467	0.00742
61	0.86937	0.00900	0.00684	0.00612	0.00900	0.01044	0.00504	0.01368	0.00792	0.02087	0.00648	0.00756	0.00504	0.00432	0.00288	0.00144	0.00360	0.00252	0.00288	0.00504
62	0.00615	0.00429	0.00560	0.00631	0.00687	0.00395	0.00434	0.00721	0.00974	0.03171	0.14054	0.64566	0.08341	0.01344	0.00581	0.00180	0.00263	0.01210	0.00447	0.00397
63	0.01011	0.00834	0.00973	0.00706	0.01111	0.00649	0.00565	0.01271	0.04875	0.04138	0.00913	0.01023	0.00740	0.00366	0.00355	0.00076	0.00347	0.00294	0.00295	0.79458
64	0.01018	0.01018	0.01425	0.01221	0.01221	0.01425	0.01018	0.01120	0.00712	0.01120	0.00611	0.01018	0.00611	0.00814	0.01527	0.00204	0.82799	0.00407	0.00204	0.00509
65	0.00550	0.00471	0.00471	0.00471	0.00628	0.00393	0.00353	0.00668	0.01060	0.01257	0.04713	0.04477	0.80560	0.01178	0.00550	0.00157	0.00236	0.00982	0.00432	0.00393
66	0.00567	0.00405	0.00540	0.00648	0.00675	0.00378	0.00432	0.00648	0.00891	0.01188	0.02564	0.83347	0.03077	0.01457	0.00594	0.00189	0.00270	0.01323	0.00432	0.00378
67	0.00933	0.02406	0.81240	0.01326	0.02014	0.01080	0.01719	0.01473	0.00982	0.01473	0.00835	0.00982	0.00589	0.00442	0.00442	0.00147	0.00688	0.00344	0.00196	0.00688
68	0.01018	0.01018	0.01425	0.01221	0.01221	0.01425	0.01018	0.01120	0.00712	0.01120	0.00611	0.01018	0.00611	0.00814	0.01527	0.00204	0.82799	0.00407	0.00204	0.00509
69	0.01035	0.00871	0.00916	0.00855	0.01061	0.03625	0.00659	0.08105	0.43360	0.01762	0.02179	0.17357	0.08307	0.00859	0.00508	0.00163	0.00367	0.05472	0.01922	0.00614
70	0.01073	0.00827	0.00928	0.00821	0.01042	0.00900	0.00639	0.08696	0.40861	0.05638	0.30366	0.02305	0.02430	0.00738	0.00500	0.00151	0.00328	0.00628	0.00491	0.00636
71	0.00567	0.00405	0.00540	0.00648	0.00675	0.00378	0.00432	0.00648	0.00891	0.01188	0.02564	0.83347	0.03077	0.01457	0.00594	0.00189	0.00270	0.01323	0.00432	0.00378
72	0.00867	0.00434	0.00434	0.00434	0.00542	0.00434	0.00325	0.01084	0.00976	0.01734	0.01518	0.01734	0.01192	0.00542	0.00325	0.00108	0.00217	0.00434	0.86233	0.00434
73	0.86937	0.00900	0.00684	0.00612	0.00900	0.01044	0.00504	0.01368	0.00792	0.02087	0.00648	0.00756	0.00504	0.00432	0.00288	0.00144	0.00360	0.00252	0.00288	0.00504
74	0.01768	0.01303	0.01396	0.01070	0.01443	0.01443	0.00884	0.79197	0.02187	0.02932	0.01117	0.01117	0.00791	0.00558	0.00465	0.00140	0.00512	0.00419	0.00465	0.00791
75	0.01004	0.05296	0.32005	0.06293	0.25035	0.01082	0.10973	0.01378	0.01023	0.01459	0.04839	0.04005	0.00922	0.00494	0.00487	0.00147	0.02217	0.00449	0.00236	0.00655
76	0.01051	0.01038	0.01562	0.21789	0.37672	0.07716	0.05530	0.01325	0.02618	0.01371	0.01116	0.11185	0.01037	0.00582	0.00484	0.00150	0.00565	0.02341	0.00259	0.00610
77	0.00669	0.00481	0.00660	0.00660	0.00712	0.00534	0.00472	0.00774	0.00722	0.01015	0.01327	0.02273	0.01357	0.32852	0.52708	0.00639	0.00955	0.00564	0.00261	0.00366
78	0.00965	0.00827	0.00965	0.00689	0.01102	0.00620	0.00551	0.01171	0.00965	0.01516	0.00827	0.00965	0.00689	0.00345	0.00345	0.00069	0.00345	0.00276	0.00276	0.86494
79	0.00758	0.00455	0.00524	0.00507	0.00617	0.00435	0.00380	0.00973	0.01140	0.01782	0.39095	0.02647	0.05204	0.00756	0.00438	0.00128	0.00219	0.00644	0.42864	0.00435
80	0.00890	0.00839	0.01416	0.79127	0.06518	0.01037	0.01298	0.01199	0.00936	0.01203	0.00829	0.01237	0.00625	0.00463	0.00465	0.00154	0.00617	0.00413	0.00208	0.00526
81	0.01230	0.80263	0.05983	0.00820	0.01231	0.01807	0.00838	0.01397	0.00947	0.01112	0.00655	0.00757	0.00597	0.00400	0.00305	0.00102	0.00506	0.00253	0.00199	0.00601
82	0.00957	0.00818	0.00956	0.00686	0.01092	0.00616	0.00548	0.01164	0.00973	0.01525	0.02808	0.01027	0.00781	0.00360	0.00350	0.00071	0.00341	0.00290	0.00282	0.84354
83	0.00677	0.00451	0.00507	0.00507	0.00507	0.00451	0.00282	0.00677	0.00677	0.00902	0.01466	0.03044	0.01691	0.83650	0.02368	0.00451	0.00451	0.00677	0.00282	0.00282
84	0.00689	0.00465	0.00547	0.00565	0.00583	0.00465	0.00359	0.00724	0.00742	0.00983	0.01631	0.03408	0.01854	0.70049	0.02083	0.00412	0.00447	0.13382	0.00306	0.00306
85	0.01142	0.01100	0.01892	0.05366	0.76514	0.01105	0.03179	0.01422	0.01056	0.01509	0.00875	0.01157	0.00732	0.00416	0.00463	0.00139	0.00560	0.00418	0.00230	0.00727
86	0.00750	0.00535	0.00750	0.00857	0.00964	0.00535	0.00750	0.00964	0.01071	0.01392	0.02463	0.05248	0.02677	0.01285	0.00643	0.00214	0.00428	0.77617	0.00428	0.00428
87	0.00567	0.00405	0.00540	0.00648	0.00675	0.00378	0.00432	0.00648	0.00891	0.01188	0.02564	0.83347	0.03077	0.01457	0.00594	0.00189	0.00270	0.01323	0.00432	0.00378
88	0.04381	0.01604	0.01265	0.19201	0.01755	0.44687	0.00942	0.05349	0.07787	0.01347	0.02469	0.01101	0.00772	0.00602	0.03015	0.00155	0.02378	0.00367	0.00269	0.00555

[dist]
# distance from previous block
# <min> <max>
0	1

[block]
# block no. 1 follows, 55 sequences, length 100
# corresponding to MSA columns:
# 1583-1682
name=unknown_B
#
# <colnr> <probs for GDERKNQSTAVLIFYWHMCP>
#	G	D	E	R	K	N	Q	S	T	A	V	L	I	F	Y	W	H	M	C	P
0	0.00879	0.00827	0.01395	0.82532	0.03204	0.01034	0.01292	0.01189	0.00930	0.01189	0.00827	0.01240	0.00620	0.00465	0.00465	0.00155	0.00620	0.00413	0.00207	0.00517
1	0.01746	0.01292	0.01383	0.01066	0.01434	0.01432	0.00879	0.76362	0.05060	0.02896	0.01146	0.01140	0.00814	0.00561	0.00466	0.00140	0.00507	0.00423	0.00466	0.00789
2	0.00623	0.00462	0.00652	0.00714	0.00779	0.00436	0.03019	0.00751	0.00976	0.01307	0.11251	0.58151	0.04284	0.01335	0.00594	0.00187	0.00305	0.13340	0.00434	0.00401
3	0.02052	0.00794	0.01076	0.00827	0.01182	0.00692	0.00682	0.03576	0.01346	0.78085	0.03439	0.01614	0.01212	0.00583	0.00469	0.00144	0.00394	0.00475	0.00573	0.00784
4	0.01175	0.01036	0.01060	0.00954	0.01217	0.03603	0.00741	0.02453	0.77524	0.01922	0.01858	0.01708	0.01395	0.00627	0.00472	0.00157	0.00382	0.00519	0.00466	0.00730
5	0.00676	0.00453	0.00515	0.00515	0.00518	0.00455	0.00292	0.00682	0.00679	0.00908	0.01459	0.03005	0.01674	0.81064	0.04931	0.00461	0.00477	0.00671	0.00281	0.00286
6	0.00728	0.00524	0.00722	0.00823	0.00928	0.00518	0.00709	0.00929	0.01060	0.01373	0.02598	0.09695	0.07158	0.01289	0.00634	0.00209	0.00408	0.68843	0.00429	0.00423
7	0.01738	0.02217	0.01318	0.01199	0.01438	0.81783	0.00899	0.01858	0.01318	0.01139	0.00719	0.00839	0.00599	0.00479	0.00419	0.00120	0.00839	0.00300	0.00240	0.00539
8	0.02087	0.00792	0.01080	0.00828	0.01188	0.00684	0.00684	0.02267	0.01332	0.81071	0.01835	0.01583	0.01152	0.00576	0.00468	0.00144	0.00396	0.00468	0.00576	0.00792
9	0.00749	0.00545	0.00778	0.00855	0.00962	0.00542	0.02665	0.00950	0.01040	0.01355	0.02356	0.06594	0.02566	0.07169	0.00763	0.00229	0.00436	0.68611	0.00413	0.00422
10	0.01157	0.00999	0.01052	0.00947	0.01210	0.01157	0.00736	0.02472	0.79908	0.01946	0.01893	0.01736	0.01420	0.00631	0.00473	0.00158	0.00368	0.00526	0.00473	0.00736
11	0.74132	0.00874	0.00732	0.00639	0.00929	0.00982	0.00524	0.01461	0.00855	0.11972	0.00801	0.00876	0.00593	0.00479	0.00349	0.02300	0.00365	0.00283	0.00322	0.00532
12	0.01102	0.00891	0.01026	0.00745	0.01151	0.00734	0.00600	0.11858	0.01141	0.03677	0.00891	0.01001	0.00714	0.00379	0.00364	0.00080	0.00369	0.00300	0.00309	0.72666
13	0.01244	0.83930	0.02438	0.00796	0.01194	0.01841	0.00796	0.01393	0.00945	0.01095	0.00647	0.00746	0.00597	0.00398	0.00299	0.00100	0.00498	0.00249	0.00199	0.00597
14	0.00665	0.00496	0.00733	0.00733	0.00811	0.00574	0.00563	0.00821	0.00743	0.01069	0.01259	0.01902	0.01195	0.08359	0.76981	0.00730	0.01198	0.00509	0.00251	0.00407
15	0.01157	0.00999	0.01052	0.00947	0.01210	0.01157	0.00736	0.02472	0.79908	0.01946	0.01893	0.01736	0.01420	0.00631	0.00473	0.00158	0.00368	0.00526	0.00473	0.00736
16	0.00635	0.00475	0.00578	0.00630	0.00724	0.00443	0.00481	0.00762	0.00988	0.01258	0.06030	0.19376	0.28776	0.12642	0.00837	0.00220	0.00329	0.24016	0.00413	0.00387
17	0.00665	0.00498	0.00748	0.00748	0.00831	0.00582	0.00582	0.00831	0.00748	0.01080	0.01246	0.01828	0.01163	0.03489	0.81807	0.00748	0.01246	0.00498	0.00249	0.00415
18	0.00965	0.00827	0.00965	0.00689	0.01102	0.00620	0.00551	0.01171	0.00965	0.01516	0.00827	0.00965	0.00689	0.00345	0.00345	0.00069	0.00345	0.00276	0.00276	0.86494
19	0.00677	0.00451	0.00507	0.00507	0.00507	0.00451	0.00282	0.00677	0.00677	0.00902	0.01466	0.03044	0.01691	0.83650	0.02368	0.00451	0.00451	0.00677	0.00282	0.00282
20	0.01787	0.01204	0.01322	0.01016	0.01379	0.01304	0.00839	0.65839	0.02028	0.14057	0.01232	0.01202	0.00855	0.00560	0.00461	0.00139	0.00486	0.00426	0.03083	0.00780
21	0.01264	0.01053	0.01112	0.00968	0.01251	0.01207	0.00762	0.15943	0.66262	0.02119	0.01757	0.01627	0.01310	0.00618	0.00472	0.00155	0.00393	0.00507	0.00472	0.00746
22	0.01011	0.01099	0.04519	0.04603	0.02036	0.01027	0.51294	0.01434	0.07139	0.01487	0.01331	0.04280	0.01181	0.00608	0.00555	0.00168	0.00664	0.14680	0.00292	0.00590
23	0.01720	0.05237	0.01360	0.01184	0.01429	0.78828	0.00895	0.01841	0.01305	0.01137	0.00716	0.00836	0.00599	0.00476	0.00415	0.00119	0.00826	0.00298	0.00238	0.00541
24	0.00840	0.01222	0.25125	0.03966	0.05468	0.03393	0.05292	0.01106	0.00929	0.01297	0.01427	0.23391	0.02598	0.06621	0.06867	0.00222	0.03459	0.00665	0.00284	0.05827
25	0.01234	0.01066	0.01555	0.03247	0.29110	0.02454	0.10312	0.15567	0.13550	0.04772	0.05417	0.01570	0.05371	0.00551	0.00481	0.00145	0.00504	0.00502	0.01906	0.00689
26	0.01244	0.83930	0.02438	0.00796	0.01194	0.01841	0.00796	0.01393	0.00945	0.01095	0.00647	0.00746	0.00597	0.00398	0.00299	0.00100	0.00498	0.00249	0.00199	0.00597
27	0.00669	0.00479	0.00650	0.00650	0.00700	0.00529	0.00460	0.00768	0.00719	0.01008	0.01335	0.02320	0.01377	0.35923	0.49665	0.00628	0.00924	0.00570	0.00262	0.00361
28	0.09741	0.00919	0.03153	0.43377	0.11152	0.02266	0.06532	0.02635	0.02254	0.01378	0.00913	0.01310	0.00738	0.04852	0.05044	0.00198	0.00614	0.00424	0.01959	0.00541
29	0.01721	0.02189	0.01321	0.01199	0.01433	0.79887	0.00902	0.01840	0.01304	0.01138	0.00717	0.00843	0.00600	0.00487	0.00446	0.00122	0.02773	0.00302	0.00239	0.00539
30	0.00567	0.00405	0.00540	0.00648	0.00675	0.00378	0.00432	0.00648	0.00891	0.01188	0.02564	0.83347	0.03077	0.01457	0.00594	0.00189	0.00270	0.01323	0.00432	0.00378
31	0.00977	0.01012	0.02077	0.01588	0.01936	0.00959	0.53099	0.01305	0.01083	0.01451	0.01449	0.05138	0.01372	0.00694	0.00578	0.00175	0.00661	0.23587	0.00299	0.00560
32	0.01556	0.01191	0.01513	0.07632	0.18548	0.01294	0.02590	0.49409	0.01753	0.06491	0.01066	0.01159	0.00780	0.00524	0.00489	0.00142	0.02301	0.00422	0.00391	0.00749
33	0.00606	0.00473	0.00549	0.00530	0.00663	0.00417	0.00398	0.00776	0.01193	0.01571	0.43849	0.03960	0.41227	0.01061	0.00549	0.00152	0.00227	0.00909	0.00473	0.00417
34	0.00665	0.00498	0.00748	0.00748	0.00831	0.00582	0.00582	0.00831	0.00748	0.01080	0.01246	0.01828	0.01163	0.03489	0.81807	0.00748	0.01246	0.00498	0.00249	0.00415
35	0.00646	0.00433	0.00582	0.00675	0.00723	0.00405	0.00473	0.00744	0.00926	0.04439	0.02525	0.72491	0.02960	0.01405	0.00593	0.00190	0.00290	0.08661	0.00437	0.00399
36	0.01244	0.83930	0.02438	0.00796	0.01194	0.01841	0.00796	0.01393	0.00945	0.01095	0.00647	0.00746	0.00597	0.00398	0.00299	0.00100	0.00498	0.00249	0.00199	0.00597
37	0.01980	0.00922	0.01155	0.00890	0.01250	0.00883	0.00734	0.20909	0.04114	0.59550	0.01663	0.01475	0.01073	0.00573	0.00467	0.00143	0.00423	0.00458	0.00546	0.00790
38	0.00716	0.00488	0.00640	0.00595	0.00715	0.00449	0.00449	0.00934	0.01317	0.05040	0.77350	0.03399	0.04260	0.00936	0.00545	0.00146	0.00227	0.00826	0.00515	0.00453
39	0.00673	0.00450	0.00508	0.00512	0.00513	0.00449	0.00287	0.00676	0.00684	0.00911	0.01502	0.05676	0.01737	0.80957	0.02310	0.00442	0.00445	0.00698	0.00287	0.00285
40	0.01141	0.01190	0.01621	0.35180	0.22581	0.14675	0.07626	0.03313	0.01061	0.01329	0.00825	0.01136	0.00657	0.00471	0.00523	0.00147	0.05298	0.00405	0.00227	0.00592
41	0.00965	0.00827	0.00965	0.00689	0.01102	0.00620	0.00551	0.01171	0.00965	0.01516	0.00827	0.00965	0.00689	0.00345	0.00345	0.00069	0.00345	0.00276	0.00276	0.86494
42	0.01341	0.01633	0.04569	0.09098	0.09446	0.41326	0.11925	0.01549	0.01163	0.01256	0.01034	0.05383	0.03025	0.00558	0.00490	0.00140	0.02474	0.02776	0.00253	0.00558
43	0.00566	0.00407	0.00538	0.00643	0.00673	0.00378	0.00430	0.00648	0.00895	0.01189	0.02623	0.81170	0.05215	0.01450	0.00593	0.00188	0.00269	0.01313	0.00432	0.00378
44	0.01190	0.01078	0.04975	0.39331	0.22073	0.04610	0.01230	0.10332	0.01160	0.08170	0.00952	0.01204	0.00711	0.00472	0.00461	0.00146	0.00585	0.00411	0.00274	0.00635
45	0.00914	0.01706	0.46190	0.02974	0.05079	0.03567	0.02722	0.02610	0.00950	0.01369	0.00982	0.03872	0.00817	0.01201	0.19437	0.00290	0.04073	0.00422	0.00225	0.00601
46	0.00785	0.00595	0.00758	0.00761	0.00865	0.00605	0.02211	0.10292	0.05350	0.01450	0.02176	0.57992	0.02464	0.03041	0.02137	0.00194	0.02192	0.02881	0.00418	0.02832
47	0.01244	0.83930	0.02438	0.00796	0.01194	0.01841	0.00796	0.01393	0.00945	0.01095	0.00647	0.00746	0.00597	0.00398	0.00299	0.00100	0.00498	0.00249	0.00199	0.00597
48	0.00677	0.00451	0.00507	0.00507	0.00507	0.00451	0.00282	0.00677	0.00677	0.00902	0.01466	0.03044	0.01691	0.83650	0.02368	0.00451	0.00451	0.00677	0.00282	0.00282
49	0.00843	0.01994	0.01066	0.25819	0.11200	0.00767	0.00881	0.03572	0.00989	0.02537	0.01655	0.29349	0.01749	0.02477	0.00578	0.00175	0.01914	0.09845	0.02094	0.00494
50	0.01098	0.01255	0.02745	0.01961	0.02431	0.01176	0.79059	0.01490	0.01098	0.01490	0.00941	0.01255	0.00706	0.00392	0.00549	0.00157	0.00784	0.00549	0.00235	0.00627
51	0.00933	0.02406	0.81240	0.01326	0.02014	0.01080	0.01719	0.01473	0.00982	0.01473	0.00835	0.00982	0.00589	0.00442	0.00442	0.00147	0.00688	0.00344	0.00196	0.00688
52	0.86937	0.00900	0.00684	0.00612	0.00900	0.01044	0.00504	0.01368	0.00792	0.02087	0.00648	0.00756	0.00504	0.00432	0.00288	0.00144	0.00360	0.00252	0.00288	0.00504
53	0.00808	0.00404	0.00606	0.00606	0.00606	0.00404	0.00404	0.00606	0.00606	0.00808	0.00808	0.01414	0.00808	0.01616	0.01818	0.86465	0.00404	0.00404	0.00202	0.00202
54	0.00879	0.00827	0.01395	0.82532	0.03204	0.01034	0.01292	0.01189	0.00930	0.01189	0.00827	0.01240	0.00620	0.00465	0.00465	0.00155	0.00620	0.00413	0.00207	0.00517
55	0.00570	0.00409	0.00543	0.00649	0.00679	0.00381	0.00436	0.00654	0.00897	0.01193	0.02601	0.80447	0.04465	0.01449	0.00594	0.00189	0.00272	0.02761	0.00432	0.00379
56	0.00933	0.02406	0.81240	0.01326	0.02014	0.01080	0.01719	0.01473	0.00982	0.01473	0.00835	0.00982	0.00589	0.00442	0.00442	0.00147	0.00688	0.00344	0.00196	0.00688
57	0.01185	0.01296	0.01400	0.01216	0.01272	0.20057	0.00990	0.01291	0.00853	0.01124	0.00636	0.00976	0.00608	0.00737	0.01270	0.00184	0.63795	0.00382	0.00212	0.00516
58	0.01314	0.01355	0.21305	0.03475	0.09876	0.01069	0.01071	0.18953	0.15217	0.12855	0.05817	0.01476	0.02983	0.00563	0.00467	0.00146	0.00499	0.00462	0.00384	0.00713
59	0.01302	0.54147	0.07736	0.00917	0.01286	0.17915	0.00867	0.02861	0.03594	0.01195	0.00836	0.02610	0.02103	0.00464	0.00353	0.00113	0.00567	0.00313	0.00230	0.00592
60	0.00740	0.00559	0.00677	0.00633	0.00801	0.00493	0.00468	0.00954	0.05036	0.03685	0.22924	0.27376	0.14606	0.00991	0.00515	0.00146	0.00275	0.00869	0.00427	0.17824
61	0.03378	0.09801	0.06170	0.02619	0.08740	0.36870	0.04701	0.03335	0.03067	0.01270	0.00850	0.01132	0.00742	0.06906	0.03347	0.00177	0.05720	0.00371	0.00245	0.00560
62	0.01331	0.69594	0.02244	0.00863	0.01237	0.13857	0.00814	0.03387	0.01032	0.01147	0.00669	0.00769	0.00602	0.00414	0.00321	0.00104	0.00549	0.00261	0.00212	0.00593
63	0.01116	0.00994	0.01490	0.08778	0.41168	0.02677	0.02486	0.04214	0.01083	0.04701	0.01145	0.02515	0.05229	0.00474	0.00443	0.00126	0.00492	0.00430	0.00276	0.20165
64	0.01506	0.02963	0.08643	0.01528	0.17907	0.35939	0.02756	0.17596	0.02655	0.01639	0.00892	0.01062	0.00713	0.00490	0.00445	0.00133	0.00679	0.01519	0.00286	0.00649
65	0.01709	0.01274	0.01363	0.01058	0.01420	0.01415	0.00870	0.71778	0.09702	0.02837	0.01192	0.01177	0.00852	0.00565	0.00466	0.00141	0.00498	0.00429	0.00466	0.00786
66	0.01013	0.10063	0.16907	0.03558	0.03108	0.00897	0.02320	0.03310	0.01001	0.01489	0.00820	0.00967	0.00661	0.00381	0.00372	0.00095	0.00454	0.00302	0.00253	0.52027
67	0.00586	0.00478	0.00544	0.00559	0.00681	0.00440	0.00419	0.00705	0.00987	0.01223	0.03775	0.15101	0.54125	0.03413	0.09497	0.00236	0.02018	0.04414	0.00404	0.00394
68	0.00627	0.00547	0.03006	0.00571	0.00726	0.00456	0.00456	0.00830	0.03024	0.01520	0.33472	0.03960	0.43243	0.01061	0.00549	0.00155	0.00256	0.04654	0.00456	0.00429
69	0.00615	0.00456	0.00494	0.00502	0.00571	0.00421	0.00323	0.00671	0.00854	0.01073	0.02919	0.09369	0.35198	0.42863	0.01471	0.00308	0.00347	0.00852	0.00356	0.00336
70	0.01150	0.01108	0.01904	0.02840	0.79354	0.01107	0.02810	0.01429	0.01060	0.01519	0.00876	0.01153	0.00736	0.00414	0.00462	0.00139	0.00557	0.00417	0.00230	0.00735
71	0.86937	0.00900	0.00684	0.00612	0.00900	0.01044	0.00504	0.01368	0.00792	0.02087	0.00648	0.00756	0.00504	0.00432	0.00288	0.00144	0.00360	0.00252	0.00288	0.00504
72	0.00654	0.00475	0.00616	0.00581	0.00692	0.00437	0.00436	0.00870	0.01307	0.01842	0.77572	0.03514	0.07335	0.00960	0.00549	0.00147	0.00220	0.00847	0.00509	0.00437
73	0.00658	0.00476	0.00622	0.00585	0.00695	0.00439	0.00439	0.00878	0.01317	0.01866	0.80503	0.03475	0.04390	0.00951	0.00549	0.00146	0.00219	0.00841	0.00512	0.00439
74	0.00671	0.00475	0.00628	0.00628	0.00669	0.00516	0.00432	0.00754	0.00712	0.00991	0.01356	0.02436	0.01427	0.43545	0.42112	0.00599	0.00849	0.00587	0.00266	0.00349
75	0.01738	0.02217	0.01318	0.01199	0.01438	0.81783	0.00899	0.01858	0.01318	0.01139	0.00719	0.00839	0.00599	0.00479	0.00419	0.00120	0.00839	0.00300	0.00240	0.00539
76	0.00933	0.02406	0.81240	0.01326	0.02014	0.01080	0.01719	0.01473	0.00982	0.01473	0.00835	0.00982	0.00589	0.00442	0.00442	0.00147	0.00688	0.00344	0.00196	0.00688
77	0.00750	0.00535	0.00750	0.00857	0.00964	0.00535	0.00750	0.00964	0.01071	0.01392	0.02463	0.05248	0.02677	0.01285	0.00643	0.00214	0.00428	0.77617	0.00428	0.00428
78	0.01151	0.01105	0.01888	0.02855	0.80748	0.01105	0.01428	0.01428	0.01059	0.01520	0.00875	0.01151	0.00737	0.00415	0.00461	0.00138	0.00553	0.00415	0.00230	0.00737
79	0.86937	0.00900	0.00684	0.00612	0.00900	0.01044	0.00504	0.01368	0.00792	0.02087	0.00648	0.00756	0.00504	0.00432	0.00288	0.00144	0.00360	0.00252	0.00288	0.00504
80	0.01377	0.00632	0.00844	0.00701	0.00936	0.00561	0.00557	0.01577	0.01313	0.41342	0.38702	0.02475	0.02671	0.00751	0.00501	0.00144	0.00307	0.00642	0.03353	0.00615
81	0.00668	0.00451	0.00526	0.00534	0.00542	0.00455	0.00313	0.00685	0.00697	0.00935	0.01531	0.08860	0.01757	0.72106	0.07694	0.00452	0.00492	0.00712	0.00291	0.00298
82	0.03565	0.01477	0.01334	0.01071	0.01408	0.21366	0.00862	0.51589	0.01867	0.09307	0.01071	0.01081	0.00769	0.00538	0.00450	0.00135	0.00580	0.00390	0.00415	0.00723
83	0.01044	0.18001	0.58747	0.01214	0.01814	0.02696	0.02710	0.04152	0.02893	0.01456	0.00833	0.00961	0.00619	0.00442	0.00417	0.00138	0.00642	0.00335	0.00214	0.00671
84	0.01709	0.02166	0.01305	0.01180	0.01426	0.78783	0.00886	0.01832	0.01305	0.01153	0.00723	0.00844	0.00603	0.00474	0.00417	0.00118	0.00821	0.00299	0.00241	0.03716
85	0.01316	0.04613	0.11106	0.01492	0.01931	0.05736	0.38644	0.17276	0.01336	0.07646	0.03574	0.01249	0.00851	0.00468	0.00497	0.00147	0.00663	0.00477	0.00310	0.00667
86	0.01512	0.01344	0.01384	0.04795	0.01523	0.20441	0.08944	0.21012	0.18914	0.10460	0.01245	0.01283	0.00920	0.00639	0.03322	0.00163	0.00605	0.00435	0.00382	0.00676
87	0.00580	0.00464	0.00519	0.00523	0.00651	0.00403	0.00385	0.00719	0.01105	0.01405	0.23937	0.14160	0.51201	0.01155	0.00555	0.00158	0.00236	0.00989	0.00453	0.00403
88	0.00653	0.00445	0.00532	0.00559	0.00572	0.00443	0.00342	0.00685	0.00738	0.00987	0.01727	0.21009	0.02002	0.59359	0.05648	0.00400	0.00447	0.02820	0.00318	0.00313
89	0.27592	0.01060	0.09453	0.00845	0.01163	0.05022	0.02487	0.08041	0.01138	0.20311	0.06486	0.03208	0.01134	0.00717	0.04428	0.00175	0.00480	0.02908	0.02749	0.00603
90	0.01003	0.01654	0.34568	0.01557	0.02076	0.01088	0.37225	0.01487	0.05154	0.01485	0.01011	0.01324	0.00780	0.00597	0.04249	0.00182	0.00733	0.02948	0.00239	0.00641
91	0.01351	0.01224	0.01558	0.16960	0.25069	0.15183	0.05423	0.08934	0.01194	0.10638	0.00964	0.01166	0.00740	0.00534	0.01626	0.00152	0.05939	0.00409	0.00288	0.00647
92	0.00611	0.00437	0.00567	0.00647	0.00686	0.00421	0.00440	0.00726	0.02764	0.01214	0.06456	0.61599	0.02874	0.11658	0.02480	0.00231	0.00320	0.05073	0.00414	0.00381
93	0.00671	0.00541	0.00866	0.00844	0.00940	0.00513	0.11203	0.00806	0.00927	0.01234	0.02248	0.56115	0.02599	0.07354	0.00725	0.00207	0.00374	0.11028	0.00393	0.00411
94	0.01706	0.02131	0.01287	0.01167	0.01405	0.76977	0.00877	0.03561	0.01325	0.01201	0.00758	0.00878	0.00625	0.00483	0.00417	0.00120	0.00809	0.00307	0.03423	0.00541
95	0.01349	0.01350	0.03072	0.02193	0.07483	0.25611	0.00842	0.22390	0.06647	0.01721	0.01312	0.17441	0.01235	0.00838	0.04223	0.00173	0.00596	0.00571	0.00352	0.00601
96	0.00562	0.00457	0.00499	0.00531	0.00653	0.00394	0.00388	0.00674	0.01017	0.01244	0.04076	0.24794	0.57709	0.01254	0.00565	0.00167	0.00252	0.03942	0.00432	0.00390
97	0.00577	0.00411	0.00547	0.00650	0.00681	0.00386	0.00439	0.00662	0.00899	0.01199	0.03816	0.77786	0.03056	0.03215	0.00633	0.00195	0.00278	0.03762	0.00430	0.00378
98	0.00965	0.00827	0.00965	0.00689	0.01102	0.00620	0.00551	0.01171	0.00965	0.01516	0.00827	0.00965	0.00689	0.00345	0.00345	0.00069	0.00345	0.00276	0.00276	0.86494
99	0.04822	0.28229	0.03311	0.01034	0.04275	0.03813	0.00873	0.41528	0.04368	0.02134	0.00947	0.00995	0.00727	0.00494	0.00403	0.00127	0.00511	0.00356	0.00352	0.00704

[dist]
# distance from previous block
# <min> <max>
0	1

[block]
# block no. 2 follows, 55 sequences, length 46
# corresponding to MSA columns:
# 1684-1729
name=unknown_C
#
# <colnr> <probs for GDERKNQSTAVLIFYWHMCP>
#	G	D	E	R	K	N	Q	S	T	A	V	L	I	F	Y	W	H	M	C	P
0	0.01201	0.00965	0.01026	0.00914	0.01175	0.01101	0.00713	0.05003	0.68862	0.05441	0.01841	0.01708	0.01373	0.00621	0.00464	0.00153	0.00365	0.00514	0.05838	0.00722
1	0.00665	0.00498	0.00748	0.00748	0.00831	0.00582	0.00582	0.00831	0.00748	0.01080	0.01246	0.01828	0.01163	0.03489	0.81807	0.00748	0.01246	0.00498	0.00249	0.00415
2	0.51836	0.00975	0.00998	0.05520	0.03763	0.01097	0.02632	0.15061	0.01107	0.09353	0.00862	0.00956	0.00636	0.00479	0.00395	0.00146	0.02929	0.00327	0.00335	0.00592
3	0.00715	0.00562	0.00769	0.00770	0.04272	0.00596	0.00553	0.00894	0.01078	0.01528	0.44828	0.02826	0.06253	0.07938	0.15544	0.00286	0.09042	0.00708	0.00398	0.00441
4	0.00784	0.00675	0.00673	0.00669	0.03180	0.08249	0.00482	0.02728	0.01205	0.01582	0.34110	0.03284	0.30504	0.00921	0.00510	0.00144	0.00301	0.00777	0.08773	0.00449
5	0.01717	0.01263	0.01355	0.01044	0.01399	0.01396	0.00856	0.75517	0.02117	0.02837	0.01133	0.01207	0.00833	0.04453	0.00555	0.00154	0.00509	0.00431	0.00457	0.00767
6	0.86937	0.00900	0.00684	0.00612	0.00900	0.01044	0.00504	0.01368	0.00792	0.02087	0.00648	0.00756	0.00504	0.00432	0.00288	0.00144	0.00360	0.00252	0.00288	0.00504
7	0.86937	0.00900	0.00684	0.00612	0.00900	0.01044	0.00504	0.01368	0.00792	0.02087	0.00648	0.00756	0.00504	0.00432	0.00288	0.00144	0.00360	0.00252	0.00288	0.00504
8	0.01249	0.62715	0.05602	0.00861	0.01221	0.12157	0.00823	0.01399	0.00978	0.01109	0.00729	0.02671	0.00675	0.00558	0.02535	0.03081	0.00562	0.00296	0.00211	0.00570
9	0.00965	0.00827	0.00965	0.00689	0.01102	0.00620	0.00551	0.01171	0.00965	0.01516	0.00827	0.00965	0.00689	0.00345	0.00345	0.00069	0.00345	0.00276	0.00276	0.86494
10	0.00794	0.00561	0.00775	0.00901	0.07834	0.02021	0.02171	0.00916	0.00972	0.08262	0.02347	0.59007	0.05072	0.01230	0.00568	0.00179	0.00334	0.05182	0.00419	0.00457
11	0.00954	0.12095	0.26736	0.01124	0.08273	0.00965	0.02903	0.01261	0.01085	0.05006	0.24146	0.03573	0.04058	0.00650	0.00526	0.00144	0.05059	0.00535	0.00321	0.00586
12	0.00550	0.00471	0.00471	0.00471	0.00628	0.00393	0.00353	0.00668	0.01060	0.01257	0.04713	0.04477	0.80560	0.01178	0.00550	0.00157	0.00236	0.00982	0.00432	0.00393
13	0.00940	0.00800	0.00938	0.00686	0.01076	0.00605	0.00544	0.01139	0.00960	0.01495	0.00935	0.06114	0.00838	0.00414	0.00360	0.00076	0.00340	0.00341	0.00285	0.81111
14	0.01461	0.04410	0.01521	0.01536	0.20041	0.27053	0.04403	0.17963	0.12570	0.01732	0.01040	0.02334	0.00830	0.00510	0.00450	0.00136	0.00614	0.00408	0.00319	0.00670
15	0.00567	0.00405	0.00540	0.00648	0.00675	0.00378	0.00432	0.00648	0.00891	0.01188	0.02564	0.83347	0.03077	0.01457	0.00594	0.00189	0.00270	0.01323	0.00432	0.00378
16	0.01236	0.01161	0.04027	0.04412	0.15602	0.05997	0.03647	0.08030	0.45256	0.03354	0.01471	0.01466	0.01112	0.00556	0.00468	0.00150	0.00476	0.00474	0.00390	0.00716
17	0.00822	0.00674	0.00965	0.00891	0.00926	0.00857	0.00703	0.00888	0.00717	0.01048	0.01027	0.03628	0.02619	0.02003	0.31727	0.17406	0.31983	0.00477	0.00231	0.00407
18	0.01305	0.17788	0.17519	0.02351	0.03918	0.10918	0.06962	0.12078	0.07113	0.07921	0.02399	0.01308	0.05380	0.00524	0.00435	0.00135	0.00567	0.00416	0.00312	0.00652
19	0.03333	0.59456	0.03802	0.00936	0.03332	0.14520	0.02216	0.01478	0.01012	0.03262	0.00723	0.00860	0.00640	0.02283	0.00380	0.00116	0.00556	0.00284	0.00221	0.00590
20	0.00567	0.00405	0.00540	0.00648	0.00675	0.00378	0.00432	0.00648	0.00891	0.01188	0.02564	0.83347	0.03077	0.01457	0.00594	0.00189	0.00270	0.01323	0.00432	0.00378
21	0.00837	0.00720	0.01124	0.09054	0.29043	0.00719	0.00862	0.01064	0.01128	0.01575	0.32684	0.12663	0.05059	0.00789	0.00516	0.00150	0.00381	0.00717	0.00372	0.00542
22	0.03373	0.10246	0.09844	0.04007	0.07776	0.23141	0.04402	0.06954	0.04136	0.13751	0.03718	0.01164	0.00871	0.00513	0.00481	0.00136	0.04149	0.00387	0.00313	0.00638
23	0.00675	0.00456	0.00531	0.00531	0.00539	0.00464	0.00311	0.00691	0.00683	0.00919	0.01445	0.02927	0.01640	0.75895	0.10053	0.00480	0.00528	0.00659	0.00279	0.00295
24	0.01004	0.00998	0.01399	0.01203	0.01206	0.01392	0.01001	0.01108	0.00714	0.01118	0.00635	0.01049	0.00632	0.00918	0.04647	0.00225	0.79629	0.00411	0.00205	0.00505
25	0.01268	0.01101	0.04444	0.19147	0.23113	0.04812	0.06867	0.12315	0.02625	0.10939	0.02333	0.03494	0.00929	0.00535	0.00497	0.00148	0.02102	0.02356	0.00316	0.00658
26	0.01176	0.05760	0.04850	0.04815	0.45502	0.08348	0.08070	0.01566	0.09987	0.01486	0.01020	0.01221	0.01969	0.00462	0.00474	0.00140	0.01786	0.00425	0.00258	0.00684
27	0.00758	0.00614	0.00868	0.00820	0.00879	0.00754	0.00638	0.02141	0.00754	0.01095	0.01140	0.01808	0.01112	0.13512	0.53171	0.00585	0.18178	0.00502	0.00248	0.00423
28	0.00665	0.00498	0.00748	0.00748	0.00831	0.00582	0.00582	0.00831	0.00748	0.01080	0.01246	0.01828	0.01163	0.03489	0.81807	0.00748	0.01246	0.00498	0.00249	0.00415
29	0.01087	0.01040	0.01421	0.03387	0.01296	0.01416	0.01012	0.08721	0.00862	0.01298	0.00666	0.01033	0.00629	0.00780	0.01395	0.00196	0.72586	0.00408	0.00229	0.00537
30	0.00990	0.00826	0.00967	0.00692	0.01104	0.00622	0.00554	0.01196	0.00973	0.03307	0.00850	0.00979	0.00699	0.00350	0.00347	0.00071	0.00346	0.00280	0.00282	0.84565
31	0.06487	0.01235	0.03434	0.03806	0.01429	0.01332	0.00861	0.61741	0.06487	0.02630	0.01135	0.01226	0.00844	0.04560	0.00547	0.00157	0.00500	0.00426	0.00431	0.00735
32	0.01738	0.02217	0.01318	0.01199	0.01438	0.81783	0.00899	0.01858	0.01318	0.01139	0.00719	0.00839	0.00599	0.00479	0.00419	0.00120	0.00839	0.00300	0.00240	0.00539
33	0.01807	0.00915	0.01098	0.00858	0.01188	0.00907	0.00704	0.26638	0.03637	0.44054	0.01568	0.01458	0.01049	0.00567	0.00449	0.00138	0.00409	0.00449	0.11361	0.00745
34	0.00939	0.00889	0.01505	0.64819	0.20443	0.01050	0.01322	0.01242	0.00959	0.01262	0.00838	0.01221	0.00646	0.00454	0.00464	0.00151	0.00605	0.00414	0.00212	0.00566
35	0.00638	0.00459	0.00513	0.00521	0.00580	0.00437	0.00338	0.00696	0.00826	0.01066	0.02544	0.07248	0.26319	0.46275	0.05462	0.00348	0.00408	0.02631	0.02356	0.00334
36	0.00665	0.00484	0.00670	0.00670	0.00731	0.00539	0.00488	0.00782	0.00735	0.01032	0.01397	0.02250	0.03294	0.26917	0.56511	0.00646	0.00988	0.00563	0.00263	0.00376
37	0.01679	0.01239	0.01328	0.01039	0.01392	0.01374	0.00851	0.66385	0.12288	0.04234	0.01239	0.01217	0.00887	0.00568	0.00464	0.00142	0.00486	0.00434	0.01977	0.00778
38	0.00665	0.00498	0.00748	0.00748	0.00831	0.00582	0.00582	0.00831	0.00748	0.01080	0.01246	0.01828	0.01163	0.03489	0.81807	0.00748	0.01246	0.00498	0.00249	0.00415
39	0.82772	0.00879	0.00681	0.00611	0.00890	0.01014	0.00501	0.01344	0.00817	0.02077	0.04502	0.00887	0.00691	0.00457	0.00300	0.00144	0.00353	0.00280	0.00299	0.00501
40	0.01660	0.02049	0.04794	0.01161	0.01426	0.66783	0.00909	0.06792	0.03454	0.02679	0.00847	0.02495	0.00699	0.00508	0.00428	0.00125	0.00771	0.00340	0.01514	0.00567
41	0.00695	0.00481	0.00575	0.00627	0.04388	0.00479	0.00344	0.00712	0.00704	0.00944	0.01486	0.06480	0.01706	0.76023	0.02198	0.00424	0.00448	0.00692	0.00286	0.00308
42	0.01182	0.20081	0.03413	0.00923	0.05053	0.12302	0.00742	0.04947	0.01071	0.01432	0.00787	0.00914	0.00660	0.00391	0.00358	0.00092	0.00475	0.00288	0.00258	0.44632
43	0.00669	0.00466	0.00597	0.00658	0.00724	0.00440	0.00451	0.00817	0.04726	0.03977	0.04467	0.66518	0.04048	0.05347	0.00660	0.00193	0.00289	0.01169	0.00428	0.03355
44	0.01016	0.06247	0.27842	0.04934	0.06690	0.03909	0.12764	0.06782	0.02321	0.01546	0.07410	0.05796	0.05804	0.00576	0.00472	0.00144	0.00567	0.00508	0.00284	0.04387
45	0.02920	0.29820	0.07476	0.07529	0.18891	0.10956	0.01026	0.01438	0.02621	0.01307	0.00775	0.00951	0.00654	0.00432	0.00416	0.00120	0.03039	0.00324	0.00226	0.09079

[dist]
# distance from previous block
# <min> <max>
13	33

[block]
# block no. 3 follows, 55 sequences, length 15
# corresponding to MSA columns:
# 1763-1777
name=unknown_D
#
# <colnr> <probs for GDERKNQSTAVLIFYWHMCP>
#	G	D	E	R	K	N	Q	S	T	A	V	L	I	F	Y	W	H	M	C	P
0	0.04121	0.02551	0.15383	0.03208	0.13850	0.08765	0.09695	0.14505	0.04099	0.10259	0.01166	0.01415	0.01826	0.00535	0.00477	0.00146	0.01360	0.04570	0.01398	0.00671
1	0.02959	0.01132	0.12918	0.00847	0.01267	0.04934	0.02138	0.03357	0.01045	0.06868	0.02519	0.03738	0.00850	0.00438	0.00389	0.00099	0.00432	0.00353	0.00296	0.53421
2	0.05435	0.00923	0.01512	0.35370	0.35060	0.01007	0.03094	0.01260	0.01000	0.01403	0.03268	0.01461	0.06243	0.00503	0.00464	0.00147	0.00545	0.00459	0.00245	0.00600
