[name]
unknown

[dist]
# distance from previous block
# <min> <max>
3	460

[block]
# block no. 0 follows, 47 sequences, length 32
# corresponding to MSA columns:
# 694-725
name=unknown_A
#
# <colnr> <probs for GDERKNQSTAVLIFYWHMCP>
#	G	D	E	R	K	N	Q	S	T	A	V	L	I	F	Y	W	H	M	C	P
0	0.02048	0.01004	0.01273	0.04749	0.01473	0.00985	0.00838	0.17806	0.06877	0.50494	0.01848	0.03851	0.01257	0.00732	0.02126	0.00177	0.00495	0.00541	0.00580	0.00846
1	0.01637	0.00791	0.01018	0.00833	0.01125	0.00726	0.00667	0.07519	0.02994	0.40620	0.28409	0.02657	0.07058	0.00829	0.00560	0.00163	0.00374	0.00699	0.00599	0.00723
2	0.00685	0.00520	0.00626	0.00620	0.00745	0.00466	0.00454	0.00867	0.01299	0.01739	0.42686	0.14131	0.28422	0.03568	0.00680	0.00184	0.00266	0.01056	0.00525	0.00461
3	0.01256	0.06168	0.53834	0.01495	0.03941	0.05017	0.06507	0.12455	0.01320	0.01848	0.00973	0.01125	0.00705	0.00509	0.00498	0.00160	0.00743	0.00406	0.00269	0.00771
4	0.04357	0.46015	0.11823	0.01273	0.04132	0.01736	0.12789	0.04994	0.01136	0.01496	0.00831	0.01007	0.00698	0.00488	0.00491	0.00140	0.05287	0.00369	0.00247	0.00691
5	0.00634	0.00453	0.00604	0.00725	0.00755	0.00423	0.00483	0.00725	0.00997	0.01329	0.02870	0.81358	0.03444	0.01632	0.00665	0.00211	0.00302	0.01480	0.00483	0.00423
6	0.00983	0.00926	0.01562	0.80447	0.03587	0.01157	0.01446	0.01331	0.01041	0.01331	0.00926	0.01388	0.00694	0.00521	0.00521	0.00174	0.00694	0.00463	0.00231	0.00579
7	0.01145	0.01034	0.01739	0.45303	0.32244	0.01156	0.01461	0.01469	0.01118	0.04270	0.01046	0.01507	0.00840	0.00533	0.00525	0.00168	0.00649	0.02848	0.00264	0.00681
8	0.00905	0.00452	0.00678	0.00678	0.00678	0.00452	0.00452	0.00678	0.00678	0.00905	0.00905	0.01583	0.00905	0.01809	0.02035	0.84848	0.00452	0.00452	0.00226	0.00226
9	0.01295	0.01119	0.01178	0.01060	0.01354	0.01295	0.00824	0.02767	0.77509	0.02178	0.02120	0.01943	0.01590	0.00707	0.00530	0.00177	0.00412	0.00589	0.00530	0.00824
10	0.01980	0.01459	0.01563	0.01198	0.01615	0.01615	0.00990	0.76713	0.02448	0.03282	0.01250	0.01250	0.00886	0.00625	0.00521	0.00156	0.00573	0.00469	0.00521	0.00886
11	0.01492	0.03609	0.05080	0.08561	0.10698	0.06557	0.01027	0.13895	0.23026	0.11850	0.01709	0.04221	0.04624	0.00668	0.00522	0.00164	0.00539	0.00551	0.00439	0.00767
12	0.01045	0.02694	0.79000	0.01484	0.02254	0.01209	0.01924	0.01649	0.01099	0.01649	0.00935	0.01099	0.00660	0.00495	0.00495	0.00165	0.00770	0.00385	0.00220	0.00770
13	0.02336	0.00886	0.01209	0.00927	0.01329	0.00765	0.00765	0.02538	0.01491	0.78810	0.02055	0.01773	0.01289	0.00645	0.00524	0.00161	0.00443	0.00524	0.00645	0.00886
14	0.00658	0.00485	0.00611	0.00691	0.00760	0.00447	0.00483	0.00773	0.01070	0.01401	0.08967	0.52837	0.17206	0.05299	0.00749	0.00217	0.00312	0.06122	0.00482	0.00430
15	0.85377	0.01007	0.00765	0.00685	0.01007	0.01168	0.00564	0.01531	0.00886	0.02336	0.00725	0.00846	0.00564	0.00483	0.00322	0.00161	0.00403	0.00282	0.00322	0.00564
16	0.01414	0.70613	0.07734	0.00954	0.01419	0.01970	0.00968	0.07258	0.01166	0.01409	0.00778	0.00884	0.00684	0.00462	0.00359	0.00118	0.00572	0.00300	0.00245	0.00692
17	0.00764	0.00637	0.02751	0.00686	0.00869	0.00542	0.00548	0.01022	0.03342	0.01851	0.45807	0.03955	0.21785	0.01075	0.00599	0.00166	0.00294	0.05906	0.00515	0.06887
18	0.01306	0.01116	0.01176	0.01050	0.01347	0.01284	0.00819	0.06076	0.71804	0.02206	0.02174	0.02003	0.03852	0.00721	0.00532	0.00176	0.00415	0.00599	0.00528	0.00816
19	0.00983	0.00609	0.00789	0.00712	0.00881	0.00567	0.00545	0.01281	0.05060	0.12643	0.64123	0.03507	0.04259	0.00990	0.00598	0.00164	0.00281	0.00868	0.00581	0.00561
20	0.07685	0.06404	0.01173	0.00905	0.01213	0.00952	0.02954	0.01801	0.20952	0.13757	0.01795	0.18291	0.01605	0.00785	0.00502	0.00156	0.00412	0.00667	0.00449	0.17543
21	0.01100	0.00879	0.01029	0.00779	0.01184	0.00696	0.00615	0.01378	0.05057	0.05628	0.01398	0.07426	0.04694	0.00554	0.00432	0.00101	0.00378	0.00460	0.00359	0.65853
22	0.07829	0.67666	0.02439	0.00902	0.01326	0.06209	0.00867	0.01632	0.01089	0.04969	0.00791	0.00886	0.00690	0.00463	0.00350	0.00119	0.00561	0.00293	0.00253	0.00667
23	0.05830	0.00698	0.00731	0.00646	0.00856	0.02808	0.00506	0.04977	0.01238	0.18399	0.01678	0.01788	0.01245	0.00607	0.00406	0.00134	0.00328	0.00478	0.56051	0.00597
24	0.01355	0.01035	0.01188	0.01022	0.01326	0.03301	0.02536	0.19761	0.15828	0.06806	0.05708	0.02743	0.03416	0.00840	0.00560	0.00171	0.00480	0.18984	0.00479	0.12462
25	0.01560	0.01224	0.01373	0.03769	0.07285	0.08336	0.00967	0.30431	0.01693	0.09106	0.05555	0.05673	0.02954	0.00808	0.00662	0.00175	0.07928	0.09336	0.00448	0.00718
26	0.01008	0.00949	0.01542	0.53822	0.13768	0.01135	0.01342	0.01310	0.01056	0.01390	0.01299	0.01768	0.06659	0.00637	0.00639	0.00178	0.07770	0.02866	0.00262	0.00599
27	0.00665	0.00688	0.06498	0.00628	0.00833	0.00504	0.00529	0.00845	0.01206	0.01508	0.14177	0.08988	0.58611	0.01242	0.00609	0.00176	0.00302	0.01047	0.00475	0.00470
28	0.05636	0.08326	0.01212	0.06908	0.01350	0.00989	0.00765	0.10159	0.09306	0.19343	0.06475	0.17081	0.04020	0.00852	0.00530	0.00167	0.00437	0.02126	0.00477	0.03843
29	0.17375	0.01188	0.01354	0.01096	0.01416	0.02993	0.05368	0.21437	0.14225	0.09077	0.01267	0.01372	0.00963	0.02769	0.00687	0.00175	0.10599	0.00461	0.00420	0.05758
30	0.07148	0.15980	0.05952	0.07065	0.01564	0.11860	0.00954	0.16978	0.07780	0.05654	0.03535	0.01439	0.03120	0.02756	0.00581	0.00162	0.04360	0.00450	0.01969	0.00690
31	0.03361	0.03946	0.04738	0.00911	0.01177	0.04354	0.00753	0.09134	0.18536	0.02942	0.20158	0.02448	0.06717	0.04553	0.00672	0.00176	0.03530	0.02600	0.02274	0.07021

[dist]
# distance from previous block
# <min> <max>
0	52

[block]
# block no. 1 follows, 47 sequences, length 15
# corresponding to MSA columns:
# 799-813
name=unknown_B
#
# <colnr> <probs for GDERKNQSTAVLIFYWHMCP>
#	G	D	E	R	K	N	Q	S	T	A	V	L	I	F	Y	W	H	M	C	P
0	0.11346	0.34085	0.05956	0.01132	0.07652	0.03575	0.02921	0.04100	0.10611	0.01697	0.06549	0.01414	0.03641	0.00565	0.00428	0.00140	0.00520	0.00429	0.00323	0.02917
1	0.01376	0.62165	0.05249	0.04150	0.01457	0.04258	0.00938	0.05813	0.03391	0.01436	0.04887	0.01087	0.00931	0.00503	0.00383	0.00124	0.00562	0.00346	0.00269	0.00674
2	0.01255	0.33396	0.24758	0.03426	0.01676	0.04269	0.04090	0.04056	0.03223	0.03863	0.08204	0.01420	0.03176	0.00565	0.00453	0.00144	0.00606	0.00435	0.00295	0.00690
3	0.10684	0.03512	0.04363	0.04517	0.01431	0.00895	0.03627	0.01751	0.05189	0.22131	0.01334	0.04201	0.01015	0.00541	0.00450	0.00131	0.00455	0.00440	0.00405	0.32930
4	0.00725	0.00565	0.00669	0.00661	0.00803	0.00519	0.00486	0.00979	0.06033	0.01708	0.32159	0.20910	0.26393	0.01218	0.00612	0.00176	0.00279	0.01062	0.00514	0.03529
5	0.01425	0.70465	0.06625	0.00964	0.01410	0.09206	0.00956	0.01612	0.01099	0.01252	0.00743	0.00859	0.00668	0.00457	0.00355	0.00116	0.00604	0.00289	0.00227	0.00668
6	0.01139	0.01139	0.01595	0.01367	0.01367	0.01595	0.01139	0.01253	0.00798	0.01253	0.00684	0.01139	0.00684	0.00911	0.01709	0.00228	0.80745	0.00456	0.00228	0.00570
7	0.01083	0.01025	0.01751	0.40351	0.32829	0.01131	0.04113	0.01396	0.01101	0.01489	0.01118	0.08208	0.00985	0.00591	0.00534	0.00169	0.00637	0.00556	0.00265	0.00667
8	0.00634	0.00453	0.00604	0.00725	0.00755	0.00423	0.00483	0.00725	0.00997	0.01329	0.02870	0.81358	0.03444	0.01632	0.00665	0.00211	0.00302	0.01480	0.00483	0.00423
9	0.01080	0.00926	0.01080	0.00771	0.01234	0.00694	0.00617	0.01311	0.01080	0.01697	0.00926	0.01080	0.00771	0.00386	0.00386	0.00077	0.00386	0.00309	0.00309	0.84882
10	0.01980	0.01459	0.01563	0.01198	0.01615	0.01615	0.00990	0.76713	0.02448	0.03282	0.01250	0.01250	0.00886	0.00625	0.00521	0.00156	0.00573	0.00469	0.00521	0.00886
11	0.01080	0.00926	0.01080	0.00771	0.01234	0.00694	0.00617	0.01311	0.01080	0.01697	0.00926	0.01080	0.00771	0.00386	0.00386	0.00077	0.00386	0.00309	0.00309	0.84882
12	0.01117	0.04948	0.70241	0.01437	0.02151	0.01230	0.01811	0.01672	0.01105	0.05122	0.00970	0.01124	0.00689	0.00516	0.00537	0.00166	0.03772	0.00391	0.00240	0.00764
13	0.01045	0.02694	0.79000	0.01484	0.02254	0.01209	0.01924	0.01649	0.01099	0.01649	0.00935	0.01099	0.00660	0.00495	0.00495	0.00165	0.00770	0.00385	0.00220	0.00770
14	0.01229	0.01405	0.03073	0.02195	0.02722	0.01317	0.76558	0.01668	0.01229	0.01668	0.01054	0.01405	0.00790	0.00439	0.00615	0.00176	0.00878	0.00615	0.00263	0.00702

[dist]
# distance from previous block
# <min> <max>
0	14

[block]
# block no. 2 follows, 47 sequences, length 28
# corresponding to MSA columns:
# 828-846,862-870
name=unknown_C
#
# <colnr> <probs for GDERKNQSTAVLIFYWHMCP>
#	G	D	E	R	K	N	Q	S	T	A	V	L	I	F	Y	W	H	M	C	P
0	0.00755	0.00512	0.00606	0.00606	0.00619	0.00526	0.00363	0.00782	0.00769	0.01038	0.01606	0.03214	0.01809	0.70628	0.13605	0.00552	0.00632	0.00729	0.00310	0.00337
1	0.01069	0.00928	0.01147	0.00831	0.01279	0.00710	0.03872	0.01304	0.01083	0.01681	0.01007	0.04217	0.00876	0.00436	0.00406	0.00087	0.00404	0.00367	0.00313	0.77982
2	0.01997	0.00897	0.01174	0.00885	0.01304	0.00746	0.00725	0.02207	0.01380	0.57992	0.01750	0.01586	0.01149	0.00575	0.00486	0.00138	0.00428	0.00466	0.00554	0.23563
3	0.01097	0.02529	0.69088	0.01538	0.02272	0.01235	0.08687	0.04555	0.01163	0.01714	0.00958	0.01133	0.00680	0.00495	0.00507	0.00166	0.00772	0.00409	0.00236	0.00768
4	0.00724	0.00563	0.00667	0.00676	0.00812	0.00526	0.00508	0.00987	0.06537	0.01682	0.28324	0.18086	0.29525	0.01258	0.00626	0.00183	0.00292	0.07023	0.00516	0.00483
5	0.00716	0.00531	0.00666	0.00633	0.00765	0.00482	0.00474	0.00941	0.01423	0.01968	0.65298	0.04088	0.17866	0.01110	0.00614	0.00166	0.00249	0.00970	0.00557	0.00482
6	0.01986	0.00971	0.01316	0.05421	0.08321	0.00917	0.00883	0.11703	0.01549	0.51024	0.06734	0.01761	0.01387	0.00640	0.00525	0.00158	0.00474	0.00530	0.00558	0.03141
7	0.00711	0.00531	0.00660	0.00628	0.00762	0.00480	0.00471	0.00932	0.01412	0.01941	0.62404	0.04133	0.20776	0.01120	0.00614	0.00166	0.00250	0.00976	0.00554	0.00480
8	0.01392	0.82012	0.02729	0.00891	0.01337	0.02061	0.00891	0.01559	0.01058	0.01225	0.00724	0.00835	0.00668	0.00446	0.00334	0.00111	0.00557	0.00278	0.00223	0.00668
9	0.00910	0.00743	0.00831	0.00772	0.00969	0.00770	0.00589	0.01572	0.28859	0.01962	0.33721	0.03449	0.20807	0.00995	0.00584	0.00171	0.00310	0.00851	0.00537	0.00600
10	0.01957	0.01448	0.01550	0.01194	0.01606	0.01605	0.00984	0.74300	0.04898	0.03246	0.01279	0.01273	0.00909	0.00628	0.00521	0.00157	0.00568	0.00473	0.00521	0.00884
11	0.85377	0.01007	0.00765	0.00685	0.01007	0.01168	0.00564	0.01531	0.00886	0.02336	0.00725	0.00846	0.00564	0.00483	0.00322	0.00161	0.00403	0.00282	0.00322	0.00564
12	0.01138	0.01084	0.01842	0.41295	0.41528	0.01198	0.01523	0.01466	0.01115	0.01518	0.00953	0.01338	0.00760	0.00492	0.00518	0.00164	0.00656	0.00463	0.00245	0.00703
13	0.26544	0.00953	0.01105	0.18432	0.01647	0.01069	0.00823	0.09574	0.03245	0.10902	0.01163	0.01551	0.00952	0.12682	0.00821	0.00215	0.03631	0.00458	0.00362	0.03872
14	0.00757	0.00505	0.00568	0.00568	0.00568	0.00505	0.00316	0.00757	0.00757	0.01010	0.01641	0.03408	0.01893	0.81698	0.02651	0.00505	0.00505	0.00757	0.00316	0.00316
15	0.01421	0.39965	0.15983	0.02915	0.03596	0.03176	0.09876	0.06284	0.01212	0.07970	0.00954	0.01083	0.00751	0.00495	0.00462	0.00140	0.02332	0.00382	0.00283	0.00720
16	0.00983	0.00926	0.01562	0.80447	0.03587	0.01157	0.01446	0.01331	0.01041	0.01331	0.00926	0.01388	0.00694	0.00521	0.00521	0.00174	0.00694	0.00463	0.00231	0.00579
17	0.00852	0.00637	0.00951	0.01017	0.01155	0.00631	0.04901	0.01097	0.01193	0.01556	0.02670	0.08468	0.02895	0.01392	0.00712	0.00235	0.00494	0.68186	0.00468	0.00489
18	0.01663	0.01137	0.01218	0.00977	0.01302	0.01240	0.00793	0.47002	0.07554	0.06069	0.01474	0.01517	0.01080	0.00627	0.00478	0.00148	0.00463	0.00485	0.24003	0.00769
19	0.07332	0.00913	0.01034	0.00944	0.01185	0.02787	0.00773	0.18896	0.05046	0.11256	0.06844	0.07629	0.04520	0.04138	0.00669	0.00202	0.00469	0.24232	0.00495	0.00637
20	0.01374	0.01046	0.01599	0.23340	0.02143	0.01126	0.13922	0.14361	0.06637	0.12767	0.01394	0.04769	0.01127	0.09450	0.00800	0.00208	0.02296	0.00579	0.00384	0.00678
21	0.01001	0.00943	0.01593	0.76106	0.07793	0.01162	0.01455	0.01346	0.01049	0.01351	0.00929	0.01383	0.00702	0.00517	0.00520	0.00172	0.00690	0.00463	0.00233	0.00592
22	0.01126	0.01071	0.01819	0.44472	0.38450	0.01194	0.01517	0.01455	0.01109	0.01503	0.00951	0.01342	0.00755	0.00494	0.00518	0.00165	0.00659	0.00463	0.00244	0.00693
23	0.01904	0.01402	0.01509	0.01172	0.01567	0.01548	0.00961	0.72444	0.02367	0.03172	0.01341	0.05751	0.01029	0.00682	0.00529	0.00159	0.00558	0.00526	0.00519	0.00860
24	0.00711	0.00530	0.00668	0.00746	0.00818	0.00516	0.00522	0.00943	0.07818	0.01471	0.08650	0.59136	0.07543	0.03098	0.00689	0.00210	0.00318	0.04658	0.00491	0.00465
25	0.00868	0.00715	0.00902	0.00906	0.01001	0.00804	0.00689	0.01247	0.15372	0.01543	0.06467	0.37848	0.06125	0.01274	0.00814	0.00206	0.13725	0.08508	0.00454	0.00533
26	0.12035	0.01108	0.01268	0.01066	0.01286	0.04277	0.02746	0.19366	0.02966	0.04590	0.04346	0.05164	0.06441	0.00906	0.03801	0.00203	0.22459	0.00551	0.02739	0.02682
27	0.21737	0.02628	0.13449	0.03830	0.01227	0.00896	0.00809	0.02425	0.02415	0.02993	0.25018	0.04116	0.02158	0.04170	0.02818	0.00195	0.02397	0.00593	0.04249	0.01879

[dist]
# distance from previous block
# <min> <max>
1	23

[block]
# block no. 3 follows, 47 sequences, length 7
# corresponding to MSA columns:
# 903-909
name=unknown_D
#
# <colnr> <probs for GDERKNQSTAVLIFYWHMCP>
#	G	D	E	R	K	N	Q	S	T	A	V	L	I	F	Y	W	H	M	C	P
0	0.13321	0.19805	0.14157	0.00980	0.01356	0.01292	0.03291	0.07791	0.07088	0.01893	0.08420	0.01471	0.01240	0.00594	0.00486	0.00149	0.03810	0.00445	0.11757	0.00655
1	0.06187	0.18273	0.17300	0.01199	0.01656	0.07995	0.08253	0.05386	0.16102	0.05311	0.02836	0.01307	0.00987	0.00544	0.00468	0.00150	0.00606	0.00433	0.00340	0.04668
2	0.01631	0.01165	0.01280	0.01115	0.03781	0.03340	0.00860	0.20741	0.36272	0.16235	0.03982	0.01850	0.03969	0.00693	0.00530	0.00167	0.00469	0.00563	0.00533	0.00823
3	0.14886	0.00682	0.00789	0.06058	0.01046	0.00708	0.00588	0.01215	0.07615	0.01998	0.44623	0.06765	0.09205	0.00948	0.00555	0.00168	0.00320	0.00808	0.00494	0.00530
4	0.01295	0.01128	0.01729	0.27025	0.34665	0.01234	0.01360	0.08194	0.11608	0.04859	0.01183	0.01425	0.00911	0.00536	0.00520	0.00164	0.00604	0.00483	0.00324	0.00755
5	0.01025	0.00968	0.01637	0.69974	0.13735	0.01168	0.01467	0.01367	0.01061	0.01381	0.00933	0.01375	0.00712	0.00513	0.00520	0.00171	0.00684	0.00463	0.00235	0.00612
6	0.06700	0.00987	0.01662	0.64639	0.07162	0.01175	0.07630	0.01386	0.01054	0.01445	0.00925	0.01348	0.00700	0.00508	0.00515	0.00172	0.00686	0.00463	0.00242	0.00600

[dist]
# distance from previous block
# <min> <max>
4	10

[block]
# block no. 4 follows, 47 sequences, length 25
# corresponding to MSA columns:
# 920,931-954
name=unknown_E
#
# <colnr> <probs for GDERKNQSTAVLIFYWHMCP>
#	G	D	E	R	K	N	Q	S	T	A	V	L	I	F	Y	W	H	M	C	P
0	0.00998	0.00941	0.01589	0.76665	0.07252	0.01161	0.01454	0.01344	0.01048	0.01349	0.00928	0.01384	0.00701	0.00518	0.00520	0.00173	0.00691	0.00463	0.00233	0.00591
1	0.58844	0.01228	0.00977	0.04129	0.01260	0.10892	0.00707	0.07193	0.07132	0.02221	0.00892	0.00996	0.00687	0.00520	0.00380	0.00159	0.00494	0.00334	0.00343	0.00614
2	0.01287	0.01288	0.01943	0.18750	0.56144	0.08429	0.01513	0.01588	0.01183	0.01587	0.00953	0.01277	0.00784	0.00482	0.00512	0.00157	0.00664	0.00452	0.00253	0.00754
3	0.00983	0.00926	0.01562	0.80447	0.03587	0.01157	0.01446	0.01331	0.01041	0.01331	0.00926	0.01388	0.00694	0.00521	0.00521	0.00174	0.00694	0.00463	0.00231	0.00579
4	0.00983	0.00902	0.01504	0.76138	0.03426	0.01121	0.01388	0.01324	0.01044	0.01363	0.00967	0.01418	0.00729	0.00525	0.00512	0.00171	0.00670	0.00464	0.04776	0.00573
5	0.01909	0.02406	0.01459	0.01326	0.01596	0.75225	0.00996	0.02118	0.05730	0.01325	0.00879	0.00995	0.00722	0.00546	0.00473	0.00137	0.00910	0.00350	0.00283	0.00616
6	0.01295	0.01119	0.01178	0.01060	0.01354	0.01295	0.00824	0.02767	0.77509	0.02178	0.02120	0.01943	0.01590	0.00707	0.00530	0.00177	0.00412	0.00589	0.00530	0.00824
7	0.00619	0.00513	0.00542	0.00565	0.00713	0.00436	0.00412	0.00743	0.01151	0.01392	0.04816	0.19590	0.63957	0.01379	0.00625	0.00183	0.00271	0.01172	0.00484	0.00436
8	0.02297	0.00950	0.01248	0.00957	0.01361	0.00859	0.00790	0.10743	0.01596	0.70456	0.01966	0.01715	0.01244	0.00642	0.00523	0.00161	0.00457	0.00518	0.00631	0.00886
9	0.77329	0.01012	0.00800	0.00706	0.01026	0.01167	0.00580	0.05775	0.00983	0.02374	0.00793	0.00912	0.00613	0.00496	0.00335	0.00159	0.00406	0.00301	0.03654	0.00579
10	0.01251	0.01066	0.01120	0.01002	0.01289	0.01209	0.00781	0.06707	0.63912	0.02146	0.02457	0.02280	0.10937	0.00777	0.00540	0.00175	0.00403	0.00644	0.00524	0.00781
11	0.04877	0.76699	0.02619	0.00890	0.01330	0.02013	0.00880	0.03391	0.01085	0.01321	0.00737	0.00846	0.00669	0.00451	0.00338	0.00115	0.00551	0.00283	0.00234	0.00669
12	0.05346	0.04825	0.09828	0.03406	0.02405	0.02973	0.52757	0.01673	0.03896	0.01661	0.01022	0.01320	0.00780	0.00486	0.00631	0.00173	0.05313	0.00544	0.00268	0.00693
13	0.01264	0.01212	0.02069	0.09512	0.72329	0.01231	0.01586	0.01576	0.01174	0.01671	0.00975	0.01297	0.00814	0.00469	0.00516	0.00156	0.00625	0.00464	0.00256	0.00805
14	0.01045	0.02694	0.79000	0.01484	0.02254	0.01209	0.01924	0.01649	0.01099	0.01649	0.00935	0.01099	0.00660	0.00495	0.00495	0.00165	0.00770	0.00385	0.00220	0.00770
15	0.00621	0.00507	0.00549	0.00582	0.00718	0.00435	0.00420	0.00741	0.01134	0.01385	0.04609	0.26172	0.57508	0.01406	0.00629	0.00186	0.00274	0.01205	0.00484	0.00435
16	0.01214	0.01386	0.19514	0.34359	0.10666	0.01116	0.07797	0.01602	0.01159	0.11422	0.03985	0.01456	0.00942	0.00538	0.00526	0.00168	0.00670	0.00484	0.00300	0.00695
17	0.09104	0.12369	0.22893	0.03979	0.02044	0.07642	0.22282	0.04745	0.01223	0.07485	0.01007	0.01180	0.00747	0.00492	0.00493	0.00158	0.00717	0.00438	0.00290	0.00713
18	0.01841	0.00780	0.01028	0.00825	0.01153	0.00675	0.00668	0.02037	0.01438	0.55915	0.12475	0.02589	0.14619	0.00812	0.00551	0.00164	0.00388	0.00674	0.00608	0.00760
19	0.00838	0.00602	0.00693	0.00673	0.00837	0.00557	0.00501	0.03902	0.05382	0.06404	0.18571	0.20266	0.36362	0.01233	0.00612	0.00179	0.00299	0.01061	0.00515	0.00512
20	0.19511	0.04286	0.05421	0.02561	0.01256	0.13064	0.00773	0.01750	0.10414	0.12221	0.09935	0.01877	0.07242	0.00806	0.03592	0.00184	0.00530	0.00521	0.03420	0.00637
21	0.37574	0.10781	0.07483	0.01058	0.05679	0.11265	0.00874	0.04597	0.03217	0.11684	0.00992	0.01064	0.00744	0.00517	0.00406	0.00152	0.00542	0.00353	0.00346	0.00672
22	0.32834	0.17494	0.23052	0.01107	0.05245	0.01376	0.01084	0.07202	0.01108	0.01933	0.00858	0.01030	0.00681	0.02515	0.00455	0.00160	0.00561	0.00345	0.00286	0.00673
23	0.07194	0.14777	0.13978	0.01089	0.01507	0.01410	0.01023	0.16049	0.22635	0.07460	0.01419	0.01418	0.02356	0.00609	0.00520	0.00159	0.03583	0.00457	0.00406	0.01952
24	0.06074	0.10530	0.08479	0.00949	0.01348	0.01122	0.00845	0.05185	0.22158	0.13057	0.03584	0.01689	0.05763	0.00617	0.00471	0.00145	0.00455	0.00489	0.00427	0.16615

[dist]
# distance from previous block
# <min> <max>
2	50

[block]
# block no. 5 follows, 47 sequences, length 11
# corresponding to MSA columns:
# 1011-1021
name=unknown_F
#
# <colnr> <probs for GDERKNQSTAVLIFYWHMCP>
#	G	D	E	R	K	N	Q	S	T	A	V	L	I	F	Y	W	H	M	C	P
0	0.00926	0.01058	0.11974	0.47640	0.02613	0.00983	0.01234	0.01259	0.01104	0.01486	0.15291	0.01993	0.01578	0.07899	0.00725	0.00200	0.00605	0.00567	0.00301	0.00565
1	0.09355	0.01185	0.01306	0.01027	0.01392	0.01263	0.00841	0.45813	0.01997	0.17015	0.11943	0.01674	0.01486	0.00677	0.00516	0.00159	0.00489	0.00527	0.00533	0.00803
2	0.01427	0.00942	0.01363	0.06382	0.24480	0.00945	0.02468	0.01853	0.11742	0.20378	0.01764	0.01830	0.05398	0.00617	0.00499	0.00156	0.00468	0.00537	0.16011	0.00738
3	0.17418	0.01375	0.01415	0.01103	0.01502	0.01532	0.00911	0.62796	0.02159	0.03107	0.01153	0.01175	0.00826	0.00599	0.00484	0.00157	0.00542	0.00434	0.00484	0.00826
4	0.03644	0.01215	0.08156	0.01024	0.01395	0.01146	0.00886	0.20150	0.26052	0.16481	0.02191	0.02064	0.11808	0.00735	0.00530	0.00167	0.00468	0.00592	0.00510	0.00786
5	0.13038	0.52698	0.02167	0.00917	0.01327	0.01799	0.00855	0.15443	0.01283	0.01758	0.00848	0.00962	0.00719	0.00622	0.03530	0.00155	0.00572	0.00325	0.00294	0.00686
6	0.00690	0.00522	0.00644	0.00687	0.00802	0.00476	0.00520	0.00857	0.01209	0.01578	0.21799	0.24857	0.27619	0.01361	0.00646	0.00194	0.00308	0.14273	0.00504	0.00455
7	0.00858	0.00809	0.07752	0.00815	0.00990	0.00664	0.00659	0.11275	0.01231	0.01628	0.02866	0.45658	0.16622	0.04764	0.00706	0.00206	0.00383	0.01141	0.00458	0.00516
8	0.31860	0.02804	0.03566	0.08792	0.18330	0.01311	0.05201	0.18632	0.01349	0.02244	0.00942	0.01121	0.00723	0.00512	0.00449	0.00160	0.00554	0.00402	0.00337	0.00710
9	0.17129	0.01332	0.05730	0.03493	0.15552	0.01365	0.01057	0.36699	0.04868	0.02549	0.01183	0.04639	0.00936	0.00606	0.00488	0.00161	0.00546	0.00477	0.00411	0.00778
10	0.18175	0.07786	0.05683	0.05579	0.07627	0.01383	0.00982	0.25403	0.13654	0.06965	0.01234	0.01281	0.00913	0.00571	0.00466	0.00158	0.00526	0.00434	0.00413	0.00767

[dist]
# distance from previous block
# <min> <max>
3	15

[block]
# block no. 6 follows, 47 sequences, length 23
# corresponding to MSA columns:
# 1037-1059
name=unknown_G
#
# <colnr> <probs for GDERKNQSTAVLIFYWHMCP>
#	G	D	E	R	K	N	Q	S	T	A	V	L	I	F	Y	W	H	M	C	P
0	0.04482	0.11411	0.20455	0.04192	0.02795	0.10659	0.01085	0.09982	0.06860	0.02833	0.07608	0.01715	0.04005	0.04866	0.00598	0.00171	0.00595	0.01471	0.02506	0.01710
1	0.01262	0.01169	0.01817	0.04407	0.55820	0.01203	0.01362	0.04632	0.13478	0.01810	0.01476	0.01659	0.06439	0.00571	0.00525	0.00160	0.00560	0.00529	0.00327	0.00794
2	0.01166	0.01065	0.01718	0.08025	0.52102	0.01080	0.01315	0.05505	0.01219	0.01690	0.01540	0.12528	0.05805	0.00707	0.00547	0.00167	0.00554	0.02221	0.00319	0.00726
3	0.08643	0.01381	0.01383	0.01112	0.01466	0.06988	0.00897	0.51503	0.10234	0.02763	0.01244	0.01295	0.00922	0.00706	0.00617	0.06585	0.00559	0.00456	0.00465	0.00783
4	0.01155	0.01174	0.01583	0.14598	0.01751	0.05604	0.01184	0.01309	0.00874	0.01267	0.00730	0.01171	0.00685	0.00826	0.01445	0.00214	0.63174	0.00451	0.00231	0.00573
5	0.00737	0.00497	0.00574	0.00593	0.00598	0.00492	0.00343	0.00752	0.00796	0.01061	0.01840	0.16027	0.02144	0.68736	0.02329	0.00457	0.00472	0.00874	0.00343	0.00333
6	0.01734	0.14158	0.10948	0.01320	0.01682	0.56374	0.03510	0.01939	0.01362	0.01324	0.00816	0.00958	0.00673	0.00515	0.00457	0.00136	0.00861	0.00342	0.00256	0.00636
7	0.01729	0.01392	0.01387	0.01144	0.01498	0.08699	0.00915	0.37186	0.31445	0.06619	0.01588	0.01518	0.01160	0.00650	0.00520	0.00162	0.00538	0.00506	0.00507	0.00836
8	0.00632	0.00462	0.00595	0.00702	0.00749	0.00425	0.00473	0.00728	0.01020	0.01339	0.03156	0.72299	0.12319	0.01594	0.00659	0.00207	0.00298	0.01435	0.00483	0.00425
9	0.01260	0.01208	0.02062	0.10380	0.71488	0.01230	0.01584	0.01573	0.01172	0.01667	0.00975	0.01298	0.00813	0.00469	0.00516	0.00156	0.00626	0.00464	0.00255	0.00802
10	0.01529	0.01498	0.10959	0.01746	0.02251	0.06724	0.44414	0.01907	0.01296	0.20442	0.01267	0.01427	0.00889	0.00502	0.00569	0.00168	0.00764	0.00547	0.00352	0.00748
11	0.00905	0.00452	0.00678	0.00678	0.00678	0.00452	0.00452	0.00678	0.00678	0.00905	0.00905	0.01583	0.00905	0.01809	0.02035	0.84848	0.00452	0.00452	0.00226	0.00226
12	0.71641	0.01050	0.00860	0.00756	0.01083	0.01212	0.00618	0.06979	0.08123	0.02389	0.00892	0.00977	0.00682	0.00514	0.00356	0.00162	0.00416	0.00324	0.00356	0.00611
13	0.01087	0.01001	0.01672	0.34569	0.34606	0.01097	0.01408	0.01400	0.01129	0.01525	0.01258	0.02105	0.01138	0.00652	0.00552	0.00177	0.00626	0.13049	0.00284	0.00665
14	0.01882	0.01745	0.01462	0.01211	0.01555	0.29089	0.00959	0.40166	0.07366	0.04534	0.04100	0.01304	0.01024	0.00617	0.00507	0.00150	0.00675	0.00450	0.00438	0.00767
15	0.01069	0.01027	0.01780	0.57749	0.21042	0.01185	0.05928	0.01413	0.01086	0.01437	0.00946	0.01366	0.00730	0.00503	0.00525	0.00169	0.00687	0.00472	0.00239	0.00643
16	0.00667	0.00474	0.00625	0.00713	0.00745	0.00462	0.00476	0.00754	0.00940	0.01264	0.02502	0.59665	0.02948	0.14798	0.10075	0.00331	0.00461	0.01258	0.00433	0.00411
17	0.01186	0.05743	0.06529	0.26843	0.46488	0.01257	0.01531	0.01516	0.01129	0.01557	0.00946	0.01283	0.00766	0.00482	0.00506	0.00159	0.00647	0.00449	0.00245	0.00737
18	0.08726	0.00688	0.00860	0.05360	0.05616	0.00713	0.00671	0.06532	0.01106	0.01572	0.02210	0.28895	0.05969	0.15611	0.00967	0.00253	0.00435	0.12909	0.00413	0.00493
19	0.00836	0.00649	0.00722	0.00709	0.00882	0.00618	0.00554	0.10295	0.01306	0.01640	0.03903	0.11231	0.44150	0.05775	0.00741	0.00207	0.00358	0.14451	0.00478	0.00494
20	0.12348	0.01345	0.01505	0.15315	0.03928	0.15824	0.09178	0.16771	0.01444	0.03562	0.01255	0.01882	0.01081	0.00669	0.00525	0.00170	0.00658	0.11525	0.00358	0.00655
21	0.03261	0.01278	0.01432	0.27951	0.04292	0.13367	0.01070	0.16202	0.01431	0.09000	0.01072	0.01261	0.00797	0.00530	0.00486	0.00146	0.00625	0.00420	0.00348	0.15033
22	0.03270	0.03979	0.01681	0.04633	0.27335	0.03428	0.05060	0.17630	0.03644	0.11228	0.06330	0.04628	0.01276	0.00709	0.02703	0.00178	0.00585	0.00543	0.00397	0.00765

[dist]
# distance from previous block
# <min> <max>
1	135

[block]
# block no. 7 follows, 47 sequences, length 10
# corresponding to MSA columns:
# 1262-1271
name=unknown_H
#
# <colnr> <probs for GDERKNQSTAVLIFYWHMCP>
#	G	D	E	R	K	N	Q	S	T	A	V	L	I	F	Y	W	H	M	C	P
0	0.01413	0.01395	0.04519	0.03309	0.01706	0.15854	0.18346	0.14398	0.01445	0.05473	0.01561	0.07310	0.07005	0.00661	0.00528	0.00154	0.00637	0.00584	0.05152	0.08549
1	0.05871	0.03158	0.01189	0.03934	0.01350	0.10633	0.02005	0.12226	0.02823	0.17071	0.01698	0.11504	0.03548	0.00875	0.03159	0.00180	0.00540	0.05273	0.02417	0.10547
2	0.13947	0.03929	0.01247	0.00967	0.01322	0.12577	0.02612	0.14728	0.03019	0.16307	0.05291	0.01618	0.06544	0.00621	0.00472	0.00144	0.00515	0.00476	0.00430	0.13232
3	0.06820	0.00566	0.00701	0.00657	0.00794	0.00540	0.00497	0.01022	0.01432	0.02106	0.72609	0.03671	0.04601	0.01023	0.00593	0.00164	0.00257	0.00894	0.00555	0.00497
4	0.01229	0.01169	0.01952	0.18313	0.59301	0.01225	0.01524	0.01612	0.05496	0.01655	0.01034	0.01346	0.00843	0.00489	0.00517	0.00160	0.00622	0.00471	0.00268	0.00776
5	0.00664	0.00474	0.00638	0.00758	0.00801	0.00448	0.00534	0.00776	0.01026	0.01362	0.02854	0.70600	0.03381	0.01604	0.00672	0.00216	0.00327	0.11950	0.00483	0.00431
6	0.00983	0.00926	0.01562	0.80447	0.03587	0.01157	0.01446	0.01331	0.01041	0.01331	0.00926	0.01388	0.00694	0.00521	0.00521	0.00174	0.00694	0.00463	0.00231	0.00579
7	0.11400	0.14075	0.47422	0.01257	0.01859	0.01306	0.03881	0.03386	0.03029	0.01747	0.05309	0.01222	0.00924	0.00525	0.00462	0.00157	0.00653	0.00403	0.00269	0.00716
8	0.05704	0.01230	0.01461	0.11219	0.01785	0.03473	0.06285	0.30051	0.17752	0.04588	0.01357	0.01425	0.01001	0.00589	0.00503	0.00157	0.00548	0.00481	0.03583	0.06807
9	0.02031	0.01172	0.01360	0.01065	0.01459	0.01215	0.00873	0.35270	0.12747	0.34593	0.01709	0.01567	0.01154	0.00645	0.00523	0.00161	0.00496	0.00509	0.00574	0.00877

[dist]
# distance from previous block
# <min> <max>
0	1

[block]
# block no. 8 follows, 47 sequences, length 7
# corresponding to MSA columns:
# 1273,1276-1281
name=unknown_I
#
# <colnr> <probs for GDERKNQSTAVLIFYWHMCP>
#	G	D	E	R	K	N	Q	S	T	A	V	L	I	F	Y	W	H	M	C	P
0	0.01529	0.00888	0.01073	0.00911	0.01182	0.00890	0.00716	0.18682	0.08839	0.25141	0.16291	0.17417	0.02321	0.00915	0.00568	0.00172	0.00405	0.00780	0.00561	0.00717
1	0.01103	0.01141	0.04907	0.19934	0.02329	0.01109	0.30448	0.08153	0.03686	0.01686	0.01760	0.09424	0.10527	0.00706	0.00582	0.00176	0.00659	0.00698	0.00334	0.00638
2	0.07017	0.01111	0.01523	0.58536	0.06203	0.07195	0.01317	0.08175	0.01196	0.01587	0.00934	0.01300	0.00706	0.00526	0.00503	0.00167	0.00679	0.00441	0.00268	0.00617
3	0.01158	0.00921	0.01516	0.70216	0.03296	0.01107	0.01359	0.01486	0.01099	0.11299	0.01071	0.01438	0.00771	0.00537	0.00521	0.00172	0.00662	0.00471	0.00285	0.00618
4	0.12023	0.01239	0.13677	0.17542	0.02004	0.01084	0.11429	0.04196	0.01119	0.09695	0.01284	0.10516	0.01120	0.04189	0.00700	0.00192	0.06441	0.00583	0.00331	0.00637
5	0.00946	0.00839	0.01379	0.45246	0.14681	0.00960	0.01192	0.01197	0.01034	0.01366	0.01386	0.20020	0.01367	0.00840	0.00636	0.04777	0.00578	0.00700	0.00294	0.00562
6	0.01170	0.00865	0.01388	0.43101	0.05783	0.00976	0.03782	0.01462	0.05068	0.11343	0.05169	0.01625	0.01080	0.00774	0.00771	0.13644	0.00589	0.00506	0.00319	0.00585

[dist]
# distance from previous block
# <min> <max>
2	15

[block]
# block no. 9 follows, 47 sequences, length 16
# corresponding to MSA columns:
# 1297-1312
name=unknown_J
#
# <colnr> <probs for GDERKNQSTAVLIFYWHMCP>
#	G	D	E	R	K	N	Q	S	T	A	V	L	I	F	Y	W	H	M	C	P
0	0.01291	0.42462	0.13881	0.05357	0.24434	0.01648	0.01281	0.01574	0.01101	0.01435	0.00841	0.01035	0.00715	0.00462	0.00421	0.00135	0.00613	0.00358	0.00233	0.00726
1	0.01271	0.47564	0.24002	0.01071	0.01593	0.01681	0.01164	0.01704	0.09288	0.01467	0.00942	0.01039	0.00769	0.00485	0.00403	0.00132	0.00594	0.00343	0.00259	0.04230
2	0.01383	0.04105	0.25555	0.01170	0.01692	0.01021	0.06492	0.01784	0.04425	0.18968	0.01225	0.01296	0.00882	0.00519	0.00527	0.00142	0.03915	0.00419	0.00356	0.24123
3	0.01025	0.00837	0.00975	0.00739	0.01131	0.00643	0.00582	0.01232	0.01102	0.04075	0.01698	0.07020	0.11765	0.00607	0.00441	0.00103	0.00365	0.00504	0.00355	0.64800
4	0.01223	0.01284	0.01546	0.03820	0.01450	0.11762	0.01111	0.01350	0.00896	0.01257	0.00737	0.01159	0.00709	0.00977	0.04821	0.00240	0.64408	0.00445	0.00235	0.00570
5	0.01980	0.01459	0.01563	0.01198	0.01615	0.01615	0.00990	0.76713	0.02448	0.03282	0.01250	0.01250	0.00886	0.00625	0.00521	0.00156	0.00573	0.00469	0.00521	0.00886
6	0.01980	0.01459	0.01563	0.01198	0.01615	0.01615	0.00990	0.76713	0.02448	0.03282	0.01250	0.01250	0.00886	0.00625	0.00521	0.00156	0.00573	0.00469	0.00521	0.00886
7	0.01980	0.01459	0.01563	0.01198	0.01615	0.01615	0.00990	0.76713	0.02448	0.03282	0.01250	0.01250	0.00886	0.00625	0.00521	0.00156	0.00573	0.00469	0.00521	0.00886
8	0.85377	0.01007	0.00765	0.00685	0.01007	0.01168	0.00564	0.01531	0.00886	0.02336	0.00725	0.00846	0.00564	0.00483	0.00322	0.00161	0.00403	0.00282	0.00322	0.00564
9	0.01945	0.02482	0.01476	0.01342	0.01610	0.79608	0.01006	0.02079	0.01476	0.01275	0.00805	0.00939	0.00671	0.00537	0.00470	0.00134	0.00939	0.00335	0.00268	0.00604
10	0.00905	0.00452	0.00678	0.00678	0.00678	0.00452	0.00452	0.00678	0.00678	0.00905	0.00905	0.01583	0.00905	0.01809	0.02035	0.84848	0.00452	0.00452	0.00226	0.00226
11	0.01980	0.01459	0.01563	0.01198	0.01615	0.01615	0.00990	0.76713	0.02448	0.03282	0.01250	0.01250	0.00886	0.00625	0.00521	0.00156	0.00573	0.00469	0.00521	0.00886
12	0.11262	0.00899	0.01161	0.00901	0.01295	0.00809	0.00744	0.02430	0.01426	0.70591	0.01912	0.01673	0.01211	0.00627	0.00502	0.00161	0.00439	0.00498	0.00610	0.00852
13	0.01980	0.01459	0.01563	0.01198	0.01615	0.01615	0.00990	0.76713	0.02448	0.03282	0.01250	0.01250	0.00886	0.00625	0.00521	0.00156	0.00573	0.00469	0.00521	0.00886
14	0.01980	0.01459	0.01563	0.01198	0.01615	0.01615	0.00990	0.76713	0.02448	0.03282	0.01250	0.01250	0.00886	0.00625	0.00521	0.00156	0.00573	0.00469	0.00521	0.00886
15	0.01145	0.02561	0.70677	0.01454	0.02185	0.01253	0.01824	0.09717	0.01244	0.01825	0.00968	0.01116	0.00684	0.00509	0.00498	0.00164	0.00749	0.00394	0.00252	0.00782

[dist]
# distance from previous block
# <min> <max>
4	6

[block]
# block no. 10 follows, 47 sequences, length 6
# corresponding to MSA columns:
# 1319-1324
name=unknown_K
#
# <colnr> <probs for GDERKNQSTAVLIFYWHMCP>
#	G	D	E	R	K	N	Q	S	T	A	V	L	I	F	Y	W	H	M	C	P
0	0.01085	0.00705	0.00789	0.00708	0.00936	0.00652	0.00548	0.11421	0.01387	0.14292	0.03916	0.12960	0.46292	0.01151	0.00593	0.00175	0.00340	0.00964	0.00515	0.00572
1	0.45278	0.01232	0.10129	0.00906	0.01277	0.01187	0.00814	0.01976	0.23932	0.06762	0.01247	0.01260	0.00926	0.00561	0.00417	0.00166	0.00451	0.00401	0.00392	0.00685
2	0.01980	0.01459	0.01563	0.01198	0.01615	0.01615	0.00990	0.76713	0.02448	0.03282	0.01250	0.01250	0.00886	0.00625	0.00521	0.00156	0.00573	0.00469	0.00521	0.00886
3	0.01073	0.02227	0.55781	0.01449	0.01988	0.01325	0.01689	0.01530	0.01009	0.01530	0.00859	0.01111	0.00667	0.00620	0.00859	0.00184	0.24760	0.00406	0.00222	0.00710
4	0.00997	0.01126	0.10160	0.00957	0.01203	0.04509	0.00835	0.01532	0.21359	0.01595	0.02844	0.02863	0.29838	0.03882	0.00825	0.00193	0.13542	0.00728	0.00407	0.00605
5	0.01298	0.01046	0.01150	0.00965	0.01317	0.01081	0.00758	0.02316	0.49691	0.06966	0.01757	0.01673	0.01325	0.00606	0.00486	0.00146	0.00406	0.00501	0.00471	0.26043

[dist]
# distance from previous block
# <min> <max>
24	97

[block]
# block no. 11 follows, 47 sequences, length 6
# corresponding to MSA columns:
# 1429-1434
name=unknown_L
#
# <colnr> <probs for GDERKNQSTAVLIFYWHMCP>
#	G	D	E	R	K	N	Q	S	T	A	V	L	I	F	Y	W	H	M	C	P
0	0.01911	0.01424	0.01524	0.01184	0.01589	0.01583	0.00973	0.69245	0.10029	0.03171	0.01338	0.01320	0.00957	0.00633	0.00522	0.00158	0.00557	0.00481	0.00522	0.00879
1	0.01084	0.00802	0.00922	0.00802	0.01014	0.00825	0.00626	0.19289	0.08144	0.02323	0.44171	0.03092	0.09216	0.00928	0.00574	0.00162	0.00340	0.00790	0.04286	0.00610
2	0.01267	0.01066	0.01130	0.01005	0.01291	0.01207	0.00785	0.08799	0.60538	0.02206	0.06870	0.02243	0.07759	0.00769	0.00541	0.00174	0.00404	0.00640	0.00528	0.00779
3	0.01980	0.01459	0.01563	0.01198	0.01615	0.01615	0.00990	0.76713	0.02448	0.03282	0.01250	0.01250	0.00886	0.00625	0.00521	0.00156	0.00573	0.00469	0.00521	0.00886
4	0.01045	0.02694	0.79000	0.01484	0.02254	0.01209	0.01924	0.01649	0.01099	0.01649	0.00935	0.01099	0.00660	0.00495	0.00495	0.00165	0.00770	0.00385	0.00220	0.00770
5	0.73439	0.01034	0.00856	0.00740	0.01075	0.01176	0.00610	0.07394	0.01047	0.07482	0.00854	0.00939	0.00637	0.00505	0.00351	0.00161	0.00419	0.00312	0.00359	0.00610

[dist]
# distance from previous block
# <min> <max>
9	25

[block]
# block no. 12 follows, 47 sequences, length 28
# corresponding to MSA columns:
# 1465-1492
name=unknown_M
#
# <colnr> <probs for GDERKNQSTAVLIFYWHMCP>
#	G	D	E	R	K	N	Q	S	T	A	V	L	I	F	Y	W	H	M	C	P
0	0.01854	0.03845	0.01485	0.01113	0.01499	0.01509	0.00920	0.66378	0.02262	0.03076	0.01282	0.01311	0.00927	0.00618	0.00499	0.00151	0.00537	0.00465	0.09433	0.00836
1	0.01980	0.01459	0.01563	0.01198	0.01615	0.01615	0.00990	0.76713	0.02448	0.03282	0.01250	0.01250	0.00886	0.00625	0.00521	0.00156	0.00573	0.00469	0.00521	0.00886
2	0.00943	0.00939	0.14094	0.00831	0.01096	0.00643	0.00776	0.01235	0.01371	0.09462	0.46779	0.03422	0.09842	0.00971	0.00592	0.00169	0.00370	0.05384	0.00507	0.00573
3	0.00746	0.00549	0.00791	0.00791	0.00868	0.00626	0.00594	0.00900	0.00823	0.01175	0.01437	0.02278	0.01403	0.17171	0.66507	0.00780	0.01243	0.00592	0.00285	0.00439
4	0.01980	0.01459	0.01563	0.01198	0.01615	0.01615	0.00990	0.76713	0.02448	0.03282	0.01250	0.01250	0.00886	0.00625	0.00521	0.00156	0.00573	0.00469	0.00521	0.00886
5	0.00971	0.00485	0.00485	0.00485	0.00607	0.00485	0.00364	0.01213	0.01092	0.01942	0.01699	0.01942	0.01335	0.00607	0.00364	0.00121	0.00243	0.00485	0.84589	0.00485
6	0.01392	0.82012	0.02729	0.00891	0.01337	0.02061	0.00891	0.01559	0.01058	0.01225	0.00724	0.00835	0.00668	0.00446	0.00334	0.00111	0.00557	0.00278	0.00223	0.00668
7	0.01334	0.01110	0.01179	0.01055	0.01353	0.01276	0.00822	0.02759	0.74681	0.05029	0.02117	0.01937	0.01579	0.00704	0.00530	0.00176	0.00413	0.00586	0.00534	0.00827
8	0.01045	0.02694	0.79000	0.01484	0.02254	0.01209	0.01924	0.01649	0.01099	0.01649	0.00935	0.01099	0.00660	0.00495	0.00495	0.00165	0.00770	0.00385	0.00220	0.00770
9	0.85377	0.01007	0.00765	0.00685	0.01007	0.01168	0.00564	0.01531	0.00886	0.02336	0.00725	0.00846	0.00564	0.00483	0.00322	0.00161	0.00403	0.00282	0.00322	0.00564
10	0.00744	0.00558	0.00837	0.00837	0.00930	0.00651	0.00651	0.00930	0.00837	0.01209	0.01395	0.02046	0.01302	0.03906	0.79635	0.00837	0.01395	0.00558	0.00279	0.00465
11	0.00744	0.00558	0.00837	0.00837	0.00930	0.00651	0.00651	0.00930	0.00837	0.01209	0.01395	0.02046	0.01302	0.03906	0.79635	0.00837	0.01395	0.00558	0.00279	0.00465
12	0.01295	0.01119	0.01178	0.01060	0.01354	0.01295	0.00824	0.02767	0.77509	0.02178	0.02120	0.01943	0.01590	0.00707	0.00530	0.00177	0.00412	0.00589	0.00530	0.00824
13	0.01980	0.01459	0.01563	0.01198	0.01615	0.01615	0.00990	0.76713	0.02448	0.03282	0.01250	0.01250	0.00886	0.00625	0.00521	0.00156	0.00573	0.00469	0.00521	0.00886
14	0.00757	0.00505	0.00568	0.00568	0.00568	0.00505	0.00316	0.00757	0.00757	0.01010	0.01641	0.03408	0.01893	0.81698	0.02651	0.00505	0.00505	0.00757	0.00316	0.00316
15	0.01139	0.01139	0.01595	0.01367	0.01367	0.01595	0.01139	0.01253	0.00798	0.01253	0.00684	0.01139	0.00684	0.00911	0.01709	0.00228	0.80745	0.00456	0.00228	0.00570
16	0.00798	0.00572	0.00784	0.00851	0.00969	0.00558	0.00713	0.01035	0.01281	0.01723	0.27379	0.07965	0.03639	0.01324	0.00683	0.00214	0.00397	0.48124	0.00510	0.00481
17	0.01392	0.82012	0.02729	0.00891	0.01337	0.02061	0.00891	0.01559	0.01058	0.01225	0.00724	0.00835	0.00668	0.00446	0.00334	0.00111	0.00557	0.00278	0.00223	0.00668
18	0.01980	0.01459	0.01563	0.01198	0.01615	0.01615	0.00990	0.76713	0.02448	0.03282	0.01250	0.01250	0.00886	0.00625	0.00521	0.00156	0.00573	0.00469	0.00521	0.00886
19	0.85377	0.01007	0.00765	0.00685	0.01007	0.01168	0.00564	0.01531	0.00886	0.02336	0.00725	0.00846	0.00564	0.00483	0.00322	0.00161	0.00403	0.00282	0.00322	0.00564
20	0.00634	0.00453	0.00604	0.00725	0.00755	0.00423	0.00483	0.00725	0.00997	0.01329	0.02870	0.81358	0.03444	0.01632	0.00665	0.00211	0.00302	0.01480	0.00483	0.00423
21	0.01259	0.01207	0.02060	0.10786	0.71094	0.01229	0.01583	0.01572	0.01172	0.01665	0.00974	0.01299	0.00812	0.00470	0.00516	0.00157	0.00626	0.00464	0.00255	0.00801
22	0.01295	0.01119	0.01178	0.01060	0.01354	0.01295	0.00824	0.02767	0.77509	0.02178	0.02120	0.01943	0.01590	0.00707	0.00530	0.00177	0.00412	0.00589	0.00530	0.00824
23	0.00634	0.00453	0.00604	0.00725	0.00755	0.00423	0.00483	0.00725	0.00997	0.01329	0.02870	0.81358	0.03444	0.01632	0.00665	0.00211	0.00302	0.01480	0.00483	0.00423
24	0.01146	0.01091	0.01855	0.39411	0.43354	0.01200	0.01527	0.01473	0.01118	0.01528	0.00954	0.01336	0.00764	0.00491	0.00518	0.00164	0.00654	0.00463	0.00245	0.00709
25	0.01045	0.02694	0.79000	0.01484	0.02254	0.01209	0.01924	0.01649	0.01099	0.01649	0.00935	0.01099	0.00660	0.00495	0.00495	0.00165	0.00770	0.00385	0.00220	0.00770
26	0.01045	0.02694	0.79000	0.01484	0.02254	0.01209	0.01924	0.01649	0.01099	0.01649	0.00935	0.01099	0.00660	0.00495	0.00495	0.00165	0.00770	0.00385	0.00220	0.00770
27	0.01165	0.30111	0.52636	0.01279	0.01937	0.01504	0.01567	0.01618	0.01085	0.01503	0.00862	0.01008	0.00663	0.00478	0.00439	0.00146	0.00696	0.00348	0.00221	0.00735

[dist]
# distance from previous block
# <min> <max>
16	35

[block]
# block no. 13 follows, 47 sequences, length 20
# corresponding to MSA columns:
# 1600-1609,1617-1626
name=unknown_N
#
# <colnr> <probs for GDERKNQSTAVLIFYWHMCP>
#	G	D	E	R	K	N	Q	S	T	A	V	L	I	F	Y	W	H	M	C	P
0	0.03846	0.05302	0.01642	0.01204	0.01607	0.10832	0.11432	0.28112	0.01618	0.02174	0.01094	0.04056	0.00886	0.00557	0.00508	0.00138	0.02178	0.00454	0.00373	0.21986
1	0.13795	0.03576	0.01491	0.01177	0.01531	0.04861	0.12454	0.09291	0.34562	0.05385	0.03503	0.01576	0.01233	0.00608	0.00501	0.00165	0.00522	0.00515	0.00437	0.02817
2	0.01580	0.01408	0.01327	0.01101	0.01418	0.18007	0.02928	0.27669	0.12699	0.04537	0.14568	0.01822	0.03176	0.00691	0.00525	0.00153	0.00562	0.00549	0.00462	0.04818
3	0.00947	0.00722	0.00863	0.00796	0.01029	0.00652	0.00607	0.01283	0.11083	0.04974	0.02374	0.28843	0.09380	0.01047	0.00558	0.00164	0.00361	0.08170	0.00444	0.25704
4	0.01229	0.00977	0.01064	0.00942	0.01203	0.01069	0.00743	0.17428	0.34419	0.02238	0.12509	0.04712	0.11417	0.00875	0.00560	0.00174	0.00402	0.04870	0.02461	0.00708
5	0.05598	0.00753	0.00963	0.00792	0.01084	0.00667	0.00634	0.01731	0.01399	0.36380	0.28594	0.02613	0.05270	0.00802	0.00540	0.00156	0.00361	0.02404	0.00562	0.08697
6	0.01031	0.08430	0.62977	0.01331	0.01991	0.01180	0.01658	0.01555	0.01145	0.01674	0.11015	0.01444	0.01216	0.00566	0.00498	0.00161	0.00685	0.00450	0.00266	0.00726
7	0.01954	0.02222	0.01498	0.01305	0.01611	0.59780	0.01002	0.21053	0.01723	0.01785	0.00918	0.01018	0.00725	0.00559	0.00483	0.00140	0.00846	0.00369	0.00333	0.00675
8	0.01090	0.13062	0.69030	0.01407	0.02134	0.01321	0.01789	0.01637	0.01094	0.01594	0.00907	0.01065	0.00661	0.00488	0.00474	0.00158	0.00742	0.00371	0.00220	0.00756
