[name]
unknown

[dist]
# distance from previous block
# <min> <max>
3	823

[block]
# block no. 0 follows, 53 sequences, length 14
# corresponding to MSA columns:
# 850-863
name=unknown_A
#
# <colnr> <probs for GDERKNQSTAVLIFYWHMCP>
#	G	D	E	R	K	N	Q	S	T	A	V	L	I	F	Y	W	H	M	C	P
0	0.13948	0.02925	0.02649	0.04829	0.04608	0.09317	0.00806	0.24525	0.08028	0.12328	0.01317	0.02831	0.03275	0.05859	0.00573	0.00166	0.00503	0.00453	0.00396	0.00664
1	0.01494	0.17588	0.01469	0.01098	0.11297	0.01049	0.00804	0.08038	0.03580	0.27140	0.03957	0.03184	0.01075	0.00592	0.02090	0.00140	0.00458	0.00429	0.00395	0.14122
2	0.14092	0.04185	0.14805	0.26559	0.02092	0.02810	0.09852	0.06644	0.03541	0.02515	0.01082	0.01330	0.03972	0.02444	0.02013	0.00171	0.00601	0.00431	0.00270	0.00592
3	0.03515	0.26987	0.09365	0.04362	0.04663	0.11920	0.01876	0.05396	0.06088	0.10936	0.01079	0.02646	0.00850	0.00507	0.00403	0.00129	0.00535	0.00380	0.07723	0.00639
4	0.00943	0.00929	0.07013	0.07444	0.14727	0.00822	0.15442	0.01229	0.02683	0.04754	0.08421	0.21095	0.01885	0.00842	0.00552	0.00170	0.00504	0.09626	0.00351	0.00568
5	0.06690	0.00505	0.00568	0.00568	0.00698	0.00465	0.00420	0.00811	0.01134	0.01565	0.31245	0.17660	0.33728	0.01122	0.00553	0.00162	0.00251	0.00965	0.00463	0.00426
6	0.00849	0.00668	0.00806	0.07753	0.01063	0.03556	0.00607	0.03067	0.08223	0.04132	0.41713	0.03069	0.11264	0.01090	0.06254	0.00199	0.00397	0.04334	0.00454	0.00502
7	0.04184	0.07228	0.42379	0.04160	0.02017	0.04468	0.19779	0.03929	0.01094	0.01555	0.04155	0.01165	0.00802	0.00467	0.00470	0.00149	0.00683	0.00418	0.00239	0.00659
8	0.00913	0.00570	0.00738	0.00773	0.04039	0.04291	0.00520	0.00867	0.00800	0.05697	0.01320	0.11997	0.03694	0.01638	0.10269	0.47650	0.00510	0.00566	0.02807	0.00343
9	0.00637	0.00622	0.07490	0.00660	0.00790	0.00471	0.00528	0.00779	0.00966	0.01285	0.04384	0.41564	0.23867	0.05795	0.03607	0.00212	0.00348	0.01055	0.04520	0.00420
10	0.01603	0.01996	0.01231	0.01124	0.01353	0.68555	0.00843	0.01735	0.01336	0.01243	0.07899	0.01361	0.06568	0.00585	0.00452	0.00128	0.00763	0.00406	0.00285	0.00535
11	0.01079	0.12329	0.40756	0.01148	0.01662	0.08415	0.04774	0.02784	0.04148	0.01473	0.01175	0.01283	0.06291	0.00507	0.00436	0.00136	0.00608	0.00398	0.02538	0.08060
12	0.01550	0.00732	0.00934	0.00781	0.01047	0.00682	0.00618	0.03773	0.09473	0.44389	0.11709	0.10182	0.04723	0.02620	0.00545	0.00160	0.00358	0.00644	0.04404	0.00676
13	0.08871	0.00902	0.01048	0.07879	0.01304	0.02428	0.01953	0.22078	0.02692	0.16065	0.08037	0.09381	0.11642	0.00748	0.00490	0.00152	0.00421	0.00616	0.00442	0.02849

[dist]
# distance from previous block
# <min> <max>
3	11

[block]
# block no. 1 follows, 53 sequences, length 15
# corresponding to MSA columns:
# 876-890
name=unknown_B
#
# <colnr> <probs for GDERKNQSTAVLIFYWHMCP>
#	G	D	E	R	K	N	Q	S	T	A	V	L	I	F	Y	W	H	M	C	P
0	0.06707	0.10723	0.05277	0.01149	0.04177	0.12242	0.08147	0.17501	0.10224	0.10283	0.04138	0.01259	0.00973	0.00532	0.00466	0.00140	0.01890	0.00421	0.00364	0.03386
1	0.00938	0.01318	0.26437	0.06405	0.07666	0.00905	0.03994	0.01456	0.14119	0.03150	0.13503	0.04588	0.10481	0.00701	0.00505	0.00157	0.00491	0.02217	0.00350	0.00619
2	0.01155	0.01062	0.01765	0.14172	0.60341	0.01072	0.01351	0.01435	0.01069	0.03833	0.00917	0.01194	0.00748	0.00432	0.00464	0.00139	0.00556	0.00416	0.00247	0.07631
3	0.00912	0.00595	0.00709	0.00653	0.00820	0.00560	0.00492	0.06070	0.03945	0.07863	0.24593	0.19203	0.09597	0.00922	0.00506	0.00148	0.00286	0.00797	0.13905	0.07424
4	0.11317	0.15195	0.27989	0.01120	0.03147	0.06873	0.04106	0.06759	0.06581	0.09187	0.01009	0.01085	0.00747	0.00482	0.00418	0.00140	0.00572	0.00365	0.02237	0.00672
5	0.01132	0.01185	0.01043	0.01026	0.03711	0.27305	0.00749	0.01248	0.01056	0.03712	0.01691	0.27615	0.07295	0.01041	0.03639	0.00189	0.14808	0.00733	0.00329	0.00495
6	0.00605	0.00439	0.00550	0.00622	0.00670	0.00408	0.00418	0.00693	0.00936	0.01232	0.07148	0.55076	0.13218	0.13011	0.00861	0.00226	0.00300	0.02781	0.00426	0.00381
7	0.01204	0.00880	0.01163	0.19105	0.04092	0.02624	0.03412	0.15364	0.04625	0.09873	0.07467	0.05359	0.01316	0.03391	0.02374	0.00174	0.04212	0.00529	0.12238	0.00597
8	0.01145	0.01085	0.01811	0.05464	0.68787	0.01075	0.01369	0.01423	0.01076	0.01545	0.00942	0.01295	0.00808	0.00448	0.00469	0.00139	0.00549	0.02679	0.00246	0.07644
9	0.00789	0.00519	0.00623	0.00585	0.00741	0.00456	0.00443	0.00959	0.01221	0.10392	0.36011	0.08569	0.34787	0.01061	0.00558	0.00157	0.00256	0.00910	0.00495	0.00468
10	0.01055	0.01145	0.02302	0.01783	0.06480	0.02411	0.56486	0.01417	0.02770	0.01509	0.04040	0.08171	0.03571	0.00575	0.00578	0.00164	0.02042	0.02608	0.00284	0.00610
11	0.01105	0.05165	0.68859	0.01285	0.01942	0.01091	0.01611	0.01604	0.01049	0.10518	0.00968	0.01071	0.00672	0.00468	0.00452	0.00149	0.00665	0.00364	0.00246	0.00715
12	0.00844	0.00602	0.00775	0.00723	0.00873	0.00583	0.03833	0.01145	0.11017	0.07887	0.19375	0.19182	0.17383	0.09051	0.02437	0.00208	0.00349	0.02796	0.00451	0.00489
13	0.00621	0.00465	0.00582	0.00649	0.00727	0.00433	0.00466	0.00771	0.02916	0.01349	0.11519	0.49063	0.18958	0.01345	0.00597	0.00184	0.00282	0.08208	0.00453	0.00412
14	0.00615	0.00462	0.00562	0.00620	0.00701	0.00426	0.00437	0.00759	0.02958	0.01336	0.10564	0.47348	0.23460	0.02705	0.00618	0.00185	0.00273	0.03689	0.01872	0.00408

[dist]
# distance from previous block
# <min> <max>
1	4

[block]
# block no. 2 follows, 53 sequences, length 14
# corresponding to MSA columns:
# 895-908
name=unknown_C
#
# <colnr> <probs for GDERKNQSTAVLIFYWHMCP>
#	G	D	E	R	K	N	Q	S	T	A	V	L	I	F	Y	W	H	M	C	P
0	0.06414	0.09842	0.22941	0.00929	0.01317	0.02228	0.02603	0.08572	0.02859	0.13336	0.02556	0.01378	0.00965	0.03526	0.00487	0.00148	0.00483	0.00412	0.18371	0.00634
1	0.01076	0.00865	0.02205	0.00779	0.01132	0.00727	0.00637	0.09031	0.02411	0.05271	0.07783	0.04052	0.01279	0.00553	0.00444	0.00107	0.01876	0.05461	0.00353	0.53959
2	0.01158	0.06989	0.15427	0.07070	0.08977	0.05634	0.15927	0.09775	0.01132	0.01534	0.01000	0.03530	0.02479	0.00633	0.02359	0.00172	0.14849	0.00462	0.00261	0.00631
3	0.06575	0.00491	0.00598	0.00665	0.00740	0.00480	0.00472	0.00818	0.03218	0.01375	0.09132	0.54149	0.08032	0.04330	0.00649	0.00196	0.00299	0.06930	0.00436	0.00414
4	0.00789	0.00479	0.00628	0.00676	0.00765	0.00436	0.00479	0.00897	0.01008	0.11390	0.05253	0.60652	0.09948	0.01334	0.00589	0.00185	0.00293	0.03287	0.00465	0.00447
5	0.02761	0.10475	0.30085	0.01090	0.01567	0.09045	0.03833	0.02846	0.04276	0.01491	0.00894	0.02369	0.00719	0.00466	0.00455	0.00125	0.03551	0.00353	0.00252	0.23345
6	0.00980	0.01415	0.26723	0.04199	0.08075	0.06459	0.04286	0.03375	0.08027	0.01554	0.08881	0.14348	0.03737	0.00731	0.00504	0.00157	0.00529	0.02814	0.01525	0.01680
7	0.00689	0.00505	0.00671	0.00670	0.00719	0.00552	0.00473	0.00787	0.00778	0.01080	0.03890	0.08076	0.04490	0.33382	0.37569	0.00552	0.03782	0.00665	0.00295	0.00375
8	0.00596	0.00441	0.00561	0.00650	0.00711	0.00406	0.00458	0.00699	0.00965	0.01253	0.03047	0.60883	0.17820	0.01426	0.00606	0.00190	0.00285	0.08163	0.00443	0.00396
9	0.03429	0.25286	0.24332	0.01124	0.01571	0.11603	0.06226	0.01588	0.06459	0.03046	0.00875	0.01000	0.00694	0.00469	0.00459	0.00132	0.04398	0.00345	0.00247	0.06717
10	0.01375	0.22571	0.18041	0.06719	0.01635	0.27715	0.01090	0.04310	0.02341	0.03266	0.00810	0.00951	0.00650	0.00484	0.00466	0.00131	0.04688	0.00329	0.00243	0.02184
11	0.00721	0.00523	0.00622	0.00598	0.00743	0.00477	0.00453	0.00948	0.04655	0.05170	0.38269	0.08099	0.32272	0.01072	0.00563	0.00160	0.00256	0.03451	0.00489	0.00459
12	0.00593	0.00430	0.00561	0.00644	0.00693	0.00398	0.00439	0.00698	0.00985	0.01316	0.12902	0.66909	0.08848	0.01409	0.00601	0.00186	0.00268	0.01269	0.00454	0.00398
13	0.10081	0.01232	0.03615	0.01215	0.01567	0.07824	0.18197	0.20405	0.03333	0.17009	0.04234	0.01310	0.00961	0.00552	0.00554	0.00152	0.06227	0.00459	0.00386	0.00686

[dist]
# distance from previous block
# <min> <max>
0	1

[block]
# block no. 3 follows, 53 sequences, length 12
# corresponding to MSA columns:
# 910-921
name=unknown_D
#
# <colnr> <probs for GDERKNQSTAVLIFYWHMCP>
#	G	D	E	R	K	N	Q	S	T	A	V	L	I	F	Y	W	H	M	C	P
0	0.00675	0.00466	0.00569	0.00580	0.00609	0.00465	0.00368	0.00738	0.00831	0.01133	0.13223	0.14264	0.02289	0.51158	0.10253	0.00412	0.00489	0.00794	0.00343	0.00342
1	0.01368	0.00878	0.01212	0.00986	0.01269	0.00875	0.10554	0.12907	0.14133	0.23192	0.09950	0.13815	0.03747	0.00763	0.00519	0.00158	0.00425	0.00676	0.01910	0.00666
2	0.01168	0.01067	0.01167	0.01023	0.01218	0.10216	0.04749	0.11088	0.22372	0.02827	0.02962	0.16391	0.05322	0.00825	0.00686	0.00168	0.13894	0.00656	0.01599	0.00603
3	0.01308	0.73621	0.05562	0.00866	0.01281	0.04173	0.00864	0.05417	0.01050	0.01239	0.00699	0.00799	0.00623	0.00422	0.00325	0.00107	0.00530	0.00270	0.00220	0.00626
4	0.02589	0.00981	0.01544	0.31788	0.27374	0.01080	0.03535	0.03547	0.07044	0.03439	0.03203	0.01319	0.00870	0.00500	0.00522	0.00150	0.04344	0.00441	0.00273	0.05455
5	0.01517	0.01575	0.01254	0.01093	0.01331	0.37358	0.00852	0.21732	0.04192	0.01703	0.04468	0.01250	0.00955	0.01018	0.12458	0.00231	0.05672	0.00409	0.00327	0.00604
6	0.08757	0.00929	0.01246	0.00978	0.01331	0.00883	0.09814	0.09427	0.07847	0.26151	0.01463	0.01741	0.01125	0.00587	0.00468	0.00142	0.00453	0.08343	0.00427	0.17885
7	0.01121	0.36911	0.28152	0.01084	0.05013	0.01381	0.01121	0.01478	0.04623	0.01378	0.00826	0.00946	0.00670	0.00428	0.00378	0.00118	0.00549	0.00313	0.00230	0.13280
8	0.00831	0.00614	0.00737	0.00660	0.00819	0.00597	0.00508	0.12348	0.01452	0.02001	0.58989	0.03341	0.13357	0.00947	0.00551	0.00151	0.00272	0.00818	0.00509	0.00498
9	0.01004	0.00939	0.01527	0.45179	0.27152	0.01022	0.01259	0.01296	0.01003	0.01378	0.00865	0.01204	0.00685	0.00443	0.00458	0.00141	0.00574	0.00404	0.00230	0.13237
10	0.01121	0.01313	0.13562	0.10107	0.57981	0.01128	0.04930	0.01454	0.01066	0.01521	0.00891	0.01171	0.00722	0.00434	0.00475	0.00146	0.00605	0.00421	0.00229	0.00723
11	0.01190	0.00903	0.01259	0.01033	0.01283	0.03417	0.15405	0.09069	0.15376	0.11936	0.05700	0.15509	0.01652	0.08543	0.00698	0.00188	0.00468	0.00683	0.05085	0.00603

[dist]
# distance from previous block
# <min> <max>
0	7

[block]
# block no. 4 follows, 53 sequences, length 55
# corresponding to MSA columns:
# 929-983
name=unknown_E
#
# <colnr> <probs for GDERKNQSTAVLIFYWHMCP>
#	G	D	E	R	K	N	Q	S	T	A	V	L	I	F	Y	W	H	M	C	P
0	0.00630	0.00475	0.00589	0.00592	0.00699	0.00434	0.00434	0.00798	0.01171	0.01580	0.41622	0.19060	0.23673	0.01268	0.04610	0.00193	0.00293	0.00980	0.00475	0.00425
1	0.01145	0.00641	0.00809	0.00704	0.00910	0.00604	0.00549	0.01484	0.10424	0.23917	0.42785	0.02842	0.07732	0.00836	0.00527	0.00151	0.00295	0.00719	0.02341	0.00585
2	0.54356	0.00958	0.00847	0.00732	0.01028	0.03460	0.00594	0.06449	0.08328	0.12542	0.01029	0.01071	0.00757	0.00549	0.01693	0.00157	0.00409	0.00339	0.04108	0.00594
3	0.00702	0.00482	0.00571	0.04604	0.00670	0.00491	0.00350	0.00727	0.00733	0.00978	0.03883	0.04931	0.01800	0.74641	0.02235	0.00432	0.00460	0.00702	0.00297	0.00309
4	0.00593	0.00487	0.00524	0.00525	0.00674	0.00418	0.00398	0.00735	0.01130	0.01399	0.17113	0.06039	0.62491	0.01183	0.00570	0.00163	0.00249	0.04441	0.00457	0.00413
5	0.01020	0.07079	0.72259	0.01318	0.01991	0.01174	0.01668	0.05364	0.01069	0.01566	0.00861	0.01002	0.00616	0.00457	0.00447	0.00148	0.00686	0.00351	0.00216	0.00706
6	0.01015	0.09837	0.61624	0.01426	0.03384	0.01196	0.11983	0.01508	0.01023	0.01481	0.00855	0.01027	0.00625	0.00443	0.00455	0.00148	0.00699	0.00374	0.00208	0.00690
7	0.01245	0.00634	0.00795	0.00696	0.00915	0.00572	0.00541	0.03760	0.02783	0.31445	0.15122	0.14832	0.19859	0.00929	0.00527	0.00157	0.00318	0.00792	0.03494	0.00585
8	0.24462	0.00739	0.00734	0.04689	0.00950	0.00806	0.00529	0.12567	0.01140	0.03859	0.03469	0.01523	0.02199	0.03442	0.00439	0.00143	0.00341	0.00421	0.37020	0.00526
9	0.01090	0.04743	0.05652	0.02103	0.49972	0.03793	0.01167	0.01343	0.01097	0.02753	0.08971	0.01725	0.06498	0.04680	0.00574	0.00158	0.00512	0.00507	0.02005	0.00658
10	0.01017	0.00898	0.01486	0.05124	0.33515	0.00894	0.09598	0.05049	0.01154	0.03326	0.13326	0.12499	0.03894	0.00833	0.04046	0.00182	0.00522	0.01685	0.00336	0.00616
11	0.01117	0.16831	0.04583	0.06980	0.16235	0.04851	0.11623	0.02996	0.02848	0.01378	0.03242	0.01359	0.04786	0.00694	0.04039	0.00177	0.14947	0.00451	0.00254	0.00608
12	0.00963	0.02222	0.13037	0.00889	0.03952	0.02239	0.01993	0.05310	0.01132	0.01635	0.11518	0.01802	0.10890	0.00578	0.00436	0.00115	0.00409	0.00479	0.02725	0.37677
13	0.01246	0.11070	0.37593	0.01290	0.06258	0.07851	0.03411	0.12371	0.03627	0.05200	0.04906	0.01186	0.00895	0.00504	0.00451	0.00142	0.00619	0.00396	0.00290	0.00693
14	0.00777	0.00608	0.00772	0.00796	0.02697	0.03362	0.02144	0.01967	0.02093	0.03596	0.14175	0.28063	0.10552	0.04023	0.12875	0.00275	0.02282	0.08083	0.00407	0.00452
15	0.00647	0.00545	0.00579	0.00629	0.00727	0.04448	0.00450	0.00758	0.01030	0.01279	0.06111	0.41476	0.33663	0.01307	0.00584	0.00177	0.00298	0.04449	0.00437	0.00407
16	0.06415	0.00851	0.00958	0.00708	0.01102	0.00694	0.00566	0.03527	0.03400	0.01652	0.00998	0.01118	0.02601	0.00402	0.00362	0.00084	0.00354	0.00316	0.03285	0.70605
17	0.01057	0.01008	0.01752	0.22028	0.34705	0.01068	0.12812	0.03489	0.01074	0.01490	0.03757	0.05406	0.00986	0.00578	0.01747	0.00163	0.03790	0.00510	0.01943	0.00636
18	0.00723	0.00566	0.00668	0.00649	0.00793	0.00549	0.00497	0.01075	0.12355	0.01693	0.39349	0.07526	0.23600	0.01044	0.00563	0.00163	0.00271	0.06953	0.00488	0.00478
19	0.00691	0.00542	0.00683	0.00745	0.04727	0.00508	0.00532	0.00917	0.04569	0.01552	0.28706	0.14307	0.26906	0.01123	0.00576	0.00169	0.00291	0.11539	0.00462	0.00455
20	0.07952	0.02542	0.03237	0.01270	0.09942	0.09600	0.12768	0.05377	0.05251	0.05206	0.02549	0.16931	0.03531	0.00721	0.00538	0.00155	0.03917	0.02039	0.00339	0.06136
21	0.01114	0.01163	0.06456	0.00954	0.01226	0.13803	0.06127	0.11643	0.08708	0.01733	0.16684	0.02282	0.16772	0.00743	0.00533	0.00146	0.02902	0.00611	0.01544	0.04855
22	0.00588	0.00431	0.00553	0.00644	0.00695	0.00397	0.00441	0.00684	0.00958	0.01257	0.05339	0.67507	0.13839	0.01437	0.00604	0.00189	0.00275	0.03321	0.00446	0.00394
23	0.01139	0.02383	0.01335	0.03818	0.01368	0.02469	0.13554	0.18583	0.02904	0.05603	0.01620	0.23559	0.03689	0.04927	0.02626	0.00197	0.08541	0.00733	0.00376	0.00577
24	0.03444	0.00737	0.00994	0.23940	0.01651	0.03020	0.00883	0.06113	0.02101	0.03195	0.01852	0.15471	0.01911	0.00986	0.00566	0.00187	0.00485	0.31593	0.00373	0.00500
25	0.00582	0.00416	0.00555	0.00666	0.00693	0.00388	0.00444	0.00666	0.00915	0.01220	0.02634	0.82891	0.03161	0.01497	0.00610	0.00194	0.00277	0.01359	0.00444	0.00388
26	0.00709	0.00476	0.00617	0.00652	0.00736	0.00440	0.00461	0.02013	0.01097	0.05573	0.25262	0.49530	0.08088	0.01267	0.00585	0.00176	0.00271	0.01134	0.00476	0.00436
27	0.02883	0.01021	0.01327	0.22807	0.04586	0.06391	0.08515	0.17869	0.05759	0.01777	0.02990	0.04207	0.06262	0.00672	0.02374	0.00164	0.00550	0.00517	0.08728	0.00599
28	0.01298	0.74480	0.05867	0.00870	0.01281	0.07182	0.00867	0.01467	0.00999	0.01145	0.00678	0.00784	0.00613	0.00417	0.00322	0.00106	0.00543	0.00263	0.00207	0.00613
29	0.01178	0.10787	0.28461	0.10055	0.05084	0.05833	0.03505	0.11234	0.09833	0.01660	0.01020	0.02540	0.00791	0.00500	0.00446	0.00141	0.00596	0.00400	0.00283	0.05652
30	0.01625	0.01052	0.01158	0.00931	0.01242	0.04536	0.00752	0.33854	0.08690	0.22489	0.15399	0.01755	0.01620	0.00653	0.00490	0.00146	0.00438	0.00525	0.01917	0.00726
31	0.01117	0.00778	0.00909	0.00720	0.01029	0.00678	0.00571	0.11167	0.01264	0.12240	0.11642	0.04959	0.16449	0.00694	0.00462	0.00122	0.00343	0.00576	0.00416	0.33864
32	0.01366	0.00871	0.01446	0.02947	0.01483	0.00793	0.21255	0.03297	0.01256	0.29316	0.15466	0.03322	0.03554	0.00649	0.00519	0.00150	0.00480	0.03944	0.00439	0.07448
33	0.00670	0.00485	0.00632	0.00602	0.00712	0.00447	0.00449	0.00887	0.01328	0.01874	0.75069	0.07051	0.05986	0.01005	0.00566	0.00152	0.00228	0.00889	0.00521	0.00447
34	0.01250	0.01007	0.01771	0.01331	0.01698	0.00955	0.35862	0.06702	0.06704	0.16559	0.02026	0.02131	0.16645	0.00649	0.00540	0.00159	0.00561	0.02420	0.00385	0.00643
35	0.01183	0.01136	0.01940	0.02934	0.80221	0.01136	0.01467	0.01467	0.01088	0.01562	0.00899	0.01183	0.00757	0.00426	0.00473	0.00142	0.00568	0.00426	0.00237	0.00757
36	0.00903	0.00850	0.01434	0.82054	0.03292	0.01062	0.01327	0.01221	0.00956	0.01221	0.00850	0.01274	0.00637	0.00478	0.00478	0.00159	0.00637	0.00425	0.00212	0.00531
37	0.01325	0.00632	0.00847	0.00711	0.00938	0.00562	0.00562	0.01533	0.01360	0.36665	0.45464	0.02711	0.03040	0.00807	0.00527	0.00149	0.00306	0.00695	0.00555	0.00611
38	0.00584	0.00466	0.00523	0.00549	0.00667	0.00405	0.00396	0.00708	0.01075	0.01351	0.13745	0.25897	0.49432	0.01259	0.00577	0.00169	0.00250	0.01086	0.00454	0.00405
39	0.01061	0.01159	0.02409	0.25782	0.02734	0.01165	0.55573	0.01439	0.01077	0.01439	0.00932	0.01285	0.00699	0.00425	0.00538	0.00161	0.00756	0.00523	0.00233	0.00611
40	0.08623	0.00837	0.01056	0.00829	0.01176	0.00776	0.00681	0.05533	0.05160	0.63195	0.01744	0.01555	0.01131	0.00580	0.00459	0.00147	0.00398	0.00462	0.04888	0.00769
41	0.03491	0.00836	0.00956	0.00789	0.01058	0.00850	0.00633	0.21864	0.06617	0.24264	0.05719	0.05251	0.04791	0.00665	0.00456	0.00142	0.00371	0.00538	0.20046	0.00664
42	0.40896	0.00987	0.00909	0.00768	0.01065	0.02201	0.00624	0.22740	0.05268	0.04537	0.01591	0.01588	0.13805	0.00622	0.00408	0.00149	0.00400	0.00452	0.00388	0.00602
43	0.01186	0.01038	0.01378	0.19373	0.07512	0.05064	0.08465	0.14983	0.14871	0.04091	0.03384	0.05742	0.07947	0.00641	0.00499	0.00154	0.00522	0.00560	0.00364	0.02227
44	0.00623	0.00485	0.00544	0.00547	0.00686	0.00421	0.00409	0.00766	0.01131	0.02749	0.20415	0.13038	0.51813	0.01186	0.00571	0.00164	0.00251	0.03316	0.00464	0.00420
45	0.00656	0.00485	0.00704	0.00734	0.00801	0.00537	0.00548	0.00798	0.00806	0.01134	0.01651	0.23720	0.01739	0.05233	0.57395	0.00605	0.00988	0.00745	0.00307	0.00413
46	0.00971	0.00919	0.01556	0.62891	0.21924	0.01080	0.01361	0.01281	0.00988	0.01304	0.00862	0.01252	0.00666	0.00465	0.00477	0.00155	0.00620	0.00425	0.00218	0.00586
47	0.04128	0.01251	0.01249	0.12287	0.04907	0.23929	0.02572	0.03868	0.01237	0.26150	0.02303	0.05807	0.02481	0.00606	0.00510	0.00147	0.03675	0.00475	0.01788	0.00633
48	0.15343	0.00830	0.00943	0.00816	0.01088	0.00859	0.00655	0.01944	0.23815	0.28659	0.09841	0.02058	0.01632	0.03117	0.00532	0.00167	0.00378	0.06169	0.00486	0.00668
49	0.00581	0.00419	0.00551	0.00656	0.00691	0.00389	0.00440	0.00667	0.00924	0.01224	0.02745	0.78956	0.07024	0.01483	0.00608	0.00192	0.00276	0.01341	0.00444	0.00389
50	0.01173	0.01075	0.01751	0.01825	0.26419	0.04764	0.21309	0.06356	0.01184	0.06275	0.01497	0.07230	0.05917	0.00661	0.00555	0.00161	0.02499	0.08387	0.00321	0.00642
51	0.00874	0.00441	0.00652	0.00641	0.00663	0.00442	0.00438	0.00715	0.00667	0.04329	0.00924	0.01529	0.00893	0.03624	0.07512	0.74266	0.00478	0.00431	0.00230	0.00252
52	0.00646	0.00479	0.00545	0.00568	0.00695	0.00417	0.00414	0.00766	0.01064	0.04610	0.08023	0.27689	0.48260	0.01260	0.00577	0.00171	0.00263	0.02680	0.00454	0.00419
53	0.01332	0.00700	0.00785	0.00664	0.00883	0.00705	0.00528	0.16695	0.01334	0.18575	0.03370	0.01665	0.01211	0.00577	0.00399	0.00126	0.00321	0.00460	0.49074	0.00596
54	0.05043	0.01138	0.01572	0.06055	0.29579	0.01212	0.04509	0.29986	0.04945	0.03336	0.02064	0.01441	0.00946	0.00589	0.01570	0.00158	0.00546	0.04226	0.00358	0.00728

[dist]
# distance from previous block
# <min> <max>
2	4

[block]
# block no. 5 follows, 53 sequences, length 51
# corresponding to MSA columns:
# 991-1041
name=unknown_F
#
# <colnr> <probs for GDERKNQSTAVLIFYWHMCP>
#	G	D	E	R	K	N	Q	S	T	A	V	L	I	F	Y	W	H	M	C	P
0	0.01143	0.14022	0.08169	0.00927	0.04198	0.02313	0.00781	0.06738	0.10961	0.09839	0.15433	0.07627	0.06529	0.00720	0.00509	0.00145	0.03298	0.00586	0.03244	0.02818
1	0.00757	0.06148	0.09049	0.00694	0.00926	0.00631	0.00614	0.00997	0.02257	0.01615	0.36773	0.06900	0.19145	0.00900	0.00518	0.00145	0.00319	0.02245	0.00424	0.08942
2	0.02733	0.01041	0.01077	0.00943	0.01212	0.04833	0.00748	0.17391	0.40793	0.02067	0.07192	0.03468	0.03329	0.00712	0.00496	0.00156	0.00419	0.06427	0.00459	0.04504
3	0.01202	0.23500	0.22297	0.01163	0.05967	0.01282	0.04979	0.09483	0.07321	0.03646	0.00980	0.02216	0.00777	0.00469	0.00415	0.00127	0.00542	0.00372	0.00283	0.12980
4	0.01184	0.18768	0.44267	0.01266	0.01837	0.01342	0.08437	0.14453	0.01220	0.01687	0.00877	0.01008	0.00653	0.00460	0.00438	0.00141	0.00645	0.00365	0.00252	0.00700
5	0.00926	0.00577	0.00789	0.00843	0.00981	0.00564	0.00715	0.01157	0.02958	0.10867	0.05062	0.11468	0.02603	0.01209	0.00622	0.00204	0.00410	0.55654	0.01903	0.00488
6	0.01062	0.03295	0.50627	0.01561	0.10180	0.03172	0.11535	0.05192	0.01090	0.01559	0.00935	0.03690	0.00730	0.00494	0.00504	0.00153	0.02877	0.00423	0.00233	0.00688
7	0.01189	0.01274	0.12552	0.01226	0.03525	0.11078	0.14721	0.01567	0.09222	0.10596	0.05217	0.06939	0.01287	0.02923	0.07998	0.00222	0.04973	0.02545	0.00336	0.00609
8	0.03066	0.00732	0.00949	0.00771	0.01052	0.00671	0.00621	0.03919	0.05007	0.47909	0.23877	0.02162	0.02116	0.00699	0.00495	0.00148	0.00349	0.00585	0.04186	0.00688
9	0.00830	0.00415	0.00623	0.00623	0.00623	0.00415	0.00415	0.00623	0.00623	0.00830	0.00830	0.01453	0.00830	0.01660	0.01868	0.86094	0.00415	0.00415	0.00208	0.00208
10	0.10160	0.03649	0.14726	0.01276	0.09008	0.21158	0.04737	0.08151	0.08448	0.04355	0.02533	0.04184	0.03066	0.00571	0.00455	0.00145	0.00601	0.01824	0.00316	0.00637
11	0.01027	0.04960	0.01732	0.02693	0.01601	0.02997	0.29287	0.01347	0.05580	0.03531	0.13610	0.03511	0.06733	0.00709	0.00716	0.00167	0.14348	0.04553	0.00329	0.00568
12	0.00604	0.00441	0.00573	0.00670	0.00725	0.00411	0.00475	0.00709	0.00960	0.01256	0.02897	0.63345	0.12705	0.01439	0.00611	0.00193	0.00293	0.10854	0.00443	0.00397
13	0.04865	0.01156	0.01135	0.00930	0.01217	0.08025	0.00748	0.42470	0.08075	0.02393	0.03732	0.01458	0.03562	0.00602	0.00465	0.00139	0.01861	0.00456	0.16030	0.00678
14	0.01279	0.03280	0.08415	0.01138	0.05170	0.17591	0.07534	0.04662	0.09636	0.11174	0.01554	0.15337	0.03187	0.05024	0.00597	0.00169	0.00550	0.01529	0.01572	0.00603
15	0.00598	0.00460	0.00551	0.00611	0.00704	0.00413	0.00444	0.00715	0.01021	0.01296	0.06404	0.40288	0.34475	0.01343	0.00595	0.00182	0.00277	0.08774	0.00446	0.00402
16	0.01183	0.01131	0.01907	0.02858	0.77160	0.01138	0.01439	0.01508	0.04122	0.01578	0.00940	0.01206	0.00784	0.00434	0.00474	0.00143	0.00560	0.00430	0.00246	0.00757
17	0.01207	0.00708	0.00939	0.03994	0.03868	0.00675	0.02436	0.09591	0.01277	0.23752	0.11839	0.21796	0.14042	0.00935	0.00536	0.00161	0.00365	0.00812	0.00478	0.00587
18	0.01057	0.01240	0.13921	0.01503	0.04447	0.01010	0.36223	0.03975	0.01088	0.05181	0.01378	0.09710	0.04169	0.05781	0.00710	0.00184	0.04569	0.02956	0.00295	0.00602
19	0.00583	0.00485	0.00509	0.00503	0.00657	0.00411	0.00377	0.00720	0.01132	0.01391	0.16856	0.04435	0.67950	0.01173	0.00565	0.00160	0.00239	0.00986	0.00457	0.00411
20	0.00701	0.00482	0.00577	0.00597	0.00715	0.00425	0.00431	0.00826	0.01076	0.07103	0.13611	0.34836	0.34371	0.01247	0.00576	0.00172	0.00266	0.01088	0.00465	0.00434
21	0.03095	0.25393	0.03842	0.01203	0.06066	0.48314	0.00940	0.03595	0.01232	0.01251	0.00739	0.00863	0.00626	0.00465	0.00397	0.00120	0.00723	0.00303	0.00239	0.00593
22	0.00732	0.00522	0.00721	0.00827	0.00918	0.00516	0.00692	0.00918	0.01051	0.01373	0.02516	0.20158	0.02796	0.04082	0.00710	0.00223	0.00410	0.59975	0.00436	0.00425
23	0.00576	0.00485	0.00499	0.00496	0.00652	0.00408	0.00372	0.00707	0.01115	0.01352	0.12178	0.04499	0.72653	0.01188	0.00565	0.00160	0.00240	0.00995	0.00452	0.00408
24	0.01278	0.83490	0.02505	0.00818	0.01227	0.01891	0.00818	0.01431	0.00971	0.01125	0.00664	0.00767	0.00613	0.00409	0.00307	0.00102	0.00511	0.00256	0.00204	0.00613
25	0.01756	0.01578	0.01414	0.01146	0.01466	0.23480	0.00922	0.52240	0.01899	0.02378	0.01000	0.01062	0.00746	0.00569	0.00539	0.00142	0.06149	0.00396	0.00396	0.00722
26	0.01206	0.65247	0.20118	0.00940	0.01416	0.01715	0.01031	0.01450	0.00980	0.01212	0.00708	0.00821	0.00612	0.00419	0.00340	0.00113	0.00555	0.00278	0.00204	0.00634
27	0.01785	0.02278	0.01354	0.01231	0.01478	0.81284	0.00924	0.01909	0.01354	0.01170	0.00739	0.00862	0.00616	0.00493	0.00431	0.00123	0.00862	0.00308	0.00246	0.00554
28	0.01209	0.65931	0.19458	0.00936	0.01409	0.01722	0.01023	0.01449	0.00979	0.01209	0.00706	0.00819	0.00612	0.00419	0.00339	0.00113	0.00553	0.00277	0.00204	0.00634
29	0.86579	0.00924	0.00702	0.00629	0.00924	0.01072	0.00518	0.01405	0.00813	0.02144	0.00666	0.00776	0.00518	0.00444	0.00296	0.00148	0.00370	0.00259	0.00296	0.00518
30	0.00570	0.00480	0.00494	0.00499	0.00651	0.00404	0.00371	0.00692	0.01087	0.01308	0.07207	0.09450	0.72716	0.01221	0.00568	0.00163	0.00244	0.01026	0.00447	0.00404
31	0.00903	0.00850	0.01434	0.82054	0.03292	0.01062	0.01327	0.01221	0.00956	0.01221	0.00850	0.01274	0.00637	0.00478	0.00478	0.00159	0.00637	0.00425	0.00212	0.00531
32	0.01189	0.01027	0.01081	0.00973	0.01243	0.01189	0.00757	0.02540	0.79357	0.01999	0.01945	0.01783	0.01459	0.00648	0.00486	0.00162	0.00378	0.00540	0.00486	0.00757
33	0.01352	0.01465	0.01920	0.01499	0.01793	0.20942	0.30013	0.12013	0.01244	0.01553	0.00899	0.03005	0.00745	0.00569	0.00742	0.00161	0.18730	0.00469	0.00273	0.00613
34	0.01762	0.00932	0.01123	0.00887	0.01219	0.00922	0.00724	0.23881	0.07373	0.41281	0.08221	0.01845	0.06288	0.00661	0.00492	0.00149	0.00414	0.00535	0.00537	0.00754
35	0.00622	0.00483	0.00565	0.00552	0.00682	0.00427	0.00411	0.00793	0.01213	0.01602	0.42448	0.08042	0.38226	0.01108	0.00567	0.00157	0.00236	0.00954	0.00485	0.00427
36	0.01183	0.01136	0.01940	0.02934	0.80221	0.01136	0.01467	0.01467	0.01088	0.01562	0.00899	0.01183	0.00757	0.00426	0.00473	0.00142	0.00568	0.00426	0.00237	0.00757
37	0.00692	0.00462	0.00522	0.00525	0.00525	0.00462	0.00293	0.00694	0.00700	0.00934	0.01533	0.05071	0.01772	0.81212	0.02388	0.00457	0.00459	0.00711	0.00293	0.00292
38	0.00591	0.00422	0.00565	0.00676	0.00708	0.00396	0.00459	0.00681	0.00924	0.01230	0.02629	0.79163	0.03141	0.01489	0.00612	0.00195	0.00285	0.04997	0.00444	0.00391
39	0.00959	0.02472	0.80726	0.01362	0.02069	0.01110	0.01766	0.01514	0.01009	0.01514	0.00858	0.01009	0.00605	0.00454	0.00454	0.00151	0.00706	0.00353	0.00202	0.00706
40	0.42439	0.01095	0.14205	0.00780	0.01098	0.00954	0.00741	0.01460	0.10055	0.01884	0.01195	0.01492	0.02907	0.02477	0.00428	0.00158	0.00413	0.05147	0.10514	0.00556
41	0.00658	0.00483	0.00617	0.00593	0.00705	0.00442	0.00441	0.00863	0.01295	0.01803	0.66784	0.09021	0.12438	0.01037	0.00567	0.00154	0.00231	0.00913	0.00512	0.00442
42	0.00661	0.00488	0.00617	0.00585	0.00704	0.00444	0.00439	0.00871	0.01316	0.01828	0.69294	0.03717	0.15240	0.01010	0.00564	0.00152	0.00228	0.00885	0.00514	0.00444
43	0.00596	0.00433	0.00562	0.00640	0.00693	0.00400	0.00438	0.00706	0.01001	0.01339	0.15357	0.63434	0.09858	0.01389	0.00599	0.00184	0.00266	0.01249	0.00457	0.00400
44	0.00605	0.00446	0.00570	0.03115	0.00761	0.00417	0.00453	0.00713	0.00971	0.01286	0.06643	0.60196	0.16355	0.01358	0.00586	0.00182	0.00278	0.01214	0.03452	0.00400
45	0.01128	0.01289	0.02820	0.02015	0.02498	0.01209	0.78485	0.01531	0.01128	0.01531	0.00967	0.01289	0.00725	0.00403	0.00564	0.00161	0.00806	0.00564	0.00242	0.00645
46	0.01433	0.01148	0.01218	0.01022	0.01336	0.01303	0.00816	0.32089	0.49411	0.02393	0.01636	0.01536	0.01208	0.00619	0.00483	0.00155	0.00436	0.00498	0.00483	0.00778
47	0.00827	0.00637	0.00866	0.00803	0.00932	0.00716	0.00627	0.07691	0.00909	0.01303	0.01213	0.01776	0.01126	0.07903	0.58447	0.00608	0.05434	0.00493	0.00277	0.07412
48	0.03795	0.00946	0.01101	0.03351	0.05034	0.02932	0.00693	0.09866	0.01161	0.07128	0.01096	0.01201	0.03815	0.00454	0.00426	0.00101	0.02553	0.00356	0.00325	0.53666
49	0.05359	0.60165	0.16848	0.00918	0.01375	0.01665	0.00978	0.03512	0.01015	0.03377	0.00745	0.00845	0.00628	0.00428	0.00343	0.00116	0.00538	0.00284	0.00226	0.00637
50	0.05528	0.05375	0.26039	0.00995	0.01477	0.03085	0.02047	0.09418	0.02996	0.07563	0.01088	0.01168	0.03152	0.00470	0.00417	0.00122	0.00511	0.00365	0.00306	0.27879

[dist]
# distance from previous block
# <min> <max>
1	5

[block]
# block no. 6 follows, 53 sequences, length 136
# corresponding to MSA columns:
# 1053-1099,1126-1205,1215-1223
name=unknown_G
#
# <colnr> <probs for GDERKNQSTAVLIFYWHMCP>
#	G	D	E	R	K	N	Q	S	T	A	V	L	I	F	Y	W	H	M	C	P
0	0.05198	0.17123	0.27676	0.01051	0.04326	0.01109	0.01826	0.02199	0.06671	0.01514	0.01075	0.04414	0.02981	0.00498	0.00409	0.00125	0.00511	0.00391	0.00267	0.20634
1	0.08271	0.22052	0.06381	0.01072	0.01394	0.46096	0.00906	0.01757	0.03391	0.03518	0.00788	0.00888	0.00647	0.00473	0.00394	0.00123	0.00701	0.00305	0.00254	0.00588
2	0.01233	0.72180	0.13424	0.00894	0.01344	0.01782	0.00950	0.01443	0.00976	0.01179	0.00691	0.00801	0.00612	0.00415	0.00327	0.00109	0.00538	0.00269	0.00204	0.00626
3	0.00728	0.00492	0.00562	0.00561	0.00579	0.00495	0.00338	0.02908	0.00767	0.01021	0.01579	0.05034	0.01801	0.74408	0.02236	0.00435	0.00460	0.04976	0.00307	0.00315
4	0.01780	0.01345	0.01412	0.01096	0.01468	0.03539	0.00900	0.72222	0.06694	0.02906	0.01183	0.01177	0.00845	0.00576	0.00477	0.00144	0.00526	0.00434	0.00473	0.00803
5	0.00588	0.00420	0.00561	0.00672	0.00702	0.00393	0.00453	0.00675	0.00920	0.01226	0.02631	0.80671	0.03149	0.01492	0.00611	0.00195	0.00282	0.03525	0.00444	0.00390
6	0.01150	0.29989	0.46281	0.01164	0.01740	0.01353	0.03884	0.01539	0.01023	0.06530	0.00862	0.00976	0.00650	0.00446	0.00409	0.00135	0.00623	0.00335	0.00229	0.00680
7	0.01377	0.57308	0.03936	0.00963	0.02989	0.18038	0.00865	0.03723	0.02655	0.01238	0.00750	0.00856	0.00654	0.00440	0.00348	0.00111	0.00579	0.00287	0.02272	0.00611
8	0.00624	0.00476	0.00573	0.00570	0.00687	0.00425	0.00419	0.00792	0.01198	0.01598	0.42585	0.15447	0.30604	0.01134	0.00571	0.00161	0.00239	0.00986	0.00486	0.00425
9	0.01017	0.02895	0.01038	0.00719	0.01143	0.00687	0.00580	0.02955	0.01019	0.01580	0.00852	0.00989	0.00708	0.00360	0.00356	0.00073	0.00362	0.00286	0.00286	0.82095
10	0.00885	0.06444	0.05584	0.00793	0.00948	0.02977	0.00634	0.05071	0.04806	0.05962	0.02160	0.50869	0.02393	0.02501	0.00587	0.00182	0.00374	0.05917	0.00417	0.00494
11	0.02959	0.03544	0.01203	0.01034	0.01276	0.13188	0.00814	0.03462	0.53842	0.01774	0.01542	0.01504	0.01187	0.00634	0.00591	0.00159	0.09710	0.00477	0.00407	0.00692
12	0.00672	0.00471	0.00601	0.00678	0.00737	0.00453	0.00477	0.03950	0.01003	0.01364	0.04707	0.62791	0.04654	0.02702	0.00618	0.00191	0.00298	0.07209	0.06009	0.00414
13	0.01187	0.03145	0.01769	0.06218	0.59784	0.01101	0.01294	0.03265	0.04371	0.03223	0.00956	0.01191	0.00782	0.00437	0.00458	0.00136	0.00536	0.00413	0.00263	0.09473
14	0.00622	0.00495	0.00583	0.00579	0.00689	0.00452	0.01698	0.00739	0.01035	0.01319	0.14860	0.17236	0.41714	0.13109	0.00864	0.00210	0.01989	0.00981	0.00425	0.00398
15	0.01439	0.00688	0.00880	0.00747	0.00994	0.00628	0.00587	0.01694	0.07396	0.41325	0.12412	0.08466	0.11816	0.06189	0.00643	0.00177	0.00355	0.02406	0.00522	0.00636
16	0.01054	0.03125	0.01510	0.60725	0.12060	0.11013	0.01281	0.01340	0.01021	0.01252	0.00837	0.01200	0.00648	0.00472	0.00467	0.00151	0.00654	0.00406	0.00219	0.00562
17	0.00938	0.00856	0.01439	0.78262	0.05139	0.01056	0.01317	0.01252	0.00968	0.03031	0.00874	0.01280	0.00652	0.00479	0.00478	0.00159	0.00630	0.00426	0.00222	0.00543
18	0.00971	0.00972	0.03361	0.59087	0.15518	0.01096	0.07862	0.01292	0.00988	0.01307	0.00863	0.01250	0.00663	0.00470	0.00507	0.00158	0.02400	0.00435	0.00218	0.00581
19	0.01257	0.01050	0.01746	0.10942	0.59172	0.01065	0.01328	0.01528	0.01108	0.11179	0.02828	0.01299	0.00880	0.00472	0.00497	0.00146	0.02047	0.00442	0.00284	0.00729
20	0.00590	0.00421	0.00562	0.00669	0.00701	0.00394	0.00452	0.00680	0.00932	0.01245	0.04846	0.78769	0.03190	0.01478	0.00610	0.00193	0.00280	0.03150	0.00446	0.00391
21	0.00979	0.04715	0.73411	0.01389	0.02073	0.01139	0.06737	0.01512	0.01016	0.01504	0.00859	0.01020	0.00613	0.00449	0.00457	0.00151	0.00707	0.00364	0.00204	0.00700
22	0.01020	0.18135	0.65604	0.01257	0.01906	0.01261	0.01583	0.01498	0.01002	0.01438	0.00820	0.00962	0.00607	0.00445	0.00426	0.00142	0.00669	0.00334	0.00202	0.00688
23	0.00959	0.02472	0.80726	0.01362	0.02069	0.01110	0.01766	0.01514	0.01009	0.01514	0.00858	0.01009	0.00605	0.00454	0.00454	0.00151	0.00706	0.00353	0.00202	0.00706
24	0.09715	0.00888	0.01113	0.00861	0.01226	0.00832	0.00711	0.11683	0.01427	0.63894	0.01684	0.01491	0.01077	0.00576	0.00464	0.00147	0.00418	0.00454	0.00551	0.00787
25	0.03374	0.10110	0.06514	0.01242	0.09485	0.31034	0.02176	0.07783	0.04330	0.01479	0.04533	0.08932	0.01184	0.02494	0.00504	0.00148	0.00620	0.03160	0.00306	0.00591
26	0.01258	0.05483	0.02637	0.04234	0.03530	0.26430	0.00947	0.01526	0.08539	0.01321	0.05405	0.01546	0.01093	0.00705	0.00826	0.00165	0.26968	0.06544	0.00284	0.00559
27	0.00599	0.00472	0.00538	0.00550	0.00670	0.00414	0.00400	0.00737	0.01116	0.01431	0.23560	0.19412	0.44465	0.02703	0.00607	0.00170	0.00249	0.01034	0.00462	0.00411
28	0.00710	0.00482	0.00578	0.00605	0.00631	0.00481	0.00401	0.00761	0.00791	0.01047	0.01762	0.05378	0.01997	0.62944	0.01993	0.00403	0.00454	0.17929	0.00327	0.00326
29	0.03586	0.47891	0.16082	0.01217	0.09350	0.02611	0.06586	0.03010	0.01038	0.03566	0.00788	0.00921	0.00652	0.00429	0.00377	0.00123	0.00570	0.00322	0.00229	0.00652
30	0.00598	0.00449	0.00556	0.00628	0.00696	0.00414	0.00433	0.00727	0.02758	0.01296	0.07764	0.58851	0.20315	0.01383	0.00594	0.00183	0.00269	0.01233	0.00450	0.00404
31	0.00601	0.00429	0.00576	0.00687	0.00723	0.00404	0.00476	0.00698	0.00934	0.01241	0.02624	0.75114	0.03120	0.01480	0.00615	0.00197	0.00294	0.08949	0.00443	0.00393
32	0.00665	0.00507	0.00597	0.00613	0.00725	0.00468	0.00443	0.05088	0.01142	0.01491	0.19452	0.34221	0.30363	0.01236	0.00577	0.00171	0.00268	0.01081	0.00463	0.00430
33	0.01155	0.01129	0.01992	0.09215	0.65816	0.01137	0.09585	0.01454	0.01082	0.01531	0.00902	0.01202	0.00744	0.00428	0.00483	0.00145	0.00599	0.00440	0.00235	0.00727
34	0.00695	0.00463	0.00521	0.00521	0.00521	0.00463	0.00290	0.00695	0.00695	0.00927	0.01506	0.03128	0.01738	0.83203	0.02433	0.00463	0.00463	0.00695	0.00290	0.00290
35	0.01043	0.01029	0.01298	0.01128	0.01155	0.06399	0.00919	0.01148	0.00794	0.01173	0.00875	0.01340	0.02982	0.07342	0.01467	0.00217	0.63723	0.00451	0.05021	0.00499
36	0.59532	0.01115	0.00888	0.00777	0.01058	0.12698	0.00628	0.01573	0.00953	0.11182	0.00818	0.00904	0.00616	0.00490	0.00408	0.00148	0.05035	0.00301	0.00319	0.00558
37	0.01788	0.01233	0.03395	0.01042	0.01417	0.01288	0.00873	0.56006	0.07058	0.17007	0.03113	0.01328	0.01001	0.00588	0.00480	0.00146	0.00492	0.00454	0.00493	0.00798
38	0.05953	0.01037	0.03005	0.03081	0.01531	0.00952	0.17734	0.08184	0.11836	0.05367	0.01129	0.03073	0.00887	0.00471	0.00442	0.00124	0.00487	0.00430	0.00334	0.33947
39	0.01070	0.01089	0.01424	0.01230	0.01248	0.05892	0.01017	0.01178	0.00769	0.01149	0.00665	0.01076	0.00654	0.00950	0.05358	0.00231	0.73850	0.00417	0.00213	0.00520
40	0.00604	0.00486	0.00538	0.00525	0.00669	0.00420	0.00394	0.00761	0.01181	0.01509	0.31057	0.04241	0.53676	0.01129	0.00564	0.00158	0.00236	0.00958	0.00473	0.00420
41	0.06563	0.01316	0.01393	0.01073	0.01451	0.01459	0.00887	0.74303	0.02167	0.02964	0.01121	0.01127	0.00796	0.00566	0.00468	0.00144	0.00517	0.00421	0.00468	0.00796
42	0.01736	0.01267	0.01358	0.01053	0.01412	0.01398	0.00865	0.72439	0.02146	0.02901	0.01206	0.03120	0.00892	0.00595	0.00473	0.00143	0.00503	0.00453	0.05258	0.00782
43	0.01092	0.00580	0.00771	0.00673	0.00858	0.00522	0.00522	0.01304	0.01351	0.24248	0.56766	0.04064	0.03547	0.00874	0.00541	0.00150	0.00278	0.00762	0.00544	0.00553
44	0.01785	0.02278	0.01354	0.01231	0.01478	0.81284	0.00924	0.01909	0.01354	0.01170	0.00739	0.00862	0.00616	0.00493	0.00431	0.00123	0.00862	0.00308	0.00246	0.00554
45	0.00582	0.00416	0.00555	0.00666	0.00693	0.00388	0.00444	0.00666	0.00915	0.01220	0.02634	0.82891	0.03161	0.01497	0.00610	0.00194	0.00277	0.01359	0.00444	0.00388
46	0.00673	0.00508	0.00636	0.00698	0.00810	0.00480	0.00564	0.00831	0.01043	0.01321	0.03236	0.12692	0.29337	0.05935	0.03660	0.00231	0.00387	0.36118	0.00427	0.00413
47	0.01670	0.00895	0.01074	0.00890	0.01209	0.00904	0.00714	0.02361	0.35410	0.43365	0.02019	0.01803	0.04177	0.00639	0.00486	0.00155	0.00388	0.00526	0.00540	0.00774
48	0.00891	0.00445	0.00445	0.00445	0.00557	0.00445	0.00334	0.01114	0.01002	0.01782	0.01559	0.01782	0.01225	0.00557	0.00334	0.00111	0.00223	0.00445	0.85856	0.00445
49	0.00840	0.00662	0.00796	0.00829	0.00987	0.00691	0.00683	0.01343	0.22218	0.01551	0.02771	0.07561	0.15593	0.01128	0.00595	0.00193	0.00383	0.40205	0.00453	0.00517
50	0.66571	0.00976	0.00823	0.00721	0.01021	0.01126	0.00587	0.08501	0.12348	0.02201	0.00895	0.00956	0.00681	0.00485	0.00340	0.00150	0.00385	0.00315	0.00340	0.00579
51	0.01602	0.01158	0.01263	0.01011	0.01344	0.01272	0.00820	0.48986	0.19921	0.08421	0.07901	0.01530	0.01295	0.00626	0.00487	0.00149	0.00458	0.00495	0.00492	0.00770
52	0.00584	0.00418	0.00557	0.00664	0.00694	0.00390	0.00444	0.00671	0.00925	0.01236	0.04379	0.81101	0.03192	0.01486	0.00609	0.00193	0.00276	0.01348	0.00446	0.00390
53	0.01255	0.00742	0.00836	0.02635	0.01001	0.00782	0.00584	0.04430	0.26151	0.16986	0.02983	0.01748	0.01317	0.00598	0.00423	0.00137	0.00328	0.00488	0.35944	0.00630
54	0.01019	0.00931	0.00927	0.00884	0.01043	0.11498	0.01695	0.07261	0.21249	0.01550	0.02063	0.34687	0.05685	0.01904	0.02189	0.00185	0.03417	0.00853	0.00414	0.00546
55	0.00578	0.00480	0.00505	0.00509	0.00656	0.00407	0.00378	0.00707	0.01105	0.01352	0.12628	0.09948	0.66688	0.01206	0.00568	0.00163	0.00243	0.01018	0.00453	0.00407
56	0.09915	0.00824	0.01072	0.00830	0.01193	0.00737	0.00685	0.02244	0.01317	0.73336	0.01773	0.01549	0.01122	0.00578	0.00464	0.00148	0.00403	0.00460	0.00564	0.00786
57	0.01176	0.01128	0.01927	0.04990	0.78221	0.01134	0.01463	0.01460	0.01085	0.01553	0.00898	0.01185	0.00754	0.00427	0.00473	0.00142	0.00570	0.00426	0.00236	0.00751
58	0.00958	0.00840	0.00849	0.00854	0.00977	0.11004	0.00652	0.05839	0.10378	0.01430	0.01998	0.25742	0.02140	0.11273	0.00830	0.00219	0.02697	0.20437	0.00399	0.00484
59	0.00903	0.00850	0.01434	0.82054	0.03292	0.01062	0.01327	0.01221	0.00956	0.01221	0.00850	0.01274	0.00637	0.00478	0.00478	0.00159	0.00637	0.00425	0.00212	0.00531
60	0.01092	0.00846	0.00995	0.00734	0.01129	0.00676	0.00587	0.03117	0.04614	0.07827	0.05418	0.01225	0.00994	0.00426	0.00384	0.00087	0.00356	0.00346	0.00335	0.68812
61	0.01245	0.05759	0.06524	0.01585	0.14733	0.04408	0.22771	0.18234	0.04689	0.01856	0.07425	0.01579	0.05872	0.00555	0.00501	0.00148	0.00588	0.00522	0.00333	0.00673
62	0.00690	0.00479	0.00586	0.00599	0.00625	0.00494	0.00383	0.00759	0.02057	0.01023	0.01620	0.11733	0.01814	0.56118	0.16765	0.00479	0.00592	0.02540	0.00307	0.00337
63	0.00726	0.00526	0.00715	0.00815	0.00918	0.00515	0.00688	0.00918	0.01074	0.01389	0.02758	0.15787	0.09950	0.01334	0.00645	0.00211	0.00400	0.59760	0.00441	0.00430
64	0.24344	0.03434	0.12484	0.01968	0.01266	0.02864	0.00789	0.07554	0.05231	0.05455	0.05268	0.01155	0.00914	0.00477	0.00389	0.00125	0.00440	0.00355	0.00324	0.25166
65	0.06343	0.01125	0.01560	0.16622	0.17824	0.08730	0.11769	0.06308	0.01153	0.06654	0.01946	0.03028	0.00826	0.00480	0.00459	0.00137	0.00574	0.00432	0.00291	0.13740
66	0.00674	0.00488	0.00635	0.00599	0.00712	0.00450	0.00449	0.00897	0.01347	0.01902	0.78253	0.03594	0.06235	0.00982	0.00564	0.00151	0.00226	0.00868	0.00524	0.00450
67	0.00627	0.00487	0.00570	0.00549	0.00684	0.00430	0.00412	0.00806	0.01236	0.01639	0.46623	0.04027	0.38029	0.01081	0.00564	0.00155	0.00233	0.00928	0.00490	0.00430
68	0.03244	0.04436	0.21232	0.01475	0.03755	0.08584	0.25952	0.04835	0.09851	0.05513	0.01042	0.01200	0.00780	0.00495	0.00551	0.00154	0.05500	0.00447	0.00285	0.00671
69	0.02049	0.00831	0.01100	0.00854	0.01212	0.00745	0.00702	0.04456	0.05750	0.71925	0.01860	0.01626	0.01189	0.00593	0.00477	0.00148	0.00404	0.00482	0.02799	0.00801
70	0.00603	0.00437	0.00545	0.00619	0.00664	0.00406	0.00413	0.00684	0.00918	0.01205	0.04873	0.56182	0.13348	0.14611	0.00897	0.00232	0.00303	0.02262	0.00421	0.00377
71	0.11498	0.01568	0.25467	0.01761	0.21176	0.04899	0.18740	0.01509	0.01069	0.03477	0.03771	0.01188	0.00816	0.00458	0.00468	0.00149	0.00637	0.00427	0.00254	0.00668
72	0.01229	0.13162	0.04525	0.15697	0.06606	0.09014	0.08240	0.10398	0.09456	0.03009	0.03029	0.04070	0.00959	0.00631	0.02359	0.00163	0.06065	0.00458	0.00301	0.00628
