[name]
unknown

[dist]
# distance from previous block
# <min> <max>
87	537

[block]
# block no. 0 follows, 55 sequences, length 11
# corresponding to MSA columns:
# 800-810
name=unknown_A
#
# <colnr> <probs for GDERKNQSTAVLIFYWHMCP>
#	G	D	E	R	K	N	Q	S	T	A	V	L	I	F	Y	W	H	M	C	P
0	0.07746	0.07833	0.11570	0.04077	0.19364	0.08505	0.03611	0.07710	0.05202	0.07165	0.05682	0.03215	0.02727	0.00528	0.00440	0.00138	0.00525	0.00438	0.00310	0.03216
1	0.02942	0.09857	0.03219	0.03879	0.13148	0.17930	0.07754	0.06381	0.06978	0.04622	0.01201	0.05412	0.03582	0.00567	0.00475	0.00137	0.02807	0.02198	0.02462	0.04448
2	0.03167	0.13597	0.16412	0.00999	0.02572	0.10075	0.02464	0.07518	0.04482	0.10719	0.05722	0.03976	0.07245	0.00711	0.02761	0.00159	0.03377	0.03103	0.00333	0.00607
3	0.01154	0.16958	0.05656	0.01076	0.10599	0.09812	0.00800	0.09209	0.02997	0.06589	0.05156	0.16132	0.07708	0.03488	0.00523	0.00152	0.00468	0.00608	0.00342	0.00575
4	0.03272	0.09973	0.12519	0.01248	0.09156	0.09664	0.05340	0.21739	0.06775	0.11443	0.01096	0.01194	0.00822	0.03113	0.00501	0.00147	0.00559	0.00403	0.00346	0.00690
5	0.01008	0.09416	0.05972	0.01064	0.05254	0.08126	0.09079	0.05613	0.05556	0.01482	0.05780	0.13732	0.03137	0.02371	0.00538	0.00163	0.00485	0.15529	0.05160	0.00536
6	0.01215	0.39938	0.25353	0.01053	0.01503	0.09642	0.02925	0.05436	0.03689	0.01342	0.00780	0.00898	0.00635	0.00449	0.00416	0.00125	0.03433	0.00312	0.00226	0.00630
7	0.00605	0.00473	0.00548	0.00530	0.00662	0.00416	0.00397	0.00775	0.01191	0.01568	0.43438	0.03965	0.41640	0.01062	0.00549	0.00152	0.00227	0.00910	0.00473	0.00416
8	0.03149	0.04668	0.11317	0.01134	0.05681	0.21087	0.00938	0.16437	0.02760	0.14145	0.01152	0.06501	0.00931	0.00718	0.04329	0.00169	0.03453	0.00442	0.00345	0.00644
9	0.01400	0.23804	0.17698	0.01199	0.06083	0.09694	0.06846	0.11857	0.01223	0.12727	0.00955	0.01037	0.00716	0.00471	0.00441	0.00131	0.02390	0.00362	0.00296	0.00670
10	0.00584	0.00424	0.00553	0.00636	0.00686	0.00393	0.00441	0.00690	0.00961	0.01279	0.11595	0.64555	0.09313	0.01370	0.00587	0.00183	0.00269	0.04652	0.00441	0.00388

[dist]
# distance from previous block
# <min> <max>
0	1

[block]
# block no. 1 follows, 55 sequences, length 11
# corresponding to MSA columns:
# 812-822
name=unknown_B
#
# <colnr> <probs for GDERKNQSTAVLIFYWHMCP>
#	G	D	E	R	K	N	Q	S	T	A	V	L	I	F	Y	W	H	M	C	P
0	0.01449	0.00748	0.00982	0.03299	0.05454	0.02294	0.00681	0.05767	0.02931	0.39644	0.01886	0.20571	0.02903	0.03149	0.04282	0.00191	0.00435	0.02231	0.00470	0.00634
1	0.00837	0.00783	0.03287	0.04198	0.04027	0.04368	0.15893	0.01041	0.01048	0.03713	0.10594	0.31868	0.07220	0.00988	0.00557	0.00170	0.00442	0.08107	0.00375	0.00485
2	0.74143	0.00943	0.04394	0.00659	0.00943	0.01017	0.00569	0.01337	0.00822	0.02006	0.03452	0.00902	0.00669	0.00467	0.00349	0.00145	0.03248	0.00288	0.03139	0.00508
3	0.00933	0.02406	0.81240	0.01326	0.02014	0.01080	0.01719	0.01473	0.00982	0.01473	0.00835	0.00982	0.00589	0.00442	0.00442	0.00147	0.00688	0.00344	0.00196	0.00688
4	0.10933	0.03113	0.06338	0.01368	0.16665	0.12584	0.04122	0.18194	0.08438	0.08081	0.01159	0.01229	0.02952	0.00512	0.00437	0.00139	0.00535	0.00408	0.02118	0.00673
5	0.12756	0.03536	0.04105	0.01198	0.09471	0.08423	0.11918	0.10306	0.03448	0.11419	0.06337	0.04878	0.04078	0.00570	0.00450	0.00141	0.00500	0.00487	0.02634	0.03346
6	0.02370	0.02788	0.03316	0.03241	0.08231	0.06803	0.03438	0.11345	0.11077	0.08675	0.10567	0.13217	0.05258	0.00737	0.00528	0.00150	0.03670	0.00620	0.00391	0.03580
7	0.10489	0.03524	0.01110	0.03299	0.05116	0.08577	0.04394	0.10960	0.08265	0.02973	0.07748	0.04025	0.01325	0.06550	0.06432	0.00204	0.00522	0.04098	0.01954	0.08435
8	0.03764	0.07008	0.08422	0.02573	0.05513	0.03613	0.03754	0.21323	0.13483	0.09414	0.03372	0.04301	0.03270	0.00629	0.00510	0.00149	0.03877	0.03973	0.00384	0.00669
9	0.02730	0.01075	0.06431	0.02420	0.06981	0.03851	0.00820	0.25385	0.08035	0.06455	0.03103	0.05926	0.01173	0.09036	0.04553	0.00201	0.01968	0.02069	0.00372	0.07414
10	0.03182	0.11781	0.04392	0.03031	0.09967	0.11571	0.04519	0.09039	0.03755	0.06286	0.05602	0.07025	0.05146	0.04536	0.00577	0.00152	0.03536	0.00504	0.00322	0.05078

[dist]
# distance from previous block
# <min> <max>
6	83

[block]
# block no. 2 follows, 55 sequences, length 15
# corresponding to MSA columns:
# 915-929
name=unknown_C
#
# <colnr> <probs for GDERKNQSTAVLIFYWHMCP>
#	G	D	E	R	K	N	Q	S	T	A	V	L	I	F	Y	W	H	M	C	P
0	0.02523	0.04771	0.07648	0.03787	0.05278	0.07343	0.03757	0.06764	0.14712	0.01476	0.01248	0.04932	0.02687	0.01240	0.17939	0.01881	0.07414	0.00477	0.00302	0.03821
1	0.08332	0.07278	0.08410	0.05217	0.06370	0.03510	0.02292	0.08783	0.13233	0.05563	0.04708	0.05149	0.07414	0.00715	0.03170	0.00163	0.03157	0.00498	0.00344	0.05695
2	0.03754	0.02578	0.04485	0.00855	0.03123	0.07076	0.05601	0.08366	0.07334	0.03491	0.08903	0.02806	0.34674	0.00830	0.00500	0.00148	0.00399	0.02007	0.00392	0.02678
3	0.03082	0.00847	0.04573	0.03358	0.03207	0.00707	0.02431	0.03738	0.02520	0.03963	0.04504	0.08559	0.11689	0.00626	0.00478	0.00118	0.04040	0.00517	0.00327	0.40713
4	0.01215	0.01110	0.05578	0.03038	0.29206	0.03473	0.08046	0.09608	0.04463	0.08058	0.01220	0.02430	0.04416	0.02570	0.00504	0.00140	0.00514	0.00452	0.00311	0.13650
5	0.16443	0.07378	0.25278	0.01551	0.15922	0.01177	0.17148	0.04847	0.01029	0.01622	0.00823	0.01018	0.00634	0.00437	0.00460	0.00145	0.02825	0.00380	0.00239	0.00645
6	0.45719	0.16589	0.04199	0.00829	0.01150	0.09266	0.04122	0.03414	0.05358	0.01748	0.00816	0.01005	0.00673	0.00471	0.00347	0.00137	0.00471	0.02850	0.00280	0.00555
7	0.00603	0.00452	0.00565	0.00587	0.00679	0.00414	0.00423	0.00751	0.01093	0.01468	0.33983	0.30392	0.21083	0.01276	0.03878	0.00188	0.00282	0.01020	0.00456	0.00407
8	0.01064	0.01637	0.31829	0.02784	0.09517	0.02915	0.30484	0.01492	0.02839	0.03633	0.03277	0.01209	0.00795	0.00460	0.00532	0.00152	0.04033	0.00452	0.00241	0.00653
9	0.00565	0.00465	0.00497	0.00504	0.00641	0.00397	0.00372	0.00691	0.01074	0.01323	0.13680	0.12610	0.63213	0.01180	0.00554	0.00159	0.00237	0.01000	0.00442	0.00397
10	0.00962	0.00911	0.03361	0.05344	0.01177	0.03632	0.00741	0.01590	0.32585	0.01584	0.13228	0.02192	0.12148	0.03528	0.00736	0.00172	0.14549	0.00598	0.00390	0.00574
11	0.00606	0.00449	0.00566	0.00588	0.00676	0.00409	0.00422	0.00758	0.01118	0.01514	0.39088	0.32708	0.17035	0.01174	0.00565	0.00164	0.00241	0.01041	0.00469	0.00409
12	0.12552	0.16002	0.17143	0.01077	0.07475	0.04593	0.04058	0.03287	0.01023	0.05403	0.02167	0.00998	0.00716	0.00425	0.00381	0.00117	0.00501	0.00326	0.00265	0.21491
13	0.18818	0.04375	0.00911	0.00785	0.00963	0.03391	0.05527	0.07203	0.01051	0.01591	0.08064	0.26302	0.04981	0.05186	0.00589	0.00179	0.00390	0.08847	0.00374	0.00473
14	0.02983	0.01137	0.11678	0.00910	0.01311	0.02697	0.04265	0.10429	0.09053	0.01697	0.01050	0.01295	0.00863	0.03164	0.00471	0.00121	0.00449	0.03240	0.00311	0.42874

[dist]
# distance from previous block
# <min> <max>
3	11

[block]
# block no. 3 follows, 55 sequences, length 13
# corresponding to MSA columns:
# 941-953
name=unknown_D
#
# <colnr> <probs for GDERKNQSTAVLIFYWHMCP>
#	G	D	E	R	K	N	Q	S	T	A	V	L	I	F	Y	W	H	M	C	P
0	0.05061	0.01163	0.04224	0.14738	0.46003	0.05693	0.06011	0.03086	0.06690	0.01529	0.00929	0.01171	0.00744	0.00445	0.00457	0.00143	0.00575	0.00414	0.00251	0.00674
1	0.21417	0.01209	0.11608	0.03657	0.11895	0.01064	0.25046	0.04970	0.01056	0.01714	0.06870	0.01237	0.00926	0.00470	0.00470	0.00147	0.02249	0.00437	0.00274	0.03287
2	0.00987	0.00913	0.05237	0.05550	0.12481	0.00839	0.15033	0.04126	0.02767	0.06345	0.12398	0.06564	0.09158	0.05583	0.02059	0.00177	0.03672	0.00615	0.00337	0.05159
3	0.01219	0.56625	0.07727	0.01016	0.05978	0.07142	0.04344	0.01448	0.03157	0.01229	0.00779	0.00903	0.00669	0.00423	0.00344	0.00111	0.00530	0.00301	0.05453	0.00603
4	0.00708	0.00527	0.00779	0.00845	0.04666	0.00497	0.05158	0.00844	0.00977	0.03922	0.07402	0.50076	0.06951	0.04074	0.00642	0.00191	0.00339	0.10559	0.00415	0.00431
5	0.01068	0.04064	0.39483	0.01360	0.07927	0.03428	0.10517	0.01540	0.07374	0.06570	0.02660	0.02876	0.02589	0.00534	0.00469	0.00148	0.00598	0.03724	0.00278	0.02793
6	0.01512	0.03156	0.03718	0.01008	0.06969	0.02253	0.00775	0.06384	0.09879	0.37962	0.01795	0.11134	0.01471	0.00736	0.00495	0.00156	0.00421	0.09023	0.00472	0.00682
7	0.01019	0.00747	0.05817	0.00842	0.01066	0.00633	0.07373	0.02825	0.01098	0.17971	0.08663	0.15112	0.15798	0.01145	0.07826	0.00214	0.01887	0.06782	0.02651	0.00532
8	0.00617	0.00450	0.00575	0.00650	0.00716	0.00423	0.00475	0.00732	0.00955	0.01247	0.06226	0.43796	0.14747	0.08717	0.00754	0.00211	0.00313	0.17589	0.00421	0.00385
9	0.01092	0.01220	0.08781	0.17504	0.41912	0.05986	0.06999	0.01441	0.04830	0.01439	0.01039	0.01284	0.03468	0.00466	0.00467	0.00144	0.00592	0.00436	0.00242	0.00659
10	0.01072	0.01052	0.01491	0.46427	0.23477	0.09304	0.01240	0.05065	0.01064	0.01356	0.00899	0.03852	0.00738	0.00490	0.00463	0.00147	0.00608	0.00432	0.00236	0.00586
11	0.01136	0.01027	0.04306	0.30393	0.31643	0.01057	0.08335	0.01425	0.01027	0.09751	0.00951	0.01225	0.00726	0.00467	0.00521	0.00150	0.04531	0.00429	0.00256	0.00643
12	0.00611	0.00448	0.00556	0.00624	0.00688	0.00419	0.00446	0.00710	0.00923	0.01192	0.02825	0.41021	0.19035	0.14241	0.00871	0.00228	0.00318	0.14062	0.00408	0.00375

[dist]
# distance from previous block
# <min> <max>
0	4

[block]
# block no. 4 follows, 55 sequences, length 29
# corresponding to MSA columns:
# 958-986
name=unknown_E
#
# <colnr> <probs for GDERKNQSTAVLIFYWHMCP>
#	G	D	E	R	K	N	Q	S	T	A	V	L	I	F	Y	W	H	M	C	P
0	0.01071	0.01038	0.01698	0.31039	0.51035	0.03358	0.01365	0.01355	0.01021	0.01392	0.00854	0.01174	0.00692	0.00434	0.00461	0.00144	0.00585	0.00411	0.00222	0.00653
1	0.02942	0.13401	0.42173	0.01152	0.03031	0.01145	0.02781	0.07530	0.03613	0.16360	0.01048	0.01098	0.00740	0.00474	0.00429	0.00140	0.00576	0.00368	0.00300	0.00700
2	0.01272	0.01351	0.01157	0.18411	0.01639	0.33161	0.00875	0.06093	0.09698	0.02498	0.01257	0.08181	0.02823	0.02331	0.03024	0.00169	0.00637	0.03406	0.01474	0.00543
3	0.01058	0.01216	0.04243	0.01845	0.02288	0.01124	0.70822	0.01434	0.01066	0.01455	0.00965	0.01297	0.00742	0.00654	0.07377	0.00206	0.00821	0.00540	0.00236	0.00611
4	0.00655	0.00583	0.03762	0.00740	0.03072	0.00491	0.04231	0.00833	0.01102	0.01483	0.30697	0.26570	0.20497	0.01093	0.00557	0.00163	0.00295	0.02301	0.00437	0.00438
5	0.00734	0.04479	0.00767	0.00708	0.00784	0.00600	0.00524	0.00843	0.00877	0.04580	0.05103	0.38058	0.06692	0.08307	0.17471	0.00316	0.07478	0.00898	0.00361	0.00420
6	0.00663	0.00509	0.00690	0.00690	0.00807	0.00474	0.04210	0.00829	0.01068	0.01415	0.19727	0.19407	0.21779	0.04680	0.00651	0.00185	0.00318	0.18642	0.02840	0.00416
7	0.01004	0.01241	0.14260	0.01238	0.01349	0.01370	0.01131	0.01176	0.00756	0.01176	0.00647	0.01012	0.00607	0.00754	0.01352	0.00195	0.69595	0.00397	0.00202	0.00538
8	0.01139	0.01101	0.01904	0.05916	0.74541	0.01105	0.04588	0.01421	0.01056	0.01506	0.00876	0.01159	0.00731	0.00416	0.00464	0.00140	0.00565	0.00420	0.00230	0.00724
9	0.00962	0.00618	0.00770	0.00683	0.00857	0.00602	0.00528	0.04611	0.10868	0.12788	0.56800	0.02904	0.03432	0.00844	0.00525	0.00147	0.00274	0.00734	0.00514	0.00538
10	0.19532	0.01182	0.04248	0.01017	0.01259	0.05595	0.00859	0.24919	0.04151	0.06536	0.00903	0.01040	0.00702	0.00604	0.00744	0.00160	0.25212	0.00378	0.00334	0.00626
11	0.00617	0.00470	0.00629	0.07628	0.00902	0.00461	0.00506	0.00768	0.02806	0.01299	0.12614	0.56577	0.10459	0.01262	0.00570	0.00177	0.00292	0.01132	0.00424	0.00407
12	0.00597	0.00427	0.00574	0.00678	0.00719	0.00403	0.00480	0.00702	0.00930	0.01237	0.04717	0.69280	0.03053	0.01417	0.00600	0.00192	0.00293	0.12880	0.00434	0.00387
13	0.02932	0.00487	0.00508	0.00492	0.00620	0.00488	0.00372	0.02663	0.02318	0.05504	0.02661	0.06601	0.01327	0.00603	0.00355	0.00118	0.00240	0.00491	0.70758	0.00461
14	0.00815	0.00524	0.00804	0.02630	0.00848	0.00541	0.05965	0.00809	0.04099	0.01015	0.01139	0.11591	0.01155	0.04620	0.03731	0.52454	0.03006	0.00547	0.03397	0.00311
15	0.00586	0.00442	0.00527	0.00582	0.00659	0.00402	0.00408	0.00683	0.00950	0.01213	0.05377	0.40788	0.29870	0.09887	0.00765	0.00205	0.00285	0.05576	0.00418	0.00378
16	0.14314	0.00823	0.00998	0.00797	0.01122	0.00788	0.00651	0.05799	0.06531	0.55495	0.01637	0.03446	0.01106	0.00578	0.00439	0.00144	0.00385	0.00457	0.03768	0.00722
17	0.04612	0.00889	0.01218	0.16139	0.01486	0.02895	0.00930	0.01145	0.03853	0.01193	0.00848	0.01282	0.00774	0.03586	0.16308	0.00298	0.41391	0.00429	0.00230	0.00496
18	0.63549	0.00926	0.00807	0.00701	0.00971	0.01068	0.00572	0.11544	0.03448	0.02105	0.02325	0.00939	0.00675	0.00518	0.00417	0.02782	0.03503	0.00309	0.02305	0.00537
19	0.01095	0.01123	0.00974	0.03258	0.05997	0.26787	0.01688	0.04135	0.01030	0.01176	0.01387	0.03988	0.05423	0.28033	0.07278	0.00288	0.00638	0.04964	0.00287	0.00450
20	0.00798	0.00719	0.03232	0.07467	0.08197	0.01890	0.00734	0.00945	0.00807	0.01120	0.01326	0.02096	0.04923	0.21902	0.27440	0.00426	0.12392	0.02886	0.00258	0.00442
21	0.00613	0.00449	0.00580	0.00617	0.00692	0.00431	0.00442	0.00746	0.00988	0.01342	0.20443	0.35588	0.14152	0.04588	0.12711	0.00266	0.00407	0.02256	0.02292	0.00398
22	0.01726	0.04622	0.01360	0.01173	0.01431	0.71280	0.00894	0.09603	0.01394	0.01317	0.00757	0.00864	0.00618	0.00485	0.00420	0.00121	0.00796	0.00310	0.00261	0.00566
23	0.08917	0.04834	0.06151	0.26059	0.12820	0.05537	0.02901	0.12466	0.03128	0.02644	0.01883	0.01165	0.00746	0.00543	0.01821	0.00155	0.04563	0.00396	0.02665	0.00606
24	0.00751	0.00651	0.01074	0.05590	0.02112	0.00616	0.16504	0.00958	0.01084	0.02469	0.21840	0.19969	0.17241	0.02473	0.00586	0.00168	0.00389	0.03677	0.01384	0.00465
25	0.00846	0.00494	0.00630	0.00639	0.00760	0.00441	0.00462	0.00964	0.01040	0.15731	0.09058	0.45760	0.18983	0.01199	0.00558	0.00171	0.00282	0.01059	0.00464	0.00461
26	0.07786	0.01960	0.01210	0.01096	0.01334	0.67223	0.00828	0.04344	0.01286	0.01302	0.00846	0.00959	0.02100	0.00495	0.00409	0.00122	0.00748	0.00320	0.05097	0.00537
27	0.01356	0.36770	0.07224	0.02450	0.04525	0.12102	0.06417	0.16270	0.01246	0.02714	0.00834	0.00963	0.00680	0.00578	0.03871	0.00148	0.00613	0.00338	0.00267	0.00634
28	0.04512	0.04556	0.16744	0.01036	0.01458	0.02916	0.07112	0.14298	0.13921	0.02845	0.01092	0.01229	0.00845	0.00482	0.00426	0.00127	0.00498	0.02177	0.00324	0.23402

[dist]
# distance from previous block
# <min> <max>
2	3

[block]
# block no. 5 follows, 55 sequences, length 10
# corresponding to MSA columns:
# 990-999
name=unknown_F
#
# <colnr> <probs for GDERKNQSTAVLIFYWHMCP>
#	G	D	E	R	K	N	Q	S	T	A	V	L	I	F	Y	W	H	M	C	P
0	0.00685	0.00512	0.00747	0.04128	0.00970	0.00514	0.02822	0.00851	0.00970	0.01282	0.02306	0.36210	0.02590	0.01456	0.06495	0.00239	0.00442	0.35964	0.00402	0.00416
1	0.13688	0.02859	0.08805	0.02951	0.03756	0.01076	0.04960	0.24380	0.03643	0.25952	0.01224	0.01212	0.00842	0.00515	0.00438	0.00142	0.00483	0.00406	0.00415	0.02253
2	0.04052	0.00869	0.01045	0.00980	0.06786	0.03159	0.01844	0.11327	0.13134	0.20929	0.08444	0.07522	0.08045	0.00730	0.00522	0.00152	0.03368	0.02886	0.03568	0.00636
3	0.01651	0.00779	0.00960	0.00784	0.01066	0.03135	0.00632	0.06237	0.04107	0.49600	0.11446	0.04819	0.01629	0.00664	0.00471	0.00144	0.00372	0.02219	0.08602	0.00682
4	0.00675	0.00446	0.00578	0.00642	0.00713	0.00408	0.00450	0.00779	0.00971	0.06429	0.07337	0.61337	0.12297	0.01331	0.00579	0.00181	0.00276	0.03713	0.00446	0.00412
5	0.01572	0.03618	0.01473	0.01338	0.14514	0.01280	0.03159	0.49728	0.05106	0.07582	0.05066	0.01289	0.01002	0.00549	0.00467	0.00140	0.00498	0.00445	0.00422	0.00752
6	0.00613	0.00457	0.00621	0.00771	0.05858	0.00432	0.00481	0.00702	0.00893	0.01190	0.02473	0.67708	0.06651	0.07923	0.00724	0.00205	0.00301	0.01195	0.00407	0.00394
7	0.00652	0.00462	0.00588	0.00620	0.00714	0.00423	0.00456	0.00799	0.01087	0.03638	0.27744	0.33863	0.17623	0.01205	0.00572	0.00171	0.00266	0.08239	0.00461	0.00416
8	0.01249	0.00994	0.01237	0.00980	0.05218	0.00904	0.05276	0.22522	0.01326	0.05345	0.00959	0.01059	0.00740	0.00419	0.00401	0.00100	0.00428	0.00346	0.00336	0.50161
9	0.01553	0.01188	0.01453	0.01367	0.14743	0.03211	0.04922	0.42853	0.10516	0.09046	0.01311	0.01330	0.03213	0.00552	0.00471	0.00143	0.00507	0.00455	0.00418	0.00750

[dist]
# distance from previous block
# <min> <max>
7	30

[block]
# block no. 6 follows, 55 sequences, length 23
# corresponding to MSA columns:
# 1033-1042,1046-1058
name=unknown_G
#
# <colnr> <probs for GDERKNQSTAVLIFYWHMCP>
#	G	D	E	R	K	N	Q	S	T	A	V	L	I	F	Y	W	H	M	C	P
0	0.00928	0.00658	0.00761	0.00691	0.00873	0.00655	0.00525	0.02809	0.19646	0.08139	0.22150	0.06195	0.12344	0.09483	0.00698	0.00180	0.00319	0.03608	0.03253	0.06086
1	0.05039	0.57730	0.10689	0.00886	0.01293	0.04709	0.00887	0.05391	0.07156	0.01339	0.00790	0.00871	0.00666	0.00434	0.00340	0.00114	0.00516	0.00291	0.00239	0.00621
2	0.00683	0.00586	0.03930	0.04308	0.00904	0.00523	0.00559	0.04722	0.03040	0.01360	0.06270	0.49895	0.14656	0.01230	0.00566	0.00177	0.00318	0.05419	0.00419	0.00435
3	0.02652	0.08210	0.06419	0.03452	0.35263	0.05175	0.04797	0.15269	0.06200	0.03600	0.02214	0.01236	0.02475	0.00485	0.00450	0.00138	0.00545	0.00421	0.00300	0.00699
4	0.00665	0.00497	0.00738	0.00738	0.00818	0.00576	0.00569	0.00824	0.00745	0.01073	0.01255	0.01877	0.01185	0.06758	0.78567	0.00736	0.01214	0.00506	0.00251	0.00410
5	0.00602	0.00435	0.00558	0.00614	0.00668	0.00410	0.00422	0.00710	0.00962	0.01293	0.17545	0.48050	0.09607	0.10349	0.03763	0.00228	0.00316	0.02662	0.00424	0.00383
6	0.02611	0.07257	0.44947	0.01451	0.07721	0.01109	0.16078	0.02873	0.02340	0.02799	0.00984	0.05949	0.00796	0.00495	0.00462	0.00148	0.00639	0.00444	0.00238	0.00656
7	0.03728	0.01181	0.01891	0.03346	0.30759	0.06541	0.24217	0.09853	0.01190	0.03317	0.01030	0.04888	0.00872	0.00510	0.00517	0.00149	0.02718	0.02355	0.00280	0.00658
8	0.00610	0.00452	0.00526	0.00562	0.00629	0.00422	0.00382	0.00688	0.00884	0.01128	0.02861	0.25309	0.27560	0.27410	0.03798	0.00281	0.00357	0.05407	0.00378	0.00356
9	0.00913	0.00750	0.00842	0.00809	0.00986	0.00822	0.00617	0.01698	0.44071	0.01718	0.13884	0.19405	0.04876	0.00911	0.00523	0.00166	0.00325	0.05632	0.00466	0.00586
10	0.04621	0.01161	0.01585	0.04679	0.41288	0.08324	0.04666	0.07094	0.11648	0.07107	0.01144	0.01283	0.02333	0.00486	0.00459	0.00142	0.00540	0.00433	0.00309	0.00699
11	0.00803	0.00406	0.00602	0.00602	0.00602	0.00406	0.00399	0.00609	0.00609	0.00812	0.00833	0.01476	0.00842	0.04723	0.01839	0.83207	0.00406	0.00414	0.00205	0.00205
12	0.00674	0.00459	0.00549	0.00549	0.00564	0.00474	0.00334	0.00703	0.00689	0.00933	0.01428	0.02833	0.01599	0.69714	0.16179	0.00503	0.00589	0.00646	0.00276	0.00305
13	0.07753	0.01001	0.01533	0.13002	0.39046	0.01079	0.03485	0.06040	0.04119	0.05097	0.01032	0.01263	0.02418	0.00562	0.02302	0.00160	0.06745	0.00426	0.02284	0.00653
14	0.17147	0.04429	0.03122	0.03893	0.30813	0.10872	0.01017	0.08198	0.07396	0.01701	0.00917	0.01082	0.00735	0.00475	0.00452	0.00139	0.03431	0.00372	0.03165	0.00644
15	0.01170	0.04573	0.01257	0.03025	0.15794	0.04031	0.05039	0.04300	0.16195	0.12677	0.08343	0.06774	0.08391	0.00713	0.00495	0.00152	0.00437	0.05612	0.00397	0.00626
16	0.00635	0.00461	0.00526	0.00536	0.00601	0.00433	0.00357	0.00711	0.00895	0.01158	0.11178	0.09278	0.24852	0.40291	0.01420	0.00301	0.00350	0.05302	0.00369	0.00346
17	0.02475	0.02763	0.14612	0.02841	0.25622	0.03374	0.03113	0.04686	0.18396	0.04394	0.04717	0.01525	0.05480	0.00543	0.00461	0.00143	0.00500	0.00469	0.00324	0.03561
18	0.00678	0.00535	0.00611	0.00625	0.00715	0.02906	0.00448	0.00820	0.02269	0.01351	0.17746	0.30422	0.18408	0.08931	0.00752	0.00191	0.03063	0.02979	0.04213	0.02338
19	0.02618	0.01357	0.15622	0.02842	0.16933	0.11941	0.03287	0.10380	0.05421	0.03090	0.07851	0.04709	0.02373	0.02389	0.00506	0.00148	0.00540	0.02281	0.01961	0.03752
20	0.01359	0.07840	0.14947	0.01209	0.07472	0.08635	0.05034	0.22174	0.05940	0.07552	0.04005	0.02502	0.00949	0.01538	0.00485	0.00140	0.01739	0.00422	0.00341	0.05715
21	0.05982	0.15215	0.09281	0.02596	0.15521	0.05144	0.06534	0.05263	0.04621	0.03792	0.07264	0.03062	0.01937	0.00520	0.00463	0.00132	0.03268	0.00428	0.00290	0.08688
22	0.02418	0.06376	0.08230	0.01438	0.18279	0.13107	0.07347	0.02747	0.05201	0.03896	0.02744	0.04427	0.02876	0.04277	0.02169	0.00164	0.06597	0.00457	0.00278	0.06972

[dist]
# distance from previous block
# <min> <max>
4	18

[block]
# block no. 7 follows, 55 sequences, length 49
# corresponding to MSA columns:
# 1077-1125
name=unknown_H
#
# <colnr> <probs for GDERKNQSTAVLIFYWHMCP>
#	G	D	E	R	K	N	Q	S	T	A	V	L	I	F	Y	W	H	M	C	P
0	0.01037	0.03141	0.00951	0.00871	0.02441	0.12601	0.02530	0.10529	0.09504	0.03884	0.04233	0.33101	0.08280	0.03975	0.00585	0.00170	0.00423	0.00826	0.00399	0.00519
1	0.01045	0.03636	0.03383	0.04710	0.28505	0.06631	0.00958	0.06521	0.02144	0.02771	0.07130	0.15408	0.04597	0.00747	0.00525	0.00153	0.02932	0.05425	0.02195	0.00586
2	0.00940	0.11740	0.39737	0.04893	0.06253	0.00993	0.01216	0.01285	0.00983	0.03836	0.03493	0.12300	0.01227	0.03671	0.00533	0.00162	0.00551	0.05322	0.00269	0.00596
3	0.04713	0.02501	0.06526	0.03572	0.01289	0.04296	0.04635	0.18042	0.17833	0.04603	0.05179	0.08729	0.10357	0.00745	0.00491	0.00155	0.00445	0.04868	0.00405	0.00616
4	0.00593	0.02447	0.00586	0.00642	0.00683	0.00415	0.00436	0.00665	0.00887	0.01173	0.02536	0.74569	0.06228	0.01426	0.00635	0.03762	0.00280	0.01244	0.00417	0.00377
5	0.00915	0.03400	0.05080	0.00911	0.02346	0.03998	0.09730	0.01113	0.02864	0.10224	0.04120	0.39768	0.09722	0.01030	0.00541	0.00167	0.00402	0.02771	0.00397	0.00501
6	0.01090	0.05893	0.15022	0.03956	0.19586	0.02904	0.11014	0.02805	0.02173	0.08943	0.05144	0.09664	0.06471	0.00622	0.00480	0.00147	0.00520	0.00563	0.02381	0.00621
7	0.01016	0.04545	0.09068	0.17310	0.03097	0.01031	0.32881	0.03867	0.01078	0.03943	0.04953	0.06771	0.04349	0.00560	0.00520	0.00153	0.01849	0.00561	0.01868	0.00582
8	0.00664	0.00502	0.00574	0.00592	0.00693	0.00473	0.00427	0.03985	0.02177	0.01279	0.05276	0.20612	0.32972	0.18410	0.00943	0.00230	0.00321	0.09072	0.00405	0.00393
9	0.01153	0.02043	0.05801	0.11002	0.28050	0.02296	0.05969	0.09780	0.04926	0.05926	0.04024	0.05935	0.01066	0.03568	0.00559	0.00155	0.02044	0.00493	0.00307	0.04905
10	0.01168	0.12886	0.16991	0.09585	0.10431	0.08380	0.04177	0.09861	0.11750	0.01552	0.01049	0.02986	0.00854	0.03004	0.03220	0.00169	0.00598	0.00418	0.00282	0.00638
11	0.01061	0.01001	0.01693	0.18646	0.52886	0.01056	0.04125	0.01330	0.01004	0.01425	0.00904	0.01254	0.00758	0.03131	0.00565	0.00154	0.03966	0.00428	0.03962	0.00651
12	0.01112	0.02700	0.21880	0.04281	0.28306	0.01069	0.07736	0.04781	0.10954	0.05006	0.03850	0.01402	0.03811	0.00507	0.00469	0.00146	0.00553	0.00456	0.00293	0.00688
13	0.01264	0.00697	0.00832	0.00708	0.00948	0.02582	0.00559	0.01539	0.08367	0.31857	0.20133	0.02680	0.18236	0.02661	0.00544	0.00154	0.00332	0.02048	0.00495	0.03366
14	0.01069	0.02263	0.01064	0.07095	0.05197	0.06537	0.00752	0.12195	0.13881	0.03049	0.04541	0.05703	0.10170	0.04998	0.09560	0.00232	0.07570	0.00565	0.01880	0.01677
15	0.01456	0.07649	0.01187	0.00928	0.01187	0.26993	0.00735	0.19608	0.10809	0.04255	0.01157	0.01224	0.00890	0.00526	0.00408	0.00126	0.00530	0.00385	0.19337	0.00610
16	0.00924	0.00851	0.02730	0.08459	0.26870	0.02885	0.00936	0.02406	0.05943	0.01364	0.05551	0.03686	0.02804	0.06050	0.24368	0.00340	0.02486	0.00513	0.00279	0.00557
17	0.01022	0.00955	0.01588	0.29095	0.28668	0.02288	0.09723	0.01349	0.04288	0.02920	0.03442	0.01423	0.01909	0.00619	0.04137	0.00173	0.00599	0.01453	0.01805	0.02543
18	0.01070	0.25548	0.26240	0.02840	0.01445	0.09467	0.01059	0.02595	0.04279	0.01308	0.01123	0.01465	0.03843	0.00864	0.09303	0.00202	0.00656	0.05858	0.00249	0.00587
19	0.00682	0.00493	0.00651	0.00723	0.02345	0.00498	0.00500	0.03297	0.02678	0.01231	0.03320	0.44760	0.02387	0.13043	0.12450	0.02393	0.00465	0.07304	0.00378	0.00399
20	0.02272	0.00493	0.00597	0.00562	0.00696	0.00447	0.00425	0.00887	0.01235	0.04559	0.55154	0.03582	0.23787	0.00979	0.00537	0.00148	0.00233	0.00846	0.02121	0.00441
21	0.00643	0.00447	0.00560	0.00600	0.00654	0.00428	0.00405	0.00728	0.00884	0.03023	0.07826	0.38774	0.11949	0.22254	0.08378	0.00298	0.00399	0.00991	0.00387	0.00373
22	0.00595	0.00454	0.00553	0.00610	0.00703	0.00412	0.00452	0.00721	0.01013	0.01296	0.09397	0.36548	0.31405	0.01290	0.00582	0.00178	0.00277	0.12680	0.00438	0.00396
23	0.00677	0.00463	0.00566	0.00566	0.00589	0.00483	0.00358	0.00722	0.00699	0.00960	0.01412	0.02719	0.01551	0.62268	0.22206	0.00520	0.00646	0.00628	0.01650	0.00318
24	0.00646	0.00476	0.00566	0.00553	0.00680	0.00421	0.00411	0.00809	0.01170	0.03839	0.39526	0.12080	0.34962	0.01084	0.00551	0.00155	0.00236	0.00937	0.00473	0.00424
25	0.01510	0.00768	0.00928	0.00756	0.01027	0.00741	0.00608	0.16554	0.02590	0.35796	0.09347	0.04523	0.08044	0.00681	0.00464	0.00140	0.00356	0.00559	0.13954	0.00655
26	0.00738	0.00532	0.00637	0.00662	0.00783	0.00514	0.00502	0.01004	0.09600	0.04503	0.09473	0.26173	0.22544	0.03137	0.00602	0.00180	0.00302	0.14095	0.03569	0.00450
27	0.00680	0.00449	0.00594	0.00671	0.00729	0.00423	0.00465	0.00807	0.02923	0.05943	0.04871	0.71414	0.02948	0.01364	0.00584	0.00185	0.00284	0.03809	0.00444	0.00415
28	0.00879	0.00827	0.01395	0.82532	0.03204	0.01034	0.01292	0.01189	0.00930	0.01189	0.00827	0.01240	0.00620	0.00465	0.00465	0.00155	0.00620	0.00413	0.00207	0.00517
29	0.27160	0.00882	0.00963	0.00779	0.01092	0.00904	0.00638	0.14990	0.03017	0.34061	0.07855	0.01484	0.03080	0.00576	0.00422	0.00144	0.00386	0.00439	0.00460	0.00666
30	0.00656	0.00461	0.00586	0.00650	0.00737	0.00424	0.00482	0.00779	0.00996	0.04178	0.06241	0.44606	0.20707	0.01309	0.00586	0.00183	0.00294	0.15276	0.00440	0.00408
31	0.79596	0.00907	0.00728	0.00638	0.00933	0.01037	0.00526	0.03927	0.00866	0.06390	0.00727	0.00812	0.00548	0.00444	0.00303	0.00144	0.00367	0.00269	0.00309	0.00529
32	0.00593	0.00444	0.00542	0.00606	0.00688	0.00404	0.00438	0.00710	0.00987	0.01279	0.07170	0.44203	0.27490	0.01303	0.00576	0.00177	0.00272	0.09212	0.02514	0.00392
33	0.01247	0.07070	0.05216	0.01633	0.13320	0.19608	0.24422	0.01571	0.06554	0.01364	0.00874	0.01098	0.00710	0.00496	0.00624	0.00148	0.12765	0.00421	0.00243	0.00614
34	0.01052	0.00583	0.00622	0.00563	0.00725	0.00597	0.00437	0.09318	0.05625	0.07417	0.05263	0.01743	0.01313	0.00571	0.00369	0.00119	0.00269	0.00459	0.62443	0.00513
35	0.00879	0.00827	0.01395	0.82532	0.03204	0.01034	0.01292	0.01189	0.00930	0.01189	0.00827	0.01240	0.00620	0.00465	0.00465	0.00155	0.00620	0.00413	0.00207	0.00517
36	0.00613	0.00432	0.00558	0.00632	0.00692	0.00397	0.00439	0.00717	0.00963	0.03058	0.09429	0.62540	0.12525	0.01355	0.00583	0.00181	0.00270	0.03777	0.00442	0.00396
37	0.00637	0.00478	0.00594	0.00587	0.00705	0.00435	0.00449	0.00825	0.01210	0.01637	0.50355	0.06965	0.23430	0.01062	0.00560	0.00158	0.00247	0.08763	0.00480	0.00424
38	0.00684	0.00543	0.00665	0.00644	0.00761	0.01920	0.03070	0.03061	0.01095	0.01435	0.24478	0.18863	0.24717	0.10295	0.00761	0.00195	0.00311	0.05656	0.00428	0.00415
39	0.01764	0.01616	0.01362	0.01111	0.01436	0.29900	0.00885	0.50136	0.01861	0.03973	0.00991	0.01028	0.00731	0.00531	0.00449	0.00133	0.00625	0.00378	0.00388	0.00702
40	0.00667	0.00443	0.00570	0.00632	0.00673	0.00422	0.00427	0.00746	0.00880	0.04061	0.04859	0.51129	0.02665	0.22465	0.01046	0.00255	0.00331	0.06951	0.00401	0.00374
41	0.03642	0.01147	0.01708	0.03902	0.01684	0.13647	0.35188	0.02575	0.03646	0.02993	0.13557	0.01602	0.01351	0.00567	0.01541	0.00151	0.00608	0.00526	0.09404	0.00562
42	0.03681	0.00753	0.00870	0.00688	0.00998	0.00647	0.00540	0.01296	0.09698	0.04960	0.14594	0.03920	0.01508	0.00535	0.00403	0.00103	0.00319	0.00446	0.05171	0.48870
43	0.00913	0.03588	0.08109	0.00761	0.01029	0.00645	0.00660	0.01118	0.01039	0.08078	0.13599	0.17427	0.04590	0.00795	0.00508	0.00137	0.02961	0.06820	0.00372	0.26851
44	0.01044	0.00841	0.01016	0.03240	0.01172	0.00727	0.00625	0.05645	0.01039	0.05475	0.02876	0.04324	0.00894	0.00464	0.00461	0.00096	0.06274	0.00362	0.00306	0.63120
45	0.00655	0.00518	0.00729	0.05482	0.08852	0.00501	0.00585	0.00789	0.00968	0.01284	0.07666	0.51540	0.12727	0.01220	0.00567	0.00176	0.00318	0.04590	0.00404	0.00430
46	0.01067	0.00958	0.01590	0.24049	0.48024	0.01010	0.01260	0.01351	0.02090	0.04787	0.02300	0.01415	0.04625	0.00571	0.02820	0.00162	0.00562	0.00454	0.00256	0.00650
47	0.00900	0.00726	0.00861	0.00663	0.00985	0.00570	0.00517	0.01093	0.00995	0.02703	0.10255	0.07579	0.01356	0.02836	0.01619	0.00110	0.00337	0.00443	0.03199	0.62252
48	0.01232	0.02847	0.01304	0.04822	0.08455	0.04015	0.06657	0.10492	0.03187	0.10706	0.01076	0.03764	0.00866	0.01439	0.01388	0.00129	0.03870	0.00408	0.01608	0.31736

[dist]
# distance from previous block
# <min> <max>
1	4

[block]
# block no. 8 follows, 55 sequences, length 16
# corresponding to MSA columns:
# 1130-1145
name=unknown_I
#
# <colnr> <probs for GDERKNQSTAVLIFYWHMCP>
#	G	D	E	R	K	N	Q	S	T	A	V	L	I	F	Y	W	H	M	C	P
0	0.00587	0.00414	0.00547	0.00641	0.00679	0.00386	0.00437	0.00659	0.00893	0.01178	0.02605	0.70281	0.08186	0.01441	0.00663	0.05165	0.00281	0.04167	0.00418	0.00371
1	0.00763	0.00559	0.00667	0.00663	0.00733	0.00600	0.00477	0.03400	0.05456	0.01307	0.02064	0.25098	0.09765	0.21006	0.01067	0.00236	0.08992	0.03620	0.13111	0.00414
2	0.03884	0.02900	0.01380	0.04274	0.13435	0.02658	0.06551	0.21540	0.06865	0.04962	0.03232	0.01264	0.00915	0.03135	0.00496	0.00135	0.00479	0.00411	0.00342	0.21143
3	0.00763	0.00619	0.00792	0.05535	0.06903	0.00603	0.00596	0.02719	0.08546	0.01459	0.11224	0.26595	0.18538	0.00990	0.00522	0.00157	0.00323	0.03081	0.02322	0.07712
4	0.01350	0.05673	0.10315	0.03263	0.15758	0.04010	0.01014	0.28568	0.09064	0.04480	0.02765	0.03696	0.00947	0.00534	0.00450	0.00136	0.00510	0.00435	0.00356	0.06677
5	0.03947	0.04339	0.03673	0.01124	0.06243	0.10075	0.06118	0.19814	0.16660	0.05970	0.05406	0.10124	0.01306	0.00643	0.00470	0.00145	0.00491	0.00539	0.00388	0.02528
6	0.04945	0.05628	0.05545	0.07854	0.35339	0.04481	0.04120	0.10050	0.04496	0.06621	0.02634	0.01340	0.02267	0.00499	0.00454	0.00141	0.00537	0.02069	0.00299	0.00679
7	0.05866	0.07008	0.12593	0.05214	0.11051	0.06816	0.04605	0.05321	0.04976	0.06146	0.06158	0.03800	0.01100	0.05314	0.00543	0.00150	0.00506	0.00445	0.02089	0.10300
8	0.06246	0.09712	0.09475	0.03052	0.17567	0.08215	0.08376	0.06903	0.04740	0.01553	0.02702	0.08367	0.02867	0.00555	0.00443	0.00136	0.00530	0.00478	0.00288	0.07794
9	0.05128	0.12584	0.10990	0.04478	0.14949	0.03678	0.06228	0.13577	0.03747	0.05694	0.02677	0.01223	0.03165	0.00505	0.00483	0.00137	0.04441	0.00406	0.00299	0.05611
10	0.02899	0.16829	0.10463	0.01403	0.20502	0.07591	0.01015	0.08879	0.07116	0.07809	0.01093	0.02733	0.02425	0.00493	0.00419	0.00129	0.00519	0.00395	0.00301	0.06986
11	0.07177	0.05455	0.14230	0.01402	0.20878	0.12663	0.01014	0.05104	0.05273	0.04378	0.03925	0.01617	0.12199	0.00577	0.00446	0.00138	0.00523	0.00466	0.00303	0.02230
12	0.03453	0.08970	0.10769	0.04080	0.24454	0.07129	0.02998	0.10862	0.02423	0.02903	0.02037	0.01395	0.00904	0.02970	0.00495	0.00144	0.00539	0.04561	0.03414	0.05501
13	0.06783	0.05239	0.10068	0.01359	0.19144	0.10100	0.00967	0.13119	0.06556	0.01748	0.08316	0.01431	0.04660	0.00538	0.00438	0.00133	0.00503	0.00436	0.00320	0.08142
14	0.02361	0.04477	0.05575	0.01631	0.29428	0.05381	0.02924	0.14106	0.09057	0.03287	0.06908	0.04572	0.01153	0.00542	0.00457	0.00137	0.00498	0.00469	0.00329	0.06708
15	0.04074	0.03321	0.10625	0.03327	0.25045	0.04045	0.07913	0.13989	0.10775	0.07407	0.02528	0.01312	0.02519	0.00505	0.00461	0.00143	0.00540	0.00442	0.00328	0.00699

[dist]
# distance from previous block
# <min> <max>
59	922

[block]
# block no. 9 follows, 55 sequences, length 12
# corresponding to MSA columns:
# 2290-2301
name=unknown_J
#
# <colnr> <probs for GDERKNQSTAVLIFYWHMCP>
#	G	D	E	R	K	N	Q	S	T	A	V	L	I	F	Y	W	H	M	C	P
0	0.06609	0.03778	0.02486	0.09113	0.30292	0.04451	0.04288	0.13664	0.04634	0.02510	0.02200	0.04963	0.03104	0.00527	0.00451	0.00139	0.00514	0.00459	0.00303	0.05513
1	0.05619	0.01999	0.07846	0.06875	0.23363	0.05380	0.00997	0.07585	0.03060	0.06425	0.08638	0.04105	0.03287	0.00640	0.01678	0.01570	0.03821	0.01306	0.00317	0.05488
2	0.05986	0.02533	0.01660	0.05604	0.47405	0.08883	0.05433	0.05068	0.02415	0.03168	0.03692	0.03314	0.00910	0.00481	0.00455	0.00139	0.00555	0.00439	0.00270	0.01591
3	0.01012	0.04331	0.01077	0.03378	0.11810	0.15575	0.01722	0.03670	0.06862	0.01530	0.22989	0.08571	0.12484	0.00772	0.00493	0.00143	0.00436	0.00655	0.00374	0.02116
4	0.02984	0.28067	0.15996	0.01544	0.24231	0.08934	0.02399	0.05400	0.01090	0.02970	0.00816	0.00970	0.00665	0.00432	0.00398	0.00126	0.00576	0.00338	0.01406	0.00658
5	0.01020	0.01028	0.04907	0.43186	0.26692	0.02637	0.05709	0.01357	0.03397	0.02816	0.02289	0.01256	0.00759	0.00460	0.00468	0.00149	0.00597	0.00428	0.00236	0.00608
6	0.01028	0.04326	0.05275	0.42317	0.23355	0.01039	0.03448	0.01323	0.00992	0.04644	0.00901	0.01204	0.00696	0.00448	0.00449	0.00142	0.00570	0.00405	0.03150	0.04288
7	0.00806	0.09320	0.04682	0.00726	0.00915	0.00678	0.03816	0.04316	0.01183	0.03644	0.36938	0.18189	0.11118	0.00940	0.00521	0.00151	0.00322	0.00823	0.00429	0.00483
8	0.00877	0.00644	0.00916	0.05486	0.03893	0.00621	0.06238	0.04200	0.04439	0.08428	0.05896	0.35866	0.11840	0.02681	0.00575	0.00170	0.00365	0.02107	0.00407	0.04351
9	0.01501	0.01098	0.03810	0.00959	0.01287	0.01120	0.00811	0.47022	0.05442	0.10524	0.05015	0.01886	0.05713	0.00677	0.00487	0.00148	0.00457	0.08089	0.00459	0.03498
10	0.01429	0.08630	0.04941	0.03305	0.07545	0.01296	0.00908	0.41480	0.13958	0.02251	0.01192	0.04082	0.00930	0.00556	0.00448	0.00137	0.00484	0.00440	0.00394	0.05593
11	0.01227	0.52189	0.08014	0.05620	0.04726	0.05000	0.03455	0.04098	0.04124	0.02571	0.00786	0.00904	0.00659	0.00424	0.00356	0.00113	0.00531	0.00305	0.00233	0.04662

[dist]
# distance from previous block
# <min> <max>
2	16

[block]
# block no. 10 follows, 55 sequences, length 35
# corresponding to MSA columns:
# 2319-2353
name=unknown_K
#
# <colnr> <probs for GDERKNQSTAVLIFYWHMCP>
#	G	D	E	R	K	N	Q	S	T	A	V	L	I	F	Y	W	H	M	C	P
0	0.02203	0.03599	0.02960	0.12882	0.29579	0.04380	0.04515	0.13084	0.06568	0.04574	0.02521	0.02695	0.00880	0.00497	0.00475	0.00140	0.02013	0.00434	0.00302	0.05699
1	0.02186	0.01990	0.01358	0.03098	0.31847	0.05792	0.04758	0.01378	0.05896	0.06908	0.12056	0.08395	0.04314	0.00663	0.00490	0.00146	0.00466	0.04230	0.00341	0.03688
2	0.01173	0.01114	0.04634	0.07552	0.42695	0.04003	0.03855	0.06453	0.04902	0.04683	0.02399	0.04164	0.00912	0.00486	0.00458	0.00136	0.00527	0.00446	0.00285	0.09124
3	0.01223	0.12921	0.06682	0.01535	0.23592	0.12943	0.04776	0.06657	0.12829	0.01569	0.05285	0.02818	0.02156	0.00525	0.00442	0.00135	0.00542	0.00441	0.02281	0.00649
4	0.31152	0.02047	0.02195	0.13398	0.13421	0.01038	0.00859	0.07209	0.05516	0.13013	0.02070	0.01152	0.00790	0.00547	0.01956	0.00157	0.02157	0.00376	0.00329	0.00617
5	0.04305	0.00945	0.02356	0.07157	0.01350	0.08293	0.10944	0.10470	0.02702	0.03840	0.06032	0.04807	0.13410	0.03241	0.02552	0.00180	0.02648	0.10406	0.03833	0.00529
6	0.01314	0.64353	0.02145	0.00872	0.01225	0.17288	0.00806	0.01458	0.01009	0.01102	0.00688	0.00813	0.00623	0.00552	0.03966	0.00132	0.00597	0.00270	0.00209	0.00578
7	0.00645	0.00478	0.00601	0.00607	0.00705	0.00455	0.00455	0.00801	0.01067	0.01434	0.31844	0.08277	0.19509	0.11659	0.09455	0.00262	0.00391	0.10533	0.00423	0.00402
8	0.00808	0.00404	0.00606	0.00606	0.00606	0.00404	0.00404	0.00606	0.00606	0.00808	0.00808	0.01414	0.00808	0.01616	0.01818	0.86465	0.00404	0.00404	0.00202	0.00202
9	0.01157	0.00594	0.00748	0.00650	0.00850	0.00542	0.00508	0.02776	0.02862	0.27158	0.30893	0.05788	0.11403	0.00812	0.00494	0.00144	0.00288	0.00692	0.11087	0.00556
10	0.00933	0.02406	0.81240	0.01326	0.02014	0.01080	0.01719	0.01473	0.00982	0.01473	0.00835	0.00982	0.00589	0.00442	0.00442	0.00147	0.00688	0.00344	0.00196	0.00688
11	0.00722	0.00490	0.00631	0.00588	0.00708	0.00449	0.00440	0.00925	0.01279	0.05591	0.69624	0.03421	0.08181	0.04166	0.00616	0.00159	0.00238	0.00824	0.00502	0.00447
12	0.00693	0.00468	0.00648	0.00648	0.00691	0.00511	0.00458	0.00744	0.00701	0.00978	0.01241	0.02139	0.01269	0.28313	0.43370	0.15146	0.00854	0.00538	0.00251	0.00337
13	0.00953	0.00631	0.00759	0.00703	0.00858	0.00626	0.00535	0.15510	0.01313	0.07486	0.25925	0.25779	0.06748	0.00990	0.00528	0.00157	0.00308	0.03255	0.06425	0.00509
14	0.01018	0.16784	0.64385	0.01228	0.01848	0.04194	0.01526	0.01473	0.00988	0.01394	0.00797	0.00935	0.00591	0.00436	0.00416	0.00138	0.00660	0.00325	0.00198	0.00666
15	0.01370	0.06626	0.11958	0.01276	0.14951	0.02926	0.00978	0.23282	0.01420	0.13378	0.09127	0.01573	0.01244	0.02024	0.00493	0.00146	0.00490	0.03112	0.02944	0.00682
16	0.00939	0.08042	0.61589	0.01346	0.08121	0.01072	0.01508	0.01386	0.00977	0.01423	0.00987	0.08714	0.00835	0.00532	0.00447	0.00147	0.00624	0.00434	0.00221	0.00656
17	0.02656	0.06673	0.56220	0.01506	0.13309	0.03819	0.04040	0.01497	0.01013	0.03845	0.00856	0.01011	0.00630	0.00439	0.00437	0.00143	0.00651	0.00356	0.00217	0.00682
18	0.01252	0.01224	0.04727	0.14156	0.30328	0.04670	0.14152	0.18252	0.03530	0.01764	0.00952	0.01171	0.00734	0.00459	0.00475	0.00144	0.00605	0.00433	0.00284	0.00687
19	0.00808	0.00404	0.00606	0.00606	0.00606	0.00404	0.00404	0.00606	0.00606	0.00808	0.00808	0.01414	0.00808	0.01616	0.01818	0.86465	0.00404	0.00404	0.00202	0.00202
20	0.00590	0.00485	0.00518	0.00518	0.00659	0.00427	0.00383	0.00759	0.03981	0.01344	0.13718	0.10807	0.60155	0.02840	0.00588	0.00164	0.00246	0.00970	0.00440	0.00408
21	0.01324	0.00882	0.00953	0.00781	0.01042	0.00934	0.00626	0.32797	0.08927	0.06591	0.03934	0.01488	0.01124	0.00560	0.00412	0.00126	0.00368	0.00442	0.30942	0.05746
22	0.00720	0.00499	0.00623	0.00584	0.00717	0.00455	0.00441	0.00935	0.02677	0.05897	0.58933	0.05273	0.18532	0.00980	0.00544	0.00149	0.00236	0.00853	0.00498	0.00453
23	0.01369	0.60116	0.04401	0.00897	0.01282	0.10900	0.00847	0.12890	0.01172	0.01381	0.00730	0.00818	0.00626	0.00432	0.00341	0.00109	0.00544	0.00282	0.00243	0.00622
24	0.00637	0.00469	0.00600	0.00595	0.00698	0.00426	0.00434	0.00813	0.01178	0.01636	0.52318	0.23337	0.10190	0.01076	0.00553	0.00155	0.00237	0.00954	0.00478	0.03216
25	0.00734	0.00560	0.00688	0.00642	0.00780	0.00518	0.02062	0.02299	0.02692	0.01345	0.12718	0.08856	0.15551	0.22922	0.03310	0.00246	0.00377	0.09659	0.02086	0.11955
26	0.03016	0.19728	0.04723	0.12059	0.21203	0.09213	0.01058	0.13312	0.04262	0.01564	0.00905	0.02463	0.00752	0.01641	0.00468	0.00138	0.02200	0.00384	0.00270	0.00642
27	0.45020	0.01167	0.10544	0.02673	0.07629	0.05480	0.06698	0.01457	0.02988	0.05455	0.00904	0.02965	0.00733	0.00490	0.00382	0.00146	0.00479	0.02536	0.00289	0.01965
28	0.01173	0.04151	0.03143	0.07038	0.57073	0.04817	0.07308	0.03870	0.01084	0.01494	0.00859	0.01127	0.00711	0.00438	0.00501	0.00141	0.03732	0.00412	0.00234	0.00694
29	0.00594	0.00467	0.00537	0.00533	0.00659	0.00409	0.00395	0.00748	0.01145	0.01489	0.34277	0.11645	0.43211	0.01116	0.00554	0.00156	0.00233	0.00959	0.00463	0.00409
30	0.04395	0.24376	0.01677	0.01078	0.01210	0.04657	0.00931	0.01235	0.00805	0.01150	0.00626	0.00924	0.00602	0.00670	0.01091	0.00169	0.53310	0.00352	0.00207	0.00535
31	0.00951	0.00536	0.00578	0.00586	0.03692	0.00547	0.00419	0.07896	0.01093	0.01834	0.03514	0.01704	0.01223	0.00549	0.00348	0.00113	0.00255	0.00442	0.73242	0.00476
32	0.00815	0.00581	0.00699	0.00633	0.00799	0.00552	0.00485	0.03311	0.09240	0.06393	0.50148	0.03213	0.16746	0.00905	0.00528	0.00146	0.00260	0.00782	0.00489	0.03276
33	0.03205	0.18986	0.09631	0.04881	0.16378	0.09178	0.04495	0.09879	0.07427	0.08951	0.00998	0.01097	0.00765	0.00468	0.00421	0.00132	0.00555	0.00375	0.00299	0.01878
34	0.01098	0.13014	0.33980	0.01278	0.06038	0.02538	0.08706	0.04290	0.07234	0.04986	0.01011	0.02938	0.00805	0.02096	0.03699	0.00174	0.04794	0.00413	0.00260	0.00648

[dist]
# distance from previous block
# <min> <max>
0	2

[block]
# block no. 11 follows, 55 sequences, length 28
# corresponding to MSA columns:
# 2356-2383
name=unknown_L
#
# <colnr> <probs for GDERKNQSTAVLIFYWHMCP>
#	G	D	E	R	K	N	Q	S	T	A	V	L	I	F	Y	W	H	M	C	P
0	0.03730	0.01224	0.01585	0.07577	0.35596	0.12038	0.04981	0.14126	0.03550	0.06549	0.02362	0.02732	0.00862	0.00494	0.00461	0.00140	0.00570	0.00433	0.00306	0.00683
1	0.06369	0.01124	0.01428	0.19558	0.21887	0.10927	0.02567	0.07603	0.04527	0.07897	0.01008	0.03965	0.00816	0.00538	0.00547	0.00149	0.07741	0.00433	0.00291	0.00624
