[name]
unknown

[dist]
# distance from previous block
# <min> <max>
8	380

[block]
# block no. 0 follows, 60 sequences, length 6
# corresponding to MSA columns:
# 533,536-540
name=unknown_A
#
# <colnr> <probs for GDERKNQSTAVLIFYWHMCP>
#	G	D	E	R	K	N	Q	S	T	A	V	L	I	F	Y	W	H	M	C	P
0	0.08622	0.31394	0.09039	0.02822	0.10887	0.06395	0.00850	0.07864	0.00983	0.01338	0.02683	0.01089	0.00768	0.07561	0.02855	0.00160	0.03564	0.00339	0.00235	0.00550
1	0.07782	0.17955	0.06591	0.05549	0.07250	0.04734	0.07485	0.17676	0.04871	0.05214	0.07453	0.01267	0.03355	0.00497	0.00404	0.00127	0.00479	0.00403	0.00308	0.00598
2	0.05770	0.27099	0.23098	0.04435	0.08133	0.06003	0.01007	0.06327	0.04510	0.01409	0.04578	0.01031	0.00797	0.00442	0.00370	0.00121	0.00508	0.00333	0.03442	0.00587
3	0.08651	0.26036	0.05291	0.00953	0.07854	0.08291	0.00764	0.09751	0.06143	0.03907	0.08470	0.01344	0.05981	0.00525	0.00405	0.00122	0.02502	0.00395	0.02049	0.00565
4	0.06642	0.35531	0.08977	0.00910	0.01267	0.04008	0.07446	0.18042	0.01162	0.01544	0.04156	0.01142	0.04085	0.02841	0.00422	0.00126	0.00489	0.00362	0.00271	0.00579
5	0.03598	0.18407	0.08342	0.00979	0.04999	0.04229	0.00831	0.31686	0.10295	0.01889	0.04663	0.02987	0.04179	0.00536	0.00406	0.00127	0.00458	0.00413	0.00342	0.00634

[dist]
# distance from previous block
# <min> <max>
4	12

[block]
# block no. 1 follows, 60 sequences, length 7
# corresponding to MSA columns:
# 553-559
name=unknown_B
#
# <colnr> <probs for GDERKNQSTAVLIFYWHMCP>
#	G	D	E	R	K	N	Q	S	T	A	V	L	I	F	Y	W	H	M	C	P
0	0.04408	0.00985	0.01330	0.01370	0.20610	0.04059	0.07898	0.21793	0.04355	0.04199	0.01010	0.01261	0.00826	0.04884	0.13310	0.00232	0.02069	0.00414	0.00301	0.04685
1	0.01122	0.25177	0.04163	0.04759	0.27814	0.02788	0.06784	0.07250	0.04411	0.03293	0.00865	0.01053	0.00713	0.00647	0.07206	0.00169	0.00571	0.00361	0.00241	0.00613
2	0.10263	0.15551	0.12199	0.07925	0.06098	0.14006	0.11762	0.03824	0.02683	0.01329	0.00777	0.00975	0.00630	0.00613	0.05780	0.00166	0.04297	0.00345	0.00224	0.00552
3	0.00977	0.00893	0.01364	0.13521	0.28752	0.03936	0.09143	0.07074	0.01101	0.03274	0.11741	0.03480	0.11687	0.00587	0.00464	0.00137	0.00470	0.00537	0.00300	0.00564
4	0.00643	0.00512	0.00599	0.00580	0.00684	0.03989	0.00432	0.00819	0.01128	0.01539	0.56026	0.10235	0.12056	0.01138	0.07481	0.00188	0.00318	0.00793	0.00433	0.00404
5	0.00701	0.07780	0.09618	0.00645	0.00775	0.00628	0.00535	0.00824	0.00749	0.01029	0.07183	0.02199	0.01448	0.41239	0.22441	0.00414	0.00626	0.00535	0.00257	0.00374
6	0.01127	0.42264	0.06196	0.06194	0.01255	0.04385	0.00790	0.14504	0.01125	0.01426	0.10304	0.01171	0.01045	0.00656	0.05709	0.00151	0.00513	0.00357	0.00268	0.00560

[dist]
# distance from previous block
# <min> <max>
2	16

[block]
# block no. 2 follows, 60 sequences, length 53
# corresponding to MSA columns:
# 581-633
name=unknown_C
#
# <colnr> <probs for GDERKNQSTAVLIFYWHMCP>
#	G	D	E	R	K	N	Q	S	T	A	V	L	I	F	Y	W	H	M	C	P
0	0.03999	0.19724	0.30968	0.01165	0.09507	0.01135	0.03812	0.05385	0.02564	0.01400	0.06402	0.01198	0.03501	0.00554	0.02493	0.00144	0.04843	0.00378	0.00239	0.00589
1	0.00692	0.00602	0.05893	0.00745	0.00860	0.00518	0.00619	0.06090	0.00991	0.01321	0.03672	0.43039	0.02479	0.01181	0.00555	0.00179	0.00346	0.29406	0.00393	0.00417
2	0.02864	0.01032	0.01013	0.00883	0.01133	0.08273	0.00690	0.18755	0.44393	0.01882	0.03358	0.06822	0.03674	0.00626	0.00442	0.00141	0.00400	0.00510	0.00412	0.02699
3	0.42929	0.00970	0.05098	0.06412	0.02648	0.04286	0.00688	0.07877	0.07537	0.04965	0.00952	0.07535	0.00805	0.00535	0.00418	0.00142	0.04986	0.00385	0.00303	0.00529
4	0.01156	0.43758	0.11541	0.01016	0.01411	0.01413	0.13102	0.12750	0.03074	0.01408	0.00850	0.01091	0.00721	0.00447	0.00375	0.00119	0.00524	0.04402	0.00245	0.00595
5	0.00981	0.00944	0.01609	0.32507	0.41505	0.01019	0.07191	0.01323	0.06100	0.01333	0.00870	0.01153	0.00689	0.00418	0.00440	0.00138	0.00547	0.00404	0.00223	0.00607
6	0.01030	0.00999	0.01764	0.08609	0.61036	0.01005	0.10918	0.01301	0.00989	0.01390	0.00920	0.01344	0.00796	0.00442	0.00453	0.00137	0.00542	0.05453	0.00227	0.00644
7	0.06618	0.01078	0.09022	0.06932	0.38968	0.03341	0.01092	0.02596	0.02083	0.22467	0.01046	0.01150	0.00764	0.00441	0.00421	0.00133	0.00490	0.00384	0.00305	0.00669
8	0.00679	0.00461	0.00594	0.00552	0.00671	0.00420	0.00417	0.00875	0.01217	0.05880	0.71551	0.03239	0.10007	0.00890	0.00511	0.00138	0.00216	0.00781	0.00477	0.00425
9	0.00586	0.00412	0.00515	0.00570	0.00601	0.00400	0.00379	0.00649	0.00778	0.01030	0.02077	0.40275	0.06606	0.31936	0.04614	0.00289	0.00364	0.07245	0.00346	0.00327
10	0.03923	0.18094	0.41053	0.01192	0.06544	0.03396	0.05713	0.06508	0.01024	0.07452	0.00834	0.00941	0.00618	0.00419	0.00393	0.00128	0.00570	0.00329	0.00235	0.00632
11	0.00628	0.00423	0.00489	0.00494	0.00499	0.00426	0.00286	0.00640	0.00648	0.00868	0.01417	0.07024	0.01627	0.76143	0.06307	0.00424	0.00453	0.00657	0.00270	0.00275
12	0.00609	0.00434	0.00569	0.00650	0.00705	0.00419	0.00488	0.00720	0.00874	0.01145	0.02316	0.38892	0.06628	0.14081	0.00826	0.00222	0.00331	0.29351	0.00382	0.00358
13	0.01413	0.01682	0.04837	0.05895	0.01687	0.44511	0.20009	0.12101	0.01262	0.01386	0.00784	0.00941	0.00611	0.00437	0.00431	0.00126	0.00716	0.00360	0.00249	0.00561
14	0.01178	0.05854	0.11651	0.01036	0.04591	0.14075	0.00865	0.06715	0.44372	0.01640	0.01320	0.01295	0.01002	0.00521	0.00420	0.00136	0.00473	0.00412	0.01799	0.00646
15	0.04636	0.00871	0.01078	0.00829	0.01167	0.00839	0.00685	0.22679	0.01443	0.58794	0.01508	0.01345	0.00971	0.00531	0.00433	0.00134	0.00399	0.00420	0.00504	0.00733
16	0.03672	0.01060	0.02458	0.02013	0.01991	0.13831	0.00700	0.11076	0.30586	0.01633	0.02552	0.12827	0.02115	0.00659	0.00460	0.00139	0.02106	0.02194	0.00367	0.07562
17	0.00848	0.00731	0.06066	0.00851	0.05555	0.01666	0.02203	0.06171	0.02525	0.06428	0.09663	0.31046	0.05081	0.02304	0.00533	0.00154	0.01450	0.06912	0.00372	0.09440
18	0.09462	0.01189	0.01080	0.00924	0.01170	0.23788	0.04806	0.15394	0.07705	0.09572	0.04971	0.05094	0.06688	0.00620	0.00450	0.00136	0.01730	0.04304	0.00354	0.00561
19	0.00901	0.07510	0.73139	0.01242	0.01859	0.01063	0.05628	0.01377	0.00924	0.01359	0.00777	0.00920	0.00559	0.00409	0.00411	0.00136	0.00638	0.00327	0.00186	0.00636
20	0.00536	0.00383	0.00512	0.00613	0.00641	0.00359	0.00414	0.00616	0.00840	0.01119	0.02401	0.82046	0.02874	0.01362	0.00558	0.00178	0.00257	0.03531	0.00405	0.00356
21	0.00873	0.00759	0.01229	0.06762	0.07687	0.00763	0.17949	0.08299	0.06142	0.02749	0.05820	0.30737	0.04125	0.00832	0.00508	0.00156	0.00431	0.03325	0.00347	0.00508
22	0.02600	0.00628	0.00887	0.00791	0.00952	0.00619	0.09268	0.08048	0.05927	0.08824	0.11430	0.37319	0.02168	0.00923	0.00496	0.00154	0.00337	0.01776	0.06370	0.00483
23	0.00630	0.00459	0.00604	0.00630	0.00729	0.00433	0.00502	0.00814	0.01102	0.01495	0.41504	0.11019	0.10102	0.01057	0.00548	0.00163	0.00277	0.27092	0.00441	0.00399
24	0.01188	0.01035	0.01409	0.04194	0.27278	0.03632	0.05092	0.19778	0.02252	0.03225	0.00878	0.01035	0.00693	0.00426	0.00448	0.00117	0.03767	0.00361	0.00286	0.22907
25	0.11894	0.01052	0.01314	0.01054	0.01338	0.04618	0.14886	0.20515	0.23333	0.03561	0.01146	0.01237	0.00875	0.01702	0.04657	0.00174	0.05255	0.00425	0.00346	0.00618
26	0.00771	0.00441	0.00491	0.00511	0.00608	0.00440	0.00388	0.03643	0.00951	0.01523	0.01755	0.17417	0.03203	0.00761	0.00395	0.00129	0.00245	0.09696	0.56225	0.00407
27	0.01512	0.01149	0.01227	0.00974	0.01297	0.01285	0.00794	0.60641	0.22144	0.02514	0.01232	0.01194	0.00891	0.00541	0.00438	0.00135	0.00446	0.00418	0.00438	0.00729
28	0.00980	0.01216	0.17045	0.04660	0.08973	0.00963	0.33665	0.02202	0.07948	0.04061	0.03030	0.07388	0.01011	0.00517	0.00478	0.00145	0.00580	0.02825	0.00270	0.02042
29	0.01077	0.01045	0.01727	0.07837	0.74886	0.03060	0.01318	0.01334	0.00991	0.01396	0.00814	0.01078	0.00681	0.00393	0.00431	0.00130	0.00529	0.00386	0.00215	0.00673
30	0.01057	0.01013	0.01729	0.09921	0.74886	0.01030	0.01327	0.01318	0.00982	0.01397	0.00816	0.01087	0.00681	0.00393	0.00432	0.00131	0.00524	0.00389	0.00214	0.00672
31	0.01436	0.00651	0.00838	0.00681	0.00935	0.00580	0.00544	0.04298	0.02024	0.49373	0.13749	0.02248	0.14885	0.05048	0.00555	0.00152	0.00328	0.00578	0.00490	0.00607
32	0.01163	0.20108	0.27183	0.02526	0.03392	0.18281	0.08786	0.05213	0.02655	0.02534	0.02651	0.02059	0.00715	0.00442	0.00397	0.00124	0.00607	0.00347	0.00230	0.00588
33	0.01355	0.00672	0.00829	0.00703	0.00935	0.02619	0.00552	0.03350	0.05283	0.42920	0.08529	0.12831	0.12001	0.02808	0.02399	0.00162	0.00354	0.00637	0.00471	0.00589
34	0.00520	0.00433	0.00454	0.00467	0.00596	0.00367	0.00343	0.00627	0.00975	0.01179	0.05465	0.15708	0.69092	0.01139	0.00521	0.00151	0.00225	0.00964	0.00406	0.00367
35	0.00616	0.00484	0.00577	0.00600	0.02069	0.00453	0.00443	0.00832	0.06185	0.01384	0.25448	0.13064	0.33384	0.02953	0.00563	0.00160	0.00258	0.09699	0.00422	0.00406
36	0.03090	0.10967	0.42161	0.01053	0.01548	0.02922	0.02472	0.10011	0.01115	0.19124	0.00991	0.01029	0.00689	0.00449	0.00405	0.00131	0.00546	0.00346	0.00292	0.00659
37	0.01205	0.00809	0.01145	0.01019	0.06329	0.04408	0.12362	0.09942	0.01153	0.22953	0.05284	0.23189	0.02604	0.02160	0.00508	0.00150	0.00420	0.00669	0.03126	0.00565
38	0.00824	0.00775	0.01308	0.83624	0.03004	0.00969	0.01211	0.01114	0.00872	0.01114	0.00775	0.01163	0.00581	0.00436	0.00436	0.00145	0.00581	0.00388	0.00194	0.00484
39	0.00904	0.00775	0.00904	0.00646	0.01034	0.00581	0.00517	0.01098	0.00904	0.01421	0.00775	0.00904	0.00646	0.00323	0.00323	0.00065	0.00323	0.00258	0.00258	0.87339
40	0.00627	0.00430	0.00513	0.00515	0.00534	0.00441	0.00317	0.00658	0.00661	0.00889	0.01456	0.04082	0.04140	0.66688	0.15870	0.00457	0.00540	0.00625	0.00266	0.00290
41	0.01148	0.04902	0.16241	0.05120	0.20854	0.11611	0.01065	0.13571	0.08398	0.01585	0.06029	0.01282	0.02272	0.00505	0.00451	0.00133	0.02453	0.01475	0.00285	0.00620
42	0.23547	0.33174	0.01464	0.00803	0.01109	0.14984	0.00694	0.08675	0.09327	0.01512	0.00779	0.00844	0.00634	0.00430	0.00327	0.00116	0.00475	0.00283	0.00264	0.00558
43	0.00758	0.00379	0.00568	0.00568	0.00568	0.00379	0.00379	0.00568	0.00568	0.00758	0.00758	0.01326	0.00758	0.01515	0.01705	0.87311	0.00379	0.00379	0.00189	0.00189
44	0.00979	0.04989	0.04790	0.20833	0.12897	0.00866	0.00862	0.10729	0.02195	0.06390	0.07949	0.05739	0.04991	0.08865	0.04895	0.00195	0.00492	0.00511	0.00303	0.00530
45	0.02900	0.59948	0.12855	0.00859	0.01244	0.06495	0.00874	0.05428	0.00962	0.01185	0.00656	0.00761	0.00567	0.00405	0.00352	0.00107	0.03366	0.00261	0.00203	0.00573
46	0.00673	0.00426	0.00571	0.00641	0.00704	0.00396	0.00458	0.00772	0.00893	0.08125	0.02378	0.66428	0.04403	0.01271	0.00551	0.00176	0.00279	0.10045	0.00416	0.00393
47	0.00653	0.00492	0.00646	0.06384	0.00837	0.00483	0.00478	0.00912	0.05332	0.01672	0.66290	0.05034	0.06185	0.00857	0.00503	0.00139	0.00241	0.00755	0.01678	0.00428
48	0.03127	0.13622	0.16596	0.01240	0.08844	0.04704	0.16452	0.02635	0.09179	0.05740	0.01038	0.04467	0.00841	0.00583	0.03668	0.00154	0.01332	0.00421	0.04766	0.00591
49	0.01115	0.01021	0.01731	0.02452	0.69853	0.01037	0.03986	0.01363	0.00987	0.05579	0.00853	0.01096	0.00702	0.00420	0.00499	0.00134	0.05871	0.00395	0.00231	0.00676
50	0.00666	0.00427	0.00527	0.00559	0.00600	0.00409	0.00368	0.00727	0.00795	0.05244	0.03775	0.34705	0.04778	0.37092	0.01260	0.00278	0.00337	0.04921	0.02191	0.00341
51	0.01049	0.01344	0.14574	0.07105	0.19551	0.06897	0.38201	0.02371	0.01024	0.01380	0.01794	0.01110	0.00681	0.00398	0.00466	0.00139	0.00658	0.00434	0.00218	0.00607
52	0.01435	0.02739	0.13807	0.01114	0.03006	0.31381	0.02448	0.27484	0.06923	0.01740	0.00906	0.00978	0.00686	0.00479	0.00427	0.00126	0.01618	0.00348	0.01733	0.00621

[dist]
# distance from previous block
# <min> <max>
1	3

[block]
# block no. 3 follows, 60 sequences, length 40
# corresponding to MSA columns:
# 637-640,642-677
name=unknown_D
#
# <colnr> <probs for GDERKNQSTAVLIFYWHMCP>
#	G	D	E	R	K	N	Q	S	T	A	V	L	I	F	Y	W	H	M	C	P
0	0.02471	0.00989	0.00987	0.03703	0.03217	0.14125	0.00684	0.18108	0.06588	0.06369	0.01404	0.02372	0.07661	0.08145	0.12675	0.00241	0.02934	0.02850	0.00330	0.04147
1	0.00548	0.00403	0.00516	0.00591	0.00647	0.00371	0.00416	0.00648	0.00902	0.01184	0.08551	0.59971	0.15371	0.01278	0.00550	0.00171	0.00255	0.06850	0.00410	0.00364
2	0.22926	0.15130	0.01365	0.00891	0.01229	0.02786	0.07718	0.28194	0.04784	0.01948	0.00848	0.00923	0.00650	0.00438	0.00364	0.00121	0.00450	0.00328	0.00314	0.08594
3	0.09499	0.00940	0.07640	0.00820	0.01100	0.00893	0.00691	0.01805	0.41822	0.09419	0.01541	0.10562	0.01260	0.00612	0.00424	0.00139	0.00359	0.00507	0.00391	0.09575
4	0.07535	0.30873	0.30019	0.01104	0.01570	0.03599	0.14015	0.04223	0.00963	0.01343	0.00731	0.00870	0.00574	0.00397	0.00373	0.00123	0.00572	0.00317	0.00208	0.00592
5	0.00593	0.00444	0.00548	0.00607	0.00670	0.00430	0.00422	0.00775	0.07520	0.01198	0.06135	0.55732	0.11941	0.06949	0.00656	0.00187	0.00272	0.04138	0.00402	0.00382
6	0.00538	0.00384	0.00514	0.00615	0.00643	0.00360	0.00417	0.00619	0.00842	0.01121	0.02400	0.81262	0.02870	0.01360	0.00558	0.00178	0.00259	0.04299	0.00405	0.00356
7	0.01523	0.02017	0.07405	0.01192	0.01466	0.70030	0.07489	0.01686	0.01195	0.01118	0.00700	0.00829	0.00569	0.00440	0.00405	0.00117	0.00772	0.00303	0.00221	0.00523
8	0.04831	0.01165	0.01085	0.00921	0.01157	0.20666	0.00735	0.24943	0.01332	0.14038	0.01107	0.03019	0.00885	0.00895	0.10565	0.00203	0.06106	0.02963	0.02798	0.00585
9	0.01418	0.00714	0.00879	0.00726	0.00982	0.00691	0.00581	0.06422	0.14934	0.40514	0.14358	0.01874	0.04504	0.00621	0.00441	0.00135	0.00326	0.00515	0.08731	0.00636
10	0.01026	0.01072	0.03681	0.01504	0.01854	0.01033	0.52112	0.10043	0.01114	0.01516	0.03685	0.05630	0.01038	0.00545	0.00567	0.00153	0.05546	0.07038	0.00274	0.00567
11	0.00984	0.19053	0.32373	0.04229	0.04154	0.04117	0.06815	0.02089	0.05683	0.01321	0.06042	0.01161	0.01518	0.00487	0.00489	0.00134	0.07455	0.01082	0.00231	0.00584
12	0.00589	0.00425	0.00568	0.00614	0.00676	0.00413	0.00447	0.00717	0.00930	0.01266	0.21749	0.38058	0.05272	0.06285	0.10653	0.00247	0.00379	0.09947	0.00394	0.00373
13	0.00536	0.00396	0.00502	0.00575	0.00627	0.00361	0.00393	0.00628	0.00895	0.01177	0.09315	0.64151	0.16282	0.01283	0.00546	0.00169	0.00244	0.01149	0.00411	0.00361
14	0.02202	0.04585	0.01277	0.14185	0.11000	0.14626	0.03699	0.15527	0.06076	0.09805	0.02854	0.01365	0.04891	0.00567	0.01923	0.00142	0.00524	0.01241	0.02918	0.00591
15	0.01099	0.00867	0.01142	0.07485	0.14885	0.00940	0.03925	0.04325	0.37630	0.08471	0.01482	0.06338	0.01173	0.00569	0.00438	0.00141	0.00397	0.00497	0.07562	0.00633
16	0.00867	0.00859	0.01574	0.66450	0.02852	0.00997	0.17833	0.01174	0.00905	0.01174	0.00798	0.01166	0.00598	0.00422	0.00453	0.00146	0.00614	0.00414	0.00199	0.00506
17	0.01351	0.04360	0.14172	0.01240	0.06652	0.32850	0.05853	0.12936	0.05164	0.03107	0.00832	0.00955	0.00650	0.00478	0.00499	0.00130	0.07572	0.00345	0.00261	0.00592
18	0.01217	0.01204	0.02738	0.00837	0.01053	0.31518	0.00654	0.03050	0.10239	0.10901	0.16713	0.01996	0.14741	0.00667	0.00448	0.00130	0.00477	0.00527	0.00367	0.00522
19	0.00584	0.00441	0.00531	0.00528	0.00632	0.00399	0.00392	0.00734	0.01068	0.01422	0.39960	0.09778	0.28850	0.07268	0.00650	0.00169	0.00242	0.05540	0.00429	0.00382
20	0.02784	0.06086	0.10584	0.07066	0.06212	0.02493	0.07534	0.16754	0.07890	0.21605	0.03939	0.01341	0.00967	0.00509	0.00435	0.00136	0.00483	0.02165	0.00365	0.00654
21	0.01167	0.01115	0.04710	0.16495	0.09072	0.09462	0.14224	0.09901	0.10875	0.07780	0.01806	0.02832	0.02964	0.00514	0.00504	0.00142	0.05097	0.00446	0.00298	0.00595
22	0.00533	0.00396	0.00498	0.00577	0.00631	0.00361	0.00397	0.00620	0.00874	0.01133	0.02834	0.64933	0.19812	0.01306	0.00549	0.00171	0.00250	0.03361	0.00405	0.00359
23	0.00663	0.00481	0.00653	0.00743	0.00839	0.00470	0.00629	0.00839	0.00982	0.01269	0.02525	0.14953	0.10201	0.01216	0.00588	0.00193	0.00365	0.61597	0.00402	0.00392
24	0.01136	0.01233	0.08200	0.03026	0.50728	0.11599	0.02622	0.04940	0.03305	0.02586	0.00942	0.05971	0.00816	0.00470	0.00435	0.00132	0.00544	0.00426	0.00246	0.00642
25	0.01039	0.01006	0.01749	0.14582	0.65587	0.01030	0.05987	0.01309	0.00977	0.01377	0.00817	0.01097	0.00673	0.00394	0.00437	0.00133	0.00540	0.00396	0.00213	0.00654
26	0.00798	0.00409	0.00420	0.00417	0.00519	0.00407	0.00313	0.01002	0.00939	0.01635	0.07415	0.01748	0.01342	0.00537	0.00321	0.00104	0.00203	0.00435	0.80630	0.00407
27	0.01006	0.01035	0.07776	0.02470	0.16181	0.11230	0.00822	0.08611	0.10427	0.02839	0.06893	0.23685	0.02893	0.01525	0.00484	0.00147	0.00440	0.00649	0.00339	0.00547
28	0.06595	0.01059	0.01382	0.14120	0.38966	0.11354	0.01050	0.05297	0.01059	0.06440	0.01147	0.01313	0.07389	0.00480	0.00425	0.00132	0.00515	0.00413	0.00264	0.00602
29	0.00552	0.00410	0.00520	0.00597	0.00660	0.00378	0.00429	0.00654	0.00898	0.01164	0.04194	0.55406	0.19587	0.01281	0.00553	0.00173	0.00265	0.11507	0.00406	0.00364
30	0.01514	0.00831	0.01001	0.00795	0.01077	0.00829	0.00646	0.27275	0.03749	0.34662	0.19393	0.01746	0.01657	0.00614	0.00452	0.00134	0.00366	0.00503	0.02096	0.00660
31	0.01016	0.06010	0.08220	0.01220	0.09196	0.05615	0.18492	0.08107	0.08118	0.03803	0.07631	0.11883	0.07489	0.00638	0.00468	0.00141	0.00487	0.00584	0.00320	0.00563
32	0.06270	0.04223	0.03094	0.15143	0.26701	0.13185	0.13634	0.07840	0.02247	0.01444	0.00851	0.01066	0.01517	0.00425	0.00426	0.00132	0.00583	0.00384	0.00239	0.00596
33	0.00768	0.00660	0.00701	0.00740	0.00849	0.07371	0.00562	0.01101	0.16380	0.01295	0.02236	0.38209	0.06935	0.01088	0.00530	0.00170	0.00348	0.19218	0.00397	0.00443
34	0.08097	0.01986	0.64917	0.01317	0.06559	0.01018	0.07378	0.01372	0.00918	0.01433	0.00778	0.00932	0.00562	0.00409	0.00411	0.00138	0.00618	0.00333	0.00196	0.00629
35	0.01201	0.06020	0.05397	0.11744	0.25177	0.07768	0.03233	0.09332	0.03769	0.11409	0.02224	0.07360	0.00944	0.00520	0.00432	0.00133	0.00500	0.00450	0.01771	0.00614
36	0.01733	0.00768	0.00986	0.00775	0.01087	0.00709	0.00634	0.08498	0.07263	0.61963	0.04723	0.01683	0.05946	0.00588	0.00446	0.00136	0.00363	0.00480	0.00514	0.00704
37	0.00565	0.00443	0.00507	0.00492	0.00616	0.00389	0.00367	0.00717	0.01098	0.01435	0.39930	0.03740	0.44561	0.02551	0.00546	0.00148	0.00218	0.00855	0.00437	0.00386
38	0.01487	0.01000	0.09017	0.05959	0.10379	0.00879	0.00866	0.14642	0.07901	0.36484	0.01470	0.03240	0.03568	0.00543	0.00441	0.00137	0.00435	0.00449	0.00416	0.00687
39	0.01594	0.04264	0.08474	0.00896	0.01230	0.11220	0.00781	0.14641	0.10554	0.36376	0.01348	0.01268	0.00923	0.00513	0.00420	0.00130	0.00460	0.00398	0.03831	0.00678

[dist]
# distance from previous block
# <min> <max>
2	9

[block]
# block no. 4 follows, 60 sequences, length 62
# corresponding to MSA columns:
# 687-730,733-750
name=unknown_E
#
# <colnr> <probs for GDERKNQSTAVLIFYWHMCP>
#	G	D	E	R	K	N	Q	S	T	A	V	L	I	F	Y	W	H	M	C	P
0	0.38759	0.00949	0.02695	0.02354	0.06429	0.04827	0.02580	0.07597	0.11996	0.08224	0.01086	0.03957	0.00893	0.00533	0.00379	0.00141	0.00407	0.05304	0.00331	0.00559
1	0.00576	0.00466	0.00570	0.07713	0.00831	0.00434	0.00451	0.00725	0.01023	0.01310	0.22837	0.13961	0.42548	0.01031	0.00517	0.00150	0.00259	0.03803	0.00405	0.00388
2	0.00958	0.00858	0.02874	0.03673	0.31646	0.00857	0.02071	0.04254	0.17401	0.02705	0.17657	0.08859	0.01710	0.00625	0.00461	0.00139	0.00397	0.00565	0.00345	0.01945
3	0.01042	0.01481	0.30574	0.03296	0.24303	0.02329	0.12373	0.07669	0.04272	0.02897	0.03775	0.01190	0.00816	0.00447	0.00443	0.00137	0.00574	0.01488	0.00249	0.00644
4	0.01027	0.01169	0.02541	0.01815	0.02255	0.01093	0.78826	0.01391	0.01027	0.01398	0.00880	0.01171	0.00661	0.00367	0.00511	0.00145	0.00727	0.00510	0.00221	0.02263
5	0.00904	0.00775	0.00904	0.00646	0.01034	0.00581	0.00517	0.01098	0.00904	0.01421	0.00775	0.00904	0.00646	0.00323	0.00323	0.00065	0.00323	0.00258	0.00258	0.87339
6	0.04566	0.01071	0.08045	0.08215	0.30254	0.01005	0.02124	0.19794	0.01220	0.09999	0.01032	0.04275	0.00829	0.03726	0.00499	0.00145	0.00489	0.00424	0.00308	0.01980
7	0.10690	0.03358	0.00806	0.01703	0.00915	0.10152	0.00547	0.09674	0.06457	0.06536	0.02229	0.15102	0.23783	0.03238	0.00506	0.00152	0.00373	0.02926	0.00370	0.00484
8	0.00537	0.00394	0.00507	0.00595	0.00640	0.00363	0.00409	0.00624	0.00864	0.01131	0.02668	0.69955	0.13371	0.01324	0.00553	0.00174	0.00256	0.04873	0.00405	0.00358
9	0.01475	0.06462	0.01247	0.00949	0.01250	0.18813	0.00767	0.34359	0.11268	0.06846	0.01042	0.01063	0.00779	0.00497	0.00431	0.00122	0.02576	0.00363	0.01887	0.07804
10	0.02467	0.13530	0.12290	0.00961	0.05003	0.01093	0.00844	0.26283	0.01270	0.02859	0.02262	0.03207	0.00773	0.00464	0.00412	0.00113	0.02849	0.00353	0.00302	0.22667
11	0.22409	0.03800	0.14258	0.01065	0.06879	0.13252	0.00903	0.23240	0.04194	0.01849	0.00823	0.00916	0.00626	0.00464	0.00418	0.00132	0.03550	0.00325	0.00293	0.00605
12	0.00557	0.00396	0.00524	0.00611	0.00641	0.00379	0.00416	0.00637	0.00820	0.01094	0.02238	0.67165	0.02649	0.10016	0.04287	0.00227	0.00320	0.06291	0.00383	0.00350
13	0.01060	0.01064	0.02838	0.10890	0.40937	0.03217	0.15564	0.02444	0.13153	0.01446	0.00965	0.01176	0.00764	0.00431	0.00467	0.00138	0.02130	0.00423	0.00251	0.00641
14	0.00531	0.00380	0.00506	0.00607	0.00633	0.00354	0.00405	0.00607	0.00835	0.01113	0.02404	0.84388	0.02885	0.01366	0.00557	0.00177	0.00253	0.01240	0.00405	0.00354
15	0.01705	0.00838	0.01095	0.00976	0.08063	0.00807	0.00724	0.08043	0.15382	0.55105	0.01602	0.01442	0.01065	0.00535	0.00439	0.00136	0.00387	0.00440	0.00487	0.00729
16	0.06843	0.17522	0.09546	0.00841	0.01225	0.04120	0.00771	0.22304	0.01226	0.06031	0.00851	0.00918	0.00654	0.00417	0.00359	0.00105	0.00446	0.00305	0.00299	0.25218
17	0.00623	0.00467	0.00701	0.00701	0.00779	0.00545	0.00545	0.00779	0.00701	0.01012	0.01168	0.01713	0.01090	0.03271	0.82944	0.00701	0.01168	0.00467	0.00234	0.00389
18	0.01029	0.01176	0.02574	0.01838	0.02279	0.01103	0.80368	0.01397	0.01029	0.01397	0.00882	0.01176	0.00662	0.00368	0.00515	0.00147	0.00735	0.00515	0.00221	0.00588
19	0.00642	0.00465	0.00628	0.00716	0.00802	0.00451	0.00588	0.00805	0.00970	0.01264	0.05473	0.24495	0.09068	0.01225	0.00581	0.00188	0.00343	0.50503	0.00406	0.00388
20	0.00592	0.00445	0.00547	0.00522	0.00636	0.00401	0.00391	0.00773	0.01174	0.01605	0.62173	0.03495	0.23754	0.00945	0.00515	0.00140	0.00210	0.00822	0.00461	0.00401
21	0.87753	0.00843	0.00641	0.00574	0.00843	0.00978	0.00472	0.01282	0.00742	0.01957	0.00607	0.00709	0.00472	0.00405	0.00270	0.00135	0.00337	0.00236	0.00270	0.00472
22	0.00534	0.00384	0.00507	0.00601	0.00632	0.00357	0.00403	0.00616	0.00854	0.01139	0.05423	0.79239	0.05011	0.01342	0.00554	0.00175	0.00250	0.01215	0.00408	0.00357
23	0.01630	0.02056	0.01238	0.01120	0.01348	0.80742	0.00842	0.03846	0.01258	0.01112	0.00684	0.00793	0.00567	0.00451	0.00394	0.00113	0.00778	0.00284	0.00230	0.00512
24	0.00758	0.00379	0.00568	0.00568	0.00568	0.00379	0.00379	0.00568	0.00568	0.00758	0.00758	0.01326	0.00758	0.01515	0.01705	0.87311	0.00379	0.00379	0.00189	0.00189
25	0.00538	0.00384	0.00511	0.00610	0.00637	0.00360	0.00411	0.00616	0.00836	0.01114	0.02381	0.80475	0.02848	0.03021	0.00591	0.00183	0.00261	0.03467	0.00402	0.00354
26	0.01505	0.00725	0.00924	0.00765	0.01030	0.00691	0.00616	0.05327	0.13433	0.47921	0.10861	0.05010	0.01605	0.02706	0.00505	0.00149	0.00352	0.04728	0.00495	0.00652
27	0.00662	0.00455	0.00582	0.00550	0.00664	0.00414	0.00413	0.00848	0.01186	0.05288	0.64983	0.07897	0.12559	0.00926	0.00513	0.00140	0.00218	0.00813	0.00470	0.00418
28	0.00628	0.00450	0.00615	0.00713	0.00784	0.00438	0.00571	0.00775	0.00935	0.01223	0.02409	0.37295	0.04945	0.01268	0.00581	0.00190	0.00336	0.45061	0.00403	0.00381
29	0.01001	0.01036	0.01299	0.03137	0.01194	0.09050	0.00933	0.01106	0.00728	0.01051	0.00612	0.00975	0.00593	0.00830	0.04718	0.00204	0.70482	0.00376	0.00196	0.00476
30	0.02859	0.01077	0.01338	0.04965	0.18373	0.10507	0.05531	0.14750	0.05780	0.21923	0.01173	0.01227	0.01992	0.00498	0.00476	0.00134	0.04211	0.00408	0.02125	0.00652
31	0.01049	0.01224	0.04056	0.01718	0.03764	0.07060	0.65099	0.01378	0.01020	0.01349	0.00908	0.04244	0.00732	0.00428	0.00539	0.00147	0.03974	0.00513	0.00226	0.00572
32	0.24174	0.05722	0.07652	0.04395	0.18152	0.23516	0.04261	0.01424	0.00971	0.02476	0.00718	0.00884	0.00579	0.00437	0.00406	0.01567	0.01571	0.00311	0.00231	0.00549
33	0.00650	0.00477	0.00622	0.00640	0.00737	0.00463	0.00496	0.00893	0.05913	0.01534	0.43859	0.18157	0.03347	0.01033	0.00539	0.00160	0.00269	0.19350	0.00446	0.00416
34	0.04854	0.01902	0.01225	0.01085	0.01330	0.67433	0.00827	0.13720	0.01342	0.01357	0.00728	0.00823	0.00586	0.00459	0.00395	0.00116	0.00723	0.00296	0.00259	0.00540
35	0.80587	0.00820	0.00651	0.00586	0.00848	0.00941	0.00483	0.01281	0.00776	0.04039	0.02633	0.00927	0.00642	0.00446	0.00291	0.00137	0.00337	0.02813	0.00286	0.00476
36	0.00522	0.00444	0.00450	0.00454	0.00599	0.00373	0.00343	0.00635	0.00994	0.01182	0.04350	0.04221	0.79201	0.01108	0.00518	0.00149	0.00227	0.03457	0.00405	0.00369
37	0.00531	0.00380	0.00506	0.00607	0.00633	0.00354	0.00405	0.00607	0.00835	0.01113	0.02404	0.84388	0.02885	0.01366	0.00557	0.00177	0.00253	0.01240	0.00405	0.00354
38	0.01957	0.00742	0.01012	0.00776	0.01113	0.00641	0.00641	0.02126	0.01248	0.82254	0.01721	0.01484	0.01080	0.00540	0.00439	0.00135	0.00371	0.00439	0.00540	0.00742
39	0.01166	0.84935	0.02285	0.00746	0.01119	0.01726	0.00746	0.01306	0.00886	0.01026	0.00606	0.00700	0.00560	0.00373	0.00280	0.00093	0.00466	0.00233	0.00187	0.00560
40	0.00875	0.02256	0.82413	0.01243	0.01888	0.01013	0.01611	0.01381	0.00921	0.01381	0.00783	0.00921	0.00552	0.00414	0.00414	0.00138	0.00645	0.00322	0.00184	0.00645
41	0.00703	0.00502	0.00703	0.00803	0.00904	0.00502	0.00703	0.00904	0.01004	0.01305	0.02309	0.04920	0.02510	0.01205	0.00602	0.00201	0.00402	0.79016	0.00402	0.00402
42	0.87753	0.00843	0.00641	0.00574	0.00843	0.00978	0.00472	0.01282	0.00742	0.01957	0.00607	0.00709	0.00472	0.00405	0.00270	0.00135	0.00337	0.00236	0.00270	0.00472
43	0.00531	0.00380	0.00506	0.00607	0.00633	0.00354	0.00405	0.00607	0.00835	0.01113	0.02404	0.84388	0.02885	0.01366	0.00557	0.00177	0.00253	0.01240	0.00405	0.00354
44	0.87753	0.00843	0.00641	0.00574	0.00843	0.00978	0.00472	0.01282	0.00742	0.01957	0.00607	0.00709	0.00472	0.00405	0.00270	0.00135	0.00337	0.00236	0.00270	0.00472
45	0.01079	0.01036	0.01770	0.02677	0.81952	0.01036	0.01339	0.01339	0.00993	0.01425	0.00820	0.01079	0.00691	0.00389	0.00432	0.00130	0.00518	0.00389	0.00216	0.00691
46	0.01085	0.00937	0.00986	0.00888	0.01134	0.01085	0.00690	0.02318	0.81164	0.01824	0.01775	0.01627	0.01331	0.00592	0.00444	0.00148	0.00345	0.00493	0.00444	0.00690
47	0.00573	0.00444	0.00521	0.00502	0.00624	0.00393	0.00376	0.00737	0.01129	0.01499	0.47838	0.03670	0.38155	0.00985	0.00515	0.00142	0.00212	0.00846	0.00447	0.00393
48	0.01029	0.01176	0.02574	0.01838	0.02279	0.01103	0.80368	0.01397	0.01029	0.01397	0.00882	0.01176	0.00662	0.00368	0.00515	0.00147	0.00735	0.00515	0.00221	0.00588
49	0.00597	0.00445	0.00555	0.00527	0.00639	0.00403	0.00396	0.00784	0.01187	0.01636	0.66354	0.03445	0.19554	0.00934	0.00515	0.00139	0.00209	0.00815	0.00465	0.00403
50	0.00515	0.00442	0.00442	0.00442	0.00589	0.00368	0.00331	0.00626	0.00994	0.01178	0.04418	0.04197	0.81775	0.01105	0.00515	0.00147	0.00221	0.00920	0.00405	0.00368
51	0.01874	0.00844	0.01071	0.00825	0.01162	0.00796	0.00680	0.17870	0.03517	0.64166	0.01587	0.01400	0.01018	0.00538	0.00438	0.00134	0.00392	0.00431	0.00516	0.00741
52	0.00634	0.00423	0.00476	0.00476	0.00476	0.00423	0.00264	0.00634	0.00634	0.00846	0.01374	0.02854	0.01586	0.84672	0.02220	0.00423	0.00423	0.00634	0.00264	0.00264
53	0.00531	0.00380	0.00506	0.00607	0.00633	0.00354	0.00405	0.00607	0.00835	0.01113	0.02404	0.84388	0.02885	0.01366	0.00557	0.00177	0.00253	0.01240	0.00405	0.00354
54	0.01706	0.00816	0.01018	0.00816	0.01130	0.00793	0.00663	0.05638	0.23041	0.56845	0.01706	0.01504	0.01133	0.00553	0.00440	0.00138	0.00369	0.00451	0.00509	0.00728
55	0.00720	0.00587	0.00856	0.00806	0.00857	0.00738	0.00638	0.00833	0.00682	0.01002	0.00980	0.01485	0.00929	0.02478	0.55234	0.07480	0.22643	0.00438	0.00219	0.00396
56	0.00531	0.00380	0.00506	0.00607	0.00633	0.00354	0.00405	0.00607	0.00835	0.01113	0.02404	0.84388	0.02885	0.01366	0.00557	0.00177	0.00253	0.01240	0.00405	0.00354
57	0.01092	0.01063	0.01762	0.03753	0.73090	0.03009	0.04025	0.02434	0.01005	0.01420	0.00816	0.01074	0.00683	0.00401	0.00457	0.00131	0.02502	0.00390	0.00218	0.00675
58	0.00886	0.02197	0.79031	0.01224	0.01851	0.01008	0.01570	0.03038	0.00951	0.01418	0.02442	0.00971	0.00629	0.00426	0.00417	0.00138	0.00632	0.00333	0.00196	0.00642
59	0.01337	0.01051	0.01117	0.07171	0.04921	0.15304	0.03730	0.04453	0.24261	0.21178	0.01574	0.03315	0.05836	0.00582	0.00445	0.00139	0.00466	0.02111	0.00387	0.00621
60	0.44835	0.05814	0.04049	0.02149	0.08952	0.12698	0.01757	0.05299	0.00936	0.03601	0.00731	0.00876	0.00583	0.01858	0.00384	0.00134	0.02085	0.00293	0.02439	0.00526
61	0.00796	0.00718	0.06080	0.03594	0.01154	0.00617	0.15462	0.00973	0.00912	0.07615	0.01884	0.40054	0.05707	0.04832	0.00623	0.00174	0.02597	0.04058	0.00346	0.01804

[dist]
# distance from previous block
# <min> <max>
1	25

[block]
# block no. 5 follows, 60 sequences, length 47
# corresponding to MSA columns:
# 776-793,795-806,815-831
name=unknown_F
#
# <colnr> <probs for GDERKNQSTAVLIFYWHMCP>
#	G	D	E	R	K	N	Q	S	T	A	V	L	I	F	Y	W	H	M	C	P
0	0.03825	0.24327	0.08506	0.11007	0.11868	0.09971	0.08201	0.03736	0.02325	0.05823	0.00946	0.04341	0.02395	0.00467	0.00395	0.00125	0.00536	0.00385	0.00245	0.00575
1	0.37233	0.00970	0.00984	0.03390	0.05158	0.09257	0.03620	0.05105	0.02604	0.10649	0.02327	0.03612	0.02360	0.00521	0.00467	0.00140	0.08585	0.00370	0.02118	0.00531
2	0.01066	0.00810	0.00934	0.00733	0.01068	0.00729	0.00585	0.01554	0.23824	0.10414	0.01204	0.01280	0.00938	0.00447	0.00377	0.00100	0.00337	0.02412	0.00346	0.50843
3	0.00980	0.01003	0.01418	0.01192	0.01229	0.03784	0.06397	0.01094	0.00710	0.01074	0.00597	0.00964	0.00578	0.00727	0.01337	0.00185	0.75662	0.00388	0.00194	0.00486
4	0.00534	0.00383	0.00507	0.00602	0.00632	0.00356	0.00403	0.00614	0.00850	0.01134	0.04792	0.80154	0.04729	0.01346	0.00554	0.00175	0.00251	0.01219	0.00407	0.00356
5	0.00548	0.00442	0.00488	0.00483	0.00613	0.00382	0.00362	0.00686	0.01058	0.01340	0.26150	0.06029	0.56429	0.01053	0.00518	0.00146	0.00221	0.02246	0.00426	0.00381
6	0.00607	0.00444	0.00556	0.00528	0.00638	0.00405	0.00396	0.00798	0.01188	0.01656	0.67287	0.03356	0.16146	0.00914	0.00508	0.00138	0.00208	0.00798	0.03026	0.00405
7	0.00658	0.00455	0.00596	0.00556	0.00666	0.00419	0.00419	0.00863	0.01235	0.04211	0.79274	0.03204	0.04022	0.00881	0.00512	0.00137	0.00211	0.00778	0.00482	0.00422
8	0.00904	0.00775	0.00904	0.00646	0.01034	0.00581	0.00517	0.01098	0.00904	0.01421	0.00775	0.00904	0.00646	0.00323	0.00323	0.00065	0.00323	0.00258	0.00258	0.87339
9	0.01719	0.01124	0.01248	0.00957	0.01304	0.01207	0.00791	0.64495	0.01887	0.18982	0.01185	0.01136	0.00811	0.00527	0.00437	0.00132	0.00458	0.00402	0.00457	0.00742
10	0.01633	0.01209	0.01295	0.00999	0.01343	0.01341	0.00823	0.77155	0.05432	0.02709	0.01078	0.01072	0.00767	0.00526	0.00437	0.00132	0.00474	0.00397	0.00437	0.00740
11	0.01085	0.00937	0.00986	0.00888	0.01134	0.01085	0.00690	0.02318	0.81164	0.01824	0.01775	0.01627	0.01331	0.00592	0.00444	0.00148	0.00345	0.00493	0.00444	0.00690
12	0.00576	0.00418	0.00554	0.00646	0.00702	0.00396	0.00479	0.00689	0.00895	0.01171	0.02556	0.55785	0.09741	0.01300	0.00565	0.00181	0.00290	0.22283	0.00404	0.00368
13	0.02726	0.43192	0.35078	0.00948	0.01421	0.02747	0.01085	0.01367	0.00917	0.04064	0.00736	0.00839	0.00585	0.00401	0.00343	0.00114	0.00534	0.00282	0.02026	0.00595
14	0.01629	0.02079	0.01236	0.01124	0.01348	0.82921	0.00843	0.01742	0.01236	0.01067	0.00674	0.00787	0.00562	0.00449	0.00393	0.00112	0.00787	0.00281	0.00225	0.00506
15	0.00758	0.00379	0.00568	0.00568	0.00568	0.00379	0.00379	0.00568	0.00568	0.00758	0.00758	0.01326	0.00758	0.01515	0.01705	0.87311	0.00379	0.00379	0.00189	0.00189
16	0.01294	0.04450	0.15992	0.06396	0.05200	0.10335	0.03026	0.16859	0.01223	0.15853	0.01171	0.02461	0.02262	0.00657	0.03014	0.03189	0.00546	0.05143	0.00326	0.00605
17	0.05875	0.03473	0.01229	0.01060	0.03648	0.43835	0.05605	0.10404	0.01247	0.08403	0.02737	0.02720	0.04231	0.00511	0.00410	0.00123	0.00610	0.00381	0.02950	0.00549
18	0.00875	0.02256	0.82413	0.01243	0.01888	0.01013	0.01611	0.01381	0.00921	0.01381	0.00783	0.00921	0.00552	0.00414	0.00414	0.00138	0.00645	0.00322	0.00184	0.00645
19	0.00574	0.00406	0.00492	0.00543	0.00573	0.00386	0.00349	0.00627	0.00777	0.01020	0.02204	0.42533	0.10405	0.33893	0.01204	0.00271	0.00320	0.02753	0.00350	0.00322
20	0.04296	0.01416	0.29909	0.07140	0.05880	0.03454	0.01092	0.14906	0.04553	0.17126	0.03518	0.01249	0.00874	0.00496	0.00428	0.00137	0.00516	0.02035	0.00326	0.00650
21	0.00895	0.00848	0.01436	0.61187	0.24887	0.00988	0.01247	0.01176	0.00906	0.01200	0.00788	0.01140	0.00612	0.00423	0.00435	0.00141	0.00564	0.00388	0.00200	0.00542
22	0.00758	0.00379	0.00568	0.00568	0.00568	0.00379	0.00379	0.00568	0.00568	0.00758	0.00758	0.01326	0.00758	0.01515	0.01705	0.87311	0.00379	0.00379	0.00189	0.00189
23	0.01071	0.00656	0.00682	0.00589	0.00766	0.00696	0.00465	0.25322	0.01262	0.01969	0.01308	0.01449	0.01003	0.00513	0.00345	0.00111	0.00288	0.00402	0.60593	0.00509
24	0.00924	0.00787	0.00915	0.00655	0.01042	0.00601	0.00525	0.03162	0.00934	0.01456	0.00782	0.00908	0.00648	0.00328	0.00326	0.00066	0.00327	0.00262	0.00263	0.85088
25	0.15018	0.02404	0.14403	0.00943	0.01305	0.06611	0.02104	0.32027	0.07103	0.09006	0.01142	0.01155	0.03872	0.00506	0.00407	0.00133	0.00480	0.00380	0.00356	0.00645
26	0.00541	0.00388	0.00508	0.00601	0.00631	0.00363	0.00404	0.00618	0.00835	0.01108	0.02419	0.74917	0.05585	0.05650	0.00642	0.00189	0.00265	0.03585	0.00398	0.00352
27	0.04032	0.00989	0.01197	0.22260	0.21707	0.14739	0.00938	0.01191	0.01022	0.01324	0.14761	0.01652	0.07715	0.00570	0.00484	0.00136	0.04021	0.00475	0.00273	0.00517
28	0.00621	0.00458	0.00578	0.00548	0.00654	0.00427	0.00408	0.00840	0.03525	0.01660	0.68603	0.04882	0.10325	0.03861	0.00573	0.00149	0.00220	0.00794	0.00464	0.00410
29	0.00841	0.00859	0.14304	0.00776	0.00998	0.00643	0.03478	0.08970	0.01148	0.05344	0.34318	0.08784	0.02460	0.10119	0.00684	0.00175	0.00371	0.04858	0.00386	0.00484
30	0.00951	0.00865	0.01497	0.04818	0.35197	0.00852	0.15403	0.02157	0.02274	0.03783	0.08979	0.06947	0.05514	0.00619	0.00484	0.00145	0.00480	0.08163	0.00296	0.00575
31	0.00623	0.00467	0.00701	0.00701	0.00779	0.00545	0.00545	0.00779	0.00701	0.01012	0.01168	0.01713	0.01090	0.03271	0.82944	0.00701	0.01168	0.00467	0.00234	0.00389
32	0.00716	0.00598	0.00867	0.00816	0.00873	0.00756	0.00651	0.00856	0.00696	0.01033	0.01012	0.01507	0.00951	0.02546	0.59488	0.00553	0.23484	0.00443	0.01742	0.00413
33	0.87753	0.00843	0.00641	0.00574	0.00843	0.00978	0.00472	0.01282	0.00742	0.01957	0.00607	0.00709	0.00472	0.00405	0.00270	0.00135	0.00337	0.00236	0.00270	0.00472
34	0.01551	0.01264	0.01291	0.01027	0.01329	0.10186	0.01995	0.57297	0.08110	0.03586	0.01036	0.01066	0.00760	0.00537	0.00509	0.00135	0.06846	0.00390	0.00394	0.00690
35	0.00996	0.00932	0.01681	0.01251	0.01607	0.00853	0.39575	0.01344	0.07201	0.06375	0.01291	0.06155	0.04669	0.00513	0.00468	0.00132	0.00524	0.04039	0.00293	0.20102
36	0.01017	0.32882	0.48582	0.01043	0.01564	0.01273	0.01248	0.01369	0.00913	0.03686	0.00741	0.00856	0.00571	0.00410	0.00385	0.00122	0.02235	0.00294	0.00196	0.00613
37	0.00909	0.11900	0.73067	0.01185	0.01798	0.01096	0.01511	0.01372	0.00917	0.01340	0.00762	0.00895	0.00553	0.00410	0.00399	0.00133	0.00624	0.00312	0.00184	0.00635
38	0.00824	0.00775	0.01308	0.83624	0.03004	0.00969	0.01211	0.01114	0.00872	0.01114	0.00775	0.01163	0.00581	0.00436	0.00436	0.00145	0.00581	0.00388	0.00194	0.00484
39	0.00916	0.00875	0.01500	0.54042	0.29500	0.00996	0.03571	0.01198	0.00917	0.01227	0.00794	0.01135	0.00621	0.00418	0.00437	0.00140	0.00565	0.00392	0.00202	0.00557
40	0.03668	0.03775	0.20194	0.10189	0.01668	0.04783	0.16489	0.05703	0.01039	0.08944	0.01263	0.04614	0.04845	0.00645	0.02988	0.00161	0.00570	0.06648	0.01252	0.00562
41	0.00629	0.00459	0.00604	0.00679	0.00760	0.00446	0.00543	0.00772	0.00924	0.01197	0.02509	0.22371	0.13623	0.07768	0.04019	0.00225	0.00375	0.41336	0.00385	0.00375
42	0.00824	0.00775	0.01308	0.83624	0.03004	0.00969	0.01211	0.01114	0.00872	0.01114	0.00775	0.01163	0.00581	0.00436	0.00436	0.00145	0.00581	0.00388	0.00194	0.00484
43	0.02881	0.00479	0.00574	0.00582	0.00688	0.00464	0.00442	0.00814	0.03408	0.02549	0.16662	0.08323	0.25140	0.13254	0.08648	0.00248	0.00379	0.13697	0.00381	0.00386
44	0.23275	0.13215	0.09192	0.16002	0.07666	0.01073	0.07249	0.02928	0.00885	0.01426	0.00843	0.01254	0.00731	0.03442	0.00487	0.00148	0.03750	0.05671	0.00237	0.00524
45	0.00705	0.00397	0.00567	0.00573	0.00589	0.00404	0.00387	0.00607	0.00621	0.00834	0.01082	0.06757	0.03157	0.11694	0.12205	0.57995	0.00475	0.00488	0.00223	0.00239
46	0.01398	0.00797	0.01032	0.22568	0.01547	0.05243	0.00764	0.05707	0.01118	0.38806	0.01511	0.04048	0.04859	0.06738	0.00576	0.00160	0.00449	0.01695	0.00393	0.00592

[dist]
# distance from previous block
# <min> <max>
0	2

[block]
# block no. 6 follows, 60 sequences, length 19
# corresponding to MSA columns:
# 834-838,843-856
name=unknown_G
#
# <colnr> <probs for GDERKNQSTAVLIFYWHMCP>
#	G	D	E	R	K	N	Q	S	T	A	V	L	I	F	Y	W	H	M	C	P
0	0.38807	0.09166	0.18190	0.08996	0.03386	0.08447	0.00883	0.01345	0.02389	0.01544	0.00693	0.00838	0.00541	0.00424	0.00368	0.00132	0.02802	0.00286	0.00232	0.00531
1	0.44288	0.14302	0.06623	0.01022	0.14266	0.04261	0.00759	0.01287	0.00856	0.01599	0.00821	0.01078	0.02190	0.00456	0.00335	0.00131	0.00427	0.04521	0.00250	0.00529
2	0.00581	0.00419	0.00517	0.00563	0.00598	0.00409	0.00374	0.00643	0.00784	0.01033	0.02219	0.40244	0.11871	0.29275	0.04213	0.00276	0.01908	0.03395	0.00347	0.00331
3	0.10082	0.31836	0.05026	0.01143	0.13793	0.05851	0.03786	0.08419	0.07217	0.06147	0.02365	0.00986	0.00747	0.00434	0.00363	0.00119	0.00478	0.00331	0.00271	0.00607
4	0.15474	0.48442	0.07859	0.00865	0.02828	0.07320	0.02404	0.08060	0.00994	0.01371	0.00672	0.00771	0.00565	0.00400	0.00318	0.00110	0.00489	0.00266	0.00225	0.00566
5	0.00666	0.00506	0.00608	0.00594	0.00699	0.00508	0.00439	0.00937	0.10954	0.01382	0.28927	0.05361	0.15932	0.16156	0.08704	0.00251	0.00372	0.06204	0.00393	0.00408
6	0.01145	0.78970	0.08066	0.00782	0.01175	0.01674	0.00809	0.01311	0.00889	0.01052	0.00619	0.00716	0.00559	0.00376	0.00290	0.00097	0.00479	0.00240	0.00186	0.00566
7	0.00601	0.00445	0.00560	0.00531	0.00641	0.00404	0.00398	0.00791	0.01195	0.01655	0.69022	0.03412	0.16874	0.00927	0.00515	0.00139	0.00208	0.00810	0.00468	0.00404
8	0.00556	0.00431	0.00508	0.00526	0.00630	0.00383	0.00386	0.00690	0.01028	0.01336	0.26694	0.22826	0.37298	0.01107	0.00528	0.00153	0.00231	0.03882	0.00427	0.00379
9	0.00535	0.00391	0.00503	0.00583	0.00628	0.00359	0.00396	0.00623	0.00879	0.01160	0.07518	0.69473	0.12738	0.01305	0.00549	0.00171	0.00246	0.01173	0.00409	0.00359
10	0.01126	0.00957	0.01009	0.00896	0.01150	0.01104	0.00700	0.07957	0.75456	0.01891	0.01723	0.01585	0.01289	0.00587	0.00443	0.00147	0.00355	0.00486	0.00443	0.00694
11	0.01085	0.00937	0.00986	0.00888	0.01134	0.01085	0.00690	0.02318	0.81164	0.01824	0.01775	0.01627	0.01331	0.00592	0.00444	0.00148	0.00345	0.00493	0.00444	0.00690
12	0.00623	0.00467	0.00701	0.00701	0.00779	0.00545	0.00545	0.00779	0.00701	0.01012	0.01168	0.01713	0.01090	0.03271	0.82944	0.00701	0.01168	0.00467	0.00234	0.00389
13	0.01346	0.01425	0.01207	0.01054	0.01250	0.33062	0.00829	0.12500	0.20854	0.01479	0.00973	0.01067	0.00778	0.00566	0.00648	0.00142	0.19573	0.00371	0.00300	0.00577
14	0.00622	0.00444	0.00555	0.00614	0.00706	0.00418	0.00483	0.00771	0.00964	0.01286	0.07472	0.24441	0.20975	0.01133	0.00535	0.00168	0.00290	0.28473	0.09267	0.00383
15	0.00642	0.00465	0.00571	0.00551	0.00673	0.00425	0.00420	0.00838	0.02850	0.03966	0.49161	0.06073	0.25122	0.00967	0.00518	0.00145	0.00231	0.05515	0.00453	0.00413
16	0.31821	0.01044	0.00972	0.00800	0.01092	0.07225	0.00650	0.29559	0.06210	0.10861	0.01001	0.01020	0.00725	0.00481	0.00369	0.00131	0.00419	0.00341	0.04668	0.00610
17	0.04074	0.01352	0.01248	0.00999	0.01317	0.18280	0.00806	0.54889	0.04100	0.07119	0.01019	0.01026	0.00734	0.00508	0.00423	0.00128	0.00529	0.00371	0.00394	0.00684
18	0.01304	0.01147	0.01043	0.00898	0.01147	0.15761	0.00704	0.24891	0.31857	0.01917	0.01336	0.03293	0.01032	0.00555	0.00418	0.00132	0.00444	0.00433	0.11060	0.00629

[dist]
# distance from previous block
# <min> <max>
0	1

