[name]
unknown

[dist]
# distance from previous block
# <min> <max>
0	259

[block]
# block no. 0 follows, 59 sequences, length 62
# corresponding to MSA columns:
# 345-359,390-408,412-417,443-464
name=unknown_A
#
# <colnr> <probs for GDERKNQSTAVLIFYWHMCP>
#	G	D	E	R	K	N	Q	S	T	A	V	L	I	F	Y	W	H	M	C	P
0	0.06548	0.08373	0.37882	0.01151	0.04296	0.01042	0.07218	0.06194	0.05133	0.03262	0.02127	0.01331	0.00842	0.00501	0.00441	0.00139	0.01984	0.06449	0.00258	0.04828
1	0.05614	0.01162	0.05556	0.01938	0.42996	0.08044	0.07541	0.05020	0.01059	0.05361	0.02285	0.01197	0.00790	0.00463	0.00491	0.00136	0.05100	0.02473	0.00256	0.02518
2	0.01075	0.00973	0.01622	0.08222	0.52109	0.00965	0.07197	0.03096	0.02401	0.04732	0.00972	0.05519	0.00831	0.00455	0.00442	0.00131	0.00505	0.00442	0.00254	0.08056
3	0.00948	0.01068	0.13427	0.01012	0.06136	0.00752	0.09624	0.01213	0.00947	0.02743	0.02623	0.01024	0.00729	0.00375	0.00396	0.00095	0.01968	0.00326	0.00252	0.54343
4	0.00642	0.00430	0.00492	0.00492	0.00495	0.00434	0.00280	0.00649	0.00645	0.00864	0.01382	0.02839	0.01583	0.80850	0.05846	0.00441	0.00462	0.00635	0.00266	0.00273
5	0.00966	0.01410	0.27194	0.13258	0.07375	0.02192	0.25735	0.01325	0.00956	0.02947	0.00918	0.01163	0.02052	0.00500	0.02019	0.00156	0.06158	0.00422	0.02666	0.00587
6	0.00846	0.00797	0.01346	0.79809	0.06559	0.00984	0.01232	0.01139	0.00889	0.01143	0.00787	0.01174	0.00594	0.00439	0.00441	0.00146	0.00586	0.00393	0.00197	0.00500
7	0.00538	0.00384	0.00512	0.00615	0.00641	0.00359	0.00410	0.00615	0.00846	0.01127	0.02434	0.84190	0.02921	0.01384	0.00564	0.00179	0.00256	0.01256	0.00410	0.00359
8	0.00916	0.00785	0.00916	0.00654	0.01047	0.00589	0.00523	0.01112	0.00916	0.01439	0.00785	0.00916	0.00654	0.00327	0.00327	0.00065	0.00327	0.00262	0.00262	0.87178
9	0.06602	0.05750	0.02862	0.04534	0.31376	0.03516	0.02174	0.05772	0.25622	0.01611	0.01183	0.05082	0.00973	0.00514	0.00428	0.00138	0.00458	0.00445	0.00311	0.00649
10	0.01346	0.15206	0.01260	0.00903	0.01147	0.31658	0.00723	0.08881	0.11477	0.04989	0.02260	0.01150	0.00863	0.01816	0.04220	0.00150	0.01725	0.00358	0.09311	0.00557
11	0.00645	0.00457	0.00592	0.00555	0.00666	0.00419	0.00418	0.00849	0.01241	0.03185	0.76935	0.03306	0.07254	0.00905	0.00520	0.00139	0.00212	0.00798	0.00484	0.00421
12	0.02660	0.00735	0.01149	0.15909	0.15214	0.00760	0.08344	0.01163	0.07774	0.02608	0.27185	0.06677	0.06624	0.00681	0.00483	0.00144	0.00402	0.00621	0.00348	0.00519
13	0.00916	0.00785	0.00916	0.00654	0.01047	0.00589	0.00523	0.01112	0.00916	0.01439	0.00785	0.00916	0.00654	0.00327	0.00327	0.00065	0.00327	0.00262	0.00262	0.87178
14	0.00893	0.00814	0.04246	0.03848	0.18537	0.02416	0.00781	0.07640	0.10001	0.01479	0.07755	0.09742	0.10175	0.01171	0.15177	0.00244	0.00538	0.00588	0.03418	0.00536
15	0.01009	0.01040	0.01328	0.01147	0.01165	0.07463	0.00947	0.01107	0.00723	0.01066	0.00625	0.02615	0.00626	0.00761	0.01353	0.00187	0.75760	0.00396	0.00200	0.00483
16	0.00631	0.00473	0.00710	0.00710	0.00789	0.00552	0.00552	0.00789	0.00710	0.01025	0.01183	0.01735	0.01104	0.03312	0.82728	0.00710	0.01183	0.00473	0.00237	0.00394
17	0.01102	0.30612	0.26966	0.04816	0.04940	0.08522	0.04267	0.04063	0.02613	0.02270	0.04447	0.01005	0.00768	0.00441	0.00394	0.00123	0.01495	0.00334	0.00226	0.00595
18	0.00550	0.00420	0.00508	0.00573	0.00643	0.00385	0.00397	0.00673	0.03324	0.01169	0.03025	0.57778	0.26386	0.01281	0.00548	0.00169	0.00249	0.01136	0.00411	0.00373
19	0.01006	0.01137	0.18576	0.02329	0.02414	0.00943	0.03728	0.15814	0.09963	0.02985	0.05335	0.06645	0.01216	0.09391	0.07416	0.00224	0.08139	0.01858	0.00317	0.00563
20	0.00540	0.00392	0.00505	0.00595	0.00631	0.00362	0.00398	0.00618	0.00854	0.01125	0.02595	0.74036	0.10335	0.03989	0.00613	0.00184	0.00259	0.01205	0.00405	0.00357
21	0.00989	0.00964	0.05234	0.03083	0.29238	0.00924	0.09191	0.06178	0.15077	0.01635	0.16972	0.01785	0.05626	0.00574	0.00468	0.00140	0.00445	0.00529	0.00333	0.00614
22	0.00904	0.00762	0.00888	0.00644	0.01017	0.00577	0.00512	0.01099	0.00915	0.01441	0.00845	0.02647	0.00720	0.00356	0.00331	0.00069	0.00321	0.00288	0.03712	0.81953
23	0.01405	0.38909	0.01715	0.00958	0.01245	0.43281	0.00805	0.01532	0.01071	0.01061	0.00661	0.00781	0.00580	0.00490	0.02206	0.00120	0.02165	0.00269	0.00210	0.00533
24	0.00548	0.00396	0.00514	0.00604	0.00642	0.00369	0.00410	0.00629	0.00857	0.01130	0.02552	0.71440	0.09128	0.04647	0.00629	0.00188	0.00266	0.04288	0.00404	0.00358
25	0.02098	0.10248	0.20478	0.01577	0.23094	0.02351	0.12069	0.03796	0.11644	0.04888	0.02892	0.01162	0.00831	0.00446	0.00430	0.00134	0.00543	0.00401	0.00267	0.00652
26	0.01365	0.01168	0.04932	0.01192	0.11887	0.11009	0.02085	0.13044	0.30583	0.14405	0.01372	0.02830	0.01025	0.00539	0.00441	0.00139	0.00469	0.00442	0.00390	0.00682
27	0.00640	0.00423	0.00482	0.00492	0.00499	0.00421	0.00284	0.00657	0.00675	0.00919	0.01498	0.10937	0.01716	0.72443	0.01993	0.00389	0.00401	0.00693	0.04156	0.00283
28	0.01053	0.02159	0.00980	0.00907	0.05349	0.00943	0.00670	0.09006	0.45780	0.04239	0.16560	0.02023	0.07084	0.00667	0.00463	0.00144	0.00340	0.00563	0.00439	0.00630
29	0.00642	0.00431	0.00497	0.00497	0.00502	0.00436	0.00286	0.00652	0.00647	0.00868	0.01378	0.02814	0.01572	0.79092	0.07588	0.00447	0.00478	0.00631	0.00266	0.00276
30	0.01091	0.16443	0.27111	0.02716	0.11140	0.05385	0.02129	0.06459	0.12244	0.03410	0.06849	0.01207	0.00979	0.00481	0.00412	0.00130	0.00520	0.00386	0.00277	0.00630
31	0.87598	0.00854	0.00649	0.00581	0.00854	0.00991	0.00478	0.01298	0.00752	0.01982	0.00615	0.00717	0.00478	0.00410	0.00273	0.00137	0.00342	0.00239	0.00273	0.00478
32	0.01142	0.04074	0.04354	0.04327	0.41794	0.06900	0.03808	0.06361	0.16628	0.01561	0.02496	0.01215	0.00877	0.00459	0.00433	0.00133	0.00508	0.00411	0.01857	0.00663
33	0.00945	0.01344	0.29332	0.01055	0.01437	0.00939	0.09116	0.05902	0.23024	0.01671	0.17512	0.03026	0.01570	0.00584	0.00462	0.00144	0.00473	0.00509	0.00341	0.00612
34	0.02921	0.07013	0.02253	0.09250	0.11004	0.11554	0.00855	0.18586	0.13203	0.08209	0.07238	0.01398	0.03524	0.00539	0.00431	0.00133	0.00481	0.00432	0.00351	0.00625
35	0.00615	0.00473	0.00566	0.00539	0.00663	0.00434	0.00405	0.00842	0.04794	0.01600	0.54601	0.03512	0.27419	0.00954	0.00518	0.00142	0.00219	0.00825	0.00462	0.00416
36	0.01081	0.10425	0.08416	0.04778	0.16782	0.01213	0.14905	0.08347	0.08092	0.01445	0.00879	0.01096	0.00713	0.00576	0.02847	0.00161	0.16985	0.00403	0.00248	0.00608
37	0.00560	0.00432	0.00508	0.00524	0.00624	0.00384	0.00378	0.00689	0.01030	0.01341	0.26887	0.24637	0.36279	0.02986	0.00571	0.00160	0.00232	0.00970	0.00430	0.00380
38	0.01139	0.13045	0.21781	0.04667	0.18110	0.10106	0.09312	0.08977	0.02316	0.01451	0.00884	0.01160	0.00722	0.00457	0.00424	0.00132	0.00593	0.03861	0.00240	0.00622
39	0.00593	0.00450	0.00543	0.00520	0.00637	0.00403	0.00388	0.00767	0.01162	0.01572	0.55736	0.03591	0.28485	0.02539	0.00554	0.00148	0.00217	0.00838	0.00458	0.00400
40	0.01025	0.02647	0.07747	0.01290	0.20855	0.12909	0.00860	0.06591	0.01114	0.02977	0.16510	0.13433	0.01691	0.02906	0.00538	0.00146	0.03046	0.00578	0.02593	0.00541
41	0.01141	0.03743	0.27198	0.02698	0.19139	0.07920	0.07998	0.12641	0.07064	0.01597	0.02128	0.01084	0.00742	0.00457	0.00458	0.00136	0.02558	0.00384	0.00261	0.00652
42	0.01280	0.03669	0.07528	0.00830	0.01208	0.00891	0.00725	0.19000	0.09071	0.14950	0.02123	0.01141	0.00850	0.00451	0.00392	0.00108	0.00401	0.00356	0.00361	0.34664
43	0.01103	0.00929	0.00986	0.00885	0.01133	0.01067	0.00689	0.02295	0.76677	0.03582	0.04320	0.01697	0.01432	0.00608	0.00452	0.00149	0.00346	0.00508	0.00453	0.00691
44	0.01299	0.33553	0.02890	0.04486	0.14183	0.21991	0.00907	0.08561	0.04381	0.01325	0.02164	0.00929	0.00700	0.00435	0.00370	0.00114	0.00562	0.00316	0.00242	0.00592
45	0.01099	0.01148	0.11515	0.09779	0.18457	0.01053	0.09964	0.10749	0.21696	0.03488	0.05625	0.01364	0.01043	0.00500	0.00453	0.00141	0.00501	0.00451	0.00320	0.00652
46	0.00541	0.00448	0.00474	0.00467	0.00608	0.00381	0.00350	0.00671	0.01051	0.01299	0.18630	0.04076	0.67321	0.01079	0.00522	0.00147	0.00221	0.00908	0.00424	0.00381
47	0.00752	0.00605	0.00750	0.00778	0.06543	0.00610	0.00539	0.01185	0.19403	0.01674	0.45651	0.06149	0.11933	0.00841	0.00500	0.00144	0.00267	0.00735	0.00447	0.00494
48	0.00558	0.00398	0.00522	0.00609	0.00642	0.00374	0.00413	0.00641	0.00858	0.01144	0.05537	0.69270	0.04460	0.07588	0.00690	0.00197	0.00274	0.05065	0.00402	0.00357
49	0.01591	0.02007	0.01260	0.01140	0.01348	0.75732	0.00863	0.01704	0.01202	0.01079	0.00674	0.00811	0.00570	0.00482	0.00488	0.00121	0.07900	0.00293	0.00225	0.00510
50	0.01677	0.00927	0.01076	0.00838	0.01151	0.00947	0.00688	0.37945	0.01590	0.34058	0.01385	0.01320	0.00941	0.00534	0.00424	0.00130	0.00402	0.00418	0.12845	0.00703
51	0.00625	0.00473	0.00561	0.00616	0.00682	0.02890	0.00428	0.00753	0.02735	0.02941	0.13565	0.58728	0.10894	0.01227	0.00543	0.00167	0.00267	0.01096	0.00419	0.00389
52	0.04556	0.64106	0.19007	0.00854	0.01286	0.01566	0.00929	0.01338	0.00899	0.01152	0.00652	0.00756	0.00562	0.00388	0.00312	0.00106	0.00505	0.00255	0.00192	0.00581
53	0.00532	0.00409	0.00487	0.00550	0.00623	0.00364	0.00381	0.00622	0.00908	0.01153	0.03228	0.53094	0.33505	0.01281	0.00547	0.00168	0.00244	0.01130	0.00410	0.00364
54	0.01101	0.19150	0.21357	0.01246	0.13475	0.10418	0.02483	0.03186	0.10543	0.02632	0.03814	0.03389	0.03293	0.00503	0.00421	0.00129	0.01590	0.00400	0.00263	0.00607
55	0.00531	0.00434	0.00466	0.00487	0.00606	0.00372	0.00353	0.00637	0.00975	0.01194	0.06683	0.20763	0.61167	0.02608	0.00560	0.00160	0.00233	0.00990	0.00410	0.00370
56	0.03413	0.08974	0.07320	0.05071	0.34628	0.05879	0.04336	0.10901	0.08562	0.01580	0.02697	0.02922	0.00848	0.00467	0.00425	0.00132	0.00518	0.00407	0.00273	0.00647
57	0.01356	0.09945	0.08305	0.02286	0.10473	0.14735	0.00933	0.27870	0.08632	0.03245	0.02420	0.02726	0.00874	0.00524	0.00442	0.00131	0.02041	0.02089	0.00327	0.00645
58	0.01159	0.00613	0.00788	0.00667	0.00869	0.00571	0.00526	0.06578	0.02902	0.28506	0.46544	0.02489	0.02805	0.00746	0.00485	0.00137	0.00285	0.00641	0.02133	0.00556
59	0.03561	0.02282	0.15933	0.02802	0.07383	0.02366	0.03631	0.08705	0.17985	0.05282	0.14094	0.01804	0.07565	0.02059	0.00496	0.00146	0.01521	0.00511	0.01279	0.00595
60	0.00591	0.00422	0.00545	0.00579	0.00626	0.00412	0.00395	0.00689	0.00870	0.01186	0.18345	0.35711	0.05133	0.20614	0.11547	0.00296	0.00404	0.00910	0.00371	0.00355
61	0.02833	0.03756	0.12853	0.06977	0.13783	0.12952	0.08701	0.05607	0.06981	0.02743	0.06255	0.04235	0.01012	0.00614	0.02954	0.00157	0.06292	0.00441	0.00272	0.00581

[dist]
# distance from previous block
# <min> <max>
6	13

[block]
# block no. 1 follows, 59 sequences, length 23
# corresponding to MSA columns:
# 506-528
name=unknown_B
#
# <colnr> <probs for GDERKNQSTAVLIFYWHMCP>
#	G	D	E	R	K	N	Q	S	T	A	V	L	I	F	Y	W	H	M	C	P
0	0.05862	0.09244	0.14415	0.04323	0.24874	0.13486	0.08454	0.08970	0.01117	0.04012	0.00825	0.00988	0.00644	0.00424	0.00414	0.00129	0.00586	0.00357	0.00246	0.00629
1	0.00628	0.00508	0.00585	0.03147	0.00758	0.00484	0.00436	0.00896	0.09886	0.01428	0.26773	0.12316	0.38520	0.01005	0.00516	0.00149	0.00248	0.00863	0.00430	0.00424
2	0.01149	0.10298	0.16369	0.06885	0.04834	0.13099	0.07654	0.13519	0.07911	0.01571	0.07982	0.01358	0.04425	0.00520	0.00432	0.00132	0.00545	0.00426	0.00294	0.00595
3	0.00660	0.03550	0.00697	0.00703	0.03392	0.00533	0.00496	0.00856	0.05978	0.01248	0.12029	0.33596	0.07537	0.06292	0.15641	0.00277	0.00455	0.03822	0.01829	0.00411
4	0.01378	0.05077	0.03511	0.00883	0.01174	0.04185	0.01782	0.49926	0.01638	0.02226	0.01242	0.04201	0.03481	0.03618	0.00485	0.00139	0.00444	0.00443	0.13533	0.00633
5	0.02295	0.05560	0.10980	0.00865	0.01207	0.04685	0.01758	0.06280	0.18780	0.20937	0.07046	0.01466	0.03173	0.00534	0.00422	0.00127	0.00417	0.00431	0.00387	0.12652
6	0.03102	0.08727	0.39558	0.01040	0.01513	0.01012	0.03111	0.09583	0.03137	0.12496	0.02300	0.01943	0.00790	0.00616	0.04826	0.00163	0.00571	0.00371	0.00285	0.04857
7	0.01223	0.27868	0.23610	0.01078	0.02599	0.17241	0.05574	0.06049	0.04568	0.03793	0.00835	0.02179	0.00670	0.00443	0.00384	0.00121	0.00590	0.00331	0.00239	0.00602
8	0.00884	0.02227	0.79110	0.04388	0.01955	0.01024	0.01616	0.01388	0.00931	0.01388	0.00792	0.00942	0.00561	0.00420	0.00420	0.00140	0.00650	0.00329	0.00187	0.00647
9	0.01046	0.00890	0.00992	0.04234	0.04099	0.01008	0.00708	0.06213	0.59409	0.01801	0.07368	0.03586	0.05414	0.00645	0.00459	0.00148	0.00355	0.00544	0.00430	0.00651
10	0.01383	0.00625	0.00824	0.00692	0.00927	0.00553	0.00547	0.03116	0.01194	0.46520	0.16877	0.14077	0.09166	0.00785	0.00483	0.00144	0.00316	0.00671	0.00501	0.00598
11	0.01091	0.00998	0.04943	0.03406	0.01176	0.05684	0.00722	0.05924	0.50161	0.03796	0.07728	0.01758	0.03856	0.00614	0.00446	0.00143	0.00383	0.01383	0.05156	0.00633
12	0.00556	0.00408	0.00499	0.00556	0.00608	0.00376	0.00373	0.00636	0.00871	0.01137	0.07283	0.50382	0.19099	0.14111	0.00812	0.00209	0.00273	0.01067	0.00392	0.00351
13	0.02163	0.07985	0.07118	0.00925	0.08196	0.04900	0.00702	0.04273	0.11597	0.01526	0.23603	0.13423	0.04739	0.00834	0.03132	0.00159	0.01306	0.00634	0.02265	0.00519
14	0.00632	0.00426	0.00490	0.00497	0.00505	0.00422	0.00288	0.00650	0.00692	0.00929	0.05776	0.09848	0.01855	0.72908	0.02012	0.00391	0.00402	0.00703	0.00291	0.00283
15	0.08429	0.15672	0.19733	0.00891	0.01297	0.06381	0.02065	0.07129	0.03793	0.06646	0.00966	0.02681	0.02433	0.00449	0.00373	0.00114	0.00476	0.00340	0.00274	0.19858
16	0.01122	0.06088	0.25869	0.03816	0.24238	0.03907	0.06606	0.10106	0.03795	0.04730	0.02955	0.01150	0.00792	0.02351	0.00472	0.00141	0.00560	0.00391	0.00261	0.00650
17	0.05744	0.07315	0.16058	0.01131	0.09932	0.05224	0.05341	0.07870	0.07830	0.05746	0.03182	0.05149	0.02070	0.00497	0.00409	0.00124	0.00476	0.00413	0.00295	0.15193
18	0.00538	0.00398	0.00503	0.00583	0.00633	0.00363	0.00397	0.00626	0.00888	0.01160	0.05409	0.67154	0.17093	0.01320	0.00555	0.00173	0.00249	0.01182	0.00413	0.00363
19	0.02601	0.00945	0.06194	0.02105	0.04314	0.00757	0.10402	0.02835	0.05587	0.11709	0.01010	0.02503	0.00784	0.00409	0.00389	0.00102	0.00419	0.00360	0.00303	0.46270
20	0.01109	0.00810	0.07596	0.00858	0.05543	0.00641	0.02679	0.04906	0.01151	0.22466	0.20024	0.07158	0.09195	0.00688	0.00462	0.00132	0.00355	0.01577	0.00411	0.12239
21	0.66946	0.03911	0.04239	0.00673	0.00966	0.04999	0.00578	0.01435	0.05793	0.05968	0.00757	0.00828	0.00575	0.00430	0.00306	0.00135	0.00384	0.00272	0.00289	0.00518
22	0.03370	0.07421	0.11934	0.06089	0.12916	0.04791	0.04681	0.15587	0.08928	0.08740	0.02033	0.05771	0.03604	0.00553	0.00437	0.00138	0.00493	0.01559	0.00326	0.00630

[dist]
# distance from previous block
# <min> <max>
0	2

[block]
# block no. 2 follows, 59 sequences, length 26
# corresponding to MSA columns:
# 531-535,540-560
name=unknown_C
#
# <colnr> <probs for GDERKNQSTAVLIFYWHMCP>
#	G	D	E	R	K	N	Q	S	T	A	V	L	I	F	Y	W	H	M	C	P
0	0.39938	0.00745	0.00798	0.00689	0.00928	0.00807	0.00561	0.01424	0.00904	0.24897	0.03599	0.01229	0.00895	0.01028	0.15941	0.00247	0.04115	0.00367	0.00349	0.00540
1	0.00963	0.03029	0.01001	0.03861	0.03776	0.04757	0.03680	0.07969	0.24833	0.01562	0.10907	0.02905	0.05426	0.05546	0.13534	0.00246	0.01533	0.00532	0.03397	0.00542
2	0.00542	0.00391	0.00514	0.00611	0.00645	0.00363	0.00414	0.00624	0.00858	0.01136	0.02537	0.78048	0.06970	0.01366	0.00563	0.00178	0.00258	0.03211	0.00410	0.00361
3	0.02583	0.08002	0.10723	0.05584	0.04358	0.10680	0.00890	0.16408	0.07509	0.02513	0.01198	0.02966	0.05429	0.01648	0.04950	0.00174	0.09587	0.02068	0.02158	0.00574
4	0.00663	0.00449	0.00543	0.00576	0.00652	0.00426	0.00414	0.01934	0.00913	0.03156	0.06583	0.27613	0.16105	0.18066	0.00876	0.00217	0.00306	0.11983	0.08151	0.00373
5	0.01078	0.11597	0.30884	0.01308	0.15853	0.01081	0.01147	0.10824	0.04229	0.04817	0.07248	0.01277	0.02957	0.00498	0.00440	0.00133	0.02133	0.00402	0.01456	0.00636
6	0.00642	0.00428	0.00482	0.00482	0.00482	0.00428	0.00268	0.00642	0.00642	0.00856	0.01392	0.02890	0.01606	0.84478	0.02248	0.00428	0.00428	0.00642	0.00268	0.00268
7	0.01070	0.06378	0.09675	0.01373	0.21764	0.07303	0.02859	0.05181	0.16376	0.03425	0.12707	0.03101	0.03385	0.00574	0.00464	0.00137	0.01972	0.01323	0.00325	0.00611
8	0.84967	0.00851	0.00661	0.00587	0.00863	0.00980	0.00484	0.01325	0.00767	0.04442	0.00650	0.00742	0.00497	0.00414	0.00279	0.00137	0.00343	0.00245	0.00282	0.00487
9	0.00866	0.03099	0.58445	0.01185	0.01702	0.02400	0.07560	0.01282	0.00946	0.01364	0.04049	0.08570	0.03477	0.00551	0.00470	0.00145	0.02606	0.00461	0.00228	0.00597
10	0.00531	0.00421	0.00478	0.00521	0.00617	0.00368	0.00369	0.00630	0.00943	0.01177	0.05212	0.38169	0.46554	0.01227	0.00540	0.00162	0.00237	0.01067	0.00412	0.00368
11	0.01575	0.09375	0.01334	0.01085	0.01332	0.67448	0.00835	0.04673	0.06146	0.01187	0.00759	0.00851	0.00623	0.00460	0.00393	0.00115	0.00729	0.00298	0.00246	0.00537
12	0.01172	0.77010	0.07781	0.00800	0.01193	0.03719	0.00818	0.01339	0.00909	0.01065	0.00628	0.00726	0.00566	0.00383	0.00296	0.00098	0.00493	0.00244	0.00190	0.00571
13	0.01128	0.01191	0.05216	0.04241	0.69407	0.08333	0.01320	0.01389	0.01022	0.01402	0.00815	0.01061	0.00679	0.00401	0.00433	0.00130	0.00556	0.00381	0.00218	0.00676
14	0.00686	0.00487	0.00668	0.00761	0.00845	0.00484	0.00638	0.00856	0.00964	0.01258	0.02265	0.13831	0.02502	0.08668	0.00751	0.00221	0.00391	0.62940	0.00395	0.00389
15	0.01102	0.01088	0.01668	0.11681	0.63781	0.06659	0.01278	0.01401	0.04470	0.01400	0.00857	0.01106	0.00706	0.00412	0.00436	0.00133	0.00543	0.00390	0.00227	0.00663
16	0.87598	0.00854	0.00649	0.00581	0.00854	0.00991	0.00478	0.01298	0.00752	0.01982	0.00615	0.00717	0.00478	0.00410	0.00273	0.00137	0.00342	0.00239	0.00273	0.00478
17	0.00607	0.00413	0.00492	0.00527	0.00535	0.00405	0.00316	0.00633	0.00711	0.00948	0.01742	0.30237	0.02048	0.56527	0.01681	0.00344	0.00370	0.00849	0.00316	0.00298
18	0.00631	0.00473	0.00710	0.00710	0.00789	0.00552	0.00552	0.00789	0.00710	0.01025	0.01183	0.01735	0.01104	0.03312	0.82728	0.00710	0.01183	0.00473	0.00237	0.00394
19	0.00853	0.00821	0.01439	0.76140	0.02976	0.00993	0.08266	0.01154	0.00897	0.01154	0.00795	0.01179	0.00596	0.00435	0.00449	0.00147	0.00603	0.00404	0.00199	0.00500
20	0.01706	0.01194	0.01299	0.00996	0.01348	0.01305	0.00822	0.73282	0.02004	0.09854	0.01121	0.01100	0.00782	0.00532	0.00442	0.00133	0.00476	0.00402	0.00451	0.00751
21	0.01135	0.01140	0.01785	0.02548	0.71846	0.07580	0.04740	0.01391	0.01027	0.01413	0.00822	0.01074	0.00688	0.00398	0.00438	0.00131	0.00556	0.00390	0.00220	0.00680
22	0.00646	0.00488	0.00711	0.00703	0.00783	0.00568	0.00548	0.00802	0.00730	0.01059	0.01312	0.01811	0.04537	0.03013	0.72913	0.00642	0.04158	0.00487	0.03690	0.00397
23	0.00879	0.00679	0.00802	0.02168	0.00915	0.00717	0.02434	0.07577	0.22313	0.04028	0.15275	0.08095	0.14663	0.12500	0.02209	0.00197	0.01762	0.00675	0.01609	0.00503
24	0.17721	0.02986	0.02638	0.07978	0.01360	0.15810	0.00781	0.24622	0.14869	0.03937	0.01019	0.01093	0.00771	0.02029	0.00433	0.00139	0.00499	0.00365	0.00341	0.00611
25	0.02446	0.02299	0.20010	0.00871	0.01235	0.03347	0.05557	0.04783	0.02806	0.06249	0.04478	0.04107	0.06839	0.00594	0.02461	0.00133	0.00451	0.00437	0.08818	0.22079

[dist]
# distance from previous block
# <min> <max>
2	46

[block]
# block no. 3 follows, 59 sequences, length 38
# corresponding to MSA columns:
# 607-644
name=unknown_D
#
# <colnr> <probs for GDERKNQSTAVLIFYWHMCP>
#	G	D	E	R	K	N	Q	S	T	A	V	L	I	F	Y	W	H	M	C	P
0	0.00975	0.07396	0.35847	0.01242	0.08227	0.05470	0.08663	0.03005	0.07883	0.01462	0.09739	0.01382	0.03849	0.00504	0.00435	0.00135	0.00546	0.00429	0.00265	0.02547
1	0.01015	0.02849	0.16762	0.28657	0.09775	0.00998	0.05385	0.09415	0.06704	0.04176	0.01076	0.04011	0.02207	0.00498	0.00438	0.00141	0.00531	0.00433	0.04341	0.00589
2	0.00746	0.00583	0.00803	0.00747	0.00843	0.00671	0.00582	0.05172	0.00818	0.01177	0.06215	0.01738	0.01223	0.08274	0.51606	0.02464	0.10635	0.00479	0.00261	0.04961
3	0.06323	0.00757	0.00952	0.00749	0.01052	0.00705	0.00613	0.09925	0.01285	0.57398	0.05763	0.01525	0.01191	0.00553	0.00425	0.00133	0.00359	0.00444	0.09163	0.00685
4	0.13702	0.00758	0.00961	0.00751	0.01075	0.00691	0.00617	0.02000	0.01179	0.69177	0.01580	0.01427	0.01021	0.02457	0.00462	0.00143	0.00372	0.00421	0.00503	0.00703
5	0.00622	0.00450	0.00572	0.00541	0.00649	0.00413	0.00406	0.00822	0.01218	0.01715	0.71887	0.03331	0.11071	0.00910	0.00514	0.00139	0.00210	0.00798	0.03321	0.00413
6	0.01133	0.00966	0.01018	0.00906	0.01162	0.01115	0.00707	0.07000	0.76215	0.01903	0.01754	0.01613	0.01313	0.00595	0.00449	0.00149	0.00358	0.00493	0.00449	0.00702
7	0.00979	0.01074	0.02290	0.01676	0.02062	0.01020	0.66852	0.01318	0.01005	0.01367	0.01011	0.01476	0.00828	0.00738	0.09333	0.00212	0.00771	0.05189	0.00236	0.00563
8	0.00620	0.00419	0.00488	0.00510	0.00515	0.00414	0.00297	0.00637	0.00685	0.00913	0.01610	0.19926	0.01881	0.67066	0.01895	0.00376	0.00392	0.00771	0.00297	0.00287
9	0.00917	0.01754	0.58390	0.01028	0.01531	0.00857	0.01261	0.01339	0.00945	0.04932	0.00994	0.01134	0.00725	0.00449	0.00393	0.00131	0.00530	0.00353	0.21740	0.00597
10	0.01520	0.00843	0.01028	0.00780	0.01135	0.00757	0.00636	0.12826	0.06018	0.38382	0.01321	0.01248	0.00909	0.00472	0.00404	0.00112	0.00373	0.00378	0.00428	0.30428
11	0.01113	0.00948	0.00998	0.00889	0.01141	0.01088	0.00694	0.07252	0.72797	0.01882	0.01854	0.01711	0.04417	0.00615	0.00452	0.00149	0.00353	0.00510	0.00447	0.00690
12	0.01207	0.61877	0.02077	0.00950	0.06304	0.01622	0.00825	0.09753	0.01008	0.01254	0.00672	0.00797	0.00596	0.00436	0.00430	0.00111	0.08999	0.00279	0.00218	0.00586
13	0.01982	0.00752	0.01025	0.00786	0.01127	0.00649	0.00649	0.02152	0.01264	0.82029	0.01742	0.01503	0.01093	0.00547	0.00444	0.00137	0.00376	0.00444	0.00547	0.00752
14	0.00843	0.00797	0.01326	0.78168	0.02922	0.01005	0.01210	0.01124	0.00870	0.01124	0.00772	0.01164	0.00588	0.00463	0.00506	0.00150	0.05890	0.00392	0.00196	0.00490
15	0.00850	0.00793	0.01333	0.76598	0.07843	0.00973	0.01214	0.01140	0.00892	0.01159	0.00802	0.01183	0.00608	0.00440	0.00438	0.00145	0.00576	0.00393	0.02116	0.00502
16	0.00802	0.00427	0.00466	0.00477	0.00579	0.00422	0.00366	0.01001	0.00954	0.02717	0.05968	0.06404	0.01536	0.00654	0.00366	0.00120	0.00232	0.08501	0.67596	0.00413
17	0.00642	0.00428	0.00482	0.00482	0.00482	0.00428	0.00268	0.00642	0.00642	0.00856	0.01392	0.02890	0.01606	0.84478	0.02248	0.00428	0.00428	0.00642	0.00268	0.00268
18	0.00916	0.00785	0.00916	0.00654	0.01047	0.00589	0.00523	0.01112	0.00916	0.01439	0.00785	0.00916	0.00654	0.00327	0.00327	0.00065	0.00327	0.00262	0.00262	0.87178
19	0.00823	0.00412	0.00412	0.00412	0.00515	0.00412	0.00309	0.01029	0.00926	0.01647	0.01441	0.01647	0.01132	0.00515	0.00309	0.00103	0.00206	0.00412	0.86930	0.00412
20	0.00767	0.00384	0.00575	0.00575	0.00575	0.00384	0.00384	0.00575	0.00575	0.00767	0.00767	0.01343	0.00767	0.01534	0.01726	0.87150	0.00384	0.00384	0.00192	0.00192
21	0.01181	0.84744	0.02314	0.00756	0.01134	0.01748	0.00756	0.01323	0.00897	0.01039	0.00614	0.00708	0.00567	0.00378	0.00283	0.00094	0.00472	0.00236	0.00189	0.00567
22	0.00886	0.02285	0.82190	0.01259	0.01912	0.01026	0.01632	0.01399	0.00932	0.01399	0.00793	0.00932	0.00559	0.00420	0.00420	0.00140	0.00653	0.00326	0.00186	0.00653
23	0.00916	0.00785	0.00916	0.00654	0.01047	0.00589	0.00523	0.01112	0.00916	0.01439	0.00785	0.00916	0.00654	0.00327	0.00327	0.00065	0.00327	0.00262	0.00262	0.87178
24	0.01861	0.00853	0.01135	0.00979	0.07727	0.00796	0.00737	0.14499	0.01372	0.62875	0.01560	0.01399	0.01007	0.00532	0.00443	0.00136	0.00405	0.00433	0.00503	0.00747
25	0.00583	0.00462	0.00540	0.00553	0.00642	0.00443	0.00401	0.00688	0.00933	0.01207	0.09603	0.26433	0.39598	0.06451	0.00699	0.00176	0.05881	0.00940	0.03394	0.00375
26	0.01087	0.01044	0.01783	0.04467	0.80011	0.01048	0.01353	0.01351	0.01003	0.01436	0.00830	0.01095	0.00697	0.00395	0.00437	0.00132	0.00526	0.00393	0.00218	0.00695
27	0.01927	0.00787	0.01040	0.00803	0.01142	0.00708	0.00662	0.06440	0.04709	0.74264	0.01707	0.01485	0.01085	0.00548	0.00444	0.00137	0.00381	0.00444	0.00537	0.00749
28	0.01078	0.00884	0.01033	0.00943	0.03775	0.00981	0.03757	0.02062	0.60197	0.06010	0.12560	0.01829	0.01670	0.00622	0.00461	0.00147	0.00353	0.00535	0.00443	0.00659
29	0.00642	0.00428	0.00482	0.00482	0.00482	0.00428	0.00268	0.00642	0.00642	0.00856	0.01392	0.02890	0.01606	0.84478	0.02248	0.00428	0.00428	0.00642	0.00268	0.00268
30	0.07651	0.63665	0.06345	0.00796	0.01171	0.02751	0.00784	0.05702	0.04065	0.02595	0.00714	0.00791	0.00609	0.00403	0.00309	0.00105	0.00471	0.00264	0.00225	0.00582
31	0.00539	0.00445	0.00473	0.00473	0.00609	0.00379	0.00352	0.00664	0.01036	0.01280	0.16384	0.08475	0.65165	0.01099	0.00524	0.00149	0.00223	0.00929	0.00422	0.00379
32	0.01275	0.00999	0.01121	0.01035	0.06599	0.01114	0.00769	0.21197	0.49189	0.06585	0.03181	0.01536	0.01217	0.00580	0.00450	0.00144	0.00394	0.01473	0.00438	0.00705
33	0.00556	0.00407	0.00524	0.00593	0.00648	0.00375	0.00412	0.00663	0.00936	0.01247	0.15642	0.59159	0.12111	0.01269	0.00553	0.00170	0.00250	0.03691	0.00422	0.00371
34	0.01056	0.01949	0.08390	0.00905	0.06216	0.11015	0.01540	0.05905	0.10415	0.08462	0.16618	0.03048	0.12480	0.00666	0.00448	0.00134	0.00401	0.00551	0.09255	0.00546
35	0.00724	0.00465	0.00593	0.00561	0.00679	0.00425	0.00420	0.00909	0.01172	0.07768	0.56347	0.10830	0.10091	0.00915	0.00506	0.00141	0.00227	0.00802	0.05993	0.00433
36	0.01031	0.06632	0.01111	0.00754	0.01106	0.00755	0.04575	0.03803	0.00969	0.06589	0.00877	0.01004	0.00705	0.00388	0.00403	0.00087	0.04728	0.00305	0.05452	0.58725
37	0.01221	0.05223	0.04456	0.01525	0.26142	0.06648	0.07801	0.15914	0.03553	0.07347	0.02267	0.06728	0.04204	0.00537	0.00443	0.00132	0.00499	0.00472	0.00314	0.04574

[dist]
# distance from previous block
# <min> <max>
0	2

[block]
# block no. 4 follows, 59 sequences, length 14
# corresponding to MSA columns:
# 648-661
name=unknown_E
#
# <colnr> <probs for GDERKNQSTAVLIFYWHMCP>
#	G	D	E	R	K	N	Q	S	T	A	V	L	I	F	Y	W	H	M	C	P
0	0.20878	0.32621	0.03028	0.02610	0.05900	0.10042	0.00777	0.06422	0.00992	0.06453	0.00738	0.00845	0.00601	0.00443	0.00406	0.00122	0.06013	0.00289	0.00253	0.00566
1	0.00831	0.00729	0.04938	0.22946	0.08213	0.01981	0.00828	0.01021	0.00924	0.06968	0.05308	0.33622	0.01759	0.00870	0.00547	0.00160	0.04661	0.02890	0.00325	0.00478
2	0.00803	0.00762	0.03465	0.04969	0.01041	0.06086	0.05150	0.01189	0.14507	0.01587	0.39804	0.04057	0.12052	0.00791	0.00496	0.00143	0.00341	0.01860	0.00412	0.00486
3	0.12287	0.00749	0.00951	0.00744	0.01068	0.00677	0.00613	0.01974	0.01189	0.68366	0.01740	0.01543	0.04961	0.00558	0.00427	0.00137	0.00364	0.00443	0.00507	0.00700
4	0.00622	0.00451	0.00573	0.00642	0.00701	0.00434	0.00450	0.05927	0.00945	0.01251	0.02455	0.70026	0.07277	0.01303	0.00556	0.00176	0.00277	0.05133	0.00412	0.00388
5	0.01618	0.01178	0.01260	0.00973	0.01309	0.01301	0.00802	0.74601	0.01995	0.02702	0.01088	0.01102	0.00778	0.00529	0.00432	0.00130	0.00466	0.00399	0.06609	0.00727
6	0.01650	0.02105	0.01252	0.01138	0.01365	0.82705	0.00853	0.01764	0.01252	0.01081	0.00683	0.00796	0.00569	0.00455	0.00398	0.00114	0.00796	0.00284	0.00228	0.00512
7	0.00712	0.00508	0.00712	0.00813	0.00915	0.00508	0.00712	0.00915	0.01017	0.01322	0.02338	0.04982	0.02542	0.01220	0.00610	0.00203	0.00407	0.78750	0.00407	0.00407
8	0.00984	0.00890	0.06330	0.00713	0.01114	0.00645	0.00613	0.01249	0.04683	0.06088	0.00888	0.00985	0.00706	0.00359	0.00346	0.00078	0.00353	0.00288	0.00282	0.72407
9	0.00643	0.00513	0.03046	0.00564	0.00700	0.00431	0.00446	0.00830	0.01159	0.03776	0.52577	0.06291	0.23556	0.00958	0.00520	0.00144	0.00237	0.02733	0.00455	0.00420
10	0.00976	0.00997	0.10227	0.08110	0.39594	0.00863	0.01079	0.02446	0.02537	0.05351	0.15757	0.04540	0.04484	0.00568	0.00459	0.00138	0.00454	0.00515	0.00299	0.00606
11	0.01300	0.03148	0.12213	0.08166	0.14796	0.07239	0.05553	0.29283	0.08151	0.03198	0.02065	0.01125	0.00783	0.00479	0.00438	0.00135	0.00544	0.00397	0.00320	0.00669
12	0.00904	0.05781	0.40341	0.05040	0.09219	0.00960	0.01189	0.04399	0.06601	0.01461	0.08554	0.05490	0.05740	0.00570	0.00457	0.00141	0.01813	0.00471	0.00270	0.00598
13	0.00976	0.04256	0.19178	0.06582	0.14618	0.05508	0.03998	0.06337	0.10176	0.01521	0.11809	0.02995	0.08991	0.00588	0.00452	0.00138	0.00482	0.00502	0.00306	0.00586

[dist]
# distance from previous block
# <min> <max>
2	4

[block]
# block no. 5 follows, 59 sequences, length 32
# corresponding to MSA columns:
# 681-712
name=unknown_F
#
# <colnr> <probs for GDERKNQSTAVLIFYWHMCP>
#	G	D	E	R	K	N	Q	S	T	A	V	L	I	F	Y	W	H	M	C	P
0	0.37992	0.13935	0.14310	0.00841	0.02890	0.08366	0.00774	0.05479	0.00933	0.01613	0.00850	0.08650	0.00763	0.00508	0.00350	0.00132	0.00456	0.00365	0.00263	0.00531
1	0.15458	0.24067	0.07798	0.00976	0.03167	0.23736	0.02083	0.12041	0.04326	0.01514	0.00763	0.00853	0.00613	0.00437	0.00359	0.00119	0.00557	0.00297	0.00259	0.00577
2	0.00860	0.01981	0.01985	0.01004	0.08273	0.07525	0.05906	0.01134	0.09723	0.02475	0.05903	0.27906	0.06367	0.01944	0.03324	0.00180	0.05331	0.05672	0.02025	0.00483
3	0.00915	0.02629	0.16102	0.17831	0.29987	0.00889	0.01133	0.01201	0.00996	0.03664	0.08739	0.01690	0.11262	0.00551	0.00451	0.00138	0.00488	0.00485	0.00266	0.00581
4	0.00831	0.00715	0.01803	0.13700	0.04620	0.00767	0.00676	0.02478	0.25922	0.01476	0.07838	0.09561	0.18112	0.01828	0.01518	0.00158	0.01653	0.00648	0.05176	0.00520
5	0.00589	0.00451	0.00573	0.00592	0.00670	0.00440	0.00431	0.00716	0.00962	0.01291	0.23184	0.29965	0.20441	0.03977	0.09026	0.00225	0.03562	0.02122	0.00399	0.00383
6	0.01031	0.05626	0.06917	0.10018	0.23241	0.01050	0.03092	0.08542	0.14659	0.01577	0.10314	0.01489	0.03284	0.00551	0.00519	0.00141	0.06569	0.00462	0.00306	0.00612
7	0.00642	0.00429	0.00488	0.00488	0.00490	0.00432	0.00275	0.00646	0.00644	0.00861	0.01386	0.02859	0.01592	0.82289	0.04419	0.00436	0.00449	0.00638	0.00267	0.00271
8	0.01141	0.28307	0.33935	0.01055	0.01519	0.01247	0.05818	0.06621	0.01023	0.09005	0.00877	0.02769	0.00684	0.00458	0.00429	0.00128	0.03765	0.00348	0.00246	0.00625
9	0.00943	0.00856	0.01229	0.40234	0.08009	0.00979	0.02720	0.01531	0.26492	0.01431	0.03418	0.01361	0.00949	0.00491	0.00439	0.00140	0.00479	0.00431	0.00293	0.07574
10	0.01141	0.00970	0.01023	0.00907	0.01165	0.01118	0.00709	0.08080	0.75122	0.01916	0.01743	0.01605	0.01304	0.00594	0.00449	0.00149	0.00360	0.00492	0.00449	0.00703
11	0.00917	0.00791	0.00930	0.00670	0.01050	0.00613	0.00537	0.01111	0.00908	0.01427	0.00778	0.00917	0.00652	0.00341	0.00363	0.00069	0.02976	0.00266	0.00259	0.84423
12	0.00565	0.00472	0.00534	0.00572	0.04191	0.00410	0.00397	0.00699	0.01041	0.01299	0.17219	0.07141	0.61789	0.01061	0.00520	0.00148	0.00236	0.00899	0.00414	0.00394
13	0.00712	0.00508	0.00712	0.00813	0.00915	0.00508	0.00712	0.00915	0.01017	0.01322	0.02338	0.04982	0.02542	0.01220	0.00610	0.00203	0.00407	0.78750	0.00407	0.00407
14	0.01679	0.01237	0.01325	0.01016	0.01370	0.01370	0.00839	0.80251	0.02077	0.02783	0.01060	0.01060	0.00751	0.00530	0.00442	0.00133	0.00486	0.00398	0.00442	0.00751
15	0.01124	0.00961	0.01013	0.00904	0.01158	0.01111	0.00705	0.05786	0.77444	0.01889	0.01765	0.01622	0.01322	0.00596	0.00449	0.00149	0.00356	0.00495	0.00449	0.00701
16	0.00631	0.00473	0.00710	0.00710	0.00789	0.00552	0.00552	0.00789	0.00710	0.01025	0.01183	0.01735	0.01104	0.03312	0.82728	0.00710	0.01183	0.00473	0.00237	0.00394
17	0.00538	0.00384	0.00512	0.00615	0.00641	0.00359	0.00410	0.00615	0.00846	0.01127	0.02434	0.84190	0.02921	0.01384	0.00564	0.00179	0.00256	0.01256	0.00410	0.00359
18	0.00625	0.00451	0.00590	0.00556	0.00660	0.00417	0.00417	0.00833	0.01250	0.01771	0.81490	0.03299	0.04167	0.00903	0.00521	0.00139	0.00208	0.00799	0.00486	0.00417
19	0.01982	0.00752	0.01025	0.00786	0.01127	0.00649	0.00649	0.02152	0.01264	0.82029	0.01742	0.01503	0.01093	0.00547	0.00444	0.00137	0.00376	0.00444	0.00547	0.00752
20	0.00717	0.00477	0.00604	0.00572	0.00683	0.00445	0.00428	0.00907	0.02356	0.06411	0.54563	0.03261	0.08944	0.10816	0.00722	0.00177	0.00260	0.05474	0.01764	0.00420
21	0.00630	0.00457	0.00597	0.00578	0.00683	0.00424	0.00444	0.00834	0.01217	0.01703	0.70461	0.03507	0.06992	0.00944	0.00530	0.00146	0.00229	0.08735	0.00475	0.00414
22	0.00602	0.00451	0.00558	0.00531	0.00646	0.00407	0.00398	0.00788	0.01195	0.01641	0.64098	0.03514	0.21641	0.00952	0.00521	0.00141	0.00212	0.00829	0.00469	0.00407
23	0.78802	0.00841	0.00660	0.00587	0.00853	0.00969	0.00482	0.04335	0.00814	0.01991	0.00684	0.00789	0.00530	0.00421	0.00282	0.00134	0.00339	0.00256	0.05745	0.00485
24	0.01005	0.20929	0.55389	0.01133	0.01667	0.06355	0.01355	0.01390	0.00933	0.01282	0.00736	0.00875	0.00563	0.00428	0.00433	0.00130	0.04286	0.00306	0.00190	0.00617
25	0.00636	0.00452	0.00600	0.00600	0.00641	0.00492	0.00415	0.00718	0.00677	0.00944	0.01283	0.02291	0.01345	0.42359	0.44011	0.00574	0.00820	0.00555	0.00252	0.00333
26	0.01231	0.77537	0.02222	0.00773	0.01148	0.01698	0.00759	0.06319	0.00980	0.03020	0.00668	0.00749	0.00591	0.00391	0.00297	0.00098	0.00471	0.00251	0.00213	0.00583
27	0.00685	0.00522	0.00737	0.00714	0.00779	0.00616	0.00545	0.02177	0.00725	0.01047	0.01164	0.01830	0.01129	0.15423	0.59928	0.00597	0.08404	0.00489	0.02099	0.00389
28	0.00594	0.00453	0.00547	0.00535	0.00648	0.00410	0.00397	0.00780	0.02612	0.01535	0.49049	0.11183	0.27624	0.01008	0.00524	0.00146	0.00220	0.00877	0.00455	0.00403
29	0.00914	0.02098	0.69243	0.01410	0.06984	0.01036	0.09382	0.01398	0.00948	0.01403	0.00805	0.00968	0.00579	0.00413	0.00431	0.00140	0.00654	0.00350	0.00192	0.00650
30	0.16801	0.39167	0.07169	0.01119	0.14202	0.02935	0.02493	0.05500	0.00975	0.03831	0.00749	0.00899	0.00626	0.00415	0.00340	0.00117	0.00478	0.01354	0.00237	0.00591
31	0.01076	0.00986	0.01502	0.06663	0.37304	0.01049	0.07293	0.06239	0.22360	0.01589	0.02345	0.01383	0.00968	0.00600	0.03649	0.00163	0.01914	0.01959	0.00300	0.00657

[dist]
# distance from previous block
# <min> <max>
0	1

[block]
# block no. 6 follows, 59 sequences, length 58
# corresponding to MSA columns:
# 714-771
name=unknown_G
#
# <colnr> <probs for GDERKNQSTAVLIFYWHMCP>
#	G	D	E	R	K	N	Q	S	T	A	V	L	I	F	Y	W	H	M	C	P
0	0.01199	0.04197	0.09236	0.06733	0.05195	0.02834	0.00846	0.29779	0.03432	0.05067	0.09522	0.09205	0.01289	0.00607	0.00454	0.00133	0.01402	0.00498	0.00362	0.08012
1	0.08973	0.58448	0.04079	0.00923	0.05930	0.13052	0.00803	0.01387	0.00942	0.01163	0.00641	0.00750	0.00567	0.00394	0.00311	0.00104	0.00514	0.00255	0.00204	0.00561
2	0.67559	0.10701	0.00912	0.00666	0.00946	0.10629	0.00554	0.01355	0.00827	0.01767	0.00623	0.00726	0.00499	0.00412	0.00289	0.00129	0.00410	0.00244	0.00258	0.00492
3	0.00723	0.00568	0.00749	0.00798	0.08433	0.00557	0.00537	0.01057	0.10719	0.01731	0.61910	0.02922	0.05912	0.00825	0.00504	0.00140	0.00256	0.00729	0.00454	0.00476
4	0.00706	0.00544	0.00705	0.00808	0.07529	0.00539	0.00529	0.07841	0.01004	0.01343	0.04764	0.50642	0.14654	0.01130	0.00551	0.00164	0.02479	0.00998	0.02640	0.00431
5	0.00613	0.00451	0.00573	0.00543	0.00652	0.00411	0.00407	0.00809	0.01221	0.01701	0.72139	0.03415	0.13562	0.00929	0.00521	0.00140	0.00210	0.00815	0.00477	0.00411
6	0.00834	0.00785	0.01325	0.83417	0.03042	0.00981	0.01227	0.01128	0.00883	0.01128	0.00785	0.01178	0.00589	0.00442	0.00442	0.00147	0.00589	0.00393	0.00196	0.00491
7	0.00617	0.00445	0.00583	0.00561	0.00658	0.00411	0.00416	0.00813	0.01212	0.01710	0.73964	0.11000	0.04049	0.00949	0.00525	0.00143	0.00213	0.00842	0.00479	0.00411
8	0.00662	0.00513	0.00747	0.00730	0.00795	0.00613	0.00564	0.00800	0.00701	0.01014	0.01147	0.01768	0.01101	0.10235	0.68360	0.00639	0.08503	0.00480	0.00235	0.00391
9	0.01239	0.00889	0.00984	0.00862	0.01121	0.00983	0.00676	0.02239	0.62438	0.16657	0.05558	0.01699	0.01434	0.00604	0.00452	0.00147	0.00348	0.00503	0.00469	0.00695
10	0.00984	0.00825	0.00953	0.00687	0.01076	0.00659	0.00552	0.08199	0.01020	0.01560	0.00810	0.00929	0.00663	0.00345	0.00337	0.00071	0.00341	0.00274	0.00278	0.79439
11	0.00853	0.00756	0.01183	0.03279	0.37564	0.00736	0.01993	0.01091	0.02323	0.01510	0.27252	0.06969	0.08160	0.00674	0.00476	0.00136	0.00378	0.00615	0.00336	0.03716
12	0.47959	0.09023	0.08291	0.00860	0.05844	0.01100	0.00720	0.12731	0.02150	0.04828	0.00803	0.02556	0.00631	0.00452	0.00336	0.00133	0.00413	0.00311	0.00294	0.00565
13	0.01018	0.00968	0.01653	0.13913	0.61982	0.00991	0.03415	0.01283	0.01009	0.01424	0.07253	0.01283	0.00959	0.00440	0.00447	0.00135	0.00515	0.00429	0.00237	0.00645
14	0.01018	0.00949	0.01526	0.07160	0.41491	0.00959	0.10045	0.08311	0.05019	0.01513	0.01576	0.01717	0.15661	0.00550	0.00464	0.00139	0.00486	0.00513	0.00284	0.00619
15	0.03445	0.06887	0.48879	0.01447	0.15851	0.04863	0.02459	0.08462	0.01057	0.01511	0.00804	0.00950	0.00602	0.00423	0.00413	0.00134	0.00604	0.00337	0.00220	0.00653
16	0.01054	0.09139	0.02544	0.01737	0.02165	0.01183	0.70401	0.01396	0.01019	0.01369	0.00858	0.01139	0.00658	0.00384	0.00524	0.00145	0.02985	0.00490	0.00219	0.00590
17	0.87598	0.00854	0.00649	0.00581	0.00854	0.00991	0.00478	0.01298	0.00752	0.01982	0.00615	0.00717	0.00478	0.00410	0.00273	0.00137	0.00342	0.00239	0.00273	0.00478
18	0.00866	0.01202	0.23058	0.12199	0.04006	0.00874	0.19750	0.04582	0.01925	0.01376	0.03350	0.21354	0.01299	0.00673	0.00488	0.00153	0.00541	0.01485	0.00276	0.00544
19	0.00663	0.00452	0.00505	0.00501	0.00512	0.00459	0.00287	0.00721	0.04337	0.00902	0.01410	0.02833	0.01594	0.80619	0.02165	0.00415	0.00425	0.00636	0.00276	0.00287
20	0.01953	0.00798	0.01054	0.00808	0.01151	0.00718	0.00667	0.09587	0.01341	0.74485	0.01677	0.01461	0.01061	0.00545	0.00444	0.00136	0.00386	0.00440	0.00537	0.00752
21	0.00538	0.00384	0.00512	0.00615	0.00641	0.00359	0.00410	0.00615	0.00846	0.01127	0.02434	0.84190	0.02921	0.01384	0.00564	0.00179	0.00256	0.01256	0.00410	0.00359
22	0.01001	0.20360	0.40975	0.01180	0.01647	0.04964	0.10472	0.01346	0.00921	0.01261	0.00758	0.00943	0.00599	0.00559	0.03973	0.00158	0.07754	0.00338	0.00196	0.00595
23	0.00719	0.00481	0.00622	0.00575	0.00692	0.00449	0.00431	0.00943	0.03323	0.06480	0.70985	0.03131	0.03793	0.04720	0.00594	0.00152	0.00232	0.00763	0.00479	0.00437
24	0.09598	0.00772	0.00990	0.00774	0.01104	0.00705	0.00637	0.02087	0.05745	0.70304	0.01645	0.01441	0.01053	0.00537	0.00429	0.00137	0.00371	0.00429	0.00517	0.00724
25	0.01211	0.00929	0.01042	0.00950	0.04812	0.01027	0.00714	0.15132	0.48591	0.08477	0.08516	0.01726	0.03656	0.00614	0.00455	0.00144	0.00367	0.00511	0.00448	0.00679
26	0.01075	0.03351	0.02675	0.06801	0.72992	0.01053	0.01316	0.01337	0.00994	0.01419	0.00833	0.01095	0.00697	0.00398	0.00431	0.00131	0.00522	0.00389	0.01812	0.00679
27	0.00875	0.00558	0.00707	0.00632	0.00786	0.00531	0.00492	0.08093	0.01308	0.10942	0.59381	0.02999	0.05652	0.00850	0.00509	0.00141	0.00262	0.04313	0.00483	0.00483
28	0.00538	0.00384	0.00512	0.00615	0.00641	0.00359	0.00410	0.00615	0.00846	0.01127	0.02434	0.84190	0.02921	0.01384	0.00564	0.00179	0.00256	0.01256	0.00410	0.00359
29	0.00999	0.00881	0.01186	0.00862	0.01242	0.00751	0.11352	0.08676	0.01039	0.01548	0.00896	0.01037	0.02317	0.00381	0.00399	0.00088	0.02700	0.00327	0.00275	0.63042
30	0.00634	0.00461	0.00650	0.00650	0.00708	0.00519	0.00477	0.00750	0.00692	0.00981	0.01238	0.02040	0.01237	0.24742	0.61479	0.00635	0.00984	0.00518	0.00245	0.00361
31	0.00638	0.00463	0.00657	0.00657	0.00722	0.00524	0.00490	0.00766	0.00702	0.01008	0.01230	0.01958	0.01203	0.19098	0.64864	0.00639	0.01010	0.00505	0.02493	0.00370
32	0.01085	0.01507	0.25051	0.02142	0.51014	0.08735	0.01388	0.01406	0.01008	0.01396	0.00806	0.01019	0.00647	0.00407	0.00428	0.00132	0.00587	0.00364	0.00210	0.00668
33	0.02164	0.19328	0.23678	0.01065	0.03811	0.11822	0.01028	0.16186	0.09985	0.05471	0.00945	0.01000	0.00713	0.00461	0.00395	0.00126	0.00548	0.00341	0.00288	0.00644
34	0.00632	0.00471	0.00696	0.00696	0.00771	0.00545	0.00535	0.00780	0.00706	0.01015	0.01195	0.01803	0.01134	0.08115	0.77966	0.00693	0.01138	0.00483	0.00238	0.00387
35	0.00642	0.00428	0.00482	0.00482	0.00482	0.00428	0.00268	0.00642	0.00642	0.00856	0.01392	0.02890	0.01606	0.84478	0.02248	0.00428	0.00428	0.00642	0.00268	0.00268
36	0.22218	0.09049	0.03690	0.01239	0.09823	0.32188	0.12149	0.02401	0.01043	0.01409	0.00713	0.00864	0.00577	0.00419	0.00380	0.00125	0.00614	0.00317	0.00235	0.00547
37	0.00537	0.00448	0.00469	0.00464	0.00606	0.00379	0.00348	0.00664	0.01043	0.01280	0.16037	0.04108	0.69927	0.01086	0.00522	0.00148	0.00221	0.00912	0.00422	0.00379
38	0.01713	0.00830	0.01042	0.00806	0.01137	0.00768	0.00658	0.17422	0.01360	0.52225	0.01538	0.06240	0.01083	0.00568	0.00437	0.00130	0.00385	0.00462	0.00485	0.10712
