[name]
unknown

[dist]
# distance from previous block
# <min> <max>
2	136

[block]
# block no. 0 follows, 46 sequences, length 13
# corresponding to MSA columns:
# 183-195
name=unknown_A
#
# <colnr> <probs for GDERKNQSTAVLIFYWHMCP>
#	G	D	E	R	K	N	Q	S	T	A	V	L	I	F	Y	W	H	M	C	P
0	0.00651	0.00513	0.00581	0.00620	0.00739	0.00451	0.00444	0.00776	0.01147	0.01439	0.09564	0.29152	0.44202	0.04730	0.00728	0.00204	0.00294	0.02834	0.00490	0.00440
1	0.01020	0.00842	0.01219	0.07155	0.07469	0.00891	0.07381	0.03985	0.06108	0.04672	0.05554	0.17093	0.16435	0.03057	0.00767	0.00193	0.09361	0.00839	0.05375	0.00585
2	0.04484	0.01036	0.04404	0.03724	0.04427	0.00904	0.03118	0.10030	0.05422	0.04548	0.01306	0.07242	0.01106	0.00581	0.00458	0.00127	0.00448	0.00485	0.08776	0.37373
3	0.03917	0.01292	0.01470	0.03298	0.05684	0.18223	0.12085	0.08388	0.01266	0.01665	0.02147	0.04722	0.01122	0.05015	0.12627	0.00282	0.05857	0.00537	0.09799	0.00605
4	0.00686	0.03275	0.00691	0.00721	0.00788	0.00502	0.00504	0.00794	0.01053	0.01381	0.06009	0.60646	0.11460	0.04878	0.00742	0.00219	0.00325	0.04408	0.00478	0.00440
5	0.00963	0.02463	0.04833	0.01171	0.03347	0.00958	0.11043	0.03065	0.01094	0.01519	0.05744	0.23965	0.09968	0.02960	0.00895	0.00197	0.17780	0.00857	0.00369	0.06808
6	0.01274	0.01155	0.05199	0.04243	0.11778	0.03004	0.00909	0.08248	0.04214	0.04510	0.01084	0.01234	0.00857	0.00467	0.00444	0.00114	0.00485	0.00384	0.02903	0.47490
7	0.30405	0.09577	0.07118	0.05403	0.07061	0.11096	0.00952	0.04823	0.09909	0.07488	0.01073	0.01163	0.00816	0.00539	0.00432	0.00157	0.00564	0.00385	0.00348	0.00691
8	0.00714	0.00523	0.00632	0.00665	0.00751	0.00488	0.00472	0.00842	0.01116	0.01466	0.17746	0.20985	0.20620	0.20752	0.01148	0.00272	0.00357	0.09559	0.00467	0.00427
9	0.21233	0.01008	0.01113	0.09320	0.06446	0.05688	0.00813	0.08376	0.01147	0.01819	0.01235	0.03718	0.03963	0.01254	0.14961	0.03764	0.00679	0.00468	0.00326	0.12668
10	0.09841	0.00968	0.06806	0.03313	0.14976	0.00875	0.02692	0.04248	0.02744	0.04366	0.13891	0.06597	0.10676	0.07905	0.07602	0.00258	0.00553	0.00694	0.00391	0.00605
11	0.06427	0.09615	0.09148	0.06266	0.01447	0.03049	0.00897	0.12212	0.07242	0.01825	0.04467	0.07771	0.05922	0.04839	0.07532	0.00235	0.02513	0.00583	0.00368	0.07641
12	0.01214	0.03703	0.01140	0.05061	0.04471	0.03972	0.00793	0.11291	0.08361	0.07879	0.04534	0.12859	0.12549	0.04286	0.00701	0.00192	0.03180	0.08515	0.00450	0.04850

[dist]
# distance from previous block
# <min> <max>
6	21

[block]
# block no. 1 follows, 46 sequences, length 18
# corresponding to MSA columns:
# 219-236
name=unknown_B
#
# <colnr> <probs for GDERKNQSTAVLIFYWHMCP>
#	G	D	E	R	K	N	Q	S	T	A	V	L	I	F	Y	W	H	M	C	P
0	0.05612	0.11894	0.09083	0.04753	0.06040	0.06806	0.02961	0.15606	0.15492	0.02007	0.02907	0.07855	0.01223	0.00661	0.00498	0.00158	0.00564	0.00534	0.00385	0.04962
1	0.03353	0.12214	0.05470	0.01101	0.10476	0.03202	0.00812	0.05547	0.01257	0.04015	0.09661	0.07954	0.20803	0.00928	0.02125	0.00172	0.01710	0.00711	0.04989	0.03499
2	0.03397	0.13270	0.08086	0.02724	0.08111	0.03236	0.03525	0.03267	0.01110	0.01481	0.03396	0.19293	0.08751	0.10904	0.00850	0.00217	0.02935	0.04524	0.00356	0.00567
3	0.01236	0.06908	0.22015	0.01395	0.03492	0.03702	0.18239	0.03774	0.05807	0.05775	0.04765	0.03889	0.01154	0.00659	0.01989	0.01659	0.00655	0.00524	0.05599	0.06764
4	0.04364	0.04258	0.03186	0.07430	0.28214	0.19187	0.05324	0.05669	0.08119	0.03936	0.01166	0.02916	0.00964	0.00574	0.00515	0.00159	0.00680	0.02283	0.00323	0.00735
5	0.00769	0.00589	0.00838	0.03005	0.00990	0.00651	0.00646	0.00944	0.00926	0.01302	0.04477	0.10125	0.05438	0.07566	0.51323	0.00632	0.03011	0.03242	0.00332	0.03194
6	0.01274	0.03265	0.20763	0.07894	0.16522	0.10360	0.03428	0.06041	0.08773	0.01731	0.01196	0.03449	0.00976	0.02843	0.02813	0.00188	0.00680	0.00483	0.04052	0.03267
7	0.01004	0.00960	0.03473	0.35096	0.04081	0.07159	0.02480	0.01256	0.01122	0.03604	0.04216	0.23216	0.04149	0.00983	0.02292	0.00199	0.00594	0.03212	0.00349	0.00557
8	0.00714	0.04460	0.00799	0.00788	0.00867	0.00549	0.02460	0.00837	0.01062	0.01405	0.06175	0.64398	0.05803	0.01518	0.00657	0.00207	0.00342	0.06028	0.00476	0.00456
9	0.01255	0.01212	0.09282	0.05763	0.15703	0.05266	0.02734	0.11153	0.07474	0.04387	0.01662	0.12687	0.03662	0.00793	0.00575	0.02498	0.00534	0.02124	0.10557	0.00679
10	0.02645	0.00727	0.02402	0.04663	0.01041	0.02103	0.00642	0.02602	0.02290	0.05442	0.05854	0.19357	0.07188	0.17870	0.08647	0.00318	0.07444	0.02315	0.05956	0.00495
11	0.01459	0.01088	0.01163	0.00998	0.01286	0.03403	0.00787	0.21850	0.30035	0.07587	0.09241	0.05467	0.01757	0.00857	0.03012	0.00188	0.00474	0.00618	0.07972	0.00758
12	0.00915	0.00711	0.00861	0.04645	0.01082	0.00733	0.00633	0.02480	0.19108	0.03110	0.38196	0.10602	0.11232	0.01044	0.00603	0.00177	0.00331	0.02419	0.00535	0.00582
13	0.03796	0.01326	0.14100	0.10918	0.06552	0.07614	0.07512	0.03869	0.02477	0.04236	0.01379	0.09653	0.02765	0.09059	0.03992	0.04350	0.04873	0.00608	0.00315	0.00605
14	0.16441	0.00938	0.03313	0.00877	0.01144	0.00925	0.03338	0.13658	0.05494	0.10259	0.11653	0.09443	0.09470	0.09836	0.00772	0.00210	0.00438	0.00707	0.00464	0.00623
15	0.00698	0.00496	0.00614	0.00670	0.00715	0.00474	0.00441	0.00781	0.00985	0.01309	0.08116	0.39672	0.09659	0.27349	0.03867	0.00325	0.00405	0.02587	0.00436	0.00403
16	0.00942	0.00787	0.05418	0.08540	0.01250	0.00718	0.00740	0.04011	0.06662	0.05089	0.12512	0.19267	0.10013	0.05821	0.04356	0.00234	0.00460	0.06752	0.05879	0.00549
17	0.01315	0.16382	0.13599	0.12211	0.05864	0.04809	0.08480	0.10949	0.01273	0.03232	0.01129	0.02578	0.03108	0.00714	0.03222	0.00187	0.09484	0.00472	0.00296	0.00694

[dist]
# distance from previous block
# <min> <max>
1	15

[block]
# block no. 2 follows, 46 sequences, length 15
# corresponding to MSA columns:
# 255-269
name=unknown_C
#
# <colnr> <probs for GDERKNQSTAVLIFYWHMCP>
#	G	D	E	R	K	N	Q	S	T	A	V	L	I	F	Y	W	H	M	C	P
0	0.01054	0.00937	0.02448	0.02445	0.01374	0.00999	0.12724	0.07263	0.04944	0.01756	0.13812	0.10678	0.04647	0.04517	0.04584	0.00228	0.15547	0.00726	0.06412	0.02906
1	0.00807	0.00658	0.00913	0.00869	0.01006	0.00645	0.06823	0.02901	0.06148	0.01568	0.10725	0.37198	0.16137	0.05357	0.00775	0.00213	0.02469	0.03814	0.00470	0.00502
2	0.22042	0.02989	0.07287	0.12781	0.12222	0.04852	0.05044	0.02507	0.01109	0.01765	0.04050	0.12177	0.05016	0.00723	0.00517	0.00171	0.01720	0.00604	0.01810	0.00615
3	0.03906	0.26656	0.08418	0.01123	0.07280	0.01297	0.02995	0.06604	0.01211	0.06690	0.03485	0.01424	0.03228	0.02024	0.03051	0.02370	0.00551	0.00427	0.04389	0.12869
4	0.00674	0.00505	0.00644	0.00706	0.00786	0.00484	0.00502	0.00797	0.01037	0.01359	0.05170	0.41589	0.20512	0.05868	0.14190	0.00329	0.00501	0.03459	0.00449	0.00439
5	0.00677	0.00503	0.00638	0.00726	0.00807	0.00464	0.00527	0.00809	0.01109	0.01440	0.07128	0.49527	0.19388	0.01530	0.00670	0.00209	0.00323	0.12586	0.00495	0.00445
6	0.04717	0.01036	0.01239	0.00993	0.01329	0.04701	0.00809	0.10705	0.03758	0.47233	0.09990	0.01856	0.01568	0.00710	0.00625	0.00168	0.06641	0.00551	0.00567	0.00805
7	0.17912	0.00920	0.01114	0.00893	0.01258	0.00874	0.00728	0.06236	0.01411	0.54035	0.01850	0.07712	0.01316	0.00700	0.00504	0.00167	0.00438	0.00557	0.00573	0.00801
8	0.00849	0.00702	0.00810	0.06902	0.01111	0.03366	0.00626	0.04755	0.08585	0.01565	0.04966	0.43011	0.18111	0.01309	0.00625	0.00194	0.00375	0.01151	0.00472	0.00516
9	0.00891	0.00607	0.00767	0.00756	0.00854	0.00631	0.00545	0.06744	0.01075	0.03724	0.06368	0.18598	0.03722	0.22810	0.22839	0.00454	0.00690	0.03047	0.04406	0.00472
10	0.05280	0.01369	0.02459	0.01794	0.02276	0.01353	0.47580	0.18392	0.04232	0.08035	0.01216	0.01414	0.00881	0.00515	0.00579	0.00172	0.00750	0.00568	0.00368	0.00767
11	0.00647	0.00477	0.00606	0.00699	0.00759	0.00436	0.00477	0.00755	0.01072	0.01407	0.07628	0.64201	0.15759	0.01571	0.00664	0.00206	0.00297	0.01408	0.00496	0.00436
12	0.05149	0.03429	0.01302	0.08077	0.01514	0.03019	0.06610	0.19984	0.01500	0.11625	0.01980	0.08834	0.10303	0.00937	0.04078	0.00198	0.00546	0.02344	0.07902	0.00670
13	0.00944	0.00854	0.03415	0.01088	0.04837	0.00959	0.00819	0.03332	0.02535	0.01390	0.03418	0.14928	0.04347	0.15196	0.12249	0.00351	0.24393	0.04083	0.00340	0.00519
14	0.01584	0.03301	0.03821	0.00922	0.01225	0.00814	0.04713	0.01910	0.06440	0.33827	0.08140	0.04514	0.01704	0.00735	0.00543	0.00162	0.02233	0.03912	0.18786	0.00713

[dist]
# distance from previous block
# <min> <max>
5	122

[block]
# block no. 3 follows, 46 sequences, length 18
# corresponding to MSA columns:
# 397-414
name=unknown_D
#
# <colnr> <probs for GDERKNQSTAVLIFYWHMCP>
#	G	D	E	R	K	N	Q	S	T	A	V	L	I	F	Y	W	H	M	C	P
0	0.00829	0.00677	0.03501	0.04896	0.05516	0.00601	0.00637	0.02622	0.01100	0.01468	0.11166	0.19155	0.20431	0.04564	0.00949	0.15389	0.00390	0.00897	0.02361	0.02849
1	0.03142	0.13028	0.13658	0.04402	0.07635	0.13384	0.03749	0.04870	0.02840	0.06371	0.01296	0.12001	0.01191	0.00715	0.00582	0.00163	0.05547	0.02008	0.00330	0.03088
2	0.01430	0.04225	0.07829	0.01463	0.13740	0.19229	0.01059	0.08658	0.07849	0.06077	0.01538	0.08664	0.04989	0.00973	0.06633	0.00216	0.03800	0.00574	0.00363	0.00690
3	0.00952	0.00860	0.06494	0.00776	0.00968	0.04573	0.00641	0.02768	0.09053	0.01738	0.09179	0.14209	0.13221	0.05239	0.00654	0.00187	0.00387	0.05338	0.22225	0.00539
4	0.01265	0.01107	0.01272	0.06495	0.01468	0.05756	0.00845	0.14665	0.01282	0.01807	0.01035	0.01359	0.00886	0.04793	0.08417	0.00222	0.12718	0.00424	0.00329	0.33855
5	0.02728	0.05162	0.03250	0.08739	0.25808	0.01153	0.17133	0.03404	0.01190	0.01676	0.01228	0.06197	0.01113	0.00613	0.00556	0.00162	0.01744	0.06080	0.00303	0.11762
6	0.04175	0.01271	0.05425	0.01180	0.06274	0.03753	0.00928	0.28634	0.07851	0.07413	0.06104	0.01516	0.01212	0.00796	0.05132	0.00186	0.00572	0.00479	0.00438	0.16660
7	0.01057	0.09340	0.04405	0.00973	0.04232	0.00921	0.02876	0.05296	0.08659	0.06475	0.05323	0.18114	0.20587	0.02751	0.02428	0.00200	0.02743	0.02580	0.00441	0.00600
8	0.00828	0.00583	0.00705	0.00694	0.00793	0.00591	0.00498	0.05218	0.01097	0.01514	0.11708	0.09867	0.11993	0.24852	0.16249	0.00402	0.00584	0.03935	0.07437	0.00452
9	0.00719	0.00534	0.00636	0.00657	0.00758	0.00498	0.00476	0.00854	0.01127	0.01468	0.17271	0.12174	0.26442	0.20775	0.03049	0.00286	0.00385	0.11003	0.00461	0.00430
10	0.01175	0.01112	0.01856	0.35333	0.32935	0.01234	0.05473	0.03827	0.03681	0.01606	0.01057	0.03288	0.00865	0.00553	0.00582	0.00171	0.03765	0.00508	0.00272	0.00707
11	0.02986	0.04412	0.43170	0.01360	0.01907	0.17881	0.01484	0.07212	0.01285	0.04348	0.01036	0.03600	0.00813	0.00657	0.02358	0.00178	0.03877	0.00427	0.00283	0.00726
12	0.00770	0.00602	0.00708	0.00753	0.00867	0.00596	0.00540	0.01119	0.14058	0.01543	0.06184	0.43415	0.19129	0.03512	0.00694	0.00208	0.00327	0.03973	0.00498	0.00504
13	0.00785	0.00567	0.00771	0.00885	0.00988	0.00553	0.00732	0.00984	0.01166	0.01515	0.03010	0.24158	0.08505	0.01499	0.00709	0.00232	0.00427	0.51555	0.00488	0.00470
14	0.00791	0.00545	0.00690	0.00714	0.00832	0.00502	0.00536	0.00963	0.01238	0.05276	0.25575	0.23909	0.18414	0.05317	0.00752	0.00210	0.00327	0.12416	0.00517	0.00479
15	0.00667	0.00512	0.00608	0.00666	0.00770	0.00460	0.00482	0.00797	0.01134	0.01444	0.08964	0.35327	0.33808	0.04272	0.00727	0.00210	0.00311	0.07910	0.00491	0.00442
16	0.00984	0.00856	0.01246	0.02774	0.17914	0.02591	0.05613	0.04615	0.01121	0.01517	0.01964	0.29600	0.04945	0.11681	0.02594	0.00242	0.03557	0.02327	0.00376	0.03484
17	0.48410	0.06168	0.01203	0.02490	0.03261	0.02670	0.04190	0.06150	0.04094	0.12737	0.01058	0.01144	0.00786	0.00637	0.02891	0.00183	0.00510	0.00377	0.00377	0.00665

[dist]
# distance from previous block
# <min> <max>
3	14

[block]
# block no. 4 follows, 46 sequences, length 31
# corresponding to MSA columns:
# 431-446,449-463
name=unknown_E
#
# <colnr> <probs for GDERKNQSTAVLIFYWHMCP>
#	G	D	E	R	K	N	Q	S	T	A	V	L	I	F	Y	W	H	M	C	P
0	0.01304	0.01151	0.01496	0.10165	0.23600	0.09558	0.03487	0.03781	0.04319	0.07577	0.06728	0.10452	0.01466	0.00682	0.00529	0.00156	0.00560	0.00603	0.01811	0.10574
1	0.01095	0.04217	0.07099	0.03557	0.03377	0.02859	0.00769	0.03280	0.02837	0.03142	0.00968	0.01457	0.00879	0.01344	0.01528	0.50923	0.06571	0.00445	0.00262	0.03392
2	0.03179	0.00531	0.00686	0.03586	0.02901	0.00517	0.00525	0.00821	0.01002	0.01365	0.05077	0.53910	0.07309	0.14864	0.00988	0.00256	0.00363	0.01240	0.00445	0.00435
3	0.01403	0.04091	0.02003	0.15593	0.25927	0.05006	0.15473	0.05503	0.01282	0.10305	0.03000	0.01482	0.00975	0.02565	0.00628	0.00174	0.03020	0.00513	0.00324	0.00735
4	0.01184	0.01117	0.01697	0.23659	0.29351	0.04304	0.05156	0.05163	0.03988	0.01699	0.07263	0.03141	0.04798	0.00632	0.00582	0.00168	0.03235	0.00564	0.01609	0.00690
5	0.06883	0.01287	0.12890	0.03196	0.02850	0.06118	0.07159	0.06068	0.05654	0.17032	0.04276	0.03897	0.08214	0.00760	0.00623	0.04768	0.01638	0.00572	0.05432	0.00681
6	0.00891	0.00651	0.00767	0.00746	0.00901	0.00651	0.00554	0.01343	0.16765	0.04215	0.29451	0.20743	0.12610	0.01124	0.00598	0.00178	0.00305	0.00982	0.05967	0.00558
7	0.06839	0.01165	0.01657	0.18017	0.04481	0.01374	0.08673	0.18145	0.01340	0.05340	0.01108	0.01386	0.02497	0.00759	0.02852	0.00203	0.22656	0.00492	0.00335	0.00682
8	0.01308	0.03765	0.04914	0.16862	0.12851	0.13471	0.13430	0.06503	0.01278	0.01650	0.04628	0.03969	0.01059	0.00606	0.00622	0.00165	0.06817	0.00519	0.03063	0.02520
9	0.01021	0.05384	0.08400	0.01120	0.03140	0.04671	0.07644	0.02760	0.10547	0.01574	0.05149	0.11819	0.06918	0.02742	0.18643	0.00336	0.02934	0.03133	0.01469	0.00597
10	0.00661	0.00473	0.00623	0.00737	0.00777	0.00444	0.00502	0.00759	0.01021	0.01353	0.02939	0.70968	0.05907	0.04836	0.00757	0.00227	0.00324	0.05778	0.00484	0.00429
11	0.01110	0.02733	0.00990	0.00878	0.01097	0.04678	0.00675	0.14234	0.17362	0.01958	0.09800	0.19709	0.18871	0.01077	0.00590	0.00180	0.00404	0.02533	0.00499	0.00621
12	0.06420	0.10181	0.13869	0.08251	0.10805	0.08530	0.09974	0.08198	0.01271	0.03412	0.01305	0.05608	0.05094	0.00632	0.00564	0.00164	0.04194	0.00524	0.00311	0.00691
13	0.01012	0.00860	0.01419	0.16598	0.14050	0.00868	0.11443	0.01273	0.01162	0.05026	0.03989	0.13516	0.15032	0.00945	0.02439	0.00193	0.00543	0.03195	0.05839	0.00598
14	0.00695	0.00527	0.00642	0.00716	0.00803	0.00496	0.00507	0.00880	0.04996	0.01432	0.04671	0.49460	0.21211	0.04188	0.00727	0.00215	0.00322	0.06569	0.00489	0.00456
15	0.07326	0.00948	0.01115	0.07729	0.05181	0.08379	0.03966	0.01378	0.08332	0.01631	0.10524	0.06196	0.06730	0.03040	0.00790	0.07133	0.02555	0.16103	0.00397	0.00547
16	0.01516	0.01377	0.08171	0.04682	0.06739	0.01284	0.21490	0.28281	0.01667	0.07758	0.01406	0.08132	0.01160	0.00672	0.00571	0.00173	0.00654	0.03088	0.00409	0.00770
17	0.01335	0.01200	0.06181	0.01216	0.09652	0.01011	0.02488	0.16054	0.04080	0.03977	0.01096	0.01223	0.00856	0.00477	0.00452	0.00116	0.00489	0.00391	0.01651	0.46053
18	0.28081	0.10382	0.01586	0.03131	0.06896	0.27060	0.07187	0.01783	0.03627	0.01724	0.00857	0.01027	0.00699	0.00523	0.00478	0.00153	0.03516	0.00365	0.00290	0.00637
19	0.85155	0.01022	0.00777	0.00695	0.01022	0.01186	0.00573	0.01554	0.00900	0.02372	0.00736	0.00859	0.00573	0.00491	0.00327	0.00164	0.00409	0.00286	0.00327	0.00573
20	0.00721	0.00526	0.00647	0.00640	0.00738	0.00491	0.00452	0.00882	0.01228	0.01672	0.39893	0.12275	0.16061	0.17398	0.03824	0.00267	0.00353	0.00990	0.00494	0.00446
21	0.02326	0.01154	0.14188	0.04124	0.01432	0.03135	0.05745	0.05455	0.02875	0.07765	0.11912	0.12083	0.10192	0.04913	0.03214	0.00211	0.00534	0.03387	0.00416	0.04940
22	0.01903	0.01244	0.01387	0.01146	0.03394	0.04758	0.00905	0.35490	0.09921	0.23921	0.05535	0.03500	0.01345	0.00694	0.00562	0.00164	0.02204	0.00547	0.00542	0.00840
23	0.00747	0.00571	0.00683	0.00732	0.00830	0.00559	0.00516	0.01030	0.10452	0.01514	0.09233	0.43815	0.16166	0.07453	0.00799	0.00223	0.00330	0.03375	0.00491	0.00482
24	0.00946	0.00615	0.00738	0.00708	0.00877	0.00573	0.00536	0.02996	0.04976	0.10144	0.23231	0.18029	0.24213	0.01174	0.00608	0.00179	0.00312	0.03748	0.04856	0.00541
25	0.01243	0.03894	0.06023	0.18790	0.01821	0.04075	0.04185	0.04946	0.09332	0.11801	0.10177	0.07346	0.03866	0.05372	0.02766	0.02109	0.00565	0.00644	0.00407	0.00640
26	0.02019	0.00912	0.01169	0.00931	0.01294	0.00847	0.00757	0.06288	0.10314	0.55976	0.08693	0.02111	0.04769	0.00725	0.00544	0.00166	0.00428	0.00597	0.00621	0.00839
27	0.00804	0.00581	0.00711	0.00750	0.00880	0.00551	0.00568	0.01057	0.06679	0.04653	0.11542	0.30633	0.23032	0.01368	0.00650	0.00200	0.00335	0.13996	0.00510	0.00500
28	0.00971	0.00626	0.00862	0.03610	0.01007	0.00646	0.05228	0.01166	0.01073	0.05896	0.01975	0.27065	0.01942	0.02518	0.03215	0.00198	0.05740	0.00829	0.34920	0.00514
29	0.04073	0.34991	0.18771	0.01349	0.03845	0.04185	0.13597	0.05352	0.06208	0.01627	0.00965	0.01112	0.00770	0.00493	0.00452	0.00146	0.00666	0.00399	0.00273	0.00726
30	0.11287	0.21655	0.05567	0.00998	0.01341	0.09343	0.03516	0.09968	0.05664	0.04981	0.05085	0.08987	0.03825	0.00770	0.02245	0.00169	0.00558	0.00545	0.02837	0.00659

[dist]
# distance from previous block
# <min> <max>
1	14

[block]
# block no. 5 follows, 46 sequences, length 19
# corresponding to MSA columns:
# 479-497
name=unknown_F
#
# <colnr> <probs for GDERKNQSTAVLIFYWHMCP>
#	G	D	E	R	K	N	Q	S	T	A	V	L	I	F	Y	W	H	M	C	P
0	0.23820	0.05304	0.01217	0.01060	0.06159	0.07074	0.00788	0.08101	0.15004	0.08631	0.06434	0.05107	0.01327	0.00643	0.00465	0.00157	0.00475	0.00498	0.00420	0.07316
1	0.01386	0.01495	0.15342	0.05354	0.10047	0.10058	0.01883	0.09842	0.07801	0.08884	0.05042	0.03003	0.03869	0.05446	0.00705	0.00185	0.03885	0.01747	0.00378	0.03648
2	0.01441	0.14662	0.09405	0.01152	0.01496	0.10310	0.02660	0.10537	0.10818	0.06642	0.01185	0.01335	0.00941	0.00907	0.07583	0.00218	0.11222	0.00440	0.02002	0.05044
3	0.01090	0.00804	0.01180	0.01088	0.04620	0.04786	0.10058	0.03512	0.03473	0.01207	0.00981	0.01522	0.00903	0.01424	0.01619	0.57236	0.03366	0.00479	0.00258	0.00392
4	0.03306	0.06680	0.07112	0.11956	0.19123	0.08297	0.05655	0.09148	0.04250	0.02649	0.04995	0.01408	0.01034	0.00662	0.02709	0.00178	0.05387	0.00472	0.00316	0.04664
5	0.06202	0.01090	0.01483	0.04381	0.28340	0.06236	0.03972	0.03719	0.04438	0.06098	0.05743	0.11734	0.08084	0.00794	0.00600	0.00173	0.03813	0.02043	0.00375	0.00680
6	0.02560	0.03692	0.03628	0.00880	0.03186	0.00693	0.00653	0.02374	0.02778	0.10598	0.06977	0.42450	0.07255	0.05722	0.00771	0.00211	0.03484	0.01077	0.00469	0.00542
7	0.01276	0.30245	0.33699	0.01255	0.01814	0.05186	0.05778	0.06240	0.01238	0.01639	0.06188	0.01237	0.00993	0.00531	0.00461	0.00147	0.00671	0.00408	0.00273	0.00721
8	0.00840	0.00790	0.05367	0.00771	0.00984	0.00693	0.00634	0.01320	0.16975	0.01815	0.26079	0.07977	0.28811	0.01105	0.00606	0.00179	0.00334	0.03646	0.00512	0.00563
9	0.00816	0.00552	0.00667	0.00659	0.00792	0.00500	0.00479	0.00976	0.02710	0.06727	0.23260	0.19493	0.29046	0.04984	0.00807	0.05197	0.00309	0.01047	0.00503	0.00476
10	0.09077	0.01048	0.01210	0.00967	0.01319	0.01070	0.00782	0.23339	0.08297	0.33892	0.06115	0.01805	0.01405	0.05273	0.00640	0.00183	0.00470	0.00538	0.01768	0.00804
11	0.04185	0.01466	0.05370	0.23196	0.32853	0.16326	0.01398	0.04082	0.01245	0.01606	0.00989	0.03117	0.00819	0.00536	0.00512	0.00160	0.00702	0.00460	0.00271	0.00708
12	0.00676	0.00518	0.00625	0.00696	0.00784	0.00482	0.00484	0.00857	0.05013	0.01438	0.05740	0.53789	0.23953	0.01503	0.00652	0.00201	0.00300	0.01333	0.00496	0.00457
13	0.00664	0.00526	0.00597	0.00602	0.00744	0.00460	0.00443	0.00827	0.01264	0.01623	0.26554	0.15493	0.45716	0.01307	0.00631	0.00180	0.00268	0.01123	0.00518	0.00460
14	0.04662	0.00992	0.03193	0.00949	0.01242	0.03268	0.00778	0.09541	0.09483	0.28560	0.05696	0.09779	0.10865	0.00882	0.00628	0.00177	0.05177	0.02881	0.00525	0.00721
15	0.01412	0.02852	0.01513	0.16420	0.03594	0.07370	0.08564	0.13797	0.14120	0.08297	0.02425	0.03302	0.02779	0.04371	0.00642	0.00186	0.00596	0.04168	0.02892	0.00701
16	0.03578	0.01021	0.01254	0.08483	0.09262	0.02374	0.00868	0.17599	0.02668	0.05019	0.05530	0.03948	0.01246	0.02429	0.05196	0.00188	0.00541	0.00501	0.06481	0.21815
17	0.15232	0.02289	0.01398	0.05127	0.07790	0.01194	0.06311	0.06975	0.03353	0.04465	0.01274	0.03249	0.03928	0.01117	0.10748	0.00266	0.19475	0.00513	0.04666	0.00627
18	0.15403	0.03630	0.03717	0.06454	0.11460	0.06623	0.00895	0.02966	0.02579	0.01604	0.03711	0.01986	0.08541	0.12398	0.05997	0.00264	0.10328	0.00548	0.00318	0.00578

[dist]
# distance from previous block
# <min> <max>
3	29

[block]
# block no. 6 follows, 46 sequences, length 9
# corresponding to MSA columns:
# 527-535
name=unknown_G
#
# <colnr> <probs for GDERKNQSTAVLIFYWHMCP>
#	G	D	E	R	K	N	Q	S	T	A	V	L	I	F	Y	W	H	M	C	P
0	0.03629	0.00546	0.00608	0.00599	0.00743	0.00524	0.00449	0.01130	0.01166	0.06082	0.11731	0.12019	0.16123	0.01085	0.04251	0.00187	0.00330	0.00781	0.37516	0.00502
1	0.06856	0.01153	0.01337	0.05389	0.17231	0.08092	0.00933	0.12788	0.03370	0.01865	0.01268	0.09175	0.01173	0.07204	0.02037	0.00187	0.00557	0.00544	0.00352	0.18489
2	0.01249	0.09694	0.09181	0.02035	0.02582	0.01405	0.62560	0.01681	0.01220	0.01646	0.01026	0.01342	0.00779	0.00451	0.00585	0.00171	0.00849	0.00570	0.00260	0.00715
3	0.00835	0.00541	0.00640	0.00641	0.00778	0.00485	0.00467	0.00991	0.01208	0.07793	0.17119	0.24074	0.28674	0.04002	0.00675	0.00190	0.00296	0.01065	0.09038	0.00488
4	0.00718	0.00516	0.00632	0.00678	0.00739	0.00493	0.00453	0.00855	0.03798	0.01402	0.12829	0.38638	0.11333	0.20461	0.01179	0.02896	0.00352	0.01148	0.00456	0.00423
5	0.03049	0.16402	0.27436	0.04150	0.04826	0.11711	0.04805	0.08429	0.09031	0.01761	0.01065	0.01195	0.00818	0.00532	0.00476	0.00153	0.00687	0.00410	0.02328	0.00738
6	0.00703	0.00500	0.00620	0.00684	0.00729	0.00481	0.00458	0.00784	0.00960	0.01262	0.02685	0.38828	0.10570	0.28244	0.04404	0.00337	0.00427	0.06499	0.00426	0.00401
7	0.00818	0.00533	0.00679	0.00735	0.00817	0.00522	0.00523	0.03317	0.01078	0.04212	0.02540	0.49397	0.04843	0.04353	0.08685	0.00273	0.00438	0.03852	0.11913	0.00473
8	0.04172	0.07461	0.08386	0.06446	0.11944	0.07154	0.03900	0.18339	0.04125	0.05595	0.02299	0.01404	0.02217	0.01762	0.02293	0.00184	0.09587	0.00471	0.01528	0.00732

[dist]
# distance from previous block
# <min> <max>
3	10

[block]
# block no. 7 follows, 46 sequences, length 19
# corresponding to MSA columns:
# 548-566
name=unknown_H
#
# <colnr> <probs for GDERKNQSTAVLIFYWHMCP>
#	G	D	E	R	K	N	Q	S	T	A	V	L	I	F	Y	W	H	M	C	P
0	0.01304	0.01128	0.01399	0.05377	0.17603	0.10091	0.04505	0.09175	0.05393	0.07385	0.04083	0.15687	0.06221	0.00968	0.03219	0.00198	0.00584	0.04603	0.00408	0.00670
1	0.01221	0.13106	0.07163	0.01198	0.01494	0.06949	0.09150	0.05394	0.09733	0.01689	0.11567	0.03822	0.03361	0.00842	0.03387	0.00192	0.15344	0.00564	0.00351	0.03474
2	0.07406	0.03632	0.01014	0.02490	0.02579	0.00918	0.00682	0.14473	0.03444	0.03314	0.01505	0.02344	0.01414	0.20379	0.21407	0.00423	0.00736	0.05624	0.05658	0.00558
3	0.01276	0.01267	0.15567	0.05466	0.05723	0.01022	0.03054	0.12691	0.04684	0.09735	0.06224	0.04739	0.04166	0.03660	0.00720	0.02174	0.03250	0.11749	0.00414	0.02418
4	0.11375	0.03327	0.08931	0.13201	0.01763	0.01105	0.08051	0.05917	0.15769	0.01880	0.04322	0.02004	0.09511	0.03049	0.00576	0.00177	0.00529	0.01318	0.03722	0.03474
5	0.00888	0.00606	0.00717	0.00689	0.00865	0.00554	0.00527	0.01145	0.05876	0.09283	0.24401	0.11683	0.34106	0.01201	0.00621	0.00181	0.00306	0.05289	0.00535	0.00530
6	0.16311	0.00851	0.00978	0.00823	0.01105	0.00855	0.00650	0.06377	0.05727	0.31251	0.04816	0.02030	0.03980	0.10189	0.06626	0.00254	0.00502	0.00553	0.05438	0.00685
7	0.01255	0.01150	0.01072	0.03276	0.03789	0.17879	0.00760	0.11531	0.03300	0.03769	0.24825	0.10322	0.08565	0.00924	0.00570	0.00166	0.00497	0.03027	0.02726	0.00598
8	0.04085	0.00861	0.05460	0.03619	0.01130	0.02637	0.00735	0.04947	0.05516	0.04255	0.01983	0.25358	0.04189	0.01324	0.08699	0.00250	0.06791	0.02488	0.15116	0.00557
9	0.01148	0.00691	0.00731	0.00665	0.00839	0.00728	0.00512	0.14331	0.03984	0.02135	0.01677	0.04091	0.01360	0.03297	0.04234	0.00180	0.00376	0.00533	0.57919	0.00567
10	0.00764	0.00612	0.00694	0.00715	0.00858	0.00593	0.00527	0.01113	0.13161	0.01581	0.09349	0.26890	0.32766	0.02975	0.00674	0.00199	0.00319	0.05202	0.00501	0.00507
11	0.01247	0.01146	0.01754	0.24206	0.38615	0.03478	0.01382	0.03693	0.06834	0.03098	0.03698	0.01487	0.01015	0.00554	0.00561	0.00165	0.03087	0.00494	0.02750	0.00734
12	0.01444	0.01065	0.01447	0.12704	0.05683	0.07522	0.10249	0.03136	0.08667	0.20372	0.05048	0.10484	0.04341	0.00771	0.00563	0.00174	0.00558	0.02821	0.02258	0.00693
13	0.00670	0.00482	0.00616	0.00713	0.00759	0.00452	0.00484	0.00764	0.01013	0.01331	0.02979	0.60118	0.10107	0.11297	0.00918	0.00249	0.00339	0.05818	0.00470	0.00421
14	0.00957	0.00765	0.01028	0.00953	0.01080	0.02331	0.02881	0.06598	0.03663	0.01480	0.01458	0.04730	0.01368	0.06929	0.45740	0.00582	0.09098	0.02740	0.05091	0.00528
15	0.01258	0.19249	0.25993	0.01415	0.07807	0.02259	0.08201	0.07311	0.01216	0.03899	0.01155	0.07105	0.01004	0.03095	0.00608	0.00170	0.03924	0.00505	0.03118	0.00709
16	0.01178	0.01084	0.09122	0.06038	0.03163	0.04893	0.03526	0.06411	0.02784	0.10385	0.08518	0.13167	0.07811	0.02686	0.09342	0.00257	0.05642	0.00725	0.02650	0.00619
17	0.05484	0.20410	0.04339	0.02756	0.05122	0.29804	0.00996	0.08021	0.01334	0.01593	0.00873	0.01031	0.00727	0.00532	0.00507	0.00136	0.05195	0.00354	0.02258	0.08527
18	0.01353	0.05358	0.08421	0.03896	0.10953	0.03712	0.00968	0.06281	0.04574	0.11467	0.03990	0.01506	0.03391	0.00651	0.02915	0.00153	0.00539	0.00449	0.00370	0.29053

[dist]
# distance from previous block
# <min> <max>
3	8

[block]
# block no. 8 follows, 46 sequences, length 13
# corresponding to MSA columns:
# 575-587
name=unknown_I
#
# <colnr> <probs for GDERKNQSTAVLIFYWHMCP>
#	G	D	E	R	K	N	Q	S	T	A	V	L	I	F	Y	W	H	M	C	P
0	0.00675	0.00526	0.00588	0.00596	0.00715	0.00474	0.00420	0.00795	0.01117	0.01412	0.12452	0.12420	0.43446	0.16574	0.05205	0.00280	0.00377	0.01043	0.00458	0.00428
1	0.00895	0.03996	0.08389	0.05483	0.05246	0.03124	0.00787	0.03682	0.02921	0.01663	0.19077	0.16677	0.20459	0.03088	0.00644	0.00185	0.00420	0.02273	0.00439	0.00551
2	0.03976	0.16498	0.24358	0.08957	0.08282	0.10223	0.03554	0.05690	0.03162	0.05167	0.01014	0.01182	0.00778	0.00526	0.00491	0.00153	0.01956	0.00404	0.02906	0.00722
3	0.01016	0.00872	0.03227	0.08030	0.07695	0.03199	0.00781	0.03450	0.03529	0.03481	0.13616	0.05060	0.11714	0.02992	0.06451	0.08486	0.00518	0.00651	0.00380	0.14851
4	0.00669	0.00513	0.00602	0.00643	0.00749	0.00460	0.00459	0.00799	0.01149	0.01472	0.13757	0.30063	0.34567	0.07224	0.00796	0.00216	0.00306	0.04626	0.00490	0.00440
5	0.01057	0.00830	0.07329	0.00846	0.01055	0.00690	0.03020	0.03406	0.04684	0.09500	0.08035	0.11064	0.06394	0.14512	0.00924	0.00234	0.00435	0.11097	0.14335	0.00554
6	0.03851	0.08815	0.15093	0.08837	0.08736	0.10796	0.07094	0.10105	0.02942	0.10996	0.02894	0.03408	0.01044	0.00601	0.00513	0.00161	0.00660	0.02367	0.00354	0.00733
7	0.01191	0.01069	0.01397	0.03788	0.01515	0.03626	0.10384	0.08262	0.05239	0.01796	0.03519	0.01666	0.02855	0.05964	0.00693	0.00155	0.04660	0.02334	0.00347	0.39540
8	0.00710	0.00489	0.00621	0.00688	0.00729	0.00465	0.00459	0.00771	0.00971	0.01283	0.05385	0.43065	0.08737	0.20975	0.01274	0.07105	0.00373	0.05076	0.00431	0.00394
9	0.01107	0.03822	0.05484	0.04343	0.09998	0.03413	0.09113	0.06813	0.04768	0.04289	0.03715	0.23643	0.09684	0.00975	0.00644	0.00184	0.04340	0.02638	0.00401	0.00626
10	0.01012	0.00945	0.04001	0.10566	0.05319	0.04831	0.00830	0.06054	0.06084	0.01701	0.11554	0.08038	0.15923	0.02957	0.05503	0.00219	0.02492	0.03197	0.02567	0.06205
11	0.01048	0.00852	0.02112	0.01003	0.06736	0.04522	0.00683	0.07134	0.06232	0.03785	0.03933	0.25792	0.03948	0.15399	0.02689	0.00249	0.01455	0.01871	0.04050	0.06509
12	0.01524	0.01249	0.05245	0.02143	0.03571	0.08406	0.00870	0.22448	0.10635	0.11258	0.04607	0.06530	0.07925	0.00750	0.00526	0.00159	0.00507	0.00606	0.06609	0.04432

[dist]
# distance from previous block
# <min> <max>
1	35

[block]
# block no. 9 follows, 46 sequences, length 17
# corresponding to MSA columns:
# 623-639
name=unknown_J
#
# <colnr> <probs for GDERKNQSTAVLIFYWHMCP>
#	G	D	E	R	K	N	Q	S	T	A	V	L	I	F	Y	W	H	M	C	P
0	0.01136	0.07085	0.33698	0.07910	0.01878	0.01259	0.01357	0.03808	0.14951	0.01649	0.01202	0.04111	0.00973	0.00737	0.00763	0.07023	0.08984	0.00482	0.00301	0.00693
1	0.03796	0.08638	0.13407	0.04468	0.14505	0.09150	0.04149	0.08381	0.08738	0.04831	0.01403	0.05280	0.04088	0.00641	0.00546	0.00162	0.03254	0.00521	0.03320	0.00722
2	0.05187	0.11329	0.40793	0.04465	0.10860	0.03209	0.03262	0.03666	0.01174	0.01696	0.04919	0.05011	0.01048	0.00580	0.00496	0.00161	0.00669	0.00473	0.00275	0.00725
3	0.00782	0.00613	0.00835	0.00798	0.00930	0.00580	0.05539	0.03049	0.02724	0.01611	0.19826	0.27246	0.17569	0.10017	0.00866	0.00226	0.00368	0.05461	0.00480	0.00480
4	0.10108	0.01399	0.14156	0.05706	0.07111	0.02606	0.04923	0.20079	0.08327	0.02209	0.06426	0.05332	0.01291	0.00660	0.00536	0.00166	0.02198	0.00540	0.05504	0.00723
5	0.06858	0.03018	0.07143	0.12884	0.09870	0.04438	0.14136	0.11784	0.05417	0.01844	0.01365	0.04998	0.05125	0.00674	0.00652	0.01675	0.06546	0.00557	0.00331	0.00685
6	0.05913	0.01042	0.00969	0.04100	0.01176	0.13324	0.00702	0.07374	0.07960	0.06671	0.01678	0.11983	0.01477	0.00780	0.00523	0.00159	0.02964	0.03186	0.27416	0.00602
7	0.00704	0.00559	0.00616	0.00614	0.00765	0.00499	0.00451	0.03618	0.01257	0.01586	0.16334	0.16655	0.49444	0.03645	0.00689	0.00191	0.00290	0.01117	0.00502	0.00465
8	0.01243	0.03025	0.26462	0.17300	0.04632	0.06041	0.01354	0.09246	0.05432	0.05082	0.01268	0.08396	0.01062	0.00783	0.03433	0.00197	0.03480	0.00538	0.00324	0.00702
9	0.02636	0.05133	0.04789	0.00970	0.02271	0.14577	0.00764	0.06371	0.04919	0.06821	0.04133	0.27098	0.11509	0.01135	0.02779	0.00196	0.00524	0.02354	0.00433	0.00588
10	0.06382	0.00622	0.00719	0.00755	0.00851	0.03396	0.02313	0.00934	0.02543	0.01456	0.04103	0.48274	0.10894	0.04196	0.00775	0.05347	0.00361	0.01150	0.04476	0.00451
11	0.01179	0.01010	0.01304	0.01138	0.01265	0.04898	0.03943	0.03964	0.06859	0.06370	0.02927	0.04921	0.02477	0.06225	0.14680	0.00332	0.31545	0.02014	0.02361	0.00590
12	0.05484	0.01242	0.03637	0.03518	0.19416	0.08194	0.08410	0.06349	0.04265	0.07064	0.06401	0.01981	0.01371	0.00707	0.00673	0.00176	0.09144	0.08128	0.03146	0.00695
13	0.01050	0.00578	0.00670	0.00646	0.00800	0.00548	0.00483	0.03826	0.01232	0.10972	0.09844	0.19732	0.10317	0.00971	0.00513	0.00159	0.00298	0.00829	0.35993	0.00537
14	0.00788	0.00513	0.00574	0.00571	0.00600	0.00507	0.00341	0.00838	0.00872	0.01223	0.06872	0.03375	0.04710	0.63819	0.02209	0.00432	0.00455	0.00761	0.10184	0.00357
15	0.09142	0.06136	0.00939	0.00754	0.00969	0.00868	0.00597	0.06219	0.09655	0.05774	0.11836	0.08713	0.13115	0.00958	0.02766	0.00181	0.02483	0.00703	0.17602	0.00588
16	0.13742	0.02856	0.03649	0.01015	0.01343	0.02594	0.05000	0.19727	0.15742	0.02236	0.05469	0.07991	0.09519	0.00784	0.00523	0.00168	0.00475	0.01947	0.00450	0.04772

[dist]
# distance from previous block
# <min> <max>
0	35

[block]
# block no. 10 follows, 46 sequences, length 22
# corresponding to MSA columns:
# 677-697,700
name=unknown_K
#
# <colnr> <probs for GDERKNQSTAVLIFYWHMCP>
#	G	D	E	R	K	N	Q	S	T	A	V	L	I	F	Y	W	H	M	C	P
0	0.03403	0.03615	0.02877	0.05577	0.03586	0.07913	0.03799	0.22367	0.06030	0.06715	0.01297	0.01446	0.00990	0.00707	0.02664	0.00175	0.07336	0.00469	0.16264	0.02773
1	0.00740	0.00491	0.00654	0.00738	0.00798	0.00454	0.00506	0.00855	0.01092	0.05194	0.11401	0.68437	0.03560	0.01542	0.00662	0.00207	0.00307	0.01393	0.00509	0.00460
2	0.01315	0.01108	0.01221	0.00947	0.03404	0.04915	0.00733	0.12425	0.01335	0.03975	0.01014	0.01139	0.00810	0.00444	0.00423	0.00097	0.00456	0.00349	0.00350	0.63539
3	0.01279	0.00909	0.01019	0.00838	0.01140	0.00886	0.00667	0.20576	0.05266	0.06404	0.09143	0.03620	0.11974	0.02191	0.00549	0.00152	0.00400	0.03245	0.11252	0.18490
4	0.03669	0.07992	0.17830	0.02842	0.20469	0.11556	0.02383	0.11303	0.07970	0.01861	0.01354	0.01475	0.05847	0.00586	0.00503	0.00157	0.00649	0.00473	0.00327	0.00754
5	0.00710	0.00534	0.00661	0.00714	0.00797	0.00513	0.00507	0.00884	0.03701	0.01506	0.13749	0.43989	0.17161	0.04956	0.00765	0.00213	0.02280	0.03835	0.02069	0.00458
6	0.00661	0.00489	0.00597	0.00675	0.00740	0.00449	0.00459	0.00757	0.01034	0.01335	0.03343	0.50754	0.21235	0.11550	0.00917	0.00244	0.00329	0.03540	0.00469	0.00422
7	0.01254	0.00990	0.01361	0.03139	0.12152	0.01027	0.07003	0.12731	0.15721	0.06274	0.09467	0.09003	0.06057	0.04379	0.00671	0.00192	0.00491	0.05757	0.01639	0.00694
8	0.01214	0.01206	0.07008	0.06533	0.06515	0.06108	0.00920	0.10679	0.01281	0.01799	0.03483	0.04106	0.03397	0.03539	0.02692	0.00165	0.04562	0.00477	0.01310	0.33006
9	0.03626	0.00633	0.00788	0.00736	0.00893	0.00638	0.00564	0.01095	0.03563	0.05382	0.25334	0.03238	0.19069	0.05581	0.20316	0.00355	0.03463	0.00791	0.00447	0.03489
10	0.01220	0.00717	0.00901	0.00824	0.01000	0.00714	0.00621	0.03399	0.06247	0.21151	0.07050	0.24360	0.12886	0.09324	0.00901	0.00222	0.06434	0.00928	0.00505	0.00595
11	0.04807	0.01126	0.01243	0.01087	0.04024	0.12011	0.06195	0.05380	0.04794	0.07625	0.10805	0.05381	0.08751	0.03745	0.03114	0.00188	0.04436	0.00616	0.00402	0.14270
12	0.00996	0.00818	0.00920	0.03257	0.01106	0.04494	0.00622	0.01255	0.05552	0.04877	0.15278	0.14910	0.12621	0.03810	0.00658	0.00165	0.03017	0.00775	0.00432	0.24436
13	0.00683	0.00486	0.00601	0.00680	0.00730	0.00456	0.00455	0.00772	0.00999	0.01321	0.02952	0.50970	0.12879	0.17310	0.01059	0.00267	0.00347	0.03883	0.02735	0.00414
14	0.00740	0.00514	0.00622	0.00646	0.00678	0.00512	0.00412	0.00799	0.00885	0.01185	0.05280	0.17147	0.06076	0.49810	0.09910	0.00456	0.00545	0.03038	0.00371	0.00374
15	0.01258	0.03475	0.01581	0.17439	0.16265	0.07595	0.05961	0.09846	0.03444	0.01737	0.01230	0.05873	0.01052	0.00868	0.06196	0.00213	0.05191	0.00535	0.09578	0.00661
16	0.00697	0.00586	0.03896	0.00728	0.00826	0.00488	0.00545	0.00831	0.01063	0.01413	0.05390	0.48871	0.15855	0.07419	0.00801	0.00226	0.00344	0.06250	0.03323	0.00447
17	0.00814	0.00649	0.00933	0.00903	0.00970	0.00786	0.00698	0.00968	0.00845	0.01223	0.01412	0.06666	0.01405	0.10603	0.55223	0.00683	0.13835	0.00623	0.00291	0.00472
18	0.01321	0.09654	0.01351	0.05543	0.02639	0.09852	0.02976	0.07787	0.07807	0.08068	0.10089	0.08005	0.03976	0.00868	0.02361	0.00181	0.05659	0.03251	0.07974	0.00639
19	0.03223	0.08798	0.01756	0.01797	0.26160	0.05458	0.08311	0.02520	0.02938	0.06700	0.05981	0.06622	0.03630	0.02056	0.02875	0.00188	0.04501	0.02589	0.00345	0.03551
20	0.01032	0.00771	0.00935	0.03609	0.04339	0.00788	0.00689	0.03733	0.19629	0.07235	0.17058	0.14509	0.18375	0.01058	0.00598	0.00182	0.00368	0.03963	0.00513	0.00616
21	0.01237	0.03419	0.03632	0.17048	0.09063	0.06295	0.02694	0.09183	0.04469	0.04071	0.03066	0.07680	0.01271	0.02968	0.02937	0.00189	0.02696	0.03171	0.03676	0.11237

[dist]
# distance from previous block
# <min> <max>
6	13

[block]
# block no. 11 follows, 46 sequences, length 13
# corresponding to MSA columns:
# 716-724,760-763
name=unknown_L
#
# <colnr> <probs for GDERKNQSTAVLIFYWHMCP>
#	G	D	E	R	K	N	Q	S	T	A	V	L	I	F	Y	W	H	M	C	P
0	0.01252	0.07390	0.14306	0.01961	0.26231	0.05725	0.10784	0.01634	0.04792	0.03100	0.01138	0.04264	0.00960	0.00754	0.04845	0.00200	0.05569	0.00504	0.02622	0.01969
1	0.00728	0.00534	0.00652	0.00698	0.00794	0.00502	0.00493	0.03149	0.02751	0.01603	0.16326	0.46141	0.17365	0.01403	0.00637	0.00193	0.00298	0.01243	0.04020	0.00470
2	0.03465	0.01453	0.13926	0.12645	0.24228	0.01277	0.08550	0.13168	0.03724	0.08445	0.01143	0.01344	0.00853	0.00543	0.00562	0.00167	0.02911	0.00478	0.00336	0.00784
3	0.01446	0.26865	0.15921	0.05107	0.03615	0.05743	0.12099	0.05451	0.03216	0.10315	0.03338	0.01278	0.00934	0.00535	0.00499	0.00151	0.02004	0.00437	0.00318	0.00731
4	0.00647	0.00491	0.00597	0.00666	0.00752	0.00441	0.00463	0.00767	0.01117	0.01444	0.10440	0.50026	0.27231	0.01504	0.00654	0.00199	0.00289	0.01331	0.00499	0.00441
5	0.00747	0.00535	0.00657	0.00701	0.00808	0.00493	0.00501	0.00931	0.03970	0.04321	0.14074	0.43291	0.22372	0.01419	0.00646	0.00196	0.00302	0.03047	0.00511	0.00477
6	0.00771	0.00567	0.00731	0.04058	0.00940	0.00572	0.00562	0.03139	0.03956	0.01480	0.08087	0.38928	0.12199	0.03698	0.10830	0.04411	0.00479	0.01087	0.03035	0.00467
7	0.03899	0.01182	0.06302	0.12984	0.26213	0.03503	0.02533	0.09489	0.01253	0.01778	0.03137	0.08092	0.01207	0.05022	0.00716	0.00187	0.05598	0.00574	0.05650	0.00679
8	0.00763	0.00540	0.00603	0.00618	0.00720	0.00517	0.00429	0.00950	0.04769	0.01475	0.06715	0.18151	0.24865	0.19381	0.03518	0.00272	0.00369	0.00960	0.13940	0.00445
9	0.00669	0.00482	0.00619	0.00718	0.00765	0.00452	0.00490	0.00766	0.01019	0.01339	0.02999	0.61069	0.10054	0.09819	0.00881	0.00244	0.00337	0.06382	0.00473	0.00424
10	0.01473	0.07782	0.08023	0.05845	0.10090	0.09728	0.05275	0.07095	0.05843	0.13476	0.01419	0.04387	0.02937	0.00763	0.03352	0.00187	0.06167	0.00518	0.04927	0.00714
11	0.03076	0.18532	0.16772	0.03792	0.01764	0.21970	0.04835	0.10434	0.01365	0.05289	0.00971	0.01125	0.00762	0.00666	0.03417	0.00175	0.03659	0.00393	0.00300	0.00703
12	0.03741	0.04425	0.21431	0.11395	0.03697	0.05262	0.06107	0.06778	0.02780	0.03637	0.02409	0.05987	0.01135	0.05170	0.03143	0.00203	0.00639	0.00532	0.10879	0.00651

[dist]
# distance from previous block
# <min> <max>
21	62

[block]
# block no. 12 follows, 46 sequences, length 6
# corresponding to MSA columns:
# 847-852
name=unknown_M
#
# <colnr> <probs for GDERKNQSTAVLIFYWHMCP>
#	G	D	E	R	K	N	Q	S	T	A	V	L	I	F	Y	W	H	M	C	P
0	0.01128	0.08150	0.01306	0.05931	0.11449	0.03839	0.00828	0.05099	0.05001	0.03597	0.16324	0.07191	0.08710	0.00754	0.00517	0.00145	0.00446	0.00640	0.00401	0.18544
1	0.01318	0.12643	0.11995	0.06935	0.13303	0.07880	0.05948	0.09849	0.06904	0.03125	0.01594	0.04420	0.07997	0.00672	0.00521	0.00162	0.00617	0.03063	0.00344	0.00710
2	0.32913	0.04886	0.05889	0.00951	0.04913	0.01038	0.03396	0.07642	0.01210	0.02064	0.08636	0.02217	0.14888	0.00745	0.00472	0.00166	0.00440	0.03431	0.03504	0.00601
3	0.32609	0.04595	0.11462	0.03714	0.08017	0.03330	0.07704	0.05511	0.01170	0.10597	0.01135	0.05976	0.00916	0.00584	0.00458	0.00165	0.00557	0.00464	0.00351	0.00685
4	0.03488	0.06807	0.01037	0.06950	0.01193	0.00849	0.00661	0.05053	0.05844	0.01748	0.19209	0.06159	0.20381	0.04204	0.00671	0.00173	0.03110	0.00756	0.00433	0.11273
5	0.04126	0.01193	0.13873	0.01189	0.06424	0.00961	0.05863	0.11969	0.04334	0.06090	0.12420	0.06066	0.07500	0.00992	0.05437	0.00212	0.00559	0.03680	0.06449	0.00665

[dist]
# distance from previous block
# <min> <max>
8	25

[block]
# block no. 13 follows, 46 sequences, length 10
# corresponding to MSA columns:
# 878-887
name=unknown_N
#
# <colnr> <probs for GDERKNQSTAVLIFYWHMCP>
#	G	D	E	R	K	N	Q	S	T	A	V	L	I	F	Y	W	H	M	C	P
0	0.22360	0.00974	0.01064	0.00895	0.01211	0.01008	0.00726	0.19083	0.01510	0.23487	0.05604	0.09302	0.04997	0.00799	0.00513	0.00172	0.00441	0.04632	0.00509	0.00712
1	0.04367	0.41924	0.06397	0.05462	0.05057	0.07066	0.03040	0.05998	0.02871	0.01542	0.00950	0.04137	0.00839	0.00526	0.00417	0.00132	0.00591	0.00390	0.00279	0.08016
2	0.05647	0.00897	0.01020	0.00959	0.04146	0.00938	0.00723	0.13668	0.16841	0.06989	0.09676	0.06569	0.11654	0.00933	0.01902	0.00182	0.00420	0.06081	0.07798	0.02958
3	0.00679	0.00513	0.00631	0.00701	0.00784	0.00478	0.00488	0.00855	0.04341	0.01480	0.10948	0.54016	0.19155	0.01492	0.00653	0.00201	0.00298	0.01328	0.00502	0.00457
4	0.04636	0.00581	0.00701	0.00706	0.00831	0.00543	0.00507	0.00963	0.01072	0.03611	0.10782	0.30169	0.09300	0.13751	0.03866	0.00258	0.00396	0.05742	0.03228	0.08357
5	0.03707	0.27194	0.22302	0.01212	0.03792	0.07415	0.04885	0.03431	0.01193	0.01569	0.06374	0.01678	0.05026	0.00690	0.01976	0.00166	0.02452	0.03976	0.00294	0.00670
6	0.00652	0.00478	0.00604	0.00694	0.00750	0.00439	0.00469	0.00753	0.01050	0.01379	0.06482	0.62229	0.14792	0.05633	0.00767	0.00222	0.00309	0.01383	0.00486	0.00429
7	0.00728	0.00522	0.00657	0.00708	0.00790	0.00497	0.00502	0.00924	0.03905	0.01608	0.21975	0.41822	0.08383	0.05570	0.00746	0.00211	0.00310	0.04859	0.04820	0.00463
8	0.07583	0.07355	0.06343	0.06814	0.19924	0.01180	0.02782	0.12472	0.03547	0.01882	0.01560	0.08257	0.05254	0.03134	0.00613	0.00180	0.02226	0.05344	0.02866	0.00684
9	0.01554	0.02676	0.04079	0.01469	0.14355	0.19201	0.01022	0.14169	0.12524	0.07578	0.05330	0.04875	0.04565	0.00698	0.00530	0.00160	0.00603	0.02108	0.00415	0.02087

[dist]
# distance from previous block
# <min> <max>
0	6

[block]
# block no. 14 follows, 46 sequences, length 17
