[name]
unknown

[dist]
# distance from previous block
# <min> <max>
15	770

[block]
# block no. 0 follows, 53 sequences, length 20
# corresponding to MSA columns:
# 1510-1529
name=unknown_A
#
# <colnr> <probs for GDERKNQSTAVLIFYWHMCP>
#	G	D	E	R	K	N	Q	S	T	A	V	L	I	F	Y	W	H	M	C	P
0	0.05321	0.05289	0.03060	0.00825	0.01078	0.00944	0.00679	0.29451	0.01481	0.04060	0.05738	0.16722	0.17736	0.00907	0.00514	0.00159	0.00399	0.04610	0.00438	0.00590
1	0.00958	0.04645	0.13692	0.00820	0.01186	0.05034	0.00760	0.03239	0.03114	0.01561	0.11455	0.03788	0.11897	0.00628	0.00444	0.00119	0.00417	0.01655	0.00333	0.34254
2	0.03477	0.00657	0.00773	0.00683	0.00884	0.00606	0.00514	0.06147	0.04978	0.01702	0.26856	0.18429	0.06123	0.04413	0.00584	0.00154	0.00310	0.00756	0.00424	0.21529
3	0.35256	0.16479	0.09799	0.00771	0.01158	0.01091	0.00724	0.01376	0.00927	0.03952	0.00827	0.03407	0.00692	0.00453	0.00344	0.00122	0.00427	0.00315	0.00278	0.21603
4	0.00887	0.00664	0.00750	0.00715	0.00864	0.00666	0.00527	0.19836	0.01277	0.01663	0.02805	0.36959	0.23408	0.05849	0.00669	0.00188	0.00339	0.00998	0.00443	0.00491
5	0.01276	0.54867	0.02297	0.01349	0.18207	0.01652	0.04742	0.05588	0.03566	0.01366	0.00796	0.00934	0.00687	0.00429	0.00370	0.00118	0.00534	0.00325	0.00237	0.00661
6	0.00959	0.00609	0.00871	0.03869	0.00946	0.00630	0.05439	0.08973	0.03388	0.01246	0.01110	0.01591	0.03343	0.03920	0.01403	0.53592	0.00440	0.00460	0.06856	0.00355
7	0.00582	0.00419	0.00552	0.00658	0.00691	0.00389	0.00441	0.00666	0.00922	0.01223	0.02721	0.79802	0.06194	0.01486	0.00608	0.00193	0.00276	0.01345	0.00444	0.00389
8	0.00788	0.00552	0.00623	0.00593	0.00646	0.00566	0.00375	0.05158	0.06064	0.01236	0.11270	0.02984	0.02013	0.62947	0.01963	0.00387	0.00432	0.00691	0.00342	0.00370
9	0.01000	0.12792	0.39019	0.23632	0.02257	0.01231	0.05108	0.01397	0.00976	0.01356	0.00819	0.01066	0.00623	0.00479	0.00524	0.00151	0.06359	0.00374	0.00208	0.00630
10	0.11505	0.15969	0.01484	0.01063	0.01315	0.36364	0.00863	0.08869	0.01204	0.01460	0.00756	0.00910	0.00637	0.00535	0.00573	0.00137	0.13393	0.00325	0.02060	0.00577
11	0.18596	0.02823	0.11215	0.00983	0.01351	0.03358	0.06204	0.05375	0.22615	0.05339	0.01199	0.01263	0.00912	0.00667	0.04728	0.00174	0.00517	0.00405	0.00347	0.11929
12	0.03347	0.38107	0.13674	0.01024	0.01372	0.09654	0.00996	0.03985	0.01005	0.01294	0.00730	0.00911	0.00636	0.00584	0.02462	0.00149	0.16166	0.00319	0.00224	0.03361
13	0.07267	0.07186	0.03792	0.00898	0.01135	0.03476	0.04925	0.20987	0.01280	0.01847	0.01410	0.18679	0.01337	0.00890	0.04427	0.00180	0.04639	0.00610	0.14466	0.00571
14	0.01371	0.05721	0.22216	0.01263	0.05725	0.20873	0.01143	0.04465	0.05631	0.09609	0.00963	0.01089	0.00740	0.00547	0.00622	0.00148	0.13689	0.00376	0.00285	0.03523
15	0.02405	0.00902	0.05087	0.00857	0.03617	0.09110	0.00647	0.05315	0.04933	0.03062	0.10199	0.29777	0.08701	0.03574	0.00580	0.00165	0.00399	0.00822	0.00394	0.09453
16	0.01002	0.06072	0.37138	0.02978	0.04201	0.05253	0.04822	0.03706	0.01004	0.01415	0.00994	0.01350	0.00829	0.08039	0.09047	0.03289	0.00689	0.00414	0.04939	0.02820
17	0.01143	0.02904	0.01295	0.09500	0.11282	0.01014	0.00872	0.13182	0.06710	0.01713	0.01023	0.04357	0.00863	0.00525	0.00541	0.00126	0.08661	0.00412	0.00311	0.33566
18	0.01134	0.05320	0.01313	0.16321	0.17151	0.03849	0.00938	0.09200	0.07827	0.02686	0.02862	0.01433	0.00963	0.00679	0.00657	0.11223	0.02217	0.01985	0.07492	0.04749
19	0.01256	0.03234	0.01548	0.01539	0.19967	0.06414	0.10710	0.11458	0.12700	0.04032	0.01191	0.02932	0.00979	0.05087	0.00654	0.00164	0.06241	0.00478	0.05491	0.03925

[dist]
# distance from previous block
# <min> <max>
19	198

[block]
# block no. 1 follows, 53 sequences, length 6
# corresponding to MSA columns:
# 1843-1848
name=unknown_B
#
# <colnr> <probs for GDERKNQSTAVLIFYWHMCP>
#	G	D	E	R	K	N	Q	S	T	A	V	L	I	F	Y	W	H	M	C	P
0	0.00984	0.07894	0.01271	0.01033	0.06975	0.00861	0.10889	0.05811	0.03715	0.05967	0.08352	0.06646	0.27771	0.00820	0.00559	0.00151	0.04095	0.00704	0.00380	0.05121
1	0.01017	0.06029	0.09289	0.00895	0.01279	0.00831	0.05856	0.07963	0.01098	0.01595	0.01178	0.15020	0.01122	0.00586	0.00430	0.00114	0.00431	0.00504	0.00312	0.44452
2	0.01205	0.07259	0.04802	0.09086	0.43962	0.05184	0.09476	0.01488	0.01113	0.05710	0.05378	0.01307	0.00954	0.00471	0.00474	0.00143	0.00587	0.00447	0.00267	0.00689
3	0.05161	0.07289	0.01622	0.10649	0.11825	0.11928	0.12894	0.07360	0.13005	0.07472	0.01306	0.01414	0.04902	0.00534	0.00469	0.00146	0.00579	0.00463	0.00329	0.00655
4	0.01141	0.01108	0.07154	0.09681	0.04386	0.04404	0.07646	0.15972	0.07750	0.01772	0.04479	0.09091	0.02947	0.00659	0.00569	0.00151	0.07120	0.00546	0.06581	0.06842
5	0.01106	0.11159	0.09674	0.14733	0.03505	0.07478	0.16176	0.06228	0.02707	0.01474	0.01297	0.04222	0.07757	0.00548	0.00467	0.00139	0.00588	0.00486	0.00278	0.09978

[dist]
# distance from previous block
# <min> <max>
0	1

[block]
# block no. 2 follows, 53 sequences, length 9
# corresponding to MSA columns:
# 1850-1858
name=unknown_C
#
# <colnr> <probs for GDERKNQSTAVLIFYWHMCP>
#	G	D	E	R	K	N	Q	S	T	A	V	L	I	F	Y	W	H	M	C	P
0	0.01165	0.01042	0.03303	0.08524	0.28227	0.03333	0.04105	0.06005	0.05707	0.06317	0.04969	0.04377	0.02617	0.00582	0.00536	0.00145	0.04792	0.02761	0.00320	0.11173
1	0.06817	0.02954	0.04627	0.02806	0.07374	0.05797	0.06586	0.08797	0.04353	0.05971	0.07360	0.06743	0.03450	0.03245	0.00608	0.00154	0.06431	0.02118	0.00344	0.13464
2	0.01258	0.04315	0.01256	0.04026	0.03783	0.06572	0.06538	0.08848	0.04538	0.13737	0.13574	0.01916	0.02840	0.00759	0.02430	0.02578	0.06229	0.04729	0.02269	0.07805
3	0.09273	0.04824	0.07029	0.01104	0.04967	0.09304	0.09146	0.10338	0.02363	0.09649	0.09899	0.04408	0.02684	0.03963	0.00575	0.00156	0.02901	0.00500	0.00354	0.06562
4	0.04393	0.03282	0.20261	0.03649	0.06499	0.04808	0.07398	0.14207	0.04411	0.04093	0.02887	0.01296	0.02440	0.00679	0.03560	0.02913	0.04878	0.00427	0.01984	0.05937
5	0.04594	0.11773	0.08097	0.01097	0.07969	0.04988	0.03905	0.11339	0.08852	0.08776	0.09403	0.05865	0.04679	0.00633	0.00459	0.00142	0.00468	0.00522	0.03546	0.02894
6	0.03748	0.09397	0.06125	0.04882	0.10174	0.09048	0.05855	0.06026	0.03335	0.08524	0.01614	0.06637	0.11335	0.03722	0.00600	0.00159	0.04803	0.00543	0.00328	0.03144
7	0.11896	0.09970	0.05954	0.02746	0.06468	0.04520	0.03534	0.12189	0.04905	0.06062	0.04274	0.08965	0.01177	0.03989	0.00579	0.00158	0.04762	0.00501	0.03071	0.04280
8	0.03911	0.21418	0.05544	0.06886	0.04807	0.08900	0.03040	0.08520	0.01128	0.04965	0.03847	0.06014	0.04099	0.00671	0.00590	0.06116	0.04806	0.00456	0.00295	0.03986

[dist]
# distance from previous block
# <min> <max>
71	335

[block]
# block no. 3 follows, 53 sequences, length 8
# corresponding to MSA columns:
# 2394-2401
name=unknown_D
#
# <colnr> <probs for GDERKNQSTAVLIFYWHMCP>
#	G	D	E	R	K	N	Q	S	T	A	V	L	I	F	Y	W	H	M	C	P
0	0.01310	0.02693	0.08824	0.06534	0.07375	0.01087	0.00946	0.13715	0.28947	0.11806	0.02953	0.04786	0.01310	0.00654	0.00492	0.00158	0.00467	0.04804	0.00425	0.00713
1	0.01036	0.00679	0.00749	0.00684	0.00809	0.03718	0.00478	0.06306	0.06353	0.12686	0.08809	0.10104	0.04979	0.38909	0.01404	0.00298	0.00422	0.00710	0.00399	0.00469
2	0.09528	0.45957	0.05955	0.00980	0.01379	0.06742	0.08364	0.01616	0.04115	0.10064	0.00893	0.00971	0.00711	0.00449	0.00372	0.00123	0.00542	0.00330	0.00273	0.00636
3	0.02713	0.09897	0.24433	0.01395	0.12179	0.05068	0.09386	0.05202	0.01157	0.09135	0.06225	0.01261	0.00973	0.00486	0.00451	0.00136	0.00578	0.00415	0.00294	0.08614
4	0.09503	0.06626	0.01701	0.15522	0.29335	0.13608	0.08528	0.01474	0.01070	0.01468	0.00831	0.01079	0.00676	0.00439	0.00440	0.00137	0.00611	0.00384	0.00241	0.06328
5	0.25656	0.03114	0.01092	0.00882	0.01160	0.09570	0.08054	0.08498	0.02532	0.08288	0.05879	0.01836	0.14521	0.00845	0.05929	0.00190	0.00518	0.00510	0.00363	0.00563
6	0.01248	0.01031	0.01180	0.06675	0.01392	0.08576	0.05401	0.14969	0.08056	0.07126	0.05412	0.05006	0.01293	0.03730	0.00544	0.00148	0.00482	0.05485	0.02319	0.19927
7	0.14573	0.05100	0.01092	0.00855	0.01154	0.07307	0.00685	0.13021	0.12944	0.12247	0.04269	0.06658	0.01184	0.00742	0.04287	0.00167	0.00474	0.00469	0.00396	0.12376

[dist]
# distance from previous block
# <min> <max>
33	299

[block]
# block no. 4 follows, 53 sequences, length 12
# corresponding to MSA columns:
# 2794-2805
name=unknown_E
#
# <colnr> <probs for GDERKNQSTAVLIFYWHMCP>
#	G	D	E	R	K	N	Q	S	T	A	V	L	I	F	Y	W	H	M	C	P
0	0.01181	0.05600	0.05601	0.11377	0.19824	0.00989	0.10773	0.02876	0.04654	0.12079	0.04762	0.01665	0.08359	0.00555	0.00479	0.00143	0.00517	0.00504	0.00329	0.07733
1	0.01090	0.00906	0.01095	0.06923	0.05697	0.00855	0.00728	0.04367	0.20714	0.04139	0.04113	0.01417	0.02746	0.00497	0.00423	0.00114	0.00394	0.00414	0.00355	0.43012
2	0.02938	0.01023	0.01743	0.29145	0.38188	0.01085	0.08240	0.01477	0.02803	0.07308	0.00980	0.01261	0.00756	0.00459	0.00480	0.00151	0.00592	0.00441	0.00262	0.00670
3	0.03053	0.01073	0.01453	0.19549	0.13207	0.01269	0.01084	0.25329	0.03278	0.01845	0.00948	0.01208	0.00756	0.00754	0.05195	0.00196	0.18416	0.00429	0.00309	0.00649
4	0.00684	0.00504	0.00724	0.00722	0.00797	0.00568	0.00544	0.00835	0.00801	0.01144	0.07130	0.02176	0.01515	0.14396	0.64435	0.00680	0.01089	0.00563	0.00281	0.00410
5	0.00683	0.00512	0.00768	0.00768	0.00853	0.00597	0.00597	0.00853	0.00768	0.01110	0.01280	0.01878	0.01195	0.03585	0.81308	0.00768	0.01280	0.00512	0.00256	0.00427
6	0.01139	0.01115	0.01841	0.13027	0.60218	0.03845	0.05305	0.01420	0.01075	0.01488	0.00963	0.04622	0.00836	0.00479	0.00483	0.00147	0.00587	0.00468	0.00243	0.00699
7	0.00732	0.00489	0.00664	0.00661	0.00689	0.00531	0.00456	0.00744	0.00715	0.00987	0.01305	0.07037	0.01391	0.30685	0.26497	0.21087	0.04139	0.00600	0.00265	0.00328
8	0.03518	0.01002	0.01508	0.13668	0.31755	0.01062	0.03894	0.05062	0.09550	0.01594	0.01019	0.01265	0.00825	0.00612	0.03244	0.01703	0.05468	0.00425	0.02461	0.10365
9	0.00643	0.00474	0.00561	0.00573	0.00667	0.00429	0.00397	0.00720	0.00951	0.01231	0.09157	0.23074	0.30216	0.14436	0.03073	0.07764	0.00332	0.00938	0.00393	0.03970
10	0.19944	0.00827	0.00968	0.09080	0.12325	0.02724	0.00713	0.05697	0.06392	0.01650	0.05670	0.03355	0.01234	0.16235	0.00848	0.03071	0.00442	0.00491	0.07816	0.00521
11	0.01018	0.00853	0.01217	0.05226	0.27010	0.00798	0.00853	0.03975	0.01013	0.01492	0.01058	0.04555	0.00964	0.08766	0.00708	0.05214	0.00446	0.00443	0.06002	0.28389

[dist]
# distance from previous block
# <min> <max>
0	7

[block]
# block no. 5 follows, 53 sequences, length 82
# corresponding to MSA columns:
# 2813-2855,2857-2895
name=unknown_F
#
# <colnr> <probs for GDERKNQSTAVLIFYWHMCP>
#	G	D	E	R	K	N	Q	S	T	A	V	L	I	F	Y	W	H	M	C	P
0	0.00973	0.01419	0.26762	0.01117	0.01400	0.05712	0.01113	0.01277	0.03329	0.01310	0.00937	0.01265	0.00799	0.01297	0.18831	0.02110	0.24229	0.00413	0.03225	0.02483
1	0.00624	0.00478	0.00541	0.00536	0.00645	0.00428	0.00380	0.00751	0.01084	0.01405	0.26584	0.08197	0.38416	0.16750	0.00922	0.00217	0.00281	0.00925	0.00439	0.00395
2	0.01203	0.01180	0.01900	0.04893	0.74660	0.04778	0.01439	0.01481	0.01097	0.01535	0.00890	0.01171	0.00748	0.00430	0.00471	0.00142	0.00583	0.00420	0.00236	0.00742
3	0.00618	0.00486	0.00557	0.00540	0.00678	0.00426	0.00405	0.00788	0.01214	0.01587	0.40394	0.04113	0.44290	0.01100	0.00564	0.00156	0.00234	0.00940	0.00483	0.00426
4	0.01227	0.01006	0.01353	0.29872	0.03784	0.01207	0.01048	0.14170	0.17942	0.06934	0.01163	0.01343	0.00879	0.00601	0.00675	0.00165	0.15189	0.00453	0.00339	0.00647
5	0.00747	0.00499	0.00624	0.00664	0.00712	0.00495	0.00477	0.00833	0.00866	0.02884	0.01943	0.08671	0.02167	0.47642	0.01656	0.00355	0.00443	0.27604	0.00359	0.00360
6	0.01336	0.74241	0.02374	0.00865	0.01255	0.10933	0.00830	0.01486	0.01015	0.01130	0.00673	0.00778	0.00614	0.00418	0.00321	0.00105	0.00551	0.00262	0.00209	0.00607
7	0.00903	0.00850	0.01434	0.82054	0.03292	0.01062	0.01327	0.01221	0.00956	0.01221	0.00850	0.01274	0.00637	0.00478	0.00478	0.00159	0.00637	0.00425	0.00212	0.00531
8	0.00582	0.00416	0.00555	0.00666	0.00693	0.00388	0.00444	0.00666	0.00915	0.01220	0.02634	0.82891	0.03161	0.01497	0.00610	0.00194	0.00277	0.01359	0.00444	0.00388
9	0.01333	0.01278	0.16137	0.03254	0.19077	0.01029	0.09254	0.09860	0.06211	0.16850	0.01269	0.01530	0.00978	0.05274	0.02163	0.00181	0.00576	0.02690	0.00349	0.00706
10	0.00582	0.00416	0.00555	0.00666	0.00693	0.00388	0.00444	0.00666	0.00915	0.01220	0.02634	0.82891	0.03161	0.01497	0.00610	0.00194	0.00277	0.01359	0.00444	0.00388
11	0.00611	0.00437	0.00587	0.00694	0.00735	0.00412	0.00489	0.00717	0.00952	0.01267	0.04611	0.70060	0.03139	0.01459	0.00616	0.00197	0.00299	0.11876	0.00445	0.00397
12	0.02064	0.00845	0.01118	0.00864	0.01226	0.00760	0.00711	0.06745	0.04146	0.71775	0.03356	0.01642	0.01236	0.00600	0.00482	0.00148	0.00409	0.00487	0.00580	0.00804
13	0.00645	0.00436	0.00581	0.00666	0.00713	0.00405	0.00453	0.00744	0.00969	0.04054	0.09273	0.73213	0.03208	0.01421	0.00602	0.00189	0.00277	0.01285	0.00456	0.00408
14	0.00621	0.00435	0.00540	0.00608	0.00631	0.00415	0.00387	0.00677	0.00844	0.01119	0.02314	0.52063	0.05348	0.30261	0.01250	0.00288	0.00342	0.01113	0.00389	0.00354
15	0.01278	0.83490	0.02505	0.00818	0.01227	0.01891	0.00818	0.01431	0.00971	0.01125	0.00664	0.00767	0.00613	0.00409	0.00307	0.00102	0.00511	0.00256	0.00204	0.00613
16	0.00915	0.00869	0.01462	0.75807	0.03158	0.01088	0.02804	0.01223	0.00946	0.01223	0.00839	0.01261	0.00638	0.00497	0.00543	0.00162	0.05390	0.00427	0.00213	0.00533
17	0.01615	0.26789	0.01694	0.01099	0.01395	0.54956	0.00887	0.01783	0.03507	0.01180	0.00751	0.00860	0.00640	0.00472	0.00395	0.00118	0.00742	0.00299	0.00241	0.00578
18	0.00661	0.00509	0.00674	0.00716	0.00797	0.00485	0.02894	0.00852	0.06724	0.01295	0.02582	0.63999	0.07913	0.03715	0.00640	0.00192	0.00307	0.01194	0.00430	0.03420
19	0.02384	0.01102	0.01171	0.01030	0.01261	0.05186	0.00815	0.09072	0.52865	0.01892	0.01572	0.01556	0.01209	0.00752	0.03167	0.00185	0.13163	0.00495	0.00421	0.00702
20	0.00693	0.00478	0.00623	0.04616	0.00788	0.00470	0.00460	0.00746	0.00895	0.01177	0.10822	0.16065	0.15536	0.18458	0.04691	0.17509	0.00401	0.04865	0.00354	0.00352
21	0.00829	0.02311	0.00764	0.03194	0.04849	0.00609	0.00521	0.03922	0.04234	0.03017	0.08880	0.16502	0.03665	0.29563	0.03741	0.02784	0.00421	0.03555	0.06210	0.00430
22	0.00974	0.02013	0.55591	0.01380	0.01917	0.01146	0.09645	0.01421	0.00965	0.01436	0.00858	0.01095	0.00656	0.00690	0.05339	0.00197	0.13419	0.00395	0.00210	0.00655
23	0.01018	0.00852	0.00922	0.00847	0.01070	0.00943	0.00656	0.03913	0.51041	0.01876	0.13283	0.05334	0.12223	0.00817	0.00517	0.00163	0.00341	0.03056	0.00483	0.00646
24	0.00647	0.00471	0.00565	0.00597	0.00670	0.00441	0.00415	0.00754	0.02145	0.01264	0.12047	0.25403	0.22270	0.20064	0.01065	0.03852	0.00323	0.06220	0.00409	0.00379
25	0.00704	0.00475	0.00591	0.00618	0.00713	0.00430	0.00438	0.00826	0.01055	0.06299	0.17899	0.39002	0.20348	0.06427	0.00699	0.00193	0.00281	0.02120	0.00459	0.00425
26	0.03660	0.01105	0.01237	0.00971	0.01321	0.01174	0.00796	0.44061	0.10017	0.23496	0.01442	0.01371	0.00997	0.00583	0.00467	0.00145	0.00458	0.00452	0.05469	0.00779
27	0.02697	0.00680	0.00731	0.00693	0.00875	0.00696	0.00525	0.04723	0.23705	0.01655	0.12328	0.13658	0.33167	0.01013	0.00538	0.00163	0.00299	0.00860	0.00464	0.00530
28	0.02628	0.00475	0.00567	0.00604	0.00675	0.00447	0.00414	0.00769	0.00941	0.03187	0.07840	0.33242	0.17966	0.22553	0.01063	0.00254	0.00330	0.05248	0.00409	0.00386
29	0.00590	0.00421	0.00558	0.00659	0.00690	0.00393	0.00441	0.00678	0.00932	0.01248	0.06421	0.77158	0.03195	0.03339	0.00649	0.00198	0.00279	0.01319	0.00444	0.00389
30	0.14455	0.00851	0.00982	0.00791	0.01104	0.00846	0.00645	0.11910	0.05874	0.41491	0.01558	0.01472	0.01058	0.00565	0.00429	0.00142	0.00385	0.00439	0.14294	0.00706
31	0.04952	0.00702	0.00803	0.00709	0.00918	0.00703	0.00553	0.07890	0.13602	0.11136	0.33329	0.02932	0.18127	0.00868	0.00522	0.00153	0.00306	0.00733	0.00497	0.00566
32	0.01171	0.00679	0.00842	0.00780	0.00956	0.00667	0.00595	0.12542	0.03468	0.19644	0.04881	0.31540	0.03093	0.07653	0.00703	0.00196	0.00373	0.07873	0.01786	0.00558
33	0.00687	0.00486	0.00629	0.00594	0.00706	0.00451	0.00445	0.00912	0.01336	0.01910	0.76104	0.03482	0.04348	0.00956	0.00552	0.00148	0.00225	0.00844	0.04732	0.00451
34	0.05665	0.00953	0.01175	0.00905	0.01275	0.00918	0.00747	0.21832	0.01570	0.57345	0.01645	0.01468	0.01060	0.00581	0.00472	0.00147	0.00436	0.00458	0.00550	0.00801
35	0.22175	0.00617	0.00664	0.00625	0.00788	0.00638	0.00477	0.02415	0.01082	0.04567	0.29740	0.08506	0.09249	0.04740	0.07748	0.00221	0.00383	0.00684	0.04214	0.00469
36	0.00657	0.00482	0.00580	0.00655	0.00698	0.01970	0.00437	0.02488	0.00932	0.01239	0.02444	0.63980	0.05045	0.12525	0.00842	0.00225	0.00317	0.01191	0.02905	0.00390
37	0.83150	0.00928	0.00724	0.00641	0.00940	0.01069	0.00528	0.02572	0.00849	0.04176	0.00704	0.00804	0.00539	0.00449	0.00303	0.00148	0.00373	0.00267	0.00306	0.00530
38	0.04002	0.00917	0.01063	0.00883	0.01161	0.00940	0.00701	0.33065	0.01586	0.23005	0.01873	0.21820	0.05196	0.00835	0.00510	0.00158	0.00414	0.00697	0.00493	0.00679
39	0.00965	0.00660	0.00815	0.01706	0.00949	0.02055	0.01759	0.06848	0.07653	0.09020	0.07114	0.21129	0.11125	0.03892	0.03998	0.07881	0.00412	0.11099	0.00426	0.00494
40	0.00589	0.00450	0.00541	0.00592	0.00679	0.00402	0.00416	0.00705	0.01037	0.01340	0.13930	0.43974	0.30977	0.01324	0.00588	0.00176	0.00258	0.01166	0.00455	0.00402
41	0.00582	0.00416	0.00555	0.00666	0.00693	0.00388	0.00444	0.00666	0.00915	0.01220	0.02634	0.82891	0.03161	0.01497	0.00610	0.00194	0.00277	0.01359	0.00444	0.00388
42	0.01065	0.01118	0.01825	0.01491	0.05562	0.09419	0.34336	0.02562	0.01017	0.01342	0.01029	0.01487	0.00894	0.06870	0.20697	0.00330	0.07639	0.00512	0.00250	0.00555
43	0.00844	0.00770	0.01300	0.04642	0.02529	0.00812	0.18799	0.03253	0.00972	0.01326	0.01739	0.34823	0.03067	0.05340	0.04999	0.00228	0.11262	0.02472	0.00336	0.00488
44	0.49112	0.08600	0.04302	0.01011	0.05916	0.12109	0.05697	0.03097	0.00973	0.01809	0.00725	0.00869	0.00580	0.00459	0.00392	0.00143	0.03060	0.00307	0.00271	0.00567
45	0.00714	0.00514	0.00632	0.00624	0.00636	0.00557	0.00402	0.00749	0.00725	0.00991	0.01500	0.09432	0.01699	0.60101	0.11550	0.00456	0.07388	0.00705	0.00292	0.00334
46	0.00683	0.00511	0.00763	0.00763	0.00847	0.00595	0.00591	0.00850	0.00767	0.01106	0.01285	0.01904	0.01206	0.05254	0.79655	0.00762	0.01263	0.00516	0.00257	0.00424
47	0.01072	0.02856	0.05476	0.34066	0.32003	0.03640	0.05559	0.01395	0.02664	0.01390	0.00880	0.01204	0.00701	0.00473	0.00529	0.00153	0.04649	0.00424	0.00229	0.00638
48	0.01278	0.83490	0.02505	0.00818	0.01227	0.01891	0.00818	0.01431	0.00971	0.01125	0.00664	0.00767	0.00613	0.00409	0.00307	0.00102	0.00511	0.00256	0.00204	0.00613
49	0.00619	0.00468	0.00536	0.00565	0.00677	0.00411	0.00404	0.00734	0.01047	0.03063	0.10326	0.31145	0.43316	0.03660	0.00633	0.00180	0.00263	0.01095	0.00450	0.00408
50	0.00788	0.00617	0.00877	0.00799	0.00872	0.00674	0.06774	0.00921	0.02457	0.01155	0.01461	0.07551	0.01540	0.37323	0.14874	0.00401	0.09995	0.04552	0.05966	0.00402
51	0.02047	0.00814	0.01094	0.00845	0.01200	0.00717	0.00696	0.05075	0.01400	0.73106	0.06398	0.01722	0.01363	0.00613	0.00485	0.00148	0.00401	0.00501	0.00584	0.00792
52	0.00688	0.00460	0.00524	0.00531	0.00533	0.00458	0.00300	0.00693	0.00710	0.00946	0.01581	0.08417	0.01832	0.77785	0.02312	0.00446	0.00451	0.00739	0.00300	0.00296
53	0.00627	0.00470	0.00558	0.00594	0.00698	0.00423	0.00439	0.00726	0.01019	0.01284	0.08609	0.21962	0.39801	0.02762	0.00739	0.08079	0.00292	0.10105	0.00424	0.00388
54	0.00683	0.00458	0.00525	0.00536	0.00539	0.00455	0.00306	0.00692	0.00718	0.00958	0.01625	0.11527	0.01888	0.74599	0.02241	0.00435	0.00444	0.00765	0.00306	0.00300
55	0.00891	0.00445	0.00445	0.00445	0.00557	0.00445	0.00334	0.01114	0.01002	0.01782	0.01559	0.01782	0.01225	0.00557	0.00334	0.00111	0.00223	0.00445	0.85856	0.00445
56	0.00908	0.00529	0.00620	0.00581	0.00642	0.00516	0.00363	0.02728	0.00832	0.11489	0.01632	0.04701	0.03062	0.67092	0.02056	0.00403	0.00449	0.00681	0.00340	0.00375
57	0.00737	0.00530	0.00662	0.00618	0.00753	0.00497	0.00467	0.01018	0.06024	0.04139	0.64510	0.03522	0.12760	0.00972	0.00557	0.00152	0.00242	0.00850	0.00516	0.00475
58	0.00774	0.00629	0.00713	0.00722	0.00889	0.00632	0.00578	0.01215	0.19554	0.01508	0.04860	0.06423	0.35436	0.01114	0.00575	0.00179	0.00332	0.22916	0.00454	0.00498
59	0.02144	0.00813	0.01109	0.00850	0.01220	0.00702	0.00702	0.02329	0.01368	0.80552	0.01886	0.01627	0.01183	0.00592	0.00481	0.00148	0.00407	0.00481	0.00592	0.00813
60	0.69914	0.01006	0.00846	0.00721	0.01034	0.01153	0.00594	0.16587	0.01095	0.02315	0.00760	0.00849	0.00576	0.00469	0.00332	0.00147	0.00400	0.00293	0.00332	0.00576
61	0.01328	0.00783	0.00845	0.00706	0.00935	0.00820	0.00564	0.27311	0.01458	0.10115	0.01454	0.01553	0.01082	0.00566	0.00397	0.00126	0.00343	0.00444	0.48562	0.00606
62	0.01128	0.01289	0.02820	0.02015	0.02498	0.01209	0.78485	0.01531	0.01128	0.01531	0.00967	0.01289	0.00725	0.00403	0.00564	0.00161	0.00806	0.00564	0.00242	0.00645
63	0.00683	0.00512	0.00768	0.00768	0.00853	0.00597	0.00597	0.00853	0.00768	0.01110	0.01280	0.01878	0.01195	0.03585	0.81308	0.00768	0.01280	0.00512	0.00256	0.00427
64	0.01817	0.01339	0.01434	0.01100	0.01482	0.01482	0.00908	0.78627	0.02247	0.03012	0.01148	0.01148	0.00813	0.00574	0.00478	0.00143	0.00526	0.00430	0.00478	0.00813
65	0.00593	0.00424	0.00567	0.00678	0.00711	0.00398	0.00463	0.00684	0.00926	0.01232	0.02628	0.78385	0.03137	0.01487	0.00613	0.00196	0.00287	0.05757	0.00443	0.00391
66	0.00594	0.00430	0.00562	0.00645	0.00693	0.00398	0.00440	0.00699	0.00985	0.01319	0.13254	0.67175	0.08220	0.01409	0.00601	0.00186	0.00268	0.01270	0.00455	0.00398
67	0.01183	0.01136	0.01940	0.02934	0.80221	0.01136	0.01467	0.01467	0.01088	0.01562	0.00899	0.01183	0.00757	0.00426	0.00473	0.00142	0.00568	0.00426	0.00237	0.00757
68	0.01817	0.01339	0.01434	0.01100	0.01482	0.01482	0.00908	0.78627	0.02247	0.03012	0.01148	0.01148	0.00813	0.00574	0.00478	0.00143	0.00526	0.00430	0.00478	0.00813
69	0.00676	0.00489	0.00639	0.00601	0.00714	0.00451	0.00451	0.00902	0.01353	0.01917	0.79969	0.03570	0.04510	0.00977	0.00564	0.00150	0.00225	0.00864	0.00526	0.00451
70	0.01128	0.01289	0.02820	0.02015	0.02498	0.01209	0.78485	0.01531	0.01128	0.01531	0.00967	0.01289	0.00725	0.00403	0.00564	0.00161	0.00806	0.00564	0.00242	0.00645
71	0.00991	0.00850	0.00991	0.00708	0.01133	0.00637	0.00566	0.01203	0.00991	0.01557	0.00850	0.00991	0.00708	0.00354	0.00354	0.00071	0.00354	0.00283	0.00283	0.86124
72	0.01278	0.83490	0.02505	0.00818	0.01227	0.01891	0.00818	0.01431	0.00971	0.01125	0.00664	0.00767	0.00613	0.00409	0.00307	0.00102	0.00511	0.00256	0.00204	0.00613
73	0.01993	0.00879	0.01130	0.00880	0.01236	0.00819	0.00722	0.11525	0.06443	0.63415	0.04531	0.01647	0.01272	0.00607	0.00484	0.00148	0.00413	0.00492	0.00569	0.00797
74	0.02057	0.00915	0.01168	0.00899	0.01268	0.00859	0.00742	0.16223	0.03797	0.64153	0.01753	0.01544	0.01124	0.00590	0.00480	0.00147	0.00428	0.00473	0.00568	0.00812
75	0.01817	0.01339	0.01434	0.01100	0.01482	0.01482	0.00908	0.78627	0.02247	0.03012	0.01148	0.01148	0.00813	0.00574	0.00478	0.00143	0.00526	0.00430	0.00478	0.00813
76	0.01032	0.00874	0.01013	0.00727	0.01150	0.00679	0.00583	0.05020	0.01053	0.01629	0.00864	0.00999	0.00713	0.00365	0.00360	0.00074	0.00362	0.00290	0.00293	0.81919
77	0.00998	0.00846	0.00906	0.00828	0.01054	0.00934	0.00639	0.01954	0.53221	0.01861	0.14801	0.02562	0.15790	0.00800	0.00512	0.00160	0.00330	0.00674	0.00485	0.00646
78	0.01046	0.01046	0.01464	0.01255	0.01255	0.01464	0.01046	0.01150	0.00732	0.01150	0.00627	0.01046	0.00627	0.00837	0.01569	0.00209	0.82328	0.00418	0.00209	0.00523
79	0.86579	0.00924	0.00702	0.00629	0.00924	0.01072	0.00518	0.01405	0.00813	0.02144	0.00666	0.00776	0.00518	0.00444	0.00296	0.00148	0.00370	0.00259	0.00296	0.00518
80	0.00733	0.04577	0.00669	0.00580	0.00608	0.00575	0.00366	0.00759	0.00717	0.00960	0.01418	0.02835	0.01600	0.69336	0.09623	0.00466	0.02923	0.00648	0.00280	0.00325
81	0.01760	0.06281	0.01411	0.01211	0.01465	0.77370	0.00918	0.01885	0.01336	0.01168	0.00735	0.00857	0.00616	0.00488	0.00425	0.00122	0.00845	0.00305	0.00244	0.00557

[dist]
# distance from previous block
# <min> <max>
0	2

[block]
# block no. 6 follows, 53 sequences, length 25
# corresponding to MSA columns:
# 2898-2922
name=unknown_G
#
# <colnr> <probs for GDERKNQSTAVLIFYWHMCP>
#	G	D	E	R	K	N	Q	S	T	A	V	L	I	F	Y	W	H	M	C	P
0	0.00703	0.00502	0.00602	0.00568	0.00712	0.00445	0.00429	0.00886	0.01253	0.05371	0.47609	0.03872	0.33196	0.01048	0.00560	0.00154	0.00240	0.00901	0.00498	0.00450
1	0.01272	0.00654	0.00868	0.04540	0.01054	0.00609	0.00600	0.01529	0.05261	0.32343	0.33373	0.07371	0.06844	0.00831	0.00526	0.00154	0.00327	0.00715	0.00526	0.00605
2	0.00690	0.00483	0.00622	0.00622	0.00657	0.00518	0.00416	0.00760	0.00725	0.01002	0.01414	0.02616	0.01516	0.50625	0.34707	0.00588	0.00798	0.00620	0.00276	0.00346
3	0.01817	0.01339	0.01434	0.01100	0.01482	0.01482	0.00908	0.78627	0.02247	0.03012	0.01148	0.01148	0.00813	0.00574	0.00478	0.00143	0.00526	0.00430	0.00478	0.00813
4	0.00903	0.00850	0.01434	0.82054	0.03292	0.01062	0.01327	0.01221	0.00956	0.01221	0.00850	0.01274	0.00637	0.00478	0.00478	0.00159	0.00637	0.00425	0.00212	0.00531
5	0.01273	0.00860	0.01033	0.00753	0.01165	0.00682	0.00609	0.04289	0.01119	0.18856	0.01087	0.01136	0.00816	0.00414	0.00386	0.00090	0.00372	0.00332	0.00358	0.64371
6	0.00698	0.00515	0.00598	0.00568	0.00714	0.00463	0.00426	0.00905	0.03668	0.04567	0.38889	0.03888	0.37887	0.03356	0.00611	0.00164	0.00251	0.00899	0.00484	0.00449
7	0.00683	0.00512	0.00768	0.00768	0.00853	0.00597	0.00597	0.00853	0.00768	0.01110	0.01280	0.01878	0.01195	0.03585	0.81308	0.00768	0.01280	0.00512	0.00256	0.00427
8	0.00692	0.00475	0.00581	0.00581	0.00601	0.00496	0.00364	0.00733	0.00713	0.00971	0.01452	0.02826	0.01607	0.64001	0.21456	0.00537	0.00660	0.00651	0.00282	0.00323
9	0.00787	0.00487	0.00501	0.00489	0.00625	0.00460	0.00369	0.03095	0.01095	0.01658	0.08879	0.02876	0.28615	0.00816	0.00436	0.00133	0.00238	0.00672	0.47326	0.00442
10	0.00588	0.00438	0.00549	0.00629	0.00692	0.00399	0.00435	0.00689	0.00978	0.01273	0.06714	0.60191	0.19913	0.01406	0.00599	0.00186	0.00271	0.03207	0.00447	0.00396
11	0.00879	0.00508	0.00552	0.00528	0.00649	0.00499	0.00389	0.04739	0.01096	0.03691	0.13298	0.04981	0.08231	0.09005	0.00617	0.00162	0.00270	0.00607	0.48847	0.00452
12	0.11174	0.01108	0.01174	0.00948	0.01277	0.01218	0.00770	0.40493	0.17908	0.10976	0.01367	0.01334	0.00983	0.00575	0.00450	0.00146	0.00444	0.00440	0.06471	0.00742
13	0.33753	0.01004	0.01012	0.00842	0.01150	0.01103	0.00688	0.27259	0.05630	0.11871	0.02717	0.05049	0.01024	0.00658	0.01894	0.00163	0.00438	0.02675	0.00418	0.00654
14	0.00617	0.00469	0.00555	0.00609	0.00696	0.00428	0.00431	0.02166	0.01000	0.01272	0.03337	0.43200	0.31207	0.06693	0.00713	0.00200	0.00290	0.05284	0.00434	0.00398
15	0.00643	0.00472	0.00567	0.00595	0.00703	0.00421	0.00432	0.00777	0.01090	0.03494	0.19600	0.32112	0.32412	0.01251	0.00582	0.00172	0.00262	0.03531	0.00465	0.00420
16	0.00614	0.00427	0.00552	0.00645	0.00689	0.00402	0.00441	0.00716	0.00931	0.01273	0.02613	0.68805	0.06552	0.01449	0.02472	0.00200	0.00298	0.02842	0.07683	0.00396
17	0.07524	0.00543	0.00594	0.00603	0.00733	0.00516	0.00438	0.02964	0.02368	0.04023	0.05439	0.26677	0.33424	0.09144	0.00734	0.00199	0.00304	0.02917	0.00426	0.00430
18	0.00736	0.00490	0.00602	0.00630	0.00699	0.00472	0.00427	0.00893	0.04881	0.05028	0.12183	0.38883	0.06565	0.20863	0.01016	0.00245	0.00323	0.01003	0.03648	0.00414
19	0.01310	0.12022	0.07448	0.01360	0.07819	0.24028	0.04503	0.02838	0.03175	0.01284	0.00762	0.00999	0.00661	0.00595	0.00823	0.00157	0.29015	0.00372	0.00234	0.00592
20	0.03701	0.01210	0.17947	0.09363	0.03257	0.02476	0.06445	0.07985	0.06615	0.03709	0.02947	0.09269	0.02561	0.02433	0.07563	0.02917	0.06163	0.00544	0.02309	0.00585
21	0.02718	0.00979	0.01157	0.01015	0.03375	0.09639	0.08588	0.16734	0.02263	0.07360	0.08851	0.14792	0.04516	0.03907	0.08473	0.00224	0.00561	0.00660	0.03614	0.00574
22	0.00829	0.05564	0.00933	0.00915	0.07395	0.00694	0.02267	0.08454	0.02881	0.01509	0.08041	0.39586	0.14107	0.01126	0.00556	0.00171	0.00350	0.03710	0.00418	0.00496
23	0.03710	0.03409	0.14077	0.20361	0.06730	0.04671	0.13755	0.01437	0.07859	0.01472	0.04368	0.05158	0.01029	0.02385	0.00544	0.00158	0.02215	0.00491	0.00275	0.05896
24	0.01362	0.09341	0.11067	0.01427	0.09777	0.27428	0.12147	0.08794	0.02525	0.01504	0.03381	0.01165	0.00841	0.00709	0.06304	0.00182	0.00743	0.00405	0.00271	0.00627

[dist]
# distance from previous block
# <min> <max>
2	43

[block]
# block no. 7 follows, 53 sequences, length 87
# corresponding to MSA columns:
# 2966-2970,2972-2974,2977-3055
name=unknown_H
#
# <colnr> <probs for GDERKNQSTAVLIFYWHMCP>
#	G	D	E	R	K	N	Q	S	T	A	V	L	I	F	Y	W	H	M	C	P
0	0.02386	0.00569	0.00635	0.00644	0.00756	0.02296	0.00468	0.03601	0.03099	0.02941	0.09452	0.23479	0.24708	0.13647	0.03430	0.00236	0.00363	0.06442	0.00419	0.00427
1	0.05049	0.01313	0.14810	0.20315	0.03415	0.06982	0.08696	0.08346	0.06483	0.05538	0.01083	0.04871	0.00862	0.00584	0.01783	0.00159	0.02089	0.00454	0.00298	0.06870
2	0.00675	0.00475	0.00568	0.00577	0.00656	0.00457	0.00406	0.00796	0.00974	0.01331	0.17361	0.10795	0.17637	0.25591	0.07872	0.00302	0.00404	0.05137	0.07602	0.00385
3	0.01484	0.04244	0.01318	0.05838	0.05232	0.12028	0.02244	0.19674	0.12219	0.14536	0.01358	0.04545	0.01979	0.02265	0.04471	0.00185	0.04826	0.00483	0.00394	0.00676
4	0.01118	0.21455	0.07221	0.00913	0.03716	0.08005	0.00783	0.05053	0.04112	0.01446	0.04253	0.01535	0.08552	0.00607	0.00499	0.04034	0.02040	0.02108	0.00294	0.22257
5	0.04224	0.02261	0.03744	0.13211	0.07264	0.00836	0.07606	0.03021	0.04005	0.10980	0.06910	0.06918	0.04957	0.01302	0.17843	0.00288	0.00657	0.02040	0.01368	0.00567
6	0.01224	0.26788	0.16009	0.01164	0.04058	0.09630	0.09495	0.02950	0.01078	0.06503	0.02406	0.02604	0.04645	0.00686	0.04485	0.00168	0.04798	0.00421	0.00268	0.00619
7	0.00709	0.00520	0.00626	0.00631	0.00722	0.00504	0.00450	0.03260	0.04397	0.01472	0.25393	0.20367	0.13168	0.19489	0.00992	0.00236	0.00322	0.05888	0.00436	0.00419
8	0.00752	0.00638	0.00650	0.00663	0.00780	0.05966	0.00476	0.02657	0.06676	0.01410	0.11657	0.32066	0.25789	0.04905	0.00644	0.00182	0.00321	0.00998	0.02326	0.00444
9	0.02601	0.00907	0.05426	0.03948	0.02440	0.06353	0.03471	0.05418	0.07101	0.09263	0.07084	0.23500	0.04354	0.01143	0.07643	0.00219	0.03594	0.02899	0.02089	0.00549
10	0.04253	0.00915	0.01325	0.01074	0.01318	0.03269	0.19729	0.11976	0.07381	0.01677	0.07472	0.11043	0.08271	0.10298	0.02553	0.00210	0.01936	0.02686	0.02065	0.00549
11	0.00912	0.00584	0.00703	0.00659	0.00808	0.00556	0.00494	0.05084	0.04603	0.10951	0.24329	0.13148	0.17180	0.10826	0.00774	0.00198	0.00318	0.04672	0.02710	0.00489
12	0.00925	0.00877	0.01509	0.47707	0.10957	0.00992	0.10665	0.01261	0.04556	0.01331	0.01190	0.13656	0.01081	0.00625	0.00508	0.00163	0.00584	0.00589	0.00266	0.00558
13	0.01326	0.30334	0.20771	0.01182	0.01627	0.19224	0.08959	0.05921	0.03919	0.01405	0.00830	0.00956	0.00664	0.00455	0.00411	0.00129	0.00662	0.00342	0.00242	0.00642
14	0.03627	0.00573	0.00652	0.00615	0.00753	0.00557	0.00450	0.02558	0.07420	0.06909	0.22231	0.07728	0.19437	0.16471	0.00883	0.00213	0.00315	0.01873	0.06269	0.00464
15	0.00607	0.00433	0.00568	0.00666	0.00703	0.00408	0.00456	0.00696	0.00918	0.01216	0.02604	0.67536	0.05414	0.08035	0.00759	0.00217	0.00305	0.07642	0.00431	0.00385
16	0.00934	0.00666	0.00849	0.00836	0.03697	0.00694	0.00609	0.12958	0.01206	0.05878	0.14240	0.26596	0.08673	0.01431	0.12833	0.00258	0.04210	0.00840	0.02078	0.00514
17	0.00947	0.00818	0.00881	0.00940	0.09356	0.07656	0.00632	0.05309	0.09370	0.04037	0.10109	0.05551	0.33743	0.01044	0.03438	0.04090	0.00409	0.00742	0.00406	0.00522
18	0.00691	0.00487	0.00555	0.00561	0.00599	0.00481	0.00347	0.00789	0.04384	0.01110	0.07208	0.12856	0.09052	0.56779	0.01833	0.00369	0.00401	0.00807	0.00347	0.00344
19	0.00579	0.00429	0.00541	0.00631	0.00684	0.00391	0.00428	0.00669	0.00948	0.01234	0.03057	0.67897	0.17882	0.01442	0.00601	0.00188	0.00271	0.01292	0.00444	0.00391
20	0.00585	0.00418	0.00557	0.00663	0.00694	0.00390	0.00444	0.00673	0.00929	0.01242	0.05079	0.80383	0.03204	0.01481	0.00609	0.00193	0.00276	0.01343	0.00446	0.00390
21	0.00858	0.00537	0.00590	0.00567	0.00664	0.00556	0.00400	0.05440	0.04653	0.01510	0.02924	0.03739	0.04429	0.26901	0.07858	0.00286	0.00414	0.00577	0.36669	0.00428
22	0.00687	0.00460	0.00524	0.00532	0.00534	0.00458	0.00301	0.00693	0.00712	0.00949	0.01591	0.09122	0.01845	0.77062	0.02296	0.00443	0.00449	0.00745	0.00301	0.00297
23	0.00991	0.00850	0.00991	0.00708	0.01133	0.00637	0.00566	0.01203	0.00991	0.01557	0.00850	0.00991	0.00708	0.00354	0.00354	0.00071	0.00354	0.00283	0.00283	0.86124
24	0.00594	0.00460	0.00541	0.00574	0.00677	0.00408	0.00410	0.00722	0.01080	0.01393	0.19313	0.32749	0.36834	0.01267	0.00581	0.00171	0.00251	0.01106	0.00461	0.00408
25	0.00941	0.00559	0.00688	0.00647	0.00811	0.00503	0.00486	0.03539	0.01196	0.16875	0.20435	0.23235	0.26048	0.01089	0.00557	0.00164	0.00288	0.00943	0.00492	0.00503
26	0.00695	0.00463	0.00521	0.00521	0.00521	0.00463	0.00290	0.00695	0.00695	0.00927	0.01506	0.03128	0.01738	0.83203	0.02433	0.00463	0.00463	0.00695	0.00290	0.00290
27	0.06913	0.01270	0.01342	0.01043	0.01407	0.01410	0.00859	0.68362	0.04990	0.02878	0.01162	0.01171	0.00834	0.00568	0.00462	0.00143	0.00500	0.00425	0.03480	0.00780
28	0.00606	0.00431	0.00550	0.00628	0.00662	0.00405	0.00413	0.00684	0.00906	0.01207	0.06469	0.61108	0.06478	0.15985	0.00930	0.00238	0.00306	0.01200	0.00420	0.00375
29	0.86579	0.00924	0.00702	0.00629	0.00924	0.01072	0.00518	0.01405	0.00813	0.02144	0.00666	0.00776	0.00518	0.00444	0.00296	0.00148	0.00370	0.00259	0.00296	0.00518
30	0.00587	0.00418	0.00553	0.00660	0.00687	0.00391	0.00438	0.00667	0.00907	0.01209	0.02592	0.79918	0.03108	0.04543	0.00678	0.00204	0.00284	0.01334	0.00438	0.00385
31	0.00697	0.00460	0.00525	0.00533	0.00543	0.00460	0.00310	0.00718	0.00728	0.00995	0.01584	0.08727	0.01801	0.71397	0.03946	0.00433	0.00456	0.00726	0.04653	0.00308
32	0.01035	0.00848	0.00996	0.00713	0.01136	0.00640	0.00571	0.01246	0.01005	0.04535	0.00889	0.01015	0.00726	0.00363	0.00359	0.00074	0.00356	0.00291	0.00295	0.82909
33	0.01128	0.01289	0.02820	0.02015	0.02498	0.01209	0.78485	0.01531	0.01128	0.01531	0.00967	0.01289	0.00725	0.00403	0.00564	0.00161	0.00806	0.00564	0.00242	0.00645
34	0.00598	0.00485	0.00530	0.00519	0.00666	0.00418	0.00389	0.00750	0.01168	0.01478	0.27230	0.04293	0.57523	0.01141	0.00565	0.00158	0.00237	0.00966	0.00468	0.00418
35	0.01785	0.02278	0.01354	0.01231	0.01478	0.81284	0.00924	0.01909	0.01354	0.01170	0.00739	0.00862	0.00616	0.00493	0.00431	0.00123	0.00862	0.00308	0.00246	0.00554
36	0.01189	0.01027	0.01081	0.00973	0.01243	0.01189	0.00757	0.02540	0.79357	0.01999	0.01945	0.01783	0.01459	0.00648	0.00486	0.00162	0.00378	0.00540	0.00486	0.00757
37	0.00701	0.00463	0.00519	0.00519	0.00522	0.00463	0.00291	0.00708	0.00705	0.00953	0.01508	0.03086	0.01722	0.80647	0.02368	0.00452	0.00456	0.00687	0.02935	0.00294
38	0.00814	0.00568	0.00684	0.00702	0.00803	0.00570	0.00498	0.04926	0.10576	0.04723	0.06463	0.45763	0.05374	0.09901	0.00763	0.00208	0.00324	0.02243	0.03628	0.00468
39	0.00743	0.00533	0.00737	0.00843	0.00946	0.00527	0.00721	0.00944	0.01079	0.01402	0.02617	0.13982	0.05314	0.01336	0.00651	0.00215	0.00416	0.66118	0.00441	0.00433
40	0.00698	0.00534	0.00797	0.00788	0.00870	0.00633	0.00616	0.00866	0.00767	0.01111	0.01253	0.01843	0.01171	0.03471	0.78006	0.00745	0.04637	0.00508	0.00254	0.00431
41	0.00627	0.00453	0.00567	0.00632	0.00679	0.00432	0.00422	0.00749	0.03252	0.01262	0.09689	0.54180	0.08225	0.15416	0.00912	0.00233	0.00305	0.01151	0.00426	0.00389
42	0.00685	0.00434	0.00537	0.00616	0.00674	0.00416	0.00434	0.00818	0.00953	0.01398	0.02314	0.54010	0.02569	0.01211	0.00533	0.00172	0.00272	0.06217	0.25328	0.00408
43	0.00959	0.02472	0.80726	0.01362	0.02069	0.01110	0.01766	0.01514	0.01009	0.01514	0.00858	0.01009	0.00605	0.00454	0.00454	0.00151	0.00706	0.00353	0.00202	0.00706
44	0.01108	0.01229	0.02487	0.01828	0.02192	0.01271	0.59451	0.01437	0.01031	0.01437	0.00884	0.01229	0.00701	0.00509	0.00811	0.00173	0.20844	0.00528	0.00234	0.00615
45	0.00684	0.00540	0.00591	0.00583	0.00734	0.00494	0.00434	0.03769	0.05385	0.02564	0.12993	0.17258	0.49907	0.01168	0.00564	0.00165	0.00266	0.00996	0.00459	0.00447
46	0.01268	0.80981	0.04927	0.00835	0.01253	0.01867	0.00847	0.01434	0.00972	0.01137	0.00670	0.00774	0.00613	0.00410	0.00311	0.00104	0.00517	0.00259	0.00204	0.00616
47	0.00689	0.00523	0.00658	0.00721	0.00850	0.00491	0.00605	0.00872	0.01106	0.01396	0.06287	0.05026	0.31904	0.01266	0.00621	0.00195	0.00358	0.45561	0.00445	0.00427
48	0.01026	0.01017	0.01427	0.01229	0.01233	0.01418	0.01022	0.01134	0.00734	0.01148	0.00662	0.01090	0.00658	0.00983	0.05825	0.00239	0.78002	0.00423	0.00212	0.00518
49	0.00611	0.00457	0.00569	0.00610	0.00697	0.00415	0.00436	0.00748	0.01089	0.01444	0.25383	0.38836	0.22061	0.01273	0.00587	0.00174	0.00259	0.03471	0.00467	0.00412
50	0.00695	0.00463	0.00521	0.00521	0.00521	0.00463	0.00290	0.00695	0.00695	0.00927	0.01506	0.03128	0.01738	0.83203	0.02433	0.00463	0.00463	0.00695	0.00290	0.00290
51	0.86579	0.00924	0.00702	0.00629	0.00924	0.01072	0.00518	0.01405	0.00813	0.02144	0.00666	0.00776	0.00518	0.00444	0.00296	0.00148	0.00370	0.00259	0.00296	0.00518
52	0.83587	0.00939	0.00728	0.00645	0.00944	0.01087	0.00531	0.04130	0.00864	0.02175	0.00683	0.00790	0.00528	0.00448	0.00302	0.00148	0.00375	0.00265	0.00302	0.00528
53	0.01746	0.02195	0.01336	0.01214	0.01462	0.75966	0.00912	0.01950	0.06533	0.01225	0.00819	0.00923	0.00672	0.00503	0.00435	0.00126	0.00830	0.00323	0.00262	0.00568
54	0.02144	0.00813	0.01109	0.00850	0.01220	0.00702	0.00702	0.02329	0.01368	0.80552	0.01886	0.01627	0.01183	0.00592	0.00481	0.00148	0.00407	0.00481	0.00592	0.00813
55	0.01256	0.00870	0.00996	0.00894	0.01147	0.00935	0.00715	0.04769	0.42722	0.15802	0.07556	0.02499	0.05362	0.00780	0.00519	0.00166	0.00380	0.11445	0.00499	0.00686
56	0.11841	0.00974	0.01006	0.00840	0.01122	0.01072	0.00674	0.28014	0.20675	0.04734	0.01395	0.01417	0.01040	0.00567	0.00421	0.00139	0.00392	0.00438	0.20323	0.02915
57	0.07425	0.01354	0.01382	0.01075	0.01445	0.05090	0.00883	0.70023	0.02112	0.02871	0.01097	0.01110	0.00784	0.00561	0.00464	0.00143	0.00531	0.00413	0.00456	0.00782
58	0.00636	0.00432	0.00576	0.00668	0.00711	0.00401	0.00452	0.00730	0.00952	0.03714	0.06739	0.76140	0.03172	0.01442	0.00604	0.00190	0.00279	0.01305	0.00453	0.00405
59	0.05229	0.00672	0.00795	0.02348	0.03257	0.00682	0.00575	0.14123	0.03002	0.01764	0.20060	0.25580	0.14730	0.01054	0.00573	0.02071	0.00331	0.02204	0.00446	0.00503
60	0.19431	0.01059	0.01163	0.00910	0.01270	0.01109	0.00752	0.34480	0.01626	0.31503	0.01321	0.01248	0.00889	0.00554	0.00441	0.00146	0.00450	0.00414	0.00482	0.00752
61	0.05794	0.01133	0.01285	0.00990	0.01364	0.01186	0.00817	0.47993	0.01869	0.30531	0.01388	0.01301	0.00931	0.00574	0.00471	0.00145	0.00476	0.00440	0.00510	0.00800
62	0.00764	0.00495	0.00591	0.00575	0.00665	0.00458	0.00392	0.00865	0.01007	0.07417	0.20963	0.12551	0.18086	0.31624	0.01258	0.00274	0.00337	0.00857	0.00417	0.00402
63	0.00663	0.00487	0.00702	0.00732	0.00799	0.00538	0.00547	0.00803	0.00809	0.01135	0.01657	0.21309	0.01746	0.07994	0.54585	0.00595	0.00964	0.03216	0.00309	0.00409
64	0.04226	0.00526	0.00536	0.00504	0.00649	0.00534	0.00387	0.05169	0.01076	0.05447	0.01519	0.01704	0.01175	0.00555	0.00347	0.00116	0.00252	0.00439	0.74354	0.00484
65	0.00632	0.00470	0.00588	0.00594	0.00696	0.00426	0.00432	0.00802	0.01194	0.01625	0.46456	0.23266	0.18758	0.01150	0.00575	0.00163	0.00241	0.01014	0.00490	0.00426
66	0.04672	0.00534	0.00600	0.00577	0.00670	0.00526	0.00393	0.03829	0.00968	0.05766	0.10816	0.11174	0.08709	0.36092	0.01318	0.00284	0.00362	0.00736	0.11567	0.00407
67	0.00913	0.00860	0.01453	0.79071	0.06192	0.01065	0.01333	0.01230	0.00961	0.01234	0.00851	0.01271	0.00642	0.00476	0.00478	0.00159	0.00635	0.00425	0.00213	0.00539
68	0.01817	0.01339	0.01434	0.01100	0.01482	0.01482	0.00908	0.78627	0.02247	0.03012	0.01148	0.01148	0.00813	0.00574	0.00478	0.00143	0.00526	0.00430	0.00478	0.00813
69	0.00670	0.00488	0.00562	0.00573	0.00689	0.00451	0.00422	0.00862	0.03602	0.01513	0.22485	0.17123	0.29810	0.03959	0.00610	0.00171	0.00262	0.04150	0.11171	0.00427
