[name]
unknown

[dist]
# distance from previous block
# <min> <max>
0	49

[block]
# block no. 0 follows, 51 sequences, length 70
# corresponding to MSA columns:
# 71-140
name=unknown_A
#
# <colnr> <probs for GDERKNQSTAVLIFYWHMCP>
#	G	D	E	R	K	N	Q	S	T	A	V	L	I	F	Y	W	H	M	C	P
0	0.00719	0.00525	0.00680	0.00646	0.00767	0.00496	0.00491	0.00993	0.04182	0.01950	0.72930	0.03694	0.04437	0.01009	0.00581	0.00158	0.00248	0.04484	0.00535	0.00475
1	0.00862	0.00448	0.00658	0.00644	0.00665	0.00438	0.00434	0.00669	0.00658	0.00889	0.00855	0.01471	0.00848	0.01643	0.01846	0.81609	0.00424	0.00420	0.00217	0.04301
2	0.01281	0.75660	0.05770	0.00846	0.01265	0.01839	0.00858	0.01460	0.01002	0.01205	0.00736	0.00849	0.00660	0.00430	0.00323	0.00108	0.00520	0.00276	0.04285	0.00626
3	0.01095	0.00931	0.03917	0.04625	0.01312	0.00698	0.00674	0.01330	0.01045	0.07004	0.00947	0.01079	0.00754	0.00391	0.00383	0.00086	0.00395	0.00315	0.00307	0.72713
4	0.01015	0.00873	0.01041	0.04591	0.01271	0.00676	0.00620	0.01238	0.01017	0.01585	0.00873	0.01033	0.00724	0.00370	0.00370	0.00077	0.00378	0.00298	0.00288	0.81662
5	0.01045	0.01689	0.39843	0.01248	0.08207	0.00926	0.01262	0.01442	0.01076	0.04733	0.06047	0.01244	0.00955	0.00472	0.00444	0.00128	0.00553	0.00386	0.00275	0.28024
6	0.76569	0.10263	0.00933	0.00668	0.00986	0.01198	0.00567	0.01448	0.00855	0.02086	0.00684	0.00797	0.00543	0.00452	0.00305	0.00147	0.00397	0.00266	0.00293	0.00543
7	0.00696	0.00502	0.00657	0.00618	0.00734	0.00464	0.00464	0.00927	0.01391	0.01971	0.79405	0.03671	0.04637	0.01005	0.00580	0.00155	0.00232	0.00889	0.00541	0.00464
8	0.01152	0.01067	0.01181	0.01062	0.10124	0.09135	0.00741	0.01391	0.02641	0.02893	0.00904	0.01056	0.00746	0.00406	0.00413	0.00092	0.01854	0.00322	0.00290	0.62530
9	0.00660	0.00501	0.00607	0.00580	0.00712	0.00448	0.00435	0.00858	0.01306	0.01769	0.56063	0.04003	0.28104	0.01080	0.00580	0.00158	0.00237	0.00935	0.00514	0.00448
10	0.01216	0.01168	0.01995	0.03016	0.79664	0.01168	0.01508	0.01508	0.01119	0.01605	0.00924	0.01216	0.00778	0.00438	0.00487	0.00146	0.00584	0.00438	0.00243	0.00778
11	0.01051	0.00999	0.01696	0.48066	0.35907	0.01124	0.01426	0.01363	0.01041	0.01405	0.00895	0.01270	0.00708	0.00469	0.00489	0.00156	0.00625	0.00437	0.00229	0.00645
12	0.01271	0.01080	0.01139	0.01010	0.01296	0.01245	0.00790	0.08280	0.73028	0.02134	0.01939	0.01784	0.01450	0.00661	0.00499	0.00165	0.00400	0.00547	0.00499	0.00782
13	0.01365	0.72630	0.02421	0.00880	0.01288	0.04968	0.00849	0.06191	0.03251	0.01301	0.00753	0.00845	0.00667	0.00441	0.00336	0.00110	0.00537	0.00284	0.00237	0.00645
14	0.01799	0.09354	0.01545	0.01219	0.04798	0.32370	0.00941	0.32823	0.01718	0.07342	0.01010	0.01064	0.00761	0.00536	0.00456	0.00136	0.00667	0.00380	0.00370	0.00710
15	0.01824	0.01917	0.01449	0.01283	0.04640	0.46508	0.00966	0.31774	0.01742	0.01962	0.00931	0.01015	0.00718	0.00536	0.00464	0.00136	0.00739	0.00371	0.00346	0.00682
16	0.01160	0.01326	0.02900	0.02071	0.02568	0.01243	0.77879	0.01574	0.01160	0.01574	0.00994	0.01326	0.00746	0.00414	0.00580	0.00166	0.00829	0.00580	0.00249	0.00663
17	0.00854	0.00427	0.00640	0.00640	0.00640	0.00427	0.00427	0.00640	0.00640	0.00854	0.00854	0.01494	0.00854	0.01707	0.01921	0.85702	0.00427	0.00427	0.00213	0.00213
18	0.00854	0.00427	0.00640	0.00640	0.00640	0.00427	0.00427	0.00640	0.00640	0.00854	0.00854	0.01494	0.00854	0.01707	0.01921	0.85702	0.00427	0.00427	0.00213	0.00213
19	0.00986	0.02542	0.80183	0.01401	0.02127	0.01141	0.01816	0.01556	0.01038	0.01556	0.00882	0.01038	0.00623	0.00467	0.00467	0.00156	0.00726	0.00363	0.00208	0.00726
20	0.00599	0.00428	0.00570	0.00684	0.00713	0.00399	0.00456	0.00684	0.00941	0.01254	0.02709	0.82409	0.03250	0.01540	0.00627	0.00200	0.00285	0.01397	0.00456	0.00399
21	0.00714	0.00478	0.00544	0.00544	0.00547	0.00481	0.00308	0.00720	0.00717	0.00959	0.01541	0.03174	0.01769	0.80181	0.05025	0.00487	0.00504	0.00709	0.00297	0.00302
22	0.01314	0.83025	0.02575	0.00841	0.01261	0.01945	0.00841	0.01472	0.00999	0.01156	0.00683	0.00788	0.00631	0.00420	0.00315	0.00105	0.00526	0.00263	0.00210	0.00631
23	0.01141	0.01119	0.01868	0.01456	0.04298	0.01108	0.33364	0.05400	0.19019	0.01729	0.01513	0.01644	0.07101	0.00557	0.00564	0.00153	0.03824	0.00550	0.00339	0.13254
24	0.01699	0.02055	0.01481	0.01502	0.12781	0.61855	0.02298	0.05374	0.01384	0.01358	0.00934	0.01071	0.03045	0.00521	0.00458	0.00132	0.00806	0.00366	0.00269	0.00609
25	0.01250	0.01069	0.01127	0.01006	0.01288	0.01235	0.00784	0.05814	0.75528	0.02100	0.01965	0.01806	0.01472	0.00663	0.00500	0.00166	0.00395	0.00551	0.00500	0.00780
26	0.05004	0.07322	0.01577	0.01185	0.03981	0.03668	0.09597	0.28886	0.01544	0.16310	0.01192	0.01267	0.00868	0.00575	0.00585	0.00151	0.08932	0.00443	0.06189	0.00722
27	0.00928	0.00873	0.01474	0.81548	0.03385	0.01092	0.01365	0.01256	0.00983	0.01256	0.00873	0.01310	0.00655	0.00491	0.00491	0.00164	0.00655	0.00437	0.00218	0.00546
28	0.00715	0.00476	0.00536	0.00536	0.00536	0.00476	0.00298	0.00715	0.00715	0.00953	0.01548	0.03216	0.01787	0.82729	0.02501	0.00476	0.00476	0.00715	0.00298	0.00298
29	0.00702	0.00527	0.00790	0.00790	0.00878	0.00614	0.00614	0.00878	0.00790	0.01141	0.01316	0.01931	0.01229	0.03686	0.80782	0.00790	0.01316	0.00527	0.00263	0.00439
30	0.00702	0.00527	0.00790	0.00790	0.00878	0.00614	0.00614	0.00878	0.00790	0.01141	0.01316	0.01931	0.01229	0.03686	0.80782	0.00790	0.01316	0.00527	0.00263	0.00439
31	0.00702	0.00527	0.00790	0.00790	0.00878	0.00614	0.00614	0.00878	0.00790	0.01141	0.01316	0.01931	0.01229	0.03686	0.80782	0.00790	0.01316	0.00527	0.00263	0.00439
32	0.01836	0.02342	0.01393	0.01266	0.01519	0.80756	0.00950	0.01962	0.01393	0.01203	0.00760	0.00886	0.00633	0.00506	0.00443	0.00127	0.00886	0.00317	0.00253	0.00570
33	0.01890	0.00773	0.01028	0.00815	0.01139	0.00685	0.00663	0.02124	0.03712	0.62022	0.11597	0.01939	0.01656	0.00657	0.00494	0.00150	0.00380	0.00543	0.06975	0.00760
34	0.01636	0.01042	0.01180	0.00978	0.01307	0.01114	0.00784	0.17468	0.38575	0.25919	0.01878	0.01712	0.02825	0.00645	0.00498	0.00158	0.00425	0.00524	0.00530	0.00800
35	0.01751	0.01318	0.01409	0.01107	0.01479	0.01469	0.00906	0.64354	0.16173	0.02908	0.01329	0.01298	0.00956	0.00604	0.00493	0.00151	0.00513	0.00463	0.00493	0.00825
36	0.01135	0.01283	0.02784	0.03906	0.02523	0.01210	0.73353	0.01535	0.01148	0.01555	0.01051	0.04167	0.00831	0.00456	0.00580	0.00167	0.00805	0.00605	0.00255	0.00651
37	0.01170	0.01102	0.01767	0.11926	0.57057	0.01151	0.01356	0.01630	0.12939	0.01627	0.01167	0.01395	0.02523	0.00496	0.00491	0.00152	0.00556	0.00468	0.00284	0.00743
38	0.01222	0.01056	0.01111	0.01000	0.01278	0.01222	0.00778	0.02611	0.78776	0.02056	0.02000	0.01833	0.01500	0.00667	0.00500	0.00167	0.00389	0.00556	0.00500	0.00778
39	0.00742	0.00513	0.00670	0.00624	0.00750	0.00471	0.00470	0.00971	0.01387	0.04474	0.75539	0.03626	0.05903	0.00996	0.00577	0.00155	0.00238	0.00879	0.00542	0.00475
40	0.00854	0.00427	0.00640	0.00640	0.00640	0.00427	0.00427	0.00640	0.00640	0.00854	0.00854	0.01494	0.00854	0.01707	0.01921	0.85702	0.00427	0.00427	0.00213	0.00213
41	0.01059	0.01052	0.01475	0.01269	0.01273	0.01467	0.01056	0.01170	0.00754	0.01181	0.00674	0.01111	0.00670	0.00980	0.04975	0.00239	0.78410	0.00434	0.00217	0.00533
42	0.01002	0.00934	0.01572	0.58552	0.22863	0.01089	0.01366	0.01317	0.01019	0.01366	0.00912	0.01304	0.00708	0.00480	0.00485	0.00157	0.00622	0.00438	0.03212	0.00603
43	0.01019	0.00873	0.01019	0.00728	0.01165	0.00655	0.00582	0.01237	0.01019	0.01601	0.00873	0.01019	0.00728	0.00364	0.00364	0.00073	0.00364	0.00291	0.00291	0.85734
44	0.01291	0.01131	0.01556	0.01227	0.01576	0.01200	0.18502	0.18302	0.34285	0.02128	0.06788	0.01705	0.02563	0.00609	0.00516	0.00157	0.00509	0.00554	0.00432	0.04971
45	0.01571	0.32325	0.01902	0.01306	0.10290	0.42308	0.00972	0.01728	0.01214	0.01231	0.00750	0.00887	0.00649	0.00467	0.00400	0.00121	0.00717	0.00310	0.00236	0.00616
46	0.00985	0.00525	0.00532	0.00507	0.00642	0.00535	0.00386	0.06732	0.01124	0.01924	0.01572	0.01785	0.01229	0.00574	0.00354	0.00117	0.00252	0.00457	0.79283	0.00485
47	0.01314	0.83025	0.02575	0.00841	0.01261	0.01945	0.00841	0.01472	0.00999	0.01156	0.00683	0.00788	0.00631	0.00420	0.00315	0.00105	0.00526	0.00263	0.00210	0.00631
48	0.00581	0.00498	0.00498	0.00498	0.00664	0.00415	0.00373	0.00705	0.01120	0.01328	0.04978	0.04729	0.79464	0.01245	0.00581	0.00166	0.00249	0.01037	0.00456	0.00415
49	0.00581	0.00498	0.00498	0.00498	0.00664	0.00415	0.00373	0.00705	0.01120	0.01328	0.04978	0.04729	0.79464	0.01245	0.00581	0.00166	0.00249	0.01037	0.00456	0.00415
50	0.01019	0.00873	0.01019	0.00728	0.01165	0.00655	0.00582	0.01237	0.01019	0.01601	0.00873	0.01019	0.00728	0.00364	0.00364	0.00073	0.00364	0.00291	0.00291	0.85734
51	0.00599	0.00428	0.00570	0.00684	0.00713	0.00399	0.00456	0.00684	0.00941	0.01254	0.02709	0.82409	0.03250	0.01540	0.00627	0.00200	0.00285	0.01397	0.00456	0.00399
52	0.02205	0.00836	0.01140	0.00874	0.01254	0.00722	0.00722	0.02395	0.01407	0.80004	0.01939	0.01673	0.01216	0.00608	0.00494	0.00152	0.00418	0.00494	0.00608	0.00836
53	0.01216	0.01168	0.01995	0.03016	0.79664	0.01168	0.01508	0.01508	0.01119	0.01605	0.00924	0.01216	0.00778	0.00438	0.00487	0.00146	0.00584	0.00438	0.00243	0.00778
54	0.00599	0.00428	0.00570	0.00684	0.00713	0.00399	0.00456	0.00684	0.00941	0.01254	0.02709	0.82409	0.03250	0.01540	0.00627	0.00200	0.00285	0.01397	0.00456	0.00399
55	0.01160	0.01326	0.02900	0.02071	0.02568	0.01243	0.77879	0.01574	0.01160	0.01574	0.00994	0.01326	0.00746	0.00414	0.00580	0.00166	0.00829	0.00580	0.00249	0.00663
56	0.01157	0.00996	0.01050	0.00954	0.01216	0.01139	0.00739	0.02415	0.70780	0.01979	0.02244	0.04286	0.07410	0.00734	0.00510	0.00168	0.00376	0.00615	0.00496	0.00740
57	0.00598	0.00430	0.00568	0.00678	0.00711	0.00400	0.00453	0.00685	0.00947	0.01257	0.02788	0.79687	0.05921	0.01529	0.00626	0.00198	0.00284	0.01384	0.00456	0.00400
58	0.01216	0.01168	0.01995	0.03016	0.79664	0.01168	0.01508	0.01508	0.01119	0.01605	0.00924	0.01216	0.00778	0.00438	0.00487	0.00146	0.00584	0.00438	0.00243	0.00778
59	0.01145	0.01280	0.02647	0.01930	0.02336	0.01290	0.63941	0.01503	0.01086	0.01503	0.00931	0.01280	0.00727	0.00495	0.00767	0.00175	0.15528	0.00553	0.00242	0.00640
60	0.01836	0.02342	0.01393	0.01266	0.01519	0.80756	0.00950	0.01962	0.01393	0.01203	0.00760	0.00886	0.00633	0.00506	0.00443	0.00127	0.00886	0.00317	0.00253	0.00570
61	0.01247	0.01068	0.01125	0.01005	0.01287	0.01234	0.00784	0.05549	0.75798	0.02096	0.01968	0.01808	0.01474	0.00664	0.00500	0.00166	0.00395	0.00551	0.00500	0.00780
62	0.01141	0.40667	0.43420	0.01135	0.01717	0.01522	0.01354	0.01516	0.01019	0.01367	0.00788	0.00919	0.00626	0.00445	0.00395	0.00132	0.00631	0.00316	0.00209	0.00681
63	0.00993	0.00800	0.00936	0.02688	0.01119	0.00634	0.00565	0.01215	0.01015	0.01618	0.00999	0.01176	0.00822	0.00479	0.02269	0.00099	0.00372	0.00327	0.13726	0.68148
64	0.05618	0.01090	0.02908	0.03308	0.03397	0.01069	0.06866	0.27387	0.04519	0.18619	0.07784	0.01489	0.01211	0.00572	0.00480	0.00142	0.00483	0.00475	0.00446	0.12136
65	0.06621	0.16563	0.05324	0.01034	0.07397	0.01166	0.00823	0.16191	0.06178	0.03197	0.06421	0.02746	0.05455	0.00568	0.00432	0.00128	0.00451	0.00447	0.00354	0.18505
66	0.13198	0.05362	0.06064	0.21912	0.01861	0.10943	0.00972	0.08458	0.03695	0.16884	0.01106	0.01242	0.00806	0.01938	0.00480	0.00153	0.00566	0.00400	0.00346	0.03614
67	0.11276	0.06646	0.13035	0.14175	0.12160	0.01184	0.04376	0.15455	0.01291	0.09243	0.02365	0.01215	0.00820	0.00504	0.00453	0.00148	0.00558	0.00411	0.01635	0.03052
68	0.14939	0.12438	0.18810	0.00977	0.01384	0.01210	0.00952	0.06934	0.21213	0.06869	0.01235	0.01334	0.00953	0.04794	0.00534	0.00164	0.00497	0.00413	0.00352	0.03998
69	0.10108	0.06373	0.04231	0.01220	0.07306	0.08042	0.06605	0.26042	0.08545	0.04785	0.04812	0.01446	0.04576	0.00587	0.00489	0.00148	0.01912	0.00467	0.00386	0.01921

[dist]
# distance from previous block
# <min> <max>
54	857

[block]
# block no. 1 follows, 51 sequences, length 14
# corresponding to MSA columns:
# 1542-1555
name=unknown_B
#
# <colnr> <probs for GDERKNQSTAVLIFYWHMCP>
#	G	D	E	R	K	N	Q	S	T	A	V	L	I	F	Y	W	H	M	C	P
0	0.01145	0.01195	0.01569	0.04100	0.01467	0.09020	0.06553	0.01315	0.02662	0.01235	0.00734	0.01118	0.00683	0.00835	0.02994	0.00212	0.61944	0.00435	0.00229	0.00553
1	0.00605	0.00443	0.00571	0.00671	0.00720	0.00409	0.00461	0.00702	0.00972	0.01273	0.02986	0.69345	0.12695	0.01495	0.00624	0.00197	0.00288	0.04686	0.00456	0.00403
2	0.00626	0.00434	0.00571	0.00663	0.00697	0.00405	0.00443	0.00682	0.00917	0.01212	0.02651	0.66860	0.08246	0.03894	0.00804	0.08527	0.00302	0.01258	0.00428	0.00379
3	0.01016	0.01036	0.08724	0.00793	0.01258	0.00702	0.00702	0.01268	0.01021	0.01597	0.00874	0.01021	0.00718	0.00374	0.00374	0.00081	0.00399	0.00298	0.00283	0.77460
4	0.00618	0.00441	0.00592	0.00706	0.00743	0.00415	0.00489	0.00717	0.00959	0.01276	0.02698	0.74927	0.03209	0.01522	0.00632	0.00202	0.00301	0.08693	0.00456	0.00404
5	0.01103	0.01606	0.24024	0.01845	0.09708	0.01252	0.36411	0.01497	0.01053	0.01506	0.00897	0.01193	0.00698	0.00506	0.00714	0.00169	0.14437	0.00481	0.00231	0.00671
6	0.01155	0.06201	0.01758	0.06923	0.01635	0.08051	0.12042	0.01326	0.00895	0.01244	0.00723	0.01094	0.00658	0.00715	0.01211	0.00190	0.52959	0.00432	0.00223	0.00564
7	0.00706	0.00512	0.00716	0.00716	0.00779	0.00574	0.00523	0.00830	0.00768	0.01086	0.01384	0.02303	0.01390	0.26586	0.58102	0.00699	0.01073	0.00581	0.00273	0.00398
8	0.00586	0.00478	0.00518	0.00550	0.00677	0.00411	0.00396	0.00699	0.01070	0.01307	0.04348	0.26286	0.58314	0.01326	0.00594	0.00175	0.00259	0.01137	0.00456	0.00411
9	0.00610	0.00457	0.00569	0.00645	0.00717	0.00416	0.00453	0.00722	0.01025	0.01332	0.08562	0.54276	0.21917	0.01422	0.00615	0.00190	0.00281	0.04919	0.00462	0.00410
10	0.01231	0.02138	0.40012	0.01612	0.06055	0.19193	0.19651	0.01650	0.01151	0.01483	0.00883	0.01081	0.00662	0.00462	0.00489	0.00151	0.00779	0.00408	0.00229	0.00678
11	0.01347	0.01608	0.02482	0.01848	0.02277	0.23308	0.56530	0.01682	0.01224	0.01471	0.00929	0.01204	0.00714	0.00440	0.00542	0.00155	0.00845	0.00507	0.00250	0.00637
12	0.02111	0.00986	0.01233	0.00945	0.01329	0.00945	0.00781	0.23383	0.01657	0.58662	0.01728	0.01536	0.01111	0.00603	0.00493	0.00151	0.00452	0.00480	0.00576	0.00836
13	0.01136	0.01086	0.01850	0.24810	0.58496	0.01147	0.01468	0.01438	0.01081	0.01508	0.00910	0.01242	0.00744	0.00453	0.00488	0.00151	0.00604	0.00438	0.00236	0.00714

[dist]
# distance from previous block
# <min> <max>
3	17

[block]
# block no. 2 follows, 51 sequences, length 7
# corresponding to MSA columns:
# 1580-1586
name=unknown_C
#
# <colnr> <probs for GDERKNQSTAVLIFYWHMCP>
#	G	D	E	R	K	N	Q	S	T	A	V	L	I	F	Y	W	H	M	C	P
0	0.15600	0.14346	0.08545	0.01029	0.01442	0.01487	0.00932	0.46455	0.01746	0.02505	0.00993	0.01042	0.00734	0.00530	0.00431	0.00142	0.00528	0.00378	0.00391	0.00743
1	0.05240	0.34846	0.08077	0.00827	0.01140	0.03673	0.00769	0.01331	0.03430	0.05060	0.06897	0.09865	0.07332	0.03289	0.06076	0.00193	0.00524	0.00543	0.00317	0.00571
2	0.01310	0.27619	0.01770	0.07059	0.01463	0.04578	0.00942	0.16686	0.04866	0.01600	0.00896	0.01109	0.00760	0.00811	0.06311	0.00197	0.20715	0.00387	0.00287	0.00633
3	0.01913	0.01304	0.01430	0.01097	0.01488	0.01417	0.00906	0.67942	0.02190	0.13351	0.01281	0.01246	0.00886	0.00592	0.00492	0.00148	0.00524	0.00449	0.00507	0.00836
4	0.00972	0.24966	0.23140	0.13651	0.01682	0.01164	0.01084	0.01263	0.01031	0.01373	0.08173	0.16697	0.01487	0.00709	0.00467	0.00151	0.00529	0.00589	0.00287	0.00585
5	0.01409	0.23131	0.14147	0.01012	0.01435	0.01427	0.00975	0.35229	0.01601	0.02101	0.01507	0.01526	0.11231	0.00613	0.00453	0.00140	0.00527	0.00461	0.00367	0.00708
6	0.08126	0.10569	0.37097	0.13946	0.02119	0.01221	0.10964	0.01467	0.01013	0.01511	0.00848	0.01070	0.00642	0.00467	0.00488	0.00151	0.03348	0.00382	0.00227	0.04344

[dist]
# distance from previous block
# <min> <max>
4	19

[block]
# block no. 3 follows, 51 sequences, length 9
# corresponding to MSA columns:
# 1609-1617
name=unknown_D
#
# <colnr> <probs for GDERKNQSTAVLIFYWHMCP>
#	G	D	E	R	K	N	Q	S	T	A	V	L	I	F	Y	W	H	M	C	P
0	0.16644	0.00840	0.01007	0.11450	0.01389	0.00785	0.00689	0.01449	0.01091	0.15653	0.09665	0.01426	0.01200	0.00512	0.00417	0.00122	0.00401	0.00408	0.00368	0.34485
1	0.04438	0.61159	0.04603	0.03846	0.01341	0.01678	0.00856	0.01499	0.05500	0.01305	0.00856	0.01068	0.00766	0.00471	0.00353	0.00117	0.00510	0.03111	0.00245	0.06279
2	0.06339	0.33387	0.14229	0.01063	0.01453	0.30145	0.01002	0.01640	0.01152	0.01327	0.03670	0.00971	0.00773	0.00483	0.00395	0.00125	0.00668	0.00321	0.00243	0.00612
3	0.01041	0.31857	0.33044	0.01052	0.01517	0.01316	0.01176	0.01367	0.00966	0.01312	0.00909	0.01153	0.00766	0.01197	0.19045	0.00284	0.00789	0.00364	0.00221	0.00624
4	0.01497	0.47522	0.07313	0.00985	0.01416	0.01736	0.00940	0.29763	0.01486	0.01900	0.00880	0.00950	0.00706	0.00486	0.00391	0.00124	0.00544	0.00336	0.00314	0.00713
5	0.01702	0.25854	0.01805	0.01044	0.01445	0.01650	0.00906	0.55075	0.01917	0.02515	0.01031	0.01062	0.00774	0.00539	0.00439	0.00135	0.00536	0.00389	0.00407	0.00774
6	0.01314	0.83025	0.02575	0.00841	0.01261	0.01945	0.00841	0.01472	0.00999	0.01156	0.00683	0.00788	0.00631	0.00420	0.00315	0.00105	0.00526	0.00263	0.00210	0.00631
7	0.15205	0.01640	0.25709	0.01527	0.02003	0.03889	0.31765	0.01521	0.01036	0.01621	0.00866	0.01111	0.00659	0.00485	0.00599	0.00164	0.08874	0.00439	0.00242	0.00645
8	0.15140	0.00764	0.00785	0.00692	0.00834	0.00823	0.00484	0.18797	0.01106	0.01658	0.01320	0.02343	0.01358	0.50021	0.01671	0.00346	0.00475	0.00577	0.00344	0.00462

[dist]
# distance from previous block
# <min> <max>
38	274

[block]
# block no. 4 follows, 51 sequences, length 21
# corresponding to MSA columns:
# 2024-2044
name=unknown_E
#
# <colnr> <probs for GDERKNQSTAVLIFYWHMCP>
#	G	D	E	R	K	N	Q	S	T	A	V	L	I	F	Y	W	H	M	C	P
0	0.03096	0.08482	0.15332	0.21470	0.04681	0.01119	0.05923	0.01516	0.09040	0.03588	0.02884	0.01263	0.00864	0.00500	0.00499	0.00143	0.03822	0.00413	0.00280	0.15085
1	0.03195	0.15438	0.01326	0.08061	0.13852	0.02273	0.00831	0.01128	0.01000	0.01353	0.01601	0.28350	0.01735	0.02644	0.00575	0.00168	0.02432	0.07055	0.00329	0.06654
2	0.03690	0.18667	0.01866	0.03370	0.15626	0.01225	0.12119	0.07141	0.01226	0.18251	0.03403	0.01280	0.00936	0.00502	0.00484	0.00139	0.02642	0.00431	0.00345	0.06657
3	0.07337	0.04411	0.01005	0.00789	0.01059	0.00842	0.02431	0.15847	0.02889	0.01861	0.03866	0.19264	0.06381	0.00774	0.00465	0.00138	0.00377	0.00651	0.08426	0.21186
4	0.06653	0.01056	0.12438	0.00893	0.01238	0.00821	0.00818	0.02939	0.13503	0.06816	0.01749	0.07946	0.05737	0.00743	0.00488	0.00150	0.00430	0.12418	0.00384	0.22782
5	0.18805	0.01129	0.01372	0.13119	0.20415	0.04628	0.01002	0.17043	0.02596	0.03515	0.00944	0.01117	0.00730	0.00481	0.00434	0.00141	0.00523	0.00383	0.00321	0.11303
6	0.23598	0.06989	0.50842	0.01132	0.01701	0.01151	0.01356	0.01494	0.00997	0.01722	0.04255	0.01074	0.00775	0.00485	0.00419	0.00152	0.00600	0.00354	0.00248	0.00657
7	0.23944	0.00964	0.01191	0.04466	0.01349	0.01021	0.10299	0.15395	0.04935	0.13472	0.01243	0.01331	0.00905	0.00531	0.00425	0.00147	0.00454	0.00428	0.16855	0.00645
8	0.01338	0.79230	0.02520	0.00861	0.01273	0.05651	0.00846	0.01495	0.01017	0.01158	0.00687	0.00793	0.00631	0.00424	0.00321	0.00106	0.00543	0.00265	0.00212	0.00628
9	0.00621	0.00511	0.00553	0.00575	0.00731	0.00443	0.00453	0.00764	0.01122	0.01355	0.04529	0.04883	0.64973	0.01266	0.00599	0.00177	0.00287	0.15279	0.00456	0.00422
10	0.00986	0.02542	0.80183	0.01401	0.02127	0.01141	0.01816	0.01556	0.01038	0.01556	0.00882	0.01038	0.00623	0.00467	0.00467	0.00156	0.00726	0.00363	0.00208	0.00726
11	0.01121	0.01177	0.07074	0.02593	0.64579	0.01072	0.01387	0.01411	0.01114	0.01567	0.01428	0.01643	0.10591	0.00541	0.00497	0.00149	0.00552	0.00508	0.00267	0.00730
12	0.00709	0.00499	0.00649	0.00649	0.00688	0.00538	0.00439	0.00787	0.00748	0.01037	0.01445	0.02643	0.01538	0.47510	0.37381	0.00616	0.00851	0.00631	0.00282	0.00361
13	0.02205	0.00836	0.01140	0.00874	0.01254	0.00722	0.00722	0.02395	0.01407	0.80004	0.01939	0.01673	0.01216	0.00608	0.00494	0.00152	0.00418	0.00494	0.00608	0.00836
14	0.01403	0.01154	0.02269	0.01840	0.11799	0.01076	0.46459	0.01741	0.01224	0.20726	0.04319	0.01489	0.01019	0.00488	0.00547	0.00159	0.00674	0.00554	0.00347	0.00712
15	0.07034	0.69837	0.06710	0.00876	0.01299	0.04963	0.00878	0.01494	0.01005	0.01251	0.00697	0.00807	0.00624	0.00429	0.00328	0.00112	0.00541	0.00271	0.00218	0.00627
16	0.01785	0.02257	0.01400	0.01268	0.01504	0.75418	0.00958	0.01910	0.01350	0.01201	0.00752	0.00899	0.00634	0.00530	0.00522	0.00133	0.06338	0.00324	0.00251	0.00568
17	0.00599	0.00428	0.00570	0.00684	0.00713	0.00399	0.00456	0.00684	0.00941	0.01254	0.02709	0.82409	0.03250	0.01540	0.00627	0.00200	0.00285	0.01397	0.00456	0.00399
18	0.01836	0.02342	0.01393	0.01266	0.01519	0.80756	0.00950	0.01962	0.01393	0.01203	0.00760	0.00886	0.00633	0.00506	0.00443	0.00127	0.00886	0.00317	0.00253	0.00570
19	0.00616	0.00449	0.00551	0.00624	0.00672	0.00416	0.00413	0.00694	0.00932	0.01213	0.02909	0.54123	0.16728	0.16127	0.00957	0.00243	0.00313	0.01209	0.00428	0.00384
20	0.17512	0.01563	0.01312	0.01150	0.01328	0.32347	0.00916	0.05800	0.01105	0.01490	0.00727	0.00955	0.00630	0.00631	0.00847	0.00165	0.30341	0.00355	0.00262	0.00566

[dist]
# distance from previous block
# <min> <max>
0	7

[block]
# block no. 5 follows, 51 sequences, length 19
# corresponding to MSA columns:
# 2054-2072
name=unknown_F
#
# <colnr> <probs for GDERKNQSTAVLIFYWHMCP>
#	G	D	E	R	K	N	Q	S	T	A	V	L	I	F	Y	W	H	M	C	P
0	0.01080	0.01028	0.01748	0.40230	0.43518	0.01132	0.01440	0.01388	0.01054	0.01440	0.00900	0.01261	0.00720	0.00463	0.00489	0.00154	0.00618	0.00437	0.00231	0.00668
1	0.61422	0.00799	0.00678	0.00657	0.00882	0.00899	0.00510	0.01224	0.00867	0.01930	0.01270	0.24421	0.01319	0.00770	0.00398	0.00166	0.00353	0.00593	0.00348	0.00494
2	0.00589	0.00465	0.00532	0.00586	0.00687	0.00407	0.00413	0.00695	0.01035	0.01293	0.03903	0.41539	0.43350	0.01384	0.00603	0.00182	0.00266	0.01208	0.00456	0.00407
3	0.00715	0.00476	0.00536	0.00536	0.00536	0.00476	0.00298	0.00715	0.00715	0.00953	0.01548	0.03216	0.01787	0.82729	0.02501	0.00476	0.00476	0.00715	0.00298	0.00298
4	0.00928	0.00873	0.01474	0.81548	0.03385	0.01092	0.01365	0.01256	0.00983	0.01256	0.00873	0.01310	0.00655	0.00491	0.00491	0.00164	0.00655	0.00437	0.00218	0.00546
5	0.01136	0.01086	0.01850	0.24770	0.58534	0.01147	0.01468	0.01438	0.01081	0.01509	0.00910	0.01242	0.00744	0.00453	0.00488	0.00151	0.00604	0.00438	0.00236	0.00714
6	0.01216	0.01168	0.01995	0.03016	0.79664	0.01168	0.01508	0.01508	0.01119	0.01605	0.00924	0.01216	0.00778	0.00438	0.00487	0.00146	0.00584	0.00438	0.00243	0.00778
7	0.01443	0.00829	0.00964	0.00800	0.01021	0.00844	0.00600	0.20000	0.06195	0.23438	0.01597	0.02175	0.01368	0.32897	0.01279	0.00278	0.00464	0.00571	0.02624	0.00611
8	0.01868	0.01376	0.01475	0.01131	0.01524	0.01524	0.00934	0.78025	0.02311	0.03097	0.01180	0.01180	0.00836	0.00590	0.00492	0.00147	0.00541	0.00442	0.00492	0.00836
9	0.00684	0.00502	0.00641	0.00607	0.00727	0.00459	0.00455	0.00906	0.01365	0.01908	0.72169	0.03774	0.11912	0.01028	0.00580	0.00156	0.00234	0.00903	0.00533	0.00459
10	0.00944	0.00905	0.01573	0.76037	0.03328	0.01102	0.06671	0.01278	0.00995	0.01278	0.00882	0.01311	0.00661	0.00486	0.00497	0.00164	0.00667	0.00447	0.00220	0.00554
11	0.01288	0.76643	0.08729	0.00885	0.01330	0.01881	0.00918	0.01478	0.01002	0.01188	0.00699	0.00808	0.00630	0.00424	0.00327	0.00109	0.00541	0.00271	0.00210	0.00638
12	0.00689	0.00515	0.00660	0.00742	0.00850	0.00486	0.00599	0.00855	0.01084	0.01381	0.03278	0.23165	0.23943	0.01369	0.00640	0.00204	0.00358	0.38298	0.00454	0.00430
13	0.00599	0.00428	0.00570	0.00684	0.00713	0.00399	0.00456	0.00684	0.00941	0.01254	0.02709	0.82409	0.03250	0.01540	0.00627	0.00200	0.00285	0.01397	0.00456	0.00399
14	0.01868	0.01376	0.01475	0.01131	0.01524	0.01524	0.00934	0.78025	0.02311	0.03097	0.01180	0.01180	0.00836	0.00590	0.00492	0.00147	0.00541	0.00442	0.00492	0.00836
15	0.00847	0.00429	0.00635	0.00635	0.00635	0.00429	0.00421	0.00644	0.00644	0.00858	0.00885	0.01572	0.00896	0.05404	0.01947	0.81813	0.00429	0.00440	0.00217	0.00217
16	0.01565	0.01226	0.01304	0.01069	0.01408	0.01382	0.00861	0.42596	0.38233	0.02608	0.01565	0.01487	0.01148	0.00626	0.00496	0.00157	0.00469	0.00496	0.00496	0.00809
17	0.05034	0.01210	0.01600	0.01858	0.34179	0.06466	0.03062	0.17640	0.01405	0.12563	0.01091	0.01214	0.00824	0.00490	0.00468	0.00139	0.00548	0.00420	0.00353	0.09435
18	0.01267	0.38271	0.15252	0.15874	0.01832	0.07959	0.01111	0.08563	0.01165	0.01444	0.02620	0.01037	0.00745	0.00477	0.00406	0.00131	0.00607	0.00347	0.00248	0.00641

[dist]
# distance from previous block
# <min> <max>
0	10

[block]
# block no. 6 follows, 51 sequences, length 9
# corresponding to MSA columns:
# 2083-2091
name=unknown_G
#
# <colnr> <probs for GDERKNQSTAVLIFYWHMCP>
#	G	D	E	R	K	N	Q	S	T	A	V	L	I	F	Y	W	H	M	C	P
0	0.07466	0.01027	0.01159	0.00878	0.01277	0.00975	0.00716	0.24338	0.03930	0.16823	0.01187	0.01200	0.00862	0.00493	0.00426	0.00118	0.00429	0.00381	0.00418	0.35897
1	0.00585	0.00480	0.00516	0.00545	0.00676	0.00411	0.00395	0.00700	0.01074	0.01309	0.04399	0.24561	0.60007	0.01320	0.00593	0.00175	0.00258	0.01129	0.00456	0.00411
2	0.01360	0.01146	0.01554	0.13518	0.01864	0.01187	0.12666	0.29879	0.08804	0.02141	0.01111	0.01247	0.00832	0.00503	0.00477	0.00137	0.00548	0.00439	0.00367	0.20221
3	0.01250	0.01015	0.01800	0.36162	0.18827	0.01074	0.15967	0.01563	0.01117	0.14767	0.01088	0.01355	0.00794	0.00485	0.00508	0.00158	0.00633	0.00474	0.00296	0.00666
4	0.01033	0.00886	0.01025	0.00747	0.01172	0.00694	0.00596	0.01332	0.06352	0.01633	0.00951	0.01075	0.00781	0.00385	0.00373	0.00079	0.00366	0.00309	0.00305	0.79907
5	0.00749	0.00535	0.00742	0.00856	0.00950	0.00529	0.00717	0.00944	0.01089	0.01422	0.02626	0.22675	0.02922	0.01398	0.00667	0.00220	0.00415	0.59649	0.00453	0.00441
6	0.00615	0.00440	0.00585	0.00673	0.00716	0.00410	0.00457	0.00726	0.01017	0.01376	0.15737	0.69033	0.03486	0.01449	0.00619	0.00192	0.00276	0.01311	0.00471	0.00410
7	0.16021	0.00881	0.00985	0.00811	0.01105	0.03795	0.00653	0.08396	0.03650	0.35208	0.21174	0.01961	0.01917	0.00679	0.00482	0.00152	0.00392	0.00546	0.00513	0.00679
8	0.04838	0.00741	0.00877	0.00796	0.00993	0.00745	0.00617	0.18241	0.01411	0.11816	0.17194	0.25588	0.07305	0.01030	0.00557	0.00171	0.00361	0.05652	0.00493	0.00574

[dist]
# distance from previous block
# <min> <max>
0	5

[block]
# block no. 7 follows, 51 sequences, length 104
# corresponding to MSA columns:
# 2097-2121,2123-2154,2158-2161,2173-2215
name=unknown_H
#
# <colnr> <probs for GDERKNQSTAVLIFYWHMCP>
#	G	D	E	R	K	N	Q	S	T	A	V	L	I	F	Y	W	H	M	C	P
0	0.01334	0.42803	0.24758	0.01063	0.01566	0.01625	0.01142	0.17417	0.01283	0.01675	0.00844	0.00942	0.00671	0.00469	0.00396	0.00129	0.00587	0.00329	0.00268	0.00701
1	0.01216	0.01168	0.01995	0.03016	0.79664	0.01168	0.01508	0.01508	0.01119	0.01605	0.00924	0.01216	0.00778	0.00438	0.00487	0.00146	0.00584	0.00438	0.00243	0.00778
2	0.01488	0.00883	0.01042	0.00873	0.01163	0.04953	0.01888	0.05593	0.09523	0.31956	0.01852	0.20655	0.01598	0.00789	0.00505	0.00152	0.00413	0.00673	0.00483	0.13519
3	0.09189	0.11316	0.00951	0.00746	0.00871	0.00791	0.00573	0.00987	0.02634	0.01475	0.15832	0.41146	0.02637	0.01116	0.00626	0.00175	0.07106	0.00949	0.00405	0.00473
4	0.01349	0.01099	0.01807	0.02573	0.63348	0.01090	0.01344	0.01663	0.03929	0.13158	0.01122	0.01323	0.00880	0.00552	0.02489	0.00164	0.00571	0.00453	0.00307	0.00778
5	0.01105	0.01054	0.01794	0.33234	0.50313	0.01138	0.01453	0.01411	0.01067	0.01471	0.00905	0.01252	0.00731	0.00458	0.00488	0.00153	0.00611	0.00437	0.00234	0.00689
6	0.01148	0.06473	0.33171	0.01346	0.01843	0.02515	0.17223	0.01645	0.08176	0.08091	0.01375	0.01823	0.02740	0.00607	0.00514	0.00164	0.00639	0.09518	0.00312	0.00679
7	0.02181	0.00842	0.01140	0.00877	0.01255	0.00735	0.00724	0.02400	0.03301	0.78096	0.01940	0.01677	0.01223	0.00610	0.00494	0.00152	0.00417	0.00496	0.00606	0.00835
8	0.00819	0.00557	0.00596	0.00602	0.00737	0.00558	0.00444	0.01180	0.13519	0.01627	0.02703	0.19282	0.20401	0.00949	0.00484	0.00153	0.00271	0.00807	0.33823	0.00487
9	0.01279	0.19043	0.43274	0.01250	0.01787	0.22473	0.01385	0.01647	0.01124	0.01380	0.00809	0.00946	0.00627	0.00468	0.00429	0.00138	0.00728	0.00330	0.00220	0.00665
10	0.00670	0.00503	0.00720	0.00780	0.00857	0.00475	0.03832	0.00810	0.01027	0.01364	0.07807	0.54701	0.05764	0.01407	0.00631	0.00200	0.00339	0.17235	0.00452	0.00427
11	0.00715	0.00476	0.00536	0.00536	0.00536	0.00476	0.00298	0.00715	0.00715	0.00953	0.01548	0.03216	0.01787	0.82729	0.02501	0.00476	0.00476	0.00715	0.00298	0.00298
12	0.01056	0.01004	0.01705	0.46764	0.37171	0.01125	0.01428	0.01367	0.01043	0.01411	0.00896	0.01269	0.00710	0.00468	0.00489	0.00156	0.00624	0.00437	0.00229	0.00649
13	0.00725	0.00615	0.01020	0.00960	0.01073	0.00595	0.13834	0.00878	0.00985	0.01321	0.02332	0.60409	0.02698	0.01309	0.00658	0.00196	0.03305	0.06222	0.00412	0.00453
14	0.00693	0.00502	0.00653	0.00616	0.00733	0.00463	0.00462	0.00922	0.01385	0.01956	0.77755	0.03694	0.06295	0.01010	0.00580	0.00155	0.00232	0.00892	0.00539	0.00463
15	0.01160	0.01326	0.02900	0.02071	0.02568	0.01243	0.77879	0.01574	0.01160	0.01574	0.00994	0.01326	0.00746	0.00414	0.00580	0.00166	0.00829	0.00580	0.00249	0.00663
16	0.00702	0.00550	0.00647	0.00652	0.00799	0.00514	0.00514	0.00963	0.06349	0.01599	0.26736	0.04387	0.35860	0.01157	0.00595	0.00175	0.00295	0.16558	0.00484	0.00461
17	0.00702	0.00527	0.00790	0.00790	0.00878	0.00614	0.00614	0.00878	0.00790	0.01141	0.01316	0.01931	0.01229	0.03686	0.80782	0.00790	0.01316	0.00527	0.00263	0.00439
18	0.00792	0.00566	0.00792	0.00905	0.01018	0.00566	0.00792	0.01018	0.01131	0.01471	0.02602	0.05543	0.02828	0.01358	0.00679	0.00226	0.00453	0.76356	0.00453	0.00453
19	0.73916	0.00990	0.00818	0.00706	0.01023	0.01130	0.00582	0.09402	0.01013	0.05600	0.00789	0.00875	0.00593	0.00476	0.00332	0.00152	0.00398	0.00294	0.00336	0.00576
20	0.01314	0.83025	0.02575	0.00841	0.01261	0.01945	0.00841	0.01472	0.00999	0.01156	0.00683	0.00788	0.00631	0.00420	0.00315	0.00105	0.00526	0.00263	0.00210	0.00631
21	0.00928	0.00873	0.01474	0.81548	0.03385	0.01092	0.01365	0.01256	0.00983	0.01256	0.00873	0.01310	0.00655	0.00491	0.00491	0.00164	0.00655	0.00437	0.00218	0.00546
22	0.01216	0.01168	0.01995	0.03016	0.79664	0.01168	0.01508	0.01508	0.01119	0.01605	0.00924	0.01216	0.00778	0.00438	0.00487	0.00146	0.00584	0.00438	0.00243	0.00778
23	0.04827	0.00868	0.01137	0.00881	0.01255	0.00782	0.00726	0.04972	0.04595	0.71686	0.01875	0.01634	0.01193	0.00605	0.00488	0.00153	0.00420	0.00488	0.00590	0.00824
24	0.01214	0.01298	0.01548	0.45019	0.17630	0.20850	0.01279	0.01504	0.02515	0.01325	0.00875	0.01196	0.00689	0.00488	0.00479	0.00151	0.00694	0.00409	0.00237	0.00601
25	0.00906	0.02437	0.01014	0.00794	0.01064	0.00633	0.07127	0.01126	0.01177	0.04747	0.28542	0.05307	0.08861	0.02638	0.00549	0.00140	0.00357	0.03385	0.00410	0.28787
26	0.78215	0.06742	0.02749	0.00678	0.01000	0.01162	0.00584	0.01449	0.00853	0.02116	0.00689	0.00803	0.00541	0.00454	0.00309	0.00149	0.00399	0.00268	0.00295	0.00544
27	0.00868	0.00603	0.00804	0.00857	0.00992	0.00601	0.00728	0.03536	0.03405	0.04326	0.12480	0.04843	0.04824	0.03266	0.00691	0.00215	0.00419	0.55589	0.00468	0.00484
28	0.01488	0.01207	0.01259	0.01057	0.01379	0.02949	0.00842	0.32135	0.47262	0.02446	0.01654	0.01558	0.01222	0.00633	0.00496	0.00158	0.00458	0.00506	0.00492	0.00796
29	0.00657	0.00503	0.00718	0.00815	0.03510	0.00467	0.03202	0.00769	0.00966	0.01295	0.02581	0.70643	0.04808	0.01414	0.00612	0.00192	0.00320	0.02953	0.00436	0.03139
30	0.01651	0.26368	0.04492	0.01144	0.01464	0.54518	0.00947	0.01802	0.01263	0.01201	0.00741	0.00862	0.00632	0.00479	0.00406	0.00121	0.00773	0.00302	0.00239	0.00593
31	0.18358	0.01244	0.01282	0.01005	0.01370	0.01379	0.00828	0.57983	0.01949	0.05327	0.01122	0.01143	0.00803	0.00564	0.00450	0.00147	0.00495	0.00410	0.03378	0.00763
32	0.00679	0.00489	0.00642	0.00630	0.00730	0.00453	0.00462	0.00886	0.01314	0.01847	0.66196	0.17231	0.04398	0.01097	0.00588	0.00162	0.00241	0.00976	0.00526	0.00453
33	0.01710	0.00712	0.00967	0.00813	0.01087	0.00624	0.00640	0.01873	0.01278	0.55610	0.04893	0.23920	0.01896	0.00878	0.00534	0.00165	0.00375	0.00756	0.00564	0.00703
34	0.00754	0.00599	0.00853	0.00857	0.00994	0.00586	0.05727	0.00984	0.03568	0.01452	0.07798	0.17736	0.17012	0.01308	0.02562	0.00213	0.01815	0.34280	0.00439	0.00463
35	0.01188	0.52165	0.32333	0.01056	0.01593	0.01637	0.01215	0.01504	0.01013	0.01310	0.00759	0.00884	0.00628	0.00438	0.00373	0.00124	0.00603	0.00301	0.00209	0.00667
36	0.00589	0.00497	0.00509	0.00509	0.00669	0.00418	0.00381	0.00719	0.01135	0.01368	0.09809	0.05985	0.73269	0.01234	0.00582	0.00166	0.00248	0.01034	0.00462	0.00418
37	0.00681	0.00473	0.00552	0.00571	0.00678	0.00432	0.00414	0.00844	0.01128	0.01578	0.23629	0.24303	0.24308	0.01128	0.00547	0.00162	0.00250	0.00980	0.16910	0.00432
38	0.10824	0.01633	0.01245	0.01111	0.01350	0.40236	0.02250	0.04867	0.10701	0.04461	0.03644	0.03903	0.01050	0.00634	0.00557	0.00151	0.07421	0.03036	0.00331	0.00598
39	0.01318	0.00847	0.01054	0.00923	0.01183	0.00872	0.03980	0.01997	0.33192	0.22561	0.04036	0.13236	0.06755	0.00843	0.00536	0.00170	0.00392	0.04908	0.00508	0.00688
40	0.14125	0.00864	0.01043	0.00835	0.01172	0.00829	0.00682	0.06524	0.06479	0.50909	0.08299	0.01759	0.03021	0.00636	0.00476	0.00153	0.00399	0.00507	0.00541	0.00748
41	0.00783	0.00629	0.00846	0.00814	0.00849	0.00745	0.00606	0.00882	0.00831	0.01176	0.06271	0.14507	0.01825	0.25497	0.18903	0.00411	0.20166	0.03526	0.00315	0.00417
42	0.09709	0.00990	0.01189	0.00954	0.01294	0.01005	0.04848	0.15951	0.17203	0.19967	0.06824	0.01696	0.01339	0.00613	0.00476	0.00147	0.00434	0.03091	0.00465	0.11802
43	0.01266	0.01369	0.02251	0.04260	0.38713	0.11219	0.30496	0.01585	0.01166	0.01535	0.00929	0.01218	0.00745	0.00439	0.00517	0.00151	0.00717	0.00477	0.00246	0.00703
44	0.01406	0.01099	0.07918	0.01030	0.01477	0.00860	0.10815	0.06660	0.03129	0.22275	0.01217	0.01262	0.00876	0.00465	0.00446	0.00120	0.00481	0.00404	0.00380	0.37679
45	0.03097	0.00859	0.01311	0.01152	0.07819	0.00769	0.13582	0.01376	0.03762	0.11632	0.05427	0.15966	0.01479	0.00724	0.00555	0.03794	0.00450	0.00621	0.00367	0.25256
46	0.00599	0.00428	0.00570	0.00684	0.00713	0.00399	0.00456	0.00684	0.00941	0.01254	0.02709	0.82409	0.03250	0.01540	0.00627	0.00200	0.00285	0.01397	0.00456	0.00399
47	0.00928	0.00873	0.01474	0.81548	0.03385	0.01092	0.01365	0.01256	0.00983	0.01256	0.00873	0.01310	0.00655	0.00491	0.00491	0.00164	0.00655	0.00437	0.00218	0.00546
48	0.01314	0.83025	0.02575	0.00841	0.01261	0.01945	0.00841	0.01472	0.00999	0.01156	0.00683	0.00788	0.00631	0.00420	0.00315	0.00105	0.00526	0.00263	0.00210	0.00631
49	0.00986	0.02542	0.80183	0.01401	0.02127	0.01141	0.01816	0.01556	0.01038	0.01556	0.00882	0.01038	0.00623	0.00467	0.00467	0.00156	0.00726	0.00363	0.00208	0.00726
50	0.00599	0.00428	0.00570	0.00684	0.00713	0.00399	0.00456	0.00684	0.00941	0.01254	0.02709	0.82409	0.03250	0.01540	0.00627	0.00200	0.00285	0.01397	0.00456	0.00399
51	0.00704	0.00519	0.00751	0.00751	0.00825	0.00593	0.00566	0.00852	0.00778	0.01112	0.01352	0.02129	0.01315	0.15865	0.68720	0.00742	0.01187	0.00556	0.00269	0.00417
52	0.00667	0.00501	0.00617	0.00588	0.00716	0.00451	0.00441	0.00872	0.01323	0.01809	0.60696	0.03937	0.23446	0.01065	0.00580	0.00157	0.00236	0.00926	0.00520	0.00451
53	0.01160	0.01326	0.02900	0.02071	0.02568	0.01243	0.77879	0.01574	0.01160	0.01574	0.00994	0.01326	0.00746	0.00414	0.00580	0.00166	0.00829	0.00580	0.00249	0.00663
54	0.00602	0.00465	0.00551	0.00611	0.00704	0.00414	0.00434	0.00715	0.01040	0.01320	0.06509	0.43849	0.35453	0.01388	0.00608	0.00185	0.00274	0.04008	0.00459	0.00410
55	0.00916	0.00458	0.00458	0.00458	0.00573	0.00458	0.00344	0.01145	0.01031	0.01832	0.01603	0.01832	0.01260	0.00573	0.00344	0.00115	0.00229	0.00458	0.85457	0.00458
56	0.00943	0.00889	0.01502	0.77362	0.07450	0.01096	0.01372	0.01269	0.00990	0.01274	0.00876	0.01305	0.00662	0.00488	0.00491	0.00163	0.00651	0.00437	0.00220	0.00558
57	0.01160	0.01326	0.02900	0.02071	0.02568	0.01243	0.77879	0.01574	0.01160	0.01574	0.00994	0.01326	0.00746	0.00414	0.00580	0.00166	0.00829	0.00580	0.00249	0.00663
58	0.01222	0.01056	0.01111	0.01000	0.01278	0.01222	0.00778	0.02611	0.78776	0.02056	0.02000	0.01833	0.01500	0.00667	0.00500	0.00167	0.00389	0.00556	0.00500	0.00778
59	0.01222	0.01056	0.01111	0.01000	0.01278	0.01222	0.00778	0.02611	0.78776	0.02056	0.02000	0.01833	0.01500	0.00667	0.00500	0.00167	0.00389	0.00556	0.00500	0.00778
60	0.00992	0.02498	0.77420	0.01425	0.02143	0.01145	0.04535	0.01557	0.01042	0.01557	0.00886	0.01048	0.00627	0.00465	0.00471	0.00156	0.00730	0.00371	0.00209	0.00724
61	0.01836	0.02342	0.01393	0.01266	0.01519	0.80756	0.00950	0.01962	0.01393	0.01203	0.00760	0.00886	0.00633	0.00506	0.00443	0.00127	0.00886	0.00317	0.00253	0.00570
62	0.01051	0.00937	0.01059	0.00778	0.01184	0.03566	0.00623	0.01260	0.01018	0.01564	0.00857	0.01017	0.00720	0.00396	0.00436	0.00083	0.04888	0.00300	0.00286	0.77977
63	0.02991	0.00943	0.01502	0.47597	0.16044	0.01078	0.03971	0.08172	0.01128	0.01517	0.01149	0.08094	0.02560	0.00590	0.00503	0.00162	0.00593	0.00531	0.00275	0.00601
64	0.01080	0.01029	0.01749	0.40071	0.43672	0.01132	0.01441	0.01389	0.01055	0.01440	0.00900	0.01261	0.00720	0.00463	0.00489	0.00154	0.00617	0.00437	0.00232	0.00669
65	0.01084	0.26744	0.56846	0.01232	0.01867	0.01383	0.01523	0.01531	0.01026	0.01436	0.00822	0.00963	0.00625	0.00453	0.00421	0.00140	0.00666	0.00333	0.00208	0.00698
66	0.01868	0.01376	0.01475	0.01131	0.01524	0.01524	0.00934	0.78025	0.02311	0.03097	0.01180	0.01180	0.00836	0.00590	0.00492	0.00147	0.00541	0.00442	0.00492	0.00836
67	0.00599	0.00428	0.00570	0.00684	0.00713	0.00399	0.00456	0.00684	0.00941	0.01254	0.02709	0.82409	0.03250	0.01540	0.00627	0.00200	0.00285	0.01397	0.00456	0.00399
68	0.00751	0.00654	0.00972	0.37764	0.01929	0.00725	0.00853	0.00965	0.01029	0.01312	0.06556	0.21547	0.21158	0.00956	0.00551	0.00172	0.00443	0.00839	0.00352	0.00474
69	0.00955	0.00909	0.01558	0.73579	0.08445	0.01102	0.04003	0.01283	0.00998	0.01290	0.00881	0.01304	0.00666	0.00485	0.00494	0.00163	0.00656	0.00442	0.00221	0.00565
70	0.86201	0.00950	0.00722	0.00646	0.00950	0.01102	0.00532	0.01445	0.00836	0.02205	0.00684	0.00798	0.00532	0.00456	0.00304	0.00152	0.00380	0.00266	0.00304	0.00532
71	0.00854	0.00427	0.00640	0.00640	0.00640	0.00427	0.00427	0.00640	0.00640	0.00854	0.00854	0.01494	0.00854	0.01707	0.01921	0.85702	0.00427	0.00427	0.00213	0.00213
72	0.00986	0.02542	0.80183	0.01401	0.02127	0.01141	0.01816	0.01556	0.01038	0.01556	0.00882	0.01038	0.00623	0.00467	0.00467	0.00156	0.00726	0.00363	0.00208	0.00726
73	0.00599	0.00428	0.00570	0.00684	0.00713	0.00399	0.00456	0.00684	0.00941	0.01254	0.02709	0.82409	0.03250	0.01540	0.00627	0.00200	0.00285	0.01397	0.00456	0.00399
74	0.00716	0.00511	0.00705	0.00818	0.00898	0.00500	0.00660	0.00887	0.01056	0.01386	0.02644	0.35804	0.02994	0.01429	0.00658	0.00216	0.00387	0.46846	0.00454	0.00432
75	0.02001	0.00882	0.01134	0.00900	0.01259	0.00826	0.00734	0.02440	0.17497	0.63793	0.01952	0.01706	0.01275	0.00620	0.00495	0.00155	0.00412	0.00507	0.00586	0.00824
76	0.00622	0.00499	0.00555	0.00541	0.00689	0.00432	0.00406	0.00785	0.01217	0.01558	0.31681	0.04350	0.52618	0.01159	0.00580	0.00162	0.00243	0.00984	0.00487	0.00432
77	0.01156	0.00543	0.00599	0.00548	0.00715	0.00527	0.00424	0.01411	0.03305	0.15877	0.01675	0.01804	0.01259	0.00582	0.00375	0.00123	0.00268	0.00467	0.67808	0.00535
78	0.00599	0.00428	0.00570	0.00684	0.00713	0.00399	0.00456	0.00684	0.00941	0.01254	0.02709	0.82409	0.03250	0.01540	0.00627	0.00200	0.00285	0.01397	0.00456	0.00399
79	0.02002	0.01034	0.01213	0.00954	0.01310	0.05604	0.00780	0.20520	0.01583	0.51560	0.01645	0.01525	0.01091	0.00803	0.05846	0.00192	0.00535	0.00473	0.00536	0.00794
80	0.00714	0.00478	0.00542	0.00542	0.00544	0.00479	0.00305	0.00718	0.00716	0.00957	0.01543	0.03187	0.01774	0.80972	0.04242	0.00483	0.00495	0.00710	0.00297	0.00301
81	0.00679	0.00494	0.00607	0.00587	0.00685	0.00456	0.00418	0.00844	0.01203	0.01652	0.50444	0.06854	0.14964	0.16859	0.00953	0.00220	0.00284	0.00897	0.00478	0.00422
82	0.01035	0.00883	0.01027	0.00735	0.01171	0.00671	0.00589	0.02657	0.01043	0.01629	0.00879	0.01022	0.00730	0.00368	0.00366	0.00074	0.00367	0.00294	0.00295	0.84164
