[name]
unknown

[dist]
# distance from previous block
# <min> <max>
3	538

[block]
# block no. 0 follows, 59 sequences, length 16
# corresponding to MSA columns:
# 687-702
name=unknown_A
#
# <colnr> <probs for GDERKNQSTAVLIFYWHMCP>
#	G	D	E	R	K	N	Q	S	T	A	V	L	I	F	Y	W	H	M	C	P
0	0.00927	0.00881	0.01558	0.06248	0.41860	0.00873	0.14177	0.01167	0.00981	0.01363	0.03858	0.18319	0.01331	0.00645	0.00487	0.00148	0.00495	0.03827	0.00274	0.00580
1	0.02144	0.07595	0.19260	0.04589	0.04985	0.05280	0.22310	0.03261	0.01028	0.03234	0.05172	0.04759	0.06334	0.00521	0.00446	0.00135	0.00550	0.00482	0.04031	0.03885
2	0.03774	0.01133	0.12127	0.07510	0.04951	0.03962	0.21304	0.02386	0.03726	0.03921	0.02928	0.06396	0.00952	0.00641	0.01648	0.02246	0.15765	0.02730	0.01355	0.00544
3	0.01091	0.00594	0.00745	0.00650	0.00840	0.00556	0.00506	0.04964	0.05404	0.25048	0.34098	0.08436	0.08573	0.00795	0.00482	0.00140	0.00282	0.00682	0.05580	0.00537
4	0.01661	0.00819	0.01005	0.00791	0.01097	0.00789	0.00646	0.19903	0.04099	0.47968	0.05737	0.01707	0.07218	0.00604	0.00448	0.00136	0.00374	0.00488	0.03817	0.00692
5	0.03120	0.04599	0.12593	0.07476	0.33623	0.01034	0.11305	0.02851	0.05672	0.04295	0.03902	0.01313	0.02302	0.00471	0.00464	0.00139	0.02141	0.01812	0.00258	0.00632
6	0.00909	0.00562	0.00634	0.00580	0.00736	0.00555	0.00445	0.08464	0.06098	0.08370	0.18430	0.08551	0.13813	0.00759	0.00436	0.00131	0.00262	0.00639	0.29147	0.00481
7	0.00575	0.00408	0.00515	0.00580	0.00612	0.00390	0.00385	0.00641	0.00805	0.01065	0.02244	0.51716	0.07500	0.23321	0.03686	0.00261	0.00336	0.04254	0.00367	0.00339
8	0.75322	0.00850	0.00701	0.00616	0.00894	0.00966	0.00505	0.01430	0.05002	0.09211	0.00779	0.00837	0.00580	0.00432	0.00298	0.00137	0.00345	0.00271	0.00307	0.00515
9	0.00779	0.00676	0.01042	0.25575	0.12692	0.00769	0.00869	0.00972	0.00890	0.01214	0.03399	0.21057	0.04385	0.00915	0.03948	0.00184	0.09167	0.07743	0.03258	0.00468
10	0.00605	0.00458	0.00565	0.00606	0.00710	0.00423	0.00477	0.00753	0.01013	0.01305	0.15558	0.15374	0.30382	0.04058	0.00616	0.00179	0.00291	0.25827	0.00416	0.00385
11	0.81012	0.00819	0.00639	0.00583	0.00838	0.00943	0.00473	0.01247	0.00759	0.01917	0.00753	0.07032	0.00663	0.00484	0.00295	0.00140	0.00335	0.00316	0.00284	0.00469
12	0.00689	0.00539	0.00769	0.00737	0.00792	0.00646	0.00567	0.00806	0.00718	0.01036	0.05083	0.01823	0.01224	0.12852	0.52796	0.04123	0.13678	0.00493	0.00244	0.00385
13	0.00920	0.00581	0.00674	0.00605	0.00780	0.02735	0.00466	0.01141	0.05349	0.17849	0.34106	0.04920	0.26383	0.00878	0.00500	0.00142	0.00271	0.00747	0.00465	0.00488
14	0.00943	0.00759	0.00753	0.00750	0.00891	0.12888	0.00581	0.03392	0.02715	0.09622	0.06875	0.25230	0.12637	0.01015	0.00523	0.00162	0.00387	0.19018	0.00402	0.00457
15	0.13797	0.14208	0.14509	0.24763	0.01776	0.01075	0.03725	0.07634	0.01008	0.02540	0.06941	0.04334	0.00947	0.00501	0.00402	0.00136	0.00497	0.00404	0.00261	0.00545

[dist]
# distance from previous block
# <min> <max>
3	8

[block]
# block no. 1 follows, 59 sequences, length 12
# corresponding to MSA columns:
# 711-722
name=unknown_B
#
# <colnr> <probs for GDERKNQSTAVLIFYWHMCP>
#	G	D	E	R	K	N	Q	S	T	A	V	L	I	F	Y	W	H	M	C	P
0	0.04964	0.01072	0.10356	0.11659	0.21651	0.02178	0.00992	0.08564	0.05138	0.10484	0.03481	0.01187	0.00848	0.00452	0.00413	0.00126	0.00469	0.00382	0.01914	0.13669
1	0.00862	0.00780	0.01257	0.28920	0.21155	0.00832	0.05545	0.04304	0.01054	0.01421	0.17001	0.04048	0.09752	0.00614	0.00472	0.00142	0.00457	0.00558	0.00298	0.00528
2	0.00680	0.00534	0.00747	0.00723	0.00769	0.00637	0.00545	0.00789	0.00697	0.00999	0.01205	0.06364	0.01234	0.20835	0.47894	0.00539	0.13645	0.00540	0.00246	0.00378
3	0.00825	0.00796	0.04832	0.12132	0.12764	0.00775	0.08881	0.02095	0.05583	0.01309	0.03237	0.17463	0.04453	0.05048	0.00639	0.00177	0.03983	0.14200	0.00313	0.00497
4	0.09596	0.23882	0.15810	0.01034	0.05377	0.11326	0.02998	0.07182	0.04141	0.06097	0.00934	0.03864	0.00786	0.00498	0.00405	0.00128	0.02122	0.02962	0.00268	0.00589
5	0.05809	0.00504	0.00638	0.00628	0.00656	0.03030	0.00437	0.00698	0.00643	0.00909	0.00936	0.07882	0.00975	0.07259	0.04801	0.58156	0.05094	0.00462	0.00222	0.00261
6	0.00596	0.00479	0.00534	0.00547	0.00669	0.00442	0.00405	0.00804	0.07489	0.01286	0.11253	0.19072	0.45691	0.03923	0.00587	0.00166	0.00255	0.04988	0.00416	0.00399
7	0.00822	0.05146	0.00775	0.00641	0.00753	0.00633	0.03023	0.05234	0.07865	0.04084	0.08604	0.09268	0.04520	0.39434	0.01290	0.00275	0.00385	0.03021	0.03817	0.00409
8	0.04985	0.02505	0.01419	0.08776	0.31393	0.09885	0.01860	0.17540	0.04717	0.05661	0.02376	0.01205	0.03019	0.00476	0.00428	0.00131	0.00513	0.00401	0.00302	0.02407
9	0.01147	0.00935	0.01379	0.03796	0.32250	0.02837	0.04973	0.07446	0.08949	0.10248	0.05855	0.01550	0.02717	0.00748	0.06606	0.00184	0.04423	0.03010	0.00319	0.00629
10	0.00651	0.00488	0.00691	0.00753	0.04820	0.00525	0.00532	0.00788	0.00778	0.01085	0.01641	0.08934	0.07686	0.13042	0.46936	0.00504	0.00820	0.06220	0.02716	0.00390
11	0.06179	0.01164	0.03276	0.05183	0.17506	0.12959	0.04103	0.16116	0.08339	0.12339	0.03211	0.01314	0.00929	0.00509	0.00434	0.00134	0.00511	0.03009	0.00340	0.02445

[dist]
# distance from previous block
# <min> <max>
1	8

[block]
# block no. 2 follows, 59 sequences, length 19
# corresponding to MSA columns:
# 731-749
name=unknown_C
#
# <colnr> <probs for GDERKNQSTAVLIFYWHMCP>
#	G	D	E	R	K	N	Q	S	T	A	V	L	I	F	Y	W	H	M	C	P
0	0.01143	0.29392	0.13884	0.01425	0.23359	0.08562	0.01056	0.02527	0.08590	0.01317	0.00828	0.00959	0.00681	0.00426	0.00400	0.00120	0.02330	0.00328	0.00230	0.02443
1	0.05463	0.19684	0.23447	0.11368	0.03266	0.04605	0.01031	0.11917	0.01093	0.05632	0.00878	0.02197	0.00680	0.00451	0.00384	0.00125	0.00522	0.00342	0.04293	0.02620
2	0.00650	0.00531	0.00575	0.00575	0.00702	0.02789	0.00435	0.03336	0.03094	0.01362	0.18361	0.14160	0.39696	0.03553	0.00579	0.00163	0.00277	0.08341	0.00417	0.00404
3	0.00999	0.00973	0.01701	0.29875	0.41199	0.01037	0.11299	0.01332	0.04692	0.01352	0.00868	0.01160	0.00688	0.00417	0.00450	0.00140	0.00566	0.00414	0.00222	0.00616
4	0.05205	0.00666	0.00885	0.07743	0.08126	0.00728	0.02078	0.03297	0.03014	0.05154	0.08242	0.03885	0.12054	0.03124	0.04642	0.01166	0.10474	0.00533	0.18506	0.00478
5	0.00716	0.00509	0.00655	0.00673	0.00765	0.00505	0.00487	0.07698	0.00943	0.03145	0.01965	0.52130	0.02212	0.04023	0.14271	0.00264	0.00447	0.03023	0.00375	0.05194
6	0.00622	0.00428	0.00554	0.00619	0.00685	0.00399	0.00446	0.00728	0.00916	0.04063	0.06952	0.52063	0.12182	0.05325	0.00641	0.00188	0.00284	0.12114	0.00412	0.00380
7	0.00680	0.00508	0.00658	0.00726	0.00838	0.00499	0.00608	0.00910	0.05084	0.01326	0.05557	0.10873	0.16971	0.01171	0.00579	0.00187	0.00351	0.51650	0.00413	0.00412
8	0.05237	0.00932	0.06979	0.06427	0.28972	0.03468	0.00938	0.03510	0.04707	0.01412	0.05264	0.17578	0.04507	0.02518	0.00533	0.00154	0.02780	0.03234	0.00299	0.00550
9	0.01714	0.00955	0.01127	0.00876	0.01202	0.00972	0.00719	0.37525	0.03998	0.37507	0.07547	0.01444	0.01181	0.00568	0.00449	0.00135	0.00412	0.00452	0.00492	0.00724
10	0.00588	0.00409	0.00504	0.00557	0.00588	0.00390	0.00362	0.00653	0.00808	0.01084	0.05334	0.44860	0.06713	0.29536	0.01126	0.00259	0.00313	0.02832	0.02751	0.00333
11	0.05164	0.00833	0.03411	0.15221	0.15918	0.00860	0.03625	0.07222	0.06671	0.03963	0.08005	0.09266	0.08306	0.03224	0.02676	0.00170	0.04041	0.00566	0.00317	0.00541
12	0.05294	0.03401	0.52185	0.01308	0.07405	0.01055	0.06951	0.01505	0.10028	0.03155	0.00919	0.01041	0.00675	0.00446	0.00449	0.00141	0.02803	0.00363	0.00233	0.00644
13	0.00989	0.00801	0.00879	0.00817	0.01018	0.00895	0.00625	0.02925	0.55893	0.04122	0.07193	0.16549	0.02870	0.00771	0.00477	0.00154	0.00325	0.01636	0.00447	0.00614
14	0.00680	0.00466	0.00569	0.00593	0.00656	0.00452	0.00402	0.05006	0.00894	0.03774	0.05001	0.41996	0.09319	0.23694	0.04199	0.00259	0.00350	0.00943	0.00374	0.00373
15	0.01103	0.01163	0.10377	0.05405	0.21953	0.05799	0.11438	0.13301	0.04737	0.02960	0.06584	0.03671	0.01109	0.02430	0.02952	0.00164	0.00555	0.03392	0.00297	0.00611
16	0.00670	0.00437	0.00568	0.00626	0.00697	0.00419	0.00466	0.00803	0.00927	0.03923	0.08219	0.40787	0.04383	0.04914	0.02806	0.00195	0.00314	0.17502	0.10954	0.00390
17	0.01122	0.63671	0.15913	0.00858	0.01264	0.04219	0.00907	0.01330	0.00921	0.01116	0.00733	0.00963	0.00664	0.00430	0.00327	0.00108	0.00511	0.04171	0.00201	0.00572
18	0.03220	0.00880	0.04567	0.18748	0.07728	0.00876	0.06857	0.06901	0.08841	0.18349	0.04133	0.03948	0.02596	0.03682	0.05509	0.00188	0.01560	0.00481	0.00342	0.00591

[dist]
# distance from previous block
# <min> <max>
0	2

[block]
# block no. 3 follows, 59 sequences, length 9
# corresponding to MSA columns:
# 752-760
name=unknown_D
#
# <colnr> <probs for GDERKNQSTAVLIFYWHMCP>
#	G	D	E	R	K	N	Q	S	T	A	V	L	I	F	Y	W	H	M	C	P
0	0.10278	0.03969	0.05286	0.04887	0.22081	0.10435	0.00916	0.05182	0.17384	0.05523	0.03954	0.01379	0.02576	0.00516	0.00420	0.00136	0.00475	0.02374	0.01614	0.00616
1	0.05592	0.00775	0.02943	0.04885	0.03828	0.00684	0.02956	0.06820	0.00997	0.01537	0.01271	0.06701	0.06672	0.00520	0.00395	0.00106	0.01718	0.00429	0.13676	0.37496
2	0.05346	0.12287	0.12487	0.08991	0.15694	0.03254	0.06668	0.05704	0.06704	0.01484	0.09418	0.01303	0.01067	0.00580	0.02946	0.00151	0.03320	0.00415	0.01596	0.00584
3	0.00555	0.00404	0.00526	0.00610	0.00657	0.00375	0.00425	0.00654	0.00901	0.01193	0.08285	0.65528	0.10099	0.01314	0.00560	0.00175	0.00261	0.06695	0.00415	0.00368
4	0.03419	0.01325	0.17751	0.08969	0.21448	0.05796	0.06033	0.13671	0.01150	0.04973	0.02519	0.01155	0.00762	0.00480	0.00501	0.00139	0.05877	0.01643	0.00269	0.02119
5	0.02719	0.27569	0.19602	0.00930	0.02684	0.02901	0.00919	0.10996	0.04680	0.08776	0.02991	0.02956	0.02332	0.00499	0.00387	0.00122	0.00480	0.02277	0.00292	0.05889
6	0.00852	0.08314	0.01144	0.00871	0.01019	0.02212	0.10607	0.03697	0.06531	0.01199	0.05176	0.05201	0.01290	0.21398	0.19490	0.00342	0.09400	0.00534	0.00275	0.00449
7	0.01448	0.00950	0.01033	0.06682	0.01238	0.08252	0.00698	0.24924	0.01437	0.26575	0.08107	0.01851	0.13567	0.00642	0.00457	0.00136	0.00425	0.00516	0.00436	0.00626
8	0.06904	0.07397	0.23879	0.00876	0.01243	0.00856	0.03337	0.04472	0.04150	0.11660	0.10604	0.01594	0.02511	0.00548	0.00413	0.00131	0.00434	0.04032	0.08164	0.06794

[dist]
# distance from previous block
# <min> <max>
0	1

[block]
# block no. 4 follows, 59 sequences, length 35
# corresponding to MSA columns:
# 762-796
name=unknown_E
#
# <colnr> <probs for GDERKNQSTAVLIFYWHMCP>
#	G	D	E	R	K	N	Q	S	T	A	V	L	I	F	Y	W	H	M	C	P
0	0.02983	0.02121	0.01097	0.12902	0.08470	0.07587	0.03548	0.08237	0.08625	0.04353	0.03487	0.15642	0.04326	0.00740	0.00564	0.05338	0.02917	0.01612	0.00320	0.05130
1	0.00637	0.00476	0.00572	0.00615	0.00708	0.00457	0.00448	0.00848	0.08418	0.02664	0.05142	0.40592	0.22854	0.04638	0.00613	0.00180	0.00280	0.09043	0.00412	0.00404
2	0.00645	0.00478	0.00613	0.00679	0.00776	0.00457	0.00544	0.02638	0.01003	0.01294	0.05772	0.25715	0.19299	0.01214	0.00572	0.00181	0.00323	0.36990	0.00412	0.00395
3	0.06005	0.11809	0.12810	0.00944	0.02983	0.08293	0.00838	0.16187	0.10335	0.04780	0.05927	0.09180	0.01188	0.00605	0.00447	0.00135	0.02417	0.02005	0.00333	0.02779
4	0.02820	0.01184	0.09064	0.06923	0.12435	0.15006	0.14160	0.01320	0.04971	0.02707	0.02614	0.11407	0.01140	0.02819	0.03642	0.00174	0.02540	0.04260	0.00273	0.00540
5	0.00554	0.00402	0.00523	0.00611	0.00654	0.00374	0.00423	0.00645	0.00877	0.01156	0.04365	0.67620	0.09743	0.03189	0.00600	0.00183	0.00267	0.07041	0.00408	0.00363
6	0.00920	0.00924	0.01750	0.11716	0.21528	0.00913	0.31488	0.01206	0.01023	0.01405	0.12317	0.03702	0.04623	0.00633	0.03731	0.00166	0.00580	0.00547	0.00269	0.00560
7	0.02871	0.17619	0.11540	0.00989	0.03827	0.01168	0.03842	0.21228	0.11570	0.06732	0.05187	0.06367	0.02393	0.00569	0.00441	0.00134	0.02093	0.00456	0.00344	0.00631
8	0.00864	0.00642	0.03273	0.00651	0.00823	0.00608	0.00513	0.02626	0.15132	0.10124	0.09887	0.02634	0.22945	0.12701	0.12327	0.00263	0.00443	0.00644	0.02419	0.00481
9	0.00554	0.00414	0.00520	0.00597	0.00661	0.00379	0.00427	0.00654	0.00904	0.01166	0.02920	0.55629	0.22019	0.01300	0.00559	0.00175	0.00266	0.10079	0.00410	0.00368
10	0.00886	0.02285	0.82190	0.01259	0.01912	0.01026	0.01632	0.01399	0.00932	0.01399	0.00793	0.00932	0.00559	0.00420	0.00420	0.00140	0.00653	0.00326	0.00186	0.00653
11	0.06918	0.01413	0.01250	0.03528	0.03361	0.34888	0.07680	0.13452	0.04224	0.07386	0.05122	0.01350	0.04472	0.00537	0.00432	0.00131	0.00592	0.02377	0.00318	0.00568
12	0.01142	0.00793	0.00895	0.00782	0.01017	0.00844	0.00613	0.05535	0.41730	0.15770	0.16597	0.02127	0.08854	0.00688	0.00468	0.00145	0.00324	0.00578	0.00469	0.00630
13	0.01075	0.55230	0.30904	0.00936	0.01412	0.01489	0.01069	0.01350	0.00910	0.01168	0.00678	0.00789	0.00564	0.00393	0.00332	0.00111	0.00537	0.00268	0.00188	0.00598
14	0.01205	0.03216	0.01185	0.11806	0.05591	0.17823	0.03314	0.19419	0.05222	0.03515	0.16125	0.05540	0.02923	0.00612	0.00454	0.00135	0.00497	0.00505	0.00349	0.00565
15	0.09683	0.00777	0.00924	0.00730	0.01039	0.00719	0.00591	0.10329	0.02285	0.35236	0.03531	0.04605	0.06195	0.00633	0.02481	0.00138	0.00376	0.00453	0.00424	0.18849
16	0.01089	0.44294	0.32721	0.01064	0.04904	0.02748	0.02978	0.01383	0.00934	0.03209	0.00727	0.00843	0.00585	0.00400	0.00353	0.00116	0.00553	0.00290	0.00200	0.00610
17	0.00693	0.00587	0.00660	0.00645	0.00765	0.05180	0.02423	0.02696	0.04985	0.01414	0.26052	0.27161	0.21609	0.01040	0.00523	0.00154	0.00290	0.02282	0.00420	0.00420
18	0.00612	0.00418	0.00488	0.00513	0.00525	0.00409	0.00305	0.00635	0.00706	0.00936	0.01767	0.22746	0.05076	0.60955	0.01770	0.00357	0.00378	0.00803	0.00308	0.00294
19	0.00740	0.00616	0.00829	0.01014	0.15468	0.00601	0.00664	0.01015	0.08243	0.01393	0.11455	0.06548	0.27345	0.00953	0.00525	0.00160	0.00337	0.21234	0.00386	0.00475
20	0.04116	0.02634	0.00925	0.00730	0.00998	0.00665	0.00588	0.05069	0.04495	0.46637	0.15840	0.08342	0.01736	0.00663	0.00453	0.00137	0.00337	0.00555	0.01696	0.03385
21	0.02892	0.00710	0.00787	0.00701	0.00914	0.00735	0.00546	0.04374	0.30813	0.11813	0.17043	0.02570	0.22734	0.00777	0.00477	0.00145	0.00299	0.00651	0.00454	0.00566
22	0.01006	0.00701	0.00804	0.00718	0.00908	0.00723	0.00554	0.15588	0.16243	0.09133	0.18543	0.17184	0.12194	0.00850	0.00489	0.00147	0.00311	0.00727	0.02632	0.00545
23	0.03338	0.38214	0.25271	0.02973	0.01451	0.15596	0.01036	0.05202	0.01022	0.01260	0.00704	0.00817	0.00572	0.00413	0.00354	0.00115	0.00582	0.00282	0.00209	0.00587
24	0.01141	0.00698	0.00802	0.00697	0.00906	0.04054	0.00544	0.03185	0.13271	0.25016	0.29042	0.04897	0.12357	0.00768	0.00482	0.00141	0.00312	0.00650	0.00475	0.00561
25	0.00653	0.00486	0.00566	0.00588	0.00710	0.00451	0.00443	0.00856	0.06813	0.04449	0.06835	0.25700	0.38280	0.01133	0.00535	0.00163	0.00269	0.10236	0.00421	0.00414
26	0.04158	0.02607	0.00679	0.00643	0.00769	0.00517	0.02439	0.02164	0.03649	0.02848	0.18103	0.27333	0.20427	0.01065	0.00524	0.00161	0.00289	0.10792	0.00413	0.00420
27	0.00957	0.02937	0.13664	0.04053	0.01282	0.05864	0.07400	0.06047	0.15261	0.03891	0.10157	0.14665	0.08411	0.00731	0.00500	0.00148	0.02506	0.00628	0.00351	0.00549
28	0.00600	0.00447	0.00530	0.00562	0.00634	0.00424	0.00391	0.00739	0.04254	0.01195	0.11315	0.29992	0.21633	0.19660	0.00921	0.00223	0.00294	0.05433	0.00388	0.00365
29	0.01212	0.00778	0.00902	0.00763	0.00998	0.00793	0.00613	0.25066	0.07216	0.16187	0.17506	0.04956	0.12079	0.00762	0.00481	0.00144	0.00349	0.06110	0.02496	0.00589
30	0.03685	0.15300	0.24174	0.04688	0.09098	0.11507	0.06942	0.01411	0.02533	0.04563	0.00829	0.02915	0.00677	0.00481	0.00514	0.00136	0.09369	0.00363	0.00227	0.00589
31	0.04387	0.00945	0.01060	0.10915	0.01319	0.08444	0.02746	0.24273	0.01263	0.02584	0.04475	0.11043	0.03551	0.04306	0.03223	0.00178	0.06704	0.05559	0.02492	0.00532
32	0.00640	0.00468	0.00698	0.00698	0.00774	0.00542	0.00540	0.00785	0.00708	0.01027	0.01171	0.01717	0.01091	0.03182	0.77683	0.04325	0.01130	0.00468	0.01966	0.00386
33	0.04220	0.02910	0.01044	0.04824	0.08619	0.00708	0.01979	0.01194	0.03466	0.02726	0.00943	0.01079	0.02648	0.00383	0.00353	0.00088	0.00363	0.00316	0.03681	0.58459
34	0.01060	0.17327	0.26273	0.10758	0.05673	0.01197	0.04392	0.09861	0.07366	0.02364	0.02072	0.02941	0.00772	0.00489	0.00474	0.00136	0.05596	0.00383	0.00253	0.00612

[dist]
# distance from previous block
# <min> <max>
3	4

[block]
# block no. 5 follows, 59 sequences, length 19
# corresponding to MSA columns:
# 801-819
name=unknown_F
#
# <colnr> <probs for GDERKNQSTAVLIFYWHMCP>
#	G	D	E	R	K	N	Q	S	T	A	V	L	I	F	Y	W	H	M	C	P
0	0.04594	0.12554	0.03112	0.03513	0.11380	0.18252	0.05449	0.05137	0.07895	0.05113	0.02416	0.01194	0.00846	0.01898	0.00427	0.00125	0.00517	0.02030	0.04224	0.09324
1	0.00886	0.00859	0.01306	0.01104	0.01167	0.01106	0.09726	0.01016	0.00726	0.01084	0.00826	0.03984	0.00819	0.06997	0.13879	0.00284	0.53091	0.00461	0.00216	0.00463
2	0.00637	0.00426	0.00483	0.00489	0.00490	0.00425	0.00275	0.00641	0.00653	0.00870	0.01445	0.07075	0.01673	0.80201	0.02161	0.00415	0.00419	0.00674	0.00275	0.00272
3	0.00931	0.00823	0.01200	0.38316	0.04691	0.00981	0.02614	0.02933	0.17879	0.03026	0.07361	0.01612	0.02762	0.00588	0.00569	0.00153	0.09578	0.03146	0.00297	0.00543
4	0.01238	0.74686	0.02185	0.00802	0.01162	0.11601	0.00768	0.01376	0.00941	0.01044	0.00622	0.00719	0.00567	0.00387	0.00297	0.00097	0.00512	0.00242	0.00194	0.00560
5	0.00878	0.00719	0.00786	0.00737	0.00926	0.00776	0.00568	0.01611	0.43772	0.03045	0.11683	0.08813	0.18698	0.00830	0.00489	0.00153	0.00303	0.04212	0.00442	0.00560
6	0.00656	0.00472	0.00588	0.00559	0.00677	0.00435	0.00419	0.00875	0.03813	0.03783	0.60268	0.07514	0.16395	0.00943	0.00519	0.00143	0.00222	0.00824	0.00470	0.00425
7	0.01181	0.84744	0.02314	0.00756	0.01134	0.01748	0.00756	0.01323	0.00897	0.01039	0.00614	0.00708	0.00567	0.00378	0.00283	0.00094	0.00472	0.00236	0.00189	0.00567
8	0.00524	0.00439	0.00456	0.00470	0.00602	0.00371	0.00345	0.00631	0.00985	0.01184	0.04203	0.14873	0.71097	0.01154	0.00528	0.00153	0.00228	0.00975	0.00410	0.00371
9	0.00550	0.00410	0.00512	0.00568	0.00634	0.00372	0.00395	0.00659	0.00954	0.01259	0.17263	0.52023	0.20310	0.01238	0.00547	0.00165	0.00240	0.01102	0.00424	0.00372
10	0.00602	0.00446	0.00542	0.00524	0.00622	0.00407	0.00379	0.00758	0.01104	0.01504	0.51691	0.05844	0.20687	0.12070	0.00752	0.00181	0.00242	0.00821	0.00438	0.00386
11	0.87598	0.00854	0.00649	0.00581	0.00854	0.00991	0.00478	0.01298	0.00752	0.01982	0.00615	0.00717	0.00478	0.00410	0.00273	0.00137	0.00342	0.00239	0.00273	0.00478
12	0.00767	0.00384	0.00575	0.00575	0.00575	0.00384	0.00384	0.00575	0.00575	0.00767	0.00767	0.01343	0.00767	0.01534	0.01726	0.87150	0.00384	0.00384	0.00192	0.00192
13	0.04458	0.00944	0.01381	0.01166	0.01222	0.01252	0.07772	0.01085	0.00732	0.01145	0.00741	0.03220	0.00738	0.00761	0.01258	0.00187	0.66967	0.04272	0.00215	0.00486
14	0.00563	0.00434	0.00516	0.00540	0.00641	0.00387	0.00396	0.00695	0.01027	0.01333	0.24085	0.26201	0.35478	0.01140	0.00538	0.00157	0.00238	0.04818	0.00430	0.00382
15	0.01117	0.57778	0.25119	0.00910	0.01366	0.01526	0.01010	0.04541	0.00955	0.01213	0.00683	0.00787	0.00572	0.00396	0.00329	0.00109	0.00524	0.00268	0.00198	0.00599
16	0.02309	0.01019	0.01058	0.00903	0.01106	0.11297	0.02551	0.17561	0.14774	0.05077	0.07055	0.05799	0.07766	0.04763	0.00687	0.00159	0.12524	0.00525	0.00363	0.02705
17	0.06973	0.05491	0.09083	0.00943	0.01253	0.05197	0.04693	0.11356	0.30540	0.07822	0.02562	0.01659	0.04249	0.00591	0.00440	0.00143	0.00443	0.05549	0.00378	0.00633
18	0.01036	0.01167	0.02502	0.05009	0.02298	0.01111	0.74362	0.01435	0.03733	0.01418	0.00920	0.01206	0.00690	0.00383	0.00516	0.00149	0.00725	0.00515	0.00230	0.00595

[dist]
# distance from previous block
# <min> <max>
0	1

[block]
# block no. 6 follows, 59 sequences, length 19
# corresponding to MSA columns:
# 821-839
name=unknown_G
#
# <colnr> <probs for GDERKNQSTAVLIFYWHMCP>
#	G	D	E	R	K	N	Q	S	T	A	V	L	I	F	Y	W	H	M	C	P
0	0.04453	0.00853	0.01108	0.08839	0.20674	0.04470	0.00823	0.06803	0.10260	0.10000	0.01575	0.19180	0.05628	0.00701	0.00461	0.00145	0.00418	0.00611	0.00348	0.02650
1	0.02730	0.02897	0.14014	0.10117	0.15134	0.06185	0.04054	0.21762	0.04605	0.08067	0.00989	0.01112	0.00734	0.00516	0.01818	0.00144	0.01411	0.00385	0.01765	0.01561
2	0.00782	0.00720	0.00685	0.00664	0.00798	0.11653	0.00494	0.01051	0.09898	0.01452	0.31350	0.16133	0.19357	0.00938	0.00505	0.00147	0.00318	0.02196	0.00417	0.00442
3	0.00934	0.00827	0.01106	0.03492	0.30229	0.04992	0.00822	0.01246	0.10031	0.04761	0.12102	0.05386	0.20841	0.00705	0.00473	0.00140	0.00392	0.00616	0.00345	0.00559
4	0.01062	0.07669	0.20749	0.05785	0.08469	0.03658	0.12390	0.03958	0.04704	0.09419	0.03003	0.10176	0.02417	0.00605	0.00501	0.03538	0.00524	0.00501	0.00288	0.00584
5	0.00754	0.00601	0.00803	0.04998	0.00864	0.00732	0.00569	0.00846	0.00703	0.01031	0.01101	0.01933	0.01130	0.33377	0.18165	0.00378	0.23219	0.00505	0.07915	0.00376
6	0.01285	0.00594	0.00723	0.00607	0.00833	0.00535	0.00484	0.03624	0.01138	0.37084	0.05355	0.02203	0.18877	0.00677	0.00427	0.00130	0.00293	0.00555	0.24015	0.00563
7	0.01535	0.00999	0.01128	0.00902	0.01200	0.01063	0.00730	0.48236	0.06655	0.18010	0.04067	0.10910	0.01221	0.00649	0.00460	0.00140	0.00420	0.00526	0.00461	0.00691
8	0.03680	0.07081	0.08504	0.22294	0.18029	0.08596	0.13964	0.01292	0.00989	0.01325	0.05215	0.03060	0.00876	0.00463	0.00435	0.00136	0.00572	0.00424	0.02504	0.00562
9	0.01245	0.00900	0.00937	0.00785	0.01019	0.05904	0.00627	0.31454	0.06159	0.07818	0.16874	0.01907	0.05358	0.00650	0.00444	0.00132	0.00378	0.03008	0.13815	0.00588
10	0.00551	0.00397	0.00525	0.00622	0.00660	0.00371	0.00430	0.00640	0.00868	0.01146	0.02532	0.73760	0.06960	0.01357	0.00565	0.00180	0.00267	0.07396	0.00410	0.00363
11	0.03608	0.01083	0.08035	0.04710	0.09484	0.00966	0.44262	0.01239	0.00950	0.01334	0.01039	0.08362	0.00935	0.08068	0.01776	0.00182	0.02628	0.00550	0.00240	0.00547
12	0.01064	0.01052	0.04088	0.32912	0.23990	0.04515	0.11061	0.07217	0.02765	0.03128	0.00863	0.01134	0.00666	0.00443	0.00480	0.00142	0.03239	0.00406	0.00238	0.00596
13	0.00608	0.00416	0.00522	0.00582	0.00627	0.00389	0.00391	0.00680	0.00838	0.03490	0.02399	0.53135	0.10711	0.18992	0.00916	0.00229	0.00299	0.04038	0.00384	0.00354
14	0.06088	0.01035	0.04858	0.20057	0.05626	0.03185	0.00923	0.21825	0.08387	0.18660	0.01129	0.01199	0.00801	0.00508	0.00470	0.00141	0.03700	0.00400	0.00361	0.00648
15	0.01015	0.03885	0.06072	0.15641	0.05397	0.03546	0.00836	0.09349	0.10564	0.01510	0.03319	0.01290	0.03526	0.02500	0.00501	0.00127	0.04741	0.00390	0.00288	0.25503
16	0.00728	0.00592	0.00829	0.00768	0.00812	0.00713	0.02466	0.00827	0.00701	0.01016	0.01147	0.05092	0.01185	0.26322	0.31807	0.00450	0.20957	0.00532	0.02675	0.00383
17	0.00730	0.00397	0.00548	0.00548	0.00548	0.00397	0.00349	0.00595	0.00595	0.00794	0.00953	0.01802	0.01016	0.26160	0.01881	0.61403	0.00397	0.00460	0.00214	0.00214
18	0.00834	0.00770	0.01171	0.05745	0.10710	0.02697	0.15416	0.05047	0.05169	0.01380	0.04260	0.17385	0.21852	0.00872	0.02666	0.00164	0.00441	0.00730	0.02193	0.00499

[dist]
# distance from previous block
# <min> <max>
0	2

[block]
# block no. 7 follows, 59 sequences, length 22
# corresponding to MSA columns:
# 842-863
name=unknown_H
#
# <colnr> <probs for GDERKNQSTAVLIFYWHMCP>
#	G	D	E	R	K	N	Q	S	T	A	V	L	I	F	Y	W	H	M	C	P
0	0.02211	0.02425	0.05531	0.06220	0.07913	0.01874	0.04565	0.09844	0.01871	0.35225	0.01476	0.05352	0.03062	0.00744	0.05456	0.00174	0.00489	0.02583	0.02341	0.00642
1	0.01190	0.47883	0.14368	0.01046	0.03218	0.14241	0.08083	0.01407	0.00969	0.01144	0.00681	0.00815	0.00579	0.00405	0.00373	0.00112	0.02424	0.00290	0.00198	0.00575
2	0.00705	0.00503	0.00655	0.05108	0.00872	0.00495	0.00532	0.02666	0.03186	0.04728	0.11659	0.29688	0.14559	0.03442	0.03781	0.00197	0.00346	0.16059	0.00404	0.00418
3	0.20474	0.18441	0.10443	0.01067	0.06219	0.06879	0.09792	0.07053	0.05075	0.04696	0.02413	0.01090	0.00762	0.00456	0.00380	0.00129	0.00503	0.02451	0.00273	0.01405
4	0.00641	0.00429	0.00488	0.00486	0.00491	0.00428	0.00276	0.00653	0.00675	0.00906	0.05708	0.02912	0.01744	0.79974	0.02155	0.00413	0.00416	0.00651	0.00279	0.00276
5	0.01406	0.01061	0.01142	0.00942	0.01243	0.01187	0.00757	0.36079	0.41676	0.07381	0.01475	0.01384	0.01073	0.00566	0.00446	0.00141	0.00410	0.00452	0.00452	0.00725
6	0.00624	0.00525	0.02898	0.02782	0.00813	0.00471	0.03846	0.00778	0.00975	0.01319	0.25702	0.24087	0.13497	0.09622	0.06797	0.00225	0.00370	0.03888	0.00386	0.00395
7	0.13370	0.05308	0.04687	0.06086	0.02942	0.21401	0.05429	0.11742	0.20742	0.01655	0.01035	0.01126	0.00801	0.00490	0.00407	0.00134	0.00537	0.01199	0.00312	0.00598
8	0.00547	0.00390	0.00517	0.00607	0.00638	0.00365	0.00407	0.00630	0.00867	0.01163	0.07681	0.76568	0.02968	0.03625	0.00607	0.00183	0.00258	0.01208	0.00411	0.00360
9	0.00551	0.00405	0.00519	0.00600	0.00653	0.00373	0.00419	0.00647	0.00899	0.01178	0.06097	0.63129	0.15089	0.01311	0.00559	0.00175	0.00259	0.06357	0.00413	0.00367
10	0.24195	0.07652	0.13834	0.03012	0.04382	0.10061	0.02444	0.08509	0.02481	0.05046	0.04239	0.03069	0.00825	0.00561	0.01571	0.02059	0.04863	0.00363	0.00279	0.00555
11	0.01114	0.01290	0.02332	0.01713	0.02095	0.11536	0.63636	0.01431	0.01040	0.01344	0.00841	0.01123	0.00650	0.00415	0.00580	0.00148	0.07434	0.00480	0.00221	0.00576
12	0.00629	0.00425	0.00483	0.00492	0.00500	0.00420	0.00282	0.00640	0.00673	0.00892	0.01598	0.09850	0.04766	0.74239	0.02039	0.00396	0.00406	0.00705	0.00285	0.00279
13	0.00632	0.00470	0.00589	0.00619	0.00694	0.00457	0.00443	0.04971	0.01004	0.01344	0.17740	0.47841	0.12769	0.03473	0.00614	0.00173	0.02415	0.02939	0.00417	0.00395
14	0.00906	0.07787	0.76860	0.01225	0.01860	0.01074	0.01573	0.01394	0.00930	0.01375	0.00781	0.00918	0.00560	0.00417	0.00411	0.00137	0.00641	0.00320	0.00187	0.00647
15	0.01181	0.84744	0.02314	0.00756	0.01134	0.01748	0.00756	0.01323	0.00897	0.01039	0.00614	0.00708	0.00567	0.00378	0.00283	0.00094	0.00472	0.00236	0.00189	0.00567
16	0.02821	0.00514	0.00594	0.00619	0.00762	0.00485	0.00503	0.00888	0.05721	0.03316	0.03342	0.06529	0.42716	0.01099	0.00542	0.00168	0.00303	0.28250	0.00411	0.00416
17	0.04461	0.12392	0.29319	0.01037	0.01442	0.01054	0.08466	0.06176	0.13289	0.01570	0.11517	0.03040	0.01266	0.00545	0.00432	0.00138	0.00497	0.02462	0.00298	0.00599
18	0.13636	0.01051	0.00938	0.00809	0.01055	0.16578	0.00635	0.13739	0.10686	0.15075	0.07529	0.04630	0.04856	0.00596	0.00416	0.00133	0.00430	0.00462	0.06167	0.00580
19	0.02455	0.00527	0.00732	0.00756	0.03840	0.00605	0.00554	0.00856	0.00761	0.01153	0.01298	0.06823	0.02762	0.06439	0.48688	0.00489	0.07739	0.00515	0.12600	0.00409
20	0.10255	0.11446	0.04283	0.08348	0.03259	0.02852	0.00737	0.18897	0.06522	0.08145	0.01319	0.04583	0.05940	0.02312	0.02316	0.00150	0.00442	0.00440	0.07177	0.00578
21	0.09477	0.24017	0.32632	0.00980	0.01425	0.06955	0.01062	0.06906	0.03511	0.05466	0.00865	0.03330	0.00688	0.00458	0.00375	0.00126	0.00538	0.00334	0.00249	0.00608

[dist]
# distance from previous block
# <min> <max>
49	202

[block]
# block no. 8 follows, 59 sequences, length 18
# corresponding to MSA columns:
# 1091-1108
name=unknown_I
#
# <colnr> <probs for GDERKNQSTAVLIFYWHMCP>
#	G	D	E	R	K	N	Q	S	T	A	V	L	I	F	Y	W	H	M	C	P
0	0.01139	0.12123	0.10774	0.01102	0.12744	0.03382	0.00856	0.13560	0.01147	0.07384	0.04065	0.04611	0.03896	0.00589	0.02359	0.00135	0.02459	0.00420	0.05050	0.12205
1	0.01160	0.20831	0.33381	0.04084	0.04492	0.03049	0.02734	0.05259	0.02176	0.11363	0.00896	0.00984	0.00663	0.00427	0.00389	0.00123	0.00539	0.00329	0.00256	0.06866
2	0.01117	0.16355	0.25922	0.03167	0.01402	0.14770	0.00994	0.07251	0.06823	0.03627	0.01219	0.09078	0.05310	0.00574	0.00416	0.00132	0.00540	0.00448	0.00276	0.00580
3	0.06901	0.00525	0.00603	0.00630	0.00735	0.00532	0.00453	0.00973	0.13739	0.01399	0.13114	0.44446	0.12107	0.01091	0.00514	0.00162	0.00267	0.00961	0.00417	0.00431
4	0.00742	0.00650	0.00627	0.00613	0.00752	0.08313	0.00454	0.00960	0.08111	0.03412	0.10702	0.14785	0.38453	0.04172	0.05074	0.00190	0.00357	0.00817	0.00392	0.00425
5	0.00703	0.00539	0.03224	0.03720	0.00831	0.00464	0.00514	0.00859	0.01019	0.07106	0.16343	0.18059	0.28162	0.04097	0.00593	0.00170	0.00300	0.12467	0.00412	0.00420
6	0.01406	0.01021	0.00978	0.00828	0.01080	0.18644	0.00650	0.05461	0.09207	0.27722	0.15694	0.01669	0.02406	0.00739	0.04949	0.00160	0.00480	0.00472	0.00415	0.06018
7	0.22841	0.00825	0.08520	0.00703	0.00982	0.00690	0.00620	0.01424	0.01045	0.29496	0.12359	0.08203	0.09194	0.00668	0.00426	0.00142	0.00347	0.00539	0.00412	0.00562
8	0.01568	0.01843	0.01165	0.01063	0.01279	0.68947	0.00796	0.01682	0.01214	0.06909	0.00926	0.08803	0.00831	0.00550	0.00417	0.00122	0.00715	0.00389	0.00268	0.00515
9	0.00885	0.09425	0.48789	0.01178	0.08180	0.03585	0.01245	0.01249	0.00959	0.01334	0.04287	0.06925	0.08988	0.00568	0.00432	0.00138	0.00544	0.00463	0.00239	0.00587
10	0.04102	0.00503	0.00524	0.00505	0.00612	0.00520	0.00372	0.06190	0.02643	0.01557	0.01431	0.02013	0.01262	0.17929	0.00737	0.00180	0.00289	0.04745	0.53472	0.00413
11	0.00844	0.00677	0.06506	0.00641	0.00845	0.00558	0.00537	0.01121	0.09867	0.12951	0.07470	0.07067	0.36834	0.04904	0.06984	0.00204	0.00375	0.00730	0.00402	0.00483
12	0.03376	0.00581	0.00650	0.00590	0.00729	0.00595	0.00440	0.11152	0.04245	0.06995	0.07139	0.05037	0.07420	0.13547	0.03497	0.05879	0.00344	0.00543	0.26790	0.00450
13	0.00577	0.00457	0.00595	0.00631	0.00705	0.00438	0.02220	0.00680	0.00906	0.01176	0.05192	0.49998	0.24662	0.01235	0.00597	0.00171	0.04480	0.04506	0.00397	0.00378
14	0.00689	0.00444	0.00568	0.00617	0.00701	0.00406	0.00446	0.00791	0.00925	0.08543	0.02696	0.51352	0.16834	0.03806	0.00602	0.00180	0.00283	0.09299	0.00418	0.00399
15	0.00688	0.00563	0.00640	0.00691	0.00752	0.05575	0.00495	0.03107	0.02299	0.01204	0.04370	0.56816	0.03673	0.04964	0.02575	0.00198	0.03111	0.07502	0.00385	0.00392
16	0.15428	0.06976	0.07638	0.01133	0.12069	0.15885	0.00848	0.12334	0.06495	0.04357	0.03149	0.05897	0.00949	0.00536	0.00404	0.00132	0.00497	0.02435	0.00306	0.02532
17	0.00803	0.00688	0.00806	0.00751	0.00854	0.08472	0.04598	0.00970	0.02635	0.01214	0.06301	0.11175	0.04061	0.10777	0.22878	0.00328	0.06796	0.02249	0.13229	0.00415

[dist]
# distance from previous block
# <min> <max>
6	13

[block]
# block no. 9 follows, 59 sequences, length 11
# corresponding to MSA columns:
# 1122-1132
name=unknown_J
#
# <colnr> <probs for GDERKNQSTAVLIFYWHMCP>
#	G	D	E	R	K	N	Q	S	T	A	V	L	I	F	Y	W	H	M	C	P
0	0.03022	0.04930	0.06279	0.00803	0.02486	0.03240	0.00652	0.11564	0.03002	0.12859	0.04359	0.30637	0.04111	0.00860	0.00475	0.00148	0.00372	0.03924	0.01605	0.04672
1	0.00556	0.00415	0.00513	0.00571	0.00638	0.00379	0.00400	0.00659	0.00931	0.01214	0.11754	0.48209	0.22509	0.04691	0.00620	0.00179	0.00257	0.04726	0.00413	0.00367
2	0.00701	0.00856	0.15805	0.00847	0.01029	0.00666	0.04867	0.00895	0.00799	0.01127	0.01480	0.18279	0.05128	0.11066	0.28010	0.00374	0.06723	0.00640	0.00270	0.00437
3	0.02579	0.08759	0.15780	0.02755	0.17775	0.05452	0.07709	0.11650	0.08445	0.05239	0.01144	0.01243	0.04605	0.00479	0.00423	0.00131	0.00520	0.00406	0.02294	0.02613
4	0.00584	0.00428	0.00542	0.00581	0.00645	0.00410	0.00411	0.00690	0.00892	0.01187	0.13614	0.33566	0.15323	0.14156	0.10177	0.00269	0.00385	0.05398	0.00379	0.00362
5	0.00543	0.00438	0.00475	0.00485	0.00603	0.00379	0.00351	0.00654	0.00991	0.01230	0.12745	0.15207	0.57231	0.05909	0.00627	0.00168	0.00238	0.00945	0.00411	0.00370
6	0.04408	0.29164	0.11973	0.03048	0.03614	0.01177	0.04113	0.09325	0.04914	0.03883	0.03373	0.06546	0.00971	0.00863	0.10608	0.00198	0.00565	0.00417	0.00273	0.00569
7	0.03255	0.02726	0.00860	0.04040	0.06322	0.00655	0.01993	0.04863	0.08383	0.07529	0.06596	0.32367	0.07530	0.01022	0.02534	0.00174	0.00363	0.07906	0.00392	0.00489
8	0.00888	0.01503	0.35281	0.01391	0.01849	0.00945	0.33474	0.01267	0.00962	0.01357	0.01123	0.15720	0.01021	0.00570	0.00487	0.00151	0.00620	0.00570	0.00241	0.00578
9	0.00601	0.00431	0.00562	0.00629	0.00688	0.00410	0.00462	0.00719	0.00925	0.01230	0.12582	0.40970	0.07625	0.10592	0.00756	0.00206	0.00303	0.19536	0.00403	0.00368
10	0.01164	0.06423	0.17366	0.04729	0.11513	0.04960	0.11604	0.17991	0.03075	0.04611	0.03405	0.06540	0.00970	0.00539	0.00461	0.00139	0.01510	0.02076	0.00299	0.00625

[dist]
# distance from previous block
# <min> <max>
2	5

[block]
# block no. 10 follows, 59 sequences, length 19
# corresponding to MSA columns:
# 1138-1156
name=unknown_K
#
# <colnr> <probs for GDERKNQSTAVLIFYWHMCP>
#	G	D	E	R	K	N	Q	S	T	A	V	L	I	F	Y	W	H	M	C	P
0	0.07425	0.07894	0.12178	0.04910	0.05643	0.02886	0.14893	0.08985	0.08796	0.04159	0.02337	0.02287	0.07980	0.02424	0.02156	0.00155	0.00519	0.01645	0.00298	0.02431
1	0.02741	0.00463	0.00562	0.02095	0.00669	0.00469	0.00408	0.00773	0.02586	0.01138	0.07285	0.16275	0.06229	0.35900	0.07658	0.00316	0.00419	0.09011	0.04654	0.00349
2	0.02242	0.07116	0.09852	0.02597	0.05224	0.10636	0.01996	0.29754	0.06044	0.03096	0.00982	0.02672	0.00780	0.00645	0.00598	0.12044	0.00511	0.00387	0.02233	0.00592
3	0.01081	0.42554	0.20191	0.05001	0.04027	0.04467	0.03294	0.03125	0.00979	0.02765	0.04752	0.02619	0.02527	0.00461	0.00367	0.00117	0.00518	0.00349	0.00228	0.00578
4	0.04717	0.17769	0.13795	0.03203	0.03943	0.13677	0.03654	0.05979	0.07742	0.08743	0.02798	0.04132	0.00896	0.01867	0.00426	0.00130	0.00515	0.00389	0.02897	0.02729
5	0.03575	0.00968	0.03693	0.01183	0.05844	0.00946	0.21365	0.04829	0.26265	0.08430	0.11327	0.01648	0.03146	0.00549	0.00466	0.00141	0.00457	0.00515	0.00369	0.04285
6	0.00696	0.00565	0.00741	0.08291	0.04369	0.00549	0.04102	0.02792	0.03883	0.01384	0.11972	0.10194	0.36703	0.00886	0.00485	0.00144	0.00303	0.00764	0.10740	0.00437
7	0.05342	0.00575	0.00771	0.02435	0.00898	0.00540	0.05565	0.02932	0.01050	0.15039	0.14292	0.25422	0.17803	0.00925	0.00495	0.00151	0.00309	0.00812	0.04174	0.00472
8	0.01631	0.01169	0.01262	0.00973	0.01315	0.01278	0.00802	0.71841	0.01976	0.06766	0.01284	0.01259	0.05232	0.00564	0.00446	0.00134	0.00466	0.00430	0.00445	0.00730
9	0.00728	0.00499	0.00626	0.00642	0.00741	0.00483	0.00479	0.02914	0.05176	0.05670	0.18855	0.28852	0.09564	0.09136	0.00706	0.00191	0.00302	0.13594	0.00422	0.00420
10	0.00553	0.00407	0.00498	0.00564	0.00614	0.00375	0.00380	0.00629	0.00856	0.01108	0.02731	0.53781	0.19870	0.12972	0.00792	0.00208	0.00276	0.02647	0.00390	0.00350
11	0.01004	0.03020	0.03394	0.07021	0.04314	0.15456	0.04257	0.05756	0.07282	0.01296	0.02422	0.08882	0.01937	0.07943	0.14226	0.00258	0.05820	0.00506	0.04714	0.00492
12	0.00623	0.00463	0.00575	0.00626	0.00695	0.00452	0.00446	0.00824	0.07837	0.01260	0.11106	0.45287	0.09609	0.09250	0.00713	0.00196	0.00288	0.08950	0.00408	0.00392
13	0.00538	0.00437	0.00477	0.00490	0.00612	0.00376	0.00359	0.00656	0.01010	0.01255	0.13934	0.18035	0.58006	0.01137	0.00529	0.00153	0.00227	0.00971	0.00420	0.00376
14	0.02329	0.00864	0.00936	0.02568	0.01060	0.06601	0.00637	0.25423	0.03367	0.14097	0.05789	0.21636	0.03972	0.03383	0.05072	0.00185	0.00447	0.00654	0.00413	0.00566
15	0.01039	0.01008	0.03782	0.06509	0.43961	0.04067	0.07510	0.01406	0.09261	0.01488	0.04166	0.01302	0.00939	0.00454	0.00431	0.00132	0.00490	0.00427	0.11005	0.00624
16	0.00758	0.00571	0.00661	0.00626	0.00768	0.00578	0.00468	0.01147	0.19037	0.04687	0.24109	0.07392	0.21534	0.08198	0.07281	0.00217	0.00351	0.00735	0.00419	0.00466
17	0.00675	0.00467	0.00540	0.00520	0.00656	0.00408	0.00386	0.00811	0.01065	0.07915	0.24931	0.10208	0.44147	0.04559	0.00592	0.00160	0.00243	0.00870	0.00436	0.00410
18	0.05790	0.09946	0.08889	0.23906	0.36140	0.01103	0.05497	0.01295	0.00943	0.01340	0.00784	0.01045	0.00629	0.00407	0.00416	0.00134	0.00550	0.00369	0.00210	0.00607

[dist]
# distance from previous block
# <min> <max>
0	5

[block]
# block no. 11 follows, 59 sequences, length 19
# corresponding to MSA columns:
# 1162-1180
name=unknown_L
#
# <colnr> <probs for GDERKNQSTAVLIFYWHMCP>
#	G	D	E	R	K	N	Q	S	T	A	V	L	I	F	Y	W	H	M	C	P
0	0.00960	0.01712	0.49674	0.06373	0.04729	0.00959	0.10890	0.03567	0.01005	0.05147	0.03809	0.01215	0.02748	0.00462	0.00436	0.00139	0.00589	0.00400	0.04568	0.00618
1	0.03191	0.00557	0.00666	0.07391	0.00917	0.04592	0.00536	0.00821	0.00944	0.01260	0.14845	0.30647	0.10407	0.03545	0.09736	0.00231	0.00425	0.08524	0.00368	0.00398
2	0.06491	0.01021	0.01415	0.17183	0.15064	0.01086	0.07405	0.28942	0.01361	0.08925	0.00971	0.01108	0.00712	0.00459	0.00430	0.00133	0.00505	0.00392	0.00327	0.06067
3	0.05014	0.00978	0.03928	0.00897	0.01186	0.01005	0.00749	0.23425	0.17485	0.26004	0.03931	0.04227	0.01125	0.00601	0.00525	0.00144	0.07191	0.00464	0.00439	0.00680
4	0.01348	0.01471	0.06803	0.13239	0.11826	0.30649	0.08652	0.06494	0.06002	0.07938	0.00921	0.01062	0.00699	0.00456	0.00432	0.00131	0.00637	0.00372	0.00272	0.00596
5	0.00619	0.00476	0.00628	0.07392	0.00892	0.00483	0.00512	0.00827	0.08106	0.01204	0.02332	0.63005	0.06184	0.01217	0.00543	0.00174	0.00297	0.04311	0.00396	0.00403
6	0.01158	0.00931	0.03814	0.00773	0.01151	0.00796	0.00645	0.15976	0.07806	0.08291	0.00998	0.01052	0.00762	0.00408	0.00371	0.00093	0.00374	0.00324	0.00331	0.53944
7	0.00768	0.00649	0.02716	0.00728	0.03186	0.03353	0.01788	0.04831	0.01027	0.03892	0.08601	0.31628	0.19192	0.00985	0.00502	0.00148	0.00320	0.04428	0.00384	0.10874
8	0.01220	0.09562	0.39091	0.01135	0.04380	0.04094	0.01190	0.18663	0.04531	0.08250	0.00950	0.01016	0.00686	0.00455	0.00412	0.00131	0.00556	0.00349	0.00287	0.03043
9	0.00619	0.00436	0.00519	0.00557	0.00583	0.00431	0.00349	0.00715	0.04688	0.01025	0.01911	0.36595	0.03863	0.44069	0.01423	0.00305	0.00349	0.00896	0.00339	0.00329
10	0.00635	0.00481	0.00606	0.07281	0.00842	0.00450	0.00459	0.00808	0.01112	0.03523	0.41080	0.07467	0.31713	0.00958	0.00515	0.00145	0.00252	0.00828	0.00433	0.00413
11	0.02353	0.12730	0.12766	0.01110	0.04442	0.03354	0.07264	0.06211	0.12632	0.01430	0.02368	0.01100	0.00792	0.00584	0.02410	0.00151	0.18974	0.00378	0.00262	0.08689
12	0.00839	0.00718	0.01078	0.02718	0.17339	0.00729	0.07647	0.05286	0.11030	0.01392	0.01758	0.39042	0.01869	0.03470	0.00564	0.00168	0.00393	0.03095	0.00353	0.00513
13	0.00607	0.00455	0.00541	0.00573	0.00669	0.00421	0.00409	0.00785	0.05800	0.02888	0.13384	0.40951	0.28550	0.01170	0.00535	0.00162	0.00247	0.01029	0.00425	0.00399
14	0.00592	0.00417	0.00512	0.00560	0.00603	0.00394	0.00376	0.00649	0.00815	0.01062	0.03500	0.36459	0.14709	0.26091	0.01120	0.04597	0.00319	0.06537	0.00358	0.00330
15	0.35579	0.07323	0.05163	0.00958	0.05576	0.06628	0.08408	0.06596	0.01009	0.11950	0.00930	0.03978	0.00730	0.00470	0.00367	0.00133	0.00454	0.00361	0.02822	0.00566
16	0.01878	0.01055	0.07731	0.02654	0.08846	0.03160	0.01802	0.17306	0.08914	0.01706	0.04387	0.01294	0.02928	0.03533	0.00520	0.00128	0.04254	0.00395	0.00314	0.27194
17	0.08287	0.16841	0.06689	0.04122	0.10577	0.18688	0.00884	0.10724	0.10954	0.01520	0.00908	0.02370	0.00737	0.00463	0.00385	0.00122	0.00529	0.00346	0.00276	0.04578
18	0.14256	0.01124	0.01176	0.00936	0.01232	0.03214	0.00769	0.50469	0.05050	0.03611	0.00982	0.01034	0.00726	0.00530	0.00506	0.00137	0.08370	0.00372	0.02194	0.03313

[dist]
# distance from previous block
# <min> <max>
1	8

[block]
# block no. 12 follows, 59 sequences, length 6
# corresponding to MSA columns:
# 1189-1194
name=unknown_M
#
# <colnr> <probs for GDERKNQSTAVLIFYWHMCP>
#	G	D	E	R	K	N	Q	S	T	A	V	L	I	F	Y	W	H	M	C	P
0	0.04022	0.00706	0.01068	0.14087	0.07123	0.00744	0.07374	0.03606	0.03997	0.09572	0.08927	0.22204	0.02973	0.00900	0.03907	0.00179	0.04018	0.03737	0.00349	0.00508
1	0.01105	0.05137	0.07683	0.08196	0.31642	0.05166	0.07486	0.05728	0.03765	0.04746	0.01044	0.02993	0.03491	0.00468	0.00448	0.00130	0.01955	0.00417	0.00261	0.08140
2	0.00603	0.00521	0.04079	0.00688	0.03058	0.00439	0.00510	0.00734	0.00928	0.01227	0.09599	0.42481	0.16059	0.05850	0.00643	0.00185	0.00301	0.11313	0.00393	0.00390
3	0.00858	0.00791	0.01307	0.61251	0.15783	0.00930	0.01152	0.01132	0.00913	0.01209	0.01042	0.01368	0.05438	0.00477	0.00439	0.00143	0.00538	0.00426	0.04290	0.00514
4	0.00730	0.00562	0.00681	0.04581	0.00794	0.02472	0.00472	0.04256	0.02588	0.01084	0.03391	0.14857	0.01617	0.40428	0.14651	0.00376	0.05139	0.00665	0.00293	0.00365
5	0.06097	0.01140	0.01304	0.13862	0.03905	0.09492	0.06379	0.33102	0.08571	0.01942	0.01034	0.03490	0.00805	0.00527	0.00473	0.00139	0.03773	0.00419	0.02923	0.00622

[dist]
# distance from previous block
# <min> <max>
1	5

[block]
# block no. 13 follows, 59 sequences, length 16
# corresponding to MSA columns:
# 1200-1215
name=unknown_N
#
# <colnr> <probs for GDERKNQSTAVLIFYWHMCP>
