[name]
unknown

[dist]
# distance from previous block
# <min> <max>
0	22

[block]
# block no. 0 follows, 44 sequences, length 31
# corresponding to MSA columns:
# 230-260
name=unknown_A
#
# <colnr> <probs for GDERKNQSTAVLIFYWHMCP>
#	G	D	E	R	K	N	Q	S	T	A	V	L	I	F	Y	W	H	M	C	P
0	0.00781	0.00564	0.00742	0.00715	0.00843	0.00525	0.00547	0.01038	0.01517	0.02136	0.70464	0.04259	0.04963	0.01150	0.00653	0.00179	0.00279	0.07540	0.00591	0.00513
1	0.00916	0.00554	0.00662	0.00661	0.00705	0.00536	0.00407	0.00954	0.00911	0.08035	0.02009	0.18479	0.02243	0.58122	0.02167	0.00436	0.00481	0.00919	0.00396	0.00406
2	0.00843	0.00529	0.00698	0.00775	0.00849	0.00490	0.00539	0.00952	0.01093	0.08269	0.02924	0.62859	0.05524	0.06145	0.00803	0.00235	0.00350	0.05129	0.00511	0.00484
3	0.01038	0.00953	0.01552	0.69770	0.03428	0.01144	0.01398	0.01387	0.01096	0.01449	0.00996	0.01444	0.00757	0.00535	0.00527	0.00171	0.00682	0.00471	0.03077	0.08127
4	0.00736	0.00554	0.00689	0.00762	0.00844	0.00534	0.00530	0.00983	0.07908	0.01564	0.11072	0.57709	0.11016	0.01525	0.00672	0.00209	0.00316	0.01366	0.00520	0.00490
5	0.74694	0.08265	0.01000	0.00744	0.01096	0.01294	0.00628	0.01637	0.00963	0.04634	0.00801	0.00914	0.00623	0.00508	0.00345	0.00164	0.00438	0.00303	0.00338	0.00611
6	0.01854	0.01793	0.08386	0.01253	0.01656	0.19247	0.01070	0.42116	0.06722	0.02624	0.01263	0.01318	0.00934	0.00625	0.00519	0.00158	0.00671	0.00460	0.06518	0.00814
7	0.02036	0.00907	0.01178	0.00959	0.01314	0.00842	0.00771	0.02446	0.13210	0.55555	0.05790	0.09069	0.01782	0.00799	0.00567	0.00176	0.00436	0.00670	0.00637	0.00854
8	0.01391	0.40586	0.31846	0.01235	0.01809	0.11728	0.01368	0.01740	0.01181	0.01462	0.00854	0.00996	0.00696	0.00499	0.00433	0.00141	0.00721	0.00342	0.00238	0.00732
9	0.01672	0.05520	0.01487	0.01173	0.01536	0.06359	0.00943	0.30006	0.40226	0.02602	0.01717	0.01637	0.01278	0.00683	0.00537	0.00171	0.00537	0.00536	0.00518	0.00864
10	0.01434	0.76141	0.07679	0.00973	0.01461	0.02100	0.01002	0.01638	0.01111	0.01311	0.00772	0.00892	0.00699	0.00470	0.00361	0.00120	0.00597	0.00299	0.00233	0.00706
11	0.01193	0.09043	0.67993	0.01474	0.02232	0.01314	0.01864	0.01767	0.01169	0.05615	0.01021	0.01165	0.00725	0.00522	0.00506	0.00168	0.00770	0.00401	0.00253	0.00803
12	0.01296	0.01444	0.03063	0.02458	0.14264	0.01366	0.64168	0.01735	0.01280	0.01752	0.01091	0.01452	0.00833	0.00464	0.00628	0.00180	0.00878	0.00619	0.00275	0.00755
13	0.00664	0.00474	0.00633	0.00759	0.00791	0.00443	0.00506	0.00759	0.01044	0.01392	0.03005	0.80485	0.03606	0.01708	0.00696	0.00221	0.00316	0.01550	0.00506	0.00443
14	0.01285	0.01969	0.32665	0.01918	0.02562	0.01297	0.41631	0.01797	0.01251	0.06619	0.01121	0.01369	0.00807	0.00496	0.00588	0.00178	0.00845	0.00542	0.00283	0.00775
15	0.02131	0.01373	0.01403	0.05168	0.01627	0.15430	0.00934	0.16310	0.08325	0.39025	0.01695	0.01586	0.01146	0.00649	0.00538	0.00165	0.00596	0.00504	0.00545	0.00851
16	0.01649	0.01065	0.05077	0.00941	0.01274	0.01001	0.00796	0.24548	0.03761	0.20419	0.08206	0.03782	0.05152	0.00746	0.00525	0.00161	0.00447	0.00603	0.19090	0.00759
17	0.00720	0.00537	0.00669	0.00675	0.00792	0.00486	0.00491	0.00914	0.01363	0.01849	0.44638	0.22168	0.20075	0.01310	0.00656	0.00186	0.00275	0.01153	0.00558	0.00486
18	0.18667	0.01237	0.00987	0.00872	0.01130	0.16982	0.00682	0.15040	0.01440	0.02229	0.01290	0.01448	0.01002	0.00597	0.00425	0.00145	0.00502	0.00429	0.34270	0.00627
19	0.01284	0.01223	0.02052	0.18898	0.59048	0.01281	0.01606	0.01668	0.04432	0.01723	0.01065	0.01400	0.00870	0.00509	0.00541	0.00167	0.00655	0.00491	0.00276	0.00811
20	0.00793	0.00529	0.00595	0.00595	0.00595	0.00529	0.00330	0.00793	0.00793	0.01057	0.01718	0.03568	0.01982	0.80840	0.02775	0.00529	0.00529	0.00793	0.00330	0.00330
21	0.00664	0.00474	0.00633	0.00759	0.00791	0.00443	0.00506	0.00759	0.01044	0.01392	0.03005	0.80485	0.03606	0.01708	0.00696	0.00221	0.00316	0.01550	0.00506	0.00443
22	0.01238	0.00976	0.01120	0.00867	0.01281	0.00850	0.00687	0.01760	0.17598	0.06779	0.04197	0.01592	0.02872	0.00547	0.00459	0.00116	0.00402	0.00448	0.02379	0.53834
23	0.01173	0.00968	0.01135	0.00813	0.01295	0.00729	0.00651	0.01414	0.01144	0.04238	0.01007	0.01154	0.00825	0.00413	0.00408	0.00084	0.00406	0.00330	0.00334	0.81478
24	0.00768	0.00557	0.00724	0.00682	0.00812	0.00513	0.00512	0.01022	0.01535	0.02167	0.75192	0.04104	0.07116	0.01122	0.00643	0.00172	0.00258	0.00990	0.00598	0.00513
25	0.00659	0.00497	0.00610	0.00700	0.00775	0.00448	0.00480	0.00766	0.01101	0.01415	0.03724	0.58990	0.24636	0.01614	0.00681	0.00211	0.00305	0.01436	0.00506	0.00448
26	0.00664	0.00474	0.00633	0.00759	0.00791	0.00443	0.00506	0.00759	0.01044	0.01392	0.03005	0.80485	0.03606	0.01708	0.00696	0.00221	0.00316	0.01550	0.00506	0.00443
27	0.01340	0.01351	0.04960	0.03281	0.74719	0.01294	0.01686	0.01675	0.01238	0.01779	0.01024	0.01342	0.00857	0.00487	0.00539	0.00162	0.00653	0.00483	0.00268	0.00861
28	0.00668	0.00492	0.00627	0.00733	0.00792	0.00451	0.00503	0.00774	0.01083	0.01413	0.03416	0.65776	0.15721	0.01648	0.00689	0.00216	0.00315	0.03730	0.00506	0.00448
29	0.02036	0.01563	0.01585	0.01244	0.01659	0.07809	0.01016	0.61653	0.07493	0.06346	0.01369	0.01356	0.00977	0.00654	0.00542	0.00163	0.00613	0.00491	0.00530	0.00899
30	0.02026	0.01504	0.01610	0.01245	0.01673	0.01669	0.01025	0.70956	0.07304	0.03362	0.01367	0.01355	0.00974	0.00660	0.00546	0.00165	0.00589	0.00499	0.00546	0.00923

[dist]
# distance from previous block
# <min> <max>
0	1

[block]
# block no. 1 follows, 44 sequences, length 41
# corresponding to MSA columns:
# 262-302
name=unknown_B
#
# <colnr> <probs for GDERKNQSTAVLIFYWHMCP>
#	G	D	E	R	K	N	Q	S	T	A	V	L	I	F	Y	W	H	M	C	P
0	0.04720	0.01236	0.06932	0.01020	0.01505	0.01020	0.03402	0.16045	0.03560	0.09131	0.01176	0.01261	0.00888	0.00501	0.00463	0.00122	0.00496	0.00400	0.00397	0.45724
1	0.01277	0.01486	0.07078	0.01827	0.04870	0.06139	0.28514	0.01563	0.01079	0.01517	0.00894	0.01285	0.00760	0.00704	0.01164	0.00206	0.38184	0.00526	0.00255	0.00673
2	0.01294	0.22982	0.49993	0.01377	0.02036	0.10257	0.01627	0.01753	0.01184	0.01568	0.00906	0.01061	0.00694	0.00510	0.00472	0.00155	0.00768	0.00368	0.00237	0.00759
3	0.35756	0.01250	0.05663	0.01132	0.01511	0.03960	0.13066	0.04424	0.11417	0.06428	0.09126	0.01559	0.01316	0.00611	0.00484	0.00173	0.00538	0.00497	0.00402	0.00687
4	0.00765	0.00557	0.00719	0.00679	0.00810	0.00511	0.00509	0.01015	0.01527	0.02148	0.73282	0.04136	0.09038	0.01129	0.00643	0.00172	0.00258	0.00995	0.00595	0.00511
5	0.01030	0.00969	0.01635	0.79530	0.03755	0.01211	0.01514	0.01393	0.01090	0.01393	0.00969	0.01453	0.00727	0.00545	0.00545	0.00182	0.00727	0.00484	0.00242	0.00606
6	0.01413	0.01369	0.01791	0.02373	0.43931	0.09387	0.01321	0.02087	0.24230	0.01895	0.01394	0.01541	0.01108	0.00576	0.00534	0.00166	0.00605	0.00512	0.02941	0.00828
7	0.01349	0.01295	0.02213	0.03346	0.77440	0.01295	0.01673	0.01673	0.01241	0.01781	0.01025	0.01349	0.00864	0.00486	0.00540	0.00162	0.00648	0.00486	0.00270	0.00864
8	0.00772	0.00557	0.00729	0.00686	0.00814	0.00514	0.00514	0.01029	0.01543	0.02186	0.77152	0.04072	0.05144	0.01115	0.00643	0.00171	0.00257	0.00986	0.00600	0.00514
9	0.00845	0.00605	0.00833	0.00912	0.01037	0.00593	0.00772	0.01094	0.01329	0.01777	0.23085	0.07149	0.03693	0.01404	0.00722	0.00229	0.00432	0.52457	0.00529	0.00504
10	0.04217	0.02754	0.75131	0.01523	0.02311	0.01265	0.01961	0.01722	0.01143	0.01753	0.00970	0.01141	0.00687	0.00518	0.00511	0.00173	0.00791	0.00399	0.00234	0.00798
11	0.00689	0.00494	0.00655	0.00742	0.00796	0.00460	0.00508	0.00822	0.01161	0.01578	0.20420	0.62537	0.03967	0.01569	0.00683	0.00210	0.00302	0.01417	0.00528	0.00460
12	0.00664	0.00474	0.00633	0.00759	0.00791	0.00443	0.00506	0.00759	0.01044	0.01392	0.03005	0.80485	0.03606	0.01708	0.00696	0.00221	0.00316	0.01550	0.00506	0.00443
13	0.00899	0.00743	0.00812	0.00766	0.00972	0.00749	0.00586	0.01495	0.24100	0.01910	0.23465	0.03981	0.33665	0.01119	0.00619	0.00182	0.00323	0.02472	0.00546	0.00597
14	0.01193	0.01193	0.01670	0.01431	0.01431	0.01670	0.01193	0.01312	0.00835	0.01312	0.00716	0.01193	0.00716	0.00954	0.01789	0.00239	0.79843	0.00477	0.00239	0.00596
15	0.00684	0.00547	0.00612	0.00610	0.00765	0.00475	0.00452	0.00855	0.01317	0.01681	0.26922	0.11253	0.49248	0.01328	0.00648	0.00183	0.00274	0.01135	0.00535	0.00475
16	0.01896	0.02333	0.01681	0.01801	0.17138	0.62872	0.01180	0.02074	0.01483	0.01425	0.00880	0.01058	0.00735	0.00546	0.00501	0.00145	0.00915	0.00379	0.00279	0.00679
17	0.01223	0.01166	0.01984	0.33522	0.48253	0.01262	0.01610	0.01562	0.01181	0.01627	0.01003	0.01391	0.00809	0.00509	0.00542	0.00170	0.00679	0.00485	0.00259	0.00761
18	0.01030	0.00969	0.01635	0.79530	0.03755	0.01211	0.01514	0.01393	0.01090	0.01393	0.00969	0.01453	0.00727	0.00545	0.00545	0.00182	0.00727	0.00484	0.00242	0.00606
19	0.00702	0.00529	0.00649	0.00673	0.00785	0.00476	0.00484	0.00873	0.01297	0.01730	0.33243	0.29479	0.24327	0.01382	0.00661	0.00191	0.00282	0.01216	0.00544	0.00476
20	0.01441	0.01287	0.02043	0.02896	0.61951	0.01313	0.01518	0.07193	0.08593	0.04617	0.01200	0.01430	0.00962	0.00529	0.00542	0.00164	0.00617	0.00501	0.00332	0.00870
21	0.01733	0.01242	0.01352	0.03367	0.01507	0.01371	0.00900	0.44443	0.15123	0.05571	0.01597	0.01674	0.01186	0.00681	0.00524	0.00164	0.00510	0.01970	0.14256	0.00829
22	0.01020	0.00957	0.01630	0.71940	0.03539	0.01180	0.03607	0.01375	0.01081	0.01395	0.01006	0.01501	0.00773	0.00783	0.05858	0.00229	0.00782	0.00496	0.00247	0.00601
23	0.07969	0.01112	0.01249	0.01054	0.06507	0.05080	0.00778	0.05860	0.01289	0.12974	0.01141	0.01234	0.00874	0.00480	0.00442	0.00114	0.00473	0.00376	0.00382	0.50613
24	0.03111	0.07578	0.06770	0.01595	0.05933	0.03964	0.27115	0.01601	0.08487	0.01668	0.01632	0.18314	0.01581	0.00831	0.00643	0.00188	0.03497	0.04465	0.00357	0.00671
25	0.00769	0.00562	0.00725	0.00697	0.00830	0.00518	0.00531	0.01017	0.01500	0.02093	0.66564	0.04304	0.10582	0.01162	0.00651	0.00178	0.00275	0.05945	0.00586	0.00509
26	0.01272	0.01432	0.03080	0.07397	0.05338	0.01365	0.68207	0.01721	0.01272	0.01724	0.01092	0.01466	0.00822	0.00466	0.00634	0.00183	0.00898	0.00628	0.00273	0.00731
27	0.00666	0.00491	0.00624	0.00723	0.00783	0.00449	0.00492	0.00774	0.01097	0.01438	0.06546	0.65088	0.15575	0.01630	0.00685	0.00213	0.00307	0.01461	0.00510	0.00449
28	0.01130	0.00969	0.01130	0.00807	0.01292	0.00727	0.00646	0.01373	0.01130	0.01776	0.00969	0.01130	0.00807	0.00404	0.00404	0.00081	0.00404	0.00323	0.00323	0.84173
29	0.00762	0.00550	0.00712	0.00684	0.00802	0.00509	0.00504	0.00995	0.01473	0.02070	0.67285	0.09279	0.06940	0.04145	0.00726	0.00189	0.00272	0.01022	0.00581	0.00501
30	0.01138	0.07598	0.57428	0.01550	0.03480	0.01291	0.08667	0.03737	0.01195	0.01726	0.01123	0.06562	0.00912	0.00593	0.00532	0.00173	0.00760	0.00500	0.00263	0.00772
31	0.02071	0.03941	0.06540	0.01047	0.01472	0.01026	0.00908	0.04653	0.17887	0.51396	0.02014	0.01797	0.01339	0.00670	0.00541	0.00171	0.00488	0.00543	0.00599	0.00897
32	0.00664	0.00474	0.00633	0.00759	0.00791	0.00443	0.00506	0.00759	0.01044	0.01392	0.03005	0.80485	0.03606	0.01708	0.00696	0.00221	0.00316	0.01550	0.00506	0.00443
33	0.00663	0.00480	0.00627	0.00744	0.00787	0.00444	0.00499	0.00761	0.01058	0.01398	0.03186	0.75083	0.08890	0.01684	0.00692	0.00219	0.00313	0.01521	0.00506	0.00444
34	0.01199	0.22741	0.01863	0.01221	0.04116	0.01242	0.13877	0.05035	0.06462	0.04480	0.03899	0.27843	0.01926	0.00935	0.00563	0.00176	0.00532	0.00842	0.00397	0.00651
35	0.01231	0.01318	0.02687	0.01979	0.02440	0.01260	0.58069	0.03891	0.06400	0.01785	0.01441	0.12156	0.01262	0.00653	0.00642	0.00188	0.00795	0.00759	0.00334	0.00710
36	0.00779	0.00584	0.00876	0.00876	0.00974	0.00681	0.00681	0.00974	0.00876	0.01266	0.01460	0.02142	0.01363	0.04089	0.78680	0.00876	0.01460	0.00584	0.00292	0.00487
37	0.04404	0.01277	0.02399	0.13035	0.11914	0.01266	0.38243	0.05758	0.01339	0.10426	0.01250	0.01619	0.00949	0.00546	0.00593	0.00180	0.00758	0.02951	0.00340	0.00752
38	0.01581	0.50140	0.04023	0.01018	0.01423	0.13328	0.00933	0.01805	0.03540	0.09575	0.01091	0.04449	0.00946	0.00695	0.03221	0.00161	0.00651	0.00404	0.00311	0.00703
39	0.01246	0.01015	0.01259	0.03500	0.01447	0.00890	0.03416	0.04309	0.08643	0.05954	0.01238	0.04131	0.01021	0.00533	0.00504	0.00116	0.03229	0.00436	0.00372	0.56738
40	0.09346	0.07591	0.05964	0.01184	0.05198	0.10045	0.00963	0.07058	0.11706	0.30061	0.01624	0.01675	0.01176	0.00650	0.00513	0.00166	0.00564	0.03216	0.00487	0.00811

[dist]
# distance from previous block
# <min> <max>
0	1

[block]
# block no. 2 follows, 44 sequences, length 34
# corresponding to MSA columns:
# 304-337
name=unknown_C
#
# <colnr> <probs for GDERKNQSTAVLIFYWHMCP>
#	G	D	E	R	K	N	Q	S	T	A	V	L	I	F	Y	W	H	M	C	P
0	0.01910	0.01631	0.01532	0.01248	0.01630	0.14705	0.01001	0.47241	0.18536	0.02826	0.01428	0.01412	0.01050	0.00657	0.00538	0.00164	0.00628	0.00495	0.00502	0.00863
1	0.01874	0.01395	0.01509	0.01177	0.01597	0.01512	0.00962	0.54162	0.14228	0.05392	0.01446	0.01424	0.01046	0.00643	0.00533	0.00159	0.00549	0.00496	0.00528	0.09371
2	0.00793	0.00529	0.00595	0.00595	0.00595	0.00529	0.00330	0.00793	0.00793	0.01057	0.01718	0.03568	0.01982	0.80840	0.02775	0.00529	0.00529	0.00793	0.00330	0.00330
3	0.00720	0.00534	0.00664	0.00680	0.00788	0.00487	0.00490	0.00897	0.01309	0.01767	0.37968	0.25031	0.19044	0.04920	0.00755	0.00205	0.00293	0.02429	0.00542	0.00476
4	0.00923	0.00879	0.01119	0.01150	0.09795	0.04267	0.07295	0.01229	0.07723	0.01586	0.03842	0.07891	0.45533	0.01109	0.00655	0.00183	0.02848	0.00949	0.00445	0.00576
5	0.02037	0.02598	0.01545	0.01404	0.01685	0.78652	0.01053	0.02177	0.01545	0.01334	0.00843	0.00983	0.00702	0.00562	0.00492	0.00140	0.00983	0.00351	0.00281	0.00632
6	0.00793	0.00529	0.00595	0.00595	0.00595	0.00529	0.00330	0.00793	0.00793	0.01057	0.01718	0.03568	0.01982	0.80840	0.02775	0.00529	0.00529	0.00793	0.00330	0.00330
7	0.05319	0.01200	0.01305	0.01099	0.01455	0.01326	0.00877	0.18212	0.44622	0.15533	0.01951	0.01800	0.01407	0.00700	0.00542	0.00177	0.00472	0.00564	0.00564	0.00876
8	0.00671	0.00580	0.00615	0.00657	0.03624	0.00492	0.00462	0.00816	0.01243	0.01484	0.05354	0.05100	0.74344	0.01347	0.00640	0.00183	0.00290	0.01126	0.00497	0.00475
9	0.00645	0.00549	0.00556	0.00562	0.00739	0.00459	0.00418	0.00781	0.01234	0.01469	0.05410	0.08630	0.73909	0.01395	0.00647	0.00186	0.00278	0.01169	0.00506	0.00459
10	0.00782	0.00572	0.00815	0.00815	0.00892	0.00648	0.00606	0.00935	0.00858	0.01221	0.01516	0.02449	0.01496	0.20635	0.62316	0.00801	0.01259	0.00629	0.00300	0.00453
11	0.00646	0.00545	0.00560	0.00572	0.00742	0.00459	0.00423	0.00780	0.01224	0.01465	0.05283	0.12415	0.70205	0.01412	0.00649	0.00188	0.00280	0.01189	0.00506	0.00459
12	0.01385	0.01218	0.01780	0.05836	0.42490	0.01293	0.01326	0.02159	0.29276	0.05256	0.01517	0.01631	0.01177	0.00591	0.00546	0.00172	0.00563	0.00537	0.00392	0.00855
13	0.00874	0.00633	0.00827	0.00906	0.01017	0.00633	0.00715	0.05929	0.03198	0.01687	0.05810	0.37373	0.03235	0.01501	0.00705	0.00228	0.00418	0.33287	0.00512	0.00515
14	0.84691	0.01054	0.00801	0.00717	0.01054	0.01223	0.00590	0.01603	0.00928	0.02446	0.00759	0.00886	0.00590	0.00506	0.00337	0.00169	0.00422	0.00295	0.00337	0.00590
15	0.00787	0.00553	0.00717	0.00717	0.00760	0.00595	0.00483	0.00872	0.00829	0.01148	0.01605	0.02946	0.01712	0.47366	0.35881	0.00680	0.00935	0.00702	0.00314	0.00399
16	0.03488	0.00976	0.01133	0.00819	0.01288	0.00762	0.00656	0.01378	0.01118	0.01785	0.00957	0.01125	0.00799	0.00419	0.00432	0.00087	0.02155	0.00326	0.00322	0.79975
17	0.01030	0.00969	0.01635	0.79530	0.03755	0.01211	0.01514	0.01393	0.01090	0.01393	0.00969	0.01453	0.00727	0.00545	0.00545	0.00182	0.00727	0.00484	0.00242	0.00606
18	0.00743	0.00531	0.00723	0.00849	0.00916	0.00511	0.00643	0.00896	0.01122	0.01480	0.02961	0.53102	0.03433	0.01634	0.00717	0.00232	0.00385	0.28154	0.00505	0.00465
19	0.01455	0.02952	0.21838	0.01213	0.01750	0.03407	0.03536	0.19745	0.07899	0.05124	0.01203	0.01287	0.00895	0.00541	0.00496	0.00143	0.00599	0.00429	0.00381	0.25106
20	0.00860	0.00689	0.00920	0.09193	0.04119	0.00691	0.00744	0.01058	0.01206	0.03250	0.10317	0.15728	0.26047	0.01221	0.00709	0.00197	0.04930	0.13382	0.00458	0.04283
21	0.02939	0.12938	0.40532	0.01495	0.04961	0.04351	0.06207	0.12012	0.01377	0.05367	0.01044	0.01185	0.00769	0.00541	0.00526	0.00164	0.02069	0.00422	0.00303	0.00798
22	0.01316	0.01484	0.09640	0.08286	0.36795	0.01333	0.25922	0.05245	0.01300	0.01816	0.01056	0.01376	0.00828	0.00493	0.00572	0.00172	0.00755	0.00530	0.00279	0.00800
23	0.01276	0.01441	0.03110	0.06052	0.05209	0.01368	0.69605	0.01727	0.01276	0.01730	0.01094	0.01466	0.00823	0.00464	0.00635	0.00183	0.00901	0.00631	0.00274	0.00733
24	0.03192	0.00980	0.04557	0.00958	0.01278	0.00888	0.00791	0.10453	0.09567	0.32383	0.11574	0.15003	0.04150	0.00912	0.00582	0.00179	0.00436	0.00772	0.00579	0.00766
25	0.01552	0.08805	0.36747	0.01406	0.04248	0.05121	0.05015	0.08310	0.01389	0.18130	0.01361	0.01414	0.02899	0.00580	0.00521	0.00165	0.00691	0.00464	0.00366	0.00814
26	0.00664	0.00474	0.00633	0.00759	0.00791	0.00443	0.00506	0.00759	0.01044	0.01392	0.03005	0.80485	0.03606	0.01708	0.00696	0.00221	0.00316	0.01550	0.00506	0.00443
27	0.01305	0.00695	0.00889	0.00776	0.01009	0.00627	0.00604	0.01572	0.04304	0.26217	0.36773	0.06542	0.14410	0.01023	0.00612	0.00175	0.00335	0.00879	0.00605	0.00649
28	0.01329	0.00985	0.01167	0.00845	0.01320	0.00773	0.00680	0.04398	0.01239	0.11240	0.01128	0.01227	0.00879	0.00447	0.00427	0.00095	0.00419	0.00357	0.00375	0.70670
29	0.04036	0.01244	0.01488	0.01543	0.17783	0.03208	0.01023	0.34026	0.04964	0.05591	0.06840	0.04335	0.08574	0.00747	0.00555	0.00168	0.00534	0.00617	0.01927	0.00799
30	0.00728	0.00530	0.00688	0.00717	0.00814	0.00489	0.00520	0.00917	0.01326	0.01819	0.41530	0.32145	0.09738	0.01368	0.00667	0.00194	0.00291	0.04478	0.00555	0.00484
31	0.00679	0.00495	0.00632	0.00719	0.00779	0.00457	0.00489	0.00794	0.01114	0.01479	0.11709	0.59662	0.12530	0.04791	0.00767	0.00224	0.00313	0.01407	0.00510	0.00449
32	0.15097	0.01938	0.12769	0.01228	0.01593	0.32783	0.02594	0.08281	0.04808	0.01864	0.05187	0.04969	0.01187	0.00669	0.00506	0.00163	0.00723	0.02617	0.00351	0.00671
33	0.02110	0.00917	0.01158	0.00912	0.01275	0.00852	0.00745	0.11383	0.01600	0.53282	0.01971	0.01824	0.01307	0.00664	0.00514	0.00160	0.00438	0.00533	0.17513	0.00843

[dist]
# distance from previous block
# <min> <max>
0	1

[block]
# block no. 3 follows, 44 sequences, length 25
# corresponding to MSA columns:
# 339-363
name=unknown_D
#
# <colnr> <probs for GDERKNQSTAVLIFYWHMCP>
#	G	D	E	R	K	N	Q	S	T	A	V	L	I	F	Y	W	H	M	C	P
0	0.01127	0.08894	0.66097	0.04821	0.02360	0.01338	0.04607	0.01706	0.01150	0.01678	0.00965	0.01154	0.00698	0.00513	0.00510	0.00169	0.00789	0.00406	0.00233	0.00786
1	0.46765	0.09486	0.07770	0.01012	0.01397	0.15678	0.03424	0.01796	0.05073	0.02031	0.00882	0.01006	0.00695	0.00524	0.00404	0.00160	0.00592	0.00343	0.00317	0.00647
2	0.01349	0.01295	0.02213	0.03346	0.77440	0.01295	0.01673	0.01673	0.01241	0.01781	0.01025	0.01349	0.00864	0.00486	0.00540	0.00162	0.00648	0.00486	0.00270	0.00864
3	0.01031	0.00860	0.01025	0.00809	0.01191	0.00669	0.00632	0.01246	0.01121	0.01698	0.01447	0.16068	0.01448	0.00703	0.00476	0.00116	0.00393	0.04421	0.00366	0.64280
4	0.01063	0.05584	0.19358	0.01430	0.05550	0.01021	0.17432	0.01439	0.03157	0.03541	0.08552	0.23034	0.01972	0.00884	0.00595	0.00182	0.00597	0.00825	0.00373	0.03410
5	0.06407	0.01649	0.01505	0.01225	0.01600	0.23536	0.05020	0.27190	0.06274	0.07264	0.01427	0.01463	0.04744	0.00631	0.00518	0.00154	0.00666	0.00479	0.00431	0.07817
6	0.01177	0.01185	0.01469	0.01297	0.01347	0.08957	0.01058	0.01316	0.00914	0.01303	0.00905	0.01398	0.00868	0.01661	0.19933	0.00380	0.53512	0.00490	0.00255	0.00574
7	0.01167	0.01248	0.02599	0.08277	0.02550	0.01199	0.54438	0.01564	0.01248	0.01676	0.01460	0.08276	0.01321	0.00693	0.00653	0.00195	0.00805	0.09639	0.00319	0.00673
8	0.01422	0.73513	0.10201	0.00994	0.01493	0.02070	0.01039	0.01642	0.01112	0.01326	0.00779	0.00902	0.00699	0.00471	0.00366	0.00122	0.00605	0.00302	0.00233	0.00710
9	0.14037	0.01397	0.01665	0.01726	0.21529	0.01518	0.01138	0.45273	0.01975	0.02855	0.01153	0.01257	0.00861	0.00588	0.00513	0.00164	0.00586	0.00461	0.00442	0.00861
10	0.00667	0.00495	0.00625	0.00726	0.00791	0.00452	0.00500	0.00776	0.01091	0.01416	0.03508	0.62888	0.18414	0.01635	0.00687	0.00215	0.00314	0.03845	0.00506	0.00448
11	0.00734	0.00524	0.00659	0.00740	0.00795	0.00500	0.00518	0.00837	0.01036	0.01356	0.02895	0.39815	0.10293	0.22193	0.01241	0.00303	0.00401	0.14275	0.00460	0.00426
12	0.05268	0.00609	0.00785	0.00875	0.00985	0.00605	0.00683	0.01100	0.04067	0.04232	0.02779	0.40937	0.03107	0.01491	0.00689	0.00227	0.00405	0.30146	0.00503	0.00507
13	0.00667	0.00497	0.00623	0.00718	0.00788	0.00453	0.00495	0.00779	0.01103	0.01431	0.04941	0.60270	0.20141	0.01618	0.00685	0.00213	0.00311	0.03310	0.00508	0.00450
14	0.00699	0.00535	0.00623	0.00638	0.00756	0.00478	0.00454	0.00848	0.01241	0.01616	0.24793	0.20652	0.34011	0.09139	0.00863	0.00222	0.00304	0.01154	0.00515	0.00459
15	0.00805	0.00590	0.00779	0.00871	0.00974	0.00579	0.00688	0.01060	0.04995	0.01624	0.10176	0.32527	0.06608	0.01497	0.00707	0.00226	0.00398	0.33880	0.00516	0.00498
16	0.01227	0.01159	0.08658	0.00910	0.01404	0.00822	0.00803	0.05195	0.01224	0.05828	0.01119	0.03913	0.00927	0.00487	0.00440	0.00103	0.00453	0.00393	0.00350	0.64585
17	0.01303	0.04948	0.01010	0.00832	0.01064	0.00761	0.00650	0.08641	0.01428	0.20690	0.12409	0.24197	0.15347	0.01146	0.00613	0.00185	0.00386	0.03201	0.00549	0.00638
18	0.00674	0.00486	0.00641	0.00762	0.00806	0.00453	0.00521	0.00780	0.01065	0.01408	0.03125	0.72797	0.07290	0.01681	0.00696	0.00221	0.00324	0.05316	0.00506	0.00447
19	0.57254	0.01173	0.02913	0.00839	0.01180	0.05239	0.00700	0.09178	0.01226	0.06434	0.08363	0.01303	0.01118	0.00593	0.00412	0.00167	0.00465	0.00402	0.00396	0.00643
20	0.01483	0.25848	0.08052	0.01496	0.10557	0.16814	0.01194	0.04983	0.01208	0.01490	0.00848	0.01089	0.00743	0.00672	0.01910	0.00174	0.20087	0.00394	0.00263	0.00696
21	0.00698	0.00553	0.00631	0.00638	0.00791	0.00486	0.00483	0.00873	0.01310	0.01673	0.24660	0.10897	0.46342	0.01343	0.00656	0.00189	0.00291	0.06479	0.00532	0.00477
22	0.01430	0.03363	0.05938	0.05197	0.50757	0.12645	0.03123	0.03480	0.03912	0.01737	0.01130	0.01383	0.02411	0.00530	0.00532	0.00161	0.00696	0.00479	0.00289	0.00805
23	0.00789	0.00876	0.11655	0.00768	0.01012	0.00597	0.00691	0.01030	0.01306	0.03387	0.26327	0.12610	0.34530	0.01198	0.00630	0.00182	0.00354	0.01025	0.00499	0.00534
24	0.01279	0.01052	0.01208	0.00906	0.01352	0.00920	0.00726	0.08838	0.10377	0.03620	0.01173	0.01274	0.00932	0.00487	0.00471	0.00107	0.02269	0.00383	0.00378	0.62246

[dist]
# distance from previous block
# <min> <max>
4	12

[block]
# block no. 4 follows, 44 sequences, length 25
# corresponding to MSA columns:
# 451-475
name=unknown_E
#
# <colnr> <probs for GDERKNQSTAVLIFYWHMCP>
#	G	D	E	R	K	N	Q	S	T	A	V	L	I	F	Y	W	H	M	C	P
0	0.01601	0.11348	0.02398	0.01937	0.13788	0.20005	0.27660	0.06472	0.01406	0.05382	0.01044	0.01267	0.00817	0.00520	0.00563	0.00161	0.02093	0.00489	0.00306	0.00745
1	0.11120	0.35778	0.27908	0.01286	0.06445	0.01666	0.01310	0.05876	0.01192	0.01723	0.00881	0.01024	0.00707	0.00500	0.00428	0.00147	0.00644	0.00353	0.00264	0.00746
2	0.01432	0.01451	0.04414	0.05473	0.61891	0.07591	0.01588	0.06322	0.01341	0.01834	0.01025	0.01314	0.00845	0.00505	0.00536	0.00161	0.00679	0.00473	0.00286	0.00839
3	0.01177	0.00999	0.01170	0.00855	0.01310	0.00811	0.00686	0.05586	0.01199	0.01846	0.01019	0.02714	0.00866	0.00464	0.00469	0.00094	0.03383	0.00363	0.00336	0.74652
4	0.03134	0.01328	0.11112	0.01964	0.23852	0.01181	0.13638	0.04401	0.06423	0.04147	0.01244	0.01571	0.01012	0.01347	0.18292	0.00333	0.03436	0.00531	0.00314	0.00739
5	0.00736	0.00560	0.00681	0.00683	0.00814	0.00513	0.00505	0.00967	0.03519	0.01831	0.39707	0.18885	0.24240	0.01298	0.00654	0.00187	0.00284	0.02887	0.00553	0.00496
6	0.01761	0.00993	0.01247	0.04293	0.05155	0.01006	0.00858	0.13000	0.14047	0.31527	0.03725	0.06523	0.01600	0.03366	0.00629	0.00186	0.00477	0.03443	0.05360	0.00803
7	0.01456	0.01375	0.02067	0.02756	0.54467	0.06379	0.05692	0.04974	0.09426	0.04272	0.01194	0.01420	0.00955	0.00530	0.00545	0.00165	0.00654	0.00502	0.00326	0.00846
8	0.01207	0.01302	0.01824	0.01485	0.01734	0.14735	0.25425	0.01447	0.01218	0.01549	0.07541	0.21285	0.01826	0.00923	0.00818	0.00194	0.13714	0.00818	0.00354	0.00604
9	0.00711	0.00506	0.00611	0.00672	0.00714	0.00478	0.00431	0.00782	0.00993	0.01304	0.04928	0.41161	0.12423	0.30076	0.01435	0.00326	0.00386	0.01211	0.00446	0.00407
10	0.00813	0.00551	0.00698	0.00762	0.00851	0.00514	0.00531	0.03759	0.01172	0.05489	0.05994	0.61572	0.12128	0.01553	0.00674	0.00210	0.00328	0.01388	0.00520	0.00492
11	0.03876	0.20636	0.03775	0.01576	0.14203	0.22424	0.04137	0.10744	0.05742	0.06373	0.01077	0.01191	0.00851	0.00548	0.00482	0.00149	0.00703	0.00415	0.00339	0.00760
12	0.00754	0.00527	0.00643	0.00685	0.00721	0.00520	0.00446	0.00820	0.00925	0.01226	0.02353	0.24085	0.07134	0.43551	0.08018	0.00435	0.00529	0.05837	0.00396	0.00392
13	0.01075	0.00657	0.00870	0.00911	0.01060	0.00640	0.00719	0.01362	0.07224	0.13396	0.02766	0.34395	0.02927	0.01395	0.00683	0.00221	0.00417	0.28173	0.00535	0.00574
14	0.00890	0.00789	0.01192	0.01094	0.01257	0.02855	0.14176	0.01209	0.09278	0.01551	0.02515	0.55447	0.02811	0.01345	0.00665	0.00208	0.00457	0.01251	0.00463	0.00547
15	0.01458	0.81168	0.02857	0.00933	0.01399	0.02157	0.00933	0.01632	0.01108	0.01283	0.00758	0.00875	0.00700	0.00466	0.00350	0.00117	0.00583	0.00292	0.00233	0.00700
16	0.00882	0.00601	0.00771	0.00774	0.00932	0.00556	0.00624	0.01109	0.01390	0.06581	0.34055	0.04831	0.19680	0.01266	0.00672	0.00199	0.00350	0.23647	0.00554	0.00525
17	0.00662	0.00483	0.00623	0.00735	0.00784	0.00445	0.00496	0.00762	0.01067	0.01401	0.03294	0.71839	0.12065	0.01670	0.00690	0.00217	0.00312	0.01504	0.00506	0.00445
18	0.00664	0.00477	0.00630	0.00753	0.00789	0.00443	0.00503	0.00760	0.01050	0.01394	0.03082	0.78191	0.05850	0.01698	0.00694	0.00220	0.00315	0.01538	0.00506	0.00443
19	0.00664	0.00474	0.00633	0.00759	0.00791	0.00443	0.00506	0.00759	0.01044	0.01392	0.03005	0.80485	0.03606	0.01708	0.00696	0.00221	0.00316	0.01550	0.00506	0.00443
20	0.01130	0.00969	0.01130	0.00807	0.01292	0.00727	0.00646	0.01373	0.01130	0.01776	0.00969	0.01130	0.00807	0.00404	0.00404	0.00081	0.00404	0.00323	0.00323	0.84173
21	0.00768	0.00582	0.00850	0.00850	0.00955	0.00664	0.00660	0.00958	0.00905	0.01282	0.01785	0.02390	0.07420	0.03873	0.72449	0.00821	0.01366	0.00629	0.00309	0.00485
22	0.50403	0.01053	0.02400	0.15393	0.01607	0.01179	0.00818	0.08075	0.01180	0.02295	0.09898	0.01411	0.01187	0.00599	0.00434	0.00171	0.00481	0.00431	0.00367	0.00618
23	0.01874	0.01145	0.01407	0.01264	0.07494	0.01145	0.00930	0.24952	0.01858	0.26225	0.14792	0.02372	0.07125	0.00860	0.00665	0.00191	0.03574	0.00673	0.00593	0.00860
24	0.00946	0.00743	0.00870	0.00848	0.01013	0.00778	0.00632	0.05631	0.20206	0.01883	0.17130	0.27044	0.11142	0.01444	0.06863	0.00248	0.00437	0.01025	0.00522	0.00595

[dist]
# distance from previous block
# <min> <max>
2	27

[block]
# block no. 5 follows, 44 sequences, length 16
# corresponding to MSA columns:
# 503-518
name=unknown_F
#
# <colnr> <probs for GDERKNQSTAVLIFYWHMCP>
#	G	D	E	R	K	N	Q	S	T	A	V	L	I	F	Y	W	H	M	C	P
0	0.00857	0.03559	0.00846	0.00727	0.00892	0.00631	0.00554	0.04776	0.01488	0.02067	0.54708	0.11929	0.09274	0.01120	0.00623	0.00172	0.00300	0.00980	0.00556	0.03943
1	0.01130	0.00969	0.01130	0.00807	0.01292	0.00727	0.00646	0.01373	0.01130	0.01776	0.00969	0.01130	0.00807	0.00404	0.00404	0.00081	0.00404	0.00323	0.00323	0.84173
2	0.01190	0.00929	0.01103	0.00816	0.01262	0.00711	0.00647	0.01419	0.01155	0.07202	0.01206	0.07125	0.01056	0.00521	0.00436	0.00098	0.00402	0.00431	0.00362	0.71933
3	0.77444	0.01007	0.00776	0.00699	0.01018	0.01161	0.00572	0.01574	0.00946	0.02410	0.00847	0.00985	0.00660	0.00517	0.00341	0.00165	0.00407	0.00314	0.07572	0.00583
4	0.00796	0.00569	0.00784	0.00910	0.00999	0.00557	0.00735	0.00987	0.01174	0.01539	0.02932	0.34709	0.03317	0.01584	0.00731	0.00240	0.00431	0.46023	0.00504	0.00479
5	0.02071	0.01577	0.01632	0.01261	0.01690	0.05283	0.01037	0.72193	0.02516	0.03338	0.01287	0.01294	0.00917	0.00650	0.00543	0.00163	0.00618	0.00484	0.00533	0.00913
6	0.01094	0.11547	0.32197	0.01208	0.01700	0.01130	0.04730	0.04187	0.01227	0.01721	0.07965	0.07462	0.01624	0.03841	0.00630	0.00184	0.00615	0.08664	0.00337	0.07937
7	0.01042	0.04885	0.01260	0.01267	0.11331	0.02676	0.00878	0.07291	0.01128	0.01572	0.05747	0.01948	0.01405	0.02747	0.48061	0.00597	0.04688	0.00562	0.00322	0.00594
8	0.05481	0.01325	0.01442	0.01135	0.01544	0.04173	0.00928	0.39784	0.09870	0.26173	0.01625	0.01524	0.01113	0.00660	0.00537	0.00167	0.00547	0.00509	0.00568	0.00896
9	0.00802	0.00570	0.00717	0.00711	0.00738	0.00616	0.00467	0.00862	0.00825	0.01134	0.01646	0.05487	0.01813	0.54483	0.22867	0.00599	0.04206	0.00747	0.00322	0.00387
10	0.01361	0.01337	0.02153	0.06991	0.65566	0.04647	0.03904	0.01724	0.03784	0.01758	0.01057	0.01366	0.00876	0.00500	0.00542	0.00163	0.00667	0.00489	0.00279	0.00837
11	0.01048	0.00988	0.01669	0.75061	0.08077	0.01216	0.01523	0.01409	0.01099	0.01416	0.00972	0.01447	0.00735	0.00542	0.00545	0.00181	0.00722	0.00485	0.00244	0.00621
12	0.00852	0.00574	0.00712	0.00681	0.00835	0.00513	0.00509	0.01055	0.01407	0.07614	0.43983	0.13162	0.23620	0.01221	0.00642	0.00180	0.00285	0.01062	0.00570	0.00523
13	0.01026	0.00771	0.00844	0.00777	0.01007	0.00767	0.00597	0.03281	0.21951	0.07594	0.13615	0.06262	0.37162	0.01110	0.00612	0.00182	0.00339	0.00934	0.00546	0.00623
14	0.28843	0.07113	0.04769	0.01050	0.01424	0.07626	0.05207	0.13438	0.04530	0.11074	0.05347	0.04927	0.01195	0.00645	0.00476	0.00166	0.00546	0.00492	0.00420	0.00713
15	0.11031	0.05706	0.27624	0.01554	0.10666	0.22532	0.01381	0.07377	0.01339	0.01801	0.00953	0.01131	0.00743	0.00653	0.03123	0.00183	0.00789	0.00394	0.00287	0.00734

[dist]
# distance from previous block
# <min> <max>
2	8

[block]
# block no. 6 follows, 44 sequences, length 60
# corresponding to MSA columns:
# 528-587
name=unknown_G
#
# <colnr> <probs for GDERKNQSTAVLIFYWHMCP>
#	G	D	E	R	K	N	Q	S	T	A	V	L	I	F	Y	W	H	M	C	P
0	0.01439	0.12024	0.01807	0.07533	0.24219	0.12458	0.01182	0.03847	0.23768	0.01813	0.02590	0.02615	0.01158	0.00606	0.00517	0.00162	0.00616	0.00503	0.00365	0.00779
1	0.03822	0.01028	0.01356	0.01242	0.11480	0.00904	0.00874	0.06296	0.01416	0.36009	0.01521	0.01489	0.01060	0.00553	0.00493	0.00138	0.00475	0.00455	0.00487	0.28900
2	0.01268	0.07583	0.53558	0.01437	0.02090	0.10889	0.01673	0.01932	0.11211	0.01723	0.01112	0.01230	0.00822	0.00550	0.00509	0.00167	0.00764	0.00418	0.00280	0.00785
3	0.01265	0.20162	0.23848	0.04211	0.03621	0.01520	0.34396	0.01702	0.01201	0.01624	0.00984	0.01242	0.00757	0.00480	0.00536	0.00165	0.00800	0.00488	0.00252	0.00745
4	0.00669	0.00476	0.00631	0.00753	0.00784	0.00446	0.00500	0.00760	0.01035	0.01380	0.02960	0.77789	0.03549	0.04481	0.00769	0.00232	0.00324	0.01523	0.00500	0.00439
5	0.01093	0.02820	0.78016	0.01554	0.02360	0.01266	0.02014	0.01727	0.01151	0.01727	0.00978	0.01151	0.00691	0.00518	0.00518	0.00173	0.00806	0.00403	0.00230	0.00806
6	0.01309	0.01741	0.19155	0.02376	0.24809	0.03346	0.32037	0.04315	0.01289	0.01796	0.01048	0.01343	0.00807	0.00496	0.00592	0.00174	0.01774	0.00529	0.00273	0.00791
7	0.00941	0.00719	0.00837	0.00835	0.01019	0.00724	0.00654	0.01447	0.19237	0.04400	0.11167	0.14433	0.23825	0.01245	0.00649	0.00201	0.00370	0.16178	0.00533	0.00585
8	0.01349	0.01295	0.02213	0.03346	0.77440	0.01295	0.01673	0.01673	0.01241	0.01781	0.01025	0.01349	0.00864	0.00486	0.00540	0.00162	0.00648	0.00486	0.00270	0.00864
9	0.00793	0.00642	0.00915	0.01204	0.14725	0.00607	0.00716	0.00942	0.01119	0.01484	0.03050	0.51303	0.15057	0.01426	0.00661	0.00206	0.00376	0.03787	0.00463	0.00524
10	0.61807	0.01137	0.00978	0.00846	0.01194	0.01308	0.00690	0.12349	0.11205	0.02565	0.01032	0.01099	0.00781	0.00558	0.00396	0.00170	0.00448	0.00366	0.00396	0.00675
11	0.00648	0.00552	0.00557	0.00556	0.00739	0.00462	0.00417	0.00789	0.01251	0.01493	0.07555	0.05213	0.75174	0.01373	0.00644	0.00184	0.00276	0.01146	0.00509	0.00462
12	0.00754	0.00555	0.00691	0.00657	0.00796	0.00504	0.00493	0.00990	0.01478	0.02051	0.62059	0.04236	0.18305	0.01151	0.00637	0.00173	0.00261	0.01004	0.02702	0.00504
13	0.01332	0.01590	0.12084	0.19444	0.41934	0.10960	0.01606	0.01682	0.01234	0.01633	0.00984	0.01300	0.00791	0.00512	0.00532	0.00165	0.00728	0.00458	0.00260	0.00771
14	0.00768	0.00518	0.00602	0.00626	0.00632	0.00512	0.00364	0.00786	0.00841	0.01121	0.01962	0.18187	0.02291	0.65800	0.02380	0.00470	0.00488	0.00937	0.00364	0.00352
15	0.00661	0.00497	0.00613	0.00703	0.00777	0.00449	0.00482	0.00770	0.01105	0.01427	0.04915	0.59165	0.23241	0.01611	0.00681	0.00211	0.00305	0.01434	0.00508	0.00449
16	0.07118	0.01086	0.01216	0.00971	0.01325	0.01128	0.00791	0.30542	0.04651	0.24664	0.02865	0.01736	0.03047	0.00675	0.00507	0.00160	0.00467	0.00526	0.15714	0.00810
17	0.22209	0.01278	0.01448	0.01396	0.12280	0.03442	0.00994	0.25181	0.03952	0.13343	0.01215	0.01292	0.00893	0.00625	0.00610	0.00172	0.07990	0.00449	0.00438	0.00794
18	0.57370	0.14714	0.01493	0.00978	0.01368	0.01414	0.10616	0.03516	0.01048	0.02181	0.00819	0.00972	0.00649	0.00497	0.00385	0.00162	0.00520	0.00346	0.00317	0.00637
19	0.00732	0.00544	0.00629	0.00627	0.00731	0.00499	0.00436	0.00865	0.01187	0.01558	0.25102	0.08729	0.27950	0.24673	0.01276	0.00285	0.00353	0.02902	0.00482	0.00438
20	0.00791	0.00532	0.00614	0.00621	0.00629	0.00534	0.00364	0.00808	0.00817	0.01091	0.01782	0.05999	0.02044	0.73461	0.05275	0.00523	0.00553	0.02879	0.00339	0.00344
21	0.01511	0.01709	0.14267	0.01434	0.09772	0.13951	0.02120	0.16152	0.05094	0.02983	0.01094	0.01225	0.00846	0.00536	0.00515	0.00141	0.01967	0.00415	0.00352	0.23917
22	0.03096	0.40817	0.07874	0.01021	0.01412	0.09449	0.00966	0.01616	0.01160	0.05788	0.01139	0.01575	0.01027	0.01058	0.10840	0.00238	0.00735	0.06414	0.00298	0.03477
23	0.01551	0.08009	0.17411	0.01184	0.01627	0.09671	0.01116	0.26423	0.03832	0.05161	0.05475	0.07374	0.03493	0.00716	0.00531	0.00161	0.00615	0.00564	0.00420	0.04666
24	0.01364	0.51923	0.14334	0.04061	0.11808	0.01836	0.04815	0.01650	0.01140	0.01443	0.00851	0.01029	0.00727	0.00479	0.00422	0.00137	0.00647	0.00358	0.00240	0.00736
25	0.00843	0.00658	0.00708	0.00679	0.00871	0.00609	0.00512	0.07074	0.04647	0.03414	0.08904	0.14641	0.51841	0.01305	0.00637	0.00186	0.00318	0.01103	0.00521	0.00528
26	0.00685	0.00486	0.00624	0.00725	0.00756	0.00458	0.00474	0.00765	0.01008	0.01338	0.02868	0.65265	0.05638	0.14933	0.01042	0.00272	0.00351	0.01411	0.00477	0.00425
27	0.00836	0.00656	0.00715	0.00706	0.00877	0.00642	0.00525	0.01264	0.15772	0.01757	0.13044	0.16363	0.34577	0.01206	0.00610	0.00183	0.00308	0.01031	0.08381	0.00546
28	0.01122	0.01074	0.01484	0.01259	0.01372	0.01341	0.03569	0.01326	0.03927	0.01448	0.01197	0.09895	0.03031	0.00938	0.01343	0.00207	0.51317	0.00598	0.00301	0.13252
29	0.00919	0.00546	0.00730	0.00796	0.00884	0.00505	0.00562	0.01035	0.01116	0.11558	0.02839	0.62839	0.03221	0.04331	0.00753	0.00227	0.00355	0.05756	0.00522	0.00507
30	0.00701	0.00555	0.00631	0.00612	0.00771	0.00484	0.00459	0.00892	0.01377	0.01791	0.37452	0.04723	0.45090	0.01262	0.00644	0.00178	0.00268	0.01077	0.00548	0.00484
31	0.00736	0.00545	0.00687	0.00674	0.00798	0.00496	0.00497	0.00952	0.01427	0.01963	0.55488	0.14465	0.16779	0.01237	0.00650	0.00180	0.00268	0.01088	0.00572	0.00496
32	0.05214	0.00932	0.01250	0.00961	0.01380	0.00815	0.00794	0.02621	0.01539	0.75280	0.02104	0.01823	0.01324	0.00669	0.00541	0.00169	0.00462	0.00540	0.00663	0.00916
33	0.02275	0.01137	0.01388	0.01067	0.01488	0.01118	0.00880	0.29069	0.01924	0.49250	0.03439	0.01705	0.01277	0.00677	0.00549	0.00167	0.00509	0.00537	0.00626	0.00919
34	0.02266	0.01032	0.01425	0.01312	0.11532	0.00949	0.00939	0.09249	0.01610	0.60853	0.01924	0.01738	0.01246	0.00648	0.00547	0.00167	0.00501	0.00535	0.00609	0.00919
35	0.01458	0.81168	0.02857	0.00933	0.01399	0.02157	0.00933	0.01632	0.01108	0.01283	0.00758	0.00875	0.00700	0.00466	0.00350	0.00117	0.00583	0.00292	0.00233	0.00700
36	0.01453	0.01207	0.01291	0.01095	0.01449	0.01332	0.00865	0.15597	0.53329	0.02419	0.01891	0.01785	0.01420	0.00680	0.00533	0.00167	0.00458	0.00555	0.00522	0.11953
37	0.01039	0.00975	0.01623	0.77211	0.03686	0.01216	0.01495	0.01437	0.03319	0.01419	0.01006	0.01471	0.00754	0.00551	0.00545	0.00182	0.00718	0.00488	0.00251	0.00613
38	0.00867	0.00616	0.00688	0.00671	0.00715	0.00643	0.00412	0.01078	0.10857	0.01226	0.01777	0.03322	0.01921	0.67919	0.04724	0.00493	0.00543	0.00763	0.00359	0.00406
39	0.03663	0.01613	0.04272	0.01257	0.01688	0.06428	0.01055	0.63647	0.05811	0.03173	0.01299	0.01308	0.00932	0.00645	0.00537	0.00164	0.00620	0.00481	0.00514	0.00895
40	0.00759	0.00557	0.00711	0.00672	0.00806	0.00509	0.00504	0.01004	0.01512	0.02113	0.69812	0.04193	0.12530	0.01142	0.00643	0.00173	0.00259	0.01003	0.00591	0.00509
41	0.02171	0.00884	0.01159	0.00911	0.01290	0.00785	0.00744	0.02449	0.04893	0.62273	0.02073	0.01868	0.01356	0.00665	0.00522	0.00162	0.00433	0.00540	0.11723	0.03100
42	0.01799	0.02159	0.01704	0.01463	0.01786	0.52685	0.10909	0.02266	0.16717	0.01581	0.01157	0.01261	0.00914	0.00584	0.00525	0.00155	0.00863	0.00444	0.00336	0.00693
43	0.01030	0.00833	0.01131	0.01224	0.11227	0.00833	0.00825	0.03743	0.01156	0.03763	0.02116	0.25263	0.06775	0.03882	0.00819	0.00198	0.09923	0.09080	0.00409	0.15769
44	0.13383	0.00945	0.01203	0.00936	0.01347	0.00857	0.00773	0.02517	0.01476	0.67794	0.01966	0.01727	0.01249	0.00652	0.00520	0.00169	0.00458	0.00515	0.00630	0.00883
45	0.01344	0.44873	0.12245	0.01014	0.01447	0.12658	0.01000	0.01568	0.01200	0.01384	0.01665	0.01721	0.14606	0.00653	0.00446	0.00140	0.00614	0.00471	0.00289	0.00661
46	0.01538	0.01201	0.01153	0.01039	0.01289	0.15201	0.00808	0.14756	0.07161	0.14274	0.04908	0.17149	0.04213	0.03751	0.00672	0.00196	0.00546	0.08965	0.00500	0.00679
47	0.01042	0.02244	0.56742	0.01342	0.01998	0.01080	0.01618	0.01547	0.01134	0.01689	0.01247	0.11698	0.01095	0.00660	0.00525	0.00166	0.00683	0.00544	0.00280	0.12667
48	0.00664	0.00474	0.00633	0.00759	0.00791	0.00443	0.00506	0.00759	0.01044	0.01392	0.03005	0.80485	0.03606	0.01708	0.00696	0.00221	0.00316	0.01550	0.00506	0.00443
49	0.01510	0.01167	0.01717	0.05967	0.39007	0.01178	0.01254	0.15103	0.01517	0.12130	0.01866	0.01971	0.11841	0.00672	0.00557	0.00167	0.00565	0.00590	0.00406	0.00813
50	0.01216	0.01140	0.01914	0.16440	0.54243	0.01177	0.01491	0.01538	0.01255	0.01766	0.11139	0.01730	0.01409	0.00580	0.00554	0.00167	0.00610	0.00552	0.00309	0.00772
51	0.00745	0.00551	0.00659	0.00663	0.00802	0.00490	0.00491	0.00925	0.01328	0.03513	0.32004	0.18386	0.32743	0.01326	0.00654	0.00188	0.00287	0.03209	0.00546	0.00490
52	0.01189	0.00918	0.00881	0.00822	0.01009	0.12135	0.00619	0.01461	0.05517	0.10559	0.26942	0.13251	0.09713	0.01002	0.00578	0.00169	0.00407	0.00849	0.11395	0.00583
53	0.26927	0.02460	0.01392	0.01356	0.11516	0.10264	0.00955	0.20695	0.15185	0.02436	0.01209	0.01274	0.00922	0.00589	0.00474	0.00166	0.00565	0.00435	0.00413	0.00768
54	0.01614	0.01162	0.01295	0.01091	0.01412	0.01262	0.00877	0.35903	0.18477	0.08023	0.05918	0.10726	0.02699	0.00885	0.00586	0.00182	0.00493	0.06044	0.00552	0.00802
55	0.00725	0.00524	0.00654	0.00697	0.00797	0.00474	0.00494	0.00877	0.01236	0.03164	0.23924	0.41077	0.20452	0.01451	0.00667	0.00198	0.00294	0.01285	0.00535	0.00476
56	0.01485	0.64982	0.02681	0.01283	0.11531	0.05576	0.01039	0.03450	0.01181	0.01403	0.00811	0.00953	0.00727	0.00478	0.00386	0.00125	0.00611	0.00325	0.00248	0.00724
57	0.02999	0.00605	0.00894	0.01043	0.10904	0.00609	0.00613	0.00873	0.00799	0.01111	0.01073	0.01896	0.01089	0.14012	0.01976	0.57875	0.00504	0.00521	0.00258	0.00343
58	0.06457	0.01364	0.01435	0.01141	0.01500	0.06065	0.02753	0.45641	0.05760	0.08950	0.01414	0.01651	0.01104	0.11305	0.00830	0.00213	0.00592	0.00527	0.00494	0.00803
59	0.12815	0.10180	0.01728	0.01277	0.03444	0.12712	0.07219	0.34381	0.01805	0.02455	0.01191	0.06171	0.00984	0.00647	0.00506	0.00161	0.00640	0.00503	0.00414	0.00767

[dist]
# distance from previous block
# <min> <max>
0	2

[block]
# block no. 7 follows, 44 sequences, length 14
# corresponding to MSA columns:
# 590-603
name=unknown_H
#
# <colnr> <probs for GDERKNQSTAVLIFYWHMCP>
#	G	D	E	R	K	N	Q	S	T	A	V	L	I	F	Y	W	H	M	C	P
0	0.00785	0.00571	0.00697	0.00721	0.00839	0.00545	0.00531	0.01056	0.05989	0.01804	0.29030	0.26922	0.14444	0.01292	0.00639	0.00190	0.00304	0.05729	0.07407	0.00506
