[name]
unknown

[dist]
# distance from previous block
# <min> <max>
5	295

[block]
# block no. 0 follows, 61 sequences, length 18
# corresponding to MSA columns:
# 296-313
name=unknown_A
#
# <colnr> <probs for GDERKNQSTAVLIFYWHMCP>
#	G	D	E	R	K	N	Q	S	T	A	V	L	I	F	Y	W	H	M	C	P
0	0.84659	0.00829	0.00647	0.00574	0.00843	0.00954	0.00473	0.01298	0.00752	0.04972	0.00641	0.00729	0.00489	0.00405	0.00273	0.00133	0.00334	0.00241	0.00277	0.00477
1	0.01550	0.01163	0.01244	0.00973	0.01303	0.01295	0.00798	0.68669	0.14237	0.02574	0.01145	0.01122	0.00822	0.00527	0.00432	0.00132	0.00454	0.00403	0.00432	0.00725
2	0.01151	0.75490	0.08020	0.00789	0.01170	0.05222	0.00803	0.01314	0.00893	0.01041	0.00614	0.00711	0.00552	0.00375	0.00291	0.00096	0.00487	0.00239	0.00186	0.00557
3	0.01637	0.01207	0.01293	0.00991	0.01336	0.01336	0.00819	0.80738	0.02025	0.02715	0.01034	0.01034	0.00733	0.00517	0.00431	0.00129	0.00474	0.00388	0.00431	0.00733
4	0.05541	0.21033	0.59981	0.01081	0.01637	0.01159	0.01337	0.01342	0.00892	0.01314	0.00724	0.00849	0.00543	0.00399	0.00371	0.00126	0.00580	0.00294	0.00187	0.00609
5	0.04050	0.01172	0.01247	0.00969	0.01303	0.01303	0.00797	0.71760	0.08778	0.02614	0.01083	0.01074	0.00775	0.00520	0.00427	0.00131	0.00459	0.00392	0.00427	0.00721
6	0.03888	0.43797	0.39567	0.00960	0.01449	0.01353	0.01125	0.01324	0.00886	0.01207	0.00680	0.00793	0.00547	0.00388	0.00338	0.00114	0.00538	0.00271	0.00186	0.00589
7	0.01556	0.01166	0.01247	0.00975	0.01305	0.01298	0.00799	0.69409	0.13488	0.02583	0.01138	0.01117	0.00817	0.00527	0.00432	0.00132	0.00455	0.00402	0.00432	0.00725
8	0.11293	0.01091	0.04376	0.00896	0.01227	0.01128	0.00759	0.50054	0.05647	0.14018	0.04434	0.01172	0.00909	0.00520	0.00415	0.00132	0.00431	0.00395	0.00419	0.00683
9	0.01493	0.06567	0.10468	0.01001	0.01371	0.04573	0.00895	0.60158	0.05407	0.02349	0.00996	0.01015	0.00720	0.00496	0.00418	0.00128	0.00497	0.00370	0.00380	0.00699
10	0.00919	0.17944	0.67392	0.01135	0.01720	0.01134	0.01430	0.01350	0.00903	0.01298	0.00740	0.00868	0.00547	0.00402	0.00384	0.00128	0.00603	0.00302	0.00182	0.00621
11	0.00937	0.11536	0.65196	0.01134	0.01700	0.01081	0.01401	0.06639	0.00977	0.01405	0.00826	0.03785	0.00639	0.00444	0.00400	0.00132	0.00592	0.00344	0.00206	0.00624
12	0.00802	0.01844	0.65024	0.01073	0.01598	0.00870	0.01331	0.01231	0.00958	0.01399	0.12236	0.01475	0.07271	0.00526	0.00431	0.00137	0.00545	0.00427	0.00239	0.00584
13	0.00955	0.01020	0.02054	0.01480	0.01874	0.00930	0.58419	0.01272	0.01014	0.01418	0.08780	0.01315	0.00984	0.00406	0.00474	0.00130	0.00602	0.00489	0.00250	0.16132
14	0.03740	0.00548	0.00721	0.00626	0.00803	0.00500	0.04679	0.01045	0.02720	0.15080	0.37024	0.04213	0.24934	0.00839	0.00487	0.00139	0.00270	0.00726	0.00441	0.00465
15	0.00906	0.00835	0.01350	0.05407	0.01418	0.02557	0.25971	0.01192	0.04517	0.04811	0.14898	0.01787	0.10068	0.00540	0.00449	0.00122	0.00445	0.00519	0.00311	0.21896
16	0.00983	0.00868	0.01202	0.51733	0.06488	0.06529	0.01014	0.01327	0.08907	0.07294	0.01072	0.01294	0.03941	0.00472	0.00426	0.00136	0.00518	0.00404	0.00256	0.05135
17	0.03765	0.00720	0.01047	0.03691	0.01155	0.00676	0.09816	0.01461	0.05372	0.31073	0.05858	0.01644	0.03844	0.06628	0.10810	0.00217	0.00494	0.00468	0.00375	0.10888

[dist]
# distance from previous block
# <min> <max>
1	8

[block]
# block no. 1 follows, 61 sequences, length 7
# corresponding to MSA columns:
# 322-328
name=unknown_B
#
# <colnr> <probs for GDERKNQSTAVLIFYWHMCP>
#	G	D	E	R	K	N	Q	S	T	A	V	L	I	F	Y	W	H	M	C	P
0	0.01206	0.00935	0.01534	0.01146	0.01502	0.00879	0.29761	0.05621	0.13135	0.18404	0.01219	0.04272	0.00920	0.00467	0.00444	0.00128	0.00486	0.00461	0.00341	0.17137
1	0.01185	0.00897	0.01370	0.01044	0.01350	0.05758	0.24782	0.01469	0.05887	0.21695	0.11674	0.01630	0.03219	0.04860	0.00542	0.00143	0.00471	0.00494	0.00354	0.11176
2	0.00604	0.00432	0.00539	0.00536	0.00592	0.00430	0.00366	0.00701	0.00836	0.01142	0.22482	0.07039	0.09603	0.35063	0.17437	0.00361	0.00480	0.00690	0.00330	0.00337
3	0.00965	0.00762	0.00977	0.00832	0.01056	0.00800	0.08400	0.01649	0.38835	0.08267	0.22636	0.02203	0.09385	0.00682	0.00469	0.00142	0.00334	0.00599	0.00430	0.00576
4	0.00621	0.00430	0.00529	0.00520	0.00558	0.00432	0.00338	0.00695	0.00789	0.01090	0.22163	0.02760	0.02142	0.51437	0.13373	0.00384	0.00468	0.00642	0.00312	0.00316
5	0.01373	0.01014	0.01138	0.00914	0.01189	0.01130	0.00746	0.60064	0.01681	0.02271	0.01065	0.01204	0.00822	0.01219	0.21818	0.00275	0.00650	0.00407	0.00379	0.00643
6	0.01277	0.63426	0.02008	0.00803	0.01165	0.01609	0.00758	0.21830	0.01173	0.01453	0.00711	0.00780	0.00599	0.00407	0.00316	0.00102	0.00464	0.00271	0.00248	0.00599

[dist]
# distance from previous block
# <min> <max>
0	1

[block]
# block no. 2 follows, 61 sequences, length 53
# corresponding to MSA columns:
# 330-382
name=unknown_C
#
# <colnr> <probs for GDERKNQSTAVLIFYWHMCP>
#	G	D	E	R	K	N	Q	S	T	A	V	L	I	F	Y	W	H	M	C	P
0	0.00888	0.09262	0.75809	0.01186	0.01800	0.01060	0.01519	0.01358	0.00907	0.01334	0.00758	0.00891	0.00546	0.00406	0.00398	0.00133	0.00622	0.00311	0.00182	0.00629
1	0.00870	0.04080	0.80834	0.01217	0.01847	0.01016	0.01572	0.01363	0.00909	0.01356	0.00769	0.00905	0.00546	0.00408	0.00406	0.00135	0.00633	0.00316	0.00182	0.00635
2	0.00945	0.25658	0.59912	0.01089	0.01650	0.01199	0.01350	0.01343	0.00900	0.01265	0.00724	0.00848	0.00548	0.00398	0.00372	0.00124	0.00587	0.00293	0.00183	0.00613
3	0.00915	0.00799	0.02845	0.00772	0.00984	0.00844	0.00612	0.01762	0.51569	0.01756	0.27127	0.02079	0.02147	0.00666	0.00456	0.00140	0.00304	0.00568	0.00438	0.03218
4	0.01066	0.01023	0.01748	0.02644	0.82174	0.01023	0.01322	0.01322	0.00981	0.01407	0.00810	0.01066	0.00682	0.00384	0.00426	0.00128	0.00512	0.00384	0.00213	0.00682
5	0.00813	0.00766	0.01292	0.83826	0.02967	0.00957	0.01196	0.01101	0.00861	0.01101	0.00766	0.01148	0.00574	0.00431	0.00431	0.00144	0.00574	0.00383	0.00191	0.00479
6	0.00597	0.00440	0.00559	0.00529	0.00636	0.00401	0.00397	0.00789	0.01190	0.01659	0.72469	0.03331	0.13585	0.00906	0.00508	0.00137	0.00205	0.00795	0.00465	0.00401
7	0.00607	0.00439	0.00574	0.00544	0.00643	0.00405	0.00406	0.00807	0.01208	0.01710	0.79755	0.05460	0.04031	0.00894	0.00509	0.00137	0.00205	0.00791	0.00472	0.00405
8	0.00813	0.00766	0.01292	0.83826	0.02967	0.00957	0.01196	0.01101	0.00861	0.01101	0.00766	0.01148	0.00574	0.00431	0.00431	0.00144	0.00574	0.00383	0.00191	0.00479
9	0.01618	0.01195	0.01283	0.00982	0.01328	0.01316	0.00811	0.78698	0.01996	0.02681	0.01027	0.01031	0.00730	0.00512	0.00428	0.00128	0.00470	0.00384	0.00426	0.02955
10	0.01190	0.00831	0.00991	0.00898	0.02733	0.00895	0.02544	0.04570	0.46314	0.17408	0.01769	0.03875	0.01421	0.00667	0.00464	0.00151	0.00369	0.11827	0.00440	0.00643
11	0.01058	0.01015	0.01733	0.05332	0.79552	0.01021	0.01318	0.01315	0.00977	0.01397	0.00809	0.01069	0.00679	0.00385	0.00427	0.00128	0.00514	0.00384	0.00213	0.00676
12	0.00853	0.02153	0.79187	0.01199	0.01813	0.00975	0.01542	0.01341	0.00922	0.01379	0.04179	0.01006	0.00693	0.00429	0.00413	0.00136	0.00618	0.00338	0.00194	0.00627
13	0.01066	0.01023	0.01748	0.02644	0.82174	0.01023	0.01322	0.01322	0.00981	0.01407	0.00810	0.01066	0.00682	0.00384	0.00426	0.00128	0.00512	0.00384	0.00213	0.00682
14	0.00826	0.00779	0.01315	0.79707	0.06985	0.00960	0.01203	0.01112	0.00867	0.01116	0.00768	0.01144	0.00580	0.00428	0.00430	0.00143	0.00571	0.00383	0.00193	0.00489
15	0.00616	0.00460	0.00685	0.00685	0.00760	0.00535	0.00530	0.00765	0.00690	0.00995	0.01160	0.01728	0.01092	0.05791	0.80615	0.00684	0.01131	0.00467	0.00232	0.00381
16	0.00872	0.02174	0.78566	0.01258	0.01884	0.01005	0.05601	0.01365	0.00915	0.01365	0.00778	0.00922	0.00551	0.00407	0.00414	0.00137	0.00641	0.00328	0.00184	0.00634
17	0.01012	0.19305	0.52663	0.01108	0.01610	0.10445	0.01296	0.01372	0.00925	0.01240	0.00714	0.00851	0.00549	0.00422	0.00430	0.00127	0.04849	0.00298	0.00187	0.00595
18	0.00520	0.00393	0.00481	0.00553	0.00612	0.00354	0.00379	0.00605	0.00870	0.01118	0.02949	0.61343	0.25716	0.01275	0.00538	0.00166	0.00241	0.01133	0.00400	0.00354
19	0.01187	0.01099	0.12780	0.00996	0.04635	0.01001	0.00850	0.10731	0.43059	0.11626	0.01518	0.01597	0.01152	0.00573	0.00442	0.00144	0.00412	0.05131	0.00400	0.00670
20	0.09965	0.01669	0.01119	0.00995	0.01238	0.57557	0.00764	0.04432	0.03712	0.11474	0.00873	0.00983	0.00684	0.00475	0.00390	0.00120	0.00650	0.02081	0.00283	0.00537
21	0.00595	0.00496	0.00513	0.00539	0.00645	0.03694	0.00388	0.00739	0.03875	0.01195	0.05632	0.32502	0.41791	0.01108	0.00507	0.00152	0.00255	0.00956	0.04039	0.00379
22	0.00513	0.00438	0.00442	0.00444	0.00588	0.00366	0.00335	0.00624	0.00982	0.01166	0.04320	0.04161	0.80321	0.01093	0.00511	0.00147	0.00222	0.02564	0.00400	0.00364
23	0.01041	0.01004	0.01673	0.04881	0.68116	0.01064	0.01264	0.01274	0.00931	0.01345	0.00774	0.01051	0.00662	0.00438	0.00569	0.00137	0.12540	0.00383	0.00209	0.00646
24	0.01045	0.00967	0.01397	0.01122	0.01376	0.06752	0.25346	0.18709	0.07983	0.01598	0.01440	0.27416	0.01411	0.00732	0.00490	0.00149	0.00492	0.00689	0.00341	0.00544
25	0.00510	0.00431	0.00442	0.00450	0.00585	0.00362	0.00333	0.00617	0.00969	0.01158	0.04196	0.10914	0.75340	0.01113	0.00513	0.00148	0.00221	0.00936	0.00400	0.00362
26	0.00813	0.00766	0.01292	0.83826	0.02967	0.00957	0.01196	0.01101	0.00861	0.01101	0.00766	0.01148	0.00574	0.00431	0.00431	0.00144	0.00574	0.00383	0.00191	0.00479
27	0.01609	0.02053	0.01221	0.01110	0.01332	0.83132	0.00832	0.01720	0.01221	0.01054	0.00666	0.00777	0.00555	0.00444	0.00388	0.00111	0.00777	0.00277	0.00222	0.00499
28	0.00759	0.00666	0.00971	0.00864	0.00914	0.00830	0.04691	0.00869	0.00682	0.00997	0.00965	0.01630	0.00971	0.19756	0.31220	0.00419	0.31706	0.00468	0.00221	0.00400
29	0.01025	0.00982	0.01675	0.15724	0.69412	0.01013	0.01302	0.01286	0.00962	0.01358	0.00803	0.01079	0.00665	0.00391	0.00427	0.00130	0.00522	0.00384	0.00210	0.00649
30	0.01066	0.01023	0.01748	0.02644	0.82174	0.01023	0.01322	0.01322	0.00981	0.01407	0.00810	0.01066	0.00682	0.00384	0.00426	0.00128	0.00512	0.00384	0.00213	0.00682
31	0.00555	0.00504	0.00469	0.00465	0.00613	0.03835	0.00348	0.00664	0.00992	0.01159	0.04209	0.04004	0.78584	0.01064	0.00504	0.00144	0.00242	0.00883	0.00393	0.00369
32	0.01053	0.01010	0.01725	0.06881	0.78041	0.01020	0.01315	0.01310	0.00975	0.01391	0.00808	0.01070	0.00677	0.00386	0.00427	0.00129	0.00515	0.00384	0.00212	0.00672
33	0.01152	0.85121	0.02257	0.00737	0.01106	0.01704	0.00737	0.01290	0.00875	0.01013	0.00599	0.00691	0.00553	0.00369	0.00276	0.00092	0.00461	0.00230	0.00184	0.00553
34	0.00655	0.00475	0.00621	0.00690	0.00782	0.00464	0.00574	0.00811	0.00938	0.01204	0.02478	0.04452	0.14969	0.13216	0.00811	0.00221	0.00371	0.55518	0.00378	0.00372
35	0.06318	0.01192	0.01223	0.00952	0.01285	0.05411	0.00781	0.65308	0.03794	0.04984	0.01021	0.01025	0.00730	0.00502	0.00416	0.00127	0.00470	0.00373	0.00409	0.03679
36	0.01573	0.01205	0.01242	0.00962	0.01295	0.05634	0.00788	0.70106	0.01892	0.02527	0.01012	0.01030	0.00729	0.00503	0.00419	0.00124	0.00474	0.00376	0.02997	0.05112
37	0.00859	0.00538	0.00708	0.00734	0.00877	0.00521	0.00618	0.01090	0.05312	0.12984	0.04041	0.07803	0.12523	0.01052	0.00548	0.00177	0.00356	0.48385	0.00421	0.00454
38	0.00525	0.00375	0.00500	0.00600	0.00625	0.00350	0.00400	0.00600	0.00825	0.01100	0.02374	0.84580	0.02849	0.01350	0.00550	0.00175	0.00250	0.01225	0.00400	0.00350
39	0.03308	0.01155	0.01171	0.00949	0.01253	0.09769	0.01930	0.39449	0.22518	0.12086	0.01254	0.01205	0.00900	0.00524	0.00426	0.00133	0.00459	0.00406	0.00417	0.00687
40	0.01568	0.01135	0.01221	0.00950	0.01276	0.01253	0.00780	0.68600	0.08215	0.05237	0.01129	0.01118	0.00805	0.00522	0.00426	0.00130	0.00448	0.00398	0.04076	0.00715
41	0.00626	0.00418	0.00470	0.00470	0.00470	0.00418	0.00261	0.00626	0.00626	0.00835	0.01357	0.02819	0.01566	0.84862	0.02192	0.00418	0.00418	0.00626	0.00261	0.00261
42	0.00864	0.02228	0.82630	0.01228	0.01864	0.01000	0.01592	0.01364	0.00909	0.01364	0.00773	0.00909	0.00546	0.00409	0.00409	0.00136	0.00637	0.00318	0.00182	0.00637
43	0.01052	0.58055	0.25204	0.00891	0.01328	0.01461	0.02194	0.01296	0.00886	0.01121	0.00696	0.02815	0.00609	0.00404	0.00325	0.00108	0.00510	0.00284	0.00189	0.00572
44	0.00534	0.00380	0.00504	0.00599	0.00625	0.00357	0.00402	0.00609	0.00821	0.01093	0.02328	0.78841	0.02783	0.04964	0.00622	0.00186	0.00261	0.03349	0.00394	0.00347
45	0.00939	0.00875	0.01416	0.01164	0.01429	0.00904	0.27593	0.01563	0.30252	0.01513	0.02912	0.02405	0.01467	0.00686	0.00507	0.00160	0.00484	0.22816	0.00353	0.00563
46	0.00885	0.00839	0.01421	0.60805	0.25428	0.00976	0.01232	0.01163	0.00895	0.01188	0.00778	0.01125	0.00605	0.00417	0.00429	0.00139	0.00557	0.00383	0.00198	0.00536
47	0.01878	0.00720	0.00977	0.00754	0.01073	0.00624	0.00618	0.02037	0.01207	0.79049	0.01685	0.01523	0.01087	0.04070	0.00507	0.00145	0.00369	0.00441	0.00522	0.00713
48	0.00626	0.00477	0.00712	0.00706	0.00781	0.00564	0.00551	0.00778	0.00691	0.01001	0.01135	0.01668	0.01060	0.03151	0.80519	0.00676	0.03827	0.00459	0.00229	0.00387
49	0.01128	0.01057	0.01570	0.01223	0.01535	0.06930	0.31086	0.05740	0.29392	0.06416	0.06348	0.03296	0.01171	0.00519	0.00468	0.00142	0.00517	0.00507	0.00345	0.00611
50	0.01019	0.00976	0.01664	0.17732	0.67453	0.01011	0.01299	0.01281	0.00959	0.01350	0.00802	0.01081	0.00662	0.00393	0.00427	0.00131	0.00523	0.00384	0.00209	0.00644
51	0.01933	0.00733	0.01000	0.00766	0.01100	0.00633	0.00633	0.02099	0.01233	0.82473	0.01699	0.01466	0.01066	0.00533	0.00433	0.00133	0.00367	0.00433	0.00533	0.00733
52	0.00825	0.00526	0.00744	0.00713	0.00835	0.00493	0.05762	0.02619	0.03930	0.14035	0.02204	0.54811	0.06664	0.02975	0.00557	0.00168	0.00310	0.00976	0.00408	0.00445

[dist]
# distance from previous block
# <min> <max>
0	1

[block]
# block no. 3 follows, 61 sequences, length 33
# corresponding to MSA columns:
# 384-416
name=unknown_D
#
# <colnr> <probs for GDERKNQSTAVLIFYWHMCP>
#	G	D	E	R	K	N	Q	S	T	A	V	L	I	F	Y	W	H	M	C	P
0	0.00937	0.00784	0.00905	0.00669	0.01034	0.00634	0.00533	0.01248	0.10335	0.03248	0.00902	0.00990	0.00727	0.00355	0.00336	0.00075	0.00323	0.00286	0.00283	0.75397
1	0.00604	0.00440	0.00569	0.00536	0.00640	0.00404	0.00402	0.00803	0.01207	0.01698	0.77951	0.03265	0.08078	0.00891	0.00508	0.00136	0.00204	0.00786	0.00470	0.00404
2	0.00536	0.00437	0.00474	0.00465	0.00599	0.00375	0.00349	0.00671	0.01046	0.01316	0.25379	0.03894	0.60890	0.01034	0.00509	0.00143	0.00214	0.00874	0.00420	0.00375
3	0.01300	0.00967	0.01251	0.01007	0.01291	0.08008	0.15298	0.11757	0.15328	0.21277	0.02785	0.05862	0.05929	0.00619	0.00465	0.00142	0.00462	0.05248	0.00395	0.00610
4	0.01066	0.01023	0.01748	0.02644	0.82174	0.01023	0.01322	0.01322	0.00981	0.01407	0.00810	0.01066	0.00682	0.00384	0.00426	0.00128	0.00512	0.00384	0.00213	0.00682
5	0.00868	0.05502	0.77014	0.01188	0.01798	0.01011	0.01523	0.01345	0.00917	0.01361	0.03132	0.00968	0.00649	0.00421	0.00407	0.00135	0.00617	0.00328	0.00191	0.00627
6	0.00876	0.05554	0.79405	0.01208	0.01834	0.01029	0.01557	0.01361	0.00908	0.01350	0.00766	0.00901	0.00546	0.00408	0.00404	0.00135	0.00630	0.00315	0.00182	0.00633
7	0.07844	0.01732	0.01183	0.01153	0.07611	0.60812	0.00818	0.05798	0.01189	0.02531	0.00795	0.05061	0.00692	0.00487	0.00394	0.00119	0.00674	0.00339	0.00250	0.00520
8	0.87904	0.00833	0.00633	0.00566	0.00833	0.00966	0.00467	0.01266	0.00733	0.01933	0.00600	0.00700	0.00467	0.00400	0.00267	0.00133	0.00333	0.00233	0.00267	0.00467
9	0.00778	0.00761	0.01306	0.02647	0.04212	0.02954	0.28323	0.01015	0.01070	0.01426	0.27893	0.05432	0.17449	0.00725	0.00504	0.00143	0.00427	0.02120	0.00345	0.00471
10	0.01182	0.00849	0.00918	0.00800	0.01048	0.02102	0.00629	0.06303	0.49581	0.15960	0.02027	0.01874	0.11896	0.00635	0.00443	0.00141	0.00340	0.00523	0.02103	0.00644
11	0.00893	0.00766	0.00893	0.00638	0.01021	0.00574	0.00510	0.01085	0.00893	0.01404	0.00766	0.00893	0.00638	0.00319	0.00319	0.00064	0.00319	0.00255	0.00255	0.87495
12	0.00835	0.00784	0.01312	0.70494	0.10705	0.00954	0.01173	0.01110	0.00881	0.01152	0.03706	0.01210	0.00711	0.00451	0.00460	0.00143	0.02822	0.00397	0.00204	0.00496
13	0.00622	0.00418	0.00469	0.00469	0.00474	0.00416	0.00263	0.00626	0.00640	0.00848	0.01470	0.02869	0.04586	0.81717	0.02129	0.00407	0.00410	0.00637	0.00266	0.00265
14	0.00613	0.00442	0.00587	0.00583	0.00639	0.00471	0.00414	0.00718	0.00752	0.01045	0.11858	0.02402	0.05538	0.31363	0.40144	0.00498	0.00728	0.00582	0.00281	0.00343
15	0.00549	0.00436	0.00495	0.00508	0.00619	0.00389	0.00370	0.00700	0.03153	0.01287	0.20427	0.22085	0.45262	0.01091	0.00516	0.00150	0.00225	0.00941	0.00417	0.00378
16	0.00813	0.00766	0.01292	0.83826	0.02967	0.00957	0.01196	0.01101	0.00861	0.01101	0.00766	0.01148	0.00574	0.00431	0.00431	0.00144	0.00574	0.00383	0.00191	0.00479
17	0.01186	0.00574	0.00662	0.00566	0.00759	0.00553	0.00449	0.08642	0.01114	0.25051	0.03481	0.01690	0.05597	0.00554	0.00368	0.00116	0.00275	0.00446	0.47393	0.00526
18	0.00524	0.00377	0.00497	0.00593	0.00623	0.00350	0.00397	0.00601	0.00831	0.01102	0.02455	0.81311	0.06066	0.01339	0.00548	0.00174	0.00249	0.01212	0.00400	0.00350
19	0.01032	0.00577	0.00740	0.00646	0.00828	0.00545	0.00505	0.01337	0.10068	0.24302	0.49244	0.02579	0.02895	0.00756	0.00481	0.00137	0.00268	0.02047	0.00485	0.00528
20	0.00864	0.02228	0.82630	0.01228	0.01864	0.01000	0.01592	0.01364	0.00909	0.01364	0.00773	0.00909	0.00546	0.00409	0.00409	0.00136	0.00637	0.00318	0.00182	0.00637
21	0.00595	0.00428	0.00577	0.00668	0.00730	0.00410	0.00514	0.00725	0.00914	0.01204	0.05908	0.46660	0.05625	0.01257	0.00564	0.00181	0.00305	0.31963	0.00402	0.00371
22	0.00959	0.20913	0.61307	0.01108	0.01672	0.01172	0.01368	0.04438	0.00945	0.01338	0.00744	0.00865	0.00555	0.00404	0.00380	0.00126	0.00591	0.00301	0.00192	0.00621
23	0.01131	0.78503	0.02135	0.00732	0.01085	0.03847	0.00719	0.01267	0.00890	0.01022	0.00795	0.00871	0.04748	0.00408	0.00291	0.00095	0.00457	0.00267	0.00196	0.00542
24	0.00650	0.00409	0.00487	0.00487	0.00487	0.00409	0.00283	0.00614	0.00614	0.00818	0.01240	0.02528	0.01408	0.68783	0.02094	0.17207	0.00409	0.00578	0.00247	0.00247
25	0.00533	0.00437	0.00470	0.00462	0.00597	0.00374	0.00346	0.00665	0.01039	0.01300	0.23186	0.03920	0.63092	0.01040	0.00509	0.00143	0.00215	0.00878	0.00418	0.00374
26	0.02855	0.01678	0.04329	0.01078	0.04200	0.53329	0.00821	0.07157	0.08738	0.05305	0.03663	0.01090	0.02915	0.00494	0.00406	0.00120	0.00639	0.00350	0.00284	0.00549
27	0.14328	0.13414	0.44707	0.01055	0.02519	0.01073	0.05260	0.04393	0.00942	0.01469	0.04081	0.01075	0.00748	0.00446	0.00384	0.00132	0.00537	0.02626	0.00225	0.00584
28	0.00961	0.00583	0.00740	0.00672	0.00841	0.00567	0.00533	0.04223	0.09773	0.17264	0.41052	0.04744	0.03844	0.00824	0.00496	0.00146	0.00287	0.11475	0.00467	0.00508
29	0.00748	0.00374	0.00561	0.00561	0.00561	0.00374	0.00374	0.00561	0.00561	0.00748	0.00748	0.01309	0.00748	0.01496	0.01684	0.87467	0.00374	0.00374	0.00187	0.00187
30	0.01058	0.12915	0.56450	0.01124	0.01654	0.10734	0.01326	0.04513	0.00997	0.04298	0.00782	0.00891	0.00574	0.00417	0.00391	0.00127	0.00614	0.00309	0.00209	0.00617
31	0.01142	0.82353	0.04941	0.00753	0.01131	0.01681	0.00766	0.01292	0.00876	0.01025	0.00605	0.00698	0.00553	0.00370	0.00281	0.00094	0.00467	0.00233	0.00184	0.00556
32	0.00864	0.00817	0.01383	0.67674	0.18726	0.00970	0.01221	0.01145	0.00885	0.01162	0.00775	0.01132	0.00596	0.00421	0.00430	0.00140	0.00562	0.00383	0.00196	0.00519

[dist]
# distance from previous block
# <min> <max>
0	3

[block]
# block no. 4 follows, 61 sequences, length 16
# corresponding to MSA columns:
# 420-435
name=unknown_E
#
# <colnr> <probs for GDERKNQSTAVLIFYWHMCP>
#	G	D	E	R	K	N	Q	S	T	A	V	L	I	F	Y	W	H	M	C	P
0	0.00971	0.00810	0.01290	0.04883	0.52510	0.00817	0.00983	0.01210	0.00951	0.01461	0.01004	0.01246	0.00817	0.00424	0.00386	0.00119	0.00412	0.00390	0.28733	0.00583
1	0.29895	0.01504	0.01005	0.00897	0.01144	0.45969	0.00693	0.03087	0.03525	0.07527	0.00762	0.00834	0.00591	0.00442	0.00354	0.00121	0.00582	0.00283	0.00270	0.00516
2	0.00762	0.00630	0.00978	0.01338	0.27442	0.00622	0.00806	0.00940	0.00935	0.01267	0.01829	0.29021	0.02008	0.00977	0.00525	0.00168	0.00388	0.28551	0.00338	0.00475
3	0.01451	0.01140	0.01186	0.00957	0.01265	0.03694	0.00774	0.52671	0.28009	0.02366	0.01259	0.01214	0.00918	0.00537	0.00432	0.00134	0.00439	0.00417	0.00427	0.00709
4	0.01094	0.28580	0.01915	0.02019	0.55610	0.01247	0.01130	0.01311	0.00946	0.01278	0.00741	0.00943	0.00640	0.00379	0.00377	0.00116	0.00495	0.00334	0.00204	0.00640
5	0.10553	0.01561	0.01326	0.01550	0.27765	0.45658	0.00951	0.01555	0.02920	0.01280	0.00731	0.00882	0.00605	0.00423	0.00389	0.00120	0.00633	0.00312	0.00229	0.00560
6	0.01282	0.01499	0.01012	0.00920	0.01106	0.53576	0.00692	0.03788	0.01244	0.01325	0.27311	0.01584	0.01710	0.00589	0.00429	0.00120	0.00580	0.00445	0.00311	0.00476
7	0.03420	0.28641	0.01542	0.00870	0.01208	0.02774	0.00757	0.39883	0.04413	0.09269	0.00964	0.00983	0.00723	0.00524	0.02084	0.00129	0.00471	0.00340	0.00348	0.00655
8	0.00944	0.00851	0.01403	0.02038	0.55540	0.00851	0.01116	0.01181	0.00984	0.01369	0.01292	0.02309	0.01271	0.00648	0.00482	0.00151	0.00474	0.26235	0.00273	0.00589
9	0.01331	0.00841	0.00975	0.00819	0.01056	0.00875	0.00645	0.39024	0.01476	0.17860	0.01604	0.28495	0.01492	0.00793	0.00470	0.00145	0.00379	0.00671	0.00441	0.00607
10	0.00602	0.00376	0.00519	0.00582	0.00597	0.00361	0.00385	0.00588	0.00730	0.00973	0.01798	0.53794	0.02106	0.04973	0.00992	0.28789	0.00298	0.00920	0.00324	0.00293
11	0.24713	0.01287	0.00997	0.00874	0.01133	0.27933	0.00684	0.09869	0.20294	0.06706	0.01010	0.01023	0.00762	0.00479	0.00375	0.00129	0.00497	0.00337	0.00326	0.00573
12	0.01315	0.01061	0.01355	0.01489	0.27763	0.01131	0.00939	0.33966	0.17109	0.04105	0.01107	0.01162	0.00834	0.00478	0.00426	0.00129	0.00451	0.00401	0.00356	0.04421
13	0.00714	0.00599	0.00920	0.01276	0.27364	0.00582	0.00720	0.00858	0.00895	0.01217	0.01944	0.47943	0.05666	0.01010	0.00511	0.00160	0.00345	0.06476	0.00338	0.00463
14	0.29351	0.00788	0.01076	0.56544	0.02268	0.00960	0.00957	0.01155	0.00819	0.01373	0.00711	0.01001	0.00539	0.00421	0.00377	0.00140	0.00495	0.00334	0.00216	0.00475
15	0.01211	0.01454	0.02109	0.01584	0.01950	0.27973	0.54469	0.01491	0.01084	0.01273	0.00804	0.01036	0.00621	0.00390	0.00469	0.00134	0.00743	0.00433	0.00219	0.00554

[dist]
# distance from previous block
# <min> <max>
0	3

[block]
# block no. 5 follows, 61 sequences, length 13
# corresponding to MSA columns:
# 439-451
name=unknown_F
#
# <colnr> <probs for GDERKNQSTAVLIFYWHMCP>
#	G	D	E	R	K	N	Q	S	T	A	V	L	I	F	Y	W	H	M	C	P
0	0.00969	0.00907	0.01524	0.02276	0.67495	0.00902	0.01156	0.01192	0.00953	0.01352	0.01092	0.16099	0.01072	0.00558	0.00449	0.00136	0.00465	0.00535	0.00247	0.00622
1	0.00546	0.00389	0.00507	0.00583	0.00616	0.00365	0.00392	0.00628	0.00847	0.01134	0.09231	0.65941	0.04584	0.09438	0.00706	0.00195	0.00265	0.02893	0.00393	0.00348
2	0.00777	0.00707	0.01163	0.68835	0.02549	0.00858	0.01054	0.01049	0.00926	0.01213	0.15378	0.01521	0.01202	0.00512	0.00445	0.00142	0.00507	0.00454	0.00242	0.00466
3	0.01169	0.01056	0.01666	0.02346	0.67623	0.01080	0.01231	0.15617	0.01169	0.01643	0.00851	0.01060	0.00691	0.00408	0.00427	0.00128	0.00505	0.00385	0.00252	0.00691
4	0.00711	0.00562	0.00759	0.00735	0.00836	0.00660	0.00570	0.01048	0.15215	0.01140	0.01246	0.01688	0.01117	0.05579	0.62184	0.00565	0.04211	0.00469	0.00268	0.00437
5	0.01111	0.01237	0.02454	0.00823	0.01015	0.36626	0.00630	0.04127	0.06372	0.03111	0.03662	0.11413	0.24197	0.00754	0.00450	0.00133	0.00494	0.00598	0.00326	0.00470
6	0.01066	0.01023	0.01748	0.02644	0.82174	0.01023	0.01322	0.01322	0.00981	0.01407	0.00810	0.01066	0.00682	0.00384	0.00426	0.00128	0.00512	0.00384	0.00213	0.00682
7	0.01087	0.66537	0.20276	0.00847	0.01276	0.01547	0.00929	0.01307	0.00883	0.01092	0.00638	0.00740	0.00551	0.00378	0.00306	0.00102	0.00500	0.00250	0.00184	0.00572
8	0.16335	0.00498	0.00525	0.00513	0.00570	0.00531	0.00331	0.00758	0.00653	0.01052	0.01197	0.02305	0.01311	0.60053	0.11373	0.00399	0.00489	0.00536	0.00258	0.00313
9	0.00947	0.31441	0.47699	0.00994	0.01486	0.01204	0.01184	0.01280	0.00875	0.01198	0.00757	0.00982	0.00629	0.07043	0.00503	0.00143	0.00557	0.00311	0.00189	0.00577
10	0.01278	0.08145	0.34223	0.01071	0.03120	0.01077	0.02843	0.22921	0.02822	0.15175	0.01036	0.02639	0.00747	0.00476	0.00414	0.00131	0.00520	0.00375	0.00318	0.00667
11	0.01084	0.54452	0.23176	0.01023	0.07692	0.01456	0.01009	0.03588	0.00925	0.01185	0.00673	0.00787	0.00566	0.00385	0.00327	0.00108	0.00511	0.00270	0.00193	0.00590
12	0.00756	0.00709	0.07089	0.00647	0.00844	0.00595	0.00549	0.15116	0.01146	0.01473	0.05493	0.16470	0.41386	0.00975	0.00498	0.00149	0.00311	0.04951	0.00391	0.00452

[dist]
# distance from previous block
# <min> <max>
0	21

[block]
# block no. 6 follows, 61 sequences, length 21
# corresponding to MSA columns:
# 473-493
name=unknown_G
#
# <colnr> <probs for GDERKNQSTAVLIFYWHMCP>
#	G	D	E	R	K	N	Q	S	T	A	V	L	I	F	Y	W	H	M	C	P
0	0.07262	0.00924	0.04792	0.01070	0.12496	0.00891	0.00773	0.19239	0.09806	0.22943	0.06867	0.08573	0.01259	0.00594	0.00435	0.00137	0.00397	0.00495	0.00405	0.00642
1	0.01202	0.01089	0.01612	0.17017	0.51288	0.04738	0.01227	0.01407	0.04719	0.01472	0.01022	0.01370	0.00870	0.00627	0.00616	0.07734	0.00577	0.00444	0.00283	0.00687
2	0.00626	0.00418	0.00470	0.00470	0.00470	0.00418	0.00261	0.00626	0.00626	0.00835	0.01357	0.02819	0.01566	0.84862	0.02192	0.00418	0.00418	0.00626	0.00261	0.00261
3	0.00855	0.00808	0.01367	0.70469	0.15999	0.00968	0.01217	0.01137	0.00881	0.01151	0.00773	0.01135	0.00592	0.00423	0.00430	0.00141	0.00564	0.00383	0.00195	0.00512
4	0.00995	0.02023	0.68556	0.01200	0.01788	0.01012	0.03936	0.08283	0.01027	0.05981	0.00850	0.00959	0.00594	0.00424	0.00416	0.00136	0.00610	0.00337	0.00224	0.00649
5	0.01543	0.14262	0.01377	0.01077	0.04895	0.53196	0.00816	0.05772	0.02466	0.09574	0.00805	0.00875	0.00634	0.00445	0.00381	0.00113	0.00653	0.00300	0.00262	0.00555
6	0.00908	0.00788	0.00967	0.00812	0.08053	0.00613	0.00581	0.01105	0.00901	0.01404	0.00769	0.00908	0.00642	0.00325	0.00328	0.00069	0.00336	0.00266	0.00252	0.79972
7	0.01099	0.71449	0.06977	0.00845	0.03364	0.01563	0.03234	0.01266	0.00882	0.01060	0.00704	0.04553	0.00664	0.00416	0.00308	0.00101	0.00471	0.00294	0.00196	0.00553
8	0.08436	0.08067	0.05793	0.01184	0.01486	0.00894	0.36280	0.01159	0.00937	0.03859	0.04596	0.21394	0.01325	0.02006	0.00498	0.00150	0.00512	0.00636	0.00283	0.00508
9	0.07031	0.23353	0.20569	0.00812	0.01215	0.01011	0.00832	0.01314	0.03086	0.08136	0.00870	0.01051	0.00709	0.03721	0.00417	0.00118	0.00442	0.01837	0.00251	0.23223
10	0.03744	0.56443	0.04941	0.00812	0.01181	0.01528	0.00777	0.20141	0.01159	0.04655	0.00752	0.00811	0.00613	0.00413	0.00324	0.00105	0.00463	0.00279	0.00259	0.00603
11	0.01033	0.52609	0.29081	0.00922	0.01371	0.01414	0.02667	0.01298	0.00883	0.01138	0.00683	0.00810	0.00571	0.00485	0.03320	0.00130	0.00550	0.00274	0.00186	0.00575
12	0.01158	0.24493	0.37379	0.00995	0.01463	0.06067	0.01105	0.08302	0.01053	0.09574	0.02337	0.00951	0.00684	0.00429	0.00376	0.00120	0.00541	0.00317	0.00249	0.02406
13	0.02689	0.23000	0.58094	0.01087	0.01636	0.03936	0.01329	0.01356	0.00908	0.01277	0.00722	0.00846	0.00546	0.00400	0.00372	0.00124	0.00591	0.00293	0.00186	0.00608
14	0.00935	0.24212	0.51445	0.03491	0.01647	0.01165	0.04833	0.01304	0.00891	0.01239	0.00757	0.00956	0.00600	0.04247	0.00460	0.00138	0.00582	0.00319	0.00188	0.00590
15	0.00981	0.15283	0.42169	0.06200	0.10597	0.01093	0.07641	0.01340	0.00930	0.04923	0.00896	0.01043	0.02903	0.00428	0.00418	0.00130	0.01853	0.00353	0.00211	0.00608
16	0.01047	0.15529	0.29278	0.02575	0.24498	0.01104	0.01183	0.08192	0.01034	0.02704	0.03299	0.01010	0.00725	0.00416	0.00392	0.00122	0.00520	0.00341	0.00232	0.05799
17	0.09681	0.09326	0.21256	0.01244	0.18190	0.00950	0.01842	0.03720	0.01007	0.15350	0.04926	0.01115	0.00845	0.00438	0.00388	0.00123	0.00464	0.00356	0.00286	0.08494
18	0.01099	0.11614	0.22227	0.06807	0.10279	0.01012	0.04112	0.05318	0.07013	0.11900	0.04782	0.01189	0.00888	0.00552	0.03027	0.00146	0.02860	0.00382	0.00283	0.04509
19	0.02371	0.08422	0.41100	0.01075	0.04001	0.01003	0.03021	0.11154	0.03590	0.05810	0.06790	0.02793	0.00939	0.00520	0.01658	0.00138	0.00527	0.00387	0.00272	0.04428
20	0.01284	0.16930	0.14366	0.00866	0.01213	0.01045	0.00827	0.19782	0.01238	0.18599	0.06779	0.02221	0.03273	0.00619	0.03016	0.00144	0.03022	0.01305	0.00349	0.03124

[dist]
# distance from previous block
# <min> <max>
16	39

[block]
# block no. 7 follows, 61 sequences, length 31
# corresponding to MSA columns:
# 556-586
name=unknown_H
#
# <colnr> <probs for GDERKNQSTAVLIFYWHMCP>
#	G	D	E	R	K	N	Q	S	T	A	V	L	I	F	Y	W	H	M	C	P
0	0.04998	0.00930	0.04121	0.11567	0.36629	0.00913	0.03758	0.08550	0.01064	0.07481	0.07224	0.03494	0.01048	0.04683	0.00519	0.00147	0.00471	0.00446	0.00284	0.01674
1	0.06614	0.04125	0.05677	0.11618	0.18541	0.00920	0.02952	0.09678	0.07183	0.08748	0.05603	0.04025	0.04464	0.00517	0.00418	0.00129	0.00435	0.00441	0.00311	0.07601
2	0.09570	0.00774	0.01005	0.02388	0.08689	0.00729	0.04297	0.07003	0.03975	0.15623	0.11735	0.03367	0.05129	0.00551	0.00412	0.00120	0.00363	0.02447	0.00359	0.21465
3	0.10638	0.05409	0.05608	0.01884	0.04789	0.00769	0.00644	0.01371	0.12207	0.12058	0.09333	0.03576	0.06586	0.00551	0.00395	0.00119	0.00349	0.01749	0.00345	0.21619
4	0.02795	0.31499	0.06642	0.01014	0.10147	0.01093	0.06052	0.01292	0.00955	0.08654	0.06511	0.02199	0.00913	0.00427	0.00359	0.00105	0.00434	0.00347	0.00261	0.18301
5	0.15500	0.44695	0.07395	0.00908	0.03222	0.01336	0.09434	0.01368	0.03293	0.06131	0.02706	0.00902	0.00690	0.00405	0.00333	0.00114	0.00466	0.00304	0.00237	0.00562
6	0.05344	0.51119	0.17597	0.02908	0.04420	0.01379	0.02584	0.01269	0.00873	0.01162	0.00686	0.00856	0.00596	0.03495	0.00389	0.00117	0.00491	0.00279	0.00196	0.04241
7	0.07982	0.57713	0.17003	0.00822	0.01223	0.03009	0.00870	0.02863	0.00908	0.01203	0.02643	0.00803	0.00635	0.00396	0.00311	0.00106	0.00483	0.00264	0.00203	0.00560
8	0.29435	0.25284	0.20123	0.00833	0.01227	0.01191	0.02171	0.07126	0.00947	0.07084	0.00751	0.00830	0.00573	0.00410	0.00330	0.00122	0.00459	0.00281	0.00253	0.00570
9	0.04158	0.12695	0.01405	0.00944	0.01289	0.01375	0.00797	0.67467	0.01829	0.02458	0.00962	0.00977	0.00700	0.00493	0.00405	0.00124	0.00468	0.00362	0.00392	0.00700
10	0.01253	0.37591	0.20104	0.00935	0.01356	0.01419	0.00958	0.28557	0.01277	0.01676	0.00788	0.00858	0.00613	0.00429	0.00359	0.00115	0.00505	0.00304	0.00268	0.00633
11	0.01298	0.55539	0.04530	0.00834	0.01204	0.01564	0.00791	0.26779	0.01245	0.01570	0.00744	0.00808	0.00610	0.00417	0.00330	0.00105	0.00471	0.00284	0.00263	0.00613
12	0.01446	0.11735	0.14022	0.00994	0.01385	0.01324	0.00926	0.57016	0.03315	0.02276	0.00954	0.00984	0.00693	0.00483	0.00409	0.00126	0.00495	0.00360	0.00362	0.00694
13	0.01002	0.12803	0.02473	0.00751	0.00982	0.00907	0.00642	0.23944	0.04596	0.01645	0.03817	0.02673	0.20290	0.04150	0.00534	0.00155	0.00385	0.17362	0.00371	0.00519
14	0.01144	0.77996	0.02147	0.00744	0.01098	0.01635	0.00731	0.04196	0.00909	0.01076	0.00641	0.00751	0.00584	0.00510	0.04226	0.00122	0.00494	0.00247	0.00196	0.00551
15	0.00748	0.00374	0.00561	0.00561	0.00561	0.00374	0.00374	0.00561	0.00561	0.00748	0.00748	0.01309	0.00748	0.01496	0.01684	0.87467	0.00374	0.00374	0.00187	0.00187
16	0.61472	0.12283	0.00901	0.00605	0.00904	0.01002	0.00514	0.01265	0.00788	0.03814	0.00652	0.00746	0.00518	0.00388	0.00280	0.00118	0.00349	0.00241	0.00261	0.12900
17	0.01552	0.03485	0.01310	0.00982	0.01322	0.01292	0.02384	0.70438	0.04273	0.02543	0.01057	0.01118	0.00776	0.00519	0.00428	0.00128	0.00468	0.02008	0.00414	0.03503
18	0.03853	0.61138	0.01962	0.00797	0.01156	0.01588	0.00750	0.21626	0.01165	0.01476	0.00710	0.00779	0.00596	0.00407	0.00316	0.00103	0.00460	0.00271	0.00250	0.00596
19	0.01578	0.01177	0.01259	0.00979	0.01313	0.01308	0.00804	0.72527	0.10332	0.02619	0.01109	0.01094	0.00794	0.00524	0.00432	0.00131	0.00460	0.00398	0.00432	0.00727
20	0.01133	0.47203	0.27024	0.00926	0.01374	0.01433	0.01014	0.12891	0.01053	0.01370	0.00716	0.00809	0.00577	0.00403	0.00340	0.00111	0.00517	0.00281	0.00219	0.00605
21	0.03279	0.15421	0.03591	0.00941	0.01292	0.01371	0.00813	0.60352	0.05009	0.02338	0.00974	0.00989	0.00715	0.00489	0.00401	0.00124	0.00468	0.00360	0.00379	0.00692
22	0.01283	0.25142	0.24402	0.00986	0.01419	0.01346	0.01013	0.36062	0.01388	0.01856	0.00838	0.00902	0.00629	0.00445	0.00381	0.00121	0.00516	0.00324	0.00291	0.00655
23	0.01522	0.01226	0.05717	0.00989	0.01337	0.01283	0.00843	0.66243	0.12221	0.02523	0.01113	0.01101	0.00798	0.00520	0.00431	0.00132	0.00466	0.00397	0.00418	0.00721
24	0.04437	0.15446	0.19922	0.00947	0.01332	0.01220	0.00925	0.28044	0.16208	0.03545	0.01041	0.01097	0.00786	0.02656	0.00441	0.00135	0.00475	0.00365	0.00326	0.00649
25	0.01577	0.03566	0.05142	0.00993	0.01350	0.01325	0.00850	0.73369	0.03398	0.02587	0.01023	0.01029	0.00729	0.00509	0.00426	0.00129	0.00479	0.00382	0.00413	0.00722
26	0.01591	0.01217	0.03602	0.00985	0.01330	0.01304	0.00827	0.76533	0.01960	0.02631	0.01035	0.01074	0.00747	0.02548	0.00473	0.00136	0.00477	0.00392	0.00420	0.00718
27	0.01087	0.54808	0.23829	0.00887	0.01320	0.01464	0.00967	0.04284	0.05585	0.01216	0.00729	0.00816	0.00602	0.00397	0.00327	0.00109	0.00502	0.00275	0.00207	0.00589
28	0.02938	0.67161	0.14342	0.00796	0.01190	0.01527	0.00842	0.01272	0.00872	0.01084	0.00705	0.00835	0.01855	0.02632	0.00351	0.00109	0.00480	0.00265	0.00191	0.00553
29	0.00995	0.39924	0.46080	0.01005	0.01519	0.01321	0.01203	0.01330	0.00894	0.01205	0.00694	0.00810	0.00549	0.00391	0.00349	0.00116	0.00557	0.00278	0.00183	0.00598
30	0.29444	0.11714	0.09884	0.00845	0.02557	0.15794	0.00741	0.03870	0.07476	0.07846	0.00935	0.00985	0.02884	0.00450	0.00348	0.00124	0.00469	0.00313	0.00281	0.03041

[dist]
# distance from previous block
# <min> <max>
5	8

[block]
# block no. 8 follows, 61 sequences, length 10
# corresponding to MSA columns:
# 595,596,600-607
name=unknown_I
#
# <colnr> <probs for GDERKNQSTAVLIFYWHMCP>
#	G	D	E	R	K	N	Q	S	T	A	V	L	I	F	Y	W	H	M	C	P
0	0.00837	0.00783	0.01333	0.55923	0.16251	0.00917	0.03857	0.01104	0.00865	0.01149	0.00829	0.01208	0.00663	0.00796	0.11522	0.00214	0.00646	0.00398	0.00201	0.00504
1	0.00626	0.00421	0.00485	0.00485	0.00490	0.00426	0.00280	0.00636	0.00631	0.00846	0.01343	0.02742	0.01533	0.79300	0.07709	0.00436	0.00468	0.00615	0.00259	0.00269
2	0.00591	0.00478	0.00664	0.11838	0.05615	0.00473	0.00544	0.00712	0.00873	0.01131	0.02501	0.51116	0.19623	0.01115	0.00518	0.00162	0.00302	0.00995	0.00361	0.00389
3	0.01066	0.01023	0.01748	0.02644	0.82174	0.01023	0.01322	0.01322	0.00981	0.01407	0.00810	0.01066	0.00682	0.00384	0.00426	0.00128	0.00512	0.00384	0.00213	0.00682
4	0.01060	0.01027	0.01447	0.26314	0.37872	0.07917	0.01138	0.04498	0.11786	0.01390	0.00920	0.01138	0.00726	0.00435	0.00426	0.00134	0.00528	0.00389	0.00246	0.00608
5	0.04360	0.00871	0.01094	0.06352	0.05895	0.04059	0.04549	0.04001	0.15865	0.18367	0.07443	0.01359	0.01107	0.00502	0.00453	0.00123	0.03942	0.00413	0.00357	0.18888
6	0.10795	0.03937	0.09074	0.01076	0.08553	0.06280	0.04287	0.06629	0.32953	0.06948	0.01214	0.01231	0.00913	0.00529	0.00454	0.03323	0.00444	0.00398	0.00339	0.00622
7	0.03924	0.20689	0.19474	0.04145	0.12135	0.01043	0.02956	0.01379	0.04973	0.10771	0.03043	0.06746	0.00917	0.00490	0.00390	0.00124	0.00467	0.00402	0.00271	0.05663
8	0.17295	0.20704	0.06098	0.11534	0.20879	0.01123	0.04175	0.01336	0.02918	0.06591	0.00895	0.01039	0.02868	0.00424	0.00367	0.00125	0.00468	0.00341	0.00243	0.00574
9	0.10507	0.17974	0.19932	0.01394	0.21489	0.01133	0.06589	0.01298	0.02873	0.01382	0.05774	0.01062	0.00818	0.00445	0.00446	0.00129	0.05586	0.00357	0.00227	0.00586

[dist]
# distance from previous block
# <min> <max>
15	63

[block]
# block no. 9 follows, 61 sequences, length 16
# corresponding to MSA columns:
# 760-775
name=unknown_J
#
# <colnr> <probs for GDERKNQSTAVLIFYWHMCP>
#	G	D	E	R	K	N	Q	S	T	A	V	L	I	F	Y	W	H	M	C	P
0	0.00795	0.00786	0.05598	0.15339	0.24785	0.00736	0.03094	0.01047	0.02662	0.01373	0.19263	0.11647	0.08198	0.00692	0.00471	0.00142	0.00407	0.02144	0.00311	0.00512
1	0.00969	0.05242	0.03999	0.19043	0.25298	0.02536	0.03501	0.07376	0.00992	0.02387	0.03396	0.01424	0.00911	0.00909	0.12987	0.00222	0.03268	0.04742	0.00247	0.00553
2	0.01012	0.02889	0.05499	0.13754	0.39475	0.00856	0.01014	0.01249	0.00946	0.07675	0.01067	0.01340	0.02634	0.05087	0.00503	0.00142	0.00456	0.00408	0.13415	0.00578
3	0.00962	0.09373	0.28552	0.18803	0.24169	0.01049	0.04982	0.01292	0.00922	0.03009	0.00801	0.01044	0.00627	0.02102	0.00447	0.00137	0.00566	0.00359	0.00204	0.00600
4	0.00941	0.18591	0.55742	0.03794	0.01649	0.01091	0.01299	0.01331	0.00925	0.03774	0.04669	0.01001	0.00735	0.00426	0.00387	0.00126	0.00564	0.00327	0.00209	0.02420
5	0.00982	0.14441	0.42268	0.13648	0.01846	0.05595	0.06564	0.01341	0.00938	0.03937	0.02341	0.00984	0.00646	0.00416	0.00399	0.00128	0.00590	0.00336	0.00207	0.02391
6	0.03972	0.34948	0.17154	0.00808	0.01152	0.01111	0.00812	0.03680	0.00955	0.12663	0.01188	0.16324	0.02376	0.00597	0.00383	0.00125	0.00435	0.00475	0.00286	0.00557
7	0.06155	0.51943	0.12973	0.00756	0.01098	0.01319	0.00763	0.01236	0.00851	0.04878	0.00789	0.01080	0.00724	0.13174	0.00592	0.00152	0.00467	0.00312	0.00217	0.00524
8	0.17956	0.35258	0.15721	0.00844	0.01233	0.01342	0.00849	0.17997	0.01102	0.03092	0.00741	0.00817	0.00582	0.00416	0.00333	0.00116	0.00468	0.00283	0.00258	0.00592
9	0.19714	0.15661	0.36632	0.00964	0.01419	0.03821	0.01066	0.13357	0.01045	0.01622	0.00743	0.00842	0.00558	0.00418	0.00359	0.00126	0.00522	0.00295	0.00239	0.00596
10	0.49729	0.01204	0.19656	0.01058	0.13412	0.01004	0.00875	0.05957	0.00887	0.01769	0.00697	0.00823	0.00533	0.00406	0.00333	0.00133	0.00438	0.00285	0.00249	0.00554
11	0.27646	0.01639	0.38244	0.00954	0.01384	0.13381	0.01037	0.01355	0.00912	0.01506	0.03395	0.00901	0.00644	0.00423	0.00361	0.00128	0.00534	0.00298	0.00227	0.05032
12	0.00712	0.00384	0.00542	0.00542	0.00564	0.00373	0.00367	0.00570	0.00625	0.00811	0.01296	0.01739	0.13047	0.01435	0.01506	0.74249	0.00351	0.00455	0.00219	0.00214
13	0.00988	0.01853	0.56942	0.01269	0.06165	0.01027	0.06032	0.13349	0.01105	0.01591	0.05003	0.01071	0.00769	0.00446	0.00424	0.00135	0.00588	0.00367	0.00238	0.00639
14	0.01057	0.00855	0.00985	0.02438	0.07668	0.00945	0.00696	0.05696	0.52412	0.05899	0.08834	0.01833	0.06374	0.01767	0.00471	0.00146	0.00348	0.00523	0.00419	0.00634
15	0.00644	0.00477	0.00589	0.00548	0.00667	0.00445	0.00414	0.04626	0.01222	0.01690	0.66313	0.03253	0.15701	0.00895	0.00505	0.00137	0.00219	0.00780	0.00461	0.00416

[dist]
# distance from previous block
# <min> <max>
4	9

[block]
# block no. 10 follows, 61 sequences, length 57
# corresponding to MSA columns:
# 785-794,862-908
name=unknown_K
#
# <colnr> <probs for GDERKNQSTAVLIFYWHMCP>
#	G	D	E	R	K	N	Q	S	T	A	V	L	I	F	Y	W	H	M	C	P
0	0.01064	0.01030	0.01787	0.02604	0.78288	0.01027	0.05178	0.01325	0.00983	0.01406	0.00813	0.01071	0.00681	0.00383	0.00430	0.00129	0.00522	0.00390	0.00213	0.00677
1	0.00945	0.00764	0.00898	0.00644	0.01025	0.00577	0.00516	0.01135	0.00910	0.05418	0.00812	0.00922	0.00659	0.00330	0.00325	0.00067	0.00321	0.00264	0.00269	0.83198
2	0.01056	0.01083	0.05754	0.02574	0.78197	0.01022	0.01335	0.01324	0.00977	0.01405	0.00808	0.01058	0.00676	0.00385	0.00426	0.00128	0.00518	0.00381	0.00212	0.00680
3	0.00694	0.00496	0.00694	0.00793	0.00892	0.00496	0.00694	0.00892	0.00992	0.01289	0.02281	0.04859	0.02479	0.01190	0.00595	0.00198	0.00397	0.79275	0.00397	0.00397
4	0.00626	0.00418	0.00470	0.00470	0.00470	0.00418	0.00261	0.00626	0.00626	0.00835	0.01357	0.02819	0.01566	0.84862	0.02192	0.00418	0.00418	0.00626	0.00261	0.00261
5	0.01710	0.05597	0.12826	0.00828	0.01208	0.00744	0.00774	0.01923	0.01158	0.64281	0.01482	0.01329	0.00952	0.00501	0.00418	0.00130	0.00409	0.00401	0.00456	0.02871
6	0.01065	0.01027	0.01769	0.02622	0.80081	0.01025	0.03399	0.01324	0.00982	0.01407	0.00812	0.01069	0.00682	0.00383	0.00429	0.00128	0.00517	0.00387	0.00213	0.00680
7	0.01152	0.85121	0.02257	0.00737	0.01106	0.01704	0.00737	0.01290	0.00875	0.01013	0.00599	0.00691	0.00553	0.00369	0.00276	0.00092	0.00461	0.00230	0.00184	0.00553
8	0.01864	0.00837	0.03154	0.00809	0.01152	0.00739	0.00683	0.12870	0.01333	0.69429	0.01584	0.01392	0.01007	0.00528	0.00432	0.00133	0.00388	0.00424	0.00510	0.00731
9	0.00908	0.12222	0.68630	0.01220	0.03806	0.01089	0.03667	0.01355	0.00910	0.01323	0.00756	0.00894	0.00553	0.00402	0.00396	0.00131	0.00615	0.00315	0.00184	0.00626
