[name]
unknown

[dist]
# distance from previous block
# <min> <max>
14	59

[block]
# block no. 0 follows, 58 sequences, length 12
# corresponding to MSA columns:
# 546-557
name=unknown_A
#
# <colnr> <probs for GDERKNQSTAVLIFYWHMCP>
#	G	D	E	R	K	N	Q	S	T	A	V	L	I	F	Y	W	H	M	C	P
0	0.00680	0.00417	0.00560	0.00567	0.00608	0.00407	0.00389	0.00643	0.00750	0.00991	0.08026	0.09679	0.13975	0.10324	0.08582	0.41797	0.00414	0.00625	0.00285	0.00283
1	0.72929	0.00952	0.00875	0.00737	0.01029	0.04883	0.07558	0.01376	0.00828	0.04485	0.00688	0.00799	0.00526	0.00418	0.00311	0.00138	0.00405	0.00276	0.00279	0.00506
2	0.00862	0.00692	0.00822	0.00687	0.00948	0.00587	0.00527	0.07957	0.01012	0.01470	0.01427	0.28628	0.01497	0.00735	0.00431	0.00115	0.00324	0.03238	0.00336	0.47704
3	0.01069	0.00949	0.09453	0.00840	0.01111	0.00868	0.00724	0.01844	0.42013	0.11453	0.18675	0.02055	0.05661	0.00671	0.00470	0.00147	0.00353	0.00566	0.00445	0.00633
4	0.00625	0.00440	0.00493	0.00489	0.00529	0.00422	0.00300	0.00669	0.00787	0.01031	0.10447	0.03236	0.17240	0.59465	0.01755	0.00348	0.00370	0.00724	0.00322	0.00308
5	0.00813	0.00752	0.01255	0.74479	0.02824	0.00927	0.01155	0.01088	0.00890	0.01143	0.00972	0.09940	0.00846	0.00548	0.00460	0.00153	0.00561	0.00490	0.00222	0.00483
6	0.01803	0.00927	0.01123	0.00872	0.01209	0.00920	0.00717	0.28135	0.06282	0.47869	0.04313	0.01445	0.01116	0.00564	0.00452	0.00138	0.00410	0.00450	0.00510	0.00746
7	0.00546	0.00454	0.00477	0.00471	0.00615	0.00385	0.00353	0.00675	0.01060	0.01304	0.17086	0.04147	0.68693	0.01097	0.00529	0.00149	0.00224	0.00922	0.00428	0.00385
8	0.00619	0.00458	0.00666	0.00689	0.00754	0.00511	0.00516	0.00754	0.00747	0.01055	0.01487	0.20046	0.01546	0.05947	0.61327	0.00589	0.00961	0.00661	0.00280	0.00387
9	0.01095	0.51052	0.25156	0.01071	0.03927	0.01482	0.08063	0.01371	0.00935	0.01203	0.00706	0.00838	0.00585	0.00395	0.00353	0.00115	0.00557	0.00296	0.00195	0.00606
10	0.62650	0.01073	0.00877	0.02694	0.01078	0.11095	0.02464	0.10671	0.00992	0.01957	0.00695	0.00800	0.00536	0.00435	0.00323	0.00136	0.00436	0.00277	0.00288	0.00524
11	0.01226	0.37237	0.14025	0.01034	0.01368	0.20658	0.03688	0.01421	0.00971	0.01134	0.00670	0.00829	0.00579	0.00467	0.00520	0.00124	0.12987	0.00297	0.00202	0.00562

[dist]
# distance from previous block
# <min> <max>
2	7

[block]
# block no. 1 follows, 58 sequences, length 24
# corresponding to MSA columns:
# 565-588
name=unknown_B
#
# <colnr> <probs for GDERKNQSTAVLIFYWHMCP>
#	G	D	E	R	K	N	Q	S	T	A	V	L	I	F	Y	W	H	M	C	P
0	0.01013	0.14359	0.28245	0.04173	0.06085	0.01115	0.25763	0.01371	0.01015	0.03834	0.07924	0.01237	0.00950	0.00450	0.00447	0.00137	0.00605	0.00430	0.00241	0.00609
1	0.01216	0.01057	0.06519	0.01839	0.36760	0.00956	0.13213	0.04777	0.04341	0.15383	0.01349	0.02962	0.06534	0.00508	0.00465	0.00140	0.00512	0.00482	0.00314	0.00671
2	0.00653	0.00475	0.00555	0.00547	0.00570	0.00493	0.00347	0.00684	0.00726	0.00964	0.03489	0.08408	0.11713	0.60106	0.01844	0.00357	0.06747	0.00713	0.00298	0.00311
3	0.04083	0.00783	0.00956	0.04735	0.04477	0.04065	0.01788	0.15269	0.01268	0.08938	0.11853	0.03058	0.04653	0.00862	0.00521	0.00164	0.00424	0.31162	0.00409	0.00532
4	0.01020	0.11235	0.52873	0.01350	0.04963	0.07369	0.12270	0.01437	0.00983	0.01356	0.00790	0.00951	0.00589	0.00415	0.00423	0.00135	0.00660	0.00347	0.00199	0.00634
5	0.01012	0.01031	0.01874	0.04066	0.31710	0.02220	0.31305	0.01355	0.05660	0.01428	0.01294	0.05689	0.07022	0.00514	0.00487	0.00145	0.00571	0.00540	0.01465	0.00613
6	0.00544	0.00392	0.00516	0.00616	0.00647	0.00364	0.00412	0.00624	0.00863	0.01144	0.02545	0.80904	0.05990	0.01391	0.00569	0.00180	0.00258	0.01259	0.00415	0.00364
7	0.01059	0.46449	0.34264	0.01011	0.01503	0.01423	0.04325	0.01364	0.00936	0.01229	0.02357	0.00882	0.00650	0.00410	0.00357	0.00117	0.00557	0.00299	0.00198	0.00607
8	0.01179	0.12196	0.23527	0.01299	0.07735	0.03865	0.16070	0.05310	0.07296	0.10974	0.01166	0.01300	0.03640	0.00485	0.00441	0.00137	0.00565	0.01882	0.00289	0.00643
9	0.00844	0.00783	0.01312	0.80562	0.02999	0.00975	0.01213	0.01140	0.00896	0.01160	0.00816	0.01208	0.00614	0.00450	0.00443	0.00148	0.00584	0.00398	0.02961	0.00494
10	0.00542	0.00454	0.00472	0.00467	0.00612	0.00383	0.00350	0.00668	0.01051	0.01283	0.14300	0.04182	0.71492	0.01105	0.00529	0.00150	0.00225	0.00927	0.00425	0.00383
11	0.01006	0.00962	0.01660	0.21548	0.52004	0.01002	0.05990	0.01282	0.01010	0.01410	0.06990	0.01304	0.00949	0.00448	0.00455	0.00138	0.00536	0.00438	0.00237	0.00630
12	0.04469	0.01149	0.01545	0.01198	0.01489	0.05011	0.17492	0.29128	0.05135	0.10582	0.01017	0.01135	0.00756	0.00550	0.00661	0.00151	0.17111	0.00426	0.00346	0.00650
13	0.00949	0.00935	0.01321	0.04053	0.01214	0.01296	0.00957	0.01058	0.00695	0.01076	0.00640	0.01044	0.00627	0.00963	0.07476	0.00233	0.74383	0.00398	0.00199	0.00483
14	0.01220	0.80317	0.02289	0.00785	0.01160	0.05914	0.00770	0.01362	0.00927	0.01055	0.00625	0.00722	0.00574	0.00387	0.00293	0.00097	0.00495	0.00242	0.00193	0.00571
15	0.01043	0.00994	0.01690	0.18415	0.63936	0.01032	0.01321	0.01313	0.01001	0.01408	0.03046	0.01185	0.00783	0.00422	0.00446	0.00136	0.00535	0.00410	0.00224	0.00659
16	0.01081	0.52778	0.33104	0.00962	0.01453	0.01488	0.01108	0.01369	0.00923	0.01193	0.00692	0.00805	0.00571	0.00399	0.00340	0.00113	0.00549	0.00274	0.00190	0.00608
17	0.00529	0.00453	0.00453	0.00453	0.00604	0.00378	0.00340	0.00642	0.01020	0.01208	0.04532	0.04305	0.81307	0.01133	0.00529	0.00151	0.00227	0.00944	0.00415	0.00378
18	0.00897	0.02314	0.81962	0.01275	0.01936	0.01039	0.01653	0.01417	0.00944	0.01417	0.00803	0.00944	0.00567	0.00425	0.00425	0.00142	0.00661	0.00331	0.00189	0.00661
19	0.00882	0.00833	0.01409	0.71744	0.14249	0.01004	0.01261	0.01176	0.00912	0.01188	0.00802	0.01180	0.00612	0.00440	0.00447	0.00147	0.00587	0.00398	0.00202	0.00527
20	0.00613	0.00460	0.00583	0.00656	0.00750	0.00430	0.00519	0.00754	0.00975	0.01242	0.03026	0.28323	0.25567	0.01255	0.00578	0.00183	0.00313	0.32972	0.00414	0.00387
21	0.00834	0.00417	0.00417	0.00417	0.00521	0.00417	0.00313	0.01042	0.00938	0.01668	0.01459	0.01668	0.01147	0.00521	0.00313	0.00104	0.00208	0.00417	0.86763	0.00417
22	0.01608	0.02030	0.01273	0.07434	0.01513	0.76245	0.00893	0.01737	0.01239	0.01098	0.00699	0.00836	0.00578	0.00460	0.00407	0.00118	0.00791	0.00296	0.00228	0.00517
23	0.00735	0.06991	0.00865	0.00720	0.00778	0.00736	0.00543	0.00828	0.00813	0.01124	0.11078	0.20567	0.03633	0.21672	0.08418	0.00282	0.18802	0.00712	0.00308	0.00395

[dist]
# distance from previous block
# <min> <max>
0	1

[block]
# block no. 2 follows, 58 sequences, length 103
# corresponding to MSA columns:
# 590,591,599-603,632-651,712-724,730-792
name=unknown_C
#
# <colnr> <probs for GDERKNQSTAVLIFYWHMCP>
#	G	D	E	R	K	N	Q	S	T	A	V	L	I	F	Y	W	H	M	C	P
0	0.00639	0.00479	0.00719	0.00719	0.00799	0.00559	0.00559	0.00799	0.00719	0.01038	0.01198	0.01757	0.01118	0.03355	0.82507	0.00719	0.01198	0.00479	0.00240	0.00399
1	0.01054	0.01201	0.02608	0.01868	0.02309	0.01137	0.77918	0.01424	0.01047	0.01424	0.00897	0.01201	0.00676	0.00387	0.00551	0.00152	0.02795	0.00525	0.00225	0.00601
2	0.87439	0.00865	0.00657	0.00588	0.00865	0.01003	0.00484	0.01315	0.00761	0.02007	0.00623	0.00727	0.00484	0.00415	0.00277	0.00138	0.00346	0.00242	0.00277	0.00484
3	0.00651	0.00434	0.00488	0.00488	0.00488	0.00434	0.00271	0.00651	0.00651	0.00867	0.01409	0.02927	0.01626	0.84279	0.02277	0.00434	0.00434	0.00651	0.00271	0.00271
4	0.00546	0.00479	0.00466	0.00464	0.00616	0.01633	0.00348	0.00659	0.01023	0.01207	0.04473	0.04251	0.80073	0.01123	0.00527	0.00151	0.00235	0.00934	0.00413	0.00380
5	0.01130	0.66500	0.19818	0.00877	0.01321	0.01610	0.00960	0.01356	0.00917	0.01132	0.00662	0.00767	0.00572	0.00392	0.00317	0.00106	0.00518	0.00259	0.00191	0.00593
6	0.01715	0.01229	0.01328	0.01018	0.01375	0.01352	0.00841	0.76199	0.02063	0.06675	0.01108	0.01096	0.00778	0.00538	0.00448	0.00134	0.00487	0.00405	0.00453	0.00761
7	0.00535	0.00453	0.00462	0.00460	0.00608	0.00380	0.00345	0.00654	0.01034	0.01244	0.09131	0.04247	0.76686	0.01120	0.00529	0.00150	0.00226	0.00936	0.00420	0.00380
8	0.00862	0.00833	0.01480	0.63397	0.02760	0.00968	0.13898	0.01161	0.00928	0.01208	0.01028	0.01372	0.04884	0.00474	0.00461	0.00148	0.00592	0.00448	0.02593	0.00506
9	0.00918	0.05058	0.75012	0.01335	0.06107	0.01065	0.01608	0.01412	0.00947	0.01407	0.00799	0.00945	0.00574	0.00422	0.00421	0.00140	0.00648	0.00331	0.00191	0.00661
10	0.00545	0.00389	0.00519	0.00623	0.00649	0.00363	0.00415	0.00623	0.00856	0.01142	0.02465	0.83987	0.02959	0.01401	0.00571	0.00182	0.00260	0.01272	0.00415	0.00363
11	0.00575	0.00471	0.02819	0.00669	0.00726	0.00409	0.02856	0.00671	0.00857	0.01145	0.02355	0.73441	0.04199	0.05712	0.00655	0.00192	0.00294	0.01184	0.00396	0.00374
12	0.01013	0.03160	0.10909	0.02824	0.03424	0.01101	0.61711	0.01376	0.01019	0.01396	0.00954	0.05194	0.00773	0.00443	0.00533	0.00151	0.02664	0.00530	0.00230	0.00595
13	0.00628	0.00454	0.00594	0.00566	0.00667	0.00419	0.00422	0.00832	0.01245	0.01759	0.77095	0.07597	0.04154	0.00940	0.00530	0.00143	0.00214	0.00833	0.00488	0.00419
14	0.00873	0.00868	0.03841	0.72546	0.11004	0.01002	0.01268	0.01175	0.00909	0.01184	0.00800	0.01176	0.00607	0.00442	0.00446	0.00147	0.00592	0.00396	0.00201	0.00523
15	0.01506	0.01190	0.01230	0.01018	0.02578	0.05697	0.00808	0.47084	0.27664	0.04492	0.01311	0.01266	0.00956	0.00554	0.00448	0.00139	0.00462	0.00431	0.00437	0.00730
16	0.01036	0.01151	0.02369	0.01762	0.03904	0.01159	0.63210	0.01357	0.00988	0.01367	0.00872	0.02434	0.00699	0.00464	0.00689	0.00159	0.15061	0.00513	0.00224	0.00582
17	0.01904	0.00761	0.01021	0.00792	0.01123	0.00673	0.00651	0.03827	0.03407	0.73716	0.05946	0.01613	0.01271	0.00574	0.00454	0.00139	0.00373	0.00469	0.00545	0.00742
18	0.01115	0.01372	0.12317	0.01877	0.23007	0.08265	0.32278	0.03801	0.01047	0.01417	0.00831	0.01086	0.00657	0.00439	0.00568	0.00146	0.08497	0.00431	0.00224	0.00625
19	0.05328	0.02616	0.11351	0.01938	0.29530	0.05175	0.29576	0.01437	0.01021	0.04182	0.00863	0.01095	0.00672	0.00413	0.00487	0.00141	0.02880	0.00423	0.00233	0.00638
20	0.00545	0.00389	0.00519	0.00623	0.00649	0.00363	0.00415	0.00623	0.00856	0.01142	0.02465	0.83987	0.02959	0.01401	0.00571	0.00182	0.00260	0.01272	0.00415	0.00363
21	0.01419	0.01579	0.01282	0.01229	0.07333	0.46114	0.00900	0.01563	0.02041	0.06238	0.00823	0.01073	0.00705	0.00659	0.03471	0.00160	0.20157	0.02466	0.00250	0.00537
22	0.07928	0.04658	0.10576	0.02883	0.03785	0.08744	0.04697	0.13286	0.12805	0.18052	0.05384	0.03083	0.01068	0.00539	0.00433	0.00138	0.00484	0.00435	0.00374	0.00648
23	0.00927	0.04905	0.67924	0.01366	0.05239	0.01066	0.08636	0.01407	0.00960	0.01412	0.01689	0.00993	0.00623	0.00424	0.00431	0.00141	0.00653	0.00353	0.00197	0.00652
24	0.00586	0.00452	0.00535	0.00521	0.00641	0.00401	0.00388	0.00750	0.01144	0.01521	0.45861	0.07990	0.35537	0.01029	0.00530	0.00147	0.00220	0.00888	0.00457	0.00401
25	0.00906	0.00836	0.02789	0.00997	0.05085	0.05183	0.09091	0.10080	0.03058	0.01535	0.17690	0.22780	0.06279	0.00875	0.00609	0.00157	0.08592	0.02586	0.00369	0.00501
26	0.02664	0.11054	0.28840	0.02212	0.01573	0.10939	0.07029	0.11117	0.11422	0.04644	0.01061	0.01174	0.02094	0.00488	0.00425	0.00135	0.00577	0.01628	0.00286	0.00638
27	0.00558	0.00409	0.00525	0.00597	0.00651	0.00376	0.00413	0.00661	0.00936	0.01241	0.13077	0.61148	0.13495	0.01298	0.00561	0.00173	0.00252	0.02829	0.00425	0.00374
28	0.01280	0.69958	0.02153	0.00834	0.01190	0.16059	0.00783	0.01419	0.00972	0.01060	0.00634	0.00733	0.00574	0.00397	0.00308	0.00099	0.00536	0.00248	0.00198	0.00564
29	0.01217	0.02646	0.12008	0.08559	0.39081	0.04764	0.01199	0.07173	0.08051	0.09432	0.01015	0.01160	0.00773	0.00452	0.00439	0.00136	0.00532	0.00397	0.00284	0.00683
30	0.05562	0.03064	0.03457	0.15270	0.03188	0.19118	0.10010	0.20401	0.02212	0.06139	0.00932	0.01080	0.00698	0.00479	0.00454	0.00135	0.02611	0.00382	0.04209	0.00600
31	0.00556	0.00418	0.00515	0.00568	0.00641	0.00377	0.00397	0.00666	0.00969	0.01270	0.16439	0.49466	0.23596	0.01248	0.00553	0.00167	0.00243	0.01107	0.00428	0.00377
32	0.02636	0.02659	0.01789	0.06370	0.10917	0.04665	0.28128	0.09535	0.11924	0.04114	0.01019	0.01236	0.00793	0.00501	0.00595	0.00150	0.10715	0.01347	0.00287	0.00622
33	0.01283	0.03378	0.17608	0.02527	0.06099	0.05286	0.15011	0.07192	0.11462	0.18396	0.04513	0.03101	0.01028	0.00516	0.00458	0.00141	0.00535	0.00459	0.00346	0.00659
34	0.01362	0.00867	0.00984	0.00817	0.01092	0.00901	0.00657	0.22362	0.21150	0.21721	0.06438	0.02038	0.13014	0.00684	0.00468	0.00144	0.00370	0.02462	0.01808	0.00659
35	0.03998	0.00995	0.01114	0.00892	0.01207	0.03168	0.00728	0.31848	0.12780	0.29848	0.03933	0.01533	0.02594	0.00589	0.00452	0.00140	0.00423	0.02571	0.00475	0.00713
36	0.03904	0.05788	0.15870	0.01172	0.08084	0.04892	0.06730	0.10915	0.12407	0.21755	0.01250	0.03257	0.00914	0.00513	0.00438	0.00138	0.00502	0.00427	0.00364	0.00680
37	0.18539	0.02507	0.03761	0.11583	0.14804	0.07104	0.04294	0.18816	0.03185	0.07979	0.00924	0.01047	0.00689	0.00458	0.00407	0.00135	0.00506	0.00364	0.00311	0.02586
38	0.00593	0.00436	0.00555	0.00566	0.00654	0.00399	0.00409	0.00751	0.01111	0.01521	0.47515	0.27449	0.14206	0.01089	0.00541	0.00154	0.00228	0.00965	0.00459	0.00399
39	0.00722	0.00573	0.00612	0.00625	0.02907	0.02533	0.00454	0.04325	0.06584	0.01412	0.06955	0.10546	0.41267	0.01043	0.03292	0.00166	0.00308	0.03018	0.12222	0.00438
40	0.03751	0.02261	0.27745	0.03569	0.11989	0.02120	0.13907	0.08216	0.03474	0.09407	0.05874	0.02569	0.02089	0.00496	0.00453	0.00141	0.00558	0.00444	0.00293	0.00642
41	0.01161	0.01061	0.01784	0.09215	0.43041	0.01091	0.14984	0.11509	0.01151	0.04028	0.00976	0.01232	0.02064	0.00456	0.00497	0.00141	0.03394	0.01287	0.00264	0.00664
42	0.64655	0.00851	0.00776	0.02884	0.02471	0.00949	0.00565	0.02654	0.03197	0.13840	0.00891	0.01015	0.00671	0.00466	0.00327	0.00141	0.00366	0.02417	0.00326	0.00539
43	0.01177	0.08522	0.38552	0.01195	0.03501	0.20162	0.04322	0.04506	0.01081	0.04879	0.00913	0.01177	0.00729	0.00558	0.02606	0.00150	0.00664	0.04459	0.00240	0.00608
44	0.00967	0.21553	0.63335	0.01156	0.01752	0.01210	0.01445	0.01399	0.00936	0.01331	0.00760	0.00891	0.00568	0.00415	0.00393	0.00131	0.00618	0.00309	0.00189	0.00641
45	0.00545	0.00389	0.00519	0.00623	0.00649	0.00363	0.00415	0.00623	0.00856	0.01142	0.02465	0.83987	0.02959	0.01401	0.00571	0.00182	0.00260	0.01272	0.00415	0.00363
46	0.00602	0.00444	0.00562	0.00559	0.00655	0.00405	0.00409	0.00773	0.01153	0.01587	0.55382	0.18785	0.14951	0.01038	0.00536	0.00150	0.00222	0.00916	0.00467	0.00405
47	0.01031	0.01122	0.06183	0.24073	0.36445	0.03489	0.18456	0.01339	0.00997	0.01356	0.00836	0.01134	0.00660	0.00410	0.00460	0.00141	0.00613	0.00420	0.00215	0.00620
48	0.04926	0.00765	0.01025	0.00789	0.01132	0.00669	0.00652	0.02150	0.01263	0.79072	0.01726	0.01495	0.01086	0.00549	0.00444	0.00138	0.00379	0.00443	0.00544	0.00752
49	0.00845	0.00795	0.01342	0.83204	0.03081	0.00994	0.01242	0.01143	0.00894	0.01143	0.00795	0.01193	0.00596	0.00447	0.00447	0.00149	0.00596	0.00398	0.00199	0.00497
50	0.01060	0.01065	0.01964	0.12837	0.51341	0.01071	0.21289	0.01359	0.01012	0.01413	0.00852	0.01143	0.00687	0.00399	0.00465	0.00139	0.00596	0.00431	0.00220	0.00655
51	0.00642	0.00483	0.00596	0.00563	0.00684	0.00451	0.00424	0.00892	0.05417	0.01703	0.64640	0.03409	0.16550	0.00934	0.00524	0.00143	0.00221	0.00815	0.00478	0.00430
52	0.00926	0.02111	0.67432	0.01387	0.02010	0.01056	0.15979	0.01420	0.00965	0.01420	0.00821	0.00992	0.00587	0.00416	0.00444	0.00143	0.00678	0.00367	0.00196	0.00651
53	0.05646	0.01192	0.01235	0.03939	0.09018	0.11194	0.00838	0.45068	0.01616	0.03203	0.01146	0.10582	0.00982	0.01712	0.00472	0.00142	0.00502	0.00484	0.00378	0.00651
54	0.01617	0.02045	0.01239	0.01130	0.01352	0.78160	0.00848	0.01734	0.01239	0.01092	0.00718	0.00857	0.00605	0.00614	0.04736	0.00147	0.00827	0.00298	0.00231	0.00512
55	0.00573	0.00456	0.00522	0.00561	0.00682	0.00405	0.00435	0.00701	0.00995	0.01226	0.03727	0.17367	0.51511	0.01199	0.00555	0.00168	0.00272	0.17849	0.00415	0.00383
56	0.01927	0.00777	0.01100	0.00878	0.03377	0.00678	0.03081	0.02109	0.01266	0.75613	0.03238	0.01536	0.01143	0.00551	0.00454	0.00139	0.00393	0.00458	0.00533	0.00749
57	0.05821	0.00940	0.03287	0.00897	0.03142	0.02798	0.00731	0.22198	0.02736	0.38420	0.06743	0.01702	0.03055	0.00608	0.00455	0.00141	0.00416	0.04753	0.00470	0.00687
58	0.01646	0.00763	0.00976	0.00789	0.01085	0.00721	0.00637	0.02048	0.17612	0.55031	0.12036	0.01787	0.01562	0.00611	0.00461	0.00141	0.00353	0.00508	0.00525	0.00707
59	0.00594	0.00463	0.00504	0.00489	0.00634	0.00396	0.00368	0.00732	0.01086	0.03540	0.22883	0.03998	0.60612	0.01065	0.00526	0.00148	0.00227	0.00898	0.00438	0.00399
60	0.01162	0.30920	0.31542	0.01093	0.01564	0.05659	0.07573	0.06198	0.02847	0.05071	0.00822	0.00930	0.00634	0.00430	0.00403	0.00125	0.01839	0.00327	0.00234	0.00627
61	0.05737	0.01161	0.01459	0.01324	0.13349	0.08109	0.11059	0.30965	0.01484	0.16872	0.01101	0.01156	0.00788	0.00486	0.00442	0.00135	0.00523	0.00410	0.02750	0.00689
62	0.00576	0.00411	0.00554	0.00658	0.00697	0.00390	0.00468	0.00676	0.00887	0.01176	0.02449	0.70278	0.02892	0.01373	0.00579	0.00186	0.00286	0.14680	0.00415	0.00372
63	0.01262	0.01351	0.10620	0.01307	0.11545	0.11652	0.06687	0.16122	0.31145	0.01808	0.01232	0.01262	0.00929	0.00511	0.00447	0.00140	0.00524	0.00427	0.00348	0.00680
64	0.00858	0.00726	0.05873	0.00774	0.00934	0.02545	0.00640	0.11444	0.02350	0.04660	0.06931	0.34714	0.06416	0.01077	0.00540	0.00170	0.00364	0.18097	0.00411	0.00475
65	0.00834	0.00417	0.00417	0.00417	0.00521	0.00417	0.00313	0.01042	0.00938	0.01668	0.01459	0.01668	0.01147	0.00521	0.00313	0.00104	0.00208	0.00417	0.86763	0.00417
66	0.00550	0.00393	0.00524	0.00628	0.00656	0.00367	0.00423	0.00631	0.00861	0.01147	0.02463	0.81891	0.02948	0.01397	0.00572	0.00182	0.00264	0.03322	0.00415	0.00365
67	0.00928	0.00795	0.00928	0.00663	0.01060	0.00596	0.00530	0.01126	0.00928	0.01458	0.00795	0.00928	0.00663	0.00331	0.00331	0.00066	0.00331	0.00265	0.00265	0.87014
68	0.00884	0.00506	0.00671	0.00617	0.00756	0.00459	0.00466	0.01068	0.01208	0.17082	0.54228	0.15007	0.03434	0.00918	0.00519	0.00146	0.00251	0.00809	0.00493	0.00479
69	0.00556	0.00396	0.00524	0.00623	0.00650	0.00372	0.00419	0.00635	0.00852	0.01135	0.02410	0.77279	0.02880	0.05496	0.00657	0.00195	0.00273	0.03879	0.00408	0.00360
70	0.01309	0.01285	0.22165	0.01014	0.02617	0.01000	0.00961	0.06889	0.34546	0.21151	0.01480	0.01399	0.01047	0.00539	0.00445	0.00144	0.00452	0.00438	0.00405	0.00712
71	0.01309	0.00782	0.00882	0.00758	0.01002	0.00825	0.00599	0.06211	0.34527	0.23078	0.01671	0.01597	0.01207	0.00567	0.00416	0.00135	0.00331	0.00462	0.22993	0.00649
72	0.00639	0.00478	0.00713	0.00713	0.00791	0.00556	0.00552	0.00795	0.00717	0.01034	0.01203	0.01785	0.01130	0.05268	0.80610	0.00712	0.01180	0.00483	0.00240	0.00396
73	0.02840	0.00892	0.01034	0.00833	0.01133	0.00903	0.00683	0.30704	0.05359	0.30162	0.01960	0.01992	0.13538	0.00678	0.00469	0.00143	0.00398	0.05128	0.00475	0.00674
74	0.01097	0.01084	0.03510	0.04473	0.78084	0.01061	0.01376	0.01369	0.01014	0.01453	0.00840	0.01106	0.00703	0.00400	0.00443	0.00133	0.00536	0.00397	0.00220	0.00703
75	0.00562	0.00396	0.00514	0.00601	0.00623	0.00375	0.00392	0.00627	0.00823	0.01097	0.02295	0.70864	0.02743	0.14819	0.00847	0.00222	0.00288	0.01171	0.00392	0.00348
76	0.00991	0.00990	0.01865	0.01728	0.20216	0.00966	0.38268	0.01380	0.08867	0.01459	0.01223	0.12276	0.01086	0.00550	0.00493	0.00148	0.00563	0.00588	0.05747	0.00594
77	0.01102	0.01048	0.01782	0.10752	0.47514	0.01075	0.13962	0.07526	0.05425	0.01542	0.00965	0.03535	0.00796	0.00451	0.00462	0.00140	0.00554	0.00451	0.00256	0.00663
78	0.01057	0.01204	0.02622	0.01904	0.04021	0.01130	0.78195	0.01432	0.01055	0.01433	0.00904	0.01205	0.00679	0.00378	0.00526	0.00150	0.00749	0.00525	0.00226	0.00606
79	0.00842	0.00503	0.00660	0.00660	0.00791	0.00462	0.00516	0.01002	0.01087	0.14415	0.22130	0.22317	0.12996	0.01071	0.00546	0.00166	0.00298	0.18626	0.00456	0.00455
80	0.01253	0.05570	0.09745	0.05806	0.37201	0.04311	0.02216	0.11523	0.01159	0.09743	0.00959	0.01171	0.00753	0.00474	0.00488	0.00137	0.04653	0.01884	0.00281	0.00673
81	0.02228	0.26354	0.32419	0.01034	0.01492	0.14408	0.01108	0.04225	0.01062	0.10541	0.00849	0.00923	0.00638	0.00437	0.00383	0.00123	0.00589	0.00312	0.00248	0.00625
82	0.01107	0.01063	0.01816	0.02746	0.81489	0.01063	0.01373	0.01373	0.01019	0.01461	0.00841	0.01107	0.00709	0.00399	0.00443	0.00133	0.00531	0.00399	0.00221	0.00709
83	0.00877	0.00856	0.01521	0.70021	0.02932	0.01022	0.12031	0.01181	0.00911	0.01181	0.00805	0.01189	0.00607	0.00446	0.00483	0.00150	0.02656	0.00415	0.00202	0.00511
84	0.00640	0.00477	0.00707	0.00707	0.00782	0.00553	0.00544	0.00791	0.00715	0.01029	0.01209	0.01819	0.01145	0.07625	0.78273	0.00704	0.01158	0.00488	0.00241	0.00393
85	0.00639	0.00479	0.00719	0.00719	0.00799	0.00559	0.00559	0.00799	0.00719	0.01038	0.01198	0.01757	0.01118	0.03355	0.82507	0.00719	0.01198	0.00479	0.00240	0.00399
86	0.00970	0.00903	0.01226	0.00888	0.01279	0.02931	0.13396	0.01193	0.00951	0.01433	0.00804	0.00971	0.00661	0.00355	0.00396	0.00085	0.02697	0.00312	0.00256	0.68295
87	0.01976	0.00812	0.01069	0.00820	0.01167	0.00732	0.00677	0.10172	0.01365	0.73687	0.01694	0.01476	0.01072	0.00552	0.00450	0.00138	0.00392	0.00445	0.00543	0.00761
88	0.00545	0.00389	0.00519	0.00623	0.00649	0.00363	0.00415	0.00623	0.00856	0.01142	0.02465	0.83987	0.02959	0.01401	0.00571	0.00182	0.00260	0.01272	0.00415	0.00363
89	0.01062	0.01017	0.01735	0.16509	0.68076	0.01051	0.01351	0.01334	0.00997	0.01407	0.00833	0.01122	0.00689	0.00407	0.00444	0.00136	0.00543	0.00398	0.00218	0.00672
90	0.01113	0.00961	0.01011	0.00910	0.01163	0.01113	0.00708	0.02377	0.80681	0.01871	0.01821	0.01669	0.01365	0.00607	0.00455	0.00152	0.00354	0.00506	0.00455	0.00708
91	0.00547	0.00391	0.00521	0.00621	0.00649	0.00365	0.00415	0.00629	0.00868	0.01160	0.04608	0.81795	0.02993	0.01388	0.00570	0.00181	0.00258	0.01259	0.00417	0.00365
92	0.00913	0.06653	0.77760	0.01248	0.01894	0.01077	0.01606	0.01413	0.00943	0.01397	0.00793	0.00932	0.00567	0.00423	0.00418	0.00139	0.00651	0.00326	0.00189	0.00657
93	0.00977	0.01216	0.12305	0.01453	0.01843	0.02623	0.45121	0.01433	0.10635	0.01463	0.05222	0.04415	0.06779	0.00535	0.00519	0.00150	0.01881	0.00562	0.00282	0.00587
94	0.00545	0.00389	0.00519	0.00623	0.00649	0.00363	0.00415	0.00623	0.00856	0.01142	0.02465	0.83987	0.02959	0.01401	0.00571	0.00182	0.00260	0.01272	0.00415	0.00363
95	0.00897	0.02314	0.81962	0.01275	0.01936	0.01039	0.01653	0.01417	0.00944	0.01417	0.00803	0.00944	0.00567	0.00425	0.00425	0.00142	0.00661	0.00331	0.00189	0.00661
96	0.01127	0.01070	0.01422	0.01206	0.02782	0.06049	0.08251	0.09680	0.06653	0.03353	0.00873	0.02804	0.00775	0.00697	0.01056	0.00174	0.49077	0.02133	0.00264	0.00553
97	0.00837	0.01031	0.16097	0.01008	0.01244	0.01905	0.11433	0.03005	0.03849	0.01452	0.21168	0.16019	0.01965	0.02063	0.00683	0.00162	0.13593	0.00662	0.01315	0.00508
98	0.00906	0.21197	0.01362	0.00907	0.01020	0.01168	0.00765	0.01025	0.00778	0.01084	0.02268	0.12118	0.01056	0.01247	0.16078	0.00266	0.35549	0.00494	0.00237	0.00476
99	0.00545	0.00389	0.00519	0.00623	0.00649	0.00363	0.00415	0.00623	0.00856	0.01142	0.02465	0.83987	0.02959	0.01401	0.00571	0.00182	0.00260	0.01272	0.00415	0.00363
100	0.00942	0.00794	0.00923	0.00677	0.01050	0.00626	0.00539	0.04391	0.02406	0.01527	0.04038	0.03047	0.00875	0.00394	0.00352	0.00076	0.00332	0.00321	0.00289	0.76400
101	0.04394	0.00954	0.01602	0.33365	0.33732	0.01072	0.07080	0.01255	0.00928	0.01317	0.00793	0.01119	0.00641	0.00457	0.00553	0.00147	0.09390	0.00401	0.00213	0.00587
102	0.00610	0.00446	0.00573	0.00563	0.00660	0.00409	0.00414	0.00791	0.01178	0.01637	0.61827	0.16482	0.10718	0.01012	0.00535	0.00148	0.00220	0.00896	0.00473	0.00409

[dist]
# distance from previous block
# <min> <max>
0	2

[block]
# block no. 3 follows, 58 sequences, length 21
# corresponding to MSA columns:
# 795-815
name=unknown_D
#
# <colnr> <probs for GDERKNQSTAVLIFYWHMCP>
#	G	D	E	R	K	N	Q	S	T	A	V	L	I	F	Y	W	H	M	C	P
0	0.15287	0.01061	0.05543	0.01023	0.05263	0.03331	0.04198	0.16275	0.11904	0.21717	0.03206	0.01252	0.00936	0.00536	0.00497	0.00143	0.06369	0.00410	0.00390	0.00660
1	0.05159	0.01724	0.05723	0.01135	0.05676	0.49212	0.00868	0.06692	0.01197	0.01342	0.00741	0.00869	0.00605	0.00447	0.00424	0.00114	0.03080	0.00301	0.00248	0.14441
2	0.00640	0.00475	0.00697	0.00697	0.00769	0.00547	0.00532	0.00785	0.00712	0.01022	0.01218	0.01870	0.01167	0.11119	0.74809	0.00692	0.01125	0.00496	0.00243	0.00387
3	0.00911	0.00863	0.01457	0.62626	0.18975	0.01014	0.02981	0.01232	0.03257	0.01235	0.00837	0.01189	0.00643	0.00440	0.00448	0.00146	0.00579	0.00404	0.00211	0.00549
4	0.00671	0.00426	0.00503	0.00503	0.00503	0.00426	0.00290	0.00640	0.00640	0.00853	0.01308	0.02676	0.01490	0.70994	0.02192	0.14334	0.00426	0.00608	0.00259	0.00259
5	0.01374	0.00877	0.00981	0.00798	0.01051	0.00928	0.00640	0.40031	0.01559	0.12580	0.06556	0.06094	0.01266	0.03124	0.02546	0.00155	0.00405	0.00496	0.17917	0.00624
6	0.03251	0.00945	0.01235	0.04293	0.01336	0.01014	0.08559	0.22415	0.13917	0.18485	0.02427	0.04664	0.04038	0.01554	0.01922	0.00160	0.06917	0.00499	0.01721	0.00649
7	0.01076	0.04674	0.04643	0.06355	0.05227	0.01131	0.64725	0.01433	0.01043	0.03835	0.00908	0.01184	0.00681	0.00389	0.00505	0.00147	0.00712	0.00496	0.00232	0.00606
8	0.00606	0.00469	0.00566	0.00619	0.00736	0.00429	0.00498	0.00751	0.01003	0.01251	0.03424	0.14772	0.40587	0.01207	0.00569	0.00176	0.00303	0.31230	0.00414	0.00389
9	0.01167	0.01068	0.01376	0.23931	0.11098	0.07955	0.07351	0.17389	0.14802	0.01680	0.01210	0.01355	0.04253	0.00514	0.00451	0.00141	0.00531	0.00442	0.02675	0.00614
10	0.03013	0.09900	0.25571	0.01180	0.01614	0.01102	0.17019	0.12616	0.01155	0.11243	0.01167	0.03058	0.04716	0.00514	0.00488	0.00141	0.04134	0.00438	0.00296	0.00635
11	0.01464	0.14676	0.01728	0.01246	0.06210	0.14635	0.16939	0.20076	0.04776	0.12420	0.01015	0.01087	0.00753	0.00464	0.00431	0.00130	0.00577	0.00394	0.00327	0.00653
12	0.00539	0.00454	0.00467	0.00464	0.00610	0.00382	0.00348	0.00661	0.01043	0.01265	0.11892	0.04213	0.73912	0.01112	0.00529	0.00150	0.00225	0.00931	0.00423	0.00382
13	0.00985	0.00829	0.00959	0.00690	0.01085	0.00655	0.00554	0.07023	0.01015	0.01559	0.00816	0.00939	0.00670	0.00347	0.00340	0.00071	0.00343	0.00275	0.00279	0.80566
14	0.00930	0.00876	0.01462	0.17046	0.32363	0.00919	0.09421	0.01239	0.05452	0.01422	0.11624	0.05763	0.05261	0.00585	0.00513	0.00146	0.03572	0.00542	0.00284	0.00579
15	0.00557	0.00416	0.00524	0.00600	0.00663	0.00384	0.00423	0.00655	0.00903	0.01168	0.02912	0.56763	0.21592	0.01387	0.03152	0.00193	0.00292	0.06636	0.00409	0.00371
16	0.00916	0.00867	0.01470	0.61450	0.24280	0.01012	0.01278	0.01205	0.00928	0.01229	0.00808	0.01169	0.00627	0.00434	0.00446	0.00145	0.00579	0.00398	0.00205	0.00554
17	0.00953	0.05073	0.58242	0.01478	0.07791	0.01085	0.16297	0.01414	0.00969	0.01409	0.00818	0.00997	0.00598	0.00412	0.00441	0.00141	0.00662	0.00369	0.00198	0.00650
18	0.01604	0.10051	0.03885	0.01136	0.03921	0.41956	0.05143	0.11655	0.01310	0.13845	0.00919	0.00978	0.00691	0.00469	0.00413	0.00123	0.00652	0.00340	0.00302	0.00607
19	0.00529	0.00453	0.00453	0.00453	0.00604	0.00378	0.00340	0.00642	0.01020	0.01208	0.04532	0.04305	0.81307	0.01133	0.00529	0.00151	0.00227	0.00944	0.00415	0.00378
20	0.01021	0.01177	0.12017	0.19409	0.48734	0.01051	0.07436	0.01335	0.00986	0.01387	0.00832	0.01112	0.00665	0.00411	0.00448	0.00139	0.00579	0.00400	0.00213	0.00650

[dist]
# distance from previous block
# <min> <max>
0	2

[block]
# block no. 4 follows, 58 sequences, length 41
# corresponding to MSA columns:
# 818-858
name=unknown_E
#
# <colnr> <probs for GDERKNQSTAVLIFYWHMCP>
#	G	D	E	R	K	N	Q	S	T	A	V	L	I	F	Y	W	H	M	C	P
0	0.01744	0.01184	0.01300	0.00996	0.01353	0.01284	0.00823	0.69044	0.01987	0.13936	0.01171	0.01137	0.00810	0.00539	0.00448	0.00135	0.00477	0.00409	0.00462	0.00761
1	0.00845	0.00804	0.12204	0.00881	0.01081	0.00623	0.00833	0.04385	0.01065	0.05753	0.02067	0.09531	0.02162	0.01066	0.00571	0.00189	0.00438	0.54635	0.00390	0.00477
2	0.04809	0.10369	0.05838	0.00918	0.01274	0.01161	0.00801	0.35315	0.08386	0.23057	0.01264	0.02807	0.00905	0.00536	0.00426	0.00134	0.00449	0.00413	0.00426	0.00712
3	0.01168	0.80991	0.02267	0.00759	0.01127	0.01711	0.00751	0.01309	0.00907	0.01056	0.00700	0.04237	0.00675	0.00426	0.00299	0.00099	0.00469	0.00283	0.00201	0.00565
4	0.00573	0.00401	0.00511	0.00587	0.00606	0.00382	0.00377	0.00630	0.00802	0.01069	0.02187	0.62606	0.02607	0.23263	0.01021	0.00248	0.00305	0.01108	0.00377	0.00339
5	0.00953	0.00899	0.01358	0.52556	0.19232	0.04967	0.01161	0.01276	0.04827	0.01279	0.00895	0.01212	0.00694	0.00451	0.00435	0.00141	0.00555	0.00399	0.06163	0.00547
6	0.01089	0.57208	0.23217	0.00878	0.01313	0.01487	0.00968	0.01333	0.00915	0.01175	0.00725	0.00864	0.00619	0.01924	0.00361	0.00114	0.00513	0.00279	0.04434	0.00584
7	0.00651	0.00434	0.00488	0.00488	0.00488	0.00434	0.00271	0.00651	0.00651	0.00867	0.01409	0.02927	0.01626	0.84279	0.02277	0.00434	0.00434	0.00651	0.00271	0.00271
8	0.00545	0.00389	0.00519	0.00623	0.00649	0.00363	0.00415	0.00623	0.00856	0.01142	0.02465	0.83987	0.02959	0.01401	0.00571	0.00182	0.00260	0.01272	0.00415	0.00363
9	0.00908	0.02238	0.76514	0.01317	0.01964	0.01045	0.07024	0.01418	0.00952	0.01418	0.00810	0.00962	0.00574	0.00422	0.00432	0.00142	0.00667	0.00344	0.00191	0.00657
10	0.01601	0.01981	0.01234	0.01119	0.01348	0.72805	0.00843	0.03923	0.05158	0.01178	0.00779	0.00896	0.00643	0.00593	0.03878	0.00143	0.00792	0.00310	0.00248	0.00529
11	0.00536	0.00453	0.00463	0.00461	0.00609	0.00381	0.00346	0.00656	0.01037	0.01249	0.09801	0.04239	0.76013	0.01118	0.00529	0.00150	0.00226	0.00935	0.00421	0.00381
12	0.00838	0.00780	0.01310	0.80005	0.02985	0.00970	0.01208	0.01122	0.00890	0.01136	0.00856	0.01247	0.01922	0.00483	0.00478	0.02088	0.00586	0.00406	0.00202	0.00488
13	0.03449	0.06751	0.01731	0.10340	0.62951	0.01090	0.01261	0.01350	0.02466	0.01420	0.00909	0.01154	0.02337	0.00422	0.00430	0.00133	0.00520	0.00396	0.00227	0.00666
14	0.00693	0.00548	0.00643	0.00645	0.00689	0.04495	0.00448	0.00773	0.00769	0.01033	0.05662	0.16231	0.01745	0.34479	0.25029	0.00432	0.04353	0.00686	0.00293	0.00354
15	0.01672	0.01239	0.01326	0.01023	0.01376	0.01374	0.00843	0.76218	0.05930	0.02773	0.01110	0.01103	0.00790	0.00540	0.00448	0.00135	0.00486	0.00408	0.00448	0.00758
16	0.00991	0.00845	0.01044	0.00764	0.01133	0.00709	0.03542	0.05016	0.00979	0.02804	0.00814	0.00958	0.00670	0.00378	0.00424	0.00083	0.06065	0.00293	0.00272	0.72215
17	0.01095	0.01127	0.01887	0.14637	0.46767	0.06659	0.18515	0.01380	0.01025	0.01382	0.00838	0.01121	0.00676	0.00406	0.00459	0.00138	0.00609	0.00419	0.00220	0.00640
18	0.00553	0.00454	0.00486	0.00478	0.00619	0.00388	0.00359	0.00688	0.01076	0.01342	0.22079	0.04085	0.63676	0.01083	0.00528	0.00149	0.00223	0.00913	0.00433	0.00388
19	0.87439	0.00865	0.00657	0.00588	0.00865	0.01003	0.00484	0.01315	0.00761	0.02007	0.00623	0.00727	0.00484	0.00415	0.00277	0.00138	0.00346	0.00242	0.00277	0.00484
20	0.01047	0.02784	0.58964	0.01227	0.06046	0.00958	0.01388	0.01485	0.02462	0.12145	0.02446	0.01182	0.00780	0.04536	0.00520	0.00155	0.00590	0.00377	0.00254	0.00654
21	0.00786	0.00638	0.05180	0.06439	0.04908	0.00552	0.00651	0.01008	0.01145	0.07136	0.42682	0.07135	0.06067	0.00888	0.00523	0.00153	0.00324	0.12884	0.00427	0.00471
22	0.02007	0.00761	0.01038	0.00796	0.01142	0.00657	0.00657	0.02180	0.01280	0.81799	0.01765	0.01523	0.01107	0.00554	0.00450	0.00138	0.00381	0.00450	0.00554	0.00761
23	0.00668	0.00510	0.00729	0.00776	0.00884	0.00490	0.04449	0.00839	0.00988	0.01278	0.02621	0.23629	0.13506	0.01219	0.00590	0.00190	0.00366	0.45458	0.00404	0.00405
24	0.00984	0.02667	0.04245	0.38701	0.32028	0.01042	0.01227	0.02656	0.07704	0.01372	0.02540	0.01225	0.00778	0.00451	0.00444	0.00141	0.00542	0.00410	0.00239	0.00604
25	0.00992	0.01018	0.01586	0.01296	0.01373	0.01329	0.14420	0.01137	0.00748	0.01137	0.00641	0.01018	0.00603	0.00714	0.01308	0.00188	0.69368	0.00415	0.00201	0.00509
26	0.01133	0.00957	0.01016	0.00902	0.01155	0.01098	0.00704	0.08290	0.70511	0.01940	0.05867	0.01709	0.01466	0.00617	0.00458	0.00150	0.00357	0.00513	0.00456	0.00697
27	0.01277	0.02178	0.05549	0.07230	0.21363	0.01912	0.18209	0.09000	0.01181	0.18483	0.05063	0.04408	0.01029	0.00508	0.00469	0.00141	0.00532	0.00484	0.00331	0.00654
28	0.00948	0.06524	0.61001	0.01425	0.09994	0.01103	0.05774	0.01391	0.00943	0.01385	0.00791	0.00965	0.00589	0.00436	0.00479	0.00142	0.04921	0.00346	0.00195	0.00649
29	0.00859	0.00864	0.02873	0.01260	0.01523	0.00817	0.36214	0.01186	0.06468	0.01366	0.01743	0.19570	0.05488	0.00816	0.00564	0.00168	0.01962	0.15422	0.00325	0.00512
30	0.00788	0.00722	0.01288	0.01071	0.01269	0.00686	0.27483	0.04284	0.00992	0.01320	0.01936	0.36113	0.06661	0.05267	0.00641	0.00183	0.00459	0.08030	0.00345	0.00462
31	0.24113	0.02277	0.01899	0.01235	0.22188	0.04890	0.00773	0.04321	0.05043	0.09807	0.07473	0.01507	0.05771	0.04854	0.00500	0.00151	0.00419	0.00434	0.00326	0.02020
32	0.02396	0.03998	0.01204	0.38214	0.07395	0.05242	0.00944	0.09596	0.05823	0.01422	0.05681	0.04092	0.06815	0.04672	0.00540	0.00157	0.00503	0.00491	0.00287	0.00528
33	0.01246	0.41656	0.17111	0.01046	0.05506	0.03718	0.00993	0.18001	0.01175	0.01518	0.00764	0.00868	0.00620	0.00441	0.00402	0.00119	0.03627	0.00306	0.00248	0.00632
34	0.00964	0.00624	0.00787	0.00762	0.05015	0.00556	0.00535	0.05434	0.01033	0.15112	0.02102	0.30187	0.12781	0.04977	0.00569	0.00155	0.00325	0.00771	0.00395	0.16916
35	0.10952	0.02682	0.23791	0.05429	0.09981	0.12287	0.01055	0.02897	0.07853	0.15403	0.02822	0.01145	0.00822	0.00477	0.00416	0.00137	0.00539	0.00371	0.00305	0.00634
36	0.02492	0.00857	0.00835	0.00762	0.00959	0.09746	0.00582	0.09599	0.18958	0.08353	0.07567	0.17174	0.18583	0.00853	0.00487	0.00149	0.00367	0.00715	0.00422	0.00542
37	0.00635	0.00551	0.00558	0.00543	0.00688	0.03512	0.00406	0.00840	0.06535	0.01310	0.14388	0.04727	0.54723	0.03617	0.04807	0.00186	0.00312	0.00842	0.00408	0.00410
38	0.25986	0.00744	0.00736	0.03729	0.06132	0.05547	0.00540	0.01038	0.00999	0.01578	0.17982	0.02365	0.25138	0.00726	0.00429	0.00138	0.00332	0.00583	0.00351	0.04928
39	0.03557	0.01088	0.13745	0.24516	0.26593	0.00949	0.02624	0.04012	0.00982	0.05784	0.00984	0.05278	0.00831	0.04835	0.00565	0.01838	0.00537	0.00444	0.00249	0.00589
40	0.01146	0.07704	0.19858	0.01794	0.35827	0.17474	0.01223	0.01424	0.01057	0.01360	0.05001	0.01149	0.02145	0.00455	0.00425	0.00129	0.00591	0.00379	0.00231	0.00629

[dist]
# distance from previous block
# <min> <max>
9	26

[block]
# block no. 5 follows, 58 sequences, length 32
# corresponding to MSA columns:
# 888-919
name=unknown_F
#
# <colnr> <probs for GDERKNQSTAVLIFYWHMCP>
#	G	D	E	R	K	N	Q	S	T	A	V	L	I	F	Y	W	H	M	C	P
0	0.09044	0.22388	0.08483	0.00906	0.01255	0.11655	0.00819	0.20471	0.05252	0.05328	0.01915	0.01022	0.01713	0.00476	0.00394	0.00121	0.01762	0.00338	0.01380	0.05275
1	0.05751	0.11185	0.53697	0.01077	0.01614	0.01068	0.01289	0.03297	0.04571	0.01463	0.02402	0.01134	0.04283	0.00466	0.00405	0.00133	0.00561	0.00358	0.00232	0.05016
2	0.18155	0.06991	0.54444	0.01091	0.01626	0.06058	0.01299	0.01429	0.00932	0.03077	0.00768	0.00890	0.00562	0.00425	0.00386	0.00137	0.00591	0.00307	0.00216	0.00614
3	0.01156	0.31911	0.24943	0.00958	0.01405	0.09789	0.01001	0.07621	0.01055	0.01368	0.00746	0.00855	0.00601	0.00407	0.00359	0.00109	0.00543	0.00288	0.00227	0.14659
4	0.00655	0.00553	0.00931	0.00858	0.00974	0.00522	0.15177	0.00807	0.00933	0.01261	0.10100	0.56144	0.02589	0.01231	0.03562	0.00192	0.00383	0.02329	0.00381	0.00416
5	0.01504	0.01093	0.01131	0.00895	0.01191	0.03865	0.00729	0.59542	0.01812	0.02501	0.01148	0.01199	0.00842	0.00531	0.00416	0.00127	0.00439	0.00402	0.19959	0.00675
6	0.01774	0.00775	0.01017	0.00775	0.01127	0.00663	0.00636	0.01992	0.04125	0.63953	0.01587	0.01417	0.01034	0.00514	0.00428	0.00126	0.00370	0.00418	0.00496	0.16774
7	0.01041	0.01164	0.02404	0.01753	0.02122	0.01176	0.65218	0.01367	0.00987	0.01367	0.00846	0.01164	0.00662	0.00452	0.00702	0.00159	0.16110	0.00503	0.00221	0.00582
8	0.01093	0.56300	0.29693	0.00940	0.01419	0.01519	0.01070	0.01366	0.00921	0.01178	0.00684	0.00795	0.00572	0.00397	0.00334	0.00111	0.00541	0.00271	0.00191	0.00604
9	0.00564	0.00403	0.00541	0.00645	0.00679	0.00380	0.00448	0.00656	0.00875	0.01163	0.02455	0.75485	0.02917	0.01384	0.00576	0.00184	0.00276	0.09587	0.00415	0.00369
10	0.00605	0.00470	0.00560	0.00583	0.00708	0.00425	0.00464	0.00764	0.01074	0.01373	0.20952	0.06022	0.40940	0.01118	0.00554	0.00164	0.00275	0.22123	0.00432	0.00397
11	0.01196	0.84548	0.02344	0.00765	0.01148	0.01770	0.00765	0.01339	0.00909	0.01052	0.00622	0.00718	0.00574	0.00383	0.00287	0.00096	0.00478	0.00239	0.00191	0.00574
12	0.00651	0.00434	0.00488	0.00488	0.00488	0.00434	0.00271	0.00651	0.00651	0.00867	0.01409	0.02927	0.01626	0.84279	0.02277	0.00434	0.00434	0.00651	0.00271	0.00271
13	0.01700	0.01253	0.01342	0.01029	0.01387	0.01387	0.00850	0.79997	0.02103	0.02819	0.01074	0.01074	0.00761	0.00537	0.00447	0.00134	0.00492	0.00403	0.00447	0.00761
14	0.00928	0.00795	0.00928	0.00663	0.01060	0.00596	0.00530	0.01126	0.00928	0.01458	0.00795	0.00928	0.00663	0.00331	0.00331	0.00066	0.00331	0.00265	0.00265	0.87014
15	0.00579	0.00441	0.00532	0.00540	0.00643	0.00394	0.00393	0.00728	0.01093	0.01455	0.38296	0.21590	0.29502	0.01095	0.00538	0.00153	0.00227	0.00957	0.00450	0.00394
16	0.00702	0.00572	0.00840	0.00803	0.00869	0.00710	0.00637	0.00850	0.00713	0.01045	0.01085	0.01613	0.01020	0.02877	0.67460	0.00622	0.16472	0.00463	0.00231	0.00416
17	0.00845	0.00795	0.01342	0.83204	0.03081	0.00994	0.01242	0.01143	0.00894	0.01143	0.00795	0.01193	0.00596	0.00447	0.00447	0.00149	0.00596	0.00398	0.00199	0.00497
18	0.05696	0.00462	0.00453	0.00441	0.00561	0.00473	0.00335	0.02971	0.00956	0.01715	0.01403	0.01601	0.01100	0.00516	0.00314	0.00107	0.00223	0.00407	0.79836	0.00429
19	0.00624	0.00447	0.00596	0.00689	0.00745	0.00432	0.00511	0.02844	0.00937	0.01241	0.02401	0.60168	0.02794	0.01333	0.00580	0.00187	0.00307	0.22360	0.00415	0.00387
20	0.00982	0.00988	0.01423	0.01204	0.01223	0.01360	0.04255	0.01091	0.00700	0.01091	0.00600	0.00988	0.00591	0.00766	0.01429	0.00194	0.80026	0.00397	0.00197	0.00494
21	0.00529	0.00453	0.00453	0.00453	0.00604	0.00378	0.00340	0.00642	0.01020	0.01208	0.04532	0.04305	0.81307	0.01133	0.00529	0.00151	0.00227	0.00944	0.00415	0.00378
22	0.00890	0.00698	0.00953	0.00861	0.00960	0.00854	0.00691	0.09634	0.00884	0.03842	0.01056	0.01493	0.00952	0.03457	0.47524	0.00487	0.21879	0.00449	0.01962	0.00472
23	0.01283	0.01014	0.01106	0.00947	0.01215	0.01151	0.00762	0.27038	0.44843	0.03760	0.01586	0.01729	0.01240	0.00640	0.00498	0.00152	0.03067	0.06829	0.00443	0.00695
24	0.00630	0.00457	0.00593	0.00559	0.00666	0.00421	0.00420	0.00838	0.01259	0.01776	0.78896	0.03371	0.06589	0.00921	0.00528	0.00141	0.00212	0.00813	0.00490	0.00421
25	0.00575	0.00412	0.00540	0.00633	0.00668	0.00390	0.00426	0.02669	0.00889	0.01185	0.02430	0.81850	0.02902	0.01379	0.00568	0.00180	0.00266	0.01249	0.00416	0.00374
26	0.46604	0.03523	0.02445	0.19504	0.03394	0.09702	0.00763	0.05288	0.00930	0.01696	0.00715	0.00888	0.00555	0.00434	0.00345	0.00136	0.00471	0.00299	0.01792	0.00515
27	0.01297	0.07369	0.23487	0.03729	0.01582	0.01066	0.10281	0.17958	0.05103	0.16474	0.03446	0.01324	0.03820	0.00512	0.00445	0.00138	0.00527	0.00430	0.00344	0.00667
28	0.18908	0.00939	0.02848	0.33231	0.24637	0.01027	0.01079	0.06607	0.00998	0.02974	0.02253	0.01104	0.00690	0.00443	0.00412	0.00141	0.00510	0.00373	0.00250	0.00579
29	0.04054	0.15295	0.32445	0.01063	0.01513	0.17002	0.01113	0.09999	0.01160	0.11045	0.00890	0.00957	0.00652	0.00452	0.00399	0.00128	0.00598	0.00327	0.00271	0.00636
30	0.00994	0.19453	0.07376	0.00851	0.01116	0.02639	0.00748	0.01629	0.33371	0.01445	0.04927	0.01483	0.01187	0.01189	0.19372	0.00268	0.00602	0.00437	0.00324	0.00587
31	0.00650	0.00436	0.00497	0.00497	0.00501	0.00439	0.00283	0.00657	0.00653	0.00874	0.01401	0.02879	0.01605	0.80919	0.05609	0.00446	0.00465	0.00643	0.00270	0.00276

[dist]
# distance from previous block
# <min> <max>
0	2

[block]
# block no. 6 follows, 58 sequences, length 16
# corresponding to MSA columns:
# 922-937
name=unknown_G
#
# <colnr> <probs for GDERKNQSTAVLIFYWHMCP>
#	G	D	E	R	K	N	Q	S	T	A	V	L	I	F	Y	W	H	M	C	P
0	0.00766	0.16886	0.01070	0.00752	0.00887	0.00839	0.00622	0.00919	0.00754	0.01043	0.01053	0.01513	0.00984	0.02638	0.62143	0.00569	0.05468	0.00428	0.00228	0.00438
