[name]
unknown

[dist]
# distance from previous block
# <min> <max>
0	44

[block]
# block no. 0 follows, 52 sequences, length 10
# corresponding to MSA columns:
# 44-53
name=unknown_A
#
# <colnr> <probs for GDERKNQSTAVLIFYWHMCP>
#	G	D	E	R	K	N	Q	S	T	A	V	L	I	F	Y	W	H	M	C	P
0	0.00873	0.00773	0.01204	0.01104	0.01288	0.03895	0.16916	0.01144	0.04039	0.01437	0.02162	0.21038	0.02314	0.01124	0.00622	0.00199	0.00503	0.38474	0.00399	0.00495
1	0.01655	0.01374	0.13376	0.01107	0.01500	0.01261	0.01010	0.38513	0.08424	0.17947	0.01294	0.01286	0.00908	0.00596	0.00575	0.00155	0.07354	0.00443	0.00443	0.00778
2	0.01243	0.01087	0.01541	0.03731	0.37284	0.04558	0.03534	0.06177	0.10278	0.06542	0.02878	0.01538	0.04216	0.03822	0.00588	0.00157	0.02702	0.00481	0.00326	0.07315
3	0.01112	0.00925	0.01062	0.00769	0.01194	0.00756	0.00619	0.11091	0.01168	0.01768	0.00900	0.01025	0.00731	0.00387	0.00375	0.00081	0.00381	0.00306	0.00312	0.75038
4	0.00797	0.03807	0.03631	0.00763	0.02861	0.03040	0.04700	0.00995	0.03442	0.03604	0.15324	0.08080	0.34389	0.11492	0.00793	0.00198	0.00367	0.00838	0.00409	0.00469
5	0.01113	0.00950	0.04224	0.02408	0.01258	0.00810	0.04001	0.10883	0.01148	0.05028	0.01124	0.05047	0.01001	0.08256	0.00659	0.00145	0.03521	0.02166	0.00328	0.45931
6	0.36586	0.10862	0.18752	0.03872	0.03833	0.06643	0.03874	0.03121	0.03071	0.01757	0.00792	0.00937	0.00617	0.00471	0.00417	0.00147	0.03053	0.00325	0.00264	0.00606
7	0.00640	0.00471	0.00629	0.00673	0.00729	0.00446	0.02519	0.00737	0.00940	0.01251	0.08307	0.49566	0.08799	0.16964	0.02746	0.00256	0.00352	0.03171	0.00417	0.00390
8	0.01218	0.72669	0.02314	0.00823	0.01195	0.01750	0.00801	0.01376	0.00958	0.01138	0.00754	0.00922	0.00697	0.00827	0.10646	0.00190	0.00618	0.00292	0.00214	0.00598
9	0.01020	0.00982	0.11083	0.00817	0.01145	0.00742	0.00731	0.09164	0.04212	0.05712	0.27069	0.04657	0.04676	0.00690	0.00481	0.00131	0.00377	0.00583	0.00411	0.25317

[dist]
# distance from previous block
# <min> <max>
0	1

[block]
# block no. 1 follows, 52 sequences, length 45
# corresponding to MSA columns:
# 55-99
name=unknown_B
#
# <colnr> <probs for GDERKNQSTAVLIFYWHMCP>
#	G	D	E	R	K	N	Q	S	T	A	V	L	I	F	Y	W	H	M	C	P
0	0.00804	0.00669	0.00882	0.00934	0.06343	0.04395	0.00648	0.00945	0.00812	0.01125	0.01251	0.02006	0.01227	0.18801	0.51308	0.00609	0.06003	0.00534	0.00262	0.00440
1	0.01840	0.01423	0.01449	0.01124	0.01502	0.07024	0.00922	0.73027	0.02216	0.02924	0.01135	0.01143	0.00810	0.00576	0.00481	0.00144	0.00557	0.00428	0.00468	0.00806
2	0.01100	0.11266	0.52906	0.01361	0.01949	0.07917	0.09357	0.01541	0.01049	0.01450	0.00840	0.01013	0.00631	0.00467	0.00496	0.00148	0.03915	0.00367	0.00214	0.02014
3	0.00692	0.00466	0.00539	0.00551	0.00556	0.00465	0.00319	0.00705	0.00732	0.00978	0.01649	0.12031	0.01910	0.71884	0.04215	0.00447	0.00469	0.00775	0.00310	0.00308
4	0.00939	0.06568	0.01503	0.73666	0.03108	0.01115	0.01281	0.01234	0.00960	0.01219	0.00848	0.01262	0.00650	0.00517	0.00516	0.02816	0.00630	0.00418	0.00215	0.00534
5	0.72695	0.01113	0.00796	0.00717	0.01005	0.12032	0.00577	0.01487	0.00905	0.02030	0.00707	0.00824	0.00556	0.00459	0.00320	0.00146	0.00440	0.00274	0.02389	0.00528
6	0.01537	0.01214	0.04973	0.02373	0.09488	0.05110	0.00929	0.28996	0.15906	0.12792	0.01401	0.03846	0.01056	0.00607	0.00513	0.00151	0.02998	0.00483	0.04882	0.00744
7	0.01298	0.13458	0.27026	0.01240	0.07023	0.01181	0.04689	0.12659	0.04347	0.11713	0.09536	0.01422	0.01195	0.00549	0.00465	0.00145	0.00552	0.00449	0.00346	0.00707
8	0.00646	0.00532	0.00614	0.00586	0.00722	0.00500	0.00447	0.00804	0.01172	0.01519	0.30545	0.04052	0.48187	0.01119	0.00643	0.00163	0.05921	0.00930	0.00462	0.00434
9	0.04532	0.01204	0.05348	0.06680	0.43811	0.05963	0.05948	0.05809	0.03190	0.01586	0.00980	0.03724	0.00834	0.00580	0.00594	0.06102	0.01724	0.00455	0.00265	0.00673
10	0.01042	0.01158	0.06394	0.14853	0.16637	0.01106	0.34224	0.01373	0.01048	0.01443	0.01059	0.06935	0.00911	0.00691	0.04682	0.00195	0.04817	0.00557	0.00250	0.00624
11	0.00706	0.00635	0.06189	0.00663	0.00819	0.00504	0.00550	0.00958	0.01348	0.01915	0.74218	0.03440	0.04298	0.00954	0.00564	0.00152	0.00262	0.00840	0.00511	0.00475
12	0.01005	0.00861	0.01005	0.00718	0.01148	0.00646	0.00574	0.01220	0.01005	0.01579	0.00861	0.01005	0.00718	0.00359	0.00359	0.00072	0.00359	0.00287	0.00287	0.85932
13	0.00663	0.00504	0.00611	0.00583	0.00714	0.00458	0.00437	0.00883	0.02765	0.01762	0.56684	0.03886	0.26164	0.01053	0.00570	0.00156	0.00236	0.00912	0.00509	0.00449
14	0.00586	0.00473	0.00522	0.00550	0.00673	0.00409	0.00397	0.00707	0.01077	0.01338	0.10038	0.25636	0.53324	0.01288	0.00585	0.00172	0.00254	0.01107	0.00456	0.00409
15	0.00915	0.00861	0.01453	0.81804	0.03338	0.01077	0.01346	0.01238	0.00969	0.01238	0.00861	0.01292	0.00646	0.00484	0.00484	0.00161	0.00646	0.00431	0.00215	0.00538
16	0.00649	0.00495	0.00547	0.00539	0.00686	0.00428	0.00402	0.00797	0.01159	0.03485	0.21632	0.09494	0.53569	0.01161	0.00568	0.00162	0.00248	0.00985	0.02565	0.00431
17	0.00704	0.00472	0.00540	0.00540	0.00544	0.00476	0.00308	0.00712	0.00708	0.00948	0.01516	0.03113	0.01736	0.79295	0.06106	0.00484	0.00508	0.00696	0.00292	0.00300
18	0.82491	0.00932	0.00731	0.00648	0.00951	0.01070	0.00533	0.01468	0.00851	0.05792	0.00732	0.00827	0.00556	0.00457	0.00309	0.00150	0.00377	0.00273	0.00314	0.00539
19	0.04477	0.01165	0.01183	0.00942	0.01275	0.06032	0.00761	0.43586	0.05048	0.03625	0.04639	0.01643	0.09498	0.00634	0.00469	0.00138	0.00467	0.00491	0.03081	0.10848
20	0.01358	0.01263	0.01158	0.01028	0.01306	0.14538	0.00799	0.08001	0.57752	0.03248	0.01760	0.01653	0.02693	0.00635	0.00484	0.00156	0.00474	0.00508	0.00453	0.00731
21	0.01360	0.06005	0.03560	0.01182	0.09049	0.04174	0.09176	0.08665	0.01247	0.17655	0.03167	0.05896	0.03456	0.00558	0.00460	0.00129	0.00486	0.00485	0.00371	0.22917
22	0.04000	0.20963	0.12454	0.02411	0.02720	0.12270	0.03998	0.14300	0.11587	0.06464	0.01148	0.02711	0.01862	0.00537	0.00436	0.00139	0.00575	0.00409	0.00332	0.00683
23	0.83273	0.00945	0.00758	0.00723	0.03830	0.01089	0.00560	0.01427	0.00835	0.02153	0.00683	0.00802	0.00534	0.00449	0.00306	0.00150	0.00382	0.00269	0.00298	0.00534
24	0.00958	0.05143	0.12945	0.06968	0.15461	0.00979	0.09345	0.01320	0.05888	0.01573	0.18609	0.03063	0.07109	0.00764	0.03048	0.00175	0.05130	0.00588	0.00329	0.00603
25	0.01210	0.01178	0.01935	0.02870	0.75135	0.03233	0.01458	0.01488	0.01098	0.01558	0.00898	0.01186	0.00759	0.00448	0.00518	0.00146	0.03462	0.00428	0.00239	0.00754
26	0.01376	0.00903	0.01014	0.00864	0.01143	0.00951	0.00685	0.12371	0.32905	0.19300	0.07281	0.02170	0.11558	0.00725	0.00499	0.00155	0.00375	0.00597	0.04419	0.00707
27	0.00903	0.00452	0.00452	0.00452	0.00565	0.00452	0.00339	0.01129	0.01016	0.01807	0.01581	0.01807	0.01242	0.00565	0.00339	0.00113	0.00226	0.00452	0.85659	0.00452
28	0.00819	0.00511	0.00680	0.00708	0.00811	0.00478	0.00524	0.00991	0.02416	0.09966	0.23310	0.42251	0.03280	0.01242	0.00596	0.00182	0.00302	0.09974	0.00489	0.00469
29	0.01066	0.01070	0.01422	0.01226	0.01235	0.04335	0.01009	0.01166	0.00763	0.01153	0.00695	0.01182	0.00705	0.05856	0.01602	0.00225	0.74119	0.00437	0.00218	0.00517
30	0.00624	0.00493	0.00562	0.00545	0.00686	0.00431	0.00409	0.00795	0.01226	0.01598	0.38977	0.04188	0.45501	0.01120	0.00572	0.00159	0.00238	0.00956	0.00488	0.00431
31	0.01060	0.01060	0.01484	0.01272	0.01272	0.01484	0.01060	0.01166	0.00742	0.01166	0.00636	0.01060	0.00636	0.00848	0.01590	0.00212	0.82082	0.00424	0.00212	0.00530
32	0.83047	0.00934	0.00741	0.03814	0.01031	0.01087	0.00557	0.01417	0.00830	0.02138	0.00682	0.00807	0.00530	0.00451	0.00307	0.00150	0.00385	0.00269	0.00297	0.00525
33	0.00764	0.00513	0.00668	0.00619	0.00750	0.00469	0.00468	0.00986	0.01362	0.06255	0.72459	0.03552	0.07328	0.00978	0.00567	0.00153	0.00239	0.00861	0.00534	0.00476
34	0.00701	0.00472	0.00547	0.00550	0.00557	0.00477	0.00319	0.00715	0.00716	0.00960	0.01541	0.05189	0.01762	0.75303	0.07873	0.00484	0.00522	0.00710	0.00295	0.00306
35	0.01005	0.00861	0.01005	0.00718	0.01148	0.00646	0.00574	0.01220	0.01005	0.01579	0.00861	0.01005	0.00718	0.00359	0.00359	0.00072	0.00359	0.00287	0.00287	0.85932
36	0.00692	0.00519	0.00779	0.00779	0.00865	0.00606	0.00606	0.00865	0.00779	0.01125	0.01298	0.01904	0.01211	0.03634	0.81049	0.00779	0.01298	0.00519	0.00260	0.00433
37	0.00650	0.00479	0.00570	0.00613	0.00689	0.00447	0.00435	0.00750	0.00964	0.01237	0.06015	0.23192	0.24809	0.23777	0.01119	0.00265	0.00347	0.12850	0.00410	0.00381
38	0.00701	0.00514	0.00752	0.00752	0.00834	0.00592	0.00577	0.00866	0.00784	0.01141	0.01322	0.01973	0.01244	0.08076	0.73353	0.00735	0.01208	0.00527	0.03623	0.00425
39	0.00615	0.00491	0.00550	0.00539	0.00681	0.00426	0.00403	0.00775	0.01198	0.01539	0.32170	0.06303	0.50302	0.01148	0.00573	0.00160	0.00240	0.00978	0.00480	0.00426
40	0.01005	0.00861	0.01005	0.00718	0.01148	0.00646	0.00574	0.01220	0.01005	0.01579	0.00861	0.01005	0.00718	0.00359	0.00359	0.00072	0.00359	0.00287	0.00287	0.85932
41	0.00755	0.00500	0.00656	0.00657	0.00737	0.00547	0.00491	0.00920	0.00881	0.01354	0.05914	0.07762	0.01592	0.10410	0.38149	0.00469	0.02789	0.00597	0.24393	0.00425
42	0.01208	0.25869	0.13286	0.00933	0.01317	0.03691	0.00894	0.02861	0.16018	0.07437	0.01508	0.01565	0.08437	0.00588	0.00462	0.00135	0.02967	0.01690	0.00332	0.08802
43	0.30921	0.05636	0.11222	0.00975	0.05184	0.01053	0.03829	0.02781	0.07370	0.03961	0.05232	0.01559	0.08880	0.00604	0.00486	0.00153	0.05428	0.00452	0.03686	0.00588
44	0.12126	0.05691	0.09480	0.02951	0.13266	0.06318	0.11788	0.10782	0.05878	0.05305	0.01207	0.01333	0.05074	0.00536	0.00505	0.00149	0.03911	0.00444	0.00315	0.02939

[dist]
# distance from previous block
# <min> <max>
0	5

[block]
# block no. 2 follows, 52 sequences, length 23
# corresponding to MSA columns:
# 105-127
name=unknown_C
#
# <colnr> <probs for GDERKNQSTAVLIFYWHMCP>
#	G	D	E	R	K	N	Q	S	T	A	V	L	I	F	Y	W	H	M	C	P
0	0.04730	0.13148	0.03522	0.06890	0.08135	0.23789	0.00919	0.10528	0.03956	0.07374	0.01190	0.02252	0.05010	0.00542	0.00437	0.00133	0.00594	0.00407	0.00318	0.06124
1	0.00972	0.03325	0.05435	0.00795	0.01023	0.05165	0.02265	0.02884	0.07507	0.06512	0.17963	0.18851	0.08308	0.00886	0.00512	0.00151	0.00374	0.02230	0.05324	0.09519
2	0.07203	0.25820	0.14260	0.01058	0.01466	0.17042	0.05274	0.04097	0.06370	0.03865	0.01017	0.01105	0.03090	0.00489	0.00407	0.00129	0.00596	0.00360	0.00276	0.06076
3	0.07577	0.01216	0.07922	0.12964	0.14971	0.01191	0.09725	0.23098	0.02927	0.01986	0.04805	0.01430	0.04127	0.00560	0.00523	0.00154	0.03333	0.00477	0.00334	0.00679
4	0.04324	0.05101	0.03560	0.00774	0.02854	0.00641	0.02748	0.00990	0.00938	0.07181	0.02150	0.21284	0.11621	0.22764	0.06606	0.00292	0.00469	0.04882	0.00368	0.00453
5	0.02847	0.00627	0.00830	0.00863	0.04160	0.00586	0.00664	0.01238	0.02189	0.17405	0.04711	0.16503	0.12971	0.01097	0.00580	0.00184	0.00379	0.28429	0.00465	0.03273
6	0.00804	0.00710	0.01101	0.02968	0.01168	0.03399	0.10560	0.00997	0.00862	0.01197	0.01320	0.09376	0.01273	0.02678	0.53875	0.00575	0.05802	0.00593	0.00272	0.00470
7	0.01115	0.03918	0.02196	0.18957	0.10452	0.05627	0.40444	0.01480	0.03466	0.01452	0.01046	0.05664	0.00866	0.00500	0.00528	0.00159	0.00707	0.00545	0.00256	0.00624
8	0.00603	0.00459	0.00558	0.00631	0.00715	0.00415	0.00453	0.00714	0.01008	0.01283	0.03445	0.47896	0.29993	0.01399	0.00607	0.00188	0.00285	0.08495	0.00450	0.00404
9	0.06701	0.00892	0.01120	0.00884	0.01234	0.00855	0.00725	0.11327	0.06555	0.57235	0.01724	0.01567	0.01136	0.00757	0.04832	0.00184	0.00471	0.00474	0.00544	0.00783
10	0.04935	0.01203	0.13151	0.05431	0.01506	0.01023	0.00963	0.21950	0.01469	0.30099	0.01520	0.02945	0.02609	0.00645	0.00529	0.00158	0.03337	0.05346	0.00449	0.00731
11	0.07642	0.01340	0.07211	0.01085	0.01464	0.07108	0.03476	0.36301	0.05554	0.19636	0.01261	0.01247	0.00880	0.00567	0.00503	0.00149	0.02945	0.00430	0.00444	0.00759
12	0.00588	0.00447	0.00542	0.00612	0.00688	0.00401	0.00423	0.00690	0.01002	0.01286	0.06170	0.54318	0.28277	0.01404	0.00602	0.00184	0.00268	0.01244	0.00453	0.00401
13	0.01272	0.77274	0.08316	0.00870	0.01307	0.01859	0.00900	0.01457	0.00988	0.01169	0.00688	0.00796	0.00621	0.00418	0.00322	0.00107	0.00533	0.00266	0.00207	0.00629
14	0.01280	0.01280	0.08362	0.13515	0.44230	0.03422	0.01352	0.13739	0.03280	0.03434	0.00985	0.01208	0.00770	0.00477	0.00479	0.00148	0.00591	0.00427	0.00287	0.00735
15	0.05024	0.00880	0.01138	0.00902	0.01230	0.00852	0.00739	0.07297	0.05562	0.59455	0.01751	0.04321	0.01192	0.00646	0.00567	0.00157	0.06468	0.00505	0.00542	0.00774
16	0.00583	0.00461	0.00526	0.00573	0.00677	0.00404	0.00405	0.00692	0.01036	0.01295	0.05889	0.38067	0.44989	0.01346	0.00592	0.00178	0.00260	0.01171	0.00452	0.00404
17	0.01728	0.02110	0.01357	0.01293	0.05687	0.69435	0.00932	0.04521	0.01370	0.01307	0.00819	0.00954	0.00673	0.00502	0.00435	0.00126	0.00810	0.00331	0.05034	0.00576
18	0.00874	0.00768	0.00744	0.00720	0.01991	0.08966	0.00532	0.01181	0.10942	0.04243	0.22194	0.07864	0.35133	0.01005	0.00547	0.00158	0.00337	0.00846	0.00457	0.00500
19	0.01728	0.01169	0.01412	0.01099	0.01461	0.01240	0.06572	0.47692	0.07237	0.17179	0.01435	0.04043	0.01065	0.00626	0.00499	0.00152	0.00507	0.02416	0.01688	0.00779
20	0.00796	0.00582	0.00800	0.00779	0.00881	0.00565	0.05675	0.06563	0.01033	0.03565	0.02326	0.44993	0.06790	0.16813	0.00954	0.00241	0.00383	0.05408	0.00413	0.00440
21	0.57552	0.01140	0.00975	0.00989	0.09382	0.10565	0.00701	0.07785	0.01045	0.02055	0.00779	0.00906	0.00611	0.00469	0.00352	0.00145	0.00463	0.00307	0.03202	0.00577
22	0.03861	0.07281	0.02048	0.06353	0.05130	0.02373	0.33074	0.19235	0.02382	0.01826	0.01050	0.03849	0.00847	0.00684	0.04866	0.00189	0.03479	0.00508	0.00307	0.00660

[dist]
# distance from previous block
# <min> <max>
2	4

[block]
# block no. 3 follows, 52 sequences, length 13
# corresponding to MSA columns:
# 132-144
name=unknown_D
#
# <colnr> <probs for GDERKNQSTAVLIFYWHMCP>
#	G	D	E	R	K	N	Q	S	T	A	V	L	I	F	Y	W	H	M	C	P
0	0.01435	0.01120	0.01305	0.03792	0.03741	0.10528	0.08158	0.10999	0.20497	0.16980	0.13054	0.01828	0.03082	0.00642	0.00504	0.00152	0.00496	0.00547	0.00448	0.00690
1	0.01135	0.01241	0.02528	0.02056	0.13569	0.01208	0.57928	0.01540	0.04113	0.01548	0.01087	0.01381	0.02729	0.00466	0.00612	0.00163	0.05225	0.00554	0.00257	0.00662
2	0.01041	0.01028	0.01432	0.01231	0.01231	0.01428	0.01018	0.01141	0.00740	0.01154	0.00685	0.01177	0.00698	0.05377	0.01639	0.00226	0.77582	0.00440	0.00217	0.00517
3	0.00650	0.00494	0.00598	0.00572	0.00702	0.00442	0.00429	0.00845	0.01286	0.01741	0.55822	0.03953	0.28568	0.01066	0.00572	0.00156	0.00234	0.00923	0.00507	0.00442
4	0.00724	0.00540	0.00733	0.00717	0.00764	0.00617	0.00517	0.00825	0.00747	0.01056	0.01339	0.02337	0.01384	0.34387	0.44563	0.00617	0.06895	0.00585	0.00269	0.00386
5	0.01264	0.06504	0.01865	0.06884	0.55252	0.12048	0.01337	0.01512	0.01103	0.01457	0.00855	0.01125	0.00724	0.00468	0.00531	0.00144	0.05584	0.00404	0.00236	0.00703
6	0.00679	0.00509	0.00558	0.00536	0.00699	0.00435	0.00405	0.00828	0.01178	0.05438	0.21423	0.04279	0.59030	0.01143	0.00568	0.00160	0.00250	0.00963	0.00476	0.00441
7	0.01207	0.01207	0.10131	0.01255	0.01621	0.01083	0.21826	0.18323	0.09646	0.04969	0.11396	0.04022	0.07176	0.00663	0.00562	0.00159	0.03100	0.00602	0.00389	0.00663
8	0.00831	0.00785	0.04265	0.06889	0.07541	0.00733	0.08200	0.01122	0.06753	0.01477	0.11930	0.34941	0.02287	0.00978	0.00587	0.00169	0.03127	0.00887	0.00382	0.06116
9	0.00723	0.00526	0.00645	0.00610	0.00734	0.00501	0.00455	0.01005	0.06237	0.01843	0.60144	0.03470	0.10817	0.04244	0.00628	0.00164	0.00249	0.00836	0.05702	0.00466
10	0.01423	0.01136	0.01515	0.11855	0.26741	0.01228	0.01096	0.36040	0.01607	0.02225	0.01088	0.01257	0.00826	0.00520	0.00468	0.00144	0.00529	0.00436	0.09135	0.00732
11	0.67406	0.00976	0.00924	0.00962	0.10815	0.01093	0.00673	0.04911	0.00955	0.06418	0.00794	0.00903	0.00605	0.00462	0.00341	0.00149	0.00409	0.00304	0.00317	0.00585
12	0.00716	0.00612	0.00812	0.06226	0.12885	0.00581	0.00626	0.00879	0.01071	0.01366	0.09346	0.08958	0.42869	0.06111	0.02924	0.00199	0.00371	0.02584	0.00394	0.00469

[dist]
# distance from previous block
# <min> <max>
0	3

[block]
# block no. 4 follows, 52 sequences, length 64
# corresponding to MSA columns:
# 148-211
name=unknown_E
#
# <colnr> <probs for GDERKNQSTAVLIFYWHMCP>
#	G	D	E	R	K	N	Q	S	T	A	V	L	I	F	Y	W	H	M	C	P
0	0.86392	0.00937	0.00712	0.00637	0.00937	0.01087	0.00525	0.01425	0.00825	0.02174	0.00675	0.00787	0.00525	0.00450	0.00300	0.00150	0.00375	0.00262	0.00300	0.00525
1	0.00694	0.00513	0.00749	0.00749	0.00825	0.00589	0.00568	0.00846	0.00770	0.01103	0.01325	0.02056	0.01277	0.13139	0.71634	0.00742	0.01199	0.00541	0.00264	0.00416
2	0.01060	0.01060	0.01484	0.01272	0.01272	0.01484	0.01060	0.01166	0.00742	0.01166	0.00636	0.01060	0.00636	0.00848	0.01590	0.00212	0.82082	0.00424	0.00212	0.00530
3	0.01240	0.10197	0.18588	0.20759	0.02973	0.02741	0.03873	0.07806	0.05554	0.12196	0.03309	0.05099	0.01005	0.00562	0.00470	0.00150	0.00568	0.00468	0.00324	0.02118
4	0.03166	0.03728	0.03996	0.13670	0.42500	0.06878	0.01277	0.09363	0.01214	0.03018	0.03408	0.01239	0.00855	0.00494	0.00506	0.00147	0.03141	0.00427	0.00276	0.00698
5	0.01085	0.06364	0.51495	0.01544	0.12825	0.05119	0.03353	0.02761	0.01061	0.01516	0.00857	0.01037	0.00648	0.00467	0.00497	0.00147	0.03895	0.00366	0.00222	0.04740
6	0.01108	0.01064	0.01546	0.03792	0.03330	0.01410	0.05610	0.02968	0.03107	0.03219	0.00761	0.01135	0.00695	0.00819	0.02415	0.00209	0.65569	0.00440	0.00239	0.00563
7	0.00958	0.00943	0.01734	0.01411	0.03898	0.00947	0.34242	0.04090	0.03511	0.01470	0.01667	0.28143	0.03989	0.00914	0.02175	0.00189	0.08003	0.00826	0.00332	0.00559
8	0.00700	0.00478	0.00576	0.00579	0.00596	0.00494	0.00356	0.00734	0.00724	0.00981	0.01509	0.04710	0.01690	0.66213	0.17218	0.00522	0.00622	0.00685	0.00291	0.00322
9	0.00637	0.00441	0.00549	0.00616	0.00632	0.00424	0.00387	0.00687	0.00837	0.01117	0.02208	0.50463	0.02621	0.34506	0.01367	0.00307	0.00358	0.01105	0.00387	0.00353
10	0.01189	0.01141	0.01949	0.05770	0.77229	0.01149	0.01482	0.01478	0.01099	0.01571	0.00910	0.01203	0.00763	0.00434	0.00480	0.00145	0.00578	0.00432	0.00239	0.00759
11	0.00590	0.00488	0.00518	0.00518	0.00667	0.00415	0.00386	0.00727	0.01135	0.01399	0.15803	0.08608	0.64658	0.01208	0.00575	0.00164	0.00245	0.01020	0.00462	0.00415
12	0.00754	0.00623	0.03027	0.00794	0.00891	0.00647	0.03323	0.02776	0.00824	0.01159	0.01390	0.06954	0.01411	0.23812	0.45938	0.00589	0.03773	0.00611	0.00282	0.00423
13	0.00674	0.00467	0.00586	0.00646	0.00675	0.00458	0.00435	0.00744	0.00854	0.01134	0.02109	0.32963	0.02445	0.38168	0.03288	0.00337	0.00415	0.12869	0.00375	0.00358
14	0.00694	0.00514	0.00750	0.00750	0.00827	0.00590	0.00570	0.00847	0.00770	0.01104	0.01324	0.02050	0.01275	0.12777	0.71993	0.00743	0.01203	0.00541	0.00264	0.00417
15	0.01680	0.02171	0.06270	0.07210	0.01667	0.67072	0.01016	0.03276	0.02923	0.01263	0.00797	0.00938	0.00646	0.00501	0.00444	0.00131	0.00831	0.00331	0.00254	0.00579
16	0.01000	0.00849	0.00995	0.00715	0.01135	0.00640	0.00570	0.01204	0.00995	0.01559	0.00861	0.01017	0.00721	0.00395	0.00400	0.02380	0.00361	0.00291	0.00285	0.83626
17	0.10534	0.00893	0.01050	0.13728	0.03576	0.07102	0.00781	0.05204	0.02570	0.21701	0.01503	0.09936	0.03040	0.02984	0.12995	0.00259	0.00612	0.00552	0.00383	0.00597
18	0.00719	0.00542	0.00681	0.00715	0.00792	0.00551	0.00535	0.03051	0.00996	0.01307	0.04519	0.27192	0.15976	0.15657	0.02808	0.00256	0.05436	0.17447	0.00406	0.00414
19	0.00697	0.00533	0.00635	0.02779	0.00806	0.00495	0.00475	0.00886	0.02646	0.03823	0.29397	0.08709	0.39945	0.01111	0.00595	0.00164	0.02128	0.03253	0.00471	0.00450
20	0.03470	0.03268	0.01743	0.29414	0.44895	0.01167	0.01360	0.06156	0.01120	0.01562	0.00897	0.01206	0.00719	0.00459	0.00472	0.00149	0.00590	0.00422	0.00247	0.00683
21	0.01053	0.01037	0.01761	0.40527	0.30767	0.02935	0.09673	0.01362	0.01050	0.01397	0.01007	0.01349	0.02996	0.00479	0.00494	0.00155	0.00633	0.00461	0.00235	0.00630
22	0.01761	0.00768	0.01011	0.00823	0.01127	0.00696	0.00661	0.02049	0.08310	0.56532	0.10630	0.08851	0.03079	0.00737	0.00510	0.00156	0.00375	0.00621	0.00568	0.00735
23	0.05524	0.00950	0.05908	0.00859	0.01163	0.00877	0.00729	0.12086	0.15377	0.25279	0.18149	0.02038	0.04023	0.00690	0.00491	0.00152	0.00389	0.00568	0.04059	0.00689
24	0.03010	0.28890	0.17069	0.01129	0.01546	0.23274	0.04957	0.05237	0.03314	0.04867	0.00889	0.01033	0.00716	0.00483	0.00414	0.00130	0.00658	0.01480	0.00264	0.00643
25	0.00597	0.00431	0.00567	0.00674	0.00712	0.00401	0.00459	0.00689	0.00944	0.01249	0.02784	0.75532	0.07183	0.01496	0.00618	0.00196	0.00286	0.04336	0.00450	0.00397
26	0.00620	0.00425	0.00552	0.00652	0.00687	0.00400	0.00437	0.00715	0.00931	0.01280	0.02552	0.73935	0.03004	0.03213	0.00635	0.00196	0.00280	0.01283	0.07806	0.00396
27	0.01088	0.01166	0.05978	0.03162	0.02014	0.01071	0.46656	0.08450	0.01196	0.01629	0.01321	0.10721	0.01198	0.00717	0.02592	0.00185	0.01739	0.06832	0.01673	0.00614
28	0.01760	0.01948	0.01387	0.01234	0.03245	0.53155	0.00932	0.21344	0.07349	0.01731	0.00948	0.01024	0.00741	0.00530	0.00454	0.00133	0.00745	0.00364	0.00327	0.00648
29	0.72907	0.01097	0.07669	0.00787	0.03218	0.01111	0.00678	0.04875	0.00914	0.02142	0.00720	0.00836	0.00553	0.00456	0.00327	0.00150	0.00417	0.00283	0.00298	0.00561
30	0.04103	0.00866	0.01067	0.00861	0.01177	0.00842	0.00696	0.11714	0.11362	0.45493	0.11105	0.03802	0.01622	0.00669	0.00493	0.00152	0.00394	0.00550	0.02285	0.00747
31	0.00638	0.00516	0.00570	0.00553	0.00704	0.00459	0.00416	0.00850	0.04472	0.01558	0.30568	0.04184	0.50543	0.01122	0.00569	0.00160	0.00245	0.00952	0.00481	0.00441
32	0.03396	0.00503	0.00629	0.00697	0.00763	0.00504	0.00510	0.02410	0.00975	0.01384	0.02291	0.46158	0.02588	0.08111	0.00757	0.00212	0.02035	0.15116	0.10543	0.00418
33	0.35091	0.05310	0.01177	0.00970	0.01266	0.34821	0.00767	0.12415	0.01266	0.01835	0.00774	0.00876	0.00613	0.00488	0.00384	0.00137	0.00614	0.00308	0.00300	0.00587
34	0.03078	0.02771	0.07080	0.10002	0.27675	0.01173	0.33892	0.01506	0.03354	0.01545	0.00990	0.02905	0.00795	0.00458	0.00514	0.00156	0.00676	0.00502	0.00250	0.00678
35	0.01159	0.01017	0.01119	0.05007	0.06798	0.11597	0.03494	0.09007	0.07628	0.06274	0.11298	0.05575	0.14061	0.00839	0.03060	0.00168	0.03029	0.00617	0.02494	0.05761
36	0.00689	0.00477	0.00583	0.00602	0.00620	0.00489	0.00380	0.00731	0.00762	0.01028	0.01708	0.17049	0.01953	0.56144	0.11724	0.00451	0.01680	0.02274	0.00319	0.00335
37	0.01157	0.01298	0.02706	0.01951	0.02405	0.02494	0.70620	0.02748	0.01143	0.01555	0.00972	0.01293	0.00738	0.00437	0.00616	0.00164	0.04902	0.00556	0.01598	0.00645
38	0.01044	0.00858	0.00999	0.00732	0.01137	0.00676	0.00584	0.04079	0.02355	0.03126	0.02766	0.02697	0.00889	0.00417	0.00378	0.00082	0.00360	0.00338	0.01698	0.74785
39	0.00969	0.00922	0.01294	0.01135	0.01152	0.01257	0.00930	0.01082	0.00747	0.01146	0.00814	0.01339	0.00810	0.05806	0.17252	0.00337	0.61824	0.00458	0.00226	0.00498
40	0.00972	0.02507	0.80458	0.01381	0.02097	0.01125	0.01790	0.01535	0.01023	0.01535	0.00870	0.01023	0.00614	0.00460	0.00460	0.00153	0.00716	0.00358	0.00205	0.00716
41	0.01928	0.01023	0.01223	0.00951	0.01313	0.01029	0.00781	0.30979	0.06356	0.42970	0.03749	0.01532	0.01167	0.00606	0.00486	0.00149	0.00448	0.00482	0.02023	0.00805
42	0.01060	0.01060	0.01484	0.01272	0.01272	0.01484	0.01060	0.01166	0.00742	0.01166	0.00636	0.01060	0.00636	0.00848	0.01590	0.00212	0.82082	0.00424	0.00212	0.00530
43	0.00601	0.00472	0.00544	0.00568	0.00683	0.00415	0.00410	0.00735	0.01110	0.01421	0.19928	0.26627	0.42240	0.01261	0.00586	0.00171	0.00252	0.01093	0.00467	0.00415
44	0.01203	0.01140	0.01143	0.00865	0.01265	0.13368	0.02486	0.07651	0.01170	0.01637	0.00871	0.01004	0.00712	0.00400	0.00386	0.00088	0.00465	0.00310	0.00296	0.63537
45	0.00697	0.00499	0.00675	0.00675	0.00726	0.00549	0.00477	0.00799	0.00748	0.01048	0.01393	0.02429	0.01439	0.36480	0.48515	0.00651	0.00955	0.00596	0.00274	0.00375
46	0.00794	0.00685	0.00734	0.00687	0.00871	0.00706	0.00529	0.01291	0.24166	0.01556	0.08793	0.03556	0.47339	0.01023	0.00604	0.00166	0.04680	0.00840	0.00456	0.00525
47	0.00618	0.00464	0.00664	0.00734	0.00787	0.00433	0.03812	0.00720	0.00945	0.01257	0.02652	0.75616	0.05005	0.01459	0.00616	0.00195	0.00307	0.02869	0.00441	0.00406
48	0.01146	0.01302	0.02828	0.02076	0.05278	0.01223	0.75466	0.01550	0.01142	0.01553	0.00978	0.01303	0.00736	0.00409	0.00569	0.00163	0.00808	0.00567	0.00245	0.00658
49	0.00705	0.00470	0.00529	0.00529	0.00529	0.00470	0.00294	0.00705	0.00705	0.00940	0.01527	0.03171	0.01762	0.82969	0.02467	0.00470	0.00470	0.00705	0.00294	0.00294
50	0.00766	0.00525	0.00686	0.00757	0.00835	0.00525	0.00609	0.00923	0.00987	0.01321	0.02196	0.04558	0.02388	0.25554	0.01183	0.00290	0.00440	0.49383	0.05675	0.00401
51	0.00600	0.00500	0.00529	0.00543	0.00700	0.00428	0.00422	0.00735	0.01106	0.01327	0.04605	0.04768	0.69773	0.01242	0.00585	0.00171	0.00271	0.10831	0.00450	0.00414
52	0.01296	0.83261	0.02539	0.00829	0.01244	0.01917	0.00829	0.01451	0.00985	0.01140	0.00674	0.00777	0.00622	0.00415	0.00311	0.00104	0.00518	0.00259	0.00207	0.00622
53	0.00694	0.00513	0.00746	0.00746	0.00822	0.00588	0.00565	0.00844	0.00769	0.01101	0.01328	0.02068	0.01283	0.13944	0.70837	0.00739	0.01190	0.00543	0.00264	0.00415
54	0.01797	0.02284	0.01386	0.01287	0.03229	0.79262	0.00948	0.01925	0.01367	0.01195	0.00753	0.00881	0.00627	0.00498	0.00438	0.00125	0.00867	0.00315	0.00249	0.00566
55	0.00592	0.00428	0.00560	0.00661	0.00700	0.00396	0.00445	0.00682	0.00951	0.01259	0.04744	0.75559	0.08262	0.01486	0.00614	0.00194	0.00277	0.01342	0.00452	0.00396
56	0.00782	0.00642	0.00912	0.00861	0.00914	0.00796	0.00670	0.00914	0.00759	0.01108	0.01173	0.01884	0.01153	0.14366	0.50754	0.00599	0.20502	0.00523	0.00253	0.00436
57	0.86392	0.00937	0.00712	0.00637	0.00937	0.01087	0.00525	0.01425	0.00825	0.02174	0.00675	0.00787	0.00525	0.00450	0.00300	0.00150	0.00375	0.00262	0.00300	0.00525
58	0.00781	0.00558	0.00781	0.00892	0.01004	0.00558	0.00781	0.01004	0.01116	0.01450	0.02566	0.05466	0.02789	0.01339	0.00669	0.00223	0.00446	0.76685	0.00446	0.00446
59	0.01836	0.01534	0.01439	0.01140	0.01502	0.16293	0.00924	0.64122	0.02110	0.02707	0.01086	0.01110	0.00787	0.00566	0.00476	0.00142	0.00597	0.00413	0.00441	0.00775
60	0.00942	0.02650	0.00849	0.02479	0.00946	0.14429	0.00591	0.02740	0.02926	0.01214	0.02892	0.14005	0.01747	0.26481	0.13955	0.00356	0.00640	0.08333	0.00328	0.01495
61	0.00609	0.00482	0.00551	0.00575	0.00698	0.00424	0.00426	0.00749	0.01116	0.01414	0.17421	0.20626	0.46008	0.01253	0.00588	0.00172	0.00262	0.05746	0.00464	0.00417
62	0.01279	0.10407	0.09331	0.01360	0.11251	0.25132	0.02285	0.03176	0.02088	0.01355	0.04506	0.06727	0.01034	0.00733	0.03257	0.00172	0.14587	0.00460	0.00268	0.00593
63	0.00658	0.00460	0.00588	0.00637	0.00701	0.00427	0.00439	0.00775	0.01034	0.02868	0.21016	0.46407	0.08851	0.10414	0.00808	0.00214	0.00293	0.02548	0.00455	0.00408

[dist]
# distance from previous block
# <min> <max>
0	2

[block]
# block no. 5 follows, 52 sequences, length 7
# corresponding to MSA columns:
# 214-220
name=unknown_F
#
# <colnr> <probs for GDERKNQSTAVLIFYWHMCP>
#	G	D	E	R	K	N	Q	S	T	A	V	L	I	F	Y	W	H	M	C	P
0	0.01463	0.04493	0.06907	0.06211	0.15950	0.09651	0.12193	0.23060	0.01465	0.08522	0.01121	0.04752	0.00884	0.00543	0.00489	0.00148	0.00615	0.00475	0.00345	0.00712
1	0.04505	0.06018	0.09938	0.01268	0.12045	0.08695	0.02138	0.13484	0.04479	0.06538	0.06789	0.01647	0.04020	0.04611	0.02030	0.00176	0.06538	0.01904	0.02536	0.00640
2	0.00733	0.00507	0.00650	0.00635	0.00754	0.00472	0.00479	0.00918	0.01212	0.05122	0.44854	0.10654	0.15482	0.04264	0.05983	0.00216	0.00338	0.05792	0.00484	0.00452
3	0.01168	0.04141	0.01777	0.12902	0.45181	0.03357	0.06205	0.01435	0.01094	0.04941	0.06164	0.01416	0.01029	0.02548	0.00588	0.00158	0.04478	0.00469	0.00271	0.00677
4	0.00842	0.00712	0.04657	0.04384	0.01022	0.00709	0.03557	0.00981	0.00868	0.04962	0.06650	0.04620	0.04475	0.29820	0.20090	0.00417	0.09860	0.00628	0.00308	0.00441
5	0.00915	0.00861	0.01453	0.81804	0.03338	0.01077	0.01346	0.01238	0.00969	0.01238	0.00861	0.01292	0.00646	0.00484	0.00484	0.00161	0.00646	0.00431	0.00215	0.00538
6	0.05158	0.02933	0.01441	0.14233	0.11474	0.06951	0.09209	0.04699	0.11565	0.01528	0.01371	0.04707	0.06171	0.02071	0.02368	0.02133	0.08910	0.00523	0.01960	0.00595

[dist]
# distance from previous block
# <min> <max>
0	33

[block]
# block no. 6 follows, 52 sequences, length 23
# corresponding to MSA columns:
# 255-277
name=unknown_G
#
# <colnr> <probs for GDERKNQSTAVLIFYWHMCP>
#	G	D	E	R	K	N	Q	S	T	A	V	L	I	F	Y	W	H	M	C	P
0	0.01207	0.01025	0.02438	0.06848	0.23114	0.02275	0.06906	0.05861	0.13482	0.08458	0.04969	0.03548	0.04548	0.00604	0.00519	0.00149	0.02293	0.02599	0.00359	0.08797
1	0.01149	0.01037	0.01692	0.19559	0.50483	0.01066	0.01309	0.03075	0.01095	0.03441	0.00948	0.01233	0.00765	0.00449	0.00466	0.00141	0.00556	0.00421	0.03123	0.07992
2	0.00986	0.01178	0.12688	0.03182	0.01637	0.04705	0.23235	0.03929	0.06790	0.01550	0.04756	0.12177	0.08451	0.00810	0.00559	0.00172	0.00569	0.11700	0.00348	0.00579
3	0.01776	0.01262	0.01371	0.01073	0.01443	0.01388	0.00879	0.60172	0.13760	0.09765	0.01352	0.01304	0.00956	0.00595	0.00486	0.00149	0.00500	0.00458	0.00496	0.00816
4	0.01023	0.00807	0.00922	0.03467	0.01088	0.02322	0.00675	0.09821	0.22254	0.01787	0.10484	0.02408	0.06416	0.03904	0.10683	0.00248	0.03919	0.06934	0.10264	0.00575
5	0.01131	0.00681	0.00706	0.00624	0.00806	0.00721	0.00488	0.18983	0.04071	0.02102	0.01498	0.01658	0.01154	0.00572	0.00378	0.00122	0.00302	0.00452	0.63002	0.00549
6	0.01145	0.01414	0.22191	0.08564	0.17202	0.01100	0.10788	0.06926	0.05977	0.05695	0.01082	0.01357	0.00850	0.04095	0.06144	0.00212	0.03842	0.00457	0.00283	0.00676
7	0.00655	0.00517	0.00602	0.00652	0.00723	0.03058	0.00454	0.00759	0.00965	0.01250	0.07263	0.43263	0.17816	0.09237	0.10187	0.00279	0.00427	0.01081	0.00411	0.00401
8	0.00972	0.02507	0.80458	0.01381	0.02097	0.01125	0.01790	0.01535	0.01023	0.01535	0.00870	0.01023	0.00614	0.00460	0.00460	0.00153	0.00716	0.00358	0.00205	0.00716
9	0.12520	0.00617	0.00724	0.00666	0.00858	0.00587	0.00522	0.01226	0.01199	0.17331	0.28765	0.09279	0.15366	0.00936	0.00525	0.00161	0.00306	0.05925	0.01961	0.00526
10	0.01296	0.83261	0.02539	0.00829	0.01244	0.01917	0.00829	0.01451	0.00985	0.01140	0.00674	0.00777	0.00622	0.00415	0.00311	0.00104	0.00518	0.00259	0.00207	0.00622
11	0.06690	0.00634	0.00734	0.00650	0.00857	0.00601	0.00505	0.01386	0.06728	0.20366	0.22225	0.02809	0.18888	0.02787	0.00543	0.00157	0.00302	0.00691	0.11891	0.00556
12	0.05495	0.00814	0.01261	0.02540	0.10818	0.00856	0.11766	0.05219	0.01057	0.02873	0.07453	0.23246	0.03186	0.03534	0.01799	0.03915	0.09517	0.03773	0.00350	0.00528
13	0.06937	0.00910	0.02501	0.00863	0.01223	0.00832	0.00721	0.13233	0.01452	0.56419	0.01890	0.01707	0.05954	0.00624	0.00477	0.00149	0.00419	0.00497	0.02422	0.00771
14	0.01392	0.03312	0.20497	0.01047	0.01447	0.09533	0.01007	0.27262	0.04834	0.06773	0.03011	0.01583	0.08585	0.00614	0.00470	0.00145	0.00543	0.00475	0.06784	0.00688
15	0.01205	0.23697	0.13384	0.01069	0.01353	0.13265	0.02509	0.04589	0.01012	0.01274	0.00853	0.01242	0.00791	0.10922	0.02757	0.00202	0.18672	0.00393	0.00239	0.00570
16	0.00574	0.00487	0.00495	0.00502	0.00658	0.00408	0.00373	0.00694	0.01094	0.01305	0.04771	0.09487	0.75016	0.01245	0.00576	0.00166	0.00248	0.01045	0.00450	0.00408
17	0.02272	0.00529	0.03517	0.00669	0.00757	0.00446	0.00493	0.00750	0.00991	0.01330	0.08684	0.56916	0.15120	0.02698	0.00627	0.00191	0.00296	0.02859	0.00442	0.00415
18	0.01659	0.02071	0.01275	0.01156	0.01401	0.69865	0.00869	0.01791	0.01344	0.01239	0.04317	0.01228	0.05687	0.00560	0.00448	0.00127	0.00790	0.00379	0.00275	0.03520
19	0.02211	0.04443	0.06407	0.52499	0.08449	0.01070	0.04414	0.01321	0.00997	0.03786	0.00907	0.01253	0.00695	0.00574	0.03175	0.00172	0.00638	0.00418	0.00237	0.06333
20	0.01077	0.02751	0.09395	0.07972	0.07455	0.08380	0.14149	0.02528	0.06546	0.04314	0.02535	0.09964	0.03862	0.10964	0.00788	0.00200	0.02438	0.03793	0.00317	0.00573
21	0.01260	0.02836	0.19946	0.08781	0.01838	0.10951	0.13419	0.09257	0.05174	0.08057	0.04573	0.05933	0.01085	0.00649	0.02432	0.00167	0.00644	0.00503	0.00323	0.02173
22	0.00895	0.07220	0.03304	0.00674	0.00881	0.00651	0.00553	0.03745	0.03060	0.09597	0.15340	0.13099	0.34168	0.01040	0.00544	0.00161	0.00322	0.03784	0.00454	0.00509

[dist]
# distance from previous block
# <min> <max>
0	7

[block]
# block no. 7 follows, 52 sequences, length 21
# corresponding to MSA columns:
# 345-365
name=unknown_H
#
# <colnr> <probs for GDERKNQSTAVLIFYWHMCP>
#	G	D	E	R	K	N	Q	S	T	A	V	L	I	F	Y	W	H	M	C	P
0	0.33833	0.10690	0.04487	0.01061	0.07087	0.09903	0.02793	0.13355	0.05818	0.03173	0.03089	0.01059	0.00799	0.00499	0.00393	0.00142	0.00507	0.00356	0.00325	0.00632
1	0.09859	0.03326	0.17215	0.03082	0.05654	0.06299	0.00890	0.02558	0.04080	0.01493	0.01858	0.23486	0.08831	0.02279	0.00539	0.00170	0.00473	0.05436	0.00342	0.02130
2	0.06796	0.14144	0.05310	0.00928	0.02171	0.01000	0.04779	0.04894	0.01082	0.07291	0.07306	0.13136	0.08632	0.02263	0.02146	0.00180	0.09640	0.06244	0.01508	0.00552
3	0.01077	0.01151	0.18449	0.01074	0.05292	0.00863	0.02279	0.08301	0.09789	0.09579	0.06820	0.22157	0.04746	0.00874	0.00556	0.00168	0.02258	0.03541	0.00405	0.00621
4	0.01810	0.02310	0.01373	0.01248	0.01498	0.81024	0.00936	0.01935	0.01373	0.01186	0.00749	0.00874	0.00624	0.00499	0.00437	0.00125	0.00874	0.00312	0.00250	0.00562
5	0.01101	0.00918	0.01057	0.00763	0.01189	0.00745	0.00614	0.10087	0.01151	0.01749	0.00896	0.01023	0.00730	0.00385	0.00373	0.00080	0.00379	0.00304	0.00310	0.76146
6	0.86392	0.00937	0.00712	0.00637	0.00937	0.01087	0.00525	0.01425	0.00825	0.02174	0.00675	0.00787	0.00525	0.00450	0.00300	0.00150	0.00375	0.00262	0.00300	0.00525
7	0.00582	0.00454	0.00529	0.00588	0.00680	0.00401	0.00411	0.00685	0.01011	0.01271	0.03725	0.45924	0.39253	0.01381	0.00597	0.00181	0.00264	0.01211	0.00450	0.00401
8	0.01462	0.04048	0.19323	0.03175	0.04464	0.02905	0.02168	0.03161	0.01263	0.33711	0.13414	0.01894	0.03483	0.00641	0.00495	0.00151	0.00487	0.02619	0.00437	0.00697
9	0.05585	0.03614	0.11489	0.01013	0.01401	0.10218	0.00912	0.18707	0.01461	0.33618	0.01352	0.01325	0.00930	0.00735	0.05272	0.00183	0.00585	0.00425	0.00438	0.00738
10	0.00595	0.00484	0.00528	0.00545	0.00682	0.00417	0.00405	0.00727	0.01107	0.01370	0.12323	0.15962	0.57872	0.01249	0.00583	0.00169	0.00256	0.03853	0.00459	0.00413
11	0.00844	0.00491	0.00760	0.13611	0.01067	0.00525	0.00570	0.00730	0.00697	0.00920	0.00916	0.04581	0.00902	0.01485	0.01619	0.68880	0.00451	0.00459	0.00220	0.00270
12	0.01364	0.08421	0.32142	0.02851	0.09236	0.25387	0.02421	0.04067	0.01186	0.05403	0.00880	0.01021	0.00671	0.00485	0.00473	0.00141	0.02573	0.00358	0.00251	0.00668
13	0.01189	0.33289	0.26518	0.01324	0.01841	0.06238	0.20278	0.01531	0.01059	0.01366	0.00814	0.00990	0.00648	0.00432	0.00429	0.00135	0.00674	0.00370	0.00218	0.00655
14	0.00926	0.02275	0.71263	0.01279	0.01931	0.01043	0.01627	0.01438	0.01032	0.01509	0.01334	0.01442	0.09713	0.00549	0.00473	0.00155	0.00662	0.00435	0.00233	0.00681
15	0.01170	0.01276	0.05714	0.21804	0.30268	0.12578	0.08161	0.02984	0.01127	0.01446	0.01035	0.04216	0.00901	0.00543	0.00497	0.00154	0.00647	0.04582	0.00257	0.00639
16	0.01244	0.03327	0.09856	0.06421	0.12614	0.04086	0.15429	0.04370	0.03334	0.13822	0.03811	0.08857	0.02555	0.00689	0.02249	0.00170	0.03182	0.00566	0.02766	0.00652
17	0.00878	0.00811	0.01351	0.72476	0.03035	0.00998	0.01243	0.01173	0.00964	0.01238	0.01069	0.10647	0.00940	0.00603	0.00500	0.00166	0.00604	0.00540	0.00242	0.00522
18	0.01042	0.00953	0.01429	0.67986	0.03003	0.03600	0.01262	0.10110	0.01131	0.01445	0.00938	0.03300	0.00730	0.00522	0.00486	0.00159	0.00631	0.00451	0.00253	0.00568
19	0.01160	0.02523	0.09414	0.26419	0.11155	0.02808	0.08726	0.02864	0.10075	0.09883	0.03281	0.05604	0.01101	0.00586	0.00501	0.00159	0.00574	0.02201	0.00323	0.00646
20	0.03196	0.14838	0.07858	0.04626	0.13404	0.07994	0.13664	0.01650	0.01154	0.17885	0.02424	0.04262	0.01014	0.00551	0.00473	0.00147	0.00586	0.03274	0.00329	0.00671

[dist]
# distance from previous block
# <min> <max>
2	17

[block]
# block no. 8 follows, 52 sequences, length 12
# corresponding to MSA columns:
# 383-394
name=unknown_I
#
# <colnr> <probs for GDERKNQSTAVLIFYWHMCP>
#	G	D	E	R	K	N	Q	S	T	A	V	L	I	F	Y	W	H	M	C	P
0	0.01513	0.05731	0.01510	0.05718	0.01579	0.01293	0.06858	0.47953	0.01780	0.02410	0.01134	0.05200	0.00898	0.00566	0.00469	0.00137	0.00521	0.00461	0.00403	0.13867
1	0.01132	0.04468	0.04372	0.03357	0.06377	0.03069	0.37178	0.05247	0.01176	0.03740	0.04436	0.06307	0.01175	0.00573	0.00526	0.00152	0.00629	0.05504	0.00305	0.10279
2	0.05703	0.00718	0.06839	0.00732	0.00894	0.02050	0.00596	0.01001	0.02984	0.06364	0.04101	0.35551	0.17039	0.05845	0.00673	0.00196	0.00359	0.07464	0.00421	0.00469
3	0.05606	0.03374	0.20920	0.04759	0.01509	0.01031	0.04184	0.15569	0.10365	0.05360	0.03525	0.18782	0.01442	0.00750	0.00500	0.00162	0.00502	0.00638	0.00376	0.00648
4	0.00911	0.03351	0.09939	0.01078	0.07592	0.02601	0.02845	0.04140	0.01048	0.01468	0.08689	0.16496	0.03458	0.01276	0.13277	0.00255	0.06683	0.04144	0.00331	0.10418
5	0.01089	0.00947	0.04354	0.00951	0.03127	0.00859	0.06201	0.15094	0.06896	0.01866	0.08973	0.05403	0.03731	0.00832	0.06501	0.00176	0.00486	0.00519	0.06407	0.25592
6	0.00999	0.00901	0.03473	0.03553	0.08455	0.07266	0.04597	0.05444	0.01093	0.04221	0.01728	0.30786	0.03514	0.05594	0.00625	0.00171	0.00446	0.00780	0.03594	0.12760
7	0.01483	0.01284	0.07257	0.01060	0.01426	0.01300	0.00907	0.41092	0.26887	0.02457	0.01393	0.01383	0.01030	0.00708	0.03703	0.00174	0.00521	0.00462	0.00447	0.05026
8	0.06026	0.07870	0.02082	0.01466	0.01856	0.04407	0.41955	0.05634	0.01142	0.01583	0.01152	0.12024	0.01042	0.00568	0.00510	0.00151	0.00637	0.00590	0.00290	0.09015
9	0.11845	0.06328	0.22378	0.01269	0.07778	0.15096	0.02984	0.10189	0.04354	0.01712	0.02759	0.01174	0.02770	0.00529	0.00495	0.00145	0.04673	0.00390	0.00287	0.02842
10	0.03684	0.00940	0.01338	0.57397	0.06165	0.06366	0.01168	0.01267	0.00999	0.01320	0.01038	0.02906	0.03173	0.00532	0.00495	0.00154	0.02495	0.00449	0.04160	0.03956
11	0.07568	0.00980	0.01115	0.03597	0.10563	0.06913	0.02740	0.07474	0.11445	0.01729	0.08447	0.04606	0.10301	0.02523	0.00535	0.00149	0.01725	0.01809	0.01613	0.14168

[dist]
# distance from previous block
# <min> <max>
2	5

[block]
# block no. 9 follows, 52 sequences, length 21
# corresponding to MSA columns:
# 400-420
name=unknown_J
#
# <colnr> <probs for GDERKNQSTAVLIFYWHMCP>
#	G	D	E	R	K	N	Q	S	T	A	V	L	I	F	Y	W	H	M	C	P
0	0.01001	0.01007	0.11436	0.05105	0.03883	0.00740	0.02911	0.04093	0.01124	0.05875	0.11369	0.10095	0.03724	0.00646	0.00466	0.00127	0.00423	0.01851	0.00350	0.33774
1	0.01252	0.04219	0.01133	0.00947	0.01217	0.01166	0.00745	0.10307	0.56501	0.04627	0.01817	0.04423	0.01421	0.03274	0.02649	0.00185	0.00425	0.00552	0.02415	0.00726
2	0.01241	0.16447	0.24653	0.04484	0.10803	0.13959	0.01194	0.04659	0.02415	0.03345	0.02836	0.03732	0.00859	0.00518	0.00462	0.00137	0.02370	0.00397	0.00263	0.05227
3	0.01634	0.01397	0.01292	0.01068	0.01391	0.16327	0.00851	0.39116	0.20095	0.05392	0.01499	0.01461	0.05034	0.00618	0.00482	0.00147	0.00543	0.00471	0.00445	0.00740
4	0.01125	0.34518	0.28683	0.01132	0.01541	0.01536	0.01215	0.01405	0.00935	0.01281	0.00730	0.00934	0.00623	0.00543	0.00694	0.00149	0.21784	0.00336	0.00208	0.00630
5	0.00886	0.00766	0.03760	0.06444	0.07204	0.04699	0.00677	0.02423	0.01116	0.06915	0.11574	0.13181	0.27022	0.03441	0.07499	0.00222	0.00464	0.00805	0.00398	0.00504
6	0.00945	0.00809	0.01139	0.01248	0.15495	0.04868	0.06914	0.03534	0.01026	0.03238	0.04920	0.07118	0.06945	0.16507	0.17489	0.00346	0.00671	0.05950	0.00325	0.00513
7	0.00789	0.00667	0.01080	0.00942	0.01057	0.00720	0.12916	0.00939	0.00826	0.01154	0.01373	0.08886	0.01410	0.24761	0.33184	0.00500	0.07441	0.00644	0.00279	0.00434
8	0.03545	0.01252	0.17127	0.22790	0.20186	0.01033	0.09242	0.01350	0.01039	0.03145	0.01258	0.05682	0.04975	0.00588	0.00521	0.00160	0.02181	0.03038	0.00264	0.00627
9	0.03185	0.02918	0.16900	0.04167	0.08615	0.14823	0.15315	0.06107	0.09827	0.09171	0.01224	0.01328	0.03164	0.00520	0.00484	0.00150	0.00646	0.00452	0.00318	0.00684
10	0.01139	0.00898	0.03731	0.17818	0.18490	0.00863	0.07833	0.01396	0.01123	0.15103	0.04155	0.08114	0.09225	0.00726	0.00528	0.00164	0.00510	0.07204	0.00360	0.00618
11	0.00602	0.00432	0.00553	0.00645	0.00680	0.00403	0.00426	0.00680	0.00915	0.01208	0.02696	0.68176	0.08363	0.10776	0.00826	0.00226	0.00300	0.01276	0.00432	0.00383
