[name]
unknown

[dist]
# distance from previous block
# <min> <max>
4	441

[block]
# block no. 0 follows, 51 sequences, length 16
# corresponding to MSA columns:
# 529-544
name=unknown_A
#
# <colnr> <probs for GDERKNQSTAVLIFYWHMCP>
#	G	D	E	R	K	N	Q	S	T	A	V	L	I	F	Y	W	H	M	C	P
0	0.00953	0.04126	0.01039	0.04344	0.03923	0.06191	0.01910	0.06652	0.01076	0.01426	0.09991	0.11452	0.05156	0.11012	0.14484	0.02350	0.07481	0.03607	0.00342	0.02484
1	0.01356	0.40099	0.14776	0.00989	0.01438	0.11361	0.00979	0.06384	0.01156	0.04595	0.00833	0.00933	0.00680	0.00449	0.00381	0.00116	0.00578	0.00310	0.00260	0.12326
2	0.03782	0.04578	0.06036	0.10157	0.05219	0.05017	0.02121	0.09070	0.04152	0.01581	0.03651	0.19243	0.01492	0.06248	0.03005	0.00192	0.01774	0.00647	0.00340	0.11696
3	0.05892	0.07725	0.14532	0.08906	0.12357	0.14033	0.03901	0.06679	0.07149	0.04693	0.01055	0.02983	0.00862	0.04118	0.00583	0.00164	0.02987	0.00432	0.00294	0.00656
4	0.00960	0.00735	0.02571	0.00878	0.02870	0.03518	0.03344	0.04264	0.05740	0.09492	0.05265	0.36118	0.12167	0.01153	0.00583	0.00182	0.00384	0.08799	0.00453	0.00525
5	0.00916	0.00458	0.00458	0.00458	0.00573	0.00458	0.00344	0.01145	0.01031	0.01832	0.01603	0.01832	0.01260	0.00573	0.00344	0.00115	0.00229	0.00458	0.85457	0.00458
6	0.01305	0.17521	0.14507	0.05829	0.04791	0.05232	0.10537	0.06550	0.01182	0.12254	0.04223	0.01419	0.03681	0.00693	0.02699	0.05562	0.00604	0.00451	0.00315	0.00644
7	0.03681	0.04830	0.06369	0.07895	0.04769	0.13445	0.02302	0.03298	0.00999	0.03056	0.00879	0.01201	0.00761	0.01100	0.13518	0.00263	0.25400	0.00408	0.00253	0.05576
8	0.00706	0.00520	0.00692	0.00828	0.05704	0.00504	0.00519	0.03870	0.00975	0.01308	0.02366	0.62546	0.02785	0.13172	0.00884	0.00234	0.00342	0.01199	0.00421	0.00426
9	0.05104	0.00925	0.01365	0.07650	0.27761	0.00915	0.01015	0.05589	0.01256	0.22888	0.07581	0.02010	0.02866	0.00646	0.00506	0.00156	0.00481	0.08027	0.00405	0.02854
10	0.01110	0.26143	0.15039	0.01146	0.08266	0.03445	0.03515	0.01395	0.02540	0.01405	0.00946	0.03933	0.00829	0.00737	0.07155	0.00174	0.00601	0.00382	0.00253	0.20987
11	0.01136	0.09786	0.01530	0.04023	0.05203	0.05813	0.12059	0.08268	0.04806	0.01582	0.03153	0.05072	0.04677	0.03106	0.05854	0.00190	0.04349	0.01487	0.00315	0.17590
12	0.06651	0.15728	0.08499	0.02629	0.11966	0.09617	0.00949	0.04623	0.08462	0.04371	0.00979	0.01090	0.00779	0.00462	0.00410	0.00123	0.00527	0.00354	0.00297	0.21485
13	0.00849	0.00870	0.08941	0.14172	0.03966	0.00745	0.00847	0.02293	0.07696	0.01466	0.04604	0.28247	0.04385	0.02870	0.00589	0.00177	0.00437	0.07228	0.00371	0.09248
14	0.01095	0.10406	0.21347	0.01162	0.06735	0.09119	0.01041	0.05494	0.03188	0.01468	0.03420	0.08013	0.05489	0.06590	0.03601	0.00197	0.06499	0.00529	0.00293	0.04315
15	0.09055	0.05886	0.14648	0.07245	0.04260	0.06064	0.03444	0.08599	0.02245	0.06841	0.01227	0.06945	0.02676	0.04249	0.01651	0.00170	0.02944	0.01490	0.00320	0.10043

[dist]
# distance from previous block
# <min> <max>
1	18

[block]
# block no. 1 follows, 51 sequences, length 14
# corresponding to MSA columns:
# 563-576
name=unknown_B
#
# <colnr> <probs for GDERKNQSTAVLIFYWHMCP>
#	G	D	E	R	K	N	Q	S	T	A	V	L	I	F	Y	W	H	M	C	P
0	0.03295	0.20604	0.07841	0.04521	0.05065	0.08988	0.03919	0.05169	0.02419	0.02767	0.06949	0.01626	0.03701	0.00583	0.00463	0.00133	0.01994	0.05358	0.00306	0.14298
1	0.01124	0.08133	0.02690	0.00803	0.01141	0.00835	0.02949	0.06193	0.06505	0.09348	0.14686	0.02030	0.11025	0.00645	0.00460	0.00124	0.00381	0.00536	0.00401	0.29990
2	0.04568	0.12710	0.07454	0.04255	0.06102	0.04759	0.06672	0.09619	0.01191	0.02750	0.04118	0.05811	0.01026	0.00615	0.02650	0.00144	0.00535	0.00441	0.00308	0.24273
3	0.01464	0.02612	0.17499	0.01096	0.04948	0.03587	0.02352	0.09593	0.04821	0.23725	0.01445	0.01439	0.04554	0.00541	0.00462	0.00136	0.00506	0.00437	0.00395	0.18386
4	0.00765	0.04115	0.04460	0.00730	0.00889	0.00628	0.00592	0.01080	0.09363	0.01613	0.28228	0.20473	0.13458	0.02882	0.00617	0.00179	0.00325	0.08648	0.00463	0.00491
5	0.07149	0.00853	0.01114	0.00866	0.01237	0.00767	0.00713	0.02348	0.04793	0.71938	0.01867	0.01628	0.01188	0.00602	0.00483	0.00153	0.00415	0.00483	0.00585	0.00816
6	0.00749	0.00559	0.00745	0.00683	0.00817	0.00526	0.05025	0.00889	0.01037	0.04643	0.15191	0.06292	0.28864	0.19122	0.12379	0.00320	0.00490	0.00834	0.00402	0.00433
7	0.00655	0.00489	0.00609	0.00604	0.00716	0.00442	0.00443	0.00839	0.01257	0.01713	0.50623	0.17441	0.20066	0.01147	0.00588	0.00165	0.00245	0.01007	0.00509	0.00442
8	0.01118	0.01129	0.03862	0.37629	0.34405	0.03838	0.05953	0.03526	0.01101	0.01475	0.00906	0.01247	0.00714	0.00467	0.00492	0.00155	0.00643	0.00440	0.00239	0.00662
9	0.00690	0.00488	0.00569	0.00569	0.00611	0.00487	0.00360	0.00738	0.00796	0.01046	0.02103	0.03277	0.15067	0.56449	0.14312	0.00472	0.00568	0.00741	0.00320	0.00340
10	0.01360	0.01062	0.01170	0.01044	0.03103	0.01185	0.00813	0.19878	0.46495	0.05860	0.04098	0.02028	0.02947	0.00710	0.00514	0.00165	0.00427	0.05891	0.00494	0.00755
11	0.01169	0.00901	0.01125	0.00822	0.01246	0.00723	0.04184	0.01462	0.05685	0.10294	0.01064	0.01154	0.00829	0.00411	0.00396	0.00091	0.00393	0.00343	0.00337	0.67371
12	0.03203	0.15458	0.01525	0.01008	0.01381	0.14651	0.00835	0.30690	0.06124	0.03641	0.01022	0.01075	0.00788	0.00508	0.00427	0.00124	0.00549	0.00367	0.00366	0.16258
13	0.01410	0.07140	0.12436	0.05916	0.05068	0.23996	0.04594	0.06482	0.03525	0.09565	0.09515	0.01534	0.04201	0.00594	0.00497	0.00145	0.01937	0.00467	0.00337	0.00640

[dist]
# distance from previous block
# <min> <max>
92	312

[block]
# block no. 2 follows, 51 sequences, length 18
# corresponding to MSA columns:
# 1223-1240
name=unknown_C
#
# <colnr> <probs for GDERKNQSTAVLIFYWHMCP>
#	G	D	E	R	K	N	Q	S	T	A	V	L	I	F	Y	W	H	M	C	P
0	0.05620	0.07336	0.12104	0.05540	0.01661	0.05404	0.12409	0.12106	0.02370	0.11059	0.03474	0.03142	0.03579	0.00559	0.00473	0.00143	0.00562	0.01501	0.00349	0.10610
1	0.20549	0.09511	0.11708	0.09752	0.02985	0.15862	0.05045	0.08325	0.01182	0.04945	0.00870	0.01017	0.00667	0.00478	0.00417	0.00140	0.00604	0.00352	0.00288	0.05304
2	0.23936	0.02697	0.04370	0.10322	0.04648	0.02281	0.00796	0.05291	0.03458	0.18713	0.03626	0.11144	0.01217	0.00649	0.00449	0.00154	0.00446	0.00522	0.00390	0.04890
3	0.14431	0.00577	0.00642	0.00649	0.00799	0.00563	0.00501	0.00961	0.01119	0.03670	0.21996	0.17609	0.22458	0.01109	0.00555	0.00175	0.00304	0.10969	0.00456	0.00459
4	0.00770	0.10546	0.00970	0.00767	0.00884	0.00749	0.00604	0.00922	0.00820	0.01136	0.01361	0.07838	0.01351	0.09646	0.58628	0.00637	0.01075	0.00574	0.00274	0.00448
5	0.01361	0.10992	0.01332	0.06910	0.01428	0.01246	0.00822	0.07830	0.47007	0.11031	0.01678	0.01635	0.01257	0.02647	0.00525	0.00164	0.00442	0.00500	0.00451	0.00742
6	0.07316	0.12210	0.64881	0.01277	0.01935	0.01236	0.01602	0.01538	0.01018	0.01556	0.00843	0.00990	0.00617	0.00460	0.00436	0.00149	0.00676	0.00344	0.00215	0.00700
7	0.73057	0.10926	0.00962	0.00678	0.00998	0.01192	0.00576	0.01480	0.00875	0.04692	0.00726	0.00826	0.00567	0.00457	0.00312	0.00146	0.00399	0.00273	0.00303	0.00554
8	0.75879	0.10930	0.00948	0.00670	0.00988	0.01205	0.00570	0.01448	0.00856	0.02077	0.00684	0.00797	0.00544	0.00452	0.00305	0.00146	0.00398	0.00266	0.00293	0.00544
9	0.00746	0.00609	0.00736	0.06629	0.00996	0.02396	0.00545	0.00905	0.01075	0.01443	0.16769	0.26432	0.15948	0.05779	0.00665	0.00178	0.00340	0.03637	0.00415	0.13759
10	0.00752	0.00711	0.06550	0.00729	0.00903	0.00593	0.00603	0.01108	0.10644	0.01704	0.35651	0.16296	0.15737	0.01068	0.00575	0.00169	0.00311	0.04916	0.00479	0.00502
11	0.00905	0.00964	0.08845	0.12271	0.09111	0.03200	0.06985	0.02669	0.02681	0.01347	0.01669	0.05372	0.10637	0.06564	0.18985	0.04072	0.00728	0.02175	0.00293	0.00528
12	0.01056	0.02367	0.02938	0.01015	0.06908	0.00745	0.04420	0.05820	0.04404	0.09575	0.09335	0.16746	0.08015	0.00888	0.00535	0.00158	0.00407	0.10129	0.00421	0.14117
13	0.03253	0.06968	0.04040	0.02425	0.03726	0.03576	0.00748	0.10441	0.11248	0.01751	0.01219	0.08632	0.01078	0.02470	0.00478	0.00128	0.00438	0.00462	0.00344	0.36574
14	0.04543	0.15375	0.18133	0.06142	0.13704	0.08876	0.04698	0.03149	0.02649	0.12862	0.01030	0.01157	0.00775	0.00548	0.02122	0.00154	0.00622	0.00390	0.00296	0.02775
15	0.01064	0.11118	0.10509	0.04852	0.03882	0.03770	0.02856	0.06283	0.02253	0.04600	0.04004	0.11701	0.01416	0.10921	0.06804	0.00242	0.05461	0.03176	0.00322	0.04766
16	0.07911	0.16481	0.10798	0.13182	0.12304	0.03358	0.10626	0.10772	0.01203	0.01681	0.02862	0.03069	0.00847	0.00503	0.00453	0.00145	0.00596	0.00429	0.00279	0.02502
17	0.23962	0.13091	0.05009	0.05851	0.03567	0.08599	0.03961	0.06987	0.09546	0.05890	0.03220	0.01358	0.04354	0.02106	0.00459	0.00152	0.00511	0.00417	0.00335	0.00624

[dist]
# distance from previous block
# <min> <max>
9	42

[block]
# block no. 3 follows, 51 sequences, length 30
# corresponding to MSA columns:
# 1285-1314
name=unknown_D
#
# <colnr> <probs for GDERKNQSTAVLIFYWHMCP>
#	G	D	E	R	K	N	Q	S	T	A	V	L	I	F	Y	W	H	M	C	P
0	0.06109	0.04629	0.17523	0.05437	0.01534	0.20381	0.01023	0.09322	0.04025	0.05198	0.01125	0.05730	0.00948	0.01086	0.13545	0.00252	0.00760	0.00452	0.00306	0.00617
1	0.04068	0.10531	0.11184	0.03488	0.01224	0.06704	0.00834	0.03360	0.03948	0.03356	0.02107	0.19590	0.10396	0.00973	0.00535	0.00173	0.00473	0.16145	0.00373	0.00539
2	0.01083	0.00606	0.00802	0.02648	0.00941	0.00586	0.00573	0.06632	0.01067	0.16091	0.01908	0.30147	0.01962	0.06817	0.00979	0.17603	0.00393	0.06531	0.00418	0.02213
3	0.80035	0.00970	0.00764	0.00677	0.00983	0.01122	0.00556	0.04290	0.03714	0.02232	0.00750	0.00850	0.00578	0.00469	0.00318	0.00152	0.00386	0.00283	0.00318	0.00552
4	0.00715	0.00476	0.00536	0.00536	0.00536	0.00476	0.00298	0.00715	0.00715	0.00953	0.01548	0.03216	0.01787	0.82729	0.02501	0.00476	0.00476	0.00715	0.00298	0.00298
5	0.01297	0.01133	0.01791	0.02336	0.50901	0.01157	0.05967	0.05294	0.14861	0.06689	0.01230	0.01451	0.00978	0.00514	0.00499	0.00153	0.00549	0.02099	0.00328	0.00771
6	0.00928	0.00873	0.01474	0.81548	0.03385	0.01092	0.01365	0.01256	0.00983	0.01256	0.00873	0.01310	0.00655	0.00491	0.00491	0.00164	0.00655	0.00437	0.00218	0.00546
7	0.01000	0.00940	0.01406	0.38947	0.05874	0.01108	0.01123	0.01244	0.00936	0.01329	0.00816	0.01180	0.00674	0.00558	0.00759	0.00156	0.21981	0.00403	0.00235	0.19331
8	0.00986	0.02542	0.80183	0.01401	0.02127	0.01141	0.01816	0.01556	0.01038	0.01556	0.00882	0.01038	0.00623	0.00467	0.00467	0.00156	0.00726	0.00363	0.00208	0.00726
9	0.00928	0.00873	0.01474	0.81548	0.03385	0.01092	0.01365	0.01256	0.00983	0.01256	0.00873	0.01310	0.00655	0.00491	0.00491	0.00164	0.00655	0.00437	0.00218	0.00546
10	0.00704	0.12603	0.00866	0.00707	0.00794	0.00627	0.00513	0.00800	0.00949	0.01240	0.02410	0.70378	0.02864	0.01375	0.00581	0.00186	0.00321	0.01230	0.00420	0.00433
11	0.01314	0.83025	0.02575	0.00841	0.01261	0.01945	0.00841	0.01472	0.00999	0.01156	0.00683	0.00788	0.00631	0.00420	0.00315	0.00105	0.00526	0.00263	0.00210	0.00631
12	0.00696	0.00502	0.00657	0.00618	0.00734	0.00464	0.00464	0.00927	0.01391	0.01971	0.79405	0.03671	0.04637	0.01005	0.00580	0.00155	0.00232	0.00889	0.00541	0.00464
13	0.01216	0.01168	0.01995	0.03016	0.79664	0.01168	0.01508	0.01508	0.01119	0.01605	0.00924	0.01216	0.00778	0.00438	0.00487	0.00146	0.00584	0.00438	0.00243	0.00778
14	0.01216	0.01168	0.01995	0.03016	0.79664	0.01168	0.01508	0.01508	0.01119	0.01605	0.00924	0.01216	0.00778	0.00438	0.00487	0.00146	0.00584	0.00438	0.00243	0.00778
15	0.01019	0.00873	0.01019	0.00728	0.01165	0.00655	0.00582	0.01237	0.01019	0.01601	0.00873	0.01019	0.00728	0.00364	0.00364	0.00073	0.00364	0.00291	0.00291	0.85734
16	0.86201	0.00950	0.00722	0.00646	0.00950	0.01102	0.00532	0.01445	0.00836	0.02205	0.00684	0.00798	0.00532	0.00456	0.00304	0.00152	0.00380	0.00266	0.00304	0.00532
17	0.01019	0.00873	0.01019	0.00728	0.01165	0.00655	0.00582	0.01237	0.01019	0.01601	0.00873	0.01019	0.00728	0.00364	0.00364	0.00073	0.00364	0.00291	0.00291	0.85734
18	0.00940	0.00759	0.01119	0.15711	0.01544	0.00712	0.07236	0.01151	0.01013	0.05477	0.01522	0.21819	0.01532	0.04415	0.01978	0.00171	0.00466	0.04471	0.00340	0.27622
19	0.00829	0.00531	0.00660	0.00642	0.00725	0.00516	0.00436	0.00949	0.02656	0.07648	0.12090	0.16837	0.03979	0.36641	0.09913	0.00367	0.00485	0.00811	0.00387	0.02898
20	0.18928	0.25635	0.01548	0.00877	0.01251	0.05755	0.00759	0.15873	0.03780	0.11948	0.01002	0.01038	0.00761	0.00491	0.00386	0.00129	0.00485	0.00342	0.00352	0.08660
21	0.01292	0.00929	0.01182	0.00985	0.03499	0.00889	0.05736	0.04299	0.24155	0.16104	0.04197	0.04646	0.04914	0.00615	0.00476	0.00137	0.00411	0.00529	0.00435	0.24570
22	0.01374	0.01412	0.01537	0.01421	0.12726	0.24171	0.10916	0.01629	0.03336	0.05667	0.00944	0.01108	0.00755	0.00460	0.00483	0.00122	0.03225	0.00380	0.00288	0.28044
23	0.01297	0.01291	0.01246	0.06238	0.03024	0.24103	0.05801	0.03212	0.08202	0.05883	0.01465	0.05388	0.06624	0.04905	0.00608	0.00157	0.02355	0.02241	0.00335	0.15625
24	0.01054	0.04776	0.03452	0.01016	0.03000	0.07330	0.07203	0.09173	0.06325	0.01516	0.01478	0.13516	0.03061	0.08337	0.17189	0.00310	0.02170	0.00621	0.00333	0.08141
25	0.03373	0.13134	0.06802	0.01256	0.12884	0.02647	0.03068	0.06620	0.06619	0.28150	0.05646	0.01515	0.02586	0.00565	0.00465	0.00143	0.00490	0.00464	0.00415	0.03159
26	0.02601	0.02921	0.05192	0.01025	0.06471	0.03408	0.06064	0.07729	0.03254	0.04789	0.03469	0.07471	0.10106	0.22339	0.02190	0.00248	0.04262	0.00643	0.00347	0.05472
27	0.01159	0.01166	0.11219	0.01625	0.21030	0.00989	0.11366	0.05963	0.06162	0.07651	0.03089	0.11984	0.01360	0.02568	0.00595	0.00169	0.02447	0.04505	0.00346	0.04608
28	0.02813	0.03650	0.04492	0.04066	0.04159	0.03341	0.05168	0.08925	0.11596	0.05318	0.05441	0.03794	0.07245	0.02789	0.09084	0.00224	0.02470	0.03470	0.00370	0.11585
29	0.04591	0.06474	0.01581	0.01322	0.08916	0.09086	0.14196	0.08873	0.03711	0.04803	0.04404	0.08900	0.04791	0.00661	0.00591	0.00152	0.07755	0.00559	0.00335	0.08299

[dist]
# distance from previous block
# <min> <max>
15	80

[block]
# block no. 4 follows, 51 sequences, length 19
# corresponding to MSA columns:
# 1396-1404,1406-1415
name=unknown_E
#
# <colnr> <probs for GDERKNQSTAVLIFYWHMCP>
#	G	D	E	R	K	N	Q	S	T	A	V	L	I	F	Y	W	H	M	C	P
0	0.06143	0.09609	0.04893	0.03046	0.06953	0.04416	0.02429	0.01383	0.04189	0.03268	0.04450	0.01217	0.00902	0.00709	0.02618	0.00177	0.32611	0.00413	0.00270	0.10303
1	0.01469	0.10365	0.07208	0.01076	0.03215	0.10473	0.04854	0.12722	0.08741	0.16364	0.01397	0.08837	0.01160	0.04208	0.00563	0.00159	0.00535	0.00520	0.00392	0.05743
2	0.00978	0.09232	0.02424	0.01063	0.10012	0.03500	0.00763	0.03386	0.06922	0.01462	0.06445	0.01782	0.05448	0.01703	0.29466	0.00366	0.00764	0.00495	0.00311	0.13476
3	0.03615	0.11669	0.04733	0.01469	0.18011	0.03962	0.04355	0.02915	0.00960	0.01357	0.00967	0.02828	0.00893	0.04510	0.17821	0.00307	0.18334	0.00455	0.00249	0.00589
4	0.01459	0.17796	0.01629	0.04913	0.07291	0.24020	0.04262	0.08980	0.08259	0.06236	0.06013	0.03746	0.02182	0.00580	0.00458	0.00139	0.00606	0.00453	0.00335	0.00646
5	0.00822	0.00709	0.00859	0.00770	0.00920	0.06523	0.03915	0.01040	0.01271	0.01746	0.53739	0.03006	0.05399	0.01234	0.10037	0.00227	0.02714	0.00757	0.00453	0.03859
6	0.01276	0.73847	0.11425	0.00905	0.01360	0.01853	0.00952	0.01481	0.01003	0.01202	0.00706	0.00817	0.00630	0.00426	0.00333	0.00111	0.00548	0.00274	0.00210	0.00642
7	0.00952	0.00857	0.04357	0.00862	0.01103	0.00809	0.00694	0.01597	0.30416	0.01689	0.05542	0.22091	0.02031	0.00904	0.00527	0.00162	0.00372	0.08324	0.00435	0.16275
8	0.01382	0.43591	0.15866	0.02807	0.01518	0.07523	0.01039	0.12376	0.04947	0.03494	0.00892	0.00978	0.00715	0.00477	0.00393	0.00127	0.00584	0.00333	0.00276	0.00682
9	0.00816	0.00658	0.00925	0.00871	0.00940	0.00806	0.00679	0.03370	0.00822	0.01189	0.01205	0.01888	0.01165	0.12446	0.52974	0.00616	0.17384	0.00527	0.00265	0.00454
10	0.01345	0.00671	0.00871	0.00737	0.00975	0.00609	0.00582	0.01614	0.05553	0.34473	0.37383	0.02817	0.08607	0.00839	0.00540	0.00155	0.00319	0.00717	0.00561	0.00632
11	0.00806	0.00667	0.00943	0.00884	0.00934	0.00834	0.00688	0.00934	0.00767	0.01121	0.01172	0.01909	0.01161	0.15887	0.46409	0.00582	0.23073	0.00531	0.00256	0.00443
12	0.00660	0.00505	0.00607	0.00592	0.00726	0.00452	0.00451	0.00852	0.01276	0.01705	0.47523	0.04173	0.31807	0.01114	0.00586	0.00163	0.00252	0.05606	0.00505	0.00445
13	0.06989	0.01164	0.18295	0.01149	0.07112	0.01924	0.09130	0.01268	0.03807	0.04288	0.07450	0.08689	0.12128	0.07602	0.06646	0.00234	0.00568	0.00651	0.00337	0.00569
14	0.00690	0.00472	0.00553	0.00566	0.00589	0.00461	0.00343	0.00732	0.00836	0.01122	0.10195	0.15542	0.05064	0.58556	0.01938	0.00388	0.00413	0.00850	0.00354	0.00335
15	0.01230	0.05092	0.09394	0.04949	0.51336	0.04585	0.06357	0.01534	0.01116	0.04031	0.02209	0.01225	0.00817	0.00473	0.00524	0.00149	0.03558	0.00436	0.00254	0.00731
16	0.03700	0.07260	0.05658	0.01482	0.05342	0.46240	0.18144	0.01807	0.03303	0.01366	0.00851	0.01023	0.00684	0.00478	0.00466	0.00138	0.00802	0.00385	0.00254	0.00616
17	0.05836	0.06150	0.15556	0.11042	0.09151	0.01161	0.08012	0.13624	0.05093	0.01816	0.00974	0.01144	0.00746	0.00468	0.00449	0.00136	0.00566	0.00395	0.00297	0.17383
18	0.00666	0.00489	0.00566	0.00587	0.00665	0.00456	0.00406	0.00761	0.00978	0.01261	0.10937	0.13010	0.26390	0.31563	0.01310	0.00290	0.00356	0.08523	0.00406	0.00378

[dist]
# distance from previous block
# <min> <max>
0	1

[block]
# block no. 5 follows, 51 sequences, length 20
# corresponding to MSA columns:
# 1417-1436
name=unknown_F
#
# <colnr> <probs for GDERKNQSTAVLIFYWHMCP>
#	G	D	E	R	K	N	Q	S	T	A	V	L	I	F	Y	W	H	M	C	P
0	0.02641	0.18837	0.03983	0.15092	0.01754	0.03108	0.07578	0.01581	0.15974	0.01421	0.01051	0.02654	0.00878	0.00700	0.03220	0.00182	0.18004	0.00445	0.00280	0.00617
1	0.01479	0.10222	0.03648	0.02768	0.08741	0.15411	0.00986	0.22305	0.17557	0.01937	0.01184	0.01334	0.00941	0.00595	0.00553	0.00151	0.06646	0.02472	0.00364	0.00708
2	0.00854	0.00427	0.00640	0.00640	0.00640	0.00427	0.00427	0.00640	0.00640	0.00854	0.00854	0.01494	0.00854	0.01707	0.01921	0.85702	0.00427	0.00427	0.00213	0.00213
3	0.01400	0.06583	0.07918	0.07777	0.12501	0.11252	0.06174	0.18123	0.01388	0.08489	0.01288	0.05807	0.03691	0.00750	0.04520	0.00181	0.00637	0.00499	0.00343	0.00679
4	0.01112	0.22302	0.34022	0.01566	0.15222	0.01340	0.08984	0.01484	0.01049	0.01446	0.01006	0.01182	0.03788	0.00488	0.00482	0.00144	0.03068	0.00401	0.00229	0.00687
5	0.86201	0.00950	0.00722	0.00646	0.00950	0.01102	0.00532	0.01445	0.00836	0.02205	0.00684	0.00798	0.00532	0.00456	0.00304	0.00152	0.00380	0.00266	0.00304	0.00532
6	0.02462	0.05551	0.22649	0.02626	0.06625	0.03628	0.05752	0.11537	0.03199	0.07025	0.08482	0.05715	0.07665	0.00695	0.00507	0.00157	0.00542	0.04166	0.00360	0.00656
7	0.01169	0.01171	0.08582	0.35995	0.04876	0.03698	0.03627	0.09828	0.01145	0.05975	0.01073	0.01353	0.03469	0.00596	0.00695	0.00168	0.15227	0.00455	0.00280	0.00617
8	0.00629	0.00488	0.00552	0.00556	0.00671	0.00433	0.00397	0.00760	0.01115	0.01433	0.23133	0.13790	0.41133	0.11721	0.00834	0.00207	0.00278	0.01002	0.00457	0.00410
9	0.00669	0.00518	0.00615	0.00618	0.00750	0.00474	0.00469	0.00885	0.03930	0.01611	0.33556	0.11918	0.33002	0.01170	0.00591	0.00170	0.00269	0.07844	0.00491	0.00449
10	0.06940	0.02958	0.02901	0.05106	0.15675	0.16023	0.04178	0.19339	0.08642	0.11725	0.01159	0.01232	0.00858	0.00531	0.00471	0.00147	0.00593	0.00425	0.00373	0.00725
11	0.01425	0.01691	0.23444	0.08065	0.18692	0.14828	0.01309	0.08858	0.01284	0.12509	0.01078	0.01263	0.00807	0.00518	0.00479	0.00149	0.00652	0.01920	0.00311	0.00716
12	0.00625	0.00477	0.00574	0.00598	0.00703	0.00426	0.00430	0.00772	0.01153	0.01518	0.28983	0.29266	0.30181	0.01259	0.00595	0.00173	0.00255	0.01103	0.00484	0.00426
13	0.12560	0.01409	0.23495	0.01013	0.01467	0.01019	0.01021	0.15999	0.01373	0.27734	0.01445	0.01414	0.03991	0.00569	0.00460	0.00152	0.00510	0.00438	0.03195	0.00737
14	0.01212	0.07749	0.30721	0.05770	0.25071	0.08066	0.05168	0.06235	0.01165	0.01585	0.00889	0.01096	0.00691	0.00471	0.00488	0.00148	0.02124	0.00394	0.00242	0.00713
15	0.00623	0.00463	0.00586	0.00668	0.00741	0.00426	0.00480	0.00741	0.01024	0.01330	0.06796	0.52692	0.19520	0.01429	0.00621	0.00194	0.00295	0.10497	0.00460	0.00412
16	0.00598	0.00432	0.00566	0.00673	0.00710	0.00400	0.00451	0.00685	0.00951	0.01259	0.02842	0.77856	0.07717	0.01522	0.00625	0.00198	0.00283	0.01376	0.00456	0.00400
17	0.32948	0.04429	0.06015	0.06847	0.05760	0.15015	0.00932	0.01472	0.00958	0.01618	0.00727	0.00951	0.00607	0.00558	0.00662	0.00161	0.19175	0.00340	0.00256	0.00570
18	0.00643	0.00465	0.00615	0.00709	0.00770	0.00437	0.00515	0.00770	0.01027	0.01361	0.09381	0.56311	0.07976	0.01441	0.00630	0.00199	0.00310	0.15562	0.00463	0.00416
19	0.01203	0.04600	0.30282	0.05496	0.03900	0.07076	0.16008	0.09128	0.06774	0.01697	0.00997	0.01160	0.00746	0.00476	0.00479	0.00146	0.00668	0.00418	0.00277	0.08469

[dist]
# distance from previous block
# <min> <max>
0	1

[block]
# block no. 6 follows, 51 sequences, length 18
# corresponding to MSA columns:
# 1438-1447,1451-1458
name=unknown_G
#
# <colnr> <probs for GDERKNQSTAVLIFYWHMCP>
#	G	D	E	R	K	N	Q	S	T	A	V	L	I	F	Y	W	H	M	C	P
0	0.36384	0.04832	0.04628	0.06095	0.04553	0.24359	0.00858	0.10070	0.01197	0.01857	0.00791	0.00925	0.00621	0.00486	0.00392	0.00143	0.00592	0.00322	0.00294	0.00600
1	0.01324	0.03945	0.02862	0.00892	0.01156	0.00952	0.00723	0.07423	0.27399	0.19221	0.05582	0.01941	0.03240	0.05552	0.15239	0.00289	0.00582	0.00549	0.00453	0.00677
2	0.00675	0.00461	0.00552	0.00589	0.00604	0.00450	0.00358	0.00713	0.00818	0.01096	0.05064	0.30026	0.02396	0.51983	0.01790	0.00370	0.00402	0.00952	0.00361	0.00339
3	0.03508	0.02917	0.01292	0.02532	0.12085	0.01166	0.00876	0.20662	0.28880	0.07287	0.11972	0.01766	0.01583	0.00644	0.00497	0.00155	0.00441	0.00537	0.00459	0.00740
4	0.01251	0.21456	0.10982	0.01090	0.01381	0.15176	0.00995	0.05286	0.01058	0.01344	0.00817	0.01062	0.00715	0.00905	0.09398	0.00215	0.20118	0.00364	0.00244	0.06144
5	0.22307	0.00755	0.02543	0.00671	0.00920	0.00697	0.00532	0.01132	0.04884	0.01684	0.07991	0.15935	0.18439	0.00844	0.00466	0.00147	0.00329	0.00695	0.00386	0.18642
6	0.00998	0.01077	0.07980	0.56173	0.07973	0.01124	0.06151	0.01464	0.09437	0.01410	0.01007	0.01339	0.00758	0.00500	0.00496	0.00162	0.00638	0.00453	0.00252	0.00608
7	0.00898	0.00547	0.00722	0.00653	0.00804	0.00498	0.00498	0.01125	0.01393	0.12462	0.68990	0.03402	0.04177	0.00951	0.00568	0.00154	0.00257	0.00836	0.00550	0.00514
8	0.23231	0.36064	0.06032	0.00981	0.01383	0.01524	0.08454	0.12516	0.01163	0.01771	0.00837	0.02557	0.00699	0.00478	0.00378	0.00134	0.00526	0.00349	0.00284	0.00638
9	0.00952	0.00971	0.06272	0.39162	0.02313	0.00929	0.04708	0.01264	0.02202	0.01417	0.02949	0.04315	0.00904	0.00596	0.02644	0.00156	0.02022	0.00448	0.00263	0.25514
10	0.03741	0.01475	0.01396	0.02956	0.07813	0.28019	0.00961	0.09505	0.01321	0.20638	0.01081	0.01177	0.00808	0.00600	0.00686	0.00155	0.16236	0.00405	0.00356	0.00671
11	0.01061	0.02194	0.62134	0.01358	0.01982	0.01122	0.06403	0.07998	0.01121	0.01631	0.00912	0.01105	0.00667	0.00575	0.00595	0.07136	0.00692	0.00389	0.00235	0.00690
12	0.00667	0.00497	0.00620	0.00599	0.00719	0.00450	0.00446	0.00868	0.01309	0.01799	0.59907	0.09007	0.19125	0.01086	0.00583	0.00160	0.00239	0.00951	0.00519	0.00450
13	0.01275	0.01000	0.01121	0.01020	0.03761	0.01102	0.00784	0.19285	0.38402	0.04361	0.11072	0.02288	0.04696	0.00758	0.00525	0.00165	0.00412	0.06767	0.00492	0.00716
14	0.00715	0.00476	0.00536	0.00536	0.00536	0.00476	0.00298	0.00715	0.00715	0.00953	0.01548	0.03216	0.01787	0.82729	0.02501	0.00476	0.00476	0.00715	0.00298	0.00298
15	0.01117	0.01064	0.01782	0.29538	0.46932	0.01147	0.03196	0.01495	0.06051	0.01515	0.00978	0.01290	0.00782	0.00470	0.00491	0.00154	0.00601	0.00448	0.00251	0.00697
16	0.00675	0.00502	0.00629	0.00597	0.00722	0.00455	0.00448	0.00888	0.01343	0.01858	0.66328	0.03857	0.17784	0.01047	0.00580	0.00157	0.00235	0.00915	0.00526	0.00455
17	0.04509	0.14777	0.19563	0.01169	0.08588	0.07703	0.01028	0.01435	0.05475	0.03353	0.05000	0.07072	0.07419	0.01749	0.00525	0.00156	0.02378	0.05246	0.00314	0.02539

[dist]
# distance from previous block
# <min> <max>
0	4

[block]
# block no. 7 follows, 51 sequences, length 13
# corresponding to MSA columns:
# 1467-1479
name=unknown_H
#
# <colnr> <probs for GDERKNQSTAVLIFYWHMCP>
#	G	D	E	R	K	N	Q	S	T	A	V	L	I	F	Y	W	H	M	C	P
0	0.01036	0.04429	0.13939	0.10856	0.30443	0.01025	0.03289	0.01325	0.01046	0.02888	0.01282	0.13211	0.01235	0.01964	0.00584	0.00168	0.03631	0.05254	0.00285	0.02111
1	0.27410	0.03639	0.01331	0.07536	0.13389	0.25786	0.00949	0.03347	0.01092	0.01616	0.00766	0.00966	0.00632	0.00516	0.00531	0.00149	0.09143	0.00342	0.00265	0.00593
2	0.00800	0.00634	0.00970	0.01235	0.17710	0.00652	0.00763	0.00958	0.00936	0.01294	0.01779	0.25661	0.01915	0.04568	0.24595	0.04131	0.00689	0.09886	0.00337	0.00487
3	0.01624	0.11927	0.04594	0.01170	0.01467	0.53200	0.00938	0.02008	0.15755	0.01370	0.00986	0.01057	0.00794	0.00524	0.00439	0.00133	0.00743	0.00356	0.00292	0.00622
4	0.02097	0.00894	0.01167	0.00892	0.01277	0.00801	0.00735	0.10121	0.01476	0.67225	0.01795	0.01581	0.01147	0.00591	0.00486	0.00147	0.00427	0.00476	0.00577	0.06088
5	0.05976	0.01099	0.04196	0.00973	0.01285	0.03267	0.00807	0.18483	0.29475	0.14312	0.05323	0.03446	0.03110	0.00704	0.00503	0.00162	0.00444	0.05222	0.00484	0.00729
6	0.01188	0.47707	0.28600	0.01154	0.01685	0.01604	0.09054	0.01510	0.01028	0.01333	0.00782	0.00927	0.00640	0.00435	0.00393	0.00128	0.00624	0.00329	0.00213	0.00666
7	0.00701	0.00529	0.00651	0.00616	0.00749	0.00493	0.00463	0.00972	0.05238	0.01859	0.62146	0.03768	0.17912	0.01031	0.00576	0.00157	0.00243	0.00899	0.00524	0.00471
8	0.03907	0.00723	0.00954	0.00778	0.01066	0.00640	0.00625	0.01852	0.01356	0.51463	0.21495	0.05352	0.06071	0.00771	0.00520	0.00155	0.00357	0.00648	0.00570	0.00697
9	0.06205	0.04923	0.07097	0.28127	0.22970	0.10205	0.01260	0.08299	0.03456	0.01602	0.00915	0.01169	0.00716	0.00486	0.00464	0.00150	0.00627	0.00405	0.00265	0.00659
10	0.01312	0.01256	0.03933	0.20509	0.19917	0.09096	0.15189	0.09509	0.02865	0.07250	0.01161	0.01377	0.03349	0.00513	0.00504	0.00154	0.00648	0.00476	0.00303	0.00679
11	0.00598	0.00488	0.00528	0.00539	0.00679	0.00419	0.00396	0.00730	0.01128	0.01397	0.13900	0.15600	0.59377	0.01257	0.00587	0.00169	0.00252	0.01070	0.00467	0.00419
12	0.13382	0.32850	0.07941	0.00952	0.01301	0.19678	0.00863	0.05985	0.01148	0.01487	0.03864	0.04209	0.00893	0.00563	0.00435	0.02634	0.00581	0.00368	0.00272	0.00595

[dist]
# distance from previous block
# <min> <max>
0	3

[block]
# block no. 8 follows, 51 sequences, length 29
# corresponding to MSA columns:
# 1483,1484,1496-1522
name=unknown_I
#
# <colnr> <probs for GDERKNQSTAVLIFYWHMCP>
#	G	D	E	R	K	N	Q	S	T	A	V	L	I	F	Y	W	H	M	C	P
0	0.13059	0.16050	0.04609	0.10020	0.05306	0.11902	0.00899	0.05885	0.02443	0.08563	0.10489	0.01479	0.01241	0.00587	0.00485	0.00146	0.03727	0.02160	0.00333	0.00615
1	0.00634	0.00498	0.00568	0.00573	0.00701	0.00446	0.00426	0.00777	0.01122	0.01430	0.19994	0.08796	0.45510	0.07619	0.04225	0.00220	0.00323	0.05267	0.00453	0.00418
2	0.01083	0.01030	0.01734	0.29201	0.49531	0.01099	0.01395	0.01377	0.01073	0.01472	0.01141	0.01450	0.05277	0.00502	0.00494	0.00153	0.00588	0.00472	0.00247	0.00679
3	0.17036	0.24886	0.15274	0.01056	0.03168	0.18408	0.00984	0.04960	0.03232	0.03259	0.00829	0.00935	0.00663	0.00470	0.00389	0.00132	0.00602	0.00318	0.00268	0.03132
4	0.01400	0.17607	0.11565	0.03334	0.19349	0.21484	0.05426	0.06000	0.02661	0.02976	0.02021	0.01086	0.00769	0.00478	0.00445	0.00135	0.00664	0.00379	0.00265	0.01954
5	0.00609	0.00451	0.00564	0.00635	0.00700	0.00411	0.00435	0.00715	0.01017	0.01335	0.11138	0.56146	0.18683	0.03899	0.00670	0.00197	0.00278	0.01251	0.00460	0.00406
6	0.01128	0.01182	0.09044	0.19255	0.20206	0.01113	0.13786	0.10926	0.02145	0.01641	0.01130	0.09115	0.00987	0.00632	0.00592	0.03210	0.02423	0.00548	0.00288	0.00649
7	0.01163	0.07270	0.14880	0.38633	0.11756	0.06144	0.01320	0.03181	0.01098	0.06992	0.01020	0.01276	0.02191	0.00501	0.00473	0.00153	0.00637	0.00420	0.00259	0.00637
8	0.01230	0.05370	0.11980	0.20798	0.12282	0.01088	0.07566	0.06066	0.06945	0.11928	0.04939	0.01594	0.04922	0.00566	0.00495	0.00155	0.00566	0.00498	0.00337	0.00677
9	0.01027	0.00759	0.00876	0.00840	0.01017	0.00817	0.00628	0.01729	0.36710	0.07744	0.07248	0.27172	0.02268	0.04844	0.02014	0.00201	0.00370	0.02644	0.00483	0.00608
10	0.69028	0.03498	0.00932	0.01909	0.01105	0.08761	0.02749	0.01513	0.00917	0.03709	0.00729	0.00851	0.00569	0.00468	0.00351	0.00150	0.01624	0.00289	0.00299	0.00549
11	0.00911	0.00552	0.00708	0.00671	0.00818	0.00505	0.00515	0.01095	0.01248	0.13250	0.38558	0.08241	0.13601	0.07463	0.00732	0.00192	0.00310	0.09631	0.00505	0.00494
12	0.01012	0.12209	0.25298	0.06480	0.03253	0.02996	0.09422	0.01469	0.09471	0.01510	0.06963	0.05353	0.06942	0.00786	0.04570	0.00186	0.00611	0.00541	0.00302	0.00627
13	0.00661	0.00504	0.00609	0.00591	0.00724	0.00452	0.00449	0.00856	0.01286	0.01726	0.50141	0.04126	0.30129	0.01104	0.00585	0.00162	0.00249	0.04692	0.00508	0.00446
14	0.00850	0.02115	0.00876	0.00852	0.04376	0.00729	0.02269	0.03235	0.20231	0.01655	0.15820	0.18159	0.22533	0.01101	0.02769	0.00185	0.00356	0.00884	0.00459	0.00546
15	0.11139	0.01157	0.05349	0.17090	0.04858	0.01199	0.05489	0.23570	0.01423	0.15841	0.01120	0.01244	0.00800	0.00557	0.00562	0.00159	0.06930	0.00433	0.00377	0.00703
16	0.01730	0.00832	0.01046	0.00859	0.01172	0.00792	0.00689	0.04074	0.16846	0.49074	0.06204	0.06641	0.06324	0.00733	0.00513	0.00159	0.00388	0.00611	0.00562	0.00754
17	0.78300	0.01020	0.03651	0.00808	0.05473	0.01108	0.00634	0.01452	0.00860	0.02147	0.00705	0.00831	0.00549	0.00456	0.00320	0.00152	0.00404	0.00279	0.00297	0.00553
18	0.00646	0.00500	0.00588	0.00566	0.00704	0.00443	0.00425	0.00831	0.01274	0.01692	0.47135	0.04130	0.37081	0.01109	0.00580	0.00159	0.00239	0.00953	0.00504	0.00443
19	0.86201	0.00950	0.00722	0.00646	0.00950	0.01102	0.00532	0.01445	0.00836	0.02205	0.00684	0.00798	0.00532	0.00456	0.00304	0.00152	0.00380	0.00266	0.00304	0.00532
20	0.01355	0.68995	0.02344	0.00894	0.01278	0.12087	0.00845	0.01509	0.01040	0.01162	0.00721	0.00851	0.00657	0.00574	0.03831	0.00138	0.00607	0.00281	0.00218	0.00614
21	0.01140	0.01099	0.01906	0.19513	0.57355	0.01140	0.05801	0.01445	0.01099	0.01538	0.02698	0.01298	0.00838	0.00461	0.00495	0.00151	0.00605	0.00456	0.00245	0.00716
22	0.01289	0.01034	0.03881	0.00911	0.01172	0.05507	0.00738	0.13251	0.23519	0.11639	0.11369	0.02263	0.11383	0.05488	0.00677	0.00178	0.03966	0.00614	0.00463	0.00659
23	0.01167	0.01124	0.01920	0.04897	0.64713	0.01148	0.05217	0.01452	0.01112	0.01591	0.05439	0.01358	0.00988	0.00495	0.00561	0.00152	0.05202	0.00470	0.00258	0.00734
24	0.04009	0.11478	0.03309	0.11973	0.01329	0.02421	0.00763	0.07523	0.02862	0.01467	0.04129	0.25744	0.05628	0.01122	0.04708	0.03920	0.02516	0.04231	0.00355	0.00515
25	0.01000	0.04904	0.01121	0.04774	0.01249	0.03406	0.02785	0.01299	0.07902	0.01505	0.03016	0.11489	0.01236	0.02933	0.03439	0.00151	0.03371	0.00507	0.00323	0.43589
26	0.03631	0.05705	0.05070	0.01124	0.05850	0.01027	0.07020	0.11312	0.16172	0.15135	0.08312	0.07728	0.02772	0.00711	0.00509	0.00158	0.00462	0.04151	0.00439	0.02714
27	0.02375	0.10771	0.02324	0.01003	0.08963	0.02289	0.00731	0.02613	0.11650	0.07513	0.26258	0.02645	0.12145	0.00810	0.00543	0.00154	0.02581	0.03605	0.00433	0.00594
28	0.07556	0.02148	0.02398	0.06312	0.04985	0.00739	0.00679	0.06089	0.01158	0.01673	0.21580	0.21287	0.06111	0.03456	0.00640	0.00176	0.03676	0.04090	0.00409	0.04837

[dist]
# distance from previous block
# <min> <max>
9	18

[block]
# block no. 9 follows, 51 sequences, length 9
# corresponding to MSA columns:
# 1541-1549
name=unknown_J
#
# <colnr> <probs for GDERKNQSTAVLIFYWHMCP>
#	G	D	E	R	K	N	Q	S	T	A	V	L	I	F	Y	W	H	M	C	P
0	0.00764	0.00564	0.00670	0.00612	0.00771	0.00504	0.00446	0.00904	0.01044	0.03982	0.17325	0.05187	0.24516	0.17943	0.09384	0.00279	0.00429	0.00766	0.00399	0.13511
1	0.10683	0.00720	0.00807	0.00768	0.00949	0.02919	0.00608	0.03253	0.06837	0.10395	0.18912	0.13080	0.11476	0.01000	0.00576	0.00174	0.02413	0.13433	0.00466	0.00534
2	0.04673	0.00791	0.04125	0.00819	0.01068	0.00700	0.00672	0.04659	0.06875	0.26280	0.06496	0.18254	0.06531	0.03551	0.00600	0.00178	0.00389	0.08702	0.00485	0.04151
3	0.00682	0.00504	0.00599	0.00622	0.00703	0.00484	0.00432	0.03130	0.00986	0.01282	0.06171	0.25972	0.23303	0.22549	0.07708	0.00308	0.00421	0.03343	0.00404	0.00398
4	0.00952	0.00602	0.00749	0.00728	0.00890	0.00570	0.00565	0.03443	0.05840	0.12966	0.18242	0.21085	0.17705	0.01133	0.00586	0.00178	0.00326	0.12422	0.00498	0.00522
5	0.00974	0.00546	0.00697	0.00668	0.00806	0.00493	0.00485	0.01109	0.01136	0.18239	0.19160	0.28453	0.13539	0.10419	0.00795	0.00207	0.00319	0.00967	0.00489	0.00497
6	0.07395	0.00720	0.00835	0.00708	0.00953	0.00701	0.00560	0.05753	0.06455	0.28715	0.09296	0.02136	0.07860	0.04090	0.00542	0.00158	0.00344	0.00561	0.21593	0.00625
7	0.66826	0.00923	0.00780	0.00678	0.00972	0.01033	0.00549	0.05533	0.00963	0.05328	0.04029	0.01106	0.00817	0.04729	0.00449	0.00165	0.00389	0.00334	0.00335	0.04062
8	0.01240	0.00743	0.00898	0.00772	0.01002	0.00719	0.00610	0.16221	0.01488	0.19498	0.26856	0.09219	0.14308	0.00926	0.00551	0.00160	0.00348	0.03311	0.00524	0.00607

[dist]
# distance from previous block
# <min> <max>
4	7

[block]
# block no. 10 follows, 51 sequences, length 12
# corresponding to MSA columns:
# 1558-1569
name=unknown_K
#
# <colnr> <probs for GDERKNQSTAVLIFYWHMCP>
#	G	D	E	R	K	N	Q	S	T	A	V	L	I	F	Y	W	H	M	C	P
0	0.18119	0.00794	0.00875	0.00729	0.01013	0.00781	0.00588	0.09673	0.01299	0.29122	0.06906	0.02207	0.17213	0.00727	0.00467	0.00151	0.00362	0.00576	0.07763	0.00636
1	0.18420	0.00755	0.00827	0.00711	0.00953	0.00749	0.00553	0.06963	0.02938	0.23582	0.09011	0.04841	0.15564	0.11147	0.00737	0.00197	0.00375	0.00634	0.00459	0.00583
2	0.06059	0.00612	0.00725	0.00681	0.00839	0.00595	0.00518	0.04278	0.04454	0.08586	0.33332	0.10948	0.13083	0.07524	0.00713	0.00190	0.00317	0.05560	0.00485	0.00502
3	0.00957	0.00704	0.00811	0.00767	0.00948	0.00726	0.00578	0.01542	0.28120	0.07695	0.20284	0.19158	0.13718	0.01001	0.00555	0.00169	0.00314	0.00868	0.00502	0.00581
4	0.00626	0.00452	0.00555	0.00621	0.00666	0.00421	0.00408	0.00703	0.00932	0.01222	0.05419	0.50257	0.14249	0.19875	0.01043	0.00256	0.00321	0.01172	0.00423	0.00381
5	0.00907	0.00553	0.00670	0.00641	0.00786	0.00507	0.00468	0.01056	0.02778	0.14500	0.08855	0.17940	0.28226	0.13357	0.06268	0.00257	0.00391	0.00908	0.00453	0.00479
6	0.00623	0.00477	0.00576	0.00606	0.00705	0.00437	0.00434	0.00754	0.01072	0.01397	0.17873	0.29427	0.31624	0.04411	0.07056	0.00236	0.00351	0.01074	0.00451	0.00417
7	0.00947	0.00586	0.00727	0.00703	0.00872	0.00549	0.00544	0.01172	0.05557	0.15240	0.09245	0.17733	0.26988	0.01354	0.07443	0.00228	0.00404	0.08715	0.00475	0.00517
8	0.07719	0.00853	0.01344	0.45881	0.16532	0.00980	0.01156	0.01219	0.01003	0.01419	0.03777	0.13631	0.01195	0.00655	0.00499	0.00165	0.00550	0.00584	0.00277	0.00562
9	0.07838	0.01011	0.01569	0.46808	0.25921	0.03073	0.01321	0.01361	0.01014	0.01432	0.00863	0.01223	0.00681	0.00486	0.00513	0.00158	0.03460	0.00420	0.00233	0.00615
10	0.01047	0.01021	0.01541	0.11870	0.12176	0.01308	0.03945	0.01220	0.00872	0.01287	0.04097	0.01336	0.00886	0.04288	0.01272	0.00206	0.50359	0.00469	0.00238	0.00562
11	0.06317	0.32938	0.01625	0.00827	0.01186	0.01272	0.00732	0.10953	0.01273	0.20527	0.04395	0.03377	0.07931	0.00606	0.00422	0.00132	0.00446	0.00459	0.00389	0.04195

[dist]
# distance from previous block
# <min> <max>
6	14

[block]
# block no. 11 follows, 51 sequences, length 11
# corresponding to MSA columns:
# 1584-1594
name=unknown_L
#
# <colnr> <probs for GDERKNQSTAVLIFYWHMCP>
#	G	D	E	R	K	N	Q	S	T	A	V	L	I	F	Y	W	H	M	C	P
0	0.06518	0.06800	0.08493	0.08049	0.03028	0.01255	0.02806	0.21581	0.22413	0.10535	0.01423	0.01424	0.02347	0.00578	0.00472	0.00153	0.00505	0.00462	0.00416	0.00741
1	0.25063	0.00973	0.07065	0.00798	0.01116	0.00867	0.00704	0.05538	0.01052	0.01775	0.01581	0.03543	0.11057	0.00683	0.00495	0.00145	0.04604	0.08895	0.00338	0.23710
2	0.10550	0.45285	0.05232	0.00872	0.01270	0.01515	0.00824	0.08325	0.03276	0.14562	0.03460	0.01100	0.00884	0.00497	0.00379	0.00127	0.00489	0.00349	0.00329	0.00675
3	0.01387	0.06700	0.22371	0.01052	0.01526	0.01125	0.01043	0.16575	0.12314	0.12828	0.01230	0.01246	0.00892	0.00516	0.00450	0.00136	0.00516	0.00404	0.00376	0.17312
4	0.01104	0.01895	0.47098	0.01202	0.01748	0.01101	0.01360	0.12156	0.10113	0.01804	0.01210	0.08254	0.00990	0.00592	0.00480	0.00153	0.00595	0.00481	0.00309	0.07355
5	0.01593	0.00757	0.00956	0.00787	0.01076	0.00694	0.00640	0.06414	0.03319	0.40720	0.08646	0.02168	0.03145	0.00692	0.00484	0.00147	0.00373	0.06441	0.14732	0.06216
6	0.01678	0.01422	0.08285	0.01131	0.01534	0.01438	0.00984	0.58170	0.15560	0.02781	0.01297	0.01282	0.00933	0.00593	0.00491	0.00152	0.00530	0.00455	0.00468	0.00816
7	0.01206	0.01186	0.01886	0.14562	0.64223	0.05369	0.01457	0.01495	0.01113	0.01532	0.00908	0.01213	0.00752	0.00449	0.00485	0.00148	0.00610	0.00431	0.00240	0.00733
8	0.01236	0.70065	0.05300	0.00869	0.01252	0.01775	0.00858	0.01401	0.00985	0.01180	0.00847	0.07182	0.00835	0.00528	0.00400	0.00119	0.03963	0.00362	0.00230	0.00612
9	0.00702	0.00527	0.00790	0.00790	0.00878	0.00614	0.00614	0.00878	0.00790	0.01141	0.01316	0.01931	0.01229	0.03686	0.80782	0.00790	0.01316	0.00527	0.00263	0.00439
10	0.01160	0.01326	0.02900	0.02071	0.02568	0.01243	0.77879	0.01574	0.01160	0.01574	0.00994	0.01326	0.00746	0.00414	0.00580	0.00166	0.00829	0.00580	0.00249	0.00663

[dist]
# distance from previous block
# <min> <max>
0	5

[block]
# block no. 12 follows, 51 sequences, length 13
# corresponding to MSA columns:
# 1609-1621
name=unknown_M
#
# <colnr> <probs for GDERKNQSTAVLIFYWHMCP>
#	G	D	E	R	K	N	Q	S	T	A	V	L	I	F	Y	W	H	M	C	P
0	0.01180	0.43791	0.18585	0.20376	0.01954	0.01533	0.01168	0.01466	0.01016	0.03706	0.00810	0.00994	0.00653	0.00453	0.00395	0.00131	0.00596	0.00333	0.00224	0.00637
1	0.00896	0.00888	0.00768	0.00824	0.00907	0.19732	0.00575	0.00992	0.01050	0.01242	0.02240	0.62796	0.02621	0.01291	0.00583	0.00182	0.00430	0.01137	0.00407	0.00440
2	0.01137	0.00911	0.00683	0.00652	0.00800	0.19776	0.00489	0.01342	0.01118	0.01681	0.01400	0.01605	0.01109	0.00557	0.00367	0.00117	0.00387	0.00424	0.64959	0.00485
3	0.01154	0.00994	0.01474	0.62201	0.02937	0.01196	0.01261	0.19725	0.01302	0.01699	0.00947	0.01279	0.00699	0.00515	0.00491	0.00160	0.00628	0.00438	0.00284	0.00616
4	0.02097	0.00840	0.01126	0.00870	0.01235	0.00742	0.00716	0.05699	0.01446	0.71758	0.06665	0.01773	0.01410	0.00632	0.00499	0.00152	0.00412	0.00516	0.00599	0.00813
5	0.00872	0.00784	0.01277	0.62078	0.02747	0.00941	0.01148	0.01177	0.01081	0.01428	0.19767	0.01878	0.01613	0.00615	0.00513	0.00162	0.00553	0.00545	0.00296	0.00526
6	0.00769	0.00550	0.00759	0.00836	0.00950	0.00541	0.00713	0.00996	0.01194	0.01591	0.21079	0.05093	0.03263	0.01273	0.00655	0.00209	0.00399	0.58200	0.00474	0.00455
7	0.01505	0.00904	0.01372	0.01096	0.01390	0.00884	0.14383	0.10194	0.03427	0.31997	0.01800	0.20950	0.01555	0.00812	0.00605	0.00169	0.05086	0.00719	0.00470	0.00682
8	0.24148	0.00839	0.00916	0.00855	0.05290	0.00851	0.00637	0.03654	0.10460	0.23411	0.02312	0.02201	0.21039	0.00727	0.00466	0.00157	0.00373	0.00575	0.00452	0.00637
9	0.04682	0.01167	0.01992	0.02868	0.72264	0.01169	0.05616	0.01509	0.01110	0.01628	0.00918	0.01205	0.00767	0.00437	0.00484	0.00147	0.00589	0.00439	0.00246	0.00762
10	0.16388	0.00956	0.01299	0.01111	0.04470	0.04280	0.17052	0.05134	0.08736	0.03719	0.02485	0.03027	0.01157	0.20395	0.01072	0.06790	0.00538	0.00534	0.00322	0.00535
11	0.05859	0.03562	0.01514	0.01124	0.01513	0.03292	0.13026	0.26530	0.11591	0.05177	0.03159	0.01297	0.00969	0.00521	0.00466	0.00136	0.00517	0.00442	0.00393	0.18913
12	0.33996	0.03252	0.05463	0.00945	0.01312	0.04291	0.06283	0.09696	0.12674	0.06869	0.01066	0.01124	0.00798	0.00499	0.00406	0.00144	0.00474	0.00374	0.00357	0.09978

[dist]
# distance from previous block
# <min> <max>
1	24

[block]
# block no. 13 follows, 51 sequences, length 11
# corresponding to MSA columns:
# 1646-1656
name=unknown_N
#
# <colnr> <probs for GDERKNQSTAVLIFYWHMCP>
#	G	D	E	R	K	N	Q	S	T	A	V	L	I	F	Y	W	H	M	C	P
0	0.08536	0.01222	0.07416	0.01009	0.01354	0.01206	0.00876	0.37151	0.05632	0.05284	0.10962	0.01481	0.01297	0.00627	0.00559	0.00149	0.06537	0.00472	0.00427	0.07804
