[name]
unknown

[dist]
# distance from previous block
# <min> <max>
0	8

[block]
# block no. 0 follows, 51 sequences, length 37
# corresponding to MSA columns:
# 8-44
name=unknown_A
#
# <colnr> <probs for GDERKNQSTAVLIFYWHMCP>
#	G	D	E	R	K	N	Q	S	T	A	V	L	I	F	Y	W	H	M	C	P
0	0.07327	0.06676	0.10361	0.00905	0.01261	0.00929	0.00820	0.03359	0.12984	0.34154	0.04399	0.05811	0.01372	0.00660	0.00475	0.00155	0.00436	0.02880	0.04320	0.00715
1	0.06245	0.44664	0.09224	0.01026	0.01435	0.09350	0.05149	0.08133	0.02319	0.04071	0.00857	0.02070	0.00718	0.00485	0.00414	0.00128	0.02454	0.00342	0.00267	0.00651
2	0.02983	0.07577	0.16877	0.01168	0.08286	0.01065	0.01007	0.10505	0.10801	0.18275	0.08416	0.02645	0.01300	0.00585	0.00472	0.00145	0.00489	0.00477	0.00404	0.06521
3	0.05708	0.06845	0.57970	0.01479	0.04973	0.01200	0.12004	0.01546	0.01044	0.01573	0.00877	0.01056	0.00641	0.00455	0.00465	0.00154	0.00704	0.00384	0.00220	0.00703
4	0.00701	0.00579	0.00675	0.05313	0.00908	0.04857	0.00528	0.00833	0.01068	0.01387	0.16434	0.50886	0.11403	0.01296	0.00596	0.00182	0.00326	0.01153	0.00447	0.00430
5	0.05236	0.01064	0.04792	0.00963	0.01286	0.01055	0.00799	0.22225	0.21241	0.22038	0.01754	0.12463	0.01406	0.00731	0.00504	0.00161	0.00438	0.00603	0.00497	0.00744
6	0.01314	0.01283	0.01722	0.11355	0.45966	0.12410	0.02342	0.06793	0.04547	0.03235	0.01115	0.01331	0.03390	0.00504	0.00486	0.00147	0.00612	0.00449	0.00284	0.00714
7	0.01488	0.00817	0.01123	0.02675	0.04867	0.00765	0.04921	0.09912	0.01400	0.34608	0.13960	0.06445	0.13275	0.00787	0.00531	0.00157	0.00407	0.00675	0.00510	0.00677
8	0.00608	0.00437	0.00568	0.00665	0.00702	0.00407	0.00444	0.00697	0.00955	0.01270	0.05809	0.71325	0.06760	0.05955	0.00726	0.00211	0.00292	0.01323	0.00451	0.00397
9	0.01185	0.01111	0.01846	0.21067	0.57747	0.01170	0.01444	0.05644	0.01153	0.01606	0.00927	0.01236	0.00753	0.00459	0.00488	0.00150	0.00598	0.00438	0.00251	0.00728
10	0.01274	0.71073	0.10097	0.00958	0.01412	0.01831	0.04866	0.01485	0.01011	0.01216	0.00718	0.00840	0.00636	0.00425	0.00343	0.00113	0.00560	0.00289	0.00212	0.00642
11	0.00619	0.00448	0.00568	0.00642	0.00691	0.00416	0.00431	0.00714	0.00982	0.01303	0.10588	0.57721	0.11418	0.10047	0.00816	0.00221	0.00296	0.01235	0.00448	0.00397
12	0.01077	0.00971	0.04834	0.00905	0.01281	0.00806	0.04651	0.01305	0.01003	0.06006	0.00945	0.01141	0.00776	0.00668	0.06005	0.00151	0.09825	0.00353	0.00293	0.57003
13	0.04363	0.01307	0.00978	0.00927	0.01089	0.32707	0.00673	0.04926	0.05570	0.01347	0.01565	0.19603	0.03943	0.14790	0.03852	0.00232	0.00617	0.00672	0.00339	0.00499
14	0.01044	0.00992	0.01683	0.50008	0.34020	0.01122	0.01422	0.01357	0.01037	0.01396	0.00894	0.01272	0.00705	0.00470	0.00489	0.00157	0.00626	0.00437	0.00228	0.00639
15	0.00810	0.00531	0.00666	0.00654	0.00797	0.00479	0.00503	0.00988	0.01228	0.09220	0.32399	0.14592	0.24013	0.01145	0.00590	0.00172	0.00288	0.09948	0.00503	0.00477
16	0.00969	0.01019	0.02080	0.01568	0.01908	0.00953	0.50829	0.01266	0.01082	0.01451	0.01666	0.21066	0.05995	0.04933	0.00689	0.00190	0.00646	0.00809	0.00313	0.00566
17	0.01497	0.01506	0.06638	0.01107	0.01435	0.18697	0.00917	0.22934	0.32748	0.02116	0.04323	0.01462	0.01186	0.00610	0.00486	0.00151	0.00556	0.00472	0.00425	0.00733
18	0.03567	0.00899	0.01092	0.00876	0.01188	0.00889	0.00709	0.19515	0.06866	0.36694	0.20112	0.02024	0.01944	0.00699	0.00510	0.00153	0.00399	0.00575	0.00551	0.00737
19	0.03334	0.01388	0.05443	0.01132	0.02721	0.02679	0.00951	0.62617	0.02071	0.05925	0.01156	0.01171	0.00824	0.00564	0.00478	0.00143	0.00538	0.00426	0.00458	0.05979
20	0.00801	0.00697	0.01080	0.07562	0.14955	0.00684	0.06396	0.01022	0.02488	0.01480	0.14862	0.25900	0.16053	0.01078	0.02515	0.00185	0.00419	0.00910	0.00394	0.00518
21	0.01317	0.13655	0.13344	0.02065	0.40273	0.09735	0.01325	0.05280	0.03748	0.03383	0.00936	0.01121	0.00755	0.00466	0.00454	0.00140	0.00616	0.00393	0.00263	0.00731
22	0.10807	0.09988	0.60021	0.01336	0.05505	0.01215	0.01561	0.01533	0.01014	0.01595	0.00842	0.00995	0.00620	0.00460	0.00435	0.00150	0.00661	0.00346	0.00221	0.00697
23	0.00928	0.00873	0.01474	0.81548	0.03385	0.01092	0.01365	0.01256	0.00983	0.01256	0.00873	0.01310	0.00655	0.00491	0.00491	0.00164	0.00655	0.00437	0.00218	0.00546
24	0.01187	0.01097	0.04772	0.17788	0.34932	0.01057	0.05970	0.04152	0.03014	0.06079	0.01024	0.01274	0.00802	0.00515	0.01777	0.00153	0.00580	0.00433	0.02093	0.11299
25	0.02973	0.04052	0.25316	0.02855	0.05648	0.04861	0.16602	0.01543	0.03759	0.09801	0.01947	0.08853	0.01099	0.05327	0.01371	0.00184	0.02305	0.00548	0.00306	0.00648
26	0.00742	0.00554	0.00673	0.00671	0.00788	0.00531	0.00490	0.06114	0.03894	0.01699	0.32915	0.31408	0.15280	0.01191	0.00588	0.00172	0.00280	0.01049	0.00493	0.00469
27	0.00656	0.00477	0.00542	0.00556	0.00620	0.00445	0.00361	0.00727	0.00931	0.01205	0.10004	0.16376	0.24773	0.38504	0.01466	0.00312	0.00357	0.00934	0.00392	0.00363
28	0.01238	0.16262	0.13004	0.03689	0.18117	0.01311	0.24127	0.03931	0.01127	0.06006	0.00959	0.01186	0.00750	0.00542	0.02472	0.00165	0.03716	0.00443	0.00261	0.00692
29	0.01483	0.07790	0.10806	0.01180	0.01502	0.38804	0.03858	0.07028	0.09369	0.01494	0.01005	0.01144	0.00806	0.00740	0.05937	0.00182	0.02218	0.00383	0.03650	0.00622
30	0.00709	0.00500	0.00621	0.00612	0.00734	0.00450	0.00451	0.00885	0.01240	0.04758	0.43686	0.18816	0.22418	0.01149	0.00586	0.00166	0.00253	0.01006	0.00507	0.00454
31	0.04400	0.01694	0.01155	0.01110	0.09855	0.00841	0.08964	0.06421	0.12082	0.04734	0.10845	0.02882	0.26918	0.00843	0.00535	0.00161	0.00407	0.03545	0.02017	0.00591
32	0.04478	0.16036	0.06980	0.01215	0.06957	0.18428	0.02392	0.16661	0.01388	0.11335	0.01016	0.01990	0.00786	0.00531	0.00492	0.00138	0.04373	0.00385	0.00336	0.04084
33	0.00943	0.00682	0.00757	0.00692	0.00858	0.05981	0.00528	0.01182	0.03748	0.10547	0.49918	0.03291	0.14282	0.01038	0.03212	0.00175	0.00340	0.00804	0.00507	0.00515
34	0.00769	0.00525	0.00662	0.00701	0.00792	0.00499	0.00495	0.06058	0.01121	0.05119	0.11440	0.57977	0.09268	0.01347	0.00603	0.00186	0.00300	0.01204	0.00475	0.00458
35	0.01388	0.03146	0.03852	0.01338	0.14612	0.01180	0.01899	0.29297	0.14173	0.03983	0.01457	0.06054	0.03996	0.00619	0.00484	0.00145	0.00483	0.00515	0.00407	0.10972
36	0.01649	0.08293	0.01493	0.01287	0.06819	0.45400	0.00951	0.10901	0.04681	0.03511	0.00921	0.01046	0.00743	0.00542	0.00527	0.00137	0.06624	0.00364	0.03481	0.00630

[dist]
# distance from previous block
# <min> <max>
0	8

[block]
# block no. 1 follows, 51 sequences, length 91
# corresponding to MSA columns:
# 54-144
name=unknown_B
#
# <colnr> <probs for GDERKNQSTAVLIFYWHMCP>
#	G	D	E	R	K	N	Q	S	T	A	V	L	I	F	Y	W	H	M	C	P
0	0.56960	0.10655	0.05536	0.00787	0.01132	0.07049	0.00696	0.03627	0.00989	0.07644	0.00805	0.00891	0.00614	0.00471	0.00344	0.00145	0.00461	0.00296	0.00311	0.00588
1	0.00672	0.00504	0.00553	0.00555	0.00693	0.00442	0.00410	0.00802	0.01100	0.03576	0.10899	0.09030	0.51931	0.09283	0.00770	0.00199	0.00287	0.05002	0.02870	0.00422
2	0.01617	0.07613	0.04744	0.01162	0.01468	0.43522	0.00935	0.10604	0.20356	0.01635	0.01110	0.01150	0.00867	0.00547	0.00454	0.00138	0.00694	0.00387	0.00335	0.00661
3	0.03510	0.06535	0.50589	0.01233	0.01809	0.05544	0.01429	0.10344	0.04150	0.05279	0.01013	0.01118	0.00732	0.00499	0.00453	0.00149	0.00646	0.00379	0.03875	0.00715
4	0.01432	0.03931	0.05826	0.01543	0.19515	0.20481	0.03573	0.07781	0.10848	0.06539	0.03021	0.01255	0.00939	0.00511	0.00463	0.00136	0.00599	0.00416	0.00330	0.10862
5	0.03614	0.00699	0.04004	0.00642	0.00839	0.02706	0.00519	0.04282	0.01226	0.05022	0.19930	0.08414	0.44151	0.01076	0.00558	0.00162	0.00309	0.00904	0.00461	0.00482
6	0.00693	0.00504	0.00613	0.00589	0.00718	0.00452	0.00437	0.00877	0.01264	0.03602	0.48575	0.08235	0.26677	0.03797	0.00644	0.00171	0.00252	0.00945	0.00505	0.00449
7	0.05313	0.01197	0.01537	0.40032	0.20817	0.13245	0.01252	0.06169	0.01155	0.02505	0.00896	0.01202	0.00700	0.00522	0.01349	0.00159	0.00657	0.00413	0.00256	0.00624
8	0.56793	0.01031	0.04283	0.03220	0.03020	0.04395	0.00654	0.05554	0.00958	0.01975	0.03078	0.01139	0.00786	0.05933	0.00580	0.04975	0.00443	0.00348	0.00305	0.00530
9	0.00653	0.00504	0.00557	0.00568	0.00709	0.00441	0.00416	0.00805	0.02723	0.03588	0.10190	0.21083	0.53504	0.01259	0.00587	0.00172	0.00263	0.01077	0.00468	0.00435
10	0.05656	0.00536	0.00536	0.00513	0.00657	0.00550	0.00392	0.02974	0.03629	0.04112	0.01566	0.01756	0.01217	0.00571	0.00354	0.00120	0.00255	0.00451	0.73661	0.00492
11	0.01174	0.05602	0.01940	0.16008	0.62634	0.01198	0.01448	0.01464	0.01090	0.01522	0.00903	0.01209	0.00750	0.00446	0.00478	0.00147	0.00593	0.00428	0.00237	0.00732
12	0.03254	0.00594	0.00722	0.00694	0.00829	0.00588	0.00524	0.04856	0.07531	0.01882	0.48986	0.16058	0.06310	0.01050	0.00573	0.00166	0.00282	0.04096	0.00508	0.00497
13	0.00630	0.00475	0.00575	0.00613	0.00706	0.00430	0.00438	0.00762	0.01094	0.01433	0.20794	0.32866	0.27057	0.05766	0.00707	0.00195	0.00279	0.04299	0.00467	0.00415
14	0.15270	0.00988	0.01259	0.00994	0.01321	0.01000	0.10085	0.20021	0.01344	0.08356	0.04539	0.09703	0.01210	0.00765	0.03984	0.00173	0.02330	0.00529	0.00387	0.15741
15	0.00819	0.00647	0.00739	0.00747	0.00897	0.00655	0.00567	0.06024	0.16079	0.01575	0.03124	0.29347	0.24935	0.01202	0.00587	0.00184	0.00332	0.10564	0.00466	0.00511
16	0.01153	0.00946	0.01028	0.00926	0.01176	0.01067	0.00718	0.02292	0.62136	0.04330	0.16369	0.02170	0.02074	0.00728	0.00515	0.00164	0.00361	0.00616	0.00511	0.00721
17	0.00602	0.00441	0.00557	0.00647	0.00695	0.00406	0.00435	0.00689	0.00957	0.01249	0.03001	0.65886	0.15126	0.05940	0.00723	0.00209	0.00290	0.01303	0.00448	0.00396
18	0.01208	0.01043	0.01231	0.01008	0.01251	0.02849	0.00815	0.11367	0.15570	0.03373	0.03683	0.01356	0.01021	0.02482	0.00846	0.00158	0.25238	0.00436	0.00347	0.24718
19	0.00989	0.00930	0.01570	0.57658	0.23058	0.01081	0.01362	0.01296	0.01016	0.01346	0.00966	0.04812	0.00800	0.00523	0.00496	0.00161	0.00621	0.00479	0.00235	0.00600
20	0.00703	0.00524	0.00779	0.00779	0.00863	0.00608	0.00601	0.00871	0.00787	0.01133	0.01326	0.01985	0.01252	0.07024	0.77476	0.00777	0.01281	0.00534	0.00265	0.00433
21	0.02264	0.01192	0.07126	0.23779	0.35537	0.02148	0.07005	0.03386	0.05205	0.03786	0.00991	0.01269	0.00775	0.00486	0.00524	0.00156	0.02966	0.00447	0.00265	0.00694
22	0.05000	0.78189	0.03716	0.00841	0.01261	0.01895	0.00843	0.01472	0.00992	0.01208	0.00686	0.00793	0.00626	0.00423	0.00317	0.00108	0.00522	0.00264	0.00214	0.00628
23	0.05256	0.03704	0.07171	0.03327	0.03653	0.06027	0.00871	0.25203	0.12752	0.03984	0.01397	0.07376	0.03003	0.00627	0.00466	0.00143	0.00491	0.00500	0.02786	0.11263
24	0.02948	0.02713	0.04281	0.01317	0.16425	0.00980	0.00907	0.08472	0.14969	0.21039	0.03406	0.03849	0.01264	0.02591	0.04023	0.00185	0.00498	0.02729	0.00424	0.06978
25	0.01868	0.01376	0.01475	0.01131	0.01524	0.01524	0.00934	0.78025	0.02311	0.03097	0.01180	0.01180	0.00836	0.00590	0.00492	0.00147	0.00541	0.00442	0.00492	0.00836
26	0.01149	0.01278	0.02693	0.06666	0.09215	0.01237	0.64330	0.01537	0.01132	0.01545	0.00969	0.01307	0.00740	0.00436	0.00602	0.00166	0.03537	0.00554	0.00245	0.00662
27	0.04380	0.01120	0.04625	0.07079	0.01516	0.03349	0.04471	0.28124	0.01534	0.20474	0.01436	0.09664	0.01165	0.04497	0.00644	0.00174	0.04052	0.00557	0.00438	0.00701
28	0.00747	0.00526	0.00720	0.00740	0.00827	0.00560	0.00548	0.03457	0.00925	0.03246	0.01950	0.28667	0.05047	0.04987	0.41628	0.00503	0.00827	0.00835	0.02816	0.00444
29	0.00673	0.00499	0.00626	0.00599	0.00721	0.00453	0.00448	0.00881	0.01330	0.01837	0.64104	0.06169	0.17714	0.01062	0.00581	0.00158	0.00236	0.00930	0.00524	0.00453
30	0.03438	0.01118	0.01597	0.34368	0.28286	0.08282	0.03388	0.02690	0.05353	0.01504	0.02593	0.01316	0.00840	0.00496	0.00481	0.00153	0.00614	0.00442	0.02399	0.00642
31	0.11528	0.11902	0.07511	0.06329	0.10100	0.30370	0.04008	0.07158	0.03126	0.01560	0.00850	0.01009	0.00683	0.00517	0.01259	0.00144	0.00687	0.00355	0.00270	0.00632
32	0.00630	0.00445	0.00559	0.00637	0.00672	0.00419	0.00417	0.00708	0.00920	0.01229	0.04875	0.57681	0.07510	0.18133	0.01002	0.00251	0.00320	0.01203	0.02008	0.00382
33	0.00628	0.00480	0.00551	0.00568	0.00683	0.00426	0.00409	0.00766	0.01120	0.01457	0.20987	0.22339	0.38983	0.04678	0.00664	0.00183	0.00262	0.01054	0.03343	0.00419
34	0.03587	0.00866	0.02617	0.01215	0.15494	0.00873	0.00811	0.09028	0.06783	0.07408	0.27958	0.04755	0.08385	0.00808	0.00608	0.00160	0.06211	0.01383	0.00437	0.00614
35	0.01448	0.07833	0.17718	0.01062	0.04489	0.01020	0.01728	0.14845	0.01341	0.22714	0.05605	0.01605	0.01189	0.06770	0.04606	0.00202	0.00553	0.00476	0.04097	0.00696
36	0.00613	0.00446	0.00582	0.00683	0.00732	0.00414	0.00474	0.00716	0.00980	0.01291	0.04306	0.68079	0.10217	0.01489	0.00626	0.00198	0.00293	0.06998	0.00457	0.00406
37	0.00912	0.00569	0.00708	0.00705	0.00840	0.00541	0.00524	0.03360	0.05293	0.11219	0.15866	0.34933	0.10955	0.01158	0.00572	0.00175	0.00307	0.05136	0.05720	0.00505
38	0.01164	0.01172	0.04775	0.07666	0.29772	0.07862	0.06567	0.04894	0.10232	0.02528	0.10278	0.06332	0.03337	0.00631	0.00512	0.00155	0.00546	0.00571	0.00338	0.00669
39	0.01164	0.01131	0.06002	0.04079	0.21372	0.02949	0.10953	0.07111	0.03305	0.05720	0.03092	0.06006	0.08119	0.00769	0.02951	0.00184	0.13553	0.00572	0.00319	0.00648
40	0.01100	0.01145	0.01852	0.06037	0.06020	0.03962	0.21328	0.01316	0.00916	0.01311	0.00808	0.01206	0.00713	0.00853	0.05815	0.00226	0.44110	0.00472	0.00230	0.00580
41	0.01124	0.01002	0.03130	0.05355	0.04999	0.02500	0.00805	0.07749	0.02554	0.03757	0.01111	0.01291	0.04189	0.00640	0.03487	0.00145	0.12142	0.00392	0.00307	0.43322
42	0.01197	0.34295	0.27525	0.01305	0.07422	0.03748	0.07888	0.01522	0.01065	0.03465	0.03733	0.01087	0.00813	0.00476	0.00450	0.00136	0.02593	0.00371	0.00239	0.00671
43	0.01235	0.00717	0.03084	0.00788	0.00977	0.00646	0.01978	0.05929	0.01882	0.21219	0.03127	0.10344	0.03465	0.08266	0.01140	0.26567	0.01827	0.00593	0.00385	0.05830
44	0.05326	0.01003	0.01106	0.00940	0.01247	0.01092	0.00748	0.10979	0.44260	0.20389	0.01812	0.01675	0.01302	0.00630	0.00480	0.00158	0.00404	0.00510	0.05169	0.00770
45	0.00709	0.00537	0.00637	0.00643	0.00756	0.00514	0.00471	0.03096	0.04399	0.01497	0.20391	0.18969	0.25012	0.10873	0.04434	0.00238	0.00354	0.05580	0.00451	0.00440
46	0.01107	0.01506	0.22876	0.07949	0.44757	0.03790	0.01477	0.01458	0.01097	0.01533	0.01208	0.01428	0.06632	0.00512	0.00487	0.00151	0.00612	0.00459	0.00248	0.00713
47	0.06192	0.01214	0.01292	0.01130	0.01239	0.16925	0.03012	0.02557	0.03284	0.01323	0.00888	0.01295	0.00818	0.05860	0.09055	0.00258	0.38937	0.00434	0.03754	0.00532
48	0.00682	0.00483	0.00636	0.00727	0.00782	0.00468	0.00538	0.00800	0.00970	0.01276	0.02536	0.41395	0.04916	0.15335	0.00963	0.00255	0.00372	0.26037	0.00428	0.00400
49	0.01149	0.01027	0.00991	0.00925	0.01140	0.10197	0.00710	0.08594	0.35589	0.01800	0.02175	0.17329	0.07785	0.00891	0.00530	0.00169	0.00430	0.05418	0.02520	0.00631
50	0.06102	0.01256	0.01219	0.00989	0.01338	0.17717	0.03365	0.10472	0.08685	0.16552	0.01259	0.01399	0.00964	0.00543	0.00450	0.00130	0.00527	0.03598	0.00392	0.23042
51	0.00839	0.00652	0.03115	0.00686	0.00854	0.00586	0.00541	0.06322	0.04363	0.04675	0.49647	0.07393	0.14182	0.03197	0.00618	0.00167	0.00292	0.00857	0.00506	0.00508
52	0.00627	0.00472	0.00558	0.00593	0.00674	0.00434	0.00408	0.00729	0.00999	0.01291	0.10731	0.31042	0.28752	0.15772	0.04422	0.00258	0.00346	0.01068	0.00428	0.00395
53	0.01248	0.00923	0.01252	0.01427	0.21475	0.02559	0.02599	0.10749	0.09341	0.12227	0.07433	0.17576	0.03091	0.02778	0.00572	0.00168	0.00445	0.00698	0.02777	0.00662
54	0.01272	0.26168	0.30621	0.01083	0.01567	0.07167	0.01166	0.01709	0.08786	0.09221	0.05903	0.01257	0.01020	0.00523	0.00433	0.00139	0.00584	0.00394	0.00301	0.00686
55	0.00841	0.00688	0.01149	0.00970	0.01160	0.00648	0.17617	0.01045	0.01113	0.05508	0.19214	0.23271	0.12489	0.04408	0.06576	0.00230	0.01250	0.00912	0.00414	0.00496
56	0.04580	0.00817	0.01022	0.00835	0.01135	0.00774	0.00670	0.10492	0.04788	0.45566	0.09660	0.09855	0.03305	0.00747	0.00506	0.00156	0.00388	0.00622	0.03360	0.00722
57	0.02700	0.05961	0.08526	0.01036	0.03042	0.14297	0.00859	0.05595	0.24622	0.06747	0.05061	0.06563	0.01446	0.04081	0.02209	0.00181	0.00533	0.03808	0.02083	0.00649
58	0.03636	0.00998	0.01574	0.01633	0.21688	0.02958	0.15712	0.07187	0.07284	0.01549	0.02667	0.01439	0.00955	0.02067	0.05000	0.19944	0.02357	0.00482	0.00286	0.00582
59	0.01018	0.08027	0.15203	0.01071	0.01291	0.06794	0.02690	0.03450	0.00945	0.01291	0.01125	0.09778	0.01117	0.09442	0.12911	0.00296	0.22204	0.00543	0.00265	0.00539
60	0.01108	0.00908	0.01422	0.05865	0.35290	0.00899	0.03624	0.03243	0.04130	0.07356	0.01489	0.19850	0.01454	0.05735	0.00639	0.00177	0.00488	0.00678	0.00340	0.05306
61	0.01611	0.01521	0.01306	0.01149	0.03727	0.33005	0.03075	0.12835	0.04199	0.12517	0.03802	0.02957	0.05141	0.00623	0.00538	0.00143	0.05075	0.00464	0.02205	0.04107
62	0.02497	0.00796	0.00817	0.00805	0.02520	0.08245	0.00583	0.07225	0.06322	0.05294	0.16747	0.27401	0.16681	0.01071	0.00559	0.00168	0.00367	0.00922	0.00458	0.00520
63	0.02861	0.00731	0.00837	0.00741	0.00948	0.04982	0.00577	0.02461	0.04564	0.21797	0.37149	0.06010	0.10455	0.00899	0.00545	0.00158	0.00339	0.02848	0.00521	0.00577
64	0.01353	0.00902	0.01108	0.00836	0.01219	0.00784	0.02842	0.10781	0.03476	0.19267	0.05892	0.01570	0.05408	0.00540	0.00443	0.00115	0.00397	0.00445	0.00414	0.42207
65	0.01342	0.01069	0.01163	0.00961	0.01300	0.01136	0.00763	0.16915	0.43800	0.05252	0.01591	0.01521	0.01190	0.00583	0.00468	0.00142	0.00414	0.00473	0.00457	0.19460
66	0.01176	0.03465	0.01467	0.05658	0.16716	0.05337	0.10421	0.06727	0.05997	0.07888	0.02976	0.15780	0.03724	0.00935	0.05855	0.00203	0.02617	0.00657	0.01773	0.00627
67	0.01687	0.01692	0.01578	0.01672	0.21794	0.31759	0.01089	0.29060	0.01650	0.01985	0.00953	0.01077	0.00743	0.00519	0.00472	0.00139	0.00684	0.00393	0.00336	0.00719
68	0.06798	0.00959	0.01026	0.00910	0.01178	0.01066	0.00712	0.06854	0.50018	0.09470	0.04295	0.06258	0.03654	0.00713	0.00492	0.00163	0.00380	0.00589	0.03747	0.00719
69	0.06674	0.01027	0.01180	0.00922	0.01274	0.01050	0.00758	0.33890	0.01711	0.34594	0.01512	0.01435	0.01023	0.00588	0.00465	0.00146	0.00446	0.00456	0.10074	0.00776
70	0.01156	0.01040	0.01938	0.09073	0.21815	0.01026	0.28820	0.01446	0.01110	0.08999	0.01356	0.14210	0.01944	0.00646	0.00579	0.00166	0.03060	0.00652	0.00313	0.00650
71	0.01573	0.01112	0.01187	0.00988	0.01305	0.04599	0.00786	0.22573	0.32889	0.17653	0.01771	0.03315	0.03211	0.02321	0.00537	0.00162	0.00453	0.00530	0.00498	0.02539
72	0.11067	0.00880	0.01039	0.00826	0.01163	0.03130	0.00675	0.06862	0.01356	0.54555	0.01775	0.01627	0.03332	0.00602	0.00460	0.00148	0.00412	0.00473	0.08874	0.00747
73	0.00678	0.00473	0.00638	0.00686	0.00750	0.00469	0.00486	0.00805	0.00970	0.02759	0.12913	0.43934	0.04329	0.06365	0.19221	0.00341	0.00527	0.01045	0.02188	0.00421
74	0.00730	0.00563	0.00754	0.00724	0.00826	0.00580	0.03714	0.00907	0.03323	0.01332	0.08037	0.17484	0.16421	0.13339	0.18471	0.00351	0.04223	0.00828	0.06959	0.00434
75	0.01905	0.00810	0.01075	0.00867	0.01197	0.00734	0.00708	0.03486	0.06659	0.61501	0.06108	0.05504	0.01587	0.00714	0.00515	0.00159	0.00404	0.04713	0.00580	0.00773
76	0.00605	0.00430	0.00568	0.00676	0.00703	0.00403	0.00448	0.00686	0.00929	0.01238	0.02646	0.78168	0.03172	0.05887	0.00728	0.00214	0.00295	0.01361	0.00448	0.00394
77	0.16387	0.01331	0.07361	0.11395	0.18917	0.07974	0.13770	0.08632	0.05001	0.01779	0.00941	0.01155	0.00729	0.00485	0.00487	0.00154	0.02131	0.00421	0.00285	0.00667
78	0.00880	0.00472	0.00675	0.00662	0.00686	0.00476	0.00452	0.04023	0.00764	0.01026	0.05233	0.04336	0.01141	0.01614	0.01741	0.74404	0.00416	0.00486	0.00252	0.00260
79	0.01595	0.01191	0.01256	0.01015	0.01351	0.03229	0.00821	0.45328	0.19282	0.07608	0.01843	0.01763	0.10111	0.00682	0.00503	0.00154	0.00473	0.00537	0.00491	0.00767
80	0.02596	0.02703	0.00997	0.02591	0.01137	0.12774	0.00675	0.05289	0.25450	0.08549	0.07551	0.02085	0.09924	0.02968	0.00532	0.00157	0.00434	0.00563	0.12402	0.00622
81	0.00679	0.03321	0.02377	0.00679	0.00786	0.00515	0.00504	0.03311	0.01058	0.01375	0.06743	0.51572	0.20681	0.01349	0.00597	0.00184	0.00304	0.03079	0.00448	0.00437
82	0.00620	0.00479	0.00567	0.00606	0.00707	0.00431	0.00431	0.00769	0.02389	0.01428	0.17755	0.36591	0.32828	0.01313	0.00598	0.00178	0.00263	0.01150	0.00473	0.00423
83	0.02429	0.00685	0.00770	0.00731	0.00869	0.05534	0.02102	0.03558	0.01126	0.06475	0.16772	0.11986	0.15569	0.15806	0.06623	0.00268	0.00458	0.07353	0.00421	0.00464
84	0.03963	0.03520	0.09747	0.13112	0.20102	0.04189	0.03580	0.07978	0.04847	0.01640	0.05704	0.15256	0.01421	0.02128	0.00541	0.00165	0.00535	0.00619	0.00325	0.00629
85	0.04360	0.01115	0.01295	0.01169	0.03894	0.12488	0.04049	0.02831	0.04378	0.06257	0.05422	0.05104	0.02903	0.01125	0.10728	0.00254	0.31238	0.00518	0.00308	0.00565
86	0.36884	0.00901	0.00928	0.02379	0.01126	0.00957	0.00651	0.10457	0.03491	0.22655	0.02819	0.02919	0.03262	0.00619	0.00424	0.00156	0.00404	0.04303	0.04025	0.00641
87	0.01109	0.11793	0.01182	0.02880	0.02655	0.09435	0.02250	0.07914	0.02670	0.04548	0.01588	0.13180	0.06855	0.09117	0.09132	0.08649	0.02111	0.00620	0.00331	0.01979
88	0.01291	0.01304	0.01506	0.08958	0.30863	0.18903	0.01122	0.04104	0.06049	0.03137	0.01282	0.05314	0.05221	0.00612	0.00569	0.00153	0.06476	0.00498	0.01986	0.00652
89	0.02846	0.19512	0.10742	0.03433	0.16699	0.14917	0.01105	0.13121	0.05213	0.01663	0.01081	0.01202	0.03848	0.00525	0.00462	0.00139	0.02119	0.00397	0.00292	0.00684
90	0.04364	0.09735	0.03984	0.00993	0.01295	0.11338	0.04767	0.17532	0.06437	0.03804	0.03543	0.03957	0.01856	0.01837	0.04907	0.00180	0.02600	0.02563	0.07772	0.06536

[dist]
# distance from previous block
# <min> <max>
0	5

[block]
# block no. 2 follows, 51 sequences, length 24
# corresponding to MSA columns:
# 150-173
name=unknown_C
#
# <colnr> <probs for GDERKNQSTAVLIFYWHMCP>
#	G	D	E	R	K	N	Q	S	T	A	V	L	I	F	Y	W	H	M	C	P
0	0.03624	0.05197	0.07084	0.01807	0.32104	0.06088	0.04201	0.02806	0.02218	0.04498	0.04559	0.09519	0.01210	0.00813	0.04894	0.01547	0.05480	0.00542	0.01161	0.00649
1	0.01348	0.09571	0.06684	0.01089	0.05056	0.01082	0.04757	0.15519	0.11094	0.13149	0.01596	0.07236	0.04180	0.00763	0.02954	0.00169	0.00506	0.04307	0.00406	0.08535
2	0.01065	0.15126	0.45382	0.01251	0.01785	0.04005	0.06580	0.02986	0.01067	0.01484	0.04540	0.01264	0.02006	0.01891	0.04213	0.00183	0.03858	0.00411	0.00241	0.00660
3	0.00725	0.00546	0.00709	0.00805	0.05158	0.00555	0.00523	0.00870	0.03934	0.01243	0.02264	0.33887	0.08518	0.22907	0.07079	0.00309	0.02941	0.04423	0.02182	0.00421
4	0.01250	0.01055	0.01310	0.02822	0.10013	0.07534	0.07281	0.05961	0.06217	0.08324	0.01181	0.03944	0.00978	0.04757	0.00551	0.00139	0.00492	0.00444	0.03311	0.32437
5	0.06647	0.04301	0.01689	0.11345	0.37671	0.04169	0.05546	0.03718	0.07144	0.03575	0.01097	0.01331	0.02720	0.00560	0.00568	0.04073	0.02437	0.00448	0.00283	0.00678
6	0.00605	0.00441	0.00562	0.00652	0.00700	0.00407	0.00439	0.00696	0.00968	0.01273	0.05411	0.66699	0.12708	0.05087	0.00703	0.00206	0.00287	0.01306	0.00452	0.00399
7	0.00621	0.00487	0.00558	0.00565	0.00689	0.00428	0.00412	0.00768	0.01161	0.01497	0.26623	0.16968	0.42931	0.03279	0.00636	0.00176	0.00255	0.01043	0.00477	0.00424
8	0.01087	0.05457	0.52678	0.01403	0.04196	0.06587	0.09067	0.01541	0.01096	0.03760	0.04246	0.04699	0.00938	0.00534	0.00483	0.00154	0.00687	0.00450	0.00252	0.00685
9	0.03290	0.00861	0.01036	0.00866	0.01128	0.02097	0.00693	0.14629	0.05975	0.29175	0.08060	0.05090	0.08163	0.03023	0.10005	0.00240	0.03919	0.00600	0.00482	0.00668
10	0.01160	0.01326	0.02900	0.02071	0.02568	0.01243	0.77879	0.01574	0.01160	0.01574	0.00994	0.01326	0.00746	0.00414	0.00580	0.00166	0.00829	0.00580	0.00249	0.00663
11	0.02018	0.00964	0.01204	0.00943	0.01310	0.00931	0.00778	0.20124	0.05747	0.54701	0.01790	0.01716	0.01205	0.00636	0.00501	0.00155	0.00447	0.03443	0.00569	0.00818
12	0.03810	0.02742	0.00974	0.00892	0.02813	0.17693	0.02109	0.04297	0.01212	0.06764	0.12299	0.15045	0.18495	0.01100	0.05530	0.00197	0.02353	0.00752	0.00399	0.00522
13	0.00606	0.00434	0.00565	0.00666	0.00699	0.00405	0.00442	0.00687	0.00934	0.01238	0.02736	0.73649	0.06648	0.06856	0.00748	0.00216	0.00296	0.01336	0.00446	0.00393
14	0.00922	0.00676	0.00833	0.00791	0.00929	0.00723	0.00596	0.16764	0.02662	0.01654	0.06491	0.25896	0.04951	0.06383	0.25352	0.00379	0.00662	0.00817	0.02010	0.00509
15	0.01605	0.01089	0.01544	0.01198	0.01547	0.02714	0.16934	0.13914	0.16325	0.26410	0.01521	0.01514	0.01072	0.00586	0.00565	0.00158	0.04985	0.00507	0.05067	0.00746
16	0.06308	0.00834	0.00960	0.00824	0.01074	0.02422	0.00650	0.12891	0.07118	0.25021	0.07932	0.14145	0.09177	0.00914	0.02609	0.00177	0.02146	0.00690	0.03463	0.00645
17	0.03202	0.00723	0.00872	0.00741	0.00982	0.00688	0.00586	0.09057	0.05496	0.24297	0.29783	0.02886	0.16924	0.00864	0.00536	0.00156	0.00331	0.00727	0.00532	0.00616
18	0.00762	0.00532	0.00667	0.00693	0.00787	0.00515	0.00493	0.03843	0.05236	0.03983	0.21743	0.46988	0.05730	0.03136	0.00635	0.00187	0.00293	0.01115	0.02197	0.00465
19	0.07923	0.00929	0.01153	0.00995	0.04821	0.02390	0.02548	0.11399	0.06503	0.42004	0.01899	0.08156	0.05670	0.00695	0.00497	0.00157	0.00435	0.00574	0.00512	0.00740
20	0.10407	0.00976	0.01093	0.00883	0.01188	0.01022	0.00712	0.30223	0.04086	0.22097	0.06494	0.01734	0.03681	0.05635	0.04250	0.00198	0.00479	0.00508	0.03629	0.00702
21	0.38205	0.01153	0.04112	0.08693	0.04339	0.10776	0.00795	0.04570	0.02244	0.07580	0.02165	0.01292	0.00848	0.00535	0.00404	0.00148	0.00496	0.04129	0.02144	0.05370
22	0.03878	0.19486	0.02760	0.01034	0.01301	0.32920	0.00852	0.05066	0.03614	0.01408	0.05142	0.01360	0.04164	0.00668	0.02351	0.00152	0.07689	0.01802	0.02217	0.02135
23	0.03932	0.01257	0.09246	0.08728	0.31080	0.03543	0.11907	0.03349	0.05495	0.04726	0.01140	0.03029	0.02523	0.00502	0.00487	0.00148	0.00591	0.00471	0.00288	0.07556

[dist]
# distance from previous block
# <min> <max>
0	1

[block]
# block no. 3 follows, 51 sequences, length 19
# corresponding to MSA columns:
# 175-193
name=unknown_D
#
# <colnr> <probs for GDERKNQSTAVLIFYWHMCP>
#	G	D	E	R	K	N	Q	S	T	A	V	L	I	F	Y	W	H	M	C	P
0	0.00816	0.00652	0.00933	0.05879	0.11487	0.00643	0.02808	0.01056	0.05678	0.03609	0.08930	0.32379	0.14610	0.03456	0.00633	0.00186	0.00376	0.04943	0.00417	0.00508
1	0.01339	0.01042	0.01114	0.02480	0.05360	0.06606	0.00761	0.19578	0.18889	0.09260	0.10476	0.02144	0.12542	0.00724	0.00504	0.00151	0.00435	0.00592	0.02899	0.03102
2	0.01165	0.19545	0.15617	0.12852	0.04597	0.09075	0.05449	0.06024	0.02260	0.01443	0.01097	0.03375	0.03091	0.00763	0.05941	0.00188	0.01977	0.02234	0.00265	0.03044
3	0.01305	0.01126	0.01728	0.08877	0.53708	0.05063	0.01316	0.01613	0.03742	0.10004	0.01159	0.01541	0.00957	0.00528	0.00498	0.00153	0.00572	0.05072	0.00302	0.00735
4	0.05974	0.00775	0.00982	0.02818	0.01136	0.00729	0.00654	0.07177	0.02812	0.41410	0.22977	0.02306	0.06623	0.00742	0.00512	0.00154	0.00370	0.00617	0.00545	0.00687
5	0.00979	0.08583	0.05934	0.00932	0.01149	0.02960	0.04588	0.06231	0.11207	0.01420	0.01373	0.01843	0.02845	0.11439	0.34027	0.00453	0.02668	0.00519	0.00307	0.00544
6	0.06964	0.06185	0.04991	0.05017	0.13693	0.07849	0.02712	0.12786	0.10287	0.04797	0.04821	0.02944	0.02318	0.00635	0.00601	0.00159	0.09386	0.02840	0.00348	0.00667
7	0.00831	0.00544	0.00720	0.00720	0.00840	0.00503	0.02802	0.00985	0.02807	0.09920	0.07427	0.39070	0.16172	0.07991	0.00756	0.00209	0.00336	0.06443	0.00459	0.00465
8	0.00653	0.00476	0.00599	0.00668	0.00726	0.00454	0.00462	0.00794	0.03490	0.01317	0.08553	0.50944	0.10085	0.12058	0.00864	0.00230	0.00318	0.06457	0.00443	0.00408
9	0.01287	0.01135	0.04681	0.04714	0.07566	0.11305	0.00854	0.09585	0.10941	0.10283	0.03437	0.04585	0.03854	0.12237	0.05463	0.00239	0.06302	0.00548	0.00369	0.00615
10	0.01245	0.14281	0.16136	0.01239	0.04037	0.07422	0.05173	0.10875	0.06424	0.01617	0.03113	0.01209	0.00873	0.00681	0.02892	0.00175	0.18716	0.00417	0.02828	0.00649
11	0.02118	0.00910	0.08298	0.00931	0.01171	0.00785	0.07261	0.11159	0.04875	0.05082	0.02164	0.17778	0.10905	0.08842	0.02528	0.00217	0.00472	0.09731	0.04225	0.00549
12	0.00831	0.00435	0.00623	0.00623	0.00623	0.00435	0.00406	0.00652	0.00652	0.00870	0.00968	0.01778	0.01007	0.15060	0.02016	0.71657	0.00435	0.00474	0.00227	0.00227
13	0.01369	0.04590	0.06635	0.03942	0.15764	0.08771	0.02610	0.12159	0.05148	0.12530	0.02519	0.06052	0.07043	0.00638	0.00482	0.00147	0.00516	0.00532	0.05657	0.02896
14	0.03698	0.06044	0.06720	0.01160	0.05825	0.07382	0.02631	0.23948	0.05675	0.12723	0.02824	0.10277	0.01248	0.00702	0.00552	0.00157	0.04686	0.02640	0.00411	0.00697
15	0.03195	0.09894	0.03050	0.00957	0.04153	0.17089	0.00743	0.06693	0.05715	0.03403	0.19456	0.06739	0.09065	0.00780	0.00497	0.00147	0.00478	0.03859	0.00393	0.03693
16	0.07127	0.10799	0.12661	0.07217	0.17861	0.07397	0.01057	0.02702	0.04231	0.01556	0.03912	0.01348	0.02786	0.02719	0.02441	0.00159	0.00564	0.00412	0.01917	0.11135
17	0.06396	0.23574	0.05320	0.01117	0.08295	0.08377	0.00886	0.11941	0.08288	0.02630	0.04459	0.01409	0.04858	0.00769	0.05792	0.00179	0.01888	0.00427	0.00324	0.03072
18	0.05212	0.09869	0.04374	0.00793	0.03119	0.02248	0.00626	0.05230	0.07411	0.04068	0.06690	0.10659	0.17823	0.11136	0.00744	0.00193	0.00396	0.02037	0.04418	0.02955

[dist]
# distance from previous block
# <min> <max>
0	4

[block]
# block no. 4 follows, 51 sequences, length 10
# corresponding to MSA columns:
# 199-208
name=unknown_E
#
# <colnr> <probs for GDERKNQSTAVLIFYWHMCP>
#	G	D	E	R	K	N	Q	S	T	A	V	L	I	F	Y	W	H	M	C	P
0	0.04931	0.05062	0.05306	0.02914	0.14535	0.00876	0.05884	0.04148	0.04344	0.06959	0.05035	0.19439	0.04523	0.03092	0.05275	0.00212	0.00515	0.05994	0.00371	0.00588
1	0.00869	0.00590	0.00802	0.00772	0.00890	0.00660	0.00595	0.03121	0.06772	0.04905	0.01397	0.01901	0.01237	0.05603	0.54524	0.05839	0.01009	0.00520	0.07518	0.00476
2	0.04218	0.00767	0.07717	0.00828	0.02989	0.00628	0.03458	0.01072	0.04272	0.04668	0.19778	0.16985	0.10481	0.15172	0.00896	0.00224	0.00390	0.04556	0.00415	0.00487
3	0.03081	0.17811	0.25129	0.01322	0.07756	0.10581	0.04024	0.11698	0.08493	0.04128	0.01008	0.01103	0.00768	0.00497	0.00444	0.00142	0.00626	0.00382	0.00296	0.00710
4	0.07870	0.00998	0.06602	0.03704	0.05495	0.04765	0.00796	0.02820	0.19472	0.04995	0.15983	0.04428	0.07988	0.00779	0.00542	0.00162	0.03004	0.05186	0.03807	0.00604
5	0.00634	0.00472	0.00589	0.00661	0.00730	0.00442	0.00460	0.00782	0.03492	0.01349	0.09225	0.54781	0.16250	0.04043	0.00674	0.00199	0.00290	0.04047	0.00459	0.00418
6	0.00989	0.00871	0.03786	0.01159	0.12966	0.04053	0.03280	0.04852	0.10838	0.03282	0.05326	0.22481	0.07380	0.07106	0.00682	0.00189	0.00426	0.02765	0.07005	0.00563
7	0.08397	0.05352	0.04706	0.03578	0.23151	0.08064	0.05004	0.10430	0.08770	0.08699	0.01175	0.05066	0.00954	0.00570	0.00519	0.00153	0.03897	0.00471	0.00340	0.00703
8	0.01025	0.00717	0.01009	0.03814	0.07277	0.00715	0.04023	0.07512	0.03829	0.09752	0.05218	0.27019	0.04055	0.05952	0.00699	0.00202	0.00425	0.15775	0.00436	0.00547
9	0.01122	0.04314	0.55050	0.01299	0.04426	0.04834	0.01486	0.01575	0.01076	0.06351	0.00936	0.01066	0.00681	0.00460	0.00449	0.00140	0.00650	0.00358	0.00248	0.13479

[dist]
# distance from previous block
# <min> <max>
2	12

[block]
# block no. 5 follows, 51 sequences, length 14
# corresponding to MSA columns:
# 221-234
name=unknown_F
#
# <colnr> <probs for GDERKNQSTAVLIFYWHMCP>
#	G	D	E	R	K	N	Q	S	T	A	V	L	I	F	Y	W	H	M	C	P
0	0.23241	0.01161	0.01189	0.01005	0.01238	0.13843	0.06761	0.09354	0.01117	0.05879	0.00995	0.01301	0.00835	0.06499	0.08983	0.00243	0.11567	0.00416	0.03802	0.00568
1	0.00935	0.00678	0.00844	0.00758	0.00930	0.00675	0.02176	0.11333	0.07149	0.04781	0.44254	0.14473	0.07071	0.00986	0.00566	0.00162	0.00312	0.00864	0.00511	0.00542
2	0.00802	0.00557	0.00631	0.00609	0.00765	0.00511	0.00451	0.01036	0.06572	0.06635	0.13852	0.15785	0.33399	0.04661	0.00631	0.00174	0.00285	0.00910	0.08401	0.03330
3	0.00709	0.00507	0.00611	0.00592	0.00729	0.00451	0.00441	0.00885	0.01249	0.04993	0.41522	0.11943	0.31306	0.01128	0.00581	0.00163	0.00251	0.00977	0.00505	0.00455
4	0.03250	0.00552	0.00668	0.00704	0.00793	0.00549	0.00503	0.01013	0.07877	0.05147	0.02407	0.35984	0.07124	0.19939	0.01033	0.00258	0.00367	0.10961	0.00426	0.00443
5	0.16017	0.00808	0.03792	0.00817	0.01059	0.00753	0.03784	0.06359	0.02052	0.19635	0.03626	0.22362	0.05735	0.05009	0.00605	0.00183	0.00398	0.03058	0.03368	0.00579
6	0.07270	0.01051	0.01175	0.00962	0.01281	0.01113	0.00795	0.41288	0.01765	0.16394	0.01694	0.04258	0.04681	0.00741	0.00508	0.00160	0.00467	0.10566	0.03112	0.00723
7	0.01187	0.00649	0.00821	0.00758	0.00942	0.00625	0.00578	0.03023	0.07930	0.24285	0.05472	0.21950	0.08191	0.07217	0.07153	0.00243	0.00436	0.04260	0.03708	0.00573
8	0.00688	0.00479	0.00606	0.00671	0.00748	0.00445	0.00481	0.00801	0.01010	0.03850	0.05929	0.45259	0.16589	0.08862	0.00792	0.00219	0.00321	0.11383	0.00449	0.00417
9	0.00806	0.00586	0.00660	0.00655	0.00796	0.00580	0.00483	0.01168	0.14847	0.03617	0.11614	0.20249	0.23807	0.05298	0.00647	0.00183	0.00297	0.02420	0.10796	0.00492
10	0.01202	0.01249	0.04786	0.21940	0.33826	0.07390	0.09474	0.04983	0.06217	0.01576	0.01009	0.01316	0.00805	0.00489	0.00497	0.00154	0.00640	0.01489	0.00268	0.00688
11	0.00866	0.00729	0.00947	0.08993	0.01154	0.03832	0.00703	0.03773	0.00869	0.01192	0.01246	0.04675	0.01246	0.21434	0.33438	0.00497	0.13116	0.00566	0.00274	0.00449
12	0.02913	0.00770	0.06865	0.03314	0.07667	0.00687	0.00743	0.03362	0.01024	0.03497	0.04369	0.40626	0.02257	0.04698	0.00713	0.00195	0.05430	0.05309	0.05061	0.00501
13	0.01196	0.03695	0.07507	0.07012	0.10766	0.02717	0.00913	0.14336	0.02946	0.09093	0.11756	0.07819	0.08835	0.00851	0.03313	0.00178	0.03562	0.00619	0.02252	0.00633

[dist]
# distance from previous block
# <min> <max>
7	17

[block]
# block no. 6 follows, 51 sequences, length 12
# corresponding to MSA columns:
# 252-263
name=unknown_G
#
# <colnr> <probs for GDERKNQSTAVLIFYWHMCP>
#	G	D	E	R	K	N	Q	S	T	A	V	L	I	F	Y	W	H	M	C	P
0	0.05396	0.05637	0.01593	0.04260	0.23773	0.17487	0.04624	0.08806	0.01283	0.11735	0.01038	0.01184	0.00800	0.00553	0.01960	0.00151	0.01702	0.00404	0.02153	0.05461
1	0.00762	0.00544	0.00690	0.00765	0.03890	0.00524	0.00526	0.00971	0.05803	0.04237	0.09904	0.36418	0.14618	0.06711	0.02426	0.00214	0.00341	0.06118	0.04077	0.00462
2	0.00680	0.00493	0.00576	0.00618	0.00720	0.00456	0.00445	0.03254	0.01083	0.01444	0.07165	0.39056	0.27813	0.01275	0.00577	0.00176	0.00279	0.03811	0.09650	0.00430
3	0.01259	0.46909	0.27976	0.01036	0.01555	0.01571	0.01153	0.05020	0.01089	0.04673	0.00829	0.00932	0.00665	0.00450	0.00382	0.00125	0.00583	0.00315	0.00241	0.03237
4	0.03758	0.00963	0.00997	0.00893	0.01093	0.09501	0.00701	0.07724	0.13437	0.11412	0.06656	0.09093	0.10192	0.00991	0.04334	0.02035	0.08490	0.03350	0.03788	0.00592
5	0.00706	0.00510	0.00648	0.09328	0.00896	0.00523	0.00458	0.00774	0.00836	0.01106	0.04767	0.21034	0.05125	0.49228	0.01713	0.00356	0.00434	0.00858	0.00340	0.00358
6	0.00722	0.00528	0.00607	0.00590	0.00729	0.00478	0.00438	0.00908	0.03397	0.04617	0.26479	0.05829	0.38232	0.09951	0.00788	0.00199	0.00289	0.04303	0.00472	0.00445
7	0.01160	0.01126	0.01796	0.05125	0.66107	0.03780	0.01362	0.01429	0.01124	0.01551	0.01355	0.01588	0.09275	0.00529	0.00495	0.00148	0.00560	0.00498	0.00266	0.00725
8	0.13050	0.00891	0.03516	0.00763	0.00984	0.05986	0.00617	0.10058	0.05589	0.05257	0.30215	0.05814	0.04632	0.00778	0.00487	0.00150	0.00366	0.00640	0.09645	0.00560
9	0.03846	0.00613	0.00705	0.00675	0.00830	0.00611	0.00511	0.03305	0.09494	0.08860	0.14482	0.14301	0.09744	0.06781	0.00654	0.00182	0.00320	0.05626	0.17945	0.00516
10	0.00645	0.00716	0.09142	0.00624	0.00836	0.00501	0.00549	0.00835	0.01150	0.01460	0.17258	0.07580	0.54682	0.01132	0.00570	0.00164	0.00299	0.00955	0.00444	0.00456
11	0.07685	0.01125	0.01269	0.01014	0.01353	0.01210	0.04195	0.42826	0.09601	0.08376	0.01821	0.01889	0.11120	0.00696	0.00502	0.00156	0.00476	0.03482	0.00471	0.00731

[dist]
# distance from previous block
# <min> <max>
0	19

[block]
# block no. 7 follows, 51 sequences, length 45
# corresponding to MSA columns:
# 283-327
name=unknown_H
#
# <colnr> <probs for GDERKNQSTAVLIFYWHMCP>
#	G	D	E	R	K	N	Q	S	T	A	V	L	I	F	Y	W	H	M	C	P
0	0.00705	0.00498	0.00607	0.00632	0.00745	0.00452	0.00461	0.00866	0.02341	0.04876	0.19550	0.33327	0.26531	0.01262	0.00593	0.00177	0.00276	0.03994	0.01664	0.00445
1	0.01462	0.05527	0.01389	0.01164	0.05298	0.11733	0.03298	0.19971	0.32573	0.04526	0.03481	0.01494	0.01181	0.01736	0.00509	0.00154	0.00518	0.00479	0.00426	0.03083
2	0.01100	0.07014	0.10504	0.01557	0.16516	0.02622	0.06365	0.03736	0.00986	0.01422	0.00972	0.06411	0.00898	0.00808	0.04227	0.00199	0.29760	0.00488	0.03800	0.00614
3	0.01405	0.35149	0.22189	0.01061	0.01537	0.05459	0.01100	0.16763	0.01323	0.06463	0.02718	0.01055	0.00797	0.00495	0.00413	0.00132	0.00585	0.00355	0.00299	0.00702
4	0.01056	0.21634	0.53860	0.01270	0.01879	0.01305	0.05605	0.01497	0.01030	0.01448	0.00923	0.04681	0.00750	0.00502	0.00444	0.00146	0.00664	0.00398	0.00222	0.00685
5	0.00712	0.00476	0.00550	0.00553	0.00573	0.00469	0.00330	0.00754	0.00823	0.01127	0.11053	0.08434	0.02209	0.64562	0.02068	0.00406	0.00425	0.00771	0.03373	0.00330
6	0.01347	0.10311	0.06376	0.02218	0.44164	0.03622	0.07284	0.15534	0.01330	0.01812	0.00943	0.01152	0.00757	0.00466	0.00474	0.00143	0.00605	0.00423	0.00284	0.00755
7	0.11620	0.08089	0.08712	0.03514	0.07862	0.10575	0.02233	0.13827	0.17384	0.05071	0.02063	0.01351	0.01871	0.03133	0.00515	0.00158	0.00544	0.00432	0.00360	0.00687
8	0.01153	0.01078	0.01587	0.01416	0.09424	0.04304	0.19696	0.11012	0.15119	0.01793	0.07960	0.09325	0.05580	0.00803	0.02916	0.00183	0.04981	0.00649	0.00376	0.00645
9	0.00611	0.00450	0.00569	0.00642	0.00703	0.00412	0.00440	0.00720	0.01022	0.01351	0.12902	0.57609	0.15871	0.03440	0.00660	0.00195	0.00277	0.01256	0.00463	0.00407
10	0.00627	0.00462	0.00638	0.00708	0.00759	0.00442	0.02117	0.00730	0.00945	0.01266	0.05181	0.65060	0.05726	0.04968	0.07637	0.00258	0.00391	0.01246	0.00431	0.00407
11	0.01019	0.00873	0.01019	0.00728	0.01165	0.00655	0.00582	0.01237	0.01019	0.01601	0.00873	0.01019	0.00728	0.00364	0.00364	0.00073	0.00364	0.00291	0.00291	0.85734
12	0.01943	0.00889	0.01152	0.00886	0.01252	0.00809	0.00728	0.09788	0.01434	0.57909	0.04848	0.01613	0.01245	0.00603	0.00517	0.00145	0.02933	0.00480	0.00546	0.10280
13	0.00623	0.00451	0.00593	0.00691	0.00742	0.00421	0.00486	0.00733	0.00996	0.01319	0.06830	0.65045	0.08432	0.01473	0.00627	0.00198	0.00297	0.09173	0.00460	0.00409
14	0.01164	0.01278	0.02535	0.01903	0.04725	0.03675	0.60744	0.04226	0.01169	0.01574	0.01091	0.06931	0.00915	0.00527	0.00630	0.00168	0.05219	0.00611	0.00270	0.00644
15	0.01112	0.01061	0.01806	0.31481	0.52015	0.01140	0.01456	0.01417	0.01070	0.01479	0.00906	0.01250	0.00734	0.00457	0.00488	0.00152	0.00610	0.00437	0.00234	0.00694
16	0.02110	0.00988	0.01235	0.00947	0.01330	0.00948	0.00782	0.23695	0.01661	0.58345	0.01725	0.01534	0.01109	0.00603	0.00493	0.00151	0.00453	0.00480	0.00575	0.00836
17	0.00741	0.00539	0.00727	0.00822	0.00932	0.00525	0.00693	0.00939	0.01115	0.01444	0.05266	0.14482	0.11906	0.01355	0.00658	0.00214	0.00402	0.56339	0.00456	0.00442
18	0.00599	0.00428	0.00570	0.00684	0.00713	0.00399	0.00456	0.00684	0.00941	0.01254	0.02709	0.82409	0.03250	0.01540	0.00627	0.00200	0.00285	0.01397	0.00456	0.00399
19	0.00928	0.00873	0.01474	0.81548	0.03385	0.01092	0.01365	0.01256	0.00983	0.01256	0.00873	0.01310	0.00655	0.00491	0.00491	0.00164	0.00655	0.00437	0.00218	0.00546
20	0.01861	0.01888	0.01419	0.01197	0.01513	0.44889	0.00936	0.33953	0.01779	0.04518	0.00974	0.01035	0.00737	0.00545	0.00465	0.00136	0.00726	0.00375	0.00365	0.00690
21	0.01059	0.00872	0.01023	0.00733	0.01168	0.00657	0.00587	0.01277	0.01032	0.04255	0.00910	0.01041	0.00744	0.00372	0.00368	0.00075	0.00366	0.00298	0.00302	0.82860
22	0.00986	0.02542	0.80183	0.01401	0.02127	0.01141	0.01816	0.01556	0.01038	0.01556	0.00882	0.01038	0.00623	0.00467	0.00467	0.00156	0.00726	0.00363	0.00208	0.00726
23	0.00834	0.00748	0.00753	0.03038	0.00937	0.07525	0.00550	0.01187	0.13088	0.01613	0.26322	0.11459	0.28021	0.01028	0.00558	0.00163	0.00336	0.00876	0.00464	0.00501
24	0.00775	0.00582	0.00617	0.00585	0.00773	0.00531	0.00446	0.01058	0.10014	0.06464	0.09020	0.04048	0.58465	0.01102	0.00559	0.00163	0.00274	0.00920	0.03116	0.00487
25	0.00595	0.00455	0.00546	0.00615	0.00696	0.00407	0.00426	0.00699	0.01018	0.01301	0.05655	0.52135	0.30850	0.01418	0.00609	0.00186	0.00271	0.01253	0.00459	0.00407
