[name]
unknown

[dist]
# distance from previous block
# <min> <max>
7	298

[block]
# block no. 0 follows, 57 sequences, length 115
# corresponding to MSA columns:
# 1533-1647
name=unknown_A
#
# <colnr> <probs for GDERKNQSTAVLIFYWHMCP>
#	G	D	E	R	K	N	Q	S	T	A	V	L	I	F	Y	W	H	M	C	P
0	0.01208	0.10433	0.02434	0.02346	0.05042	0.07455	0.00757	0.19609	0.06004	0.04364	0.01302	0.09877	0.04534	0.00620	0.00481	0.00129	0.04540	0.01937	0.00339	0.16589
1	0.02316	0.11714	0.06542	0.02627	0.10323	0.01889	0.02343	0.05804	0.09183	0.12919	0.07424	0.03631	0.05433	0.00674	0.00461	0.00145	0.00430	0.11458	0.02975	0.01711
2	0.01109	0.02616	0.00968	0.00819	0.01054	0.02212	0.02281	0.12003	0.25530	0.10180	0.03423	0.09771	0.13557	0.00962	0.06543	0.00192	0.00432	0.02471	0.00423	0.03454
3	0.01113	0.04619	0.01129	0.03436	0.09189	0.08266	0.02088	0.15052	0.13295	0.03991	0.05837	0.18735	0.04702	0.00786	0.00501	0.00151	0.01567	0.04584	0.00381	0.00578
4	0.00781	0.00653	0.02524	0.00859	0.01000	0.00644	0.13833	0.00937	0.00856	0.03110	0.01651	0.14543	0.07732	0.15735	0.16792	0.01956	0.05956	0.00666	0.09346	0.00427
5	0.01190	0.01000	0.07672	0.02691	0.01221	0.07710	0.03172	0.07265	0.13258	0.16344	0.02697	0.08386	0.03000	0.01040	0.09815	0.00221	0.01984	0.10360	0.00386	0.00588
6	0.00908	0.02235	0.75609	0.01298	0.01941	0.01038	0.05251	0.01418	0.00972	0.01447	0.03241	0.01042	0.00691	0.00443	0.00438	0.00144	0.00660	0.00359	0.00202	0.00660
7	0.02647	0.16544	0.44827	0.03807	0.01672	0.03060	0.02570	0.01535	0.04226	0.10916	0.00984	0.01152	0.00739	0.00473	0.00415	0.00137	0.00580	0.02811	0.00257	0.00647
8	0.01002	0.00958	0.01617	0.29280	0.47761	0.01033	0.02590	0.01271	0.00980	0.01349	0.00999	0.01295	0.04320	0.00466	0.00488	0.00143	0.03171	0.00430	0.00225	0.00622
9	0.00700	0.00500	0.00695	0.00800	0.00891	0.00495	0.00677	0.00886	0.01013	0.01322	0.02416	0.18532	0.02674	0.01280	0.00618	0.00204	0.00391	0.65077	0.00418	0.00409
10	0.00871	0.00827	0.01414	0.77994	0.05574	0.01013	0.03630	0.01174	0.00915	0.01177	0.00810	0.01206	0.00610	0.00449	0.00455	0.00151	0.00607	0.00407	0.00203	0.00513
11	0.00888	0.00854	0.01369	0.73188	0.06163	0.03677	0.02394	0.01176	0.00925	0.01174	0.00859	0.03809	0.00685	0.00481	0.00457	0.00150	0.00600	0.00429	0.00211	0.00510
12	0.01080	0.01034	0.01765	0.15260	0.69093	0.01066	0.01370	0.01354	0.01012	0.01430	0.00845	0.01135	0.00700	0.00411	0.00449	0.00137	0.00549	0.00404	0.00221	0.00684
13	0.00552	0.00394	0.00526	0.00631	0.00657	0.00368	0.00421	0.00631	0.00868	0.01157	0.02498	0.83779	0.02997	0.01420	0.00578	0.00184	0.00263	0.01288	0.00421	0.00368
14	0.01026	0.01067	0.02085	0.24432	0.14145	0.01086	0.41680	0.03928	0.01053	0.01415	0.00978	0.01281	0.02771	0.00430	0.00497	0.00149	0.00664	0.00486	0.00233	0.00596
15	0.00659	0.00439	0.00494	0.00494	0.00494	0.00439	0.00275	0.00659	0.00659	0.00879	0.01428	0.02965	0.01647	0.84075	0.02306	0.00439	0.00439	0.00659	0.00275	0.00275
16	0.00658	0.00442	0.00507	0.00507	0.00511	0.00446	0.00290	0.00667	0.00663	0.00888	0.01416	0.02903	0.01620	0.79809	0.06536	0.00455	0.00480	0.00650	0.00273	0.00281
17	0.00659	0.00439	0.00494	0.00494	0.00494	0.00439	0.00275	0.00659	0.00659	0.00879	0.01428	0.02965	0.01647	0.84075	0.02306	0.00439	0.00439	0.00659	0.00275	0.00275
18	0.00730	0.00522	0.00730	0.00835	0.00939	0.00522	0.00730	0.00939	0.01043	0.01356	0.02399	0.05111	0.02608	0.01252	0.00626	0.00209	0.00417	0.78199	0.00417	0.00417
19	0.01693	0.02160	0.01284	0.01167	0.01401	0.82256	0.00876	0.01809	0.01284	0.01109	0.00700	0.00817	0.00584	0.00467	0.00409	0.00117	0.00817	0.00292	0.00233	0.00525
20	0.00940	0.00805	0.00940	0.00671	0.01074	0.00604	0.00537	0.01141	0.00940	0.01477	0.00805	0.00940	0.00671	0.00336	0.00336	0.00067	0.00336	0.00268	0.00268	0.86845
21	0.00544	0.00459	0.00470	0.00468	0.00617	0.00386	0.00351	0.00666	0.01052	0.01270	0.10509	0.04285	0.75118	0.01130	0.00535	0.00152	0.00228	0.00946	0.00427	0.00386
22	0.00917	0.02285	0.77548	0.01324	0.01983	0.01057	0.05794	0.01436	0.00963	0.01436	0.00819	0.00971	0.00580	0.00428	0.00436	0.00144	0.00675	0.00345	0.00193	0.00667
23	0.01122	0.01077	0.01839	0.02781	0.81248	0.01077	0.01391	0.01391	0.01032	0.01480	0.00852	0.01122	0.00718	0.00404	0.00449	0.00135	0.00538	0.00404	0.00224	0.00718
24	0.00787	0.00394	0.00590	0.00590	0.00590	0.00394	0.00394	0.00590	0.00590	0.00787	0.00787	0.01377	0.00787	0.01574	0.01771	0.86816	0.00394	0.00394	0.00197	0.00197
25	0.01035	0.01216	0.07882	0.05193	0.10955	0.01158	0.47247	0.01359	0.00980	0.01373	0.00847	0.01161	0.00671	0.00512	0.02040	0.00167	0.14909	0.00476	0.00220	0.00599
26	0.01951	0.00790	0.01049	0.00817	0.01159	0.00708	0.00671	0.02226	0.08487	0.74324	0.01793	0.01556	0.01145	0.00566	0.00456	0.00141	0.00383	0.00461	0.00552	0.00766
27	0.01060	0.01014	0.01729	0.21205	0.63302	0.01061	0.01360	0.01337	0.01003	0.01406	0.00842	0.01141	0.00692	0.00415	0.00450	0.00138	0.00553	0.00404	0.00219	0.00669
28	0.00911	0.00862	0.01465	0.68285	0.13890	0.01026	0.03639	0.02300	0.00946	0.01235	0.00819	0.01195	0.00625	0.00445	0.00455	0.00149	0.00598	0.00407	0.00209	0.00540
29	0.00928	0.00891	0.01544	0.60184	0.20723	0.01031	0.05818	0.01227	0.00944	0.01248	0.00822	0.01189	0.00635	0.00438	0.00457	0.00147	0.00598	0.00411	0.00208	0.00558
30	0.00650	0.00441	0.00497	0.00498	0.00511	0.00434	0.00287	0.00666	0.00709	0.00941	0.04856	0.04489	0.06189	0.74629	0.02105	0.00407	0.00415	0.00693	0.00294	0.00288
31	0.00940	0.00805	0.00940	0.00671	0.01074	0.00604	0.00537	0.01141	0.00940	0.01477	0.00805	0.00940	0.00671	0.00336	0.00336	0.00067	0.00336	0.00268	0.00268	0.86845
32	0.00649	0.00481	0.00705	0.00705	0.00777	0.00554	0.00537	0.00794	0.00721	0.01034	0.01235	0.01900	0.01185	0.11582	0.74167	0.00699	0.01135	0.00503	0.00246	0.00391
33	0.01122	0.01077	0.01839	0.02781	0.81248	0.01077	0.01391	0.01391	0.01032	0.01480	0.00852	0.01122	0.00718	0.00404	0.00449	0.00135	0.00538	0.00404	0.00224	0.00718
34	0.00659	0.00439	0.00494	0.00494	0.00494	0.00439	0.00275	0.00659	0.00659	0.00879	0.01428	0.02965	0.01647	0.84075	0.02306	0.00439	0.00439	0.00659	0.00275	0.00275
35	0.00645	0.00474	0.00576	0.00569	0.00678	0.00439	0.00415	0.00843	0.04289	0.02926	0.40292	0.18077	0.22096	0.04867	0.00620	0.00167	0.00246	0.00911	0.00455	0.00417
36	0.00627	0.00463	0.00585	0.00555	0.00668	0.00421	0.00416	0.00826	0.01248	0.01734	0.70306	0.03522	0.15031	0.00957	0.00535	0.00144	0.00216	0.00839	0.00488	0.00421
37	0.01070	0.01222	0.02674	0.01910	0.02368	0.01146	0.79603	0.01451	0.01070	0.01451	0.00917	0.01222	0.00688	0.00382	0.00535	0.00153	0.00764	0.00535	0.00229	0.00611
38	0.00608	0.00455	0.00564	0.00550	0.00660	0.00411	0.00408	0.00785	0.01184	0.01614	0.55523	0.11571	0.21947	0.01026	0.00539	0.00149	0.00222	0.00898	0.00473	0.00411
39	0.00575	0.00471	0.00507	0.00496	0.00638	0.00410	0.00371	0.00737	0.02750	0.01376	0.22884	0.04048	0.59677	0.02366	0.00561	0.00155	0.00232	0.00909	0.00438	0.00399
40	0.01122	0.01077	0.01839	0.02781	0.81248	0.01077	0.01391	0.01391	0.01032	0.01480	0.00852	0.01122	0.00718	0.00404	0.00449	0.00135	0.00538	0.00404	0.00224	0.00718
41	0.00536	0.00457	0.00461	0.00463	0.00613	0.00382	0.00346	0.00650	0.01029	0.01223	0.04541	0.06254	0.79203	0.01154	0.00537	0.00154	0.00230	0.00964	0.00421	0.00382
42	0.00647	0.00470	0.00536	0.00523	0.00645	0.00417	0.00382	0.00776	0.01053	0.04613	0.24006	0.06475	0.42197	0.12316	0.00776	0.00191	0.00266	0.02888	0.00427	0.00396
43	0.00559	0.00398	0.00529	0.00631	0.00658	0.00374	0.00422	0.00638	0.00865	0.01152	0.02462	0.79571	0.02946	0.04036	0.00634	0.00193	0.00272	0.02879	0.00416	0.00366
44	0.00641	0.00463	0.00606	0.00570	0.00677	0.00428	0.00428	0.00855	0.01283	0.01817	0.81009	0.03385	0.04276	0.00926	0.00534	0.00143	0.00214	0.00819	0.00499	0.00428
45	0.01127	0.00973	0.01025	0.00922	0.01178	0.01127	0.00717	0.02408	0.80430	0.01896	0.01844	0.01691	0.01383	0.00615	0.00461	0.00154	0.00359	0.00512	0.00461	0.00717
46	0.00662	0.00484	0.00593	0.00615	0.00714	0.00459	0.00461	0.00848	0.04412	0.02558	0.20992	0.18080	0.20180	0.11508	0.00777	0.00202	0.00301	0.15325	0.00424	0.00403
47	0.01070	0.01222	0.02674	0.01910	0.02368	0.01146	0.79603	0.01451	0.01070	0.01451	0.00917	0.01222	0.00688	0.00382	0.00535	0.00153	0.00764	0.00535	0.00229	0.00611
48	0.00551	0.00397	0.00523	0.00624	0.00655	0.00369	0.00418	0.00632	0.00874	0.01159	0.02583	0.80538	0.06183	0.01409	0.00577	0.00183	0.00262	0.01275	0.00421	0.00369
49	0.00909	0.00484	0.00494	0.00471	0.00594	0.00494	0.00358	0.06859	0.01031	0.01761	0.01438	0.01640	0.01126	0.00546	0.00351	0.01541	0.00235	0.00421	0.78801	0.00444
50	0.00552	0.00396	0.00524	0.00626	0.00656	0.00368	0.00418	0.00632	0.00873	0.01159	0.02561	0.81380	0.05356	0.01411	0.00577	0.00183	0.00262	0.01278	0.00421	0.00368
51	0.00659	0.00441	0.00502	0.00502	0.00504	0.00443	0.00284	0.00664	0.00661	0.00884	0.01421	0.02928	0.01631	0.81546	0.04813	0.00448	0.00464	0.00654	0.00274	0.00279
52	0.02033	0.00771	0.01052	0.00806	0.01157	0.00666	0.00666	0.02208	0.01297	0.81562	0.01788	0.01542	0.01122	0.00561	0.00456	0.00140	0.00386	0.00456	0.00561	0.00771
53	0.00980	0.00951	0.01340	0.01147	0.01175	0.01294	0.02628	0.03531	0.00749	0.01146	0.00687	0.01105	0.00669	0.02579	0.08480	0.00246	0.70173	0.00413	0.00212	0.00495
54	0.01658	0.01605	0.01298	0.01084	0.01377	0.35289	0.00855	0.38183	0.07513	0.03601	0.00985	0.01026	0.00741	0.00522	0.00456	0.00131	0.02292	0.00368	0.00359	0.00658
55	0.01149	0.01232	0.01364	0.53245	0.02515	0.24682	0.02709	0.05463	0.01083	0.01238	0.00792	0.01088	0.00609	0.00460	0.00442	0.00140	0.00664	0.00373	0.00224	0.00526
56	0.00647	0.00485	0.00728	0.00728	0.00809	0.00566	0.00566	0.00809	0.00728	0.01052	0.01214	0.01780	0.01133	0.03398	0.82279	0.00728	0.01214	0.00485	0.00243	0.00405
57	0.01372	0.01543	0.01150	0.01131	0.05286	0.46507	0.00845	0.05858	0.07370	0.01345	0.01290	0.02004	0.02471	0.00679	0.00471	0.00144	0.00645	0.19043	0.00310	0.00535
58	0.00977	0.00971	0.01361	0.01171	0.01174	0.01354	0.00974	0.01079	0.00695	0.01089	0.00620	0.01024	0.00617	0.00899	0.04784	0.00220	0.79898	0.00400	0.00200	0.00492
59	0.00627	0.00463	0.00586	0.00555	0.00668	0.00421	0.00416	0.00827	0.01249	0.01737	0.70642	0.03517	0.14693	0.00956	0.00535	0.00144	0.00216	0.00838	0.00488	0.00421
60	0.01693	0.02160	0.01284	0.01167	0.01401	0.82256	0.00876	0.01809	0.01284	0.01109	0.00700	0.00817	0.00584	0.00467	0.00409	0.00117	0.00817	0.00292	0.00233	0.00525
61	0.00647	0.00485	0.00728	0.00728	0.00809	0.00566	0.00566	0.00809	0.00728	0.01052	0.01214	0.01780	0.01133	0.03398	0.82279	0.00728	0.01214	0.00485	0.00243	0.00405
62	0.01367	0.00954	0.01057	0.00907	0.01192	0.01051	0.00718	0.08440	0.57431	0.18933	0.01773	0.01612	0.01279	0.00598	0.00459	0.00149	0.00375	0.00492	0.00482	0.00733
63	0.07196	0.00452	0.00616	0.00603	0.00633	0.00466	0.00413	0.02713	0.00644	0.00933	0.00783	0.01323	0.00765	0.01462	0.01627	0.78154	0.00393	0.00383	0.00210	0.00233
64	0.04076	0.78235	0.02274	0.00785	0.01163	0.05051	0.00770	0.01374	0.00931	0.01100	0.00633	0.00731	0.00579	0.00392	0.00295	0.00099	0.00494	0.00244	0.00198	0.00576
65	0.01693	0.02160	0.01284	0.01167	0.01401	0.82256	0.00876	0.01809	0.01284	0.01109	0.00700	0.00817	0.00584	0.00467	0.00409	0.00117	0.00817	0.00292	0.00233	0.00525
66	0.00891	0.00833	0.01362	0.72295	0.07467	0.01020	0.01226	0.01264	0.06807	0.01231	0.00885	0.01239	0.00668	0.00462	0.00453	0.00150	0.00582	0.00411	0.00222	0.00532
67	0.00562	0.00459	0.00488	0.00482	0.00618	0.00394	0.00356	0.00689	0.01059	0.01316	0.18648	0.04104	0.62511	0.05552	0.00630	0.00166	0.00238	0.00915	0.00427	0.00385
68	0.01518	0.00948	0.01082	0.00901	0.01204	0.01012	0.00721	0.13499	0.42499	0.28847	0.01716	0.01554	0.01207	0.00586	0.00458	0.00147	0.00388	0.00478	0.00494	0.00743
69	0.00659	0.00439	0.00494	0.00494	0.00494	0.00439	0.00275	0.00659	0.00659	0.00879	0.01428	0.02965	0.01647	0.84075	0.02306	0.00439	0.00439	0.00659	0.00275	0.00275
70	0.01723	0.01269	0.01360	0.01043	0.01405	0.01405	0.00861	0.79738	0.02131	0.02856	0.01088	0.01088	0.00771	0.00544	0.00453	0.00136	0.00499	0.00408	0.00453	0.00771
71	0.01020	0.01039	0.01384	0.01189	0.01198	0.04688	0.00987	0.01120	0.00718	0.01091	0.00599	0.00984	0.00594	0.00780	0.01443	0.00195	0.79882	0.00392	0.00200	0.00497
72	0.00556	0.00397	0.00530	0.00635	0.00663	0.00371	0.00427	0.00637	0.00871	0.01161	0.02496	0.82257	0.02989	0.01416	0.00579	0.00185	0.00266	0.02776	0.00421	0.00369
73	0.00659	0.00439	0.00494	0.00494	0.00494	0.00439	0.00275	0.00659	0.00659	0.00879	0.01428	0.02965	0.01647	0.84075	0.02306	0.00439	0.00439	0.00659	0.00275	0.00275
74	0.00552	0.00396	0.00524	0.00625	0.00656	0.00369	0.00418	0.00632	0.00873	0.01159	0.02567	0.81155	0.05577	0.01411	0.00577	0.00183	0.00262	0.01277	0.00421	0.00369
75	0.00914	0.00844	0.01355	0.33030	0.28289	0.02432	0.02203	0.01168	0.00978	0.01300	0.01261	0.08258	0.02225	0.00650	0.00491	0.00157	0.00527	0.13103	0.00265	0.00550
76	0.84593	0.00917	0.00685	0.00614	0.00893	0.03563	0.00503	0.01347	0.00787	0.02004	0.00633	0.00739	0.00494	0.00422	0.00284	0.00139	0.00365	0.00247	0.00279	0.00492
77	0.00787	0.00394	0.00590	0.00590	0.00590	0.00394	0.00394	0.00590	0.00590	0.00787	0.00787	0.01377	0.00787	0.01574	0.01771	0.86816	0.00394	0.00394	0.00197	0.00197
78	0.01227	0.79436	0.04674	0.00791	0.01186	0.01738	0.00799	0.01385	0.00933	0.03480	0.00670	0.00758	0.00597	0.00394	0.00300	0.00100	0.00487	0.00251	0.00205	0.00590
79	0.01544	0.01018	0.02304	0.00878	0.01220	0.02910	0.00723	0.31221	0.08830	0.24108	0.01539	0.01466	0.06467	0.00563	0.00442	0.00130	0.00422	0.00444	0.00445	0.13327
80	0.01248	0.01024	0.03472	0.00927	0.01210	0.01104	0.00753	0.18003	0.51863	0.05924	0.06963	0.01700	0.01432	0.00622	0.00466	0.00149	0.00389	0.01588	0.00458	0.00706
81	0.00888	0.00871	0.01608	0.50792	0.02620	0.00972	0.21484	0.01194	0.00961	0.01255	0.01054	0.04252	0.00911	0.00549	0.00496	0.00159	0.00615	0.08563	0.00238	0.00518
82	0.00909	0.02344	0.81727	0.01292	0.01961	0.01052	0.01674	0.01435	0.00957	0.01435	0.00813	0.00957	0.00574	0.00431	0.00431	0.00144	0.00670	0.00335	0.00191	0.00670
83	0.00626	0.00470	0.00581	0.00552	0.00670	0.00428	0.00414	0.00834	0.02365	0.01693	0.63731	0.03567	0.20456	0.00969	0.00534	0.00145	0.00219	0.00844	0.00482	0.00422
84	0.01288	0.03097	0.13409	0.00981	0.01327	0.29979	0.00865	0.07719	0.01172	0.04750	0.03507	0.01068	0.00800	0.00649	0.05881	0.00152	0.00631	0.00338	0.00276	0.22110
85	0.01720	0.00971	0.02130	0.00891	0.01218	0.02486	0.00735	0.27109	0.08484	0.40203	0.05473	0.02981	0.01223	0.00599	0.00463	0.00141	0.00421	0.01520	0.00499	0.00731
86	0.00647	0.00485	0.00728	0.00728	0.00809	0.00566	0.00566	0.00809	0.00728	0.01052	0.01214	0.01780	0.01133	0.03398	0.82279	0.00728	0.01214	0.00485	0.00243	0.00405
87	0.00940	0.00805	0.00940	0.00671	0.01074	0.00604	0.00537	0.01141	0.00940	0.01477	0.00805	0.00940	0.00671	0.00336	0.00336	0.00067	0.00336	0.00268	0.00268	0.86845
88	0.00940	0.00805	0.00940	0.00671	0.01074	0.00604	0.00537	0.01141	0.00940	0.01477	0.00805	0.00940	0.00671	0.00336	0.00336	0.00067	0.00336	0.00268	0.00268	0.86845
89	0.17834	0.01006	0.07891	0.00843	0.01204	0.00890	0.00746	0.14616	0.02857	0.42539	0.02657	0.01289	0.00948	0.00523	0.00419	0.00139	0.00417	0.00402	0.00451	0.02331
90	0.01125	0.00727	0.00854	0.00761	0.00973	0.00748	0.00589	0.04408	0.29115	0.18573	0.18532	0.12784	0.07268	0.00804	0.00495	0.00152	0.00318	0.00690	0.00482	0.00603
91	0.85597	0.00874	0.00674	0.00600	0.00882	0.01010	0.00494	0.01349	0.00782	0.03599	0.00654	0.00752	0.00503	0.00423	0.00284	0.00140	0.00351	0.00250	0.00286	0.00496
92	0.00940	0.00805	0.00940	0.00671	0.01074	0.00604	0.00537	0.01141	0.00940	0.01477	0.00805	0.00940	0.00671	0.00336	0.00336	0.00067	0.00336	0.00268	0.00268	0.86845
93	0.00575	0.00407	0.00532	0.00623	0.00649	0.00385	0.00417	0.00650	0.00848	0.01129	0.02348	0.68910	0.02795	0.12558	0.00814	0.00220	0.00294	0.05086	0.00401	0.00358
94	0.02007	0.00814	0.01078	0.00826	0.01178	0.00729	0.00683	0.08812	0.01368	0.74858	0.01728	0.01504	0.01092	0.00559	0.00455	0.00140	0.00395	0.00452	0.00552	0.00771
95	0.00573	0.00437	0.00527	0.00553	0.00647	0.00391	0.00396	0.00705	0.01049	0.01378	0.26756	0.32060	0.30534	0.01177	0.00550	0.00161	0.00237	0.01032	0.00444	0.00391
96	0.00647	0.00485	0.00728	0.00728	0.00809	0.00566	0.00566	0.00809	0.00728	0.01052	0.01214	0.01780	0.01133	0.03398	0.82279	0.00728	0.01214	0.00485	0.00243	0.00405
97	0.01033	0.01094	0.06949	0.07129	0.45010	0.05031	0.05129	0.01354	0.04915	0.01460	0.07525	0.04254	0.01173	0.00595	0.02229	0.00155	0.00542	0.03520	0.00270	0.00632
98	0.00930	0.00990	0.06770	0.08893	0.29488	0.00888	0.17321	0.01204	0.01040	0.02507	0.06297	0.03067	0.17408	0.00604	0.00490	0.00145	0.00511	0.00576	0.00285	0.00584
99	0.01235	0.41020	0.16005	0.00969	0.01379	0.06050	0.04560	0.13854	0.02380	0.02596	0.00961	0.01061	0.03936	0.01711	0.00404	0.00124	0.00537	0.00344	0.00258	0.00617
100	0.02735	0.36015	0.38076	0.01028	0.01531	0.02558	0.01176	0.04058	0.05216	0.02600	0.00812	0.00908	0.00634	0.00429	0.00372	0.00124	0.00563	0.00308	0.00223	0.00635
101	0.00659	0.00441	0.00501	0.00501	0.00504	0.00443	0.00283	0.00663	0.00661	0.00884	0.01421	0.02930	0.01632	0.81666	0.04694	0.00448	0.00462	0.00654	0.00274	0.00278
102	0.00651	0.00469	0.00646	0.00646	0.00699	0.00522	0.00464	0.00757	0.00704	0.00991	0.01289	0.02194	0.01313	0.31594	0.54330	0.00627	0.00943	0.00546	0.00254	0.00359
103	0.01245	0.23684	0.16829	0.02663	0.09143	0.07590	0.05369	0.13424	0.01169	0.05570	0.00936	0.03948	0.00776	0.00539	0.01576	0.00139	0.03067	0.01429	0.00272	0.00631
104	0.01274	0.00954	0.01039	0.00910	0.01182	0.01071	0.00715	0.04830	0.66790	0.13159	0.01812	0.01651	0.01327	0.00605	0.00460	0.00151	0.00367	0.00501	0.00475	0.00727
105	0.00545	0.00444	0.00482	0.00505	0.00626	0.00381	0.00366	0.00656	0.01007	0.01238	0.07931	0.22920	0.58924	0.01200	0.00546	0.00160	0.00237	0.01027	0.00425	0.00381
106	0.01249	0.72126	0.02288	0.00873	0.01250	0.09361	0.05010	0.01405	0.00963	0.01091	0.00652	0.00762	0.00587	0.00395	0.00315	0.00102	0.00531	0.00263	0.00199	0.00578
107	0.00668	0.00508	0.00736	0.00725	0.00791	0.00596	0.00554	0.00806	0.00718	0.01032	0.01206	0.01884	0.01167	0.13325	0.67805	0.00663	0.05677	0.00502	0.00244	0.00393
108	0.02033	0.00771	0.01052	0.00806	0.01157	0.00666	0.00666	0.02208	0.01297	0.81562	0.01788	0.01542	0.01122	0.00561	0.00456	0.00140	0.00386	0.00456	0.00561	0.00771
109	0.00622	0.00448	0.00583	0.00611	0.00691	0.00432	0.00442	0.00751	0.00957	0.02811	0.18995	0.32476	0.15284	0.04755	0.16529	0.00285	0.00444	0.02088	0.00400	0.00395
110	0.03530	0.19669	0.06188	0.06282	0.07176	0.05755	0.01967	0.08567	0.06316	0.14229	0.04874	0.02345	0.02700	0.00626	0.02921	0.00152	0.05344	0.00415	0.00324	0.00618
111	0.87276	0.00876	0.00666	0.00596	0.00876	0.01017	0.00491	0.01332	0.00771	0.02033	0.00631	0.00736	0.00491	0.00421	0.00280	0.00140	0.00351	0.00245	0.00280	0.00491
112	0.00648	0.00483	0.00718	0.00718	0.00795	0.00561	0.00553	0.00802	0.00725	0.01044	0.01223	0.01833	0.01156	0.06991	0.78719	0.00715	0.01179	0.00493	0.00244	0.00399
113	0.05649	0.00791	0.01062	0.03429	0.05776	0.02707	0.03917	0.08120	0.02149	0.30319	0.03856	0.02635	0.01136	0.03687	0.22347	0.00306	0.00650	0.00473	0.00388	0.00605
114	0.01640	0.03226	0.01342	0.03778	0.03876	0.70879	0.02486	0.02864	0.01267	0.03537	0.00749	0.00871	0.00609	0.00466	0.00414	0.00120	0.00779	0.00309	0.00244	0.00544

[dist]
# distance from previous block
# <min> <max>
1	2

[block]
# block no. 1 follows, 57 sequences, length 53
# corresponding to MSA columns:
# 1650-1680,1682-1690,1700-1705,1713-1719
name=unknown_B
#
# <colnr> <probs for GDERKNQSTAVLIFYWHMCP>
#	G	D	E	R	K	N	Q	S	T	A	V	L	I	F	Y	W	H	M	C	P
0	0.07266	0.07524	0.01362	0.01032	0.03160	0.12941	0.00827	0.51091	0.03327	0.02317	0.02041	0.01039	0.00767	0.00511	0.00421	0.00129	0.00523	0.00372	0.00382	0.02968
1	0.04822	0.13829	0.04910	0.14125	0.03031	0.43636	0.06781	0.01572	0.01117	0.01193	0.00727	0.00903	0.00592	0.00442	0.00404	0.00124	0.00701	0.00322	0.00222	0.00544
2	0.01922	0.00877	0.01108	0.00857	0.01205	0.00832	0.00706	0.16850	0.06002	0.62131	0.01659	0.01465	0.01070	0.00561	0.00456	0.00140	0.00405	0.00450	0.00535	0.00768
3	0.00539	0.00459	0.00464	0.00463	0.00614	0.00384	0.00347	0.00658	0.01042	0.01246	0.07415	0.04325	0.78226	0.01139	0.00536	0.00153	0.00229	0.00951	0.00424	0.00384
4	0.87276	0.00876	0.00666	0.00596	0.00876	0.01017	0.00491	0.01332	0.00771	0.02033	0.00631	0.00736	0.00491	0.00421	0.00280	0.00140	0.00351	0.00245	0.00280	0.00491
5	0.01231	0.00969	0.01089	0.00806	0.01192	0.00892	0.00654	0.28493	0.02618	0.03139	0.00934	0.01012	0.00724	0.00416	0.00380	0.00093	0.00393	0.00324	0.00340	0.54301
6	0.00647	0.00485	0.00728	0.00728	0.00809	0.00566	0.00566	0.00809	0.00728	0.01052	0.01214	0.01780	0.01133	0.03398	0.82279	0.00728	0.01214	0.00485	0.00243	0.00405
7	0.01651	0.12854	0.01501	0.01005	0.01371	0.01459	0.00849	0.68808	0.01962	0.02606	0.01024	0.01038	0.00744	0.00522	0.00431	0.00131	0.00497	0.00385	0.00417	0.00744
8	0.00648	0.00484	0.00722	0.00722	0.00801	0.00563	0.00559	0.00805	0.00726	0.01047	0.01219	0.01811	0.01146	0.05528	0.80168	0.00721	0.01193	0.00490	0.00244	0.00401
9	0.01249	0.05439	0.01047	0.00821	0.01105	0.12088	0.00649	0.01726	0.23452	0.15529	0.05345	0.04780	0.06006	0.00593	0.00431	0.00126	0.00410	0.00479	0.00391	0.18336
10	0.01524	0.07019	0.08603	0.01004	0.01326	0.26370	0.00855	0.06398	0.21124	0.19333	0.01257	0.01220	0.00913	0.00521	0.00429	0.00133	0.00552	0.00391	0.00369	0.00659
11	0.00972	0.08854	0.64187	0.01279	0.04394	0.02485	0.03055	0.02612	0.00977	0.01419	0.00800	0.00948	0.00589	0.00430	0.00436	0.00137	0.02011	0.00332	0.00201	0.03883
12	0.01369	0.54802	0.03704	0.00914	0.01261	0.26143	0.00828	0.04224	0.01074	0.01149	0.00671	0.00772	0.00589	0.00418	0.00335	0.00105	0.00590	0.00265	0.00215	0.00573
13	0.01665	0.02114	0.01288	0.01168	0.01393	0.79102	0.00880	0.01781	0.01261	0.01108	0.00696	0.00824	0.00584	0.00480	0.00451	0.00120	0.04032	0.00296	0.00232	0.00524
14	0.01345	0.01198	0.03954	0.01118	0.07069	0.08872	0.00853	0.29075	0.26655	0.02980	0.01372	0.01476	0.02614	0.02127	0.02543	0.00164	0.03018	0.02492	0.00393	0.00680
15	0.00715	0.00535	0.00721	0.02821	0.04114	0.00513	0.00625	0.00906	0.01072	0.02459	0.17170	0.06419	0.16458	0.02249	0.00594	0.00180	0.00350	0.38980	0.00416	0.02703
16	0.25224	0.04565	0.00911	0.00703	0.00993	0.00848	0.00570	0.03899	0.11862	0.15225	0.11970	0.01522	0.03911	0.00550	0.00392	0.00128	0.00343	0.00426	0.00385	0.15573
17	0.01096	0.16839	0.01274	0.05863	0.01229	0.03864	0.00681	0.06300	0.04047	0.05268	0.04063	0.04752	0.00942	0.00481	0.00418	0.00104	0.03637	0.00371	0.00295	0.38475
18	0.00783	0.00590	0.00741	0.00670	0.00874	0.00503	0.00528	0.00965	0.01042	0.03684	0.20462	0.15886	0.04835	0.00862	0.00488	0.00136	0.00309	0.15879	0.00390	0.30372
19	0.00858	0.02073	0.09579	0.04656	0.12092	0.00803	0.04482	0.03149	0.10371	0.01583	0.26392	0.06148	0.09750	0.00746	0.00540	0.00149	0.04110	0.01606	0.00368	0.00545
20	0.00580	0.00409	0.00519	0.00595	0.00621	0.00388	0.00387	0.00643	0.00826	0.01095	0.02318	0.60190	0.05624	0.21270	0.00993	0.00245	0.00306	0.02260	0.00385	0.00347
21	0.00879	0.00474	0.00525	0.00490	0.00615	0.00476	0.02931	0.03463	0.00990	0.01717	0.01448	0.01656	0.01134	0.00524	0.00328	0.00108	0.00238	0.00426	0.81141	0.00439
22	0.00656	0.00531	0.00810	0.00793	0.00888	0.00510	0.09521	0.00850	0.05631	0.01272	0.06832	0.61685	0.02679	0.02679	0.00595	0.00181	0.00330	0.02733	0.00403	0.00419
23	0.00774	0.00635	0.00942	0.00857	0.00964	0.00748	0.04894	0.03769	0.03428	0.01209	0.04249	0.01695	0.01162	0.03799	0.55504	0.00548	0.12197	0.00489	0.01686	0.00451
24	0.01171	0.03360	0.08540	0.09529	0.01850	0.22791	0.25455	0.01421	0.01021	0.01244	0.00816	0.02813	0.00682	0.00571	0.02303	0.00161	0.15073	0.00424	0.00223	0.00552
25	0.00648	0.00483	0.00715	0.00715	0.00791	0.00559	0.00550	0.00801	0.00724	0.01042	0.01226	0.01847	0.01162	0.07957	0.77760	0.00712	0.01170	0.00495	0.00245	0.00397
26	0.01053	0.01107	0.07318	0.13787	0.62105	0.01043	0.01360	0.01343	0.01017	0.01444	0.03534	0.01198	0.00811	0.00430	0.00451	0.00138	0.00546	0.00413	0.00228	0.00675
27	0.00989	0.07881	0.48114	0.01613	0.17145	0.01113	0.12445	0.01413	0.00990	0.01426	0.02248	0.01052	0.00684	0.00424	0.00440	0.00140	0.00636	0.00378	0.00209	0.00660
28	0.85024	0.00887	0.00684	0.00608	0.00890	0.01027	0.00500	0.03396	0.00807	0.02055	0.00643	0.00745	0.00498	0.00424	0.00285	0.00140	0.00354	0.00250	0.00285	0.00498
29	0.00839	0.03057	0.00853	0.00751	0.02345	0.00742	0.03350	0.06938	0.22404	0.01561	0.08021	0.07307	0.36156	0.00955	0.02523	0.00165	0.00340	0.00750	0.00418	0.00523
30	0.00545	0.00459	0.00472	0.00469	0.00618	0.00387	0.00352	0.00669	0.01056	0.01278	0.11576	0.04272	0.74046	0.01127	0.00535	0.00152	0.00228	0.00944	0.00428	0.00387
31	0.00727	0.00560	0.00599	0.00585	0.00608	0.05040	0.00370	0.00757	0.00704	0.00921	0.01331	0.02628	0.01487	0.66375	0.12239	0.00449	0.03435	0.00608	0.00266	0.00313
32	0.82319	0.00857	0.00672	0.00600	0.00872	0.00987	0.00491	0.01325	0.00776	0.03740	0.00662	0.00777	0.00515	0.00465	0.00337	0.03227	0.00353	0.00255	0.00284	0.00486
33	0.00695	0.00503	0.00532	0.00528	0.00540	0.03359	0.00309	0.00706	0.00684	0.00894	0.01393	0.02838	0.01587	0.77627	0.05679	0.00440	0.00486	0.00638	0.00272	0.00289
34	0.01693	0.02160	0.01284	0.01167	0.01401	0.82256	0.00876	0.01809	0.01284	0.01109	0.00700	0.00817	0.00584	0.00467	0.00409	0.00117	0.00817	0.00292	0.00233	0.00525
35	0.00909	0.02344	0.81727	0.01292	0.01961	0.01052	0.01674	0.01435	0.00957	0.01435	0.00813	0.00957	0.00574	0.00431	0.00431	0.00144	0.00670	0.00335	0.00191	0.00670
36	0.01723	0.01269	0.01360	0.01043	0.01405	0.01405	0.00861	0.79738	0.02131	0.02856	0.01088	0.01088	0.00771	0.00544	0.00453	0.00136	0.00499	0.00408	0.00453	0.00771
37	0.00648	0.00483	0.00716	0.00716	0.00793	0.00560	0.00551	0.00801	0.00725	0.01043	0.01225	0.01842	0.01160	0.07634	0.78081	0.00713	0.01173	0.00495	0.00244	0.00398
38	0.00682	0.00700	0.08042	0.00702	0.00901	0.00544	0.05506	0.00948	0.04256	0.01595	0.44096	0.03238	0.25250	0.00898	0.00523	0.00147	0.00300	0.00784	0.00431	0.00460
39	0.00659	0.00439	0.00494	0.00494	0.00494	0.00439	0.00275	0.00659	0.00659	0.00879	0.01428	0.02965	0.01647	0.84075	0.02306	0.00439	0.00439	0.00659	0.00275	0.00275
40	0.01512	0.32968	0.01693	0.01020	0.01312	0.52094	0.00838	0.01640	0.01148	0.01093	0.00674	0.00783	0.00583	0.00437	0.00364	0.00109	0.00692	0.00273	0.00219	0.00546
41	0.05752	0.01211	0.01259	0.01102	0.08566	0.09774	0.00814	0.40866	0.01584	0.03765	0.00952	0.01020	0.00716	0.00470	0.00413	0.00118	0.00489	0.00356	0.00360	0.20412
42	0.00944	0.03549	0.64758	0.01300	0.04550	0.03947	0.03063	0.01398	0.00975	0.01419	0.04812	0.01082	0.00768	0.00474	0.00492	0.00145	0.05106	0.00366	0.00211	0.00642
43	0.00544	0.00459	0.00471	0.00468	0.00617	0.00386	0.00351	0.00667	0.01054	0.01274	0.10970	0.04279	0.74654	0.01129	0.00535	0.00152	0.00228	0.00945	0.00427	0.00386
44	0.00884	0.19036	0.11489	0.00756	0.01016	0.05991	0.00699	0.01170	0.06422	0.01464	0.30738	0.04440	0.11211	0.02200	0.00488	0.00139	0.00386	0.00603	0.00359	0.00508
45	0.00950	0.03313	0.42251	0.06280	0.10615	0.01022	0.08420	0.02591	0.08212	0.01483	0.05075	0.04066	0.00962	0.00562	0.02114	0.00157	0.00599	0.00440	0.00252	0.00636
46	0.01011	0.01001	0.06214	0.03252	0.08466	0.05277	0.03517	0.05742	0.30022	0.01646	0.11203	0.11378	0.03951	0.02089	0.00543	0.00157	0.02938	0.00611	0.00382	0.00598
47	0.00832	0.00426	0.00438	0.00437	0.00542	0.00427	0.00328	0.01042	0.00953	0.01672	0.03889	0.01744	0.01255	0.00634	0.03009	0.00127	0.00244	0.00436	0.81143	0.00422
48	0.00672	0.00691	0.09169	0.00689	0.00866	0.00527	0.03365	0.00905	0.04546	0.01377	0.12967	0.23256	0.25379	0.02523	0.01796	0.00170	0.00330	0.03142	0.07189	0.00441
49	0.01505	0.06423	0.05083	0.02469	0.01426	0.55271	0.03930	0.08435	0.02582	0.01302	0.00891	0.02620	0.02200	0.00598	0.03212	0.00144	0.00743	0.00355	0.00259	0.00553
50	0.00585	0.00442	0.00523	0.00555	0.00641	0.00402	0.00395	0.00695	0.00971	0.01252	0.14386	0.27078	0.31375	0.12392	0.00793	0.00203	0.00278	0.06250	0.00412	0.00373
51	0.01217	0.03489	0.03839	0.00951	0.02552	0.04681	0.00765	0.16509	0.41842	0.01908	0.01392	0.01366	0.01057	0.00610	0.02592	0.00148	0.00441	0.00430	0.00394	0.13818
52	0.03145	0.00870	0.02462	0.05318	0.13094	0.03836	0.04349	0.04724	0.03141	0.02777	0.06680	0.13584	0.11386	0.00748	0.00626	0.00149	0.12785	0.00613	0.00318	0.09394

[dist]
# distance from previous block
# <min> <max>
3	10

[block]
# block no. 2 follows, 57 sequences, length 7
# corresponding to MSA columns:
# 1730-1736
name=unknown_C
#
# <colnr> <probs for GDERKNQSTAVLIFYWHMCP>
#	G	D	E	R	K	N	Q	S	T	A	V	L	I	F	Y	W	H	M	C	P
0	0.13074	0.07885	0.07869	0.01195	0.12389	0.04950	0.03627	0.17990	0.07913	0.01775	0.01313	0.01447	0.08650	0.00572	0.00492	0.00142	0.05725	0.02056	0.00318	0.00617
1	0.01342	0.09221	0.01313	0.00935	0.01239	0.01178	0.04678	0.46157	0.04846	0.02227	0.08148	0.06357	0.09042	0.00665	0.00464	0.00139	0.00441	0.00541	0.00416	0.00652
2	0.01116	0.05435	0.14799	0.11807	0.26474	0.01140	0.10258	0.13542	0.01156	0.01594	0.00969	0.01186	0.02768	0.00532	0.02306	0.00154	0.03444	0.00416	0.00255	0.00649
3	0.01085	0.03352	0.05024	0.03464	0.13789	0.07607	0.07199	0.09496	0.01150	0.06437	0.07665	0.07517	0.09933	0.00806	0.04623	0.00173	0.04804	0.01700	0.00328	0.03849
4	0.05691	0.04189	0.03203	0.00863	0.08655	0.00627	0.00581	0.00857	0.00799	0.01154	0.01511	0.24627	0.01644	0.19617	0.23562	0.00378	0.00618	0.00709	0.00296	0.00418
5	0.00620	0.00479	0.00656	0.00826	0.08579	0.00451	0.00518	0.00727	0.00907	0.01197	0.02560	0.57427	0.12912	0.04690	0.00634	0.00187	0.00302	0.05529	0.00395	0.00403
6	0.01071	0.02548	0.11797	0.04321	0.12451	0.05904	0.10740	0.04397	0.04431	0.05760	0.04390	0.03137	0.02858	0.00587	0.01817	0.00147	0.05162	0.00461	0.17445	0.00578

[dist]
# distance from previous block
# <min> <max>
1	4

[block]
# block no. 3 follows, 57 sequences, length 24
# corresponding to MSA columns:
# 1741-1764
name=unknown_D
#
# <colnr> <probs for GDERKNQSTAVLIFYWHMCP>
#	G	D	E	R	K	N	Q	S	T	A	V	L	I	F	Y	W	H	M	C	P
0	0.01097	0.11954	0.22911	0.01154	0.06952	0.14972	0.02939	0.03324	0.04907	0.01392	0.10243	0.01326	0.01114	0.03780	0.00577	0.00146	0.06814	0.00408	0.00264	0.03726
1	0.00580	0.00459	0.00517	0.00506	0.00634	0.00401	0.00375	0.00728	0.01112	0.01437	0.33441	0.05607	0.47755	0.03722	0.00593	0.00159	0.00231	0.00902	0.00446	0.00396
2	0.01486	0.03745	0.08123	0.01227	0.03173	0.44121	0.08584	0.14405	0.05288	0.01498	0.00869	0.00992	0.00684	0.00569	0.03135	0.00148	0.00724	0.00356	0.00276	0.00597
3	0.00659	0.00439	0.00494	0.00494	0.00494	0.00439	0.00275	0.00659	0.00659	0.00879	0.01428	0.02965	0.01647	0.84075	0.02306	0.00439	0.00439	0.00659	0.00275	0.00275
4	0.01746	0.01194	0.01286	0.00994	0.01349	0.03983	0.00817	0.59958	0.03488	0.16697	0.01207	0.01168	0.00836	0.00541	0.00450	0.00135	0.00483	0.00411	0.00461	0.02797
5	0.01875	0.00877	0.01128	0.05526	0.01318	0.00845	0.00740	0.17288	0.04113	0.58938	0.01597	0.01440	0.01033	0.00553	0.00455	0.00140	0.00419	0.00445	0.00516	0.00754
6	0.00558	0.00397	0.00524	0.00623	0.00648	0.00372	0.00412	0.00633	0.00856	0.01141	0.02437	0.79187	0.02920	0.06116	0.00677	0.00199	0.00273	0.01252	0.00412	0.00363
7	0.00635	0.00461	0.00598	0.00568	0.00674	0.00424	0.00424	0.00841	0.01260	0.01775	0.75792	0.06074	0.06870	0.00950	0.00536	0.00144	0.00216	0.00840	0.00494	0.00424
8	0.01051	0.00965	0.01569	0.37128	0.39140	0.01064	0.01275	0.08015	0.01072	0.01457	0.00883	0.01236	0.00711	0.00454	0.00454	0.00143	0.00561	0.01959	0.00238	0.00624
9	0.03678	0.00774	0.01033	0.00801	0.01141	0.00686	0.00659	0.02168	0.04369	0.75043	0.03573	0.01574	0.01191	0.00568	0.00454	0.00141	0.00380	0.00462	0.00550	0.00756
10	0.01093	0.02356	0.22192	0.01450	0.17112	0.04341	0.04879	0.05210	0.17486	0.03488	0.02418	0.01253	0.00892	0.00671	0.04870	0.00179	0.08750	0.00420	0.00287	0.00651
11	0.00555	0.00401	0.00525	0.00619	0.00656	0.00371	0.00417	0.00641	0.00893	0.01187	0.05758	0.76221	0.07311	0.01385	0.00574	0.00181	0.00259	0.01251	0.00424	0.00371
12	0.01086	0.03309	0.08156	0.02503	0.27556	0.07206	0.03085	0.05369	0.12736	0.02517	0.04980	0.03057	0.01304	0.02527	0.00520	0.00156	0.00506	0.12490	0.00318	0.00618
13	0.00654	0.00442	0.00498	0.00500	0.00511	0.00438	0.00289	0.00665	0.00689	0.00910	0.01630	0.03095	0.06183	0.77409	0.02166	0.00418	0.00427	0.02505	0.00286	0.00284
14	0.01724	0.03417	0.02451	0.01017	0.04191	0.01080	0.02714	0.37450	0.04308	0.31678	0.01332	0.01263	0.00905	0.00530	0.00447	0.00135	0.00456	0.00421	0.00461	0.04020
15	0.00566	0.00431	0.00521	0.00560	0.00647	0.00386	0.00397	0.00687	0.01014	0.01325	0.20520	0.39558	0.29310	0.01220	0.00554	0.00165	0.00241	0.01074	0.00438	0.00386
16	0.01141	0.01113	0.01821	0.02727	0.78559	0.03811	0.01373	0.01405	0.01040	0.01468	0.00847	0.01111	0.00713	0.00406	0.00447	0.00134	0.00548	0.00400	0.00225	0.00711
17	0.01157	0.00988	0.01041	0.00928	0.01190	0.01141	0.00724	0.06264	0.76525	0.01943	0.01807	0.01661	0.01353	0.00611	0.00461	0.00153	0.00366	0.00507	0.00461	0.00720
18	0.00615	0.00462	0.00570	0.00543	0.00661	0.00417	0.00407	0.00805	0.01221	0.01672	0.62245	0.03624	0.23131	0.00981	0.00535	0.00145	0.00218	0.00853	0.00480	0.00417
19	0.01694	0.02110	0.01288	0.01160	0.01401	0.77711	0.00875	0.06190	0.01332	0.01207	0.00722	0.00832	0.00594	0.00471	0.00411	0.00118	0.00799	0.00298	0.00246	0.00539
20	0.00623	0.00424	0.00505	0.00540	0.00548	0.00416	0.00323	0.00650	0.00728	0.00971	0.01783	0.29818	0.02096	0.56611	0.01732	0.00354	0.00381	0.00868	0.00323	0.00306
21	0.01108	0.01100	0.01693	0.20003	0.58273	0.07243	0.01323	0.01372	0.01024	0.01382	0.00831	0.01117	0.00683	0.00419	0.00447	0.00137	0.00574	0.00395	0.00220	0.00657
22	0.01864	0.00790	0.01037	0.00809	0.01137	0.00718	0.00663	0.07568	0.04632	0.66438	0.07984	0.01662	0.01356	0.00591	0.00462	0.00141	0.00379	0.00483	0.00544	0.00742
23	0.03497	0.00832	0.01074	0.00916	0.05131	0.03649	0.00705	0.05027	0.01253	0.62645	0.01599	0.01484	0.01057	0.00808	0.07984	0.00193	0.00489	0.00444	0.00493	0.00720

[dist]
# distance from previous block
# <min> <max>
0	1

[block]
# block no. 4 follows, 57 sequences, length 40
# corresponding to MSA columns:
# 1766-1805
name=unknown_E
#
# <colnr> <probs for GDERKNQSTAVLIFYWHMCP>
#	G	D	E	R	K	N	Q	S	T	A	V	L	I	F	Y	W	H	M	C	P
0	0.84124	0.00891	0.00692	0.00612	0.00896	0.01031	0.00504	0.04220	0.00821	0.02063	0.00648	0.00749	0.00501	0.00425	0.00287	0.00140	0.00356	0.00251	0.00287	0.00501
1	0.00945	0.00779	0.01000	0.11717	0.04517	0.00659	0.00662	0.01151	0.00947	0.04517	0.00991	0.08146	0.00882	0.00456	0.00381	0.00094	0.00375	0.00387	0.00282	0.61112
2	0.00576	0.00454	0.00527	0.00567	0.00676	0.00409	0.00427	0.00695	0.00973	0.01212	0.03552	0.23065	0.45685	0.03549	0.03873	0.00199	0.00310	0.12461	0.00409	0.00382
3	0.01364	0.01073	0.01144	0.00962	0.01258	0.01213	0.00767	0.29850	0.50409	0.04480	0.01574	0.01473	0.01158	0.00588	0.00458	0.00147	0.00409	0.00474	0.00461	0.00738
4	0.01221	0.00848	0.01110	0.00808	0.01202	0.00691	0.06448	0.04633	0.01077	0.19093	0.01041	0.01099	0.00775	0.00397	0.00382	0.00092	0.00385	0.00335	0.00337	0.58026
5	0.00940	0.00805	0.00940	0.00671	0.01074	0.00604	0.00537	0.01141	0.00940	0.01477	0.00805	0.00940	0.00671	0.00336	0.00336	0.00067	0.00336	0.00268	0.00268	0.86845
6	0.01282	0.68677	0.04502	0.00847	0.01225	0.10310	0.00817	0.05701	0.01027	0.01179	0.00668	0.00763	0.00592	0.00406	0.00316	0.00103	0.00526	0.00259	0.00212	0.00588
7	0.00845	0.00422	0.00422	0.00422	0.00528	0.00422	0.00317	0.01056	0.00950	0.01689	0.01478	0.01689	0.01161	0.00528	0.00317	0.00106	0.00211	0.00422	0.86591	0.00422
8	0.00649	0.00479	0.00695	0.00694	0.00766	0.00546	0.00526	0.00792	0.00736	0.01052	0.03553	0.01976	0.01289	0.13461	0.69865	0.00675	0.01087	0.00517	0.00254	0.00389
9	0.00983	0.01034	0.04421	0.35142	0.24280	0.01054	0.22339	0.01300	0.00985	0.01334	0.00878	0.02604	0.00698	0.00436	0.00475	0.00147	0.00625	0.00452	0.00219	0.00594
10	0.00659	0.00439	0.00494	0.00494	0.00494	0.00439	0.00275	0.00659	0.00659	0.00879	0.01428	0.02965	0.01647	0.84075	0.02306	0.00439	0.00439	0.00659	0.00275	0.00275
11	0.02667	0.50155	0.05133	0.04104	0.03478	0.23881	0.00863	0.01469	0.01029	0.01136	0.02081	0.00837	0.00650	0.00424	0.00343	0.00109	0.00583	0.00280	0.00213	0.00566
12	0.00561	0.00460	0.00495	0.00486	0.00628	0.00393	0.00364	0.00700	0.01093	0.01368	0.23082	0.04125	0.62483	0.01094	0.00535	0.00150	0.00226	0.00923	0.00440	0.00393
13	0.01145	0.03240	0.09338	0.02784	0.24491	0.02636	0.06423	0.05649	0.14282	0.09154	0.06028	0.03004	0.05442	0.00578	0.00482	0.00145	0.01683	0.02507	0.00338	0.00651
14	0.00544	0.00459	0.00471	0.00473	0.00621	0.00387	0.00356	0.00664	0.01040	0.01249	0.07633	0.05736	0.75144	0.01145	0.00538	0.00154	0.00233	0.02343	0.00424	0.00385
15	0.00900	0.10096	0.03177	0.00709	0.00900	0.05335	0.00567	0.09498	0.09121	0.01446	0.07034	0.16282	0.20950	0.08685	0.01838	0.00182	0.00383	0.00724	0.01687	0.00487
16	0.00643	0.00438	0.00522	0.00547	0.00560	0.00435	0.00338	0.00675	0.00722	0.00963	0.01673	0.17696	0.01933	0.61572	0.04436	0.00388	0.00431	0.05415	0.00309	0.00304
17	0.01275	0.59915	0.01997	0.00847	0.01180	0.19963	0.00771	0.01410	0.01006	0.01085	0.00860	0.03223	0.03933	0.00466	0.00336	0.00106	0.00543	0.00312	0.00218	0.00555
18	0.01693	0.02160	0.01284	0.01167	0.01401	0.82256	0.00876	0.01809	0.01284	0.01109	0.00700	0.00817	0.00584	0.00467	0.00409	0.00117	0.00817	0.00292	0.00233	0.00525
19	0.04152	0.01518	0.35155	0.26912	0.05490	0.01049	0.05971	0.04748	0.05281	0.04147	0.00912	0.01115	0.00663	0.00452	0.00442	0.00146	0.00604	0.00384	0.00239	0.00620
20	0.04099	0.81547	0.02317	0.00769	0.01153	0.01767	0.00766	0.01356	0.00916	0.01099	0.00630	0.00727	0.00578	0.00389	0.00290	0.00098	0.00480	0.00242	0.00197	0.00578
21	0.00901	0.00839	0.01116	0.01000	0.01034	0.03611	0.02491	0.01003	0.00771	0.01099	0.01085	0.03209	0.01161	0.17714	0.01449	0.00245	0.47849	0.12730	0.00253	0.00440
22	0.01211	0.84348	0.02374	0.00775	0.01163	0.01793	0.00775	0.01357	0.00921	0.01066	0.00630	0.00727	0.00582	0.00388	0.00291	0.00097	0.00485	0.00242	0.00194	0.00582
23	0.87276	0.00876	0.00666	0.00596	0.00876	0.01017	0.00491	0.01332	0.00771	0.02033	0.00631	0.00736	0.00491	0.00421	0.00280	0.00140	0.00351	0.00245	0.00280	0.00491
24	0.01070	0.01222	0.02674	0.01910	0.02368	0.01146	0.79603	0.01451	0.01070	0.01451	0.00917	0.01222	0.00688	0.00382	0.00535	0.00153	0.00764	0.00535	0.00229	0.00611
25	0.00715	0.00512	0.00710	0.00804	0.00906	0.00508	0.00693	0.00917	0.01051	0.01375	0.07312	0.07889	0.04122	0.01236	0.00617	0.00203	0.00396	0.69196	0.00422	0.00415
26	0.00777	0.00553	0.00678	0.00694	0.00795	0.00551	0.00501	0.11565	0.03781	0.03322	0.09449	0.55979	0.05549	0.01195	0.00550	0.00171	0.00299	0.02705	0.00437	0.00451
27	0.00562	0.00406	0.00533	0.00623	0.00663	0.00377	0.00425	0.00655	0.00908	0.01209	0.07841	0.72316	0.07078	0.01368	0.00574	0.00180	0.00262	0.03218	0.00426	0.00374
28	0.01466	0.12857	0.01385	0.04844	0.01345	0.01294	0.00800	0.50805	0.04672	0.04323	0.03556	0.01350	0.05131	0.01800	0.00491	0.01899	0.00468	0.00434	0.00399	0.00680
29	0.00552	0.00394	0.00526	0.00631	0.00657	0.00368	0.00421	0.00631	0.00868	0.01157	0.02498	0.83779	0.02997	0.01420	0.00578	0.00184	0.00263	0.01288	0.00421	0.00368
30	0.01139	0.57030	0.20907	0.00910	0.01346	0.04524	0.00979	0.01411	0.03481	0.01202	0.02966	0.00889	0.00709	0.00423	0.00340	0.00112	0.00529	0.00291	0.00212	0.00600
31	0.01886	0.00780	0.01032	0.00807	0.01138	0.00703	0.00661	0.04006	0.06815	0.69728	0.06157	0.01644	0.01306	0.00584	0.00460	0.00141	0.00377	0.00479	0.00548	0.00748
32	0.01004	0.20044	0.56103	0.01187	0.02875	0.04441	0.02989	0.01415	0.00975	0.01354	0.03171	0.00982	0.00691	0.00436	0.00405	0.00132	0.00622	0.00333	0.00204	0.00637
33	0.01243	0.00809	0.00980	0.00716	0.01104	0.00642	0.00579	0.03521	0.01064	0.22206	0.01067	0.01099	0.00790	0.00399	0.00370	0.00088	0.00353	0.00321	0.00349	0.62302
34	0.00842	0.00737	0.00975	0.06082	0.09089	0.03412	0.04395	0.01202	0.14285	0.01390	0.12758	0.04734	0.10123	0.11124	0.09654	0.00251	0.02544	0.05562	0.00347	0.00495
35	0.00903	0.00888	0.03283	0.67237	0.16613	0.01020	0.01291	0.01204	0.00929	0.01220	0.00814	0.01187	0.00623	0.00444	0.00452	0.00148	0.00594	0.00401	0.00205	0.00544
36	0.00552	0.00394	0.00526	0.00631	0.00657	0.00368	0.00421	0.00631	0.00868	0.01157	0.02498	0.83779	0.02997	0.01420	0.00578	0.00184	0.00263	0.01288	0.00421	0.00368
37	0.00947	0.01004	0.07302	0.05381	0.09575	0.05301	0.15559	0.02183	0.06173	0.02406	0.11549	0.03340	0.04951	0.02689	0.05946	0.00200	0.06181	0.08461	0.00311	0.00541
