[name]
unknown

[dist]
# distance from previous block
# <min> <max>
2	307

[block]
# block no. 0 follows, 49 sequences, length 47
# corresponding to MSA columns:
# 716-762
name=unknown_A
#
# <colnr> <probs for GDERKNQSTAVLIFYWHMCP>
#	G	D	E	R	K	N	Q	S	T	A	V	L	I	F	Y	W	H	M	C	P
0	0.12034	0.01287	0.01419	0.01201	0.04344	0.09641	0.08732	0.28064	0.10671	0.02270	0.04566	0.01667	0.03701	0.00635	0.00498	0.00156	0.00553	0.04124	0.00412	0.04026
1	0.30815	0.00934	0.02768	0.03808	0.01242	0.00943	0.00735	0.05469	0.06327	0.25622	0.01667	0.02022	0.04396	0.00696	0.00469	0.00168	0.00435	0.10367	0.00452	0.00664
2	0.05294	0.07903	0.01584	0.63204	0.06576	0.01208	0.01297	0.01390	0.04197	0.01383	0.00923	0.01293	0.00707	0.00502	0.00481	0.00162	0.00634	0.00430	0.00242	0.00589
3	0.01183	0.01114	0.01860	0.06720	0.65341	0.01114	0.01405	0.01466	0.01130	0.01615	0.03862	0.01441	0.00990	0.04433	0.00600	0.00165	0.00576	0.00475	0.00265	0.04243
4	0.01194	0.01132	0.01884	0.02804	0.69162	0.01133	0.01423	0.01519	0.03996	0.01640	0.01253	0.05331	0.04175	0.00548	0.00512	0.00154	0.00564	0.00528	0.00280	0.00767
5	0.00872	0.00655	0.00837	0.04826	0.01054	0.00674	0.00653	0.04348	0.11462	0.01849	0.37936	0.06503	0.04551	0.01079	0.00667	0.04302	0.00354	0.16363	0.00492	0.00522
6	0.01181	0.01304	0.02766	0.02060	0.06210	0.01220	0.67559	0.01586	0.01181	0.01632	0.01038	0.01365	0.00788	0.00431	0.00574	0.00164	0.00798	0.00573	0.03398	0.04175
7	0.00711	0.00517	0.00670	0.00631	0.00753	0.00475	0.00473	0.00945	0.01420	0.02002	0.75919	0.03820	0.07676	0.01043	0.00596	0.00160	0.00239	0.00920	0.00553	0.00475
8	0.01933	0.01400	0.01507	0.01156	0.01560	0.01544	0.00955	0.75151	0.02350	0.05464	0.01237	0.01229	0.00872	0.00608	0.00506	0.00152	0.00553	0.00457	0.00509	0.00860
9	0.00753	0.00519	0.00649	0.00684	0.00725	0.00527	0.00480	0.00836	0.00866	0.01152	0.01899	0.05677	0.02118	0.50935	0.09001	0.00441	0.00557	0.21463	0.00351	0.00366
10	0.00716	0.00517	0.00676	0.00636	0.00755	0.00477	0.00477	0.00954	0.01431	0.02028	0.78808	0.03777	0.04771	0.01034	0.00596	0.00159	0.00239	0.00914	0.00557	0.00477
11	0.00598	0.00512	0.00512	0.00512	0.00683	0.00427	0.00384	0.00726	0.01153	0.01366	0.05123	0.04866	0.78869	0.01281	0.00598	0.00171	0.00256	0.01067	0.00470	0.00427
12	0.00955	0.00899	0.01517	0.81013	0.03483	0.01123	0.01404	0.01292	0.01011	0.01292	0.00899	0.01348	0.00674	0.00506	0.00506	0.00169	0.00674	0.00449	0.00225	0.00562
13	0.01318	0.74463	0.10421	0.00923	0.01388	0.01917	0.00967	0.01523	0.01032	0.01231	0.00724	0.00837	0.00648	0.00437	0.00340	0.00113	0.00562	0.00281	0.00216	0.00659
14	0.01380	0.02106	0.56276	0.01286	0.01928	0.01064	0.01538	0.03530	0.01201	0.23059	0.01214	0.01251	0.00814	0.00523	0.00489	0.00159	0.00656	0.00413	0.00334	0.00781
15	0.00914	0.01605	0.39407	0.01173	0.05262	0.00891	0.01231	0.01382	0.04783	0.01796	0.32044	0.02275	0.02376	0.00725	0.00533	0.00161	0.00517	0.01916	0.00370	0.00640
16	0.01014	0.02616	0.79609	0.01441	0.02189	0.01174	0.01868	0.01601	0.01068	0.01601	0.00907	0.01068	0.00641	0.00480	0.00480	0.00160	0.00747	0.00374	0.00214	0.00747
17	0.01136	0.01084	0.01838	0.30495	0.46996	0.01151	0.03212	0.01449	0.01098	0.01524	0.00932	0.01279	0.00753	0.00466	0.00499	0.00154	0.00622	0.00447	0.00244	0.04622
18	0.01066	0.01077	0.02052	0.43433	0.09785	0.01164	0.28344	0.01428	0.01090	0.01460	0.00972	0.01363	0.00739	0.00475	0.00533	0.00166	0.00717	0.00503	0.03013	0.00623
19	0.01106	0.01106	0.01549	0.01328	0.01328	0.01549	0.01106	0.01217	0.00774	0.01217	0.00664	0.01106	0.00664	0.00885	0.01659	0.00221	0.81303	0.00443	0.00221	0.00553
20	0.01019	0.00964	0.01632	0.64311	0.19689	0.01140	0.01436	0.01348	0.01041	0.01369	0.00910	0.01327	0.00701	0.00494	0.00505	0.00165	0.00658	0.00450	0.00230	0.00613
21	0.01995	0.01455	0.01325	0.07666	0.01593	0.28438	0.00900	0.09456	0.01496	0.38473	0.01408	0.01360	0.00958	0.00578	0.00490	0.00148	0.00630	0.00435	0.00454	0.00741
22	0.85801	0.00978	0.00743	0.00665	0.00978	0.01134	0.00548	0.01486	0.00861	0.02269	0.00704	0.00821	0.00548	0.00469	0.00313	0.00156	0.00391	0.00274	0.00313	0.00548
23	0.00707	0.00517	0.00664	0.00627	0.00750	0.00473	0.00470	0.00937	0.01411	0.01979	0.73394	0.03857	0.10215	0.01052	0.00596	0.00160	0.00240	0.00926	0.00550	0.00473
24	0.01895	0.02229	0.01448	0.01277	0.01564	0.65855	0.00974	0.15768	0.01605	0.01593	0.00861	0.00967	0.00689	0.00537	0.00465	0.00134	0.00847	0.00349	0.00305	0.00636
25	0.02020	0.01259	0.01420	0.01089	0.01490	0.01335	0.00899	0.56193	0.02114	0.24754	0.01435	0.01358	0.00971	0.00612	0.00507	0.00153	0.00521	0.00470	0.00540	0.00860
26	0.00625	0.00446	0.00597	0.00714	0.00747	0.00418	0.00485	0.00719	0.00977	0.01301	0.02782	0.78562	0.03325	0.01576	0.00648	0.00207	0.00301	0.04688	0.00469	0.00413
27	0.01194	0.01364	0.02984	0.02131	0.02643	0.01279	0.77238	0.01620	0.01194	0.01620	0.01023	0.01364	0.00767	0.00426	0.00597	0.00171	0.00853	0.00597	0.00256	0.00682
28	0.00674	0.00489	0.00681	0.00736	0.00788	0.00514	0.00523	0.00793	0.00878	0.01209	0.02050	0.39579	0.02297	0.10624	0.35133	0.00496	0.00770	0.00981	0.00368	0.00418
29	0.01378	0.78782	0.02597	0.00879	0.01310	0.01981	0.00870	0.05023	0.01090	0.01282	0.00727	0.00830	0.00659	0.00441	0.00333	0.00110	0.00541	0.00279	0.00230	0.00659
30	0.01266	0.05085	0.01319	0.00910	0.01338	0.00879	0.05679	0.06691	0.01182	0.10049	0.01028	0.01143	0.00804	0.00441	0.00454	0.00102	0.03181	0.00356	0.00339	0.57756
31	0.01549	0.01199	0.01169	0.01061	0.04278	0.18824	0.00800	0.06095	0.04890	0.23465	0.05332	0.04953	0.12413	0.00872	0.03232	0.00182	0.08001	0.00592	0.00436	0.00656
32	0.01173	0.01244	0.01332	0.01173	0.01385	0.24370	0.14920	0.01414	0.05066	0.02812	0.03544	0.33188	0.01955	0.00972	0.00571	0.00174	0.00593	0.03194	0.00375	0.00544
33	0.45120	0.02807	0.01341	0.01080	0.01328	0.03786	0.10932	0.01442	0.00901	0.01817	0.00737	0.00980	0.00617	0.00587	0.00753	0.00176	0.24383	0.00368	0.00275	0.00570
34	0.00998	0.00942	0.01580	0.62959	0.17828	0.01111	0.01393	0.01319	0.01043	0.01364	0.01074	0.01468	0.03764	0.00525	0.00508	0.00165	0.00644	0.00474	0.00239	0.00602
35	0.00616	0.00440	0.00587	0.00704	0.00733	0.00411	0.00469	0.00704	0.00968	0.01291	0.02787	0.81899	0.03344	0.01584	0.00645	0.00205	0.00293	0.01438	0.00469	0.00411
36	0.00724	0.00537	0.00787	0.00787	0.00869	0.00618	0.00600	0.00887	0.00805	0.01155	0.01378	0.02116	0.01320	0.11474	0.72620	0.00781	0.01270	0.00561	0.00274	0.00437
37	0.01922	0.01416	0.01518	0.01163	0.01568	0.01568	0.00961	0.77388	0.02378	0.03187	0.01214	0.01214	0.00860	0.00607	0.00506	0.00152	0.00556	0.00455	0.00506	0.00860
38	0.02159	0.00828	0.01116	0.00864	0.01233	0.00721	0.00711	0.02358	0.01415	0.73035	0.01966	0.01735	0.01255	0.00623	0.00496	0.00153	0.00414	0.00505	0.07581	0.00828
39	0.85801	0.00978	0.00743	0.00665	0.00978	0.01134	0.00548	0.01486	0.00861	0.02269	0.00704	0.00821	0.00548	0.00469	0.00313	0.00156	0.00391	0.00274	0.00313	0.00548
40	0.00970	0.00914	0.01544	0.77084	0.07295	0.01127	0.01412	0.01305	0.01018	0.01310	0.00901	0.01343	0.00680	0.00503	0.00505	0.00168	0.00670	0.00449	0.00226	0.00574
41	0.01352	0.82533	0.02650	0.00865	0.01298	0.02001	0.00865	0.01514	0.01027	0.01190	0.00703	0.00811	0.00649	0.00433	0.00324	0.00108	0.00541	0.00270	0.00216	0.00649
42	0.27570	0.01157	0.01204	0.00952	0.01325	0.01249	0.00786	0.37286	0.01704	0.20169	0.01235	0.01209	0.00853	0.00569	0.00448	0.00154	0.00477	0.00412	0.00474	0.00765
43	0.00598	0.00512	0.00512	0.00512	0.00683	0.00427	0.00384	0.00726	0.01153	0.01366	0.05123	0.04866	0.78869	0.01281	0.00598	0.00171	0.00256	0.01067	0.00470	0.00427
44	0.00598	0.00512	0.00512	0.00512	0.00683	0.00427	0.00384	0.00726	0.01153	0.01366	0.05123	0.04866	0.78869	0.01281	0.00598	0.00171	0.00256	0.01067	0.00470	0.00427
45	0.00944	0.00884	0.01486	0.78386	0.03393	0.01100	0.01374	0.01273	0.01010	0.01292	0.00961	0.03983	0.00761	0.00541	0.00510	0.00170	0.00662	0.00482	0.00233	0.00557
46	0.00784	0.00594	0.00738	0.00674	0.00852	0.00539	0.03474	0.01037	0.05426	0.05591	0.31356	0.06314	0.38522	0.01101	0.00590	0.00167	0.00291	0.00949	0.00503	0.00497

[dist]
# distance from previous block
# <min> <max>
5	13

[block]
# block no. 1 follows, 49 sequences, length 20
# corresponding to MSA columns:
# 792-811
name=unknown_B
#
# <colnr> <probs for GDERKNQSTAVLIFYWHMCP>
#	G	D	E	R	K	N	Q	S	T	A	V	L	I	F	Y	W	H	M	C	P
0	0.01115	0.00949	0.01117	0.01023	0.01178	0.04900	0.00839	0.11727	0.07676	0.01748	0.08931	0.05126	0.03580	0.02301	0.00880	0.00198	0.20068	0.21836	0.01920	0.02886
1	0.04329	0.06211	0.05762	0.05982	0.45164	0.06501	0.10902	0.06143	0.01221	0.01689	0.00937	0.01195	0.00759	0.00465	0.00492	0.00151	0.00649	0.00440	0.00264	0.00744
2	0.21815	0.30273	0.24937	0.01012	0.01501	0.03804	0.01087	0.03856	0.01071	0.05368	0.00843	0.00948	0.00657	0.00473	0.00386	0.00140	0.00572	0.00320	0.00268	0.00668
3	0.01051	0.00884	0.01185	0.08611	0.09319	0.00831	0.04207	0.05794	0.04746	0.01570	0.01166	0.01725	0.01067	0.20287	0.00958	0.00206	0.00485	0.00474	0.01807	0.33627
4	0.00775	0.00517	0.00702	0.00707	0.00797	0.00574	0.00537	0.00957	0.00879	0.01353	0.01503	0.05411	0.01389	0.06738	0.52384	0.00591	0.00978	0.00571	0.22187	0.00448
5	0.00720	0.00586	0.00656	0.00689	0.00834	0.02155	0.00545	0.00925	0.03845	0.01457	0.08167	0.10611	0.41604	0.02649	0.00657	0.00195	0.00341	0.22444	0.00468	0.00454
6	0.01367	0.04865	0.02325	0.05470	0.02192	0.01299	0.44096	0.19952	0.01459	0.04724	0.01197	0.06466	0.00962	0.00555	0.00558	0.00165	0.00708	0.00592	0.00340	0.00707
7	0.01733	0.01322	0.01411	0.01125	0.01496	0.01480	0.00915	0.56102	0.23972	0.02882	0.01455	0.01406	0.01055	0.00630	0.00508	0.00157	0.00512	0.00488	0.00508	0.00843
8	0.00745	0.00532	0.00735	0.00852	0.00938	0.00522	0.00694	0.00927	0.01096	0.01435	0.02716	0.32369	0.03062	0.01462	0.00680	0.00223	0.00405	0.49693	0.00467	0.00446
9	0.01000	0.02199	0.60664	0.20745	0.02503	0.01162	0.01756	0.01526	0.01054	0.01526	0.00905	0.01136	0.00649	0.00487	0.00487	0.00162	0.00730	0.00392	0.00216	0.00702
10	0.01143	0.01101	0.01450	0.01255	0.01325	0.01478	0.01032	0.01574	0.19548	0.01435	0.01002	0.01296	0.00877	0.00837	0.01382	0.00209	0.61677	0.00474	0.00292	0.00613
11	0.01106	0.01106	0.01549	0.01328	0.01328	0.01549	0.01106	0.01217	0.00774	0.01217	0.00664	0.01106	0.00664	0.00885	0.01659	0.00221	0.81303	0.00443	0.00221	0.00553
12	0.01339	0.01331	0.01381	0.01553	0.20183	0.16303	0.00988	0.02160	0.39928	0.01777	0.01642	0.01691	0.03964	0.02844	0.00559	0.00167	0.00544	0.00517	0.00395	0.00733
13	0.01352	0.82533	0.02650	0.00865	0.01298	0.02001	0.00865	0.01514	0.01027	0.01190	0.00703	0.00811	0.00649	0.00433	0.00324	0.00108	0.00541	0.00270	0.00216	0.00649
14	0.00841	0.00464	0.00696	0.00696	0.00718	0.00486	0.00486	0.00718	0.00696	0.00950	0.00994	0.01646	0.00972	0.02251	0.20959	0.64795	0.00661	0.00464	0.00232	0.00276
15	0.00716	0.00517	0.00676	0.00636	0.00755	0.00477	0.00477	0.00954	0.01431	0.02028	0.78808	0.03777	0.04771	0.01034	0.00596	0.00159	0.00239	0.00914	0.00557	0.00477
16	0.01734	0.02117	0.01583	0.01740	0.20367	0.61034	0.01116	0.01906	0.01365	0.01338	0.00823	0.00994	0.00688	0.00504	0.00467	0.00135	0.00836	0.00356	0.00258	0.00638
17	0.01574	0.62720	0.02292	0.00874	0.01296	0.01696	0.00836	0.01745	0.01129	0.20169	0.01016	0.01032	0.00795	0.00480	0.00369	0.00120	0.00514	0.00328	0.00316	0.00700
18	0.00602	0.00495	0.00530	0.00559	0.00695	0.00423	0.00405	0.00720	0.01108	0.01348	0.04556	0.23554	0.60547	0.01354	0.00609	0.00179	0.00265	0.01157	0.00470	0.00423
19	0.01092	0.00600	0.00797	0.00700	0.00885	0.00542	0.00542	0.01321	0.01435	0.20804	0.60173	0.03278	0.03917	0.00935	0.00575	0.00158	0.00285	0.00816	0.00573	0.00570

[dist]
# distance from previous block
# <min> <max>
3	36

[block]
# block no. 2 follows, 49 sequences, length 17
# corresponding to MSA columns:
# 848-864
name=unknown_C
#
# <colnr> <probs for GDERKNQSTAVLIFYWHMCP>
#	G	D	E	R	K	N	Q	S	T	A	V	L	I	F	Y	W	H	M	C	P
0	0.00626	0.00452	0.00594	0.00698	0.00742	0.00420	0.00476	0.00727	0.01005	0.01335	0.06415	0.72138	0.07148	0.01538	0.00642	0.00202	0.00294	0.03657	0.00473	0.00416
1	0.00598	0.00512	0.00512	0.00512	0.00683	0.00427	0.00384	0.00726	0.01153	0.01366	0.05123	0.04866	0.78869	0.01281	0.00598	0.00171	0.00256	0.01067	0.00470	0.00427
2	0.01922	0.01416	0.01518	0.01163	0.01568	0.01568	0.00961	0.77388	0.02378	0.03187	0.01214	0.01214	0.00860	0.00607	0.00506	0.00152	0.00556	0.00455	0.00506	0.00860
3	0.02269	0.00861	0.01174	0.00900	0.01291	0.00743	0.00743	0.02464	0.01447	0.79425	0.01995	0.01721	0.01252	0.00626	0.00509	0.00156	0.00430	0.00509	0.00626	0.00861
4	0.01922	0.01416	0.01518	0.01163	0.01568	0.01568	0.00961	0.77388	0.02378	0.03187	0.01214	0.01214	0.00860	0.00607	0.00506	0.00152	0.00556	0.00455	0.00506	0.00860
5	0.01719	0.01189	0.01275	0.01002	0.01343	0.01298	0.00820	0.57974	0.02055	0.05581	0.01337	0.01380	0.00970	0.00604	0.00472	0.00144	0.00481	0.00461	0.19122	0.00774
6	0.01352	0.82533	0.02650	0.00865	0.01298	0.02001	0.00865	0.01514	0.01027	0.01190	0.00703	0.00811	0.00649	0.00433	0.00324	0.00108	0.00541	0.00270	0.00216	0.00649
7	0.01258	0.01086	0.01143	0.01029	0.01315	0.01258	0.00800	0.02687	0.78161	0.02115	0.02058	0.01887	0.01544	0.00686	0.00515	0.00172	0.00400	0.00572	0.00515	0.00800
8	0.01258	0.01086	0.01143	0.01029	0.01315	0.01258	0.00800	0.02687	0.78161	0.02115	0.02058	0.01887	0.01544	0.00686	0.00515	0.00172	0.00400	0.00572	0.00515	0.00800
9	0.00716	0.00517	0.00676	0.00636	0.00755	0.00477	0.00477	0.00954	0.01431	0.02028	0.78808	0.03777	0.04771	0.01034	0.00596	0.00159	0.00239	0.00914	0.00557	0.00477
10	0.01252	0.01201	0.02053	0.03104	0.79074	0.01201	0.01552	0.01552	0.01151	0.01652	0.00951	0.01252	0.00801	0.00451	0.00501	0.00150	0.00601	0.00451	0.00250	0.00801
11	0.00699	0.00508	0.00658	0.00637	0.00749	0.00468	0.00472	0.00916	0.01368	0.01916	0.66997	0.12207	0.08298	0.01105	0.00602	0.00165	0.00245	0.00978	0.00543	0.00468
12	0.00878	0.00439	0.00659	0.00659	0.00659	0.00439	0.00439	0.00659	0.00659	0.00878	0.00878	0.01537	0.00878	0.01757	0.01976	0.85288	0.00439	0.00439	0.00220	0.00220
13	0.10885	0.02256	0.01359	0.01234	0.01501	0.71722	0.00931	0.01962	0.01372	0.01348	0.00773	0.00902	0.00640	0.00516	0.00441	0.00133	0.00856	0.00320	0.00266	0.00582
14	0.02092	0.00815	0.01111	0.00879	0.01231	0.00708	0.00714	0.02276	0.01396	0.71048	0.02080	0.10317	0.01476	0.00729	0.00523	0.00162	0.00416	0.00608	0.00609	0.00812
15	0.01087	0.01071	0.01552	0.09838	0.01606	0.01381	0.04754	0.01251	0.00854	0.01298	0.00736	0.01137	0.00681	0.00759	0.01324	0.00195	0.58676	0.00433	0.00233	0.11134
16	0.01252	0.01201	0.02053	0.03104	0.79074	0.01201	0.01552	0.01552	0.01151	0.01652	0.00951	0.01252	0.00801	0.00451	0.00501	0.00150	0.00601	0.00451	0.00250	0.00801

[dist]
# distance from previous block
# <min> <max>
0	1

[block]
# block no. 3 follows, 49 sequences, length 54
# corresponding to MSA columns:
# 866-919
name=unknown_D
#
# <colnr> <probs for GDERKNQSTAVLIFYWHMCP>
#	G	D	E	R	K	N	Q	S	T	A	V	L	I	F	Y	W	H	M	C	P
0	0.75872	0.01113	0.00828	0.00736	0.01047	0.07730	0.00598	0.04196	0.00961	0.02215	0.00728	0.00843	0.00567	0.00479	0.00332	0.00154	0.00440	0.00285	0.00315	0.00562
1	0.00778	0.00542	0.00610	0.00600	0.00627	0.00559	0.00359	0.00904	0.07182	0.01082	0.01624	0.03144	0.01794	0.72688	0.05129	0.00475	0.00513	0.00715	0.00322	0.00353
2	0.00943	0.00471	0.00471	0.00471	0.00589	0.00471	0.00353	0.01178	0.01060	0.01885	0.01650	0.01885	0.01296	0.00589	0.00353	0.00118	0.00236	0.00471	0.85036	0.00471
3	0.00798	0.00570	0.00796	0.00912	0.01022	0.00568	0.00786	0.01019	0.01148	0.01495	0.02687	0.12045	0.02946	0.01412	0.00694	0.00231	0.00451	0.69493	0.00466	0.00461
4	0.01922	0.01416	0.01518	0.01163	0.01568	0.01568	0.00961	0.77388	0.02378	0.03187	0.01214	0.01214	0.00860	0.00607	0.00506	0.00152	0.00556	0.00455	0.00506	0.00860
5	0.01258	0.01086	0.01143	0.01029	0.01315	0.01258	0.00800	0.02687	0.78161	0.02115	0.02058	0.01887	0.01544	0.00686	0.00515	0.00172	0.00400	0.00572	0.00515	0.00800
6	0.00616	0.00440	0.00587	0.00704	0.00733	0.00411	0.00469	0.00704	0.00968	0.01291	0.02787	0.81899	0.03344	0.01584	0.00645	0.00205	0.00293	0.01438	0.00469	0.00411
7	0.00955	0.00899	0.01517	0.81013	0.03483	0.01123	0.01404	0.01292	0.01011	0.01292	0.00899	0.01348	0.00674	0.00506	0.00506	0.00169	0.00674	0.00449	0.00225	0.00562
8	0.01258	0.01086	0.01143	0.01029	0.01315	0.01258	0.00800	0.02687	0.78161	0.02115	0.02058	0.01887	0.01544	0.00686	0.00515	0.00172	0.00400	0.00572	0.00515	0.00800
9	0.01106	0.01106	0.01549	0.01328	0.01328	0.01549	0.01106	0.01217	0.00774	0.01217	0.00664	0.01106	0.00664	0.00885	0.01659	0.00221	0.81303	0.00443	0.00221	0.00553
10	0.01176	0.01124	0.01915	0.23064	0.59708	0.01181	0.01514	0.01485	0.01115	0.01560	0.00938	0.01276	0.00768	0.00465	0.00502	0.00155	0.00620	0.00450	0.00244	0.00740
11	0.01352	0.82533	0.02650	0.00865	0.01298	0.02001	0.00865	0.01514	0.01027	0.01190	0.00703	0.00811	0.00649	0.00433	0.00324	0.00108	0.00541	0.00270	0.00216	0.00649
12	0.00722	0.00542	0.00813	0.00813	0.00903	0.00632	0.00632	0.00903	0.00813	0.01174	0.01354	0.01987	0.01264	0.03792	0.80225	0.00813	0.01354	0.00542	0.00271	0.00451
13	0.00716	0.00517	0.00676	0.00636	0.00755	0.00477	0.00477	0.00954	0.01431	0.02028	0.78808	0.03777	0.04771	0.01034	0.00596	0.00159	0.00239	0.00914	0.00557	0.00477
14	0.01133	0.01128	0.02059	0.30777	0.35723	0.01190	0.17641	0.01473	0.01110	0.01516	0.00948	0.01310	0.00748	0.00465	0.00523	0.00161	0.00681	0.00481	0.00242	0.00690
15	0.02091	0.00885	0.01158	0.00912	0.01282	0.00810	0.00745	0.02461	0.12262	0.66763	0.03752	0.01791	0.01373	0.00644	0.00511	0.00159	0.00422	0.00527	0.00609	0.00843
16	0.00616	0.00440	0.00587	0.00704	0.00733	0.00411	0.00469	0.00704	0.00968	0.01291	0.02787	0.81899	0.03344	0.01584	0.00645	0.00205	0.00293	0.01438	0.00469	0.00411
17	0.02269	0.00861	0.01174	0.00900	0.01291	0.00743	0.00743	0.02464	0.01447	0.79425	0.01995	0.01721	0.01252	0.00626	0.00509	0.00156	0.00430	0.00509	0.00626	0.00861
18	0.00722	0.00542	0.00813	0.00813	0.00903	0.00632	0.00632	0.00903	0.00813	0.01174	0.01354	0.01987	0.01264	0.03792	0.80225	0.00813	0.01354	0.00542	0.00271	0.00451
19	0.02269	0.00861	0.01174	0.00900	0.01291	0.00743	0.00743	0.02464	0.01447	0.79425	0.01995	0.01721	0.01252	0.00626	0.00509	0.00156	0.00430	0.00509	0.00626	0.00861
20	0.01200	0.01149	0.01959	0.16646	0.65935	0.01188	0.01526	0.01507	0.01127	0.01589	0.00942	0.01268	0.00779	0.00460	0.00501	0.00153	0.00613	0.00450	0.00246	0.00759
21	0.01337	0.79006	0.06046	0.00891	0.01337	0.01964	0.00910	0.01518	0.01029	0.01208	0.00712	0.00822	0.00649	0.00435	0.00331	0.00110	0.00550	0.00275	0.00216	0.00653
22	0.01041	0.00985	0.01649	0.47348	0.30994	0.01108	0.01393	0.01351	0.01072	0.01429	0.01187	0.01537	0.05700	0.00535	0.00510	0.00162	0.00621	0.00489	0.00250	0.00641
23	0.01014	0.02616	0.79609	0.01441	0.02189	0.01174	0.01868	0.01601	0.01068	0.01601	0.00907	0.01068	0.00641	0.00480	0.00480	0.00160	0.00747	0.00374	0.00214	0.00747
24	0.01119	0.01237	0.02645	0.01920	0.02369	0.01159	0.66164	0.01509	0.01200	0.01634	0.07604	0.06480	0.01258	0.00547	0.00600	0.00172	0.00767	0.00675	0.00294	0.00648
25	0.00716	0.00517	0.00676	0.00636	0.00755	0.00477	0.00477	0.00954	0.01431	0.02028	0.78808	0.03777	0.04771	0.01034	0.00596	0.00159	0.00239	0.00914	0.00557	0.00477
26	0.02269	0.00861	0.01174	0.00900	0.01291	0.00743	0.00743	0.02464	0.01447	0.79425	0.01995	0.01721	0.01252	0.00626	0.00509	0.00156	0.00430	0.00509	0.00626	0.00861
27	0.01922	0.01416	0.01518	0.01163	0.01568	0.01568	0.00961	0.77388	0.02378	0.03187	0.01214	0.01214	0.00860	0.00607	0.00506	0.00152	0.00556	0.00455	0.00506	0.00860
28	0.02269	0.00861	0.01174	0.00900	0.01291	0.00743	0.00743	0.02464	0.01447	0.79425	0.01995	0.01721	0.01252	0.00626	0.00509	0.00156	0.00430	0.00509	0.00626	0.00861
29	0.85801	0.00978	0.00743	0.00665	0.00978	0.01134	0.00548	0.01486	0.00861	0.02269	0.00704	0.00821	0.00548	0.00469	0.00313	0.00156	0.00391	0.00274	0.00313	0.00548
30	0.00616	0.00440	0.00587	0.00704	0.00733	0.00411	0.00469	0.00704	0.00968	0.01291	0.02787	0.81899	0.03344	0.01584	0.00645	0.00205	0.00293	0.01438	0.00469	0.00411
31	0.01352	0.82533	0.02650	0.00865	0.01298	0.02001	0.00865	0.01514	0.01027	0.01190	0.00703	0.00811	0.00649	0.00433	0.00324	0.00108	0.00541	0.00270	0.00216	0.00649
32	0.01149	0.01097	0.01868	0.29993	0.52986	0.01175	0.01501	0.01462	0.01103	0.01528	0.00933	0.01285	0.00757	0.00470	0.00502	0.00157	0.00626	0.00450	0.00241	0.00718
33	0.01885	0.00976	0.01304	0.01027	0.01387	0.00944	0.06158	0.14532	0.09913	0.46346	0.01873	0.08489	0.01364	0.00697	0.00527	0.00163	0.00466	0.00592	0.00555	0.00803
34	0.00602	0.00512	0.00518	0.00517	0.00686	0.00429	0.00387	0.00734	0.01162	0.01389	0.07690	0.04829	0.76287	0.01272	0.00598	0.00170	0.00256	0.01062	0.00473	0.00429
35	0.00735	0.00493	0.00564	0.00564	0.00568	0.00497	0.00322	0.00743	0.00739	0.00990	0.01582	0.03246	0.01811	0.78511	0.06254	0.00506	0.00531	0.00726	0.00305	0.00313
36	0.00633	0.00452	0.00606	0.00723	0.00760	0.00425	0.00498	0.00733	0.00984	0.01309	0.02778	0.75557	0.03308	0.01569	0.00650	0.00208	0.00308	0.07616	0.00469	0.00415
37	0.00878	0.00439	0.00659	0.00659	0.00659	0.00439	0.00439	0.00659	0.00659	0.00878	0.00878	0.01537	0.00878	0.01757	0.01976	0.85288	0.00439	0.00439	0.00220	0.00220
38	0.01352	0.82533	0.02650	0.00865	0.01298	0.02001	0.00865	0.01514	0.01027	0.01190	0.00703	0.00811	0.00649	0.00433	0.00324	0.00108	0.00541	0.00270	0.00216	0.00649
39	0.00712	0.00517	0.00670	0.00632	0.00753	0.00475	0.00474	0.00946	0.01422	0.02005	0.76247	0.03815	0.07346	0.01042	0.00596	0.00159	0.00239	0.00920	0.00554	0.00475
40	0.01889	0.02410	0.01433	0.01303	0.01563	0.80199	0.00977	0.02019	0.01433	0.01238	0.00782	0.00912	0.00651	0.00521	0.00456	0.00130	0.00912	0.00326	0.00261	0.00586
41	0.01221	0.01044	0.01116	0.01021	0.01293	0.01202	0.00802	0.02551	0.71753	0.02065	0.02110	0.02204	0.01657	0.00745	0.00530	0.00177	0.00406	0.06822	0.00510	0.00773
42	0.00616	0.00440	0.00587	0.00704	0.00733	0.00411	0.00469	0.00704	0.00968	0.01291	0.02787	0.81899	0.03344	0.01584	0.00645	0.00205	0.00293	0.01438	0.00469	0.00411
43	0.01258	0.01086	0.01143	0.01029	0.01315	0.01258	0.00800	0.02687	0.78161	0.02115	0.02058	0.01887	0.01544	0.00686	0.00515	0.00172	0.00400	0.00572	0.00515	0.00800
44	0.02125	0.00902	0.01233	0.00956	0.01340	0.00816	0.03415	0.02458	0.09506	0.68583	0.01968	0.01726	0.01266	0.00625	0.00512	0.00159	0.00442	0.00518	0.00601	0.00848
45	0.00616	0.00440	0.00587	0.00704	0.00733	0.00411	0.00469	0.00704	0.00968	0.01291	0.02787	0.81899	0.03344	0.01584	0.00645	0.00205	0.00293	0.01438	0.00469	0.00411
46	0.01258	0.01086	0.01143	0.01029	0.01315	0.01258	0.00800	0.02687	0.78161	0.02115	0.02058	0.01887	0.01544	0.00686	0.00515	0.00172	0.00400	0.00572	0.00515	0.00800
47	0.02185	0.00879	0.01171	0.00910	0.01293	0.00786	0.00748	0.02483	0.07832	0.72991	0.02000	0.01735	0.01276	0.00631	0.00509	0.00158	0.00428	0.00514	0.00617	0.00856
48	0.01865	0.01458	0.01481	0.01162	0.01547	0.07044	0.00949	0.65898	0.08618	0.02961	0.01254	0.01249	0.00902	0.00608	0.00503	0.00152	0.00568	0.00456	0.00489	0.00836
49	0.01889	0.02410	0.01433	0.01303	0.01563	0.80199	0.00977	0.02019	0.01433	0.01238	0.00782	0.00912	0.00651	0.00521	0.00456	0.00130	0.00912	0.00326	0.00261	0.00586
50	0.01889	0.02410	0.01433	0.01303	0.01563	0.80199	0.00977	0.02019	0.01433	0.01238	0.00782	0.00912	0.00651	0.00521	0.00456	0.00130	0.00912	0.00326	0.00261	0.00586
51	0.01239	0.01066	0.01127	0.01015	0.01295	0.01231	0.00789	0.02627	0.75494	0.02112	0.04725	0.01952	0.01656	0.00698	0.00517	0.00171	0.00395	0.00584	0.00516	0.00789
52	0.00716	0.00517	0.00676	0.00636	0.00755	0.00477	0.00477	0.00954	0.01431	0.02028	0.78808	0.03777	0.04771	0.01034	0.00596	0.00159	0.00239	0.00914	0.00557	0.00477
53	0.01258	0.01086	0.01143	0.01029	0.01315	0.01258	0.00800	0.02687	0.78161	0.02115	0.02058	0.01887	0.01544	0.00686	0.00515	0.00172	0.00400	0.00572	0.00515	0.00800

[dist]
# distance from previous block
# <min> <max>
0	21

[block]
# block no. 4 follows, 49 sequences, length 122
# corresponding to MSA columns:
# 950-1071
name=unknown_E
#
# <colnr> <probs for GDERKNQSTAVLIFYWHMCP>
#	G	D	E	R	K	N	Q	S	T	A	V	L	I	F	Y	W	H	M	C	P
0	0.01296	0.01078	0.01145	0.01024	0.01314	0.01238	0.00798	0.02679	0.75289	0.05010	0.02056	0.01880	0.01533	0.00684	0.00514	0.00171	0.00401	0.00569	0.00519	0.00803
1	0.01911	0.01386	0.01493	0.01150	0.01550	0.01530	0.00948	0.72246	0.05005	0.05715	0.01270	0.01255	0.00897	0.00610	0.00506	0.00153	0.00547	0.00461	0.00510	0.00858
2	0.01878	0.01423	0.01491	0.01159	0.01551	0.03764	0.00951	0.70392	0.07293	0.03062	0.01257	0.01249	0.00899	0.00610	0.00505	0.00152	0.00556	0.00459	0.00500	0.00848
3	0.00624	0.00454	0.00590	0.00692	0.00741	0.00421	0.00474	0.00726	0.01006	0.01327	0.05095	0.69449	0.10684	0.01533	0.00641	0.00202	0.00295	0.04158	0.00472	0.00416
4	0.01493	0.01195	0.01208	0.01009	0.01320	0.08968	0.00800	0.24121	0.25051	0.08226	0.11524	0.01770	0.01588	0.00752	0.02730	0.00170	0.00503	0.00533	0.00479	0.06559
5	0.85801	0.00978	0.00743	0.00665	0.00978	0.01134	0.00548	0.01486	0.00861	0.02269	0.00704	0.00821	0.00548	0.00469	0.00313	0.00156	0.00391	0.00274	0.00313	0.00548
6	0.01884	0.01901	0.01452	0.01219	0.01545	0.41523	0.00956	0.37441	0.01869	0.02168	0.01003	0.01075	0.00763	0.00563	0.00477	0.00140	0.00730	0.00390	0.02186	0.00712
7	0.01253	0.01224	0.01989	0.08915	0.70478	0.04144	0.01519	0.01550	0.01151	0.01609	0.00941	0.01246	0.00786	0.00457	0.00499	0.00151	0.00618	0.00446	0.00249	0.00775
8	0.01383	0.52408	0.12330	0.01049	0.01461	0.15360	0.01032	0.01591	0.01084	0.01253	0.00740	0.00883	0.00649	0.00487	0.00465	0.00127	0.06522	0.00306	0.00224	0.00644
9	0.01922	0.01416	0.01518	0.01163	0.01568	0.01568	0.00961	0.77388	0.02378	0.03187	0.01214	0.01214	0.00860	0.00607	0.00506	0.00152	0.00556	0.00455	0.00506	0.00860
10	0.00598	0.00512	0.00512	0.00512	0.00683	0.00427	0.00384	0.00726	0.01153	0.01366	0.05123	0.04866	0.78869	0.01281	0.00598	0.00171	0.00256	0.01067	0.00470	0.00427
11	0.00722	0.00542	0.00813	0.00813	0.00903	0.00632	0.00632	0.00903	0.00813	0.01174	0.01354	0.01987	0.01264	0.03792	0.80225	0.00813	0.01354	0.00542	0.00271	0.00451
12	0.08040	0.01384	0.01461	0.01127	0.01525	0.01537	0.00931	0.71853	0.02267	0.03120	0.01177	0.01185	0.00837	0.00597	0.00492	0.00152	0.00544	0.00442	0.00492	0.00837
13	0.00621	0.00443	0.00592	0.00709	0.00741	0.00415	0.00477	0.00712	0.00973	0.01296	0.02785	0.80182	0.03335	0.01580	0.00647	0.00206	0.00297	0.03110	0.00469	0.00412
14	0.02269	0.00861	0.01174	0.00900	0.01291	0.00743	0.00743	0.02464	0.01447	0.79425	0.01995	0.01721	0.01252	0.00626	0.00509	0.00156	0.00430	0.00509	0.00626	0.00861
15	0.00799	0.00577	0.00793	0.00901	0.01021	0.00571	0.00783	0.01024	0.01163	0.01503	0.02856	0.05643	0.08450	0.01388	0.00691	0.00228	0.00450	0.70230	0.00466	0.00463
16	0.01889	0.02410	0.01433	0.01303	0.01563	0.80199	0.00977	0.02019	0.01433	0.01238	0.00782	0.00912	0.00651	0.00521	0.00456	0.00130	0.00912	0.00326	0.00261	0.00586
17	0.01122	0.01022	0.01388	0.01015	0.01441	0.03476	0.13164	0.01373	0.01096	0.03483	0.03106	0.01190	0.00870	0.00430	0.00469	0.00102	0.03341	0.00376	0.00303	0.61233
18	0.01554	0.01101	0.01232	0.00956	0.01342	0.01099	0.00775	0.31541	0.11987	0.12432	0.01563	0.01532	0.05428	0.00592	0.00475	0.00134	0.00450	0.00468	0.00462	0.24879
19	0.85801	0.00978	0.00743	0.00665	0.00978	0.01134	0.00548	0.01486	0.00861	0.02269	0.00704	0.00821	0.00548	0.00469	0.00313	0.00156	0.00391	0.00274	0.00313	0.00548
20	0.01293	0.01104	0.01163	0.01036	0.01328	0.01274	0.00809	0.06658	0.74132	0.02172	0.02013	0.01851	0.01507	0.00682	0.00514	0.00170	0.00409	0.00566	0.00514	0.00804
21	0.00768	0.00539	0.00641	0.00607	0.00766	0.00475	0.00462	0.00956	0.01306	0.06774	0.40138	0.04160	0.36518	0.01123	0.00594	0.00166	0.00264	0.02742	0.00521	0.00480
22	0.00605	0.00499	0.00532	0.00552	0.00695	0.00426	0.00403	0.00730	0.01128	0.01375	0.07274	0.19137	0.62241	0.01328	0.00606	0.00177	0.00262	0.01131	0.00473	0.00426
23	0.00813	0.00541	0.00690	0.00638	0.00785	0.00490	0.00484	0.01033	0.01394	0.07582	0.63070	0.03777	0.14707	0.01038	0.00590	0.00160	0.00255	0.00906	0.00550	0.00498
24	0.01922	0.01416	0.01518	0.01163	0.01568	0.01568	0.00961	0.77388	0.02378	0.03187	0.01214	0.01214	0.00860	0.00607	0.00506	0.00152	0.00556	0.00455	0.00506	0.00860
25	0.85801	0.00978	0.00743	0.00665	0.00978	0.01134	0.00548	0.01486	0.00861	0.02269	0.00704	0.00821	0.00548	0.00469	0.00313	0.00156	0.00391	0.00274	0.00313	0.00548
26	0.01922	0.01416	0.01518	0.01163	0.01568	0.01568	0.00961	0.77388	0.02378	0.03187	0.01214	0.01214	0.00860	0.00607	0.00506	0.00152	0.00556	0.00455	0.00506	0.00860
27	0.01258	0.01086	0.01143	0.01029	0.01315	0.01258	0.00800	0.02687	0.78161	0.02115	0.02058	0.01887	0.01544	0.00686	0.00515	0.00172	0.00400	0.00572	0.00515	0.00800
28	0.01014	0.02616	0.79609	0.01441	0.02189	0.01174	0.01868	0.01601	0.01068	0.01601	0.00907	0.01068	0.00641	0.00480	0.00480	0.00160	0.00747	0.00374	0.00214	0.00747
29	0.01437	0.01553	0.01872	0.02580	0.56515	0.24193	0.01385	0.01688	0.01233	0.01531	0.00902	0.01153	0.00757	0.00471	0.00488	0.00144	0.00691	0.00414	0.00253	0.00738
30	0.00754	0.00543	0.00674	0.00633	0.00774	0.00499	0.00477	0.01007	0.03706	0.04091	0.60792	0.03862	0.18174	0.01057	0.00592	0.00161	0.00252	0.00921	0.00541	0.00489
31	0.00615	0.00445	0.00581	0.00690	0.00730	0.00412	0.00463	0.00706	0.00982	0.01296	0.02957	0.76281	0.08853	0.01562	0.00642	0.00203	0.00291	0.01411	0.00469	0.00412
32	0.00963	0.00907	0.01532	0.78840	0.05591	0.01126	0.01408	0.01299	0.01015	0.01302	0.00900	0.01345	0.00678	0.00504	0.00505	0.00168	0.00672	0.00449	0.00225	0.00568
33	0.00708	0.00509	0.00630	0.00608	0.00731	0.00465	0.00453	0.00921	0.01336	0.01873	0.57457	0.07884	0.16271	0.01069	0.00581	0.00160	0.00244	0.00934	0.06700	0.00465
34	0.00878	0.00439	0.00659	0.00659	0.00659	0.00439	0.00439	0.00659	0.00659	0.00878	0.00878	0.01537	0.00878	0.01757	0.01976	0.85288	0.00439	0.00439	0.00220	0.00220
35	0.01352	0.82533	0.02650	0.00865	0.01298	0.02001	0.00865	0.01514	0.01027	0.01190	0.00703	0.00811	0.00649	0.00433	0.00324	0.00108	0.00541	0.00270	0.00216	0.00649
36	0.01056	0.00905	0.01052	0.00758	0.01202	0.00694	0.00606	0.01321	0.03643	0.01663	0.00938	0.01077	0.00776	0.00385	0.00379	0.00078	0.00375	0.00309	0.00307	0.82476
37	0.00955	0.00899	0.01517	0.81013	0.03483	0.01123	0.01404	0.01292	0.01011	0.01292	0.00899	0.01348	0.00674	0.00506	0.00506	0.00169	0.00674	0.00449	0.00225	0.00562
38	0.01359	0.01253	0.01172	0.01042	0.01297	0.13661	0.00805	0.10238	0.45376	0.01947	0.01654	0.01727	0.01302	0.05663	0.04287	0.00211	0.02974	0.00522	0.02799	0.00711
39	0.01050	0.00603	0.00595	0.00560	0.00707	0.02371	0.00428	0.08213	0.01186	0.01978	0.01585	0.01803	0.01241	0.00644	0.01742	0.00133	0.00300	0.00468	0.73882	0.00509
40	0.01591	0.04204	0.01311	0.01092	0.01389	0.24105	0.00865	0.18925	0.22200	0.06744	0.04809	0.01781	0.02794	0.00679	0.00505	0.00155	0.00584	0.05124	0.00434	0.00709
41	0.01125	0.01059	0.01790	0.33424	0.46930	0.01146	0.01454	0.01438	0.01094	0.01519	0.00954	0.01311	0.00768	0.00477	0.00498	0.00156	0.00617	0.00451	0.03093	0.00697
42	0.00869	0.00740	0.00913	0.02539	0.01061	0.05535	0.05687	0.06862	0.03847	0.01497	0.02493	0.53766	0.07099	0.01288	0.00611	0.00191	0.00404	0.03663	0.00442	0.00494
43	0.00845	0.00580	0.00788	0.00877	0.01005	0.00569	0.00757	0.01069	0.01175	0.03889	0.04620	0.05342	0.08388	0.01328	0.00671	0.00220	0.00436	0.63526	0.03440	0.00475
44	0.01252	0.01201	0.02053	0.03104	0.79074	0.01201	0.01552	0.01552	0.01151	0.01652	0.00951	0.01252	0.00801	0.00451	0.00501	0.00150	0.00601	0.00451	0.00250	0.00801
45	0.00616	0.00440	0.00587	0.00704	0.00733	0.00411	0.00469	0.00704	0.00968	0.01291	0.02787	0.81899	0.03344	0.01584	0.00645	0.00205	0.00293	0.01438	0.00469	0.00411
46	0.01016	0.00952	0.01563	0.36784	0.32457	0.01039	0.01301	0.01307	0.01091	0.01450	0.01563	0.01947	0.11558	0.00622	0.00523	0.00164	0.00581	0.03174	0.00277	0.00633
47	0.85801	0.00978	0.00743	0.00665	0.00978	0.01134	0.00548	0.01486	0.00861	0.02269	0.00704	0.00821	0.00548	0.00469	0.00313	0.00156	0.00391	0.00274	0.00313	0.00548
48	0.01106	0.01106	0.01549	0.01328	0.01328	0.01549	0.01106	0.01217	0.00774	0.01217	0.00664	0.01106	0.00664	0.00885	0.01659	0.00221	0.81303	0.00443	0.00221	0.00553
49	0.01475	0.01020	0.01253	0.01096	0.03486	0.01087	0.05029	0.06204	0.43296	0.19756	0.03333	0.02008	0.02658	0.00691	0.00525	0.00168	0.00441	0.03744	0.01951	0.00780
50	0.01254	0.59274	0.25048	0.01033	0.01557	0.01760	0.01157	0.01540	0.01039	0.01310	0.00763	0.00886	0.00646	0.00447	0.00370	0.00123	0.00601	0.00300	0.00215	0.00678
51	0.01889	0.02410	0.01433	0.01303	0.01563	0.80199	0.00977	0.02019	0.01433	0.01238	0.00782	0.00912	0.00651	0.00521	0.00456	0.00130	0.00912	0.00326	0.00261	0.00586
52	0.00670	0.00515	0.00612	0.00588	0.00727	0.00457	0.00441	0.00865	0.01322	0.01769	0.49991	0.04203	0.33750	0.01130	0.00597	0.00164	0.00245	0.00974	0.00523	0.00457
53	0.01204	0.01153	0.01967	0.15540	0.67008	0.01189	0.01528	0.01510	0.01129	0.01595	0.00943	0.01267	0.00781	0.00459	0.00501	0.00153	0.00612	0.00450	0.00246	0.00763
54	0.02162	0.00877	0.01155	0.00892	0.01268	0.00787	0.00735	0.07849	0.01491	0.69074	0.01917	0.01694	0.01226	0.00622	0.00499	0.00154	0.00427	0.00502	0.05832	0.00836
55	0.00616	0.00440	0.00587	0.00704	0.00733	0.00411	0.00469	0.00704	0.00968	0.01291	0.02787	0.81899	0.03344	0.01584	0.00645	0.00205	0.00293	0.01438	0.00469	0.00411
56	0.00755	0.00526	0.00685	0.00640	0.00768	0.00483	0.00482	0.00989	0.01423	0.04131	0.74468	0.03754	0.06920	0.01030	0.00594	0.00159	0.00244	0.00908	0.00556	0.00486
57	0.00662	0.00486	0.00621	0.00649	0.00738	0.00445	0.00463	0.00828	0.01215	0.01657	0.39965	0.34921	0.12914	0.01281	0.00616	0.00179	0.00262	0.01140	0.00512	0.00445
58	0.01904	0.01946	0.01472	0.01238	0.01566	0.43476	0.00970	0.37219	0.01874	0.02148	0.00984	0.01053	0.00749	0.00561	0.00479	0.00140	0.00746	0.00386	0.00375	0.00714
59	0.01111	0.00973	0.03808	0.52926	0.07490	0.01040	0.01237	0.01467	0.03952	0.08047	0.01039	0.01344	0.00773	0.00500	0.00487	0.00153	0.00599	0.00436	0.00281	0.12336
60	0.01352	0.82533	0.02650	0.00865	0.01298	0.02001	0.00865	0.01514	0.01027	0.01190	0.00703	0.00811	0.00649	0.00433	0.00324	0.00108	0.00541	0.00270	0.00216	0.00649
61	0.80685	0.00971	0.00770	0.00679	0.00997	0.01110	0.00560	0.01546	0.00897	0.06994	0.00783	0.00877	0.00591	0.00479	0.00325	0.00156	0.00394	0.00288	0.00332	0.00567
62	0.01546	0.01348	0.01305	0.01109	0.01422	0.10859	0.00877	0.28017	0.40117	0.02342	0.01599	0.02890	0.01215	0.00659	0.00531	0.00161	0.02232	0.00514	0.00474	0.00783
63	0.01175	0.01363	0.05147	0.04846	0.04694	0.01288	0.64607	0.01576	0.01152	0.01579	0.00987	0.01332	0.00754	0.00465	0.00665	0.00173	0.06704	0.00569	0.00251	0.00674
64	0.00865	0.00484	0.00514	0.00507	0.00630	0.00468	0.00380	0.01090	0.01140	0.01860	0.16655	0.02546	0.09800	0.00744	0.00424	0.00131	0.00238	0.00616	0.60440	0.00468
65	0.00649	0.00471	0.00612	0.00668	0.00738	0.00434	0.00466	0.00790	0.01137	0.01546	0.28720	0.50360	0.08776	0.01378	0.00626	0.00187	0.00272	0.01236	0.00499	0.00434
66	0.01922	0.01416	0.01518	0.01163	0.01568	0.01568	0.00961	0.77388	0.02378	0.03187	0.01214	0.01214	0.00860	0.00607	0.00506	0.00152	0.00556	0.00455	0.00506	0.00860
67	0.59225	0.00941	0.00880	0.00740	0.01077	0.01010	0.00610	0.01798	0.01047	0.26816	0.01115	0.01108	0.00772	0.00519	0.00375	0.00156	0.00404	0.00348	0.00412	0.00647
68	0.01922	0.01416	0.01518	0.01163	0.01568	0.01568	0.00961	0.77388	0.02378	0.03187	0.01214	0.01214	0.00860	0.00607	0.00506	0.00152	0.00556	0.00455	0.00506	0.00860
69	0.01922	0.01416	0.01518	0.01163	0.01568	0.01568	0.00961	0.77388	0.02378	0.03187	0.01214	0.01214	0.00860	0.00607	0.00506	0.00152	0.00556	0.00455	0.00506	0.00860
70	0.01352	0.82533	0.02650	0.00865	0.01298	0.02001	0.00865	0.01514	0.01027	0.01190	0.00703	0.00811	0.00649	0.00433	0.00324	0.00108	0.00541	0.00270	0.00216	0.00649
71	0.85801	0.00978	0.00743	0.00665	0.00978	0.01134	0.00548	0.01486	0.00861	0.02269	0.00704	0.00821	0.00548	0.00469	0.00313	0.00156	0.00391	0.00274	0.00313	0.00548
72	0.01258	0.01090	0.01171	0.01092	0.03671	0.01256	0.00823	0.02653	0.75827	0.02101	0.02025	0.01867	0.01521	0.00679	0.00514	0.00171	0.00406	0.00568	0.00507	0.00800
73	0.00606	0.00514	0.00523	0.00526	0.00694	0.00432	0.00398	0.00739	0.01158	0.01382	0.06337	0.04871	0.75497	0.01280	0.00600	0.00172	0.00262	0.03111	0.00471	0.00429
74	0.01252	0.01201	0.02053	0.03104	0.79074	0.01201	0.01552	0.01552	0.01151	0.01652	0.00951	0.01252	0.00801	0.00451	0.00501	0.00150	0.00601	0.00451	0.00250	0.00801
75	0.00627	0.00454	0.00594	0.00692	0.00739	0.00421	0.00473	0.00733	0.01021	0.01359	0.09002	0.69159	0.08111	0.01517	0.00640	0.00200	0.00291	0.03070	0.00476	0.00418
76	0.00878	0.00439	0.00659	0.00659	0.00659	0.00439	0.00439	0.00659	0.00659	0.00878	0.00878	0.01537	0.00878	0.01757	0.01976	0.85288	0.00439	0.00439	0.00220	0.00220
77	0.01888	0.01564	0.01505	0.01191	0.01559	0.14118	0.00969	0.62686	0.02171	0.02807	0.01126	0.01162	0.00820	0.00603	0.00538	0.00151	0.03446	0.00434	0.00457	0.00805
78	0.00633	0.00459	0.00599	0.00686	0.00740	0.00425	0.00472	0.00747	0.01048	0.01401	0.13250	0.64143	0.08876	0.01484	0.00637	0.00197	0.00287	0.03013	0.00481	0.00422
79	0.68828	0.01027	0.00872	0.00743	0.01075	0.01160	0.00612	0.11363	0.01090	0.06139	0.00838	0.00922	0.00627	0.00493	0.00349	0.00154	0.00414	0.00309	0.00353	0.02631
80	0.01182	0.01443	0.07809	0.02088	0.02614	0.01272	0.72492	0.01619	0.01186	0.01619	0.01016	0.01345	0.00759	0.00430	0.00589	0.00170	0.00846	0.00583	0.00253	0.00686
81	0.01194	0.01364	0.02984	0.02131	0.02643	0.01279	0.77238	0.01620	0.01194	0.01620	0.01023	0.01364	0.00767	0.00426	0.00597	0.00171	0.00853	0.00597	0.00256	0.00682
82	0.00997	0.00970	0.01778	0.58021	0.03105	0.01110	0.17939	0.01325	0.01039	0.01351	0.00983	0.02699	0.00780	0.00569	0.00589	0.03551	0.00694	0.01689	0.00239	0.00571
83	0.00943	0.00471	0.00471	0.00471	0.00589	0.00471	0.00353	0.01178	0.01060	0.01885	0.01650	0.01885	0.01296	0.00589	0.00353	0.00118	0.00236	0.00471	0.85036	0.00471
84	0.00646	0.00512	0.00583	0.00583	0.00725	0.00449	0.00438	0.00812	0.01232	0.01582	0.28720	0.09433	0.46824	0.01225	0.00605	0.00172	0.00262	0.04256	0.00498	0.00444
85	0.01286	0.01335	0.02577	0.01880	0.02327	0.01335	0.57167	0.11473	0.06026	0.01824	0.01085	0.01358	0.00819	0.00499	0.00657	0.00172	0.06611	0.00566	0.00301	0.00703
86	0.01258	0.01086	0.01143	0.01029	0.01315	0.01258	0.00800	0.02687	0.78161	0.02115	0.02058	0.01887	0.01544	0.00686	0.00515	0.00172	0.00400	0.00572	0.00515	0.00800
87	0.00649	0.00508	0.00570	0.00576	0.00688	0.00471	0.00407	0.00753	0.00996	0.01245	0.03629	0.08059	0.45680	0.20388	0.12830	0.00341	0.00475	0.00932	0.00402	0.00402
88	0.01065	0.00996	0.01563	0.52841	0.02780	0.01241	0.03977	0.06441	0.01059	0.01425	0.00872	0.01277	0.00690	0.00590	0.00761	0.00177	0.18575	0.00449	0.00246	0.02974
89	0.00732	0.00524	0.00660	0.00629	0.00762	0.00476	0.00475	0.00947	0.01367	0.03732	0.60503	0.05504	0.17762	0.01088	0.00598	0.00164	0.00253	0.02809	0.00539	0.00476
90	0.01106	0.01106	0.01549	0.01328	0.01328	0.01549	0.01106	0.01217	0.00774	0.01217	0.00664	0.01106	0.00664	0.00885	0.01659	0.00221	0.81303	0.00443	0.00221	0.00553
91	0.01437	0.05065	0.06105	0.01837	0.29522	0.08279	0.01178	0.19186	0.16400	0.02027	0.01302	0.01396	0.02879	0.00560	0.00494	0.00152	0.00576	0.00467	0.00363	0.00776
92	0.01022	0.04525	0.77770	0.01428	0.02167	0.01194	0.01844	0.01599	0.01067	0.01592	0.00903	0.01061	0.00641	0.00479	0.00477	0.00159	0.00742	0.00371	0.00214	0.00745
93	0.74978	0.00963	0.00799	0.00695	0.01018	0.01084	0.00573	0.01613	0.00937	0.12265	0.00871	0.00938	0.00639	0.00490	0.00338	0.00156	0.00396	0.00304	0.00353	0.00588
94	0.00716	0.00517	0.00676	0.00636	0.00755	0.00477	0.00477	0.00954	0.01431	0.02028	0.78808	0.03777	0.04771	0.01034	0.00596	0.00159	0.00239	0.00914	0.00557	0.00477
95	0.00878	0.00439	0.00659	0.00659	0.00659	0.00439	0.00439	0.00659	0.00659	0.00878	0.00878	0.01537	0.00878	0.01757	0.01976	0.85288	0.00439	0.00439	0.00220	0.00220
96	0.02105	0.00928	0.01181	0.00916	0.01289	0.00866	0.00753	0.14217	0.03191	0.60648	0.01850	0.01655	0.01199	0.00622	0.00498	0.00153	0.00437	0.00499	0.06158	0.00834
97	0.00616	0.00441	0.00585	0.00700	0.00732	0.00411	0.00468	0.00705	0.00972	0.01292	0.02833	0.80387	0.04827	0.01578	0.00644	0.00205	0.00293	0.01430	0.00469	0.00411
98	0.00732	0.00474	0.00624	0.00707	0.00770	0.00435	0.00484	0.00830	0.01013	0.06841	0.02868	0.71696	0.07620	0.01498	0.00633	0.00200	0.00301	0.01350	0.00481	0.00444
