[name]
unknown

[dist]
# distance from previous block
# <min> <max>
2	244

[block]
# block no. 0 follows, 51 sequences, length 29
# corresponding to MSA columns:
# 247-275
name=unknown_A
#
# <colnr> <probs for GDERKNQSTAVLIFYWHMCP>
#	G	D	E	R	K	N	Q	S	T	A	V	L	I	F	Y	W	H	M	C	P
0	0.01784	0.12429	0.01743	0.01212	0.01596	0.09606	0.06753	0.50452	0.01949	0.02548	0.01162	0.01260	0.00883	0.00606	0.00504	0.00157	0.00615	0.00447	0.03497	0.00799
1	0.01328	0.01326	0.02457	0.01792	0.02262	0.01254	0.54568	0.11449	0.04339	0.01877	0.01135	0.01415	0.00873	0.00504	0.00578	0.00169	0.00745	0.00554	0.00327	0.11050
2	0.01654	0.43511	0.02062	0.01095	0.01451	0.33160	0.00929	0.07752	0.01318	0.01419	0.00849	0.00991	0.00738	0.00531	0.00422	0.00135	0.00700	0.00331	0.00282	0.00670
3	0.01257	0.00924	0.01186	0.00930	0.01241	0.00902	0.03401	0.05523	0.06583	0.14484	0.04588	0.04431	0.01120	0.00598	0.00646	0.00133	0.14570	0.00453	0.00371	0.36661
4	0.04268	0.06787	0.32003	0.01349	0.01840	0.21686	0.12475	0.03612	0.04471	0.04345	0.01001	0.01132	0.01866	0.00494	0.00467	0.00147	0.00722	0.00398	0.00266	0.00669
5	0.00726	0.00581	0.02123	0.00615	0.00772	0.01827	0.00479	0.00907	0.01235	0.04592	0.34758	0.08244	0.36593	0.01115	0.00578	0.00164	0.00277	0.03466	0.00488	0.00460
6	0.00631	0.00451	0.00582	0.00648	0.00697	0.00421	0.00438	0.00740	0.01020	0.01378	0.18979	0.54535	0.06300	0.09795	0.00809	0.00217	0.00292	0.01205	0.00458	0.00403
7	0.01159	0.01122	0.01958	0.10016	0.63271	0.01134	0.07459	0.01455	0.01102	0.01556	0.01001	0.04688	0.00870	0.00488	0.00500	0.00151	0.00597	0.00490	0.00250	0.00732
8	0.01201	0.01145	0.07247	0.02447	0.15742	0.03196	0.00910	0.09908	0.01204	0.04192	0.00972	0.02169	0.00786	0.00440	0.00420	0.00108	0.00471	0.00364	0.00308	0.46772
9	0.02131	0.00853	0.01138	0.00884	0.01256	0.00760	0.00726	0.02411	0.07253	0.74114	0.01943	0.01685	0.01238	0.00613	0.00495	0.00153	0.00416	0.00499	0.00600	0.00832
10	0.05058	0.02413	0.73037	0.01394	0.02090	0.01144	0.05057	0.01552	0.01033	0.01588	0.00877	0.01039	0.00624	0.00464	0.00464	0.00156	0.00714	0.00368	0.00214	0.00714
11	0.03065	0.01134	0.07875	0.05309	0.08188	0.00970	0.26412	0.02713	0.01219	0.28402	0.01533	0.05639	0.04021	0.00582	0.00526	0.00160	0.00590	0.00567	0.00389	0.00708
12	0.01215	0.01227	0.01922	0.02236	0.40610	0.07159	0.17530	0.01672	0.12624	0.01616	0.01201	0.05256	0.01022	0.00541	0.00515	0.00156	0.00613	0.01874	0.00297	0.00714
13	0.00599	0.00428	0.00570	0.00684	0.00713	0.00399	0.00456	0.00684	0.00941	0.01254	0.02709	0.82409	0.03250	0.01540	0.00627	0.00200	0.00285	0.01397	0.00456	0.00399
14	0.01388	0.01282	0.10006	0.12016	0.19645	0.04174	0.11641	0.13069	0.01337	0.13903	0.03398	0.02616	0.02171	0.00541	0.00504	0.00154	0.00601	0.00490	0.00346	0.00717
15	0.01149	0.02081	0.51974	0.01536	0.03435	0.01175	0.18947	0.07375	0.01179	0.05084	0.00976	0.01144	0.00695	0.00470	0.00496	0.00157	0.00720	0.00425	0.00256	0.00726
16	0.00854	0.00427	0.00640	0.00640	0.00640	0.00427	0.00427	0.00640	0.00640	0.00854	0.00854	0.01494	0.00854	0.01707	0.01921	0.85702	0.00427	0.00427	0.00213	0.00213
17	0.00997	0.02476	0.76453	0.01478	0.05826	0.01143	0.01801	0.01554	0.01041	0.01559	0.00884	0.01046	0.00630	0.00466	0.00468	0.00155	0.00719	0.00367	0.00209	0.00729
18	0.03224	0.00979	0.01254	0.01243	0.11280	0.01054	0.06860	0.04875	0.40873	0.01921	0.11266	0.02172	0.09439	0.00707	0.00517	0.00161	0.00421	0.00619	0.00443	0.00691
19	0.01096	0.01631	0.27364	0.01707	0.02240	0.01130	0.45013	0.01534	0.01131	0.04023	0.04454	0.04264	0.00980	0.00503	0.00543	0.00163	0.00738	0.00551	0.00267	0.00670
20	0.01067	0.00954	0.01223	0.15226	0.01656	0.02647	0.04635	0.04272	0.03254	0.01600	0.00920	0.01112	0.00739	0.00410	0.00408	0.00100	0.00459	0.00345	0.00289	0.58684
21	0.79825	0.01056	0.00773	0.00693	0.00993	0.07122	0.00564	0.01484	0.00878	0.02129	0.00690	0.00805	0.00540	0.00460	0.00315	0.00150	0.00418	0.00270	0.00300	0.00535
22	0.00714	0.00481	0.00559	0.00559	0.00566	0.00489	0.00326	0.00729	0.00721	0.00970	0.01528	0.03102	0.01737	0.75714	0.09449	0.00504	0.00551	0.00698	0.00295	0.00310
23	0.00735	0.00558	0.00783	0.00766	0.00825	0.00651	0.00572	0.00861	0.00768	0.01097	0.01321	0.02184	0.01322	0.23277	0.54826	0.00665	0.07543	0.00566	0.00268	0.00411
24	0.01213	0.00944	0.01073	0.06968	0.01321	0.00997	0.00736	0.24009	0.17406	0.03064	0.05221	0.08935	0.09069	0.03299	0.00561	0.00159	0.00420	0.00617	0.02544	0.11444
25	0.01160	0.00834	0.00936	0.00840	0.01081	0.00885	0.00654	0.01965	0.41370	0.12774	0.14376	0.04580	0.13627	0.00829	0.00529	0.00164	0.00346	0.01867	0.00513	0.00669
26	0.00598	0.00441	0.00557	0.00648	0.00700	0.00404	0.00438	0.00689	0.00968	0.01261	0.03085	0.66924	0.16720	0.03254	0.00660	0.00200	0.00283	0.01318	0.00453	0.00400
27	0.00997	0.00684	0.00948	0.00984	0.07376	0.00691	0.03309	0.02422	0.09906	0.10941	0.05676	0.23199	0.02036	0.14049	0.11480	0.00304	0.00530	0.03522	0.00409	0.00537
28	0.01468	0.08155	0.01621	0.17963	0.11500	0.39091	0.03797	0.04061	0.02348	0.01354	0.01895	0.01086	0.00732	0.00504	0.00483	0.00140	0.02560	0.00379	0.00255	0.00608

[dist]
# distance from previous block
# <min> <max>
1	19

[block]
# block no. 1 follows, 51 sequences, length 28
# corresponding to MSA columns:
# 295-322
name=unknown_B
#
# <colnr> <probs for GDERKNQSTAVLIFYWHMCP>
#	G	D	E	R	K	N	Q	S	T	A	V	L	I	F	Y	W	H	M	C	P
0	0.00884	0.00670	0.00813	0.00754	0.00869	0.04113	0.03962	0.05613	0.01000	0.04381	0.04023	0.13896	0.09398	0.28323	0.16863	0.00390	0.00615	0.00756	0.02237	0.00441
1	0.01506	0.01029	0.01157	0.00932	0.01228	0.01107	0.02482	0.40024	0.07106	0.09042	0.01662	0.03227	0.06392	0.00658	0.00497	0.00146	0.02242	0.00520	0.18338	0.00705
2	0.01514	0.10025	0.01548	0.13382	0.03285	0.44295	0.04705	0.01732	0.03364	0.03888	0.00954	0.01129	0.02091	0.00623	0.03376	0.00158	0.00769	0.00377	0.00267	0.02520
3	0.01012	0.03144	0.03664	0.01206	0.01350	0.01138	0.14366	0.01173	0.00870	0.02971	0.01077	0.07832	0.01086	0.15039	0.02492	0.00248	0.37137	0.00573	0.00266	0.03357
4	0.01453	0.05200	0.07048	0.01151	0.01477	0.10368	0.06971	0.31271	0.06447	0.04430	0.01349	0.13472	0.01189	0.00714	0.00566	0.00158	0.05077	0.00577	0.00395	0.00688
5	0.00702	0.00544	0.00613	0.00635	0.00724	0.02577	0.00443	0.02901	0.01079	0.01403	0.16758	0.31076	0.21193	0.14809	0.00911	0.00227	0.00324	0.02225	0.00441	0.00415
6	0.01266	0.46273	0.11899	0.00911	0.01299	0.02603	0.00897	0.03527	0.03944	0.08658	0.01195	0.13305	0.01118	0.00628	0.00412	0.00134	0.00505	0.00485	0.00303	0.00637
7	0.01995	0.00700	0.05496	0.00704	0.00872	0.00595	0.00562	0.04380	0.04048	0.07097	0.35583	0.11633	0.09787	0.13353	0.00853	0.00209	0.00340	0.00831	0.00465	0.00497
8	0.07117	0.02051	0.05546	0.01335	0.07417	0.57362	0.00993	0.05092	0.03053	0.01430	0.00823	0.00952	0.00668	0.00498	0.00439	0.00131	0.00778	0.00335	0.00270	0.03710
9	0.00925	0.00795	0.00779	0.00720	0.00871	0.12623	0.00543	0.01133	0.01376	0.05131	0.59852	0.03227	0.08270	0.00926	0.00555	0.00151	0.00340	0.00794	0.00495	0.00493
10	0.01121	0.00868	0.01423	0.69340	0.03062	0.01036	0.01268	0.01428	0.01047	0.13173	0.01035	0.01365	0.00740	0.00509	0.00492	0.00162	0.00619	0.00445	0.00277	0.00590
11	0.00801	0.00443	0.00643	0.00647	0.00671	0.00438	0.00443	0.00698	0.00786	0.01070	0.12920	0.08763	0.01648	0.01674	0.05078	0.61706	0.00424	0.00584	0.00286	0.00277
12	0.00752	0.00579	0.00819	0.13015	0.01275	0.00596	0.00763	0.00958	0.01082	0.01398	0.04696	0.17893	0.11663	0.01235	0.00627	0.00203	0.00425	0.41148	0.00421	0.00453
13	0.02055	0.00886	0.01270	0.01198	0.13120	0.00790	0.00841	0.02261	0.01363	0.68140	0.01785	0.01604	0.01150	0.00582	0.00493	0.00151	0.00443	0.00486	0.00553	0.00828
14	0.01029	0.00621	0.00750	0.00666	0.00843	0.00581	0.00501	0.04798	0.04097	0.16241	0.31051	0.03270	0.19047	0.13317	0.00848	0.00205	0.00327	0.00787	0.00495	0.00526
15	0.00673	0.00496	0.00625	0.00660	0.00753	0.00463	0.00480	0.02792	0.01164	0.01563	0.28295	0.37660	0.15152	0.01282	0.00604	0.00180	0.00279	0.05955	0.00485	0.00438
16	0.00794	0.00521	0.00677	0.00676	0.00780	0.00574	0.00518	0.01039	0.04327	0.01445	0.03526	0.05356	0.01425	0.02322	0.44113	0.00489	0.00830	0.00551	0.29578	0.00459
17	0.00658	0.00463	0.00551	0.00602	0.00650	0.00438	0.00397	0.00732	0.00904	0.01195	0.02628	0.35478	0.15185	0.29651	0.01261	0.00288	0.00350	0.04189	0.04011	0.00371
18	0.01195	0.01154	0.01921	0.02755	0.67803	0.01219	0.01443	0.01459	0.01064	0.01542	0.00882	0.01195	0.00758	0.00502	0.00657	0.00156	0.12879	0.00437	0.00239	0.00742
19	0.01813	0.01957	0.01301	0.01152	0.01425	0.60257	0.00878	0.05087	0.01415	0.13214	0.01224	0.01262	0.05751	0.00572	0.00462	0.00134	0.00761	0.00394	0.00330	0.00611
20	0.73296	0.00939	0.00836	0.12889	0.01319	0.01101	0.00658	0.01416	0.00858	0.02061	0.00713	0.00876	0.00551	0.00461	0.00332	0.00154	0.00422	0.00292	0.00291	0.00534
21	0.00690	0.00510	0.00601	0.00573	0.00719	0.00450	0.00432	0.00873	0.01272	0.04041	0.44119	0.04079	0.37660	0.01099	0.00578	0.00160	0.00245	0.00943	0.00506	0.00453
22	0.01293	0.51849	0.15212	0.00990	0.01415	0.12353	0.00998	0.01557	0.03889	0.01267	0.00870	0.04708	0.00784	0.00501	0.00379	0.00123	0.00591	0.00351	0.00238	0.00633
23	0.01105	0.01055	0.01794	0.33211	0.50335	0.01138	0.01453	0.01411	0.01067	0.01471	0.00905	0.01252	0.00731	0.00458	0.00488	0.00153	0.00611	0.00437	0.00234	0.00689
24	0.00719	0.00549	0.00813	0.00803	0.00884	0.00649	0.00624	0.00886	0.00786	0.01136	0.01294	0.01936	0.01221	0.06193	0.74691	0.00754	0.04832	0.00529	0.00262	0.00438
25	0.00854	0.00427	0.00640	0.00640	0.00640	0.00427	0.00427	0.00640	0.00640	0.00854	0.00854	0.01494	0.00854	0.01707	0.01921	0.85702	0.00427	0.00427	0.00213	0.00213
26	0.00928	0.00873	0.01474	0.81548	0.03385	0.01092	0.01365	0.01256	0.00983	0.01256	0.00873	0.01310	0.00655	0.00491	0.00491	0.00164	0.00655	0.00437	0.00218	0.00546
27	0.01153	0.01058	0.01566	0.14493	0.38853	0.03395	0.01161	0.02568	0.01101	0.03137	0.00988	0.01231	0.02049	0.00446	0.00453	0.00128	0.00532	0.00403	0.00268	0.25016

[dist]
# distance from previous block
# <min> <max>
0	3

[block]
# block no. 2 follows, 51 sequences, length 6
# corresponding to MSA columns:
# 326-331
name=unknown_C
#
# <colnr> <probs for GDERKNQSTAVLIFYWHMCP>
#	G	D	E	R	K	N	Q	S	T	A	V	L	I	F	Y	W	H	M	C	P
0	0.11323	0.01749	0.06441	0.01183	0.01510	0.35339	0.05680	0.11909	0.16849	0.01781	0.01076	0.01140	0.00827	0.00535	0.00455	0.00145	0.00670	0.00394	0.00336	0.00657
1	0.01650	0.00917	0.01230	0.00982	0.01312	0.00892	0.07009	0.11886	0.12344	0.37795	0.09092	0.02127	0.05365	0.00703	0.00523	0.00159	0.00440	0.04307	0.00527	0.00740
2	0.01155	0.01047	0.07158	0.18876	0.01819	0.00876	0.04010	0.06492	0.01136	0.08009	0.00986	0.01162	0.00752	0.00437	0.00428	0.00114	0.00491	0.00367	0.00306	0.44378
3	0.12245	0.03931	0.01636	0.01513	0.12378	0.32848	0.10882	0.07892	0.01254	0.01584	0.00824	0.01017	0.00673	0.00518	0.00566	0.00147	0.08811	0.00381	0.00272	0.00626
4	0.13639	0.01564	0.20599	0.01249	0.01697	0.01159	0.01136	0.07808	0.01486	0.33910	0.01736	0.01889	0.01295	0.01043	0.06785	0.00274	0.00702	0.00553	0.00548	0.00925
5	0.00615	0.00481	0.00560	0.00597	0.00710	0.00426	0.00437	0.00749	0.01104	0.01403	0.14448	0.28368	0.41057	0.01308	0.00601	0.00178	0.00270	0.05799	0.00468	0.00419

[dist]
# distance from previous block
# <min> <max>
0	1

[block]
# block no. 3 follows, 51 sequences, length 10
# corresponding to MSA columns:
# 333-342
name=unknown_D
#
# <colnr> <probs for GDERKNQSTAVLIFYWHMCP>
#	G	D	E	R	K	N	Q	S	T	A	V	L	I	F	Y	W	H	M	C	P
0	0.01451	0.01219	0.05742	0.02789	0.10777	0.05498	0.02912	0.21708	0.10808	0.11286	0.01322	0.05849	0.01043	0.00581	0.00477	0.00141	0.00508	0.00482	0.00401	0.15006
1	0.04019	0.13939	0.30464	0.03401	0.01592	0.02997	0.02507	0.03425	0.01091	0.11053	0.03108	0.03332	0.00944	0.00845	0.08698	0.00207	0.00655	0.00419	0.00296	0.07008
2	0.01190	0.15880	0.47362	0.01203	0.01741	0.04801	0.01371	0.01551	0.01083	0.06482	0.01115	0.04714	0.00941	0.07642	0.00654	0.00188	0.00661	0.00449	0.00279	0.00694
3	0.01071	0.02442	0.68149	0.01435	0.02105	0.08000	0.06911	0.01592	0.01076	0.01527	0.00879	0.01044	0.00632	0.00467	0.00473	0.00154	0.00747	0.00374	0.00214	0.00708
4	0.01216	0.01168	0.01995	0.03016	0.79664	0.01168	0.01508	0.01508	0.01119	0.01605	0.00924	0.01216	0.00778	0.00438	0.00487	0.00146	0.00584	0.00438	0.00243	0.00778
5	0.01089	0.04761	0.18552	0.03606	0.05038	0.01077	0.22231	0.06253	0.06508	0.04063	0.01523	0.12989	0.05155	0.00693	0.00562	0.00166	0.02846	0.01920	0.00323	0.00644
6	0.04712	0.01190	0.09713	0.01271	0.07890	0.05521	0.14955	0.11221	0.05191	0.04173	0.01565	0.04478	0.07840	0.15748	0.00875	0.00215	0.00568	0.00584	0.01689	0.00602
7	0.00599	0.00471	0.00535	0.00576	0.00681	0.00414	0.00406	0.00709	0.01049	0.01317	0.07782	0.34079	0.43489	0.04740	0.00678	0.00191	0.00271	0.01153	0.00454	0.00407
8	0.01023	0.00971	0.01646	0.55631	0.28559	0.01117	0.01412	0.01339	0.01028	0.01371	0.00890	0.01279	0.00696	0.00474	0.00490	0.00158	0.00632	0.00437	0.00227	0.00623
9	0.01174	0.09837	0.05322	0.05803	0.11476	0.03201	0.31044	0.03838	0.03603	0.04112	0.01085	0.04461	0.00903	0.00791	0.07469	0.00212	0.04226	0.00519	0.00276	0.00648

[dist]
# distance from previous block
# <min> <max>
4	7

[block]
# block no. 4 follows, 51 sequences, length 41
# corresponding to MSA columns:
# 350-390
name=unknown_E
#
# <colnr> <probs for GDERKNQSTAVLIFYWHMCP>
#	G	D	E	R	K	N	Q	S	T	A	V	L	I	F	Y	W	H	M	C	P
0	0.00882	0.04428	0.00747	0.00652	0.00727	0.03446	0.00433	0.05149	0.00917	0.04286	0.01748	0.16384	0.03634	0.50969	0.03241	0.00367	0.00472	0.00776	0.00345	0.00397
1	0.06516	0.08054	0.15303	0.05271	0.03838	0.19964	0.05367	0.09680	0.03638	0.06713	0.01043	0.04041	0.00850	0.00575	0.00536	0.00151	0.05901	0.01602	0.00306	0.00651
2	0.00974	0.02459	0.76957	0.01369	0.02070	0.01114	0.01761	0.01531	0.01052	0.01573	0.04067	0.01144	0.00785	0.00489	0.00471	0.00156	0.00706	0.00384	0.00221	0.00716
3	0.01052	0.01035	0.07526	0.00811	0.01261	0.00748	0.00708	0.04377	0.01067	0.01650	0.00882	0.01028	0.00722	0.00392	0.00404	0.00086	0.02103	0.00306	0.00291	0.73554
4	0.00736	0.00688	0.06506	0.03236	0.00933	0.00555	0.00592	0.03102	0.01319	0.01812	0.52715	0.03577	0.19118	0.00991	0.00568	0.00158	0.00297	0.02123	0.00486	0.00486
5	0.01484	0.04098	0.04262	0.01305	0.08794	0.25806	0.07506	0.09128	0.02496	0.07928	0.01022	0.02959	0.00817	0.00498	0.00452	0.00126	0.00625	0.00400	0.00318	0.19976
6	0.01167	0.01239	0.02582	0.03480	0.02365	0.01161	0.64229	0.01546	0.01146	0.04129	0.01052	0.01426	0.00815	0.00452	0.00578	0.00160	0.02088	0.02673	0.00268	0.07446
7	0.00611	0.00482	0.00551	0.00570	0.00692	0.00422	0.00414	0.00751	0.01139	0.01457	0.21398	0.23157	0.44091	0.01261	0.00592	0.00171	0.00254	0.01090	0.00476	0.00422
8	0.05170	0.00861	0.01138	0.00876	0.01254	0.00767	0.00724	0.05267	0.01421	0.74292	0.01865	0.01623	0.01178	0.00602	0.00487	0.00152	0.00422	0.00484	0.00593	0.00826
9	0.00898	0.00695	0.00817	0.02755	0.00980	0.00726	0.00591	0.06860	0.19931	0.01878	0.31343	0.16284	0.08015	0.00979	0.00554	0.00166	0.00317	0.02380	0.03279	0.00554
10	0.01151	0.01298	0.02748	0.01986	0.02429	0.01271	0.69527	0.01532	0.01116	0.01532	0.00956	0.01298	0.00735	0.00463	0.00692	0.00171	0.09637	0.00564	0.00245	0.00649
11	0.00708	0.00585	0.00869	0.06133	0.03360	0.00560	0.07002	0.00866	0.01039	0.01361	0.09062	0.36496	0.18424	0.05814	0.00706	0.00199	0.00373	0.05579	0.00415	0.00448
12	0.03729	0.00912	0.01178	0.00905	0.01286	0.00839	0.00748	0.12688	0.01519	0.68065	0.01812	0.01589	0.01152	0.00603	0.00490	0.00151	0.00434	0.00483	0.00587	0.00831
13	0.00778	0.00522	0.00674	0.00624	0.00760	0.00476	0.00472	0.00999	0.01371	0.06646	0.68962	0.03632	0.10212	0.00999	0.00575	0.00155	0.00244	0.00876	0.00539	0.00482
14	0.00625	0.00458	0.00590	0.00677	0.00729	0.00432	0.00462	0.00767	0.03457	0.01343	0.09096	0.68557	0.08079	0.01450	0.00616	0.00193	0.00282	0.01306	0.00465	0.00417
15	0.00653	0.00530	0.00575	0.00577	0.00724	0.00480	0.00432	0.00860	0.05762	0.01418	0.11866	0.08914	0.53512	0.06169	0.00701	0.00189	0.00284	0.05461	0.00458	0.00436
16	0.21883	0.01038	0.01150	0.00903	0.01270	0.01071	0.00746	0.26595	0.01564	0.36841	0.01398	0.01308	0.00932	0.00567	0.00449	0.00151	0.00449	0.00424	0.00499	0.00764
17	0.01181	0.01177	0.01770	0.20525	0.52793	0.07945	0.01386	0.01460	0.01112	0.01482	0.01049	0.01340	0.03656	0.00486	0.00487	0.00149	0.00613	0.00449	0.00246	0.00694
18	0.00600	0.00495	0.00529	0.00538	0.00686	0.00423	0.00403	0.00735	0.01132	0.01389	0.11949	0.11010	0.63445	0.01249	0.00588	0.00170	0.00257	0.03519	0.00464	0.00420
19	0.03834	0.00934	0.01157	0.00899	0.01272	0.04785	0.00738	0.05159	0.01428	0.71651	0.01827	0.01598	0.01159	0.00599	0.00488	0.00151	0.00445	0.00479	0.00580	0.00817
20	0.00928	0.00873	0.01474	0.81548	0.03385	0.01092	0.01365	0.01256	0.00983	0.01256	0.00873	0.01310	0.00655	0.00491	0.00491	0.00164	0.00655	0.00437	0.00218	0.00546
21	0.00769	0.00611	0.00783	0.00773	0.00850	0.00687	0.00574	0.00999	0.08330	0.01250	0.02039	0.17369	0.09996	0.17506	0.22759	0.00408	0.10038	0.03463	0.00350	0.00446
22	0.01297	0.78977	0.06478	0.00869	0.01305	0.01904	0.00890	0.01476	0.01000	0.01176	0.00693	0.00801	0.00630	0.00423	0.00323	0.00108	0.00536	0.00268	0.00210	0.00635
23	0.00858	0.00472	0.00547	0.00547	0.00645	0.00492	0.00409	0.01039	0.00941	0.01587	0.01485	0.01865	0.01238	0.03386	0.18666	0.06203	0.00494	0.00478	0.58215	0.00433
24	0.00998	0.00851	0.00996	0.00726	0.01142	0.00642	0.00576	0.01210	0.01015	0.01584	0.00966	0.05112	0.00855	0.00423	0.00377	0.00079	0.00360	0.00347	0.00299	0.81442
25	0.01129	0.01149	0.01601	0.42569	0.14823	0.10561	0.05647	0.01501	0.07322	0.01382	0.00949	0.01271	0.00745	0.00522	0.00575	0.00161	0.06792	0.00440	0.00251	0.00610
26	0.01139	0.21573	0.40129	0.01177	0.01677	0.10478	0.03191	0.01488	0.01033	0.01351	0.00885	0.01171	0.00741	0.07289	0.02872	0.00186	0.02387	0.00374	0.00224	0.00637
27	0.00854	0.00427	0.00640	0.00640	0.00640	0.00427	0.00427	0.00640	0.00640	0.00854	0.00854	0.01494	0.00854	0.01707	0.01921	0.85702	0.00427	0.00427	0.00213	0.00213
28	0.06845	0.08879	0.01221	0.02973	0.05172	0.02028	0.00692	0.04572	0.03953	0.01654	0.01009	0.02354	0.02362	0.00441	0.00385	0.00099	0.00412	0.00346	0.00301	0.54302
29	0.01190	0.10773	0.35088	0.01357	0.01884	0.04556	0.14907	0.08499	0.11333	0.01709	0.02279	0.01275	0.00871	0.00512	0.00481	0.00152	0.00657	0.01483	0.00289	0.00707
30	0.00598	0.00430	0.00568	0.00678	0.00711	0.00400	0.00453	0.00685	0.00947	0.01257	0.02788	0.79681	0.05926	0.01529	0.00626	0.00198	0.00284	0.01384	0.00456	0.00400
31	0.00656	0.00497	0.00594	0.00618	0.00728	0.00453	0.00462	0.00804	0.01122	0.01456	0.21751	0.15115	0.31741	0.09358	0.00793	0.00208	0.00303	0.12462	0.00460	0.00418
32	0.01024	0.00878	0.01021	0.00734	0.01167	0.00669	0.00587	0.01271	0.02894	0.01612	0.00901	0.01039	0.00746	0.00371	0.00367	0.00075	0.00365	0.00298	0.00296	0.83686
33	0.01223	0.10298	0.07032	0.05083	0.04208	0.03814	0.03658	0.02102	0.43195	0.05420	0.03620	0.01762	0.03779	0.00631	0.00485	0.00157	0.00475	0.01935	0.00410	0.00713
34	0.00597	0.00434	0.00563	0.00666	0.00708	0.00401	0.00448	0.00686	0.00958	0.01261	0.02926	0.74961	0.10558	0.01511	0.00623	0.00196	0.00282	0.01363	0.00456	0.00401
35	0.00707	0.00559	0.00657	0.00712	0.00805	0.03439	0.00529	0.00878	0.02692	0.01452	0.17407	0.38752	0.13860	0.01310	0.00611	0.00188	0.00324	0.14217	0.00465	0.00437
36	0.05378	0.06916	0.26479	0.01705	0.20111	0.05358	0.10310	0.05907	0.05163	0.05354	0.01010	0.01168	0.00764	0.00478	0.00468	0.00149	0.00634	0.00414	0.01514	0.00717
37	0.06200	0.00884	0.03028	0.08321	0.03042	0.00834	0.08261	0.06891	0.02348	0.28962	0.22675	0.02083	0.02949	0.00679	0.00515	0.00155	0.00443	0.00592	0.00474	0.00665
38	0.00667	0.00516	0.00607	0.00617	0.00740	0.00474	0.00453	0.02029	0.03901	0.01558	0.26594	0.24125	0.31944	0.01220	0.00590	0.00172	0.00267	0.02598	0.00484	0.00446
39	0.08270	0.01356	0.12797	0.18983	0.22845	0.03686	0.22026	0.01488	0.01075	0.01553	0.00901	0.01195	0.00697	0.00451	0.00493	0.00156	0.00677	0.00447	0.00240	0.00663
40	0.09331	0.02655	0.03799	0.04769	0.01513	0.06561	0.02187	0.40028	0.04498	0.14925	0.01322	0.01365	0.02488	0.00589	0.00475	0.00150	0.00533	0.01616	0.00446	0.00751

[dist]
# distance from previous block
# <min> <max>
0	13

[block]
# block no. 5 follows, 51 sequences, length 41
# corresponding to MSA columns:
# 404-444
name=unknown_F
#
# <colnr> <probs for GDERKNQSTAVLIFYWHMCP>
#	G	D	E	R	K	N	Q	S	T	A	V	L	I	F	Y	W	H	M	C	P
0	0.05603	0.00990	0.04528	0.00890	0.01209	0.02138	0.02015	0.16643	0.06993	0.10688	0.05647	0.10633	0.01476	0.04051	0.00563	0.00156	0.00433	0.04142	0.00417	0.20784
1	0.08147	0.00580	0.00651	0.00693	0.00788	0.03400	0.00486	0.00927	0.01006	0.06521	0.07666	0.53797	0.06482	0.05647	0.00679	0.00200	0.00329	0.01113	0.00443	0.00445
2	0.01181	0.00900	0.09555	0.00915	0.01196	0.00703	0.06944	0.01477	0.04951	0.22443	0.20216	0.08806	0.08076	0.05236	0.00653	0.00181	0.00422	0.05074	0.00466	0.00604
3	0.01151	0.01336	0.04550	0.02008	0.02508	0.01219	0.73389	0.01562	0.01152	0.01575	0.00987	0.01308	0.00742	0.00414	0.00570	0.00162	0.00809	0.00565	0.00249	0.03745
4	0.01042	0.01057	0.01760	0.06545	0.05108	0.01276	0.19988	0.01248	0.00900	0.01299	0.00998	0.01418	0.03966	0.03356	0.05464	0.00233	0.43033	0.00506	0.00240	0.00562
5	0.00928	0.00873	0.01475	0.70010	0.03107	0.01058	0.05000	0.01278	0.03158	0.01315	0.03424	0.04336	0.00901	0.00546	0.00504	0.00165	0.00630	0.00496	0.00246	0.00550
6	0.16891	0.00866	0.00987	0.00805	0.01114	0.00861	0.00653	0.13723	0.02606	0.35595	0.06766	0.04701	0.06451	0.00678	0.00468	0.00152	0.00392	0.00538	0.05060	0.00693
7	0.00606	0.00437	0.00578	0.00679	0.00716	0.00413	0.00458	0.00696	0.00936	0.01246	0.02711	0.73118	0.06459	0.03250	0.04957	0.00235	0.00343	0.01321	0.00443	0.00400
8	0.00689	0.00549	0.00816	0.05197	0.04197	0.00547	0.03979	0.00819	0.00968	0.01293	0.02452	0.63098	0.04746	0.01352	0.00643	0.00195	0.02819	0.04780	0.00418	0.00441
9	0.00930	0.00762	0.00836	0.00774	0.00976	0.00813	0.00596	0.01686	0.37754	0.01875	0.25021	0.02982	0.17415	0.00884	0.00537	0.00162	0.00312	0.01934	0.03150	0.00602
10	0.00616	0.00438	0.00578	0.00684	0.00714	0.00413	0.00461	0.00702	0.00933	0.01243	0.02619	0.73033	0.03124	0.07413	0.00765	0.00221	0.00307	0.04895	0.00445	0.00394
11	0.01022	0.00999	0.01404	0.03097	0.01320	0.03648	0.06301	0.02851	0.00899	0.01300	0.04481	0.14049	0.01250	0.00952	0.02228	0.00208	0.52575	0.00611	0.00278	0.00528
12	0.01105	0.01214	0.04863	0.01367	0.01498	0.06992	0.12711	0.01286	0.00875	0.01255	0.00776	0.01174	0.00710	0.01003	0.08367	0.00250	0.53319	0.00451	0.00227	0.00558
13	0.00710	0.00522	0.00667	0.00627	0.00751	0.00490	0.00472	0.00980	0.04221	0.01947	0.73518	0.03647	0.07582	0.01002	0.00577	0.00155	0.00238	0.00883	0.00536	0.00473
14	0.00648	0.00497	0.00593	0.00576	0.00707	0.00442	0.00429	0.00833	0.01268	0.01695	0.47853	0.07818	0.32619	0.01120	0.00582	0.00161	0.00241	0.00969	0.00505	0.00442
15	0.01216	0.01168	0.01995	0.03016	0.79664	0.01168	0.01508	0.01508	0.01119	0.01605	0.00924	0.01216	0.00778	0.00438	0.00487	0.00146	0.00584	0.00438	0.00243	0.00778
16	0.01650	0.00892	0.01146	0.00919	0.01239	0.00870	0.04086	0.11203	0.14339	0.38724	0.12377	0.02059	0.05849	0.00694	0.00513	0.00155	0.00410	0.00584	0.01550	0.00742
17	0.00609	0.00434	0.00561	0.00663	0.00704	0.00402	0.00446	0.00703	0.00957	0.01281	0.02827	0.73994	0.08530	0.01483	0.00614	0.00194	0.00281	0.01337	0.03577	0.00402
18	0.02009	0.00992	0.01208	0.00933	0.01300	0.00972	0.00768	0.27528	0.01684	0.49308	0.01664	0.01519	0.01092	0.00600	0.00484	0.00148	0.00447	0.00475	0.06057	0.00812
19	0.01785	0.01335	0.01428	0.01114	0.01492	0.01485	0.00914	0.68367	0.12103	0.02964	0.01285	0.01264	0.00921	0.00600	0.00493	0.00150	0.00521	0.00457	0.00493	0.00828
20	0.01141	0.01090	0.01853	0.20580	0.61228	0.01138	0.01457	0.01438	0.01088	0.01522	0.00981	0.01297	0.02080	0.00463	0.00489	0.00150	0.00594	0.00448	0.00241	0.00720
21	0.00922	0.00852	0.01423	0.77133	0.03235	0.01057	0.01312	0.01244	0.00994	0.01290	0.02744	0.01382	0.00767	0.00506	0.00489	0.00162	0.00632	0.00448	0.02865	0.00541
22	0.00620	0.00445	0.00584	0.00688	0.00729	0.00418	0.00474	0.00715	0.00956	0.01264	0.02756	0.68661	0.06758	0.05029	0.00711	0.00212	0.00306	0.07825	0.00449	0.00400
23	0.01240	0.00809	0.01065	0.03111	0.01222	0.00760	0.03556	0.06090	0.04203	0.18802	0.06045	0.06370	0.06612	0.00790	0.00580	0.01340	0.03985	0.12058	0.00430	0.20934
24	0.32567	0.05541	0.05550	0.07663	0.01380	0.01073	0.00801	0.04450	0.02384	0.22415	0.01088	0.01147	0.00778	0.00530	0.00486	0.00151	0.06278	0.00370	0.00369	0.04977
25	0.03823	0.62129	0.13371	0.00939	0.01397	0.01770	0.00977	0.08158	0.01114	0.01413	0.00755	0.00858	0.00644	0.00443	0.00352	0.00117	0.00551	0.00293	0.00237	0.00659
26	0.01001	0.00983	0.01776	0.55408	0.13093	0.01114	0.14936	0.01337	0.01041	0.01374	0.02683	0.01354	0.00778	0.00482	0.00508	0.00162	0.00667	0.00473	0.00234	0.00595
27	0.00970	0.00903	0.01565	0.51580	0.11776	0.01032	0.08941	0.01280	0.01029	0.02301	0.02464	0.01686	0.02470	0.00723	0.04815	0.00199	0.00670	0.04767	0.00255	0.00573
28	0.00964	0.00700	0.00915	0.00862	0.01013	0.03568	0.05459	0.01210	0.06731	0.10791	0.10111	0.33437	0.07492	0.02748	0.00664	0.00189	0.03403	0.08771	0.00453	0.00518
29	0.00715	0.00476	0.00536	0.00536	0.00536	0.00476	0.00298	0.00715	0.00715	0.00953	0.01548	0.03216	0.01787	0.82729	0.02501	0.00476	0.00476	0.00715	0.00298	0.00298
30	0.01089	0.03122	0.23192	0.08690	0.02411	0.01200	0.45246	0.02575	0.01118	0.01543	0.01059	0.01329	0.02938	0.00467	0.00550	0.00162	0.01890	0.00513	0.00243	0.00663
31	0.01050	0.10043	0.65220	0.01326	0.01982	0.01215	0.03073	0.05141	0.01093	0.01582	0.00935	0.03492	0.00715	0.00500	0.00461	0.00152	0.00687	0.00393	0.00230	0.00711
32	0.00637	0.00448	0.00580	0.00664	0.00696	0.00426	0.00443	0.00720	0.00929	0.01243	0.06313	0.58827	0.03010	0.17418	0.00995	0.00253	0.00329	0.05254	0.00429	0.00385
33	0.07025	0.01059	0.01141	0.00976	0.01287	0.01178	0.00775	0.13057	0.50849	0.14428	0.01790	0.01649	0.01299	0.00633	0.00485	0.00161	0.00414	0.00511	0.00503	0.00779
34	0.10188	0.02404	0.01114	0.00910	0.01203	0.06071	0.00729	0.18392	0.09918	0.21283	0.05551	0.08579	0.03139	0.00785	0.02734	0.00172	0.02472	0.00555	0.00462	0.03339
35	0.01538	0.01752	0.08151	0.01407	0.07376	0.33373	0.09383	0.12216	0.09323	0.04093	0.01059	0.01231	0.00837	0.03889	0.00583	0.00158	0.02228	0.00424	0.00318	0.00662
36	0.00644	0.00492	0.00581	0.00599	0.00721	0.00439	0.00450	0.00783	0.01138	0.01463	0.22085	0.15424	0.39570	0.01262	0.00660	0.04222	0.00278	0.08305	0.00465	0.00418
37	0.00706	0.00501	0.00656	0.00656	0.00702	0.00541	0.00450	0.00792	0.00760	0.01051	0.01516	0.02638	0.03283	0.43233	0.39742	0.00619	0.00871	0.00632	0.00285	0.00368
38	0.06427	0.08294	0.07137	0.04045	0.01552	0.11232	0.06025	0.24644	0.05797	0.05965	0.03892	0.01225	0.00929	0.00528	0.00453	0.00137	0.00564	0.00412	0.00366	0.10376
39	0.00780	0.03902	0.00696	0.00618	0.00671	0.00610	0.00403	0.00919	0.06387	0.01093	0.01513	0.02788	0.01621	0.59421	0.13830	0.00475	0.00590	0.00650	0.02663	0.00371
40	0.00649	0.00497	0.00555	0.00558	0.00699	0.00435	0.00418	0.00802	0.01162	0.02442	0.20453	0.11176	0.49596	0.01186	0.00577	0.00166	0.00257	0.03732	0.04208	0.00432

[dist]
# distance from previous block
# <min> <max>
0	1

[block]
# block no. 6 follows, 51 sequences, length 16
# corresponding to MSA columns:
# 446-461
name=unknown_G
#
# <colnr> <probs for GDERKNQSTAVLIFYWHMCP>
#	G	D	E	R	K	N	Q	S	T	A	V	L	I	F	Y	W	H	M	C	P
0	0.00723	0.00517	0.00719	0.00729	0.00791	0.00514	0.03312	0.03222	0.00926	0.01253	0.05796	0.40394	0.02393	0.16476	0.11738	0.08247	0.00496	0.00982	0.00377	0.00396
1	0.01560	0.12468	0.07815	0.01329	0.01686	0.43972	0.13272	0.04819	0.05924	0.01408	0.00887	0.01023	0.00709	0.00490	0.00456	0.00136	0.00775	0.00374	0.00267	0.00627
2	0.00747	0.00616	0.00770	0.00788	0.00888	0.04035	0.04402	0.03631	0.02212	0.01397	0.06504	0.56528	0.10012	0.01329	0.00605	0.00188	0.00350	0.04106	0.00443	0.00448
3	0.00854	0.00427	0.00640	0.00640	0.00640	0.00427	0.00427	0.00640	0.00640	0.00854	0.00854	0.01494	0.00854	0.01707	0.01921	0.85702	0.00427	0.00427	0.00213	0.00213
4	0.01597	0.19853	0.03495	0.01198	0.04531	0.38337	0.00952	0.01815	0.05113	0.08560	0.00912	0.01022	0.00737	0.00539	0.00550	0.00137	0.09391	0.00351	0.00283	0.00627
5	0.09032	0.01193	0.07132	0.02727	0.04198	0.06704	0.03918	0.09900	0.24126	0.10278	0.08299	0.01735	0.04783	0.00630	0.00483	0.00153	0.00477	0.00516	0.00424	0.03291
6	0.00917	0.00795	0.00912	0.00859	0.00922	0.06808	0.00636	0.05360	0.00923	0.01236	0.01462	0.17731	0.01590	0.24510	0.15603	0.00377	0.17894	0.00709	0.00313	0.00445
7	0.01147	0.00925	0.00989	0.00884	0.01124	0.01036	0.00683	0.08637	0.50699	0.02040	0.10546	0.02156	0.04886	0.04317	0.00586	0.00173	0.00370	0.00601	0.07515	0.00686
8	0.03400	0.04240	0.30324	0.01375	0.01868	0.09620	0.18104	0.06037	0.09567	0.01659	0.01226	0.01429	0.03900	0.00538	0.00493	0.00154	0.00669	0.02476	0.00290	0.02630
9	0.01208	0.04516	0.05619	0.08360	0.01338	0.02569	0.02820	0.14517	0.01280	0.12977	0.04147	0.22959	0.01733	0.06307	0.00652	0.00184	0.00457	0.02427	0.05339	0.00591
10	0.00795	0.00499	0.00587	0.00572	0.00608	0.00497	0.00351	0.00838	0.00805	0.05034	0.06014	0.03029	0.01865	0.65691	0.07420	0.00449	0.00506	0.00692	0.03398	0.00350
11	0.00657	0.00470	0.00562	0.00598	0.00647	0.00448	0.00392	0.00730	0.00907	0.01191	0.07313	0.28035	0.15236	0.34511	0.03832	0.00323	0.00390	0.02999	0.00391	0.00367
12	0.01091	0.01045	0.01535	0.08386	0.04545	0.08513	0.20652	0.01380	0.05112	0.05372	0.04869	0.07801	0.09703	0.05448	0.00769	0.00188	0.08720	0.03972	0.00335	0.00567
13	0.01310	0.06439	0.01826	0.02870	0.07244	0.14619	0.23679	0.11069	0.01288	0.04103	0.01273	0.11864	0.01177	0.00677	0.00575	0.00161	0.04214	0.04660	0.00324	0.00628
14	0.00905	0.00581	0.00714	0.00670	0.00829	0.00548	0.00509	0.01097	0.03629	0.13497	0.19970	0.14498	0.29229	0.02709	0.05237	0.00209	0.03289	0.00900	0.00477	0.00503
15	0.01322	0.04439	0.01829	0.04058	0.14398	0.03962	0.21401	0.21297	0.01429	0.03664	0.01360	0.05656	0.04065	0.00625	0.00545	0.00158	0.02226	0.04549	0.02337	0.00681

[dist]
# distance from previous block
# <min> <max>
1	12

[block]
# block no. 7 follows, 51 sequences, length 59
# corresponding to MSA columns:
# 474-503,510-518,520-539
name=unknown_H
#
# <colnr> <probs for GDERKNQSTAVLIFYWHMCP>
#	G	D	E	R	K	N	Q	S	T	A	V	L	I	F	Y	W	H	M	C	P
0	0.01215	0.10742	0.08427	0.00965	0.01296	0.08525	0.03380	0.06468	0.16920	0.06409	0.08024	0.09210	0.04539	0.00683	0.00477	0.00143	0.00477	0.00564	0.00386	0.11151
1	0.02327	0.19549	0.16136	0.06466	0.01623	0.10845	0.04882	0.10812	0.01262	0.09367	0.02456	0.04559	0.02516	0.02330	0.00501	0.00151	0.00597	0.02648	0.00321	0.00653
2	0.02951	0.06391	0.07072	0.01232	0.04267	0.07028	0.19723	0.01322	0.04628	0.02778	0.09316	0.19731	0.04798	0.00841	0.00547	0.00167	0.00536	0.05750	0.00357	0.00566
3	0.03711	0.00739	0.00872	0.00805	0.04103	0.00713	0.00603	0.11681	0.02669	0.20354	0.06476	0.06168	0.22887	0.00846	0.00505	0.00154	0.00351	0.02726	0.13033	0.00605
4	0.02255	0.00961	0.01526	0.01328	0.07181	0.02115	0.21351	0.04603	0.12800	0.09215	0.07963	0.12638	0.04438	0.00797	0.00641	0.03647	0.03227	0.02299	0.00392	0.00622
5	0.02421	0.01553	0.26897	0.01225	0.06407	0.03078	0.01148	0.18921	0.07519	0.04574	0.04809	0.05974	0.03553	0.00631	0.00527	0.00153	0.03469	0.00503	0.00356	0.06282
6	0.01492	0.01264	0.01139	0.00997	0.01246	0.22672	0.00777	0.01935	0.19563	0.18482	0.02782	0.04891	0.06279	0.00757	0.02303	0.00167	0.07441	0.00525	0.01793	0.03494
7	0.00597	0.00435	0.00563	0.00665	0.00708	0.00401	0.00448	0.00686	0.00959	0.01262	0.02942	0.74416	0.11092	0.01509	0.00622	0.00196	0.00281	0.01360	0.00456	0.00401
8	0.04505	0.05616	0.62265	0.01363	0.02017	0.01180	0.06884	0.04692	0.01102	0.04606	0.00926	0.01067	0.00659	0.00471	0.00464	0.00154	0.00692	0.00378	0.00241	0.00719
9	0.01198	0.01185	0.01832	0.14516	0.60630	0.06617	0.01415	0.01479	0.01118	0.01518	0.01023	0.01309	0.03034	0.00474	0.00487	0.00148	0.00606	0.00447	0.00246	0.00719
10	0.02042	0.00853	0.01121	0.00874	0.01228	0.00773	0.00713	0.06805	0.04579	0.66826	0.04119	0.01769	0.01327	0.03909	0.00577	0.00165	0.00421	0.00514	0.00583	0.00802
11	0.00665	0.00492	0.00627	0.00685	0.00762	0.00474	0.00488	0.03518	0.01041	0.01379	0.08452	0.51406	0.14583	0.01636	0.08809	0.00250	0.00395	0.03466	0.00444	0.00428
12	0.00610	0.00442	0.00572	0.00668	0.00711	0.00410	0.00453	0.00703	0.00964	0.01273	0.04753	0.68330	0.09772	0.04678	0.00697	0.00207	0.00293	0.03611	0.00452	0.00400
13	0.01156	0.00802	0.00881	0.00801	0.00999	0.02133	0.00618	0.17021	0.15259	0.05943	0.07224	0.19801	0.01926	0.00862	0.00500	0.00158	0.00361	0.03022	0.19933	0.00600
14	0.00697	0.00497	0.00639	0.00720	0.00789	0.00480	0.00510	0.00892	0.06420	0.03138	0.04286	0.63567	0.06231	0.01419	0.00617	0.00196	0.00307	0.07690	0.00464	0.00442
15	0.01003	0.00950	0.01609	0.61232	0.23118	0.01111	0.01402	0.01321	0.01018	0.01346	0.00887	0.01286	0.00687	0.00477	0.00490	0.00159	0.00637	0.00437	0.00225	0.00606
16	0.00674	0.00554	0.00564	0.00547	0.00722	0.00495	0.00414	0.04201	0.04006	0.01449	0.04529	0.06130	0.68597	0.01177	0.00566	0.00164	0.00267	0.00981	0.03517	0.00448
17	0.00599	0.00428	0.00570	0.00684	0.00713	0.00399	0.00456	0.00684	0.00941	0.01254	0.02709	0.82409	0.03250	0.01540	0.00627	0.00200	0.00285	0.01397	0.00456	0.00399
18	0.00960	0.03744	0.07000	0.64005	0.09325	0.01113	0.01363	0.01291	0.00991	0.01297	0.00888	0.01289	0.00683	0.00598	0.03372	0.00182	0.00674	0.00429	0.00221	0.00576
19	0.01202	0.01170	0.01943	0.02820	0.71167	0.02865	0.04105	0.01502	0.02071	0.01590	0.01099	0.01361	0.03933	0.00474	0.00493	0.00147	0.00583	0.00466	0.00255	0.00755
20	0.00599	0.00428	0.00570	0.00684	0.00713	0.00399	0.00456	0.00684	0.00941	0.01254	0.02709	0.82409	0.03250	0.01540	0.00627	0.00200	0.00285	0.01397	0.00456	0.00399
21	0.01102	0.00928	0.00988	0.00895	0.01141	0.01035	0.00693	0.06250	0.54825	0.01963	0.07203	0.06046	0.13207	0.00809	0.00522	0.00166	0.00362	0.00680	0.00494	0.00691
22	0.00687	0.00525	0.00622	0.00595	0.00733	0.00476	0.00446	0.03232	0.01304	0.01746	0.47224	0.07512	0.30897	0.01101	0.00579	0.00160	0.00250	0.00950	0.00506	0.00455
23	0.00995	0.00952	0.01077	0.04238	0.01149	0.12667	0.03301	0.02595	0.00904	0.01172	0.01120	0.01837	0.01103	0.20425	0.27473	0.00445	0.17304	0.00515	0.00262	0.00465
24	0.84551	0.00949	0.00728	0.00648	0.00955	0.01094	0.00533	0.01441	0.00840	0.02193	0.00688	0.00803	0.00536	0.00454	0.00305	0.00151	0.00380	0.00267	0.00304	0.02182
25	0.00729	0.00493	0.00563	0.00558	0.00596	0.00493	0.00345	0.00810	0.02485	0.01154	0.08247	0.03156	0.06664	0.59596	0.05969	0.00415	0.00466	0.00718	0.06194	0.00347
26	0.02581	0.01165	0.03117	0.04699	0.16262	0.09560	0.06357	0.12107	0.05027	0.05570	0.03985	0.02856	0.01112	0.03372	0.07132	0.00207	0.01956	0.02674	0.00337	0.09924
27	0.03087	0.04493	0.02920	0.07891	0.47041	0.10804	0.04723	0.02953	0.02843	0.05836	0.01034	0.01251	0.01983	0.00478	0.00477	0.00146	0.00613	0.00433	0.00276	0.00719
28	0.02871	0.00860	0.01033	0.00771	0.01164	0.00688	0.02468	0.03576	0.01773	0.03283	0.02269	0.07800	0.01013	0.00489	0.00401	0.00093	0.00374	0.00409	0.00322	0.68344
29	0.01390	0.01323	0.02607	0.01243	0.01476	0.14014	0.09984	0.22805	0.01363	0.03152	0.01040	0.04438	0.00901	0.03838	0.06399	0.00223	0.22365	0.00488	0.00325	0.00628
30	0.01105	0.04850	0.33332	0.01741	0.21108	0.03456	0.08905	0.03203	0.07768	0.01598	0.01186	0.05852	0.02601	0.00551	0.00491	0.00155	0.00630	0.00489	0.00272	0.00706
31	0.01741	0.01375	0.01360	0.01106	0.02695	0.11808	0.00876	0.54312	0.01994	0.06594	0.06606	0.01424	0.01131	0.04008	0.00575	0.00159	0.00557	0.00471	0.00457	0.00752
32	0.01228	0.01478	0.18565	0.03874	0.07616	0.03769	0.25876	0.04423	0.08099	0.07094	0.01097	0.01264	0.00815	0.00474	0.00512	0.00148	0.01635	0.00460	0.00300	0.11273
33	0.04485	0.45617	0.06418	0.00992	0.06873	0.02603	0.00853	0.01350	0.01012	0.01341	0.03333	0.04508	0.04377	0.00642	0.02910	0.00144	0.02859	0.00402	0.03327	0.05953
34	0.01256	0.00632	0.00786	0.00677	0.00871	0.00614	0.00536	0.01466	0.01195	0.24376	0.17825	0.02092	0.01892	0.00686	0.00524	0.00139	0.05907	0.00551	0.34803	0.03172
35	0.01011	0.04119	0.00919	0.00877	0.01039	0.08827	0.00727	0.01901	0.02859	0.07544	0.08015	0.11145	0.06989	0.01137	0.00603	0.00192	0.00454	0.40696	0.00443	0.00506
36	0.01226	0.03582	0.01256	0.06001	0.05656	0.11442	0.04955	0.10683	0.01255	0.08059	0.01711	0.17087	0.03581	0.00889	0.00621	0.00173	0.06421	0.13041	0.01777	0.00582
37	0.00710	0.00475	0.00537	0.00542	0.00543	0.00473	0.00304	0.00713	0.00724	0.00965	0.01594	0.06320	0.01844	0.79547	0.02428	0.00466	0.00469	0.00741	0.00304	0.00302
38	0.00691	0.00485	0.00624	0.00683	0.00769	0.00449	0.00502	0.00830	0.01078	0.03694	0.15410	0.41884	0.14566	0.03259	0.00661	0.00197	0.00306	0.13012	0.00470	0.00431
39	0.04521	0.01711	0.21823	0.06831	0.33348	0.15841	0.01411	0.03131	0.01141	0.01536	0.00866	0.01093	0.00691	0.00480	0.00507	0.00149	0.03595	0.00389	0.00241	0.00696
40	0.01037	0.00823	0.01150	0.01042	0.05102	0.03192	0.10394	0.11063	0.01378	0.06137	0.28811	0.11586	0.08621	0.00915	0.00568	0.00165	0.00419	0.06577	0.00455	0.00565
41	0.00652	0.00495	0.00604	0.00623	0.00732	0.00453	0.00456	0.00838	0.02857	0.01576	0.32800	0.26061	0.24643	0.01227	0.00595	0.00173	0.00264	0.04023	0.00490	0.00439
42	0.00703	0.00482	0.00550	0.00550	0.00569	0.00481	0.00325	0.00725	0.00753	0.00996	0.01814	0.03254	0.08126	0.70762	0.07571	0.00472	0.00514	0.00729	0.00308	0.00317
43	0.06633	0.14018	0.41801	0.01279	0.01846	0.01246	0.10999	0.03199	0.02581	0.02873	0.00894	0.01050	0.00673	0.00462	0.00466	0.00144	0.02364	0.00373	0.00244	0.06853
44	0.00968	0.00902	0.01487	0.64062	0.10906	0.01105	0.01315	0.01271	0.00981	0.01310	0.00892	0.01304	0.00692	0.00517	0.00570	0.00164	0.06800	0.00437	0.03751	0.00565
45	0.03130	0.00677	0.00843	0.00762	0.00981	0.00634	0.00583	0.01598	0.09529	0.32322	0.02529	0.28042	0.11504	0.00988	0.00539	0.00169	0.00344	0.00852	0.03356	0.00618
46	0.01173	0.01166	0.01817	0.26227	0.49823	0.06744	0.03072	0.01466	0.01099	0.01472	0.00899	0.01223	0.00731	0.00458	0.00487	0.00150	0.00632	0.00432	0.00237	0.00692
47	0.01298	0.09285	0.08464	0.04486	0.01607	0.03830	0.12718	0.04345	0.29263	0.10851	0.01690	0.01722	0.05956	0.00610	0.00496	0.00157	0.00527	0.01591	0.00396	0.00706
48	0.02390	0.00651	0.00775	0.00743	0.00908	0.00657	0.00595	0.11315	0.01253	0.09505	0.05271	0.11809	0.01985	0.04197	0.00593	0.00178	0.00366	0.20391	0.25888	0.00532
49	0.00598	0.00430	0.00568	0.00678	0.00711	0.00400	0.00453	0.00685	0.00947	0.01257	0.02784	0.79826	0.05784	0.01530	0.00626	0.00198	0.00284	0.01385	0.00456	0.00400
50	0.01116	0.07093	0.50658	0.01351	0.01936	0.04687	0.09573	0.08490	0.01181	0.01642	0.01109	0.03592	0.03212	0.00540	0.00482	0.00154	0.00683	0.01550	0.00258	0.00694
51	0.00835	0.00498	0.00599	0.00585	0.00703	0.00487	0.03181	0.01033	0.01027	0.01645	0.04286	0.11085	0.08752	0.02591	0.03819	0.01184	0.00320	0.03725	0.53198	0.00448
52	0.00923	0.00851	0.01429	0.71615	0.06267	0.01045	0.01299	0.01223	0.00971	0.01255	0.00932	0.03234	0.00745	0.00648	0.03029	0.02651	0.00657	0.00462	0.00226	0.00539
53	0.01022	0.00918	0.01485	0.05630	0.45257	0.00926	0.01131	0.01260	0.01021	0.01450	0.01213	0.05865	0.01154	0.06214	0.13204	0.00271	0.00658	0.05113	0.00275	0.05933
54	0.01164	0.04751	0.19390	0.10264	0.01901	0.01930	0.13960	0.11063	0.18736	0.01769	0.01294	0.05742	0.01047	0.02960	0.00576	0.00170	0.01745	0.00523	0.00333	0.00683
55	0.03122	0.00492	0.00612	0.00683	0.00755	0.00473	0.00483	0.00832	0.04119	0.01395	0.10172	0.54976	0.09883	0.03726	0.00662	0.00199	0.00300	0.06232	0.00457	0.00426
56	0.03613	0.01020	0.01487	0.17185	0.31986	0.04249	0.02628	0.05559	0.01159	0.05613	0.01529	0.05076	0.09774	0.00631	0.00523	0.00155	0.02191	0.02182	0.00311	0.03129
57	0.15078	0.05667	0.01394	0.06533	0.01504	0.08995	0.08034	0.22253	0.02496	0.04831	0.04722	0.05024	0.01082	0.00609	0.00502	0.00151	0.03466	0.01966	0.02210	0.03484
58	0.06832	0.03578	0.01277	0.23256	0.16273	0.00938	0.02617	0.06559	0.01094	0.01525	0.01625	0.20202	0.05893	0.02552	0.00560	0.00174	0.00495	0.03659	0.00327	0.00564

[dist]
# distance from previous block
# <min> <max>
0	24

[block]
# block no. 8 follows, 51 sequences, length 26
# corresponding to MSA columns:
# 564-589
name=unknown_I
#
# <colnr> <probs for GDERKNQSTAVLIFYWHMCP>
#	G	D	E	R	K	N	Q	S	T	A	V	L	I	F	Y	W	H	M	C	P
0	0.00827	0.00701	0.01135	0.00987	0.01159	0.00674	0.15241	0.01002	0.01027	0.03768	0.07024	0.43414	0.06092	0.01105	0.00657	0.00178	0.06180	0.01006	0.00396	0.07426
