[name]
unknown

[dist]
# distance from previous block
# <min> <max>
0	61

[block]
# block no. 0 follows, 52 sequences, length 126
# corresponding to MSA columns:
# 103-228
name=unknown_A
#
# <colnr> <probs for GDERKNQSTAVLIFYWHMCP>
#	G	D	E	R	K	N	Q	S	T	A	V	L	I	F	Y	W	H	M	C	P
0	0.00590	0.00422	0.00562	0.00675	0.00703	0.00394	0.00450	0.00675	0.00928	0.01237	0.02671	0.82653	0.03205	0.01518	0.00619	0.00197	0.00281	0.01378	0.00450	0.00394
1	0.01217	0.01047	0.01102	0.00989	0.01265	0.01211	0.00770	0.03967	0.77660	0.02046	0.01958	0.01796	0.01467	0.00656	0.00493	0.00164	0.00386	0.00546	0.00493	0.00768
2	0.01256	0.60887	0.19364	0.00974	0.01444	0.06500	0.01044	0.01498	0.01016	0.01228	0.00721	0.00836	0.00620	0.00430	0.00351	0.00116	0.00583	0.00284	0.00209	0.00639
3	0.00683	0.00502	0.00702	0.00702	0.00767	0.00521	0.02348	0.00806	0.00877	0.01218	0.11706	0.19937	0.02202	0.22784	0.31503	0.00479	0.00720	0.00799	0.00344	0.00398
4	0.01289	0.81588	0.04154	0.00841	0.01261	0.01901	0.00849	0.01453	0.00985	0.01148	0.00678	0.00782	0.00622	0.00416	0.00314	0.00105	0.00522	0.00261	0.00207	0.00624
5	0.00697	0.00502	0.00693	0.00693	0.00750	0.00559	0.00499	0.00811	0.00754	0.01062	0.01376	0.02336	0.01399	0.30719	0.54221	0.00673	0.01015	0.00583	0.00271	0.00385
6	0.01132	0.00913	0.01400	0.50424	0.06327	0.01041	0.02925	0.04645	0.09026	0.09648	0.02704	0.01405	0.00887	0.00518	0.00483	0.00154	0.00568	0.00454	0.00306	0.05041
7	0.86392	0.00937	0.00712	0.00637	0.00937	0.01087	0.00525	0.01425	0.00825	0.02174	0.00675	0.00787	0.00525	0.00450	0.00300	0.00150	0.00375	0.00262	0.00300	0.00525
8	0.01402	0.01411	0.01185	0.01060	0.01329	0.24243	0.00817	0.06367	0.50799	0.01837	0.03352	0.01546	0.01268	0.00615	0.00478	0.00152	0.00529	0.00481	0.00423	0.00704
9	0.01331	0.01050	0.01106	0.00976	0.01260	0.03325	0.00764	0.04048	0.65726	0.10474	0.03190	0.01782	0.01463	0.00651	0.00492	0.00161	0.00401	0.00538	0.00498	0.00764
10	0.00693	0.00516	0.00764	0.00764	0.00845	0.00598	0.00587	0.00856	0.00774	0.01114	0.01312	0.01980	0.01245	0.08403	0.76326	0.00760	0.01248	0.00530	0.00262	0.00424
11	0.00749	0.00607	0.00798	0.00792	0.00883	0.04619	0.00609	0.00912	0.00805	0.01120	0.01280	0.01905	0.01205	0.06765	0.73764	0.00733	0.01243	0.00517	0.00261	0.00433
12	0.01502	0.01188	0.01263	0.01046	0.01373	0.01344	0.00839	0.37864	0.43299	0.02506	0.01596	0.01508	0.01174	0.00622	0.00489	0.00156	0.00453	0.00496	0.00489	0.00794
13	0.00826	0.00527	0.00678	0.00625	0.00769	0.00477	0.00474	0.01036	0.01334	0.09989	0.61763	0.05350	0.12313	0.00988	0.00564	0.00154	0.00251	0.00863	0.00529	0.00489
14	0.01078	0.01028	0.01748	0.36635	0.47234	0.01119	0.01427	0.01381	0.01046	0.01436	0.00890	0.01239	0.00716	0.00454	0.00482	0.00151	0.00606	0.00431	0.00229	0.00670
15	0.01810	0.02310	0.01373	0.01248	0.01498	0.81024	0.00936	0.01935	0.01373	0.01186	0.00749	0.00874	0.00624	0.00499	0.00437	0.00125	0.00874	0.00312	0.00250	0.00562
16	0.00595	0.00425	0.00567	0.00672	0.00704	0.00397	0.00450	0.00687	0.00950	0.01272	0.06520	0.78703	0.03273	0.01492	0.00616	0.00195	0.00279	0.01353	0.00454	0.00397
17	0.01814	0.01343	0.01438	0.01109	0.01492	0.01489	0.00914	0.74931	0.05724	0.03008	0.01200	0.01192	0.00854	0.00585	0.00485	0.00146	0.00527	0.00441	0.00485	0.00822
18	0.00590	0.00422	0.00562	0.00675	0.00703	0.00394	0.00450	0.00675	0.00928	0.01237	0.02671	0.82653	0.03205	0.01518	0.00619	0.00197	0.00281	0.01378	0.00450	0.00394
19	0.00693	0.00518	0.00774	0.00774	0.00858	0.00603	0.00599	0.00862	0.00777	0.01121	0.01303	0.01931	0.01223	0.05317	0.79382	0.00772	0.01280	0.00523	0.00260	0.00430
20	0.00972	0.02507	0.80458	0.01381	0.02097	0.01125	0.01790	0.01535	0.01023	0.01535	0.00870	0.01023	0.00614	0.00460	0.00460	0.00153	0.00716	0.00358	0.00205	0.00716
21	0.00903	0.00452	0.00452	0.00452	0.00565	0.00452	0.00339	0.01129	0.01016	0.01807	0.01581	0.01807	0.01242	0.00565	0.00339	0.00113	0.00226	0.00452	0.85659	0.00452
22	0.01133	0.01360	0.06696	0.01986	0.02473	0.01228	0.72027	0.01540	0.01126	0.01540	0.00964	0.01285	0.00726	0.00424	0.00597	0.00164	0.03279	0.00557	0.00242	0.00653
23	0.77033	0.01053	0.05542	0.00706	0.01035	0.01110	0.00621	0.05275	0.00909	0.02180	0.00711	0.00820	0.00545	0.00457	0.00319	0.00150	0.00403	0.00277	0.00303	0.00551
24	0.00846	0.00447	0.00681	0.05510	0.00794	0.00460	0.00476	0.00668	0.00652	0.00866	0.00843	0.01462	0.00830	0.01611	0.01809	0.80748	0.00434	0.00421	0.00211	0.00230
25	0.00903	0.00452	0.00452	0.00452	0.00565	0.00452	0.00339	0.01129	0.01016	0.01807	0.01581	0.01807	0.01242	0.00565	0.00339	0.00113	0.00226	0.00452	0.85659	0.00452
26	0.00987	0.00899	0.01439	0.76571	0.03209	0.03218	0.01311	0.01299	0.00996	0.04228	0.00898	0.01294	0.00666	0.00489	0.00483	0.00160	0.00643	0.00430	0.00231	0.00550
27	0.01031	0.02335	0.66729	0.05435	0.02152	0.05932	0.06667	0.01545	0.01049	0.01500	0.00869	0.01046	0.00624	0.00461	0.00467	0.00153	0.00729	0.00373	0.00210	0.00694
28	0.00990	0.07883	0.70427	0.06177	0.02114	0.01176	0.01699	0.01511	0.01017	0.01490	0.00856	0.01023	0.00616	0.00459	0.00452	0.00151	0.00699	0.00356	0.00205	0.00699
29	0.01267	0.00961	0.04113	0.00855	0.01248	0.03430	0.04465	0.02556	0.02257	0.18149	0.08668	0.01416	0.01195	0.00488	0.00427	0.00108	0.00414	0.00409	0.00376	0.47199
30	0.01175	0.53173	0.31571	0.01035	0.01562	0.01622	0.01187	0.01482	0.00999	0.01287	0.00747	0.00869	0.00619	0.00432	0.00367	0.00122	0.00592	0.00296	0.00206	0.00657
31	0.00903	0.00452	0.00452	0.00452	0.00565	0.00452	0.00339	0.01129	0.01016	0.01807	0.01581	0.01807	0.01242	0.00565	0.00339	0.00113	0.00226	0.00452	0.85659	0.00452
32	0.01131	0.01273	0.02731	0.01966	0.02435	0.01202	0.73162	0.01567	0.04087	0.01562	0.01063	0.03519	0.00830	0.00448	0.00570	0.00164	0.00786	0.00593	0.00260	0.00651
33	0.02162	0.00845	0.01137	0.00872	0.01247	0.00742	0.00720	0.05236	0.01421	0.77360	0.01884	0.01631	0.01185	0.00599	0.00487	0.00150	0.00417	0.00485	0.00595	0.00825
34	0.02003	0.00783	0.01057	0.00824	0.01165	0.00682	0.00673	0.02190	0.01356	0.70791	0.06565	0.01809	0.01417	0.02504	0.00532	0.00156	0.00396	0.00514	0.03807	0.00776
35	0.02027	0.00948	0.01189	0.00918	0.01286	0.00907	0.00756	0.20678	0.03380	0.57453	0.04094	0.01595	0.01218	0.00609	0.00489	0.00149	0.00435	0.00488	0.00568	0.00812
36	0.00705	0.00471	0.00533	0.00533	0.00534	0.00472	0.00299	0.00707	0.00706	0.00943	0.01523	0.03150	0.01752	0.81612	0.03811	0.00475	0.00484	0.00702	0.00293	0.00296
37	0.01842	0.01357	0.01454	0.01115	0.01503	0.01503	0.00921	0.78330	0.02278	0.03054	0.01163	0.01163	0.00824	0.00582	0.00485	0.00145	0.00533	0.00436	0.00485	0.00824
38	0.00705	0.00470	0.00529	0.00529	0.00529	0.00470	0.00294	0.00705	0.00705	0.00940	0.01527	0.03171	0.01762	0.82969	0.02467	0.00470	0.00470	0.00705	0.00294	0.00294
39	0.00686	0.00495	0.00648	0.00610	0.00724	0.00457	0.00457	0.00914	0.01372	0.01943	0.79691	0.03620	0.04572	0.00991	0.00572	0.00152	0.00229	0.00876	0.00533	0.00457
40	0.00677	0.00497	0.00641	0.00651	0.00746	0.00466	0.00469	0.00894	0.04136	0.01671	0.45848	0.33353	0.03851	0.01163	0.00581	0.00168	0.00257	0.01040	0.00495	0.02398
41	0.01810	0.02310	0.01373	0.01248	0.01498	0.81024	0.00936	0.01935	0.01373	0.01186	0.00749	0.00874	0.00624	0.00499	0.00437	0.00125	0.00874	0.00312	0.00250	0.00562
42	0.01005	0.00861	0.01005	0.00718	0.01148	0.00646	0.00574	0.01220	0.01005	0.01579	0.00861	0.01005	0.00718	0.00359	0.00359	0.00072	0.00359	0.00287	0.00287	0.85932
43	0.00590	0.00422	0.00562	0.00675	0.00703	0.00394	0.00450	0.00675	0.00928	0.01237	0.02671	0.82653	0.03205	0.01518	0.00619	0.00197	0.00281	0.01378	0.00450	0.00394
44	0.01471	0.00925	0.01060	0.00902	0.01193	0.00972	0.00714	0.10076	0.36415	0.25414	0.04234	0.05974	0.07013	0.00725	0.00505	0.00159	0.00389	0.00602	0.00520	0.00738
45	0.01037	0.00860	0.01008	0.00722	0.01151	0.00648	0.00578	0.01251	0.01015	0.03728	0.00890	0.01022	0.00731	0.00365	0.00362	0.00074	0.00360	0.00293	0.00296	0.83608
46	0.00891	0.00815	0.07711	0.00849	0.02911	0.00697	0.00716	0.07838	0.04344	0.03620	0.34357	0.03386	0.12847	0.00959	0.00592	0.00167	0.02590	0.13716	0.00459	0.00534
47	0.01144	0.01307	0.02859	0.02042	0.02533	0.01225	0.78186	0.01552	0.01144	0.01552	0.00980	0.01307	0.00735	0.00408	0.00572	0.00163	0.00817	0.00572	0.00245	0.00654
48	0.01093	0.20164	0.58657	0.01252	0.01875	0.06101	0.01529	0.01540	0.01036	0.01427	0.00820	0.00960	0.00616	0.00453	0.00426	0.00141	0.00682	0.00334	0.00208	0.00686
49	0.01205	0.01041	0.01096	0.00986	0.01260	0.01205	0.00767	0.02575	0.79071	0.02027	0.01972	0.01808	0.01479	0.00657	0.00493	0.00164	0.00384	0.00548	0.00493	0.00767
50	0.00711	0.00576	0.00841	0.09533	0.01119	0.00611	0.03215	0.00866	0.01008	0.01367	0.14366	0.45367	0.04397	0.01211	0.00682	0.00187	0.07487	0.05605	0.00410	0.00443
51	0.00903	0.00452	0.00452	0.00452	0.00565	0.00452	0.00339	0.01129	0.01016	0.01807	0.01581	0.01807	0.01242	0.00565	0.00339	0.00113	0.00226	0.00452	0.85659	0.00452
52	0.01074	0.01318	0.09069	0.01793	0.02238	0.02937	0.60006	0.01447	0.01111	0.01502	0.01183	0.11712	0.01039	0.00557	0.00565	0.00166	0.00741	0.00651	0.00268	0.00623
53	0.00595	0.00425	0.00567	0.00672	0.00704	0.00397	0.00450	0.00687	0.00950	0.01272	0.06520	0.78703	0.03273	0.01492	0.00616	0.00195	0.00279	0.01353	0.00454	0.00397
54	0.01139	0.01292	0.02777	0.01996	0.02457	0.01241	0.73551	0.01529	0.01120	0.01529	0.00960	0.01292	0.00729	0.00435	0.00633	0.00166	0.05701	0.00563	0.00243	0.00646
55	0.01810	0.02310	0.01373	0.01248	0.01498	0.81024	0.00936	0.01935	0.01373	0.01186	0.00749	0.00874	0.00624	0.00499	0.00437	0.00125	0.00874	0.00312	0.00250	0.00562
56	0.01048	0.22853	0.54619	0.04277	0.01903	0.01311	0.02734	0.01488	0.01021	0.01433	0.02640	0.01035	0.00710	0.00461	0.00428	0.00141	0.00654	0.00351	0.00214	0.00679
57	0.01296	0.01086	0.01147	0.01004	0.01294	0.01247	0.00789	0.13302	0.68197	0.02173	0.01858	0.01717	0.01387	0.00647	0.00492	0.00162	0.00405	0.00532	0.00492	0.00775
58	0.01716	0.01213	0.01638	0.01241	0.01635	0.02960	0.17116	0.35673	0.08689	0.20956	0.01366	0.01361	0.00949	0.00555	0.00503	0.00152	0.00558	0.00484	0.00457	0.00778
59	0.02149	0.00864	0.01149	0.00881	0.01257	0.00771	0.00728	0.08029	0.01454	0.74521	0.01856	0.01613	0.01172	0.00598	0.00487	0.00150	0.00421	0.00484	0.00591	0.00825
60	0.01483	0.01506	0.01256	0.05136	0.01443	0.31859	0.00879	0.09011	0.23379	0.05082	0.01260	0.01446	0.01014	0.03727	0.00639	0.00164	0.07233	0.02486	0.00358	0.00639
61	0.01757	0.10727	0.01495	0.01205	0.01472	0.72799	0.00925	0.01885	0.01333	0.01181	0.00741	0.00864	0.00624	0.00491	0.00424	0.00123	0.00837	0.00307	0.00245	0.00568
62	0.01005	0.00861	0.01005	0.00718	0.01148	0.00646	0.00574	0.01220	0.01005	0.01579	0.00861	0.01005	0.00718	0.00359	0.00359	0.00072	0.00359	0.00287	0.00287	0.85932
63	0.04961	0.05993	0.01259	0.00950	0.01290	0.04128	0.00790	0.25543	0.07267	0.27293	0.01538	0.01783	0.01172	0.00647	0.00481	0.00150	0.00471	0.08810	0.00475	0.04998
64	0.02085	0.00841	0.01122	0.00865	0.01229	0.00747	0.00713	0.06769	0.01439	0.72050	0.05523	0.01713	0.01336	0.00617	0.00491	0.00150	0.00411	0.00503	0.00590	0.00807
65	0.01265	0.01010	0.01531	0.01200	0.01533	0.01026	0.22605	0.06965	0.27293	0.12881	0.09443	0.02004	0.07676	0.00651	0.00528	0.00160	0.00494	0.00608	0.00438	0.00688
66	0.01025	0.00861	0.01007	0.00720	0.01150	0.00647	0.00577	0.01240	0.01011	0.02941	0.00880	0.01016	0.00726	0.00363	0.00361	0.00073	0.00360	0.00291	0.00293	0.84459
67	0.01144	0.01307	0.02859	0.02042	0.02533	0.01225	0.78186	0.01552	0.01144	0.01552	0.00980	0.01307	0.00735	0.00408	0.00572	0.00163	0.00817	0.00572	0.00245	0.00654
68	0.00915	0.00861	0.01453	0.81804	0.03338	0.01077	0.01346	0.01238	0.00969	0.01238	0.00861	0.01292	0.00646	0.00484	0.00484	0.00161	0.00646	0.00431	0.00215	0.00538
69	0.01966	0.01159	0.01332	0.01021	0.01404	0.01208	0.00843	0.50042	0.01947	0.31812	0.01442	0.01344	0.00964	0.00588	0.00486	0.00147	0.00488	0.00455	0.00528	0.00824
70	0.01258	0.00760	0.00880	0.00756	0.00971	0.05815	0.00590	0.04910	0.03065	0.24909	0.46609	0.02716	0.03094	0.00819	0.00533	0.00150	0.00341	0.00699	0.00531	0.00595
71	0.01822	0.02175	0.01377	0.01226	0.01493	0.70718	0.00930	0.10167	0.01471	0.03108	0.00819	0.00922	0.00658	0.00510	0.00443	0.00128	0.00827	0.00329	0.00283	0.00596
72	0.00827	0.00631	0.00854	0.00991	0.05728	0.00647	0.00763	0.01176	0.11085	0.01494	0.02409	0.18462	0.02573	0.01229	0.00626	0.00206	0.00417	0.48944	0.00440	0.00497
73	0.00692	0.00519	0.00779	0.00779	0.00865	0.00606	0.00606	0.00865	0.00779	0.01125	0.01298	0.01904	0.01211	0.03634	0.81049	0.00779	0.01298	0.00519	0.00260	0.00433
74	0.00719	0.00538	0.00794	0.00787	0.00880	0.00626	0.00613	0.02638	0.00813	0.01169	0.01295	0.01887	0.01203	0.03565	0.79205	0.00764	0.01281	0.00517	0.00265	0.00442
75	0.00781	0.00558	0.00781	0.00892	0.01004	0.00558	0.00781	0.01004	0.01116	0.01450	0.02566	0.05466	0.02789	0.01339	0.00669	0.00223	0.00446	0.76685	0.00446	0.00446
76	0.00887	0.00711	0.00819	0.00754	0.00933	0.00751	0.00576	0.01562	0.32036	0.01952	0.46110	0.02945	0.06265	0.00868	0.00541	0.00158	0.00290	0.00752	0.00514	0.00578
77	0.01199	0.01151	0.01967	0.02974	0.79946	0.01151	0.01487	0.01487	0.01103	0.01583	0.00912	0.01199	0.00768	0.00432	0.00480	0.00144	0.00576	0.00432	0.00240	0.00768
78	0.00612	0.00440	0.00583	0.00682	0.00728	0.00412	0.00475	0.00718	0.00977	0.01300	0.07343	0.68239	0.06364	0.01460	0.00618	0.00195	0.00291	0.07707	0.00455	0.00402
79	0.01187	0.01372	0.02763	0.01991	0.02466	0.06396	0.73181	0.01577	0.01159	0.01529	0.00965	0.01279	0.00728	0.00414	0.00563	0.00161	0.00821	0.00555	0.00245	0.00648
80	0.00596	0.00462	0.00544	0.00587	0.00685	0.00409	0.00416	0.00718	0.01066	0.01368	0.14562	0.38284	0.35928	0.01320	0.00592	0.00176	0.00259	0.01156	0.00462	0.00409
81	0.00899	0.00839	0.01409	0.77750	0.03206	0.01043	0.01301	0.01210	0.00967	0.01238	0.00952	0.05358	0.00774	0.00536	0.00491	0.00163	0.00628	0.00478	0.00227	0.00531
82	0.01774	0.01324	0.01416	0.01101	0.01477	0.01471	0.00905	0.70265	0.10455	0.02945	0.01250	0.01232	0.00894	0.00590	0.00486	0.00147	0.00517	0.00448	0.00486	0.00818
83	0.01081	0.29645	0.54273	0.01196	0.01811	0.01392	0.01467	0.01507	0.01010	0.01402	0.00804	0.00941	0.00617	0.00445	0.00410	0.00137	0.00650	0.00325	0.00206	0.00684
84	0.01783	0.02158	0.01411	0.01322	0.05419	0.69242	0.00962	0.09397	0.01448	0.01389	0.00798	0.00919	0.00651	0.00504	0.00444	0.00128	0.00826	0.00330	0.00272	0.00598
85	0.00704	0.00500	0.00637	0.00603	0.00727	0.00455	0.00452	0.00914	0.01326	0.03652	0.66546	0.06100	0.13513	0.01026	0.00571	0.00155	0.00236	0.00900	0.00522	0.00458
86	0.00903	0.00452	0.00452	0.00452	0.00565	0.00452	0.00339	0.01129	0.01016	0.01807	0.01581	0.01807	0.01242	0.00565	0.00339	0.00113	0.00226	0.00452	0.85659	0.00452
87	0.00742	0.00595	0.00828	0.05674	0.01032	0.00624	0.02406	0.02956	0.00977	0.01324	0.02216	0.52918	0.04017	0.01256	0.00697	0.00189	0.08803	0.07634	0.00399	0.04714
88	0.00915	0.00861	0.01453	0.81804	0.03338	0.01077	0.01346	0.01238	0.00969	0.01238	0.00861	0.01292	0.00646	0.00484	0.00484	0.00161	0.00646	0.00431	0.00215	0.00538
89	0.00980	0.00835	0.00978	0.00715	0.01122	0.00631	0.00567	0.01187	0.01000	0.01559	0.00970	0.05912	0.00867	0.00429	0.00374	0.00079	0.00354	0.00353	0.00297	0.80791
90	0.00842	0.00421	0.00631	0.00631	0.00631	0.00421	0.00421	0.00631	0.00631	0.00842	0.00842	0.01473	0.00842	0.01684	0.01894	0.85901	0.00421	0.00421	0.00210	0.00210
91	0.01973	0.01111	0.01279	0.00992	0.01365	0.02946	0.00815	0.36961	0.05144	0.39908	0.01547	0.01417	0.01027	0.00592	0.00485	0.00148	0.00477	0.00463	0.00535	0.00816
92	0.00705	0.00470	0.00529	0.00529	0.00529	0.00470	0.00294	0.00705	0.00705	0.00940	0.01527	0.03171	0.01762	0.82969	0.02467	0.00470	0.00470	0.00705	0.00294	0.00294
93	0.00972	0.02507	0.80458	0.01381	0.02097	0.01125	0.01790	0.01535	0.01023	0.01535	0.00870	0.01023	0.00614	0.00460	0.00460	0.00153	0.00716	0.00358	0.00205	0.00716
94	0.00929	0.00876	0.01479	0.77865	0.07166	0.01080	0.01353	0.01251	0.00976	0.01255	0.00864	0.01287	0.00652	0.00482	0.00484	0.00161	0.00642	0.00431	0.00217	0.00550
95	0.00682	0.00505	0.00637	0.00602	0.00725	0.00465	0.00452	0.00918	0.02726	0.01870	0.69533	0.03710	0.13336	0.01013	0.00570	0.00154	0.00233	0.00888	0.00523	0.00457
96	0.01043	0.00868	0.01014	0.00727	0.01156	0.00661	0.00583	0.02453	0.01033	0.03271	0.00888	0.01021	0.00730	0.00367	0.00364	0.00075	0.00363	0.00294	0.00297	0.82793
97	0.12664	0.02133	0.01288	0.01170	0.01426	0.70766	0.00884	0.01870	0.01303	0.01313	0.00740	0.00863	0.00611	0.00493	0.00419	0.00128	0.00810	0.00306	0.00256	0.00557
98	0.01199	0.01151	0.01967	0.02974	0.79946	0.01151	0.01487	0.01487	0.01103	0.01583	0.00912	0.01199	0.00768	0.00432	0.00480	0.00144	0.00576	0.00432	0.00240	0.00768
99	0.00917	0.00598	0.00795	0.00828	0.00978	0.00581	0.00703	0.03968	0.01215	0.08742	0.12469	0.04655	0.09402	0.01189	0.00625	0.00199	0.00401	0.50765	0.00473	0.00493
100	0.00575	0.00482	0.00500	0.00515	0.00661	0.00407	0.00379	0.00693	0.01082	0.01300	0.04622	0.14672	0.69927	0.01265	0.00579	0.00168	0.00250	0.01068	0.00450	0.00407
101	0.00915	0.00861	0.01453	0.81804	0.03338	0.01077	0.01346	0.01238	0.00969	0.01238	0.00861	0.01292	0.00646	0.00484	0.00484	0.00161	0.00646	0.00431	0.00215	0.00538
102	0.86392	0.00937	0.00712	0.00637	0.00937	0.01087	0.00525	0.01425	0.00825	0.02174	0.00675	0.00787	0.00525	0.00450	0.00300	0.00150	0.00375	0.00262	0.00300	0.00525
103	0.00659	0.00506	0.00618	0.00706	0.00745	0.02794	0.00479	0.01971	0.00952	0.01254	0.02516	0.74924	0.02997	0.03933	0.00686	0.00202	0.01926	0.01292	0.00435	0.00405
104	0.01296	0.83261	0.02539	0.00829	0.01244	0.01917	0.00829	0.01451	0.00985	0.01140	0.00674	0.00777	0.00622	0.00415	0.00311	0.00104	0.00518	0.00259	0.00207	0.00622
105	0.01792	0.02248	0.01353	0.01231	0.01478	0.78138	0.00923	0.01917	0.01365	0.02458	0.00806	0.02503	0.00685	0.00521	0.00441	0.00127	0.00855	0.00336	0.00259	0.00563
106	0.02083	0.00869	0.01140	0.00885	0.01253	0.00791	0.00727	0.06354	0.07337	0.70293	0.01877	0.01636	0.01201	0.00603	0.00488	0.00151	0.00416	0.00489	0.00586	0.00820
107	0.00590	0.00435	0.00552	0.00643	0.00695	0.00398	0.00436	0.00683	0.00967	0.01265	0.04736	0.67935	0.15977	0.01458	0.00610	0.00190	0.00274	0.01308	0.00452	0.00398
108	0.00578	0.00492	0.00498	0.00500	0.00663	0.00413	0.00378	0.00703	0.01105	0.01312	0.04855	0.04682	0.77975	0.01230	0.00575	0.00165	0.00250	0.02767	0.00450	0.00410
109	0.00692	0.00519	0.00779	0.00779	0.00865	0.00606	0.00606	0.00865	0.00779	0.01125	0.01298	0.01904	0.01211	0.03634	0.81049	0.00779	0.01298	0.00519	0.00260	0.00433
110	0.01229	0.01046	0.01105	0.00987	0.01262	0.01205	0.00769	0.07084	0.72654	0.02071	0.01940	0.03633	0.01480	0.00673	0.00495	0.00164	0.00390	0.00560	0.00492	0.00762
111	0.01842	0.01357	0.01454	0.01115	0.01503	0.01503	0.00921	0.78330	0.02278	0.03054	0.01163	0.01163	0.00824	0.00582	0.00485	0.00145	0.00533	0.00436	0.00485	0.00824
112	0.01275	0.01076	0.01135	0.01000	0.01287	0.01238	0.00784	0.10914	0.70618	0.02140	0.01883	0.01737	0.01407	0.00649	0.00492	0.00162	0.00400	0.00536	0.00492	0.00773
113	0.01199	0.01151	0.01967	0.02974	0.79946	0.01151	0.01487	0.01487	0.01103	0.01583	0.00912	0.01199	0.00768	0.00432	0.00480	0.00144	0.00576	0.00432	0.00240	0.00768
114	0.00999	0.09205	0.73995	0.01335	0.02027	0.01191	0.01711	0.01528	0.01020	0.01502	0.00853	0.01003	0.00615	0.00457	0.00448	0.00149	0.00700	0.00350	0.00205	0.00708
115	0.02111	0.00839	0.01123	0.00870	0.01239	0.00745	0.00716	0.02376	0.06479	0.75153	0.01916	0.01660	0.01218	0.00604	0.00488	0.00151	0.00410	0.00491	0.00593	0.00821
116	0.00903	0.00452	0.00452	0.00452	0.00565	0.00452	0.00339	0.01129	0.01016	0.01807	0.01581	0.01807	0.01242	0.00565	0.00339	0.00113	0.00226	0.00452	0.85659	0.00452
117	0.00604	0.00443	0.00618	0.00708	0.00747	0.00414	0.02328	0.00696	0.00933	0.01245	0.02630	0.80688	0.03145	0.01491	0.00617	0.00196	0.00294	0.01358	0.00445	0.00400
118	0.03395	0.00973	0.01204	0.00929	0.01303	0.00940	0.00766	0.22336	0.03733	0.56594	0.01697	0.01512	0.01098	0.00594	0.00484	0.00149	0.00443	0.00472	0.00562	0.00818
119	0.02144	0.00873	0.01154	0.00885	0.01261	0.00784	0.00731	0.09234	0.01468	0.73296	0.01844	0.01605	0.01166	0.00598	0.00487	0.00150	0.00423	0.00483	0.00589	0.00825
120	0.00903	0.00452	0.00452	0.00452	0.00565	0.00452	0.00339	0.01129	0.01016	0.01807	0.01581	0.01807	0.01242	0.00565	0.00339	0.00113	0.00226	0.00452	0.85659	0.00452
121	0.00590	0.00422	0.00562	0.00675	0.00703	0.00394	0.00450	0.00675	0.00928	0.01237	0.02671	0.82653	0.03205	0.01518	0.00619	0.00197	0.00281	0.01378	0.00450	0.00394
122	0.01813	0.02223	0.01381	0.01236	0.01499	0.73830	0.00935	0.08846	0.01455	0.01355	0.00787	0.00900	0.00642	0.00507	0.00441	0.00127	0.00843	0.00323	0.00271	0.00586
123	0.00972	0.02507	0.80458	0.01381	0.02097	0.01125	0.01790	0.01535	0.01023	0.01535	0.00870	0.01023	0.00614	0.00460	0.00460	0.00153	0.00716	0.00358	0.00205	0.00716
124	0.01087	0.03045	0.01641	0.10051	0.24968	0.01341	0.01205	0.01272	0.00880	0.01297	0.00752	0.01131	0.00684	0.00716	0.02246	0.00192	0.46244	0.00424	0.00221	0.00603
125	0.00993	0.00976	0.01485	0.70978	0.08667	0.06262	0.01329	0.01301	0.01005	0.01259	0.00858	0.01258	0.00653	0.00482	0.00481	0.00158	0.00656	0.00423	0.00219	0.00556

[dist]
# distance from previous block
# <min> <max>
0	108

[block]
# block no. 1 follows, 52 sequences, length 49
# corresponding to MSA columns:
# 337-361,370-393
name=unknown_B
#
# <colnr> <probs for GDERKNQSTAVLIFYWHMCP>
#	G	D	E	R	K	N	Q	S	T	A	V	L	I	F	Y	W	H	M	C	P
0	0.00701	0.00468	0.00530	0.00534	0.00535	0.00467	0.00299	0.00704	0.00713	0.00950	0.01567	0.05988	0.01813	0.80082	0.02401	0.00460	0.00463	0.00729	0.00299	0.00297
1	0.01133	0.00901	0.00981	0.00853	0.01122	0.02092	0.00665	0.03669	0.42763	0.06861	0.14514	0.02167	0.07615	0.00706	0.00493	0.00148	0.00357	0.00592	0.00472	0.11897
2	0.00903	0.00452	0.00452	0.00452	0.00565	0.00452	0.00339	0.01129	0.01016	0.01807	0.01581	0.01807	0.01242	0.00565	0.00339	0.00113	0.00226	0.00452	0.85659	0.00452
3	0.00915	0.00861	0.01453	0.81804	0.03338	0.01077	0.01346	0.01238	0.00969	0.01238	0.00861	0.01292	0.00646	0.00484	0.00484	0.00161	0.00646	0.00431	0.00215	0.00538
4	0.01842	0.01357	0.01454	0.01115	0.01503	0.01503	0.00921	0.78330	0.02278	0.03054	0.01163	0.01163	0.00824	0.00582	0.00485	0.00145	0.00533	0.00436	0.00485	0.00824
5	0.01117	0.00593	0.00785	0.00695	0.00880	0.00537	0.00536	0.01338	0.02619	0.24579	0.48438	0.10640	0.03412	0.00923	0.00550	0.00156	0.00289	0.00807	0.00544	0.00563
6	0.00972	0.02507	0.80458	0.01381	0.02097	0.01125	0.01790	0.01535	0.01023	0.01535	0.00870	0.01023	0.00614	0.00460	0.00460	0.00153	0.00716	0.00358	0.00205	0.00716
7	0.00692	0.00519	0.00779	0.00779	0.00865	0.00606	0.00606	0.00865	0.00779	0.01125	0.01298	0.01904	0.01211	0.03634	0.81049	0.00779	0.01298	0.00519	0.00260	0.00433
8	0.01571	0.18455	0.14536	0.01187	0.01545	0.52214	0.01055	0.01773	0.01239	0.01234	0.00754	0.00879	0.00622	0.00476	0.00416	0.00125	0.00777	0.00309	0.00234	0.00599
9	0.00692	0.00519	0.00779	0.00779	0.00865	0.00606	0.00606	0.00865	0.00779	0.01125	0.01298	0.01904	0.01211	0.03634	0.81049	0.00779	0.01298	0.00519	0.00260	0.00433
10	0.14921	0.00929	0.00799	0.00749	0.00917	0.16598	0.00570	0.01189	0.01243	0.01758	0.42760	0.04548	0.05140	0.02347	0.00540	0.00156	0.00395	0.03531	0.00427	0.00483
11	0.01492	0.01304	0.01236	0.01057	0.01361	0.12526	0.00833	0.23806	0.44688	0.04026	0.01571	0.01491	0.01168	0.00613	0.00483	0.00153	0.00495	0.00482	0.00459	0.00756
12	0.00664	0.00474	0.00647	0.00759	0.00819	0.00457	0.00578	0.00802	0.01000	0.01319	0.02630	0.52866	0.03045	0.01449	0.00638	0.00207	0.00345	0.30439	0.00448	0.00414
13	0.01117	0.01203	0.02452	0.15269	0.18073	0.01186	0.50356	0.01488	0.01107	0.01507	0.00947	0.01283	0.00727	0.00426	0.00539	0.00159	0.00741	0.00521	0.00239	0.00657
14	0.00903	0.00452	0.00452	0.00452	0.00565	0.00452	0.00339	0.01129	0.01016	0.01807	0.01581	0.01807	0.01242	0.00565	0.00339	0.00113	0.00226	0.00452	0.85659	0.00452
15	0.01154	0.00986	0.01554	0.01241	0.01432	0.01133	0.17200	0.06363	0.01111	0.09259	0.14921	0.01726	0.03224	0.00801	0.02532	0.00191	0.33689	0.00558	0.00338	0.00587
16	0.00595	0.00425	0.00567	0.00680	0.00710	0.00397	0.00457	0.00682	0.00932	0.01242	0.02669	0.80948	0.03196	0.01514	0.00620	0.00197	0.00285	0.03041	0.00450	0.00395
17	0.03943	0.01347	0.01436	0.01103	0.01489	0.01492	0.00911	0.76419	0.02242	0.03032	0.01151	0.01154	0.00817	0.00578	0.00480	0.00146	0.00529	0.00432	0.00480	0.00817
18	0.01288	0.81337	0.04395	0.00842	0.01264	0.01899	0.00852	0.01453	0.00986	0.01150	0.00678	0.00783	0.00622	0.00416	0.00315	0.00105	0.00523	0.00261	0.00207	0.00624
19	0.01736	0.01244	0.01351	0.01063	0.01425	0.01369	0.00869	0.58181	0.14924	0.08787	0.03136	0.01363	0.01047	0.00605	0.00488	0.00149	0.00492	0.00469	0.00496	0.00806
20	0.01296	0.83261	0.02539	0.00829	0.01244	0.01917	0.00829	0.01451	0.00985	0.01140	0.00674	0.00777	0.00622	0.00415	0.00311	0.00104	0.00518	0.00259	0.00207	0.00622
21	0.00915	0.00861	0.01453	0.81804	0.03338	0.01077	0.01346	0.01238	0.00969	0.01238	0.00861	0.01292	0.00646	0.00484	0.00484	0.00161	0.00646	0.00431	0.00215	0.00538
22	0.00877	0.00820	0.01347	0.72838	0.03042	0.01003	0.01238	0.01178	0.00984	0.01246	0.01308	0.01664	0.09368	0.00566	0.00494	0.00162	0.00602	0.00496	0.00241	0.00524
23	0.01400	0.01244	0.01198	0.01041	0.01335	0.10066	0.00817	0.17705	0.55095	0.02140	0.01675	0.01576	0.01254	0.00625	0.00485	0.00156	0.00468	0.00499	0.00465	0.00756
24	0.06315	0.00981	0.01057	0.00906	0.01198	0.01071	0.00719	0.13758	0.41583	0.13449	0.03502	0.01976	0.09971	0.00694	0.00490	0.00158	0.00392	0.00564	0.00492	0.00725
25	0.63128	0.01149	0.01136	0.00934	0.01260	0.09924	0.13268	0.01502	0.00937	0.01964	0.00733	0.00882	0.00570	0.00449	0.00359	0.00149	0.00502	0.00318	0.00285	0.00550
26	0.01080	0.01180	0.02405	0.01777	0.02143	0.01199	0.57022	0.01413	0.01038	0.01442	0.00959	0.01333	0.00772	0.00836	0.09612	0.00239	0.14157	0.00542	0.00241	0.00609
27	0.01434	0.01033	0.01181	0.01151	0.01267	0.00968	0.00781	0.01332	0.01238	0.01754	0.02212	0.03407	0.05564	0.34874	0.37930	0.00689	0.01071	0.00832	0.00525	0.00756
28	0.00748	0.00510	0.00663	0.00616	0.00744	0.00467	0.00465	0.00970	0.01361	0.05428	0.73142	0.03574	0.07501	0.00983	0.00568	0.00153	0.00238	0.00865	0.00533	0.00472
29	0.01138	0.01287	0.02776	0.01983	0.02471	0.01200	0.74708	0.01537	0.01138	0.01553	0.00975	0.01294	0.00735	0.00406	0.00562	0.00159	0.00796	0.00559	0.00247	0.04475
30	0.00652	0.00449	0.00549	0.00604	0.00619	0.00435	0.00376	0.00696	0.00818	0.01089	0.02086	0.40792	0.02463	0.43001	0.01561	0.00336	0.00380	0.02379	0.00370	0.00344
31	0.00712	0.00521	0.00639	0.00602	0.00739	0.00479	0.00454	0.00957	0.04067	0.03535	0.58653	0.03743	0.21042	0.01023	0.00567	0.00155	0.00242	0.00889	0.00515	0.00466
32	0.01204	0.70596	0.05728	0.00836	0.01221	0.01715	0.00829	0.01369	0.00980	0.01168	0.00903	0.09816	0.00906	0.00538	0.00351	0.00116	0.00501	0.00387	0.00234	0.00601
33	0.01847	0.01069	0.09924	0.00978	0.01378	0.00868	0.03077	0.03670	0.14057	0.55125	0.01766	0.01588	0.01160	0.00588	0.00488	0.00153	0.00455	0.00484	0.00526	0.00798
34	0.01072	0.01125	0.02168	0.01566	0.02005	0.01022	0.51073	0.03601	0.01143	0.01574	0.01394	0.01610	0.09447	0.00493	0.00525	0.00144	0.00650	0.00558	0.00283	0.18548
35	0.86392	0.00937	0.00712	0.00637	0.00937	0.01087	0.00525	0.01425	0.00825	0.02174	0.00675	0.00787	0.00525	0.00450	0.00300	0.00150	0.00375	0.00262	0.00300	0.00525
36	0.00895	0.00731	0.00923	0.00980	0.09618	0.00757	0.00661	0.01469	0.24631	0.01908	0.45302	0.02843	0.05637	0.00837	0.00538	0.00155	0.00314	0.00734	0.00486	0.00583
37	0.01285	0.74207	0.02476	0.01066	0.09922	0.01833	0.00902	0.01455	0.00998	0.01189	0.00700	0.00824	0.00638	0.00416	0.00330	0.00108	0.00525	0.00278	0.00211	0.00638
38	0.00694	0.00514	0.00751	0.00751	0.00828	0.00591	0.00571	0.00848	0.00771	0.01105	0.01323	0.02044	0.01272	0.12382	0.72384	0.00745	0.01207	0.00540	0.00263	0.00417
39	0.00705	0.00470	0.00529	0.00529	0.00529	0.00470	0.00294	0.00705	0.00705	0.00940	0.01527	0.03171	0.01762	0.82969	0.02467	0.00470	0.00470	0.00705	0.00294	0.00294
40	0.00972	0.02507	0.80458	0.01381	0.02097	0.01125	0.01790	0.01535	0.01023	0.01535	0.00870	0.01023	0.00614	0.00460	0.00460	0.00153	0.00716	0.00358	0.00205	0.00716
41	0.01810	0.02310	0.01373	0.01248	0.01498	0.81024	0.00936	0.01935	0.01373	0.01186	0.00749	0.00874	0.00624	0.00499	0.00437	0.00125	0.00874	0.00312	0.00250	0.00562
42	0.00588	0.00429	0.00554	0.00654	0.00698	0.00395	0.00441	0.00677	0.00947	0.01245	0.02918	0.74053	0.11645	0.01486	0.00613	0.00193	0.00277	0.01339	0.00450	0.00395
43	0.00903	0.00452	0.00452	0.00452	0.00565	0.00452	0.00339	0.01129	0.01016	0.01807	0.01581	0.01807	0.01242	0.00565	0.00339	0.00113	0.00226	0.00452	0.85659	0.00452
44	0.00590	0.00423	0.00561	0.00670	0.00702	0.00394	0.00448	0.00675	0.00932	0.01239	0.02726	0.80741	0.05082	0.01511	0.00617	0.00196	0.00280	0.01369	0.00450	0.00394
45	0.01126	0.01065	0.01801	0.04444	0.69534	0.01066	0.01370	0.01392	0.01081	0.01537	0.01104	0.10183	0.01034	0.00553	0.00495	0.00150	0.00545	0.00536	0.00262	0.00721
46	0.43497	0.00945	0.00958	0.00785	0.01092	0.01018	0.00645	0.06121	0.01020	0.13666	0.00919	0.01009	0.00692	0.00507	0.00492	0.00142	0.09397	0.00329	0.00344	0.16422
47	0.07613	0.01467	0.01518	0.03406	0.16352	0.24263	0.05499	0.12295	0.07087	0.05338	0.00980	0.01130	0.00770	0.00544	0.00584	0.00150	0.09623	0.00404	0.00313	0.00663
48	0.01091	0.06222	0.23454	0.01758	0.02291	0.01214	0.51227	0.01517	0.01096	0.01515	0.00982	0.03546	0.00768	0.00455	0.00529	0.00158	0.00758	0.00521	0.00238	0.00661

[dist]
# distance from previous block
# <min> <max>
0	7

[block]
# block no. 2 follows, 52 sequences, length 11
# corresponding to MSA columns:
# 401-411
name=unknown_C
#
# <colnr> <probs for GDERKNQSTAVLIFYWHMCP>
#	G	D	E	R	K	N	Q	S	T	A	V	L	I	F	Y	W	H	M	C	P
0	0.08008	0.00911	0.01144	0.00884	0.01255	0.00855	0.00730	0.13463	0.01479	0.63474	0.01715	0.01518	0.01097	0.00587	0.00474	0.00149	0.00428	0.00464	0.00562	0.00804
1	0.01010	0.00554	0.00565	0.00527	0.00671	0.00571	0.00405	0.09860	0.01159	0.01948	0.01534	0.01734	0.01195	0.00567	0.00355	0.00117	0.00261	0.00450	0.76027	0.00494
2	0.01310	0.01114	0.01872	0.02736	0.71045	0.01102	0.01400	0.01586	0.01136	0.10484	0.01025	0.01250	0.00816	0.00451	0.00481	0.00145	0.00557	0.00438	0.00281	0.00774
3	0.41073	0.01100	0.00952	0.00827	0.01111	0.10625	0.00660	0.10186	0.08250	0.10261	0.01060	0.01179	0.00817	0.03141	0.06687	0.00206	0.00531	0.00370	0.00360	0.00602
4	0.03606	0.01559	0.01626	0.01312	0.01650	0.27773	0.18389	0.12959	0.19391	0.01773	0.01147	0.01233	0.00877	0.00520	0.00481	0.00144	0.00665	0.00441	0.00342	0.04110
5	0.00947	0.00894	0.01512	0.72874	0.12017	0.01085	0.01362	0.01266	0.00984	0.01277	0.00867	0.01281	0.00660	0.00479	0.00484	0.00160	0.00638	0.00431	0.00218	0.00564
6	0.00989	0.00856	0.00975	0.00843	0.01056	0.06572	0.05431	0.11376	0.09568	0.01836	0.28768	0.06468	0.16208	0.00967	0.03266	0.00174	0.00414	0.00743	0.00449	0.03038
7	0.00692	0.00477	0.00571	0.00576	0.00599	0.00487	0.00357	0.00731	0.00743	0.00999	0.01672	0.06466	0.04845	0.62547	0.15801	0.00499	0.00595	0.00715	0.00301	0.00326
8	0.06964	0.01154	0.02248	0.01648	0.02072	0.01102	0.53897	0.01649	0.06251	0.10744	0.01317	0.03964	0.03545	0.00511	0.00540	0.00162	0.00676	0.00580	0.00319	0.00656
9	0.01159	0.00975	0.00950	0.00855	0.01079	0.12563	0.00663	0.06464	0.15871	0.07932	0.18190	0.09779	0.07131	0.00833	0.00518	0.00153	0.00419	0.06152	0.00446	0.07867
10	0.01181	0.00881	0.01041	0.00754	0.01176	0.00695	0.00607	0.05098	0.01111	0.10784	0.00998	0.01087	0.00779	0.00398	0.00380	0.00084	0.00374	0.00318	0.00333	0.71921

[dist]
# distance from previous block
# <min> <max>
0	1

[block]
# block no. 3 follows, 52 sequences, length 101
# corresponding to MSA columns:
# 413-465,475-515,519-525
name=unknown_D
#
# <colnr> <probs for GDERKNQSTAVLIFYWHMCP>
#	G	D	E	R	K	N	Q	S	T	A	V	L	I	F	Y	W	H	M	C	P
0	0.00930	0.00876	0.01480	0.77767	0.07261	0.01080	0.01353	0.01251	0.00976	0.01256	0.00864	0.01287	0.00652	0.00482	0.00484	0.00161	0.00642	0.00431	0.00217	0.00550
1	0.00606	0.00494	0.00530	0.00530	0.00677	0.00426	0.00399	0.00744	0.01126	0.01393	0.15591	0.04484	0.61325	0.04875	0.00663	0.00179	0.00263	0.04826	0.00455	0.00413
2	0.86392	0.00937	0.00712	0.00637	0.00937	0.01087	0.00525	0.01425	0.00825	0.02174	0.00675	0.00787	0.00525	0.00450	0.00300	0.00150	0.00375	0.00262	0.00300	0.00525
3	0.00686	0.00495	0.00648	0.00610	0.00724	0.00457	0.00457	0.00914	0.01372	0.01943	0.79691	0.03620	0.04572	0.00991	0.00572	0.00152	0.00229	0.00876	0.00533	0.00457
4	0.02035	0.00980	0.01201	0.00925	0.01301	0.02354	0.00761	0.19964	0.02965	0.56953	0.01684	0.01504	0.01091	0.00587	0.00482	0.00146	0.00447	0.00467	0.00555	0.03597
5	0.01178	0.53824	0.30943	0.01030	0.01555	0.01629	0.01180	0.01482	0.00999	0.01284	0.00745	0.00867	0.00619	0.00431	0.00365	0.00122	0.00590	0.00295	0.00206	0.00656
6	0.01248	0.71347	0.14035	0.00911	0.01370	0.01801	0.00971	0.01463	0.00990	0.01198	0.00703	0.00814	0.00621	0.00421	0.00333	0.00111	0.00547	0.00274	0.00207	0.00636
7	0.01199	0.01151	0.01967	0.02974	0.79946	0.01151	0.01487	0.01487	0.01103	0.01583	0.00912	0.01199	0.00768	0.00432	0.00480	0.00144	0.00576	0.00432	0.00240	0.00768
8	0.00675	0.00495	0.00632	0.00598	0.00717	0.00453	0.00448	0.00893	0.01345	0.01881	0.72331	0.03723	0.11971	0.01014	0.00572	0.00154	0.00230	0.00891	0.00525	0.00453
9	0.02147	0.00869	0.01152	0.00883	0.01259	0.00777	0.00729	0.08629	0.01461	0.73910	0.01850	0.01609	0.01169	0.00598	0.00487	0.00150	0.00422	0.00483	0.00590	0.00825
10	0.01126	0.01278	0.02784	0.01998	0.02473	0.01198	0.75649	0.01524	0.01137	0.01542	0.01036	0.03963	0.00816	0.00445	0.00573	0.00164	0.00800	0.00598	0.00252	0.00645
11	0.00693	0.00518	0.00773	0.00773	0.00858	0.00603	0.00599	0.00862	0.00777	0.01121	0.01303	0.01931	0.01224	0.05366	0.79334	0.00772	0.01280	0.00523	0.00260	0.00430
12	0.01671	0.00713	0.00963	0.00777	0.01064	0.00626	0.00626	0.01872	0.01382	0.53798	0.28206	0.02316	0.02340	0.00732	0.00516	0.00151	0.00350	0.00619	0.00577	0.00700
13	0.56583	0.03738	0.00997	0.00787	0.01118	0.01217	0.00653	0.23109	0.01261	0.05386	0.00860	0.00926	0.00638	0.00492	0.00359	0.00147	0.00426	0.00320	0.00360	0.00624
14	0.00593	0.00427	0.00557	0.00660	0.00695	0.00397	0.00441	0.00677	0.00932	0.01233	0.02773	0.75817	0.07727	0.03743	0.00667	0.00202	0.00284	0.01338	0.00446	0.00392
15	0.01105	0.01140	0.01538	0.01304	0.01339	0.05883	0.04388	0.01226	0.00795	0.01184	0.00657	0.01061	0.00640	0.00810	0.01482	0.00205	0.74066	0.00424	0.00216	0.00537
16	0.00692	0.00519	0.00779	0.00779	0.00865	0.00606	0.00606	0.00865	0.00779	0.01125	0.01298	0.01904	0.01211	0.03634	0.81049	0.00779	0.01298	0.00519	0.00260	0.00433
17	0.00692	0.00519	0.00779	0.00779	0.00865	0.00606	0.00606	0.00865	0.00779	0.01125	0.01298	0.01904	0.01211	0.03634	0.81049	0.00779	0.01298	0.00519	0.00260	0.00433
18	0.01098	0.00914	0.00972	0.00877	0.01110	0.03015	0.00678	0.03314	0.51268	0.03854	0.21181	0.02346	0.05775	0.00759	0.00514	0.00160	0.00355	0.00641	0.00497	0.00672
19	0.01296	0.83261	0.02539	0.00829	0.01244	0.01917	0.00829	0.01451	0.00985	0.01140	0.00674	0.00777	0.00622	0.00415	0.00311	0.00104	0.00518	0.00259	0.00207	0.00622
20	0.01199	0.01151	0.01967	0.02974	0.79946	0.01151	0.01487	0.01487	0.01103	0.01583	0.00912	0.01199	0.00768	0.00432	0.00480	0.00144	0.00576	0.00432	0.00240	0.00768
21	0.01018	0.13976	0.69391	0.01303	0.01976	0.01238	0.01654	0.01523	0.01018	0.01479	0.00842	0.00988	0.00615	0.00454	0.00439	0.00146	0.00688	0.00344	0.00205	0.00703
22	0.00590	0.00422	0.00562	0.00675	0.00703	0.00394	0.00450	0.00675	0.00928	0.01237	0.02671	0.82653	0.03205	0.01518	0.00619	0.00197	0.00281	0.01378	0.00450	0.00394
23	0.01183	0.01271	0.02719	0.01945	0.02428	0.01183	0.72108	0.01576	0.01149	0.04958	0.01016	0.01311	0.00755	0.00415	0.00561	0.00160	0.00783	0.00558	0.00262	0.03659
24	0.00686	0.00495	0.00648	0.00610	0.00724	0.00457	0.00457	0.00914	0.01372	0.01943	0.79691	0.03620	0.04572	0.00991	0.00572	0.00152	0.00229	0.00876	0.00533	0.00457
25	0.01241	0.01159	0.01532	0.01263	0.02989	0.04136	0.18052	0.06569	0.49663	0.01922	0.01593	0.01579	0.01199	0.00575	0.00502	0.00157	0.00509	0.00525	0.00415	0.04420
26	0.03254	0.01438	0.01410	0.01114	0.01478	0.10436	0.00907	0.63751	0.06865	0.02765	0.01158	0.01164	0.00837	0.00575	0.00477	0.00144	0.00560	0.00426	0.00456	0.00786
27	0.00980	0.04451	0.78582	0.01368	0.02077	0.01145	0.01767	0.01533	0.01022	0.01525	0.00865	0.01017	0.00614	0.00459	0.00457	0.00152	0.00711	0.00356	0.00205	0.00714
28	0.05176	0.03074	0.01253	0.00947	0.01316	0.02398	0.00780	0.30832	0.05215	0.36381	0.01545	0.01434	0.02481	0.00585	0.00470	0.00144	0.00460	0.00455	0.00508	0.04546
29	0.03922	0.00911	0.02657	0.00892	0.01273	0.00805	0.00749	0.09714	0.01455	0.69601	0.01793	0.01572	0.01137	0.00592	0.00483	0.00150	0.00429	0.00475	0.00575	0.00816
30	0.00903	0.00452	0.00452	0.00452	0.00565	0.00452	0.00339	0.01129	0.01016	0.01807	0.01581	0.01807	0.01242	0.00565	0.00339	0.00113	0.00226	0.00452	0.85659	0.00452
31	0.00999	0.00946	0.01604	0.58686	0.25804	0.01099	0.01387	0.01311	0.01008	0.01339	0.00876	0.01265	0.00682	0.00469	0.00483	0.00156	0.00625	0.00431	0.00223	0.00606
32	0.00634	0.00458	0.00591	0.00682	0.00729	0.00433	0.00463	0.03406	0.00983	0.01304	0.02717	0.76349	0.06497	0.01472	0.00612	0.00194	0.00288	0.01329	0.00451	0.00409
33	0.02174	0.00825	0.01125	0.00862	0.01237	0.00712	0.00712	0.02362	0.01387	0.80282	0.01912	0.01649	0.01200	0.00600	0.00487	0.00150	0.00412	0.00487	0.00600	0.00825
34	0.00903	0.00452	0.00452	0.00452	0.00565	0.00452	0.00339	0.01129	0.01016	0.01807	0.01581	0.01807	0.01242	0.00565	0.00339	0.00113	0.00226	0.00452	0.85659	0.00452
35	0.00972	0.02507	0.80458	0.01381	0.02097	0.01125	0.01790	0.01535	0.01023	0.01535	0.00870	0.01023	0.00614	0.00460	0.00460	0.00153	0.00716	0.00358	0.00205	0.00716
36	0.00627	0.00567	0.00532	0.00530	0.00693	0.03894	0.00396	0.00748	0.01110	0.01301	0.04651	0.07242	0.73637	0.01206	0.00568	0.00163	0.00274	0.01004	0.00441	0.00415
37	0.00972	0.02507	0.80458	0.01381	0.02097	0.01125	0.01790	0.01535	0.01023	0.01535	0.00870	0.01023	0.00614	0.00460	0.00460	0.00153	0.00716	0.00358	0.00205	0.00716
38	0.01732	0.01888	0.01367	0.01212	0.03230	0.50304	0.00917	0.23209	0.04790	0.01783	0.04332	0.01119	0.00889	0.00549	0.00459	0.00134	0.00724	0.00383	0.00337	0.00643
39	0.01010	0.02457	0.77042	0.01370	0.02072	0.01142	0.01753	0.04855	0.01077	0.01600	0.00882	0.01029	0.00623	0.00466	0.00461	0.00153	0.00708	0.00361	0.00217	0.00721
40	0.00705	0.00470	0.00529	0.00529	0.00529	0.00470	0.00294	0.00705	0.00705	0.00940	0.01527	0.03171	0.01762	0.82969	0.02467	0.00470	0.00470	0.00705	0.00294	0.00294
41	0.00590	0.00422	0.00562	0.00675	0.00703	0.00394	0.00450	0.00675	0.00928	0.01237	0.02671	0.82653	0.03205	0.01518	0.00619	0.00197	0.00281	0.01378	0.00450	0.00394
42	0.00903	0.00452	0.00452	0.00452	0.00565	0.00452	0.00339	0.01129	0.01016	0.01807	0.01581	0.01807	0.01242	0.00565	0.00339	0.00113	0.00226	0.00452	0.85659	0.00452
43	0.00915	0.00861	0.01453	0.81804	0.03338	0.01077	0.01346	0.01238	0.00969	0.01238	0.00861	0.01292	0.00646	0.00484	0.00484	0.00161	0.00646	0.00431	0.00215	0.00538
44	0.01842	0.01357	0.01454	0.01115	0.01503	0.01503	0.00921	0.78330	0.02278	0.03054	0.01163	0.01163	0.00824	0.00582	0.00485	0.00145	0.00533	0.00436	0.00485	0.00824
45	0.00703	0.00476	0.00558	0.00558	0.00569	0.00486	0.00331	0.00724	0.00714	0.00962	0.01500	0.03020	0.01696	0.73506	0.11840	0.00507	0.00569	0.00683	0.00290	0.00310
46	0.00592	0.00425	0.00562	0.00669	0.00702	0.00395	0.00448	0.00680	0.00941	0.01253	0.04232	0.79120	0.05185	0.01500	0.00616	0.00195	0.00279	0.01359	0.00451	0.00395
47	0.00694	0.00512	0.00745	0.00745	0.00819	0.00587	0.00563	0.00843	0.00769	0.01100	0.01329	0.02077	0.01287	0.14502	0.70284	0.00736	0.01185	0.00545	0.00264	0.00414
48	0.00911	0.00833	0.01399	0.27348	0.25439	0.00888	0.05347	0.01153	0.01009	0.01363	0.01470	0.26294	0.01512	0.00797	0.00532	0.00168	0.00519	0.02149	0.00301	0.00567
49	0.86392	0.00937	0.00712	0.00637	0.00937	0.01087	0.00525	0.01425	0.00825	0.02174	0.00675	0.00787	0.00525	0.00450	0.00300	0.00150	0.00375	0.00262	0.00300	0.00525
50	0.01395	0.00925	0.01396	0.03006	0.01483	0.00797	0.15472	0.01673	0.03615	0.26770	0.01319	0.04172	0.00985	0.00499	0.00457	0.00124	0.00469	0.00456	0.00390	0.34597
51	0.01005	0.00861	0.01005	0.00718	0.01148	0.00646	0.00574	0.01220	0.01005	0.01579	0.00861	0.01005	0.00718	0.00359	0.00359	0.00072	0.00359	0.00287	0.00287	0.85932
