[name]
unknown

[dist]
# distance from previous block
# <min> <max>
0	232

[block]
# block no. 0 follows, 51 sequences, length 15
# corresponding to MSA columns:
# 286-300
name=unknown_A
#
# <colnr> <probs for GDERKNQSTAVLIFYWHMCP>
#	G	D	E	R	K	N	Q	S	T	A	V	L	I	F	Y	W	H	M	C	P
0	0.03988	0.11291	0.20240	0.00977	0.01342	0.04668	0.00960	0.05522	0.09532	0.06774	0.11008	0.06828	0.06258	0.00716	0.00515	0.00153	0.02700	0.03150	0.00367	0.03009
1	0.03891	0.10580	0.14386	0.03424	0.07427	0.06281	0.02676	0.09919	0.10229	0.04768	0.01361	0.05889	0.03703	0.02166	0.10933	0.00238	0.00653	0.00500	0.00330	0.00647
2	0.08729	0.12096	0.22479	0.01138	0.02749	0.08978	0.06210	0.04456	0.08067	0.10412	0.05083	0.01318	0.01012	0.02254	0.00491	0.00151	0.00579	0.00420	0.00326	0.03052
3	0.05767	0.05278	0.15766	0.03414	0.09646	0.05756	0.05082	0.06752	0.08423	0.04299	0.09329	0.06682	0.07558	0.00674	0.00490	0.00153	0.00513	0.00569	0.01871	0.01981
4	0.08401	0.01208	0.10768	0.09765	0.10077	0.05663	0.07513	0.05876	0.10429	0.01676	0.06579	0.01690	0.01219	0.08206	0.02910	0.00200	0.00576	0.02148	0.00321	0.04773
5	0.01190	0.04319	0.01724	0.04632	0.40833	0.01086	0.07959	0.05447	0.06611	0.04854	0.04027	0.03119	0.07758	0.00573	0.00499	0.00149	0.00529	0.00533	0.00321	0.03839
6	0.01161	0.01114	0.01919	0.07499	0.67421	0.01122	0.04581	0.01448	0.01102	0.01563	0.01027	0.05904	0.00912	0.00504	0.00499	0.00151	0.00581	0.00499	0.00254	0.00738
7	0.00854	0.00427	0.00640	0.00640	0.00640	0.00427	0.00427	0.00640	0.00640	0.00854	0.00854	0.01494	0.00854	0.01707	0.01921	0.85702	0.00427	0.00427	0.00213	0.00213
8	0.00719	0.00539	0.00772	0.00763	0.00831	0.00624	0.00575	0.00860	0.00775	0.01108	0.01332	0.02133	0.01308	0.18090	0.63251	0.00709	0.04370	0.00557	0.00268	0.00417
9	0.01140	0.10560	0.43029	0.01313	0.01820	0.09480	0.07017	0.04457	0.01093	0.01483	0.00933	0.04395	0.00766	0.00624	0.02503	0.00170	0.07897	0.00419	0.00239	0.00663
10	0.00989	0.04466	0.40695	0.06599	0.04733	0.03769	0.07781	0.01393	0.01092	0.01534	0.11448	0.01634	0.05697	0.00602	0.00562	0.00158	0.05439	0.00496	0.00273	0.00639
11	0.03580	0.00600	0.00687	0.00668	0.00740	0.02772	0.00463	0.00848	0.00847	0.01165	0.03655	0.10219	0.10835	0.37058	0.15680	0.00413	0.05518	0.00730	0.00324	0.03197
12	0.03035	0.06014	0.07397	0.02869	0.06146	0.03213	0.10495	0.08760	0.05850	0.03353	0.02704	0.06569	0.01021	0.00548	0.00498	0.00132	0.03538	0.00468	0.00321	0.27070
13	0.06272	0.08086	0.19840	0.01882	0.28297	0.04479	0.10882	0.06227	0.01165	0.03782	0.00992	0.04114	0.00813	0.00499	0.00473	0.00149	0.00624	0.00446	0.00270	0.00708
14	0.03648	0.10606	0.15241	0.02349	0.03244	0.01040	0.00925	0.04533	0.11760	0.08544	0.01369	0.01581	0.03592	0.03329	0.20671	0.00316	0.02700	0.00464	0.00327	0.03759

[dist]
# distance from previous block
# <min> <max>
3	6

[block]
# block no. 1 follows, 51 sequences, length 29
# corresponding to MSA columns:
# 307-335
name=unknown_B
#
# <colnr> <probs for GDERKNQSTAVLIFYWHMCP>
#	G	D	E	R	K	N	Q	S	T	A	V	L	I	F	Y	W	H	M	C	P
0	0.04069	0.04704	0.08670	0.01312	0.14764	0.01040	0.00960	0.06665	0.01101	0.01602	0.10321	0.13211	0.03700	0.00782	0.00735	0.00163	0.17795	0.00611	0.00327	0.07467
1	0.04125	0.16955	0.14593	0.01218	0.08665	0.04216	0.03456	0.13891	0.09739	0.01789	0.01171	0.03082	0.03143	0.00531	0.00439	0.00135	0.00535	0.00421	0.00319	0.11576
2	0.00819	0.00658	0.00941	0.03074	0.15269	0.00639	0.00745	0.03171	0.01142	0.01548	0.15198	0.26665	0.09242	0.01104	0.00585	0.00179	0.00378	0.15285	0.00421	0.02938
3	0.01535	0.03602	0.03858	0.01589	0.22045	0.01340	0.01068	0.38436	0.13161	0.04019	0.01244	0.02424	0.00947	0.00563	0.00486	0.00149	0.00526	0.00463	0.00410	0.02134
4	0.03520	0.28484	0.28154	0.01152	0.02969	0.07196	0.04009	0.04493	0.03269	0.05255	0.00955	0.01152	0.00766	0.00493	0.00422	0.00136	0.00611	0.02759	0.00266	0.03939
5	0.02916	0.10162	0.25636	0.01166	0.01612	0.03561	0.09415	0.11560	0.03211	0.08416	0.06012	0.03857	0.02073	0.03786	0.00563	0.00164	0.00583	0.03012	0.00338	0.01959
6	0.01021	0.13311	0.46654	0.01287	0.03414	0.03266	0.08006	0.01441	0.01082	0.01508	0.07420	0.04286	0.04086	0.00568	0.00474	0.00150	0.00634	0.00473	0.00259	0.00660
7	0.00742	0.00584	0.00870	0.00789	0.00941	0.00533	0.09364	0.00919	0.01158	0.03617	0.27021	0.25109	0.20600	0.01151	0.00624	0.02133	0.00333	0.02593	0.00457	0.00462
8	0.01138	0.03672	0.11271	0.00928	0.01220	0.05853	0.04178	0.07900	0.04178	0.12454	0.02456	0.16741	0.19383	0.00928	0.00541	0.00166	0.00458	0.05524	0.00420	0.00591
9	0.01244	0.07684	0.38304	0.03316	0.07786	0.04161	0.02506	0.09441	0.07521	0.06457	0.01046	0.01170	0.00776	0.00561	0.01521	0.00161	0.04930	0.00402	0.00291	0.00721
10	0.00606	0.00433	0.00579	0.00693	0.00724	0.00406	0.00469	0.00697	0.00948	0.01263	0.02704	0.79461	0.03234	0.01533	0.00629	0.00201	0.00292	0.04272	0.00456	0.00401
11	0.01116	0.01008	0.01603	0.29217	0.29008	0.01127	0.03910	0.04822	0.06958	0.02821	0.01045	0.01391	0.00845	0.03158	0.03138	0.00189	0.05739	0.00464	0.01790	0.00652
12	0.01387	0.17327	0.10006	0.01433	0.14633	0.16998	0.06613	0.05896	0.04941	0.06709	0.01138	0.01301	0.03112	0.03142	0.00514	0.00148	0.00618	0.00419	0.03000	0.00665
13	0.00909	0.03803	0.51155	0.01182	0.02831	0.00972	0.01357	0.01393	0.05983	0.01506	0.01621	0.15983	0.07772	0.00736	0.00504	0.00164	0.00579	0.00616	0.00292	0.00643
14	0.07078	0.00726	0.00902	0.00730	0.01023	0.00664	0.00592	0.01946	0.01254	0.50787	0.01756	0.01667	0.01187	0.00588	0.00435	0.00140	0.00357	0.00469	0.26999	0.00699
15	0.01192	0.01428	0.14906	0.14444	0.37402	0.04236	0.11211	0.06360	0.01176	0.01619	0.00928	0.01200	0.00728	0.00460	0.00495	0.00152	0.00658	0.00439	0.00250	0.00715
16	0.01329	0.01348	0.05001	0.10176	0.26587	0.14761	0.02895	0.15836	0.02639	0.01763	0.04997	0.02969	0.03206	0.03678	0.00568	0.00161	0.00607	0.00487	0.00318	0.00673
17	0.01231	0.00707	0.00853	0.00742	0.00945	0.00719	0.00587	0.12559	0.01290	0.17791	0.08876	0.05673	0.08795	0.01145	0.11058	0.00231	0.03317	0.00605	0.22290	0.00585
18	0.00689	0.00513	0.00709	0.00732	0.00772	0.00528	0.02922	0.00766	0.00856	0.01161	0.02051	0.44364	0.02379	0.22811	0.09972	0.02296	0.04696	0.01026	0.00369	0.00388
19	0.01130	0.31006	0.32647	0.04242	0.04178	0.04202	0.01274	0.01451	0.01003	0.01340	0.00864	0.04547	0.00750	0.00539	0.00537	0.00145	0.08892	0.00383	0.00223	0.00648
20	0.13083	0.06901	0.04267	0.01177	0.05227	0.03490	0.09518	0.19426	0.01440	0.26922	0.01252	0.01260	0.00871	0.00538	0.00488	0.00150	0.02395	0.00431	0.00421	0.00740
21	0.01102	0.20570	0.58967	0.01262	0.01904	0.01340	0.01554	0.05208	0.01090	0.01540	0.00852	0.00988	0.00635	0.00462	0.00434	0.00144	0.00672	0.00344	0.00222	0.00710
22	0.01182	0.01002	0.04110	0.01125	0.08864	0.01030	0.00833	0.14261	0.30307	0.03313	0.09759	0.02200	0.05474	0.00870	0.04365	0.00191	0.00464	0.05322	0.04643	0.00684
23	0.01378	0.00991	0.04980	0.06540	0.05920	0.01915	0.03518	0.13899	0.09017	0.20521	0.06099	0.14655	0.03900	0.00761	0.00519	0.00159	0.00457	0.00655	0.00451	0.03665
24	0.03487	0.00980	0.01075	0.04005	0.03953	0.08395	0.00741	0.08675	0.10354	0.25093	0.04766	0.05615	0.12285	0.03440	0.02444	0.00182	0.02790	0.00606	0.00457	0.00658
25	0.00712	0.00529	0.00716	0.03095	0.00826	0.00585	0.00520	0.00821	0.00796	0.01099	0.01638	0.08333	0.05286	0.30169	0.39480	0.00573	0.03461	0.00673	0.00296	0.00393
26	0.01275	0.01603	0.13116	0.04525	0.04171	0.20644	0.20978	0.06439	0.01220	0.01512	0.01116	0.04513	0.00991	0.00631	0.00618	0.00164	0.07658	0.07926	0.00283	0.00618
27	0.01133	0.00971	0.03772	0.05111	0.22095	0.00967	0.00953	0.10443	0.15724	0.05218	0.03292	0.14841	0.09004	0.00806	0.00530	0.00165	0.00452	0.03459	0.00401	0.00663
28	0.04944	0.01179	0.01710	0.14369	0.50339	0.08370	0.01319	0.01469	0.01086	0.01520	0.00912	0.01215	0.00758	0.00568	0.02894	0.00168	0.03473	0.00422	0.02599	0.00686

[dist]
# distance from previous block
# <min> <max>
0	5

[block]
# block no. 2 follows, 51 sequences, length 48
# corresponding to MSA columns:
# 341-388
name=unknown_C
#
# <colnr> <probs for GDERKNQSTAVLIFYWHMCP>
#	G	D	E	R	K	N	Q	S	T	A	V	L	I	F	Y	W	H	M	C	P
0	0.08539	0.03640	0.01390	0.14085	0.13204	0.23145	0.01006	0.08668	0.10352	0.01633	0.01163	0.04769	0.02824	0.00587	0.00498	0.00150	0.02947	0.00455	0.00313	0.00632
1	0.08258	0.20136	0.01551	0.01041	0.04759	0.21544	0.00821	0.10895	0.01274	0.05122	0.00873	0.00972	0.00703	0.00462	0.00395	0.00116	0.00569	0.00323	0.00300	0.19887
2	0.01703	0.01297	0.01395	0.03751	0.01514	0.03423	0.00905	0.59076	0.08018	0.03988	0.01218	0.01282	0.00899	0.02834	0.00571	0.00157	0.02728	0.00449	0.00458	0.04334
3	0.01315	0.48372	0.22751	0.01059	0.01532	0.14944	0.01115	0.01576	0.01075	0.01269	0.00748	0.00870	0.00629	0.00447	0.00377	0.00122	0.00639	0.00298	0.00217	0.00646
4	0.03348	0.00802	0.04329	0.00876	0.01113	0.00752	0.04319	0.03528	0.06709	0.20765	0.09496	0.02317	0.08465	0.05761	0.20867	0.00336	0.02395	0.02812	0.00420	0.00592
5	0.03416	0.02895	0.05066	0.17253	0.20913	0.07529	0.12771	0.09495	0.03358	0.08133	0.01079	0.02687	0.00843	0.01792	0.00525	0.00158	0.00628	0.00468	0.00307	0.00685
6	0.00850	0.00429	0.00644	0.00644	0.00646	0.00431	0.00431	0.00646	0.00644	0.00861	0.00865	0.01504	0.00863	0.01756	0.03847	0.83627	0.00449	0.00429	0.00215	0.00219
7	0.00741	0.00484	0.00642	0.00718	0.00795	0.00450	0.00522	0.00863	0.01029	0.06723	0.05320	0.57394	0.07915	0.01411	0.00622	0.00197	0.00316	0.12949	0.00469	0.00441
8	0.01138	0.01130	0.02001	0.09644	0.48240	0.02471	0.17100	0.01441	0.01102	0.01529	0.01057	0.05124	0.00925	0.00599	0.02774	0.00173	0.00650	0.01947	0.00257	0.00697
9	0.01232	0.01048	0.01142	0.01068	0.03869	0.01198	0.00812	0.06699	0.67270	0.02064	0.01955	0.01999	0.01519	0.00696	0.00510	0.00168	0.00408	0.05094	0.00488	0.00762
10	0.01586	0.00701	0.00937	0.00792	0.01060	0.00619	0.00639	0.01770	0.01312	0.48137	0.13643	0.08147	0.08176	0.02153	0.00572	0.00169	0.00373	0.07986	0.00556	0.00673
11	0.00787	0.00520	0.00679	0.00738	0.00827	0.00497	0.00544	0.02469	0.02663	0.06665	0.06579	0.50326	0.06240	0.03432	0.00666	0.00203	0.00332	0.14909	0.00468	0.00456
12	0.01428	0.01372	0.06754	0.07189	0.03821	0.07953	0.11185	0.23493	0.14370	0.04818	0.01165	0.01289	0.00878	0.00590	0.00647	0.00162	0.11348	0.00463	0.00364	0.00712
13	0.01197	0.01165	0.02050	0.10465	0.60216	0.01179	0.11484	0.03399	0.01141	0.01605	0.00935	0.01239	0.00764	0.00444	0.00499	0.00150	0.00622	0.00456	0.00248	0.00742
14	0.86201	0.00950	0.00722	0.00646	0.00950	0.01102	0.00532	0.01445	0.00836	0.02205	0.00684	0.00798	0.00532	0.00456	0.00304	0.00152	0.00380	0.00266	0.00304	0.00532
15	0.01286	0.01042	0.01113	0.00992	0.01276	0.01190	0.00774	0.02597	0.73794	0.07075	0.01996	0.01823	0.01482	0.00663	0.00500	0.00166	0.00391	0.00552	0.00507	0.00782
16	0.01325	0.00864	0.00986	0.00857	0.01107	0.02839	0.00676	0.12209	0.18766	0.19318	0.13755	0.07558	0.09782	0.00955	0.03918	0.00188	0.00426	0.03307	0.00504	0.00660
17	0.07401	0.02456	0.01587	0.08587	0.24431	0.01257	0.02964	0.31671	0.01590	0.11597	0.01124	0.01232	0.00823	0.00523	0.00477	0.00149	0.00544	0.00435	0.00386	0.00766
18	0.01314	0.83025	0.02575	0.00841	0.01261	0.01945	0.00841	0.01472	0.00999	0.01156	0.00683	0.00788	0.00631	0.00420	0.00315	0.00105	0.00526	0.00263	0.00210	0.00631
19	0.01099	0.01057	0.01825	0.34287	0.45998	0.01141	0.04673	0.01410	0.01066	0.01465	0.00907	0.01258	0.00728	0.00458	0.00492	0.00154	0.00623	0.00443	0.00234	0.00681
20	0.01063	0.00591	0.00730	0.00644	0.00850	0.00516	0.00501	0.01244	0.01297	0.22857	0.31538	0.03513	0.30758	0.00984	0.00557	0.00158	0.00288	0.00836	0.00529	0.00547
21	0.06494	0.01250	0.01187	0.00968	0.01310	0.22402	0.00774	0.02228	0.01373	0.54612	0.01554	0.01414	0.01023	0.00573	0.00470	0.00145	0.00543	0.00434	0.00496	0.00748
22	0.02189	0.00862	0.01156	0.00887	0.01267	0.00760	0.00732	0.05984	0.01449	0.76354	0.01903	0.01649	0.01198	0.00607	0.00494	0.00152	0.00424	0.00492	0.00603	0.00836
23	0.30881	0.01079	0.01130	0.04346	0.01281	0.05693	0.00798	0.12163	0.03189	0.11528	0.00978	0.01130	0.00755	0.00753	0.04722	0.00197	0.18031	0.00385	0.00345	0.00617
24	0.02649	0.00705	0.00805	0.00717	0.00945	0.00687	0.00558	0.01547	0.19252	0.17605	0.17873	0.03162	0.29680	0.00921	0.00539	0.00161	0.00315	0.00773	0.00511	0.00596
25	0.00635	0.00474	0.00591	0.00618	0.00711	0.00429	0.00442	0.00790	0.01166	0.01568	0.35102	0.33295	0.19867	0.01255	0.00598	0.00174	0.00255	0.01110	0.00491	0.00429
26	0.00917	0.00660	0.00797	0.00791	0.00914	0.02647	0.02087	0.09961	0.03728	0.06203	0.03556	0.52024	0.05836	0.04740	0.00672	0.00197	0.00362	0.02953	0.00456	0.00497
27	0.00648	0.00501	0.00588	0.00571	0.00706	0.00445	0.00429	0.00827	0.01250	0.01652	0.42820	0.04179	0.37627	0.02835	0.00623	0.00168	0.00250	0.02946	0.00496	0.00438
28	0.01169	0.01286	0.02638	0.01914	0.02379	0.01240	0.66587	0.01726	0.12527	0.01645	0.01142	0.01400	0.00856	0.00451	0.00568	0.00166	0.00764	0.00576	0.00285	0.00680
29	0.01467	0.34940	0.07151	0.01070	0.01460	0.16467	0.04179	0.16627	0.07164	0.01661	0.01026	0.01098	0.02685	0.00511	0.00415	0.00129	0.00605	0.00369	0.00303	0.00673
30	0.01810	0.06878	0.01467	0.01196	0.01484	0.55417	0.00931	0.15549	0.01517	0.05823	0.00891	0.00981	0.00701	0.00531	0.00478	0.00133	0.02917	0.00348	0.00312	0.00635
31	0.01051	0.00872	0.01022	0.00732	0.01167	0.00657	0.00586	0.01269	0.01030	0.03723	0.00902	0.01037	0.00741	0.00371	0.00367	0.00075	0.00365	0.00297	0.00300	0.83436
32	0.00836	0.00714	0.01102	0.01436	0.25898	0.00687	0.02906	0.01029	0.01104	0.01514	0.16720	0.27888	0.09831	0.03264	0.00621	0.00178	0.00391	0.02947	0.00394	0.00539
33	0.08358	0.00711	0.00907	0.00814	0.00945	0.00820	0.00645	0.01237	0.00910	0.12006	0.01266	0.01687	0.01085	0.08091	0.24304	0.00369	0.17812	0.00478	0.15480	0.02075
34	0.01759	0.02122	0.01365	0.01224	0.01479	0.66530	0.00929	0.07106	0.06384	0.01397	0.00881	0.00991	0.00715	0.00533	0.00480	0.00133	0.03051	0.00346	0.01976	0.00598
35	0.00597	0.00435	0.00563	0.00665	0.00708	0.00401	0.00448	0.00686	0.00959	0.01262	0.02937	0.74586	0.10926	0.01510	0.00623	0.00196	0.00281	0.01361	0.00456	0.00401
36	0.02983	0.07813	0.19553	0.01184	0.02917	0.09772	0.02553	0.23109	0.11591	0.06876	0.01141	0.01190	0.00843	0.00542	0.00493	0.00146	0.02831	0.00409	0.00361	0.03693
37	0.01389	0.00979	0.01390	0.20298	0.05161	0.02418	0.06833	0.10999	0.07372	0.20263	0.03754	0.03992	0.04814	0.00658	0.00585	0.00163	0.05757	0.02101	0.00402	0.00672
38	0.00596	0.00438	0.00560	0.00657	0.00706	0.00401	0.00444	0.00687	0.00967	0.01265	0.03043	0.70980	0.14463	0.01496	0.00620	0.00195	0.00280	0.01344	0.00456	0.00401
39	0.05030	0.05161	0.07291	0.15297	0.01712	0.05978	0.03546	0.15999	0.10953	0.04024	0.04027	0.03057	0.06818	0.00680	0.00585	0.02264	0.04955	0.01629	0.00357	0.00635
40	0.03783	0.01367	0.01191	0.01073	0.03434	0.23308	0.00809	0.16872	0.19521	0.06439	0.05270	0.01722	0.02634	0.06177	0.02044	0.00183	0.00578	0.02530	0.00406	0.00659
41	0.00609	0.00438	0.00579	0.00684	0.00723	0.00408	0.00466	0.00706	0.00971	0.01292	0.05683	0.74180	0.05707	0.01503	0.00626	0.00198	0.00288	0.04077	0.00459	0.00404
42	0.00639	0.00501	0.00580	0.00572	0.00711	0.00442	0.00432	0.00813	0.01232	0.01606	0.36564	0.06229	0.42296	0.01154	0.00586	0.00165	0.00251	0.04296	0.00492	0.00437
43	0.25800	0.03791	0.01251	0.01007	0.01337	0.21637	0.00810	0.30231	0.03069	0.05291	0.00963	0.01017	0.00720	0.00528	0.00421	0.00143	0.00575	0.00359	0.00374	0.00675
44	0.00966	0.00900	0.01377	0.01244	0.04677	0.06497	0.20264	0.02822	0.01112	0.01441	0.03922	0.12139	0.01953	0.10062	0.02986	0.00237	0.00587	0.25942	0.00359	0.00513
45	0.00808	0.00583	0.00720	0.00669	0.00812	0.00574	0.00507	0.01199	0.12091	0.03491	0.63504	0.03291	0.03976	0.00930	0.00556	0.00154	0.00257	0.00815	0.04549	0.00514
46	0.01157	0.01107	0.01888	0.19150	0.63993	0.01152	0.01479	0.01456	0.01091	0.01534	0.00914	0.01236	0.00753	0.00449	0.00487	0.00150	0.00598	0.00438	0.00238	0.00731
47	0.07133	0.00687	0.00807	0.00706	0.00926	0.00644	0.00551	0.07749	0.01309	0.10281	0.31623	0.09545	0.11537	0.00891	0.00524	0.00151	0.00319	0.03075	0.00476	0.11066

[dist]
# distance from previous block
# <min> <max>
2	13

[block]
# block no. 3 follows, 51 sequences, length 38
# corresponding to MSA columns:
# 402-422,424-440
name=unknown_D
#
# <colnr> <probs for GDERKNQSTAVLIFYWHMCP>
#	G	D	E	R	K	N	Q	S	T	A	V	L	I	F	Y	W	H	M	C	P
0	0.01386	0.01451	0.01790	0.05639	0.51851	0.20649	0.01328	0.05450	0.01232	0.01559	0.00889	0.01135	0.00738	0.00474	0.00501	0.00144	0.02406	0.00408	0.00257	0.00716
1	0.09304	0.10490	0.22030	0.01409	0.04226	0.01272	0.21583	0.09807	0.04345	0.07780	0.01026	0.01167	0.00757	0.00486	0.00494	0.00153	0.02238	0.00431	0.00302	0.00701
2	0.08637	0.00808	0.00823	0.00766	0.03279	0.04041	0.00573	0.15347	0.01233	0.01979	0.01326	0.01588	0.01066	0.04809	0.00567	0.00150	0.05513	0.00443	0.46507	0.00545
3	0.07224	0.01070	0.00977	0.00874	0.01096	0.16338	0.02996	0.08203	0.11433	0.04523	0.11179	0.09952	0.18284	0.02978	0.00567	0.00165	0.00458	0.00701	0.00420	0.00562
4	0.01043	0.23547	0.06708	0.00945	0.03520	0.01083	0.02305	0.06721	0.05442	0.02791	0.06812	0.11553	0.09349	0.00876	0.00509	0.00161	0.00452	0.15233	0.00373	0.00576
5	0.00742	0.00537	0.00659	0.00625	0.00761	0.00496	0.00469	0.02859	0.02744	0.03771	0.53670	0.09232	0.19460	0.01064	0.00577	0.00160	0.00254	0.00927	0.00518	0.00474
6	0.00631	0.00503	0.00564	0.00577	0.00716	0.00443	0.00440	0.00778	0.01138	0.01425	0.15779	0.08161	0.51857	0.04524	0.00673	0.00186	0.00283	0.10439	0.00462	0.00422
7	0.01276	0.23263	0.24763	0.02597	0.06196	0.05156	0.02567	0.03072	0.10476	0.08626	0.01123	0.02731	0.00886	0.00523	0.00438	0.00140	0.00576	0.01506	0.00301	0.03783
8	0.01311	0.04931	0.01082	0.00862	0.01124	0.07251	0.00686	0.14861	0.16180	0.12658	0.21535	0.02388	0.11511	0.00776	0.00514	0.00152	0.00409	0.00637	0.00485	0.00649
9	0.00616	0.00449	0.00581	0.00655	0.00713	0.00413	0.00451	0.00734	0.01046	0.01403	0.18172	0.60010	0.10125	0.01408	0.00614	0.00188	0.00271	0.01265	0.00473	0.00413
10	0.01308	0.01088	0.01395	0.11206	0.11864	0.01214	0.03859	0.19456	0.29862	0.03180	0.05496	0.01594	0.01254	0.00608	0.00527	0.00158	0.02524	0.00512	0.02164	0.00730
11	0.01151	0.43152	0.41024	0.01118	0.01690	0.01547	0.01324	0.01514	0.01018	0.01354	0.00782	0.00912	0.00627	0.00443	0.00390	0.00130	0.00625	0.00312	0.00209	0.00678
12	0.00606	0.00433	0.00578	0.00692	0.00724	0.00405	0.00468	0.00696	0.00948	0.01262	0.02705	0.79621	0.03235	0.01533	0.00629	0.00201	0.00291	0.04116	0.00456	0.00401
13	0.00736	0.00474	0.00578	0.00596	0.00609	0.00472	0.00374	0.00730	0.00757	0.01005	0.01614	0.08178	0.01834	0.57455	0.02122	0.13556	0.00454	0.07841	0.00309	0.00306
14	0.00721	0.00591	0.00841	0.00961	0.09241	0.00553	0.04210	0.02506	0.01072	0.01414	0.08272	0.44804	0.20443	0.01243	0.00593	0.00180	0.00336	0.01117	0.00430	0.00470
15	0.02655	0.03256	0.18579	0.01275	0.06577	0.15484	0.01112	0.28188	0.08507	0.03552	0.01134	0.02451	0.00861	0.00555	0.00469	0.00146	0.00612	0.00423	0.03437	0.00727
16	0.02894	0.42706	0.08679	0.00916	0.01304	0.03055	0.00878	0.15986	0.01327	0.03675	0.12947	0.01352	0.01299	0.00554	0.00409	0.00128	0.00502	0.00409	0.00327	0.00654
17	0.00601	0.00434	0.00569	0.00671	0.00711	0.00402	0.00451	0.00693	0.00966	0.01282	0.05341	0.75157	0.07897	0.01504	0.00623	0.00196	0.00281	0.01359	0.00459	0.00402
18	0.00617	0.00441	0.00591	0.00705	0.00742	0.00415	0.00488	0.00716	0.00959	0.01275	0.02699	0.75166	0.03211	0.01522	0.00632	0.00202	0.00301	0.08460	0.00456	0.00404
19	0.00960	0.00879	0.01170	0.09177	0.04673	0.00943	0.00821	0.01144	0.00960	0.01406	0.03946	0.03632	0.10631	0.00693	0.00811	0.00147	0.25706	0.00495	0.00291	0.31515
20	0.03681	0.00899	0.01041	0.00762	0.01184	0.00726	0.00613	0.04480	0.03504	0.08114	0.01002	0.01098	0.00790	0.00405	0.00382	0.00088	0.00377	0.00321	0.00332	0.70199
21	0.06071	0.19983	0.05223	0.01290	0.07525	0.17717	0.07285	0.08414	0.03779	0.01509	0.00878	0.01127	0.00753	0.04589	0.00690	0.00162	0.11721	0.00389	0.00270	0.00625
22	0.00923	0.00907	0.04570	0.36274	0.06323	0.02638	0.06198	0.01220	0.04342	0.01288	0.02681	0.03769	0.01109	0.16289	0.08096	0.00278	0.01768	0.00539	0.00265	0.00523
23	0.01197	0.01148	0.01959	0.08349	0.74484	0.01162	0.01498	0.01491	0.01110	0.01582	0.00921	0.01223	0.00770	0.00441	0.00487	0.00147	0.00589	0.00438	0.00242	0.00763
24	0.00599	0.00428	0.00570	0.00684	0.00713	0.00399	0.00456	0.00684	0.00941	0.01254	0.02709	0.82409	0.03250	0.01540	0.00627	0.00200	0.00285	0.01397	0.00456	0.00399
25	0.00830	0.00662	0.00982	0.15795	0.11972	0.00693	0.00784	0.01043	0.03029	0.03693	0.08262	0.27967	0.07603	0.05628	0.08575	0.00250	0.00505	0.00853	0.00369	0.00505
26	0.01418	0.01154	0.03113	0.02841	0.23248	0.01161	0.02520	0.21209	0.16794	0.08227	0.01300	0.02467	0.00993	0.00543	0.00480	0.00144	0.00499	0.00464	0.00394	0.11034
27	0.00675	0.00477	0.00546	0.00567	0.00607	0.00457	0.00356	0.00723	0.00850	0.01104	0.03847	0.15589	0.16097	0.51245	0.01769	0.00363	0.00401	0.03623	0.00361	0.00343
28	0.01117	0.09146	0.35442	0.01319	0.01803	0.01236	0.11434	0.04551	0.01056	0.03477	0.00886	0.01098	0.00690	0.00589	0.02373	0.00168	0.14284	0.00397	0.00245	0.08689
29	0.04507	0.02873	0.21577	0.01517	0.09251	0.02496	0.20446	0.05353	0.04807	0.01642	0.01367	0.08957	0.01253	0.00683	0.00534	0.00169	0.00622	0.10992	0.00310	0.00644
30	0.01041	0.01072	0.02041	0.38896	0.04794	0.01178	0.32010	0.01381	0.01038	0.01398	0.00918	0.01304	0.00706	0.00493	0.00622	0.00168	0.07852	0.00494	0.01997	0.00596
31	0.27372	0.10094	0.04052	0.00895	0.03603	0.10295	0.00731	0.04842	0.01079	0.04600	0.00835	0.00948	0.00666	0.00440	0.00367	0.00118	0.00477	0.00304	0.00298	0.27984
32	0.01071	0.00658	0.00804	0.00830	0.03234	0.03786	0.00580	0.02654	0.03502	0.18913	0.02378	0.51279	0.04119	0.02959	0.00619	0.00188	0.00359	0.01057	0.00474	0.00533
33	0.09697	0.49281	0.01981	0.00888	0.01254	0.05415	0.00813	0.12502	0.01205	0.04630	0.00974	0.02425	0.02467	0.00527	0.00403	0.00127	0.02502	0.01977	0.00292	0.00641
34	0.02554	0.00917	0.07021	0.03903	0.16293	0.02769	0.05259	0.03586	0.00963	0.03359	0.03076	0.12444	0.01219	0.01068	0.01044	0.29518	0.03657	0.00574	0.00284	0.00492
35	0.00819	0.00694	0.01063	0.01469	0.27808	0.00671	0.00817	0.00990	0.01048	0.01430	0.07092	0.41958	0.08632	0.01101	0.00573	0.00176	0.00384	0.02351	0.00388	0.00536
36	0.01458	0.22826	0.01611	0.01098	0.05007	0.27173	0.02249	0.06837	0.04462	0.06139	0.02472	0.06986	0.04162	0.00601	0.00440	0.00132	0.00599	0.00456	0.00318	0.04973
37	0.01023	0.08141	0.20898	0.03171	0.09038	0.03649	0.01017	0.07035	0.02562	0.03209	0.17386	0.15394	0.03889	0.00787	0.00512	0.00157	0.00486	0.00672	0.00364	0.00608

[dist]
# distance from previous block
# <min> <max>
4	19

[block]
# block no. 4 follows, 51 sequences, length 115
# corresponding to MSA columns:
# 595-622,624-645,652-658,666-669,673-701,713-719,742-759
name=unknown_E
#
# <colnr> <probs for GDERKNQSTAVLIFYWHMCP>
#	G	D	E	R	K	N	Q	S	T	A	V	L	I	F	Y	W	H	M	C	P
0	0.01433	0.01126	0.02826	0.01220	0.07245	0.05244	0.08402	0.14896	0.21878	0.14597	0.01660	0.06256	0.03656	0.03301	0.00570	0.00165	0.00501	0.00562	0.00435	0.04026
1	0.01009	0.00977	0.01707	0.51201	0.17381	0.01114	0.10539	0.01349	0.02622	0.01374	0.00975	0.03923	0.00790	0.00518	0.00531	0.00163	0.02497	0.00488	0.00240	0.00603
2	0.01223	0.10376	0.06617	0.27261	0.24469	0.14008	0.02564	0.03269	0.01136	0.01419	0.02650	0.01192	0.00779	0.00482	0.00465	0.00145	0.00653	0.00407	0.00244	0.00644
3	0.01149	0.01183	0.04545	0.20601	0.37432	0.05992	0.07789	0.03242	0.03888	0.01526	0.01083	0.05027	0.00934	0.00543	0.00505	0.00157	0.00619	0.02840	0.00268	0.00675
4	0.00688	0.00559	0.00774	0.07278	0.02804	0.00539	0.04014	0.00837	0.01027	0.01334	0.06601	0.26791	0.30671	0.01393	0.07059	0.02760	0.00416	0.00977	0.03039	0.00440
5	0.00798	0.00577	0.00755	0.00826	0.00889	0.00564	0.00584	0.00874	0.00999	0.01369	0.02389	0.51735	0.02704	0.04070	0.23273	0.00399	0.00643	0.05617	0.00444	0.00490
6	0.01690	0.00839	0.01093	0.00980	0.05959	0.00796	0.00728	0.11733	0.03924	0.43369	0.05898	0.12570	0.03384	0.00755	0.00512	0.00157	0.00405	0.00638	0.03844	0.00729
7	0.01035	0.00830	0.01094	0.02188	0.01132	0.02141	0.00797	0.01132	0.00966	0.04925	0.04003	0.16301	0.02730	0.04385	0.26777	0.00422	0.25989	0.02236	0.00362	0.00556
8	0.00846	0.00429	0.00636	0.00636	0.00641	0.00426	0.00425	0.00642	0.00654	0.00868	0.00976	0.01590	0.03185	0.01693	0.01881	0.83166	0.00422	0.00445	0.00221	0.00219
9	0.00848	0.00687	0.00975	0.00912	0.00976	0.00851	0.00721	0.00978	0.00817	0.03364	0.01399	0.08284	0.04766	0.03778	0.40756	0.03149	0.25398	0.00590	0.00282	0.00466
10	0.00708	0.00483	0.00563	0.00563	0.00578	0.00489	0.00336	0.00732	0.00738	0.00988	0.01651	0.03131	0.04629	0.70961	0.11067	0.00499	0.00561	0.00706	0.00300	0.00318
11	0.02849	0.02507	0.78446	0.01384	0.02101	0.01140	0.01788	0.01554	0.01033	0.01570	0.00878	0.01032	0.00621	0.00467	0.00463	0.00156	0.00719	0.00361	0.00210	0.00722
12	0.01404	0.55346	0.08553	0.00972	0.01390	0.10398	0.00940	0.10293	0.04101	0.01448	0.00813	0.00903	0.00686	0.00462	0.00369	0.00119	0.00578	0.00308	0.00258	0.00661
13	0.01150	0.01485	0.18502	0.04392	0.12060	0.01162	0.42237	0.01555	0.01135	0.05003	0.03923	0.01349	0.00885	0.00471	0.00561	0.00161	0.02502	0.00517	0.00264	0.00684
14	0.00598	0.00430	0.00568	0.00677	0.00711	0.00400	0.00453	0.00685	0.00948	0.01257	0.02793	0.79505	0.06099	0.01529	0.00626	0.00198	0.00284	0.01384	0.00456	0.00400
15	0.01138	0.01084	0.01835	0.22234	0.58215	0.01146	0.01448	0.01434	0.01077	0.01514	0.00915	0.01245	0.00752	0.00462	0.00509	0.00151	0.02275	0.00438	0.01415	0.00712
16	0.01166	0.27378	0.42104	0.01305	0.05280	0.03631	0.04798	0.04970	0.01103	0.01493	0.00864	0.01055	0.00682	0.00470	0.00429	0.00140	0.00654	0.01556	0.00230	0.00692
17	0.01072	0.00920	0.01525	0.03830	0.01537	0.03125	0.24494	0.01334	0.03185	0.09288	0.03586	0.19381	0.06546	0.00857	0.00689	0.00177	0.10043	0.04157	0.03687	0.00567
18	0.00703	0.00523	0.00773	0.00773	0.00855	0.00605	0.00593	0.00867	0.00785	0.01128	0.01332	0.02016	0.01266	0.08936	0.75583	0.00769	0.01261	0.00539	0.00266	0.00429
19	0.06324	0.04337	0.22305	0.04658	0.01477	0.01070	0.03739	0.09422	0.08541	0.04234	0.01289	0.01691	0.03427	0.15934	0.00936	0.00218	0.07043	0.00490	0.02257	0.00610
20	0.07379	0.01406	0.17644	0.10237	0.07169	0.05333	0.05836	0.08407	0.15494	0.04192	0.01327	0.03126	0.03161	0.00605	0.00539	0.00162	0.04253	0.02723	0.00334	0.00674
21	0.00710	0.00483	0.00578	0.00581	0.00596	0.00497	0.00353	0.00740	0.00732	0.00990	0.01538	0.04850	0.01730	0.67978	0.15195	0.00521	0.00609	0.00700	0.00296	0.00323
22	0.00676	0.00487	0.00609	0.00619	0.00725	0.00440	0.00449	0.00842	0.01203	0.03333	0.39744	0.27177	0.19472	0.01204	0.00592	0.00170	0.00255	0.01061	0.00500	0.00443
23	0.01179	0.02447	0.06180	0.07875	0.11530	0.08921	0.06903	0.08731	0.09212	0.04866	0.03359	0.15576	0.02563	0.00772	0.00525	0.00164	0.00535	0.05772	0.02264	0.00626
24	0.01945	0.01459	0.01266	0.01057	0.01378	0.30445	0.00838	0.13408	0.01515	0.35465	0.01397	0.01428	0.00992	0.00653	0.02131	0.00157	0.00629	0.02671	0.00448	0.00718
25	0.00603	0.00441	0.00567	0.00658	0.00708	0.00405	0.00447	0.00703	0.00991	0.01310	0.07988	0.68171	0.12260	0.01470	0.00619	0.00193	0.00277	0.01322	0.00462	0.00405
26	0.03945	0.13367	0.05340	0.01266	0.01647	0.20642	0.14631	0.22447	0.01501	0.05451	0.01044	0.01277	0.00829	0.00540	0.00472	0.00144	0.00668	0.03774	0.00336	0.00680
27	0.04104	0.03510	0.01480	0.01343	0.11238	0.02339	0.10420	0.10877	0.28441	0.10400	0.05379	0.01779	0.03130	0.00624	0.00505	0.00158	0.00491	0.02626	0.00428	0.00729
28	0.07624	0.00622	0.00703	0.00642	0.00816	0.00595	0.00482	0.04997	0.02537	0.10676	0.24496	0.07388	0.24857	0.10497	0.00769	0.00197	0.00320	0.00815	0.00470	0.00500
29	0.03068	0.00771	0.00973	0.00806	0.01093	0.00710	0.00639	0.07490	0.03632	0.46721	0.02348	0.13389	0.11547	0.03734	0.00592	0.00172	0.00387	0.00692	0.00539	0.00695
30	0.01345	0.01279	0.01959	0.04206	0.12862	0.05582	0.23485	0.17186	0.01299	0.03587	0.00939	0.01201	0.00745	0.00579	0.00799	0.00169	0.21330	0.00473	0.00297	0.00678
31	0.05787	0.54386	0.05750	0.00943	0.02749	0.04504	0.00874	0.01717	0.16351	0.01418	0.00959	0.01018	0.00799	0.00476	0.00366	0.00124	0.00514	0.00331	0.00274	0.00660
32	0.24028	0.03381	0.01102	0.00917	0.01223	0.03079	0.00734	0.13220	0.39291	0.04617	0.02626	0.01433	0.01139	0.00592	0.00441	0.00157	0.00423	0.00451	0.00437	0.00709
33	0.00823	0.00745	0.01286	0.01080	0.04020	0.00691	0.21289	0.01091	0.01280	0.01762	0.45356	0.04266	0.12524	0.00863	0.00577	0.00159	0.00408	0.00815	0.00440	0.00521
34	0.01153	0.43665	0.40529	0.01115	0.01685	0.01552	0.01318	0.01513	0.01018	0.01352	0.00780	0.00910	0.00627	0.00443	0.00389	0.00130	0.00624	0.00312	0.00209	0.00677
35	0.01512	0.01039	0.01222	0.02884	0.03309	0.09136	0.04253	0.06353	0.10147	0.27348	0.05476	0.06022	0.05599	0.00726	0.00608	0.00160	0.07616	0.02813	0.00450	0.03327
36	0.01750	0.02084	0.01376	0.01281	0.04381	0.65650	0.00937	0.05206	0.01372	0.03740	0.00853	0.01047	0.00718	0.04220	0.00579	0.00148	0.03445	0.00354	0.00275	0.00584
37	0.01094	0.01043	0.01773	0.36384	0.47253	0.01135	0.01447	0.01401	0.01061	0.01457	0.00903	0.01256	0.00726	0.00461	0.00489	0.00154	0.00614	0.00437	0.00233	0.00680
38	0.06843	0.03013	0.43750	0.01178	0.03077	0.09493	0.01293	0.01451	0.03500	0.01527	0.01537	0.06092	0.09632	0.00670	0.00486	0.00159	0.00612	0.04773	0.00284	0.00630
39	0.01213	0.01079	0.01817	0.04782	0.53997	0.01074	0.07674	0.03761	0.02382	0.06119	0.04898	0.04125	0.03762	0.00545	0.00507	0.00152	0.00555	0.00528	0.00303	0.00727
40	0.03410	0.00876	0.01128	0.00878	0.01231	0.00810	0.00720	0.12487	0.01518	0.59999	0.10016	0.01803	0.01515	0.00645	0.00500	0.00152	0.00414	0.00525	0.00580	0.00792
41	0.00610	0.00499	0.00539	0.00529	0.00682	0.00427	0.00397	0.00763	0.01190	0.01494	0.24215	0.04456	0.60124	0.01183	0.00580	0.00163	0.00245	0.00999	0.00478	0.00427
42	0.07842	0.01021	0.01147	0.00948	0.01236	0.03409	0.04093	0.25749	0.14138	0.08753	0.13743	0.03251	0.07318	0.00850	0.04114	0.00184	0.00478	0.00585	0.00465	0.00675
43	0.01463	0.00844	0.01005	0.00834	0.01096	0.02095	0.00669	0.15159	0.06269	0.27371	0.17592	0.02217	0.07613	0.00874	0.04055	0.00181	0.02954	0.00603	0.06439	0.00669
44	0.02387	0.00670	0.00876	0.00866	0.01053	0.00655	0.00722	0.04248	0.05399	0.18926	0.04805	0.11971	0.04426	0.01117	0.00605	0.00196	0.00414	0.39607	0.00492	0.00564
45	0.01547	0.01113	0.01182	0.01014	0.02875	0.07976	0.00786	0.27584	0.13422	0.15337	0.01447	0.01585	0.01108	0.05850	0.12025	0.00259	0.00624	0.00486	0.03077	0.00703
46	0.02281	0.17532	0.05048	0.07157	0.34090	0.04236	0.07306	0.01483	0.03467	0.01462	0.00937	0.01198	0.00784	0.00662	0.05406	0.00181	0.02911	0.00414	0.02770	0.00674
47	0.00599	0.00428	0.00570	0.00684	0.00713	0.00399	0.00456	0.00684	0.00941	0.01254	0.02709	0.82409	0.03250	0.01540	0.00627	0.00200	0.00285	0.01397	0.00456	0.00399
48	0.00614	0.00436	0.00575	0.00680	0.00709	0.00410	0.00455	0.00697	0.00930	0.01239	0.02618	0.73993	0.03127	0.07613	0.00769	0.00221	0.00305	0.03771	0.00444	0.00393
49	0.01330	0.00860	0.01019	0.02172	0.03934	0.00864	0.00722	0.19668	0.07760	0.18105	0.02688	0.02947	0.24269	0.00885	0.00543	0.00166	0.00409	0.10518	0.00488	0.00651
50	0.31858	0.03287	0.07571	0.01002	0.05922	0.03539	0.00815	0.07063	0.01036	0.05104	0.02463	0.01425	0.00933	0.03595	0.09458	0.00239	0.08187	0.03713	0.02211	0.00579
51	0.04371	0.01606	0.01258	0.03348	0.01384	0.41080	0.00869	0.03509	0.01276	0.14065	0.05153	0.01322	0.02772	0.00618	0.00622	0.00148	0.12228	0.00417	0.03356	0.00599
52	0.02491	0.00936	0.01089	0.00801	0.01216	0.00793	0.00648	0.12620	0.01260	0.11300	0.02667	0.01173	0.00881	0.00441	0.00402	0.00096	0.00394	0.00350	0.00364	0.60078
53	0.00986	0.02542	0.80183	0.01401	0.02127	0.01141	0.01816	0.01556	0.01038	0.01556	0.00882	0.01038	0.00623	0.00467	0.00467	0.00156	0.00726	0.00363	0.00208	0.00726
54	0.01094	0.01147	0.02284	0.09867	0.22488	0.01121	0.42571	0.01434	0.01109	0.01518	0.01143	0.09732	0.01006	0.00545	0.00552	0.00164	0.00692	0.00614	0.00266	0.00654
55	0.00984	0.02500	0.78183	0.03437	0.02159	0.01140	0.01804	0.01549	0.01036	0.01549	0.00882	0.01044	0.00623	0.00468	0.00468	0.00156	0.00724	0.00365	0.00208	0.00722
56	0.01262	0.05635	0.06881	0.04295	0.15437	0.02607	0.28499	0.01603	0.03845	0.09248	0.01019	0.01261	0.00789	0.00531	0.00706	0.00165	0.14775	0.00481	0.00281	0.00679
57	0.01006	0.00959	0.01165	0.02445	0.20714	0.12189	0.02465	0.01207	0.01136	0.01447	0.09297	0.12291	0.06482	0.03947	0.04142	0.00210	0.00544	0.17450	0.00360	0.00543
58	0.00598	0.00431	0.00566	0.00674	0.00710	0.00400	0.00452	0.00685	0.00950	0.01258	0.02829	0.78297	0.07284	0.01524	0.00625	0.00198	0.00283	0.01378	0.00456	0.00400
59	0.00599	0.00428	0.00570	0.00684	0.00713	0.00399	0.00456	0.00684	0.00941	0.01254	0.02709	0.82409	0.03250	0.01540	0.00627	0.00200	0.00285	0.01397	0.00456	0.00399
60	0.01353	0.04367	0.13717	0.05724	0.11945	0.01234	0.05095	0.17354	0.23177	0.07201	0.01368	0.03049	0.01035	0.00572	0.00491	0.00156	0.00540	0.00485	0.00387	0.00754
61	0.01031	0.00935	0.00962	0.00924	0.01068	0.14640	0.03080	0.04428	0.02344	0.03841	0.04760	0.18228	0.06738	0.06606	0.06963	0.00248	0.04877	0.17447	0.00385	0.00494
62	0.00651	0.00467	0.00573	0.00630	0.00717	0.00419	0.00441	0.00762	0.01043	0.03773	0.09361	0.50983	0.25619	0.01382	0.00606	0.00185	0.00274	0.01224	0.00468	0.00422
63	0.00663	0.00501	0.00612	0.00584	0.00714	0.00450	0.00438	0.00865	0.01315	0.01790	0.58441	0.03969	0.25713	0.01072	0.00580	0.00158	0.00237	0.00931	0.00517	0.00450
64	0.01836	0.02342	0.01393	0.01266	0.01519	0.80756	0.00950	0.01962	0.01393	0.01203	0.00760	0.00886	0.00633	0.00506	0.00443	0.00127	0.00886	0.00317	0.00253	0.00570
65	0.01216	0.01168	0.01995	0.03016	0.79664	0.01168	0.01508	0.01508	0.01119	0.01605	0.00924	0.01216	0.00778	0.00438	0.00487	0.00146	0.00584	0.00438	0.00243	0.00778
66	0.00610	0.00458	0.00558	0.00626	0.00699	0.00416	0.00435	0.00713	0.01004	0.01294	0.06346	0.49857	0.25319	0.05941	0.00718	0.00204	0.00289	0.03659	0.00451	0.00402
67	0.86201	0.00950	0.00722	0.00646	0.00950	0.01102	0.00532	0.01445	0.00836	0.02205	0.00684	0.00798	0.00532	0.00456	0.00304	0.00152	0.00380	0.00266	0.00304	0.00532
68	0.01314	0.83025	0.02575	0.00841	0.01261	0.01945	0.00841	0.01472	0.00999	0.01156	0.00683	0.00788	0.00631	0.00420	0.00315	0.00105	0.00526	0.00263	0.00210	0.00631
69	0.01019	0.00873	0.01019	0.00728	0.01165	0.00655	0.00582	0.01237	0.01019	0.01601	0.00873	0.01019	0.00728	0.00364	0.00364	0.00073	0.00364	0.00291	0.00291	0.85734
70	0.06584	0.04133	0.01417	0.01160	0.04834	0.07158	0.06310	0.35361	0.09513	0.04796	0.02673	0.05235	0.04847	0.00733	0.02870	0.00170	0.00551	0.00522	0.00420	0.00712
71	0.04463	0.01165	0.01761	0.09207	0.08057	0.04489	0.21906	0.16228	0.02369	0.12824	0.03684	0.02743	0.00984	0.00545	0.00546	0.00154	0.03494	0.00500	0.00361	0.04521
72	0.01200	0.01124	0.01849	0.06268	0.66043	0.01136	0.01394	0.04107	0.03273	0.01666	0.03892	0.01322	0.00937	0.00471	0.00487	0.00145	0.00560	0.00453	0.00270	0.03401
73	0.00668	0.00501	0.00619	0.00590	0.00717	0.00452	0.00442	0.00875	0.01327	0.01818	0.61742	0.03922	0.22394	0.01062	0.00580	0.00157	0.00236	0.00924	0.00521	0.00452
74	0.10517	0.00815	0.01039	0.00820	0.01161	0.00741	0.00672	0.03373	0.01356	0.60991	0.09836	0.01852	0.03302	0.00648	0.00486	0.00153	0.00393	0.00523	0.00565	0.00757
75	0.01834	0.01352	0.01417	0.01100	0.01474	0.04997	0.00903	0.67099	0.02180	0.07164	0.04626	0.01303	0.01014	0.00605	0.00493	0.00147	0.00536	0.00459	0.00489	0.00808
76	0.01194	0.01137	0.01929	0.02905	0.76106	0.01137	0.01454	0.01473	0.01101	0.01576	0.00952	0.01306	0.00824	0.04138	0.00577	0.00161	0.00579	0.00450	0.00246	0.00757
77	0.01647	0.00773	0.01001	0.00820	0.01112	0.00718	0.00657	0.02013	0.11975	0.47469	0.23672	0.02255	0.02214	0.00727	0.00519	0.00155	0.00362	0.00613	0.00575	0.00724
78	0.00677	0.00539	0.00680	0.00669	0.00801	0.00498	0.02961	0.00901	0.05209	0.01543	0.25321	0.23874	0.29768	0.01197	0.00591	0.00173	0.00286	0.03381	0.00476	0.00453
79	0.00818	0.00639	0.00864	0.00814	0.00877	0.00760	0.00614	0.04350	0.00831	0.01182	0.01267	0.02121	0.01274	0.25396	0.42299	0.00580	0.14043	0.00560	0.00275	0.00433
80	0.01122	0.00887	0.01012	0.00879	0.01009	0.06597	0.03551	0.08059	0.01093	0.01700	0.01202	0.01467	0.00978	0.00648	0.00744	0.00150	0.24203	0.00443	0.43726	0.00530
81	0.00599	0.00432	0.00568	0.00674	0.00711	0.00401	0.00452	0.00689	0.00957	0.01269	0.03984	0.77282	0.07133	0.01517	0.00624	0.00197	0.00282	0.01371	0.00457	0.00401
82	0.05163	0.01225	0.01166	0.03867	0.01355	0.14580	0.03176	0.12276	0.34935	0.01934	0.01725	0.04068	0.05897	0.00661	0.00482	0.00154	0.00495	0.00531	0.05636	0.00675
83	0.01158	0.08261	0.14384	0.05673	0.24907	0.02876	0.30665	0.01525	0.01112	0.01521	0.00956	0.01289	0.00767	0.00456	0.00509	0.00154	0.00701	0.02155	0.00241	0.00692
84	0.00624	0.00455	0.00588	0.00650	0.00715	0.00419	0.00451	0.00754	0.01082	0.01461	0.24364	0.53762	0.10126	0.01365	0.00610	0.00184	0.00267	0.01224	0.00480	0.00419
85	0.00913	0.00533	0.00697	0.00720	0.00826	0.00498	0.00513	0.03873	0.01101	0.13710	0.08246	0.58800	0.02895	0.01294	0.00591	0.00185	0.00310	0.01158	0.02648	0.00490
86	0.01007	0.02269	0.04906	0.13554	0.07185	0.03579	0.06775	0.01209	0.00935	0.04798	0.01204	0.10639	0.01162	0.08324	0.12013	0.00289	0.18749	0.00584	0.00280	0.00540
87	0.01124	0.01505	0.21984	0.11561	0.24856	0.05980	0.07515	0.04229	0.04664	0.01634	0.09108	0.01451	0.01147	0.00529	0.00497	0.00153	0.00621	0.00475	0.00283	0.00684
88	0.01063	0.01059	0.01481	0.01275	0.01276	0.01477	0.01059	0.01170	0.00757	0.01184	0.00698	0.03142	0.00711	0.00877	0.01588	0.00215	0.79758	0.00455	0.00221	0.00534
89	0.01111	0.00990	0.03272	0.00799	0.01221	0.02369	0.00658	0.09350	0.02177	0.01744	0.01016	0.02876	0.01900	0.00435	0.00392	0.00089	0.00400	0.00348	0.00318	0.68533
90	0.01821	0.05976	0.01459	0.01264	0.04235	0.60780	0.02035	0.01968	0.01355	0.12269	0.00929	0.01012	0.00722	0.00517	0.00462	0.00131	0.01799	0.00348	0.00300	0.00618
91	0.00792	0.00566	0.00792	0.00905	0.01018	0.00566	0.00792	0.01018	0.01131	0.01471	0.02602	0.05543	0.02828	0.01358	0.00679	0.00226	0.00453	0.76356	0.00453	0.00453
92	0.01190	0.01021	0.01729	0.02124	0.43327	0.01010	0.13405	0.04177	0.01156	0.04146	0.01137	0.01393	0.00903	0.00477	0.00468	0.00142	0.00532	0.00467	0.20508	0.00688
93	0.24876	0.00867	0.02117	0.00908	0.01156	0.00889	0.10239	0.04769	0.05853	0.02813	0.02705	0.14387	0.06054	0.05193	0.00624	0.00181	0.03320	0.04631	0.03000	0.05419
94	0.00682	0.00502	0.00638	0.00604	0.00726	0.00458	0.00453	0.00900	0.01358	0.01892	0.70341	0.03800	0.13749	0.01034	0.00580	0.00156	0.00234	0.00907	0.00531	0.00458
95	0.00668	0.00506	0.00619	0.00603	0.00734	0.00456	0.00460	0.00867	0.01290	0.01740	0.51299	0.04127	0.27135	0.01103	0.00587	0.00163	0.00253	0.06434	0.00509	0.00448
96	0.00677	0.00498	0.00642	0.00698	0.00772	0.00481	0.00496	0.00900	0.06407	0.01520	0.24180	0.51260	0.03500	0.01321	0.00608	0.00186	0.00285	0.04641	0.00483	0.00446
97	0.05980	0.03794	0.01390	0.15535	0.15405	0.18985	0.01009	0.02844	0.07223	0.12135	0.02345	0.04251	0.03752	0.00592	0.00503	0.00151	0.02651	0.00474	0.00335	0.00645
98	0.00995	0.03914	0.77034	0.01407	0.02122	0.01158	0.03569	0.01555	0.01040	0.01550	0.00881	0.01040	0.00626	0.00465	0.00467	0.00155	0.00725	0.00366	0.00209	0.00723
99	0.00934	0.00653	0.00768	0.00698	0.00884	0.00639	0.00536	0.03609	0.14793	0.09061	0.38461	0.04945	0.20157	0.00961	0.00557	0.00160	0.00290	0.00824	0.00518	0.00552
100	0.00989	0.02517	0.78586	0.01415	0.02136	0.01143	0.03387	0.01557	0.01040	0.01557	0.00884	0.01043	0.00625	0.00466	0.00469	0.00156	0.00728	0.00368	0.00208	0.00725
101	0.01194	0.01146	0.01948	0.07919	0.72663	0.01172	0.01487	0.01483	0.01100	0.01572	0.00913	0.01218	0.00767	0.00453	0.00518	0.00149	0.02860	0.00438	0.00241	0.00757
102	0.00626	0.00451	0.00588	0.00688	0.00733	0.00423	0.00479	0.00725	0.00961	0.01266	0.02783	0.63837	0.08298	0.06266	0.00740	0.00217	0.00313	0.09759	0.00446	0.00400
103	0.00607	0.00441	0.00575	0.00678	0.00722	0.00409	0.00464	0.00704	0.00970	0.01280	0.03923	0.71472	0.09619	0.01500	0.00625	0.00197	0.00289	0.04665	0.00457	0.00404
104	0.00714	0.00477	0.00541	0.00541	0.00543	0.00479	0.00304	0.00718	0.00716	0.00957	0.01544	0.03190	0.01775	0.81140	0.04075	0.00483	0.00493	0.00711	0.00297	0.00301
105	0.00928	0.00873	0.01474	0.81548	0.03385	0.01092	0.01365	0.01256	0.00983	0.01256	0.00873	0.01310	0.00655	0.00491	0.00491	0.00164	0.00655	0.00437	0.00218	0.00546
106	0.01424	0.01416	0.01424	0.02461	0.15403	0.22731	0.03289	0.11966	0.10957	0.02864	0.01067	0.01196	0.00846	0.00609	0.03313	0.00153	0.00625	0.00399	0.00326	0.17531
