[name]
unknown

[dist]
# distance from previous block
# <min> <max>
0	976

[block]
# block no. 0 follows, 48 sequences, length 44
# corresponding to MSA columns:
# 978-997,999-1019,1039-1041
name=unknown_A
#
# <colnr> <probs for GDERKNQSTAVLIFYWHMCP>
#	G	D	E	R	K	N	Q	S	T	A	V	L	I	F	Y	W	H	M	C	P
0	0.01146	0.01481	0.21455	0.07262	0.37880	0.01134	0.01460	0.03708	0.05919	0.01696	0.01346	0.01702	0.04833	0.00583	0.00517	0.00162	0.00606	0.04416	0.01952	0.00741
1	0.03311	0.07152	0.07341	0.07669	0.13489	0.06784	0.19019	0.05566	0.05751	0.04725	0.05164	0.09198	0.01275	0.00633	0.00530	0.00163	0.00629	0.00591	0.00332	0.00679
2	0.01277	0.03025	0.06592	0.21681	0.33948	0.06348	0.02727	0.03779	0.05722	0.05467	0.01075	0.01339	0.00842	0.00621	0.03243	0.00181	0.00666	0.00456	0.00288	0.00722
3	0.00765	0.00554	0.00651	0.00625	0.00780	0.00498	0.00469	0.00988	0.03934	0.05504	0.35745	0.09961	0.35310	0.01163	0.00602	0.00170	0.00269	0.01000	0.00523	0.00488
4	0.00747	0.00571	0.00668	0.00698	0.03317	0.00522	0.00490	0.00973	0.05236	0.03518	0.20214	0.15005	0.39905	0.02725	0.00634	0.00179	0.00289	0.01018	0.02805	0.00484
5	0.01445	0.06419	0.09734	0.06804	0.11728	0.06524	0.21345	0.03374	0.09836	0.14610	0.01254	0.01386	0.00919	0.00527	0.00538	0.00161	0.01814	0.00493	0.00347	0.00743
6	0.01185	0.04464	0.13713	0.23401	0.20383	0.10868	0.07014	0.01503	0.01127	0.01466	0.01013	0.03287	0.00845	0.00577	0.00554	0.02940	0.00683	0.01880	0.02446	0.00652
7	0.00673	0.00480	0.00595	0.00648	0.00692	0.00460	0.00425	0.00754	0.00950	0.01262	0.07545	0.40257	0.10494	0.26675	0.05428	0.00324	0.00409	0.01116	0.00420	0.00392
8	0.01776	0.02277	0.03902	0.01270	0.01533	0.70271	0.00975	0.01925	0.01417	0.01300	0.03745	0.05284	0.00957	0.00603	0.00479	0.00138	0.00862	0.00413	0.00285	0.00587
9	0.03437	0.07204	0.22607	0.05216	0.08907	0.12191	0.02573	0.04231	0.03349	0.10655	0.01347	0.07575	0.02737	0.02774	0.01987	0.00179	0.00644	0.01372	0.00331	0.00684
10	0.01102	0.01899	0.42225	0.09733	0.18029	0.01166	0.03988	0.05491	0.01177	0.01691	0.04103	0.04044	0.00964	0.00555	0.00525	0.00163	0.01677	0.00474	0.00265	0.00729
11	0.00697	0.00562	0.00637	0.00679	0.00768	0.03368	0.00478	0.00811	0.01031	0.01319	0.06615	0.35714	0.24079	0.09055	0.11455	0.00303	0.00470	0.01100	0.00431	0.00427
12	0.82499	0.00989	0.00783	0.03601	0.01085	0.01151	0.00587	0.01501	0.00879	0.02266	0.00722	0.00853	0.00560	0.00478	0.00325	0.00159	0.00407	0.00284	0.00314	0.00556
13	0.08412	0.08594	0.01636	0.04193	0.14923	0.06850	0.01039	0.37172	0.06939	0.03681	0.01128	0.01208	0.00850	0.00558	0.00477	0.00151	0.00574	0.00429	0.00402	0.00784
14	0.01441	0.55087	0.10663	0.03596	0.01534	0.09446	0.01022	0.07734	0.01206	0.02986	0.00818	0.00930	0.00688	0.00474	0.00384	0.00124	0.00611	0.00317	0.00256	0.00682
15	0.00750	0.00512	0.00628	0.00661	0.00744	0.00476	0.00453	0.00883	0.02569	0.05109	0.13208	0.39014	0.15610	0.15786	0.00981	0.00245	0.00328	0.01135	0.00467	0.00439
16	0.01316	0.08570	0.09236	0.01735	0.25933	0.16319	0.01149	0.07918	0.03835	0.01630	0.01395	0.13540	0.03859	0.00698	0.00508	0.00156	0.00609	0.00588	0.00322	0.00684
17	0.06848	0.22069	0.03795	0.06035	0.08528	0.35626	0.02762	0.01805	0.01250	0.05640	0.00867	0.01011	0.00705	0.00498	0.00434	0.00135	0.00723	0.00350	0.00272	0.00648
18	0.00674	0.00512	0.00681	0.00738	0.00805	0.00490	0.01462	0.00785	0.01015	0.01363	0.06794	0.61483	0.09530	0.02610	0.02475	0.00216	0.03279	0.01282	0.00456	0.03350
19	0.10178	0.05406	0.19687	0.03692	0.11067	0.06920	0.04197	0.07354	0.01189	0.03309	0.05821	0.01409	0.03645	0.00622	0.00670	0.00166	0.13238	0.00459	0.00301	0.00671
20	0.04141	0.01398	0.04169	0.15887	0.39130	0.14285	0.03802	0.05351	0.01236	0.01627	0.00994	0.03843	0.00838	0.00525	0.00503	0.00155	0.00668	0.00465	0.00273	0.00710
21	0.01371	0.00786	0.00858	0.00744	0.00987	0.03432	0.00587	0.09117	0.05182	0.21989	0.03708	0.04410	0.16672	0.00797	0.00493	0.00152	0.00365	0.01987	0.25731	0.00631
22	0.01231	0.04836	0.09771	0.10058	0.15184	0.05619	0.01092	0.07397	0.05927	0.07228	0.02680	0.03524	0.02033	0.03270	0.15065	0.00288	0.02317	0.00508	0.00330	0.01643
23	0.01225	0.12086	0.21305	0.04325	0.07877	0.08966	0.09919	0.04145	0.02497	0.03534	0.04518	0.06929	0.01116	0.00705	0.02525	0.00177	0.06675	0.00515	0.00292	0.00669
24	0.00655	0.00482	0.00584	0.00643	0.00710	0.00444	0.00437	0.00753	0.01023	0.01330	0.08461	0.42156	0.20902	0.15764	0.00989	0.00249	0.00325	0.03233	0.00453	0.00408
25	0.00901	0.00999	0.10032	0.06707	0.01413	0.00966	0.05572	0.01134	0.01010	0.01447	0.14619	0.08955	0.03799	0.03726	0.15189	0.00313	0.21691	0.00665	0.00325	0.00537
26	0.01409	0.13579	0.23996	0.02733	0.07422	0.16379	0.11307	0.06709	0.03195	0.05385	0.01074	0.01213	0.02312	0.00516	0.00484	0.00150	0.00715	0.00423	0.00287	0.00713
27	0.01240	0.08753	0.22276	0.07011	0.15794	0.05382	0.09756	0.08468	0.01209	0.01656	0.00960	0.01217	0.00763	0.00705	0.04909	0.00196	0.07178	0.00436	0.01389	0.00706
28	0.00744	0.00511	0.00707	0.04932	0.00921	0.00524	0.00551	0.00858	0.00935	0.03398	0.02170	0.45110	0.02432	0.09180	0.18439	0.03144	0.00581	0.01047	0.03382	0.00433
29	0.01146	0.03159	0.08152	0.04349	0.19365	0.04864	0.10743	0.05588	0.06207	0.03673	0.08769	0.12511	0.05296	0.03134	0.00609	0.00176	0.00555	0.00685	0.00363	0.00658
30	0.02538	0.09578	0.11747	0.06280	0.08688	0.09038	0.06827	0.05151	0.08591	0.14098	0.02462	0.06100	0.02786	0.00693	0.02108	0.00171	0.01541	0.00526	0.00367	0.00707
31	0.02754	0.09015	0.21585	0.11962	0.16733	0.03015	0.11508	0.03456	0.01132	0.01578	0.01156	0.01393	0.04826	0.00545	0.00562	0.00160	0.05106	0.00467	0.02361	0.00687
32	0.00993	0.00900	0.01451	0.13460	0.38832	0.00916	0.01137	0.01239	0.01135	0.01555	0.08008	0.17530	0.09078	0.00819	0.00555	0.00169	0.00496	0.00751	0.00340	0.00637
33	0.06735	0.12517	0.18271	0.04092	0.07698	0.19133	0.04787	0.07719	0.02946	0.05373	0.01196	0.01307	0.04972	0.00552	0.00469	0.00148	0.00671	0.00423	0.00304	0.00688
34	0.03751	0.08664	0.12945	0.11097	0.09639	0.07958	0.10723	0.04839	0.02771	0.10443	0.02939	0.05865	0.01037	0.00602	0.00561	0.00161	0.04485	0.00509	0.00324	0.00688
35	0.00660	0.00520	0.00604	0.00647	0.00759	0.00479	0.00462	0.00850	0.05133	0.01431	0.08560	0.38028	0.35302	0.01446	0.02480	0.00203	0.00309	0.01198	0.00480	0.00450
36	0.01154	0.01980	0.46756	0.03240	0.12712	0.01130	0.06396	0.05196	0.01184	0.05940	0.02813	0.05280	0.00969	0.00635	0.02230	0.00178	0.00695	0.00487	0.00284	0.00740
37	0.04362	0.02994	0.12957	0.06278	0.23446	0.07807	0.14113	0.09275	0.01327	0.10893	0.01092	0.01268	0.00812	0.00504	0.00510	0.00157	0.00671	0.00458	0.00321	0.00754
38	0.01483	0.01338	0.07661	0.08345	0.09801	0.05191	0.07761	0.26919	0.08246	0.06254	0.01333	0.05028	0.01041	0.00612	0.00513	0.00159	0.00584	0.00520	0.06465	0.00747
39	0.00624	0.00451	0.00591	0.00702	0.00741	0.00418	0.00471	0.00716	0.00994	0.01315	0.02979	0.76735	0.08194	0.01588	0.00652	0.00206	0.00295	0.01435	0.00476	0.00418
40	0.01627	0.16689	0.03908	0.01110	0.01458	0.17763	0.00935	0.25935	0.11727	0.04562	0.01302	0.03569	0.02968	0.00629	0.00519	0.00149	0.03574	0.00458	0.00390	0.00728
41	0.00934	0.00692	0.00806	0.00801	0.00947	0.04610	0.00614	0.04858	0.01211	0.06533	0.13465	0.26810	0.10221	0.01503	0.09188	0.00255	0.00486	0.12360	0.00462	0.03245
42	0.03522	0.01323	0.13458	0.01157	0.06115	0.06869	0.00986	0.10025	0.03979	0.32810	0.10148	0.01694	0.01436	0.00628	0.00508	0.00154	0.00522	0.00507	0.00476	0.03682
43	0.01765	0.17874	0.05147	0.01175	0.01557	0.23146	0.01004	0.36240	0.01778	0.02167	0.00981	0.01057	0.00757	0.00558	0.00491	0.00141	0.02671	0.00385	0.00366	0.00741

[dist]
# distance from previous block
# <min> <max>
1	5

[block]
# block no. 1 follows, 48 sequences, length 43
# corresponding to MSA columns:
# 1048-1090
name=unknown_B
#
# <colnr> <probs for GDERKNQSTAVLIFYWHMCP>
#	G	D	E	R	K	N	Q	S	T	A	V	L	I	F	Y	W	H	M	C	P
0	0.01094	0.04638	0.14477	0.00899	0.01354	0.00845	0.00850	0.05034	0.01174	0.03645	0.06760	0.03407	0.02852	0.00541	0.00442	0.00113	0.00450	0.02218	0.00335	0.48872
1	0.01681	0.01322	0.01394	0.01107	0.01473	0.05357	0.02270	0.48921	0.13438	0.02697	0.01338	0.01367	0.00991	0.00693	0.02745	0.00168	0.00557	0.00467	0.04936	0.07078
2	0.01230	0.01193	0.05460	0.04968	0.42212	0.02994	0.03717	0.09495	0.03685	0.01804	0.01502	0.04387	0.06960	0.00627	0.00521	0.00159	0.00563	0.02933	0.04863	0.00728
3	0.00670	0.00511	0.00610	0.00612	0.00729	0.00465	0.00444	0.00828	0.01198	0.01582	0.31160	0.14835	0.31583	0.07232	0.05020	0.00232	0.00336	0.01025	0.00486	0.00442
4	0.14052	0.01217	0.03596	0.04601	0.36923	0.01230	0.07367	0.13013	0.03805	0.05466	0.01072	0.01305	0.00846	0.02678	0.00545	0.00166	0.00580	0.00455	0.00329	0.00754
5	0.01779	0.03669	0.04419	0.01347	0.12555	0.04916	0.03333	0.17134	0.04741	0.31688	0.05419	0.01682	0.03695	0.00627	0.00515	0.00156	0.00524	0.00519	0.00484	0.00798
6	0.01784	0.00822	0.01067	0.00865	0.01181	0.00761	0.00697	0.03814	0.09721	0.49593	0.21385	0.02281	0.02198	0.00746	0.00539	0.00161	0.00387	0.00626	0.00602	0.00768
7	0.00730	0.00538	0.00655	0.00692	0.02827	0.00486	0.00486	0.00883	0.01184	0.03906	0.22730	0.18627	0.32257	0.07338	0.00766	0.00203	0.00305	0.04442	0.00485	0.00459
8	0.01233	0.04270	0.30471	0.06523	0.21489	0.01212	0.18082	0.01662	0.01157	0.07499	0.01034	0.01254	0.00768	0.00479	0.00517	0.00161	0.00709	0.00460	0.00268	0.00752
9	0.08476	0.11965	0.10620	0.01346	0.11473	0.15621	0.02781	0.11252	0.05771	0.03784	0.01204	0.01395	0.02741	0.00567	0.00459	0.00147	0.00603	0.02410	0.06697	0.00688
10	0.01276	0.00831	0.02818	0.00962	0.02649	0.00761	0.08212	0.06025	0.05543	0.20343	0.29198	0.05078	0.06438	0.00819	0.00554	0.00161	0.00399	0.00723	0.06566	0.00645
11	0.03583	0.10320	0.37201	0.06915	0.04653	0.05961	0.13335	0.05291	0.02739	0.01645	0.01058	0.01240	0.02788	0.00509	0.00491	0.00157	0.00713	0.00433	0.00259	0.00709
12	0.03327	0.11230	0.03943	0.07560	0.10735	0.10848	0.11529	0.09712	0.02904	0.01648	0.02519	0.05467	0.02671	0.00726	0.02014	0.04305	0.04699	0.00511	0.03016	0.00638
13	0.01156	0.02872	0.01024	0.02863	0.02991	0.09902	0.03089	0.03192	0.08965	0.11096	0.16996	0.04998	0.24973	0.00910	0.00552	0.00162	0.00422	0.00763	0.02485	0.00590
14	0.02745	0.01017	0.01045	0.02492	0.04226	0.09899	0.00733	0.12836	0.09496	0.05615	0.14183	0.06445	0.04282	0.00842	0.02521	0.00173	0.04246	0.00614	0.15969	0.00621
15	0.06647	0.15490	0.13983	0.03317	0.12242	0.08870	0.05707	0.03099	0.12686	0.01682	0.04591	0.01494	0.02072	0.01733	0.00501	0.00156	0.00590	0.01760	0.02694	0.00686
16	0.01267	0.05685	0.25606	0.05190	0.07089	0.06887	0.14109	0.12832	0.02977	0.01787	0.01178	0.03550	0.02655	0.03054	0.00597	0.00170	0.02153	0.00495	0.02014	0.00704
17	0.00799	0.00591	0.00656	0.00633	0.00791	0.00552	0.00467	0.03491	0.05936	0.04539	0.13790	0.11485	0.40929	0.08200	0.02279	0.00213	0.00328	0.00969	0.02869	0.00484
18	0.01307	0.24650	0.27730	0.01304	0.01817	0.11035	0.10784	0.05448	0.05605	0.01589	0.03503	0.01174	0.00872	0.00509	0.00462	0.00145	0.00686	0.00406	0.00272	0.00702
19	0.03836	0.10546	0.18075	0.02714	0.14024	0.08341	0.09616	0.03387	0.01116	0.03137	0.01145	0.06559	0.01054	0.11941	0.00809	0.00204	0.02048	0.00525	0.00282	0.00642
20	0.01057	0.00894	0.07085	0.01037	0.03691	0.00763	0.08720	0.05368	0.05647	0.09695	0.06913	0.26193	0.08606	0.01092	0.03154	0.00198	0.00465	0.02387	0.06444	0.00592
21	0.01071	0.01017	0.06827	0.04498	0.17379	0.03431	0.04153	0.05270	0.05588	0.05409	0.06208	0.19346	0.10545	0.03131	0.00624	0.00183	0.00487	0.03814	0.00398	0.00620
22	0.01379	0.14520	0.30885	0.03308	0.04272	0.06741	0.02433	0.07453	0.06261	0.10946	0.02555	0.01370	0.02037	0.00565	0.00499	0.00154	0.01978	0.01577	0.00329	0.00736
23	0.01296	0.01525	0.16550	0.14383	0.18689	0.08933	0.07086	0.09362	0.03500	0.04824	0.02628	0.01576	0.04549	0.00579	0.00520	0.00161	0.00657	0.02158	0.00314	0.00710
24	0.03168	0.00858	0.00994	0.04399	0.01187	0.00904	0.00697	0.24610	0.03149	0.08576	0.04089	0.17094	0.08274	0.03133	0.05083	0.00212	0.00472	0.02315	0.10161	0.00625
25	0.01273	0.11193	0.21283	0.01467	0.09485	0.07802	0.12094	0.03123	0.09768	0.06050	0.02743	0.03729	0.04752	0.00591	0.00501	0.00156	0.00630	0.00511	0.02143	0.00707
26	0.01406	0.11784	0.14277	0.02580	0.14534	0.06220	0.06867	0.05315	0.07973	0.12936	0.02880	0.02836	0.01056	0.02742	0.02737	0.00182	0.02118	0.00481	0.00348	0.00728
27	0.00732	0.00520	0.00639	0.00669	0.00732	0.00507	0.00455	0.03290	0.01012	0.01347	0.09628	0.31200	0.10678	0.25706	0.05958	0.02367	0.00430	0.03305	0.00418	0.00408
28	0.04516	0.03451	0.16322	0.12094	0.08804	0.01086	0.05672	0.10477	0.03646	0.01762	0.03367	0.06549	0.11147	0.00740	0.00573	0.00170	0.03645	0.03487	0.01844	0.00647
29	0.06065	0.05734	0.14828	0.01796	0.25438	0.07031	0.06924	0.06523	0.03074	0.05229	0.03211	0.08435	0.02247	0.00619	0.00506	0.00159	0.00605	0.00541	0.00322	0.00713
30	0.01291	0.10895	0.08280	0.07603	0.28974	0.09883	0.03032	0.04809	0.04541	0.03590	0.04863	0.06576	0.01191	0.00607	0.00501	0.00154	0.00606	0.01587	0.00311	0.00703
31	0.00643	0.00504	0.00577	0.00594	0.00717	0.00443	0.00429	0.00786	0.01179	0.01512	0.21602	0.21991	0.41894	0.03935	0.00682	0.00189	0.00272	0.01121	0.00492	0.00437
32	0.03973	0.07818	0.20258	0.05755	0.14537	0.05293	0.10949	0.07096	0.02952	0.05520	0.02843	0.03365	0.02141	0.00581	0.00540	0.00161	0.02923	0.02276	0.00308	0.00710
33	0.02757	0.04611	0.24555	0.03147	0.17654	0.05555	0.08748	0.05673	0.03282	0.06258	0.04266	0.05180	0.01075	0.00569	0.00505	0.00156	0.00633	0.00499	0.00312	0.04564
34	0.03937	0.04697	0.04163	0.11721	0.13083	0.07491	0.11149	0.04425	0.07594	0.05435	0.04813	0.01793	0.01217	0.10011	0.00784	0.00201	0.02530	0.02481	0.01833	0.00642
35	0.00705	0.00542	0.00678	0.00775	0.03317	0.00520	0.00528	0.00893	0.05347	0.01375	0.03123	0.43594	0.20046	0.07680	0.02905	0.00237	0.00362	0.06467	0.00453	0.00453
36	0.05002	0.16513	0.09816	0.04015	0.08518	0.08369	0.11620	0.09797	0.02877	0.01683	0.02861	0.07710	0.02908	0.00678	0.01683	0.00166	0.04282	0.00526	0.00310	0.00665
37	0.01202	0.10260	0.34213	0.04756	0.20398	0.01255	0.11102	0.01623	0.01132	0.05282	0.01000	0.01206	0.00757	0.00480	0.00489	0.00155	0.00681	0.00428	0.02841	0.00742
38	0.01310	0.07877	0.05600	0.01001	0.01275	0.11948	0.00839	0.14540	0.13435	0.03528	0.09086	0.04349	0.06200	0.01011	0.07120	0.01779	0.04510	0.00565	0.03380	0.00647
39	0.01297	0.20101	0.23210	0.07747	0.07709	0.11143	0.08288	0.06216	0.02681	0.01575	0.01028	0.01202	0.02470	0.00509	0.00465	0.00147	0.00681	0.00409	0.02431	0.00692
40	0.03400	0.07803	0.13933	0.08880	0.28533	0.04808	0.03786	0.03577	0.01165	0.04056	0.00953	0.01170	0.00756	0.00465	0.00466	0.00140	0.00607	0.00401	0.00273	0.14826
41	0.01090	0.00812	0.00875	0.00819	0.01005	0.06318	0.00627	0.06713	0.09604	0.09687	0.22805	0.18608	0.12109	0.01065	0.00587	0.00175	0.00379	0.05640	0.00508	0.00574
42	0.01009	0.03541	0.03143	0.18999	0.05811	0.05352	0.00902	0.03887	0.01122	0.04893	0.05263	0.24620	0.03258	0.03567	0.05203	0.00227	0.02752	0.05535	0.00370	0.00546

[dist]
# distance from previous block
# <min> <max>
0	1

[block]
# block no. 2 follows, 48 sequences, length 35
# corresponding to MSA columns:
# 1092-1126
name=unknown_C
#
# <colnr> <probs for GDERKNQSTAVLIFYWHMCP>
#	G	D	E	R	K	N	Q	S	T	A	V	L	I	F	Y	W	H	M	C	P
0	0.10655	0.14206	0.33064	0.05866	0.03990	0.09469	0.05395	0.03410	0.01141	0.03001	0.03077	0.01131	0.00791	0.00511	0.00479	0.00153	0.02330	0.00387	0.00262	0.00684
1	0.00711	0.00534	0.00664	0.00701	0.00803	0.00507	0.00514	0.00942	0.05620	0.01602	0.25087	0.33391	0.15463	0.03165	0.00675	0.00196	0.00303	0.08157	0.00501	0.00465
2	0.01301	0.06970	0.08747	0.04997	0.18835	0.05721	0.28334	0.03356	0.02670	0.06007	0.01171	0.01430	0.03022	0.02190	0.00607	0.00168	0.02963	0.00513	0.00289	0.00709
3	0.07719	0.07163	0.19395	0.07171	0.27290	0.03599	0.02672	0.04227	0.07541	0.04113	0.01044	0.01221	0.00808	0.00498	0.00474	0.00153	0.00610	0.00419	0.00291	0.03592
4	0.01046	0.12267	0.01453	0.13141	0.06305	0.04422	0.04616	0.05070	0.02192	0.01460	0.05183	0.03883	0.13602	0.01289	0.14296	0.00277	0.08011	0.00595	0.00319	0.00574
5	0.00671	0.00496	0.00581	0.00613	0.00691	0.00458	0.00417	0.00771	0.01034	0.01339	0.11886	0.25340	0.25802	0.23721	0.01179	0.00273	0.00341	0.03547	0.00441	0.00402
6	0.03851	0.40020	0.08425	0.05657	0.01637	0.11273	0.05523	0.05618	0.02829	0.07159	0.00922	0.01042	0.00740	0.00501	0.00451	0.00136	0.02895	0.00359	0.00283	0.00680
7	0.01430	0.09968	0.03466	0.02241	0.43267	0.03491	0.06618	0.06093	0.04347	0.10267	0.03149	0.01360	0.00976	0.00510	0.00498	0.00151	0.00593	0.00467	0.00326	0.00782
8	0.00624	0.00508	0.00553	0.00569	0.00711	0.00436	0.00416	0.00760	0.01171	0.01453	0.13504	0.18128	0.56736	0.01323	0.00615	0.00178	0.00264	0.01130	0.00487	0.00436
9	0.11518	0.09303	0.04898	0.13818	0.03743	0.24080	0.01047	0.14060	0.05386	0.01780	0.00938	0.01103	0.00738	0.00551	0.00520	0.00152	0.05008	0.00385	0.00310	0.00660
10	0.01164	0.04643	0.15006	0.10541	0.15500	0.05103	0.11970	0.01628	0.09421	0.03125	0.01158	0.01422	0.00917	0.00926	0.10238	0.00241	0.02296	0.00478	0.03541	0.00682
11	0.00650	0.00472	0.00621	0.00729	0.00769	0.00452	0.00493	0.00788	0.03537	0.01334	0.02759	0.76531	0.03268	0.01646	0.03087	0.00226	0.00334	0.01401	0.00472	0.00431
12	0.01175	0.19680	0.35289	0.01494	0.02061	0.03890	0.21450	0.01592	0.01104	0.01503	0.00908	0.01128	0.00705	0.00571	0.02761	0.00173	0.03164	0.00421	0.00232	0.00699
13	0.01201	0.01337	0.08720	0.20844	0.19541	0.08191	0.10446	0.01676	0.10961	0.01599	0.01119	0.01377	0.00872	0.00535	0.00557	0.00162	0.04014	0.00473	0.05690	0.00683
14	0.03264	0.00844	0.01015	0.00895	0.01124	0.00872	0.03115	0.14655	0.14175	0.12246	0.06622	0.20903	0.05776	0.04982	0.00658	0.00190	0.00408	0.02679	0.04939	0.00639
15	0.00921	0.00707	0.00973	0.03592	0.10057	0.00704	0.02226	0.08532	0.02755	0.03454	0.13186	0.39814	0.07028	0.02789	0.00642	0.00190	0.00383	0.01045	0.00456	0.00545
16	0.01447	0.01408	0.14455	0.04551	0.01919	0.01185	0.21449	0.20521	0.01485	0.12921	0.01454	0.05202	0.04108	0.02490	0.00626	0.00175	0.02914	0.00571	0.00387	0.00733
17	0.00733	0.00550	0.00825	0.00825	0.00916	0.00641	0.00641	0.00916	0.00825	0.01191	0.01374	0.02016	0.01283	0.03848	0.79934	0.00825	0.01374	0.00550	0.00275	0.00458
18	0.00672	0.00475	0.00612	0.00704	0.00742	0.00453	0.00480	0.00761	0.00962	0.01274	0.02637	0.55043	0.05146	0.17834	0.01055	0.00269	0.00357	0.09678	0.00442	0.00402
19	0.01175	0.01159	0.03250	0.17505	0.28806	0.05226	0.09423	0.06240	0.01187	0.01592	0.01226	0.04107	0.03061	0.02643	0.05418	0.00214	0.03873	0.02941	0.00287	0.00667
20	0.00893	0.00694	0.00750	0.02456	0.00887	0.03170	0.00516	0.10653	0.01269	0.01657	0.16418	0.12591	0.23506	0.18807	0.01026	0.00241	0.00382	0.00891	0.02714	0.00479
21	0.00676	0.00511	0.00623	0.00634	0.00744	0.00470	0.00462	0.00837	0.01187	0.01577	0.30178	0.17892	0.26793	0.06934	0.05529	0.00239	0.00350	0.03435	0.00484	0.00443
22	0.01197	0.01431	0.14281	0.07186	0.25527	0.01179	0.30663	0.01583	0.01164	0.04627	0.01124	0.05605	0.00922	0.00524	0.00551	0.00166	0.00713	0.00558	0.00275	0.00723
23	0.01210	0.21536	0.03810	0.09174	0.10042	0.01253	0.05550	0.04705	0.02783	0.06207	0.01130	0.01507	0.00970	0.07663	0.11116	0.00265	0.05111	0.00461	0.04881	0.00627
24	0.00691	0.00530	0.00589	0.00572	0.00733	0.00457	0.00430	0.00855	0.01257	0.03847	0.26482	0.05968	0.53345	0.01213	0.00604	0.00170	0.00261	0.01028	0.00507	0.00461
25	0.01128	0.12054	0.45945	0.01610	0.02254	0.01328	0.25306	0.01620	0.01118	0.01579	0.00932	0.01146	0.00691	0.00464	0.00505	0.00159	0.00766	0.00437	0.00230	0.00725
26	0.05014	0.21460	0.19359	0.01198	0.03747	0.16672	0.03505	0.07600	0.01253	0.05798	0.01099	0.01254	0.03264	0.02314	0.04216	0.00181	0.00698	0.00401	0.00293	0.00675
27	0.00703	0.00534	0.00607	0.00632	0.00767	0.00481	0.00461	0.00888	0.04537	0.03702	0.08265	0.29221	0.43227	0.01340	0.00617	0.00185	0.00287	0.02597	0.00488	0.00461
28	0.04569	0.01378	0.01427	0.01112	0.01492	0.04001	0.00913	0.66130	0.02225	0.03034	0.01237	0.01264	0.00891	0.00607	0.00493	0.00151	0.00545	0.00453	0.07257	0.00822
29	0.02936	0.18180	0.04931	0.06721	0.08872	0.13589	0.11542	0.08740	0.04648	0.08815	0.01069	0.01213	0.00823	0.00525	0.00506	0.00148	0.03024	0.00426	0.02589	0.00702
30	0.03182	0.11886	0.35069	0.04009	0.06573	0.01322	0.12467	0.10204	0.01276	0.07761	0.01031	0.01178	0.00752	0.00498	0.00488	0.00156	0.00682	0.00424	0.00294	0.00751
31	0.00661	0.00488	0.00626	0.00720	0.00794	0.00453	0.00525	0.00788	0.01063	0.01381	0.04816	0.51942	0.17179	0.01504	0.00655	0.00206	0.00322	0.14968	0.00477	0.00431
32	0.02971	0.04368	0.29998	0.01723	0.14110	0.01299	0.13938	0.10920	0.08271	0.03401	0.01095	0.01257	0.00819	0.00522	0.00544	0.00163	0.03077	0.00457	0.00304	0.00764
33	0.03011	0.03804	0.01638	0.05874	0.09801	0.07629	0.13263	0.16298	0.07680	0.05439	0.09312	0.06110	0.02951	0.00687	0.00572	0.00164	0.03050	0.01632	0.00394	0.00691
34	0.01652	0.01435	0.15158	0.01089	0.01494	0.03498	0.01012	0.35646	0.01736	0.14152	0.01336	0.01399	0.00959	0.01683	0.00550	0.00157	0.03088	0.00457	0.12728	0.00770

[dist]
# distance from previous block
# <min> <max>
2	7

[block]
# block no. 3 follows, 48 sequences, length 15
# corresponding to MSA columns:
# 1134-1148
name=unknown_D
#
# <colnr> <probs for GDERKNQSTAVLIFYWHMCP>
#	G	D	E	R	K	N	Q	S	T	A	V	L	I	F	Y	W	H	M	C	P
0	0.01216	0.55203	0.20914	0.00993	0.01476	0.01673	0.01080	0.01479	0.01056	0.01321	0.01087	0.04867	0.04687	0.00548	0.00396	0.00130	0.00573	0.00395	0.00244	0.00660
1	0.01261	0.12761	0.40129	0.01426	0.04737	0.05205	0.09610	0.03740	0.01155	0.07404	0.01011	0.01225	0.00773	0.03720	0.00609	0.00170	0.03655	0.00420	0.00269	0.00719
2	0.01383	0.01185	0.01933	0.10898	0.33833	0.01216	0.13823	0.15654	0.01400	0.06914	0.01199	0.06047	0.00985	0.00568	0.00535	0.00162	0.00622	0.00545	0.00338	0.00758
3	0.01151	0.00731	0.00850	0.00801	0.00995	0.00749	0.00625	0.08068	0.14944	0.10932	0.04715	0.17735	0.06575	0.00970	0.00542	0.00173	0.00362	0.09948	0.18532	0.00603
4	0.00744	0.00537	0.00624	0.00598	0.00757	0.00469	0.00450	0.00920	0.01288	0.05772	0.33648	0.07612	0.42362	0.01179	0.00603	0.00169	0.00264	0.01008	0.00520	0.00476
5	0.03239	0.01347	0.04310	0.01078	0.01369	0.17537	0.03624	0.13070	0.18696	0.10630	0.05197	0.10467	0.01524	0.04809	0.00628	0.00179	0.00557	0.00611	0.00440	0.00687
6	0.00827	0.00880	0.11708	0.04005	0.01144	0.00676	0.00762	0.07691	0.01142	0.01530	0.02510	0.43883	0.10466	0.03908	0.02876	0.00220	0.00441	0.04395	0.00423	0.00513
7	0.00737	0.00534	0.00743	0.00743	0.00806	0.00597	0.00539	0.00864	0.00800	0.01130	0.01449	0.02431	0.01463	0.28022	0.56007	0.00723	0.01103	0.00611	0.00286	0.00413
8	0.09351	0.00909	0.03147	0.03882	0.04784	0.04770	0.00733	0.03841	0.11593	0.12766	0.16006	0.19031	0.03441	0.00898	0.00538	0.00170	0.00411	0.00767	0.02345	0.00619
9	0.01500	0.03883	0.10011	0.08264	0.01667	0.27588	0.01029	0.11345	0.09454	0.05570	0.01387	0.01630	0.04006	0.00717	0.02545	0.00171	0.00686	0.04195	0.03686	0.00664
10	0.00634	0.00456	0.00603	0.00718	0.00757	0.00425	0.00489	0.00731	0.00998	0.01323	0.02906	0.75563	0.05998	0.01588	0.00656	0.00208	0.00304	0.04749	0.00476	0.00420
11	0.01138	0.00865	0.01097	0.01242	0.15893	0.00926	0.00791	0.09764	0.17397	0.01917	0.03464	0.05399	0.01424	0.04780	0.09136	0.00240	0.00518	0.00569	0.22800	0.00643
12	0.12172	0.08833	0.43965	0.01376	0.06047	0.12725	0.01453	0.03192	0.01132	0.01652	0.00862	0.01021	0.00654	0.00498	0.00477	0.00154	0.02484	0.00358	0.00245	0.00701
13	0.04137	0.04627	0.04203	0.02428	0.01123	0.00871	0.00727	0.09857	0.10864	0.01756	0.04682	0.12713	0.23049	0.01068	0.00604	0.00183	0.02329	0.13760	0.00448	0.00571
14	0.03862	0.01220	0.01189	0.01022	0.03325	0.10934	0.00789	0.35619	0.01706	0.02359	0.01286	0.03464	0.01018	0.00801	0.05283	0.00181	0.00565	0.00466	0.19246	0.05665

[dist]
# distance from previous block
# <min> <max>
0	11

[block]
# block no. 4 follows, 48 sequences, length 46
# corresponding to MSA columns:
# 1160-1205
name=unknown_E
#
# <colnr> <probs for GDERKNQSTAVLIFYWHMCP>
#	G	D	E	R	K	N	Q	S	T	A	V	L	I	F	Y	W	H	M	C	P
0	0.01285	0.03705	0.08440	0.06374	0.08640	0.06295	0.14868	0.13594	0.06403	0.03001	0.02803	0.03481	0.07212	0.00682	0.00651	0.00170	0.08374	0.02991	0.00347	0.00683
1	0.08783	0.17911	0.01640	0.03062	0.05368	0.09998	0.03470	0.20004	0.05702	0.07515	0.02878	0.07430	0.01110	0.00639	0.00494	0.00151	0.02267	0.00495	0.00382	0.00701
2	0.01259	0.00950	0.01048	0.00896	0.01130	0.02856	0.00701	0.31617	0.04151	0.02257	0.17761	0.07910	0.07175	0.05823	0.09420	0.00253	0.00538	0.00697	0.02925	0.00633
3	0.01329	0.11292	0.12840	0.01563	0.14124	0.06271	0.12824	0.07317	0.05750	0.07049	0.04820	0.06320	0.01181	0.00593	0.00505	0.00153	0.00609	0.00527	0.00338	0.04597
4	0.06290	0.00782	0.00994	0.00959	0.07894	0.00764	0.02483	0.05893	0.02915	0.25763	0.01667	0.04009	0.01242	0.00618	0.00445	0.00144	0.00380	0.00509	0.35582	0.00666
5	0.10453	0.01103	0.04692	0.05124	0.03744	0.02522	0.07490	0.05426	0.05484	0.03363	0.05581	0.03708	0.01112	0.00707	0.02354	0.00173	0.17522	0.00481	0.01914	0.17046
6	0.01240	0.01273	0.01403	0.01226	0.01301	0.15352	0.00985	0.05036	0.00985	0.01314	0.00859	0.01348	0.00829	0.07436	0.08534	0.00280	0.49327	0.00461	0.00257	0.00554
7	0.00681	0.00526	0.00761	0.09558	0.01104	0.00522	0.02420	0.00812	0.01004	0.01326	0.02649	0.66506	0.05471	0.01444	0.00638	0.00203	0.00357	0.03133	0.00444	0.00442
8	0.04873	0.01010	0.01658	0.05868	0.39855	0.00999	0.07611	0.01480	0.01213	0.08246	0.12665	0.04569	0.04870	0.00654	0.00536	0.00162	0.00529	0.02146	0.00355	0.00700
9	0.03120	0.10159	0.01448	0.01092	0.01400	0.19784	0.03322	0.17603	0.16957	0.05732	0.01597	0.08169	0.04457	0.00712	0.00502	0.00156	0.00579	0.02100	0.00413	0.00696
10	0.00761	0.00565	0.00776	0.00763	0.00817	0.00646	0.00554	0.00875	0.00795	0.01125	0.01418	0.02433	0.01451	0.31036	0.48246	0.00675	0.05756	0.00613	0.00285	0.00413
11	0.01148	0.00623	0.00805	0.00750	0.00929	0.00568	0.00570	0.03287	0.01287	0.22490	0.20873	0.24426	0.11266	0.03761	0.00663	0.00189	0.00340	0.04919	0.00536	0.00569
12	0.01086	0.03549	0.08660	0.23999	0.24843	0.04039	0.01285	0.01404	0.02955	0.01483	0.03978	0.01796	0.05825	0.03657	0.00685	0.00180	0.06772	0.02881	0.00281	0.00643
13	0.01186	0.16739	0.38108	0.14229	0.04901	0.06420	0.06153	0.03785	0.01140	0.01524	0.00891	0.01101	0.00678	0.00485	0.00470	0.00152	0.00715	0.00388	0.00235	0.00700
14	0.01157	0.00999	0.01068	0.00983	0.01227	0.03169	0.00764	0.02262	0.56925	0.01945	0.05788	0.03576	0.03326	0.01178	0.11181	0.00262	0.00538	0.02451	0.00481	0.00720
15	0.01266	0.00725	0.00902	0.00832	0.01041	0.00711	0.00637	0.01669	0.15983	0.24530	0.08527	0.27168	0.08373	0.01061	0.00597	0.00182	0.01553	0.03071	0.00535	0.00638
16	0.01012	0.00962	0.01295	0.01243	0.07368	0.03417	0.03364	0.03529	0.00990	0.01369	0.01833	0.08443	0.15661	0.04631	0.05431	0.00245	0.37680	0.00670	0.00312	0.00544
17	0.00784	0.00609	0.00867	0.02927	0.00955	0.00723	0.00643	0.00925	0.00809	0.01157	0.01339	0.02189	0.01326	0.20086	0.52996	0.00673	0.09696	0.00578	0.00276	0.00441
18	0.00891	0.00446	0.00668	0.00668	0.00668	0.00446	0.00446	0.00668	0.00668	0.00891	0.00891	0.01560	0.00891	0.01783	0.02005	0.85071	0.00446	0.00446	0.00223	0.00223
19	0.01085	0.01070	0.01428	0.01246	0.01269	0.04323	0.01023	0.01204	0.00815	0.01222	0.00808	0.01315	0.00798	0.03939	0.12766	0.00315	0.64128	0.00469	0.00236	0.00540
20	0.06345	0.18658	0.04306	0.01509	0.15544	0.35428	0.01067	0.03676	0.06182	0.01498	0.00901	0.01037	0.00745	0.00506	0.00441	0.00137	0.00712	0.00360	0.00277	0.00672
21	0.00834	0.00711	0.04734	0.02737	0.01016	0.00614	0.03085	0.01039	0.02741	0.06851	0.13681	0.23307	0.29596	0.01208	0.01600	0.00189	0.04082	0.01005	0.00460	0.00509
22	0.00620	0.00466	0.00576	0.00664	0.00731	0.00421	0.00454	0.00720	0.01031	0.01330	0.03443	0.61721	0.22908	0.01528	0.00642	0.00199	0.00288	0.01361	0.00476	0.00421
23	0.01232	0.01195	0.04398	0.10371	0.58189	0.01178	0.01452	0.06509	0.01221	0.01716	0.01110	0.07042	0.00984	0.00557	0.00519	0.00159	0.00596	0.00527	0.00283	0.00763
24	0.01280	0.31356	0.32269	0.01452	0.11249	0.06293	0.02986	0.04835	0.01161	0.01526	0.00859	0.01015	0.00686	0.00473	0.00435	0.00140	0.00668	0.00356	0.00239	0.00722
25	0.01224	0.01270	0.05217	0.13751	0.58369	0.04939	0.01495	0.01531	0.01158	0.01592	0.01105	0.01396	0.03677	0.00501	0.00509	0.00155	0.00628	0.00471	0.00258	0.00752
26	0.00669	0.00476	0.00586	0.00647	0.00684	0.00456	0.00419	0.00737	0.00914	0.01205	0.02589	0.43536	0.10398	0.28955	0.05051	0.00332	0.00412	0.01136	0.00411	0.00384
27	0.05636	0.01183	0.01303	0.01046	0.01404	0.01279	0.00849	0.39353	0.18043	0.16725	0.05458	0.02711	0.01313	0.00666	0.00513	0.00160	0.00480	0.00526	0.00530	0.00819
28	0.03815	0.01120	0.01596	0.09886	0.32857	0.02826	0.02668	0.14140	0.04763	0.07201	0.04308	0.01854	0.05694	0.00633	0.00525	0.00162	0.00553	0.04291	0.00370	0.00736
29	0.01169	0.15314	0.47869	0.01386	0.04409	0.05083	0.03384	0.01597	0.01094	0.03348	0.03144	0.01146	0.00799	0.00534	0.00572	0.00158	0.07647	0.00393	0.00242	0.00712
30	0.00747	0.00523	0.00676	0.00684	0.00726	0.00557	0.00468	0.00830	0.00804	0.01104	0.01600	0.03021	0.01721	0.47571	0.31229	0.00602	0.00822	0.05632	0.00308	0.00376
31	0.03534	0.20179	0.37629	0.01235	0.01768	0.16130	0.01353	0.01729	0.04012	0.03757	0.00982	0.01200	0.00783	0.00528	0.00453	0.00148	0.00701	0.02922	0.00261	0.00696
32	0.01419	0.24677	0.26626	0.01130	0.01616	0.07733	0.01185	0.05606	0.04908	0.12351	0.01251	0.01303	0.04124	0.00563	0.00494	0.00147	0.03413	0.00411	0.00321	0.00720
33	0.00797	0.00553	0.00661	0.00626	0.00785	0.00493	0.00472	0.01004	0.02527	0.07295	0.39889	0.07714	0.33007	0.01137	0.00600	0.00168	0.00268	0.00978	0.00531	0.00494
34	0.00648	0.00463	0.00622	0.00741	0.00781	0.00437	0.00517	0.00755	0.01005	0.01336	0.02815	0.72898	0.03343	0.01586	0.00661	0.00212	0.00318	0.09964	0.00476	0.00423
35	0.01284	0.01209	0.02011	0.06346	0.68970	0.02710	0.02870	0.01585	0.01182	0.03695	0.02618	0.01336	0.00900	0.00478	0.00511	0.00154	0.00611	0.00469	0.00270	0.00791
36	0.01701	0.01168	0.01353	0.01090	0.01429	0.06256	0.05938	0.27391	0.11047	0.21726	0.03456	0.08783	0.04818	0.00740	0.00537	0.00163	0.00513	0.00617	0.00508	0.00767
37	0.00670	0.00501	0.00629	0.00697	0.00791	0.00461	0.00518	0.00815	0.01127	0.01467	0.13251	0.38439	0.22626	0.01423	0.00646	0.00198	0.00312	0.14502	0.00487	0.00440
38	0.01263	0.01228	0.01893	0.13595	0.57051	0.06002	0.01464	0.03393	0.01190	0.01624	0.01023	0.01452	0.00876	0.00522	0.00536	0.00159	0.02067	0.03647	0.00266	0.00748
39	0.00891	0.00446	0.00668	0.00668	0.00668	0.00446	0.00446	0.00668	0.00668	0.00891	0.00891	0.01560	0.00891	0.01783	0.02005	0.85071	0.00446	0.00446	0.00223	0.00223
40	0.10455	0.00918	0.01039	0.00762	0.01198	0.00740	0.00613	0.01403	0.01072	0.07304	0.00970	0.01088	0.00774	0.00409	0.00383	0.00091	0.00386	0.00316	0.00329	0.69751
41	0.00898	0.00770	0.00840	0.00779	0.00853	0.08097	0.03810	0.00973	0.00900	0.01156	0.01774	0.04628	0.07763	0.47958	0.06120	0.00396	0.06353	0.02534	0.02996	0.00402
42	0.02936	0.00652	0.00834	0.00943	0.09383	0.00647	0.00618	0.02983	0.05837	0.03587	0.22925	0.18110	0.05572	0.00954	0.00535	0.00163	0.00325	0.02724	0.19729	0.00543
43	0.34804	0.01588	0.15337	0.01038	0.01451	0.11657	0.00967	0.18632	0.04649	0.04059	0.00968	0.01048	0.00718	0.00530	0.00425	0.00156	0.00571	0.00363	0.00352	0.00687
44	0.06742	0.02382	0.03058	0.04660	0.01695	0.09694	0.14928	0.10131	0.17099	0.10807	0.01332	0.01442	0.01001	0.00797	0.05848	0.00207	0.04593	0.00490	0.00387	0.02707
45	0.01733	0.10731	0.01661	0.01247	0.01576	0.41661	0.07725	0.09977	0.03055	0.08115	0.03082	0.03144	0.00944	0.00569	0.00478	0.00140	0.00741	0.00427	0.00336	0.02658

[dist]
# distance from previous block
# <min> <max>
7	14

[block]
# block no. 5 follows, 48 sequences, length 21
# corresponding to MSA columns:
# 1220-1233,1235-1241
name=unknown_F
#
# <colnr> <probs for GDERKNQSTAVLIFYWHMCP>
#	G	D	E	R	K	N	Q	S	T	A	V	L	I	F	Y	W	H	M	C	P
0	0.01548	0.07487	0.01255	0.00958	0.01251	0.13022	0.00768	0.14172	0.10530	0.18259	0.15636	0.03436	0.05657	0.00823	0.02745	0.00173	0.00517	0.00588	0.00479	0.00695
1	0.00785	0.00579	0.00703	0.00744	0.00874	0.00557	0.00568	0.01063	0.08760	0.03965	0.07499	0.30195	0.23713	0.01332	0.00632	0.00197	0.00336	0.16516	0.00490	0.00490
2	0.01345	0.05514	0.03604	0.01121	0.01396	0.11507	0.06871	0.03954	0.22228	0.09552	0.06162	0.04578	0.08172	0.00755	0.00673	0.00169	0.10716	0.00595	0.00413	0.00675
3	0.01180	0.01191	0.04469	0.23695	0.53051	0.01201	0.04743	0.01509	0.01130	0.01576	0.00953	0.01295	0.00772	0.00472	0.00513	0.00159	0.00645	0.00461	0.00246	0.00741
4	0.00943	0.00538	0.00665	0.00659	0.00728	0.00512	0.00427	0.00999	0.00926	0.12796	0.02044	0.26764	0.02238	0.45504	0.01706	0.00359	0.00428	0.00927	0.00409	0.00427
5	0.01307	0.01262	0.02299	0.02122	0.22211	0.01251	0.36855	0.08641	0.08582	0.03946	0.01220	0.01543	0.00959	0.00600	0.02538	0.00184	0.00717	0.02696	0.00323	0.00744
6	0.01044	0.00978	0.01014	0.00908	0.01130	0.10762	0.05490	0.08187	0.11697	0.01663	0.04270	0.19176	0.26900	0.01033	0.00571	0.00170	0.00442	0.00883	0.00441	0.03239
7	0.04230	0.00502	0.00611	0.00671	0.00754	0.00470	0.00467	0.00846	0.01057	0.03684	0.09783	0.52674	0.13658	0.03710	0.00669	0.00200	0.00299	0.01220	0.04052	0.00444
8	0.01624	0.00951	0.01113	0.00938	0.01258	0.00980	0.00747	0.04493	0.36428	0.32424	0.05520	0.02146	0.07580	0.00732	0.00530	0.00167	0.00404	0.00606	0.00565	0.00794
9	0.04665	0.02177	0.56315	0.10527	0.11220	0.01177	0.01721	0.01600	0.01087	0.03522	0.00943	0.01143	0.00684	0.00490	0.00486	0.00162	0.00709	0.00396	0.00237	0.00738
10	0.00807	0.00640	0.00936	0.04197	0.01061	0.00780	0.00719	0.00984	0.00836	0.01227	0.01278	0.01902	0.01192	0.05606	0.59915	0.00674	0.12383	0.00535	0.03856	0.00473
11	0.00641	0.00458	0.00613	0.00732	0.00769	0.00430	0.00504	0.00742	0.00998	0.01327	0.02819	0.75714	0.03359	0.01593	0.00659	0.00211	0.00311	0.07222	0.00476	0.00421
12	0.00692	0.00475	0.00576	0.00629	0.00642	0.00461	0.00385	0.00732	0.00852	0.01135	0.02157	0.38274	0.02547	0.46121	0.01739	0.00369	0.00408	0.01064	0.00385	0.00358
13	0.00949	0.02895	0.01546	0.06546	0.07276	0.02649	0.18725	0.01160	0.01033	0.01398	0.01716	0.34609	0.01856	0.01101	0.03305	0.00211	0.11229	0.00902	0.00342	0.00551
14	0.00630	0.00491	0.00573	0.00615	0.00724	0.00433	0.00437	0.00759	0.01132	0.01445	0.14054	0.35825	0.38271	0.01391	0.00626	0.00186	0.00273	0.01214	0.00488	0.00433
15	0.01182	0.01639	0.20212	0.02206	0.18244	0.01257	0.44304	0.01625	0.01173	0.01646	0.00996	0.01292	0.00756	0.00450	0.00559	0.00166	0.00788	0.00523	0.00249	0.00732
16	0.00894	0.00894	0.10948	0.00864	0.01061	0.00704	0.00730	0.12612	0.01251	0.01704	0.06267	0.49062	0.06425	0.01241	0.00599	0.00188	0.00392	0.01095	0.02530	0.00537
17	0.01064	0.00912	0.01064	0.00760	0.01216	0.00684	0.00608	0.01292	0.01064	0.01672	0.00912	0.01064	0.00760	0.00380	0.00380	0.00076	0.00380	0.00304	0.00304	0.85104
18	0.10273	0.13838	0.21331	0.03074	0.05505	0.01188	0.02208	0.07408	0.02870	0.10081	0.05848	0.01398	0.02940	0.00550	0.00453	0.00144	0.00540	0.00430	0.00341	0.09581
19	0.04689	0.13425	0.48883	0.01284	0.01866	0.04714	0.01494	0.07271	0.01160	0.01662	0.00914	0.01090	0.00697	0.00678	0.04501	0.00189	0.04145	0.00376	0.00249	0.00714
20	0.01155	0.05210	0.12941	0.03363	0.01454	0.00973	0.06406	0.10975	0.07820	0.07375	0.01910	0.20254	0.03638	0.02939	0.00616	0.00187	0.00511	0.09795	0.00414	0.02066

[dist]
# distance from previous block
# <min> <max>
8	12

[block]
# block no. 6 follows, 48 sequences, length 68
# corresponding to MSA columns:
# 1256-1283,1285-1324
name=unknown_G
#
# <colnr> <probs for GDERKNQSTAVLIFYWHMCP>
#	G	D	E	R	K	N	Q	S	T	A	V	L	I	F	Y	W	H	M	C	P
0	0.06330	0.00898	0.00956	0.00835	0.01096	0.00946	0.00655	0.16501	0.21306	0.06514	0.07025	0.05004	0.25709	0.00927	0.00582	0.02459	0.00382	0.00733	0.00493	0.00648
1	0.01198	0.30444	0.03151	0.01016	0.01340	0.08859	0.09293	0.04769	0.01214	0.01510	0.10149	0.05105	0.11362	0.00704	0.00522	0.00144	0.03853	0.00565	0.02396	0.02407
2	0.02919	0.00792	0.11045	0.00660	0.00803	0.00601	0.00542	0.01009	0.00887	0.01369	0.01518	0.02586	0.01516	0.46203	0.01638	0.00338	0.00457	0.00610	0.24084	0.00424
3	0.01193	0.01019	0.03930	0.01165	0.04923	0.00869	0.14359	0.05311	0.04651	0.09026	0.07904	0.06553	0.04917	0.00619	0.00501	0.00135	0.00483	0.00565	0.00383	0.31493
4	0.03454	0.02871	0.04937	0.00908	0.01363	0.06042	0.03865	0.04974	0.01155	0.01722	0.00915	0.01066	0.00747	0.00412	0.00403	0.00094	0.00467	0.00328	0.00304	0.63972
5	0.00724	0.00561	0.00686	0.00668	0.00823	0.00485	0.00490	0.00890	0.01169	0.01598	0.24286	0.29977	0.18314	0.01188	0.00588	0.00168	0.00291	0.02594	0.00474	0.14025
6	0.01520	0.01103	0.01087	0.00901	0.01184	0.07246	0.00719	0.33109	0.07204	0.05160	0.01444	0.01524	0.01082	0.00603	0.00449	0.00139	0.00451	0.00464	0.31849	0.02761
7	0.00847	0.00630	0.00839	0.02482	0.01009	0.00633	0.03720	0.01197	0.14307	0.05106	0.02616	0.56984	0.04942	0.01325	0.00619	0.00197	0.00353	0.01196	0.00478	0.00521
8	0.01015	0.00856	0.01009	0.00743	0.01151	0.00655	0.00590	0.01245	0.01120	0.01728	0.12131	0.01464	0.01350	0.00477	0.00413	0.00088	0.00360	0.00394	0.00342	0.72868
9	0.00765	0.00656	0.00676	0.00653	0.00815	0.04232	0.00489	0.01040	0.07611	0.01666	0.29382	0.08086	0.39759	0.01145	0.00595	0.00169	0.00299	0.00973	0.00500	0.00488
10	0.01342	0.01342	0.09506	0.05465	0.14692	0.04144	0.11914	0.14560	0.11981	0.05592	0.02589	0.03149	0.04201	0.00694	0.02130	0.00179	0.03555	0.01860	0.00370	0.00733
11	0.00673	0.00555	0.02898	0.00750	0.00831	0.00490	0.02442	0.00796	0.00998	0.01336	0.06383	0.55015	0.09075	0.07868	0.07102	0.00272	0.00420	0.01223	0.00439	0.00433
12	0.00636	0.00454	0.00608	0.00727	0.00761	0.00426	0.00495	0.00733	0.00993	0.01322	0.02822	0.77549	0.03370	0.01597	0.00658	0.00210	0.00307	0.05435	0.00476	0.00420
13	0.00698	0.00502	0.00632	0.00652	0.00755	0.00456	0.00469	0.00863	0.01230	0.03164	0.36002	0.32184	0.17914	0.01290	0.00622	0.00181	0.00269	0.01141	0.00518	0.00458
14	0.01241	0.00988	0.01658	0.33164	0.20522	0.01051	0.08453	0.03004	0.01185	0.12747	0.04132	0.05328	0.03058	0.00602	0.00533	0.00166	0.00601	0.00559	0.00332	0.00675
15	0.01064	0.00912	0.01064	0.00760	0.01216	0.00684	0.00608	0.01292	0.01064	0.01672	0.00912	0.01064	0.00760	0.00380	0.00380	0.00076	0.00380	0.00304	0.00304	0.85104
16	0.00662	0.00471	0.00622	0.00703	0.00736	0.00464	0.00471	0.00749	0.00917	0.01237	0.02402	0.56176	0.02816	0.16246	0.12467	0.00349	0.00489	0.01200	0.00418	0.00404
17	0.01044	0.01001	0.01719	0.53224	0.22590	0.01140	0.05626	0.01373	0.01079	0.01426	0.01109	0.01491	0.03936	0.00527	0.00521	0.00166	0.00658	0.00491	0.00247	0.00633
18	0.01159	0.01180	0.02224	0.03791	0.33017	0.01150	0.31994	0.01542	0.04347	0.01657	0.04103	0.06354	0.03881	0.00578	0.00564	0.00166	0.00662	0.00621	0.00299	0.00710
19	0.00969	0.00912	0.01539	0.80734	0.03534	0.01140	0.01425	0.01311	0.01026	0.01311	0.00912	0.01368	0.00684	0.00513	0.00513	0.00171	0.00684	0.00456	0.00228	0.00570
20	0.00746	0.00497	0.00560	0.00560	0.00560	0.00497	0.00311	0.00746	0.00746	0.00995	0.01617	0.03358	0.01865	0.81967	0.02612	0.00497	0.00497	0.00746	0.00311	0.00311
21	0.00862	0.00846	0.08090	0.04191	0.01231	0.00682	0.07746	0.01137	0.04394	0.05051	0.09237	0.15353	0.25836	0.05093	0.00700	0.00198	0.00429	0.07966	0.00430	0.00528
22	0.00737	0.00534	0.00745	0.00745	0.00809	0.00598	0.00542	0.00865	0.00801	0.01132	0.01447	0.02418	0.01457	0.27240	0.56781	0.00727	0.01112	0.00609	0.00286	0.00414
23	0.01123	0.01123	0.01572	0.01347	0.01347	0.01572	0.01123	0.01235	0.00786	0.01235	0.00674	0.01123	0.00674	0.00898	0.01684	0.00225	0.81028	0.00449	0.00225	0.00561
24	0.00746	0.00497	0.00560	0.00560	0.00560	0.00497	0.00311	0.00746	0.00746	0.00995	0.01617	0.03358	0.01865	0.81967	0.02612	0.00497	0.00497	0.00746	0.00311	0.00311
25	0.01179	0.00981	0.01165	0.01039	0.01286	0.01112	0.03921	0.08635	0.44336	0.01968	0.01872	0.04883	0.01546	0.01295	0.14186	0.00288	0.02178	0.04903	0.02520	0.00705
26	0.76111	0.01039	0.00796	0.00708	0.01019	0.03930	0.00578	0.04245	0.00958	0.02283	0.00776	0.00896	0.00602	0.00488	0.00331	0.00156	0.00415	0.00295	0.03810	0.00565
27	0.03383	0.01232	0.01271	0.01031	0.01375	0.08967	0.00828	0.28580	0.13548	0.20625	0.09399	0.01681	0.01449	0.00657	0.00511	0.00154	0.00503	0.00518	0.00513	0.03774
28	0.01095	0.01041	0.01767	0.48180	0.35101	0.01173	0.01488	0.01422	0.01086	0.01464	0.00934	0.01327	0.00738	0.00490	0.00511	0.00163	0.00653	0.00456	0.00239	0.00672
29	0.01135	0.01247	0.02643	0.02022	0.06763	0.01173	0.62195	0.01513	0.01177	0.01600	0.01278	0.12305	0.01137	0.00594	0.00607	0.00177	0.00773	0.00713	0.00289	0.00661
