[name]
unknown

[dist]
# distance from previous block
# <min> <max>
11	857

[block]
# block no. 0 follows, 54 sequences, length 61
# corresponding to MSA columns:
# 972-1032
name=unknown_A
#
# <colnr> <probs for GDERKNQSTAVLIFYWHMCP>
#	G	D	E	R	K	N	Q	S	T	A	V	L	I	F	Y	W	H	M	C	P
0	0.13419	0.00998	0.03645	0.00876	0.01235	0.03773	0.00739	0.12192	0.04774	0.51160	0.01532	0.01390	0.01004	0.00556	0.00447	0.00145	0.00436	0.00431	0.00500	0.00748
1	0.12530	0.00906	0.01473	0.57752	0.06556	0.01060	0.09108	0.01272	0.00948	0.01381	0.00828	0.01183	0.00628	0.00455	0.00453	0.00153	0.00602	0.00408	0.00226	0.02077
2	0.00819	0.00410	0.00614	0.00614	0.00614	0.00410	0.00410	0.00614	0.00614	0.00819	0.00819	0.01433	0.00819	0.01638	0.01843	0.86282	0.00410	0.00410	0.00205	0.00205
3	0.01719	0.02088	0.01304	0.01179	0.01428	0.71622	0.00889	0.01953	0.08477	0.03777	0.00874	0.00957	0.00701	0.00503	0.00432	0.00126	0.00792	0.00330	0.00275	0.00573
4	0.01032	0.01032	0.01444	0.01238	0.01238	0.01444	0.01032	0.01135	0.00722	0.01135	0.00619	0.01032	0.00619	0.00825	0.01547	0.00206	0.82567	0.00413	0.00206	0.00516
5	0.00580	0.00481	0.00509	0.00509	0.00660	0.00410	0.00387	0.00716	0.01107	0.01354	0.13782	0.04451	0.67609	0.01171	0.00561	0.00161	0.00246	0.04452	0.00447	0.00405
6	0.00969	0.08531	0.64076	0.01278	0.01895	0.01124	0.05288	0.01483	0.03383	0.01502	0.05449	0.01159	0.00851	0.00478	0.00449	0.00146	0.00650	0.00386	0.00228	0.00674
7	0.01261	0.83713	0.02471	0.00807	0.01210	0.01866	0.00807	0.01412	0.00958	0.01109	0.00656	0.00756	0.00605	0.00403	0.00303	0.00101	0.00504	0.00252	0.00202	0.00605
8	0.00574	0.00410	0.00547	0.00657	0.00684	0.00383	0.00438	0.00657	0.00903	0.01204	0.02599	0.83122	0.03119	0.01477	0.00602	0.00191	0.00274	0.01340	0.00438	0.00383
9	0.01261	0.83713	0.02471	0.00807	0.01210	0.01866	0.00807	0.01412	0.00958	0.01109	0.00656	0.00756	0.00605	0.00403	0.00303	0.00101	0.00504	0.00252	0.00202	0.00605
10	0.01796	0.01268	0.01376	0.01060	0.01433	0.01389	0.00874	0.69960	0.04920	0.09254	0.01219	0.01193	0.00854	0.00570	0.00472	0.00143	0.00504	0.00432	0.00481	0.00800
11	0.00686	0.00457	0.00514	0.00514	0.00514	0.00457	0.00286	0.00686	0.00686	0.00914	0.01486	0.03086	0.01714	0.83430	0.02400	0.00457	0.00457	0.00686	0.00286	0.00286
12	0.00686	0.00457	0.00514	0.00514	0.00514	0.00457	0.00286	0.00686	0.00686	0.00914	0.01486	0.03086	0.01714	0.83430	0.02400	0.00457	0.00457	0.00686	0.00286	0.00286
13	0.01275	0.01026	0.01114	0.05489	0.01343	0.02607	0.00784	0.15707	0.49858	0.05663	0.03930	0.01828	0.04017	0.00656	0.00486	0.00156	0.00416	0.02468	0.00462	0.00715
14	0.00951	0.00854	0.01433	0.74632	0.07807	0.01039	0.01296	0.01258	0.00965	0.04062	0.00877	0.01264	0.00655	0.00472	0.00471	0.00156	0.00616	0.00421	0.00224	0.00547
15	0.00719	0.00527	0.00700	0.00767	0.00881	0.00512	0.00644	0.00938	0.02357	0.01482	0.16660	0.07582	0.12236	0.01225	0.00619	0.00196	0.00367	0.50701	0.00451	0.00435
16	0.00674	0.00505	0.00758	0.00758	0.00842	0.00589	0.00589	0.00842	0.00758	0.01095	0.01263	0.01852	0.01179	0.03536	0.81561	0.00758	0.01263	0.00505	0.00253	0.00421
17	0.01054	0.01115	0.04393	0.16958	0.15389	0.07481	0.10283	0.01310	0.02647	0.01317	0.00955	0.06140	0.00853	0.00690	0.02739	0.00180	0.22527	0.00483	0.02912	0.00572
18	0.00674	0.00505	0.00758	0.00758	0.00842	0.00589	0.00589	0.00842	0.00758	0.01095	0.01263	0.01852	0.01179	0.03536	0.81561	0.00758	0.01263	0.00505	0.00253	0.00421
19	0.00989	0.00977	0.01441	0.01223	0.01266	0.01312	0.06170	0.01120	0.00753	0.01154	0.00728	0.01159	0.00701	0.01163	0.12292	0.00278	0.66113	0.00435	0.00215	0.00511
20	0.01047	0.01163	0.02485	0.01798	0.02224	0.01088	0.68190	0.01414	0.01122	0.01524	0.07311	0.04281	0.02924	0.00497	0.00558	0.00159	0.00720	0.00616	0.00272	0.00607
21	0.01117	0.01110	0.01791	0.20228	0.48238	0.05819	0.08076	0.01403	0.01064	0.01435	0.00947	0.01370	0.00801	0.00474	0.00482	0.00148	0.00607	0.03990	0.00238	0.00661
22	0.17436	0.01039	0.01298	0.01114	0.01187	0.02690	0.00925	0.03967	0.00801	0.01388	0.00646	0.00981	0.00605	0.00736	0.01251	0.00191	0.62605	0.00381	0.00233	0.00526
23	0.86760	0.00912	0.00693	0.00620	0.00912	0.01058	0.00511	0.01386	0.00802	0.02115	0.00657	0.00766	0.00511	0.00438	0.00292	0.00146	0.00365	0.00255	0.00292	0.00511
24	0.00694	0.00474	0.00543	0.00539	0.00539	0.00485	0.00311	0.00699	0.00691	0.00926	0.01480	0.04467	0.01707	0.79468	0.02342	0.00445	0.02923	0.00689	0.00286	0.00294
25	0.01936	0.00815	0.01119	0.07685	0.12815	0.03152	0.04045	0.05600	0.07130	0.10683	0.08041	0.06998	0.06240	0.05476	0.11885	0.00253	0.00564	0.02648	0.02342	0.00572
26	0.00866	0.00504	0.00566	0.00520	0.00671	0.00467	0.00395	0.01081	0.01091	0.04417	0.21700	0.02213	0.04492	0.00657	0.00402	0.00118	0.00240	0.00548	0.49889	0.09162
27	0.00698	0.00520	0.00675	0.00754	0.00873	0.00497	0.00638	0.00883	0.01076	0.01366	0.03126	0.07892	0.24009	0.01279	0.00624	0.00200	0.00375	0.53658	0.00435	0.00422
28	0.00830	0.00533	0.00683	0.00703	0.00834	0.00499	0.00554	0.01019	0.03113	0.10272	0.12843	0.21048	0.17186	0.03649	0.00639	0.00190	0.00332	0.24150	0.00460	0.00463
29	0.00647	0.00448	0.00598	0.00671	0.00732	0.00419	0.00480	0.00772	0.01013	0.03168	0.16555	0.57222	0.04184	0.01341	0.00596	0.00185	0.00285	0.09819	0.00455	0.00410
30	0.01238	0.12683	0.10813	0.03806	0.05679	0.03643	0.38632	0.11960	0.01225	0.02959	0.00922	0.01136	0.00701	0.00443	0.00504	0.00146	0.02130	0.00453	0.00265	0.00661
31	0.01040	0.16954	0.56314	0.01324	0.07073	0.01234	0.01489	0.04230	0.01031	0.01468	0.00837	0.00994	0.00633	0.00532	0.02790	0.00157	0.00663	0.00343	0.00213	0.00679
32	0.00758	0.00532	0.00625	0.00612	0.00744	0.00501	0.00453	0.01004	0.07720	0.06034	0.24101	0.15477	0.25981	0.06962	0.00680	0.00182	0.00282	0.03551	0.03345	0.00456
33	0.03746	0.00488	0.00581	0.00621	0.00663	0.00485	0.00409	0.03516	0.00864	0.01188	0.02000	0.39287	0.02326	0.36123	0.01351	0.00302	0.00372	0.04945	0.00369	0.00364
34	0.05164	0.09357	0.41421	0.01313	0.01846	0.01131	0.17840	0.03263	0.01040	0.05190	0.00936	0.01117	0.00697	0.00603	0.04606	0.00177	0.00682	0.00397	0.02567	0.00653
35	0.00586	0.00419	0.00558	0.00649	0.00686	0.00391	0.00439	0.00686	0.00957	0.01290	0.12387	0.73087	0.03286	0.01412	0.00596	0.00186	0.00267	0.01279	0.00448	0.00391
36	0.11065	0.00582	0.00625	0.00637	0.00719	0.02758	0.00446	0.00866	0.01924	0.01334	0.09275	0.30688	0.08890	0.20792	0.01017	0.00239	0.04152	0.00872	0.02720	0.00399
37	0.01045	0.01307	0.11006	0.09466	0.03591	0.01130	0.55744	0.01430	0.01079	0.01474	0.03057	0.01386	0.03110	0.00458	0.00558	0.00158	0.02604	0.00536	0.00244	0.00619
38	0.00675	0.00459	0.00526	0.00527	0.00543	0.00456	0.00309	0.00697	0.00737	0.00981	0.04498	0.05304	0.05840	0.71367	0.04858	0.00434	0.00460	0.00719	0.00305	0.00304
39	0.09012	0.00637	0.00671	0.00620	0.00796	0.02766	0.00473	0.01144	0.06770	0.09362	0.23489	0.03141	0.27353	0.06690	0.00638	0.00173	0.00307	0.02143	0.03331	0.00484
40	0.00679	0.00456	0.00522	0.00528	0.00532	0.00456	0.00302	0.00688	0.00700	0.00935	0.01542	0.07520	0.01780	0.76916	0.04224	0.00450	0.00466	0.00718	0.00293	0.00294
41	0.00630	0.00474	0.00583	0.00569	0.00685	0.00427	0.00422	0.00812	0.01225	0.01664	0.53156	0.11519	0.23959	0.01073	0.00561	0.00155	0.00232	0.00937	0.00490	0.00427
42	0.00721	0.00492	0.00629	0.00602	0.00723	0.00449	0.00453	0.00920	0.01261	0.05415	0.58944	0.09712	0.12368	0.01013	0.00555	0.00154	0.00242	0.02955	0.01941	0.00451
43	0.08554	0.00585	0.00683	0.00645	0.00757	0.00607	0.00464	0.01095	0.13027	0.03255	0.20566	0.02358	0.06429	0.13411	0.01161	0.24677	0.00352	0.00598	0.00365	0.00411
44	0.00652	0.00447	0.00524	0.00550	0.00567	0.00436	0.00331	0.00683	0.00774	0.01027	0.03907	0.23002	0.05775	0.57217	0.01822	0.00370	0.00396	0.00867	0.00336	0.00319
45	0.01124	0.00861	0.00951	0.00836	0.01054	0.00924	0.00646	0.27624	0.17817	0.02043	0.11166	0.19080	0.09963	0.02979	0.00568	0.00166	0.00373	0.00753	0.00464	0.00607
46	0.01082	0.00846	0.00920	0.00830	0.01057	0.00926	0.00638	0.04534	0.48555	0.06614	0.09464	0.05223	0.11829	0.04603	0.00589	0.00172	0.00349	0.00650	0.00474	0.00645
47	0.03460	0.00505	0.00587	0.00579	0.00619	0.00528	0.00369	0.00816	0.04371	0.01039	0.01521	0.02747	0.03844	0.59343	0.15024	0.02808	0.00573	0.00637	0.00292	0.00337
48	0.00785	0.00533	0.00676	0.00717	0.00815	0.00524	0.00520	0.01057	0.11000	0.07158	0.09662	0.52560	0.03745	0.01242	0.00576	0.00182	0.00303	0.07015	0.00461	0.00469
49	0.00710	0.00477	0.00589	0.00597	0.00662	0.00456	0.00408	0.00813	0.02549	0.03302	0.20321	0.17821	0.09438	0.28152	0.01269	0.06924	0.00342	0.04403	0.00393	0.00374
50	0.01065	0.01091	0.01270	0.01209	0.06511	0.13700	0.00910	0.01189	0.00846	0.01144	0.00831	0.01298	0.00801	0.06453	0.16572	0.00309	0.43638	0.00431	0.00228	0.00504
51	0.08439	0.00498	0.00494	0.00475	0.00611	0.00506	0.00361	0.01170	0.00982	0.05436	0.01475	0.01694	0.01157	0.02432	0.00380	0.00123	0.00246	0.00431	0.72631	0.00459
52	0.00616	0.00475	0.00554	0.00542	0.00665	0.00422	0.00399	0.00776	0.01170	0.01542	0.39834	0.07911	0.37308	0.04914	0.00644	0.00170	0.00243	0.00931	0.00469	0.00414
53	0.01375	0.56042	0.02092	0.04623	0.01370	0.23465	0.00863	0.01524	0.01055	0.01126	0.00683	0.00811	0.00607	0.00438	0.00370	0.00111	0.02369	0.00277	0.00213	0.00584
54	0.00707	0.00552	0.00814	0.00796	0.00870	0.00664	0.00622	0.00865	0.00753	0.01094	0.01210	0.01808	0.01141	0.05284	0.72269	0.00700	0.08676	0.00501	0.00249	0.00426
55	0.03253	0.16210	0.05059	0.04327	0.05068	0.02653	0.02859	0.20157	0.02686	0.04525	0.00930	0.01031	0.00725	0.00443	0.00397	0.00112	0.00479	0.00343	0.00316	0.28426
56	0.00703	0.00569	0.00772	0.05787	0.09061	0.00542	0.00604	0.00897	0.01156	0.01543	0.32832	0.09130	0.25456	0.01012	0.00554	0.00161	0.00310	0.08018	0.00434	0.00462
57	0.00587	0.00421	0.00559	0.00657	0.00692	0.00396	0.00446	0.00679	0.00918	0.01227	0.05344	0.73646	0.04243	0.03016	0.02486	0.00208	0.00302	0.03354	0.00433	0.00386
58	0.00724	0.02907	0.00604	0.00551	0.00576	0.00526	0.00333	0.02503	0.00738	0.00983	0.01471	0.04940	0.01671	0.73262	0.05991	0.00447	0.00493	0.00675	0.00290	0.00316
59	0.23958	0.02641	0.03314	0.26111	0.24683	0.07934	0.01098	0.02458	0.00996	0.01570	0.00795	0.01048	0.00631	0.00448	0.00415	0.00145	0.00555	0.00361	0.00244	0.00596
60	0.05734	0.28905	0.09768	0.00979	0.01319	0.28696	0.00882	0.01506	0.01083	0.01269	0.02728	0.03704	0.00800	0.00570	0.02455	0.00135	0.02004	0.00342	0.00243	0.06878

[dist]
# distance from previous block
# <min> <max>
5	20

[block]
# block no. 1 follows, 54 sequences, length 125
# corresponding to MSA columns:
# 1057-1115,1126-1191
name=unknown_B
#
# <colnr> <probs for GDERKNQSTAVLIFYWHMCP>
#	G	D	E	R	K	N	Q	S	T	A	V	L	I	F	Y	W	H	M	C	P
0	0.00624	0.00494	0.00597	0.00683	0.04045	0.00449	0.00460	0.02253	0.01013	0.01284	0.03441	0.38656	0.37392	0.03177	0.00617	0.00181	0.00284	0.03511	0.00426	0.00413
1	0.08793	0.02610	0.03008	0.02895	0.03199	0.13086	0.00845	0.32139	0.02971	0.09591	0.01066	0.01195	0.00814	0.03416	0.04085	0.00178	0.05448	0.00400	0.00373	0.03889
2	0.01247	0.75777	0.04139	0.00823	0.01221	0.01778	0.00821	0.03957	0.01006	0.01189	0.00795	0.00943	0.02227	0.00444	0.00324	0.00107	0.00502	0.01873	0.00220	0.00606
3	0.01223	0.00611	0.00807	0.00695	0.00905	0.00548	0.00546	0.01437	0.02466	0.32061	0.41434	0.05481	0.06609	0.00848	0.00527	0.00151	0.00300	0.02234	0.00535	0.00582
4	0.00608	0.00473	0.00529	0.00538	0.00658	0.00419	0.00395	0.00738	0.01065	0.01356	0.17186	0.11229	0.46654	0.09302	0.00744	0.00192	0.00271	0.05123	0.02125	0.00397
5	0.02329	0.00492	0.00646	0.02546	0.02487	0.00494	0.00506	0.00780	0.01922	0.01230	0.03660	0.38822	0.16266	0.04295	0.19880	0.00325	0.00527	0.02003	0.00378	0.00412
6	0.05779	0.06587	0.01173	0.00816	0.01200	0.02733	0.00668	0.19543	0.05232	0.03267	0.00964	0.01046	0.00757	0.00433	0.00382	0.00100	0.00412	0.00329	0.01489	0.47091
7	0.01177	0.00822	0.00961	0.01730	0.02179	0.00851	0.00655	0.11246	0.21512	0.11517	0.04958	0.08229	0.02648	0.09162	0.00700	0.00180	0.02192	0.05047	0.03911	0.10324
8	0.25580	0.20226	0.07202	0.04692	0.01395	0.03280	0.04187	0.18571	0.01223	0.05922	0.00858	0.00958	0.00656	0.00479	0.00415	0.00137	0.02940	0.00336	0.00309	0.00632
9	0.01001	0.05143	0.41468	0.01542	0.09176	0.01097	0.20520	0.01466	0.03705	0.01524	0.06219	0.01339	0.02668	0.00488	0.00481	0.00149	0.00648	0.00456	0.00248	0.00661
10	0.00907	0.00465	0.00492	0.00480	0.00596	0.00462	0.00360	0.01124	0.02773	0.04204	0.04198	0.01858	0.03153	0.00644	0.00437	0.05047	0.00240	0.00468	0.71649	0.00444
11	0.00895	0.00629	0.00793	0.00748	0.02377	0.00613	0.02326	0.07052	0.06540	0.07970	0.25997	0.14021	0.16940	0.05524	0.02717	0.00191	0.00346	0.03360	0.00458	0.00505
12	0.06565	0.09564	0.07211	0.02959	0.08198	0.04759	0.02176	0.16961	0.02824	0.29593	0.02344	0.01328	0.02349	0.00536	0.00445	0.00140	0.00494	0.00423	0.00413	0.00719
13	0.01432	0.05046	0.01408	0.14266	0.07797	0.16252	0.00966	0.29515	0.03885	0.03274	0.02772	0.02887	0.03496	0.00579	0.00512	0.00144	0.04331	0.00442	0.00345	0.00652
14	0.00645	0.00471	0.00554	0.00588	0.00658	0.00443	0.00414	0.00734	0.00913	0.01171	0.05131	0.16408	0.23743	0.31717	0.01263	0.00284	0.00357	0.13759	0.00383	0.00362
15	0.31534	0.03610	0.03365	0.02392	0.03030	0.08892	0.00761	0.16952	0.10339	0.03667	0.00956	0.01031	0.00731	0.00503	0.00433	0.00140	0.03799	0.00348	0.00338	0.07181
16	0.09006	0.00579	0.00692	0.00664	0.00792	0.00571	0.00483	0.04502	0.02243	0.07245	0.05156	0.23098	0.08090	0.08500	0.03615	0.16632	0.00382	0.02515	0.00368	0.04866
17	0.02440	0.02594	0.00818	0.00826	0.06901	0.00606	0.02317	0.01945	0.04520	0.04444	0.09599	0.12065	0.06952	0.26214	0.01294	0.13202	0.00400	0.02105	0.00344	0.00415
18	0.03896	0.04030	0.03241	0.00860	0.01079	0.00975	0.00683	0.01868	0.47709	0.03059	0.01651	0.05188	0.02599	0.01008	0.05713	0.14476	0.00442	0.00527	0.00395	0.00601
19	0.00775	0.00437	0.00651	0.00650	0.00675	0.00459	0.00456	0.00682	0.00667	0.00913	0.02309	0.01617	0.00997	0.03883	0.23208	0.60045	0.00636	0.00449	0.00225	0.00269
20	0.00817	0.00566	0.00644	0.00636	0.00765	0.00555	0.00471	0.08090	0.04419	0.03544	0.05788	0.23046	0.21648	0.08933	0.00705	0.00190	0.00313	0.05827	0.12585	0.00456
21	0.02844	0.00518	0.00609	0.00609	0.00723	0.00505	0.00448	0.04795	0.01078	0.04127	0.14747	0.24796	0.13425	0.04727	0.04843	0.00201	0.00332	0.02701	0.17531	0.00443
22	0.00618	0.04063	0.00617	0.00585	0.00694	0.00469	0.00428	0.00735	0.01019	0.01296	0.11345	0.32949	0.34980	0.04386	0.00636	0.00181	0.00277	0.03890	0.00430	0.00403
23	0.02905	0.00530	0.00607	0.00612	0.00707	0.00523	0.00427	0.02890	0.07404	0.01413	0.15374	0.25563	0.15675	0.19411	0.00957	0.00230	0.00315	0.00911	0.03125	0.00419
24	0.00663	0.00482	0.00582	0.00585	0.00693	0.00433	0.00419	0.00797	0.01067	0.03234	0.25407	0.23555	0.23993	0.10226	0.00764	0.00195	0.00279	0.02598	0.00442	0.03589
25	0.06202	0.00781	0.00980	0.00794	0.01095	0.00733	0.00648	0.08685	0.02537	0.51101	0.04350	0.04783	0.01357	0.00648	0.00464	0.00147	0.00380	0.03831	0.09778	0.00704
26	0.08270	0.00782	0.00901	0.00775	0.01013	0.00794	0.00609	0.12861	0.11243	0.21868	0.13227	0.08546	0.07757	0.06281	0.00621	0.00175	0.00369	0.02822	0.00475	0.00612
27	0.00608	0.00467	0.00544	0.00569	0.00680	0.00416	0.00420	0.00727	0.01053	0.01338	0.15540	0.19855	0.41911	0.03151	0.00672	0.03909	0.00271	0.07042	0.00436	0.00394
28	0.00658	0.00472	0.00561	0.00555	0.00613	0.00464	0.00367	0.00737	0.00863	0.01151	0.13700	0.03233	0.16360	0.44497	0.13434	0.00401	0.00501	0.00740	0.00343	0.00350
29	0.00802	0.00434	0.00601	0.00609	0.00627	0.00426	0.00399	0.00698	0.00701	0.03863	0.01272	0.14586	0.01374	0.18166	0.01710	0.52178	0.00398	0.00614	0.00272	0.00271
30	0.05487	0.00530	0.00594	0.00609	0.00728	0.00509	0.00442	0.00907	0.06405	0.03267	0.08122	0.24864	0.29280	0.10967	0.00772	0.00205	0.00304	0.05160	0.00423	0.00426
31	0.00638	0.00448	0.00574	0.00630	0.00683	0.00426	0.00440	0.00721	0.00923	0.01222	0.09929	0.38544	0.10748	0.15056	0.02758	0.06044	0.00343	0.09103	0.00400	0.00369
32	0.03626	0.00860	0.01426	0.62396	0.05657	0.01025	0.05997	0.02505	0.00973	0.01295	0.01048	0.04889	0.03384	0.00541	0.00504	0.00159	0.02465	0.00481	0.00237	0.00533
33	0.00912	0.00537	0.00674	0.00663	0.00778	0.00506	0.00472	0.02373	0.03736	0.14990	0.09012	0.35193	0.08924	0.16411	0.00900	0.00225	0.00333	0.02454	0.00444	0.00464
34	0.00684	0.00488	0.00584	0.00589	0.00691	0.00453	0.00426	0.00847	0.02885	0.03352	0.26072	0.17029	0.22788	0.13592	0.00840	0.00208	0.00291	0.05338	0.02430	0.00413
35	0.01011	0.00949	0.01488	0.28447	0.37679	0.02814	0.01199	0.01329	0.04846	0.01426	0.03074	0.04752	0.05821	0.00554	0.00478	0.00149	0.00533	0.00505	0.02327	0.00619
36	0.04963	0.00713	0.00866	0.04591	0.03631	0.00739	0.00610	0.12379	0.07103	0.05298	0.36086	0.02686	0.04439	0.10339	0.00732	0.00186	0.00356	0.03307	0.00446	0.00531
37	0.02672	0.00497	0.00585	0.00605	0.00694	0.00478	0.00426	0.02808	0.03251	0.01434	0.18211	0.32174	0.15226	0.12345	0.00802	0.00206	0.00293	0.01858	0.05021	0.00412
38	0.00770	0.00602	0.00813	0.00778	0.00884	0.03601	0.03154	0.02692	0.00847	0.01209	0.01312	0.04647	0.01230	0.06783	0.59917	0.00607	0.01046	0.00529	0.08143	0.00435
39	0.01119	0.01138	0.01440	0.04736	0.01392	0.10098	0.05756	0.05593	0.00938	0.01298	0.03731	0.04925	0.00892	0.00767	0.01176	0.00185	0.53562	0.00470	0.00250	0.00534
40	0.00685	0.00464	0.00576	0.00621	0.00709	0.00421	0.00441	0.00795	0.00997	0.05963	0.08077	0.45246	0.21584	0.05677	0.00676	0.00193	0.00287	0.04925	0.01249	0.00413
41	0.00850	0.00659	0.00775	0.00732	0.00872	0.00710	0.00546	0.06406	0.19537	0.01531	0.12271	0.08325	0.09586	0.15289	0.18304	0.00339	0.00550	0.01825	0.00395	0.00499
42	0.01058	0.01135	0.02190	0.04398	0.05560	0.01220	0.45651	0.01349	0.00972	0.01368	0.00870	0.01233	0.00715	0.00715	0.05776	0.00208	0.24262	0.00501	0.00229	0.00590
43	0.00912	0.00617	0.00717	0.00676	0.00763	0.04484	0.00474	0.02775	0.00847	0.09570	0.01408	0.02368	0.01405	0.42364	0.28086	0.00499	0.00737	0.00579	0.00309	0.00410
44	0.00896	0.00489	0.00716	0.00695	0.00753	0.00509	0.00506	0.00850	0.00747	0.08358	0.01156	0.06312	0.01106	0.01951	0.20525	0.48655	0.02926	0.02245	0.00270	0.00336
45	0.01237	0.77636	0.08341	0.00847	0.01272	0.01808	0.00877	0.01418	0.00961	0.01138	0.00670	0.00774	0.00604	0.00407	0.00313	0.00104	0.00519	0.00259	0.00201	0.00612
46	0.00659	0.00552	0.00585	0.00575	0.00741	0.00512	0.00442	0.00951	0.11306	0.01424	0.10495	0.04143	0.58753	0.01110	0.00553	0.00162	0.00268	0.05868	0.00450	0.00450
47	0.01150	0.01112	0.01925	0.07130	0.72947	0.01120	0.04792	0.01437	0.01068	0.01521	0.00887	0.01176	0.00739	0.00422	0.00471	0.00142	0.00574	0.00426	0.00232	0.00730
48	0.01112	0.00920	0.01480	0.02758	0.14010	0.04593	0.20349	0.03880	0.01118	0.10551	0.01602	0.21526	0.01548	0.00781	0.00530	0.00162	0.00516	0.07240	0.04741	0.00583
49	0.00686	0.00457	0.00514	0.00514	0.00514	0.00457	0.00286	0.00686	0.00686	0.00914	0.01486	0.03086	0.01714	0.83430	0.02400	0.00457	0.00457	0.00686	0.00286	0.00286
50	0.00681	0.00486	0.00657	0.00659	0.00709	0.00533	0.00468	0.00781	0.00736	0.01028	0.01387	0.02453	0.01440	0.36650	0.46625	0.00619	0.00907	0.02544	0.00271	0.00365
51	0.01716	0.02156	0.01407	0.01248	0.01499	0.74340	0.04509	0.03537	0.01332	0.01210	0.00746	0.00880	0.00617	0.00491	0.00457	0.00125	0.02608	0.00320	0.00247	0.00556
52	0.01147	0.03679	0.02444	0.00939	0.01188	0.09553	0.03301	0.07804	0.39165	0.01799	0.08673	0.06972	0.06235	0.00723	0.00488	0.00153	0.00429	0.02184	0.02486	0.00638
53	0.02094	0.00833	0.02580	0.00848	0.01219	0.00700	0.00713	0.02283	0.01343	0.79339	0.01841	0.01594	0.01157	0.00581	0.00474	0.00146	0.00407	0.00472	0.00576	0.00800
54	0.00580	0.00415	0.00554	0.00663	0.00693	0.00388	0.00448	0.00667	0.00909	0.01210	0.02596	0.80659	0.03106	0.01472	0.00603	0.00192	0.00279	0.03745	0.00438	0.00385
55	0.09828	0.04726	0.01706	0.02221	0.52222	0.07602	0.01227	0.01433	0.01016	0.01495	0.00806	0.01066	0.00689	0.00480	0.00582	0.00146	0.11464	0.00386	0.00235	0.00670
56	0.00568	0.00476	0.00488	0.00489	0.00636	0.00402	0.00361	0.00687	0.01069	0.01288	0.08263	0.06132	0.71900	0.04379	0.00630	0.00171	0.00247	0.00984	0.00436	0.00396
57	0.02864	0.16941	0.23243	0.03848	0.10940	0.07694	0.02891	0.05503	0.02576	0.10974	0.00959	0.01062	0.00722	0.00457	0.00418	0.00130	0.00573	0.00357	0.00282	0.07566
58	0.01220	0.73265	0.12564	0.00876	0.01317	0.01767	0.00927	0.01422	0.00963	0.01159	0.00680	0.00787	0.00604	0.00409	0.00321	0.00107	0.00529	0.00264	0.00201	0.00617
59	0.10220	0.03173	0.01273	0.04482	0.09487	0.09760	0.00850	0.33310	0.02965	0.09450	0.01115	0.01184	0.00821	0.00523	0.00430	0.00137	0.00503	0.00398	0.09234	0.00685
60	0.01165	0.48766	0.32346	0.01031	0.01539	0.05450	0.01168	0.01466	0.00991	0.01258	0.00732	0.00852	0.00602	0.00424	0.00364	0.00120	0.00594	0.00291	0.00203	0.00637
61	0.00574	0.00413	0.00544	0.00648	0.00682	0.00384	0.00434	0.00657	0.00911	0.01207	0.02699	0.79492	0.06683	0.01464	0.00600	0.00190	0.00272	0.01324	0.00438	0.00384
62	0.03304	0.53172	0.14853	0.00924	0.01349	0.01503	0.03806	0.01459	0.01005	0.07987	0.02554	0.04515	0.00843	0.00485	0.00368	0.00121	0.00518	0.00358	0.00254	0.00622
63	0.01640	0.01979	0.01245	0.01133	0.01348	0.68459	0.00845	0.04156	0.01270	0.01168	0.00753	0.00935	0.00641	0.00638	0.00611	0.11319	0.00783	0.00321	0.00245	0.00510
64	0.00672	0.00529	0.00613	0.00646	0.00733	0.02335	0.00460	0.00860	0.06018	0.01304	0.10571	0.34574	0.18472	0.10190	0.06672	0.00248	0.00379	0.03897	0.00414	0.00414
65	0.01261	0.01187	0.01164	0.01028	0.01301	0.11499	0.03241	0.04243	0.65224	0.01877	0.01717	0.01612	0.01294	0.00610	0.00475	0.00155	0.00451	0.00502	0.00442	0.00719
66	0.00819	0.00410	0.00614	0.00614	0.00614	0.00410	0.00410	0.00614	0.00614	0.00819	0.00819	0.01433	0.00819	0.01638	0.01843	0.86282	0.00410	0.00410	0.00205	0.00205
67	0.01093	0.01026	0.01397	0.04192	0.01308	0.01383	0.00998	0.09354	0.00896	0.01346	0.00721	0.01091	0.00668	0.00853	0.03590	0.00211	0.66599	0.00417	0.02313	0.00542
68	0.01013	0.11014	0.60296	0.01251	0.01855	0.01191	0.03299	0.01616	0.11214	0.01514	0.00967	0.01075	0.00710	0.00467	0.00439	0.00146	0.00636	0.00367	0.00237	0.00692
69	0.00636	0.00481	0.00587	0.00561	0.00685	0.00432	0.00420	0.00830	0.01261	0.01717	0.58981	0.03808	0.25816	0.01029	0.00556	0.00151	0.00227	0.00893	0.00496	0.00432
70	0.01044	0.01142	0.02390	0.01888	0.09850	0.01076	0.60537	0.01389	0.01087	0.01474	0.01252	0.09502	0.03905	0.00536	0.00552	0.00160	0.00700	0.00637	0.00265	0.00613
71	0.01116	0.09776	0.01726	0.10447	0.34643	0.01184	0.06673	0.02845	0.13857	0.01519	0.01183	0.01498	0.02717	0.00539	0.00523	0.00150	0.04658	0.03994	0.00285	0.00667
72	0.00993	0.00943	0.01600	0.52825	0.31917	0.01075	0.01361	0.01295	0.00991	0.01329	0.00856	0.01224	0.00672	0.00452	0.00470	0.00151	0.00603	0.00419	0.00218	0.00607
73	0.00632	0.00487	0.00579	0.00563	0.00690	0.00440	0.00419	0.00833	0.02887	0.01626	0.46376	0.08740	0.31867	0.01072	0.00558	0.00155	0.00235	0.00928	0.00484	0.00431
74	0.00791	0.00728	0.01135	0.57774	0.02466	0.00852	0.01027	0.01046	0.00977	0.01223	0.01957	0.04462	0.22329	0.00696	0.00498	0.00159	0.00513	0.00601	0.00278	0.00486
75	0.01077	0.05275	0.57092	0.04109	0.03613	0.02598	0.05844	0.01544	0.02109	0.08240	0.01000	0.03673	0.00749	0.00491	0.00457	0.00149	0.00649	0.00404	0.00248	0.00682
76	0.01001	0.00574	0.00749	0.00662	0.00835	0.00530	0.00511	0.01263	0.04732	0.18905	0.59951	0.03032	0.03611	0.00868	0.00535	0.00148	0.00268	0.00757	0.00531	0.00535
77	0.01113	0.01272	0.02782	0.01987	0.02464	0.01192	0.78776	0.01510	0.01113	0.01510	0.00954	0.01272	0.00715	0.00397	0.00556	0.00159	0.00795	0.00556	0.00238	0.00636
78	0.01183	0.00894	0.01275	0.10566	0.24086	0.00904	0.00937	0.14156	0.01242	0.10191	0.03200	0.17550	0.03317	0.00702	0.00490	0.00148	0.00454	0.00621	0.00363	0.07721
79	0.00950	0.06928	0.70315	0.01291	0.03121	0.01099	0.01604	0.01450	0.01016	0.01497	0.05755	0.01141	0.00839	0.00477	0.00447	0.00146	0.00654	0.00375	0.00220	0.00677
80	0.01030	0.01130	0.02319	0.01710	0.02082	0.01107	0.59280	0.01356	0.01056	0.01436	0.01292	0.06239	0.05955	0.00576	0.00666	0.00167	0.09369	0.02376	0.00264	0.00589
81	0.01067	0.01569	0.24157	0.01545	0.01941	0.05656	0.31793	0.01411	0.00991	0.01386	0.00876	0.03426	0.00721	0.00551	0.00762	0.00167	0.20674	0.00471	0.00226	0.00612
82	0.00745	0.00534	0.00741	0.00847	0.00953	0.00531	0.00733	0.00953	0.01076	0.01397	0.02566	0.09072	0.04926	0.01308	0.00646	0.00214	0.00421	0.71470	0.00434	0.00431
83	0.00914	0.00473	0.00477	0.00464	0.00584	0.00478	0.00351	0.04063	0.01036	0.01804	0.01523	0.01734	0.01193	0.00550	0.00335	0.00111	0.00231	0.00439	0.82787	0.00453
84	0.00576	0.00478	0.00504	0.00498	0.00649	0.00406	0.00373	0.00714	0.01120	0.01382	0.17958	0.04360	0.67048	0.01154	0.00557	0.00157	0.00236	0.00970	0.00452	0.00406
85	0.01095	0.13779	0.01598	0.01171	0.01242	0.04560	0.00992	0.01206	0.00782	0.01132	0.00629	0.00982	0.00616	0.00748	0.01313	0.00187	0.66848	0.00384	0.00207	0.00531
86	0.01167	0.01120	0.01914	0.02894	0.80488	0.01120	0.01447	0.01447	0.01074	0.01540	0.00887	0.01167	0.00747	0.00420	0.00467	0.00140	0.00560	0.00420	0.00233	0.00747
87	0.01062	0.07405	0.14525	0.27993	0.13978	0.03172	0.08764	0.03971	0.04268	0.02480	0.00974	0.04198	0.00788	0.00492	0.00462	0.00146	0.00601	0.00440	0.00250	0.04032
88	0.01128	0.19884	0.41234	0.01284	0.01813	0.05218	0.11461	0.05800	0.01073	0.01459	0.00817	0.00982	0.00627	0.00460	0.00487	0.00141	0.04891	0.00360	0.00223	0.00658
89	0.00572	0.00421	0.00536	0.00629	0.00677	0.00385	0.00426	0.00660	0.00929	0.01214	0.02933	0.71071	0.14954	0.01434	0.00595	0.00187	0.00268	0.01287	0.00438	0.00385
90	0.01286	0.01151	0.01124	0.00994	0.01270	0.08244	0.00776	0.10001	0.65126	0.01999	0.01737	0.01618	0.01303	0.00619	0.00474	0.00155	0.00429	0.00502	0.00458	0.00734
91	0.00966	0.06545	0.72179	0.01299	0.01965	0.01116	0.02910	0.01476	0.00995	0.01476	0.00838	0.00987	0.00604	0.00441	0.00438	0.00144	0.00673	0.00344	0.00203	0.04403
92	0.00574	0.00410	0.00547	0.00657	0.00684	0.00383	0.00438	0.00657	0.00903	0.01204	0.02599	0.83122	0.03119	0.01477	0.00602	0.00191	0.00274	0.01340	0.00438	0.00383
93	0.01261	0.83713	0.02471	0.00807	0.01210	0.01866	0.00807	0.01412	0.00958	0.01109	0.00656	0.00756	0.00605	0.00403	0.00303	0.00101	0.00504	0.00252	0.00202	0.00605
94	0.00563	0.00479	0.00486	0.00486	0.00643	0.00401	0.00366	0.00687	0.01083	0.01295	0.07139	0.04514	0.77020	0.01188	0.00558	0.00160	0.00241	0.01853	0.00440	0.00400
95	0.00680	0.00515	0.00770	0.00767	0.00849	0.00605	0.00598	0.00847	0.00757	0.01095	0.01251	0.01837	0.01168	0.03486	0.80085	0.00748	0.02763	0.00503	0.00252	0.00423
96	0.01038	0.01051	0.01552	0.01298	0.01336	0.01424	0.07282	0.01165	0.00754	0.01165	0.00646	0.01051	0.00627	0.00791	0.01468	0.00203	0.75992	0.00424	0.00209	0.00525
97	0.00890	0.00838	0.01414	0.82296	0.03247	0.01048	0.01309	0.01205	0.00943	0.01205	0.00838	0.01257	0.00629	0.00471	0.00471	0.00157	0.00629	0.00419	0.00210	0.00524
98	0.00570	0.00480	0.00495	0.00496	0.00651	0.00405	0.00376	0.00698	0.01090	0.01313	0.08917	0.04506	0.73608	0.01185	0.00560	0.00160	0.00244	0.03403	0.00442	0.00402
99	0.00574	0.00410	0.00547	0.00657	0.00684	0.00383	0.00438	0.00657	0.00903	0.01204	0.02599	0.83122	0.03119	0.01477	0.00602	0.00191	0.00274	0.01340	0.00438	0.00383
100	0.00890	0.00838	0.01414	0.82296	0.03247	0.01048	0.01309	0.01205	0.00943	0.01205	0.00838	0.01257	0.00629	0.00471	0.00471	0.00157	0.00629	0.00419	0.00210	0.00524
101	0.00789	0.00639	0.00946	0.00809	0.00894	0.00662	0.12230	0.00912	0.03681	0.01065	0.01358	0.02582	0.01462	0.59236	0.05429	0.00399	0.05618	0.00636	0.00279	0.00376
102	0.01147	0.04929	0.07104	0.02324	0.52977	0.04829	0.08806	0.01478	0.04158	0.01513	0.02884	0.01322	0.03469	0.00469	0.00471	0.00141	0.00577	0.00449	0.00254	0.00699
103	0.01761	0.02247	0.01336	0.01215	0.01458	0.81537	0.00911	0.01883	0.01336	0.01154	0.00729	0.00850	0.00607	0.00486	0.00425	0.00121	0.00850	0.00304	0.00243	0.00547
104	0.00674	0.00504	0.00752	0.00752	0.00834	0.00586	0.00582	0.00838	0.00756	0.01090	0.01268	0.01881	0.01191	0.05405	0.79709	0.00751	0.01244	0.00509	0.00253	0.00418
105	0.00722	0.00552	0.02053	0.00806	0.00904	0.00528	0.00665	0.00946	0.04423	0.01361	0.02452	0.29193	0.02725	0.03220	0.00666	0.00211	0.00387	0.47325	0.00430	0.00433
106	0.00661	0.00482	0.00621	0.00586	0.00700	0.00442	0.00440	0.00877	0.01319	0.01853	0.75630	0.03584	0.09082	0.00978	0.00556	0.00149	0.00223	0.00861	0.00514	0.00442
107	0.02115	0.00802	0.01094	0.00839	0.01204	0.00693	0.00693	0.02298	0.01350	0.80815	0.01860	0.01605	0.01167	0.00584	0.00474	0.00146	0.00401	0.00474	0.00584	0.00802
108	0.00706	0.00504	0.00698	0.00807	0.00892	0.00496	0.00666	0.00884	0.01032	0.01351	0.02526	0.27865	0.02831	0.01353	0.00637	0.00210	0.00388	0.55299	0.00435	0.00419
109	0.00719	0.00535	0.00656	0.00656	0.00795	0.00506	0.00522	0.00980	0.06120	0.03101	0.33745	0.04099	0.24836	0.01084	0.00573	0.00169	0.00292	0.19682	0.00474	0.00455
110	0.01761	0.02247	0.01336	0.01215	0.01458	0.81537	0.00911	0.01883	0.01336	0.01154	0.00729	0.00850	0.00607	0.00486	0.00425	0.00121	0.00850	0.00304	0.00243	0.00547
111	0.01167	0.01120	0.01914	0.02894	0.80488	0.01120	0.01447	0.01447	0.01074	0.01540	0.00887	0.01167	0.00747	0.00420	0.00467	0.00140	0.00560	0.00420	0.00233	0.00747
112	0.01595	0.01457	0.01466	0.11953	0.03635	0.20740	0.05304	0.42329	0.01723	0.02159	0.00987	0.01101	0.00733	0.00521	0.00462	0.00139	0.00624	0.00402	0.01984	0.00686
113	0.00581	0.00423	0.00548	0.00634	0.00681	0.00390	0.00431	0.00678	0.00956	0.01269	0.09450	0.68838	0.10570	0.01406	0.00594	0.00185	0.00266	0.01266	0.00445	0.00390
114	0.00577	0.00421	0.00537	0.00628	0.00671	0.00388	0.00421	0.00660	0.00915	0.01200	0.02820	0.69936	0.12600	0.04995	0.00674	0.00199	0.00277	0.01269	0.00431	0.00381
115	0.00981	0.00848	0.01017	0.00727	0.01147	0.00641	0.02276	0.01194	0.00981	0.01536	0.00841	0.00984	0.00699	0.00350	0.00354	0.00072	0.00359	0.00285	0.00278	0.84431
116	0.00896	0.00675	0.00812	0.00702	0.00915	0.00622	0.00537	0.09480	0.04166	0.03249	0.33648	0.16735	0.02708	0.00840	0.00499	0.00136	0.00304	0.00731	0.00439	0.21906
117	0.01005	0.00988	0.01730	0.44057	0.16358	0.01118	0.15285	0.01376	0.05708	0.01360	0.00919	0.01260	0.00713	0.00481	0.00552	0.00158	0.05650	0.00451	0.00235	0.00596
118	0.00612	0.00449	0.00540	0.00583	0.00643	0.00421	0.00393	0.00695	0.00904	0.01176	0.06328	0.34693	0.20863	0.22962	0.04650	0.00277	0.00359	0.02692	0.00393	0.00367
119	0.01339	0.04188	0.01651	0.04001	0.20476	0.27892	0.09453	0.02574	0.02379	0.03157	0.00851	0.01093	0.00712	0.00665	0.04563	0.00176	0.13579	0.00397	0.00247	0.00607
120	0.00632	0.00465	0.00559	0.00569	0.00668	0.00420	0.00405	0.00768	0.01092	0.02444	0.30517	0.22776	0.26783	0.08857	0.00739	0.00191	0.00264	0.00992	0.00454	0.00406
121	0.00978	0.00838	0.00978	0.00698	0.01117	0.00629	0.00559	0.01187	0.00978	0.01536	0.00838	0.00978	0.00698	0.00349	0.00349	0.00070	0.00349	0.00279	0.00279	0.86312
122	0.00629	0.00453	0.00518	0.00541	0.00607	0.00421	0.00357	0.00709	0.00914	0.01200	0.09254	0.22507	0.24600	0.30450	0.01214	0.00270	0.00323	0.00934	0.03739	0.00360
123	0.00637	0.00482	0.00577	0.00595	0.00684	0.00460	0.00425	0.00781	0.02479	0.01366	0.18409	0.28185	0.25886	0.08708	0.02093	0.00204	0.02890	0.00989	0.03744	0.00405
124	0.86760	0.00912	0.00693	0.00620	0.00912	0.01058	0.00511	0.01386	0.00802	0.02115	0.00657	0.00766	0.00511	0.00438	0.00292	0.00146	0.00365	0.00255	0.00292	0.00511

[dist]
# distance from previous block
# <min> <max>
0	1

[block]
# block no. 2 follows, 54 sequences, length 25
# corresponding to MSA columns:
# 1193-1217
name=unknown_C
#
# <colnr> <probs for GDERKNQSTAVLIFYWHMCP>
#	G	D	E	R	K	N	Q	S	T	A	V	L	I	F	Y	W	H	M	C	P
0	0.01100	0.12812	0.57062	0.01284	0.03635	0.11339	0.01486	0.01556	0.02970	0.01414	0.00834	0.00969	0.00624	0.00451	0.00428	0.00140	0.00680	0.00337	0.00213	0.00668
1	0.00707	0.00573	0.03013	0.00617	0.00752	0.00513	0.00480	0.00975	0.06469	0.01656	0.45755	0.03341	0.15063	0.09167	0.02992	0.00198	0.00306	0.02311	0.04663	0.00449
2	0.00812	0.00770	0.02016	0.00696	0.00846	0.09389	0.00544	0.01009	0.02960	0.01520	0.31679	0.03153	0.28747	0.00934	0.00615	0.00152	0.07665	0.00760	0.03703	0.02029
3	0.02358	0.00569	0.00699	0.00669	0.00758	0.00618	0.00480	0.05228	0.06082	0.01304	0.07811	0.02369	0.01626	0.31975	0.30959	0.00484	0.00719	0.00589	0.04285	0.00418
4	0.00656	0.00433	0.00573	0.00643	0.00668	0.00418	0.00435	0.00687	0.00830	0.01103	0.02072	0.45941	0.02417	0.17631	0.01169	0.14649	0.00348	0.08622	0.00368	0.00339
5	0.01530	0.01190	0.01267	0.01032	0.01362	0.01339	0.00833	0.46518	0.35042	0.02548	0.01466	0.01398	0.01072	0.00597	0.00475	0.00149	0.00457	0.00471	0.00475	0.00778
6	0.01018	0.01062	0.05331	0.35879	0.19666	0.01131	0.12590	0.03117	0.01001	0.01369	0.00884	0.02956	0.00722	0.00516	0.00617	0.00160	0.10699	0.00455	0.00229	0.00599
7	0.60583	0.05602	0.00894	0.00709	0.01000	0.04729	0.00582	0.07028	0.00983	0.07676	0.00900	0.05922	0.00749	0.00522	0.00344	0.00145	0.00403	0.00352	0.00327	0.00552
8	0.00595	0.00423	0.00561	0.00663	0.00695	0.00399	0.00452	0.00681	0.00903	0.01201	0.02524	0.72660	0.03004	0.06410	0.00714	0.00209	0.00296	0.06801	0.00428	0.00381
9	0.00971	0.00909	0.01521	0.20191	0.43187	0.00944	0.03490	0.01221	0.01018	0.01394	0.01390	0.14464	0.05991	0.00647	0.00498	0.00154	0.00517	0.00606	0.00273	0.00614
10	0.00693	0.00491	0.00668	0.00673	0.00722	0.00534	0.00478	0.00792	0.01970	0.01094	0.05869	0.12409	0.01706	0.24207	0.35387	0.08189	0.02783	0.00667	0.00298	0.00369
11	0.01761	0.02247	0.01336	0.01215	0.01458	0.81537	0.00911	0.01883	0.01336	0.01154	0.00729	0.00850	0.00607	0.00486	0.00425	0.00121	0.00850	0.00304	0.00243	0.00547
12	0.00600	0.00465	0.00546	0.00585	0.00688	0.00420	0.00429	0.00721	0.01014	0.01284	0.08719	0.26528	0.38970	0.05946	0.03093	0.00208	0.00310	0.08651	0.00429	0.00395
13	0.06964	0.15337	0.45753	0.01211	0.01736	0.04312	0.07202	0.01439	0.00989	0.01438	0.00885	0.01175	0.00713	0.00563	0.02463	0.00161	0.02953	0.03850	0.00223	0.00635
14	0.00627	0.00438	0.00548	0.00613	0.00641	0.00421	0.00401	0.00692	0.00851	0.01131	0.04080	0.46099	0.04600	0.30573	0.01242	0.00286	0.00346	0.05672	0.00385	0.00353
15	0.00568	0.00437	0.00520	0.00586	0.00665	0.00389	0.00406	0.00664	0.00970	0.01231	0.03455	0.52208	0.33479	0.01366	0.00584	0.00179	0.00260	0.01205	0.00438	0.00389
16	0.00590	0.00417	0.00542	0.00637	0.00660	0.00393	0.00416	0.00661	0.00872	0.01163	0.02442	0.71861	0.02921	0.13008	0.00855	0.00229	0.00299	0.01248	0.00416	0.00369
17	0.00685	0.00460	0.00529	0.00529	0.00534	0.00465	0.00304	0.00695	0.00690	0.00925	0.01472	0.03011	0.01682	0.78608	0.07177	0.00475	0.00506	0.00675	0.00284	0.00294
18	0.00875	0.00589	0.00890	0.20349	0.03552	0.00657	0.00696	0.03708	0.02422	0.01098	0.00934	0.01436	0.00836	0.01426	0.09844	0.45933	0.00554	0.00426	0.03412	0.00361
19	0.61297	0.01034	0.00909	0.00759	0.01077	0.01179	0.00626	0.24621	0.01226	0.02372	0.00799	0.00876	0.00598	0.00476	0.00346	0.00145	0.00411	0.00306	0.00346	0.00598
20	0.00978	0.00838	0.00978	0.00698	0.01117	0.00629	0.00559	0.01187	0.00978	0.01536	0.00838	0.00978	0.00698	0.00349	0.00349	0.00070	0.00349	0.00279	0.00279	0.86312
21	0.14563	0.00553	0.00677	0.00645	0.00719	0.00589	0.00457	0.05480	0.00753	0.01177	0.00878	0.01434	0.00844	0.06520	0.06013	0.57280	0.00460	0.00408	0.00242	0.00307
22	0.05737	0.01181	0.01307	0.01006	0.01377	0.01263	0.00831	0.57419	0.01949	0.21187	0.01281	0.01226	0.00874	0.00564	0.00464	0.00143	0.00484	0.00428	0.00490	0.00789
23	0.00941	0.00775	0.00902	0.00667	0.01029	0.00599	0.00524	0.01140	0.00979	0.01532	0.04689	0.01265	0.00965	0.05045	0.00473	0.00098	0.00341	0.00339	0.05567	0.72131
24	0.00699	0.00454	0.00537	0.00537	0.00541	0.00458	0.00313	0.00685	0.00681	0.00913	0.01403	0.02849	0.01592	0.70831	0.06100	0.09709	0.00490	0.00647	0.00275	0.00283

[dist]
# distance from previous block
# <min> <max>
1	2

[block]
# block no. 3 follows, 54 sequences, length 127
# corresponding to MSA columns:
# 1220-1272,1299-1349,1369-1391
name=unknown_D
#
# <colnr> <probs for GDERKNQSTAVLIFYWHMCP>
#	G	D	E	R	K	N	Q	S	T	A	V	L	I	F	Y	W	H	M	C	P
0	0.01512	0.05593	0.01237	0.01015	0.01290	0.49610	0.00782	0.07130	0.01283	0.01411	0.00860	0.00986	0.00702	0.00472	0.00399	0.00112	0.00657	0.00320	0.09593	0.15034
1	0.00813	0.00412	0.00610	0.00610	0.00610	0.00412	0.00404	0.00617	0.00617	0.00823	0.00849	0.01508	0.00859	0.05329	0.01868	0.82409	0.00412	0.00422	0.00208	0.00208
2	0.01048	0.01085	0.01760	0.02853	0.01564	0.01378	0.19442	0.01225	0.00819	0.01225	0.00702	0.01092	0.00642	0.00718	0.01294	0.00194	0.61754	0.00447	0.00214	0.00544
3	0.00574	0.00410	0.00547	0.00657	0.00684	0.00383	0.00438	0.00657	0.00903	0.01204	0.02599	0.83122	0.03119	0.01477	0.00602	0.00191	0.00274	0.01340	0.00438	0.00383
4	0.01046	0.01001	0.01707	0.36619	0.44716	0.01097	0.02719	0.01339	0.01012	0.01389	0.00862	0.01204	0.00693	0.00450	0.00492	0.00149	0.02215	0.00422	0.00223	0.00645
5	0.02158	0.19136	0.52154	0.02610	0.01771	0.01215	0.01390	0.02900	0.01028	0.06503	0.00873	0.00988	0.00643	0.00445	0.00414	0.00135	0.00614	0.00335	0.00234	0.04453
6	0.01118	0.37282	0.34185	0.01040	0.01535	0.02882	0.03783	0.01445	0.00995	0.02772	0.00846	0.00979	0.00671	0.00439	0.00378	0.00125	0.00571	0.00324	0.08000	0.00631
7	0.00676	0.00497	0.00714	0.00714	0.00783	0.00566	0.00535	0.00814	0.00745	0.01062	0.01303	0.02074	0.01275	0.17898	0.67331	0.00704	0.01118	0.00538	0.00259	0.00397
8	0.01229	0.01134	0.01776	0.11527	0.61732	0.04812	0.01353	0.04354	0.01126	0.05089	0.00927	0.01181	0.00748	0.00442	0.00466	0.00141	0.00573	0.00417	0.00256	0.00717
9	0.01048	0.08511	0.03150	0.17948	0.43037	0.01089	0.04638	0.01315	0.01043	0.01428	0.06128	0.01471	0.03595	0.03022	0.00524	0.00152	0.00546	0.00464	0.00252	0.00639
10	0.02192	0.00828	0.01092	0.11297	0.01374	0.00876	0.03190	0.12217	0.03832	0.09808	0.06489	0.15740	0.05150	0.01759	0.00635	0.00156	0.09910	0.00629	0.00376	0.12450
11	0.11028	0.01573	0.01215	0.01042	0.01334	0.36047	0.00814	0.18355	0.10679	0.10804	0.02031	0.01126	0.00846	0.00533	0.00434	0.00136	0.00612	0.00377	0.00367	0.00648
12	0.01241	0.01260	0.01569	0.06689	0.46203	0.18850	0.01184	0.01465	0.01118	0.03572	0.01091	0.08435	0.01008	0.00570	0.00477	0.00145	0.00594	0.03614	0.00270	0.00647
13	0.00919	0.00894	0.01589	0.72016	0.03147	0.01066	0.11226	0.01244	0.00965	0.01244	0.00853	0.01259	0.00640	0.00462	0.00482	0.00157	0.00650	0.00437	0.00213	0.00538
14	0.01045	0.04312	0.01558	0.02906	0.06052	0.03038	0.19984	0.01319	0.04554	0.06090	0.06465	0.07512	0.04754	0.00773	0.00743	0.00173	0.17028	0.10808	0.00326	0.00561
15	0.00954	0.08743	0.64547	0.01306	0.05062	0.01103	0.01551	0.01425	0.01000	0.01449	0.01055	0.02617	0.03468	0.00516	0.00450	0.00148	0.00644	0.03074	0.00221	0.00667
16	0.00582	0.00416	0.00556	0.00665	0.00696	0.00389	0.00451	0.00670	0.00910	0.01212	0.02595	0.79952	0.03102	0.01470	0.00604	0.00193	0.00280	0.04436	0.00438	0.00385
17	0.02091	0.00842	0.01118	0.00857	0.01223	0.00751	0.00708	0.08086	0.01415	0.74934	0.01805	0.01569	0.01140	0.00582	0.00474	0.00146	0.00410	0.00470	0.00575	0.00802
18	0.01190	0.01101	0.01712	0.35479	0.10923	0.06366	0.16903	0.08728	0.03487	0.06170	0.00974	0.01242	0.00729	0.00480	0.00510	0.00152	0.02509	0.00446	0.00275	0.00621
19	0.01177	0.02836	0.01782	0.19496	0.12384	0.01083	0.23432	0.09941	0.02024	0.07836	0.02034	0.05418	0.00984	0.01989	0.00571	0.00162	0.03094	0.02824	0.00305	0.00627
20	0.00586	0.00417	0.00556	0.00662	0.00692	0.00392	0.00448	0.00671	0.00905	0.01205	0.02565	0.77589	0.03064	0.03625	0.00651	0.00200	0.00285	0.04671	0.00434	0.00383
21	0.09511	0.02673	0.09242	0.04649	0.01554	0.01277	0.04103	0.47368	0.01743	0.11616	0.01116	0.01145	0.00783	0.00531	0.00454	0.00144	0.00524	0.00409	0.00416	0.00742
22	0.01211	0.01219	0.01716	0.16082	0.52871	0.11484	0.01320	0.03264	0.03576	0.01480	0.00896	0.01159	0.00732	0.00448	0.00463	0.00141	0.00602	0.00409	0.00244	0.00684
23	0.00985	0.00983	0.01650	0.01333	0.01501	0.01151	0.23827	0.02216	0.04366	0.01318	0.01114	0.11785	0.01084	0.00947	0.05954	0.00222	0.36540	0.02214	0.00269	0.00540
24	0.00565	0.00476	0.00490	0.00497	0.00648	0.00402	0.00373	0.00687	0.01072	0.01285	0.06046	0.08246	0.73460	0.01206	0.00561	0.00162	0.00245	0.02742	0.00439	0.00399
25	0.00785	0.00571	0.00715	0.00775	0.03296	0.00575	0.00531	0.05757	0.08365	0.03394	0.03685	0.48659	0.05066	0.09563	0.02972	0.00224	0.00360	0.03826	0.00422	0.00460
26	0.04633	0.00451	0.00634	0.00633	0.00668	0.00466	0.00444	0.00702	0.00694	0.00987	0.03767	0.03140	0.02861	0.01786	0.12305	0.62217	0.00507	0.01767	0.01067	0.00269
