[name]
unknown

[dist]
# distance from previous block
# <min> <max>
2	38

[block]
# block no. 0 follows, 51 sequences, length 20
# corresponding to MSA columns:
# 38-57
name=unknown_A
#
# <colnr> <probs for GDERKNQSTAVLIFYWHMCP>
#	G	D	E	R	K	N	Q	S	T	A	V	L	I	F	Y	W	H	M	C	P
0	0.01203	0.01154	0.01970	0.06757	0.76030	0.01164	0.01501	0.01496	0.01112	0.01589	0.00922	0.01221	0.00773	0.00440	0.00487	0.00147	0.00587	0.00438	0.00242	0.00767
1	0.11061	0.01104	0.01292	0.05065	0.11120	0.01210	0.00902	0.21805	0.26969	0.12202	0.01445	0.01426	0.01053	0.00579	0.00473	0.00155	0.00468	0.00466	0.00444	0.00762
2	0.01216	0.01168	0.01995	0.03016	0.79664	0.01168	0.01508	0.01508	0.01119	0.01605	0.00924	0.01216	0.00778	0.00438	0.00487	0.00146	0.00584	0.00438	0.00243	0.00778
3	0.00630	0.00497	0.00568	0.00555	0.00695	0.00435	0.00415	0.00799	0.01229	0.01598	0.36461	0.06975	0.45089	0.01153	0.00582	0.00162	0.00243	0.00987	0.00492	0.00435
4	0.86201	0.00950	0.00722	0.00646	0.00950	0.01102	0.00532	0.01445	0.00836	0.02205	0.00684	0.00798	0.00532	0.00456	0.00304	0.00152	0.00380	0.00266	0.00304	0.00532
5	0.01204	0.01155	0.01973	0.06303	0.76471	0.01164	0.01502	0.01498	0.01113	0.01591	0.00922	0.01220	0.00773	0.00440	0.00487	0.00147	0.00587	0.00438	0.00242	0.00769
6	0.01260	0.12036	0.02625	0.01760	0.02226	0.01296	0.57635	0.01681	0.05651	0.07271	0.01080	0.01310	0.00809	0.00444	0.00534	0.00157	0.00733	0.00531	0.00284	0.00678
7	0.00928	0.00873	0.01474	0.81548	0.03385	0.01092	0.01365	0.01256	0.00983	0.01256	0.00873	0.01310	0.00655	0.00491	0.00491	0.00164	0.00655	0.00437	0.00218	0.00546
8	0.01156	0.01106	0.01886	0.19373	0.63776	0.01152	0.01478	0.01456	0.01091	0.01533	0.00914	0.01236	0.00753	0.00449	0.00488	0.00150	0.00599	0.00438	0.00238	0.00730
9	0.01314	0.83025	0.02575	0.00841	0.01261	0.01945	0.00841	0.01472	0.00999	0.01156	0.00683	0.00788	0.00631	0.00420	0.00315	0.00105	0.00526	0.00263	0.00210	0.00631
10	0.01189	0.01140	0.01945	0.10497	0.72398	0.01160	0.01495	0.01484	0.01106	0.01572	0.00920	0.01225	0.00767	0.00443	0.00487	0.00148	0.00591	0.00438	0.00241	0.00756
11	0.00709	0.00500	0.00655	0.00655	0.00697	0.00541	0.00447	0.00791	0.00750	0.01041	0.01439	0.02611	0.01524	0.45514	0.39357	0.00624	0.00872	0.00626	0.00282	0.00364
12	0.00702	0.00527	0.00790	0.00790	0.00878	0.00614	0.00614	0.00878	0.00790	0.01141	0.01316	0.01931	0.01229	0.03686	0.80782	0.00790	0.01316	0.00527	0.00263	0.00439
13	0.01155	0.01265	0.02557	0.02087	0.13387	0.01272	0.55235	0.01505	0.01092	0.01519	0.00931	0.01272	0.00735	0.00486	0.00724	0.00170	0.13169	0.00537	0.00243	0.00660
14	0.00599	0.00428	0.00570	0.00684	0.00713	0.00399	0.00456	0.00684	0.00941	0.01254	0.02709	0.82409	0.03250	0.01540	0.00627	0.00200	0.00285	0.01397	0.00456	0.00399
15	0.02205	0.00836	0.01140	0.00874	0.01254	0.00722	0.00722	0.02395	0.01407	0.80004	0.01939	0.01673	0.01216	0.00608	0.00494	0.00152	0.00418	0.00494	0.00608	0.00836
16	0.01216	0.01168	0.01995	0.03016	0.79664	0.01168	0.01508	0.01508	0.01119	0.01605	0.00924	0.01216	0.00778	0.00438	0.00487	0.00146	0.00584	0.00438	0.00243	0.00778
17	0.00986	0.02542	0.80183	0.01401	0.02127	0.01141	0.01816	0.01556	0.01038	0.01556	0.00882	0.01038	0.00623	0.00467	0.00467	0.00156	0.00726	0.00363	0.00208	0.00726
18	0.01254	0.01071	0.01129	0.01006	0.01290	0.01237	0.00785	0.06289	0.75048	0.02107	0.01960	0.01802	0.01468	0.00663	0.00500	0.00166	0.00396	0.00550	0.00500	0.00781
19	0.86201	0.00950	0.00722	0.00646	0.00950	0.01102	0.00532	0.01445	0.00836	0.02205	0.00684	0.00798	0.00532	0.00456	0.00304	0.00152	0.00380	0.00266	0.00304	0.00532

[dist]
# distance from previous block
# <min> <max>
0	1

[block]
# block no. 1 follows, 51 sequences, length 48
# corresponding to MSA columns:
# 59-106
name=unknown_B
#
# <colnr> <probs for GDERKNQSTAVLIFYWHMCP>
#	G	D	E	R	K	N	Q	S	T	A	V	L	I	F	Y	W	H	M	C	P
0	0.00938	0.00884	0.01492	0.78776	0.06078	0.01094	0.01370	0.01265	0.00987	0.01268	0.00875	0.01307	0.00659	0.00489	0.00491	0.00163	0.00653	0.00437	0.00219	0.00554
1	0.01868	0.01376	0.01475	0.01131	0.01524	0.01524	0.00934	0.78025	0.02311	0.03097	0.01180	0.01180	0.00836	0.00590	0.00492	0.00147	0.00541	0.00442	0.00492	0.00836
2	0.00928	0.00873	0.01474	0.81548	0.03385	0.01092	0.01365	0.01256	0.00983	0.01256	0.00873	0.01310	0.00655	0.00491	0.00491	0.00164	0.00655	0.00437	0.00218	0.00546
3	0.02205	0.00836	0.01140	0.00874	0.01254	0.00722	0.00722	0.02395	0.01407	0.80004	0.01939	0.01673	0.01216	0.00608	0.00494	0.00152	0.00418	0.00494	0.00608	0.00836
4	0.02196	0.00851	0.01150	0.00881	0.01262	0.00744	0.00728	0.04455	0.01431	0.77910	0.01918	0.01659	0.01206	0.00608	0.00494	0.00152	0.00422	0.00493	0.00605	0.00836
5	0.00715	0.00476	0.00536	0.00536	0.00536	0.00476	0.00298	0.00715	0.00715	0.00953	0.01548	0.03216	0.01787	0.82729	0.02501	0.00476	0.00476	0.00715	0.00298	0.00298
6	0.01216	0.01168	0.01995	0.03016	0.79664	0.01168	0.01508	0.01508	0.01119	0.01605	0.00924	0.01216	0.00778	0.00438	0.00487	0.00146	0.00584	0.00438	0.00243	0.00778
7	0.00599	0.00428	0.00570	0.00684	0.00713	0.00399	0.00456	0.00684	0.00941	0.01254	0.02709	0.82409	0.03250	0.01540	0.00627	0.00200	0.00285	0.01397	0.00456	0.00399
8	0.00587	0.00492	0.00510	0.00518	0.00670	0.00415	0.00384	0.00712	0.01115	0.01345	0.07540	0.11087	0.70425	0.01260	0.00585	0.00168	0.00251	0.01061	0.00459	0.00415
9	0.01160	0.01326	0.02900	0.02071	0.02568	0.01243	0.77879	0.01574	0.01160	0.01574	0.00994	0.01326	0.00746	0.00414	0.00580	0.00166	0.00829	0.00580	0.00249	0.00663
10	0.00606	0.00433	0.00578	0.00692	0.00724	0.00405	0.00468	0.00696	0.00948	0.01262	0.02705	0.79618	0.03235	0.01533	0.00629	0.00201	0.00291	0.04118	0.00456	0.00401
11	0.01790	0.02353	0.05592	0.01273	0.01552	0.76513	0.00996	0.01941	0.01374	0.01222	0.00766	0.00894	0.00632	0.00504	0.00444	0.00128	0.00878	0.00319	0.00251	0.00578
12	0.00928	0.00873	0.01474	0.81548	0.03385	0.01092	0.01365	0.01256	0.00983	0.01256	0.00873	0.01310	0.00655	0.00491	0.00491	0.00164	0.00655	0.00437	0.00218	0.00546
13	0.01200	0.01151	0.01965	0.07568	0.75243	0.01163	0.01500	0.01494	0.01111	0.01585	0.00921	0.01222	0.00771	0.00441	0.00487	0.00147	0.00588	0.00438	0.00242	0.00765
14	0.00714	0.00479	0.00549	0.00549	0.00553	0.00483	0.00313	0.00723	0.00718	0.00962	0.01537	0.03153	0.01759	0.78830	0.06363	0.00492	0.00518	0.00705	0.00296	0.00305
15	0.26623	0.02016	0.53054	0.01163	0.01749	0.01145	0.01394	0.04686	0.01030	0.01815	0.00835	0.00972	0.00604	0.00469	0.00419	0.00154	0.00615	0.00337	0.00248	0.00672
16	0.00715	0.00476	0.00536	0.00536	0.00536	0.00476	0.00298	0.00715	0.00715	0.00953	0.01548	0.03216	0.01787	0.82729	0.02501	0.00476	0.00476	0.00715	0.00298	0.00298
17	0.00603	0.00429	0.00569	0.00679	0.00706	0.00402	0.00450	0.00685	0.00933	0.01244	0.02667	0.79546	0.03197	0.04474	0.00695	0.00210	0.00292	0.01372	0.00450	0.00395
18	0.01154	0.01381	0.06925	0.02086	0.06654	0.01233	0.69800	0.01570	0.01151	0.01575	0.00985	0.01305	0.00741	0.00418	0.00569	0.00164	0.00810	0.00561	0.00246	0.00672
19	0.01203	0.01181	0.02110	0.09166	0.56142	0.01187	0.16176	0.03925	0.01154	0.01618	0.00942	0.01244	0.00764	0.00442	0.00505	0.00151	0.00635	0.00465	0.00250	0.00739
20	0.01910	0.01309	0.01433	0.01099	0.01490	0.01424	0.00908	0.68580	0.02198	0.12702	0.01275	0.01241	0.00883	0.00592	0.00492	0.00148	0.00525	0.00449	0.00506	0.00836
21	0.01015	0.01021	0.01905	0.53340	0.09646	0.01139	0.22108	0.01363	0.01042	0.01372	0.00910	0.01306	0.00690	0.00466	0.00515	0.00163	0.00696	0.00476	0.00229	0.00597
22	0.00696	0.00502	0.00657	0.00618	0.00734	0.00464	0.00464	0.00927	0.01391	0.01971	0.79405	0.03671	0.04637	0.01005	0.00580	0.00155	0.00232	0.00889	0.00541	0.00464
23	0.00872	0.00454	0.00473	0.00489	0.00592	0.00450	0.00359	0.01082	0.01018	0.01753	0.01755	0.12925	0.01534	0.00706	0.00383	0.00126	0.00237	0.00587	0.73755	0.00450
24	0.00596	0.00489	0.00526	0.00536	0.00678	0.00418	0.00395	0.00728	0.01128	0.01392	0.13254	0.14743	0.60902	0.01255	0.00587	0.00169	0.00252	0.01067	0.00466	0.00418
25	0.01314	0.83025	0.02575	0.00841	0.01261	0.01945	0.00841	0.01472	0.00999	0.01156	0.00683	0.00788	0.00631	0.00420	0.00315	0.00105	0.00526	0.00263	0.00210	0.00631
26	0.00599	0.00428	0.00570	0.00684	0.00713	0.00399	0.00456	0.00684	0.00941	0.01254	0.02709	0.82409	0.03250	0.01540	0.00627	0.00200	0.00285	0.01397	0.00456	0.00399
27	0.00916	0.00458	0.00458	0.00458	0.00573	0.00458	0.00344	0.01145	0.01031	0.01832	0.01603	0.01832	0.01260	0.00573	0.00344	0.00115	0.00229	0.00458	0.85457	0.00458
28	0.02205	0.00836	0.01140	0.00874	0.01254	0.00722	0.00722	0.02395	0.01407	0.80004	0.01939	0.01673	0.01216	0.00608	0.00494	0.00152	0.00418	0.00494	0.00608	0.00836
29	0.02205	0.00836	0.01140	0.00874	0.01254	0.00722	0.00722	0.02395	0.01407	0.80004	0.01939	0.01673	0.01216	0.00608	0.00494	0.00152	0.00418	0.00494	0.00608	0.00836
30	0.01019	0.00873	0.01019	0.00728	0.01165	0.00655	0.00582	0.01237	0.01019	0.01601	0.00873	0.01019	0.00728	0.00364	0.00364	0.00073	0.00364	0.00291	0.00291	0.85734
31	0.86201	0.00950	0.00722	0.00646	0.00950	0.01102	0.00532	0.01445	0.00836	0.02205	0.00684	0.00798	0.00532	0.00456	0.00304	0.00152	0.00380	0.00266	0.00304	0.00532
32	0.86201	0.00950	0.00722	0.00646	0.00950	0.01102	0.00532	0.01445	0.00836	0.02205	0.00684	0.00798	0.00532	0.00456	0.00304	0.00152	0.00380	0.00266	0.00304	0.00532
33	0.00854	0.00427	0.00640	0.00640	0.00640	0.00427	0.00427	0.00640	0.00640	0.00854	0.00854	0.01494	0.00854	0.01707	0.01921	0.85702	0.00427	0.00427	0.00213	0.00213
34	0.00792	0.00566	0.00792	0.00905	0.01018	0.00566	0.00792	0.01018	0.01131	0.01471	0.02602	0.05543	0.02828	0.01358	0.00679	0.00226	0.00453	0.76356	0.00453	0.00453
35	0.01160	0.01326	0.02900	0.02071	0.02568	0.01243	0.77879	0.01574	0.01160	0.01574	0.00994	0.01326	0.00746	0.00414	0.00580	0.00166	0.00829	0.00580	0.00249	0.00663
36	0.00691	0.00502	0.00651	0.00614	0.00732	0.00462	0.00460	0.00919	0.01381	0.01947	0.76703	0.03709	0.07353	0.01013	0.00580	0.00155	0.00232	0.00894	0.00538	0.00462
37	0.02193	0.00855	0.01152	0.00883	0.01264	0.00751	0.00730	0.05065	0.01438	0.77289	0.01912	0.01655	0.01203	0.00608	0.00494	0.00152	0.00422	0.00492	0.00604	0.00836
38	0.01092	0.01054	0.01753	0.29916	0.38424	0.01199	0.03123	0.01368	0.01012	0.01413	0.00862	0.01228	0.00713	0.00526	0.00678	0.00164	0.14151	0.00439	0.00230	0.00655
39	0.01141	0.01447	0.11372	0.01949	0.02455	0.01236	0.65600	0.01595	0.03459	0.01579	0.01005	0.01304	0.00753	0.00437	0.00586	0.00166	0.02443	0.00552	0.00251	0.00671
40	0.01795	0.02275	0.01399	0.01267	0.01507	0.76532	0.00956	0.01921	0.01359	0.01202	0.00754	0.00896	0.00634	0.00525	0.00505	0.00131	0.05200	0.00323	0.00251	0.00568
41	0.00792	0.00566	0.00792	0.00905	0.01018	0.00566	0.00792	0.01018	0.01131	0.01471	0.02602	0.05543	0.02828	0.01358	0.00679	0.00226	0.00453	0.76356	0.00453	0.00453
42	0.01050	0.00892	0.01036	0.00742	0.01178	0.00686	0.00595	0.04013	0.01066	0.01655	0.00885	0.01025	0.00732	0.00372	0.00369	0.00075	0.00370	0.00297	0.00298	0.82665
43	0.00722	0.00512	0.00663	0.00636	0.00759	0.00471	0.00485	0.00942	0.01344	0.03439	0.65481	0.05356	0.09949	0.01050	0.00586	0.00161	0.00253	0.06197	0.00528	0.00466
44	0.01868	0.01376	0.01475	0.01131	0.01524	0.01524	0.00934	0.78025	0.02311	0.03097	0.01180	0.01180	0.00836	0.00590	0.00492	0.00147	0.00541	0.00442	0.00492	0.00836
45	0.01868	0.01376	0.01475	0.01131	0.01524	0.01524	0.00934	0.78025	0.02311	0.03097	0.01180	0.01180	0.00836	0.00590	0.00492	0.00147	0.00541	0.00442	0.00492	0.00836
46	0.00612	0.00498	0.00538	0.00528	0.00677	0.00428	0.00393	0.00759	0.01175	0.01473	0.22958	0.04430	0.59109	0.03475	0.00634	0.00172	0.00251	0.00992	0.00472	0.00423
47	0.00677	0.00500	0.00633	0.00603	0.00724	0.00455	0.00451	0.00891	0.01343	0.01865	0.67284	0.05491	0.15157	0.01050	0.00581	0.00157	0.00235	0.00920	0.00527	0.00455

[dist]
# distance from previous block
# <min> <max>
0	3

[block]
# block no. 2 follows, 51 sequences, length 152
# corresponding to MSA columns:
# 110-214,273-319
name=unknown_C
#
# <colnr> <probs for GDERKNQSTAVLIFYWHMCP>
#	G	D	E	R	K	N	Q	S	T	A	V	L	I	F	Y	W	H	M	C	P
0	0.00620	0.00496	0.00555	0.00548	0.00690	0.00430	0.00408	0.00779	0.01201	0.01539	0.29800	0.08521	0.50319	0.01180	0.00583	0.00164	0.00245	0.01007	0.00485	0.00430
1	0.86201	0.00950	0.00722	0.00646	0.00950	0.01102	0.00532	0.01445	0.00836	0.02205	0.00684	0.00798	0.00532	0.00456	0.00304	0.00152	0.00380	0.00266	0.00304	0.00532
2	0.00672	0.00501	0.00625	0.00594	0.00720	0.00454	0.00445	0.00882	0.01336	0.01840	0.64296	0.03886	0.19827	0.01053	0.00580	0.00157	0.00235	0.00919	0.00524	0.00454
3	0.01314	0.83025	0.02575	0.00841	0.01261	0.01945	0.00841	0.01472	0.00999	0.01156	0.00683	0.00788	0.00631	0.00420	0.00315	0.00105	0.00526	0.00263	0.00210	0.00631
4	0.00598	0.00429	0.00569	0.00680	0.00712	0.00400	0.00454	0.00685	0.00945	0.01256	0.02760	0.80655	0.04971	0.01533	0.00626	0.00199	0.00284	0.01389	0.00456	0.00400
5	0.00712	0.00487	0.00588	0.00588	0.00606	0.00504	0.00362	0.00748	0.00730	0.00991	0.01501	0.02954	0.01673	0.66640	0.18435	0.00540	0.00647	0.00676	0.00291	0.00326
6	0.01044	0.00873	0.01022	0.00731	0.01167	0.00657	0.00585	0.01262	0.01027	0.03276	0.00896	0.01033	0.00738	0.00369	0.00367	0.00074	0.00365	0.00295	0.00298	0.83920
7	0.00581	0.00498	0.00498	0.00498	0.00664	0.00415	0.00373	0.00705	0.01120	0.01328	0.04978	0.04729	0.79464	0.01245	0.00581	0.00166	0.00249	0.01037	0.00456	0.00415
8	0.01181	0.01132	0.01931	0.12586	0.70368	0.01158	0.01491	0.01477	0.01102	0.01563	0.00918	0.01228	0.00763	0.00444	0.00487	0.00148	0.00592	0.00438	0.00240	0.00750
9	0.01132	0.00982	0.01227	0.00899	0.01325	0.03982	0.08162	0.01410	0.04075	0.05474	0.00977	0.01107	0.00780	0.00398	0.00400	0.00092	0.00434	0.00341	0.00309	0.66494
10	0.00617	0.00499	0.00548	0.00536	0.00686	0.00430	0.00402	0.00775	0.01205	0.01529	0.28280	0.04398	0.56037	0.01169	0.00580	0.00162	0.00244	0.00991	0.00483	0.00430
11	0.01185	0.00901	0.01042	0.00758	0.01184	0.02416	0.00608	0.01398	0.01076	0.11403	0.01004	0.01098	0.00787	0.00398	0.00382	0.00084	0.00382	0.00317	0.00330	0.73247
12	0.86201	0.00950	0.00722	0.00646	0.00950	0.01102	0.00532	0.01445	0.00836	0.02205	0.00684	0.00798	0.00532	0.00456	0.00304	0.00152	0.00380	0.00266	0.00304	0.00532
13	0.00957	0.00479	0.00489	0.00479	0.00604	0.00479	0.00362	0.01206	0.02446	0.04005	0.01620	0.01828	0.01263	0.00575	0.00351	0.00116	0.00237	0.00461	0.81568	0.00474
14	0.00587	0.00493	0.00510	0.00516	0.00670	0.00416	0.00383	0.00713	0.01118	0.01349	0.07872	0.10232	0.70951	0.01256	0.00584	0.00168	0.00251	0.01057	0.00460	0.00416
15	0.17241	0.01301	0.01295	0.01022	0.01383	0.04480	0.00839	0.58143	0.01957	0.02812	0.01089	0.01124	0.00789	0.00562	0.00450	0.00146	0.00513	0.00406	0.03695	0.00756
16	0.00600	0.00436	0.00567	0.00666	0.00709	0.00403	0.00449	0.00694	0.00972	0.01285	0.05482	0.72946	0.09988	0.01496	0.00622	0.00195	0.00280	0.01348	0.00459	0.00403
17	0.00885	0.00727	0.00880	0.00835	0.03273	0.00752	0.02331	0.01500	0.27549	0.01895	0.39335	0.03063	0.13208	0.00892	0.00550	0.00160	0.00311	0.00775	0.00501	0.00577
18	0.20275	0.02182	0.62196	0.01230	0.01861	0.01132	0.01525	0.01531	0.00992	0.01703	0.00837	0.00983	0.00602	0.00464	0.00430	0.00155	0.00648	0.00341	0.00229	0.00682
19	0.01314	0.83025	0.02575	0.00841	0.01261	0.01945	0.00841	0.01472	0.00999	0.01156	0.00683	0.00788	0.00631	0.00420	0.00315	0.00105	0.00526	0.00263	0.00210	0.00631
20	0.00581	0.00498	0.00498	0.00498	0.00664	0.00415	0.00373	0.00705	0.01120	0.01328	0.04978	0.04729	0.79464	0.01245	0.00581	0.00166	0.00249	0.01037	0.00456	0.00415
21	0.01204	0.01040	0.01117	0.03702	0.01344	0.01205	0.00798	0.02535	0.74652	0.02017	0.01974	0.01888	0.01498	0.00674	0.00503	0.00168	0.00399	0.02028	0.00490	0.00764
22	0.01239	0.01053	0.01114	0.00993	0.01271	0.01210	0.00775	0.06821	0.71481	0.02111	0.04916	0.01867	0.01583	0.00675	0.00503	0.00165	0.00392	0.00562	0.00501	0.00769
23	0.01215	0.50588	0.27862	0.01030	0.01550	0.01617	0.01153	0.04275	0.01060	0.01375	0.00774	0.00893	0.00639	0.00440	0.00373	0.00122	0.00586	0.00303	0.00223	0.03922
24	0.01211	0.03621	0.04216	0.02871	0.72259	0.01193	0.04416	0.01511	0.01115	0.01590	0.00919	0.01203	0.00768	0.00437	0.00485	0.00146	0.00595	0.00436	0.00241	0.00768
25	0.00949	0.00522	0.00528	0.00516	0.00648	0.00539	0.00390	0.01301	0.09311	0.01856	0.01645	0.01832	0.01285	0.00583	0.00360	0.00120	0.00246	0.00468	0.76409	0.00492
26	0.01055	0.00974	0.01668	0.53797	0.25126	0.01109	0.04312	0.01372	0.01040	0.03553	0.00922	0.01294	0.00709	0.00476	0.00493	0.00158	0.00635	0.00444	0.00237	0.00625
27	0.01083	0.00881	0.01307	0.03458	0.03522	0.00901	0.14086	0.10074	0.10973	0.05960	0.33214	0.02456	0.05337	0.00766	0.00589	0.00160	0.03487	0.00686	0.00450	0.00610
28	0.01886	0.10320	0.06753	0.00987	0.01394	0.01145	0.00875	0.26984	0.01625	0.39400	0.01491	0.02676	0.01019	0.00587	0.00474	0.00146	0.00489	0.00457	0.00496	0.00799
29	0.00589	0.00465	0.00532	0.00586	0.00687	0.00407	0.00412	0.00695	0.01036	0.01293	0.03909	0.41336	0.43548	0.01384	0.00603	0.00182	0.00266	0.01207	0.00456	0.00407
30	0.02827	0.01234	0.05338	0.05091	0.11157	0.01274	0.00995	0.33105	0.22457	0.06784	0.01420	0.03771	0.01076	0.00608	0.00493	0.00155	0.00503	0.00496	0.00439	0.00776
31	0.01124	0.01089	0.01777	0.33112	0.48082	0.03481	0.01437	0.01425	0.01075	0.01459	0.00900	0.01243	0.00727	0.00460	0.00487	0.00152	0.00620	0.00434	0.00234	0.00683
32	0.01030	0.02480	0.77308	0.01382	0.02095	0.01126	0.01776	0.01587	0.01051	0.04410	0.00920	0.01061	0.00644	0.00472	0.00468	0.00156	0.00715	0.00368	0.00222	0.00730
33	0.00597	0.00434	0.00564	0.00668	0.00709	0.00401	0.00449	0.00686	0.00956	0.01261	0.02903	0.75740	0.09793	0.01514	0.00623	0.00197	0.00282	0.01366	0.00456	0.00401
34	0.01195	0.01226	0.02329	0.02667	0.51144	0.01195	0.29760	0.01533	0.01134	0.01594	0.00950	0.01257	0.00766	0.00429	0.00521	0.00153	0.00674	0.00490	0.00245	0.00736
35	0.01308	0.03474	0.01201	0.01012	0.01309	0.01282	0.00800	0.12298	0.66666	0.02164	0.01856	0.01719	0.01389	0.00650	0.00494	0.00162	0.00412	0.00533	0.00491	0.00781
36	0.00848	0.00431	0.00646	0.00646	0.00649	0.00434	0.00434	0.00649	0.00646	0.00865	0.00871	0.01511	0.00868	0.01783	0.04935	0.82457	0.00461	0.00431	0.00215	0.00222
37	0.01216	0.01168	0.01995	0.03016	0.79664	0.01168	0.01508	0.01508	0.01119	0.01605	0.00924	0.01216	0.00778	0.00438	0.00487	0.00146	0.00584	0.00438	0.00243	0.00778
38	0.02080	0.00809	0.01100	0.00853	0.01211	0.00701	0.00701	0.02273	0.01405	0.73529	0.08367	0.01838	0.01500	0.00641	0.00501	0.00152	0.00403	0.00527	0.00603	0.00805
39	0.01314	0.83025	0.02575	0.00841	0.01261	0.01945	0.00841	0.01472	0.00999	0.01156	0.00683	0.00788	0.00631	0.00420	0.00315	0.00105	0.00526	0.00263	0.00210	0.00631
40	0.00701	0.00513	0.00649	0.00621	0.00740	0.00478	0.00463	0.00950	0.03612	0.01878	0.65093	0.08581	0.09948	0.01037	0.00575	0.00158	0.00241	0.00912	0.02386	0.00465
41	0.00693	0.00502	0.00653	0.00615	0.00733	0.00463	0.00462	0.00922	0.01385	0.01955	0.77642	0.03696	0.06409	0.01010	0.00580	0.00155	0.00232	0.00892	0.00539	0.00463
42	0.00599	0.00428	0.00570	0.00684	0.00713	0.00399	0.00456	0.00684	0.00941	0.01254	0.02709	0.82409	0.03250	0.01540	0.00627	0.00200	0.00285	0.01397	0.00456	0.00399
43	0.01508	0.01796	0.01441	0.01276	0.01421	0.46603	0.01004	0.01626	0.01117	0.01194	0.00710	0.00968	0.00638	0.00659	0.00947	0.00165	0.35769	0.00365	0.00237	0.00556
44	0.01314	0.83025	0.02575	0.00841	0.01261	0.01945	0.00841	0.01472	0.00999	0.01156	0.00683	0.00788	0.00631	0.00420	0.00315	0.00105	0.00526	0.00263	0.00210	0.00631
45	0.86201	0.00950	0.00722	0.00646	0.00950	0.01102	0.00532	0.01445	0.00836	0.02205	0.00684	0.00798	0.00532	0.00456	0.00304	0.00152	0.00380	0.00266	0.00304	0.00532
46	0.02205	0.00836	0.01140	0.00874	0.01254	0.00722	0.00722	0.02395	0.01407	0.80004	0.01939	0.01673	0.01216	0.00608	0.00494	0.00152	0.00418	0.00494	0.00608	0.00836
47	0.02942	0.00875	0.01012	0.00726	0.01160	0.00665	0.00581	0.01242	0.01015	0.01615	0.00869	0.01014	0.00723	0.00366	0.00363	0.00075	0.00364	0.00291	0.00291	0.83810
48	0.01836	0.02342	0.01393	0.01266	0.01519	0.80756	0.00950	0.01962	0.01393	0.01203	0.00760	0.00886	0.00633	0.00506	0.00443	0.00127	0.00886	0.00317	0.00253	0.00570
49	0.00696	0.00502	0.00657	0.00618	0.00734	0.00464	0.00464	0.00927	0.01391	0.01971	0.79405	0.03671	0.04637	0.01005	0.00580	0.00155	0.00232	0.00889	0.00541	0.00464
50	0.86201	0.00950	0.00722	0.00646	0.00950	0.01102	0.00532	0.01445	0.00836	0.02205	0.00684	0.00798	0.00532	0.00456	0.00304	0.00152	0.00380	0.00266	0.00304	0.00532
51	0.01118	0.01049	0.01844	0.20336	0.37925	0.01086	0.13722	0.01457	0.03913	0.03814	0.01146	0.08261	0.00996	0.00554	0.00516	0.00159	0.00602	0.00549	0.00277	0.00676
52	0.01837	0.02306	0.01396	0.01261	0.01519	0.77759	0.00949	0.04840	0.01427	0.01274	0.00776	0.00897	0.00641	0.00510	0.00445	0.00127	0.00873	0.00321	0.00262	0.00580
53	0.00854	0.00427	0.00640	0.00640	0.00640	0.00427	0.00427	0.00640	0.00640	0.00854	0.00854	0.01494	0.00854	0.01707	0.01921	0.85702	0.00427	0.00427	0.00213	0.00213
54	0.00596	0.00439	0.00558	0.00654	0.00705	0.00402	0.00443	0.00688	0.00970	0.01266	0.03079	0.69726	0.15694	0.01491	0.00620	0.00194	0.00279	0.01338	0.00456	0.00402
55	0.00971	0.00915	0.01264	0.01108	0.01121	0.01234	0.00896	0.01071	0.00758	0.01147	0.00936	0.01556	0.02399	0.13226	0.10504	0.00316	0.59356	0.00494	0.00237	0.00489
56	0.01314	0.83025	0.02575	0.00841	0.01261	0.01945	0.00841	0.01472	0.00999	0.01156	0.00683	0.00788	0.00631	0.00420	0.00315	0.00105	0.00526	0.00263	0.00210	0.00631
57	0.02199	0.00845	0.01146	0.00879	0.01259	0.00736	0.00726	0.03677	0.01422	0.78700	0.01926	0.01664	0.01210	0.00608	0.00494	0.00152	0.00420	0.00493	0.00606	0.00836
58	0.00703	0.00524	0.00776	0.00776	0.00860	0.00607	0.00598	0.00869	0.00786	0.01131	0.01329	0.01998	0.01258	0.07841	0.76667	0.00773	0.01272	0.00536	0.00265	0.00431
59	0.03557	0.01312	0.02728	0.01961	0.02436	0.01261	0.69668	0.05865	0.01206	0.01669	0.00988	0.01297	0.00743	0.00435	0.00591	0.00165	0.02629	0.00560	0.00263	0.00666
60	0.01160	0.01326	0.02900	0.02071	0.02568	0.01243	0.77879	0.01574	0.01160	0.01574	0.00994	0.01326	0.00746	0.00414	0.00580	0.00166	0.00829	0.00580	0.00249	0.00663
61	0.01386	0.00749	0.00909	0.00758	0.01024	0.00700	0.00604	0.09984	0.05057	0.31180	0.19120	0.02832	0.21905	0.00856	0.00534	0.00156	0.00347	0.00714	0.00537	0.00647
62	0.00946	0.00591	0.00638	0.00600	0.00749	0.00612	0.00457	0.04178	0.12607	0.01944	0.19676	0.02234	0.02062	0.00687	0.00427	0.00133	0.00265	0.00572	0.50102	0.00521
63	0.00599	0.00428	0.00570	0.00684	0.00713	0.00399	0.00456	0.00684	0.00941	0.01254	0.02709	0.82409	0.03250	0.01540	0.00627	0.00200	0.00285	0.01397	0.00456	0.00399
64	0.01249	0.01043	0.01109	0.00990	0.01268	0.01197	0.00772	0.04743	0.72449	0.03930	0.04253	0.01865	0.01566	0.00673	0.00502	0.00165	0.00389	0.00561	0.00504	0.00772
65	0.00599	0.00428	0.00570	0.00684	0.00713	0.00399	0.00456	0.00684	0.00941	0.01254	0.02709	0.82409	0.03250	0.01540	0.00627	0.00200	0.00285	0.01397	0.00456	0.00399
66	0.04768	0.01363	0.01417	0.01116	0.01480	0.08584	0.02581	0.55474	0.01998	0.10657	0.01234	0.01328	0.00903	0.00604	0.00506	0.00150	0.01800	0.02793	0.00465	0.00781
67	0.02168	0.00896	0.01177	0.00903	0.01284	0.00810	0.00746	0.10712	0.01506	0.71547	0.01855	0.01618	0.01175	0.00606	0.00494	0.00152	0.00432	0.00489	0.00595	0.00836
68	0.00723	0.00490	0.00635	0.00697	0.00772	0.00463	0.00488	0.00893	0.04395	0.05445	0.12156	0.60874	0.05929	0.01374	0.00608	0.00189	0.00292	0.02652	0.00476	0.00448
69	0.01216	0.01168	0.01995	0.03016	0.79664	0.01168	0.01508	0.01508	0.01119	0.01605	0.00924	0.01216	0.00778	0.00438	0.00487	0.00146	0.00584	0.00438	0.00243	0.00778
70	0.00628	0.00449	0.00601	0.00698	0.00744	0.00422	0.00489	0.00743	0.01010	0.01356	0.11321	0.66259	0.03366	0.01462	0.00627	0.00197	0.00295	0.08456	0.00465	0.00411
71	0.06529	0.00890	0.01127	0.00876	0.01241	0.00828	0.00721	0.10259	0.03184	0.63082	0.01781	0.01584	0.01148	0.00598	0.00478	0.00150	0.00421	0.00477	0.03820	0.00804
72	0.01329	0.01075	0.01143	0.00998	0.01288	0.01225	0.00787	0.15201	0.60386	0.03566	0.01856	0.01779	0.01395	0.00660	0.00495	0.00162	0.00410	0.01727	0.03747	0.00771
73	0.03640	0.01465	0.15853	0.03822	0.02025	0.03967	0.33391	0.04380	0.01065	0.01517	0.00887	0.01197	0.00706	0.00652	0.03403	0.00194	0.20485	0.00476	0.00244	0.00633
74	0.00749	0.00550	0.00569	0.00564	0.00585	0.03541	0.00331	0.00767	0.00779	0.01007	0.03470	0.03226	0.06345	0.72988	0.02267	0.00438	0.00473	0.00722	0.00311	0.00319
75	0.00599	0.00428	0.00570	0.00684	0.00713	0.00399	0.00456	0.00684	0.00941	0.01254	0.02709	0.82409	0.03250	0.01540	0.00627	0.00200	0.00285	0.01397	0.00456	0.00399
76	0.00959	0.00905	0.01529	0.73226	0.11468	0.01100	0.01380	0.01282	0.00997	0.01293	0.00879	0.01300	0.00668	0.00486	0.00491	0.00162	0.00648	0.00437	0.00221	0.00571
77	0.07241	0.02737	0.16157	0.03559	0.12184	0.02389	0.06316	0.07295	0.02933	0.11778	0.01056	0.01171	0.00785	0.00465	0.00444	0.00132	0.00535	0.00390	0.00323	0.22109
78	0.82406	0.02294	0.00771	0.00667	0.00972	0.03425	0.00549	0.01460	0.00855	0.02159	0.00686	0.00801	0.00537	0.00457	0.00308	0.00151	0.00397	0.00268	0.00301	0.00535
79	0.86201	0.00950	0.00722	0.00646	0.00950	0.01102	0.00532	0.01445	0.00836	0.02205	0.00684	0.00798	0.00532	0.00456	0.00304	0.00152	0.00380	0.00266	0.00304	0.00532
80	0.00854	0.00427	0.00640	0.00640	0.00640	0.00427	0.00427	0.00640	0.00640	0.00854	0.00854	0.01494	0.00854	0.01707	0.01921	0.85702	0.00427	0.00427	0.00213	0.00213
81	0.00715	0.00476	0.00536	0.00536	0.00536	0.00476	0.00298	0.00715	0.00715	0.00953	0.01548	0.03216	0.01787	0.82729	0.02501	0.00476	0.00476	0.00715	0.00298	0.00298
82	0.00652	0.00501	0.00596	0.00572	0.00707	0.00445	0.00429	0.00842	0.01287	0.01725	0.50947	0.04076	0.33248	0.01096	0.00580	0.00159	0.00238	0.00945	0.00509	0.00445
83	0.01222	0.01056	0.01111	0.01000	0.01278	0.01222	0.00778	0.02611	0.78776	0.02056	0.02000	0.01833	0.01500	0.00667	0.00500	0.00167	0.00389	0.00556	0.00500	0.00778
84	0.01216	0.01168	0.01995	0.03016	0.79664	0.01168	0.01508	0.01508	0.01119	0.01605	0.00924	0.01216	0.00778	0.00438	0.00487	0.00146	0.00584	0.00438	0.00243	0.00778
85	0.00690	0.00503	0.00650	0.00616	0.00735	0.00463	0.00464	0.00915	0.01370	0.01922	0.73426	0.03770	0.09190	0.01026	0.00582	0.00157	0.00237	0.02290	0.00534	0.00460
86	0.00715	0.00476	0.00536	0.00536	0.00536	0.00476	0.00298	0.00715	0.00715	0.00953	0.01548	0.03216	0.01787	0.82729	0.02501	0.00476	0.00476	0.00715	0.00298	0.00298
87	0.00928	0.00873	0.01474	0.81548	0.03385	0.01092	0.01365	0.01256	0.00983	0.01256	0.00873	0.01310	0.00655	0.00491	0.00491	0.00164	0.00655	0.00437	0.00218	0.00546
88	0.01868	0.01376	0.01475	0.01131	0.01524	0.01524	0.00934	0.78025	0.02311	0.03097	0.01180	0.01180	0.00836	0.00590	0.00492	0.00147	0.00541	0.00442	0.00492	0.00836
89	0.01231	0.01164	0.01943	0.05498	0.72896	0.01179	0.01469	0.04303	0.02557	0.01656	0.00951	0.01229	0.00789	0.00449	0.00487	0.00147	0.00581	0.00440	0.00256	0.00773
90	0.01314	0.83025	0.02575	0.00841	0.01261	0.01945	0.00841	0.01472	0.00999	0.01156	0.00683	0.00788	0.00631	0.00420	0.00315	0.00105	0.00526	0.00263	0.00210	0.00631
91	0.00702	0.00527	0.00790	0.00790	0.00878	0.00614	0.00614	0.00878	0.00790	0.01141	0.01316	0.01931	0.01229	0.03686	0.80782	0.00790	0.01316	0.00527	0.00263	0.00439
92	0.01456	0.01718	0.01443	0.01273	0.01433	0.43593	0.04120	0.01589	0.01130	0.01222	0.00865	0.04248	0.00816	0.00696	0.00879	0.00166	0.29588	0.02961	0.00254	0.00552
93	0.01799	0.00903	0.01136	0.00854	0.01254	0.00782	0.00700	0.09685	0.01377	0.47663	0.01528	0.01418	0.01025	0.00530	0.00453	0.00127	0.00414	0.00425	0.00497	0.27430
94	0.00605	0.00430	0.00568	0.00676	0.00703	0.00403	0.00448	0.00686	0.00929	0.01239	0.02647	0.78237	0.03173	0.05817	0.00726	0.00214	0.00295	0.01361	0.00448	0.00394
95	0.00621	0.00474	0.00574	0.00619	0.00716	0.00426	0.00447	0.00756	0.01099	0.01427	0.18053	0.36412	0.29889	0.01326	0.00605	0.00181	0.00271	0.05213	0.00472	0.00420
96	0.00870	0.00473	0.00702	0.00687	0.00687	0.00504	0.00473	0.00679	0.00648	0.00877	0.00839	0.01464	0.00839	0.01646	0.01898	0.79561	0.06274	0.00427	0.00214	0.00237
97	0.00737	0.00573	0.00682	0.00640	0.00763	0.03536	0.00480	0.00962	0.01385	0.01927	0.74800	0.03587	0.06087	0.00991	0.00574	0.00154	0.00257	0.00870	0.00528	0.00467
98	0.00631	0.00443	0.00570	0.00659	0.00684	0.00422	0.00432	0.00702	0.00897	0.01195	0.02447	0.62242	0.02911	0.19564	0.01045	0.00262	0.00333	0.03761	0.00421	0.00378
99	0.01214	0.01173	0.02019	0.02928	0.74293	0.01172	0.05149	0.01535	0.02785	0.01614	0.00951	0.01235	0.00792	0.00442	0.00491	0.00147	0.00591	0.00447	0.00249	0.00773
100	0.01154	0.01366	0.05494	0.02049	0.02554	0.01239	0.75326	0.01574	0.01156	0.01574	0.00990	0.01316	0.00742	0.00416	0.00576	0.00165	0.00825	0.00573	0.00247	0.00665
101	0.00616	0.00436	0.00571	0.00672	0.00698	0.00411	0.00445	0.00694	0.00919	0.01224	0.02574	0.71850	0.03074	0.10841	0.00843	0.00232	0.00310	0.02765	0.00438	0.00389
102	0.00715	0.00476	0.00536	0.00536	0.00536	0.00476	0.00298	0.00715	0.00715	0.00953	0.01548	0.03216	0.01787	0.82729	0.02501	0.00476	0.00476	0.00715	0.00298	0.00298
103	0.01187	0.01161	0.01933	0.14891	0.62929	0.03367	0.04394	0.01485	0.01107	0.01540	0.00915	0.01226	0.00754	0.00447	0.00490	0.00149	0.00612	0.00440	0.00240	0.00733
104	0.01216	0.01168	0.01995	0.03016	0.79664	0.01168	0.01508	0.01508	0.01119	0.01605	0.00924	0.01216	0.00778	0.00438	0.00487	0.00146	0.00584	0.00438	0.00243	0.00778
105	0.00696	0.00502	0.00657	0.00618	0.00734	0.00464	0.00464	0.00927	0.01391	0.01971	0.79405	0.03671	0.04637	0.01005	0.00580	0.00155	0.00232	0.00889	0.00541	0.00464
106	0.01059	0.01055	0.01518	0.01292	0.01315	0.01449	0.03845	0.01181	0.00769	0.01195	0.00693	0.01129	0.00679	0.00993	0.05746	0.00244	0.74642	0.00441	0.00219	0.00537
107	0.02205	0.00836	0.01140	0.00874	0.01254	0.00722	0.00722	0.02395	0.01407	0.80004	0.01939	0.01673	0.01216	0.00608	0.00494	0.00152	0.00418	0.00494	0.00608	0.00836
108	0.01222	0.01056	0.01111	0.01000	0.01278	0.01222	0.00778	0.02611	0.78776	0.02056	0.02000	0.01833	0.01500	0.00667	0.00500	0.00167	0.00389	0.00556	0.00500	0.00778
109	0.01216	0.01168	0.01995	0.03016	0.79664	0.01168	0.01508	0.01508	0.01119	0.01605	0.00924	0.01216	0.00778	0.00438	0.00487	0.00146	0.00584	0.00438	0.00243	0.00778
110	0.01019	0.00873	0.01019	0.00728	0.01165	0.00655	0.00582	0.01237	0.01019	0.01601	0.00873	0.01019	0.00728	0.00364	0.00364	0.00073	0.00364	0.00291	0.00291	0.85734
111	0.01374	0.01341	0.02468	0.01786	0.02252	0.01328	0.54570	0.24733	0.01508	0.02035	0.01050	0.01281	0.00773	0.00467	0.00553	0.00160	0.00741	0.00538	0.00322	0.00715
112	0.02205	0.00836	0.01140	0.00874	0.01254	0.00722	0.00722	0.02395	0.01407	0.80004	0.01939	0.01673	0.01216	0.00608	0.00494	0.00152	0.00418	0.00494	0.00608	0.00836
113	0.01868	0.01376	0.01475	0.01131	0.01524	0.01524	0.00934	0.78025	0.02311	0.03097	0.01180	0.01180	0.00836	0.00590	0.00492	0.00147	0.00541	0.00442	0.00492	0.00836
114	0.00928	0.00873	0.01474	0.81548	0.03385	0.01092	0.01365	0.01256	0.00983	0.01256	0.00873	0.01310	0.00655	0.00491	0.00491	0.00164	0.00655	0.00437	0.00218	0.00546
115	0.01577	0.04344	0.01494	0.01533	0.18279	0.32202	0.01011	0.13994	0.10141	0.04985	0.01142	0.05044	0.00944	0.00574	0.00473	0.00142	0.00650	0.00447	0.00340	0.00685
116	0.00986	0.02542	0.80183	0.01401	0.02127	0.01141	0.01816	0.01556	0.01038	0.01556	0.00882	0.01038	0.00623	0.00467	0.00467	0.00156	0.00726	0.00363	0.00208	0.00726
117	0.01868	0.01376	0.01475	0.01131	0.01524	0.01524	0.00934	0.78025	0.02311	0.03097	0.01180	0.01180	0.00836	0.00590	0.00492	0.00147	0.00541	0.00442	0.00492	0.00836
118	0.02176	0.00883	0.01169	0.00896	0.01278	0.00791	0.00740	0.08888	0.01484	0.73402	0.01874	0.01630	0.01184	0.00607	0.00494	0.00152	0.00429	0.00490	0.00598	0.00836
119	0.00986	0.02542	0.80183	0.01401	0.02127	0.01141	0.01816	0.01556	0.01038	0.01556	0.00882	0.01038	0.00623	0.00467	0.00467	0.00156	0.00726	0.00363	0.00208	0.00726
120	0.00581	0.00498	0.00498	0.00498	0.00664	0.00415	0.00373	0.00705	0.01120	0.01328	0.04978	0.04729	0.79464	0.01245	0.00581	0.00166	0.00249	0.01037	0.00456	0.00415
121	0.00715	0.00476	0.00536	0.00536	0.00536	0.00476	0.00298	0.00715	0.00715	0.00953	0.01548	0.03216	0.01787	0.82729	0.02501	0.00476	0.00476	0.00715	0.00298	0.00298
122	0.00691	0.00502	0.00650	0.00613	0.00731	0.00462	0.00460	0.00918	0.01380	0.01944	0.76277	0.03715	0.07781	0.01015	0.00580	0.00155	0.00233	0.00895	0.00537	0.00462
123	0.00745	0.00514	0.00667	0.00622	0.00750	0.00471	0.00469	0.00971	0.01379	0.04781	0.73251	0.03646	0.07866	0.01001	0.00577	0.00155	0.00239	0.00881	0.00540	0.00475
124	0.00916	0.00458	0.00458	0.00458	0.00573	0.00458	0.00344	0.01145	0.01031	0.01832	0.01603	0.01832	0.01260	0.00573	0.00344	0.00115	0.00229	0.00458	0.85457	0.00458
125	0.01162	0.01320	0.02867	0.02106	0.05373	0.01240	0.75101	0.01572	0.01158	0.01575	0.00992	0.01322	0.00747	0.00415	0.00577	0.00165	0.00820	0.00575	0.00248	0.00667
126	0.31593	0.00845	0.02688	0.00855	0.01023	0.00991	0.00707	0.02415	0.00830	0.01573	0.00946	0.01324	0.00844	0.01848	0.33233	0.00423	0.16679	0.00409	0.00271	0.00505
127	0.00703	0.00524	0.00775	0.00775	0.00858	0.00606	0.00596	0.00868	0.00785	0.01130	0.01330	0.02005	0.01261	0.08290	0.76222	0.00772	0.01267	0.00537	0.00265	0.00431
128	0.00661	0.00548	0.00687	0.02526	0.08185	0.00499	0.00526	0.00793	0.01057	0.01335	0.05780	0.27117	0.43013	0.04197	0.00654	0.00185	0.00308	0.01058	0.00428	0.00444
129	0.05382	0.00853	0.01157	0.00947	0.04239	0.00754	0.00745	0.02325	0.01374	0.74030	0.01852	0.01622	0.01174	0.00596	0.00487	0.00152	0.00423	0.00483	0.00583	0.00822
130	0.01061	0.00879	0.01026	0.00743	0.01172	0.00679	0.00594	0.01324	0.04006	0.03892	0.00947	0.01069	0.00772	0.00383	0.00373	0.00079	0.00366	0.00307	0.00308	0.80021
131	0.01407	0.58545	0.02152	0.00870	0.01269	0.01666	0.00815	0.04619	0.10189	0.09631	0.00995	0.01027	0.00805	0.00473	0.00364	0.00118	0.00493	0.00329	0.00300	0.03934
132	0.01201	0.01132	0.01843	0.07738	0.62775	0.01177	0.01397	0.04251	0.05026	0.01634	0.01062	0.01324	0.02559	0.00495	0.00540	0.00152	0.04225	0.00457	0.00267	0.00747
133	0.00609	0.00483	0.00553	0.00585	0.00704	0.00420	0.00418	0.00727	0.01062	0.01345	0.08164	0.35007	0.42698	0.01317	0.00592	0.00175	0.00266	0.01145	0.00456	0.03275
134	0.01314	0.83025	0.02575	0.00841	0.01261	0.01945	0.00841	0.01472	0.00999	0.01156	0.00683	0.00788	0.00631	0.00420	0.00315	0.00105	0.00526	0.00263	0.00210	0.00631
135	0.02965	0.00998	0.05545	0.00802	0.01238	0.00757	0.00685	0.05125	0.01088	0.04394	0.00917	0.01047	0.00738	0.00403	0.00407	0.00089	0.02214	0.00312	0.00306	0.69971
136	0.01129	0.01079	0.01837	0.26800	0.56562	0.01145	0.01465	0.01432	0.01078	0.01500	0.00909	0.01245	0.00741	0.00454	0.00488	0.00151	0.00605	0.00438	0.00236	0.00708
137	0.00687	0.00465	0.00544	0.00572	0.00579	0.00458	0.00336	0.00707	0.00769	0.01025	0.01827	0.22266	0.02139	0.63199	0.02050	0.00410	0.00430	0.00879	0.00336	0.00322
138	0.00650	0.00455	0.00581	0.00663	0.00692	0.00437	0.00443	0.00724	0.00895	0.01190	0.02370	0.52729	0.02796	0.24502	0.01163	0.00280	0.00355	0.08290	0.00411	0.00376
139	0.01350	0.73657	0.02493	0.00919	0.01329	0.08167	0.03652	0.01514	0.01036	0.01175	0.00701	0.00816	0.00635	0.00427	0.00335	0.00109	0.00565	0.00279	0.00215	0.00627
140	0.01248	0.00885	0.01050	0.00766	0.01184	0.00707	0.00618	0.05468	0.01148	0.14015	0.01073	0.01148	0.00822	0.00419	0.00391	0.00090	0.00379	0.00335	0.02252	0.66002
141	0.01233	0.01185	0.01965	0.06301	0.67605	0.02443	0.04240	0.04424	0.01156	0.01631	0.00926	0.01215	0.00769	0.00455	0.00514	0.00149	0.02340	0.00441	0.00251	0.00758
142	0.00765	0.00619	0.00911	0.00874	0.00947	0.00765	0.00692	0.00929	0.00784	0.01148	0.01203	0.01786	0.01130	0.03209	0.67420	0.00693	0.14905	0.00510	0.00255	0.00455
143	0.00696	0.00502	0.00657	0.00618	0.00734	0.00464	0.00464	0.00927	0.01391	0.01971	0.79405	0.03671	0.04637	0.01005	0.00580	0.00155	0.00232	0.00889	0.00541	0.00464
144	0.00715	0.00476	0.00536	0.00536	0.00536	0.00476	0.00298	0.00715	0.00715	0.00953	0.01548	0.03216	0.01787	0.82729	0.02501	0.00476	0.00476	0.00715	0.00298	0.00298
145	0.01393	0.01768	0.33337	0.01526	0.10278	0.01227	0.10067	0.23437	0.01457	0.09152	0.01081	0.01188	0.00768	0.00506	0.00491	0.00153	0.00642	0.00430	0.00334	0.00766
146	0.01043	0.15705	0.66077	0.01321	0.01993	0.01275	0.03026	0.01543	0.01033	0.01491	0.00851	0.01002	0.00626	0.00458	0.00444	0.00148	0.00695	0.00351	0.00209	0.00709
147	0.00660	0.00443	0.00592	0.00692	0.00734	0.00412	0.00466	0.00750	0.00959	0.04268	0.02679	0.79319	0.03172	0.01504	0.00622	0.00198	0.00290	0.01362	0.00462	0.00416
148	0.01159	0.42602	0.37387	0.01157	0.01719	0.01547	0.05370	0.01515	0.01025	0.01358	0.00789	0.00929	0.00633	0.00441	0.00397	0.00131	0.00632	0.00325	0.00211	0.00675
149	0.00617	0.00553	0.03592	0.00610	0.00745	0.00443	0.00468	0.00759	0.01091	0.01392	0.13356	0.30533	0.41515	0.01284	0.00592	0.00175	0.00277	0.01114	0.00457	0.00428
150	0.01071	0.12306	0.51832	0.01379	0.07434	0.04238	0.02957	0.03139	0.01107	0.01553	0.06202	0.01268	0.02397	0.00513	0.00461	0.00148	0.00653	0.00408	0.00246	0.00690
151	0.10156	0.01012	0.01172	0.01023	0.07957	0.00959	0.00747	0.19802	0.02849	0.05645	0.01073	0.04213	0.00872	0.00496	0.00418	0.00116	0.00427	0.00394	0.00362	0.40308

[dist]
# distance from previous block
# <min> <max>
7	17

[block]
# block no. 3 follows, 51 sequences, length 12
# corresponding to MSA columns:
# 338-349
name=unknown_D
#
# <colnr> <probs for GDERKNQSTAVLIFYWHMCP>
#	G	D	E	R	K	N	Q	S	T	A	V	L	I	F	Y	W	H	M	C	P
0	0.01225	0.01173	0.02006	0.05428	0.70896	0.01180	0.05264	0.03958	0.01155	0.01641	0.00934	0.01224	0.00775	0.00443	0.00491	0.00148	0.00597	0.00445	0.00251	0.00767
1	0.01164	0.01115	0.01901	0.17142	0.65943	0.01154	0.01482	0.01463	0.01094	0.01543	0.00915	0.01233	0.00756	0.00447	0.00487	0.00149	0.00597	0.00438	0.00239	0.00737
2	0.03003	0.05966	0.01110	0.00821	0.01126	0.03775	0.00669	0.04909	0.03143	0.27033	0.07415	0.04088	0.11679	0.00697	0.00545	0.00140	0.05619	0.00549	0.00441	0.17273
3	0.01194	0.01145	0.01955	0.08990	0.73861	0.01162	0.01497	0.01489	0.01109	0.01579	0.00920	0.01223	0.00769	0.00442	0.00487	0.00147	0.00589	0.00438	0.00241	0.00761
4	0.01947	0.00796	0.01072	0.00834	0.01183	0.00685	0.00681	0.02144	0.01383	0.65718	0.11806	0.01893	0.01628	0.00646	0.00498	0.00148	0.00391	0.00534	0.00582	0.05432
5	0.00970	0.04173	0.64393	0.01355	0.01995	0.01096	0.07437	0.01476	0.01059	0.01544	0.03634	0.03095	0.04535	0.00539	0.00484	0.00157	0.00681	0.00448	0.00239	0.00689
6	0.86201	0.00950	0.00722	0.00646	0.00950	0.01102	0.00532	0.01445	0.00836	0.02205	0.00684	0.00798	0.00532	0.00456	0.00304	0.00152	0.00380	0.00266	0.00304	0.00532
7	0.00702	0.00527	0.00790	0.00790	0.00878	0.00614	0.00614	0.00878	0.00790	0.01141	0.01316	0.01931	0.01229	0.03686	0.80782	0.00790	0.01316	0.00527	0.00263	0.00439
8	0.01214	0.03475	0.11454	0.08320	0.05712	0.01025	0.00950	0.12438	0.12645	0.04826	0.01153	0.02617	0.00898	0.00500	0.00441	0.00126	0.00483	0.00408	0.00343	0.30971
9	0.03694	0.08500	0.55302	0.01250	0.01866	0.01196	0.01493	0.08148	0.03134	0.09437	0.01018	0.01106	0.00719	0.00492	0.00456	0.00151	0.00646	0.00377	0.00282	0.00735
10	0.11579	0.01652	0.03186	0.01186	0.03177	0.39133	0.07608	0.03479	0.09500	0.03377	0.01304	0.06124	0.05404	0.00615	0.00467	0.00146	0.00667	0.00475	0.00321	0.00597
11	0.01275	0.69078	0.04937	0.05663	0.01397	0.01767	0.00890	0.01458	0.01000	0.03403	0.00768	0.00909	0.00678	0.00593	0.04317	0.00145	0.00576	0.00296	0.00224	0.00625

[dist]
# distance from previous block
# <min> <max>
0	2

[block]
# block no. 4 follows, 51 sequences, length 14
# corresponding to MSA columns:
# 352-365
name=unknown_E
#
# <colnr> <probs for GDERKNQSTAVLIFYWHMCP>
#	G	D	E	R	K	N	Q	S	T	A	V	L	I	F	Y	W	H	M	C	P
0	0.00762	0.00606	0.00811	0.00814	0.00928	0.00614	0.04424	0.01127	0.15243	0.01496	0.10415	0.47948	0.04284	0.01343	0.03853	0.00211	0.00373	0.03802	0.00455	0.00492
1	0.04334	0.00777	0.01139	0.22725	0.01639	0.00985	0.00909	0.01069	0.00828	0.01211	0.01014	0.01596	0.00937	0.08242	0.28918	0.00420	0.22048	0.00481	0.00243	0.00486
2	0.01181	0.01211	0.01508	0.05976	0.10483	0.10103	0.01098	0.01453	0.08682	0.01325	0.00838	0.01160	0.00745	0.00732	0.01180	0.00190	0.50858	0.00431	0.00251	0.00593
3	0.01160	0.05706	0.06772	0.07012	0.26045	0.03349	0.08817	0.08331	0.08305	0.01697	0.04390	0.01709	0.09570	0.00582	0.00494	0.00148	0.00546	0.00521	0.00320	0.04524
4	0.00638	0.00475	0.00600	0.00635	0.00725	0.00437	0.00457	0.00788	0.01131	0.01517	0.29454	0.34895	0.18725	0.01372	0.03585	0.00200	0.00303	0.03159	0.00478	0.00427
