[name]
unknown

[dist]
# distance from previous block
# <min> <max>
2	22

[block]
# block no. 0 follows, 53 sequences, length 17
# corresponding to MSA columns:
# 458,469-484
name=unknown_A
#
# <colnr> <probs for GDERKNQSTAVLIFYWHMCP>
#	G	D	E	R	K	N	Q	S	T	A	V	L	I	F	Y	W	H	M	C	P
0	0.00688	0.00460	0.00523	0.00530	0.00532	0.00459	0.00299	0.00693	0.00709	0.00945	0.01576	0.08098	0.01826	0.78111	0.02319	0.00447	0.00452	0.00736	0.00299	0.00296
1	0.00695	0.00463	0.00521	0.00521	0.00521	0.00463	0.00290	0.00695	0.00695	0.00927	0.01506	0.03128	0.01738	0.83203	0.02433	0.00463	0.00463	0.00695	0.00290	0.00290
2	0.06164	0.01244	0.01341	0.01041	0.01406	0.01361	0.00856	0.65800	0.02057	0.09310	0.01232	0.03849	0.00905	0.00599	0.00473	0.00146	0.00500	0.00456	0.00477	0.00784
3	0.00927	0.00874	0.01477	0.75262	0.09896	0.01068	0.01339	0.01242	0.00967	0.01250	0.00854	0.01266	0.00647	0.00473	0.00477	0.00158	0.00631	0.00425	0.00214	0.00550
4	0.01278	0.83490	0.02505	0.00818	0.01227	0.01891	0.00818	0.01431	0.00971	0.01125	0.00664	0.00767	0.00613	0.00409	0.00307	0.00102	0.00511	0.00256	0.00204	0.00613
5	0.01291	0.00990	0.01126	0.00829	0.01239	0.00886	0.00673	0.23777	0.01376	0.06044	0.00989	0.01069	0.00763	0.00430	0.00397	0.00096	0.00407	0.00336	0.00356	0.56927
6	0.01565	0.01125	0.01229	0.01005	0.01332	0.01242	0.00809	0.36111	0.34064	0.11653	0.03646	0.01531	0.01222	0.00617	0.00484	0.00152	0.00443	0.00493	0.00496	0.00780
7	0.01167	0.01119	0.01911	0.07488	0.75793	0.01131	0.01459	0.01453	0.01081	0.01542	0.00896	0.01188	0.00750	0.00429	0.00473	0.00143	0.00572	0.00426	0.00235	0.00744
8	0.01278	0.83490	0.02505	0.00818	0.01227	0.01891	0.00818	0.01431	0.00971	0.01125	0.00664	0.00767	0.00613	0.00409	0.00307	0.00102	0.00511	0.00256	0.00204	0.00613
9	0.00695	0.00463	0.00521	0.00521	0.00521	0.00463	0.00290	0.00695	0.00695	0.00927	0.01506	0.03128	0.01738	0.83203	0.02433	0.00463	0.00463	0.00695	0.00290	0.00290
10	0.03811	0.01041	0.01055	0.00796	0.01190	0.10154	0.00633	0.05192	0.01117	0.07219	0.00919	0.01022	0.00730	0.00401	0.00376	0.00088	0.00426	0.00307	0.00311	0.63210
11	0.00685	0.00505	0.00730	0.00730	0.00802	0.00577	0.00550	0.00829	0.00757	0.01081	0.01315	0.02071	0.01279	0.15919	0.69089	0.00721	0.01154	0.00540	0.00261	0.00406
12	0.01043	0.23790	0.60144	0.01219	0.01847	0.01316	0.01516	0.01492	0.00999	0.01411	0.00807	0.00945	0.00608	0.00442	0.00415	0.00138	0.00655	0.00328	0.00203	0.00682
13	0.00594	0.00483	0.00527	0.00521	0.00665	0.00415	0.00389	0.00741	0.01151	0.01450	0.24138	0.07137	0.57799	0.01161	0.00566	0.00160	0.00239	0.00984	0.00465	0.00415
14	0.78896	0.00883	0.00690	0.00624	0.00903	0.01013	0.00509	0.01347	0.00841	0.02085	0.03246	0.03351	0.03118	0.00513	0.00321	0.00150	0.00359	0.00332	0.00312	0.00508
15	0.01017	0.17267	0.66442	0.01263	0.01915	0.01253	0.01593	0.01499	0.01002	0.01443	0.00822	0.00965	0.00607	0.00446	0.00427	0.00142	0.00671	0.00335	0.00202	0.00689
16	0.01034	0.00933	0.01116	0.00842	0.01212	0.05557	0.06739	0.03797	0.01083	0.01587	0.05682	0.05725	0.01080	0.00478	0.00406	0.00096	0.00412	0.00409	0.02030	0.59782

[dist]
# distance from previous block
# <min> <max>
1	6

[block]
# block no. 1 follows, 53 sequences, length 19
# corresponding to MSA columns:
# 491-509
name=unknown_B
#
# <colnr> <probs for GDERKNQSTAVLIFYWHMCP>
#	G	D	E	R	K	N	Q	S	T	A	V	L	I	F	Y	W	H	M	C	P
0	0.07086	0.05334	0.03723	0.07522	0.05768	0.00912	0.03408	0.10536	0.02192	0.06781	0.02384	0.03405	0.00934	0.02173	0.00450	0.00126	0.00435	0.00407	0.08393	0.28032
1	0.57760	0.07381	0.02570	0.00754	0.01051	0.01101	0.04732	0.06715	0.00947	0.01960	0.02569	0.01118	0.00763	0.08266	0.00534	0.00175	0.00427	0.00343	0.00301	0.00533
2	0.00674	0.00491	0.00597	0.00648	0.00698	0.00488	0.00429	0.00861	0.08277	0.01245	0.05704	0.47949	0.04507	0.23862	0.01097	0.00262	0.00335	0.01069	0.00409	0.00399
3	0.05251	0.26964	0.34764	0.01214	0.01723	0.04084	0.11539	0.01463	0.01000	0.01391	0.00814	0.00995	0.00646	0.00579	0.03983	0.00165	0.02216	0.00353	0.00217	0.00640
4	0.10988	0.27444	0.10895	0.01173	0.08807	0.12381	0.04094	0.04822	0.05357	0.04757	0.00909	0.01080	0.00747	0.04090	0.00483	0.00145	0.00570	0.00354	0.00271	0.00630
5	0.01064	0.01086	0.05162	0.15829	0.43927	0.01128	0.03040	0.01330	0.00983	0.01401	0.00884	0.01250	0.00754	0.02151	0.05648	0.00200	0.12850	0.00434	0.00229	0.00650
6	0.01700	0.01321	0.01350	0.01069	0.01420	0.05952	0.00870	0.61401	0.12689	0.02730	0.01246	0.01238	0.00903	0.00579	0.00472	0.00144	0.00515	0.00439	0.03183	0.00779
7	0.00615	0.00480	0.00543	0.00536	0.00659	0.00424	0.00390	0.00758	0.01131	0.01462	0.29442	0.08202	0.43473	0.08881	0.00743	0.00188	0.00259	0.00949	0.00457	0.00408
8	0.00830	0.00415	0.00623	0.00623	0.00623	0.00415	0.00415	0.00623	0.00623	0.00830	0.00830	0.01453	0.00830	0.01660	0.01868	0.86094	0.00415	0.00415	0.00208	0.00208
9	0.01405	0.01104	0.01301	0.01231	0.10116	0.01216	0.02517	0.23303	0.40999	0.06995	0.03582	0.01567	0.01249	0.00603	0.00486	0.00154	0.00447	0.00502	0.00458	0.00765
10	0.00592	0.00423	0.00549	0.00645	0.00675	0.00396	0.00426	0.00669	0.00901	0.01195	0.02614	0.72315	0.06023	0.09193	0.00780	0.00218	0.00293	0.01283	0.00429	0.00380
11	0.01021	0.01001	0.01409	0.01260	0.03999	0.01372	0.01006	0.01128	0.00744	0.01151	0.00704	0.01189	0.00709	0.05401	0.03917	0.00237	0.72584	0.00436	0.00216	0.00516
12	0.09163	0.01040	0.01689	0.23737	0.52304	0.01110	0.01340	0.01396	0.01027	0.01526	0.00864	0.01169	0.00703	0.00441	0.00458	0.00147	0.00568	0.00410	0.00236	0.00674
13	0.44905	0.00870	0.00903	0.00738	0.01070	0.00890	0.00609	0.01861	0.01087	0.40843	0.01268	0.01196	0.00846	0.00517	0.00387	0.00148	0.00388	0.00368	0.00442	0.00664
14	0.01183	0.01136	0.01940	0.02934	0.80221	0.01136	0.01467	0.01467	0.01088	0.01562	0.00899	0.01183	0.00757	0.00426	0.00473	0.00142	0.00568	0.00426	0.00237	0.00757
15	0.01064	0.01015	0.01726	0.36375	0.47705	0.01104	0.01408	0.01363	0.01032	0.01418	0.00878	0.01222	0.00706	0.00448	0.00475	0.00149	0.00597	0.00425	0.00226	0.00662
16	0.01148	0.01100	0.01876	0.12912	0.70519	0.01126	0.01449	0.01436	0.01072	0.01519	0.00893	0.01194	0.00742	0.00432	0.00474	0.00144	0.00577	0.00426	0.00234	0.00729
17	0.79378	0.00911	0.00721	0.00643	0.00934	0.01047	0.00527	0.01444	0.03047	0.04085	0.03228	0.00914	0.00686	0.00470	0.00314	0.00148	0.00366	0.00291	0.00316	0.00530
18	0.01508	0.01129	0.01219	0.01011	0.01333	0.01261	0.00810	0.31657	0.43396	0.08869	0.01635	0.01527	0.01189	0.00615	0.00483	0.00154	0.00437	0.00493	0.00492	0.00783

[dist]
# distance from previous block
# <min> <max>
0	11

[block]
# block no. 2 follows, 53 sequences, length 11
# corresponding to MSA columns:
# 521-531
name=unknown_C
#
# <colnr> <probs for GDERKNQSTAVLIFYWHMCP>
#	G	D	E	R	K	N	Q	S	T	A	V	L	I	F	Y	W	H	M	C	P
0	0.32839	0.13179	0.01492	0.01041	0.01368	0.16494	0.14502	0.04102	0.01065	0.03922	0.00893	0.05476	0.00763	0.00508	0.00400	0.00141	0.00563	0.00395	0.00286	0.00572
1	0.01016	0.16971	0.66728	0.01265	0.01918	0.01250	0.01596	0.01499	0.01002	0.01444	0.00823	0.00966	0.00607	0.00446	0.00428	0.00143	0.00671	0.00336	0.00202	0.00690
2	0.01071	0.27818	0.39799	0.01346	0.09819	0.01326	0.05024	0.01438	0.01006	0.01380	0.00902	0.05364	0.00767	0.00490	0.00423	0.00138	0.00612	0.00394	0.00221	0.00662
3	0.00671	0.00484	0.00634	0.00605	0.00713	0.00447	0.00451	0.00889	0.01328	0.01877	0.75593	0.08058	0.04434	0.01007	0.00566	0.00153	0.00228	0.00892	0.00521	0.00447
4	0.01752	0.01307	0.01398	0.01087	0.01458	0.01452	0.00893	0.70770	0.10210	0.02908	0.01230	0.01213	0.00880	0.00581	0.00479	0.00145	0.00511	0.00442	0.00479	0.00807
5	0.00636	0.00487	0.00583	0.00559	0.00690	0.00434	0.00419	0.00825	0.01258	0.01692	0.53035	0.03939	0.31584	0.01061	0.00564	0.00154	0.00231	0.00916	0.00497	0.00434
6	0.00695	0.00463	0.00521	0.00521	0.00521	0.00463	0.00290	0.00695	0.00695	0.00927	0.01506	0.03128	0.01738	0.83203	0.02433	0.00463	0.00463	0.00695	0.00290	0.00290
7	0.00754	0.00557	0.00697	0.00679	0.00796	0.00547	0.00505	0.05141	0.06879	0.01796	0.48885	0.22806	0.03710	0.01070	0.00568	0.00164	0.00272	0.03201	0.00498	0.00477
8	0.00799	0.00663	0.00661	0.00649	0.00700	0.08837	0.00427	0.00856	0.00797	0.01009	0.01519	0.02676	0.04863	0.53231	0.19887	0.00484	0.00679	0.00627	0.00284	0.00353
9	0.01176	0.52892	0.23468	0.01093	0.01590	0.01608	0.09501	0.01464	0.00998	0.01273	0.00749	0.00888	0.00623	0.00420	0.00374	0.00122	0.00595	0.00315	0.00208	0.00642
10	0.00915	0.00620	0.00718	0.00650	0.00828	0.00590	0.00499	0.11489	0.01335	0.08060	0.28348	0.10782	0.27182	0.00993	0.00539	0.00155	0.00291	0.00846	0.04652	0.00508

[dist]
# distance from previous block
# <min> <max>
0	4

[block]
# block no. 3 follows, 53 sequences, length 31
# corresponding to MSA columns:
# 540-570
name=unknown_D
#
# <colnr> <probs for GDERKNQSTAVLIFYWHMCP>
#	G	D	E	R	K	N	Q	S	T	A	V	L	I	F	Y	W	H	M	C	P
0	0.01124	0.23380	0.54901	0.01185	0.01791	0.01284	0.01446	0.01549	0.01024	0.06900	0.00879	0.00989	0.00648	0.00452	0.00418	0.00138	0.00635	0.00337	0.00230	0.00690
1	0.02414	0.06680	0.01318	0.01071	0.03840	0.01134	0.05787	0.03255	0.31705	0.09194	0.06332	0.01746	0.04648	0.01871	0.03185	0.00185	0.14060	0.00527	0.00395	0.00654
2	0.01011	0.04072	0.01805	0.01618	0.15227	0.01002	0.30131	0.02734	0.08847	0.01495	0.01478	0.22267	0.01446	0.02525	0.00599	0.00171	0.01923	0.00728	0.00320	0.00601
3	0.00647	0.00440	0.00548	0.00609	0.00646	0.00428	0.00402	0.00730	0.00864	0.01196	0.02224	0.46875	0.04957	0.22033	0.06641	0.00292	0.00387	0.01034	0.08674	0.00372
4	0.01139	0.37535	0.42893	0.01117	0.01675	0.03924	0.01313	0.02958	0.01027	0.01363	0.00776	0.00902	0.00613	0.00438	0.00390	0.00129	0.00623	0.00311	0.00210	0.00663
5	0.00643	0.00517	0.00586	0.00578	0.00725	0.00455	0.00426	0.00829	0.04030	0.01442	0.18445	0.20254	0.41142	0.01144	0.00556	0.00160	0.00259	0.00986	0.00450	0.06374
6	0.03957	0.00797	0.01069	0.00827	0.01182	0.00697	0.00681	0.02241	0.01343	0.74681	0.03370	0.01651	0.01235	0.00595	0.00473	0.00147	0.00396	0.00482	0.03387	0.00788
7	0.01038	0.00980	0.01657	0.31920	0.46363	0.01057	0.01344	0.01321	0.01027	0.01412	0.01001	0.06889	0.00880	0.00519	0.00484	0.00152	0.00573	0.00490	0.00242	0.00648
8	0.03744	0.01079	0.01235	0.00963	0.01326	0.03325	0.00790	0.32546	0.06691	0.40889	0.01539	0.01407	0.01024	0.00582	0.00475	0.00146	0.00464	0.00455	0.00524	0.00796
9	0.01943	0.00953	0.01185	0.00921	0.01275	0.00933	0.00758	0.25526	0.01595	0.51359	0.01618	0.01498	0.01071	0.00794	0.06091	0.00190	0.00504	0.00467	0.00534	0.00786
10	0.00645	0.00467	0.00610	0.00624	0.00712	0.00432	0.00454	0.00821	0.01198	0.01660	0.50640	0.28595	0.07054	0.01159	0.00581	0.00166	0.00248	0.03010	0.00495	0.00429
11	0.01183	0.01136	0.01940	0.02934	0.80221	0.01136	0.01467	0.01467	0.01088	0.01562	0.00899	0.01183	0.00757	0.00426	0.00473	0.00142	0.00568	0.00426	0.00237	0.00757
12	0.00946	0.00894	0.01512	0.69803	0.15203	0.01073	0.01349	0.01259	0.00976	0.01274	0.00857	0.01260	0.00656	0.00470	0.00477	0.00157	0.00626	0.00425	0.00216	0.00566
13	0.00581	0.00420	0.00550	0.00654	0.00690	0.00389	0.00439	0.00667	0.00926	0.01225	0.02772	0.78014	0.07949	0.01480	0.00607	0.00192	0.00275	0.01337	0.00444	0.00389
14	0.01183	0.01136	0.01940	0.02934	0.80221	0.01136	0.01467	0.01467	0.01088	0.01562	0.00899	0.01183	0.00757	0.00426	0.00473	0.00142	0.00568	0.00426	0.00237	0.00757
15	0.01206	0.01035	0.01091	0.00976	0.01250	0.01197	0.00761	0.04652	0.77217	0.02028	0.01923	0.01766	0.01441	0.00646	0.00486	0.00162	0.00382	0.00537	0.00486	0.00758
16	0.00618	0.00446	0.00592	0.00698	0.00741	0.00426	0.00489	0.00748	0.02815	0.01263	0.02606	0.72044	0.03073	0.01457	0.00613	0.00196	0.00298	0.10030	0.00444	0.00403
17	0.00903	0.00850	0.01434	0.82054	0.03292	0.01062	0.01327	0.01221	0.00956	0.01221	0.00850	0.01274	0.00637	0.00478	0.00478	0.00159	0.00637	0.00425	0.00212	0.00531
18	0.01046	0.01046	0.01464	0.01255	0.01255	0.01464	0.01046	0.01150	0.00732	0.01150	0.00627	0.01046	0.00627	0.00837	0.01569	0.00209	0.82328	0.00418	0.00209	0.00523
19	0.00991	0.00850	0.00991	0.00708	0.01133	0.00637	0.00566	0.01203	0.00991	0.01557	0.00850	0.00991	0.00708	0.00354	0.00354	0.00071	0.00354	0.00283	0.00283	0.86124
20	0.01817	0.01339	0.01434	0.01100	0.01482	0.01482	0.00908	0.78627	0.02247	0.03012	0.01148	0.01148	0.00813	0.00574	0.00478	0.00143	0.00526	0.00430	0.00478	0.00813
21	0.00581	0.00475	0.00513	0.00524	0.00661	0.00407	0.00385	0.00710	0.01098	0.01359	0.13873	0.15342	0.59968	0.01221	0.00571	0.00165	0.00245	0.01039	0.00454	0.00407
22	0.00582	0.00416	0.00555	0.00666	0.00693	0.00388	0.00444	0.00666	0.00915	0.01220	0.02634	0.82891	0.03161	0.01497	0.00610	0.00194	0.00277	0.01359	0.00444	0.00388
23	0.01392	0.01041	0.01523	0.01211	0.01515	0.01122	0.17605	0.03406	0.31789	0.20312	0.01523	0.01526	0.01109	0.00607	0.00652	0.00165	0.11858	0.00513	0.00420	0.00714
24	0.00685	0.00504	0.00728	0.00728	0.00800	0.00576	0.00548	0.00828	0.00756	0.01080	0.01317	0.02080	0.01283	0.16445	0.68567	0.00719	0.01148	0.00542	0.00261	0.00405
25	0.00584	0.00422	0.00553	0.00654	0.00691	0.00391	0.00439	0.00673	0.00937	0.01244	0.04938	0.76374	0.07399	0.01467	0.00606	0.00191	0.00274	0.01326	0.00446	0.00391
26	0.01282	0.76193	0.05015	0.00857	0.01264	0.03352	0.00857	0.02807	0.00998	0.01172	0.00680	0.00789	0.00617	0.00423	0.00342	0.00107	0.02152	0.00266	0.00210	0.00617
27	0.01816	0.01374	0.01431	0.01105	0.01482	0.04472	0.00909	0.75753	0.02214	0.02943	0.01132	0.01137	0.00805	0.00571	0.00476	0.00143	0.00539	0.00426	0.00469	0.00803
28	0.00691	0.00444	0.00558	0.00616	0.00667	0.00423	0.00416	0.00795	0.00935	0.03369	0.07647	0.50974	0.02693	0.13323	0.02160	0.00227	0.00313	0.01063	0.12286	0.00398
29	0.00967	0.04638	0.78635	0.01348	0.02046	0.01131	0.01741	0.01511	0.01008	0.01503	0.00853	0.01003	0.00606	0.00453	0.00450	0.00150	0.00701	0.00351	0.00202	0.00704
30	0.01375	0.01179	0.01182	0.01019	0.01314	0.06247	0.00803	0.20583	0.56174	0.02188	0.01681	0.01575	0.01253	0.00621	0.00481	0.00155	0.00443	0.00500	0.00469	0.00757

[dist]
# distance from previous block
# <min> <max>
0	2

[block]
# block no. 4 follows, 53 sequences, length 21
# corresponding to MSA columns:
# 573-593
name=unknown_E
#
# <colnr> <probs for GDERKNQSTAVLIFYWHMCP>
#	G	D	E	R	K	N	Q	S	T	A	V	L	I	F	Y	W	H	M	C	P
0	0.01197	0.49249	0.25275	0.01178	0.08356	0.04911	0.01156	0.01478	0.01008	0.01278	0.00744	0.00878	0.00624	0.00427	0.00369	0.00121	0.00588	0.00301	0.00208	0.00651
1	0.01224	0.01139	0.01871	0.06702	0.69551	0.01162	0.01411	0.08168	0.01183	0.01671	0.00918	0.01184	0.00756	0.00441	0.00474	0.00143	0.00568	0.00426	0.00256	0.00751
2	0.00806	0.00568	0.00709	0.00714	0.00833	0.00564	0.00550	0.01108	0.10178	0.04761	0.25588	0.11940	0.07162	0.12201	0.00833	0.00217	0.00343	0.19999	0.00458	0.00467
3	0.00598	0.00448	0.00556	0.00609	0.00686	0.00405	0.00426	0.00720	0.01050	0.01385	0.19545	0.47349	0.21844	0.01319	0.00589	0.00177	0.00258	0.01170	0.00461	0.00405
4	0.00684	0.00509	0.00754	0.00754	0.00834	0.00590	0.00580	0.00844	0.00764	0.01099	0.01293	0.01949	0.01226	0.08150	0.76785	0.00751	0.01233	0.00523	0.00258	0.00419
5	0.00622	0.00449	0.00590	0.00649	0.00714	0.00418	0.00461	0.00759	0.01070	0.01452	0.26757	0.50092	0.07203	0.01312	0.00596	0.00180	0.00269	0.05526	0.00469	0.00411
6	0.02063	0.00817	0.01098	0.00847	0.01205	0.00718	0.00698	0.04975	0.01399	0.74028	0.05599	0.01703	0.01329	0.00609	0.00485	0.00148	0.00402	0.00497	0.00584	0.00796
7	0.01170	0.00974	0.01043	0.00937	0.01196	0.01112	0.00729	0.02392	0.70495	0.04083	0.08732	0.01935	0.01717	0.00676	0.00493	0.00161	0.00366	0.00567	0.00493	0.00731
8	0.00959	0.02472	0.80726	0.01362	0.02069	0.01110	0.01766	0.01514	0.01009	0.01514	0.00858	0.01009	0.00605	0.00454	0.00454	0.00151	0.00706	0.00353	0.00202	0.00706
9	0.00915	0.00668	0.01041	0.21480	0.01562	0.00762	0.03004	0.01130	0.00897	0.08925	0.01223	0.02930	0.01044	0.02148	0.43036	0.00478	0.03414	0.00493	0.02730	0.02119
10	0.00667	0.00488	0.00626	0.00591	0.00708	0.00447	0.00443	0.00884	0.01330	0.01863	0.73548	0.03658	0.10964	0.00997	0.00564	0.00151	0.00227	0.00877	0.00519	0.00447
11	0.00976	0.10695	0.64732	0.01283	0.01918	0.01155	0.04833	0.01458	0.01015	0.01461	0.01071	0.01202	0.05166	0.00491	0.00450	0.00147	0.00664	0.00390	0.00218	0.00677
12	0.01063	0.00876	0.01015	0.00740	0.01154	0.00699	0.00593	0.04098	0.05320	0.03770	0.00948	0.01057	0.00766	0.00384	0.00369	0.00080	0.00363	0.00308	0.00310	0.76087
13	0.00581	0.00422	0.00548	0.00650	0.00689	0.00390	0.00437	0.00667	0.00930	0.01226	0.02826	0.76079	0.09849	0.01472	0.00606	0.00191	0.00274	0.01328	0.00444	0.00390
14	0.24802	0.00905	0.02858	0.02583	0.01205	0.00964	0.08609	0.06271	0.00999	0.09921	0.02213	0.01531	0.03733	0.09000	0.09486	0.00253	0.10715	0.00457	0.01577	0.01917
15	0.01204	0.04106	0.02216	0.00960	0.01187	0.17784	0.01979	0.08873	0.26760	0.01631	0.03555	0.09481	0.03587	0.04542	0.09750	0.00234	0.00598	0.00573	0.00379	0.00601
16	0.00955	0.00911	0.01353	0.27912	0.01876	0.01211	0.01073	0.01174	0.03008	0.01192	0.00822	0.01250	0.00727	0.01068	0.11491	0.00264	0.42531	0.00436	0.00224	0.00520
17	0.00598	0.00437	0.00536	0.00607	0.00667	0.00400	0.00412	0.00692	0.00953	0.01251	0.05226	0.55395	0.20037	0.07148	0.00719	0.00202	0.00280	0.01195	0.02856	0.00388
18	0.02763	0.12543	0.30380	0.01223	0.05277	0.01227	0.05164	0.09099	0.15683	0.03002	0.03456	0.02406	0.02756	0.00548	0.00480	0.00148	0.02403	0.00441	0.00312	0.00688
19	0.03156	0.08764	0.01775	0.19562	0.25300	0.13400	0.10141	0.03654	0.05229	0.01464	0.00920	0.01162	0.00735	0.00462	0.00457	0.00142	0.00628	0.00411	0.01998	0.00640
20	0.00864	0.00739	0.00988	0.02269	0.14502	0.03686	0.02921	0.03226	0.07863	0.01445	0.06130	0.34918	0.04862	0.05379	0.00659	0.00190	0.00405	0.08047	0.00393	0.00514

[dist]
# distance from previous block
# <min> <max>
2	11

[block]
# block no. 5 follows, 53 sequences, length 16
# corresponding to MSA columns:
# 607-622
name=unknown_F
#
# <colnr> <probs for GDERKNQSTAVLIFYWHMCP>
#	G	D	E	R	K	N	Q	S	T	A	V	L	I	F	Y	W	H	M	C	P
0	0.43232	0.11077	0.12908	0.02541	0.02858	0.08236	0.00813	0.03116	0.00980	0.01782	0.03472	0.01068	0.03353	0.00490	0.00363	0.00140	0.00484	0.00333	0.00280	0.02473
1	0.06950	0.01119	0.05489	0.01020	0.01355	0.06022	0.09893	0.12963	0.03668	0.07633	0.06754	0.02808	0.03696	0.02359	0.00574	0.00142	0.06260	0.00466	0.00351	0.20477
2	0.01163	0.01194	0.02381	0.07639	0.28439	0.01159	0.45219	0.01514	0.01111	0.03971	0.00965	0.01263	0.00744	0.00421	0.00525	0.00154	0.00703	0.00506	0.00249	0.00680
3	0.01090	0.01098	0.03501	0.28457	0.45507	0.04615	0.01361	0.01374	0.01041	0.01412	0.00926	0.03880	0.00784	0.00491	0.00502	0.00150	0.02471	0.00449	0.00235	0.00656
4	0.06077	0.39450	0.33438	0.01088	0.01611	0.01458	0.05290	0.01498	0.00999	0.04010	0.00798	0.00920	0.00630	0.00435	0.00384	0.00129	0.00593	0.00318	0.00224	0.00653
5	0.00597	0.00440	0.00581	0.00675	0.00709	0.00424	0.00459	0.00683	0.00918	0.01222	0.02685	0.76048	0.07152	0.01460	0.00639	0.00193	0.02975	0.01309	0.00436	0.00393
6	0.00684	0.00506	0.00737	0.00737	0.00811	0.00580	0.00558	0.00833	0.00759	0.01086	0.01309	0.02036	0.01264	0.13672	0.71315	0.00730	0.01177	0.00535	0.00260	0.00409
7	0.00629	0.00456	0.00561	0.00616	0.00665	0.00435	0.00409	0.00737	0.02792	0.01214	0.06889	0.46553	0.11793	0.20905	0.02859	0.00264	0.00340	0.01094	0.00408	0.00380
8	0.01996	0.01052	0.01257	0.00964	0.01339	0.01057	0.00796	0.37014	0.01768	0.45303	0.01550	0.01409	0.01015	0.00583	0.00480	0.00146	0.00461	0.00458	0.00540	0.00813
9	0.00830	0.00415	0.00623	0.00623	0.00623	0.00415	0.00415	0.00623	0.00623	0.00830	0.00830	0.01453	0.00830	0.01660	0.01868	0.86094	0.00415	0.00415	0.00208	0.00208
10	0.80931	0.00917	0.00730	0.00643	0.00944	0.01047	0.00530	0.01467	0.00851	0.07389	0.00747	0.00833	0.00562	0.00454	0.00308	0.00148	0.00372	0.00274	0.00316	0.00537
11	0.00583	0.00482	0.00510	0.00508	0.00658	0.00410	0.00379	0.00718	0.01123	0.01384	0.16217	0.07206	0.65802	0.01185	0.00566	0.00161	0.00241	0.00999	0.00456	0.00410
12	0.00695	0.00463	0.00521	0.00521	0.00521	0.00463	0.00290	0.00695	0.00695	0.00927	0.01506	0.03128	0.01738	0.83203	0.02433	0.00463	0.00463	0.00695	0.00290	0.00290
13	0.01128	0.01289	0.02820	0.02015	0.02498	0.01209	0.78485	0.01531	0.01128	0.01531	0.00967	0.01289	0.00725	0.00403	0.00564	0.00161	0.00806	0.00564	0.00242	0.00645
14	0.00565	0.00484	0.00484	0.00484	0.00646	0.00403	0.00363	0.00686	0.01089	0.01291	0.04842	0.04600	0.80027	0.01210	0.00565	0.00161	0.00242	0.01009	0.00444	0.00403
15	0.01189	0.01027	0.01081	0.00973	0.01243	0.01189	0.00757	0.02540	0.79357	0.01999	0.01945	0.01783	0.01459	0.00648	0.00486	0.00162	0.00378	0.00540	0.00486	0.00757

[dist]
# distance from previous block
# <min> <max>
0	30

[block]
# block no. 6 follows, 53 sequences, length 26
# corresponding to MSA columns:
# 653-678
name=unknown_G
#
# <colnr> <probs for GDERKNQSTAVLIFYWHMCP>
#	G	D	E	R	K	N	Q	S	T	A	V	L	I	F	Y	W	H	M	C	P
0	0.00903	0.00850	0.01434	0.82054	0.03292	0.01062	0.01327	0.01221	0.00956	0.01221	0.00850	0.01274	0.00637	0.00478	0.00478	0.00159	0.00637	0.00425	0.00212	0.00531
1	0.02144	0.00813	0.01109	0.00850	0.01220	0.00702	0.00702	0.02329	0.01368	0.80552	0.01886	0.01627	0.01183	0.00592	0.00481	0.00148	0.00407	0.00481	0.00592	0.00813
2	0.00582	0.00416	0.00555	0.00666	0.00693	0.00388	0.00444	0.00666	0.00915	0.01220	0.02634	0.82891	0.03161	0.01497	0.00610	0.00194	0.00277	0.01359	0.00444	0.00388
3	0.01811	0.01512	0.01420	0.01124	0.01481	0.16172	0.00911	0.64505	0.02083	0.02673	0.01072	0.01095	0.00777	0.00559	0.00469	0.00140	0.00588	0.00408	0.00435	0.00765
4	0.00695	0.00463	0.00521	0.00521	0.00521	0.00463	0.00290	0.00695	0.00695	0.00927	0.01506	0.03128	0.01738	0.83203	0.02433	0.00463	0.00463	0.00695	0.00290	0.00290
5	0.00595	0.00423	0.00556	0.00652	0.00681	0.00396	0.00433	0.00678	0.00917	0.01228	0.05833	0.73651	0.03114	0.07492	0.00742	0.00212	0.00289	0.01289	0.00436	0.00384
6	0.01618	0.02021	0.01240	0.01132	0.01368	0.69009	0.00850	0.01777	0.03592	0.01209	0.01278	0.01348	0.10403	0.00585	0.00449	0.00129	0.00772	0.00401	0.00278	0.00541
7	0.01785	0.02278	0.01354	0.01231	0.01478	0.81284	0.00924	0.01909	0.01354	0.01170	0.00739	0.00862	0.00616	0.00493	0.00431	0.00123	0.00862	0.00308	0.00246	0.00554
8	0.01278	0.83490	0.02505	0.00818	0.01227	0.01891	0.00818	0.01431	0.00971	0.01125	0.00664	0.00767	0.00613	0.00409	0.00307	0.00102	0.00511	0.00256	0.00204	0.00613
9	0.75523	0.00894	0.00727	0.00640	0.00935	0.01013	0.00526	0.01474	0.00870	0.09019	0.00811	0.00894	0.00606	0.00461	0.00314	0.00146	0.00367	0.00286	0.03952	0.00541
10	0.01743	0.09354	0.01461	0.01186	0.01456	0.69108	0.00913	0.06864	0.01379	0.01286	0.00759	0.00872	0.00628	0.00490	0.00423	0.00123	0.00809	0.00311	0.00258	0.00576
11	0.00627	0.00448	0.00605	0.00716	0.00763	0.00426	0.00521	0.00742	0.00959	0.01270	0.02610	0.64650	0.03065	0.01456	0.00622	0.00200	0.00316	0.19163	0.00443	0.00400
12	0.00917	0.00851	0.01426	0.74967	0.07305	0.01044	0.01300	0.01231	0.00964	0.01259	0.00877	0.01287	0.00664	0.00478	0.00473	0.00157	0.00619	0.00426	0.03216	0.00540
13	0.01046	0.01046	0.01464	0.01255	0.01255	0.01464	0.01046	0.01150	0.00732	0.01150	0.00627	0.01046	0.00627	0.00837	0.01569	0.00209	0.82328	0.00418	0.00209	0.00523
14	0.01785	0.02278	0.01354	0.01231	0.01478	0.81284	0.00924	0.01909	0.01354	0.01170	0.00739	0.00862	0.00616	0.00493	0.00431	0.00123	0.00862	0.00308	0.00246	0.00554
15	0.01720	0.02170	0.01364	0.01233	0.01458	0.74269	0.00934	0.01842	0.01300	0.01168	0.00729	0.00878	0.00617	0.00523	0.00531	0.00131	0.08021	0.00318	0.00243	0.00551
16	0.00670	0.00488	0.00630	0.00595	0.00710	0.00448	0.00446	0.00890	0.01338	0.01881	0.75730	0.03628	0.08771	0.00990	0.00564	0.00151	0.00226	0.00873	0.00522	0.00448
17	0.01464	0.01447	0.01055	0.00935	0.01153	0.37225	0.00718	0.15324	0.01378	0.01712	0.01095	0.01237	0.00863	0.00537	0.00429	0.00124	0.02273	0.00380	0.30088	0.00562
18	0.00757	0.00522	0.00679	0.00703	0.00785	0.00518	0.00512	0.00870	0.01002	0.07633	0.09245	0.49196	0.14567	0.01276	0.00674	0.00184	0.07491	0.02501	0.00442	0.00443
19	0.00893	0.00553	0.00745	0.00716	0.00784	0.00596	0.00515	0.04624	0.10407	0.01131	0.01068	0.01560	0.00976	0.01851	0.16794	0.55143	0.00581	0.00450	0.00264	0.00346
20	0.01750	0.01282	0.01379	0.01075	0.01443	0.01419	0.00882	0.66544	0.11800	0.05557	0.01272	0.01243	0.00906	0.00584	0.00479	0.00146	0.00503	0.00446	0.00483	0.00806
21	0.00662	0.00488	0.00618	0.00586	0.00705	0.00445	0.00439	0.00873	0.01318	0.01833	0.69961	0.03707	0.14570	0.01008	0.00564	0.00152	0.00228	0.00884	0.00515	0.00445
22	0.00692	0.00463	0.00529	0.00531	0.00534	0.00465	0.00302	0.00698	0.00703	0.00939	0.01530	0.05183	0.01761	0.78998	0.04432	0.00464	0.00480	0.00708	0.00293	0.00296
23	0.00664	0.00488	0.00622	0.00588	0.00706	0.00446	0.00441	0.00878	0.01324	0.01847	0.71638	0.03684	0.12884	0.01003	0.00564	0.00152	0.00227	0.00880	0.00517	0.00446
24	0.01679	0.02055	0.01306	0.01185	0.01436	0.66987	0.00894	0.02021	0.15278	0.01318	0.00954	0.01026	0.00766	0.00520	0.00441	0.00130	0.00776	0.00349	0.00289	0.00590
25	0.04113	0.01363	0.24890	0.01011	0.01400	0.00986	0.01007	0.20367	0.05695	0.11001	0.05452	0.12247	0.01387	0.00701	0.00486	0.00155	0.00490	0.02560	0.04022	0.00668

[dist]
# distance from previous block
# <min> <max>
0	1

[block]
# block no. 7 follows, 53 sequences, length 16
# corresponding to MSA columns:
# 680-684,694-704
name=unknown_H
#
# <colnr> <probs for GDERKNQSTAVLIFYWHMCP>
#	G	D	E	R	K	N	Q	S	T	A	V	L	I	F	Y	W	H	M	C	P
0	0.07188	0.01113	0.01240	0.00965	0.01323	0.01179	0.00794	0.46502	0.03830	0.24834	0.01366	0.01306	0.00935	0.00572	0.00461	0.00144	0.00464	0.00437	0.04571	0.00775
1	0.86579	0.00924	0.00702	0.00629	0.00924	0.01072	0.00518	0.01405	0.00813	0.02144	0.00666	0.00776	0.00518	0.00444	0.00296	0.00148	0.00370	0.00259	0.00296	0.00518
2	0.00959	0.02472	0.80726	0.01362	0.02069	0.01110	0.01766	0.01514	0.01009	0.01514	0.00858	0.01009	0.00605	0.00454	0.00454	0.00151	0.00706	0.00353	0.00202	0.00706
3	0.00830	0.00415	0.00623	0.00623	0.00623	0.00415	0.00415	0.00623	0.00623	0.00830	0.00830	0.01453	0.00830	0.01660	0.01868	0.86094	0.00415	0.00415	0.00208	0.00208
4	0.01165	0.01118	0.01908	0.07917	0.75376	0.01131	0.01458	0.01451	0.01080	0.01540	0.00896	0.01189	0.00750	0.00429	0.00473	0.00143	0.00572	0.00426	0.00235	0.00743
5	0.00582	0.00416	0.00555	0.00666	0.00693	0.00388	0.00444	0.00666	0.00915	0.01220	0.02634	0.82891	0.03161	0.01497	0.00610	0.00194	0.00277	0.01359	0.00444	0.00388
6	0.86579	0.00924	0.00702	0.00629	0.00924	0.01072	0.00518	0.01405	0.00813	0.02144	0.00666	0.00776	0.00518	0.00444	0.00296	0.00148	0.00370	0.00259	0.00296	0.00518
7	0.70988	0.00971	0.00804	0.00693	0.00996	0.01113	0.00570	0.13028	0.01036	0.02263	0.00768	0.00865	0.00585	0.00467	0.00325	0.00146	0.00388	0.00291	0.03141	0.00560
8	0.00656	0.00466	0.00598	0.00604	0.00677	0.00437	0.00422	0.00808	0.01133	0.01576	0.47372	0.23534	0.03708	0.14797	0.00887	0.00214	0.00278	0.00961	0.00466	0.00408
9	0.00959	0.02472	0.80726	0.01362	0.02069	0.01110	0.01766	0.01514	0.01009	0.01514	0.00858	0.01009	0.00605	0.00454	0.00454	0.00151	0.00706	0.00353	0.00202	0.00706
10	0.00692	0.00500	0.00709	0.00709	0.00779	0.00566	0.00529	0.00831	0.00761	0.01095	0.01333	0.02120	0.01302	0.19113	0.63233	0.00687	0.01086	0.00546	0.03006	0.00400
11	0.00704	0.00512	0.00678	0.00715	0.00818	0.00494	0.00566	0.00932	0.03334	0.01620	0.36428	0.17377	0.05538	0.01179	0.00602	0.00182	0.00312	0.27084	0.00480	0.00444
12	0.03746	0.01149	0.05038	0.01034	0.01383	0.01172	0.03763	0.23484	0.34533	0.17064	0.01591	0.01496	0.01135	0.00593	0.00479	0.00153	0.00456	0.00483	0.00476	0.00770
13	0.17114	0.01034	0.01114	0.00971	0.04968	0.06729	0.00742	0.09813	0.10301	0.31634	0.02807	0.01348	0.01014	0.00551	0.00459	0.00143	0.02119	0.00420	0.00443	0.06275
14	0.01208	0.00758	0.01062	0.00878	0.01109	0.00755	0.07157	0.01555	0.10851	0.23733	0.28521	0.02502	0.09477	0.00791	0.00614	0.00158	0.07113	0.00669	0.00482	0.00608
15	0.13425	0.40380	0.03559	0.00976	0.01346	0.03338	0.10250	0.06507	0.05119	0.04309	0.00972	0.06119	0.00851	0.00514	0.00388	0.00131	0.00515	0.00400	0.00284	0.00617

[dist]
# distance from previous block
# <min> <max>
1	9

[block]
# block no. 8 follows, 53 sequences, length 10
# corresponding to MSA columns:
# 714-723
name=unknown_I
#
# <colnr> <probs for GDERKNQSTAVLIFYWHMCP>
#	G	D	E	R	K	N	Q	S	T	A	V	L	I	F	Y	W	H	M	C	P
0	0.03598	0.00763	0.00862	0.00744	0.00980	0.04876	0.03486	0.01183	0.07067	0.05126	0.12547	0.12726	0.17386	0.03243	0.00550	0.00149	0.00359	0.02314	0.00398	0.21644
1	0.00917	0.00752	0.00896	0.00764	0.01010	0.03708	0.00601	0.03531	0.02823	0.03209	0.01322	0.01622	0.05436	0.01862	0.36340	0.00394	0.00786	0.00442	0.00297	0.33291
2	0.01047	0.00941	0.00875	0.00818	0.01000	0.14115	0.00634	0.07091	0.10610	0.04166	0.07394	0.04214	0.21992	0.06597	0.05242	0.00216	0.01900	0.10226	0.00403	0.00519
3	0.01133	0.01001	0.01507	0.02026	0.46603	0.01008	0.01098	0.08859	0.06834	0.01668	0.03354	0.07771	0.01175	0.06925	0.00630	0.00167	0.00494	0.00529	0.00310	0.06906
4	0.00634	0.00483	0.00619	0.08126	0.00915	0.00464	0.00499	0.00770	0.01011	0.01337	0.10335	0.42623	0.23174	0.01225	0.00566	0.00173	0.00293	0.01082	0.05257	0.00415
5	0.00848	0.00702	0.00839	0.00700	0.00965	0.00601	0.00540	0.03293	0.01000	0.01444	0.01817	0.17415	0.12763	0.01019	0.07959	0.00178	0.02787	0.00626	0.00339	0.44166
6	0.03642	0.00981	0.01245	0.00935	0.01305	0.00919	0.07652	0.19770	0.01321	0.07614	0.03837	0.02749	0.00967	0.02601	0.00515	0.00124	0.03119	0.00412	0.00358	0.39936
7	0.01567	0.01162	0.05304	0.08499	0.01534	0.04309	0.00891	0.25073	0.21480	0.20278	0.03885	0.01488	0.01142	0.00591	0.00480	0.00151	0.00484	0.00474	0.00460	0.00746
8	0.00618	0.00436	0.00567	0.00642	0.00668	0.00425	0.00422	0.00690	0.00851	0.01142	0.02249	0.56997	0.02651	0.20541	0.08493	0.00309	0.00413	0.01127	0.00391	0.00369
9	0.01055	0.11857	0.39131	0.05800	0.02184	0.01238	0.29050	0.01494	0.01044	0.01457	0.00873	0.01094	0.00651	0.00432	0.00477	0.00149	0.00714	0.00420	0.00217	0.00664

[dist]
# distance from previous block
# <min> <max>
0	3

[block]
# block no. 9 follows, 53 sequences, length 8
# corresponding to MSA columns:
# 727-734
name=unknown_J
#
# <colnr> <probs for GDERKNQSTAVLIFYWHMCP>
#	G	D	E	R	K	N	Q	S	T	A	V	L	I	F	Y	W	H	M	C	P
0	0.01061	0.00720	0.00948	0.01007	0.11499	0.00699	0.00678	0.06272	0.07369	0.13560	0.29546	0.04688	0.14725	0.00859	0.00533	0.00155	0.00343	0.04280	0.00472	0.00584
1	0.00683	0.00512	0.00768	0.00768	0.00853	0.00597	0.00597	0.00853	0.00768	0.01110	0.01280	0.01878	0.01195	0.03585	0.81308	0.00768	0.01280	0.00512	0.00256	0.00427
2	0.01129	0.35466	0.01966	0.07430	0.01544	0.01354	0.14949	0.07590	0.01061	0.01376	0.00929	0.01196	0.00792	0.01099	0.17425	0.00261	0.00729	0.00399	0.02720	0.00585
3	0.01039	0.00842	0.00976	0.00714	0.01114	0.00660	0.00571	0.04688	0.01070	0.04613	0.01212	0.01302	0.06887	0.00439	0.00381	0.00084	0.00355	0.00354	0.00316	0.72383
4	0.01026	0.00810	0.00960	0.00713	0.01100	0.00620	0.00564	0.01226	0.01008	0.06381	0.01068	0.08151	0.00950	0.00468	0.00384	0.00086	0.00351	0.00389	0.00316	0.73429
5	0.01055	0.23299	0.55661	0.01319	0.06689	0.01313	0.01503	0.01489	0.01004	0.01416	0.00810	0.00957	0.00617	0.00441	0.00417	0.00138	0.00647	0.00332	0.00205	0.00686
6	0.01301	0.00999	0.01353	0.01714	0.35531	0.07097	0.00981	0.01559	0.04105	0.18604	0.06881	0.02007	0.14502	0.00643	0.00493	0.00146	0.00472	0.00559	0.00377	0.00674
7	0.01366	0.01350	0.01606	0.07040	0.31792	0.20032	0.05913	0.10027	0.03033	0.04644	0.01159	0.03116	0.03253	0.00546	0.00482	0.00145	0.00621	0.02905	0.00301	0.00667

[dist]
# distance from previous block
# <min> <max>
0	9

[block]
# block no. 10 follows, 53 sequences, length 26
# corresponding to MSA columns:
# 744-758,770-780
name=unknown_K
#
# <colnr> <probs for GDERKNQSTAVLIFYWHMCP>
#	G	D	E	R	K	N	Q	S	T	A	V	L	I	F	Y	W	H	M	C	P
0	0.00999	0.00811	0.02584	0.00991	0.01215	0.00781	0.14408	0.12923	0.04123	0.05874	0.15162	0.26493	0.05532	0.01068	0.04556	0.00196	0.00466	0.00842	0.00423	0.00553
1	0.01140	0.01046	0.01703	0.15299	0.54636	0.01088	0.01315	0.07120	0.01173	0.01638	0.06665	0.01453	0.01054	0.00503	0.00485	0.00147	0.00548	0.02013	0.00276	0.00696
2	0.01195	0.00933	0.01117	0.00886	0.01187	0.03695	0.04178	0.10642	0.05968	0.09321	0.01291	0.05378	0.02449	0.07694	0.00694	0.00154	0.06527	0.02331	0.00355	0.34004
3	0.01277	0.00741	0.00962	0.00790	0.01053	0.00689	0.04440	0.09483	0.02976	0.25489	0.18970	0.02623	0.16451	0.00788	0.00510	0.00148	0.00359	0.02993	0.04756	0.04503
4	0.01217	0.01020	0.01085	0.00959	0.01229	0.01166	0.00750	0.10305	0.65723	0.02098	0.07509	0.01847	0.01613	0.00665	0.00491	0.00159	0.00383	0.00552	0.00488	0.00740
5	0.01162	0.01086	0.01832	0.02754	0.74456	0.01086	0.01385	0.01441	0.01082	0.01577	0.00947	0.01226	0.00791	0.00435	0.00463	0.00140	0.00543	0.00427	0.06433	0.00735
6	0.00958	0.00510	0.00517	0.00493	0.00624	0.00521	0.00376	0.06723	0.01092	0.01871	0.01529	0.01736	0.01195	0.00558	0.00345	0.00114	0.00245	0.00444	0.79677	0.00472
7	0.01739	0.01278	0.01366	0.01060	0.01423	0.01415	0.00872	0.70903	0.06004	0.02899	0.01208	0.01211	0.00866	0.00577	0.00471	0.00143	0.00503	0.00437	0.04834	0.00791
8	0.01147	0.00881	0.00939	0.00816	0.01045	0.04689	0.00638	0.15367	0.20737	0.07333	0.28812	0.02554	0.11436	0.00802	0.00517	0.00152	0.00362	0.00671	0.00489	0.00615
9	0.01278	0.83490	0.02505	0.00818	0.01227	0.01891	0.00818	0.01431	0.00971	0.01125	0.00664	0.00767	0.00613	0.00409	0.00307	0.00102	0.00511	0.00256	0.00204	0.00613
10	0.00835	0.00561	0.00783	0.00870	0.00993	0.00555	0.00757	0.01054	0.01121	0.05365	0.04827	0.05150	0.02726	0.01274	0.00648	0.00214	0.00432	0.70923	0.00450	0.00459
11	0.00822	0.00420	0.00631	0.00631	0.00635	0.00425	0.00425	0.00635	0.00631	0.00846	0.00855	0.01476	0.00850	0.01766	0.06230	0.81409	0.00463	0.00420	0.00210	0.00220
12	0.86579	0.00924	0.00702	0.00629	0.00924	0.01072	0.00518	0.01405	0.00813	0.02144	0.00666	0.00776	0.00518	0.00444	0.00296	0.00148	0.00370	0.00259	0.00296	0.00518
13	0.00582	0.00416	0.00555	0.00666	0.00693	0.00388	0.00444	0.00666	0.00915	0.01220	0.02634	0.82891	0.03161	0.01497	0.00610	0.00194	0.00277	0.01359	0.00444	0.00388
14	0.86579	0.00924	0.00702	0.00629	0.00924	0.01072	0.00518	0.01405	0.00813	0.02144	0.00666	0.00776	0.00518	0.00444	0.00296	0.00148	0.00370	0.00259	0.00296	0.00518
15	0.00873	0.00448	0.00448	0.00448	0.00562	0.00443	0.00336	0.01090	0.01007	0.01755	0.01739	0.01937	0.05552	0.00593	0.00347	0.00114	0.00224	0.00476	0.81166	0.00443
16	0.00582	0.00416	0.00555	0.00666	0.00693	0.00388	0.00444	0.00666	0.00915	0.01220	0.02634	0.82891	0.03161	0.01497	0.00610	0.00194	0.00277	0.01359	0.00444	0.00388
17	0.00582	0.00485	0.00508	0.00502	0.00656	0.00411	0.00377	0.00719	0.01130	0.01388	0.16499	0.04440	0.68310	0.01174	0.00565	0.00160	0.00240	0.00986	0.00457	0.00411
18	0.00830	0.00415	0.00623	0.00623	0.00623	0.00415	0.00415	0.00623	0.00623	0.00830	0.00830	0.01453	0.00830	0.01660	0.01868	0.86094	0.00415	0.00415	0.00208	0.00208
19	0.00959	0.02472	0.80726	0.01362	0.02069	0.01110	0.01766	0.01514	0.01009	0.01514	0.00858	0.01009	0.00605	0.00454	0.00454	0.00151	0.00706	0.00353	0.00202	0.00706
20	0.01590	0.00886	0.01066	0.00870	0.01170	0.00893	0.00700	0.15550	0.18050	0.34469	0.17410	0.01965	0.01843	0.00678	0.00498	0.00151	0.00385	0.00561	0.00536	0.00729
21	0.00692	0.00474	0.00574	0.00574	0.00592	0.00492	0.00355	0.00729	0.00711	0.00965	0.01458	0.02863	0.01623	0.66345	0.19133	0.00528	0.00636	0.00656	0.00283	0.00319
22	0.01785	0.02278	0.01354	0.01231	0.01478	0.81284	0.00924	0.01909	0.01354	0.01170	0.00739	0.00862	0.00616	0.00493	0.00431	0.00123	0.00862	0.00308	0.00246	0.00554
23	0.77552	0.00978	0.02636	0.00736	0.03359	0.01087	0.00591	0.02922	0.03463	0.02124	0.00729	0.00835	0.00564	0.00453	0.00315	0.00148	0.00387	0.00279	0.00302	0.00543
24	0.01034	0.00877	0.01096	0.00822	0.01196	0.00748	0.04654	0.03638	0.06888	0.03016	0.05692	0.02700	0.01043	0.00464	0.00441	0.00098	0.03286	0.00383	0.00322	0.61600
25	0.00625	0.00430	0.00567	0.00660	0.00701	0.00399	0.00444	0.00713	0.00936	0.03167	0.04383	0.74934	0.05424	0.03347	0.00647	0.00197	0.00283	0.01300	0.00446	0.00398

[dist]
# distance from previous block
# <min> <max>
1	3

[block]
# block no. 11 follows, 53 sequences, length 156
# corresponding to MSA columns:
# 784-888,890-940
name=unknown_L
#
# <colnr> <probs for GDERKNQSTAVLIFYWHMCP>
#	G	D	E	R	K	N	Q	S	T	A	V	L	I	F	Y	W	H	M	C	P
0	0.01443	0.01284	0.01558	0.01342	0.07072	0.14868	0.16203	0.18409	0.11691	0.09336	0.04020	0.04549	0.02399	0.00608	0.00503	0.00151	0.00585	0.02915	0.00385	0.00678
1	0.01247	0.02487	0.01847	0.22311	0.02225	0.05150	0.29693	0.07108	0.03716	0.10551	0.02433	0.01394	0.02092	0.00494	0.00501	0.00151	0.00635	0.00491	0.02679	0.02795
2	0.12749	0.03505	0.01241	0.01032	0.05584	0.02560	0.00794	0.35078	0.08038	0.06334	0.03163	0.02579	0.00995	0.00562	0.00441	0.00137	0.00458	0.02206	0.00409	0.12135
3	0.01617	0.01423	0.01608	0.01268	0.01606	0.21708	0.17553	0.23043	0.02742	0.14340	0.01190	0.04738	0.00916	0.00610	0.01716	0.00156	0.02231	0.00479	0.00376	0.00680
4	0.00602	0.00438	0.00594	0.00729	0.03002	0.00411	0.00471	0.00689	0.00916	0.01225	0.02565	0.79156	0.03067	0.02858	0.00637	0.00197	0.00289	0.01320	0.00435	0.00397
5	0.01233	0.06650	0.01945	0.02575	0.64378	0.02588	0.03967	0.05726	0.03425	0.01617	0.00927	0.01169	0.00767	0.00440	0.00465	0.00140	0.00569	0.00421	0.00255	0.00743
6	0.01312	0.18144	0.01421	0.01076	0.07281	0.17979	0.00810	0.03129	0.15138	0.08157	0.05398	0.04219	0.07656	0.00659	0.00489	0.00142	0.03020	0.02999	0.00355	0.00618
7	0.00760	0.00615	0.00697	0.00697	0.00845	0.00618	0.00519	0.01207	0.21296	0.01537	0.11958	0.25829	0.24528	0.01110	0.00558	0.00171	0.00296	0.04352	0.00461	0.01947
8	0.06654	0.51176	0.22674	0.00968	0.01441	0.03913	0.01049	0.03618	0.01024	0.02630	0.00750	0.00858	0.00620	0.00433	0.00356	0.00120	0.00562	0.00291	0.00225	0.00639
9	0.01300	0.01387	0.01758	0.06543	0.30277	0.20657	0.12660	0.05146	0.02469	0.01477	0.00943	0.03888	0.00803	0.00522	0.00564	0.00148	0.06921	0.00451	0.01440	0.00646
10	0.00572	0.00482	0.00496	0.00498	0.00651	0.00406	0.00371	0.00697	0.01098	0.01324	0.08991	0.07534	0.72834	0.01208	0.00567	0.00162	0.00243	0.01014	0.00448	0.00406
11	0.00991	0.00850	0.00991	0.00708	0.01133	0.00637	0.00566	0.01203	0.00991	0.01557	0.00850	0.00991	0.00708	0.00354	0.00354	0.00071	0.00354	0.00283	0.00283	0.86124
12	0.01191	0.01247	0.06229	0.02790	0.73285	0.03843	0.01465	0.01484	0.01093	0.01546	0.00891	0.01163	0.00744	0.00430	0.00471	0.00142	0.00585	0.00418	0.00235	0.00747
13	0.01395	0.01314	0.02254	0.01646	0.02083	0.05607	0.48749	0.20045	0.01422	0.07249	0.01058	0.01249	0.00771	0.00461	0.00526	0.00152	0.00705	0.00506	0.00323	0.02485
14	0.00588	0.00426	0.00556	0.00655	0.00697	0.00395	0.00446	0.00681	0.00943	0.01247	0.04550	0.72947	0.09263	0.01459	0.00607	0.00191	0.00277	0.03234	0.00445	0.00392
15	0.07899	0.00960	0.01338	0.01154	0.05646	0.03648	0.16846	0.10626	0.10144	0.07326	0.06266	0.07391	0.02714	0.00650	0.00483	0.00151	0.00474	0.03149	0.12520	0.00613
16	0.08654	0.00889	0.01014	0.05267	0.01245	0.00907	0.00696	0.10653	0.20272	0.11083	0.07949	0.03180	0.04257	0.00636	0.00459	0.00140	0.00391	0.03773	0.00424	0.18110
17	0.00675	0.00468	0.00608	0.00627	0.00716	0.00430	0.00449	0.00833	0.01155	0.03997	0.40453	0.36219	0.09184	0.01196	0.00580	0.00169	0.00254	0.01066	0.00488	0.00433
18	0.00683	0.00512	0.00768	0.00768	0.00853	0.00597	0.00597	0.00853	0.00768	0.01110	0.01280	0.01878	0.01195	0.03585	0.81308	0.00768	0.01280	0.00512	0.00256	0.00427
19	0.00898	0.00674	0.02691	0.19765	0.02921	0.00687	0.07634	0.01159	0.00992	0.01566	0.01362	0.06030	0.01125	0.00670	0.03054	0.00154	0.00427	0.00501	0.47198	0.00491
20	0.00959	0.02472	0.80726	0.01362	0.02069	0.01110	0.01766	0.01514	0.01009	0.01514	0.00858	0.01009	0.00605	0.00454	0.00454	0.00151	0.00706	0.00353	0.00202	0.00706
21	0.00587	0.00425	0.00557	0.00660	0.00699	0.00394	0.00448	0.00677	0.00932	0.01231	0.02778	0.75304	0.08265	0.01473	0.00609	0.00193	0.00280	0.03655	0.00444	0.00391
22	0.00804	0.00630	0.00735	0.00679	0.00841	0.00634	0.00518	0.03485	0.18317	0.01873	0.49404	0.03266	0.15088	0.00929	0.00545	0.00154	0.00270	0.00803	0.00504	0.00521
23	0.48417	0.01111	0.01032	0.00841	0.01176	0.01257	0.00694	0.36172	0.01459	0.02535	0.00883	0.00944	0.00651	0.00502	0.00378	0.00146	0.00440	0.00336	0.00378	0.00651
24	0.06032	0.03274	0.05505	0.00901	0.01256	0.00921	0.00778	0.15350	0.02752	0.46992	0.03062	0.03049	0.02459	0.00610	0.00499	0.00148	0.02813	0.00479	0.02372	0.00748
