[name]
unknown

[dist]
# distance from previous block
# <min> <max>
14	124

[block]
# block no. 0 follows, 53 sequences, length 28
# corresponding to MSA columns:
# 158-173,175-185,187
name=unknown_A
#
# <colnr> <probs for GDERKNQSTAVLIFYWHMCP>
#	G	D	E	R	K	N	Q	S	T	A	V	L	I	F	Y	W	H	M	C	P
0	0.08070	0.00689	0.00792	0.00773	0.00946	0.00712	0.00591	0.03044	0.19041	0.02900	0.06330	0.29839	0.03005	0.01095	0.03275	0.00190	0.00373	0.09767	0.00428	0.08143
1	0.04332	0.00812	0.01097	0.26045	0.05399	0.00896	0.00848	0.13665	0.02006	0.08202	0.03971	0.05273	0.01303	0.19630	0.00937	0.00228	0.00506	0.03963	0.00342	0.00545
2	0.01571	0.00908	0.01434	0.01101	0.01447	0.00853	0.18571	0.01978	0.12420	0.40282	0.12506	0.01841	0.01578	0.00610	0.00512	0.00153	0.00469	0.00562	0.00487	0.00716
3	0.00653	0.00463	0.00571	0.00587	0.00671	0.00433	0.00415	0.00798	0.01079	0.01492	0.31087	0.24728	0.14637	0.10136	0.03548	0.00216	0.00304	0.00956	0.06818	0.00408
4	0.15186	0.03652	0.01213	0.01108	0.09785	0.00857	0.07247	0.05194	0.01151	0.28034	0.01600	0.20058	0.01409	0.00735	0.00481	0.00157	0.00431	0.00638	0.00423	0.00641
5	0.01197	0.01084	0.01417	0.48583	0.02517	0.06809	0.01160	0.19124	0.04288	0.01654	0.00936	0.01219	0.00707	0.00534	0.00557	0.00157	0.06746	0.00422	0.00286	0.00606
6	0.00774	0.00637	0.00912	0.01118	0.18995	0.00600	0.00670	0.00995	0.01247	0.01728	0.48963	0.03197	0.16527	0.00890	0.00543	0.00150	0.00307	0.00788	0.00445	0.00513
7	0.86579	0.00924	0.00702	0.00629	0.00924	0.01072	0.00518	0.01405	0.00813	0.02144	0.00666	0.00776	0.00518	0.00444	0.00296	0.00148	0.00370	0.00259	0.00296	0.00518
8	0.01359	0.01223	0.02147	0.01588	0.01963	0.01269	0.42051	0.19277	0.01344	0.08454	0.01033	0.01247	0.00769	0.00526	0.00694	0.00163	0.13392	0.00504	0.00320	0.00679
9	0.11514	0.00842	0.01120	0.19511	0.01643	0.00858	0.00820	0.06929	0.01236	0.42499	0.01509	0.07103	0.01094	0.00610	0.00467	0.00153	0.00454	0.00500	0.00452	0.00684
10	0.00680	0.00495	0.00648	0.00664	0.00770	0.00463	0.00517	0.00881	0.01228	0.01683	0.48157	0.12677	0.09588	0.01130	0.00591	0.00172	0.00282	0.18447	0.00491	0.00438
11	0.01520	0.02169	0.19539	0.01195	0.01536	0.56044	0.01068	0.01751	0.01245	0.01300	0.00835	0.00973	0.00665	0.00489	0.00428	0.00129	0.00772	0.00330	0.07431	0.00580
12	0.00665	0.00459	0.00561	0.00609	0.00670	0.00436	0.00426	0.00775	0.00955	0.01304	0.10152	0.32249	0.11088	0.20107	0.01000	0.00243	0.00324	0.09283	0.08309	0.00384
13	0.01765	0.00755	0.01002	0.00823	0.01115	0.00679	0.00656	0.06714	0.01319	0.57455	0.02012	0.20294	0.01615	0.00799	0.00510	0.00158	0.00384	0.00680	0.00550	0.00716
14	0.00668	0.00488	0.00627	0.00592	0.00709	0.00447	0.00444	0.00885	0.01332	0.01868	0.74111	0.03651	0.10398	0.00995	0.00564	0.00151	0.00227	0.00876	0.00520	0.00447
15	0.01004	0.14063	0.69536	0.01284	0.01948	0.01222	0.01630	0.01502	0.01004	0.01458	0.00830	0.00974	0.00607	0.00448	0.00433	0.00144	0.00678	0.00339	0.00202	0.00693
16	0.00851	0.00766	0.01251	0.63314	0.02699	0.00921	0.01126	0.01148	0.01047	0.01381	0.19053	0.01803	0.01528	0.00593	0.00498	0.00157	0.00542	0.00526	0.00285	0.00513
17	0.00941	0.00660	0.00735	0.00670	0.00761	0.00690	0.00449	0.18622	0.01076	0.01439	0.01547	0.11369	0.01680	0.55283	0.01784	0.00360	0.00457	0.00707	0.00350	0.00421
18	0.00733	0.00947	0.19053	0.00775	0.01030	0.00601	0.00757	0.01023	0.01235	0.01736	0.50463	0.03167	0.11738	0.00896	0.00543	0.00155	0.00347	0.03858	0.00439	0.00504
19	0.01216	0.01341	0.19407	0.01052	0.01431	0.01130	0.00984	0.02286	0.54777	0.08490	0.01690	0.01592	0.01239	0.00599	0.00478	0.00158	0.00456	0.00492	0.00430	0.00750
20	0.00909	0.00683	0.00781	0.00685	0.00873	0.00676	0.00533	0.18727	0.01489	0.02003	0.41953	0.03285	0.23643	0.00946	0.00544	0.00152	0.00299	0.00803	0.00493	0.00522
21	0.63678	0.00903	0.00886	0.19371	0.01480	0.01056	0.00711	0.01398	0.00867	0.04894	0.00754	0.00923	0.00570	0.00457	0.00345	0.00151	0.00433	0.00305	0.00288	0.00532
22	0.00946	0.02099	0.62483	0.19927	0.02350	0.01099	0.01665	0.01446	0.00997	0.01446	0.00856	0.01070	0.00613	0.00460	0.00460	0.00153	0.00690	0.00370	0.00204	0.00666
23	0.01048	0.00952	0.01352	0.03357	0.01443	0.00990	0.18559	0.05739	0.33333	0.02848	0.02414	0.02365	0.22021	0.00731	0.00524	0.00160	0.00456	0.00660	0.00412	0.00635
24	0.00569	0.00468	0.00500	0.00526	0.00657	0.00400	0.00382	0.00681	0.01049	0.01275	0.04334	0.22612	0.62342	0.01276	0.00575	0.00169	0.00250	0.01089	0.00444	0.00400
25	0.03540	0.00724	0.00973	0.00803	0.01093	0.00638	0.00639	0.01927	0.01252	0.60670	0.02033	0.20306	0.01624	0.00797	0.00507	0.00159	0.00376	0.00678	0.00551	0.00709
26	0.01153	0.43631	0.37980	0.01076	0.01619	0.01521	0.01252	0.04357	0.01036	0.01372	0.00770	0.00891	0.00617	0.00436	0.00380	0.00126	0.00600	0.00306	0.00214	0.00663
27	0.14322	0.40578	0.28677	0.00987	0.01474	0.04201	0.01096	0.01471	0.00973	0.01415	0.00733	0.00854	0.00596	0.00432	0.00359	0.00127	0.00567	0.00291	0.00219	0.00628

[dist]
# distance from previous block
# <min> <max>
0	10

[block]
# block no. 1 follows, 53 sequences, length 28
# corresponding to MSA columns:
# 198-202,204-226
name=unknown_B
#
# <colnr> <probs for GDERKNQSTAVLIFYWHMCP>
#	G	D	E	R	K	N	Q	S	T	A	V	L	I	F	Y	W	H	M	C	P
0	0.01568	0.01609	0.01157	0.01037	0.01260	0.48073	0.00788	0.01699	0.01223	0.13816	0.01264	0.01444	0.05558	0.05142	0.09872	0.00223	0.02970	0.00423	0.00315	0.00558
1	0.01004	0.01109	0.13795	0.00928	0.01328	0.00800	0.05942	0.04394	0.06401	0.03078	0.05739	0.07152	0.03557	0.00557	0.00456	0.00118	0.01734	0.00474	0.00324	0.41111
2	0.01249	0.28016	0.43112	0.01107	0.01665	0.01294	0.01294	0.01617	0.01054	0.13994	0.00960	0.01030	0.00700	0.00462	0.00411	0.00135	0.00596	0.00342	0.00265	0.00694
3	0.00593	0.00470	0.00534	0.00550	0.00671	0.00411	0.00400	0.00729	0.01110	0.01414	0.21011	0.21517	0.46455	0.01222	0.00575	0.00166	0.00246	0.01053	0.00462	0.00411
4	0.01061	0.01261	0.14348	0.27009	0.44106	0.01109	0.01472	0.01399	0.01035	0.01449	0.00877	0.01183	0.00696	0.00446	0.00472	0.00149	0.00611	0.00414	0.00224	0.00679
5	0.07560	0.06286	0.19729	0.01318	0.01734	0.01148	0.22902	0.03922	0.05661	0.09549	0.03476	0.03396	0.00937	0.00546	0.00588	0.00157	0.08771	0.00474	0.00302	0.01545
6	0.11030	0.48783	0.03317	0.00794	0.01121	0.03131	0.00725	0.07486	0.03160	0.01392	0.00877	0.01209	0.00821	0.13638	0.00668	0.00171	0.00496	0.00351	0.00259	0.00571
7	0.00722	0.00521	0.00712	0.00816	0.00914	0.00511	0.00684	0.00911	0.01064	0.01382	0.02687	0.20055	0.07381	0.01347	0.00645	0.00212	0.00398	0.58169	0.00441	0.00428
8	0.00761	0.00874	0.13485	0.00827	0.01006	0.03538	0.00735	0.00971	0.00886	0.01241	0.09165	0.06794	0.01592	0.12146	0.43215	0.00514	0.00911	0.00586	0.00289	0.00460
9	0.14602	0.09275	0.36670	0.05944	0.01697	0.01093	0.06967	0.01345	0.00962	0.01512	0.01096	0.10786	0.02414	0.00596	0.00479	0.00154	0.03068	0.00483	0.00254	0.00603
10	0.01898	0.00878	0.02574	0.00844	0.01187	0.00799	0.00705	0.14315	0.01451	0.55912	0.01704	0.01560	0.01119	0.00581	0.00460	0.00142	0.00406	0.00465	0.12238	0.00761
11	0.00902	0.00458	0.00495	0.00500	0.00611	0.00449	0.00369	0.01101	0.01006	0.05482	0.01746	0.14709	0.01532	0.00709	0.00385	0.00126	0.00240	0.00593	0.68133	0.00454
12	0.01187	0.01252	0.04419	0.07299	0.56223	0.05914	0.13717	0.01490	0.01100	0.01512	0.00896	0.01181	0.00732	0.00430	0.00485	0.00145	0.00632	0.00439	0.00236	0.00712
13	0.01105	0.25970	0.47835	0.03888	0.01844	0.06063	0.04185	0.01504	0.01021	0.01371	0.00798	0.00949	0.00614	0.00442	0.00415	0.00136	0.00660	0.00332	0.00207	0.00662
14	0.01910	0.00762	0.01034	0.00811	0.01139	0.00662	0.00662	0.02102	0.01366	0.68012	0.14337	0.01937	0.01714	0.00653	0.00494	0.00148	0.00378	0.00542	0.00581	0.00756
15	0.00852	0.00780	0.01293	0.69075	0.02878	0.00954	0.01186	0.01133	0.00949	0.01221	0.01134	0.14289	0.01040	0.00640	0.00499	0.00165	0.00580	0.00574	0.00249	0.00508
16	0.01378	0.18951	0.03753	0.01284	0.13905	0.01079	0.09774	0.04064	0.01221	0.22852	0.14167	0.01664	0.02696	0.00572	0.00465	0.00139	0.00480	0.00499	0.00383	0.00673
17	0.01878	0.00870	0.01219	0.01180	0.13800	0.00802	0.00817	0.02171	0.07394	0.59427	0.01723	0.01573	0.01138	0.00569	0.00475	0.00147	0.00425	0.00476	0.03128	0.00789
18	0.72914	0.00848	0.00662	0.00599	0.00866	0.00972	0.00488	0.01359	0.00844	0.02087	0.00808	0.00937	0.00630	0.00462	0.00302	0.00142	0.00346	0.00289	0.13940	0.00506
19	0.07242	0.01213	0.03855	0.09486	0.16187	0.01272	0.01035	0.42104	0.02695	0.08597	0.01100	0.01184	0.00797	0.00527	0.00465	0.00146	0.00529	0.00421	0.00395	0.00751
20	0.04121	0.01035	0.01216	0.00947	0.01305	0.01053	0.00778	0.34926	0.04596	0.39211	0.03105	0.03105	0.01124	0.00608	0.00479	0.00148	0.00450	0.00481	0.00527	0.00787
21	0.00565	0.00482	0.00486	0.00490	0.00647	0.00403	0.00366	0.00685	0.01084	0.01289	0.04771	0.07105	0.77567	0.01220	0.00566	0.00162	0.00243	0.01020	0.00444	0.00403
22	0.00959	0.02472	0.80726	0.01362	0.02069	0.01110	0.01766	0.01514	0.01009	0.01514	0.00858	0.01009	0.00605	0.00454	0.00454	0.00151	0.00706	0.00353	0.00202	0.00706
23	0.01056	0.01016	0.01746	0.40369	0.29631	0.01135	0.08896	0.03682	0.01046	0.01420	0.00876	0.01229	0.00692	0.00474	0.00540	0.00156	0.04739	0.00439	0.00232	0.00628
24	0.00590	0.00431	0.00555	0.00638	0.00690	0.00396	0.00435	0.00691	0.00979	0.01298	0.10618	0.65967	0.12128	0.01412	0.00600	0.00186	0.00268	0.01269	0.00452	0.00396
25	0.00891	0.00445	0.00445	0.00445	0.00557	0.00445	0.00334	0.01114	0.01002	0.01782	0.01559	0.01782	0.01225	0.00557	0.00334	0.00111	0.00223	0.00445	0.85856	0.00445
26	0.04060	0.24551	0.43400	0.01101	0.01633	0.01266	0.01285	0.01516	0.04672	0.04359	0.01078	0.01314	0.02877	0.00520	0.00424	0.00142	0.00588	0.04303	0.00252	0.00659
27	0.08211	0.00924	0.09976	0.01782	0.03448	0.00771	0.00700	0.11851	0.02615	0.08574	0.03600	0.02446	0.24577	0.00759	0.00467	0.00147	0.00378	0.02602	0.15603	0.00567

[dist]
# distance from previous block
# <min> <max>
0	18

[block]
# block no. 2 follows, 53 sequences, length 77
# corresponding to MSA columns:
# 248-324
name=unknown_C
#
# <colnr> <probs for GDERKNQSTAVLIFYWHMCP>
#	G	D	E	R	K	N	Q	S	T	A	V	L	I	F	Y	W	H	M	C	P
0	0.02773	0.05023	0.01121	0.04121	0.06933	0.02358	0.00735	0.05200	0.08702	0.27915	0.08477	0.03148	0.05592	0.00872	0.06503	0.00191	0.00474	0.02012	0.03393	0.04457
1	0.01239	0.73642	0.12013	0.00884	0.01329	0.01796	0.00933	0.01441	0.00976	0.01172	0.00688	0.00796	0.00612	0.00414	0.00325	0.00108	0.00535	0.00267	0.00204	0.00625
2	0.10223	0.01047	0.07219	0.50028	0.02494	0.05312	0.01173	0.01266	0.00932	0.01326	0.00837	0.01203	0.00661	0.00731	0.06440	0.00204	0.07742	0.00401	0.00225	0.00536
3	0.32812	0.01151	0.03882	0.00881	0.01209	0.07087	0.00734	0.14471	0.16746	0.14761	0.01206	0.01188	0.00870	0.00533	0.00409	0.00148	0.00452	0.00385	0.00404	0.00670
4	0.11066	0.00925	0.01102	0.00866	0.01218	0.00902	0.00709	0.16052	0.06000	0.47061	0.02612	0.02702	0.01110	0.00583	0.00457	0.00145	0.00416	0.00460	0.00514	0.05102
5	0.00648	0.00490	0.00606	0.00632	0.00748	0.00448	0.00490	0.00819	0.01154	0.01517	0.28755	0.15385	0.28036	0.01197	0.00591	0.00175	0.00284	0.17132	0.00470	0.00425
6	0.00706	0.00503	0.00602	0.00568	0.00712	0.00445	0.00429	0.00888	0.01250	0.05609	0.46468	0.03878	0.34087	0.01050	0.00560	0.00155	0.00241	0.00902	0.00497	0.00450
7	0.00900	0.00776	0.01175	0.47012	0.05148	0.00897	0.01016	0.07886	0.01077	0.01408	0.01569	0.18849	0.07126	0.00757	0.00509	0.00164	0.00511	0.00668	0.02031	0.00523
8	0.03737	0.00816	0.01102	0.00846	0.01215	0.00709	0.00699	0.02312	0.01358	0.79073	0.01863	0.01611	0.01171	0.00589	0.00477	0.00148	0.00406	0.00476	0.00586	0.00808
9	0.02077	0.00922	0.01176	0.00902	0.01274	0.00863	0.00745	0.18029	0.01549	0.64597	0.01734	0.01528	0.01107	0.00588	0.00480	0.00147	0.00431	0.00470	0.00568	0.00813
10	0.00953	0.00901	0.01525	0.67767	0.17183	0.01075	0.01353	0.01266	0.00980	0.01283	0.00858	0.01258	0.00659	0.00468	0.00477	0.00156	0.00625	0.00425	0.00217	0.00572
11	0.03100	0.00864	0.00930	0.00774	0.01032	0.02551	0.00620	0.22223	0.09405	0.17769	0.01519	0.01543	0.01104	0.00574	0.00418	0.00133	0.00372	0.00452	0.33963	0.00652
12	0.00582	0.00416	0.00555	0.00666	0.00693	0.00388	0.00444	0.00666	0.00915	0.01220	0.02634	0.82891	0.03161	0.01497	0.00610	0.00194	0.00277	0.01359	0.00444	0.00388
13	0.00581	0.00421	0.00549	0.00652	0.00690	0.00389	0.00438	0.00667	0.00928	0.01225	0.02799	0.77051	0.08895	0.01476	0.00607	0.00192	0.00275	0.01333	0.00444	0.00389
14	0.32511	0.01078	0.01061	0.00868	0.01200	0.03897	0.00708	0.23930	0.09799	0.18691	0.01198	0.01172	0.00846	0.00536	0.00412	0.00147	0.00440	0.00386	0.00429	0.00691
15	0.01880	0.01146	0.01306	0.01007	0.01372	0.01207	0.00828	0.52708	0.01922	0.26367	0.01359	0.01304	0.00925	0.00619	0.00530	0.03295	0.00486	0.00445	0.00503	0.00791
16	0.00647	0.00487	0.00598	0.00570	0.00696	0.00438	0.00428	0.00844	0.01283	0.01750	0.59971	0.03844	0.24611	0.01039	0.00564	0.00153	0.00230	0.00903	0.00504	0.00438
17	0.01189	0.01027	0.01081	0.00973	0.01243	0.01189	0.00757	0.02540	0.79357	0.01999	0.01945	0.01783	0.01459	0.00648	0.00486	0.00162	0.00378	0.00540	0.00486	0.00757
18	0.00923	0.00870	0.01470	0.76435	0.08755	0.01067	0.01337	0.01239	0.00965	0.01245	0.00853	0.01268	0.00646	0.00474	0.00478	0.00158	0.00632	0.00425	0.00214	0.00547
19	0.00660	0.00488	0.00616	0.00584	0.00704	0.00444	0.00438	0.00870	0.01314	0.01824	0.68889	0.03722	0.15647	0.01012	0.00564	0.00152	0.00228	0.00886	0.00514	0.00444
20	0.00582	0.00416	0.00555	0.00666	0.00693	0.00388	0.00444	0.00666	0.00915	0.01220	0.02634	0.82891	0.03161	0.01497	0.00610	0.00194	0.00277	0.01359	0.00444	0.00388
21	0.00582	0.00418	0.00552	0.00660	0.00692	0.00389	0.00441	0.00666	0.00921	0.01222	0.02705	0.80382	0.05624	0.01488	0.00609	0.00193	0.00276	0.01348	0.00444	0.00389
22	0.00588	0.00420	0.00560	0.00662	0.00695	0.00392	0.00444	0.00680	0.00941	0.01262	0.07279	0.78127	0.03242	0.01466	0.00607	0.00191	0.00274	0.01329	0.00449	0.00392
23	0.01723	0.00720	0.00974	0.00779	0.01075	0.00630	0.00630	0.01920	0.01364	0.57989	0.24290	0.02184	0.02138	0.00702	0.00504	0.00149	0.00355	0.00591	0.00573	0.00709
24	0.01278	0.83490	0.02505	0.00818	0.01227	0.01891	0.00818	0.01431	0.00971	0.01125	0.00664	0.00767	0.00613	0.00409	0.00307	0.00102	0.00511	0.00256	0.00204	0.00613
25	0.00604	0.00492	0.00538	0.00545	0.00693	0.00426	0.00420	0.00751	0.01130	0.01400	0.15860	0.04531	0.60336	0.01187	0.00575	0.00166	0.00261	0.09213	0.00456	0.00415
26	0.00671	0.00507	0.00622	0.00590	0.00718	0.00467	0.00443	0.00915	0.04095	0.01787	0.61218	0.03725	0.20436	0.01015	0.00561	0.00153	0.00234	0.00883	0.00507	0.00452
27	0.00676	0.00489	0.00639	0.00601	0.00714	0.00451	0.00451	0.00902	0.01353	0.01917	0.79969	0.03570	0.04510	0.00977	0.00564	0.00150	0.00225	0.00864	0.00526	0.00451
28	0.00676	0.00489	0.00639	0.00601	0.00714	0.00451	0.00451	0.00902	0.01353	0.01917	0.79969	0.03570	0.04510	0.00977	0.00564	0.00150	0.00225	0.00864	0.00526	0.00451
29	0.01205	0.01210	0.01818	0.12986	0.62627	0.08922	0.01396	0.01478	0.01097	0.01479	0.00877	0.01164	0.00728	0.00439	0.00470	0.00142	0.00605	0.00414	0.00234	0.00708
30	0.01124	0.01262	0.02705	0.05016	0.08192	0.01198	0.70043	0.01515	0.01119	0.01522	0.00958	0.01281	0.00724	0.00407	0.00554	0.00160	0.00782	0.00549	0.00240	0.00649
31	0.00582	0.00416	0.00555	0.00666	0.00693	0.00388	0.00444	0.00666	0.00915	0.01220	0.02634	0.82891	0.03161	0.01497	0.00610	0.00194	0.00277	0.01359	0.00444	0.00388
32	0.00591	0.00424	0.00548	0.00644	0.00676	0.00396	0.00426	0.00669	0.00905	0.01198	0.02649	0.71997	0.06957	0.08553	0.00765	0.00216	0.00292	0.01283	0.00430	0.00380
33	0.00941	0.00724	0.00849	0.00825	0.00962	0.00781	0.00614	0.14655	0.16160	0.01678	0.02129	0.44719	0.02271	0.03761	0.00659	0.00189	0.03405	0.03697	0.00444	0.00537
34	0.01874	0.03632	0.01077	0.00807	0.01122	0.00730	0.00651	0.04488	0.01288	0.62730	0.03246	0.01828	0.01292	0.12112	0.00748	0.00190	0.00419	0.00508	0.00531	0.00727
35	0.01183	0.01136	0.01940	0.02934	0.80221	0.01136	0.01467	0.01467	0.01088	0.01562	0.00899	0.01183	0.00757	0.00426	0.00473	0.00142	0.00568	0.00426	0.00237	0.00757
36	0.01217	0.57012	0.02158	0.07113	0.09790	0.01615	0.00911	0.05454	0.01032	0.01277	0.00782	0.00965	0.00691	0.00699	0.07356	0.00171	0.00594	0.00318	0.00227	0.00617
37	0.01143	0.01095	0.01868	0.14188	0.69278	0.01125	0.01447	0.01432	0.01069	0.01513	0.00892	0.01196	0.00740	0.00433	0.00474	0.00144	0.00578	0.00426	0.00233	0.00725
38	0.00853	0.12086	0.00913	0.00634	0.00814	0.00664	0.00509	0.01052	0.01266	0.07456	0.53428	0.03172	0.13566	0.00900	0.00522	0.00145	0.00281	0.00770	0.00475	0.00494
39	0.01736	0.00989	0.02509	0.00943	0.01307	0.00934	0.03947	0.24289	0.02651	0.38121	0.07404	0.01608	0.02680	0.00596	0.00480	0.00141	0.00441	0.00489	0.00502	0.08231
40	0.01012	0.01060	0.07306	0.49858	0.17991	0.01128	0.01337	0.04154	0.02851	0.01388	0.00880	0.01227	0.00683	0.00500	0.00556	0.00158	0.06651	0.00422	0.00232	0.00603
41	0.06126	0.01154	0.01224	0.00966	0.01301	0.01264	0.00790	0.56650	0.05882	0.05384	0.01446	0.01439	0.05636	0.00608	0.00462	0.00143	0.00463	0.00465	0.07859	0.00738
42	0.00643	0.00478	0.00614	0.00666	0.00749	0.00426	0.00455	0.00742	0.00918	0.01257	0.02346	0.68714	0.02770	0.04161	0.00637	0.00186	0.00294	0.01186	0.00416	0.12341
43	0.31437	0.22412	0.07374	0.07012	0.01491	0.01294	0.11629	0.05254	0.01004	0.01705	0.00804	0.00969	0.00637	0.00445	0.00372	0.00137	0.00512	0.00338	0.04588	0.00586
44	0.01061	0.01084	0.01486	0.60915	0.12634	0.12258	0.01288	0.01348	0.01028	0.01256	0.00840	0.01205	0.00649	0.00473	0.00471	0.00152	0.00660	0.00409	0.00220	0.00562
45	0.00590	0.00421	0.00563	0.00674	0.00705	0.00395	0.00457	0.00678	0.00922	0.01228	0.02630	0.79834	0.03145	0.01490	0.00612	0.00195	0.00284	0.04343	0.00444	0.00390
46	0.00959	0.02472	0.80726	0.01362	0.02069	0.01110	0.01766	0.01514	0.01009	0.01514	0.00858	0.01009	0.00605	0.00454	0.00454	0.00151	0.00706	0.00353	0.00202	0.00706
47	0.06583	0.04285	0.01351	0.01023	0.01364	0.06138	0.02265	0.56774	0.01901	0.02604	0.01113	0.01170	0.00820	0.00621	0.02339	0.00153	0.00533	0.00412	0.07823	0.00729
48	0.00676	0.00489	0.00639	0.00601	0.00714	0.00451	0.00451	0.00902	0.01353	0.01917	0.79969	0.03570	0.04510	0.00977	0.00564	0.00150	0.00225	0.00864	0.00526	0.00451
49	0.01470	0.01136	0.01142	0.00973	0.01252	0.10844	0.00790	0.31932	0.08924	0.10324	0.07544	0.02262	0.05664	0.00755	0.00513	0.00157	0.00490	0.12702	0.00458	0.00668
50	0.01747	0.02209	0.01352	0.01227	0.01465	0.76829	0.00924	0.01896	0.02985	0.01187	0.00761	0.00888	0.00634	0.00508	0.00471	0.00127	0.03667	0.00317	0.00250	0.00557
51	0.00695	0.00463	0.00521	0.00521	0.00521	0.00463	0.00290	0.00695	0.00695	0.00927	0.01506	0.03128	0.01738	0.83203	0.02433	0.00463	0.00463	0.00695	0.00290	0.00290
52	0.01326	0.01020	0.01103	0.00966	0.01253	0.01152	0.00759	0.06543	0.66836	0.10555	0.01897	0.01733	0.01395	0.00638	0.00485	0.00160	0.00389	0.00528	0.00497	0.00766
53	0.00990	0.02286	0.69739	0.01581	0.12967	0.01114	0.01724	0.01507	0.01020	0.01520	0.00864	0.01033	0.00627	0.00450	0.00457	0.00150	0.00687	0.00363	0.00207	0.00713
54	0.00695	0.00463	0.00521	0.00521	0.00521	0.00463	0.00290	0.00695	0.00695	0.00927	0.01506	0.03128	0.01738	0.83203	0.02433	0.00463	0.00463	0.00695	0.00290	0.00290
55	0.00676	0.00489	0.00639	0.00601	0.00714	0.00451	0.00451	0.00902	0.01353	0.01917	0.79969	0.03570	0.04510	0.00977	0.00564	0.00150	0.00225	0.00864	0.00526	0.00451
56	0.01104	0.01084	0.01933	0.23038	0.49710	0.01127	0.12172	0.01413	0.01060	0.01470	0.00896	0.01221	0.00722	0.00436	0.00487	0.00149	0.00619	0.00445	0.00231	0.00684
57	0.02144	0.00813	0.01109	0.00850	0.01220	0.00702	0.00702	0.02329	0.01368	0.80552	0.01886	0.01627	0.01183	0.00592	0.00481	0.00148	0.00407	0.00481	0.00592	0.00813
58	0.00694	0.00467	0.00540	0.00540	0.00546	0.00473	0.00313	0.00707	0.00701	0.00940	0.01489	0.03035	0.01697	0.77264	0.08316	0.00486	0.00524	0.00681	0.00287	0.00300
59	0.01749	0.01305	0.01396	0.01086	0.01456	0.01450	0.00892	0.70392	0.10594	0.02903	0.01234	0.01216	0.00883	0.00582	0.00479	0.00145	0.00510	0.00442	0.00479	0.00807
60	0.01132	0.01111	0.08930	0.01434	0.03249	0.00942	0.36989	0.01450	0.01160	0.12581	0.15164	0.07791	0.01626	0.00633	0.00580	0.00160	0.03461	0.00638	0.00351	0.00618
61	0.00695	0.00463	0.00521	0.00521	0.00521	0.00463	0.00290	0.00695	0.00695	0.00927	0.01506	0.03128	0.01738	0.83203	0.02433	0.00463	0.00463	0.00695	0.00290	0.00290
62	0.86579	0.00924	0.00702	0.00629	0.00924	0.01072	0.00518	0.01405	0.00813	0.02144	0.00666	0.00776	0.00518	0.00444	0.00296	0.00148	0.00370	0.00259	0.00296	0.00518
63	0.17799	0.00897	0.01011	0.00840	0.01150	0.02020	0.02063	0.04331	0.19849	0.34454	0.01849	0.03392	0.07017	0.00637	0.00457	0.00153	0.00395	0.00508	0.00482	0.00697
64	0.10226	0.02305	0.72064	0.01283	0.01945	0.01106	0.01631	0.01502	0.00988	0.01582	0.00837	0.00984	0.00596	0.00453	0.00437	0.00151	0.00670	0.00343	0.00212	0.00686
65	0.00759	0.00547	0.00755	0.00859	0.00972	0.00542	0.00749	0.00974	0.01100	0.01423	0.02653	0.05350	0.06840	0.01315	0.00655	0.00217	0.00430	0.72983	0.00440	0.00438
66	0.00654	0.00488	0.00608	0.00578	0.00700	0.00441	0.00433	0.00859	0.01300	0.01791	0.64914	0.03777	0.19643	0.01024	0.00564	0.00153	0.00229	0.00893	0.00510	0.00441
67	0.00978	0.07338	0.76028	0.01330	0.02018	0.01157	0.01709	0.01509	0.01007	0.01490	0.00846	0.00995	0.00606	0.00451	0.00445	0.00148	0.00695	0.00347	0.00202	0.00701
68	0.00599	0.00428	0.00573	0.00684	0.00719	0.00402	0.00472	0.00694	0.00931	0.01238	0.02625	0.76184	0.03126	0.01482	0.00614	0.00196	0.00291	0.07905	0.00443	0.00393
69	0.02011	0.00843	0.01105	0.00867	0.01223	0.00770	0.00710	0.02359	0.12244	0.69598	0.01894	0.01649	0.01222	0.00600	0.00481	0.00150	0.00403	0.00489	0.00577	0.00805
70	0.00946	0.00865	0.01230	0.09830	0.01331	0.01157	0.00922	0.01098	0.00789	0.01211	0.00866	0.01300	0.00794	0.01293	0.16482	0.00300	0.50128	0.00439	0.08519	0.00498
71	0.00598	0.00429	0.00569	0.00663	0.00705	0.00400	0.00454	0.00700	0.00967	0.01295	0.09962	0.70980	0.04902	0.01436	0.00607	0.00190	0.00278	0.04018	0.00451	0.00396
72	0.01142	0.00986	0.01036	0.00936	0.01198	0.01130	0.00727	0.02402	0.73520	0.01947	0.02161	0.01993	0.07319	0.00690	0.00492	0.00162	0.00368	0.00575	0.00483	0.00730
73	0.64351	0.00911	0.00836	0.06752	0.01155	0.01033	0.00618	0.04870	0.00946	0.10565	0.00854	0.00960	0.00635	0.00576	0.03137	0.00170	0.00432	0.00312	0.00328	0.00560
74	0.01353	0.41946	0.14567	0.01046	0.01433	0.20430	0.01014	0.04820	0.01104	0.01279	0.00731	0.00864	0.00622	0.00474	0.00459	0.00125	0.06589	0.00303	0.00226	0.00616
75	0.00942	0.00928	0.01483	0.58875	0.02784	0.04447	0.08822	0.01235	0.01003	0.01280	0.04538	0.01524	0.05016	0.00549	0.00546	0.00160	0.04610	0.00483	0.00243	0.00533
76	0.03893	0.01115	0.02227	0.16297	0.02385	0.01102	0.50178	0.01506	0.01101	0.08323	0.01094	0.01513	0.00848	0.00488	0.00551	0.00163	0.01749	0.04565	0.00279	0.00622

[dist]
# distance from previous block
# <min> <max>
0	1

[block]
# block no. 3 follows, 53 sequences, length 72
# corresponding to MSA columns:
# 326-387,394-403
name=unknown_D
#
# <colnr> <probs for GDERKNQSTAVLIFYWHMCP>
#	G	D	E	R	K	N	Q	S	T	A	V	L	I	F	Y	W	H	M	C	P
0	0.09924	0.01880	0.01232	0.01096	0.01363	0.58762	0.00837	0.03964	0.01319	0.10769	0.01034	0.01093	0.03668	0.00529	0.00430	0.00130	0.00728	0.00353	0.00306	0.00583
1	0.01353	0.59292	0.02118	0.00872	0.01245	0.06687	0.00810	0.11107	0.06079	0.01446	0.00850	0.00930	0.00719	0.00456	0.00348	0.00113	0.00514	0.00307	0.04119	0.00636
2	0.00707	0.00485	0.00620	0.00669	0.00750	0.00450	0.00471	0.00839	0.02538	0.04863	0.07418	0.53187	0.07686	0.07683	0.00731	0.00204	0.00308	0.06160	0.00438	0.03792
3	0.01130	0.01081	0.01832	0.11109	0.69188	0.01100	0.01411	0.01412	0.01075	0.01516	0.01042	0.01321	0.03728	0.00461	0.00477	0.00144	0.00563	0.00448	0.00242	0.00720
4	0.01179	0.58448	0.26682	0.00986	0.01487	0.01650	0.01111	0.01457	0.00983	0.01245	0.00724	0.00842	0.00611	0.00423	0.00352	0.00117	0.00571	0.00286	0.00204	0.00642
5	0.00959	0.02472	0.80726	0.01362	0.02069	0.01110	0.01766	0.01514	0.01009	0.01514	0.00858	0.01009	0.00605	0.00454	0.00454	0.00151	0.00706	0.00353	0.00202	0.00706
6	0.00921	0.00861	0.01411	0.76960	0.03163	0.01070	0.01292	0.01304	0.05881	0.01270	0.00918	0.01306	0.00689	0.00489	0.00478	0.00159	0.00621	0.00432	0.00230	0.00545
7	0.00903	0.00850	0.01434	0.82054	0.03292	0.01062	0.01327	0.01221	0.00956	0.01221	0.00850	0.01274	0.00637	0.00478	0.00478	0.00159	0.00637	0.00425	0.00212	0.00531
8	0.00903	0.00850	0.01434	0.82054	0.03292	0.01062	0.01327	0.01221	0.00956	0.01221	0.00850	0.01274	0.00637	0.00478	0.00478	0.00159	0.00637	0.00425	0.00212	0.00531
9	0.02033	0.00909	0.01158	0.00897	0.01262	0.00854	0.00738	0.14217	0.06404	0.63550	0.01775	0.01562	0.01143	0.00592	0.00481	0.00148	0.00423	0.00477	0.00567	0.00810
10	0.01102	0.01472	0.14848	0.01914	0.02432	0.01193	0.66640	0.01528	0.01110	0.01528	0.00950	0.01246	0.00707	0.00411	0.00547	0.00160	0.00790	0.00532	0.00236	0.00654
11	0.00724	0.00532	0.00705	0.00780	0.00900	0.00514	0.00664	0.00927	0.01125	0.01456	0.11037	0.05059	0.16772	0.01265	0.00633	0.00202	0.00382	0.55439	0.00450	0.00435
12	0.01572	0.00745	0.00972	0.00798	0.01052	0.00691	0.02154	0.08553	0.01248	0.44146	0.01920	0.09505	0.04566	0.17473	0.00897	0.00218	0.00419	0.01936	0.00491	0.00642
13	0.01967	0.00997	0.01213	0.00934	0.01299	0.00983	0.00770	0.30664	0.01695	0.48742	0.04549	0.01522	0.01171	0.00599	0.00483	0.00146	0.00444	0.00476	0.00547	0.00800
14	0.02090	0.00812	0.01092	0.00841	0.01201	0.00711	0.00693	0.04021	0.01374	0.75822	0.01857	0.01622	0.01176	0.00590	0.00475	0.00146	0.00402	0.00478	0.03798	0.00800
15	0.00920	0.00867	0.01465	0.77115	0.08094	0.01067	0.01336	0.01237	0.00964	0.01242	0.00853	0.01269	0.00645	0.00475	0.00478	0.00158	0.00633	0.00425	0.00214	0.00545
16	0.01189	0.01371	0.02592	0.01945	0.05420	0.09559	0.65948	0.01552	0.01146	0.01489	0.00970	0.02704	0.00759	0.00433	0.00547	0.00157	0.00793	0.00546	0.00246	0.00635
17	0.00657	0.00488	0.00611	0.00580	0.00702	0.00443	0.00435	0.00864	0.01306	0.01805	0.66613	0.03753	0.17935	0.01019	0.00564	0.00152	0.00228	0.00890	0.00512	0.00443
18	0.00582	0.00416	0.00555	0.00666	0.00693	0.00388	0.00444	0.00666	0.00915	0.01220	0.02634	0.82891	0.03161	0.01497	0.00610	0.00194	0.00277	0.01359	0.00444	0.00388
19	0.00973	0.06240	0.77088	0.01337	0.02030	0.01146	0.01722	0.01510	0.01007	0.01496	0.00849	0.00998	0.00606	0.00452	0.00447	0.00149	0.00697	0.00349	0.00202	0.00702
20	0.00955	0.00914	0.01480	0.58386	0.08830	0.01155	0.01277	0.01225	0.00918	0.01232	0.00805	0.01218	0.00644	0.00552	0.00714	0.00169	0.18343	0.00423	0.00214	0.00547
21	0.01817	0.01339	0.01434	0.01100	0.01482	0.01482	0.00908	0.78627	0.02247	0.03012	0.01148	0.01148	0.00813	0.00574	0.00478	0.00143	0.00526	0.00430	0.00478	0.00813
22	0.01022	0.00868	0.00929	0.00847	0.01078	0.00965	0.00654	0.02027	0.56345	0.01887	0.14398	0.02454	0.12941	0.00778	0.00509	0.00160	0.00336	0.00656	0.00487	0.00660
23	0.00963	0.00700	0.00989	0.01177	0.13225	0.00703	0.00828	0.08043	0.01182	0.05540	0.02141	0.18146	0.02264	0.01110	0.00597	0.00193	0.00436	0.40811	0.00420	0.00532
24	0.00704	0.00515	0.00683	0.00755	0.00862	0.00494	0.00623	0.00894	0.01115	0.01460	0.14823	0.14611	0.13903	0.01274	0.00626	0.00198	0.00359	0.45216	0.00454	0.00430
25	0.00582	0.00416	0.00555	0.00666	0.00693	0.00388	0.00444	0.00666	0.00915	0.01220	0.02634	0.82891	0.03161	0.01497	0.00610	0.00194	0.00277	0.01359	0.00444	0.00388
26	0.00580	0.00426	0.00544	0.00638	0.00686	0.00391	0.00431	0.00669	0.00942	0.01231	0.02975	0.70803	0.15029	0.01453	0.00603	0.00189	0.00272	0.01305	0.00444	0.00391
27	0.01193	0.01014	0.01071	0.00954	0.01224	0.01161	0.00744	0.07183	0.69905	0.02033	0.03567	0.01890	0.04574	0.00672	0.00490	0.00161	0.00379	0.00558	0.00485	0.00740
28	0.01817	0.01339	0.01434	0.01100	0.01482	0.01482	0.00908	0.78627	0.02247	0.03012	0.01148	0.01148	0.00813	0.00574	0.00478	0.00143	0.00526	0.00430	0.00478	0.00813
29	0.01817	0.01339	0.01434	0.01100	0.01482	0.01482	0.00908	0.78627	0.02247	0.03012	0.01148	0.01148	0.00813	0.00574	0.00478	0.00143	0.00526	0.00430	0.00478	0.00813
30	0.01176	0.01129	0.01928	0.04861	0.78347	0.01134	0.01463	0.01461	0.01085	0.01553	0.00898	0.01185	0.00754	0.00427	0.00473	0.00142	0.00570	0.00426	0.00236	0.00752
31	0.01310	0.01007	0.01038	0.00916	0.01176	0.07223	0.00714	0.02204	0.48720	0.14544	0.13888	0.01962	0.01820	0.00678	0.00493	0.00155	0.00397	0.00563	0.00491	0.00703
32	0.01054	0.00638	0.00678	0.00613	0.00778	0.00677	0.00477	0.15067	0.04772	0.01959	0.01481	0.01676	0.01159	0.00805	0.06819	0.00172	0.00368	0.00452	0.59831	0.00524
33	0.00612	0.00439	0.00588	0.00696	0.00740	0.00415	0.00495	0.00719	0.00949	0.01256	0.02671	0.68387	0.04967	0.01462	0.00617	0.00198	0.00303	0.13645	0.00443	0.00397
34	0.00816	0.00738	0.01175	0.58052	0.02523	0.00872	0.01058	0.01086	0.01013	0.01305	0.09993	0.07029	0.11076	0.00686	0.00506	0.00161	0.00521	0.00603	0.00289	0.00498
35	0.01075	0.01094	0.01460	0.01254	0.01264	0.04607	0.01041	0.01180	0.00757	0.01151	0.00632	0.01038	0.00627	0.00823	0.01524	0.00206	0.79120	0.00414	0.00211	0.00524
36	0.01023	0.00855	0.01027	0.00787	0.01129	0.00760	0.00633	0.08232	0.01055	0.01596	0.00929	0.01145	0.00787	0.00902	0.12908	0.00194	0.05662	0.00340	0.00292	0.59743
37	0.07018	0.29427	0.29698	0.01091	0.01561	0.18020	0.01155	0.03015	0.02536	0.01391	0.00781	0.00899	0.00624	0.00452	0.00390	0.00129	0.00641	0.00310	0.00229	0.00634
38	0.01152	0.00697	0.00724	0.00630	0.00818	0.00738	0.00496	0.22951	0.01353	0.02129	0.01443	0.01603	0.01109	0.00562	0.00375	0.00120	0.00308	0.00441	0.61803	0.00549
39	0.02264	0.02448	0.03610	0.00789	0.01087	0.01866	0.00656	0.06660	0.07723	0.11072	0.17939	0.02175	0.06727	0.00683	0.00492	0.00132	0.02004	0.05298	0.00414	0.25962
40	0.01306	0.02211	0.03064	0.00899	0.01179	0.01066	0.00746	0.33461	0.08390	0.07392	0.02303	0.02248	0.24211	0.00838	0.02036	0.00167	0.06781	0.00610	0.00441	0.00652
41	0.01939	0.00858	0.01102	0.00857	0.01200	0.00796	0.00703	0.14083	0.01492	0.59827	0.07829	0.01708	0.01385	0.00618	0.00482	0.00146	0.00405	0.00502	0.03292	0.00773
42	0.01036	0.00974	0.01633	0.48838	0.33601	0.01101	0.01372	0.03228	0.01040	0.01400	0.00876	0.01235	0.00689	0.00460	0.00476	0.00152	0.00607	0.00425	0.00228	0.00627
43	0.00972	0.02381	0.74716	0.01413	0.02102	0.01118	0.07685	0.01515	0.01018	0.01515	0.00866	0.01031	0.00615	0.00450	0.00463	0.00152	0.00714	0.00369	0.00205	0.00702
44	0.01785	0.02278	0.01354	0.01231	0.01478	0.81284	0.00924	0.01909	0.01354	0.01170	0.00739	0.00862	0.00616	0.00493	0.00431	0.00123	0.00862	0.00308	0.00246	0.00554
45	0.00903	0.00850	0.01434	0.82054	0.03292	0.01062	0.01327	0.01221	0.00956	0.01221	0.00850	0.01274	0.00637	0.00478	0.00478	0.00159	0.00637	0.00425	0.00212	0.00531
46	0.01356	0.70951	0.02327	0.00882	0.01265	0.14149	0.00834	0.01505	0.01030	0.01132	0.00676	0.00781	0.00614	0.00422	0.00326	0.00105	0.00565	0.00264	0.00211	0.00604
47	0.01189	0.01027	0.01081	0.00973	0.01243	0.01189	0.00757	0.02540	0.79357	0.01999	0.01945	0.01783	0.01459	0.00648	0.00486	0.00162	0.00378	0.00540	0.00486	0.00757
48	0.00669	0.00488	0.00629	0.00594	0.00710	0.00448	0.00445	0.00888	0.01336	0.01877	0.75249	0.03635	0.09254	0.00992	0.00564	0.00151	0.00227	0.00873	0.00521	0.00448
49	0.00695	0.00463	0.00521	0.00521	0.00521	0.00463	0.00290	0.00695	0.00695	0.00927	0.01506	0.03128	0.01738	0.83203	0.02433	0.00463	0.00463	0.00695	0.00290	0.00290
50	0.00891	0.00445	0.00445	0.00445	0.00557	0.00445	0.00334	0.01114	0.01002	0.01782	0.01559	0.01782	0.01225	0.00557	0.00334	0.00111	0.00223	0.00445	0.85856	0.00445
51	0.01128	0.01289	0.02820	0.02015	0.02498	0.01209	0.78485	0.01531	0.01128	0.01531	0.00967	0.01289	0.00725	0.00403	0.00564	0.00161	0.00806	0.00564	0.00242	0.00645
52	0.00710	0.00531	0.00686	0.00764	0.00889	0.00507	0.00650	0.00901	0.01097	0.01389	0.03211	0.05158	0.25512	0.01288	0.00632	0.00203	0.00382	0.54620	0.00441	0.00429
53	0.00903	0.00850	0.01434	0.82054	0.03292	0.01062	0.01327	0.01221	0.00956	0.01221	0.00850	0.01274	0.00637	0.00478	0.00478	0.00159	0.00637	0.00425	0.00212	0.00531
54	0.00910	0.00864	0.01480	0.79397	0.03266	0.01067	0.03889	0.01231	0.00961	0.01231	0.00853	0.01275	0.00640	0.00475	0.00481	0.00159	0.00643	0.00429	0.00213	0.00535
55	0.15181	0.00831	0.01046	0.00816	0.01174	0.00760	0.00674	0.02187	0.01282	0.68446	0.01697	0.01496	0.01080	0.00569	0.00452	0.00148	0.00401	0.00446	0.00546	0.00768
56	0.00770	0.00550	0.00770	0.00880	0.00990	0.00550	0.00770	0.00990	0.01100	0.01430	0.02531	0.05391	0.02751	0.01320	0.00660	0.00220	0.00440	0.77004	0.00440	0.00440
57	0.01278	0.83490	0.02505	0.00818	0.01227	0.01891	0.00818	0.01431	0.00971	0.01125	0.00664	0.00767	0.00613	0.00409	0.00307	0.00102	0.00511	0.00256	0.00204	0.00613
58	0.00665	0.00521	0.00708	0.00769	0.00798	0.00564	0.00556	0.00760	0.00898	0.01222	0.02318	0.65573	0.02745	0.01385	0.00761	0.00198	0.12955	0.05783	0.00407	0.00412
59	0.00565	0.00484	0.00484	0.00484	0.00646	0.00403	0.00363	0.00686	0.01089	0.01291	0.04842	0.04600	0.80027	0.01210	0.00565	0.00161	0.00242	0.01009	0.00444	0.00403
60	0.01046	0.01046	0.01464	0.01255	0.01255	0.01464	0.01046	0.01150	0.00732	0.01150	0.00627	0.01046	0.00627	0.00837	0.01569	0.00209	0.82328	0.00418	0.00209	0.00523
61	0.00701	0.00507	0.00676	0.00669	0.00712	0.00564	0.00469	0.00790	0.00733	0.01026	0.01364	0.02431	0.01428	0.40523	0.41977	0.00608	0.03591	0.00594	0.00270	0.00366
62	0.00653	0.00488	0.00606	0.00576	0.00699	0.00441	0.00432	0.00856	0.01296	0.01782	0.63832	0.03791	0.20731	0.01027	0.00564	0.00153	0.00229	0.00895	0.00508	0.00441
63	0.00662	0.00488	0.00619	0.00586	0.00705	0.00445	0.00439	0.00874	0.01318	0.01835	0.70131	0.03705	0.14399	0.01008	0.00564	0.00152	0.00228	0.00883	0.00515	0.00445
64	0.01144	0.01096	0.01870	0.13828	0.69629	0.01125	0.01448	0.01433	0.01070	0.01515	0.00892	0.01196	0.00741	0.00433	0.00474	0.00144	0.00577	0.00426	0.00233	0.00726
65	0.01278	0.83490	0.02505	0.00818	0.01227	0.01891	0.00818	0.01431	0.00971	0.01125	0.00664	0.00767	0.00613	0.00409	0.00307	0.00102	0.00511	0.00256	0.00204	0.00613
66	0.58177	0.00928	0.00819	0.00710	0.01005	0.01046	0.00578	0.07591	0.09458	0.08908	0.01002	0.01050	0.00743	0.00496	0.00349	0.00147	0.00377	0.00333	0.05696	0.00587
67	0.00623	0.00479	0.00570	0.00562	0.00685	0.00426	0.00416	0.00793	0.01204	0.01599	0.42487	0.12262	0.33922	0.01123	0.00569	0.00159	0.00237	0.00973	0.00485	0.00426
68	0.00694	0.03254	0.00690	0.00684	0.02683	0.00501	0.00459	0.00789	0.00918	0.01243	0.05191	0.43486	0.08984	0.15321	0.00898	0.01873	0.00329	0.00993	0.01662	0.09348
69	0.10093	0.26266	0.31320	0.01043	0.01517	0.08468	0.01133	0.04500	0.01042	0.01469	0.00806	0.00957	0.00647	0.00633	0.05273	0.00168	0.00643	0.00320	0.00233	0.03468
70	0.09097	0.01018	0.01109	0.05803	0.01291	0.03218	0.00764	0.25363	0.12352	0.05199	0.01218	0.01315	0.00923	0.00578	0.00544	0.00144	0.08987	0.00422	0.15460	0.05194
71	0.06490	0.02908	0.23059	0.01127	0.01559	0.04703	0.05896	0.17264	0.03677	0.19538	0.03286	0.01281	0.00924	0.00612	0.02346	0.00164	0.03655	0.00427	0.00374	0.00710

[dist]
# distance from previous block
# <min> <max>
9	24

[block]
# block no. 4 follows, 53 sequences, length 17
# corresponding to MSA columns:
# 446-462
name=unknown_E
#
# <colnr> <probs for GDERKNQSTAVLIFYWHMCP>
#	G	D	E	R	K	N	Q	S	T	A	V	L	I	F	Y	W	H	M	C	P
0	0.01330	0.01097	0.01160	0.01001	0.01297	0.01255	0.00791	0.19602	0.62066	0.02227	0.01766	0.01641	0.01314	0.00632	0.00485	0.00158	0.00411	0.00516	0.00485	0.00769
1	0.01111	0.00580	0.00741	0.00668	0.00859	0.00510	0.00512	0.01274	0.01217	0.27216	0.23318	0.17947	0.20118	0.01001	0.00546	0.00160	0.00298	0.00864	0.00514	0.00546
2	0.10966	0.00728	0.00992	0.00869	0.01027	0.00798	0.07986	0.06720	0.00971	0.04513	0.01373	0.12893	0.01325	0.10240	0.20637	0.00343	0.07878	0.00602	0.08647	0.00491
3	0.15134	0.01033	0.01138	0.00920	0.01237	0.01115	0.00747	0.25653	0.14533	0.21533	0.01357	0.01356	0.00977	0.02861	0.00558	0.00158	0.04775	0.00435	0.00451	0.04029
4	0.01553	0.00812	0.00971	0.00808	0.01087	0.00814	0.00647	0.08236	0.19237	0.35436	0.04779	0.01737	0.01354	0.00702	0.02915	0.00163	0.00394	0.00499	0.17154	0.00703
5	0.00674	0.00507	0.00624	0.00685	0.00777	0.00485	0.00505	0.03454	0.03880	0.01375	0.04976	0.46592	0.19212	0.01334	0.00598	0.00187	0.00306	0.12953	0.00448	0.00429
6	0.01139	0.01183	0.01781	0.34044	0.29845	0.11003	0.11345	0.01432	0.01074	0.01374	0.00868	0.01193	0.00688	0.00452	0.00482	0.00149	0.00663	0.00429	0.00229	0.00628
7	0.09606	0.00968	0.01315	0.15247	0.01588	0.03954	0.06084	0.01279	0.05955	0.01385	0.05165	0.01422	0.03307	0.00918	0.07327	0.00225	0.32986	0.00466	0.00267	0.00533
8	0.00620	0.00440	0.00535	0.00595	0.00628	0.00416	0.00381	0.00678	0.00858	0.01126	0.02486	0.46332	0.11205	0.30004	0.01242	0.00285	0.00338	0.01088	0.00390	0.00355
9	0.01169	0.12137	0.22757	0.01187	0.01622	0.01197	0.13080	0.09951	0.16855	0.04136	0.09919	0.01494	0.01269	0.00554	0.00474	0.00148	0.00549	0.00480	0.00343	0.00681
10	0.08243	0.03183	0.01252	0.19880	0.03330	0.13478	0.00911	0.14816	0.05592	0.04395	0.01028	0.01337	0.00843	0.06599	0.07133	0.00222	0.06440	0.00424	0.00308	0.00586
11	0.00652	0.00512	0.00790	0.00803	0.00879	0.00482	0.08303	0.00769	0.00933	0.01245	0.02402	0.67032	0.02823	0.05710	0.00704	0.00206	0.00348	0.04581	0.00415	0.00411
12	0.00640	0.00477	0.00600	0.00616	0.00719	0.00436	0.00459	0.00812	0.01179	0.01591	0.40631	0.21828	0.19434	0.01171	0.00583	0.00168	0.00259	0.07489	0.00483	0.00426
13	0.01022	0.08382	0.49037	0.09688	0.10858	0.01180	0.10300	0.01475	0.01023	0.01461	0.00859	0.01068	0.00640	0.00444	0.00459	0.00148	0.00680	0.00385	0.00211	0.00680
14	0.01069	0.00784	0.01036	0.10029	0.06860	0.00855	0.00823	0.05462	0.15994	0.08337	0.01860	0.09938	0.03042	0.00862	0.00586	0.00174	0.04872	0.19590	0.07245	0.00583
15	0.01323	0.00931	0.01006	0.00867	0.01110	0.03209	0.00675	0.16471	0.29712	0.11938	0.01613	0.01767	0.01262	0.09622	0.06735	0.00228	0.00483	0.00509	0.09879	0.00660
16	0.00981	0.00909	0.01502	0.60963	0.18003	0.01070	0.01309	0.04211	0.01029	0.01355	0.00930	0.03964	0.00751	0.00505	0.00481	0.00156	0.00608	0.00456	0.00235	0.00581

[dist]
# distance from previous block
# <min> <max>
3	110

[block]
# block no. 5 follows, 53 sequences, length 55
# corresponding to MSA columns:
# 613-667
name=unknown_F
#
# <colnr> <probs for GDERKNQSTAVLIFYWHMCP>
#	G	D	E	R	K	N	Q	S	T	A	V	L	I	F	Y	W	H	M	C	P
0	0.00907	0.00845	0.10383	0.08987	0.01191	0.00727	0.00724	0.05096	0.11259	0.01632	0.01681	0.20881	0.01560	0.00849	0.02483	0.00165	0.00398	0.00663	0.29039	0.00530
1	0.00951	0.00925	0.01567	0.38798	0.13327	0.01027	0.13184	0.01299	0.05419	0.01368	0.01493	0.01755	0.11988	0.00589	0.00552	0.00160	0.04222	0.00536	0.00268	0.00574
2	0.01017	0.12146	0.60878	0.09465	0.02073	0.01211	0.01581	0.03695	0.01035	0.01480	0.00842	0.01010	0.00616	0.00454	0.00439	0.00146	0.00670	0.00351	0.00211	0.00680
3	0.05608	0.01327	0.14850	0.07543	0.10221	0.03146	0.04420	0.11757	0.24737	0.09525	0.01317	0.01355	0.00964	0.00538	0.00470	0.00152	0.00526	0.00448	0.00373	0.00721
4	0.00587	0.00424	0.00557	0.00661	0.00699	0.00394	0.00449	0.00676	0.00931	0.01230	0.02760	0.76029	0.07638	0.01475	0.00609	0.00193	0.00280	0.03573	0.00444	0.00391
5	0.05989	0.00892	0.00953	0.00839	0.01092	0.03500	0.00648	0.10360	0.25359	0.09795	0.01925	0.19246	0.06009	0.00800	0.00488	0.00153	0.00381	0.00673	0.00443	0.10456
6	0.05950	0.03358	0.05196	0.04228	0.01335	0.03006	0.06752	0.13585	0.03456	0.19300	0.01744	0.09454	0.08814	0.00925	0.06534	0.00201	0.03201	0.00584	0.01751	0.00629
7	0.01904	0.00875	0.01099	0.00870	0.01212	0.00834	0.00710	0.09706	0.12728	0.57210	0.01804	0.01612	0.01189	0.00596	0.00473	0.00147	0.00404	0.00482	0.05361	0.00784
8	0.00618	0.00435	0.00550	0.00629	0.00655	0.00414	0.00411	0.00684	0.00867	0.01151	0.02396	0.56885	0.05035	0.23250	0.01096	0.00266	0.00331	0.03561	0.00403	0.00364
9	0.01177	0.46823	0.25071	0.09232	0.01695	0.06212	0.01151	0.01462	0.01003	0.01250	0.00744	0.00894	0.00614	0.00434	0.00374	0.00124	0.00601	0.00304	0.00207	0.00629
10	0.01399	0.00997	0.01316	0.06804	0.21569	0.03313	0.00951	0.02021	0.28204	0.21550	0.05633	0.01623	0.01291	0.00579	0.00483	0.00151	0.00457	0.00499	0.00426	0.00734
11	0.00650	0.00476	0.00579	0.00596	0.00706	0.00430	0.00440	0.00809	0.01143	0.02532	0.30802	0.23084	0.26865	0.01176	0.00573	0.00167	0.00257	0.05292	0.02998	0.00425
12	0.00662	0.00468	0.00581	0.00600	0.00687	0.00432	0.00428	0.00808	0.01100	0.02347	0.32049	0.26803	0.14852	0.09013	0.00748	0.00195	0.00274	0.03397	0.04141	0.00413
