[name]
unknown

[dist]
# distance from previous block
# <min> <max>
0	19

[block]
# block no. 0 follows, 54 sequences, length 69
# corresponding to MSA columns:
# 19-87
name=unknown_A
#
# <colnr> <probs for GDERKNQSTAVLIFYWHMCP>
#	G	D	E	R	K	N	Q	S	T	A	V	L	I	F	Y	W	H	M	C	P
0	0.00594	0.00419	0.00541	0.00631	0.00654	0.00396	0.00411	0.00662	0.00864	0.01152	0.02400	0.68862	0.02868	0.16079	0.00922	0.00239	0.00306	0.01224	0.00411	0.00366
1	0.01035	0.00860	0.00973	0.00913	0.01126	0.00984	0.00723	0.03258	0.53090	0.01752	0.01872	0.02273	0.01564	0.01249	0.14950	0.00274	0.00543	0.11483	0.00433	0.00645
2	0.01625	0.01491	0.01485	0.01701	0.28447	0.31389	0.01047	0.06602	0.02338	0.17772	0.01056	0.01143	0.00793	0.00490	0.00453	0.00135	0.00632	0.00389	0.00327	0.00686
3	0.00626	0.00471	0.00579	0.00573	0.00684	0.00424	0.00422	0.00802	0.01207	0.01635	0.49867	0.15140	0.23651	0.01096	0.00563	0.00157	0.00234	0.00959	0.00487	0.00424
4	0.83531	0.00963	0.00717	0.00643	0.00933	0.04115	0.00526	0.01405	0.00823	0.02079	0.00659	0.00769	0.00514	0.00440	0.00297	0.00145	0.00383	0.00257	0.00290	0.00512
5	0.00557	0.00478	0.00478	0.00478	0.00637	0.00398	0.00358	0.00677	0.01075	0.01274	0.04776	0.04538	0.80297	0.01194	0.00557	0.00159	0.00239	0.00995	0.00438	0.00398
6	0.01543	0.01811	0.01589	0.01784	0.26861	0.49488	0.04581	0.04263	0.01271	0.01354	0.00803	0.00980	0.00663	0.00463	0.00446	0.00130	0.00744	0.00356	0.00247	0.00623
7	0.01344	0.02290	0.01173	0.00893	0.01237	0.00794	0.07844	0.01757	0.15146	0.26545	0.06156	0.02698	0.05082	0.00571	0.00455	0.00129	0.00400	0.00492	0.00429	0.24563
8	0.01799	0.01731	0.01277	0.01100	0.01388	0.48066	0.00851	0.12392	0.06924	0.18278	0.01105	0.01111	0.00810	0.00528	0.00446	0.00132	0.00677	0.00372	0.00362	0.00649
9	0.01790	0.01590	0.01384	0.01119	0.01455	0.25710	0.00896	0.53908	0.01931	0.04112	0.01026	0.01057	0.00751	0.00542	0.00458	0.00136	0.00617	0.00389	0.00405	0.00725
10	0.00618	0.00483	0.00532	0.00518	0.00661	0.00418	0.00386	0.00764	0.01140	0.02690	0.26269	0.04150	0.54593	0.03940	0.00619	0.00166	0.00244	0.00935	0.00458	0.00414
11	0.04031	0.01400	0.01374	0.12681	0.01697	0.15654	0.00944	0.50588	0.03196	0.02354	0.01019	0.01100	0.00745	0.00536	0.00458	0.00141	0.00587	0.00399	0.00389	0.00708
12	0.00686	0.00457	0.00514	0.00514	0.00514	0.00457	0.00286	0.00686	0.00686	0.00914	0.01486	0.03086	0.01714	0.83430	0.02400	0.00457	0.00457	0.00686	0.00286	0.00286
13	0.03471	0.01563	0.01331	0.01121	0.01384	0.31391	0.00889	0.27300	0.06212	0.07459	0.00996	0.01075	0.00761	0.00576	0.00605	0.00145	0.12330	0.00384	0.00353	0.00656
14	0.01437	0.01183	0.01194	0.01007	0.01310	0.06164	0.00800	0.29733	0.44410	0.03349	0.01556	0.01477	0.01152	0.00601	0.00470	0.00150	0.00451	0.00477	0.02330	0.00748
15	0.00588	0.00435	0.00549	0.00613	0.00679	0.00397	0.00425	0.00701	0.01010	0.01338	0.16714	0.55047	0.17105	0.01336	0.00586	0.00178	0.00258	0.01193	0.00452	0.00397
16	0.01283	0.01068	0.01128	0.00982	0.01268	0.01224	0.00773	0.16120	0.65842	0.02150	0.01779	0.01647	0.01326	0.00627	0.00478	0.00157	0.00399	0.00514	0.00478	0.00756
17	0.00760	0.00543	0.00760	0.00868	0.00977	0.00543	0.00760	0.00977	0.01085	0.01411	0.02496	0.05319	0.02714	0.01303	0.00651	0.00217	0.00434	0.77315	0.00434	0.00434
18	0.00946	0.02439	0.80987	0.01344	0.02041	0.01095	0.01742	0.01493	0.00995	0.01493	0.00846	0.00995	0.00597	0.00448	0.00448	0.00149	0.00697	0.00348	0.00199	0.00697
19	0.01698	0.16001	0.01603	0.01035	0.01417	0.01534	0.00880	0.65107	0.01993	0.02640	0.01047	0.01065	0.00767	0.00537	0.00442	0.00134	0.00516	0.00394	0.00424	0.00767
20	0.01160	0.57635	0.27664	0.00979	0.01477	0.01618	0.01107	0.01438	0.00970	0.01232	0.00717	0.00833	0.00603	0.00418	0.00349	0.00116	0.00566	0.00283	0.00201	0.00635
21	0.01078	0.01030	0.01754	0.28371	0.55704	0.01097	0.01403	0.01369	0.01032	0.01433	0.00871	0.01196	0.00709	0.00437	0.00468	0.00146	0.00582	0.00420	0.00226	0.00675
22	0.00683	0.00467	0.00563	0.00563	0.00579	0.00483	0.00346	0.00717	0.00700	0.00950	0.01441	0.02841	0.01608	0.67568	0.18116	0.00517	0.00617	0.00650	0.00279	0.00313
23	0.00557	0.00478	0.00478	0.00478	0.00637	0.00398	0.00358	0.00677	0.01075	0.01274	0.04776	0.04538	0.80297	0.01194	0.00557	0.00159	0.00239	0.00995	0.00438	0.00398
24	0.00921	0.00521	0.00529	0.00514	0.00646	0.00544	0.00389	0.01299	0.12211	0.01788	0.01592	0.01758	0.01241	0.00562	0.00351	0.00117	0.00242	0.00453	0.73837	0.00483
25	0.00665	0.00482	0.00627	0.00591	0.00703	0.00444	0.00443	0.00885	0.01329	0.01877	0.78495	0.03546	0.06202	0.00969	0.00556	0.00149	0.00223	0.00856	0.00517	0.00444
26	0.00902	0.00868	0.01553	0.55269	0.03776	0.00988	0.14990	0.01217	0.01031	0.01362	0.12189	0.01582	0.01191	0.00528	0.00499	0.00156	0.00599	0.00505	0.00259	0.00535
27	0.00991	0.14036	0.69783	0.01267	0.01922	0.01205	0.01609	0.01482	0.00990	0.01438	0.00819	0.00961	0.00598	0.00442	0.00427	0.00142	0.00669	0.00335	0.00199	0.00684
28	0.01161	0.01112	0.01885	0.04552	0.77144	0.01120	0.01429	0.01464	0.02747	0.01542	0.00908	0.01182	0.00759	0.00426	0.00467	0.00141	0.00558	0.00422	0.00238	0.00742
29	0.01097	0.00857	0.00834	0.00747	0.00926	0.14946	0.00571	0.01316	0.02926	0.14114	0.50587	0.02731	0.04807	0.00817	0.00518	0.00144	0.00366	0.00692	0.00477	0.00524
30	0.77455	0.01038	0.00760	0.00680	0.00968	0.08734	0.00551	0.01446	0.00861	0.03131	0.00680	0.00786	0.00529	0.00444	0.00307	0.00144	0.00412	0.00263	0.00291	0.00518
31	0.01129	0.49688	0.35341	0.01032	0.01558	0.01543	0.01198	0.01446	0.00974	0.01270	0.00735	0.00856	0.00602	0.00422	0.00363	0.00121	0.00585	0.00292	0.00201	0.00643
32	0.01185	0.01053	0.01240	0.01313	0.15358	0.02892	0.01959	0.04984	0.57071	0.01893	0.03313	0.01689	0.02709	0.00608	0.00480	0.00155	0.00423	0.00519	0.00427	0.00730
33	0.01755	0.01057	0.01291	0.15463	0.01681	0.02834	0.00892	0.34104	0.01639	0.32377	0.01349	0.01329	0.00906	0.00554	0.00472	0.00146	0.00501	0.00440	0.00463	0.00747
34	0.01099	0.01371	0.09450	0.01932	0.02428	0.01184	0.72208	0.01509	0.01103	0.01509	0.00945	0.01248	0.00705	0.00402	0.00547	0.00158	0.00787	0.00539	0.00235	0.00641
35	0.00651	0.00469	0.00615	0.00604	0.00701	0.00434	0.00444	0.00848	0.01258	0.01768	0.66406	0.17704	0.04212	0.01055	0.00564	0.00156	0.00232	0.00940	0.00505	0.00434
36	0.00925	0.00539	0.00713	0.00637	0.00793	0.00489	0.00489	0.01141	0.01337	0.15953	0.66275	0.03180	0.03864	0.00896	0.00542	0.00148	0.00254	0.00785	0.00531	0.00509
37	0.00557	0.00478	0.00478	0.00478	0.00637	0.00398	0.00358	0.00677	0.01075	0.01274	0.04776	0.04538	0.80297	0.01194	0.00557	0.00159	0.00239	0.00995	0.00438	0.00398
38	0.00596	0.00479	0.00532	0.00518	0.00661	0.00415	0.00389	0.00752	0.01166	0.01491	0.31408	0.04179	0.53530	0.01113	0.00557	0.00155	0.00233	0.00945	0.00466	0.00415
39	0.01261	0.83713	0.02471	0.00807	0.01210	0.01866	0.00807	0.01412	0.00958	0.01109	0.00656	0.00756	0.00605	0.00403	0.00303	0.00101	0.00504	0.00252	0.00202	0.00605
40	0.00702	0.00503	0.00690	0.00772	0.00864	0.00490	0.00632	0.00891	0.01089	0.01451	0.16371	0.22197	0.03112	0.01281	0.00623	0.00199	0.00361	0.46897	0.00450	0.00425
41	0.02941	0.01589	0.01741	0.01371	0.01719	0.35678	0.25843	0.03623	0.01279	0.18062	0.01047	0.01149	0.00763	0.00479	0.00477	0.00139	0.00723	0.00423	0.00319	0.00634
42	0.01329	0.57434	0.02313	0.01048	0.01433	0.15965	0.11951	0.01510	0.01048	0.01174	0.00711	0.00847	0.00621	0.00417	0.00361	0.00113	0.00607	0.00305	0.00214	0.00599
43	0.01217	0.00969	0.01256	0.27039	0.01908	0.01053	0.02266	0.19587	0.14468	0.05804	0.04740	0.01386	0.01018	0.00528	0.00458	0.00139	0.00487	0.00441	0.00361	0.14875
44	0.01587	0.01288	0.12723	0.01105	0.01509	0.02156	0.07176	0.25102	0.16449	0.23780	0.01421	0.01369	0.00985	0.00553	0.00477	0.00148	0.00511	0.00457	0.00443	0.00760
45	0.01492	0.02080	0.15539	0.12807	0.01817	0.55719	0.01116	0.01717	0.01219	0.01222	0.00765	0.00934	0.00609	0.00477	0.00436	0.00132	0.00791	0.00328	0.00230	0.00570
46	0.00850	0.00714	0.00830	0.00643	0.00963	0.00556	0.00504	0.01042	0.01044	0.01533	0.12908	0.03767	0.15469	0.00612	0.00421	0.00100	0.00310	0.00512	0.00345	0.56877
47	0.00677	0.00549	0.00615	0.00617	0.00773	0.00517	0.00485	0.00964	0.09848	0.01464	0.14821	0.04223	0.46883	0.01119	0.00565	0.00168	0.00286	0.14521	0.00453	0.00450
48	0.00896	0.00844	0.01424	0.80671	0.04828	0.01049	0.01312	0.01210	0.00945	0.01212	0.00839	0.01255	0.00631	0.00470	0.00471	0.00157	0.00627	0.00419	0.00210	0.00528
49	0.00930	0.00915	0.01658	0.67987	0.03108	0.01073	0.15112	0.01259	0.00973	0.01259	0.00859	0.01260	0.00644	0.00458	0.00487	0.00157	0.00658	0.00444	0.00215	0.00544
50	0.00958	0.00847	0.01196	0.00913	0.01285	0.00694	0.11756	0.01196	0.01016	0.01510	0.01150	0.01793	0.01060	0.00526	0.00433	0.00109	0.00428	0.14044	0.00301	0.58786
51	0.00560	0.00468	0.00488	0.00503	0.00644	0.00396	0.00370	0.00674	0.01050	0.01264	0.04466	0.15751	0.69284	0.01235	0.00564	0.00164	0.00244	0.01044	0.00438	0.00396
52	0.01647	0.01248	0.01333	0.01055	0.01407	0.01394	0.00861	0.60939	0.20432	0.02736	0.01317	0.01280	0.00952	0.00583	0.00474	0.00146	0.00485	0.00450	0.00474	0.00789
53	0.14194	0.00818	0.01037	0.00808	0.01162	0.00745	0.00667	0.02168	0.01271	0.69585	0.01688	0.01485	0.01073	0.00563	0.00448	0.00146	0.00396	0.00443	0.00542	0.00761
54	0.01175	0.61708	0.23729	0.00952	0.01435	0.01657	0.01060	0.01434	0.00968	0.01213	0.00707	0.00821	0.00603	0.00415	0.00342	0.00114	0.00556	0.00278	0.00201	0.00630
55	0.01741	0.01187	0.01362	0.01063	0.01384	0.01323	0.00879	0.54166	0.01849	0.16579	0.01189	0.01202	0.00841	0.00606	0.00626	0.00152	0.12206	0.00432	0.00454	0.00761
56	0.01645	0.00705	0.00961	0.00805	0.01084	0.00627	0.00666	0.01839	0.01300	0.54164	0.14391	0.02570	0.01963	0.00772	0.00519	0.00159	0.00379	0.14225	0.00547	0.00680
57	0.00865	0.00704	0.00729	0.00655	0.00868	0.00698	0.00509	0.14878	0.12488	0.01676	0.03719	0.03534	0.54881	0.01003	0.00531	0.00156	0.00308	0.00828	0.00450	0.00520
58	0.00727	0.00519	0.00722	0.00831	0.00925	0.00514	0.00702	0.00920	0.01053	0.01374	0.02515	0.19181	0.02786	0.01334	0.00642	0.00213	0.00406	0.63778	0.00435	0.00425
59	0.01761	0.02247	0.01336	0.01215	0.01458	0.81537	0.00911	0.01883	0.01336	0.01154	0.00729	0.00850	0.00607	0.00486	0.00425	0.00121	0.00850	0.00304	0.00243	0.00547
60	0.01180	0.00832	0.00998	0.00723	0.01133	0.00640	0.00583	0.01385	0.01044	0.15662	0.01020	0.01089	0.00782	0.00391	0.00371	0.00083	0.00358	0.00314	0.00334	0.71077
61	0.16990	0.00776	0.00957	0.00765	0.01080	0.00723	0.00625	0.01934	0.01250	0.55531	0.12830	0.01729	0.01518	0.00612	0.00453	0.00146	0.00369	0.00489	0.00522	0.00699
62	0.01630	0.01164	0.01241	0.00970	0.01300	0.01280	0.00795	0.65051	0.01998	0.02755	0.01204	0.01244	0.00874	0.00563	0.00446	0.00136	0.00466	0.00427	0.15719	0.00737
63	0.13492	0.01126	0.01651	0.02247	0.55053	0.01172	0.01215	0.15241	0.01239	0.01877	0.00898	0.01104	0.00723	0.00449	0.00443	0.00141	0.00525	0.00397	0.00284	0.00723
64	0.00632	0.00481	0.00581	0.00556	0.00683	0.00430	0.00417	0.00821	0.01251	0.01693	0.56026	0.03848	0.28786	0.01038	0.00556	0.00152	0.00228	0.00898	0.00493	0.00430
65	0.00560	0.00468	0.00488	0.00503	0.00644	0.00396	0.00370	0.00674	0.01050	0.01264	0.04466	0.15751	0.69284	0.01235	0.00564	0.00164	0.00244	0.01044	0.00438	0.00396
66	0.01838	0.00745	0.00984	0.00775	0.01103	0.00640	0.00633	0.02009	0.01301	0.66643	0.02380	0.02127	0.15266	0.00692	0.00489	0.00148	0.00372	0.00567	0.00558	0.00730
67	0.00588	0.00421	0.00559	0.00647	0.00687	0.00392	0.00439	0.00690	0.00964	0.01302	0.13678	0.71763	0.03308	0.01404	0.00595	0.00185	0.00266	0.01271	0.00449	0.00392
68	0.01128	0.01080	0.01843	0.14224	0.69467	0.01110	0.01427	0.01412	0.01055	0.01492	0.00880	0.01180	0.00730	0.00427	0.00467	0.00142	0.00570	0.00420	0.00230	0.00715

[dist]
# distance from previous block
# <min> <max>
0	22

[block]
# block no. 1 follows, 54 sequences, length 90
# corresponding to MSA columns:
# 110-199
name=unknown_B
#
# <colnr> <probs for GDERKNQSTAVLIFYWHMCP>
#	G	D	E	R	K	N	Q	S	T	A	V	L	I	F	Y	W	H	M	C	P
0	0.01683	0.01063	0.14628	0.00905	0.01290	0.00772	0.00848	0.04197	0.04553	0.51724	0.11696	0.01739	0.01491	0.00611	0.00480	0.00147	0.00431	0.00502	0.00502	0.00736
1	0.01179	0.01131	0.02035	0.01539	0.01875	0.01169	0.41949	0.14550	0.01247	0.03030	0.02594	0.02933	0.01048	0.00616	0.00693	0.00169	0.12354	0.08960	0.00309	0.00620
2	0.01168	0.01102	0.01770	0.02565	0.67010	0.01129	0.01328	0.01627	0.14433	0.01614	0.01062	0.01268	0.00865	0.00457	0.00469	0.00143	0.00528	0.00439	0.00275	0.00747
3	0.01172	0.01027	0.01175	0.01207	0.11366	0.01166	0.00836	0.02370	0.69586	0.01917	0.01787	0.01683	0.01351	0.00612	0.00478	0.00157	0.00397	0.00519	0.00448	0.00746
4	0.00574	0.00423	0.00535	0.00624	0.00673	0.00387	0.00421	0.00660	0.00928	0.01210	0.02949	0.68296	0.16217	0.02926	0.00627	0.00191	0.00271	0.01270	0.00435	0.00384
5	0.01084	0.01470	0.16081	0.01878	0.02392	0.01176	0.65676	0.01507	0.01093	0.01507	0.00936	0.01225	0.00695	0.00406	0.00538	0.00157	0.00778	0.00521	0.00232	0.00646
6	0.00560	0.00466	0.00489	0.00508	0.00645	0.00395	0.00372	0.00673	0.01045	0.01262	0.04406	0.17901	0.67173	0.01242	0.00565	0.00165	0.00245	0.01054	0.00438	0.00395
7	0.00669	0.00460	0.00510	0.00510	0.00530	0.00450	0.00295	0.00685	0.00735	0.00960	0.01907	0.03271	0.11767	0.72909	0.02164	0.00419	0.00429	0.00725	0.00305	0.00300
8	0.01612	0.26522	0.01674	0.01093	0.01384	0.57797	0.00880	0.01742	0.01223	0.01141	0.00707	0.00822	0.00607	0.00461	0.00389	0.00115	0.00747	0.00288	0.00231	0.00564
9	0.00645	0.00536	0.00567	0.00520	0.00703	0.00445	0.00383	0.00765	0.01008	0.01272	0.03686	0.03747	0.56708	0.11571	0.00758	0.00182	0.00286	0.00834	0.00391	0.14993
10	0.00974	0.02270	0.70871	0.01542	0.12076	0.01098	0.01704	0.01487	0.01005	0.01499	0.00851	0.01017	0.00616	0.00444	0.00450	0.00148	0.00679	0.00358	0.00203	0.00703
11	0.00781	0.00580	0.00763	0.00844	0.00959	0.00596	0.00703	0.01118	0.11103	0.01448	0.02440	0.18094	0.02619	0.01247	0.00621	0.00205	0.00399	0.54573	0.00441	0.00465
12	0.01128	0.01080	0.01843	0.14209	0.69481	0.01110	0.01427	0.01413	0.01055	0.01493	0.00880	0.01180	0.00730	0.00427	0.00467	0.00142	0.00570	0.00420	0.00230	0.00715
13	0.01633	0.01289	0.01239	0.00992	0.01306	0.11532	0.00802	0.55829	0.01895	0.02533	0.01149	0.01202	0.00846	0.00553	0.00442	0.00134	0.00510	0.00412	0.14994	0.00708
14	0.01044	0.00981	0.01654	0.16110	0.57144	0.01014	0.01295	0.01305	0.01030	0.01440	0.01098	0.11667	0.01030	0.00564	0.00485	0.00150	0.00535	0.00538	0.00255	0.00662
15	0.00702	0.00512	0.00688	0.00782	0.00884	0.00497	0.00654	0.00884	0.01053	0.01358	0.02806	0.18449	0.12708	0.01318	0.00631	0.00205	0.00382	0.54632	0.00435	0.00421
16	0.01167	0.01120	0.01914	0.02894	0.80488	0.01120	0.01447	0.01447	0.01074	0.01540	0.00887	0.01167	0.00747	0.00420	0.00467	0.00140	0.00560	0.00420	0.00233	0.00747
17	0.01827	0.00898	0.01305	0.01006	0.01369	0.00838	0.10691	0.02232	0.14632	0.57263	0.01754	0.01588	0.01156	0.00569	0.00486	0.00150	0.00447	0.00495	0.00522	0.00772
18	0.00926	0.00869	0.01209	0.01064	0.01078	0.01173	0.00861	0.01027	0.00724	0.01100	0.00839	0.01434	0.00854	0.11854	0.15263	0.00332	0.58237	0.00463	0.00224	0.00470
19	0.01100	0.00908	0.00966	0.00873	0.01121	0.01016	0.00677	0.02173	0.62529	0.04849	0.03991	0.03395	0.12882	0.00737	0.00494	0.00160	0.00350	0.00616	0.00478	0.00687
20	0.00760	0.00543	0.00760	0.00868	0.00977	0.00543	0.00760	0.00977	0.01085	0.01411	0.02496	0.05319	0.02714	0.01303	0.00651	0.00217	0.00434	0.77315	0.00434	0.00434
21	0.01285	0.11637	0.01366	0.14794	0.01606	0.06161	0.02122	0.07441	0.36497	0.08521	0.01474	0.01473	0.02449	0.00567	0.00454	0.00147	0.00480	0.00459	0.00387	0.00679
22	0.01003	0.12159	0.47171	0.01073	0.01578	0.01091	0.01257	0.01545	0.11050	0.01551	0.01077	0.01193	0.00810	0.00484	0.00414	0.00138	0.00550	0.00375	0.14834	0.00648
23	0.01183	0.63665	0.21839	0.00939	0.01415	0.01676	0.01037	0.01432	0.00967	0.01204	0.00703	0.00815	0.00603	0.00414	0.00338	0.00113	0.00552	0.00276	0.00201	0.00628
24	0.00646	0.00481	0.00601	0.00571	0.00692	0.00436	0.00428	0.00849	0.01285	0.01773	0.65827	0.03716	0.18935	0.01008	0.00556	0.00150	0.00226	0.00880	0.00504	0.00436
25	0.00656	0.00482	0.00614	0.00581	0.00697	0.00440	0.00436	0.00868	0.01308	0.01827	0.72427	0.03627	0.12301	0.00988	0.00556	0.00149	0.00224	0.00867	0.00511	0.00440
26	0.00686	0.00457	0.00514	0.00514	0.00514	0.00457	0.00286	0.00686	0.00686	0.00914	0.01486	0.03086	0.01714	0.83430	0.02400	0.00457	0.00457	0.00686	0.00286	0.00286
27	0.00819	0.00410	0.00614	0.00614	0.00614	0.00410	0.00410	0.00614	0.00614	0.00819	0.00819	0.01433	0.00819	0.01638	0.01843	0.86282	0.00410	0.00410	0.00205	0.00205
28	0.01167	0.01120	0.01914	0.02894	0.80488	0.01120	0.01447	0.01447	0.01074	0.01540	0.00887	0.01167	0.00747	0.00420	0.00467	0.00140	0.00560	0.00420	0.00233	0.00747
29	0.00819	0.00410	0.00614	0.00614	0.00614	0.00410	0.00410	0.00614	0.00614	0.00819	0.00819	0.01433	0.00819	0.01638	0.01843	0.86282	0.00410	0.00410	0.00205	0.00205
30	0.00576	0.00478	0.00504	0.00497	0.00648	0.00406	0.00373	0.00713	0.01119	0.01379	0.17609	0.04365	0.67399	0.01155	0.00557	0.00157	0.00236	0.00971	0.00452	0.00406
31	0.01772	0.01310	0.01403	0.01081	0.01454	0.01453	0.00891	0.76362	0.04804	0.02938	0.01158	0.01153	0.00823	0.00568	0.00472	0.00142	0.00514	0.00428	0.00472	0.00800
32	0.00698	0.00757	0.10908	0.00743	0.00918	0.01729	0.00624	0.00879	0.01006	0.01394	0.15401	0.47620	0.04136	0.01117	0.00544	0.00164	0.00335	0.00995	0.00401	0.09631
33	0.01771	0.01971	0.01360	0.01176	0.01459	0.57676	0.00907	0.24837	0.01599	0.01696	0.00849	0.00934	0.00665	0.00510	0.00439	0.00127	0.00752	0.00340	0.00311	0.00623
34	0.01118	0.00950	0.01016	0.00915	0.01163	0.01084	0.00710	0.03554	0.68348	0.01978	0.11926	0.01974	0.01814	0.00680	0.00489	0.00158	0.00356	0.00572	0.00485	0.00709
35	0.00572	0.00419	0.00538	0.00634	0.00678	0.00385	0.00428	0.00659	0.00925	0.01213	0.02877	0.73069	0.12992	0.01441	0.00596	0.00187	0.00269	0.01296	0.00438	0.00385
36	0.02099	0.00828	0.01110	0.00851	0.01217	0.00732	0.00703	0.06146	0.01393	0.76905	0.01824	0.01581	0.01149	0.00583	0.00474	0.00146	0.00407	0.00472	0.00578	0.00802
37	0.00574	0.00410	0.00547	0.00657	0.00684	0.00383	0.00438	0.00657	0.00903	0.01204	0.02599	0.83122	0.03119	0.01477	0.00602	0.00191	0.00274	0.01340	0.00438	0.00383
38	0.00667	0.00482	0.00630	0.00593	0.00704	0.00445	0.00445	0.00890	0.01335	0.01891	0.80239	0.03522	0.04449	0.00964	0.00556	0.00148	0.00222	0.00853	0.00519	0.00445
39	0.01173	0.01013	0.01066	0.00960	0.01226	0.01173	0.00746	0.02505	0.79636	0.01972	0.01919	0.01759	0.01439	0.00640	0.00480	0.00160	0.00373	0.00533	0.00480	0.00746
40	0.11884	0.03130	0.47891	0.02427	0.08291	0.00984	0.01316	0.01328	0.00960	0.01517	0.01120	0.14946	0.01028	0.00619	0.00454	0.00155	0.00567	0.00511	0.00255	0.00620
41	0.01351	0.01257	0.01184	0.01032	0.01302	0.16511	0.02743	0.17377	0.38154	0.01945	0.03715	0.03171	0.02346	0.00659	0.00485	0.00152	0.00500	0.05012	0.00424	0.00679
42	0.01811	0.01203	0.01329	0.01026	0.01392	0.01298	0.00845	0.61202	0.04978	0.16639	0.01297	0.01250	0.00897	0.00572	0.00470	0.00142	0.00488	0.00438	0.01930	0.00794
43	0.00667	0.00482	0.00630	0.00593	0.00704	0.00445	0.00445	0.00890	0.01335	0.01891	0.80239	0.03522	0.04449	0.00964	0.00556	0.00148	0.00222	0.00853	0.00519	0.00445
44	0.00677	0.00492	0.00689	0.00689	0.00749	0.00552	0.00503	0.00798	0.00737	0.01043	0.01326	0.02203	0.01331	0.26238	0.59067	0.00672	0.01034	0.00556	0.00262	0.00383
45	0.01032	0.01032	0.01444	0.01238	0.01238	0.01444	0.01032	0.01135	0.00722	0.01135	0.00619	0.01032	0.00619	0.00825	0.01547	0.00206	0.82567	0.00413	0.00206	0.00516
46	0.00819	0.00410	0.00614	0.00614	0.00614	0.00410	0.00410	0.00614	0.00614	0.00819	0.00819	0.01433	0.00819	0.01638	0.01843	0.86282	0.00410	0.00410	0.00205	0.00205
47	0.01687	0.01268	0.01356	0.01064	0.01422	0.01413	0.00871	0.65923	0.15382	0.02802	0.01266	0.01239	0.00910	0.00579	0.00473	0.00145	0.00494	0.00443	0.00473	0.00792
48	0.00702	0.00512	0.00688	0.00782	0.00884	0.00497	0.00654	0.00884	0.01053	0.01358	0.02806	0.18449	0.12708	0.01318	0.00631	0.00205	0.00382	0.54632	0.00435	0.00421
49	0.01040	0.26657	0.57591	0.01184	0.01793	0.01325	0.01463	0.01469	0.00984	0.01379	0.00789	0.00924	0.00600	0.00435	0.00405	0.00135	0.00639	0.00320	0.00200	0.00669
50	0.72366	0.00893	0.00761	0.00657	0.00961	0.00996	0.00542	0.01541	0.00895	0.15498	0.00861	0.00909	0.00622	0.00462	0.00323	0.00146	0.00371	0.00293	0.00341	0.00560
51	0.01237	0.77669	0.08310	0.00847	0.01272	0.01808	0.00876	0.01418	0.00961	0.01138	0.00670	0.00774	0.00605	0.00407	0.00313	0.00104	0.00519	0.00259	0.00202	0.00612
52	0.01687	0.01268	0.01356	0.01064	0.01422	0.01413	0.00871	0.65923	0.15382	0.02802	0.01266	0.01239	0.00910	0.00579	0.00473	0.00145	0.00494	0.00443	0.00473	0.00792
53	0.01251	0.11818	0.01551	0.01141	0.01447	0.14895	0.13415	0.02015	0.39300	0.01624	0.02476	0.01566	0.01166	0.00575	0.00468	0.00148	0.00540	0.03581	0.00364	0.00660
54	0.00978	0.00838	0.00978	0.00698	0.01117	0.00629	0.00559	0.01187	0.00978	0.01536	0.00838	0.00978	0.00698	0.00349	0.00349	0.00070	0.00349	0.00279	0.00279	0.86312
55	0.00934	0.00869	0.01092	0.00919	0.01109	0.09573	0.11496	0.05082	0.03742	0.01751	0.46923	0.03684	0.05515	0.00810	0.00581	0.00150	0.04119	0.00710	0.00428	0.00511
56	0.01120	0.01072	0.01829	0.16396	0.67354	0.01108	0.01424	0.01406	0.01051	0.01483	0.00879	0.01182	0.00727	0.00429	0.00468	0.00143	0.00572	0.00420	0.00229	0.00709
57	0.00777	0.00546	0.00727	0.00800	0.00927	0.00530	0.00686	0.00992	0.02096	0.04091	0.05111	0.04974	0.14739	0.01243	0.00626	0.00203	0.00396	0.59650	0.00443	0.00445
58	0.00686	0.00457	0.00514	0.00514	0.00514	0.00457	0.00286	0.00686	0.00686	0.00914	0.01486	0.03086	0.01714	0.83430	0.02400	0.00457	0.00457	0.00686	0.00286	0.00286
59	0.01198	0.59913	0.11973	0.01072	0.01523	0.01658	0.14178	0.01438	0.00989	0.01224	0.00729	0.00873	0.00623	0.00408	0.00363	0.00117	0.00577	0.00315	0.00208	0.00621
60	0.00890	0.00838	0.01414	0.82296	0.03247	0.01048	0.01309	0.01205	0.00943	0.01205	0.00838	0.01257	0.00629	0.00471	0.00471	0.00157	0.00629	0.00419	0.00210	0.00524
61	0.01006	0.00931	0.01273	0.01102	0.01121	0.01273	0.00912	0.01129	0.00767	0.01241	0.00775	0.01155	0.00719	0.00778	0.01340	0.00190	0.68564	0.00417	0.14803	0.00503
62	0.01576	0.01197	0.01519	0.01135	0.01533	0.01230	0.12204	0.49335	0.01788	0.07649	0.01104	0.01157	0.00796	0.00506	0.00463	0.00132	0.00523	0.00422	0.00412	0.15318
63	0.01661	0.01111	0.01225	0.00960	0.01302	0.01182	0.00786	0.52403	0.05444	0.15946	0.01758	0.01677	0.11063	0.00653	0.00483	0.00145	0.00456	0.00511	0.00487	0.00748
64	0.00700	0.00530	0.00663	0.00735	0.00814	0.00538	0.00531	0.01012	0.14315	0.01361	0.02470	0.59333	0.02781	0.01312	0.00587	0.00189	0.00311	0.10922	0.00444	0.00451
65	0.01471	0.01554	0.01273	0.01285	0.11406	0.43001	0.02084	0.01660	0.02650	0.09225	0.14437	0.02943	0.01396	0.00598	0.00496	0.00136	0.03016	0.00459	0.00329	0.00581
66	0.57345	0.07167	0.02993	0.00761	0.01092	0.01202	0.00654	0.18895	0.01149	0.03884	0.00794	0.00871	0.00599	0.00467	0.00341	0.00142	0.00419	0.00300	0.00330	0.00594
67	0.00954	0.11193	0.00870	0.00622	0.00751	0.00793	0.00510	0.01145	0.00940	0.01569	0.01269	0.01506	0.01031	0.00578	0.00533	0.00125	0.14259	0.00411	0.60468	0.00474
68	0.01113	0.01272	0.02782	0.01987	0.02464	0.01192	0.78776	0.01510	0.01113	0.01510	0.00954	0.01272	0.00715	0.00397	0.00556	0.00159	0.00795	0.00556	0.00238	0.00636
69	0.00576	0.00478	0.00504	0.00497	0.00648	0.00406	0.00373	0.00713	0.01119	0.01379	0.17609	0.04365	0.67399	0.01155	0.00557	0.00157	0.00236	0.00971	0.00452	0.00406
70	0.00557	0.00478	0.00478	0.00478	0.00637	0.00398	0.00358	0.00677	0.01075	0.01274	0.04776	0.04538	0.80297	0.01194	0.00557	0.00159	0.00239	0.00995	0.00438	0.00398
71	0.01680	0.15982	0.01539	0.01129	0.01416	0.57745	0.00891	0.11657	0.01385	0.01379	0.00768	0.00870	0.00632	0.00482	0.00410	0.00121	0.00749	0.00310	0.00265	0.00589
72	0.00674	0.00505	0.00758	0.00758	0.00842	0.00589	0.00589	0.00842	0.00758	0.01095	0.01263	0.01852	0.01179	0.03536	0.81561	0.00758	0.01263	0.00505	0.00253	0.00421
73	0.00973	0.00922	0.01563	0.58636	0.26263	0.01069	0.01350	0.01277	0.00982	0.01305	0.00853	0.01230	0.00664	0.00456	0.00470	0.00152	0.00608	0.00419	0.00217	0.00590
74	0.01369	0.00980	0.01066	0.00913	0.01195	0.01087	0.00723	0.15330	0.48520	0.12207	0.01739	0.01633	0.01273	0.00611	0.00463	0.00150	0.00386	0.00498	0.09127	0.00732
75	0.01311	0.75492	0.02356	0.00848	0.01235	0.09906	0.00817	0.01459	0.00996	0.01114	0.00663	0.00766	0.00605	0.00412	0.00315	0.00103	0.00539	0.00257	0.00206	0.00599
76	0.01188	0.01023	0.01046	0.00795	0.01169	0.11019	0.00632	0.02731	0.01073	0.08582	0.00986	0.01086	0.02175	0.00421	0.00411	0.00090	0.02808	0.00319	0.00306	0.62141
77	0.15702	0.01073	0.01448	0.01982	0.47087	0.05666	0.01078	0.04383	0.03116	0.01648	0.01372	0.01526	0.10895	0.00537	0.00447	0.00143	0.00496	0.00462	0.00286	0.00653
78	0.00951	0.01011	0.02095	0.01579	0.01914	0.00955	0.54188	0.01250	0.01044	0.01413	0.01439	0.25657	0.01430	0.00726	0.00586	0.00169	0.01949	0.00788	0.00297	0.00559
79	0.01524	0.01321	0.01573	0.01251	0.01590	0.19355	0.20222	0.04648	0.22063	0.19416	0.01368	0.01375	0.00987	0.00529	0.00485	0.00147	0.00598	0.00470	0.00389	0.00688
80	0.00819	0.00410	0.00614	0.00614	0.00614	0.00410	0.00410	0.00614	0.00614	0.00819	0.00819	0.01433	0.00819	0.01638	0.01843	0.86282	0.00410	0.00410	0.00205	0.00205
81	0.00586	0.00419	0.00558	0.00648	0.00687	0.00391	0.00439	0.00686	0.00958	0.01292	0.12531	0.72939	0.03289	0.01412	0.00596	0.00186	0.00267	0.01278	0.00448	0.00391
82	0.00590	0.00423	0.00561	0.00646	0.00687	0.00394	0.00439	0.00696	0.00976	0.01320	0.15801	0.69586	0.03345	0.01390	0.00594	0.00184	0.00265	0.01257	0.00452	0.00394
83	0.00572	0.00422	0.00535	0.00626	0.00676	0.00386	0.00424	0.00660	0.00932	0.01216	0.02969	0.69759	0.16243	0.01429	0.00594	0.00186	0.00268	0.01282	0.00438	0.00386
84	0.00593	0.00479	0.00527	0.00515	0.00659	0.00413	0.00386	0.00746	0.01159	0.01473	0.29197	0.04209	0.55751	0.01120	0.00557	0.00156	0.00234	0.00949	0.00464	0.00413
85	0.86760	0.00912	0.00693	0.00620	0.00912	0.01058	0.00511	0.01386	0.00802	0.02115	0.00657	0.00766	0.00511	0.00438	0.00292	0.00146	0.00365	0.00255	0.00292	0.00511
86	0.00562	0.00458	0.00498	0.00531	0.00651	0.00394	0.00382	0.00671	0.01023	0.01253	0.04128	0.27954	0.57300	0.01278	0.00571	0.00169	0.00249	0.01098	0.00438	0.00394
87	0.03572	0.01306	0.01392	0.01072	0.01446	0.01448	0.00885	0.75663	0.03826	0.02932	0.01139	0.01138	0.00809	0.00565	0.00468	0.00142	0.00513	0.00423	0.00468	0.00795
88	0.01760	0.00796	0.01003	0.00808	0.01119	0.00753	0.00655	0.03766	0.14634	0.53981	0.03473	0.01681	0.01280	0.00596	0.00458	0.00144	0.00372	0.00487	0.11495	0.00739
89	0.01071	0.15178	0.02399	0.01592	0.01980	0.01225	0.52394	0.01374	0.01042	0.01387	0.01079	0.10776	0.00974	0.00547	0.00569	0.00155	0.04819	0.00589	0.00254	0.00595

[dist]
# distance from previous block
# <min> <max>
1	5

[block]
# block no. 2 follows, 54 sequences, length 49
# corresponding to MSA columns:
# 205-253
name=unknown_C
#
# <colnr> <probs for GDERKNQSTAVLIFYWHMCP>
#	G	D	E	R	K	N	Q	S	T	A	V	L	I	F	Y	W	H	M	C	P
0	0.01654	0.12935	0.01501	0.03424	0.01469	0.57947	0.00910	0.10003	0.01352	0.01343	0.00762	0.00884	0.00629	0.00492	0.00445	0.00124	0.02969	0.00316	0.00260	0.00580
1	0.03302	0.00840	0.01394	0.80003	0.03182	0.01048	0.01287	0.01210	0.00939	0.01230	0.00833	0.01243	0.00625	0.00470	0.00466	0.00157	0.00621	0.00414	0.00212	0.00523
2	0.00667	0.00482	0.00630	0.00593	0.00704	0.00445	0.00445	0.00890	0.01335	0.01891	0.80239	0.03522	0.04449	0.00964	0.00556	0.00148	0.00222	0.00853	0.00519	0.00445
3	0.00930	0.00541	0.00710	0.00634	0.00794	0.00489	0.00487	0.01141	0.01327	0.16408	0.62880	0.03208	0.06778	0.00903	0.00541	0.00148	0.00256	0.00788	0.00528	0.00509
4	0.86760	0.00912	0.00693	0.00620	0.00912	0.01058	0.00511	0.01386	0.00802	0.02115	0.00657	0.00766	0.00511	0.00438	0.00292	0.00146	0.00365	0.00255	0.00292	0.00511
5	0.01863	0.00933	0.01211	0.01144	0.11786	0.04386	0.00809	0.02190	0.10453	0.57514	0.01687	0.01531	0.01118	0.00564	0.00472	0.00146	0.00439	0.00466	0.00510	0.00777
6	0.00733	0.00534	0.00722	0.00816	0.00932	0.00523	0.00706	0.00937	0.01084	0.01393	0.02800	0.05214	0.13055	0.01288	0.00639	0.00209	0.00408	0.67141	0.00435	0.00429
7	0.01110	0.01265	0.02742	0.01965	0.02428	0.01200	0.76452	0.01499	0.01101	0.01499	0.00944	0.01265	0.00713	0.00410	0.00586	0.00160	0.03239	0.00552	0.00238	0.00632
8	0.00574	0.00410	0.00547	0.00657	0.00684	0.00383	0.00438	0.00657	0.00903	0.01204	0.02599	0.83122	0.03119	0.01477	0.00602	0.00191	0.00274	0.01340	0.00438	0.00383
9	0.00674	0.00504	0.00751	0.00751	0.00833	0.00586	0.00581	0.00838	0.00756	0.01090	0.01269	0.01885	0.01193	0.05656	0.79461	0.00750	0.01242	0.00510	0.00253	0.00417
10	0.01686	0.01218	0.01301	0.01009	0.01356	0.01343	0.00830	0.69830	0.02073	0.02830	0.01179	0.01205	0.00849	0.00564	0.00455	0.00138	0.00484	0.00426	0.10464	0.00760
11	0.02344	0.00504	0.00643	0.00603	0.00722	0.00476	0.00454	0.00942	0.03402	0.01897	0.76624	0.03422	0.04293	0.00945	0.00549	0.00149	0.00229	0.00833	0.00514	0.00454
12	0.00971	0.03725	0.70481	0.01410	0.02076	0.01120	0.10720	0.01494	0.01009	0.01488	0.00855	0.01024	0.00611	0.00441	0.00458	0.00150	0.00705	0.00371	0.00204	0.00688
13	0.00874	0.00806	0.01340	0.70032	0.05601	0.00980	0.01213	0.01176	0.00993	0.01296	0.10111	0.01518	0.01079	0.00527	0.00481	0.00156	0.00579	0.00470	0.00246	0.00522
14	0.01285	0.01103	0.01903	0.04615	0.56033	0.01090	0.11644	0.04206	0.01147	0.10833	0.01017	0.01233	0.00790	0.00443	0.00480	0.00144	0.00573	0.00445	0.00282	0.00734
15	0.00831	0.00496	0.00598	0.10033	0.00901	0.00512	0.00471	0.01062	0.01064	0.01724	0.19792	0.02110	0.01896	0.00637	0.00399	0.00124	0.00268	0.00533	0.56098	0.00451
16	0.01792	0.01321	0.01415	0.01085	0.01462	0.01462	0.00896	0.78916	0.02217	0.02972	0.01132	0.01132	0.00802	0.00566	0.00472	0.00142	0.00519	0.00425	0.00472	0.00802
17	0.01113	0.01272	0.02782	0.01987	0.02464	0.01192	0.78776	0.01510	0.01113	0.01510	0.00954	0.01272	0.00715	0.00397	0.00556	0.00159	0.00795	0.00556	0.00238	0.00636
18	0.01140	0.00731	0.00889	0.00700	0.01024	0.00584	0.00550	0.01316	0.01066	0.19931	0.01771	0.12489	0.10424	0.00653	0.00436	0.00114	0.00338	0.00550	0.00390	0.44904
19	0.00557	0.00478	0.00478	0.00478	0.00637	0.00398	0.00358	0.00677	0.01075	0.01274	0.04776	0.04538	0.80297	0.01194	0.00557	0.00159	0.00239	0.00995	0.00438	0.00398
20	0.00988	0.13273	0.70520	0.01272	0.01930	0.01198	0.01617	0.01482	0.00990	0.01442	0.00821	0.00964	0.00598	0.00442	0.00429	0.00143	0.00671	0.00336	0.00199	0.00685
21	0.76877	0.00899	0.00740	0.00646	0.00946	0.01015	0.00532	0.01492	0.00866	0.11305	0.00797	0.00864	0.00587	0.00455	0.00313	0.00146	0.00369	0.00281	0.00326	0.00545
22	0.01032	0.01032	0.01444	0.01238	0.01238	0.01444	0.01032	0.01135	0.00722	0.01135	0.00619	0.01032	0.00619	0.00825	0.01547	0.00206	0.82567	0.00413	0.00206	0.00516
23	0.02035	0.00932	0.01174	0.00900	0.01268	0.00885	0.00744	0.21457	0.01566	0.61349	0.01678	0.01487	0.01076	0.00579	0.00474	0.00145	0.00431	0.00462	0.00556	0.00802
24	0.02115	0.00802	0.01094	0.00839	0.01204	0.00693	0.00693	0.02298	0.01350	0.80815	0.01860	0.01605	0.01167	0.00584	0.00474	0.00146	0.00401	0.00474	0.00584	0.00802
25	0.01612	0.01024	0.01124	0.00887	0.01196	0.01093	0.00725	0.48153	0.01782	0.14152	0.01341	0.01358	0.00957	0.00564	0.00437	0.00134	0.00427	0.00436	0.21888	0.00711
26	0.00686	0.00457	0.00514	0.00514	0.00514	0.00457	0.00286	0.00686	0.00686	0.00914	0.01486	0.03086	0.01714	0.83430	0.02400	0.00457	0.00457	0.00686	0.00286	0.00286
27	0.01962	0.00837	0.01090	0.00859	0.01207	0.00771	0.00702	0.02332	0.14072	0.68002	0.01870	0.01630	0.01211	0.00593	0.00475	0.00148	0.00397	0.00484	0.00567	0.00793
28	0.01148	0.01094	0.01739	0.14955	0.02007	0.01179	0.27694	0.07222	0.34087	0.01754	0.01352	0.01464	0.01010	0.00523	0.00504	0.00158	0.00571	0.00514	0.00351	0.00675
29	0.00686	0.00457	0.00514	0.00514	0.00514	0.00457	0.00286	0.00686	0.00686	0.00914	0.01486	0.03086	0.01714	0.83430	0.02400	0.00457	0.00457	0.00686	0.00286	0.00286
30	0.01126	0.01095	0.01917	0.13406	0.63946	0.01116	0.07619	0.01420	0.01059	0.01493	0.00886	0.01187	0.00729	0.00425	0.00475	0.00144	0.00588	0.00431	0.00231	0.00708
31	0.00844	0.00544	0.00731	0.00790	0.00904	0.00530	0.00657	0.01019	0.01046	0.07900	0.02433	0.07822	0.06541	0.12192	0.00863	0.00239	0.00418	0.53660	0.00427	0.00441
32	0.01073	0.07323	0.65626	0.01294	0.01913	0.11864	0.01575	0.01540	0.01039	0.01425	0.00819	0.00962	0.00599	0.00450	0.00436	0.00143	0.00706	0.00337	0.00205	0.00671
33	0.68188	0.00960	0.03876	0.00692	0.01013	0.01007	0.00595	0.02879	0.00923	0.14922	0.00868	0.00918	0.00626	0.00464	0.00331	0.00146	0.00386	0.00297	0.00339	0.00570
34	0.01765	0.02124	0.01347	0.01197	0.01458	0.70863	0.00909	0.12151	0.01454	0.01396	0.00783	0.00888	0.00633	0.00497	0.00431	0.00124	0.00806	0.00320	0.00273	0.00581
35	0.03436	0.00878	0.01367	0.04128	0.17651	0.00809	0.09923	0.01578	0.01170	0.26440	0.11811	0.03898	0.01418	0.00563	0.00474	0.00137	0.00452	0.00512	0.00395	0.12959
36	0.00978	0.03864	0.70117	0.01288	0.01929	0.01119	0.01607	0.01610	0.10177	0.01542	0.00968	0.01080	0.00696	0.00469	0.00449	0.00150	0.00655	0.00368	0.00232	0.00701
37	0.01012	0.11838	0.01154	0.00744	0.01104	0.00787	0.01558	0.01229	0.02549	0.04150	0.02649	0.07106	0.01081	0.00519	0.00392	0.00098	0.00375	0.04938	0.00308	0.56408
38	0.01760	0.01305	0.01397	0.01078	0.01450	0.01447	0.00888	0.74905	0.06281	0.02919	0.01173	0.01165	0.00835	0.00570	0.00472	0.00142	0.00511	0.00430	0.00472	0.00799
39	0.01369	0.12449	0.01329	0.01013	0.01282	0.29625	0.00799	0.02066	0.37903	0.01564	0.04913	0.01385	0.01172	0.00569	0.00440	0.00138	0.00552	0.00429	0.00361	0.00643
40	0.00574	0.00413	0.00544	0.00648	0.00682	0.00384	0.00434	0.00657	0.00911	0.01207	0.02698	0.79527	0.06649	0.01464	0.00600	0.00190	0.00272	0.01325	0.00438	0.00384
41	0.00656	0.00453	0.00514	0.00529	0.00551	0.00440	0.00314	0.00681	0.00760	0.00995	0.02018	0.13924	0.11077	0.62903	0.01945	0.00387	0.00407	0.00809	0.00324	0.00312
42	0.00892	0.00466	0.00468	0.00463	0.00580	0.00473	0.00349	0.01163	0.04587	0.01768	0.01556	0.01758	0.01219	0.00553	0.00336	0.00112	0.00227	0.00444	0.82133	0.00454
43	0.00673	0.00452	0.00518	0.00531	0.00534	0.00448	0.00303	0.00682	0.00711	0.00948	0.01616	0.12431	0.01878	0.73860	0.02190	0.00426	0.00436	0.00762	0.00303	0.00297
44	0.01990	0.00830	0.01090	0.00855	0.01207	0.00757	0.00700	0.02326	0.11785	0.70305	0.01868	0.01625	0.01203	0.00591	0.00475	0.00148	0.00397	0.00482	0.00570	0.00795
45	0.00877	0.00585	0.00712	0.00639	0.00789	0.00571	0.00491	0.10077	0.01392	0.04707	0.57822	0.02942	0.03479	0.00849	0.00513	0.00142	0.00263	0.00735	0.11917	0.00498
46	0.01011	0.00902	0.01414	0.71471	0.03009	0.01103	0.01254	0.11564	0.01113	0.01440	0.00877	0.01240	0.00652	0.00484	0.00471	0.00155	0.00614	0.00420	0.00244	0.00561
47	0.12631	0.01058	0.01249	0.01046	0.01350	0.01186	0.09840	0.09244	0.52863	0.02029	0.01566	0.01512	0.01173	0.00578	0.00463	0.00156	0.00435	0.00489	0.00426	0.00707
48	0.01186	0.00939	0.10355	0.00882	0.01208	0.00716	0.05768	0.01523	0.07305	0.22128	0.21538	0.06390	0.02980	0.00676	0.00486	0.00139	0.00396	0.00588	0.00433	0.14363

[dist]
# distance from previous block
# <min> <max>
0	2

[block]
# block no. 3 follows, 54 sequences, length 14
# corresponding to MSA columns:
# 256-269
name=unknown_D
#
# <colnr> <probs for GDERKNQSTAVLIFYWHMCP>
#	G	D	E	R	K	N	Q	S	T	A	V	L	I	F	Y	W	H	M	C	P
0	0.01216	0.01159	0.02115	0.01576	0.01944	0.01186	0.45436	0.05467	0.13016	0.07509	0.01130	0.01326	0.00850	0.00511	0.00660	0.00162	0.11382	0.00515	0.00309	0.02533
1	0.61902	0.00990	0.01057	0.00858	0.01184	0.01094	0.10803	0.07917	0.03131	0.06069	0.00830	0.00932	0.00620	0.00456	0.00356	0.00148	0.00436	0.00327	0.00320	0.00572
2	0.51815	0.00894	0.00854	0.00726	0.01035	0.00970	0.00593	0.01788	0.11275	0.24171	0.01159	0.01131	0.00816	0.00505	0.00368	0.00148	0.00376	0.00353	0.00398	0.00623
3	0.01167	0.01120	0.01914	0.02894	0.80488	0.01120	0.01447	0.01447	0.01074	0.01540	0.00887	0.01167	0.00747	0.00420	0.00467	0.00140	0.00560	0.00420	0.00233	0.00747
4	0.00574	0.00410	0.00547	0.00657	0.00684	0.00383	0.00438	0.00657	0.00903	0.01204	0.02599	0.83122	0.03119	0.01477	0.00602	0.00191	0.00274	0.01340	0.00438	0.00383
5	0.01002	0.00988	0.01387	0.01198	0.01205	0.01373	0.00995	0.01110	0.00725	0.01131	0.00672	0.01100	0.00665	0.01050	0.08191	0.00252	0.75815	0.00420	0.00210	0.00508
6	0.00579	0.00478	0.00507	0.00500	0.00650	0.00407	0.00375	0.00718	0.01125	0.01394	0.19473	0.04340	0.65525	0.01149	0.00557	0.00157	0.00236	0.00967	0.00454	0.00407
7	0.00580	0.00479	0.00509	0.00501	0.00651	0.00408	0.00376	0.00720	0.01128	0.01400	0.20274	0.04329	0.64721	0.01147	0.00557	0.00157	0.00235	0.00966	0.00455	0.00408
8	0.00946	0.02439	0.80987	0.01344	0.02041	0.01095	0.01742	0.01493	0.00995	0.01493	0.00846	0.00995	0.00597	0.00448	0.00448	0.00149	0.00697	0.00348	0.00199	0.00697
9	0.00697	0.00517	0.00656	0.00632	0.00745	0.00497	0.00469	0.00993	0.07780	0.01808	0.63573	0.13795	0.04025	0.01004	0.00556	0.00155	0.00242	0.00890	0.00505	0.00462
10	0.80349	0.00880	0.00688	0.00618	0.00896	0.01012	0.00506	0.01349	0.00842	0.02099	0.06582	0.00971	0.00804	0.00477	0.00311	0.00146	0.00354	0.00300	0.00309	0.00506
11	0.01224	0.01147	0.02119	0.12196	0.02213	0.03112	0.46169	0.01717	0.12751	0.10645	0.01180	0.01370	0.00860	0.00467	0.00521	0.00156	0.00667	0.00519	0.00310	0.00655
12	0.01144	0.00928	0.01030	0.00827	0.01170	0.00902	0.00655	0.06850	0.33254	0.04313	0.01353	0.01351	0.01039	0.00496	0.00414	0.00115	0.00368	0.00404	0.03016	0.40374
13	0.00958	0.00815	0.00956	0.00692	0.01091	0.00617	0.00551	0.01168	0.01001	0.01559	0.05908	0.01140	0.00938	0.00388	0.00362	0.00075	0.00341	0.00316	0.00295	0.80829

[dist]
# distance from previous block
# <min> <max>
0	1

[block]
# block no. 4 follows, 54 sequences, length 18
# corresponding to MSA columns:
# 271-288
name=unknown_E
#
# <colnr> <probs for GDERKNQSTAVLIFYWHMCP>
#	G	D	E	R	K	N	Q	S	T	A	V	L	I	F	Y	W	H	M	C	P
0	0.01575	0.00974	0.01083	0.04394	0.01274	0.07461	0.00735	0.06746	0.23332	0.34539	0.11154	0.01774	0.01548	0.00631	0.00481	0.00148	0.00425	0.00517	0.00496	0.00711
1	0.71322	0.02934	0.00829	0.00750	0.03729	0.02763	0.00582	0.01512	0.08798	0.02037	0.00794	0.00882	0.00617	0.00458	0.00320	0.00146	0.00386	0.00290	0.00306	0.00546
2	0.01761	0.02247	0.01336	0.01215	0.01458	0.81537	0.00911	0.01883	0.01336	0.01154	0.00729	0.00850	0.00607	0.00486	0.00425	0.00121	0.00850	0.00304	0.00243	0.00547
3	0.01232	0.01233	0.02083	0.01628	0.05224	0.09252	0.43299	0.01553	0.03547	0.08663	0.02620	0.02823	0.02775	0.00536	0.00658	0.00160	0.11277	0.00528	0.00287	0.00621
4	0.01147	0.00883	0.01060	0.00775	0.01178	0.00724	0.02265	0.09132	0.01135	0.08159	0.00995	0.02964	0.00804	0.00418	0.00382	0.00088	0.00378	0.00341	0.00327	0.66846
5	0.00674	0.00454	0.00528	0.00539	0.00545	0.00455	0.00314	0.00689	0.00711	0.00951	0.01589	0.11126	0.01834	0.71782	0.05548	0.00443	0.00472	0.00744	0.00300	0.00301
6	0.01077	0.00854	0.01035	0.00862	0.04447	0.00763	0.01914	0.10287	0.07649	0.04897	0.12810	0.03740	0.03312	0.00552	0.00429	0.00110	0.00366	0.00465	0.00371	0.44062
7	0.01167	0.01120	0.01914	0.02894	0.80488	0.01120	0.01447	0.01447	0.01074	0.01540	0.00887	0.01167	0.00747	0.00420	0.00467	0.00140	0.00560	0.00420	0.00233	0.00747
8	0.01167	0.01120	0.01914	0.02894	0.80488	0.01120	0.01447	0.01447	0.01074	0.01540	0.00887	0.01167	0.00747	0.00420	0.00467	0.00140	0.00560	0.00420	0.00233	0.00747
9	0.01857	0.01078	0.01225	0.00976	0.01318	0.10306	0.04108	0.10403	0.13016	0.48147	0.01620	0.01475	0.01084	0.00571	0.00473	0.00145	0.00479	0.00461	0.00502	0.00757
10	0.00667	0.00482	0.00630	0.00593	0.00704	0.00445	0.00445	0.00890	0.01335	0.01891	0.80239	0.03522	0.04449	0.00964	0.00556	0.00148	0.00222	0.00853	0.00519	0.00445
11	0.01239	0.78017	0.07973	0.00844	0.01268	0.01812	0.00872	0.01418	0.00961	0.01136	0.00669	0.00773	0.00605	0.00407	0.00313	0.00104	0.00518	0.00259	0.00202	0.00612
12	0.00730	0.00503	0.00668	0.00650	0.00769	0.00470	0.00509	0.00950	0.01291	0.04328	0.63825	0.03782	0.04034	0.01012	0.00571	0.00161	0.00266	0.14520	0.00506	0.00454
13	0.00724	0.00500	0.00557	0.00549	0.00570	0.00513	0.00322	0.00827	0.06828	0.00997	0.01519	0.02982	0.01693	0.76989	0.02250	0.00434	0.00451	0.00674	0.00301	0.00322
14	0.00686	0.00457	0.00514	0.00514	0.00514	0.00457	0.00286	0.00686	0.00686	0.00914	0.01486	0.03086	0.01714	0.83430	0.02400	0.00457	0.00457	0.00686	0.00286	0.00286
