[name]
unknown

[dist]
# distance from previous block
# <min> <max>
0	288

[block]
# block no. 0 follows, 61 sequences, length 10
# corresponding to MSA columns:
# 776-785
name=unknown_A
#
# <colnr> <probs for GDERKNQSTAVLIFYWHMCP>
#	G	D	E	R	K	N	Q	S	T	A	V	L	I	F	Y	W	H	M	C	P
0	0.03830	0.06639	0.04402	0.02606	0.07971	0.09215	0.00720	0.06895	0.11507	0.07403	0.03308	0.09149	0.06561	0.02083	0.00492	0.02245	0.00421	0.06639	0.00333	0.07582
1	0.04014	0.03457	0.08399	0.02579	0.13992	0.08967	0.04845	0.13903	0.06142	0.07526	0.06687	0.02990	0.04923	0.00526	0.00441	0.00127	0.02147	0.00434	0.00317	0.07582
2	0.05949	0.04239	0.04032	0.07026	0.10549	0.11546	0.04666	0.05315	0.08715	0.07138	0.07657	0.05791	0.04918	0.01945	0.02450	0.00149	0.00475	0.01672	0.00314	0.05456
3	0.06210	0.07327	0.07757	0.01044	0.09469	0.10063	0.02997	0.11827	0.10059	0.04387	0.04590	0.02997	0.04452	0.05059	0.00518	0.00140	0.01973	0.00421	0.00306	0.08405
4	0.03147	0.02900	0.07700	0.03141	0.11698	0.10417	0.13718	0.13525	0.04681	0.04635	0.03547	0.01376	0.03875	0.00500	0.00447	0.00129	0.01870	0.03717	0.00294	0.08682
5	0.05662	0.09205	0.07938	0.03139	0.10406	0.11514	0.08782	0.07729	0.05187	0.05454	0.05386	0.01324	0.06414	0.00496	0.00427	0.00124	0.02105	0.00408	0.00286	0.08012
6	0.03425	0.09118	0.06706	0.04920	0.20255	0.03394	0.08041	0.04020	0.03792	0.02707	0.09298	0.02783	0.04018	0.04113	0.06311	0.00184	0.05641	0.00460	0.00268	0.00545
7	0.01177	0.53130	0.06505	0.00935	0.05553	0.10219	0.03325	0.01377	0.02894	0.04551	0.04392	0.00921	0.00763	0.00414	0.00333	0.00105	0.00494	0.00297	0.00226	0.02387
8	0.00883	0.02113	0.74878	0.01363	0.09561	0.01003	0.01566	0.01360	0.00916	0.01368	0.00777	0.00924	0.00559	0.00407	0.00411	0.00136	0.00625	0.00325	0.00185	0.00641
9	0.00615	0.00462	0.00692	0.00692	0.00769	0.00538	0.00538	0.00769	0.00692	0.01000	0.01154	0.01692	0.01077	0.03231	0.83154	0.00692	0.01154	0.00462	0.00231	0.00385

[dist]
# distance from previous block
# <min> <max>
7	12

[block]
# block no. 1 follows, 61 sequences, length 31
# corresponding to MSA columns:
# 801-831
name=unknown_B
#
# <colnr> <probs for GDERKNQSTAVLIFYWHMCP>
#	G	D	E	R	K	N	Q	S	T	A	V	L	I	F	Y	W	H	M	C	P
0	0.00810	0.00816	0.04715	0.73087	0.02734	0.00934	0.01154	0.01127	0.03481	0.01135	0.00927	0.01265	0.03333	0.00515	0.02148	0.00155	0.00569	0.00403	0.00207	0.00486
1	0.01567	0.02006	0.04695	0.01105	0.01350	0.74954	0.00861	0.04494	0.02990	0.01142	0.00707	0.00810	0.00577	0.00448	0.00392	0.00113	0.00751	0.00288	0.00232	0.00517
2	0.01100	0.00910	0.00972	0.00861	0.01115	0.01030	0.00672	0.02227	0.74375	0.05230	0.01707	0.01569	0.01274	0.00570	0.00433	0.00142	0.00341	0.00474	0.00434	0.04563
3	0.00690	0.00462	0.00577	0.00535	0.00665	0.00414	0.00406	0.00868	0.01165	0.07907	0.57723	0.03295	0.21864	0.00902	0.00502	0.00138	0.00219	0.00782	0.00462	0.00422
4	0.87904	0.00833	0.00633	0.00566	0.00833	0.00966	0.00467	0.01266	0.00733	0.01933	0.00600	0.00700	0.00467	0.00400	0.00267	0.00133	0.00333	0.00233	0.00267	0.00467
5	0.01504	0.12186	0.04096	0.01135	0.04872	0.66806	0.00868	0.01638	0.01157	0.01075	0.00668	0.00783	0.00560	0.00431	0.00377	0.00110	0.00722	0.00278	0.00216	0.00519
6	0.00532	0.00437	0.00469	0.00461	0.00596	0.00374	0.00346	0.00663	0.01037	0.01294	0.22261	0.03931	0.64021	0.01042	0.00509	0.00143	0.00215	0.00879	0.00417	0.00374
7	0.00893	0.00766	0.00893	0.00638	0.01021	0.00574	0.00510	0.01085	0.00893	0.01404	0.00766	0.00893	0.00638	0.00319	0.00319	0.00064	0.00319	0.00255	0.00255	0.87495
8	0.00673	0.00495	0.00687	0.00803	0.03597	0.00486	0.00649	0.00853	0.00979	0.01276	0.04689	0.13540	0.07953	0.01165	0.00576	0.00188	0.00366	0.60234	0.00393	0.00399
9	0.05838	0.03036	0.01301	0.01453	0.25018	0.24490	0.02056	0.01265	0.00914	0.01159	0.00702	0.00973	0.00621	0.00639	0.00771	0.13752	0.14961	0.00341	0.00210	0.00500
10	0.00736	0.00374	0.00558	0.00563	0.00565	0.00373	0.00376	0.00563	0.00575	0.00767	0.00836	0.05803	0.00862	0.01489	0.01622	0.82756	0.00367	0.00420	0.00199	0.00196
11	0.00615	0.00462	0.00692	0.00692	0.00769	0.00538	0.00538	0.00769	0.00692	0.01000	0.01154	0.01692	0.01077	0.03231	0.83154	0.00692	0.01154	0.00462	0.00231	0.00385
12	0.01203	0.59588	0.03207	0.04570	0.03015	0.15423	0.00797	0.01410	0.05282	0.01081	0.00687	0.00787	0.00598	0.00397	0.00316	0.00102	0.00517	0.00264	0.00205	0.00552
13	0.02583	0.26054	0.50110	0.01063	0.01576	0.09178	0.01252	0.01376	0.00927	0.01243	0.00709	0.00830	0.00547	0.00401	0.00366	0.00121	0.00594	0.00287	0.00188	0.00596
14	0.00650	0.00479	0.00707	0.00697	0.00772	0.00558	0.00540	0.00795	0.00698	0.02488	0.01155	0.01718	0.01084	0.06893	0.75393	0.00654	0.03629	0.00466	0.00236	0.00388
15	0.01038	0.19902	0.07417	0.02669	0.23509	0.02752	0.03361	0.03174	0.03781	0.01347	0.00783	0.00935	0.00648	0.00374	0.00361	0.00102	0.00457	0.00311	0.00230	0.26849
16	0.00942	0.00942	0.01319	0.01131	0.01131	0.01319	0.00942	0.01037	0.00660	0.01037	0.00565	0.00942	0.00565	0.00754	0.01414	0.00188	0.84073	0.00377	0.00188	0.00471
17	0.00544	0.00432	0.00515	0.00523	0.00629	0.00381	0.01630	0.00664	0.00980	0.01253	0.18916	0.25247	0.42694	0.02910	0.00556	0.00157	0.00236	0.00955	0.00409	0.00370
18	0.87904	0.00833	0.00633	0.00566	0.00833	0.00966	0.00467	0.01266	0.00733	0.01933	0.00600	0.00700	0.00467	0.00400	0.00267	0.00133	0.00333	0.00233	0.00267	0.00467
19	0.00615	0.00462	0.00692	0.00692	0.00769	0.00538	0.00538	0.00769	0.00692	0.01000	0.01154	0.01692	0.01077	0.03231	0.83154	0.00692	0.01154	0.00462	0.00231	0.00385
20	0.01210	0.71311	0.02077	0.00791	0.01136	0.12539	0.00748	0.01380	0.03538	0.01045	0.00645	0.00732	0.00578	0.00386	0.00297	0.00096	0.00499	0.00245	0.00198	0.00550
21	0.00701	0.00388	0.00556	0.00578	0.00590	0.00385	0.00388	0.00613	0.02608	0.00860	0.01172	0.21756	0.01278	0.01438	0.01375	0.63899	0.00343	0.00586	0.00245	0.00239
22	0.02575	0.66501	0.16854	0.00830	0.01245	0.01554	0.00890	0.03281	0.00908	0.01135	0.00641	0.00739	0.00555	0.00380	0.00304	0.00102	0.00491	0.00250	0.00191	0.00571
23	0.75829	0.00819	0.00685	0.00595	0.00870	0.00920	0.00490	0.01383	0.00803	0.13245	0.00754	0.00807	0.00551	0.00419	0.00290	0.00133	0.00338	0.00261	0.00304	0.00504
24	0.01129	0.02939	0.05711	0.11225	0.52923	0.16054	0.01220	0.01372	0.01006	0.01299	0.00773	0.01007	0.00638	0.00401	0.00416	0.00126	0.00572	0.00358	0.00210	0.00621
25	0.01018	0.00993	0.01741	0.13580	0.58672	0.01003	0.10387	0.01288	0.00965	0.01362	0.00809	0.01081	0.00662	0.00385	0.00432	0.00129	0.00537	0.00392	0.00213	0.04351
26	0.00513	0.00434	0.00444	0.00447	0.00586	0.00365	0.00333	0.00624	0.00984	0.01181	0.07011	0.07330	0.76095	0.01094	0.00511	0.00146	0.00219	0.00917	0.00403	0.00365
27	0.02257	0.00483	0.00578	0.00590	0.00719	0.00439	0.00453	0.02090	0.00971	0.05631	0.06467	0.24594	0.31063	0.02085	0.00537	0.00161	0.00281	0.15557	0.00399	0.04646
28	0.01049	0.01006	0.01717	0.08201	0.76753	0.01019	0.01313	0.01307	0.00973	0.01386	0.00807	0.01072	0.00675	0.00387	0.00427	0.00129	0.00516	0.00384	0.00212	0.00668
29	0.00914	0.00761	0.00883	0.00640	0.01008	0.00587	0.00512	0.03502	0.00939	0.02898	0.00985	0.01083	0.05040	0.00371	0.00335	0.00071	0.00319	0.00298	0.00273	0.78581
30	0.01025	0.02617	0.24522	0.01215	0.11667	0.04219	0.09472	0.02288	0.00977	0.08053	0.01015	0.04022	0.03003	0.00441	0.00405	0.00116	0.00499	0.00386	0.00257	0.23801

[dist]
# distance from previous block
# <min> <max>
0	3

[block]
# block no. 2 follows, 61 sequences, length 110
# corresponding to MSA columns:
# 835-859,867-883,891-899,920-955,958-967,1021-1033
name=unknown_C
#
# <colnr> <probs for GDERKNQSTAVLIFYWHMCP>
#	G	D	E	R	K	N	Q	S	T	A	V	L	I	F	Y	W	H	M	C	P
0	0.01082	0.01049	0.01745	0.08356	0.35596	0.03852	0.20793	0.02453	0.10387	0.04087	0.00945	0.01155	0.00743	0.00436	0.00504	0.00139	0.05377	0.00424	0.00251	0.00625
1	0.65264	0.00826	0.00813	0.16324	0.01278	0.00964	0.02406	0.01267	0.03534	0.01749	0.00701	0.00887	0.00550	0.00423	0.00314	0.00137	0.00389	0.01438	0.00259	0.00478
2	0.01147	0.79987	0.02179	0.00746	0.01106	0.01666	0.00734	0.01351	0.05785	0.01062	0.00669	0.00747	0.00599	0.00382	0.00286	0.00095	0.00453	0.00246	0.00200	0.00561
3	0.01058	0.01271	0.15495	0.01481	0.03392	0.04092	0.45338	0.01441	0.05496	0.07726	0.01044	0.06188	0.00832	0.00469	0.00501	0.00144	0.02686	0.00498	0.00259	0.00590
4	0.00519	0.00396	0.00478	0.00544	0.00610	0.00355	0.00375	0.00606	0.00878	0.01121	0.03050	0.57274	0.29719	0.01262	0.00536	0.00165	0.00239	0.01117	0.00400	0.00355
5	0.01121	0.76188	0.10919	0.00790	0.01187	0.01629	0.00829	0.01298	0.00879	0.01051	0.00618	0.00715	0.00552	0.00373	0.00291	0.00097	0.00480	0.00240	0.00184	0.00562
6	0.01179	0.22540	0.18653	0.01072	0.06240	0.27143	0.00954	0.03183	0.02941	0.01197	0.02648	0.01039	0.00743	0.02524	0.04906	0.00154	0.00628	0.01484	0.00223	0.00547
7	0.00626	0.00418	0.00470	0.00470	0.00470	0.00418	0.00261	0.00626	0.00626	0.00835	0.01357	0.02819	0.01566	0.84862	0.02192	0.00418	0.00418	0.00626	0.00261	0.00261
8	0.00533	0.00383	0.00507	0.00603	0.00636	0.00357	0.00412	0.00615	0.00839	0.01111	0.02442	0.77781	0.05697	0.01332	0.00551	0.00175	0.00256	0.05018	0.00400	0.00353
9	0.01059	0.04094	0.05588	0.19466	0.49109	0.01064	0.03030	0.08832	0.01048	0.01450	0.00814	0.01061	0.00652	0.00407	0.00423	0.00131	0.00530	0.00378	0.00227	0.00635
10	0.00942	0.00901	0.01544	0.42067	0.41996	0.00993	0.02944	0.01216	0.00924	0.01258	0.00790	0.01108	0.00629	0.00406	0.00430	0.00136	0.00547	0.00386	0.00203	0.00581
11	0.00666	0.00474	0.00612	0.00679	0.00788	0.00458	0.00577	0.00846	0.00986	0.01303	0.04332	0.04371	0.18351	0.01098	0.00548	0.00177	0.00338	0.54345	0.08661	0.00391
12	0.00884	0.02201	0.80507	0.01222	0.01851	0.01009	0.01571	0.03435	0.00939	0.01399	0.00780	0.00913	0.00551	0.00412	0.00410	0.00136	0.00632	0.00320	0.00188	0.00639
13	0.01207	0.75134	0.02133	0.00782	0.01133	0.11494	0.00749	0.01342	0.00917	0.01018	0.00607	0.00701	0.00553	0.00378	0.00290	0.00094	0.00499	0.00236	0.00189	0.00546
14	0.00893	0.00766	0.00893	0.00638	0.01021	0.00574	0.00510	0.01085	0.00893	0.01404	0.00766	0.00893	0.00638	0.00319	0.00319	0.00064	0.00319	0.00255	0.00255	0.87495
15	0.01279	0.45991	0.11399	0.00927	0.01275	0.30366	0.00872	0.01451	0.01001	0.01069	0.00643	0.00747	0.00553	0.00400	0.00332	0.00104	0.00593	0.00257	0.00197	0.00544
16	0.00625	0.00423	0.00499	0.00499	0.00509	0.00433	0.00297	0.00645	0.00635	0.00857	0.01331	0.02671	0.01502	0.74140	0.12826	0.00454	0.00514	0.00605	0.00257	0.00277
17	0.00745	0.00375	0.00559	0.00559	0.00559	0.00375	0.00372	0.00563	0.00563	0.00750	0.00762	0.01344	0.00767	0.03405	0.01695	0.85474	0.00375	0.00380	0.00189	0.00189
18	0.00850	0.00776	0.01295	0.77375	0.04394	0.00963	0.01176	0.01127	0.00866	0.03115	0.00783	0.01148	0.00588	0.00443	0.00464	0.00145	0.03419	0.00384	0.00200	0.00489
19	0.01102	0.00941	0.00991	0.00883	0.01132	0.01086	0.00689	0.06534	0.77102	0.01851	0.01714	0.01576	0.01283	0.00581	0.00438	0.00145	0.00348	0.00482	0.00438	0.00685
20	0.00589	0.00440	0.00547	0.00520	0.00631	0.00398	0.00390	0.00773	0.01171	0.01613	0.66149	0.03407	0.19934	0.00923	0.00508	0.00138	0.00206	0.00806	0.00459	0.00398
21	0.00985	0.00941	0.01605	0.22650	0.54760	0.00988	0.04189	0.01273	0.02777	0.01351	0.03761	0.01180	0.00791	0.00417	0.00434	0.00133	0.00520	0.00405	0.00223	0.00618
22	0.01152	0.85121	0.02257	0.00737	0.01106	0.01704	0.00737	0.01290	0.00875	0.01013	0.00599	0.00691	0.00553	0.00369	0.00276	0.00092	0.00461	0.00230	0.00184	0.00553
23	0.00913	0.00763	0.00890	0.00665	0.01010	0.00618	0.00528	0.06151	0.02664	0.01464	0.00916	0.06107	0.00809	0.00495	0.03026	0.00097	0.00352	0.00335	0.00278	0.71919
24	0.01016	0.01096	0.02258	0.01673	0.03573	0.01048	0.66080	0.04284	0.04990	0.01440	0.01030	0.02587	0.00836	0.00446	0.00507	0.00148	0.00666	0.05493	0.00250	0.00578
25	0.01071	0.00925	0.00974	0.00877	0.01120	0.01071	0.00682	0.02289	0.81396	0.01802	0.01753	0.01607	0.01315	0.00584	0.00438	0.00146	0.00341	0.00487	0.00438	0.00682
26	0.85780	0.00831	0.00642	0.00571	0.00840	0.00958	0.00471	0.01287	0.00745	0.03923	0.00627	0.00719	0.00481	0.00403	0.00271	0.00133	0.00334	0.00238	0.00273	0.00473
27	0.01070	0.01130	0.02431	0.02854	0.02191	0.01060	0.74666	0.01420	0.01028	0.06321	0.00921	0.01180	0.00678	0.00374	0.00503	0.00144	0.00702	0.00502	0.00237	0.00589
28	0.01175	0.58164	0.11113	0.03901	0.03123	0.13991	0.00878	0.01358	0.00934	0.01071	0.00640	0.00754	0.00556	0.00387	0.00317	0.00103	0.00534	0.00256	0.00191	0.00554
29	0.00600	0.00440	0.00562	0.00532	0.00638	0.00402	0.00399	0.00794	0.01197	0.01674	0.74547	0.03306	0.11499	0.00901	0.00508	0.00136	0.00205	0.00791	0.00467	0.00402
30	0.00596	0.00450	0.00572	0.03596	0.00714	0.00418	0.00417	0.00779	0.01144	0.01569	0.61116	0.04331	0.19464	0.02298	0.00534	0.00143	0.00224	0.00793	0.00444	0.00397
31	0.00525	0.00375	0.00500	0.00600	0.00625	0.00350	0.00400	0.00600	0.00825	0.01100	0.02374	0.84580	0.02849	0.01350	0.00550	0.00175	0.00250	0.01225	0.00400	0.00350
32	0.03007	0.01119	0.01165	0.00935	0.02113	0.04692	0.00751	0.54196	0.11850	0.04445	0.01119	0.01122	0.00815	0.00507	0.00414	0.00125	0.00442	0.00387	0.04813	0.05985
33	0.01210	0.42302	0.26063	0.02894	0.06798	0.05162	0.01082	0.01436	0.00998	0.04485	0.00839	0.00995	0.00694	0.00470	0.00394	0.00132	0.00565	0.00321	0.00244	0.02917
34	0.01342	0.09324	0.24913	0.03075	0.10961	0.06719	0.02972	0.03691	0.02154	0.27839	0.01078	0.01104	0.00753	0.00449	0.00408	0.00128	0.00515	0.00362	0.00315	0.01898
35	0.01119	0.79957	0.02155	0.00725	0.01077	0.01625	0.00717	0.01261	0.00896	0.01057	0.05559	0.00845	0.00767	0.00400	0.00291	0.00095	0.00445	0.00264	0.00202	0.00544
36	0.00537	0.00429	0.00480	0.00485	0.00603	0.00373	0.00357	0.00665	0.01021	0.01298	0.23746	0.14719	0.51625	0.01072	0.00514	0.00147	0.00219	0.00919	0.00419	0.00373
37	0.05682	0.22881	0.27255	0.08392	0.05559	0.05179	0.13209	0.01365	0.00936	0.04647	0.00769	0.00926	0.00591	0.00399	0.00386	0.00125	0.00573	0.00332	0.00211	0.00583
38	0.00591	0.00432	0.00542	0.00607	0.00664	0.00411	0.00418	0.05488	0.00914	0.01204	0.02490	0.71503	0.10576	0.01273	0.00539	0.00169	0.00260	0.01142	0.00402	0.00375
39	0.00516	0.00433	0.00449	0.00453	0.00588	0.00365	0.00337	0.00629	0.00986	0.01194	0.08967	0.09257	0.72162	0.01095	0.00512	0.00147	0.00219	0.00921	0.00405	0.00365
40	0.00975	0.01009	0.06849	0.09626	0.31558	0.00958	0.14506	0.01392	0.12834	0.02767	0.05498	0.06374	0.01073	0.00512	0.00472	0.00140	0.02090	0.00489	0.00274	0.00604
41	0.00823	0.00780	0.01330	0.80367	0.04487	0.00961	0.03023	0.01111	0.00867	0.01113	0.00769	0.01147	0.00578	0.00428	0.00432	0.00143	0.00576	0.00386	0.00192	0.00485
42	0.00523	0.00421	0.00467	0.00498	0.00606	0.00365	0.00362	0.00628	0.00944	0.01165	0.05798	0.26889	0.54827	0.01162	0.00524	0.00155	0.00233	0.03671	0.00402	0.00362
43	0.02866	0.02633	0.12616	0.09018	0.11747	0.07400	0.34875	0.01336	0.00992	0.02903	0.02066	0.01352	0.00802	0.00457	0.00476	0.00142	0.01713	0.05803	0.00232	0.00569
44	0.02536	0.02593	0.07061	0.04440	0.22281	0.05376	0.06063	0.25364	0.01343	0.17140	0.01032	0.01104	0.00743	0.00457	0.00427	0.00130	0.00508	0.00388	0.00337	0.00675
45	0.20651	0.01067	0.01643	0.04739	0.03017	0.03473	0.33092	0.14846	0.01113	0.05904	0.00851	0.01026	0.00635	0.00436	0.00484	0.00140	0.05627	0.00400	0.00278	0.00577
46	0.00957	0.00917	0.01567	0.25706	0.44274	0.00991	0.06141	0.01210	0.00921	0.01276	0.00858	0.01281	0.00735	0.02538	0.00543	0.00147	0.05632	0.03508	0.00214	0.00583
47	0.00615	0.00563	0.00527	0.00517	0.00655	0.06949	0.00385	0.00740	0.01035	0.01252	0.17810	0.07647	0.57754	0.01015	0.00501	0.00142	0.00261	0.00851	0.00399	0.00381
48	0.00893	0.00766	0.00893	0.00638	0.01021	0.00574	0.00510	0.01085	0.00893	0.01404	0.00766	0.00893	0.00638	0.00319	0.00319	0.00064	0.00319	0.00255	0.00255	0.87495
49	0.01246	0.68272	0.02051	0.00807	0.01152	0.14284	0.00756	0.05141	0.00983	0.01101	0.00630	0.00721	0.00562	0.00387	0.00301	0.00097	0.00510	0.00245	0.00202	0.00553
50	0.02876	0.03169	0.11158	0.00990	0.07256	0.00791	0.06288	0.09371	0.01160	0.21140	0.15116	0.01528	0.02740	0.00523	0.00424	0.00122	0.00410	0.00447	0.00364	0.14127
51	0.01163	0.10085	0.16617	0.03008	0.02393	0.06959	0.13496	0.11800	0.21677	0.04994	0.02835	0.01192	0.00884	0.00474	0.00424	0.00133	0.00523	0.00405	0.00310	0.00629
52	0.00707	0.00564	0.00740	0.00691	0.00708	0.00680	0.00499	0.00765	0.00649	0.00924	0.01106	0.02083	0.01198	0.45113	0.19607	0.00417	0.22444	0.00525	0.00235	0.00343
53	0.01160	0.68435	0.11252	0.00823	0.01211	0.07476	0.00842	0.02599	0.00922	0.01083	0.00630	0.00727	0.00555	0.00381	0.00302	0.00099	0.00503	0.00246	0.00191	0.00561
54	0.00962	0.21231	0.58341	0.01133	0.01691	0.01158	0.05225	0.01365	0.00914	0.03148	0.00759	0.00884	0.00565	0.00400	0.00384	0.00127	0.00594	0.00310	0.00192	0.00617
55	0.00661	0.00486	0.00713	0.00702	0.00785	0.00565	0.00546	0.00836	0.02550	0.02836	0.01173	0.01693	0.01082	0.04648	0.76345	0.00653	0.02622	0.00463	0.00242	0.00398
56	0.03784	0.01143	0.19253	0.01078	0.04357	0.00814	0.11725	0.02917	0.01965	0.46517	0.01312	0.01263	0.00864	0.00474	0.00434	0.00135	0.00481	0.00411	0.00392	0.00682
57	0.00893	0.00766	0.00893	0.00638	0.01021	0.00574	0.00510	0.01085	0.00893	0.01404	0.00766	0.00893	0.00638	0.00319	0.00319	0.00064	0.00319	0.00255	0.00255	0.87495
58	0.00745	0.00375	0.00559	0.00559	0.00559	0.00375	0.00372	0.00563	0.00563	0.00750	0.00762	0.01343	0.00767	0.03379	0.01695	0.85502	0.00375	0.00380	0.00189	0.00189
59	0.00554	0.00438	0.00499	0.00484	0.00610	0.00383	0.00363	0.00706	0.01089	0.01418	0.39347	0.03727	0.46858	0.00996	0.00509	0.00141	0.00211	0.00850	0.00433	0.00383
60	0.00939	0.19466	0.64726	0.01119	0.01695	0.01142	0.01400	0.01359	0.00907	0.02453	0.00750	0.00872	0.00555	0.00403	0.00382	0.00127	0.00596	0.00302	0.00187	0.00621
61	0.00744	0.00377	0.00566	0.00566	0.00568	0.00380	0.00380	0.00568	0.00566	0.00757	0.00762	0.01323	0.00760	0.01556	0.04498	0.84470	0.00401	0.00377	0.00189	0.00194
62	0.00626	0.00418	0.00470	0.00470	0.00470	0.00418	0.00261	0.00626	0.00626	0.00835	0.01357	0.02819	0.01566	0.84862	0.02192	0.00418	0.00418	0.00626	0.00261	0.00261
63	0.01209	0.00994	0.01052	0.00905	0.01173	0.01136	0.00715	0.21396	0.62064	0.02024	0.01578	0.01468	0.01173	0.00568	0.00437	0.00142	0.00373	0.00463	0.00437	0.00694
64	0.06772	0.01146	0.01266	0.11592	0.04274	0.03670	0.00863	0.60687	0.01739	0.02367	0.00955	0.01022	0.00689	0.00492	0.00419	0.00131	0.00488	0.00374	0.00377	0.00675
65	0.00894	0.08896	0.68892	0.01227	0.02702	0.01053	0.06242	0.01349	0.00919	0.01343	0.02203	0.00949	0.00617	0.00411	0.00406	0.00133	0.00619	0.00331	0.00190	0.00623
66	0.00610	0.00440	0.00576	0.00542	0.00644	0.00406	0.00406	0.00813	0.01219	0.01727	0.81947	0.03218	0.04064	0.00881	0.00508	0.00135	0.00203	0.00779	0.00474	0.00406
67	0.00732	0.01074	0.28657	0.00917	0.01193	0.00652	0.00966	0.01020	0.00946	0.01294	0.01802	0.11641	0.02886	0.00938	0.00526	0.00174	0.00461	0.43322	0.00324	0.00473
68	0.01214	0.01125	0.06497	0.04762	0.50783	0.05005	0.05572	0.07462	0.01095	0.10932	0.00924	0.01095	0.00711	0.00416	0.00429	0.00130	0.00526	0.00388	0.00265	0.00668
69	0.00868	0.00669	0.00795	0.00797	0.00953	0.00726	0.00647	0.01471	0.34127	0.03332	0.03964	0.05107	0.01959	0.06024	0.00621	0.00187	0.00366	0.36462	0.00411	0.00513
70	0.00893	0.00766	0.00893	0.00638	0.01021	0.00574	0.00510	0.01085	0.00893	0.01404	0.00766	0.00893	0.00638	0.00319	0.00319	0.00064	0.00319	0.00255	0.00255	0.87495
71	0.00534	0.00407	0.00491	0.00534	0.00613	0.00364	0.00376	0.00643	0.00946	0.01230	0.16770	0.43136	0.30039	0.01181	0.00529	0.00158	0.00231	0.01040	0.00413	0.00364
72	0.00860	0.00811	0.01369	0.65434	0.19044	0.00958	0.01204	0.01139	0.00894	0.01177	0.02589	0.01178	0.00674	0.00431	0.00432	0.00140	0.00553	0.00392	0.00202	0.00518
73	0.01341	0.01327	0.01486	0.03720	0.43137	0.28196	0.02078	0.01540	0.01088	0.10740	0.00866	0.01020	0.00682	0.00422	0.00416	0.00124	0.00587	0.00356	0.00253	0.00622
74	0.04913	0.03366	0.00582	0.00516	0.00585	0.00521	0.00340	0.00808	0.05686	0.01115	0.13358	0.02754	0.09519	0.52462	0.01520	0.00309	0.00360	0.00635	0.00314	0.00338
75	0.00927	0.00744	0.00879	0.00638	0.01002	0.00567	0.00510	0.01118	0.00930	0.05376	0.05762	0.01063	0.00868	0.00364	0.00336	0.00072	0.00314	0.00296	0.00282	0.77954
76	0.00965	0.23885	0.58846	0.01095	0.01648	0.03989	0.01342	0.01357	0.00911	0.01262	0.00724	0.00848	0.00548	0.00400	0.00374	0.00124	0.00595	0.00294	0.00184	0.00610
77	0.01001	0.00973	0.01369	0.01149	0.01195	0.01311	0.04313	0.07390	0.00783	0.01185	0.00616	0.00959	0.00582	0.00719	0.01297	0.00182	0.73888	0.00383	0.00209	0.00497
78	0.01066	0.01023	0.01748	0.02644	0.82174	0.01023	0.01322	0.01322	0.00981	0.01407	0.00810	0.01066	0.00682	0.00384	0.00426	0.00128	0.00512	0.00384	0.00213	0.00682
79	0.00832	0.00792	0.01359	0.77165	0.06403	0.00965	0.04215	0.01121	0.00872	0.01125	0.00772	0.01145	0.00582	0.00426	0.00433	0.00143	0.00577	0.00388	0.00193	0.00491
80	0.01637	0.01207	0.01293	0.00991	0.01336	0.01336	0.00819	0.80738	0.02025	0.02715	0.01034	0.01034	0.00733	0.00517	0.00431	0.00129	0.00474	0.00388	0.00431	0.00733
81	0.00626	0.00419	0.00477	0.00477	0.00480	0.00422	0.00270	0.00631	0.00629	0.00841	0.01350	0.02780	0.01549	0.82074	0.04957	0.00427	0.00443	0.00621	0.00260	0.00265
82	0.00528	0.00382	0.00499	0.00586	0.00623	0.00353	0.00395	0.00611	0.00853	0.01133	0.06148	0.75409	0.08268	0.01311	0.00545	0.00171	0.00246	0.01183	0.00403	0.00353
83	0.00944	0.00764	0.00898	0.00644	0.01025	0.00577	0.00516	0.01134	0.00910	0.05356	0.00811	0.00921	0.00659	0.00329	0.00325	0.00067	0.00321	0.00264	0.00269	0.83265
84	0.01637	0.01207	0.01293	0.00991	0.01336	0.01336	0.00819	0.80738	0.02025	0.02715	0.01034	0.01034	0.00733	0.00517	0.00431	0.00129	0.00474	0.00388	0.00431	0.00733
85	0.02362	0.00848	0.01380	0.23606	0.42985	0.00901	0.01097	0.03759	0.00976	0.01361	0.05781	0.10912	0.01104	0.00542	0.00444	0.00138	0.00475	0.00502	0.00253	0.00572
86	0.01395	0.10200	0.01293	0.00910	0.01216	0.05776	0.04610	0.33109	0.07212	0.13446	0.04826	0.02365	0.03624	0.00544	0.00440	0.00127	0.02113	0.01362	0.00383	0.05050
87	0.00881	0.09638	0.72416	0.01164	0.01756	0.01047	0.01476	0.01336	0.00898	0.01319	0.00771	0.00918	0.00566	0.00508	0.03394	0.00153	0.00639	0.00316	0.00184	0.00620
88	0.01357	0.00876	0.01469	0.06177	0.27757	0.00837	0.12955	0.01592	0.01079	0.33242	0.01276	0.01526	0.00957	0.00502	0.00454	0.00139	0.00482	0.06316	0.00352	0.00654
89	0.00972	0.01029	0.08115	0.21539	0.40478	0.00973	0.09383	0.01250	0.00940	0.03159	0.00905	0.05739	0.00770	0.00460	0.00464	0.00138	0.02427	0.00439	0.00223	0.00598
90	0.01038	0.01076	0.06711	0.14179	0.46902	0.01025	0.14670	0.02627	0.00982	0.03483	0.00833	0.01092	0.00662	0.00403	0.00463	0.00135	0.02468	0.00402	0.00220	0.00630
91	0.00580	0.00439	0.00534	0.00510	0.00625	0.00394	0.00383	0.00755	0.01148	0.01559	0.58774	0.03495	0.27343	0.00943	0.00508	0.00138	0.00208	0.00818	0.00452	0.00394
92	0.12456	0.01152	0.05118	0.00912	0.01254	0.04104	0.00778	0.49323	0.01631	0.17433	0.01078	0.01058	0.00746	0.00498	0.00408	0.00130	0.00455	0.00370	0.00410	0.00686
93	0.00970	0.00927	0.01568	0.31906	0.50636	0.01010	0.01263	0.01232	0.00926	0.01283	0.00785	0.01091	0.00639	0.00414	0.00464	0.00136	0.03560	0.00383	0.00204	0.00601
94	0.00577	0.00424	0.00570	0.00639	0.00702	0.00418	0.00479	0.00696	0.00849	0.01124	0.02324	0.42555	0.10874	0.02680	0.16133	0.00277	0.00450	0.17496	0.00366	0.00367
95	0.00672	0.00455	0.00594	0.00551	0.00665	0.00417	0.00416	0.00872	0.01216	0.05654	0.76649	0.03149	0.05310	0.00867	0.00504	0.00136	0.00211	0.00764	0.00476	0.00422
96	0.00917	0.00906	0.01294	0.10190	0.01320	0.01252	0.00956	0.01034	0.00683	0.01042	0.00608	0.00991	0.00584	0.00806	0.04186	0.00201	0.71989	0.00381	0.00190	0.00469
97	0.04895	0.00745	0.00994	0.05827	0.01192	0.00686	0.00659	0.05803	0.01211	0.66704	0.01603	0.05450	0.01085	0.00561	0.00433	0.00136	0.00378	0.00459	0.00491	0.00689
98	0.00525	0.00386	0.00493	0.00578	0.00622	0.00354	0.00393	0.00607	0.00851	0.01112	0.02678	0.71065	0.14985	0.01308	0.00544	0.00171	0.00247	0.02328	0.00400	0.00353
99	0.01038	0.00995	0.01698	0.11552	0.73483	0.01016	0.01308	0.01298	0.00968	0.01374	0.00805	0.01075	0.00670	0.00389	0.00427	0.00130	0.00519	0.00384	0.00211	0.00660
100	0.00830	0.00522	0.00728	0.00790	0.00915	0.00511	0.00687	0.01025	0.01018	0.10198	0.02217	0.04487	0.02324	0.01118	0.00577	0.00191	0.00393	0.70624	0.00412	0.00434
101	0.86324	0.00840	0.00645	0.00574	0.00842	0.00973	0.00473	0.02722	0.00757	0.01947	0.00608	0.00706	0.00471	0.00402	0.00270	0.00133	0.00336	0.00236	0.00270	0.00471
102	0.00744	0.00412	0.00629	0.08656	0.00798	0.00430	0.00455	0.00615	0.00603	0.00800	0.00829	0.05354	0.00834	0.01386	0.01506	0.74724	0.00388	0.00416	0.00198	0.00223
103	0.00689	0.00520	0.00632	0.00664	0.00795	0.00505	0.00545	0.02729	0.07221	0.02617	0.05157	0.08961	0.29423	0.01085	0.00542	0.00171	0.00319	0.36602	0.00406	0.00418
104	0.01066	0.01023	0.01748	0.02644	0.82174	0.01023	0.01322	0.01322	0.00981	0.01407	0.00810	0.01066	0.00682	0.00384	0.00426	0.00128	0.00512	0.00384	0.00213	0.00682
105	0.01210	0.00991	0.01053	0.00894	0.01171	0.01115	0.00709	0.22686	0.56615	0.02020	0.01516	0.01422	0.01129	0.00553	0.00430	0.00138	0.00375	0.00449	0.00427	0.05098
106	0.02427	0.06035	0.05513	0.32690	0.07157	0.00995	0.02750	0.06361	0.17945	0.01414	0.01179	0.05436	0.01002	0.00562	0.00439	0.00144	0.00481	0.06630	0.00287	0.00553
107	0.02740	0.02596	0.29447	0.05515	0.20318	0.00903	0.01154	0.03375	0.01048	0.26206	0.01920	0.01148	0.00778	0.00449	0.00419	0.00133	0.00506	0.00376	0.00307	0.00664
108	0.00952	0.04781	0.61185	0.02704	0.02835	0.01019	0.13607	0.01396	0.00941	0.05406	0.00829	0.00974	0.00591	0.00407	0.00422	0.00136	0.00628	0.00352	0.00206	0.00628
109	0.00777	0.00754	0.06473	0.04259	0.14665	0.00667	0.07127	0.01045	0.05424	0.02357	0.09865	0.20713	0.07030	0.00864	0.00506	0.00158	0.00398	0.16089	0.00342	0.00487

[dist]
# distance from previous block
# <min> <max>
1	9

[block]
# block no. 3 follows, 61 sequences, length 13
# corresponding to MSA columns:
# 1070-1082
name=unknown_D
#
# <colnr> <probs for GDERKNQSTAVLIFYWHMCP>
#	G	D	E	R	K	N	Q	S	T	A	V	L	I	F	Y	W	H	M	C	P
0	0.03121	0.11547	0.05228	0.22167	0.32156	0.05399	0.05122	0.02418	0.00958	0.04307	0.00791	0.01025	0.00632	0.00415	0.00435	0.00130	0.02980	0.00360	0.00219	0.00590
1	0.23338	0.05926	0.37211	0.01115	0.07304	0.03178	0.05258	0.01390	0.02210	0.06347	0.02508	0.00958	0.00659	0.00422	0.00375	0.00132	0.00519	0.00325	0.00240	0.00587
2	0.00903	0.00826	0.01101	0.10477	0.12295	0.03784	0.03479	0.01108	0.00900	0.01307	0.00892	0.04590	0.00793	0.00596	0.05408	0.00135	0.02435	0.02122	0.00246	0.46605
3	0.01156	0.03445	0.06076	0.06860	0.32837	0.10499	0.21417	0.04483	0.01052	0.05465	0.00849	0.01061	0.00663	0.00408	0.00454	0.00132	0.01891	0.00398	0.00236	0.00618
4	0.00626	0.00418	0.00470	0.00470	0.00470	0.00418	0.00261	0.00626	0.00626	0.00835	0.01357	0.02819	0.01566	0.84862	0.02192	0.00418	0.00418	0.00626	0.00261	0.00261
5	0.00616	0.00458	0.00674	0.00674	0.00745	0.00529	0.00516	0.00758	0.00687	0.00986	0.01170	0.01785	0.01117	0.09915	0.76525	0.00670	0.01094	0.00475	0.00233	0.00374
6	0.00823	0.04952	0.00832	0.00824	0.00949	0.10512	0.00705	0.01005	0.01009	0.01242	0.02004	0.06196	0.02159	0.01063	0.00553	0.00182	0.00442	0.63768	0.00365	0.00416
7	0.00533	0.00383	0.00508	0.00601	0.00634	0.00358	0.00409	0.00618	0.00848	0.01128	0.04826	0.76728	0.05145	0.01322	0.00549	0.00174	0.00253	0.04227	0.00402	0.00354
8	0.00748	0.00374	0.00561	0.00561	0.00561	0.00374	0.00374	0.00561	0.00561	0.00748	0.00748	0.01309	0.00748	0.01496	0.01684	0.87467	0.00374	0.00374	0.00187	0.00187
9	0.16810	0.09659	0.16516	0.01259	0.07525	0.06088	0.20421	0.09504	0.02624	0.03325	0.00808	0.00954	0.00615	0.00414	0.00412	0.00132	0.01738	0.00357	0.00249	0.00590
10	0.01457	0.04564	0.01189	0.00915	0.01224	0.01177	0.00746	0.41123	0.29215	0.11740	0.01342	0.01268	0.00965	0.00536	0.00427	0.00134	0.00415	0.00421	0.00435	0.00708
11	0.01267	0.63120	0.01963	0.00789	0.01138	0.06494	0.00739	0.07715	0.05335	0.06803	0.00775	0.00826	0.00643	0.00408	0.00315	0.00102	0.00468	0.00273	0.00244	0.00583
12	0.03718	0.40677	0.07641	0.00848	0.01173	0.04404	0.00793	0.03831	0.14728	0.10293	0.00944	0.00983	0.00743	0.00465	0.00429	0.00120	0.07016	0.00321	0.00277	0.00595

[dist]
# distance from previous block
# <min> <max>
0	6

[block]
# block no. 4 follows, 61 sequences, length 166
# corresponding to MSA columns:
# 1089-1110,1155-1167,1186-1242,1355-1428
name=unknown_E
#
# <colnr> <probs for GDERKNQSTAVLIFYWHMCP>
#	G	D	E	R	K	N	Q	S	T	A	V	L	I	F	Y	W	H	M	C	P
0	0.03804	0.03964	0.68707	0.02848	0.03237	0.01011	0.03257	0.01400	0.03444	0.03258	0.00818	0.00945	0.00585	0.00415	0.00406	0.00136	0.00605	0.00328	0.00202	0.00629
1	0.00991	0.05185	0.46289	0.06969	0.04750	0.02696	0.05732	0.05686	0.03008	0.04130	0.00827	0.00993	0.00617	0.00497	0.01798	0.00148	0.08504	0.00351	0.00220	0.00608
2	0.03659	0.00556	0.00761	0.02712	0.00974	0.00561	0.02261	0.01014	0.04615	0.03881	0.02121	0.05997	0.03628	0.01061	0.00557	0.00185	0.00393	0.62041	0.00387	0.02638
3	0.00822	0.00771	0.01282	0.81218	0.02909	0.00961	0.01180	0.01138	0.03394	0.01123	0.00797	0.01163	0.00598	0.00435	0.00431	0.00144	0.00567	0.00386	0.00199	0.00485
4	0.09514	0.00801	0.01215	0.70888	0.02655	0.02845	0.01097	0.01165	0.00869	0.03890	0.00778	0.01106	0.00579	0.00431	0.00413	0.00141	0.00548	0.00367	0.00211	0.00486
5	0.03307	0.00467	0.00476	0.00459	0.00619	0.00398	0.00348	0.00696	0.00986	0.03096	0.07131	0.03830	0.71778	0.01022	0.00493	0.00142	0.00228	0.00850	0.00397	0.03276
6	0.00967	0.00954	0.02851	0.03164	0.01259	0.01223	0.06889	0.01119	0.02163	0.03652	0.00675	0.01011	0.00617	0.00759	0.03488	0.00192	0.65919	0.00389	0.00209	0.02502
7	0.01175	0.23962	0.01725	0.11018	0.34943	0.16456	0.01048	0.01374	0.00987	0.02463	0.00735	0.00926	0.00617	0.00398	0.00379	0.00117	0.00552	0.00323	0.00210	0.00591
8	0.00947	0.00893	0.01220	0.01025	0.01097	0.01155	0.00849	0.01062	0.00728	0.02998	0.03183	0.01018	0.00699	0.00683	0.01187	0.00166	0.66044	0.00371	0.00216	0.14460
9	0.00537	0.00434	0.00478	0.00473	0.00601	0.00375	0.00353	0.00671	0.01039	0.01315	0.25524	0.07889	0.56710	0.01046	0.00511	0.00144	0.00216	0.00889	0.00420	0.00375
10	0.01099	0.00829	0.00986	0.00750	0.02368	0.00711	0.01498	0.13034	0.02815	0.09145	0.03614	0.01066	0.00821	0.00394	0.00359	0.00086	0.00351	0.00319	0.00317	0.59440
11	0.01849	0.00736	0.00991	0.00756	0.01093	0.00628	0.00623	0.02017	0.01206	0.75936	0.01624	0.01420	0.01032	0.00516	0.00424	0.00128	0.00363	0.00419	0.00511	0.07729
12	0.00893	0.00766	0.00893	0.00638	0.01021	0.00574	0.00510	0.01085	0.00893	0.01404	0.00766	0.00893	0.00638	0.00319	0.00319	0.00064	0.00319	0.00255	0.00255	0.87495
13	0.01050	0.01017	0.01690	0.11087	0.72316	0.02633	0.01299	0.01307	0.00973	0.01368	0.00803	0.01069	0.00669	0.00390	0.00426	0.00129	0.00523	0.00382	0.00211	0.00657
14	0.00813	0.00766	0.01292	0.83826	0.02967	0.00957	0.01196	0.01101	0.00861	0.01101	0.00766	0.01148	0.00574	0.00431	0.00431	0.00144	0.00574	0.00383	0.00191	0.00479
15	0.01055	0.09028	0.01133	0.00831	0.01027	0.02363	0.01913	0.01189	0.00867	0.14054	0.01078	0.10392	0.01004	0.04516	0.00776	0.00148	0.24916	0.02260	0.00291	0.21160
16	0.00537	0.00388	0.00513	0.00601	0.00638	0.00357	0.00404	0.00616	0.00827	0.01110	0.02321	0.81796	0.02775	0.01315	0.00542	0.00171	0.00252	0.01192	0.00395	0.03249
17	0.00893	0.00766	0.00893	0.00638	0.01021	0.00574	0.00510	0.01085	0.00893	0.01404	0.00766	0.00893	0.00638	0.00319	0.00319	0.00064	0.00319	0.00255	0.00255	0.87495
18	0.69470	0.06696	0.00820	0.00622	0.00908	0.01027	0.00521	0.08054	0.00871	0.03963	0.00670	0.00754	0.00516	0.00408	0.00287	0.00128	0.00354	0.00252	0.00281	0.03398
19	0.00953	0.00961	0.01318	0.01131	0.01134	0.02668	0.00941	0.01048	0.00669	0.01037	0.00567	0.00940	0.00565	0.00749	0.01397	0.00187	0.82700	0.00375	0.00189	0.00472
20	0.01872	0.00792	0.01015	0.00785	0.01111	0.02727	0.00645	0.07503	0.01287	0.72956	0.03587	0.01462	0.01104	0.00538	0.00434	0.00133	0.00380	0.00435	0.00517	0.00719
21	0.00864	0.02228	0.82630	0.01228	0.01864	0.01000	0.01592	0.01364	0.00909	0.01364	0.00773	0.00909	0.00546	0.00409	0.00409	0.00136	0.00637	0.00318	0.00182	0.00637
22	0.01637	0.01207	0.01293	0.00991	0.01336	0.01336	0.00819	0.80738	0.02025	0.02715	0.01034	0.01034	0.00733	0.00517	0.00431	0.00129	0.00474	0.00388	0.00431	0.00733
23	0.00615	0.00462	0.00692	0.00692	0.00769	0.00538	0.00538	0.00769	0.00692	0.01000	0.01154	0.01692	0.01077	0.03231	0.83154	0.00692	0.01154	0.00462	0.00231	0.00385
24	0.01609	0.02053	0.01221	0.01110	0.01332	0.83132	0.00832	0.01720	0.01221	0.01054	0.00666	0.00777	0.00555	0.00444	0.00388	0.00111	0.00777	0.00277	0.00222	0.00499
25	0.00893	0.00766	0.00893	0.00638	0.01021	0.00574	0.00510	0.01085	0.00893	0.01404	0.00766	0.00893	0.00638	0.00319	0.00319	0.00064	0.00319	0.00255	0.00255	0.87495
26	0.00893	0.00766	0.00893	0.00638	0.01021	0.00574	0.00510	0.01085	0.00893	0.01404	0.00766	0.00893	0.00638	0.00319	0.00319	0.00064	0.00319	0.00255	0.00255	0.87495
27	0.00994	0.00961	0.10700	0.00737	0.01143	0.00671	0.00664	0.04697	0.02407	0.06789	0.00857	0.00952	0.00671	0.00357	0.00344	0.00081	0.00367	0.00284	0.00276	0.66046
28	0.00864	0.02228	0.82630	0.01228	0.01864	0.01000	0.01592	0.01364	0.00909	0.01364	0.00773	0.00909	0.00546	0.00409	0.00409	0.00136	0.00637	0.00318	0.00182	0.00637
29	0.00616	0.00460	0.00684	0.00684	0.00758	0.00534	0.00528	0.00764	0.00690	0.00994	0.01161	0.01735	0.01095	0.06297	0.80113	0.00682	0.01126	0.00468	0.00232	0.00380
30	0.00524	0.00377	0.00498	0.00595	0.00624	0.00350	0.00398	0.00600	0.00829	0.01101	0.02427	0.82433	0.04962	0.01343	0.00549	0.00174	0.00249	0.01216	0.00400	0.00350
31	0.00606	0.00409	0.00476	0.00496	0.00501	0.00404	0.00289	0.00621	0.00666	0.00888	0.01559	0.19032	0.01820	0.68301	0.01867	0.00369	0.00384	0.00745	0.00289	0.00279
32	0.01254	0.64025	0.01988	0.00826	0.01158	0.20256	0.00757	0.01414	0.03014	0.01043	0.00644	0.00734	0.00573	0.00391	0.00306	0.00098	0.00530	0.00248	0.00199	0.00544
33	0.01177	0.04752	0.35553	0.01460	0.19500	0.10198	0.03097	0.09144	0.01098	0.08725	0.00873	0.00989	0.00645	0.00426	0.00412	0.00129	0.00580	0.00346	0.00250	0.00645
34	0.01023	0.02356	0.05081	0.23674	0.51217	0.01018	0.03113	0.03299	0.00977	0.02965	0.00818	0.01084	0.00654	0.00403	0.00427	0.00132	0.00534	0.00382	0.00218	0.00625
35	0.00864	0.02228	0.82630	0.01228	0.01864	0.01000	0.01592	0.01364	0.00909	0.01364	0.00773	0.00909	0.00546	0.00409	0.00409	0.00136	0.00637	0.00318	0.00182	0.00637
36	0.00659	0.00523	0.01874	0.01864	0.04163	0.00494	0.03448	0.00841	0.03977	0.02204	0.02218	0.46422	0.04980	0.01156	0.00546	0.00175	0.00333	0.23332	0.00382	0.00409
37	0.01055	0.01074	0.07250	0.10458	0.64470	0.01004	0.02988	0.01330	0.00973	0.04068	0.00834	0.01079	0.00674	0.00395	0.00428	0.00131	0.00526	0.00383	0.00220	0.00659
38	0.00911	0.03459	0.54016	0.01483	0.12758	0.01010	0.14603	0.01334	0.00936	0.01358	0.00881	0.02364	0.02075	0.00425	0.00429	0.00137	0.00617	0.00382	0.00200	0.00622
39	0.00745	0.00375	0.00559	0.00559	0.00559	0.00375	0.00371	0.00563	0.00563	0.00750	0.00764	0.01348	0.00769	0.03629	0.01697	0.85241	0.00375	0.00381	0.00189	0.00189
40	0.01244	0.05647	0.14652	0.01177	0.07160	0.41633	0.03300	0.02658	0.01986	0.01189	0.02484	0.09375	0.00878	0.00544	0.00458	0.00128	0.04309	0.00411	0.00240	0.00528
41	0.01108	0.04953	0.01673	0.10904	0.60984	0.01083	0.01225	0.10208	0.01081	0.01503	0.00821	0.01054	0.00671	0.00403	0.00420	0.00128	0.00512	0.00377	0.00234	0.00660
42	0.00681	0.00708	0.08503	0.00822	0.00955	0.01861	0.08035	0.02851	0.00874	0.01193	0.01853	0.55995	0.02106	0.01150	0.03522	0.00184	0.05417	0.00943	0.01927	0.00420
43	0.01103	0.01139	0.11113	0.09125	0.46041	0.01010	0.08776	0.04994	0.03997	0.07156	0.00915	0.01111	0.00707	0.00413	0.00434	0.00133	0.00534	0.00395	0.00249	0.00656
44	0.02205	0.13065	0.29242	0.04724	0.09123	0.07711	0.02687	0.09183	0.08157	0.05185	0.02067	0.01082	0.00750	0.00452	0.00401	0.00128	0.00540	0.01434	0.00261	0.01603
45	0.01155	0.01265	0.19572	0.01016	0.01374	0.02352	0.05444	0.12200	0.39972	0.07455	0.01377	0.02754	0.01024	0.00531	0.00436	0.00141	0.00454	0.00443	0.00369	0.00667
46	0.00853	0.00729	0.00875	0.00648	0.00994	0.00558	0.01874	0.01038	0.00901	0.01384	0.03042	0.06956	0.02779	0.00425	0.00348	0.00077	0.00316	0.00357	0.00274	0.75573
47	0.11223	0.00558	0.00749	0.00691	0.00741	0.00642	0.01875	0.02032	0.00641	0.00996	0.00774	0.01222	0.01981	0.01243	0.03713	0.55077	0.14971	0.00371	0.00206	0.00294
48	0.01114	0.01152	0.02946	0.06873	0.66896	0.10845	0.01261	0.01358	0.01002	0.01348	0.00790	0.01034	0.00659	0.00394	0.00422	0.00127	0.00549	0.00370	0.00213	0.00649
49	0.00844	0.00796	0.01347	0.74111	0.12445	0.00965	0.01211	0.01127	0.00876	0.01137	0.00771	0.01139	0.00587	0.00425	0.00430	0.00142	0.00567	0.00383	0.00194	0.00503
50	0.01066	0.01023	0.01748	0.02644	0.82174	0.01023	0.01322	0.01322	0.00981	0.01407	0.00810	0.01066	0.00682	0.00384	0.00426	0.00128	0.00512	0.00384	0.00213	0.00682
51	0.00547	0.00401	0.00552	0.02525	0.00704	0.00398	0.00442	0.00642	0.00805	0.01083	0.02154	0.66272	0.03923	0.01662	0.15419	0.00267	0.00420	0.01062	0.00365	0.00359
52	0.01004	0.00964	0.01245	0.01070	0.01132	0.03669	0.00881	0.01277	0.13260	0.03036	0.00784	0.01052	0.00695	0.00703	0.01182	0.00175	0.64608	0.00389	0.00238	0.02636
53	0.00625	0.00422	0.00491	0.00491	0.00498	0.00429	0.00287	0.00640	0.00633	0.00851	0.01338	0.02713	0.01520	0.77207	0.09785	0.00443	0.00487	0.00611	0.00258	0.00273
54	0.00570	0.00430	0.00531	0.00552	0.00649	0.00391	0.00414	0.00715	0.01033	0.01367	0.31709	0.22322	0.26681	0.01085	0.00528	0.00155	0.00240	0.09821	0.00426	0.00380
55	0.00893	0.00766	0.00893	0.00638	0.01021	0.00574	0.00510	0.01085	0.00893	0.01404	0.00766	0.00893	0.00638	0.00319	0.00319	0.00064	0.00319	0.00255	0.00255	0.87495
56	0.01008	0.01184	0.07432	0.01710	0.06945	0.01066	0.61054	0.01457	0.09394	0.01420	0.00978	0.02561	0.00754	0.00407	0.00490	0.00144	0.00659	0.00498	0.00241	0.00597
57	0.01045	0.01006	0.01731	0.08996	0.74151	0.01020	0.03105	0.01306	0.00972	0.01383	0.00808	0.01075	0.00673	0.00387	0.00429	0.00130	0.00521	0.00387	0.00212	0.00664
58	0.00663	0.00517	0.00724	0.00698	0.00745	0.00616	0.00526	0.00771	0.00672	0.00965	0.01123	0.01866	0.01127	0.22953	0.52007	0.00555	0.12384	0.00490	0.00232	0.00366
59	0.08332	0.13326	0.07910	0.02334	0.18263	0.25458	0.00945	0.11251	0.03033	0.04150	0.00796	0.00908	0.00630	0.00429	0.00381	0.00120	0.00566	0.00318	0.00256	0.00594
60	0.01607	0.01108	0.01205	0.00930	0.01257	0.01207	0.00766	0.68041	0.01875	0.09965	0.01121	0.01113	0.00789	0.00518	0.00422	0.00128	0.00445	0.00393	0.06401	0.00710
61	0.00525	0.00375	0.00500	0.00600	0.00625	0.00350	0.00400	0.00600	0.00825	0.01100	0.02374	0.84580	0.02849	0.01350	0.00550	0.00175	0.00250	0.01225	0.00400	0.00350
62	0.00813	0.00766	0.01292	0.83826	0.02967	0.00957	0.01196	0.01101	0.00861	0.01101	0.00766	0.01148	0.00574	0.00431	0.00431	0.00144	0.00574	0.00383	0.00191	0.00479
63	0.01011	0.02672	0.50548	0.01435	0.12785	0.02492	0.09793	0.04739	0.03088	0.05093	0.00860	0.01002	0.00628	0.00420	0.00436	0.00136	0.01638	0.00359	0.00224	0.00641
64	0.00610	0.00440	0.00576	0.00542	0.00644	0.00406	0.00406	0.00813	0.01219	0.01727	0.81947	0.03218	0.04064	0.00881	0.00508	0.00135	0.00203	0.00779	0.00474	0.00406
65	0.03017	0.00813	0.03457	0.00655	0.01043	0.00597	0.00543	0.01098	0.00890	0.01415	0.00762	0.00889	0.00631	0.00324	0.00321	0.00068	0.00329	0.00257	0.00253	0.82638
66	0.03781	0.00769	0.00998	0.00777	0.01090	0.00711	0.00638	0.10854	0.01271	0.65881	0.01565	0.01440	0.01026	0.02451	0.04541	0.00166	0.00418	0.00429	0.00495	0.00700
67	0.00616	0.00458	0.00677	0.00677	0.00748	0.00530	0.00519	0.00759	0.00688	0.00988	0.01168	0.01772	0.01112	0.09018	0.77414	0.00673	0.01102	0.00473	0.00233	0.00376
68	0.01121	0.09908	0.08439	0.00990	0.08450	0.00931	0.03429	0.14627	0.02962	0.05806	0.00873	0.00968	0.00679	0.00390	0.00366	0.00098	0.00422	0.00315	0.00284	0.38944
69	0.00923	0.00912	0.01408	0.59465	0.19954	0.06292	0.02629	0.01194	0.00913	0.01169	0.00771	0.01107	0.00598	0.00420	0.00428	0.00138	0.00577	0.00378	0.00199	0.00526
70	0.00617	0.00443	0.00606	0.00609	0.00657	0.00490	0.00434	0.00713	0.00672	0.00942	0.01258	0.04163	0.01299	0.32921	0.51608	0.00579	0.00863	0.00541	0.00246	0.00339
71	0.00590	0.00458	0.00508	0.00497	0.00632	0.00405	0.00372	0.00760	0.03880	0.03338	0.22723	0.09616	0.52628	0.01027	0.00507	0.00145	0.00225	0.00874	0.00423	0.00393
72	0.00926	0.00882	0.01452	0.38875	0.38952	0.01966	0.01192	0.01181	0.00912	0.01234	0.00891	0.01221	0.02734	0.02143	0.01908	0.00152	0.02206	0.00401	0.00209	0.00563
