[name]
unknown

[dist]
# distance from previous block
# <min> <max>
0	81

[block]
# block no. 0 follows, 56 sequences, length 65
# corresponding to MSA columns:
# 103-167
name=unknown_A
#
# <colnr> <probs for GDERKNQSTAVLIFYWHMCP>
#	G	D	E	R	K	N	Q	S	T	A	V	L	I	F	Y	W	H	M	C	P
0	0.10989	0.08103	0.12838	0.09195	0.05566	0.05595	0.11699	0.03946	0.04009	0.05776	0.01088	0.04282	0.00928	0.00589	0.01792	0.00152	0.00554	0.06426	0.00286	0.06188
1	0.01169	0.00729	0.00900	0.03413	0.07031	0.02220	0.00634	0.12723	0.02235	0.15465	0.14552	0.03400	0.03666	0.00890	0.07721	0.00187	0.00430	0.00530	0.21536	0.00568
2	0.05062	0.01199	0.01371	0.01320	0.13166	0.10259	0.05273	0.21867	0.17266	0.01884	0.01114	0.02397	0.00879	0.00554	0.00560	0.00145	0.09426	0.00428	0.02341	0.03488
3	0.00562	0.00458	0.00498	0.00512	0.00643	0.00394	0.00379	0.00686	0.01049	0.01297	0.12187	0.15571	0.59687	0.01181	0.00551	0.00160	0.00241	0.03120	0.00434	0.00391
4	0.01331	0.33213	0.15049	0.01043	0.01408	0.32609	0.02614	0.01533	0.01082	0.01172	0.00791	0.04689	0.00705	0.00480	0.00383	0.00119	0.00648	0.00336	0.00223	0.00573
5	0.01203	0.60758	0.04239	0.00824	0.01169	0.02595	0.00792	0.05491	0.01014	0.03525	0.03401	0.01139	0.02064	0.01989	0.01801	0.00131	0.04291	0.02750	0.00244	0.00581
6	0.00562	0.00401	0.00535	0.00638	0.00666	0.00374	0.00426	0.00645	0.00890	0.01189	0.04556	0.81491	0.03070	0.01425	0.00585	0.00185	0.00265	0.01293	0.00428	0.00374
7	0.00952	0.00816	0.00952	0.00680	0.01088	0.00612	0.00544	0.01156	0.00952	0.01496	0.00816	0.00952	0.00680	0.00340	0.00340	0.00068	0.00340	0.00272	0.00272	0.86672
8	0.01275	0.70137	0.05852	0.00859	0.01245	0.11861	0.00840	0.01436	0.00981	0.01103	0.00656	0.00758	0.00589	0.00405	0.00316	0.00103	0.00542	0.00256	0.00201	0.00586
9	0.00902	0.02240	0.75765	0.01257	0.01895	0.01021	0.01607	0.01412	0.00993	0.01481	0.06480	0.01143	0.00847	0.00472	0.00444	0.00145	0.00646	0.00374	0.00216	0.00661
10	0.00609	0.00461	0.00563	0.00564	0.00675	0.00415	0.00420	0.00775	0.01153	0.01544	0.43138	0.14802	0.27529	0.01091	0.00552	0.00156	0.00238	0.04438	0.00467	0.00410
11	0.00559	0.00403	0.00530	0.00631	0.00664	0.00374	0.00423	0.00640	0.00887	0.01175	0.02629	0.79870	0.06669	0.01425	0.00584	0.00185	0.00265	0.01289	0.00426	0.00374
12	0.00928	0.02322	0.77808	0.01338	0.02006	0.01071	0.05322	0.01455	0.00975	0.01455	0.00829	0.00982	0.00587	0.00434	0.00441	0.00146	0.00683	0.00349	0.00196	0.00676
13	0.00668	0.00478	0.00629	0.00626	0.00664	0.00524	0.00431	0.00746	0.00704	0.00979	0.01350	0.03911	0.01435	0.44182	0.38246	0.00567	0.02658	0.00594	0.00265	0.00344
14	0.00543	0.00465	0.00465	0.00465	0.00620	0.00388	0.00349	0.00659	0.01046	0.01240	0.04651	0.04418	0.80815	0.01163	0.00543	0.00155	0.00233	0.00969	0.00426	0.00388
15	0.00574	0.00417	0.00517	0.00589	0.00632	0.00387	0.00390	0.00647	0.00871	0.01137	0.02693	0.57937	0.15202	0.14721	0.00862	0.00223	0.00290	0.01149	0.00402	0.00360
16	0.16203	0.01197	0.01209	0.08123	0.01455	0.06538	0.00826	0.44431	0.11637	0.02362	0.01069	0.01111	0.00784	0.00526	0.00427	0.00141	0.00492	0.00390	0.00393	0.00685
17	0.00600	0.00433	0.00573	0.00641	0.00670	0.00435	0.00433	0.00678	0.00821	0.01109	0.02135	0.57463	0.02506	0.15833	0.11223	0.00301	0.02339	0.01072	0.00373	0.00364
18	0.00588	0.00455	0.00539	0.00579	0.00674	0.00414	0.00415	0.00741	0.03475	0.01316	0.13891	0.38613	0.32375	0.01238	0.00561	0.00169	0.00254	0.02867	0.00438	0.00399
19	0.01066	0.00867	0.01000	0.00731	0.01123	0.00714	0.00587	0.11517	0.01116	0.03065	0.00914	0.03050	0.00760	0.00399	0.00364	0.00081	0.00361	0.00320	0.00306	0.71657
20	0.00977	0.00831	0.00965	0.00692	0.01098	0.00637	0.00554	0.03598	0.00990	0.01540	0.00825	0.00957	0.00683	0.00347	0.00344	0.00070	0.00345	0.00276	0.00278	0.83994
21	0.00656	0.00492	0.00738	0.00738	0.00820	0.00574	0.00574	0.00820	0.00738	0.01066	0.01230	0.01804	0.01148	0.03443	0.82046	0.00738	0.01230	0.00492	0.00246	0.00410
22	0.05302	0.03298	0.04598	0.08195	0.51243	0.04864	0.09337	0.01393	0.01026	0.01457	0.00880	0.01195	0.00735	0.00506	0.02483	0.00155	0.00596	0.01844	0.00231	0.00661
23	0.01245	0.77177	0.02304	0.00802	0.01189	0.03940	0.00784	0.03173	0.02051	0.01143	0.00671	0.00765	0.00607	0.00401	0.00305	0.00100	0.00496	0.00255	0.00209	0.02385
24	0.00593	0.00426	0.00554	0.00641	0.00681	0.00402	0.00433	0.02608	0.00920	0.01227	0.04473	0.76095	0.04621	0.03185	0.00619	0.00189	0.00274	0.01250	0.00426	0.00383
25	0.01032	0.06509	0.28638	0.02720	0.12148	0.01189	0.27611	0.01400	0.00980	0.01394	0.00824	0.01075	0.00643	0.00461	0.00605	0.00152	0.11353	0.00420	0.00212	0.00634
26	0.01265	0.08292	0.25836	0.02920	0.03594	0.20904	0.08152	0.08413	0.04849	0.02903	0.00879	0.01023	0.00677	0.00486	0.00506	0.00139	0.06386	0.00365	0.01787	0.00625
27	0.00856	0.00428	0.00428	0.00428	0.00535	0.00428	0.00321	0.01070	0.00963	0.01712	0.01498	0.01712	0.01177	0.00535	0.00321	0.00107	0.00214	0.00428	0.86414	0.00428
28	0.02582	0.00806	0.01164	0.12107	0.15189	0.00850	0.02893	0.11911	0.02347	0.05123	0.01640	0.03840	0.01590	0.00824	0.00530	0.00172	0.00480	0.33273	0.02119	0.00562
29	0.02263	0.00548	0.00761	0.00744	0.00848	0.01713	0.06520	0.00887	0.03422	0.04639	0.10967	0.50781	0.06246	0.04852	0.02387	0.00197	0.00345	0.01040	0.00411	0.00428
30	0.00647	0.00469	0.00610	0.00575	0.00684	0.00432	0.00431	0.00862	0.01294	0.01828	0.79110	0.03451	0.05990	0.00943	0.00542	0.00145	0.00217	0.00833	0.00504	0.00432
31	0.01121	0.00684	0.00711	0.00615	0.00800	0.00725	0.00485	0.24429	0.01319	0.02064	0.01380	0.01530	0.01059	0.00540	0.00362	0.00116	0.00301	0.00424	0.60805	0.00533
32	0.01122	0.01077	0.01838	0.06966	0.76963	0.01087	0.01402	0.01397	0.01039	0.01483	0.00861	0.01141	0.00721	0.00412	0.00455	0.00137	0.00549	0.00409	0.00226	0.00716
33	0.00874	0.00824	0.01390	0.80561	0.05305	0.01022	0.01279	0.01179	0.00921	0.01182	0.00817	0.01222	0.00615	0.00458	0.00459	0.00153	0.00610	0.00408	0.00205	0.00516
34	0.00786	0.00399	0.00595	0.00600	0.00601	0.00398	0.00400	0.00600	0.00611	0.00815	0.00878	0.05233	0.00902	0.01588	0.01738	0.82605	0.00393	0.00441	0.00210	0.00207
35	0.01022	0.00939	0.02811	0.14195	0.01457	0.08817	0.06398	0.02987	0.02754	0.04909	0.01019	0.01444	0.00883	0.07922	0.14224	0.02428	0.17824	0.00445	0.07024	0.00496
36	0.03838	0.05859	0.03508	0.29434	0.04367	0.07363	0.02640	0.06872	0.06620	0.09170	0.02834	0.06677	0.04276	0.00596	0.00499	0.00148	0.03924	0.00488	0.00311	0.00574
37	0.01166	0.00760	0.00762	0.00683	0.00877	0.08690	0.00526	0.05175	0.06213	0.18198	0.08313	0.09222	0.13063	0.00744	0.00448	0.00137	0.00343	0.00614	0.23527	0.00538
38	0.03183	0.00669	0.00803	0.00707	0.00902	0.00672	0.00550	0.04470	0.17701	0.14779	0.44875	0.02634	0.04582	0.00790	0.00503	0.00146	0.00290	0.00678	0.00499	0.00565
39	0.01115	0.01139	0.03242	0.05059	0.34540	0.06629	0.21420	0.05460	0.02755	0.01505	0.01097	0.08807	0.00979	0.00536	0.00488	0.00147	0.00590	0.02139	0.01715	0.00636
40	0.01650	0.01943	0.01285	0.02994	0.01424	0.64419	0.00876	0.12544	0.01394	0.01395	0.02218	0.00943	0.00698	0.00499	0.00441	0.00123	0.02186	0.00329	0.02077	0.00562
41	0.00674	0.00468	0.00615	0.00591	0.00695	0.00432	0.00438	0.00872	0.01247	0.03744	0.68879	0.13530	0.04088	0.00993	0.00545	0.00150	0.00227	0.00881	0.00497	0.00434
42	0.00671	0.00546	0.00708	0.11709	0.01059	0.00532	0.02183	0.00872	0.03833	0.02581	0.13639	0.14717	0.37752	0.02679	0.00573	0.00166	0.00318	0.04625	0.00403	0.00431
43	0.01028	0.05096	0.10449	0.33019	0.13599	0.04849	0.06721	0.01307	0.00968	0.04365	0.00966	0.01329	0.02353	0.02593	0.00595	0.00158	0.07763	0.02036	0.00234	0.00572
44	0.00930	0.00888	0.01283	0.20140	0.09769	0.02395	0.02530	0.01181	0.06052	0.01227	0.01223	0.03790	0.07613	0.03419	0.04730	0.00206	0.31351	0.00498	0.00253	0.00520
45	0.01339	0.01215	0.01375	0.05536	0.25497	0.14516	0.00989	0.13548	0.18914	0.06432	0.01278	0.03587	0.02624	0.00545	0.00457	0.00141	0.00525	0.00455	0.00346	0.00679
46	0.02718	0.01197	0.10975	0.13246	0.32979	0.01088	0.09771	0.08724	0.07341	0.03195	0.01065	0.02526	0.02134	0.00479	0.00464	0.00145	0.00561	0.00446	0.00275	0.00670
47	0.01099	0.00731	0.00891	0.11379	0.02602	0.03557	0.00661	0.06238	0.05061	0.18734	0.03655	0.10701	0.22256	0.02285	0.03086	0.00176	0.01679	0.02114	0.02553	0.00543
48	0.01358	0.03381	0.04687	0.01386	0.13681	0.31693	0.01826	0.06781	0.04834	0.03341	0.00860	0.01074	0.00721	0.02113	0.03954	0.00173	0.16918	0.00374	0.00260	0.00587
49	0.00602	0.00418	0.00520	0.00584	0.00600	0.00402	0.00367	0.00651	0.00795	0.01060	0.02099	0.51538	0.02493	0.34208	0.01282	0.00289	0.00337	0.01052	0.00367	0.00335
50	0.01003	0.01112	0.05406	0.02598	0.01477	0.09523	0.20845	0.01274	0.04703	0.01288	0.02613	0.02826	0.06163	0.01027	0.12073	0.00243	0.22594	0.00502	0.02200	0.00529
51	0.01055	0.01022	0.01672	0.31676	0.50659	0.03303	0.01346	0.01335	0.01006	0.01371	0.00842	0.01159	0.00682	0.00429	0.00455	0.00142	0.00577	0.00406	0.00219	0.00643
52	0.18268	0.00933	0.01072	0.00838	0.01183	0.00937	0.00692	0.22103	0.01431	0.45794	0.01403	0.01287	0.00922	0.00537	0.00427	0.00141	0.00414	0.00408	0.00486	0.00727
53	0.00582	0.00453	0.00529	0.00540	0.00652	0.00400	0.00394	0.00725	0.01096	0.01428	0.29803	0.20859	0.38604	0.01146	0.00551	0.00158	0.00234	0.00994	0.00453	0.00400
54	0.11956	0.00961	0.02701	0.00878	0.02919	0.06680	0.01854	0.14521	0.05201	0.26492	0.05628	0.09019	0.07864	0.00681	0.00459	0.00146	0.00418	0.00552	0.00438	0.00633
55	0.01122	0.33791	0.18566	0.00939	0.01300	0.11813	0.02476	0.03047	0.02407	0.01242	0.00893	0.02327	0.00789	0.06304	0.07303	0.00192	0.00621	0.00359	0.03947	0.00562
56	0.24318	0.00646	0.00613	0.00585	0.00686	0.03181	0.00399	0.02867	0.00770	0.01288	0.01211	0.02274	0.01295	0.50199	0.05525	0.00352	0.00472	0.02663	0.00285	0.00369
57	0.01470	0.14504	0.01510	0.13381	0.06127	0.30680	0.00938	0.19568	0.01361	0.02915	0.00852	0.00988	0.00669	0.00476	0.00413	0.00126	0.00629	0.00344	0.02439	0.00608
58	0.00586	0.00446	0.00541	0.00583	0.00668	0.00407	0.00412	0.00731	0.02801	0.01343	0.18781	0.42532	0.26019	0.01239	0.00562	0.00168	0.00249	0.01094	0.00443	0.00397
59	0.00849	0.00798	0.08342	0.18974	0.03945	0.00712	0.04004	0.05277	0.01005	0.03598	0.02999	0.26135	0.04937	0.04927	0.00579	0.00169	0.00427	0.00723	0.11109	0.00490
60	0.00797	0.00399	0.00598	0.00598	0.00598	0.00399	0.00399	0.00598	0.00598	0.00797	0.00797	0.01396	0.00797	0.01595	0.01794	0.86643	0.00399	0.00399	0.00199	0.00199
61	0.01207	0.05473	0.17829	0.03336	0.21311	0.15950	0.10185	0.07053	0.04334	0.01498	0.02909	0.01206	0.00823	0.01779	0.00499	0.00144	0.02013	0.01555	0.00257	0.00639
62	0.01242	0.03364	0.08193	0.05201	0.03559	0.15536	0.00881	0.15597	0.11683	0.03585	0.06321	0.02855	0.06113	0.00614	0.00550	0.00141	0.08258	0.00464	0.00339	0.05504
63	0.00698	0.00635	0.05964	0.00654	0.00772	0.02349	0.00519	0.00787	0.00899	0.01178	0.07092	0.18049	0.22586	0.10319	0.02309	0.13721	0.03415	0.04388	0.01789	0.01878
64	0.04183	0.01071	0.06931	0.00893	0.01208	0.02363	0.00755	0.19630	0.24563	0.03119	0.05002	0.04833	0.02472	0.02483	0.00506	0.00141	0.02144	0.00476	0.00389	0.16838

[dist]
# distance from previous block
# <min> <max>
4	24

[block]
# block no. 1 follows, 56 sequences, length 14
# corresponding to MSA columns:
# 194-207
name=unknown_B
#
# <colnr> <probs for GDERKNQSTAVLIFYWHMCP>
#	G	D	E	R	K	N	Q	S	T	A	V	L	I	F	Y	W	H	M	C	P
0	0.01109	0.00890	0.01051	0.00789	0.01149	0.02194	0.02226	0.11143	0.01122	0.05904	0.02409	0.02569	0.00837	0.00524	0.02879	0.00112	0.03558	0.00346	0.00314	0.58874
1	0.01025	0.00801	0.00909	0.06934	0.01156	0.00867	0.00652	0.11236	0.30615	0.05144	0.10097	0.02489	0.18519	0.04924	0.00586	0.00167	0.00364	0.02490	0.00435	0.00588
2	0.00543	0.00465	0.00465	0.00465	0.00620	0.00388	0.00349	0.00659	0.01046	0.01240	0.04651	0.04418	0.80815	0.01163	0.00543	0.00155	0.00233	0.00969	0.00426	0.00388
3	0.10779	0.00930	0.01105	0.02618	0.01256	0.00975	0.03345	0.09410	0.29782	0.32428	0.01589	0.01468	0.01104	0.00563	0.00447	0.00147	0.00405	0.00457	0.00472	0.00720
4	0.19806	0.01069	0.03660	0.04020	0.49790	0.02884	0.01131	0.01485	0.01016	0.09634	0.00905	0.01085	0.00709	0.00432	0.00417	0.00138	0.00500	0.00375	0.00273	0.00672
5	0.00867	0.00816	0.01377	0.82762	0.03162	0.01020	0.01275	0.01173	0.00918	0.01173	0.00816	0.01224	0.00612	0.00459	0.00459	0.00153	0.00612	0.00408	0.00204	0.00510
6	0.00749	0.00600	0.00802	0.00752	0.00777	0.00727	0.00553	0.00825	0.00698	0.00999	0.01167	0.02128	0.01239	0.37992	0.26899	0.00475	0.21449	0.00546	0.00249	0.00375
7	0.01759	0.01169	0.01292	0.00995	0.01347	0.01260	0.00817	0.63373	0.01959	0.16203	0.01236	0.01251	0.00874	0.03639	0.00529	0.00150	0.00483	0.00431	0.00471	0.00762
8	0.01004	0.01004	0.01406	0.01205	0.01205	0.01406	0.01004	0.01105	0.00703	0.01105	0.00603	0.01004	0.00603	0.00804	0.01507	0.00201	0.83025	0.00402	0.00201	0.00502
9	0.01734	0.01110	0.01217	0.00953	0.01290	0.03848	0.00779	0.47256	0.05534	0.23704	0.03536	0.01334	0.01013	0.00567	0.00456	0.00138	0.00459	0.00439	0.03888	0.00746
10	0.01996	0.00839	0.01096	0.00845	0.01198	0.00767	0.00697	0.10015	0.04186	0.70622	0.01742	0.01522	0.01110	0.00568	0.00462	0.00142	0.00401	0.00459	0.00554	0.00779
11	0.01050	0.00568	0.00645	0.00573	0.00738	0.00560	0.00446	0.09059	0.01203	0.11843	0.19273	0.02017	0.01839	0.00631	0.00402	0.00123	0.00266	0.00521	0.47733	0.00509
12	0.00821	0.00645	0.00836	0.13609	0.02686	0.00685	0.00651	0.05606	0.10716	0.02854	0.20851	0.10762	0.14675	0.01068	0.06929	0.00200	0.00415	0.02842	0.02652	0.00496
13	0.00845	0.00772	0.01153	0.01014	0.01078	0.00977	0.06261	0.00983	0.00760	0.01129	0.01037	0.08035	0.01037	0.04957	0.27211	0.00376	0.39079	0.00525	0.02312	0.00460

[dist]
# distance from previous block
# <min> <max>
0	2

[block]
# block no. 2 follows, 56 sequences, length 37
# corresponding to MSA columns:
# 236-261,273-280,288-290
name=unknown_C
#
# <colnr> <probs for GDERKNQSTAVLIFYWHMCP>
#	G	D	E	R	K	N	Q	S	T	A	V	L	I	F	Y	W	H	M	C	P
0	0.12250	0.21058	0.32942	0.07744	0.09455	0.04927	0.02892	0.01413	0.00957	0.01412	0.00757	0.00922	0.00592	0.00425	0.00388	0.00133	0.00583	0.00320	0.00213	0.00617
1	0.01707	0.03742	0.01327	0.01168	0.01415	0.75871	0.00884	0.06236	0.01343	0.01223	0.00731	0.00842	0.00602	0.00476	0.00414	0.00119	0.00803	0.00301	0.00248	0.00547
2	0.01601	0.01217	0.01222	0.00973	0.01283	0.09258	0.00783	0.54306	0.01814	0.08433	0.01345	0.01440	0.05405	0.06114	0.02536	0.00172	0.00527	0.00455	0.00427	0.00692
3	0.00733	0.00523	0.00731	0.00837	0.00940	0.00522	0.00727	0.00939	0.01050	0.01366	0.02435	0.08345	0.02658	0.01275	0.00632	0.00210	0.00416	0.74817	0.00423	0.00421
4	0.00657	0.00488	0.00718	0.00718	0.00793	0.00563	0.00549	0.00807	0.00732	0.01051	0.01248	0.01906	0.01192	0.10314	0.75237	0.00713	0.01163	0.00507	0.00249	0.00399
5	0.00624	0.00468	0.00578	0.00550	0.00670	0.00422	0.00413	0.00816	0.01238	0.01695	0.62297	0.03669	0.22885	0.00993	0.00542	0.00147	0.00220	0.00864	0.00486	0.00422
6	0.00668	0.00445	0.00501	0.00501	0.00501	0.00445	0.00278	0.00668	0.00668	0.00890	0.01447	0.03004	0.01669	0.83866	0.02337	0.00445	0.00445	0.00668	0.00278	0.00278
7	0.87108	0.00888	0.00675	0.00604	0.00888	0.01030	0.00497	0.01350	0.00781	0.02060	0.00639	0.00746	0.00497	0.00426	0.00284	0.00142	0.00355	0.00249	0.00284	0.00497
8	0.87108	0.00888	0.00675	0.00604	0.00888	0.01030	0.00497	0.01350	0.00781	0.02060	0.00639	0.00746	0.00497	0.00426	0.00284	0.00142	0.00355	0.00249	0.00284	0.00497
9	0.19455	0.00549	0.00520	0.00490	0.00650	0.00572	0.00381	0.01202	0.00946	0.06716	0.01333	0.01495	0.01028	0.00514	0.00322	0.00117	0.00255	0.00391	0.62600	0.00465
10	0.01352	0.01065	0.01138	0.00965	0.01260	0.01206	0.00767	0.24782	0.54546	0.05214	0.01644	0.01530	0.01211	0.00600	0.00465	0.00150	0.00406	0.00486	0.00469	0.00744
11	0.01418	0.02445	0.01078	0.00907	0.04438	0.00980	0.00696	0.27922	0.13920	0.15403	0.02662	0.01457	0.01079	0.02398	0.00468	0.00138	0.00396	0.00443	0.16719	0.05033
12	0.01370	0.01152	0.01179	0.05210	0.05869	0.11443	0.00820	0.18407	0.34397	0.07748	0.01415	0.01433	0.01066	0.02515	0.02093	0.00162	0.00493	0.00453	0.02090	0.00684
13	0.01188	0.17387	0.01141	0.00739	0.00968	0.00944	0.00620	0.17292	0.01231	0.09407	0.05859	0.03398	0.01350	0.04066	0.00581	0.05392	0.00392	0.09189	0.18310	0.00546
14	0.01158	0.00994	0.01047	0.00937	0.01200	0.01149	0.00730	0.04431	0.78155	0.01946	0.01849	0.01697	0.01385	0.00621	0.00467	0.00155	0.00367	0.00516	0.00467	0.00728
15	0.01259	0.01003	0.01073	0.00939	0.01215	0.01140	0.00738	0.09959	0.67595	0.06999	0.01790	0.01644	0.01324	0.00612	0.00466	0.00153	0.00379	0.00505	0.00473	0.00735
16	0.00667	0.00446	0.00507	0.00507	0.00510	0.00449	0.00287	0.00672	0.00670	0.00895	0.01440	0.02970	0.01654	0.81597	0.04585	0.00453	0.00467	0.00663	0.00277	0.00282
17	0.01715	0.02188	0.01301	0.01183	0.01419	0.82022	0.00887	0.01833	0.01301	0.01124	0.00710	0.00828	0.00591	0.00473	0.00414	0.00118	0.00828	0.00296	0.00237	0.00532
18	0.01227	0.84142	0.02406	0.00786	0.01178	0.01817	0.00786	0.01375	0.00933	0.01080	0.00638	0.00736	0.00589	0.00393	0.00295	0.00098	0.00491	0.00245	0.00196	0.00589
19	0.00558	0.00403	0.00529	0.00630	0.00664	0.00374	0.00422	0.00640	0.00887	0.01175	0.02638	0.79558	0.06975	0.01424	0.00584	0.00185	0.00265	0.01288	0.00426	0.00374
20	0.00797	0.00399	0.00598	0.00598	0.00598	0.00399	0.00399	0.00598	0.00598	0.00797	0.00797	0.01396	0.00797	0.01595	0.01794	0.86643	0.00399	0.00399	0.00199	0.00199
21	0.01047	0.00871	0.01472	0.55401	0.15544	0.00991	0.04905	0.01335	0.00992	0.09858	0.00970	0.01330	0.00734	0.00476	0.00466	0.00150	0.00581	0.02046	0.00253	0.00578
22	0.00603	0.00418	0.00520	0.00583	0.00599	0.00402	0.00366	0.00651	0.00794	0.01058	0.02092	0.50989	0.02484	0.34769	0.01294	0.00291	0.00339	0.01047	0.00366	0.00335
23	0.01275	0.76174	0.02298	0.00824	0.01202	0.09615	0.00795	0.01419	0.00969	0.01084	0.00645	0.00745	0.00589	0.00401	0.00306	0.00100	0.00524	0.00250	0.00200	0.00584
24	0.00559	0.00400	0.00533	0.00639	0.00666	0.00373	0.00426	0.00639	0.00879	0.01172	0.02530	0.83566	0.03036	0.01438	0.00586	0.00186	0.00266	0.01305	0.00426	0.00373
25	0.04294	0.19913	0.01545	0.00978	0.01327	0.07500	0.00827	0.45597	0.09909	0.02226	0.01034	0.01052	0.00779	0.00513	0.00414	0.00129	0.00507	0.00373	0.00379	0.00704
26	0.01080	0.01068	0.06292	0.07018	0.25430	0.01090	0.01029	0.03348	0.35919	0.01651	0.01423	0.04610	0.02507	0.00585	0.00521	0.00152	0.04757	0.00497	0.00344	0.00679
27	0.00863	0.00790	0.01314	0.67409	0.06799	0.00956	0.01208	0.01154	0.00944	0.01217	0.01041	0.01765	0.00898	0.00568	0.00483	0.00160	0.00583	0.11104	0.00235	0.00509
28	0.01124	0.01108	0.05937	0.12887	0.12037	0.01080	0.26656	0.04519	0.14541	0.06744	0.01265	0.01429	0.04170	0.00509	0.00531	0.00152	0.03871	0.00494	0.00303	0.00641
29	0.00797	0.00399	0.00598	0.00598	0.00598	0.00399	0.00399	0.00598	0.00598	0.00797	0.00797	0.01396	0.00797	0.01595	0.01794	0.86643	0.00399	0.00399	0.00199	0.00199
30	0.00808	0.07243	0.09411	0.00721	0.00946	0.00670	0.02904	0.02706	0.01146	0.05681	0.31643	0.07018	0.23735	0.00882	0.00529	0.00147	0.02163	0.00748	0.00411	0.00489
31	0.00867	0.00816	0.01377	0.82762	0.03162	0.01020	0.01275	0.01173	0.00918	0.01173	0.00816	0.01224	0.00612	0.00459	0.00459	0.00153	0.00612	0.00408	0.00204	0.00510
32	0.00874	0.00717	0.00845	0.00658	0.00978	0.00557	0.00510	0.01055	0.00939	0.01448	0.01172	0.16282	0.01144	0.00554	0.00384	0.00092	0.00319	0.00472	0.05196	0.65802
33	0.00708	0.00643	0.00617	0.00655	0.00750	0.10260	0.00466	0.00813	0.01003	0.01227	0.07906	0.42469	0.24203	0.03182	0.00594	0.00174	0.00330	0.03195	0.00405	0.00399
34	0.01572	0.00989	0.01125	0.00921	0.01239	0.01049	0.00741	0.20577	0.35052	0.27373	0.01648	0.01505	0.01156	0.00583	0.00461	0.00145	0.00405	0.00471	0.00493	0.02495
35	0.00865	0.00679	0.00866	0.02638	0.01068	0.00744	0.00754	0.03038	0.19280	0.01506	0.02137	0.07134	0.02171	0.01067	0.00636	0.00194	0.05103	0.49200	0.00417	0.00505
36	0.87108	0.00888	0.00675	0.00604	0.00888	0.01030	0.00497	0.01350	0.00781	0.02060	0.00639	0.00746	0.00497	0.00426	0.00284	0.00142	0.00355	0.00249	0.00284	0.00497

[dist]
# distance from previous block
# <min> <max>
0	2

[block]
# block no. 3 follows, 56 sequences, length 28
# corresponding to MSA columns:
# 293-319,321
name=unknown_D
#
# <colnr> <probs for GDERKNQSTAVLIFYWHMCP>
#	G	D	E	R	K	N	Q	S	T	A	V	L	I	F	Y	W	H	M	C	P
0	0.01391	0.01155	0.01177	0.02744	0.01326	0.06536	0.00791	0.28902	0.41695	0.03604	0.01461	0.01400	0.01083	0.00572	0.00455	0.00143	0.00448	0.00454	0.00437	0.04226
1	0.00656	0.00492	0.00738	0.00738	0.00820	0.00574	0.00574	0.00820	0.00738	0.01066	0.01230	0.01804	0.01148	0.03443	0.82046	0.00738	0.01230	0.00492	0.00246	0.00410
2	0.00952	0.00816	0.00952	0.00680	0.01088	0.00612	0.00544	0.01156	0.00952	0.01496	0.00816	0.00952	0.00680	0.00340	0.00340	0.00068	0.00340	0.00272	0.00272	0.86672
3	0.01566	0.01144	0.01239	0.00968	0.01291	0.01254	0.00793	0.66031	0.01998	0.02708	0.11439	0.01429	0.01257	0.00601	0.00464	0.00137	0.00456	0.00468	0.04036	0.00721
4	0.00952	0.00816	0.00952	0.00680	0.01088	0.00612	0.00544	0.01156	0.00952	0.01496	0.00816	0.00952	0.00680	0.00340	0.00340	0.00068	0.00340	0.00272	0.00272	0.86672
5	0.01136	0.01091	0.01863	0.02818	0.81002	0.01091	0.01409	0.01409	0.01045	0.01500	0.00864	0.01136	0.00727	0.00409	0.00455	0.00136	0.00545	0.00409	0.00227	0.00727
6	0.12825	0.00813	0.01027	0.00798	0.01145	0.00746	0.00659	0.04861	0.01276	0.68498	0.01638	0.01443	0.01043	0.00550	0.00439	0.00142	0.00390	0.00433	0.00528	0.00745
7	0.08279	0.00613	0.00674	0.03935	0.00846	0.00667	0.00496	0.11880	0.01070	0.01767	0.01294	0.01542	0.01036	0.01046	0.14992	0.00229	0.00464	0.00421	0.48265	0.00483
8	0.03923	0.00853	0.01068	0.00842	0.01178	0.00815	0.00689	0.09603	0.12469	0.58967	0.01716	0.01523	0.01125	0.00570	0.00455	0.00143	0.00393	0.00459	0.02450	0.00759
9	0.01467	0.01148	0.01221	0.01000	0.01318	0.01294	0.00805	0.43896	0.38187	0.02444	0.01456	0.01384	0.01067	0.00584	0.00463	0.00146	0.00440	0.00462	0.00463	0.00756
10	0.00665	0.00482	0.00650	0.00748	0.00832	0.00467	0.00607	0.00827	0.00999	0.01298	0.02645	0.30404	0.09172	0.01314	0.00611	0.00199	0.00357	0.46898	0.00424	0.00404
11	0.00679	0.00476	0.00611	0.00597	0.00701	0.00443	0.00440	0.00892	0.03182	0.03605	0.57659	0.18636	0.06683	0.01018	0.00542	0.00152	0.00234	0.00902	0.02112	0.00436
12	0.02254	0.02596	0.03746	0.05981	0.02772	0.00761	0.00676	0.04105	0.00928	0.06175	0.01227	0.01531	0.02368	0.01439	0.25339	0.00317	0.10167	0.00436	0.22688	0.04493
13	0.00721	0.00550	0.00811	0.00784	0.00844	0.00665	0.00610	0.00830	0.00715	0.01037	0.01090	0.01643	0.01029	0.02851	0.60947	0.11550	0.12226	0.00468	0.00234	0.00396
14	0.06185	0.01284	0.06966	0.07374	0.49304	0.11255	0.06805	0.01446	0.01050	0.01463	0.00840	0.01086	0.00685	0.00424	0.00443	0.00137	0.00594	0.00390	0.01610	0.00660
15	0.06886	0.31418	0.13075	0.03110	0.18629	0.13048	0.01043	0.01427	0.00993	0.01291	0.00752	0.00956	0.00647	0.03035	0.00454	0.00133	0.01962	0.00321	0.00217	0.00604
16	0.01329	0.01137	0.03144	0.03174	0.01439	0.09563	0.13915	0.24716	0.08620	0.07635	0.01321	0.07814	0.01096	0.02029	0.03059	0.00168	0.00551	0.02455	0.06208	0.00629
17	0.00584	0.00411	0.00533	0.00620	0.00644	0.00390	0.00408	0.00653	0.00846	0.01127	0.02331	0.66757	0.02777	0.16374	0.00905	0.00234	0.00303	0.03346	0.00399	0.00357
18	0.00585	0.00467	0.00524	0.00510	0.00646	0.00406	0.00382	0.00741	0.01147	0.01479	0.34907	0.04025	0.50410	0.01074	0.00542	0.00151	0.00226	0.00914	0.00458	0.00406
19	0.00577	0.00413	0.00548	0.00628	0.00670	0.00384	0.00428	0.00682	0.00959	0.01299	0.17423	0.68310	0.03283	0.01343	0.00578	0.00178	0.00257	0.01215	0.00441	0.00384
20	0.00667	0.00447	0.00511	0.00511	0.00514	0.00450	0.00290	0.00674	0.00671	0.00897	0.01438	0.02954	0.01647	0.80525	0.05648	0.00457	0.00478	0.00660	0.00277	0.00284
21	0.87108	0.00888	0.00675	0.00604	0.00888	0.01030	0.00497	0.01350	0.00781	0.02060	0.00639	0.00746	0.00497	0.00426	0.00284	0.00142	0.00355	0.00249	0.00284	0.00497
22	0.87108	0.00888	0.00675	0.00604	0.00888	0.01030	0.00497	0.01350	0.00781	0.02060	0.00639	0.00746	0.00497	0.00426	0.00284	0.00142	0.00355	0.00249	0.00284	0.00497
23	0.00780	0.00399	0.00593	0.00601	0.00603	0.00397	0.00401	0.00601	0.00618	0.00824	0.00922	0.07309	0.00959	0.01584	0.01707	0.80421	0.00389	0.00464	0.00216	0.00212
24	0.01302	0.01001	0.01256	0.19962	0.01743	0.01129	0.03754	0.19100	0.33711	0.09964	0.01415	0.01432	0.01029	0.00555	0.00466	0.00150	0.00470	0.00465	0.00406	0.00690
25	0.00811	0.00728	0.01091	0.00978	0.01044	0.00925	0.04589	0.00958	0.00746	0.01105	0.01013	0.04357	0.00977	0.02179	0.43333	0.00478	0.33513	0.00488	0.00234	0.00455
26	0.01031	0.00838	0.00977	0.00703	0.01107	0.00654	0.00565	0.04994	0.01024	0.04482	0.00866	0.00982	0.00702	0.00359	0.00350	0.00074	0.00350	0.00286	0.00292	0.79367
27	0.01445	0.01047	0.01169	0.00912	0.01243	0.01093	0.00743	0.48904	0.01691	0.06144	0.02508	0.03531	0.00943	0.00789	0.07378	0.00177	0.00512	0.00428	0.02356	0.16987

[dist]
# distance from previous block
# <min> <max>
0	2

[block]
# block no. 4 follows, 56 sequences, length 27
# corresponding to MSA columns:
# 324-338,343-354
name=unknown_E
#
# <colnr> <probs for GDERKNQSTAVLIFYWHMCP>
#	G	D	E	R	K	N	Q	S	T	A	V	L	I	F	Y	W	H	M	C	P
0	0.01054	0.00919	0.01280	0.00933	0.01337	0.00780	0.14075	0.04636	0.06685	0.03929	0.00952	0.01080	0.00752	0.00384	0.00392	0.00094	0.00424	0.00347	0.00296	0.59649
1	0.00699	0.00546	0.00697	0.00664	0.00821	0.00479	0.00485	0.00836	0.00899	0.01285	0.05152	0.42384	0.02081	0.01373	0.12564	0.00229	0.00430	0.00844	0.00355	0.27178
2	0.00813	0.00714	0.00995	0.00907	0.00937	0.00924	0.00715	0.00919	0.00714	0.01057	0.01015	0.03694	0.01036	0.15649	0.30240	0.00432	0.38074	0.00501	0.00235	0.00429
3	0.01080	0.01212	0.02566	0.01848	0.02284	0.01162	0.71926	0.01480	0.03617	0.01469	0.00943	0.01238	0.00715	0.00412	0.00579	0.00155	0.04430	0.00530	0.00239	0.02113
4	0.01294	0.01080	0.02306	0.09228	0.01617	0.08944	0.15211	0.09567	0.09366	0.14244	0.01281	0.03944	0.01030	0.00575	0.00508	0.00144	0.03199	0.05979	0.00353	0.10130
5	0.00784	0.00460	0.00623	0.03294	0.00725	0.00459	0.00444	0.03084	0.00845	0.01173	0.12742	0.05480	0.06970	0.01282	0.01220	0.48618	0.00348	0.02175	0.08965	0.00309
6	0.01003	0.00864	0.01219	0.19956	0.19024	0.00990	0.00954	0.01533	0.22446	0.01524	0.01218	0.01418	0.00961	0.00644	0.03545	0.00168	0.07432	0.00444	0.14055	0.00599
7	0.00648	0.00486	0.00650	0.00719	0.00789	0.00476	0.02027	0.00854	0.07124	0.01286	0.04067	0.59210	0.04092	0.01310	0.00582	0.00186	0.00309	0.14340	0.00427	0.00415
8	0.00662	0.00448	0.00508	0.00508	0.00518	0.00447	0.00293	0.00673	0.00687	0.00913	0.01581	0.03021	0.05187	0.77081	0.05317	0.00443	0.00466	0.00674	0.00284	0.00288
9	0.01563	0.27803	0.01649	0.01055	0.01344	0.54669	0.00855	0.03867	0.01210	0.01160	0.00698	0.00807	0.00596	0.00450	0.00378	0.00113	0.00713	0.00283	0.00230	0.00557
10	0.00942	0.08112	0.75938	0.01272	0.01930	0.01119	0.01632	0.01448	0.00967	0.01428	0.00811	0.00953	0.00582	0.00433	0.00426	0.00142	0.00665	0.00333	0.00194	0.00672
11	0.00556	0.00411	0.00521	0.00609	0.00658	0.00375	0.00413	0.00643	0.00908	0.01184	0.02894	0.70004	0.16364	0.01391	0.00579	0.00181	0.00261	0.01248	0.00426	0.00375
12	0.01004	0.01004	0.01406	0.01205	0.01205	0.01406	0.01004	0.01105	0.00703	0.01105	0.00603	0.01004	0.00603	0.00804	0.01507	0.00201	0.83025	0.00402	0.00201	0.00502
13	0.00694	0.00551	0.02350	0.00635	0.00755	0.00505	0.02544	0.00902	0.04939	0.02799	0.32215	0.10292	0.15171	0.16711	0.06684	0.00249	0.00373	0.00800	0.00410	0.00420
14	0.00656	0.00492	0.00738	0.00738	0.00820	0.00574	0.00574	0.00820	0.00738	0.01066	0.01230	0.01804	0.01148	0.03443	0.82046	0.00738	0.01230	0.00492	0.00246	0.00410
15	0.03819	0.27969	0.04622	0.00912	0.01234	0.18873	0.00797	0.22148	0.01339	0.01695	0.00896	0.00990	0.00714	0.00473	0.00373	0.00117	0.00535	0.00328	0.11557	0.00607
16	0.00604	0.00487	0.00544	0.00554	0.00682	0.00442	0.00409	0.00805	0.05923	0.01372	0.16659	0.19161	0.46833	0.01147	0.00548	0.00160	0.00248	0.02568	0.00442	0.00414
17	0.04478	0.03346	0.22534	0.03690	0.05497	0.09067	0.00979	0.02753	0.08017	0.12969	0.06584	0.06056	0.04917	0.00606	0.00451	0.00141	0.00499	0.01808	0.00338	0.05271
18	0.05499	0.06993	0.15891	0.01168	0.08112	0.04511	0.00993	0.23487	0.18632	0.07384	0.01194	0.02157	0.00892	0.00526	0.00437	0.00141	0.00503	0.00412	0.00365	0.00704
19	0.01676	0.02197	0.05226	0.01189	0.01447	0.78059	0.00927	0.01815	0.01285	0.01140	0.00715	0.00835	0.00591	0.00471	0.00415	0.00120	0.00821	0.00298	0.00234	0.00539
20	0.00990	0.00942	0.01519	0.45562	0.26199	0.02715	0.02820	0.02808	0.00975	0.01312	0.00844	0.01196	0.00673	0.00539	0.02487	0.00163	0.05671	0.00411	0.01596	0.00579
21	0.00797	0.00399	0.00598	0.00598	0.00598	0.00399	0.00399	0.00598	0.00598	0.00797	0.00797	0.01396	0.00797	0.01595	0.01794	0.86643	0.00399	0.00399	0.00199	0.00199
22	0.01050	0.00867	0.00916	0.03983	0.02680	0.05770	0.00655	0.10654	0.26316	0.04876	0.04888	0.08614	0.17716	0.04878	0.00588	0.00169	0.00390	0.03995	0.00420	0.00574
23	0.01099	0.00593	0.00749	0.02646	0.00899	0.00564	0.00529	0.06393	0.01146	0.22857	0.10399	0.22843	0.09948	0.01020	0.04484	0.00179	0.00355	0.00758	0.12010	0.00529
24	0.00722	0.00581	0.00719	0.05990	0.00933	0.00576	0.00547	0.00875	0.01025	0.03806	0.12735	0.05113	0.38948	0.02904	0.00669	0.00165	0.08631	0.08244	0.00389	0.06428
25	0.01466	0.04005	0.02652	0.01135	0.05192	0.47815	0.00848	0.09668	0.06377	0.01426	0.02230	0.02627	0.04671	0.00562	0.00456	0.00130	0.02559	0.01517	0.04099	0.00566
26	0.02255	0.02745	0.01136	0.00935	0.01215	0.05624	0.04217	0.12354	0.36126	0.14238	0.03295	0.06247	0.05200	0.00653	0.00470	0.00148	0.00419	0.00545	0.00445	0.01732

[dist]
# distance from previous block
# <min> <max>
1	2

[block]
# block no. 5 follows, 56 sequences, length 27
# corresponding to MSA columns:
# 357-383
name=unknown_F
#
# <colnr> <probs for GDERKNQSTAVLIFYWHMCP>
#	G	D	E	R	K	N	Q	S	T	A	V	L	I	F	Y	W	H	M	C	P
0	0.01177	0.05652	0.16958	0.00974	0.01283	0.21622	0.00887	0.07962	0.07340	0.03198	0.08513	0.05592	0.03614	0.05186	0.02741	0.00168	0.01845	0.00478	0.00313	0.04495
1	0.12865	0.03807	0.01117	0.02295	0.02796	0.01128	0.00727	0.26810	0.24233	0.06853	0.01288	0.01298	0.00959	0.00622	0.02105	0.02089	0.00431	0.00417	0.05084	0.03075
2	0.00952	0.00816	0.00952	0.00680	0.01088	0.00612	0.00544	0.01156	0.00952	0.01496	0.00816	0.00952	0.00680	0.00340	0.00340	0.00068	0.00340	0.00272	0.00272	0.86672
3	0.00988	0.00826	0.01002	0.00718	0.01126	0.00629	0.02659	0.01197	0.00966	0.03866	0.00849	0.00978	0.00694	0.00348	0.00349	0.00073	0.00353	0.00285	0.00280	0.81815
4	0.03376	0.00849	0.00999	0.00732	0.01124	0.00698	0.00592	0.07551	0.01107	0.15639	0.01009	0.01066	0.00764	0.00399	0.00369	0.00088	0.00362	0.00316	0.00339	0.62621
5	0.00846	0.00666	0.00814	0.02257	0.01013	0.00712	0.00682	0.01402	0.26650	0.01585	0.11111	0.07593	0.05073	0.01013	0.00561	0.00182	0.00370	0.36506	0.00443	0.00520
6	0.01872	0.00905	0.01115	0.00869	0.01211	0.00880	0.00714	0.20409	0.07765	0.53849	0.01638	0.01471	0.01075	0.00567	0.00457	0.00141	0.00409	0.00454	0.03434	0.00765
7	0.64200	0.00859	0.00780	0.00661	0.00964	0.00934	0.00545	0.01589	0.00925	0.23409	0.00955	0.00966	0.00669	0.00464	0.00332	0.00142	0.00365	0.00306	0.00361	0.00574
8	0.01004	0.01004	0.01406	0.01205	0.01205	0.01406	0.01004	0.01105	0.00703	0.01105	0.00603	0.01004	0.00603	0.00804	0.01507	0.00201	0.83025	0.00402	0.00201	0.00502
9	0.01736	0.01262	0.01359	0.01046	0.01410	0.01394	0.00862	0.74928	0.04466	0.05140	0.01146	0.01134	0.00810	0.00554	0.00460	0.00138	0.00498	0.00418	0.00463	0.00779
10	0.01918	0.00750	0.01020	0.00793	0.01123	0.00650	0.00650	0.02099	0.01313	0.73306	0.09771	0.01751	0.01459	0.00606	0.00470	0.00142	0.00373	0.00499	0.00562	0.00746
11	0.01342	0.01028	0.01095	0.00918	0.01198	0.01156	0.00733	0.33779	0.36562	0.02272	0.01493	0.01465	0.01113	0.00655	0.02546	0.00157	0.00426	0.00464	0.10892	0.00704
12	0.00601	0.00469	0.00547	0.00542	0.00670	0.00415	0.00412	0.00764	0.01148	0.01499	0.36451	0.06654	0.41124	0.01084	0.00549	0.00155	0.00239	0.05808	0.00459	0.00409
13	0.00976	0.00966	0.01438	0.05942	0.08559	0.01252	0.05294	0.01124	0.00808	0.01201	0.04115	0.01310	0.04758	0.00749	0.01212	0.00185	0.58905	0.00456	0.00229	0.00521
14	0.45823	0.11588	0.01189	0.08668	0.13500	0.05456	0.00775	0.01351	0.00898	0.01691	0.03399	0.00949	0.00692	0.00449	0.00366	0.00136	0.01954	0.00313	0.00260	0.00545
15	0.01390	0.32125	0.10982	0.02913	0.03142	0.35594	0.00967	0.03008	0.01110	0.01187	0.00706	0.00837	0.00597	0.00450	0.00411	0.00118	0.03374	0.00293	0.00219	0.00577
16	0.00959	0.01079	0.12837	0.04746	0.06593	0.07138	0.02601	0.04231	0.13832	0.01419	0.05088	0.10732	0.08116	0.02400	0.02814	0.08894	0.03862	0.00582	0.01547	0.00530
17	0.00740	0.00528	0.00740	0.00845	0.00951	0.00528	0.00740	0.00951	0.01057	0.01374	0.02431	0.05179	0.02642	0.01268	0.00634	0.00211	0.00423	0.77912	0.00423	0.00423
18	0.00626	0.00468	0.00580	0.00552	0.00671	0.00423	0.00414	0.00820	0.01243	0.01707	0.63742	0.03650	0.21433	0.00989	0.00542	0.00147	0.00220	0.00861	0.00488	0.00423
19	0.00629	0.00469	0.00586	0.00567	0.00682	0.00426	0.00428	0.00821	0.01226	0.01680	0.59717	0.05844	0.20114	0.01012	0.00547	0.00150	0.00230	0.03970	0.00484	0.00422
20	0.00664	0.00448	0.00509	0.00509	0.00517	0.00449	0.00292	0.00674	0.00681	0.00907	0.01524	0.02994	0.03771	0.78415	0.05492	0.00449	0.00471	0.00669	0.00281	0.00286
21	0.87108	0.00888	0.00675	0.00604	0.00888	0.01030	0.00497	0.01350	0.00781	0.02060	0.00639	0.00746	0.00497	0.00426	0.00284	0.00142	0.00355	0.00249	0.00284	0.00497
22	0.87108	0.00888	0.00675	0.00604	0.00888	0.01030	0.00497	0.01350	0.00781	0.02060	0.00639	0.00746	0.00497	0.00426	0.00284	0.00142	0.00355	0.00249	0.00284	0.00497
23	0.00587	0.00438	0.00570	0.00617	0.00689	0.00421	0.00440	0.00708	0.00942	0.01258	0.13589	0.42816	0.17091	0.01688	0.15616	0.00277	0.00431	0.01027	0.00404	0.00391
24	0.01123	0.03542	0.01701	0.03996	0.03616	0.06270	0.29938	0.08031	0.03182	0.03684	0.08233	0.01485	0.02515	0.00549	0.00595	0.00147	0.10015	0.00500	0.10303	0.00576
25	0.06160	0.06241	0.08862	0.07907	0.17798	0.13017	0.02837	0.02469	0.03742	0.03428	0.03022	0.03161	0.08219	0.00632	0.00460	0.00146	0.00528	0.09277	0.01523	0.00573
26	0.20221	0.03300	0.05035	0.02709	0.04488	0.05844	0.01840	0.12739	0.07288	0.10672	0.02318	0.01244	0.02121	0.03390	0.02185	0.00160	0.05333	0.00389	0.00340	0.08385

[dist]
# distance from previous block
# <min> <max>
1	8

[block]
# block no. 6 follows, 56 sequences, length 20
# corresponding to MSA columns:
# 392-398,406-418
name=unknown_G
#
# <colnr> <probs for GDERKNQSTAVLIFYWHMCP>
#	G	D	E	R	K	N	Q	S	T	A	V	L	I	F	Y	W	H	M	C	P
0	0.04883	0.01119	0.01155	0.09484	0.13346	0.15490	0.00840	0.16737	0.07410	0.01742	0.03142	0.01467	0.05905	0.00612	0.02142	0.00147	0.00512	0.00440	0.12834	0.00593
1	0.01662	0.01249	0.01365	0.01118	0.04739	0.01383	0.00881	0.68779	0.09624	0.02741	0.01166	0.01162	0.00838	0.00552	0.00460	0.00139	0.00493	0.00423	0.00450	0.00773
2	0.01716	0.02153	0.01304	0.01178	0.01419	0.78891	0.00886	0.04850	0.01334	0.01192	0.00725	0.00839	0.00599	0.00476	0.00416	0.00119	0.00815	0.00300	0.00245	0.00542
3	0.03736	0.63757	0.12561	0.00913	0.01322	0.01650	0.03909	0.01374	0.00927	0.01174	0.00672	0.00799	0.00590	0.00420	0.00382	0.00113	0.04627	0.00277	0.00200	0.00595
4	0.00667	0.00525	0.00610	0.00586	0.00723	0.00498	0.00439	0.00970	0.10430	0.01615	0.42125	0.08077	0.29017	0.01003	0.00536	0.00152	0.00242	0.00866	0.00470	0.00449
5	0.00797	0.00399	0.00598	0.00598	0.00598	0.00399	0.00399	0.00598	0.00598	0.00797	0.00797	0.01396	0.00797	0.01595	0.01794	0.86643	0.00399	0.00399	0.00199	0.00199
6	0.00893	0.00578	0.00709	0.00781	0.09485	0.00580	0.00514	0.06035	0.02772	0.01803	0.23020	0.02078	0.01967	0.00634	0.00407	0.00123	0.00273	0.00536	0.46321	0.00491
7	0.00578	0.00410	0.00539	0.00626	0.00652	0.00392	0.00414	0.00652	0.00844	0.01130	0.02324	0.68935	0.02763	0.12347	0.04867	0.00248	0.00338	0.01181	0.00398	0.00362
8	0.01502	0.38053	0.01784	0.01009	0.01314	0.46922	0.00843	0.01633	0.01140	0.01105	0.00678	0.00788	0.00590	0.00438	0.00362	0.00109	0.00680	0.00274	0.00219	0.00557
9	0.00577	0.00413	0.00532	0.00616	0.00651	0.00387	0.00411	0.00656	0.00881	0.01168	0.04862	0.66137	0.07262	0.10697	0.00781	0.00213	0.00286	0.02694	0.00412	0.00366
10	0.03191	0.21827	0.21555	0.01151	0.09572	0.10020	0.01026	0.01394	0.00997	0.04437	0.00973	0.02831	0.03473	0.01761	0.00464	0.00128	0.03696	0.00363	0.00243	0.10898
11	0.04422	0.02991	0.10631	0.02571	0.07125	0.07902	0.00937	0.15964	0.37049	0.01903	0.01325	0.01322	0.00998	0.00549	0.00468	0.00146	0.02196	0.00433	0.00375	0.00695
12	0.00804	0.00741	0.04974	0.00899	0.01047	0.02797	0.09685	0.03788	0.00890	0.01214	0.01465	0.22780	0.01538	0.05739	0.20664	0.09997	0.04311	0.03880	0.00298	0.02490
13	0.04267	0.00905	0.02186	0.08714	0.04087	0.04035	0.00743	0.13455	0.21862	0.04681	0.08943	0.01890	0.06126	0.00834	0.05982	0.00185	0.00465	0.02683	0.07357	0.00598
14	0.00797	0.00399	0.00598	0.00598	0.00598	0.00399	0.00399	0.00598	0.00598	0.00797	0.00797	0.01396	0.00797	0.01595	0.01794	0.86643	0.00399	0.00399	0.00199	0.00199
15	0.01011	0.00903	0.03474	0.16729	0.11275	0.02279	0.00954	0.05087	0.05910	0.02987	0.00940	0.01338	0.00811	0.02180	0.05110	0.12230	0.22190	0.01819	0.02256	0.00517
16	0.01043	0.01090	0.04982	0.11741	0.47508	0.01043	0.16660	0.01340	0.01029	0.01433	0.01069	0.04275	0.03726	0.00477	0.00479	0.00145	0.00582	0.00485	0.00239	0.00653
17	0.01052	0.01093	0.02072	0.01682	0.12676	0.00988	0.45331	0.01369	0.01039	0.01482	0.00886	0.01139	0.00696	0.00376	0.00470	0.00126	0.00614	0.00444	0.00243	0.26222
18	0.01171	0.05464	0.19139	0.07049	0.03181	0.02341	0.05050	0.02972	0.09905	0.16194	0.03765	0.06691	0.02236	0.00581	0.00453	0.00139	0.00486	0.02512	0.00345	0.10327
19	0.00955	0.00793	0.00858	0.00791	0.00983	0.00881	0.00596	0.01823	0.51426	0.01716	0.13297	0.05415	0.07066	0.10484	0.00706	0.00189	0.00340	0.00640	0.00446	0.00597

[dist]
# distance from previous block
# <min> <max>
0	2

[block]
# block no. 7 follows, 56 sequences, length 29
# corresponding to MSA columns:
# 421-426,454-476
name=unknown_H
#
# <colnr> <probs for GDERKNQSTAVLIFYWHMCP>
#	G	D	E	R	K	N	Q	S	T	A	V	L	I	F	Y	W	H	M	C	P
0	0.18035	0.01116	0.01111	0.00917	0.01225	0.03336	0.00738	0.36070	0.25306	0.02325	0.01236	0.01249	0.00926	0.02369	0.00466	0.00149	0.00438	0.00413	0.00415	0.02162
1	0.08503	0.17110	0.10620	0.01278	0.14563	0.16585	0.03780	0.04645	0.02913	0.01412	0.01042	0.01205	0.05438	0.02266	0.02277	0.00148	0.02163	0.00378	0.00254	0.03420
2	0.00824	0.02542	0.03292	0.00775	0.03373	0.00630	0.01953	0.01111	0.08181	0.01478	0.11946	0.15934	0.07550	0.02848	0.00511	0.00139	0.00338	0.05689	0.02615	0.28273
3	0.03590	0.00998	0.01686	0.23164	0.52586	0.01049	0.03870	0.01352	0.01009	0.03273	0.00903	0.02855	0.00747	0.00447	0.00456	0.00143	0.00555	0.00428	0.00235	0.00655
4	0.00952	0.00816	0.00952	0.00680	0.01088	0.00612	0.00544	0.01156	0.00952	0.01496	0.00816	0.00952	0.00680	0.00340	0.00340	0.00068	0.00340	0.00272	0.00272	0.86672
5	0.01220	0.01093	0.05634	0.02987	0.03619	0.05240	0.11141	0.13591	0.04763	0.09439	0.05796	0.02933	0.01051	0.02712	0.02033	0.00157	0.11065	0.00455	0.00332	0.14739
6	0.08605	0.00897	0.04864	0.04232	0.01210	0.00722	0.00651	0.02893	0.03210	0.13001	0.00995	0.01077	0.00756	0.00407	0.00368	0.00097	0.00377	0.00320	0.02495	0.52822
7	0.00867	0.00816	0.01377	0.82762	0.03162	0.01020	0.01275	0.01173	0.00918	0.01173	0.00816	0.01224	0.00612	0.00459	0.00459	0.00153	0.00612	0.00408	0.00204	0.00510
8	0.00659	0.00497	0.00723	0.00721	0.00797	0.00573	0.00553	0.00807	0.00746	0.01063	0.01373	0.03899	0.03833	0.08661	0.70228	0.00674	0.02998	0.00537	0.00257	0.00402
9	0.65535	0.03617	0.00836	0.00715	0.03369	0.01008	0.00566	0.03857	0.00913	0.12783	0.00839	0.00901	0.00618	0.00450	0.00320	0.00139	0.00372	0.00291	0.02318	0.00553
10	0.01083	0.01187	0.02383	0.01749	0.02107	0.01223	0.59796	0.03407	0.01026	0.01426	0.00860	0.01183	0.00678	0.00484	0.00755	0.00165	0.19152	0.00507	0.00231	0.00597
11	0.01439	0.01067	0.01150	0.00919	0.01205	0.01170	0.00734	0.55953	0.06208	0.02382	0.01456	0.01664	0.06805	0.12156	0.03405	0.00202	0.00493	0.00497	0.00425	0.00668
12	0.00999	0.01101	0.02350	0.01718	0.02112	0.01032	0.66213	0.01339	0.01062	0.01441	0.03589	0.12476	0.01125	0.00547	0.00548	0.00159	0.00688	0.00654	0.00267	0.00580
13	0.00614	0.00498	0.00551	0.00553	0.00693	0.00452	0.00418	0.00828	0.06267	0.01396	0.17980	0.11036	0.50445	0.01117	0.00546	0.00159	0.00252	0.05333	0.00443	0.00419
