[name]
unknown

[dist]
# distance from previous block
# <min> <max>
0	82

[block]
# block no. 0 follows, 57 sequences, length 27
# corresponding to MSA columns:
# 87-113
name=unknown_A
#
# <colnr> <probs for GDERKNQSTAVLIFYWHMCP>
#	G	D	E	R	K	N	Q	S	T	A	V	L	I	F	Y	W	H	M	C	P
0	0.01041	0.06582	0.05823	0.03977	0.14984	0.05238	0.02220	0.04232	0.06255	0.08344	0.14207	0.05110	0.11082	0.00699	0.00474	0.00142	0.00426	0.05412	0.00360	0.03391
1	0.01141	0.04909	0.14488	0.27591	0.06975	0.10779	0.02382	0.05448	0.05145	0.07436	0.01014	0.02000	0.01944	0.00532	0.01902	0.00147	0.00588	0.00395	0.00268	0.04915
2	0.06125	0.02460	0.01222	0.07701	0.01431	0.17077	0.00815	0.35592	0.08347	0.02055	0.04684	0.01165	0.00908	0.00518	0.00427	0.00129	0.00522	0.00389	0.00363	0.08069
3	0.15090	0.06081	0.19577	0.00985	0.01398	0.02269	0.08117	0.12932	0.01151	0.07180	0.05548	0.02386	0.00904	0.00477	0.00406	0.00128	0.00489	0.00384	0.00307	0.14191
4	0.00664	0.00486	0.00597	0.00617	0.00704	0.00470	0.00436	0.00896	0.08645	0.02705	0.25121	0.37445	0.10281	0.07946	0.00690	0.00187	0.00271	0.00983	0.00437	0.00419
5	0.31153	0.01104	0.09976	0.00832	0.01180	0.03624	0.00749	0.14697	0.03490	0.23720	0.04510	0.01182	0.00909	0.00509	0.00394	0.00140	0.00430	0.00373	0.00389	0.00639
6	0.06520	0.08202	0.42594	0.01213	0.09047	0.01033	0.01234	0.01532	0.07179	0.10403	0.01211	0.01271	0.05637	0.00497	0.00423	0.00140	0.00540	0.00394	0.00276	0.00653
7	0.00559	0.00429	0.00514	0.00567	0.00651	0.00384	0.00402	0.00668	0.00972	0.01246	0.10120	0.44186	0.32607	0.01268	0.00560	0.00169	0.00251	0.03636	0.00427	0.00380
8	0.03588	0.05483	0.43627	0.01281	0.09662	0.00981	0.05171	0.01453	0.01013	0.12548	0.01296	0.01371	0.08232	0.00514	0.00456	0.00142	0.01840	0.00421	0.00272	0.00647
9	0.00741	0.00620	0.00690	0.00677	0.00771	0.05371	0.03292	0.00935	0.08334	0.01166	0.02258	0.20352	0.15550	0.29517	0.01144	0.00260	0.00390	0.07180	0.00356	0.00393
10	0.01071	0.03859	0.13237	0.09635	0.12357	0.01144	0.45050	0.05331	0.01082	0.01483	0.00883	0.01150	0.00669	0.00407	0.00490	0.00146	0.00685	0.00463	0.00231	0.00630
11	0.01679	0.00824	0.01030	0.00819	0.01124	0.00793	0.00665	0.15207	0.08254	0.48538	0.14352	0.01773	0.01589	0.00621	0.00468	0.00141	0.00375	0.00511	0.00524	0.00711
12	0.01611	0.01190	0.01300	0.03400	0.01408	0.01322	0.00845	0.65539	0.09715	0.04466	0.01174	0.01183	0.00846	0.00640	0.03085	0.00157	0.00508	0.00422	0.00442	0.00746
13	0.03989	0.01457	0.20879	0.01803	0.09635	0.01113	0.51453	0.01438	0.01030	0.01470	0.00877	0.01135	0.00657	0.00397	0.00494	0.00148	0.00707	0.00466	0.00222	0.00631
14	0.00758	0.00523	0.00637	0.00603	0.00743	0.00487	0.00458	0.03770	0.03744	0.07064	0.40273	0.12188	0.22386	0.00997	0.00532	0.00152	0.00257	0.03504	0.00470	0.00455
15	0.00561	0.00445	0.00505	0.00522	0.00636	0.00388	0.00379	0.00688	0.01046	0.01330	0.19803	0.22728	0.47034	0.01166	0.00545	0.00158	0.00234	0.01006	0.00437	0.00388
16	0.07906	0.01334	0.10476	0.04275	0.01580	0.06508	0.11888	0.37772	0.01531	0.06530	0.01006	0.01121	0.00737	0.02117	0.00496	0.00145	0.01853	0.00405	0.01648	0.00671
17	0.04259	0.00851	0.01383	0.61775	0.13012	0.01021	0.01207	0.01236	0.00923	0.04661	0.00836	0.01182	0.00636	0.00467	0.00498	0.00150	0.04737	0.00399	0.00223	0.00542
18	0.00565	0.00402	0.00533	0.00633	0.00662	0.00378	0.00427	0.00645	0.00865	0.01152	0.02444	0.76695	0.02918	0.05224	0.00660	0.00197	0.00278	0.04541	0.00414	0.00366
19	0.03394	0.02255	0.75900	0.01261	0.01906	0.01067	0.01605	0.04869	0.01003	0.01514	0.00820	0.00956	0.00580	0.00435	0.00427	0.00143	0.00653	0.00336	0.00205	0.00669
20	0.02500	0.04088	0.28889	0.04600	0.06547	0.16692	0.13293	0.02987	0.01071	0.07988	0.00914	0.01086	0.00688	0.00639	0.05894	0.00177	0.00701	0.00382	0.00248	0.00616
21	0.05896	0.00675	0.00831	0.00702	0.00929	0.00636	0.00553	0.09258	0.01283	0.27339	0.29940	0.09794	0.04768	0.00769	0.00482	0.00142	0.00316	0.00653	0.00482	0.04554
22	0.03755	0.04444	0.05088	0.03941	0.17851	0.00739	0.00772	0.01238	0.03543	0.11893	0.28359	0.07811	0.07268	0.00727	0.00480	0.00143	0.00365	0.00634	0.00392	0.00558
23	0.02460	0.04992	0.37571	0.01018	0.01437	0.06341	0.01095	0.01515	0.13625	0.06757	0.05818	0.09347	0.04854	0.00624	0.00452	0.00145	0.00514	0.00510	0.00313	0.00612
24	0.17762	0.00958	0.01198	0.20223	0.16610	0.07285	0.01976	0.02643	0.04774	0.13379	0.03942	0.05354	0.00971	0.00528	0.00427	0.00143	0.00485	0.00438	0.00315	0.00589
25	0.11280	0.02419	0.02442	0.02491	0.07611	0.03332	0.08647	0.06610	0.04660	0.18268	0.04893	0.04113	0.06464	0.00553	0.00432	0.00131	0.00431	0.00469	0.00364	0.14390
26	0.08126	0.13147	0.05778	0.01040	0.09847	0.04045	0.00798	0.02649	0.11794	0.17065	0.05301	0.04971	0.01146	0.00561	0.00448	0.00133	0.02956	0.01895	0.00353	0.07946

[dist]
# distance from previous block
# <min> <max>
13	52

[block]
# block no. 1 follows, 57 sequences, length 11
# corresponding to MSA columns:
# 166-176
name=unknown_B
#
# <colnr> <probs for GDERKNQSTAVLIFYWHMCP>
#	G	D	E	R	K	N	Q	S	T	A	V	L	I	F	Y	W	H	M	C	P
0	0.01069	0.00992	0.01584	0.16450	0.50099	0.01042	0.01221	0.05062	0.04226	0.01483	0.00997	0.01304	0.02442	0.00473	0.00487	0.00139	0.03469	0.02211	0.00250	0.04998
1	0.01255	0.06402	0.06330	0.04614	0.04791	0.03187	0.07430	0.17038	0.09489	0.08797	0.03922	0.01221	0.00914	0.00517	0.00536	0.00133	0.08730	0.00407	0.00334	0.13952
2	0.01155	0.00897	0.01071	0.00908	0.04199	0.03129	0.02862	0.09820	0.13096	0.09468	0.04985	0.02866	0.01186	0.00554	0.00449	0.00120	0.02062	0.06443	0.00365	0.34366
3	0.01300	0.29050	0.17124	0.01090	0.08012	0.08410	0.00977	0.06239	0.01089	0.13137	0.00924	0.01015	0.00713	0.00582	0.04342	0.00149	0.00569	0.00332	0.00275	0.04669
4	0.01026	0.16481	0.54159	0.01190	0.01755	0.01210	0.05049	0.05437	0.06868	0.01477	0.00876	0.00990	0.00650	0.00440	0.00414	0.00136	0.00610	0.00345	0.00227	0.00660
5	0.00560	0.00460	0.00494	0.00485	0.00627	0.00393	0.00364	0.00699	0.01092	0.01364	0.22595	0.04131	0.62973	0.01095	0.00535	0.00151	0.00226	0.00924	0.00439	0.00393
6	0.00569	0.00415	0.00522	0.00595	0.00643	0.00384	0.00404	0.00655	0.00893	0.01171	0.05872	0.58187	0.14544	0.09710	0.00746	0.00204	0.00278	0.03432	0.00409	0.00365
7	0.06283	0.01200	0.01556	0.03801	0.15883	0.13220	0.15747	0.11204	0.06572	0.08945	0.04920	0.01250	0.00930	0.00508	0.00523	0.00143	0.05931	0.00435	0.00316	0.00632
8	0.04475	0.00819	0.01007	0.00866	0.01064	0.03249	0.08022	0.19545	0.06249	0.01723	0.09390	0.23296	0.11314	0.03846	0.00598	0.00166	0.02690	0.00758	0.00398	0.00525
9	0.00558	0.00426	0.00515	0.00578	0.00656	0.00383	0.00409	0.00661	0.00949	0.01213	0.05827	0.48694	0.31005	0.01297	0.00564	0.00173	0.00257	0.05034	0.00423	0.00378
10	0.00989	0.01843	0.45989	0.04611	0.02103	0.03514	0.28683	0.01429	0.00994	0.01408	0.00838	0.01056	0.00616	0.00428	0.00504	0.00148	0.03601	0.00408	0.00206	0.00633

[dist]
# distance from previous block
# <min> <max>
0	10

[block]
# block no. 2 follows, 57 sequences, length 7
# corresponding to MSA columns:
# 187-193
name=unknown_C
#
# <colnr> <probs for GDERKNQSTAVLIFYWHMCP>
#	G	D	E	R	K	N	Q	S	T	A	V	L	I	F	Y	W	H	M	C	P
0	0.13927	0.33090	0.10578	0.00964	0.01322	0.03471	0.07235	0.08961	0.05680	0.01508	0.00849	0.03588	0.00720	0.00487	0.00440	0.00130	0.05845	0.00354	0.00259	0.00593
1	0.00573	0.00410	0.00548	0.00637	0.00677	0.00384	0.00441	0.00676	0.00926	0.01244	0.11418	0.69740	0.03118	0.01353	0.00576	0.00181	0.00267	0.06024	0.00429	0.00378
2	0.00572	0.00449	0.00518	0.00536	0.00650	0.00396	0.00395	0.00706	0.01058	0.01354	0.21897	0.20327	0.43987	0.01156	0.00548	0.00159	0.00240	0.04221	0.00439	0.00392
3	0.01121	0.00789	0.00925	0.00782	0.01003	0.03286	0.04251	0.20778	0.03292	0.10977	0.15637	0.11644	0.15975	0.00810	0.00489	0.00145	0.00361	0.00688	0.06492	0.00556
4	0.01009	0.00979	0.01139	0.01094	0.06940	0.11366	0.04296	0.01399	0.18042	0.01319	0.05028	0.01592	0.01158	0.08941	0.16560	0.00293	0.17546	0.00477	0.00293	0.00527
5	0.01092	0.17000	0.24492	0.01038	0.01416	0.01166	0.04716	0.08906	0.12051	0.04923	0.01141	0.08147	0.00968	0.00710	0.04318	0.00170	0.06374	0.00456	0.00294	0.00621
6	0.01171	0.42572	0.22652	0.00930	0.01352	0.03907	0.00983	0.03756	0.04036	0.06920	0.00920	0.04465	0.00775	0.00571	0.03093	0.00141	0.00547	0.00351	0.00249	0.00612

[dist]
# distance from previous block
# <min> <max>
2	23

[block]
# block no. 3 follows, 57 sequences, length 26
# corresponding to MSA columns:
# 217-239,241-243
name=unknown_D
#
# <colnr> <probs for GDERKNQSTAVLIFYWHMCP>
#	G	D	E	R	K	N	Q	S	T	A	V	L	I	F	Y	W	H	M	C	P
0	0.04450	0.00849	0.00940	0.02226	0.01068	0.02317	0.00608	0.17447	0.11686	0.12537	0.05649	0.04011	0.06658	0.10711	0.00663	0.00166	0.00390	0.00507	0.00397	0.16719
1	0.00660	0.04326	0.00658	0.00650	0.00722	0.00470	0.00467	0.00764	0.00916	0.03321	0.07715	0.58157	0.02751	0.06106	0.00658	0.00190	0.00299	0.08213	0.00407	0.02549
2	0.01043	0.00807	0.00952	0.00722	0.01069	0.00675	0.00573	0.08521	0.01061	0.06673	0.01069	0.09746	0.00953	0.00494	0.00405	0.00093	0.02164	0.00404	0.00319	0.62256
3	0.04890	0.00920	0.04571	0.00807	0.01153	0.00806	0.02594	0.11203	0.11471	0.11909	0.03695	0.04181	0.05076	0.00531	0.00413	0.00115	0.00380	0.00435	0.00369	0.34480
4	0.00607	0.00449	0.00573	0.00650	0.00704	0.00436	0.00449	0.00793	0.07218	0.01264	0.07585	0.68311	0.05060	0.01313	0.00566	0.00179	0.00270	0.02745	0.00429	0.00401
5	0.03174	0.44257	0.01754	0.00889	0.03270	0.05624	0.00763	0.08436	0.20964	0.01492	0.01021	0.01057	0.00826	0.00470	0.00359	0.00118	0.00458	0.00339	0.04108	0.00624
6	0.01291	0.24870	0.26417	0.00997	0.01449	0.08182	0.01039	0.09889	0.03228	0.11122	0.00925	0.00983	0.00692	0.00447	0.00389	0.00122	0.00546	0.00327	0.00281	0.06803
7	0.01101	0.00696	0.00907	0.00755	0.00984	0.00662	0.04217	0.08701	0.07117	0.18576	0.36158	0.02528	0.07978	0.00756	0.00496	0.00141	0.00325	0.02222	0.00473	0.05208
8	0.13754	0.00969	0.01080	0.00865	0.01189	0.01017	0.00706	0.26216	0.14620	0.31147	0.02916	0.01347	0.01027	0.00552	0.00433	0.00141	0.00408	0.00428	0.00470	0.00716
9	0.01006	0.00966	0.01626	0.26472	0.35605	0.01087	0.06910	0.01262	0.00937	0.01324	0.00824	0.01155	0.00678	0.00487	0.00624	0.00150	0.14335	0.00412	0.03541	0.00597
10	0.00699	0.00453	0.00583	0.00638	0.00705	0.00427	0.00439	0.00831	0.03968	0.07563	0.03601	0.64065	0.06339	0.06574	0.00672	0.00194	0.00285	0.01130	0.00425	0.00409
11	0.01658	0.00816	0.01022	0.00812	0.01113	0.00784	0.00660	0.15953	0.06494	0.47286	0.16561	0.01816	0.01668	0.00630	0.00470	0.00141	0.00372	0.00519	0.00523	0.00703
12	0.00685	0.00490	0.00597	0.00619	0.00721	0.00460	0.00456	0.02246	0.03325	0.03810	0.12334	0.29502	0.20240	0.09929	0.00739	0.00197	0.00300	0.11021	0.00418	0.01912
13	0.00666	0.00522	0.00592	0.00572	0.00710	0.00488	0.00428	0.05092	0.05118	0.01528	0.28552	0.14059	0.37901	0.01052	0.00533	0.00153	0.00250	0.00904	0.00450	0.00433
14	0.01486	0.01052	0.01177	0.00939	0.01246	0.01140	0.02438	0.46581	0.15131	0.09436	0.01503	0.01479	0.06044	0.00632	0.00507	0.03480	0.00437	0.00468	0.04128	0.00696
15	0.01006	0.01040	0.01624	0.01319	0.01421	0.02809	0.17196	0.01167	0.00784	0.01164	0.00689	0.01069	0.00636	0.00811	0.04644	0.00210	0.61263	0.00427	0.00207	0.00516
16	0.04343	0.01144	0.01246	0.00978	0.01321	0.01249	0.00801	0.55209	0.13279	0.13777	0.01281	0.01228	0.00900	0.00553	0.00449	0.00139	0.00458	0.00425	0.00464	0.00754
17	0.00596	0.00459	0.00543	0.00546	0.00656	0.00415	0.00398	0.00766	0.02800	0.01454	0.34442	0.18486	0.32571	0.03088	0.00584	0.00161	0.00237	0.00946	0.00449	0.00402
18	0.03079	0.00868	0.01067	0.00866	0.01153	0.00870	0.02459	0.27781	0.01502	0.30884	0.08440	0.08020	0.03688	0.00712	0.00484	0.00148	0.00406	0.06427	0.00482	0.00666
19	0.01819	0.00789	0.01035	0.00815	0.01134	0.00729	0.00667	0.08667	0.04380	0.62955	0.05367	0.01610	0.01249	0.00759	0.05680	0.00178	0.00439	0.00473	0.00525	0.00730
20	0.00640	0.00467	0.00667	0.00680	0.00744	0.00522	0.00506	0.00771	0.00741	0.01054	0.01414	0.12652	0.01443	0.13410	0.59956	0.00609	0.00973	0.00612	0.01756	0.00383
21	0.01267	0.00612	0.00765	0.00669	0.00861	0.00569	0.00509	0.06343	0.01127	0.32835	0.04518	0.18545	0.04997	0.09842	0.00665	0.00176	0.00334	0.00671	0.14142	0.00552
22	0.20731	0.00971	0.00985	0.04313	0.03777	0.06159	0.00693	0.23755	0.06381	0.05119	0.09423	0.06634	0.02827	0.00635	0.00431	0.00143	0.00417	0.02953	0.03069	0.00586
23	0.08973	0.00983	0.01114	0.07414	0.01323	0.05529	0.00771	0.15336	0.12109	0.26465	0.01286	0.01292	0.00913	0.00564	0.00548	0.00146	0.09756	0.00415	0.04406	0.00657
24	0.00588	0.00427	0.00550	0.00635	0.00682	0.00402	0.00436	0.02802	0.00920	0.01214	0.02613	0.73295	0.08760	0.01370	0.00573	0.00181	0.00271	0.03478	0.00421	0.00382
25	0.06576	0.26162	0.26675	0.02895	0.01439	0.01194	0.01002	0.07185	0.01017	0.01472	0.00766	0.00886	0.00608	0.00405	0.00360	0.00112	0.00504	0.00294	0.00235	0.20213

[dist]
# distance from previous block
# <min> <max>
0	1

[block]
# block no. 4 follows, 57 sequences, length 25
# corresponding to MSA columns:
# 245-269
name=unknown_E
#
# <colnr> <probs for GDERKNQSTAVLIFYWHMCP>
#	G	D	E	R	K	N	Q	S	T	A	V	L	I	F	Y	W	H	M	C	P
0	0.09434	0.00830	0.01284	0.58089	0.09378	0.00992	0.01123	0.03005	0.00935	0.03289	0.00901	0.05207	0.00736	0.00506	0.00466	0.00151	0.02479	0.00432	0.00236	0.00527
1	0.01443	0.01253	0.01418	0.01182	0.04714	0.12730	0.09847	0.29476	0.13696	0.06915	0.01131	0.02055	0.00856	0.00534	0.00518	0.00139	0.05838	0.00426	0.00368	0.05460
2	0.00930	0.00917	0.01410	0.09271	0.03282	0.01161	0.10039	0.01113	0.02114	0.01208	0.05349	0.03312	0.04989	0.00812	0.03351	0.00195	0.49311	0.00490	0.00241	0.00504
3	0.00919	0.00533	0.00689	0.00680	0.00806	0.00501	0.00499	0.04479	0.02954	0.16895	0.13724	0.46825	0.04948	0.01114	0.00540	0.00166	0.00294	0.02491	0.00461	0.00482
4	0.01167	0.00918	0.01539	0.04594	0.02851	0.03718	0.28819	0.05014	0.01159	0.17131	0.06708	0.07034	0.07152	0.00681	0.00519	0.00155	0.00526	0.09370	0.00367	0.00579
5	0.00986	0.00968	0.03862	0.37392	0.30026	0.01047	0.03373	0.04463	0.00990	0.01352	0.00905	0.05203	0.00769	0.00508	0.00530	0.00149	0.06208	0.00448	0.00231	0.00590
6	0.00567	0.00421	0.00525	0.00581	0.00648	0.00383	0.00403	0.00676	0.00974	0.01285	0.17156	0.50728	0.19779	0.02919	0.00596	0.00175	0.00250	0.01120	0.00432	0.00380
7	0.07773	0.01176	0.01144	0.00935	0.01238	0.12170	0.00751	0.33549	0.12713	0.15703	0.07190	0.01359	0.01132	0.00566	0.00442	0.00137	0.00471	0.00434	0.00434	0.00684
8	0.13198	0.05336	0.01157	0.02987	0.05141	0.08596	0.00751	0.15983	0.17101	0.17435	0.02057	0.03188	0.00989	0.00646	0.03327	0.00160	0.00479	0.00424	0.00393	0.00654
9	0.01098	0.01151	0.05408	0.39734	0.17199	0.10445	0.02445	0.08585	0.01077	0.01384	0.00815	0.01108	0.00638	0.00476	0.00522	0.00146	0.06568	0.00389	0.00232	0.00580
10	0.00567	0.00436	0.00496	0.00526	0.00614	0.00390	0.00364	0.00661	0.00946	0.01198	0.09252	0.28801	0.39433	0.13260	0.00806	0.00203	0.00269	0.01006	0.00405	0.00366
11	0.01525	0.00888	0.01070	0.00877	0.01159	0.00931	0.00710	0.18401	0.19253	0.32471	0.05215	0.01569	0.01235	0.00874	0.08562	0.00202	0.03418	0.00476	0.00469	0.00697
12	0.14279	0.01187	0.01162	0.01083	0.08288	0.13684	0.00791	0.20892	0.17347	0.13593	0.02516	0.01222	0.00928	0.00524	0.00424	0.00138	0.00480	0.00400	0.00391	0.00670
13	0.01182	0.56927	0.11414	0.00970	0.01387	0.01579	0.08649	0.05293	0.06427	0.01291	0.00785	0.00886	0.00655	0.00415	0.00351	0.00114	0.00526	0.00308	0.00228	0.00613
14	0.01079	0.00810	0.00901	0.00809	0.01032	0.00888	0.00627	0.01955	0.51069	0.09303	0.18184	0.04101	0.03538	0.00702	0.00476	0.00150	0.00322	0.00596	0.02820	0.00640
15	0.01337	0.06797	0.01193	0.00943	0.01230	0.07972	0.00753	0.14396	0.50595	0.07469	0.01543	0.01447	0.01147	0.00572	0.00443	0.00143	0.00429	0.00455	0.00430	0.00704
16	0.00974	0.00904	0.01359	0.54523	0.13305	0.04365	0.01162	0.04911	0.00987	0.01312	0.00855	0.01195	0.00664	0.00476	0.00501	0.00146	0.05304	0.00400	0.06115	0.00540
17	0.00771	0.00394	0.00586	0.00593	0.00595	0.00392	0.00395	0.00593	0.00609	0.00812	0.00904	0.07003	0.00938	0.01564	0.01690	0.80902	0.00385	0.00455	0.00212	0.00208
18	0.00560	0.00421	0.00523	0.00599	0.00665	0.00383	0.00422	0.00658	0.00925	0.01189	0.03055	0.56682	0.24032	0.01334	0.00570	0.00177	0.00265	0.06742	0.00420	0.00376
19	0.16172	0.01130	0.01150	0.00919	0.01248	0.05336	0.00750	0.40811	0.09644	0.16575	0.01192	0.01157	0.00838	0.00529	0.00423	0.00138	0.00456	0.00394	0.00433	0.00705
20	0.03732	0.10227	0.01488	0.01095	0.01295	0.06550	0.05746	0.13779	0.06810	0.08522	0.00899	0.01072	0.00726	0.00619	0.00866	0.00159	0.35130	0.00392	0.00295	0.00597
21	0.00572	0.00429	0.00535	0.00604	0.00677	0.00392	0.00434	0.00683	0.00956	0.01238	0.08073	0.49450	0.23487	0.01299	0.00569	0.00176	0.00267	0.09352	0.00425	0.00381
22	0.00659	0.00439	0.00494	0.00494	0.00494	0.00439	0.00275	0.00659	0.00659	0.00879	0.01428	0.02965	0.01647	0.84075	0.02306	0.00439	0.00439	0.00659	0.00275	0.00275
23	0.13400	0.00798	0.01190	0.55046	0.04631	0.00977	0.01043	0.01134	0.00862	0.01276	0.00883	0.05450	0.00762	0.04464	0.00592	0.00167	0.06169	0.00437	0.00228	0.00489
24	0.00752	0.00486	0.00596	0.00646	0.04725	0.00476	0.00395	0.00822	0.00797	0.04870	0.01743	0.10493	0.06643	0.48956	0.03797	0.00332	0.00408	0.02940	0.09762	0.00360

[dist]
# distance from previous block
# <min> <max>
5	12

[block]
# block no. 5 follows, 57 sequences, length 30
# corresponding to MSA columns:
# 282-300,302-312
name=unknown_F
#
# <colnr> <probs for GDERKNQSTAVLIFYWHMCP>
#	G	D	E	R	K	N	Q	S	T	A	V	L	I	F	Y	W	H	M	C	P
0	0.01060	0.18935	0.16693	0.14955	0.01677	0.06368	0.04822	0.01346	0.03095	0.04621	0.01074	0.01226	0.06004	0.00498	0.00481	0.00130	0.06337	0.00382	0.00245	0.10053
1	0.01203	0.59228	0.06523	0.00867	0.01227	0.01624	0.00840	0.06499	0.09904	0.01297	0.00803	0.00890	0.00684	0.00454	0.00412	0.00116	0.06285	0.00299	0.00241	0.00608
2	0.01298	0.01459	0.08470	0.01213	0.01529	0.21704	0.14539	0.15363	0.06533	0.01603	0.02035	0.01177	0.00796	0.00526	0.00574	0.00139	0.10573	0.02300	0.00290	0.07878
3	0.01068	0.00678	0.06125	0.00732	0.00928	0.00548	0.00598	0.01274	0.04301	0.26065	0.08856	0.35044	0.07304	0.00992	0.00521	0.00162	0.00331	0.03485	0.00457	0.00534
4	0.04231	0.23287	0.58362	0.01133	0.01716	0.01241	0.01400	0.01411	0.00941	0.01363	0.00759	0.00890	0.00573	0.00419	0.00389	0.00131	0.00610	0.00308	0.00195	0.00640
5	0.40002	0.00746	0.00708	0.00611	0.00856	0.00799	0.00494	0.06627	0.01011	0.16297	0.01127	0.01194	0.00827	0.00487	0.00335	0.00129	0.00324	0.00348	0.26540	0.00539
6	0.00639	0.00504	0.00588	0.00620	0.00729	0.00485	0.00454	0.00904	0.11163	0.01341	0.09471	0.35137	0.28783	0.01175	0.00549	0.00168	0.00270	0.06162	0.00432	0.00426
7	0.00746	0.00508	0.00649	0.00628	0.00739	0.00483	0.00463	0.05917	0.01209	0.05312	0.47543	0.27566	0.04409	0.01037	0.00539	0.00155	0.00255	0.00920	0.00474	0.00447
8	0.00926	0.00904	0.01608	0.51214	0.14989	0.01034	0.13261	0.01221	0.00935	0.01246	0.00840	0.01214	0.00658	0.00580	0.04178	0.00176	0.03829	0.00427	0.00211	0.00549
9	0.01177	0.00654	0.00811	0.00699	0.00911	0.00620	0.00547	0.08456	0.05981	0.26494	0.27343	0.10622	0.12109	0.00836	0.00503	0.00147	0.00308	0.00715	0.00494	0.00571
10	0.04129	0.00651	0.00738	0.00698	0.00866	0.00676	0.00527	0.01404	0.26965	0.06987	0.20518	0.19042	0.11655	0.00900	0.00501	0.00155	0.00289	0.00778	0.01991	0.00530
11	0.00866	0.00816	0.01377	0.79966	0.06063	0.01009	0.01263	0.01167	0.00911	0.01170	0.00807	0.01205	0.00608	0.00451	0.00453	0.00150	0.00602	0.00403	0.00202	0.00511
12	0.00800	0.00535	0.00691	0.00721	0.00822	0.00528	0.00544	0.08467	0.01072	0.06339	0.07297	0.47232	0.02603	0.01292	0.03642	0.00199	0.00356	0.15985	0.00430	0.00447
13	0.01476	0.00644	0.00865	0.00746	0.00989	0.00568	0.00598	0.01632	0.01169	0.50281	0.04058	0.18202	0.07041	0.00848	0.00505	0.00157	0.00350	0.08743	0.00508	0.00622
14	0.00652	0.00435	0.00548	0.00606	0.00682	0.00392	0.00421	0.00746	0.00933	0.06809	0.02901	0.60808	0.19779	0.01300	0.00560	0.00174	0.00264	0.01158	0.00430	0.00399
15	0.01122	0.00863	0.01072	0.00929	0.01064	0.04018	0.00759	0.06498	0.04666	0.13715	0.10731	0.02015	0.09679	0.00849	0.02347	0.00179	0.33078	0.05518	0.00357	0.00541
16	0.01110	0.00856	0.01281	0.09402	0.08937	0.04482	0.12865	0.03200	0.04114	0.13255	0.08675	0.01579	0.01219	0.00959	0.12372	0.00227	0.04616	0.00483	0.09803	0.00564
17	0.01014	0.01029	0.04151	0.31880	0.43537	0.01056	0.08146	0.01312	0.00987	0.01359	0.00840	0.01157	0.00669	0.00421	0.00457	0.00142	0.00586	0.00413	0.00215	0.00629
18	0.00726	0.00524	0.00771	0.00703	0.00804	0.00548	0.07304	0.00883	0.00824	0.01227	0.06702	0.02102	0.01435	0.21462	0.34058	0.00444	0.00720	0.00541	0.17825	0.00397
19	0.08437	0.00981	0.09792	0.00733	0.01154	0.00689	0.00658	0.01190	0.00927	0.01520	0.00791	0.00924	0.00645	0.00353	0.00341	0.00082	0.00374	0.00274	0.00261	0.69875
20	0.16439	0.01231	0.14968	0.26075	0.13837	0.06283	0.01133	0.01392	0.06215	0.01451	0.00831	0.01060	0.00646	0.00471	0.00485	0.00147	0.06160	0.00363	0.00236	0.00577
21	0.06880	0.00558	0.00737	0.00704	0.00820	0.00614	0.00537	0.03981	0.00832	0.08167	0.01303	0.05491	0.01222	0.13005	0.52430	0.00552	0.00913	0.00521	0.00293	0.00438
22	0.00837	0.00803	0.09580	0.08073	0.06502	0.00692	0.00796	0.03957	0.01003	0.05679	0.06130	0.28018	0.06638	0.02449	0.00622	0.00174	0.05724	0.11473	0.00359	0.00490
23	0.01026	0.08024	0.54352	0.01316	0.10449	0.01029	0.01395	0.01437	0.00997	0.08359	0.01153	0.01247	0.06282	0.00486	0.00432	0.00139	0.00586	0.00390	0.00243	0.00657
24	0.10582	0.27274	0.27362	0.00929	0.01344	0.10417	0.00990	0.01391	0.00971	0.03226	0.00962	0.02468	0.03686	0.00474	0.00368	0.00124	0.00533	0.00340	0.05981	0.00576
25	0.66627	0.06714	0.00877	0.07499	0.01108	0.01040	0.00590	0.01395	0.00839	0.08802	0.00746	0.00845	0.00561	0.00433	0.00311	0.00138	0.00384	0.00277	0.00292	0.00523
26	0.00799	0.00516	0.00666	0.07755	0.00896	0.00514	0.00484	0.00923	0.02757	0.10285	0.02113	0.24007	0.12390	0.26666	0.06941	0.00289	0.00427	0.00803	0.00361	0.00410
27	0.01902	0.02478	0.20198	0.01020	0.01393	0.00852	0.11356	0.04863	0.09432	0.05392	0.01246	0.11625	0.01999	0.00649	0.00541	0.06212	0.00480	0.00506	0.00303	0.17553
28	0.07172	0.00830	0.01138	0.00887	0.01222	0.00765	0.07240	0.06755	0.03126	0.48442	0.03447	0.01681	0.01169	0.00575	0.00454	0.00140	0.00415	0.05891	0.00469	0.08183
29	0.00647	0.00488	0.00639	0.06412	0.00865	0.00498	0.00495	0.00855	0.07803	0.01262	0.10802	0.51420	0.02639	0.09826	0.02977	0.00216	0.00334	0.01020	0.00397	0.00406

[dist]
# distance from previous block
# <min> <max>
0	2

[block]
# block no. 6 follows, 57 sequences, length 7
# corresponding to MSA columns:
# 316-322
name=unknown_G
#
# <colnr> <probs for GDERKNQSTAVLIFYWHMCP>
#	G	D	E	R	K	N	Q	S	T	A	V	L	I	F	Y	W	H	M	C	P
0	0.01476	0.01123	0.04453	0.11871	0.09354	0.07300	0.11543	0.15602	0.04433	0.24558	0.01224	0.01341	0.00876	0.00510	0.00464	0.00142	0.00543	0.02138	0.00372	0.00677
1	0.01134	0.01001	0.01096	0.03958	0.01220	0.11643	0.03990	0.10892	0.03616	0.06420	0.01371	0.14250	0.05455	0.00676	0.00568	0.00135	0.10199	0.00537	0.00330	0.21508
2	0.01007	0.00774	0.00928	0.00694	0.01035	0.00637	0.00557	0.01201	0.00972	0.07760	0.05319	0.01167	0.00928	0.00425	0.00426	0.00087	0.05432	0.00330	0.05204	0.65119
3	0.00916	0.00659	0.00737	0.00690	0.00850	0.00694	0.00528	0.11993	0.17408	0.01780	0.15050	0.16700	0.06403	0.00835	0.00472	0.00146	0.00300	0.03859	0.19460	0.00519
4	0.00567	0.00447	0.00491	0.00517	0.00622	0.00395	0.00370	0.00664	0.00950	0.01170	0.03630	0.19372	0.50797	0.12789	0.00796	0.00202	0.00275	0.05179	0.00400	0.00367
5	0.00647	0.00485	0.00728	0.00728	0.00809	0.00566	0.00566	0.00809	0.00728	0.01052	0.01214	0.01780	0.01133	0.03398	0.82279	0.00728	0.01214	0.00485	0.00243	0.00405
6	0.01143	0.00840	0.00929	0.00787	0.01021	0.00882	0.00622	0.32771	0.09089	0.04922	0.15297	0.10905	0.17234	0.00824	0.00497	0.00147	0.00357	0.00687	0.00456	0.00591

[dist]
# distance from previous block
# <min> <max>
2	4

[block]
# block no. 7 follows, 57 sequences, length 27
# corresponding to MSA columns:
# 327-353
name=unknown_H
#
# <colnr> <probs for GDERKNQSTAVLIFYWHMCP>
#	G	D	E	R	K	N	Q	S	T	A	V	L	I	F	Y	W	H	M	C	P
0	0.01546	0.05546	0.01206	0.00880	0.01229	0.01050	0.00725	0.30949	0.12131	0.22625	0.01366	0.01305	0.02461	0.00527	0.00429	0.00127	0.00419	0.00413	0.00437	0.14631
1	0.01095	0.00818	0.00977	0.00775	0.01072	0.00772	0.02884	0.10648	0.13254	0.07636	0.01198	0.01405	0.00973	0.07754	0.06833	0.00181	0.00443	0.00403	0.05368	0.35511
2	0.00709	0.00535	0.00740	0.00707	0.00840	0.00477	0.05059	0.01574	0.00933	0.03822	0.04663	0.51606	0.06668	0.04398	0.00599	0.00170	0.00315	0.02147	0.00388	0.13652
3	0.30583	0.00855	0.00821	0.03415	0.05347	0.07668	0.00597	0.04359	0.00979	0.02273	0.06990	0.04303	0.09333	0.06485	0.02922	0.00177	0.00424	0.05050	0.00320	0.07102
4	0.05959	0.14115	0.01057	0.13273	0.01206	0.00816	0.00648	0.01162	0.03365	0.09850	0.23949	0.07353	0.09390	0.00877	0.04923	0.00172	0.00407	0.00606	0.00370	0.00503
5	0.00669	0.00450	0.00593	0.00621	0.00704	0.00416	0.00451	0.00816	0.01072	0.05256	0.34461	0.40301	0.05649	0.01161	0.00556	0.00166	0.00257	0.05529	0.00459	0.00415
6	0.01079	0.01182	0.02443	0.02091	0.20620	0.01137	0.59190	0.01427	0.01050	0.01448	0.00892	0.01192	0.00692	0.00399	0.00542	0.00150	0.03106	0.00500	0.00227	0.00633
7	0.00926	0.00852	0.01067	0.00943	0.01014	0.06572	0.02946	0.05285	0.00826	0.01147	0.00964	0.01583	0.00953	0.17509	0.23063	0.00376	0.32815	0.00468	0.00242	0.00449
8	0.01096	0.00583	0.00729	0.00665	0.00853	0.00530	0.00507	0.01310	0.06589	0.28434	0.09351	0.24766	0.20802	0.00968	0.00515	0.00156	0.00299	0.00835	0.00477	0.00537
9	0.00930	0.00455	0.00490	0.00466	0.00593	0.00443	0.00355	0.01138	0.01005	0.08458	0.07604	0.01807	0.01397	0.00561	0.00345	0.00111	0.00226	0.00456	0.72708	0.00452
10	0.00921	0.00893	0.01439	0.52432	0.12723	0.03584	0.05461	0.01190	0.00912	0.01200	0.00833	0.01217	0.00667	0.00719	0.07459	0.00200	0.07000	0.00413	0.00210	0.00529
11	0.00984	0.01001	0.01946	0.01466	0.01796	0.00972	0.49489	0.05588	0.06353	0.01465	0.01280	0.14662	0.01174	0.03818	0.05646	0.00203	0.00658	0.00649	0.00290	0.00563
12	0.00566	0.00417	0.00537	0.00605	0.00662	0.00389	0.00419	0.00670	0.00932	0.01238	0.11931	0.58050	0.14369	0.01438	0.05327	0.00206	0.00308	0.01138	0.00419	0.00379
13	0.64120	0.00939	0.00822	0.00696	0.00993	0.01062	0.00572	0.16731	0.01070	0.06813	0.00819	0.02221	0.00624	0.00469	0.00329	0.00140	0.00380	0.00307	0.00333	0.00560
14	0.00549	0.00408	0.00512	0.00595	0.00648	0.00371	0.00404	0.00635	0.00903	0.01171	0.02940	0.66981	0.19510	0.01362	0.00569	0.00177	0.00256	0.01218	0.00421	0.00371
15	0.01028	0.00858	0.00987	0.00713	0.01111	0.00694	0.00574	0.10013	0.01074	0.01632	0.00837	0.00956	0.00682	0.00359	0.00349	0.00075	0.00354	0.00284	0.00289	0.77129
16	0.00677	0.00665	0.07599	0.00783	0.00920	0.00528	0.06606	0.02412	0.00927	0.01265	0.06558	0.52459	0.02437	0.08625	0.00706	0.00195	0.00359	0.02670	0.00373	0.03237
17	0.01414	0.11461	0.05413	0.04686	0.05735	0.02237	0.00925	0.26973	0.01343	0.14268	0.01040	0.01215	0.00802	0.00611	0.01618	0.00154	0.16516	0.02586	0.00346	0.00657
18	0.01310	0.00745	0.00764	0.00652	0.00861	0.06278	0.00515	0.12456	0.01222	0.20814	0.01443	0.01509	0.01057	0.00534	0.00375	0.00119	0.00335	0.00419	0.48031	0.00561
19	0.00577	0.00462	0.00516	0.00505	0.00641	0.00401	0.00381	0.00728	0.01122	0.01438	0.31825	0.04026	0.52293	0.01070	0.00537	0.00150	0.00227	0.02253	0.00449	0.00399
20	0.00981	0.00944	0.01523	0.55690	0.21312	0.03610	0.04430	0.03753	0.00993	0.01298	0.00827	0.01172	0.00639	0.00442	0.00454	0.00146	0.00598	0.00405	0.00217	0.00567
21	0.03365	0.00684	0.00805	0.00700	0.00932	0.00631	0.00545	0.04288	0.10845	0.04141	0.18342	0.14087	0.03699	0.00758	0.00462	0.00131	0.00315	0.06566	0.00395	0.28310
22	0.00693	0.00482	0.00566	0.00537	0.00682	0.00422	0.00405	0.00851	0.01146	0.07619	0.34794	0.06900	0.41193	0.01025	0.00531	0.00149	0.00237	0.00876	0.00463	0.00430
23	0.01090	0.00820	0.00966	0.00706	0.01096	0.00651	0.00567	0.03243	0.04157	0.10605	0.00965	0.01041	0.00753	0.00377	0.00357	0.00081	0.00346	0.00303	0.00314	0.71563
24	0.02518	0.00900	0.06257	0.00860	0.01098	0.00874	0.05144	0.16940	0.07015	0.08786	0.14764	0.02965	0.01522	0.00631	0.00538	0.00140	0.08279	0.00505	0.19686	0.00578
25	0.01368	0.06859	0.08127	0.01096	0.01358	0.41475	0.03190	0.06294	0.06959	0.01365	0.07016	0.01250	0.00997	0.00558	0.00525	0.00134	0.07976	0.02611	0.00280	0.00559
26	0.01327	0.08192	0.07383	0.03325	0.01313	0.06313	0.00818	0.11832	0.34433	0.13094	0.04324	0.01430	0.01154	0.00556	0.00439	0.00139	0.00445	0.00443	0.00406	0.02633

[dist]
# distance from previous block
# <min> <max>
2	10

[block]
# block no. 8 follows, 57 sequences, length 15
# corresponding to MSA columns:
# 364-378
name=unknown_I
#
# <colnr> <probs for GDERKNQSTAVLIFYWHMCP>
#	G	D	E	R	K	N	Q	S	T	A	V	L	I	F	Y	W	H	M	C	P
0	0.10707	0.00971	0.01213	0.08284	0.17673	0.01105	0.00894	0.07617	0.32959	0.01754	0.02846	0.01421	0.02880	0.00563	0.00522	0.00150	0.06995	0.00450	0.00349	0.00647
1	0.00687	0.00497	0.00677	0.00773	0.00869	0.00487	0.00652	0.00869	0.01016	0.01315	0.02595	0.16906	0.09160	0.01268	0.00611	0.00200	0.00378	0.60214	0.00418	0.00407
2	0.01281	0.72497	0.02217	0.00832	0.01197	0.13395	0.00790	0.01422	0.00973	0.01072	0.00640	0.00740	0.00582	0.00399	0.00308	0.00100	0.00533	0.00249	0.00200	0.00573
3	0.00660	0.00476	0.00586	0.00605	0.00704	0.00447	0.00435	0.00866	0.06195	0.03999	0.25684	0.37458	0.17890	0.01145	0.00546	0.00163	0.00252	0.01012	0.00451	0.00424
4	0.01519	0.08007	0.06524	0.00976	0.01316	0.10066	0.04436	0.26450	0.04619	0.20201	0.07623	0.01440	0.03655	0.00564	0.00447	0.00135	0.00493	0.00448	0.00408	0.00673
5	0.01443	0.01030	0.15076	0.00955	0.01308	0.00758	0.06873	0.03070	0.04271	0.41299	0.03953	0.09238	0.01270	0.00821	0.06313	0.00188	0.00507	0.00534	0.00428	0.00665
6	0.00558	0.00399	0.00531	0.00627	0.00659	0.00372	0.00421	0.00647	0.00897	0.01204	0.08103	0.78040	0.03088	0.01384	0.00575	0.00181	0.00259	0.01255	0.00426	0.00372
7	0.01106	0.07145	0.35719	0.01403	0.01907	0.07526	0.27650	0.01489	0.01037	0.06580	0.00945	0.03737	0.00727	0.00455	0.00461	0.00143	0.00669	0.00431	0.00239	0.00630
8	0.01120	0.01068	0.01537	0.36693	0.32710	0.07522	0.01235	0.10018	0.01120	0.01466	0.00846	0.01131	0.00664	0.00445	0.00448	0.00140	0.00584	0.00395	0.00241	0.00617
9	0.00783	0.00783	0.04361	0.15094	0.02882	0.00734	0.20285	0.01023	0.00986	0.01304	0.04412	0.22511	0.09444	0.00876	0.00540	0.00168	0.00484	0.12524	0.00326	0.00479
10	0.00589	0.00442	0.00515	0.00555	0.00656	0.00400	0.00410	0.00714	0.00980	0.01275	0.07175	0.29034	0.37879	0.01240	0.02570	0.00178	0.00279	0.07756	0.06966	0.00387
11	0.01403	0.07023	0.21896	0.01136	0.01562	0.08641	0.12361	0.05087	0.07770	0.25026	0.02856	0.01256	0.00905	0.00493	0.00447	0.00139	0.00559	0.00417	0.00349	0.00675
12	0.01018	0.12953	0.37203	0.01059	0.01503	0.02310	0.03573	0.01532	0.14230	0.05182	0.03865	0.03161	0.04419	0.00571	0.00458	0.00144	0.01890	0.04014	0.00291	0.00626
13	0.01211	0.84348	0.02374	0.00775	0.01163	0.01793	0.00775	0.01357	0.00921	0.01066	0.00630	0.00727	0.00582	0.00388	0.00291	0.00097	0.00485	0.00242	0.00194	0.00582
14	0.03038	0.00879	0.04788	0.01298	0.23089	0.02493	0.00818	0.08110	0.08057	0.03684	0.17186	0.11203	0.09901	0.02789	0.00530	0.00153	0.00395	0.00648	0.00370	0.00571

[dist]
# distance from previous block
# <min> <max>
1	3

[block]
# block no. 9 follows, 57 sequences, length 21
# corresponding to MSA columns:
# 382-402
name=unknown_J
#
# <colnr> <probs for GDERKNQSTAVLIFYWHMCP>
#	G	D	E	R	K	N	Q	S	T	A	V	L	I	F	Y	W	H	M	C	P
0	0.25127	0.01503	0.01235	0.01128	0.05875	0.37210	0.06844	0.07272	0.01156	0.03603	0.00835	0.00999	0.01599	0.00479	0.00415	0.00132	0.02142	0.01617	0.00275	0.00554
1	0.00872	0.00766	0.01230	0.40858	0.17561	0.00858	0.01030	0.01131	0.01029	0.03110	0.20040	0.01841	0.04839	0.00594	0.00497	0.00147	0.02251	0.00526	0.00293	0.00528
2	0.00998	0.00841	0.00964	0.00854	0.01081	0.00921	0.03831	0.06981	0.47212	0.01814	0.13277	0.05573	0.11018	0.00749	0.00490	0.00153	0.00346	0.01830	0.00450	0.00618
3	0.00921	0.00789	0.00917	0.00661	0.01052	0.00594	0.00528	0.01118	0.00944	0.01465	0.00982	0.01099	0.04420	0.00373	0.00345	0.00071	0.00331	0.00301	0.00276	0.82814
4	0.00559	0.00400	0.00525	0.00619	0.00649	0.00373	0.00412	0.00639	0.00872	0.01161	0.04504	0.75823	0.04820	0.05500	0.00662	0.00195	0.00270	0.01237	0.00415	0.00365
5	0.00582	0.00423	0.00536	0.00600	0.00648	0.00401	0.00410	0.00669	0.00871	0.01150	0.05445	0.50075	0.12877	0.13974	0.05835	0.00251	0.00348	0.04152	0.00390	0.00362
6	0.00617	0.00446	0.00583	0.00582	0.00671	0.00412	0.00424	0.00795	0.01175	0.01641	0.59930	0.23096	0.05824	0.01053	0.00545	0.00153	0.00226	0.00938	0.00478	0.00412
7	0.00586	0.00429	0.00540	0.00599	0.00661	0.00397	0.00422	0.00693	0.00949	0.01254	0.13927	0.46162	0.15573	0.08499	0.00720	0.00197	0.00278	0.07321	0.00419	0.00375
8	0.13545	0.00801	0.01009	0.00785	0.01127	0.00737	0.00649	0.04556	0.01252	0.68309	0.01609	0.01419	0.01025	0.00541	0.00432	0.00140	0.00384	0.00426	0.00520	0.00733
9	0.01129	0.51450	0.27766	0.00962	0.01429	0.04637	0.01066	0.01442	0.04171	0.01220	0.00741	0.00843	0.00612	0.00414	0.00347	0.00115	0.00552	0.00285	0.00205	0.00613
10	0.01284	0.00623	0.00816	0.00704	0.00924	0.00565	0.00556	0.01513	0.05147	0.37832	0.25017	0.10684	0.07552	0.00823	0.00503	0.00150	0.00313	0.03897	0.00509	0.00588
11	0.87276	0.00876	0.00666	0.00596	0.00876	0.01017	0.00491	0.01332	0.00771	0.02033	0.00631	0.00736	0.00491	0.00421	0.00280	0.00140	0.00351	0.00245	0.00280	0.00491
12	0.04183	0.02984	0.05971	0.00937	0.01266	0.01115	0.00796	0.30855	0.23626	0.17010	0.01374	0.01328	0.00983	0.00604	0.00511	0.04441	0.00438	0.00432	0.00436	0.00708
13	0.01182	0.00907	0.01991	0.04879	0.01220	0.00873	0.00682	0.26951	0.03642	0.05415	0.13811	0.03299	0.01399	0.01686	0.00457	0.00122	0.00391	0.01373	0.00385	0.29337
14	0.00614	0.00480	0.00564	0.00561	0.00686	0.00415	0.00401	0.00734	0.00979	0.01297	0.14201	0.30236	0.29194	0.06182	0.00633	0.00169	0.00264	0.00944	0.00404	0.11041
15	0.01089	0.00772	0.00857	0.00773	0.00976	0.00840	0.00596	0.08983	0.36020	0.08154	0.06614	0.11876	0.01645	0.02324	0.02343	0.00165	0.00350	0.00600	0.14422	0.00603
16	0.87276	0.00876	0.00666	0.00596	0.00876	0.01017	0.00491	0.01332	0.00771	0.02033	0.00631	0.00736	0.00491	0.00421	0.00280	0.00140	0.00351	0.00245	0.00280	0.00491
17	0.03432	0.00891	0.04388	0.01038	0.01161	0.01023	0.07220	0.01169	0.00826	0.09432	0.04146	0.01353	0.00924	0.04224	0.08880	0.05796	0.40196	0.00444	0.02961	0.00499
18	0.09423	0.00586	0.00649	0.00604	0.00750	0.00604	0.00465	0.06854	0.06015	0.01818	0.35063	0.03853	0.02514	0.04198	0.00525	0.00150	0.00276	0.04228	0.20958	0.00468
19	0.01261	0.69050	0.02159	0.00824	0.01191	0.06650	0.00782	0.05515	0.06698	0.01221	0.00745	0.00820	0.00649	0.00417	0.00319	0.00104	0.00497	0.00273	0.00229	0.00598
20	0.06766	0.10722	0.01319	0.01008	0.01294	0.47976	0.00792	0.08761	0.04306	0.01396	0.00781	0.00876	0.00636	0.00452	0.00385	0.00113	0.00646	0.00300	0.00265	0.11205

[dist]
# distance from previous block
# <min> <max>
0	1

[block]
# block no. 10 follows, 57 sequences, length 30
# corresponding to MSA columns:
# 404-433
name=unknown_K
#
# <colnr> <probs for GDERKNQSTAVLIFYWHMCP>
#	G	D	E	R	K	N	Q	S	T	A	V	L	I	F	Y	W	H	M	C	P
0	0.00559	0.00421	0.00518	0.00582	0.00652	0.00380	0.00406	0.00662	0.00954	0.01238	0.10068	0.53011	0.24763	0.01297	0.00564	0.00172	0.00252	0.02693	0.00428	0.00378
1	0.01286	0.00864	0.01242	0.01042	0.03906	0.00858	0.12983	0.12538	0.12426	0.21624	0.04272	0.11819	0.03502	0.02902	0.03122	0.00175	0.00464	0.01933	0.00419	0.02625
2	0.01053	0.00996	0.10716	0.47089	0.02337	0.00953	0.01113	0.07344	0.03582	0.10407	0.04925	0.03532	0.00941	0.00521	0.00455	0.00146	0.00537	0.00445	0.00290	0.02617
3	0.00565	0.00417	0.00532	0.00619	0.00674	0.00384	0.00434	0.00661	0.00911	0.01186	0.02851	0.63193	0.16476	0.01358	0.00575	0.00181	0.00271	0.07918	0.00420	0.00375
4	0.06235	0.01020	0.01618	0.25628	0.08850	0.01107	0.18525	0.17856	0.01219	0.07236	0.00954	0.01180	0.00709	0.00538	0.02388	0.00160	0.03439	0.00430	0.00293	0.00617
5	0.01198	0.14082	0.40178	0.01149	0.01645	0.03310	0.06946	0.02727	0.05425	0.14572	0.01004	0.01078	0.00722	0.00468	0.00461	0.00138	0.03590	0.00367	0.00275	0.00663
6	0.00582	0.00448	0.00525	0.00545	0.00644	0.00403	0.00389	0.00722	0.02186	0.01346	0.22999	0.26933	0.33911	0.05488	0.00639	0.00174	0.00248	0.00996	0.00433	0.00389
7	0.00948	0.00522	0.00533	0.00495	0.00631	0.00538	0.00381	0.10328	0.01089	0.01827	0.01432	0.01618	0.01115	0.00530	0.00333	0.00109	0.00245	0.00421	0.76440	0.00463
8	0.04092	0.17205	0.09304	0.11895	0.20719	0.07531	0.07197	0.08114	0.01115	0.07418	0.00876	0.01041	0.00678	0.00437	0.00416	0.00131	0.00567	0.00367	0.00260	0.00638
9	0.01182	0.01018	0.03168	0.06998	0.29525	0.03015	0.12855	0.05233	0.08373	0.11085	0.04232	0.06450	0.01117	0.00546	0.00475	0.00144	0.00515	0.01844	0.00322	0.01902
10	0.01044	0.01065	0.03369	0.11621	0.03686	0.10865	0.04317	0.03307	0.00883	0.03037	0.00814	0.01169	0.00716	0.01134	0.15756	0.00271	0.35796	0.00407	0.00228	0.00513
11	0.18469	0.17281	0.01485	0.04543	0.01405	0.40843	0.07258	0.01572	0.01080	0.01314	0.00696	0.00834	0.00574	0.00435	0.00373	0.00122	0.00648	0.00298	0.00234	0.00535
12	0.00721	0.00475	0.00605	0.00612	0.00725	0.00434	0.00463	0.00881	0.01102	0.07539	0.31144	0.23439	0.16893	0.01089	0.00545	0.00161	0.00266	0.10091	0.02386	0.00430
13	0.00818	0.00484	0.00711	0.00681	0.00681	0.00544	0.00484	0.00666	0.00606	0.00833	0.00758	0.01319	0.00758	0.01456	0.01728	0.73696	0.12944	0.00394	0.00197	0.00242
14	0.00560	0.00399	0.00531	0.00634	0.00662	0.00374	0.00426	0.00640	0.00868	0.01156	0.02471	0.79702	0.02955	0.03277	0.00619	0.00190	0.00271	0.03481	0.00417	0.00367
15	0.00991	0.00991	0.01388	0.01190	0.01190	0.01388	0.00991	0.01091	0.00694	0.01091	0.00595	0.00991	0.00595	0.00793	0.01487	0.00198	0.83246	0.00397	0.00198	0.00496
16	0.00797	0.00464	0.00590	0.00603	0.00706	0.00426	0.00435	0.00932	0.01021	0.11862	0.16275	0.42110	0.08960	0.01086	0.00518	0.00159	0.00261	0.00960	0.11395	0.00439
17	0.01050	0.00998	0.01461	0.46049	0.08519	0.05313	0.08306	0.07730	0.13186	0.01456	0.00995	0.01246	0.00752	0.00475	0.00459	0.00147	0.00579	0.00426	0.00267	0.00585
18	0.87276	0.00876	0.00666	0.00596	0.00876	0.01017	0.00491	0.01332	0.00771	0.02033	0.00631	0.00736	0.00491	0.00421	0.00280	0.00140	0.00351	0.00245	0.00280	0.00491
19	0.06650	0.02664	0.01299	0.01091	0.01142	0.02264	0.00905	0.01103	0.00731	0.01175	0.00692	0.04508	0.00694	0.00759	0.01271	0.00184	0.67240	0.00414	0.00217	0.04996
20	0.16393	0.00988	0.01024	0.00837	0.01127	0.05394	0.00678	0.27595	0.04988	0.20351	0.05378	0.01338	0.01046	0.00732	0.05794	0.00175	0.00476	0.00416	0.04623	0.00648
21	0.00560	0.00406	0.00530	0.00613	0.00656	0.00375	0.00416	0.00655	0.00921	0.01229	0.10740	0.70264	0.08256	0.01351	0.00571	0.00178	0.00256	0.01218	0.00429	0.00375
22	0.01951	0.00821	0.01072	0.00831	0.01176	0.00751	0.00684	0.07914	0.06555	0.70551	0.01740	0.01519	0.01113	0.00563	0.00456	0.00141	0.00392	0.00456	0.00546	0.00768
23	0.05352	0.00748	0.00954	0.00775	0.01064	0.00689	0.00623	0.08989	0.01273	0.54631	0.01924	0.14067	0.05429	0.00713	0.00471	0.00147	0.00368	0.00594	0.00511	0.00678
24	0.00624	0.00463	0.00587	0.00621	0.00704	0.00413	0.00423	0.00717	0.00868	0.01194	0.04202	0.60768	0.02539	0.09775	0.00719	0.00192	0.00291	0.01056	0.00385	0.13459
25	0.06705	0.00781	0.00982	0.00781	0.01091	0.00729	0.00635	0.05923	0.07688	0.53491	0.11647	0.01695	0.01470	0.00594	0.00451	0.00139	0.00364	0.00485	0.00512	0.03837
26	0.00827	0.00518	0.00717	0.00692	0.00814	0.00487	0.04502	0.01007	0.02857	0.10631	0.14914	0.36504	0.04655	0.02077	0.00542	0.00164	0.00301	0.05630	0.11709	0.00454
27	0.04248	0.01119	0.01158	0.00949	0.01250	0.12245	0.04135	0.22195	0.13794	0.12207	0.06153	0.01570	0.01190	0.00579	0.00449	0.00135	0.00472	0.05245	0.00402	0.10507
28	0.08233	0.03344	0.06803	0.01267	0.05407	0.18058	0.16781	0.17249	0.04157	0.05116	0.01027	0.06219	0.00844	0.00532	0.00479	0.00141	0.02970	0.00448	0.00309	0.00616
29	0.17148	0.01039	0.01196	0.04041	0.05941	0.08730	0.07585	0.13662	0.06423	0.05371	0.05060	0.05480	0.01051	0.03400	0.02493	0.00168	0.07377	0.00457	0.00327	0.03050

[dist]
# distance from previous block
# <min> <max>
0	30

[block]
# block no. 11 follows, 57 sequences, length 22
# corresponding to MSA columns:
# 464-485
name=unknown_L
#
# <colnr> <probs for GDERKNQSTAVLIFYWHMCP>
#	G	D	E	R	K	N	Q	S	T	A	V	L	I	F	Y	W	H	M	C	P
