[name]
unknown

[dist]
# distance from previous block
# <min> <max>
27	193

[block]
# block no. 0 follows, 48 sequences, length 15
# corresponding to MSA columns:
# 252-266
name=unknown_A
#
# <colnr> <probs for GDERKNQSTAVLIFYWHMCP>
#	G	D	E	R	K	N	Q	S	T	A	V	L	I	F	Y	W	H	M	C	P
0	0.23660	0.01097	0.01479	0.12990	0.11018	0.01333	0.05183	0.04920	0.02817	0.01720	0.00834	0.01137	0.00697	0.00633	0.00867	0.00183	0.28120	0.00418	0.00276	0.00619
1	0.01142	0.01120	0.01520	0.01309	0.01345	0.01535	0.01084	0.01422	0.10463	0.01349	0.00851	0.01222	0.00786	0.00873	0.01538	0.00218	0.70903	0.00465	0.00262	0.00593
2	0.01244	0.01181	0.01955	0.02849	0.69027	0.01152	0.01453	0.01539	0.01155	0.01676	0.00958	0.01244	0.00806	0.00447	0.00492	0.00143	0.00581	0.00438	0.00260	0.11399
3	0.01270	0.01219	0.02083	0.03149	0.78767	0.01219	0.01575	0.01575	0.01168	0.01676	0.00965	0.01270	0.00813	0.00457	0.00508	0.00152	0.00610	0.00457	0.00254	0.00813
4	0.01461	0.01028	0.01259	0.01242	0.10977	0.01072	0.00866	0.34501	0.01696	0.10063	0.01918	0.22808	0.05155	0.00911	0.00559	0.00172	0.00471	0.02646	0.00481	0.00715
5	0.01270	0.01219	0.02083	0.03149	0.78767	0.01219	0.01575	0.01575	0.01168	0.01676	0.00965	0.01270	0.00813	0.00457	0.00508	0.00152	0.00610	0.00457	0.00254	0.00813
6	0.01355	0.01247	0.02015	0.02902	0.69074	0.01266	0.01499	0.11054	0.01325	0.01872	0.00999	0.01265	0.00820	0.00477	0.00509	0.00153	0.00604	0.00458	0.00287	0.00820
7	0.01270	0.01219	0.02083	0.03149	0.78767	0.01219	0.01575	0.01575	0.01168	0.01676	0.00965	0.01270	0.00813	0.00457	0.00508	0.00152	0.00610	0.00457	0.00254	0.00813
8	0.01270	0.01219	0.02083	0.03149	0.78767	0.01219	0.01575	0.01575	0.01168	0.01676	0.00965	0.01270	0.00813	0.00457	0.00508	0.00152	0.00610	0.00457	0.00254	0.00813
9	0.01254	0.01202	0.02053	0.07385	0.74660	0.01215	0.01567	0.01560	0.01161	0.01656	0.00962	0.01275	0.00806	0.00460	0.00508	0.00153	0.00614	0.00457	0.00253	0.00800
10	0.01270	0.01219	0.02083	0.03149	0.78767	0.01219	0.01575	0.01575	0.01168	0.01676	0.00965	0.01270	0.00813	0.00457	0.00508	0.00152	0.00610	0.00457	0.00254	0.00813
11	0.01270	0.01219	0.02083	0.03149	0.78767	0.01219	0.01575	0.01575	0.01168	0.01676	0.00965	0.01270	0.00813	0.00457	0.00508	0.00152	0.00610	0.00457	0.00254	0.00813
12	0.01303	0.66231	0.18129	0.00996	0.01499	0.01861	0.01083	0.01554	0.01051	0.01291	0.00755	0.00876	0.00657	0.00449	0.00361	0.00120	0.00591	0.00295	0.00219	0.00679
13	0.01195	0.01143	0.01948	0.22344	0.60154	0.01200	0.01538	0.01509	0.01133	0.01586	0.00952	0.01294	0.00781	0.00471	0.00509	0.00157	0.00628	0.00457	0.00248	0.00753
14	0.03405	0.18446	0.22493	0.25777	0.02287	0.09330	0.01331	0.08385	0.01210	0.01567	0.00885	0.01109	0.00681	0.00501	0.00458	0.00150	0.00682	0.00381	0.00255	0.00668

[dist]
# distance from previous block
# <min> <max>
1	51

[block]
# block no. 1 follows, 48 sequences, length 7
# corresponding to MSA columns:
# 318-324
name=unknown_B
#
# <colnr> <probs for GDERKNQSTAVLIFYWHMCP>
#	G	D	E	R	K	N	Q	S	T	A	V	L	I	F	Y	W	H	M	C	P
0	0.01246	0.12585	0.15115	0.04775	0.44851	0.01361	0.01477	0.04083	0.01147	0.01613	0.00910	0.01169	0.00752	0.00498	0.00563	0.00154	0.06274	0.00418	0.00249	0.00759
1	0.01189	0.17515	0.26947	0.06240	0.24680	0.01375	0.11879	0.01578	0.01115	0.01544	0.00909	0.01144	0.00719	0.00463	0.00480	0.00151	0.00684	0.00417	0.00235	0.00736
2	0.01208	0.07406	0.07456	0.16506	0.54291	0.01265	0.01518	0.01529	0.01128	0.01573	0.00934	0.01240	0.00767	0.00468	0.00494	0.00153	0.00628	0.00438	0.00244	0.00755
3	0.01193	0.01141	0.01944	0.22903	0.59612	0.01199	0.01537	0.01508	0.01132	0.01583	0.00952	0.01295	0.00780	0.00471	0.00509	0.00157	0.00629	0.00457	0.00247	0.00751
4	0.01148	0.01182	0.01570	0.50013	0.08012	0.12043	0.01320	0.01416	0.01051	0.01314	0.00856	0.01256	0.00688	0.00582	0.00720	0.00174	0.15394	0.00438	0.00234	0.00588
5	0.01225	0.05050	0.01623	0.20924	0.18372	0.01284	0.01178	0.11807	0.04733	0.01702	0.01041	0.04359	0.00886	0.00624	0.00719	0.00165	0.15757	0.00479	0.00301	0.07771
6	0.01144	0.01074	0.01794	0.49249	0.09690	0.01246	0.11736	0.09478	0.01196	0.01589	0.00952	0.01330	0.00728	0.00534	0.00604	0.00171	0.06102	0.00477	0.00265	0.00640

[dist]
# distance from previous block
# <min> <max>
11	212

[block]
# block no. 2 follows, 48 sequences, length 16
# corresponding to MSA columns:
# 555-568,571,572
name=unknown_C
#
# <colnr> <probs for GDERKNQSTAVLIFYWHMCP>
#	G	D	E	R	K	N	Q	S	T	A	V	L	I	F	Y	W	H	M	C	P
0	0.04716	0.01149	0.05206	0.04375	0.11380	0.05193	0.02514	0.15505	0.07049	0.03827	0.06732	0.04693	0.08392	0.00716	0.00516	0.00154	0.00501	0.04979	0.00399	0.12002
1	0.10270	0.01356	0.04694	0.01285	0.01676	0.05733	0.16344	0.34841	0.01712	0.06044	0.03808	0.04560	0.01068	0.00726	0.03387	0.00184	0.00638	0.00523	0.00413	0.00737
2	0.08718	0.03436	0.11290	0.01019	0.01413	0.02455	0.00924	0.27190	0.04836	0.09849	0.04548	0.04100	0.04766	0.00686	0.00499	0.00155	0.00505	0.04650	0.00436	0.08525
3	0.07622	0.10033	0.01291	0.05648	0.01360	0.04013	0.00788	0.21600	0.11328	0.02063	0.06103	0.16579	0.01601	0.00783	0.00500	0.00157	0.00466	0.00642	0.00422	0.07000
4	0.04039	0.06113	0.08577	0.01178	0.01599	0.03648	0.02986	0.30629	0.01750	0.05478	0.03591	0.04462	0.01236	0.00720	0.00560	0.00176	0.00588	0.00526	0.04188	0.17956
5	0.03816	0.01124	0.05815	0.03604	0.01425	0.01012	0.00834	0.23659	0.03828	0.15177	0.06325	0.05035	0.01270	0.00613	0.00482	0.00138	0.00465	0.00495	0.00445	0.24441
6	0.24281	0.01290	0.11373	0.01129	0.01447	0.01264	0.05070	0.10586	0.03265	0.11024	0.01021	0.01187	0.00780	0.00722	0.03078	0.00196	0.20856	0.00418	0.00343	0.00670
7	0.00969	0.00912	0.01539	0.80734	0.03534	0.01140	0.01425	0.01311	0.01026	0.01311	0.00912	0.01368	0.00684	0.00513	0.00513	0.00171	0.00684	0.00456	0.00228	0.00570
8	0.01029	0.02654	0.79309	0.01462	0.02221	0.01192	0.01896	0.01625	0.01083	0.01625	0.00921	0.01083	0.00650	0.00487	0.00487	0.00162	0.00758	0.00379	0.00217	0.00758
9	0.01078	0.00901	0.01210	0.11160	0.01568	0.00761	0.05220	0.01321	0.01079	0.04883	0.01118	0.07515	0.00981	0.00508	0.00438	0.00108	0.00444	0.00442	0.00319	0.58947
10	0.00969	0.00912	0.01539	0.80734	0.03534	0.01140	0.01425	0.01311	0.01026	0.01311	0.00912	0.01368	0.00684	0.00513	0.00513	0.00171	0.00684	0.00456	0.00228	0.00570
11	0.01300	0.01105	0.01143	0.01030	0.01296	0.04525	0.00800	0.12948	0.51384	0.02135	0.02028	0.12187	0.01712	0.00819	0.00542	0.00176	0.00439	0.03180	0.00502	0.00749
12	0.01080	0.00732	0.00604	0.00587	0.00725	0.10723	0.00440	0.01306	0.01125	0.01828	0.01560	0.01786	0.01231	0.00589	0.00372	0.00121	0.00328	0.00459	0.73911	0.00493
13	0.00726	0.00524	0.00686	0.00646	0.00767	0.00484	0.00484	0.00968	0.01452	0.02058	0.78496	0.03833	0.04841	0.01049	0.00605	0.00161	0.00242	0.00928	0.00565	0.00484
14	0.00685	0.00521	0.00651	0.00689	0.00799	0.00457	0.00482	0.00807	0.01047	0.01411	0.07381	0.56059	0.13511	0.01374	0.00610	0.00184	0.00300	0.01227	0.00459	0.11346
15	0.01041	0.00970	0.01627	0.40493	0.32188	0.01077	0.01360	0.01336	0.01075	0.01452	0.01180	0.11682	0.01083	0.00633	0.00529	0.00169	0.00605	0.00586	0.00270	0.00644

[dist]
# distance from previous block
# <min> <max>
0	3

[block]
# block no. 3 follows, 48 sequences, length 107
# corresponding to MSA columns:
# 581-687
name=unknown_D
#
# <colnr> <probs for GDERKNQSTAVLIFYWHMCP>
#	G	D	E	R	K	N	Q	S	T	A	V	L	I	F	Y	W	H	M	C	P
0	0.01467	0.01226	0.04395	0.01620	0.02041	0.03119	0.41830	0.01795	0.01263	0.22163	0.05555	0.03557	0.01183	0.00582	0.00643	0.00171	0.05702	0.00597	0.00378	0.00713
1	0.01196	0.02257	0.52417	0.05861	0.02252	0.06153	0.11651	0.09084	0.01251	0.01746	0.00959	0.01144	0.00692	0.00497	0.00506	0.00162	0.00760	0.00418	0.00255	0.00740
2	0.01070	0.01036	0.01790	0.50871	0.21171	0.01199	0.07513	0.01395	0.01059	0.01419	0.00919	0.01330	0.00721	0.00518	0.00595	0.00170	0.05881	0.00468	0.00236	0.00637
3	0.01527	0.01225	0.01332	0.05464	0.01557	0.01394	0.00911	0.32178	0.43667	0.02533	0.01684	0.01613	0.01242	0.00654	0.00518	0.00166	0.00484	0.00526	0.00502	0.00823
4	0.01290	0.00932	0.01104	0.00807	0.01243	0.00751	0.00651	0.06678	0.01224	0.12677	0.03192	0.01246	0.00950	0.00450	0.00414	0.00095	0.00397	0.00362	0.00372	0.65164
5	0.00628	0.00448	0.00598	0.00713	0.00745	0.00418	0.00476	0.00721	0.00994	0.01328	0.04661	0.79748	0.03429	0.01594	0.00654	0.00207	0.00296	0.01446	0.00478	0.00418
6	0.01513	0.01481	0.02298	0.01713	0.02148	0.13223	0.43188	0.14753	0.01460	0.07974	0.01126	0.01342	0.00836	0.00632	0.03739	0.00189	0.00809	0.00530	0.00334	0.00713
7	0.01120	0.01066	0.01811	0.41874	0.41216	0.01180	0.01500	0.01443	0.01097	0.01494	0.00939	0.01319	0.00748	0.00485	0.00510	0.00162	0.00647	0.00457	0.00241	0.00692
8	0.06207	0.00520	0.00662	0.00746	0.00823	0.00500	0.00531	0.00902	0.01022	0.05849	0.02635	0.64502	0.03047	0.01461	0.00630	0.00205	0.00329	0.08495	0.00475	0.00457
9	0.00666	0.00477	0.00625	0.00726	0.00769	0.00452	0.00491	0.02897	0.01036	0.01384	0.04775	0.77292	0.03360	0.01565	0.00650	0.00206	0.00304	0.01416	0.00480	0.00432
10	0.01237	0.39688	0.39395	0.01183	0.01765	0.05894	0.01373	0.01607	0.01085	0.01410	0.00817	0.00954	0.00655	0.00467	0.00412	0.00136	0.00670	0.00328	0.00221	0.00703
11	0.01066	0.01046	0.01451	0.01259	0.01298	0.03438	0.02856	0.01201	0.00822	0.01236	0.00829	0.01307	0.00800	0.01481	0.17646	0.00344	0.60669	0.00470	0.00237	0.00544
12	0.00735	0.00477	0.00638	0.00723	0.00781	0.00442	0.00494	0.00840	0.01039	0.06205	0.06984	0.72325	0.03342	0.01516	0.00643	0.00203	0.00303	0.01370	0.00491	0.00449
13	0.00636	0.00467	0.00614	0.00718	0.00756	0.00446	0.00486	0.00728	0.00989	0.01313	0.02924	0.74913	0.08017	0.01571	0.00677	0.00207	0.02236	0.01411	0.00470	0.00421
14	0.10825	0.01075	0.01720	0.33522	0.30754	0.01188	0.06054	0.01533	0.05473	0.01628	0.00984	0.01303	0.00773	0.00494	0.00495	0.00163	0.00619	0.00452	0.00267	0.00679
15	0.06060	0.01023	0.01261	0.01023	0.01328	0.03136	0.07645	0.21642	0.05493	0.19574	0.01909	0.08787	0.07120	0.08608	0.00738	0.00199	0.00501	0.02789	0.00474	0.00692
16	0.00674	0.00488	0.00648	0.00758	0.00820	0.00461	0.00558	0.00803	0.01046	0.01372	0.02973	0.57105	0.08757	0.01538	0.00665	0.00213	0.00339	0.19877	0.00475	0.00432
17	0.01029	0.02654	0.79309	0.01462	0.02221	0.01192	0.01896	0.01625	0.01083	0.01625	0.00921	0.01083	0.00650	0.00487	0.00487	0.00162	0.00758	0.00379	0.00217	0.00758
18	0.01276	0.06275	0.02121	0.03008	0.73935	0.01270	0.01531	0.01572	0.01160	0.01647	0.00949	0.01242	0.00803	0.00456	0.00497	0.00150	0.00606	0.00446	0.00252	0.00803
19	0.01079	0.01025	0.01738	0.52311	0.31095	0.01169	0.01480	0.01408	0.01078	0.01445	0.00931	0.01332	0.00731	0.00493	0.00511	0.00164	0.00657	0.00456	0.00238	0.00659
20	0.01372	0.82276	0.02689	0.00878	0.01317	0.02030	0.00878	0.01536	0.01043	0.01207	0.00713	0.00823	0.00658	0.00439	0.00329	0.00110	0.00549	0.00274	0.00219	0.00658
21	0.01159	0.00939	0.01156	0.00841	0.01287	0.00745	0.03685	0.01460	0.05301	0.06528	0.01051	0.01166	0.00837	0.00415	0.00405	0.00090	0.00404	0.00344	0.00335	0.71851
22	0.01196	0.01302	0.02364	0.01855	0.05200	0.04924	0.44002	0.01506	0.01097	0.01504	0.01024	0.01558	0.00880	0.00632	0.00910	0.00189	0.23750	0.05202	0.00263	0.00641
23	0.01261	0.01454	0.02851	0.02067	0.02546	0.07241	0.68139	0.01658	0.01212	0.01598	0.01005	0.01339	0.00765	0.00458	0.00638	0.00172	0.04081	0.00579	0.00258	0.00679
24	0.00740	0.00497	0.00569	0.00571	0.00580	0.00493	0.00328	0.00759	0.00800	0.01074	0.06461	0.06526	0.02112	0.73698	0.02408	0.00465	0.00474	0.00786	0.00333	0.00326
25	0.00746	0.00497	0.00560	0.00560	0.00560	0.00497	0.00311	0.00746	0.00746	0.00995	0.01617	0.03358	0.01865	0.81967	0.02612	0.00497	0.00497	0.00746	0.00311	0.00311
26	0.02302	0.00873	0.01191	0.00913	0.01310	0.00754	0.00754	0.02501	0.01469	0.79122	0.02024	0.01746	0.01270	0.00635	0.00516	0.00159	0.00437	0.00516	0.00635	0.00873
27	0.00887	0.00448	0.00672	0.00672	0.00675	0.00451	0.00451	0.00675	0.00672	0.00899	0.00904	0.01571	0.00901	0.01836	0.04005	0.82909	0.00469	0.00448	0.00224	0.00229
28	0.01064	0.00912	0.01064	0.00760	0.01216	0.00684	0.00608	0.01292	0.01064	0.01672	0.00912	0.01064	0.00760	0.00380	0.00380	0.00076	0.00380	0.00304	0.00304	0.85104
29	0.00726	0.00524	0.00686	0.00646	0.00767	0.00484	0.00484	0.00968	0.01452	0.02058	0.78496	0.03833	0.04841	0.01049	0.00605	0.00161	0.00242	0.00928	0.00565	0.00484
30	0.01313	0.01121	0.01181	0.01052	0.01348	0.01294	0.00821	0.06798	0.73708	0.02206	0.02041	0.01877	0.01528	0.00692	0.00522	0.00173	0.00415	0.00574	0.00522	0.00815
31	0.01362	0.80003	0.04877	0.00895	0.01343	0.02006	0.00907	0.01539	0.01044	0.01219	0.00719	0.00831	0.00658	0.00440	0.00334	0.00111	0.00555	0.00277	0.00219	0.00661
32	0.01655	0.24860	0.01913	0.01208	0.01545	0.30013	0.05691	0.13676	0.03381	0.03837	0.00914	0.01037	0.00743	0.00547	0.00539	0.00141	0.06949	0.00373	0.00305	0.00674
33	0.00617	0.00520	0.00527	0.00529	0.00694	0.00439	0.00394	0.00743	0.01150	0.01371	0.04989	0.04882	0.73676	0.04973	0.00700	0.00189	0.00275	0.02434	0.00469	0.00428
34	0.02302	0.00873	0.01191	0.00913	0.01310	0.00754	0.00754	0.02501	0.01469	0.79122	0.02024	0.01746	0.01270	0.00635	0.00516	0.00159	0.00437	0.00516	0.00635	0.00873
35	0.01064	0.00912	0.01064	0.00760	0.01216	0.00684	0.00608	0.01292	0.01064	0.01672	0.00912	0.01064	0.00760	0.00380	0.00380	0.00076	0.00380	0.00304	0.00304	0.85104
36	0.83781	0.01024	0.00769	0.00689	0.01005	0.02855	0.00565	0.01520	0.00886	0.02279	0.00716	0.00836	0.00558	0.00477	0.00321	0.00158	0.00408	0.00279	0.00316	0.00557
37	0.00733	0.00550	0.00825	0.00825	0.00916	0.00641	0.00641	0.00916	0.00825	0.01191	0.01374	0.02016	0.01283	0.03848	0.79934	0.00825	0.01374	0.00550	0.00275	0.00458
38	0.01951	0.01437	0.01540	0.01181	0.01591	0.01591	0.00975	0.77056	0.02412	0.03234	0.01232	0.01232	0.00873	0.00616	0.00513	0.00154	0.00565	0.00462	0.00513	0.00873
39	0.01547	0.01306	0.01914	0.01660	0.11615	0.03260	0.21769	0.28775	0.09826	0.06562	0.01351	0.01622	0.01044	0.00597	0.00548	0.00165	0.00632	0.04613	0.00410	0.00780
40	0.00614	0.00520	0.00530	0.00528	0.00698	0.00436	0.00396	0.00751	0.01187	0.01428	0.09770	0.04869	0.73960	0.01284	0.00606	0.00173	0.00259	0.01073	0.00482	0.00436
41	0.00614	0.00520	0.00530	0.00528	0.00698	0.00436	0.00396	0.00751	0.01187	0.01428	0.09770	0.04869	0.73960	0.01284	0.00606	0.00173	0.00259	0.01073	0.00482	0.00436
42	0.01509	0.01206	0.01388	0.01273	0.07657	0.01347	0.02232	0.26644	0.40480	0.04777	0.01686	0.03171	0.01276	0.00666	0.00546	0.00167	0.02122	0.00545	0.00490	0.00819
43	0.01450	0.01664	0.01880	0.18427	0.13813	0.31890	0.16015	0.02735	0.01259	0.01433	0.00893	0.01172	0.00715	0.00512	0.00559	0.00155	0.04090	0.00436	0.00256	0.00644
44	0.01064	0.00912	0.01064	0.00760	0.01216	0.00684	0.00608	0.01292	0.01064	0.01672	0.00912	0.01064	0.00760	0.00380	0.00380	0.00076	0.00380	0.00304	0.00304	0.85104
45	0.00827	0.00591	0.00827	0.00945	0.01063	0.00591	0.00827	0.01063	0.01181	0.01536	0.02717	0.05788	0.02953	0.01417	0.00709	0.00236	0.00472	0.75313	0.00472	0.00472
46	0.01372	0.82276	0.02689	0.00878	0.01317	0.02030	0.00878	0.01536	0.01043	0.01207	0.00713	0.00823	0.00658	0.00439	0.00329	0.00110	0.00549	0.00274	0.00219	0.00658
47	0.00737	0.00494	0.00562	0.00571	0.00573	0.00492	0.00323	0.00744	0.00763	0.01018	0.01705	0.09058	0.01977	0.76116	0.02469	0.00476	0.00483	0.00798	0.00323	0.00319
48	0.01884	0.01414	0.01484	0.01151	0.01535	0.03763	0.00939	0.70738	0.02294	0.03055	0.01240	0.01340	0.00921	0.05070	0.00627	0.00172	0.00571	0.00474	0.00495	0.00834
49	0.01288	0.01108	0.01167	0.01047	0.01339	0.01282	0.00815	0.04069	0.76478	0.02166	0.02073	0.01902	0.01554	0.00695	0.00522	0.00174	0.00409	0.00578	0.00522	0.00813
50	0.00729	0.00559	0.00691	0.00757	0.00899	0.00521	0.00633	0.00918	0.01176	0.01469	0.03815	0.05412	0.36412	0.01365	0.00663	0.00208	0.00378	0.42462	0.00474	0.00455
51	0.01107	0.01064	0.01751	0.48642	0.33007	0.02814	0.01475	0.01430	0.01091	0.01453	0.00930	0.01320	0.00734	0.00491	0.00510	0.00163	0.00660	0.00454	0.00239	0.00666
52	0.01253	0.01384	0.02926	0.02129	0.04209	0.01312	0.71173	0.05773	0.01276	0.01731	0.01047	0.01373	0.00784	0.00443	0.00598	0.00172	0.00843	0.00595	0.00273	0.00704
53	0.01258	0.01207	0.02061	0.06260	0.75750	0.01216	0.01569	0.01564	0.01163	0.01662	0.00963	0.01274	0.00808	0.00459	0.00508	0.00153	0.00613	0.00457	0.00253	0.00803
54	0.00703	0.00649	0.00595	0.00587	0.00763	0.05715	0.00442	0.00840	0.01202	0.01411	0.08257	0.04636	0.68585	0.01239	0.00599	0.00171	0.00307	0.02386	0.00466	0.00447
55	0.01313	0.55837	0.23262	0.01063	0.01577	0.06662	0.01159	0.01592	0.01079	0.01323	0.00774	0.00900	0.00656	0.00458	0.00380	0.00125	0.00629	0.00306	0.00222	0.00681
56	0.03122	0.53968	0.23048	0.01106	0.03550	0.04889	0.01165	0.01581	0.01070	0.01356	0.00778	0.00908	0.00658	0.00457	0.00381	0.00127	0.00618	0.00309	0.00224	0.00684
57	0.08784	0.02160	0.01411	0.01263	0.01517	0.62692	0.00966	0.05659	0.01396	0.01439	0.00798	0.00950	0.00664	0.00561	0.00559	0.00143	0.07817	0.00343	0.00278	0.00602
58	0.01216	0.04953	0.17715	0.01451	0.09854	0.15017	0.10214	0.05373	0.01224	0.02738	0.01557	0.16660	0.05977	0.00766	0.00568	0.00166	0.02931	0.00658	0.00322	0.00640
59	0.00733	0.00550	0.00825	0.00825	0.00916	0.00641	0.00641	0.00916	0.00825	0.01191	0.01374	0.02016	0.01283	0.03848	0.79934	0.00825	0.01374	0.00550	0.00275	0.00458
60	0.06513	0.03226	0.01703	0.02576	0.03775	0.07801	0.18278	0.17370	0.10561	0.09133	0.03093	0.03924	0.02394	0.00651	0.00574	0.00167	0.03607	0.03536	0.00404	0.00715
61	0.01698	0.07556	0.01440	0.01144	0.01450	0.31790	0.00903	0.16207	0.19282	0.06584	0.01302	0.02873	0.01016	0.00613	0.00503	0.00149	0.02109	0.00448	0.02222	0.00712
62	0.00647	0.00462	0.00608	0.00709	0.00748	0.00434	0.00481	0.00747	0.01006	0.01345	0.07139	0.67724	0.04416	0.06575	0.00776	0.00224	0.00314	0.04756	0.00471	0.00417
63	0.02956	0.05322	0.01831	0.01426	0.03968	0.19957	0.19122	0.14661	0.12836	0.01884	0.01128	0.01255	0.00872	0.00530	0.00520	0.00148	0.02062	0.00456	0.00345	0.08720
64	0.01100	0.17311	0.62098	0.01383	0.02072	0.01351	0.04715	0.01609	0.01081	0.01549	0.00887	0.01047	0.00657	0.00476	0.00463	0.00153	0.00724	0.00369	0.00219	0.00737
65	0.00746	0.00499	0.00565	0.00565	0.00567	0.00500	0.00318	0.00750	0.00748	0.00999	0.01612	0.03330	0.01854	0.80377	0.04185	0.00504	0.00515	0.00742	0.00310	0.00314
66	0.00930	0.00736	0.00792	0.00736	0.00923	0.02612	0.00564	0.08828	0.12057	0.01897	0.24590	0.08483	0.25543	0.01036	0.00572	0.00168	0.00329	0.02885	0.05767	0.00551
67	0.03588	0.40826	0.15969	0.01040	0.01511	0.05943	0.01050	0.11026	0.01294	0.10663	0.02161	0.01080	0.00816	0.00508	0.00413	0.00134	0.00588	0.00358	0.00314	0.00719
68	0.01372	0.82276	0.02689	0.00878	0.01317	0.02030	0.00878	0.01536	0.01043	0.01207	0.00713	0.00823	0.00658	0.00439	0.00329	0.00110	0.00549	0.00274	0.00219	0.00658
69	0.00746	0.00497	0.00560	0.00560	0.00560	0.00497	0.00311	0.00746	0.00746	0.00995	0.01617	0.03358	0.01865	0.81967	0.02612	0.00497	0.00497	0.00746	0.00311	0.00311
70	0.01233	0.01203	0.02103	0.10028	0.62987	0.01229	0.08231	0.01547	0.01148	0.01628	0.00958	0.01285	0.00794	0.00473	0.00551	0.00158	0.02950	0.00470	0.00251	0.00773
71	0.00647	0.00471	0.00628	0.02490	0.00819	0.00451	0.00505	0.00771	0.02646	0.01328	0.02770	0.78135	0.03294	0.01564	0.00649	0.00207	0.00309	0.01418	0.00472	0.00429
72	0.00798	0.00577	0.00788	0.00892	0.01011	0.00567	0.00767	0.01019	0.01180	0.01529	0.05088	0.08702	0.09325	0.01405	0.00695	0.00228	0.00441	0.64046	0.00476	0.00467
73	0.05593	0.00506	0.00493	0.00489	0.00619	0.00515	0.00369	0.01213	0.01065	0.01934	0.01621	0.01854	0.01274	0.00591	0.00356	0.00122	0.00248	0.00467	0.80187	0.00482
74	0.01428	0.27813	0.12763	0.01166	0.01564	0.22724	0.04085	0.02914	0.13364	0.01492	0.01112	0.01360	0.00935	0.00567	0.00453	0.00143	0.00666	0.04479	0.00299	0.00674
75	0.01917	0.02445	0.01454	0.01322	0.01586	0.79907	0.00991	0.02049	0.01454	0.01256	0.00793	0.00925	0.00661	0.00529	0.00463	0.00132	0.00925	0.00330	0.00264	0.00595
76	0.02302	0.00873	0.01191	0.00913	0.01310	0.00754	0.00754	0.02501	0.01469	0.79122	0.02024	0.01746	0.01270	0.00635	0.00516	0.00159	0.00437	0.00516	0.00635	0.00873
77	0.00865	0.00675	0.00822	0.00866	0.01031	0.00690	0.00723	0.01317	0.16341	0.01622	0.03166	0.04825	0.20151	0.01248	0.00648	0.00209	0.00410	0.43377	0.00483	0.00531
78	0.01116	0.01105	0.05113	0.15215	0.17604	0.01115	0.09359	0.01801	0.25201	0.01803	0.12132	0.01914	0.02978	0.00638	0.00538	0.00167	0.00536	0.00585	0.00379	0.00703
79	0.00733	0.00550	0.00825	0.00825	0.00916	0.00641	0.00641	0.00916	0.00825	0.01191	0.01374	0.02016	0.01283	0.03848	0.79934	0.00825	0.01374	0.00550	0.00275	0.00458
80	0.01917	0.02445	0.01454	0.01322	0.01586	0.79907	0.00991	0.02049	0.01454	0.01256	0.00793	0.00925	0.00661	0.00529	0.00463	0.00132	0.00925	0.00330	0.00264	0.00595
81	0.01166	0.01211	0.01724	0.06388	0.01644	0.05806	0.09480	0.01329	0.00884	0.01286	0.00735	0.01156	0.00685	0.00803	0.01425	0.00210	0.62800	0.00460	0.00231	0.00578
82	0.01148	0.00994	0.05532	0.00996	0.01349	0.00839	0.09529	0.07150	0.01314	0.08176	0.22339	0.02014	0.03606	0.00658	0.00560	0.00137	0.04151	0.00567	0.00408	0.28532
83	0.01313	0.60383	0.20626	0.01033	0.01540	0.04956	0.01121	0.01578	0.01069	0.01307	0.00765	0.00888	0.00657	0.00454	0.00372	0.00123	0.00613	0.00301	0.00221	0.00679
84	0.01276	0.01102	0.01160	0.01044	0.01334	0.01276	0.00812	0.02727	0.77840	0.02146	0.02088	0.01914	0.01566	0.00696	0.00522	0.00174	0.00406	0.00580	0.00522	0.00812
85	0.00649	0.00521	0.00578	0.00564	0.00719	0.00451	0.00423	0.00818	0.01269	0.01622	0.30971	0.04549	0.52638	0.01211	0.00606	0.00169	0.00254	0.01028	0.00508	0.00451
86	0.00733	0.00550	0.00825	0.00825	0.00916	0.00641	0.00641	0.00916	0.00825	0.01191	0.01374	0.02016	0.01283	0.03848	0.79934	0.00825	0.01374	0.00550	0.00275	0.00458
87	0.00907	0.00816	0.00964	0.00922	0.01012	0.09026	0.00713	0.01061	0.00879	0.01188	0.01244	0.01895	0.01187	0.09330	0.55585	0.00650	0.11346	0.00530	0.00270	0.00474
88	0.01258	0.01207	0.02061	0.06257	0.75753	0.01216	0.01569	0.01564	0.01163	0.01662	0.00963	0.01274	0.00808	0.00459	0.00508	0.00153	0.00613	0.00457	0.00253	0.00803
89	0.02280	0.00878	0.01190	0.00916	0.01310	0.00765	0.00755	0.02505	0.03120	0.77457	0.02026	0.01750	0.01277	0.00636	0.00516	0.00159	0.00436	0.00517	0.00633	0.00872
90	0.02226	0.00995	0.01266	0.00971	0.01371	0.00935	0.00802	0.18587	0.01672	0.62748	0.01853	0.01635	0.01184	0.00631	0.00515	0.00158	0.00464	0.00504	0.00609	0.00873
91	0.01249	0.01197	0.02044	0.08637	0.73445	0.01214	0.01564	0.01556	0.01158	0.01650	0.00961	0.01277	0.00804	0.00461	0.00508	0.00154	0.00615	0.00457	0.00252	0.00796
92	0.01186	0.01133	0.01931	0.24842	0.57732	0.01197	0.01533	0.01501	0.01129	0.01574	0.00950	0.01297	0.00777	0.00473	0.00509	0.00158	0.00630	0.00457	0.00247	0.00745
93	0.00631	0.00451	0.00602	0.00721	0.00753	0.00422	0.00486	0.00724	0.00988	0.01316	0.02825	0.79467	0.03381	0.01602	0.00656	0.00209	0.00303	0.03568	0.00476	0.00418
94	0.00649	0.00484	0.00693	0.00772	0.00822	0.00452	0.03538	0.00752	0.00992	0.01323	0.02756	0.78418	0.03289	0.01560	0.00653	0.00207	0.00320	0.01425	0.00468	0.00428
95	0.01177	0.01199	0.01933	0.01539	0.01694	0.01490	0.20351	0.04379	0.00963	0.01425	0.00792	0.01193	0.00709	0.00761	0.01345	0.00207	0.56316	0.00487	0.00246	0.01794
96	0.04630	0.00753	0.00926	0.00803	0.01025	0.00752	0.00631	0.04606	0.10012	0.20859	0.36032	0.04548	0.07100	0.00888	0.00606	0.00166	0.03744	0.00743	0.00544	0.00633
97	0.85592	0.00992	0.00754	0.00675	0.00992	0.01151	0.00556	0.01508	0.00873	0.02302	0.00714	0.00834	0.00556	0.00476	0.00318	0.00159	0.00397	0.00278	0.00318	0.00556
98	0.00851	0.00697	0.05099	0.00866	0.01013	0.00598	0.02855	0.02886	0.03767	0.05598	0.06931	0.45207	0.04591	0.01330	0.00635	0.00202	0.00387	0.15508	0.00471	0.00507
99	0.01240	0.01189	0.02029	0.10810	0.71339	0.01211	0.01560	0.01549	0.01154	0.01640	0.00960	0.01280	0.00800	0.00463	0.00508	0.00154	0.00617	0.00457	0.00251	0.00789
100	0.00770	0.00596	0.00789	0.00835	0.00920	0.00627	0.00664	0.00929	0.01071	0.01418	0.06917	0.21932	0.13399	0.06445	0.02653	0.00245	0.09295	0.29603	0.00437	0.00454
101	0.00756	0.00511	0.00670	0.00723	0.00806	0.00485	0.00535	0.00915	0.01141	0.03650	0.21586	0.35474	0.04575	0.07151	0.00777	0.00217	0.00333	0.15373	0.03869	0.00452
102	0.01348	0.01186	0.01817	0.01496	0.05986	0.01231	0.24727	0.18491	0.20888	0.03657	0.06473	0.04923	0.01448	0.00664	0.00562	0.00170	0.00584	0.03180	0.00425	0.00741
103	0.01063	0.00904	0.01072	0.03973	0.01292	0.00725	0.00646	0.02797	0.03320	0.01726	0.05792	0.01277	0.01037	0.00441	0.00406	0.00089	0.00388	0.00360	0.00328	0.72368
104	0.01108	0.21060	0.61597	0.01327	0.02012	0.01386	0.01660	0.01604	0.01074	0.01528	0.00873	0.01023	0.00652	0.00476	0.00451	0.00150	0.00710	0.00355	0.00217	0.00735
105	0.01456	0.01550	0.01905	0.02624	0.56703	0.22175	0.01408	0.03185	0.01269	0.01595	0.00925	0.01177	0.00774	0.00479	0.00496	0.00147	0.00693	0.00424	0.00262	0.00756
106	0.00649	0.00463	0.00609	0.00714	0.00754	0.00436	0.00488	0.00747	0.00998	0.01328	0.04853	0.67641	0.05162	0.06585	0.00778	0.00226	0.00319	0.06366	0.00468	0.00416

[dist]
# distance from previous block
# <min> <max>
7	11

[block]
# block no. 4 follows, 48 sequences, length 20
# corresponding to MSA columns:
# 699,704-722
name=unknown_E
#
# <colnr> <probs for GDERKNQSTAVLIFYWHMCP>
#	G	D	E	R	K	N	Q	S	T	A	V	L	I	F	Y	W	H	M	C	P
0	0.07701	0.01195	0.01622	0.22149	0.08318	0.07785	0.11607	0.07868	0.01200	0.01695	0.00922	0.01193	0.00728	0.00498	0.00544	0.00147	0.05174	0.00420	0.00285	0.18953
1	0.01233	0.38707	0.36983	0.01230	0.01809	0.04954	0.05542	0.01604	0.01088	0.01421	0.00828	0.00975	0.00661	0.00464	0.00421	0.00138	0.00676	0.00342	0.00222	0.00702
2	0.00630	0.00483	0.00580	0.00649	0.00739	0.00433	0.00459	0.00746	0.01077	0.01373	0.06238	0.47048	0.31616	0.01465	0.00637	0.00195	0.00289	0.04436	0.00479	0.00428
3	0.05907	0.01163	0.01223	0.01037	0.01369	0.01303	0.00823	0.20344	0.50205	0.02381	0.01726	0.01633	0.01289	0.00643	0.00499	0.00161	0.00442	0.00516	0.00494	0.06845
4	0.01517	0.01127	0.03311	0.11600	0.12900	0.03069	0.00999	0.20773	0.03251	0.15858	0.03800	0.01613	0.04959	0.00599	0.00500	0.00148	0.00520	0.00495	0.02396	0.10564
5	0.01289	0.13734	0.29705	0.04125	0.27963	0.01285	0.03776	0.01672	0.01146	0.09119	0.01016	0.01189	0.00772	0.00483	0.00478	0.00151	0.00647	0.00412	0.00272	0.00766
6	0.01166	0.15087	0.56923	0.01396	0.02066	0.01310	0.07650	0.01659	0.01108	0.05682	0.00956	0.01101	0.00695	0.00483	0.00473	0.00155	0.00716	0.00388	0.00243	0.00743
7	0.00645	0.00460	0.00608	0.00707	0.00746	0.00431	0.00478	0.00748	0.01020	0.01369	0.09680	0.68981	0.03444	0.05239	0.00742	0.00218	0.00306	0.03281	0.00477	0.00419
8	0.85592	0.00992	0.00754	0.00675	0.00992	0.01151	0.00556	0.01508	0.00873	0.02302	0.00714	0.00834	0.00556	0.00476	0.00318	0.00159	0.00397	0.00278	0.00318	0.00556
9	0.00746	0.00497	0.00560	0.00560	0.00560	0.00497	0.00311	0.00746	0.00746	0.00995	0.01617	0.03358	0.01865	0.81967	0.02612	0.00497	0.00497	0.00746	0.00311	0.00311
10	0.01161	0.33350	0.49770	0.01237	0.01872	0.01515	0.01503	0.01591	0.01068	0.01464	0.00841	0.00983	0.00653	0.00469	0.00426	0.00142	0.00678	0.00339	0.00218	0.00720
11	0.00671	0.00503	0.00615	0.00658	0.00761	0.00448	0.00468	0.00780	0.01069	0.01394	0.09231	0.41307	0.25901	0.01412	0.00699	0.04880	0.00300	0.03743	0.00460	0.04699
12	0.28294	0.01059	0.05307	0.00880	0.01185	0.01078	0.00743	0.05670	0.18780	0.04731	0.04884	0.04093	0.01203	0.00631	0.00517	0.00158	0.05847	0.00467	0.05446	0.09027
13	0.04453	0.01066	0.05288	0.00957	0.01279	0.02675	0.02375	0.09297	0.14241	0.12128	0.06103	0.03440	0.06383	0.04273	0.00670	0.00167	0.05933	0.01483	0.00427	0.17364
14	0.11694	0.04983	0.41015	0.01316	0.05663	0.06374	0.01382	0.07093	0.01205	0.05089	0.04271	0.01199	0.00874	0.00532	0.00495	0.00156	0.02705	0.00398	0.00291	0.03265
15	0.01134	0.20424	0.09637	0.00922	0.01202	0.01144	0.00834	0.11373	0.01216	0.04267	0.03520	0.17205	0.07474	0.08223	0.00775	0.00196	0.05590	0.03903	0.00369	0.00592
16	0.08134	0.04158	0.09487	0.18272	0.01812	0.01000	0.04233	0.02887	0.01085	0.03919	0.05353	0.08417	0.02985	0.00676	0.00580	0.00156	0.06719	0.02617	0.00320	0.17191
17	0.04557	0.09131	0.02990	0.01098	0.01415	0.16006	0.06614	0.09965	0.01346	0.12402	0.08092	0.03870	0.01268	0.00768	0.03947	0.00177	0.06716	0.00489	0.00374	0.08774
18	0.06489	0.03093	0.10212	0.06811	0.01640	0.16967	0.06778	0.11418	0.01285	0.03113	0.02647	0.04315	0.03366	0.04615	0.05004	0.00214	0.07401	0.02047	0.00322	0.02263
19	0.01099	0.15158	0.08429	0.03502	0.08498	0.01041	0.02395	0.04542	0.01144	0.03550	0.05247	0.06901	0.09040	0.04560	0.00602	0.00153	0.02521	0.00551	0.00331	0.20737

[dist]
# distance from previous block
# <min> <max>
7	62

[block]
# block no. 5 follows, 48 sequences, length 33
# corresponding to MSA columns:
# 839-871
name=unknown_F
#
# <colnr> <probs for GDERKNQSTAVLIFYWHMCP>
#	G	D	E	R	K	N	Q	S	T	A	V	L	I	F	Y	W	H	M	C	P
0	0.01340	0.01222	0.05854	0.01539	0.19950	0.11989	0.02614	0.01715	0.10981	0.13155	0.01752	0.19049	0.03495	0.00807	0.00562	0.00168	0.02029	0.00698	0.00398	0.00684
1	0.18249	0.01228	0.01350	0.01106	0.01457	0.02580	0.06819	0.25653	0.31695	0.02464	0.01444	0.01429	0.01072	0.00604	0.00484	0.00164	0.00498	0.00481	0.00454	0.00767
2	0.01272	0.01124	0.01749	0.11158	0.46529	0.01173	0.01317	0.09150	0.01263	0.04346	0.01337	0.01567	0.06944	0.00576	0.00583	0.00158	0.05361	0.00503	0.00308	0.03582
3	0.00840	0.00630	0.00848	0.01041	0.14696	0.00635	0.00556	0.00905	0.00826	0.01128	0.01487	0.02911	0.01645	0.63211	0.06233	0.00452	0.00563	0.00684	0.00299	0.00409
4	0.01098	0.02351	0.63786	0.01590	0.09911	0.01193	0.01756	0.01724	0.07156	0.03169	0.01039	0.01181	0.00751	0.00504	0.00493	0.00162	0.00709	0.00406	0.00253	0.00770
5	0.01732	0.01042	0.07365	0.09033	0.01590	0.00830	0.00879	0.03800	0.01310	0.42868	0.01512	0.01463	0.01018	0.00543	0.00478	0.00138	0.00475	0.00442	0.00471	0.23012
6	0.00923	0.00710	0.00719	0.00679	0.00846	0.06779	0.00506	0.01055	0.01124	0.09216	0.05840	0.03611	0.40482	0.11926	0.13002	0.00310	0.00531	0.00836	0.00427	0.00480
7	0.01171	0.00857	0.01162	0.01008	0.07307	0.00716	0.04334	0.01414	0.01230	0.12240	0.20331	0.01875	0.01847	0.00589	0.00475	0.00119	0.00395	0.00514	0.00407	0.42008
8	0.09902	0.67734	0.08538	0.00903	0.01355	0.01875	0.00926	0.01541	0.01029	0.01351	0.00730	0.00845	0.00647	0.00447	0.00341	0.00119	0.00550	0.00283	0.00229	0.00656
9	0.01287	0.45760	0.11274	0.01031	0.01474	0.07231	0.05346	0.01557	0.02943	0.01379	0.00871	0.01026	0.00742	0.00594	0.03648	0.00149	0.00622	0.00338	0.02570	0.10160
10	0.00698	0.00511	0.00676	0.00762	0.00842	0.00471	0.00553	0.00826	0.01027	0.01381	0.02656	0.60898	0.03102	0.01475	0.00643	0.00203	0.00337	0.15367	0.00462	0.07110
11	0.01339	0.01265	0.07354	0.01094	0.01435	0.01308	0.00917	0.11730	0.62577	0.02238	0.01892	0.01766	0.01409	0.00670	0.00518	0.00171	0.00453	0.00550	0.00497	0.00815
12	0.06350	0.01030	0.03745	0.00845	0.01291	0.00840	0.00708	0.10034	0.01256	0.11500	0.01075	0.01155	0.00820	0.00448	0.00412	0.00103	0.00422	0.00349	0.00367	0.57251
13	0.01158	0.16824	0.59813	0.01342	0.02012	0.04004	0.01646	0.04715	0.01143	0.01604	0.00892	0.01038	0.00661	0.00485	0.00459	0.00152	0.00719	0.00362	0.00231	0.00740
14	0.01083	0.05190	0.71497	0.01457	0.02185	0.01212	0.04905	0.01647	0.01098	0.03743	0.00949	0.01105	0.00673	0.00488	0.00488	0.00161	0.00747	0.00389	0.00230	0.00755
15	0.00802	0.00557	0.00621	0.00584	0.00770	0.00476	0.00445	0.00961	0.01256	0.09417	0.19305	0.04396	0.56193	0.01183	0.00597	0.00169	0.00274	0.00995	0.00510	0.00488
16	0.00701	0.00467	0.00618	0.00714	0.00757	0.00435	0.00478	0.00790	0.00989	0.04481	0.02725	0.73832	0.03218	0.06214	0.00762	0.00223	0.00315	0.01379	0.00473	0.00429
17	0.01577	0.01520	0.21971	0.01717	0.21505	0.02935	0.05274	0.06771	0.01338	0.26275	0.03193	0.01430	0.01011	0.00547	0.00512	0.00158	0.00603	0.00472	0.00390	0.00802
18	0.01170	0.01255	0.02580	0.05649	0.09200	0.01204	0.56540	0.04025	0.01215	0.01650	0.01214	0.09522	0.01046	0.00564	0.00595	0.00174	0.00767	0.00668	0.00288	0.00675
19	0.01611	0.00777	0.01010	0.00824	0.01107	0.00715	0.00660	0.08436	0.01545	0.40130	0.34003	0.02575	0.02732	0.00807	0.00553	0.00159	0.00366	0.00684	0.00595	0.00710
20	0.01193	0.01254	0.02454	0.14273	0.22002	0.01253	0.41970	0.01638	0.05603	0.01630	0.01061	0.01383	0.00818	0.00466	0.00562	0.00168	0.00746	0.00544	0.00269	0.00711
21	0.17256	0.01307	0.05893	0.04562	0.18288	0.10537	0.03457	0.08002	0.04859	0.11780	0.01479	0.01555	0.07688	0.00594	0.00480	0.00157	0.00561	0.00477	0.00367	0.00701
22	0.02258	0.00944	0.01235	0.00947	0.01345	0.00860	0.00782	0.11887	0.01587	0.69567	0.01925	0.01682	0.01220	0.00633	0.00516	0.00158	0.00453	0.00509	0.00620	0.00873
23	0.02281	0.00907	0.01211	0.00929	0.01326	0.00804	0.00767	0.06911	0.01524	0.74633	0.01977	0.01716	0.01247	0.00634	0.00516	0.00158	0.00444	0.00513	0.00628	0.00873
24	0.01116	0.01005	0.01789	0.24032	0.21725	0.01041	0.17984	0.01430	0.01129	0.04536	0.01332	0.06565	0.02979	0.00598	0.00531	0.00165	0.00612	0.01907	0.08878	0.00646
25	0.01541	0.01637	0.17160	0.01392	0.07591	0.14936	0.06034	0.13852	0.04439	0.14070	0.02204	0.07639	0.01107	0.00650	0.00558	0.00161	0.03386	0.00528	0.00381	0.00731
26	0.01987	0.00849	0.01230	0.00961	0.01317	0.00758	0.05130	0.02200	0.01387	0.62208	0.06382	0.01875	0.01452	0.00974	0.08596	0.00227	0.00545	0.00549	0.00573	0.00798
27	0.01440	0.09350	0.01834	0.19764	0.28925	0.01242	0.04156	0.09165	0.02308	0.14230	0.01163	0.01384	0.00881	0.00525	0.00499	0.00155	0.00593	0.01298	0.00338	0.00750
28	0.01607	0.08270	0.19920	0.04597	0.08945	0.01083	0.05670	0.02004	0.05966	0.32642	0.03261	0.01490	0.01079	0.00563	0.00500	0.00157	0.00567	0.00474	0.00418	0.00786
29	0.01162	0.01049	0.01763	0.31326	0.43734	0.01126	0.01425	0.01464	0.01117	0.04499	0.01094	0.05971	0.00932	0.00551	0.00519	0.00163	0.00612	0.00517	0.00272	0.00703
30	0.00688	0.00548	0.00843	0.00851	0.00940	0.00510	0.08239	0.00820	0.01032	0.01377	0.05792	0.67388	0.06077	0.01454	0.00646	0.00202	0.00352	0.01336	0.00458	0.00448
31	0.04317	0.01074	0.01240	0.01192	0.08859	0.04248	0.00860	0.25964	0.06923	0.13765	0.01669	0.07043	0.01466	0.09026	0.00751	0.00204	0.00513	0.09718	0.00462	0.00707
32	0.07873	0.00887	0.03757	0.01356	0.17260	0.00827	0.02723	0.05401	0.01196	0.15034	0.01911	0.27160	0.01908	0.02433	0.00600	0.00187	0.00458	0.07964	0.00430	0.00635

[dist]
# distance from previous block
# <min> <max>
0	5

[block]
# block no. 6 follows, 48 sequences, length 24
# corresponding to MSA columns:
# 878-900,905
name=unknown_G
#
# <colnr> <probs for GDERKNQSTAVLIFYWHMCP>
#	G	D	E	R	K	N	Q	S	T	A	V	L	I	F	Y	W	H	M	C	P
0	0.12733	0.01106	0.01216	0.06100	0.13537	0.10426	0.00884	0.10336	0.04457	0.03348	0.07572	0.07791	0.02485	0.01064	0.10195	0.00237	0.00628	0.00553	0.00362	0.04968
1	0.27014	0.02288	0.01139	0.00963	0.02778	0.14183	0.00753	0.05320	0.05293	0.31214	0.01347	0.01342	0.00951	0.02664	0.00499	0.00163	0.00517	0.00416	0.00446	0.00710
2	0.04999	0.01156	0.01321	0.04852	0.01433	0.04793	0.00893	0.17030	0.09931	0.01887	0.01059	0.01305	0.00879	0.04021	0.00890	0.00173	0.23122	0.00434	0.00345	0.19478
3	0.06234	0.01231	0.01600	0.05562	0.36503	0.06495	0.01175	0.16811	0.06406	0.02030	0.01163	0.01408	0.00931	0.00545	0.00487	0.00153	0.00563	0.01921	0.08037	0.00747
4	0.00793	0.00566	0.00788	0.00906	0.01009	0.00561	0.00768	0.01004	0.01148	0.01498	0.02736	0.18566	0.03027	0.01449	0.00700	0.00232	0.00443	0.62870	0.00473	0.00463
5	0.85592	0.00992	0.00754	0.00675	0.00992	0.01151	0.00556	0.01508	0.00873	0.02302	0.00714	0.00834	0.00556	0.00476	0.00318	0.00159	0.00397	0.00278	0.00318	0.00556
6	0.00745	0.00504	0.00592	0.00592	0.00603	0.00515	0.00351	0.00767	0.00756	0.01019	0.01587	0.03194	0.01794	0.72424	0.12058	0.00537	0.00605	0.00722	0.00307	0.00329
7	0.00623	0.00455	0.00586	0.00691	0.00738	0.00419	0.00466	0.00717	0.01005	0.01319	0.03118	0.72263	0.12576	0.01570	0.00649	0.00204	0.00293	0.01413	0.00476	0.00419
8	0.01038	0.00959	0.01579	0.71303	0.08926	0.01167	0.01415	0.04924	0.01102	0.01429	0.00931	0.01354	0.00702	0.00514	0.00513	0.00169	0.00673	0.00456	0.00243	0.00602
9	0.01339	0.01312	0.02541	0.01857	0.02325	0.01273	0.55771	0.10935	0.06037	0.05537	0.01252	0.01624	0.00965	0.00527	0.00590	0.00173	0.00761	0.04127	0.00334	0.00720
10	0.01241	0.01200	0.01631	0.25389	0.27218	0.11009	0.01290	0.01493	0.01114	0.04622	0.01070	0.05019	0.00938	0.00631	0.00676	0.00171	0.11551	0.02806	0.00276	0.00654
11	0.01237	0.01209	0.03580	0.16434	0.54533	0.01238	0.04645	0.05100	0.01189	0.01669	0.00960	0.01281	0.00783	0.00490	0.00554	0.00159	0.03459	0.00461	0.00260	0.00758
12	0.01355	0.68950	0.11993	0.00969	0.01440	0.05439	0.01007	0.01570	0.01066	0.01260	0.00742	0.00859	0.00658	0.00449	0.00355	0.00117	0.00591	0.00290	0.00221	0.00668
13	0.81937	0.01056	0.00785	0.00703	0.01018	0.04591	0.00575	0.01532	0.00899	0.02256	0.00718	0.00838	0.00560	0.00479	0.00324	0.00158	0.00420	0.00280	0.00315	0.00557
14	0.01311	0.01082	0.01160	0.01016	0.01304	0.01227	0.00797	0.13772	0.57081	0.02300	0.11293	0.02045	0.01861	0.00727	0.00531	0.00169	0.00410	0.00605	0.00526	0.00781
15	0.01402	0.01074	0.01164	0.01028	0.01331	0.01212	0.00805	0.02699	0.68510	0.11550	0.02081	0.01894	0.01530	0.00689	0.00521	0.00172	0.00410	0.00572	0.00536	0.00820
16	0.01665	0.01398	0.01666	0.01307	0.01659	0.05554	0.10245	0.44466	0.12983	0.02550	0.01246	0.01321	0.00928	0.00633	0.00658	0.00166	0.09838	0.00488	0.00438	0.00792
17	0.00665	0.00475	0.00641	0.00760	0.00807	0.00451	0.00545	0.00783	0.01021	0.01354	0.02806	0.66782	0.03307	0.01570	0.00665	0.00214	0.00332	0.15920	0.00476	0.00428
18	0.01786	0.01685	0.01758	0.01524	0.07682	0.32543	0.16020	0.08631	0.04154	0.17403	0.01189	0.01271	0.00870	0.00539	0.00512	0.00151	0.00740	0.00453	0.00369	0.00719
19	0.00623	0.00509	0.00540	0.00554	0.00695	0.00437	0.00401	0.00745	0.01131	0.01382	0.08027	0.14912	0.60288	0.06538	0.00742	0.00198	0.00279	0.01104	0.00470	0.00425
20	0.00636	0.00472	0.00571	0.00644	0.00724	0.00426	0.00446	0.00749	0.01057	0.01381	0.05832	0.53005	0.25796	0.01456	0.00627	0.00193	0.00282	0.01289	0.03988	0.00426
21	0.00725	0.00527	0.00643	0.00627	0.00753	0.00488	0.00465	0.00962	0.03278	0.01853	0.50052	0.11363	0.17994	0.01107	0.00590	0.00165	0.00255	0.00966	0.06710	0.00476
22	0.27728	0.10239	0.02642	0.01084	0.10937	0.01103	0.00787	0.03206	0.01040	0.01843	0.00836	0.00996	0.00689	0.00447	0.00409	0.00123	0.02487	0.00320	0.00294	0.32791
23	0.43190	0.07419	0.07097	0.00941	0.01296	0.18949	0.00817	0.07891	0.01183	0.04268	0.00914	0.01010	0.02123	0.00518	0.00391	0.00149	0.00567	0.00335	0.00319	0.00621

[dist]
# distance from previous block
# <min> <max>
4	8

[block]
# block no. 7 follows, 48 sequences, length 74
# corresponding to MSA columns:
# 914-987
name=unknown_H
#
# <colnr> <probs for GDERKNQSTAVLIFYWHMCP>
#	G	D	E	R	K	N	Q	S	T	A	V	L	I	F	Y	W	H	M	C	P
0	0.04583	0.01494	0.01378	0.02768	0.15369	0.27874	0.00926	0.01610	0.01208	0.01548	0.00874	0.01050	0.00727	0.00451	0.00431	0.00114	0.00614	0.00342	0.00281	0.36358
1	0.01120	0.02061	0.45277	0.01946	0.15747	0.01225	0.22007	0.01621	0.01133	0.01639	0.00960	0.01197	0.00713	0.00467	0.00523	0.00164	0.00761	0.00454	0.00235	0.00750
2	0.04822	0.00989	0.01646	0.50502	0.24026	0.01134	0.02985	0.01371	0.01046	0.01444	0.00920	0.01326	0.00725	0.00551	0.00572	0.03981	0.00644	0.00451	0.00240	0.00623
3	0.00987	0.00789	0.00930	0.00756	0.01060	0.00692	0.00590	0.01392	0.12202	0.03512	0.28885	0.02296	0.04530	0.00695	0.00490	0.00125	0.00332	0.00592	0.00440	0.38703
4	0.00825	0.00589	0.00802	0.04751	0.04285	0.00558	0.00585	0.01067	0.01404	0.05399	0.63811	0.03568	0.08396	0.00992	0.00592	0.00162	0.00290	0.00874	0.00533	0.00517
5	0.01454	0.01134	0.01309	0.01227	0.08530	0.01225	0.00885	0.36764	0.17332	0.02426	0.01676	0.16906	0.01491	0.00799	0.00536	0.00165	0.00477	0.00671	0.00475	0.04518
6	0.00629	0.00465	0.00588	0.00674	0.00736	0.00424	0.00461	0.00736	0.01049	0.01375	0.08443	0.62104	0.17416	0.01512	0.00643	0.00199	0.00287	0.01353	0.00482	0.00424
7	0.79062	0.01064	0.04733	0.00714	0.01049	0.01135	0.00622	0.01500	0.00899	0.02261	0.02783	0.00926	0.00674	0.00492	0.00334	0.00159	0.00411	0.00300	0.00319	0.00564
8	0.01399	0.15112	0.13750	0.01510	0.02002	0.01367	0.30259	0.11417	0.04548	0.09099	0.01186	0.01433	0.00905	0.00529	0.00521	0.00159	0.00684	0.03053	0.00333	0.00734
9	0.00673	0.00492	0.00649	0.00731	0.00766	0.00486	0.00502	0.00771	0.00989	0.01334	0.07697	0.62156	0.03202	0.09610	0.00895	0.00236	0.03841	0.04096	0.00455	0.00419
