[name]
unknown

[dist]
# distance from previous block
# <min> <max>
2	1394

[block]
# block no. 0 follows, 58 sequences, length 6
# corresponding to MSA columns:
# 1425-1430
name=unknown_A
#
# <colnr> <probs for GDERKNQSTAVLIFYWHMCP>
#	G	D	E	R	K	N	Q	S	T	A	V	L	I	F	Y	W	H	M	C	P
0	0.00946	0.08160	0.00961	0.00674	0.00970	0.00678	0.00536	0.04883	0.00996	0.06270	0.01472	0.18486	0.07045	0.00640	0.00404	0.00107	0.00333	0.00540	0.00327	0.45572
1	0.00889	0.15401	0.18793	0.00865	0.01132	0.08134	0.00815	0.01195	0.08744	0.01254	0.01565	0.36092	0.01659	0.00852	0.00464	0.00149	0.00443	0.00726	0.00315	0.00512
2	0.01345	0.09753	0.17045	0.01035	0.01413	0.20386	0.00957	0.21524	0.12573	0.01728	0.00971	0.01024	0.00739	0.00476	0.00409	0.00125	0.00566	0.00350	0.00308	0.07272
3	0.01105	0.23615	0.14129	0.03164	0.15203	0.08141	0.10154	0.01377	0.03532	0.03645	0.00921	0.03025	0.00807	0.08656	0.00588	0.00157	0.00562	0.00400	0.00236	0.00583
4	0.00835	0.11618	0.07890	0.00759	0.00971	0.00700	0.04218	0.01007	0.00968	0.07435	0.02324	0.16276	0.19696	0.07335	0.00641	0.00179	0.00390	0.15938	0.00357	0.00464
5	0.08057	0.08380	0.16262	0.00916	0.01278	0.06920	0.00870	0.11268	0.07321	0.23159	0.06429	0.01466	0.01120	0.00554	0.00427	0.00137	0.00472	0.03940	0.00378	0.00645

[dist]
# distance from previous block
# <min> <max>
5	41

[block]
# block no. 1 follows, 58 sequences, length 27
# corresponding to MSA columns:
# 1472-1488,1494,1495,1497-1501,1503-1505
name=unknown_B
#
# <colnr> <probs for GDERKNQSTAVLIFYWHMCP>
#	G	D	E	R	K	N	Q	S	T	A	V	L	I	F	Y	W	H	M	C	P
0	0.01106	0.15958	0.19090	0.02872	0.06618	0.03428	0.00937	0.13443	0.05281	0.05606	0.06483	0.03504	0.08433	0.02739	0.00480	0.00142	0.00477	0.02486	0.00318	0.00599
1	0.03819	0.21138	0.22570	0.00945	0.01318	0.17513	0.00940	0.01409	0.02622	0.03895	0.03216	0.02404	0.00821	0.04513	0.00490	0.00134	0.02165	0.00348	0.02425	0.07312
2	0.05650	0.09677	0.05446	0.00892	0.03854	0.12448	0.00709	0.10691	0.01084	0.06547	0.01429	0.19767	0.04354	0.03273	0.10455	0.00220	0.02071	0.00590	0.00323	0.00520
3	0.00890	0.08935	0.00959	0.00747	0.00940	0.03625	0.03512	0.06263	0.09728	0.03734	0.18601	0.05428	0.18802	0.02559	0.00536	0.00156	0.00359	0.13329	0.00402	0.00494
4	0.01011	0.08817	0.37654	0.02828	0.08521	0.08429	0.09797	0.04031	0.01016	0.01367	0.01032	0.08985	0.02204	0.01805	0.00469	0.00144	0.00601	0.00455	0.00235	0.00600
5	0.06442	0.00991	0.03320	0.00850	0.01205	0.05188	0.05186	0.11906	0.07027	0.05972	0.02667	0.01238	0.00880	0.00455	0.00392	0.00106	0.00417	0.03319	0.00324	0.42116
6	0.00777	0.00389	0.00583	0.00583	0.00583	0.00389	0.00389	0.00583	0.00583	0.00777	0.00777	0.01360	0.00777	0.01554	0.01748	0.86985	0.00389	0.00389	0.00194	0.00194
7	0.04198	0.05406	0.01270	0.00977	0.01282	0.18285	0.01728	0.38382	0.03380	0.12303	0.01204	0.04063	0.03203	0.00563	0.00448	0.00133	0.01705	0.00422	0.00390	0.00660
8	0.01414	0.01104	0.10876	0.00974	0.02915	0.01000	0.00849	0.27425	0.09835	0.20711	0.10020	0.02468	0.01319	0.00611	0.00508	0.00144	0.04279	0.02439	0.00429	0.00680
9	0.00912	0.00864	0.01515	0.50000	0.18263	0.00972	0.10677	0.01187	0.00922	0.01234	0.00862	0.01273	0.00693	0.04334	0.00563	0.01847	0.00581	0.00425	0.02342	0.00533
10	0.00929	0.00858	0.01438	0.52185	0.28204	0.00981	0.01227	0.01211	0.00937	0.01278	0.00851	0.01194	0.00666	0.00436	0.00438	0.00141	0.00552	0.00399	0.05516	0.00560
11	0.03384	0.00901	0.01105	0.02785	0.01198	0.03344	0.04368	0.16768	0.11165	0.22056	0.01624	0.13513	0.05123	0.00718	0.00582	0.00153	0.09601	0.00578	0.00415	0.00621
12	0.13534	0.01025	0.07794	0.00847	0.01157	0.04571	0.00736	0.14922	0.04615	0.30499	0.03996	0.04740	0.04121	0.02089	0.00498	0.00147	0.03187	0.00463	0.00418	0.00642
13	0.00536	0.00453	0.00463	0.00461	0.00609	0.00381	0.00346	0.00656	0.01037	0.01250	0.09918	0.04237	0.75896	0.01118	0.00529	0.00150	0.00225	0.00935	0.00421	0.00381
14	0.00548	0.00392	0.00522	0.00621	0.00650	0.00366	0.00415	0.00631	0.00872	0.01167	0.05467	0.80915	0.03007	0.01383	0.00569	0.00180	0.00258	0.01254	0.00418	0.00366
15	0.03119	0.01745	0.01270	0.02963	0.01399	0.52117	0.02615	0.19634	0.05548	0.01573	0.01870	0.00976	0.00716	0.00490	0.00418	0.00124	0.00679	0.00341	0.01822	0.00582
16	0.01094	0.01036	0.01750	0.14704	0.63387	0.01070	0.03943	0.04980	0.01051	0.01476	0.00847	0.01122	0.00693	0.00412	0.00447	0.00136	0.00547	0.00403	0.00229	0.00676
17	0.00643	0.00463	0.00638	0.00638	0.00690	0.00515	0.00458	0.00747	0.00695	0.00978	0.01272	0.02168	0.01297	0.31789	0.54317	0.00619	0.00930	0.00539	0.00251	0.00354
18	0.01092	0.00962	0.00984	0.00889	0.01135	0.03320	0.00690	0.02254	0.73596	0.01809	0.01956	0.01807	0.06247	0.00635	0.00458	0.00151	0.00359	0.00527	0.00447	0.00683
19	0.01113	0.00961	0.01011	0.00910	0.01163	0.01113	0.00708	0.02377	0.80681	0.01871	0.01821	0.01669	0.01365	0.00607	0.00455	0.00152	0.00354	0.00506	0.00455	0.00708
20	0.10758	0.01154	0.01167	0.00940	0.01251	0.05813	0.00761	0.50900	0.08918	0.06773	0.01196	0.06266	0.00932	0.00581	0.00435	0.00138	0.00461	0.00445	0.00421	0.00688
21	0.00919	0.02171	0.72334	0.01401	0.06840	0.01046	0.06281	0.01415	0.00956	0.01420	0.00811	0.00970	0.00582	0.00421	0.00432	0.00142	0.00659	0.00346	0.00193	0.00661
22	0.01092	0.01048	0.01789	0.07307	0.77044	0.01059	0.01365	0.01360	0.01012	0.01443	0.00839	0.01112	0.00702	0.00401	0.00443	0.00134	0.00535	0.00399	0.00220	0.00697
23	0.00544	0.00394	0.00514	0.00609	0.00645	0.00364	0.00409	0.00624	0.00869	0.01147	0.02629	0.77696	0.09145	0.01380	0.00568	0.00179	0.00257	0.01246	0.00415	0.00364
24	0.01577	0.01192	0.01273	0.01004	0.01340	0.01330	0.00820	0.63742	0.18559	0.02621	0.01230	0.01199	0.00887	0.00552	0.00449	0.00138	0.00463	0.00424	0.00449	0.00750
25	0.00578	0.00461	0.00519	0.00550	0.00674	0.00410	0.00427	0.00704	0.00992	0.01216	0.03752	0.10425	0.54273	0.05025	0.00633	0.00179	0.00280	0.18116	0.00408	0.00379
26	0.00961	0.00653	0.00795	0.00692	0.00866	0.00659	0.00545	0.13444	0.03726	0.09961	0.45026	0.02775	0.10981	0.00832	0.00550	0.00145	0.04137	0.02267	0.00467	0.00517

[dist]
# distance from previous block
# <min> <max>
2	26

[block]
# block no. 2 follows, 58 sequences, length 24
# corresponding to MSA columns:
# 1548-1571
name=unknown_C
#
# <colnr> <probs for GDERKNQSTAVLIFYWHMCP>
#	G	D	E	R	K	N	Q	S	T	A	V	L	I	F	Y	W	H	M	C	P
0	0.04248	0.00907	0.01244	0.03332	0.08055	0.00877	0.08754	0.15312	0.05889	0.20010	0.05154	0.05553	0.01111	0.00534	0.00438	0.00128	0.00430	0.00464	0.00384	0.17176
1	0.01205	0.06069	0.01839	0.01526	0.12931	0.08008	0.29698	0.12857	0.05742	0.03903	0.08443	0.01339	0.01059	0.00490	0.00499	0.00140	0.02853	0.00473	0.00302	0.00622
2	0.17487	0.01110	0.01146	0.00982	0.03713	0.08828	0.04907	0.25959	0.17326	0.04975	0.06686	0.01342	0.02528	0.00546	0.00424	0.00138	0.00454	0.00428	0.00384	0.00635
3	0.06461	0.00947	0.01047	0.00893	0.01128	0.06915	0.04719	0.15635	0.19741	0.07412	0.11578	0.11630	0.01616	0.00699	0.00501	0.00146	0.03432	0.01780	0.00405	0.03314
4	0.00946	0.00720	0.01025	0.00897	0.02707	0.00703	0.09049	0.03884	0.09994	0.08331	0.19841	0.10564	0.02101	0.02306	0.00567	0.00153	0.03399	0.11063	0.00396	0.11355
5	0.04146	0.01037	0.00944	0.00817	0.01035	0.17817	0.00636	0.17763	0.05762	0.08083	0.29260	0.03417	0.06024	0.00698	0.00467	0.00136	0.00421	0.00566	0.00419	0.00554
6	0.01166	0.45759	0.15376	0.00841	0.01235	0.01326	0.00859	0.06103	0.01025	0.08504	0.01113	0.05338	0.05505	0.00509	0.00365	0.00116	0.00470	0.00379	0.00266	0.03744
7	0.10574	0.00996	0.01556	0.02169	0.57611	0.01019	0.03591	0.01416	0.08156	0.01558	0.03407	0.01301	0.03782	0.00460	0.00434	0.00137	0.00481	0.00427	0.00264	0.00660
8	0.00626	0.00476	0.00581	0.00567	0.00687	0.00439	0.00433	0.00843	0.03857	0.01592	0.50447	0.05872	0.24076	0.00999	0.00533	0.00150	0.00236	0.06704	0.00463	0.00418
9	0.01033	0.01021	0.01843	0.22685	0.47907	0.01058	0.15226	0.01326	0.00994	0.01377	0.00841	0.01146	0.00675	0.00407	0.00459	0.00140	0.00587	0.00421	0.00217	0.00637
10	0.01189	0.01198	0.01147	0.01009	0.01156	0.20685	0.00792	0.08565	0.18294	0.01388	0.01034	0.01320	0.00895	0.08519	0.05586	0.00213	0.25753	0.00421	0.00292	0.00543
11	0.00860	0.00811	0.01370	0.78473	0.07691	0.00998	0.01250	0.01156	0.00902	0.01162	0.00798	0.01188	0.00603	0.00444	0.00447	0.00148	0.00592	0.00398	0.00200	0.00509
12	0.00545	0.00389	0.00519	0.00623	0.00649	0.00363	0.00415	0.00623	0.00856	0.01142	0.02465	0.83987	0.02959	0.01401	0.00571	0.00182	0.00260	0.01272	0.00415	0.00363
13	0.03647	0.02234	0.77199	0.01293	0.04070	0.01038	0.01608	0.01412	0.00941	0.01437	0.00798	0.00942	0.00568	0.00424	0.00421	0.00141	0.00648	0.00330	0.00193	0.00657
14	0.01042	0.01306	0.09767	0.01831	0.02302	0.01123	0.72837	0.01431	0.01046	0.01431	0.00896	0.01183	0.00669	0.00381	0.00519	0.00150	0.00746	0.00510	0.00223	0.00609
15	0.00545	0.00389	0.00519	0.00623	0.00649	0.00363	0.00415	0.00623	0.00856	0.01142	0.02465	0.83987	0.02959	0.01401	0.00571	0.00182	0.00260	0.01272	0.00415	0.00363
16	0.01169	0.77160	0.09498	0.00811	0.01219	0.01704	0.00845	0.01346	0.00912	0.01085	0.00638	0.00738	0.00573	0.00387	0.00299	0.00100	0.00495	0.00247	0.00191	0.00582
17	0.01128	0.50472	0.12877	0.00897	0.01258	0.05217	0.02305	0.05047	0.00960	0.01204	0.00742	0.00906	0.00646	0.00710	0.08373	0.00171	0.04784	0.00300	0.01431	0.00569
18	0.00638	0.00432	0.00496	0.00505	0.00514	0.00430	0.00293	0.00652	0.00679	0.00904	0.01569	0.09834	0.03649	0.72829	0.04449	0.00414	0.00436	0.00705	0.00286	0.00285
19	0.01018	0.25777	0.53033	0.01150	0.01713	0.01244	0.05515	0.01414	0.00948	0.03222	0.00779	0.00907	0.00588	0.00413	0.00392	0.00129	0.00607	0.00318	0.00200	0.00635
20	0.01017	0.35251	0.50072	0.01071	0.01620	0.01332	0.01297	0.01386	0.00930	0.01271	0.00730	0.00854	0.00570	0.00408	0.00370	0.00123	0.00588	0.00294	0.00190	0.00626
21	0.50930	0.04457	0.00936	0.00739	0.01009	0.00943	0.07639	0.04587	0.03107	0.05049	0.05209	0.06077	0.05193	0.00550	0.00363	0.00141	0.00376	0.00420	0.01766	0.00511
22	0.01414	0.05366	0.01259	0.00965	0.01260	0.01240	0.00800	0.49516	0.12827	0.02308	0.03962	0.01565	0.01105	0.00623	0.00510	0.00143	0.04844	0.07434	0.00417	0.02442
23	0.00820	0.00842	0.10782	0.00901	0.01141	0.00667	0.11797	0.05070	0.01119	0.04248	0.24526	0.07507	0.11287	0.01027	0.06808	0.00198	0.00466	0.09925	0.00376	0.00494

[dist]
# distance from previous block
# <min> <max>
2	7

[block]
# block no. 3 follows, 58 sequences, length 44
# corresponding to MSA columns:
# 1580-1591,1594-1625
name=unknown_D
#
# <colnr> <probs for GDERKNQSTAVLIFYWHMCP>
#	G	D	E	R	K	N	Q	S	T	A	V	L	I	F	Y	W	H	M	C	P
0	0.16809	0.48272	0.01845	0.00871	0.01206	0.13464	0.06714	0.01385	0.00945	0.01263	0.00712	0.03411	0.00642	0.00432	0.00330	0.00113	0.00517	0.00302	0.00222	0.00545
1	0.00548	0.00392	0.00522	0.00621	0.00650	0.00366	0.00416	0.00631	0.00872	0.01167	0.05493	0.80888	0.03007	0.01383	0.00569	0.00180	0.00258	0.01254	0.00418	0.00366
2	0.01445	0.01126	0.01199	0.00978	0.01290	0.01268	0.00788	0.46268	0.36248	0.02407	0.01398	0.01333	0.01024	0.00567	0.00451	0.00142	0.00432	0.00447	0.00451	0.00738
3	0.01056	0.01207	0.02640	0.01885	0.02338	0.01131	0.79864	0.01433	0.01056	0.01433	0.00905	0.01207	0.00679	0.00377	0.00528	0.00151	0.00754	0.00528	0.00226	0.00603
4	0.03730	0.01102	0.02194	0.01672	0.06660	0.01048	0.56176	0.02567	0.02095	0.11632	0.02683	0.01266	0.00810	0.00426	0.00520	0.00147	0.02414	0.00499	0.00280	0.02078
5	0.00922	0.03933	0.70983	0.01336	0.01966	0.01065	0.10789	0.01417	0.00957	0.01411	0.00811	0.00970	0.00580	0.00418	0.00434	0.00142	0.00668	0.00352	0.00193	0.00652
6	0.00641	0.00473	0.00687	0.00687	0.00755	0.00542	0.00519	0.00778	0.00709	0.01015	0.01228	0.01920	0.01189	0.14628	0.71330	0.00679	0.01092	0.00503	0.00244	0.00382
7	0.00725	0.00543	0.00668	0.00640	0.00788	0.00518	0.01855	0.01018	0.09798	0.04647	0.30656	0.05622	0.27146	0.00985	0.00532	0.00156	0.00279	0.12523	0.00448	0.00453
8	0.08619	0.05919	0.05180	0.02684	0.01316	0.04584	0.10976	0.05508	0.14800	0.22000	0.04773	0.08087	0.01237	0.00598	0.00449	0.00144	0.00453	0.01659	0.00389	0.00624
9	0.00978	0.00935	0.01455	0.50887	0.21760	0.03628	0.02166	0.03429	0.04837	0.01300	0.00854	0.01172	0.00665	0.00458	0.00484	0.00146	0.03654	0.00401	0.00225	0.00567
10	0.00557	0.00463	0.00482	0.00482	0.00623	0.00400	0.00362	0.00693	0.02301	0.01243	0.08812	0.04168	0.68748	0.05051	0.00613	0.00166	0.00244	0.03796	0.00414	0.00382
11	0.01122	0.07904	0.50264	0.01224	0.01731	0.18006	0.05079	0.01498	0.01014	0.03689	0.00792	0.00931	0.00591	0.00445	0.00458	0.00135	0.03957	0.00331	0.00211	0.00619
12	0.01017	0.03716	0.02060	0.01518	0.01867	0.04030	0.52760	0.05105	0.01083	0.01430	0.01237	0.11826	0.01149	0.00602	0.00526	0.00156	0.00639	0.08442	0.00278	0.00558
13	0.00563	0.00400	0.00529	0.00625	0.00654	0.00377	0.00423	0.00643	0.00852	0.01134	0.02385	0.73633	0.02842	0.07261	0.00695	0.00201	0.00281	0.05740	0.00405	0.00360
14	0.11452	0.05595	0.01298	0.01193	0.07634	0.55996	0.00862	0.03769	0.01162	0.01273	0.00697	0.00834	0.00582	0.00468	0.00450	0.00124	0.05539	0.00298	0.00237	0.00537
15	0.01213	0.07563	0.10200	0.05174	0.23138	0.17929	0.17127	0.05590	0.02385	0.01396	0.00821	0.01026	0.00655	0.00435	0.00475	0.00134	0.03503	0.00385	0.00232	0.00619
16	0.00902	0.07030	0.73359	0.01211	0.01828	0.01052	0.01541	0.01384	0.00958	0.01414	0.04698	0.01048	0.00744	0.00446	0.00422	0.00139	0.00629	0.00348	0.00204	0.00644
17	0.00542	0.00401	0.00507	0.00591	0.00640	0.00366	0.00401	0.00626	0.00887	0.01154	0.02854	0.68992	0.17702	0.01351	0.00563	0.00176	0.00253	0.01210	0.00415	0.00366
18	0.01814	0.00571	0.00803	0.00870	0.10373	0.00545	0.02889	0.00958	0.04140	0.01661	0.54172	0.07711	0.10018	0.00866	0.00514	0.00144	0.00277	0.00772	0.00437	0.00466
19	0.01094	0.01094	0.04800	0.01558	0.11999	0.02826	0.35427	0.06631	0.11439	0.04985	0.01294	0.09803	0.02148	0.00564	0.00499	0.00150	0.00573	0.02192	0.00308	0.00616
20	0.01948	0.00904	0.01091	0.00847	0.01188	0.05461	0.00694	0.12245	0.01386	0.66916	0.01613	0.01423	0.01032	0.00546	0.00447	0.00137	0.00420	0.00434	0.00521	0.00747
21	0.00777	0.00389	0.00583	0.00583	0.00583	0.00389	0.00389	0.00583	0.00583	0.00777	0.00777	0.01360	0.00777	0.01554	0.01748	0.86985	0.00389	0.00389	0.00194	0.00194
22	0.01255	0.08371	0.09213	0.03107	0.04514	0.28897	0.09070	0.03755	0.01023	0.01217	0.00707	0.00931	0.00600	0.00536	0.00723	0.00145	0.24815	0.00353	0.00218	0.00551
23	0.01342	0.04384	0.01545	0.01265	0.06083	0.12162	0.14876	0.24498	0.17093	0.02704	0.01116	0.01265	0.00868	0.00533	0.00525	0.00143	0.06226	0.02377	0.00341	0.00653
24	0.01122	0.56486	0.22700	0.00948	0.01387	0.03754	0.02981	0.01365	0.00924	0.01157	0.00676	0.00799	0.00575	0.00408	0.00369	0.00113	0.03174	0.00276	0.00193	0.00593
25	0.01045	0.01113	0.02261	0.01645	0.02018	0.01085	0.62277	0.05850	0.01051	0.01432	0.00951	0.01371	0.00780	0.09431	0.00765	0.00183	0.05404	0.00526	0.00242	0.00570
26	0.00860	0.00811	0.01369	0.78502	0.07663	0.00998	0.01250	0.01156	0.00902	0.01162	0.00798	0.01188	0.00603	0.00444	0.00447	0.00148	0.00593	0.00398	0.00200	0.00509
27	0.00633	0.00457	0.00598	0.00563	0.00668	0.00422	0.00422	0.00844	0.01266	0.01794	0.81253	0.03341	0.04221	0.00914	0.00528	0.00141	0.00211	0.00809	0.00492	0.00422
28	0.01132	0.01108	0.01705	0.04885	0.68076	0.05750	0.01286	0.01471	0.07459	0.01464	0.00910	0.01138	0.00751	0.00420	0.00442	0.00134	0.00535	0.00401	0.00240	0.00691
29	0.01982	0.00801	0.01063	0.00815	0.01162	0.00716	0.00673	0.08440	0.01347	0.75445	0.01709	0.01486	0.01079	0.00552	0.00450	0.00138	0.00390	0.00446	0.00545	0.00761
30	0.00558	0.00395	0.00515	0.00607	0.00630	0.00372	0.00398	0.00626	0.00832	0.01109	0.02340	0.74317	0.02800	0.11288	0.00774	0.00212	0.00280	0.01198	0.00398	0.00352
31	0.01092	0.01047	0.01788	0.07376	0.76977	0.01059	0.01365	0.01360	0.01011	0.01443	0.00839	0.01112	0.00702	0.00401	0.00443	0.00134	0.00535	0.00399	0.00220	0.00696
32	0.00534	0.00453	0.00460	0.00458	0.00607	0.00380	0.00344	0.00652	0.01032	0.01237	0.08256	0.04258	0.77565	0.01122	0.00529	0.00151	0.00226	0.00938	0.00419	0.00380
33	0.06337	0.00728	0.00922	0.00740	0.01032	0.00669	0.00601	0.03497	0.05927	0.55246	0.10903	0.01852	0.06124	0.00623	0.00451	0.00139	0.00347	0.00510	0.02678	0.00673
34	0.00529	0.00453	0.00453	0.00453	0.00604	0.00378	0.00340	0.00642	0.01020	0.01208	0.04532	0.04305	0.81307	0.01133	0.00529	0.00151	0.00227	0.00944	0.00415	0.00378
35	0.01056	0.01207	0.02640	0.01885	0.02338	0.01131	0.79864	0.01433	0.01056	0.01433	0.00905	0.01207	0.00679	0.00377	0.00528	0.00151	0.00754	0.00528	0.00226	0.00603
36	0.00834	0.00417	0.00417	0.00417	0.00521	0.00417	0.00313	0.01042	0.00938	0.01668	0.01459	0.01668	0.01147	0.00521	0.00313	0.00104	0.00208	0.00417	0.86763	0.00417
37	0.01727	0.00984	0.01151	0.00903	0.01231	0.01012	0.00738	0.39132	0.05971	0.35148	0.01480	0.06137	0.01065	0.00598	0.00456	0.00140	0.00425	0.00479	0.00490	0.00735
38	0.01159	0.01045	0.01771	0.02633	0.76865	0.01040	0.01332	0.01419	0.01034	0.06084	0.00895	0.01131	0.00732	0.00407	0.00443	0.00133	0.00523	0.00402	0.00241	0.00712
39	0.00567	0.00411	0.00540	0.00635	0.00682	0.00384	0.00449	0.00664	0.00892	0.01173	0.02622	0.67137	0.09322	0.01358	0.00574	0.00182	0.00277	0.11345	0.00415	0.00371
40	0.00545	0.00389	0.00519	0.00623	0.00649	0.00363	0.00415	0.00623	0.00856	0.01142	0.02465	0.83987	0.02959	0.01401	0.00571	0.00182	0.00260	0.01272	0.00415	0.00363
41	0.02427	0.00860	0.05588	0.00788	0.01054	0.00787	0.00667	0.22193	0.02641	0.20940	0.34353	0.02113	0.02266	0.00690	0.00478	0.00139	0.00355	0.00577	0.00474	0.00611
42	0.01177	0.78124	0.02232	0.00772	0.01135	0.03541	0.00756	0.01320	0.00907	0.01053	0.00655	0.00776	0.00604	0.00545	0.04738	0.00130	0.00525	0.00253	0.00195	0.00563
43	0.01068	0.00889	0.00948	0.00848	0.01088	0.00999	0.00657	0.04054	0.64169	0.03447	0.05692	0.01923	0.06877	0.02747	0.00506	0.00156	0.00344	0.00544	0.00447	0.02596

[dist]
# distance from previous block
# <min> <max>
0	1

[block]
# block no. 4 follows, 58 sequences, length 34
# corresponding to MSA columns:
# 1627-1660
name=unknown_E
#
# <colnr> <probs for GDERKNQSTAVLIFYWHMCP>
#	G	D	E	R	K	N	Q	S	T	A	V	L	I	F	Y	W	H	M	C	P
0	0.01623	0.09300	0.01401	0.01001	0.01342	0.09475	0.00829	0.57366	0.06678	0.04997	0.01061	0.01064	0.00773	0.00519	0.00428	0.00130	0.00510	0.00383	0.00405	0.00715
1	0.04307	0.00498	0.00628	0.00575	0.00708	0.00461	0.00436	0.00916	0.01231	0.04209	0.72053	0.03074	0.03819	0.00858	0.00506	0.00137	0.00227	0.00751	0.00476	0.04129
2	0.00627	0.00471	0.00596	0.00661	0.00755	0.00448	0.00516	0.00805	0.03599	0.01287	0.07176	0.30187	0.21140	0.01227	0.00572	0.00180	0.00307	0.28626	0.00420	0.00398
3	0.01295	0.01089	0.01840	0.03731	0.01791	0.03313	0.37969	0.11541	0.04114	0.15207	0.01076	0.01211	0.00777	0.00445	0.00497	0.00137	0.02625	0.00454	0.00321	0.10567
4	0.00651	0.00434	0.00488	0.00488	0.00488	0.00434	0.00271	0.00651	0.00651	0.00867	0.01409	0.02927	0.01626	0.84279	0.02277	0.00434	0.00434	0.00651	0.00271	0.00271
5	0.00639	0.00479	0.00719	0.00719	0.00799	0.00559	0.00559	0.00799	0.00719	0.01038	0.01198	0.01757	0.01118	0.03355	0.82507	0.00719	0.01198	0.00479	0.00240	0.00399
6	0.00928	0.00795	0.00928	0.00663	0.01060	0.00596	0.00530	0.01126	0.00928	0.01458	0.00795	0.00928	0.00663	0.00331	0.00331	0.00066	0.00331	0.00265	0.00265	0.87014
7	0.03384	0.01277	0.01326	0.01025	0.01377	0.04336	0.00844	0.75600	0.02046	0.02740	0.01051	0.01057	0.00749	0.00532	0.00443	0.00134	0.00501	0.00395	0.00436	0.00746
8	0.01099	0.01087	0.01954	0.02601	0.68218	0.01074	0.14533	0.01383	0.01025	0.01457	0.00852	0.01124	0.00704	0.00395	0.00457	0.00136	0.00569	0.00420	0.00222	0.00691
9	0.00649	0.00438	0.00510	0.00510	0.00517	0.00446	0.00298	0.00665	0.00657	0.00884	0.01389	0.02816	0.01578	0.76589	0.09901	0.00461	0.00506	0.00634	0.00268	0.00283
10	0.00625	0.00456	0.00584	0.00552	0.00659	0.00419	0.00412	0.00824	0.01232	0.01726	0.73336	0.03406	0.10128	0.02993	0.00571	0.00149	0.00218	0.00816	0.00481	0.00415
11	0.00545	0.00389	0.00519	0.00623	0.00649	0.00363	0.00415	0.00623	0.00856	0.01142	0.02465	0.83987	0.02959	0.01401	0.00571	0.00182	0.00260	0.01272	0.00415	0.00363
12	0.00540	0.00454	0.00469	0.00465	0.00611	0.00382	0.00349	0.00664	0.01046	0.01272	0.12842	0.04201	0.72957	0.01109	0.00529	0.00150	0.00225	0.00929	0.00424	0.00382
13	0.01156	0.00970	0.01022	0.00906	0.01163	0.01115	0.00708	0.09240	0.71216	0.01949	0.01743	0.01616	0.01305	0.00598	0.00450	0.00149	0.00362	0.00494	0.03133	0.00704
14	0.01228	0.79065	0.02272	0.00791	0.01164	0.07141	0.00772	0.01369	0.00933	0.01055	0.00627	0.00723	0.00574	0.00388	0.00295	0.00097	0.00500	0.00242	0.00194	0.00570
15	0.00578	0.00487	0.00506	0.00500	0.00650	0.00432	0.00375	0.00778	0.06656	0.01294	0.09646	0.07450	0.66899	0.01092	0.00525	0.00152	0.00236	0.00918	0.00424	0.00403
16	0.00545	0.00389	0.00519	0.00623	0.00649	0.00363	0.00415	0.00623	0.00856	0.01142	0.02465	0.83987	0.02959	0.01401	0.00571	0.00182	0.00260	0.01272	0.00415	0.00363
17	0.01186	0.81887	0.04921	0.00782	0.01174	0.01746	0.00794	0.01342	0.00910	0.01064	0.00628	0.00725	0.00574	0.00384	0.00291	0.00097	0.00484	0.00242	0.00191	0.00577
18	0.03286	0.00779	0.00702	0.00668	0.00845	0.11064	0.00511	0.01191	0.15347	0.03451	0.07526	0.06541	0.39149	0.00909	0.00492	0.00148	0.00340	0.04513	0.02065	0.00472
19	0.00651	0.00434	0.00488	0.00488	0.00488	0.00434	0.00271	0.00651	0.00651	0.00867	0.01409	0.02927	0.01626	0.84279	0.02277	0.00434	0.00434	0.00651	0.00271	0.00271
20	0.87439	0.00865	0.00657	0.00588	0.00865	0.01003	0.00484	0.01315	0.00761	0.02007	0.00623	0.00727	0.00484	0.00415	0.00277	0.00138	0.00346	0.00242	0.00277	0.00484
21	0.01203	0.01277	0.03535	0.03256	0.49526	0.17188	0.05798	0.03400	0.02869	0.01426	0.00905	0.01197	0.00760	0.00448	0.00442	0.00133	0.00585	0.02734	0.02675	0.00645
22	0.00545	0.00389	0.00519	0.00623	0.00649	0.00363	0.00415	0.00623	0.00856	0.01142	0.02465	0.83987	0.02959	0.01401	0.00571	0.00182	0.00260	0.01272	0.00415	0.00363
23	0.00633	0.00457	0.00598	0.00563	0.00668	0.00422	0.00422	0.00844	0.01266	0.01794	0.81253	0.03341	0.04221	0.00914	0.00528	0.00141	0.00211	0.00809	0.00492	0.00422
24	0.00642	0.00469	0.00668	0.00668	0.00731	0.00532	0.00496	0.00766	0.00704	0.01001	0.01244	0.02014	0.01230	0.21089	0.64924	0.00656	0.01031	0.00517	0.00247	0.00371
25	0.02802	0.28544	0.45372	0.01152	0.05014	0.07374	0.01274	0.01416	0.00957	0.01290	0.00735	0.00864	0.00574	0.00413	0.00377	0.00125	0.00602	0.00299	0.00196	0.00621
26	0.00845	0.00795	0.01342	0.83204	0.03081	0.00994	0.01242	0.01143	0.00894	0.01143	0.00795	0.01193	0.00596	0.00447	0.00447	0.00149	0.00596	0.00398	0.00199	0.00497
27	0.00545	0.00391	0.00517	0.00618	0.00648	0.00364	0.00413	0.00623	0.00861	0.01144	0.02525	0.81681	0.05226	0.01394	0.00570	0.00181	0.00259	0.01262	0.00415	0.00364
28	0.01018	0.00961	0.01547	0.22920	0.42939	0.03486	0.04541	0.02980	0.00986	0.01352	0.00921	0.05311	0.00799	0.00520	0.00521	0.03307	0.02492	0.00444	0.02357	0.00597
29	0.01208	0.01035	0.06298	0.02158	0.03622	0.09242	0.04529	0.13774	0.09774	0.12989	0.16126	0.02155	0.06391	0.00689	0.00482	0.00145	0.00446	0.07937	0.00406	0.00593
30	0.01107	0.01063	0.01816	0.02746	0.81489	0.01063	0.01373	0.01373	0.01019	0.01461	0.00841	0.01107	0.00709	0.00399	0.00443	0.00133	0.00531	0.00399	0.00221	0.00709
31	0.04596	0.00941	0.01118	0.00868	0.01206	0.00943	0.00714	0.30159	0.04701	0.45541	0.01473	0.01345	0.00974	0.00544	0.00440	0.00137	0.00414	0.00428	0.02716	0.00741
32	0.04814	0.11137	0.37324	0.01086	0.04786	0.06207	0.02159	0.06516	0.03478	0.01421	0.02528	0.02737	0.02076	0.09914	0.01838	0.00176	0.00571	0.00402	0.00246	0.00582
33	0.18604	0.00843	0.00855	0.00778	0.00958	0.09559	0.02041	0.08879	0.03205	0.01475	0.01247	0.01522	0.06290	0.01777	0.36245	0.00390	0.02099	0.00433	0.02322	0.00478

[dist]
# distance from previous block
# <min> <max>
2	14

[block]
# block no. 5 follows, 58 sequences, length 47
# corresponding to MSA columns:
# 1682-1728
name=unknown_F
#
# <colnr> <probs for GDERKNQSTAVLIFYWHMCP>
#	G	D	E	R	K	N	Q	S	T	A	V	L	I	F	Y	W	H	M	C	P
0	0.01427	0.22180	0.07196	0.01086	0.06100	0.32529	0.00880	0.06854	0.01162	0.08657	0.00873	0.03129	0.00724	0.01672	0.00433	0.00123	0.01978	0.00341	0.00267	0.02388
1	0.00881	0.04712	0.00721	0.00594	0.00700	0.02769	0.00410	0.08838	0.00933	0.06436	0.03802	0.04353	0.11226	0.50011	0.01532	0.00312	0.00414	0.00635	0.00329	0.00393
2	0.03437	0.07453	0.03286	0.00953	0.03039	0.03005	0.00767	0.11121	0.49794	0.03961	0.01573	0.01686	0.01236	0.00607	0.00446	0.00147	0.00407	0.05999	0.00411	0.00673
3	0.01041	0.03009	0.01009	0.06877	0.01216	0.02883	0.00627	0.07734	0.02463	0.06245	0.01033	0.07871	0.00899	0.00534	0.02176	0.00110	0.00397	0.00389	0.00305	0.53183
4	0.01251	0.42854	0.16548	0.02600	0.05267	0.08256	0.02800	0.04322	0.03085	0.08017	0.00824	0.00911	0.00654	0.00425	0.00362	0.00116	0.00540	0.00308	0.00243	0.00617
5	0.00803	0.00671	0.02654	0.07688	0.01115	0.04499	0.00723	0.01049	0.04596	0.03203	0.06275	0.12602	0.05127	0.01044	0.00557	0.00180	0.00413	0.43683	0.00386	0.02733
6	0.00723	0.00713	0.05950	0.00651	0.00808	0.06594	0.00532	0.00955	0.03296	0.01611	0.54065	0.07064	0.13544	0.00893	0.00512	0.00143	0.00293	0.00771	0.00438	0.00444
7	0.01047	0.00835	0.01001	0.06122	0.01220	0.00748	0.00634	0.08647	0.06615	0.05572	0.03045	0.01126	0.00842	0.00494	0.02566	0.00110	0.02302	0.00335	0.00309	0.56430
8	0.04254	0.11416	0.66274	0.01191	0.01794	0.01111	0.03020	0.01424	0.00944	0.03495	0.00803	0.00931	0.00581	0.00422	0.00407	0.00136	0.00623	0.00324	0.00203	0.00646
9	0.01564	0.04504	0.05162	0.00988	0.01307	0.17477	0.00831	0.37238	0.04820	0.12260	0.02651	0.01327	0.00936	0.00555	0.00438	0.00133	0.00527	0.04084	0.02532	0.00667
10	0.01916	0.00758	0.01020	0.00792	0.01125	0.00668	0.00651	0.02138	0.04742	0.75271	0.04790	0.01598	0.01237	0.00570	0.00453	0.00139	0.00373	0.00466	0.00547	0.00746
11	0.01033	0.00983	0.01671	0.22385	0.60204	0.01032	0.01324	0.01305	0.00988	0.01380	0.00870	0.01231	0.00730	0.00432	0.00448	0.00139	0.00544	0.02431	0.00221	0.00649
12	0.00939	0.13819	0.70822	0.01204	0.01826	0.01141	0.01529	0.01406	0.00939	0.01366	0.00777	0.00913	0.00568	0.00419	0.00406	0.00135	0.00636	0.00318	0.00189	0.00649
13	0.01073	0.00927	0.00974	0.00880	0.01126	0.01063	0.00683	0.02260	0.75327	0.01827	0.02003	0.01846	0.06738	0.00642	0.00460	0.00152	0.00345	0.00535	0.00452	0.00686
14	0.00834	0.00417	0.00417	0.00417	0.00521	0.00417	0.00313	0.01042	0.00938	0.01668	0.01459	0.01668	0.01147	0.00521	0.00313	0.00104	0.00208	0.00417	0.86763	0.00417
15	0.00905	0.00886	0.01649	0.30152	0.03842	0.00929	0.29744	0.04971	0.01006	0.01337	0.01208	0.18940	0.01143	0.00630	0.00503	0.00156	0.00575	0.00633	0.00268	0.00524
16	0.01671	0.02132	0.01268	0.01152	0.01383	0.82483	0.00864	0.01786	0.01268	0.01095	0.00691	0.00807	0.00576	0.00461	0.00403	0.00115	0.00807	0.00288	0.00230	0.00519
17	0.00777	0.00389	0.00583	0.00583	0.00583	0.00389	0.00389	0.00583	0.00583	0.00777	0.00777	0.01360	0.00777	0.01554	0.01748	0.86985	0.00389	0.00389	0.00194	0.00194
18	0.00648	0.00436	0.00504	0.00516	0.00524	0.00434	0.00307	0.00665	0.00686	0.00912	0.01532	0.08124	0.01766	0.74175	0.02072	0.00404	0.00421	0.05300	0.00288	0.00285
19	0.00642	0.00469	0.00668	0.00668	0.00730	0.00532	0.00496	0.00766	0.00704	0.01001	0.01245	0.02015	0.01230	0.21170	0.64845	0.00656	0.01030	0.00517	0.00247	0.00371
20	0.01107	0.01063	0.01816	0.02746	0.81489	0.01063	0.01373	0.01373	0.01019	0.01461	0.00841	0.01107	0.00709	0.00399	0.00443	0.00133	0.00531	0.00399	0.00221	0.00709
21	0.00570	0.00459	0.00488	0.00499	0.00641	0.00397	0.00387	0.00701	0.01023	0.01261	0.06063	0.04243	0.65871	0.01110	0.00529	0.00155	0.00248	0.10359	0.04610	0.00385
22	0.01981	0.00803	0.01064	0.00816	0.01163	0.00719	0.00674	0.08747	0.01350	0.75134	0.01706	0.01485	0.01078	0.00552	0.00450	0.00138	0.00390	0.00446	0.00545	0.00761
23	0.01700	0.01253	0.01342	0.01029	0.01387	0.01387	0.00850	0.79997	0.02103	0.02819	0.01074	0.01074	0.00761	0.00537	0.00447	0.00134	0.00492	0.00403	0.00447	0.00761
24	0.00529	0.00453	0.00453	0.00453	0.00604	0.00378	0.00340	0.00642	0.01020	0.01208	0.04532	0.04305	0.81307	0.01133	0.00529	0.00151	0.00227	0.00944	0.00415	0.00378
25	0.00845	0.00795	0.01342	0.83204	0.03081	0.00994	0.01242	0.01143	0.00894	0.01143	0.00795	0.01193	0.00596	0.00447	0.00447	0.00149	0.00596	0.00398	0.00199	0.00497
26	0.00897	0.02314	0.81962	0.01275	0.01936	0.01039	0.01653	0.01417	0.00944	0.01417	0.00803	0.00944	0.00567	0.00425	0.00425	0.00142	0.00661	0.00331	0.00189	0.00661
27	0.00545	0.00389	0.00519	0.00623	0.00649	0.00363	0.00415	0.00623	0.00856	0.01142	0.02465	0.83987	0.02959	0.01401	0.00571	0.00182	0.00260	0.01272	0.00415	0.00363
28	0.00584	0.00427	0.00549	0.00579	0.00653	0.00392	0.00411	0.00727	0.01061	0.01448	0.38939	0.39143	0.11125	0.01151	0.00547	0.00160	0.00234	0.01027	0.00451	0.00392
29	0.00924	0.00795	0.00948	0.04671	0.01158	0.00616	0.00565	0.01127	0.00926	0.01442	0.00795	0.00940	0.00659	0.00337	0.00337	0.00070	0.00344	0.00271	0.00262	0.82813
30	0.00845	0.00795	0.01342	0.83204	0.03081	0.00994	0.01242	0.01143	0.00894	0.01143	0.00795	0.01193	0.00596	0.00447	0.00447	0.00149	0.00596	0.00398	0.00199	0.00497
31	0.00549	0.00395	0.00513	0.00605	0.00638	0.00368	0.00403	0.00625	0.00856	0.01132	0.02541	0.74946	0.07768	0.05559	0.00654	0.00192	0.00266	0.01220	0.00408	0.00360
32	0.00639	0.00478	0.00713	0.00713	0.00791	0.00556	0.00552	0.00795	0.00717	0.01034	0.01203	0.01786	0.01131	0.05359	0.80520	0.00712	0.01179	0.00484	0.00240	0.00396
33	0.00634	0.00455	0.00596	0.00598	0.00693	0.00425	0.00454	0.00825	0.01173	0.01639	0.58418	0.14005	0.05451	0.01015	0.00541	0.00154	0.00242	0.10326	0.01946	0.00412
34	0.00897	0.02314	0.81962	0.01275	0.01936	0.01039	0.01653	0.01417	0.00944	0.01417	0.00803	0.00944	0.00567	0.00425	0.00425	0.00142	0.00661	0.00331	0.00189	0.00661
35	0.00922	0.00545	0.00738	0.00768	0.00915	0.00517	0.00652	0.01105	0.01064	0.15809	0.02492	0.08965	0.10586	0.01112	0.00575	0.00187	0.00378	0.51763	0.00438	0.00468
36	0.01908	0.00829	0.01063	0.00819	0.01157	0.00769	0.00675	0.15062	0.01403	0.65372	0.01637	0.01454	0.01051	0.00550	0.00444	0.00136	0.00392	0.00441	0.04091	0.00747
37	0.00536	0.00433	0.00477	0.00508	0.00619	0.00374	0.00365	0.00640	0.00973	0.01199	0.05374	0.29247	0.55267	0.01213	0.00542	0.00160	0.00237	0.01044	0.00417	0.00374
38	0.00558	0.00412	0.00511	0.00580	0.00634	0.00378	0.00396	0.00644	0.00887	0.01153	0.04655	0.56130	0.19030	0.08651	0.00713	0.00197	0.00271	0.03434	0.00404	0.00361
39	0.01071	0.01026	0.01750	0.13861	0.70657	0.01053	0.01355	0.01341	0.01001	0.01417	0.00835	0.01119	0.00693	0.00405	0.00443	0.00135	0.00540	0.00398	0.00218	0.00679
40	0.01330	0.00909	0.00962	0.00782	0.01035	0.00991	0.00631	0.45101	0.05460	0.02319	0.01262	0.01337	0.00942	0.00534	0.00395	0.00123	0.00374	0.00413	0.34477	0.00623
41	0.00635	0.00476	0.00711	0.00715	0.00793	0.00552	0.00554	0.00792	0.00724	0.01042	0.01246	0.04884	0.01188	0.03281	0.79391	0.00698	0.01162	0.00509	0.00246	0.00398
42	0.01303	0.01323	0.16487	0.05227	0.04755	0.05293	0.00970	0.37304	0.04428	0.03730	0.05840	0.04524	0.01045	0.00640	0.02755	0.00154	0.00527	0.00448	0.02589	0.00657
43	0.00650	0.00435	0.00495	0.00495	0.00497	0.00438	0.00280	0.00655	0.00653	0.00873	0.01403	0.02891	0.01611	0.81789	0.04745	0.00442	0.00457	0.00645	0.00270	0.00275
44	0.00572	0.00431	0.00533	0.00605	0.00668	0.00403	0.00419	0.00714	0.04479	0.01203	0.04227	0.61816	0.18343	0.01301	0.00557	0.00174	0.00259	0.02493	0.00418	0.00383
45	0.01375	0.02632	0.01194	0.01031	0.03979	0.12102	0.00790	0.25514	0.39344	0.03243	0.01367	0.01320	0.01022	0.00548	0.00440	0.00138	0.00464	0.00431	0.00407	0.02657
46	0.01227	0.03328	0.07366	0.04599	0.11798	0.06170	0.06110	0.17409	0.18730	0.04375	0.01149	0.02504	0.00895	0.02140	0.00470	0.00137	0.00494	0.00420	0.00335	0.10343

[dist]
# distance from previous block
# <min> <max>
0	18

[block]
# block no. 6 follows, 58 sequences, length 36
# corresponding to MSA columns:
# 1748-1783
name=unknown_G
#
# <colnr> <probs for GDERKNQSTAVLIFYWHMCP>
#	G	D	E	R	K	N	Q	S	T	A	V	L	I	F	Y	W	H	M	C	P
0	0.00986	0.04967	0.71271	0.01239	0.01855	0.04666	0.01544	0.05822	0.01022	0.01469	0.00807	0.00938	0.00578	0.00431	0.00421	0.00139	0.00652	0.00330	0.00205	0.00658
1	0.00659	0.00485	0.00633	0.00603	0.00672	0.00489	0.03942	0.00746	0.00776	0.01060	0.01906	0.07981	0.14280	0.39239	0.16530	0.00384	0.01905	0.00679	0.06684	0.00347
2	0.04235	0.10281	0.07191	0.01244	0.12548	0.15855	0.02540	0.23154	0.06841	0.01754	0.00917	0.01022	0.00718	0.00537	0.02486	0.00140	0.01451	0.00356	0.00301	0.06429
3	0.01174	0.08959	0.12903	0.03494	0.12885	0.01032	0.09098	0.06811	0.12642	0.10126	0.01090	0.02217	0.00833	0.00458	0.00421	0.00126	0.00490	0.00398	0.00308	0.14533
4	0.02594	0.00788	0.00950	0.00778	0.01052	0.02684	0.00626	0.08136	0.08625	0.45433	0.05079	0.06175	0.09368	0.00676	0.00486	0.00143	0.02455	0.00550	0.02745	0.00658
5	0.00581	0.00409	0.00527	0.00604	0.00656	0.00375	0.00412	0.00671	0.00905	0.03013	0.06511	0.68844	0.12183	0.01327	0.00561	0.00175	0.00256	0.01192	0.00422	0.00377
6	0.00827	0.00681	0.00987	0.05813	0.05616	0.03548	0.09613	0.02399	0.03648	0.05133	0.07243	0.39744	0.03485	0.02672	0.00561	0.00167	0.00392	0.04575	0.00370	0.02525
7	0.00845	0.00795	0.01342	0.83204	0.03081	0.00994	0.01242	0.01143	0.00894	0.01143	0.00795	0.01193	0.00596	0.00447	0.00447	0.00149	0.00596	0.00398	0.00199	0.00497
8	0.00545	0.00418	0.00511	0.02036	0.00677	0.00379	0.00404	0.00639	0.00913	0.01165	0.03145	0.55153	0.29818	0.01292	0.00554	0.00171	0.00254	0.01144	0.00411	0.00371
9	0.01101	0.00925	0.00978	0.00881	0.01125	0.01059	0.00689	0.05759	0.69280	0.01873	0.01854	0.01809	0.03307	0.00632	0.00455	0.00151	0.00353	0.02889	0.04201	0.00681
10	0.01923	0.06820	0.03147	0.25758	0.16612	0.02474	0.08206	0.02099	0.02652	0.06747	0.01083	0.05017	0.02898	0.00559	0.00565	0.00149	0.09629	0.02836	0.00259	0.00567
11	0.00774	0.00575	0.00877	0.00902	0.01039	0.00565	0.07043	0.00991	0.01037	0.03193	0.02274	0.04645	0.03720	0.01150	0.00605	0.00199	0.00435	0.69140	0.00400	0.00435
12	0.00571	0.00476	0.00502	0.00505	0.00645	0.00421	0.00375	0.00753	0.05535	0.01282	0.09840	0.12289	0.63009	0.01115	0.00529	0.00153	0.00236	0.00943	0.00423	0.00398
13	0.00868	0.00835	0.01367	0.74098	0.02901	0.02666	0.03809	0.01153	0.00899	0.01149	0.00823	0.02862	0.00646	0.00477	0.00490	0.00151	0.03688	0.00417	0.00205	0.00498
14	0.87439	0.00865	0.00657	0.00588	0.00865	0.01003	0.00484	0.01315	0.00761	0.02007	0.00623	0.00727	0.00484	0.00415	0.00277	0.00138	0.00346	0.00242	0.00277	0.00484
15	0.00542	0.00455	0.00472	0.00473	0.00619	0.00385	0.00358	0.00665	0.01037	0.01253	0.09769	0.04263	0.73368	0.01121	0.00532	0.00152	0.00232	0.03500	0.00421	0.00382
16	0.78426	0.00854	0.00698	0.00610	0.00894	0.00967	0.00503	0.01406	0.00816	0.10425	0.00743	0.00811	0.00550	0.00430	0.00295	0.00138	0.00350	0.00264	0.00306	0.00514
17	0.01429	0.44040	0.01815	0.00956	0.01264	0.41441	0.00814	0.01559	0.01085	0.01073	0.00656	0.00761	0.00575	0.00421	0.00344	0.00105	0.00640	0.00263	0.00211	0.00547
18	0.00928	0.00795	0.00928	0.00663	0.01060	0.00596	0.00530	0.01126	0.00928	0.01458	0.00795	0.00928	0.00663	0.00331	0.00331	0.00066	0.00331	0.00265	0.00265	0.87014
19	0.00545	0.00389	0.00519	0.00623	0.00649	0.00363	0.00415	0.00623	0.00856	0.01142	0.02465	0.83987	0.02959	0.01401	0.00571	0.00182	0.00260	0.01272	0.00415	0.00363
20	0.00611	0.00456	0.00568	0.00540	0.00655	0.00413	0.00405	0.00802	0.01215	0.01672	0.65232	0.03543	0.20318	0.00960	0.00528	0.00143	0.00214	0.00837	0.00476	0.00413
21	0.01915	0.00856	0.01162	0.00884	0.01237	0.00789	0.04580	0.13740	0.01392	0.66078	0.01620	0.01440	0.01035	0.00542	0.00453	0.00138	0.00416	0.00447	0.00522	0.00753
22	0.00911	0.00584	0.00702	0.00627	0.00801	0.00555	0.00484	0.05309	0.08065	0.13464	0.37221	0.04024	0.21600	0.00889	0.00536	0.02254	0.00272	0.00736	0.00469	0.00498
23	0.00639	0.00478	0.00713	0.00713	0.00791	0.00556	0.00552	0.00795	0.00717	0.01034	0.01204	0.01787	0.01131	0.05437	0.80443	0.00712	0.01179	0.00484	0.00240	0.00396
24	0.01705	0.00707	0.00948	0.00766	0.01054	0.00629	0.00616	0.01920	0.04949	0.63421	0.06995	0.11313	0.01538	0.00679	0.00469	0.00144	0.00354	0.00572	0.00529	0.00690
25	0.00848	0.00799	0.01342	0.81353	0.03038	0.01002	0.01236	0.01141	0.00890	0.01141	0.00790	0.01188	0.00596	0.00455	0.00470	0.00150	0.02466	0.00397	0.00199	0.00497
26	0.00834	0.00427	0.00449	0.00446	0.00552	0.00420	0.00333	0.01036	0.00965	0.03541	0.06999	0.05690	0.01443	0.00591	0.00343	0.00111	0.00215	0.00485	0.74697	0.00423
27	0.00639	0.00479	0.00719	0.00719	0.00799	0.00559	0.00559	0.00799	0.00719	0.01038	0.01198	0.01757	0.01118	0.03355	0.82507	0.00719	0.01198	0.00479	0.00240	0.00399
28	0.00545	0.00391	0.00518	0.00619	0.00648	0.00364	0.00414	0.00623	0.00860	0.01143	0.02513	0.82165	0.04750	0.01395	0.00570	0.00181	0.00259	0.01264	0.00415	0.00364
29	0.00785	0.00426	0.00455	0.00448	0.00553	0.00417	0.00336	0.00991	0.01007	0.01681	0.17799	0.02079	0.03915	0.00618	0.00362	0.00113	0.00209	0.00511	0.66878	0.00417
30	0.00918	0.00897	0.01386	0.67825	0.10689	0.05146	0.01226	0.01196	0.00917	0.01169	0.00786	0.01156	0.00606	0.00456	0.00485	0.00148	0.03881	0.00392	0.00203	0.00519
31	0.00663	0.00507	0.00616	0.00588	0.00716	0.00483	0.00449	0.00954	0.08665	0.01665	0.54900	0.03459	0.18648	0.00945	0.00526	0.00147	0.00238	0.04922	0.00470	0.00440
32	0.69509	0.00867	0.00752	0.00643	0.00935	0.00967	0.00530	0.05322	0.00911	0.14857	0.00828	0.00872	0.00598	0.00443	0.00313	0.00138	0.00359	0.00283	0.00330	0.00542
33	0.00858	0.00607	0.00796	0.02842	0.00937	0.00586	0.03920	0.09600	0.01139	0.07056	0.14377	0.23073	0.13762	0.03215	0.00569	0.00165	0.00336	0.10424	0.02182	0.03555
34	0.01476	0.01060	0.01214	0.01173	0.12436	0.08669	0.01836	0.20844	0.13750	0.21574	0.01394	0.07932	0.01089	0.00587	0.00452	0.00138	0.00459	0.00487	0.00412	0.03017
35	0.00649	0.00483	0.00602	0.00622	0.00710	0.00467	0.00446	0.03246	0.06384	0.01484	0.31293	0.41587	0.08071	0.01128	0.00541	0.00161	0.00253	0.01005	0.00447	0.00421

[dist]
# distance from previous block
# <min> <max>
2	12

[block]
# block no. 7 follows, 58 sequences, length 17
# corresponding to MSA columns:
# 1796-1812
name=unknown_H
#
# <colnr> <probs for GDERKNQSTAVLIFYWHMCP>
#	G	D	E	R	K	N	Q	S	T	A	V	L	I	F	Y	W	H	M	C	P
0	0.04187	0.32570	0.05152	0.00940	0.01274	0.22839	0.00827	0.18996	0.04523	0.01552	0.00818	0.00892	0.00659	0.00453	0.00367	0.00115	0.00560	0.00308	0.02364	0.00604
1	0.01040	0.01063	0.09418	0.14470	0.18303	0.04918	0.04805	0.06719	0.04485	0.04328	0.01056	0.03712	0.00920	0.10760	0.02343	0.00188	0.04674	0.01337	0.02106	0.03353
2	0.07437	0.10277	0.30562	0.01221	0.09078	0.10852	0.03336	0.04481	0.09708	0.03094	0.01933	0.01136	0.00782	0.00472	0.00410	0.00134	0.00562	0.02013	0.01889	0.00623
3	0.00661	0.00470	0.00622	0.00622	0.00679	0.00511	0.00442	0.02234	0.00743	0.01043	0.01430	0.06981	0.03268	0.31284	0.43570	0.00544	0.00808	0.00592	0.03136	0.00359
4	0.00620	0.00445	0.00534	0.00559	0.00645	0.00407	0.00398	0.00729	0.00960	0.03234	0.15257	0.26139	0.26749	0.14590	0.00827	0.00207	0.00284	0.06633	0.00407	0.00375
5	0.00889	0.00890	0.06017	0.25858	0.27118	0.00885	0.02456	0.03189	0.00940	0.01288	0.01146	0.06705	0.03924	0.03003	0.13532	0.00243	0.00636	0.00492	0.00243	0.00548
6	0.01022	0.08194	0.52933	0.04834	0.01870	0.08008	0.09147	0.04455	0.01021	0.01400	0.00836	0.02773	0.00640	0.00447	0.00428	0.00138	0.00651	0.00366	0.00212	0.00627
7	0.01633	0.02018	0.01239	0.01120	0.01352	0.74907	0.00844	0.04639	0.03501	0.01196	0.00759	0.00865	0.00621	0.00470	0.00404	0.00117	0.00765	0.00302	0.02719	0.00530
8	0.00611	0.00420	0.00496	0.00530	0.00545	0.00408	0.00321	0.00641	0.00734	0.00971	0.01891	0.29205	0.05627	0.53751	0.01647	0.00340	0.00368	0.00865	0.00324	0.00306
9	0.02817	0.04898	0.04660	0.02874	0.19445	0.05015	0.00843	0.01255	0.05930	0.06475	0.03546	0.01724	0.05152	0.01334	0.22683	0.00297	0.03164	0.04159	0.03184	0.00546
10	0.06288	0.63084	0.12074	0.03287	0.01261	0.01550	0.00854	0.01329	0.00905	0.01185	0.00686	0.00802	0.00593	0.00398	0.00310	0.00106	0.00485	0.00263	0.03970	0.00570
11	0.00633	0.00432	0.00488	0.00496	0.00509	0.00424	0.00288	0.00648	0.00695	0.00915	0.01734	0.09369	0.07906	0.71359	0.02008	0.00392	0.00404	0.00722	0.00294	0.00287
12	0.00592	0.00428	0.00537	0.00608	0.00653	0.00406	0.00409	0.03257	0.00891	0.01176	0.02495	0.66154	0.09628	0.09625	0.00733	0.00203	0.00282	0.01152	0.00402	0.00369
13	0.02404	0.13135	0.11554	0.00962	0.05322	0.03231	0.05191	0.06288	0.02587	0.12271	0.01455	0.11892	0.04909	0.11062	0.03582	0.00197	0.00492	0.02596	0.00323	0.00548
