[name]
unknown

[dist]
# distance from previous block
# <min> <max>
0	7

[block]
# block no. 0 follows, 54 sequences, length 15
# corresponding to MSA columns:
# 7-10,27,29-38
name=unknown_A
#
# <colnr> <probs for GDERKNQSTAVLIFYWHMCP>
#	G	D	E	R	K	N	Q	S	T	A	V	L	I	F	Y	W	H	M	C	P
0	0.00825	0.00592	0.00801	0.00882	0.01008	0.00601	0.00768	0.05916	0.01157	0.01510	0.02410	0.05053	0.02592	0.01256	0.00640	0.00212	0.00440	0.72442	0.00437	0.00457
1	0.01792	0.01321	0.01415	0.01085	0.01462	0.01462	0.00896	0.78916	0.02217	0.02972	0.01132	0.01132	0.00802	0.00566	0.00472	0.00142	0.00519	0.00425	0.00472	0.00802
2	0.00890	0.00838	0.01414	0.82296	0.03247	0.01048	0.01309	0.01205	0.00943	0.01205	0.00838	0.01257	0.00629	0.00471	0.00471	0.00157	0.00629	0.00419	0.00210	0.00524
3	0.00572	0.00435	0.00527	0.00596	0.00669	0.00390	0.00412	0.00671	0.00973	0.01249	0.05865	0.55029	0.28174	0.01369	0.00586	0.00180	0.00261	0.01212	0.00440	0.00390
4	0.00565	0.00478	0.00488	0.00485	0.00641	0.00401	0.00364	0.00691	0.01092	0.01315	0.09774	0.04470	0.75274	0.01179	0.00557	0.00158	0.00238	0.00986	0.00443	0.00401
5	0.00653	0.00481	0.00610	0.00578	0.00695	0.00439	0.00433	0.00861	0.01300	0.01808	0.70147	0.03658	0.14592	0.00995	0.00556	0.00150	0.00225	0.00872	0.00508	0.00439
6	0.01167	0.01120	0.01914	0.02894	0.80488	0.01120	0.01447	0.01447	0.01074	0.01540	0.00887	0.01167	0.00747	0.00420	0.00467	0.00140	0.00560	0.00420	0.00233	0.00747
7	0.04897	0.02073	0.01445	0.01262	0.01521	0.68909	0.07902	0.01808	0.01278	0.01222	0.00743	0.00890	0.00614	0.00486	0.00465	0.00128	0.03232	0.00328	0.00243	0.00552
8	0.00573	0.00415	0.00543	0.00645	0.00681	0.00384	0.00433	0.00658	0.00914	0.01208	0.02737	0.78127	0.08024	0.01459	0.00599	0.00189	0.00271	0.01318	0.00438	0.00384
9	0.00978	0.00838	0.00978	0.00698	0.01117	0.00629	0.00559	0.01187	0.00978	0.01536	0.00838	0.00978	0.00698	0.00349	0.00349	0.00070	0.00349	0.00279	0.00279	0.86312
10	0.04049	0.10072	0.04875	0.01895	0.36797	0.19272	0.02998	0.04544	0.06787	0.01509	0.00902	0.01073	0.00737	0.00454	0.00435	0.00133	0.00605	0.00377	0.00260	0.02224
11	0.12304	0.04346	0.01322	0.01333	0.15344	0.26271	0.00896	0.09137	0.08377	0.03485	0.01004	0.03747	0.00855	0.03976	0.00577	0.00154	0.05548	0.00409	0.00304	0.00611
12	0.00671	0.00490	0.00582	0.00565	0.00701	0.00439	0.00424	0.00832	0.01152	0.04782	0.32376	0.08847	0.38875	0.01250	0.05705	0.00195	0.00307	0.00911	0.00462	0.00433
13	0.01284	0.13668	0.01335	0.00956	0.01261	0.01324	0.00779	0.14382	0.55440	0.01998	0.01602	0.01507	0.01212	0.00592	0.00451	0.00148	0.00416	0.00473	0.00436	0.00734
14	0.01088	0.13232	0.46500	0.01199	0.04198	0.01124	0.02997	0.01568	0.06829	0.07544	0.06275	0.01244	0.00971	0.00496	0.00440	0.00141	0.00581	0.00397	0.00275	0.02901

[dist]
# distance from previous block
# <min> <max>
0	2

[block]
# block no. 1 follows, 54 sequences, length 21
# corresponding to MSA columns:
# 41-61
name=unknown_B
#
# <colnr> <probs for GDERKNQSTAVLIFYWHMCP>
#	G	D	E	R	K	N	Q	S	T	A	V	L	I	F	Y	W	H	M	C	P
0	0.01252	0.27691	0.25415	0.01120	0.04270	0.05166	0.04122	0.03323	0.08893	0.09863	0.02742	0.01179	0.02027	0.00491	0.00416	0.00133	0.00558	0.00380	0.00290	0.00669
1	0.02511	0.01138	0.04772	0.09596	0.59752	0.01116	0.05008	0.03729	0.01084	0.02793	0.00905	0.01182	0.00739	0.00488	0.01769	0.00154	0.01888	0.00423	0.00244	0.00710
2	0.00578	0.00427	0.00541	0.00622	0.00677	0.00390	0.00425	0.00676	0.00961	0.01262	0.08204	0.64466	0.16258	0.01395	0.00591	0.00183	0.00264	0.01249	0.00443	0.00390
3	0.01014	0.01013	0.04060	0.43497	0.35772	0.01093	0.01371	0.01313	0.00992	0.01353	0.00851	0.01203	0.00677	0.00461	0.00506	0.00151	0.03412	0.00417	0.00219	0.00623
4	0.02892	0.15964	0.35894	0.01348	0.05283	0.07653	0.12146	0.08327	0.01150	0.03837	0.00872	0.01014	0.00655	0.00449	0.00437	0.00139	0.00653	0.00369	0.00247	0.00671
5	0.00738	0.00620	0.00848	0.00960	0.10497	0.00615	0.02500	0.03734	0.01047	0.01384	0.08446	0.33200	0.25595	0.01121	0.00629	0.00171	0.06056	0.00972	0.00399	0.00467
6	0.00686	0.00457	0.00514	0.00514	0.00514	0.00457	0.00286	0.00686	0.00686	0.00914	0.01486	0.03086	0.01714	0.83430	0.02400	0.00457	0.00457	0.00686	0.00286	0.00286
7	0.32185	0.01133	0.01173	0.00933	0.01274	0.01259	0.03913	0.41902	0.04642	0.04190	0.01008	0.01053	0.00734	0.00516	0.00408	0.00144	0.00461	0.00375	0.02015	0.00682
8	0.01069	0.03490	0.44804	0.03110	0.01982	0.01112	0.19231	0.03032	0.07053	0.05159	0.03424	0.01226	0.00837	0.00481	0.00495	0.00152	0.01970	0.00433	0.00262	0.00677
9	0.01089	0.01039	0.01774	0.04760	0.58811	0.01059	0.07005	0.01348	0.01035	0.01477	0.01070	0.05391	0.02524	0.02088	0.00576	0.00154	0.05137	0.00493	0.02494	0.00677
10	0.86760	0.00912	0.00693	0.00620	0.00912	0.01058	0.00511	0.01386	0.00802	0.02115	0.00657	0.00766	0.00511	0.00438	0.00292	0.00146	0.00365	0.00255	0.00292	0.00511
11	0.00869	0.00988	0.14428	0.06135	0.01241	0.00812	0.00813	0.01346	0.18515	0.03512	0.09613	0.14169	0.16562	0.02658	0.00626	0.00171	0.05885	0.00723	0.00384	0.00552
12	0.00614	0.00477	0.00558	0.00545	0.00673	0.00421	0.00406	0.00783	0.01197	0.01581	0.42702	0.07826	0.38339	0.01092	0.00559	0.00155	0.00232	0.00940	0.00479	0.00421
13	0.01173	0.01013	0.01066	0.00960	0.01226	0.01173	0.00746	0.02505	0.79636	0.01972	0.01919	0.01759	0.01439	0.00640	0.00480	0.00160	0.00373	0.00533	0.00480	0.00746
14	0.01261	0.83713	0.02471	0.00807	0.01210	0.01866	0.00807	0.01412	0.00958	0.01109	0.00656	0.00756	0.00605	0.00403	0.00303	0.00101	0.00504	0.00252	0.00202	0.00605
15	0.00664	0.00479	0.00615	0.00603	0.00711	0.00443	0.00455	0.00868	0.01256	0.01756	0.61128	0.09375	0.10213	0.01030	0.00559	0.00156	0.00242	0.06040	0.02970	0.00436
16	0.01113	0.01272	0.02782	0.01987	0.02464	0.01192	0.78776	0.01510	0.01113	0.01510	0.00954	0.01272	0.00715	0.00397	0.00556	0.00159	0.00795	0.00556	0.00238	0.00636
17	0.00574	0.00410	0.00547	0.00657	0.00684	0.00383	0.00438	0.00657	0.00903	0.01204	0.02599	0.83122	0.03119	0.01477	0.00602	0.00191	0.00274	0.01340	0.00438	0.00383
18	0.01154	0.01107	0.01890	0.06654	0.76831	0.01117	0.01441	0.01436	0.01067	0.01525	0.00885	0.01171	0.00741	0.00423	0.00467	0.00141	0.00563	0.00420	0.00232	0.00736
19	0.00675	0.00501	0.00737	0.00737	0.00814	0.00578	0.00564	0.00829	0.00752	0.01079	0.01282	0.01956	0.01224	0.10285	0.74875	0.00732	0.01195	0.00520	0.00255	0.00410
20	0.01172	0.01020	0.01124	0.01092	0.06671	0.01169	0.00794	0.02433	0.74240	0.01943	0.01848	0.01718	0.01392	0.00625	0.00479	0.00159	0.00386	0.00525	0.00463	0.00746

[dist]
# distance from previous block
# <min> <max>
0	1

[block]
# block no. 2 follows, 54 sequences, length 70
# corresponding to MSA columns:
# 63-132
name=unknown_C
#
# <colnr> <probs for GDERKNQSTAVLIFYWHMCP>
#	G	D	E	R	K	N	Q	S	T	A	V	L	I	F	Y	W	H	M	C	P
0	0.01217	0.54779	0.20182	0.01004	0.01465	0.05734	0.04073	0.02829	0.02599	0.01264	0.00748	0.00862	0.00628	0.00425	0.00358	0.00117	0.00575	0.00297	0.00215	0.00630
1	0.84950	0.00910	0.00708	0.02342	0.00961	0.01058	0.00527	0.01382	0.00805	0.02096	0.00660	0.00776	0.00513	0.00438	0.00296	0.00146	0.00370	0.00259	0.00290	0.00511
2	0.01151	0.01104	0.01824	0.04733	0.72361	0.02331	0.01381	0.01455	0.03119	0.01550	0.03809	0.01266	0.00895	0.00448	0.00470	0.00141	0.00549	0.00437	0.00250	0.00727
3	0.00686	0.00457	0.00514	0.00514	0.00514	0.00457	0.00286	0.00686	0.00686	0.00914	0.01486	0.03086	0.01714	0.83430	0.02400	0.00457	0.00457	0.00686	0.00286	0.00286
4	0.00890	0.00838	0.01414	0.82296	0.03247	0.01048	0.01309	0.01205	0.00943	0.01205	0.00838	0.01257	0.00629	0.00471	0.00471	0.00157	0.00629	0.00419	0.00210	0.00524
5	0.01149	0.01283	0.03673	0.29912	0.15252	0.15034	0.20953	0.01443	0.01068	0.01332	0.00848	0.01161	0.00665	0.00460	0.00525	0.00150	0.03835	0.00432	0.00226	0.00596
6	0.00686	0.00457	0.00514	0.00514	0.00514	0.00457	0.00286	0.00686	0.00686	0.00914	0.01486	0.03086	0.01714	0.83430	0.02400	0.00457	0.00457	0.00686	0.00286	0.00286
7	0.38469	0.00770	0.00776	0.00656	0.00933	0.00795	0.00534	0.01639	0.01033	0.29322	0.01268	0.01276	0.00892	0.00513	0.00363	0.00138	0.00345	0.00372	0.19309	0.00596
8	0.00686	0.00457	0.00514	0.00514	0.00514	0.00457	0.00286	0.00686	0.00686	0.00914	0.01486	0.03086	0.01714	0.83430	0.02400	0.00457	0.00457	0.00686	0.00286	0.00286
9	0.00608	0.00478	0.00549	0.00535	0.00669	0.00419	0.00400	0.00773	0.01189	0.01553	0.39075	0.06111	0.43767	0.01097	0.00558	0.00155	0.00232	0.00939	0.00475	0.00419
10	0.86760	0.00912	0.00693	0.00620	0.00912	0.01058	0.00511	0.01386	0.00802	0.02115	0.00657	0.00766	0.00511	0.00438	0.00292	0.00146	0.00365	0.00255	0.00292	0.00511
11	0.00676	0.00485	0.00660	0.00662	0.00713	0.00535	0.00470	0.00778	0.00733	0.01027	0.01374	0.03908	0.01422	0.34155	0.49607	0.00631	0.00934	0.00591	0.00269	0.00368
12	0.01102	0.01328	0.14532	0.15299	0.33371	0.01137	0.19871	0.04878	0.01100	0.01535	0.00899	0.01178	0.00699	0.00434	0.00486	0.00149	0.00647	0.00441	0.00236	0.00679
13	0.01409	0.01344	0.02677	0.01122	0.04776	0.17639	0.00853	0.15141	0.44397	0.03333	0.01478	0.01426	0.01112	0.00582	0.00466	0.00148	0.00510	0.00459	0.00416	0.00715
14	0.02475	0.02215	0.69574	0.01297	0.03399	0.01048	0.01594	0.01501	0.01006	0.04609	0.00883	0.01017	0.00628	0.00446	0.00440	0.00144	0.00653	0.00348	0.00222	0.06501
15	0.01126	0.11230	0.54161	0.01347	0.06132	0.04690	0.04231	0.02862	0.01055	0.06611	0.00894	0.01024	0.00652	0.00457	0.00451	0.00143	0.01657	0.00357	0.00234	0.00687
16	0.01077	0.07936	0.37266	0.01535	0.02089	0.01200	0.32691	0.05755	0.01102	0.01544	0.00901	0.01117	0.00671	0.00504	0.02394	0.00164	0.00726	0.00433	0.00231	0.00665
17	0.03892	0.00809	0.01085	0.00836	0.01198	0.00709	0.00690	0.02282	0.02751	0.77725	0.01836	0.01590	0.01158	0.00582	0.00470	0.00146	0.00400	0.00471	0.00576	0.00795
18	0.01263	0.02746	0.11809	0.01511	0.10026	0.07436	0.25943	0.06752	0.06141	0.10872	0.03653	0.04011	0.04519	0.00547	0.00500	0.00150	0.00608	0.00523	0.00327	0.00661
19	0.01434	0.04369	0.18507	0.01331	0.13113	0.07470	0.04131	0.07406	0.04015	0.24177	0.01340	0.08348	0.01051	0.00587	0.00472	0.00147	0.00540	0.00494	0.00370	0.00699
20	0.02086	0.00796	0.01085	0.00834	0.01193	0.00688	0.00688	0.02269	0.01349	0.79188	0.03476	0.01644	0.01235	0.00591	0.00476	0.00146	0.00398	0.00482	0.00582	0.00795
21	0.00736	0.00675	0.02161	0.06007	0.13432	0.00630	0.05148	0.00920	0.01062	0.01387	0.12210	0.16985	0.33251	0.00986	0.00563	0.00161	0.01953	0.00867	0.00382	0.00484
22	0.01262	0.08048	0.25318	0.02719	0.20994	0.06241	0.02468	0.10199	0.03547	0.08595	0.01145	0.03278	0.03071	0.00518	0.00455	0.00142	0.00579	0.00428	0.00297	0.00695
23	0.00889	0.00672	0.00923	0.00848	0.00928	0.00810	0.00661	0.03348	0.02311	0.05944	0.01194	0.01825	0.01129	0.15684	0.41122	0.00514	0.19950	0.00509	0.00278	0.00461
24	0.00673	0.00455	0.00532	0.00548	0.00557	0.00455	0.00325	0.00694	0.00723	0.00967	0.01634	0.12793	0.01886	0.68785	0.05083	0.00431	0.00464	0.02382	0.00306	0.00306
25	0.02936	0.35568	0.01828	0.01054	0.01348	0.39289	0.02382	0.01612	0.01117	0.01157	0.00693	0.00833	0.00608	0.00477	0.00467	0.00121	0.07420	0.00296	0.00224	0.00569
26	0.11843	0.01695	0.02666	0.01675	0.23519	0.41722	0.07308	0.01665	0.01175	0.01412	0.00784	0.00964	0.00643	0.00454	0.00431	0.00133	0.00704	0.00351	0.00245	0.00607
27	0.01333	0.01049	0.01124	0.00963	0.01254	0.01179	0.00766	0.22174	0.51138	0.05269	0.01856	0.01799	0.04870	0.00659	0.00485	0.00156	0.00407	0.02301	0.00479	0.00740
28	0.00813	0.00495	0.00574	0.02872	0.00698	0.00522	0.00410	0.02394	0.02507	0.01423	0.01456	0.02111	0.01322	0.23687	0.15063	0.00321	0.00487	0.00519	0.41917	0.00410
29	0.00577	0.00476	0.00506	0.00513	0.00652	0.00412	0.00381	0.00697	0.01045	0.01272	0.06980	0.08691	0.64943	0.04986	0.03811	0.00199	0.00295	0.02743	0.00427	0.00396
30	0.14266	0.21878	0.03054	0.08947	0.10158	0.16453	0.14251	0.01493	0.01038	0.01401	0.00765	0.00965	0.00628	0.00442	0.00432	0.00134	0.02518	0.00353	0.00234	0.00592
31	0.01330	0.01104	0.01138	0.00989	0.01274	0.04270	0.00781	0.17325	0.57744	0.04108	0.01732	0.01682	0.01307	0.00634	0.00480	0.00156	0.00422	0.02311	0.00471	0.00744
32	0.01492	0.01204	0.01168	0.04327	0.01333	0.13452	0.00805	0.39004	0.04675	0.04784	0.01326	0.03268	0.01085	0.00639	0.00466	0.00144	0.00512	0.07757	0.11903	0.00657
33	0.01019	0.00968	0.01641	0.38134	0.38616	0.01062	0.03567	0.01337	0.03045	0.01388	0.00961	0.04429	0.00804	0.00489	0.00477	0.00151	0.00581	0.00462	0.00237	0.00630
34	0.00573	0.00477	0.00502	0.00506	0.00654	0.00406	0.00380	0.00703	0.01092	0.01332	0.11626	0.07536	0.68226	0.01187	0.00561	0.00161	0.00244	0.02987	0.00445	0.00403
35	0.01246	0.06257	0.03906	0.05095	0.14517	0.05750	0.11792	0.16224	0.16920	0.01831	0.06940	0.01458	0.01154	0.01843	0.01682	0.00160	0.01727	0.00480	0.00346	0.00673
36	0.00660	0.00482	0.00620	0.00586	0.00700	0.00442	0.00439	0.00876	0.01317	0.01850	0.75242	0.03589	0.09471	0.00979	0.00556	0.00149	0.00224	0.00862	0.00514	0.00442
37	0.01056	0.05061	0.61623	0.01387	0.02020	0.01111	0.12947	0.01544	0.01034	0.06534	0.00920	0.01066	0.00651	0.00448	0.00460	0.00149	0.00686	0.00384	0.00229	0.00691
38	0.00992	0.00801	0.01099	0.02741	0.06437	0.03631	0.08763	0.04688	0.07052	0.07339	0.10855	0.22337	0.06008	0.03394	0.00602	0.00166	0.02014	0.03248	0.00394	0.07438
39	0.00879	0.00439	0.00439	0.00439	0.00549	0.00439	0.00330	0.01099	0.00989	0.01758	0.01538	0.01758	0.01209	0.00549	0.00330	0.00110	0.00220	0.00439	0.86047	0.00439
40	0.01935	0.00851	0.01098	0.00858	0.01202	0.00789	0.00703	0.10278	0.06390	0.62896	0.06507	0.01680	0.01344	0.00608	0.00479	0.00146	0.00401	0.00495	0.00561	0.00777
41	0.13985	0.09032	0.07835	0.01003	0.04313	0.15028	0.02237	0.08703	0.01220	0.17403	0.05482	0.09399	0.01187	0.00615	0.00439	0.00142	0.00510	0.00483	0.00365	0.00621
42	0.00574	0.00410	0.00547	0.00657	0.00684	0.00383	0.00438	0.00657	0.00903	0.01204	0.02599	0.83122	0.03119	0.01477	0.00602	0.00191	0.00274	0.01340	0.00438	0.00383
43	0.82728	0.00931	0.00727	0.00642	0.00938	0.01077	0.00529	0.05065	0.00870	0.02156	0.00679	0.00783	0.00524	0.00444	0.00300	0.00146	0.00372	0.00263	0.00300	0.00524
44	0.03084	0.62377	0.06008	0.00915	0.01329	0.01725	0.03753	0.13378	0.01157	0.01451	0.00749	0.00845	0.00637	0.00431	0.00345	0.00113	0.00524	0.00295	0.00246	0.00639
45	0.01340	0.09613	0.20985	0.01069	0.04384	0.01111	0.01010	0.18141	0.07644	0.12482	0.03168	0.01213	0.00908	0.00499	0.00432	0.00130	0.00500	0.00391	0.00354	0.14626
46	0.03966	0.11615	0.04371	0.01418	0.17992	0.11491	0.01001	0.32576	0.01547	0.05042	0.00964	0.01054	0.00736	0.00490	0.00433	0.00132	0.00559	0.00376	0.00342	0.03896
47	0.01195	0.01174	0.01886	0.02814	0.76738	0.04936	0.01422	0.01468	0.01086	0.01522	0.00879	0.01152	0.00740	0.00423	0.00465	0.00139	0.00574	0.00415	0.00234	0.00737
48	0.00989	0.00896	0.03944	0.00735	0.01145	0.00667	0.00610	0.04212	0.01023	0.01575	0.00933	0.04882	0.00814	0.00415	0.00370	0.00081	0.00365	0.00338	0.00291	0.75714
49	0.01049	0.01029	0.01844	0.29820	0.39768	0.01088	0.13525	0.01354	0.01031	0.01412	0.00925	0.03341	0.00763	0.00462	0.00486	0.00150	0.00613	0.00465	0.00231	0.00644
50	0.01825	0.00998	0.01190	0.00918	0.01276	0.00992	0.00754	0.32105	0.03897	0.39597	0.05234	0.01477	0.01159	0.00582	0.00470	0.00140	0.00435	0.00463	0.00515	0.05973
51	0.00822	0.00430	0.00653	0.04605	0.00743	0.00441	0.00453	0.00643	0.00630	0.00838	0.00820	0.01425	0.00810	0.01581	0.01776	0.82074	0.00420	0.00410	0.00205	0.00220
52	0.01792	0.01321	0.01415	0.01085	0.01462	0.01462	0.00896	0.78916	0.02217	0.02972	0.01132	0.01132	0.00802	0.00566	0.00472	0.00142	0.00519	0.00425	0.00472	0.00802
53	0.01160	0.01113	0.01901	0.04893	0.78544	0.01118	0.01444	0.01441	0.01070	0.01532	0.00886	0.01169	0.00744	0.00421	0.00467	0.00140	0.00562	0.00420	0.00233	0.00741
54	0.00807	0.00669	0.00863	0.00831	0.00924	0.05773	0.00651	0.00967	0.00805	0.02927	0.01186	0.01711	0.01093	0.03036	0.67489	0.00655	0.08430	0.00484	0.00255	0.00446
55	0.01989	0.00836	0.01096	0.00852	0.01203	0.00760	0.00700	0.07237	0.05680	0.68520	0.04725	0.01654	0.01280	0.00600	0.00477	0.00146	0.00401	0.00488	0.00568	0.00786
56	0.01140	0.01005	0.01297	0.05231	0.15625	0.05629	0.05432	0.04848	0.09680	0.05157	0.03616	0.04267	0.02007	0.00501	0.00437	0.00119	0.00461	0.00438	0.00322	0.32787
57	0.02921	0.63565	0.10470	0.01114	0.10994	0.01679	0.00976	0.01424	0.00973	0.01222	0.00704	0.00831	0.00620	0.00411	0.00337	0.00112	0.00528	0.00283	0.00207	0.00630
58	0.01676	0.01314	0.01362	0.03434	0.04393	0.09189	0.00889	0.55271	0.03471	0.06376	0.03177	0.01200	0.00897	0.00552	0.00464	0.00137	0.00532	0.00421	0.00431	0.04814
59	0.01376	0.01255	0.08389	0.01266	0.12175	0.05597	0.00951	0.27094	0.19738	0.05869	0.08745	0.01535	0.01290	0.01962	0.00508	0.00151	0.00490	0.00483	0.00411	0.00716
60	0.01499	0.00944	0.03313	0.02963	0.17315	0.02160	0.00884	0.06015	0.09753	0.33345	0.06509	0.04210	0.02661	0.00708	0.02992	0.00168	0.02892	0.00519	0.00440	0.00710
61	0.04483	0.03428	0.06228	0.01078	0.07159	0.10937	0.02821	0.07208	0.05941	0.01406	0.02733	0.01621	0.01072	0.13353	0.21901	0.00351	0.06997	0.00470	0.00284	0.00531
62	0.02786	0.01070	0.06939	0.03292	0.39939	0.02134	0.02961	0.04407	0.03146	0.06222	0.06325	0.11082	0.01315	0.00637	0.00540	0.00153	0.04381	0.01703	0.00313	0.00657
63	0.01175	0.11796	0.02649	0.01699	0.33445	0.01096	0.03922	0.04119	0.10396	0.07511	0.01559	0.03061	0.10552	0.00578	0.00479	0.00141	0.01880	0.00502	0.00322	0.03116
64	0.01070	0.06460	0.02900	0.01302	0.17070	0.10341	0.06574	0.02647	0.03432	0.06093	0.05512	0.21106	0.09506	0.00798	0.00500	0.00150	0.00473	0.00704	0.00348	0.03012
65	0.01181	0.04236	0.14142	0.01363	0.12088	0.14737	0.02334	0.02602	0.02935	0.05215	0.04251	0.05208	0.02469	0.00726	0.02865	0.00175	0.22138	0.00464	0.00274	0.00596
66	0.09935	0.02737	0.14648	0.01525	0.23972	0.02342	0.04540	0.06227	0.04014	0.08379	0.02646	0.01331	0.03945	0.01755	0.00469	0.00141	0.00510	0.00421	0.00306	0.10156
67	0.01289	0.14841	0.07659	0.01176	0.12312	0.10590	0.00889	0.06000	0.05684	0.12266	0.07795	0.05163	0.04437	0.00609	0.00450	0.00135	0.00493	0.02239	0.00350	0.05624
68	0.01202	0.10724	0.19112	0.01471	0.17373	0.07290	0.06308	0.06475	0.11370	0.04283	0.02273	0.03140	0.00933	0.02594	0.00498	0.00148	0.00566	0.00434	0.01405	0.02398
69	0.01164	0.08167	0.11925	0.02932	0.19380	0.05620	0.01984	0.10152	0.11492	0.04368	0.04219	0.03967	0.11376	0.00626	0.00470	0.00145	0.00499	0.00523	0.00339	0.00654

[dist]
# distance from previous block
# <min> <max>
2	31

[block]
# block no. 3 follows, 54 sequences, length 21
# corresponding to MSA columns:
# 172-192
name=unknown_D
#
# <colnr> <probs for GDERKNQSTAVLIFYWHMCP>
#	G	D	E	R	K	N	Q	S	T	A	V	L	I	F	Y	W	H	M	C	P
0	0.01280	0.08305	0.06036	0.04789	0.45726	0.10718	0.01231	0.04208	0.04279	0.05439	0.02944	0.01192	0.00850	0.00465	0.00450	0.00137	0.00574	0.00406	0.00272	0.00698
1	0.03025	0.04126	0.19809	0.03803	0.40804	0.08092	0.01330	0.03251	0.01107	0.04406	0.03209	0.02327	0.01680	0.00481	0.00456	0.00141	0.00589	0.00418	0.00257	0.00689
2	0.03164	0.04652	0.11886	0.01978	0.41829	0.05399	0.02182	0.03658	0.02268	0.06865	0.02131	0.03233	0.00919	0.00503	0.00458	0.00140	0.00549	0.02992	0.00281	0.04914
3	0.03090	0.08038	0.07524	0.05465	0.30442	0.08875	0.06056	0.01435	0.01102	0.06537	0.05732	0.01489	0.06706	0.00523	0.00456	0.00136	0.00544	0.00457	0.00286	0.05107
4	0.01138	0.02132	0.08541	0.01598	0.25489	0.13360	0.07855	0.02172	0.02416	0.05298	0.09510	0.05445	0.10090	0.00631	0.00488	0.00144	0.00539	0.00557	0.00317	0.02278
5	0.02282	0.17427	0.07132	0.03214	0.25241	0.06252	0.03715	0.08385	0.03563	0.08608	0.03961	0.01331	0.04214	0.00508	0.00438	0.00134	0.00531	0.00423	0.00305	0.02337
6	0.02702	0.15931	0.06917	0.01160	0.05702	0.22683	0.04962	0.09860	0.03513	0.04763	0.05962	0.01159	0.00939	0.00515	0.00482	0.00130	0.04842	0.00382	0.00297	0.07101
7	0.01099	0.03837	0.34338	0.05627	0.29618	0.02516	0.01423	0.02349	0.05153	0.04182	0.02708	0.01177	0.00805	0.00463	0.00454	0.00143	0.00595	0.00398	0.00252	0.02862
8	0.00760	0.00557	0.00671	0.00667	0.02639	0.00523	0.00486	0.01040	0.08545	0.05736	0.34804	0.10350	0.28256	0.01024	0.00548	0.00157	0.00267	0.02015	0.00478	0.00478
9	0.01010	0.08727	0.11714	0.04901	0.25633	0.02637	0.06857	0.01310	0.02885	0.03346	0.10569	0.02030	0.12108	0.00636	0.00486	0.00147	0.00503	0.03581	0.00308	0.00613
10	0.01083	0.11551	0.56848	0.01390	0.07352	0.03325	0.04738	0.02781	0.01044	0.04413	0.00871	0.01012	0.00638	0.00447	0.00438	0.00143	0.00660	0.00356	0.00223	0.00689
11	0.00949	0.00632	0.00904	0.00945	0.08531	0.00584	0.04876	0.03112	0.01098	0.14540	0.06685	0.34450	0.18673	0.01058	0.00550	0.00167	0.00347	0.00944	0.00436	0.00519
12	0.00577	0.00423	0.00538	0.00625	0.00673	0.00389	0.00422	0.00666	0.00932	0.01221	0.04654	0.67558	0.14427	0.03706	0.00644	0.00193	0.00272	0.01260	0.00435	0.00384
13	0.20845	0.05564	0.25366	0.02427	0.22435	0.02179	0.03889	0.04619	0.03672	0.03571	0.00877	0.01032	0.00672	0.00449	0.00416	0.00144	0.00554	0.00361	0.00261	0.00665
14	0.01160	0.03525	0.05784	0.05936	0.62668	0.03414	0.07739	0.01456	0.01072	0.01499	0.00877	0.01151	0.00724	0.00423	0.00468	0.00141	0.00595	0.00420	0.00231	0.00716
15	0.00917	0.00858	0.01215	0.01084	0.01114	0.01155	0.00895	0.01045	0.00755	0.01142	0.00913	0.01528	0.00904	0.01589	0.23127	0.00356	0.55320	0.05363	0.00233	0.00485
16	0.01115	0.01190	0.08211	0.02623	0.67838	0.01079	0.03299	0.01408	0.01059	0.01517	0.00981	0.05723	0.00866	0.00481	0.00475	0.00144	0.00561	0.00469	0.00242	0.00720
17	0.02864	0.49458	0.08403	0.01062	0.05453	0.15611	0.00945	0.03779	0.01052	0.01245	0.00707	0.00842	0.00617	0.00455	0.00429	0.00119	0.05837	0.00293	0.00220	0.00608
18	0.01204	0.75158	0.05458	0.00818	0.01209	0.01740	0.00820	0.01367	0.00956	0.01131	0.00788	0.06041	0.00766	0.00474	0.00327	0.00109	0.00497	0.00326	0.00217	0.00594
19	0.01029	0.03150	0.01005	0.00733	0.01088	0.00699	0.00587	0.01256	0.03619	0.06847	0.01197	0.06445	0.04057	0.00504	0.00441	0.00097	0.04190	0.00403	0.00317	0.62334
20	0.00844	0.04290	0.15556	0.01072	0.07488	0.02834	0.04462	0.01099	0.02866	0.03006	0.06871	0.35626	0.02156	0.00997	0.00541	0.00171	0.00440	0.08797	0.00363	0.00521

[dist]
# distance from previous block
# <min> <max>
16	116

[block]
# block no. 4 follows, 54 sequences, length 15
# corresponding to MSA columns:
# 327-341
name=unknown_E
#
# <colnr> <probs for GDERKNQSTAVLIFYWHMCP>
#	G	D	E	R	K	N	Q	S	T	A	V	L	I	F	Y	W	H	M	C	P
0	0.04274	0.05302	0.08850	0.01547	0.26501	0.03451	0.02937	0.04150	0.08648	0.08612	0.07355	0.01411	0.02241	0.00508	0.00446	0.00133	0.00484	0.00438	0.00325	0.12387
1	0.03931	0.01156	0.01468	0.01737	0.32774	0.08839	0.02646	0.11736	0.10172	0.07262	0.02414	0.03192	0.00997	0.00531	0.00462	0.00139	0.00518	0.02337	0.00337	0.07350
2	0.02710	0.04110	0.08094	0.01742	0.33224	0.01033	0.04652	0.07020	0.08342	0.04720	0.10846	0.01478	0.01261	0.00519	0.00463	0.00137	0.00490	0.00465	0.00323	0.08371
3	0.00998	0.01146	0.14487	0.08002	0.24906	0.00992	0.03844	0.01276	0.01001	0.03120	0.04800	0.01620	0.06436	0.00653	0.01973	0.00164	0.13494	0.02108	0.07073	0.01907
4	0.20082	0.01064	0.04882	0.17010	0.16312	0.02782	0.02900	0.07474	0.06813	0.04263	0.00975	0.02851	0.00773	0.00493	0.00446	0.00143	0.02207	0.00399	0.00296	0.07834
5	0.02758	0.03311	0.01454	0.01435	0.17381	0.18392	0.07091	0.09974	0.04509	0.01562	0.00999	0.01347	0.00860	0.03126	0.02373	0.02002	0.03952	0.03914	0.00289	0.13271
6	0.00823	0.02583	0.02779	0.11289	0.06451	0.03183	0.03088	0.01132	0.09838	0.01404	0.10338	0.26389	0.11807	0.02824	0.00589	0.00170	0.01941	0.00823	0.00375	0.02174
7	0.01148	0.11207	0.19103	0.01598	0.23041	0.04495	0.06676	0.05052	0.06391	0.01555	0.00922	0.01082	0.00730	0.00435	0.00430	0.00128	0.00563	0.00374	0.00258	0.14813
8	0.00608	0.00429	0.00558	0.00634	0.00660	0.00418	0.00417	0.00679	0.00841	0.01129	0.02232	0.58053	0.02634	0.20029	0.08105	0.00301	0.00401	0.01120	0.00387	0.00365
9	0.00791	0.00565	0.00673	0.00636	0.00677	0.00611	0.00420	0.06941	0.00823	0.01119	0.01403	0.04461	0.01542	0.60268	0.11769	0.00447	0.05558	0.00641	0.00295	0.00359
10	0.01136	0.01032	0.01117	0.01105	0.07473	0.06432	0.00795	0.02096	0.54127	0.01765	0.05232	0.01713	0.01411	0.00907	0.08147	0.00213	0.03688	0.00516	0.00414	0.00680
11	0.00697	0.00487	0.00605	0.00590	0.00713	0.00447	0.00440	0.00868	0.01156	0.05183	0.38009	0.13456	0.24689	0.01268	0.06983	0.00204	0.00324	0.00898	0.02546	0.00439
12	0.01186	0.01097	0.01796	0.02610	0.69355	0.01106	0.01342	0.07562	0.01180	0.01675	0.05740	0.01308	0.00977	0.00465	0.00473	0.00141	0.00536	0.00447	0.00270	0.00733
13	0.00594	0.00454	0.00547	0.00585	0.00680	0.00407	0.00420	0.00724	0.01064	0.01386	0.20420	0.35254	0.31050	0.01258	0.00577	0.00171	0.00255	0.03295	0.00456	0.00403
14	0.01088	0.01027	0.01469	0.30700	0.18759	0.04382	0.02421	0.06331	0.09984	0.01473	0.01078	0.01395	0.02618	0.00572	0.00640	0.00160	0.13003	0.02016	0.00273	0.00611

[dist]
# distance from previous block
# <min> <max>
0	26

[block]
# block no. 5 follows, 54 sequences, length 27
# corresponding to MSA columns:
# 368-394
name=unknown_F
#
# <colnr> <probs for GDERKNQSTAVLIFYWHMCP>
#	G	D	E	R	K	N	Q	S	T	A	V	L	I	F	Y	W	H	M	C	P
0	0.45120	0.06021	0.03473	0.00893	0.01183	0.33654	0.00726	0.01592	0.01033	0.01653	0.00691	0.00806	0.00558	0.00456	0.00351	0.00134	0.00579	0.00278	0.00264	0.00536
1	0.00586	0.00425	0.00554	0.00635	0.00684	0.00393	0.00433	0.00690	0.00975	0.01304	0.13574	0.66634	0.08597	0.01386	0.00592	0.00183	0.00264	0.01249	0.00449	0.00393
2	0.11913	0.00841	0.00962	0.00712	0.01106	0.00693	0.00575	0.01400	0.01019	0.15033	0.00988	0.01057	0.00754	0.00400	0.00363	0.00092	0.00360	0.00309	0.00332	0.61087
3	0.00804	0.00641	0.00843	0.00901	0.06842	0.03605	0.00620	0.03904	0.00860	0.01199	0.01299	0.05123	0.01268	0.16104	0.49167	0.00562	0.02199	0.00548	0.03069	0.00443
4	0.01396	0.04952	0.04777	0.01948	0.38358	0.21703	0.01173	0.13030	0.03504	0.01653	0.02534	0.01122	0.00803	0.00476	0.00451	0.00135	0.00619	0.00393	0.00281	0.00690
5	0.01121	0.00805	0.01003	0.00870	0.01032	0.00928	0.01967	0.02952	0.18071	0.11783	0.08336	0.01877	0.07112	0.00727	0.00748	0.00159	0.22305	0.00534	0.17086	0.00580
6	0.01103	0.01041	0.01743	0.09462	0.65121	0.01061	0.01340	0.01407	0.03212	0.01532	0.04669	0.02653	0.01005	0.00490	0.00478	0.00145	0.00538	0.02041	0.00259	0.00702
7	0.01096	0.01048	0.01785	0.23305	0.60633	0.01102	0.01412	0.01385	0.01040	0.01454	0.00874	0.01190	0.00716	0.00433	0.00468	0.00144	0.00578	0.00420	0.00227	0.00690
8	0.02600	0.01170	0.04587	0.04684	0.54470	0.01142	0.12544	0.04509	0.01106	0.03795	0.00916	0.01177	0.00739	0.00447	0.00522	0.00147	0.04046	0.00436	0.00251	0.00713
9	0.01168	0.51025	0.16552	0.01027	0.01430	0.03521	0.05124	0.01400	0.00959	0.01213	0.00755	0.00988	0.00670	0.00486	0.00495	0.00128	0.09778	0.02464	0.00211	0.00607
10	0.00577	0.00472	0.00509	0.00514	0.00653	0.00404	0.00380	0.00709	0.01100	0.01367	0.16856	0.12219	0.60230	0.01185	0.00562	0.00161	0.00240	0.01006	0.00451	0.00404
11	0.01026	0.01042	0.05500	0.09048	0.55978	0.00983	0.01262	0.01290	0.01046	0.01457	0.01407	0.07755	0.08994	0.00585	0.00486	0.00148	0.00518	0.00545	0.00266	0.00663
12	0.02200	0.03564	0.22615	0.06976	0.15248	0.05120	0.22470	0.01524	0.01089	0.08973	0.01156	0.01331	0.04589	0.00481	0.00483	0.00148	0.00645	0.00460	0.00268	0.00661
13	0.00673	0.00455	0.00531	0.00552	0.00561	0.00451	0.00331	0.00696	0.00737	0.00980	0.01696	0.14721	0.01965	0.67600	0.02055	0.00407	0.00430	0.04538	0.00315	0.00307
14	0.00661	0.00447	0.00522	0.00546	0.00552	0.00441	0.00319	0.00679	0.00734	0.00978	0.01731	0.20758	0.02024	0.65334	0.02003	0.00398	0.00417	0.00830	0.00319	0.00307
15	0.01144	0.01122	0.01693	0.17081	0.45663	0.05675	0.01303	0.03683	0.01037	0.01429	0.00830	0.01141	0.00697	0.00508	0.00654	0.00154	0.14886	0.00412	0.00232	0.00656
16	0.05833	0.00888	0.01001	0.00736	0.01138	0.00741	0.00591	0.07581	0.04090	0.01702	0.00893	0.01008	0.00725	0.00383	0.00361	0.00083	0.00365	0.00300	0.00303	0.71278
17	0.00760	0.00626	0.00649	0.00681	0.00773	0.08247	0.00484	0.00878	0.01053	0.03981	0.15610	0.44426	0.13904	0.03502	0.00617	0.00179	0.00328	0.02445	0.00433	0.00423
18	0.00998	0.00911	0.01426	0.01917	0.43653	0.00929	0.02103	0.01319	0.06787	0.01565	0.13671	0.02015	0.07298	0.00747	0.03517	0.00172	0.04512	0.03779	0.00320	0.02363
19	0.01110	0.00752	0.00912	0.00699	0.01042	0.00595	0.00554	0.01301	0.01076	0.16150	0.07605	0.06834	0.06435	0.00569	0.00418	0.00104	0.00337	0.00475	0.00375	0.52658
20	0.01059	0.09456	0.01299	0.01374	0.24123	0.00900	0.00842	0.01230	0.00926	0.10304	0.01170	0.01678	0.01057	0.14723	0.24444	0.00370	0.03727	0.00476	0.00283	0.00561
21	0.01773	0.01311	0.01404	0.01081	0.01455	0.01453	0.00892	0.76588	0.04576	0.02941	0.01156	0.01151	0.00821	0.00568	0.00472	0.00142	0.00514	0.00428	0.00472	0.00800
22	0.00584	0.00472	0.00520	0.00522	0.00657	0.00407	0.00386	0.00724	0.01118	0.01409	0.21977	0.12006	0.55229	0.01169	0.00561	0.00160	0.00238	0.00996	0.00457	0.00407
23	0.00890	0.00838	0.01414	0.82296	0.03247	0.01048	0.01309	0.01205	0.00943	0.01205	0.00838	0.01257	0.00629	0.00471	0.00471	0.00157	0.00629	0.00419	0.00210	0.00524
24	0.00637	0.00492	0.00626	0.04105	0.03911	0.00460	0.00483	0.00776	0.01038	0.01373	0.16884	0.32708	0.26916	0.03521	0.00610	0.00175	0.00283	0.01020	0.03565	0.00418
25	0.01078	0.00836	0.00983	0.00713	0.01119	0.00647	0.00572	0.03132	0.01041	0.08022	0.01041	0.01134	0.03012	0.00398	0.00368	0.00080	0.00354	0.00319	0.00313	0.74836
26	0.06148	0.00897	0.01293	0.13078	0.10977	0.00878	0.08739	0.03800	0.07869	0.03863	0.01184	0.10554	0.01048	0.00590	0.01377	0.00139	0.00472	0.00500	0.00310	0.26283

[dist]
# distance from previous block
# <min> <max>
0	5

[block]
# block no. 6 follows, 54 sequences, length 14
# corresponding to MSA columns:
# 400-413
name=unknown_G
#
# <colnr> <probs for GDERKNQSTAVLIFYWHMCP>
#	G	D	E	R	K	N	Q	S	T	A	V	L	I	F	Y	W	H	M	C	P
0	0.00666	0.00552	0.00725	0.00701	0.02267	0.00499	0.05304	0.02271	0.01134	0.01456	0.19661	0.13075	0.41946	0.01112	0.00566	0.00164	0.00300	0.06725	0.00439	0.00437
1	0.01198	0.01004	0.01604	0.19466	0.40152	0.01097	0.01237	0.03483	0.02561	0.09958	0.01003	0.02692	0.00807	0.00528	0.00610	0.00154	0.11054	0.00443	0.00277	0.00670
2	0.76679	0.01034	0.02841	0.00685	0.00984	0.05840	0.00574	0.01455	0.03412	0.02037	0.00707	0.00809	0.00549	0.00447	0.00310	0.00145	0.00403	0.00270	0.00293	0.00525
3	0.00650	0.00512	0.00542	0.00532	0.00648	0.00477	0.00370	0.00830	0.06908	0.01252	0.07933	0.03822	0.45763	0.26428	0.01118	0.00250	0.00315	0.00857	0.00399	0.00393
4	0.01750	0.00703	0.00924	0.00738	0.01031	0.00622	0.00599	0.01943	0.01274	0.58498	0.07718	0.01781	0.01424	0.00605	0.00450	0.00139	0.00350	0.00496	0.18255	0.00700
5	0.00678	0.00488	0.00672	0.00672	0.00726	0.00543	0.00482	0.00787	0.00732	0.01031	0.01341	0.02287	0.01367	0.31698	0.53658	0.00652	0.00979	0.00569	0.00264	0.00373
6	0.00706	0.00484	0.00612	0.00579	0.00698	0.00445	0.00434	0.00915	0.01276	0.03689	0.64033	0.05338	0.10661	0.00956	0.00538	0.00147	0.00229	0.00836	0.06976	0.00447
7	0.86760	0.00912	0.00693	0.00620	0.00912	0.01058	0.00511	0.01386	0.00802	0.02115	0.00657	0.00766	0.00511	0.00438	0.00292	0.00146	0.00365	0.00255	0.00292	0.00511
8	0.00720	0.00499	0.00566	0.00558	0.00581	0.00515	0.00334	0.00824	0.06360	0.00999	0.01506	0.02930	0.01668	0.73595	0.06114	0.00450	0.00490	0.00666	0.00298	0.00325
9	0.02988	0.01073	0.03279	0.12549	0.55532	0.01082	0.01302	0.06950	0.01127	0.03092	0.01013	0.06037	0.00877	0.00504	0.00472	0.00146	0.00544	0.00471	0.00267	0.00696
10	0.01264	0.06023	0.01175	0.00963	0.01229	0.08594	0.00757	0.13031	0.49342	0.01915	0.01687	0.09210	0.01381	0.00680	0.00475	0.00153	0.00436	0.00556	0.00436	0.00693
11	0.00988	0.04529	0.67752	0.07197	0.05423	0.01105	0.01647	0.01488	0.01003	0.03380	0.00866	0.01030	0.00620	0.00450	0.00447	0.00148	0.00674	0.00357	0.00211	0.00686
12	0.01136	0.05114	0.03542	0.13506	0.39741	0.02507	0.11618	0.03476	0.03653	0.02895	0.01020	0.01372	0.00839	0.00478	0.00472	0.00145	0.00577	0.03333	0.03909	0.00667
13	0.01108	0.15158	0.24787	0.01324	0.05499	0.05951	0.16372	0.01452	0.03730	0.04061	0.01009	0.04684	0.00866	0.06469	0.00657	0.00169	0.05383	0.00455	0.00251	0.00615

[dist]
# distance from previous block
# <min> <max>
5	7

[block]
# block no. 7 follows, 54 sequences, length 21
# corresponding to MSA columns:
# 421-427,433-446
name=unknown_H
#
# <colnr> <probs for GDERKNQSTAVLIFYWHMCP>
#	G	D	E	R	K	N	Q	S	T	A	V	L	I	F	Y	W	H	M	C	P
0	0.01093	0.01032	0.01724	0.02571	0.69386	0.01026	0.01306	0.01350	0.01062	0.01497	0.01254	0.01616	0.06920	0.03074	0.00539	0.00154	0.00528	0.02915	0.00257	0.00696
1	0.01533	0.34301	0.01795	0.01045	0.01350	0.40338	0.00874	0.07551	0.01226	0.01274	0.00726	0.00843	0.00622	0.00475	0.00431	0.00119	0.04369	0.00297	0.00242	0.00588
2	0.06261	0.01058	0.01684	0.14916	0.55255	0.01109	0.01297	0.07303	0.01119	0.01622	0.00936	0.03636	0.00790	0.00472	0.00462	0.00145	0.00547	0.00438	0.00258	0.00691
3	0.01400	0.01031	0.01126	0.00929	0.01204	0.01125	0.00741	0.48567	0.09369	0.02441	0.07510	0.14340	0.01532	0.00746	0.00491	0.00150	0.00426	0.00613	0.05577	0.00682
4	0.00679	0.00459	0.00505	0.00505	0.00533	0.00448	0.00298	0.00709	0.00757	0.01014	0.01943	0.03207	0.12529	0.67135	0.02022	0.00395	0.00413	0.00714	0.05424	0.00310
5	0.00594	0.00450	0.00544	0.00594	0.00671	0.00416	0.00416	0.00694	0.00944	0.01214	0.05237	0.38955	0.28372	0.09739	0.06764	0.00249	0.00356	0.02995	0.00411	0.00384
6	0.18562	0.19586	0.04957	0.01247	0.13628	0.14839	0.04031	0.05711	0.01117	0.08458	0.00911	0.03369	0.00746	0.00484	0.00396	0.00133	0.00548	0.00364	0.00288	0.00625
7	0.73336	0.01037	0.00821	0.00774	0.04110	0.07055	0.00594	0.04839	0.00915	0.02059	0.00692	0.00804	0.00540	0.00446	0.00317	0.00144	0.00415	0.00273	0.00294	0.00535
8	0.01133	0.01114	0.01754	0.13227	0.55195	0.04325	0.01345	0.01385	0.01014	0.01420	0.00834	0.01146	0.00706	0.00490	0.00627	0.00151	0.12817	0.00414	0.00227	0.00675
9	0.01072	0.01098	0.02117	0.33072	0.07362	0.01149	0.39381	0.06154	0.01113	0.01484	0.00916	0.01251	0.00689	0.00438	0.00513	0.00156	0.00700	0.00487	0.00241	0.00609
10	0.00584	0.00463	0.00526	0.00544	0.00662	0.00404	0.00395	0.00716	0.01088	0.01386	0.19967	0.22944	0.46225	0.01213	0.00568	0.00165	0.00244	0.01047	0.00455	0.00404
11	0.00924	0.00818	0.02534	0.02535	0.03588	0.03033	0.06395	0.07672	0.07933	0.01381	0.01696	0.14901	0.06443	0.23122	0.03077	0.00262	0.09845	0.03017	0.00337	0.00486
12	0.00629	0.00473	0.00570	0.00559	0.00668	0.00427	0.00406	0.00792	0.01170	0.01575	0.45522	0.10582	0.25784	0.07894	0.00713	0.00181	0.00251	0.00921	0.00470	0.00413
13	0.01130	0.00918	0.01150	0.01052	0.04417	0.01033	0.03844	0.16238	0.21328	0.03677	0.03251	0.08263	0.05580	0.03540	0.04041	0.00203	0.11732	0.07591	0.00399	0.00614
14	0.01121	0.16535	0.13842	0.03902	0.36533	0.01207	0.05480	0.01411	0.01038	0.02675	0.04101	0.01162	0.00845	0.00456	0.00472	0.00135	0.03260	0.00397	0.00241	0.05188
15	0.00704	0.00531	0.00759	0.00748	0.00819	0.00616	0.00573	0.00853	0.00786	0.01133	0.04848	0.02119	0.01399	0.12859	0.59310	0.00631	0.06218	0.02649	0.02033	0.00412
16	0.01005	0.09508	0.28824	0.03238	0.10133	0.01087	0.07099	0.02770	0.12604	0.01568	0.09324	0.03365	0.05003	0.00584	0.00486	0.00148	0.01810	0.00498	0.00301	0.00644
17	0.03724	0.17626	0.24379	0.04483	0.11099	0.10704	0.07956	0.03036	0.05280	0.06089	0.00926	0.01059	0.00709	0.00457	0.00429	0.00137	0.00620	0.00370	0.00258	0.00661
18	0.01179	0.04230	0.05705	0.08074	0.46795	0.06873	0.05627	0.05147	0.01114	0.01514	0.00950	0.01199	0.02226	0.00516	0.02019	0.00151	0.02561	0.00418	0.00246	0.03455
19	0.02565	0.04943	0.12941	0.01352	0.10094	0.17815	0.08566	0.09905	0.06286	0.13615	0.02804	0.03169	0.00931	0.00535	0.00486	0.00143	0.02406	0.00437	0.00335	0.00672
20	0.08678	0.06312	0.11161	0.02779	0.31513	0.08797	0.03803	0.03269	0.07004	0.04744	0.02093	0.01260	0.00857	0.00531	0.01679	0.00150	0.00571	0.02225	0.00281	0.02293

[dist]
# distance from previous block
# <min> <max>
0	20

[block]
# block no. 8 follows, 54 sequences, length 14
# corresponding to MSA columns:
# 467-480
name=unknown_I
#
# <colnr> <probs for GDERKNQSTAVLIFYWHMCP>
#	G	D	E	R	K	N	Q	S	T	A	V	L	I	F	Y	W	H	M	C	P
0	0.04907	0.10218	0.20464	0.01374	0.09760	0.15496	0.09687	0.07691	0.05713	0.05501	0.00965	0.01102	0.00741	0.00590	0.03646	0.00163	0.00662	0.00386	0.00278	0.00657
1	0.08852	0.08006	0.24487	0.02887	0.10417	0.10993	0.04577	0.04568	0.03221	0.02962	0.02756	0.01218	0.02085	0.00489	0.00427	0.00135	0.00577	0.01775	0.01973	0.07596
2	0.03541	0.04290	0.21129	0.04636	0.17937	0.03906	0.04574	0.04590	0.07222	0.05338	0.08892	0.05518	0.01252	0.00575	0.00484	0.00147	0.01852	0.00492	0.01850	0.01776
3	0.01275	0.04423	0.14164	0.07886	0.08317	0.27035	0.13660	0.04483	0.01169	0.01400	0.00939	0.04510	0.00797	0.00509	0.00462	0.00138	0.00688	0.02005	0.00253	0.05888
4	0.03007	0.03585	0.04188	0.01214	0.13855	0.03622	0.02767	0.16075	0.04944	0.08517	0.10232	0.03847	0.05755	0.00618	0.00509	0.00138	0.03937	0.00508	0.01547	0.11137
5	0.02755	0.05567	0.01637	0.12531	0.43475	0.13377	0.01190	0.04200	0.01132	0.01499	0.03668	0.01210	0.00852	0.00467	0.00446	0.00136	0.00578	0.00407	0.04221	0.00653
6	0.00906	0.00639	0.00862	0.07482	0.04126	0.05158	0.03318	0.00890	0.04382	0.00996	0.01046	0.01540	0.04054	0.02774	0.01445	0.58920	0.00464	0.00444	0.00233	0.00321
7	0.01115	0.01119	0.07085	0.06872	0.50468	0.01023	0.08963	0.01408	0.01085	0.05310	0.05272	0.04617	0.02498	0.00515	0.00487	0.00147	0.00554	0.00501	0.00274	0.00686
8	0.01188	0.01148	0.04754	0.13642	0.34842	0.03551	0.11939	0.06687	0.02311	0.05314	0.01021	0.01260	0.02074	0.00517	0.01696	0.00154	0.03129	0.00442	0.00271	0.04061
9	0.01085	0.01302	0.08555	0.09880	0.11605	0.01162	0.56283	0.01472	0.01083	0.01483	0.00927	0.01237	0.00702	0.00411	0.00529	0.00156	0.00744	0.00511	0.00232	0.00643
10	0.03015	0.01929	0.48301	0.01535	0.08050	0.03558	0.16887	0.01527	0.02799	0.03657	0.00938	0.02390	0.00705	0.00468	0.00492	0.00152	0.02273	0.00416	0.00234	0.00675
11	0.01090	0.13256	0.57639	0.01282	0.01894	0.01212	0.06785	0.05843	0.01080	0.04421	0.00881	0.01012	0.00639	0.00450	0.00438	0.00143	0.00657	0.00358	0.00231	0.00690
12	0.05101	0.02805	0.03563	0.08174	0.07167	0.08370	0.11651	0.15360	0.05070	0.21992	0.02124	0.02638	0.00974	0.00549	0.00475	0.00147	0.00551	0.02212	0.00388	0.00688
13	0.00867	0.00705	0.03978	0.00770	0.00904	0.04313	0.00590	0.03847	0.08353	0.07094	0.05777	0.50655	0.04215	0.01178	0.00562	0.00177	0.00349	0.04741	0.00438	0.00488

[dist]
# distance from previous block
# <min> <max>
0	1

[block]
# block no. 9 follows, 54 sequences, length 90
# corresponding to MSA columns:
# 482-511,513-530,629-670
name=unknown_J
#
# <colnr> <probs for GDERKNQSTAVLIFYWHMCP>
#	G	D	E	R	K	N	Q	S	T	A	V	L	I	F	Y	W	H	M	C	P
0	0.04915	0.08688	0.01467	0.01334	0.11653	0.43580	0.00942	0.12664	0.03022	0.01527	0.00862	0.01031	0.00711	0.00506	0.00452	0.00130	0.02693	0.01586	0.01625	0.00612
1	0.02471	0.02229	0.69603	0.01275	0.01910	0.01089	0.01592	0.05887	0.03063	0.01617	0.04304	0.01127	0.00794	0.00482	0.00452	0.00149	0.00652	0.00378	0.00237	0.00690
2	0.00966	0.07595	0.76005	0.01310	0.01988	0.01144	0.01683	0.01488	0.00993	0.01469	0.00834	0.00980	0.00598	0.00445	0.00439	0.00146	0.00685	0.00342	0.00199	0.00691
3	0.04453	0.20636	0.03480	0.00998	0.01361	0.11137	0.00857	0.35937	0.08227	0.05504	0.01042	0.01065	0.00786	0.00514	0.00419	0.00130	0.00534	0.00371	0.00371	0.02177
4	0.00568	0.00478	0.00492	0.00489	0.00643	0.00402	0.00366	0.00697	0.01099	0.01332	0.11901	0.04442	0.73136	0.01172	0.00557	0.00158	0.00237	0.00982	0.00446	0.00402
5	0.20701	0.00878	0.01013	0.00802	0.01138	0.00866	0.00660	0.12656	0.01328	0.48141	0.01475	0.01363	0.00974	0.00547	0.00425	0.00143	0.00399	0.00417	0.05357	0.00717
6	0.00946	0.02439	0.80987	0.01344	0.02041	0.01095	0.01742	0.01493	0.00995	0.01493	0.00846	0.00995	0.00597	0.00448	0.00448	0.00149	0.00697	0.00348	0.00199	0.00697
7	0.01777	0.01313	0.01406	0.01082	0.01456	0.01455	0.00892	0.76998	0.04160	0.02946	0.01152	0.01148	0.00818	0.00568	0.00472	0.00142	0.00515	0.00427	0.00472	0.00800
8	0.86760	0.00912	0.00693	0.00620	0.00912	0.01058	0.00511	0.01386	0.00802	0.02115	0.00657	0.00766	0.00511	0.00438	0.00292	0.00146	0.00365	0.00255	0.00292	0.00511
9	0.01026	0.00928	0.01488	0.58473	0.17311	0.01088	0.01278	0.08514	0.01087	0.01442	0.00888	0.01238	0.00678	0.00472	0.00468	0.00152	0.00598	0.00420	0.01861	0.00589
10	0.00593	0.00484	0.00531	0.00557	0.00698	0.00421	0.00432	0.00726	0.01064	0.01292	0.04226	0.10612	0.61342	0.01234	0.00577	0.00171	0.00274	0.13927	0.00437	0.00403
