[name]
unknown

[dist]
# distance from previous block
# <min> <max>
13	432

[block]
# block no. 0 follows, 58 sequences, length 20
# corresponding to MSA columns:
# 897-916
name=unknown_A
#
# <colnr> <probs for GDERKNQSTAVLIFYWHMCP>
#	G	D	E	R	K	N	Q	S	T	A	V	L	I	F	Y	W	H	M	C	P
0	0.06287	0.04867	0.09876	0.03862	0.01186	0.04644	0.03459	0.08627	0.07858	0.13809	0.14297	0.06426	0.04611	0.00656	0.00465	0.01603	0.00411	0.00529	0.05955	0.00570
1	0.02567	0.05959	0.06571	0.10176	0.04208	0.04576	0.12347	0.18840	0.04774	0.08793	0.03790	0.01515	0.06467	0.01731	0.00474	0.00141	0.00508	0.01442	0.03299	0.01822
2	0.11762	0.04716	0.06192	0.12267	0.03098	0.06327	0.09551	0.16050	0.04781	0.10290	0.01047	0.02553	0.00797	0.00653	0.05161	0.00171	0.00558	0.00407	0.03017	0.00602
3	0.11819	0.09674	0.18623	0.03330	0.10061	0.16066	0.01018	0.10029	0.03575	0.05549	0.00856	0.00973	0.00659	0.00503	0.01726	0.00140	0.02836	0.00334	0.00268	0.01961
4	0.00811	0.00421	0.00432	0.00430	0.00536	0.00419	0.00323	0.01015	0.00947	0.01640	0.04280	0.01824	0.04198	0.00624	0.02279	0.00122	0.00233	0.00451	0.78600	0.00415
5	0.01031	0.02755	0.11249	0.03650	0.03875	0.05854	0.18189	0.07396	0.16418	0.01548	0.04940	0.03517	0.07751	0.02039	0.00549	0.00154	0.03640	0.04537	0.00321	0.00585
6	0.00545	0.00456	0.00475	0.00475	0.00621	0.00386	0.00360	0.00670	0.01042	0.01266	0.11370	0.04243	0.71722	0.01117	0.00532	0.00152	0.00231	0.03533	0.00422	0.00383
7	0.00928	0.00795	0.00928	0.00663	0.01060	0.00596	0.00530	0.01126	0.00928	0.01458	0.00795	0.00928	0.00663	0.00331	0.00331	0.00066	0.00331	0.00265	0.00265	0.87014
8	0.00856	0.00752	0.04508	0.03425	0.18526	0.00670	0.03395	0.03266	0.02385	0.05012	0.13028	0.25976	0.07410	0.01964	0.00518	0.00151	0.00374	0.00749	0.00357	0.06679
9	0.00596	0.00471	0.00539	0.00523	0.00654	0.00423	0.00391	0.00793	0.03979	0.01489	0.38267	0.05958	0.42254	0.01025	0.00527	0.00147	0.00225	0.00878	0.00451	0.00409
10	0.00551	0.00422	0.00507	0.00563	0.00644	0.00378	0.00399	0.00656	0.00951	0.01216	0.08312	0.45868	0.32371	0.01263	0.00554	0.00169	0.00250	0.04130	0.00420	0.00374
11	0.00915	0.00931	0.01772	0.56268	0.02835	0.01039	0.27285	0.01239	0.00948	0.01239	0.00831	0.01197	0.00624	0.00424	0.00474	0.00150	0.00649	0.00441	0.00208	0.00532
12	0.75882	0.01036	0.00740	0.00664	0.00935	0.11983	0.00536	0.01378	0.00830	0.01884	0.00632	0.00737	0.00497	0.00421	0.00294	0.00135	0.00408	0.00248	0.00271	0.00489
13	0.01521	0.01070	0.01252	0.01026	0.03294	0.01154	0.04023	0.42740	0.18938	0.13943	0.02934	0.03770	0.01071	0.00578	0.00458	0.00141	0.00445	0.00471	0.00450	0.00723
14	0.00777	0.00389	0.00583	0.00583	0.00583	0.00389	0.00389	0.00583	0.00583	0.00777	0.00777	0.01360	0.00777	0.01554	0.01748	0.86985	0.00389	0.00389	0.00194	0.00194
15	0.00682	0.00462	0.00532	0.00522	0.00539	0.00473	0.00311	0.03108	0.00700	0.00940	0.01383	0.02782	0.01561	0.75608	0.08257	0.00446	0.00493	0.00630	0.00274	0.00296
16	0.01716	0.01228	0.01327	0.01017	0.01375	0.01350	0.00840	0.76022	0.02061	0.06854	0.01109	0.01097	0.00778	0.00538	0.00448	0.00134	0.00487	0.00405	0.00453	0.00761
17	0.00765	0.00428	0.00642	0.06857	0.00779	0.00448	0.00456	0.00643	0.00620	0.00827	0.00848	0.01479	0.00843	0.07241	0.06719	0.69096	0.00458	0.00413	0.00203	0.00235
18	0.00897	0.02314	0.81962	0.01275	0.01936	0.01039	0.01653	0.01417	0.00944	0.01417	0.00803	0.00944	0.00567	0.00425	0.00425	0.00142	0.00661	0.00331	0.00189	0.00661
19	0.04371	0.01660	0.01229	0.01145	0.05202	0.51372	0.03716	0.04834	0.11455	0.01373	0.06988	0.01185	0.00987	0.02020	0.00457	0.00131	0.00653	0.00379	0.00290	0.00552

[dist]
# distance from previous block
# <min> <max>
1	2

[block]
# block no. 1 follows, 58 sequences, length 13
# corresponding to MSA columns:
# 919-931
name=unknown_B
#
# <colnr> <probs for GDERKNQSTAVLIFYWHMCP>
#	G	D	E	R	K	N	Q	S	T	A	V	L	I	F	Y	W	H	M	C	P
0	0.01282	0.07664	0.01488	0.01127	0.03811	0.28947	0.13811	0.06756	0.01146	0.01391	0.00785	0.00932	0.00637	0.00403	0.00396	0.00106	0.00592	0.00328	0.00252	0.28147
1	0.01073	0.00964	0.00987	0.00930	0.03749	0.05893	0.00695	0.02082	0.62166	0.01767	0.08472	0.01888	0.06082	0.00647	0.00462	0.00148	0.00368	0.00539	0.00435	0.00654
2	0.00817	0.00728	0.02664	0.05431	0.01258	0.00712	0.17019	0.01089	0.07168	0.04760	0.04165	0.31234	0.10156	0.00934	0.00589	0.00166	0.05394	0.04874	0.00358	0.00483
3	0.01091	0.00958	0.00988	0.00893	0.01132	0.03850	0.00692	0.02224	0.71125	0.01818	0.06530	0.01742	0.01503	0.00691	0.02578	0.00164	0.00383	0.00516	0.00444	0.00676
4	0.00861	0.08667	0.46801	0.01014	0.01464	0.00942	0.01172	0.01299	0.06163	0.01471	0.17434	0.04390	0.03889	0.00594	0.00462	0.00141	0.01885	0.00483	0.00283	0.00586
5	0.00546	0.00439	0.00481	0.00510	0.00621	0.00382	0.00369	0.00649	0.00961	0.01180	0.03786	0.23556	0.55172	0.05527	0.00633	0.00175	0.00252	0.03982	0.00408	0.00370
6	0.01413	0.40384	0.01751	0.00957	0.01259	0.39595	0.00808	0.01617	0.06323	0.01126	0.00733	0.00822	0.00627	0.00434	0.00353	0.00109	0.00624	0.00280	0.00227	0.00557
7	0.01649	0.08960	0.08713	0.00851	0.01204	0.00864	0.00769	0.07693	0.01243	0.50454	0.06517	0.01438	0.01148	0.00550	0.00472	0.00135	0.03512	0.00431	0.00452	0.02946
8	0.01180	0.16353	0.07588	0.09512	0.08779	0.11801	0.00924	0.09359	0.14887	0.02476	0.01144	0.01251	0.04678	0.00558	0.00511	0.03239	0.04483	0.00395	0.00287	0.00595
9	0.01307	0.07878	0.06944	0.03834	0.02635	0.01207	0.03015	0.36589	0.18574	0.02117	0.05409	0.01528	0.01142	0.00584	0.00451	0.00141	0.00465	0.05114	0.00393	0.00675
10	0.00688	0.00498	0.00685	0.00770	0.00869	0.00495	0.00654	0.00877	0.01007	0.01317	0.05688	0.09883	0.07562	0.01364	0.05905	0.00231	0.00433	0.60263	0.00405	0.00406
11	0.01312	0.04622	0.06444	0.05253	0.01391	0.04028	0.00851	0.30583	0.34824	0.02089	0.03074	0.01347	0.01055	0.00554	0.00443	0.00141	0.00455	0.00439	0.00404	0.00695
12	0.15671	0.14887	0.03690	0.19745	0.08131	0.18751	0.03325	0.06198	0.01040	0.01405	0.00734	0.00927	0.00590	0.00442	0.00412	0.00130	0.02810	0.00324	0.00235	0.00553

[dist]
# distance from previous block
# <min> <max>
9	17

[block]
# block no. 2 follows, 58 sequences, length 10
# corresponding to MSA columns:
# 951-960
name=unknown_C
#
# <colnr> <probs for GDERKNQSTAVLIFYWHMCP>
#	G	D	E	R	K	N	Q	S	T	A	V	L	I	F	Y	W	H	M	C	P
0	0.03150	0.03341	0.06734	0.03362	0.06573	0.15965	0.04873	0.01131	0.00903	0.01169	0.04673	0.04846	0.01127	0.13244	0.19828	0.00317	0.07564	0.00480	0.00250	0.00470
1	0.28685	0.05596	0.01214	0.08947	0.07029	0.04722	0.02685	0.03825	0.00866	0.03758	0.00741	0.02129	0.00631	0.00612	0.02542	0.00166	0.24726	0.00352	0.00248	0.00526
2	0.01069	0.14166	0.01135	0.00778	0.01007	0.05413	0.02891	0.14429	0.06432	0.06306	0.28466	0.07904	0.06734	0.00732	0.00463	0.00135	0.00373	0.00613	0.00406	0.00545
3	0.01451	0.12673	0.14285	0.01123	0.01430	0.54929	0.00983	0.01633	0.01140	0.01140	0.00695	0.00826	0.00575	0.00462	0.00447	0.00121	0.05028	0.00294	0.00217	0.00547
4	0.00669	0.00514	0.00739	0.00723	0.00785	0.00608	0.00552	0.00800	0.00706	0.01017	0.01178	0.01863	0.01148	0.14868	0.64186	0.00634	0.07884	0.00497	0.00241	0.00388
5	0.01144	0.00970	0.01109	0.00954	0.01217	0.01093	0.05085	0.12029	0.60103	0.01940	0.05290	0.04351	0.01432	0.00625	0.00465	0.00150	0.00384	0.00533	0.00442	0.00685
6	0.00634	0.00442	0.00531	0.00567	0.00603	0.00431	0.00381	0.00693	0.00785	0.01028	0.02034	0.17709	0.08942	0.47958	0.01535	0.00325	0.00381	0.14367	0.00334	0.00321
7	0.00595	0.00450	0.00549	0.00536	0.00648	0.00404	0.00398	0.00767	0.01160	0.01569	0.52349	0.10556	0.26345	0.01019	0.00532	0.00147	0.00220	0.00888	0.00464	0.00404
8	0.00636	0.00427	0.00492	0.00507	0.00510	0.00424	0.00291	0.00647	0.00679	0.00906	0.01557	0.14226	0.01812	0.72727	0.02039	0.00399	0.00409	0.00737	0.00291	0.00284
9	0.02955	0.01092	0.03992	0.10824	0.47660	0.01099	0.14248	0.05104	0.01036	0.01476	0.00837	0.01111	0.00678	0.00431	0.00514	0.00142	0.05505	0.00414	0.00229	0.00652

[dist]
# distance from previous block
# <min> <max>
1	8

[block]
# block no. 3 follows, 58 sequences, length 22
# corresponding to MSA columns:
# 969-990
name=unknown_D
#
# <colnr> <probs for GDERKNQSTAVLIFYWHMCP>
#	G	D	E	R	K	N	Q	S	T	A	V	L	I	F	Y	W	H	M	C	P
0	0.07789	0.21408	0.15866	0.05410	0.07193	0.07732	0.00960	0.09691	0.08689	0.05215	0.02628	0.01119	0.02273	0.00517	0.01591	0.00137	0.00523	0.00360	0.00283	0.00615
1	0.09202	0.14607	0.05446	0.01097	0.07831	0.22471	0.02002	0.17066	0.06031	0.01659	0.06203	0.01158	0.02381	0.00502	0.00402	0.00126	0.00543	0.00373	0.00303	0.00599
2	0.00834	0.00417	0.00417	0.00417	0.00521	0.00417	0.00313	0.01042	0.00938	0.01668	0.01459	0.01668	0.01147	0.00521	0.00313	0.00104	0.00208	0.00417	0.86763	0.00417
3	0.00640	0.00474	0.00691	0.00691	0.00761	0.00544	0.00524	0.00781	0.00711	0.01018	0.01224	0.01900	0.01180	0.13231	0.72716	0.00684	0.01105	0.00500	0.00243	0.00384
4	0.01019	0.00983	0.01179	0.02403	0.01154	0.07483	0.00847	0.05856	0.10065	0.01282	0.01097	0.01424	0.05182	0.01039	0.10305	0.00237	0.45281	0.02384	0.00265	0.00515
5	0.00834	0.00417	0.00417	0.00417	0.00521	0.00417	0.00313	0.01042	0.00938	0.01668	0.01459	0.01668	0.01147	0.00521	0.00313	0.00104	0.00208	0.00417	0.86763	0.00417
6	0.00658	0.00480	0.00614	0.00587	0.00701	0.00449	0.00449	0.02886	0.01245	0.01733	0.66493	0.05370	0.09222	0.00954	0.00533	0.00147	0.00235	0.06340	0.00478	0.00426
7	0.01099	0.01072	0.01745	0.09442	0.69899	0.03657	0.01334	0.01358	0.01006	0.01411	0.00825	0.01101	0.00691	0.00416	0.00473	0.00136	0.03045	0.00395	0.00219	0.00678
8	0.00855	0.00552	0.00661	0.00654	0.00776	0.00543	0.00468	0.01142	0.14512	0.12310	0.02384	0.36802	0.12564	0.12710	0.00768	0.00202	0.00312	0.00898	0.00421	0.00466
9	0.00592	0.00454	0.00547	0.00609	0.03190	0.00418	0.00407	0.00689	0.00910	0.01167	0.07344	0.26404	0.31718	0.17324	0.02489	0.00227	0.00312	0.04448	0.00382	0.00368
10	0.00693	0.00522	0.00636	0.00578	0.00732	0.00471	0.00438	0.00936	0.05172	0.03038	0.52962	0.04919	0.16265	0.00877	0.00503	0.00136	0.00238	0.00762	0.00453	0.09668
11	0.00845	0.00795	0.01342	0.83204	0.03081	0.00994	0.01242	0.01143	0.00894	0.01143	0.00795	0.01193	0.00596	0.00447	0.00447	0.00149	0.00596	0.00398	0.00199	0.00497
12	0.01113	0.00961	0.01011	0.00910	0.01163	0.01113	0.00708	0.02377	0.80681	0.01871	0.01821	0.01669	0.01365	0.00607	0.00455	0.00152	0.00354	0.00506	0.00455	0.00708
13	0.00657	0.00523	0.00604	0.00603	0.00696	0.04529	0.00439	0.00823	0.01145	0.01556	0.52444	0.24902	0.07332	0.01033	0.00533	0.00151	0.00255	0.00913	0.00455	0.00409
14	0.01671	0.02132	0.01268	0.01152	0.01383	0.82483	0.00864	0.01786	0.01268	0.01095	0.00691	0.00807	0.00576	0.00461	0.00403	0.00115	0.00807	0.00288	0.00230	0.00519
15	0.00612	0.00456	0.00568	0.00540	0.00655	0.00413	0.00405	0.00803	0.01216	0.01674	0.65574	0.03538	0.19974	0.00959	0.00528	0.00143	0.00214	0.00837	0.00477	0.00413
16	0.00587	0.00411	0.00519	0.00585	0.00611	0.00393	0.00383	0.00650	0.00814	0.01083	0.04140	0.52076	0.04086	0.26880	0.01096	0.00259	0.00318	0.04397	0.00373	0.00339
17	0.00927	0.09337	0.73001	0.01248	0.01879	0.01104	0.03679	0.01410	0.00944	0.01386	0.00790	0.00932	0.00570	0.00420	0.00416	0.00138	0.00648	0.00328	0.00190	0.00652
18	0.01107	0.01058	0.01776	0.02655	0.77531	0.01065	0.01340	0.01422	0.04943	0.01482	0.00890	0.01135	0.00741	0.00409	0.00443	0.00134	0.00523	0.00404	0.00233	0.00709
19	0.00596	0.00452	0.00563	0.00601	0.00679	0.00434	0.00441	0.00710	0.00923	0.01204	0.09652	0.29135	0.24236	0.09559	0.07499	0.00242	0.02064	0.10247	0.00388	0.00375
20	0.00904	0.02268	0.78693	0.01300	0.01953	0.01043	0.04875	0.01417	0.00949	0.01417	0.00807	0.00955	0.00571	0.00423	0.00429	0.00142	0.00665	0.00339	0.00190	0.00659
21	0.15018	0.00942	0.00989	0.00843	0.01110	0.01046	0.00675	0.24154	0.29173	0.06110	0.09761	0.03220	0.01407	0.00621	0.00439	0.00145	0.00379	0.02895	0.00431	0.00644

[dist]
# distance from previous block
# <min> <max>
0	1

[block]
# block no. 4 follows, 58 sequences, length 8
# corresponding to MSA columns:
# 992-999
name=unknown_E
#
# <colnr> <probs for GDERKNQSTAVLIFYWHMCP>
#	G	D	E	R	K	N	Q	S	T	A	V	L	I	F	Y	W	H	M	C	P
0	0.10025	0.00930	0.00986	0.00765	0.01099	0.03942	0.00615	0.19042	0.04198	0.05221	0.06806	0.01183	0.00978	0.00520	0.02193	0.00117	0.00401	0.00356	0.00341	0.40282
1	0.00834	0.00417	0.00417	0.00417	0.00521	0.00417	0.00313	0.01042	0.00938	0.01668	0.01459	0.01668	0.01147	0.00521	0.00313	0.00104	0.00208	0.00417	0.86763	0.00417
2	0.03207	0.00570	0.00704	0.00640	0.00776	0.02453	0.03606	0.04195	0.01190	0.01647	0.51053	0.04966	0.13504	0.06296	0.00631	0.00163	0.00286	0.03240	0.00439	0.00430
3	0.05690	0.05205	0.01190	0.00990	0.01257	0.34278	0.00773	0.09135	0.28491	0.06784	0.01176	0.01165	0.00893	0.00518	0.00417	0.00131	0.00558	0.00379	0.00349	0.00622
4	0.00606	0.00446	0.00560	0.00609	0.00683	0.00418	0.00433	0.03497	0.01003	0.01332	0.16359	0.51857	0.14903	0.01239	0.00555	0.00169	0.00261	0.04247	0.00430	0.00392
5	0.08370	0.04040	0.06265	0.04149	0.07515	0.05223	0.04533	0.01301	0.00970	0.06892	0.00911	0.01036	0.02124	0.00395	0.00369	0.00100	0.00432	0.00321	0.00271	0.44784
6	0.04063	0.09987	0.09749	0.05975	0.03322	0.06005	0.02344	0.07245	0.04278	0.07329	0.03218	0.01119	0.00816	0.02253	0.00496	0.00123	0.05836	0.00352	0.00286	0.25203
7	0.36178	0.09643	0.01083	0.00826	0.01060	0.16614	0.00676	0.04485	0.02987	0.04274	0.00769	0.00925	0.00633	0.00734	0.07626	0.00187	0.10204	0.00309	0.00267	0.00519

[dist]
# distance from previous block
# <min> <max>
3	6

[block]
# block no. 5 follows, 58 sequences, length 6
# corresponding to MSA columns:
# 1006-1011
name=unknown_F
#
# <colnr> <probs for GDERKNQSTAVLIFYWHMCP>
#	G	D	E	R	K	N	Q	S	T	A	V	L	I	F	Y	W	H	M	C	P
0	0.00627	0.00469	0.00577	0.00549	0.00664	0.00421	0.00402	0.00793	0.01121	0.01546	0.50550	0.10101	0.16693	0.07662	0.00661	0.00165	0.00243	0.00826	0.00442	0.05489
1	0.09946	0.24566	0.37908	0.01047	0.01541	0.04464	0.05188	0.01420	0.00947	0.04616	0.00774	0.00890	0.00592	0.00413	0.00374	0.00125	0.00565	0.00307	0.00220	0.04098
2	0.01238	0.01393	0.04103	0.23397	0.09226	0.32328	0.00993	0.06388	0.05638	0.01294	0.00881	0.01139	0.00719	0.03244	0.05983	0.00180	0.00688	0.00373	0.00248	0.00546
3	0.00711	0.00479	0.00598	0.00555	0.00689	0.00429	0.00421	0.00897	0.01212	0.07526	0.58379	0.03422	0.21124	0.00937	0.00522	0.00143	0.00227	0.00813	0.00480	0.00437
4	0.00834	0.00417	0.00417	0.00417	0.00521	0.00417	0.00313	0.01042	0.00938	0.01668	0.01459	0.01668	0.01147	0.00521	0.00313	0.00104	0.00208	0.00417	0.86763	0.00417
5	0.01120	0.01054	0.04326	0.27559	0.23565	0.01087	0.13284	0.12481	0.05744	0.03979	0.00952	0.01184	0.00721	0.00448	0.00458	0.00142	0.00570	0.00424	0.00269	0.00633

[dist]
# distance from previous block
# <min> <max>
4	7

[block]
# block no. 6 follows, 58 sequences, length 29
# corresponding to MSA columns:
# 1020-1048
name=unknown_G
#
# <colnr> <probs for GDERKNQSTAVLIFYWHMCP>
#	G	D	E	R	K	N	Q	S	T	A	V	L	I	F	Y	W	H	M	C	P
0	0.02361	0.01187	0.02362	0.01720	0.02113	0.03716	0.65034	0.02736	0.01035	0.01415	0.00877	0.01177	0.00678	0.00496	0.02820	0.00167	0.07424	0.00497	0.00229	0.01954
1	0.00569	0.00416	0.00549	0.03242	0.00717	0.00402	0.00431	0.00654	0.00841	0.01114	0.02378	0.63432	0.07972	0.09408	0.05440	0.00234	0.00339	0.01116	0.00384	0.00362
2	0.00579	0.00500	0.00499	0.00490	0.00639	0.01903	0.00367	0.00735	0.03582	0.01270	0.10691	0.04050	0.69338	0.02689	0.00558	0.00155	0.00244	0.00901	0.00417	0.00392
3	0.01113	0.00961	0.01011	0.00910	0.01163	0.01113	0.00708	0.02377	0.80681	0.01871	0.01821	0.01669	0.01365	0.00607	0.00455	0.00152	0.00354	0.00506	0.00455	0.00708
4	0.00552	0.00394	0.00525	0.00622	0.00649	0.00373	0.00416	0.00630	0.00844	0.01129	0.02383	0.78194	0.02845	0.04298	0.03649	0.00210	0.00300	0.01221	0.00404	0.00362
5	0.00651	0.00434	0.00488	0.00488	0.00488	0.00434	0.00271	0.00651	0.00651	0.00867	0.01409	0.02927	0.01626	0.84279	0.02277	0.00434	0.00434	0.00651	0.00271	0.00271
6	0.01551	0.01419	0.03836	0.01041	0.01344	0.22683	0.02495	0.44980	0.01676	0.04665	0.01117	0.09038	0.00928	0.00594	0.00449	0.00135	0.00560	0.00458	0.00378	0.00652
7	0.00944	0.11872	0.68113	0.01298	0.06337	0.01126	0.01533	0.01405	0.00944	0.01377	0.00784	0.00927	0.00576	0.00419	0.00410	0.00136	0.00632	0.00324	0.00191	0.00654
8	0.01583	0.01978	0.01307	0.01246	0.05973	0.71293	0.00903	0.01706	0.01207	0.01114	0.00692	0.00838	0.00585	0.00483	0.00491	0.00123	0.07422	0.00303	0.00227	0.00527
9	0.00727	0.00554	0.00758	0.00718	0.00810	0.00626	0.00547	0.04560	0.00782	0.01119	0.01171	0.01834	0.01132	0.16650	0.55852	0.00577	0.05719	0.00488	0.00254	0.05125
10	0.00820	0.00546	0.00739	0.05399	0.02158	0.00534	0.00533	0.01022	0.01201	0.10829	0.58030	0.02918	0.07858	0.00845	0.00557	0.00144	0.04212	0.00726	0.00460	0.00470
11	0.00972	0.00821	0.00951	0.00684	0.01079	0.00642	0.00548	0.05662	0.00995	0.01536	0.00811	0.00936	0.00668	0.00343	0.00338	0.00070	0.00341	0.00273	0.00276	0.82053
12	0.00613	0.00454	0.00573	0.00558	0.00665	0.00414	0.00418	0.00798	0.01189	0.01637	0.60503	0.09277	0.16648	0.00995	0.00534	0.00147	0.00224	0.03471	0.00472	0.00410
13	0.01593	0.01959	0.01219	0.01108	0.01331	0.72078	0.00832	0.06121	0.01286	0.01196	0.00839	0.06723	0.00756	0.00532	0.00418	0.00121	0.00750	0.00364	0.00256	0.00521
14	0.00834	0.00417	0.00417	0.00417	0.00521	0.00417	0.00313	0.01042	0.00938	0.01668	0.01459	0.01668	0.01147	0.00521	0.00313	0.00104	0.00208	0.00417	0.86763	0.00417
15	0.00845	0.00795	0.01342	0.83204	0.03081	0.00994	0.01242	0.01143	0.00894	0.01143	0.00795	0.01193	0.00596	0.00447	0.00447	0.00149	0.00596	0.00398	0.00199	0.00497
16	0.01700	0.01253	0.01342	0.01029	0.01387	0.01387	0.00850	0.79997	0.02103	0.02819	0.01074	0.01074	0.00761	0.00537	0.00447	0.00134	0.00492	0.00403	0.00447	0.00761
17	0.01700	0.01253	0.01342	0.01029	0.01387	0.01387	0.00850	0.79997	0.02103	0.02819	0.01074	0.01074	0.00761	0.00537	0.00447	0.00134	0.00492	0.00403	0.00447	0.00761
18	0.00557	0.00396	0.00520	0.00610	0.00637	0.00371	0.00404	0.00634	0.00856	0.01146	0.05515	0.74275	0.02902	0.08031	0.00706	0.00200	0.00272	0.01203	0.00407	0.00358
19	0.00897	0.02314	0.81962	0.01275	0.01936	0.01039	0.01653	0.01417	0.00944	0.01417	0.00803	0.00944	0.00567	0.00425	0.00425	0.00142	0.00661	0.00331	0.00189	0.00661
20	0.87439	0.00865	0.00657	0.00588	0.00865	0.01003	0.00484	0.01315	0.00761	0.02007	0.00623	0.00727	0.00484	0.00415	0.00277	0.00138	0.00346	0.00242	0.00277	0.00484
21	0.00626	0.00452	0.00592	0.00568	0.00667	0.00417	0.00422	0.00826	0.01233	0.01742	0.74932	0.09812	0.04119	0.00954	0.00531	0.00144	0.00215	0.00846	0.00486	0.00417
22	0.00761	0.00398	0.00590	0.00590	0.00596	0.00404	0.00398	0.00603	0.00596	0.00802	0.00836	0.01454	0.00838	0.04990	0.08249	0.76620	0.00455	0.00406	0.00201	0.00214
23	0.01143	0.01303	0.02099	0.01659	0.06131	0.14578	0.45850	0.01412	0.01010	0.01303	0.00799	0.01087	0.00644	0.00479	0.00704	0.00154	0.18405	0.00452	0.00220	0.00571
24	0.00651	0.00434	0.00488	0.00488	0.00488	0.00434	0.00271	0.00651	0.00651	0.00867	0.01409	0.02927	0.01626	0.84279	0.02277	0.00434	0.00434	0.00651	0.00271	0.00271
25	0.10177	0.00831	0.01019	0.00806	0.01135	0.00800	0.00660	0.07449	0.11487	0.58364	0.01614	0.01433	0.01056	0.00546	0.00434	0.00140	0.00381	0.00434	0.00507	0.00727
26	0.00639	0.00479	0.00719	0.00719	0.00799	0.00559	0.00559	0.00799	0.00719	0.01038	0.01198	0.01757	0.01118	0.03355	0.82507	0.00719	0.01198	0.00479	0.00240	0.00399
27	0.01056	0.01207	0.02640	0.01885	0.02338	0.01131	0.79864	0.01433	0.01056	0.01433	0.00905	0.01207	0.00679	0.00377	0.00528	0.00151	0.00754	0.00528	0.00226	0.00603
28	0.01680	0.02095	0.01261	0.01143	0.01376	0.80266	0.00859	0.01797	0.01268	0.03282	0.00721	0.00826	0.00591	0.00463	0.00405	0.00116	0.00795	0.00292	0.00239	0.00525

[dist]
# distance from previous block
# <min> <max>
0	5

[block]
# block no. 7 follows, 58 sequences, length 23
# corresponding to MSA columns:
# 1054-1058,1105-1107,1110-1124
name=unknown_H
#
# <colnr> <probs for GDERKNQSTAVLIFYWHMCP>
#	G	D	E	R	K	N	Q	S	T	A	V	L	I	F	Y	W	H	M	C	P
0	0.00824	0.00751	0.01221	0.65896	0.04147	0.00907	0.01097	0.01136	0.03335	0.01276	0.13779	0.01551	0.01205	0.00526	0.00460	0.00147	0.00526	0.00467	0.00254	0.00495
1	0.00650	0.00435	0.00496	0.00496	0.00499	0.00438	0.00281	0.00656	0.00653	0.00873	0.01402	0.02887	0.01609	0.81495	0.05037	0.00443	0.00460	0.00645	0.00270	0.00275
2	0.00901	0.00847	0.01406	0.65997	0.16139	0.01011	0.01240	0.01237	0.04520	0.01229	0.00849	0.01200	0.00650	0.00446	0.00447	0.00146	0.00574	0.00403	0.00214	0.00542
3	0.00651	0.00434	0.00488	0.00488	0.00488	0.00434	0.00271	0.00651	0.00651	0.00867	0.01409	0.02927	0.01626	0.84279	0.02277	0.00434	0.00434	0.00651	0.00271	0.00271
4	0.01240	0.00919	0.01036	0.05882	0.01276	0.01032	0.00732	0.02270	0.63060	0.14694	0.01749	0.01616	0.01277	0.00589	0.00454	0.00149	0.00373	0.00490	0.00455	0.00704
5	0.87439	0.00865	0.00657	0.00588	0.00865	0.01003	0.00484	0.01315	0.00761	0.02007	0.00623	0.00727	0.00484	0.00415	0.00277	0.00138	0.00346	0.00242	0.00277	0.00484
6	0.00820	0.01766	0.57807	0.01089	0.01580	0.00878	0.01309	0.01239	0.00952	0.01407	0.11817	0.01402	0.01153	0.00963	0.13653	0.00234	0.00686	0.00420	0.00238	0.00586
7	0.00834	0.00417	0.00417	0.00417	0.00521	0.00417	0.00313	0.01042	0.00938	0.01668	0.01459	0.01668	0.01147	0.00521	0.00313	0.00104	0.00208	0.00417	0.86763	0.00417
8	0.01445	0.16076	0.03443	0.09132	0.02635	0.45483	0.02695	0.07905	0.04808	0.01286	0.00781	0.00906	0.00632	0.00455	0.00397	0.00120	0.00675	0.00317	0.00247	0.00562
9	0.01203	0.01330	0.01600	0.02855	0.07909	0.22359	0.14806	0.03854	0.00977	0.01231	0.00709	0.00991	0.00616	0.00584	0.00894	0.00159	0.36769	0.00390	0.00220	0.00543
10	0.00938	0.00816	0.01006	0.00781	0.04583	0.00629	0.02395	0.01144	0.00934	0.01457	0.00800	0.00942	0.00665	0.00335	0.00341	0.00071	0.00350	0.00277	0.00262	0.81274
11	0.03506	0.62555	0.19506	0.00870	0.01303	0.01564	0.00945	0.01343	0.00908	0.01157	0.00674	0.00790	0.00582	0.00459	0.02141	0.00121	0.00530	0.00264	0.00194	0.00587
12	0.01943	0.00900	0.01097	0.00849	0.01192	0.04329	0.00697	0.14691	0.01412	0.65578	0.01607	0.01419	0.01028	0.00547	0.00447	0.00137	0.00417	0.00435	0.00523	0.00751
13	0.00898	0.00909	0.01773	0.14503	0.06712	0.00914	0.37968	0.01193	0.01015	0.01391	0.13889	0.04062	0.01349	0.00818	0.08903	0.00208	0.02130	0.00559	0.00271	0.00534
14	0.00532	0.00453	0.00458	0.00457	0.00606	0.00379	0.00343	0.00649	0.01028	0.01227	0.07031	0.04274	0.78796	0.01126	0.00529	0.00151	0.00226	0.00940	0.00418	0.00379
15	0.01090	0.01016	0.01704	0.33044	0.22155	0.01108	0.15950	0.13948	0.01146	0.01545	0.00868	0.01151	0.00666	0.00443	0.00482	0.00144	0.02257	0.00423	0.00250	0.00612
16	0.01750	0.01174	0.01293	0.00992	0.01348	0.01270	0.00819	0.67470	0.01971	0.15534	0.01185	0.01146	0.00817	0.00540	0.00448	0.00135	0.00474	0.00410	0.00465	0.00761
17	0.00834	0.00417	0.00417	0.00417	0.00521	0.00417	0.00313	0.01042	0.00938	0.01668	0.01459	0.01668	0.01147	0.00521	0.00313	0.00104	0.00208	0.00417	0.86763	0.00417
18	0.01035	0.01140	0.02364	0.01689	0.02132	0.01045	0.67092	0.01384	0.01035	0.01437	0.00887	0.01162	0.00676	0.00370	0.00496	0.00137	0.00686	0.00486	0.00232	0.14514
19	0.01242	0.01011	0.04811	0.00991	0.01294	0.01038	0.07448	0.02222	0.57550	0.14681	0.01688	0.01573	0.01230	0.00571	0.00459	0.00149	0.00406	0.00491	0.00440	0.00706
20	0.01794	0.00759	0.01008	0.00768	0.01116	0.00641	0.00630	0.01972	0.01222	0.66523	0.03704	0.01473	0.01117	0.00527	0.00432	0.00127	0.00368	0.00429	0.00505	0.14884
21	0.73542	0.00881	0.00714	0.00640	0.00913	0.01021	0.00520	0.01486	0.13627	0.01985	0.00816	0.00878	0.00626	0.00446	0.00306	0.00141	0.00347	0.00285	0.00306	0.00520
22	0.01363	0.01312	0.01138	0.00994	0.01260	0.21752	0.00774	0.16663	0.45974	0.01851	0.01396	0.01340	0.01053	0.00557	0.00441	0.00139	0.00494	0.00432	0.00397	0.00670

[dist]
# distance from previous block
# <min> <max>
0	2

[block]
# block no. 8 follows, 58 sequences, length 326
# corresponding to MSA columns:
# 1132-1145,1177-1179,1191-1199,1212-1283,1288-1495,1500-1519
name=unknown_I
#
# <colnr> <probs for GDERKNQSTAVLIFYWHMCP>
#	G	D	E	R	K	N	Q	S	T	A	V	L	I	F	Y	W	H	M	C	P
0	0.01138	0.01330	0.02457	0.01788	0.02210	0.11982	0.69327	0.01480	0.01084	0.01388	0.00876	0.01153	0.00665	0.00388	0.00511	0.00146	0.00761	0.00496	0.00227	0.00592
1	0.00651	0.00434	0.00488	0.00488	0.00488	0.00434	0.00271	0.00651	0.00651	0.00867	0.01409	0.02927	0.01626	0.84279	0.02277	0.00434	0.00434	0.00651	0.00271	0.00271
2	0.00550	0.00391	0.00518	0.00616	0.00641	0.00367	0.00408	0.00624	0.00846	0.01128	0.02413	0.79962	0.02892	0.05518	0.00656	0.00194	0.00268	0.01241	0.00408	0.00359
3	0.00563	0.00483	0.00487	0.00480	0.00627	0.01841	0.00360	0.00689	0.01057	0.01284	0.14697	0.04114	0.69592	0.01092	0.00526	0.00149	0.00235	0.00914	0.00422	0.00386
4	0.01119	0.00971	0.01238	0.01013	0.01316	0.01033	0.11932	0.05392	0.51795	0.03918	0.01531	0.02936	0.01169	0.00547	0.00451	0.00140	0.00413	0.00484	0.00399	0.12203
5	0.01533	0.01912	0.01194	0.01095	0.01305	0.71556	0.00824	0.01655	0.01194	0.01087	0.00759	0.00933	0.00649	0.00847	0.11355	0.00196	0.00859	0.00314	0.00232	0.00503
6	0.01055	0.01240	0.06320	0.01971	0.12876	0.01118	0.65658	0.01424	0.01046	0.01436	0.00892	0.01181	0.00677	0.00382	0.00512	0.00148	0.00720	0.00501	0.00224	0.00620
7	0.01107	0.01063	0.01816	0.02746	0.81489	0.01063	0.01373	0.01373	0.01019	0.01461	0.00841	0.01107	0.00709	0.00399	0.00443	0.00133	0.00531	0.00399	0.00221	0.00709
8	0.00634	0.00436	0.00483	0.00483	0.00503	0.00426	0.00280	0.00649	0.00700	0.00913	0.01826	0.03111	0.12255	0.73189	0.02044	0.00396	0.00406	0.00690	0.00290	0.00285
9	0.01662	0.02113	0.01263	0.01148	0.01379	0.81134	0.00862	0.01796	0.02585	0.01108	0.00710	0.00821	0.00589	0.00463	0.00404	0.00116	0.00799	0.00292	0.00234	0.00522
10	0.00533	0.00453	0.00459	0.00458	0.00607	0.00379	0.00343	0.00650	0.01029	0.01232	0.07585	0.04267	0.78239	0.01124	0.00529	0.00151	0.00226	0.00939	0.00418	0.00379
11	0.01122	0.00980	0.01016	0.00914	0.01167	0.02462	0.00711	0.02367	0.79363	0.01858	0.01802	0.01655	0.01352	0.00604	0.00454	0.00151	0.00362	0.00502	0.00451	0.00705
12	0.00639	0.00479	0.00719	0.00719	0.00799	0.00559	0.00559	0.00799	0.00719	0.01038	0.01198	0.01757	0.01118	0.03355	0.82507	0.00719	0.01198	0.00479	0.00240	0.00399
13	0.01058	0.01034	0.01826	0.16060	0.59828	0.01059	0.09875	0.01341	0.01002	0.01405	0.00841	0.01132	0.00687	0.00404	0.00453	0.00138	0.00566	0.00412	0.00218	0.00662
14	0.01089	0.01127	0.05333	0.10484	0.39799	0.01076	0.26521	0.02717	0.01035	0.03734	0.00882	0.01150	0.00692	0.00411	0.00487	0.00142	0.02000	0.00439	0.00232	0.00650
15	0.00834	0.00417	0.00417	0.00417	0.00521	0.00417	0.00313	0.01042	0.00938	0.01668	0.01459	0.01668	0.01147	0.00521	0.00313	0.00104	0.00208	0.00417	0.86763	0.00417
16	0.01059	0.04649	0.17934	0.01034	0.04501	0.00937	0.06809	0.07758	0.13891	0.03656	0.01099	0.01175	0.02649	0.00444	0.00405	0.00115	0.00460	0.00373	0.00298	0.30755
17	0.69289	0.01121	0.11568	0.00731	0.01060	0.04553	0.01990	0.01369	0.02138	0.01877	0.00674	0.00783	0.00517	0.00421	0.00309	0.00138	0.00415	0.00265	0.00265	0.00515
18	0.00690	0.00503	0.00679	0.00768	0.00875	0.00492	0.00661	0.00879	0.01023	0.01315	0.02660	0.07367	0.13088	0.01227	0.00605	0.00198	0.00383	0.65769	0.00412	0.00406
19	0.01206	0.20268	0.12784	0.02653	0.18724	0.01259	0.01022	0.11919	0.19649	0.04609	0.01078	0.01139	0.00831	0.00472	0.00409	0.00131	0.00486	0.00380	0.00306	0.00677
20	0.72837	0.03167	0.06833	0.00693	0.01001	0.05541	0.01707	0.01351	0.00811	0.01880	0.00644	0.00754	0.00501	0.00417	0.00299	0.00136	0.00404	0.00255	0.00265	0.00503
21	0.01113	0.00961	0.01011	0.00910	0.01163	0.01113	0.00708	0.02377	0.80681	0.01871	0.01821	0.01669	0.01365	0.00607	0.00455	0.00152	0.00354	0.00506	0.00455	0.00708
22	0.00672	0.00493	0.01852	0.00512	0.00527	0.01819	0.00304	0.00682	0.00666	0.00880	0.01387	0.02859	0.01591	0.81484	0.02215	0.00423	0.00444	0.00639	0.00269	0.00282
23	0.01277	0.58192	0.05680	0.00863	0.01227	0.12037	0.00818	0.08916	0.03193	0.01281	0.02472	0.00856	0.00692	0.00427	0.00333	0.00106	0.00521	0.00285	0.00234	0.00589
24	0.72354	0.12023	0.00898	0.00621	0.00914	0.01091	0.00529	0.01354	0.00803	0.05225	0.00671	0.00759	0.00523	0.00417	0.00285	0.00133	0.00365	0.00251	0.00277	0.00508
25	0.00667	0.00499	0.00624	0.00601	0.00712	0.00480	0.00444	0.00951	0.08662	0.01669	0.57712	0.14608	0.05857	0.02630	0.00559	0.00153	0.00238	0.00839	0.00468	0.01625
26	0.00619	0.00457	0.00579	0.00548	0.00660	0.00416	0.00411	0.00817	0.01233	0.01716	0.71019	0.03470	0.14503	0.00944	0.00528	0.00142	0.00213	0.00827	0.00482	0.00416
27	0.00897	0.02314	0.81962	0.01275	0.01936	0.01039	0.01653	0.01417	0.00944	0.01417	0.00803	0.00944	0.00567	0.00425	0.00425	0.00142	0.00661	0.00331	0.00189	0.00661
28	0.00640	0.00476	0.00703	0.00703	0.00777	0.00550	0.00539	0.00789	0.00714	0.01027	0.01213	0.01838	0.01153	0.08952	0.76958	0.00699	0.01145	0.00491	0.00242	0.00391
29	0.01630	0.01213	0.01289	0.01009	0.01351	0.02434	0.00826	0.66500	0.12551	0.04781	0.01187	0.01162	0.00848	0.00546	0.00448	0.00136	0.00475	0.00416	0.00448	0.00750
30	0.00834	0.00417	0.00417	0.00417	0.00521	0.00417	0.00313	0.01042	0.00938	0.01668	0.01459	0.01668	0.01147	0.00521	0.00313	0.00104	0.00208	0.00417	0.86763	0.00417
31	0.00545	0.00389	0.00519	0.00623	0.00649	0.00363	0.00415	0.00623	0.00856	0.01142	0.02465	0.83987	0.02959	0.01401	0.00571	0.00182	0.00260	0.01272	0.00415	0.00363
32	0.87439	0.00865	0.00657	0.00588	0.00865	0.01003	0.00484	0.01315	0.00761	0.02007	0.00623	0.00727	0.00484	0.00415	0.00277	0.00138	0.00346	0.00242	0.00277	0.00484
33	0.01194	0.75935	0.02237	0.00800	0.01150	0.01715	0.00781	0.01334	0.00898	0.02666	0.00642	0.00755	0.00586	0.00419	0.00388	0.00105	0.07369	0.00256	0.00199	0.00571
34	0.00777	0.00389	0.00583	0.00583	0.00583	0.00389	0.00389	0.00583	0.00583	0.00777	0.00777	0.01360	0.00777	0.01554	0.01748	0.86985	0.00389	0.00389	0.00194	0.00194
35	0.00647	0.00434	0.00487	0.00487	0.00491	0.00432	0.00273	0.00650	0.00660	0.00876	0.01493	0.02964	0.03756	0.82057	0.02230	0.00426	0.00428	0.00658	0.00275	0.00274
36	0.00627	0.00457	0.00590	0.00557	0.00665	0.00420	0.00417	0.00833	0.01252	0.01761	0.76899	0.03396	0.08595	0.00927	0.00528	0.00141	0.00212	0.00817	0.00488	0.00420
37	0.46771	0.37755	0.02851	0.00686	0.01016	0.02441	0.00634	0.01334	0.00836	0.01564	0.00627	0.00728	0.00527	0.00402	0.00286	0.00119	0.00416	0.00243	0.00237	0.00527
38	0.01072	0.01027	0.01752	0.13478	0.71030	0.01054	0.01355	0.01342	0.01002	0.01419	0.00835	0.01119	0.00694	0.00405	0.00443	0.00135	0.00540	0.00398	0.00218	0.00680
39	0.01579	0.01978	0.01281	0.01155	0.01355	0.71664	0.00880	0.01692	0.01190	0.01092	0.00678	0.00830	0.00578	0.00504	0.00545	0.00126	0.11832	0.00302	0.00226	0.00515
40	0.00980	0.00982	0.01390	0.01185	0.01192	0.01366	0.02191	0.01082	0.00691	0.01082	0.00592	0.00982	0.00589	0.00777	0.01454	0.00195	0.82190	0.00394	0.00196	0.00491
41	0.00646	0.00450	0.00572	0.00572	0.00601	0.00480	0.00376	0.00705	0.00675	0.00930	0.01332	0.02500	0.01441	0.54723	0.31579	0.00538	0.00713	0.00588	0.00260	0.00318
42	0.00651	0.00434	0.00488	0.00488	0.00488	0.00434	0.00271	0.00651	0.00651	0.00867	0.01409	0.02927	0.01626	0.84279	0.02277	0.00434	0.00434	0.00651	0.00271	0.00271
43	0.02007	0.00761	0.01038	0.00796	0.01142	0.00657	0.00657	0.02180	0.01280	0.81799	0.01765	0.01523	0.01107	0.00554	0.00450	0.00138	0.00381	0.00450	0.00554	0.00761
44	0.00633	0.00457	0.00598	0.00563	0.00668	0.00422	0.00422	0.00844	0.01266	0.01794	0.81253	0.03341	0.04221	0.00914	0.00528	0.00141	0.00211	0.00809	0.00492	0.00422
45	0.01938	0.00746	0.01016	0.00784	0.01118	0.00646	0.00646	0.02113	0.01280	0.77766	0.05771	0.01614	0.01264	0.00572	0.00454	0.00139	0.00372	0.00468	0.00551	0.00744
46	0.01671	0.02132	0.01268	0.01152	0.01383	0.82483	0.00864	0.01786	0.01268	0.01095	0.00691	0.00807	0.00576	0.00461	0.00403	0.00115	0.00807	0.00288	0.00230	0.00519
47	0.01232	0.00934	0.01015	0.00895	0.01160	0.01052	0.00701	0.02351	0.70090	0.12532	0.01813	0.01649	0.01331	0.00600	0.00454	0.00150	0.00358	0.00498	0.00468	0.00715
48	0.01099	0.01055	0.01802	0.05130	0.79165	0.01061	0.01369	0.01366	0.01015	0.01452	0.00840	0.01110	0.00705	0.00400	0.00443	0.00133	0.00533	0.00399	0.00221	0.00702
49	0.00897	0.02314	0.81962	0.01275	0.01936	0.01039	0.01653	0.01417	0.00944	0.01417	0.00803	0.00944	0.00567	0.00425	0.00425	0.00142	0.00661	0.00331	0.00189	0.00661
50	0.01700	0.01253	0.01342	0.01029	0.01387	0.01387	0.00850	0.79997	0.02103	0.02819	0.01074	0.01074	0.00761	0.00537	0.00447	0.00134	0.00492	0.00403	0.00447	0.00761
51	0.00880	0.00817	0.01298	0.72227	0.02825	0.01010	0.01171	0.01308	0.11537	0.01240	0.00932	0.01256	0.00699	0.00469	0.00448	0.00149	0.00564	0.00412	0.00233	0.00525
52	0.01100	0.02775	0.04534	0.02634	0.75104	0.01078	0.03468	0.01375	0.01015	0.01451	0.00837	0.01097	0.00700	0.00399	0.00441	0.00133	0.00541	0.00397	0.00220	0.00701
53	0.01253	0.71900	0.03803	0.00827	0.01195	0.12521	0.00796	0.01401	0.00957	0.01065	0.00635	0.00734	0.00574	0.00394	0.00305	0.00099	0.00526	0.00248	0.00197	0.00568
54	0.00925	0.02147	0.71271	0.01471	0.12547	0.01042	0.01615	0.01411	0.00954	0.01423	0.00808	0.00966	0.00586	0.00421	0.00427	0.00140	0.00644	0.00340	0.00193	0.00667
55	0.01096	0.01052	0.01796	0.06014	0.78304	0.01060	0.01368	0.01363	0.01014	0.01448	0.00840	0.01111	0.00704	0.00401	0.00443	0.00134	0.00534	0.00399	0.00221	0.00700
56	0.00640	0.00476	0.00704	0.00704	0.00779	0.00551	0.00541	0.00789	0.00715	0.01027	0.01212	0.01832	0.01151	0.08552	0.77354	0.00701	0.01149	0.00490	0.00242	0.00391
57	0.00845	0.00795	0.01342	0.83204	0.03081	0.00994	0.01242	0.01143	0.00894	0.01143	0.00795	0.01193	0.00596	0.00447	0.00447	0.00149	0.00596	0.00398	0.00199	0.00497
58	0.00834	0.00417	0.00417	0.00417	0.00521	0.00417	0.00313	0.01042	0.00938	0.01668	0.01459	0.01668	0.01147	0.00521	0.00313	0.00104	0.00208	0.00417	0.86763	0.00417
59	0.00648	0.00433	0.00489	0.00491	0.00491	0.00432	0.00274	0.00650	0.00655	0.00873	0.01431	0.04545	0.01653	0.82625	0.02243	0.00429	0.00430	0.00663	0.00274	0.00273
60	0.00559	0.00395	0.00515	0.00605	0.00627	0.00373	0.00396	0.00627	0.00829	0.01105	0.02325	0.73175	0.02781	0.12456	0.00798	0.00215	0.00283	0.01189	0.00396	0.00351
61	0.01101	0.01056	0.01804	0.04720	0.79565	0.01061	0.01370	0.01367	0.01016	0.01454	0.00840	0.01109	0.00706	0.00400	0.00443	0.00133	0.00533	0.00399	0.00221	0.00703
62	0.01579	0.01978	0.01281	0.01155	0.01355	0.71664	0.00880	0.01692	0.01190	0.01092	0.00678	0.00830	0.00578	0.00504	0.00545	0.00126	0.11832	0.00302	0.00226	0.00515
63	0.00803	0.00749	0.01223	0.72166	0.02751	0.00912	0.01122	0.01076	0.00911	0.01152	0.01293	0.01608	0.11362	0.00539	0.00458	0.00149	0.00547	0.00470	0.00228	0.00481
64	0.01190	0.82993	0.03850	0.00775	0.01163	0.01756	0.00782	0.01341	0.00910	0.01059	0.00625	0.00722	0.00574	0.00384	0.00290	0.00097	0.00482	0.00241	0.00191	0.00576
65	0.01259	0.73555	0.02200	0.00817	0.01179	0.12536	0.00779	0.01399	0.00957	0.01058	0.00631	0.00729	0.00574	0.00393	0.00303	0.00098	0.00522	0.00246	0.00197	0.00567
66	0.01196	0.84548	0.02344	0.00765	0.01148	0.01770	0.00765	0.01339	0.00909	0.01052	0.00622	0.00718	0.00574	0.00383	0.00287	0.00096	0.00478	0.00239	0.00191	0.00574
67	0.00699	0.00504	0.00629	0.00677	0.00747	0.00500	0.00473	0.11210	0.01023	0.01366	0.02280	0.72928	0.02665	0.01286	0.00554	0.00175	0.00291	0.01156	0.00420	0.00416
68	0.00639	0.00478	0.00711	0.00711	0.00789	0.00555	0.00550	0.00794	0.00717	0.01033	0.01205	0.01795	0.01135	0.05988	0.79896	0.00710	0.01173	0.00485	0.00241	0.00395
69	0.00556	0.00441	0.00481	0.00499	0.00605	0.00387	0.00354	0.00655	0.00955	0.01184	0.07745	0.17986	0.51718	0.12261	0.00771	0.00194	0.00262	0.02183	0.00400	0.00364
70	0.87439	0.00865	0.00657	0.00588	0.00865	0.01003	0.00484	0.01315	0.00761	0.02007	0.00623	0.00727	0.00484	0.00415	0.00277	0.00138	0.00346	0.00242	0.00277	0.00484
71	0.02520	0.00535	0.00699	0.00616	0.00781	0.00487	0.00477	0.01160	0.01257	0.20341	0.60344	0.02885	0.04455	0.00825	0.00505	0.00140	0.00253	0.00717	0.00502	0.00501
72	0.01700	0.01253	0.01342	0.01029	0.01387	0.01387	0.00850	0.79997	0.02103	0.02819	0.01074	0.01074	0.00761	0.00537	0.00447	0.00134	0.00492	0.00403	0.00447	0.00761
73	0.00559	0.00477	0.00484	0.00478	0.00624	0.01539	0.00358	0.00685	0.01056	0.01285	0.14711	0.04127	0.69889	0.01094	0.00527	0.00149	0.00233	0.00917	0.00423	0.00386
74	0.01191	0.01000	0.01056	0.00926	0.01193	0.01149	0.00727	0.12730	0.70200	0.01998	0.01721	0.01590	0.01285	0.00598	0.00454	0.00149	0.00372	0.00492	0.00454	0.00715
75	0.01856	0.00830	0.01067	0.00813	0.01166	0.00749	0.00670	0.12452	0.01354	0.63053	0.01574	0.01402	0.01016	0.00529	0.00437	0.00130	0.00390	0.00425	0.00510	0.09576
76	0.00904	0.02267	0.78621	0.01301	0.01953	0.01043	0.04946	0.01417	0.00949	0.01417	0.00807	0.00955	0.00571	0.00423	0.00429	0.00142	0.00665	0.00339	0.00190	0.00659
77	0.00834	0.00417	0.00417	0.00417	0.00521	0.00417	0.00313	0.01042	0.00938	0.01668	0.01459	0.01668	0.01147	0.00521	0.00313	0.00104	0.00208	0.00417	0.86763	0.00417
78	0.01657	0.01970	0.01288	0.01159	0.02611	0.68175	0.00872	0.13265	0.01378	0.01354	0.00749	0.00853	0.00606	0.00476	0.00425	0.00119	0.01916	0.00308	0.00262	0.00557
79	0.01099	0.00944	0.01010	0.00918	0.02088	0.01083	0.00706	0.03475	0.74027	0.01857	0.03501	0.01679	0.01395	0.00655	0.01939	0.00160	0.00370	0.00505	0.00446	0.02143
80	0.00545	0.00389	0.00519	0.00623	0.00649	0.00363	0.00415	0.00623	0.00856	0.01142	0.02465	0.83987	0.02959	0.01401	0.00571	0.00182	0.00260	0.01272	0.00415	0.00363
81	0.01132	0.01124	0.01833	0.02620	0.73205	0.05107	0.05621	0.01397	0.01033	0.01442	0.00837	0.01098	0.00700	0.00400	0.00446	0.00133	0.00557	0.00400	0.00222	0.00693
82	0.01125	0.00967	0.01019	0.00913	0.01168	0.01119	0.00711	0.04069	0.78968	0.01892	0.01804	0.01656	0.01352	0.00605	0.00455	0.00151	0.00357	0.00503	0.00455	0.00709
83	0.00665	0.00494	0.00634	0.00574	0.00711	0.00441	0.00434	0.00875	0.01229	0.01757	0.72516	0.03079	0.03834	0.00851	0.00506	0.00133	0.00224	0.00750	0.00468	0.09825
84	0.00897	0.02314	0.81962	0.01275	0.01936	0.01039	0.01653	0.01417	0.00944	0.01417	0.00803	0.00944	0.00567	0.00425	0.00425	0.00142	0.00661	0.00331	0.00189	0.00661
85	0.01144	0.02518	0.01811	0.03608	0.66248	0.05502	0.06487	0.01433	0.03205	0.02480	0.00872	0.01113	0.00719	0.00409	0.00444	0.00133	0.00554	0.00402	0.00232	0.00687
86	0.01700	0.01253	0.01342	0.01029	0.01387	0.01387	0.00850	0.79997	0.02103	0.02819	0.01074	0.01074	0.00761	0.00537	0.00447	0.00134	0.00492	0.00403	0.00447	0.00761
87	0.00928	0.00795	0.00928	0.00663	0.01060	0.00596	0.00530	0.01126	0.00928	0.01458	0.00795	0.00928	0.00663	0.00331	0.00331	0.00066	0.00331	0.00265	0.00265	0.87014
88	0.00897	0.02314	0.81962	0.01275	0.01936	0.01039	0.01653	0.01417	0.00944	0.01417	0.00803	0.00944	0.00567	0.00425	0.00425	0.00142	0.00661	0.00331	0.00189	0.00661
89	0.00880	0.00831	0.01405	0.72472	0.13539	0.01003	0.01260	0.01174	0.00911	0.01185	0.00801	0.01181	0.00611	0.00441	0.00447	0.00147	0.00588	0.00398	0.00202	0.00525
90	0.00573	0.00422	0.00555	0.00633	0.00690	0.00404	0.00455	0.00679	0.00881	0.01160	0.02583	0.55257	0.13153	0.01575	0.10122	0.00243	0.00381	0.09465	0.00394	0.00375
91	0.00925	0.00898	0.01399	0.49411	0.10856	0.02402	0.01173	0.01158	0.00853	0.01157	0.00738	0.01115	0.00605	0.00540	0.00744	0.00160	0.24753	0.00394	0.00201	0.00518
92	0.00560	0.00439	0.00507	0.00523	0.00632	0.00386	0.00380	0.00691	0.01045	0.01347	0.24269	0.23332	0.42015	0.01140	0.00539	0.00156	0.00230	0.00988	0.00436	0.00386
93	0.01129	0.01001	0.01026	0.00942	0.02364	0.04539	0.00718	0.02301	0.74530	0.01810	0.01737	0.01618	0.01311	0.00616	0.00479	0.01883	0.00377	0.00493	0.00437	0.00690
94	0.00917	0.00795	0.00983	0.11672	0.01330	0.00649	0.00625	0.01129	0.00923	0.01416	0.00795	0.00963	0.00654	0.00347	0.00347	0.00077	0.00367	0.00283	0.00256	0.75474
95	0.00814	0.00498	0.00654	0.00592	0.00730	0.00453	0.00452	0.01018	0.01263	0.12454	0.69119	0.03118	0.05344	0.00871	0.00517	0.00141	0.00234	0.00764	0.00499	0.00466
96	0.01030	0.00982	0.01634	0.02440	0.70700	0.00971	0.01235	0.01275	0.01019	0.01428	0.01334	0.01534	0.11459	0.00497	0.00454	0.00135	0.00491	0.00471	0.00247	0.00664
97	0.01825	0.00959	0.01149	0.00891	0.01235	0.00963	0.00733	0.31070	0.07664	0.46374	0.01513	0.01367	0.00998	0.00552	0.00449	0.00138	0.00420	0.00437	0.00507	0.00757
98	0.00904	0.04225	0.80111	0.01263	0.01918	0.01056	0.01632	0.01415	0.00944	0.01408	0.00799	0.00939	0.00567	0.00424	0.00422	0.00141	0.00657	0.00328	0.00189	0.00659
99	0.00613	0.00448	0.00578	0.00569	0.00662	0.00420	0.00417	0.00785	0.01127	0.01565	0.55095	0.14061	0.10733	0.04517	0.06211	0.00198	0.00295	0.00854	0.00449	0.00403
