[name]
unknown

[dist]
# distance from previous block
# <min> <max>
4	111

[block]
# block no. 0 follows, 56 sequences, length 23
# corresponding to MSA columns:
# 445-448,456-459,462-476
name=unknown_A
#
# <colnr> <probs for GDERKNQSTAVLIFYWHMCP>
#	G	D	E	R	K	N	Q	S	T	A	V	L	I	F	Y	W	H	M	C	P
0	0.00781	0.00593	0.00602	0.00557	0.00741	0.02959	0.00428	0.05606	0.01155	0.07935	0.07633	0.03828	0.63425	0.01045	0.00527	0.00151	0.00279	0.00867	0.00438	0.00450
1	0.02876	0.04590	0.00864	0.03240	0.00937	0.00705	0.00613	0.05641	0.00847	0.01227	0.01176	0.01663	0.01067	0.02858	0.65919	0.00617	0.01076	0.00465	0.03173	0.00447
2	0.02972	0.01107	0.01087	0.05889	0.01308	0.11157	0.00759	0.15082	0.39745	0.03822	0.05527	0.04068	0.01331	0.03435	0.00526	0.00157	0.00453	0.00505	0.00414	0.00654
3	0.00949	0.04726	0.01037	0.01070	0.05922	0.00720	0.03431	0.01071	0.01121	0.01495	0.02376	0.27769	0.02604	0.01300	0.00668	0.00226	0.00466	0.42047	0.00457	0.00546
4	0.00550	0.00465	0.00475	0.00473	0.00625	0.00391	0.00355	0.00673	0.01064	0.01282	0.09981	0.04349	0.75459	0.01147	0.00543	0.00154	0.00231	0.00959	0.00432	0.00391
5	0.01137	0.01108	0.01811	0.08283	0.73026	0.03733	0.01383	0.01407	0.01045	0.01465	0.00855	0.01132	0.00715	0.00415	0.00453	0.00137	0.00559	0.00405	0.00226	0.00706
6	0.01024	0.20709	0.60245	0.01186	0.01781	0.04770	0.01457	0.01453	0.00976	0.01356	0.00777	0.00911	0.00584	0.00428	0.00403	0.00134	0.00643	0.00316	0.00196	0.00652
7	0.11421	0.01276	0.05290	0.01719	0.16787	0.09536	0.35059	0.03336	0.01104	0.08670	0.00938	0.01133	0.00704	0.00427	0.00468	0.00144	0.00643	0.00438	0.00271	0.00637
8	0.00957	0.00916	0.01590	0.61611	0.07499	0.01069	0.12065	0.05001	0.01005	0.01315	0.00845	0.01211	0.00638	0.00456	0.00487	0.00152	0.01981	0.00427	0.00222	0.00551
9	0.00659	0.00479	0.00671	0.00671	0.00730	0.00537	0.00490	0.00777	0.00718	0.01016	0.01291	0.02143	0.01295	0.26200	0.59491	0.00655	0.01008	0.00542	0.00255	0.00373
10	0.03874	0.05661	0.12774	0.02765	0.01419	0.14141	0.04600	0.10036	0.15109	0.15604	0.02262	0.02629	0.02934	0.00559	0.00447	0.00140	0.00529	0.01974	0.00366	0.02175
11	0.06288	0.41848	0.38330	0.01013	0.01529	0.01427	0.01183	0.01409	0.00940	0.01310	0.00723	0.00843	0.00580	0.00415	0.00358	0.00122	0.00568	0.00288	0.00201	0.00624
12	0.01474	0.00757	0.00944	0.00780	0.01047	0.00733	0.00624	0.06329	0.15623	0.39564	0.22759	0.02063	0.02014	0.00675	0.00481	0.00144	0.00342	0.00567	0.02409	0.00671
13	0.00554	0.00467	0.00481	0.00483	0.00634	0.00394	0.00366	0.00679	0.01059	0.01274	0.08348	0.04394	0.74485	0.01155	0.00546	0.00156	0.00238	0.03465	0.00430	0.00391
14	0.01155	0.01385	0.12914	0.01895	0.33682	0.11082	0.10907	0.03975	0.01080	0.01463	0.00882	0.01182	0.00733	0.00464	0.00512	0.00137	0.05201	0.02684	0.00240	0.08426
15	0.00808	0.00519	0.00626	0.00584	0.00722	0.00488	0.00443	0.01015	0.03529	0.09246	0.36040	0.04784	0.20725	0.04533	0.00607	0.00159	0.01936	0.02247	0.10531	0.00458
16	0.00565	0.00411	0.00535	0.00630	0.00673	0.00381	0.00431	0.00654	0.00903	0.01187	0.02737	0.72492	0.10737	0.01404	0.00584	0.00184	0.00269	0.04420	0.00426	0.00376
17	0.01217	0.01254	0.01072	0.03381	0.01204	0.27028	0.00754	0.07948	0.16519	0.01507	0.07353	0.08935	0.06093	0.00711	0.00585	0.00148	0.10040	0.00540	0.03161	0.00552
18	0.13674	0.11898	0.05622	0.01056	0.06203	0.18658	0.00843	0.11326	0.05919	0.07044	0.04246	0.01313	0.01860	0.00553	0.00465	0.00138	0.04507	0.03756	0.00319	0.00602
19	0.00779	0.00541	0.00744	0.00688	0.00838	0.00485	0.06444	0.00917	0.01033	0.10257	0.09797	0.26924	0.30427	0.05382	0.00641	0.00178	0.00316	0.02738	0.00426	0.00444
20	0.10923	0.00698	0.00760	0.05655	0.01001	0.04527	0.00558	0.04455	0.00987	0.02959	0.01911	0.34503	0.08528	0.01919	0.00504	0.00154	0.00356	0.04065	0.00363	0.15174
21	0.01132	0.24722	0.37038	0.03531	0.05328	0.11052	0.01227	0.03111	0.01048	0.02583	0.04622	0.01033	0.00785	0.00457	0.00402	0.00129	0.00606	0.00340	0.00228	0.00625
22	0.03135	0.01005	0.01043	0.00862	0.01127	0.06890	0.00679	0.28502	0.11774	0.16118	0.05509	0.01823	0.07003	0.10299	0.01996	0.00186	0.00458	0.00515	0.00435	0.00640

[dist]
# distance from previous block
# <min> <max>
1	4

[block]
# block no. 1 follows, 56 sequences, length 61
# corresponding to MSA columns:
# 481-541
name=unknown_B
#
# <colnr> <probs for GDERKNQSTAVLIFYWHMCP>
#	G	D	E	R	K	N	Q	S	T	A	V	L	I	F	Y	W	H	M	C	P
0	0.01407	0.06154	0.04670	0.03713	0.01433	0.25538	0.05363	0.15072	0.12243	0.05262	0.01085	0.01148	0.01858	0.00494	0.00425	0.00125	0.00574	0.00380	0.01990	0.11066
1	0.01526	0.01296	0.01227	0.01013	0.01319	0.13279	0.00809	0.41899	0.25112	0.02294	0.01287	0.01267	0.00953	0.00560	0.00449	0.00139	0.00499	0.00428	0.03931	0.00713
2	0.00867	0.00816	0.01377	0.82762	0.03162	0.01020	0.01275	0.01173	0.00918	0.01173	0.00816	0.01224	0.00612	0.00459	0.00459	0.00153	0.00612	0.00408	0.00204	0.00510
3	0.01719	0.00813	0.01070	0.00804	0.01176	0.00686	0.01979	0.04102	0.01231	0.55029	0.01493	0.01370	0.00989	0.00500	0.00428	0.00121	0.00386	0.00408	0.00475	0.25221
4	0.52798	0.00727	0.00616	0.00558	0.00787	0.00805	0.00449	0.01311	0.00876	0.06922	0.01001	0.01121	0.00766	0.00472	0.00308	0.00130	0.00310	0.00322	0.29228	0.00492
5	0.00562	0.00403	0.00539	0.00642	0.00671	0.00379	0.00431	0.00645	0.00874	0.01168	0.02488	0.80898	0.02975	0.01504	0.03245	0.00204	0.00298	0.01279	0.00420	0.00374
6	0.01752	0.01274	0.01371	0.01051	0.01418	0.01407	0.00868	0.77717	0.02139	0.04675	0.01118	0.01113	0.00789	0.00552	0.00459	0.00138	0.00503	0.00414	0.00462	0.00781
7	0.00617	0.00462	0.00580	0.00660	0.00717	0.00451	0.00453	0.00821	0.08836	0.01250	0.02567	0.71534	0.06633	0.01343	0.00572	0.00182	0.00274	0.01210	0.00430	0.00409
8	0.00559	0.00400	0.00533	0.00639	0.00666	0.00373	0.00426	0.00639	0.00879	0.01172	0.02530	0.83566	0.03036	0.01438	0.00586	0.00186	0.00266	0.01305	0.00426	0.00373
9	0.35081	0.00823	0.00914	0.00734	0.01062	0.00813	0.00606	0.01893	0.01107	0.50546	0.01356	0.01245	0.00888	0.00513	0.00393	0.00142	0.00377	0.00379	0.00458	0.00671
10	0.00782	0.00668	0.00944	0.00873	0.00915	0.00853	0.00688	0.00901	0.00716	0.01056	0.01035	0.01679	0.01023	0.13219	0.42743	0.00508	0.30255	0.00483	0.00234	0.00425
11	0.00901	0.00471	0.00476	0.00460	0.00580	0.00478	0.00349	0.05035	0.01023	0.01771	0.01478	0.01681	0.01157	0.00536	0.00328	0.00109	0.00229	0.00427	0.82067	0.00446
12	0.00675	0.00518	0.00767	0.00757	0.00832	0.00615	0.00589	0.00831	0.00734	0.01063	0.01202	0.01792	0.01132	0.05414	0.75656	0.00701	0.05574	0.00492	0.00244	0.00411
13	0.00663	0.00462	0.00586	0.00586	0.00615	0.00491	0.00384	0.00722	0.00693	0.00953	0.01369	0.02573	0.01482	0.55004	0.30942	0.00550	0.00727	0.00605	0.00267	0.00325
14	0.00920	0.00912	0.01155	0.11005	0.01378	0.12640	0.07269	0.01104	0.00865	0.01126	0.00990	0.01432	0.00887	0.02022	0.42129	0.00452	0.12565	0.00445	0.00232	0.00470
15	0.01184	0.00872	0.00951	0.00844	0.01094	0.00956	0.00662	0.05986	0.51234	0.11410	0.02128	0.04162	0.09786	0.00699	0.00474	0.00153	0.00352	0.01991	0.04391	0.00672
16	0.01089	0.04603	0.02697	0.01888	0.02350	0.01188	0.76147	0.01467	0.01077	0.01455	0.00917	0.01218	0.00692	0.00387	0.00532	0.00153	0.00763	0.00530	0.00231	0.00618
17	0.01269	0.56173	0.07944	0.01116	0.10886	0.01577	0.02713	0.07369	0.01063	0.05018	0.00775	0.00879	0.00648	0.00418	0.00350	0.00113	0.00514	0.00301	0.00238	0.00636
18	0.00666	0.00453	0.00543	0.00543	0.00558	0.00468	0.00331	0.00695	0.00680	0.00922	0.01408	0.02789	0.01576	0.69455	0.16620	0.00498	0.00586	0.00636	0.00272	0.00302
19	0.00842	0.00902	0.10501	0.02743	0.01061	0.06749	0.03855	0.04126	0.01154	0.04180	0.23699	0.14047	0.20444	0.00911	0.00520	0.00153	0.00384	0.02845	0.00398	0.00486
20	0.02785	0.04732	0.31020	0.01117	0.01560	0.24014	0.01130	0.07820	0.01227	0.18794	0.01018	0.01057	0.00719	0.00483	0.00430	0.00135	0.00633	0.00355	0.00309	0.00661
21	0.01999	0.00879	0.01126	0.00863	0.01221	0.00819	0.00713	0.17139	0.01477	0.66188	0.01674	0.01474	0.01068	0.00565	0.00461	0.00141	0.00413	0.00452	0.00547	0.00781
22	0.01983	0.00878	0.01122	0.00863	0.01218	0.00821	0.00712	0.16311	0.03160	0.65330	0.01683	0.01482	0.01077	0.00566	0.00461	0.00142	0.00411	0.00454	0.00546	0.00780
23	0.12106	0.03781	0.05902	0.01129	0.01442	0.30780	0.10142	0.07537	0.19670	0.01615	0.01031	0.01099	0.00795	0.00493	0.00427	0.00137	0.00613	0.00381	0.00309	0.00612
24	0.00829	0.00451	0.00508	0.00502	0.00611	0.00462	0.00382	0.01028	0.00928	0.03367	0.01578	0.01837	0.04402	0.01160	0.17169	0.00240	0.00428	0.00464	0.63225	0.00431
25	0.00656	0.00492	0.00738	0.00738	0.00820	0.00574	0.00574	0.00820	0.00738	0.01066	0.01230	0.01804	0.01148	0.03443	0.82046	0.00738	0.01230	0.00492	0.00246	0.00410
26	0.00921	0.02375	0.81487	0.01309	0.01987	0.01066	0.01696	0.01454	0.00969	0.01454	0.00824	0.00969	0.00582	0.00436	0.00436	0.00145	0.00678	0.00339	0.00194	0.00678
27	0.01068	0.01149	0.03466	0.08152	0.24732	0.01119	0.43602	0.01421	0.02530	0.01449	0.00949	0.01316	0.00762	0.00444	0.00545	0.00153	0.03597	0.02674	0.00237	0.00635
28	0.00559	0.00400	0.00533	0.00639	0.00666	0.00373	0.00426	0.00639	0.00879	0.01172	0.02530	0.83566	0.03036	0.01438	0.00586	0.00186	0.00266	0.01305	0.00426	0.00373
29	0.00951	0.00654	0.00752	0.00683	0.00859	0.00675	0.00530	0.07098	0.18652	0.06443	0.31676	0.04170	0.06423	0.00781	0.00480	0.00143	0.00288	0.02984	0.15219	0.00539
30	0.01264	0.01317	0.11708	0.04271	0.06193	0.10847	0.26306	0.02942	0.07056	0.13990	0.01208	0.07356	0.00964	0.00541	0.00504	0.00149	0.01923	0.00513	0.00315	0.00634
31	0.00597	0.00434	0.00571	0.00667	0.00724	0.00409	0.00487	0.00710	0.00935	0.01223	0.02722	0.58382	0.10796	0.01373	0.00592	0.00189	0.00297	0.18080	0.00425	0.00385
32	0.00836	0.00582	0.00781	0.00715	0.00800	0.00652	0.02405	0.00983	0.00919	0.04327	0.16265	0.03776	0.01760	0.10140	0.11710	0.03769	0.15215	0.02240	0.21696	0.00431
33	0.00952	0.00816	0.00952	0.00680	0.01088	0.00612	0.00544	0.01156	0.00952	0.01496	0.00816	0.00952	0.00680	0.00340	0.00340	0.00068	0.00340	0.00272	0.00272	0.86672
34	0.01144	0.34170	0.29849	0.01308	0.11149	0.08326	0.05368	0.01451	0.00999	0.01286	0.00752	0.00900	0.00609	0.00416	0.00387	0.00124	0.00607	0.00318	0.00205	0.00634
35	0.00940	0.03104	0.47715	0.01082	0.01544	0.08801	0.01234	0.02704	0.01073	0.01475	0.14766	0.01640	0.06874	0.00665	0.02622	0.00159	0.02270	0.00468	0.00274	0.00592
36	0.01331	0.05587	0.01283	0.01083	0.08197	0.15350	0.05060	0.04742	0.07721	0.14260	0.05136	0.01327	0.01027	0.00493	0.00422	0.00118	0.00487	0.01776	0.01403	0.23195
37	0.00945	0.26658	0.26649	0.01132	0.10895	0.01120	0.01042	0.01218	0.00972	0.01290	0.02603	0.11003	0.11418	0.00638	0.00428	0.00136	0.00493	0.00520	0.00260	0.00580
38	0.00656	0.00492	0.00738	0.00738	0.00820	0.00574	0.00574	0.00820	0.00738	0.01066	0.01230	0.01804	0.01148	0.03443	0.82046	0.00738	0.01230	0.00492	0.00246	0.00410
39	0.01081	0.01036	0.01759	0.18221	0.64064	0.01085	0.01373	0.01356	0.01013	0.01427	0.00848	0.01150	0.00702	0.00428	0.00480	0.00141	0.02525	0.00409	0.00222	0.00680
40	0.00579	0.00408	0.00527	0.00614	0.00636	0.00386	0.00399	0.00644	0.00841	0.01121	0.02334	0.68965	0.02789	0.16377	0.00903	0.00233	0.00299	0.01190	0.00399	0.00356
41	0.00697	0.00554	0.00850	0.00805	0.00896	0.00645	0.03785	0.00855	0.00753	0.01081	0.01250	0.01805	0.02920	0.04805	0.68328	0.01999	0.06805	0.00501	0.00246	0.00418
42	0.00749	0.00628	0.00960	0.00869	0.00952	0.00741	0.06305	0.00893	0.00746	0.01075	0.01132	0.01810	0.01101	0.15229	0.49775	0.00557	0.15309	0.00507	0.00242	0.00421
43	0.04460	0.00794	0.01060	0.00815	0.01169	0.00699	0.00674	0.03711	0.01315	0.77555	0.01764	0.01531	0.01111	0.00564	0.00457	0.00142	0.00392	0.00455	0.00558	0.00773
44	0.01061	0.01251	0.05397	0.01871	0.02328	0.01132	0.74040	0.01443	0.01073	0.01460	0.00977	0.03916	0.00769	0.00423	0.00540	0.00156	0.00754	0.00560	0.00237	0.00613
45	0.01821	0.01140	0.01285	0.00988	0.01350	0.01211	0.00815	0.56603	0.03417	0.24599	0.01313	0.01241	0.00891	0.00557	0.00460	0.00139	0.00471	0.00429	0.00490	0.00780
46	0.00559	0.00400	0.00533	0.00639	0.00666	0.00373	0.00426	0.00639	0.00879	0.01172	0.02530	0.83566	0.03036	0.01438	0.00586	0.00186	0.00266	0.01305	0.00426	0.00373
47	0.00755	0.00632	0.00908	0.00851	0.00904	0.00798	0.00672	0.00888	0.00723	0.01063	0.01070	0.01671	0.01035	0.08905	0.53236	0.00564	0.24184	0.00480	0.00236	0.00426
48	0.01079	0.01342	0.11148	0.01797	0.02270	0.01141	0.65653	0.04612	0.01109	0.01519	0.00966	0.03365	0.00749	0.00427	0.00528	0.00154	0.00739	0.00535	0.00242	0.00626
49	0.01992	0.00834	0.01093	0.00840	0.01191	0.00758	0.00693	0.11384	0.01414	0.70273	0.03444	0.01549	0.01164	0.00574	0.00463	0.00142	0.00400	0.00464	0.00554	0.00774
50	0.23984	0.00731	0.00661	0.00591	0.00788	0.03199	0.00467	0.12820	0.01102	0.01962	0.01186	0.01337	0.00919	0.00506	0.00334	0.00121	0.00313	0.00374	0.48100	0.00502
51	0.00661	0.00599	0.05357	0.00780	0.00904	0.00500	0.03799	0.00828	0.00973	0.01277	0.02588	0.39284	0.12022	0.01247	0.00587	0.00187	0.00360	0.27224	0.00404	0.00419
52	0.00661	0.00470	0.00627	0.00627	0.00670	0.00514	0.00435	0.00749	0.00705	0.00984	0.01331	0.02366	0.01392	0.41085	0.44738	0.00601	0.00862	0.00574	0.00261	0.00348
53	0.05584	0.22264	0.27299	0.01202	0.01673	0.01232	0.18167	0.01428	0.00987	0.05231	0.02431	0.01036	0.00712	0.00441	0.00458	0.00134	0.03996	0.00370	0.00236	0.05120
54	0.01008	0.15339	0.59433	0.01347	0.07767	0.03121	0.03012	0.01447	0.00979	0.01390	0.00796	0.00946	0.00596	0.00427	0.00416	0.00137	0.00644	0.00332	0.00199	0.00663
55	0.02018	0.00848	0.01107	0.00849	0.01205	0.00774	0.00701	0.12513	0.01426	0.70885	0.01717	0.01501	0.01089	0.00566	0.00461	0.00141	0.00406	0.00455	0.00554	0.00781
56	0.00697	0.00476	0.00676	0.00691	0.00741	0.00492	0.02047	0.00734	0.00786	0.01056	0.01732	0.21312	0.05671	0.11055	0.14832	0.22873	0.03360	0.10121	0.00308	0.00339
57	0.01173	0.01053	0.01647	0.16338	0.40986	0.02377	0.06675	0.06249	0.12233	0.05124	0.01055	0.01252	0.00819	0.00463	0.00463	0.00143	0.00543	0.00434	0.00286	0.00684
58	0.00799	0.00516	0.00644	0.00594	0.00744	0.00467	0.00457	0.01009	0.02750	0.10757	0.50732	0.03459	0.21091	0.00951	0.00534	0.00149	0.00249	0.03140	0.00492	0.00468
59	0.01092	0.00724	0.00803	0.00731	0.00924	0.00767	0.00561	0.10904	0.24206	0.09440	0.01912	0.17703	0.04630	0.00766	0.00454	0.00146	0.00320	0.00648	0.22691	0.00579
60	0.01416	0.01231	0.04467	0.01263	0.12137	0.15370	0.03644	0.18892	0.05229	0.13375	0.04074	0.04430	0.02973	0.00632	0.00507	0.00146	0.03021	0.06171	0.00375	0.00647

[dist]
# distance from previous block
# <min> <max>
5	13

[block]
# block no. 2 follows, 56 sequences, length 27
# corresponding to MSA columns:
# 555-581
name=unknown_C
#
# <colnr> <probs for GDERKNQSTAVLIFYWHMCP>
#	G	D	E	R	K	N	Q	S	T	A	V	L	I	F	Y	W	H	M	C	P
0	0.01143	0.01108	0.01863	0.08385	0.55329	0.02697	0.11577	0.05960	0.01110	0.01546	0.02626	0.01196	0.00792	0.00439	0.00489	0.00141	0.02236	0.00434	0.00246	0.00685
1	0.00673	0.00460	0.00573	0.00548	0.00647	0.00431	0.00402	0.00864	0.01184	0.01707	0.59407	0.04548	0.06380	0.08287	0.00674	0.00167	0.00238	0.00777	0.11618	0.00416
2	0.00909	0.00769	0.00967	0.04809	0.14947	0.04399	0.00737	0.01301	0.17120	0.04286	0.04256	0.27581	0.09785	0.00923	0.00518	0.00162	0.00384	0.05216	0.00388	0.00541
3	0.01109	0.01131	0.02131	0.05383	0.51683	0.01112	0.27707	0.01421	0.01054	0.01478	0.00884	0.01174	0.00713	0.00403	0.00484	0.00143	0.00625	0.00454	0.00228	0.00683
4	0.00559	0.00400	0.00533	0.00639	0.00666	0.00373	0.00426	0.00639	0.00879	0.01172	0.02530	0.83566	0.03036	0.01438	0.00586	0.00186	0.00266	0.01305	0.00426	0.00373
5	0.01072	0.01178	0.02456	0.04335	0.11542	0.01128	0.63108	0.01468	0.03869	0.01474	0.00992	0.03362	0.00783	0.00427	0.00528	0.00153	0.00715	0.00541	0.00244	0.00626
6	0.01837	0.00936	0.01124	0.00870	0.01208	0.00929	0.00716	0.30580	0.01594	0.45345	0.01522	0.01406	0.01009	0.00559	0.00448	0.00137	0.00417	0.00441	0.08173	0.00750
7	0.02060	0.00781	0.01065	0.00817	0.01172	0.00675	0.00675	0.02237	0.01314	0.81320	0.01811	0.01563	0.01136	0.00568	0.00462	0.00142	0.00391	0.00462	0.00568	0.00781
8	0.00543	0.00465	0.00465	0.00465	0.00620	0.00388	0.00349	0.00659	0.01046	0.01240	0.04651	0.04418	0.80815	0.01163	0.00543	0.00155	0.00233	0.00969	0.00426	0.00388
9	0.01061	0.00913	0.01516	0.13274	0.50398	0.00936	0.01177	0.01303	0.01010	0.06477	0.01152	0.10280	0.01052	0.00723	0.04974	0.00179	0.00549	0.02114	0.00273	0.00638
10	0.00656	0.00489	0.00725	0.00725	0.00802	0.00567	0.00558	0.00811	0.00734	0.01056	0.01242	0.01870	0.01176	0.07879	0.77650	0.00722	0.01186	0.00502	0.00248	0.00403
11	0.49399	0.01033	0.04179	0.00764	0.01065	0.01102	0.00643	0.25536	0.01206	0.02190	0.00862	0.01067	0.00693	0.07896	0.00527	0.00168	0.00423	0.00341	0.00334	0.00573
12	0.01234	0.01797	0.28536	0.01416	0.01880	0.17953	0.24091	0.11633	0.01229	0.01574	0.00924	0.01185	0.00716	0.00474	0.00472	0.00144	0.00706	0.03145	0.00256	0.00635
13	0.04469	0.09411	0.71321	0.01234	0.01872	0.01130	0.01568	0.01443	0.00958	0.01446	0.00800	0.00940	0.00579	0.00432	0.00418	0.00141	0.00649	0.00327	0.00198	0.00663
14	0.01200	0.76860	0.09448	0.00832	0.01250	0.01750	0.00867	0.01382	0.00936	0.01113	0.00655	0.00757	0.00588	0.00397	0.00307	0.00102	0.00508	0.00254	0.00196	0.00597
15	0.00736	0.00580	0.00695	0.00695	0.00809	0.01761	0.00524	0.02557	0.12039	0.01347	0.09300	0.15654	0.14011	0.09014	0.20971	0.00334	0.00552	0.07596	0.00379	0.00446
16	0.01210	0.00691	0.00844	0.00721	0.00949	0.00654	0.00569	0.12583	0.02939	0.24812	0.19852	0.11245	0.14901	0.00849	0.00506	0.00149	0.00328	0.02613	0.00486	0.03099
17	0.20469	0.00954	0.01040	0.00843	0.01164	0.01007	0.00687	0.20072	0.15467	0.30068	0.02775	0.01335	0.01016	0.00549	0.00425	0.00144	0.00402	0.00420	0.00461	0.00703
18	0.01889	0.00812	0.01057	0.00828	0.01163	0.00745	0.00678	0.06446	0.08382	0.65906	0.05768	0.01645	0.01302	0.00591	0.00466	0.00143	0.00386	0.00483	0.00550	0.00759
19	0.01056	0.01077	0.02036	0.21046	0.36432	0.01098	0.27681	0.01375	0.01029	0.01414	0.00875	0.01191	0.00690	0.00413	0.00485	0.00146	0.00638	0.00454	0.00224	0.00640
20	0.05521	0.01329	0.01260	0.01009	0.01342	0.16520	0.00815	0.43713	0.03685	0.18474	0.01171	0.01143	0.00820	0.00536	0.00444	0.00136	0.00533	0.00396	0.00432	0.00720
21	0.00573	0.00414	0.00542	0.00624	0.00664	0.00389	0.00422	0.00666	0.00905	0.01209	0.08271	0.66687	0.07288	0.04837	0.04000	0.00215	0.00308	0.01192	0.00419	0.00376
22	0.00613	0.00444	0.00581	0.00621	0.00697	0.00413	0.00452	0.00764	0.01082	0.01476	0.35628	0.37946	0.08322	0.01196	0.00569	0.00169	0.00257	0.07906	0.00459	0.00404
23	0.01208	0.40371	0.16280	0.00943	0.01320	0.12833	0.00930	0.08321	0.01094	0.01326	0.00948	0.10669	0.00896	0.00550	0.00386	0.00124	0.00547	0.00410	0.00252	0.00589
24	0.01340	0.01274	0.04381	0.01538	0.03657	0.04289	0.41331	0.22558	0.07021	0.06272	0.01078	0.01228	0.00787	0.00463	0.00500	0.00148	0.00646	0.00483	0.00327	0.00680
25	0.02303	0.00710	0.00907	0.28348	0.01576	0.03626	0.00748	0.07842	0.01032	0.01510	0.01265	0.04448	0.02695	0.00901	0.10190	0.00206	0.00521	0.00463	0.30225	0.00486
26	0.01318	0.03528	0.01324	0.00978	0.01348	0.09393	0.10031	0.14732	0.05986	0.10501	0.01056	0.02143	0.00810	0.00453	0.00415	0.00111	0.00481	0.00378	0.00339	0.34672

[dist]
# distance from previous block
# <min> <max>
3	7

[block]
# block no. 3 follows, 56 sequences, length 29
# corresponding to MSA columns:
# 589-617
name=unknown_D
#
# <colnr> <probs for GDERKNQSTAVLIFYWHMCP>
#	G	D	E	R	K	N	Q	S	T	A	V	L	I	F	Y	W	H	M	C	P
0	0.01204	0.61571	0.12520	0.00919	0.01343	0.01637	0.03888	0.05438	0.05399	0.01283	0.00765	0.00858	0.00647	0.00419	0.00340	0.00112	0.00520	0.00293	0.00226	0.00619
1	0.01060	0.00928	0.01131	0.03160	0.15746	0.01027	0.00827	0.01983	0.52324	0.01765	0.06211	0.01961	0.05980	0.00650	0.00479	0.00153	0.00389	0.03136	0.00415	0.00676
2	0.00939	0.26203	0.30596	0.01095	0.07612	0.01115	0.01072	0.01224	0.00956	0.01297	0.04028	0.19457	0.01279	0.00663	0.00433	0.00140	0.00503	0.00550	0.00260	0.00579
3	0.00924	0.00987	0.00755	0.00711	0.00878	0.25055	0.00533	0.01067	0.01188	0.01358	0.22887	0.03081	0.37064	0.00897	0.00503	0.00141	0.00408	0.00730	0.00389	0.00443
4	0.01493	0.29412	0.01624	0.01012	0.01287	0.50643	0.00819	0.01614	0.01142	0.01096	0.00728	0.00921	0.00652	0.05189	0.00483	0.00130	0.00694	0.00300	0.00226	0.00537
5	0.00795	0.01135	0.25167	0.00947	0.01178	0.00807	0.00921	0.03492	0.00894	0.01275	0.01491	0.31592	0.01604	0.06662	0.05858	0.00226	0.14421	0.00739	0.00298	0.00496
6	0.77646	0.00876	0.00718	0.00627	0.00919	0.00990	0.00517	0.01448	0.00841	0.10878	0.00770	0.00837	0.00568	0.00442	0.00304	0.00142	0.00359	0.00272	0.00316	0.00529
7	0.00856	0.00428	0.00428	0.00428	0.00535	0.00428	0.00321	0.01070	0.00963	0.01712	0.01498	0.01712	0.01177	0.00535	0.00321	0.00107	0.00214	0.00428	0.86414	0.00428
8	0.00564	0.00408	0.00524	0.00615	0.00652	0.00378	0.00410	0.00643	0.00883	0.01162	0.02672	0.71392	0.10420	0.06099	0.00681	0.00198	0.00273	0.01237	0.00418	0.00369
9	0.00571	0.00408	0.00546	0.00652	0.00684	0.00383	0.00446	0.00659	0.00890	0.01185	0.02524	0.78611	0.03012	0.01428	0.00589	0.00188	0.00276	0.06148	0.00426	0.00376
10	0.00658	0.00485	0.00702	0.00702	0.00771	0.00554	0.00529	0.00797	0.00727	0.01039	0.01263	0.01986	0.01227	0.15668	0.69930	0.00693	0.01110	0.00519	0.00251	0.00390
11	0.01114	0.01129	0.02087	0.02474	0.53773	0.01128	0.24214	0.01411	0.01039	0.01470	0.00869	0.01159	0.00712	0.00423	0.00535	0.00145	0.04957	0.00448	0.00227	0.00684
12	0.01310	0.13929	0.45558	0.01083	0.01622	0.01058	0.01254	0.01679	0.01068	0.25520	0.01095	0.01114	0.00750	0.00470	0.00423	0.00137	0.00564	0.00362	0.00307	0.00696
13	0.24702	0.19424	0.20908	0.00967	0.01361	0.20922	0.00956	0.03530	0.01022	0.01496	0.00713	0.00827	0.00568	0.00436	0.00360	0.00128	0.00582	0.00286	0.00236	0.00577
14	0.01051	0.01234	0.07235	0.15242	0.02868	0.12554	0.32419	0.01342	0.01049	0.01330	0.03289	0.04551	0.01033	0.03720	0.00605	0.00166	0.02925	0.06585	0.00256	0.00548
15	0.00705	0.00550	0.00776	0.00749	0.00802	0.00657	0.00567	0.00825	0.00718	0.01033	0.01193	0.01959	0.01189	0.20691	0.53797	0.00602	0.12030	0.00518	0.00247	0.00393
16	0.00997	0.09154	0.67138	0.01255	0.01879	0.01122	0.03961	0.01505	0.03466	0.04117	0.00877	0.01001	0.00630	0.00441	0.00429	0.00142	0.00646	0.00347	0.00216	0.00674
17	0.01109	0.17388	0.36806	0.01364	0.07912	0.01203	0.13704	0.04389	0.02687	0.05606	0.03052	0.01098	0.00767	0.00447	0.00433	0.00137	0.00607	0.00385	0.00246	0.00659
18	0.02049	0.00798	0.01076	0.00825	0.01180	0.00700	0.00681	0.04847	0.01343	0.78670	0.01787	0.01547	0.01124	0.00568	0.00462	0.00142	0.00395	0.00460	0.00565	0.00781
19	0.00618	0.00424	0.00562	0.00641	0.00692	0.00394	0.00444	0.00720	0.00946	0.03542	0.10533	0.67940	0.05202	0.01349	0.00579	0.00181	0.00270	0.04134	0.00438	0.00393
20	0.01230	0.01148	0.02114	0.03686	0.15622	0.03788	0.43840	0.02714	0.03186	0.11139	0.01034	0.01238	0.00768	0.00423	0.00495	0.00143	0.00645	0.00479	0.00283	0.06024
21	0.01038	0.00991	0.01686	0.31949	0.52638	0.01065	0.01360	0.01323	0.00999	0.01381	0.00846	0.01168	0.00685	0.00427	0.00456	0.00142	0.00570	0.00409	0.00219	0.00648
22	0.00661	0.00446	0.00521	0.00527	0.00535	0.00451	0.00310	0.00678	0.00685	0.00920	0.01491	0.07491	0.01706	0.72859	0.08501	0.00453	0.00497	0.00690	0.00284	0.00294
23	0.01389	0.01080	0.01259	0.01015	0.01301	0.06783	0.08542	0.33588	0.10193	0.09103	0.08268	0.09403	0.01417	0.03822	0.00556	0.00157	0.00479	0.00565	0.00425	0.00653
24	0.05610	0.03584	0.01255	0.07950	0.04161	0.18433	0.00845	0.19680	0.15612	0.16447	0.01219	0.01222	0.00882	0.00528	0.00438	0.00138	0.00531	0.00403	0.00388	0.00674
25	0.05002	0.00929	0.01112	0.00867	0.01212	0.03437	0.00711	0.17291	0.03320	0.57434	0.02842	0.01453	0.01083	0.00564	0.00455	0.00141	0.00422	0.00446	0.00523	0.00756
26	0.00589	0.00443	0.00631	0.00695	0.00748	0.00413	0.03775	0.00690	0.00906	0.01204	0.03729	0.73505	0.05425	0.01371	0.00584	0.00184	0.00292	0.04010	0.00419	0.00387
27	0.01105	0.01174	0.02920	0.01611	0.06080	0.07637	0.48620	0.02464	0.03176	0.04341	0.06403	0.04090	0.05587	0.00530	0.00538	0.00151	0.02119	0.00572	0.00287	0.00594
28	0.01048	0.00824	0.00876	0.00853	0.05484	0.08766	0.00619	0.06148	0.10770	0.10422	0.26475	0.02758	0.18194	0.00819	0.00505	0.00147	0.00363	0.03940	0.00443	0.00545

[dist]
# distance from previous block
# <min> <max>
0	1

[block]
# block no. 4 follows, 56 sequences, length 27
# corresponding to MSA columns:
# 619-645
name=unknown_E
#
# <colnr> <probs for GDERKNQSTAVLIFYWHMCP>
#	G	D	E	R	K	N	Q	S	T	A	V	L	I	F	Y	W	H	M	C	P
0	0.87108	0.00888	0.00675	0.00604	0.00888	0.01030	0.00497	0.01350	0.00781	0.02060	0.00639	0.00746	0.00497	0.00426	0.00284	0.00142	0.00355	0.00249	0.00284	0.00497
1	0.00666	0.00453	0.00542	0.00542	0.00557	0.00468	0.00330	0.00694	0.00680	0.00921	0.01408	0.02793	0.01577	0.69722	0.16355	0.00497	0.00583	0.00637	0.00273	0.00301
2	0.01421	0.04442	0.01480	0.07962	0.23858	0.39780	0.01042	0.06452	0.04671	0.01393	0.02739	0.01060	0.00767	0.00474	0.00433	0.00129	0.00665	0.00364	0.00260	0.00609
3	0.02587	0.00831	0.00985	0.00719	0.01108	0.00670	0.00580	0.03621	0.01024	0.11350	0.00939	0.01029	0.00734	0.00387	0.00385	0.00084	0.02331	0.00302	0.00312	0.70022
4	0.00838	0.00774	0.01103	0.00998	0.01027	0.01002	0.02666	0.00945	0.00761	0.01121	0.01213	0.22631	0.01334	0.03431	0.11452	0.00270	0.47054	0.00658	0.00268	0.00454
5	0.00591	0.00438	0.00554	0.00618	0.00681	0.00410	0.00428	0.00737	0.03630	0.01309	0.14857	0.58721	0.12724	0.01300	0.00570	0.00175	0.00258	0.01164	0.00440	0.00396
6	0.03415	0.01028	0.01229	0.00962	0.01275	0.01098	0.00795	0.36641	0.01598	0.33583	0.01319	0.01283	0.00904	0.00654	0.02540	0.00161	0.09887	0.00430	0.00464	0.00735
7	0.00656	0.00492	0.00738	0.00738	0.00820	0.00574	0.00574	0.00820	0.00738	0.01066	0.01230	0.01804	0.01148	0.03443	0.82046	0.00738	0.01230	0.00492	0.00246	0.00410
8	0.01718	0.02112	0.01307	0.01172	0.01420	0.75251	0.00886	0.08356	0.01373	0.01272	0.00743	0.00851	0.00607	0.00480	0.00418	0.00120	0.00801	0.00306	0.00255	0.00553
9	0.00855	0.00519	0.00656	0.00618	0.00763	0.00471	0.00464	0.01049	0.03206	0.14556	0.36987	0.18935	0.17121	0.01008	0.00535	0.00154	0.00261	0.00880	0.00485	0.00478
10	0.02060	0.00781	0.01065	0.00817	0.01172	0.00675	0.00675	0.02237	0.01314	0.81320	0.01811	0.01563	0.01136	0.00568	0.00462	0.00142	0.00391	0.00462	0.00568	0.00781
11	0.00568	0.00406	0.00542	0.00645	0.00676	0.00380	0.00437	0.00656	0.00896	0.01195	0.04451	0.78849	0.03054	0.01420	0.00587	0.00186	0.00271	0.03977	0.00428	0.00376
12	0.01063	0.00565	0.00599	0.00539	0.00698	0.00575	0.00419	0.11200	0.01143	0.08063	0.01471	0.01622	0.01123	0.00540	0.00350	0.00114	0.00265	0.00429	0.68722	0.00501
13	0.00786	0.00667	0.00956	0.00887	0.00941	0.00856	0.00712	0.00930	0.00736	0.01107	0.01024	0.01522	0.00960	0.02401	0.50541	0.00524	0.29570	0.00458	0.03980	0.00443
14	0.00661	0.00471	0.00631	0.00631	0.00676	0.00516	0.00440	0.00751	0.00706	0.00986	0.01328	0.02346	0.01383	0.39795	0.46016	0.00606	0.00875	0.00571	0.00261	0.00350
15	0.00990	0.00964	0.01679	0.42207	0.29899	0.01082	0.09049	0.01280	0.00966	0.01312	0.00831	0.01182	0.00660	0.00455	0.00528	0.00150	0.05535	0.00421	0.00215	0.00596
16	0.00726	0.00605	0.00933	0.11025	0.16252	0.00611	0.01945	0.00886	0.00941	0.01263	0.03140	0.47909	0.04936	0.01081	0.00546	0.00172	0.00377	0.05826	0.00359	0.00465
17	0.01125	0.01081	0.01833	0.04481	0.75842	0.01103	0.01388	0.01391	0.01028	0.01476	0.00851	0.01132	0.00719	0.00427	0.00500	0.00140	0.04136	0.00409	0.00226	0.00713
18	0.00967	0.10633	0.66120	0.01313	0.01942	0.01152	0.08776	0.01447	0.00976	0.01417	0.00815	0.00970	0.00593	0.00427	0.00431	0.00141	0.00668	0.00348	0.00198	0.00664
19	0.00819	0.00726	0.00938	0.07375	0.10121	0.07644	0.00719	0.00985	0.00828	0.01110	0.01134	0.01727	0.01066	0.11187	0.50926	0.00540	0.00986	0.00478	0.00243	0.00450
20	0.12403	0.00908	0.01022	0.00824	0.01148	0.00919	0.00666	0.12825	0.20008	0.27599	0.04204	0.01411	0.01117	0.00542	0.00426	0.00135	0.00383	0.00428	0.00450	0.12584
21	0.01257	0.01040	0.01888	0.01382	0.01781	0.00958	0.41329	0.07938	0.01179	0.15777	0.01187	0.06620	0.00932	0.00494	0.00492	0.00140	0.00582	0.00524	0.00330	0.14170
22	0.01942	0.00939	0.01159	0.00892	0.01249	0.00913	0.00736	0.25635	0.03495	0.55627	0.01598	0.01427	0.01035	0.00564	0.00461	0.00141	0.00425	0.00448	0.00533	0.00780
23	0.00576	0.00414	0.00548	0.00638	0.00680	0.00387	0.00440	0.00676	0.00932	0.01247	0.09957	0.69858	0.05420	0.01375	0.00583	0.00183	0.00268	0.05002	0.00433	0.00381
24	0.01204	0.12226	0.06630	0.02265	0.56268	0.10851	0.01282	0.01458	0.01057	0.01397	0.00813	0.01037	0.00684	0.00416	0.00428	0.00130	0.00580	0.00370	0.00222	0.00683
25	0.00834	0.00753	0.01067	0.00967	0.01001	0.00993	0.00779	0.00955	0.00721	0.01082	0.00958	0.04190	0.00951	0.05543	0.34024	0.00428	0.43593	0.00480	0.00230	0.00451
26	0.00699	0.00560	0.00573	0.00553	0.00720	0.00538	0.00419	0.01056	0.16185	0.01443	0.05340	0.03535	0.53866	0.00975	0.00500	0.00149	0.00255	0.00811	0.11362	0.00459

[dist]
# distance from previous block
# <min> <max>
0	14

[block]
# block no. 5 follows, 56 sequences, length 22
# corresponding to MSA columns:
# 660-681
name=unknown_F
#
# <colnr> <probs for GDERKNQSTAVLIFYWHMCP>
#	G	D	E	R	K	N	Q	S	T	A	V	L	I	F	Y	W	H	M	C	P
0	0.07427	0.00947	0.01077	0.00870	0.01196	0.04142	0.00705	0.10682	0.19397	0.46115	0.01625	0.01463	0.01094	0.00566	0.00449	0.00144	0.00412	0.00449	0.00501	0.00740
1	0.01012	0.34320	0.22046	0.00907	0.01277	0.04226	0.00936	0.02720	0.04504	0.01269	0.01249	0.14729	0.04264	0.00749	0.03773	0.00158	0.00529	0.00501	0.00263	0.00568
2	0.00563	0.00466	0.00493	0.00486	0.00633	0.00396	0.00365	0.00698	0.01094	0.01354	0.19039	0.04231	0.66356	0.01120	0.00542	0.00153	0.00230	0.00943	0.00441	0.00396
3	0.00573	0.00468	0.00507	0.00501	0.00644	0.00402	0.00379	0.00715	0.01106	0.01385	0.22510	0.04205	0.60773	0.01113	0.00545	0.00154	0.00234	0.02941	0.00445	0.00399
4	0.00937	0.06740	0.77265	0.01281	0.01944	0.01106	0.01648	0.01450	0.00967	0.01434	0.00814	0.00957	0.00582	0.00434	0.00429	0.00143	0.00668	0.00334	0.00194	0.00674
5	0.00949	0.00946	0.01715	0.52356	0.10361	0.01082	0.18246	0.01256	0.00953	0.01265	0.00832	0.01205	0.00641	0.00460	0.00543	0.00155	0.05833	0.00437	0.00212	0.00554
6	0.87108	0.00888	0.00675	0.00604	0.00888	0.01030	0.00497	0.01350	0.00781	0.02060	0.00639	0.00746	0.00497	0.00426	0.00284	0.00142	0.00355	0.00249	0.00284	0.00497
7	0.00558	0.00469	0.00487	0.00492	0.00643	0.00398	0.00376	0.00684	0.01055	0.01267	0.06895	0.04435	0.73547	0.01162	0.00548	0.00158	0.00244	0.05762	0.00429	0.00391
8	0.00893	0.00829	0.01369	0.72944	0.07494	0.01015	0.01238	0.01235	0.04107	0.01234	0.00877	0.01250	0.00664	0.00464	0.00456	0.00151	0.00589	0.00413	0.02248	0.00529
9	0.01222	0.26980	0.36588	0.01118	0.01594	0.22550	0.01209	0.01530	0.01045	0.01254	0.00738	0.00862	0.00586	0.00433	0.00388	0.00124	0.00661	0.00300	0.00206	0.00613
10	0.00984	0.00974	0.01366	0.01177	0.01182	0.01357	0.00979	0.01088	0.00705	0.01103	0.00640	0.01052	0.00635	0.00961	0.06298	0.00233	0.78159	0.00407	0.00204	0.00497
11	0.00952	0.00816	0.00952	0.00680	0.01088	0.00612	0.00544	0.01156	0.00952	0.01496	0.00816	0.00952	0.00680	0.00340	0.00340	0.00068	0.00340	0.00272	0.00272	0.86672
12	0.00921	0.02375	0.81487	0.01309	0.01987	0.01066	0.01696	0.01454	0.00969	0.01454	0.00824	0.00969	0.00582	0.00436	0.00436	0.00145	0.00678	0.00339	0.00194	0.00678
13	0.00559	0.00400	0.00533	0.00639	0.00666	0.00373	0.00426	0.00639	0.00879	0.01172	0.02530	0.83566	0.03036	0.01438	0.00586	0.00186	0.00266	0.01305	0.00426	0.00373
14	0.36431	0.01070	0.01033	0.00835	0.01161	0.04450	0.00685	0.30630	0.01412	0.16647	0.01026	0.01029	0.00722	0.00500	0.00387	0.00139	0.00437	0.00350	0.00399	0.00656
15	0.00612	0.00468	0.00561	0.00538	0.00663	0.00417	0.00403	0.00793	0.01210	0.01628	0.53731	0.03781	0.31494	0.01018	0.00542	0.00148	0.00222	0.00880	0.00477	0.00417
16	0.87108	0.00888	0.00675	0.00604	0.00888	0.01030	0.00497	0.01350	0.00781	0.02060	0.00639	0.00746	0.00497	0.00426	0.00284	0.00142	0.00355	0.00249	0.00284	0.00497
17	0.01083	0.00593	0.00821	0.00828	0.01000	0.00563	0.00712	0.01286	0.01133	0.22383	0.05089	0.04166	0.02308	0.01073	0.00586	0.00191	0.00407	0.54799	0.00464	0.00517
18	0.01254	0.01135	0.01961	0.01469	0.01852	0.04404	0.43961	0.01819	0.20609	0.13011	0.01348	0.01445	0.02448	0.00489	0.00507	0.00152	0.00610	0.00523	0.00342	0.00661
19	0.04648	0.00868	0.00951	0.00837	0.01093	0.00942	0.00661	0.05967	0.45730	0.13954	0.05809	0.02123	0.10389	0.00701	0.00476	0.00153	0.00355	0.03207	0.00470	0.00666
20	0.01004	0.24551	0.60039	0.01167	0.01768	0.01270	0.01449	0.01432	0.00959	0.01353	0.00774	0.00906	0.00584	0.00424	0.00398	0.00133	0.00628	0.00314	0.00195	0.00654
21	0.46895	0.00928	0.00816	0.00728	0.00993	0.03625	0.00581	0.03706	0.24072	0.03913	0.04458	0.01360	0.05153	0.00551	0.00375	0.00146	0.00366	0.00400	0.00364	0.00572

[dist]
# distance from previous block
# <min> <max>
2	4

[block]
# block no. 6 follows, 56 sequences, length 64
# corresponding to MSA columns:
# 686-746,748-750
name=unknown_G
#
# <colnr> <probs for GDERKNQSTAVLIFYWHMCP>
#	G	D	E	R	K	N	Q	S	T	A	V	L	I	F	Y	W	H	M	C	P
0	0.01079	0.00566	0.00749	0.00656	0.00838	0.00509	0.00513	0.01275	0.01269	0.25926	0.48945	0.02958	0.05707	0.02971	0.00567	0.00155	0.00285	0.03988	0.00513	0.00533
1	0.00916	0.00864	0.01449	0.68264	0.15717	0.01034	0.01286	0.01235	0.02454	0.01240	0.00844	0.01219	0.00646	0.00454	0.00458	0.00150	0.00596	0.00410	0.00213	0.00549
2	0.01745	0.01286	0.01378	0.01056	0.01424	0.01424	0.00873	0.79471	0.02159	0.02893	0.01102	0.01102	0.00781	0.00551	0.00459	0.00138	0.00505	0.00413	0.00459	0.00781
3	0.00650	0.00469	0.00614	0.00578	0.00686	0.00433	0.00433	0.00866	0.01300	0.01841	0.80760	0.03429	0.04332	0.00939	0.00541	0.00144	0.00217	0.00830	0.00505	0.00433
4	0.87108	0.00888	0.00675	0.00604	0.00888	0.01030	0.00497	0.01350	0.00781	0.02060	0.00639	0.00746	0.00497	0.00426	0.00284	0.00142	0.00355	0.00249	0.00284	0.00497
5	0.01715	0.02188	0.01301	0.01183	0.01419	0.82022	0.00887	0.01833	0.01301	0.01124	0.00710	0.00828	0.00591	0.00473	0.00414	0.00118	0.00828	0.00296	0.00237	0.00532
6	0.01084	0.00934	0.01012	0.00857	0.01162	0.00981	0.00671	0.02050	0.56102	0.01792	0.01549	0.01482	0.01182	0.00537	0.00429	0.00129	0.00356	0.00444	0.00408	0.26840
7	0.00632	0.00484	0.00593	0.00621	0.00728	0.00430	0.00439	0.00760	0.02741	0.01238	0.02636	0.51403	0.17137	0.02422	0.00592	0.01763	0.00281	0.03025	0.00401	0.11674
8	0.01231	0.00953	0.01031	0.00910	0.01177	0.01073	0.00712	0.04587	0.66661	0.10022	0.03903	0.01765	0.02633	0.00631	0.00469	0.00154	0.00364	0.00525	0.00478	0.00721
9	0.00591	0.00422	0.00569	0.00675	0.00715	0.00400	0.00480	0.00693	0.00910	0.01207	0.02513	0.70007	0.02968	0.01409	0.00594	0.00191	0.00293	0.14556	0.00426	0.00382
10	0.01315	0.00953	0.01313	0.01095	0.01203	0.01208	0.00911	0.03911	0.00916	0.22977	0.00947	0.01159	0.00753	0.00731	0.01189	0.00183	0.57922	0.00418	0.00309	0.00587
11	0.00938	0.02991	0.55810	0.01126	0.01637	0.00903	0.01344	0.01348	0.00993	0.06992	0.01330	0.10690	0.02999	0.00656	0.00475	0.00156	0.00574	0.08147	0.00274	0.00618
12	0.01353	0.01091	0.01157	0.00977	0.01274	0.01241	0.00778	0.29401	0.52867	0.02261	0.01600	0.01499	0.01184	0.00598	0.00464	0.00149	0.00413	0.00482	0.00464	0.00746
13	0.27883	0.00842	0.00964	0.00766	0.01100	0.00825	0.00632	0.06315	0.01200	0.52823	0.01415	0.01289	0.00922	0.00524	0.00408	0.00142	0.00386	0.00394	0.00476	0.00695
14	0.00556	0.00411	0.00521	0.00609	0.00658	0.00375	0.00413	0.00643	0.00908	0.01184	0.02897	0.69875	0.16490	0.01391	0.00578	0.00181	0.00261	0.01247	0.00426	0.00375
15	0.01077	0.00850	0.00922	0.00828	0.01065	0.00937	0.00643	0.02030	0.56133	0.07380	0.10642	0.02231	0.11834	0.00722	0.00484	0.00153	0.00333	0.00606	0.00473	0.00656
16	0.00970	0.02029	0.57551	0.01499	0.02112	0.01095	0.25285	0.01459	0.01004	0.01459	0.00856	0.01051	0.00617	0.00421	0.00468	0.00148	0.00708	0.00401	0.00206	0.00660
17	0.01869	0.00755	0.01016	0.00793	0.01116	0.00665	0.00649	0.04242	0.01336	0.68830	0.11997	0.01791	0.01539	0.00616	0.00472	0.00142	0.00371	0.00508	0.00557	0.00736
18	0.00642	0.00434	0.00508	0.00533	0.00539	0.00428	0.00313	0.00661	0.00717	0.00956	0.01700	0.21845	0.01989	0.64588	0.01927	0.00385	0.00403	0.00817	0.00313	0.00300
19	0.01715	0.02188	0.01301	0.01183	0.01419	0.82022	0.00887	0.01833	0.01301	0.01124	0.00710	0.00828	0.00591	0.00473	0.00414	0.00118	0.00828	0.00296	0.00237	0.00532
20	0.00559	0.00400	0.00533	0.00639	0.00666	0.00373	0.00426	0.00639	0.00879	0.01172	0.02530	0.83566	0.03036	0.01438	0.00586	0.00186	0.00266	0.01305	0.00426	0.00373
21	0.01123	0.01078	0.01840	0.06627	0.77293	0.01087	0.01403	0.01398	0.01039	0.01484	0.00861	0.01140	0.00722	0.00411	0.00455	0.00137	0.00549	0.00409	0.00226	0.00717
22	0.02060	0.00781	0.01065	0.00817	0.01172	0.00675	0.00675	0.02237	0.01314	0.81320	0.01811	0.01563	0.01136	0.00568	0.00462	0.00142	0.00391	0.00462	0.00568	0.00781
23	0.02060	0.00781	0.01065	0.00817	0.01172	0.00675	0.00675	0.02237	0.01314	0.81320	0.01811	0.01563	0.01136	0.00568	0.00462	0.00142	0.00391	0.00462	0.00568	0.00781
24	0.00547	0.00460	0.00475	0.00481	0.00626	0.00388	0.00357	0.00664	0.01043	0.01255	0.06971	0.10118	0.72697	0.01175	0.00546	0.00157	0.00234	0.00989	0.00429	0.00388
25	0.00928	0.02322	0.77850	0.01337	0.02006	0.01071	0.05280	0.01455	0.00975	0.01455	0.00829	0.00982	0.00587	0.00434	0.00441	0.00146	0.00683	0.00349	0.00196	0.00676
26	0.00658	0.00484	0.00700	0.00700	0.00769	0.00553	0.00526	0.00795	0.00727	0.01038	0.01265	0.01997	0.01232	0.16370	0.69234	0.00691	0.01104	0.00520	0.00251	0.00389
27	0.01103	0.01324	0.07707	0.01845	0.04286	0.03221	0.65002	0.03407	0.01091	0.01481	0.00905	0.01194	0.00685	0.00415	0.00568	0.00154	0.04245	0.00510	0.00234	0.00623
28	0.00792	0.13182	0.13536	0.00895	0.04696	0.00791	0.00753	0.03486	0.00945	0.01271	0.01807	0.49617	0.02043	0.01033	0.00535	0.00163	0.02723	0.00902	0.00341	0.00486
29	0.27340	0.01136	0.01579	0.01840	0.36496	0.06847	0.13140	0.03696	0.01021	0.01679	0.00801	0.01010	0.00644	0.00420	0.00413	0.00140	0.00542	0.00373	0.00253	0.00628
30	0.01676	0.05940	0.01368	0.01211	0.03657	0.76033	0.00897	0.01800	0.01277	0.01132	0.00711	0.00832	0.00595	0.00468	0.00410	0.00118	0.00804	0.00297	0.00234	0.00540
31	0.00677	0.00612	0.06322	0.00681	0.00822	0.00514	0.00566	0.00847	0.00949	0.03070	0.11866	0.12582	0.20109	0.07339	0.22948	0.00341	0.00575	0.08394	0.00363	0.00423
32	0.01064	0.35001	0.48421	0.01091	0.01649	0.01359	0.01314	0.01437	0.00961	0.02777	0.00768	0.00887	0.00595	0.00421	0.00380	0.00126	0.00598	0.00304	0.00202	0.00645
33	0.13143	0.00869	0.01060	0.00824	0.01172	0.00831	0.00680	0.13398	0.01368	0.59497	0.01554	0.01389	0.01001	0.00547	0.00438	0.00141	0.00403	0.00427	0.00515	0.00744
34	0.02034	0.00822	0.01091	0.00836	0.01193	0.00736	0.00691	0.08540	0.01383	0.74919	0.01753	0.01525	0.01107	0.00567	0.00461	0.00142	0.00400	0.00458	0.00559	0.00781
35	0.00945	0.00899	0.01507	0.57364	0.23647	0.01059	0.01296	0.01232	0.00940	0.01256	0.00817	0.01189	0.00642	0.00464	0.00512	0.00151	0.04894	0.00408	0.00210	0.00567
36	0.00989	0.20431	0.64024	0.01193	0.01808	0.01232	0.01495	0.01436	0.00961	0.01371	0.00783	0.00918	0.00583	0.00427	0.00405	0.00135	0.00637	0.00319	0.00194	0.00659
37	0.02035	0.00820	0.01090	0.00835	0.01191	0.00733	0.00690	0.08225	0.01379	0.75239	0.01756	0.01527	0.01109	0.00567	0.00461	0.00142	0.00400	0.00458	0.00560	0.00781
38	0.00567	0.00408	0.00540	0.00642	0.00677	0.00381	0.00438	0.00654	0.00894	0.01184	0.02611	0.76778	0.06132	0.01419	0.00586	0.00186	0.00272	0.04828	0.00426	0.00376
39	0.01113	0.00950	0.00984	0.00904	0.01125	0.05003	0.00700	0.10660	0.48976	0.01828	0.01874	0.15970	0.01650	0.00788	0.00494	0.00161	0.00389	0.05345	0.00445	0.00643
40	0.01227	0.84142	0.02406	0.00786	0.01178	0.01817	0.00786	0.01375	0.00933	0.01080	0.00638	0.00736	0.00589	0.00393	0.00295	0.00098	0.00491	0.00245	0.00196	0.00589
41	0.00685	0.00489	0.00677	0.00783	0.00864	0.00481	0.00645	0.00856	0.01003	0.01313	0.02461	0.28995	0.02762	0.01320	0.00619	0.00204	0.00375	0.54636	0.00424	0.00408
42	0.00952	0.00816	0.00952	0.00680	0.01088	0.00612	0.00544	0.01156	0.00952	0.01496	0.00816	0.00952	0.00680	0.00340	0.00340	0.00068	0.00340	0.00272	0.00272	0.86672
43	0.00952	0.00816	0.00952	0.00680	0.01088	0.00612	0.00544	0.01156	0.00952	0.01496	0.00816	0.00952	0.00680	0.00340	0.00340	0.00068	0.00340	0.00272	0.00272	0.86672
44	0.00867	0.00816	0.01377	0.82762	0.03162	0.01020	0.01275	0.01173	0.00918	0.01173	0.00816	0.01224	0.00612	0.00459	0.00459	0.00153	0.00612	0.00408	0.00204	0.00510
