[name]
unknown

[dist]
# distance from previous block
# <min> <max>
0	39

[block]
# block no. 0 follows, 62 sequences, length 37
# corresponding to MSA columns:
# 49-84,86
name=unknown_A
#
# <colnr> <probs for GDERKNQSTAVLIFYWHMCP>
#	G	D	E	R	K	N	Q	S	T	A	V	L	I	F	Y	W	H	M	C	P
0	0.04994	0.11181	0.07882	0.02054	0.20913	0.08597	0.03698	0.06477	0.02958	0.04307	0.00916	0.01129	0.01942	0.00488	0.01743	0.00127	0.03463	0.02624	0.01832	0.12674
1	0.03646	0.13996	0.06918	0.16523	0.10896	0.07549	0.04421	0.11617	0.03757	0.07331	0.02861	0.01080	0.00756	0.00485	0.01805	0.00132	0.00513	0.00358	0.01701	0.03656
2	0.02926	0.13227	0.05474	0.02098	0.00844	0.02020	0.01801	0.02181	0.04107	0.01032	0.02617	0.17056	0.01223	0.07954	0.01024	0.31231	0.02036	0.00534	0.00252	0.00361
3	0.02430	0.08495	0.54863	0.04614	0.12314	0.02451	0.03589	0.02815	0.00933	0.02572	0.00771	0.00922	0.00571	0.00402	0.00398	0.00130	0.00589	0.00325	0.00197	0.00619
4	0.01077	0.46926	0.20225	0.04121	0.04610	0.07626	0.02440	0.02539	0.00917	0.01140	0.00680	0.00816	0.00572	0.00465	0.02750	0.00124	0.00547	0.00277	0.00193	0.01955
5	0.00691	0.00498	0.00608	0.00619	0.00694	0.00497	0.00432	0.06433	0.03910	0.02815	0.03569	0.47110	0.04827	0.17913	0.00866	0.00211	0.02525	0.01966	0.00365	0.03452
6	0.03179	0.42348	0.13330	0.02632	0.02724	0.14668	0.05668	0.04229	0.05394	0.01210	0.00727	0.00832	0.00599	0.00401	0.00343	0.00110	0.00540	0.00289	0.00215	0.00563
7	0.00539	0.00415	0.00489	0.00513	0.00605	0.00370	0.00370	0.00657	0.00965	0.01250	0.21420	0.27789	0.35582	0.04263	0.00579	0.00162	0.00233	0.03029	0.00407	0.00362
8	0.01179	0.00974	0.01030	0.00890	0.01152	0.01114	0.00703	0.19178	0.64510	0.01974	0.01579	0.01466	0.01175	0.00563	0.00431	0.00141	0.00365	0.00460	0.00431	0.00684
9	0.00944	0.00877	0.01418	0.46155	0.29380	0.01006	0.01177	0.05419	0.03617	0.01293	0.00809	0.01108	0.00635	0.00433	0.00464	0.00138	0.03969	0.00382	0.00217	0.00560
10	0.01112	0.39976	0.27890	0.00970	0.01411	0.03493	0.05214	0.05976	0.04136	0.05045	0.00782	0.00869	0.00612	0.00403	0.00352	0.00114	0.00525	0.00299	0.00224	0.00596
11	0.00902	0.16361	0.69106	0.01130	0.01714	0.01107	0.01428	0.01335	0.00893	0.01288	0.00734	0.00862	0.00540	0.00397	0.00382	0.00127	0.00599	0.00300	0.00180	0.00615
12	0.00558	0.00400	0.00502	0.00543	0.00592	0.00375	0.00368	0.00651	0.00878	0.01180	0.19853	0.41934	0.10052	0.17750	0.00852	0.00209	0.00269	0.02308	0.00384	0.00343
13	0.03934	0.15062	0.31055	0.09344	0.11321	0.10662	0.03298	0.04642	0.04438	0.01328	0.00776	0.00925	0.00601	0.00411	0.00385	0.00125	0.00570	0.00322	0.00214	0.00589
14	0.01192	0.03601	0.02976	0.27656	0.11105	0.17685	0.06534	0.04381	0.04040	0.11670	0.03070	0.01147	0.00774	0.00450	0.00417	0.00129	0.00555	0.00381	0.01676	0.00558
15	0.00521	0.00414	0.00456	0.00485	0.00581	0.00363	0.00343	0.00611	0.00895	0.01104	0.03458	0.26268	0.51486	0.08937	0.00670	0.00178	0.00245	0.02258	0.00382	0.00347
16	0.24682	0.01016	0.05172	0.03989	0.04016	0.01053	0.12974	0.10499	0.28992	0.01793	0.01098	0.01147	0.00824	0.00467	0.00395	0.00138	0.00436	0.00390	0.00324	0.00597
17	0.01017	0.26152	0.43719	0.03521	0.04655	0.03208	0.05204	0.02904	0.00935	0.03915	0.00752	0.00878	0.00573	0.00397	0.00373	0.00122	0.00568	0.00307	0.00201	0.00601
18	0.01630	0.00642	0.00840	0.00667	0.00939	0.00568	0.00543	0.01803	0.01136	0.62415	0.01606	0.01483	0.01063	0.00519	0.00395	0.00124	0.00321	0.00420	0.22244	0.00642
19	0.00555	0.00394	0.00525	0.00616	0.00651	0.00376	0.00435	0.00644	0.00828	0.01098	0.02252	0.64721	0.02654	0.07719	0.00675	0.00195	0.00285	0.14647	0.00384	0.00347
20	0.06148	0.03436	0.01683	0.03611	0.70306	0.01034	0.03377	0.02877	0.00971	0.01430	0.00788	0.01024	0.00656	0.00382	0.00410	0.00126	0.00500	0.00369	0.00217	0.00653
21	0.01218	0.04228	0.01603	0.03980	0.46687	0.18119	0.05071	0.09727	0.02736	0.01438	0.00807	0.00995	0.00657	0.00409	0.00413	0.00123	0.00563	0.00361	0.00238	0.00627
22	0.00919	0.05279	0.49133	0.04444	0.21508	0.01000	0.04018	0.01309	0.00915	0.01337	0.00768	0.00943	0.00582	0.00390	0.00401	0.00127	0.00573	0.00331	0.00193	0.05829
23	0.02099	0.07026	0.61003	0.01433	0.16094	0.01036	0.02829	0.01335	0.00908	0.01342	0.00759	0.00914	0.00564	0.00396	0.00399	0.00131	0.00594	0.00323	0.00187	0.00629
24	0.00619	0.00413	0.00464	0.00464	0.00464	0.00413	0.00258	0.00619	0.00619	0.00825	0.01341	0.02785	0.01547	0.85046	0.02166	0.00413	0.00413	0.00619	0.00258	0.00258
25	0.00796	0.00745	0.01251	0.81074	0.02850	0.00926	0.01154	0.01077	0.00863	0.01109	0.03632	0.01207	0.00689	0.00441	0.00428	0.00142	0.00554	0.00392	0.00199	0.00470
26	0.01072	0.14273	0.11177	0.02043	0.53046	0.05843	0.03980	0.01330	0.00959	0.01304	0.00758	0.00965	0.00630	0.00382	0.00397	0.00121	0.00534	0.00346	0.00203	0.00635
27	0.00535	0.00383	0.00515	0.00611	0.00643	0.00363	0.00423	0.00621	0.00825	0.01099	0.02305	0.75799	0.02736	0.01371	0.02807	0.00189	0.00283	0.07753	0.00390	0.00350
28	0.00555	0.00386	0.00483	0.00545	0.00561	0.00370	0.00344	0.00602	0.00742	0.00990	0.01974	0.54489	0.02346	0.32251	0.01142	0.00261	0.00308	0.00991	0.00344	0.00313
29	0.04091	0.00666	0.00781	0.02764	0.03593	0.02071	0.00553	0.09456	0.06344	0.17853	0.05037	0.08744	0.18273	0.08499	0.00616	0.00167	0.00344	0.06572	0.03070	0.00505
30	0.00971	0.25626	0.55991	0.01070	0.01604	0.05339	0.01296	0.01345	0.00904	0.01234	0.00710	0.00831	0.00541	0.00395	0.00366	0.00121	0.00587	0.00288	0.00182	0.00599
31	0.00608	0.00456	0.00684	0.00684	0.00760	0.00532	0.00532	0.00760	0.00684	0.00988	0.01140	0.01672	0.01064	0.03191	0.83360	0.00684	0.01140	0.00456	0.00228	0.00380
32	0.01044	0.00507	0.00625	0.00547	0.00714	0.00464	0.00424	0.01220	0.01072	0.25519	0.24744	0.02198	0.06876	0.03804	0.00477	0.00133	0.00256	0.00551	0.28337	0.00487
33	0.00948	0.22202	0.51433	0.01200	0.07554	0.01169	0.03239	0.01347	0.03223	0.01273	0.00751	0.00884	0.00576	0.00403	0.00396	0.00125	0.02168	0.00309	0.00191	0.00609
34	0.00865	0.03915	0.78910	0.01193	0.01806	0.01005	0.01530	0.01371	0.03100	0.01352	0.00786	0.00913	0.00560	0.00408	0.00402	0.00134	0.00617	0.00317	0.00187	0.00628
35	0.00556	0.00428	0.00508	0.00499	0.00610	0.00380	0.00370	0.00708	0.01077	0.01431	0.44341	0.10791	0.34778	0.00993	0.00506	0.00141	0.00211	0.00859	0.00433	0.00380
36	0.01194	0.01216	0.01494	0.18413	0.01822	0.19479	0.19840	0.11101	0.14917	0.03169	0.00973	0.01122	0.00735	0.00457	0.00455	0.00134	0.02225	0.00403	0.00279	0.00571

[dist]
# distance from previous block
# <min> <max>
0	2

[block]
# block no. 1 follows, 62 sequences, length 35
# corresponding to MSA columns:
# 89-123
name=unknown_B
#
# <colnr> <probs for GDERKNQSTAVLIFYWHMCP>
#	G	D	E	R	K	N	Q	S	T	A	V	L	I	F	Y	W	H	M	C	P
0	0.01085	0.11342	0.47401	0.01276	0.12773	0.02564	0.01270	0.01462	0.02465	0.13131	0.00898	0.00985	0.00648	0.00418	0.00395	0.00128	0.00550	0.00332	0.00240	0.00638
1	0.01589	0.02028	0.01206	0.01096	0.01315	0.83338	0.00822	0.01699	0.01206	0.01041	0.00658	0.00767	0.00548	0.00438	0.00384	0.00110	0.00767	0.00274	0.00219	0.00493
2	0.00884	0.00866	0.01547	0.51445	0.20659	0.00967	0.13272	0.01168	0.00903	0.01199	0.00858	0.01181	0.02346	0.00419	0.00438	0.00139	0.00569	0.00408	0.00202	0.00531
3	0.01185	0.00946	0.04485	0.14357	0.45718	0.00904	0.03289	0.01432	0.01004	0.19292	0.01056	0.01209	0.02320	0.00433	0.00427	0.00131	0.00488	0.00401	0.00280	0.00644
4	0.00656	0.00633	0.02794	0.04713	0.01108	0.00571	0.18370	0.00850	0.02715	0.01199	0.03842	0.32985	0.25939	0.00952	0.00510	0.00154	0.00367	0.00876	0.00343	0.00421
5	0.00609	0.00451	0.00660	0.00660	0.00728	0.00519	0.00502	0.00745	0.00677	0.00970	0.01161	0.01792	0.01116	0.12020	0.74603	0.00655	0.01061	0.00473	0.00231	0.00367
6	0.00889	0.01950	0.63726	0.01351	0.01933	0.01009	0.20436	0.01351	0.00924	0.01351	0.00787	0.00958	0.00564	0.00393	0.00428	0.00137	0.00650	0.00359	0.00188	0.00616
7	0.01093	0.07411	0.17506	0.10546	0.30371	0.05554	0.08752	0.09516	0.01062	0.03025	0.00811	0.01003	0.00630	0.00406	0.00414	0.00128	0.00560	0.00363	0.00229	0.00621
8	0.00872	0.07538	0.77664	0.01182	0.01793	0.01033	0.01518	0.01343	0.00896	0.01325	0.00753	0.00884	0.00539	0.00402	0.00396	0.00132	0.00618	0.00309	0.00180	0.00624
9	0.00540	0.00436	0.00486	0.00507	0.00631	0.00382	0.00392	0.00666	0.00976	0.01203	0.09187	0.10379	0.58005	0.01099	0.00519	0.00154	0.00245	0.13429	0.00400	0.00366
10	0.02159	0.00903	0.04152	0.02256	0.16627	0.00928	0.00784	0.04136	0.43012	0.04393	0.06876	0.01760	0.08976	0.00591	0.00438	0.00139	0.00368	0.00504	0.00377	0.00622
11	0.00967	0.01275	0.15161	0.03708	0.06169	0.03245	0.54014	0.01320	0.00985	0.01338	0.00971	0.01346	0.02125	0.00429	0.00482	0.00143	0.00663	0.04868	0.00222	0.00569
12	0.00529	0.00380	0.00499	0.00582	0.00613	0.00361	0.00390	0.00604	0.00803	0.01067	0.02311	0.71260	0.06430	0.06687	0.05129	0.00214	0.00304	0.01117	0.00377	0.00343
13	0.00853	0.02201	0.82841	0.01213	0.01842	0.00988	0.01572	0.01348	0.00898	0.01348	0.00764	0.00898	0.00539	0.00404	0.00404	0.00135	0.00629	0.00314	0.00180	0.00629
14	0.01134	0.00913	0.01452	0.17449	0.48108	0.02701	0.01117	0.01387	0.02503	0.14297	0.01005	0.04314	0.00805	0.00453	0.00427	0.00132	0.00487	0.00418	0.00268	0.00628
15	0.00874	0.02062	0.72453	0.01308	0.03904	0.00998	0.09808	0.01348	0.00911	0.01350	0.00775	0.00928	0.00553	0.00399	0.00415	0.00135	0.00635	0.00336	0.00184	0.00624
16	0.00804	0.00756	0.01276	0.84023	0.02931	0.00945	0.01182	0.01087	0.00851	0.01087	0.00756	0.01134	0.00567	0.00425	0.00425	0.00142	0.00567	0.00378	0.00189	0.00473
17	0.88052	0.00823	0.00625	0.00560	0.00823	0.00955	0.00461	0.01251	0.00724	0.01909	0.00592	0.00691	0.00461	0.00395	0.00263	0.00132	0.00329	0.00230	0.00263	0.00461
18	0.00688	0.00579	0.00693	0.00648	0.00766	0.05747	0.02652	0.00903	0.04099	0.01421	0.43247	0.02681	0.09610	0.02727	0.19346	0.00265	0.00479	0.02659	0.00378	0.00411
19	0.01136	0.65167	0.12373	0.03966	0.01265	0.04318	0.00852	0.01324	0.00895	0.04422	0.00667	0.00762	0.00567	0.00381	0.00306	0.00101	0.00488	0.00254	0.00197	0.00559
20	0.00602	0.00433	0.00546	0.00518	0.00622	0.00397	0.00388	0.00793	0.01165	0.01644	0.70178	0.03191	0.11818	0.00872	0.00492	0.00133	0.00202	0.00764	0.04846	0.00397
21	0.01033	0.02375	0.02841	0.05162	0.09520	0.01032	0.00773	0.03991	0.60355	0.01692	0.03967	0.01558	0.02692	0.00558	0.00431	0.00140	0.00371	0.00471	0.00388	0.00648
22	0.00619	0.00413	0.00464	0.00464	0.00464	0.00413	0.00258	0.00619	0.00619	0.00825	0.01341	0.02785	0.01547	0.85046	0.02166	0.00413	0.00413	0.00619	0.00258	0.00258
23	0.00544	0.00425	0.00493	0.00492	0.00604	0.00374	0.00363	0.00683	0.01042	0.01358	0.34412	0.14020	0.41611	0.01029	0.00508	0.00144	0.00214	0.00888	0.00424	0.00374
24	0.01299	0.01530	0.01300	0.04432	0.11000	0.45854	0.00926	0.01427	0.00998	0.01080	0.00649	0.00864	0.00567	0.00522	0.00692	0.00136	0.25690	0.00320	0.00207	0.00506
25	0.00882	0.00756	0.00882	0.00630	0.01008	0.00567	0.00504	0.01071	0.00882	0.01387	0.00756	0.00882	0.00630	0.00315	0.00315	0.00063	0.00315	0.00252	0.00252	0.87647
26	0.01031	0.03444	0.35064	0.03078	0.17656	0.02960	0.09461	0.09483	0.05016	0.02867	0.00899	0.03150	0.00701	0.00450	0.00450	0.00135	0.02904	0.00387	0.00240	0.00626
27	0.11517	0.00764	0.00859	0.00635	0.00990	0.00631	0.00512	0.02902	0.00917	0.08230	0.00896	0.00979	0.02417	0.00363	0.00325	0.00080	0.00322	0.00281	0.00283	0.66096
28	0.79437	0.00811	0.00641	0.00568	0.00828	0.00931	0.00467	0.03616	0.00781	0.03657	0.00667	0.00760	0.00512	0.00406	0.00273	0.00130	0.00328	0.00247	0.04469	0.00471
29	0.00610	0.00447	0.00639	0.00639	0.00700	0.00508	0.00476	0.00731	0.00671	0.00955	0.01181	0.01898	0.01162	0.19858	0.66828	0.00629	0.00992	0.00489	0.00234	0.00355
30	0.00602	0.00435	0.00569	0.00535	0.00636	0.00401	0.00401	0.00803	0.01204	0.01706	0.82167	0.03178	0.04015	0.00870	0.00502	0.00134	0.00201	0.00770	0.00468	0.00401
31	0.00516	0.00429	0.00451	0.00451	0.00584	0.00364	0.00336	0.00633	0.00992	0.01215	0.13721	0.07444	0.69276	0.01063	0.00504	0.00144	0.00215	0.00896	0.00404	0.00364
32	0.01053	0.01011	0.01727	0.02612	0.82392	0.01011	0.01306	0.01306	0.00969	0.01390	0.00800	0.01053	0.00674	0.00379	0.00421	0.00126	0.00505	0.00379	0.00211	0.00674
33	0.01085	0.00927	0.00977	0.00871	0.01117	0.01071	0.00680	0.06050	0.77790	0.01823	0.01698	0.01560	0.01271	0.00574	0.00433	0.00144	0.00343	0.00476	0.00433	0.00676
34	0.01563	0.01141	0.01228	0.00947	0.01275	0.01254	0.00780	0.75038	0.01935	0.04091	0.03205	0.01177	0.03276	0.00537	0.00430	0.00128	0.00452	0.00409	0.00428	0.00704

[dist]
# distance from previous block
# <min> <max>
0	1

[block]
# block no. 2 follows, 62 sequences, length 22
# corresponding to MSA columns:
# 125,127-147
name=unknown_C
#
# <colnr> <probs for GDERKNQSTAVLIFYWHMCP>
#	G	D	E	R	K	N	Q	S	T	A	V	L	I	F	Y	W	H	M	C	P
0	0.04537	0.42510	0.01664	0.00864	0.01166	0.32511	0.00744	0.01511	0.01023	0.08927	0.00722	0.00789	0.00593	0.00409	0.00330	0.00103	0.00560	0.00265	0.00232	0.00540
1	0.83927	0.00832	0.00678	0.00657	0.04691	0.00957	0.00501	0.01253	0.00736	0.01884	0.00602	0.00708	0.00471	0.00394	0.00271	0.00131	0.00338	0.00237	0.00261	0.00471
2	0.01097	0.20674	0.14328	0.04191	0.07701	0.07896	0.02017	0.10820	0.10265	0.03034	0.11107	0.01266	0.01120	0.00491	0.00392	0.00122	0.00470	0.00389	0.02040	0.00580
3	0.03931	0.00897	0.01483	0.25065	0.21993	0.00960	0.15179	0.04561	0.10147	0.03462	0.01046	0.07508	0.00877	0.00493	0.00442	0.00140	0.00511	0.00472	0.00263	0.00570
4	0.01053	0.01011	0.01727	0.02612	0.82392	0.01011	0.01306	0.01306	0.00969	0.01390	0.00800	0.01053	0.00674	0.00379	0.00421	0.00126	0.00505	0.00379	0.00211	0.00674
5	0.04189	0.00580	0.00692	0.00596	0.00798	0.00555	0.00470	0.01496	0.07447	0.33237	0.05138	0.05517	0.01283	0.00567	0.00379	0.00122	0.00280	0.00465	0.35642	0.00546
6	0.00618	0.00415	0.00476	0.00476	0.00480	0.00419	0.00273	0.00626	0.00622	0.00834	0.01330	0.02724	0.01521	0.80620	0.06557	0.00427	0.00452	0.00610	0.00256	0.00264
7	0.00520	0.00424	0.00460	0.00468	0.00590	0.00364	0.00345	0.00638	0.00985	0.01226	0.15928	0.14460	0.59953	0.01079	0.00508	0.00146	0.00217	0.00919	0.00406	0.00364
8	0.01589	0.02028	0.01206	0.01096	0.01315	0.83338	0.00822	0.01699	0.01206	0.01041	0.00658	0.00767	0.00548	0.00438	0.00384	0.00110	0.00767	0.00274	0.00219	0.00493
9	0.00549	0.00431	0.00474	0.00464	0.00591	0.00375	0.00348	0.00691	0.01043	0.01352	0.29628	0.03678	0.52858	0.00983	0.00493	0.00138	0.00210	0.00833	0.04487	0.00375
10	0.05754	0.00645	0.00714	0.00600	0.00807	0.00652	0.00479	0.16096	0.01167	0.21269	0.01348	0.01402	0.00981	0.00501	0.00351	0.00114	0.00294	0.00393	0.45893	0.00539
11	0.04420	0.01024	0.01484	0.05489	0.27484	0.01085	0.10021	0.27998	0.02679	0.05436	0.02234	0.01115	0.00763	0.00460	0.00464	0.00132	0.03887	0.00399	0.02783	0.00643
12	0.01476	0.01525	0.01104	0.00954	0.01192	0.45808	0.00738	0.25626	0.01399	0.01622	0.00880	0.00969	0.00684	0.00469	0.00383	0.00114	0.00590	0.00326	0.13593	0.00548
13	0.03260	0.34795	0.26234	0.00934	0.03165	0.01214	0.02426	0.04532	0.04154	0.03469	0.02645	0.00913	0.00686	0.00402	0.00346	0.00110	0.00483	0.00299	0.00228	0.09706
14	0.01045	0.03151	0.08961	0.01059	0.10069	0.24138	0.00798	0.02693	0.03133	0.03096	0.08242	0.09735	0.10308	0.00661	0.00521	0.00134	0.08280	0.00517	0.02959	0.00499
15	0.00555	0.00430	0.00506	0.00494	0.00609	0.00380	0.00368	0.00710	0.01083	0.01436	0.44682	0.08054	0.37193	0.00984	0.00505	0.00140	0.00210	0.00848	0.00433	0.00380
16	0.27954	0.12166	0.12385	0.00940	0.04597	0.01002	0.08524	0.02666	0.04119	0.20432	0.00954	0.00994	0.00684	0.00427	0.00361	0.00128	0.00442	0.00332	0.00305	0.00588
17	0.00968	0.00920	0.01545	0.27188	0.53898	0.00967	0.01225	0.01227	0.00928	0.01298	0.00785	0.01069	0.00639	0.00390	0.00417	0.00128	0.00514	0.00372	0.00206	0.05316
18	0.00882	0.00756	0.00882	0.00630	0.01008	0.00567	0.00504	0.01071	0.00882	0.01387	0.00756	0.00882	0.00630	0.00315	0.00315	0.00063	0.00315	0.00252	0.00252	0.87647
19	0.01298	0.02989	0.03526	0.00963	0.02827	0.02639	0.02518	0.38913	0.30421	0.02125	0.03395	0.02661	0.01042	0.00544	0.00427	0.00133	0.00421	0.00437	0.02051	0.00670
20	0.03377	0.01139	0.01148	0.00918	0.01203	0.09521	0.00746	0.54039	0.01647	0.05951	0.01016	0.01080	0.00753	0.00691	0.06205	0.00164	0.02950	0.00374	0.05143	0.01935
21	0.01145	0.01134	0.08947	0.04682	0.17253	0.05242	0.17728	0.10030	0.09500	0.08409	0.03641	0.01272	0.00888	0.00481	0.00493	0.00137	0.04967	0.01872	0.01567	0.00612

[dist]
# distance from previous block
# <min> <max>
2	12

[block]
# block no. 3 follows, 62 sequences, length 58
# corresponding to MSA columns:
# 160-217
name=unknown_D
#
# <colnr> <probs for GDERKNQSTAVLIFYWHMCP>
#	G	D	E	R	K	N	Q	S	T	A	V	L	I	F	Y	W	H	M	C	P
0	0.01218	0.02630	0.05622	0.05445	0.10150	0.04238	0.13912	0.22038	0.13725	0.05577	0.01013	0.01127	0.00765	0.00495	0.00544	0.00139	0.10015	0.00408	0.00311	0.00628
1	0.05829	0.00882	0.01317	0.39358	0.20644	0.02464	0.03320	0.08827	0.02909	0.02196	0.03010	0.01203	0.02664	0.00448	0.00417	0.00133	0.00505	0.00394	0.00245	0.03236
2	0.81991	0.03412	0.00673	0.00564	0.00824	0.00956	0.00467	0.01234	0.00747	0.01873	0.03747	0.00787	0.00601	0.00412	0.00273	0.00130	0.00328	0.00251	0.00269	0.00461
3	0.00633	0.03821	0.00653	0.02130	0.00755	0.00499	0.00482	0.03345	0.04721	0.01217	0.06382	0.55919	0.04494	0.01236	0.03475	0.00184	0.00316	0.08964	0.00383	0.00393
4	0.02268	0.05055	0.06609	0.05199	0.05270	0.27927	0.17215	0.14049	0.04344	0.01451	0.02141	0.00998	0.00687	0.00451	0.00465	0.00128	0.04548	0.00368	0.00257	0.00568
5	0.00739	0.00370	0.00554	0.00554	0.00554	0.00370	0.00370	0.00554	0.00554	0.00739	0.00739	0.01293	0.00739	0.01478	0.01663	0.87620	0.00370	0.00370	0.00185	0.00185
6	0.01445	0.01144	0.01454	0.04399	0.06653	0.02713	0.12099	0.53888	0.05579	0.04770	0.01023	0.01082	0.00738	0.00480	0.00436	0.00131	0.00505	0.00404	0.00373	0.00683
7	0.00518	0.00411	0.00466	0.00495	0.00595	0.00359	0.00355	0.00624	0.00942	0.01185	0.11531	0.30560	0.48176	0.01141	0.00516	0.00152	0.00224	0.00988	0.00402	0.00359
8	0.00882	0.00756	0.00882	0.00630	0.01008	0.00567	0.00504	0.01071	0.00882	0.01387	0.00756	0.00882	0.00630	0.00315	0.00315	0.00063	0.00315	0.00252	0.00252	0.87647
9	0.00708	0.00601	0.00847	0.00801	0.00850	0.00749	0.00639	0.00830	0.00712	0.01024	0.01244	0.06319	0.04275	0.06854	0.38458	0.00423	0.27230	0.06794	0.00245	0.00398
10	0.01233	0.00835	0.00924	0.00775	0.01024	0.00886	0.00617	0.25343	0.23863	0.14559	0.04302	0.05234	0.11577	0.00649	0.00437	0.00135	0.00348	0.00531	0.06114	0.00616
11	0.00666	0.00604	0.01055	0.00914	0.01061	0.00574	0.22013	0.00823	0.00882	0.01172	0.03181	0.47114	0.09957	0.03018	0.00590	0.00168	0.02554	0.02905	0.00339	0.00411
12	0.01280	0.00769	0.00897	0.00750	0.01000	0.00781	0.00597	0.14975	0.21167	0.27188	0.11601	0.04366	0.11409	0.00669	0.00450	0.00137	0.00333	0.00555	0.00460	0.00617
13	0.00932	0.00791	0.01008	0.00791	0.04799	0.00634	0.04225	0.01144	0.02113	0.03969	0.00803	0.00932	0.00655	0.00339	0.00355	0.00075	0.01959	0.00281	0.00259	0.73937
14	0.06631	0.00746	0.00852	0.00634	0.00977	0.00603	0.00505	0.03696	0.00925	0.02917	0.04069	0.04473	0.00855	0.00395	0.00334	0.00078	0.00315	0.00319	0.00278	0.70401
15	0.00843	0.00798	0.01337	0.69384	0.13417	0.00971	0.01187	0.01113	0.00857	0.01125	0.00753	0.01114	0.00581	0.00434	0.00469	0.00142	0.04406	0.00378	0.00192	0.00499
16	0.00975	0.38910	0.27476	0.02414	0.08435	0.01251	0.02143	0.01245	0.00906	0.01209	0.07369	0.01025	0.00851	0.00480	0.01904	0.00126	0.02181	0.00326	0.00209	0.00566
17	0.01100	0.78551	0.05272	0.00734	0.01100	0.01602	0.00744	0.01249	0.00870	0.01021	0.00753	0.00833	0.03951	0.00395	0.00288	0.00095	0.00452	0.00259	0.00191	0.00541
18	0.00577	0.00408	0.00530	0.00566	0.00613	0.00405	0.00392	0.00674	0.00814	0.01120	0.12681	0.35132	0.05416	0.18387	0.16136	0.00307	0.00438	0.01947	0.03112	0.00345
19	0.04769	0.80326	0.02145	0.00727	0.01085	0.03079	0.00719	0.01281	0.00865	0.01040	0.00593	0.00684	0.00543	0.00367	0.00275	0.00093	0.00455	0.00228	0.00186	0.00542
20	0.02397	0.01186	0.01526	0.09384	0.44287	0.18669	0.04817	0.01424	0.01018	0.07597	0.00827	0.01026	0.00659	0.00417	0.00444	0.00127	0.02990	0.00364	0.00235	0.00607
21	0.01193	0.01216	0.02825	0.06943	0.43792	0.17691	0.07847	0.05414	0.01074	0.04588	0.00856	0.01113	0.00699	0.00425	0.00425	0.00127	0.00572	0.02348	0.00239	0.00613
22	0.19273	0.01161	0.01315	0.16030	0.23671	0.19174	0.05182	0.03666	0.00969	0.01390	0.00718	0.00928	0.00578	0.00421	0.00424	0.00130	0.03873	0.00331	0.00225	0.00542
23	0.01085	0.03152	0.07332	0.01336	0.18861	0.16448	0.11122	0.02408	0.03441	0.07054	0.19732	0.01600	0.03488	0.00538	0.00441	0.00128	0.00497	0.00476	0.00305	0.00554
24	0.00796	0.02629	0.03051	0.49185	0.02104	0.00864	0.02370	0.02927	0.01968	0.01153	0.01179	0.07489	0.07148	0.02017	0.03565	0.00165	0.05601	0.00478	0.00235	0.05077
25	0.00782	0.00395	0.00401	0.00405	0.00501	0.00394	0.00302	0.00975	0.00889	0.01566	0.01428	0.05054	0.01162	0.00531	0.00308	0.00102	0.00200	0.00430	0.83781	0.00394
26	0.00843	0.04114	0.04125	0.08983	0.07924	0.00780	0.08607	0.01201	0.12267	0.03973	0.22415	0.05579	0.07249	0.00716	0.01658	0.00149	0.03890	0.03691	0.01329	0.00507
27	0.00591	0.00434	0.00550	0.00521	0.00624	0.00397	0.00388	0.00775	0.01161	0.01617	0.70834	0.03277	0.13232	0.03075	0.00545	0.00142	0.00208	0.00781	0.00454	0.00393
28	0.00612	0.00437	0.00591	0.00591	0.00634	0.00481	0.00415	0.00700	0.00656	0.00919	0.01225	0.02144	0.01269	0.37954	0.48877	0.00569	0.00831	0.00525	0.00241	0.00328
29	0.01138	0.85302	0.02230	0.00728	0.01092	0.01684	0.00728	0.01274	0.00865	0.01001	0.00592	0.00683	0.00546	0.00364	0.00273	0.00091	0.00455	0.00228	0.00182	0.00546
30	0.00693	0.00469	0.00600	0.00555	0.00672	0.00439	0.00417	0.00920	0.04286	0.06359	0.68784	0.03034	0.06382	0.03847	0.00554	0.00144	0.00223	0.00738	0.00460	0.00424
31	0.00601	0.00453	0.00559	0.00535	0.00648	0.00420	0.00404	0.00820	0.04256	0.01580	0.60696	0.05040	0.18727	0.00915	0.00502	0.00138	0.00214	0.02639	0.00450	0.00403
32	0.00625	0.00412	0.00462	0.00462	0.00465	0.00412	0.00259	0.00632	0.00629	0.00852	0.01342	0.02742	0.01531	0.82032	0.02099	0.00401	0.00405	0.00611	0.03365	0.00263
33	0.00961	0.00981	0.01299	0.01116	0.01126	0.05049	0.00926	0.01055	0.00677	0.01025	0.00563	0.00923	0.00558	0.00731	0.01350	0.00183	0.80455	0.00368	0.00188	0.00467
34	0.00901	0.00764	0.00891	0.00643	0.01013	0.00591	0.00515	0.03713	0.00915	0.01421	0.00774	0.00904	0.00643	0.00386	0.02164	0.00079	0.00339	0.00261	0.00257	0.82827
35	0.01132	0.64919	0.08230	0.00794	0.01148	0.07670	0.00784	0.04115	0.00931	0.01095	0.00723	0.05406	0.00678	0.00432	0.00312	0.00102	0.00481	0.00298	0.00205	0.00544
36	0.01277	0.00893	0.00990	0.00849	0.01114	0.00983	0.00672	0.09815	0.56036	0.18339	0.03161	0.01534	0.01244	0.00566	0.00433	0.00140	0.00352	0.00466	0.00452	0.00684
37	0.00539	0.00408	0.00523	0.00589	0.00632	0.00396	0.00407	0.00620	0.00830	0.01093	0.03388	0.64937	0.14983	0.03000	0.01555	0.00179	0.04088	0.01098	0.00382	0.00352
38	0.00835	0.05229	0.07998	0.16949	0.06126	0.01007	0.02164	0.01028	0.00753	0.01079	0.00785	0.01158	0.00698	0.01247	0.22370	0.00294	0.29222	0.00385	0.00199	0.00476
39	0.00550	0.00396	0.00527	0.00621	0.00666	0.00374	0.00447	0.00649	0.00855	0.01125	0.02431	0.65153	0.06932	0.01289	0.00550	0.00176	0.00273	0.16237	0.00394	0.00355
40	0.06129	0.00772	0.00983	0.00769	0.01088	0.00718	0.00632	0.06455	0.08269	0.67100	0.01592	0.01399	0.01027	0.00524	0.00420	0.00133	0.00364	0.00420	0.00500	0.00707
41	0.02385	0.01416	0.20812	0.02559	0.14678	0.08663	0.12396	0.19766	0.06421	0.03155	0.01833	0.01114	0.00744	0.00452	0.00428	0.00132	0.00560	0.01573	0.00280	0.00632
42	0.01023	0.00964	0.01390	0.17921	0.39780	0.06006	0.01068	0.07710	0.03655	0.01442	0.09300	0.01327	0.02244	0.00485	0.00469	0.00132	0.03814	0.00424	0.00260	0.00586
43	0.04950	0.11786	0.01297	0.01021	0.01262	0.65887	0.00791	0.03176	0.04028	0.01129	0.00693	0.00788	0.00575	0.00434	0.00368	0.00110	0.00692	0.00276	0.00228	0.00509
44	0.07020	0.01029	0.08108	0.01470	0.29316	0.02266	0.02849	0.10548	0.05605	0.11615	0.03082	0.05861	0.00933	0.00496	0.00433	0.00129	0.02018	0.00425	0.00307	0.06490
45	0.03194	0.04792	0.05036	0.19445	0.08119	0.02835	0.19388	0.09133	0.06061	0.12459	0.01010	0.01209	0.00753	0.00450	0.00441	0.00135	0.01284	0.01979	0.00287	0.01990
46	0.00612	0.00411	0.00464	0.00468	0.00473	0.00409	0.00265	0.00618	0.00635	0.00843	0.01450	0.06070	0.03495	0.79747	0.02062	0.00397	0.00401	0.00649	0.00267	0.00264
47	0.00896	0.00846	0.01437	0.47389	0.32085	0.00957	0.02685	0.01152	0.00886	0.01195	0.00799	0.02629	0.00652	0.00452	0.00474	0.01932	0.02394	0.00396	0.00201	0.00540
48	0.05662	0.15564	0.21326	0.01420	0.20002	0.10661	0.07716	0.05651	0.05606	0.01390	0.00799	0.00938	0.00630	0.00407	0.00387	0.00123	0.00554	0.00334	0.00227	0.00604
49	0.00679	0.00445	0.00560	0.00606	0.00697	0.00421	0.00464	0.00822	0.01995	0.05742	0.03316	0.31189	0.15203	0.05074	0.00594	0.00176	0.00292	0.22545	0.08793	0.00387
50	0.00575	0.00414	0.00544	0.00554	0.00630	0.00383	0.00399	0.00735	0.01078	0.01505	0.56220	0.29701	0.03625	0.01020	0.00515	0.00146	0.00216	0.00913	0.00445	0.00383
51	0.01283	0.03743	0.06417	0.00948	0.01179	0.55734	0.00759	0.01447	0.02924	0.01128	0.05242	0.01483	0.14845	0.00569	0.00410	0.00119	0.00618	0.00412	0.00263	0.00480
52	0.01196	0.41453	0.07339	0.02209	0.08913	0.21159	0.01943	0.03101	0.00980	0.01119	0.00761	0.00882	0.02939	0.00427	0.00385	0.00110	0.04040	0.00294	0.00206	0.00546
53	0.01040	0.00887	0.00986	0.00881	0.01118	0.01012	0.02999	0.02134	0.72591	0.02792	0.03418	0.01764	0.01390	0.00606	0.00444	0.00146	0.00348	0.04366	0.00427	0.00652
54	0.01874	0.00741	0.01003	0.00773	0.01093	0.00661	0.00639	0.03893	0.01220	0.78436	0.01631	0.01423	0.01031	0.00533	0.00456	0.00133	0.02804	0.00425	0.00514	0.00717
55	0.00577	0.00399	0.00486	0.00546	0.00607	0.00373	0.00387	0.00682	0.00858	0.01174	0.03667	0.45892	0.15576	0.06894	0.00617	0.00176	0.00259	0.08074	0.12401	0.00354
56	0.02332	0.51820	0.15712	0.03283	0.01312	0.03732	0.02005	0.08475	0.03592	0.03178	0.00732	0.00819	0.00598	0.00399	0.00328	0.00108	0.00494	0.00279	0.00222	0.00580
57	0.30339	0.00783	0.00867	0.00711	0.01003	0.00793	0.00585	0.05348	0.07056	0.43035	0.01316	0.01321	0.00916	0.00512	0.00380	0.00135	0.00355	0.03504	0.00422	0.00620

[dist]
# distance from previous block
# <min> <max>
0	1

[block]
# block no. 4 follows, 62 sequences, length 37
# corresponding to MSA columns:
# 219-255
name=unknown_E
#
# <colnr> <probs for GDERKNQSTAVLIFYWHMCP>
#	G	D	E	R	K	N	Q	S	T	A	V	L	I	F	Y	W	H	M	C	P
0	0.00900	0.01947	0.64852	0.01312	0.04529	0.01001	0.11476	0.03357	0.02685	0.01392	0.00829	0.01018	0.00610	0.00417	0.00421	0.00137	0.00622	0.01672	0.00200	0.00623
1	0.03376	0.14481	0.03545	0.09817	0.15397	0.12637	0.05255	0.21097	0.04230	0.02743	0.00836	0.00970	0.00653	0.00441	0.00421	0.00124	0.02754	0.00347	0.00271	0.00604
2	0.01390	0.01455	0.09516	0.00978	0.01272	0.30028	0.00826	0.19314	0.15787	0.08551	0.01185	0.03502	0.03246	0.00528	0.00416	0.00127	0.00544	0.00398	0.00336	0.00602
3	0.00676	0.00521	0.00599	0.00587	0.00624	0.04387	0.00398	0.00739	0.00675	0.00913	0.01217	0.02234	0.01297	0.49516	0.28260	0.00470	0.03673	0.00536	0.02359	0.00319
4	0.08178	0.14682	0.04735	0.01584	0.30878	0.24952	0.04543	0.01408	0.00993	0.01257	0.00705	0.00878	0.00591	0.00404	0.00401	0.00119	0.02592	0.00316	0.00211	0.00573
5	0.00649	0.00471	0.00573	0.00535	0.00658	0.00436	0.00404	0.03068	0.02698	0.03560	0.57424	0.03248	0.21544	0.02218	0.00523	0.00140	0.00221	0.00772	0.00448	0.00412
6	0.01092	0.02673	0.04474	0.03600	0.31236	0.04546	0.11129	0.05833	0.08680	0.05001	0.02375	0.01175	0.02059	0.00490	0.00584	0.00140	0.13635	0.00411	0.00260	0.00608
7	0.00525	0.00375	0.00490	0.00580	0.00606	0.00350	0.00384	0.00595	0.00805	0.01070	0.02324	0.77245	0.04641	0.07024	0.00653	0.00188	0.00257	0.01162	0.00386	0.00340
8	0.01138	0.85302	0.02230	0.00728	0.01092	0.01684	0.00728	0.01274	0.00865	0.01001	0.00592	0.00683	0.00546	0.00364	0.00273	0.00091	0.00455	0.00228	0.00182	0.00546
9	0.02505	0.00792	0.01234	0.49743	0.15955	0.00913	0.01051	0.07939	0.00984	0.01334	0.03008	0.03163	0.02515	0.00496	0.00428	0.00138	0.00500	0.03053	0.03734	0.00516
10	0.01210	0.01149	0.01321	0.01688	0.39848	0.20964	0.00961	0.01456	0.05215	0.09176	0.02905	0.01314	0.06020	0.00479	0.00415	0.00124	0.00508	0.00406	0.04248	0.00596
11	0.01589	0.02028	0.01206	0.01096	0.01315	0.83338	0.00822	0.01699	0.01206	0.01041	0.00658	0.00767	0.00548	0.00438	0.00384	0.00110	0.00767	0.00274	0.00219	0.00493
12	0.00578	0.00412	0.00520	0.00583	0.00634	0.00393	0.00405	0.02774	0.00866	0.01160	0.04586	0.57988	0.09133	0.07697	0.01946	0.00193	0.00282	0.05699	0.03794	0.00357
13	0.00981	0.00937	0.01590	0.22504	0.61248	0.00982	0.01255	0.01238	0.00940	0.01311	0.00862	0.01136	0.02327	0.00405	0.00424	0.00131	0.00515	0.00390	0.00209	0.00618
14	0.00623	0.00432	0.00520	0.00517	0.00529	0.00452	0.00320	0.00650	0.00634	0.00861	0.01315	0.04627	0.01481	0.68606	0.14112	0.00441	0.02739	0.00603	0.00255	0.00284
15	0.00869	0.00742	0.00868	0.00629	0.00994	0.00559	0.00500	0.01054	0.00880	0.01376	0.00813	0.03891	0.00709	0.00352	0.00323	0.00067	0.00313	0.00286	0.00257	0.84517
16	0.01084	0.01076	0.01678	0.04669	0.74538	0.06839	0.01268	0.01328	0.00983	0.01357	0.00789	0.01035	0.00662	0.00385	0.00419	0.00126	0.00526	0.00372	0.00211	0.00656
17	0.00794	0.00565	0.00690	0.00689	0.00819	0.00563	0.00544	0.14165	0.01119	0.03871	0.07468	0.28696	0.13865	0.01060	0.00524	0.00164	0.00321	0.23237	0.00408	0.00439
18	0.07828	0.09512	0.01481	0.01199	0.09853	0.12594	0.15644	0.14121	0.02862	0.04262	0.00920	0.04418	0.00783	0.05047	0.00539	0.00142	0.03878	0.00406	0.00275	0.04237
19	0.00619	0.00454	0.00642	0.00628	0.00684	0.00501	0.01983	0.00722	0.00667	0.00938	0.01205	0.02051	0.01225	0.31802	0.53330	0.00578	0.00877	0.00514	0.00238	0.00341
20	0.01040	0.00993	0.01691	0.02548	0.79543	0.00993	0.01284	0.01291	0.00969	0.01386	0.00851	0.01184	0.00736	0.00407	0.00427	0.00129	0.00502	0.03146	0.00217	0.00664
21	0.88052	0.00823	0.00625	0.00560	0.00823	0.00955	0.00461	0.01251	0.00724	0.01909	0.00592	0.00691	0.00461	0.00395	0.00263	0.00132	0.00329	0.00230	0.00263	0.00461
22	0.00861	0.00577	0.00722	0.02154	0.00876	0.00563	0.00549	0.03059	0.10446	0.11463	0.17909	0.08881	0.12262	0.00970	0.03977	0.00172	0.00343	0.18298	0.00411	0.05505
23	0.01236	0.00818	0.01090	0.00972	0.09137	0.00767	0.05659	0.11213	0.07988	0.21800	0.02908	0.01440	0.04384	0.00495	0.00405	0.00116	0.00380	0.02116	0.05536	0.21540
24	0.00921	0.00873	0.01381	0.20504	0.05028	0.02111	0.17833	0.05510	0.12324	0.01394	0.08739	0.03142	0.03414	0.00637	0.02695	0.00161	0.10324	0.02197	0.00284	0.00527
25	0.01224	0.00825	0.00959	0.00722	0.01070	0.02289	0.00585	0.11209	0.03497	0.20287	0.01065	0.01144	0.00802	0.00419	0.00366	0.00093	0.00356	0.02247	0.00345	0.50494
26	0.01415	0.00916	0.01031	0.00847	0.01130	0.00982	0.00681	0.27005	0.30349	0.22361	0.01556	0.04184	0.02645	0.00577	0.00432	0.00136	0.00377	0.00467	0.02230	0.00680
27	0.00587	0.00432	0.00550	0.00525	0.00628	0.00395	0.00392	0.00773	0.01163	0.01619	0.70149	0.06007	0.13376	0.00910	0.00503	0.00136	0.00204	0.00800	0.00457	0.00395
28	0.00522	0.00429	0.00469	0.02011	0.00631	0.00374	0.00359	0.00633	0.00952	0.01168	0.08462	0.15447	0.61703	0.02839	0.00543	0.00154	0.00233	0.02317	0.00393	0.00360
29	0.00804	0.00756	0.01276	0.84023	0.02931	0.00945	0.01182	0.01087	0.00851	0.01087	0.00756	0.01134	0.00567	0.00425	0.00425	0.00142	0.00567	0.00378	0.00189	0.00473
30	0.01056	0.01035	0.03566	0.05349	0.70132	0.01021	0.03206	0.03844	0.04025	0.01433	0.00841	0.01074	0.00691	0.00392	0.00424	0.00128	0.00508	0.00385	0.00224	0.00665
31	0.00952	0.01036	0.13434	0.04569	0.31822	0.00810	0.01778	0.02915	0.00954	0.04218	0.02471	0.08687	0.00930	0.00482	0.00408	0.00118	0.00444	0.01384	0.00255	0.22334
32	0.01130	0.15993	0.01125	0.02319	0.01021	0.00989	0.00621	0.29701	0.03463	0.05430	0.05642	0.07474	0.14765	0.00662	0.00416	0.00127	0.00368	0.01471	0.06731	0.00555
33	0.02126	0.10507	0.17306	0.01298	0.19910	0.07845	0.02062	0.06606	0.03971	0.03628	0.00819	0.00945	0.00647	0.00393	0.00375	0.00110	0.00491	0.00317	0.00243	0.20403
34	0.02731	0.14685	0.11242	0.04180	0.05221	0.32808	0.00892	0.04039	0.07632	0.05589	0.00845	0.00941	0.00665	0.00449	0.00409	0.00119	0.03416	0.00316	0.03266	0.00555
35	0.00900	0.00739	0.02568	0.00832	0.07033	0.00683	0.01713	0.08772	0.04636	0.02952	0.05913	0.01613	0.01137	0.16567	0.08208	0.00214	0.02480	0.01929	0.02309	0.28803
36	0.03616	0.08493	0.03302	0.03894	0.14293	0.00903	0.07774	0.06510	0.08212	0.05297	0.05883	0.01157	0.00914	0.00422	0.00384	0.00108	0.00417	0.00366	0.00286	0.27770

[dist]
# distance from previous block
# <min> <max>
1	13

[block]
# block no. 5 follows, 62 sequences, length 15
# corresponding to MSA columns:
# 269-283
name=unknown_F
#
# <colnr> <probs for GDERKNQSTAVLIFYWHMCP>
#	G	D	E	R	K	N	Q	S	T	A	V	L	I	F	Y	W	H	M	C	P
0	0.00964	0.13667	0.14406	0.05291	0.08104	0.00942	0.08833	0.02629	0.02361	0.03608	0.00882	0.05846	0.00756	0.00439	0.00411	0.00111	0.03135	0.00371	0.00240	0.27005
1	0.04643	0.09330	0.36592	0.01096	0.04546	0.01035	0.05441	0.05151	0.04015	0.04274	0.02631	0.01118	0.00750	0.06010	0.00614	0.00152	0.09268	0.00364	0.00235	0.02736
2	0.00793	0.06318	0.00776	0.00610	0.00793	0.00628	0.00469	0.11811	0.01030	0.01369	0.06000	0.16441	0.20950	0.11753	0.00671	0.00166	0.00320	0.03622	0.00346	0.15136
3	0.00614	0.00435	0.00557	0.00587	0.00669	0.00422	0.00436	0.00727	0.00855	0.03850	0.05658	0.25540	0.20527	0.10133	0.16710	0.00289	0.00450	0.10818	0.00356	0.00367
4	0.01039	0.34301	0.18778	0.01054	0.04515	0.04584	0.12447	0.01291	0.00918	0.02786	0.00771	0.03317	0.00651	0.00401	0.00360	0.00109	0.00518	0.00329	0.00211	0.11621
5	0.01032	0.06510	0.01448	0.01718	0.40622	0.06323	0.03533	0.06206	0.03222	0.01372	0.01161	0.06877	0.05550	0.00549	0.00487	0.00132	0.05591	0.03485	0.00259	0.03922
6	0.00658	0.03567	0.00644	0.00580	0.00726	0.00490	0.00437	0.04540	0.00936	0.01227	0.02556	0.31057	0.27102	0.04224	0.00547	0.00153	0.00282	0.06740	0.00362	0.13169
7	0.03813	0.00782	0.00847	0.00886	0.07343	0.12394	0.00624	0.02769	0.02316	0.03573	0.04180	0.06188	0.02046	0.10572	0.26730	0.00340	0.02599	0.08497	0.00282	0.03220
8	0.00987	0.02691	0.04542	0.03021	0.01039	0.05248	0.00624	0.12726	0.03033	0.04954	0.01023	0.01312	0.00865	0.07070	0.21135	0.00267	0.00594	0.00376	0.05236	0.23257
9	0.04698	0.08041	0.02917	0.00932	0.03167	0.03216	0.12150	0.08825	0.07788	0.08166	0.00944	0.01030	0.00724	0.00397	0.00372	0.00103	0.00426	0.00339	0.02083	0.33683
10	0.03460	0.00711	0.04274	0.04476	0.10376	0.00726	0.00715	0.06254	0.03482	0.04657	0.06295	0.05972	0.04181	0.03560	0.31203	0.00350	0.05572	0.02969	0.00288	0.00478
11	0.03648	0.19713	0.07525	0.03976	0.09496	0.07029	0.00786	0.04455	0.03073	0.01320	0.00875	0.02190	0.02861	0.00427	0.00391	0.00104	0.03887	0.00321	0.02241	0.25682
12	0.00945	0.06923	0.11217	0.06434	0.08185	0.04535	0.04947	0.06552	0.06550	0.01359	0.03330	0.01305	0.00900	0.08422	0.08414	0.00195	0.00529	0.00388	0.02882	0.15987
13	0.01105	0.03945	0.03688	0.00914	0.06746	0.05322	0.05206	0.08264	0.02143	0.14184	0.13207	0.03477	0.05932	0.00541	0.00422	0.00114	0.01232	0.00456	0.00344	0.22759
14	0.02524	0.15563	0.10579	0.13331	0.09179	0.06000	0.03405	0.03423	0.02312	0.01281	0.08384	0.03704	0.01034	0.04040	0.02983	0.00149	0.02217	0.00402	0.00246	0.09244

[dist]
# distance from previous block
# <min> <max>
6	31

[block]
# block no. 6 follows, 62 sequences, length 71
# corresponding to MSA columns:
# 382-452
name=unknown_G
#
# <colnr> <probs for GDERKNQSTAVLIFYWHMCP>
#	G	D	E	R	K	N	Q	S	T	A	V	L	I	F	Y	W	H	M	C	P
0	0.01214	0.07177	0.06813	0.02252	0.10734	0.12726	0.04489	0.15441	0.06170	0.08757	0.03665	0.03151	0.05551	0.01489	0.00442	0.00126	0.01437	0.00420	0.01510	0.06435
1	0.06335	0.10289	0.11627	0.03864	0.07301	0.05724	0.05148	0.15884	0.08208	0.03656	0.01982	0.03454	0.02135	0.00504	0.00401	0.00125	0.00471	0.04082	0.00296	0.08512
2	0.02636	0.21041	0.05805	0.01231	0.16663	0.12506	0.04960	0.08186	0.09487	0.03681	0.03454	0.02816	0.02242	0.00468	0.00386	0.00119	0.00492	0.00378	0.01667	0.01782
3	0.04643	0.09933	0.10501	0.02019	0.02378	0.08685	0.03895	0.28225	0.08125	0.05241	0.00940	0.00992	0.00703	0.00445	0.00387	0.00117	0.00483	0.00341	0.00317	0.11629
4	0.10021	0.04294	0.21677	0.02738	0.22166	0.04051	0.01019	0.07907	0.01910	0.02792	0.02910	0.04669	0.01750	0.02650	0.00439	0.00132	0.00480	0.00387	0.00254	0.07753
5	0.00615	0.00459	0.00668	0.00665	0.00730	0.00531	0.00505	0.00747	0.00675	0.00968	0.01154	0.01795	0.01114	0.13235	0.71864	0.00641	0.02561	0.00474	0.00231	0.00366
6	0.01141	0.00877	0.00922	0.00814	0.01047	0.04513	0.00636	0.03778	0.55078	0.11721	0.10471	0.01696	0.01514	0.00593	0.00433	0.00138	0.00342	0.00492	0.03158	0.00635
7	0.00867	0.00754	0.02192	0.00761	0.02062	0.00800	0.00591	0.01643	0.48098	0.01637	0.17782	0.02381	0.14405	0.00727	0.00462	0.00144	0.00301	0.03406	0.00425	0.00561
8	0.00882	0.00756	0.00882	0.00630	0.01008	0.00567	0.00504	0.01071	0.00882	0.01387	0.00756	0.00882	0.00630	0.00315	0.00315	0.00063	0.00315	0.00252	0.00252	0.87647
9	0.01063	0.01042	0.03709	0.04619	0.65637	0.02837	0.01218	0.05604	0.02618	0.01446	0.02690	0.02242	0.00782	0.00425	0.00444	0.00129	0.02213	0.00397	0.00233	0.00651
10	0.00611	0.00443	0.00621	0.00621	0.00675	0.00498	0.00453	0.00719	0.00665	0.00941	0.01198	0.01992	0.01203	0.26758	0.59983	0.00606	0.00930	0.00503	0.00237	0.00345
11	0.00896	0.00783	0.03841	0.02754	0.09295	0.01827	0.00668	0.13740	0.12288	0.01624	0.19124	0.07388	0.13857	0.02806	0.00537	0.00147	0.03191	0.02510	0.02208	0.00517
12	0.00519	0.00421	0.00460	0.00474	0.00590	0.00362	0.00346	0.00633	0.00973	0.01211	0.14151	0.18388	0.57795	0.01096	0.00510	0.00148	0.00219	0.00937	0.00405	0.00362
13	0.00987	0.00929	0.01534	0.02262	0.68251	0.00928	0.01159	0.01261	0.03845	0.01409	0.06278	0.01443	0.05627	0.00471	0.00434	0.00130	0.00461	0.01709	0.00249	0.00634
14	0.00899	0.00910	0.01495	0.01212	0.01325	0.01132	0.19820	0.01064	0.00740	0.01099	0.00719	0.01095	0.00656	0.01025	0.13647	0.00252	0.51816	0.00416	0.00199	0.00478
15	0.00921	0.00908	0.01680	0.48573	0.02529	0.00998	0.28647	0.05887	0.00973	0.01289	0.00824	0.01144	0.00617	0.00409	0.00449	0.00140	0.00604	0.00422	0.02467	0.00520
16	0.01201	0.02420	0.01374	0.13745	0.18029	0.06663	0.03093	0.25765	0.07778	0.01684	0.00905	0.01093	0.00714	0.02086	0.00582	0.00142	0.11443	0.00386	0.00289	0.00607
17	0.07549	0.34091	0.04693	0.00887	0.01170	0.19144	0.00786	0.11160	0.01044	0.01316	0.00677	0.00800	0.00574	0.00451	0.00461	0.00116	0.10969	0.00281	0.01567	0.02265
18	0.00580	0.00437	0.00536	0.00529	0.00633	0.00400	0.00395	0.00757	0.02387	0.01472	0.48744	0.11655	0.23061	0.02642	0.00542	0.00148	0.00223	0.04036	0.00435	0.00387
19	0.01035	0.53503	0.30020	0.00948	0.02692	0.01420	0.02726	0.01302	0.00881	0.01135	0.00660	0.00773	0.00548	0.00378	0.00326	0.00108	0.00521	0.00266	0.00182	0.00577
20	0.00574	0.00419	0.00547	0.00606	0.00667	0.00408	0.00447	0.00683	0.00842	0.01110	0.04666	0.36758	0.12793	0.10318	0.11164	0.00262	0.00400	0.16621	0.00361	0.00353
21	0.03325	0.06220	0.18317	0.01365	0.01765	0.02395	0.35955	0.10890	0.03321	0.02963	0.00845	0.01035	0.00639	0.00435	0.00534	0.00140	0.08613	0.00409	0.00242	0.00592
22	0.00995	0.34595	0.46091	0.01037	0.01542	0.04153	0.03609	0.01332	0.00899	0.01202	0.00696	0.00817	0.00545	0.00388	0.00355	0.00117	0.00569	0.00285	0.00183	0.00590
23	0.00630	0.00441	0.00563	0.00571	0.00605	0.00471	0.00393	0.00704	0.00686	0.00958	0.01380	0.07195	0.01488	0.44574	0.25811	0.00444	0.02783	0.05650	0.04333	0.00319
24	0.03298	0.00882	0.02218	0.04131	0.01150	0.00977	0.01781	0.09943	0.51751	0.02680	0.06583	0.04465	0.03352	0.00620	0.00454	0.00143	0.01698	0.01788	0.01468	0.00617
25	0.05764	0.08632	0.10322	0.00881	0.01094	0.24013	0.00759	0.01254	0.05899	0.01150	0.00992	0.08216	0.00927	0.03882	0.18712	0.00260	0.06102	0.00422	0.00243	0.00476
26	0.02262	0.17962	0.24546	0.01003	0.01370	0.07902	0.02017	0.16061	0.02224	0.07296	0.00829	0.00932	0.00633	0.00475	0.00510	0.00129	0.11424	0.00327	0.01497	0.00599
27	0.00865	0.00772	0.01122	0.19504	0.26810	0.04617	0.00901	0.02810	0.00942	0.02944	0.01483	0.20852	0.06080	0.02147	0.00495	0.00151	0.00441	0.06279	0.00285	0.00502
28	0.01156	0.54217	0.05682	0.00826	0.01141	0.14230	0.00772	0.02921	0.04681	0.01104	0.00785	0.02815	0.00724	0.01608	0.00380	0.00112	0.02675	0.03420	0.00218	0.00535
29	0.03164	0.00793	0.00996	0.00771	0.01085	0.00749	0.00635	0.17331	0.01339	0.60004	0.01512	0.01363	0.00982	0.00519	0.00415	0.00129	0.00370	0.00414	0.06732	0.00696
