[name]
unknown

[dist]
# distance from previous block
# <min> <max>
0	25

[block]
# block no. 0 follows, 53 sequences, length 19
# corresponding to MSA columns:
# 26-43,45
name=unknown_A
#
# <colnr> <probs for GDERKNQSTAVLIFYWHMCP>
#	G	D	E	R	K	N	Q	S	T	A	V	L	I	F	Y	W	H	M	C	P
0	0.01073	0.29495	0.27539	0.01037	0.01456	0.05050	0.01122	0.02840	0.01061	0.01371	0.01237	0.02089	0.01184	0.00673	0.00458	0.00151	0.00573	0.20719	0.00274	0.00599
1	0.02686	0.13725	0.20637	0.01134	0.01560	0.02529	0.09015	0.22142	0.04971	0.04393	0.07588	0.05198	0.01173	0.00581	0.00466	0.00145	0.00552	0.00481	0.00346	0.00679
2	0.01234	0.01047	0.06674	0.01252	0.15965	0.00891	0.00889	0.07011	0.08245	0.11673	0.02804	0.01390	0.00990	0.00501	0.00459	0.00122	0.02132	0.02898	0.00349	0.33473
3	0.00963	0.00819	0.00971	0.00713	0.01107	0.00634	0.00569	0.01172	0.00971	0.01517	0.00889	0.01071	0.00752	0.00646	0.07681	0.00134	0.00438	0.00304	0.00281	0.78368
4	0.01450	0.06798	0.07279	0.01157	0.06795	0.07145	0.00927	0.28208	0.20108	0.04888	0.01232	0.01246	0.00922	0.00534	0.00451	0.00137	0.00509	0.00417	0.00392	0.09405
5	0.00788	0.00510	0.00635	0.00658	0.00779	0.00465	0.00487	0.00946	0.02912	0.10027	0.10104	0.37792	0.23094	0.01241	0.00581	0.00178	0.00294	0.07584	0.00468	0.00458
6	0.04462	0.34240	0.44600	0.01116	0.01676	0.03695	0.01321	0.01488	0.00996	0.01376	0.00771	0.00901	0.00605	0.00437	0.00389	0.00131	0.00621	0.00310	0.00208	0.00658
7	0.01045	0.06461	0.03087	0.00824	0.01048	0.00884	0.00661	0.01706	0.33749	0.08658	0.11316	0.17841	0.07236	0.00877	0.00515	0.00163	0.00354	0.02499	0.00461	0.00613
8	0.00682	0.00502	0.00640	0.00603	0.00723	0.00467	0.00453	0.00929	0.03345	0.01876	0.72801	0.03595	0.09615	0.00985	0.00562	0.00151	0.00231	0.00866	0.00519	0.00456
9	0.00674	0.00505	0.00729	0.00737	0.00813	0.00569	0.00559	0.00826	0.00812	0.01150	0.04615	0.11482	0.03631	0.07376	0.61168	0.00636	0.02361	0.00645	0.00294	0.00417
10	0.01103	0.01225	0.06959	0.01811	0.07500	0.01087	0.54199	0.03457	0.01132	0.03783	0.01203	0.09696	0.01044	0.00556	0.00554	0.00164	0.00700	0.02912	0.00282	0.00633
11	0.11016	0.00861	0.01132	0.00976	0.06602	0.00792	0.00741	0.04240	0.01314	0.64737	0.01669	0.01493	0.01073	0.00564	0.00460	0.00147	0.00417	0.00452	0.00533	0.00778
12	0.00618	0.00486	0.00557	0.00540	0.00678	0.00426	0.00405	0.00788	0.01214	0.01587	0.40352	0.04113	0.44332	0.01100	0.00564	0.00156	0.00234	0.00941	0.00483	0.00426
13	0.01120	0.00841	0.00973	0.00857	0.01035	0.03577	0.00675	0.23170	0.03357	0.03100	0.02338	0.02840	0.01154	0.06817	0.32573	0.00410	0.04835	0.00499	0.09275	0.00555
14	0.01673	0.06687	0.01284	0.00958	0.01300	0.01162	0.00785	0.23268	0.27852	0.27388	0.01620	0.01489	0.01136	0.00593	0.00470	0.00148	0.00437	0.00472	0.00499	0.00780
15	0.00593	0.00424	0.00567	0.00678	0.00711	0.00398	0.00463	0.00685	0.00926	0.01232	0.02628	0.78339	0.03137	0.01487	0.00613	0.00196	0.00287	0.05802	0.00443	0.00391
16	0.00744	0.00592	0.00794	0.00772	0.00836	0.02546	0.00582	0.00872	0.00763	0.01077	0.01255	0.02039	0.01243	0.19868	0.55672	0.00638	0.08502	0.00537	0.00259	0.00410
17	0.01412	0.08631	0.01598	0.01343	0.07321	0.35741	0.09063	0.03056	0.04216	0.01338	0.00859	0.01060	0.00718	0.00544	0.00637	0.00143	0.15250	0.00380	0.06107	0.00584
18	0.09408	0.07343	0.01366	0.01130	0.01399	0.60446	0.00872	0.08377	0.01346	0.01412	0.00773	0.00892	0.00635	0.00550	0.01983	0.00138	0.00774	0.00314	0.00268	0.00574

[dist]
# distance from previous block
# <min> <max>
0	3

[block]
# block no. 1 follows, 53 sequences, length 112
# corresponding to MSA columns:
# 49-75,77-79,81-162
name=unknown_B
#
# <colnr> <probs for GDERKNQSTAVLIFYWHMCP>
#	G	D	E	R	K	N	Q	S	T	A	V	L	I	F	Y	W	H	M	C	P
0	0.03720	0.01149	0.02336	0.02465	0.13007	0.04306	0.07037	0.19760	0.25204	0.09653	0.02545	0.02472	0.02983	0.00585	0.00485	0.00151	0.00497	0.00499	0.00416	0.00731
1	0.07113	0.05636	0.67989	0.01363	0.05705	0.01141	0.01623	0.01500	0.00997	0.01545	0.00838	0.00991	0.00607	0.00450	0.00438	0.00149	0.00668	0.00346	0.00210	0.00691
2	0.01170	0.01112	0.01862	0.05159	0.58826	0.01093	0.07602	0.04381	0.01120	0.01603	0.00906	0.01170	0.00747	0.00423	0.00467	0.00136	0.00562	0.00420	0.00251	0.10992
3	0.09734	0.02194	0.65615	0.01266	0.01886	0.01124	0.01566	0.04661	0.01033	0.01627	0.00868	0.01058	0.00638	0.00483	0.00477	0.00154	0.03212	0.01497	0.00227	0.00682
4	0.01122	0.01130	0.04995	0.14877	0.59917	0.01100	0.01401	0.01439	0.02568	0.01516	0.00908	0.01192	0.00744	0.00436	0.00468	0.00142	0.00570	0.00418	0.00239	0.04820
5	0.02074	0.00829	0.01107	0.00859	0.01222	0.00739	0.00707	0.02345	0.07152	0.74726	0.01890	0.01638	0.01204	0.00596	0.00481	0.00149	0.00405	0.00485	0.00584	0.00809
6	0.01791	0.04787	0.01468	0.01105	0.01471	0.11448	0.00907	0.65932	0.02084	0.02706	0.01077	0.01096	0.00780	0.00557	0.00465	0.00139	0.00567	0.00408	0.00438	0.00772
7	0.00951	0.00901	0.03073	0.03055	0.16221	0.00860	0.21924	0.02969	0.01080	0.03555	0.06948	0.26644	0.04740	0.00842	0.00593	0.00168	0.03768	0.00802	0.00342	0.00567
8	0.00823	0.00420	0.00630	0.00630	0.00634	0.00424	0.00424	0.00634	0.00630	0.00844	0.00852	0.01473	0.00848	0.01753	0.05683	0.81996	0.00457	0.00420	0.00210	0.00218
9	0.00582	0.00416	0.00555	0.00666	0.00693	0.00388	0.00444	0.00666	0.00915	0.01220	0.02634	0.82891	0.03161	0.01497	0.00610	0.00194	0.00277	0.01359	0.00444	0.00388
10	0.42966	0.07272	0.11638	0.05946	0.01407	0.02555	0.07126	0.01504	0.00959	0.10374	0.00929	0.03821	0.00727	0.00495	0.00384	0.00148	0.00486	0.00369	0.00304	0.00589
11	0.01103	0.22141	0.45821	0.01298	0.03893	0.04570	0.08588	0.01506	0.01038	0.02628	0.01821	0.01056	0.01604	0.00456	0.00431	0.00139	0.00655	0.00365	0.00222	0.00668
12	0.00621	0.00437	0.00561	0.00634	0.00665	0.00415	0.00419	0.00703	0.00913	0.01226	0.09605	0.55867	0.02963	0.19390	0.01007	0.00250	0.00318	0.03214	0.00417	0.00374
13	0.01128	0.01289	0.02820	0.02015	0.02498	0.01209	0.78485	0.01531	0.01128	0.01531	0.00967	0.01289	0.00725	0.00403	0.00564	0.00161	0.00806	0.00564	0.00242	0.00645
14	0.02374	0.05081	0.01957	0.07336	0.66151	0.01174	0.05129	0.02368	0.01087	0.01545	0.00888	0.01167	0.00739	0.00429	0.00467	0.00142	0.00577	0.00422	0.00238	0.00729
15	0.01797	0.01329	0.01423	0.01096	0.01475	0.01473	0.00904	0.76249	0.04657	0.02981	0.01172	0.01167	0.00833	0.00576	0.00478	0.00144	0.00521	0.00434	0.00478	0.00811
16	0.00637	0.00484	0.00587	0.00567	0.00692	0.00433	0.00423	0.00824	0.01252	0.01691	0.53089	0.07046	0.28390	0.01072	0.00566	0.00156	0.00233	0.00930	0.00497	0.00433
17	0.00847	0.00705	0.00970	0.00888	0.00929	0.00887	0.00689	0.02840	0.00771	0.01121	0.01078	0.01818	0.01088	0.19492	0.31245	0.03951	0.29487	0.00512	0.00250	0.00432
18	0.01991	0.01059	0.01261	0.00967	0.01343	0.01067	0.00799	0.38031	0.01779	0.44270	0.01540	0.01403	0.01010	0.00583	0.00479	0.00146	0.00463	0.00457	0.00538	0.00813
19	0.00830	0.00415	0.00623	0.00623	0.00623	0.00415	0.00415	0.00623	0.00623	0.00830	0.00830	0.01453	0.00830	0.01660	0.01868	0.86094	0.00415	0.00415	0.00208	0.00208
20	0.01189	0.01194	0.04770	0.02307	0.52626	0.03135	0.04210	0.01750	0.20613	0.01658	0.01157	0.01322	0.00922	0.00483	0.00478	0.00148	0.00542	0.00454	0.00298	0.00746
21	0.00585	0.00484	0.00514	0.00509	0.00659	0.00412	0.00381	0.00725	0.01133	0.01403	0.18395	0.06101	0.64698	0.01174	0.00566	0.00160	0.00240	0.00990	0.00459	0.00412
22	0.02083	0.00912	0.01170	0.00897	0.01269	0.00849	0.00741	0.16658	0.01533	0.65990	0.01747	0.01537	0.01114	0.00588	0.00480	0.00147	0.00429	0.00471	0.00570	0.00813
23	0.01306	0.78993	0.02441	0.00841	0.01241	0.06288	0.00824	0.01458	0.00992	0.01127	0.00669	0.00772	0.00613	0.00414	0.00314	0.00103	0.00531	0.00258	0.00207	0.00610
24	0.00984	0.02235	0.65977	0.03987	0.02175	0.01124	0.13836	0.01507	0.01026	0.01507	0.00875	0.01062	0.00625	0.00447	0.00472	0.00153	0.00720	0.00389	0.00208	0.00691
25	0.00656	0.00477	0.00633	0.00729	0.00804	0.00454	0.00562	0.00800	0.01016	0.01327	0.04887	0.42914	0.10751	0.01386	0.00624	0.00200	0.00335	0.30589	0.00445	0.00412
26	0.00582	0.00416	0.00555	0.00666	0.00693	0.00388	0.00444	0.00666	0.00915	0.01220	0.02634	0.82891	0.03161	0.01497	0.00610	0.00194	0.00277	0.01359	0.00444	0.00388
27	0.01039	0.01106	0.02102	0.01599	0.01871	0.01201	0.43257	0.01310	0.00973	0.01375	0.02399	0.06688	0.00941	0.00755	0.04104	0.00203	0.27680	0.00572	0.00250	0.00575
28	0.03159	0.01295	0.08514	0.07019	0.04390	0.01203	0.51834	0.01482	0.03151	0.01495	0.00955	0.01301	0.00746	0.00481	0.00649	0.00166	0.09606	0.01682	0.00244	0.00629
29	0.01215	0.01172	0.01939	0.05797	0.66324	0.03023	0.06450	0.05407	0.01151	0.01611	0.00911	0.01184	0.00750	0.00435	0.00479	0.00144	0.00591	0.00432	0.00249	0.00739
30	0.01080	0.01053	0.01488	0.43061	0.20163	0.08734	0.01228	0.01378	0.03132	0.02603	0.04023	0.01305	0.00847	0.00514	0.00542	0.00153	0.05769	0.00432	0.00248	0.02248
31	0.01317	0.71039	0.06102	0.00884	0.01293	0.08133	0.00874	0.03509	0.01037	0.01196	0.00692	0.00796	0.00618	0.00422	0.00328	0.00107	0.00549	0.00269	0.00215	0.00618
32	0.00626	0.00458	0.00594	0.00657	0.00731	0.00426	0.00478	0.00764	0.01060	0.01415	0.20524	0.45370	0.12550	0.01322	0.00601	0.00184	0.00283	0.11085	0.00462	0.00411
33	0.01074	0.04474	0.42302	0.01460	0.04023	0.06472	0.13641	0.01463	0.00994	0.01408	0.00815	0.01048	0.00634	0.00525	0.00696	0.00161	0.17552	0.00396	0.00214	0.00647
34	0.01705	0.01195	0.01297	0.01012	0.01354	0.01307	0.00828	0.64747	0.02031	0.06705	0.01245	0.03136	0.00920	0.00621	0.00503	0.02224	0.00487	0.00455	0.07469	0.00758
35	0.00929	0.00540	0.00502	0.00496	0.00613	0.04504	0.00372	0.01145	0.01012	0.01729	0.01509	0.01739	0.01194	0.00655	0.03038	0.00134	0.00290	0.00441	0.78710	0.00450
36	0.00703	0.00530	0.00772	0.00768	0.00858	0.00616	0.00594	0.00913	0.03784	0.01138	0.01313	0.01913	0.01222	0.05960	0.75740	0.00735	0.01220	0.00519	0.00266	0.00435
37	0.00694	0.00466	0.00536	0.00535	0.00542	0.00470	0.00308	0.00707	0.00714	0.00959	0.03323	0.03078	0.01776	0.77463	0.06177	0.00471	0.00497	0.00690	0.00294	0.00300
38	0.05574	0.00818	0.01093	0.00841	0.01208	0.00718	0.00695	0.02292	0.01345	0.77367	0.01836	0.01592	0.01156	0.00586	0.00473	0.00148	0.00405	0.00472	0.00580	0.00801
39	0.02131	0.00835	0.01122	0.00860	0.01231	0.00734	0.00711	0.05423	0.01404	0.77408	0.01856	0.01607	0.01168	0.00591	0.00481	0.00148	0.00412	0.00479	0.00587	0.00813
40	0.01127	0.01285	0.02797	0.02002	0.02477	0.01213	0.77169	0.01525	0.01121	0.01525	0.00961	0.01285	0.00724	0.00410	0.00581	0.00162	0.02191	0.00562	0.00241	0.00643
41	0.01189	0.01027	0.01081	0.00973	0.01243	0.01189	0.00757	0.02540	0.79357	0.01999	0.01945	0.01783	0.01459	0.00648	0.00486	0.00162	0.00378	0.00540	0.00486	0.00757
42	0.00745	0.00536	0.00740	0.00845	0.00950	0.00530	0.00725	0.00949	0.01084	0.01406	0.02633	0.12158	0.05920	0.01331	0.00652	0.00215	0.00418	0.67287	0.00441	0.00434
43	0.00914	0.00861	0.01454	0.78846	0.06411	0.01065	0.01333	0.01231	0.00961	0.01235	0.00852	0.01271	0.00642	0.00476	0.00478	0.00159	0.00634	0.00425	0.00213	0.00540
44	0.01500	0.01297	0.01220	0.01041	0.01343	0.13941	0.00821	0.22736	0.42410	0.06168	0.01538	0.01459	0.01139	0.00601	0.00475	0.00150	0.00496	0.00471	0.00451	0.00742
45	0.01183	0.01136	0.01940	0.02934	0.80221	0.01136	0.01467	0.01467	0.01088	0.01562	0.00899	0.01183	0.00757	0.00426	0.00473	0.00142	0.00568	0.00426	0.00237	0.00757
46	0.00578	0.00485	0.00503	0.00498	0.00654	0.00409	0.00374	0.00712	0.01121	0.01367	0.13891	0.04476	0.70931	0.01182	0.00565	0.00160	0.00240	0.00991	0.00454	0.00409
47	0.01110	0.01246	0.02624	0.05181	0.02402	0.01229	0.67354	0.01479	0.01080	0.01479	0.00927	0.01264	0.00712	0.00451	0.00664	0.00166	0.09223	0.00543	0.00237	0.00627
48	0.01017	0.01060	0.01235	0.01096	0.01222	0.16886	0.09877	0.01163	0.00963	0.01214	0.01377	0.24357	0.01469	0.02369	0.10987	0.00256	0.20895	0.01769	0.00297	0.00489
49	0.01646	0.03827	0.01312	0.01002	0.01333	0.06621	0.00821	0.58756	0.01944	0.02620	0.01165	0.01220	0.00859	0.00626	0.02193	0.00150	0.00522	0.00421	0.12233	0.00730
50	0.00681	0.00458	0.00525	0.00539	0.00542	0.00454	0.00308	0.00692	0.00722	0.00962	0.01642	0.12735	0.01909	0.73362	0.02213	0.00431	0.00441	0.00775	0.00308	0.00301
51	0.01217	0.01202	0.01586	0.01303	0.01437	0.08040	0.09886	0.12368	0.01048	0.01462	0.00769	0.01097	0.00681	0.00801	0.03550	0.00204	0.52084	0.00430	0.00256	0.00578
52	0.00959	0.02472	0.80726	0.01362	0.02069	0.01110	0.01766	0.01514	0.01009	0.01514	0.00858	0.01009	0.00605	0.00454	0.00454	0.00151	0.00706	0.00353	0.00202	0.00706
53	0.00586	0.00419	0.00558	0.00663	0.00694	0.00391	0.00444	0.00675	0.00932	0.01248	0.05704	0.79742	0.03215	0.01477	0.00608	0.00192	0.00275	0.01339	0.00447	0.00391
54	0.01012	0.00870	0.01024	0.00743	0.01146	0.00696	0.00597	0.02927	0.01007	0.01570	0.00846	0.00997	0.00706	0.00382	0.00415	0.00079	0.04294	0.00293	0.00284	0.80112
55	0.01175	0.01001	0.09902	0.00944	0.01294	0.00780	0.07531	0.05908	0.05568	0.15726	0.07758	0.09839	0.03188	0.01977	0.00513	0.00144	0.00438	0.03687	0.00394	0.22235
56	0.01155	0.09953	0.51428	0.01264	0.01829	0.03536	0.03248	0.13875	0.01207	0.01694	0.01857	0.01044	0.00692	0.00495	0.00503	0.00148	0.04752	0.00369	0.00253	0.00696
57	0.01811	0.04979	0.01248	0.00931	0.01267	0.04199	0.00766	0.23157	0.05484	0.40274	0.07428	0.01562	0.01281	0.00612	0.00505	0.00146	0.02608	0.00479	0.00508	0.00756
58	0.00995	0.00981	0.01440	0.01224	0.01267	0.01308	0.06142	0.01127	0.00798	0.01212	0.04443	0.05074	0.00960	0.00977	0.05239	0.00229	0.65329	0.00497	0.00239	0.00517
59	0.02848	0.02304	0.15498	0.00915	0.03077	0.04121	0.00821	0.06324	0.12914	0.05679	0.19017	0.05997	0.15460	0.00804	0.00509	0.00155	0.00416	0.02140	0.00413	0.00589
60	0.01807	0.01306	0.01410	0.01080	0.01463	0.01430	0.00892	0.73705	0.02181	0.05869	0.01167	0.01161	0.00824	0.00569	0.00475	0.00142	0.00517	0.00428	0.00477	0.03098
61	0.00582	0.00416	0.00555	0.00666	0.00693	0.00388	0.00444	0.00666	0.00915	0.01220	0.02634	0.82891	0.03161	0.01497	0.00610	0.00194	0.00277	0.01359	0.00444	0.00388
62	0.00914	0.00861	0.01454	0.78913	0.06346	0.01065	0.01333	0.01231	0.00961	0.01235	0.00851	0.01271	0.00642	0.00476	0.00478	0.00159	0.00634	0.00425	0.00213	0.00540
63	0.01312	0.72627	0.02416	0.00927	0.02392	0.08272	0.03818	0.01474	0.01010	0.01150	0.00685	0.00800	0.00620	0.00416	0.00329	0.00107	0.00552	0.00274	0.00210	0.00612
64	0.01817	0.01339	0.01434	0.01100	0.01482	0.01482	0.00908	0.78627	0.02247	0.03012	0.01148	0.01148	0.00813	0.00574	0.00478	0.00143	0.00526	0.00430	0.00478	0.00813
65	0.00581	0.00419	0.00551	0.00657	0.00691	0.00389	0.00440	0.00667	0.00923	0.01224	0.02740	0.79131	0.06852	0.01484	0.00608	0.00193	0.00276	0.01342	0.00444	0.00389
66	0.00639	0.00481	0.00603	0.00670	0.00768	0.00445	0.00516	0.00783	0.01052	0.01351	0.08631	0.31189	0.26136	0.01323	0.00608	0.00189	0.00311	0.23444	0.00448	0.00412
67	0.05491	0.14694	0.23274	0.01170	0.04662	0.11788	0.03669	0.05763	0.09937	0.12309	0.02171	0.01169	0.00852	0.00502	0.00434	0.00140	0.00584	0.00386	0.00319	0.00684
68	0.01034	0.01028	0.01441	0.01239	0.01241	0.01435	0.01031	0.01140	0.00733	0.01149	0.00649	0.01073	0.00646	0.00928	0.04226	0.00228	0.79626	0.00421	0.00211	0.00520
69	0.00575	0.00474	0.00505	0.00520	0.00657	0.00404	0.00381	0.00696	0.01079	0.01319	0.09137	0.16753	0.63369	0.01241	0.00572	0.00166	0.00247	0.01054	0.00449	0.00404
70	0.12955	0.01516	0.19156	0.03087	0.01562	0.03391	0.01045	0.42783	0.01666	0.05517	0.01051	0.02306	0.00767	0.00539	0.00449	0.00147	0.00549	0.00403	0.00383	0.00729
71	0.07399	0.01233	0.02318	0.03799	0.09006	0.04368	0.52275	0.01467	0.01066	0.01516	0.00943	0.03412	0.00764	0.00480	0.00617	0.00162	0.07782	0.00525	0.00247	0.00621
72	0.00652	0.00605	0.03234	0.00574	0.00760	0.00511	0.00458	0.00921	0.08943	0.01434	0.12211	0.04092	0.61689	0.01105	0.00553	0.00160	0.00269	0.00925	0.00449	0.00454
73	0.01536	0.14323	0.01445	0.01063	0.01353	0.36453	0.00845	0.09390	0.21816	0.03476	0.03029	0.01200	0.00963	0.00542	0.00435	0.00133	0.00622	0.00390	0.00340	0.00645
74	0.01074	0.09260	0.39280	0.01260	0.07254	0.04466	0.02375	0.03514	0.01051	0.02842	0.00978	0.04204	0.01848	0.00503	0.00479	0.00135	0.03835	0.00393	0.00248	0.15002
75	0.08804	0.12140	0.14404	0.01155	0.01497	0.16483	0.07188	0.03458	0.06363	0.09312	0.00947	0.01075	0.00734	0.00542	0.00611	0.00150	0.13840	0.00378	0.00287	0.00631
76	0.01196	0.01023	0.01081	0.00967	0.01237	0.01179	0.00753	0.05031	0.74672	0.02031	0.04034	0.01811	0.01520	0.00655	0.00488	0.00161	0.00379	0.00545	0.00487	0.00750
77	0.01642	0.17205	0.01592	0.01184	0.04443	0.45897	0.00914	0.14687	0.05404	0.01527	0.00861	0.00951	0.00697	0.00496	0.00420	0.00125	0.00704	0.00335	0.00289	0.00627
78	0.02559	0.01059	0.01123	0.00904	0.01236	0.04449	0.00720	0.24117	0.19927	0.07385	0.04576	0.02929	0.02515	0.01812	0.00480	0.00135	0.00428	0.00462	0.00423	0.22761
79	0.01146	0.00662	0.00821	0.00698	0.00925	0.00606	0.00548	0.05006	0.05085	0.22610	0.36280	0.02845	0.13852	0.00835	0.00521	0.00147	0.00305	0.00712	0.00512	0.05883
80	0.00572	0.00484	0.00494	0.00491	0.00650	0.00406	0.00368	0.00699	0.01105	0.01329	0.09379	0.04538	0.75466	0.01196	0.00565	0.00161	0.00241	0.01000	0.00449	0.00406
81	0.03046	0.00518	0.00662	0.00629	0.00752	0.00486	0.00470	0.00987	0.02796	0.05617	0.63271	0.12921	0.04022	0.01001	0.00557	0.00156	0.00247	0.00883	0.00512	0.00469
82	0.01179	0.01014	0.01102	0.01050	0.05014	0.01163	0.00777	0.02444	0.73150	0.01972	0.01883	0.01754	0.01418	0.00635	0.00481	0.00160	0.00383	0.00532	0.03142	0.00747
83	0.01128	0.01289	0.02820	0.02015	0.02498	0.01209	0.78485	0.01531	0.01128	0.01531	0.00967	0.01289	0.00725	0.00403	0.00564	0.00161	0.00806	0.00564	0.00242	0.00645
84	0.00582	0.00416	0.00555	0.00666	0.00693	0.00388	0.00444	0.00666	0.00915	0.01220	0.02634	0.82891	0.03161	0.01497	0.00610	0.00194	0.00277	0.01359	0.00444	0.00388
85	0.01150	0.00703	0.00737	0.00641	0.00830	0.00746	0.00506	0.23288	0.01352	0.02116	0.01434	0.01603	0.01106	0.00643	0.02544	0.00138	0.00338	0.00443	0.59132	0.00550
86	0.00650	0.00455	0.00594	0.00679	0.00730	0.00432	0.00463	0.00796	0.04132	0.03214	0.07139	0.72966	0.03124	0.01410	0.00599	0.00189	0.00281	0.01275	0.00454	0.00417
87	0.02144	0.00813	0.01109	0.00850	0.01220	0.00702	0.00702	0.02329	0.01368	0.80552	0.01886	0.01627	0.01183	0.00592	0.00481	0.00148	0.00407	0.00481	0.00592	0.00813
88	0.00600	0.00430	0.00572	0.00661	0.00703	0.00401	0.00452	0.00708	0.00983	0.01327	0.13926	0.69507	0.03349	0.01417	0.00604	0.00188	0.00274	0.03044	0.00456	0.00399
89	0.04158	0.00823	0.01098	0.00849	0.01214	0.00727	0.00700	0.02314	0.03900	0.76089	0.01858	0.01611	0.01176	0.00590	0.00476	0.00148	0.00405	0.00477	0.00581	0.00804
90	0.01339	0.76871	0.02398	0.00830	0.01232	0.03724	0.00814	0.01493	0.01003	0.05618	0.00735	0.00818	0.00646	0.00421	0.00319	0.00105	0.00514	0.00270	0.00227	0.00623
91	0.00584	0.00417	0.00554	0.00663	0.00690	0.00390	0.00441	0.00666	0.00911	0.01215	0.02614	0.81428	0.03135	0.02996	0.00643	0.00199	0.00281	0.01347	0.00441	0.00386
92	0.02922	0.00774	0.00985	0.00794	0.01106	0.00701	0.00642	0.05562	0.05000	0.54604	0.03398	0.06002	0.13872	0.00739	0.00499	0.00153	0.00376	0.00609	0.00546	0.00716
93	0.00582	0.00418	0.00553	0.00661	0.00692	0.00389	0.00442	0.00666	0.00919	0.01222	0.02686	0.81072	0.04947	0.01491	0.00609	0.00193	0.00276	0.01351	0.00444	0.00389
94	0.01008	0.01093	0.02302	0.01731	0.03446	0.01025	0.59825	0.01338	0.01080	0.01463	0.01336	0.19401	0.01267	0.00646	0.00573	0.00168	0.00684	0.00738	0.00286	0.00590
95	0.00765	0.00547	0.00764	0.00874	0.00982	0.00546	0.00761	0.00981	0.01095	0.01425	0.02533	0.07493	0.02762	0.01325	0.00659	0.00219	0.00436	0.74953	0.00440	0.00439
96	0.03799	0.01015	0.01152	0.00899	0.01244	0.02849	0.02268	0.27555	0.06578	0.17903	0.06311	0.01431	0.01153	0.00553	0.00446	0.00129	0.00429	0.00441	0.05554	0.18291
97	0.01622	0.01198	0.01359	0.01074	0.01423	0.01312	0.04137	0.50901	0.18559	0.07646	0.01456	0.03531	0.02290	0.00618	0.00489	0.00150	0.00488	0.00496	0.00476	0.00776
98	0.00830	0.00415	0.00623	0.00623	0.00623	0.00415	0.00415	0.00623	0.00623	0.00830	0.00830	0.01453	0.00830	0.01660	0.01868	0.86094	0.00415	0.00415	0.00208	0.00208
99	0.01100	0.01382	0.14692	0.04681	0.10668	0.01207	0.35226	0.03493	0.02993	0.01509	0.00906	0.01189	0.00710	0.00497	0.00688	0.00162	0.14270	0.00471	0.00242	0.03914
100	0.01265	0.04644	0.08247	0.07190	0.37979	0.10846	0.08905	0.05348	0.01147	0.03470	0.00891	0.01131	0.00717	0.00473	0.00538	0.00146	0.05712	0.00414	0.00252	0.00687
101	0.01106	0.00791	0.00933	0.00691	0.01067	0.00619	0.00552	0.01316	0.01041	0.10589	0.02265	0.01198	0.00883	0.00415	0.00369	0.00086	0.00342	0.00334	0.10629	0.64773
102	0.00754	0.00545	0.00657	0.00610	0.00761	0.00502	0.00462	0.02094	0.05043	0.04984	0.49877	0.04807	0.23461	0.00996	0.00552	0.00153	0.00252	0.00860	0.00499	0.02131
103	0.03253	0.00862	0.05902	0.04088	0.01080	0.04757	0.00679	0.11180	0.03326	0.03226	0.22456	0.20543	0.11203	0.00961	0.00564	0.00163	0.02599	0.02208	0.00429	0.00522
104	0.01271	0.71153	0.05457	0.00864	0.01264	0.05614	0.00853	0.01486	0.03996	0.01175	0.00740	0.00847	0.00660	0.00503	0.02330	0.00124	0.00550	0.00279	0.00218	0.00615
105	0.00584	0.00417	0.00556	0.00664	0.00694	0.00389	0.00444	0.00670	0.00923	0.01232	0.03976	0.81515	0.03185	0.01488	0.00609	0.00193	0.00276	0.01350	0.00445	0.00389
106	0.00585	0.00474	0.00514	0.00535	0.00663	0.00410	0.00391	0.00702	0.01055	0.01295	0.07420	0.18095	0.57762	0.04579	0.00652	0.00181	0.00263	0.03584	0.00441	0.00399
107	0.05444	0.07141	0.14984	0.01479	0.16251	0.31054	0.02078	0.02798	0.04287	0.05232	0.02249	0.01082	0.00775	0.00532	0.01585	0.00145	0.01603	0.00368	0.00270	0.00642
108	0.01041	0.00944	0.02562	0.41938	0.15323	0.01052	0.04259	0.07855	0.03782	0.02748	0.01146	0.06782	0.00994	0.00604	0.00526	0.00162	0.02599	0.04803	0.00283	0.00597
109	0.00676	0.00459	0.00545	0.00563	0.00573	0.00461	0.00337	0.00702	0.00736	0.00987	0.01670	0.15785	0.01925	0.64232	0.07996	0.00443	0.00494	0.00788	0.00312	0.00316
110	0.31059	0.01194	0.01184	0.00948	0.01293	0.04452	0.02678	0.40404	0.04462	0.06454	0.01027	0.01059	0.00743	0.00525	0.00416	0.00146	0.00481	0.00376	0.00406	0.00694
111	0.18448	0.05029	0.03741	0.01079	0.01430	0.11859	0.12197	0.13009	0.04151	0.03894	0.00955	0.01155	0.00760	0.00500	0.00473	0.00137	0.04155	0.02421	0.00314	0.14294

[dist]
# distance from previous block
# <min> <max>
0	3

[block]
# block no. 2 follows, 53 sequences, length 18
# corresponding to MSA columns:
# 166-183
name=unknown_C
#
# <colnr> <probs for GDERKNQSTAVLIFYWHMCP>
#	G	D	E	R	K	N	Q	S	T	A	V	L	I	F	Y	W	H	M	C	P
0	0.01546	0.01422	0.01298	0.01103	0.01348	0.24240	0.00886	0.30338	0.01557	0.05266	0.03892	0.01520	0.01043	0.00767	0.03409	0.00175	0.12657	0.06524	0.00368	0.00640
1	0.00766	0.06428	0.02816	0.00759	0.00930	0.00637	0.03935	0.03460	0.02350	0.01434	0.10678	0.32383	0.15964	0.01112	0.00554	0.00168	0.00348	0.09207	0.00413	0.05658
2	0.02989	0.00531	0.00803	0.03385	0.00873	0.00532	0.04941	0.00778	0.00719	0.01008	0.00995	0.04448	0.00990	0.07838	0.09397	0.53172	0.00524	0.00476	0.00236	0.05364
3	0.01302	0.00834	0.01014	0.00757	0.01148	0.00671	0.00608	0.01552	0.04489	0.23128	0.01234	0.03696	0.00945	0.00466	0.00402	0.00100	0.00367	0.00381	0.00381	0.56524
4	0.00593	0.00424	0.00564	0.00658	0.00696	0.00395	0.00445	0.00692	0.00964	0.01299	0.11341	0.73960	0.03313	0.01439	0.00605	0.00189	0.00271	0.01303	0.00453	0.00395
5	0.00581	0.00423	0.00548	0.00648	0.00689	0.00390	0.00436	0.00667	0.00932	0.01227	0.02848	0.75307	0.10607	0.01470	0.00606	0.00191	0.00274	0.01325	0.00444	0.00390
6	0.00948	0.02362	0.76143	0.01335	0.02007	0.01078	0.01709	0.01484	0.01014	0.01509	0.00954	0.01260	0.00728	0.00504	0.00466	0.00155	0.00691	0.04747	0.00215	0.00691
7	0.00616	0.00485	0.00558	0.00569	0.00694	0.00433	0.00420	0.00784	0.02623	0.01464	0.24511	0.18445	0.42126	0.01192	0.00574	0.00166	0.00252	0.03200	0.00467	0.00421
8	0.00620	0.00445	0.00591	0.00694	0.00742	0.00421	0.00497	0.00728	0.00952	0.01255	0.02683	0.62941	0.06404	0.03510	0.00663	0.00204	0.00311	0.15502	0.00439	0.00396
9	0.01116	0.00983	0.01166	0.03080	0.14035	0.01095	0.00843	0.02141	0.56677	0.01836	0.02055	0.01970	0.09565	0.00667	0.00492	0.00159	0.00401	0.00568	0.00435	0.00714
10	0.00663	0.00473	0.00610	0.00602	0.00686	0.00442	0.00429	0.00836	0.01195	0.01673	0.57001	0.16641	0.03927	0.11719	0.00814	0.00198	0.00265	0.00924	0.00482	0.00420
11	0.00582	0.00433	0.00538	0.00621	0.00678	0.00394	0.00421	0.00671	0.00948	0.01228	0.03101	0.62989	0.20473	0.03716	0.00651	0.00194	0.00275	0.01261	0.00439	0.00389
12	0.00991	0.00850	0.00991	0.00708	0.01133	0.00637	0.00566	0.01203	0.00991	0.01557	0.00850	0.00991	0.00708	0.00354	0.00354	0.00071	0.00354	0.00283	0.00283	0.86124
13	0.00975	0.02361	0.73377	0.01424	0.02109	0.01119	0.09003	0.01515	0.01020	0.01515	0.00868	0.01036	0.00617	0.00449	0.00464	0.00152	0.00716	0.00373	0.00206	0.00701
14	0.00959	0.02472	0.80726	0.01362	0.02069	0.01110	0.01766	0.01514	0.01009	0.01514	0.00858	0.01009	0.00605	0.00454	0.00454	0.00151	0.00706	0.00353	0.00202	0.00706
15	0.00733	0.00547	0.00645	0.00635	0.00776	0.00517	0.00480	0.01018	0.09249	0.04137	0.29064	0.14660	0.28903	0.01101	0.00566	0.00165	0.00273	0.05583	0.00480	0.00469
16	0.03654	0.25067	0.10150	0.01104	0.02600	0.41064	0.00960	0.01686	0.01182	0.04044	0.00887	0.01040	0.02246	0.00496	0.00404	0.00125	0.00693	0.01757	0.00251	0.00593
17	0.01749	0.01267	0.01353	0.01048	0.01419	0.03134	0.00860	0.62891	0.05448	0.08512	0.01297	0.01275	0.02636	0.00581	0.00474	0.00141	0.00504	0.00443	0.00472	0.04494

[dist]
# distance from previous block
# <min> <max>
7	16

[block]
# block no. 3 follows, 53 sequences, length 18
# corresponding to MSA columns:
# 200-217
name=unknown_D
#
# <colnr> <probs for GDERKNQSTAVLIFYWHMCP>
#	G	D	E	R	K	N	Q	S	T	A	V	L	I	F	Y	W	H	M	C	P
0	0.00626	0.00438	0.00559	0.00631	0.00655	0.00424	0.00412	0.00691	0.00847	0.01131	0.02230	0.52972	0.02632	0.26661	0.04478	0.00301	0.00380	0.03182	0.00389	0.00361
1	0.02306	0.12170	0.09861	0.14652	0.16153	0.07923	0.02570	0.05311	0.05234	0.04894	0.01230	0.03866	0.04153	0.00587	0.00502	0.00149	0.03458	0.04061	0.00290	0.00630
2	0.01606	0.01933	0.01146	0.00923	0.01212	0.04262	0.01831	0.22982	0.11573	0.27228	0.01578	0.03604	0.01210	0.07498	0.00663	0.00176	0.02164	0.02738	0.04972	0.00701
3	0.01446	0.04982	0.01097	0.00870	0.01124	0.15821	0.00688	0.23445	0.03666	0.10194	0.01415	0.01568	0.04228	0.05690	0.03510	0.00175	0.00519	0.00454	0.18495	0.00614
4	0.09746	0.00947	0.01124	0.00898	0.01207	0.00975	0.00730	0.21701	0.03955	0.38461	0.03342	0.03876	0.01159	0.04010	0.00614	0.00165	0.05386	0.00488	0.00490	0.00724
5	0.06503	0.18416	0.05363	0.00941	0.03035	0.03627	0.03302	0.12437	0.01171	0.04038	0.01101	0.03778	0.04040	0.00614	0.02976	0.00140	0.03743	0.00396	0.00305	0.24071
6	0.02942	0.00890	0.00994	0.01061	0.10047	0.05095	0.00732	0.01707	0.31562	0.05943	0.02288	0.09143	0.14216	0.00820	0.00508	0.00162	0.00395	0.06858	0.04020	0.00617
7	0.00656	0.00482	0.00615	0.00599	0.00709	0.00441	0.00446	0.00856	0.01276	0.01769	0.62493	0.11155	0.13160	0.01060	0.00570	0.00157	0.00236	0.02370	0.00507	0.00439
8	0.05037	0.00870	0.00874	0.00841	0.01012	0.08102	0.00641	0.07275	0.22014	0.02845	0.01889	0.22425	0.01857	0.05995	0.03216	0.00206	0.00442	0.09457	0.04452	0.00550
9	0.01008	0.06369	0.51785	0.01349	0.05136	0.04856	0.07985	0.01470	0.03477	0.01457	0.01129	0.04152	0.03929	0.03212	0.00531	0.00160	0.00654	0.00445	0.00239	0.00656
10	0.00710	0.00467	0.00541	0.00541	0.00559	0.00476	0.00326	0.00746	0.00728	0.01017	0.01487	0.02885	0.01638	0.67996	0.10525	0.00466	0.00529	0.00655	0.07390	0.00317
11	0.00600	0.00417	0.00558	0.00660	0.00685	0.00392	0.00438	0.00664	0.00892	0.01190	0.02499	0.76113	0.02987	0.03400	0.00728	0.05400	0.00290	0.01286	0.00426	0.00375
12	0.01051	0.00934	0.01430	0.05754	0.43723	0.00973	0.01083	0.01444	0.11429	0.01583	0.03250	0.05411	0.05652	0.00648	0.01925	0.00159	0.02958	0.00532	0.09405	0.00656
13	0.01017	0.03505	0.09608	0.01022	0.04051	0.00860	0.00886	0.06040	0.02962	0.07710	0.09797	0.07916	0.03115	0.00955	0.00700	0.00183	0.11546	0.27179	0.00393	0.00554
14	0.00999	0.00564	0.00576	0.00537	0.00683	0.00586	0.00412	0.09055	0.04828	0.01917	0.01536	0.01718	0.01194	0.00563	0.00356	0.00117	0.00261	0.00448	0.73152	0.00497
15	0.00743	0.00534	0.00651	0.00691	0.00782	0.00524	0.00497	0.08188	0.02607	0.01492	0.06679	0.53986	0.09498	0.01276	0.00575	0.00180	0.00302	0.04812	0.05537	0.00446
16	0.03553	0.02758	0.11071	0.01643	0.22319	0.09116	0.09600	0.08088	0.07435	0.04189	0.04051	0.01695	0.03550	0.00591	0.00515	0.00153	0.02333	0.06358	0.00319	0.00664
17	0.01469	0.03668	0.01452	0.04448	0.08115	0.40806	0.06123	0.07949	0.08253	0.01489	0.04415	0.01345	0.03333	0.00566	0.00501	0.00140	0.03323	0.01697	0.00303	0.00605

[dist]
# distance from previous block
# <min> <max>
3	8

[block]
# block no. 4 follows, 53 sequences, length 19
# corresponding to MSA columns:
# 228-246
name=unknown_E
#
# <colnr> <probs for GDERKNQSTAVLIFYWHMCP>
#	G	D	E	R	K	N	Q	S	T	A	V	L	I	F	Y	W	H	M	C	P
0	0.00971	0.01139	0.17303	0.01027	0.01372	0.00840	0.11127	0.07610	0.07056	0.03491	0.21713	0.07174	0.07229	0.00734	0.00515	0.00151	0.00459	0.02211	0.00385	0.07491
1	0.01054	0.01042	0.01770	0.12974	0.08197	0.02774	0.25505	0.02948	0.05462	0.02559	0.03357	0.10647	0.01128	0.00668	0.00748	0.00171	0.17532	0.00592	0.00285	0.00588
2	0.00627	0.00503	0.00564	0.00564	0.00702	0.00452	0.00421	0.00826	0.04540	0.01475	0.23359	0.12746	0.47344	0.01161	0.00568	0.00164	0.00252	0.02835	0.00466	0.00430
3	0.01083	0.00937	0.01318	0.07665	0.01450	0.07848	0.14573	0.01343	0.06692	0.08027	0.05551	0.06334	0.05314	0.01098	0.09378	0.08435	0.10140	0.00567	0.01717	0.00530
4	0.01080	0.01046	0.00887	0.00820	0.01004	0.21130	0.00622	0.07954	0.05822	0.02808	0.22967	0.10826	0.17584	0.00901	0.00524	0.00152	0.00438	0.02498	0.00423	0.00516
5	0.01314	0.05243	0.01630	0.11941	0.40100	0.01123	0.01171	0.07002	0.10137	0.11823	0.01161	0.01311	0.00885	0.00492	0.00465	0.00145	0.00520	0.00438	0.02375	0.00725
6	0.00849	0.00619	0.00685	0.00634	0.00825	0.00590	0.00486	0.01231	0.16110	0.08763	0.18602	0.03592	0.43190	0.01002	0.00542	0.00158	0.00280	0.00843	0.00481	0.00517
7	0.00592	0.00439	0.00547	0.00617	0.00679	0.00400	0.00423	0.00693	0.00985	0.01291	0.10437	0.56500	0.18982	0.04235	0.00660	0.00193	0.00272	0.01217	0.00446	0.00394
8	0.01004	0.00970	0.01698	0.52085	0.25878	0.01096	0.07800	0.01319	0.01009	0.01347	0.00874	0.01249	0.00680	0.00456	0.00484	0.00154	0.00631	0.00437	0.00222	0.00607
9	0.00956	0.00536	0.00545	0.00521	0.00659	0.00557	0.00397	0.04287	0.08535	0.01851	0.01580	0.01757	0.01231	0.00566	0.00354	0.00117	0.00249	0.00454	0.74357	0.00490
10	0.00700	0.00481	0.00610	0.00628	0.00668	0.00501	0.00431	0.00782	0.00783	0.01082	0.01630	0.08376	0.01773	0.45071	0.22548	0.00484	0.00650	0.08419	0.04026	0.00354
11	0.01362	0.01065	0.01138	0.00977	0.01272	0.01204	0.00773	0.18676	0.56599	0.06190	0.01761	0.01640	0.01300	0.00627	0.00480	0.00156	0.00406	0.00511	0.03100	0.00762
12	0.01878	0.01196	0.01341	0.01033	0.01408	0.01276	0.00852	0.56909	0.04589	0.22480	0.01360	0.01289	0.00927	0.00581	0.00479	0.00145	0.00491	0.00447	0.00507	0.00811
13	0.00830	0.00415	0.00623	0.00623	0.00623	0.00415	0.00415	0.00623	0.00623	0.00830	0.00830	0.01453	0.00830	0.01660	0.01868	0.86094	0.00415	0.00415	0.00208	0.00208
14	0.00645	0.00494	0.00594	0.00588	0.00712	0.00449	0.00440	0.00845	0.02922	0.01619	0.42101	0.11879	0.29629	0.01114	0.00571	0.00162	0.00248	0.04068	0.00486	0.00435
15	0.02669	0.01030	0.01399	0.01261	0.09712	0.02877	0.10876	0.19042	0.12133	0.16000	0.09004	0.04367	0.03148	0.00703	0.02182	0.00165	0.00502	0.01802	0.00433	0.00696
16	0.00761	0.00516	0.00617	0.00590	0.00743	0.00456	0.00451	0.00932	0.01210	0.08642	0.33423	0.07043	0.36806	0.01082	0.00564	0.00160	0.00262	0.04795	0.00489	0.00460
17	0.11224	0.05349	0.03404	0.07094	0.10045	0.06846	0.12901	0.01341	0.00940	0.01405	0.00829	0.01207	0.00726	0.00686	0.03411	0.00185	0.25938	0.02659	0.00241	0.03571
18	0.01861	0.00790	0.01038	0.00820	0.01150	0.00708	0.00670	0.04125	0.04745	0.61388	0.07554	0.01829	0.01449	0.00628	0.00479	0.00146	0.00385	0.02051	0.04915	0.03270

[dist]
# distance from previous block
# <min> <max>
2	6

[block]
# block no. 5 follows, 53 sequences, length 17
# corresponding to MSA columns:
# 253-269
name=unknown_F
#
# <colnr> <probs for GDERKNQSTAVLIFYWHMCP>
#	G	D	E	R	K	N	Q	S	T	A	V	L	I	F	Y	W	H	M	C	P
0	0.05421	0.00823	0.00961	0.00792	0.01075	0.00797	0.00627	0.09235	0.09907	0.14148	0.04302	0.11331	0.02955	0.00734	0.02378	0.00148	0.03760	0.00541	0.04785	0.25279
1	0.03536	0.20342	0.08037	0.01101	0.01433	0.19593	0.10776	0.08187	0.07677	0.01453	0.01000	0.01318	0.00868	0.11887	0.00703	0.00178	0.00625	0.00414	0.00280	0.00593
2	0.06128	0.01769	0.01334	0.01141	0.01411	0.44278	0.00892	0.22042	0.01484	0.01725	0.00838	0.00957	0.00668	0.00537	0.00542	0.00135	0.08540	0.00347	0.00308	0.04923
3	0.01158	0.14617	0.03942	0.00855	0.01162	0.00951	0.04599	0.09132	0.06161	0.11211	0.12096	0.05437	0.11034	0.00724	0.00477	0.00141	0.00411	0.04953	0.00402	0.10538
4	0.00643	0.00476	0.00591	0.00584	0.00688	0.00434	0.00425	0.00817	0.01208	0.01649	0.50779	0.14840	0.18682	0.05232	0.00664	0.00174	0.00248	0.00953	0.00487	0.00425
5	0.05458	0.00618	0.00685	0.00650	0.00815	0.00615	0.00488	0.01200	0.16010	0.04776	0.24049	0.10847	0.26443	0.04464	0.00615	0.00173	0.00290	0.00839	0.00466	0.00500
6	0.06781	0.01024	0.01340	0.01135	0.04532	0.07965	0.13536	0.06536	0.07257	0.22374	0.07990	0.07225	0.04786	0.00680	0.00533	0.00156	0.02901	0.02182	0.00419	0.00645
7	0.00845	0.00749	0.01077	0.03990	0.08641	0.03088	0.05794	0.01050	0.04193	0.01232	0.01518	0.16421	0.03815	0.11583	0.23384	0.00376	0.10787	0.00677	0.00299	0.00482
8	0.01672	0.00830	0.01032	0.00831	0.01133	0.00801	0.00672	0.12704	0.09175	0.43559	0.15943	0.01936	0.01765	0.00663	0.00488	0.00147	0.00378	0.00547	0.05002	0.00723
9	0.00670	0.00455	0.00538	0.00569	0.00579	0.00448	0.00344	0.00698	0.00762	0.01015	0.01815	0.22506	0.02117	0.60594	0.01930	0.00390	0.00418	0.03501	0.00332	0.00319
10	0.01141	0.06763	0.14703	0.07625	0.05624	0.02906	0.32276	0.07207	0.01120	0.01531	0.00928	0.01271	0.00743	0.00515	0.00643	0.00161	0.11306	0.02649	0.00250	0.00638
11	0.00633	0.00492	0.00579	0.00587	0.00705	0.00448	0.00428	0.00831	0.04295	0.01521	0.30360	0.22454	0.32580	0.01174	0.00572	0.00165	0.00250	0.01022	0.00474	0.00431
12	0.00582	0.00416	0.00555	0.00666	0.00693	0.00388	0.00444	0.00666	0.00915	0.01220	0.02634	0.82891	0.03161	0.01497	0.00610	0.00194	0.00277	0.01359	0.00444	0.00388
13	0.12636	0.03122	0.01387	0.11393	0.06378	0.08128	0.07778	0.23090	0.05671	0.05380	0.04313	0.01292	0.00948	0.00579	0.01769	0.00155	0.00548	0.00432	0.04349	0.00651
14	0.01392	0.12201	0.03450	0.01066	0.01313	0.35096	0.02809	0.10425	0.01246	0.01392	0.01035	0.04938	0.00959	0.04483	0.09198	0.00219	0.04112	0.03822	0.00285	0.00559
15	0.03659	0.01225	0.06621	0.05550	0.16506	0.09827	0.03738	0.01365	0.00992	0.03366	0.02465	0.01188	0.02337	0.00575	0.00767	0.00151	0.24247	0.00404	0.00255	0.14762
16	0.04671	0.04636	0.11569	0.01134	0.02790	0.13935	0.10143	0.07111	0.05726	0.01603	0.05265	0.07046	0.01377	0.00685	0.00492	0.00151	0.00562	0.12000	0.00330	0.08773

[dist]
# distance from previous block
# <min> <max>
0	8

[block]
# block no. 6 follows, 53 sequences, length 15
# corresponding to MSA columns:
# 278-292
name=unknown_G
#
# <colnr> <probs for GDERKNQSTAVLIFYWHMCP>
#	G	D	E	R	K	N	Q	S	T	A	V	L	I	F	Y	W	H	M	C	P
0	0.21270	0.01029	0.01037	0.00932	0.04888	0.06034	0.00709	0.24520	0.01419	0.05869	0.09187	0.03197	0.07535	0.00659	0.00450	0.00145	0.00435	0.04020	0.00402	0.06262
1	0.16643	0.02781	0.04762	0.08838	0.01510	0.11766	0.00871	0.29614	0.01478	0.03918	0.01070	0.01290	0.02002	0.00549	0.00435	0.00141	0.00536	0.03915	0.00357	0.07522
2	0.06580	0.09282	0.09108	0.01470	0.15861	0.02220	0.13103	0.08613	0.09146	0.11630	0.01262	0.04080	0.02148	0.00543	0.00468	0.00147	0.00541	0.01657	0.00340	0.01802
3	0.00620	0.00469	0.00663	0.00716	0.00779	0.00436	0.03929	0.00730	0.00961	0.01278	0.06995	0.65880	0.07560	0.03110	0.00643	0.00195	0.00305	0.03891	0.00436	0.00404
4	0.01009	0.00982	0.01366	0.01186	0.01192	0.01355	0.00980	0.01116	0.00754	0.01178	0.00796	0.06581	0.00820	0.00871	0.01460	0.00205	0.73844	0.00483	0.03314	0.00511
5	0.01146	0.36017	0.37372	0.01285	0.09358	0.04577	0.01309	0.01490	0.01015	0.01343	0.00777	0.00920	0.00624	0.00434	0.00394	0.00129	0.00618	0.00318	0.00208	0.00667
6	0.01821	0.09028	0.01252	0.00883	0.01226	0.04181	0.00732	0.08321	0.10755	0.49419	0.06099	0.01602	0.01296	0.00597	0.00467	0.00144	0.00431	0.00476	0.00514	0.00756
7	0.02047	0.00833	0.01096	0.00846	0.01202	0.00748	0.00697	0.08114	0.01414	0.70061	0.01810	0.01599	0.01157	0.00588	0.00472	0.00145	0.00405	0.00475	0.05498	0.00792
8	0.05502	0.01014	0.01128	0.00944	0.01261	0.01097	0.00755	0.14767	0.41704	0.23844	0.01740	0.01590	0.01235	0.00611	0.00475	0.00155	0.00410	0.00493	0.00505	0.00770
9	0.01244	0.63736	0.17383	0.00944	0.01401	0.05927	0.01004	0.01472	0.00999	0.01201	0.00705	0.00818	0.00612	0.00422	0.00341	0.00113	0.00567	0.00277	0.00206	0.00628
10	0.00938	0.00467	0.00488	0.00474	0.00588	0.00461	0.00349	0.01137	0.00991	0.05850	0.01571	0.01906	0.01273	0.08662	0.00548	0.00148	0.00256	0.00472	0.72972	0.00450
11	0.00617	0.00474	0.00566	0.00580	0.00694	0.00423	0.00428	0.00771	0.01148	0.01507	0.31327	0.20798	0.33622	0.01191	0.00578	0.00167	0.00251	0.03968	0.00473	0.00419
12	0.00945	0.00540	0.00550	0.00519	0.00662	0.00549	0.00397	0.07617	0.03244	0.01843	0.01857	0.02005	0.08923	0.00625	0.00373	0.00120	0.00254	0.00502	0.67996	0.00481
13	0.03544	0.00861	0.01090	0.01043	0.08873	0.00863	0.00751	0.08417	0.17437	0.29394	0.14404	0.02125	0.04703	0.00696	0.00500	0.00154	0.00392	0.03557	0.00496	0.00701
14	0.00651	0.00501	0.00604	0.00657	0.00748	0.00480	0.00468	0.00883	0.08684	0.01371	0.08769	0.48650	0.20500	0.01305	0.00586	0.00181	0.00281	0.03792	0.00454	0.00434

[dist]
# distance from previous block
# <min> <max>
7	39

[block]
# block no. 7 follows, 53 sequences, length 27
# corresponding to MSA columns:
# 333-359
name=unknown_H
#
# <colnr> <probs for GDERKNQSTAVLIFYWHMCP>
#	G	D	E	R	K	N	Q	S	T	A	V	L	I	F	Y	W	H	M	C	P
0	0.05833	0.04972	0.15879	0.03521	0.04661	0.08244	0.24209	0.07083	0.04470	0.08847	0.02171	0.01284	0.02590	0.00495	0.00492	0.00148	0.01653	0.00453	0.00303	0.02691
1	0.00603	0.00450	0.00548	0.00605	0.00678	0.00411	0.00421	0.00707	0.00990	0.01286	0.10277	0.44510	0.24074	0.08509	0.00755	0.00206	0.00285	0.03858	0.00438	0.00391
2	0.01076	0.15797	0.40719	0.01531	0.07656	0.01270	0.20178	0.01528	0.03133	0.01468	0.00884	0.01069	0.00670	0.00437	0.00458	0.00145	0.00679	0.00398	0.00222	0.00681
3	0.01036	0.00821	0.02235	0.05467	0.07294	0.04321	0.02307	0.04692	0.13318	0.08599	0.09364	0.24697	0.02170	0.00952	0.00547	0.00172	0.00417	0.10596	0.00427	0.00568
4	0.01928	0.05226	0.01595	0.01278	0.05629	0.03763	0.27595	0.01203	0.00985	0.01379	0.01319	0.09433	0.02967	0.05366	0.12442	0.02115	0.03670	0.00591	0.10991	0.00525
5	0.00590	0.00434	0.00554	0.00638	0.00694	0.00398	0.00439	0.00691	0.00974	0.01280	0.07849	0.63985	0.15128	0.01416	0.00601	0.00187	0.00272	0.03023	0.00449	0.00396
6	0.00700	0.00468	0.00544	0.00544	0.00556	0.00476	0.00322	0.00724	0.00712	0.00972	0.01485	0.02960	0.01667	0.72581	0.10329	0.00483	0.00538	0.00669	0.02963	0.00308
7	0.02731	0.05171	0.05441	0.01098	0.01373	0.29764	0.03886	0.09448	0.19679	0.01608	0.01327	0.09571	0.01169	0.00665	0.00496	0.00149	0.02231	0.03225	0.00348	0.00620
8	0.25704	0.01189	0.01137	0.05168	0.01340	0.10360	0.00776	0.28222	0.01457	0.12772	0.01048	0.01103	0.00758	0.00533	0.00450	0.00145	0.03057	0.00374	0.03746	0.00662
9	0.00643	0.00487	0.00593	0.00567	0.00694	0.00437	0.00425	0.00838	0.01275	0.01731	0.57682	0.03876	0.26913	0.01046	0.00564	0.00154	0.00230	0.00907	0.00502	0.00437
10	0.00846	0.00763	0.08779	0.02606	0.01005	0.00620	0.00683	0.06419	0.02040	0.03672	0.08508	0.20348	0.12070	0.02909	0.00588	0.00178	0.00374	0.16793	0.10308	0.00491
11	0.03398	0.03843	0.05136	0.01119	0.03330	0.13640	0.03662	0.29333	0.04387	0.14577	0.01359	0.01737	0.01091	0.00641	0.00488	0.00151	0.00559	0.10435	0.00416	0.00697
12	0.00587	0.00418	0.00553	0.00660	0.00687	0.00391	0.00438	0.00667	0.00907	0.01209	0.02591	0.79827	0.03107	0.04636	0.00680	0.00204	0.00284	0.01333	0.00438	0.00384
13	0.00981	0.02337	0.72773	0.01521	0.09957	0.01113	0.01736	0.01509	0.01017	0.01518	0.00862	0.01027	0.00621	0.00451	0.00456	0.00150	0.00692	0.00361	0.00205	0.00711
14	0.01030	0.09675	0.20199	0.01295	0.01723	0.01110	0.24255	0.01500	0.10113	0.01571	0.10912	0.01557	0.03021	0.00545	0.00525	0.00147	0.03492	0.00504	0.00299	0.06528
