[name]
unknown

[dist]
# distance from previous block
# <min> <max>
3	778

[block]
# block no. 0 follows, 51 sequences, length 11
# corresponding to MSA columns:
# 875-885
name=unknown_A
#
# <colnr> <probs for GDERKNQSTAVLIFYWHMCP>
#	G	D	E	R	K	N	Q	S	T	A	V	L	I	F	Y	W	H	M	C	P
0	0.01169	0.06779	0.19808	0.04600	0.09809	0.07599	0.01061	0.05978	0.07723	0.05651	0.09014	0.01750	0.07871	0.01954	0.00510	0.00149	0.00533	0.00500	0.00339	0.07205
1	0.13346	0.17494	0.08169	0.04905	0.01361	0.01094	0.03754	0.01420	0.07602	0.01594	0.04235	0.02470	0.02162	0.00688	0.04782	0.00163	0.00510	0.01916	0.00299	0.22037
2	0.01269	0.28082	0.12773	0.01055	0.04683	0.08005	0.00949	0.15490	0.01356	0.01750	0.15761	0.04129	0.01516	0.00613	0.00447	0.00136	0.00526	0.00477	0.00337	0.00644
3	0.12417	0.05899	0.12380	0.05375	0.11846	0.01082	0.12185	0.01555	0.09546	0.02881	0.02171	0.01374	0.02685	0.00502	0.00452	0.00142	0.00537	0.01946	0.00299	0.14723
4	0.01349	0.30529	0.10288	0.07978	0.07110	0.08825	0.01024	0.08589	0.07739	0.06130	0.05207	0.01229	0.00984	0.00519	0.00427	0.00135	0.00564	0.00394	0.00308	0.00673
5	0.12970	0.10511	0.11765	0.01086	0.04606	0.01338	0.00950	0.33465	0.08062	0.02260	0.01292	0.01364	0.05101	0.02534	0.00496	0.00155	0.00513	0.00436	0.00381	0.00714
6	0.09253	0.25409	0.24322	0.01228	0.08518	0.01286	0.05252	0.01573	0.01072	0.11332	0.01186	0.01268	0.05301	0.00510	0.00425	0.00140	0.00561	0.00399	0.00288	0.00677
7	0.08788	0.01049	0.07821	0.02422	0.05876	0.01020	0.04753	0.04844	0.16257	0.11536	0.01594	0.12095	0.03657	0.00912	0.05010	0.00205	0.10533	0.00601	0.00384	0.00643
8	0.04672	0.14985	0.29540	0.05295	0.04942	0.03816	0.01206	0.07924	0.01156	0.08239	0.01200	0.05286	0.04059	0.00589	0.00516	0.00151	0.05008	0.00449	0.00296	0.00670
9	0.08522	0.38234	0.05392	0.00849	0.01227	0.05393	0.00788	0.01580	0.01080	0.15957	0.01211	0.01262	0.05063	0.00681	0.04706	0.00159	0.00537	0.00372	0.00316	0.06669
10	0.05140	0.07853	0.13492	0.15189	0.01732	0.00991	0.00963	0.05272	0.02283	0.08265	0.00973	0.01120	0.00740	0.00448	0.00415	0.00120	0.00499	0.00353	0.00299	0.33851

[dist]
# distance from previous block
# <min> <max>
0	8

[block]
# block no. 1 follows, 51 sequences, length 30
# corresponding to MSA columns:
# 894-923
name=unknown_B
#
# <colnr> <probs for GDERKNQSTAVLIFYWHMCP>
#	G	D	E	R	K	N	Q	S	T	A	V	L	I	F	Y	W	H	M	C	P
0	0.01470	0.01383	0.03795	0.01360	0.11584	0.14640	0.02416	0.15229	0.34089	0.05513	0.01435	0.01430	0.01080	0.00586	0.00503	0.00154	0.01703	0.00471	0.00411	0.00748
1	0.64227	0.03386	0.00825	0.00705	0.00982	0.01076	0.00576	0.01486	0.08458	0.02020	0.00895	0.01046	0.00720	0.00895	0.10769	0.00235	0.00507	0.00328	0.00315	0.00547
2	0.00664	0.00574	0.03486	0.00793	0.00892	0.00486	0.05105	0.00792	0.00961	0.01299	0.02462	0.71182	0.02899	0.01384	0.00607	0.00190	0.00336	0.01264	0.00428	0.04195
3	0.01104	0.04437	0.68105	0.01370	0.02027	0.11493	0.01680	0.01607	0.01083	0.01501	0.00861	0.01012	0.00624	0.00471	0.00460	0.00151	0.00742	0.00355	0.00214	0.00704
4	0.75141	0.01157	0.11035	0.00744	0.01103	0.01107	0.00699	0.01459	0.00862	0.02121	0.00710	0.00829	0.00544	0.00458	0.00325	0.00153	0.00425	0.00279	0.00292	0.00557
5	0.02205	0.00836	0.01140	0.00874	0.01254	0.00722	0.00722	0.02395	0.01407	0.80004	0.01939	0.01673	0.01216	0.00608	0.00494	0.00152	0.00418	0.00494	0.00608	0.00836
6	0.01981	0.00811	0.01075	0.00841	0.01183	0.00722	0.00688	0.05705	0.01428	0.65082	0.09168	0.01846	0.01523	0.00643	0.00494	0.00150	0.00397	0.00527	0.04955	0.00782
7	0.00714	0.00479	0.00547	0.00547	0.00551	0.00483	0.00312	0.00722	0.00718	0.00961	0.01538	0.03159	0.01762	0.79238	0.05959	0.00490	0.00514	0.00706	0.00296	0.00304
8	0.01119	0.01194	0.02544	0.01855	0.02288	0.01118	0.65499	0.01483	0.01139	0.03903	0.01245	0.11860	0.01085	0.00566	0.00583	0.00170	0.00746	0.00683	0.00286	0.00634
9	0.01868	0.01376	0.01475	0.01131	0.01524	0.01524	0.00934	0.78025	0.02311	0.03097	0.01180	0.01180	0.00836	0.00590	0.00492	0.00147	0.00541	0.00442	0.00492	0.00836
10	0.00928	0.00873	0.01474	0.81548	0.03385	0.01092	0.01365	0.01256	0.00983	0.01256	0.00873	0.01310	0.00655	0.00491	0.00491	0.00164	0.00655	0.00437	0.00218	0.00546
11	0.00654	0.00465	0.00625	0.00733	0.00781	0.00445	0.00533	0.00770	0.00977	0.01294	0.02622	0.58892	0.03068	0.05664	0.00737	0.00221	0.00337	0.20328	0.00447	0.00407
12	0.01019	0.00873	0.01019	0.00728	0.01165	0.00655	0.00582	0.01237	0.01019	0.01601	0.00873	0.01019	0.00728	0.00364	0.00364	0.00073	0.00364	0.00291	0.00291	0.85734
13	0.00928	0.00616	0.00717	0.00660	0.00741	0.00639	0.00441	0.10848	0.00981	0.04774	0.03747	0.02748	0.01656	0.56932	0.11149	0.00446	0.00572	0.00653	0.00340	0.00412
14	0.04214	0.52027	0.14764	0.01104	0.01573	0.04102	0.10989	0.03709	0.01070	0.01367	0.00772	0.00912	0.00647	0.00436	0.00382	0.00124	0.00603	0.00327	0.00227	0.00651
15	0.01216	0.01168	0.01995	0.03016	0.79664	0.01168	0.01508	0.01508	0.01119	0.01605	0.00924	0.01216	0.00778	0.00438	0.00487	0.00146	0.00584	0.00438	0.00243	0.00778
16	0.00701	0.00512	0.00681	0.00780	0.00872	0.00492	0.00628	0.00868	0.01068	0.01381	0.02945	0.30551	0.12913	0.01402	0.00649	0.00210	0.00371	0.42090	0.00454	0.00430
17	0.01222	0.01056	0.01111	0.01000	0.01278	0.01222	0.00778	0.02611	0.78776	0.02056	0.02000	0.01833	0.01500	0.00667	0.00500	0.00167	0.00389	0.00556	0.00500	0.00778
18	0.01821	0.01117	0.01279	0.01000	0.01374	0.01158	0.00817	0.36444	0.13942	0.27973	0.01537	0.01433	0.01057	0.00593	0.00485	0.00147	0.00465	0.00467	0.00518	0.06372
19	0.03778	0.01171	0.01096	0.01026	0.03583	0.15423	0.00760	0.10631	0.29030	0.04949	0.01700	0.12113	0.02903	0.04704	0.04718	0.00206	0.00539	0.00609	0.00417	0.00646
20	0.00986	0.02542	0.80183	0.01401	0.02127	0.01141	0.01816	0.01556	0.01038	0.01556	0.00882	0.01038	0.00623	0.00467	0.00467	0.00156	0.00726	0.00363	0.00208	0.00726
21	0.01721	0.00901	0.08444	0.00861	0.01190	0.00690	0.00754	0.01900	0.01270	0.52338	0.11645	0.01846	0.01553	0.00788	0.00688	0.11256	0.00424	0.00524	0.00511	0.00697
22	0.01660	0.00824	0.01107	0.00889	0.01189	0.00787	0.03051	0.12192	0.01439	0.42851	0.15685	0.01989	0.01768	0.01071	0.10932	0.00235	0.00530	0.00565	0.00524	0.00712
23	0.01231	0.00819	0.00746	0.00675	0.00855	0.11002	0.00521	0.07772	0.01210	0.09471	0.01478	0.01644	0.01137	0.00710	0.04022	0.00153	0.00408	0.00445	0.55161	0.00540
24	0.00715	0.00476	0.00536	0.00536	0.00536	0.00476	0.00298	0.00715	0.00715	0.00953	0.01548	0.03216	0.01787	0.82729	0.02501	0.00476	0.00476	0.00715	0.00298	0.00298
25	0.01120	0.00929	0.01068	0.00779	0.01201	0.00762	0.00625	0.11192	0.01185	0.01788	0.00953	0.02801	0.00796	0.00419	0.00386	0.00085	0.00385	0.00335	0.00321	0.72868
26	0.01242	0.66247	0.14761	0.00938	0.01388	0.01775	0.00994	0.01465	0.01006	0.01237	0.02328	0.00895	0.00712	0.00452	0.00382	0.00117	0.02907	0.00296	0.00217	0.00640
27	0.00671	0.00498	0.00568	0.00566	0.00692	0.00440	0.00409	0.00806	0.01131	0.03727	0.22227	0.14319	0.41633	0.09176	0.00772	0.00198	0.00277	0.01001	0.00466	0.00425
28	0.01603	0.01080	0.01151	0.00934	0.01254	0.04763	0.00753	0.32471	0.11478	0.19267	0.03604	0.01988	0.13565	0.00711	0.00503	0.00152	0.00449	0.00566	0.02976	0.00731
29	0.15636	0.07720	0.12918	0.06788	0.16312	0.07182	0.10480	0.10539	0.04813	0.01804	0.00932	0.01107	0.00721	0.00478	0.00449	0.00148	0.00608	0.00399	0.00287	0.00680

[dist]
# distance from previous block
# <min> <max>
1	4

[block]
# block no. 2 follows, 51 sequences, length 32
# corresponding to MSA columns:
# 928,929,931-960
name=unknown_C
#
# <colnr> <probs for GDERKNQSTAVLIFYWHMCP>
#	G	D	E	R	K	N	Q	S	T	A	V	L	I	F	Y	W	H	M	C	P
0	0.00787	0.00635	0.00827	0.00744	0.00958	0.00537	0.04255	0.00948	0.01032	0.02680	0.02523	0.31571	0.17970	0.01045	0.00538	0.00154	0.00341	0.06096	0.00399	0.25959
1	0.01044	0.01007	0.05693	0.01345	0.01666	0.00890	0.35797	0.01338	0.01143	0.07415	0.14452	0.09651	0.03080	0.06333	0.00717	0.00186	0.02489	0.00700	0.04476	0.00578
2	0.09579	0.04062	0.01279	0.01001	0.01342	0.01174	0.04629	0.14895	0.34571	0.15784	0.01574	0.01495	0.01140	0.00587	0.00470	0.00153	0.00444	0.00476	0.00466	0.04878
3	0.00980	0.01001	0.01890	0.13933	0.02038	0.01035	0.35730	0.01287	0.01130	0.01545	0.17517	0.02002	0.06620	0.00656	0.00689	0.00169	0.10259	0.00634	0.00314	0.00572
4	0.01156	0.01144	0.01768	0.30899	0.47087	0.06617	0.01419	0.01449	0.01089	0.01453	0.00895	0.01227	0.00724	0.00462	0.00485	0.00151	0.00630	0.00429	0.00235	0.00681
5	0.00788	0.00587	0.00726	0.00675	0.00818	0.00571	0.00517	0.04775	0.06978	0.01981	0.63510	0.03540	0.07913	0.00985	0.00573	0.00158	0.00267	0.03609	0.00528	0.00501
6	0.00712	0.00488	0.00596	0.00596	0.00617	0.00509	0.00373	0.00753	0.00732	0.00997	0.01494	0.02912	0.01655	0.64033	0.21017	0.00551	0.00675	0.00670	0.00290	0.00331
7	0.00603	0.00431	0.00574	0.00681	0.00714	0.00402	0.00457	0.00696	0.00963	0.01289	0.06415	0.78603	0.03317	0.01514	0.00625	0.00197	0.00283	0.01372	0.00460	0.00402
8	0.05688	0.01504	0.01320	0.01163	0.01315	0.32957	0.00922	0.01563	0.01090	0.06702	0.04621	0.01194	0.00895	0.00825	0.04789	0.00197	0.32006	0.00408	0.00280	0.00562
9	0.00594	0.00498	0.00515	0.00511	0.00672	0.00420	0.00383	0.00730	0.01150	0.01399	0.13228	0.04612	0.71170	0.01218	0.00581	0.00165	0.00247	0.01021	0.00466	0.00420
10	0.00928	0.00873	0.01474	0.81548	0.03385	0.01092	0.01365	0.01256	0.00983	0.01256	0.00873	0.01310	0.00655	0.00491	0.00491	0.00164	0.00655	0.00437	0.00218	0.00546
11	0.01836	0.02342	0.01393	0.01266	0.01519	0.80756	0.00950	0.01962	0.01393	0.01203	0.00760	0.00886	0.00633	0.00506	0.00443	0.00127	0.00886	0.00317	0.00253	0.00570
12	0.01018	0.00921	0.01474	0.73895	0.03208	0.01133	0.01324	0.08562	0.01109	0.01431	0.00903	0.01298	0.00672	0.00501	0.00491	0.00162	0.00644	0.00437	0.00244	0.00573
13	0.00601	0.00464	0.00551	0.00617	0.00707	0.00414	0.00438	0.00709	0.01025	0.01296	0.03655	0.46104	0.35197	0.01407	0.00610	0.00187	0.00278	0.04877	0.00456	0.00408
14	0.00599	0.00428	0.00570	0.00684	0.00713	0.00399	0.00456	0.00684	0.00941	0.01254	0.02709	0.82409	0.03250	0.01540	0.00627	0.00200	0.00285	0.01397	0.00456	0.00399
15	0.01158	0.01271	0.02590	0.02123	0.14401	0.01263	0.56678	0.01516	0.01104	0.01531	0.00941	0.01278	0.00739	0.00472	0.00691	0.00169	0.10626	0.00540	0.00244	0.00666
16	0.00702	0.00505	0.00673	0.00766	0.00846	0.00488	0.00603	0.00857	0.01042	0.01362	0.04643	0.31816	0.08609	0.07002	0.00777	0.00228	0.00376	0.37837	0.00446	0.00421
17	0.00854	0.00427	0.00640	0.00640	0.00640	0.00427	0.00427	0.00640	0.00640	0.00854	0.00854	0.01494	0.00854	0.01707	0.01921	0.85702	0.00427	0.00427	0.00213	0.00213
18	0.00609	0.00456	0.00562	0.00626	0.00699	0.00413	0.00433	0.00721	0.01036	0.01355	0.12817	0.51474	0.22267	0.03312	0.00654	0.00192	0.00274	0.01228	0.00463	0.00409
19	0.01091	0.22535	0.58734	0.01258	0.01895	0.03529	0.01550	0.01546	0.01038	0.01447	0.00829	0.00971	0.00625	0.00456	0.00429	0.00142	0.00681	0.00337	0.00209	0.00698
20	0.01782	0.02291	0.03645	0.01354	0.05313	0.74664	0.01001	0.01929	0.01369	0.01232	0.00771	0.00906	0.00640	0.00502	0.00446	0.00128	0.00867	0.00324	0.00251	0.00584
21	0.01006	0.00830	0.00980	0.00718	0.01117	0.00635	0.00572	0.01225	0.01069	0.03197	0.09851	0.01334	0.01183	0.00442	0.00391	0.00084	0.00350	0.00363	0.00326	0.74327
22	0.01217	0.01152	0.01871	0.02734	0.68687	0.01175	0.01406	0.01663	0.11994	0.01669	0.01075	0.01303	0.00879	0.00470	0.00488	0.00149	0.00557	0.00454	0.00279	0.00778
23	0.00989	0.01169	0.09662	0.01490	0.01854	0.01007	0.40239	0.01358	0.03277	0.01612	0.17037	0.07170	0.04455	0.00675	0.00633	0.00168	0.05596	0.00680	0.00329	0.00599
24	0.01134	0.01504	0.14207	0.01973	0.02504	0.01228	0.66751	0.01572	0.01142	0.01572	0.00978	0.01283	0.00728	0.00422	0.00563	0.00164	0.00814	0.00548	0.00243	0.00672
25	0.00599	0.00428	0.00570	0.00684	0.00713	0.00399	0.00456	0.00684	0.00941	0.01254	0.02709	0.82409	0.03250	0.01540	0.00627	0.00200	0.00285	0.01397	0.00456	0.00399
26	0.00912	0.00757	0.00805	0.00754	0.00959	0.00791	0.00575	0.06613	0.30279	0.01722	0.04752	0.13146	0.33959	0.01017	0.00550	0.00169	0.00325	0.00859	0.00477	0.00578
27	0.00669	0.00481	0.00584	0.00599	0.00685	0.00458	0.00422	0.00800	0.01029	0.01401	0.19284	0.19582	0.20287	0.15360	0.10047	0.00291	0.00412	0.00926	0.06274	0.00408
28	0.01051	0.18477	0.64817	0.01290	0.01956	0.01300	0.01623	0.01540	0.01030	0.01477	0.00843	0.00988	0.00624	0.00458	0.00437	0.00146	0.00687	0.00343	0.00208	0.00707
29	0.01484	0.07654	0.03322	0.01109	0.01350	0.44641	0.04805	0.04057	0.01222	0.03316	0.01099	0.01494	0.03631	0.15262	0.00854	0.00196	0.03245	0.00436	0.00280	0.00543
30	0.01758	0.00745	0.01002	0.00810	0.01108	0.00659	0.00651	0.03378	0.01388	0.56069	0.18924	0.07656	0.02098	0.00759	0.00522	0.00156	0.00371	0.00642	0.00581	0.00725
31	0.00613	0.00453	0.00574	0.00659	0.00720	0.00416	0.00459	0.00719	0.01000	0.01307	0.06390	0.59125	0.17060	0.02725	0.00649	0.00197	0.00289	0.05781	0.00457	0.00406

[dist]
# distance from previous block
# <min> <max>
0	2

[block]
# block no. 3 follows, 51 sequences, length 38
# corresponding to MSA columns:
# 963-1000
name=unknown_D
#
# <colnr> <probs for GDERKNQSTAVLIFYWHMCP>
#	G	D	E	R	K	N	Q	S	T	A	V	L	I	F	Y	W	H	M	C	P
0	0.01137	0.04452	0.10872	0.01762	0.29489	0.01001	0.08509	0.01437	0.01079	0.03715	0.00953	0.02322	0.00782	0.00433	0.00446	0.00123	0.00536	0.00400	0.00268	0.30283
1	0.05848	0.09451	0.01699	0.03119	0.14926	0.18613	0.12192	0.05515	0.01248	0.13741	0.02110	0.03830	0.00970	0.02598	0.00525	0.00154	0.00625	0.01846	0.00330	0.00662
2	0.00639	0.00511	0.00581	0.00611	0.00755	0.00453	0.00482	0.00793	0.01132	0.01399	0.09014	0.08394	0.53075	0.01270	0.00606	0.00181	0.00298	0.18921	0.00461	0.00426
3	0.00988	0.02426	0.74701	0.01354	0.02060	0.01108	0.01730	0.01534	0.01036	0.01559	0.00881	0.01036	0.00630	0.00460	0.00460	0.00150	0.00701	0.00358	0.00213	0.06613
4	0.01246	0.01063	0.05347	0.01185	0.11798	0.00877	0.04282	0.10380	0.01237	0.08816	0.03455	0.01220	0.00908	0.00450	0.00429	0.00109	0.00454	0.00382	0.00338	0.46026
5	0.01019	0.00873	0.01019	0.00728	0.01165	0.00655	0.00582	0.01237	0.01019	0.01601	0.00873	0.01019	0.00728	0.00364	0.00364	0.00073	0.00364	0.00291	0.00291	0.85734
6	0.00708	0.00502	0.00666	0.00666	0.00711	0.00547	0.00460	0.00798	0.00753	0.01049	0.01429	0.02556	0.01500	0.42162	0.42677	0.00637	0.00907	0.00618	0.00280	0.00370
7	0.01660	0.29542	0.01794	0.01119	0.01432	0.52185	0.00912	0.03697	0.01283	0.01234	0.00744	0.00861	0.00637	0.00479	0.00401	0.00120	0.00756	0.00302	0.00245	0.00597
8	0.01705	0.01267	0.01368	0.01082	0.01440	0.01396	0.00893	0.65233	0.06629	0.02854	0.01477	0.01661	0.04133	0.00674	0.00509	0.00155	0.00514	0.05734	0.00488	0.00789
9	0.01250	0.68141	0.11361	0.06498	0.01507	0.01794	0.00988	0.01466	0.01002	0.01209	0.00719	0.00853	0.00631	0.00431	0.00345	0.00115	0.00557	0.00286	0.00210	0.00636
10	0.02598	0.00927	0.05505	0.00819	0.01152	0.01858	0.01966	0.04186	0.10067	0.05351	0.15665	0.05859	0.04805	0.00652	0.00465	0.00125	0.00381	0.01561	0.00394	0.35665
11	0.02880	0.01098	0.01211	0.01172	0.10643	0.13608	0.04235	0.06624	0.02708	0.02674	0.17291	0.04403	0.04726	0.02675	0.00585	0.00145	0.04267	0.00547	0.00359	0.18150
12	0.00599	0.00428	0.00570	0.00684	0.00713	0.00399	0.00456	0.00684	0.00941	0.01254	0.02709	0.82409	0.03250	0.01540	0.00627	0.00200	0.00285	0.01397	0.00456	0.00399
13	0.00926	0.00582	0.00727	0.00672	0.00836	0.00542	0.00510	0.01203	0.06872	0.13198	0.43108	0.11946	0.14916	0.01016	0.00567	0.00162	0.00279	0.00884	0.00526	0.00526
14	0.01094	0.01150	0.08987	0.36151	0.24118	0.02597	0.01355	0.04819	0.01100	0.02915	0.01029	0.01534	0.00855	0.00558	0.00552	0.00163	0.04417	0.05704	0.00260	0.00640
15	0.00992	0.00939	0.01515	0.71608	0.09605	0.02721	0.01358	0.03036	0.01032	0.01325	0.00882	0.01291	0.00669	0.00489	0.00490	0.00161	0.00651	0.00435	0.00227	0.00572
16	0.00632	0.00497	0.00570	0.00559	0.00697	0.00435	0.00416	0.00801	0.01230	0.01604	0.37291	0.07760	0.43449	0.01153	0.00582	0.00162	0.00243	0.00989	0.00493	0.00435
17	0.01036	0.01010	0.01400	0.01208	0.01208	0.01393	0.00990	0.01132	0.00748	0.01158	0.00744	0.01308	0.00770	0.09783	0.01710	0.00244	0.72963	0.00461	0.00224	0.00511
18	0.01818	0.00968	0.03117	0.01023	0.05282	0.00910	0.00798	0.16470	0.07261	0.44744	0.01760	0.07155	0.01271	0.00660	0.00496	0.00154	0.00438	0.00544	0.04353	0.00779
19	0.00713	0.00481	0.00561	0.00561	0.00569	0.00490	0.00328	0.00730	0.00722	0.00971	0.01526	0.03091	0.01733	0.75074	0.10083	0.00507	0.00558	0.00696	0.00294	0.00311
20	0.00599	0.00428	0.00570	0.00684	0.00713	0.00399	0.00456	0.00684	0.00941	0.01254	0.02709	0.82409	0.03250	0.01540	0.00627	0.00200	0.00285	0.01397	0.00456	0.00399
21	0.01008	0.08120	0.74804	0.01362	0.02067	0.01197	0.01748	0.01550	0.01035	0.01529	0.00868	0.01020	0.00623	0.00464	0.00456	0.00152	0.00712	0.00356	0.00208	0.00720
22	0.00928	0.00873	0.01474	0.81548	0.03385	0.01092	0.01365	0.01256	0.00983	0.01256	0.00873	0.01310	0.00655	0.00491	0.00491	0.00164	0.00655	0.00437	0.00218	0.00546
23	0.01123	0.01168	0.01365	0.01192	0.01257	0.13717	0.02762	0.01245	0.00866	0.01177	0.00817	0.01288	0.00790	0.05411	0.13139	0.00298	0.51189	0.00445	0.00233	0.00519
24	0.86201	0.00950	0.00722	0.00646	0.00950	0.01102	0.00532	0.01445	0.00836	0.02205	0.00684	0.00798	0.00532	0.00456	0.00304	0.00152	0.00380	0.00266	0.00304	0.00532
25	0.00730	0.00504	0.00614	0.00614	0.00644	0.00524	0.00391	0.02573	0.00786	0.01066	0.01583	0.09127	0.01763	0.57987	0.18566	0.00512	0.00637	0.00723	0.00308	0.00348
26	0.00584	0.00498	0.00502	0.00501	0.00665	0.00416	0.00376	0.00711	0.01127	0.01343	0.06795	0.04704	0.77638	0.01239	0.00581	0.00166	0.00248	0.01034	0.00458	0.00416
27	0.01836	0.02342	0.01393	0.01266	0.01519	0.80756	0.00950	0.01962	0.01393	0.01203	0.00760	0.00886	0.00633	0.00506	0.00443	0.00127	0.00886	0.00317	0.00253	0.00570
28	0.00713	0.00484	0.00574	0.00574	0.00587	0.00497	0.00345	0.00739	0.00726	0.00981	0.01514	0.03025	0.01704	0.70995	0.14122	0.00523	0.00601	0.00687	0.00293	0.00319
29	0.86201	0.00950	0.00722	0.00646	0.00950	0.01102	0.00532	0.01445	0.00836	0.02205	0.00684	0.00798	0.00532	0.00456	0.00304	0.00152	0.00380	0.00266	0.00304	0.00532
30	0.00636	0.00511	0.00568	0.00552	0.00702	0.00449	0.00415	0.00825	0.02765	0.01578	0.32232	0.04283	0.50453	0.01145	0.00579	0.00162	0.00245	0.00973	0.00488	0.00440
31	0.00715	0.00476	0.00536	0.00536	0.00536	0.00476	0.00298	0.00715	0.00715	0.00953	0.01548	0.03216	0.01787	0.82729	0.02501	0.00476	0.00476	0.00715	0.00298	0.00298
32	0.01192	0.01238	0.06006	0.04481	0.57092	0.01179	0.10172	0.01625	0.09022	0.01637	0.01038	0.01285	0.00837	0.00461	0.00498	0.00151	0.00601	0.00462	0.00268	0.00757
33	0.00983	0.00930	0.01573	0.66540	0.17963	0.01106	0.01392	0.01304	0.01009	0.01322	0.00883	0.01292	0.00679	0.00481	0.00490	0.00160	0.00641	0.00437	0.00223	0.00590
34	0.00633	0.00465	0.00597	0.00678	0.00735	0.00440	0.00465	0.00789	0.04160	0.01366	0.10787	0.66014	0.08177	0.01430	0.00614	0.00191	0.00281	0.01287	0.00467	0.00422
35	0.01156	0.01133	0.01896	0.12885	0.45523	0.02685	0.12563	0.01567	0.08593	0.01593	0.03028	0.01437	0.02706	0.00497	0.00506	0.00153	0.00600	0.00492	0.00278	0.00711
36	0.01050	0.01088	0.09725	0.00873	0.01327	0.00781	0.03471	0.03715	0.05062	0.01673	0.02673	0.01137	0.00846	0.00414	0.00398	0.00094	0.00424	0.00341	0.00303	0.64607
37	0.00625	0.00497	0.00573	0.00600	0.00727	0.00428	0.00428	0.00740	0.01032	0.01317	0.03626	0.39172	0.38906	0.01304	0.00584	0.00173	0.00275	0.01137	0.00443	0.07414

[dist]
# distance from previous block
# <min> <max>
5	6

[block]
# block no. 4 follows, 51 sequences, length 89
# corresponding to MSA columns:
# 1014-1056,1060-1105
name=unknown_E
#
# <colnr> <probs for GDERKNQSTAVLIFYWHMCP>
#	G	D	E	R	K	N	Q	S	T	A	V	L	I	F	Y	W	H	M	C	P
0	0.01195	0.01135	0.01872	0.08692	0.66547	0.01167	0.01428	0.01594	0.08459	0.01622	0.01022	0.01282	0.00838	0.00464	0.00488	0.00149	0.00571	0.00449	0.00266	0.00761
1	0.00683	0.00502	0.00640	0.00606	0.00727	0.00459	0.00454	0.00904	0.01362	0.01903	0.71532	0.03783	0.12552	0.01030	0.00580	0.00156	0.00234	0.00904	0.00532	0.00459
2	0.00588	0.00491	0.00512	0.00521	0.00672	0.00416	0.00386	0.00714	0.01116	0.01352	0.08373	0.12030	0.68622	0.01261	0.00585	0.00169	0.00252	0.01064	0.00460	0.00416
3	0.00677	0.00502	0.00631	0.00599	0.00723	0.00456	0.00449	0.00891	0.01347	0.01866	0.67349	0.03842	0.16757	0.01044	0.00580	0.00156	0.00235	0.00913	0.00527	0.00456
4	0.00594	0.00498	0.00516	0.00511	0.00672	0.00420	0.00384	0.00730	0.01151	0.01400	0.13400	0.04610	0.70997	0.01217	0.00581	0.00165	0.00247	0.01020	0.00466	0.00420
5	0.86201	0.00950	0.00722	0.00646	0.00950	0.01102	0.00532	0.01445	0.00836	0.02205	0.00684	0.00798	0.00532	0.00456	0.00304	0.00152	0.00380	0.00266	0.00304	0.00532
6	0.02198	0.00848	0.01148	0.00880	0.01260	0.00739	0.00727	0.04008	0.01426	0.78364	0.01923	0.01662	0.01208	0.00608	0.00494	0.00152	0.00421	0.00493	0.00606	0.00836
7	0.86201	0.00950	0.00722	0.00646	0.00950	0.01102	0.00532	0.01445	0.00836	0.02205	0.00684	0.00798	0.00532	0.00456	0.00304	0.00152	0.00380	0.00266	0.00304	0.00532
8	0.00592	0.00498	0.00513	0.00509	0.00670	0.00419	0.00382	0.00726	0.01146	0.01388	0.12023	0.04629	0.72382	0.01222	0.00581	0.00165	0.00247	0.01023	0.00464	0.00419
9	0.02066	0.01059	0.01278	0.00980	0.01366	0.01053	0.00810	0.33555	0.01779	0.48318	0.01626	0.01470	0.01060	0.00601	0.00493	0.00150	0.00469	0.00473	0.00560	0.00836
10	0.86201	0.00950	0.00722	0.00646	0.00950	0.01102	0.00532	0.01445	0.00836	0.02205	0.00684	0.00798	0.00532	0.00456	0.00304	0.00152	0.00380	0.00266	0.00304	0.00532
11	0.00599	0.00428	0.00570	0.00684	0.00713	0.00399	0.00456	0.00684	0.00941	0.01254	0.02709	0.82409	0.03250	0.01540	0.00627	0.00200	0.00285	0.01397	0.00456	0.00399
12	0.02020	0.00855	0.01122	0.00883	0.01240	0.00774	0.00729	0.07929	0.03343	0.65248	0.02038	0.01956	0.04395	0.00671	0.00507	0.00156	0.00422	0.04329	0.00583	0.00799
13	0.02093	0.00812	0.01105	0.00855	0.01216	0.00703	0.00703	0.02286	0.01405	0.74213	0.07688	0.01821	0.01470	0.00638	0.00501	0.00152	0.00404	0.00523	0.00603	0.00809
14	0.02205	0.00836	0.01140	0.00874	0.01254	0.00722	0.00722	0.02395	0.01407	0.80004	0.01939	0.01673	0.01216	0.00608	0.00494	0.00152	0.00418	0.00494	0.00608	0.00836
15	0.01201	0.01278	0.02583	0.09966	0.02517	0.01261	0.60807	0.08768	0.01240	0.01676	0.00990	0.01303	0.00742	0.00451	0.00591	0.00165	0.02980	0.00548	0.00268	0.00664
16	0.01161	0.01300	0.02754	0.02121	0.09461	0.01248	0.67487	0.01550	0.01138	0.01559	0.00972	0.01304	0.00744	0.00437	0.00619	0.00166	0.04504	0.00560	0.00247	0.00668
17	0.00666	0.00476	0.00648	0.00761	0.00820	0.00457	0.00574	0.00801	0.01007	0.01330	0.02671	0.55527	0.03103	0.01476	0.00645	0.00209	0.00344	0.27612	0.00455	0.00418
18	0.01181	0.01402	0.06288	0.02101	0.09808	0.04068	0.64433	0.01581	0.01159	0.01563	0.00974	0.01286	0.00739	0.00422	0.00561	0.00162	0.00803	0.00547	0.00246	0.00673
19	0.01201	0.01326	0.02633	0.09514	0.02551	0.04412	0.63700	0.05405	0.01210	0.01606	0.00983	0.01299	0.00737	0.00434	0.00562	0.00163	0.00800	0.00549	0.00258	0.00657
20	0.00715	0.00476	0.00536	0.00536	0.00536	0.00476	0.00298	0.00715	0.00715	0.00953	0.01548	0.03216	0.01787	0.82729	0.02501	0.00476	0.00476	0.00715	0.00298	0.00298
21	0.86201	0.00950	0.00722	0.00646	0.00950	0.01102	0.00532	0.01445	0.00836	0.02205	0.00684	0.00798	0.00532	0.00456	0.00304	0.00152	0.00380	0.00266	0.00304	0.00532
22	0.00693	0.00492	0.00634	0.00713	0.00772	0.00477	0.00528	0.00809	0.00962	0.01260	0.02528	0.31442	0.07521	0.21434	0.01103	0.00275	0.00388	0.27160	0.00416	0.00394
23	0.01176	0.29444	0.46767	0.01201	0.01780	0.08946	0.01408	0.01566	0.01058	0.01389	0.00804	0.00940	0.00626	0.00455	0.00414	0.00136	0.00674	0.00325	0.00213	0.00679
24	0.00696	0.00502	0.00657	0.00618	0.00734	0.00464	0.00464	0.00927	0.01391	0.01971	0.79405	0.03671	0.04637	0.01005	0.00580	0.00155	0.00232	0.00889	0.00541	0.00464
25	0.00665	0.00555	0.00678	0.00779	0.08160	0.00494	0.00507	0.00822	0.01153	0.01470	0.18646	0.12590	0.49405	0.01154	0.00577	0.00166	0.00281	0.00991	0.00452	0.00457
26	0.00685	0.00502	0.00643	0.00607	0.00728	0.00459	0.00456	0.00907	0.01367	0.01913	0.72694	0.03766	0.11383	0.01026	0.00580	0.00156	0.00233	0.00902	0.00533	0.00459
27	0.00614	0.00435	0.00568	0.00667	0.00694	0.00409	0.00439	0.00693	0.00927	0.01238	0.04326	0.72029	0.03123	0.10334	0.00829	0.00229	0.00305	0.01311	0.00441	0.00390
28	0.00986	0.02542	0.80183	0.01401	0.02127	0.01141	0.01816	0.01556	0.01038	0.01556	0.00882	0.01038	0.00623	0.00467	0.00467	0.00156	0.00726	0.00363	0.00208	0.00726
29	0.10133	0.00883	0.01123	0.00870	0.01244	0.00812	0.00718	0.07371	0.01413	0.67489	0.01769	0.01557	0.01126	0.00593	0.00476	0.00152	0.00423	0.00469	0.00572	0.00808
30	0.00928	0.00873	0.01474	0.81548	0.03385	0.01092	0.01365	0.01256	0.00983	0.01256	0.00873	0.01310	0.00655	0.00491	0.00491	0.00164	0.00655	0.00437	0.00218	0.00546
31	0.01360	0.69880	0.05979	0.00916	0.01331	0.11159	0.00898	0.01533	0.01047	0.01180	0.00701	0.00811	0.00631	0.00433	0.00337	0.00110	0.00577	0.00274	0.00215	0.00628
32	0.00928	0.00873	0.01474	0.81548	0.03385	0.01092	0.01365	0.01256	0.00983	0.01256	0.00873	0.01310	0.00655	0.00491	0.00491	0.00164	0.00655	0.00437	0.00218	0.00546
33	0.00692	0.00502	0.00652	0.00615	0.00732	0.00462	0.00461	0.00921	0.01383	0.01952	0.77276	0.03701	0.06777	0.01012	0.00580	0.00155	0.00232	0.00893	0.00539	0.00462
34	0.86201	0.00950	0.00722	0.00646	0.00950	0.01102	0.00532	0.01445	0.00836	0.02205	0.00684	0.00798	0.00532	0.00456	0.00304	0.00152	0.00380	0.00266	0.00304	0.00532
35	0.86201	0.00950	0.00722	0.00646	0.00950	0.01102	0.00532	0.01445	0.00836	0.02205	0.00684	0.00798	0.00532	0.00456	0.00304	0.00152	0.00380	0.00266	0.00304	0.00532
36	0.00928	0.00873	0.01474	0.81548	0.03385	0.01092	0.01365	0.01256	0.00983	0.01256	0.00873	0.01310	0.00655	0.00491	0.00491	0.00164	0.00655	0.00437	0.00218	0.00546
37	0.00596	0.00498	0.00519	0.00514	0.00673	0.00421	0.00386	0.00735	0.01157	0.01414	0.14990	0.04587	0.69399	0.01212	0.00581	0.00164	0.00247	0.01017	0.00468	0.00421
38	0.05095	0.00801	0.01058	0.00843	0.01175	0.00716	0.00684	0.04181	0.01365	0.64013	0.05481	0.09360	0.01529	0.00708	0.00504	0.00157	0.00399	0.00588	0.00576	0.00767
39	0.01283	0.01086	0.01146	0.01012	0.01301	0.01251	0.00793	0.09749	0.71538	0.02154	0.01923	0.01772	0.01437	0.00659	0.00499	0.00165	0.00403	0.00545	0.00499	0.00783
40	0.00713	0.00481	0.00560	0.00560	0.00568	0.00489	0.00328	0.00730	0.00722	0.00971	0.01526	0.03094	0.01734	0.75248	0.09911	0.00506	0.00556	0.00697	0.00295	0.00311
41	0.00924	0.00862	0.01457	0.68957	0.06616	0.01053	0.02611	0.01237	0.00974	0.01266	0.00920	0.01365	0.00717	0.00790	0.08092	0.00222	0.00717	0.00448	0.00224	0.00548
42	0.01194	0.01298	0.09395	0.02863	0.72325	0.01165	0.01537	0.01513	0.01111	0.01601	0.00920	0.01199	0.00764	0.00441	0.00485	0.00147	0.00597	0.00431	0.00240	0.00773
43	0.18914	0.09209	0.01352	0.01010	0.01321	0.22153	0.00815	0.28199	0.01512	0.03402	0.00940	0.01097	0.00751	0.04663	0.00553	0.00157	0.02582	0.00371	0.00350	0.00651
44	0.01761	0.10869	0.01572	0.01200	0.03268	0.37713	0.02246	0.26832	0.01632	0.05208	0.00949	0.01023	0.00731	0.00522	0.00449	0.00132	0.00694	0.00366	0.00342	0.02491
45	0.00703	0.00522	0.00765	0.00765	0.00844	0.00601	0.00583	0.00862	0.00782	0.01122	0.01339	0.02057	0.01283	0.11436	0.73106	0.00759	0.01234	0.00545	0.00267	0.00425
46	0.00665	0.00545	0.00608	0.00587	0.00740	0.00505	0.00445	0.00897	0.05929	0.01535	0.24579	0.04095	0.50195	0.01228	0.03574	0.00187	0.01826	0.00937	0.00470	0.00453
47	0.02188	0.00863	0.01157	0.00887	0.01268	0.00763	0.00733	0.06199	0.01452	0.76136	0.01901	0.01648	0.01197	0.00607	0.00494	0.00152	0.00424	0.00492	0.00602	0.00836
48	0.01314	0.83025	0.02575	0.00841	0.01261	0.01945	0.00841	0.01472	0.00999	0.01156	0.00683	0.00788	0.00631	0.00420	0.00315	0.00105	0.00526	0.00263	0.00210	0.00631
49	0.00600	0.00433	0.00569	0.00673	0.00711	0.00402	0.00452	0.00692	0.00962	0.01278	0.04902	0.76367	0.07121	0.01510	0.00624	0.00197	0.00282	0.01365	0.00458	0.00402
50	0.86201	0.00950	0.00722	0.00646	0.00950	0.01102	0.00532	0.01445	0.00836	0.02205	0.00684	0.00798	0.00532	0.00456	0.00304	0.00152	0.00380	0.00266	0.00304	0.00532
51	0.02205	0.00836	0.01140	0.00874	0.01254	0.00722	0.00722	0.02395	0.01407	0.80004	0.01939	0.01673	0.01216	0.00608	0.00494	0.00152	0.00418	0.00494	0.00608	0.00836
52	0.00792	0.00566	0.00792	0.00905	0.01018	0.00566	0.00792	0.01018	0.01131	0.01471	0.02602	0.05543	0.02828	0.01358	0.00679	0.00226	0.00453	0.76356	0.00453	0.00453
53	0.00696	0.00502	0.00657	0.00618	0.00734	0.00464	0.00464	0.00927	0.01391	0.01971	0.79405	0.03671	0.04637	0.01005	0.00580	0.00155	0.00232	0.00889	0.00541	0.00464
54	0.00696	0.00502	0.00657	0.00618	0.00734	0.00464	0.00464	0.00927	0.01391	0.01971	0.79405	0.03671	0.04637	0.01005	0.00580	0.00155	0.00232	0.00889	0.00541	0.00464
55	0.01222	0.01056	0.01111	0.01000	0.01278	0.01222	0.00778	0.02611	0.78776	0.02056	0.02000	0.01833	0.01500	0.00667	0.00500	0.00167	0.00389	0.00556	0.00500	0.00778
56	0.86201	0.00950	0.00722	0.00646	0.00950	0.01102	0.00532	0.01445	0.00836	0.02205	0.00684	0.00798	0.00532	0.00456	0.00304	0.00152	0.00380	0.00266	0.00304	0.00532
57	0.00625	0.00467	0.00583	0.00647	0.00720	0.00432	0.00450	0.00772	0.02872	0.01401	0.15306	0.53714	0.17443	0.01380	0.00608	0.00185	0.00272	0.01230	0.00471	0.00421
58	0.54908	0.00775	0.00717	0.00669	0.00876	0.00886	0.00524	0.01189	0.00789	0.01757	0.00822	0.01125	0.00712	0.01240	0.13859	0.17537	0.00543	0.00341	0.00279	0.00452
59	0.86201	0.00950	0.00722	0.00646	0.00950	0.01102	0.00532	0.01445	0.00836	0.02205	0.00684	0.00798	0.00532	0.00456	0.00304	0.00152	0.00380	0.00266	0.00304	0.00532
60	0.01836	0.02342	0.01393	0.01266	0.01519	0.80756	0.00950	0.01962	0.01393	0.01203	0.00760	0.00886	0.00633	0.00506	0.00443	0.00127	0.00886	0.00317	0.00253	0.00570
61	0.01019	0.00873	0.01019	0.00728	0.01165	0.00655	0.00582	0.01237	0.01019	0.01601	0.00873	0.01019	0.00728	0.00364	0.00364	0.00073	0.00364	0.00291	0.00291	0.85734
62	0.00685	0.00509	0.00646	0.00652	0.00771	0.00469	0.00506	0.00887	0.01264	0.01712	0.46344	0.08990	0.18616	0.01148	0.00601	0.00173	0.00279	0.14797	0.00503	0.00448
63	0.01289	0.01171	0.01144	0.01025	0.01304	0.07847	0.00796	0.04404	0.70465	0.02010	0.01877	0.01739	0.01412	0.00652	0.00495	0.00163	0.00434	0.00533	0.00479	0.00762
64	0.00817	0.00686	0.00733	0.00688	0.00883	0.00695	0.00526	0.01386	0.27285	0.01688	0.17366	0.03565	0.39784	0.01007	0.00553	0.00164	0.00293	0.00849	0.00486	0.00546
65	0.00597	0.00434	0.00563	0.00667	0.00708	0.00401	0.00448	0.00686	0.00958	0.01261	0.02923	0.75056	0.10464	0.01512	0.00623	0.00196	0.00282	0.01363	0.00456	0.00401
66	0.01825	0.01256	0.01429	0.08707	0.01663	0.01374	0.00946	0.60487	0.02062	0.13368	0.01254	0.01259	0.00870	0.00583	0.00492	0.00150	0.00535	0.00449	0.00482	0.00808
67	0.01205	0.01171	0.01925	0.10944	0.69679	0.03436	0.01478	0.01496	0.01113	0.01558	0.00914	0.01216	0.00762	0.00445	0.00486	0.00147	0.00600	0.00434	0.00241	0.00749
68	0.01160	0.01326	0.02900	0.02071	0.02568	0.01243	0.77879	0.01574	0.01160	0.01574	0.00994	0.01326	0.00746	0.00414	0.00580	0.00166	0.00829	0.00580	0.00249	0.00663
69	0.00660	0.00557	0.00579	0.00576	0.00741	0.00509	0.00430	0.00931	0.10207	0.01417	0.05713	0.11375	0.62162	0.01199	0.00576	0.00169	0.00268	0.01011	0.00463	0.00457
70	0.24951	0.25889	0.02967	0.00953	0.01289	0.28545	0.00809	0.05141	0.01150	0.01567	0.00740	0.00852	0.00616	0.00467	0.00368	0.00128	0.00609	0.00293	0.00265	0.02402
71	0.00774	0.00553	0.00772	0.00885	0.00991	0.00551	0.00762	0.00988	0.01114	0.01451	0.02612	0.12474	0.02866	0.01374	0.00674	0.00224	0.00437	0.69598	0.00453	0.00448
72	0.01025	0.10440	0.69653	0.01370	0.02058	0.01224	0.04545	0.01549	0.01038	0.01517	0.00866	0.01024	0.00628	0.00460	0.00456	0.00151	0.00710	0.00361	0.00209	0.00714
73	0.00638	0.00456	0.00615	0.00729	0.00774	0.00433	0.00524	0.00752	0.00979	0.01298	0.02687	0.66883	0.03165	0.01503	0.00638	0.00205	0.00319	0.16538	0.00455	0.00410
74	0.00971	0.00893	0.01286	0.03202	0.08244	0.01120	0.02547	0.01137	0.00957	0.01430	0.16180	0.05439	0.03270	0.00853	0.01117	0.00187	0.44537	0.00582	0.05517	0.00534
75	0.01186	0.01068	0.01608	0.12463	0.40624	0.01050	0.01179	0.08643	0.01186	0.01700	0.00928	0.01171	0.00754	0.00439	0.00454	0.00128	0.00528	0.00398	0.00277	0.24218
76	0.00581	0.00498	0.00498	0.00498	0.00664	0.00415	0.00373	0.00705	0.01120	0.01328	0.04978	0.04729	0.79464	0.01245	0.00581	0.00166	0.00249	0.01037	0.00456	0.00415
77	0.06704	0.00952	0.01563	0.38647	0.26100	0.01069	0.04748	0.01304	0.01012	0.01438	0.01049	0.08917	0.00934	0.00579	0.00526	0.00163	0.02910	0.00523	0.00255	0.00607
78	0.01252	0.01288	0.02593	0.01878	0.02332	0.01254	0.62710	0.07267	0.04167	0.04813	0.01068	0.01336	0.00795	0.00465	0.00614	0.00166	0.04472	0.00559	0.00289	0.00681
79	0.09378	0.01104	0.01813	0.02120	0.40125	0.01099	0.14435	0.01707	0.06910	0.12782	0.02978	0.01364	0.00955	0.00490	0.00490	0.00153	0.00561	0.00473	0.00328	0.00736
80	0.00916	0.00458	0.00458	0.00458	0.00573	0.00458	0.00344	0.01145	0.01031	0.01832	0.01603	0.01832	0.01260	0.00573	0.00344	0.00115	0.00229	0.00458	0.85457	0.00458
81	0.01016	0.00873	0.01036	0.03730	0.01247	0.00671	0.00611	0.01238	0.01018	0.01588	0.00873	0.01030	0.00725	0.00369	0.00369	0.00076	0.00375	0.00297	0.00288	0.82569
82	0.00599	0.00428	0.00570	0.00684	0.00713	0.00399	0.00456	0.00684	0.00941	0.01254	0.02709	0.82409	0.03250	0.01540	0.00627	0.00200	0.00285	0.01397	0.00456	0.00399
83	0.00703	0.00521	0.00763	0.00763	0.00841	0.00600	0.00581	0.00860	0.00782	0.01121	0.01341	0.02067	0.01288	0.12103	0.72446	0.00756	0.01227	0.00547	0.00267	0.00424
84	0.29159	0.12380	0.27205	0.01177	0.01671	0.01237	0.14631	0.01543	0.01001	0.04634	0.00850	0.01000	0.00638	0.00453	0.00414	0.00149	0.00592	0.00361	0.00262	0.00643
85	0.01772	0.01166	0.01317	0.01008	0.01399	0.01197	0.00830	0.48376	0.01889	0.18348	0.01315	0.01352	0.00940	0.00574	0.00475	0.00138	0.00485	0.02154	0.00481	0.14782
86	0.12923	0.38634	0.01796	0.00923	0.01272	0.16978	0.00807	0.11451	0.04349	0.01624	0.00858	0.00950	0.00708	0.00481	0.00370	0.00124	0.00559	0.00318	0.04246	0.00630
87	0.82366	0.00945	0.00741	0.00657	0.00964	0.01085	0.00541	0.01488	0.00862	0.05756	0.00742	0.00838	0.00563	0.00463	0.00313	0.00152	0.00382	0.00277	0.00318	0.00546
88	0.01280	0.01363	0.05455	0.02053	0.33229	0.13282	0.17484	0.04515	0.01242	0.03715	0.07874	0.01474	0.02413	0.00520	0.00507	0.00148	0.00641	0.00497	0.01624	0.00685

[dist]
# distance from previous block
# <min> <max>
0	8

[block]
# block no. 5 follows, 51 sequences, length 35
# corresponding to MSA columns:
# 1114-1148
name=unknown_F
#
# <colnr> <probs for GDERKNQSTAVLIFYWHMCP>
#	G	D	E	R	K	N	Q	S	T	A	V	L	I	F	Y	W	H	M	C	P
0	0.01028	0.00924	0.02909	0.00936	0.01219	0.00906	0.05039	0.01779	0.37079	0.01733	0.01807	0.19327	0.01640	0.00768	0.00500	0.00151	0.00393	0.00675	0.00420	0.20765
1	0.00667	0.00501	0.00617	0.00588	0.00717	0.00452	0.00441	0.00872	0.01324	0.01811	0.60955	0.03933	0.23186	0.01064	0.00580	0.00157	0.00236	0.00926	0.00520	0.00452
2	0.01210	0.20297	0.01451	0.00812	0.01239	0.01083	0.00694	0.12287	0.01199	0.01711	0.00873	0.00988	0.00720	0.00410	0.00371	0.00091	0.00427	0.00306	0.00301	0.53531
3	0.01248	0.01157	0.01967	0.02948	0.77152	0.01153	0.01483	0.01537	0.01128	0.04117	0.00957	0.01231	0.00792	0.00443	0.00487	0.00146	0.00579	0.00440	0.00255	0.00780
4	0.01359	0.39476	0.12225	0.01051	0.01428	0.10442	0.01011	0.12277	0.01214	0.01515	0.03150	0.01009	0.00781	0.00532	0.00542	0.00135	0.10594	0.00347	0.00265	0.00649
5	0.01216	0.01168	0.01995	0.03016	0.79664	0.01168	0.01508	0.01508	0.01119	0.01605	0.00924	0.01216	0.00778	0.00438	0.00487	0.00146	0.00584	0.00438	0.00243	0.00778
6	0.01314	0.83025	0.02575	0.00841	0.01261	0.01945	0.00841	0.01472	0.00999	0.01156	0.00683	0.00788	0.00631	0.00420	0.00315	0.00105	0.00526	0.00263	0.00210	0.00631
7	0.01064	0.21790	0.61623	0.01267	0.01920	0.01333	0.01583	0.01536	0.01028	0.01461	0.00834	0.00978	0.00624	0.00456	0.00431	0.00144	0.00678	0.00339	0.00208	0.00703
8	0.00745	0.00542	0.00728	0.00801	0.00918	0.00525	0.00676	0.00956	0.01169	0.01535	0.16428	0.07801	0.11680	0.01289	0.00649	0.00206	0.00385	0.52050	0.00469	0.00448
9	0.00684	0.00505	0.00642	0.00617	0.00740	0.00462	0.00469	0.00901	0.01338	0.01851	0.64567	0.03925	0.15230	0.01058	0.00585	0.00160	0.00246	0.05040	0.00524	0.00456
10	0.00986	0.02542	0.80183	0.01401	0.02127	0.01141	0.01816	0.01556	0.01038	0.01556	0.00882	0.01038	0.00623	0.00467	0.00467	0.00156	0.00726	0.00363	0.00208	0.00726
11	0.00937	0.00874	0.01460	0.66223	0.11478	0.01048	0.01312	0.01246	0.01005	0.01302	0.01093	0.03620	0.02993	0.00560	0.00502	0.00165	0.00620	0.02762	0.00241	0.00561
12	0.00986	0.02542	0.80183	0.01401	0.02127	0.01141	0.01816	0.01556	0.01038	0.01556	0.00882	0.01038	0.00623	0.00467	0.00467	0.00156	0.00726	0.00363	0.00208	0.00726
13	0.00715	0.00476	0.00536	0.00536	0.00536	0.00476	0.00298	0.00715	0.00715	0.00953	0.01548	0.03216	0.01787	0.82729	0.02501	0.00476	0.00476	0.00715	0.00298	0.00298
14	0.01836	0.02342	0.01393	0.01266	0.01519	0.80756	0.00950	0.01962	0.01393	0.01203	0.00760	0.00886	0.00633	0.00506	0.00443	0.00127	0.00886	0.00317	0.00253	0.00570
15	0.00960	0.00906	0.01532	0.72819	0.11863	0.01100	0.01381	0.01284	0.00998	0.01294	0.00879	0.01300	0.00669	0.00485	0.00491	0.00162	0.00647	0.00437	0.00221	0.00572
16	0.00597	0.00435	0.00562	0.00664	0.00707	0.00401	0.00447	0.00687	0.00961	0.01263	0.02961	0.73775	0.11722	0.01507	0.00622	0.00196	0.00281	0.01357	0.00456	0.00401
17	0.00599	0.00428	0.00570	0.00684	0.00713	0.00399	0.00456	0.00684	0.00941	0.01254	0.02709	0.82409	0.03250	0.01540	0.00627	0.00200	0.00285	0.01397	0.00456	0.00399
18	0.00986	0.02542	0.80183	0.01401	0.02127	0.01141	0.01816	0.01556	0.01038	0.01556	0.00882	0.01038	0.00623	0.00467	0.00467	0.00156	0.00726	0.00363	0.00208	0.00726
19	0.01929	0.00892	0.01106	0.00866	0.01208	0.00851	0.00710	0.17023	0.03206	0.51845	0.01743	0.01603	0.01154	0.00601	0.00472	0.00146	0.00414	0.00480	0.12971	0.00780
20	0.01370	0.01023	0.01116	0.00981	0.01274	0.01147	0.00770	0.02579	0.67160	0.13759	0.01991	0.01809	0.01458	0.00658	0.00499	0.00164	0.00393	0.00546	0.00516	0.00787
21	0.01868	0.01376	0.01475	0.01131	0.01524	0.01524	0.00934	0.78025	0.02311	0.03097	0.01180	0.01180	0.00836	0.00590	0.00492	0.00147	0.00541	0.00442	0.00492	0.00836
22	0.00703	0.00521	0.00762	0.00762	0.00840	0.00599	0.00580	0.00860	0.00782	0.01120	0.01342	0.02071	0.01289	0.12296	0.72254	0.00756	0.01225	0.00547	0.00267	0.00423
23	0.00620	0.00443	0.00594	0.00708	0.00746	0.00417	0.00493	0.00721	0.00962	0.01278	0.02697	0.74035	0.03204	0.01520	0.00633	0.00202	0.00303	0.09563	0.00456	0.00405
24	0.01905	0.01318	0.01438	0.01103	0.01495	0.01437	0.00911	0.69786	0.02212	0.11475	0.01263	0.01234	0.00877	0.00592	0.00492	0.00148	0.00527	0.00448	0.00504	0.00836
25	0.01075	0.01075	0.01505	0.01290	0.01290	0.01505	0.01075	0.01183	0.00753	0.01183	0.00645	0.01075	0.00645	0.00860	0.01613	0.00215	0.81830	0.00430	0.00215	0.00538
26	0.01079	0.01122	0.02190	0.07234	0.10611	0.01117	0.44174	0.01477	0.04995	0.01599	0.09805	0.01794	0.01311	0.00570	0.00618	0.00168	0.04876	0.04326	0.00299	0.00634
27	0.00610	0.00438	0.00594	0.00696	0.00731	0.00423	0.00473	0.00705	0.00924	0.01242	0.02557	0.73642	0.03030	0.01773	0.09359	0.00264	0.00397	0.01302	0.00435	0.00403
28	0.01314	0.83025	0.02575	0.00841	0.01261	0.01945	0.00841	0.01472	0.00999	0.01156	0.00683	0.00788	0.00631	0.00420	0.00315	0.00105	0.00526	0.00263	0.00210	0.00631
29	0.00690	0.00471	0.00539	0.00555	0.00569	0.00462	0.00325	0.00710	0.00770	0.01017	0.01909	0.14683	0.06380	0.66462	0.02124	0.00419	0.00436	0.00831	0.00329	0.00319
30	0.01836	0.02342	0.01393	0.01266	0.01519	0.80756	0.00950	0.01962	0.01393	0.01203	0.00760	0.00886	0.00633	0.00506	0.00443	0.00127	0.00886	0.00317	0.00253	0.00570
31	0.00703	0.00521	0.00762	0.00762	0.00840	0.00599	0.00580	0.00860	0.00782	0.01120	0.01342	0.02071	0.01289	0.12296	0.72254	0.00756	0.01225	0.00547	0.00267	0.00423
32	0.01489	0.00681	0.00883	0.00739	0.00984	0.00610	0.00576	0.01684	0.02950	0.42459	0.17644	0.05323	0.08751	0.09721	0.00738	0.00190	0.00362	0.00675	0.02900	0.00640
33	0.51543	0.10419	0.03889	0.00903	0.03522	0.16893	0.00735	0.03060	0.02339	0.01865	0.00745	0.00860	0.00596	0.00468	0.00351	0.00142	0.00517	0.00293	0.00285	0.00575
34	0.25658	0.08837	0.01301	0.01019	0.01318	0.38382	0.00808	0.12356	0.01329	0.01764	0.02618	0.00958	0.00726	0.00508	0.00402	0.00135	0.00648	0.00328	0.00304	0.00599

[dist]
# distance from previous block
# <min> <max>
0	14

[block]
# block no. 6 follows, 51 sequences, length 63
# corresponding to MSA columns:
