[name]
unknown

[dist]
# distance from previous block
# <min> <max>
0	30

[block]
# block no. 0 follows, 48 sequences, length 6
# corresponding to MSA columns:
# 30-35
name=unknown_A
#
# <colnr> <probs for GDERKNQSTAVLIFYWHMCP>
#	G	D	E	R	K	N	Q	S	T	A	V	L	I	F	Y	W	H	M	C	P
0	0.00827	0.00591	0.00827	0.00945	0.01063	0.00591	0.00827	0.01063	0.01181	0.01536	0.02717	0.05788	0.02953	0.01417	0.00709	0.00236	0.00472	0.75313	0.00472	0.00472
1	0.85592	0.00992	0.00754	0.00675	0.00992	0.01151	0.00556	0.01508	0.00873	0.02302	0.00714	0.00834	0.00556	0.00476	0.00318	0.00159	0.00397	0.00278	0.00318	0.00556
2	0.10108	0.02303	0.01386	0.01259	0.01528	0.72197	0.00949	0.01996	0.01397	0.01358	0.00785	0.00916	0.00651	0.00524	0.00448	0.00135	0.00874	0.00325	0.00270	0.00591
3	0.08477	0.19740	0.55878	0.01267	0.01918	0.01370	0.01559	0.01596	0.01056	0.01594	0.00858	0.01005	0.00644	0.00476	0.00438	0.00151	0.00681	0.00348	0.00226	0.00719
4	0.10987	0.01304	0.01846	0.06603	0.23230	0.08013	0.17036	0.09955	0.06926	0.01863	0.01171	0.01376	0.03317	0.00542	0.00551	0.00162	0.03605	0.00486	0.00316	0.00710
5	0.01951	0.01437	0.01540	0.01181	0.01591	0.01591	0.00975	0.77056	0.02412	0.03234	0.01232	0.01232	0.00873	0.00616	0.00513	0.00154	0.00565	0.00462	0.00513	0.00873

[dist]
# distance from previous block
# <min> <max>
0	4

[block]
# block no. 1 follows, 48 sequences, length 6
# corresponding to MSA columns:
# 40-42,46-48
name=unknown_B
#
# <colnr> <probs for GDERKNQSTAVLIFYWHMCP>
#	G	D	E	R	K	N	Q	S	T	A	V	L	I	F	Y	W	H	M	C	P
0	0.04322	0.01337	0.01640	0.07098	0.20673	0.06645	0.03567	0.33943	0.03648	0.06327	0.01139	0.01258	0.00850	0.00545	0.00499	0.00151	0.00593	0.00448	0.00395	0.04923
1	0.73792	0.01055	0.00865	0.00746	0.01077	0.01213	0.00615	0.12167	0.01090	0.02434	0.00787	0.00890	0.00600	0.00496	0.00345	0.00158	0.00421	0.00304	0.00345	0.00600
2	0.00748	0.00582	0.00693	0.00736	0.00843	0.00578	0.00523	0.01100	0.14650	0.01546	0.10799	0.47938	0.14624	0.01342	0.00619	0.00192	0.00305	0.01192	0.00493	0.00496
3	0.00993	0.08082	0.50111	0.01354	0.05995	0.01099	0.03796	0.01440	0.01112	0.01586	0.06727	0.08082	0.06136	0.00662	0.00510	0.00163	0.00633	0.00553	0.00282	0.00684
4	0.00622	0.00520	0.00541	0.00536	0.00703	0.00440	0.00402	0.00766	0.01206	0.01473	0.14656	0.04795	0.69046	0.01267	0.00606	0.00172	0.00258	0.01063	0.00488	0.00440
5	0.04814	0.39021	0.25792	0.01127	0.01633	0.12701	0.01197	0.05687	0.01180	0.01495	0.00816	0.00939	0.00664	0.00477	0.00406	0.00133	0.00661	0.00325	0.00245	0.00687

[dist]
# distance from previous block
# <min> <max>
0	1

[block]
# block no. 2 follows, 48 sequences, length 19
# corresponding to MSA columns:
# 50-54,57-70
name=unknown_C
#
# <colnr> <probs for GDERKNQSTAVLIFYWHMCP>
#	G	D	E	R	K	N	Q	S	T	A	V	L	I	F	Y	W	H	M	C	P
0	0.01386	0.01420	0.01939	0.06021	0.60445	0.14553	0.01453	0.03710	0.01245	0.01632	0.00941	0.01215	0.00783	0.00476	0.00501	0.00150	0.00665	0.00436	0.00262	0.00767
1	0.01883	0.00925	0.01163	0.00893	0.01278	0.00832	0.00730	0.12603	0.01519	0.47680	0.06247	0.01802	0.04349	0.00638	0.00501	0.00145	0.00427	0.00518	0.00551	0.15317
2	0.00723	0.00545	0.00647	0.00623	0.00746	0.00508	0.00454	0.00951	0.04456	0.01724	0.43921	0.04000	0.23013	0.13048	0.00900	0.00216	0.00295	0.02269	0.00501	0.00459
3	0.01070	0.05723	0.64336	0.01394	0.02065	0.01208	0.03735	0.04193	0.04267	0.01669	0.01067	0.05079	0.00834	0.00552	0.00495	0.00163	0.00709	0.00445	0.00253	0.00742
4	0.01116	0.00793	0.00870	0.00775	0.00999	0.03219	0.00600	0.07134	0.14379	0.11928	0.24408	0.05357	0.24411	0.00973	0.00570	0.00166	0.00347	0.00820	0.00526	0.00606
5	0.09003	0.07453	0.01321	0.01060	0.01368	0.15696	0.00839	0.08119	0.45447	0.02011	0.01560	0.01503	0.01189	0.00620	0.00478	0.00159	0.00523	0.00475	0.00433	0.00743
6	0.01440	0.62137	0.06225	0.01023	0.01458	0.11614	0.03852	0.04659	0.01157	0.01332	0.00767	0.00886	0.00672	0.00459	0.00371	0.00119	0.00618	0.00307	0.00238	0.00665
7	0.04116	0.00654	0.03112	0.00650	0.00709	0.02440	0.00433	0.02305	0.00818	0.01135	0.01508	0.02952	0.01669	0.64695	0.10355	0.00492	0.00604	0.00681	0.00307	0.00367
8	0.00879	0.00453	0.00680	0.00680	0.00687	0.00460	0.00460	0.00687	0.00680	0.00914	0.00928	0.01594	0.00921	0.01939	0.07892	0.78707	0.00516	0.00453	0.00227	0.00241
9	0.01471	0.01069	0.01282	0.01072	0.01382	0.01150	0.05276	0.22669	0.28823	0.11080	0.06250	0.06548	0.01665	0.00765	0.00544	0.00170	0.00464	0.05078	0.02483	0.00759
10	0.00872	0.00803	0.01213	0.01084	0.01172	0.00935	0.09100	0.01016	0.00970	0.01354	0.04941	0.34410	0.08386	0.01175	0.01015	0.00206	0.29533	0.00949	0.00365	0.00503
11	0.00909	0.00803	0.01139	0.01038	0.01081	0.01048	0.00831	0.01046	0.00801	0.01195	0.01079	0.01724	0.01056	0.08905	0.38436	0.00528	0.37114	0.00521	0.00255	0.00492
12	0.01759	0.06516	0.01698	0.01297	0.01658	0.26532	0.09899	0.30481	0.04982	0.05244	0.01165	0.01359	0.00910	0.00592	0.00505	0.00151	0.00699	0.03430	0.00390	0.00731
13	0.11254	0.00918	0.01164	0.00903	0.01292	0.00845	0.00745	0.06670	0.01459	0.66494	0.01838	0.01619	0.01170	0.00617	0.00494	0.00158	0.00440	0.00487	0.00594	0.00839
14	0.01345	0.04713	0.09937	0.03820	0.05413	0.05407	0.00995	0.17158	0.28214	0.02116	0.06939	0.01655	0.01367	0.00693	0.01753	0.00170	0.02492	0.00514	0.04555	0.00741
15	0.00911	0.00684	0.00849	0.00776	0.00962	0.00683	0.02511	0.07879	0.06700	0.04819	0.18113	0.07489	0.26036	0.01595	0.15506	0.00294	0.00533	0.02657	0.00463	0.00538
16	0.16909	0.01333	0.03278	0.01203	0.07679	0.15130	0.03834	0.12168	0.02864	0.05013	0.02734	0.03609	0.02051	0.00590	0.00532	0.00148	0.05779	0.00441	0.03645	0.11061
17	0.13016	0.19185	0.05678	0.03100	0.02745	0.11176	0.04623	0.11531	0.10352	0.04844	0.01250	0.01356	0.03993	0.02705	0.00500	0.00155	0.00570	0.00427	0.00346	0.02448
18	0.05719	0.04610	0.07358	0.01133	0.01517	0.01300	0.05446	0.31351	0.12046	0.07230	0.01320	0.02985	0.01009	0.00818	0.05702	0.00199	0.03259	0.00482	0.00424	0.06089

[dist]
# distance from previous block
# <min> <max>
0	11

[block]
# block no. 3 follows, 48 sequences, length 10
# corresponding to MSA columns:
# 82-90,96
name=unknown_D
#
# <colnr> <probs for GDERKNQSTAVLIFYWHMCP>
#	G	D	E	R	K	N	Q	S	T	A	V	L	I	F	Y	W	H	M	C	P
0	0.03857	0.08599	0.03972	0.03423	0.02834	0.09875	0.02145	0.11999	0.13532	0.04764	0.06953	0.09392	0.05539	0.00724	0.00496	0.00151	0.00497	0.00591	0.01733	0.08924
1	0.08956	0.02892	0.01899	0.12092	0.07518	0.02817	0.25735	0.06231	0.15104	0.01833	0.01165	0.01359	0.00890	0.00505	0.00509	0.00157	0.00627	0.00490	0.00327	0.08896
2	0.01366	0.01330	0.01444	0.15811	0.14540	0.18495	0.02441	0.12245	0.08971	0.01750	0.01288	0.06345	0.01108	0.00756	0.03290	0.00182	0.00657	0.03090	0.04226	0.00664
3	0.00669	0.00487	0.00631	0.00670	0.00751	0.00448	0.00474	0.00830	0.01207	0.01652	0.37129	0.41345	0.09128	0.01335	0.00629	0.00185	0.00270	0.01194	0.00516	0.00448
4	0.01844	0.01437	0.01476	0.01167	0.01551	0.05574	0.00951	0.61605	0.14123	0.02962	0.01343	0.01323	0.00970	0.00624	0.00512	0.00156	0.00558	0.00474	0.00502	0.00849
5	0.00699	0.00520	0.00650	0.00626	0.00752	0.00471	0.00466	0.00912	0.01375	0.01894	0.60921	0.08140	0.18428	0.01125	0.00608	0.00166	0.00248	0.00985	0.00544	0.00471
6	0.00738	0.00494	0.00562	0.00571	0.00573	0.00492	0.00323	0.00744	0.00763	0.01017	0.01703	0.08933	0.01974	0.76244	0.02472	0.00477	0.00483	0.00797	0.00323	0.00318
7	0.00881	0.00913	0.06577	0.01168	0.08327	0.00772	0.13501	0.01226	0.06670	0.01663	0.16476	0.06553	0.28231	0.00921	0.00576	0.00168	0.00436	0.00828	0.03544	0.00571
8	0.51111	0.01248	0.05747	0.00900	0.01277	0.01308	0.00784	0.28073	0.01427	0.02589	0.00909	0.00989	0.00673	0.00526	0.00397	0.00157	0.00478	0.00349	0.00380	0.00679
9	0.01107	0.07881	0.51238	0.04283	0.04618	0.01137	0.03209	0.01569	0.01123	0.06239	0.03564	0.01447	0.05616	0.00554	0.00488	0.00156	0.00656	0.00447	0.00275	0.04394

[dist]
# distance from previous block
# <min> <max>
6	13

[block]
# block no. 4 follows, 48 sequences, length 7
# corresponding to MSA columns:
# 111-117
name=unknown_E
#
# <colnr> <probs for GDERKNQSTAVLIFYWHMCP>
#	G	D	E	R	K	N	Q	S	T	A	V	L	I	F	Y	W	H	M	C	P
0	0.09306	0.01399	0.01390	0.01137	0.01485	0.12352	0.04304	0.32292	0.20107	0.06617	0.03539	0.01425	0.01110	0.00615	0.00497	0.00158	0.00559	0.00478	0.00459	0.00771
1	0.01232	0.00906	0.01066	0.00793	0.01208	0.00732	0.00634	0.06661	0.01209	0.10945	0.01368	0.04282	0.05138	0.00521	0.00428	0.00101	0.00390	0.00424	0.00373	0.61588
2	0.00646	0.00468	0.00613	0.00709	0.00764	0.00436	0.00494	0.00762	0.01050	0.01395	0.09521	0.64054	0.09127	0.01523	0.00651	0.00204	0.00302	0.06370	0.00484	0.00428
3	0.01075	0.09340	0.63028	0.01443	0.02108	0.01296	0.05941	0.01591	0.01066	0.01563	0.00892	0.01080	0.00660	0.00509	0.00564	0.00163	0.06341	0.00388	0.00220	0.00732
4	0.04112	0.00996	0.01622	0.41772	0.27299	0.01146	0.01355	0.01356	0.01046	0.01459	0.01039	0.06895	0.00909	0.00597	0.00596	0.00171	0.06219	0.00519	0.00257	0.00636
5	0.01595	0.00826	0.00947	0.00796	0.01028	0.04936	0.00596	0.03828	0.04125	0.37633	0.01869	0.02335	0.03510	0.28280	0.01220	0.00271	0.00472	0.00599	0.04499	0.00634
6	0.01637	0.00898	0.01053	0.00858	0.01178	0.00872	0.00692	0.16804	0.08539	0.33499	0.02710	0.02520	0.21911	0.00813	0.00535	0.00162	0.00405	0.00662	0.03517	0.00736

[dist]
# distance from previous block
# <min> <max>
0	23

[block]
# block no. 5 follows, 48 sequences, length 21
# corresponding to MSA columns:
# 141-151,153-162
name=unknown_F
#
# <colnr> <probs for GDERKNQSTAVLIFYWHMCP>
#	G	D	E	R	K	N	Q	S	T	A	V	L	I	F	Y	W	H	M	C	P
0	0.01338	0.01371	0.01999	0.06961	0.62199	0.11698	0.03793	0.01626	0.01200	0.01600	0.00942	0.01233	0.00785	0.00469	0.00505	0.00151	0.00663	0.00445	0.00254	0.00767
1	0.01841	0.02327	0.01428	0.01296	0.01547	0.74050	0.00977	0.01972	0.01417	0.01259	0.00935	0.01067	0.03253	0.00570	0.00518	0.00137	0.04189	0.00360	0.00270	0.00588
2	0.00739	0.00549	0.00737	0.00772	0.00843	0.00530	0.03429	0.05179	0.01049	0.01396	0.02583	0.61509	0.05239	0.11798	0.00894	0.00240	0.00359	0.01265	0.00449	0.00441
3	0.00905	0.00647	0.00942	0.03909	0.08011	0.00645	0.00854	0.01125	0.01155	0.04992	0.02485	0.17470	0.02680	0.01296	0.00667	0.00218	0.00462	0.50572	0.00452	0.00515
4	0.00729	0.00611	0.00811	0.01021	0.13500	0.00560	0.00618	0.00883	0.01130	0.01455	0.08753	0.28491	0.37055	0.01242	0.00606	0.00180	0.00328	0.01089	0.00446	0.00494
5	0.00828	0.00686	0.00990	0.00936	0.01000	0.00859	0.00739	0.00984	0.00811	0.01190	0.01218	0.01877	0.01169	0.07659	0.56473	0.00660	0.20644	0.00537	0.00265	0.00475
6	0.00969	0.00912	0.01539	0.80734	0.03534	0.01140	0.01425	0.01311	0.01026	0.01311	0.00912	0.01368	0.00684	0.00513	0.00513	0.00171	0.00684	0.00456	0.00228	0.00570
7	0.01123	0.01123	0.01572	0.01347	0.01347	0.01572	0.01123	0.01235	0.00786	0.01235	0.00674	0.01123	0.00674	0.00898	0.01684	0.00225	0.81028	0.00449	0.00225	0.00561
8	0.01064	0.00912	0.01064	0.00760	0.01216	0.00684	0.00608	0.01292	0.01064	0.01672	0.00912	0.01064	0.00760	0.00380	0.00380	0.00076	0.00380	0.00304	0.00304	0.85104
9	0.01066	0.00792	0.00721	0.00692	0.00834	0.11457	0.00527	0.03397	0.01109	0.01697	0.01473	0.01781	0.01205	0.01323	0.18348	0.00281	0.00599	0.00474	0.51724	0.00501
10	0.00620	0.00521	0.00541	0.00553	0.00717	0.00442	0.00419	0.00754	0.01162	0.01391	0.04948	0.08436	0.70797	0.01320	0.00615	0.00178	0.00274	0.05401	0.00476	0.00435
11	0.00639	0.00468	0.00601	0.00680	0.00742	0.00430	0.00467	0.00759	0.01081	0.01441	0.15499	0.59840	0.12502	0.01480	0.00641	0.00197	0.00284	0.01327	0.00491	0.00430
12	0.01187	0.01134	0.01932	0.24630	0.57937	0.01197	0.01533	0.01502	0.01129	0.01575	0.00950	0.01297	0.00777	0.00473	0.00509	0.00158	0.00630	0.00457	0.00247	0.00746
13	0.00734	0.00547	0.00812	0.00812	0.00900	0.00635	0.00626	0.00908	0.00821	0.01182	0.01386	0.02078	0.01310	0.07451	0.76368	0.00810	0.01334	0.00559	0.00277	0.00451
14	0.00669	0.00519	0.00601	0.00586	0.00723	0.00459	0.00433	0.00844	0.01277	0.01679	0.39117	0.06687	0.38451	0.04842	0.00698	0.00183	0.00263	0.01007	0.00510	0.00451
15	0.04238	0.01302	0.01381	0.01091	0.01469	0.04390	0.00890	0.48348	0.11427	0.15686	0.01451	0.01398	0.01020	0.00621	0.00503	0.00156	0.00524	0.00476	0.02796	0.00835
16	0.01875	0.01363	0.01483	0.01163	0.01552	0.04464	0.02963	0.53225	0.12794	0.11627	0.01420	0.01378	0.01004	0.00621	0.00515	0.00157	0.00550	0.00483	0.00512	0.00849
17	0.00891	0.00446	0.00668	0.00668	0.00668	0.00446	0.00446	0.00668	0.00668	0.00891	0.00891	0.01560	0.00891	0.01783	0.02005	0.85071	0.00446	0.00446	0.00223	0.00223
18	0.01340	0.05228	0.16167	0.05987	0.10233	0.04422	0.23051	0.16355	0.02701	0.01877	0.01021	0.01266	0.00786	0.01732	0.00626	0.00169	0.05534	0.00479	0.00301	0.00729
19	0.01177	0.01186	0.02188	0.04805	0.42543	0.01176	0.24521	0.01504	0.01180	0.01650	0.05690	0.01613	0.04430	0.00538	0.00589	0.00163	0.03483	0.00557	0.00282	0.00724
20	0.42226	0.01273	0.01236	0.14042	0.01683	0.12161	0.05349	0.13199	0.01236	0.02099	0.00857	0.01028	0.00653	0.00509	0.00417	0.00157	0.00571	0.00362	0.00322	0.00620

[dist]
# distance from previous block
# <min> <max>
0	1

[block]
# block no. 6 follows, 48 sequences, length 58
# corresponding to MSA columns:
# 164-170,172-180,187-228
name=unknown_G
#
# <colnr> <probs for GDERKNQSTAVLIFYWHMCP>
#	G	D	E	R	K	N	Q	S	T	A	V	L	I	F	Y	W	H	M	C	P
0	0.01170	0.01135	0.01969	0.08637	0.33873	0.01149	0.19764	0.03514	0.09137	0.01690	0.01471	0.05484	0.05310	0.00612	0.00552	0.00167	0.00618	0.02716	0.00316	0.00716
1	0.00842	0.00669	0.00980	0.01176	0.16001	0.00670	0.03309	0.00955	0.00900	0.01231	0.01706	0.14576	0.03563	0.39923	0.10935	0.00406	0.00600	0.00777	0.00323	0.00459
2	0.00921	0.00794	0.01041	0.00962	0.01006	0.02912	0.00751	0.01041	0.00839	0.01215	0.01249	0.03173	0.01276	0.19215	0.24299	0.00450	0.30441	0.04078	0.03867	0.00469
3	0.00641	0.00457	0.00607	0.00718	0.00753	0.00429	0.00487	0.00739	0.01000	0.01336	0.05361	0.73541	0.03381	0.03865	0.00711	0.00216	0.00309	0.04558	0.00474	0.00418
4	0.02107	0.00844	0.01130	0.00885	0.01249	0.00745	0.00724	0.02357	0.04307	0.68220	0.07518	0.01908	0.01540	0.00666	0.00518	0.00158	0.00415	0.00547	0.03332	0.00830
5	0.01229	0.01033	0.01109	0.00991	0.01262	0.01173	0.00771	0.06460	0.62235	0.02192	0.13591	0.02168	0.02024	0.00745	0.00534	0.00171	0.00390	0.00626	0.00528	0.00766
6	0.01029	0.02654	0.79309	0.01462	0.02221	0.01192	0.01896	0.01625	0.01083	0.01625	0.00921	0.01083	0.00650	0.00487	0.00487	0.00162	0.00758	0.00379	0.00217	0.00758
7	0.01061	0.06914	0.34841	0.19690	0.02323	0.01192	0.09999	0.04663	0.01105	0.01539	0.00993	0.01314	0.00772	0.02439	0.08774	0.00237	0.00790	0.00444	0.00245	0.00666
8	0.00922	0.00560	0.00723	0.00660	0.00813	0.00513	0.00503	0.01157	0.01418	0.10784	0.62135	0.03459	0.05522	0.00970	0.00575	0.00158	0.00264	0.00847	0.07491	0.00527
9	0.01148	0.01094	0.01852	0.27339	0.27452	0.01185	0.12376	0.04710	0.05449	0.01643	0.05107	0.02961	0.01064	0.00561	0.00579	0.00167	0.03809	0.00528	0.00292	0.00686
10	0.01103	0.00919	0.01071	0.00775	0.01223	0.00709	0.00620	0.01379	0.04106	0.03616	0.00986	0.01115	0.00805	0.00399	0.00389	0.00082	0.00382	0.00320	0.00321	0.79681
11	0.00625	0.00447	0.00595	0.00714	0.00744	0.00417	0.00476	0.00714	0.00982	0.01310	0.02828	0.81633	0.03394	0.01608	0.00655	0.00208	0.00298	0.01459	0.00476	0.00417
12	0.01478	0.03313	0.03626	0.01087	0.01442	0.02787	0.10192	0.23070	0.07587	0.15045	0.09465	0.02199	0.13557	0.00738	0.00540	0.00160	0.00499	0.00628	0.00477	0.02109
13	0.01201	0.05001	0.04223	0.01591	0.01915	0.02950	0.33543	0.04789	0.09366	0.01621	0.01214	0.04916	0.01055	0.00682	0.00833	0.00185	0.19429	0.04521	0.00308	0.00657
14	0.00886	0.00595	0.00745	0.00681	0.00837	0.00562	0.00522	0.05501	0.01469	0.06129	0.60247	0.03589	0.08767	0.01004	0.00586	0.00161	0.00277	0.02393	0.04524	0.00524
15	0.00620	0.00478	0.00568	0.00635	0.00724	0.00425	0.00442	0.00730	0.01069	0.01359	0.05688	0.49233	0.33249	0.01471	0.00634	0.00193	0.00281	0.01296	0.00479	0.00425
16	0.11251	0.05742	0.15249	0.04685	0.03034	0.11913	0.01034	0.14559	0.02879	0.10039	0.01060	0.01144	0.00784	0.00514	0.00449	0.00140	0.00588	0.00381	0.00351	0.14204
17	0.01540	0.01304	0.04608	0.01418	0.07696	0.04601	0.12788	0.22568	0.17286	0.10798	0.01602	0.01669	0.04701	0.00637	0.00573	0.00165	0.03310	0.01526	0.00435	0.00775
18	0.01069	0.01138	0.02335	0.01750	0.02137	0.01078	0.54332	0.01464	0.04762	0.01584	0.01532	0.21348	0.01465	0.00737	0.00614	0.00182	0.00702	0.00816	0.00326	0.00629
19	0.01614	0.01599	0.01323	0.01152	0.01457	0.26979	0.00896	0.18424	0.34938	0.02072	0.01554	0.01515	0.02908	0.00638	0.00503	0.00156	0.00606	0.00485	0.00435	0.00745
20	0.01264	0.16900	0.02783	0.00896	0.01257	0.04547	0.00754	0.04713	0.22262	0.05867	0.04936	0.01746	0.07999	0.00619	0.00456	0.00133	0.00444	0.00489	0.00396	0.21538
21	0.00655	0.00488	0.00605	0.00683	0.00750	0.00456	0.00467	0.00802	0.03721	0.01374	0.06711	0.58966	0.15959	0.04911	0.00723	0.00211	0.00301	0.01309	0.00475	0.00432
22	0.01187	0.01552	0.13094	0.02070	0.02621	0.01284	0.67005	0.01641	0.01194	0.01641	0.01023	0.01344	0.00762	0.00440	0.00590	0.00172	0.00851	0.00576	0.00254	0.00701
23	0.00644	0.00547	0.00599	0.00642	0.03880	0.00469	0.00448	0.00789	0.01188	0.01452	0.11070	0.06569	0.67420	0.01252	0.00603	0.00172	0.00274	0.01054	0.00475	0.00452
24	0.00987	0.00508	0.00511	0.00500	0.00629	0.00513	0.00378	0.03561	0.01118	0.01954	0.01660	0.01892	0.01301	0.00598	0.00364	0.00121	0.00249	0.00478	0.82188	0.00491
25	0.00641	0.00503	0.00583	0.00625	0.00745	0.00445	0.00460	0.00778	0.01140	0.01439	0.11335	0.28451	0.42399	0.01379	0.00629	0.00188	0.00287	0.07050	0.00485	0.00436
26	0.85592	0.00992	0.00754	0.00675	0.00992	0.01151	0.00556	0.01508	0.00873	0.02302	0.00714	0.00834	0.00556	0.00476	0.00318	0.00159	0.00397	0.00278	0.00318	0.00556
27	0.00624	0.00449	0.00592	0.00707	0.00742	0.00417	0.00473	0.00715	0.00990	0.01313	0.02922	0.78604	0.06362	0.01595	0.00653	0.00207	0.00296	0.01444	0.00476	0.00417
28	0.01123	0.01137	0.01359	0.19517	0.01776	0.13133	0.01050	0.01309	0.00960	0.01268	0.00922	0.01357	0.00819	0.01349	0.17232	0.00318	0.31494	0.00454	0.02879	0.00545
29	0.01753	0.05037	0.01440	0.01141	0.01476	0.23040	0.00912	0.37290	0.13204	0.02357	0.01245	0.01275	0.00937	0.00595	0.00483	0.00147	0.00619	0.00436	0.05859	0.00753
30	0.00620	0.00516	0.00542	0.00545	0.00704	0.00437	0.00405	0.00759	0.01187	0.01451	0.12625	0.09459	0.66402	0.01292	0.00609	0.00174	0.00260	0.01090	0.00486	0.00437
31	0.00679	0.00460	0.00615	0.00721	0.00762	0.00428	0.00485	0.00772	0.00998	0.03811	0.02802	0.79064	0.03325	0.01576	0.00650	0.00207	0.00302	0.01428	0.00481	0.00431
32	0.01119	0.00959	0.01544	0.28741	0.30358	0.01039	0.03603	0.04048	0.01144	0.01660	0.01120	0.01452	0.00885	0.00513	0.00479	0.00152	0.00557	0.00466	0.19510	0.00653
33	0.02259	0.00942	0.01233	0.00945	0.01344	0.00856	0.00781	0.11553	0.01583	0.69908	0.01928	0.01684	0.01222	0.00633	0.00516	0.00158	0.00452	0.00509	0.00620	0.00873
34	0.00628	0.00454	0.00595	0.00700	0.00742	0.00421	0.00472	0.00727	0.01013	0.01346	0.06182	0.73799	0.07893	0.01566	0.00650	0.00204	0.00293	0.01414	0.00480	0.00421
35	0.00770	0.00627	0.00782	0.00722	0.00880	0.02514	0.04989	0.00964	0.01225	0.01646	0.26082	0.09009	0.30768	0.01161	0.02616	0.00185	0.02096	0.03234	0.09254	0.00476
36	0.00746	0.00497	0.00560	0.00560	0.00560	0.00497	0.00311	0.00746	0.00746	0.00995	0.01617	0.03358	0.01865	0.81967	0.02612	0.00497	0.00497	0.00746	0.00311	0.00311
37	0.00625	0.00448	0.00594	0.00710	0.00743	0.00417	0.00474	0.00715	0.00987	0.01312	0.02881	0.79926	0.05066	0.01601	0.00654	0.00208	0.00297	0.01450	0.00476	0.00417
38	0.01061	0.01013	0.01382	0.01199	0.01236	0.01353	0.00986	0.03814	0.00932	0.01386	0.07457	0.05393	0.06348	0.00961	0.01434	0.00213	0.62412	0.00578	0.00291	0.00551
39	0.01105	0.07330	0.66809	0.01477	0.03731	0.05237	0.04121	0.01641	0.01105	0.01583	0.00907	0.01073	0.00658	0.00484	0.00481	0.00158	0.00755	0.00379	0.00221	0.00743
40	0.01329	0.01386	0.02050	0.02444	0.44325	0.11746	0.15814	0.01743	0.08713	0.01652	0.01173	0.01402	0.02829	0.00507	0.00524	0.00156	0.00672	0.00497	0.00288	0.00751
41	0.02247	0.00871	0.01180	0.00910	0.01299	0.00760	0.00750	0.02474	0.03126	0.75858	0.03606	0.01793	0.01350	0.00645	0.00518	0.00159	0.00432	0.00526	0.00631	0.00864
42	0.09956	0.00912	0.05756	0.02624	0.02829	0.00858	0.04993	0.11120	0.01191	0.07328	0.01793	0.27048	0.01848	0.11075	0.00847	0.00222	0.03202	0.03774	0.02058	0.00567
43	0.07992	0.00804	0.00963	0.00829	0.01095	0.00789	0.00677	0.11505	0.02518	0.26466	0.16412	0.02747	0.06098	0.00840	0.00536	0.00167	0.00393	0.11044	0.07462	0.00663
44	0.01692	0.01265	0.01470	0.16697	0.01911	0.01421	0.01025	0.54616	0.04481	0.04350	0.01250	0.02376	0.00915	0.00611	0.00510	0.00158	0.00565	0.00479	0.03416	0.00792
45	0.01123	0.01123	0.01572	0.01347	0.01347	0.01572	0.01123	0.01235	0.00786	0.01235	0.00674	0.01123	0.00674	0.00898	0.01684	0.00225	0.81028	0.00449	0.00225	0.00561
46	0.01592	0.01942	0.01238	0.01169	0.01374	0.59900	0.00862	0.01713	0.01335	0.01269	0.01305	0.21239	0.01349	0.00800	0.00511	0.00151	0.00767	0.00614	0.00318	0.00550
47	0.01918	0.02398	0.01458	0.01315	0.01586	0.76221	0.00991	0.05580	0.01499	0.01349	0.00814	0.00940	0.00671	0.00533	0.00465	0.00133	0.00908	0.00337	0.00276	0.00608
48	0.00663	0.00519	0.00601	0.00587	0.00730	0.00456	0.00438	0.00844	0.01294	0.01698	0.39505	0.07674	0.40764	0.01195	0.00608	0.00169	0.00253	0.01026	0.00518	0.00456
49	0.04739	0.00732	0.00714	0.00640	0.00826	0.02863	0.00499	0.15364	0.01327	0.02158	0.01527	0.01714	0.01183	0.00594	0.00389	0.00128	0.00325	0.00463	0.63258	0.00558
50	0.04385	0.01066	0.04487	0.01070	0.02956	0.02077	0.08401	0.21738	0.11307	0.02152	0.07771	0.08818	0.10382	0.00800	0.00533	0.00164	0.00467	0.02141	0.08622	0.00662
51	0.04613	0.02760	0.01509	0.01141	0.01535	0.01285	0.06358	0.37699	0.07694	0.26049	0.01486	0.01429	0.01021	0.00613	0.00537	0.00159	0.02276	0.00488	0.00515	0.00834
52	0.01959	0.01278	0.01419	0.01094	0.01487	0.01370	0.00902	0.58642	0.02167	0.17695	0.02983	0.01407	0.01045	0.00628	0.00510	0.00154	0.00522	0.00482	0.03403	0.00851
53	0.00627	0.00521	0.00548	0.00541	0.00705	0.00442	0.00406	0.00775	0.01217	0.01499	0.17516	0.04752	0.66170	0.01257	0.00606	0.00171	0.00257	0.01057	0.00491	0.00442
54	0.00734	0.00546	0.00805	0.00805	0.00890	0.00631	0.00617	0.00904	0.00819	0.01177	0.01392	0.02114	0.01326	0.09589	0.74252	0.00801	0.01310	0.00564	0.00278	0.00447
55	0.00742	0.00531	0.00673	0.00633	0.00768	0.00483	0.00476	0.00968	0.01413	0.03586	0.66474	0.03946	0.15236	0.01076	0.00603	0.00163	0.00249	0.00941	0.00554	0.00485
56	0.01431	0.01147	0.01224	0.01061	0.01375	0.01305	0.00836	0.14872	0.62206	0.05650	0.01946	0.01796	0.01440	0.00680	0.00520	0.00170	0.00433	0.00558	0.00526	0.00825
57	0.11761	0.17636	0.03656	0.03828	0.09058	0.01268	0.00878	0.13585	0.05230	0.05448	0.01046	0.01217	0.00844	0.03951	0.00512	0.00145	0.00498	0.00385	0.00339	0.18714

[dist]
# distance from previous block
# <min> <max>
0	1

[block]
# block no. 7 follows, 48 sequences, length 11
# corresponding to MSA columns:
# 230-240
name=unknown_H
#
# <colnr> <probs for GDERKNQSTAVLIFYWHMCP>
#	G	D	E	R	K	N	Q	S	T	A	V	L	I	F	Y	W	H	M	C	P
0	0.01327	0.31127	0.36812	0.01210	0.01774	0.08142	0.01354	0.09796	0.01244	0.01618	0.00869	0.00993	0.00678	0.00487	0.00431	0.00140	0.00676	0.00346	0.00254	0.00721
1	0.85592	0.00992	0.00754	0.00675	0.00992	0.01151	0.00556	0.01508	0.00873	0.02302	0.00714	0.00834	0.00556	0.00476	0.00318	0.00159	0.00397	0.00278	0.00318	0.00556
2	0.01461	0.01179	0.01528	0.01210	0.01507	0.06248	0.14382	0.25999	0.03538	0.06806	0.01280	0.01537	0.01008	0.04838	0.07698	0.00234	0.07404	0.00508	0.10954	0.00682
3	0.00891	0.00446	0.00668	0.00668	0.00668	0.00446	0.00446	0.00668	0.00668	0.00891	0.00891	0.01560	0.00891	0.01783	0.02005	0.85071	0.00446	0.00446	0.00223	0.00223
4	0.01197	0.01145	0.01952	0.21843	0.60639	0.01200	0.01539	0.01511	0.01134	0.01588	0.00952	0.01294	0.00782	0.00471	0.00509	0.00157	0.00628	0.00457	0.00248	0.00754
5	0.00632	0.00450	0.00593	0.00705	0.00733	0.00422	0.00466	0.00716	0.00968	0.01291	0.02755	0.76883	0.03301	0.06484	0.00774	0.00226	0.00310	0.01415	0.00466	0.00410
6	0.64539	0.00987	0.00880	0.00747	0.01085	0.01087	0.00615	0.04988	0.01064	0.18419	0.01011	0.01042	0.00719	0.00516	0.00368	0.00159	0.00412	0.00336	0.00392	0.00636
7	0.80637	0.01019	0.00801	0.00705	0.01028	0.01177	0.00581	0.05984	0.00964	0.02357	0.00745	0.00857	0.00574	0.00485	0.00329	0.00158	0.00407	0.00289	0.00329	0.00574
8	0.00705	0.00502	0.00638	0.00720	0.00764	0.00491	0.00495	0.00844	0.03882	0.01296	0.02498	0.50259	0.02905	0.20592	0.01120	0.00279	0.00372	0.10784	0.00438	0.00414
9	0.01074	0.06091	0.63568	0.01548	0.02253	0.01247	0.13882	0.01624	0.01102	0.01609	0.00930	0.01120	0.00671	0.00476	0.00499	0.00162	0.00766	0.00411	0.00224	0.00743
10	0.00817	0.00591	0.00805	0.00781	0.00855	0.00691	0.00596	0.00977	0.00855	0.01300	0.01388	0.02087	0.01304	0.13752	0.46424	0.00587	0.09546	0.00553	0.15638	0.00452

[dist]
# distance from previous block
# <min> <max>
0	8

[block]
# block no. 8 follows, 48 sequences, length 17
# corresponding to MSA columns:
# 249-265
name=unknown_I
#
# <colnr> <probs for GDERKNQSTAVLIFYWHMCP>
#	G	D	E	R	K	N	Q	S	T	A	V	L	I	F	Y	W	H	M	C	P
0	0.00652	0.00465	0.00610	0.00691	0.00736	0.00435	0.00467	0.00765	0.01056	0.01431	0.17145	0.61625	0.03568	0.06844	0.00776	0.00219	0.00300	0.01310	0.00482	0.00423
1	0.00967	0.00513	0.00594	0.00614	0.02712	0.00517	0.00426	0.02875	0.01003	0.01666	0.01453	0.01832	0.01203	0.03026	0.00826	0.20772	0.00314	0.00476	0.57782	0.00430
2	0.03607	0.01095	0.01756	0.19766	0.39413	0.01137	0.05327	0.04529	0.04072	0.01675	0.01156	0.03359	0.02913	0.00528	0.00505	0.00154	0.00588	0.00493	0.00286	0.07641
3	0.00970	0.00704	0.00958	0.03732	0.03912	0.00755	0.04227	0.02941	0.04934	0.05465	0.03906	0.03947	0.01605	0.39123	0.09857	0.00392	0.06327	0.00652	0.05118	0.00477
4	0.06046	0.01282	0.01593	0.01640	0.20435	0.05332	0.05423	0.25508	0.15559	0.07259	0.03845	0.01456	0.01107	0.00585	0.00509	0.00158	0.00555	0.00493	0.00423	0.00793
5	0.01226	0.33137	0.39858	0.01315	0.04933	0.01541	0.04113	0.05600	0.01146	0.01552	0.00863	0.01009	0.00676	0.00472	0.00433	0.00142	0.00665	0.00354	0.00237	0.00726
6	0.00792	0.00527	0.00661	0.00694	0.00800	0.00485	0.00500	0.00949	0.02547	0.07264	0.14309	0.40051	0.17031	0.05764	0.00736	0.00208	0.00316	0.05405	0.00493	0.00469
7	0.01519	0.03327	0.01324	0.01177	0.03652	0.25128	0.00889	0.11008	0.38391	0.01933	0.01679	0.01634	0.04781	0.00652	0.00502	0.00157	0.00584	0.00504	0.00426	0.00732
8	0.04649	0.01214	0.09390	0.01490	0.15009	0.01071	0.09554	0.09880	0.11439	0.06417	0.05333	0.05913	0.01284	0.00783	0.04722	0.00190	0.00582	0.00546	0.00374	0.10161
9	0.01618	0.12214	0.05803	0.04837	0.03510	0.01312	0.07368	0.18997	0.16699	0.18643	0.02900	0.01483	0.01111	0.00589	0.00499	0.00156	0.00540	0.00488	0.00446	0.00788
10	0.00727	0.00545	0.00773	0.00791	0.00853	0.00614	0.00585	0.00862	0.00852	0.01199	0.01723	0.21475	0.01835	0.12318	0.47942	0.00608	0.04746	0.00789	0.00326	0.00436
11	0.00648	0.00468	0.00623	0.00721	0.00766	0.00450	0.00498	0.00752	0.00977	0.01301	0.02753	0.64064	0.06644	0.04809	0.08128	0.00276	0.00412	0.04837	0.00451	0.00420
12	0.03709	0.15645	0.12526	0.07333	0.19459	0.06132	0.18943	0.05085	0.01210	0.03850	0.00954	0.01179	0.00747	0.00473	0.00489	0.00152	0.00690	0.00439	0.00268	0.00718
13	0.03150	0.01235	0.12255	0.11485	0.37333	0.01105	0.01354	0.01380	0.01060	0.01534	0.01178	0.11457	0.01107	0.00813	0.04414	0.00201	0.07408	0.00573	0.00274	0.00682
14	0.01503	0.00940	0.01066	0.00887	0.01194	0.00955	0.00709	0.18506	0.17685	0.22742	0.05923	0.02583	0.21409	0.00833	0.00544	0.00165	0.00404	0.00682	0.00540	0.00730
15	0.01169	0.01129	0.01809	0.30676	0.33691	0.03348	0.06552	0.03514	0.05227	0.01576	0.01137	0.01447	0.03222	0.00533	0.00551	0.00164	0.02801	0.00489	0.00273	0.00694
16	0.01556	0.03256	0.04992	0.01195	0.06685	0.17639	0.00915	0.14162	0.15626	0.12308	0.05757	0.02890	0.06671	0.00671	0.00508	0.00153	0.00557	0.00532	0.00433	0.03492

[dist]
# distance from previous block
# <min> <max>
0	1

[block]
# block no. 9 follows, 48 sequences, length 6
# corresponding to MSA columns:
# 267-272
name=unknown_J
#
# <colnr> <probs for GDERKNQSTAVLIFYWHMCP>
#	G	D	E	R	K	N	Q	S	T	A	V	L	I	F	Y	W	H	M	C	P
0	0.06528	0.00746	0.00916	0.03061	0.05607	0.02636	0.00643	0.06114	0.00951	0.01387	0.01325	0.02233	0.01326	0.31465	0.25175	0.00485	0.05669	0.00577	0.02682	0.00473
1	0.00902	0.00819	0.01313	0.60091	0.02845	0.00976	0.01210	0.01202	0.01064	0.01348	0.01723	0.02390	0.11784	0.00730	0.00549	0.00179	0.00600	0.09444	0.00292	0.00539
2	0.00976	0.21723	0.01446	0.01059	0.07853	0.01098	0.00801	0.01163	0.00918	0.01267	0.01139	0.01587	0.01047	0.02379	0.44932	0.00520	0.05652	0.00462	0.03429	0.00548
3	0.01157	0.18528	0.18415	0.01173	0.04376	0.04426	0.07346	0.04317	0.03678	0.03325	0.01479	0.12533	0.05788	0.00680	0.00484	0.00147	0.00559	0.00573	0.00317	0.10698
4	0.01266	0.01078	0.01563	0.12994	0.34679	0.03944	0.01191	0.04226	0.11850	0.07601	0.01386	0.08482	0.01186	0.00824	0.05285	0.00203	0.00607	0.00567	0.00347	0.00722
5	0.17463	0.01243	0.07925	0.00936	0.01304	0.10314	0.00816	0.09069	0.01370	0.30628	0.01902	0.01815	0.11720	0.00670	0.00482	0.00157	0.00503	0.00511	0.00461	0.00709

[dist]
# distance from previous block
# <min> <max>
3	19

[block]
# block no. 10 follows, 48 sequences, length 16
# corresponding to MSA columns:
# 295-310
name=unknown_K
#
# <colnr> <probs for GDERKNQSTAVLIFYWHMCP>
#	G	D	E	R	K	N	Q	S	T	A	V	L	I	F	Y	W	H	M	C	P
0	0.04479	0.04904	0.02724	0.01270	0.12184	0.09343	0.00891	0.09921	0.11669	0.23371	0.03961	0.01741	0.02598	0.07856	0.00685	0.00185	0.00527	0.00513	0.00443	0.00735
1	0.00654	0.00514	0.00565	0.00562	0.00691	0.00453	0.00402	0.00785	0.01155	0.01464	0.19878	0.08479	0.47606	0.13452	0.00912	0.00222	0.00294	0.01019	0.00470	0.00425
2	0.01271	0.58789	0.25290	0.01050	0.01584	0.01783	0.01178	0.01563	0.01055	0.01330	0.00775	0.00900	0.00656	0.00453	0.00376	0.00125	0.00611	0.00305	0.00219	0.00688
3	0.01224	0.01170	0.02250	0.05083	0.05521	0.01127	0.45603	0.07987	0.01332	0.05845	0.09308	0.04910	0.04901	0.00612	0.00587	0.00170	0.00684	0.00664	0.00349	0.00673
4	0.00737	0.00536	0.00753	0.00753	0.00820	0.00603	0.00552	0.00870	0.00804	0.01138	0.01440	0.02377	0.01440	0.24881	0.59116	0.00737	0.01138	0.00603	0.00285	0.00418
5	0.09545	0.00923	0.01154	0.00901	0.01270	0.00865	0.00735	0.10301	0.01477	0.59816	0.01801	0.01701	0.01198	0.05181	0.00616	0.00177	0.00450	0.00502	0.00576	0.00814
6	0.00745	0.00501	0.00577	0.00577	0.00583	0.00507	0.00332	0.00757	0.00751	0.01008	0.01601	0.03272	0.01828	0.76949	0.07578	0.00518	0.00554	0.00734	0.00309	0.00320
7	0.37999	0.00944	0.00975	0.00798	0.01139	0.00981	0.00656	0.09033	0.01268	0.32218	0.01355	0.01319	0.00929	0.00562	0.00417	0.00155	0.00415	0.00405	0.07731	0.00703
8	0.00840	0.00662	0.00763	0.00708	0.00867	0.02513	0.00538	0.04827	0.07523	0.01954	0.51233	0.03579	0.16146	0.01157	0.04237	0.00194	0.00342	0.00871	0.00524	0.00523
9	0.00643	0.00457	0.00605	0.00717	0.00750	0.00431	0.00485	0.00735	0.00979	0.01303	0.02749	0.72954	0.03279	0.06435	0.00776	0.00227	0.00319	0.05278	0.00466	0.00413
10	0.01200	0.00615	0.00756	0.00668	0.00865	0.00573	0.00519	0.01465	0.03832	0.21093	0.30220	0.02712	0.06019	0.00807	0.00505	0.00149	0.00296	0.00683	0.26435	0.00587
11	0.01032	0.08621	0.52856	0.01209	0.01777	0.01123	0.01446	0.01537	0.05611	0.01566	0.01182	0.01435	0.02907	0.05809	0.00666	0.03469	0.00643	0.00434	0.06001	0.00676
12	0.01239	0.31877	0.37730	0.01360	0.06160	0.03160	0.05120	0.05066	0.01148	0.01541	0.00864	0.01016	0.00679	0.00472	0.00437	0.00142	0.00672	0.00359	0.00237	0.00723
13	0.00791	0.00544	0.00670	0.00640	0.00790	0.00487	0.00486	0.00990	0.01337	0.06754	0.45448	0.07799	0.26251	0.01137	0.00606	0.00170	0.00271	0.03802	0.00536	0.00490
14	0.00650	0.00459	0.00597	0.00692	0.00719	0.00438	0.00454	0.00727	0.00936	0.01252	0.02569	0.65409	0.03057	0.15473	0.03773	0.00280	0.00370	0.01305	0.00441	0.00400
15	0.08825	0.05231	0.06601	0.10857	0.33025	0.03945	0.01248	0.06730	0.05431	0.02932	0.01035	0.01264	0.00825	0.00526	0.00535	0.00156	0.04785	0.00431	0.04900	0.00717

[dist]
# distance from previous block
# <min> <max>
2	14

[block]
# block no. 11 follows, 48 sequences, length 19
# corresponding to MSA columns:
# 326-344
name=unknown_L
#
# <colnr> <probs for GDERKNQSTAVLIFYWHMCP>
#	G	D	E	R	K	N	Q	S	T	A	V	L	I	F	Y	W	H	M	C	P
0	0.06248	0.22089	0.36788	0.01251	0.01817	0.04506	0.06235	0.06328	0.04570	0.01672	0.00930	0.01062	0.00713	0.00487	0.00444	0.00146	0.00658	0.00371	0.00263	0.03420
1	0.03015	0.00613	0.00727	0.00670	0.00844	0.00580	0.00511	0.01176	0.08322	0.05965	0.47605	0.03670	0.20781	0.01025	0.00582	0.00163	0.00278	0.00882	0.00534	0.02056
2	0.01063	0.00902	0.01046	0.00762	0.01195	0.00697	0.00608	0.03705	0.01110	0.01702	0.01147	0.03146	0.04074	0.00455	0.00400	0.00086	0.00379	0.00369	0.00322	0.76833
3	0.22878	0.01186	0.01146	0.00983	0.01226	0.13035	0.00784	0.06559	0.03645	0.17674	0.01162	0.01376	0.00918	0.06160	0.05109	0.00225	0.14492	0.00432	0.00375	0.00635
4	0.00767	0.00527	0.00683	0.00741	0.00824	0.00501	0.00533	0.03753	0.01143	0.04153	0.13911	0.53653	0.05822	0.02742	0.00673	0.00204	0.00323	0.08092	0.00493	0.00463
5	0.02736	0.01267	0.11884	0.03451	0.11927	0.01086	0.09886	0.14178	0.05836	0.10023	0.01468	0.14037	0.01284	0.00707	0.00559	0.00165	0.02479	0.00624	0.00387	0.06017
6	0.01254	0.15444	0.52400	0.01325	0.01957	0.06653	0.01560	0.10591	0.01259	0.01723	0.00915	0.01048	0.00679	0.00498	0.00463	0.00151	0.00712	0.00369	0.00256	0.00745
7	0.00746	0.00497	0.00560	0.00560	0.00560	0.00497	0.00311	0.00746	0.00746	0.00995	0.01617	0.03358	0.01865	0.81967	0.02612	0.00497	0.00497	0.00746	0.00311	0.00311
8	0.01057	0.00971	0.01541	0.25151	0.32515	0.02280	0.02607	0.03222	0.01149	0.01560	0.04889	0.12379	0.05229	0.00704	0.00536	0.00166	0.00556	0.00645	0.02200	0.00643
9	0.02712	0.18437	0.27321	0.01685	0.16442	0.06765	0.10158	0.03245	0.02766	0.04455	0.00960	0.01130	0.00743	0.00481	0.00470	0.00149	0.00682	0.00405	0.00262	0.00734
10	0.00714	0.00527	0.00680	0.00711	0.00785	0.00540	0.00508	0.00874	0.03405	0.01286	0.05544	0.23751	0.10991	0.18959	0.24565	0.00446	0.00663	0.04239	0.00387	0.00427
11	0.01116	0.00568	0.00597	0.00554	0.00712	0.00570	0.00426	0.06189	0.01190	0.07454	0.01670	0.01857	0.01283	0.00602	0.00380	0.00125	0.00274	0.00480	0.73420	0.00532
12	0.01255	0.01048	0.01678	0.13613	0.40857	0.01085	0.03164	0.03383	0.04756	0.08406	0.05142	0.01800	0.03662	0.00604	0.00552	0.00163	0.02357	0.03640	0.02109	0.00726
13	0.01271	0.06832	0.14485	0.08337	0.18571	0.11408	0.08819	0.02991	0.13255	0.01647	0.01185	0.03682	0.00957	0.00552	0.00498	0.00156	0.00647	0.00481	0.03518	0.00710
14	0.01234	0.07567	0.08283	0.03601	0.04578	0.16889	0.06351	0.02538	0.02696	0.01448	0.04616	0.03461	0.01099	0.04446	0.04838	0.00212	0.18014	0.00489	0.07048	0.00592
15	0.00639	0.00460	0.00598	0.00691	0.00734	0.00428	0.00464	0.00740	0.01023	0.01366	0.09760	0.66808	0.07238	0.05537	0.00745	0.00217	0.00301	0.01356	0.00476	0.00418
16	0.01256	0.06592	0.02646	0.06619	0.18517	0.05282	0.48199	0.01624	0.01193	0.01584	0.00982	0.01300	0.00767	0.00447	0.00555	0.00162	0.00784	0.00531	0.00254	0.00703
17	0.01674	0.07531	0.05184	0.01275	0.01547	0.38571	0.01050	0.16653	0.01455	0.01656	0.00855	0.01028	0.00705	0.00617	0.00726	0.00156	0.17983	0.00380	0.00300	0.00655
18	0.05771	0.01082	0.03112	0.03167	0.05562	0.01058	0.08400	0.18386	0.11123	0.05317	0.04817	0.10622	0.02750	0.00688	0.00510	0.00152	0.00487	0.00597	0.00416	0.15983

[dist]
# distance from previous block
# <min> <max>
0	6

[block]
# block no. 12 follows, 48 sequences, length 85
# corresponding to MSA columns:
# 351-435
name=unknown_M
#
# <colnr> <probs for GDERKNQSTAVLIFYWHMCP>
#	G	D	E	R	K	N	Q	S	T	A	V	L	I	F	Y	W	H	M	C	P
0	0.02751	0.01489	0.05299	0.07217	0.32476	0.13536	0.02618	0.17344	0.08728	0.01960	0.01092	0.01263	0.00853	0.00529	0.00502	0.00154	0.00643	0.00446	0.00332	0.00767
1	0.00655	0.00473	0.00618	0.00707	0.00758	0.00435	0.00474	0.00748	0.00981	0.01323	0.03902	0.72206	0.03206	0.05876	0.00746	0.00217	0.00312	0.01355	0.00460	0.04546
2	0.01632	0.04902	0.03992	0.06308	0.06053	0.02640	0.00984	0.44613	0.03579	0.06391	0.01388	0.06123	0.02907	0.00651	0.00506	0.00153	0.00542	0.00519	0.00444	0.05672
3	0.04061	0.05459	0.12511	0.01208	0.01633	0.08487	0.07067	0.22525	0.07199	0.18731	0.01379	0.01387	0.02300	0.00594	0.00537	0.00158	0.03098	0.00466	0.00426	0.00776
4	0.00671	0.00492	0.00623	0.00651	0.00739	0.00451	0.00461	0.00829	0.01202	0.01631	0.35849	0.34210	0.14352	0.04560	0.00706	0.00195	0.00276	0.01148	0.00508	0.00444
5	0.00675	0.00471	0.00624	0.00731	0.00776	0.00444	0.00499	0.00795	0.02320	0.02845	0.02796	0.76263	0.03307	0.01567	0.00652	0.00208	0.00308	0.03805	0.00480	0.00434
6	0.01117	0.07503	0.12959	0.05537	0.08692	0.05941	0.20538	0.05294	0.01205	0.01595	0.04764	0.18480	0.02613	0.00752	0.00551	0.00168	0.00625	0.00705	0.00324	0.00636
7	0.01147	0.03958	0.01651	0.01354	0.01389	0.02888	0.03309	0.01271	0.00818	0.01246	0.00687	0.01117	0.00676	0.00863	0.01585	0.00218	0.74583	0.00446	0.00226	0.00569
8	0.02982	0.10682	0.07089	0.00981	0.02942	0.09919	0.00835	0.10312	0.01274	0.01775	0.03118	0.01120	0.00855	0.00462	0.00415	0.00107	0.00511	0.00348	0.00315	0.43958
9	0.00742	0.00507	0.00599	0.00599	0.00628	0.00517	0.00372	0.00787	0.00793	0.01076	0.01786	0.03185	0.06201	0.61948	0.15324	0.00522	0.00623	0.00725	0.02718	0.00347
10	0.00746	0.00497	0.00560	0.00560	0.00560	0.00497	0.00311	0.00746	0.00746	0.00995	0.01617	0.03358	0.01865	0.81967	0.02612	0.00497	0.00497	0.00746	0.00311	0.00311
11	0.01619	0.01828	0.01382	0.01352	0.07441	0.44484	0.00968	0.04258	0.23301	0.01625	0.02776	0.01490	0.01109	0.00618	0.00497	0.00151	0.00711	0.03357	0.00358	0.00675
12	0.01126	0.01134	0.01633	0.01382	0.01404	0.01560	0.04334	0.01252	0.00804	0.01252	0.00689	0.01134	0.00678	0.00878	0.01638	0.00222	0.77631	0.00456	0.00226	0.00567
13	0.01188	0.31591	0.37299	0.03729	0.09699	0.01505	0.03564	0.01602	0.02710	0.01479	0.00877	0.01041	0.00694	0.00470	0.00436	0.00143	0.00660	0.00362	0.00230	0.00721
14	0.00746	0.00497	0.00560	0.00560	0.00560	0.00497	0.00311	0.00746	0.00746	0.00995	0.01617	0.03358	0.01865	0.81967	0.02612	0.00497	0.00497	0.00746	0.00311	0.00311
15	0.00655	0.00530	0.00587	0.00597	0.00755	0.00462	0.00464	0.00816	0.01215	0.01509	0.16102	0.04884	0.56996	0.01277	0.00620	0.00180	0.00286	0.11130	0.00489	0.00446
16	0.01246	0.01060	0.01436	0.12274	0.12893	0.05204	0.06913	0.10516	0.12039	0.06198	0.08528	0.13940	0.01681	0.00772	0.00581	0.00170	0.02795	0.00679	0.00403	0.00671
17	0.00611	0.00520	0.00525	0.00524	0.00696	0.00435	0.00393	0.00744	0.01179	0.01409	0.07706	0.04900	0.76037	0.01291	0.00606	0.00173	0.00259	0.01078	0.00480	0.00435
18	0.01038	0.00998	0.01409	0.01233	0.01253	0.01369	0.01018	0.01165	0.00794	0.01225	0.00826	0.01317	0.00806	0.01540	0.18718	0.00355	0.63689	0.00471	0.00235	0.00539
19	0.05357	0.03622	0.02740	0.01326	0.11931	0.08020	0.00956	0.27446	0.03822	0.21912	0.01420	0.04754	0.01061	0.00622	0.00497	0.00154	0.00541	0.00495	0.02535	0.00788
20	0.00746	0.00497	0.00560	0.00560	0.00560	0.00497	0.00311	0.00746	0.00746	0.00995	0.01617	0.03358	0.01865	0.81967	0.02612	0.00497	0.00497	0.00746	0.00311	0.00311
21	0.00625	0.00447	0.00595	0.00714	0.00744	0.00417	0.00476	0.00714	0.00982	0.01310	0.02828	0.81633	0.03394	0.01608	0.00655	0.00208	0.00298	0.01459	0.00476	0.00417
22	0.01147	0.02548	0.12058	0.00985	0.01270	0.07708	0.00873	0.08080	0.18482	0.03270	0.07858	0.02680	0.07541	0.10985	0.02669	0.00228	0.00536	0.10045	0.00415	0.00622
23	0.00990	0.02362	0.68599	0.01346	0.02003	0.01101	0.01688	0.01509	0.01039	0.01544	0.01010	0.01361	0.00802	0.09741	0.02592	0.00216	0.00743	0.00424	0.00229	0.00701
24	0.00625	0.00447	0.00595	0.00714	0.00744	0.00417	0.00476	0.00714	0.00982	0.01310	0.02828	0.81633	0.03394	0.01608	0.00655	0.00208	0.00298	0.01459	0.00476	0.00417
25	0.01101	0.00904	0.01062	0.00763	0.01212	0.00683	0.00611	0.01328	0.01084	0.04328	0.02262	0.01134	0.00846	0.00400	0.00388	0.00080	0.00380	0.00322	0.00320	0.80791
26	0.00634	0.00458	0.00602	0.00715	0.00757	0.00426	0.00489	0.00733	0.01003	0.01325	0.02957	0.73590	0.07625	0.01581	0.00655	0.00208	0.00304	0.05043	0.00476	0.00420
27	0.01270	0.01219	0.02083	0.03149	0.78767	0.01219	0.01575	0.01575	0.01168	0.01676	0.00965	0.01270	0.00813	0.00457	0.00508	0.00152	0.00610	0.00457	0.00254	0.00813
28	0.05628	0.01433	0.01374	0.01170	0.03281	0.12102	0.00913	0.38269	0.24472	0.02540	0.01403	0.01386	0.01040	0.00617	0.00497	0.00157	0.00554	0.00471	0.01898	0.00794
