[name]
unknown

[dist]
# distance from previous block
# <min> <max>
2	59

[block]
# block no. 0 follows, 53 sequences, length 9
# corresponding to MSA columns:
# 112-120
name=unknown_A
#
# <colnr> <probs for GDERKNQSTAVLIFYWHMCP>
#	G	D	E	R	K	N	Q	S	T	A	V	L	I	F	Y	W	H	M	C	P
0	0.15775	0.11131	0.03814	0.01104	0.06877	0.04766	0.06765	0.16244	0.08087	0.07994	0.05135	0.01429	0.04545	0.00672	0.03515	0.00167	0.00522	0.00446	0.00362	0.00651
1	0.06531	0.01137	0.09599	0.05966	0.01549	0.04289	0.14295	0.11759	0.05229	0.07993	0.08782	0.08044	0.03801	0.00638	0.00487	0.00149	0.00510	0.00564	0.03230	0.05447
2	0.06223	0.09452	0.12041	0.01022	0.01386	0.06283	0.07292	0.04859	0.04870	0.23789	0.01401	0.01487	0.04493	0.00609	0.00548	0.03025	0.04095	0.01978	0.02385	0.02762
3	0.03285	0.13612	0.06991	0.06273	0.05435	0.01121	0.03036	0.10142	0.11503	0.07708	0.01285	0.01452	0.03324	0.01162	0.16911	0.00269	0.02802	0.00445	0.00328	0.02916
4	0.25168	0.00823	0.03288	0.00786	0.03961	0.00811	0.00605	0.05084	0.08603	0.10940	0.10675	0.05425	0.16302	0.04872	0.00556	0.00169	0.00361	0.00603	0.00411	0.00559
5	0.00962	0.00591	0.00518	0.00508	0.00630	0.06870	0.00381	0.01177	0.01030	0.01733	0.01494	0.01709	0.01177	0.00552	0.00342	0.00112	0.00274	0.00435	0.79053	0.00454
6	0.00991	0.00850	0.00991	0.00708	0.01133	0.00637	0.00566	0.01203	0.00991	0.01557	0.00850	0.00991	0.00708	0.00354	0.00354	0.00071	0.00354	0.00283	0.00283	0.86124
7	0.01154	0.03290	0.02888	0.00902	0.01241	0.00902	0.04298	0.15942	0.08452	0.04322	0.01256	0.05305	0.01080	0.00867	0.08623	0.00186	0.00518	0.04427	0.00356	0.33991
8	0.01203	0.01165	0.05228	0.01308	0.01727	0.01049	0.29495	0.19474	0.01332	0.01862	0.01098	0.07309	0.00919	0.00514	0.00484	0.00134	0.00571	0.00506	0.00322	0.24299

[dist]
# distance from previous block
# <min> <max>
0	3

[block]
# block no. 1 follows, 53 sequences, length 16
# corresponding to MSA columns:
# 124-139
name=unknown_B
#
# <colnr> <probs for GDERKNQSTAVLIFYWHMCP>
#	G	D	E	R	K	N	Q	S	T	A	V	L	I	F	Y	W	H	M	C	P
0	0.00723	0.00643	0.00849	0.01088	0.20014	0.00585	0.00637	0.00890	0.01106	0.01398	0.08790	0.03701	0.55804	0.01004	0.00542	0.00156	0.00320	0.00857	0.00399	0.00493
1	0.21621	0.00633	0.00722	0.07901	0.01030	0.00679	0.00568	0.03361	0.03365	0.02823	0.03326	0.47917	0.02162	0.01072	0.00511	0.00176	0.00344	0.00932	0.00393	0.00465
2	0.01186	0.00969	0.01128	0.06118	0.01359	0.00871	0.00699	0.20045	0.01294	0.01890	0.00922	0.01048	0.00729	0.00416	0.00392	0.00094	0.00414	0.00328	0.00326	0.59773
3	0.01116	0.00663	0.00686	0.00605	0.00782	0.00698	0.00474	0.19976	0.01305	0.02081	0.01459	0.01628	0.01125	0.00561	0.00369	0.00119	0.00297	0.00442	0.65080	0.00535
4	0.00934	0.00926	0.01653	0.37321	0.07543	0.00994	0.21721	0.01283	0.04578	0.01372	0.01578	0.04299	0.12501	0.00602	0.00518	0.00160	0.00596	0.00582	0.00275	0.00563
5	0.01196	0.00535	0.00607	0.00544	0.00718	0.00508	0.00424	0.01410	0.01091	0.20950	0.01639	0.01744	0.01215	0.00565	0.00370	0.00120	0.00268	0.00454	0.65107	0.00535
6	0.01409	0.01198	0.01269	0.01115	0.04180	0.07422	0.03161	0.29541	0.34143	0.02205	0.01555	0.08041	0.01253	0.00663	0.00491	0.00154	0.00480	0.00546	0.00445	0.00728
7	0.01123	0.03983	0.03566	0.01025	0.01260	0.08777	0.06475	0.07490	0.17378	0.04447	0.03986	0.08826	0.02843	0.00881	0.00571	0.00175	0.02590	0.23612	0.00406	0.00586
8	0.00881	0.00815	0.01245	0.45641	0.12245	0.03734	0.01076	0.01127	0.00995	0.01294	0.04868	0.21213	0.01441	0.00742	0.00512	0.00164	0.00530	0.00668	0.00287	0.00522
9	0.15288	0.23370	0.05208	0.01001	0.02593	0.25348	0.01877	0.04061	0.02238	0.05718	0.00988	0.03525	0.03117	0.00532	0.00432	0.00132	0.03332	0.00367	0.00281	0.00590
10	0.05294	0.08437	0.14032	0.01207	0.07887	0.11106	0.04987	0.04497	0.02099	0.20755	0.01305	0.01689	0.01047	0.00592	0.00468	0.00148	0.00559	0.09793	0.00357	0.03741
11	0.00991	0.12654	0.46370	0.01181	0.01687	0.01070	0.03831	0.01397	0.01039	0.03469	0.01269	0.02068	0.01147	0.00661	0.00489	0.00162	0.00611	0.19003	0.00271	0.00630
12	0.00913	0.00935	0.00762	0.00741	0.00891	0.20137	0.00547	0.01075	0.03902	0.01261	0.05495	0.11794	0.33161	0.07210	0.07677	0.00231	0.00510	0.01938	0.00373	0.00447
13	0.01296	0.01301	0.02483	0.01792	0.02251	0.01275	0.59607	0.20292	0.01400	0.01891	0.01011	0.01255	0.00747	0.00444	0.00543	0.00157	0.00738	0.00532	0.00299	0.00686
14	0.00694	0.00621	0.00740	0.00685	0.00801	0.00667	0.00539	0.00823	0.01032	0.01327	0.12182	0.03620	0.52297	0.01094	0.00809	0.00172	0.20215	0.00849	0.00396	0.00438
15	0.00848	0.00521	0.00820	0.20438	0.01272	0.00573	0.00637	0.00768	0.00704	0.00925	0.00835	0.01409	0.00783	0.01373	0.01530	0.65182	0.00469	0.00417	0.00209	0.00286

[dist]
# distance from previous block
# <min> <max>
0	23

[block]
# block no. 2 follows, 53 sequences, length 19
# corresponding to MSA columns:
# 163-181
name=unknown_C
#
# <colnr> <probs for GDERKNQSTAVLIFYWHMCP>
#	G	D	E	R	K	N	Q	S	T	A	V	L	I	F	Y	W	H	M	C	P
0	0.04929	0.00468	0.00458	0.00454	0.00574	0.00475	0.00343	0.01127	0.00993	0.01799	0.01517	0.01735	0.01192	0.00552	0.00332	0.00113	0.00230	0.00437	0.81824	0.00449
1	0.06132	0.01227	0.01294	0.01038	0.01384	0.01376	0.00844	0.52581	0.24416	0.02674	0.01352	0.01311	0.00984	0.00588	0.00471	0.00149	0.00475	0.00453	0.00471	0.00781
2	0.01027	0.01025	0.01515	0.01268	0.01311	0.01368	0.07831	0.01151	0.00764	0.01168	0.00722	0.01219	0.00717	0.06808	0.01543	0.00223	0.69153	0.00451	0.00218	0.00517
3	0.09802	0.01300	0.01365	0.01055	0.01430	0.01444	0.00872	0.71352	0.02112	0.02931	0.01102	0.01113	0.00785	0.00562	0.00461	0.00144	0.00511	0.00414	0.00461	0.00785
4	0.07495	0.44221	0.22632	0.01004	0.01462	0.11502	0.01059	0.03366	0.01048	0.01352	0.00736	0.00852	0.00609	0.00438	0.00364	0.00122	0.00596	0.00292	0.00222	0.00628
5	0.00701	0.00504	0.00637	0.00703	0.00763	0.00493	0.00484	0.08011	0.01035	0.01382	0.02466	0.73189	0.02904	0.03459	0.00643	0.00196	0.00305	0.01255	0.00443	0.00426
6	0.01205	0.00991	0.01266	0.01202	0.14445	0.00916	0.02654	0.14130	0.07971	0.04352	0.01084	0.03293	0.00878	0.00466	0.00422	0.00110	0.00431	0.00395	0.00338	0.43451
7	0.01211	0.01196	0.01844	0.22741	0.15761	0.08906	0.22611	0.04915	0.08522	0.04317	0.01033	0.01272	0.00786	0.00471	0.00495	0.00151	0.00651	0.00463	0.00280	0.02374
8	0.00660	0.00501	0.00609	0.00590	0.00714	0.00460	0.00439	0.00888	0.03982	0.01712	0.52738	0.09554	0.23262	0.01062	0.00565	0.00157	0.00239	0.00925	0.00498	0.00445
9	0.00735	0.00529	0.00677	0.00731	0.00812	0.00521	0.00535	0.08092	0.01111	0.01489	0.10256	0.56151	0.03017	0.01333	0.00600	0.00189	0.00319	0.12007	0.00455	0.00442
10	0.08270	0.22041	0.23345	0.01400	0.16306	0.05926	0.01179	0.09335	0.02267	0.02733	0.00891	0.02679	0.00724	0.00477	0.00413	0.00136	0.00577	0.00365	0.00262	0.00675
11	0.61032	0.01047	0.08326	0.00744	0.01093	0.00999	0.00674	0.01607	0.00947	0.18318	0.00936	0.00974	0.00664	0.00475	0.00349	0.00148	0.00409	0.00314	0.00348	0.00597
12	0.00590	0.00435	0.00545	0.00621	0.00678	0.00398	0.00422	0.00685	0.00963	0.01261	0.07562	0.59934	0.17508	0.05176	0.00683	0.00198	0.00276	0.01234	0.00441	0.00390
13	0.01180	0.02303	0.06629	0.05605	0.44540	0.02245	0.20679	0.01500	0.01096	0.04313	0.00939	0.01200	0.00744	0.00427	0.00487	0.00144	0.00626	0.00448	0.00249	0.04646
14	0.01746	0.01020	0.01462	0.06667	0.11131	0.01011	0.08211	0.18447	0.04199	0.38864	0.01454	0.01420	0.00982	0.00544	0.00487	0.00149	0.00504	0.00469	0.00462	0.00770
15	0.00692	0.00510	0.00617	0.00616	0.00736	0.00474	0.00452	0.00923	0.05895	0.03522	0.35392	0.23051	0.23068	0.01134	0.00569	0.00164	0.00256	0.00993	0.00484	0.00451
16	0.35412	0.01226	0.08173	0.00899	0.01262	0.04832	0.00793	0.22324	0.05488	0.13741	0.01062	0.01078	0.00756	0.00514	0.00402	0.00147	0.00470	0.00363	0.00387	0.00671
17	0.01297	0.04161	0.12929	0.14353	0.17998	0.02790	0.03430	0.18470	0.02905	0.06140	0.00976	0.01169	0.00743	0.00532	0.00594	0.00154	0.09950	0.00417	0.00302	0.00690
18	0.01094	0.00950	0.01195	0.01021	0.01192	0.08111	0.08600	0.13179	0.01136	0.04100	0.04556	0.10516	0.01355	0.08937	0.19535	0.00333	0.12736	0.00595	0.00327	0.00531

[dist]
# distance from previous block
# <min> <max>
1	2

[block]
# block no. 3 follows, 53 sequences, length 48
# corresponding to MSA columns:
# 185-206,210-235
name=unknown_D
#
# <colnr> <probs for GDERKNQSTAVLIFYWHMCP>
#	G	D	E	R	K	N	Q	S	T	A	V	L	I	F	Y	W	H	M	C	P
0	0.07484	0.11171	0.03106	0.29095	0.17694	0.01189	0.03419	0.05217	0.02457	0.04486	0.00920	0.01244	0.00748	0.04474	0.00601	0.00164	0.05249	0.00412	0.00259	0.00609
1	0.01132	0.00969	0.01145	0.02261	0.02657	0.03398	0.03574	0.09541	0.01150	0.03045	0.00901	0.01034	0.00725	0.00391	0.00384	0.00088	0.00415	0.00319	0.00304	0.66566
2	0.00587	0.00485	0.00515	0.00508	0.00659	0.00413	0.00381	0.00729	0.01142	0.01417	0.19901	0.04393	0.64890	0.01164	0.00565	0.00159	0.00239	0.00980	0.00460	0.00413
3	0.05390	0.79510	0.02418	0.00809	0.01212	0.01852	0.00803	0.01430	0.00964	0.01174	0.00665	0.00767	0.00609	0.00411	0.00306	0.00104	0.00504	0.00256	0.00209	0.00609
4	0.00959	0.02472	0.80726	0.01362	0.02069	0.01110	0.01766	0.01514	0.01009	0.01514	0.00858	0.01009	0.00605	0.00454	0.00454	0.00151	0.00706	0.00353	0.00202	0.00706
5	0.00591	0.00424	0.00564	0.00672	0.00707	0.00396	0.00458	0.00682	0.00928	0.01232	0.02676	0.77512	0.04754	0.01483	0.00612	0.00195	0.00284	0.04998	0.00444	0.00391
6	0.00582	0.00485	0.00508	0.00502	0.00656	0.00411	0.00376	0.00719	0.01129	0.01386	0.16239	0.04444	0.68571	0.01175	0.00565	0.00160	0.00240	0.00987	0.00456	0.00411
7	0.00586	0.00431	0.00543	0.00628	0.00679	0.00395	0.00424	0.00675	0.00946	0.01237	0.04725	0.64774	0.16150	0.04568	0.00671	0.00198	0.00277	0.01263	0.00440	0.00388
8	0.00959	0.02472	0.80726	0.01362	0.02069	0.01110	0.01766	0.01514	0.01009	0.01514	0.00858	0.01009	0.00605	0.00454	0.00454	0.00151	0.00706	0.00353	0.00202	0.00706
9	0.01788	0.02202	0.01361	0.01221	0.01478	0.74832	0.00922	0.08111	0.01427	0.01319	0.00772	0.00885	0.00632	0.00499	0.00435	0.00125	0.00835	0.00318	0.00265	0.00575
10	0.01785	0.02278	0.01354	0.01231	0.01478	0.81284	0.00924	0.01909	0.01354	0.01170	0.00739	0.00862	0.00616	0.00493	0.00431	0.00123	0.00862	0.00308	0.00246	0.00554
11	0.01268	0.01274	0.01315	0.01117	0.01340	0.28449	0.13214	0.01450	0.01117	0.08318	0.05925	0.04556	0.01212	0.05884	0.19413	0.00306	0.02493	0.00508	0.00305	0.00534
12	0.00592	0.00430	0.00561	0.00662	0.00707	0.00399	0.00456	0.00687	0.00942	0.01239	0.02825	0.71211	0.09977	0.01461	0.00609	0.00193	0.00284	0.05927	0.00443	0.00393
13	0.01048	0.00883	0.01017	0.00745	0.01153	0.00714	0.00596	0.06411	0.04590	0.01668	0.00950	0.02458	0.00791	0.00402	0.00373	0.00082	0.00365	0.00323	0.00308	0.75124
14	0.01893	0.01217	0.01359	0.01042	0.01421	0.01301	0.00861	0.60935	0.02043	0.20993	0.01319	0.01259	0.00899	0.00578	0.00479	0.00144	0.00498	0.00442	0.00504	0.00813
15	0.00599	0.00428	0.00574	0.00685	0.00720	0.00403	0.00473	0.00695	0.00932	0.01239	0.02625	0.75853	0.03124	0.01481	0.00615	0.00196	0.00292	0.08228	0.00443	0.00393
16	0.01011	0.00861	0.01002	0.00717	0.01141	0.00657	0.00574	0.03022	0.01021	0.01592	0.00857	0.00995	0.00710	0.00359	0.00357	0.00072	0.00358	0.00287	0.00288	0.84121
17	0.78826	0.00927	0.00748	0.00655	0.00958	0.01058	0.00540	0.03406	0.00886	0.07388	0.00759	0.00842	0.00569	0.00457	0.00313	0.00148	0.00376	0.00278	0.00320	0.00545
18	0.01112	0.01119	0.01694	0.35231	0.35311	0.08099	0.04296	0.01393	0.01043	0.01368	0.00856	0.01191	0.00689	0.00470	0.00522	0.00151	0.04178	0.00420	0.00226	0.00632
19	0.01108	0.00671	0.00804	0.00717	0.00902	0.00661	0.00539	0.04110	0.14617	0.18816	0.20970	0.08957	0.09866	0.14101	0.00833	0.00206	0.00345	0.00735	0.00480	0.00559
20	0.00695	0.00463	0.00521	0.00521	0.00521	0.00463	0.00290	0.00695	0.00695	0.00927	0.01506	0.03128	0.01738	0.83203	0.02433	0.00463	0.00463	0.00695	0.00290	0.00290
21	0.14060	0.01025	0.05165	0.01060	0.01414	0.00952	0.14285	0.12305	0.03373	0.27899	0.04767	0.04681	0.01220	0.02079	0.00517	0.00160	0.00491	0.03437	0.00430	0.00679
22	0.05552	0.01348	0.01254	0.01029	0.01349	0.21261	0.03789	0.14152	0.15852	0.05724	0.01111	0.01166	0.00853	0.00518	0.00482	0.00130	0.04084	0.00386	0.00354	0.19607
23	0.00603	0.00432	0.00573	0.00651	0.00698	0.00402	0.00445	0.00718	0.01012	0.01375	0.19838	0.65245	0.03461	0.01382	0.00600	0.00184	0.00266	0.01249	0.00462	0.00402
24	0.01055	0.01049	0.01824	0.32785	0.31644	0.02580	0.14776	0.01364	0.01047	0.01411	0.01002	0.01325	0.03007	0.00464	0.00490	0.00150	0.00627	0.00461	0.00236	0.02703
25	0.00618	0.00486	0.00558	0.00540	0.00678	0.00426	0.00405	0.00788	0.01214	0.01588	0.40445	0.04112	0.44239	0.01100	0.00564	0.00156	0.00234	0.00940	0.00483	0.00426
26	0.00739	0.00608	0.00734	0.00748	0.00855	0.04397	0.02792	0.00966	0.05883	0.01483	0.22434	0.36664	0.08279	0.01191	0.00584	0.00177	0.00331	0.10231	0.00452	0.00450
27	0.00903	0.00850	0.01434	0.82054	0.03292	0.01062	0.01327	0.01221	0.00956	0.01221	0.00850	0.01274	0.00637	0.00478	0.00478	0.00159	0.00637	0.00425	0.00212	0.00531
28	0.00582	0.00416	0.00555	0.00666	0.00693	0.00388	0.00444	0.00666	0.00915	0.01220	0.02634	0.82891	0.03161	0.01497	0.00610	0.00194	0.00277	0.01359	0.00444	0.00388
29	0.00770	0.00550	0.00770	0.00880	0.00990	0.00550	0.00770	0.00990	0.01100	0.01430	0.02531	0.05391	0.02751	0.01320	0.00660	0.00220	0.00440	0.77004	0.00440	0.00440
30	0.00585	0.00420	0.00551	0.00655	0.00687	0.00391	0.00437	0.00667	0.00916	0.01215	0.02690	0.77871	0.06071	0.03555	0.00654	0.00200	0.00281	0.01329	0.00440	0.00386
31	0.00903	0.00850	0.01434	0.82054	0.03292	0.01062	0.01327	0.01221	0.00956	0.01221	0.00850	0.01274	0.00637	0.00478	0.00478	0.00159	0.00637	0.00425	0.00212	0.00531
32	0.01250	0.12125	0.06720	0.01113	0.01309	0.27571	0.00946	0.01408	0.00992	0.01170	0.00798	0.01092	0.00719	0.01121	0.14841	0.00261	0.25423	0.00373	0.00228	0.00540
33	0.01785	0.02278	0.01354	0.01231	0.01478	0.81284	0.00924	0.01909	0.01354	0.01170	0.00739	0.00862	0.00616	0.00493	0.00431	0.00123	0.00862	0.00308	0.00246	0.00554
34	0.47328	0.01006	0.01096	0.19068	0.05139	0.02757	0.02784	0.10583	0.01045	0.01954	0.00783	0.00972	0.00600	0.00476	0.00409	0.00151	0.02648	0.00337	0.00292	0.00571
35	0.00586	0.00436	0.00547	0.00628	0.00690	0.00397	0.00433	0.00686	0.00974	0.01269	0.06379	0.61437	0.19562	0.01411	0.00599	0.00186	0.00271	0.02667	0.00447	0.00395
36	0.00970	0.02394	0.75537	0.01406	0.02097	0.01117	0.06875	0.01515	0.01017	0.01515	0.00865	0.01028	0.00613	0.00451	0.00461	0.00152	0.00713	0.00367	0.00204	0.00702
37	0.00921	0.00869	0.01467	0.76784	0.08415	0.01067	0.01337	0.01238	0.00965	0.01244	0.00853	0.01268	0.00645	0.00474	0.00478	0.00158	0.00633	0.00425	0.00214	0.00546
38	0.00663	0.00478	0.00628	0.00621	0.00718	0.00443	0.00459	0.00863	0.01269	0.01780	0.64105	0.17584	0.04221	0.01079	0.00575	0.00160	0.00241	0.03166	0.00509	0.00440
39	0.01829	0.01238	0.01362	0.01053	0.01427	0.01343	0.00867	0.62082	0.06904	0.14957	0.01311	0.01261	0.00910	0.00581	0.00479	0.00145	0.00498	0.00445	0.00496	0.00809
40	0.01825	0.03059	0.01340	0.01054	0.01396	0.18314	0.00851	0.39706	0.04956	0.19340	0.02617	0.01251	0.00938	0.00567	0.00467	0.00140	0.00560	0.00424	0.00449	0.00745
41	0.43405	0.08919	0.01098	0.00829	0.01137	0.17005	0.00676	0.04399	0.05329	0.11894	0.00922	0.00969	0.00693	0.00485	0.00364	0.00139	0.00491	0.00318	0.00332	0.00595
42	0.00830	0.00415	0.00623	0.00623	0.00623	0.00415	0.00415	0.00623	0.00623	0.00830	0.00830	0.01453	0.00830	0.01660	0.01868	0.86094	0.00415	0.00415	0.00208	0.00208
43	0.00623	0.00446	0.00583	0.00680	0.00719	0.00424	0.00459	0.03210	0.00959	0.01279	0.02586	0.80223	0.03085	0.01467	0.00606	0.00192	0.00285	0.01328	0.00445	0.00402
44	0.04958	0.05599	0.30070	0.01104	0.01552	0.15151	0.01128	0.08410	0.03737	0.16675	0.03146	0.04319	0.00956	0.00554	0.00453	0.00145	0.00599	0.00425	0.00338	0.00680
45	0.43266	0.11963	0.13371	0.00846	0.01217	0.01218	0.00806	0.03410	0.16582	0.01905	0.00962	0.01021	0.00738	0.00485	0.00364	0.00145	0.00445	0.00333	0.00312	0.00614
46	0.00726	0.00635	0.01113	0.01000	0.01144	0.00596	0.19257	0.00896	0.00985	0.01321	0.03894	0.57530	0.02582	0.01213	0.00601	0.00187	0.00412	0.05058	0.00397	0.00454
47	0.02491	0.03589	0.57808	0.01326	0.01857	0.01187	0.03980	0.01424	0.00948	0.01437	0.00817	0.01035	0.00625	0.00594	0.02372	0.00175	0.17098	0.00373	0.00207	0.00657

[dist]
# distance from previous block
# <min> <max>
0	15

[block]
# block no. 4 follows, 53 sequences, length 35
# corresponding to MSA columns:
# 258-292
name=unknown_E
#
# <colnr> <probs for GDERKNQSTAVLIFYWHMCP>
#	G	D	E	R	K	N	Q	S	T	A	V	L	I	F	Y	W	H	M	C	P
0	0.00598	0.00441	0.00547	0.00617	0.00677	0.00405	0.00422	0.00693	0.00960	0.01252	0.07119	0.53603	0.19122	0.08439	0.00756	0.00209	0.00287	0.03031	0.00435	0.00388
1	0.00991	0.00850	0.00991	0.00708	0.01133	0.00637	0.00566	0.01203	0.00991	0.01557	0.00850	0.00991	0.00708	0.00354	0.00354	0.00071	0.00354	0.00283	0.00283	0.86124
2	0.03305	0.17027	0.17286	0.00850	0.01198	0.00967	0.00840	0.04547	0.02468	0.13357	0.19133	0.02130	0.09609	0.03704	0.00538	0.00154	0.00436	0.01472	0.00382	0.00599
3	0.01185	0.53351	0.29183	0.01012	0.01522	0.01612	0.01144	0.03783	0.01023	0.01314	0.00745	0.00861	0.00617	0.00429	0.00362	0.00120	0.00578	0.00294	0.00212	0.00651
4	0.01730	0.01266	0.01360	0.01052	0.01412	0.01396	0.00865	0.72131	0.02158	0.02915	0.04546	0.01277	0.00988	0.00590	0.00476	0.00142	0.00501	0.00450	0.03963	0.00782
5	0.00591	0.00420	0.00552	0.00654	0.00679	0.00394	0.00431	0.00668	0.00897	0.01196	0.02543	0.76404	0.03045	0.08142	0.00758	0.00216	0.00292	0.01305	0.00431	0.00380
6	0.01214	0.11704	0.18020	0.03979	0.01452	0.10994	0.02956	0.11377	0.01231	0.07024	0.01522	0.07414	0.06574	0.02659	0.01666	0.00168	0.00570	0.08538	0.00333	0.00605
7	0.19693	0.02840	0.04265	0.04662	0.14629	0.17657	0.07028	0.01544	0.07335	0.01590	0.04726	0.03661	0.00974	0.00628	0.02709	0.00165	0.04582	0.00431	0.00288	0.00594
8	0.00628	0.00444	0.00589	0.00693	0.00742	0.00421	0.00499	0.00743	0.00957	0.01282	0.02627	0.63665	0.04800	0.01423	0.00608	0.00195	0.00305	0.15411	0.03568	0.00400
9	0.02560	0.04581	0.01631	0.06942	0.06890	0.06414	0.23416	0.03987	0.04575	0.01520	0.06599	0.05939	0.10989	0.00638	0.00540	0.00148	0.03483	0.00589	0.00314	0.08243
10	0.19591	0.01482	0.03467	0.06666	0.16286	0.29866	0.00957	0.02810	0.04349	0.07337	0.02391	0.01084	0.00774	0.00491	0.00423	0.00139	0.00613	0.00363	0.00295	0.00616
11	0.00663	0.00454	0.00603	0.00693	0.00753	0.00425	0.00497	0.00775	0.00976	0.03900	0.04411	0.62942	0.06983	0.01415	0.00610	0.00194	0.00303	0.12541	0.00450	0.00412
12	0.00950	0.01927	0.52147	0.03833	0.02024	0.01043	0.17590	0.01416	0.01048	0.01510	0.05105	0.04935	0.03231	0.00539	0.00493	0.00156	0.00668	0.00489	0.00245	0.00652
13	0.02144	0.00813	0.01109	0.00850	0.01220	0.00702	0.00702	0.02329	0.01368	0.80552	0.01886	0.01627	0.01183	0.00592	0.00481	0.00148	0.00407	0.00481	0.00592	0.00813
14	0.00611	0.00479	0.00553	0.00550	0.00678	0.00421	0.00407	0.00770	0.01177	0.01534	0.34609	0.12259	0.41953	0.01147	0.00569	0.00160	0.00239	0.00987	0.00477	0.00421
15	0.01219	0.01042	0.01098	0.00979	0.01254	0.01203	0.00764	0.06177	0.75672	0.02048	0.01907	0.01753	0.01428	0.00645	0.00486	0.00161	0.00385	0.00535	0.00486	0.00759
16	0.00575	0.00459	0.00516	0.00556	0.00666	0.00399	0.00396	0.00685	0.01033	0.01285	0.06432	0.33906	0.48792	0.01311	0.00582	0.00173	0.00255	0.01135	0.00446	0.00399
17	0.01125	0.01296	0.04392	0.01930	0.08615	0.04521	0.59535	0.01482	0.01110	0.01488	0.01118	0.01402	0.04506	0.00470	0.00599	0.00160	0.04819	0.00551	0.00249	0.00634
18	0.05790	0.01168	0.01277	0.01004	0.01357	0.01267	0.00822	0.51571	0.10449	0.14804	0.04620	0.01375	0.01081	0.00595	0.00474	0.00147	0.00471	0.00460	0.00490	0.00778
19	0.22024	0.12352	0.08035	0.09541	0.10566	0.14177	0.08072	0.01500	0.01017	0.02837	0.00784	0.00981	0.00629	0.00470	0.00470	0.00143	0.05207	0.00350	0.00248	0.00597
20	0.01293	0.01280	0.12883	0.00994	0.01281	0.10426	0.00880	0.23221	0.01416	0.07500	0.09417	0.09952	0.01547	0.07447	0.00716	0.00181	0.04874	0.03691	0.00388	0.00613
21	0.00658	0.00473	0.00637	0.00726	0.00797	0.00452	0.00555	0.00807	0.01039	0.01381	0.12189	0.43862	0.05623	0.01363	0.00620	0.00197	0.00326	0.27427	0.00453	0.00414
22	0.01156	0.01106	0.01863	0.06167	0.65645	0.01111	0.04688	0.01494	0.04822	0.01564	0.00969	0.01268	0.00808	0.00447	0.00476	0.00143	0.00562	0.01441	0.00252	0.04018
23	0.00945	0.00908	0.01522	0.64439	0.07137	0.01122	0.04524	0.01239	0.00942	0.01244	0.00830	0.01242	0.00646	0.00516	0.00616	0.00165	0.10773	0.00430	0.00215	0.00547
24	0.00664	0.00457	0.00566	0.00625	0.00701	0.00418	0.00438	0.00772	0.00987	0.04183	0.06379	0.50166	0.19095	0.05283	0.00673	0.00195	0.00286	0.04071	0.03632	0.00409
25	0.00991	0.00850	0.00991	0.00708	0.01133	0.00637	0.00566	0.01203	0.00991	0.01557	0.00850	0.00991	0.00708	0.00354	0.00354	0.00071	0.00354	0.00283	0.00283	0.86124
26	0.01206	0.13633	0.04368	0.10825	0.11195	0.04199	0.00909	0.16188	0.05004	0.05101	0.06203	0.01904	0.11449	0.03299	0.00533	0.00154	0.00491	0.02363	0.00352	0.00625
27	0.00677	0.00464	0.00532	0.00547	0.00567	0.00455	0.00330	0.00704	0.00765	0.01005	0.01924	0.10997	0.08178	0.65380	0.02034	0.00403	0.00427	0.03972	0.00323	0.00314
28	0.01688	0.01232	0.01316	0.01065	0.02707	0.04224	0.00851	0.55797	0.08422	0.09303	0.03075	0.04067	0.02762	0.00629	0.00485	0.00147	0.00496	0.00492	0.00475	0.00767
29	0.59812	0.01137	0.00907	0.03434	0.03140	0.12770	0.00658	0.06895	0.01003	0.01977	0.00747	0.00886	0.00590	0.00589	0.03643	0.00169	0.00503	0.00298	0.00296	0.00547
30	0.00636	0.00491	0.00596	0.00695	0.00741	0.03083	0.00483	0.00733	0.00951	0.01238	0.02642	0.71234	0.05791	0.01440	0.00606	0.00193	0.00308	0.07304	0.00437	0.00398
31	0.01116	0.00883	0.02642	0.02096	0.04591	0.00767	0.03100	0.08226	0.02122	0.08690	0.01245	0.12440	0.01124	0.00697	0.03424	0.00140	0.02680	0.00496	0.00344	0.43176
32	0.01249	0.01189	0.01726	0.19183	0.48213	0.07365	0.01326	0.11020	0.01225	0.01640	0.00907	0.01173	0.00728	0.00460	0.00472	0.00144	0.00600	0.00417	0.00262	0.00701
33	0.00582	0.00418	0.00553	0.00661	0.00692	0.00389	0.00442	0.00666	0.00919	0.01222	0.02689	0.80956	0.05061	0.01490	0.00609	0.00193	0.00276	0.01350	0.00444	0.00389
34	0.01037	0.00966	0.01461	0.57239	0.14104	0.04349	0.01259	0.01443	0.08879	0.03215	0.00987	0.01304	0.00749	0.00491	0.00476	0.00155	0.00605	0.00433	0.00254	0.00594

[dist]
# distance from previous block
# <min> <max>
0	18

[block]
# block no. 5 follows, 53 sequences, length 14
# corresponding to MSA columns:
# 311-321,325-327
name=unknown_F
#
# <colnr> <probs for GDERKNQSTAVLIFYWHMCP>
#	G	D	E	R	K	N	Q	S	T	A	V	L	I	F	Y	W	H	M	C	P
0	0.04061	0.31974	0.05939	0.01165	0.04689	0.20693	0.04992	0.03277	0.01078	0.03987	0.00765	0.00928	0.00648	0.00510	0.00571	0.00135	0.13408	0.00333	0.00241	0.00606
1	0.00672	0.00554	0.00613	0.00692	0.00747	0.06027	0.00474	0.00769	0.00983	0.01266	0.07728	0.68374	0.06555	0.01380	0.00592	0.00185	0.00313	0.01237	0.00435	0.00405
2	0.03977	0.01054	0.06984	0.00882	0.03908	0.04942	0.00721	0.02335	0.02241	0.02727	0.00943	0.04343	0.00808	0.00445	0.00416	0.00097	0.02617	0.00350	0.00289	0.59922
3	0.04960	0.04154	0.01395	0.03093	0.13704	0.19816	0.02240	0.22231	0.04907	0.06540	0.05581	0.01442	0.01080	0.01819	0.02310	0.00161	0.00594	0.02949	0.00361	0.00665
4	0.00589	0.00421	0.00561	0.00661	0.00695	0.00393	0.00444	0.00683	0.00948	0.01272	0.08396	0.76980	0.03262	0.01459	0.00607	0.00191	0.00273	0.01322	0.00450	0.00393
5	0.01013	0.08424	0.60900	0.01437	0.02081	0.01187	0.15358	0.01510	0.01027	0.01487	0.00862	0.01041	0.00627	0.00442	0.00462	0.00149	0.00709	0.00383	0.00209	0.00688
6	0.01272	0.03462	0.04181	0.07308	0.15394	0.10270	0.26150	0.04780	0.08453	0.06039	0.01098	0.01384	0.00866	0.00513	0.00549	0.00154	0.04187	0.02985	0.00295	0.00662
7	0.00602	0.00453	0.00547	0.00590	0.00672	0.00409	0.00411	0.00717	0.01033	0.01350	0.17415	0.39761	0.26283	0.06620	0.00706	0.00194	0.00269	0.01120	0.00449	0.00398
8	0.01067	0.01014	0.01345	0.01152	0.01214	0.04004	0.03464	0.07485	0.00899	0.01300	0.00893	0.05534	0.00896	0.07762	0.05122	0.00245	0.55332	0.00497	0.00255	0.00521
9	0.00647	0.00492	0.00557	0.00548	0.00692	0.00428	0.00411	0.00800	0.01163	0.03735	0.26411	0.09242	0.49417	0.01145	0.00567	0.00161	0.00248	0.02435	0.00472	0.00429
10	0.04372	0.00890	0.00982	0.02141	0.01082	0.06909	0.05793	0.05458	0.21782	0.01592	0.09977	0.04696	0.11947	0.17631	0.00920	0.00220	0.02030	0.00653	0.00391	0.00536
11	0.60100	0.01035	0.00946	0.04235	0.04236	0.05663	0.02409	0.07167	0.00968	0.01996	0.00756	0.00949	0.00611	0.03299	0.00464	0.00160	0.03848	0.00316	0.00296	0.00547
12	0.12852	0.01318	0.01315	0.01033	0.01394	0.06736	0.00847	0.59108	0.01951	0.07184	0.01099	0.01107	0.00782	0.00552	0.00451	0.00143	0.00521	0.00403	0.00445	0.00757
13	0.01140	0.01941	0.04218	0.03852	0.10935	0.00840	0.01940	0.08441	0.04407	0.06537	0.01176	0.05465	0.02706	0.00498	0.00422	0.00111	0.00425	0.00421	0.00328	0.44197

[dist]
# distance from previous block
# <min> <max>
0	1

[block]
# block no. 6 follows, 53 sequences, length 35
# corresponding to MSA columns:
# 329-363
name=unknown_G
#
# <colnr> <probs for GDERKNQSTAVLIFYWHMCP>
#	G	D	E	R	K	N	Q	S	T	A	V	L	I	F	Y	W	H	M	C	P
0	0.12703	0.01143	0.01339	0.22733	0.17008	0.15535	0.03013	0.01376	0.02385	0.01418	0.01030	0.10119	0.00946	0.00662	0.02184	0.00167	0.04915	0.00491	0.00266	0.00566
1	0.00589	0.00423	0.00560	0.00668	0.00703	0.00395	0.00453	0.00678	0.00927	0.01230	0.02695	0.77770	0.05381	0.01483	0.00611	0.00194	0.00282	0.04125	0.00444	0.00391
2	0.02763	0.01135	0.01244	0.09926	0.03281	0.12334	0.05083	0.10029	0.21818	0.04267	0.04895	0.01862	0.10164	0.00680	0.00578	0.00157	0.06983	0.01800	0.00377	0.00624
3	0.00983	0.00922	0.01366	0.52197	0.13095	0.04549	0.01174	0.01331	0.06107	0.02737	0.01378	0.01647	0.09406	0.00565	0.00485	0.00156	0.00574	0.00492	0.00267	0.00568
4	0.00584	0.00420	0.00555	0.00659	0.00692	0.00390	0.00441	0.00672	0.00931	0.01240	0.04659	0.78566	0.05468	0.01476	0.00608	0.00192	0.00275	0.01336	0.00446	0.00390
5	0.04797	0.11435	0.57190	0.02993	0.09309	0.01184	0.01540	0.01476	0.01005	0.01494	0.00874	0.01106	0.00673	0.00469	0.00438	0.00147	0.00648	0.02326	0.00216	0.00682
6	0.04874	0.01281	0.17643	0.01044	0.01478	0.02162	0.05420	0.13239	0.03043	0.36000	0.04269	0.01412	0.01056	0.00547	0.00469	0.00145	0.00505	0.00447	0.00439	0.04525
7	0.50510	0.04333	0.03086	0.00939	0.04961	0.19521	0.00729	0.06705	0.01067	0.03308	0.00753	0.00861	0.00589	0.00464	0.00355	0.00140	0.00517	0.00296	0.00293	0.00571
8	0.00980	0.00614	0.00755	0.00732	0.00874	0.00599	0.00536	0.07828	0.07075	0.13375	0.08519	0.43231	0.07434	0.04312	0.00634	0.00185	0.00327	0.00998	0.00473	0.00519
9	0.00658	0.00453	0.00542	0.00583	0.00603	0.00442	0.00364	0.00700	0.00798	0.01057	0.02033	0.28366	0.05108	0.50556	0.01706	0.00356	0.00396	0.04598	0.00351	0.00332
10	0.01075	0.11176	0.03482	0.21121	0.07111	0.04223	0.20032	0.03575	0.01045	0.03618	0.02498	0.01392	0.00879	0.03727	0.12750	0.00251	0.00742	0.00465	0.00255	0.00579
11	0.15191	0.37791	0.01758	0.00934	0.01273	0.25904	0.00806	0.07143	0.01163	0.03143	0.00748	0.00843	0.00625	0.00456	0.00359	0.00120	0.00594	0.00289	0.00260	0.00599
12	0.00651	0.00436	0.00577	0.00667	0.00715	0.00403	0.00452	0.00740	0.00942	0.04731	0.02682	0.76430	0.05888	0.01447	0.00603	0.00191	0.00282	0.01307	0.00450	0.00408
13	0.01021	0.03662	0.01062	0.00765	0.01139	0.04607	0.02056	0.03031	0.02905	0.01531	0.01297	0.01394	0.09243	0.00478	0.00415	0.00093	0.02149	0.00379	0.00303	0.62470
14	0.01283	0.01080	0.01608	0.31702	0.27068	0.04159	0.03809	0.13192	0.01252	0.08743	0.01003	0.01243	0.00753	0.00484	0.00478	0.00149	0.00592	0.00431	0.00297	0.00675
15	0.00588	0.00420	0.00559	0.00662	0.00694	0.00392	0.00444	0.00679	0.00940	0.01260	0.07048	0.78363	0.03238	0.01468	0.00607	0.00192	0.00274	0.01331	0.00448	0.00392
16	0.01306	0.02403	0.11078	0.11732	0.20803	0.06421	0.06610	0.14517	0.04374	0.07693	0.02842	0.01328	0.00898	0.03544	0.00571	0.00160	0.02275	0.00446	0.00315	0.00684
17	0.00923	0.00842	0.00918	0.04663	0.08554	0.11220	0.00693	0.04806	0.06781	0.01414	0.04834	0.45519	0.02272	0.02178	0.00576	0.00176	0.00421	0.02318	0.00393	0.00500
18	0.00666	0.00468	0.00578	0.00614	0.00711	0.00420	0.00439	0.00793	0.01067	0.04878	0.17271	0.41502	0.25119	0.01279	0.00584	0.00175	0.00266	0.02281	0.00465	0.00424
19	0.01562	0.12930	0.14963	0.01192	0.01538	0.54976	0.01048	0.01797	0.03476	0.01246	0.00784	0.00901	0.00638	0.00480	0.00420	0.00126	0.00776	0.00315	0.00240	0.00593
20	0.00608	0.00473	0.00533	0.00553	0.00660	0.00421	0.00396	0.00723	0.01037	0.01311	0.12995	0.18008	0.43297	0.12461	0.00833	0.00210	0.00285	0.04371	0.00433	0.00393
21	0.01482	0.01185	0.01347	0.03787	0.01487	0.01328	0.04563	0.39424	0.35533	0.02443	0.01474	0.01434	0.01083	0.00595	0.00486	0.00153	0.00479	0.00484	0.00462	0.00771
22	0.11320	0.24007	0.05240	0.10594	0.01478	0.16016	0.00892	0.04880	0.01032	0.01362	0.00812	0.01082	0.00707	0.03887	0.07393	0.00202	0.07944	0.00351	0.00244	0.00559
23	0.01186	0.00959	0.00757	0.00696	0.00866	0.19127	0.00530	0.08267	0.02881	0.01756	0.01342	0.01514	0.01053	0.00546	0.00373	0.00118	0.00400	0.00415	0.56706	0.00510
24	0.80197	0.00916	0.00733	0.00645	0.00947	0.01044	0.00532	0.01475	0.00855	0.08071	0.00758	0.00841	0.00568	0.00455	0.00310	0.00148	0.00373	0.00276	0.00318	0.00540
25	0.00581	0.00467	0.00519	0.00544	0.00665	0.00404	0.00393	0.00702	0.01070	0.01336	0.11862	0.25234	0.52022	0.01263	0.00577	0.00169	0.00250	0.01087	0.00452	0.00404
26	0.01509	0.04162	0.04298	0.03205	0.01439	0.25099	0.00924	0.18838	0.15805	0.05647	0.01166	0.01233	0.02161	0.00598	0.00609	0.00150	0.11725	0.00416	0.00353	0.00662
27	0.00808	0.00458	0.00674	0.00656	0.00679	0.00462	0.01882	0.00670	0.00695	0.00926	0.03200	0.04668	0.05762	0.04548	0.01699	0.68382	0.02826	0.00509	0.00242	0.00252
28	0.00622	0.00488	0.00569	0.00595	0.00722	0.00435	0.00458	0.00774	0.01118	0.01421	0.17947	0.14187	0.43696	0.01222	0.00586	0.00173	0.00277	0.13836	0.00458	0.00416
29	0.01046	0.01046	0.01464	0.01255	0.01255	0.01464	0.01046	0.01150	0.00732	0.01150	0.00627	0.01046	0.00627	0.00837	0.01569	0.00209	0.82328	0.00418	0.00209	0.00523
30	0.00854	0.00696	0.00858	0.00741	0.01003	0.00582	0.00583	0.01033	0.00984	0.01442	0.01571	0.22026	0.01660	0.00814	0.00500	0.00130	0.02452	0.13569	0.00348	0.48155
31	0.00916	0.00863	0.01458	0.78235	0.07005	0.01065	0.01334	0.01233	0.00962	0.01238	0.00852	0.01270	0.00643	0.00475	0.00478	0.00158	0.00634	0.00425	0.00214	0.00542
32	0.01947	0.00915	0.01146	0.00902	0.01257	0.00881	0.00737	0.12001	0.14236	0.57909	0.01802	0.01592	0.01182	0.00599	0.00481	0.00150	0.00417	0.00484	0.00560	0.00804
33	0.00651	0.00462	0.00560	0.00606	0.00652	0.00442	0.00409	0.00726	0.00884	0.01157	0.04901	0.28510	0.12698	0.34725	0.01351	0.00301	0.00366	0.09859	0.00383	0.00358
34	0.02691	0.00928	0.01053	0.03179	0.01195	0.00998	0.00719	0.26581	0.13873	0.10085	0.10940	0.02303	0.16157	0.00776	0.00559	0.00156	0.04350	0.02338	0.00466	0.00652

[dist]
# distance from previous block
# <min> <max>
0	1

[block]
# block no. 7 follows, 53 sequences, length 44
# corresponding to MSA columns:
# 365-408
name=unknown_H
#
# <colnr> <probs for GDERKNQSTAVLIFYWHMCP>
#	G	D	E	R	K	N	Q	S	T	A	V	L	I	F	Y	W	H	M	C	P
0	0.06569	0.14284	0.03005	0.28437	0.01902	0.15866	0.00960	0.02452	0.01053	0.05666	0.01089	0.12313	0.01001	0.00625	0.00478	0.00148	0.02830	0.00496	0.00279	0.00551
1	0.00586	0.00421	0.00557	0.00663	0.00698	0.00392	0.00448	0.00673	0.00926	0.01227	0.02714	0.78303	0.06011	0.01483	0.00609	0.00193	0.00280	0.02981	0.00444	0.00390
2	0.01020	0.00867	0.01029	0.00796	0.03742	0.00681	0.00607	0.04364	0.01044	0.01608	0.00911	0.03187	0.00779	0.00396	0.00370	0.00079	0.00366	0.00323	0.00294	0.77536
3	0.01479	0.01685	0.24753	0.01120	0.01550	0.14151	0.01094	0.26593	0.02680	0.11065	0.02588	0.02989	0.04932	0.00586	0.00472	0.00145	0.00594	0.00450	0.00370	0.00703
4	0.00585	0.00418	0.00557	0.00663	0.00694	0.00390	0.00444	0.00673	0.00929	0.01242	0.05107	0.80354	0.03204	0.01481	0.00609	0.00193	0.00276	0.01343	0.00446	0.00390
5	0.01055	0.00999	0.02995	0.08717	0.30807	0.02802	0.07219	0.05763	0.07992	0.01687	0.16290	0.02001	0.06879	0.00633	0.00508	0.00151	0.00494	0.02027	0.00343	0.00638
6	0.01151	0.06638	0.54392	0.01294	0.01889	0.02752	0.04763	0.14093	0.05457	0.01756	0.00955	0.01069	0.00691	0.00480	0.00456	0.00148	0.00656	0.00379	0.00265	0.00716
7	0.00584	0.00443	0.00538	0.00604	0.00680	0.00397	0.00419	0.00689	0.01001	0.01292	0.08825	0.52606	0.27456	0.01370	0.00593	0.00181	0.00263	0.01213	0.00450	0.00397
8	0.01578	0.13752	0.01585	0.01231	0.11040	0.01330	0.02540	0.41549	0.01701	0.10096	0.04104	0.01335	0.03129	0.00583	0.00487	0.01871	0.00502	0.00442	0.00408	0.00735
9	0.00609	0.00430	0.00560	0.00654	0.00681	0.00408	0.00436	0.00686	0.00890	0.01185	0.02455	0.66734	0.02921	0.14135	0.00895	0.00237	0.00314	0.04976	0.00420	0.00376
10	0.01240	0.00941	0.02702	0.02018	0.01153	0.00967	0.00710	0.33282	0.08060	0.04712	0.33170	0.02312	0.05154	0.00762	0.00516	0.00149	0.00384	0.00635	0.00491	0.00642
11	0.44687	0.08287	0.01049	0.00821	0.01054	0.13595	0.00668	0.01378	0.00893	0.01646	0.00762	0.01008	0.00662	0.03596	0.08556	0.00219	0.10012	0.00324	0.00266	0.00516
12	0.01785	0.02278	0.01354	0.01231	0.01478	0.81284	0.00924	0.01909	0.01354	0.01170	0.00739	0.00862	0.00616	0.00493	0.00431	0.00123	0.00862	0.00308	0.00246	0.00554
13	0.01266	0.02281	0.11792	0.13902	0.22330	0.05644	0.13271	0.09215	0.01219	0.08597	0.01081	0.01420	0.00851	0.00513	0.00492	0.00152	0.00624	0.04374	0.00295	0.00680
14	0.00581	0.00473	0.00506	0.00528	0.00656	0.00408	0.00384	0.00691	0.01037	0.01262	0.04204	0.17960	0.60113	0.06067	0.00685	0.00186	0.00267	0.03161	0.00435	0.00395
15	0.02496	0.00978	0.01155	0.02399	0.02776	0.02866	0.04556	0.21157	0.18802	0.10911	0.07841	0.06894	0.07083	0.02290	0.00536	0.00158	0.00433	0.01802	0.00450	0.04415
16	0.01295	0.72688	0.07298	0.00876	0.01297	0.04444	0.00884	0.04346	0.01034	0.01221	0.00697	0.00799	0.00620	0.00421	0.00326	0.00108	0.00535	0.00270	0.00216	0.00625
17	0.05291	0.00773	0.01028	0.00807	0.01139	0.00683	0.00661	0.02096	0.01344	0.66616	0.12588	0.01861	0.01615	0.00639	0.00485	0.00148	0.00380	0.00525	0.00571	0.00752
18	0.48274	0.00952	0.00905	0.03813	0.01152	0.01069	0.00649	0.07580	0.16357	0.09261	0.01123	0.01223	0.00852	0.00529	0.00381	0.00151	0.00398	0.02344	0.00374	0.02613
19	0.00801	0.00713	0.05198	0.00878	0.01034	0.02791	0.00783	0.01067	0.04031	0.01432	0.02590	0.06450	0.09902	0.01218	0.00626	0.00205	0.00442	0.58953	0.00424	0.00465
20	0.00638	0.00484	0.00588	0.00575	0.00697	0.00434	0.00430	0.00821	0.01237	0.01666	0.49817	0.08894	0.28081	0.01091	0.00569	0.00158	0.00239	0.02655	0.00493	0.00432
21	0.86579	0.00924	0.00702	0.00629	0.00924	0.01072	0.00518	0.01405	0.00813	0.02144	0.00666	0.00776	0.00518	0.00444	0.00296	0.00148	0.00370	0.00259	0.00296	0.00518
22	0.03295	0.00858	0.01415	0.74735	0.05145	0.01051	0.01285	0.01274	0.00971	0.04229	0.00885	0.01272	0.00657	0.00480	0.00473	0.00158	0.00619	0.00422	0.00230	0.00547
23	0.05857	0.00826	0.01045	0.00826	0.01165	0.00760	0.00675	0.06801	0.05244	0.60007	0.02059	0.03097	0.08121	0.00655	0.00482	0.00150	0.00394	0.00530	0.00550	0.00754
24	0.02617	0.00620	0.00695	0.00651	0.00824	0.00614	0.00501	0.05005	0.11697	0.06359	0.19822	0.08622	0.23557	0.00931	0.00513	0.00154	0.00289	0.03388	0.12626	0.00514
25	0.00988	0.00865	0.01390	0.38361	0.22876	0.00963	0.01175	0.01322	0.04857	0.03629	0.07041	0.01983	0.02467	0.00621	0.00506	0.00161	0.00541	0.09367	0.00296	0.00591
26	0.01239	0.73522	0.12129	0.00885	0.01330	0.01795	0.00934	0.01441	0.00976	0.01172	0.00688	0.00797	0.00612	0.00414	0.00325	0.00108	0.00535	0.00268	0.00204	0.00625
27	0.00581	0.00421	0.00549	0.00652	0.00690	0.00389	0.00438	0.00667	0.00928	0.01226	0.02802	0.76950	0.08993	0.01476	0.00607	0.00192	0.00275	0.01332	0.00444	0.00389
28	0.01047	0.02357	0.09672	0.03067	0.02858	0.00826	0.03330	0.06383	0.05729	0.01647	0.01095	0.01211	0.03892	0.00438	0.00401	0.00100	0.00429	0.00360	0.00300	0.54859
29	0.01341	0.01204	0.02481	0.04254	0.03958	0.14688	0.08071	0.18028	0.03088	0.07557	0.09083	0.04584	0.01439	0.02046	0.00642	0.00164	0.08176	0.08206	0.00375	0.00615
30	0.00586	0.00419	0.00558	0.00663	0.00694	0.00391	0.00444	0.00676	0.00934	0.01250	0.05985	0.79454	0.03220	0.01475	0.00608	0.00192	0.00275	0.01337	0.00447	0.00391
31	0.01496	0.01430	0.15793	0.01417	0.11301	0.01240	0.08123	0.33279	0.09040	0.10250	0.01200	0.01249	0.00860	0.00528	0.00482	0.00149	0.00563	0.00444	0.00390	0.00766
32	0.00887	0.00757	0.00914	0.00988	0.10617	0.04225	0.00660	0.01273	0.13964	0.02936	0.34561	0.04395	0.15459	0.00928	0.02315	0.00168	0.03232	0.00737	0.00441	0.00542
33	0.00585	0.00443	0.00541	0.00604	0.00681	0.00398	0.00420	0.00693	0.01007	0.01304	0.10189	0.51936	0.26744	0.01364	0.00592	0.00180	0.00262	0.01208	0.00451	0.00398
34	0.01124	0.01194	0.01516	0.46044	0.09650	0.17443	0.05019	0.01383	0.01035	0.01248	0.00832	0.01182	0.00663	0.00585	0.02782	0.00171	0.06936	0.00410	0.00224	0.00558
35	0.00647	0.00434	0.00579	0.00671	0.00715	0.00403	0.00454	0.00739	0.00948	0.04390	0.05213	0.76993	0.03128	0.01444	0.00603	0.00191	0.00281	0.01307	0.00452	0.00407
36	0.01376	0.58106	0.04691	0.04150	0.01396	0.17009	0.00893	0.05250	0.01107	0.01241	0.00716	0.00831	0.00624	0.00437	0.00350	0.00112	0.00590	0.00284	0.00226	0.00611
37	0.04921	0.04696	0.04385	0.22284	0.06968	0.08869	0.01071	0.05922	0.00989	0.01356	0.00811	0.01150	0.00690	0.00846	0.06969	0.02220	0.24656	0.00401	0.00238	0.00557
38	0.01785	0.02278	0.01354	0.01231	0.01478	0.81284	0.00924	0.01909	0.01354	0.01170	0.00739	0.00862	0.00616	0.00493	0.00431	0.00123	0.00862	0.00308	0.00246	0.00554
39	0.00893	0.00958	0.08963	0.17875	0.05313	0.02725	0.07270	0.05231	0.01031	0.01366	0.03397	0.09943	0.12727	0.10954	0.05310	0.00233	0.04343	0.00650	0.00305	0.00514
40	0.00573	0.00480	0.00494	0.00499	0.00647	0.00406	0.00369	0.00692	0.01078	0.01298	0.07169	0.08836	0.71090	0.03471	0.00619	0.00171	0.00250	0.01015	0.00442	0.00401
41	0.01329	0.24062	0.15674	0.01073	0.01457	0.21827	0.02625	0.06269	0.12529	0.01482	0.02845	0.03215	0.00908	0.00523	0.00421	0.00132	0.00607	0.00388	0.00288	0.02346
42	0.00958	0.00906	0.04037	0.34381	0.18695	0.00937	0.04002	0.01293	0.05255	0.03598	0.08526	0.01912	0.09975	0.02860	0.00551	0.00163	0.00525	0.00548	0.00300	0.00581
43	0.00589	0.00433	0.00552	0.00633	0.00688	0.00396	0.00433	0.00691	0.00982	0.01296	0.10271	0.64123	0.14344	0.01407	0.00599	0.00185	0.00267	0.01262	0.00452	0.00396

[dist]
# distance from previous block
# <min> <max>
0	1

[block]
# block no. 8 follows, 53 sequences, length 55
# corresponding to MSA columns:
# 410-464
name=unknown_I
#
# <colnr> <probs for GDERKNQSTAVLIFYWHMCP>
#	G	D	E	R	K	N	Q	S	T	A	V	L	I	F	Y	W	H	M	C	P
0	0.03242	0.09910	0.71399	0.01293	0.01961	0.01181	0.01646	0.01503	0.01000	0.01494	0.00835	0.00981	0.00604	0.00450	0.00436	0.00147	0.00679	0.00342	0.00205	0.00693
1	0.42781	0.01069	0.05956	0.00806	0.01147	0.05439	0.00697	0.01823	0.06646	0.27630	0.01171	0.01145	0.00813	0.00510	0.00387	0.00148	0.00431	0.00360	0.00397	0.00645
2	0.05174	0.02693	0.01267	0.00986	0.01337	0.01217	0.00807	0.38337	0.19192	0.21698	0.01478	0.01385	0.01032	0.00586	0.00470	0.00148	0.00457	0.00457	0.00495	0.00785
3	0.00695	0.00463	0.00521	0.00521	0.00521	0.00463	0.00290	0.00695	0.00695	0.00927	0.01506	0.03128	0.01738	0.83203	0.02433	0.00463	0.00463	0.00695	0.00290	0.00290
4	0.00736	0.00535	0.00672	0.00629	0.00762	0.00508	0.00477	0.01035	0.06989	0.03408	0.66387	0.03502	0.09390	0.00967	0.00558	0.00153	0.00245	0.02053	0.00518	0.00477
5	0.01285	0.79999	0.03827	0.00838	0.01248	0.03921	0.00837	0.01445	0.00982	0.01132	0.00670	0.00773	0.00613	0.00412	0.00312	0.00104	0.00524	0.00259	0.00205	0.00613
6	0.00657	0.00536	0.00824	0.00811	0.00914	0.00497	0.09655	0.00789	0.00969	0.01273	0.02694	0.57685	0.12586	0.02670	0.00632	0.00192	0.00347	0.05431	0.00417	0.00422
7	0.01031	0.00898	0.02633	0.00744	0.01162	0.00692	0.00608	0.03087	0.04803	0.02670	0.01841	0.01072	0.00795	0.00386	0.00369	0.00080	0.00366	0.00310	0.00303	0.76152
8	0.01315	0.01045	0.01113	0.00953	0.01204	0.07453	0.00774	0.29749	0.05927	0.04886	0.12274	0.03829	0.02995	0.00820	0.01608	0.00165	0.04737	0.13257	0.00435	0.05464
9	0.00585	0.00421	0.00555	0.00657	0.00692	0.00391	0.00441	0.00674	0.00936	0.01247	0.05411	0.77560	0.05719	0.01470	0.00607	0.00192	0.00274	0.01330	0.00447	0.00391
10	0.02548	0.01354	0.09794	0.13717	0.20730	0.06408	0.03183	0.24839	0.07959	0.03242	0.01054	0.01202	0.00792	0.00506	0.00472	0.00147	0.00584	0.00424	0.00330	0.00716
