[name]
unknown

[dist]
# distance from previous block
# <min> <max>
0	0

[block]
# block no. 0 follows, 51 sequences, length 79
# corresponding to MSA columns:
# 45-123
name=unknown_A
#
# <colnr> <probs for GDERKNQSTAVLIFYWHMCP>
#	G	D	E	R	K	N	Q	S	T	A	V	L	I	F	Y	W	H	M	C	P
0	0.00792	0.00566	0.00792	0.00905	0.01018	0.00566	0.00792	0.01018	0.01131	0.01471	0.02602	0.05543	0.02828	0.01358	0.00679	0.00226	0.00453	0.76356	0.00453	0.00453
1	0.01459	0.01003	0.01118	0.00970	0.01272	0.01102	0.00764	0.02559	0.60158	0.20813	0.01985	0.01795	0.01432	0.00653	0.00499	0.00163	0.00396	0.00541	0.00526	0.00792
2	0.02205	0.00836	0.01140	0.00874	0.01254	0.00722	0.00722	0.02395	0.01407	0.80004	0.01939	0.01673	0.01216	0.00608	0.00494	0.00152	0.00418	0.00494	0.00608	0.00836
3	0.00715	0.00476	0.00536	0.00536	0.00536	0.00476	0.00298	0.00715	0.00715	0.00953	0.01548	0.03216	0.01787	0.82729	0.02501	0.00476	0.00476	0.00715	0.00298	0.00298
4	0.00986	0.02542	0.80183	0.01401	0.02127	0.01141	0.01816	0.01556	0.01038	0.01556	0.00882	0.01038	0.00623	0.00467	0.00467	0.00156	0.00726	0.00363	0.00208	0.00726
5	0.00993	0.02501	0.77835	0.01449	0.04456	0.01142	0.01806	0.01555	0.01040	0.01558	0.00883	0.01043	0.00627	0.00466	0.00467	0.00155	0.00722	0.00365	0.00209	0.00728
6	0.00753	0.00522	0.00670	0.00731	0.00791	0.00521	0.00558	0.00872	0.00936	0.01229	0.02120	0.06013	0.02358	0.38733	0.01515	0.00341	0.00460	0.40116	0.00382	0.00380
7	0.86201	0.00950	0.00722	0.00646	0.00950	0.01102	0.00532	0.01445	0.00836	0.02205	0.00684	0.00798	0.00532	0.00456	0.00304	0.00152	0.00380	0.00266	0.00304	0.00532
8	0.00692	0.00502	0.00652	0.00615	0.00732	0.00462	0.00461	0.00921	0.01383	0.01952	0.77204	0.03702	0.06849	0.01012	0.00580	0.00155	0.00232	0.00893	0.00538	0.00462
9	0.00624	0.00465	0.00639	0.00720	0.00776	0.00433	0.02493	0.00730	0.00972	0.01282	0.02833	0.69551	0.09064	0.01476	0.00626	0.00198	0.00307	0.05952	0.00451	0.00411
10	0.03264	0.00887	0.01022	0.00735	0.01167	0.00687	0.00589	0.03028	0.01044	0.01652	0.00876	0.01017	0.00725	0.00372	0.00365	0.00077	0.00368	0.00294	0.00296	0.81534
11	0.01006	0.02516	0.78405	0.01395	0.02113	0.01150	0.01796	0.03284	0.01066	0.01591	0.00889	0.01041	0.00627	0.00470	0.00467	0.00155	0.00722	0.00365	0.00214	0.00729
12	0.00583	0.00487	0.00509	0.00526	0.00671	0.00413	0.00386	0.00702	0.01093	0.01317	0.04639	0.16333	0.68079	0.01289	0.00588	0.00171	0.00254	0.01091	0.00456	0.00413
13	0.32736	0.00912	0.01010	0.00808	0.01161	0.00912	0.00667	0.06898	0.01257	0.46774	0.01434	0.01323	0.00943	0.00552	0.00425	0.00152	0.00412	0.00408	0.00490	0.00726
14	0.01193	0.01147	0.01967	0.06606	0.69041	0.01158	0.04975	0.01519	0.03143	0.01597	0.00984	0.01320	0.00827	0.00462	0.00495	0.00150	0.00591	0.01818	0.00253	0.00756
15	0.02205	0.00836	0.01140	0.00874	0.01254	0.00722	0.00722	0.02395	0.01407	0.80004	0.01939	0.01673	0.01216	0.00608	0.00494	0.00152	0.00418	0.00494	0.00608	0.00836
16	0.00690	0.00537	0.00632	0.00613	0.00751	0.00501	0.00457	0.00963	0.07222	0.01705	0.42490	0.10444	0.28973	0.01102	0.00578	0.00163	0.00254	0.00954	0.00503	0.00466
17	0.01209	0.44018	0.35126	0.01103	0.01642	0.06658	0.01258	0.01539	0.01040	0.01327	0.00772	0.00899	0.00627	0.00445	0.00387	0.00128	0.00633	0.00308	0.00212	0.00667
18	0.01068	0.22728	0.60718	0.01260	0.01910	0.01343	0.01571	0.01535	0.01028	0.01456	0.00832	0.00975	0.00625	0.00455	0.00429	0.00143	0.00676	0.00338	0.00208	0.00702
19	0.00764	0.00538	0.00731	0.00829	0.00934	0.00523	0.00691	0.00953	0.01097	0.02919	0.02788	0.21160	0.08573	0.01372	0.00657	0.00215	0.00402	0.53952	0.00457	0.00446
20	0.03178	0.38737	0.43338	0.01131	0.01709	0.01502	0.01346	0.01515	0.01015	0.01392	0.00788	0.00920	0.00624	0.00446	0.00395	0.00133	0.00628	0.00316	0.00211	0.00679
21	0.00854	0.00427	0.00640	0.00640	0.00640	0.00427	0.00427	0.00640	0.00640	0.00854	0.00854	0.01494	0.00854	0.01707	0.01921	0.85702	0.00427	0.00427	0.00213	0.00213
22	0.01089	0.00870	0.00984	0.00930	0.01156	0.00953	0.00741	0.04962	0.43908	0.03600	0.02207	0.09938	0.03787	0.00910	0.00551	0.00180	0.00397	0.18805	0.00479	0.03554
23	0.00599	0.00428	0.00570	0.00684	0.00713	0.00399	0.00456	0.00684	0.00941	0.01254	0.02709	0.82409	0.03250	0.01540	0.00627	0.00200	0.00285	0.01397	0.00456	0.00399
24	0.01019	0.00873	0.01019	0.00728	0.01165	0.00655	0.00582	0.01237	0.01019	0.01601	0.00873	0.01019	0.00728	0.00364	0.00364	0.00073	0.00364	0.00291	0.00291	0.85734
25	0.01222	0.01056	0.01111	0.01000	0.01278	0.01222	0.00778	0.02611	0.78776	0.02056	0.02000	0.01833	0.01500	0.00667	0.00500	0.00167	0.00389	0.00556	0.00500	0.00778
26	0.01314	0.83025	0.02575	0.00841	0.01261	0.01945	0.00841	0.01472	0.00999	0.01156	0.00683	0.00788	0.00631	0.00420	0.00315	0.00105	0.00526	0.00263	0.00210	0.00631
27	0.00678	0.00502	0.00633	0.00600	0.00723	0.00456	0.00450	0.00894	0.01350	0.01873	0.68089	0.03832	0.16013	0.01041	0.00580	0.00156	0.00234	0.00911	0.00528	0.00456
28	0.01160	0.01326	0.02900	0.02071	0.02568	0.01243	0.77879	0.01574	0.01160	0.01574	0.00994	0.01326	0.00746	0.00414	0.00580	0.00166	0.00829	0.00580	0.00249	0.00663
29	0.02176	0.00882	0.01169	0.00896	0.01277	0.00790	0.00740	0.08793	0.01483	0.73499	0.01875	0.01631	0.01184	0.00607	0.00494	0.00152	0.00429	0.00490	0.00598	0.00836
30	0.00986	0.02542	0.80183	0.01401	0.02127	0.01141	0.01816	0.01556	0.01038	0.01556	0.00882	0.01038	0.00623	0.00467	0.00467	0.00156	0.00726	0.00363	0.00208	0.00726
31	0.11675	0.00870	0.01106	0.00859	0.01231	0.00797	0.00709	0.05247	0.01378	0.68211	0.01767	0.01555	0.01124	0.00590	0.00473	0.00152	0.00419	0.00466	0.00569	0.00802
32	0.00592	0.00498	0.00514	0.00510	0.00671	0.00420	0.00382	0.00727	0.01147	0.01392	0.12385	0.04624	0.72017	0.01221	0.00581	0.00165	0.00247	0.01022	0.00465	0.00420
33	0.01019	0.00873	0.01019	0.00728	0.01165	0.00655	0.00582	0.01237	0.01019	0.01601	0.00873	0.01019	0.00728	0.00364	0.00364	0.00073	0.00364	0.00291	0.00291	0.85734
34	0.00639	0.00458	0.00601	0.00703	0.00743	0.00435	0.00478	0.02851	0.00984	0.01312	0.02663	0.78120	0.03172	0.01508	0.00625	0.00199	0.00297	0.03343	0.00457	0.00413
35	0.00598	0.00499	0.00522	0.00516	0.00674	0.00422	0.00387	0.00739	0.01161	0.01425	0.16285	0.04569	0.68097	0.01208	0.00581	0.00164	0.00246	0.01015	0.00469	0.00422
36	0.00599	0.00428	0.00570	0.00684	0.00713	0.00399	0.00456	0.00684	0.00941	0.01254	0.02709	0.82409	0.03250	0.01540	0.00627	0.00200	0.00285	0.01397	0.00456	0.00399
37	0.86201	0.00950	0.00722	0.00646	0.00950	0.01102	0.00532	0.01445	0.00836	0.02205	0.00684	0.00798	0.00532	0.00456	0.00304	0.00152	0.00380	0.00266	0.00304	0.00532
38	0.86201	0.00950	0.00722	0.00646	0.00950	0.01102	0.00532	0.01445	0.00836	0.02205	0.00684	0.00798	0.00532	0.00456	0.00304	0.00152	0.00380	0.00266	0.00304	0.00532
39	0.86201	0.00950	0.00722	0.00646	0.00950	0.01102	0.00532	0.01445	0.00836	0.02205	0.00684	0.00798	0.00532	0.00456	0.00304	0.00152	0.00380	0.00266	0.00304	0.00532
40	0.01314	0.83025	0.02575	0.00841	0.01261	0.01945	0.00841	0.01472	0.00999	0.01156	0.00683	0.00788	0.00631	0.00420	0.00315	0.00105	0.00526	0.00263	0.00210	0.00631
41	0.00696	0.00502	0.00657	0.00618	0.00734	0.00464	0.00464	0.00927	0.01391	0.01971	0.79405	0.03671	0.04637	0.01005	0.00580	0.00155	0.00232	0.00889	0.00541	0.00464
42	0.00605	0.00432	0.00578	0.00692	0.00723	0.00405	0.00468	0.00696	0.00947	0.01262	0.02705	0.79791	0.03236	0.01533	0.00629	0.00200	0.00291	0.03950	0.00456	0.00401
43	0.00792	0.00566	0.00792	0.00905	0.01018	0.00566	0.00792	0.01018	0.01131	0.01471	0.02602	0.05543	0.02828	0.01358	0.00679	0.00226	0.00453	0.76356	0.00453	0.00453
44	0.02205	0.00836	0.01140	0.00874	0.01254	0.00722	0.00722	0.02395	0.01407	0.80004	0.01939	0.01673	0.01216	0.00608	0.00494	0.00152	0.00418	0.00494	0.00608	0.00836
45	0.02205	0.00836	0.01140	0.00874	0.01254	0.00722	0.00722	0.02395	0.01407	0.80004	0.01939	0.01673	0.01216	0.00608	0.00494	0.00152	0.00418	0.00494	0.00608	0.00836
46	0.00986	0.02542	0.80183	0.01401	0.02127	0.01141	0.01816	0.01556	0.01038	0.01556	0.00882	0.01038	0.00623	0.00467	0.00467	0.00156	0.00726	0.00363	0.00208	0.00726
47	0.01222	0.01056	0.01111	0.01000	0.01278	0.01222	0.00778	0.02611	0.78776	0.02056	0.02000	0.01833	0.01500	0.00667	0.00500	0.00167	0.00389	0.00556	0.00500	0.00778
48	0.86201	0.00950	0.00722	0.00646	0.00950	0.01102	0.00532	0.01445	0.00836	0.02205	0.00684	0.00798	0.00532	0.00456	0.00304	0.00152	0.00380	0.00266	0.00304	0.00532
49	0.01868	0.01376	0.01475	0.01131	0.01524	0.01524	0.00934	0.78025	0.02311	0.03097	0.01180	0.01180	0.00836	0.00590	0.00492	0.00147	0.00541	0.00442	0.00492	0.00836
50	0.86201	0.00950	0.00722	0.00646	0.00950	0.01102	0.00532	0.01445	0.00836	0.02205	0.00684	0.00798	0.00532	0.00456	0.00304	0.00152	0.00380	0.00266	0.00304	0.00532
51	0.01216	0.01168	0.01995	0.03016	0.79664	0.01168	0.01508	0.01508	0.01119	0.01605	0.00924	0.01216	0.00778	0.00438	0.00487	0.00146	0.00584	0.00438	0.00243	0.00778
52	0.01222	0.01056	0.01111	0.01000	0.01278	0.01222	0.00778	0.02611	0.78776	0.02056	0.02000	0.01833	0.01500	0.00667	0.00500	0.00167	0.00389	0.00556	0.00500	0.00778
53	0.70569	0.00929	0.00800	0.00689	0.01007	0.01032	0.00568	0.01621	0.00942	0.16683	0.00918	0.00961	0.00660	0.00484	0.00339	0.00152	0.00387	0.00309	0.00361	0.00589
54	0.02195	0.00852	0.01150	0.00882	0.01262	0.00746	0.00729	0.04631	0.01433	0.77730	0.01916	0.01658	0.01205	0.00608	0.00494	0.00152	0.00422	0.00493	0.00605	0.00836
55	0.00715	0.00476	0.00536	0.00536	0.00536	0.00476	0.00298	0.00715	0.00715	0.00953	0.01548	0.03216	0.01787	0.82729	0.02501	0.00476	0.00476	0.00715	0.00298	0.00298
56	0.00943	0.00484	0.00487	0.00477	0.00600	0.00489	0.00360	0.03350	0.01067	0.01868	0.01591	0.01813	0.01247	0.00573	0.00348	0.00115	0.00238	0.00458	0.83021	0.00469
57	0.00597	0.00435	0.00563	0.00666	0.00708	0.00401	0.00448	0.00686	0.00958	0.01262	0.02931	0.74782	0.10733	0.01511	0.00623	0.00196	0.00282	0.01362	0.00456	0.00401
58	0.01019	0.00873	0.01019	0.00728	0.01165	0.00655	0.00582	0.01237	0.01019	0.01601	0.00873	0.01019	0.00728	0.00364	0.00364	0.00073	0.00364	0.00291	0.00291	0.85734
59	0.00605	0.00499	0.00531	0.00523	0.00678	0.00425	0.00392	0.00751	0.01176	0.01461	0.20383	0.04510	0.63977	0.01195	0.00581	0.00164	0.00245	0.01006	0.00474	0.00425
60	0.00593	0.00450	0.00547	0.00624	0.00697	0.00404	0.00429	0.00691	0.00999	0.01278	0.03441	0.57331	0.27855	0.01444	0.00612	0.00189	0.00273	0.01281	0.00456	0.00404
61	0.01160	0.01326	0.02900	0.02071	0.02568	0.01243	0.77879	0.01574	0.01160	0.01574	0.00994	0.01326	0.00746	0.00414	0.00580	0.00166	0.00829	0.00580	0.00249	0.00663
62	0.00629	0.00539	0.00543	0.00535	0.00709	0.00475	0.00403	0.00847	0.06899	0.01382	0.04757	0.04514	0.73663	0.01202	0.00575	0.00166	0.00259	0.01001	0.00460	0.00442
63	0.00711	0.00519	0.00670	0.00630	0.00750	0.00486	0.00473	0.00977	0.03679	0.01973	0.77116	0.03617	0.04544	0.00995	0.00577	0.00155	0.00236	0.00879	0.00540	0.00473
64	0.00889	0.00486	0.00709	0.00689	0.00698	0.00514	0.00476	0.02424	0.00685	0.00923	0.00849	0.01462	0.00841	0.01633	0.01870	0.78812	0.05146	0.00427	0.00220	0.00246
65	0.00986	0.02542	0.80183	0.01401	0.02127	0.01141	0.01816	0.01556	0.01038	0.01556	0.00882	0.01038	0.00623	0.00467	0.00467	0.00156	0.00726	0.00363	0.00208	0.00726
66	0.01251	0.01049	0.01112	0.00996	0.01277	0.01208	0.00776	0.02605	0.76488	0.04361	0.01998	0.01829	0.01492	0.00665	0.00500	0.00166	0.00390	0.00554	0.00503	0.00780
67	0.00650	0.00445	0.00587	0.00684	0.00729	0.00413	0.00464	0.00741	0.00960	0.03514	0.02748	0.74364	0.05998	0.02947	0.00656	0.00202	0.00294	0.02732	0.00458	0.00411
68	0.01138	0.01106	0.01854	0.21919	0.53635	0.02825	0.04885	0.01435	0.01088	0.01500	0.00965	0.03676	0.00818	0.00484	0.00495	0.00152	0.00610	0.00470	0.00244	0.00701
69	0.03557	0.73678	0.02504	0.00917	0.01333	0.04569	0.05023	0.01493	0.01016	0.01208	0.00703	0.00821	0.00634	0.00424	0.00334	0.00110	0.00550	0.00282	0.00216	0.00628
70	0.00640	0.00500	0.00565	0.00600	0.00712	0.00451	0.00429	0.03173	0.01072	0.01342	0.03782	0.34027	0.42672	0.05109	0.00687	0.00194	0.00287	0.02891	0.00450	0.00418
71	0.03788	0.02015	0.51600	0.04953	0.10703	0.01132	0.09252	0.03826	0.01093	0.03280	0.00975	0.03442	0.00745	0.00497	0.00482	0.00157	0.00682	0.00428	0.00243	0.00708
72	0.01518	0.05361	0.22983	0.01339	0.06387	0.01367	0.05149	0.40342	0.04243	0.04893	0.01103	0.01170	0.00795	0.00534	0.00481	0.00149	0.00599	0.00425	0.00378	0.00782
73	0.78237	0.00938	0.00760	0.00674	0.00966	0.01085	0.00554	0.01454	0.00869	0.04816	0.02922	0.00917	0.00674	0.00490	0.00360	0.00154	0.02977	0.00296	0.00318	0.00541
74	0.02905	0.01139	0.01919	0.05419	0.73872	0.01147	0.01459	0.01481	0.01109	0.01600	0.01009	0.01290	0.02533	0.00458	0.00485	0.00147	0.00574	0.00448	0.00248	0.00758
75	0.26788	0.03566	0.01034	0.00831	0.01140	0.01049	0.00675	0.09464	0.19923	0.20293	0.06768	0.01516	0.01260	0.00595	0.00434	0.00153	0.00397	0.00455	0.02972	0.00688
76	0.17571	0.01155	0.03285	0.04582	0.06060	0.05745	0.02049	0.23421	0.07905	0.12579	0.05797	0.01455	0.01122	0.00585	0.00458	0.00151	0.00489	0.01681	0.03211	0.00696
77	0.11806	0.03914	0.01600	0.03943	0.42585	0.04197	0.01150	0.06456	0.05310	0.05599	0.01159	0.03873	0.02944	0.00542	0.00496	0.00151	0.02797	0.00462	0.00309	0.00707
78	0.14601	0.00943	0.01090	0.01057	0.09208	0.00981	0.00754	0.17616	0.10224	0.13034	0.07299	0.05740	0.09659	0.00717	0.00485	0.00155	0.00413	0.02194	0.00445	0.03386

[dist]
# distance from previous block
# <min> <max>
2	26

[block]
# block no. 1 follows, 51 sequences, length 10
# corresponding to MSA columns:
# 150-159
name=unknown_B
#
# <colnr> <probs for GDERKNQSTAVLIFYWHMCP>
#	G	D	E	R	K	N	Q	S	T	A	V	L	I	F	Y	W	H	M	C	P
0	0.00772	0.09742	0.00892	0.00792	0.00900	0.00651	0.00640	0.00924	0.01019	0.01322	0.02364	0.34072	0.02679	0.06272	0.00729	0.00218	0.00399	0.34755	0.00417	0.00443
1	0.01794	0.01391	0.01430	0.01123	0.01496	0.05599	0.00917	0.65636	0.10826	0.02882	0.01250	0.01238	0.00900	0.00594	0.00490	0.00149	0.00542	0.00449	0.00480	0.00815
2	0.00718	0.00524	0.00649	0.00668	0.00746	0.00520	0.00475	0.00927	0.06358	0.01421	0.20941	0.21352	0.06923	0.22489	0.05971	0.00295	0.00405	0.07769	0.00427	0.00423
3	0.00896	0.00745	0.00751	0.00731	0.00804	0.09551	0.00507	0.01038	0.06910	0.01183	0.06500	0.07410	0.03614	0.34162	0.07530	0.11042	0.02618	0.03284	0.00327	0.00396
4	0.01314	0.83025	0.02575	0.00841	0.01261	0.01945	0.00841	0.01472	0.00999	0.01156	0.00683	0.00788	0.00631	0.00420	0.00315	0.00105	0.00526	0.00263	0.00210	0.00631
5	0.00928	0.00873	0.01474	0.81548	0.03385	0.01092	0.01365	0.01256	0.00983	0.01256	0.00873	0.01310	0.00655	0.00491	0.00491	0.00164	0.00655	0.00437	0.00218	0.00546
6	0.56544	0.14038	0.01145	0.00771	0.01102	0.04308	0.00654	0.10832	0.03600	0.02105	0.00790	0.00880	0.00620	0.00476	0.00340	0.00144	0.00442	0.00298	0.00317	0.00594
7	0.01421	0.07118	0.01512	0.09032	0.04426	0.17581	0.05600	0.18813	0.06632	0.03161	0.01203	0.01322	0.04734	0.00564	0.00529	0.00141	0.05252	0.00432	0.00335	0.10191
8	0.02091	0.00925	0.01188	0.00908	0.01293	0.00848	0.00749	0.14501	0.01532	0.63695	0.01763	0.01561	0.01131	0.00593	0.00487	0.00147	0.00435	0.00476	0.00574	0.05102
9	0.00675	0.00480	0.00630	0.00714	0.00772	0.00461	0.00524	0.00797	0.00993	0.01313	0.06851	0.41952	0.05843	0.13356	0.00912	0.00244	0.00356	0.22287	0.00437	0.00403

[dist]
# distance from previous block
# <min> <max>
0	2

[block]
# block no. 2 follows, 51 sequences, length 11
# corresponding to MSA columns:
# 162-172
name=unknown_C
#
# <colnr> <probs for GDERKNQSTAVLIFYWHMCP>
#	G	D	E	R	K	N	Q	S	T	A	V	L	I	F	Y	W	H	M	C	P
0	0.01477	0.05374	0.01247	0.00991	0.01310	0.01226	0.00796	0.13679	0.51208	0.14420	0.01800	0.01657	0.01312	0.00633	0.00488	0.00158	0.00423	0.00514	0.00501	0.00788
1	0.01060	0.00895	0.01033	0.00762	0.01175	0.00722	0.00607	0.05216	0.05300	0.01691	0.01009	0.03657	0.00855	0.00429	0.00386	0.00086	0.00372	0.00348	0.00318	0.74079
2	0.07214	0.59007	0.06387	0.00822	0.01208	0.01632	0.00812	0.01496	0.05078	0.01377	0.00869	0.00978	0.00741	0.00456	0.00336	0.00116	0.00485	0.00306	0.10062	0.00617
3	0.81640	0.00973	0.00763	0.00672	0.00981	0.01125	0.00554	0.05586	0.00916	0.02253	0.00711	0.00819	0.00549	0.00463	0.00314	0.00152	0.00389	0.00276	0.00314	0.00549
4	0.00639	0.00473	0.00655	0.00818	0.04943	0.00447	0.00526	0.00741	0.00958	0.01282	0.02609	0.75056	0.03102	0.01474	0.00622	0.00198	0.00308	0.04286	0.00445	0.00422
5	0.00966	0.00912	0.01543	0.71174	0.13461	0.01102	0.01384	0.01289	0.01001	0.01302	0.00880	0.01298	0.00671	0.00484	0.00491	0.00161	0.00646	0.00437	0.00222	0.00577
6	0.00848	0.00470	0.00501	0.00493	0.00611	0.00456	0.00370	0.01070	0.01109	0.01824	0.17478	0.02405	0.07437	0.00707	0.00408	0.00126	0.00231	0.00585	0.62414	0.00456
7	0.01160	0.01326	0.02900	0.02071	0.02568	0.01243	0.77879	0.01574	0.01160	0.01574	0.00994	0.01326	0.00746	0.00414	0.00580	0.00166	0.00829	0.00580	0.00249	0.00663
8	0.01920	0.01328	0.01418	0.01095	0.01481	0.04502	0.00901	0.63013	0.02131	0.15257	0.01284	0.01247	0.00888	0.00590	0.00490	0.00147	0.00535	0.00446	0.00501	0.00825
9	0.00928	0.00873	0.01474	0.81548	0.03385	0.01092	0.01365	0.01256	0.00983	0.01256	0.00873	0.01310	0.00655	0.00491	0.00491	0.00164	0.00655	0.00437	0.00218	0.00546
10	0.01056	0.07886	0.71867	0.01342	0.02035	0.01179	0.01707	0.01583	0.01049	0.04604	0.00910	0.01046	0.00646	0.00469	0.00458	0.00152	0.00701	0.00362	0.00223	0.00724

[dist]
# distance from previous block
# <min> <max>
0	1

[block]
# block no. 3 follows, 51 sequences, length 13
# corresponding to MSA columns:
# 174-186
name=unknown_D
#
# <colnr> <probs for GDERKNQSTAVLIFYWHMCP>
#	G	D	E	R	K	N	Q	S	T	A	V	L	I	F	Y	W	H	M	C	P
0	0.01167	0.01135	0.01795	0.16804	0.52436	0.04338	0.03270	0.01454	0.01096	0.01525	0.00905	0.01201	0.00744	0.00442	0.00475	0.00141	0.00592	0.00421	0.00244	0.09816
1	0.04604	0.06648	0.57620	0.01346	0.01964	0.09722	0.05077	0.04708	0.01123	0.01587	0.00867	0.01017	0.00635	0.00471	0.00456	0.00150	0.00716	0.00362	0.00230	0.00698
2	0.00854	0.00427	0.00640	0.00640	0.00640	0.00427	0.00427	0.00640	0.00640	0.00854	0.00854	0.01494	0.00854	0.01707	0.01921	0.85702	0.00427	0.00427	0.00213	0.00213
3	0.01098	0.01132	0.01647	0.01362	0.01449	0.05045	0.12108	0.01250	0.00841	0.01232	0.00751	0.01193	0.00712	0.03013	0.04659	0.00234	0.61042	0.00458	0.00226	0.00547
4	0.86201	0.00950	0.00722	0.00646	0.00950	0.01102	0.00532	0.01445	0.00836	0.02205	0.00684	0.00798	0.00532	0.00456	0.00304	0.00152	0.00380	0.00266	0.00304	0.00532
5	0.11757	0.00598	0.00597	0.00558	0.00724	0.00624	0.00431	0.03862	0.05061	0.04852	0.06647	0.01796	0.01388	0.00593	0.00373	0.00127	0.00274	0.00468	0.58758	0.00511
6	0.00928	0.00873	0.01474	0.81548	0.03385	0.01092	0.01365	0.01256	0.00983	0.01256	0.00873	0.01310	0.00655	0.00491	0.00491	0.00164	0.00655	0.00437	0.00218	0.00546
7	0.04976	0.00788	0.00981	0.00785	0.01098	0.00733	0.00639	0.06413	0.03371	0.52115	0.01771	0.01654	0.01187	0.00595	0.00451	0.00143	0.00378	0.00476	0.20713	0.00734
8	0.01348	0.01403	0.01135	0.01030	0.01288	0.26277	0.00789	0.02202	0.46006	0.01708	0.01927	0.01844	0.09569	0.00678	0.00491	0.00154	0.00531	0.00532	0.00417	0.00673
9	0.01210	0.01070	0.01650	0.12721	0.46662	0.01132	0.01261	0.01747	0.18517	0.04776	0.01219	0.01403	0.00955	0.00507	0.00486	0.00152	0.00533	0.00467	0.02792	0.00741
10	0.77213	0.00938	0.00767	0.00671	0.00983	0.01062	0.00553	0.01546	0.00897	0.10530	0.00819	0.00892	0.00605	0.00472	0.00324	0.00152	0.00384	0.00291	0.00337	0.00565
11	0.00681	0.00499	0.00638	0.00609	0.00726	0.00457	0.00455	0.00897	0.01348	0.01881	0.69256	0.06704	0.11919	0.01048	0.00581	0.00157	0.00235	0.00922	0.00530	0.00457
12	0.01186	0.01163	0.01964	0.08191	0.14710	0.03006	0.28094	0.08724	0.04741	0.01647	0.01083	0.05133	0.00908	0.00583	0.00694	0.00167	0.13151	0.00536	0.03664	0.00652

[dist]
# distance from previous block
# <min> <max>
0	1

[block]
# block no. 4 follows, 51 sequences, length 91
# corresponding to MSA columns:
# 189-279
name=unknown_E
#
# <colnr> <probs for GDERKNQSTAVLIFYWHMCP>
#	G	D	E	R	K	N	Q	S	T	A	V	L	I	F	Y	W	H	M	C	P
0	0.04514	0.04675	0.04659	0.06496	0.28954	0.11102	0.01164	0.25132	0.01496	0.03375	0.00976	0.01133	0.00756	0.00498	0.00466	0.00142	0.00599	0.00405	0.00327	0.03129
1	0.76317	0.05005	0.02144	0.00790	0.05032	0.01148	0.00618	0.01451	0.00862	0.02112	0.00700	0.00823	0.00551	0.00454	0.00317	0.00150	0.00403	0.00276	0.00295	0.00553
2	0.01194	0.01117	0.01920	0.10286	0.65183	0.01131	0.04483	0.01486	0.01110	0.03542	0.00998	0.03523	0.00846	0.00477	0.00495	0.00150	0.00588	0.00472	0.00256	0.00743
3	0.00730	0.00499	0.00711	0.00711	0.00765	0.00554	0.00516	0.00804	0.00749	0.01053	0.01289	0.02133	0.01286	0.20225	0.51056	0.14745	0.00990	0.00550	0.00262	0.00371
4	0.09580	0.00602	0.00769	0.00737	0.00853	0.00669	0.00555	0.03310	0.00858	0.05469	0.01329	0.02046	0.01261	0.19546	0.49549	0.00606	0.00974	0.00535	0.00300	0.00452
5	0.00709	0.00499	0.00653	0.00653	0.00693	0.00540	0.00444	0.00790	0.00749	0.01039	0.01442	0.02624	0.01530	0.46331	0.38548	0.00621	0.00863	0.00628	0.00282	0.00363
6	0.00986	0.02542	0.80183	0.01401	0.02127	0.01141	0.01816	0.01556	0.01038	0.01556	0.00882	0.01038	0.00623	0.00467	0.00467	0.00156	0.00726	0.00363	0.00208	0.00726
7	0.02082	0.00899	0.01160	0.00902	0.01272	0.00832	0.00741	0.09694	0.07093	0.65764	0.01865	0.01639	0.01201	0.00610	0.00492	0.00152	0.00425	0.00493	0.01857	0.00826
8	0.01007	0.00864	0.00907	0.00836	0.01071	0.00948	0.00644	0.01967	0.52380	0.01817	0.04177	0.04663	0.24948	0.00866	0.00529	0.00167	0.00342	0.00725	0.00487	0.00655
9	0.00691	0.00511	0.00648	0.00608	0.00737	0.00463	0.00457	0.00911	0.01353	0.01892	0.69500	0.03722	0.12627	0.01015	0.00575	0.00154	0.00237	0.00891	0.00526	0.02483
10	0.01246	0.01106	0.01106	0.00998	0.01269	0.05419	0.00774	0.02533	0.72325	0.02004	0.01922	0.01783	0.01447	0.00655	0.00492	0.00163	0.00410	0.00540	0.03050	0.00757
11	0.01306	0.81144	0.04389	0.00854	0.01282	0.01926	0.00864	0.01473	0.00999	0.01166	0.00688	0.00794	0.00630	0.00422	0.00319	0.00106	0.00530	0.00265	0.00210	0.00633
12	0.00986	0.02542	0.80183	0.01401	0.02127	0.01141	0.01816	0.01556	0.01038	0.01556	0.00882	0.01038	0.00623	0.00467	0.00467	0.00156	0.00726	0.00363	0.00208	0.00726
13	0.86201	0.00950	0.00722	0.00646	0.00950	0.01102	0.00532	0.01445	0.00836	0.02205	0.00684	0.00798	0.00532	0.00456	0.00304	0.00152	0.00380	0.00266	0.00304	0.00532
14	0.00599	0.00428	0.00570	0.00684	0.00713	0.00399	0.00456	0.00684	0.00941	0.01254	0.02709	0.82409	0.03250	0.01540	0.00627	0.00200	0.00285	0.01397	0.00456	0.00399
15	0.00916	0.00458	0.00458	0.00458	0.00573	0.00458	0.00344	0.01145	0.01031	0.01832	0.01603	0.01832	0.01260	0.00573	0.00344	0.00115	0.00229	0.00458	0.85457	0.00458
16	0.00928	0.00873	0.01474	0.81548	0.03385	0.01092	0.01365	0.01256	0.00983	0.01256	0.00873	0.01310	0.00655	0.00491	0.00491	0.00164	0.00655	0.00437	0.00218	0.00546
17	0.00687	0.00502	0.00645	0.00609	0.00729	0.00460	0.00457	0.00910	0.01370	0.01921	0.73654	0.03753	0.10418	0.01023	0.00580	0.00155	0.00233	0.00900	0.00534	0.00460
18	0.86201	0.00950	0.00722	0.00646	0.00950	0.01102	0.00532	0.01445	0.00836	0.02205	0.00684	0.00798	0.00532	0.00456	0.00304	0.00152	0.00380	0.00266	0.00304	0.00532
19	0.00854	0.00427	0.00640	0.00640	0.00640	0.00427	0.00427	0.00640	0.00640	0.00854	0.00854	0.01494	0.00854	0.01707	0.01921	0.85702	0.00427	0.00427	0.00213	0.00213
20	0.01883	0.01353	0.01460	0.01119	0.01512	0.01489	0.00925	0.74679	0.02271	0.06500	0.01213	0.01202	0.00853	0.00591	0.00492	0.00148	0.00535	0.00445	0.00497	0.00836
21	0.01229	0.01066	0.01104	0.00999	0.01267	0.03420	0.00779	0.05365	0.68393	0.02025	0.01978	0.04514	0.01554	0.00712	0.00509	0.00168	0.00408	0.03272	0.00490	0.00750
22	0.07129	0.01240	0.07974	0.01202	0.01570	0.02744	0.16422	0.29317	0.01512	0.05295	0.01340	0.13875	0.01184	0.02592	0.00556	0.00164	0.00556	0.00600	0.00388	0.04340
23	0.03461	0.01334	0.08822	0.01831	0.05708	0.01176	0.53198	0.04920	0.01182	0.05495	0.01109	0.05492	0.00886	0.00507	0.00577	0.00165	0.02607	0.00576	0.00285	0.00669
24	0.02189	0.00862	0.01156	0.00886	0.01267	0.00760	0.00732	0.05932	0.01449	0.76407	0.01903	0.01650	0.01199	0.00607	0.00494	0.00152	0.00424	0.00492	0.00603	0.00836
25	0.01701	0.01580	0.01380	0.03223	0.03844	0.29282	0.02112	0.28883	0.09197	0.07689	0.05357	0.01316	0.01053	0.00582	0.00481	0.00143	0.00631	0.00439	0.00401	0.00705
26	0.00604	0.00433	0.00579	0.00685	0.00718	0.00407	0.00461	0.00697	0.00949	0.01271	0.04825	0.77896	0.03231	0.01586	0.02916	0.00215	0.00313	0.01358	0.00453	0.00402
27	0.01318	0.78882	0.04600	0.00866	0.01291	0.03889	0.00869	0.01486	0.01009	0.01168	0.00690	0.00797	0.00630	0.00424	0.00323	0.00107	0.00540	0.00267	0.00211	0.00632
28	0.00598	0.00430	0.00568	0.00679	0.00711	0.00400	0.00454	0.00685	0.00946	0.01256	0.02769	0.80353	0.05267	0.01532	0.00626	0.00199	0.00284	0.01388	0.00456	0.00400
29	0.86201	0.00950	0.00722	0.00646	0.00950	0.01102	0.00532	0.01445	0.00836	0.02205	0.00684	0.00798	0.00532	0.00456	0.00304	0.00152	0.00380	0.00266	0.00304	0.00532
30	0.01222	0.01056	0.01111	0.01000	0.01278	0.01222	0.00778	0.02611	0.78776	0.02056	0.02000	0.01833	0.01500	0.00667	0.00500	0.00167	0.00389	0.00556	0.00500	0.00778
31	0.01239	0.67518	0.02178	0.00769	0.01132	0.01665	0.00747	0.01410	0.01005	0.01283	0.00856	0.00984	0.00749	0.00449	0.00321	0.00107	0.00470	0.00299	0.16221	0.00598
32	0.01099	0.01035	0.01736	0.39835	0.41724	0.01142	0.01425	0.03473	0.01087	0.01482	0.00907	0.01259	0.00722	0.00467	0.00489	0.00154	0.00616	0.00437	0.00238	0.00671
33	0.00797	0.00610	0.00632	0.00628	0.00655	0.05806	0.00394	0.00824	0.00788	0.01024	0.01531	0.07308	0.01722	0.61759	0.06546	0.02760	0.01976	0.01971	0.01932	0.00337
34	0.78374	0.00990	0.00792	0.00691	0.01004	0.01142	0.00569	0.08551	0.00973	0.02288	0.00730	0.00834	0.00560	0.00469	0.00322	0.00152	0.00395	0.00282	0.00322	0.00560
35	0.00725	0.00487	0.00622	0.00622	0.00649	0.00513	0.00406	0.00756	0.00730	0.01000	0.01410	0.02661	0.01527	0.51021	0.25959	0.08947	0.00724	0.00630	0.00279	0.00332
36	0.86201	0.00950	0.00722	0.00646	0.00950	0.01102	0.00532	0.01445	0.00836	0.02205	0.00684	0.00798	0.00532	0.00456	0.00304	0.00152	0.00380	0.00266	0.00304	0.00532
37	0.00714	0.00480	0.00554	0.00554	0.00560	0.00486	0.00320	0.00726	0.00720	0.00966	0.01532	0.03124	0.01747	0.77070	0.08106	0.00499	0.00537	0.00701	0.00295	0.00308
38	0.86201	0.00950	0.00722	0.00646	0.00950	0.01102	0.00532	0.01445	0.00836	0.02205	0.00684	0.00798	0.00532	0.00456	0.00304	0.00152	0.00380	0.00266	0.00304	0.00532
39	0.86201	0.00950	0.00722	0.00646	0.00950	0.01102	0.00532	0.01445	0.00836	0.02205	0.00684	0.00798	0.00532	0.00456	0.00304	0.00152	0.00380	0.00266	0.00304	0.00532
40	0.01222	0.01056	0.01111	0.01000	0.01278	0.01222	0.00778	0.02611	0.78776	0.02056	0.02000	0.01833	0.01500	0.00667	0.00500	0.00167	0.00389	0.00556	0.00500	0.00778
41	0.86201	0.00950	0.00722	0.00646	0.00950	0.01102	0.00532	0.01445	0.00836	0.02205	0.00684	0.00798	0.00532	0.00456	0.00304	0.00152	0.00380	0.00266	0.00304	0.00532
42	0.01216	0.01168	0.01995	0.03016	0.79664	0.01168	0.01508	0.01508	0.01119	0.01605	0.00924	0.01216	0.00778	0.00438	0.00487	0.00146	0.00584	0.00438	0.00243	0.00778
43	0.01216	0.01168	0.01995	0.03016	0.79664	0.01168	0.01508	0.01508	0.01119	0.01605	0.00924	0.01216	0.00778	0.00438	0.00487	0.00146	0.00584	0.00438	0.00243	0.00778
44	0.01868	0.01376	0.01475	0.01131	0.01524	0.01524	0.00934	0.78025	0.02311	0.03097	0.01180	0.01180	0.00836	0.00590	0.00492	0.00147	0.00541	0.00442	0.00492	0.00836
45	0.01784	0.02256	0.01400	0.01268	0.01504	0.75347	0.00958	0.01909	0.01349	0.01201	0.00752	0.00899	0.00634	0.00531	0.00523	0.00133	0.06411	0.00324	0.00251	0.00568
46	0.01924	0.01662	0.01335	0.01121	0.01437	0.40490	0.02422	0.13108	0.01518	0.26527	0.01218	0.01208	0.00864	0.00550	0.00467	0.00138	0.00672	0.00400	0.02248	0.00692
47	0.01129	0.01078	0.01837	0.26837	0.56527	0.01145	0.01465	0.01432	0.01078	0.01499	0.00909	0.01245	0.00741	0.00454	0.00488	0.00151	0.00605	0.00438	0.00236	0.00708
48	0.01190	0.01418	0.05314	0.02007	0.02499	0.05413	0.71387	0.01594	0.01168	0.01554	0.00978	0.01293	0.00736	0.00421	0.00569	0.00163	0.00828	0.00559	0.00247	0.00660
49	0.00715	0.00476	0.00536	0.00536	0.00536	0.00476	0.00298	0.00715	0.00715	0.00953	0.01548	0.03216	0.01787	0.82729	0.02501	0.00476	0.00476	0.00715	0.00298	0.00298
50	0.01311	0.80380	0.02528	0.00846	0.01262	0.01921	0.00839	0.01508	0.03508	0.01185	0.00726	0.00822	0.00659	0.00428	0.00321	0.00107	0.00521	0.00272	0.00220	0.00635
51	0.01613	0.36986	0.01907	0.01046	0.01398	0.30238	0.00892	0.14523	0.02785	0.03224	0.00845	0.00927	0.00694	0.00488	0.00398	0.00122	0.00653	0.00323	0.00287	0.00650
52	0.00702	0.00527	0.00790	0.00790	0.00878	0.00614	0.00614	0.00878	0.00790	0.01141	0.01316	0.01931	0.01229	0.03686	0.80782	0.00790	0.01316	0.00527	0.00263	0.00439
53	0.86201	0.00950	0.00722	0.00646	0.00950	0.01102	0.00532	0.01445	0.00836	0.02205	0.00684	0.00798	0.00532	0.00456	0.00304	0.00152	0.00380	0.00266	0.00304	0.00532
54	0.01026	0.05066	0.73256	0.01426	0.04498	0.01178	0.01752	0.03484	0.01071	0.01584	0.00884	0.01039	0.00633	0.00468	0.00463	0.00153	0.00711	0.00364	0.00216	0.00728
55	0.01901	0.00942	0.03111	0.00885	0.01286	0.00802	0.00743	0.09999	0.01413	0.54295	0.01619	0.01474	0.01064	0.00554	0.00467	0.00136	0.00428	0.00445	0.00522	0.17913
56	0.00715	0.00476	0.00536	0.00536	0.00536	0.00476	0.00298	0.00715	0.00715	0.00953	0.01548	0.03216	0.01787	0.82729	0.02501	0.00476	0.00476	0.00715	0.00298	0.00298
57	0.86201	0.00950	0.00722	0.00646	0.00950	0.01102	0.00532	0.01445	0.00836	0.02205	0.00684	0.00798	0.00532	0.00456	0.00304	0.00152	0.00380	0.00266	0.00304	0.00532
58	0.00965	0.00831	0.01288	0.01775	0.34873	0.00828	0.01054	0.01244	0.03625	0.01529	0.02076	0.05530	0.08783	0.00934	0.00580	0.00184	0.00484	0.32454	0.00364	0.00599
59	0.01401	0.03591	0.01446	0.01209	0.01360	0.24763	0.02629	0.06918	0.01116	0.05227	0.00868	0.01169	0.00753	0.00754	0.02531	0.00185	0.38418	0.01585	0.03495	0.00582
60	0.01304	0.81065	0.02525	0.00832	0.01245	0.01909	0.00829	0.01464	0.00999	0.01172	0.00705	0.00813	0.00646	0.00424	0.00316	0.00105	0.00519	0.00267	0.02234	0.00627
61	0.00729	0.00531	0.00677	0.00635	0.00760	0.00504	0.00478	0.01023	0.05547	0.01972	0.73398	0.03528	0.04388	0.00976	0.00570	0.00154	0.00240	0.00861	0.02549	0.00480
62	0.00584	0.00498	0.00503	0.00502	0.00666	0.00416	0.00376	0.00712	0.01129	0.01348	0.07296	0.04696	0.77134	0.01237	0.00581	0.00166	0.00248	0.01033	0.00459	0.00416
63	0.70421	0.00978	0.00803	0.00715	0.01017	0.01132	0.00582	0.03470	0.13490	0.02202	0.00909	0.00975	0.00696	0.00493	0.00340	0.00154	0.00385	0.00317	0.00340	0.00579
64	0.00953	0.00469	0.00478	0.00470	0.00592	0.00466	0.00354	0.01181	0.01041	0.04065	0.01613	0.01828	0.01258	0.00574	0.00348	0.00116	0.00234	0.00459	0.83034	0.00469
65	0.00671	0.00494	0.00703	0.00743	0.00805	0.00497	0.02710	0.00782	0.00893	0.01208	0.02186	0.42662	0.04325	0.10408	0.21270	0.02652	0.00596	0.05613	0.00378	0.00405
66	0.00602	0.00433	0.00571	0.00680	0.00716	0.00403	0.00459	0.00691	0.00952	0.01262	0.02802	0.77731	0.06450	0.01524	0.00626	0.00199	0.00287	0.02756	0.00456	0.00401
67	0.01376	0.73466	0.02435	0.00891	0.01292	0.11282	0.00854	0.01530	0.01045	0.01162	0.00692	0.00800	0.00631	0.00431	0.00330	0.00108	0.00568	0.00269	0.00215	0.00623
68	0.02236	0.00448	0.00583	0.00681	0.00720	0.00422	0.00456	0.00733	0.00939	0.02805	0.02607	0.75990	0.03098	0.04893	0.00697	0.00209	0.00297	0.01330	0.00450	0.00406
69	0.05957	0.33015	0.07897	0.01130	0.02811	0.07690	0.10883	0.07837	0.08850	0.02628	0.03348	0.01277	0.02416	0.00521	0.00427	0.00136	0.00573	0.01649	0.00299	0.00656
70	0.04773	0.04965	0.01643	0.11045	0.26454	0.17065	0.04683	0.11678	0.01315	0.06465	0.01045	0.01225	0.01934	0.00503	0.00466	0.00143	0.00622	0.00419	0.02872	0.00684
71	0.54370	0.01001	0.00887	0.02568	0.02523	0.07088	0.01945	0.04418	0.00991	0.03237	0.01038	0.02960	0.00938	0.02004	0.00469	0.02441	0.00453	0.09807	0.00327	0.00534
72	0.01036	0.04290	0.64585	0.01413	0.03875	0.01168	0.05207	0.03503	0.05358	0.01604	0.00963	0.01118	0.00700	0.00554	0.02397	0.00170	0.00714	0.00389	0.00235	0.00721
73	0.00592	0.00498	0.00513	0.00510	0.00671	0.00420	0.00382	0.00727	0.01147	0.01390	0.12253	0.04626	0.72151	0.01221	0.00581	0.00165	0.00247	0.01023	0.00465	0.00420
74	0.03690	0.01221	0.03556	0.15966	0.28306	0.02784	0.01203	0.27606	0.04342	0.04960	0.01068	0.01238	0.00805	0.00516	0.00484	0.00151	0.00572	0.00437	0.00347	0.00747
75	0.00713	0.00483	0.00567	0.00567	0.00578	0.00493	0.00337	0.00735	0.00724	0.00976	0.01520	0.03058	0.01718	0.72988	0.12149	0.00515	0.00580	0.00691	0.00294	0.00315
76	0.01279	0.00958	0.01073	0.03235	0.01240	0.01059	0.00745	0.22622	0.30636	0.04817	0.01784	0.13128	0.01549	0.03305	0.00641	0.04041	0.00425	0.03339	0.03453	0.00673
77	0.01197	0.01145	0.01950	0.02944	0.77205	0.01144	0.01475	0.01483	0.01113	0.01595	0.00980	0.03745	0.00855	0.00472	0.00491	0.00148	0.00575	0.00468	0.00250	0.00767
78	0.01836	0.02342	0.01393	0.01266	0.01519	0.80756	0.00950	0.01962	0.01393	0.01203	0.00760	0.00886	0.00633	0.00506	0.00443	0.00127	0.00886	0.00317	0.00253	0.00570
79	0.80158	0.02446	0.02938	0.00683	0.01003	0.01129	0.00583	0.03475	0.00884	0.02192	0.00703	0.00815	0.00544	0.00459	0.00314	0.00151	0.00396	0.00273	0.00305	0.00547
80	0.00952	0.02305	0.03159	0.01203	0.14048	0.00779	0.06914	0.02409	0.08638	0.04262	0.36816	0.04956	0.06117	0.00807	0.00541	0.00156	0.00387	0.01962	0.03005	0.00584
81	0.04036	0.48299	0.02038	0.00976	0.01300	0.16978	0.00870	0.05716	0.01109	0.01308	0.00769	0.02144	0.00697	0.00598	0.02631	0.00144	0.09210	0.00325	0.00243	0.00609
82	0.00599	0.00428	0.00570	0.00684	0.00713	0.00399	0.00456	0.00684	0.00941	0.01254	0.02709	0.82409	0.03250	0.01540	0.00627	0.00200	0.00285	0.01397	0.00456	0.00399
83	0.86201	0.00950	0.00722	0.00646	0.00950	0.01102	0.00532	0.01445	0.00836	0.02205	0.00684	0.00798	0.00532	0.00456	0.00304	0.00152	0.00380	0.00266	0.00304	0.00532
84	0.01038	0.03134	0.04368	0.05277	0.07627	0.05411	0.02051	0.05554	0.14419	0.03077	0.31368	0.05268	0.03766	0.00762	0.00520	0.00151	0.00413	0.00658	0.00431	0.04706
85	0.02205	0.00836	0.01140	0.00874	0.01254	0.00722	0.00722	0.02395	0.01407	0.80004	0.01939	0.01673	0.01216	0.00608	0.00494	0.00152	0.00418	0.00494	0.00608	0.00836
86	0.00714	0.00479	0.00549	0.00549	0.00553	0.00483	0.00314	0.00723	0.00718	0.00962	0.01537	0.03151	0.01758	0.78743	0.06450	0.00492	0.00519	0.00705	0.00296	0.00305
87	0.01110	0.03435	0.01411	0.21368	0.12395	0.02526	0.04767	0.03077	0.31683	0.01691	0.05539	0.01706	0.02547	0.02068	0.02409	0.00179	0.00531	0.00524	0.00362	0.00669
88	0.00668	0.00477	0.00582	0.00628	0.00727	0.00427	0.00448	0.00788	0.01066	0.04371	0.10697	0.43994	0.28761	0.01350	0.00603	0.00183	0.00277	0.03053	0.00470	0.00429
89	0.01546	0.08161	0.01372	0.01061	0.01384	0.43740	0.00828	0.08593	0.01333	0.01480	0.00871	0.02963	0.00742	0.00494	0.00421	0.00114	0.00671	0.00344	0.00287	0.23597
90	0.04674	0.17370	0.09850	0.01326	0.13564	0.01187	0.04700	0.05093	0.01187	0.24129	0.01151	0.01211	0.00840	0.00510	0.00502	0.00140	0.04836	0.00401	0.00353	0.06975

[dist]
# distance from previous block
# <min> <max>
1	3

[block]
# block no. 5 follows, 51 sequences, length 30
# corresponding to MSA columns:
# 283-298,380-393
name=unknown_F
#
# <colnr> <probs for GDERKNQSTAVLIFYWHMCP>
#	G	D	E	R	K	N	Q	S	T	A	V	L	I	F	Y	W	H	M	C	P
0	0.01183	0.01136	0.03421	0.22921	0.37281	0.05367	0.01285	0.07192	0.01175	0.03145	0.01203	0.03140	0.05340	0.00556	0.00535	0.00155	0.03528	0.00485	0.00278	0.00673
1	0.03842	0.06467	0.03058	0.05669	0.10422	0.26633	0.01013	0.26346	0.06518	0.03887	0.01024	0.01115	0.00782	0.00530	0.00460	0.00141	0.00648	0.00393	0.00349	0.00703
2	0.01424	0.05349	0.22998	0.02857	0.04365	0.07379	0.19952	0.13445	0.03256	0.12529	0.01110	0.01224	0.00795	0.00498	0.00495	0.00152	0.00670	0.00446	0.00328	0.00726
3	0.07955	0.00935	0.01025	0.00884	0.01178	0.01002	0.00700	0.04088	0.42525	0.19604	0.03948	0.01946	0.07249	0.00679	0.00485	0.00158	0.00381	0.00553	0.02138	0.02568
4	0.00707	0.00486	0.00587	0.00595	0.00619	0.00497	0.00375	0.00750	0.00760	0.01023	0.01680	0.06661	0.03707	0.61418	0.15268	0.00500	0.00600	0.03125	0.00308	0.00333
5	0.00721	0.00515	0.00668	0.00662	0.00697	0.00564	0.00449	0.00795	0.00746	0.01036	0.01427	0.02633	0.01527	0.48429	0.33904	0.00594	0.03361	0.00630	0.00281	0.00362
6	0.01019	0.00873	0.01019	0.00728	0.01165	0.00655	0.00582	0.01237	0.01019	0.01601	0.00873	0.01019	0.00728	0.00364	0.00364	0.00073	0.00364	0.00291	0.00291	0.85734
7	0.02187	0.00865	0.01158	0.00888	0.01269	0.00765	0.00733	0.06396	0.01454	0.75935	0.01899	0.01647	0.01196	0.00607	0.00494	0.00152	0.00425	0.00491	0.00602	0.00836
8	0.00685	0.00500	0.00644	0.00612	0.00729	0.00458	0.00458	0.00905	0.01359	0.01905	0.72030	0.06289	0.09510	0.01038	0.00581	0.00157	0.00235	0.00915	0.00533	0.00458
9	0.00696	0.00502	0.00657	0.00618	0.00734	0.00464	0.00464	0.00927	0.01391	0.01971	0.79405	0.03671	0.04637	0.01005	0.00580	0.00155	0.00232	0.00889	0.00541	0.00464
10	0.00603	0.00435	0.00572	0.00673	0.00712	0.00403	0.00453	0.00698	0.00973	0.01297	0.07021	0.75057	0.06285	0.01499	0.00623	0.00196	0.00281	0.01355	0.00461	0.00403
11	0.01216	0.01168	0.01995	0.03016	0.79664	0.01168	0.01508	0.01508	0.01119	0.01605	0.00924	0.01216	0.00778	0.00438	0.00487	0.00146	0.00584	0.00438	0.00243	0.00778
12	0.01812	0.02297	0.01416	0.01334	0.04552	0.77667	0.00971	0.01945	0.01382	0.01218	0.00766	0.00899	0.00639	0.00504	0.00445	0.00127	0.00874	0.00321	0.00253	0.00578
13	0.02189	0.00862	0.01157	0.00887	0.01267	0.00761	0.00732	0.06029	0.01450	0.76309	0.01902	0.01649	0.01198	0.00607	0.00494	0.00152	0.00424	0.00492	0.00603	0.00836
14	0.00986	0.02542	0.80183	0.01401	0.02127	0.01141	0.01816	0.01556	0.01038	0.01556	0.00882	0.01038	0.00623	0.00467	0.00467	0.00156	0.00726	0.00363	0.00208	0.00726
15	0.00765	0.00557	0.00754	0.00852	0.00972	0.00546	0.00738	0.00978	0.01130	0.01452	0.02909	0.05438	0.12736	0.01343	0.00666	0.00218	0.00426	0.66618	0.00453	0.00448
16	0.01740	0.01098	0.03822	0.01044	0.01403	0.01071	0.05309	0.32845	0.04414	0.29352	0.03825	0.09076	0.01314	0.00686	0.00512	0.00156	0.00483	0.00572	0.00507	0.00769
17	0.00704	0.00472	0.00539	0.00550	0.00552	0.00469	0.00312	0.00712	0.00735	0.00981	0.01655	0.10514	0.01921	0.75248	0.02329	0.00451	0.00459	0.00778	0.00312	0.00307
18	0.01836	0.02342	0.01393	0.01266	0.01519	0.80756	0.00950	0.01962	0.01393	0.01203	0.00760	0.00886	0.00633	0.00506	0.00443	0.00127	0.00886	0.00317	0.00253	0.00570
19	0.00715	0.00476	0.00536	0.00536	0.00536	0.00476	0.00298	0.00715	0.00715	0.00953	0.01548	0.03216	0.01787	0.82729	0.02501	0.00476	0.00476	0.00715	0.00298	0.00298
20	0.86201	0.00950	0.00722	0.00646	0.00950	0.01102	0.00532	0.01445	0.00836	0.02205	0.00684	0.00798	0.00532	0.00456	0.00304	0.00152	0.00380	0.00266	0.00304	0.00532
21	0.01665	0.06988	0.15217	0.02910	0.12029	0.06714	0.02978	0.05840	0.01284	0.34622	0.01320	0.01322	0.00910	0.00541	0.00514	0.00149	0.03408	0.00431	0.00401	0.00756
22	0.01258	0.01296	0.06412	0.01672	0.09881	0.01255	0.31761	0.10739	0.26587	0.01909	0.01330	0.01447	0.00998	0.00522	0.00528	0.00161	0.00621	0.00529	0.00356	0.00736
23	0.01164	0.10734	0.15596	0.00969	0.03626	0.02914	0.00895	0.05550	0.01117	0.04633	0.00909	0.01032	0.00721	0.00416	0.00394	0.00102	0.00479	0.00322	0.00287	0.48138
24	0.00702	0.00471	0.00540	0.00552	0.00555	0.00468	0.00315	0.00711	0.00739	0.00985	0.01672	0.11670	0.01943	0.74062	0.02301	0.00447	0.00456	0.00787	0.00315	0.00309
25	0.01216	0.01168	0.01995	0.03016	0.79664	0.01168	0.01508	0.01508	0.01119	0.01605	0.00924	0.01216	0.00778	0.00438	0.00487	0.00146	0.00584	0.00438	0.00243	0.00778
26	0.00872	0.00776	0.01013	0.00941	0.01000	0.04681	0.00740	0.01006	0.00799	0.01138	0.01107	0.01748	0.01078	0.10700	0.44656	0.00550	0.25977	0.00506	0.00251	0.00461
27	0.01211	0.03305	0.03946	0.01188	0.11132	0.00951	0.04972	0.09918	0.05101	0.05298	0.02297	0.01202	0.00872	0.00462	0.00463	0.00114	0.03088	0.00383	0.01891	0.42205
28	0.00888	0.00742	0.00875	0.00699	0.01021	0.00578	0.00536	0.01069	0.01010	0.01501	0.01632	0.19429	0.08021	0.00701	0.00441	0.00109	0.00337	0.00601	0.00342	0.59469
29	0.06951	0.01022	0.03999	0.03123	0.11510	0.00859	0.03209	0.06507	0.01120	0.03552	0.00917	0.01073	0.00735	0.00409	0.00401	0.00103	0.00441	0.00339	0.00301	0.53430

[dist]
# distance from previous block
# <min> <max>
0	1

[block]
# block no. 6 follows, 51 sequences, length 17
# corresponding to MSA columns:
# 395-411
name=unknown_G
#
# <colnr> <probs for GDERKNQSTAVLIFYWHMCP>
#	G	D	E	R	K	N	Q	S	T	A	V	L	I	F	Y	W	H	M	C	P
