[name]
unknown

[dist]
# distance from previous block
# <min> <max>
20	640

[block]
# block no. 0 follows, 54 sequences, length 26
# corresponding to MSA columns:
# 648-663,666-675
name=unknown_A
#
# <colnr> <probs for GDERKNQSTAVLIFYWHMCP>
#	G	D	E	R	K	N	Q	S	T	A	V	L	I	F	Y	W	H	M	C	P
0	0.01109	0.04108	0.05310	0.31796	0.02221	0.03031	0.13735	0.07759	0.02788	0.04515	0.02241	0.01247	0.00773	0.00530	0.00624	0.00156	0.12239	0.00438	0.02810	0.02570
1	0.05561	0.01154	0.11526	0.21062	0.27167	0.01064	0.06900	0.03615	0.01029	0.01478	0.01071	0.01486	0.03268	0.00605	0.02434	0.00170	0.05027	0.04512	0.00250	0.00621
2	0.01298	0.02394	0.01191	0.02529	0.01278	0.10403	0.00748	0.17951	0.02274	0.04898	0.00933	0.01061	0.00740	0.00490	0.00534	0.00115	0.10202	0.00347	0.02682	0.37932
3	0.00674	0.00505	0.00758	0.00758	0.00842	0.00589	0.00589	0.00842	0.00758	0.01095	0.01263	0.01852	0.01179	0.03536	0.81561	0.00758	0.01263	0.00505	0.00253	0.00421
4	0.01296	0.04751	0.34890	0.01130	0.01606	0.08690	0.04842	0.03085	0.04289	0.18253	0.05375	0.01345	0.02403	0.00528	0.00472	0.00142	0.01781	0.00422	0.00327	0.04370
5	0.01218	0.53994	0.22484	0.00974	0.01443	0.03631	0.01052	0.05586	0.03379	0.01333	0.00769	0.00870	0.00638	0.00433	0.00357	0.00118	0.00559	0.00296	0.00225	0.00642
6	0.00634	0.00539	0.00555	0.00549	0.00717	0.00489	0.00419	0.00890	0.09634	0.01356	0.04358	0.04272	0.68057	0.01139	0.00553	0.00162	0.00263	0.04534	0.00442	0.00438
7	0.00697	0.00558	0.00743	0.00839	0.10323	0.00514	0.00542	0.00899	0.01232	0.01679	0.49939	0.03516	0.24823	0.00961	0.00546	0.00150	0.00268	0.00840	0.00462	0.00469
8	0.00895	0.00839	0.01412	0.74560	0.07766	0.01028	0.01286	0.01199	0.00949	0.01225	0.00906	0.04255	0.00727	0.00505	0.00476	0.00157	0.00611	0.00453	0.00219	0.00532
9	0.03712	0.18890	0.57061	0.01255	0.03829	0.01245	0.03159	0.01489	0.00994	0.03104	0.00826	0.00963	0.00615	0.00440	0.00417	0.00139	0.00640	0.00335	0.00212	0.00674
10	0.01763	0.02198	0.01340	0.01208	0.01458	0.77287	0.00910	0.05971	0.01383	0.01250	0.00750	0.00865	0.00618	0.00490	0.00428	0.00123	0.00833	0.00310	0.00255	0.00560
11	0.01211	0.01587	0.33994	0.01604	0.22495	0.02734	0.03025	0.02831	0.01124	0.14303	0.06150	0.01306	0.00987	0.00493	0.00462	0.00142	0.00571	0.00422	0.00300	0.04257
12	0.05924	0.28965	0.06048	0.01256	0.16497	0.01310	0.00930	0.11317	0.03577	0.13660	0.01084	0.01203	0.01936	0.03797	0.00482	0.00142	0.00495	0.00382	0.00320	0.00676
13	0.00686	0.00457	0.00514	0.00514	0.00514	0.00457	0.00286	0.00686	0.00686	0.00914	0.01486	0.03086	0.01714	0.83430	0.02400	0.00457	0.00457	0.00686	0.00286	0.00286
14	0.00883	0.01749	0.50938	0.01073	0.01570	0.00897	0.01268	0.05371	0.01121	0.01592	0.13424	0.03758	0.13053	0.00666	0.00485	0.00151	0.00539	0.00546	0.00302	0.00613
15	0.01336	0.04400	0.09548	0.01694	0.22223	0.13734	0.13151	0.04743	0.13549	0.08229	0.01110	0.01229	0.00845	0.00488	0.00483	0.00144	0.01662	0.00432	0.00308	0.00692
16	0.00674	0.00503	0.00746	0.00746	0.00827	0.00583	0.00575	0.00835	0.00754	0.01086	0.01273	0.01910	0.01204	0.07293	0.77838	0.00744	0.01225	0.00514	0.00254	0.00415
17	0.00674	0.00505	0.00758	0.00758	0.00842	0.00589	0.00589	0.00842	0.00758	0.01095	0.01263	0.01852	0.01179	0.03536	0.81561	0.00758	0.01263	0.00505	0.00253	0.00421
18	0.01163	0.01202	0.04187	0.05790	0.61178	0.04472	0.08189	0.01447	0.01063	0.01487	0.00870	0.01155	0.00723	0.00443	0.00525	0.00145	0.04596	0.00425	0.00231	0.00707
19	0.01171	0.00866	0.01057	0.01037	0.06607	0.02004	0.00762	0.05635	0.27840	0.12400	0.06652	0.12637	0.02932	0.00824	0.00618	0.00168	0.08430	0.07287	0.00439	0.00633
20	0.01064	0.01219	0.04182	0.01847	0.02291	0.01118	0.69911	0.01442	0.01112	0.01515	0.04913	0.04973	0.01002	0.00474	0.00556	0.00160	0.00742	0.00601	0.00260	0.00617
21	0.18304	0.01449	0.03381	0.05520	0.26650	0.24958	0.08723	0.03015	0.01115	0.01547	0.00802	0.01004	0.00648	0.00447	0.00428	0.00139	0.00636	0.00365	0.00251	0.00619
22	0.00587	0.00479	0.00518	0.00508	0.00655	0.00411	0.00381	0.00733	0.01144	0.01438	0.24876	0.04267	0.60095	0.01133	0.00557	0.00156	0.00234	0.00957	0.00459	0.00411
23	0.00797	0.00454	0.00496	0.00486	0.00599	0.00438	0.00364	0.01011	0.01093	0.01763	0.24092	0.02445	0.07428	0.00710	0.00409	0.00124	0.00222	0.00594	0.56036	0.00438
24	0.04353	0.02247	0.01244	0.01168	0.14802	0.00855	0.02734	0.08192	0.01142	0.10815	0.02741	0.03047	0.00897	0.00465	0.00439	0.00111	0.02571	0.00385	0.00329	0.41465
25	0.02966	0.18261	0.42799	0.01196	0.05365	0.01235	0.01293	0.05523	0.07564	0.01558	0.02198	0.01061	0.00753	0.00462	0.00416	0.00135	0.00579	0.00354	0.00251	0.06033

[dist]
# distance from previous block
# <min> <max>
0	1

[block]
# block no. 1 follows, 54 sequences, length 21
# corresponding to MSA columns:
# 677-697
name=unknown_B
#
# <colnr> <probs for GDERKNQSTAVLIFYWHMCP>
#	G	D	E	R	K	N	Q	S	T	A	V	L	I	F	Y	W	H	M	C	P
0	0.02757	0.27466	0.32780	0.01115	0.01608	0.07253	0.04495	0.04374	0.01079	0.08331	0.00873	0.00977	0.00663	0.00458	0.00431	0.00132	0.02601	0.00337	0.00251	0.02019
1	0.01009	0.07194	0.55060	0.03250	0.07900	0.01161	0.14918	0.01482	0.01018	0.01470	0.00856	0.01046	0.00630	0.00435	0.00459	0.00147	0.00690	0.00385	0.00209	0.00681
2	0.00796	0.00420	0.00611	0.00611	0.00615	0.00425	0.00405	0.00635	0.00630	0.00845	0.00920	0.01645	0.00941	0.11105	0.06279	0.71766	0.00462	0.00446	0.00217	0.00226
3	0.02941	0.39319	0.16330	0.01062	0.03300	0.09064	0.05784	0.01522	0.06198	0.01326	0.00830	0.00956	0.00686	0.00498	0.02091	0.00133	0.00585	0.00323	0.00235	0.06818
4	0.01314	0.04311	0.17265	0.01346	0.06908	0.02422	0.15831	0.14335	0.10388	0.11547	0.02602	0.01369	0.02593	0.00533	0.00514	0.00149	0.03320	0.00464	0.02091	0.00697
5	0.00693	0.00466	0.00539	0.00550	0.00561	0.00466	0.00333	0.00715	0.00726	0.00964	0.01587	0.03310	0.01815	0.75184	0.02224	0.00433	0.00455	0.08380	0.00301	0.00301
6	0.00695	0.00525	0.00645	0.00698	0.00816	0.00498	0.00556	0.04266	0.01090	0.01386	0.03226	0.22929	0.28796	0.01274	0.00600	0.00188	0.00335	0.30614	0.00438	0.00426
7	0.05603	0.01260	0.09753	0.04171	0.07869	0.09394	0.05486	0.12958	0.09287	0.22138	0.04431	0.03299	0.01088	0.00563	0.00468	0.00146	0.00526	0.00465	0.00398	0.00696
8	0.01410	0.01000	0.01191	0.01134	0.09503	0.01082	0.00815	0.17285	0.33593	0.15699	0.05156	0.01675	0.03221	0.00623	0.00504	0.00151	0.02440	0.00510	0.02275	0.00733
9	0.00648	0.00479	0.00613	0.00693	0.00781	0.00452	0.00539	0.00787	0.01003	0.01288	0.02996	0.31760	0.20097	0.04874	0.00689	0.00206	0.00336	0.30927	0.00430	0.00402
10	0.01055	0.01014	0.01751	0.34416	0.46557	0.01094	0.04595	0.01353	0.01023	0.01406	0.00870	0.01207	0.00699	0.00440	0.00472	0.00148	0.00597	0.00425	0.00224	0.00654
11	0.01137	0.12093	0.30438	0.03445	0.15987	0.01230	0.01270	0.08349	0.16319	0.01664	0.01100	0.01263	0.00856	0.00505	0.00446	0.00145	0.00562	0.02197	0.00289	0.00702
12	0.01559	0.29757	0.01705	0.01062	0.01361	0.50044	0.00866	0.01758	0.05614	0.01185	0.00771	0.00870	0.00653	0.00467	0.00387	0.00117	0.00706	0.00299	0.00242	0.00578
13	0.00574	0.00410	0.00547	0.00657	0.00684	0.00383	0.00438	0.00657	0.00903	0.01204	0.02599	0.83122	0.03119	0.01477	0.00602	0.00191	0.00274	0.01340	0.00438	0.00383
14	0.00978	0.00838	0.00978	0.00698	0.01117	0.00629	0.00559	0.01187	0.00978	0.01536	0.00838	0.00978	0.00698	0.00349	0.00349	0.00070	0.00349	0.00279	0.00279	0.86312
15	0.01289	0.00839	0.00977	0.00836	0.01088	0.00879	0.00659	0.09802	0.31142	0.19181	0.25384	0.02192	0.02220	0.00717	0.00501	0.00151	0.00349	0.00605	0.00513	0.00674
16	0.01768	0.00907	0.01104	0.00896	0.01227	0.00906	0.00724	0.06955	0.28645	0.48719	0.01837	0.01630	0.01240	0.00602	0.00476	0.00151	0.00398	0.00492	0.00541	0.00783
17	0.00686	0.00457	0.00514	0.00514	0.00514	0.00457	0.00286	0.00686	0.00686	0.00914	0.01486	0.03086	0.01714	0.83430	0.02400	0.00457	0.00457	0.00686	0.00286	0.00286
18	0.00890	0.00838	0.01414	0.82296	0.03247	0.01048	0.01309	0.01205	0.00943	0.01205	0.00838	0.01257	0.00629	0.00471	0.00471	0.00157	0.00629	0.00419	0.00210	0.00524
19	0.00577	0.00475	0.00508	0.00507	0.00651	0.00405	0.00378	0.00713	0.01111	0.01378	0.17845	0.08538	0.62942	0.01169	0.00559	0.00159	0.00238	0.00989	0.00452	0.00405
20	0.01173	0.01013	0.01066	0.00960	0.01226	0.01173	0.00746	0.02505	0.79636	0.01972	0.01919	0.01759	0.01439	0.00640	0.00480	0.00160	0.00373	0.00533	0.00480	0.00746

[dist]
# distance from previous block
# <min> <max>
1	2

[block]
# block no. 2 follows, 54 sequences, length 20
# corresponding to MSA columns:
# 700-719
name=unknown_C
#
# <colnr> <probs for GDERKNQSTAVLIFYWHMCP>
#	G	D	E	R	K	N	Q	S	T	A	V	L	I	F	Y	W	H	M	C	P
0	0.01581	0.01148	0.01232	0.00967	0.01275	0.01261	0.00777	0.63330	0.01927	0.02604	0.01205	0.01455	0.00958	0.12921	0.00752	0.00187	0.00495	0.00464	0.04756	0.00707
1	0.01133	0.05242	0.01858	0.12418	0.62064	0.01141	0.02833	0.01435	0.02815	0.01487	0.00893	0.01169	0.00739	0.00429	0.00459	0.00139	0.00561	0.00414	0.00235	0.02536
2	0.29359	0.05176	0.05785	0.00786	0.01095	0.00984	0.00685	0.11806	0.06386	0.15568	0.09771	0.01496	0.01252	0.00575	0.00408	0.00144	0.00396	0.02074	0.05639	0.00618
3	0.00923	0.02024	0.60612	0.01304	0.01891	0.01010	0.10006	0.01407	0.01058	0.01553	0.12508	0.01397	0.01175	0.00518	0.00476	0.00150	0.00638	0.00445	0.00250	0.00653
4	0.01966	0.00825	0.01084	0.00848	0.01195	0.00750	0.00695	0.04736	0.08251	0.68312	0.04887	0.01678	0.01307	0.00603	0.00478	0.00147	0.00396	0.00492	0.00568	0.00784
5	0.01188	0.09177	0.03463	0.07205	0.46658	0.02549	0.08449	0.04464	0.01090	0.03832	0.00908	0.01167	0.00745	0.00566	0.03646	0.00165	0.03374	0.00418	0.00248	0.00688
6	0.01571	0.00852	0.01229	0.07828	0.18033	0.00820	0.00874	0.01874	0.07735	0.42407	0.03711	0.04485	0.05194	0.00616	0.00483	0.00149	0.00434	0.00529	0.00457	0.00720
7	0.00613	0.00438	0.00591	0.00700	0.00744	0.00416	0.00504	0.00722	0.00940	0.01246	0.02578	0.67111	0.03035	0.01441	0.00612	0.00197	0.00307	0.16975	0.00437	0.00394
8	0.00622	0.00447	0.00589	0.00681	0.00730	0.00425	0.00479	0.02357	0.00969	0.01291	0.05723	0.68936	0.04469	0.01415	0.00601	0.00191	0.00292	0.08941	0.00441	0.00400
9	0.02568	0.12836	0.25586	0.03022	0.25980	0.07662	0.03216	0.06535	0.05423	0.01556	0.00900	0.01062	0.00707	0.00453	0.00436	0.00138	0.00608	0.00374	0.00249	0.00690
10	0.00625	0.00516	0.00562	0.00561	0.00707	0.00474	0.00418	0.00851	0.07399	0.01371	0.11152	0.12030	0.54739	0.01285	0.04988	0.00194	0.00308	0.00953	0.00439	0.00430
11	0.00607	0.00480	0.00547	0.00530	0.00667	0.00419	0.00398	0.00773	0.01193	0.01553	0.38987	0.04077	0.45912	0.01090	0.00557	0.00154	0.00231	0.00931	0.00475	0.00419
12	0.01112	0.01555	0.25995	0.06571	0.39422	0.02973	0.10130	0.03883	0.01089	0.01540	0.00883	0.01123	0.00690	0.00435	0.00471	0.00146	0.00637	0.00411	0.00230	0.00704
13	0.32476	0.08920	0.12933	0.03344	0.02623	0.01250	0.00877	0.20515	0.09487	0.02089	0.00943	0.01014	0.00708	0.00489	0.00388	0.00143	0.00476	0.00347	0.00330	0.00647
14	0.01151	0.25467	0.16682	0.01398	0.08498	0.09356	0.20466	0.01447	0.01075	0.01368	0.04961	0.01259	0.03903	0.00479	0.00442	0.00134	0.00627	0.00424	0.00242	0.00620
15	0.00660	0.00457	0.00571	0.00599	0.00623	0.00466	0.00386	0.00714	0.00758	0.01025	0.01724	0.21225	0.01963	0.48389	0.16166	0.00445	0.00559	0.02616	0.00318	0.00336
16	0.00665	0.00459	0.00516	0.00519	0.00543	0.00446	0.00307	0.00691	0.00767	0.01008	0.04965	0.06504	0.11551	0.66832	0.02030	0.00398	0.00414	0.00757	0.00320	0.00310
17	0.01296	0.01251	0.07129	0.01860	0.34265	0.04964	0.05395	0.13542	0.15992	0.05055	0.03713	0.01345	0.01003	0.00512	0.00475	0.00145	0.00538	0.00455	0.00338	0.00729
18	0.07465	0.27518	0.38345	0.01200	0.05404	0.04420	0.04129	0.01498	0.01002	0.03885	0.00806	0.00936	0.00623	0.00436	0.00396	0.00133	0.00606	0.00325	0.00224	0.00652
19	0.00745	0.00478	0.00579	0.00587	0.00699	0.00461	0.00434	0.00891	0.00965	0.05683	0.04072	0.19700	0.22991	0.03576	0.17094	0.00284	0.00465	0.00808	0.19060	0.00429

[dist]
# distance from previous block
# <min> <max>
0	18

[block]
# block no. 3 follows, 54 sequences, length 91
# corresponding to MSA columns:
# 740-830
name=unknown_D
#
# <colnr> <probs for GDERKNQSTAVLIFYWHMCP>
#	G	D	E	R	K	N	Q	S	T	A	V	L	I	F	Y	W	H	M	C	P
0	0.05286	0.07057	0.27718	0.01350	0.12736	0.03144	0.07290	0.06204	0.01113	0.04932	0.06071	0.03037	0.03680	0.03785	0.00529	0.00153	0.00557	0.00456	0.00286	0.04614
1	0.01004	0.06054	0.16367	0.02779	0.25321	0.02942	0.02179	0.01321	0.03155	0.02859	0.14930	0.01775	0.07469	0.00581	0.00465	0.00136	0.00482	0.00504	0.00307	0.09369
2	0.00900	0.05118	0.14853	0.03148	0.06803	0.00834	0.04273	0.03193	0.08912	0.01548	0.11165	0.07331	0.15650	0.00732	0.00486	0.00144	0.00428	0.02508	0.00350	0.11625
3	0.01068	0.02593	0.10637	0.13151	0.23788	0.07797	0.04181	0.01377	0.04158	0.04900	0.01650	0.01786	0.15106	0.00641	0.01862	0.00155	0.00551	0.00511	0.00291	0.03798
4	0.03719	0.00714	0.00826	0.00665	0.00971	0.00569	0.00515	0.01032	0.00972	0.01461	0.01659	0.16317	0.10759	0.00678	0.00424	0.00108	0.00325	0.02184	0.00331	0.55770
5	0.00815	0.00712	0.01068	0.03966	0.09932	0.00775	0.06638	0.00963	0.00929	0.01285	0.12495	0.10796	0.09040	0.19399	0.04320	0.00257	0.15128	0.00701	0.00320	0.00462
6	0.01221	0.00962	0.00923	0.04195	0.01095	0.12825	0.01953	0.14010	0.01252	0.04361	0.01208	0.01359	0.00935	0.00505	0.00385	0.00114	0.00417	0.00393	0.37449	0.14438
7	0.00583	0.00418	0.00555	0.00659	0.00693	0.00390	0.00447	0.00674	0.00923	0.01230	0.04737	0.77025	0.04454	0.01453	0.00601	0.00191	0.00277	0.03863	0.00440	0.00387
8	0.02410	0.00924	0.05030	0.00734	0.01163	0.00669	0.00621	0.01230	0.02387	0.01552	0.00855	0.00989	0.00703	0.00361	0.00356	0.00077	0.00367	0.00287	0.00279	0.79006
9	0.00781	0.00423	0.00586	0.00586	0.00586	0.00423	0.00374	0.00635	0.00635	0.00846	0.01010	0.01906	0.01075	0.25035	0.02002	0.61731	0.00423	0.00489	0.00228	0.00228
10	0.00674	0.00505	0.00758	0.00758	0.00842	0.00589	0.00589	0.00842	0.00758	0.01095	0.01263	0.01852	0.01179	0.03536	0.81561	0.00758	0.01263	0.00505	0.00253	0.00421
11	0.00978	0.00838	0.00978	0.00698	0.01117	0.00629	0.00559	0.01187	0.00978	0.01536	0.00838	0.00978	0.00698	0.00349	0.00349	0.00070	0.00349	0.00279	0.00279	0.86312
12	0.13153	0.28807	0.17597	0.02669	0.01498	0.21582	0.04460	0.02869	0.01067	0.01388	0.00737	0.00868	0.00600	0.00442	0.00378	0.00126	0.00626	0.00305	0.00230	0.00599
13	0.35331	0.02751	0.17173	0.06757	0.09380	0.12565	0.05530	0.02806	0.00998	0.01698	0.00765	0.00933	0.00592	0.00446	0.00390	0.00143	0.00568	0.00329	0.00253	0.00591
14	0.00607	0.00432	0.00569	0.00663	0.00700	0.00411	0.00458	0.00697	0.00902	0.01197	0.02496	0.64100	0.04338	0.09580	0.02132	0.00229	0.00325	0.09366	0.00419	0.00380
15	0.14789	0.00811	0.01023	0.00800	0.01148	0.00742	0.00660	0.02127	0.01267	0.67077	0.03588	0.01526	0.01149	0.00571	0.00449	0.00146	0.00391	0.00451	0.00538	0.00750
16	0.00802	0.00421	0.00631	0.00631	0.00641	0.00431	0.00431	0.00641	0.00631	0.00852	0.00872	0.01483	0.00862	0.01863	0.11293	0.76144	0.00511	0.00421	0.00210	0.00230
17	0.01113	0.01272	0.02782	0.01987	0.02464	0.01192	0.78776	0.01510	0.01113	0.01510	0.00954	0.01272	0.00715	0.00397	0.00556	0.00159	0.00795	0.00556	0.00238	0.00636
18	0.00596	0.00428	0.00570	0.00673	0.00714	0.00402	0.00470	0.00697	0.00938	0.01246	0.04749	0.70684	0.05133	0.01437	0.00605	0.00192	0.00288	0.09347	0.00440	0.00390
19	0.01122	0.09450	0.12092	0.08664	0.09847	0.04390	0.36117	0.02845	0.01066	0.01435	0.00866	0.01134	0.00676	0.00445	0.00551	0.00149	0.05750	0.00448	0.00230	0.02721
20	0.00577	0.00420	0.00541	0.00634	0.00676	0.00387	0.00427	0.00665	0.00927	0.01223	0.04698	0.71492	0.11226	0.02913	0.00628	0.00192	0.00272	0.01280	0.00437	0.00384
21	0.01402	0.01127	0.01196	0.01006	0.01314	0.01280	0.00802	0.30836	0.50932	0.02343	0.01627	0.01527	0.01203	0.00612	0.00477	0.00153	0.00427	0.00493	0.00477	0.00767
22	0.00901	0.00849	0.01434	0.79176	0.06283	0.01050	0.01315	0.01214	0.00948	0.01218	0.00840	0.01254	0.00633	0.00469	0.00471	0.00156	0.00626	0.00419	0.00210	0.00533
23	0.01151	0.01080	0.01753	0.06086	0.64750	0.01107	0.01330	0.02855	0.09319	0.01599	0.02373	0.01342	0.00911	0.00472	0.00473	0.00144	0.00535	0.01723	0.00270	0.00728
24	0.01295	0.69549	0.05384	0.00856	0.01247	0.05760	0.00843	0.01460	0.00992	0.04642	0.00779	0.00869	0.01784	0.00439	0.00356	0.00109	0.02520	0.00283	0.00224	0.00609
25	0.00557	0.00478	0.00478	0.00478	0.00637	0.00398	0.00358	0.00677	0.01075	0.01274	0.04776	0.04538	0.80297	0.01194	0.00557	0.00159	0.00239	0.00995	0.00438	0.00398
26	0.00890	0.00838	0.01414	0.82296	0.03247	0.01048	0.01309	0.01205	0.00943	0.01205	0.00838	0.01257	0.00629	0.00471	0.00471	0.00157	0.00629	0.00419	0.00210	0.00524
27	0.03073	0.00862	0.01389	0.73698	0.04284	0.01063	0.01258	0.02913	0.04436	0.01304	0.00888	0.01263	0.00667	0.00479	0.00467	0.00156	0.00607	0.00420	0.00229	0.00543
28	0.01643	0.01381	0.04421	0.01039	0.01380	0.11618	0.00867	0.56823	0.01919	0.02540	0.02780	0.01201	0.00885	0.00558	0.00453	0.00136	0.00533	0.00416	0.08683	0.00722
29	0.00955	0.02325	0.74225	0.03517	0.03313	0.01098	0.05121	0.01486	0.01000	0.01487	0.00851	0.01017	0.00606	0.00446	0.00454	0.00150	0.00697	0.00361	0.00202	0.00690
30	0.01717	0.00875	0.02482	0.00897	0.03647	0.00755	0.00716	0.03300	0.05992	0.50874	0.01541	0.01425	0.01035	0.00529	0.00466	0.00130	0.02001	0.00426	0.00480	0.20711
31	0.00652	0.00480	0.00662	0.00694	0.00741	0.00520	0.00496	0.00758	0.00796	0.01103	0.01761	0.31247	0.01952	0.16803	0.35823	0.00483	0.03485	0.00834	0.00323	0.00387
32	0.00749	0.00530	0.00680	0.00660	0.00723	0.00578	0.00464	0.05389	0.00815	0.01134	0.01362	0.02373	0.01402	0.39912	0.39117	0.00573	0.00832	0.00582	0.01744	0.00382
33	0.01034	0.00985	0.01674	0.41073	0.43349	0.01085	0.01381	0.01331	0.01011	0.01379	0.00863	0.01210	0.00690	0.00445	0.00469	0.00148	0.00593	0.00420	0.00222	0.00640
34	0.00574	0.00410	0.00547	0.00657	0.00684	0.00383	0.00438	0.00657	0.00903	0.01204	0.02599	0.83122	0.03119	0.01477	0.00602	0.00191	0.00274	0.01340	0.00438	0.00383
35	0.01032	0.01032	0.01444	0.01238	0.01238	0.01444	0.01032	0.01135	0.00722	0.01135	0.00619	0.01032	0.00619	0.00825	0.01547	0.00206	0.82567	0.00413	0.00206	0.00516
36	0.01733	0.02204	0.01400	0.01249	0.01502	0.77996	0.04342	0.01866	0.01326	0.01170	0.00739	0.00869	0.00612	0.00482	0.00431	0.00123	0.00848	0.00315	0.00243	0.00551
37	0.00682	0.00456	0.00515	0.00519	0.00520	0.00455	0.00291	0.00685	0.00693	0.00924	0.01523	0.05763	0.01761	0.80688	0.02340	0.00448	0.00451	0.00708	0.00291	0.00289
38	0.00574	0.00410	0.00547	0.00657	0.00684	0.00383	0.00438	0.00657	0.00903	0.01204	0.02599	0.83122	0.03119	0.01477	0.00602	0.00191	0.00274	0.01340	0.00438	0.00383
39	0.00582	0.00479	0.00512	0.00503	0.00652	0.00408	0.00378	0.00724	0.01133	0.01411	0.21595	0.04311	0.63392	0.01143	0.00557	0.00157	0.00235	0.00963	0.00456	0.00408
40	0.01626	0.00990	0.01098	0.00904	0.01199	0.07024	0.00734	0.21885	0.05840	0.31936	0.13192	0.02025	0.01657	0.00691	0.00497	0.00150	0.00441	0.06913	0.00501	0.00696
41	0.00946	0.02439	0.80987	0.01344	0.02041	0.01095	0.01742	0.01493	0.00995	0.01493	0.00846	0.00995	0.00597	0.00448	0.00448	0.00149	0.00697	0.00348	0.00199	0.00697
42	0.01199	0.01067	0.01078	0.00971	0.01236	0.04714	0.00754	0.02478	0.76186	0.01936	0.01867	0.01719	0.01403	0.00633	0.00477	0.00158	0.00394	0.00523	0.00469	0.00738
43	0.08806	0.09401	0.19732	0.01099	0.03889	0.16344	0.01017	0.09051	0.06132	0.18485	0.01100	0.01121	0.00790	0.00501	0.00427	0.00138	0.00575	0.00370	0.00341	0.00681
44	0.03358	0.01158	0.01192	0.00971	0.01263	0.11645	0.00785	0.24813	0.07906	0.26320	0.01344	0.01323	0.00950	0.00586	0.00546	0.00145	0.07616	0.00430	0.06943	0.00706
45	0.86760	0.00912	0.00693	0.00620	0.00912	0.01058	0.00511	0.01386	0.00802	0.02115	0.00657	0.00766	0.00511	0.00438	0.00292	0.00146	0.00365	0.00255	0.00292	0.00511
46	0.16141	0.01356	0.01164	0.00995	0.01270	0.21982	0.00789	0.22859	0.12505	0.05325	0.01075	0.01150	0.00825	0.00749	0.06022	0.00185	0.04219	0.00387	0.00361	0.00639
47	0.00575	0.00476	0.00504	0.00502	0.00649	0.00405	0.00374	0.00709	0.01109	0.01367	0.16439	0.07008	0.65920	0.01168	0.00559	0.00159	0.00237	0.00985	0.00450	0.00405
48	0.01791	0.01351	0.01412	0.01089	0.01462	0.04054	0.00897	0.76423	0.02188	0.02913	0.01119	0.01123	0.00796	0.00563	0.00470	0.00141	0.00530	0.00421	0.00464	0.00794
49	0.00890	0.00838	0.01414	0.82296	0.03247	0.01048	0.01309	0.01205	0.00943	0.01205	0.00838	0.01257	0.00629	0.00471	0.00471	0.00157	0.00629	0.00419	0.00210	0.00524
50	0.01113	0.01272	0.02782	0.01987	0.02464	0.01192	0.78776	0.01510	0.01113	0.01510	0.00954	0.01272	0.00715	0.00397	0.00556	0.00159	0.00795	0.00556	0.00238	0.00636
51	0.00946	0.02439	0.80987	0.01344	0.02041	0.01095	0.01742	0.01493	0.00995	0.01493	0.00846	0.00995	0.00597	0.00448	0.00448	0.00149	0.00697	0.00348	0.00199	0.00697
52	0.03981	0.00756	0.00987	0.00820	0.01079	0.00735	0.04030	0.01781	0.16993	0.31359	0.29375	0.02270	0.02336	0.00716	0.00502	0.00150	0.00349	0.00616	0.00516	0.00649
53	0.00667	0.00482	0.00630	0.00593	0.00704	0.00445	0.00445	0.00890	0.01335	0.01891	0.80239	0.03522	0.04449	0.00964	0.00556	0.00148	0.00222	0.00853	0.00519	0.00445
54	0.01792	0.01321	0.01415	0.01085	0.01462	0.01462	0.00896	0.78916	0.02217	0.02972	0.01132	0.01132	0.00802	0.00566	0.00472	0.00142	0.00519	0.00425	0.00472	0.00802
55	0.00760	0.00543	0.00760	0.00868	0.00977	0.00543	0.00760	0.00977	0.01085	0.01411	0.02496	0.05319	0.02714	0.01303	0.00651	0.00217	0.00434	0.77315	0.00434	0.00434
56	0.00580	0.00476	0.00511	0.00508	0.00652	0.00407	0.00379	0.00718	0.01120	0.01394	0.19782	0.07423	0.62096	0.01159	0.00559	0.00158	0.00237	0.00980	0.00454	0.00407
57	0.00978	0.00838	0.00978	0.00698	0.01117	0.00629	0.00559	0.01187	0.00978	0.01536	0.00838	0.00978	0.00698	0.00349	0.00349	0.00070	0.00349	0.00279	0.00279	0.86312
58	0.00978	0.00838	0.00978	0.00698	0.01117	0.00629	0.00559	0.01187	0.00978	0.01536	0.00838	0.00978	0.00698	0.00349	0.00349	0.00070	0.00349	0.00279	0.00279	0.86312
59	0.00587	0.00429	0.00552	0.00627	0.00682	0.00394	0.00430	0.00695	0.00989	0.01318	0.14912	0.62116	0.11798	0.01366	0.00590	0.00181	0.00262	0.01227	0.00450	0.00394
60	0.00736	0.00487	0.00642	0.00620	0.00730	0.00448	0.00458	0.00929	0.01253	0.06453	0.60732	0.18628	0.03999	0.01039	0.00560	0.00156	0.00243	0.00923	0.00507	0.00454
61	0.00574	0.00410	0.00547	0.00657	0.00684	0.00383	0.00438	0.00657	0.00903	0.01204	0.02599	0.83122	0.03119	0.01477	0.00602	0.00191	0.00274	0.01340	0.00438	0.00383
62	0.07243	0.70104	0.03673	0.00895	0.02732	0.01747	0.04040	0.02806	0.00979	0.01244	0.00684	0.00797	0.00609	0.00410	0.00321	0.00109	0.00511	0.00273	0.00215	0.00607
63	0.00660	0.00480	0.00621	0.00589	0.00701	0.00441	0.00440	0.00874	0.01313	0.01845	0.74797	0.05193	0.08305	0.00986	0.00557	0.00150	0.00224	0.00870	0.00513	0.00441
64	0.01109	0.01368	0.15301	0.04782	0.46688	0.01131	0.19739	0.01462	0.01066	0.01515	0.00894	0.01166	0.00711	0.00421	0.00485	0.00147	0.00640	0.00440	0.00228	0.00706
65	0.01136	0.00935	0.01062	0.00781	0.01186	0.00806	0.00629	0.15571	0.04672	0.01820	0.00940	0.01041	0.00750	0.00402	0.00378	0.00087	0.00382	0.00317	0.00324	0.66782
66	0.01166	0.02171	0.01348	0.01130	0.01237	0.03948	0.02243	0.11174	0.10298	0.02577	0.00892	0.01178	0.00773	0.00852	0.02582	0.06850	0.48311	0.00427	0.00280	0.00562
67	0.01064	0.12900	0.01592	0.01176	0.01234	0.01505	0.00999	0.01175	0.00756	0.01131	0.00624	0.00992	0.00617	0.00765	0.01369	0.00191	0.70787	0.00390	0.00206	0.00529
68	0.01167	0.01116	0.01881	0.02818	0.77374	0.01122	0.01420	0.01489	0.04161	0.01557	0.00927	0.01190	0.00774	0.00429	0.00467	0.00141	0.00553	0.00425	0.00243	0.00747
69	0.00661	0.00480	0.00607	0.00575	0.00692	0.00439	0.00431	0.00871	0.01294	0.01815	0.69049	0.03586	0.13160	0.00978	0.00549	0.00148	0.00224	0.00857	0.03144	0.00439
70	0.00574	0.00410	0.00547	0.00657	0.00684	0.00383	0.00438	0.00657	0.00903	0.01204	0.02599	0.83122	0.03119	0.01477	0.00602	0.00191	0.00274	0.01340	0.00438	0.00383
71	0.01261	0.83713	0.02471	0.00807	0.01210	0.01866	0.00807	0.01412	0.00958	0.01109	0.00656	0.00756	0.00605	0.00403	0.00303	0.00101	0.00504	0.00252	0.00202	0.00605
72	0.00754	0.00539	0.00753	0.00862	0.00968	0.00538	0.00750	0.00967	0.01080	0.01405	0.02500	0.07715	0.02726	0.01308	0.00650	0.00216	0.00429	0.74974	0.00434	0.00433
73	0.00879	0.00439	0.00439	0.00439	0.00549	0.00439	0.00330	0.01099	0.00989	0.01758	0.01538	0.01758	0.01209	0.00549	0.00330	0.00110	0.00220	0.00439	0.86047	0.00439
74	0.02115	0.00802	0.01094	0.00839	0.01204	0.00693	0.00693	0.02298	0.01350	0.80815	0.01860	0.01605	0.01167	0.00584	0.00474	0.00146	0.00401	0.00474	0.00584	0.00802
75	0.02105	0.00819	0.01105	0.00847	0.01212	0.00718	0.00700	0.04778	0.01378	0.78295	0.01837	0.01590	0.01155	0.00583	0.00474	0.00146	0.00405	0.00473	0.00580	0.00802
76	0.00978	0.00838	0.00978	0.00698	0.01117	0.00629	0.00559	0.01187	0.00978	0.01536	0.00838	0.00978	0.00698	0.00349	0.00349	0.00070	0.00349	0.00279	0.00279	0.86312
77	0.86760	0.00912	0.00693	0.00620	0.00912	0.01058	0.00511	0.01386	0.00802	0.02115	0.00657	0.00766	0.00511	0.00438	0.00292	0.00146	0.00365	0.00255	0.00292	0.00511
78	0.01792	0.01321	0.01415	0.01085	0.01462	0.01462	0.00896	0.78916	0.02217	0.02972	0.01132	0.01132	0.00802	0.00566	0.00472	0.00142	0.00519	0.00425	0.00472	0.00802
79	0.01167	0.01120	0.01914	0.02894	0.80488	0.01120	0.01447	0.01447	0.01074	0.01540	0.00887	0.01167	0.00747	0.00420	0.00467	0.00140	0.00560	0.00420	0.00233	0.00747
80	0.01173	0.01013	0.01066	0.00960	0.01226	0.01173	0.00746	0.02505	0.79636	0.01972	0.01919	0.01759	0.01439	0.00640	0.00480	0.00160	0.00373	0.00533	0.00480	0.00746
81	0.02076	0.00801	0.01086	0.00837	0.01196	0.00697	0.00690	0.02279	0.02690	0.78182	0.03135	0.01639	0.01225	0.00591	0.00476	0.00146	0.00398	0.00481	0.00581	0.00796
82	0.01113	0.01272	0.02782	0.01987	0.02464	0.01192	0.78776	0.01510	0.01113	0.01510	0.00954	0.01272	0.00715	0.00397	0.00556	0.00159	0.00795	0.00556	0.00238	0.00636
83	0.00573	0.00418	0.00540	0.00637	0.00679	0.00385	0.00429	0.00659	0.00921	0.01211	0.02835	0.74609	0.11479	0.01447	0.00597	0.00188	0.00270	0.01303	0.00438	0.00385
84	0.00560	0.00468	0.00487	0.00503	0.00644	0.00396	0.00369	0.00674	0.01050	0.01264	0.04468	0.15663	0.69370	0.01234	0.00564	0.00164	0.00244	0.01044	0.00438	0.00396
85	0.00946	0.02439	0.80987	0.01344	0.02041	0.01095	0.01742	0.01493	0.00995	0.01493	0.00846	0.00995	0.00597	0.00448	0.00448	0.00149	0.00697	0.00348	0.00199	0.00697
86	0.01031	0.00591	0.00791	0.00788	0.00925	0.00578	0.00634	0.02715	0.01060	0.17915	0.02114	0.13874	0.02157	0.13994	0.03513	0.00252	0.02110	0.34034	0.00433	0.00490
87	0.00571	0.00432	0.00528	0.00603	0.00670	0.00389	0.00414	0.00667	0.00961	0.01237	0.04666	0.58438	0.25952	0.01384	0.00588	0.00181	0.00262	0.01229	0.00439	0.00389
88	0.01025	0.01025	0.01463	0.01246	0.01261	0.01416	0.03128	0.01138	0.00734	0.01144	0.00644	0.01059	0.00636	0.00881	0.03521	0.00219	0.78317	0.00419	0.00208	0.00517
89	0.05278	0.00968	0.01232	0.00990	0.03858	0.00938	0.02807	0.22591	0.01537	0.50902	0.01545	0.01412	0.01010	0.00559	0.00466	0.00143	0.00446	0.00449	0.00516	0.02352
90	0.11024	0.32242	0.19231	0.01007	0.02769	0.10930	0.00996	0.05860	0.01106	0.09624	0.00861	0.00936	0.00664	0.00455	0.00378	0.00127	0.00563	0.00315	0.00271	0.00641

[dist]
# distance from previous block
# <min> <max>
1	5

[block]
# block no. 4 follows, 54 sequences, length 48
# corresponding to MSA columns:
# 836-840,847-889
name=unknown_E
#
# <colnr> <probs for GDERKNQSTAVLIFYWHMCP>
#	G	D	E	R	K	N	Q	S	T	A	V	L	I	F	Y	W	H	M	C	P
0	0.05822	0.00983	0.01232	0.07052	0.18790	0.04083	0.00866	0.10143	0.07047	0.10422	0.03711	0.01527	0.07297	0.00541	0.00444	0.00130	0.00450	0.00451	0.00353	0.18656
1	0.00691	0.00557	0.00672	0.00656	0.00794	0.00524	0.00501	0.00853	0.02453	0.01368	0.11528	0.19661	0.28885	0.03739	0.00671	0.00173	0.05297	0.10085	0.00410	0.10482
2	0.00978	0.00838	0.00978	0.00698	0.01117	0.00629	0.00559	0.01187	0.00978	0.01536	0.00838	0.00978	0.00698	0.00349	0.00349	0.00070	0.00349	0.00279	0.00279	0.86312
3	0.03342	0.06690	0.26106	0.01215	0.08150	0.01174	0.01119	0.17409	0.15797	0.01884	0.01089	0.01156	0.00819	0.00489	0.00435	0.00136	0.00524	0.00387	0.00322	0.11758
4	0.86760	0.00912	0.00693	0.00620	0.00912	0.01058	0.00511	0.01386	0.00802	0.02115	0.00657	0.00766	0.00511	0.00438	0.00292	0.00146	0.00365	0.00255	0.00292	0.00511
5	0.00671	0.00461	0.00553	0.00563	0.00582	0.00469	0.00347	0.00707	0.00725	0.00976	0.01632	0.09974	0.03719	0.62051	0.14202	0.00472	0.00558	0.00724	0.00298	0.00318
6	0.00657	0.00480	0.00617	0.00586	0.00699	0.00440	0.00438	0.00870	0.01307	0.01832	0.73183	0.05216	0.09927	0.00991	0.00557	0.00150	0.00225	0.00873	0.00511	0.00440
7	0.00625	0.00487	0.00568	0.00599	0.00728	0.00437	0.00470	0.00778	0.01090	0.01380	0.12703	0.11774	0.44680	0.01208	0.00579	0.00174	0.00286	0.19041	0.01983	0.00411
8	0.02115	0.00802	0.01094	0.00839	0.01204	0.00693	0.00693	0.02298	0.01350	0.80815	0.01860	0.01605	0.01167	0.00584	0.00474	0.00146	0.00401	0.00474	0.00584	0.00802
9	0.01761	0.02247	0.01336	0.01215	0.01458	0.81537	0.00911	0.01883	0.01336	0.01154	0.00729	0.00850	0.00607	0.00486	0.00425	0.00121	0.00850	0.00304	0.00243	0.00547
10	0.01261	0.83713	0.02471	0.00807	0.01210	0.01866	0.00807	0.01412	0.00958	0.01109	0.00656	0.00756	0.00605	0.00403	0.00303	0.00101	0.00504	0.00252	0.00202	0.00605
11	0.00637	0.00469	0.00597	0.00600	0.00701	0.00429	0.00443	0.00816	0.01202	0.01649	0.51324	0.19964	0.14489	0.01112	0.00569	0.00161	0.00243	0.03681	0.00488	0.00425
12	0.01265	0.77389	0.02389	0.00839	0.01219	0.04251	0.00820	0.01413	0.00958	0.01112	0.00656	0.00772	0.00606	0.00426	0.00364	0.00106	0.04351	0.00261	0.00203	0.00599
13	0.01761	0.02247	0.01336	0.01215	0.01458	0.81537	0.00911	0.01883	0.01336	0.01154	0.00729	0.00850	0.00607	0.00486	0.00425	0.00121	0.00850	0.00304	0.00243	0.00547
14	0.01647	0.01761	0.01417	0.01446	0.14823	0.46796	0.00984	0.15711	0.01442	0.05281	0.00944	0.01148	0.00767	0.00523	0.00451	0.00133	0.00706	0.03082	0.00305	0.00635
15	0.00890	0.00838	0.01414	0.82296	0.03247	0.01048	0.01309	0.01205	0.00943	0.01205	0.00838	0.01257	0.00629	0.00471	0.00471	0.00157	0.00629	0.00419	0.00210	0.00524
16	0.00879	0.00439	0.00439	0.00439	0.00549	0.00439	0.00330	0.01099	0.00989	0.01758	0.01538	0.01758	0.01209	0.00549	0.00330	0.00110	0.00220	0.00439	0.86047	0.00439
17	0.00674	0.00505	0.00758	0.00758	0.00842	0.00589	0.00589	0.00842	0.00758	0.01095	0.01263	0.01852	0.01179	0.03536	0.81561	0.00758	0.01263	0.00505	0.00253	0.00421
18	0.00769	0.00556	0.00786	0.00915	0.02809	0.00556	0.00776	0.00988	0.01085	0.01414	0.02459	0.05223	0.02668	0.01282	0.00647	0.00215	0.00437	0.75542	0.00430	0.00441
19	0.00574	0.00410	0.00547	0.00657	0.00684	0.00383	0.00438	0.00657	0.00903	0.01204	0.02599	0.83122	0.03119	0.01477	0.00602	0.00191	0.00274	0.01340	0.00438	0.00383
20	0.00667	0.00482	0.00630	0.00593	0.00704	0.00445	0.00445	0.00890	0.01335	0.01891	0.80239	0.03522	0.04449	0.00964	0.00556	0.00148	0.00222	0.00853	0.00519	0.00445
21	0.01032	0.01032	0.01444	0.01238	0.01238	0.01444	0.01032	0.01135	0.00722	0.01135	0.00619	0.01032	0.00619	0.00825	0.01547	0.00206	0.82567	0.00413	0.00206	0.00516
22	0.01113	0.01272	0.02782	0.01987	0.02464	0.01192	0.78776	0.01510	0.01113	0.01510	0.00954	0.01272	0.00715	0.00397	0.00556	0.00159	0.00795	0.00556	0.00238	0.00636
23	0.02050	0.00806	0.01086	0.00841	0.01194	0.00708	0.00691	0.04865	0.01363	0.75326	0.01861	0.04477	0.01224	0.00615	0.00479	0.00147	0.00401	0.00503	0.00575	0.00788
24	0.01167	0.01120	0.01914	0.02894	0.80488	0.01120	0.01447	0.01447	0.01074	0.01540	0.00887	0.01167	0.00747	0.00420	0.00467	0.00140	0.00560	0.00420	0.00233	0.00747
25	0.00890	0.00838	0.01414	0.82296	0.03247	0.01048	0.01309	0.01205	0.00943	0.01205	0.00838	0.01257	0.00629	0.00471	0.00471	0.00157	0.00629	0.00419	0.00210	0.00524
26	0.00574	0.00410	0.00547	0.00657	0.00684	0.00383	0.00438	0.00657	0.00903	0.01204	0.02599	0.83122	0.03119	0.01477	0.00602	0.00191	0.00274	0.01340	0.00438	0.00383
27	0.01776	0.02094	0.01338	0.01188	0.01450	0.69614	0.00903	0.10976	0.01440	0.03815	0.00811	0.00907	0.00647	0.00498	0.00432	0.00125	0.00797	0.00323	0.00280	0.00585
28	0.01792	0.01321	0.01415	0.01085	0.01462	0.01462	0.00896	0.78916	0.02217	0.02972	0.01132	0.01132	0.00802	0.00566	0.00472	0.00142	0.00519	0.00425	0.00472	0.00802
29	0.01085	0.00835	0.00989	0.00712	0.01126	0.00635	0.00571	0.01292	0.01013	0.09010	0.00934	0.01037	0.00743	0.00371	0.00361	0.00077	0.00354	0.00298	0.00308	0.78251
30	0.01175	0.01032	0.00784	0.00722	0.00893	0.23997	0.00548	0.07038	0.01204	0.01658	0.06051	0.01681	0.04861	0.00586	0.00392	0.00120	0.00425	0.00449	0.45886	0.00496
31	0.00661	0.00481	0.00551	0.00546	0.00668	0.00434	0.00401	0.00801	0.01073	0.03258	0.20896	0.08656	0.38816	0.09844	0.03517	0.00209	0.00304	0.03195	0.05278	0.00410
32	0.00783	0.00483	0.00634	0.00656	0.00756	0.00441	0.00474	0.00918	0.01081	0.10733	0.22011	0.45762	0.08715	0.01219	0.00574	0.00174	0.00278	0.03386	0.00475	0.00450
33	0.00591	0.00479	0.00525	0.00513	0.00658	0.00412	0.00385	0.00742	0.01155	0.01464	0.28014	0.04225	0.56941	0.01123	0.00557	0.00156	0.00234	0.00951	0.00463	0.00412
34	0.01041	0.00886	0.00947	0.00860	0.01095	0.00994	0.00666	0.02098	0.60919	0.01891	0.13032	0.02282	0.09779	0.00740	0.00498	0.00158	0.00339	0.00624	0.00481	0.00670
35	0.01761	0.02247	0.01336	0.01215	0.01458	0.81537	0.00911	0.01883	0.01336	0.01154	0.00729	0.00850	0.00607	0.00486	0.00425	0.00121	0.00850	0.00304	0.00243	0.00547
36	0.02859	0.00987	0.01381	0.01177	0.01218	0.01333	0.02361	0.01204	0.00776	0.05688	0.00743	0.01108	0.00684	0.00854	0.03395	0.00211	0.69900	0.00419	0.03173	0.00529
37	0.01261	0.83713	0.02471	0.00807	0.01210	0.01866	0.00807	0.01412	0.00958	0.01109	0.00656	0.00756	0.00605	0.00403	0.00303	0.00101	0.00504	0.00252	0.00202	0.00605
38	0.01905	0.01140	0.01303	0.00999	0.01372	0.01194	0.00825	0.52242	0.01915	0.30072	0.01386	0.01297	0.00929	0.00572	0.00473	0.00143	0.00478	0.00442	0.00511	0.00802
39	0.01875	0.01128	0.01288	0.00994	0.01362	0.01183	0.00819	0.48919	0.05537	0.29773	0.01420	0.01324	0.00958	0.00576	0.00473	0.00144	0.00471	0.00447	0.00511	0.00799
40	0.00796	0.00628	0.00775	0.03482	0.00917	0.02658	0.03280	0.05243	0.02844	0.03035	0.36019	0.06268	0.19065	0.07864	0.02124	0.00191	0.00346	0.03561	0.00442	0.00463
41	0.00683	0.00481	0.00637	0.00720	0.00778	0.00474	0.00549	0.00807	0.00932	0.01229	0.02282	0.29617	0.02592	0.19582	0.02568	0.00272	0.00404	0.34609	0.00399	0.00385
42	0.00978	0.00838	0.00978	0.00698	0.01117	0.00629	0.00559	0.01187	0.00978	0.01536	0.00838	0.00978	0.00698	0.00349	0.00349	0.00070	0.00349	0.00279	0.00279	0.86312
43	0.01683	0.03524	0.01324	0.03168	0.01451	0.61061	0.00886	0.10728	0.02774	0.03888	0.04549	0.01055	0.00842	0.00521	0.00438	0.00127	0.00748	0.00354	0.00295	0.00583
44	0.00649	0.00454	0.00567	0.00626	0.00662	0.00439	0.00426	0.00725	0.00863	0.01142	0.04043	0.34779	0.05336	0.33546	0.01312	0.00297	0.00368	0.13032	0.00379	0.00355
45	0.01019	0.02281	0.03659	0.03533	0.07131	0.06845	0.06383	0.04062	0.20518	0.02880	0.06874	0.10649	0.07232	0.03933	0.05805	0.00209	0.00513	0.05521	0.00377	0.00576
46	0.03770	0.00671	0.02458	0.02101	0.03549	0.00633	0.05745	0.01132	0.08101	0.05355	0.22694	0.09951	0.16822	0.05200	0.04200	0.00199	0.00386	0.03251	0.03286	0.00496
47	0.01313	0.07026	0.01311	0.01151	0.09098	0.03974	0.00838	0.14275	0.44886	0.04257	0.01502	0.01453	0.01135	0.00567	0.00456	0.00144	0.00440	0.00462	0.00418	0.05295

[dist]
# distance from previous block
# <min> <max>
1	7

[block]
# block no. 5 follows, 54 sequences, length 42
# corresponding to MSA columns:
# 897-938
name=unknown_F
#
# <colnr> <probs for GDERKNQSTAVLIFYWHMCP>
#	G	D	E	R	K	N	Q	S	T	A	V	L	I	F	Y	W	H	M	C	P
0	0.01081	0.03208	0.06778	0.05384	0.26532	0.01049	0.06487	0.01615	0.20032	0.03284	0.04095	0.04825	0.01245	0.00610	0.00530	0.00154	0.03693	0.05501	0.00328	0.03571
1	0.11482	0.09196	0.17324	0.01355	0.14501	0.04100	0.05732	0.14479	0.02717	0.06393	0.07412	0.01263	0.01017	0.00510	0.00439	0.00141	0.00536	0.00415	0.00319	0.00669
2	0.00837	0.00793	0.03269	0.02029	0.02280	0.00698	0.11867	0.01158	0.07878	0.01532	0.14905	0.02665	0.23003	0.00819	0.02011	0.00152	0.01545	0.03810	0.00373	0.18375
3	0.00605	0.00433	0.00578	0.00663	0.00711	0.00406	0.00465	0.00721	0.00989	0.01334	0.15436	0.63617	0.03306	0.01378	0.00598	0.00186	0.00278	0.07446	0.00451	0.00397
4	0.01145	0.01118	0.01972	0.04279	0.68955	0.01115	0.09695	0.01436	0.01069	0.01521	0.00901	0.01195	0.00750	0.00485	0.02211	0.00156	0.00602	0.00436	0.00234	0.00724
5	0.00682	0.00462	0.00546	0.00548	0.00559	0.00472	0.00327	0.00705	0.00700	0.00944	0.01483	0.04777	0.01679	0.71478	0.12326	0.00489	0.00554	0.00678	0.00285	0.00305
6	0.01275	0.81374	0.02438	0.00818	0.01217	0.04153	0.00810	0.01425	0.00969	0.01111	0.00658	0.00759	0.00605	0.00406	0.00306	0.00101	0.00514	0.00254	0.00203	0.00603
7	0.00998	0.00917	0.01492	0.64077	0.15200	0.01089	0.01301	0.06794	0.01054	0.01383	0.00867	0.01234	0.00659	0.00470	0.00471	0.00153	0.00610	0.00420	0.00232	0.00579
8	0.00572	0.00478	0.00499	0.00494	0.00646	0.00404	0.00370	0.00706	0.01110	0.01359	0.15150	0.04398	0.69871	0.01162	0.00557	0.00158	0.00237	0.00976	0.00449	0.00404
9	0.00574	0.00410	0.00547	0.00657	0.00684	0.00383	0.00438	0.00657	0.00903	0.01204	0.02599	0.83122	0.03119	0.01477	0.00602	0.00191	0.00274	0.01340	0.00438	0.00383
10	0.01327	0.00571	0.00677	0.00584	0.00786	0.00531	0.00461	0.01533	0.01119	0.30388	0.01655	0.01702	0.01194	0.00562	0.00382	0.00123	0.00285	0.00452	0.55097	0.00571
11	0.01261	0.83713	0.02471	0.00807	0.01210	0.01866	0.00807	0.01412	0.00958	0.01109	0.00656	0.00756	0.00605	0.00403	0.00303	0.00101	0.00504	0.00252	0.00202	0.00605
12	0.00706	0.00488	0.00634	0.00594	0.00704	0.00452	0.00440	0.00912	0.01289	0.03862	0.72587	0.03441	0.04169	0.06845	0.00686	0.00170	0.00244	0.00831	0.00504	0.00443
13	0.00978	0.00838	0.00978	0.00698	0.01117	0.00629	0.00559	0.01187	0.00978	0.01536	0.00838	0.00978	0.00698	0.00349	0.00349	0.00070	0.00349	0.00279	0.00279	0.86312
14	0.00879	0.00439	0.00439	0.00439	0.00549	0.00439	0.00330	0.01099	0.00989	0.01758	0.01538	0.01758	0.01209	0.00549	0.00330	0.00110	0.00220	0.00439	0.86047	0.00439
15	0.01628	0.01223	0.01305	0.01026	0.01374	0.01351	0.00839	0.63934	0.11652	0.02727	0.01489	0.01452	0.06559	0.00620	0.00479	0.00145	0.00481	0.00479	0.00470	0.00766
16	0.80603	0.00876	0.00683	0.00623	0.00896	0.01010	0.00505	0.01334	0.00810	0.02050	0.00795	0.06649	0.00697	0.00512	0.00314	0.00149	0.00358	0.00333	0.00302	0.00502
17	0.01210	0.77767	0.02328	0.00783	0.01169	0.01761	0.00775	0.01359	0.00966	0.01121	0.00950	0.01026	0.06298	0.00460	0.00321	0.00105	0.00485	0.00305	0.00219	0.00590
18	0.72123	0.00868	0.00720	0.00634	0.00913	0.00978	0.00513	0.01427	0.00849	0.09922	0.00836	0.01016	0.00662	0.06381	0.00461	0.00168	0.00375	0.00308	0.00321	0.00524
19	0.01173	0.01013	0.01066	0.00960	0.01226	0.01173	0.00746	0.02505	0.79636	0.01972	0.01919	0.01759	0.01439	0.00640	0.00480	0.00160	0.00373	0.00533	0.00480	0.00746
20	0.00661	0.00472	0.00647	0.00756	0.00821	0.00458	0.00589	0.00807	0.00989	0.01301	0.02551	0.46589	0.02928	0.01395	0.00625	0.00204	0.00349	0.37014	0.00436	0.00407
21	0.00890	0.00838	0.01414	0.82296	0.03247	0.01048	0.01309	0.01205	0.00943	0.01205	0.00838	0.01257	0.00629	0.00471	0.00471	0.00157	0.00629	0.00419	0.00210	0.00524
22	0.01167	0.01120	0.01914	0.02894	0.80488	0.01120	0.01447	0.01447	0.01074	0.01540	0.00887	0.01167	0.00747	0.00420	0.00467	0.00140	0.00560	0.00420	0.00233	0.00747
23	0.01761	0.02247	0.01336	0.01215	0.01458	0.81537	0.00911	0.01883	0.01336	0.01154	0.00729	0.00850	0.00607	0.00486	0.00425	0.00121	0.00850	0.00304	0.00243	0.00547
24	0.01114	0.00834	0.00992	0.00715	0.01128	0.00636	0.00575	0.01320	0.01022	0.11026	0.00960	0.01053	0.00754	0.00377	0.00364	0.00079	0.00355	0.00303	0.00316	0.76076
25	0.01261	0.83713	0.02471	0.00807	0.01210	0.01866	0.00807	0.01412	0.00958	0.01109	0.00656	0.00756	0.00605	0.00403	0.00303	0.00101	0.00504	0.00252	0.00202	0.00605
26	0.00562	0.00478	0.00484	0.00482	0.00639	0.00400	0.00362	0.00685	0.01085	0.01298	0.07714	0.04498	0.77344	0.01185	0.00557	0.00159	0.00238	0.00990	0.00441	0.00400
27	0.00819	0.00410	0.00614	0.00614	0.00614	0.00410	0.00410	0.00614	0.00614	0.00819	0.00819	0.01433	0.00819	0.01638	0.01843	0.86282	0.00410	0.00410	0.00205	0.00205
28	0.02429	0.00739	0.02318	0.00799	0.00971	0.02414	0.03638	0.06854	0.16326	0.01684	0.01908	0.20911	0.01842	0.00887	0.00494	0.00161	0.00364	0.12597	0.22139	0.00527
29	0.01167	0.01120	0.01914	0.02894	0.80488	0.01120	0.01447	0.01447	0.01074	0.01540	0.00887	0.01167	0.00747	0.00420	0.00467	0.00140	0.00560	0.00420	0.00233	0.00747
