[name]
unknown

[dist]
# distance from previous block
# <min> <max>
0	173

[block]
# block no. 0 follows, 57 sequences, length 12
# corresponding to MSA columns:
# 174-185
name=unknown_A
#
# <colnr> <probs for GDERKNQSTAVLIFYWHMCP>
#	G	D	E	R	K	N	Q	S	T	A	V	L	I	F	Y	W	H	M	C	P
0	0.00752	0.00547	0.00747	0.00839	0.00952	0.00556	0.00729	0.01021	0.05503	0.01386	0.02368	0.04919	0.02539	0.01216	0.00617	0.00206	0.00414	0.73834	0.00420	0.00434
1	0.01633	0.03860	0.04613	0.01138	0.01410	0.66710	0.00896	0.09730	0.01340	0.01310	0.00746	0.00852	0.00605	0.00468	0.00410	0.00118	0.00758	0.00304	0.00254	0.02846
2	0.00607	0.00404	0.00502	0.00580	0.00630	0.00379	0.00396	0.00713	0.00894	0.01263	0.02438	0.62941	0.07701	0.01232	0.00526	0.00167	0.00251	0.01101	0.16897	0.00379
3	0.00574	0.00412	0.00546	0.00616	0.00662	0.00383	0.00422	0.00687	0.00971	0.01322	0.22127	0.63679	0.03317	0.01296	0.00567	0.00174	0.00251	0.01171	0.00440	0.00383
4	0.01084	0.01064	0.01005	0.00766	0.01136	0.16216	0.00602	0.01269	0.01005	0.01406	0.00785	0.00916	0.00654	0.00361	0.00350	0.00077	0.00428	0.00273	0.00262	0.70341
5	0.01083	0.17064	0.08478	0.09915	0.46476	0.01194	0.02609	0.01381	0.03315	0.01373	0.00907	0.01124	0.02296	0.00428	0.00421	0.00131	0.00538	0.00384	0.00224	0.00658
6	0.01576	0.01057	0.01196	0.01041	0.05954	0.03235	0.00791	0.33058	0.20314	0.21093	0.01445	0.02986	0.01044	0.00571	0.00454	0.00141	0.00438	0.00458	0.02414	0.00733
7	0.01145	0.05077	0.16737	0.08042	0.05196	0.05960	0.01084	0.05893	0.06693	0.07499	0.00898	0.01103	0.00716	0.00656	0.02727	0.00173	0.29154	0.00388	0.00263	0.00596
8	0.02521	0.01684	0.44421	0.01303	0.09298	0.01009	0.05374	0.09524	0.02698	0.03374	0.04243	0.01317	0.00897	0.08487	0.00637	0.00171	0.01733	0.00416	0.00260	0.00632
9	0.00904	0.16722	0.47657	0.01105	0.01589	0.01060	0.05426	0.01268	0.00939	0.01316	0.01108	0.16765	0.01045	0.00609	0.00439	0.00143	0.00563	0.00511	0.00238	0.00593
10	0.00635	0.00443	0.00487	0.00487	0.00517	0.00428	0.00288	0.00657	0.00730	0.00945	0.02032	0.03232	0.16832	0.68219	0.01968	0.00385	0.00399	0.00716	0.00303	0.00295
11	0.07886	0.01124	0.01252	0.01003	0.01279	0.02827	0.00825	0.42599	0.07260	0.11758	0.01090	0.01136	0.00799	0.00588	0.00638	0.00150	0.16292	0.00405	0.00401	0.00689

[dist]
# distance from previous block
# <min> <max>
0	3

[block]
# block no. 1 follows, 57 sequences, length 13
# corresponding to MSA columns:
# 193-205
name=unknown_B
#
# <colnr> <probs for GDERKNQSTAVLIFYWHMCP>
#	G	D	E	R	K	N	Q	S	T	A	V	L	I	F	Y	W	H	M	C	P
0	0.01094	0.04009	0.10409	0.02054	0.38194	0.01146	0.19153	0.03110	0.07877	0.01493	0.00929	0.01153	0.00741	0.00448	0.00532	0.00144	0.06168	0.00430	0.00244	0.00670
1	0.01149	0.00840	0.02502	0.01325	0.20244	0.00812	0.03309	0.01564	0.14973	0.16201	0.06847	0.02407	0.01595	0.00706	0.00498	0.00155	0.00428	0.19333	0.00394	0.04718
2	0.00998	0.26230	0.34012	0.20940	0.01960	0.01265	0.01251	0.01401	0.05525	0.01285	0.00816	0.00992	0.00630	0.00434	0.00396	0.00132	0.00581	0.00334	0.00210	0.00606
3	0.00624	0.00463	0.00679	0.00705	0.00772	0.00518	0.00531	0.00766	0.00762	0.01077	0.01525	0.21677	0.01585	0.02918	0.62455	0.00596	0.00983	0.00680	0.00286	0.00396
4	0.00752	0.00410	0.00594	0.00585	0.00611	0.00402	0.00402	0.00655	0.00758	0.01037	0.20253	0.01864	0.01634	0.01417	0.01471	0.65785	0.00350	0.00497	0.00270	0.00253
5	0.01535	0.14879	0.10684	0.01090	0.01429	0.40698	0.00948	0.20604	0.01395	0.01563	0.00796	0.00885	0.00628	0.00469	0.00403	0.00121	0.00671	0.00317	0.00276	0.00610
6	0.01491	0.01162	0.04164	0.02753	0.09180	0.04354	0.02153	0.33847	0.18984	0.13204	0.01375	0.01351	0.02771	0.00551	0.00455	0.00141	0.00475	0.00444	0.00420	0.00724
7	0.00629	0.00444	0.00486	0.00486	0.00523	0.00426	0.00291	0.00657	0.00750	0.00962	0.02195	0.03304	0.20918	0.63953	0.01877	0.00370	0.00388	0.00731	0.00310	0.00301
8	0.00658	0.00443	0.00512	0.00512	0.00518	0.00449	0.00296	0.00670	0.00664	0.00891	0.01412	0.02877	0.01609	0.78086	0.08244	0.00461	0.00497	0.00646	0.00272	0.00284
9	0.01260	0.01100	0.01633	0.06496	0.46222	0.01154	0.03589	0.22872	0.06044	0.01870	0.02695	0.01202	0.00841	0.00468	0.00455	0.00138	0.00520	0.00424	0.00306	0.00711
10	0.01086	0.01123	0.03591	0.05154	0.45504	0.03488	0.10579	0.01330	0.00955	0.01359	0.00791	0.01093	0.00673	0.00500	0.00709	0.00152	0.20647	0.00413	0.00217	0.00637
11	0.00808	0.00717	0.01149	0.62970	0.02484	0.00869	0.01020	0.01037	0.00846	0.01090	0.00956	0.01634	0.00857	0.20743	0.00903	0.00221	0.00564	0.00465	0.00219	0.00448
12	0.56996	0.06980	0.00817	0.00676	0.03526	0.00933	0.00527	0.01220	0.00915	0.01890	0.20142	0.01391	0.01423	0.00540	0.00348	0.00137	0.00334	0.00390	0.00325	0.00490

[dist]
# distance from previous block
# <min> <max>
0	1

[block]
# block no. 2 follows, 57 sequences, length 65
# corresponding to MSA columns:
# 207-263,277-284
name=unknown_C
#
# <colnr> <probs for GDERKNQSTAVLIFYWHMCP>
#	G	D	E	R	K	N	Q	S	T	A	V	L	I	F	Y	W	H	M	C	P
0	0.01180	0.01100	0.04269	0.08810	0.54846	0.03407	0.04500	0.05102	0.01087	0.06848	0.00932	0.01169	0.00743	0.00534	0.03387	0.00158	0.00577	0.00410	0.00256	0.00684
1	0.01714	0.01006	0.04392	0.00887	0.01211	0.06647	0.00742	0.14065	0.08192	0.46364	0.04801	0.04427	0.01218	0.00599	0.00472	0.00142	0.01442	0.00480	0.00485	0.00713
2	0.00659	0.00439	0.00494	0.00494	0.00494	0.00439	0.00275	0.00659	0.00659	0.00879	0.01428	0.02965	0.01647	0.84075	0.02306	0.00439	0.00439	0.00659	0.00275	0.00275
3	0.00949	0.10965	0.70442	0.01224	0.01849	0.01133	0.01545	0.01462	0.03804	0.01413	0.00831	0.00959	0.00604	0.00433	0.00417	0.00139	0.00639	0.00331	0.00201	0.00662
4	0.00790	0.00408	0.00618	0.03546	0.00681	0.00416	0.00425	0.00611	0.00602	0.00800	0.00788	0.01371	0.00781	0.01534	0.01724	0.83707	0.00401	0.00394	0.00197	0.00208
5	0.00647	0.00485	0.00728	0.00728	0.00809	0.00566	0.00566	0.00809	0.00728	0.01052	0.01214	0.01780	0.01133	0.03398	0.82279	0.00728	0.01214	0.00485	0.00243	0.00405
6	0.87276	0.00876	0.00666	0.00596	0.00876	0.01017	0.00491	0.01332	0.00771	0.02033	0.00631	0.00736	0.00491	0.00421	0.00280	0.00140	0.00351	0.00245	0.00280	0.00491
7	0.00961	0.02332	0.76345	0.01283	0.01924	0.06486	0.01621	0.01460	0.00979	0.01413	0.00806	0.00947	0.00575	0.00433	0.00429	0.00142	0.00680	0.00332	0.00194	0.00660
8	0.00648	0.00482	0.00710	0.00710	0.00785	0.00557	0.00544	0.00797	0.00723	0.01038	0.01230	0.01873	0.01173	0.09689	0.76044	0.00706	0.01153	0.00499	0.00245	0.00394
9	0.00829	0.00790	0.06239	0.03345	0.01075	0.00587	0.00605	0.02045	0.00955	0.01418	0.05582	0.22422	0.01458	0.00660	0.00421	0.00110	0.00343	0.00572	0.00315	0.50230
10	0.00975	0.05161	0.72079	0.01277	0.01904	0.06513	0.03076	0.01458	0.00979	0.01401	0.00801	0.00944	0.00577	0.00431	0.00426	0.00140	0.00675	0.00333	0.00195	0.00656
11	0.00554	0.00395	0.00525	0.00629	0.00654	0.00369	0.00418	0.00631	0.00864	0.01152	0.02479	0.82413	0.02974	0.02817	0.00608	0.00188	0.00266	0.01278	0.00418	0.00366
12	0.01084	0.00668	0.00764	0.03374	0.06216	0.00700	0.00544	0.17742	0.01214	0.04231	0.01341	0.01505	0.01030	0.00522	0.00363	0.00116	0.00312	0.00418	0.57330	0.00528
13	0.31997	0.06200	0.17437	0.06377	0.01383	0.03208	0.00890	0.13837	0.06380	0.03095	0.02025	0.01049	0.02086	0.00484	0.00395	0.00140	0.01778	0.00344	0.00299	0.00595
14	0.00793	0.04056	0.01274	0.01015	0.01185	0.00830	0.18783	0.00969	0.00907	0.01222	0.03662	0.16813	0.17494	0.01218	0.11643	0.00242	0.16406	0.00718	0.00303	0.00466
15	0.00560	0.00408	0.00519	0.00604	0.00646	0.00377	0.00407	0.00640	0.00879	0.01152	0.02695	0.67382	0.12804	0.06464	0.00680	0.00196	0.00272	0.02538	0.00412	0.00365
16	0.01008	0.00976	0.03782	0.01051	0.01142	0.02460	0.00873	0.09428	0.06244	0.01371	0.02893	0.12281	0.03160	0.00834	0.01090	0.00181	0.49872	0.00545	0.00285	0.00524
17	0.01121	0.01079	0.01854	0.02766	0.79851	0.01078	0.02777	0.01392	0.01032	0.01480	0.00853	0.01123	0.00717	0.00403	0.00450	0.00135	0.00542	0.00406	0.00224	0.00716
18	0.00648	0.00484	0.00721	0.00721	0.00800	0.00563	0.00558	0.00805	0.00726	0.01047	0.01220	0.01816	0.01148	0.05844	0.79856	0.00719	0.01190	0.00491	0.00244	0.00401
19	0.00604	0.00471	0.00520	0.00514	0.00659	0.00407	0.00394	0.00747	0.01090	0.03185	0.19920	0.04148	0.58433	0.01096	0.00539	0.00154	0.00242	0.06032	0.00440	0.00403
20	0.01141	0.01075	0.01741	0.08841	0.67316	0.02351	0.01322	0.06609	0.01097	0.01536	0.00888	0.02423	0.00746	0.00434	0.00451	0.00136	0.00541	0.00416	0.00241	0.00696
21	0.01042	0.00824	0.01045	0.00907	0.04632	0.02054	0.05727	0.02523	0.18546	0.08923	0.07741	0.03311	0.07985	0.00657	0.01834	0.00136	0.00391	0.04303	0.00375	0.27043
22	0.01184	0.01116	0.01735	0.02181	0.50480	0.06143	0.11055	0.04014	0.06524	0.05106	0.03499	0.01312	0.02634	0.00463	0.00463	0.00138	0.00547	0.00448	0.00277	0.00680
23	0.01209	0.79246	0.05609	0.00805	0.01201	0.03462	0.00814	0.01370	0.00930	0.01082	0.00639	0.00738	0.00581	0.00391	0.00299	0.00099	0.00499	0.00247	0.00195	0.00584
24	0.01176	0.15381	0.10032	0.02546	0.13822	0.14393	0.06442	0.06002	0.04157	0.04316	0.10117	0.03293	0.04233	0.00545	0.00435	0.00131	0.00534	0.00453	0.00295	0.01697
25	0.00567	0.00458	0.00504	0.00497	0.00632	0.00395	0.00371	0.00710	0.01101	0.01396	0.26950	0.06451	0.56198	0.01091	0.00537	0.00151	0.00226	0.00926	0.00444	0.00395
26	0.00553	0.00397	0.00526	0.00625	0.00656	0.00370	0.00419	0.00636	0.00880	0.01172	0.04107	0.80072	0.05103	0.01403	0.00576	0.00182	0.00261	0.01270	0.00422	0.00370
27	0.00713	0.00622	0.00639	0.00645	0.00780	0.07467	0.00510	0.00879	0.01127	0.01413	0.25056	0.03971	0.33084	0.01053	0.00547	0.00161	0.00323	0.20169	0.00426	0.00416
28	0.00799	0.00587	0.00702	0.00645	0.00798	0.00573	0.00489	0.07730	0.08412	0.03810	0.45069	0.12052	0.12364	0.00921	0.00518	0.00147	0.00266	0.00801	0.00469	0.02848
29	0.87276	0.00876	0.00666	0.00596	0.00876	0.01017	0.00491	0.01332	0.00771	0.02033	0.00631	0.00736	0.00491	0.00421	0.00280	0.00140	0.00351	0.00245	0.00280	0.00491
30	0.00845	0.00422	0.00422	0.00422	0.00528	0.00422	0.00317	0.01056	0.00950	0.01689	0.01478	0.01689	0.01161	0.00528	0.00317	0.00106	0.00211	0.00422	0.86591	0.00422
31	0.87276	0.00876	0.00666	0.00596	0.00876	0.01017	0.00491	0.01332	0.00771	0.02033	0.00631	0.00736	0.00491	0.00421	0.00280	0.00140	0.00351	0.00245	0.00280	0.00491
32	0.01693	0.02139	0.01286	0.01165	0.01401	0.80412	0.00875	0.03586	0.01303	0.01149	0.00709	0.00823	0.00588	0.00469	0.00410	0.00117	0.00810	0.00294	0.00238	0.00531
33	0.01723	0.01269	0.01360	0.01043	0.01405	0.01405	0.00861	0.79738	0.02131	0.02856	0.01088	0.01088	0.00771	0.00544	0.00453	0.00136	0.00499	0.00408	0.00453	0.00771
34	0.01262	0.06694	0.01478	0.01533	0.25324	0.05403	0.03549	0.13550	0.31592	0.03020	0.01261	0.01302	0.00969	0.00509	0.00444	0.00139	0.00480	0.00434	0.00353	0.00704
35	0.00558	0.00399	0.00531	0.00627	0.00659	0.00372	0.00421	0.00647	0.00897	0.01203	0.08007	0.78138	0.03087	0.01385	0.00575	0.00181	0.00259	0.01255	0.00426	0.00372
36	0.18141	0.01163	0.01193	0.00934	0.01272	0.01295	0.00770	0.61840	0.01827	0.02656	0.01014	0.01042	0.00731	0.00520	0.00415	0.00136	0.00460	0.00377	0.03510	0.00704
37	0.01097	0.00694	0.02274	0.08059	0.01186	0.03379	0.00740	0.02506	0.01125	0.21269	0.08225	0.08729	0.02088	0.00944	0.00545	0.00174	0.00419	0.35594	0.00431	0.00524
38	0.01210	0.56223	0.03307	0.00920	0.06491	0.06022	0.00789	0.06187	0.02517	0.01304	0.02179	0.00945	0.00740	0.00431	0.00330	0.00106	0.00476	0.00301	0.08936	0.00584
39	0.00589	0.00421	0.00569	0.00674	0.00716	0.00400	0.00486	0.00695	0.00904	0.01199	0.02477	0.67289	0.02915	0.01384	0.00588	0.00189	0.00295	0.17410	0.00420	0.00378
40	0.00652	0.00480	0.00711	0.00711	0.00785	0.00554	0.00545	0.00794	0.00720	0.01034	0.01214	0.01836	0.01152	0.07966	0.75354	0.03219	0.01145	0.00493	0.00243	0.00391
41	0.01218	0.76704	0.02257	0.00795	0.01170	0.03770	0.00774	0.01439	0.06250	0.01123	0.00713	0.00794	0.00635	0.00405	0.00305	0.00101	0.00485	0.00262	0.00213	0.00589
42	0.01069	0.06227	0.00884	0.00680	0.00887	0.00676	0.00542	0.06076	0.06931	0.18786	0.42490	0.02627	0.08718	0.00784	0.00491	0.00140	0.00297	0.00667	0.00480	0.00549
43	0.84995	0.00911	0.00682	0.00611	0.00890	0.03181	0.00501	0.01345	0.00785	0.02008	0.00633	0.00738	0.00493	0.00422	0.00284	0.00140	0.00363	0.00247	0.00279	0.00492
44	0.00652	0.00471	0.00651	0.00651	0.00713	0.00524	0.00476	0.00771	0.00725	0.01028	0.01375	0.02166	0.03597	0.24571	0.56666	0.00619	0.00955	0.00543	0.02476	0.00370
45	0.01008	0.02385	0.02692	0.37398	0.25756	0.05066	0.03000	0.04600	0.02922	0.01364	0.02373	0.01401	0.06105	0.00502	0.00468	0.00143	0.01545	0.00443	0.00246	0.00581
46	0.01524	0.08417	0.01483	0.01341	0.11787	0.47274	0.03138	0.11444	0.04874	0.01417	0.00818	0.00938	0.00663	0.00474	0.00441	0.00124	0.02646	0.00336	0.00266	0.00596
47	0.00564	0.00462	0.00501	0.00514	0.00652	0.00399	0.00393	0.00695	0.01046	0.01282	0.10492	0.08415	0.63049	0.01154	0.00547	0.00159	0.00249	0.08611	0.00427	0.00389
48	0.00999	0.00842	0.00927	0.00864	0.02571	0.00942	0.00659	0.04147	0.52623	0.01759	0.09657	0.02246	0.11688	0.00754	0.00540	0.02317	0.02323	0.03081	0.00441	0.00621
49	0.01696	0.02052	0.01293	0.01152	0.01401	0.72441	0.00874	0.11270	0.01387	0.01321	0.00747	0.00850	0.00606	0.00476	0.00414	0.00119	0.00778	0.00306	0.00260	0.00555
50	0.00547	0.00459	0.00475	0.00471	0.00619	0.00387	0.00353	0.00672	0.01060	0.01288	0.12822	0.04256	0.72793	0.01124	0.00535	0.00152	0.00228	0.00942	0.00429	0.00387
51	0.01211	0.84348	0.02374	0.00775	0.01163	0.01793	0.00775	0.01357	0.00921	0.01066	0.00630	0.00727	0.00582	0.00388	0.00291	0.00097	0.00485	0.00242	0.00194	0.00582
52	0.00661	0.00598	0.00570	0.00557	0.00707	0.05907	0.00416	0.00853	0.05407	0.01336	0.15195	0.07873	0.56191	0.01055	0.00525	0.00151	0.00275	0.00885	0.00422	0.00416
53	0.01723	0.01269	0.01360	0.01043	0.01405	0.01405	0.00861	0.79738	0.02131	0.02856	0.01088	0.01088	0.00771	0.00544	0.00453	0.00136	0.00499	0.00408	0.00453	0.00771
54	0.01181	0.02597	0.22225	0.01302	0.09707	0.05034	0.07294	0.02948	0.03622	0.12287	0.00947	0.01095	0.00719	0.00507	0.00627	0.00142	0.15910	0.00381	0.00275	0.11203
55	0.00654	0.00501	0.00604	0.00575	0.00702	0.00472	0.00432	0.00927	0.07508	0.01673	0.55557	0.05535	0.21237	0.00964	0.00530	0.00147	0.00230	0.00838	0.00476	0.00439
56	0.00951	0.00532	0.00705	0.00623	0.00784	0.00481	0.00481	0.01156	0.01286	0.19544	0.63399	0.02975	0.03574	0.00845	0.00517	0.00142	0.00252	0.00739	0.00513	0.00504
57	0.00545	0.00459	0.00472	0.00469	0.00618	0.00387	0.00352	0.00669	0.01056	0.01278	0.11532	0.04272	0.74090	0.01128	0.00535	0.00152	0.00228	0.00944	0.00428	0.00387
58	0.01118	0.06130	0.05442	0.16069	0.48186	0.01078	0.02204	0.01385	0.01006	0.06739	0.00920	0.01225	0.00751	0.00457	0.00482	0.00140	0.03509	0.02258	0.00243	0.00658
59	0.01116	0.01251	0.02385	0.01971	0.15253	0.06572	0.57900	0.01449	0.01061	0.01417	0.00877	0.01168	0.00681	0.00410	0.00555	0.00149	0.04447	0.00491	0.00227	0.00618
60	0.00730	0.00522	0.00730	0.00835	0.00939	0.00522	0.00730	0.00939	0.01043	0.01356	0.02399	0.05111	0.02608	0.01252	0.00626	0.00209	0.00417	0.78199	0.00417	0.00417
61	0.00960	0.00968	0.01442	0.11454	0.15316	0.08149	0.17605	0.02663	0.03954	0.01344	0.02703	0.15838	0.10714	0.00709	0.00542	0.00153	0.04001	0.00650	0.00296	0.00539
62	0.02245	0.24760	0.17825	0.03906	0.11714	0.11070	0.05543	0.10312	0.01137	0.02692	0.00923	0.02457	0.02602	0.00467	0.00404	0.00127	0.00577	0.00367	0.00250	0.00624
63	0.00943	0.00750	0.01141	0.01160	0.13599	0.02190	0.12457	0.01173	0.03857	0.10834	0.04952	0.14889	0.24182	0.00856	0.00519	0.00155	0.00406	0.05028	0.00378	0.00531
64	0.01461	0.01756	0.01230	0.01105	0.01293	0.57968	0.02150	0.01630	0.04649	0.01153	0.00813	0.01043	0.00706	0.04769	0.02438	0.00159	0.11804	0.00346	0.03014	0.00513

[dist]
# distance from previous block
# <min> <max>
1	4

[block]
# block no. 3 follows, 57 sequences, length 13
# corresponding to MSA columns:
# 290-302
name=unknown_D
#
# <colnr> <probs for GDERKNQSTAVLIFYWHMCP>
#	G	D	E	R	K	N	Q	S	T	A	V	L	I	F	Y	W	H	M	C	P
0	0.05371	0.05543	0.01044	0.00743	0.01100	0.04142	0.00604	0.07551	0.05769	0.05237	0.02320	0.01208	0.02332	0.00440	0.00370	0.00095	0.00379	0.02356	0.00313	0.53082
1	0.17075	0.28028	0.16275	0.01005	0.02764	0.12242	0.05035	0.07416	0.01063	0.04234	0.00766	0.00871	0.00605	0.00430	0.00364	0.00124	0.00552	0.00304	0.00249	0.00598
2	0.04116	0.00463	0.00603	0.00696	0.00765	0.00454	0.00534	0.00796	0.00934	0.01293	0.02335	0.46860	0.02659	0.01272	0.00571	0.00188	0.00322	0.30059	0.04685	0.00394
3	0.00891	0.00853	0.03384	0.03463	0.26308	0.01994	0.08156	0.02781	0.05703	0.01554	0.22641	0.04846	0.14112	0.00704	0.00496	0.00144	0.00416	0.00641	0.00350	0.00561
4	0.00673	0.00449	0.00591	0.00591	0.00620	0.00478	0.00395	0.00702	0.00674	0.00927	0.01261	0.02320	0.01343	0.43750	0.30580	0.12818	0.00707	0.00560	0.00252	0.00310
5	0.00779	0.01231	0.28834	0.01033	0.05530	0.03564	0.05011	0.01055	0.00970	0.01302	0.02089	0.20962	0.18554	0.00934	0.03070	0.00175	0.00492	0.03591	0.00309	0.00515
6	0.00993	0.01076	0.05148	0.02982	0.08036	0.02459	0.37230	0.01328	0.04931	0.01416	0.03292	0.03292	0.05869	0.00557	0.00645	0.00154	0.13028	0.00530	0.06466	0.00569
7	0.00742	0.00643	0.05776	0.04159	0.01078	0.00570	0.00797	0.00975	0.01043	0.01374	0.05740	0.04619	0.02475	0.01154	0.00603	0.00199	0.00431	0.66785	0.00398	0.00437
8	0.01211	0.84348	0.02374	0.00775	0.01163	0.01793	0.00775	0.01357	0.00921	0.01066	0.00630	0.00727	0.00582	0.00388	0.00291	0.00097	0.00485	0.00242	0.00194	0.00582
9	0.01797	0.00720	0.00969	0.00760	0.01073	0.00624	0.00621	0.01972	0.01279	0.68348	0.10137	0.01907	0.06408	0.00635	0.00469	0.00141	0.00358	0.00524	0.00546	0.00712
10	0.00896	0.00739	0.00882	0.00838	0.01010	0.00807	0.03850	0.01627	0.42261	0.01589	0.02041	0.29176	0.01957	0.00908	0.00507	0.00165	0.00341	0.05567	0.04274	0.00565
11	0.01409	0.12710	0.04122	0.03381	0.13914	0.26883	0.13387	0.06691	0.01191	0.08665	0.00898	0.01035	0.00696	0.00447	0.00425	0.00127	0.00636	0.00370	0.02396	0.00616
12	0.00800	0.00605	0.00777	0.00840	0.00971	0.00634	0.00710	0.01216	0.16990	0.01453	0.02293	0.09016	0.02384	0.01134	0.00590	0.00196	0.00396	0.58094	0.00426	0.00475

[dist]
# distance from previous block
# <min> <max>
0	1

[block]
# block no. 4 follows, 57 sequences, length 26
# corresponding to MSA columns:
# 304-329
name=unknown_E
#
# <colnr> <probs for GDERKNQSTAVLIFYWHMCP>
#	G	D	E	R	K	N	Q	S	T	A	V	L	I	F	Y	W	H	M	C	P
0	0.04079	0.01135	0.06142	0.04958	0.05879	0.01172	0.00873	0.28495	0.33106	0.05915	0.01420	0.01390	0.02257	0.00559	0.00451	0.00145	0.00446	0.00450	0.00415	0.00712
1	0.00655	0.00453	0.00565	0.00565	0.00589	0.00478	0.00363	0.00704	0.00680	0.00931	0.01363	0.02607	0.01492	0.59717	0.26452	0.00527	0.00673	0.00607	0.00265	0.00314
2	0.03648	0.18726	0.17825	0.00988	0.04105	0.04850	0.01891	0.09777	0.05245	0.07570	0.02349	0.03675	0.00842	0.00476	0.00393	0.00119	0.00488	0.00368	0.00294	0.16370
3	0.01455	0.44442	0.01841	0.00952	0.01271	0.36800	0.00818	0.03170	0.01114	0.03452	0.00703	0.00797	0.00602	0.00430	0.00350	0.00108	0.00627	0.00273	0.00227	0.00566
4	0.14512	0.18497	0.42166	0.01035	0.01532	0.06042	0.01183	0.02555	0.02209	0.04048	0.00802	0.00910	0.00605	0.00433	0.00378	0.00131	0.00569	0.00309	0.01468	0.00617
5	0.01173	0.01258	0.12750	0.03362	0.21414	0.04524	0.13490	0.11676	0.08516	0.05185	0.02118	0.01339	0.00889	0.00671	0.05409	0.00180	0.02653	0.02441	0.00296	0.00655
6	0.00658	0.00442	0.00506	0.00506	0.00510	0.00446	0.00289	0.00667	0.00662	0.00887	0.01417	0.02905	0.01621	0.79963	0.06383	0.00454	0.00479	0.00650	0.00273	0.00281
7	0.01660	0.03469	0.01349	0.01045	0.01381	0.13065	0.00850	0.60570	0.07995	0.02485	0.01079	0.01086	0.00786	0.00534	0.00443	0.00134	0.00533	0.00395	0.00416	0.00726
8	0.00799	0.00495	0.00648	0.00591	0.00724	0.00453	0.00450	0.01008	0.01274	0.10469	0.69879	0.03131	0.03834	0.00874	0.00519	0.00141	0.00232	0.00767	0.03245	0.00465
9	0.00815	0.00522	0.00642	0.00583	0.00739	0.00471	0.00447	0.03087	0.01241	0.11591	0.48683	0.03354	0.24229	0.00930	0.00523	0.00145	0.00247	0.00800	0.00485	0.00467
10	0.00558	0.00414	0.00511	0.00581	0.00637	0.00378	0.00394	0.00644	0.00905	0.01176	0.05438	0.57905	0.20767	0.06619	0.00678	0.00192	0.00265	0.01157	0.00414	0.00367
11	0.01211	0.84348	0.02374	0.00775	0.01163	0.01793	0.00775	0.01357	0.00921	0.01066	0.00630	0.00727	0.00582	0.00388	0.00291	0.00097	0.00485	0.00242	0.00194	0.00582
12	0.01122	0.01077	0.01839	0.02781	0.81248	0.01077	0.01391	0.01391	0.01032	0.01480	0.00852	0.01122	0.00718	0.00404	0.00449	0.00135	0.00538	0.00404	0.00224	0.00718
13	0.80280	0.00868	0.00698	0.00613	0.00899	0.00988	0.00505	0.01404	0.00814	0.08560	0.00726	0.00802	0.00543	0.00432	0.00295	0.00140	0.00353	0.00263	0.00303	0.00514
14	0.01127	0.00973	0.01025	0.00922	0.01178	0.01127	0.00717	0.02408	0.80430	0.01896	0.01844	0.01691	0.01383	0.00615	0.00461	0.00154	0.00359	0.00512	0.00461	0.00717
15	0.00557	0.00399	0.00522	0.00618	0.00648	0.00372	0.00411	0.00633	0.00863	0.01145	0.02517	0.77041	0.05636	0.05487	0.00662	0.00196	0.00270	0.01246	0.00413	0.00364
16	0.01211	0.84348	0.02374	0.00775	0.01163	0.01793	0.00775	0.01357	0.00921	0.01066	0.00630	0.00727	0.00582	0.00388	0.00291	0.00097	0.00485	0.00242	0.00194	0.00582
17	0.02004	0.00778	0.01051	0.00810	0.01157	0.00681	0.00668	0.02215	0.03805	0.79037	0.01789	0.01547	0.01130	0.00563	0.00456	0.00141	0.00385	0.00457	0.00558	0.00769
18	0.00565	0.00407	0.00537	0.00631	0.00671	0.00379	0.00433	0.00658	0.00904	0.01201	0.06310	0.72307	0.06584	0.01375	0.00577	0.00182	0.00267	0.05213	0.00424	0.00374
19	0.00744	0.00506	0.00687	0.00764	0.00853	0.00501	0.00632	0.00909	0.00976	0.03626	0.02232	0.10395	0.02438	0.14589	0.00888	0.00242	0.00409	0.57809	0.00399	0.00401
20	0.01028	0.00819	0.00948	0.00720	0.01063	0.00708	0.00574	0.10240	0.06575	0.03864	0.12655	0.01382	0.01270	0.00471	0.00390	0.00094	0.00339	0.00387	0.00344	0.56128
21	0.01254	0.67835	0.06316	0.00899	0.03274	0.09936	0.00849	0.03090	0.00988	0.01138	0.00662	0.00766	0.00589	0.00402	0.00317	0.00103	0.00530	0.00260	0.00204	0.00588
22	0.04353	0.40345	0.13162	0.00921	0.01304	0.10360	0.00894	0.07439	0.11074	0.03468	0.02253	0.00984	0.00769	0.00458	0.00365	0.00119	0.00521	0.00323	0.00269	0.00618
23	0.04226	0.04064	0.09672	0.04055	0.19012	0.09748	0.01030	0.22556	0.16404	0.03161	0.01082	0.01155	0.00820	0.00495	0.00436	0.00137	0.00528	0.00397	0.00334	0.00688
24	0.00976	0.04085	0.43022	0.01168	0.06345	0.00937	0.03417	0.02651	0.04268	0.04082	0.06173	0.01223	0.02077	0.00464	0.00423	0.00127	0.00533	0.00382	0.00260	0.17384
25	0.08218	0.11773	0.43499	0.01066	0.01581	0.01127	0.01213	0.09533	0.04349	0.10414	0.00953	0.01018	0.00684	0.00456	0.00406	0.00135	0.00553	0.00343	0.00279	0.02400

[dist]
# distance from previous block
# <min> <max>
0	2

[block]
# block no. 5 follows, 57 sequences, length 39
# corresponding to MSA columns:
# 332-370
name=unknown_F
#
# <colnr> <probs for GDERKNQSTAVLIFYWHMCP>
#	G	D	E	R	K	N	Q	S	T	A	V	L	I	F	Y	W	H	M	C	P
0	0.01244	0.05279	0.17829	0.03586	0.06303	0.01020	0.05758	0.15777	0.11097	0.13848	0.03296	0.06962	0.03783	0.00625	0.01419	0.00151	0.00497	0.00501	0.00364	0.00660
1	0.00943	0.00933	0.03775	0.17790	0.07581	0.07945	0.01885	0.01440	0.21772	0.01438	0.06184	0.08476	0.09542	0.00784	0.02395	0.00167	0.00473	0.05581	0.00345	0.00550
2	0.00639	0.00473	0.00547	0.00522	0.00662	0.00413	0.00394	0.00800	0.01155	0.04506	0.38671	0.03818	0.43712	0.01027	0.00532	0.00148	0.00228	0.00876	0.00461	0.00417
3	0.01151	0.27026	0.12405	0.09872	0.05615	0.11715	0.04081	0.05542	0.08106	0.01351	0.01038	0.04051	0.02274	0.00521	0.00410	0.00131	0.00554	0.03306	0.00260	0.00591
4	0.01179	0.01198	0.04160	0.09386	0.52106	0.08719	0.05156	0.04405	0.05290	0.02700	0.00911	0.01136	0.00733	0.00433	0.00450	0.00137	0.00572	0.00404	0.00249	0.00677
5	0.00651	0.00482	0.00705	0.00722	0.00798	0.00544	0.00561	0.00805	0.00765	0.01081	0.01420	0.06896	0.01417	0.07037	0.65224	0.00629	0.01039	0.08553	0.00273	0.00397
6	0.00651	0.00431	0.00503	0.00518	0.00522	0.00427	0.00301	0.00652	0.00685	0.00913	0.01544	0.14147	0.01792	0.68382	0.02038	0.04774	0.00412	0.00733	0.00291	0.00284
7	0.05563	0.07171	0.13804	0.01478	0.20128	0.17669	0.02903	0.17086	0.02542	0.06128	0.00906	0.01017	0.00691	0.00460	0.00422	0.00131	0.00588	0.00360	0.00290	0.00662
8	0.00943	0.05159	0.76534	0.01270	0.01917	0.03565	0.01619	0.01444	0.00965	0.01412	0.00803	0.00945	0.00575	0.00430	0.00425	0.00141	0.00668	0.00330	0.00193	0.00662
9	0.00570	0.00470	0.00502	0.00495	0.00639	0.00408	0.00371	0.00731	0.02921	0.01354	0.19388	0.05834	0.62540	0.01098	0.00535	0.00152	0.00230	0.00927	0.00437	0.00399
10	0.05877	0.15403	0.01599	0.02692	0.19781	0.06658	0.04844	0.10070	0.12923	0.03377	0.01314	0.06168	0.03236	0.00629	0.00495	0.00157	0.02005	0.01741	0.00347	0.00683
11	0.00856	0.00805	0.01359	0.82986	0.03121	0.01007	0.01258	0.01158	0.00906	0.01158	0.00805	0.01208	0.00604	0.00453	0.00453	0.00151	0.00604	0.00403	0.00201	0.00503
12	0.00677	0.00513	0.00617	0.00584	0.00713	0.00491	0.00440	0.00981	0.09392	0.01705	0.55755	0.04960	0.17258	0.00932	0.00522	0.00145	0.00232	0.00810	0.02826	0.00448
13	0.00590	0.00427	0.00564	0.00662	0.00704	0.00410	0.00463	0.00723	0.03576	0.01202	0.02465	0.72883	0.02902	0.01375	0.00579	0.00186	0.00282	0.09201	0.00422	0.00385
14	0.00983	0.00935	0.01589	0.44653	0.40462	0.01040	0.01322	0.01269	0.00966	0.01312	0.00828	0.01167	0.00658	0.00429	0.00451	0.00143	0.00573	0.00403	0.00212	0.00606
15	0.01108	0.01178	0.00920	0.02927	0.01066	0.31945	0.00639	0.04672	0.03572	0.01367	0.16988	0.15113	0.06073	0.05611	0.00579	0.00154	0.00500	0.00626	0.00345	0.04617
16	0.67568	0.00945	0.00765	0.02075	0.00979	0.05284	0.00555	0.06176	0.02336	0.04600	0.00781	0.00917	0.00608	0.00457	0.00317	0.00139	0.00387	0.01599	0.02993	0.00520
17	0.87276	0.00876	0.00666	0.00596	0.00876	0.01017	0.00491	0.01332	0.00771	0.02033	0.00631	0.00736	0.00491	0.00421	0.00280	0.00140	0.00351	0.00245	0.00280	0.00491
18	0.00865	0.00815	0.01375	0.80281	0.05756	0.01009	0.01263	0.01166	0.00910	0.01169	0.00807	0.01205	0.00608	0.00451	0.00453	0.00150	0.00602	0.00403	0.00202	0.00511
19	0.00653	0.00477	0.00693	0.00693	0.00761	0.00544	0.00523	0.00783	0.00715	0.01021	0.01229	0.01923	0.01190	0.13941	0.69262	0.03374	0.01086	0.00505	0.00245	0.00381
20	0.00572	0.00453	0.00514	0.00515	0.00638	0.00395	0.00380	0.00714	0.01094	0.01408	0.29025	0.13448	0.47021	0.01108	0.00540	0.00153	0.00228	0.00951	0.00446	0.00395
21	0.02615	0.00438	0.00449	0.00444	0.00556	0.00433	0.00334	0.01018	0.00986	0.01684	0.10041	0.01996	0.05872	0.00602	0.00351	0.00113	0.00215	0.00490	0.70942	0.00422
22	0.00566	0.00460	0.00501	0.00491	0.00631	0.00395	0.00368	0.00709	0.01105	0.01395	0.26590	0.04080	0.58959	0.01084	0.00535	0.00150	0.00225	0.00917	0.00443	0.00395
23	0.01668	0.01242	0.01329	0.01031	0.01384	0.01380	0.00848	0.72615	0.09342	0.02767	0.01158	0.01143	0.00827	0.00550	0.00454	0.00138	0.00486	0.00418	0.00454	0.00766
24	0.00552	0.00394	0.00526	0.00631	0.00657	0.00368	0.00421	0.00631	0.00868	0.01157	0.02498	0.83779	0.02997	0.01420	0.00578	0.00184	0.00263	0.01288	0.00421	0.00368
25	0.00558	0.00398	0.00532	0.00637	0.00666	0.00373	0.00430	0.00641	0.00873	0.01163	0.02494	0.81335	0.02985	0.01414	0.00580	0.00185	0.00268	0.03678	0.00421	0.00370
26	0.01070	0.01222	0.02674	0.01910	0.02368	0.01146	0.79603	0.01451	0.01070	0.01451	0.00917	0.01222	0.00688	0.00382	0.00535	0.00153	0.00764	0.00535	0.00229	0.00611
27	0.02802	0.09852	0.46797	0.01268	0.04489	0.01125	0.09356	0.07655	0.02414	0.03976	0.00888	0.01034	0.00659	0.00546	0.03499	0.00160	0.00637	0.00364	0.00238	0.02241
28	0.00974	0.00966	0.01355	0.01167	0.01171	0.01347	0.00970	0.01077	0.00696	0.01089	0.00626	0.01031	0.00622	0.00922	0.05495	0.00225	0.79176	0.00401	0.00200	0.00491
29	0.00550	0.00460	0.00479	0.00474	0.00621	0.00389	0.00355	0.00678	0.01066	0.01304	0.14826	0.04230	0.70780	0.01118	0.00535	0.00152	0.00227	0.00938	0.00431	0.00389
30	0.00616	0.00421	0.00551	0.00634	0.00687	0.00388	0.00439	0.00708	0.00907	0.04191	0.02641	0.69955	0.09457	0.01356	0.00573	0.00181	0.00273	0.05210	0.00426	0.00387
31	0.01212	0.01144	0.05553	0.16299	0.23228	0.09597	0.08123	0.08259	0.01999	0.09713	0.02281	0.04837	0.03583	0.00530	0.00476	0.00142	0.01634	0.00469	0.00296	0.00624
32	0.01062	0.00957	0.06729	0.01429	0.24429	0.02756	0.04795	0.05217	0.06071	0.08519	0.01297	0.01752	0.03697	0.15407	0.10883	0.00267	0.02114	0.01743	0.00299	0.00576
33	0.00555	0.00417	0.00516	0.00587	0.00652	0.00378	0.00407	0.00652	0.00932	0.01206	0.06338	0.57783	0.23627	0.01324	0.00566	0.00175	0.00255	0.02830	0.00424	0.00375
34	0.00603	0.00426	0.00544	0.00601	0.00664	0.00392	0.00417	0.00711	0.00963	0.02968	0.15878	0.53947	0.13146	0.04384	0.00629	0.00182	0.00262	0.02466	0.00431	0.00386
35	0.03150	0.19625	0.13587	0.06013	0.10594	0.06248	0.03628	0.20109	0.04619	0.06867	0.00941	0.01035	0.00712	0.00463	0.00410	0.00130	0.00544	0.00361	0.00299	0.00664
36	0.02331	0.00717	0.02326	0.04265	0.01042	0.02297	0.05783	0.05430	0.03127	0.01211	0.02860	0.01877	0.01177	0.22708	0.31607	0.00443	0.09582	0.00513	0.00267	0.00438
37	0.00651	0.00437	0.00502	0.00514	0.00518	0.00435	0.00298	0.00663	0.00686	0.00914	0.01544	0.10196	0.01788	0.74910	0.02116	0.00412	0.00423	0.02417	0.00291	0.00286
38	0.01073	0.00837	0.00968	0.00767	0.02717	0.00755	0.00598	0.11965	0.05502	0.03878	0.01079	0.01181	0.02449	0.00442	0.00405	0.00095	0.03144	0.00345	0.10385	0.51413

[dist]
# distance from previous block
# <min> <max>
1	7

[block]
# block no. 6 follows, 57 sequences, length 16
# corresponding to MSA columns:
# 378-393
name=unknown_G
#
# <colnr> <probs for GDERKNQSTAVLIFYWHMCP>
#	G	D	E	R	K	N	Q	S	T	A	V	L	I	F	Y	W	H	M	C	P
0	0.33679	0.02678	0.02959	0.00887	0.01162	0.19577	0.00728	0.15768	0.03003	0.06453	0.00843	0.00930	0.00645	0.00496	0.00450	0.00137	0.06658	0.00321	0.02051	0.00576
1	0.00727	0.00422	0.00534	0.00534	0.00548	0.00425	0.00337	0.00678	0.00664	0.00931	0.01174	0.02168	0.01241	0.40136	0.05259	0.34127	0.00431	0.00524	0.08872	0.00264
2	0.00784	0.00527	0.00710	0.00766	0.00892	0.00500	0.00639	0.00962	0.01023	0.06609	0.02426	0.18251	0.07219	0.01181	0.00586	0.00189	0.00373	0.51023	0.00420	0.04918
3	0.00602	0.00430	0.00510	0.00541	0.00585	0.00406	0.00349	0.00669	0.00853	0.01123	0.10627	0.29470	0.15233	0.35088	0.01273	0.00279	0.00324	0.00928	0.00369	0.00338
4	0.00867	0.00817	0.01379	0.79679	0.06343	0.01010	0.01264	0.01167	0.00911	0.01171	0.00807	0.01205	0.00609	0.00451	0.00453	0.00150	0.00601	0.00403	0.00202	0.00512
5	0.00731	0.00492	0.00580	0.00540	0.00694	0.00430	0.00411	0.00893	0.01163	0.09600	0.36079	0.03670	0.41050	0.00996	0.00527	0.00147	0.00239	0.00849	0.00467	0.00441
6	0.00856	0.00580	0.00637	0.00588	0.00738	0.02690	0.00449	0.04314	0.06413	0.06126	0.32878	0.04050	0.14790	0.00800	0.00465	0.00135	0.00263	0.00677	0.22078	0.00473
7	0.00906	0.00890	0.01529	0.58724	0.02693	0.01090	0.11016	0.01183	0.00890	0.01183	0.00783	0.01172	0.00613	0.00503	0.00642	0.00159	0.14887	0.00418	0.00204	0.00516
8	0.00845	0.00422	0.00422	0.00422	0.00528	0.00422	0.00317	0.01056	0.00950	0.01689	0.01478	0.01689	0.01161	0.00528	0.00317	0.00106	0.00211	0.00422	0.86591	0.00422
9	0.00879	0.00777	0.01082	0.03486	0.01100	0.00919	0.04346	0.01071	0.05018	0.02953	0.03157	0.09868	0.05213	0.08179	0.08698	0.00243	0.32694	0.00556	0.00280	0.09481
10	0.06802	0.31779	0.47719	0.01059	0.01601	0.01317	0.01271	0.01400	0.00931	0.01342	0.00735	0.00859	0.00571	0.00414	0.00370	0.00127	0.00582	0.00296	0.00198	0.00626
11	0.01672	0.00747	0.00975	0.00774	0.01074	0.00678	0.00628	0.05659	0.05434	0.56079	0.17130	0.01871	0.01720	0.00628	0.00468	0.00139	0.00355	0.00522	0.00531	0.02915
12	0.08312	0.11008	0.61998	0.01210	0.01804	0.01134	0.05672	0.01419	0.00943	0.01447	0.00783	0.00927	0.00574	0.00422	0.00408	0.00139	0.00628	0.00328	0.00201	0.00642
13	0.01164	0.04035	0.09047	0.05717	0.11108	0.08670	0.19943	0.06457	0.07126	0.07466	0.02905	0.04568	0.05446	0.00562	0.00492	0.00145	0.01846	0.02384	0.00307	0.00613
14	0.04141	0.05350	0.01586	0.07105	0.44700	0.03533	0.02488	0.07061	0.01126	0.12882	0.01056	0.05121	0.00862	0.00489	0.00443	0.00137	0.00508	0.00439	0.00297	0.00676
15	0.01585	0.01266	0.05033	0.03698	0.01349	0.18400	0.00813	0.17188	0.13079	0.24893	0.01316	0.03191	0.00955	0.00545	0.00442	0.00134	0.00512	0.00423	0.00408	0.04769

[dist]
# distance from previous block
# <min> <max>
0	10

[block]
# block no. 7 follows, 57 sequences, length 19
# corresponding to MSA columns:
# 404-422
name=unknown_H
#
# <colnr> <probs for GDERKNQSTAVLIFYWHMCP>
#	G	D	E	R	K	N	Q	S	T	A	V	L	I	F	Y	W	H	M	C	P
0	0.03577	0.01249	0.01208	0.01066	0.05493	0.17759	0.01967	0.30378	0.07172	0.05100	0.03899	0.04185	0.04121	0.00591	0.00475	0.00134	0.02817	0.01728	0.00372	0.06707
1	0.07070	0.00995	0.01106	0.03197	0.02561	0.01061	0.00739	0.34611	0.14626	0.12264	0.01499	0.02693	0.05572	0.00594	0.00444	0.00138	0.00419	0.02176	0.01955	0.06279
2	0.00647	0.00489	0.00671	0.00707	0.00797	0.00465	0.03724	0.00783	0.00950	0.01234	0.05067	0.28581	0.15100	0.11309	0.00795	0.00216	0.00351	0.27333	0.00396	0.00388
3	0.00926	0.00790	0.00924	0.00666	0.01056	0.00596	0.00532	0.01128	0.00955	0.01492	0.04515	0.01053	0.00838	0.00363	0.00345	0.00071	0.00330	0.00294	0.00279	0.82848
4	0.00633	0.00463	0.00594	0.00561	0.00672	0.00424	0.00421	0.00839	0.01263	0.01770	0.74971	0.03462	0.10343	0.00944	0.00535	0.00143	0.00215	0.00830	0.00493	0.00424
5	0.00659	0.00439	0.00494	0.00494	0.00494	0.00439	0.00275	0.00659	0.00659	0.00879	0.01428	0.02965	0.01647	0.84075	0.02306	0.00439	0.00439	0.00659	0.00275	0.00275
6	0.00808	0.00516	0.00668	0.00665	0.00797	0.00482	0.00528	0.01003	0.02516	0.10304	0.29429	0.10476	0.13250	0.03740	0.00612	0.00176	0.00307	0.22814	0.00458	0.00452
7	0.00655	0.00478	0.00590	0.00562	0.00684	0.00437	0.00421	0.00866	0.03073	0.03332	0.57447	0.07028	0.20778	0.00981	0.00533	0.00147	0.00226	0.00855	0.00479	0.00429
8	0.00606	0.00462	0.00558	0.00547	0.00667	0.00414	0.00413	0.00780	0.01169	0.01565	0.47869	0.06938	0.30511	0.01037	0.00541	0.00151	0.00231	0.04664	0.00465	0.00409
9	0.01557	0.00649	0.00821	0.00668	0.00922	0.00589	0.00537	0.03549	0.01183	0.48807	0.03383	0.01653	0.01207	0.02368	0.00450	0.00135	0.00326	0.00455	0.30108	0.00633
10	0.01161	0.00990	0.01044	0.00929	0.01191	0.01143	0.00725	0.06844	0.75938	0.01951	0.01801	0.01656	0.01348	0.00611	0.00461	0.00153	0.00367	0.00506	0.00461	0.00720
11	0.01122	0.01077	0.01839	0.02781	0.81248	0.01077	0.01391	0.01391	0.01032	0.01480	0.00852	0.01122	0.00718	0.00404	0.00449	0.00135	0.00538	0.00404	0.00224	0.00718
12	0.00640	0.00440	0.00505	0.00515	0.00538	0.00430	0.00311	0.00671	0.00745	0.00984	0.05063	0.10564	0.08664	0.63989	0.01883	0.00374	0.00396	0.02676	0.00313	0.00302
13	0.01073	0.01014	0.01510	0.04053	0.40832	0.04289	0.06742	0.03995	0.11990	0.01525	0.01314	0.04804	0.04327	0.00564	0.00470	0.00143	0.00500	0.05705	0.00295	0.04857
14	0.05532	0.04261	0.05305	0.01644	0.31814	0.12792	0.02039	0.11498	0.02368	0.09211	0.05089	0.01220	0.00930	0.00482	0.00430	0.00132	0.00525	0.00401	0.03671	0.00656
15	0.00655	0.00486	0.00660	0.00795	0.05357	0.00468	0.00551	0.02361	0.00957	0.01271	0.02474	0.51944	0.07990	0.01269	0.00572	0.00182	0.00317	0.19277	0.02005	0.00410
16	0.02697	0.00874	0.00993	0.00746	0.01112	0.00766	0.00598	0.15254	0.04630	0.03259	0.02588	0.04232	0.00887	0.00444	0.00377	0.00092	0.00362	0.00357	0.00326	0.59406
17	0.05752	0.01157	0.02843	0.09281	0.06201	0.13700	0.20972	0.04227	0.11348	0.04235	0.01270	0.05409	0.02329	0.00593	0.00494	0.00151	0.01580	0.07571	0.00307	0.00579
18	0.01051	0.00838	0.01135	0.04919	0.12841	0.02118	0.04984	0.06789	0.10337	0.07452	0.02856	0.11109	0.02753	0.05056	0.00563	0.00153	0.00426	0.06678	0.00349	0.17594

[dist]
# distance from previous block
# <min> <max>
0	2

[block]
# block no. 8 follows, 57 sequences, length 7
# corresponding to MSA columns:
# 441-447
name=unknown_I
#
# <colnr> <probs for GDERKNQSTAVLIFYWHMCP>
#	G	D	E	R	K	N	Q	S	T	A	V	L	I	F	Y	W	H	M	C	P
0	0.00693	0.14408	0.00843	0.00569	0.00734	0.00635	0.00456	0.00853	0.01109	0.01442	0.35861	0.08356	0.30540	0.00946	0.00497	0.00141	0.00267	0.00801	0.00416	0.00434
1	0.00579	0.00417	0.00539	0.00602	0.00648	0.00392	0.00409	0.00678	0.00923	0.01242	0.15540	0.55571	0.07710	0.08799	0.03540	0.00217	0.00301	0.01106	0.00414	0.00372
2	0.00867	0.02027	0.68218	0.01159	0.01717	0.00950	0.01441	0.01306	0.00907	0.01342	0.00915	0.01291	0.00753	0.14341	0.00742	0.00193	0.00631	0.00389	0.00205	0.00604
3	0.00628	0.00454	0.00564	0.00588	0.00657	0.00433	0.00407	0.00784	0.04600	0.01344	0.26289	0.33032	0.10814	0.12711	0.00846	0.03817	0.00279	0.00953	0.00417	0.00383
4	0.05785	0.01193	0.14353	0.00861	0.01164	0.09548	0.00791	0.18296	0.02955	0.09002	0.05965	0.01488	0.04700	0.00565	0.00436	0.00132	0.02206	0.00433	0.19539	0.00591
5	0.00679	0.00537	0.00649	0.00696	0.00772	0.03371	0.00508	0.00819	0.02747	0.01237	0.06534	0.49785	0.02574	0.05534	0.02738	0.00203	0.02635	0.12287	0.00392	0.05303
6	0.09254	0.09835	0.01179	0.00867	0.01142	0.14532	0.00705	0.12283	0.10211	0.19160	0.08557	0.01427	0.02813	0.00572	0.00460	0.00135	0.03618	0.00428	0.02202	0.00621

[dist]
# distance from previous block
# <min> <max>
1	4

[block]
# block no. 9 follows, 57 sequences, length 31
# corresponding to MSA columns:
# 452-482
name=unknown_J
#
# <colnr> <probs for GDERKNQSTAVLIFYWHMCP>
#	G	D	E	R	K	N	Q	S	T	A	V	L	I	F	Y	W	H	M	C	P
0	0.01179	0.01074	0.06754	0.01616	0.29748	0.00978	0.05259	0.07402	0.07162	0.08895	0.02705	0.01199	0.00857	0.00464	0.00491	0.00128	0.05133	0.00400	0.00302	0.18254
1	0.06029	0.00701	0.00786	0.00725	0.00926	0.04189	0.00589	0.01083	0.02701	0.05941	0.07020	0.05477	0.16946	0.00867	0.00541	0.00150	0.04520	0.22085	0.00374	0.18349
2	0.00923	0.01296	0.23804	0.06270	0.06416	0.00935	0.20896	0.03119	0.07843	0.01503	0.09880	0.01814	0.08815	0.02554	0.00531	0.00155	0.00551	0.01815	0.00293	0.00587
3	0.00931	0.00853	0.01387	0.72700	0.07537	0.01038	0.01239	0.06571	0.00998	0.01293	0.00828	0.01195	0.00622	0.00456	0.00453	0.00149	0.00593	0.00403	0.00220	0.00534
4	0.00691	0.00478	0.00620	0.04735	0.00797	0.00461	0.00460	0.02443	0.01033	0.04231	0.27659	0.33748	0.07345	0.10273	0.00734	0.00191	0.00290	0.00936	0.02467	0.00408
5	0.01352	0.07579	0.09256	0.01160	0.04305	0.05662	0.11821	0.27421	0.09013	0.06468	0.03416	0.01205	0.00896	0.00494	0.00440	0.00132	0.00525	0.00415	0.02032	0.06406
6	0.03307	0.08735	0.02454	0.02231	0.06551	0.08200	0.00837	0.31271	0.24972	0.02061	0.01264	0.01265	0.02114	0.00538	0.00431	0.00136	0.00477	0.00417	0.02048	0.00689
7	0.00943	0.00852	0.08275	0.00752	0.01036	0.00693	0.02173	0.04165	0.13883	0.07618	0.10933	0.02353	0.19274	0.01921	0.00486	0.00137	0.00351	0.03189	0.03546	0.17422
8	0.01104	0.26842	0.37402	0.01158	0.04005	0.08379	0.04700	0.04869	0.01026	0.01344	0.00811	0.02575	0.00659	0.00525	0.02655	0.00144	0.00626	0.00341	0.00216	0.00620
9	0.05476	0.24472	0.34270	0.01186	0.08829	0.04159	0.01176	0.01464	0.00985	0.08450	0.02527	0.00997	0.00713	0.00450	0.00422	0.00130	0.03087	0.00333	0.00240	0.00634
10	0.00594	0.00441	0.00555	0.00604	0.00685	0.00406	0.00443	0.00726	0.01015	0.01341	0.20681	0.37190	0.19702	0.02799	0.00598	0.00176	0.00268	0.10953	0.00435	0.00389
11	0.00827	0.00765	0.03512	0.02476	0.14826	0.01629	0.06081	0.03281	0.06978	0.02653	0.12168	0.08837	0.27457	0.00923	0.02907	0.00168	0.00401	0.03223	0.00371	0.00516
12	0.01424	0.08196	0.15215	0.02306	0.05470	0.20002	0.02860	0.25024	0.03516	0.06242	0.01058	0.03370	0.02269	0.00520	0.00433	0.00133	0.00589	0.00398	0.00321	0.00651
13	0.03573	0.01055	0.05216	0.03603	0.01315	0.07493	0.05377	0.18220	0.01334	0.27502	0.03620	0.04419	0.06034	0.00690	0.02701	0.00159	0.04701	0.00492	0.01852	0.00644
14	0.00603	0.00462	0.00552	0.00530	0.00653	0.00411	0.00397	0.00780	0.01192	0.01601	0.53153	0.03741	0.32267	0.01007	0.00535	0.00146	0.00220	0.00869	0.00470	0.00411
15	0.03796	0.00770	0.01087	0.04306	0.16018	0.00785	0.04302	0.09030	0.05171	0.08760	0.10081	0.22279	0.07780	0.00819	0.00526	0.00154	0.02675	0.00721	0.00382	0.00558
16	0.02740	0.04866	0.05893	0.02975	0.01424	0.04432	0.04817	0.41330	0.08272	0.10730	0.02514	0.01422	0.00981	0.00570	0.00457	0.00141	0.00501	0.04827	0.00409	0.00698
17	0.01157	0.00702	0.00844	0.00732	0.00946	0.00697	0.00572	0.10016	0.14261	0.21045	0.26302	0.09714	0.09476	0.00810	0.00499	0.00148	0.00316	0.00691	0.00489	0.00586
18	0.01070	0.01222	0.02674	0.01910	0.02368	0.01146	0.79603	0.01451	0.01070	0.01451	0.00917	0.01222	0.00688	0.00382	0.00535	0.00153	0.00764	0.00535	0.00229	0.00611
19	0.01054	0.10775	0.09039	0.09752	0.16109	0.02860	0.30303	0.01380	0.02584	0.01356	0.00910	0.01278	0.00752	0.00469	0.00537	0.00147	0.06053	0.03809	0.00229	0.00606
