[name]
unknown

[dist]
# distance from previous block
# <min> <max>
0	15

[block]
# block no. 0 follows, 51 sequences, length 44
# corresponding to MSA columns:
# 16-59
name=unknown_A
#
# <colnr> <probs for GDERKNQSTAVLIFYWHMCP>
#	G	D	E	R	K	N	Q	S	T	A	V	L	I	F	Y	W	H	M	C	P
0	0.01803	0.01425	0.01419	0.01243	0.07042	0.15225	0.00937	0.42923	0.07158	0.12908	0.01265	0.01299	0.00919	0.00582	0.00486	0.00147	0.00576	0.01421	0.00448	0.00776
1	0.01345	0.01201	0.01751	0.03538	0.55866	0.05898	0.01293	0.11333	0.01290	0.04421	0.01027	0.01251	0.00823	0.00477	0.00475	0.00143	0.00568	0.00434	0.06116	0.00750
2	0.05650	0.00939	0.01155	0.00926	0.01253	0.00935	0.02470	0.19456	0.08236	0.38315	0.08307	0.07179	0.01539	0.00695	0.00504	0.00156	0.00426	0.00574	0.00534	0.00752
3	0.01233	0.01173	0.01981	0.02967	0.77600	0.01177	0.01493	0.03529	0.01150	0.01645	0.00931	0.01215	0.00780	0.00442	0.00487	0.00146	0.00583	0.00438	0.00250	0.00780
4	0.00887	0.00920	0.08472	0.00778	0.00985	0.07820	0.00660	0.06314	0.01360	0.01819	0.45919	0.08318	0.11947	0.00942	0.00554	0.00156	0.00365	0.00806	0.00464	0.00514
5	0.01570	0.06908	0.01382	0.01025	0.01383	0.10515	0.00833	0.36051	0.14718	0.04247	0.03397	0.01287	0.01010	0.00561	0.00459	0.00135	0.00517	0.00426	0.00421	0.13155
6	0.03941	0.00830	0.01074	0.00868	0.01174	0.02550	0.03241	0.05045	0.02815	0.47860	0.09377	0.10355	0.03083	0.02266	0.00548	0.00161	0.00411	0.00627	0.00533	0.03240
7	0.01067	0.22506	0.60932	0.01262	0.01912	0.01341	0.01574	0.01535	0.01028	0.01457	0.00833	0.00976	0.00625	0.00455	0.00429	0.00143	0.00676	0.00338	0.00208	0.00703
8	0.00829	0.00427	0.00633	0.00644	0.00647	0.00424	0.00430	0.00644	0.00669	0.00893	0.01034	0.09345	0.01086	0.01691	0.01795	0.77405	0.00413	0.00521	0.00237	0.00231
9	0.01160	0.01131	0.01991	0.16758	0.58746	0.01162	0.08893	0.01470	0.01099	0.01541	0.00922	0.01243	0.00754	0.00445	0.00496	0.00151	0.00620	0.00451	0.00239	0.00726
10	0.01149	0.01099	0.01874	0.21240	0.61963	0.01150	0.01475	0.01450	0.01087	0.01524	0.00913	0.01238	0.00750	0.00450	0.00488	0.00150	0.00600	0.00438	0.00237	0.00724
11	0.00899	0.00835	0.01387	0.71868	0.03078	0.01034	0.01270	0.01198	0.00973	0.01254	0.01046	0.09174	0.00907	0.00601	0.00530	0.00168	0.02474	0.00530	0.00241	0.00531
12	0.00726	0.00535	0.00683	0.00640	0.00766	0.00508	0.00482	0.01025	0.05900	0.01976	0.74895	0.03564	0.04454	0.00985	0.00575	0.00155	0.00241	0.00869	0.00539	0.00482
13	0.01135	0.01085	0.01848	0.25177	0.58139	0.01146	0.01468	0.01437	0.01081	0.01507	0.00910	0.01243	0.00744	0.00453	0.00488	0.00151	0.00604	0.00438	0.00236	0.00713
14	0.01539	0.01152	0.01667	0.01493	0.12748	0.01181	0.15563	0.29910	0.06153	0.13831	0.01407	0.08631	0.01123	0.00627	0.00521	0.00157	0.00551	0.00568	0.00425	0.00752
15	0.00986	0.02542	0.80183	0.01401	0.02127	0.01141	0.01816	0.01556	0.01038	0.01556	0.00882	0.01038	0.00623	0.00467	0.00467	0.00156	0.00726	0.00363	0.00208	0.00726
16	0.00720	0.00555	0.00824	0.00815	0.00896	0.00659	0.00636	0.00889	0.00793	0.01147	0.01324	0.04572	0.01262	0.03449	0.73489	0.00737	0.05973	0.00550	0.00267	0.00443
17	0.00891	0.00629	0.00787	0.00811	0.00940	0.00637	0.00655	0.06324	0.05669	0.03718	0.05347	0.07107	0.07740	0.16175	0.00973	0.00253	0.00430	0.40002	0.00438	0.00476
18	0.01030	0.00998	0.01705	0.48623	0.22262	0.01161	0.06606	0.01334	0.01007	0.01358	0.00872	0.01265	0.00691	0.00508	0.00605	0.00164	0.08526	0.00446	0.00226	0.00611
19	0.00594	0.00446	0.00551	0.00635	0.00700	0.00403	0.00434	0.00690	0.00988	0.01274	0.03308	0.61880	0.23392	0.01462	0.00615	0.00191	0.00276	0.01302	0.00456	0.00403
20	0.00913	0.00816	0.01338	0.57898	0.10248	0.00966	0.01191	0.01198	0.00994	0.01329	0.01166	0.11851	0.01045	0.00628	0.00498	0.00163	0.00571	0.00563	0.06082	0.00543
21	0.01183	0.01276	0.04289	0.09781	0.07854	0.01198	0.60228	0.01574	0.01148	0.04964	0.01016	0.01326	0.00757	0.00433	0.00559	0.00163	0.00775	0.00548	0.00260	0.00668
22	0.01031	0.06433	0.01428	0.01098	0.03017	0.00841	0.19395	0.04591	0.01266	0.08176	0.21943	0.03785	0.14337	0.00843	0.00561	0.00164	0.00463	0.09641	0.00420	0.00568
23	0.01216	0.01168	0.01995	0.03016	0.79664	0.01168	0.01508	0.01508	0.01119	0.01605	0.00924	0.01216	0.00778	0.00438	0.00487	0.00146	0.00584	0.00438	0.00243	0.00778
24	0.00999	0.05709	0.01626	0.63619	0.16108	0.01154	0.01358	0.01311	0.01007	0.01309	0.00871	0.01264	0.00674	0.00478	0.00480	0.00157	0.00636	0.00427	0.00222	0.00590
25	0.00880	0.02464	0.00936	0.00833	0.00930	0.00834	0.00640	0.05527	0.06487	0.01368	0.08865	0.02162	0.01570	0.19167	0.32083	0.00476	0.13402	0.00578	0.00319	0.00478
26	0.01216	0.01168	0.01995	0.03016	0.79664	0.01168	0.01508	0.01508	0.01119	0.01605	0.00924	0.01216	0.00778	0.00438	0.00487	0.00146	0.00584	0.00438	0.00243	0.00778
27	0.00961	0.00926	0.01610	0.60882	0.11143	0.01075	0.08747	0.01281	0.01022	0.01327	0.01130	0.01501	0.05268	0.00522	0.00505	0.00162	0.00641	0.00486	0.00238	0.00574
28	0.01999	0.06864	0.08905	0.00919	0.01332	0.00846	0.00833	0.02225	0.01341	0.65549	0.02952	0.01579	0.01170	0.00587	0.00480	0.00149	0.00453	0.00471	0.00540	0.00805
29	0.01314	0.83025	0.02575	0.00841	0.01261	0.01945	0.00841	0.01472	0.00999	0.01156	0.00683	0.00788	0.00631	0.00420	0.00315	0.00105	0.00526	0.00263	0.00210	0.00631
30	0.01077	0.16429	0.53710	0.01505	0.09529	0.01292	0.06817	0.01538	0.01047	0.01492	0.00859	0.01031	0.00647	0.00452	0.00450	0.00147	0.00684	0.00368	0.00214	0.00710
31	0.00856	0.00651	0.00712	0.00667	0.00813	0.06202	0.00501	0.01052	0.01323	0.07110	0.52282	0.08090	0.15841	0.01011	0.00567	0.00157	0.00297	0.00874	0.00507	0.00485
32	0.01179	0.01120	0.01899	0.02845	0.74029	0.01117	0.01434	0.01467	0.01138	0.01632	0.06527	0.01392	0.01054	0.00478	0.00493	0.00147	0.00559	0.00470	0.00265	0.00756
33	0.00916	0.00937	0.10643	0.00804	0.01046	0.02948	0.00702	0.08608	0.08173	0.03560	0.21373	0.15007	0.21372	0.00984	0.00552	0.00164	0.00372	0.00839	0.00451	0.00550
34	0.02012	0.00829	0.01139	0.00883	0.01239	0.00732	0.02445	0.03679	0.02693	0.67909	0.09421	0.01852	0.01535	0.00643	0.00504	0.00153	0.00411	0.00534	0.00590	0.00795
35	0.00858	0.00429	0.00627	0.00627	0.00635	0.00429	0.00421	0.00676	0.00668	0.00923	0.00907	0.01518	0.00883	0.01626	0.01808	0.79592	0.00413	0.00429	0.06299	0.00231
36	0.01535	0.09642	0.01305	0.01051	0.01304	0.48496	0.00822	0.01710	0.03232	0.05862	0.01532	0.01783	0.10663	0.00662	0.00466	0.00139	0.00683	0.05850	0.02698	0.00566
37	0.03171	0.01292	0.03188	0.13869	0.17989	0.14287	0.17102	0.02756	0.01116	0.01447	0.01058	0.05939	0.00950	0.00609	0.00631	0.00164	0.09209	0.04340	0.00267	0.00616
38	0.01836	0.02323	0.01394	0.01263	0.01519	0.79154	0.00949	0.03500	0.01411	0.01241	0.00768	0.00892	0.00637	0.00508	0.00444	0.00127	0.00879	0.00319	0.00258	0.00575
39	0.00923	0.00844	0.01516	0.39189	0.05772	0.00927	0.15721	0.01160	0.00976	0.01285	0.01205	0.13814	0.01135	0.00800	0.00710	0.10804	0.00597	0.01845	0.00265	0.00513
40	0.01140	0.08650	0.08843	0.06602	0.35572	0.05357	0.06469	0.01469	0.03844	0.01556	0.05675	0.02991	0.02862	0.00534	0.00475	0.00145	0.00564	0.00482	0.06100	0.00672
41	0.01046	0.09033	0.11355	0.12291	0.21184	0.01862	0.05928	0.03338	0.01140	0.02880	0.11808	0.05430	0.07297	0.00650	0.00528	0.00154	0.02570	0.00569	0.00310	0.00627
42	0.00773	0.00594	0.00812	0.00853	0.00941	0.00634	0.00702	0.00962	0.01104	0.01492	0.16894	0.16007	0.05522	0.01253	0.00765	0.00205	0.10496	0.39094	0.00440	0.00456
43	0.01343	0.04203	0.11147	0.01228	0.07549	0.17758	0.00984	0.10478	0.21372	0.03811	0.01362	0.04961	0.01116	0.00836	0.06212	0.00196	0.00632	0.01851	0.02283	0.00677

[dist]
# distance from previous block
# <min> <max>
1	4

[block]
# block no. 1 follows, 51 sequences, length 10
# corresponding to MSA columns:
# 64-73
name=unknown_B
#
# <colnr> <probs for GDERKNQSTAVLIFYWHMCP>
#	G	D	E	R	K	N	Q	S	T	A	V	L	I	F	Y	W	H	M	C	P
0	0.01137	0.09209	0.01156	0.00991	0.06022	0.03245	0.00730	0.11087	0.04540	0.09220	0.06881	0.27688	0.05219	0.00978	0.00605	0.00170	0.05519	0.04597	0.00423	0.00582
1	0.00704	0.00530	0.00674	0.00784	0.05720	0.00498	0.00513	0.03349	0.01081	0.01449	0.09244	0.45265	0.20509	0.01266	0.00581	0.00178	0.00296	0.01122	0.05787	0.00450
2	0.01052	0.08177	0.20946	0.00972	0.01337	0.00919	0.04544	0.06099	0.03765	0.08684	0.12806	0.02299	0.14761	0.01041	0.08706	0.00219	0.00568	0.02121	0.00373	0.00609
3	0.01285	0.07190	0.22121	0.01106	0.05909	0.04070	0.01031	0.06112	0.02765	0.16342	0.07138	0.03469	0.02366	0.00658	0.00495	0.00152	0.01545	0.06514	0.09068	0.00663
4	0.01016	0.09264	0.51724	0.17563	0.02336	0.01210	0.07243	0.01489	0.01032	0.01461	0.00871	0.01092	0.00639	0.00464	0.00467	0.00154	0.00702	0.00385	0.00213	0.00677
5	0.01220	0.12052	0.18831	0.01368	0.01799	0.07957	0.21136	0.09331	0.01194	0.01591	0.01001	0.06236	0.00853	0.00558	0.00577	0.00151	0.07446	0.00478	0.00273	0.05948
6	0.01372	0.07434	0.05511	0.08762	0.41413	0.11711	0.01298	0.13543	0.01318	0.01722	0.00919	0.01135	0.00740	0.00475	0.00468	0.00143	0.00625	0.00406	0.00277	0.00727
7	0.01063	0.06495	0.19253	0.32544	0.06698	0.05106	0.04888	0.03327	0.02943	0.02875	0.06279	0.02979	0.02371	0.00552	0.00487	0.00155	0.00623	0.00473	0.00271	0.00619
8	0.00953	0.00653	0.00769	0.04775	0.00905	0.06456	0.00544	0.00990	0.08323	0.01095	0.01117	0.06614	0.01064	0.01384	0.01434	0.56732	0.00449	0.00495	0.04913	0.00336
9	0.01221	0.01185	0.09792	0.06073	0.03485	0.06860	0.07467	0.08448	0.15335	0.09422	0.02709	0.19526	0.01521	0.00790	0.00570	0.00168	0.03708	0.00681	0.00395	0.00645

[dist]
# distance from previous block
# <min> <max>
8	20

[block]
# block no. 2 follows, 51 sequences, length 15
# corresponding to MSA columns:
# 96-110
name=unknown_C
#
# <colnr> <probs for GDERKNQSTAVLIFYWHMCP>
#	G	D	E	R	K	N	Q	S	T	A	V	L	I	F	Y	W	H	M	C	P
0	0.05938	0.00909	0.10561	0.00813	0.01071	0.00723	0.00717	0.09480	0.01342	0.13106	0.32040	0.14025	0.05498	0.00892	0.00535	0.00160	0.00369	0.00763	0.00476	0.00582
1	0.08350	0.15013	0.07078	0.12790	0.01661	0.04633	0.00957	0.24388	0.06453	0.06605	0.06524	0.01324	0.01057	0.00559	0.00450	0.00145	0.00531	0.00428	0.00370	0.00686
2	0.05804	0.00588	0.00633	0.04542	0.00848	0.00611	0.00474	0.03493	0.06465	0.01803	0.01629	0.10934	0.01401	0.00672	0.00397	0.00132	0.00290	0.00554	0.55006	0.03724
3	0.11674	0.00667	0.00836	0.00914	0.03966	0.00686	0.00737	0.04850	0.01187	0.01715	0.12977	0.04283	0.04445	0.01119	0.00599	0.00199	0.00417	0.47795	0.00440	0.00494
4	0.01198	0.01149	0.01961	0.08091	0.74734	0.01163	0.01499	0.01492	0.01110	0.01583	0.00921	0.01222	0.00770	0.00441	0.00487	0.00147	0.00588	0.00438	0.00242	0.00763
5	0.01072	0.01188	0.09477	0.35323	0.36747	0.01137	0.05192	0.01412	0.01057	0.01454	0.00903	0.01243	0.00711	0.00462	0.00491	0.00155	0.00639	0.00437	0.00230	0.00671
6	0.03929	0.00858	0.01127	0.00873	0.01236	0.00774	0.00718	0.07840	0.01460	0.67926	0.06546	0.01738	0.01381	0.00628	0.00495	0.00152	0.00415	0.00509	0.00589	0.00807
7	0.01070	0.02273	0.63320	0.01451	0.02102	0.01193	0.10031	0.06876	0.01129	0.01652	0.00906	0.01080	0.00652	0.00484	0.00524	0.00158	0.03753	0.00395	0.00232	0.00720
8	0.00739	0.00549	0.00653	0.00609	0.00754	0.00511	0.00462	0.05277	0.01357	0.01854	0.51784	0.03752	0.24769	0.01031	0.00566	0.00156	0.00254	0.00888	0.03563	0.00471
9	0.01065	0.00859	0.00997	0.00884	0.01112	0.00921	0.02944	0.13023	0.30041	0.02022	0.20573	0.07523	0.10551	0.00876	0.00545	0.00166	0.00369	0.04406	0.00491	0.00631
10	0.11512	0.06656	0.01186	0.12755	0.05268	0.02840	0.00811	0.20663	0.01310	0.01905	0.01356	0.03639	0.04569	0.03963	0.06559	0.00209	0.00543	0.03414	0.10245	0.00595
11	0.01263	0.01035	0.01079	0.00931	0.01168	0.07266	0.00731	0.28219	0.10383	0.02021	0.05491	0.08545	0.06854	0.03326	0.13595	0.00265	0.02419	0.00605	0.01889	0.02915
12	0.01357	0.55244	0.10900	0.01118	0.06866	0.11512	0.01012	0.04585	0.01112	0.01314	0.00751	0.00873	0.00648	0.00444	0.00367	0.00118	0.00597	0.00300	0.00229	0.00652
13	0.66497	0.01108	0.00847	0.00747	0.01047	0.10545	0.00603	0.03476	0.00990	0.07244	0.02637	0.00944	0.00693	0.00488	0.00344	0.00149	0.00443	0.00306	0.00328	0.00563
14	0.05863	0.22056	0.17717	0.00997	0.01392	0.03234	0.00989	0.14283	0.01285	0.07839	0.06992	0.01571	0.05972	0.00620	0.00512	0.00146	0.05164	0.02371	0.00340	0.00658

[dist]
# distance from previous block
# <min> <max>
1	5

[block]
# block no. 3 follows, 51 sequences, length 76
# corresponding to MSA columns:
# 116-184,186-192
name=unknown_D
#
# <colnr> <probs for GDERKNQSTAVLIFYWHMCP>
#	G	D	E	R	K	N	Q	S	T	A	V	L	I	F	Y	W	H	M	C	P
0	0.01093	0.03028	0.02476	0.01798	0.02222	0.01141	0.61142	0.01504	0.04499	0.01553	0.01333	0.06897	0.02834	0.00577	0.00580	0.00170	0.00731	0.05502	0.00290	0.00631
1	0.03663	0.01205	0.01549	0.04956	0.09127	0.06342	0.10439	0.23417	0.10265	0.02036	0.09598	0.01509	0.01252	0.00631	0.00657	0.00161	0.11631	0.00505	0.00374	0.00683
2	0.04179	0.00668	0.00743	0.00680	0.00856	0.00688	0.00519	0.05826	0.14531	0.06580	0.22905	0.06054	0.05739	0.03702	0.00551	0.00159	0.00304	0.00663	0.24102	0.00551
3	0.01067	0.00923	0.01131	0.05046	0.01313	0.00855	0.00717	0.02692	0.05474	0.02757	0.00925	0.01102	0.00765	0.00471	0.00571	0.00107	0.12674	0.00341	0.00296	0.60771
4	0.00614	0.00499	0.00544	0.00533	0.00684	0.00429	0.00400	0.00770	0.01199	0.01515	0.26697	0.04421	0.57629	0.01175	0.00580	0.00163	0.00244	0.00994	0.00481	0.00429
5	0.01097	0.00982	0.01533	0.21613	0.39253	0.01056	0.01211	0.01536	0.11659	0.01602	0.01228	0.01474	0.02651	0.00516	0.00475	0.00150	0.00526	0.00469	0.10293	0.00676
6	0.00806	0.00668	0.00753	0.00767	0.04259	0.00655	0.00554	0.04609	0.15269	0.01631	0.12854	0.07535	0.42411	0.01066	0.00564	0.00167	0.00310	0.04132	0.00467	0.00522
7	0.00601	0.00497	0.00526	0.00543	0.00690	0.00426	0.00408	0.00728	0.01103	0.01334	0.05693	0.10916	0.65741	0.02727	0.00625	0.00178	0.00269	0.06125	0.00455	0.00415
8	0.01660	0.02009	0.01561	0.01322	0.01622	0.58422	0.11401	0.05218	0.02646	0.01374	0.00850	0.01006	0.00691	0.00563	0.02260	0.00145	0.00833	0.00365	0.00270	0.05782
9	0.02173	0.00887	0.01172	0.00898	0.01280	0.00797	0.00742	0.09473	0.01491	0.72807	0.01868	0.01627	0.01181	0.00607	0.00494	0.00152	0.00430	0.00489	0.00597	0.00836
10	0.00693	0.00502	0.00654	0.00616	0.00733	0.00463	0.00462	0.00923	0.01385	0.01957	0.77854	0.03693	0.06196	0.01010	0.00580	0.00155	0.00232	0.00892	0.00539	0.00463
11	0.01458	0.01117	0.01142	0.00992	0.01293	0.07457	0.00778	0.03613	0.54992	0.16451	0.01847	0.01696	0.01347	0.00634	0.00491	0.00158	0.00436	0.00516	0.00495	0.03088
12	0.01051	0.00872	0.01022	0.00732	0.01167	0.00657	0.00586	0.01269	0.01030	0.03737	0.00902	0.01037	0.00741	0.00371	0.00367	0.00075	0.00365	0.00297	0.00300	0.83421
13	0.00583	0.00488	0.00508	0.00523	0.00670	0.00413	0.00385	0.00702	0.01096	0.01318	0.04669	0.15316	0.69077	0.01285	0.00587	0.00171	0.00254	0.01086	0.00456	0.00413
14	0.01019	0.00873	0.01019	0.00728	0.01165	0.00655	0.00582	0.01237	0.01019	0.01601	0.00873	0.01019	0.00728	0.00364	0.00364	0.00073	0.00364	0.00291	0.00291	0.85734
15	0.01306	0.01231	0.01150	0.01036	0.01311	0.12062	0.00801	0.02523	0.68230	0.01939	0.01831	0.01704	0.01382	0.00645	0.00492	0.00161	0.00457	0.00523	0.00466	0.00749
16	0.00780	0.00560	0.00792	0.00889	0.00999	0.00572	0.00768	0.00999	0.01085	0.01426	0.02427	0.05051	0.02610	0.01675	0.11596	0.00303	0.00570	0.66021	0.00427	0.00451
17	0.00702	0.00527	0.00790	0.00790	0.00878	0.00614	0.00614	0.00878	0.00790	0.01141	0.01316	0.01931	0.01229	0.03686	0.80782	0.00790	0.01316	0.00527	0.00263	0.00439
18	0.01171	0.01006	0.01067	0.00971	0.01236	0.01153	0.00759	0.02446	0.71455	0.01994	0.02174	0.02143	0.05397	0.00726	0.00512	0.00169	0.00385	0.03995	0.00496	0.00745
19	0.00854	0.00427	0.00640	0.00640	0.00640	0.00427	0.00427	0.00640	0.00640	0.00854	0.00854	0.01494	0.00854	0.01707	0.01921	0.85702	0.00427	0.00427	0.00213	0.00213
20	0.02171	0.00829	0.01130	0.00869	0.01243	0.00716	0.00716	0.02362	0.01406	0.78248	0.03682	0.01718	0.01293	0.00617	0.00496	0.00152	0.00414	0.00503	0.00607	0.00828
21	0.01019	0.00873	0.01019	0.00728	0.01165	0.00655	0.00582	0.01237	0.01019	0.01601	0.00873	0.01019	0.00728	0.00364	0.00364	0.00073	0.00364	0.00291	0.00291	0.85734
22	0.00799	0.00688	0.00707	0.00669	0.00873	0.00690	0.00511	0.01354	0.27561	0.01575	0.03964	0.03743	0.52919	0.01048	0.00553	0.00166	0.00297	0.00873	0.00471	0.00538
23	0.01160	0.01326	0.02900	0.02071	0.02568	0.01243	0.77879	0.01574	0.01160	0.01574	0.00994	0.01326	0.00746	0.00414	0.00580	0.00166	0.00829	0.00580	0.00249	0.00663
24	0.01153	0.01279	0.02638	0.02040	0.08538	0.01273	0.61325	0.01516	0.01101	0.01523	0.00941	0.01283	0.00735	0.00477	0.00713	0.00171	0.11848	0.00548	0.00244	0.00655
25	0.01836	0.02342	0.01393	0.01266	0.01519	0.80756	0.00950	0.01962	0.01393	0.01203	0.00760	0.00886	0.00633	0.00506	0.00443	0.00127	0.00886	0.00317	0.00253	0.00570
26	0.00715	0.00476	0.00536	0.00536	0.00536	0.00476	0.00298	0.00715	0.00715	0.00953	0.01548	0.03216	0.01787	0.82729	0.02501	0.00476	0.00476	0.00715	0.00298	0.00298
27	0.00792	0.00566	0.00792	0.00905	0.01018	0.00566	0.00792	0.01018	0.01131	0.01471	0.02602	0.05543	0.02828	0.01358	0.00679	0.00226	0.00453	0.76356	0.00453	0.00453
28	0.00709	0.00511	0.00675	0.00657	0.00773	0.00478	0.00508	0.00940	0.01356	0.01903	0.68937	0.03926	0.04390	0.01053	0.00593	0.00164	0.00262	0.11174	0.00529	0.00462
29	0.01026	0.06338	0.65831	0.01465	0.02144	0.01195	0.12134	0.01555	0.01052	0.01539	0.00887	0.01065	0.00640	0.00457	0.00475	0.00155	0.00730	0.00388	0.00213	0.00713
30	0.01314	0.83025	0.02575	0.00841	0.01261	0.01945	0.00841	0.01472	0.00999	0.01156	0.00683	0.00788	0.00631	0.00420	0.00315	0.00105	0.00526	0.00263	0.00210	0.00631
31	0.00986	0.02542	0.80183	0.01401	0.02127	0.01141	0.01816	0.01556	0.01038	0.01556	0.00882	0.01038	0.00623	0.00467	0.00467	0.00156	0.00726	0.00363	0.00208	0.00726
32	0.01222	0.01071	0.01232	0.01275	0.11961	0.01215	0.00877	0.02461	0.68192	0.01994	0.01854	0.01749	0.01402	0.00636	0.00498	0.00164	0.00415	0.00540	0.00465	0.00778
33	0.00709	0.00594	0.04241	0.00654	0.00797	0.00494	0.00525	0.00956	0.01375	0.01952	0.75866	0.03552	0.04456	0.00980	0.00575	0.00155	0.00254	0.00865	0.00526	0.00476
34	0.00599	0.00428	0.00570	0.00684	0.00713	0.00399	0.00456	0.00684	0.00941	0.01254	0.02709	0.82409	0.03250	0.01540	0.00627	0.00200	0.00285	0.01397	0.00456	0.00399
35	0.01183	0.01116	0.01501	0.01268	0.01322	0.01508	0.01056	0.11655	0.00965	0.01444	0.00718	0.01089	0.00671	0.00823	0.01460	0.00206	0.70751	0.00432	0.00253	0.00578
36	0.01836	0.02342	0.01393	0.01266	0.01519	0.80756	0.00950	0.01962	0.01393	0.01203	0.00760	0.00886	0.00633	0.00506	0.00443	0.00127	0.00886	0.00317	0.00253	0.00570
37	0.00581	0.00498	0.00498	0.00498	0.00664	0.00415	0.00373	0.00705	0.01120	0.01328	0.04978	0.04729	0.79464	0.01245	0.00581	0.00166	0.00249	0.01037	0.00456	0.00415
38	0.01019	0.00873	0.01019	0.00728	0.01165	0.00655	0.00582	0.01237	0.01019	0.01601	0.00873	0.01019	0.00728	0.00364	0.00364	0.00073	0.00364	0.00291	0.00291	0.85734
39	0.00702	0.00527	0.00790	0.00790	0.00878	0.00614	0.00614	0.00878	0.00790	0.01141	0.01316	0.01931	0.01229	0.03686	0.80782	0.00790	0.01316	0.00527	0.00263	0.00439
40	0.00763	0.00556	0.00752	0.00850	0.00970	0.00545	0.00735	0.00976	0.01130	0.01451	0.02926	0.05432	0.13273	0.01342	0.00665	0.00218	0.00425	0.66091	0.00453	0.00447
41	0.86201	0.00950	0.00722	0.00646	0.00950	0.01102	0.00532	0.01445	0.00836	0.02205	0.00684	0.00798	0.00532	0.00456	0.00304	0.00152	0.00380	0.00266	0.00304	0.00532
42	0.01314	0.83025	0.02575	0.00841	0.01261	0.01945	0.00841	0.01472	0.00999	0.01156	0.00683	0.00788	0.00631	0.00420	0.00315	0.00105	0.00526	0.00263	0.00210	0.00631
43	0.01024	0.04117	0.67828	0.01609	0.12675	0.01162	0.01752	0.01548	0.01048	0.01554	0.00883	0.01056	0.00644	0.00462	0.00466	0.00153	0.00702	0.00371	0.00212	0.00731
44	0.00635	0.00498	0.00574	0.00558	0.00698	0.00437	0.00417	0.00808	0.01243	0.01626	0.39660	0.05936	0.42877	0.01139	0.00581	0.00161	0.00242	0.00976	0.00496	0.00437
45	0.00675	0.00550	0.00888	0.00873	0.00966	0.00514	0.11008	0.00806	0.00971	0.01298	0.02475	0.71358	0.02909	0.01386	0.00621	0.00195	0.00359	0.01286	0.00428	0.00435
46	0.01287	0.68263	0.05838	0.00888	0.01302	0.01810	0.00876	0.01631	0.11600	0.01297	0.00872	0.00942	0.00749	0.00456	0.00347	0.00116	0.00516	0.00307	0.00250	0.00655
47	0.01165	0.01287	0.02683	0.02186	0.15041	0.01244	0.61648	0.01544	0.01133	0.01560	0.00966	0.01295	0.00746	0.00440	0.00616	0.00165	0.04810	0.00549	0.00246	0.00675
48	0.01314	0.83025	0.02575	0.00841	0.01261	0.01945	0.00841	0.01472	0.00999	0.01156	0.00683	0.00788	0.00631	0.00420	0.00315	0.00105	0.00526	0.00263	0.00210	0.00631
49	0.74587	0.01167	0.11552	0.00749	0.01111	0.01108	0.00707	0.01460	0.00864	0.02116	0.00711	0.00831	0.00545	0.00458	0.00326	0.00153	0.00427	0.00279	0.00291	0.00559
50	0.01303	0.01125	0.01382	0.01528	0.21205	0.01247	0.00983	0.11885	0.49378	0.02073	0.01623	0.01594	0.01233	0.00599	0.00496	0.00159	0.00458	0.00511	0.00434	0.00785
51	0.00715	0.00476	0.00536	0.00536	0.00536	0.00476	0.00298	0.00715	0.00715	0.00953	0.01548	0.03216	0.01787	0.82729	0.02501	0.00476	0.00476	0.00715	0.00298	0.00298
52	0.00583	0.00488	0.00508	0.00523	0.00670	0.00413	0.00385	0.00702	0.01096	0.01318	0.04669	0.15316	0.69077	0.01285	0.00587	0.00171	0.00254	0.01086	0.00456	0.00413
53	0.12614	0.05809	0.65994	0.01274	0.01929	0.01171	0.01599	0.01537	0.01008	0.01627	0.00846	0.00994	0.00611	0.00463	0.00438	0.00153	0.00670	0.00346	0.00221	0.00696
54	0.00986	0.02542	0.80183	0.01401	0.02127	0.01141	0.01816	0.01556	0.01038	0.01556	0.00882	0.01038	0.00623	0.00467	0.00467	0.00156	0.00726	0.00363	0.00208	0.00726
55	0.00599	0.00428	0.00570	0.00684	0.00713	0.00399	0.00456	0.00684	0.00941	0.01254	0.02709	0.82409	0.03250	0.01540	0.00627	0.00200	0.00285	0.01397	0.00456	0.00399
56	0.00584	0.00485	0.00511	0.00532	0.00673	0.00412	0.00389	0.00701	0.01087	0.01314	0.04557	0.19139	0.65326	0.01299	0.00589	0.00172	0.00256	0.01104	0.00456	0.00412
57	0.12799	0.01138	0.01821	0.02693	0.68936	0.01159	0.01375	0.01500	0.01080	0.01687	0.00892	0.01159	0.00745	0.00440	0.00462	0.00147	0.00556	0.00414	0.00252	0.00745
58	0.01836	0.02342	0.01393	0.01266	0.01519	0.80756	0.00950	0.01962	0.01393	0.01203	0.00760	0.00886	0.00633	0.00506	0.00443	0.00127	0.00886	0.00317	0.00253	0.00570
59	0.00702	0.00527	0.00790	0.00790	0.00878	0.00614	0.00614	0.00878	0.00790	0.01141	0.01316	0.01931	0.01229	0.03686	0.80782	0.00790	0.01316	0.00527	0.00263	0.00439
60	0.01269	0.72056	0.13152	0.00917	0.01379	0.01835	0.00974	0.01483	0.01004	0.01211	0.00710	0.00822	0.00630	0.00427	0.00336	0.00112	0.00553	0.00276	0.00210	0.00644
61	0.82048	0.01019	0.00755	0.00677	0.00978	0.05023	0.00553	0.01470	0.00864	0.02156	0.00688	0.00803	0.00537	0.00459	0.00311	0.00151	0.00405	0.00269	0.00302	0.00534
62	0.01203	0.01154	0.01971	0.06555	0.76226	0.01164	0.01502	0.01497	0.01113	0.01590	0.00922	0.01221	0.00773	0.00440	0.00487	0.00147	0.00587	0.00438	0.00242	0.00768
63	0.00696	0.00502	0.00657	0.00618	0.00734	0.00464	0.00464	0.00927	0.01391	0.01971	0.79405	0.03671	0.04637	0.01005	0.00580	0.00155	0.00232	0.00889	0.00541	0.00464
64	0.01075	0.01075	0.01505	0.01290	0.01290	0.01505	0.01075	0.01183	0.00753	0.01183	0.00645	0.01075	0.00645	0.00860	0.01613	0.00215	0.81830	0.00430	0.00215	0.00538
65	0.78387	0.04985	0.00832	0.00666	0.00979	0.01127	0.00556	0.01487	0.00869	0.05521	0.00739	0.00836	0.00567	0.00461	0.00313	0.00150	0.00389	0.00276	0.00313	0.00550
66	0.01247	0.68345	0.05784	0.11865	0.01588	0.01794	0.00954	0.01446	0.00998	0.01187	0.00718	0.00870	0.00634	0.00432	0.00346	0.00115	0.00552	0.00291	0.00211	0.00623
67	0.12677	0.05042	0.01640	0.36653	0.30600	0.01165	0.02638	0.01389	0.01016	0.01513	0.00859	0.01181	0.00683	0.00462	0.00457	0.00153	0.00588	0.00408	0.00239	0.00635
68	0.01144	0.17039	0.46566	0.01275	0.05143	0.01271	0.01406	0.01714	0.11652	0.05420	0.02259	0.01179	0.00841	0.00500	0.00447	0.00147	0.00614	0.00389	0.00274	0.00719
69	0.16759	0.01086	0.01151	0.00903	0.01276	0.01120	0.00735	0.29095	0.10603	0.09387	0.01178	0.01192	0.00866	0.00519	0.00427	0.00132	0.00438	0.00390	0.00419	0.22324
70	0.67505	0.01092	0.00885	0.00760	0.01077	0.05096	0.00622	0.14676	0.01118	0.02309	0.00773	0.00868	0.00590	0.00482	0.00343	0.00150	0.00433	0.00299	0.00334	0.00586
71	0.00694	0.00468	0.00542	0.00563	0.00568	0.00463	0.00326	0.00709	0.00755	0.01007	0.01757	0.17437	0.02049	0.68150	0.02165	0.00427	0.00442	0.00837	0.00326	0.00316
72	0.00657	0.00514	0.00610	0.00663	0.00794	0.00466	0.00531	0.00813	0.01103	0.01370	0.03876	0.14066	0.43564	0.01319	0.00621	0.00191	0.00325	0.27637	0.00455	0.00426
73	0.01300	0.79541	0.05934	0.00865	0.01299	0.01910	0.00883	0.01475	0.01000	0.01174	0.00692	0.00799	0.00630	0.00422	0.00322	0.00107	0.00534	0.00267	0.00210	0.00635
74	0.01339	0.79346	0.02526	0.00854	0.01273	0.01926	0.00845	0.04921	0.01058	0.01244	0.00706	0.00806	0.00640	0.00428	0.00323	0.00107	0.00526	0.00271	0.00223	0.00640
75	0.01669	0.01377	0.08150	0.01319	0.01757	0.01312	0.17811	0.42452	0.04064	0.13186	0.01243	0.01287	0.00870	0.00546	0.00510	0.00153	0.00598	0.00476	0.00432	0.00787

[dist]
# distance from previous block
# <min> <max>
0	4

[block]
# block no. 4 follows, 51 sequences, length 24
# corresponding to MSA columns:
# 197-220
name=unknown_E
#
# <colnr> <probs for GDERKNQSTAVLIFYWHMCP>
#	G	D	E	R	K	N	Q	S	T	A	V	L	I	F	Y	W	H	M	C	P
0	0.00621	0.00489	0.00566	0.00613	0.00726	0.00439	0.00450	0.00768	0.02476	0.01350	0.06556	0.32264	0.41659	0.01340	0.00604	0.00183	0.00281	0.07734	0.00460	0.00421
1	0.00721	0.00484	0.00558	0.00568	0.00578	0.00484	0.00341	0.00741	0.00751	0.00998	0.01640	0.03419	0.01878	0.75617	0.02342	0.00455	0.00474	0.07326	0.00311	0.00311
2	0.00688	0.00499	0.00649	0.00617	0.00731	0.00460	0.00461	0.00911	0.01366	0.01924	0.74199	0.06673	0.06910	0.01032	0.00581	0.00157	0.00234	0.00913	0.00535	0.00460
3	0.01094	0.27965	0.53569	0.01242	0.01865	0.01398	0.03543	0.01530	0.01028	0.01430	0.00822	0.00966	0.00628	0.00451	0.00422	0.00140	0.00666	0.00337	0.00209	0.00694
4	0.00599	0.00428	0.00570	0.00684	0.00713	0.00399	0.00456	0.00684	0.00941	0.01254	0.02709	0.82409	0.03250	0.01540	0.00627	0.00200	0.00285	0.01397	0.00456	0.00399
5	0.00689	0.00500	0.00632	0.00599	0.00721	0.00458	0.00449	0.00909	0.01348	0.01892	0.68241	0.03733	0.13191	0.01018	0.00572	0.00155	0.00234	0.00892	0.03310	0.00458
6	0.01421	0.08782	0.01594	0.01265	0.01424	0.35082	0.03344	0.01550	0.01057	0.01201	0.00708	0.00978	0.00642	0.00658	0.00973	0.00166	0.37990	0.00372	0.00232	0.00563
7	0.02109	0.00895	0.03199	0.00896	0.01279	0.00766	0.00754	0.02387	0.06467	0.72852	0.01915	0.01667	0.01220	0.00608	0.00494	0.00153	0.00424	0.00495	0.00591	0.00830
8	0.00599	0.00428	0.00570	0.00684	0.00713	0.00399	0.00456	0.00684	0.00941	0.01254	0.02709	0.82409	0.03250	0.01540	0.00627	0.00200	0.00285	0.01397	0.00456	0.00399
9	0.00868	0.00585	0.00761	0.00794	0.00939	0.00565	0.00659	0.02275	0.03559	0.07349	0.13179	0.09710	0.14593	0.01217	0.00625	0.00197	0.00378	0.40780	0.00479	0.00489
10	0.01261	0.01251	0.02085	0.14013	0.11075	0.08007	0.34774	0.04089	0.04965	0.06165	0.01074	0.02548	0.00829	0.00490	0.00544	0.00157	0.02187	0.00508	0.00289	0.03688
11	0.00895	0.00766	0.00923	0.07886	0.01152	0.07229	0.00694	0.04826	0.02653	0.01247	0.01255	0.01912	0.01180	0.14166	0.48040	0.00575	0.03330	0.00522	0.00279	0.00468
12	0.01079	0.02718	0.17596	0.01548	0.02005	0.01108	0.37804	0.01511	0.05092	0.02796	0.01050	0.01328	0.00818	0.00838	0.10038	0.00230	0.03597	0.00493	0.00263	0.08088
13	0.05601	0.11186	0.18117	0.04082	0.15692	0.03970	0.03858	0.06678	0.10613	0.03234	0.03452	0.01446	0.05447	0.00547	0.00460	0.00145	0.00550	0.00450	0.00312	0.04161
14	0.02682	0.13184	0.09917	0.08635	0.41863	0.01197	0.01276	0.02828	0.01096	0.01520	0.01234	0.01436	0.07603	0.00514	0.00461	0.00142	0.00556	0.00450	0.00258	0.03146
15	0.01180	0.47213	0.22015	0.01035	0.03236	0.05166	0.01067	0.01440	0.01025	0.01293	0.00926	0.08007	0.00864	0.00533	0.00392	0.00127	0.00568	0.00395	0.00236	0.03281
16	0.01116	0.08666	0.20771	0.03782	0.22287	0.01025	0.05606	0.01430	0.01108	0.08372	0.05473	0.08605	0.05947	0.00636	0.00491	0.00152	0.00540	0.00561	0.02767	0.00664
17	0.02657	0.11860	0.38473	0.01423	0.12464	0.01154	0.04332	0.04681	0.01142	0.02688	0.08906	0.01455	0.04042	0.00543	0.00467	0.00147	0.00593	0.00450	0.00278	0.02245
18	0.01277	0.08910	0.23880	0.08225	0.17872	0.01177	0.01269	0.07222	0.09305	0.10575	0.01222	0.01323	0.02611	0.00520	0.00468	0.00148	0.00570	0.00430	0.00320	0.02677
19	0.05020	0.07572	0.24579	0.02762	0.18831	0.05940	0.03972	0.06096	0.02772	0.09563	0.01215	0.02891	0.04022	0.00534	0.00467	0.00148	0.00593	0.00442	0.00304	0.02277
20	0.02633	0.04470	0.10272	0.01378	0.09752	0.11528	0.11648	0.10731	0.08235	0.07597	0.04976	0.03711	0.03341	0.00588	0.00513	0.00149	0.02340	0.00500	0.02267	0.03368
21	0.06356	0.07629	0.07974	0.08059	0.14958	0.06360	0.00995	0.06486	0.13511	0.03907	0.06076	0.01479	0.03583	0.00552	0.00456	0.00141	0.00509	0.00451	0.00337	0.10182
22	0.04320	0.13774	0.09105	0.08942	0.22516	0.01149	0.03303	0.06121	0.03222	0.04616	0.04978	0.04474	0.05509	0.00599	0.00472	0.00147	0.00524	0.02603	0.00312	0.03315
23	0.02534	0.06062	0.07080	0.05566	0.26539	0.02734	0.01082	0.09151	0.08659	0.09637	0.03319	0.04275	0.01088	0.02413	0.00535	0.00154	0.01749	0.00481	0.02761	0.04181

[dist]
# distance from previous block
# <min> <max>
2	111

[block]
# block no. 5 follows, 51 sequences, length 45
# corresponding to MSA columns:
# 338-377,379-383
name=unknown_F
#
# <colnr> <probs for GDERKNQSTAVLIFYWHMCP>
#	G	D	E	R	K	N	Q	S	T	A	V	L	I	F	Y	W	H	M	C	P
0	0.07195	0.10131	0.14279	0.01335	0.14832	0.09886	0.01036	0.06988	0.03721	0.05614	0.06724	0.04408	0.01152	0.00566	0.00452	0.00139	0.00542	0.01614	0.00321	0.09065
1	0.04177	0.04992	0.08217	0.09568	0.27736	0.06873	0.02968	0.01433	0.03206	0.04475	0.11737	0.04100	0.03530	0.01880	0.00522	0.00155	0.00538	0.01680	0.00317	0.01899
2	0.10811	0.06372	0.07390	0.01631	0.28706	0.02337	0.01049	0.06799	0.08760	0.05422	0.06624	0.01541	0.04694	0.00629	0.02252	0.00160	0.00512	0.00470	0.00337	0.03504
3	0.01288	0.21828	0.22098	0.02297	0.06424	0.11115	0.04284	0.07829	0.04572	0.03913	0.04074	0.02524	0.00952	0.00585	0.01689	0.00151	0.02022	0.01398	0.00287	0.00669
4	0.04854	0.13245	0.21915	0.01560	0.19558	0.05553	0.04490	0.01706	0.05757	0.11770	0.02123	0.01202	0.00849	0.00488	0.00451	0.00143	0.00587	0.00402	0.00301	0.03046
5	0.01093	0.01150	0.08324	0.09398	0.30123	0.06698	0.01130	0.01451	0.08003	0.03407	0.02493	0.16063	0.02492	0.00716	0.00513	0.00159	0.00530	0.02773	0.00323	0.03160
6	0.01086	0.02354	0.09277	0.08980	0.01631	0.00829	0.09308	0.01366	0.01054	0.06288	0.01002	0.03448	0.00812	0.00442	0.00425	0.00109	0.00484	0.00388	0.00293	0.50422
7	0.00715	0.00476	0.00536	0.00536	0.00536	0.00476	0.00298	0.00715	0.00715	0.00953	0.01548	0.03216	0.01787	0.82729	0.02501	0.00476	0.00476	0.00715	0.00298	0.00298
8	0.01019	0.00873	0.01019	0.00728	0.01165	0.00655	0.00582	0.01237	0.01019	0.01601	0.00873	0.01019	0.00728	0.00364	0.00364	0.00073	0.00364	0.00291	0.00291	0.85734
9	0.01404	0.00982	0.01147	0.00987	0.04527	0.01032	0.00761	0.28664	0.04836	0.12017	0.05234	0.01948	0.13113	0.00711	0.00585	0.00150	0.07394	0.00552	0.06626	0.07329
10	0.00909	0.00727	0.00877	0.00781	0.00986	0.03592	0.03787	0.02281	0.01054	0.03530	0.05035	0.03218	0.11182	0.19840	0.00989	0.00228	0.00436	0.19177	0.00371	0.21002
11	0.00975	0.00884	0.04589	0.01100	0.06654	0.00857	0.08572	0.01321	0.09570	0.06734	0.14542	0.02827	0.22689	0.00880	0.00702	0.00171	0.11719	0.04237	0.00404	0.00573
12	0.00597	0.00498	0.00520	0.00515	0.00674	0.00422	0.00386	0.00737	0.01159	0.01419	0.15543	0.04579	0.68843	0.01211	0.00581	0.00164	0.00246	0.01016	0.00468	0.00422
13	0.00715	0.00476	0.00536	0.00536	0.00536	0.00476	0.00298	0.00715	0.00715	0.00953	0.01548	0.03216	0.01787	0.82729	0.02501	0.00476	0.00476	0.00715	0.00298	0.00298
14	0.01276	0.03950	0.15945	0.01719	0.02196	0.17735	0.44087	0.01683	0.03738	0.01499	0.00951	0.01187	0.00723	0.00451	0.00522	0.00154	0.00800	0.00478	0.00250	0.00657
15	0.02168	0.00864	0.01154	0.00888	0.01267	0.00768	0.00733	0.05624	0.03250	0.74908	0.01908	0.01655	0.01207	0.00609	0.00494	0.00152	0.00423	0.00493	0.00601	0.00835
16	0.00600	0.00501	0.00525	0.00525	0.00684	0.00425	0.00398	0.00739	0.01147	0.01395	0.12061	0.04659	0.69274	0.01226	0.00584	0.00167	0.00255	0.03949	0.00464	0.00421
17	0.01883	0.01353	0.01460	0.01120	0.01512	0.01489	0.00925	0.74745	0.02271	0.06433	0.01213	0.01201	0.00852	0.00591	0.00492	0.00148	0.00535	0.00445	0.00497	0.00836
18	0.01659	0.01222	0.01579	0.01208	0.01579	0.02689	0.13984	0.46240	0.01841	0.12102	0.01400	0.06222	0.02379	0.02852	0.00570	0.00163	0.00559	0.00545	0.00452	0.00754
19	0.01078	0.01027	0.01583	0.01314	0.01585	0.09625	0.27356	0.01357	0.01210	0.04584	0.10452	0.03215	0.02009	0.00870	0.00600	0.00183	0.00604	0.30417	0.00376	0.00554
20	0.00715	0.00476	0.00536	0.00536	0.00536	0.00476	0.00298	0.00715	0.00715	0.00953	0.01548	0.03216	0.01787	0.82729	0.02501	0.00476	0.00476	0.00715	0.00298	0.00298
21	0.01044	0.00888	0.01032	0.00740	0.01175	0.00681	0.00593	0.03505	0.01057	0.01646	0.00883	0.01024	0.00731	0.00371	0.00368	0.00075	0.00369	0.00296	0.00297	0.83226
22	0.03022	0.75734	0.07953	0.00876	0.01315	0.01871	0.00903	0.01477	0.00998	0.01206	0.00697	0.00806	0.00628	0.00424	0.00326	0.00110	0.00537	0.00270	0.00212	0.00635
23	0.01178	0.01120	0.01895	0.02830	0.72710	0.01126	0.01440	0.01458	0.01108	0.01582	0.01041	0.03682	0.00933	0.00515	0.00518	0.00152	0.02001	0.03701	0.00258	0.00750
24	0.86201	0.00950	0.00722	0.00646	0.00950	0.01102	0.00532	0.01445	0.00836	0.02205	0.00684	0.00798	0.00532	0.00456	0.00304	0.00152	0.00380	0.00266	0.00304	0.00532
25	0.05942	0.08144	0.01448	0.20542	0.04109	0.06963	0.03372	0.11282	0.29497	0.01833	0.01292	0.01380	0.00981	0.00556	0.00468	0.00154	0.00538	0.00452	0.00363	0.00684
26	0.01424	0.00882	0.01075	0.00790	0.01207	0.00711	0.00640	0.04694	0.01192	0.26147	0.01219	0.01230	0.00885	0.00449	0.00410	0.00101	0.00388	0.00361	0.00398	0.55798
27	0.01118	0.16407	0.46071	0.01446	0.02055	0.01295	0.19583	0.01569	0.01070	0.03637	0.00902	0.01079	0.00669	0.00450	0.00468	0.00149	0.00707	0.00400	0.00229	0.00697
28	0.01017	0.08103	0.71245	0.01392	0.02087	0.01202	0.05215	0.01551	0.01040	0.01529	0.00873	0.01033	0.00629	0.00461	0.00461	0.00153	0.00717	0.00366	0.00210	0.00717
29	0.00602	0.00434	0.00564	0.00665	0.00702	0.00403	0.00444	0.00687	0.00945	0.01248	0.02822	0.73912	0.08512	0.04673	0.00697	0.00208	0.00290	0.01345	0.00450	0.00396
30	0.01033	0.00980	0.01663	0.53060	0.31056	0.01119	0.01417	0.01347	0.01032	0.01383	0.00892	0.01276	0.00700	0.00472	0.00490	0.00157	0.00629	0.00437	0.00227	0.00630
31	0.01051	0.17480	0.63690	0.01314	0.01978	0.01293	0.03659	0.01541	0.01034	0.01482	0.00848	0.00999	0.00627	0.00457	0.00442	0.00147	0.00692	0.00350	0.00209	0.00707
32	0.01208	0.01159	0.01980	0.05225	0.77518	0.01165	0.01504	0.01501	0.01115	0.01596	0.00923	0.01219	0.00775	0.00439	0.00487	0.00146	0.00586	0.00438	0.00243	0.00772
33	0.00702	0.00527	0.00790	0.00790	0.00878	0.00614	0.00614	0.00878	0.00790	0.01141	0.01316	0.01931	0.01229	0.03686	0.80782	0.00790	0.01316	0.00527	0.00263	0.00439
34	0.00594	0.00498	0.00516	0.00512	0.00672	0.00421	0.00384	0.00731	0.01152	0.01402	0.13620	0.04607	0.70777	0.01217	0.00581	0.00165	0.00247	0.01020	0.00466	0.00421
35	0.01032	0.02406	0.72022	0.01504	0.07517	0.01156	0.01764	0.04181	0.01087	0.01613	0.00895	0.01055	0.00641	0.00469	0.00469	0.00155	0.00710	0.00371	0.00220	0.00734
36	0.00599	0.00428	0.00570	0.00684	0.00713	0.00399	0.00456	0.00684	0.00941	0.01254	0.02709	0.82409	0.03250	0.01540	0.00627	0.00200	0.00285	0.01397	0.00456	0.00399
37	0.01250	0.01070	0.01127	0.01006	0.01289	0.01235	0.00785	0.05882	0.75460	0.02101	0.01965	0.01805	0.01471	0.00663	0.00500	0.00166	0.00396	0.00551	0.00500	0.00780
38	0.01114	0.02034	0.54422	0.01380	0.07289	0.01100	0.01510	0.10280	0.01240	0.04477	0.09413	0.01372	0.01111	0.00542	0.00484	0.00154	0.00631	0.00439	0.00292	0.00718
39	0.01026	0.00903	0.01444	0.57455	0.08189	0.01102	0.01250	0.03332	0.01018	0.04050	0.00964	0.03022	0.00765	0.00560	0.00612	0.00166	0.09555	0.00459	0.03556	0.00572
40	0.01163	0.00922	0.01229	0.05498	0.01395	0.00976	0.09233	0.21197	0.13539	0.03721	0.08420	0.18297	0.04017	0.02032	0.00581	0.00175	0.00460	0.06074	0.00444	0.00626
41	0.01314	0.83025	0.02575	0.00841	0.01261	0.01945	0.00841	0.01472	0.00999	0.01156	0.00683	0.00788	0.00631	0.00420	0.00315	0.00105	0.00526	0.00263	0.00210	0.00631
42	0.01019	0.00873	0.01019	0.00728	0.01165	0.00655	0.00582	0.01237	0.01019	0.01601	0.00873	0.01019	0.00728	0.00364	0.00364	0.00073	0.00364	0.00291	0.00291	0.85734
43	0.01586	0.07376	0.13723	0.01231	0.01559	0.52823	0.01062	0.03687	0.05225	0.01344	0.00886	0.02783	0.00739	0.00540	0.00487	0.00137	0.03573	0.00363	0.00265	0.00610
44	0.04418	0.00782	0.01059	0.16845	0.01531	0.00783	0.00775	0.03615	0.04586	0.36747	0.13856	0.01970	0.03672	0.00658	0.00492	0.00153	0.00419	0.00550	0.06420	0.00670

[dist]
# distance from previous block
# <min> <max>
0	1

[block]
# block no. 6 follows, 51 sequences, length 15
# corresponding to MSA columns:
# 385-399
name=unknown_G
#
# <colnr> <probs for GDERKNQSTAVLIFYWHMCP>
#	G	D	E	R	K	N	Q	S	T	A	V	L	I	F	Y	W	H	M	C	P
0	0.01019	0.00873	0.01019	0.00728	0.01165	0.00655	0.00582	0.01237	0.01019	0.01601	0.00873	0.01019	0.00728	0.00364	0.00364	0.00073	0.00364	0.00291	0.00291	0.85734
1	0.01072	0.00957	0.01302	0.00933	0.01376	0.00772	0.11472	0.04294	0.01089	0.01656	0.00902	0.01068	0.00735	0.00380	0.00399	0.00089	0.00436	0.00338	0.00293	0.70436
2	0.01058	0.02283	0.63977	0.01462	0.02118	0.01187	0.10824	0.05758	0.01113	0.01631	0.00904	0.01081	0.00650	0.00481	0.00520	0.00158	0.03453	0.00396	0.00228	0.00718
3	0.00916	0.00458	0.00458	0.00458	0.00573	0.00458	0.00344	0.01145	0.01031	0.01832	0.01603	0.01832	0.01260	0.00573	0.00344	0.00115	0.00229	0.00458	0.85457	0.00458
4	0.01164	0.01005	0.01055	0.00954	0.01222	0.01148	0.00741	0.02437	0.71667	0.01989	0.02273	0.02099	0.08637	0.00720	0.00507	0.00167	0.00376	0.00600	0.00496	0.00745
5	0.01128	0.00870	0.01030	0.00741	0.01173	0.00661	0.00595	0.01343	0.01055	0.08778	0.00971	0.01079	0.00773	0.00386	0.00376	0.00080	0.00369	0.00310	0.00320	0.77962
6	0.01836	0.02342	0.01393	0.01266	0.01519	0.80756	0.00950	0.01962	0.01393	0.01203	0.00760	0.00886	0.00633	0.00506	0.00443	0.00127	0.00886	0.00317	0.00253	0.00570
7	0.00581	0.00498	0.00498	0.00498	0.00664	0.00415	0.00373	0.00705	0.01120	0.01328	0.04978	0.04729	0.79464	0.01245	0.00581	0.00166	0.00249	0.01037	0.00456	0.00415
8	0.01314	0.83025	0.02575	0.00841	0.01261	0.01945	0.00841	0.01472	0.00999	0.01156	0.00683	0.00788	0.00631	0.00420	0.00315	0.00105	0.00526	0.00263	0.00210	0.00631
9	0.86201	0.00950	0.00722	0.00646	0.00950	0.01102	0.00532	0.01445	0.00836	0.02205	0.00684	0.00798	0.00532	0.00456	0.00304	0.00152	0.00380	0.00266	0.00304	0.00532
10	0.01034	0.00929	0.07258	0.00800	0.01179	0.00678	0.02338	0.01304	0.02871	0.07791	0.13068	0.01846	0.06719	0.00577	0.00444	0.00112	0.00382	0.02179	0.00365	0.48124
11	0.01298	0.01260	0.01327	0.05536	0.19636	0.19675	0.00964	0.08513	0.06267	0.03764	0.03294	0.05987	0.05563	0.05411	0.00674	0.00173	0.05052	0.02881	0.02105	0.00619
12	0.02185	0.00868	0.01160	0.00889	0.01270	0.00769	0.00735	0.06760	0.01459	0.75565	0.01895	0.01644	0.01195	0.00607	0.00494	0.00152	0.00425	0.00491	0.00602	0.00836
13	0.01092	0.01747	0.39298	0.04601	0.16385	0.01072	0.10173	0.01505	0.01088	0.06694	0.01340	0.01494	0.07924	0.00548	0.00529	0.00158	0.02911	0.00477	0.00269	0.00696
14	0.01814	0.01387	0.01414	0.01102	0.01471	0.06494	0.00903	0.68963	0.02182	0.02907	0.01177	0.01197	0.00846	0.00584	0.00480	0.00144	0.00546	0.00435	0.05157	0.00798

[dist]
# distance from previous block
# <min> <max>
0	48

[block]
# block no. 7 follows, 51 sequences, length 26
# corresponding to MSA columns:
# 448-457,471-486
name=unknown_H
#
# <colnr> <probs for GDERKNQSTAVLIFYWHMCP>
#	G	D	E	R	K	N	Q	S	T	A	V	L	I	F	Y	W	H	M	C	P
0	0.00696	0.00502	0.00657	0.00618	0.00734	0.00464	0.00464	0.00927	0.01391	0.01971	0.79405	0.03671	0.04637	0.01005	0.00580	0.00155	0.00232	0.00889	0.00541	0.00464
1	0.01289	0.01060	0.01293	0.00993	0.03631	0.00966	0.05170	0.24448	0.01420	0.02051	0.00974	0.01091	0.00763	0.00437	0.00418	0.00103	0.00450	0.00358	0.00348	0.52734
2	0.00952	0.00898	0.01518	0.74959	0.09784	0.01098	0.01377	0.01277	0.00994	0.01285	0.00878	0.01302	0.00665	0.00487	0.00491	0.00162	0.00649	0.00437	0.00220	0.00565
3	0.01051	0.05985	0.72118	0.01369	0.02053	0.05958	0.01722	0.01577	0.01057	0.01518	0.00866	0.01018	0.00623	0.00467	0.00459	0.00152	0.00727	0.00356	0.00210	0.00713
