[name]
unknown

[dist]
# distance from previous block
# <min> <max>
0	51

[block]
# block no. 0 follows, 53 sequences, length 30
# corresponding to MSA columns:
# 483,501-529
name=unknown_A
#
# <colnr> <probs for GDERKNQSTAVLIFYWHMCP>
#	G	D	E	R	K	N	Q	S	T	A	V	L	I	F	Y	W	H	M	C	P
0	0.00988	0.04090	0.63677	0.01357	0.04833	0.01061	0.03476	0.01473	0.01030	0.03615	0.01058	0.02794	0.00856	0.00546	0.00475	0.00157	0.00661	0.06934	0.00239	0.00679
1	0.15685	0.01932	0.01304	0.01146	0.01421	0.57726	0.03454	0.09224	0.01344	0.01520	0.00774	0.00890	0.00622	0.00489	0.00418	0.00130	0.00747	0.00320	0.00277	0.00576
2	0.86579	0.00924	0.00702	0.00629	0.00924	0.01072	0.00518	0.01405	0.00813	0.02144	0.00666	0.00776	0.00518	0.00444	0.00296	0.00148	0.00370	0.00259	0.00296	0.00518
3	0.44179	0.03985	0.00980	0.00755	0.01091	0.00984	0.00629	0.06990	0.01136	0.33269	0.01182	0.01138	0.00805	0.00510	0.00382	0.00146	0.00400	0.00358	0.00422	0.00658
4	0.01650	0.01197	0.01297	0.01039	0.01386	0.01325	0.00844	0.48505	0.26086	0.09329	0.01458	0.01386	0.01045	0.00598	0.00481	0.00150	0.00470	0.00469	0.00490	0.00795
5	0.05771	0.00911	0.01124	0.04458	0.01302	0.00903	0.00742	0.18779	0.05315	0.44209	0.09951	0.01681	0.01415	0.00620	0.00480	0.00148	0.00421	0.00501	0.00524	0.00746
6	0.01220	0.01964	0.56407	0.01199	0.01788	0.00997	0.01433	0.04251	0.01147	0.18207	0.05926	0.01300	0.00973	0.00519	0.00467	0.00150	0.00608	0.00414	0.00313	0.00717
7	0.01557	0.01502	0.01493	0.01312	0.06251	0.22701	0.03864	0.31433	0.03566	0.01938	0.00922	0.01073	0.00729	0.00597	0.00711	0.00154	0.18794	0.00403	0.00333	0.00668
8	0.00655	0.00450	0.00530	0.00564	0.00580	0.00438	0.00340	0.00686	0.00780	0.01033	0.02001	0.27768	0.05632	0.54410	0.01789	0.00367	0.00396	0.00913	0.00344	0.00325
9	0.00711	0.00508	0.00572	0.00579	0.00620	0.00511	0.00359	0.00852	0.07657	0.01095	0.01997	0.14851	0.08652	0.56918	0.01834	0.00371	0.00410	0.00806	0.00343	0.00355
10	0.01045	0.00570	0.00738	0.00655	0.00838	0.00507	0.00505	0.01237	0.01294	0.22676	0.44254	0.08020	0.13868	0.00938	0.00545	0.00154	0.00279	0.00812	0.00527	0.00537
11	0.05061	0.01321	0.01310	0.02179	0.01414	0.09834	0.00843	0.51788	0.05071	0.03743	0.03144	0.01184	0.00895	0.00549	0.00455	0.00135	0.00523	0.00411	0.00425	0.09712
12	0.00959	0.02472	0.80726	0.01362	0.02069	0.01110	0.01766	0.01514	0.01009	0.01514	0.00858	0.01009	0.00605	0.00454	0.00454	0.00151	0.00706	0.00353	0.00202	0.00706
13	0.01329	0.69736	0.05766	0.00889	0.01295	0.09401	0.00872	0.03829	0.01048	0.01203	0.00695	0.00798	0.00619	0.00424	0.00330	0.00108	0.00553	0.00270	0.00217	0.00618
14	0.00876	0.00684	0.00851	0.00862	0.03597	0.02081	0.02499	0.09156	0.07839	0.03292	0.08285	0.42805	0.08921	0.01142	0.00594	0.00176	0.02571	0.02825	0.00439	0.00506
15	0.01124	0.02566	0.08458	0.04574	0.04716	0.00808	0.02987	0.05368	0.02969	0.08443	0.01092	0.06082	0.00910	0.00483	0.00415	0.00108	0.00433	0.00406	0.00319	0.47739
16	0.00659	0.00483	0.00618	0.00595	0.00706	0.00442	0.00442	0.00865	0.01298	0.01810	0.67544	0.09060	0.11624	0.01035	0.00567	0.00154	0.00231	0.00912	0.00513	0.00442
17	0.80269	0.02856	0.00779	0.00661	0.00960	0.03540	0.00545	0.03048	0.00864	0.02110	0.00678	0.00787	0.00529	0.00447	0.00304	0.00146	0.00391	0.00264	0.00296	0.00527
18	0.05675	0.20668	0.03484	0.00967	0.01354	0.01398	0.00847	0.38386	0.04279	0.16647	0.01166	0.01146	0.00836	0.00532	0.00429	0.00136	0.00493	0.00392	0.00419	0.00748
19	0.00780	0.00713	0.02769	0.00748	0.00947	0.01849	0.05263	0.01183	0.15898	0.01588	0.21175	0.09741	0.32027	0.00980	0.00545	0.00159	0.00324	0.00849	0.00447	0.02017
20	0.00593	0.00483	0.00525	0.00519	0.00664	0.00415	0.00388	0.00739	0.01149	0.01444	0.23380	0.06968	0.58742	0.01162	0.00566	0.00160	0.00239	0.00985	0.00464	0.00415
21	0.81367	0.00920	0.00747	0.05581	0.01068	0.01072	0.00567	0.01394	0.00822	0.02088	0.00677	0.00807	0.00525	0.00446	0.00307	0.00149	0.00386	0.00269	0.00291	0.00518
22	0.01119	0.00943	0.01346	0.03376	0.11795	0.00969	0.11111	0.09904	0.18894	0.04874	0.14860	0.03264	0.07404	0.00677	0.00528	0.00152	0.01846	0.01541	0.00404	0.04992
23	0.00590	0.00431	0.00556	0.00639	0.00690	0.00396	0.00436	0.00692	0.00980	0.01300	0.10915	0.65970	0.11821	0.01412	0.00600	0.00186	0.00268	0.01269	0.00452	0.00396
24	0.22820	0.01081	0.04240	0.30172	0.10645	0.04670	0.01053	0.08013	0.03164	0.03574	0.00870	0.01107	0.00667	0.00501	0.00495	0.00154	0.05521	0.00380	0.00276	0.00596
25	0.00635	0.00487	0.00581	0.00558	0.00689	0.00433	0.00418	0.00822	0.01255	0.01685	0.52094	0.03952	0.32529	0.01064	0.00564	0.00154	0.00232	0.00918	0.00496	0.00433
26	0.01084	0.01168	0.01019	0.02086	0.01095	0.26688	0.00728	0.01205	0.01069	0.01257	0.09885	0.19616	0.07826	0.03483	0.02772	0.00189	0.17330	0.00694	0.00328	0.00477
27	0.86579	0.00924	0.00702	0.00629	0.00924	0.01072	0.00518	0.01405	0.00813	0.02144	0.00666	0.00776	0.00518	0.00444	0.00296	0.00148	0.00370	0.00259	0.00296	0.00518
28	0.01356	0.62054	0.07592	0.00936	0.01333	0.17414	0.00903	0.01530	0.01049	0.01160	0.00692	0.00802	0.00613	0.00428	0.00341	0.00110	0.00593	0.00272	0.00212	0.00608
29	0.01016	0.00825	0.00971	0.00712	0.01109	0.00635	0.00567	0.01243	0.02323	0.04637	0.04474	0.03059	0.00966	0.00423	0.00376	0.00082	0.00349	0.00346	0.00313	0.75574

[dist]
# distance from previous block
# <min> <max>
1	9

[block]
# block no. 1 follows, 53 sequences, length 9
# corresponding to MSA columns:
# 542-550
name=unknown_B
#
# <colnr> <probs for GDERKNQSTAVLIFYWHMCP>
#	G	D	E	R	K	N	Q	S	T	A	V	L	I	F	Y	W	H	M	C	P
0	0.78230	0.00932	0.00800	0.04477	0.05141	0.01075	0.00604	0.01400	0.00834	0.02072	0.00686	0.00820	0.00536	0.00444	0.00313	0.00148	0.00392	0.00275	0.00289	0.00531
1	0.01387	0.59702	0.02156	0.00913	0.01284	0.14884	0.00836	0.06093	0.06457	0.01302	0.00792	0.00874	0.00683	0.00449	0.00349	0.00112	0.00561	0.00294	0.00247	0.00625
2	0.00572	0.00484	0.00494	0.00491	0.00650	0.00406	0.00369	0.00699	0.01106	0.01330	0.09463	0.04537	0.75382	0.01196	0.00565	0.00161	0.00241	0.01000	0.00449	0.00406
3	0.01394	0.06428	0.22370	0.03144	0.02944	0.08080	0.03819	0.11201	0.10135	0.16902	0.07727	0.01436	0.01170	0.00559	0.00469	0.00146	0.00551	0.00451	0.00376	0.00700
4	0.00594	0.00424	0.00568	0.00679	0.00712	0.00398	0.00464	0.00685	0.00926	0.01233	0.02628	0.78124	0.03136	0.01487	0.00613	0.00196	0.00287	0.06011	0.00443	0.00391
5	0.01216	0.01002	0.01384	0.35227	0.06872	0.01178	0.01090	0.21085	0.08343	0.04299	0.01068	0.01311	0.00814	0.00735	0.05451	0.00195	0.07326	0.00443	0.00321	0.00639
6	0.00591	0.00427	0.00553	0.00643	0.00684	0.00396	0.00432	0.00682	0.00944	0.01254	0.07185	0.69573	0.08777	0.04596	0.00674	0.00200	0.00279	0.01279	0.00442	0.00389
7	0.01090	0.01258	0.10205	0.26208	0.13987	0.01159	0.31592	0.05846	0.01122	0.01525	0.00921	0.01232	0.00696	0.00444	0.00509	0.00156	0.00694	0.00472	0.00242	0.00643
8	0.00942	0.02280	0.72125	0.06158	0.02077	0.01075	0.01676	0.01467	0.01022	0.01516	0.04664	0.01148	0.00795	0.00481	0.00461	0.00152	0.00679	0.00382	0.00218	0.00684

[dist]
# distance from previous block
# <min> <max>
0	2

[block]
# block no. 2 follows, 53 sequences, length 8
# corresponding to MSA columns:
# 553-560
name=unknown_C
#
# <colnr> <probs for GDERKNQSTAVLIFYWHMCP>
#	G	D	E	R	K	N	Q	S	T	A	V	L	I	F	Y	W	H	M	C	P
0	0.02556	0.00991	0.01504	0.18417	0.28101	0.01085	0.03951	0.08536	0.06527	0.03251	0.03256	0.05619	0.02403	0.02173	0.00619	0.00162	0.07719	0.00509	0.00301	0.02320
1	0.14539	0.52318	0.04682	0.00951	0.04605	0.11189	0.00842	0.01521	0.03272	0.01345	0.00727	0.00835	0.00629	0.00434	0.00337	0.00117	0.00536	0.00281	0.00233	0.00605
2	0.08569	0.01055	0.01199	0.00927	0.01294	0.01076	0.00764	0.37096	0.01696	0.31743	0.01485	0.01397	0.03429	0.00578	0.00460	0.00142	0.00450	0.00445	0.00494	0.05703
3	0.07535	0.00850	0.00986	0.00722	0.01129	0.00679	0.00582	0.01374	0.01030	0.12511	0.00979	0.01063	0.00759	0.00393	0.00367	0.00087	0.00362	0.00309	0.00327	0.67956
4	0.00649	0.00480	0.00606	0.00590	0.00701	0.00437	0.00437	0.00844	0.01267	0.01747	0.60274	0.11913	0.16149	0.01067	0.00569	0.00157	0.00233	0.00938	0.00505	0.00437
5	0.09397	0.02904	0.13615	0.03188	0.04334	0.00921	0.03556	0.06471	0.10308	0.20556	0.10124	0.04086	0.05889	0.00691	0.01725	0.00161	0.00464	0.00535	0.00414	0.00661
6	0.00589	0.00476	0.00502	0.00509	0.00636	0.00412	0.00364	0.00695	0.01034	0.01264	0.07585	0.10647	0.59904	0.12281	0.00820	0.00204	0.00274	0.00988	0.00427	0.00389
7	0.01329	0.02860	0.05576	0.00849	0.01126	0.00848	0.00715	0.13483	0.10067	0.23459	0.10939	0.11084	0.10525	0.00856	0.01975	0.00167	0.02353	0.00666	0.00475	0.00648

[dist]
# distance from previous block
# <min> <max>
0	2

[block]
# block no. 3 follows, 53 sequences, length 33
# corresponding to MSA columns:
# 563-595
name=unknown_D
#
# <colnr> <probs for GDERKNQSTAVLIFYWHMCP>
#	G	D	E	R	K	N	Q	S	T	A	V	L	I	F	Y	W	H	M	C	P
0	0.01463	0.01217	0.04024	0.01043	0.01379	0.01318	0.00860	0.36680	0.41983	0.02437	0.01549	0.01471	0.01139	0.00608	0.00482	0.00153	0.00456	0.00484	0.00473	0.00780
1	0.01181	0.01134	0.01877	0.09681	0.70809	0.02505	0.01435	0.02870	0.01103	0.01552	0.00897	0.01185	0.00745	0.00434	0.00473	0.00143	0.00578	0.00424	0.00239	0.00735
2	0.01619	0.14520	0.08184	0.01239	0.04242	0.59789	0.00997	0.01788	0.01258	0.01205	0.00743	0.00871	0.00619	0.00474	0.00416	0.00123	0.00786	0.00308	0.00236	0.00583
3	0.00589	0.00421	0.00551	0.00652	0.00681	0.00393	0.00432	0.00668	0.00907	0.01204	0.02629	0.75800	0.05266	0.06465	0.00720	0.00210	0.00288	0.01308	0.00434	0.00383
4	0.01227	0.00941	0.01017	0.00898	0.01166	0.01040	0.00703	0.06088	0.56069	0.09809	0.04520	0.02124	0.10858	0.00716	0.00497	0.00159	0.00368	0.00594	0.00493	0.00714
5	0.00586	0.00419	0.00558	0.00663	0.00694	0.00391	0.00444	0.00676	0.00934	0.01250	0.05958	0.79482	0.03219	0.01475	0.00608	0.00192	0.00275	0.01338	0.00447	0.00391
6	0.01133	0.03215	0.01051	0.04971	0.09133	0.00855	0.00727	0.07733	0.18228	0.12676	0.09857	0.09319	0.17478	0.00815	0.00512	0.00156	0.00379	0.00694	0.00445	0.00622
7	0.00996	0.00900	0.01434	0.40906	0.22067	0.01023	0.01185	0.05721	0.01119	0.01520	0.13616	0.01604	0.01301	0.00566	0.00536	0.00155	0.03979	0.00496	0.00284	0.00591
8	0.01186	0.01133	0.11822	0.05028	0.12987	0.00861	0.06860	0.01511	0.04080	0.12820	0.01090	0.02684	0.00841	0.00453	0.00434	0.00120	0.00486	0.00399	0.00314	0.34892
9	0.00582	0.00416	0.00555	0.00666	0.00693	0.00388	0.00444	0.00666	0.00915	0.01220	0.02634	0.82891	0.03161	0.01497	0.00610	0.00194	0.00277	0.01359	0.00444	0.00388
10	0.01278	0.83490	0.02505	0.00818	0.01227	0.01891	0.00818	0.01431	0.00971	0.01125	0.00664	0.00767	0.00613	0.00409	0.00307	0.00102	0.00511	0.00256	0.00204	0.00613
11	0.01137	0.01089	0.01857	0.15830	0.67682	0.01124	0.01444	0.01427	0.01067	0.01506	0.00891	0.01198	0.00738	0.00434	0.00474	0.00145	0.00579	0.00426	0.00233	0.00720
12	0.00959	0.02472	0.80726	0.01362	0.02069	0.01110	0.01766	0.01514	0.01009	0.01514	0.00858	0.01009	0.00605	0.00454	0.00454	0.00151	0.00706	0.00353	0.00202	0.00706
13	0.75119	0.01132	0.11413	0.00727	0.01077	0.01077	0.00685	0.01420	0.00840	0.02060	0.00691	0.00808	0.00529	0.00445	0.00317	0.00148	0.00415	0.00271	0.00283	0.00543
14	0.00768	0.00928	0.13619	0.02617	0.11439	0.00673	0.04503	0.01019	0.01125	0.01511	0.20507	0.08033	0.29586	0.00899	0.00536	0.00157	0.00391	0.00785	0.00383	0.00522
15	0.02618	0.26182	0.13350	0.08505	0.06498	0.04968	0.01903	0.05513	0.04611	0.03775	0.05730	0.05672	0.07585	0.00606	0.00437	0.00138	0.00514	0.00484	0.00299	0.00610
16	0.86579	0.00924	0.00702	0.00629	0.00924	0.01072	0.00518	0.01405	0.00813	0.02144	0.00666	0.00776	0.00518	0.00444	0.00296	0.00148	0.00370	0.00259	0.00296	0.00518
17	0.00956	0.00819	0.00949	0.00689	0.01092	0.00618	0.00549	0.01160	0.00999	0.01535	0.01183	0.01292	0.07329	0.00425	0.00372	0.00078	0.00345	0.00344	0.00297	0.78969
18	0.01909	0.01192	0.01343	0.01030	0.01409	0.01264	0.00851	0.57268	0.02001	0.24719	0.01354	0.01282	0.00916	0.00579	0.00479	0.00145	0.00493	0.00444	0.00510	0.00813
19	0.01785	0.01368	0.01381	0.01079	0.01442	0.08284	0.00882	0.66059	0.02093	0.06127	0.01271	0.01262	0.03538	0.00589	0.00477	0.00143	0.00540	0.00442	0.00462	0.00776
20	0.00656	0.00486	0.00611	0.00584	0.00702	0.00441	0.00436	0.00860	0.01297	0.01794	0.65444	0.06064	0.16791	0.01030	0.00565	0.00153	0.00230	0.00902	0.00510	0.00441
21	0.00680	0.00497	0.00708	0.00713	0.00779	0.00560	0.00528	0.00812	0.00761	0.01079	0.01397	0.06391	0.01407	0.19364	0.61320	0.00677	0.01064	0.00593	0.00273	0.00397
22	0.00639	0.00484	0.00588	0.00569	0.00692	0.00434	0.00424	0.00827	0.01255	0.01698	0.53946	0.07215	0.27345	0.01070	0.00566	0.00156	0.00233	0.00929	0.00498	0.00434
23	0.01699	0.02124	0.01352	0.01223	0.01449	0.71333	0.00927	0.01871	0.04505	0.01202	0.00779	0.00915	0.00651	0.00528	0.00528	0.00132	0.07642	0.00327	0.00253	0.00560
24	0.00647	0.00479	0.00604	0.00591	0.00701	0.00436	0.00436	0.00839	0.01258	0.01733	0.58706	0.13392	0.16252	0.01077	0.00570	0.00157	0.00234	0.00947	0.00503	0.00436
25	0.00621	0.00526	0.00632	0.11430	0.01010	0.00494	0.00508	0.00774	0.01075	0.01327	0.10373	0.12221	0.55068	0.01123	0.00558	0.00164	0.00297	0.00955	0.00420	0.00423
26	0.00891	0.00445	0.00445	0.00445	0.00557	0.00445	0.00334	0.01114	0.01002	0.01782	0.01559	0.01782	0.01225	0.00557	0.00334	0.00111	0.00223	0.00445	0.85856	0.00445
27	0.03111	0.21869	0.37296	0.01113	0.04247	0.01221	0.01199	0.01507	0.10064	0.01479	0.03594	0.03017	0.07239	0.00561	0.00434	0.00142	0.00548	0.00438	0.00272	0.00648
28	0.00926	0.00866	0.01425	0.70790	0.07462	0.01031	0.01272	0.01234	0.00966	0.01269	0.00852	0.01245	0.00650	0.00465	0.00467	0.00151	0.00610	0.00413	0.00220	0.07688
29	0.00986	0.00909	0.01500	0.33610	0.35143	0.00989	0.01228	0.02587	0.01049	0.01426	0.04470	0.10193	0.02679	0.00603	0.00495	0.00155	0.00542	0.00556	0.00270	0.00610
30	0.11573	0.00978	0.03107	0.15383	0.01563	0.01209	0.02111	0.01186	0.00820	0.01324	0.00799	0.01294	0.00743	0.04238	0.01112	0.00194	0.43498	0.03082	0.00237	0.05549
31	0.01372	0.01087	0.01163	0.00982	0.01287	0.01214	0.00780	0.26121	0.47305	0.04072	0.01742	0.03299	0.03175	0.00645	0.00484	0.00153	0.00419	0.00524	0.00477	0.03697
32	0.01148	0.10654	0.01099	0.00838	0.01057	0.00967	0.00655	0.09761	0.25463	0.09705	0.01904	0.27630	0.01819	0.04347	0.00585	0.00174	0.00384	0.00757	0.00441	0.00614

[dist]
# distance from previous block
# <min> <max>
2	4

[block]
# block no. 4 follows, 53 sequences, length 40
# corresponding to MSA columns:
# 609-629,647-665
name=unknown_E
#
# <colnr> <probs for GDERKNQSTAVLIFYWHMCP>
#	G	D	E	R	K	N	Q	S	T	A	V	L	I	F	Y	W	H	M	C	P
0	0.00684	0.00466	0.00523	0.00523	0.00539	0.00461	0.00303	0.00698	0.00730	0.00962	0.01787	0.03227	0.08446	0.74451	0.03971	0.00444	0.00462	0.00718	0.00302	0.00302
1	0.00737	0.00583	0.02166	0.00734	0.04691	0.00520	0.00530	0.03231	0.01276	0.02973	0.49930	0.08702	0.19012	0.01007	0.00558	0.00156	0.00273	0.01965	0.00482	0.00474
2	0.00565	0.00484	0.00484	0.00484	0.00646	0.00403	0.00363	0.00686	0.01089	0.01291	0.04842	0.04600	0.80027	0.01210	0.00565	0.00161	0.00242	0.01009	0.00444	0.00403
3	0.00991	0.00850	0.00991	0.00708	0.01133	0.00637	0.00566	0.01203	0.00991	0.01557	0.00850	0.00991	0.00708	0.00354	0.00354	0.00071	0.00354	0.00283	0.00283	0.86124
4	0.00698	0.00516	0.00656	0.00616	0.00738	0.00487	0.00463	0.00977	0.05306	0.01897	0.73169	0.03518	0.07205	0.00969	0.00560	0.00151	0.00234	0.00853	0.00521	0.00465
5	0.01773	0.01989	0.01366	0.01188	0.01471	0.57689	0.00914	0.21911	0.04325	0.01679	0.00888	0.00969	0.00697	0.00519	0.00445	0.00130	0.00757	0.00348	0.00315	0.00629
6	0.00602	0.00486	0.00535	0.00523	0.00668	0.00419	0.00392	0.00757	0.01176	0.01497	0.29565	0.04261	0.55175	0.01134	0.00565	0.00158	0.00237	0.00961	0.00471	0.00419
7	0.00911	0.00859	0.01449	0.79566	0.05710	0.01064	0.01332	0.01229	0.00960	0.01232	0.00851	0.01271	0.00641	0.00476	0.00478	0.00159	0.00635	0.00425	0.00213	0.00538
8	0.00672	0.00488	0.00633	0.00597	0.00711	0.00449	0.00448	0.00893	0.01343	0.01892	0.77015	0.03611	0.07479	0.00986	0.00564	0.00151	0.00226	0.00870	0.00523	0.00449
9	0.00996	0.00800	0.00949	0.00888	0.02404	0.00876	0.02750	0.03192	0.40500	0.01630	0.04504	0.02284	0.11344	0.01076	0.04856	0.15176	0.00429	0.04365	0.00409	0.00572
10	0.01278	0.83490	0.02505	0.00818	0.01227	0.01891	0.00818	0.01431	0.00971	0.01125	0.00664	0.00767	0.00613	0.00409	0.00307	0.00102	0.00511	0.00256	0.00204	0.00613
11	0.01204	0.00672	0.03545	0.00713	0.00938	0.00562	0.00583	0.01424	0.01341	0.29763	0.47958	0.02816	0.04829	0.00828	0.00531	0.00150	0.00307	0.00714	0.00536	0.00587
12	0.01785	0.02278	0.01354	0.01231	0.01478	0.81284	0.00924	0.01909	0.01354	0.01170	0.00739	0.00862	0.00616	0.00493	0.00431	0.00123	0.00862	0.00308	0.00246	0.00554
13	0.01278	0.83490	0.02505	0.00818	0.01227	0.01891	0.00818	0.01431	0.00971	0.01125	0.00664	0.00767	0.00613	0.00409	0.00307	0.00102	0.00511	0.00256	0.00204	0.00613
14	0.01785	0.02278	0.01354	0.01231	0.01478	0.81284	0.00924	0.01909	0.01354	0.01170	0.00739	0.00862	0.00616	0.00493	0.00431	0.00123	0.00862	0.00308	0.00246	0.00554
15	0.01985	0.00916	0.01138	0.00890	0.01239	0.02999	0.00728	0.13028	0.03563	0.61099	0.01724	0.01578	0.01133	0.02181	0.03352	0.00174	0.00467	0.00475	0.00546	0.00782
16	0.00991	0.00850	0.00991	0.00708	0.01133	0.00637	0.00566	0.01203	0.00991	0.01557	0.00850	0.00991	0.00708	0.00354	0.00354	0.00071	0.00354	0.00283	0.00283	0.86124
17	0.01017	0.01145	0.07889	0.03144	0.05443	0.00999	0.42373	0.05248	0.01206	0.01644	0.14850	0.02005	0.08100	0.00602	0.00548	0.00158	0.00616	0.02090	0.00320	0.00603
18	0.00765	0.00439	0.00573	0.00573	0.00573	0.00439	0.00354	0.00658	0.00658	0.00877	0.01159	0.02267	0.01271	0.41305	0.02143	0.44461	0.00439	0.00551	0.00247	0.00247
19	0.00824	0.00784	0.08578	0.07407	0.04211	0.00623	0.00685	0.03639	0.01197	0.06395	0.23650	0.03270	0.35056	0.00924	0.00535	0.00155	0.00348	0.00784	0.00425	0.00509
20	0.41897	0.01535	0.01072	0.01001	0.03976	0.35701	0.00752	0.04736	0.01113	0.01719	0.00724	0.00848	0.00582	0.00477	0.00393	0.00138	0.02210	0.00296	0.00278	0.00554
21	0.13544	0.00850	0.01051	0.00833	0.01182	0.00802	0.00683	0.02225	0.09193	0.61919	0.01726	0.01527	0.01120	0.00577	0.00456	0.00149	0.00399	0.00456	0.00541	0.00767
22	0.00991	0.00850	0.00991	0.00708	0.01133	0.00637	0.00566	0.01203	0.00991	0.01557	0.00850	0.00991	0.00708	0.00354	0.00354	0.00071	0.00354	0.00283	0.00283	0.86124
23	0.00683	0.00512	0.00768	0.00768	0.00853	0.00597	0.00597	0.00853	0.00768	0.01110	0.01280	0.01878	0.01195	0.03585	0.81308	0.00768	0.01280	0.00512	0.00256	0.00427
24	0.00967	0.00816	0.03972	0.15244	0.05686	0.00807	0.00787	0.07001	0.12396	0.05564	0.27386	0.02558	0.13312	0.00777	0.00518	0.00154	0.00390	0.00668	0.00425	0.00572
25	0.00823	0.00489	0.00643	0.00672	0.00770	0.00444	0.00477	0.00943	0.01052	0.12972	0.13074	0.55087	0.08155	0.01275	0.00582	0.00179	0.00287	0.01140	0.00477	0.00460
26	0.01507	0.01718	0.01340	0.19384	0.01854	0.46572	0.00990	0.07268	0.12044	0.01426	0.00958	0.01102	0.00750	0.00516	0.00452	0.00138	0.00721	0.00375	0.00288	0.00595
27	0.00588	0.00465	0.00530	0.00556	0.00671	0.00407	0.00401	0.00716	0.01083	0.01374	0.16551	0.26912	0.45547	0.01255	0.00578	0.00169	0.00249	0.01086	0.00457	0.00407
28	0.01817	0.01339	0.01434	0.01100	0.01482	0.01482	0.00908	0.78627	0.02247	0.03012	0.01148	0.01148	0.00813	0.00574	0.00478	0.00143	0.00526	0.00430	0.00478	0.00813
29	0.00959	0.02472	0.80726	0.01362	0.02069	0.01110	0.01766	0.01514	0.01009	0.01514	0.00858	0.01009	0.00605	0.00454	0.00454	0.00151	0.00706	0.00353	0.00202	0.00706
30	0.00705	0.00523	0.00663	0.00645	0.00757	0.00505	0.00476	0.01004	0.08112	0.01801	0.59456	0.17439	0.04004	0.01040	0.00565	0.00159	0.00248	0.00923	0.00508	0.00467
31	0.01326	0.01019	0.01102	0.00966	0.01253	0.01150	0.00758	0.06382	0.66848	0.10705	0.01898	0.01734	0.01396	0.00638	0.00485	0.00160	0.00389	0.00528	0.00498	0.00766
32	0.01003	0.00562	0.00739	0.00653	0.00826	0.00506	0.00505	0.01216	0.01347	0.19600	0.59816	0.03168	0.06347	0.00898	0.00545	0.00150	0.00267	0.00783	0.00538	0.00531
33	0.00847	0.00621	0.00804	0.04638	0.03103	0.00563	0.00558	0.02749	0.01254	0.05770	0.47310	0.04895	0.08278	0.00828	0.00515	0.00138	0.00296	0.00722	0.00455	0.15659
34	0.86579	0.00924	0.00702	0.00629	0.00924	0.01072	0.00518	0.01405	0.00813	0.02144	0.00666	0.00776	0.00518	0.00444	0.00296	0.00148	0.00370	0.00259	0.00296	0.00518
35	0.01334	0.01010	0.01096	0.00961	0.01248	0.01136	0.00755	0.05090	0.66603	0.12250	0.01911	0.01741	0.01401	0.00639	0.00485	0.00160	0.00387	0.00529	0.00500	0.00766
36	0.00903	0.00850	0.01434	0.82054	0.03292	0.01062	0.01327	0.01221	0.00956	0.01221	0.00850	0.01274	0.00637	0.00478	0.00478	0.00159	0.00637	0.00425	0.00212	0.00531
37	0.00715	0.00503	0.00617	0.00580	0.00719	0.00449	0.00438	0.00909	0.01278	0.05537	0.54509	0.03774	0.26148	0.01026	0.00560	0.00153	0.00239	0.00888	0.00506	0.00455
38	0.00753	0.00459	0.00615	0.00686	0.00751	0.00423	0.00472	0.00848	0.00965	0.09911	0.02552	0.73988	0.02945	0.01398	0.00596	0.00189	0.00291	0.01263	0.00460	0.00435
39	0.01230	0.01159	0.02364	0.04546	0.02217	0.01078	0.58247	0.01584	0.01151	0.11811	0.03469	0.01382	0.00895	0.00444	0.00537	0.00153	0.00701	0.00539	0.00298	0.06195

[dist]
# distance from previous block
# <min> <max>
1	2

[block]
# block no. 5 follows, 53 sequences, length 7
# corresponding to MSA columns:
# 668-674
name=unknown_F
#
# <colnr> <probs for GDERKNQSTAVLIFYWHMCP>
#	G	D	E	R	K	N	Q	S	T	A	V	L	I	F	Y	W	H	M	C	P
0	0.00952	0.00889	0.01394	0.53374	0.07937	0.01089	0.01187	0.01271	0.05022	0.01274	0.00908	0.01338	0.00742	0.04466	0.00728	0.00177	0.12746	0.00437	0.00234	0.03835
1	0.02144	0.00813	0.01109	0.00850	0.01220	0.00702	0.00702	0.02329	0.01368	0.80552	0.01886	0.01627	0.01183	0.00592	0.00481	0.00148	0.00407	0.00481	0.00592	0.00813
2	0.00955	0.03054	0.08882	0.05262	0.01131	0.00735	0.00711	0.04216	0.06313	0.10012	0.27141	0.04784	0.19714	0.00863	0.00568	0.00156	0.03801	0.00719	0.00436	0.00549
3	0.01278	0.83490	0.02505	0.00818	0.01227	0.01891	0.00818	0.01431	0.00971	0.01125	0.00664	0.00767	0.00613	0.00409	0.00307	0.00102	0.00511	0.00256	0.00204	0.00613
4	0.03907	0.12208	0.01339	0.04133	0.06773	0.06239	0.00784	0.03864	0.01240	0.42391	0.01535	0.04853	0.03019	0.00581	0.00449	0.00138	0.00461	0.00465	0.00440	0.05181
5	0.01278	0.83490	0.02505	0.00818	0.01227	0.01891	0.00818	0.01431	0.00971	0.01125	0.00664	0.00767	0.00613	0.00409	0.00307	0.00102	0.00511	0.00256	0.00204	0.00613
6	0.08724	0.01257	0.02632	0.01891	0.02358	0.01197	0.71555	0.01520	0.01100	0.01586	0.00940	0.01244	0.00707	0.00407	0.00540	0.00160	0.00767	0.00537	0.00247	0.00633

[dist]
# distance from previous block
# <min> <max>
0	1

[block]
# block no. 6 follows, 53 sequences, length 90
# corresponding to MSA columns:
# 694-709,980-1053
name=unknown_G
#
# <colnr> <probs for GDERKNQSTAVLIFYWHMCP>
#	G	D	E	R	K	N	Q	S	T	A	V	L	I	F	Y	W	H	M	C	P
0	0.83364	0.00922	0.00713	0.00632	0.00932	0.01056	0.00519	0.01397	0.00820	0.02122	0.00672	0.00785	0.00525	0.00440	0.00298	0.00145	0.00369	0.00260	0.00295	0.03733
1	0.00986	0.00871	0.01131	0.00816	0.01232	0.00677	0.07334	0.01210	0.01003	0.01543	0.00979	0.02810	0.02387	0.00400	0.00382	0.00083	0.00389	0.00345	0.00286	0.75136
2	0.00749	0.00574	0.00750	0.00715	0.00741	0.00668	0.00506	0.00817	0.00723	0.01018	0.01294	0.02414	0.01394	0.45997	0.25703	0.00512	0.14196	0.00595	0.00266	0.00369
3	0.04946	0.01275	0.01377	0.01059	0.01438	0.01395	0.00875	0.68725	0.02113	0.10175	0.01198	0.01178	0.00836	0.00571	0.00472	0.00144	0.00509	0.00429	0.00482	0.00802
4	0.01325	0.01068	0.01121	0.00977	0.01265	0.02758	0.00768	0.12288	0.61717	0.06706	0.01874	0.01731	0.02938	0.00644	0.00485	0.00158	0.00406	0.00528	0.00486	0.00756
5	0.00655	0.00485	0.00611	0.00585	0.00702	0.00441	0.00437	0.00859	0.01295	0.01792	0.65171	0.06547	0.16582	0.01033	0.00566	0.00154	0.00230	0.00905	0.00510	0.00441
6	0.01016	0.01479	0.24030	0.13888	0.04813	0.01162	0.28759	0.01390	0.01003	0.01414	0.00930	0.04236	0.00757	0.00533	0.00663	0.00166	0.12424	0.00488	0.00229	0.00621
7	0.00683	0.00512	0.00768	0.00768	0.00853	0.00597	0.00597	0.00853	0.00768	0.01110	0.01280	0.01878	0.01195	0.03585	0.81308	0.00768	0.01280	0.00512	0.00256	0.00427
8	0.01623	0.01172	0.01627	0.03392	0.01670	0.01221	0.17792	0.34874	0.11990	0.17554	0.01349	0.01359	0.00946	0.00547	0.00498	0.00151	0.00547	0.00484	0.00443	0.00761
9	0.00678	0.00509	0.00630	0.00596	0.00723	0.00472	0.00448	0.00930	0.04413	0.01814	0.64080	0.03674	0.17238	0.01004	0.00561	0.00153	0.00234	0.00876	0.00511	0.00455
10	0.00585	0.00421	0.00555	0.00657	0.00692	0.00391	0.00441	0.00674	0.00935	0.01245	0.05173	0.77495	0.06027	0.01470	0.00607	0.00192	0.00274	0.01330	0.00446	0.00391
11	0.01032	0.04610	0.01074	0.00726	0.01149	0.00722	0.00589	0.03784	0.01032	0.01586	0.00851	0.00986	0.00707	0.00364	0.00356	0.00075	0.00367	0.00287	0.00286	0.79419
12	0.81980	0.00938	0.00737	0.00650	0.00950	0.01081	0.00535	0.04257	0.00876	0.03556	0.00705	0.00805	0.00540	0.00451	0.00306	0.00148	0.00376	0.00269	0.00308	0.00534
13	0.01056	0.00916	0.02817	0.02372	0.01273	0.00740	0.05014	0.03631	0.03929	0.04418	0.02596	0.02736	0.00878	0.00430	0.00412	0.00094	0.01712	0.00359	0.00309	0.64307
14	0.04166	0.01056	0.01150	0.01040	0.01125	0.15129	0.00830	0.01178	0.00856	0.01171	0.00898	0.01340	0.00845	0.03297	0.29841	0.00396	0.34522	0.00432	0.00237	0.00489
15	0.01821	0.01310	0.01409	0.01088	0.01457	0.02946	0.00897	0.69551	0.02127	0.08702	0.01182	0.01175	0.00832	0.00580	0.00505	0.00145	0.02566	0.00431	0.00475	0.00801
16	0.02809	0.53121	0.25981	0.01001	0.01480	0.03069	0.01108	0.01454	0.00978	0.01263	0.00723	0.00852	0.00610	0.00440	0.00398	0.00122	0.03458	0.00292	0.00206	0.00635
17	0.00703	0.00525	0.00741	0.00731	0.00791	0.00606	0.00543	0.00829	0.00748	0.01067	0.01305	0.02146	0.01301	0.23028	0.58130	0.00667	0.04928	0.00553	0.00262	0.00398
18	0.00677	0.00468	0.00559	0.00557	0.00597	0.00452	0.00353	0.00755	0.00922	0.01259	0.25409	0.09966	0.04517	0.49593	0.01672	0.00339	0.00371	0.00809	0.00378	0.00349
19	0.12012	0.07345	0.13090	0.00945	0.01270	0.00881	0.10420	0.01371	0.03238	0.10524	0.28292	0.02077	0.03545	0.02337	0.00520	0.00154	0.00439	0.00574	0.00388	0.00579
20	0.00695	0.00463	0.00521	0.00521	0.00521	0.00463	0.00290	0.00695	0.00695	0.00927	0.01506	0.03128	0.01738	0.83203	0.02433	0.00463	0.00463	0.00695	0.00290	0.00290
21	0.00893	0.00900	0.15489	0.00781	0.01030	0.00611	0.00723	0.03052	0.01211	0.10478	0.33528	0.16470	0.11045	0.00941	0.00540	0.00159	0.00353	0.00816	0.00450	0.00532
22	0.01749	0.02097	0.01345	0.01200	0.01462	0.67686	0.00911	0.09906	0.06631	0.01416	0.00861	0.00953	0.00692	0.00511	0.00440	0.00128	0.00795	0.00336	0.00286	0.00594
23	0.10890	0.01377	0.26051	0.00997	0.01480	0.00885	0.03905	0.01669	0.02729	0.23035	0.01140	0.01173	0.00800	0.00468	0.00424	0.00131	0.00498	0.00372	0.00345	0.21633
24	0.00589	0.00421	0.00563	0.00674	0.00704	0.00394	0.00456	0.00678	0.00922	0.01228	0.02630	0.79979	0.03146	0.01491	0.00612	0.00195	0.00283	0.04200	0.00444	0.00390
25	0.01000	0.12951	0.70609	0.01292	0.01960	0.01211	0.01643	0.01503	0.01004	0.01463	0.00833	0.00978	0.00606	0.00448	0.00435	0.00145	0.00681	0.00341	0.00202	0.00694
26	0.72582	0.00975	0.00807	0.00692	0.01004	0.01110	0.00570	0.11386	0.01005	0.02236	0.00734	0.00832	0.00563	0.00457	0.00321	0.00145	0.00389	0.00282	0.00319	0.03590
27	0.01146	0.00966	0.01021	0.00924	0.01176	0.02244	0.00719	0.02290	0.65452	0.03765	0.08407	0.02096	0.04504	0.00707	0.00499	0.00162	0.00370	0.02358	0.00486	0.00710
28	0.00581	0.00421	0.00550	0.00652	0.00690	0.00389	0.00438	0.00667	0.00928	0.01225	0.02793	0.77254	0.08695	0.01477	0.00607	0.00192	0.00275	0.01334	0.00444	0.00389
29	0.00685	0.00519	0.00714	0.00651	0.00780	0.00477	0.03554	0.00908	0.01319	0.01847	0.70401	0.04869	0.09497	0.00979	0.00565	0.00152	0.00251	0.00871	0.00508	0.00454
30	0.00594	0.00428	0.00563	0.00651	0.00694	0.00397	0.00442	0.00697	0.00978	0.01312	0.12632	0.69857	0.06144	0.01420	0.00602	0.00187	0.00269	0.01283	0.00454	0.00397
31	0.01075	0.01036	0.01713	0.36608	0.45888	0.02690	0.01397	0.01371	0.01037	0.01409	0.00875	0.01216	0.00703	0.00449	0.00474	0.00149	0.00603	0.00423	0.00226	0.00657
32	0.01158	0.01125	0.01966	0.08732	0.68925	0.01135	0.07000	0.01453	0.01081	0.01534	0.00900	0.01197	0.00746	0.00428	0.00480	0.00145	0.00590	0.00436	0.00235	0.00732
33	0.02622	0.00980	0.03879	0.00823	0.01221	0.00830	0.00688	0.15943	0.02443	0.09574	0.01065	0.02323	0.00834	0.00573	0.03620	0.00127	0.00440	0.00361	0.00352	0.51302
34	0.00582	0.00419	0.00552	0.00658	0.00691	0.00389	0.00440	0.00666	0.00922	0.01223	0.02722	0.79775	0.06220	0.01486	0.00608	0.00193	0.00276	0.01345	0.00444	0.00389
35	0.01278	0.83490	0.02505	0.00818	0.01227	0.01891	0.00818	0.01431	0.00971	0.01125	0.00664	0.00767	0.00613	0.00409	0.00307	0.00102	0.00511	0.00256	0.00204	0.00613
36	0.00685	0.00503	0.00723	0.00723	0.00793	0.00573	0.00541	0.00825	0.00755	0.01076	0.01321	0.02106	0.01294	0.18117	0.66912	0.00713	0.01131	0.00545	0.00262	0.00402
37	0.00959	0.02472	0.80726	0.01362	0.02069	0.01110	0.01766	0.01514	0.01009	0.01514	0.00858	0.01009	0.00605	0.00454	0.00454	0.00151	0.00706	0.00353	0.00202	0.00706
38	0.01261	0.01077	0.01368	0.01289	0.10326	0.01181	0.08126	0.13364	0.46574	0.03138	0.04832	0.01664	0.01342	0.01625	0.00518	0.00160	0.00457	0.00528	0.00435	0.00737
39	0.00608	0.00438	0.00580	0.00669	0.00718	0.00409	0.00468	0.00721	0.00990	0.01326	0.12376	0.64350	0.05740	0.01409	0.00607	0.00190	0.00283	0.07264	0.00454	0.00401
40	0.01293	0.01195	0.01640	0.18048	0.16594	0.08437	0.12310	0.13393	0.12311	0.04348	0.01100	0.01273	0.00834	0.00495	0.00481	0.00146	0.00595	0.00447	0.00319	0.04741
41	0.01662	0.01984	0.01404	0.01392	0.10081	0.60635	0.00972	0.05993	0.07291	0.01374	0.00868	0.00986	0.00706	0.00508	0.00464	0.00131	0.02322	0.00347	0.00275	0.00605
42	0.00695	0.00463	0.00521	0.00521	0.00521	0.00463	0.00290	0.00695	0.00695	0.00927	0.01506	0.03128	0.01738	0.83203	0.02433	0.00463	0.00463	0.00695	0.00290	0.00290
43	0.01356	0.11771	0.02987	0.00993	0.01319	0.01353	0.00824	0.21852	0.47905	0.02136	0.01554	0.01474	0.01167	0.00594	0.00460	0.00149	0.00440	0.00472	0.00442	0.00751
44	0.00653	0.00481	0.00611	0.00592	0.00703	0.00439	0.00439	0.00852	0.01278	0.01770	0.62904	0.10928	0.14465	0.01056	0.00568	0.00156	0.00232	0.00929	0.00508	0.00439
45	0.12234	0.09860	0.01543	0.11158	0.28829	0.06481	0.02290	0.01481	0.06721	0.02867	0.05789	0.01358	0.03079	0.00526	0.00485	0.00145	0.03807	0.00431	0.00285	0.00632
46	0.00572	0.00456	0.00513	0.00558	0.00665	0.00397	0.00396	0.00678	0.01019	0.01262	0.03944	0.36434	0.48772	0.01327	0.00583	0.00175	0.00256	0.01151	0.00444	0.00397
47	0.00918	0.00865	0.01462	0.77673	0.07552	0.01066	0.01335	0.01235	0.00963	0.01240	0.00852	0.01269	0.00644	0.00475	0.00478	0.00158	0.00633	0.00425	0.00214	0.00543
48	0.02092	0.00802	0.01093	0.00842	0.01202	0.00694	0.00694	0.02279	0.01367	0.77765	0.04653	0.01696	0.01301	0.00605	0.00484	0.00148	0.00400	0.00494	0.00589	0.00801
49	0.01108	0.01305	0.05604	0.01948	0.02426	0.01180	0.72749	0.01510	0.01123	0.01527	0.01022	0.01433	0.00797	0.00439	0.00564	0.00163	0.00788	0.03428	0.00248	0.00639
50	0.01278	0.83490	0.02505	0.00818	0.01227	0.01891	0.00818	0.01431	0.00971	0.01125	0.00664	0.00767	0.00613	0.00409	0.00307	0.00102	0.00511	0.00256	0.00204	0.00613
51	0.04273	0.01202	0.02375	0.01745	0.02128	0.01213	0.56790	0.04358	0.01099	0.03516	0.00988	0.03831	0.00795	0.00515	0.00700	0.00168	0.12868	0.00549	0.00263	0.00624
52	0.86579	0.00924	0.00702	0.00629	0.00924	0.01072	0.00518	0.01405	0.00813	0.02144	0.00666	0.00776	0.00518	0.00444	0.00296	0.00148	0.00370	0.00259	0.00296	0.00518
53	0.01562	0.04498	0.11758	0.01274	0.04701	0.22070	0.03879	0.22101	0.12649	0.03807	0.03364	0.01457	0.02149	0.00622	0.00507	0.00160	0.00641	0.01683	0.00387	0.00731
54	0.00991	0.00850	0.00991	0.00708	0.01133	0.00637	0.00566	0.01203	0.00991	0.01557	0.00850	0.00991	0.00708	0.00354	0.00354	0.00071	0.00354	0.00283	0.00283	0.86124
55	0.01062	0.00856	0.01004	0.00722	0.01143	0.00654	0.00579	0.02551	0.01031	0.05520	0.00906	0.01025	0.00733	0.00369	0.00362	0.00076	0.00359	0.00295	0.00302	0.80448
56	0.01004	0.00979	0.01775	0.21043	0.31290	0.01007	0.18024	0.01290	0.01039	0.01419	0.01202	0.13922	0.01132	0.00616	0.00519	0.00160	0.00589	0.02107	0.00268	0.00616
57	0.01158	0.00911	0.01155	0.02406	0.05502	0.01057	0.00806	0.26850	0.02504	0.01772	0.01129	0.01543	0.00986	0.07697	0.28140	0.01840	0.13161	0.00477	0.00326	0.00581
58	0.01715	0.01363	0.01326	0.01072	0.01412	0.12365	0.00863	0.46576	0.17379	0.09005	0.01311	0.01274	0.00945	0.00579	0.00473	0.00145	0.00533	0.00439	0.00457	0.00766
59	0.01207	0.60587	0.08318	0.00877	0.01272	0.01652	0.00868	0.01571	0.12742	0.01296	0.01000	0.02733	0.01921	0.00496	0.00361	0.00120	0.00497	0.01591	0.00259	0.00632
60	0.01219	0.01020	0.01082	0.00969	0.01242	0.01173	0.00755	0.02533	0.76879	0.04496	0.01943	0.01778	0.01450	0.00647	0.00486	0.00162	0.00379	0.00538	0.00490	0.00758
61	0.01003	0.00887	0.05313	0.00864	0.01097	0.00870	0.02343	0.05462	0.34042	0.04337	0.12149	0.10084	0.09923	0.04224	0.03812	0.00199	0.00411	0.01923	0.00447	0.00609
62	0.00593	0.00424	0.00558	0.00653	0.00688	0.00396	0.00438	0.00684	0.00941	0.01261	0.08164	0.73205	0.04382	0.04336	0.00670	0.00200	0.00280	0.01295	0.00444	0.00389
63	0.01018	0.03081	0.01256	0.15418	0.04079	0.01041	0.05545	0.05962	0.24324	0.01541	0.01336	0.02884	0.01111	0.04477	0.19341	0.00314	0.05843	0.00508	0.00328	0.00594
64	0.00661	0.00488	0.00617	0.00585	0.00705	0.00444	0.00439	0.00872	0.01316	0.01830	0.69551	0.03713	0.14981	0.01009	0.00564	0.00152	0.00228	0.00884	0.00515	0.00444
65	0.01280	0.01553	0.05830	0.04319	0.01396	0.37659	0.04606	0.01496	0.03946	0.01319	0.09893	0.03538	0.07242	0.03956	0.00679	0.00160	0.09793	0.00503	0.00299	0.00533
66	0.00653	0.00488	0.00607	0.00577	0.00700	0.00441	0.00433	0.00857	0.01299	0.01788	0.64483	0.03783	0.20076	0.01025	0.00564	0.00153	0.00229	0.00894	0.00509	0.00441
67	0.00684	0.00574	0.00677	0.00658	0.00812	0.00543	0.03198	0.00987	0.12271	0.01416	0.07657	0.22984	0.43445	0.01159	0.00564	0.00169	0.00289	0.01003	0.00447	0.00461
68	0.01278	0.83490	0.02505	0.00818	0.01227	0.01891	0.00818	0.01431	0.00971	0.01125	0.00664	0.00767	0.00613	0.00409	0.00307	0.00102	0.00511	0.00256	0.00204	0.00613
69	0.02131	0.00834	0.01122	0.00860	0.01231	0.00734	0.00711	0.05366	0.01403	0.77466	0.01856	0.01608	0.01168	0.00591	0.00481	0.00148	0.00411	0.00479	0.00587	0.00813
70	0.01278	0.83490	0.02505	0.00818	0.01227	0.01891	0.00818	0.01431	0.00971	0.01125	0.00664	0.00767	0.00613	0.00409	0.00307	0.00102	0.00511	0.00256	0.00204	0.00613
71	0.01278	0.83490	0.02505	0.00818	0.01227	0.01891	0.00818	0.01431	0.00971	0.01125	0.00664	0.00767	0.00613	0.00409	0.00307	0.00102	0.00511	0.00256	0.00204	0.00613
72	0.01128	0.01289	0.02820	0.02015	0.02498	0.01209	0.78485	0.01531	0.01128	0.01531	0.00967	0.01289	0.00725	0.00403	0.00564	0.00161	0.00806	0.00564	0.00242	0.00645
73	0.01785	0.02278	0.01354	0.01231	0.01478	0.81284	0.00924	0.01909	0.01354	0.01170	0.00739	0.00862	0.00616	0.00493	0.00431	0.00123	0.00862	0.00308	0.00246	0.00554
74	0.00991	0.00850	0.00991	0.00708	0.01133	0.00637	0.00566	0.01203	0.00991	0.01557	0.00850	0.00991	0.00708	0.00354	0.00354	0.00071	0.00354	0.00283	0.00283	0.86124
75	0.01307	0.00996	0.01634	0.16233	0.47868	0.01009	0.01250	0.01575	0.01132	0.17345	0.04168	0.01381	0.00968	0.00490	0.00479	0.00146	0.00534	0.00454	0.00315	0.00717
76	0.00695	0.00463	0.00521	0.00521	0.00521	0.00463	0.00290	0.00695	0.00695	0.00927	0.01506	0.03128	0.01738	0.83203	0.02433	0.00463	0.00463	0.00695	0.00290	0.00290
77	0.00950	0.04192	0.05309	0.01003	0.02665	0.03868	0.08749	0.07332	0.12180	0.01534	0.04213	0.31003	0.04398	0.02377	0.04538	0.00203	0.02663	0.01893	0.00383	0.00546
78	0.01177	0.20945	0.01635	0.13811	0.01602	0.13145	0.03673	0.03945	0.04458	0.01266	0.00858	0.01137	0.00742	0.00941	0.10869	0.00228	0.18377	0.00387	0.00242	0.00563
79	0.01205	0.55923	0.25707	0.00997	0.01488	0.05066	0.01104	0.01476	0.00999	0.01242	0.00725	0.00843	0.00611	0.00426	0.00356	0.00118	0.00584	0.00287	0.00205	0.00638
80	0.01148	0.01084	0.01719	0.22210	0.05043	0.02658	0.19591	0.13805	0.03524	0.01658	0.06856	0.01392	0.01004	0.00581	0.00702	0.00164	0.15463	0.00492	0.00295	0.00612
81	0.00683	0.00512	0.00768	0.00768	0.00853	0.00597	0.00597	0.00853	0.00768	0.01110	0.01280	0.01878	0.01195	0.03585	0.81308	0.00768	0.01280	0.00512	0.00256	0.00427
82	0.01271	0.01097	0.02923	0.05474	0.15208	0.02304	0.03678	0.21108	0.26052	0.01974	0.01381	0.01616	0.01105	0.03766	0.03814	0.02480	0.00532	0.03136	0.00384	0.00696
83	0.07845	0.00814	0.00981	0.00792	0.01091	0.00780	0.00641	0.13303	0.02662	0.40158	0.14794	0.02147	0.10479	0.00712	0.00490	0.00149	0.00373	0.00580	0.00524	0.00685
84	0.01013	0.02345	0.15022	0.00965	0.02262	0.00899	0.03927	0.09394	0.14930	0.04614	0.18122	0.08620	0.11257	0.00797	0.00555	0.00158	0.03427	0.00672	0.00412	0.00606
85	0.00613	0.00453	0.00572	0.00614	0.00689	0.00419	0.00431	0.00742	0.01053	0.01409	0.24281	0.41191	0.16924	0.04632	0.03507	0.00207	0.00300	0.01104	0.00454	0.00406
86	0.04112	0.00838	0.01011	0.00749	0.01135	0.00668	0.03417	0.02658	0.01009	0.01593	0.00984	0.05905	0.00868	0.00439	0.00376	0.00087	0.00365	0.00365	0.03312	0.70107
87	0.05573	0.23350	0.15000	0.13696	0.01664	0.05412	0.01012	0.06033	0.05216	0.05603	0.01123	0.03700	0.03930	0.00540	0.00450	0.00138	0.02840	0.00408	0.00284	0.04027
88	0.07445	0.28824	0.01723	0.03234	0.01348	0.05691	0.07140	0.05711	0.05061	0.02772	0.01003	0.05806	0.00916	0.00640	0.01753	0.00152	0.12090	0.03113	0.00281	0.05297
89	0.17494	0.00763	0.01869	0.00697	0.00988	0.00688	0.00567	0.01411	0.02427	0.20875	0.10953	0.02166	0.13313	0.02353	0.00487	0.00143	0.00348	0.03297	0.00421	0.18739

[dist]
# distance from previous block
# <min> <max>
2	6

[block]
# block no. 7 follows, 53 sequences, length 28
# corresponding to MSA columns:
# 1063,1064,1074-1099
name=unknown_H
#
# <colnr> <probs for GDERKNQSTAVLIFYWHMCP>
#	G	D	E	R	K	N	Q	S	T	A	V	L	I	F	Y	W	H	M	C	P
0	0.00586	0.00419	0.00558	0.00663	0.00694	0.00391	0.00444	0.00675	0.00932	0.01248	0.05690	0.79757	0.03215	0.01477	0.00608	0.00192	0.00275	0.01339	0.00447	0.00391
1	0.02720	0.01095	0.04530	0.25744	0.20723	0.05914	0.04814	0.06286	0.07834	0.03220	0.06522	0.02917	0.01094	0.02030	0.00515	0.00155	0.00562	0.00479	0.00300	0.02546
2	0.00736	0.00569	0.00662	0.00634	0.00791	0.00537	0.00481	0.01052	0.10875	0.02961	0.31257	0.10953	0.28346	0.01043	0.00553	0.00159	0.00271	0.03867	0.00475	0.03778
3	0.01049	0.08581	0.08793	0.08258	0.14457	0.01072	0.04361	0.08373	0.08730	0.01571	0.06812	0.09410	0.01360	0.05650	0.04215	0.00200	0.05623	0.00562	0.00318	0.00606
4	0.00980	0.00837	0.00979	0.00707	0.01120	0.00630	0.00563	0.01188	0.00989	0.01548	0.00899	0.03280	0.00777	0.00386	0.00361	0.00074	0.00352	0.00313	0.00288	0.83728
5	0.12398	0.06346	0.19508	0.15964	0.04508	0.01071	0.01072	0.06962	0.06010	0.15606	0.02881	0.01304	0.00895	0.02890	0.00497	0.00157	0.00529	0.00411	0.00333	0.00657
6	0.01185	0.06631	0.17938	0.00997	0.02640	0.02710	0.04035	0.06682	0.04211	0.08215	0.00992	0.01101	0.00760	0.00468	0.00451	0.02570	0.00490	0.00351	0.00303	0.37272
7	0.00572	0.00475	0.00500	0.00514	0.00655	0.00403	0.00378	0.00691	0.01075	0.01305	0.07427	0.15629	0.66247	0.01242	0.00571	0.00166	0.00246	0.01053	0.00447	0.00403
8	0.01275	0.01091	0.03312	0.13935	0.42452	0.01113	0.03095	0.09680	0.02729	0.09415	0.01139	0.01340	0.03072	0.00508	0.00522	0.00149	0.03707	0.00452	0.00303	0.00712
9	0.02144	0.00813	0.01109	0.00850	0.01220	0.00702	0.00702	0.02329	0.01368	0.80552	0.01886	0.01627	0.01183	0.00592	0.00481	0.00148	0.00407	0.00481	0.00592	0.00813
10	0.00905	0.00730	0.07879	0.02409	0.00946	0.00599	0.00612	0.01136	0.05184	0.10459	0.26123	0.04631	0.07368	0.14383	0.08792	0.05815	0.00461	0.00680	0.00404	0.00484
11	0.01278	0.83490	0.02505	0.00818	0.01227	0.01891	0.00818	0.01431	0.00971	0.01125	0.00664	0.00767	0.00613	0.00409	0.00307	0.00102	0.00511	0.00256	0.00204	0.00613
12	0.01124	0.01274	0.02761	0.04018	0.04740	0.01203	0.74377	0.01522	0.01123	0.01524	0.00962	0.01286	0.00724	0.00405	0.00559	0.00161	0.00795	0.00557	0.00241	0.00645
13	0.01278	0.83490	0.02505	0.00818	0.01227	0.01891	0.00818	0.01431	0.00971	0.01125	0.00664	0.00767	0.00613	0.00409	0.00307	0.00102	0.00511	0.00256	0.00204	0.00613
14	0.00853	0.04479	0.12129	0.04051	0.03370	0.00693	0.00745	0.02133	0.04215	0.05981	0.25406	0.22078	0.07934	0.01012	0.02595	0.00176	0.00393	0.00817	0.00414	0.00524
