[name]
unknown

[dist]
# distance from previous block
# <min> <max>
0	34

[block]
# block no. 0 follows, 54 sequences, length 24
# corresponding to MSA columns:
# 34-57
name=unknown_A
#
# <colnr> <probs for GDERKNQSTAVLIFYWHMCP>
#	G	D	E	R	K	N	Q	S	T	A	V	L	I	F	Y	W	H	M	C	P
0	0.06824	0.07138	0.16903	0.00991	0.01321	0.05422	0.03756	0.05287	0.02192	0.11948	0.02928	0.02252	0.01343	0.00992	0.08478	0.00219	0.00598	0.19213	0.00347	0.01847
1	0.01157	0.00928	0.01185	0.00981	0.01206	0.04145	0.11461	0.12400	0.19114	0.06577	0.05614	0.03590	0.01460	0.19848	0.00965	0.00225	0.02553	0.02718	0.03292	0.00580
2	0.03605	0.29705	0.36708	0.01050	0.01564	0.01317	0.01192	0.06316	0.01099	0.08896	0.03822	0.01067	0.00806	0.00472	0.00402	0.00132	0.00566	0.00348	0.00267	0.00668
3	0.00718	0.11983	0.00807	0.00630	0.00700	0.00614	0.00439	0.00768	0.00827	0.01079	0.01883	0.42060	0.02204	0.27293	0.01195	0.04779	0.00371	0.00933	0.00345	0.00374
4	0.00978	0.00838	0.00978	0.00698	0.01117	0.00629	0.00559	0.01187	0.00978	0.01536	0.00838	0.00978	0.00698	0.00349	0.00349	0.00070	0.00349	0.00279	0.00279	0.86312
5	0.01262	0.00925	0.05197	0.01925	0.01182	0.00806	0.00703	0.17864	0.03075	0.15404	0.05116	0.12796	0.03104	0.00694	0.00494	0.02111	0.00400	0.01474	0.00409	0.25059
6	0.00946	0.02439	0.80987	0.01344	0.02041	0.01095	0.01742	0.01493	0.00995	0.01493	0.00846	0.00995	0.00597	0.00448	0.00448	0.00149	0.00697	0.00348	0.00199	0.00697
7	0.00585	0.00429	0.00550	0.00625	0.00681	0.00394	0.00428	0.00691	0.00985	0.01308	0.13651	0.61965	0.13235	0.01370	0.00590	0.00181	0.00262	0.01228	0.00449	0.00394
8	0.00783	0.00566	0.00665	0.02959	0.02558	0.00579	0.00488	0.02847	0.12002	0.01462	0.05688	0.26747	0.11098	0.12427	0.00766	0.00200	0.00318	0.00838	0.16552	0.00457
9	0.01209	0.02775	0.04069	0.00761	0.00978	0.00682	0.00611	0.05768	0.07771	0.24746	0.14378	0.20963	0.02151	0.06756	0.00644	0.00178	0.00358	0.00742	0.03877	0.00583
10	0.01202	0.00997	0.01482	0.10240	0.30187	0.01053	0.05131	0.04818	0.22345	0.08584	0.06386	0.01543	0.01205	0.00598	0.02014	0.00161	0.00505	0.00492	0.00356	0.00699
11	0.01151	0.00903	0.01045	0.00759	0.01170	0.00748	0.00613	0.12031	0.01169	0.05959	0.00933	0.01033	0.00738	0.00392	0.00373	0.00084	0.00375	0.00310	0.00322	0.69893
12	0.00919	0.00818	0.01391	0.01193	0.03283	0.00846	0.22166	0.05633	0.01033	0.03657	0.01720	0.38734	0.01853	0.00981	0.00707	0.00180	0.11862	0.02155	0.00352	0.00517
13	0.01550	0.01048	0.12139	0.00869	0.01284	0.00755	0.00799	0.05427	0.01237	0.40133	0.05190	0.01415	0.01098	0.00517	0.00439	0.00125	0.00425	0.00418	0.00437	0.24695
14	0.00640	0.00705	0.11722	0.00750	0.00884	0.00490	0.00622	0.00795	0.00935	0.01280	0.05415	0.66459	0.02760	0.01285	0.00572	0.00181	0.00332	0.01156	0.00404	0.02610
15	0.00669	0.00568	0.00714	0.00841	0.11732	0.00510	0.00531	0.00836	0.01138	0.01462	0.22784	0.03820	0.50619	0.01030	0.00544	0.00154	0.00279	0.00880	0.00429	0.00458
16	0.71519	0.00936	0.00878	0.00944	0.11964	0.01052	0.00648	0.01431	0.00862	0.05165	0.00736	0.00855	0.00570	0.00441	0.00323	0.00145	0.00393	0.00287	0.00295	0.00555
17	0.00696	0.00540	0.00745	0.00918	0.11732	0.00514	0.00552	0.00826	0.00996	0.01350	0.18036	0.33737	0.09731	0.15059	0.00875	0.00218	0.00334	0.02311	0.00400	0.00432
18	0.01215	0.01105	0.12081	0.00903	0.01214	0.00978	0.00814	0.22186	0.16395	0.07027	0.06005	0.01921	0.10046	0.00743	0.02504	0.00163	0.01888	0.01650	0.10511	0.00650
19	0.86760	0.00912	0.00693	0.00620	0.00912	0.01058	0.00511	0.01386	0.00802	0.02115	0.00657	0.00766	0.00511	0.00438	0.00292	0.00146	0.00365	0.00255	0.00292	0.00511
20	0.00574	0.00410	0.00547	0.00657	0.00684	0.00383	0.00438	0.00657	0.00903	0.01204	0.02599	0.83122	0.03119	0.01477	0.00602	0.00191	0.00274	0.01340	0.00438	0.00383
21	0.01232	0.67976	0.06394	0.00856	0.01256	0.01729	0.00847	0.01568	0.11876	0.01249	0.00841	0.00908	0.00720	0.00439	0.00335	0.00112	0.00496	0.00296	0.00240	0.00629
22	0.01128	0.00717	0.00826	0.00747	0.00965	0.00723	0.00576	0.01669	0.27213	0.19106	0.07517	0.13197	0.18495	0.00872	0.00510	0.00158	0.00322	0.00741	0.03912	0.00606
23	0.01166	0.01114	0.12154	0.03041	0.02729	0.06050	0.04529	0.09863	0.11104	0.11723	0.17593	0.11466	0.03936	0.00747	0.00505	0.00153	0.00452	0.00642	0.00417	0.00616

[dist]
# distance from previous block
# <min> <max>
5	12

[block]
# block no. 1 follows, 54 sequences, length 8
# corresponding to MSA columns:
# 70-77
name=unknown_B
#
# <colnr> <probs for GDERKNQSTAVLIFYWHMCP>
#	G	D	E	R	K	N	Q	S	T	A	V	L	I	F	Y	W	H	M	C	P
0	0.01547	0.01140	0.05912	0.15678	0.01703	0.04010	0.00939	0.26021	0.12413	0.21827	0.01372	0.03145	0.00983	0.00574	0.00473	0.00149	0.00506	0.00462	0.00429	0.00719
1	0.00628	0.00516	0.00559	0.00565	0.00707	0.00472	0.00417	0.00863	0.08405	0.01383	0.10998	0.18373	0.52082	0.01172	0.00558	0.00164	0.00256	0.01001	0.00449	0.00432
2	0.00871	0.00542	0.00841	0.01018	0.15026	0.00542	0.00587	0.00770	0.00703	0.00957	0.00884	0.01515	0.00876	0.07852	0.01638	0.63979	0.00440	0.00433	0.00216	0.00309
3	0.04132	0.56487	0.10998	0.00834	0.01199	0.01482	0.00836	0.01284	0.00947	0.01206	0.01028	0.15654	0.01055	0.00604	0.00373	0.00124	0.00480	0.00460	0.00247	0.00572
4	0.04904	0.00841	0.00993	0.00815	0.01098	0.03659	0.00653	0.09193	0.07989	0.40348	0.19947	0.04154	0.01925	0.00690	0.00488	0.00148	0.00380	0.00571	0.00522	0.00683
5	0.00735	0.00559	0.00703	0.00690	0.00701	0.00629	0.00474	0.00780	0.00752	0.01031	0.01570	0.15668	0.01803	0.50300	0.01850	0.00354	0.15250	0.05495	0.00305	0.00352
6	0.18220	0.01225	0.01152	0.06440	0.01366	0.14507	0.02113	0.28201	0.04460	0.03569	0.04166	0.01268	0.02797	0.00558	0.00455	0.00142	0.02647	0.00409	0.05682	0.00625
7	0.07778	0.01589	0.01521	0.05076	0.01643	0.35246	0.14927	0.12373	0.06914	0.05009	0.00970	0.01099	0.00744	0.00564	0.02368	0.00153	0.00705	0.00396	0.00307	0.00616

[dist]
# distance from previous block
# <min> <max>
0	7

[block]
# block no. 2 follows, 54 sequences, length 25
# corresponding to MSA columns:
# 86-110
name=unknown_C
#
# <colnr> <probs for GDERKNQSTAVLIFYWHMCP>
#	G	D	E	R	K	N	Q	S	T	A	V	L	I	F	Y	W	H	M	C	P
0	0.02193	0.08328	0.01344	0.02962	0.03174	0.00939	0.08757	0.08697	0.06656	0.16547	0.05650	0.10461	0.01310	0.00623	0.00492	0.00136	0.02946	0.00533	0.00383	0.17869
1	0.01230	0.49665	0.21808	0.00979	0.01432	0.01568	0.01047	0.08397	0.01078	0.03252	0.00786	0.00903	0.00647	0.00516	0.02201	0.00136	0.03168	0.00308	0.00236	0.00643
2	0.09710	0.00950	0.03840	0.52018	0.02452	0.04520	0.01086	0.04984	0.03213	0.03343	0.03336	0.01298	0.00811	0.00500	0.00444	0.00150	0.00557	0.00414	0.05826	0.00547
3	0.05666	0.01011	0.05831	0.00885	0.01239	0.00915	0.00755	0.19345	0.07400	0.32655	0.03649	0.03970	0.01155	0.03113	0.00515	0.00149	0.00429	0.00471	0.00464	0.10384
4	0.04056	0.00886	0.01049	0.00816	0.01161	0.00827	0.00659	0.14136	0.08479	0.27007	0.09460	0.01527	0.01311	0.00551	0.00440	0.00124	0.00383	0.00446	0.00450	0.26232
5	0.00634	0.00472	0.00590	0.00578	0.00689	0.00428	0.00427	0.00819	0.01231	0.01685	0.55901	0.13291	0.19372	0.01071	0.00562	0.00156	0.00232	0.00940	0.00493	0.00428
6	0.01079	0.01191	0.01899	0.11944	0.03597	0.13139	0.38134	0.01352	0.01075	0.01346	0.01276	0.12734	0.04079	0.01760	0.00586	0.00163	0.03196	0.00621	0.00270	0.00557
7	0.00683	0.00469	0.00574	0.00574	0.00594	0.00489	0.00360	0.00724	0.00703	0.00958	0.01431	0.02785	0.01584	0.63979	0.21672	0.00530	0.00653	0.00642	0.00278	0.00319
8	0.01121	0.01068	0.01829	0.02637	0.69591	0.01064	0.05019	0.01382	0.01041	0.01483	0.00944	0.01344	0.00832	0.07879	0.00645	0.00169	0.00562	0.00450	0.00238	0.00700
9	0.00715	0.03726	0.00799	0.00758	0.00836	0.00613	0.02430	0.04477	0.00963	0.01287	0.02342	0.58907	0.07770	0.01352	0.03157	0.00201	0.07731	0.01104	0.00399	0.00432
10	0.00586	0.00431	0.00538	0.00618	0.00670	0.00396	0.00420	0.00672	0.00923	0.01200	0.02915	0.59766	0.17450	0.07918	0.00738	0.00207	0.00286	0.03461	0.00426	0.00380
11	0.03614	0.06366	0.01261	0.00924	0.01280	0.10967	0.00750	0.25382	0.10128	0.01961	0.01015	0.01078	0.00789	0.00480	0.00429	0.00115	0.02006	0.00355	0.00351	0.30749
12	0.01398	0.03607	0.01186	0.00946	0.01254	0.25283	0.01642	0.14801	0.03711	0.06333	0.01099	0.07300	0.00952	0.03177	0.00490	0.00128	0.00541	0.00427	0.00335	0.25389
13	0.03486	0.01529	0.08395	0.01095	0.02598	0.24904	0.00908	0.16566	0.20097	0.10752	0.01312	0.01302	0.02592	0.00563	0.00472	0.00143	0.01799	0.00421	0.00382	0.00684
14	0.00872	0.00793	0.01154	0.01022	0.01080	0.01020	0.04015	0.01030	0.02423	0.01139	0.00998	0.03035	0.00972	0.07592	0.31411	0.00427	0.39813	0.00492	0.00241	0.00472
15	0.01031	0.04018	0.56905	0.01538	0.13893	0.01093	0.04520	0.01526	0.03441	0.03712	0.00934	0.01090	0.00685	0.00453	0.00450	0.00146	0.00642	0.00377	0.02849	0.00696
16	0.00688	0.00459	0.00519	0.00519	0.00529	0.00459	0.00299	0.00704	0.00707	0.00956	0.01560	0.03038	0.03583	0.76189	0.04882	0.00449	0.00471	0.00679	0.03013	0.00298
17	0.00958	0.00817	0.00956	0.00696	0.01096	0.00616	0.00553	0.01161	0.00974	0.01520	0.00925	0.05030	0.00818	0.00405	0.00362	0.00076	0.00345	0.00332	0.00287	0.82073
18	0.00902	0.00758	0.00972	0.09825	0.01265	0.00800	0.03655	0.01511	0.27575	0.01773	0.32228	0.02479	0.04382	0.00748	0.00508	0.00150	0.00356	0.02765	0.00439	0.06910
19	0.00939	0.00640	0.00825	0.00794	0.04744	0.00585	0.00576	0.05702	0.01237	0.09884	0.33059	0.13808	0.06844	0.00891	0.00521	0.00147	0.00314	0.05384	0.00455	0.12652
20	0.01223	0.01138	0.01869	0.02731	0.73386	0.01151	0.01398	0.08410	0.01176	0.01669	0.00909	0.01164	0.00752	0.00433	0.00467	0.00140	0.00556	0.00421	0.00255	0.00752
21	0.01047	0.01043	0.08190	0.00793	0.01221	0.03796	0.00692	0.01338	0.04884	0.03806	0.00917	0.01031	0.00736	0.00384	0.00371	0.00086	0.00402	0.00305	0.00289	0.68669
22	0.01146	0.01099	0.01875	0.09007	0.74541	0.01115	0.01436	0.01428	0.01064	0.01515	0.00883	0.01174	0.00738	0.00424	0.00467	0.00141	0.00565	0.00420	0.00232	0.00730
23	0.00929	0.00881	0.01471	0.68693	0.11677	0.01079	0.01308	0.01227	0.00944	0.01238	0.00830	0.01234	0.00641	0.00487	0.00535	0.00158	0.05489	0.00419	0.00212	0.00548
24	0.01547	0.01595	0.01411	0.01171	0.01466	0.40366	0.11110	0.07603	0.05659	0.10152	0.08129	0.01306	0.01093	0.00536	0.00462	0.00133	0.00662	0.00426	0.00336	0.04838

[dist]
# distance from previous block
# <min> <max>
0	2

[block]
# block no. 3 follows, 54 sequences, length 34
# corresponding to MSA columns:
# 113-146
name=unknown_D
#
# <colnr> <probs for GDERKNQSTAVLIFYWHMCP>
#	G	D	E	R	K	N	Q	S	T	A	V	L	I	F	Y	W	H	M	C	P
0	0.00983	0.14990	0.63651	0.01230	0.01844	0.01180	0.01534	0.01448	0.00995	0.01428	0.00921	0.01233	0.00733	0.00495	0.00438	0.00146	0.00650	0.05220	0.00214	0.00666
1	0.00817	0.00448	0.00650	0.00642	0.00679	0.00436	0.00449	0.00683	0.00680	0.00921	0.00988	0.03357	0.01003	0.01569	0.03317	0.70994	0.00423	0.06015	0.00232	0.05697
2	0.00711	0.00553	0.00815	0.00796	0.00873	0.00666	0.00625	0.00874	0.00759	0.01111	0.01208	0.01774	0.01127	0.03225	0.72513	0.00694	0.08809	0.00495	0.01939	0.00430
3	0.00785	0.00756	0.00852	0.02555	0.05492	0.07114	0.03767	0.00967	0.02995	0.01337	0.08308	0.03463	0.48826	0.00991	0.00619	0.00160	0.06836	0.03329	0.00385	0.00464
4	0.01020	0.00858	0.00995	0.00722	0.01129	0.00675	0.00577	0.06109	0.01055	0.01619	0.00900	0.03002	0.00764	0.00391	0.00363	0.00077	0.00358	0.00315	0.00295	0.78776
5	0.01167	0.01120	0.01914	0.02894	0.80488	0.01120	0.01447	0.01447	0.01074	0.01540	0.00887	0.01167	0.00747	0.00420	0.00467	0.00140	0.00560	0.00420	0.00233	0.00747
6	0.79872	0.00921	0.00753	0.00670	0.00938	0.01089	0.00552	0.01366	0.00796	0.02037	0.00654	0.00787	0.00519	0.00469	0.00393	0.00151	0.06969	0.00268	0.00285	0.00511
7	0.00561	0.00474	0.00484	0.00489	0.00641	0.00398	0.00364	0.00680	0.01072	0.01284	0.06337	0.08325	0.74881	0.01203	0.00559	0.00161	0.00240	0.01009	0.00440	0.00398
8	0.00586	0.00419	0.00560	0.00666	0.00699	0.00392	0.00454	0.00678	0.00922	0.01231	0.04503	0.77294	0.03131	0.01456	0.00603	0.00192	0.00280	0.05107	0.00440	0.00387
9	0.01167	0.01120	0.01914	0.02894	0.80488	0.01120	0.01447	0.01447	0.01074	0.01540	0.00887	0.01167	0.00747	0.00420	0.00467	0.00140	0.00560	0.00420	0.00233	0.00747
10	0.00987	0.00937	0.01590	0.54437	0.30349	0.01073	0.01358	0.01290	0.00989	0.01322	0.00855	0.01225	0.00670	0.00453	0.00470	0.00151	0.00605	0.00419	0.00218	0.00602
11	0.01764	0.02180	0.01342	0.01205	0.01458	0.75713	0.00910	0.07485	0.01400	0.01286	0.00758	0.00871	0.00621	0.00492	0.00429	0.00123	0.00826	0.00312	0.00260	0.00565
12	0.00819	0.00410	0.00614	0.00614	0.00614	0.00410	0.00410	0.00614	0.00614	0.00819	0.00819	0.01433	0.00819	0.01638	0.01843	0.86282	0.00410	0.00410	0.00205	0.00205
13	0.00704	0.00516	0.00687	0.00771	0.00879	0.00498	0.00647	0.00892	0.01078	0.01393	0.06955	0.13208	0.14912	0.01286	0.00626	0.00202	0.00376	0.53506	0.00440	0.00424
14	0.01200	0.02706	0.07656	0.05169	0.05177	0.26124	0.02817	0.02617	0.02258	0.03401	0.01202	0.18452	0.01189	0.00724	0.00606	0.00150	0.10717	0.00566	0.00292	0.06979
15	0.01167	0.01120	0.01914	0.02894	0.80488	0.01120	0.01447	0.01447	0.01074	0.01540	0.00887	0.01167	0.00747	0.00420	0.00467	0.00140	0.00560	0.00420	0.00233	0.00747
16	0.00875	0.00803	0.01181	0.13904	0.01407	0.01060	0.00909	0.01036	0.00770	0.01131	0.00896	0.01376	0.00831	0.01789	0.31465	0.00406	0.39007	0.00448	0.00224	0.00481
17	0.00590	0.00428	0.00557	0.00637	0.00688	0.00396	0.00438	0.00697	0.00981	0.01311	0.13860	0.64112	0.09408	0.01378	0.00593	0.00183	0.00266	0.02630	0.00449	0.00394
18	0.01377	0.01385	0.01339	0.06297	0.01468	0.24585	0.02979	0.14470	0.10972	0.03133	0.01029	0.03891	0.00861	0.00719	0.02969	0.00174	0.21001	0.00437	0.00312	0.00603
19	0.00866	0.06627	0.27735	0.01036	0.02705	0.00864	0.05881	0.04041	0.01082	0.01523	0.18075	0.17360	0.01955	0.00955	0.05667	0.00194	0.01879	0.00668	0.00330	0.00558
20	0.00632	0.05750	0.00655	0.00567	0.00703	0.00500	0.00428	0.00768	0.01085	0.01378	0.19568	0.20786	0.41887	0.01158	0.00552	0.00161	0.00263	0.02300	0.00439	0.00418
21	0.00978	0.00838	0.00978	0.00698	0.01117	0.00629	0.00559	0.01187	0.00978	0.01536	0.00838	0.00978	0.00698	0.00349	0.00349	0.00070	0.00349	0.00279	0.00279	0.86312
22	0.02010	0.00971	0.01199	0.00919	0.01288	0.00943	0.00759	0.27246	0.01632	0.55468	0.01623	0.01451	0.01048	0.00578	0.00473	0.00144	0.00440	0.00458	0.00547	0.00802
23	0.00653	0.00473	0.00617	0.00598	0.00700	0.00436	0.00442	0.00856	0.01275	0.01792	0.68967	0.13398	0.05954	0.01033	0.00562	0.00154	0.00229	0.00916	0.00507	0.00436
24	0.00637	0.00480	0.00590	0.00573	0.00694	0.00433	0.00431	0.00826	0.01240	0.01683	0.54447	0.06824	0.24924	0.01056	0.00561	0.00155	0.00235	0.03290	0.00491	0.00430
25	0.00792	0.00507	0.00659	0.00606	0.00739	0.00464	0.00460	0.01009	0.01319	0.08351	0.69792	0.03319	0.05302	0.00922	0.00541	0.00147	0.00237	0.00809	0.03552	0.00473
26	0.00631	0.00480	0.00561	0.00560	0.00682	0.00432	0.00414	0.00780	0.01127	0.02592	0.28489	0.17073	0.39254	0.01140	0.00574	0.00161	0.01508	0.00979	0.02145	0.00419
27	0.00698	0.00459	0.00519	0.00522	0.00532	0.00459	0.00304	0.00716	0.00714	0.00973	0.01522	0.03094	0.01723	0.76555	0.02238	0.00432	0.00445	0.03242	0.04556	0.00298
28	0.00735	0.00602	0.00997	0.00893	0.01024	0.00648	0.10886	0.00923	0.00837	0.01182	0.05208	0.02076	0.01376	0.10142	0.57207	0.00605	0.01051	0.02896	0.00273	0.00439
29	0.01245	0.65139	0.14854	0.00920	0.01359	0.07293	0.00962	0.01458	0.00990	0.01173	0.00691	0.00801	0.00604	0.00416	0.00334	0.00110	0.00559	0.00271	0.00204	0.00616
30	0.00637	0.00445	0.00589	0.00689	0.00743	0.00424	0.00505	0.00760	0.00954	0.01289	0.02548	0.58144	0.04361	0.01372	0.00595	0.00192	0.00307	0.19172	0.05872	0.00399
31	0.01153	0.56046	0.29199	0.00990	0.01493	0.01603	0.01125	0.01440	0.00971	0.01240	0.00720	0.00838	0.00602	0.00419	0.00352	0.00117	0.00570	0.00285	0.00201	0.00636
32	0.00821	0.00421	0.00636	0.02835	0.00686	0.00427	0.00434	0.00630	0.00623	0.00829	0.00820	0.01428	0.00814	0.01606	0.01805	0.83940	0.00415	0.00410	0.00205	0.00213
33	0.01507	0.21355	0.01647	0.01273	0.09810	0.45415	0.00932	0.03190	0.02741	0.01239	0.00854	0.00983	0.02597	0.00496	0.00454	0.00124	0.04221	0.00332	0.00244	0.00586

[dist]
# distance from previous block
# <min> <max>
0	1

[block]
# block no. 4 follows, 54 sequences, length 37
# corresponding to MSA columns:
# 148-184
name=unknown_E
#
# <colnr> <probs for GDERKNQSTAVLIFYWHMCP>
#	G	D	E	R	K	N	Q	S	T	A	V	L	I	F	Y	W	H	M	C	P
0	0.01237	0.77586	0.08390	0.00847	0.01273	0.01808	0.00877	0.01418	0.00961	0.01138	0.00670	0.00774	0.00604	0.00407	0.00314	0.00105	0.00519	0.00259	0.00201	0.00612
1	0.01146	0.00882	0.03371	0.00761	0.01142	0.00700	0.00627	0.06695	0.02873	0.11580	0.04519	0.05334	0.01061	0.00486	0.00401	0.00098	0.00369	0.00400	0.00351	0.57204
2	0.01166	0.01316	0.05447	0.04024	0.01950	0.11962	0.41636	0.07009	0.02272	0.01503	0.01110	0.07435	0.00970	0.02441	0.01955	0.00175	0.04063	0.02694	0.00277	0.00596
3	0.00808	0.00415	0.00615	0.00613	0.00621	0.00412	0.00412	0.00634	0.00667	0.00897	0.06584	0.01585	0.01082	0.01589	0.01749	0.80029	0.00396	0.00442	0.00228	0.00222
4	0.01520	0.01788	0.13907	0.01137	0.01492	0.33779	0.00993	0.17063	0.15495	0.04165	0.01078	0.01119	0.00813	0.00522	0.00447	0.00136	0.00647	0.00380	0.00335	0.03183
5	0.00974	0.07162	0.67017	0.04999	0.02076	0.01146	0.07258	0.01477	0.00999	0.01458	0.00842	0.01013	0.00608	0.00443	0.00448	0.00147	0.00689	0.00361	0.00203	0.00679
6	0.01108	0.01053	0.01787	0.07195	0.70353	0.01063	0.01366	0.01376	0.01054	0.01497	0.01008	0.07121	0.00912	0.00500	0.00477	0.00145	0.00543	0.00487	0.00247	0.00708
7	0.01003	0.00979	0.01775	0.04327	0.27244	0.00952	0.25836	0.02990	0.01114	0.01503	0.02989	0.02333	0.11495	0.00666	0.00538	0.00161	0.00569	0.12617	0.00303	0.00606
8	0.00759	0.00538	0.00658	0.00667	0.00796	0.00509	0.00512	0.05558	0.01137	0.05037	0.14094	0.24262	0.25673	0.01287	0.04081	0.00199	0.00345	0.12989	0.00449	0.00450
9	0.01054	0.07972	0.47877	0.01497	0.02086	0.04571	0.25332	0.01509	0.01043	0.01456	0.00861	0.01057	0.00635	0.00431	0.00470	0.00148	0.00719	0.00404	0.00213	0.00665
10	0.00879	0.00439	0.00439	0.00439	0.00549	0.00439	0.00330	0.01099	0.00989	0.01758	0.01538	0.01758	0.01209	0.00549	0.00330	0.00110	0.00220	0.00439	0.86047	0.00439
11	0.01729	0.00929	0.04670	0.00873	0.01210	0.00834	0.00740	0.15698	0.05579	0.46870	0.13993	0.01802	0.01606	0.00637	0.00486	0.00146	0.00406	0.00522	0.00531	0.00739
12	0.01775	0.01232	0.01346	0.01044	0.01410	0.01345	0.00859	0.62988	0.09069	0.12092	0.01289	0.01244	0.00902	0.00575	0.00473	0.00144	0.00492	0.00440	0.00486	0.00797
13	0.00928	0.00801	0.01289	0.35905	0.10385	0.00882	0.06647	0.01244	0.05848	0.04483	0.01559	0.10352	0.06344	0.04285	0.00595	0.00177	0.00523	0.06908	0.00306	0.00540
14	0.00644	0.00478	0.00603	0.00595	0.00707	0.00437	0.00448	0.00835	0.01232	0.01686	0.54615	0.11331	0.17822	0.01074	0.00566	0.00159	0.00243	0.05603	0.00492	0.00430
15	0.01136	0.01274	0.02735	0.01956	0.02430	0.01202	0.76083	0.04187	0.01151	0.01561	0.00960	0.01267	0.00718	0.00403	0.00554	0.00158	0.00785	0.00552	0.00247	0.00642
16	0.01677	0.01183	0.01430	0.01102	0.01466	0.01265	0.07833	0.50104	0.10565	0.13975	0.03614	0.01352	0.01024	0.00573	0.00483	0.00146	0.00502	0.00468	0.00469	0.00770
17	0.00598	0.00449	0.00557	0.00627	0.00705	0.00410	0.00453	0.00713	0.00992	0.01280	0.07267	0.46898	0.24353	0.02494	0.00618	0.00187	0.00283	0.10281	0.00439	0.00395
18	0.00987	0.00936	0.01588	0.54630	0.30160	0.01073	0.01357	0.01289	0.00988	0.01322	0.00855	0.01226	0.00670	0.00454	0.00470	0.00151	0.00605	0.00419	0.00218	0.00602
19	0.01750	0.01180	0.01159	0.02273	0.01295	0.17453	0.00767	0.13471	0.11664	0.35898	0.04598	0.03897	0.01211	0.00608	0.00471	0.00144	0.00500	0.00479	0.00471	0.00712
20	0.01768	0.00943	0.01208	0.01080	0.08354	0.00927	0.00804	0.22857	0.03297	0.42327	0.04307	0.04061	0.01273	0.00636	0.00487	0.00149	0.00438	0.03822	0.00506	0.00756
21	0.00614	0.00449	0.00574	0.00650	0.00700	0.00427	0.00442	0.00763	0.04353	0.01298	0.10593	0.64817	0.06292	0.04830	0.00666	0.00196	0.00279	0.01214	0.00441	0.00402
22	0.07274	0.13811	0.38754	0.01418	0.01973	0.01236	0.26095	0.01479	0.01013	0.01488	0.00839	0.01032	0.00630	0.00425	0.00450	0.00145	0.00676	0.00394	0.00219	0.00651
23	0.58564	0.08635	0.14330	0.00792	0.01167	0.01166	0.00771	0.07034	0.00951	0.01983	0.00723	0.00830	0.00555	0.00446	0.00332	0.00142	0.00444	0.00283	0.00281	0.00571
24	0.00923	0.00883	0.01421	0.63488	0.02781	0.01140	0.01245	0.01188	0.00892	0.01188	0.00787	0.01205	0.00626	0.00554	0.00721	0.00169	0.19641	0.00418	0.00209	0.00522
25	0.01597	0.03719	0.01454	0.01263	0.07340	0.25763	0.06731	0.18344	0.06359	0.13884	0.01165	0.04612	0.00912	0.00570	0.00512	0.00142	0.04158	0.00445	0.00364	0.00668
26	0.01171	0.00995	0.01048	0.00940	0.01199	0.01146	0.00729	0.04701	0.73496	0.01967	0.01876	0.01779	0.01424	0.03067	0.00533	0.00167	0.00377	0.00533	0.02123	0.00729
27	0.01014	0.00963	0.01655	0.43638	0.35024	0.01067	0.04823	0.01316	0.01006	0.01372	0.00883	0.01234	0.00697	0.00449	0.00469	0.00149	0.00596	0.00426	0.02599	0.00619
28	0.00590	0.00472	0.00529	0.00546	0.00669	0.00416	0.00398	0.00739	0.02454	0.01371	0.16636	0.22416	0.48670	0.01212	0.00566	0.00165	0.00246	0.01043	0.00452	0.00408
29	0.01550	0.00683	0.00876	0.00718	0.00980	0.00624	0.00576	0.03131	0.03959	0.45594	0.16398	0.01991	0.01791	0.00649	0.00460	0.00139	0.00331	0.00539	0.18351	0.00658
30	0.00634	0.00462	0.00597	0.00602	0.00694	0.00425	0.00437	0.00811	0.01199	0.01660	0.53705	0.25196	0.09581	0.01120	0.00569	0.00161	0.00237	0.00995	0.00491	0.00425
31	0.00764	0.00505	0.00650	0.00600	0.00735	0.00459	0.00455	0.00974	0.01311	0.07681	0.67284	0.03476	0.11389	0.00958	0.00550	0.00149	0.00237	0.00838	0.00516	0.00467
32	0.00584	0.00420	0.00554	0.00645	0.00685	0.00390	0.00436	0.00681	0.00952	0.01276	0.10640	0.72787	0.05369	0.01417	0.00596	0.00186	0.00267	0.01281	0.00446	0.00390
33	0.00575	0.00452	0.00520	0.00559	0.00662	0.00397	0.00398	0.00690	0.01033	0.01307	0.11323	0.35133	0.42717	0.01282	0.00575	0.00171	0.00251	0.01116	0.00446	0.00397
34	0.01109	0.01260	0.02718	0.01952	0.02406	0.01204	0.75069	0.01492	0.01094	0.01492	0.00938	0.01260	0.00711	0.00418	0.00604	0.00161	0.04694	0.00550	0.00237	0.00630
35	0.01207	0.01157	0.01696	0.09594	0.32633	0.07237	0.10295	0.11606	0.01194	0.01617	0.02258	0.04881	0.00892	0.00548	0.00594	0.00151	0.09224	0.00476	0.02086	0.00653
36	0.14635	0.00994	0.03418	0.07326	0.06626	0.01052	0.02967	0.13305	0.21990	0.08478	0.03929	0.03852	0.01142	0.00585	0.00463	0.00150	0.01867	0.00474	0.06092	0.00656

[dist]
# distance from previous block
# <min> <max>
4	9

[block]
# block no. 5 follows, 54 sequences, length 30
# corresponding to MSA columns:
# 194-197,207-217,220-233,237
name=unknown_F
#
# <colnr> <probs for GDERKNQSTAVLIFYWHMCP>
#	G	D	E	R	K	N	Q	S	T	A	V	L	I	F	Y	W	H	M	C	P
0	0.01011	0.19306	0.64692	0.01232	0.01868	0.01255	0.01548	0.01476	0.00988	0.01414	0.00807	0.00946	0.00599	0.00439	0.00418	0.00139	0.00657	0.00328	0.00200	0.00678
1	0.01185	0.70624	0.07524	0.00838	0.01231	0.01696	0.00849	0.01365	0.00942	0.01133	0.00724	0.00874	0.00658	0.00696	0.07827	0.00165	0.00587	0.00282	0.00206	0.00594
2	0.01039	0.00758	0.00863	0.00778	0.00999	0.03862	0.00611	0.06590	0.09234	0.09996	0.11156	0.16775	0.07062	0.00889	0.00514	0.00152	0.00366	0.11971	0.00433	0.15953
3	0.00792	0.00569	0.00802	0.00799	0.03578	0.00539	0.04541	0.00971	0.02358	0.07633	0.22477	0.31215	0.15015	0.01104	0.00592	0.00169	0.02612	0.03316	0.00447	0.00470
4	0.12460	0.00906	0.01108	0.00875	0.01211	0.00896	0.02875	0.14201	0.07761	0.44622	0.06946	0.01560	0.01262	0.00588	0.00459	0.00147	0.00412	0.00472	0.00507	0.00732
5	0.01612	0.01021	0.01211	0.01081	0.06705	0.01080	0.00811	0.19329	0.32016	0.27391	0.01655	0.01530	0.01163	0.00590	0.00475	0.00150	0.00427	0.00482	0.00494	0.00777
6	0.00993	0.14691	0.69150	0.01263	0.01916	0.01211	0.01601	0.01481	0.00990	0.01435	0.00817	0.00959	0.00598	0.00441	0.00426	0.00142	0.00668	0.00334	0.00199	0.00683
7	0.00924	0.00872	0.01474	0.72771	0.12514	0.01056	0.01326	0.01234	0.00958	0.01245	0.00844	0.01246	0.00643	0.00465	0.00471	0.00155	0.00620	0.00419	0.00212	0.00551
8	0.01841	0.00756	0.01016	0.00807	0.01121	0.00668	0.00654	0.04375	0.01345	0.64277	0.10697	0.07217	0.01654	0.00685	0.00492	0.00149	0.00376	0.00573	0.00563	0.00734
9	0.01472	0.01099	0.01365	0.01240	0.09500	0.05952	0.08038	0.17790	0.21567	0.17721	0.04825	0.03616	0.02419	0.00602	0.00487	0.00149	0.00485	0.00516	0.00437	0.00720
10	0.01751	0.00900	0.01268	0.00978	0.01319	0.00850	0.09219	0.14341	0.01411	0.48761	0.01852	0.05868	0.06401	0.00651	0.00515	0.00151	0.01978	0.00553	0.00504	0.00730
11	0.00581	0.00416	0.00553	0.00652	0.00685	0.00387	0.00438	0.00673	0.00934	0.01253	0.08225	0.77353	0.03215	0.01440	0.00599	0.00188	0.00270	0.01305	0.00444	0.00387
12	0.01047	0.00573	0.00641	0.00602	0.00760	0.00582	0.00465	0.03326	0.09917	0.10915	0.01708	0.07440	0.01407	0.00754	0.03057	0.00151	0.00312	0.03445	0.52376	0.00521
13	0.14593	0.03518	0.01193	0.00936	0.01250	0.07208	0.03284	0.26122	0.09109	0.17146	0.06702	0.04485	0.01204	0.00603	0.00451	0.00145	0.00463	0.00473	0.00435	0.00681
14	0.01783	0.00928	0.01157	0.01003	0.06468	0.02228	0.00758	0.16968	0.05618	0.47063	0.04236	0.01739	0.06598	0.00624	0.00481	0.00146	0.00424	0.00508	0.00515	0.00753
15	0.01004	0.00521	0.00547	0.00515	0.00659	0.00527	0.00394	0.02724	0.06428	0.07394	0.01580	0.01735	0.01214	0.00558	0.00353	0.00116	0.00249	0.00448	0.72541	0.00493
16	0.13548	0.23729	0.46117	0.01085	0.01632	0.01296	0.01285	0.01486	0.03259	0.01496	0.00799	0.00921	0.00611	0.00440	0.00388	0.00136	0.00588	0.00315	0.00222	0.00647
17	0.00571	0.00445	0.00520	0.00571	0.00663	0.00393	0.00402	0.00678	0.01004	0.01271	0.07587	0.43068	0.38505	0.01321	0.00579	0.00174	0.00255	0.01157	0.00442	0.00393
18	0.04269	0.01639	0.04088	0.01142	0.01467	0.37467	0.08047	0.08844	0.11333	0.02741	0.00974	0.01064	0.00760	0.00482	0.00434	0.00126	0.00649	0.00366	0.00305	0.13801
19	0.01510	0.06713	0.01440	0.01016	0.01397	0.03394	0.10328	0.19880	0.03923	0.21698	0.01211	0.01242	0.00873	0.00586	0.03097	0.00146	0.00513	0.00411	0.00395	0.20225
20	0.01197	0.01171	0.01885	0.02644	0.67425	0.04394	0.05015	0.03059	0.02965	0.01549	0.00904	0.01168	0.00753	0.00444	0.00507	0.00143	0.03384	0.00424	0.00244	0.00727
21	0.01281	0.00932	0.01194	0.01015	0.01248	0.01009	0.05830	0.29204	0.03865	0.08584	0.01616	0.10724	0.01514	0.03629	0.02742	0.00196	0.07686	0.16695	0.00420	0.00617
22	0.00573	0.00415	0.00542	0.00645	0.00681	0.00384	0.00432	0.00658	0.00914	0.01208	0.02743	0.77906	0.08241	0.01458	0.00599	0.00189	0.00271	0.01317	0.00438	0.00384
23	0.00676	0.00470	0.00595	0.00601	0.00629	0.00496	0.00392	0.00735	0.00720	0.00988	0.01471	0.06800	0.01613	0.53271	0.28014	0.00541	0.00709	0.00661	0.00283	0.00335
24	0.00639	0.00481	0.00566	0.00549	0.00677	0.00426	0.00407	0.00804	0.01184	0.02765	0.41154	0.07883	0.35998	0.03622	0.00614	0.00165	0.00242	0.00926	0.00475	0.00423
25	0.00574	0.00410	0.00547	0.00657	0.00684	0.00383	0.00438	0.00657	0.00903	0.01204	0.02599	0.83122	0.03119	0.01477	0.00602	0.00191	0.00274	0.01340	0.00438	0.00383
26	0.00978	0.00838	0.00978	0.00698	0.01117	0.00629	0.00559	0.01187	0.00978	0.01536	0.00838	0.00978	0.00698	0.00349	0.00349	0.00070	0.00349	0.00279	0.00279	0.86312
27	0.00971	0.00947	0.01256	0.01099	0.01132	0.04267	0.00901	0.01098	0.00829	0.01229	0.11076	0.01442	0.01181	0.01137	0.10413	0.00258	0.59536	0.00476	0.00254	0.00497
28	0.28648	0.01155	0.02139	0.02807	0.01214	0.11728	0.00718	0.15500	0.14549	0.08625	0.07484	0.01317	0.01108	0.00557	0.00416	0.00145	0.00460	0.00410	0.00389	0.00629
29	0.01245	0.58854	0.17230	0.00972	0.01418	0.09231	0.02679	0.01474	0.01004	0.01195	0.00705	0.00822	0.00606	0.00419	0.00347	0.00113	0.00580	0.00282	0.00206	0.00618

[dist]
# distance from previous block
# <min> <max>
0	1

[block]
# block no. 6 follows, 54 sequences, length 33
# corresponding to MSA columns:
# 239-271
name=unknown_G
#
# <colnr> <probs for GDERKNQSTAVLIFYWHMCP>
#	G	D	E	R	K	N	Q	S	T	A	V	L	I	F	Y	W	H	M	C	P
0	0.01126	0.01188	0.01430	0.01235	0.01266	0.11773	0.01016	0.01231	0.00801	0.01137	0.00633	0.01008	0.00617	0.00781	0.01403	0.00195	0.72029	0.00399	0.00211	0.00520
1	0.00573	0.00414	0.00543	0.00646	0.00681	0.00384	0.00433	0.00658	0.00913	0.01208	0.02724	0.78590	0.07570	0.01461	0.00599	0.00190	0.00272	0.01320	0.00438	0.00384
2	0.00893	0.00807	0.01212	0.01062	0.01234	0.03583	0.16467	0.05272	0.04643	0.01422	0.01954	0.30059	0.04843	0.02667	0.00701	0.00188	0.07775	0.14349	0.00370	0.00499
3	0.77636	0.08142	0.00862	0.02212	0.00983	0.01128	0.00552	0.01385	0.00819	0.02010	0.00660	0.00775	0.00521	0.00435	0.00296	0.00142	0.00382	0.00258	0.00282	0.00519
4	0.00708	0.00555	0.00835	0.07891	0.01057	0.00661	0.00660	0.00881	0.00770	0.01100	0.01207	0.01809	0.01126	0.05928	0.68372	0.00672	0.04593	0.00500	0.00248	0.00429
5	0.01130	0.00777	0.00863	0.00766	0.01009	0.00800	0.00598	0.01805	0.35992	0.16617	0.07038	0.02697	0.26291	0.00821	0.00507	0.00156	0.00328	0.00684	0.00488	0.00631
6	0.01007	0.00733	0.00838	0.00760	0.00937	0.00758	0.00577	0.21574	0.06303	0.04547	0.10095	0.25805	0.15557	0.05118	0.01996	0.00188	0.01369	0.00852	0.00449	0.00538
7	0.00886	0.00847	0.01330	0.72829	0.02968	0.03295	0.01215	0.01178	0.00966	0.01209	0.01179	0.01532	0.07586	0.00535	0.00478	0.00156	0.00601	0.00466	0.00230	0.00513
8	0.00574	0.00410	0.00547	0.00657	0.00684	0.00383	0.00438	0.00657	0.00903	0.01204	0.02599	0.83122	0.03119	0.01477	0.00602	0.00191	0.00274	0.01340	0.00438	0.00383
9	0.00992	0.02316	0.73781	0.01387	0.03594	0.01088	0.04939	0.01517	0.01012	0.03829	0.00881	0.01028	0.00622	0.00449	0.00454	0.00149	0.00690	0.00362	0.00213	0.00698
10	0.04085	0.01496	0.01454	0.01424	0.14703	0.23750	0.02278	0.31402	0.07454	0.02012	0.00996	0.01093	0.00767	0.00530	0.00505	0.00141	0.04475	0.00395	0.00347	0.00692
11	0.04648	0.00813	0.01123	0.00996	0.08087	0.00726	0.00737	0.02104	0.01307	0.66290	0.06785	0.01663	0.01321	0.00589	0.00473	0.00146	0.00402	0.00487	0.00540	0.00765
12	0.00657	0.00445	0.00523	0.00551	0.00558	0.00438	0.00325	0.00678	0.00742	0.00990	0.01776	0.23957	0.02080	0.62058	0.01931	0.00388	0.00409	0.00856	0.00325	0.00311
13	0.00693	0.00536	0.00701	0.00719	0.00785	0.02917	0.00529	0.00823	0.00817	0.01133	0.03210	0.21273	0.01739	0.11472	0.46708	0.00537	0.02285	0.00721	0.01997	0.00403
14	0.01127	0.48320	0.35074	0.01053	0.01580	0.01532	0.02756	0.01448	0.00977	0.01277	0.00741	0.00866	0.00604	0.00422	0.00368	0.00122	0.00590	0.00298	0.00201	0.00644
15	0.00617	0.00459	0.00627	0.00688	0.00744	0.00431	0.02949	0.00715	0.00916	0.01206	0.02595	0.59718	0.08963	0.09830	0.00786	0.00217	0.00319	0.07419	0.00415	0.00386
16	0.03498	0.00838	0.01091	0.00844	0.01198	0.00762	0.00695	0.08585	0.02717	0.69008	0.01769	0.01559	0.01132	0.00579	0.00466	0.00145	0.00404	0.00466	0.03459	0.00784
17	0.01016	0.01123	0.02355	0.04428	0.02186	0.01055	0.63020	0.01366	0.01105	0.01477	0.03715	0.03145	0.10574	0.00532	0.00554	0.00159	0.00696	0.00627	0.00273	0.00593
18	0.01668	0.01618	0.01452	0.01185	0.01507	0.32088	0.07676	0.33738	0.06405	0.04684	0.01111	0.01162	0.02458	0.00539	0.00464	0.00137	0.00651	0.00410	0.00367	0.00678
19	0.00709	0.00534	0.00731	0.00713	0.00760	0.00617	0.00520	0.00812	0.00729	0.01034	0.01286	0.02220	0.01321	0.31749	0.46384	0.00603	0.08077	0.00561	0.00260	0.00381
20	0.00674	0.00505	0.00758	0.00758	0.00842	0.00589	0.00589	0.00842	0.00758	0.01095	0.01263	0.01852	0.01179	0.03536	0.81561	0.00758	0.01263	0.00505	0.00253	0.00421
21	0.01121	0.00975	0.01432	0.01183	0.01317	0.01200	0.10052	0.04020	0.05846	0.08713	0.01223	0.02937	0.06279	0.00887	0.04626	0.00210	0.46616	0.00504	0.00294	0.00566
22	0.04206	0.01225	0.10098	0.01305	0.01545	0.05577	0.18538	0.03945	0.03291	0.02530	0.01070	0.08765	0.01000	0.00720	0.00886	0.00177	0.30069	0.04212	0.00272	0.00568
23	0.00977	0.01739	0.44842	0.01386	0.08618	0.02456	0.07184	0.03847	0.01063	0.01521	0.01205	0.04386	0.01067	0.00625	0.00509	0.00160	0.01884	0.12733	0.03164	0.00634
24	0.02762	0.00672	0.00810	0.00755	0.00930	0.00701	0.00599	0.10867	0.06646	0.07375	0.05054	0.08349	0.20600	0.01607	0.20429	0.00311	0.01845	0.08765	0.00406	0.00517
25	0.00989	0.00939	0.01556	0.37054	0.37373	0.01037	0.01278	0.01264	0.01005	0.01358	0.01196	0.01496	0.07639	0.00524	0.00513	0.00151	0.03306	0.00470	0.00240	0.00612
26	0.01272	0.01290	0.01383	0.07759	0.01550	0.24051	0.13376	0.07722	0.04421	0.06034	0.04283	0.03393	0.14133	0.00667	0.00570	0.00150	0.06505	0.00544	0.00330	0.00569
27	0.00610	0.00481	0.00559	0.00544	0.00679	0.00430	0.00409	0.00775	0.01159	0.01513	0.35326	0.03939	0.43918	0.01261	0.06118	0.00196	0.00302	0.00903	0.00458	0.00419
28	0.01086	0.01086	0.03397	0.23405	0.52090	0.01107	0.08171	0.01391	0.01042	0.01450	0.00879	0.01196	0.00710	0.00432	0.00475	0.00146	0.00601	0.00430	0.00227	0.00678
29	0.18550	0.01193	0.01359	0.01077	0.01414	0.06683	0.11105	0.35201	0.04156	0.06822	0.01160	0.04682	0.00920	0.00578	0.00456	0.00149	0.00523	0.02905	0.00393	0.00673
30	0.01039	0.01037	0.01471	0.01333	0.05808	0.01426	0.01056	0.01153	0.00742	0.01158	0.00634	0.01039	0.00626	0.00802	0.01485	0.00202	0.77837	0.00413	0.00208	0.00529
31	0.00940	0.00897	0.01553	0.56938	0.17770	0.01033	0.06604	0.01240	0.00977	0.01290	0.00957	0.05962	0.00801	0.00515	0.00484	0.00156	0.00606	0.00482	0.00229	0.00566
32	0.01149	0.50834	0.28652	0.00997	0.01489	0.01560	0.01116	0.01514	0.06372	0.01297	0.00806	0.00905	0.00660	0.00435	0.00363	0.00121	0.00560	0.00304	0.00220	0.00645

[dist]
# distance from previous block
# <min> <max>
4	12

[block]
# block no. 7 follows, 54 sequences, length 21
# corresponding to MSA columns:
# 284-304
name=unknown_H
#
# <colnr> <probs for GDERKNQSTAVLIFYWHMCP>
#	G	D	E	R	K	N	Q	S	T	A	V	L	I	F	Y	W	H	M	C	P
0	0.01100	0.01141	0.02269	0.01735	0.05266	0.01110	0.55434	0.01572	0.10771	0.03581	0.01194	0.06100	0.00972	0.00613	0.03411	0.00182	0.02040	0.00587	0.00288	0.00634
1	0.00844	0.00733	0.04037	0.00850	0.00997	0.00788	0.00695	0.06729	0.10549	0.01363	0.01393	0.03846	0.03019	0.02566	0.53550	0.00553	0.06161	0.00524	0.00300	0.00504
2	0.00574	0.00410	0.00547	0.00657	0.00684	0.00383	0.00438	0.00657	0.00903	0.01204	0.02599	0.83122	0.03119	0.01477	0.00602	0.00191	0.00274	0.01340	0.00438	0.00383
3	0.00807	0.00649	0.00926	0.01167	0.20788	0.00667	0.00647	0.00912	0.00820	0.01127	0.01489	0.02464	0.06387	0.43777	0.12739	0.00392	0.02926	0.00606	0.00275	0.00435
4	0.00641	0.00481	0.00594	0.00565	0.00688	0.00434	0.00424	0.00839	0.01272	0.01742	0.62092	0.03766	0.22689	0.01019	0.00556	0.00151	0.00226	0.00887	0.00500	0.00434
5	0.00890	0.00838	0.01414	0.82296	0.03247	0.01048	0.01309	0.01205	0.00943	0.01205	0.00838	0.01257	0.00629	0.00471	0.00471	0.00157	0.00629	0.00419	0.00210	0.00524
6	0.01009	0.00998	0.01400	0.01207	0.01213	0.01390	0.01003	0.01116	0.00724	0.01132	0.00660	0.01084	0.00655	0.00999	0.06661	0.00242	0.77370	0.00419	0.00209	0.00510
7	0.01162	0.01216	0.02462	0.01791	0.02202	0.01197	0.62208	0.06421	0.01148	0.03770	0.01004	0.03463	0.00789	0.00483	0.00643	0.00163	0.08426	0.00553	0.00265	0.00633
8	0.00685	0.00459	0.00526	0.00526	0.00530	0.00463	0.00300	0.00693	0.00689	0.00923	0.01475	0.03027	0.01689	0.79606	0.06189	0.00472	0.00496	0.00677	0.00284	0.00292
9	0.01167	0.01120	0.01914	0.02894	0.80488	0.01120	0.01447	0.01447	0.01074	0.01540	0.00887	0.01167	0.00747	0.00420	0.00467	0.00140	0.00560	0.00420	0.00233	0.00747
10	0.00674	0.00490	0.00655	0.00752	0.00838	0.00472	0.00605	0.00833	0.01021	0.01324	0.02782	0.32064	0.11384	0.01351	0.00624	0.00202	0.00357	0.42722	0.00436	0.00413
11	0.67041	0.00886	0.00786	0.00671	0.00980	0.00973	0.00553	0.01598	0.00930	0.20449	0.00937	0.00961	0.00664	0.00472	0.00334	0.00146	0.00373	0.00306	0.00360	0.00579
12	0.00684	0.00462	0.00537	0.00536	0.00546	0.00467	0.00315	0.00704	0.00711	0.00959	0.03880	0.03000	0.01755	0.74502	0.08686	0.00472	0.00514	0.00676	0.00290	0.00301
13	0.00617	0.00445	0.00578	0.00636	0.00688	0.00429	0.00441	0.00722	0.00931	0.01251	0.12099	0.45672	0.08034	0.12729	0.09205	0.00280	0.00398	0.04051	0.00408	0.00384
14	0.01707	0.01599	0.01235	0.01058	0.01331	0.40850	0.00821	0.19383	0.01476	0.14557	0.01079	0.01185	0.00824	0.03085	0.05668	0.00180	0.00703	0.00386	0.02247	0.00629
15	0.00946	0.02439	0.80987	0.01344	0.02041	0.01095	0.01742	0.01493	0.00995	0.01493	0.00846	0.00995	0.00597	0.00448	0.00448	0.00149	0.00697	0.00348	0.00199	0.00697
16	0.00607	0.00438	0.00573	0.00670	0.00718	0.00412	0.00475	0.00709	0.00932	0.01227	0.02679	0.61920	0.08291	0.05353	0.00692	0.00206	0.00305	0.12977	0.00430	0.00387
17	0.01048	0.01090	0.06361	0.33136	0.46379	0.01091	0.01412	0.01357	0.01019	0.01409	0.00866	0.01191	0.00693	0.00441	0.00467	0.00147	0.00594	0.00415	0.00222	0.00659
18	0.04041	0.01122	0.02340	0.01713	0.02116	0.01063	0.62784	0.01373	0.01065	0.01476	0.01229	0.07227	0.04043	0.00691	0.05302	0.00196	0.00748	0.00616	0.00263	0.00592
19	0.01210	0.68018	0.12980	0.00948	0.01395	0.01723	0.05505	0.01429	0.00972	0.01184	0.00698	0.00819	0.00611	0.00409	0.00337	0.00111	0.00547	0.00283	0.00204	0.00619
20	0.03206	0.00783	0.01201	0.01104	0.06447	0.02634	0.16238	0.03201	0.00988	0.02961	0.03046	0.19981	0.08864	0.16786	0.00969	0.00226	0.05722	0.04824	0.00337	0.00480

[dist]
# distance from previous block
# <min> <max>
0	2

[block]
# block no. 8 follows, 54 sequences, length 45
# corresponding to MSA columns:
# 307-347,349-352
name=unknown_I
#
# <colnr> <probs for GDERKNQSTAVLIFYWHMCP>
#	G	D	E	R	K	N	Q	S	T	A	V	L	I	F	Y	W	H	M	C	P
0	0.06269	0.00808	0.01072	0.00826	0.01188	0.00710	0.00682	0.02233	0.01316	0.75489	0.01782	0.01552	0.01126	0.00572	0.00463	0.00145	0.00398	0.00460	0.00564	0.02346
1	0.00916	0.00887	0.01454	0.07598	0.06892	0.01042	0.14581	0.01100	0.00896	0.01275	0.03962	0.20378	0.01377	0.00922	0.03040	0.00198	0.32011	0.00673	0.00280	0.00517
2	0.03522	0.01062	0.01742	0.07148	0.63550	0.01093	0.01321	0.01464	0.03651	0.03977	0.03416	0.01263	0.00881	0.00467	0.00503	0.00145	0.03389	0.00434	0.00260	0.00712
3	0.00990	0.00980	0.01362	0.01177	0.01211	0.03393	0.03383	0.01111	0.00761	0.01144	0.00784	0.03848	0.00779	0.01188	0.12180	0.00276	0.64250	0.00457	0.00222	0.00503
4	0.00674	0.00505	0.00758	0.00758	0.00842	0.00589	0.00589	0.00842	0.00758	0.01095	0.01263	0.01852	0.01179	0.03536	0.81561	0.00758	0.01263	0.00505	0.00253	0.00421
5	0.01038	0.04617	0.03188	0.08610	0.04172	0.03517	0.07996	0.07142	0.20149	0.01599	0.03945	0.10480	0.02699	0.04788	0.00643	0.00177	0.03948	0.08235	0.02473	0.00583
6	0.01121	0.01279	0.10853	0.01672	0.05471	0.01170	0.42244	0.01443	0.01019	0.06362	0.00968	0.03097	0.00776	0.00592	0.02312	0.00179	0.18058	0.00509	0.00253	0.00623
7	0.02000	0.00828	0.01085	0.00842	0.01193	0.00751	0.00692	0.06875	0.05033	0.69105	0.01805	0.01590	0.01160	0.00584	0.00468	0.00145	0.00399	0.00472	0.04188	0.00784
8	0.00670	0.00502	0.00751	0.00755	0.00837	0.00583	0.00585	0.00836	0.00762	0.01098	0.01305	0.04407	0.01240	0.03472	0.79016	0.00740	0.01232	0.00531	0.00258	0.00420
9	0.02904	0.05392	0.03258	0.01082	0.01350	0.36030	0.00870	0.08731	0.14075	0.10396	0.01150	0.01308	0.00911	0.00583	0.00529	0.00143	0.06682	0.03635	0.00343	0.00629
10	0.01573	0.01758	0.01268	0.01144	0.02866	0.50285	0.00856	0.14037	0.04944	0.01462	0.00909	0.01143	0.00773	0.06695	0.01609	0.02284	0.05157	0.00375	0.00290	0.00570
11	0.00575	0.00419	0.00543	0.00638	0.00680	0.00386	0.00430	0.00665	0.00930	0.01228	0.04844	0.73665	0.10385	0.01437	0.00596	0.00187	0.00269	0.01295	0.00440	0.00386
12	0.00771	0.11094	0.06804	0.00886	0.04479	0.00718	0.03794	0.02785	0.00954	0.01271	0.01988	0.53726	0.02279	0.03924	0.02104	0.00192	0.00397	0.01000	0.00366	0.00468
13	0.01072	0.16825	0.61762	0.01222	0.01843	0.02785	0.01511	0.01524	0.01012	0.05087	0.00857	0.00978	0.00625	0.00447	0.00423	0.00140	0.00652	0.00336	0.00218	0.00682
14	0.00707	0.00585	0.00634	0.00614	0.00777	0.00568	0.00462	0.01097	0.17668	0.01520	0.16845	0.10484	0.44163	0.01062	0.00545	0.00160	0.00267	0.00903	0.00461	0.00478
15	0.00897	0.00846	0.01434	0.70070	0.04894	0.01011	0.04756	0.01201	0.00953	0.01240	0.00919	0.04708	0.00743	0.00505	0.00476	0.00155	0.00608	0.00459	0.00224	0.03901
16	0.00719	0.00586	0.00755	0.00747	0.00894	0.00572	0.04243	0.01027	0.11034	0.01412	0.06486	0.19173	0.28268	0.01235	0.03372	0.00199	0.00367	0.18020	0.00430	0.00462
17	0.01065	0.00874	0.00920	0.00816	0.01014	0.06099	0.00632	0.15788	0.19325	0.01992	0.35162	0.03878	0.02636	0.04294	0.00597	0.00164	0.00371	0.03325	0.00469	0.00578
18	0.01230	0.75793	0.10122	0.00859	0.01291	0.01791	0.00898	0.01420	0.00962	0.01147	0.00674	0.00780	0.00604	0.00408	0.00317	0.00106	0.00523	0.00262	0.00201	0.00614
