[name]
unknown

[dist]
# distance from previous block
# <min> <max>
1	420

[block]
# block no. 0 follows, 49 sequences, length 19
# corresponding to MSA columns:
# 458-476
name=unknown_A
#
# <colnr> <probs for GDERKNQSTAVLIFYWHMCP>
#	G	D	E	R	K	N	Q	S	T	A	V	L	I	F	Y	W	H	M	C	P
0	0.06694	0.01077	0.02371	0.01091	0.06486	0.06251	0.02474	0.13603	0.15155	0.15304	0.03214	0.06465	0.05688	0.05500	0.00641	0.00178	0.01714	0.00582	0.03462	0.02052
1	0.07397	0.04032	0.04905	0.01009	0.03188	0.04712	0.08302	0.09936	0.06755	0.05203	0.09041	0.10278	0.08049	0.07352	0.01959	0.00197	0.00488	0.00669	0.05935	0.00593
2	0.01258	0.00952	0.02013	0.00876	0.01097	0.07012	0.00686	0.15917	0.07898	0.10793	0.13407	0.15618	0.09472	0.02524	0.01994	0.00183	0.02714	0.00758	0.04213	0.00616
3	0.09394	0.03128	0.01215	0.03177	0.09905	0.07319	0.02789	0.11766	0.08163	0.09872	0.02972	0.10625	0.02372	0.03420	0.03808	0.00193	0.00521	0.00581	0.06747	0.02033
4	0.01273	0.03770	0.01231	0.04938	0.09572	0.03068	0.03872	0.04251	0.03614	0.17259	0.09268	0.07185	0.05936	0.00929	0.06549	0.00196	0.00516	0.00595	0.03633	0.12345
5	0.01219	0.05096	0.04597	0.03948	0.12053	0.10471	0.13312	0.03168	0.01125	0.06337	0.04424	0.01620	0.03381	0.03547	0.14654	0.00285	0.09334	0.00513	0.00299	0.00618
6	0.10137	0.15289	0.05312	0.02643	0.10803	0.24542	0.00994	0.10992	0.02587	0.04997	0.00941	0.01065	0.00746	0.00514	0.00453	0.00138	0.02114	0.00364	0.02929	0.02439
7	0.01353	0.68051	0.10984	0.00960	0.01414	0.07509	0.00983	0.01560	0.01061	0.01238	0.00731	0.00846	0.00648	0.00444	0.00351	0.00115	0.00590	0.00286	0.00219	0.00655
8	0.01107	0.04756	0.14972	0.05918	0.03018	0.01029	0.00936	0.13437	0.07042	0.03164	0.09415	0.03601	0.05760	0.13277	0.03663	0.00235	0.05512	0.00587	0.01963	0.00610
9	0.00734	0.00497	0.00584	0.00584	0.00595	0.00508	0.00347	0.00756	0.00745	0.01005	0.01564	0.03144	0.01767	0.72460	0.12245	0.00530	0.00598	0.00711	0.00302	0.00324
10	0.01275	0.23255	0.01802	0.07330	0.08816	0.07157	0.01032	0.04244	0.13335	0.01468	0.00984	0.01192	0.00833	0.00690	0.02528	0.00176	0.22535	0.00412	0.00283	0.00653
11	0.01014	0.02616	0.79609	0.01441	0.02189	0.01174	0.01868	0.01601	0.01068	0.01601	0.00907	0.01068	0.00641	0.00480	0.00480	0.00160	0.00747	0.00374	0.00214	0.00747
12	0.01028	0.05798	0.76544	0.01418	0.02153	0.01207	0.01828	0.01598	0.01066	0.01585	0.00899	0.01057	0.00641	0.00479	0.00474	0.00158	0.00739	0.00370	0.00214	0.00743
13	0.00614	0.00447	0.00580	0.00687	0.00729	0.00412	0.00462	0.00706	0.00985	0.01298	0.03000	0.74860	0.10245	0.01556	0.00641	0.00202	0.00290	0.01404	0.00469	0.00412
14	0.00720	0.00502	0.00636	0.00679	0.00731	0.00488	0.00478	0.00831	0.01005	0.01354	0.16487	0.22096	0.02949	0.32223	0.01383	0.00311	0.00393	0.15918	0.00423	0.00394
15	0.00627	0.00482	0.00570	0.00622	0.00719	0.00431	0.00441	0.00746	0.01082	0.01382	0.10286	0.39165	0.34051	0.03905	0.00683	0.00197	0.00285	0.03434	0.00472	0.00421
16	0.01226	0.01175	0.02006	0.09859	0.72520	0.01195	0.01539	0.01529	0.01139	0.01621	0.00947	0.01260	0.00790	0.00455	0.00501	0.00152	0.00607	0.00450	0.00248	0.00780
17	0.01089	0.01058	0.06756	0.02600	0.01374	0.00778	0.02721	0.04917	0.01116	0.01709	0.00918	0.01073	0.00745	0.00397	0.00397	0.00089	0.00429	0.00323	0.00300	0.71210
18	0.00630	0.00450	0.00602	0.00711	0.00744	0.00428	0.00481	0.00723	0.00959	0.01282	0.02683	0.73935	0.03192	0.03957	0.04476	0.00243	0.00354	0.03282	0.00455	0.00411

[dist]
# distance from previous block
# <min> <max>
0	1

[block]
# block no. 1 follows, 49 sequences, length 17
# corresponding to MSA columns:
# 478-494
name=unknown_B
#
# <colnr> <probs for GDERKNQSTAVLIFYWHMCP>
#	G	D	E	R	K	N	Q	S	T	A	V	L	I	F	Y	W	H	M	C	P
0	0.10069	0.06763	0.01396	0.01022	0.01407	0.13080	0.00835	0.35667	0.01696	0.04752	0.01025	0.01085	0.00773	0.00522	0.00440	0.00131	0.00551	0.00376	0.00393	0.18017
1	0.25827	0.10034	0.12146	0.01072	0.03244	0.18612	0.00941	0.04127	0.12684	0.05369	0.01032	0.01097	0.00791	0.00522	0.00418	0.00148	0.00584	0.00364	0.00326	0.00662
2	0.01100	0.02670	0.01703	0.01408	0.03926	0.05054	0.16625	0.01274	0.00906	0.01281	0.00913	0.01482	0.00874	0.11193	0.06355	0.00273	0.41655	0.00509	0.00245	0.00553
3	0.00668	0.00487	0.00629	0.00654	0.00742	0.00448	0.00467	0.00840	0.01230	0.01692	0.43785	0.34359	0.09584	0.01267	0.00616	0.00178	0.00261	0.01130	0.00516	0.00448
4	0.00831	0.00713	0.00862	0.00850	0.00953	0.07990	0.00654	0.01001	0.00868	0.01174	0.01309	0.01928	0.01225	0.05904	0.70454	0.00740	0.01287	0.00528	0.00271	0.00459
5	0.01812	0.00991	0.01187	0.00955	0.01297	0.01001	0.00773	0.18645	0.17637	0.38224	0.10276	0.01871	0.01614	0.00679	0.00519	0.00159	0.00430	0.00555	0.00569	0.00806
6	0.00819	0.00681	0.00987	0.00932	0.00996	0.00856	0.00738	0.00975	0.00800	0.01177	0.01191	0.01817	0.01136	0.06114	0.57517	0.00652	0.21356	0.00524	0.00260	0.00471
7	0.00735	0.00490	0.00552	0.00552	0.00552	0.00490	0.00306	0.00735	0.00735	0.00980	0.01593	0.03309	0.01838	0.82229	0.02574	0.00490	0.00490	0.00735	0.00306	0.00306
8	0.01205	0.01371	0.02799	0.04420	0.02551	0.04050	0.67691	0.01600	0.01171	0.01572	0.00989	0.01332	0.00754	0.00460	0.00653	0.00172	0.05715	0.00574	0.00253	0.00667
9	0.00735	0.00490	0.00552	0.00552	0.00552	0.00490	0.00306	0.00735	0.00735	0.00980	0.01593	0.03309	0.01838	0.82229	0.02574	0.00490	0.00490	0.00735	0.00306	0.00306
10	0.01236	0.00967	0.01040	0.00919	0.01193	0.01061	0.00719	0.08515	0.48975	0.07251	0.06362	0.02449	0.15527	0.00800	0.00532	0.00168	0.00381	0.00664	0.00515	0.00726
11	0.01240	0.01093	0.01118	0.01014	0.01287	0.03772	0.00784	0.02549	0.71127	0.02040	0.02119	0.04601	0.03549	0.00726	0.00519	0.00171	0.00410	0.00605	0.00504	0.00771
12	0.00896	0.00778	0.01217	0.11784	0.17081	0.00784	0.06242	0.04245	0.01170	0.01578	0.12885	0.26632	0.10688	0.00981	0.00577	0.00174	0.00444	0.00895	0.00392	0.00558
13	0.00893	0.00547	0.00692	0.00680	0.00716	0.04250	0.00468	0.00767	0.00822	0.01072	0.11673	0.01951	0.04643	0.01579	0.01658	0.66078	0.00427	0.00525	0.00278	0.00281
14	0.01371	0.25807	0.25431	0.03453	0.03697	0.21286	0.03038	0.01665	0.01141	0.02825	0.00826	0.00987	0.00667	0.00502	0.00502	0.00141	0.05415	0.00347	0.00237	0.00664
15	0.01225	0.03100	0.07152	0.00937	0.01212	0.08240	0.00788	0.08998	0.18941	0.08787	0.14071	0.08432	0.08545	0.01027	0.06053	0.00207	0.00516	0.00671	0.00452	0.00646
16	0.08281	0.17284	0.15895	0.01095	0.01520	0.10167	0.05210	0.05235	0.07883	0.06926	0.02234	0.03207	0.00915	0.00540	0.00468	0.00141	0.02455	0.00411	0.00319	0.09814

[dist]
# distance from previous block
# <min> <max>
0	6

[block]
# block no. 2 follows, 49 sequences, length 58
# corresponding to MSA columns:
# 501-545,547-559
name=unknown_C
#
# <colnr> <probs for GDERKNQSTAVLIFYWHMCP>
#	G	D	E	R	K	N	Q	S	T	A	V	L	I	F	Y	W	H	M	C	P
0	0.01496	0.09465	0.01457	0.03048	0.01453	0.11338	0.03280	0.19288	0.24942	0.06215	0.01480	0.03172	0.02541	0.02233	0.00553	0.00158	0.02423	0.00493	0.00419	0.04546
1	0.00807	0.00591	0.00689	0.00709	0.00767	0.02636	0.00478	0.06259	0.00977	0.01293	0.02000	0.34468	0.02280	0.31159	0.08557	0.02785	0.00503	0.02251	0.00382	0.00409
2	0.01067	0.07759	0.09057	0.07475	0.11453	0.03593	0.22750	0.01351	0.01050	0.01417	0.01213	0.11605	0.01153	0.05817	0.05265	0.00225	0.06254	0.00614	0.00275	0.00609
3	0.01116	0.03428	0.01616	0.01335	0.01360	0.01555	0.03021	0.01236	0.00792	0.01226	0.00674	0.01104	0.00666	0.00861	0.01595	0.00217	0.76977	0.00442	0.00222	0.00559
4	0.01416	0.01084	0.01157	0.00989	0.01283	0.01218	0.00784	0.24630	0.41964	0.03881	0.01752	0.02856	0.01325	0.00724	0.02064	0.00172	0.00444	0.00536	0.10955	0.00766
5	0.01173	0.07330	0.01709	0.08855	0.01637	0.08016	0.06843	0.01336	0.00903	0.01253	0.00743	0.01132	0.00685	0.00821	0.03188	0.00211	0.52932	0.00435	0.00228	0.00571
6	0.00617	0.00446	0.00581	0.00687	0.00726	0.00413	0.00460	0.00706	0.00977	0.01291	0.02938	0.74738	0.08911	0.03055	0.00678	0.00208	0.00294	0.01397	0.00466	0.00410
7	0.00992	0.00611	0.00720	0.00673	0.00764	0.00611	0.00451	0.04549	0.05348	0.10027	0.05692	0.05599	0.01940	0.53057	0.01876	0.01878	0.00460	0.03926	0.00387	0.00439
8	0.01213	0.00996	0.01137	0.00827	0.01268	0.00842	0.00667	0.15556	0.01298	0.01937	0.00958	0.01080	0.00770	0.00418	0.00399	0.00089	0.00409	0.00329	0.00338	0.69471
9	0.00968	0.00925	0.01599	0.76589	0.03436	0.01132	0.05658	0.01310	0.01021	0.01310	0.00906	0.01349	0.00679	0.00501	0.00511	0.00169	0.00684	0.00458	0.00226	0.00568
10	0.28545	0.01030	0.01077	0.00862	0.01210	0.01076	0.00703	0.23444	0.01470	0.19332	0.05614	0.01394	0.01088	0.03011	0.00500	0.00158	0.00440	0.00430	0.00449	0.08164
11	0.00624	0.00460	0.00586	0.00681	0.00740	0.00422	0.00471	0.00728	0.01016	0.01327	0.04534	0.64137	0.16033	0.01515	0.00639	0.00200	0.00294	0.04707	0.00471	0.00417
12	0.43367	0.00982	0.00970	0.00812	0.01136	0.01058	0.00661	0.14090	0.03173	0.20453	0.03151	0.05923	0.01055	0.00613	0.00422	0.00159	0.00418	0.00449	0.00438	0.00669
13	0.01000	0.02515	0.75818	0.01403	0.02120	0.01141	0.01801	0.01570	0.01085	0.01622	0.04649	0.01198	0.00839	0.00507	0.00486	0.00160	0.00723	0.00400	0.00230	0.00734
14	0.00617	0.00494	0.00551	0.00576	0.00705	0.00429	0.00417	0.00748	0.01139	0.01427	0.13476	0.24417	0.50570	0.01328	0.00610	0.00178	0.00264	0.01143	0.00480	0.00429
15	0.00647	0.00501	0.00570	0.00590	0.00704	0.00447	0.00425	0.00774	0.01111	0.01413	0.15414	0.18002	0.40819	0.11559	0.00861	0.00219	0.00300	0.04762	0.00462	0.00418
16	0.23019	0.03220	0.07848	0.01150	0.02755	0.01226	0.10014	0.16779	0.04474	0.03875	0.04421	0.07319	0.01112	0.00660	0.00608	0.00168	0.09822	0.00512	0.00361	0.00655
17	0.01025	0.00989	0.01594	0.57238	0.02932	0.03510	0.08063	0.02957	0.01036	0.01344	0.00948	0.03436	0.00769	0.00648	0.02060	0.01862	0.08295	0.00486	0.00241	0.00566
18	0.00881	0.00759	0.01046	0.00957	0.00987	0.00969	0.00743	0.00986	0.00781	0.01146	0.01161	0.03693	0.01205	0.22049	0.26879	0.00476	0.33994	0.00569	0.00264	0.00456
19	0.06012	0.14731	0.04366	0.01361	0.04117	0.35008	0.11523	0.04772	0.01263	0.03728	0.00850	0.01023	0.00693	0.00527	0.00561	0.00145	0.08036	0.00378	0.00271	0.00635
20	0.00694	0.00516	0.00646	0.00614	0.00742	0.00468	0.00460	0.00913	0.01381	0.01908	0.65497	0.03974	0.18157	0.01078	0.00597	0.00161	0.00242	0.00942	0.00541	0.00468
21	0.01274	0.32700	0.08043	0.03270	0.06290	0.02896	0.27335	0.05988	0.01198	0.01550	0.04225	0.01210	0.00887	0.00474	0.00468	0.00142	0.00664	0.00444	0.00264	0.00678
22	0.01014	0.02616	0.79609	0.01441	0.02189	0.01174	0.01868	0.01601	0.01068	0.01601	0.00907	0.01068	0.00641	0.00480	0.00480	0.00160	0.00747	0.00374	0.00214	0.00747
23	0.00639	0.00456	0.00610	0.00725	0.00763	0.00430	0.00503	0.00741	0.00984	0.01308	0.02752	0.72307	0.03269	0.03125	0.00688	0.00214	0.00315	0.09288	0.00466	0.00415
24	0.01109	0.01114	0.01590	0.01351	0.01365	0.01541	0.03277	0.01228	0.00786	0.01228	0.00674	0.01114	0.00667	0.00872	0.01629	0.00220	0.79009	0.00447	0.00222	0.00557
25	0.00648	0.00490	0.00589	0.00612	0.00714	0.00441	0.00436	0.00792	0.01162	0.01532	0.27493	0.28135	0.28163	0.05573	0.00716	0.00195	0.00274	0.01115	0.00488	0.00431
26	0.06377	0.01237	0.01299	0.01072	0.01416	0.01399	0.00863	0.38207	0.37666	0.02635	0.01579	0.01506	0.01161	0.00636	0.00499	0.00161	0.00474	0.00499	0.00499	0.00814
27	0.00622	0.00443	0.00585	0.00696	0.00724	0.00415	0.00461	0.00706	0.00956	0.01275	0.02726	0.77856	0.03267	0.05733	0.00745	0.00220	0.00304	0.01401	0.00461	0.00405
28	0.01286	0.01100	0.01159	0.01035	0.01326	0.01271	0.00807	0.05888	0.74914	0.02161	0.02022	0.01858	0.01514	0.00683	0.00514	0.00171	0.00407	0.00567	0.00514	0.00803
29	0.07405	0.01867	0.31491	0.03113	0.13360	0.11694	0.08506	0.05113	0.02637	0.06513	0.01007	0.01175	0.00752	0.00578	0.02495	0.00172	0.00711	0.00414	0.00282	0.00715
30	0.85801	0.00978	0.00743	0.00665	0.00978	0.01134	0.00548	0.01486	0.00861	0.02269	0.00704	0.00821	0.00548	0.00469	0.00313	0.00156	0.00391	0.00274	0.00313	0.00548
31	0.00709	0.00592	0.00964	0.00918	0.01033	0.00550	0.12567	0.00857	0.01027	0.01370	0.05035	0.63082	0.06552	0.01370	0.00634	0.00197	0.00378	0.01271	0.00439	0.00456
32	0.00878	0.00439	0.00659	0.00659	0.00659	0.00439	0.00439	0.00659	0.00659	0.00878	0.00878	0.01537	0.00878	0.01757	0.01976	0.85288	0.00439	0.00439	0.00220	0.00220
33	0.01217	0.01297	0.01572	0.50341	0.13465	0.19628	0.01320	0.01497	0.01125	0.01328	0.00875	0.01229	0.00686	0.00508	0.00511	0.00158	0.01986	0.00421	0.00237	0.00600
34	0.00828	0.00697	0.01015	0.00954	0.01020	0.00884	0.00762	0.00989	0.00802	0.01186	0.01165	0.01745	0.01099	0.02994	0.58642	0.00650	0.23317	0.00515	0.00257	0.00479
35	0.01154	0.03669	0.45123	0.05873	0.06863	0.06373	0.16763	0.03869	0.01151	0.01600	0.00925	0.01143	0.00685	0.00482	0.00524	0.00160	0.02264	0.00425	0.00237	0.00715
36	0.01332	0.03230	0.01764	0.01982	0.32196	0.09241	0.08317	0.05118	0.16717	0.03331	0.01197	0.01431	0.00975	0.04050	0.00681	0.00174	0.06727	0.00485	0.00324	0.00728
37	0.00869	0.00446	0.00668	0.00668	0.00674	0.00451	0.00451	0.00674	0.00668	0.00897	0.00908	0.01565	0.00902	0.01884	0.06868	0.80007	0.00496	0.00446	0.00223	0.00234
38	0.85801	0.00978	0.00743	0.00665	0.00978	0.01134	0.00548	0.01486	0.00861	0.02269	0.00704	0.00821	0.00548	0.00469	0.00313	0.00156	0.00391	0.00274	0.00313	0.00548
39	0.00724	0.00537	0.00786	0.00786	0.00867	0.00618	0.00599	0.00886	0.00805	0.01154	0.01379	0.02121	0.01322	0.11753	0.72344	0.00780	0.01267	0.00561	0.00274	0.00437
40	0.01049	0.00899	0.01049	0.00749	0.01198	0.00674	0.00599	0.01273	0.01049	0.01648	0.00899	0.01049	0.00749	0.00374	0.00374	0.00075	0.00374	0.00300	0.00300	0.85320
41	0.00749	0.00543	0.00670	0.00641	0.00756	0.00522	0.00469	0.00939	0.02643	0.03580	0.38339	0.05387	0.19563	0.13507	0.07718	0.00270	0.01908	0.00874	0.00469	0.00454
42	0.00889	0.02880	0.03685	0.01088	0.06061	0.00895	0.04310	0.01130	0.04103	0.01518	0.21120	0.13704	0.03951	0.03634	0.11027	0.00271	0.18085	0.00746	0.00371	0.00531
43	0.01461	0.52893	0.09251	0.01008	0.01447	0.08026	0.00980	0.14821	0.03147	0.01601	0.00849	0.00938	0.00707	0.00480	0.00385	0.00124	0.00588	0.00324	0.00277	0.00693
44	0.04900	0.00869	0.01159	0.00895	0.01281	0.00767	0.00738	0.02438	0.03136	0.75253	0.01955	0.01696	0.01236	0.00622	0.00502	0.00157	0.00428	0.00502	0.00613	0.00849
45	0.41286	0.00944	0.00961	0.00784	0.01139	0.00964	0.00641	0.03344	0.05499	0.27784	0.01243	0.01216	0.00868	0.00525	0.00401	0.00147	0.00406	0.00375	0.00430	0.11043
46	0.01243	0.01041	0.01137	0.00841	0.01272	0.04223	0.00675	0.12310	0.02715	0.03677	0.00987	0.01098	0.00787	0.00426	0.00403	0.00092	0.00425	0.00333	0.00339	0.65977
47	0.85801	0.00978	0.00743	0.00665	0.00978	0.01134	0.00548	0.01486	0.00861	0.02269	0.00704	0.00821	0.00548	0.00469	0.00313	0.00156	0.00391	0.00274	0.00313	0.00548
48	0.02237	0.00868	0.01173	0.00904	0.01292	0.00760	0.00745	0.02471	0.03885	0.76968	0.01997	0.01726	0.01261	0.00628	0.00509	0.00157	0.00429	0.00511	0.00622	0.00859
49	0.01014	0.02616	0.79609	0.01441	0.02189	0.01174	0.01868	0.01601	0.01068	0.01601	0.00907	0.01068	0.00641	0.00480	0.00480	0.00160	0.00747	0.00374	0.00214	0.00747
50	0.00656	0.00491	0.00612	0.00655	0.00752	0.00447	0.00477	0.00809	0.01165	0.01543	0.25708	0.34237	0.22219	0.01334	0.00623	0.00185	0.00281	0.06873	0.00495	0.00438
51	0.00902	0.00591	0.00791	0.00764	0.00847	0.00642	0.00558	0.04574	0.09072	0.01237	0.01349	0.03079	0.03476	0.04752	0.26478	0.38943	0.00724	0.00530	0.00295	0.00397
52	0.01944	0.00851	0.01111	0.00885	0.01229	0.00782	0.00719	0.03595	0.10277	0.59120	0.12009	0.02000	0.01738	0.00686	0.00521	0.00158	0.00404	0.00568	0.00602	0.00804
53	0.00878	0.00439	0.00659	0.00659	0.00659	0.00439	0.00439	0.00659	0.00659	0.00878	0.00878	0.01537	0.00878	0.01757	0.01976	0.85288	0.00439	0.00439	0.00220	0.00220
54	0.00735	0.00490	0.00552	0.00552	0.00552	0.00490	0.00306	0.00735	0.00735	0.00980	0.01593	0.03309	0.01838	0.82229	0.02574	0.00490	0.00490	0.00735	0.00306	0.00306
55	0.02796	0.01591	0.04985	0.05989	0.28131	0.23251	0.03101	0.11407	0.03548	0.04032	0.00976	0.01169	0.00775	0.00532	0.00559	0.00152	0.05572	0.00419	0.00301	0.00714
56	0.08299	0.04465	0.12893	0.05077	0.16464	0.11501	0.01097	0.06804	0.01190	0.01703	0.00888	0.01071	0.00712	0.00468	0.00464	0.00130	0.02517	0.00361	0.00280	0.23616
57	0.06573	0.31712	0.08227	0.01080	0.01442	0.18586	0.02313	0.04279	0.06166	0.03741	0.00887	0.01010	0.00732	0.00528	0.00525	0.00138	0.08455	0.00347	0.00276	0.02982

[dist]
# distance from previous block
# <min> <max>
0	4

[block]
# block no. 3 follows, 49 sequences, length 43
# corresponding to MSA columns:
# 565-607
name=unknown_D
#
# <colnr> <probs for GDERKNQSTAVLIFYWHMCP>
#	G	D	E	R	K	N	Q	S	T	A	V	L	I	F	Y	W	H	M	C	P
0	0.03789	0.05743	0.18203	0.06164	0.09338	0.02185	0.06915	0.07332	0.19875	0.05766	0.05829	0.01576	0.02732	0.00585	0.00498	0.00158	0.00559	0.00498	0.00366	0.01890
1	0.01504	0.36514	0.09900	0.02634	0.01517	0.30966	0.01007	0.04483	0.01249	0.01360	0.04049	0.01024	0.00830	0.00504	0.00411	0.00127	0.00691	0.00339	0.00258	0.00635
2	0.00678	0.00515	0.00624	0.00597	0.00733	0.00461	0.00448	0.00882	0.01343	0.01819	0.55514	0.04122	0.28195	0.01112	0.00597	0.00163	0.00244	0.00963	0.00529	0.00461
3	0.01372	0.68159	0.05190	0.00996	0.04072	0.08275	0.00926	0.01553	0.01067	0.01237	0.00731	0.00850	0.00657	0.00441	0.00348	0.00112	0.00576	0.00286	0.00223	0.02930
4	0.06089	0.09531	0.12106	0.09300	0.22127	0.05394	0.05447	0.04656	0.12731	0.03208	0.01083	0.01254	0.00846	0.00522	0.00518	0.00156	0.03582	0.00433	0.00300	0.00718
5	0.03206	0.01754	0.19328	0.07075	0.11527	0.15893	0.21522	0.04178	0.04592	0.02703	0.00985	0.01204	0.00752	0.00496	0.00538	0.00158	0.02674	0.00451	0.00270	0.00693
6	0.00878	0.00439	0.00659	0.00659	0.00659	0.00439	0.00439	0.00659	0.00659	0.00878	0.00878	0.01537	0.00878	0.01757	0.01976	0.85288	0.00439	0.00439	0.00220	0.00220
7	0.04278	0.01092	0.01765	0.13959	0.51341	0.01134	0.03383	0.01534	0.06842	0.01634	0.01339	0.01578	0.06833	0.00540	0.00505	0.00157	0.00569	0.00504	0.00286	0.00725
8	0.19396	0.04808	0.20977	0.01384	0.12483	0.01096	0.07508	0.06307	0.01117	0.02758	0.01234	0.12111	0.01144	0.02155	0.00521	0.00171	0.00558	0.03312	0.00313	0.00647
9	0.00623	0.00443	0.00585	0.00695	0.00723	0.00415	0.00460	0.00706	0.00954	0.01272	0.02716	0.77239	0.03255	0.06366	0.00760	0.00222	0.00305	0.01396	0.00460	0.00405
10	0.01599	0.01081	0.01196	0.00999	0.01323	0.01179	0.00798	0.20781	0.39283	0.17691	0.01812	0.01690	0.01302	0.00648	0.00500	0.00160	0.00433	0.00524	0.06195	0.00805
11	0.20560	0.01848	0.03999	0.01112	0.01428	0.44357	0.00888	0.09111	0.01384	0.09540	0.00932	0.01008	0.00708	0.00527	0.00435	0.00142	0.00708	0.00347	0.00331	0.00637
12	0.01863	0.00916	0.01138	0.00915	0.01251	0.00889	0.00737	0.09868	0.15571	0.48256	0.07884	0.01927	0.01564	0.04094	0.00603	0.00173	0.00425	0.00556	0.00575	0.00796
13	0.00625	0.00444	0.00584	0.00692	0.00719	0.00417	0.00457	0.00707	0.00950	0.01267	0.02694	0.75787	0.03227	0.07856	0.00795	0.00228	0.00309	0.01383	0.00457	0.00403
14	0.01997	0.01296	0.01443	0.01106	0.01508	0.01389	0.00914	0.61146	0.02176	0.19714	0.01383	0.01324	0.00945	0.00611	0.00506	0.00153	0.00529	0.00467	0.00532	0.00860
15	0.85801	0.00978	0.00743	0.00665	0.00978	0.01134	0.00548	0.01486	0.00861	0.02269	0.00704	0.00821	0.00548	0.00469	0.00313	0.00156	0.00391	0.00274	0.00313	0.00548
16	0.00623	0.00448	0.00592	0.00694	0.00734	0.00416	0.00468	0.00724	0.01009	0.01350	0.08758	0.73868	0.05373	0.01534	0.00640	0.00201	0.00288	0.01387	0.00476	0.00416
17	0.00659	0.00465	0.00567	0.00630	0.00661	0.00442	0.00401	0.00718	0.00899	0.01183	0.02562	0.45627	0.09805	0.31430	0.01355	0.00308	0.00363	0.01143	0.00409	0.00374
18	0.00943	0.00471	0.00471	0.00471	0.00589	0.00471	0.00353	0.01178	0.01060	0.01885	0.01650	0.01885	0.01296	0.00589	0.00353	0.00118	0.00236	0.00471	0.85036	0.00471
19	0.02216	0.00869	0.01171	0.00901	0.01285	0.00762	0.00743	0.04803	0.01476	0.74941	0.04018	0.01760	0.01333	0.00636	0.00511	0.00156	0.00429	0.00518	0.00620	0.00850
20	0.01922	0.01416	0.01518	0.01163	0.01568	0.01568	0.00961	0.77388	0.02378	0.03187	0.01214	0.01214	0.00860	0.00607	0.00506	0.00152	0.00556	0.00455	0.00506	0.00860
21	0.00628	0.00448	0.00581	0.00682	0.00713	0.00419	0.00450	0.00708	0.00950	0.01261	0.02737	0.71294	0.05586	0.09947	0.00844	0.00234	0.00313	0.01353	0.00452	0.00400
22	0.01894	0.02267	0.01445	0.01283	0.01564	0.68884	0.00975	0.12864	0.01569	0.01518	0.00844	0.00955	0.00681	0.00533	0.00463	0.00133	0.00861	0.00344	0.00296	0.00626
23	0.00788	0.00553	0.00681	0.00635	0.00668	0.00554	0.03556	0.02937	0.00801	0.01070	0.01559	0.03168	0.01766	0.76489	0.02432	0.00467	0.00507	0.00722	0.00310	0.00338
24	0.00665	0.00516	0.00607	0.00595	0.00735	0.00458	0.00450	0.00851	0.01286	0.01696	0.41254	0.06183	0.37405	0.01171	0.00602	0.00168	0.00257	0.04134	0.00512	0.00453
25	0.04153	0.54432	0.13393	0.01018	0.01461	0.15515	0.01018	0.01614	0.01099	0.01292	0.00746	0.00866	0.00645	0.00456	0.00369	0.00121	0.00630	0.00295	0.00227	0.00649
26	0.08132	0.02816	0.07292	0.01125	0.05983	0.12581	0.00898	0.13237	0.05947	0.09939	0.02640	0.01352	0.00967	0.02722	0.00541	0.00146	0.02713	0.01581	0.00368	0.19020
27	0.01465	0.01101	0.01383	0.04503	0.03573	0.01193	0.07213	0.29667	0.17131	0.08373	0.01517	0.05071	0.01245	0.11663	0.00823	0.00208	0.02137	0.00573	0.00443	0.00719
28	0.01866	0.02376	0.01483	0.01329	0.01598	0.77651	0.03439	0.02006	0.01425	0.01250	0.00789	0.00926	0.00655	0.00518	0.00460	0.00132	0.00910	0.00334	0.00260	0.00589
29	0.01672	0.01292	0.01377	0.01113	0.01473	0.01451	0.00901	0.49228	0.30946	0.02783	0.01532	0.01468	0.01118	0.00637	0.00509	0.00159	0.00498	0.00499	0.00509	0.00837
30	0.00674	0.00514	0.00614	0.00648	0.00764	0.00469	0.00491	0.00824	0.01137	0.01459	0.16031	0.16528	0.33676	0.08118	0.00791	0.00213	0.00320	0.15829	0.00469	0.00430
31	0.01672	0.01425	0.04303	0.05013	0.04842	0.10598	0.00991	0.42404	0.10461	0.05649	0.04548	0.01499	0.01125	0.00628	0.00509	0.00155	0.00574	0.02381	0.00449	0.00774
32	0.01049	0.00899	0.01049	0.00749	0.01198	0.00674	0.00599	0.01273	0.01049	0.01648	0.00899	0.01049	0.00749	0.00374	0.00374	0.00075	0.00374	0.00300	0.00300	0.85320
33	0.01094	0.06827	0.38113	0.07815	0.13041	0.04487	0.10513	0.01523	0.01122	0.01566	0.06336	0.01339	0.00984	0.00587	0.02378	0.00171	0.00707	0.00450	0.00252	0.00694
34	0.00749	0.00558	0.00720	0.00730	0.00782	0.00602	0.00528	0.00846	0.00869	0.01174	0.02019	0.11380	0.08015	0.33873	0.18169	0.00448	0.06914	0.10883	0.00343	0.00398
35	0.01659	0.01162	0.01281	0.01050	0.01386	0.01269	0.00843	0.37828	0.25968	0.12991	0.01707	0.07769	0.01321	0.00710	0.00520	0.00163	0.00470	0.00575	0.00522	0.00806
36	0.00695	0.00478	0.00567	0.00605	0.00624	0.00466	0.00371	0.00733	0.00833	0.01103	0.02126	0.27298	0.05468	0.52498	0.01863	0.00385	0.00420	0.02753	0.00366	0.00347
37	0.01044	0.00949	0.01613	0.49819	0.11252	0.01087	0.09002	0.03808	0.03539	0.01405	0.00963	0.01374	0.00756	0.00647	0.00687	0.10119	0.00644	0.00467	0.00249	0.00578
38	0.01044	0.00912	0.01061	0.02153	0.01228	0.02096	0.00632	0.01259	0.01041	0.01603	0.00973	0.04690	0.00860	0.00452	0.00437	0.00089	0.03308	0.00359	0.00302	0.75502
39	0.01264	0.01108	0.03081	0.08661	0.03124	0.01147	0.16109	0.12674	0.25995	0.05004	0.03041	0.06960	0.01401	0.00692	0.00544	0.00170	0.00543	0.04964	0.00418	0.03101
40	0.64120	0.00973	0.00828	0.00725	0.01022	0.01107	0.00583	0.06892	0.06159	0.05456	0.00954	0.01152	0.00766	0.06858	0.00524	0.00183	0.00413	0.00352	0.00353	0.00581
41	0.04756	0.00710	0.00911	0.03052	0.01063	0.00703	0.00651	0.04052	0.01324	0.22189	0.28985	0.05399	0.11021	0.00935	0.00636	0.00171	0.05769	0.06566	0.00512	0.00593
42	0.02052	0.00772	0.03958	0.03198	0.01048	0.00733	0.00652	0.03628	0.10247	0.03108	0.22931	0.07858	0.10705	0.07267	0.03385	0.03191	0.04528	0.03192	0.00429	0.07118

[dist]
# distance from previous block
# <min> <max>
2	10

[block]
# block no. 4 follows, 49 sequences, length 84
# corresponding to MSA columns:
# 620-650,652-678,681-683,685,694-715
name=unknown_E
#
# <colnr> <probs for GDERKNQSTAVLIFYWHMCP>
#	G	D	E	R	K	N	Q	S	T	A	V	L	I	F	Y	W	H	M	C	P
0	0.06572	0.06077	0.04334	0.03403	0.01485	0.50722	0.02168	0.01735	0.01320	0.01418	0.08459	0.01351	0.03856	0.00580	0.00460	0.00135	0.00735	0.00412	0.00296	0.04481
1	0.01576	0.01569	0.12668	0.02803	0.01641	0.09001	0.03210	0.37098	0.11893	0.03506	0.01216	0.01307	0.00910	0.02512	0.00589	0.00162	0.03666	0.00452	0.00407	0.03815
2	0.01604	0.01327	0.02998	0.03439	0.04922	0.05362	0.00940	0.44158	0.14470	0.02541	0.01334	0.04366	0.01033	0.00619	0.00497	0.00149	0.00531	0.00488	0.00449	0.08773
3	0.00887	0.00788	0.01175	0.05688	0.01225	0.00923	0.08510	0.01022	0.00873	0.01222	0.01557	0.08065	0.07301	0.23585	0.09498	0.00340	0.24420	0.00671	0.01785	0.00467
4	0.00635	0.00454	0.00600	0.00689	0.00733	0.00423	0.00467	0.00746	0.01038	0.01403	0.15124	0.67338	0.03541	0.03397	0.00683	0.00205	0.00289	0.01336	0.00480	0.00419
5	0.00964	0.00908	0.01533	0.78591	0.05833	0.01126	0.01409	0.01300	0.01015	0.01303	0.00900	0.01345	0.00678	0.00504	0.00505	0.00168	0.00672	0.00449	0.00225	0.00569
6	0.00722	0.00542	0.00813	0.00813	0.00903	0.00632	0.00632	0.00903	0.00813	0.01174	0.01354	0.01987	0.01264	0.03792	0.80225	0.00813	0.01354	0.00542	0.00271	0.00451
7	0.05058	0.01137	0.01319	0.01018	0.01405	0.01168	0.00839	0.40362	0.01897	0.35875	0.03667	0.01488	0.01125	0.00622	0.00503	0.00154	0.00488	0.00484	0.00552	0.00838
8	0.01834	0.01250	0.01375	0.01080	0.01457	0.01354	0.00884	0.52330	0.12983	0.14831	0.01597	0.01520	0.03827	0.00645	0.00511	0.00156	0.00504	0.00502	0.00524	0.00836
9	0.00616	0.00440	0.00587	0.00704	0.00733	0.00411	0.00469	0.00704	0.00968	0.01291	0.02787	0.81899	0.03344	0.01584	0.00645	0.00205	0.00293	0.01438	0.00469	0.00411
10	0.01049	0.00899	0.01049	0.00749	0.01198	0.00674	0.00599	0.01273	0.01049	0.01648	0.00899	0.01049	0.00749	0.00374	0.00374	0.00075	0.00374	0.00300	0.00300	0.85320
11	0.00975	0.00924	0.01581	0.70581	0.08609	0.01115	0.04120	0.01306	0.01026	0.01329	0.00959	0.03548	0.00759	0.00528	0.00512	0.00168	0.00665	0.00482	0.00234	0.00578
12	0.01014	0.02616	0.79609	0.01441	0.02189	0.01174	0.01868	0.01601	0.01068	0.01601	0.00907	0.01068	0.00641	0.00480	0.00480	0.00160	0.00747	0.00374	0.00214	0.00747
13	0.00663	0.00569	0.00601	0.00583	0.00750	0.00523	0.00443	0.00872	0.05544	0.01443	0.09312	0.04476	0.66703	0.01215	0.00636	0.00172	0.03566	0.01004	0.00467	0.00456
14	0.00868	0.00550	0.00725	0.00662	0.00808	0.00503	0.00503	0.01102	0.01433	0.09594	0.71299	0.03576	0.04427	0.00994	0.00588	0.00159	0.00257	0.00875	0.00563	0.00515
15	0.00943	0.00471	0.00471	0.00471	0.00589	0.00471	0.00353	0.01178	0.01060	0.01885	0.01650	0.01885	0.01296	0.00589	0.00353	0.00118	0.00236	0.00471	0.85036	0.00471
16	0.01258	0.01086	0.01143	0.01029	0.01315	0.01258	0.00800	0.02687	0.78161	0.02115	0.02058	0.01887	0.01544	0.00686	0.00515	0.00172	0.00400	0.00572	0.00515	0.00800
17	0.01014	0.02616	0.79609	0.01441	0.02189	0.01174	0.01868	0.01601	0.01068	0.01601	0.00907	0.01068	0.00641	0.00480	0.00480	0.00160	0.00747	0.00374	0.00214	0.00747
18	0.01889	0.02410	0.01433	0.01303	0.01563	0.80199	0.00977	0.02019	0.01433	0.01238	0.00782	0.00912	0.00651	0.00521	0.00456	0.00130	0.00912	0.00326	0.00261	0.00586
19	0.00616	0.00440	0.00587	0.00704	0.00733	0.00411	0.00469	0.00704	0.00968	0.01291	0.02787	0.81899	0.03344	0.01584	0.00645	0.00205	0.00293	0.01438	0.00469	0.00411
20	0.01258	0.01086	0.01143	0.01029	0.01315	0.01258	0.00800	0.02687	0.78161	0.02115	0.02058	0.01887	0.01544	0.00686	0.00515	0.00172	0.00400	0.00572	0.00515	0.00800
21	0.01049	0.00899	0.01049	0.00749	0.01198	0.00674	0.00599	0.01273	0.01049	0.01648	0.00899	0.01049	0.00749	0.00374	0.00374	0.00075	0.00374	0.00300	0.00300	0.85320
22	0.00822	0.00457	0.00620	0.00623	0.00623	0.00456	0.00394	0.00687	0.00693	0.00924	0.01175	0.04177	0.01275	0.29778	0.02151	0.53614	0.00453	0.00567	0.00256	0.00255
23	0.01298	0.01186	0.02012	0.03002	0.75491	0.01180	0.01515	0.01594	0.01165	0.05235	0.00999	0.01273	0.00822	0.00459	0.00501	0.00150	0.00593	0.00453	0.00268	0.00804
24	0.01252	0.01201	0.02053	0.03104	0.79074	0.01201	0.01552	0.01552	0.01151	0.01652	0.00951	0.01252	0.00801	0.00451	0.00501	0.00150	0.00601	0.00451	0.00250	0.00801
25	0.00616	0.00440	0.00587	0.00704	0.00733	0.00411	0.00469	0.00704	0.00968	0.01291	0.02787	0.81899	0.03344	0.01584	0.00645	0.00205	0.00293	0.01438	0.00469	0.00411
26	0.00616	0.00440	0.00587	0.00704	0.00733	0.00411	0.00469	0.00704	0.00968	0.01291	0.02787	0.81899	0.03344	0.01584	0.00645	0.00205	0.00293	0.01438	0.00469	0.00411
27	0.01049	0.00899	0.01049	0.00749	0.01198	0.00674	0.00599	0.01273	0.01049	0.01648	0.00899	0.01049	0.00749	0.00374	0.00374	0.00075	0.00374	0.00300	0.00300	0.85320
28	0.00943	0.00471	0.00471	0.00471	0.00589	0.00471	0.00353	0.01178	0.01060	0.01885	0.01650	0.01885	0.01296	0.00589	0.00353	0.00118	0.00236	0.00471	0.85036	0.00471
29	0.10075	0.44192	0.11912	0.04835	0.07639	0.09165	0.01051	0.03447	0.01097	0.01448	0.00778	0.00924	0.00656	0.00460	0.00382	0.00129	0.00598	0.00316	0.00240	0.00658
30	0.05220	0.01262	0.01367	0.01079	0.01439	0.01379	0.00879	0.61778	0.02111	0.07323	0.01407	0.09872	0.01136	0.00707	0.00513	0.00158	0.00514	0.00556	0.00501	0.00799
31	0.01316	0.01159	0.01787	0.16803	0.47334	0.03109	0.01368	0.08400	0.02426	0.06107	0.01103	0.01354	0.02197	0.00517	0.00535	0.00156	0.02821	0.00464	0.00297	0.00747
32	0.01236	0.01294	0.12501	0.22002	0.26051	0.01185	0.02726	0.09675	0.04366	0.05380	0.01100	0.01444	0.00872	0.01948	0.00592	0.00169	0.04001	0.02447	0.00300	0.00712
33	0.85801	0.00978	0.00743	0.00665	0.00978	0.01134	0.00548	0.01486	0.00861	0.02269	0.00704	0.00821	0.00548	0.00469	0.00313	0.00156	0.00391	0.00274	0.00313	0.00548
34	0.00644	0.00454	0.00577	0.00663	0.00689	0.00430	0.00429	0.00712	0.00918	0.01219	0.02563	0.61405	0.04863	0.20644	0.01100	0.00272	0.00339	0.01262	0.00431	0.00386
35	0.06955	0.00975	0.01186	0.00938	0.01298	0.00953	0.00765	0.20147	0.03701	0.48837	0.01793	0.07453	0.01279	0.00684	0.00507	0.00159	0.00447	0.00552	0.00564	0.00807
36	0.01697	0.01210	0.01322	0.01072	0.01425	0.01332	0.00866	0.39473	0.29878	0.12033	0.03216	0.01574	0.01237	0.00647	0.00511	0.00160	0.00478	0.00514	0.00525	0.00830
37	0.00616	0.00442	0.00584	0.00698	0.00732	0.00411	0.00467	0.00705	0.00974	0.01293	0.02860	0.79503	0.05693	0.01575	0.00644	0.00204	0.00292	0.01426	0.00469	0.00411
38	0.00616	0.00440	0.00587	0.00704	0.00733	0.00411	0.00469	0.00704	0.00968	0.01291	0.02787	0.81899	0.03344	0.01584	0.00645	0.00205	0.00293	0.01438	0.00469	0.00411
39	0.01811	0.02272	0.01387	0.01262	0.01517	0.73522	0.00947	0.01996	0.04353	0.01307	0.04424	0.01081	0.00875	0.00551	0.00465	0.00133	0.00861	0.00362	0.00284	0.00589
40	0.01940	0.01227	0.01388	0.01059	0.01464	0.01277	0.00874	0.51352	0.02022	0.23035	0.01392	0.01333	0.00953	0.00592	0.00496	0.00147	0.00508	0.00456	0.00520	0.07965
41	0.28404	0.13491	0.01405	0.11486	0.01554	0.03995	0.04991	0.01755	0.01124	0.23665	0.02957	0.01246	0.00894	0.00525	0.00423	0.00151	0.00503	0.00397	0.00375	0.00660
42	0.01006	0.00918	0.01115	0.01033	0.01122	0.07675	0.00830	0.04626	0.00965	0.01319	0.01269	0.03445	0.01254	0.05315	0.31487	0.00449	0.26227	0.09145	0.00293	0.00509
43	0.00612	0.00513	0.00532	0.00527	0.00692	0.00433	0.00395	0.00753	0.01186	0.01445	0.13952	0.04736	0.69991	0.01251	0.00597	0.00169	0.00254	0.01049	0.00480	0.00433
44	0.01015	0.00972	0.01374	0.01205	0.01227	0.01331	0.00994	0.01142	0.00784	0.01207	0.00828	0.01316	0.00807	0.01576	0.20340	0.00362	0.62294	0.00466	0.00233	0.00529
45	0.01871	0.02224	0.01434	0.01274	0.01555	0.66423	0.00968	0.12523	0.04327	0.01540	0.00888	0.00989	0.00712	0.00539	0.00465	0.00135	0.00844	0.00353	0.00304	0.00632
46	0.04526	0.01093	0.01146	0.01019	0.01313	0.01257	0.00797	0.06078	0.70188	0.03723	0.01966	0.01812	0.01468	0.00673	0.00506	0.00170	0.00408	0.00554	0.00509	0.00795
47	0.01569	0.01875	0.01467	0.12168	0.07904	0.51112	0.02932	0.01799	0.04086	0.01352	0.03959	0.01280	0.03290	0.00569	0.00510	0.00144	0.02686	0.00416	0.00281	0.00600
48	0.00722	0.00542	0.00813	0.00813	0.00903	0.00632	0.00632	0.00903	0.00813	0.01174	0.01354	0.01987	0.01264	0.03792	0.80225	0.00813	0.01354	0.00542	0.00271	0.00451
49	0.01106	0.01106	0.01549	0.01328	0.01328	0.01549	0.01106	0.01217	0.00774	0.01217	0.00664	0.01106	0.00664	0.00885	0.01659	0.00221	0.81303	0.00443	0.00221	0.00553
50	0.01922	0.01416	0.01518	0.01163	0.01568	0.01568	0.00961	0.77388	0.02378	0.03187	0.01214	0.01214	0.00860	0.00607	0.00506	0.00152	0.00556	0.00455	0.00506	0.00860
51	0.00615	0.00475	0.00561	0.00619	0.00714	0.00422	0.00434	0.00729	0.01075	0.01368	0.08512	0.44563	0.35263	0.01422	0.00622	0.00188	0.00274	0.01249	0.00475	0.00422
52	0.74784	0.00985	0.00814	0.00707	0.01030	0.01116	0.00582	0.04669	0.00976	0.09325	0.00842	0.00919	0.00624	0.00489	0.00339	0.00156	0.00401	0.00303	0.00349	0.00589
53	0.00638	0.00500	0.00578	0.00595	0.00721	0.00440	0.00437	0.00789	0.01187	0.01527	0.23838	0.20706	0.41866	0.01282	0.00610	0.00176	0.00264	0.02916	0.00492	0.00438
54	0.01158	0.04753	0.01578	0.01369	0.05710	0.01474	0.01089	0.01289	0.00845	0.04434	0.00800	0.01259	0.00763	0.00902	0.03082	0.00222	0.66139	0.02307	0.00246	0.00580
55	0.00708	0.00505	0.00603	0.00610	0.00673	0.00483	0.00406	0.00832	0.02407	0.01393	0.23930	0.15652	0.10928	0.35646	0.01445	0.00310	0.00363	0.02286	0.00425	0.00395
56	0.00963	0.00907	0.01531	0.78950	0.05484	0.01126	0.01408	0.01299	0.01015	0.01302	0.00900	0.01346	0.00677	0.00504	0.00505	0.00168	0.00672	0.00449	0.00225	0.00568
57	0.01239	0.04000	0.01517	0.06122	0.15050	0.01103	0.06654	0.14945	0.08900	0.01949	0.08670	0.01545	0.02287	0.00563	0.00516	0.00138	0.02722	0.00484	0.00363	0.21234
58	0.00678	0.00546	0.00669	0.00677	0.02089	0.00492	0.02006	0.00875	0.03141	0.01576	0.25714	0.17311	0.38627	0.01216	0.00603	0.00174	0.00282	0.02376	0.00488	0.00460
59	0.00943	0.00471	0.00471	0.00471	0.00589	0.00471	0.00353	0.01178	0.01060	0.01885	0.01650	0.01885	0.01296	0.00589	0.00353	0.00118	0.00236	0.00471	0.85036	0.00471
60	0.06350	0.03100	0.06683	0.27949	0.06602	0.01154	0.06790	0.15163	0.04054	0.05139	0.01269	0.07580	0.01077	0.00645	0.00515	0.00167	0.00587	0.04176	0.00341	0.00657
61	0.03627	0.49096	0.02122	0.01044	0.03251	0.21569	0.00898	0.05873	0.04339	0.01403	0.02190	0.00966	0.00771	0.00487	0.00384	0.00122	0.00622	0.00323	0.00265	0.00649
62	0.02856	0.02585	0.14055	0.01409	0.13556	0.03037	0.03186	0.13021	0.07706	0.15393	0.05920	0.01560	0.03271	0.00607	0.00564	0.00156	0.05107	0.00490	0.00395	0.05127
63	0.04530	0.15247	0.09868	0.01115	0.02514	0.03976	0.03866	0.21652	0.06950	0.12334	0.01318	0.02988	0.02911	0.00683	0.02536	0.00168	0.04625	0.00460	0.00389	0.01870
64	0.00947	0.00593	0.04951	0.00526	0.00680	0.00511	0.00439	0.01202	0.01061	0.01869	0.01608	0.01839	0.01259	0.00583	0.00361	0.00120	0.00265	0.00466	0.80235	0.00487
65	0.04507	0.07590	0.04882	0.01129	0.03801	0.01269	0.04659	0.15482	0.34101	0.02073	0.03625	0.06808	0.02992	0.00710	0.00539	0.00165	0.02686	0.01818	0.00436	0.00728
66	0.01223	0.05098	0.13523	0.16761	0.15237	0.09747	0.09439	0.02843	0.02136	0.05964	0.06754	0.02688	0.01143	0.02108	0.02127	0.00176	0.00663	0.01415	0.00299	0.00659
67	0.01133	0.00877	0.01007	0.02600	0.04666	0.00930	0.00703	0.06951	0.32200	0.05182	0.04893	0.07918	0.08593	0.07638	0.00691	0.00189	0.00398	0.01950	0.05247	0.06235
68	0.07376	0.01190	0.01418	0.01151	0.03328	0.04027	0.08723	0.37596	0.03097	0.07353	0.05149	0.01810	0.09755	0.02208	0.01950	0.00175	0.01975	0.00553	0.00445	0.00720
69	0.00631	0.00460	0.00595	0.00681	0.00737	0.00424	0.00469	0.00744	0.01048	0.01395	0.12517	0.62974	0.11015	0.01482	0.00636	0.00197	0.00286	0.02808	0.00480	0.00422
70	0.00993	0.03846	0.72970	0.01374	0.02073	0.01138	0.01754	0.01540	0.01068	0.01577	0.01125	0.03358	0.03900	0.00541	0.00487	0.00161	0.00712	0.00428	0.00231	0.00724
71	0.00707	0.00513	0.00650	0.00711	0.00784	0.00490	0.00498	0.04959	0.01118	0.01494	0.12428	0.58478	0.08694	0.02996	0.00667	0.00200	0.00307	0.03382	0.00479	0.00444
72	0.01096	0.01125	0.05002	0.28099	0.29125	0.01147	0.11467	0.01492	0.05476	0.01568	0.06376	0.01497	0.01061	0.00532	0.00552	0.00163	0.02765	0.00505	0.00276	0.00676
73	0.01160	0.01311	0.02846	0.02049	0.02533	0.01229	0.72836	0.01567	0.01181	0.01601	0.01124	0.05982	0.00915	0.00493	0.00600	0.00173	0.00820	0.00645	0.00268	0.00666
74	0.01421	0.01151	0.01223	0.01055	0.01368	0.01312	0.00833	0.18431	0.60461	0.04077	0.01879	0.01741	0.01393	0.00668	0.00513	0.00167	0.00434	0.00546	0.00515	0.00814
75	0.00794	0.00534	0.00692	0.00646	0.00781	0.00487	0.00487	0.01019	0.01402	0.06349	0.67992	0.06154	0.08652	0.01042	0.00593	0.00161	0.00252	0.00916	0.00553	0.00494
76	0.05331	0.03592	0.01460	0.01120	0.01501	0.10240	0.00917	0.53961	0.04814	0.10197	0.01237	0.01227	0.00881	0.00592	0.00488	0.00150	0.00571	0.00438	0.00475	0.00809
77	0.00621	0.00444	0.00591	0.00701	0.00734	0.00414	0.00470	0.00716	0.00989	0.01325	0.06289	0.78300	0.03410	0.01559	0.00643	0.00203	0.00291	0.01413	0.00473	0.00414
78	0.00722	0.00541	0.00673	0.00645	0.00777	0.00504	0.00488	0.00989	0.04499	0.01900	0.60435	0.05146	0.15942	0.01079	0.00598	0.00165	0.00257	0.03624	0.00537	0.00481
79	0.00783	0.00642	0.01036	0.00952	0.01073	0.00737	0.07102	0.00981	0.00843	0.01214	0.01289	0.01886	0.01189	0.03350	0.69212	0.00726	0.05703	0.00541	0.00267	0.00476
80	0.01352	0.82533	0.02650	0.00865	0.01298	0.02001	0.00865	0.01514	0.01027	0.01190	0.00703	0.00811	0.00649	0.00433	0.00324	0.00108	0.00541	0.00270	0.00216	0.00649
81	0.00945	0.00736	0.00929	0.00888	0.01044	0.02190	0.03544	0.04025	0.17936	0.04497	0.02133	0.27942	0.04386	0.03725	0.19739	0.00344	0.00628	0.03393	0.00423	0.00552
82	0.02440	0.00849	0.02724	0.14708	0.14145	0.02239	0.04045	0.03136	0.01216	0.04396	0.17691	0.08728	0.07194	0.00889	0.00572	0.00176	0.00479	0.13405	0.00396	0.00574
83	0.00812	0.00664	0.02266	0.00715	0.00889	0.00617	0.00554	0.02934	0.13312	0.03802	0.05883	0.22286	0.36044	0.01208	0.00595	0.00182	0.00323	0.05919	0.00479	0.00515

[dist]
# distance from previous block
# <min> <max>
2	5

[block]
# block no. 5 follows, 49 sequences, length 32
# corresponding to MSA columns:
# 722-743,748-757
name=unknown_F
#
# <colnr> <probs for GDERKNQSTAVLIFYWHMCP>
#	G	D	E	R	K	N	Q	S	T	A	V	L	I	F	Y	W	H	M	C	P
0	0.01195	0.01242	0.04087	0.10659	0.15750	0.07434	0.22552	0.05704	0.05996	0.01642	0.02455	0.05434	0.02604	0.02918	0.00589	0.00167	0.00645	0.01622	0.00307	0.06999
1	0.01404	0.53852	0.05685	0.01105	0.01508	0.15398	0.08056	0.01601	0.01103	0.01257	0.00753	0.00905	0.00661	0.00471	0.00443	0.00125	0.04481	0.00323	0.00228	0.00641
2	0.00861	0.00447	0.00655	0.00655	0.00658	0.00450	0.00435	0.00674	0.00670	0.00897	0.00954	0.01700	0.00972	0.08539	0.04717	0.75309	0.00475	0.00467	0.00229	0.00235
3	0.01897	0.01404	0.01503	0.01158	0.01558	0.01556	0.00955	0.74541	0.05266	0.03146	0.01246	0.01240	0.00886	0.00610	0.00506	0.00153	0.00550	0.00460	0.00506	0.00858
4	0.00658	0.00508	0.00577	0.00598	0.00704	0.00463	0.00419	0.00809	0.03291	0.01400	0.13866	0.23917	0.35908	0.13493	0.00905	0.00226	0.00303	0.01076	0.00458	0.00422
5	0.01032	0.00971	0.01637	0.57964	0.11882	0.01132	0.06954	0.03807	0.03308	0.01442	0.01037	0.04740	0.00839	0.00547	0.00518	0.00168	0.00651	0.00506	0.00258	0.00608
6	0.01221	0.01175	0.01900	0.20507	0.57861	0.03529	0.01487	0.03403	0.01159	0.01597	0.00941	0.01262	0.00770	0.00469	0.00501	0.00154	0.00625	0.00447	0.00251	0.00742
7	0.00664	0.00493	0.00695	0.00746	0.00793	0.00466	0.04090	0.00753	0.00939	0.01254	0.02500	0.64693	0.02966	0.15257	0.00971	0.00252	0.00353	0.01278	0.00432	0.00406
8	0.00735	0.00490	0.00552	0.00552	0.00552	0.00490	0.00306	0.00735	0.00735	0.00980	0.01593	0.03309	0.01838	0.82229	0.02574	0.00490	0.00490	0.00735	0.00306	0.00306
9	0.83546	0.01021	0.02840	0.00686	0.01010	0.01135	0.00583	0.01489	0.00866	0.02251	0.00710	0.00828	0.00550	0.00470	0.00317	0.00157	0.00401	0.00276	0.00310	0.00553
10	0.01036	0.01038	0.02012	0.01551	0.01905	0.00984	0.43509	0.03952	0.01230	0.01630	0.04482	0.02959	0.10706	0.00801	0.00620	0.00185	0.00653	0.19798	0.00353	0.00596
11	0.85801	0.00978	0.00743	0.00665	0.00978	0.01134	0.00548	0.01486	0.00861	0.02269	0.00704	0.00821	0.00548	0.00469	0.00313	0.00156	0.00391	0.00274	0.00313	0.00548
12	0.00632	0.00475	0.00588	0.00657	0.00739	0.00431	0.00465	0.00754	0.01077	0.01398	0.11152	0.48619	0.24277	0.01435	0.00630	0.00193	0.00287	0.05289	0.00478	0.00425
13	0.10420	0.01323	0.05540	0.10006	0.10824	0.16319	0.02721	0.05852	0.02185	0.02872	0.03167	0.06144	0.01095	0.00622	0.00512	0.00150	0.02972	0.04444	0.00317	0.12516
