[name]
unknown

[dist]
# distance from previous block
# <min> <max>
0	2

[block]
# block no. 0 follows, 54 sequences, length 10
# corresponding to MSA columns:
# 2-11
name=unknown_A
#
# <colnr> <probs for GDERKNQSTAVLIFYWHMCP>
#	G	D	E	R	K	N	Q	S	T	A	V	L	I	F	Y	W	H	M	C	P
0	0.00760	0.00543	0.00760	0.00868	0.00977	0.00543	0.00760	0.00977	0.01085	0.01411	0.02496	0.05319	0.02714	0.01303	0.00651	0.00217	0.00434	0.77315	0.00434	0.00434
1	0.64576	0.00844	0.00701	0.00623	0.00898	0.00938	0.00507	0.03823	0.00925	0.06288	0.01446	0.01472	0.14273	0.00580	0.00353	0.00148	0.00350	0.00400	0.00339	0.00517
2	0.00572	0.00419	0.00538	0.00634	0.00678	0.00385	0.00428	0.00659	0.00925	0.01213	0.02875	0.73169	0.12893	0.01441	0.00596	0.00187	0.00269	0.01297	0.00438	0.00385
3	0.00779	0.00726	0.00683	0.00752	0.00817	0.14335	0.00519	0.00867	0.00977	0.01195	0.02277	0.68977	0.02687	0.01307	0.00571	0.00179	0.00373	0.01162	0.00404	0.00411
4	0.01387	0.01086	0.01172	0.00993	0.01285	0.01217	0.00797	0.35961	0.36200	0.02335	0.01646	0.06080	0.01332	0.00695	0.00494	0.00157	0.00436	0.05527	0.00471	0.00731
5	0.01281	0.59845	0.02160	0.00929	0.01244	0.11234	0.00858	0.01420	0.00962	0.01119	0.00658	0.00815	0.00608	0.00486	0.00531	0.00121	0.14654	0.00286	0.00207	0.00583
6	0.00995	0.00913	0.01316	0.06232	0.01488	0.00753	0.14055	0.01244	0.00999	0.01510	0.00858	0.01046	0.00697	0.00365	0.00393	0.00091	0.00444	0.00336	0.00268	0.65998
7	0.06742	0.03324	0.10440	0.17058	0.03527	0.01301	0.01051	0.42360	0.05841	0.02273	0.01038	0.01144	0.00755	0.00523	0.00454	0.00146	0.00544	0.00406	0.00367	0.00708
8	0.05666	0.00792	0.01186	0.00958	0.01229	0.00756	0.14026	0.05151	0.04490	0.26020	0.09859	0.13142	0.08012	0.00934	0.05385	0.00193	0.00474	0.00678	0.00441	0.00607
9	0.45690	0.01216	0.02935	0.00833	0.01126	0.14915	0.00678	0.12292	0.06697	0.01983	0.00933	0.05143	0.00774	0.00530	0.00374	0.00143	0.00473	0.00365	0.00327	0.02573

[dist]
# distance from previous block
# <min> <max>
0	4

[block]
# block no. 1 follows, 54 sequences, length 59
# corresponding to MSA columns:
# 16-74
name=unknown_B
#
# <colnr> <probs for GDERKNQSTAVLIFYWHMCP>
#	G	D	E	R	K	N	Q	S	T	A	V	L	I	F	Y	W	H	M	C	P
0	0.01293	0.01283	0.01725	0.14232	0.15231	0.12616	0.15886	0.14861	0.07053	0.01666	0.00962	0.01181	0.00751	0.00514	0.00586	0.00152	0.08633	0.00438	0.00289	0.00650
1	0.49723	0.02003	0.00880	0.00747	0.01026	0.06821	0.00606	0.08299	0.01076	0.12176	0.04920	0.03424	0.02616	0.00563	0.00397	0.00147	0.01892	0.01755	0.00360	0.00567
2	0.01193	0.01174	0.07443	0.08095	0.61004	0.01093	0.02838	0.01486	0.01071	0.06916	0.00943	0.01190	0.00753	0.00445	0.00491	0.00144	0.02323	0.00421	0.00253	0.00725
3	0.00683	0.00487	0.00607	0.00619	0.00719	0.00454	0.00449	0.00771	0.00918	0.02629	0.04875	0.22092	0.22979	0.10641	0.10259	0.08613	0.00429	0.06294	0.00373	0.05110
4	0.08810	0.00633	0.00709	0.02422	0.02980	0.00634	0.00510	0.01200	0.11965	0.06103	0.21799	0.02963	0.25462	0.05408	0.00599	0.00167	0.00302	0.00716	0.06119	0.00500
5	0.01143	0.04315	0.01844	0.17175	0.47424	0.03411	0.08513	0.03938	0.03335	0.01513	0.02346	0.01227	0.00801	0.00449	0.00471	0.00144	0.00588	0.00434	0.00248	0.00681
6	0.02422	0.00545	0.00638	0.00657	0.02638	0.00531	0.00435	0.03805	0.04111	0.04349	0.07559	0.21569	0.17768	0.29490	0.01186	0.00267	0.00353	0.00870	0.00391	0.00414
7	0.00589	0.00428	0.00549	0.00627	0.00676	0.00396	0.00426	0.00686	0.00952	0.01262	0.09902	0.62243	0.11363	0.05673	0.00687	0.00198	0.00277	0.02243	0.00437	0.00386
8	0.00882	0.00628	0.00809	0.07029	0.04891	0.02292	0.00614	0.03753	0.04028	0.09147	0.14200	0.36305	0.10133	0.01070	0.00550	0.00168	0.00343	0.02227	0.00435	0.00495
9	0.01098	0.01121	0.04083	0.22925	0.48243	0.02833	0.08182	0.01425	0.02814	0.01452	0.00899	0.01201	0.00722	0.00438	0.00475	0.00146	0.00604	0.00430	0.00233	0.00675
10	0.00875	0.00732	0.00938	0.07056	0.01061	0.05401	0.00686	0.00928	0.00807	0.01093	0.06147	0.01762	0.05262	0.06955	0.15139	0.22663	0.21346	0.00499	0.00253	0.00395
11	0.01061	0.01408	0.22280	0.03137	0.05892	0.04665	0.04486	0.08202	0.01034	0.01473	0.05363	0.01268	0.00914	0.00913	0.08772	0.00226	0.27622	0.00433	0.00255	0.00595
12	0.13396	0.02994	0.01323	0.17179	0.18184	0.09436	0.00973	0.08747	0.07511	0.06167	0.02788	0.01292	0.03100	0.00510	0.00436	0.00141	0.00521	0.00412	0.00313	0.04577
13	0.03576	0.00889	0.01284	0.06385	0.26100	0.00844	0.02444	0.05923	0.01108	0.07862	0.04197	0.09721	0.03275	0.00599	0.00480	0.01711	0.00442	0.00513	0.00324	0.22323
14	0.00592	0.00442	0.00538	0.00590	0.00661	0.00402	0.00406	0.00697	0.00991	0.01296	0.14074	0.44981	0.23161	0.08015	0.00730	0.00199	0.00272	0.01129	0.00437	0.00388
15	0.05591	0.00558	0.00557	0.00518	0.00667	0.00579	0.00400	0.09288	0.01110	0.01894	0.01521	0.01701	0.02907	0.00560	0.00348	0.00116	0.00259	0.00440	0.70506	0.00480
16	0.00741	0.00476	0.00591	0.00587	0.00649	0.00462	0.00394	0.00815	0.00890	0.05295	0.14146	0.13887	0.08181	0.35387	0.08982	0.04885	0.00444	0.00777	0.02040	0.00371
17	0.04111	0.00521	0.00637	0.00666	0.00757	0.00510	0.00473	0.00977	0.05982	0.07354	0.07168	0.42194	0.05070	0.13624	0.00837	0.00221	0.00326	0.05975	0.02159	0.00437
18	0.00666	0.00454	0.00567	0.00636	0.00688	0.00438	0.00441	0.02532	0.00935	0.01287	0.02365	0.52492	0.05163	0.12150	0.00809	0.00218	0.00310	0.07672	0.09785	0.00391
19	0.00678	0.00502	0.00741	0.00741	0.00823	0.00581	0.00572	0.00841	0.00760	0.01102	0.01278	0.01899	0.01201	0.06651	0.76657	0.00732	0.01208	0.00511	0.02106	0.00416
20	0.00675	0.00484	0.00566	0.00577	0.00693	0.00435	0.00415	0.00821	0.02641	0.05212	0.15621	0.26749	0.36063	0.06032	0.00673	0.00184	0.00270	0.01019	0.00450	0.00421
21	0.26145	0.00767	0.00824	0.00734	0.00964	0.00800	0.00578	0.10098	0.03906	0.17138	0.10385	0.18801	0.01765	0.00790	0.00459	0.00157	0.00353	0.02652	0.02114	0.00570
22	0.60593	0.00984	0.00882	0.00738	0.01055	0.01103	0.00609	0.17367	0.01149	0.10432	0.00878	0.00928	0.00638	0.00479	0.00348	0.00145	0.00400	0.00313	0.00359	0.00600
23	0.00616	0.00478	0.00561	0.00561	0.00682	0.00428	0.00413	0.00792	0.02546	0.01525	0.35004	0.16425	0.35995	0.01135	0.00562	0.00160	0.00240	0.00983	0.00472	0.00421
24	0.12476	0.00564	0.00634	0.00604	0.00762	0.00540	0.00457	0.01011	0.02536	0.07898	0.32090	0.14760	0.21966	0.00987	0.00519	0.00157	0.00270	0.00841	0.00461	0.00467
25	0.00797	0.00420	0.00616	0.00619	0.00632	0.00427	0.00420	0.00657	0.00653	0.00895	0.00960	0.04159	0.00962	0.03752	0.08851	0.70433	0.00475	0.00456	0.03576	0.00241
26	0.00684	0.00480	0.00561	0.00578	0.00612	0.00478	0.00368	0.00776	0.03801	0.01076	0.04104	0.14666	0.06690	0.54678	0.04094	0.00377	0.00430	0.04868	0.00337	0.00340
27	0.07218	0.00568	0.00671	0.00667	0.00806	0.00563	0.00523	0.04625	0.01105	0.06055	0.14489	0.17711	0.02323	0.02534	0.00536	0.00166	0.00317	0.16812	0.19873	0.02437
28	0.01042	0.00594	0.00728	0.00701	0.00855	0.00577	0.00541	0.08922	0.01168	0.14703	0.03949	0.28759	0.05403	0.00992	0.00513	0.00162	0.00326	0.10688	0.18861	0.00515
29	0.00574	0.00410	0.00547	0.00657	0.00684	0.00383	0.00438	0.00657	0.00903	0.01204	0.02599	0.83122	0.03119	0.01477	0.00602	0.00191	0.00274	0.01340	0.00438	0.00383
30	0.13616	0.00840	0.01032	0.00805	0.01152	0.00780	0.00661	0.07262	0.01308	0.55746	0.05203	0.01504	0.01172	0.00564	0.00444	0.00141	0.00392	0.00445	0.00513	0.06419
31	0.01006	0.04837	0.02647	0.00957	0.01066	0.07615	0.00768	0.08936	0.01010	0.01367	0.02911	0.24080	0.01490	0.03437	0.06409	0.00224	0.27896	0.00678	0.02165	0.00502
32	0.01110	0.07419	0.01263	0.07436	0.08860	0.04888	0.00772	0.04956	0.02289	0.03442	0.00888	0.01058	0.00727	0.00510	0.03026	0.00120	0.02227	0.00329	0.00279	0.48400
33	0.01250	0.10531	0.13091	0.01217	0.05238	0.11400	0.11796	0.08871	0.06057	0.07230	0.03520	0.03211	0.04276	0.02298	0.03511	0.00172	0.02451	0.01592	0.00316	0.01973
34	0.00674	0.00471	0.00554	0.02739	0.00642	0.00466	0.00362	0.00717	0.00782	0.01027	0.03604	0.09565	0.09316	0.60736	0.01898	0.00380	0.00421	0.05001	0.00323	0.00322
35	0.01732	0.02132	0.01413	0.01243	0.01508	0.71787	0.04749	0.07433	0.01389	0.01303	0.00769	0.00891	0.00627	0.00487	0.00435	0.00125	0.00824	0.00325	0.00259	0.00569
36	0.03210	0.23707	0.03152	0.01011	0.01329	0.13019	0.02207	0.16690	0.01305	0.17521	0.01005	0.01064	0.00758	0.00540	0.00560	0.00138	0.11416	0.00366	0.00340	0.00663
37	0.30892	0.01459	0.08886	0.01042	0.03560	0.21361	0.03360	0.11771	0.01210	0.09426	0.00886	0.00971	0.00660	0.00488	0.00420	0.00141	0.02199	0.00337	0.00317	0.00615
38	0.01185	0.01038	0.01072	0.00965	0.01231	0.02798	0.00750	0.02493	0.78053	0.01956	0.01895	0.01741	0.01422	0.00637	0.00479	0.00159	0.00383	0.00528	0.00475	0.00742
39	0.00674	0.00505	0.00758	0.00758	0.00842	0.00589	0.00589	0.00842	0.00758	0.01095	0.01263	0.01852	0.01179	0.03536	0.81561	0.00758	0.01263	0.00505	0.00253	0.00421
40	0.00662	0.00450	0.00535	0.00557	0.00567	0.00449	0.00334	0.00689	0.00734	0.00984	0.01701	0.19414	0.01972	0.62135	0.06495	0.00420	0.00465	0.00810	0.00315	0.00313
41	0.01792	0.01321	0.01415	0.01085	0.01462	0.01462	0.00896	0.78916	0.02217	0.02972	0.01132	0.01132	0.00802	0.00566	0.00472	0.00142	0.00519	0.00425	0.00472	0.00802
42	0.00946	0.02439	0.80987	0.01344	0.02041	0.01095	0.01742	0.01493	0.00995	0.01493	0.00846	0.00995	0.00597	0.00448	0.00448	0.00149	0.00697	0.00348	0.00199	0.00697
43	0.01761	0.02247	0.01336	0.01215	0.01458	0.81537	0.00911	0.01883	0.01336	0.01154	0.00729	0.00850	0.00607	0.00486	0.00425	0.00121	0.00850	0.00304	0.00243	0.00547
44	0.02115	0.00802	0.01094	0.00839	0.01204	0.00693	0.00693	0.02298	0.01350	0.80815	0.01860	0.01605	0.01167	0.00584	0.00474	0.00146	0.00401	0.00474	0.00584	0.00802
45	0.00574	0.00410	0.00547	0.00657	0.00684	0.00383	0.00438	0.00657	0.00903	0.01204	0.02599	0.83122	0.03119	0.01477	0.00602	0.00191	0.00274	0.01340	0.00438	0.00383
46	0.00757	0.00547	0.00677	0.00721	0.00800	0.00545	0.00506	0.12379	0.01100	0.01468	0.02379	0.70840	0.02771	0.01341	0.00582	0.00184	0.00310	0.01203	0.00443	0.00446
47	0.00978	0.00838	0.00978	0.00698	0.01117	0.00629	0.00559	0.01187	0.00978	0.01536	0.00838	0.00978	0.00698	0.00349	0.00349	0.00070	0.00349	0.00279	0.00279	0.86312
48	0.86760	0.00912	0.00693	0.00620	0.00912	0.01058	0.00511	0.01386	0.00802	0.02115	0.00657	0.00766	0.00511	0.00438	0.00292	0.00146	0.00365	0.00255	0.00292	0.00511
49	0.00574	0.00410	0.00547	0.00657	0.00684	0.00383	0.00438	0.00657	0.00903	0.01204	0.02599	0.83122	0.03119	0.01477	0.00602	0.00191	0.00274	0.01340	0.00438	0.00383
50	0.00667	0.00482	0.00630	0.00593	0.00704	0.00445	0.00445	0.00890	0.01335	0.01891	0.80239	0.03522	0.04449	0.00964	0.00556	0.00148	0.00222	0.00853	0.00519	0.00445
51	0.01111	0.04275	0.01282	0.03046	0.21366	0.05260	0.00906	0.01673	0.25878	0.04987	0.03488	0.05621	0.01281	0.01067	0.12809	0.00244	0.02792	0.01926	0.00349	0.00641
52	0.11664	0.01184	0.01344	0.01459	0.23222	0.09067	0.00927	0.23653	0.02252	0.01986	0.03055	0.03477	0.00886	0.00507	0.00432	0.00131	0.00503	0.00408	0.00333	0.13513
53	0.03243	0.08231	0.65814	0.01323	0.01963	0.01159	0.07144	0.01507	0.02676	0.01493	0.00858	0.01008	0.00622	0.00445	0.00442	0.00147	0.00674	0.00358	0.00211	0.00682
54	0.00994	0.00728	0.00812	0.00727	0.00889	0.00759	0.00543	0.25003	0.01287	0.01702	0.02182	0.13042	0.17091	0.21924	0.06328	0.00273	0.00458	0.02791	0.01968	0.00496
55	0.04810	0.09774	0.05305	0.11201	0.13042	0.34916	0.03258	0.04653	0.01175	0.01352	0.00828	0.01078	0.00691	0.00552	0.02204	0.00148	0.02274	0.01901	0.00246	0.00591
56	0.05176	0.08691	0.12275	0.00972	0.01249	0.03126	0.10102	0.02950	0.01055	0.06731	0.04094	0.25596	0.06257	0.00896	0.00517	0.00164	0.00465	0.08792	0.00359	0.00534
57	0.01163	0.33576	0.33478	0.04403	0.01668	0.05588	0.03253	0.03703	0.01049	0.03657	0.00870	0.01102	0.00709	0.00473	0.00404	0.00132	0.00606	0.03293	0.00232	0.00641
58	0.04606	0.01010	0.01413	0.05014	0.08119	0.01072	0.10823	0.15109	0.13920	0.13642	0.01314	0.05537	0.01034	0.00684	0.03039	0.00171	0.07137	0.00500	0.00380	0.05474

[dist]
# distance from previous block
# <min> <max>
0	2

[block]
# block no. 2 follows, 54 sequences, length 13
# corresponding to MSA columns:
# 77-89
name=unknown_C
#
# <colnr> <probs for GDERKNQSTAVLIFYWHMCP>
#	G	D	E	R	K	N	Q	S	T	A	V	L	I	F	Y	W	H	M	C	P
0	0.02458	0.13603	0.02962	0.00799	0.01046	0.00929	0.00663	0.10301	0.11184	0.14179	0.06075	0.14289	0.08164	0.02112	0.02345	0.04139	0.00412	0.03343	0.00413	0.00585
1	0.04297	0.00796	0.01021	0.00818	0.01126	0.00740	0.00665	0.08231	0.03873	0.54957	0.09975	0.01951	0.01552	0.04216	0.00567	0.00162	0.00394	0.03403	0.00537	0.00718
2	0.01051	0.01059	0.04646	0.14551	0.40396	0.02431	0.09233	0.03589	0.01110	0.01529	0.08136	0.04497	0.02908	0.00555	0.00494	0.00149	0.00554	0.02190	0.00278	0.00643
3	0.01231	0.07152	0.03570	0.10309	0.01922	0.05602	0.30704	0.05705	0.05919	0.09652	0.03021	0.05554	0.00992	0.00552	0.00568	0.00155	0.05936	0.00522	0.00310	0.00625
4	0.00662	0.00497	0.00667	0.00677	0.00737	0.00538	0.00490	0.00774	0.00815	0.01120	0.04422	0.17509	0.08839	0.19691	0.36328	0.00491	0.04285	0.00750	0.00317	0.00388
5	0.00777	0.00584	0.00813	0.00784	0.00865	0.00640	0.02435	0.02482	0.00915	0.03830	0.08235	0.21071	0.04236	0.12313	0.22470	0.00372	0.10252	0.06144	0.00349	0.00434
6	0.04037	0.08889	0.18525	0.16048	0.05312	0.08513	0.03843	0.07041	0.08462	0.02953	0.02443	0.01241	0.02144	0.00608	0.02768	0.00165	0.05700	0.00409	0.00276	0.00623
7	0.00944	0.07374	0.62412	0.01301	0.04782	0.01095	0.01525	0.01399	0.00973	0.01426	0.00954	0.06339	0.00786	0.00623	0.03087	0.00170	0.03517	0.00416	0.00218	0.00657
8	0.00597	0.00425	0.00564	0.00668	0.00701	0.00401	0.00458	0.00687	0.00907	0.01206	0.02527	0.71657	0.03004	0.06049	0.00707	0.00209	0.00298	0.08124	0.00429	0.00382
9	0.03417	0.03972	0.24353	0.01176	0.04597	0.04420	0.11016	0.06273	0.04564	0.01553	0.05745	0.12432	0.10196	0.00722	0.00522	0.00156	0.02427	0.01552	0.00318	0.00590
10	0.03216	0.19132	0.05039	0.15915	0.03916	0.05342	0.05157	0.03962	0.02066	0.12503	0.03601	0.04836	0.00952	0.00580	0.00587	0.00148	0.11707	0.00441	0.00297	0.00603
11	0.00903	0.02138	0.68575	0.01243	0.01846	0.01007	0.01555	0.01396	0.00996	0.01483	0.06030	0.01236	0.00899	0.00759	0.07737	0.00204	0.00717	0.00395	0.00225	0.00656
12	0.00970	0.00635	0.00941	0.22622	0.01548	0.00667	0.00815	0.01185	0.01081	0.13886	0.08948	0.16340	0.02134	0.00965	0.00558	0.00179	0.00436	0.25175	0.00406	0.00509

[dist]
# distance from previous block
# <min> <max>
1	5

[block]
# block no. 3 follows, 54 sequences, length 30
# corresponding to MSA columns:
# 95-124
name=unknown_D
#
# <colnr> <probs for GDERKNQSTAVLIFYWHMCP>
#	G	D	E	R	K	N	Q	S	T	A	V	L	I	F	Y	W	H	M	C	P
0	0.00884	0.11818	0.08261	0.00937	0.01084	0.01048	0.00824	0.01048	0.00787	0.01126	0.00973	0.01504	0.00935	0.09809	0.31824	0.00422	0.25552	0.00448	0.00230	0.00485
1	0.08345	0.02068	0.05925	0.03629	0.13239	0.00896	0.03823	0.06567	0.06010	0.01676	0.01076	0.02781	0.02374	0.00477	0.00413	0.00117	0.00442	0.02557	0.00300	0.37286
2	0.02939	0.37829	0.10085	0.01080	0.05418	0.13603	0.00954	0.13267	0.06562	0.02923	0.00877	0.00956	0.00706	0.00466	0.00385	0.00123	0.00568	0.00327	0.00277	0.00654
3	0.10923	0.02219	0.10262	0.02544	0.03872	0.04417	0.02287	0.24021	0.17566	0.07285	0.06307	0.01482	0.03596	0.00585	0.00456	0.00147	0.00478	0.00462	0.00402	0.00688
4	0.00756	0.00595	0.00710	0.00742	0.00888	0.00596	0.00602	0.01133	0.15087	0.01471	0.05760	0.10167	0.25840	0.01153	0.00586	0.00185	0.00345	0.32461	0.00447	0.00476
5	0.00978	0.00838	0.00978	0.00698	0.01117	0.00629	0.00559	0.01187	0.00978	0.01536	0.00838	0.00978	0.00698	0.00349	0.00349	0.00070	0.00349	0.00279	0.00279	0.86312
6	0.00856	0.00831	0.06617	0.01012	0.05042	0.00850	0.02446	0.03639	0.07359	0.01378	0.09723	0.01775	0.01388	0.02086	0.40284	0.00455	0.12931	0.00515	0.00295	0.00517
7	0.01745	0.06785	0.01269	0.00891	0.01270	0.01011	0.00742	0.25645	0.03099	0.36285	0.01380	0.01297	0.00942	0.00527	0.00440	0.00129	0.00435	0.00412	0.00469	0.15227
8	0.00810	0.00415	0.00623	0.00623	0.00628	0.00421	0.00421	0.00628	0.00623	0.00836	0.00846	0.01459	0.00841	0.01755	0.06754	0.81013	0.00462	0.00415	0.00208	0.00218
9	0.00569	0.00430	0.00527	0.00604	0.00670	0.00387	0.00414	0.00662	0.00953	0.01224	0.03238	0.60070	0.25758	0.01394	0.00589	0.00182	0.00263	0.01239	0.00438	0.00387
10	0.01016	0.00650	0.00870	0.09882	0.01167	0.00650	0.01837	0.09750	0.01192	0.14260	0.12284	0.32964	0.07967	0.01019	0.00565	0.01720	0.00363	0.00879	0.00443	0.00523
11	0.10860	0.00998	0.06703	0.00893	0.01264	0.00875	0.00782	0.11231	0.01351	0.55224	0.01537	0.01400	0.00998	0.00564	0.00486	0.00147	0.02997	0.00435	0.00501	0.00755
12	0.01140	0.01129	0.04281	0.05234	0.68375	0.01104	0.01389	0.01493	0.05942	0.01551	0.00994	0.01319	0.00837	0.00461	0.00472	0.00144	0.00551	0.02601	0.00253	0.00729
13	0.00695	0.00478	0.00595	0.00642	0.00679	0.00475	0.00452	0.00773	0.00836	0.01104	0.01935	0.13502	0.02196	0.47927	0.01638	0.00350	0.00428	0.24602	0.00350	0.00344
14	0.03476	0.01252	0.02750	0.21435	0.13263	0.14735	0.01074	0.12746	0.09998	0.01601	0.00970	0.01200	0.00772	0.01974	0.00624	0.00157	0.10647	0.00412	0.00290	0.00623
15	0.01065	0.01373	0.13023	0.05532	0.04705	0.04069	0.51755	0.01435	0.01070	0.01449	0.01029	0.06947	0.00858	0.00500	0.00561	0.00159	0.03046	0.00559	0.00245	0.00618
16	0.00693	0.00467	0.00571	0.00614	0.00706	0.00421	0.00434	0.00793	0.00978	0.06794	0.03120	0.44490	0.26210	0.07340	0.00713	0.00199	0.00292	0.04315	0.00437	0.00412
17	0.39538	0.01066	0.01107	0.03920	0.01223	0.07097	0.03153	0.06799	0.00949	0.04292	0.00756	0.00963	0.00619	0.00650	0.02960	0.00179	0.23556	0.00344	0.00280	0.00546
18	0.00579	0.00423	0.00545	0.00632	0.00680	0.00389	0.00429	0.00675	0.00952	0.01260	0.08283	0.68860	0.11737	0.01410	0.00594	0.00185	0.00266	0.01268	0.00443	0.00389
19	0.01072	0.35056	0.49476	0.01128	0.01707	0.01404	0.01367	0.01461	0.00980	0.01339	0.00770	0.00900	0.00600	0.00430	0.00390	0.00130	0.00620	0.00310	0.00200	0.00660
20	0.01195	0.00814	0.00945	0.00815	0.01050	0.00856	0.00640	0.11546	0.27793	0.13737	0.32246	0.02342	0.02488	0.00748	0.00508	0.00151	0.00337	0.00635	0.00509	0.00645
21	0.00742	0.00584	0.00820	0.00785	0.00838	0.00706	0.00599	0.00867	0.00743	0.01081	0.01203	0.01953	0.01189	0.18763	0.50431	0.00590	0.14983	0.00523	0.02189	0.00411
22	0.02441	0.00814	0.02310	0.00800	0.01013	0.00856	0.00631	0.04539	0.39527	0.01894	0.27240	0.04283	0.08899	0.00808	0.00512	0.00157	0.00324	0.01868	0.00479	0.00605
23	0.01038	0.01052	0.01558	0.01302	0.01342	0.01423	0.07659	0.01167	0.00755	0.01167	0.00647	0.01052	0.00627	0.00789	0.01463	0.00202	0.75596	0.00425	0.00209	0.00526
24	0.01761	0.02247	0.01336	0.01215	0.01458	0.81537	0.00911	0.01883	0.01336	0.01154	0.00729	0.00850	0.00607	0.00486	0.00425	0.00121	0.00850	0.00304	0.00243	0.00547
25	0.00684	0.00464	0.00547	0.00547	0.00558	0.00475	0.00326	0.00706	0.00695	0.00938	0.01456	0.02922	0.01643	0.72818	0.12915	0.00497	0.00564	0.00662	0.00281	0.00304
26	0.01255	0.01054	0.01112	0.00976	0.01257	0.01211	0.00766	0.12601	0.69408	0.02104	0.01815	0.01676	0.01355	0.00630	0.00479	0.00157	0.00392	0.00519	0.00479	0.00754
27	0.00593	0.00434	0.00593	0.04741	0.00813	0.00418	0.00482	0.00690	0.00916	0.01221	0.04519	0.76965	0.03028	0.01414	0.00594	0.00189	0.00290	0.01282	0.00428	0.00392
28	0.01368	0.02830	0.01234	0.09057	0.04761	0.35661	0.00869	0.06940	0.02614	0.05340	0.03614	0.01634	0.13086	0.00648	0.00565	0.00143	0.08294	0.00472	0.00310	0.00559
29	0.06775	0.00594	0.00805	0.00779	0.00881	0.00696	0.00608	0.04305	0.00828	0.01252	0.01250	0.05795	0.01193	0.04919	0.61648	0.00620	0.05810	0.00525	0.00272	0.00444

[dist]
# distance from previous block
# <min> <max>
0	7

[block]
# block no. 4 follows, 54 sequences, length 13
# corresponding to MSA columns:
# 132-134,180-189
name=unknown_E
#
# <colnr> <probs for GDERKNQSTAVLIFYWHMCP>
#	G	D	E	R	K	N	Q	S	T	A	V	L	I	F	Y	W	H	M	C	P
0	0.00681	0.00476	0.00609	0.00609	0.00642	0.00509	0.00404	0.00747	0.00714	0.00985	0.01399	0.02604	0.01505	0.52263	0.33281	0.00574	0.00771	0.00615	0.00273	0.00338
1	0.01148	0.01075	0.05500	0.02938	0.11081	0.01115	0.05370	0.08195	0.36268	0.03502	0.05494	0.03477	0.04261	0.00649	0.00582	0.00159	0.07570	0.00539	0.00393	0.00683
2	0.86760	0.00912	0.00693	0.00620	0.00912	0.01058	0.00511	0.01386	0.00802	0.02115	0.00657	0.00766	0.00511	0.00438	0.00292	0.00146	0.00365	0.00255	0.00292	0.00511
3	0.01153	0.01227	0.04107	0.05421	0.33697	0.04160	0.29846	0.01611	0.10951	0.01554	0.01032	0.01267	0.00808	0.00445	0.00500	0.00150	0.00640	0.00478	0.00265	0.00688
4	0.01761	0.02247	0.01336	0.01215	0.01458	0.81537	0.00911	0.01883	0.01336	0.01154	0.00729	0.00850	0.00607	0.00486	0.00425	0.00121	0.00850	0.00304	0.00243	0.00547
5	0.00631	0.00481	0.00579	0.00555	0.00682	0.00429	0.00416	0.00819	0.01248	0.01685	0.55089	0.03861	0.29728	0.01041	0.00556	0.00152	0.00228	0.00900	0.00492	0.00429
6	0.00674	0.00505	0.00758	0.00758	0.00842	0.00589	0.00589	0.00842	0.00758	0.01095	0.01263	0.01852	0.01179	0.03536	0.81561	0.00758	0.01263	0.00505	0.00253	0.00421
7	0.75463	0.00917	0.00759	0.00659	0.00961	0.01038	0.00543	0.04399	0.00908	0.09671	0.00790	0.00860	0.00584	0.00456	0.00316	0.00146	0.00374	0.00283	0.00326	0.00550
8	0.00557	0.00478	0.00478	0.00478	0.00637	0.00398	0.00358	0.00677	0.01075	0.01274	0.04776	0.04538	0.80297	0.01194	0.00557	0.00159	0.00239	0.00995	0.00438	0.00398
9	0.00596	0.00443	0.00558	0.00618	0.00691	0.00405	0.00437	0.00718	0.01026	0.01353	0.17271	0.48796	0.19261	0.01317	0.00586	0.00178	0.00264	0.04629	0.00452	0.00400
10	0.00890	0.00838	0.01414	0.82296	0.03247	0.01048	0.01309	0.01205	0.00943	0.01205	0.00838	0.01257	0.00629	0.00471	0.00471	0.00157	0.00629	0.00419	0.00210	0.00524
11	0.10745	0.00814	0.01053	0.00817	0.01174	0.00730	0.00674	0.02205	0.01294	0.72792	0.01737	0.01519	0.01100	0.00569	0.00456	0.00146	0.00397	0.00452	0.00554	0.00773
12	0.09890	0.00840	0.00966	0.00711	0.01109	0.00682	0.00574	0.01370	0.01014	0.13227	0.00970	0.01048	0.00748	0.00393	0.00362	0.00089	0.00358	0.00305	0.00325	0.65019

[dist]
# distance from previous block
# <min> <max>
0	1

[block]
# block no. 5 follows, 54 sequences, length 71
# corresponding to MSA columns:
# 191-229,233-264
name=unknown_F
#
# <colnr> <probs for GDERKNQSTAVLIFYWHMCP>
#	G	D	E	R	K	N	Q	S	T	A	V	L	I	F	Y	W	H	M	C	P
0	0.18589	0.00871	0.00930	0.00783	0.01072	0.00908	0.00629	0.11588	0.17793	0.22833	0.03713	0.01965	0.15019	0.00679	0.00455	0.00151	0.00371	0.00536	0.00462	0.00653
1	0.11321	0.01035	0.01179	0.00911	0.01276	0.01054	0.00751	0.34425	0.01635	0.35085	0.01366	0.01279	0.00916	0.00548	0.00446	0.00140	0.00444	0.00419	0.00488	0.05284
2	0.01744	0.01295	0.01415	0.05437	0.01558	0.01440	0.00918	0.74751	0.02149	0.02877	0.01116	0.01139	0.00793	0.00561	0.00472	0.00142	0.00525	0.00424	0.00458	0.00787
3	0.01131	0.01027	0.01009	0.00933	0.01165	0.07855	0.00716	0.02167	0.60482	0.01788	0.01989	0.10425	0.03944	0.00747	0.00494	0.00161	0.00400	0.02439	0.00453	0.00673
4	0.00946	0.02439	0.80987	0.01344	0.02041	0.01095	0.01742	0.01493	0.00995	0.01493	0.00846	0.00995	0.00597	0.00448	0.00448	0.00149	0.00697	0.00348	0.00199	0.00697
5	0.16292	0.00887	0.01068	0.00833	0.01187	0.00852	0.00688	0.11875	0.01368	0.57710	0.01566	0.01404	0.01010	0.00557	0.00443	0.00145	0.00410	0.00431	0.00520	0.00753
6	0.00580	0.00462	0.00517	0.00538	0.00655	0.00403	0.00388	0.00704	0.01065	0.01341	0.15351	0.22873	0.49331	0.02872	0.00604	0.00171	0.00249	0.01049	0.00447	0.00399
7	0.00660	0.00483	0.00620	0.00590	0.00705	0.00443	0.00445	0.00874	0.01307	0.01827	0.71998	0.03651	0.10832	0.00991	0.00558	0.00151	0.00229	0.02684	0.00510	0.00441
8	0.00618	0.00446	0.00571	0.00610	0.00671	0.00420	0.00421	0.00738	0.01009	0.01368	0.25205	0.40308	0.09253	0.11722	0.04205	0.00234	0.00321	0.01054	0.00434	0.00392
9	0.01679	0.01214	0.01316	0.01035	0.01383	0.01335	0.00846	0.62484	0.10619	0.06839	0.02255	0.04511	0.01026	0.00616	0.00479	0.00146	0.00483	0.00481	0.00478	0.00775
10	0.01162	0.00601	0.00789	0.00682	0.00883	0.00543	0.00532	0.01390	0.03267	0.28556	0.45970	0.05249	0.06716	0.00853	0.00528	0.00150	0.00289	0.00738	0.00534	0.00569
11	0.00978	0.00838	0.00978	0.00698	0.01117	0.00629	0.00559	0.01187	0.00978	0.01536	0.00838	0.00978	0.00698	0.00349	0.00349	0.00070	0.00349	0.00279	0.00279	0.86312
12	0.00676	0.00496	0.00712	0.00712	0.00780	0.00564	0.00532	0.00812	0.00744	0.01060	0.01305	0.02085	0.01280	0.18640	0.66596	0.00701	0.01111	0.00539	0.00259	0.00395
13	0.00890	0.00838	0.01414	0.82296	0.03247	0.01048	0.01309	0.01205	0.00943	0.01205	0.00838	0.01257	0.00629	0.00471	0.00471	0.00157	0.00629	0.00419	0.00210	0.00524
14	0.05006	0.00927	0.01039	0.00791	0.01163	0.02719	0.00636	0.12891	0.03672	0.12216	0.01103	0.03625	0.00873	0.00532	0.02156	0.00117	0.00412	0.00371	0.00358	0.49395
15	0.00926	0.00777	0.00899	0.04007	0.04532	0.03903	0.00590	0.01114	0.01058	0.04767	0.08995	0.06815	0.17051	0.00663	0.00443	0.00114	0.00354	0.00558	0.00348	0.42085
16	0.04943	0.05199	0.07854	0.01149	0.03406	0.25721	0.03000	0.26346	0.09585	0.01909	0.02293	0.02219	0.00869	0.01940	0.00491	0.00144	0.01520	0.00405	0.00344	0.00661
17	0.01754	0.01340	0.01391	0.01083	0.01448	0.04722	0.00888	0.71135	0.06871	0.02837	0.01163	0.01158	0.00833	0.00567	0.00470	0.00142	0.00524	0.00426	0.00463	0.00788
18	0.00821	0.00623	0.00775	0.00690	0.00851	0.00616	0.00536	0.01064	0.05444	0.05799	0.36626	0.05431	0.17230	0.00952	0.02213	0.00161	0.08958	0.00740	0.00438	0.10032
19	0.01035	0.01022	0.03353	0.01165	0.01283	0.06533	0.09092	0.01195	0.00847	0.04431	0.00922	0.02947	0.00853	0.03812	0.18441	0.00317	0.41521	0.00468	0.00244	0.00517
20	0.01157	0.01003	0.07391	0.01074	0.09531	0.03281	0.01875	0.08335	0.09480	0.11219	0.04771	0.14697	0.04529	0.00688	0.00472	0.00138	0.00423	0.00591	0.00383	0.18965
21	0.06497	0.30005	0.05338	0.00916	0.01274	0.02679	0.00820	0.18541	0.21951	0.01833	0.01234	0.01237	0.03363	0.00530	0.00403	0.00132	0.00468	0.00393	0.00348	0.02039
22	0.00996	0.00850	0.00902	0.00827	0.01054	0.00942	0.00638	0.01970	0.55913	0.01810	0.08878	0.04040	0.17604	0.00794	0.00504	0.00159	0.00332	0.00668	0.00474	0.00645
23	0.01583	0.00849	0.01071	0.00953	0.04623	0.00840	0.00728	0.09125	0.17854	0.39246	0.05474	0.08206	0.01562	0.00714	0.00498	0.00156	0.00397	0.04890	0.00513	0.00718
24	0.01396	0.00827	0.01019	0.00757	0.01142	0.00673	0.00613	0.04357	0.01169	0.29632	0.04682	0.01316	0.01032	0.00467	0.00407	0.00103	0.00368	0.00379	0.00404	0.49256
25	0.27626	0.01188	0.01185	0.00940	0.01288	0.01331	0.00775	0.53146	0.03997	0.02683	0.01010	0.01039	0.00731	0.00529	0.00417	0.00143	0.00468	0.00376	0.00417	0.00712
26	0.00605	0.00471	0.00550	0.00548	0.00671	0.00416	0.00404	0.00763	0.01162	0.01522	0.35959	0.13902	0.39071	0.01133	0.00562	0.00159	0.00236	0.00979	0.00472	0.00416
27	0.01765	0.00824	0.01066	0.00801	0.01183	0.00689	0.00657	0.03538	0.01255	0.55257	0.01536	0.01406	0.01018	0.00512	0.00436	0.00123	0.00388	0.00414	0.00489	0.26643
28	0.00593	0.00438	0.00560	0.00627	0.00692	0.00406	0.00439	0.00707	0.00989	0.01312	0.13823	0.54385	0.15688	0.01437	0.03805	0.00203	0.00303	0.02755	0.00442	0.00397
29	0.00651	0.00479	0.00660	0.00746	0.00820	0.00457	0.01950	0.00790	0.00984	0.01290	0.02673	0.48091	0.07917	0.01376	0.00616	0.00198	0.00339	0.29123	0.00433	0.00407
30	0.00585	0.00419	0.00552	0.00655	0.00689	0.00392	0.00443	0.00671	0.00909	0.01205	0.02630	0.75145	0.05481	0.03922	0.00656	0.00199	0.00284	0.04345	0.00433	0.00383
31	0.04552	0.00859	0.01151	0.00886	0.01249	0.00784	0.03046	0.06841	0.04488	0.68297	0.01756	0.01548	0.01123	0.00575	0.00471	0.00147	0.00418	0.00469	0.00554	0.00786
32	0.00657	0.00454	0.00516	0.00529	0.00553	0.00441	0.00315	0.00686	0.00770	0.01011	0.03726	0.12726	0.10952	0.62495	0.01935	0.00385	0.00405	0.00802	0.00326	0.00314
33	0.02030	0.00801	0.01075	0.00833	0.01188	0.00704	0.00685	0.02258	0.04545	0.75218	0.01949	0.01699	0.03537	0.00604	0.00477	0.00147	0.00395	0.00492	0.00575	0.00788
34	0.01178	0.18070	0.09910	0.03591	0.30839	0.06216	0.17142	0.01465	0.01049	0.01394	0.00827	0.01065	0.00680	0.00438	0.00495	0.00139	0.04216	0.00400	0.00224	0.00664
35	0.00695	0.00475	0.00573	0.00559	0.00577	0.00481	0.01685	0.00720	0.00704	0.00953	0.01458	0.02929	0.01644	0.73929	0.09037	0.00472	0.00528	0.00664	0.01611	0.00306
36	0.01511	0.00641	0.00812	0.00673	0.00898	0.00581	0.00518	0.01663	0.01120	0.44651	0.01702	0.01960	0.01295	0.18403	0.00854	0.00204	0.00370	0.00511	0.21027	0.00604
37	0.03523	0.00917	0.01371	0.68784	0.04243	0.04771	0.01224	0.04322	0.01023	0.01329	0.03521	0.01294	0.00762	0.00491	0.00467	0.00154	0.00612	0.00424	0.00235	0.00537
38	0.04456	0.00989	0.01629	0.25522	0.41023	0.01030	0.04747	0.01329	0.01005	0.01446	0.00860	0.01169	0.00698	0.00458	0.00487	0.02286	0.00557	0.00404	0.00233	0.09672
39	0.01112	0.01329	0.08834	0.02153	0.21136	0.01167	0.54071	0.01494	0.01094	0.01516	0.00929	0.01225	0.00714	0.00407	0.00526	0.00154	0.00731	0.00507	0.00234	0.00667
40	0.01264	0.01323	0.01747	0.03690	0.61039	0.17254	0.01305	0.01508	0.01124	0.01450	0.00971	0.01206	0.03105	0.00457	0.00461	0.00137	0.00610	0.00414	0.00241	0.00693
41	0.00674	0.00504	0.00750	0.00750	0.00832	0.00585	0.00580	0.00837	0.00756	0.01089	0.01270	0.01891	0.01196	0.06042	0.79078	0.00748	0.01238	0.00511	0.00254	0.00417
42	0.00819	0.00410	0.00614	0.00614	0.00614	0.00410	0.00410	0.00614	0.00614	0.00819	0.00819	0.01433	0.00819	0.01638	0.01843	0.86282	0.00410	0.00410	0.00205	0.00205
43	0.02098	0.00830	0.01111	0.00852	0.01217	0.00734	0.00704	0.06351	0.01395	0.76697	0.01822	0.01580	0.01148	0.00583	0.00474	0.00146	0.00407	0.00472	0.00578	0.00802
44	0.01167	0.01120	0.01914	0.02894	0.80488	0.01120	0.01447	0.01447	0.01074	0.01540	0.00887	0.01167	0.00747	0.00420	0.00467	0.00140	0.00560	0.00420	0.00233	0.00747
45	0.01261	0.83713	0.02471	0.00807	0.01210	0.01866	0.00807	0.01412	0.00958	0.01109	0.00656	0.00756	0.00605	0.00403	0.00303	0.00101	0.00504	0.00252	0.00202	0.00605
46	0.00563	0.00464	0.00495	0.00516	0.00648	0.00396	0.00376	0.00677	0.01046	0.01273	0.05994	0.20443	0.62987	0.01246	0.00566	0.00166	0.00246	0.01062	0.00440	0.00396
47	0.00566	0.00478	0.00490	0.00487	0.00642	0.00402	0.00365	0.00694	0.01095	0.01323	0.10797	0.04457	0.74245	0.01176	0.00557	0.00158	0.00238	0.00984	0.00444	0.00402
48	0.00684	0.00459	0.00526	0.00535	0.00541	0.00457	0.00312	0.00696	0.00712	0.00947	0.01576	0.06677	0.01816	0.76485	0.02250	0.00436	0.00448	0.03850	0.00298	0.00296
49	0.00580	0.00415	0.00552	0.00653	0.00685	0.00387	0.00438	0.00670	0.00928	0.01244	0.07131	0.78476	0.03196	0.01447	0.00599	0.00189	0.00271	0.01312	0.00442	0.00387
50	0.00630	0.00481	0.00579	0.00555	0.00682	0.00429	0.00416	0.00818	0.01248	0.01684	0.54975	0.03862	0.29842	0.01041	0.00556	0.00152	0.00228	0.00900	0.00492	0.00429
51	0.01173	0.01013	0.01066	0.00960	0.01226	0.01173	0.00746	0.02505	0.79636	0.01972	0.01919	0.01759	0.01439	0.00640	0.00480	0.00160	0.00373	0.00533	0.00480	0.00746
52	0.00989	0.10661	0.67681	0.01333	0.01985	0.01180	0.06854	0.01486	0.01000	0.01455	0.00834	0.00990	0.00606	0.00440	0.00440	0.00145	0.00684	0.00353	0.00202	0.00683
53	0.01042	0.01079	0.01785	0.01425	0.01558	0.01347	0.22134	0.01227	0.00829	0.01235	0.00732	0.01124	0.00664	0.00800	0.03961	0.00212	0.57628	0.00455	0.00217	0.00545
54	0.00953	0.04378	0.79113	0.01331	0.02021	0.01113	0.01720	0.01491	0.00995	0.01484	0.00842	0.00990	0.00597	0.00447	0.00444	0.00148	0.00692	0.00346	0.00199	0.00695
55	0.01089	0.01234	0.02684	0.01929	0.02386	0.01157	0.75350	0.01473	0.01104	0.01497	0.01026	0.04851	0.00821	0.00445	0.00558	0.00160	0.00772	0.00591	0.00247	0.00625
56	0.00578	0.00413	0.00551	0.00654	0.00685	0.00386	0.00438	0.00666	0.00920	0.01232	0.05776	0.79864	0.03173	0.01456	0.00600	0.00190	0.00271	0.01320	0.00441	0.00386
57	0.86760	0.00912	0.00693	0.00620	0.00912	0.01058	0.00511	0.01386	0.00802	0.02115	0.00657	0.00766	0.00511	0.00438	0.00292	0.00146	0.00365	0.00255	0.00292	0.00511
58	0.00834	0.00568	0.00753	0.00806	0.00943	0.00556	0.00686	0.01087	0.04555	0.06500	0.08650	0.04702	0.11355	0.01190	0.00615	0.00198	0.00391	0.54689	0.00453	0.00468
59	0.01103	0.01280	0.05020	0.01938	0.05443	0.01209	0.66503	0.01474	0.01073	0.01478	0.00918	0.01238	0.00705	0.00438	0.00637	0.00162	0.07984	0.00532	0.00234	0.00632
60	0.02110	0.00811	0.01099	0.00843	0.01208	0.00706	0.00696	0.03559	0.01364	0.79534	0.01848	0.01597	0.01161	0.00583	0.00474	0.00146	0.00403	0.00473	0.00582	0.00802
61	0.00802	0.00416	0.00601	0.00601	0.00601	0.00416	0.00393	0.00624	0.00624	0.00831	0.00905	0.01647	0.00935	0.12240	0.01915	0.75157	0.00416	0.00445	0.00215	0.00215
62	0.00574	0.00412	0.00545	0.00652	0.00683	0.00383	0.00436	0.00657	0.00907	0.01205	0.02657	0.81029	0.05174	0.01470	0.00601	0.00191	0.00273	0.01331	0.00438	0.00383
63	0.01060	0.25170	0.56562	0.01186	0.01790	0.01322	0.01454	0.03837	0.01022	0.01431	0.00801	0.00933	0.00606	0.00439	0.00408	0.00136	0.00637	0.00324	0.00208	0.00674
64	0.02115	0.00802	0.01094	0.00839	0.01204	0.00693	0.00693	0.02298	0.01350	0.80815	0.01860	0.01605	0.01167	0.00584	0.00474	0.00146	0.00401	0.00474	0.00584	0.00802
65	0.00674	0.00505	0.00758	0.00758	0.00842	0.00589	0.00589	0.00842	0.00758	0.01095	0.01263	0.01852	0.01179	0.03536	0.81561	0.00758	0.01263	0.00505	0.00253	0.00421
66	0.00979	0.00947	0.01315	0.01140	0.01143	0.01301	0.00933	0.01074	0.00720	0.01110	0.00740	0.01286	0.00760	0.09646	0.05320	0.00258	0.70181	0.00446	0.00217	0.00487
67	0.61362	0.03582	0.06721	0.04082	0.02895	0.06017	0.00702	0.03767	0.00907	0.01917	0.00726	0.00871	0.00571	0.00568	0.03557	0.00168	0.00478	0.00290	0.00279	0.00540
68	0.10036	0.02844	0.05582	0.00762	0.00987	0.00805	0.00634	0.10276	0.12640	0.03802	0.32085	0.09884	0.04861	0.00810	0.00494	0.00152	0.00338	0.00684	0.01770	0.00557
69	0.07916	0.12838	0.09815	0.00993	0.01338	0.02594	0.02032	0.17922	0.27534	0.03932	0.04162	0.01339	0.01075	0.00567	0.00482	0.00146	0.03814	0.00432	0.00380	0.00691
70	0.01225	0.03992	0.07305	0.06277	0.01256	0.06910	0.00766	0.24831	0.01392	0.01958	0.01381	0.01629	0.04301	0.00587	0.00423	0.00132	0.00447	0.03977	0.27999	0.03212

[dist]
# distance from previous block
# <min> <max>
1	36

[block]
# block no. 6 follows, 54 sequences, length 26
# corresponding to MSA columns:
# 301-326
name=unknown_G
#
# <colnr> <probs for GDERKNQSTAVLIFYWHMCP>
#	G	D	E	R	K	N	Q	S	T	A	V	L	I	F	Y	W	H	M	C	P
0	0.36788	0.05444	0.01261	0.05439	0.17594	0.10981	0.02878	0.03387	0.02821	0.04931	0.00826	0.00971	0.00650	0.00449	0.00379	0.00138	0.00502	0.00332	0.00283	0.03947
1	0.00845	0.00563	0.00677	0.00624	0.00777	0.00545	0.00477	0.03067	0.04249	0.09091	0.26173	0.03150	0.25951	0.05089	0.08716	0.00225	0.02068	0.00755	0.06478	0.00477
2	0.00580	0.00414	0.00552	0.00653	0.00685	0.00386	0.00438	0.00669	0.00926	0.01241	0.06821	0.78793	0.03191	0.01449	0.00599	0.00189	0.00271	0.01314	0.00442	0.00386
3	0.01132	0.20221	0.08198	0.05834	0.04414	0.20785	0.03880	0.01326	0.01100	0.01275	0.06843	0.05140	0.12193	0.00682	0.00480	0.01934	0.00556	0.03184	0.00287	0.00537
4	0.01392	0.00955	0.01138	0.00910	0.01197	0.01004	0.00740	0.26910	0.04434	0.14489	0.02785	0.01352	0.00981	0.00928	0.10463	0.00210	0.09169	0.00427	0.03741	0.16776
5	0.86760	0.00912	0.00693	0.00620	0.00912	0.01058	0.00511	0.01386	0.00802	0.02115	0.00657	0.00766	0.00511	0.00438	0.00292	0.00146	0.00365	0.00255	0.00292	0.00511
6	0.01269	0.37400	0.04659	0.03031	0.05590	0.14427	0.03465	0.04252	0.12352	0.01360	0.01020	0.02509	0.01998	0.00631	0.04030	0.00153	0.00590	0.00374	0.00270	0.00617
7	0.00585	0.00424	0.00556	0.00657	0.00700	0.00395	0.00453	0.00679	0.00928	0.01223	0.02757	0.72015	0.08956	0.01444	0.00602	0.00191	0.00282	0.06330	0.00437	0.00387
8	0.03619	0.06867	0.08477	0.05279	0.15559	0.05916	0.02985	0.09333	0.02047	0.04724	0.02238	0.02980	0.00902	0.00635	0.04197	0.00155	0.00546	0.02537	0.00296	0.20707
9	0.62298	0.00880	0.00809	0.00683	0.00996	0.00952	0.00563	0.01650	0.00961	0.24860	0.01004	0.01008	0.00700	0.00480	0.00344	0.00146	0.00375	0.00319	0.00376	0.00595
10	0.00907	0.00856	0.01438	0.76474	0.06781	0.01061	0.01309	0.01214	0.00943	0.01218	0.00835	0.01247	0.00634	0.00478	0.00500	0.00158	0.02784	0.00419	0.00211	0.00534
11	0.17023	0.00900	0.01072	0.00837	0.01191	0.00874	0.00691	0.13705	0.01384	0.55156	0.01538	0.01385	0.00996	0.00555	0.00442	0.00145	0.00413	0.00428	0.00515	0.00751
12	0.86760	0.00912	0.00693	0.00620	0.00912	0.01058	0.00511	0.01386	0.00802	0.02115	0.00657	0.00766	0.00511	0.00438	0.00292	0.00146	0.00365	0.00255	0.00292	0.00511
13	0.01852	0.01164	0.01284	0.00989	0.01359	0.04455	0.00812	0.46642	0.01832	0.28101	0.01336	0.01266	0.00907	0.00557	0.00464	0.00138	0.00485	0.00428	0.00488	0.05441
14	0.00560	0.00466	0.00489	0.00508	0.00645	0.00396	0.00372	0.00673	0.01046	0.01262	0.04411	0.17738	0.67332	0.01242	0.00565	0.00165	0.00245	0.01053	0.00438	0.00396
15	0.01069	0.01203	0.02588	0.01861	0.02307	0.01125	0.71918	0.01447	0.01122	0.01518	0.04793	0.01510	0.04157	0.00456	0.00556	0.00158	0.00745	0.00588	0.00260	0.00617
16	0.02072	0.00812	0.01093	0.00845	0.01205	0.00715	0.00695	0.02308	0.04991	0.77147	0.01863	0.01612	0.01180	0.00586	0.00474	0.00147	0.00400	0.00477	0.00579	0.00800
17	0.02115	0.00802	0.01094	0.00839	0.01204	0.00693	0.00693	0.02298	0.01350	0.80815	0.01860	0.01605	0.01167	0.00584	0.00474	0.00146	0.00401	0.00474	0.00584	0.00802
18	0.00568	0.00466	0.00500	0.00518	0.00650	0.00398	0.00378	0.00687	0.01060	0.01301	0.09266	0.18770	0.61344	0.01231	0.00565	0.00164	0.00244	0.01049	0.00443	0.00398
19	0.01713	0.02172	0.01304	0.01192	0.01426	0.78232	0.00892	0.01833	0.01319	0.01156	0.00805	0.04200	0.00710	0.00526	0.00432	0.00124	0.00827	0.00346	0.00251	0.00540
20	0.00582	0.00424	0.00534	0.00618	0.00662	0.00392	0.00413	0.00662	0.00909	0.01189	0.02821	0.64571	0.14337	0.08607	0.00753	0.00210	0.00285	0.01232	0.00424	0.00377
21	0.00946	0.02439	0.80987	0.01344	0.02041	0.01095	0.01742	0.01493	0.00995	0.01493	0.00846	0.00995	0.00597	0.00448	0.00448	0.00149	0.00697	0.00348	0.00199	0.00697
22	0.00617	0.00456	0.00542	0.00571	0.00645	0.00420	0.00393	0.00720	0.00984	0.01287	0.16865	0.27110	0.24038	0.19731	0.00987	0.00235	0.00301	0.03302	0.00418	0.00378
23	0.01085	0.05294	0.01895	0.01438	0.01625	0.04612	0.26016	0.01289	0.00886	0.01254	0.00758	0.01119	0.00670	0.00757	0.04209	0.00204	0.45663	0.00450	0.00220	0.00557
24	0.07402	0.25102	0.04539	0.00928	0.01301	0.04457	0.00824	0.27398	0.03899	0.16109	0.02999	0.01144	0.00883	0.00518	0.00411	0.00131	0.00491	0.00378	0.00384	0.00701
25	0.00817	0.02224	0.04753	0.05216	0.02176	0.00645	0.00665	0.03472	0.04064	0.01384	0.03290	0.19722	0.04959	0.12328	0.00785	0.00203	0.00405	0.17832	0.00363	0.14698

[dist]
# distance from previous block
# <min> <max>
3	11

[block]
# block no. 7 follows, 54 sequences, length 39
# corresponding to MSA columns:
# 339-377
name=unknown_H
#
# <colnr> <probs for GDERKNQSTAVLIFYWHMCP>
#	G	D	E	R	K	N	Q	S	T	A	V	L	I	F	Y	W	H	M	C	P
0	0.01088	0.00902	0.01269	0.06690	0.03508	0.01035	0.07800	0.21299	0.01179	0.01630	0.01084	0.01542	0.00954	0.09202	0.25801	0.00373	0.13302	0.00483	0.00301	0.00557
1	0.00672	0.00590	0.00588	0.00583	0.00724	0.05571	0.00439	0.00819	0.01146	0.01422	0.23109	0.09172	0.47752	0.01115	0.00556	0.00159	0.00285	0.04434	0.00446	0.00420
2	0.01273	0.61021	0.10989	0.00914	0.01323	0.09641	0.00916	0.03984	0.01034	0.01217	0.00721	0.00842	0.00631	0.00530	0.03138	0.00132	0.00587	0.00282	0.00216	0.00610
3	0.00648	0.00493	0.00631	0.00658	0.03438	0.00449	0.00461	0.00831	0.01209	0.01651	0.50600	0.15345	0.19701	0.01068	0.00560	0.00157	0.00245	0.00939	0.00481	0.00437
4	0.01142	0.01091	0.01859	0.05164	0.75463	0.01100	0.01413	0.01419	0.01059	0.01515	0.00898	0.01193	0.00758	0.00529	0.03262	0.00162	0.00586	0.00423	0.00233	0.00729
5	0.00594	0.00475	0.00532	0.00526	0.00662	0.00413	0.00391	0.00745	0.01150	0.01472	0.29407	0.08739	0.50960	0.01135	0.00559	0.00157	0.00235	0.00968	0.00464	0.00413
6	0.01015	0.02269	0.71566	0.01295	0.01944	0.01090	0.01624	0.06664	0.01082	0.03235	0.00939	0.03502	0.00699	0.00490	0.00455	0.00150	0.00666	0.00386	0.00233	0.00697
7	0.86760	0.00912	0.00693	0.00620	0.00912	0.01058	0.00511	0.01386	0.00802	0.02115	0.00657	0.00766	0.00511	0.00438	0.00292	0.00146	0.00365	0.00255	0.00292	0.00511
8	0.00574	0.00410	0.00547	0.00657	0.00684	0.00383	0.00438	0.00657	0.00903	0.01204	0.02599	0.83122	0.03119	0.01477	0.00602	0.00191	0.00274	0.01340	0.00438	0.00383
9	0.01761	0.02247	0.01336	0.01215	0.01458	0.81537	0.00911	0.01883	0.01336	0.01154	0.00729	0.00850	0.00607	0.00486	0.00425	0.00121	0.00850	0.00304	0.00243	0.00547
10	0.86760	0.00912	0.00693	0.00620	0.00912	0.01058	0.00511	0.01386	0.00802	0.02115	0.00657	0.00766	0.00511	0.00438	0.00292	0.00146	0.00365	0.00255	0.00292	0.00511
