[name]
unknown

[dist]
# distance from previous block
# <min> <max>
5	2194

[block]
# block no. 0 follows, 52 sequences, length 13
# corresponding to MSA columns:
# 2312-2324
name=unknown_A
#
# <colnr> <probs for GDERKNQSTAVLIFYWHMCP>
#	G	D	E	R	K	N	Q	S	T	A	V	L	I	F	Y	W	H	M	C	P
0	0.26364	0.00857	0.01006	0.00798	0.01151	0.00820	0.00658	0.02092	0.01226	0.57847	0.01557	0.01402	0.01006	0.00557	0.00433	0.00150	0.00402	0.00423	0.00514	0.00739
1	0.00645	0.00461	0.00625	0.00737	0.00789	0.00441	0.00545	0.00769	0.00982	0.01298	0.02641	0.60483	0.03086	0.01467	0.00633	0.00204	0.00329	0.23008	0.00449	0.00409
2	0.00972	0.02507	0.80458	0.01381	0.02097	0.01125	0.01790	0.01535	0.01023	0.01535	0.00870	0.01023	0.00614	0.00460	0.00460	0.00153	0.00716	0.00358	0.00205	0.00716
3	0.01372	0.01492	0.01844	0.02429	0.53268	0.24097	0.05436	0.01619	0.01183	0.01467	0.00869	0.01112	0.00725	0.00450	0.00472	0.00139	0.00674	0.00405	0.00243	0.00702
4	0.00780	0.24265	0.01079	0.00588	0.00824	0.00842	0.00501	0.00913	0.01070	0.01261	0.03693	0.03547	0.57022	0.00994	0.00498	0.00146	0.00324	0.00803	0.00380	0.00470
5	0.00618	0.00443	0.00587	0.00656	0.00709	0.00412	0.00452	0.00744	0.01055	0.01440	0.24793	0.59952	0.03598	0.01367	0.00605	0.00184	0.00266	0.01234	0.00474	0.00412
6	0.06423	0.01202	0.01248	0.00989	0.01347	0.10717	0.00804	0.28972	0.03580	0.37548	0.01445	0.01343	0.00969	0.00575	0.00471	0.00146	0.00508	0.00438	0.00499	0.00776
7	0.01108	0.56404	0.04972	0.00787	0.01127	0.01468	0.00759	0.01300	0.01097	0.01386	0.23377	0.01603	0.01756	0.00582	0.00392	0.00120	0.00443	0.00440	0.00301	0.00578
8	0.01329	0.01155	0.01721	0.17604	0.42678	0.01238	0.01297	0.23511	0.01415	0.01939	0.00974	0.01207	0.00760	0.00485	0.00482	0.00148	0.00577	0.00433	0.00305	0.00740
9	0.01172	0.52421	0.32296	0.01040	0.01570	0.01615	0.01196	0.01483	0.00999	0.01291	0.00749	0.00871	0.00619	0.00432	0.00368	0.00123	0.00594	0.00297	0.00206	0.00658
10	0.00716	0.01071	0.23499	0.00776	0.01086	0.00627	0.00799	0.00991	0.01148	0.01533	0.22466	0.03357	0.38203	0.00948	0.00540	0.00158	0.00376	0.00795	0.00400	0.00509
11	0.01240	0.24725	0.02065	0.08270	0.47297	0.01385	0.01257	0.05573	0.01122	0.01508	0.00853	0.01083	0.00720	0.00439	0.00432	0.00134	0.00562	0.00382	0.00242	0.00711
12	0.00933	0.00880	0.01486	0.76773	0.08227	0.01081	0.01355	0.01254	0.00978	0.01260	0.00865	0.01286	0.00654	0.00481	0.00484	0.00160	0.00642	0.00431	0.00217	0.00553

[dist]
# distance from previous block
# <min> <max>
0	7

[block]
# block no. 1 follows, 52 sequences, length 8
# corresponding to MSA columns:
# 2332-2339
name=unknown_B
#
# <colnr> <probs for GDERKNQSTAVLIFYWHMCP>
#	G	D	E	R	K	N	Q	S	T	A	V	L	I	F	Y	W	H	M	C	P
0	0.01021	0.01013	0.01318	0.01104	0.01274	0.07764	0.08802	0.01179	0.00933	0.01312	0.01161	0.18348	0.01207	0.00809	0.00915	0.00166	0.31811	0.00602	0.00285	0.18974
1	0.06293	0.01097	0.01198	0.01001	0.01307	0.03501	0.00830	0.43726	0.01772	0.11531	0.01563	0.04777	0.01348	0.00768	0.00518	0.00164	0.00493	0.16939	0.00471	0.00704
2	0.01033	0.01257	0.11334	0.01631	0.02044	0.01046	0.49278	0.04558	0.01130	0.01545	0.01341	0.18849	0.01259	0.00662	0.00565	0.00169	0.00678	0.00716	0.00295	0.00612
3	0.00615	0.00432	0.00555	0.00643	0.00665	0.00410	0.00416	0.00681	0.00880	0.01173	0.02424	0.65475	0.02893	0.19122	0.01018	0.00256	0.00322	0.01232	0.00416	0.00372
4	0.01239	0.01095	0.01677	0.30105	0.36236	0.01201	0.01315	0.18008	0.01310	0.01781	0.00948	0.01224	0.00737	0.00483	0.00482	0.00150	0.00591	0.00432	0.00284	0.00700
5	0.00996	0.00914	0.01514	0.15518	0.46220	0.00942	0.01190	0.01242	0.01056	0.01468	0.05078	0.18936	0.01457	0.00702	0.00515	0.00159	0.00507	0.00657	0.00295	0.00634
6	0.01893	0.01257	0.07279	0.01046	0.01454	0.01197	0.00913	0.45925	0.01872	0.30013	0.01404	0.01323	0.00940	0.00579	0.00484	0.00148	0.00505	0.00448	0.00504	0.00816
7	0.00903	0.00452	0.00452	0.00452	0.00565	0.00452	0.00339	0.01129	0.01016	0.01807	0.01581	0.01807	0.01242	0.00565	0.00339	0.00113	0.00226	0.00452	0.85659	0.00452

[dist]
# distance from previous block
# <min> <max>
0	3

[block]
# block no. 2 follows, 52 sequences, length 6
# corresponding to MSA columns:
# 2346-2349,2355,2356
name=unknown_C
#
# <colnr> <probs for GDERKNQSTAVLIFYWHMCP>
#	G	D	E	R	K	N	Q	S	T	A	V	L	I	F	Y	W	H	M	C	P
0	0.01004	0.12666	0.57324	0.14614	0.02192	0.01220	0.01593	0.01475	0.01009	0.01435	0.00843	0.01036	0.00620	0.00458	0.00445	0.00148	0.00679	0.00357	0.00207	0.00675
1	0.01313	0.00971	0.04480	0.00875	0.01149	0.00979	0.00727	0.19632	0.21545	0.11009	0.11282	0.01907	0.04331	0.00676	0.00507	0.00149	0.02676	0.00544	0.14574	0.00675
2	0.02013	0.00879	0.01264	0.01212	0.14257	0.00785	0.00840	0.02217	0.01340	0.67264	0.01746	0.01575	0.01128	0.00572	0.00486	0.00149	0.00439	0.00478	0.00540	0.00815
3	0.00588	0.00431	0.00552	0.00649	0.00696	0.00396	0.00439	0.00678	0.00952	0.01247	0.02980	0.71882	0.13776	0.01478	0.00612	0.00192	0.00276	0.01329	0.00450	0.00396
4	0.08992	0.26118	0.32412	0.01111	0.01631	0.01300	0.06257	0.01631	0.01059	0.13852	0.00965	0.01046	0.00708	0.00464	0.00413	0.00138	0.00585	0.00354	0.00279	0.00684
5	0.01260	0.28974	0.19207	0.01275	0.05308	0.06939	0.10988	0.06741	0.11915	0.01552	0.00984	0.01093	0.00773	0.00475	0.00430	0.00137	0.00609	0.00384	0.00274	0.00683

[dist]
# distance from previous block
# <min> <max>
10	58

[block]
# block no. 3 follows, 52 sequences, length 13
# corresponding to MSA columns:
# 2415-2427
name=unknown_D
#
# <colnr> <probs for GDERKNQSTAVLIFYWHMCP>
#	G	D	E	R	K	N	Q	S	T	A	V	L	I	F	Y	W	H	M	C	P
0	0.09499	0.06351	0.32329	0.01182	0.01678	0.04115	0.05843	0.14895	0.11733	0.03691	0.01064	0.01142	0.00782	0.00503	0.00448	0.00147	0.00590	0.00394	0.00317	0.03298
1	0.04643	0.03880	0.01423	0.06129	0.12970	0.03880	0.11464	0.03047	0.05250	0.09973	0.08001	0.14197	0.01517	0.00688	0.00524	0.00151	0.02456	0.00617	0.00359	0.08829
2	0.01092	0.00849	0.01050	0.00909	0.03978	0.00812	0.03815	0.06234	0.19198	0.07456	0.15720	0.03979	0.09070	0.00684	0.00484	0.00136	0.00370	0.00587	0.00429	0.23148
3	0.01729	0.01248	0.01334	0.01035	0.01390	0.01376	0.00851	0.69031	0.02126	0.02904	0.01214	0.01241	0.00874	0.00580	0.00467	0.00142	0.00496	0.00438	0.10744	0.00779
4	0.12911	0.18246	0.01455	0.00956	0.01292	0.14360	0.00795	0.15324	0.15880	0.12481	0.01182	0.01172	0.00883	0.00533	0.00418	0.00138	0.00520	0.00384	0.00382	0.00689
5	0.02045	0.00854	0.01121	0.00879	0.01240	0.00778	0.00720	0.02390	0.11733	0.69860	0.01920	0.01671	0.01237	0.00607	0.00488	0.00152	0.00409	0.00495	0.00586	0.00817
6	0.00590	0.00422	0.00562	0.00675	0.00703	0.00394	0.00450	0.00675	0.00928	0.01237	0.02671	0.82653	0.03205	0.01518	0.00619	0.00197	0.00281	0.01378	0.00450	0.00394
7	0.01005	0.00861	0.01005	0.00718	0.01148	0.00646	0.00574	0.01220	0.01005	0.01579	0.00861	0.01005	0.00718	0.00359	0.00359	0.00072	0.00359	0.00287	0.00287	0.85932
8	0.00826	0.00736	0.01350	0.01134	0.01335	0.00687	0.26374	0.01032	0.01039	0.03532	0.05134	0.46215	0.04365	0.01091	0.00598	0.00182	0.00465	0.03020	0.00389	0.00496
9	0.01005	0.00861	0.01005	0.00718	0.01148	0.00646	0.00574	0.01220	0.01005	0.01579	0.00861	0.01005	0.00718	0.00359	0.00359	0.00072	0.00359	0.00287	0.00287	0.85932
10	0.01215	0.01088	0.01839	0.14718	0.63711	0.01114	0.01420	0.01502	0.01100	0.06231	0.00964	0.01240	0.00775	0.00450	0.00481	0.00147	0.00577	0.00435	0.00258	0.00736
11	0.06801	0.04730	0.04351	0.01216	0.04317	0.38485	0.00954	0.29814	0.01635	0.01954	0.00904	0.00989	0.00696	0.00520	0.00444	0.00135	0.00690	0.00359	0.00335	0.00671
12	0.18614	0.54750	0.04214	0.00832	0.01212	0.04899	0.00794	0.04433	0.01012	0.01437	0.00724	0.00846	0.00631	0.00550	0.03247	0.00141	0.00538	0.00281	0.00240	0.00603

[dist]
# distance from previous block
# <min> <max>
2	8

[block]
# block no. 4 follows, 52 sequences, length 47
# corresponding to MSA columns:
# 2437-2483
name=unknown_E
#
# <colnr> <probs for GDERKNQSTAVLIFYWHMCP>
#	G	D	E	R	K	N	Q	S	T	A	V	L	I	F	Y	W	H	M	C	P
0	0.04917	0.00699	0.00734	0.00670	0.00851	0.04283	0.00507	0.02875	0.08723	0.09231	0.27143	0.03226	0.26012	0.07188	0.00680	0.00179	0.00328	0.00774	0.00468	0.00511
1	0.00664	0.00500	0.00548	0.00542	0.00696	0.00428	0.00404	0.00799	0.01134	0.05064	0.14173	0.12236	0.58708	0.01197	0.00573	0.00165	0.00255	0.01015	0.00468	0.00433
2	0.01593	0.03529	0.01309	0.01081	0.01390	0.21742	0.00854	0.24447	0.31187	0.05735	0.01387	0.01347	0.01035	0.00586	0.00471	0.00147	0.00558	0.00445	0.00426	0.00730
3	0.02052	0.00852	0.01121	0.00878	0.01240	0.00774	0.00719	0.02389	0.11170	0.70427	0.01919	0.01669	0.01235	0.00607	0.00488	0.00152	0.00409	0.00495	0.00586	0.00817
4	0.01013	0.02453	0.76777	0.01369	0.02070	0.01143	0.01750	0.05113	0.01082	0.01605	0.00883	0.01030	0.00624	0.00466	0.00462	0.00153	0.00708	0.00362	0.00218	0.00721
5	0.01200	0.01134	0.01833	0.02668	0.67805	0.01160	0.01376	0.01655	0.13134	0.01652	0.01075	0.01293	0.00877	0.00467	0.00482	0.00147	0.00546	0.00450	0.00279	0.00768
6	0.00692	0.00519	0.00779	0.00779	0.00865	0.00606	0.00606	0.00865	0.00779	0.01125	0.01298	0.01904	0.01211	0.03634	0.81049	0.00779	0.01298	0.00519	0.00260	0.00433
7	0.00705	0.00470	0.00529	0.00529	0.00529	0.00470	0.00294	0.00705	0.00705	0.00940	0.01527	0.03171	0.01762	0.82969	0.02467	0.00470	0.00470	0.00705	0.00294	0.00294
8	0.00607	0.00445	0.00609	0.04895	0.00840	0.00429	0.00496	0.00704	0.00930	0.01237	0.02577	0.78421	0.03072	0.01464	0.00612	0.00195	0.00300	0.01328	0.00438	0.00401
9	0.01005	0.00861	0.01005	0.00718	0.01148	0.00646	0.00574	0.01220	0.01005	0.01579	0.00861	0.01005	0.00718	0.00359	0.00359	0.00072	0.00359	0.00287	0.00287	0.85932
10	0.00705	0.00470	0.00529	0.00529	0.00529	0.00470	0.00294	0.00705	0.00705	0.00940	0.01527	0.03171	0.01762	0.82969	0.02467	0.00470	0.00470	0.00705	0.00294	0.00294
11	0.00980	0.04437	0.78595	0.01368	0.02077	0.01144	0.01767	0.01533	0.01022	0.01525	0.00865	0.01017	0.00614	0.00459	0.00457	0.00152	0.00711	0.00356	0.00205	0.00714
12	0.00598	0.00429	0.00577	0.00682	0.00714	0.00408	0.00461	0.00688	0.00917	0.01229	0.02575	0.77019	0.03066	0.01666	0.06230	0.00237	0.00352	0.01318	0.00437	0.00396
13	0.02135	0.00816	0.01112	0.00855	0.01223	0.00705	0.00705	0.02323	0.01387	0.78198	0.03981	0.01702	0.01289	0.00610	0.00490	0.00150	0.00407	0.00498	0.00598	0.00815
14	0.00903	0.00452	0.00452	0.00452	0.00565	0.00452	0.00339	0.01129	0.01016	0.01807	0.01581	0.01807	0.01242	0.00565	0.00339	0.00113	0.00226	0.00452	0.85659	0.00452
15	0.01152	0.01283	0.02722	0.02186	0.14478	0.01214	0.66352	0.01542	0.01138	0.01557	0.00970	0.01291	0.00740	0.00412	0.00558	0.00160	0.00780	0.00550	0.00244	0.00671
16	0.01842	0.01357	0.01454	0.01115	0.01503	0.01503	0.00921	0.78330	0.02278	0.03054	0.01163	0.01163	0.00824	0.00582	0.00485	0.00145	0.00533	0.00436	0.00485	0.00824
17	0.01135	0.01085	0.01850	0.20922	0.62505	0.01134	0.01455	0.01431	0.01073	0.01505	0.00900	0.01220	0.00740	0.00444	0.00481	0.00148	0.00592	0.00432	0.00234	0.00715
18	0.01750	0.01200	0.01310	0.01026	0.01382	0.01308	0.00841	0.56413	0.09917	0.11815	0.01362	0.01330	0.00964	0.00590	0.00476	0.00146	0.00483	0.00455	0.06441	0.00792
19	0.01330	0.00982	0.01124	0.00844	0.01245	0.00890	0.00682	0.18258	0.08356	0.10357	0.01140	0.01181	0.00861	0.00460	0.00412	0.00105	0.00405	0.00365	0.00382	0.50622
20	0.00924	0.00870	0.01469	0.79474	0.05603	0.01079	0.01350	0.01246	0.00973	0.01248	0.00863	0.01289	0.00650	0.00483	0.00484	0.00161	0.00644	0.00431	0.00216	0.00545
21	0.00573	0.00491	0.00491	0.00491	0.00655	0.00409	0.00368	0.00695	0.01105	0.01309	0.04909	0.04664	0.79750	0.01227	0.00573	0.00164	0.00245	0.01023	0.00450	0.00409
22	0.00678	0.00495	0.00637	0.00601	0.00719	0.00454	0.00451	0.00899	0.01353	0.01899	0.74473	0.03693	0.09817	0.01007	0.00572	0.00153	0.00230	0.00887	0.00528	0.00454
23	0.00691	0.00509	0.00648	0.00611	0.00733	0.00473	0.00459	0.00942	0.03345	0.01901	0.72481	0.03646	0.09738	0.00999	0.00570	0.00154	0.00234	0.00878	0.00527	0.00462
24	0.01205	0.01041	0.01096	0.00986	0.01260	0.01205	0.00767	0.02575	0.79071	0.02027	0.01972	0.01808	0.01479	0.00657	0.00493	0.00164	0.00384	0.00548	0.00493	0.00767
25	0.02140	0.00880	0.01159	0.00888	0.01264	0.00794	0.00734	0.10185	0.01479	0.72329	0.01835	0.01599	0.01161	0.00598	0.00487	0.00149	0.00425	0.00482	0.00588	0.00825
26	0.00590	0.00422	0.00562	0.00675	0.00703	0.00394	0.00450	0.00675	0.00928	0.01237	0.02671	0.82653	0.03205	0.01518	0.00619	0.00197	0.00281	0.01378	0.00450	0.00394
27	0.01296	0.83261	0.02539	0.00829	0.01244	0.01917	0.00829	0.01451	0.00985	0.01140	0.00674	0.00777	0.00622	0.00415	0.00311	0.00104	0.00518	0.00259	0.00207	0.00622
28	0.00903	0.00452	0.00452	0.00452	0.00565	0.00452	0.00339	0.01129	0.01016	0.01807	0.01581	0.01807	0.01242	0.00565	0.00339	0.00113	0.00226	0.00452	0.85659	0.00452
29	0.00590	0.00422	0.00562	0.00675	0.00703	0.00394	0.00450	0.00675	0.00928	0.01237	0.02671	0.82653	0.03205	0.01518	0.00619	0.00197	0.00281	0.01378	0.00450	0.00394
30	0.01133	0.01385	0.07881	0.02000	0.02505	0.01219	0.73243	0.01551	0.01136	0.01551	0.00973	0.01289	0.00727	0.00412	0.00565	0.00163	0.00810	0.00558	0.00242	0.00658
31	0.01199	0.01151	0.01967	0.02974	0.79946	0.01151	0.01487	0.01487	0.01103	0.01583	0.00912	0.01199	0.00768	0.00432	0.00480	0.00144	0.00576	0.00432	0.00240	0.00768
32	0.00590	0.00422	0.00562	0.00675	0.00703	0.00394	0.00450	0.00675	0.00928	0.01237	0.02671	0.82653	0.03205	0.01518	0.00619	0.00197	0.00281	0.01378	0.00450	0.00394
33	0.00573	0.00491	0.00491	0.00491	0.00655	0.00409	0.00368	0.00695	0.01105	0.01309	0.04909	0.04664	0.79750	0.01227	0.00573	0.00164	0.00245	0.01023	0.00450	0.00409
34	0.02174	0.00825	0.01125	0.00862	0.01237	0.00712	0.00712	0.02362	0.01387	0.80282	0.01912	0.01649	0.01200	0.00600	0.00487	0.00150	0.00412	0.00487	0.00600	0.00825
35	0.00692	0.00519	0.00779	0.00779	0.00865	0.00606	0.00606	0.00865	0.00779	0.01125	0.01298	0.01904	0.01211	0.03634	0.81049	0.00779	0.01298	0.00519	0.00260	0.00433
36	0.86392	0.00937	0.00712	0.00637	0.00937	0.01087	0.00525	0.01425	0.00825	0.02174	0.00675	0.00787	0.00525	0.00450	0.00300	0.00150	0.00375	0.00262	0.00300	0.00525
37	0.01060	0.01060	0.01484	0.01272	0.01272	0.01484	0.01060	0.01166	0.00742	0.01166	0.00636	0.01060	0.00636	0.00848	0.01590	0.00212	0.82082	0.00424	0.00212	0.00530
38	0.00590	0.00422	0.00562	0.00675	0.00703	0.00394	0.00450	0.00675	0.00928	0.01237	0.02671	0.82653	0.03205	0.01518	0.00619	0.00197	0.00281	0.01378	0.00450	0.00394
39	0.01205	0.01041	0.01096	0.00986	0.01260	0.01205	0.00767	0.02575	0.79071	0.02027	0.01972	0.01808	0.01479	0.00657	0.00493	0.00164	0.00384	0.00548	0.00493	0.00767
40	0.71862	0.00918	0.00783	0.00676	0.00989	0.01022	0.00557	0.01586	0.00922	0.15650	0.00888	0.00936	0.00641	0.00476	0.00332	0.00150	0.00381	0.00301	0.00352	0.00577
41	0.01800	0.05720	0.01398	0.01151	0.01441	0.53349	0.00894	0.15248	0.01514	0.09493	0.02933	0.01067	0.00817	0.00532	0.00448	0.00131	0.00735	0.00363	0.00331	0.00634
42	0.00646	0.00486	0.00570	0.00559	0.00687	0.00434	0.00415	0.00823	0.01217	0.01637	0.40792	0.09451	0.33922	0.01099	0.00563	0.00158	0.00239	0.00947	0.04923	0.00434
43	0.01040	0.00913	0.01273	0.00932	0.01340	0.00753	0.12555	0.01345	0.05121	0.03325	0.06460	0.01290	0.01039	0.00431	0.00416	0.00098	0.00423	0.00390	0.00315	0.60540
44	0.01322	0.79050	0.02479	0.00851	0.01257	0.06033	0.00835	0.01476	0.01005	0.01143	0.00678	0.00782	0.00622	0.00419	0.00318	0.00105	0.00537	0.00262	0.00210	0.00619
45	0.01726	0.05569	0.01463	0.01066	0.01453	0.01451	0.00885	0.65421	0.05701	0.02804	0.01155	0.01162	0.00837	0.00561	0.00467	0.00139	0.00513	0.00422	0.00457	0.06749
46	0.01367	0.06745	0.01199	0.00947	0.01244	0.01176	0.00758	0.08259	0.53765	0.12239	0.01813	0.03177	0.01357	0.00640	0.00477	0.00156	0.00402	0.00524	0.03004	0.00753

[dist]
# distance from previous block
# <min> <max>
0	3

[block]
# block no. 5 follows, 52 sequences, length 98
# corresponding to MSA columns:
# 2487-2584
name=unknown_F
#
# <colnr> <probs for GDERKNQSTAVLIFYWHMCP>
#	G	D	E	R	K	N	Q	S	T	A	V	L	I	F	Y	W	H	M	C	P
0	0.42931	0.01360	0.03825	0.09846	0.04586	0.20516	0.00831	0.08091	0.01116	0.01861	0.00771	0.00920	0.00601	0.00477	0.00382	0.00145	0.00559	0.00318	0.00289	0.00577
1	0.01162	0.01123	0.01853	0.05359	0.61535	0.01216	0.01397	0.01414	0.01026	0.01488	0.00855	0.01175	0.00737	0.00517	0.00702	0.00158	0.16908	0.00430	0.00233	0.00712
2	0.00635	0.00465	0.00624	0.00685	0.00735	0.00432	0.02068	0.00720	0.00904	0.01216	0.02403	0.66571	0.02851	0.12773	0.00864	0.00229	0.00322	0.01223	0.00417	0.03863
3	0.00590	0.00422	0.00562	0.00675	0.00703	0.00394	0.00450	0.00675	0.00928	0.01237	0.02671	0.82653	0.03205	0.01518	0.00619	0.00197	0.00281	0.01378	0.00450	0.00394
4	0.00573	0.00491	0.00491	0.00491	0.00655	0.00409	0.00368	0.00695	0.01105	0.01309	0.04909	0.04664	0.79750	0.01227	0.00573	0.00164	0.00245	0.01023	0.00450	0.00409
5	0.01101	0.56168	0.03525	0.00773	0.01101	0.01452	0.00734	0.01288	0.01105	0.01395	0.24992	0.01657	0.01837	0.00593	0.00394	0.00120	0.00433	0.00451	0.00308	0.00573
6	0.00927	0.00873	0.01474	0.78600	0.06452	0.01080	0.01352	0.01248	0.00974	0.01252	0.00863	0.01288	0.00651	0.00482	0.00484	0.00161	0.00643	0.00431	0.00216	0.00548
7	0.00573	0.00491	0.00491	0.00491	0.00655	0.00409	0.00368	0.00695	0.01105	0.01309	0.04909	0.04664	0.79750	0.01227	0.00573	0.00164	0.00245	0.01023	0.00450	0.00409
8	0.00682	0.00495	0.00642	0.00606	0.00722	0.00456	0.00454	0.00907	0.01363	0.01921	0.77105	0.03656	0.07172	0.00999	0.00572	0.00153	0.00229	0.00881	0.00531	0.00456
9	0.03800	0.05345	0.51857	0.01282	0.04491	0.08684	0.01432	0.01611	0.05364	0.05010	0.02890	0.01268	0.03843	0.00520	0.00458	0.00149	0.00647	0.00403	0.00263	0.00683
10	0.01228	0.01052	0.01109	0.00991	0.01269	0.01216	0.00773	0.05281	0.76328	0.02064	0.01943	0.01785	0.01456	0.00655	0.00493	0.00164	0.00389	0.00544	0.00493	0.00769
11	0.00573	0.00491	0.00491	0.00491	0.00655	0.00409	0.00368	0.00695	0.01105	0.01309	0.04909	0.04664	0.79750	0.01227	0.00573	0.00164	0.00245	0.01023	0.00450	0.00409
12	0.00890	0.00456	0.00472	0.00472	0.00583	0.00461	0.00355	0.01113	0.01002	0.01765	0.01564	0.01813	0.01240	0.00753	0.05286	0.00154	0.00292	0.00456	0.80424	0.00451
13	0.39173	0.06120	0.01144	0.00879	0.01208	0.11641	0.00721	0.21560	0.02746	0.09290	0.00947	0.00992	0.00700	0.00506	0.00387	0.00143	0.00493	0.00339	0.00366	0.00645
14	0.00903	0.00452	0.00452	0.00452	0.00565	0.00452	0.00339	0.01129	0.01016	0.01807	0.01581	0.01807	0.01242	0.00565	0.00339	0.00113	0.00226	0.00452	0.85659	0.00452
15	0.00705	0.00470	0.00529	0.00529	0.00529	0.00470	0.00294	0.00705	0.00705	0.00940	0.01527	0.03171	0.01762	0.82969	0.02467	0.00470	0.00470	0.00705	0.00294	0.00294
16	0.01214	0.01073	0.01039	0.00965	0.01195	0.12511	0.00775	0.11649	0.27303	0.03144	0.04745	0.02843	0.07231	0.00860	0.00540	0.00171	0.00476	0.21198	0.00444	0.00623
17	0.86392	0.00937	0.00712	0.00637	0.00937	0.01087	0.00525	0.01425	0.00825	0.02174	0.00675	0.00787	0.00525	0.00450	0.00300	0.00150	0.00375	0.00262	0.00300	0.00525
18	0.01005	0.00848	0.00984	0.00712	0.01127	0.00649	0.00568	0.01243	0.02535	0.01597	0.00912	0.01053	0.00754	0.00373	0.00361	0.00075	0.00354	0.00299	0.03762	0.80788
19	0.01185	0.01288	0.02790	0.01995	0.02481	0.01205	0.75086	0.01585	0.01154	0.04702	0.01018	0.01321	0.00754	0.00416	0.00569	0.00163	0.00801	0.00569	0.00259	0.00660
20	0.01205	0.01041	0.01096	0.00986	0.01260	0.01205	0.00767	0.02575	0.79071	0.02027	0.01972	0.01808	0.01479	0.00657	0.00493	0.00164	0.00384	0.00548	0.00493	0.00767
21	0.01269	0.79609	0.02456	0.00820	0.01221	0.01853	0.00813	0.01427	0.01002	0.01176	0.04160	0.00903	0.00796	0.00440	0.00322	0.00106	0.00505	0.00286	0.00222	0.00615
22	0.01006	0.10925	0.72335	0.01324	0.02008	0.01208	0.01690	0.01526	0.01019	0.01494	0.00849	0.00998	0.00615	0.00456	0.00445	0.00148	0.00696	0.00348	0.00205	0.00706
23	0.75513	0.00902	0.00738	0.04212	0.01027	0.01039	0.00554	0.01419	0.00855	0.03876	0.00766	0.00891	0.00589	0.00462	0.00315	0.00148	0.00379	0.00286	0.05500	0.00528
24	0.00677	0.00495	0.00636	0.00601	0.00719	0.00454	0.00450	0.00898	0.01351	0.01894	0.73920	0.03700	0.10373	0.01009	0.00572	0.00153	0.00230	0.00888	0.00527	0.00454
25	0.01114	0.01324	0.06190	0.01958	0.02439	0.01187	0.71655	0.01516	0.01130	0.01539	0.01044	0.04602	0.00830	0.00456	0.00569	0.00164	0.00791	0.00595	0.00252	0.00646
26	0.00590	0.00422	0.00562	0.00675	0.00703	0.00394	0.00450	0.00675	0.00928	0.01237	0.02671	0.82653	0.03205	0.01518	0.00619	0.00197	0.00281	0.01378	0.00450	0.00394
27	0.01144	0.01307	0.02859	0.02042	0.02533	0.01225	0.78186	0.01552	0.01144	0.01552	0.00980	0.01307	0.00735	0.00408	0.00572	0.00163	0.00817	0.00572	0.00245	0.00654
28	0.00573	0.00491	0.00491	0.00491	0.00655	0.00409	0.00368	0.00695	0.01105	0.01309	0.04909	0.04664	0.79750	0.01227	0.00573	0.00164	0.00245	0.01023	0.00450	0.00409
29	0.00573	0.00491	0.00491	0.00491	0.00655	0.00409	0.00368	0.00695	0.01105	0.01309	0.04909	0.04664	0.79750	0.01227	0.00573	0.00164	0.00245	0.01023	0.00450	0.00409
30	0.01199	0.01151	0.01967	0.02974	0.79946	0.01151	0.01487	0.01487	0.01103	0.01583	0.00912	0.01199	0.00768	0.00432	0.00480	0.00144	0.00576	0.00432	0.00240	0.00768
31	0.02174	0.00825	0.01125	0.00862	0.01237	0.00712	0.00712	0.02362	0.01387	0.80282	0.01912	0.01649	0.01200	0.00600	0.00487	0.00150	0.00412	0.00487	0.00600	0.00825
32	0.00590	0.00422	0.00562	0.00675	0.00703	0.00394	0.00450	0.00675	0.00928	0.01237	0.02671	0.82653	0.03205	0.01518	0.00619	0.00197	0.00281	0.01378	0.00450	0.00394
33	0.00590	0.00422	0.00562	0.00675	0.00703	0.00394	0.00450	0.00675	0.00928	0.01237	0.02671	0.82653	0.03205	0.01518	0.00619	0.00197	0.00281	0.01378	0.00450	0.00394
34	0.01205	0.01041	0.01096	0.00986	0.01260	0.01205	0.00767	0.02575	0.79071	0.02027	0.01972	0.01808	0.01479	0.00657	0.00493	0.00164	0.00384	0.00548	0.00493	0.00767
35	0.00682	0.00492	0.00644	0.00613	0.00723	0.00454	0.00457	0.00904	0.01352	0.01912	0.76292	0.07107	0.04512	0.01014	0.00574	0.00154	0.00231	0.00899	0.00530	0.00454
36	0.00705	0.00515	0.00674	0.00689	0.00808	0.00485	0.00554	0.00920	0.01258	0.01712	0.46207	0.04340	0.12231	0.01131	0.00604	0.00177	0.00302	0.25744	0.00496	0.00448
37	0.01205	0.01041	0.01096	0.00986	0.01260	0.01205	0.00767	0.02575	0.79071	0.02027	0.01972	0.01808	0.01479	0.00657	0.00493	0.00164	0.00384	0.00548	0.00493	0.00767
38	0.01842	0.01357	0.01454	0.01115	0.01503	0.01503	0.00921	0.78330	0.02278	0.03054	0.01163	0.01163	0.00824	0.00582	0.00485	0.00145	0.00533	0.00436	0.00485	0.00824
39	0.01144	0.01307	0.02859	0.02042	0.02533	0.01225	0.78186	0.01552	0.01144	0.01552	0.00980	0.01307	0.00735	0.00408	0.00572	0.00163	0.00817	0.00572	0.00245	0.00654
40	0.01081	0.01098	0.01448	0.01249	0.01265	0.05362	0.01034	0.01191	0.00775	0.01165	0.00671	0.01088	0.00661	0.00954	0.05039	0.00233	0.74519	0.00423	0.00216	0.00527
41	0.00682	0.00495	0.00643	0.00606	0.00722	0.00456	0.00454	0.00908	0.01363	0.01923	0.77341	0.03653	0.06935	0.00998	0.00572	0.00153	0.00229	0.00881	0.00531	0.00456
42	0.00979	0.02459	0.77354	0.01408	0.02115	0.01129	0.04847	0.01535	0.01028	0.01535	0.00874	0.01034	0.00619	0.00458	0.00465	0.00154	0.00720	0.00367	0.00206	0.00714
43	0.00668	0.00495	0.00623	0.00591	0.00713	0.00450	0.00443	0.00880	0.01330	0.01844	0.68008	0.03783	0.16317	0.01028	0.00572	0.00154	0.00231	0.00899	0.00520	0.00450
44	0.01060	0.01060	0.01484	0.01272	0.01272	0.01484	0.01060	0.01166	0.00742	0.01166	0.00636	0.01060	0.00636	0.00848	0.01590	0.00212	0.82082	0.00424	0.00212	0.00530
45	0.00990	0.05251	0.74659	0.01389	0.02085	0.01157	0.04814	0.01532	0.01027	0.01522	0.00867	0.01026	0.00619	0.00457	0.00460	0.00152	0.00713	0.00363	0.00206	0.00710
46	0.69743	0.00924	0.00856	0.02316	0.04186	0.01041	0.03258	0.01422	0.00865	0.05211	0.00801	0.01012	0.00647	0.05513	0.00460	0.00170	0.00411	0.00319	0.00306	0.00537
47	0.01232	0.01097	0.01108	0.00998	0.01271	0.04727	0.00775	0.02547	0.75643	0.01990	0.01918	0.01767	0.01442	0.00650	0.00491	0.00163	0.00405	0.00537	0.00482	0.00758
48	0.00669	0.00488	0.00629	0.00609	0.00718	0.00448	0.00451	0.00877	0.01310	0.01833	0.67274	0.11691	0.09072	0.01059	0.00576	0.00158	0.00235	0.00936	0.00520	0.00448
49	0.00590	0.00422	0.00562	0.00675	0.00703	0.00394	0.00450	0.00675	0.00928	0.01237	0.02671	0.82653	0.03205	0.01518	0.00619	0.00197	0.00281	0.01378	0.00450	0.00394
50	0.00836	0.00802	0.01355	0.01206	0.04519	0.03908	0.24269	0.01032	0.01028	0.01351	0.02082	0.47265	0.04888	0.01081	0.00591	0.00181	0.00482	0.02258	0.00371	0.00496
51	0.05015	0.00892	0.01101	0.00890	0.01233	0.00870	0.00721	0.02389	0.24065	0.54519	0.01884	0.01664	0.01256	0.00611	0.00482	0.00154	0.00403	0.00497	0.00557	0.00797
52	0.00649	0.00494	0.00596	0.00571	0.00701	0.00441	0.00428	0.00843	0.01284	0.01735	0.55175	0.03962	0.29218	0.01068	0.00572	0.00156	0.00234	0.00924	0.00506	0.00441
53	0.00938	0.00885	0.01495	0.75446	0.09517	0.01083	0.01357	0.01258	0.00980	0.01266	0.00865	0.01285	0.00656	0.00480	0.00484	0.00160	0.00640	0.00431	0.00217	0.00557
54	0.01176	0.00992	0.01048	0.00944	0.01211	0.01131	0.00734	0.02421	0.71161	0.03675	0.02205	0.02032	0.07715	0.00702	0.00499	0.00164	0.00373	0.00584	0.00492	0.00740
55	0.00832	0.00466	0.00516	0.00503	0.00617	0.00453	0.00378	0.01059	0.01133	0.01851	0.27187	0.02401	0.02334	0.00704	0.00415	0.00126	0.00227	0.00591	0.57753	0.00453
56	0.00692	0.00519	0.00779	0.00779	0.00865	0.00606	0.00606	0.00865	0.00779	0.01125	0.01298	0.01904	0.01211	0.03634	0.81049	0.00779	0.01298	0.00519	0.00260	0.00433
57	0.01648	0.28215	0.01756	0.01100	0.01417	0.47206	0.00900	0.09853	0.01344	0.01369	0.00769	0.00873	0.00645	0.00481	0.00402	0.00120	0.00724	0.00308	0.00261	0.00609
58	0.00610	0.00492	0.00542	0.00530	0.00677	0.00425	0.00397	0.00767	0.01192	0.01517	0.29425	0.04322	0.55105	0.01150	0.00572	0.00160	0.00240	0.00975	0.00477	0.00425
59	0.00807	0.00594	0.00823	0.00818	0.00902	0.00652	0.00610	0.00925	0.00841	0.01205	0.01430	0.02212	0.01381	0.14539	0.68957	0.00746	0.01207	0.00578	0.00301	0.00471
60	0.00590	0.00422	0.00562	0.00675	0.00703	0.00394	0.00450	0.00675	0.00928	0.01237	0.02671	0.82653	0.03205	0.01518	0.00619	0.00197	0.00281	0.01378	0.00450	0.00394
61	0.02079	0.00977	0.01219	0.00935	0.01313	0.00939	0.00772	0.24140	0.01643	0.58142	0.01697	0.01510	0.01092	0.00595	0.00487	0.00149	0.00447	0.00473	0.00567	0.00825
62	0.01842	0.01357	0.01454	0.01115	0.01503	0.01503	0.00921	0.78330	0.02278	0.03054	0.01163	0.01163	0.00824	0.00582	0.00485	0.00145	0.00533	0.00436	0.00485	0.00824
63	0.01095	0.01045	0.01779	0.31875	0.51860	0.01124	0.01435	0.01396	0.01054	0.01457	0.00893	0.01233	0.00723	0.00451	0.00481	0.00150	0.00601	0.00431	0.00231	0.00684
64	0.01811	0.02280	0.01376	0.01244	0.01498	0.78525	0.00936	0.04336	0.01402	0.01245	0.00762	0.00883	0.00631	0.00502	0.00438	0.00125	0.00863	0.00316	0.00257	0.00570
65	0.00590	0.00422	0.00562	0.00675	0.00703	0.00394	0.00450	0.00675	0.00928	0.01237	0.02671	0.82653	0.03205	0.01518	0.00619	0.00197	0.00281	0.01378	0.00450	0.00394
66	0.00639	0.00493	0.00582	0.00560	0.00695	0.00437	0.00420	0.00823	0.01260	0.01678	0.48397	0.04057	0.36031	0.01090	0.00572	0.00157	0.00236	0.00938	0.00499	0.00437
67	0.01810	0.02310	0.01373	0.01248	0.01498	0.81024	0.00936	0.01935	0.01373	0.01186	0.00749	0.00874	0.00624	0.00499	0.00437	0.00125	0.00874	0.00312	0.00250	0.00562
68	0.01144	0.01307	0.02859	0.02042	0.02533	0.01225	0.78186	0.01552	0.01144	0.01552	0.00980	0.01307	0.00735	0.00408	0.00572	0.00163	0.00817	0.00572	0.00245	0.00654
69	0.01205	0.01041	0.01096	0.00986	0.01260	0.01205	0.00767	0.02575	0.79071	0.02027	0.01972	0.01808	0.01479	0.00657	0.00493	0.00164	0.00384	0.00548	0.00493	0.00767
70	0.01205	0.01041	0.01096	0.00986	0.01260	0.01205	0.00767	0.02575	0.79071	0.02027	0.01972	0.01808	0.01479	0.00657	0.00493	0.00164	0.00384	0.00548	0.00493	0.00767
71	0.02174	0.00825	0.01125	0.00862	0.01237	0.00712	0.00712	0.02362	0.01387	0.80282	0.01912	0.01649	0.01200	0.00600	0.00487	0.00150	0.00412	0.00487	0.00600	0.00825
72	0.00908	0.00830	0.01375	0.75360	0.03120	0.01026	0.01267	0.01222	0.00974	0.01274	0.00979	0.01385	0.02133	0.00503	0.00477	0.00159	0.00613	0.00443	0.05422	0.00531
73	0.02174	0.00825	0.01125	0.00862	0.01237	0.00712	0.00712	0.02362	0.01387	0.80282	0.01912	0.01649	0.01200	0.00600	0.00487	0.00150	0.00412	0.00487	0.00600	0.00825
74	0.01205	0.01041	0.01096	0.00986	0.01260	0.01205	0.00767	0.02575	0.79071	0.02027	0.01972	0.01808	0.01479	0.00657	0.00493	0.00164	0.00384	0.00548	0.00493	0.00767
75	0.00590	0.00422	0.00562	0.00675	0.00703	0.00394	0.00450	0.00675	0.00928	0.01237	0.02671	0.82653	0.03205	0.01518	0.00619	0.00197	0.00281	0.01378	0.00450	0.00394
76	0.01205	0.01041	0.01096	0.00986	0.01260	0.01205	0.00767	0.02575	0.79071	0.02027	0.01972	0.01808	0.01479	0.00657	0.00493	0.00164	0.00384	0.00548	0.00493	0.00767
77	0.01144	0.01307	0.02859	0.02042	0.02533	0.01225	0.78186	0.01552	0.01144	0.01552	0.00980	0.01307	0.00735	0.00408	0.00572	0.00163	0.00817	0.00572	0.00245	0.00654
78	0.00781	0.00558	0.00781	0.00892	0.01004	0.00558	0.00781	0.01004	0.01116	0.01450	0.02566	0.05466	0.02789	0.01339	0.00669	0.00223	0.00446	0.76685	0.00446	0.00446
79	0.00585	0.00444	0.00539	0.00614	0.00687	0.00399	0.00423	0.00682	0.00986	0.01261	0.03405	0.57086	0.28299	0.01423	0.00604	0.00186	0.00269	0.01261	0.00450	0.00399
80	0.01779	0.07239	0.01444	0.01223	0.01483	0.76207	0.00930	0.01906	0.01350	0.01183	0.00744	0.00868	0.00624	0.00494	0.00429	0.00124	0.00852	0.00309	0.00247	0.00565
81	0.00686	0.00495	0.00648	0.00610	0.00724	0.00457	0.00457	0.00914	0.01372	0.01943	0.79691	0.03620	0.04572	0.00991	0.00572	0.00152	0.00229	0.00876	0.00533	0.00457
82	0.00573	0.00491	0.00491	0.00491	0.00655	0.00409	0.00368	0.00695	0.01105	0.01309	0.04909	0.04664	0.79750	0.01227	0.00573	0.00164	0.00245	0.01023	0.00450	0.00409
83	0.00705	0.00470	0.00529	0.00529	0.00529	0.00470	0.00294	0.00705	0.00705	0.00940	0.01527	0.03171	0.01762	0.82969	0.02467	0.00470	0.00470	0.00705	0.00294	0.00294
84	0.03450	0.00926	0.01100	0.00919	0.01236	0.00951	0.00742	0.06960	0.32045	0.37884	0.03204	0.01885	0.01408	0.00661	0.00496	0.00159	0.00406	0.04262	0.00536	0.00771
85	0.00962	0.00909	0.01538	0.68789	0.15986	0.01089	0.01369	0.01279	0.00991	0.01295	0.00870	0.01277	0.00666	0.00476	0.00484	0.00159	0.00634	0.00431	0.00219	0.00576
86	0.00781	0.00558	0.00781	0.00892	0.01004	0.00558	0.00781	0.01004	0.01116	0.01450	0.02566	0.05466	0.02789	0.01339	0.00669	0.00223	0.00446	0.76685	0.00446	0.00446
87	0.00972	0.02507	0.80458	0.01381	0.02097	0.01125	0.01790	0.01535	0.01023	0.01535	0.00870	0.01023	0.00614	0.00460	0.00460	0.00153	0.00716	0.00358	0.00205	0.00716
88	0.01565	0.01721	0.01266	0.01135	0.01391	0.43856	0.00874	0.10387	0.22733	0.01632	0.01244	0.03153	0.01025	0.00615	0.00493	0.00145	0.02252	0.03521	0.00354	0.00638
89	0.01135	0.01371	0.07007	0.02007	0.02509	0.01220	0.74103	0.01551	0.01137	0.01551	0.00974	0.01292	0.00729	0.00411	0.00566	0.00163	0.00812	0.00560	0.00243	0.00657
90	0.01923	0.00836	0.03755	0.00842	0.01193	0.00690	0.00711	0.02126	0.01367	0.66636	0.11121	0.01926	0.03288	0.00655	0.00498	0.00151	0.00397	0.00541	0.00575	0.00769
91	0.00819	0.01115	0.24325	0.00927	0.01206	0.00712	0.02159	0.01101	0.02389	0.04057	0.03464	0.19746	0.05685	0.08202	0.18443	0.00330	0.00668	0.03805	0.00327	0.00520
92	0.00989	0.10592	0.64404	0.02799	0.03648	0.01165	0.01599	0.01475	0.01025	0.01479	0.01047	0.01248	0.03787	0.00505	0.00455	0.00150	0.00667	0.02058	0.00221	0.00686
93	0.01153	0.05810	0.25858	0.01092	0.02900	0.02426	0.02740	0.05162	0.13032	0.09975	0.12210	0.06481	0.01564	0.00672	0.00536	0.00156	0.03801	0.01796	0.00372	0.02265
94	0.01442	0.08595	0.18742	0.01090	0.01517	0.12122	0.04096	0.15938	0.03930	0.13197	0.01321	0.02827	0.04857	0.00559	0.00458	0.00139	0.00574	0.00438	0.00356	0.07801
95	0.01204	0.00847	0.04428	0.02277	0.01124	0.02237	0.02094	0.07598	0.07764	0.19294	0.23401	0.05116	0.10411	0.00901	0.03739	0.00175	0.00413	0.00662	0.00473	0.05844
96	0.01147	0.10254	0.03154	0.15555	0.12334	0.04935	0.13497	0.02825	0.07991	0.04457	0.01288	0.04527	0.05195	0.00560	0.00511	0.00146	0.03153	0.00497	0.00295	0.07678
97	0.02848	0.02371	0.02684	0.02450	0.08608	0.09980	0.04063	0.07444	0.11743	0.13004	0.05062	0.06876	0.05927	0.00666	0.00485	0.00144	0.00481	0.03034	0.00397	0.11732

[dist]
# distance from previous block
# <min> <max>
11	111

[block]
# block no. 6 follows, 52 sequences, length 28
# corresponding to MSA columns:
# 2711-2738
name=unknown_G
#
# <colnr> <probs for GDERKNQSTAVLIFYWHMCP>
#	G	D	E	R	K	N	Q	S	T	A	V	L	I	F	Y	W	H	M	C	P
0	0.04698	0.09804	0.16997	0.01181	0.06649	0.02978	0.04197	0.19515	0.06709	0.04386	0.05818	0.01398	0.03834	0.00554	0.00471	0.00140	0.01732	0.00441	0.00347	0.08150
1	0.08599	0.05096	0.11051	0.00980	0.03250	0.04997	0.03197	0.06125	0.15472	0.12152	0.10963	0.03088	0.08812	0.00666	0.00476	0.00149	0.00452	0.00544	0.00407	0.03524
2	0.02498	0.16458	0.30881	0.01083	0.01541	0.06694	0.01144	0.08625	0.05620	0.09245	0.02905	0.06078	0.01006	0.00680	0.03338	0.00167	0.00605	0.00445	0.00314	0.00674
3	0.03652	0.14040	0.16923	0.03258	0.03377	0.07573	0.00986	0.16994	0.04276	0.06478	0.02698	0.06402	0.03274	0.00593	0.00447	0.00140	0.00533	0.00463	0.02760	0.05132
4	0.05373	0.03656	0.16597	0.04836	0.08945	0.05035	0.00992	0.14754	0.02427	0.07133	0.11432	0.05570	0.07636	0.00668	0.00484	0.00149	0.00499	0.00549	0.00370	0.02895
5	0.01038	0.15571	0.14788	0.01053	0.03660	0.02089	0.05747	0.07168	0.04317	0.01557	0.07647	0.12563	0.02579	0.03410	0.00592	0.00162	0.03823	0.05115	0.01644	0.05475
6	0.03748	0.06826	0.27901	0.01076	0.01532	0.05148	0.01102	0.19643	0.09868	0.04834	0.01372	0.01408	0.06212	0.00566	0.00455	0.00144	0.00549	0.00436	0.03000	0.04181
7	0.04687	0.17882	0.03770	0.00898	0.01263	0.05115	0.00780	0.16456	0.02325	0.21340	0.01389	0.04038	0.03416	0.00590	0.00438	0.00133	0.00473	0.03234	0.00402	0.11370
8	0.01045	0.03503	0.33344	0.02981	0.07467	0.01139	0.19670	0.04903	0.01094	0.01562	0.05001	0.03596	0.00967	0.00671	0.03881	0.00185	0.07594	0.00485	0.00256	0.00655
9	0.04179	0.11156	0.17114	0.00966	0.01300	0.03672	0.05336	0.08974	0.05179	0.01660	0.12127	0.10948	0.10157	0.02466	0.00537	0.00161	0.00479	0.02645	0.00361	0.00583
10	0.00671	0.00503	0.00579	0.00577	0.00721	0.00446	0.00437	0.00821	0.01135	0.04293	0.18711	0.10440	0.48363	0.01320	0.05002	0.00200	0.00319	0.04566	0.00461	0.00435
11	0.01270	0.00627	0.00822	0.00698	0.00922	0.00554	0.00550	0.01471	0.01350	0.33225	0.40774	0.02940	0.11057	0.00859	0.00538	0.00153	0.00304	0.00736	0.00551	0.00599
12	0.02691	0.01078	0.03848	0.25394	0.26066	0.03377	0.01180	0.11035	0.01222	0.09101	0.01136	0.01358	0.02950	0.00628	0.03586	0.00172	0.00596	0.00443	0.00306	0.03833
13	0.16199	0.10901	0.19103	0.01182	0.03099	0.03711	0.10341	0.16944	0.02904	0.09721	0.01008	0.01093	0.00735	0.00490	0.00437	0.00146	0.00575	0.00388	0.00329	0.00694
14	0.00610	0.00491	0.00541	0.00547	0.00686	0.00427	0.00410	0.00752	0.01133	0.01420	0.18582	0.09098	0.54519	0.03716	0.00639	0.00176	0.00262	0.05114	0.00461	0.00416
15	0.00616	0.00452	0.00578	0.00633	0.00703	0.00414	0.00442	0.00747	0.01078	0.01451	0.25292	0.50065	0.13082	0.01329	0.00599	0.00180	0.00261	0.01188	0.00474	0.00414
16	0.01393	0.40412	0.21277	0.01051	0.01503	0.17345	0.01076	0.01645	0.01105	0.07943	0.00841	0.00931	0.00669	0.00458	0.00388	0.00124	0.00628	0.00313	0.00248	0.00650
17	0.08880	0.21861	0.27746	0.01145	0.03890	0.05556	0.03173	0.12216	0.02965	0.01701	0.02922	0.04073	0.00861	0.00522	0.00424	0.00140	0.00582	0.00397	0.00281	0.00665
18	0.00626	0.00491	0.00568	0.00565	0.00698	0.00433	0.00424	0.00791	0.01197	0.01556	0.33754	0.09499	0.42432	0.01159	0.00579	0.00164	0.00249	0.03904	0.00482	0.00428
19	0.00629	0.00479	0.00557	0.00564	0.00684	0.00425	0.00413	0.00786	0.01163	0.01539	0.30717	0.18205	0.36482	0.01171	0.00572	0.00164	0.00245	0.01013	0.03769	0.00425
20	0.01462	0.28679	0.12668	0.01167	0.05319	0.23006	0.01024	0.08042	0.06603	0.05151	0.00920	0.01006	0.00732	0.00491	0.00429	0.00130	0.01888	0.00343	0.00281	0.00661
21	0.03880	0.06284	0.04207	0.02554	0.01444	0.22132	0.00892	0.23173	0.09348	0.18339	0.01228	0.01217	0.00883	0.00556	0.00473	0.00142	0.01715	0.00408	0.00408	0.00717
22	0.01273	0.00642	0.00835	0.00711	0.00934	0.00577	0.00559	0.03557	0.01365	0.31798	0.38830	0.05351	0.09804	0.00868	0.00539	0.00154	0.00310	0.00744	0.00547	0.00601
23	0.03326	0.00562	0.02967	0.00615	0.00755	0.00491	0.00482	0.00852	0.01117	0.01531	0.27507	0.11061	0.28937	0.04348	0.07231	0.00225	0.00363	0.03696	0.03499	0.00436
24	0.01402	0.05432	0.08320	0.01069	0.01467	0.12756	0.08252	0.12318	0.05163	0.11391	0.02577	0.03196	0.00936	0.00511	0.00447	0.00126	0.00545	0.00419	0.00351	0.23320
25	0.03283	0.06065	0.32547	0.03224	0.01489	0.00929	0.04176	0.06479	0.01113	0.03104	0.02046	0.10883	0.19269	0.02611	0.00543	0.00165	0.00517	0.00642	0.00322	0.00592
26	0.01238	0.17712	0.08490	0.00782	0.01091	0.00903	0.00716	0.01500	0.03418	0.20871	0.23427	0.02084	0.05005	0.00676	0.00460	0.00137	0.00386	0.00552	0.07845	0.02706
27	0.01200	0.10983	0.27615	0.01046	0.01477	0.02386	0.02456	0.07289	0.05587	0.11586	0.01410	0.09681	0.02284	0.02425	0.00517	0.00157	0.00532	0.04740	0.00343	0.06286

[dist]
# distance from previous block
# <min> <max>
5	66

[block]
# block no. 7 follows, 52 sequences, length 7
# corresponding to MSA columns:
# 2806-2812
name=unknown_H
#
# <colnr> <probs for GDERKNQSTAVLIFYWHMCP>
#	G	D	E	R	K	N	Q	S	T	A	V	L	I	F	Y	W	H	M	C	P
0	0.05647	0.08126	0.07050	0.00831	0.01088	0.05972	0.02384	0.06564	0.01222	0.03925	0.23285	0.06593	0.13457	0.00808	0.00547	0.00149	0.04202	0.01825	0.00393	0.05931
1	0.05112	0.07236	0.01216	0.00847	0.01228	0.05287	0.02811	0.14119	0.01241	0.01777	0.01183	0.01370	0.05488	0.00498	0.00407	0.00106	0.00438	0.02882	0.00326	0.46428
2	0.01384	0.12173	0.06510	0.01045	0.01434	0.01249	0.06699	0.31528	0.07473	0.03859	0.04208	0.01513	0.04322	0.00579	0.00463	0.00137	0.00501	0.02619	0.00388	0.11916
3	0.06380	0.19897	0.17633	0.01308	0.01750	0.07392	0.18769	0.13053	0.01227	0.01667	0.00860	0.01032	0.00672	0.00484	0.00518	0.00145	0.05894	0.00392	0.00266	0.00662
4	0.01128	0.28338	0.31649	0.01114	0.01610	0.07283	0.05765	0.01461	0.01073	0.01420	0.07665	0.01174	0.00977	0.00484	0.00419	0.00129	0.00600	0.00375	0.00246	0.07090
5	0.01610	0.07918	0.08438	0.01213	0.01576	0.31046	0.05859	0.25478	0.08892	0.01892	0.01012	0.01084	0.00772	0.00524	0.00458	0.00138	0.00679	0.00389	0.00338	0.00686
6	0.08943	0.00926	0.05846	0.00954	0.01249	0.00836	0.09426	0.06880	0.08874	0.13194	0.13740	0.05931	0.08631	0.00779	0.00518	0.00161	0.00431	0.08225	0.00433	0.04025

[dist]
# distance from previous block
# <min> <max>
4	7

[block]
# block no. 8 follows, 52 sequences, length 34
# corresponding to MSA columns:
# 2850-2883
name=unknown_I
#
# <colnr> <probs for GDERKNQSTAVLIFYWHMCP>
#	G	D	E	R	K	N	Q	S	T	A	V	L	I	F	Y	W	H	M	C	P
0	0.07866	0.09631	0.01429	0.01107	0.01411	0.45641	0.00874	0.16172	0.02852	0.07326	0.00920	0.00985	0.00711	0.00513	0.00429	0.00131	0.00698	0.00344	0.00323	0.00637
1	0.01322	0.69021	0.10674	0.00890	0.01334	0.01750	0.00923	0.01523	0.01017	0.06661	0.00780	0.00864	0.00661	0.00432	0.00339	0.00112	0.00532	0.00285	0.00234	0.00646
2	0.01610	0.01602	0.01315	0.01125	0.01404	0.39353	0.05834	0.08717	0.11642	0.10790	0.06604	0.01377	0.01133	0.00571	0.00468	0.00139	0.00645	0.00437	0.04598	0.00636
3	0.01159	0.00814	0.01058	0.01114	0.10655	0.00828	0.00802	0.14661	0.06784	0.09953	0.15483	0.03190	0.06943	0.00908	0.00561	0.00173	0.00419	0.23423	0.00462	0.00611
4	0.00906	0.00644	0.00777	0.00704	0.00877	0.00638	0.00544	0.06222	0.11820	0.06348	0.51025	0.03251	0.10386	0.00928	0.00553	0.00156	0.00287	0.02874	0.00519	0.00539
5	0.01197	0.00921	0.01064	0.08533	0.01377	0.01034	0.00772	0.02178	0.52855	0.09859	0.07799	0.07124	0.01719	0.00716	0.00506	0.00164	0.00393	0.00609	0.00478	0.00704
6	0.01934	0.00875	0.01128	0.00861	0.01243	0.00773	0.00707	0.07649	0.03708	0.59775	0.01691	0.01516	0.01104	0.00562	0.00467	0.00138	0.00412	0.00453	0.00538	0.14467
7	0.01227	0.01173	0.02006	0.02815	0.70488	0.01174	0.06976	0.05303	0.01165	0.01654	0.00929	0.01205	0.00768	0.00438	0.00487	0.00145	0.00591	0.00442	0.00252	0.00762
8	0.00705	0.00470	0.00529	0.00529	0.00529	0.00470	0.00294	0.00705	0.00705	0.00940	0.01527	0.03171	0.01762	0.82969	0.02467	0.00470	0.00470	0.00705	0.00294	0.00294
9	0.03586	0.01108	0.01107	0.00993	0.01269	0.05167	0.00772	0.04223	0.71338	0.02013	0.01858	0.01719	0.01396	0.00642	0.00485	0.00162	0.00411	0.00526	0.00476	0.00752
10	0.01060	0.01060	0.01484	0.01272	0.01272	0.01484	0.01060	0.01166	0.00742	0.01166	0.00636	0.01060	0.00636	0.00848	0.01590	0.00212	0.82082	0.00424	0.00212	0.00530
