[name]
unknown

[dist]
# distance from previous block
# <min> <max>
0	20

[block]
# block no. 0 follows, 54 sequences, length 14
# corresponding to MSA columns:
# 20-33
name=unknown_A
#
# <colnr> <probs for GDERKNQSTAVLIFYWHMCP>
#	G	D	E	R	K	N	Q	S	T	A	V	L	I	F	Y	W	H	M	C	P
0	0.01247	0.01107	0.06323	0.06419	0.39813	0.01039	0.04106	0.04983	0.01118	0.11693	0.01051	0.01333	0.00839	0.00503	0.00542	0.00144	0.06284	0.02983	0.00295	0.08180
1	0.01271	0.52624	0.21660	0.00972	0.01433	0.07611	0.01038	0.01520	0.01019	0.05930	0.00779	0.00873	0.00637	0.00431	0.00358	0.00117	0.00572	0.00293	0.00227	0.00635
2	0.06798	0.02135	0.01301	0.01175	0.01425	0.73931	0.00887	0.04583	0.01336	0.01275	0.00739	0.00855	0.00609	0.00486	0.00419	0.00124	0.00810	0.00305	0.00254	0.00554
3	0.01028	0.01100	0.04834	0.06382	0.01781	0.04956	0.33969	0.06429	0.05271	0.01592	0.11265	0.02041	0.13804	0.00638	0.00556	0.00155	0.02670	0.00619	0.00328	0.00579
4	0.01239	0.78016	0.07974	0.00844	0.01268	0.01812	0.00872	0.01418	0.00961	0.01136	0.00669	0.00773	0.00605	0.00407	0.00313	0.00104	0.00518	0.00259	0.00202	0.00612
5	0.00714	0.00596	0.00701	0.00688	0.00793	0.05771	0.02682	0.00882	0.01168	0.01565	0.42298	0.30032	0.08112	0.01102	0.00563	0.00162	0.00298	0.00980	0.00461	0.00433
6	0.01460	0.01218	0.24509	0.00923	0.01339	0.00755	0.00941	0.01745	0.01211	0.41120	0.08750	0.01941	0.10681	0.00649	0.00483	0.00149	0.00453	0.00532	0.00447	0.00692
7	0.01005	0.00570	0.00584	0.00538	0.00687	0.00593	0.00415	0.11131	0.03549	0.01920	0.01498	0.01678	0.01163	0.00554	0.00352	0.00115	0.00263	0.00440	0.72448	0.00495
8	0.00682	0.00471	0.00585	0.00585	0.00609	0.00495	0.00373	0.00731	0.00706	0.00966	0.01421	0.02730	0.01560	0.60378	0.25240	0.00544	0.00690	0.00634	0.00276	0.00325
9	0.00615	0.00431	0.00551	0.00620	0.00642	0.00419	0.00401	0.00678	0.00827	0.01108	0.02170	0.53243	0.02560	0.26739	0.06473	0.00310	0.00395	0.01085	0.00379	0.00356
10	0.00674	0.00477	0.00617	0.00588	0.00695	0.00442	0.00439	0.00891	0.01298	0.01854	0.72701	0.06922	0.04220	0.00965	0.00546	0.00148	0.00225	0.00852	0.05006	0.00442
11	0.01162	0.01029	0.01029	0.00935	0.01182	0.06095	0.00726	0.02292	0.65769	0.01894	0.05717	0.01888	0.01563	0.00661	0.00479	0.00157	0.00391	0.02657	0.03674	0.00699
12	0.01167	0.01120	0.01914	0.02894	0.80488	0.01120	0.01447	0.01447	0.01074	0.01540	0.00887	0.01167	0.00747	0.00420	0.00467	0.00140	0.00560	0.00420	0.00233	0.00747
13	0.00974	0.00950	0.01325	0.01154	0.01163	0.01301	0.00950	0.01083	0.00774	0.01187	0.05726	0.07413	0.01047	0.00883	0.01414	0.00202	0.71199	0.00510	0.00243	0.00501

[dist]
# distance from previous block
# <min> <max>
1	2

[block]
# block no. 1 follows, 54 sequences, length 17
# corresponding to MSA columns:
# 36-52
name=unknown_B
#
# <colnr> <probs for GDERKNQSTAVLIFYWHMCP>
#	G	D	E	R	K	N	Q	S	T	A	V	L	I	F	Y	W	H	M	C	P
0	0.00806	0.00410	0.00611	0.00617	0.00618	0.00408	0.00411	0.00617	0.00630	0.00840	0.00915	0.05825	0.00943	0.01629	0.01776	0.81653	0.00402	0.00460	0.00217	0.00214
1	0.01143	0.01096	0.01871	0.09758	0.73811	0.01114	0.01435	0.01426	0.01062	0.01511	0.00883	0.01175	0.00737	0.00425	0.00467	0.00142	0.00566	0.00420	0.00231	0.00728
2	0.86760	0.00912	0.00693	0.00620	0.00912	0.01058	0.00511	0.01386	0.00802	0.02115	0.00657	0.00766	0.00511	0.00438	0.00292	0.00146	0.00365	0.00255	0.00292	0.00511
3	0.01119	0.01072	0.01828	0.16542	0.67212	0.01108	0.01423	0.01405	0.01051	0.01483	0.00879	0.01182	0.00727	0.00429	0.00468	0.00143	0.00572	0.00420	0.00229	0.00709
4	0.00674	0.00505	0.00758	0.00758	0.00842	0.00589	0.00589	0.00842	0.00758	0.01095	0.01263	0.01852	0.01179	0.03536	0.81561	0.00758	0.01263	0.00505	0.00253	0.00421
5	0.01168	0.01139	0.01856	0.08724	0.71946	0.03977	0.01418	0.01445	0.01073	0.01502	0.00878	0.01162	0.00733	0.00426	0.00466	0.00141	0.00576	0.00416	0.00232	0.00723
6	0.00890	0.00838	0.01414	0.82296	0.03247	0.01048	0.01309	0.01205	0.00943	0.01205	0.00838	0.01257	0.00629	0.00471	0.00471	0.00157	0.00629	0.00419	0.00210	0.00524
7	0.00575	0.00478	0.00503	0.00496	0.00648	0.00406	0.00372	0.00711	0.01117	0.01374	0.17066	0.04372	0.67945	0.01157	0.00557	0.00157	0.00236	0.00972	0.00451	0.00406
8	0.00650	0.00442	0.00525	0.00561	0.00569	0.00433	0.00335	0.00676	0.00756	0.01008	0.01848	0.29109	0.02171	0.56783	0.01815	0.00371	0.00397	0.00899	0.00335	0.00317
9	0.01869	0.01272	0.01393	0.01082	0.01456	0.01368	0.00884	0.64613	0.04746	0.14203	0.01319	0.01301	0.00930	0.00609	0.00497	0.00153	0.00516	0.00454	0.00506	0.00828
10	0.00643	0.00516	0.00552	0.00553	0.00691	0.00443	0.00401	0.00751	0.01114	0.01393	0.15175	0.10726	0.58686	0.05333	0.00677	0.00186	0.00272	0.01001	0.00460	0.00429
11	0.86044	0.00952	0.00736	0.00661	0.00956	0.01088	0.00537	0.01425	0.00841	0.02163	0.00716	0.00848	0.00567	0.00476	0.00318	0.00157	0.00385	0.00276	0.00311	0.00541
12	0.01477	0.01252	0.01294	0.01180	0.06376	0.07256	0.00876	0.27626	0.42649	0.02263	0.01554	0.01521	0.01172	0.00627	0.00497	0.00160	0.00489	0.00491	0.00462	0.00778
13	0.01093	0.00889	0.01186	0.02786	0.08134	0.04905	0.05715	0.01397	0.09055	0.07536	0.10220	0.06602	0.01970	0.00918	0.00705	0.00188	0.11133	0.23092	0.01894	0.00581
14	0.80690	0.00945	0.00761	0.00675	0.00974	0.01065	0.00548	0.01483	0.00876	0.07141	0.00793	0.00901	0.00609	0.00486	0.00330	0.00157	0.00387	0.00289	0.00330	0.00559
15	0.00629	0.00522	0.00536	0.00530	0.00690	0.00439	0.00394	0.00742	0.01134	0.01385	0.11644	0.04494	0.72754	0.01205	0.00581	0.00169	0.00259	0.00996	0.00463	0.00434
16	0.01469	0.01148	0.01224	0.01036	0.01346	0.01283	0.00819	0.28197	0.50314	0.05018	0.01701	0.01617	0.01264	0.00650	0.00502	0.00164	0.00443	0.00512	0.00498	0.00795

[dist]
# distance from previous block
# <min> <max>
0	2

[block]
# block no. 2 follows, 54 sequences, length 22
# corresponding to MSA columns:
# 55-76
name=unknown_C
#
# <colnr> <probs for GDERKNQSTAVLIFYWHMCP>
#	G	D	E	R	K	N	Q	S	T	A	V	L	I	F	Y	W	H	M	C	P
0	0.01704	0.11016	0.01502	0.01206	0.01453	0.66635	0.00930	0.01812	0.01284	0.01201	0.00769	0.00930	0.00661	0.00537	0.00514	0.00135	0.06551	0.00324	0.00255	0.00579
1	0.01088	0.00975	0.01041	0.00773	0.01181	0.06327	0.00608	0.01275	0.01038	0.01560	0.00886	0.01045	0.00744	0.00396	0.00379	0.00084	0.00404	0.00300	0.00295	0.79600
2	0.07772	0.36229	0.04246	0.01036	0.01392	0.16315	0.06305	0.10192	0.05838	0.01549	0.00988	0.03288	0.01870	0.00531	0.00412	0.00135	0.00586	0.00381	0.00294	0.00642
3	0.01395	0.01255	0.01414	0.11701	0.17220	0.10807	0.01024	0.19495	0.24998	0.01963	0.01296	0.01397	0.00997	0.00573	0.00488	0.00156	0.00549	0.00459	0.02085	0.00728
4	0.00650	0.00463	0.00589	0.00675	0.00709	0.00434	0.00445	0.00710	0.00910	0.01217	0.02508	0.67716	0.04818	0.12334	0.03161	0.00251	0.00345	0.01232	0.00430	0.00402
5	0.01132	0.22542	0.57250	0.01221	0.01829	0.01297	0.01477	0.01546	0.01037	0.05044	0.00900	0.01040	0.00678	0.00480	0.00437	0.00147	0.00652	0.00349	0.00237	0.00706
6	0.00696	0.00511	0.00638	0.00628	0.00736	0.00463	0.00458	0.00866	0.01263	0.01747	0.57271	0.16781	0.13890	0.01110	0.00587	0.00167	0.00253	0.00965	0.00512	0.00458
7	0.01226	0.01050	0.01104	0.00996	0.01265	0.01201	0.00769	0.02533	0.78998	0.02019	0.01965	0.01829	0.01485	0.00675	0.00503	0.00170	0.00392	0.00550	0.00497	0.00773
8	0.01761	0.02247	0.01336	0.01215	0.01458	0.81537	0.00911	0.01883	0.01336	0.01154	0.00729	0.00850	0.00607	0.00486	0.00425	0.00121	0.00850	0.00304	0.00243	0.00547
9	0.01013	0.00971	0.01663	0.46276	0.31412	0.01086	0.05652	0.01350	0.03411	0.01368	0.00895	0.01240	0.00702	0.00454	0.00475	0.00151	0.00605	0.00431	0.00228	0.00618
10	0.00810	0.00415	0.00623	0.00623	0.00628	0.00420	0.00420	0.00628	0.00623	0.00835	0.00845	0.01458	0.00840	0.01750	0.06533	0.81250	0.00460	0.00415	0.00208	0.00217
11	0.01124	0.01096	0.15811	0.00921	0.01244	0.00837	0.03150	0.13840	0.06919	0.09921	0.06186	0.18486	0.01575	0.02989	0.00536	0.00155	0.00435	0.00636	0.04275	0.09864
12	0.00674	0.00505	0.00758	0.00758	0.00842	0.00589	0.00589	0.00842	0.00758	0.01095	0.01263	0.01852	0.01179	0.03536	0.81561	0.00758	0.01263	0.00505	0.00253	0.00421
13	0.06791	0.01358	0.01287	0.01036	0.01366	0.17106	0.02347	0.41963	0.02976	0.13154	0.01169	0.02376	0.00853	0.00556	0.00451	0.00139	0.00548	0.00416	0.03395	0.00711
14	0.01229	0.72961	0.08191	0.00915	0.01344	0.01770	0.05462	0.01424	0.00970	0.01161	0.00687	0.00804	0.00611	0.00406	0.00328	0.00108	0.00535	0.00277	0.00204	0.00614
15	0.00635	0.00472	0.00538	0.00527	0.00618	0.00433	0.00362	0.00748	0.01029	0.01352	0.27788	0.03733	0.30083	0.28319	0.01166	0.00254	0.00306	0.00847	0.00413	0.00376
16	0.00716	0.00522	0.00601	0.00568	0.00720	0.00471	0.00432	0.03368	0.01195	0.05133	0.30133	0.03862	0.42586	0.03517	0.02380	0.00177	0.00282	0.02428	0.00465	0.00443
17	0.07666	0.01274	0.01304	0.01082	0.03793	0.07181	0.00852	0.49661	0.11960	0.08642	0.01220	0.01205	0.00876	0.00558	0.00457	0.00143	0.00506	0.00422	0.00445	0.00754
18	0.00803	0.00510	0.00626	0.00598	0.00744	0.00451	0.00447	0.00962	0.01176	0.11833	0.31748	0.17483	0.28679	0.01079	0.00554	0.00159	0.00260	0.00935	0.00487	0.00465
19	0.01377	0.01035	0.01750	0.07232	0.13906	0.02427	0.25380	0.05722	0.05286	0.22346	0.01357	0.07731	0.01060	0.00562	0.00508	0.00154	0.00568	0.00553	0.00366	0.00682
20	0.01022	0.00807	0.00979	0.07055	0.01232	0.00697	0.00625	0.07694	0.01135	0.04304	0.11203	0.03900	0.01289	0.00504	0.00407	0.00100	0.00364	0.00420	0.02835	0.53428
21	0.03730	0.05892	0.01107	0.03509	0.01202	0.10893	0.01815	0.12202	0.17570	0.08374	0.06546	0.06168	0.13395	0.00728	0.00478	0.00147	0.00442	0.02157	0.00411	0.03235

[dist]
# distance from previous block
# <min> <max>
2	7

[block]
# block no. 3 follows, 54 sequences, length 11
# corresponding to MSA columns:
# 84-94
name=unknown_D
#
# <colnr> <probs for GDERKNQSTAVLIFYWHMCP>
#	G	D	E	R	K	N	Q	S	T	A	V	L	I	F	Y	W	H	M	C	P
0	0.10176	0.07969	0.01193	0.00873	0.01201	0.11683	0.00708	0.14304	0.06923	0.17541	0.03419	0.04658	0.01030	0.00548	0.00420	0.00128	0.00463	0.00419	0.00389	0.15955
1	0.16423	0.01320	0.01176	0.01048	0.01208	0.24932	0.00833	0.01525	0.09624	0.01403	0.00859	0.01085	0.00737	0.00878	0.08031	0.00215	0.27520	0.00374	0.00267	0.00541
2	0.10393	0.09897	0.48067	0.05478	0.09054	0.01172	0.06691	0.01456	0.00983	0.01515	0.00817	0.00995	0.00612	0.00438	0.00427	0.00144	0.00633	0.00353	0.00216	0.00659
3	0.00679	0.00457	0.00526	0.00531	0.00536	0.00459	0.00306	0.00690	0.00700	0.00937	0.01535	0.07201	0.01766	0.75964	0.05477	0.00455	0.00480	0.00713	0.00292	0.00296
4	0.01086	0.00914	0.01278	0.03138	0.01365	0.00956	0.15077	0.11958	0.25577	0.04290	0.09704	0.12174	0.08857	0.00766	0.00522	0.00160	0.00438	0.00693	0.00425	0.00622
5	0.00579	0.00444	0.00514	0.00564	0.00645	0.00397	0.00387	0.00668	0.00953	0.01202	0.03413	0.40694	0.36093	0.10261	0.00778	0.00207	0.00279	0.01121	0.00421	0.00379
6	0.01280	0.01000	0.01069	0.00932	0.01184	0.04165	0.00734	0.16320	0.39167	0.08152	0.07555	0.07356	0.03337	0.00728	0.00528	0.00158	0.02963	0.02219	0.00467	0.00685
7	0.03571	0.00529	0.00670	0.00696	0.00818	0.00505	0.00556	0.00953	0.01096	0.06084	0.19047	0.11076	0.14673	0.07414	0.00724	0.00203	0.00343	0.30156	0.00446	0.00439
8	0.01042	0.00993	0.01689	0.38633	0.45722	0.01088	0.01385	0.01338	0.01015	0.01389	0.00865	0.01208	0.00694	0.00443	0.00469	0.00148	0.00591	0.00420	0.00223	0.00646
9	0.01177	0.10156	0.01975	0.02666	0.71815	0.01202	0.01377	0.01443	0.01061	0.01493	0.00862	0.01122	0.00731	0.00418	0.00449	0.00136	0.00554	0.00402	0.00230	0.00731
10	0.06932	0.39243	0.31097	0.01220	0.10168	0.01447	0.01200	0.01444	0.00974	0.01366	0.00751	0.00890	0.00611	0.00424	0.00373	0.00126	0.00572	0.00306	0.00210	0.00648

[dist]
# distance from previous block
# <min> <max>
0	2

[block]
# block no. 4 follows, 54 sequences, length 28
# corresponding to MSA columns:
# 106-133
name=unknown_E
#
# <colnr> <probs for GDERKNQSTAVLIFYWHMCP>
#	G	D	E	R	K	N	Q	S	T	A	V	L	I	F	Y	W	H	M	C	P
0	0.05734	0.00970	0.01504	0.36654	0.34064	0.03541	0.01235	0.01317	0.01018	0.01438	0.04115	0.01293	0.00848	0.00472	0.00456	0.00146	0.00561	0.00425	0.03600	0.00607
1	0.01201	0.01122	0.01853	0.06454	0.70927	0.01143	0.01399	0.07283	0.01154	0.01633	0.00903	0.01169	0.00746	0.00434	0.00467	0.00141	0.00560	0.00420	0.00250	0.00741
2	0.00854	0.00725	0.00775	0.00761	0.02741	0.05857	0.00554	0.06143	0.11824	0.01668	0.28665	0.16612	0.17399	0.01030	0.02086	0.00169	0.00342	0.00839	0.00452	0.00503
3	0.01226	0.63699	0.17628	0.00932	0.01384	0.05886	0.00993	0.01452	0.00985	0.01186	0.00696	0.00808	0.00604	0.00416	0.00337	0.00111	0.00560	0.00273	0.00203	0.00620
4	0.01460	0.01256	0.01350	0.01308	0.12546	0.08351	0.00922	0.31736	0.30523	0.02211	0.01344	0.01342	0.01009	0.00570	0.00487	0.00147	0.01819	0.00453	0.00417	0.00747
5	0.00704	0.00518	0.00681	0.00758	0.00870	0.00499	0.00637	0.00889	0.01072	0.01378	0.06122	0.09017	0.17981	0.03839	0.00681	0.00209	0.00380	0.52911	0.00434	0.00420
6	0.01006	0.00937	0.01485	0.18378	0.43325	0.00981	0.01164	0.01363	0.08012	0.01494	0.05550	0.01798	0.11338	0.00579	0.00485	0.00148	0.00498	0.00527	0.00292	0.00641
7	0.00665	0.00448	0.00520	0.00541	0.00546	0.00443	0.00314	0.00680	0.00726	0.00968	0.01693	0.17993	0.01976	0.68165	0.02065	0.00408	0.00423	0.00808	0.00314	0.00304
8	0.01792	0.01321	0.01415	0.01085	0.01462	0.01462	0.00896	0.78916	0.02217	0.02972	0.01132	0.01132	0.00802	0.00566	0.00472	0.00142	0.00519	0.00425	0.00472	0.00802
9	0.01515	0.01166	0.01241	0.01011	0.01334	0.01309	0.00816	0.46075	0.32355	0.02534	0.01455	0.01401	0.01066	0.00594	0.00469	0.00147	0.00450	0.00467	0.03827	0.00766
10	0.00961	0.11331	0.66178	0.01222	0.01833	0.01133	0.01528	0.01423	0.00968	0.01407	0.00873	0.01127	0.00682	0.06706	0.00579	0.00167	0.00657	0.00363	0.00206	0.00656
11	0.00918	0.00872	0.01161	0.01035	0.01082	0.04858	0.02560	0.01038	0.00777	0.01120	0.00979	0.05626	0.00987	0.07682	0.24035	0.00374	0.43680	0.00505	0.00240	0.00469
12	0.00918	0.00866	0.01464	0.74455	0.10875	0.01055	0.01323	0.01229	0.00956	0.01238	0.00843	0.01248	0.00640	0.00466	0.00471	0.00155	0.00622	0.00419	0.00212	0.00546
13	0.01523	0.01181	0.01102	0.00939	0.01203	0.17908	0.00736	0.18435	0.12958	0.17675	0.03930	0.08396	0.01268	0.00655	0.00484	0.00143	0.01975	0.00516	0.07259	0.01714
14	0.01057	0.27398	0.18097	0.01105	0.01440	0.04732	0.08366	0.01298	0.00935	0.01240	0.00941	0.08453	0.00887	0.00821	0.06685	0.00193	0.15097	0.00449	0.00232	0.00575
15	0.00578	0.00436	0.00536	0.00601	0.00673	0.00393	0.00416	0.00684	0.00991	0.01288	0.10557	0.53822	0.24614	0.01350	0.00585	0.00178	0.00259	0.01199	0.00445	0.00393
16	0.00589	0.00428	0.00545	0.00633	0.00678	0.00397	0.00430	0.00675	0.00915	0.01199	0.02773	0.64268	0.12313	0.07621	0.00734	0.00209	0.00290	0.04497	0.00426	0.00380
17	0.01220	0.01016	0.01071	0.00948	0.01218	0.01167	0.00742	0.09945	0.68371	0.02061	0.01824	0.01697	0.01366	0.00628	0.00472	0.00156	0.00380	0.00518	0.04463	0.00737
18	0.01189	0.12488	0.39739	0.01152	0.01662	0.01208	0.03683	0.15941	0.05280	0.05108	0.04235	0.01198	0.00886	0.00614	0.03453	0.00165	0.00614	0.00398	0.00297	0.00689
19	0.01715	0.00733	0.00963	0.00783	0.01082	0.00651	0.00629	0.01942	0.05375	0.58511	0.04469	0.09750	0.09757	0.00747	0.00498	0.00152	0.00365	0.00625	0.00547	0.00707
20	0.00721	0.00513	0.00640	0.00685	0.00745	0.00512	0.00474	0.07901	0.00988	0.01320	0.02202	0.53652	0.02552	0.16639	0.03928	0.00258	0.00375	0.05080	0.00406	0.00408
21	0.01119	0.04433	0.01822	0.11518	0.64593	0.01113	0.01370	0.01395	0.01055	0.01479	0.00955	0.01373	0.00829	0.00470	0.00470	0.00144	0.00559	0.04362	0.00240	0.00700
22	0.00671	0.00479	0.00647	0.00655	0.00703	0.00522	0.00460	0.00767	0.00741	0.01033	0.01450	0.08466	0.01533	0.34440	0.44676	0.00598	0.00875	0.00638	0.00279	0.00366
23	0.00935	0.00822	0.01314	0.41990	0.09266	0.00968	0.04109	0.05146	0.00985	0.01356	0.01001	0.02468	0.00824	0.01042	0.14674	0.00259	0.05136	0.00453	0.06715	0.00536
24	0.01290	0.01373	0.04444	0.03852	0.18120	0.18528	0.01092	0.08182	0.01094	0.02569	0.00785	0.01041	0.00670	0.00598	0.00850	0.00159	0.30749	0.00385	0.00251	0.03968
25	0.01065	0.04672	0.17303	0.01266	0.04479	0.03521	0.17953	0.12090	0.01166	0.02653	0.01340	0.19710	0.01285	0.02064	0.03872	0.00187	0.02617	0.00642	0.01518	0.00597
26	0.00676	0.00459	0.00514	0.00513	0.00528	0.00452	0.00295	0.00690	0.00731	0.00965	0.03676	0.03206	0.07713	0.75189	0.02215	0.00427	0.00435	0.00713	0.00303	0.00298
27	0.01618	0.02845	0.05499	0.00839	0.01177	0.00774	0.00716	0.08443	0.04511	0.45115	0.04253	0.08741	0.05477	0.00676	0.00477	0.00144	0.00400	0.00559	0.00494	0.07242

[dist]
# distance from previous block
# <min> <max>
5	9

[block]
# block no. 5 follows, 54 sequences, length 32
# corresponding to MSA columns:
# 146-177
name=unknown_F
#
# <colnr> <probs for GDERKNQSTAVLIFYWHMCP>
#	G	D	E	R	K	N	Q	S	T	A	V	L	I	F	Y	W	H	M	C	P
0	0.00748	0.00696	0.03221	0.00954	0.01102	0.01800	0.16050	0.00920	0.00945	0.01279	0.07064	0.38211	0.02220	0.09772	0.09603	0.00270	0.01899	0.02449	0.00355	0.00446
1	0.00986	0.00938	0.01408	0.59515	0.12958	0.05317	0.01228	0.01329	0.04774	0.01311	0.00927	0.01274	0.00712	0.00478	0.00461	0.00151	0.00598	0.00420	0.04656	0.00560
2	0.00686	0.00491	0.00688	0.00688	0.00755	0.00553	0.00509	0.00819	0.00753	0.01086	0.01326	0.02123	0.01300	0.21247	0.59958	0.00659	0.01033	0.00542	0.04392	0.00392
3	0.01229	0.03735	0.19706	0.01401	0.01819	0.12112	0.23543	0.10924	0.01189	0.01583	0.00863	0.01069	0.00669	0.00489	0.00600	0.00146	0.10571	0.00411	0.00257	0.07683
4	0.04968	0.00790	0.01050	0.00818	0.01162	0.00699	0.00672	0.02181	0.02769	0.71632	0.06764	0.01699	0.01356	0.00604	0.00473	0.00146	0.00388	0.00491	0.00567	0.00769
5	0.00724	0.00569	0.00852	0.04890	0.05965	0.00648	0.00664	0.00884	0.00803	0.01135	0.01368	0.09259	0.01364	0.08935	0.53682	0.00578	0.04108	0.02864	0.00272	0.00437
6	0.01167	0.01120	0.01914	0.02894	0.80488	0.01120	0.01447	0.01447	0.01074	0.01540	0.00887	0.01167	0.00747	0.00420	0.00467	0.00140	0.00560	0.00420	0.00233	0.00747
7	0.00898	0.00835	0.01174	0.01052	0.01076	0.01118	0.00854	0.01015	0.00755	0.01145	0.01004	0.10688	0.01039	0.01487	0.18884	0.00323	0.53912	0.00540	0.01721	0.00478
8	0.01032	0.01032	0.01444	0.01238	0.01238	0.01444	0.01032	0.01135	0.00722	0.01135	0.00619	0.01032	0.00619	0.00825	0.01547	0.00206	0.82567	0.00413	0.00206	0.00516
9	0.00819	0.00410	0.00614	0.00614	0.00614	0.00410	0.00410	0.00614	0.00614	0.00819	0.00819	0.01433	0.00819	0.01638	0.01843	0.86282	0.00410	0.00410	0.00205	0.00205
10	0.01792	0.01321	0.01415	0.01085	0.01462	0.01462	0.00896	0.78916	0.02217	0.02972	0.01132	0.01132	0.00802	0.00566	0.00472	0.00142	0.00519	0.00425	0.00472	0.00802
11	0.42892	0.40541	0.04352	0.00735	0.01094	0.01445	0.00695	0.01402	0.00884	0.01613	0.00663	0.00769	0.00559	0.00422	0.00302	0.00124	0.00443	0.00257	0.00245	0.00562
12	0.00987	0.00831	0.00900	0.00830	0.01049	0.00919	0.00645	0.01920	0.52425	0.01836	0.14959	0.02597	0.12839	0.00800	0.00511	0.00161	0.00333	0.04346	0.00478	0.00635
13	0.03344	0.00916	0.01411	0.54035	0.07701	0.01084	0.03479	0.10704	0.04507	0.01501	0.00949	0.01283	0.00726	0.00677	0.05585	0.00192	0.00638	0.00430	0.00260	0.00578
14	0.00578	0.00412	0.00546	0.00652	0.00678	0.00385	0.00433	0.00657	0.00896	0.01194	0.02563	0.80538	0.03073	0.04123	0.00660	0.00200	0.00279	0.01319	0.00433	0.00380
15	0.00978	0.00838	0.00978	0.00698	0.01117	0.00629	0.00559	0.01187	0.00978	0.01536	0.00838	0.00978	0.00698	0.00349	0.00349	0.00070	0.00349	0.00279	0.00279	0.86312
16	0.00853	0.00588	0.00711	0.00650	0.00815	0.00567	0.00497	0.01218	0.12852	0.08817	0.49256	0.03259	0.16232	0.00920	0.00538	0.00152	0.00263	0.00795	0.00506	0.00513
17	0.00717	0.00551	0.00721	0.00701	0.00826	0.00536	0.02618	0.01025	0.09222	0.01674	0.43002	0.17823	0.08664	0.01058	0.00567	0.00165	0.00286	0.08900	0.00479	0.00466
18	0.00574	0.00414	0.00543	0.00647	0.00681	0.00384	0.00433	0.00658	0.00912	0.01207	0.02715	0.78938	0.07228	0.01462	0.00599	0.00190	0.00272	0.01322	0.00438	0.00384
19	0.01065	0.10480	0.65865	0.01264	0.01895	0.05440	0.01565	0.01536	0.01023	0.04457	0.00859	0.00987	0.00620	0.00451	0.00433	0.00143	0.00675	0.00341	0.00216	0.00684
20	0.00645	0.00481	0.00600	0.00570	0.00691	0.00436	0.00428	0.00847	0.01283	0.01767	0.65150	0.03725	0.19615	0.01010	0.00556	0.00150	0.00226	0.00881	0.00503	0.00436
21	0.16077	0.00998	0.01024	0.00952	0.03294	0.01151	0.00724	0.02282	0.63804	0.01986	0.01672	0.01570	0.01259	0.00599	0.00447	0.00157	0.00377	0.00482	0.00440	0.00705
22	0.01070	0.00835	0.00990	0.00728	0.01120	0.00665	0.00584	0.04505	0.01041	0.06944	0.00946	0.01082	0.00765	0.00575	0.05487	0.00121	0.00417	0.00313	0.00306	0.71504
23	0.02421	0.00588	0.00724	0.00677	0.00811	0.00637	0.00526	0.03157	0.05938	0.07196	0.06933	0.02011	0.05603	0.03770	0.26776	0.00346	0.04564	0.00528	0.26308	0.00487
24	0.01792	0.01274	0.01380	0.01063	0.01436	0.01398	0.00877	0.70817	0.05002	0.08311	0.01211	0.01188	0.00851	0.00570	0.00472	0.00142	0.00505	0.00432	0.00480	0.00800
25	0.00577	0.00420	0.00545	0.00637	0.00681	0.00387	0.00431	0.00669	0.00939	0.01242	0.06422	0.72230	0.10228	0.01427	0.00596	0.00187	0.00268	0.01286	0.00441	0.00387
26	0.01308	0.64189	0.09465	0.00908	0.01323	0.08535	0.00907	0.06349	0.01073	0.01266	0.00709	0.00810	0.00617	0.00425	0.00337	0.00110	0.00552	0.00276	0.00222	0.00621
27	0.01113	0.01272	0.02782	0.01987	0.02464	0.01192	0.78776	0.01510	0.01113	0.01510	0.00954	0.01272	0.00715	0.00397	0.00556	0.00159	0.00795	0.00556	0.00238	0.00636
28	0.00574	0.00410	0.00547	0.00657	0.00684	0.00383	0.00438	0.00657	0.00903	0.01204	0.02599	0.83122	0.03119	0.01477	0.00602	0.00191	0.00274	0.01340	0.00438	0.00383
29	0.01261	0.83713	0.02471	0.00807	0.01210	0.01866	0.00807	0.01412	0.00958	0.01109	0.00656	0.00756	0.00605	0.00403	0.00303	0.00101	0.00504	0.00252	0.00202	0.00605
30	0.00988	0.00824	0.00943	0.00731	0.01087	0.00698	0.00575	0.01380	0.14624	0.03157	0.01379	0.05307	0.05975	0.00512	0.00400	0.00098	0.00344	0.00423	0.00338	0.60217
31	0.01706	0.00943	0.01119	0.00914	0.01241	0.00969	0.00737	0.10889	0.32502	0.40893	0.01803	0.01614	0.01235	0.00604	0.00476	0.00151	0.00403	0.00492	0.00530	0.00780

[dist]
# distance from previous block
# <min> <max>
0	1

[block]
# block no. 6 follows, 54 sequences, length 16
# corresponding to MSA columns:
# 179-194
name=unknown_G
#
# <colnr> <probs for GDERKNQSTAVLIFYWHMCP>
#	G	D	E	R	K	N	Q	S	T	A	V	L	I	F	Y	W	H	M	C	P
0	0.13179	0.01741	0.01285	0.01187	0.04345	0.48782	0.00891	0.04180	0.01177	0.03680	0.00752	0.00913	0.00624	0.00541	0.00605	0.00141	0.14827	0.00329	0.00260	0.00560
1	0.01042	0.03356	0.08525	0.01275	0.08443	0.01072	0.09156	0.04804	0.21232	0.01605	0.03632	0.04691	0.02625	0.00750	0.00672	0.00172	0.12570	0.13411	0.00350	0.00617
2	0.00668	0.00523	0.00698	0.00664	0.00788	0.00487	0.03903	0.00895	0.04510	0.01611	0.42300	0.21331	0.17671	0.01082	0.00563	0.00161	0.00269	0.00961	0.00472	0.00444
3	0.00584	0.00419	0.00544	0.00636	0.00670	0.00391	0.00424	0.00666	0.00908	0.01206	0.04805	0.71525	0.06831	0.07105	0.00722	0.00207	0.00283	0.01265	0.00429	0.00379
4	0.02052	0.00843	0.01112	0.00859	0.01220	0.00761	0.00708	0.06874	0.05081	0.72470	0.01820	0.01584	0.01158	0.00585	0.00474	0.00146	0.00407	0.00474	0.00572	0.00800
5	0.01691	0.01256	0.01346	0.01049	0.01400	0.01393	0.00857	0.69000	0.08691	0.02796	0.01214	0.01271	0.00896	0.04236	0.00558	0.00157	0.00504	0.00445	0.00464	0.00774
6	0.00674	0.00505	0.00758	0.00758	0.00842	0.00589	0.00589	0.00842	0.00758	0.01095	0.01263	0.01852	0.01179	0.03536	0.81561	0.00758	0.01263	0.00505	0.00253	0.00421
7	0.01069	0.04931	0.00919	0.03136	0.01018	0.14181	0.00616	0.01264	0.02093	0.04736	0.01335	0.04013	0.01199	0.04223	0.08957	0.00205	0.01922	0.08148	0.23169	0.12864
8	0.00676	0.00495	0.00705	0.00705	0.00772	0.00561	0.00524	0.00808	0.00742	0.01056	0.01311	0.02117	0.01294	0.20685	0.64569	0.00693	0.01090	0.00544	0.00260	0.00392
9	0.01122	0.00990	0.01638	0.02407	0.63599	0.00991	0.01240	0.01386	0.01056	0.03354	0.01041	0.01371	0.00875	0.00601	0.04143	0.00166	0.00544	0.02122	0.10664	0.00689
10	0.01286	0.79523	0.02412	0.00828	0.01223	0.05964	0.00812	0.01436	0.00977	0.01112	0.00659	0.00761	0.00605	0.00408	0.00309	0.00102	0.00522	0.00255	0.00204	0.00602
11	0.00605	0.00476	0.00507	0.00512	0.00627	0.00423	0.00365	0.00702	0.00983	0.01206	0.05880	0.04182	0.53710	0.22255	0.01034	0.00238	0.00305	0.05217	0.00401	0.00373
12	0.01030	0.14576	0.45703	0.01269	0.01806	0.01170	0.12542	0.01442	0.01038	0.03727	0.07899	0.01241	0.00974	0.00495	0.00485	0.00145	0.03151	0.00414	0.00245	0.00649
13	0.60485	0.01006	0.00812	0.00707	0.00998	0.09031	0.00572	0.01572	0.00954	0.14885	0.00901	0.00957	0.00660	0.00471	0.00337	0.00142	0.00413	0.00304	0.04235	0.00559
14	0.00602	0.00498	0.00526	0.00537	0.00679	0.00442	0.00398	0.00776	0.04880	0.01291	0.04181	0.12954	0.61931	0.04480	0.00635	0.00177	0.00265	0.03902	0.00434	0.00410
15	0.03372	0.00609	0.00807	0.04417	0.00988	0.00582	0.05199	0.04305	0.01097	0.11050	0.06651	0.22899	0.23296	0.01048	0.02691	0.00175	0.00358	0.00844	0.09118	0.00491

[dist]
# distance from previous block
# <min> <max>
0	4

[block]
# block no. 7 follows, 54 sequences, length 13
# corresponding to MSA columns:
# 199,200,202-205,226-232
name=unknown_H
#
# <colnr> <probs for GDERKNQSTAVLIFYWHMCP>
#	G	D	E	R	K	N	Q	S	T	A	V	L	I	F	Y	W	H	M	C	P
0	0.18322	0.21487	0.03239	0.00864	0.01186	0.04307	0.02270	0.01691	0.23580	0.01647	0.02522	0.01230	0.00946	0.00516	0.00422	0.00133	0.03161	0.01711	0.00321	0.10446
1	0.00654	0.00492	0.00612	0.00611	0.00735	0.00450	0.00477	0.00847	0.01219	0.01636	0.45692	0.04121	0.24909	0.01087	0.00573	0.00164	0.00265	0.14546	0.00482	0.00430
2	0.01265	0.01292	0.12177	0.15516	0.16810	0.01200	0.07836	0.24661	0.08799	0.01948	0.01067	0.01230	0.00798	0.00498	0.00472	0.00147	0.00571	0.00435	0.02578	0.00700
3	0.01251	0.78601	0.02490	0.00880	0.01288	0.01824	0.05641	0.01418	0.00968	0.01134	0.00674	0.00788	0.00612	0.00403	0.00318	0.00104	0.00522	0.00271	0.00204	0.00607
4	0.00808	0.00709	0.00763	0.00737	0.00854	0.10079	0.00565	0.00978	0.00993	0.01327	0.17784	0.02351	0.10532	0.02149	0.39736	0.00440	0.02508	0.00601	0.05645	0.00441
5	0.01249	0.04748	0.11250	0.00979	0.03130	0.12671	0.02626	0.05713	0.03449	0.07942	0.00949	0.01045	0.00735	0.00426	0.00399	0.00105	0.00502	0.00331	0.00300	0.41450
6	0.52504	0.08525	0.01183	0.00880	0.01186	0.12304	0.09546	0.01475	0.02843	0.01778	0.00759	0.00938	0.00619	0.03263	0.00418	0.00151	0.00497	0.00318	0.00275	0.00537
7	0.76464	0.00899	0.00742	0.00647	0.00947	0.01013	0.00533	0.01497	0.00869	0.11689	0.00803	0.00868	0.00590	0.00455	0.00314	0.00146	0.00369	0.00282	0.00327	0.00546
8	0.00660	0.00461	0.00507	0.00507	0.00539	0.00445	0.00300	0.00684	0.00764	0.00986	0.02145	0.03377	0.17465	0.66947	0.02031	0.00397	0.00413	0.00748	0.00316	0.00308
9	0.00661	0.00484	0.00621	0.00594	0.00710	0.00445	0.00450	0.00873	0.01300	0.01812	0.69811	0.03694	0.11535	0.01000	0.00560	0.00152	0.00233	0.04117	0.00508	0.00440
10	0.00611	0.00474	0.00560	0.00584	0.00701	0.00423	0.00440	0.00760	0.01109	0.01429	0.22740	0.18697	0.38621	0.01201	0.00576	0.00169	0.00264	0.09773	0.00457	0.00411
11	0.01298	0.00690	0.00872	0.00727	0.00962	0.00644	0.00577	0.10206	0.01421	0.29825	0.38237	0.02647	0.08287	0.00801	0.00518	0.00147	0.00320	0.00681	0.00531	0.00608
12	0.00888	0.00593	0.00729	0.00694	0.00816	0.00646	0.00553	0.08347	0.01098	0.01668	0.12088	0.02366	0.01755	0.01342	0.17388	0.00273	0.05778	0.10376	0.32127	0.00475

[dist]
# distance from previous block
# <min> <max>
0	1

[block]
# block no. 8 follows, 54 sequences, length 10
# corresponding to MSA columns:
# 234-243
name=unknown_I
#
# <colnr> <probs for GDERKNQSTAVLIFYWHMCP>
#	G	D	E	R	K	N	Q	S	T	A	V	L	I	F	Y	W	H	M	C	P
0	0.58582	0.01040	0.02844	0.00881	0.04960	0.04699	0.05262	0.03341	0.00929	0.03900	0.00753	0.00876	0.00584	0.00435	0.00341	0.00137	0.00433	0.00298	0.00292	0.09415
1	0.00725	0.00534	0.00668	0.00643	0.00658	0.00598	0.00428	0.00767	0.00703	0.00972	0.01343	0.02623	0.01489	0.59456	0.16312	0.00480	0.10371	0.00621	0.00270	0.00337
2	0.40713	0.01099	0.01094	0.00956	0.04764	0.01249	0.00745	0.33407	0.04349	0.02393	0.00909	0.00984	0.00681	0.00515	0.00438	0.00147	0.04189	0.00350	0.00367	0.00651
3	0.00890	0.00838	0.01414	0.82296	0.03247	0.01048	0.01309	0.01205	0.00943	0.01205	0.00838	0.01257	0.00629	0.00471	0.00471	0.00157	0.00629	0.00419	0.00210	0.00524
4	0.00647	0.00477	0.00666	0.00820	0.04870	0.00457	0.00563	0.00770	0.00953	0.01268	0.02487	0.61172	0.02904	0.01383	0.00606	0.00195	0.00325	0.18595	0.00426	0.00413
5	0.01032	0.01032	0.01444	0.01238	0.01238	0.01444	0.01032	0.01135	0.00722	0.01135	0.00619	0.01032	0.00619	0.00825	0.01547	0.00206	0.82567	0.00413	0.00206	0.00516
6	0.00601	0.00426	0.00562	0.00661	0.00693	0.00404	0.00451	0.00687	0.00898	0.01194	0.02485	0.68924	0.02951	0.09199	0.00776	0.00219	0.00305	0.07764	0.00423	0.00378
7	0.00686	0.00457	0.00514	0.00514	0.00514	0.00457	0.00286	0.00686	0.00686	0.00914	0.01486	0.03086	0.01714	0.83430	0.02400	0.00457	0.00457	0.00686	0.00286	0.00286
8	0.01295	0.00915	0.01354	0.14004	0.06587	0.00928	0.11420	0.16355	0.01343	0.18061	0.03928	0.02114	0.14612	0.00675	0.00509	0.00154	0.00492	0.04217	0.00400	0.00636
9	0.01579	0.01046	0.01074	0.00883	0.01164	0.09463	0.00705	0.28114	0.04309	0.22112	0.07080	0.05267	0.01322	0.00632	0.00459	0.00139	0.00443	0.00503	0.13031	0.00675

[dist]
# distance from previous block
# <min> <max>
4	5

[block]
# block no. 9 follows, 54 sequences, length 22
# corresponding to MSA columns:
# 250-271
name=unknown_J
#
# <colnr> <probs for GDERKNQSTAVLIFYWHMCP>
#	G	D	E	R	K	N	Q	S	T	A	V	L	I	F	Y	W	H	M	C	P
0	0.00943	0.15410	0.52325	0.01132	0.01676	0.01106	0.02701	0.01353	0.01015	0.01418	0.04059	0.01592	0.09070	0.00570	0.00449	0.00145	0.00592	0.03566	0.00246	0.00630
1	0.00572	0.00476	0.00501	0.00507	0.00654	0.00405	0.00381	0.00700	0.01085	0.01320	0.10165	0.08780	0.68186	0.01196	0.00562	0.00162	0.00245	0.03257	0.00444	0.00402
2	0.00928	0.00845	0.01320	0.05977	0.40941	0.00854	0.00997	0.01148	0.01074	0.01482	0.14859	0.02265	0.15684	0.05053	0.00650	0.00166	0.04244	0.00609	0.00318	0.00587
3	0.05631	0.01234	0.02063	0.09809	0.16283	0.08997	0.38480	0.03888	0.01127	0.01515	0.01120	0.01369	0.05306	0.00471	0.00503	0.00150	0.00678	0.00499	0.00257	0.00621
4	0.01243	0.01262	0.01732	0.06943	0.58246	0.13782	0.01311	0.03393	0.01136	0.01490	0.00936	0.01304	0.00806	0.00476	0.00469	0.00141	0.00603	0.03788	0.00248	0.00690
5	0.00631	0.00486	0.00588	0.00635	0.00753	0.00443	0.00500	0.00783	0.01073	0.01360	0.10654	0.17679	0.37323	0.01252	0.00593	0.00181	0.00302	0.23910	0.00444	0.00411
6	0.00920	0.00773	0.04257	0.01186	0.12319	0.00688	0.11062	0.01137	0.01109	0.08836	0.20473	0.25411	0.05068	0.00916	0.00564	0.00163	0.01814	0.02366	0.00402	0.00537
7	0.01030	0.06628	0.55507	0.01480	0.05343	0.01175	0.14894	0.03932	0.01049	0.01515	0.00860	0.01042	0.00631	0.00448	0.00485	0.00149	0.02547	0.00386	0.00216	0.00683
8	0.01343	0.01052	0.01220	0.10714	0.04471	0.11667	0.04489	0.17550	0.01344	0.13340	0.01476	0.04995	0.01316	0.04304	0.03144	0.00192	0.00568	0.15829	0.00383	0.00603
9	0.01990	0.00841	0.01088	0.00841	0.01190	0.00770	0.00693	0.11637	0.01431	0.65766	0.01748	0.01557	0.01125	0.00579	0.00464	0.00143	0.00403	0.00466	0.06489	0.00777
10	0.01163	0.01098	0.04906	0.01048	0.01297	0.11816	0.10237	0.13425	0.06303	0.05320	0.10466	0.11669	0.02449	0.02488	0.04004	0.00191	0.02320	0.08843	0.00384	0.00573
11	0.01149	0.01093	0.01396	0.01196	0.04071	0.13775	0.18135	0.06777	0.09052	0.05412	0.06889	0.12553	0.05633	0.00948	0.06892	0.00203	0.02248	0.01648	0.00355	0.00575
12	0.01143	0.01191	0.00966	0.00901	0.01043	0.29649	0.00675	0.02694	0.05517	0.01221	0.01273	0.01804	0.03836	0.15185	0.19458	0.00334	0.05475	0.02250	0.04908	0.00475
13	0.00583	0.00423	0.00552	0.00652	0.00695	0.00393	0.00447	0.00675	0.00928	0.01221	0.02788	0.72073	0.09978	0.01443	0.00600	0.00190	0.00279	0.05258	0.00438	0.00387
14	0.56408	0.01182	0.04694	0.00852	0.01181	0.08674	0.04795	0.12339	0.01089	0.03902	0.00782	0.00882	0.00591	0.00462	0.00355	0.00144	0.00471	0.00309	0.00312	0.00577
15	0.00614	0.03775	0.00592	0.00534	0.00693	0.00486	0.00407	0.00778	0.03799	0.01300	0.05697	0.11475	0.64257	0.01167	0.00551	0.00161	0.00261	0.02603	0.00431	0.00419
16	0.04182	0.16799	0.14802	0.04273	0.03300	0.13958	0.00988	0.12775	0.10143	0.01630	0.01103	0.01240	0.03402	0.00531	0.00455	0.00135	0.02984	0.01835	0.00299	0.05164
17	0.00611	0.00512	0.00536	0.00530	0.00686	0.00455	0.00397	0.00822	0.06569	0.01372	0.11003	0.08299	0.64254	0.01150	0.00554	0.00160	0.00249	0.00968	0.00448	0.00426
18	0.01154	0.04461	0.05972	0.05091	0.60358	0.04846	0.01334	0.01478	0.04585	0.01501	0.01064	0.01288	0.03851	0.00466	0.00462	0.00140	0.00560	0.00432	0.00249	0.00708
19	0.00684	0.00489	0.00604	0.00586	0.00696	0.00450	0.00435	0.00854	0.01176	0.03109	0.47239	0.03760	0.18506	0.12454	0.00818	0.00198	0.00278	0.06780	0.00466	0.00420
20	0.00784	0.00599	0.00790	0.00765	0.00876	0.00593	0.03558	0.09623	0.01081	0.01471	0.08193	0.53031	0.02577	0.05534	0.00692	0.00189	0.02923	0.01045	0.00416	0.05263
21	0.06789	0.01184	0.05205	0.07144	0.36423	0.04241	0.01137	0.14535	0.04924	0.04926	0.00984	0.01149	0.00765	0.00463	0.00445	0.00136	0.00529	0.00397	0.00304	0.08318

[dist]
# distance from previous block
# <min> <max>
0	2

[block]
# block no. 10 follows, 54 sequences, length 17
# corresponding to MSA columns:
# 274-285,289-293
name=unknown_K
#
# <colnr> <probs for GDERKNQSTAVLIFYWHMCP>
#	G	D	E	R	K	N	Q	S	T	A	V	L	I	F	Y	W	H	M	C	P
0	0.01347	0.04748	0.23129	0.01374	0.10017	0.06555	0.06818	0.14492	0.11587	0.10307	0.01131	0.01205	0.00829	0.00516	0.00505	0.00147	0.03829	0.00417	0.00332	0.00712
1	0.01219	0.01082	0.01626	0.03859	0.05043	0.01064	0.21887	0.16582	0.10712	0.03232	0.01098	0.01283	0.00852	0.00479	0.00492	0.00132	0.02651	0.01712	0.00332	0.24663
2	0.00586	0.00490	0.00510	0.00506	0.00656	0.00428	0.00377	0.00734	0.02861	0.01291	0.07402	0.04262	0.68848	0.04916	0.03868	0.00196	0.00292	0.00946	0.00428	0.00404
3	0.01196	0.01056	0.01178	0.05642	0.11085	0.06385	0.00839	0.10239	0.38221	0.01841	0.01562	0.05802	0.02479	0.00615	0.00466	0.00146	0.00442	0.00515	0.03814	0.06478
4	0.00684	0.04884	0.00811	0.00766	0.00844	0.00577	0.03981	0.00841	0.04257	0.01248	0.02313	0.66108	0.02697	0.01306	0.00618	0.00185	0.03575	0.03466	0.00409	0.00428
5	0.01180	0.36353	0.28070	0.01177	0.01673	0.05271	0.11613	0.04616	0.03430	0.01392	0.00819	0.00954	0.00651	0.00435	0.00402	0.00129	0.00619	0.00342	0.00227	0.00649
6	0.01121	0.38268	0.23017	0.01290	0.06549	0.01433	0.15936	0.01425	0.00994	0.01305	0.00810	0.01035	0.00677	0.03696	0.00482	0.00141	0.00612	0.00363	0.00213	0.00631
7	0.00689	0.00463	0.00542	0.00540	0.00557	0.00469	0.00324	0.00722	0.00735	0.01005	0.05608	0.02956	0.01794	0.69298	0.09818	0.00461	0.00516	0.00671	0.02525	0.00311
8	0.00923	0.01143	0.17935	0.03627	0.01407	0.00898	0.10213	0.08565	0.04309	0.01598	0.13049	0.11776	0.11923	0.01913	0.00645	0.00166	0.08323	0.00677	0.00349	0.00560
9	0.01348	0.07153	0.03858	0.12393	0.05556	0.12314	0.05172	0.02601	0.09242	0.19154	0.03420	0.03914	0.04266	0.00612	0.00469	0.00146	0.00522	0.03785	0.03448	0.00627
10	0.01111	0.01493	0.16028	0.04310	0.05296	0.07737	0.46912	0.01484	0.01095	0.01468	0.04057	0.01264	0.00829	0.00458	0.00565	0.00155	0.04375	0.00495	0.00241	0.00627
11	0.00924	0.00873	0.01475	0.72601	0.12679	0.01056	0.01326	0.01234	0.00959	0.01246	0.00844	0.01246	0.00643	0.00465	0.00471	0.00155	0.00620	0.00419	0.00212	0.00551
12	0.00655	0.00446	0.00535	0.00573	0.00586	0.00438	0.00353	0.00689	0.00770	0.01025	0.01872	0.27873	0.02190	0.54618	0.01770	0.00365	0.00400	0.04181	0.00339	0.00322
13	0.86760	0.00912	0.00693	0.00620	0.00912	0.01058	0.00511	0.01386	0.00802	0.02115	0.00657	0.00766	0.00511	0.00438	0.00292	0.00146	0.00365	0.00255	0.00292	0.00511
14	0.01166	0.02983	0.09520	0.10858	0.46858	0.01084	0.05398	0.01524	0.05295	0.07011	0.01044	0.03337	0.00843	0.00477	0.00471	0.00146	0.00563	0.00450	0.00270	0.00704
15	0.00679	0.00485	0.00653	0.00653	0.00702	0.00533	0.00459	0.00775	0.00727	0.01017	0.01358	0.02381	0.01408	0.37758	0.47653	0.00629	0.00918	0.00582	0.00267	0.00363
16	0.01715	0.01285	0.01456	0.03218	0.01534	0.01414	0.04593	0.71348	0.02102	0.02827	0.01126	0.01157	0.00803	0.00555	0.00472	0.00142	0.00528	0.00431	0.02516	0.00778

[dist]
# distance from previous block
# <min> <max>
0	2

[block]
# block no. 11 follows, 54 sequences, length 15
# corresponding to MSA columns:
# 296-310
name=unknown_L
#
# <colnr> <probs for GDERKNQSTAVLIFYWHMCP>
#	G	D	E	R	K	N	Q	S	T	A	V	L	I	F	Y	W	H	M	C	P
0	0.01015	0.07910	0.51739	0.01419	0.02003	0.03326	0.18928	0.01470	0.01028	0.01451	0.00935	0.03068	0.00736	0.00480	0.00470	0.00150	0.00693	0.02300	0.00221	0.00659
1	0.00917	0.00852	0.01174	0.01033	0.01047	0.01137	0.00830	0.01016	0.00751	0.01131	0.04844	0.01590	0.01056	0.15086	0.10021	0.00304	0.56017	0.00491	0.00240	0.00463
2	0.00819	0.00778	0.01245	0.01012	0.01259	0.00744	0.22870	0.01205	0.12958	0.01484	0.08475	0.12481	0.30893	0.00899	0.00551	0.00162	0.00421	0.00831	0.00393	0.00520
3	0.01173	0.01013	0.01066	0.00960	0.01226	0.01173	0.00746	0.02505	0.79636	0.01972	0.01919	0.01759	0.01439	0.00640	0.00480	0.00160	0.00373	0.00533	0.00480	0.00746
4	0.01807	0.01297	0.01401	0.01074	0.01451	0.01428	0.00887	0.75469	0.02178	0.06474	0.01165	0.01153	0.00818	0.00567	0.00472	0.00142	0.00514	0.00427	0.00477	0.00802
5	0.02211	0.00507	0.00639	0.00650	0.00757	0.00480	0.00490	0.02564	0.01149	0.03623	0.33932	0.21916	0.11436	0.05283	0.00665	0.00185	0.00293	0.12321	0.00464	0.00434
6	0.01497	0.01081	0.01159	0.00933	0.01245	0.01180	0.00756	0.47428	0.15428	0.06012	0.01675	0.01636	0.08260	0.00636	0.00467	0.00143	0.00433	0.00499	0.08810	0.00720
7	0.00946	0.02439	0.80987	0.01344	0.02041	0.01095	0.01742	0.01493	0.00995	0.01493	0.00846	0.00995	0.00597	0.00448	0.00448	0.00149	0.00697	0.00348	0.00199	0.00697
8	0.00686	0.00457	0.00514	0.00514	0.00514	0.00457	0.00286	0.00686	0.00686	0.00914	0.01486	0.03086	0.01714	0.83430	0.02400	0.00457	0.00457	0.00686	0.00286	0.00286
9	0.01201	0.00974	0.01109	0.05812	0.03617	0.04674	0.02774	0.09114	0.36405	0.07835	0.03083	0.05110	0.06133	0.02929	0.03885	0.00185	0.00466	0.00559	0.00421	0.03714
10	0.00657	0.00482	0.00616	0.00582	0.00698	0.00441	0.00437	0.00870	0.01310	0.01833	0.73197	0.03617	0.11528	0.00985	0.00556	0.00149	0.00224	0.00866	0.00511	0.00441
11	0.01032	0.08665	0.06409	0.01368	0.07290	0.01249	0.14278	0.03463	0.00902	0.01294	0.00838	0.01199	0.00743	0.01117	0.14775	0.00273	0.33876	0.00435	0.00229	0.00564
12	0.01167	0.01120	0.01914	0.02894	0.80488	0.01120	0.01447	0.01447	0.01074	0.01540	0.00887	0.01167	0.00747	0.00420	0.00467	0.00140	0.00560	0.00420	0.00233	0.00747
13	0.00666	0.00553	0.00628	0.00639	0.02834	0.02702	0.00455	0.00817	0.01109	0.01436	0.28008	0.06156	0.38101	0.06125	0.06067	0.00214	0.01775	0.00865	0.00427	0.00423
14	0.09330	0.01241	0.04618	0.02770	0.01414	0.08238	0.05400	0.22382	0.14296	0.06650	0.03220	0.01256	0.00932	0.00601	0.00653	0.00157	0.15381	0.00433	0.00366	0.00662

[dist]
# distance from previous block
# <min> <max>
5	7

[block]
# block no. 12 follows, 54 sequences, length 53
# corresponding to MSA columns:
# 331-383
name=unknown_M
#
# <colnr> <probs for GDERKNQSTAVLIFYWHMCP>
#	G	D	E	R	K	N	Q	S	T	A	V	L	I	F	Y	W	H	M	C	P
0	0.06353	0.00846	0.00976	0.00745	0.01112	0.00719	0.00598	0.08426	0.01114	0.09069	0.01119	0.06601	0.00965	0.00501	0.00395	0.00101	0.00368	0.02848	0.00342	0.56803
1	0.00886	0.00819	0.01382	0.01117	0.01378	0.00785	0.25158	0.01280	0.10588	0.01607	0.20140	0.07091	0.07998	0.00809	0.00553	0.00162	0.00463	0.12177	0.00390	0.05218
2	0.00980	0.01019	0.05863	0.47131	0.20757	0.01052	0.06024	0.01292	0.00985	0.01340	0.00853	0.01198	0.00664	0.00452	0.00486	0.00147	0.02173	0.00413	0.00221	0.06950
3	0.00890	0.00838	0.01414	0.82296	0.03247	0.01048	0.01309	0.01205	0.00943	0.01205	0.00838	0.01257	0.00629	0.00471	0.00471	0.00157	0.00629	0.00419	0.00210	0.00524
4	0.00876	0.00738	0.00837	0.00866	0.05206	0.00785	0.00607	0.01540	0.36490	0.01576	0.02690	0.20428	0.20838	0.03599	0.00586	0.00175	0.00331	0.00822	0.00441	0.00567
5	0.00574	0.00410	0.00547	0.00657	0.00684	0.00383	0.00438	0.00657	0.00903	0.01204	0.02599	0.83122	0.03119	0.01477	0.00602	0.00191	0.00274	0.01340	0.00438	0.00383
6	0.00879	0.00439	0.00439	0.00439	0.00549	0.00439	0.00330	0.01099	0.00989	0.01758	0.01538	0.01758	0.01209	0.00549	0.00330	0.00110	0.00220	0.00439	0.86047	0.00439
7	0.00573	0.00415	0.00542	0.00643	0.00680	0.00384	0.00432	0.00658	0.00915	0.01209	0.02760	0.77297	0.08839	0.01456	0.00599	0.00189	0.00271	0.01315	0.00438	0.00384
