[name]
unknown

[dist]
# distance from previous block
# <min> <max>
0	340

[block]
# block no. 0 follows, 58 sequences, length 15
# corresponding to MSA columns:
# 445-459
name=unknown_A
#
# <colnr> <probs for GDERKNQSTAVLIFYWHMCP>
#	G	D	E	R	K	N	Q	S	T	A	V	L	I	F	Y	W	H	M	C	P
0	0.00548	0.00404	0.00513	0.00591	0.00643	0.00369	0.00403	0.00639	0.00908	0.01192	0.07496	0.66054	0.15947	0.01328	0.00561	0.00174	0.00251	0.01190	0.00420	0.00369
1	0.00933	0.00814	0.01005	0.00718	0.01118	0.00620	0.04112	0.01140	0.00933	0.01457	0.00800	0.00940	0.00663	0.00333	0.00340	0.00070	0.00350	0.00277	0.00263	0.83113
2	0.00614	0.00446	0.00579	0.00569	0.00663	0.00410	0.00418	0.00799	0.01187	0.01661	0.65000	0.17112	0.06853	0.01005	0.00535	0.00148	0.00220	0.00893	0.00476	0.00410
3	0.00979	0.00979	0.01370	0.01174	0.01174	0.01370	0.00979	0.01077	0.00685	0.01077	0.00587	0.00979	0.00587	0.00783	0.01468	0.00196	0.83461	0.00391	0.00196	0.00489
4	0.00834	0.00417	0.00417	0.00417	0.00521	0.00417	0.00313	0.01042	0.00938	0.01668	0.01459	0.01668	0.01147	0.00521	0.00313	0.00104	0.00208	0.00417	0.86763	0.00417
5	0.00605	0.00456	0.00560	0.00534	0.00651	0.00410	0.00400	0.00791	0.01201	0.01639	0.60915	0.03597	0.24655	0.00972	0.00528	0.00143	0.00215	0.00845	0.00472	0.00410
6	0.00629	0.00457	0.00592	0.00558	0.00665	0.00420	0.00418	0.00835	0.01255	0.01768	0.77913	0.03383	0.07577	0.00924	0.00528	0.00141	0.00212	0.00815	0.00489	0.00420
7	0.00897	0.02314	0.81962	0.01275	0.01936	0.01039	0.01653	0.01417	0.00944	0.01417	0.00803	0.00944	0.00567	0.00425	0.00425	0.00142	0.00661	0.00331	0.00189	0.00661
8	0.01612	0.00908	0.01076	0.00859	0.01166	0.00926	0.00697	0.25614	0.14500	0.35719	0.10622	0.01618	0.01399	0.00598	0.00459	0.00140	0.00391	0.00486	0.00498	0.00714
9	0.00576	0.00450	0.00522	0.00514	0.00636	0.00396	0.00382	0.00730	0.01117	0.01463	0.38343	0.09490	0.41671	0.01055	0.00531	0.00149	0.00222	0.00907	0.00449	0.00396
10	0.04342	0.00912	0.01056	0.00896	0.01046	0.05265	0.00722	0.16944	0.01114	0.06237	0.06607	0.02773	0.01037	0.00771	0.02784	0.05382	0.27699	0.00431	0.10196	0.03785
11	0.04087	0.01224	0.01219	0.00970	0.01285	0.10363	0.00787	0.49218	0.05344	0.06479	0.03043	0.01188	0.02413	0.00544	0.00472	0.00131	0.03658	0.00402	0.00402	0.06771
12	0.00593	0.00472	0.00670	0.00675	0.00769	0.00432	0.06005	0.00719	0.00958	0.01259	0.12033	0.49687	0.19329	0.01211	0.00555	0.00169	0.00286	0.03376	0.00411	0.00392
13	0.00929	0.13885	0.28564	0.01086	0.01481	0.01007	0.13509	0.01251	0.01013	0.03189	0.18462	0.01523	0.01423	0.00649	0.03630	0.00159	0.04748	0.00463	0.00274	0.02756
14	0.09418	0.12671	0.39256	0.02801	0.01619	0.01103	0.06701	0.03248	0.00994	0.13331	0.00908	0.01007	0.00653	0.00452	0.00448	0.00138	0.04011	0.00347	0.00260	0.00635

[dist]
# distance from previous block
# <min> <max>
3	19

[block]
# block no. 1 follows, 58 sequences, length 87
# corresponding to MSA columns:
# 480-566
name=unknown_B
#
# <colnr> <probs for GDERKNQSTAVLIFYWHMCP>
#	G	D	E	R	K	N	Q	S	T	A	V	L	I	F	Y	W	H	M	C	P
0	0.02960	0.00893	0.01372	0.58490	0.14210	0.02832	0.01175	0.05954	0.00993	0.01326	0.00812	0.01140	0.00623	0.00439	0.00436	0.00141	0.00566	0.00385	0.00223	0.05032
1	0.05492	0.00836	0.00964	0.00721	0.01086	0.00725	0.00583	0.09771	0.04070	0.14885	0.01035	0.01082	0.00779	0.00410	0.00365	0.00093	0.00354	0.00323	0.03066	0.53361
2	0.01088	0.01118	0.01196	0.01023	0.01204	0.22455	0.11207	0.04219	0.01113	0.03756	0.14756	0.09478	0.07732	0.00752	0.00645	0.00151	0.13601	0.03686	0.00325	0.00496
3	0.00590	0.00450	0.00542	0.00532	0.00645	0.00402	0.00394	0.00756	0.01146	0.01539	0.48426	0.11126	0.29761	0.01032	0.00532	0.00148	0.00221	0.00897	0.00460	0.00402
4	0.00897	0.02314	0.81962	0.01275	0.01936	0.01039	0.01653	0.01417	0.00944	0.01417	0.00803	0.00944	0.00567	0.00425	0.00425	0.00142	0.00661	0.00331	0.00189	0.00661
5	0.00988	0.00810	0.00902	0.00869	0.03141	0.00894	0.00659	0.01863	0.52588	0.03998	0.04777	0.06439	0.10745	0.00773	0.00488	0.00157	0.00341	0.08508	0.00442	0.00615
6	0.01196	0.84548	0.02344	0.00765	0.01148	0.01770	0.00765	0.01339	0.00909	0.01052	0.00622	0.00718	0.00574	0.00383	0.00287	0.00096	0.00478	0.00239	0.00191	0.00574
7	0.01548	0.01177	0.01295	0.05124	0.02857	0.01315	0.00855	0.61499	0.15368	0.02551	0.01183	0.01181	0.00854	0.00542	0.00449	0.00138	0.00475	0.00420	0.00432	0.00738
8	0.00640	0.00474	0.00690	0.00690	0.00759	0.00543	0.00523	0.00780	0.00710	0.01017	0.01225	0.01905	0.01183	0.13584	0.72366	0.00683	0.01102	0.00501	0.00244	0.00383
9	0.00666	0.00465	0.00606	0.00566	0.00679	0.00427	0.00426	0.00874	0.01260	0.03860	0.77278	0.03318	0.06056	0.00911	0.00526	0.00141	0.00216	0.00803	0.00492	0.00430
10	0.00536	0.00452	0.00455	0.00455	0.00597	0.00381	0.00336	0.00642	0.00997	0.01188	0.04343	0.04222	0.76497	0.06152	0.00634	0.00168	0.00239	0.00926	0.00407	0.00371
11	0.00565	0.00474	0.00494	0.00492	0.00641	0.00413	0.00373	0.00731	0.03973	0.01280	0.09849	0.04166	0.69909	0.01102	0.00529	0.00152	0.00237	0.03802	0.00422	0.00394
12	0.01050	0.00791	0.00940	0.00678	0.01069	0.00603	0.00545	0.01246	0.00968	0.10582	0.00905	0.00995	0.00713	0.00357	0.00345	0.00074	0.00337	0.00286	0.00298	0.77218
13	0.01415	0.00729	0.00882	0.00736	0.00980	0.04665	0.00588	0.03142	0.04202	0.42066	0.28201	0.02271	0.04508	0.00707	0.00481	0.00141	0.00343	0.02828	0.00503	0.00613
14	0.09100	0.01155	0.01061	0.00879	0.01172	0.21656	0.00698	0.08776	0.04802	0.37776	0.06104	0.01338	0.01079	0.00537	0.00426	0.00132	0.00484	0.00408	0.00425	0.01988
15	0.01009	0.00849	0.00928	0.00867	0.01085	0.00961	0.00686	0.02017	0.61578	0.01761	0.05641	0.02380	0.04003	0.00740	0.00487	0.00160	0.00353	0.13408	0.00449	0.00636
16	0.01222	0.00838	0.00993	0.00741	0.01110	0.03643	0.02098	0.01430	0.02387	0.21524	0.01091	0.02950	0.00834	0.00421	0.00375	0.00092	0.00368	0.00344	0.00342	0.57199
17	0.00655	0.00428	0.00498	0.00501	0.00510	0.00423	0.00293	0.00641	0.00670	0.00885	0.01542	0.05465	0.05902	0.67668	0.02066	0.10240	0.00412	0.00657	0.00275	0.00271
18	0.01082	0.02998	0.03950	0.05461	0.01771	0.01126	0.37074	0.11396	0.01088	0.01541	0.00918	0.01188	0.00721	0.00541	0.01927	0.00159	0.16177	0.00455	0.09853	0.00574
19	0.03884	0.51102	0.23686	0.00936	0.01377	0.08888	0.01006	0.02435	0.00962	0.01208	0.00683	0.00792	0.00572	0.00404	0.00337	0.00112	0.00554	0.00271	0.00200	0.00592
20	0.00552	0.00411	0.00516	0.00597	0.00650	0.00379	0.00407	0.00658	0.02313	0.01167	0.02835	0.67814	0.17386	0.01338	0.00561	0.00175	0.00255	0.01198	0.00416	0.00372
21	0.00653	0.00481	0.00614	0.00578	0.00691	0.00455	0.00434	0.00912	0.05202	0.01775	0.74405	0.04489	0.05786	0.00911	0.00525	0.00142	0.00219	0.00804	0.00488	0.00434
22	0.20112	0.01083	0.05426	0.01098	0.01452	0.03771	0.22748	0.06242	0.07193	0.03508	0.00938	0.03156	0.00747	0.00456	0.00451	0.00132	0.03716	0.00399	0.00286	0.17088
23	0.01108	0.01070	0.19780	0.00856	0.01179	0.00770	0.00823	0.01609	0.18875	0.19932	0.21062	0.04154	0.05500	0.00672	0.00471	0.00144	0.00389	0.00566	0.00422	0.00615
24	0.01972	0.00754	0.01027	0.00790	0.01130	0.00651	0.00651	0.02146	0.01280	0.79766	0.03784	0.01569	0.01186	0.00563	0.00452	0.00138	0.00376	0.00459	0.00552	0.00753
25	0.00563	0.00402	0.00540	0.00643	0.00677	0.00379	0.00447	0.00654	0.00874	0.01162	0.02456	0.75880	0.02919	0.01384	0.00576	0.00184	0.00275	0.09201	0.00415	0.00368
26	0.00847	0.00774	0.01283	0.01052	0.01261	0.03075	0.24245	0.01100	0.03084	0.03275	0.20621	0.09632	0.07028	0.03522	0.02765	0.00183	0.04115	0.11299	0.00357	0.00482
27	0.00850	0.00805	0.01372	0.81332	0.03064	0.00997	0.03052	0.01150	0.00898	0.01150	0.00798	0.01193	0.00598	0.00446	0.00449	0.00149	0.00600	0.00401	0.00199	0.00499
28	0.00545	0.00389	0.00519	0.00623	0.00649	0.00363	0.00415	0.00623	0.00856	0.01142	0.02465	0.83987	0.02959	0.01401	0.00571	0.00182	0.00260	0.01272	0.00415	0.00363
29	0.82262	0.00911	0.00697	0.00618	0.00896	0.03087	0.00507	0.04078	0.00821	0.02012	0.00640	0.00741	0.00496	0.00421	0.00286	0.00138	0.00363	0.00249	0.00282	0.00495
30	0.00639	0.00478	0.00713	0.00713	0.00791	0.00556	0.00552	0.00795	0.00717	0.01034	0.01204	0.01788	0.01132	0.05478	0.80401	0.00711	0.01178	0.00484	0.00240	0.00396
31	0.01484	0.01116	0.01231	0.00940	0.01291	0.01177	0.00772	0.54743	0.03561	0.04235	0.01022	0.01060	0.00753	0.00500	0.00460	0.00121	0.03691	0.00373	0.00397	0.21072
32	0.02641	0.01075	0.01486	0.06382	0.17187	0.03962	0.09910	0.21273	0.07480	0.09801	0.01080	0.03342	0.00840	0.00533	0.00560	0.00144	0.09212	0.00441	0.00333	0.02317
33	0.01038	0.41017	0.44490	0.01035	0.01565	0.01383	0.01235	0.01380	0.00928	0.01245	0.00718	0.00838	0.00570	0.00405	0.00360	0.00120	0.00575	0.00288	0.00190	0.00620
34	0.00975	0.00806	0.00786	0.00750	0.00906	0.10515	0.00564	0.10604	0.11304	0.04509	0.05326	0.29833	0.10410	0.00933	0.00493	0.00153	0.00366	0.03563	0.06705	0.00498
35	0.01442	0.00727	0.00890	0.00726	0.00995	0.00680	0.00584	0.11788	0.04158	0.41103	0.06807	0.02328	0.20016	0.03805	0.00542	0.00153	0.00351	0.01788	0.00488	0.00627
36	0.01500	0.01036	0.01080	0.00878	0.01173	0.14630	0.02202	0.08663	0.05810	0.31027	0.01330	0.06233	0.01014	0.00658	0.03481	0.00148	0.02643	0.00440	0.00398	0.15655
37	0.02537	0.00968	0.01104	0.00892	0.01199	0.01021	0.00721	0.31689	0.19412	0.27166	0.01533	0.05687	0.01124	0.00601	0.00452	0.00141	0.00407	0.00485	0.02142	0.00719
38	0.01992	0.00786	0.01053	0.00807	0.01154	0.00694	0.00667	0.06048	0.01321	0.77873	0.01730	0.01500	0.01090	0.00553	0.00450	0.00138	0.00386	0.00448	0.00548	0.00761
39	0.00999	0.00947	0.01580	0.36037	0.45020	0.01037	0.01286	0.01327	0.04873	0.01349	0.00870	0.01170	0.00694	0.00429	0.00445	0.00141	0.00550	0.00403	0.00223	0.00621
40	0.87439	0.00865	0.00657	0.00588	0.00865	0.01003	0.00484	0.01315	0.00761	0.02007	0.00623	0.00727	0.00484	0.00415	0.00277	0.00138	0.00346	0.00242	0.00277	0.00484
41	0.01594	0.01112	0.01226	0.00965	0.01284	0.01210	0.00788	0.63907	0.01880	0.09442	0.01251	0.07873	0.00982	0.00712	0.03482	0.00160	0.00490	0.00480	0.00446	0.00715
42	0.00577	0.00450	0.00524	0.00516	0.00637	0.00397	0.00383	0.00732	0.01119	0.01469	0.39198	0.09953	0.40334	0.01054	0.00531	0.00149	0.00222	0.00908	0.00450	0.00397
43	0.03859	0.00506	0.00607	0.00579	0.00705	0.00479	0.00440	0.04473	0.01204	0.01680	0.52101	0.09015	0.17873	0.00965	0.00521	0.00147	0.00243	0.03715	0.00460	0.00427
44	0.00535	0.00449	0.00464	0.00470	0.00610	0.00379	0.00349	0.00650	0.01020	0.01231	0.07916	0.09756	0.72360	0.01141	0.00532	0.00153	0.00228	0.00960	0.00419	0.00379
45	0.01115	0.01136	0.01625	0.22783	0.51259	0.11718	0.01273	0.01369	0.01020	0.01333	0.00810	0.01089	0.00663	0.00419	0.00439	0.00135	0.00584	0.00384	0.00217	0.00630
46	0.01643	0.02085	0.01272	0.01153	0.01374	0.79183	0.00869	0.01757	0.01244	0.01094	0.00687	0.00814	0.00577	0.00474	0.00447	0.00119	0.04170	0.00292	0.00229	0.00517
47	0.00777	0.00389	0.00583	0.00583	0.00583	0.00389	0.00389	0.00583	0.00583	0.00777	0.00777	0.01360	0.00777	0.01554	0.01748	0.86985	0.00389	0.00389	0.00194	0.00194
48	0.01053	0.01003	0.01704	0.10710	0.69607	0.01021	0.01312	0.01312	0.00998	0.01414	0.00917	0.05235	0.00809	0.00453	0.00450	0.00137	0.00524	0.00442	0.00229	0.00670
49	0.03813	0.00808	0.00946	0.00689	0.01075	0.00642	0.00555	0.03786	0.01004	0.11498	0.00919	0.01000	0.00715	0.00368	0.00348	0.00080	0.00343	0.00292	0.00307	0.70814
50	0.00543	0.00399	0.00509	0.00597	0.00642	0.00365	0.00404	0.00626	0.00881	0.01152	0.02776	0.72002	0.14744	0.01361	0.00565	0.00177	0.00255	0.01222	0.00415	0.00365
51	0.01246	0.05182	0.01140	0.02959	0.01227	0.08025	0.00677	0.18588	0.05478	0.06448	0.00950	0.01020	0.00734	0.00421	0.00377	0.00098	0.00426	0.00323	0.00324	0.44357
52	0.00648	0.00464	0.00571	0.00622	0.00670	0.00461	0.00433	0.00793	0.05639	0.01126	0.02109	0.33143	0.05206	0.30857	0.01179	0.00273	0.00353	0.14727	0.00366	0.00360
53	0.01054	0.37362	0.45020	0.01048	0.01580	0.01364	0.01245	0.04279	0.00972	0.01313	0.00736	0.00852	0.00577	0.00411	0.00367	0.00122	0.00577	0.00294	0.00199	0.00628
54	0.01100	0.01062	0.04022	0.14336	0.34807	0.02587	0.14608	0.03239	0.07023	0.05159	0.01011	0.01329	0.00814	0.00475	0.00502	0.00145	0.03550	0.03331	0.00262	0.00638
55	0.00555	0.00454	0.00490	0.00481	0.00621	0.00389	0.00361	0.00694	0.01083	0.01358	0.24118	0.04059	0.61628	0.01077	0.00528	0.00148	0.00223	0.00910	0.00435	0.00389
56	0.01760	0.00983	0.01148	0.00892	0.01227	0.01008	0.00733	0.37815	0.06326	0.37235	0.01437	0.01332	0.00965	0.00548	0.00443	0.00136	0.00422	0.00430	0.04417	0.00742
57	0.01114	0.61738	0.22327	0.00891	0.01344	0.01556	0.00983	0.01353	0.00918	0.01154	0.00672	0.00780	0.00574	0.00392	0.00323	0.00106	0.00521	0.00263	0.00193	0.02798
58	0.31230	0.16329	0.04960	0.03021	0.01221	0.22142	0.00752	0.11586	0.01111	0.01653	0.01960	0.00853	0.00624	0.00446	0.00348	0.00125	0.00526	0.00291	0.00269	0.00552
59	0.00936	0.00803	0.00931	0.00674	0.01065	0.00620	0.00538	0.01183	0.04562	0.01476	0.00842	0.00961	0.00695	0.00344	0.00337	0.00070	0.00332	0.00276	0.00274	0.83081
60	0.00739	0.00493	0.00633	0.00672	0.00760	0.00480	0.00485	0.00969	0.09061	0.07563	0.11997	0.54044	0.02782	0.01184	0.00548	0.00172	0.00283	0.06256	0.00439	0.00440
61	0.00778	0.00517	0.00670	0.04430	0.00863	0.00497	0.00512	0.01000	0.05545	0.09503	0.27570	0.25246	0.12578	0.01026	0.00532	0.00159	0.00286	0.07390	0.00446	0.00453
62	0.01176	0.00984	0.01049	0.00899	0.01184	0.01093	0.00708	0.13354	0.60367	0.01960	0.01597	0.01500	0.01199	0.00566	0.00440	0.00140	0.00371	0.00464	0.00432	0.10517
63	0.00633	0.00457	0.00598	0.00563	0.00668	0.00422	0.00422	0.00844	0.01266	0.01794	0.81253	0.03341	0.04221	0.00914	0.00528	0.00141	0.00211	0.00809	0.00492	0.00422
64	0.61621	0.01015	0.00826	0.00709	0.00994	0.07705	0.00577	0.13531	0.01037	0.05719	0.00766	0.00841	0.00576	0.00446	0.00322	0.00135	0.00405	0.00284	0.01948	0.00541
65	0.01115	0.62306	0.23879	0.00903	0.01361	0.01572	0.01005	0.01360	0.00919	0.01151	0.00671	0.00779	0.00572	0.00394	0.00324	0.00108	0.00528	0.00264	0.00191	0.00598
66	0.00553	0.00451	0.00489	0.00486	0.00621	0.00387	0.00362	0.00687	0.01068	0.01339	0.21989	0.07898	0.59917	0.01096	0.00530	0.00150	0.00225	0.00929	0.00433	0.00387
67	0.00547	0.00397	0.00517	0.00608	0.00646	0.00367	0.00410	0.00633	0.00885	0.01173	0.05822	0.74899	0.08720	0.01362	0.00566	0.00178	0.00255	0.01229	0.00418	0.00367
68	0.64050	0.00867	0.00781	0.00660	0.00956	0.00954	0.00544	0.06393	0.00954	0.18920	0.00892	0.00916	0.00633	0.00452	0.00324	0.00138	0.00362	0.00296	0.00346	0.00560
69	0.00909	0.05617	0.78764	0.01255	0.01904	0.01068	0.01617	0.01414	0.00943	0.01402	0.00795	0.00935	0.00567	0.00423	0.00419	0.00140	0.00654	0.00327	0.00189	0.00658
70	0.00549	0.00392	0.00524	0.00627	0.00655	0.00367	0.00422	0.00630	0.00860	0.01146	0.02463	0.82219	0.02950	0.01398	0.00572	0.00182	0.00263	0.03001	0.00415	0.00364
71	0.01156	0.00969	0.01022	0.00899	0.01159	0.01105	0.00705	0.12619	0.65397	0.01958	0.01885	0.01749	0.06111	0.00629	0.00459	0.00149	0.00365	0.00518	0.00452	0.00695
72	0.01386	0.01130	0.01147	0.00964	0.01256	0.06109	0.00767	0.30222	0.45153	0.04684	0.01482	0.01399	0.01092	0.00571	0.00449	0.00143	0.00432	0.00454	0.00442	0.00717
73	0.00663	0.00507	0.00610	0.00587	0.00694	0.02472	0.00435	0.02465	0.01216	0.01677	0.62532	0.13121	0.09394	0.00970	0.00528	0.00146	0.00239	0.00854	0.00470	0.00421
74	0.01619	0.00689	0.00911	0.00730	0.01014	0.00605	0.00591	0.03573	0.01260	0.58443	0.13364	0.04421	0.09383	0.00685	0.00472	0.00141	0.00341	0.00572	0.00525	0.00664
75	0.01113	0.00961	0.01011	0.00910	0.01163	0.01113	0.00708	0.02377	0.80681	0.01871	0.01821	0.01669	0.01365	0.00607	0.00455	0.00152	0.00354	0.00506	0.00455	0.00708
76	0.00547	0.00391	0.00521	0.00622	0.00649	0.00365	0.00415	0.00628	0.00866	0.01157	0.04230	0.82182	0.02987	0.01391	0.00570	0.00181	0.00258	0.01261	0.00417	0.00365
77	0.00929	0.00881	0.01493	0.57510	0.28120	0.01016	0.01284	0.01216	0.00934	0.01245	0.00810	0.01165	0.00632	0.00432	0.00446	0.00144	0.00576	0.00398	0.00206	0.00565
78	0.00529	0.00453	0.00453	0.00453	0.00604	0.00378	0.00340	0.00642	0.01020	0.01208	0.04532	0.04305	0.81307	0.01133	0.00529	0.00151	0.00227	0.00944	0.00415	0.00378
79	0.00975	0.01027	0.02053	0.01569	0.04816	0.00984	0.54016	0.01390	0.08387	0.01513	0.12937	0.05676	0.01380	0.00529	0.00520	0.00150	0.00604	0.00600	0.00296	0.00578
80	0.00565	0.00444	0.00511	0.00517	0.00632	0.00389	0.00379	0.00703	0.01071	0.01385	0.28733	0.17413	0.43449	0.01108	0.00535	0.00153	0.00227	0.00956	0.00440	0.00389
81	0.00601	0.00431	0.00552	0.00587	0.00629	0.00433	0.00397	0.00679	0.00783	0.01053	0.04048	0.31193	0.08187	0.28103	0.19884	0.00381	0.00526	0.00856	0.00331	0.00345
82	0.00853	0.00804	0.01357	0.80668	0.05552	0.00996	0.01246	0.01150	0.00898	0.01153	0.00797	0.01190	0.00600	0.00446	0.00447	0.00149	0.00594	0.00398	0.00199	0.00504
83	0.09803	0.01120	0.05087	0.00876	0.01205	0.06200	0.00736	0.28487	0.11897	0.04969	0.03381	0.01168	0.00897	0.00498	0.00417	0.00123	0.01618	0.00376	0.03451	0.17692
84	0.00935	0.00882	0.01465	0.55432	0.26063	0.01020	0.01254	0.01272	0.04897	0.01273	0.00860	0.01191	0.00668	0.00441	0.00446	0.00144	0.00565	0.00403	0.00218	0.00570
85	0.00979	0.00856	0.00991	0.00812	0.05069	0.03250	0.00605	0.01243	0.06216	0.02492	0.00908	0.02925	0.00766	0.00396	0.00384	0.00084	0.02519	0.00317	0.00280	0.68907
86	0.10984	0.01079	0.01061	0.00857	0.01174	0.07732	0.00687	0.27116	0.16844	0.04552	0.01112	0.01133	0.00836	0.00486	0.00396	0.00121	0.00426	0.00367	0.03556	0.19479

[dist]
# distance from previous block
# <min> <max>
0	3

[block]
# block no. 2 follows, 58 sequences, length 23
# corresponding to MSA columns:
# 570-592
name=unknown_C
#
# <colnr> <probs for GDERKNQSTAVLIFYWHMCP>
#	G	D	E	R	K	N	Q	S	T	A	V	L	I	F	Y	W	H	M	C	P
0	0.01150	0.00884	0.01071	0.03349	0.01213	0.02044	0.04454	0.18302	0.05867	0.08011	0.03724	0.05157	0.05019	0.00560	0.00426	0.00116	0.00398	0.03834	0.00361	0.34059
1	0.00844	0.00478	0.00614	0.00621	0.00716	0.00439	0.00437	0.00935	0.00925	0.16050	0.04649	0.42159	0.08011	0.17300	0.00877	0.00220	0.00317	0.03571	0.00415	0.00424
2	0.12307	0.01012	0.01292	0.01022	0.01347	0.04710	0.13716	0.12926	0.17213	0.25245	0.01363	0.01410	0.00981	0.00532	0.00445	0.00144	0.00469	0.02786	0.00411	0.00668
3	0.01087	0.54606	0.31333	0.00951	0.01435	0.01504	0.01088	0.01368	0.00922	0.01185	0.00688	0.00800	0.00571	0.00398	0.00337	0.00112	0.00545	0.00272	0.00190	0.00606
4	0.00645	0.00477	0.00572	0.00588	0.00719	0.00430	0.00468	0.00803	0.01074	0.03786	0.19051	0.06660	0.40553	0.01107	0.00551	0.00164	0.00278	0.21234	0.00434	0.00407
5	0.01040	0.00994	0.01694	0.23478	0.61285	0.01045	0.01339	0.01314	0.00987	0.01379	0.00829	0.01129	0.00680	0.00411	0.00444	0.00137	0.00548	0.00398	0.00216	0.00654
6	0.01193	0.59848	0.17242	0.00902	0.01323	0.09068	0.00943	0.02897	0.00971	0.01159	0.00671	0.00775	0.00576	0.00401	0.00327	0.00107	0.00543	0.00264	0.00199	0.00589
7	0.01079	0.01021	0.01678	0.02423	0.69033	0.00991	0.01242	0.01335	0.01004	0.01461	0.00834	0.01079	0.00701	0.00388	0.00426	0.00123	0.00500	0.00378	0.00228	0.14074
8	0.00624	0.00489	0.00665	0.00722	0.00749	0.00530	0.00523	0.00714	0.00842	0.01145	0.02168	0.65765	0.02565	0.01294	0.00713	0.00185	0.13155	0.06384	0.00381	0.00386
9	0.00561	0.00396	0.00514	0.00602	0.00624	0.00374	0.00393	0.00627	0.00825	0.01099	0.02302	0.71434	0.02752	0.14236	0.00835	0.00221	0.00286	0.01175	0.00393	0.00349
10	0.14327	0.00872	0.01319	0.50766	0.16215	0.01034	0.01126	0.03141	0.00916	0.01370	0.00774	0.01093	0.00602	0.00451	0.00466	0.00146	0.04250	0.00374	0.00221	0.00538
11	0.00562	0.00399	0.00525	0.00612	0.00637	0.00381	0.00405	0.00635	0.00825	0.01104	0.02277	0.70312	0.02709	0.11261	0.04885	0.00238	0.00327	0.01159	0.00389	0.00354
12	0.00563	0.00402	0.00530	0.00608	0.00645	0.00376	0.00410	0.00658	0.00911	0.01231	0.14619	0.67873	0.03094	0.05033	0.00641	0.00187	0.00260	0.01172	0.00421	0.00368
13	0.00577	0.00418	0.00551	0.00638	0.00690	0.00391	0.00458	0.00685	0.00920	0.01218	0.07506	0.61057	0.08564	0.01326	0.00573	0.00181	0.00278	0.13176	0.00420	0.00376
14	0.00690	0.00473	0.00576	0.00594	0.00686	0.00460	0.00428	0.00934	0.08042	0.02848	0.25265	0.35585	0.06337	0.01027	0.00504	0.00153	0.00246	0.00909	0.13816	0.00427
15	0.01036	0.01157	0.02403	0.05206	0.02203	0.01160	0.65273	0.01370	0.00996	0.01370	0.00855	0.01173	0.00662	0.00438	0.00659	0.00157	0.12576	0.00503	0.00221	0.00583
16	0.01650	0.01369	0.01317	0.01047	0.01371	0.13934	0.00850	0.62331	0.05350	0.02463	0.01034	0.01056	0.00754	0.00535	0.00469	0.00134	0.02828	0.00389	0.00407	0.00713
17	0.00967	0.00992	0.01679	0.13159	0.03351	0.01211	0.21710	0.01173	0.00821	0.01186	0.00733	0.01106	0.00638	0.00734	0.04636	0.00199	0.44544	0.00432	0.00207	0.00521
18	0.30121	0.00937	0.00933	0.00766	0.01077	0.04519	0.00619	0.09059	0.13202	0.22488	0.01165	0.01135	0.00830	0.00483	0.00377	0.00130	0.00388	0.00355	0.00388	0.11029
19	0.00597	0.00469	0.00663	0.00672	0.00764	0.00431	0.05413	0.00728	0.00972	0.01285	0.15127	0.47493	0.17293	0.01203	0.00556	0.00169	0.00285	0.05072	0.00415	0.00393
20	0.00599	0.00689	0.13129	0.00718	0.00847	0.00468	0.00604	0.00746	0.00875	0.01187	0.02275	0.68555	0.05118	0.01242	0.00547	0.00174	0.00321	0.01115	0.00380	0.00410
21	0.00742	0.00878	0.13316	0.11771	0.01246	0.04285	0.00762	0.01015	0.04928	0.01355	0.15932	0.20690	0.14352	0.00904	0.00508	0.00156	0.00392	0.05942	0.00358	0.00467
22	0.05253	0.01022	0.01150	0.04537	0.01291	0.01101	0.00757	0.48977	0.03311	0.13004	0.13565	0.01487	0.01335	0.00590	0.00453	0.00137	0.00429	0.00467	0.00450	0.00684

[dist]
# distance from previous block
# <min> <max>
0	1

[block]
# block no. 3 follows, 58 sequences, length 12
# corresponding to MSA columns:
# 594-596,603,605-610,675,676
name=unknown_D
#
# <colnr> <probs for GDERKNQSTAVLIFYWHMCP>
#	G	D	E	R	K	N	Q	S	T	A	V	L	I	F	Y	W	H	M	C	P
0	0.01635	0.01099	0.01216	0.00960	0.01294	0.01192	0.00784	0.49074	0.18434	0.17477	0.01361	0.01283	0.00953	0.00555	0.00450	0.00139	0.00442	0.00433	0.00469	0.00750
1	0.66471	0.01175	0.00807	0.00726	0.00992	0.20923	0.00577	0.01430	0.00885	0.01784	0.00640	0.00746	0.00507	0.00426	0.00308	0.00133	0.00459	0.00253	0.00265	0.00493
2	0.00834	0.00417	0.00417	0.00417	0.00521	0.00417	0.00313	0.01042	0.00938	0.01668	0.01459	0.01668	0.01147	0.00521	0.00313	0.00104	0.00208	0.00417	0.86763	0.00417
3	0.00834	0.00696	0.00828	0.00653	0.00960	0.00539	0.00502	0.01003	0.00910	0.01380	0.01203	0.21233	0.01224	0.00593	0.00390	0.00094	0.00314	0.00511	0.00302	0.65830
4	0.00571	0.00400	0.00511	0.00590	0.00609	0.00381	0.00380	0.00630	0.00806	0.01075	0.02207	0.64170	0.02633	0.21663	0.00988	0.00243	0.00302	0.01120	0.00380	0.00341
5	0.01037	0.63974	0.01898	0.00731	0.01026	0.01426	0.00680	0.01164	0.00896	0.01074	0.01073	0.21075	0.01157	0.00632	0.00356	0.00117	0.00425	0.00492	0.00246	0.00523
6	0.00856	0.04676	0.55881	0.01050	0.01522	0.00920	0.01245	0.01267	0.04197	0.01289	0.00987	0.01451	0.00859	0.20931	0.00874	0.00212	0.00586	0.00413	0.00220	0.00565
7	0.03242	0.00756	0.03969	0.00719	0.00958	0.02824	0.00599	0.05112	0.02981	0.06871	0.09676	0.08461	0.15365	0.00797	0.00491	0.00138	0.02037	0.12989	0.00375	0.21640
8	0.01101	0.01098	0.00940	0.00874	0.01073	0.20803	0.00664	0.01757	0.38322	0.01518	0.07060	0.07926	0.07501	0.03523	0.00529	0.00156	0.00444	0.03755	0.00389	0.00566
9	0.00552	0.00417	0.00511	0.00566	0.00639	0.00375	0.00395	0.00658	0.00958	0.01248	0.13521	0.50401	0.25621	0.01260	0.00553	0.00167	0.00244	0.01116	0.00426	0.00375
10	0.04095	0.00829	0.00942	0.00800	0.01024	0.00874	0.00629	0.32766	0.05837	0.08474	0.21016	0.17151	0.02068	0.00792	0.00485	0.00146	0.00359	0.00668	0.00456	0.00592
11	0.01124	0.01021	0.01628	0.01242	0.01516	0.04393	0.32441	0.14340	0.04244	0.04687	0.01096	0.01604	0.00957	0.20962	0.00994	0.00218	0.06178	0.00514	0.00294	0.00547

[dist]
# distance from previous block
# <min> <max>
5	18

[block]
# block no. 4 follows, 58 sequences, length 18
# corresponding to MSA columns:
# 695-712
name=unknown_E
#
# <colnr> <probs for GDERKNQSTAVLIFYWHMCP>
#	G	D	E	R	K	N	Q	S	T	A	V	L	I	F	Y	W	H	M	C	P
0	0.11070	0.01162	0.03467	0.04303	0.01200	0.20835	0.00714	0.03305	0.01039	0.05313	0.06878	0.01254	0.04248	0.00559	0.01625	0.00128	0.08782	0.00372	0.00287	0.23458
1	0.01084	0.29809	0.46825	0.01087	0.01625	0.01259	0.03652	0.01447	0.00961	0.07223	0.00816	0.00919	0.00612	0.00419	0.00384	0.00126	0.00582	0.00315	0.00218	0.00637
2	0.00789	0.00604	0.00705	0.00628	0.00833	0.00525	0.00477	0.06693	0.01049	0.03903	0.06071	0.24761	0.22619	0.00909	0.00478	0.00135	0.00294	0.03059	0.00383	0.25085
3	0.03805	0.01211	0.01199	0.00949	0.01285	0.09803	0.00766	0.45045	0.10942	0.04720	0.01084	0.01095	0.00799	0.00500	0.00420	0.00123	0.00475	0.00377	0.00394	0.15008
4	0.00970	0.17881	0.60823	0.01151	0.01729	0.01184	0.01414	0.01473	0.06818	0.01381	0.00843	0.00955	0.00627	0.00430	0.00401	0.00134	0.00604	0.00326	0.00209	0.00648
5	0.01006	0.27975	0.51117	0.01224	0.07556	0.01270	0.01354	0.01389	0.00939	0.01306	0.00749	0.00885	0.00579	0.00410	0.00383	0.00127	0.00594	0.00307	0.00192	0.00637
6	0.00887	0.00715	0.00815	0.00807	0.02911	0.00771	0.00610	0.03828	0.36152	0.01638	0.09223	0.12509	0.10631	0.00863	0.00499	0.00158	0.00325	0.11440	0.04665	0.00551
7	0.00873	0.00810	0.01366	0.57945	0.13199	0.00957	0.04109	0.01149	0.00904	0.01210	0.00888	0.03257	0.00720	0.00622	0.04680	0.00176	0.02634	0.00429	0.03556	0.00518
8	0.00869	0.00816	0.01352	0.75663	0.07021	0.01002	0.01227	0.01206	0.04213	0.01189	0.00840	0.01208	0.00634	0.00451	0.00447	0.00148	0.00583	0.00402	0.00211	0.00517
9	0.01261	0.01250	0.01626	0.07795	0.53134	0.16158	0.01212	0.07589	0.01147	0.03357	0.00850	0.01064	0.00690	0.00428	0.00436	0.00131	0.00580	0.00380	0.00247	0.00664
10	0.00651	0.00434	0.00488	0.00488	0.00488	0.00434	0.00271	0.00651	0.00651	0.00867	0.01409	0.02927	0.01626	0.84279	0.02277	0.00434	0.00434	0.00651	0.00271	0.00271
11	0.01013	0.34256	0.51036	0.01077	0.01630	0.01323	0.01308	0.01387	0.00931	0.01275	0.00733	0.00856	0.00570	0.00409	0.00371	0.00124	0.00590	0.00295	0.00190	0.00627
12	0.01288	0.01134	0.01901	0.01409	0.01782	0.01150	0.39578	0.26509	0.05732	0.06310	0.03068	0.03862	0.00922	0.00506	0.00519	0.00147	0.02681	0.00509	0.00339	0.00653
13	0.00777	0.00389	0.00583	0.00583	0.00583	0.00389	0.00389	0.00583	0.00583	0.00777	0.00777	0.01360	0.00777	0.01554	0.01748	0.86985	0.00389	0.00389	0.00194	0.00194
14	0.00706	0.00396	0.00566	0.00586	0.00605	0.00385	0.00396	0.00615	0.00713	0.00956	0.07976	0.19927	0.03957	0.01454	0.01349	0.57904	0.00340	0.00636	0.00275	0.00256
15	0.01487	0.01118	0.01562	0.01208	0.03213	0.03041	0.20672	0.35382	0.05664	0.15741	0.01351	0.01375	0.04955	0.00529	0.00472	0.00140	0.00527	0.00473	0.00399	0.00692
16	0.01232	0.01040	0.01426	0.01141	0.01423	0.10075	0.22328	0.13738	0.06657	0.11965	0.05053	0.15091	0.01414	0.00686	0.00498	0.00150	0.00520	0.04601	0.00372	0.00588
17	0.01051	0.01192	0.02558	0.01839	0.02263	0.01147	0.74774	0.01410	0.01032	0.01410	0.00884	0.01192	0.00673	0.00403	0.00589	0.00154	0.06091	0.00519	0.00224	0.00596

[dist]
# distance from previous block
# <min> <max>
20	92

[block]
# block no. 5 follows, 58 sequences, length 8
# corresponding to MSA columns:
# 861-868
name=unknown_F
#
# <colnr> <probs for GDERKNQSTAVLIFYWHMCP>
#	G	D	E	R	K	N	Q	S	T	A	V	L	I	F	Y	W	H	M	C	P
0	0.17967	0.01067	0.08992	0.07246	0.06975	0.03316	0.00849	0.08555	0.06683	0.03425	0.00929	0.03561	0.00760	0.00519	0.00532	0.00137	0.11755	0.00374	0.03404	0.12955
1	0.06489	0.00927	0.04116	0.00870	0.01125	0.03031	0.03730	0.18512	0.04817	0.09637	0.05508	0.14362	0.05186	0.00712	0.00539	0.00143	0.07248	0.01863	0.00376	0.10809
2	0.05264	0.18932	0.05481	0.00801	0.01097	0.09575	0.00702	0.08211	0.03114	0.03129	0.03035	0.01594	0.15973	0.00590	0.00469	0.00122	0.06311	0.00434	0.00297	0.14870
3	0.09942	0.11622	0.11569	0.04524	0.01316	0.03555	0.06220	0.03230	0.04989	0.01404	0.01181	0.04600	0.01124	0.02859	0.00577	0.00156	0.07744	0.15656	0.00283	0.07448
4	0.04908	0.07218	0.01420	0.04072	0.05307	0.00981	0.15637	0.03566	0.00960	0.01402	0.05849	0.04609	0.04744	0.00607	0.00642	0.00142	0.16963	0.03611	0.03575	0.13786
5	0.04763	0.00760	0.01076	0.00951	0.04123	0.00811	0.08394	0.04801	0.05007	0.03899	0.25805	0.11507	0.02061	0.00760	0.00665	0.00150	0.15638	0.00627	0.00361	0.07842
6	0.00981	0.00983	0.01452	0.01195	0.01277	0.01273	0.08662	0.01116	0.00744	0.01148	0.00638	0.00996	0.00603	0.00700	0.01268	0.00179	0.67435	0.00393	0.00205	0.08749
7	0.01125	0.00867	0.01159	0.04414	0.01308	0.00735	0.08372	0.07438	0.01072	0.11122	0.00943	0.01049	0.00722	0.00383	0.00379	0.00092	0.00403	0.00329	0.00307	0.57780

[dist]
# distance from previous block
# <min> <max>
2	21

[block]
# block no. 6 follows, 58 sequences, length 7
# corresponding to MSA columns:
# 891-897
name=unknown_G
#
# <colnr> <probs for GDERKNQSTAVLIFYWHMCP>
#	G	D	E	R	K	N	Q	S	T	A	V	L	I	F	Y	W	H	M	C	P
0	0.00847	0.00694	0.01014	0.00860	0.01039	0.03999	0.11406	0.01017	0.00833	0.05254	0.01146	0.01697	0.01052	0.14123	0.41645	0.00463	0.00859	0.00475	0.00261	0.11319
1	0.01165	0.00719	0.00953	0.00756	0.01028	0.00641	0.04102	0.05054	0.01013	0.22688	0.01260	0.03849	0.01047	0.11687	0.13550	0.00245	0.00518	0.00444	0.00350	0.28931
2	0.28130	0.01166	0.01031	0.00876	0.01164	0.11512	0.00700	0.24741	0.22741	0.02093	0.01086	0.01092	0.00814	0.00508	0.00391	0.00138	0.00450	0.00366	0.00369	0.00630
3	0.23945	0.01019	0.01618	0.01243	0.01516	0.01124	0.30122	0.01276	0.00862	0.01485	0.00731	0.00993	0.00600	0.00500	0.00715	0.00154	0.24233	0.00393	0.00234	0.07239
4	0.01346	0.00983	0.01609	0.02228	0.60170	0.00955	0.01183	0.01587	0.01088	0.22778	0.01086	0.01217	0.00814	0.00440	0.00445	0.00134	0.00491	0.00412	0.00310	0.00723
5	0.01201	0.23173	0.01402	0.00885	0.01184	0.01318	0.00739	0.10845	0.50663	0.01761	0.01418	0.01349	0.01087	0.00540	0.00410	0.00135	0.00403	0.00423	0.00384	0.00678
6	0.23821	0.00814	0.01160	0.61283	0.02493	0.00996	0.01041	0.01189	0.00859	0.01372	0.00749	0.01069	0.00567	0.00439	0.00402	0.00146	0.00530	0.00356	0.00219	0.00494

[dist]
# distance from previous block
# <min> <max>
0	4

[block]
# block no. 7 follows, 58 sequences, length 35
# corresponding to MSA columns:
# 902-925,934-944
name=unknown_H
#
# <colnr> <probs for GDERKNQSTAVLIFYWHMCP>
#	G	D	E	R	K	N	Q	S	T	A	V	L	I	F	Y	W	H	M	C	P
0	0.00696	0.00499	0.00686	0.00750	0.00854	0.00489	0.00637	0.00904	0.01096	0.01467	0.24588	0.04566	0.03038	0.01145	0.00592	0.00188	0.00355	0.56601	0.00435	0.00415
1	0.00868	0.00795	0.01225	0.59954	0.02512	0.00882	0.01042	0.01138	0.00904	0.01232	0.00795	0.01118	0.00615	0.00415	0.00415	0.00126	0.00522	0.00360	0.00217	0.24867
2	0.01061	0.00914	0.00988	0.00841	0.01134	0.00967	0.00658	0.02025	0.58216	0.01755	0.01532	0.01460	0.01167	0.00529	0.00420	0.00128	0.00348	0.00438	0.00402	0.25018
3	0.01375	0.01010	0.01111	0.00915	0.01179	0.01099	0.00728	0.57640	0.01752	0.02347	0.01466	0.24429	0.01380	0.00780	0.00482	0.00148	0.00427	0.00647	0.00438	0.00649
4	0.25097	0.00555	0.00536	0.00516	0.00594	0.00594	0.00331	0.00838	0.00682	0.01188	0.01188	0.02307	0.01305	0.60657	0.01713	0.00351	0.00409	0.00536	0.00273	0.00331
5	0.01424	0.60948	0.01976	0.00774	0.01146	0.01457	0.00735	0.01576	0.01014	0.23797	0.00944	0.00944	0.00724	0.00431	0.00333	0.00108	0.00451	0.00299	0.00293	0.00627
6	0.25346	0.00846	0.00878	0.00670	0.01027	0.00772	0.00541	0.05801	0.03253	0.01703	0.00792	0.00901	0.00638	0.00375	0.00326	0.00093	0.00345	0.00274	0.00284	0.55133
7	0.25274	0.01906	0.59060	0.01082	0.01634	0.01029	0.01324	0.01388	0.00893	0.01583	0.00752	0.00883	0.00543	0.00422	0.00383	0.00141	0.00572	0.00306	0.00214	0.00611
8	0.00622	0.00444	0.00607	0.00711	0.00770	0.00430	0.00549	0.00756	0.00932	0.01228	0.02423	0.49442	0.02790	0.01329	0.00591	0.00192	0.00326	0.35058	0.00414	0.00385
9	0.00981	0.25477	0.59535	0.01131	0.01714	0.01245	0.01403	0.01395	0.00934	0.01314	0.00752	0.00881	0.00569	0.00413	0.00386	0.00129	0.00610	0.00305	0.00190	0.00637
10	0.00957	0.00494	0.00665	0.00672	0.00788	0.00446	0.00483	0.01061	0.00976	0.23861	0.02268	0.60759	0.02437	0.01163	0.00537	0.00169	0.00294	0.01040	0.00454	0.00475
11	0.00845	0.00700	0.00835	0.00634	0.00950	0.00547	0.00500	0.01047	0.01023	0.01552	0.23458	0.01607	0.01665	0.00496	0.00387	0.00087	0.00297	0.00418	0.00329	0.62623
12	0.01302	0.00919	0.01492	0.20022	0.41486	0.00933	0.01142	0.01549	0.01065	0.24020	0.01091	0.01243	0.00796	0.00453	0.00446	0.00138	0.00503	0.00413	0.00310	0.00677
13	0.00545	0.00389	0.00519	0.00623	0.00649	0.00363	0.00415	0.00623	0.00856	0.01142	0.02465	0.83987	0.02959	0.01401	0.00571	0.00182	0.00260	0.01272	0.00415	0.00363
14	0.01237	0.01220	0.02274	0.01644	0.02070	0.01203	0.57608	0.23562	0.01351	0.01823	0.00953	0.01169	0.00702	0.00422	0.00505	0.00146	0.00680	0.00493	0.00289	0.00648
15	0.00946	0.00881	0.01414	0.47691	0.09120	0.01105	0.03111	0.01180	0.00858	0.03488	0.00768	0.01132	0.00620	0.00544	0.00751	0.00161	0.25096	0.00401	0.00211	0.00523
16	0.00870	0.00578	0.00930	0.01192	0.23372	0.00578	0.00666	0.00805	0.00706	0.00970	0.00795	0.01289	0.00758	0.01229	0.01381	0.62521	0.00429	0.00391	0.00202	0.00339
17	0.00621	0.00421	0.00497	0.00526	0.00533	0.00414	0.00312	0.00643	0.00709	0.00945	0.01707	0.25760	0.02002	0.60935	0.01796	0.00363	0.00385	0.00825	0.00312	0.00297
18	0.10326	0.00779	0.01079	0.00922	0.01166	0.01686	0.11903	0.07805	0.04051	0.16694	0.01717	0.05421	0.03719	0.00762	0.00489	0.00160	0.00432	0.23926	0.06413	0.00551
19	0.00956	0.05804	0.55937	0.01423	0.02013	0.01099	0.23642	0.01418	0.00974	0.01404	0.00823	0.01008	0.00599	0.00410	0.00448	0.00142	0.00679	0.00382	0.00200	0.00641
20	0.01537	0.25347	0.01571	0.01043	0.01317	0.59749	0.00836	0.01660	0.01167	0.01083	0.00672	0.00782	0.00576	0.00439	0.00371	0.00110	0.00714	0.00274	0.00219	0.00534
21	0.00909	0.00908	0.01700	0.01252	0.01595	0.00818	0.40594	0.01202	0.01088	0.01540	0.23514	0.01749	0.01673	0.00519	0.00486	0.00130	0.00511	0.00551	0.00309	0.18953
22	0.00979	0.00979	0.01370	0.01174	0.01174	0.01370	0.00979	0.01077	0.00685	0.01077	0.00587	0.00979	0.00587	0.00783	0.01468	0.00196	0.83461	0.00391	0.00196	0.00489
23	0.00928	0.00795	0.00928	0.00663	0.01060	0.00596	0.00530	0.01126	0.00928	0.01458	0.00795	0.00928	0.00663	0.00331	0.00331	0.00066	0.00331	0.00265	0.00265	0.87014
24	0.01757	0.01100	0.01240	0.00958	0.01307	0.01168	0.00789	0.54184	0.05814	0.25018	0.01306	0.01230	0.00889	0.00545	0.00449	0.00136	0.00454	0.00421	0.00478	0.00758
25	0.00760	0.00681	0.01110	0.59943	0.02396	0.00816	0.01009	0.00996	0.00884	0.01143	0.01266	0.24514	0.01262	0.00716	0.00482	0.00158	0.00501	0.00644	0.00260	0.00459
26	0.01049	0.03611	0.07223	0.01807	0.02263	0.01148	0.71859	0.01424	0.01039	0.01416	0.00886	0.01174	0.00668	0.00386	0.00530	0.00149	0.02035	0.00506	0.00223	0.00604
27	0.01072	0.01137	0.02181	0.01611	0.02007	0.01126	0.57568	0.01699	0.23484	0.01556	0.01163	0.01337	0.00872	0.00442	0.00507	0.00151	0.00641	0.00522	0.00291	0.00633
28	0.00536	0.00453	0.00463	0.00461	0.00609	0.00381	0.00346	0.00656	0.01037	0.01249	0.09873	0.04238	0.75940	0.01118	0.00529	0.00150	0.00225	0.00935	0.00421	0.00381
29	0.07069	0.01172	0.02442	0.01799	0.04427	0.01127	0.69851	0.01413	0.01024	0.01463	0.00874	0.01164	0.00663	0.00392	0.00535	0.00151	0.03109	0.00500	0.00229	0.00595
30	0.01080	0.01077	0.01987	0.03284	0.01850	0.01135	0.44338	0.06091	0.06620	0.03571	0.01037	0.01460	0.00855	0.00551	0.00711	0.00162	0.17421	0.05914	0.00270	0.00585
31	0.00663	0.00513	0.00759	0.00745	0.00817	0.00612	0.00581	0.00814	0.00715	0.01037	0.01161	0.01732	0.01094	0.05185	0.74872	0.00675	0.06907	0.00477	0.00237	0.00402
32	0.00647	0.00454	0.00585	0.00553	0.00658	0.00422	0.00414	0.00858	0.01243	0.01785	0.75697	0.03225	0.04007	0.00887	0.00513	0.00138	0.00211	0.00782	0.06499	0.00422
33	0.01077	0.00870	0.01244	0.31645	0.13095	0.02766	0.01855	0.07981	0.08555	0.09057	0.11475	0.02656	0.02323	0.00564	0.00489	0.00145	0.02813	0.00484	0.00325	0.00582
34	0.00896	0.02012	0.63918	0.01313	0.01906	0.01007	0.13757	0.01365	0.00967	0.01405	0.01078	0.01219	0.06206	0.00467	0.00448	0.00144	0.00645	0.00404	0.00210	0.00632

[dist]
# distance from previous block
# <min> <max>
4	48

[block]
# block no. 8 follows, 58 sequences, length 8
# corresponding to MSA columns:
# 993-1000
name=unknown_I
#
# <colnr> <probs for GDERKNQSTAVLIFYWHMCP>
#	G	D	E	R	K	N	Q	S	T	A	V	L	I	F	Y	W	H	M	C	P
0	0.00931	0.11723	0.72852	0.01217	0.01846	0.01123	0.01551	0.01408	0.00940	0.01375	0.00782	0.00918	0.00567	0.00420	0.00409	0.00136	0.00640	0.00320	0.00189	0.00651
1	0.01692	0.01495	0.01322	0.01063	0.01386	0.23683	0.00854	0.58495	0.01873	0.02345	0.00969	0.01000	0.00710	0.00516	0.00435	0.00129	0.00579	0.00371	0.00388	0.00694
2	0.00845	0.00795	0.01342	0.83204	0.03081	0.00994	0.01242	0.01143	0.00894	0.01143	0.00795	0.01193	0.00596	0.00447	0.00447	0.00149	0.00596	0.00398	0.00199	0.00497
3	0.00934	0.00940	0.01755	0.51321	0.12160	0.01040	0.22873	0.01250	0.00954	0.01260	0.00831	0.01186	0.00632	0.00422	0.00469	0.00148	0.00632	0.00433	0.00209	0.00551
4	0.57249	0.07062	0.00857	0.00622	0.00940	0.00948	0.00518	0.01265	0.00818	0.01785	0.00670	0.00781	0.00540	0.00390	0.00293	0.00115	0.00352	0.00248	0.00267	0.24280
5	0.00882	0.00846	0.01350	0.60652	0.02557	0.01097	0.01170	0.01125	0.00837	0.01125	0.00738	0.01134	0.00594	0.00540	0.00728	0.00162	0.23378	0.00396	0.00198	0.00495
6	0.01270	0.01115	0.01686	0.02274	0.59467	0.01152	0.01229	0.22989	0.01317	0.01835	0.00905	0.01098	0.00723	0.00437	0.00444	0.00133	0.00521	0.00400	0.00284	0.00723
7	0.00973	0.00769	0.00911	0.00669	0.01041	0.00587	0.00531	0.01163	0.00946	0.06498	0.00953	0.05785	0.00824	0.00407	0.00353	0.00077	0.00330	0.00335	0.00292	0.76555

[dist]
# distance from previous block
# <min> <max>
0	98

[block]
# block no. 9 follows, 58 sequences, length 14
# corresponding to MSA columns:
# 1099-1112
name=unknown_J
#
# <colnr> <probs for GDERKNQSTAVLIFYWHMCP>
#	G	D	E	R	K	N	Q	S	T	A	V	L	I	F	Y	W	H	M	C	P
0	0.00989	0.00721	0.00835	0.00779	0.00932	0.00756	0.00582	0.31095	0.01335	0.01786	0.01931	0.52157	0.02115	0.01070	0.00524	0.00163	0.00349	0.00938	0.00428	0.00516
1	0.01070	0.48678	0.32859	0.00982	0.01452	0.01469	0.01117	0.01356	0.00911	0.01193	0.00690	0.00818	0.00572	0.00420	0.00401	0.00118	0.04818	0.00282	0.00191	0.00603
2	0.00722	0.00478	0.00620	0.00572	0.00697	0.00436	0.00433	0.00925	0.01252	0.07331	0.71075	0.03273	0.08667	0.00903	0.00522	0.00141	0.00224	0.00792	0.00492	0.00443
3	0.01386	0.01619	0.01137	0.00964	0.01259	0.51047	0.00736	0.01533	0.01137	0.01234	0.00731	0.00853	0.00609	0.00411	0.00376	0.00096	0.00624	0.00279	0.00244	0.33724
4	0.01354	0.01619	0.01296	0.32652	0.02035	0.51199	0.01009	0.01539	0.01124	0.01113	0.00731	0.00955	0.00584	0.00456	0.00420	0.00128	0.00726	0.00330	0.00218	0.00510
5	0.00599	0.00431	0.00568	0.00586	0.00661	0.00400	0.00419	0.00759	0.01109	0.01544	0.51006	0.34301	0.03736	0.01101	0.00544	0.00156	0.00230	0.00987	0.00463	0.00400
6	0.00734	0.01170	0.31834	0.00836	0.01155	0.00659	0.00895	0.01064	0.01143	0.01649	0.50368	0.02421	0.02818	0.00727	0.00488	0.00141	0.00384	0.00625	0.00376	0.00514
7	0.00799	0.00759	0.01456	0.01167	0.01390	0.00779	0.31004	0.01042	0.00848	0.01190	0.01086	0.01546	0.00950	0.02212	0.51035	0.00501	0.01028	0.00498	0.00234	0.00478
8	0.00777	0.00389	0.00583	0.00583	0.00583	0.00389	0.00389	0.00583	0.00583	0.00777	0.00777	0.01360	0.00777	0.01554	0.01748	0.86985	0.00389	0.00389	0.00194	0.00194
9	0.00651	0.00434	0.00488	0.00488	0.00488	0.00434	0.00271	0.00651	0.00651	0.00867	0.01409	0.02927	0.01626	0.84279	0.02277	0.00434	0.00434	0.00651	0.00271	0.00271
10	0.01453	0.00947	0.01517	0.01997	0.50644	0.00907	0.01098	0.01683	0.01119	0.32303	0.01196	0.01267	0.00862	0.00458	0.00446	0.00135	0.00474	0.00418	0.00349	0.00729
11	0.01239	0.01463	0.00980	0.00949	0.01101	0.50957	0.00692	0.01340	0.01110	0.01113	0.01372	0.32740	0.01491	0.00822	0.00468	0.00141	0.00597	0.00666	0.00301	0.00459
12	0.01878	0.01287	0.01126	0.00933	0.01234	0.32071	0.00737	0.02029	0.01275	0.50816	0.01353	0.01248	0.00903	0.00518	0.00432	0.00130	0.00544	0.00388	0.00430	0.00668
13	0.00948	0.00859	0.01215	0.51611	0.02345	0.01039	0.01037	0.01617	0.31525	0.01423	0.01189	0.01375	0.00892	0.00509	0.00450	0.00150	0.00503	0.00439	0.00297	0.00578

[dist]
# distance from previous block
# <min> <max>
0	18

[block]
# block no. 10 follows, 58 sequences, length 8
# corresponding to MSA columns:
# 1131-1138
name=unknown_K
#
# <colnr> <probs for GDERKNQSTAVLIFYWHMCP>
#	G	D	E	R	K	N	Q	S	T	A	V	L	I	F	Y	W	H	M	C	P
0	0.01630	0.00684	0.00950	0.00775	0.01047	0.00630	0.00630	0.01800	0.01126	0.59551	0.01609	0.01587	0.01110	0.01325	0.23054	0.00298	0.00606	0.00458	0.00467	0.00662
