[name]
unknown

[dist]
# distance from previous block
# <min> <max>
4	670

[block]
# block no. 0 follows, 49 sequences, length 34
# corresponding to MSA columns:
# 681-714
name=unknown_A
#
# <colnr> <probs for GDERKNQSTAVLIFYWHMCP>
#	G	D	E	R	K	N	Q	S	T	A	V	L	I	F	Y	W	H	M	C	P
0	0.00859	0.00704	0.00835	0.00763	0.00911	0.03162	0.04930	0.05021	0.05884	0.01502	0.08708	0.15685	0.21799	0.18847	0.01026	0.00240	0.01796	0.00875	0.04472	0.01981
1	0.05264	0.00684	0.00887	0.02952	0.05504	0.00696	0.02408	0.03704	0.01083	0.05395	0.10948	0.12588	0.14085	0.16638	0.04413	0.00260	0.04709	0.02690	0.02929	0.02164
2	0.02706	0.00699	0.00795	0.00792	0.03508	0.02029	0.00556	0.03651	0.12332	0.07016	0.09641	0.13552	0.16717	0.14189	0.03929	0.00244	0.00406	0.00811	0.05896	0.00530
3	0.04024	0.00773	0.03869	0.00801	0.03510	0.05679	0.00592	0.01040	0.02777	0.03024	0.09946	0.20141	0.21636	0.07131	0.03581	0.02226	0.02505	0.00877	0.05389	0.00478
4	0.02650	0.03625	0.11915	0.01202	0.02929	0.09559	0.14490	0.02860	0.02542	0.03318	0.02787	0.11064	0.04360	0.08909	0.03492	0.00215	0.05286	0.00619	0.03032	0.05145
5	0.07296	0.04788	0.01191	0.05765	0.01328	0.15960	0.04676	0.08767	0.04446	0.06160	0.18538	0.07851	0.06339	0.03983	0.00596	0.00169	0.00512	0.00642	0.00408	0.00584
6	0.01357	0.01170	0.05416	0.01347	0.10469	0.06804	0.10929	0.10918	0.08619	0.12446	0.09338	0.05219	0.06928	0.00697	0.00550	0.00159	0.02089	0.00608	0.04248	0.00688
7	0.18153	0.06491	0.01063	0.00816	0.01075	0.02525	0.02587	0.10348	0.04130	0.11375	0.04941	0.01559	0.01178	0.01008	0.10982	0.00233	0.01815	0.00455	0.18655	0.00610
8	0.18352	0.01254	0.04018	0.01100	0.01480	0.01310	0.06829	0.37322	0.10109	0.08629	0.01293	0.03891	0.00970	0.00603	0.00480	0.00159	0.00518	0.00477	0.00447	0.00759
9	0.00619	0.00470	0.00565	0.00630	0.00712	0.00422	0.00436	0.00726	0.01049	0.01346	0.07622	0.48894	0.29160	0.04030	0.00688	0.00200	0.00284	0.01261	0.00469	0.00416
10	0.02644	0.05914	0.01544	0.01228	0.01331	0.01402	0.04705	0.07073	0.00941	0.01398	0.00843	0.01253	0.00782	0.01296	0.14647	0.00305	0.51413	0.00454	0.00255	0.00572
11	0.01131	0.02523	0.03550	0.35499	0.36596	0.03062	0.04422	0.01444	0.01083	0.01465	0.00912	0.01271	0.00732	0.00491	0.00546	0.00160	0.03748	0.00448	0.00238	0.00678
12	0.01771	0.02122	0.01380	0.01243	0.01510	0.62951	0.00942	0.06334	0.11380	0.01459	0.00990	0.01090	0.00798	0.00654	0.03071	0.00159	0.00840	0.00372	0.00308	0.00625
13	0.00625	0.00446	0.00591	0.00696	0.00729	0.00417	0.00465	0.00719	0.00986	0.01321	0.06908	0.75111	0.03374	0.04133	0.00704	0.00212	0.00297	0.01386	0.00469	0.00411
14	0.01216	0.01141	0.01916	0.14832	0.60214	0.01206	0.01480	0.01506	0.01108	0.03154	0.00943	0.01265	0.00781	0.00495	0.00587	0.00158	0.06547	0.00451	0.00252	0.00747
15	0.00869	0.00747	0.01066	0.00989	0.01058	0.00956	0.00793	0.01076	0.03868	0.01225	0.01157	0.01696	0.01080	0.02722	0.51463	0.00595	0.27368	0.00511	0.00264	0.00498
16	0.00727	0.00523	0.00716	0.00716	0.00773	0.00580	0.00512	0.00841	0.00784	0.01102	0.01443	0.02475	0.01476	0.32747	0.51561	0.00694	0.01035	0.00613	0.00284	0.00398
17	0.01079	0.05753	0.67829	0.01422	0.02097	0.05147	0.03414	0.01604	0.01075	0.01552	0.00886	0.01058	0.00645	0.00495	0.00522	0.00159	0.03944	0.00375	0.00217	0.00726
18	0.01164	0.00989	0.01049	0.00952	0.01212	0.01116	0.00736	0.04856	0.61448	0.02032	0.04879	0.05938	0.09834	0.00799	0.00532	0.00172	0.00380	0.00671	0.00509	0.00735
19	0.00626	0.00470	0.00564	0.00628	0.00700	0.00426	0.00427	0.00723	0.01017	0.01309	0.06177	0.47516	0.26206	0.09763	0.00827	0.00222	0.00300	0.01233	0.00456	0.00407
20	0.01097	0.01093	0.01547	0.06447	0.01466	0.01522	0.01125	0.01222	0.00790	0.01222	0.00679	0.01122	0.00664	0.00861	0.01585	0.00218	0.76123	0.00443	0.00221	0.00554
21	0.01760	0.00970	0.01195	0.01053	0.06299	0.02175	0.00790	0.18145	0.05507	0.37909	0.08300	0.03911	0.08231	0.00725	0.00525	0.00158	0.00440	0.00597	0.00541	0.00770
22	0.01617	0.22730	0.06814	0.01186	0.05044	0.05758	0.01006	0.37905	0.09268	0.02285	0.01109	0.01151	0.00844	0.00549	0.00455	0.00142	0.00570	0.00406	0.00388	0.00775
23	0.01304	0.29592	0.13201	0.02780	0.04379	0.04580	0.08754	0.09437	0.01156	0.01526	0.00825	0.01038	0.00691	0.00560	0.00695	0.00154	0.18019	0.00386	0.00254	0.00669
24	0.00683	0.00472	0.00576	0.00622	0.00671	0.00447	0.00410	0.00779	0.00984	0.01345	0.12781	0.37858	0.08833	0.24425	0.01166	0.00272	0.00336	0.01076	0.05867	0.00395
25	0.01338	0.03398	0.05786	0.06584	0.04509	0.05836	0.22534	0.14471	0.18258	0.03413	0.03932	0.03754	0.01147	0.00593	0.00552	0.00164	0.02092	0.00548	0.00372	0.00717
26	0.01106	0.01106	0.01549	0.01328	0.01328	0.01549	0.01106	0.01217	0.00774	0.01217	0.00664	0.01106	0.00664	0.00885	0.01659	0.00221	0.81303	0.00443	0.00221	0.00553
27	0.01247	0.01279	0.01644	0.26583	0.25854	0.14060	0.01294	0.03003	0.04178	0.01456	0.00946	0.01311	0.00787	0.00571	0.00665	0.00165	0.12245	0.01801	0.00259	0.00651
28	0.00625	0.00513	0.00550	0.00541	0.00700	0.00438	0.00405	0.00778	0.01216	0.01518	0.21998	0.04617	0.61899	0.01224	0.00597	0.00168	0.00252	0.01032	0.00490	0.00438
29	0.00718	0.00591	0.03528	0.00660	0.00803	0.00498	0.00522	0.00959	0.01391	0.01958	0.70049	0.05761	0.08572	0.01041	0.00594	0.00161	0.00259	0.00917	0.00537	0.00483
30	0.01252	0.01201	0.02053	0.03104	0.79074	0.01201	0.01552	0.01552	0.01151	0.01652	0.00951	0.01252	0.00801	0.00451	0.00501	0.00150	0.00601	0.00451	0.00250	0.00801
31	0.00988	0.00917	0.01517	0.78272	0.03417	0.01139	0.01389	0.03904	0.01058	0.01357	0.00910	0.01344	0.00680	0.00509	0.00506	0.00168	0.00670	0.00450	0.00234	0.00572
32	0.85801	0.00978	0.00743	0.00665	0.00978	0.01134	0.00548	0.01486	0.00861	0.02269	0.00704	0.00821	0.00548	0.00469	0.00313	0.00156	0.00391	0.00274	0.00313	0.00548
33	0.01149	0.00712	0.00832	0.00755	0.00979	0.00688	0.00581	0.01587	0.18384	0.19881	0.09547	0.14082	0.26736	0.01016	0.00565	0.00171	0.00333	0.00864	0.00524	0.00614

[dist]
# distance from previous block
# <min> <max>
0	1

[block]
# block no. 1 follows, 49 sequences, length 76
# corresponding to MSA columns:
# 716-771,773-792
name=unknown_B
#
# <colnr> <probs for GDERKNQSTAVLIFYWHMCP>
#	G	D	E	R	K	N	Q	S	T	A	V	L	I	F	Y	W	H	M	C	P
0	0.01287	0.01378	0.04044	0.02501	0.45565	0.08697	0.18737	0.01648	0.04576	0.01606	0.00987	0.01262	0.00802	0.00482	0.00569	0.00157	0.04223	0.00475	0.00262	0.00741
1	0.01074	0.04488	0.15402	0.01232	0.01500	0.04863	0.06931	0.01313	0.00967	0.01395	0.02331	0.09163	0.01023	0.00788	0.02084	0.00184	0.32540	0.00519	0.00266	0.11939
2	0.05567	0.01397	0.01484	0.01142	0.01543	0.01549	0.00943	0.74090	0.02312	0.03147	0.01192	0.01197	0.00846	0.00601	0.00497	0.00152	0.00549	0.00447	0.00497	0.00846
3	0.01409	0.09690	0.01364	0.01045	0.02651	0.14179	0.00829	0.26610	0.03444	0.01918	0.01294	0.03941	0.03345	0.01408	0.20363	0.00308	0.00783	0.00481	0.00361	0.04576
4	0.01203	0.01268	0.01534	0.01324	0.01357	0.11306	0.01090	0.01316	0.00856	0.01220	0.00678	0.01082	0.00662	0.00840	0.01510	0.00210	0.71330	0.00428	0.00226	0.00557
5	0.01027	0.00878	0.01043	0.00799	0.02923	0.00670	0.00613	0.01245	0.01046	0.01626	0.01016	0.06002	0.00909	0.00450	0.00394	0.00085	0.00375	0.00373	0.00309	0.78220
6	0.00747	0.00546	0.00720	0.00712	0.00750	0.00609	0.00495	0.00831	0.00780	0.01088	0.01495	0.06282	0.01604	0.41798	0.33824	0.00591	0.05777	0.00672	0.00294	0.00385
7	0.01889	0.02410	0.01433	0.01303	0.01563	0.80199	0.00977	0.02019	0.01433	0.01238	0.00782	0.00912	0.00651	0.00521	0.00456	0.00130	0.00912	0.00326	0.00261	0.00586
8	0.01175	0.01094	0.01671	0.03536	0.47343	0.01166	0.01246	0.01671	0.16332	0.01713	0.06516	0.01666	0.04027	0.00607	0.00619	0.00162	0.07861	0.00527	0.00328	0.00739
9	0.00603	0.00512	0.00520	0.00518	0.00686	0.00429	0.00389	0.00736	0.01166	0.01397	0.08538	0.04816	0.75435	0.01269	0.00598	0.00170	0.00255	0.01060	0.00474	0.00429
10	0.01418	0.01344	0.01841	0.09249	0.49964	0.09704	0.01369	0.15602	0.01396	0.01861	0.00977	0.01217	0.00785	0.00492	0.00497	0.00150	0.00632	0.00438	0.00296	0.00768
11	0.01019	0.02585	0.77732	0.01458	0.02200	0.01177	0.03715	0.01602	0.01071	0.01602	0.00910	0.01075	0.00644	0.00479	0.00483	0.00160	0.00750	0.00379	0.00215	0.00746
12	0.00676	0.00495	0.00634	0.00642	0.00742	0.00453	0.00465	0.00861	0.01273	0.01753	0.49896	0.25515	0.12291	0.01212	0.00610	0.00173	0.00256	0.01076	0.00523	0.00453
13	0.01242	0.05724	0.38145	0.02891	0.07515	0.14864	0.01444	0.05093	0.01152	0.01528	0.00961	0.01154	0.02604	0.00571	0.00654	0.00161	0.12969	0.00399	0.00246	0.00684
14	0.00727	0.00490	0.00551	0.00554	0.00561	0.00486	0.00314	0.00734	0.00756	0.01002	0.01747	0.05514	0.04513	0.77253	0.02453	0.00472	0.00477	0.00766	0.00316	0.00313
15	0.01141	0.02692	0.01530	0.10641	0.25144	0.05953	0.04709	0.04482	0.11528	0.01564	0.01195	0.01515	0.00996	0.01389	0.21628	0.00331	0.02118	0.00487	0.00298	0.00658
16	0.01495	0.01068	0.01180	0.01006	0.01317	0.01177	0.00797	0.14820	0.48541	0.14702	0.06755	0.01869	0.01588	0.00685	0.00517	0.00165	0.00421	0.00564	0.00534	0.00799
17	0.00822	0.00720	0.00990	0.00966	0.00983	0.00888	0.00737	0.00919	0.00887	0.01260	0.01896	0.48005	0.02220	0.01291	0.01071	0.00212	0.34278	0.01020	0.00365	0.00470
18	0.80344	0.01010	0.00791	0.03869	0.01092	0.03103	0.00592	0.01492	0.00881	0.02204	0.00714	0.00845	0.00555	0.00472	0.00324	0.00156	0.00415	0.00282	0.00308	0.00549
19	0.01077	0.01024	0.01738	0.48869	0.34671	0.01156	0.01465	0.01399	0.01069	0.01441	0.00920	0.01308	0.00726	0.00483	0.00504	0.00161	0.00644	0.00450	0.00235	0.00660
20	0.01338	0.27080	0.03814	0.01298	0.08240	0.19434	0.03347	0.01548	0.02999	0.01291	0.00854	0.01102	0.00757	0.00902	0.09139	0.00217	0.15399	0.00379	0.00245	0.00617
21	0.00735	0.00490	0.00552	0.00552	0.00552	0.00490	0.00306	0.00735	0.00735	0.00980	0.01593	0.03309	0.01838	0.82229	0.02574	0.00490	0.00490	0.00735	0.00306	0.00306
22	0.00973	0.00917	0.01549	0.76244	0.08110	0.01128	0.01413	0.01308	0.01020	0.01314	0.00902	0.01342	0.00682	0.00502	0.00505	0.00167	0.00670	0.00449	0.00226	0.00576
23	0.00617	0.00444	0.00586	0.00696	0.00732	0.00413	0.00466	0.00710	0.00984	0.01308	0.04392	0.77547	0.06108	0.01562	0.00643	0.00203	0.00291	0.01414	0.00471	0.00413
24	0.00601	0.00512	0.00513	0.00513	0.00680	0.00428	0.00382	0.00726	0.01142	0.01357	0.05037	0.04829	0.77001	0.03244	0.00646	0.00179	0.00262	0.01059	0.00466	0.00424
25	0.00615	0.00444	0.00582	0.00693	0.00731	0.00412	0.00465	0.00705	0.00979	0.01295	0.02921	0.77469	0.07687	0.01567	0.00643	0.00203	0.00291	0.01416	0.00469	0.00412
26	0.01300	0.01139	0.01333	0.01149	0.01355	0.01399	0.00926	0.12699	0.41426	0.01963	0.01470	0.01529	0.01151	0.00742	0.00899	0.00185	0.27683	0.00512	0.00414	0.00725
27	0.01049	0.00899	0.01049	0.00749	0.01198	0.00674	0.00599	0.01273	0.01049	0.01648	0.00899	0.01049	0.00749	0.00374	0.00374	0.00075	0.00374	0.00300	0.00300	0.85320
28	0.01107	0.01098	0.01727	0.33764	0.20274	0.03652	0.05451	0.01371	0.00999	0.01370	0.00848	0.01245	0.00705	0.00596	0.00834	0.00178	0.23473	0.00452	0.00232	0.00622
29	0.01207	0.01091	0.01697	0.41762	0.30276	0.03161	0.01389	0.08293	0.01207	0.03693	0.00973	0.01301	0.00751	0.00499	0.00503	0.00159	0.00637	0.00449	0.00271	0.00683
30	0.20214	0.17668	0.34305	0.01107	0.01637	0.01383	0.01226	0.11959	0.03054	0.01900	0.00892	0.01002	0.00673	0.00491	0.00417	0.00148	0.00593	0.00347	0.00284	0.00700
31	0.00698	0.00510	0.00655	0.00631	0.00748	0.00468	0.00469	0.00915	0.01371	0.01914	0.66626	0.10158	0.10750	0.01098	0.00600	0.00164	0.00244	0.00969	0.00542	0.00468
32	0.00614	0.00464	0.00562	0.00639	0.00712	0.00418	0.00438	0.00712	0.01020	0.01305	0.03491	0.55138	0.27216	0.03917	0.00688	0.00203	0.00288	0.01299	0.00465	0.00413
33	0.01106	0.01106	0.01549	0.01328	0.01328	0.01549	0.01106	0.01217	0.00774	0.01217	0.00664	0.01106	0.00664	0.00885	0.01659	0.00221	0.81303	0.00443	0.00221	0.00553
34	0.01810	0.01381	0.01593	0.01216	0.01610	0.01519	0.05624	0.66618	0.02185	0.02947	0.01166	0.01213	0.00841	0.00601	0.00560	0.00153	0.04311	0.00458	0.00470	0.03722
35	0.01555	0.01799	0.01770	0.04767	0.34547	0.40400	0.04770	0.01778	0.01288	0.01433	0.00869	0.01091	0.00721	0.00486	0.00483	0.00142	0.00769	0.00395	0.00255	0.00681
36	0.00735	0.00490	0.00552	0.00552	0.00552	0.00490	0.00306	0.00735	0.00735	0.00980	0.01593	0.03309	0.01838	0.82229	0.02574	0.00490	0.00490	0.00735	0.00306	0.00306
37	0.01190	0.01319	0.10017	0.11921	0.59323	0.01193	0.04609	0.01530	0.01128	0.01604	0.00943	0.01248	0.00768	0.00459	0.00503	0.00154	0.00634	0.00448	0.00244	0.00763
38	0.02269	0.00861	0.01174	0.00900	0.01291	0.00743	0.00743	0.02464	0.01447	0.79425	0.01995	0.01721	0.01252	0.00626	0.00509	0.00156	0.00430	0.00509	0.00626	0.00861
39	0.00796	0.00577	0.00833	0.00819	0.00930	0.00660	0.00638	0.01034	0.04427	0.03836	0.01496	0.02040	0.03082	0.03484	0.72015	0.00746	0.01254	0.00554	0.00299	0.00481
40	0.01476	0.01657	0.25487	0.03585	0.01706	0.04826	0.01179	0.22286	0.16643	0.11141	0.01477	0.01472	0.03563	0.00601	0.00501	0.00159	0.00580	0.00473	0.00410	0.00778
41	0.00708	0.00517	0.00665	0.00628	0.00751	0.00474	0.00471	0.00939	0.01412	0.01983	0.73810	0.03851	0.09797	0.01051	0.00596	0.00160	0.00240	0.00925	0.00551	0.00474
42	0.01507	0.59541	0.02302	0.00988	0.01374	0.23019	0.00897	0.03004	0.01161	0.01238	0.00733	0.00845	0.00653	0.00460	0.00363	0.00115	0.00641	0.00289	0.00233	0.00636
43	0.53719	0.01071	0.04987	0.00805	0.01168	0.01077	0.00699	0.08146	0.01144	0.21356	0.01076	0.01089	0.00753	0.00520	0.00386	0.00156	0.00433	0.00352	0.00401	0.00662
44	0.01361	0.60930	0.14437	0.01005	0.01466	0.10869	0.01034	0.01586	0.01080	0.01259	0.00744	0.00862	0.00648	0.00450	0.00364	0.00119	0.00615	0.00293	0.00221	0.00657
45	0.85801	0.00978	0.00743	0.00665	0.00978	0.01134	0.00548	0.01486	0.00861	0.02269	0.00704	0.00821	0.00548	0.00469	0.00313	0.00156	0.00391	0.00274	0.00313	0.00548
46	0.01362	0.01691	0.12312	0.07778	0.31931	0.22487	0.07053	0.03685	0.01242	0.01537	0.01048	0.01270	0.03336	0.00508	0.00497	0.00150	0.00716	0.00438	0.00261	0.00699
47	0.01026	0.02546	0.75794	0.01523	0.05970	0.01176	0.01853	0.01599	0.01072	0.01604	0.00910	0.01077	0.00648	0.00479	0.00481	0.00160	0.00740	0.00377	0.00215	0.00750
48	0.01291	0.01142	0.01514	0.04262	0.24646	0.01246	0.03818	0.09435	0.40638	0.02017	0.01649	0.01671	0.03155	0.00608	0.00514	0.00163	0.00497	0.00534	0.00415	0.00785
49	0.01136	0.00932	0.01025	0.00865	0.01162	0.00952	0.00679	0.11173	0.31096	0.02054	0.14801	0.02246	0.09900	0.00728	0.00505	0.00146	0.00372	0.00607	0.00469	0.19152
50	0.00689	0.00516	0.00639	0.00610	0.00737	0.00470	0.00455	0.00895	0.01334	0.01828	0.57978	0.03971	0.21653	0.03183	0.02659	0.00187	0.00277	0.00936	0.00523	0.00461
51	0.01224	0.01075	0.01479	0.01252	0.01310	0.01433	0.01038	0.03858	0.00892	0.08055	0.00826	0.01216	0.00752	0.02854	0.01514	0.00217	0.67726	0.00453	0.00270	0.02556
52	0.00656	0.00485	0.00608	0.00649	0.00736	0.00444	0.00463	0.00801	0.01148	0.01533	0.26970	0.36680	0.18397	0.04267	0.00693	0.00196	0.00283	0.04068	0.00491	0.00433
53	0.01375	0.74712	0.05203	0.00913	0.01345	0.06940	0.00907	0.01549	0.01055	0.01207	0.00715	0.00826	0.00649	0.00440	0.00338	0.00111	0.00571	0.00277	0.00219	0.00648
54	0.01076	0.01066	0.01548	0.13056	0.01654	0.01459	0.02298	0.01226	0.00817	0.01233	0.00721	0.01168	0.00682	0.00895	0.03440	0.00228	0.66208	0.00448	0.00224	0.00554
55	0.03282	0.44212	0.33713	0.01112	0.01664	0.03394	0.01269	0.03602	0.01085	0.01437	0.00801	0.00928	0.00649	0.00460	0.00395	0.00132	0.00630	0.00319	0.00226	0.00691
56	0.01774	0.10745	0.01620	0.02358	0.01564	0.37774	0.02489	0.25374	0.02915	0.03540	0.00956	0.01053	0.00747	0.00558	0.00518	0.00141	0.04463	0.00381	0.00342	0.00688
57	0.00738	0.00494	0.00561	0.00565	0.00569	0.00494	0.00325	0.00747	0.00751	0.01000	0.01633	0.03396	0.01877	0.79301	0.02506	0.00481	0.00489	0.03449	0.00312	0.00312
58	0.00721	0.00531	0.00769	0.00773	0.00849	0.00605	0.00582	0.00873	0.00807	0.01151	0.01436	0.04900	0.01414	0.14464	0.66865	0.00748	0.01200	0.00599	0.00283	0.00430
59	0.04296	0.15775	0.09367	0.06094	0.03637	0.03643	0.01082	0.05750	0.15039	0.01575	0.01005	0.01201	0.00829	0.00653	0.00851	0.00172	0.27657	0.00421	0.00294	0.00659
60	0.85801	0.00978	0.00743	0.00665	0.00978	0.01134	0.00548	0.01486	0.00861	0.02269	0.00704	0.00821	0.00548	0.00469	0.00313	0.00156	0.00391	0.00274	0.00313	0.00548
61	0.00955	0.00899	0.01517	0.81013	0.03483	0.01123	0.01404	0.01292	0.01011	0.01292	0.00899	0.01348	0.00674	0.00506	0.00506	0.00169	0.00674	0.00449	0.00225	0.00562
62	0.00708	0.00510	0.00670	0.00649	0.00759	0.00473	0.00483	0.00931	0.01379	0.01943	0.69562	0.11712	0.04589	0.01097	0.00603	0.00165	0.00249	0.02502	0.00546	0.00470
63	0.00735	0.00490	0.00552	0.00552	0.00552	0.00490	0.00306	0.00735	0.00735	0.00980	0.01593	0.03309	0.01838	0.82229	0.02574	0.00490	0.00490	0.00735	0.00306	0.00306
64	0.85801	0.00978	0.00743	0.00665	0.00978	0.01134	0.00548	0.01486	0.00861	0.02269	0.00704	0.00821	0.00548	0.00469	0.00313	0.00156	0.00391	0.00274	0.00313	0.00548
65	0.01014	0.02616	0.79609	0.01441	0.02189	0.01174	0.01868	0.01601	0.01068	0.01601	0.00907	0.01068	0.00641	0.00480	0.00480	0.00160	0.00747	0.00374	0.00214	0.00747
66	0.01030	0.00846	0.00999	0.01064	0.09929	0.02398	0.00724	0.07664	0.19931	0.03501	0.14111	0.09912	0.20786	0.00953	0.00562	0.00170	0.00381	0.03954	0.00470	0.00616
67	0.01431	0.21795	0.13669	0.01200	0.04224	0.12580	0.05138	0.15568	0.05059	0.04554	0.03113	0.03241	0.03365	0.00600	0.00494	0.01891	0.00612	0.00447	0.00330	0.00690
68	0.01922	0.01416	0.01518	0.01163	0.01568	0.01568	0.00961	0.77388	0.02378	0.03187	0.01214	0.01214	0.00860	0.00607	0.00506	0.00152	0.00556	0.00455	0.00506	0.00860
69	0.01218	0.10578	0.05144	0.01261	0.01402	0.01560	0.02328	0.10205	0.01012	0.01468	0.00766	0.01109	0.00700	0.00845	0.03206	0.00211	0.55698	0.00426	0.00256	0.00608
70	0.01377	0.00663	0.00888	0.00748	0.00984	0.00590	0.00590	0.01598	0.01438	0.34996	0.46088	0.02901	0.03272	0.00860	0.00559	0.00158	0.00320	0.00742	0.00586	0.00640
71	0.01479	0.01350	0.01968	0.12335	0.11025	0.05873	0.21501	0.30171	0.01604	0.02130	0.01039	0.01254	0.00782	0.00536	0.00583	0.00161	0.04646	0.00484	0.00344	0.00735
72	0.01087	0.00586	0.00783	0.00743	0.00905	0.00532	0.00566	0.01267	0.01272	0.21509	0.29575	0.27046	0.04461	0.01126	0.00596	0.00178	0.00321	0.06354	0.00540	0.00553
73	0.01139	0.01161	0.01544	0.01327	0.01337	0.04829	0.01101	0.01250	0.00802	0.01218	0.00669	0.01098	0.00663	0.00870	0.01609	0.00217	0.77951	0.00438	0.00223	0.00555
74	0.00653	0.00513	0.00601	0.00645	0.00773	0.00461	0.00496	0.00802	0.01131	0.01418	0.08583	0.19808	0.43496	0.01386	0.01831	0.00199	0.00321	0.15977	0.00471	0.00435
75	0.01226	0.52775	0.31306	0.01080	0.01630	0.01693	0.01239	0.01547	0.01042	0.01343	0.00779	0.00907	0.00646	0.00450	0.00383	0.00128	0.00618	0.00309	0.00215	0.00686

[dist]
# distance from previous block
# <min> <max>
0	1

[block]
# block no. 2 follows, 49 sequences, length 12
# corresponding to MSA columns:
# 794-805
name=unknown_C
#
# <colnr> <probs for GDERKNQSTAVLIFYWHMCP>
#	G	D	E	R	K	N	Q	S	T	A	V	L	I	F	Y	W	H	M	C	P
0	0.05073	0.48338	0.10413	0.01028	0.01453	0.17532	0.00988	0.07376	0.01208	0.01441	0.00779	0.00890	0.00660	0.00470	0.00381	0.00123	0.00632	0.00307	0.00251	0.00658
1	0.75264	0.01099	0.00859	0.00832	0.04783	0.07230	0.00629	0.01531	0.00919	0.02160	0.00722	0.00849	0.00568	0.00472	0.00333	0.00154	0.00441	0.00286	0.00306	0.00563
2	0.00713	0.00534	0.00670	0.00676	0.00800	0.00499	0.00519	0.00948	0.03494	0.01748	0.42952	0.12345	0.18480	0.01184	0.00615	0.00178	0.00287	0.12373	0.00516	0.00468
3	0.00703	0.00519	0.00674	0.00758	0.00858	0.00491	0.00599	0.00870	0.01117	0.01448	0.08185	0.29479	0.18109	0.01409	0.00655	0.00207	0.00355	0.32650	0.00474	0.00441
4	0.01221	0.01050	0.01112	0.01011	0.01282	0.01210	0.00782	0.02574	0.73778	0.02069	0.02100	0.06429	0.01646	0.00737	0.00522	0.00173	0.00394	0.00621	0.00512	0.00778
5	0.36653	0.00882	0.00961	0.00806	0.01138	0.00889	0.00669	0.01923	0.01177	0.40013	0.01527	0.01734	0.01121	0.00636	0.00446	0.00164	0.00418	0.07668	0.00481	0.00693
6	0.01635	0.01274	0.01294	0.01048	0.01385	0.06358	0.00843	0.46091	0.15083	0.05464	0.01829	0.01809	0.10175	0.02669	0.00565	0.00164	0.00511	0.00548	0.00487	0.00768
7	0.00606	0.00513	0.00524	0.00521	0.00688	0.00431	0.00391	0.00742	0.01173	0.01414	0.10477	0.04787	0.73485	0.01263	0.00598	0.00170	0.00255	0.01056	0.00476	0.00431
8	0.01178	0.04736	0.01324	0.01076	0.01257	0.04238	0.02923	0.07190	0.20203	0.03328	0.10935	0.01968	0.08459	0.00817	0.00908	0.00180	0.27677	0.00582	0.00388	0.00632
9	0.00691	0.00529	0.00634	0.00673	0.00771	0.00504	0.00475	0.00930	0.07973	0.01495	0.16159	0.41192	0.20247	0.04449	0.00689	0.00198	0.00293	0.01161	0.00482	0.00456
10	0.03367	0.03668	0.04154	0.00825	0.01257	0.00844	0.00693	0.10431	0.01200	0.01816	0.01011	0.04707	0.00867	0.00466	0.00403	0.00097	0.00413	0.00371	0.00326	0.63084
11	0.05137	0.63849	0.14566	0.00960	0.01431	0.04263	0.01011	0.01542	0.01039	0.01304	0.00737	0.00855	0.00643	0.00445	0.00352	0.00119	0.00578	0.00288	0.00222	0.00658

[dist]
# distance from previous block
# <min> <max>
0	1

[block]
# block no. 3 follows, 49 sequences, length 6
# corresponding to MSA columns:
# 807-812
name=unknown_D
#
# <colnr> <probs for GDERKNQSTAVLIFYWHMCP>
#	G	D	E	R	K	N	Q	S	T	A	V	L	I	F	Y	W	H	M	C	P
0	0.01060	0.10577	0.66820	0.01429	0.02129	0.01264	0.06727	0.01594	0.01072	0.01561	0.00894	0.01061	0.00650	0.00472	0.00472	0.00156	0.00733	0.00378	0.00217	0.00733
1	0.01244	0.00988	0.01068	0.00955	0.01228	0.01105	0.00744	0.02406	0.61586	0.07567	0.08523	0.02217	0.06643	0.00748	0.00526	0.00169	0.00380	0.00626	0.00523	0.00755
2	0.00725	0.00531	0.00756	0.00756	0.00827	0.00602	0.00562	0.00867	0.00796	0.01132	0.01406	0.02272	0.01388	0.20699	0.63487	0.00743	0.01168	0.00584	0.00279	0.00420
3	0.01106	0.01106	0.01549	0.01328	0.01328	0.01549	0.01106	0.01217	0.00774	0.01217	0.00664	0.01106	0.00664	0.00885	0.01659	0.00221	0.81303	0.00443	0.00221	0.00553
4	0.00619	0.00513	0.00542	0.00535	0.00696	0.00436	0.00401	0.00767	0.01203	0.01487	0.18577	0.04668	0.65340	0.01236	0.00597	0.00169	0.00253	0.01039	0.00485	0.00436
5	0.08909	0.02463	0.72265	0.01369	0.02076	0.01171	0.01745	0.01591	0.01048	0.01664	0.00889	0.01045	0.00632	0.00479	0.00465	0.00160	0.00714	0.00364	0.00223	0.00729

[dist]
# distance from previous block
# <min> <max>
0	10

[block]
# block no. 4 follows, 49 sequences, length 14
# corresponding to MSA columns:
# 825-838
name=unknown_E
#
# <colnr> <probs for GDERKNQSTAVLIFYWHMCP>
#	G	D	E	R	K	N	Q	S	T	A	V	L	I	F	Y	W	H	M	C	P
0	0.05839	0.24455	0.07570	0.01203	0.03979	0.43271	0.01001	0.01823	0.01256	0.04189	0.00815	0.00932	0.00672	0.00493	0.00418	0.00129	0.00743	0.00322	0.00260	0.00631
1	0.03407	0.04125	0.15262	0.15930	0.22868	0.09767	0.11316	0.05301	0.01191	0.01595	0.00992	0.04152	0.00815	0.00519	0.00501	0.00157	0.00685	0.00469	0.00263	0.00688
2	0.01435	0.01149	0.01272	0.01086	0.01370	0.01333	0.00867	0.18713	0.49144	0.06082	0.01714	0.01644	0.01281	0.00688	0.00642	0.00172	0.09607	0.00529	0.00485	0.00788
3	0.00815	0.00582	0.00815	0.00931	0.01048	0.00582	0.00815	0.01048	0.01164	0.01513	0.02677	0.05704	0.02910	0.01397	0.00698	0.00233	0.00466	0.75671	0.00466	0.00466
4	0.00631	0.00511	0.00560	0.00554	0.00705	0.00440	0.00413	0.00788	0.01222	0.01545	0.25276	0.07606	0.55531	0.01225	0.00599	0.00169	0.00253	0.01040	0.00493	0.00440
5	0.01467	0.00859	0.01020	0.00867	0.01150	0.00861	0.00690	0.08486	0.21662	0.27890	0.13917	0.04210	0.11183	0.00820	0.00541	0.00165	0.00382	0.02566	0.00550	0.00716
6	0.00722	0.00542	0.00813	0.00813	0.00903	0.00632	0.00632	0.00903	0.00813	0.01174	0.01354	0.01987	0.01264	0.03792	0.80225	0.00813	0.01354	0.00542	0.00271	0.00451
7	0.01123	0.01070	0.01820	0.36885	0.46299	0.01168	0.01488	0.01439	0.01091	0.01496	0.00928	0.01293	0.00746	0.00474	0.00503	0.00158	0.00633	0.00450	0.00239	0.00697
8	0.06464	0.01200	0.07124	0.01103	0.01495	0.01121	0.07366	0.24201	0.10559	0.25466	0.01667	0.05096	0.03493	0.00653	0.00512	0.00161	0.00510	0.00543	0.00486	0.00779
9	0.01922	0.01416	0.01518	0.01163	0.01568	0.01568	0.00961	0.77388	0.02378	0.03187	0.01214	0.01214	0.00860	0.00607	0.00506	0.00152	0.00556	0.00455	0.00506	0.00860
10	0.01382	0.78003	0.02581	0.00890	0.01313	0.06422	0.00872	0.01543	0.01050	0.01192	0.00707	0.00817	0.00649	0.00438	0.00332	0.00109	0.00562	0.00274	0.00219	0.00645
11	0.00691	0.00521	0.00642	0.00625	0.00758	0.00472	0.00478	0.00899	0.01335	0.01809	0.53028	0.04220	0.24702	0.01128	0.00605	0.00168	0.00261	0.06669	0.00526	0.00463
12	0.01233	0.03179	0.02027	0.09664	0.58835	0.03494	0.06058	0.01525	0.01123	0.01568	0.00922	0.01237	0.00771	0.00483	0.00574	0.00156	0.05706	0.00451	0.00246	0.00747
13	0.00667	0.00472	0.00618	0.00688	0.00725	0.00465	0.00465	0.00758	0.00924	0.01247	0.05695	0.48464	0.02800	0.19828	0.10897	0.00343	0.00472	0.03662	0.00412	0.00397

[dist]
# distance from previous block
# <min> <max>
6	17

[block]
# block no. 5 follows, 49 sequences, length 19
# corresponding to MSA columns:
# 856-874
name=unknown_F
#
# <colnr> <probs for GDERKNQSTAVLIFYWHMCP>
#	G	D	E	R	K	N	Q	S	T	A	V	L	I	F	Y	W	H	M	C	P
0	0.08163	0.01062	0.01662	0.20082	0.43719	0.01124	0.01307	0.04877	0.01145	0.01673	0.01122	0.03282	0.02560	0.00547	0.00495	0.00157	0.00573	0.03152	0.00280	0.03021
1	0.01124	0.00952	0.01060	0.02480	0.02789	0.01007	0.00727	0.04998	0.43777	0.01981	0.10998	0.02171	0.08295	0.00714	0.00507	0.00153	0.00380	0.00599	0.00469	0.14821
2	0.00943	0.00471	0.00471	0.00471	0.00589	0.00471	0.00353	0.01178	0.01060	0.01885	0.01650	0.01885	0.01296	0.00589	0.00353	0.00118	0.00236	0.00471	0.85036	0.00471
3	0.70184	0.04008	0.00893	0.00719	0.01049	0.01144	0.00598	0.04912	0.00995	0.10412	0.00863	0.00933	0.00639	0.00491	0.00342	0.00154	0.00408	0.00306	0.00351	0.00598
4	0.00740	0.00565	0.00835	0.00825	0.00907	0.00668	0.00639	0.00910	0.00808	0.01167	0.01333	0.02004	0.01262	0.07093	0.73252	0.00772	0.04955	0.00546	0.00270	0.00450
5	0.00818	0.00544	0.00681	0.00631	0.00784	0.00488	0.00479	0.01029	0.01371	0.08286	0.56116	0.03849	0.20907	0.01055	0.00589	0.00161	0.00258	0.00915	0.00543	0.00498
6	0.01231	0.01187	0.02045	0.08068	0.72064	0.01199	0.03688	0.01537	0.01144	0.01628	0.00950	0.01261	0.00792	0.00453	0.00504	0.00152	0.00613	0.00455	0.00249	0.00782
7	0.01077	0.05284	0.73758	0.01399	0.02121	0.01185	0.01788	0.01634	0.01082	0.04774	0.00945	0.01086	0.00666	0.00485	0.00476	0.00158	0.00727	0.00376	0.00231	0.00749
8	0.56137	0.11336	0.08799	0.00865	0.01241	0.06219	0.02820	0.04646	0.01008	0.02026	0.00758	0.00880	0.00594	0.00474	0.00355	0.00149	0.00496	0.00302	0.00294	0.00598
9	0.01308	0.05047	0.07560	0.02481	0.04770	0.06332	0.04088	0.06846	0.04614	0.15820	0.03786	0.19243	0.02920	0.00826	0.00566	0.00163	0.03263	0.02918	0.00413	0.07034
10	0.05152	0.29155	0.40831	0.01197	0.01749	0.07531	0.01370	0.01582	0.01060	0.01450	0.00809	0.00960	0.00641	0.00485	0.00470	0.00143	0.04173	0.00334	0.00223	0.00684
11	0.00849	0.06349	0.04512	0.03189	0.03117	0.00686	0.01823	0.03002	0.01028	0.02862	0.04520	0.35668	0.07592	0.01395	0.05930	0.09223	0.00458	0.03214	0.00384	0.04199
12	0.01110	0.16714	0.36164	0.01117	0.01626	0.04632	0.01232	0.03658	0.06137	0.01542	0.01239	0.03491	0.04730	0.02405	0.03708	0.00176	0.00634	0.00438	0.00276	0.08969
13	0.09088	0.18790	0.04295	0.01027	0.06715	0.04338	0.00797	0.04232	0.12326	0.02634	0.07369	0.12257	0.05028	0.04476	0.00607	0.00172	0.02816	0.02058	0.00368	0.00608
14	0.04238	0.32953	0.17594	0.01160	0.05244	0.12025	0.02489	0.01657	0.07575	0.01492	0.06049	0.01201	0.01003	0.00515	0.00422	0.00134	0.00599	0.00382	0.00277	0.02991
15	0.07551	0.39141	0.25929	0.01110	0.04242	0.04069	0.01150	0.02712	0.01059	0.01457	0.00864	0.03151	0.00747	0.02131	0.00440	0.00140	0.00595	0.00355	0.00241	0.02915
16	0.02972	0.33942	0.22748	0.02513	0.02720	0.09492	0.01135	0.04831	0.01152	0.02925	0.04641	0.04045	0.00964	0.00554	0.00468	0.00140	0.03428	0.00401	0.00269	0.00660
17	0.10107	0.27751	0.24897	0.01244	0.07582	0.03093	0.03779	0.05233	0.01125	0.01615	0.03981	0.02785	0.00928	0.00587	0.01885	0.00156	0.00607	0.01705	0.00269	0.00671
18	0.02815	0.23974	0.31473	0.02774	0.03212	0.03417	0.03978	0.04545	0.01123	0.01529	0.03755	0.08410	0.02837	0.00648	0.01507	0.00156	0.00611	0.00486	0.00275	0.02475

[dist]
# distance from previous block
# <min> <max>
3	40

[block]
# block no. 6 follows, 49 sequences, length 8
# corresponding to MSA columns:
# 919-926
name=unknown_G
#
# <colnr> <probs for GDERKNQSTAVLIFYWHMCP>
#	G	D	E	R	K	N	Q	S	T	A	V	L	I	F	Y	W	H	M	C	P
0	0.05044	0.08520	0.10335	0.08736	0.04300	0.03457	0.02654	0.12746	0.08161	0.06722	0.02688	0.03290	0.02415	0.04099	0.00635	0.00168	0.05296	0.02226	0.00353	0.08155
1	0.04403	0.01189	0.06497	0.06734	0.18669	0.04441	0.01118	0.07569	0.03846	0.03265	0.03742	0.04501	0.04082	0.00802	0.03367	0.00195	0.22435	0.00514	0.00308	0.02323
2	0.01459	0.01317	0.01390	0.01386	0.13224	0.13600	0.00962	0.27058	0.07309	0.02063	0.04944	0.01818	0.06293	0.04201	0.00708	0.00175	0.07840	0.03167	0.00393	0.00692
3	0.00955	0.00899	0.01517	0.81013	0.03483	0.01123	0.01404	0.01292	0.01011	0.01292	0.00899	0.01348	0.00674	0.00506	0.00506	0.00169	0.00674	0.00449	0.00225	0.00562
4	0.03230	0.01125	0.11227	0.07796	0.05080	0.00990	0.00940	0.14157	0.12905	0.08727	0.16946	0.02175	0.06063	0.00768	0.00581	0.03279	0.00469	0.02438	0.00436	0.00668
5	0.01226	0.01176	0.02007	0.09727	0.72648	0.01195	0.01539	0.01530	0.01139	0.01621	0.00947	0.01260	0.00790	0.00455	0.00501	0.00152	0.00607	0.00450	0.00248	0.00781
6	0.00955	0.00899	0.01517	0.81013	0.03483	0.01123	0.01404	0.01292	0.01011	0.01292	0.00899	0.01348	0.00674	0.00506	0.00506	0.00169	0.00674	0.00449	0.00225	0.00562
7	0.01233	0.08004	0.02762	0.01912	0.02367	0.01375	0.60720	0.05097	0.01198	0.01622	0.00974	0.01289	0.00753	0.00476	0.00664	0.00169	0.07899	0.00550	0.00261	0.00676

[dist]
# distance from previous block
# <min> <max>
6	9

[block]
# block no. 7 follows, 49 sequences, length 52
# corresponding to MSA columns:
# 937-988
name=unknown_H
#
# <colnr> <probs for GDERKNQSTAVLIFYWHMCP>
#	G	D	E	R	K	N	Q	S	T	A	V	L	I	F	Y	W	H	M	C	P
0	0.01034	0.00883	0.01033	0.00747	0.01182	0.00665	0.00595	0.01254	0.01046	0.01635	0.00964	0.03849	0.00839	0.00416	0.00384	0.00079	0.00372	0.00339	0.00305	0.82379
1	0.01326	0.01096	0.01164	0.01032	0.01327	0.01257	0.00807	0.06592	0.71631	0.04752	0.02012	0.01846	0.01498	0.00680	0.00514	0.00170	0.00409	0.00563	0.00518	0.00806
2	0.01239	0.01189	0.02030	0.06357	0.75918	0.01198	0.01546	0.01541	0.01146	0.01637	0.00949	0.01256	0.00796	0.00453	0.00501	0.00151	0.00604	0.00451	0.00249	0.00791
3	0.01258	0.01086	0.01143	0.01029	0.01315	0.01258	0.00800	0.02687	0.78161	0.02115	0.02058	0.01887	0.01544	0.00686	0.00515	0.00172	0.00400	0.00572	0.00515	0.00800
4	0.00955	0.00899	0.01517	0.81013	0.03483	0.01123	0.01404	0.01292	0.01011	0.01292	0.00899	0.01348	0.00674	0.00506	0.00506	0.00169	0.00674	0.00449	0.00225	0.00562
5	0.00943	0.00471	0.00471	0.00471	0.00589	0.00471	0.00353	0.01178	0.01060	0.01885	0.01650	0.01885	0.01296	0.00589	0.00353	0.00118	0.00236	0.00471	0.85036	0.00471
6	0.01049	0.00899	0.01049	0.00749	0.01198	0.00674	0.00599	0.01273	0.01049	0.01648	0.00899	0.01049	0.00749	0.00374	0.00374	0.00075	0.00374	0.00300	0.00300	0.85320
7	0.00616	0.00440	0.00587	0.00704	0.00733	0.00411	0.00469	0.00704	0.00968	0.01291	0.02787	0.81899	0.03344	0.01584	0.00645	0.00205	0.00293	0.01438	0.00469	0.00411
8	0.00616	0.00440	0.00587	0.00704	0.00733	0.00411	0.00469	0.00704	0.00968	0.01291	0.02787	0.81899	0.03344	0.01584	0.00645	0.00205	0.00293	0.01438	0.00469	0.00411
9	0.00616	0.00440	0.00587	0.00704	0.00733	0.00411	0.00469	0.00704	0.00968	0.01291	0.02787	0.81899	0.03344	0.01584	0.00645	0.00205	0.00293	0.01438	0.00469	0.00411
10	0.00716	0.00517	0.00676	0.00636	0.00755	0.00477	0.00477	0.00954	0.01431	0.02028	0.78808	0.03777	0.04771	0.01034	0.00596	0.00159	0.00239	0.00914	0.00557	0.00477
11	0.02269	0.00861	0.01174	0.00900	0.01291	0.00743	0.00743	0.02464	0.01447	0.79425	0.01995	0.01721	0.01252	0.00626	0.00509	0.00156	0.00430	0.00509	0.00626	0.00861
12	0.01352	0.82533	0.02650	0.00865	0.01298	0.02001	0.00865	0.01514	0.01027	0.01190	0.00703	0.00811	0.00649	0.00433	0.00324	0.00108	0.00541	0.00270	0.00216	0.00649
13	0.00722	0.00542	0.00813	0.00813	0.00903	0.00632	0.00632	0.00903	0.00813	0.01174	0.01354	0.01987	0.01264	0.03792	0.80225	0.00813	0.01354	0.00542	0.00271	0.00451
14	0.00955	0.00899	0.01517	0.81013	0.03483	0.01123	0.01404	0.01292	0.01011	0.01292	0.00899	0.01348	0.00674	0.00506	0.00506	0.00169	0.00674	0.00449	0.00225	0.00562
15	0.00735	0.00490	0.00552	0.00552	0.00552	0.00490	0.00306	0.00735	0.00735	0.00980	0.01593	0.03309	0.01838	0.82229	0.02574	0.00490	0.00490	0.00735	0.00306	0.00306
16	0.00729	0.00516	0.00681	0.00681	0.00726	0.00561	0.00468	0.00819	0.00774	0.01077	0.01475	0.02652	0.01553	0.43254	0.41158	0.00650	0.00920	0.00639	0.00289	0.00378
17	0.01198	0.01354	0.02803	0.05357	0.02585	0.03038	0.68376	0.01631	0.03134	0.01599	0.01029	0.01360	0.00778	0.00451	0.00616	0.00171	0.03006	0.00580	0.00260	0.00674
18	0.01014	0.02616	0.79609	0.01441	0.02189	0.01174	0.01868	0.01601	0.01068	0.01601	0.00907	0.01068	0.00641	0.00480	0.00480	0.00160	0.00747	0.00374	0.00214	0.00747
19	0.00815	0.00582	0.00815	0.00931	0.01048	0.00582	0.00815	0.01048	0.01164	0.01513	0.02677	0.05704	0.02910	0.01397	0.00698	0.00233	0.00466	0.75671	0.00466	0.00466
20	0.85801	0.00978	0.00743	0.00665	0.00978	0.01134	0.00548	0.01486	0.00861	0.02269	0.00704	0.00821	0.00548	0.00469	0.00313	0.00156	0.00391	0.00274	0.00313	0.00548
21	0.33878	0.00940	0.01032	0.00827	0.01190	0.00943	0.00683	0.06822	0.01284	0.45397	0.01457	0.01348	0.00960	0.00565	0.00434	0.00156	0.00423	0.00416	0.00500	0.00742
22	0.21082	0.01316	0.01341	0.01050	0.01433	0.01469	0.00867	0.60050	0.02031	0.02977	0.01098	0.01124	0.00789	0.00576	0.00462	0.00153	0.00519	0.00414	0.00462	0.00789
23	0.01877	0.05436	0.01511	0.01240	0.01554	0.51640	0.00967	0.26243	0.01720	0.01863	0.00917	0.01005	0.00718	0.00545	0.00467	0.00136	0.00782	0.00365	0.00338	0.00677
24	0.01236	0.01067	0.01122	0.01012	0.01294	0.01230	0.00786	0.02622	0.75591	0.02090	0.02160	0.01986	0.04124	0.00706	0.00517	0.00171	0.00395	0.00588	0.00513	0.00788
25	0.01252	0.01201	0.02053	0.03104	0.79074	0.01201	0.01552	0.01552	0.01151	0.01652	0.00951	0.01252	0.00801	0.00451	0.00501	0.00150	0.00601	0.00451	0.00250	0.00801
26	0.01258	0.01086	0.01143	0.01029	0.01315	0.01258	0.00800	0.02687	0.78161	0.02115	0.02058	0.01887	0.01544	0.00686	0.00515	0.00172	0.00400	0.00572	0.00515	0.00800
27	0.01258	0.01086	0.01143	0.01029	0.01315	0.01258	0.00800	0.02687	0.78161	0.02115	0.02058	0.01887	0.01544	0.00686	0.00515	0.00172	0.00400	0.00572	0.00515	0.00800
28	0.00598	0.00512	0.00512	0.00512	0.00683	0.00427	0.00384	0.00726	0.01153	0.01366	0.05123	0.04866	0.78869	0.01281	0.00598	0.00171	0.00256	0.01067	0.00470	0.00427
29	0.01894	0.02254	0.01446	0.01281	0.01564	0.67875	0.00975	0.13832	0.01581	0.01543	0.00849	0.00959	0.00684	0.00535	0.00464	0.00134	0.00856	0.00346	0.00299	0.00629
30	0.00722	0.00542	0.00813	0.00813	0.00903	0.00632	0.00632	0.00903	0.00813	0.01174	0.01354	0.01987	0.01264	0.03792	0.80225	0.00813	0.01354	0.00542	0.00271	0.00451
31	0.00616	0.00440	0.00587	0.00704	0.00733	0.00411	0.00469	0.00704	0.00968	0.01291	0.02787	0.81899	0.03344	0.01584	0.00645	0.00205	0.00293	0.01438	0.00469	0.00411
32	0.00598	0.00512	0.00512	0.00512	0.00683	0.00427	0.00384	0.00726	0.01153	0.01366	0.05123	0.04866	0.78869	0.01281	0.00598	0.00171	0.00256	0.01067	0.00470	0.00427
33	0.01922	0.01416	0.01518	0.01163	0.01568	0.01568	0.00961	0.77388	0.02378	0.03187	0.01214	0.01214	0.00860	0.00607	0.00506	0.00152	0.00556	0.00455	0.00506	0.00860
34	0.00616	0.00440	0.00587	0.00704	0.00733	0.00411	0.00469	0.00704	0.00968	0.01291	0.02787	0.81899	0.03344	0.01584	0.00645	0.00205	0.00293	0.01438	0.00469	0.00411
35	0.00598	0.00512	0.00512	0.00512	0.00683	0.00427	0.00384	0.00726	0.01153	0.01366	0.05123	0.04866	0.78869	0.01281	0.00598	0.00171	0.00256	0.01067	0.00470	0.00427
36	0.01352	0.82533	0.02650	0.00865	0.01298	0.02001	0.00865	0.01514	0.01027	0.01190	0.00703	0.00811	0.00649	0.00433	0.00324	0.00108	0.00541	0.00270	0.00216	0.00649
37	0.00955	0.00899	0.01517	0.81013	0.03483	0.01123	0.01404	0.01292	0.01011	0.01292	0.00899	0.01348	0.00674	0.00506	0.00506	0.00169	0.00674	0.00449	0.00225	0.00562
38	0.00716	0.00517	0.00676	0.00636	0.00755	0.00477	0.00477	0.00954	0.01431	0.02028	0.78808	0.03777	0.04771	0.01034	0.00596	0.00159	0.00239	0.00914	0.00557	0.00477
39	0.01106	0.01106	0.01549	0.01328	0.01328	0.01549	0.01106	0.01217	0.00774	0.01217	0.00664	0.01106	0.00664	0.00885	0.01659	0.00221	0.81303	0.00443	0.00221	0.00553
40	0.01252	0.01201	0.02053	0.03104	0.79074	0.01201	0.01552	0.01552	0.01151	0.01652	0.00951	0.01252	0.00801	0.00451	0.00501	0.00150	0.00601	0.00451	0.00250	0.00801
41	0.00598	0.00512	0.00512	0.00512	0.00683	0.00427	0.00384	0.00726	0.01153	0.01366	0.05123	0.04866	0.78869	0.01281	0.00598	0.00171	0.00256	0.01067	0.00470	0.00427
42	0.00722	0.00542	0.00813	0.00813	0.00903	0.00632	0.00632	0.00903	0.00813	0.01174	0.01354	0.01987	0.01264	0.03792	0.80225	0.00813	0.01354	0.00542	0.00271	0.00451
43	0.01889	0.02410	0.01433	0.01303	0.01563	0.80199	0.00977	0.02019	0.01433	0.01238	0.00782	0.00912	0.00651	0.00521	0.00456	0.00130	0.00912	0.00326	0.00261	0.00586
44	0.01352	0.82533	0.02650	0.00865	0.01298	0.02001	0.00865	0.01514	0.01027	0.01190	0.00703	0.00811	0.00649	0.00433	0.00324	0.00108	0.00541	0.00270	0.00216	0.00649
45	0.01258	0.01086	0.01143	0.01029	0.01315	0.01258	0.00800	0.02687	0.78161	0.02115	0.02058	0.01887	0.01544	0.00686	0.00515	0.00172	0.00400	0.00572	0.00515	0.00800
46	0.00731	0.00559	0.00675	0.00706	0.00822	0.00538	0.00522	0.02534	0.07624	0.01578	0.17784	0.34099	0.20277	0.01298	0.00616	0.00187	0.00305	0.08181	0.00490	0.00474
47	0.00878	0.00439	0.00659	0.00659	0.00659	0.00439	0.00439	0.00659	0.00659	0.00878	0.00878	0.01537	0.00878	0.01757	0.01976	0.85288	0.00439	0.00439	0.00220	0.00220
48	0.01160	0.01298	0.02783	0.02048	0.04156	0.01231	0.69007	0.01558	0.01174	0.01596	0.01125	0.04818	0.00922	0.00507	0.00622	0.00174	0.02541	0.02346	0.00269	0.00666
49	0.01249	0.58077	0.26201	0.01042	0.01570	0.01748	0.01172	0.01541	0.01040	0.01316	0.00766	0.00890	0.00646	0.00447	0.00372	0.00124	0.00604	0.00302	0.00215	0.00679
50	0.03912	0.00926	0.01494	0.68796	0.03141	0.01174	0.01339	0.01290	0.00978	0.01317	0.00864	0.01301	0.00668	0.00549	0.00635	0.00174	0.10210	0.00442	0.00227	0.00560
51	0.02979	0.04697	0.02259	0.01755	0.08277	0.03373	0.40918	0.08612	0.06143	0.04864	0.02717	0.02986	0.01001	0.00532	0.00566	0.00162	0.02229	0.01974	0.00324	0.03632

[dist]
# distance from previous block
# <min> <max>
0	1

[block]
# block no. 8 follows, 49 sequences, length 68
# corresponding to MSA columns:
# 993-1022,1024-1043,1046-1063
name=unknown_I
#
# <colnr> <probs for GDERKNQSTAVLIFYWHMCP>
#	G	D	E	R	K	N	Q	S	T	A	V	L	I	F	Y	W	H	M	C	P
0	0.01202	0.01167	0.05465	0.01521	0.01914	0.01065	0.38733	0.10863	0.01374	0.05851	0.11789	0.02295	0.04585	0.00684	0.00587	0.00172	0.00641	0.09062	0.00376	0.00655
1	0.01275	0.64289	0.20219	0.00997	0.01501	0.01812	0.01094	0.01534	0.01037	0.01284	0.00750	0.00870	0.00647	0.00444	0.00360	0.00120	0.00588	0.00294	0.00216	0.00671
2	0.85801	0.00978	0.00743	0.00665	0.00978	0.01134	0.00548	0.01486	0.00861	0.02269	0.00704	0.00821	0.00548	0.00469	0.00313	0.00156	0.00391	0.00274	0.00313	0.00548
3	0.00735	0.00490	0.00552	0.00552	0.00552	0.00490	0.00306	0.00735	0.00735	0.00980	0.01593	0.03309	0.01838	0.82229	0.02574	0.00490	0.00490	0.00735	0.00306	0.00306
4	0.01218	0.01168	0.01992	0.11846	0.70592	0.01193	0.01535	0.01523	0.01136	0.01612	0.00945	0.01262	0.00787	0.00457	0.00501	0.00152	0.00609	0.00450	0.00247	0.00774
5	0.85801	0.00978	0.00743	0.00665	0.00978	0.01134	0.00548	0.01486	0.00861	0.02269	0.00704	0.00821	0.00548	0.00469	0.00313	0.00156	0.00391	0.00274	0.00313	0.00548
6	0.00815	0.00582	0.00815	0.00931	0.01048	0.00582	0.00815	0.01048	0.01164	0.01513	0.02677	0.05704	0.02910	0.01397	0.00698	0.00233	0.00466	0.75671	0.00466	0.00466
7	0.85801	0.00978	0.00743	0.00665	0.00978	0.01134	0.00548	0.01486	0.00861	0.02269	0.00704	0.00821	0.00548	0.00469	0.00313	0.00156	0.00391	0.00274	0.00313	0.00548
8	0.00735	0.00490	0.00552	0.00552	0.00552	0.00490	0.00306	0.00735	0.00735	0.00980	0.01593	0.03309	0.01838	0.82229	0.02574	0.00490	0.00490	0.00735	0.00306	0.00306
9	0.00716	0.00517	0.00676	0.00636	0.00755	0.00477	0.00477	0.00954	0.01431	0.02028	0.78808	0.03777	0.04771	0.01034	0.00596	0.00159	0.00239	0.00914	0.00557	0.00477
