[name]
unknown

[dist]
# distance from previous block
# <min> <max>
0	59

[block]
# block no. 0 follows, 57 sequences, length 36
# corresponding to MSA columns:
# 59-94
name=unknown_A
#
# <colnr> <probs for GDERKNQSTAVLIFYWHMCP>
#	G	D	E	R	K	N	Q	S	T	A	V	L	I	F	Y	W	H	M	C	P
0	0.08973	0.05371	0.04517	0.01063	0.10918	0.01945	0.00791	0.10277	0.05420	0.33571	0.03451	0.01509	0.02458	0.02498	0.03574	0.00168	0.00461	0.01950	0.00414	0.00673
1	0.03453	0.11522	0.40811	0.01172	0.06896	0.05245	0.01215	0.01558	0.01047	0.17155	0.03126	0.01186	0.02702	0.00481	0.00420	0.00135	0.00560	0.00375	0.00284	0.00657
2	0.04318	0.04672	0.01243	0.02481	0.16907	0.20112	0.00835	0.14002	0.05950	0.01669	0.02404	0.01166	0.00848	0.00484	0.00414	0.00122	0.01560	0.00373	0.14060	0.06377
3	0.06757	0.01329	0.14928	0.03972	0.09378	0.11086	0.00951	0.14203	0.13742	0.04169	0.02577	0.05903	0.03468	0.00565	0.00438	0.00138	0.00505	0.00454	0.00331	0.05103
4	0.14621	0.09836	0.09718	0.02461	0.06726	0.12880	0.02268	0.23230	0.02206	0.05307	0.02556	0.01020	0.00743	0.00481	0.00420	0.00131	0.01981	0.00352	0.00315	0.02750
5	0.01522	0.07493	0.01316	0.01101	0.02840	0.50049	0.00840	0.10551	0.13951	0.01432	0.00944	0.01023	0.00755	0.00603	0.03513	0.00147	0.00695	0.00346	0.00292	0.00586
6	0.00947	0.00774	0.00908	0.00693	0.01003	0.00658	0.01892	0.08468	0.02690	0.01528	0.05017	0.01527	0.03606	0.13772	0.00683	0.00143	0.00366	0.00403	0.00306	0.54617
7	0.00798	0.00584	0.00754	0.00730	0.00834	0.00637	0.00548	0.13339	0.00983	0.01351	0.01551	0.21846	0.01612	0.11418	0.39013	0.00460	0.00768	0.02007	0.00326	0.00440
8	0.01251	0.62083	0.02040	0.00842	0.01191	0.10466	0.00777	0.01574	0.13641	0.01203	0.00831	0.00890	0.00710	0.00433	0.00331	0.00108	0.00501	0.00291	0.00241	0.00597
9	0.00578	0.00461	0.00526	0.00566	0.00687	0.00409	0.00437	0.00706	0.01006	0.01239	0.03774	0.18400	0.51295	0.01217	0.00562	0.00170	0.00274	0.16886	0.00420	0.00387
10	0.01423	0.32619	0.01649	0.00982	0.01277	0.39312	0.00813	0.01736	0.13771	0.01218	0.00857	0.00923	0.00710	0.00461	0.00373	0.00115	0.00620	0.00309	0.00255	0.00577
11	0.51938	0.04082	0.00918	0.00724	0.01030	0.01054	0.00599	0.12789	0.06809	0.14788	0.00969	0.00984	0.00699	0.00473	0.00347	0.00139	0.00383	0.00321	0.00360	0.00595
12	0.01240	0.01068	0.01385	0.01061	0.01402	0.07431	0.17998	0.20411	0.05096	0.07401	0.01612	0.01652	0.13579	0.00566	0.00460	0.00130	0.00495	0.00497	0.00356	0.16160
13	0.04927	0.03323	0.01224	0.01044	0.01257	0.39249	0.00819	0.12782	0.04927	0.03888	0.01751	0.01048	0.00751	0.00692	0.04817	0.00166	0.13114	0.00357	0.03303	0.00561
14	0.00829	0.00572	0.00632	0.00582	0.00640	0.00593	0.00368	0.13271	0.00894	0.01194	0.01374	0.02666	0.01508	0.70753	0.02011	0.00391	0.00449	0.00619	0.00303	0.00354
15	0.01388	0.19464	0.05469	0.14154	0.03301	0.43167	0.00953	0.02941	0.01132	0.01175	0.00735	0.00897	0.00605	0.00447	0.00391	0.00120	0.00680	0.00308	0.02127	0.00547
16	0.01340	0.00942	0.01105	0.00819	0.01203	0.00857	0.01793	0.24372	0.01346	0.14219	0.01041	0.01080	0.00770	0.00432	0.00392	0.00100	0.00397	0.00342	0.00367	0.47083
17	0.01145	0.41346	0.24430	0.01133	0.01598	0.08246	0.13606	0.01432	0.00985	0.01234	0.00733	0.00877	0.00597	0.00405	0.00378	0.00120	0.00609	0.00319	0.00202	0.00606
18	0.00904	0.00731	0.02729	0.05252	0.22692	0.00699	0.00860	0.02111	0.02400	0.06578	0.06818	0.13434	0.08456	0.00896	0.00530	0.00166	0.00414	0.23430	0.00366	0.00532
19	0.00633	0.00467	0.00674	0.00690	0.00755	0.00523	0.00515	0.00766	0.00744	0.01052	0.01439	0.14972	0.01480	0.10823	0.61576	0.00614	0.00988	0.00630	0.00274	0.00386
20	0.00755	0.00545	0.00660	0.00675	0.00762	0.00545	0.00476	0.13268	0.01086	0.01454	0.08144	0.54902	0.04944	0.08674	0.00709	0.00195	0.00312	0.01046	0.00419	0.00429
21	0.01056	0.11331	0.19231	0.02443	0.06204	0.03485	0.26460	0.04118	0.01056	0.02993	0.01099	0.01703	0.00963	0.00557	0.00510	0.00151	0.02967	0.12817	0.00260	0.00597
22	0.01046	0.03853	0.01458	0.06923	0.51033	0.03016	0.01077	0.01294	0.01016	0.01494	0.03424	0.01302	0.00911	0.00452	0.00415	0.00128	0.00464	0.00412	0.19662	0.00620
23	0.00605	0.00439	0.00564	0.00639	0.00692	0.00416	0.00442	0.03647	0.00951	0.01264	0.06453	0.69527	0.07645	0.01341	0.00570	0.00179	0.00272	0.03540	0.00426	0.00389
24	0.00630	0.00425	0.00554	0.00619	0.00648	0.00413	0.00412	0.00700	0.03761	0.01089	0.02045	0.54570	0.02384	0.13278	0.01013	0.14037	0.00315	0.02401	0.00365	0.00341
25	0.14862	0.01045	0.01652	0.02433	0.68430	0.01067	0.01247	0.01381	0.00990	0.01569	0.00817	0.01060	0.00682	0.00406	0.00422	0.00135	0.00508	0.00378	0.00233	0.00682
26	0.02861	0.20833	0.36556	0.03109	0.01478	0.01101	0.01139	0.02474	0.01916	0.01373	0.01101	0.03103	0.00990	0.00586	0.00443	0.00143	0.02102	0.12758	0.05354	0.00579
27	0.04336	0.00747	0.00796	0.00686	0.00895	0.06419	0.00542	0.08821	0.01144	0.24138	0.01410	0.01529	0.01054	0.02346	0.10377	0.00202	0.00461	0.00427	0.33112	0.00558
28	0.01505	0.03460	0.01281	0.04073	0.01398	0.13047	0.00835	0.41692	0.23980	0.02222	0.01222	0.01213	0.00905	0.00545	0.00445	0.00138	0.00509	0.00416	0.00407	0.00705
29	0.00643	0.00503	0.00735	0.00974	0.13511	0.00481	0.00575	0.00752	0.00894	0.01208	0.02235	0.70596	0.02633	0.01258	0.00558	0.00176	0.00307	0.01147	0.00389	0.00424
30	0.01081	0.01066	0.03443	0.13594	0.69030	0.01067	0.01379	0.01360	0.01013	0.01436	0.00845	0.01130	0.00699	0.00411	0.00449	0.00137	0.00550	0.00402	0.00221	0.00688
31	0.01072	0.06361	0.06153	0.01779	0.03770	0.01185	0.65185	0.01470	0.03839	0.01435	0.00919	0.01189	0.00699	0.00402	0.00531	0.00150	0.02512	0.00501	0.00233	0.00615
32	0.00578	0.00464	0.00536	0.00528	0.00659	0.00422	0.00399	0.00723	0.01043	0.01335	0.21881	0.03722	0.50401	0.01455	0.13573	0.00242	0.00383	0.00849	0.00411	0.00397
33	0.00788	0.13885	0.00965	0.00788	0.00942	0.00711	0.00699	0.00977	0.01023	0.01297	0.02335	0.04337	0.10087	0.01104	0.00563	0.00185	0.00409	0.58084	0.00382	0.00440
34	0.01211	0.62939	0.04893	0.00999	0.01397	0.07073	0.13383	0.01405	0.00970	0.01142	0.00686	0.00819	0.00598	0.00393	0.00342	0.00109	0.00557	0.00295	0.00202	0.00585
35	0.01148	0.01228	0.03938	0.01481	0.20371	0.16509	0.02627	0.01524	0.14977	0.01384	0.03361	0.04335	0.00973	0.00608	0.00712	0.00153	0.21480	0.00446	0.02148	0.00593

[dist]
# distance from previous block
# <min> <max>
0	2

[block]
# block no. 1 follows, 57 sequences, length 11
# corresponding to MSA columns:
# 97-107
name=unknown_B
#
# <colnr> <probs for GDERKNQSTAVLIFYWHMCP>
#	G	D	E	R	K	N	Q	S	T	A	V	L	I	F	Y	W	H	M	C	P
0	0.01039	0.07217	0.45522	0.03339	0.01636	0.02720	0.01249	0.01636	0.17534	0.06406	0.01261	0.01379	0.03895	0.00526	0.00439	0.00144	0.00553	0.02565	0.00287	0.00655
1	0.00583	0.00478	0.00516	0.00507	0.00650	0.00421	0.00380	0.00764	0.04180	0.01381	0.21548	0.06574	0.58250	0.01086	0.00534	0.00152	0.00232	0.00919	0.00440	0.00405
2	0.00661	0.00525	0.00686	0.03483	0.04026	0.00510	0.00503	0.00852	0.01174	0.01610	0.53657	0.03324	0.21344	0.00933	0.00575	0.00148	0.04309	0.00799	0.00445	0.00435
3	0.03612	0.16591	0.03043	0.16393	0.27480	0.01199	0.04920	0.03199	0.09298	0.01403	0.00960	0.04330	0.00815	0.00493	0.00474	0.00139	0.04362	0.00420	0.00252	0.00618
4	0.01129	0.40427	0.07011	0.00978	0.01300	0.14242	0.10084	0.01309	0.00989	0.01159	0.01036	0.16352	0.01046	0.00595	0.00401	0.00126	0.00541	0.00486	0.00247	0.00542
5	0.01285	0.01180	0.01063	0.00938	0.01194	0.16264	0.00729	0.11445	0.47553	0.03573	0.01659	0.01582	0.05047	0.00600	0.00448	0.00142	0.00450	0.00476	0.03710	0.00661
6	0.01115	0.01179	0.02458	0.02032	0.17080	0.01115	0.62076	0.01468	0.01071	0.04395	0.00937	0.01215	0.00709	0.00393	0.00516	0.00149	0.00708	0.00507	0.00240	0.00637
7	0.01000	0.00784	0.00904	0.03053	0.01056	0.00876	0.00638	0.11613	0.32361	0.03388	0.04463	0.05081	0.06636	0.07443	0.18316	0.00297	0.00558	0.00569	0.00391	0.00574
8	0.00609	0.00471	0.00682	0.16038	0.01118	0.00488	0.00577	0.00730	0.00875	0.01157	0.02181	0.68332	0.02549	0.01239	0.00555	0.00178	0.00327	0.01123	0.00380	0.00393
9	0.00961	0.00958	0.01315	0.01113	0.01194	0.05488	0.07825	0.01137	0.02927	0.01282	0.15761	0.03911	0.01382	0.00778	0.01113	0.00178	0.51397	0.00512	0.00272	0.00497
10	0.01586	0.01217	0.01365	0.01070	0.01365	0.01402	0.00886	0.65025	0.01862	0.02526	0.00996	0.01070	0.00738	0.00591	0.00647	0.00148	0.15979	0.00406	0.00406	0.00719

[dist]
# distance from previous block
# <min> <max>
0	4

[block]
# block no. 2 follows, 57 sequences, length 190
# corresponding to MSA columns:
# 112-228,243-258,261-266,272-322
name=unknown_C
#
# <colnr> <probs for GDERKNQSTAVLIFYWHMCP>
#	G	D	E	R	K	N	Q	S	T	A	V	L	I	F	Y	W	H	M	C	P
0	0.01107	0.56159	0.29652	0.00953	0.01437	0.01538	0.01084	0.01384	0.00933	0.01193	0.00693	0.00806	0.00579	0.00402	0.00339	0.00113	0.00548	0.00274	0.00193	0.00612
1	0.00739	0.00612	0.04730	0.00857	0.00989	0.00548	0.00777	0.00963	0.01039	0.01360	0.02321	0.04906	0.02507	0.01211	0.00616	0.00205	0.00430	0.74354	0.00406	0.00430
2	0.01102	0.01225	0.02609	0.01867	0.02321	0.01159	0.75715	0.05317	0.01122	0.01521	0.00925	0.01216	0.00692	0.00390	0.00531	0.00152	0.00751	0.00528	0.00240	0.00619
3	0.01156	0.00988	0.01041	0.00928	0.01190	0.01141	0.00724	0.06226	0.76563	0.01943	0.01807	0.01661	0.01353	0.00611	0.00461	0.00153	0.00366	0.00507	0.00461	0.00720
4	0.00580	0.00428	0.00591	0.00737	0.04637	0.00403	0.00469	0.00668	0.00876	0.01173	0.02416	0.79698	0.02884	0.01369	0.00572	0.00182	0.00276	0.01245	0.00411	0.00385
5	0.00669	0.04605	0.00693	0.00580	0.00701	0.00495	0.00445	0.00880	0.01265	0.01780	0.77040	0.03254	0.04093	0.00900	0.00522	0.00140	0.00227	0.00791	0.00484	0.00435
6	0.00699	0.00568	0.00756	0.00750	0.00838	0.04600	0.00582	0.00859	0.00756	0.01055	0.01188	0.01733	0.01106	0.03254	0.78237	0.00698	0.01194	0.00476	0.00242	0.00411
7	0.00909	0.02344	0.81727	0.01292	0.01961	0.01052	0.01674	0.01435	0.00957	0.01435	0.00813	0.00957	0.00574	0.00431	0.00431	0.00144	0.00670	0.00335	0.00191	0.00670
8	0.01693	0.02160	0.01284	0.01167	0.01401	0.82256	0.00876	0.01809	0.01284	0.01109	0.00700	0.00817	0.00584	0.00467	0.00409	0.00117	0.00817	0.00292	0.00233	0.00525
9	0.00662	0.00501	0.00739	0.00725	0.00822	0.00568	0.00565	0.00826	0.00739	0.01073	0.01194	0.01739	0.01110	0.03247	0.78233	0.00696	0.01170	0.00475	0.00244	0.04673
10	0.01630	0.03128	0.01261	0.01136	0.01361	0.77179	0.00852	0.01745	0.01259	0.01111	0.00788	0.04913	0.00703	0.00513	0.00415	0.00120	0.00786	0.00340	0.00242	0.00518
11	0.01126	0.05189	0.01866	0.02682	0.77294	0.01112	0.01360	0.01389	0.01026	0.01460	0.00841	0.01102	0.00711	0.00403	0.00441	0.00133	0.00536	0.00396	0.00223	0.00711
12	0.00653	0.00440	0.00492	0.00492	0.00500	0.00437	0.00278	0.00659	0.00677	0.00896	0.01584	0.03034	0.05569	0.79980	0.02219	0.00425	0.00429	0.00674	0.00282	0.00280
13	0.00569	0.04601	0.00554	0.00475	0.00639	0.00452	0.00366	0.00685	0.01027	0.01216	0.04395	0.04181	0.77090	0.01110	0.00523	0.00150	0.00242	0.00921	0.00410	0.00392
14	0.05862	0.01150	0.01239	0.00973	0.01302	0.01260	0.00795	0.65206	0.01913	0.06578	0.01221	0.08211	0.00966	0.00614	0.00456	0.00141	0.00465	0.00478	0.00447	0.00722
15	0.01988	0.00781	0.01050	0.00812	0.01158	0.00689	0.00669	0.02218	0.05204	0.77628	0.01790	0.01550	0.01135	0.00564	0.00456	0.00141	0.00384	0.00458	0.00556	0.00768
16	0.01127	0.00973	0.01025	0.00922	0.01178	0.01127	0.00717	0.02408	0.80430	0.01896	0.01844	0.01691	0.01383	0.00615	0.00461	0.00154	0.00359	0.00512	0.00461	0.00717
17	0.01145	0.66448	0.19696	0.00888	0.01337	0.01631	0.00972	0.01374	0.00929	0.01147	0.00670	0.00777	0.00580	0.00397	0.00321	0.00107	0.00525	0.00262	0.00193	0.00601
18	0.01127	0.00973	0.01025	0.00922	0.01178	0.01127	0.00717	0.02408	0.80430	0.01896	0.01844	0.01691	0.01383	0.00615	0.00461	0.00154	0.00359	0.00512	0.00461	0.00717
19	0.00575	0.00463	0.00514	0.00508	0.00645	0.00402	0.00385	0.00723	0.01107	0.01404	0.26899	0.04107	0.55159	0.01087	0.00539	0.00152	0.00233	0.04258	0.00444	0.00397
20	0.04832	0.00856	0.01412	0.65147	0.16746	0.01019	0.01247	0.01207	0.00922	0.01254	0.00806	0.01171	0.00619	0.00443	0.00444	0.00148	0.00581	0.00396	0.00209	0.00540
21	0.01134	0.01105	0.01803	0.03741	0.72168	0.03539	0.03440	0.01446	0.04473	0.01482	0.00892	0.01141	0.00740	0.00415	0.00450	0.00136	0.00546	0.00409	0.00235	0.00706
22	0.00730	0.00522	0.00730	0.00835	0.00939	0.00522	0.00730	0.00939	0.01043	0.01356	0.02399	0.05111	0.02608	0.01252	0.00626	0.00209	0.00417	0.78199	0.00417	0.00417
23	0.01071	0.01025	0.01747	0.18141	0.66287	0.01063	0.01365	0.01346	0.01008	0.01419	0.00843	0.01138	0.00696	0.00413	0.00449	0.00138	0.00551	0.00404	0.00220	0.00677
24	0.01273	0.04454	0.01164	0.05144	0.01316	0.14051	0.00779	0.16290	0.39612	0.01821	0.02602	0.04300	0.01164	0.00686	0.03167	0.00162	0.00498	0.00473	0.00392	0.00653
25	0.01198	0.80800	0.05807	0.00798	0.01198	0.01761	0.00814	0.01360	0.00922	0.01082	0.00638	0.00737	0.00581	0.00390	0.00297	0.00099	0.00493	0.00246	0.00194	0.00585
26	0.00659	0.00439	0.00494	0.00494	0.00494	0.00439	0.00275	0.00659	0.00659	0.00879	0.01428	0.02965	0.01647	0.84075	0.02306	0.00439	0.00439	0.00659	0.00275	0.00275
27	0.01117	0.01109	0.01829	0.05377	0.65877	0.04767	0.07905	0.01384	0.01037	0.01440	0.00897	0.03545	0.00772	0.00436	0.00458	0.00137	0.00564	0.00436	0.00230	0.00682
28	0.02155	0.01279	0.16642	0.01615	0.19354	0.03365	0.23779	0.06267	0.01111	0.02653	0.03152	0.01682	0.13785	0.00547	0.00483	0.00144	0.00572	0.00523	0.00277	0.00613
29	0.00724	0.00517	0.00723	0.00827	0.00929	0.00516	0.00719	0.00928	0.01037	0.01349	0.02403	0.07900	0.02622	0.01258	0.00624	0.00208	0.00412	0.75472	0.00417	0.00416
30	0.00940	0.02129	0.66588	0.01410	0.02039	0.01070	0.16598	0.01438	0.00978	0.01438	0.00833	0.01008	0.00596	0.00421	0.00450	0.00145	0.00688	0.00373	0.00199	0.00658
31	0.02452	0.22257	0.24911	0.01007	0.01429	0.07022	0.01026	0.07284	0.20099	0.06634	0.01085	0.01109	0.00818	0.00483	0.00402	0.00132	0.00525	0.00363	0.00303	0.00660
32	0.01119	0.10376	0.55972	0.01186	0.01758	0.02000	0.01404	0.17966	0.01204	0.01695	0.00852	0.00960	0.00616	0.00451	0.00421	0.00137	0.00616	0.00341	0.00247	0.00681
33	0.00727	0.00519	0.00725	0.00824	0.00928	0.00518	0.00718	0.00935	0.01053	0.01375	0.05559	0.05042	0.02675	0.01239	0.00622	0.00206	0.00409	0.75089	0.00421	0.00418
34	0.01353	0.32134	0.15279	0.01136	0.05892	0.34630	0.01003	0.01558	0.01082	0.01169	0.00702	0.00825	0.00589	0.00428	0.00372	0.00115	0.00655	0.00287	0.00211	0.00581
35	0.00835	0.00686	0.01036	0.01260	0.20161	0.00681	0.04682	0.07819	0.01043	0.01422	0.01877	0.45247	0.02082	0.01021	0.00534	0.00167	0.00386	0.06897	0.01661	0.00504
36	0.00552	0.00394	0.00526	0.00631	0.00657	0.00368	0.00421	0.00631	0.00868	0.01157	0.02498	0.83779	0.02997	0.01420	0.00578	0.00184	0.00263	0.01288	0.00421	0.00368
37	0.03993	0.00867	0.02794	0.03067	0.03931	0.00826	0.00739	0.18419	0.02419	0.38095	0.06155	0.04802	0.03909	0.00672	0.00475	0.00148	0.00409	0.07131	0.00474	0.00675
38	0.01284	0.07393	0.17041	0.01395	0.16822	0.07487	0.03572	0.17690	0.12345	0.05837	0.01074	0.01200	0.00826	0.03444	0.00502	0.00147	0.00544	0.00402	0.00316	0.00678
39	0.01607	0.01998	0.01367	0.01408	0.13318	0.70140	0.00952	0.01747	0.01246	0.01164	0.00723	0.00863	0.00604	0.00458	0.00415	0.00119	0.00776	0.00309	0.00232	0.00554
40	0.00704	0.00512	0.00693	0.00779	0.00889	0.00501	0.00672	0.00902	0.01052	0.01361	0.06055	0.04949	0.11808	0.01226	0.00611	0.00199	0.00387	0.65864	0.00421	0.00414
41	0.05970	0.25201	0.11094	0.01162	0.07198	0.26755	0.05118	0.02757	0.01099	0.08540	0.00817	0.00917	0.00644	0.00438	0.00385	0.00121	0.00614	0.00318	0.00252	0.00601
42	0.01530	0.03854	0.09226	0.02296	0.08986	0.08570	0.00987	0.50799	0.05474	0.02312	0.01023	0.01073	0.00751	0.00510	0.00442	0.00135	0.00542	0.00390	0.00376	0.00722
43	0.00536	0.00459	0.00459	0.00459	0.00612	0.00383	0.00344	0.00650	0.01033	0.01224	0.04590	0.04361	0.81065	0.01148	0.00536	0.00153	0.00230	0.00956	0.00421	0.00383
44	0.01127	0.00973	0.01025	0.00922	0.01178	0.01127	0.00717	0.02408	0.80430	0.01896	0.01844	0.01691	0.01383	0.00615	0.00461	0.00154	0.00359	0.00512	0.00461	0.00717
45	0.01373	0.01214	0.07034	0.01080	0.03033	0.04411	0.06364	0.37113	0.19541	0.03672	0.04138	0.03669	0.01090	0.00573	0.00459	0.00142	0.00482	0.00472	0.03447	0.00693
46	0.00771	0.00531	0.00590	0.00560	0.00604	0.00548	0.00346	0.07790	0.03627	0.01108	0.01436	0.04482	0.01583	0.70778	0.02012	0.00392	0.00435	0.00642	0.01428	0.00339
47	0.01702	0.01259	0.01348	0.01038	0.01397	0.01395	0.00856	0.77011	0.04891	0.02822	0.01115	0.01109	0.00792	0.00546	0.00454	0.00137	0.00494	0.00412	0.00454	0.00769
48	0.03582	0.18882	0.48452	0.01116	0.01661	0.01192	0.02922	0.06734	0.01057	0.09097	0.00884	0.00973	0.00641	0.00440	0.00404	0.00133	0.00586	0.00334	0.00248	0.00662
49	0.01076	0.01147	0.02327	0.03109	0.13893	0.01099	0.57750	0.05176	0.01111	0.01508	0.01091	0.01436	0.03605	0.00449	0.00520	0.00151	0.00685	0.02995	0.00252	0.00619
50	0.00536	0.00459	0.00459	0.00459	0.00612	0.00383	0.00344	0.00650	0.01033	0.01224	0.04590	0.04361	0.81065	0.01148	0.00536	0.00153	0.00230	0.00956	0.00421	0.00383
51	0.01539	0.01239	0.01253	0.01014	0.01336	0.06769	0.00818	0.50907	0.25948	0.02445	0.01292	0.01253	0.00945	0.00560	0.00453	0.00140	0.00477	0.00432	0.00441	0.00738
52	0.14099	0.11238	0.14491	0.01042	0.04182	0.07046	0.00935	0.33884	0.04199	0.02066	0.00918	0.00984	0.00687	0.00481	0.00400	0.00132	0.00518	0.00348	0.01688	0.00664
53	0.01259	0.01135	0.01128	0.01043	0.04693	0.09331	0.00781	0.12102	0.59103	0.01920	0.01590	0.01502	0.01196	0.00582	0.00454	0.00147	0.00430	0.00472	0.00427	0.00705
54	0.00552	0.00394	0.00526	0.00631	0.00657	0.00368	0.00421	0.00631	0.00868	0.01157	0.02498	0.83779	0.02997	0.01420	0.00578	0.00184	0.00263	0.01288	0.00421	0.00368
55	0.01030	0.01098	0.02165	0.03035	0.14697	0.01119	0.47781	0.01332	0.00983	0.01376	0.00910	0.02984	0.00752	0.00604	0.04200	0.00182	0.13349	0.00503	0.01308	0.00592
56	0.33484	0.27826	0.15014	0.00810	0.01189	0.01248	0.00815	0.01414	0.00893	0.07837	0.00755	0.00847	0.00591	0.00434	0.00367	0.00127	0.03372	0.00282	0.00257	0.02438
57	0.01348	0.02906	0.01168	0.00964	0.01257	0.04098	0.00768	0.26580	0.50267	0.03275	0.01540	0.01448	0.01142	0.00582	0.00453	0.00145	0.00422	0.00465	0.00446	0.00725
58	0.14872	0.00823	0.01248	0.67023	0.02695	0.01020	0.01125	0.01184	0.00877	0.01298	0.00770	0.01125	0.00585	0.00459	0.00458	0.00151	0.03194	0.00377	0.00214	0.00501
59	0.05028	0.04420	0.08438	0.01359	0.01724	0.19417	0.29498	0.11763	0.05858	0.01588	0.00918	0.01085	0.00704	0.00460	0.00490	0.00140	0.03504	0.00415	0.02584	0.00608
60	0.01163	0.01359	0.05050	0.01864	0.14644	0.12781	0.48442	0.01534	0.04888	0.01423	0.00912	0.01158	0.00706	0.00415	0.00507	0.00145	0.01678	0.00469	0.00238	0.00622
61	0.00565	0.00443	0.00508	0.00528	0.00635	0.00390	0.00380	0.00689	0.01035	0.01326	0.20268	0.24715	0.42813	0.02890	0.00583	0.00165	0.00239	0.01007	0.00434	0.00386
62	0.03977	0.01058	0.01079	0.03454	0.01231	0.07861	0.00727	0.30167	0.16923	0.12802	0.01454	0.01465	0.03709	0.00574	0.00435	0.00137	0.00438	0.01344	0.10499	0.00665
63	0.01047	0.00948	0.01596	0.36362	0.43677	0.01035	0.01297	0.01323	0.00985	0.04803	0.00869	0.01174	0.00685	0.00438	0.00467	0.00143	0.01889	0.00405	0.00229	0.00626
64	0.00552	0.00394	0.00526	0.00631	0.00657	0.00368	0.00421	0.00631	0.00868	0.01157	0.02498	0.83779	0.02997	0.01420	0.00578	0.00184	0.00263	0.01288	0.00421	0.00368
65	0.01513	0.01080	0.01153	0.00912	0.01215	0.01187	0.00744	0.60760	0.04176	0.02569	0.01214	0.02935	0.00910	0.00561	0.00430	0.00132	0.00435	0.00432	0.16949	0.00694
66	0.32822	0.04939	0.16597	0.00913	0.01301	0.03641	0.00873	0.28071	0.01306	0.04381	0.00856	0.00923	0.00627	0.00468	0.00377	0.00137	0.00483	0.00325	0.00325	0.00633
67	0.00908	0.00767	0.01033	0.01234	0.21706	0.00788	0.00753	0.01422	0.23109	0.02689	0.30234	0.02396	0.09634	0.00721	0.00491	0.00144	0.00342	0.00635	0.00411	0.00583
68	0.00999	0.00990	0.01414	0.16866	0.01611	0.03447	0.04423	0.03438	0.00810	0.01170	0.00685	0.01065	0.00622	0.00773	0.03637	0.00199	0.56728	0.00404	0.00210	0.00508
69	0.01490	0.01122	0.01614	0.01222	0.01591	0.01162	0.22603	0.31651	0.15351	0.15425	0.01289	0.01306	0.00913	0.00514	0.00478	0.00144	0.00529	0.00469	0.00411	0.00717
70	0.00559	0.00403	0.00539	0.00639	0.00665	0.00383	0.00429	0.00638	0.00865	0.01156	0.02469	0.82535	0.02961	0.01410	0.00592	0.00184	0.01510	0.01275	0.00417	0.00370
71	0.00552	0.00394	0.00526	0.00631	0.00657	0.00368	0.00421	0.00631	0.00868	0.01157	0.02498	0.83779	0.02997	0.01420	0.00578	0.00184	0.00263	0.01288	0.00421	0.00368
72	0.01112	0.14620	0.04259	0.05400	0.48985	0.01201	0.12294	0.01422	0.03811	0.01410	0.00857	0.01091	0.00706	0.00408	0.00435	0.00133	0.00561	0.00398	0.00227	0.00671
73	0.00992	0.00945	0.01605	0.41851	0.43191	0.01043	0.01326	0.01277	0.00971	0.01323	0.00829	0.01164	0.00662	0.00428	0.00451	0.00143	0.00570	0.00403	0.00213	0.00613
74	0.00552	0.00394	0.00526	0.00631	0.00657	0.00368	0.00421	0.00631	0.00868	0.01157	0.02498	0.83779	0.02997	0.01420	0.00578	0.00184	0.00263	0.01288	0.00421	0.00368
75	0.01106	0.01225	0.02600	0.01861	0.02314	0.01160	0.75181	0.05847	0.01129	0.01530	0.00926	0.01215	0.00692	0.00391	0.00530	0.00152	0.00749	0.00528	0.00242	0.00620
76	0.03238	0.00461	0.00514	0.00506	0.00523	0.00462	0.00291	0.00720	0.00679	0.03075	0.01414	0.02862	0.01599	0.79382	0.02197	0.00423	0.00435	0.00641	0.00282	0.00294
77	0.00560	0.00406	0.00529	0.00611	0.00656	0.00375	0.00415	0.00656	0.00923	0.01230	0.10775	0.69295	0.09199	0.01347	0.00570	0.00177	0.00255	0.01214	0.00429	0.00375
78	0.00930	0.00656	0.00735	0.00657	0.00757	0.00696	0.00451	0.21171	0.01052	0.01412	0.01363	0.05250	0.01434	0.54199	0.07023	0.00371	0.00499	0.00605	0.00324	0.00415
79	0.01112	0.00973	0.01384	0.03325	0.39657	0.02144	0.01020	0.13825	0.11970	0.01682	0.01337	0.17020	0.01249	0.00651	0.00475	0.00147	0.00460	0.00587	0.00330	0.00652
80	0.00552	0.00394	0.00526	0.00631	0.00657	0.00368	0.00421	0.00631	0.00868	0.01157	0.02498	0.83779	0.02997	0.01420	0.00578	0.00184	0.00263	0.01288	0.00421	0.00368
81	0.00940	0.00805	0.00940	0.00671	0.01074	0.00604	0.00537	0.01141	0.00940	0.01477	0.00805	0.00940	0.00671	0.00336	0.00336	0.00067	0.00336	0.00268	0.00268	0.86845
82	0.16734	0.01141	0.02829	0.00903	0.01221	0.09628	0.00741	0.22911	0.15914	0.21550	0.01270	0.01216	0.00895	0.00529	0.00420	0.00139	0.00457	0.00396	0.00422	0.00684
83	0.01234	0.01315	0.01804	0.02038	0.38413	0.17348	0.17651	0.02768	0.10111	0.01468	0.00951	0.01146	0.00761	0.00438	0.00460	0.00137	0.00621	0.00421	0.00257	0.00658
84	0.00555	0.00397	0.00529	0.00634	0.00662	0.00371	0.00426	0.00636	0.00871	0.01160	0.02496	0.82438	0.02990	0.01417	0.00579	0.00184	0.00266	0.02599	0.00421	0.00369
85	0.01282	0.01326	0.01643	0.02222	0.54556	0.19520	0.01209	0.05541	0.05603	0.01490	0.00886	0.01083	0.00727	0.00437	0.00440	0.00132	0.00589	0.00385	0.00251	0.00677
86	0.04607	0.14570	0.10239	0.01415	0.19968	0.02177	0.07779	0.09474	0.07009	0.08675	0.02440	0.05431	0.03205	0.00528	0.00434	0.00136	0.00501	0.00454	0.00309	0.00648
87	0.00984	0.00722	0.02211	0.16931	0.13100	0.00740	0.02321	0.01184	0.02214	0.14255	0.01611	0.31532	0.01610	0.00923	0.02959	0.00178	0.04900	0.00741	0.00349	0.00533
88	0.00592	0.00466	0.00546	0.00577	0.00699	0.00420	0.00450	0.00733	0.01029	0.01292	0.10477	0.13286	0.46278	0.01249	0.03037	0.00185	0.00302	0.17568	0.00421	0.00393
89	0.01183	0.08006	0.32289	0.01274	0.05256	0.19026	0.10243	0.03216	0.03393	0.04865	0.02229	0.01207	0.04851	0.00486	0.00437	0.00135	0.00639	0.00396	0.00253	0.00616
90	0.00952	0.08005	0.70117	0.01351	0.07039	0.01987	0.01584	0.01431	0.00963	0.01409	0.00802	0.00950	0.00584	0.00426	0.00422	0.00139	0.00650	0.00332	0.00194	0.00665
91	0.29395	0.04372	0.21003	0.01223	0.09998	0.08916	0.08918	0.04985	0.01013	0.05123	0.00805	0.00939	0.00607	0.00432	0.00389	0.00138	0.00548	0.00334	0.00260	0.00602
92	0.01417	0.07258	0.01359	0.15618	0.02859	0.50698	0.02545	0.03785	0.01175	0.01199	0.00811	0.03371	0.00688	0.00494	0.00432	0.00126	0.02004	0.00354	0.03281	0.00528
93	0.00647	0.00485	0.00728	0.00728	0.00809	0.00566	0.00566	0.00809	0.00728	0.01052	0.01214	0.01780	0.01133	0.03398	0.82279	0.00728	0.01214	0.00485	0.00243	0.00405
94	0.06236	0.00937	0.06500	0.01619	0.02216	0.00828	0.04046	0.14601	0.03550	0.36939	0.10745	0.02732	0.05773	0.00617	0.00462	0.00142	0.00411	0.00511	0.00462	0.00672
95	0.01059	0.14749	0.08703	0.01641	0.03771	0.01208	0.55607	0.01398	0.01027	0.01376	0.00929	0.04690	0.00762	0.00432	0.00487	0.00144	0.00685	0.00501	0.00229	0.00603
96	0.01962	0.00754	0.01024	0.00791	0.01128	0.00653	0.00651	0.02139	0.01290	0.77268	0.04590	0.01610	0.01234	0.00573	0.00456	0.00140	0.00376	0.00468	0.02139	0.00753
97	0.00663	0.00490	0.00623	0.00585	0.00701	0.00463	0.00440	0.00929	0.05431	0.01800	0.74157	0.03330	0.06831	0.00918	0.00531	0.00143	0.00222	0.00808	0.00494	0.00441
98	0.01095	0.04763	0.06174	0.04849	0.07585	0.05066	0.53383	0.02400	0.01044	0.01399	0.00858	0.01142	0.00665	0.00427	0.00577	0.00150	0.07118	0.00475	0.00225	0.00605
99	0.01143	0.64760	0.17797	0.00894	0.01320	0.01631	0.00960	0.01361	0.00918	0.01139	0.00664	0.00783	0.00581	0.00414	0.00370	0.00110	0.04101	0.00267	0.00194	0.00595
100	0.00648	0.00484	0.00721	0.00721	0.00799	0.00562	0.00557	0.00804	0.00726	0.01046	0.01221	0.01818	0.01149	0.05967	0.79733	0.00719	0.01189	0.00491	0.00244	0.00400
101	0.00909	0.00686	0.00751	0.00745	0.02136	0.05177	0.00547	0.04676	0.12845	0.08712	0.09450	0.30142	0.16232	0.01015	0.00523	0.00161	0.00330	0.04029	0.00434	0.00498
102	0.01007	0.01089	0.04953	0.09721	0.04054	0.04112	0.06056	0.01170	0.00782	0.01148	0.00658	0.01025	0.00604	0.00693	0.01204	0.00183	0.60420	0.00400	0.00202	0.00519
103	0.01934	0.00793	0.01049	0.00819	0.01159	0.00716	0.00672	0.02230	0.09955	0.72846	0.01794	0.01559	0.01150	0.00567	0.00456	0.00142	0.00383	0.00462	0.00550	0.00765
104	0.01059	0.01187	0.02521	0.05435	0.06114	0.01147	0.69073	0.01420	0.01044	0.01425	0.00895	0.01207	0.00681	0.00404	0.00568	0.00154	0.04314	0.00517	0.00226	0.00607
105	0.01005	0.00953	0.02703	0.50991	0.17582	0.03876	0.05286	0.01287	0.00964	0.04723	0.00853	0.01175	0.00653	0.00451	0.00480	0.00145	0.02931	0.00403	0.00226	0.03313
106	0.00656	0.00468	0.00604	0.00567	0.00680	0.00429	0.00426	0.00864	0.01268	0.02986	0.75332	0.03414	0.08731	0.00934	0.00533	0.00143	0.00217	0.00822	0.00495	0.00430
107	0.00563	0.00399	0.00523	0.00617	0.00641	0.00375	0.00406	0.00634	0.00847	0.01129	0.02390	0.75638	0.02861	0.09746	0.00752	0.00210	0.00281	0.01225	0.00406	0.00359
108	0.01249	0.07728	0.19989	0.01356	0.01772	0.20453	0.25805	0.01603	0.04929	0.06679	0.00945	0.02432	0.00729	0.00460	0.00470	0.00138	0.01981	0.00414	0.00255	0.00612
109	0.01074	0.01142	0.02228	0.05986	0.16038	0.03541	0.51041	0.01396	0.01038	0.02905	0.00956	0.03632	0.00773	0.00533	0.03141	0.00169	0.03047	0.00513	0.00238	0.00608
110	0.00647	0.00485	0.00728	0.00728	0.00809	0.00566	0.00566	0.00809	0.00728	0.01052	0.01214	0.01780	0.01133	0.03398	0.82279	0.00728	0.01214	0.00485	0.00243	0.00405
111	0.79888	0.00881	0.00708	0.00621	0.00908	0.01007	0.00511	0.03574	0.00840	0.06719	0.00712	0.00793	0.00536	0.00432	0.00296	0.00140	0.00357	0.00262	0.00302	0.00515
112	0.01397	0.15714	0.01520	0.06570	0.02593	0.42136	0.03501	0.05157	0.01129	0.01198	0.00732	0.00921	0.00624	0.00619	0.04072	0.00154	0.10862	0.00327	0.00231	0.00542
113	0.00874	0.00850	0.01648	0.01326	0.01593	0.00812	0.39030	0.01166	0.02519	0.01380	0.01684	0.15955	0.01714	0.00844	0.00571	0.00176	0.00560	0.26464	0.00327	0.00509
114	0.00999	0.03638	0.10122	0.00751	0.01181	0.00696	0.00679	0.01234	0.00959	0.05416	0.00849	0.00965	0.00680	0.00359	0.00351	0.00080	0.00381	0.00284	0.00272	0.70106
115	0.01712	0.01253	0.01346	0.01036	0.01395	0.01386	0.00854	0.76418	0.04216	0.04096	0.01119	0.01111	0.00793	0.00546	0.00454	0.00137	0.00493	0.00412	0.00455	0.00769
116	0.00652	0.00436	0.00496	0.00503	0.00505	0.00435	0.00284	0.00657	0.00672	0.00896	0.01495	0.08072	0.01733	0.78852	0.02197	0.00423	0.00428	0.00699	0.00284	0.00280
117	0.01100	0.08265	0.03671	0.01859	0.13189	0.01211	0.53925	0.03631	0.01058	0.01441	0.00868	0.01145	0.00678	0.00415	0.00554	0.00148	0.05514	0.00477	0.00229	0.00622
118	0.73405	0.00940	0.00779	0.00668	0.00962	0.01080	0.00551	0.14044	0.00992	0.02166	0.00705	0.00793	0.00536	0.00441	0.00308	0.00140	0.00375	0.00272	0.00308	0.00536
119	0.00536	0.00459	0.00459	0.00459	0.00612	0.00383	0.00344	0.00650	0.01033	0.01224	0.04590	0.04361	0.81065	0.01148	0.00536	0.00153	0.00230	0.00956	0.00421	0.00383
120	0.01031	0.01132	0.02364	0.10497	0.08717	0.01103	0.60508	0.01379	0.01034	0.01404	0.00949	0.04134	0.00761	0.00437	0.00541	0.00153	0.02493	0.00534	0.00232	0.00597
121	0.02571	0.04846	0.10743	0.08390	0.27627	0.06449	0.02604	0.07083	0.18060	0.04420	0.01103	0.01254	0.00858	0.00486	0.00442	0.00140	0.00528	0.01423	0.00300	0.00672
122	0.01150	0.67563	0.18617	0.00881	0.01326	0.01641	0.00959	0.01373	0.00928	0.01142	0.00667	0.00774	0.00580	0.00396	0.00319	0.00106	0.00522	0.00261	0.00193	0.00600
123	0.00834	0.00424	0.00424	0.00424	0.00531	0.00421	0.00318	0.01042	0.00953	0.01673	0.01588	0.01784	0.03978	0.00550	0.00324	0.00107	0.00212	0.00441	0.83553	0.00421
124	0.01130	0.11805	0.35364	0.01050	0.01486	0.08101	0.01122	0.16145	0.01215	0.02697	0.05580	0.07420	0.02213	0.00621	0.01973	0.00148	0.00571	0.00447	0.00289	0.00621
125	0.01070	0.10562	0.28622	0.01183	0.08637	0.01025	0.05607	0.09750	0.03568	0.06605	0.06951	0.05071	0.07041	0.01758	0.00476	0.00144	0.00511	0.00490	0.00306	0.00623
126	0.00536	0.00459	0.00459	0.00459	0.00612	0.00383	0.00344	0.00650	0.01033	0.01224	0.04590	0.04361	0.81065	0.01148	0.00536	0.00153	0.00230	0.00956	0.00421	0.00383
127	0.00605	0.00448	0.00571	0.00617	0.00703	0.00414	0.00462	0.00750	0.01045	0.01388	0.24718	0.32618	0.18154	0.01201	0.00566	0.00171	0.00270	0.14462	0.00442	0.00396
128	0.09139	0.09182	0.19965	0.01123	0.06861	0.08609	0.07849	0.03497	0.04361	0.05089	0.01108	0.03418	0.02992	0.02121	0.06788	0.00186	0.00589	0.00416	0.06130	0.00579
129	0.09339	0.26930	0.41447	0.01122	0.04122	0.03654	0.03447	0.01424	0.00949	0.02696	0.00757	0.00884	0.00585	0.00418	0.00377	0.00128	0.00581	0.00307	0.00210	0.00623
130	0.00557	0.00400	0.00530	0.00632	0.00664	0.00373	0.00427	0.00640	0.00878	0.01164	0.02558	0.79118	0.05351	0.01407	0.00578	0.00184	0.00266	0.03483	0.00421	0.00370
131	0.01079	0.01035	0.01772	0.07627	0.70196	0.01043	0.03635	0.01348	0.01025	0.01450	0.00990	0.01301	0.03106	0.00444	0.00457	0.00138	0.00538	0.01897	0.00232	0.00686
132	0.01183	0.08563	0.09889	0.04888	0.18022	0.02427	0.08089	0.11326	0.16889	0.05715	0.05412	0.01377	0.02072	0.00549	0.01500	0.00147	0.00514	0.00447	0.00327	0.00664
133	0.00986	0.02021	0.07893	0.15730	0.30077	0.01007	0.06682	0.01443	0.14912	0.01449	0.01400	0.03777	0.08220	0.00552	0.00482	0.00146	0.01818	0.00499	0.00282	0.00624
134	0.00552	0.00394	0.00526	0.00631	0.00657	0.00368	0.00421	0.00631	0.00868	0.01157	0.02498	0.83779	0.02997	0.01420	0.00578	0.00184	0.00263	0.01288	0.00421	0.00368
135	0.00909	0.00860	0.01429	0.58282	0.17561	0.01036	0.01237	0.01184	0.00906	0.01209	0.00811	0.01194	0.00643	0.00576	0.03438	0.00172	0.07399	0.00405	0.00207	0.00540
136	0.03488	0.10903	0.22777	0.03706	0.08849	0.04477	0.06257	0.07678	0.07531	0.04497	0.01201	0.03869	0.01968	0.00583	0.00465	0.00146	0.01629	0.09064	0.00293	0.00617
137	0.01058	0.12883	0.09923	0.17199	0.07484	0.04719	0.32431	0.01369	0.00990	0.01305	0.00812	0.01086	0.00637	0.00432	0.00523	0.00144	0.05782	0.00421	0.00213	0.00588
138	0.00626	0.00430	0.00500	0.00525	0.00541	0.00419	0.00314	0.00652	0.00732	0.00967	0.01880	0.22468	0.06879	0.59092	0.01782	0.00360	0.00384	0.00829	0.00319	0.00304
139	0.01019	0.00976	0.01567	0.05609	0.15966	0.02570	0.18450	0.07601	0.03362	0.01441	0.02310	0.13250	0.02437	0.00715	0.01866	0.00169	0.18278	0.00578	0.01267	0.00568
140	0.01322	0.05580	0.02377	0.09517	0.20642	0.19745	0.02164	0.17156	0.05210	0.02982	0.01054	0.04822	0.00900	0.00545	0.00448	0.00137	0.00574	0.03894	0.00303	0.00626
141	0.01271	0.01000	0.03482	0.14851	0.15498	0.00995	0.02441	0.15941	0.05482	0.13030	0.01054	0.01177	0.00783	0.00476	0.00478	0.00130	0.04152	0.00392	0.00330	0.17038
142	0.18754	0.31769	0.19224	0.00947	0.01357	0.10578	0.03119	0.07050	0.01030	0.01488	0.00719	0.00829	0.00578	0.00424	0.00351	0.00123	0.00544	0.00289	0.00235	0.00590
143	0.01468	0.00923	0.01123	0.01099	0.11732	0.06242	0.02092	0.03006	0.19819	0.33542	0.04652	0.01695	0.04058	0.04190	0.00537	0.00154	0.00423	0.00492	0.02074	0.00677
144	0.01498	0.01194	0.01278	0.01101	0.05815	0.04138	0.00842	0.48507	0.24431	0.02408	0.01271	0.01249	0.00934	0.00549	0.00451	0.00139	0.00468	0.00430	0.00430	0.02869
145	0.04758	0.00850	0.01038	0.00836	0.01159	0.00833	0.00677	0.04937	0.23582	0.51265	0.01710	0.01522	0.01148	0.00564	0.00448	0.00142	0.00379	0.00457	0.00511	0.03184
146	0.01227	0.01063	0.03134	0.04478	0.37047	0.01056	0.12211	0.12867	0.05968	0.08388	0.01926	0.01340	0.03196	0.00581	0.03351	0.00161	0.00557	0.00456	0.00308	0.00683
147	0.01237	0.06892	0.33200	0.01204	0.04156	0.01189	0.05592	0.22609	0.08579	0.05849	0.01042	0.02175	0.00772	0.00502	0.00471	0.00142	0.02989	0.00399	0.00312	0.00690
148	0.00564	0.00403	0.00539	0.00637	0.00670	0.00378	0.00434	0.00655	0.00896	0.01198	0.06359	0.76417	0.03043	0.01388	0.00578	0.00183	0.00267	0.04592	0.00424	0.00373
149	0.01527	0.00843	0.01010	0.00848	0.01139	0.00858	0.00682	0.04211	0.34124	0.39373	0.02944	0.01860	0.03872	0.00636	0.00469	0.00149	0.00372	0.03862	0.00505	0.00717
150	0.00967	0.02122	0.68489	0.02835	0.10397	0.01044	0.02518	0.01449	0.00975	0.03863	0.00848	0.00999	0.00608	0.00431	0.00435	0.00143	0.00647	0.00349	0.00207	0.00674
151	0.01408	0.01138	0.01123	0.00939	0.02249	0.09353	0.00744	0.43584	0.10263	0.03850	0.01766	0.01778	0.14337	0.00656	0.00462	0.00139	0.00458	0.01930	0.03168	0.00657
152	0.23095	0.00570	0.00610	0.00568	0.00724	0.00577	0.00437	0.00963	0.01130	0.01826	0.54136	0.02775	0.09357	0.00813	0.00469	0.00143	0.00250	0.00681	0.00436	0.00440
153	0.16694	0.38981	0.24697	0.00895	0.01330	0.04234	0.00970	0.01396	0.00924	0.02713	0.00729	0.00840	0.00589	0.00416	0.00337	0.00120	0.00516	0.00280	0.02754	0.00587
154	0.00552	0.00394	0.00526	0.00631	0.00657	0.00368	0.00421	0.00631	0.00868	0.01157	0.02498	0.83779	0.02997	0.01420	0.00578	0.00184	0.00263	0.01288	0.00421	0.00368
155	0.00552	0.00394	0.00526	0.00631	0.00657	0.00368	0.00421	0.00631	0.00868	0.01157	0.02498	0.83779	0.02997	0.01420	0.00578	0.00184	0.00263	0.01288	0.00421	0.00368
156	0.00604	0.00463	0.00663	0.13982	0.01057	0.00473	0.00557	0.00723	0.00886	0.01176	0.04529	0.68031	0.02647	0.01248	0.00557	0.00177	0.00317	0.01131	0.00387	0.00392
157	0.01024	0.01128	0.02375	0.10539	0.07379	0.01088	0.62374	0.01376	0.01040	0.01407	0.00979	0.05291	0.00795	0.00442	0.00523	0.00153	0.00708	0.00550	0.00235	0.00594
158	0.00560	0.00400	0.00535	0.00640	0.00669	0.00375	0.00434	0.00644	0.00875	0.01165	0.02493	0.80376	0.02980	0.01412	0.00580	0.00185	0.00270	0.04615	0.00420	0.00370
159	0.14411	0.21286	0.04245	0.01504	0.17190	0.06688	0.22515	0.04528	0.01034	0.01486	0.00780	0.00968	0.00631	0.00407	0.00405	0.00130	0.00579	0.00367	0.00236	0.00609
160	0.03446	0.02301	0.79346	0.01271	0.01929	0.01051	0.01639	0.01432	0.00951	0.01453	0.00808	0.00950	0.00572	0.00430	0.00426	0.00143	0.00660	0.00332	0.00194	0.00664
161	0.01073	0.00928	0.01189	0.02408	0.18397	0.00853	0.00784	0.08516	0.11385	0.01653	0.00976	0.01094	0.00782	0.00407	0.00389	0.00100	0.00401	0.00344	0.00300	0.48022
162	0.04428	0.14396	0.03576	0.00778	0.01130	0.00910	0.00672	0.05601	0.06741	0.28724	0.07126	0.01344	0.01122	0.00500	0.00399	0.00117	0.00388	0.00394	0.00394	0.21257
163	0.01324	0.25940	0.08856	0.02164	0.07741	0.01336	0.03142	0.30426	0.01392	0.03943	0.01025	0.07495	0.00871	0.00536	0.00413	0.00128	0.00498	0.00424	0.00322	0.02025
164	0.01434	0.16875	0.08974	0.01001	0.01371	0.03645	0.05002	0.35288	0.03930	0.09368	0.06013	0.02995	0.01023	0.00540	0.00432	0.00132	0.00498	0.00425	0.00374	0.00679
165	0.00558	0.00399	0.00533	0.00638	0.00667	0.00373	0.00431	0.00641	0.00874	0.01164	0.02494	0.81088	0.02984	0.01414	0.00580	0.00185	0.00268	0.03919	0.00421	0.00370
166	0.01172	0.00745	0.00994	0.02394	0.03587	0.03101	0.09553	0.09128	0.01131	0.14466	0.01339	0.01494	0.01010	0.00684	0.05211	0.00160	0.01796	0.00438	0.41050	0.00548
167	0.01376	0.14634	0.07821	0.04773	0.14458	0.03286	0.00945	0.16776	0.09182	0.16081	0.01263	0.02252	0.03121	0.00527	0.00430	0.00135	0.00484	0.01421	0.00355	0.00680
168	0.00889	0.08900	0.55734	0.01202	0.05505	0.01010	0.03576	0.01299	0.00973	0.01372	0.01415	0.01505	0.13635	0.00540	0.00440	0.00141	0.00579	0.00437	0.00231	0.00616
169	0.00665	0.00461	0.00557	0.00579	0.00618	0.00461	0.00396	0.00728	0.00774	0.01018	0.01857	0.03460	0.07666	0.55230	0.06625	0.00386	0.00466	0.17420	0.00314	0.00321
170	0.00551	0.00399	0.00521	0.00620	0.00654	0.00369	0.00416	0.00632	0.00878	0.01161	0.02635	0.78573	0.08115	0.01402	0.00576	0.00182	0.00261	0.01266	0.00421	0.00369
171	0.01261	0.01182	0.06932	0.01830	0.01383	0.08185	0.09979	0.21287	0.22604	0.04811	0.03696	0.05668	0.02374	0.00610	0.00468	0.00145	0.00491	0.02411	0.04035	0.00647
172	0.00975	0.00752	0.00901	0.00791	0.00879	0.02898	0.01595	0.08573	0.00945	0.01466	0.01106	0.01538	0.00976	0.11624	0.02228	0.00194	0.28271	0.00442	0.33380	0.00466
173	0.07883	0.00813	0.01023	0.00797	0.01128	0.00759	0.00656	0.10909	0.01343	0.61656	0.04138	0.01498	0.01139	0.00560	0.00441	0.00139	0.00384	0.00446	0.03560	0.00728
174	0.04657	0.21617	0.31505	0.01032	0.01489	0.05523	0.01100	0.09658	0.12934	0.04915	0.00978	0.01033	0.00737	0.00466	0.00398	0.00131	0.00544	0.00346	0.00280	0.00655
175	0.07407	0.01262	0.06380	0.04411	0.21240	0.11664	0.10151	0.15039	0.06366	0.01731	0.05115	0.02755	0.00946	0.00496	0.00446	0.00137	0.00551	0.00431	0.00301	0.03171
176	0.00882	0.00833	0.01403	0.74375	0.10223	0.01019	0.01266	0.01178	0.00914	0.01186	0.00806	0.01197	0.00614	0.00454	0.00469	0.00150	0.01900	0.00403	0.00203	0.00523
177	0.00552	0.00394	0.00526	0.00631	0.00657	0.00368	0.00421	0.00631	0.00868	0.01157	0.02498	0.83779	0.02997	0.01420	0.00578	0.00184	0.00263	0.01288	0.00421	0.00368
178	0.03390	0.11696	0.04258	0.01029	0.03999	0.04223	0.00850	0.10948	0.07117	0.10488	0.01893	0.03749	0.02145	0.00656	0.00751	0.00155	0.25817	0.03182	0.03064	0.00592
179	0.01047	0.13051	0.46641	0.02679	0.05549	0.08159	0.10213	0.01474	0.03429	0.01376	0.01856	0.01009	0.00668	0.00434	0.00425	0.00136	0.00646	0.00357	0.00213	0.00637
180	0.01091	0.01237	0.04651	0.01713	0.03097	0.03495	0.56220	0.04166	0.01037	0.01422	0.00851	0.01153	0.00667	0.00471	0.00706	0.00159	0.16546	0.00489	0.00230	0.00595
181	0.00548	0.00410	0.00510	0.00590	0.00646	0.00372	0.00402	0.00636	0.00907	0.01173	0.02999	0.64766	0.21687	0.01355	0.00568	0.00177	0.00255	0.01209	0.00421	0.00372
182	0.02742	0.11556	0.10136	0.01166	0.12836	0.00952	0.07251	0.05890	0.02374	0.02373	0.24796	0.01962	0.06280	0.03003	0.00565	0.00148	0.04537	0.00547	0.00332	0.00557
183	0.00987	0.00911	0.03735	0.00849	0.01041	0.12754	0.03627	0.04984	0.07881	0.06211	0.06938	0.15187	0.14138	0.00980	0.02288	0.00173	0.00448	0.15974	0.00391	0.00501
184	0.00557	0.00400	0.00530	0.00632	0.00665	0.00373	0.00428	0.00641	0.00878	0.01165	0.02558	0.78868	0.05350	0.01406	0.00579	0.00184	0.00267	0.03727	0.00421	0.00370
185	0.05123	0.01281	0.08001	0.04054	0.33312	0.06446	0.21744	0.08619	0.01126	0.01574	0.00857	0.01092	0.00677	0.00434	0.00499	0.00142	0.03702	0.00418	0.00246	0.00654
186	0.03895	0.48257	0.04098	0.00848	0.01200	0.05150	0.02250	0.15345	0.01174	0.03926	0.02283	0.03991	0.04861	0.00510	0.00365	0.00116	0.00481	0.00371	0.00281	0.00599
187	0.00923	0.03453	0.05121	0.02766	0.01552	0.00876	0.30038	0.04999	0.04420	0.01452	0.01776	0.04812	0.08195	0.02503	0.00581	0.00174	0.00545	0.24959	0.00328	0.00530
188	0.04591	0.00872	0.01001	0.00858	0.01068	0.05631	0.06273	0.08717	0.21726	0.03095	0.14532	0.04635	0.02594	0.00717	0.02446	0.00155	0.04826	0.00537	0.13526	0.02198
189	0.02686	0.22434	0.47026	0.01074	0.01594	0.01219	0.01256	0.03970	0.06491	0.03840	0.00896	0.01039	0.00691	0.03389	0.00463	0.00143	0.00574	0.00340	0.00235	0.00640

[dist]
# distance from previous block
# <min> <max>
0	3

[block]
# block no. 3 follows, 57 sequences, length 32
# corresponding to MSA columns:
# 326-357
name=unknown_D
#
# <colnr> <probs for GDERKNQSTAVLIFYWHMCP>
#	G	D	E	R	K	N	Q	S	T	A	V	L	I	F	Y	W	H	M	C	P
0	0.05051	0.06339	0.01617	0.23675	0.03010	0.18985	0.17536	0.05979	0.09005	0.03125	0.00928	0.01122	0.00710	0.00459	0.00444	0.00139	0.00630	0.00402	0.00265	0.00580
