[name]
unknown

[dist]
# distance from previous block
# <min> <max>
2	80

[block]
# block no. 0 follows, 54 sequences, length 8
# corresponding to MSA columns:
# 113-120
name=unknown_A
#
# <colnr> <probs for GDERKNQSTAVLIFYWHMCP>
#	G	D	E	R	K	N	Q	S	T	A	V	L	I	F	Y	W	H	M	C	P
0	0.03004	0.00599	0.00721	0.00700	0.00826	0.00600	0.00511	0.08227	0.04161	0.06824	0.03814	0.36862	0.08640	0.07200	0.04550	0.03193	0.01826	0.00895	0.03671	0.03176
1	0.05109	0.01093	0.04212	0.00957	0.02620	0.03813	0.02691	0.31663	0.05420	0.08995	0.09512	0.02851	0.03996	0.00600	0.00457	0.00135	0.00445	0.00483	0.02798	0.12150
2	0.12960	0.02195	0.03654	0.05348	0.01371	0.03783	0.08353	0.18265	0.03972	0.04561	0.06215	0.05166	0.06293	0.00711	0.01864	0.01663	0.08300	0.00511	0.01571	0.03244
3	0.15823	0.00776	0.00878	0.00739	0.00994	0.00786	0.00591	0.09716	0.07741	0.24825	0.23399	0.01972	0.01958	0.00665	0.00455	0.00144	0.00341	0.00540	0.07035	0.00621
4	0.03024	0.00663	0.00847	0.04832	0.00994	0.02891	0.02946	0.02752	0.02597	0.11127	0.01823	0.31147	0.03474	0.15702	0.00987	0.02836	0.07132	0.00816	0.02946	0.00464
5	0.14470	0.00918	0.01071	0.00848	0.01195	0.00908	0.00694	0.12825	0.10655	0.45186	0.01539	0.01403	0.01029	0.00555	0.00442	0.00143	0.00406	0.00433	0.00498	0.04781
6	0.01066	0.01273	0.08437	0.01742	0.02182	0.01123	0.59661	0.01541	0.08562	0.01530	0.01159	0.07351	0.00953	0.00504	0.00544	0.00161	0.00709	0.00596	0.00273	0.00632
7	0.01631	0.01284	0.01588	0.01209	0.01591	0.01394	0.12601	0.59996	0.09420	0.02657	0.01180	0.01213	0.00850	0.00548	0.00485	0.00146	0.00547	0.00455	0.00437	0.00772

[dist]
# distance from previous block
# <min> <max>
0	30

[block]
# block no. 1 follows, 54 sequences, length 11
# corresponding to MSA columns:
# 151-161
name=unknown_B
#
# <colnr> <probs for GDERKNQSTAVLIFYWHMCP>
#	G	D	E	R	K	N	Q	S	T	A	V	L	I	F	Y	W	H	M	C	P
0	0.01510	0.01794	0.01221	0.01049	0.01348	0.55539	0.00798	0.01659	0.01221	0.01277	0.00764	0.00891	0.00637	0.00442	0.00401	0.00105	0.00689	0.00296	0.00255	0.28105
1	0.00986	0.00744	0.00943	0.00853	0.01024	0.00848	0.00677	0.20183	0.07049	0.01623	0.01280	0.01668	0.01106	0.02587	0.55505	0.00561	0.01013	0.00487	0.00324	0.00539
2	0.07899	0.02882	0.01128	0.26957	0.01759	0.00825	0.00841	0.01630	0.01165	0.34640	0.13909	0.01714	0.01453	0.00593	0.00468	0.00149	0.00446	0.00495	0.00421	0.00629
3	0.01371	0.23423	0.18003	0.01212	0.01672	0.04068	0.13464	0.27840	0.01431	0.01886	0.00906	0.01018	0.00688	0.00470	0.00434	0.00134	0.00606	0.00380	0.00300	0.00694
4	0.01189	0.01086	0.01959	0.01497	0.01755	0.01199	0.35324	0.01431	0.00981	0.11425	0.00996	0.04185	0.00822	0.00629	0.00939	0.00177	0.33010	0.00518	0.00277	0.00600
5	0.49158	0.01058	0.10385	0.00777	0.01141	0.00944	0.00716	0.01694	0.01002	0.27500	0.01068	0.01065	0.00733	0.00486	0.00369	0.00146	0.00416	0.00337	0.00375	0.00627
6	0.01681	0.15239	0.01517	0.01150	0.01418	0.68831	0.00894	0.01808	0.01276	0.01147	0.00717	0.00835	0.00607	0.00473	0.00406	0.00118	0.00795	0.00295	0.00236	0.00556
7	0.01568	0.06275	0.01416	0.10752	0.01629	0.18558	0.00924	0.38884	0.11637	0.02135	0.01083	0.01144	0.00809	0.00537	0.00453	0.00139	0.00584	0.00402	0.00377	0.00695
8	0.14317	0.00531	0.00540	0.00553	0.00697	0.00503	0.00409	0.00801	0.01008	0.01437	0.09184	0.23203	0.42948	0.01126	0.00526	0.00164	0.00266	0.00952	0.00421	0.00416
9	0.01224	0.22309	0.41890	0.01184	0.01707	0.15771	0.03348	0.01578	0.01066	0.04667	0.00823	0.00943	0.00628	0.00448	0.00412	0.00132	0.00667	0.00327	0.00225	0.00650
10	0.00791	0.00984	0.16593	0.01011	0.01267	0.00757	0.10726	0.01052	0.00850	0.01224	0.01146	0.01669	0.01029	0.07537	0.48452	0.00527	0.01019	0.00487	0.00243	0.02636

[dist]
# distance from previous block
# <min> <max>
2	5

[block]
# block no. 2 follows, 54 sequences, length 40
# corresponding to MSA columns:
# 171-210
name=unknown_C
#
# <colnr> <probs for GDERKNQSTAVLIFYWHMCP>
#	G	D	E	R	K	N	Q	S	T	A	V	L	I	F	Y	W	H	M	C	P
0	0.83892	0.00909	0.00717	0.03348	0.00990	0.01057	0.00537	0.01380	0.00807	0.02085	0.00663	0.00782	0.00515	0.00439	0.00298	0.00146	0.00374	0.00261	0.00289	0.00511
1	0.00574	0.00410	0.00547	0.00657	0.00684	0.00383	0.00438	0.00657	0.00903	0.01204	0.02599	0.83122	0.03119	0.01477	0.00602	0.00191	0.00274	0.01340	0.00438	0.00383
2	0.00978	0.00838	0.00978	0.00698	0.01117	0.00629	0.00559	0.01187	0.00978	0.01536	0.00838	0.00978	0.00698	0.00349	0.00349	0.00070	0.00349	0.00279	0.00279	0.86312
3	0.00958	0.13763	0.36557	0.00975	0.01486	0.00992	0.01097	0.01298	0.00994	0.01425	0.01258	0.01353	0.09598	0.00496	0.00409	0.00120	0.00514	0.00386	0.00250	0.26070
4	0.01339	0.01403	0.15078	0.01337	0.01763	0.01229	0.22219	0.36039	0.01547	0.02114	0.01050	0.01228	0.00786	0.00835	0.09617	0.00217	0.00708	0.00457	0.00338	0.00696
5	0.01437	0.00954	0.01074	0.00926	0.01220	0.01038	0.00731	0.02447	0.57674	0.24091	0.01903	0.01716	0.01363	0.00624	0.00478	0.00156	0.00381	0.00517	0.00509	0.00762
6	0.00854	0.00690	0.00785	0.00724	0.00902	0.00726	0.00554	0.01501	0.32084	0.01854	0.41010	0.02943	0.11753	0.00862	0.00526	0.00154	0.00284	0.00743	0.00495	0.00558
7	0.00574	0.00410	0.00547	0.00657	0.00684	0.00383	0.00438	0.00657	0.00903	0.01204	0.02599	0.83122	0.03119	0.01477	0.00602	0.00191	0.00274	0.01340	0.00438	0.00383
8	0.01367	0.66401	0.02230	0.00893	0.01263	0.18796	0.00829	0.01512	0.01038	0.01119	0.00671	0.00776	0.00606	0.00421	0.00329	0.00105	0.00578	0.00263	0.00210	0.00593
9	0.86760	0.00912	0.00693	0.00620	0.00912	0.01058	0.00511	0.01386	0.00802	0.02115	0.00657	0.00766	0.00511	0.00438	0.00292	0.00146	0.00365	0.00255	0.00292	0.00511
10	0.01226	0.01132	0.01831	0.05190	0.67393	0.01164	0.01372	0.10151	0.01190	0.01682	0.00907	0.01163	0.00746	0.00447	0.00491	0.00142	0.02354	0.00420	0.00259	0.00741
11	0.00667	0.00482	0.00630	0.00593	0.00704	0.00445	0.00445	0.00890	0.01335	0.01891	0.80239	0.03522	0.04449	0.00964	0.00556	0.00148	0.00222	0.00853	0.00519	0.00445
12	0.01173	0.01013	0.01066	0.00960	0.01226	0.01173	0.00746	0.02505	0.79636	0.01972	0.01919	0.01759	0.01439	0.00640	0.00480	0.00160	0.00373	0.00533	0.00480	0.00746
13	0.01223	0.01244	0.01867	0.05205	0.66030	0.10171	0.04452	0.01491	0.01101	0.01485	0.00870	0.01138	0.00726	0.00428	0.00466	0.00139	0.00604	0.00412	0.00234	0.00713
14	0.00574	0.00410	0.00547	0.00657	0.00684	0.00383	0.00438	0.00657	0.00903	0.01204	0.02599	0.83122	0.03119	0.01477	0.00602	0.00191	0.00274	0.01340	0.00438	0.00383
15	0.01317	0.74545	0.02343	0.00853	0.01238	0.10832	0.00819	0.01465	0.01001	0.01114	0.00664	0.00767	0.00605	0.00413	0.00316	0.00103	0.00543	0.00258	0.00206	0.00599
16	0.01214	0.71683	0.14092	0.00886	0.01333	0.01752	0.00945	0.01424	0.00964	0.01166	0.00684	0.00792	0.00604	0.00410	0.00324	0.00108	0.00533	0.00266	0.00201	0.00619
17	0.00566	0.00444	0.00513	0.00567	0.00660	0.00390	0.00398	0.00667	0.00988	0.01239	0.03683	0.44003	0.41538	0.01336	0.00580	0.00175	0.00256	0.01169	0.00438	0.00390
18	0.01640	0.01188	0.01293	0.01022	0.01353	0.01301	0.00831	0.66749	0.02023	0.04622	0.01343	0.11948	0.01116	0.00687	0.00489	0.00148	0.00484	0.00546	0.00470	0.00747
19	0.01210	0.00975	0.01102	0.00808	0.01216	0.00866	0.00655	0.23324	0.01331	0.01945	0.00922	0.01022	0.00728	0.00411	0.00384	0.00090	0.00398	0.00321	0.00334	0.61960
20	0.00765	0.02624	0.02513	0.02035	0.00877	0.03387	0.00557	0.03677	0.04566	0.01595	0.31552	0.12350	0.20860	0.01035	0.00552	0.00162	0.00319	0.09659	0.00449	0.00466
21	0.00557	0.00478	0.00478	0.00478	0.00637	0.00398	0.00358	0.00677	0.01075	0.01274	0.04776	0.04538	0.80297	0.01194	0.00557	0.00159	0.00239	0.00995	0.00438	0.00398
22	0.00806	0.00567	0.00680	0.00639	0.00668	0.00620	0.00419	0.02694	0.02382	0.03569	0.01392	0.02683	0.01524	0.64555	0.05377	0.00418	0.09729	0.00631	0.00293	0.00355
23	0.00574	0.00410	0.00547	0.00657	0.00684	0.00383	0.00438	0.00657	0.00903	0.01204	0.02599	0.83122	0.03119	0.01477	0.00602	0.00191	0.00274	0.01340	0.00438	0.00383
24	0.01761	0.02247	0.01336	0.01215	0.01458	0.81537	0.00911	0.01883	0.01336	0.01154	0.00729	0.00850	0.00607	0.00486	0.00425	0.00121	0.00850	0.00304	0.00243	0.00547
25	0.00890	0.00838	0.01414	0.82296	0.03247	0.01048	0.01309	0.01205	0.00943	0.01205	0.00838	0.01257	0.00629	0.00471	0.00471	0.00157	0.00629	0.00419	0.00210	0.00524
26	0.01173	0.01013	0.01066	0.00960	0.01226	0.01173	0.00746	0.02505	0.79636	0.01972	0.01919	0.01759	0.01439	0.00640	0.00480	0.00160	0.00373	0.00533	0.00480	0.00746
27	0.01143	0.01162	0.05281	0.06919	0.73142	0.01115	0.01453	0.01437	0.01064	0.01521	0.00883	0.01164	0.00734	0.00424	0.00466	0.00141	0.00570	0.00417	0.00231	0.00733
28	0.04455	0.00805	0.01083	0.00833	0.01196	0.00703	0.00688	0.02273	0.01334	0.78640	0.01827	0.01582	0.01149	0.00580	0.00469	0.00146	0.00400	0.00468	0.00576	0.00794
29	0.01407	0.00777	0.00963	0.00824	0.01056	0.02549	0.00648	0.03250	0.14834	0.33994	0.05471	0.01873	0.01395	0.08817	0.17689	0.00306	0.02541	0.00523	0.00447	0.00635
30	0.00574	0.00410	0.00547	0.00657	0.00684	0.00383	0.00438	0.00657	0.00903	0.01204	0.02599	0.83122	0.03119	0.01477	0.00602	0.00191	0.00274	0.01340	0.00438	0.00383
31	0.01761	0.02247	0.01336	0.01215	0.01458	0.81537	0.00911	0.01883	0.01336	0.01154	0.00729	0.00850	0.00607	0.00486	0.00425	0.00121	0.00850	0.00304	0.00243	0.00547
32	0.00879	0.00439	0.00439	0.00439	0.00549	0.00439	0.00330	0.01099	0.00989	0.01758	0.01538	0.01758	0.01209	0.00549	0.00330	0.00110	0.00220	0.00439	0.86047	0.00439
33	0.15227	0.01003	0.02988	0.00885	0.01250	0.00975	0.00746	0.23565	0.01498	0.44891	0.01445	0.01327	0.00949	0.00553	0.00444	0.00145	0.00435	0.00423	0.00498	0.00754
34	0.01684	0.01028	0.01806	0.01325	0.01736	0.00947	0.32678	0.06903	0.01308	0.43336	0.01442	0.01438	0.00959	0.00506	0.00508	0.00151	0.00570	0.00505	0.00435	0.00734
35	0.86760	0.00912	0.00693	0.00620	0.00912	0.01058	0.00511	0.01386	0.00802	0.02115	0.00657	0.00766	0.00511	0.00438	0.00292	0.00146	0.00365	0.00255	0.00292	0.00511
36	0.01667	0.01200	0.01306	0.01019	0.01354	0.01320	0.00830	0.66758	0.02004	0.05328	0.01188	0.01325	0.00899	0.06666	0.04748	0.00196	0.00548	0.00449	0.00451	0.00745
37	0.00760	0.00543	0.00760	0.00868	0.00977	0.00543	0.00760	0.00977	0.01085	0.01411	0.02496	0.05319	0.02714	0.01303	0.00651	0.00217	0.00434	0.77315	0.00434	0.00434
38	0.01074	0.03187	0.15483	0.01822	0.02321	0.01169	0.62452	0.01483	0.01085	0.01491	0.00974	0.03405	0.00758	0.00435	0.00535	0.00157	0.00759	0.00537	0.00237	0.00638
39	0.00648	0.00484	0.00604	0.00582	0.00703	0.00440	0.00442	0.00848	0.01266	0.01733	0.59986	0.03832	0.20803	0.01031	0.00561	0.00154	0.00237	0.04715	0.00497	0.00434

[dist]
# distance from previous block
# <min> <max>
0	44

[block]
# block no. 3 follows, 54 sequences, length 65
# corresponding to MSA columns:
# 255-319
name=unknown_D
#
# <colnr> <probs for GDERKNQSTAVLIFYWHMCP>
#	G	D	E	R	K	N	Q	S	T	A	V	L	I	F	Y	W	H	M	C	P
0	0.01061	0.26791	0.55446	0.01176	0.01777	0.01335	0.01440	0.03404	0.01015	0.01415	0.00796	0.00927	0.00605	0.00438	0.00405	0.00135	0.00635	0.00321	0.00207	0.00672
1	0.00609	0.00435	0.00587	0.00696	0.00739	0.00413	0.00498	0.00717	0.00937	0.01243	0.02580	0.68508	0.03042	0.01444	0.00611	0.00196	0.00304	0.15611	0.00437	0.00393
2	0.01130	0.01120	0.03849	0.04615	0.69001	0.01089	0.04603	0.01419	0.01071	0.01523	0.00978	0.01401	0.00849	0.00470	0.00480	0.00146	0.00568	0.04727	0.00243	0.00718
3	0.00686	0.00457	0.00514	0.00514	0.00514	0.00457	0.00286	0.00686	0.00686	0.00914	0.01486	0.03086	0.01714	0.83430	0.02400	0.00457	0.00457	0.00686	0.00286	0.00286
4	0.01459	0.11932	0.18900	0.01314	0.05020	0.42468	0.07044	0.01707	0.01189	0.03642	0.00803	0.00939	0.00636	0.00461	0.00429	0.00129	0.00745	0.00337	0.00238	0.00609
5	0.01000	0.16349	0.67549	0.01252	0.01899	0.01227	0.01582	0.01479	0.00989	0.01428	0.00814	0.00955	0.00599	0.00440	0.00423	0.00141	0.00664	0.00332	0.00200	0.00681
6	0.01101	0.00940	0.01250	0.01325	0.23175	0.02224	0.00818	0.01327	0.01029	0.05488	0.00901	0.01059	0.00734	0.00383	0.00389	0.00094	0.00419	0.00329	0.00281	0.56733
7	0.00686	0.00457	0.00514	0.00514	0.00514	0.00457	0.00286	0.00686	0.00686	0.00914	0.01486	0.03086	0.01714	0.83430	0.02400	0.00457	0.00457	0.00686	0.00286	0.00286
8	0.00747	0.03015	0.00901	0.00821	0.00897	0.00752	0.00648	0.00896	0.00754	0.01092	0.01157	0.01758	0.01103	0.07234	0.62617	0.00637	0.13798	0.00493	0.00246	0.00434
9	0.86760	0.00912	0.00693	0.00620	0.00912	0.01058	0.00511	0.01386	0.00802	0.02115	0.00657	0.00766	0.00511	0.00438	0.00292	0.00146	0.00365	0.00255	0.00292	0.00511
10	0.00607	0.00485	0.00562	0.00580	0.02226	0.00426	0.00416	0.00759	0.01143	0.01473	0.29105	0.11779	0.46496	0.01131	0.00559	0.00158	0.00243	0.00971	0.00460	0.00419
11	0.01813	0.00738	0.00982	0.00775	0.01096	0.00637	0.00632	0.01990	0.01311	0.65082	0.07205	0.02122	0.12066	0.00690	0.00491	0.00148	0.00368	0.00568	0.00560	0.00725
12	0.00742	0.00624	0.01072	0.00948	0.01093	0.00683	0.12706	0.00946	0.00813	0.01159	0.01215	0.01762	0.01107	0.03050	0.69007	0.00665	0.01190	0.00513	0.00250	0.00454
13	0.02115	0.00802	0.01094	0.00839	0.01204	0.00693	0.00693	0.02298	0.01350	0.80815	0.01860	0.01605	0.01167	0.00584	0.00474	0.00146	0.00401	0.00474	0.00584	0.00802
14	0.01286	0.76798	0.02412	0.00861	0.01257	0.06552	0.02805	0.01442	0.00984	0.01122	0.00667	0.00775	0.00608	0.00408	0.00316	0.00104	0.00532	0.00263	0.00205	0.00602
15	0.00677	0.00463	0.00559	0.00565	0.00581	0.00476	0.00347	0.00711	0.00711	0.00962	0.01510	0.07439	0.01701	0.64806	0.16115	0.00494	0.00587	0.00692	0.00289	0.00315
16	0.01248	0.80484	0.05590	0.00828	0.01243	0.01835	0.00844	0.01415	0.00960	0.01125	0.00663	0.00766	0.00605	0.00405	0.00308	0.00103	0.00512	0.00256	0.00202	0.00609
17	0.00901	0.00849	0.01434	0.79142	0.06316	0.01050	0.01315	0.01214	0.00948	0.01218	0.00840	0.01253	0.00633	0.00469	0.00471	0.00156	0.00626	0.00419	0.00210	0.00533
18	0.01649	0.01746	0.01310	0.01136	0.01376	0.47450	0.00881	0.17434	0.01415	0.06072	0.00900	0.01063	0.00728	0.03098	0.02738	0.00163	0.09569	0.00366	0.00307	0.00599
19	0.01768	0.01308	0.01401	0.01080	0.01453	0.01451	0.00890	0.75880	0.05293	0.02932	0.01163	0.01157	0.00827	0.00569	0.00472	0.00142	0.00513	0.00429	0.00472	0.00800
20	0.02082	0.00803	0.01091	0.00835	0.01201	0.00691	0.00689	0.02265	0.01339	0.78499	0.01830	0.01587	0.01153	0.00577	0.00471	0.00144	0.00400	0.00468	0.00575	0.03300
21	0.00879	0.00439	0.00439	0.00439	0.00549	0.00439	0.00330	0.01099	0.00989	0.01758	0.01538	0.01758	0.01209	0.00549	0.00330	0.00110	0.00220	0.00439	0.86047	0.00439
22	0.00903	0.00879	0.01594	0.15782	0.10779	0.00876	0.25727	0.01179	0.01056	0.01384	0.01912	0.02643	0.15370	0.02832	0.00596	0.00175	0.00563	0.14904	0.00306	0.00540
23	0.00758	0.00552	0.00663	0.00621	0.00746	0.00539	0.00455	0.01073	0.10956	0.03664	0.48682	0.03295	0.11511	0.13454	0.00825	0.00198	0.00283	0.00793	0.00472	0.00462
24	0.01321	0.01091	0.01418	0.07489	0.28137	0.07420	0.02120	0.15952	0.05640	0.09542	0.04521	0.02862	0.03852	0.02791	0.03604	0.00175	0.00552	0.00488	0.00349	0.00674
25	0.86760	0.00912	0.00693	0.00620	0.00912	0.01058	0.00511	0.01386	0.00802	0.02115	0.00657	0.00766	0.00511	0.00438	0.00292	0.00146	0.00365	0.00255	0.00292	0.00511
26	0.01069	0.02856	0.01666	0.38435	0.38826	0.04786	0.01338	0.01351	0.01017	0.01354	0.00847	0.01181	0.00682	0.00454	0.00485	0.00147	0.02243	0.00410	0.00222	0.00630
27	0.86760	0.00912	0.00693	0.00620	0.00912	0.01058	0.00511	0.01386	0.00802	0.02115	0.00657	0.00766	0.00511	0.00438	0.00292	0.00146	0.00365	0.00255	0.00292	0.00511
28	0.07911	0.10680	0.01218	0.00859	0.01161	0.05069	0.02673	0.08397	0.03136	0.37529	0.01589	0.13529	0.01288	0.02207	0.00495	0.00152	0.00435	0.00555	0.00451	0.00667
29	0.01023	0.07284	0.01069	0.02485	0.02497	0.14650	0.02625	0.01398	0.17326	0.02591	0.01855	0.31916	0.04606	0.01014	0.03224	0.00181	0.02572	0.00781	0.00372	0.00530
30	0.01554	0.01259	0.01280	0.01044	0.01357	0.07067	0.00839	0.47197	0.23160	0.02436	0.01316	0.01343	0.00987	0.02716	0.02046	0.00166	0.02597	0.00453	0.00442	0.00741
31	0.01339	0.00662	0.00923	0.00804	0.01022	0.00664	0.00643	0.01571	0.04894	0.36593	0.01561	0.01738	0.01186	0.02081	0.41517	0.00456	0.00836	0.00493	0.00411	0.00607
32	0.01114	0.01128	0.04396	0.25565	0.44495	0.04601	0.01336	0.02836	0.05543	0.01467	0.00922	0.01204	0.00739	0.00462	0.00488	0.00147	0.02226	0.00419	0.00243	0.00668
33	0.00570	0.00427	0.00530	0.00613	0.00672	0.00387	0.00418	0.00661	0.00944	0.01221	0.03127	0.64053	0.21846	0.01408	0.00591	0.00184	0.00265	0.01257	0.00438	0.00387
34	0.00994	0.13785	0.68012	0.01285	0.01935	0.01205	0.03566	0.01482	0.00993	0.01440	0.00822	0.00969	0.00601	0.00440	0.00430	0.00143	0.00672	0.00340	0.00200	0.00682
35	0.00574	0.00410	0.00547	0.00657	0.00684	0.00383	0.00438	0.00657	0.00903	0.01204	0.02599	0.83122	0.03119	0.01477	0.00602	0.00191	0.00274	0.01340	0.00438	0.00383
36	0.00978	0.00838	0.00978	0.00698	0.01117	0.00629	0.00559	0.01187	0.00978	0.01536	0.00838	0.00978	0.00698	0.00349	0.00349	0.00070	0.00349	0.00279	0.00279	0.86312
37	0.00574	0.00410	0.00547	0.00657	0.00684	0.00383	0.00438	0.00657	0.00903	0.01204	0.02599	0.83122	0.03119	0.01477	0.00602	0.00191	0.00274	0.01340	0.00438	0.00383
38	0.01167	0.01120	0.01914	0.02894	0.80488	0.01120	0.01447	0.01447	0.01074	0.01540	0.00887	0.01167	0.00747	0.00420	0.00467	0.00140	0.00560	0.00420	0.00233	0.00747
39	0.86760	0.00912	0.00693	0.00620	0.00912	0.01058	0.00511	0.01386	0.00802	0.02115	0.00657	0.00766	0.00511	0.00438	0.00292	0.00146	0.00365	0.00255	0.00292	0.00511
40	0.00879	0.00439	0.00439	0.00439	0.00549	0.00439	0.00330	0.01099	0.00989	0.01758	0.01538	0.01758	0.01209	0.00549	0.00330	0.00110	0.00220	0.00439	0.86047	0.00439
41	0.86760	0.00912	0.00693	0.00620	0.00912	0.01058	0.00511	0.01386	0.00802	0.02115	0.00657	0.00766	0.00511	0.00438	0.00292	0.00146	0.00365	0.00255	0.00292	0.00511
42	0.01173	0.01013	0.01066	0.00960	0.01226	0.01173	0.00746	0.02505	0.79636	0.01972	0.01919	0.01759	0.01439	0.00640	0.00480	0.00160	0.00373	0.00533	0.00480	0.00746
43	0.00937	0.00866	0.01392	0.18320	0.40510	0.00890	0.01098	0.01184	0.01069	0.01450	0.09456	0.03818	0.15751	0.00649	0.00496	0.00149	0.00475	0.00588	0.00299	0.00600
44	0.01113	0.01272	0.02782	0.01987	0.02464	0.01192	0.78776	0.01510	0.01113	0.01510	0.00954	0.01272	0.00715	0.00397	0.00556	0.00159	0.00795	0.00556	0.00238	0.00636
45	0.08369	0.60137	0.05052	0.00880	0.01258	0.15208	0.00835	0.01492	0.01010	0.01214	0.00675	0.00782	0.00597	0.00422	0.00328	0.00110	0.00558	0.00265	0.00216	0.00591
46	0.00978	0.00838	0.00978	0.00698	0.01117	0.00629	0.00559	0.01187	0.00978	0.01536	0.00838	0.00978	0.00698	0.00349	0.00349	0.00070	0.00349	0.00279	0.00279	0.86312
47	0.01000	0.01019	0.01910	0.01450	0.01797	0.00977	0.44240	0.01463	0.13228	0.01521	0.01433	0.18166	0.01321	0.00653	0.00537	0.00159	0.00586	0.00692	0.00320	0.07527
48	0.00890	0.00838	0.01414	0.82296	0.03247	0.01048	0.01309	0.01205	0.00943	0.01205	0.00838	0.01257	0.00629	0.00471	0.00471	0.00157	0.00629	0.00419	0.00210	0.00524
49	0.00667	0.00482	0.00630	0.00593	0.00704	0.00445	0.00445	0.00890	0.01335	0.01891	0.80239	0.03522	0.04449	0.00964	0.00556	0.00148	0.00222	0.00853	0.00519	0.00445
50	0.00686	0.00457	0.00514	0.00514	0.00514	0.00457	0.00286	0.00686	0.00686	0.00914	0.01486	0.03086	0.01714	0.83430	0.02400	0.00457	0.00457	0.00686	0.00286	0.00286
51	0.01173	0.01013	0.01066	0.00960	0.01226	0.01173	0.00746	0.02505	0.79636	0.01972	0.01919	0.01759	0.01439	0.00640	0.00480	0.00160	0.00373	0.00533	0.00480	0.00746
52	0.01761	0.02247	0.01336	0.01215	0.01458	0.81537	0.00911	0.01883	0.01336	0.01154	0.00729	0.00850	0.00607	0.00486	0.00425	0.00121	0.00850	0.00304	0.00243	0.00547
53	0.01761	0.02247	0.01336	0.01215	0.01458	0.81537	0.00911	0.01883	0.01336	0.01154	0.00729	0.00850	0.00607	0.00486	0.00425	0.00121	0.00850	0.00304	0.00243	0.00547
54	0.00582	0.00479	0.00512	0.00503	0.00652	0.00409	0.00378	0.00724	0.01133	0.01412	0.21653	0.04311	0.63334	0.01143	0.00557	0.00157	0.00235	0.00963	0.00456	0.00409
55	0.00648	0.00481	0.00603	0.00572	0.00692	0.00436	0.00429	0.00851	0.01288	0.01780	0.66659	0.03705	0.18099	0.01005	0.00556	0.00150	0.00225	0.00878	0.00504	0.00436
56	0.00667	0.00482	0.00630	0.00593	0.00704	0.00445	0.00445	0.00890	0.01335	0.01891	0.80239	0.03522	0.04449	0.00964	0.00556	0.00148	0.00222	0.00853	0.00519	0.00445
57	0.00890	0.00838	0.01414	0.82296	0.03247	0.01048	0.01309	0.01205	0.00943	0.01205	0.00838	0.01257	0.00629	0.00471	0.00471	0.00157	0.00629	0.00419	0.00210	0.00524
58	0.00686	0.00457	0.00514	0.00514	0.00514	0.00457	0.00286	0.00686	0.00686	0.00914	0.01486	0.03086	0.01714	0.83430	0.02400	0.00457	0.00457	0.00686	0.00286	0.00286
59	0.01032	0.01032	0.01444	0.01238	0.01238	0.01444	0.01032	0.01135	0.00722	0.01135	0.00619	0.01032	0.00619	0.00825	0.01547	0.00206	0.82567	0.00413	0.00206	0.00516
60	0.01154	0.00833	0.00996	0.00720	0.01131	0.00639	0.00580	0.01359	0.01035	0.13823	0.00996	0.01075	0.00771	0.00386	0.00369	0.00082	0.00357	0.00310	0.00326	0.73060
61	0.56222	0.01121	0.00864	0.00759	0.01044	0.15077	0.00605	0.01606	0.02698	0.12741	0.00883	0.00976	0.00668	0.02536	0.00397	0.00150	0.00457	0.00311	0.00327	0.00557
62	0.00580	0.00414	0.00552	0.00653	0.00685	0.00386	0.00438	0.00670	0.00927	0.01242	0.06943	0.78668	0.03193	0.01448	0.00599	0.00189	0.00271	0.01313	0.00442	0.00386
63	0.00946	0.02439	0.80987	0.01344	0.02041	0.01095	0.01742	0.01493	0.00995	0.01493	0.00846	0.00995	0.00597	0.00448	0.00448	0.00149	0.00697	0.00348	0.00199	0.00697
64	0.00747	0.00539	0.00742	0.00844	0.00955	0.00534	0.00734	0.00958	0.01085	0.01402	0.02641	0.05269	0.07641	0.01296	0.00645	0.00213	0.00422	0.72467	0.00434	0.00432

[dist]
# distance from previous block
# <min> <max>
0	35

[block]
# block no. 4 follows, 54 sequences, length 21
# corresponding to MSA columns:
# 355-375
name=unknown_E
#
# <colnr> <probs for GDERKNQSTAVLIFYWHMCP>
#	G	D	E	R	K	N	Q	S	T	A	V	L	I	F	Y	W	H	M	C	P
0	0.01242	0.79000	0.07024	0.00838	0.01258	0.01821	0.00861	0.01417	0.00960	0.01132	0.00667	0.00770	0.00605	0.00406	0.00311	0.00104	0.00515	0.00258	0.00202	0.00610
1	0.86760	0.00912	0.00693	0.00620	0.00912	0.01058	0.00511	0.01386	0.00802	0.02115	0.00657	0.00766	0.00511	0.00438	0.00292	0.00146	0.00365	0.00255	0.00292	0.00511
2	0.01261	0.83713	0.02471	0.00807	0.01210	0.01866	0.00807	0.01412	0.00958	0.01109	0.00656	0.00756	0.00605	0.00403	0.00303	0.00101	0.00504	0.00252	0.00202	0.00605
3	0.00946	0.02439	0.80987	0.01344	0.02041	0.01095	0.01742	0.01493	0.00995	0.01493	0.00846	0.00995	0.00597	0.00448	0.00448	0.00149	0.00697	0.00348	0.00199	0.00697
4	0.00634	0.00481	0.00584	0.00558	0.00684	0.00431	0.00419	0.00825	0.01256	0.01705	0.57471	0.03828	0.27334	0.01033	0.00556	0.00152	0.00227	0.00896	0.00495	0.00431
5	0.00557	0.00478	0.00478	0.00478	0.00637	0.00398	0.00358	0.00677	0.01075	0.01274	0.04776	0.04538	0.80297	0.01194	0.00557	0.00159	0.00239	0.00995	0.00438	0.00398
6	0.01173	0.01013	0.01066	0.00960	0.01226	0.01173	0.00746	0.02505	0.79636	0.01972	0.01919	0.01759	0.01439	0.00640	0.00480	0.00160	0.00373	0.00533	0.00480	0.00746
7	0.00563	0.00478	0.00486	0.00484	0.00641	0.00401	0.00363	0.00689	0.01089	0.01308	0.09005	0.04481	0.76047	0.01181	0.00557	0.00159	0.00238	0.00987	0.00442	0.00401
8	0.00659	0.00482	0.00618	0.00584	0.00699	0.00441	0.00438	0.00873	0.01314	0.01841	0.74199	0.03603	0.10520	0.00982	0.00556	0.00149	0.00224	0.00864	0.00513	0.00441
9	0.00879	0.00439	0.00439	0.00439	0.00549	0.00439	0.00330	0.01099	0.00989	0.01758	0.01538	0.01758	0.01209	0.00549	0.00330	0.00110	0.00220	0.00439	0.86047	0.00439
10	0.00890	0.00838	0.01414	0.82296	0.03247	0.01048	0.01309	0.01205	0.00943	0.01205	0.00838	0.01257	0.00629	0.00471	0.00471	0.00157	0.00629	0.00419	0.00210	0.00524
11	0.00674	0.00505	0.00758	0.00758	0.00842	0.00589	0.00589	0.00842	0.00758	0.01095	0.01263	0.01852	0.01179	0.03536	0.81561	0.00758	0.01263	0.00505	0.00253	0.00421
12	0.00978	0.00838	0.00978	0.00698	0.01117	0.00629	0.00559	0.01187	0.00978	0.01536	0.00838	0.00978	0.00698	0.00349	0.00349	0.00070	0.00349	0.00279	0.00279	0.86312
13	0.00978	0.00838	0.00978	0.00698	0.01117	0.00629	0.00559	0.01187	0.00978	0.01536	0.00838	0.00978	0.00698	0.00349	0.00349	0.00070	0.00349	0.00279	0.00279	0.86312
14	0.01095	0.00834	0.00990	0.00713	0.01126	0.00635	0.00573	0.01302	0.01016	0.09696	0.00943	0.01042	0.00747	0.00373	0.00362	0.00078	0.00355	0.00299	0.00311	0.77511
15	0.00705	0.00601	0.02299	0.06746	0.03425	0.00547	0.00544	0.04213	0.01198	0.01569	0.31273	0.03571	0.37742	0.02795	0.00582	0.00160	0.00298	0.00838	0.00437	0.00456
16	0.01558	0.00768	0.00987	0.00789	0.01093	0.00698	0.00636	0.05208	0.06477	0.43863	0.17075	0.01907	0.01758	0.00761	0.03978	0.00165	0.00400	0.00528	0.00509	0.10843
17	0.01080	0.00991	0.05777	0.00886	0.04684	0.00794	0.00713	0.12884	0.01163	0.01722	0.01033	0.01166	0.03360	0.00556	0.03893	0.00121	0.00440	0.00345	0.00306	0.58085
18	0.01093	0.00747	0.01036	0.01096	0.14542	0.00684	0.02245	0.05331	0.01184	0.15443	0.14914	0.15278	0.10255	0.00789	0.00499	0.00143	0.00367	0.00694	0.00416	0.13243
19	0.00942	0.00868	0.04454	0.00730	0.01110	0.00651	0.00604	0.01187	0.03363	0.01487	0.00963	0.02915	0.00841	0.04029	0.05550	0.00138	0.00425	0.00344	0.00284	0.69114
20	0.03850	0.05363	0.01076	0.00809	0.02839	0.03938	0.00633	0.04593	0.04523	0.15793	0.06276	0.04970	0.02622	0.00530	0.00412	0.00110	0.00386	0.00430	0.00369	0.40476

[dist]
# distance from previous block
# <min> <max>
4	13

[block]
# block no. 5 follows, 54 sequences, length 47
# corresponding to MSA columns:
# 389-435
name=unknown_F
#
# <colnr> <probs for GDERKNQSTAVLIFYWHMCP>
#	G	D	E	R	K	N	Q	S	T	A	V	L	I	F	Y	W	H	M	C	P
0	0.14893	0.00905	0.03653	0.00801	0.02379	0.00820	0.00643	0.02991	0.15437	0.08621	0.04516	0.05250	0.01134	0.01878	0.00437	0.00126	0.00372	0.00428	0.00362	0.34355
1	0.09085	0.00955	0.06797	0.00812	0.01147	0.02057	0.00698	0.10746	0.02438	0.22504	0.11250	0.06733	0.03264	0.00625	0.00448	0.00133	0.00395	0.00510	0.00423	0.18978
2	0.02667	0.03087	0.02669	0.03270	0.01151	0.00770	0.00651	0.09933	0.06287	0.13883	0.01584	0.19245	0.03515	0.00707	0.00455	0.00131	0.00378	0.00599	0.00394	0.28623
3	0.00868	0.00667	0.00803	0.00648	0.00922	0.00538	0.00503	0.01065	0.01112	0.05085	0.26411	0.06579	0.09572	0.00694	0.00453	0.00113	0.00297	0.00594	0.00392	0.42683
4	0.01064	0.00687	0.01826	0.00730	0.00948	0.00622	0.00566	0.05434	0.07863	0.17022	0.16352	0.23827	0.07932	0.00906	0.00513	0.00150	0.00324	0.00787	0.00462	0.11984
5	0.03589	0.02641	0.28206	0.01378	0.11040	0.01005	0.09511	0.01649	0.04339	0.18118	0.01101	0.01195	0.00791	0.00481	0.00500	0.00143	0.04117	0.00405	0.00311	0.09483
6	0.01305	0.00910	0.01068	0.00785	0.01188	0.00774	0.00636	0.13880	0.01241	0.15438	0.01062	0.01111	0.00796	0.00424	0.00390	0.00094	0.00385	0.00336	0.00363	0.57814
7	0.07263	0.00814	0.00934	0.00694	0.01076	0.00647	0.00553	0.01221	0.00989	0.05154	0.03198	0.04504	0.00914	0.00431	0.00367	0.00086	0.00346	0.00347	0.00307	0.70154
8	0.00592	0.00410	0.00552	0.00653	0.00679	0.00385	0.00436	0.00653	0.00882	0.01176	0.02469	0.77161	0.02951	0.01489	0.00692	0.06473	0.00283	0.01272	0.00421	0.00370
9	0.03991	0.01175	0.01642	0.08538	0.44819	0.08658	0.02795	0.08553	0.01221	0.12549	0.01019	0.01192	0.00779	0.00466	0.00461	0.00141	0.00566	0.00415	0.00304	0.00713
10	0.77690	0.00919	0.00743	0.00648	0.00949	0.01043	0.00533	0.04071	0.00879	0.05424	0.00729	0.00820	0.00554	0.00445	0.00307	0.00143	0.00371	0.00271	0.00310	0.03151
11	0.00766	0.00581	0.00638	0.00614	0.00706	0.00595	0.00409	0.01064	0.16609	0.01216	0.02105	0.06929	0.13608	0.46635	0.02960	0.00334	0.00409	0.00720	0.00355	0.02747
12	0.01084	0.01187	0.02311	0.01723	0.02032	0.01281	0.51387	0.01378	0.00975	0.01378	0.00836	0.01187	0.00681	0.00548	0.00906	0.00176	0.29603	0.00506	0.00227	0.00594
13	0.00568	0.00473	0.00497	0.00512	0.00656	0.00403	0.00383	0.00687	0.01057	0.01272	0.04456	0.12684	0.69079	0.01228	0.00566	0.00165	0.00251	0.04228	0.00438	0.00398
14	0.00574	0.00410	0.00547	0.00657	0.00684	0.00383	0.00438	0.00657	0.00903	0.01204	0.02599	0.83122	0.03119	0.01477	0.00602	0.00191	0.00274	0.01340	0.00438	0.00383
15	0.00624	0.00443	0.00593	0.00695	0.00739	0.00424	0.00501	0.00731	0.00930	0.01232	0.02504	0.60304	0.02936	0.06731	0.00729	0.00214	0.00322	0.18531	0.00427	0.00388
16	0.00597	0.00498	0.00525	0.00537	0.00687	0.00437	0.00407	0.00767	0.04108	0.01305	0.04347	0.10219	0.66158	0.01201	0.00564	0.00166	0.00260	0.06365	0.00439	0.00413
17	0.00561	0.00477	0.00479	0.00479	0.00633	0.00400	0.00356	0.00677	0.01063	0.01263	0.04676	0.04493	0.77899	0.03704	0.00613	0.00168	0.00245	0.00986	0.00433	0.00395
18	0.00879	0.00439	0.00439	0.00439	0.00549	0.00439	0.00330	0.01099	0.00989	0.01758	0.01538	0.01758	0.01209	0.00549	0.00330	0.00110	0.00220	0.00439	0.86047	0.00439
19	0.21887	0.00858	0.00996	0.00805	0.01138	0.00847	0.00658	0.02113	0.12434	0.51013	0.01586	0.01430	0.01052	0.00557	0.00432	0.00148	0.00389	0.00431	0.00500	0.00726
20	0.00561	0.00461	0.00495	0.00521	0.00648	0.00394	0.00378	0.00672	0.01033	0.01257	0.04243	0.23779	0.61400	0.01263	0.00568	0.00167	0.00247	0.01080	0.00438	0.00394
21	0.00612	0.00437	0.00590	0.00699	0.00742	0.00415	0.00502	0.00721	0.00939	0.01245	0.02578	0.67572	0.03038	0.01442	0.00612	0.00197	0.00306	0.16524	0.00437	0.00393
22	0.00686	0.00457	0.00514	0.00514	0.00514	0.00457	0.00286	0.00686	0.00686	0.00914	0.01486	0.03086	0.01714	0.83430	0.02400	0.00457	0.00457	0.00686	0.00286	0.00286
23	0.00588	0.00420	0.00563	0.00672	0.00705	0.00395	0.00461	0.00680	0.00916	0.01219	0.02591	0.77445	0.03089	0.01464	0.00605	0.00193	0.00285	0.06884	0.00437	0.00387
24	0.01577	0.01145	0.01243	0.01010	0.01342	0.01268	0.00816	0.40575	0.33109	0.10461	0.01521	0.01431	0.01094	0.00597	0.00475	0.00149	0.00449	0.00473	0.00486	0.00780
25	0.00579	0.00414	0.00552	0.00662	0.00691	0.00387	0.00446	0.00665	0.00907	0.01209	0.02596	0.81185	0.03108	0.01473	0.00603	0.00192	0.00278	0.03231	0.00438	0.00384
26	0.00585	0.00418	0.00556	0.00650	0.00686	0.00390	0.00438	0.00682	0.00951	0.01280	0.11191	0.74313	0.03266	0.01420	0.00597	0.00187	0.00268	0.01286	0.00447	0.00390
27	0.00574	0.00410	0.00547	0.00657	0.00684	0.00383	0.00438	0.00657	0.00903	0.01204	0.02599	0.83122	0.03119	0.01477	0.00602	0.00191	0.00274	0.01340	0.00438	0.00383
28	0.00621	0.00458	0.00587	0.00679	0.00727	0.00444	0.00464	0.00797	0.06654	0.01265	0.02592	0.74235	0.04578	0.01407	0.00593	0.00189	0.00283	0.02576	0.00441	0.00411
29	0.86760	0.00912	0.00693	0.00620	0.00912	0.01058	0.00511	0.01386	0.00802	0.02115	0.00657	0.00766	0.00511	0.00438	0.00292	0.00146	0.00365	0.00255	0.00292	0.00511
30	0.00574	0.00410	0.00547	0.00657	0.00684	0.00383	0.00438	0.00657	0.00903	0.01204	0.02599	0.83122	0.03119	0.01477	0.00602	0.00191	0.00274	0.01340	0.00438	0.00383
31	0.70117	0.00928	0.00795	0.00681	0.00988	0.01042	0.00561	0.07156	0.00973	0.11887	0.00840	0.00896	0.00613	0.00465	0.00327	0.00146	0.00380	0.00295	0.00341	0.00568
32	0.00801	0.00457	0.00516	0.00506	0.00616	0.00444	0.00382	0.01021	0.01114	0.01796	0.29458	0.02480	0.02398	0.00717	0.00419	0.00126	0.00227	0.02676	0.53405	0.00441
33	0.01792	0.01321	0.01415	0.01085	0.01462	0.01462	0.00896	0.78916	0.02217	0.02972	0.01132	0.01132	0.00802	0.00566	0.00472	0.00142	0.00519	0.00425	0.00472	0.00802
34	0.00684	0.00521	0.00779	0.00772	0.00854	0.00615	0.00603	0.00851	0.00757	0.01096	0.01243	0.01827	0.01162	0.03454	0.79126	0.00741	0.03737	0.00502	0.00251	0.00424
35	0.00675	0.00496	0.00703	0.00749	0.00834	0.00524	0.00591	0.00844	0.00923	0.01262	0.07702	0.17340	0.04624	0.02312	0.37106	0.00449	0.00758	0.21329	0.00359	0.00419
36	0.00867	0.00443	0.00456	0.00463	0.00571	0.00443	0.00351	0.01083	0.00991	0.01730	0.01604	0.03779	0.01318	0.00604	0.00350	0.00116	0.00230	0.03828	0.80334	0.00438
37	0.00574	0.00410	0.00547	0.00657	0.00684	0.00383	0.00438	0.00657	0.00903	0.01204	0.02599	0.83122	0.03119	0.01477	0.00602	0.00191	0.00274	0.01340	0.00438	0.00383
38	0.01036	0.00998	0.01643	0.43948	0.38856	0.02773	0.01365	0.01331	0.01011	0.01359	0.00858	0.01207	0.00683	0.00448	0.00468	0.00148	0.00602	0.00417	0.00221	0.00627
39	0.04665	0.00993	0.01426	0.55957	0.09730	0.04652	0.01212	0.10849	0.01117	0.01487	0.00860	0.01189	0.00654	0.00487	0.00491	0.00153	0.02840	0.00408	0.00249	0.00578
40	0.00924	0.00892	0.01506	0.74418	0.04968	0.02311	0.05909	0.01239	0.00962	0.01230	0.00844	0.01250	0.00636	0.00466	0.00476	0.00156	0.00640	0.00425	0.00212	0.00536
41	0.01369	0.01309	0.01182	0.11057	0.01519	0.26143	0.00812	0.03116	0.10408	0.09610	0.01038	0.01133	0.00797	0.00477	0.00438	0.00119	0.01848	0.00359	0.00317	0.26950
42	0.00624	0.00469	0.00579	0.00583	0.00691	0.00424	0.00430	0.00793	0.01179	0.01587	0.43675	0.18577	0.24080	0.01130	0.00568	0.00161	0.00243	0.03307	0.00480	0.00421
43	0.01087	0.00952	0.01285	0.22401	0.01827	0.00967	0.06051	0.10336	0.12793	0.01670	0.01036	0.01206	0.00802	0.00461	0.00449	0.00123	0.01898	0.00391	0.00309	0.33957
44	0.00831	0.00530	0.00686	0.00621	0.00774	0.00477	0.00476	0.01042	0.01304	0.10431	0.62984	0.03318	0.08560	0.00921	0.00542	0.00147	0.00251	0.02133	0.00511	0.03462
45	0.00670	0.00529	0.00622	0.00565	0.00737	0.00453	0.00429	0.00852	0.01190	0.01615	0.41575	0.03544	0.31794	0.00964	0.00528	0.00141	0.00246	0.00826	0.00456	0.12263
46	0.00940	0.00905	0.01413	0.49858	0.02436	0.01189	0.01190	0.01171	0.00855	0.01176	0.00763	0.01183	0.00636	0.00666	0.02476	0.00188	0.31809	0.00418	0.00209	0.00519

[dist]
# distance from previous block
# <min> <max>
5	20

[block]
# block no. 6 follows, 54 sequences, length 7
# corresponding to MSA columns:
# 474-480
name=unknown_G
#
# <colnr> <probs for GDERKNQSTAVLIFYWHMCP>
#	G	D	E	R	K	N	Q	S	T	A	V	L	I	F	Y	W	H	M	C	P
0	0.00698	0.00523	0.00634	0.00664	0.00774	0.00497	0.00498	0.06507	0.01123	0.01464	0.12211	0.35623	0.23397	0.01249	0.00582	0.00178	0.00300	0.12196	0.00449	0.00433
1	0.46575	0.00867	0.00791	0.00693	0.00951	0.00957	0.00556	0.16190	0.01160	0.02095	0.07981	0.07588	0.10592	0.00673	0.00403	0.00150	0.00361	0.00506	0.00374	0.00539
2	0.13771	0.01414	0.01248	0.05683	0.07080	0.25625	0.00873	0.22799	0.01398	0.01832	0.01170	0.01274	0.07158	0.00576	0.00511	0.00143	0.06102	0.00409	0.00324	0.00611
3	0.00685	0.00576	0.00766	0.19215	0.01299	0.00569	0.00630	0.00856	0.01010	0.01297	0.06442	0.21572	0.31319	0.01019	0.00535	0.00161	0.00352	0.03888	0.00376	0.07434
4	0.07346	0.01362	0.17287	0.01014	0.01412	0.01159	0.00951	0.36740	0.08731	0.02231	0.01293	0.07110	0.03116	0.00605	0.00457	0.00143	0.00492	0.00477	0.00386	0.07688
5	0.05077	0.03938	0.10306	0.00934	0.01212	0.00908	0.00857	0.17000	0.06956	0.07158	0.04960	0.05026	0.03330	0.00875	0.00531	0.00173	0.00458	0.29290	0.00417	0.00594
6	0.00639	0.00465	0.00501	0.00501	0.00558	0.00436	0.00312	0.00682	0.00826	0.01044	0.02673	0.03609	0.30063	0.53763	0.01735	0.00350	0.00378	0.00797	0.00341	0.00326

[dist]
# distance from previous block
# <min> <max>
0	4

[block]
# block no. 7 follows, 54 sequences, length 8
# corresponding to MSA columns:
# 485-492
name=unknown_H
#
# <colnr> <probs for GDERKNQSTAVLIFYWHMCP>
#	G	D	E	R	K	N	Q	S	T	A	V	L	I	F	Y	W	H	M	C	P
0	0.01167	0.01120	0.01914	0.02894	0.80488	0.01120	0.01447	0.01447	0.01074	0.01540	0.00887	0.01167	0.00747	0.00420	0.00467	0.00140	0.00560	0.00420	0.00233	0.00747
1	0.00575	0.00478	0.00502	0.00496	0.00648	0.00406	0.00372	0.00711	0.01117	0.01373	0.16939	0.04374	0.68072	0.01157	0.00557	0.00157	0.00236	0.00972	0.00451	0.00406
2	0.01161	0.00832	0.00996	0.00721	0.01131	0.00639	0.00580	0.01366	0.01038	0.14314	0.01003	0.01079	0.00774	0.00387	0.00369	0.00082	0.00358	0.00311	0.00328	0.72530
3	0.00898	0.00838	0.01374	0.74763	0.03051	0.01009	0.01240	0.01203	0.00946	0.01235	0.00838	0.01231	0.00635	0.00460	0.00460	0.00149	0.00603	0.00406	0.00216	0.08444
4	0.01621	0.00754	0.00975	0.00756	0.01093	0.00632	0.00614	0.01804	0.01242	0.50840	0.07060	0.01911	0.09679	0.00625	0.00462	0.00132	0.00362	0.00514	0.00501	0.18423
5	0.04470	0.00909	0.01259	0.12260	0.01453	0.02902	0.05861	0.03922	0.02772	0.01433	0.13928	0.01860	0.07647	0.00775	0.00937	0.00176	0.34338	0.02277	0.00303	0.00518
6	0.10348	0.00697	0.00851	0.00707	0.00966	0.00638	0.00560	0.01501	0.03468	0.28772	0.29586	0.04945	0.02281	0.00705	0.00472	0.00139	0.00321	0.00592	0.00481	0.11971
7	0.01233	0.00791	0.00991	0.00808	0.01090	0.00733	0.02990	0.08635	0.09536	0.19680	0.09144	0.13717	0.01659	0.04475	0.00560	0.00149	0.00374	0.00603	0.00433	0.22397

[dist]
# distance from previous block
# <min> <max>
6	22

[block]
# block no. 8 follows, 54 sequences, length 12
# corresponding to MSA columns:
# 520-531
name=unknown_I
#
# <colnr> <probs for GDERKNQSTAVLIFYWHMCP>
#	G	D	E	R	K	N	Q	S	T	A	V	L	I	F	Y	W	H	M	C	P
0	0.01187	0.03924	0.01088	0.00928	0.01175	0.03603	0.00723	0.14360	0.48071	0.01940	0.01832	0.16002	0.01579	0.00763	0.00492	0.00159	0.00398	0.00642	0.00454	0.00680
1	0.00568	0.00434	0.00523	0.00594	0.00668	0.00388	0.00410	0.00664	0.00963	0.01228	0.03357	0.55773	0.29978	0.01379	0.00586	0.00180	0.00261	0.01220	0.00438	0.00388
2	0.00978	0.00838	0.00978	0.00698	0.01117	0.00629	0.00559	0.01187	0.00978	0.01536	0.00838	0.00978	0.00698	0.00349	0.00349	0.00070	0.00349	0.00279	0.00279	0.86312
3	0.01792	0.01321	0.01415	0.01085	0.01462	0.01462	0.00896	0.78916	0.02217	0.02972	0.01132	0.01132	0.00802	0.00566	0.00472	0.00142	0.00519	0.00425	0.00472	0.00802
4	0.01261	0.83713	0.02471	0.00807	0.01210	0.01866	0.00807	0.01412	0.00958	0.01109	0.00656	0.00756	0.00605	0.00403	0.00303	0.00101	0.00504	0.00252	0.00202	0.00605
5	0.00674	0.00505	0.00758	0.00758	0.00842	0.00589	0.00589	0.00842	0.00758	0.01095	0.01263	0.01852	0.01179	0.03536	0.81561	0.00758	0.01263	0.00505	0.00253	0.00421
6	0.00978	0.00838	0.00978	0.00698	0.01117	0.00629	0.00559	0.01187	0.00978	0.01536	0.00838	0.00978	0.00698	0.00349	0.00349	0.00070	0.00349	0.00279	0.00279	0.86312
7	0.01792	0.01321	0.01415	0.01085	0.01462	0.01462	0.00896	0.78916	0.02217	0.02972	0.01132	0.01132	0.00802	0.00566	0.00472	0.00142	0.00519	0.00425	0.00472	0.00802
8	0.00946	0.02439	0.80987	0.01344	0.02041	0.01095	0.01742	0.01493	0.00995	0.01493	0.00846	0.00995	0.00597	0.00448	0.00448	0.00149	0.00697	0.00348	0.00199	0.00697
9	0.01664	0.01257	0.01343	0.01059	0.01413	0.01402	0.00865	0.63128	0.18214	0.02765	0.01295	0.01262	0.00934	0.00581	0.00473	0.00145	0.00489	0.00447	0.00473	0.00790
10	0.01140	0.01028	0.01349	0.01079	0.01284	0.01191	0.03790	0.13624	0.01053	0.01564	0.00780	0.01040	0.00676	0.00624	0.00976	0.00153	0.41516	0.00380	0.00272	0.26481
11	0.01657	0.01500	0.14161	0.01126	0.01555	0.01403	0.01032	0.66514	0.02021	0.02735	0.01086	0.01110	0.00769	0.00547	0.00468	0.00143	0.00547	0.00412	0.00428	0.00785

[dist]
# distance from previous block
# <min> <max>
18	93

[block]
# block no. 9 follows, 54 sequences, length 18
# corresponding to MSA columns:
# 665-682
name=unknown_J
#
# <colnr> <probs for GDERKNQSTAVLIFYWHMCP>
#	G	D	E	R	K	N	Q	S	T	A	V	L	I	F	Y	W	H	M	C	P
0	0.05083	0.00977	0.03991	0.01203	0.14699	0.00863	0.03120	0.06226	0.04244	0.14001	0.02461	0.01347	0.00937	0.00489	0.00455	0.00121	0.02666	0.03114	0.00343	0.33661
1	0.05535	0.12018	0.05343	0.00815	0.02464	0.00873	0.02965	0.06899	0.01143	0.11769	0.06066	0.05025	0.14561	0.00639	0.00434	0.00126	0.00394	0.00521	0.01601	0.20808
2	0.05009	0.01667	0.33757	0.01273	0.01798	0.01117	0.14961	0.17970	0.01282	0.05582	0.00965	0.01090	0.00696	0.00459	0.00455	0.00140	0.00608	0.00395	0.00295	0.10480
3	0.00978	0.00838	0.00978	0.00698	0.01117	0.00629	0.00559	0.01187	0.00978	0.01536	0.00838	0.00978	0.00698	0.00349	0.00349	0.00070	0.00349	0.00279	0.00279	0.86312
4	0.01330	0.01067	0.01732	0.08640	0.56575	0.02712	0.03010	0.01594	0.01120	0.16025	0.01060	0.01250	0.00811	0.00455	0.00470	0.00142	0.00548	0.00431	0.00296	0.00733
5	0.00686	0.00457	0.00514	0.00514	0.00514	0.00457	0.00286	0.00686	0.00686	0.00914	0.01486	0.03086	0.01714	0.83430	0.02400	0.00457	0.00457	0.00686	0.00286	0.00286
6	0.01261	0.83713	0.02471	0.00807	0.01210	0.01866	0.00807	0.01412	0.00958	0.01109	0.00656	0.00756	0.00605	0.00403	0.00303	0.00101	0.00504	0.00252	0.00202	0.00605
7	0.00663	0.00482	0.00624	0.00589	0.00702	0.00443	0.00442	0.00882	0.01325	0.01867	0.77337	0.03561	0.07366	0.00973	0.00556	0.00149	0.00223	0.00858	0.00516	0.00443
8	0.01098	0.01194	0.02480	0.16662	0.02570	0.01176	0.61659	0.04365	0.01123	0.01509	0.00939	0.01264	0.00703	0.00417	0.00538	0.00158	0.00754	0.00526	0.00242	0.00622
9	0.00688	0.00498	0.00661	0.00671	0.00780	0.00470	0.00533	0.00903	0.01245	0.01718	0.53710	0.05963	0.06194	0.01081	0.00585	0.00169	0.00285	0.22918	0.00490	0.00439
10	0.00890	0.00838	0.01414	0.82296	0.03247	0.01048	0.01309	0.01205	0.00943	0.01205	0.00838	0.01257	0.00629	0.00471	0.00471	0.00157	0.00629	0.00419	0.00210	0.00524
