[name]
unknown

[dist]
# distance from previous block
# <min> <max>
3	55

[block]
# block no. 0 follows, 55 sequences, length 9
# corresponding to MSA columns:
# 55-63
name=unknown_A
#
# <colnr> <probs for GDERKNQSTAVLIFYWHMCP>
#	G	D	E	R	K	N	Q	S	T	A	V	L	I	F	Y	W	H	M	C	P
0	0.01101	0.01054	0.01797	0.17670	0.66331	0.01092	0.01403	0.01383	0.01035	0.01458	0.00866	0.01168	0.00715	0.00424	0.00461	0.00141	0.00565	0.00414	0.00226	0.00696
1	0.01022	0.00973	0.01655	0.40617	0.43998	0.01071	0.01363	0.01314	0.00998	0.01363	0.00852	0.01194	0.00682	0.00438	0.00463	0.00146	0.00585	0.00414	0.00219	0.00633
2	0.00879	0.00827	0.01395	0.82532	0.03204	0.01034	0.01292	0.01189	0.00930	0.01189	0.00827	0.01240	0.00620	0.00465	0.00465	0.00155	0.00620	0.00413	0.00207	0.00517
3	0.86937	0.00900	0.00684	0.00612	0.00900	0.01044	0.00504	0.01368	0.00792	0.02087	0.00648	0.00756	0.00504	0.00432	0.00288	0.00144	0.00360	0.00252	0.00288	0.00504
4	0.00879	0.00827	0.01395	0.82532	0.03204	0.01034	0.01292	0.01189	0.00930	0.01189	0.00827	0.01240	0.00620	0.00465	0.00465	0.00155	0.00620	0.00413	0.00207	0.00517
5	0.00965	0.00827	0.00965	0.00689	0.01102	0.00620	0.00551	0.01171	0.00965	0.01516	0.00827	0.00965	0.00689	0.00345	0.00345	0.00069	0.00345	0.00276	0.00276	0.86494
6	0.00965	0.00827	0.00965	0.00689	0.01102	0.00620	0.00551	0.01171	0.00965	0.01516	0.00827	0.00965	0.00689	0.00345	0.00345	0.00069	0.00345	0.00276	0.00276	0.86494
7	0.08445	0.01088	0.01786	0.02665	0.73959	0.01100	0.01349	0.01423	0.01037	0.01568	0.00856	0.01118	0.00717	0.00416	0.00446	0.00139	0.00536	0.00401	0.00235	0.00717
8	0.01377	0.01085	0.01234	0.07926	0.01458	0.03580	0.03201	0.33917	0.24079	0.05112	0.10711	0.01596	0.01386	0.00611	0.00479	0.00147	0.00459	0.00501	0.00441	0.00698

[dist]
# distance from previous block
# <min> <max>
3	12

[block]
# block no. 1 follows, 55 sequences, length 15
# corresponding to MSA columns:
# 76-90
name=unknown_B
#
# <colnr> <probs for GDERKNQSTAVLIFYWHMCP>
#	G	D	E	R	K	N	Q	S	T	A	V	L	I	F	Y	W	H	M	C	P
0	0.01092	0.06617	0.01762	0.09341	0.60251	0.01088	0.01301	0.01356	0.01042	0.01449	0.01024	0.01566	0.00923	0.00510	0.00469	0.00145	0.00542	0.08597	0.00247	0.00676
1	0.00730	0.00535	0.00695	0.09372	0.06215	0.00557	0.00467	0.00782	0.00729	0.00974	0.01358	0.02725	0.01513	0.69197	0.02037	0.00398	0.00476	0.00631	0.00270	0.00338
2	0.01240	0.01392	0.02306	0.01954	0.15831	0.14696	0.49482	0.04504	0.01170	0.01491	0.00899	0.01162	0.00697	0.00417	0.00509	0.00147	0.00743	0.00479	0.00244	0.00638
3	0.00671	0.00496	0.00722	0.00727	0.00810	0.00556	0.00564	0.00838	0.00830	0.01178	0.09764	0.02332	0.01651	0.07191	0.62761	0.00627	0.01032	0.06546	0.00293	0.00412
4	0.01130	0.01235	0.01811	0.01442	0.01613	0.11123	0.24583	0.01321	0.00903	0.01234	0.00724	0.01068	0.00638	0.00646	0.01097	0.00179	0.48050	0.00437	0.00218	0.00548
5	0.00679	0.00549	0.00610	0.00682	0.00731	0.05229	0.00460	0.00821	0.05165	0.01195	0.02302	0.65546	0.02694	0.10079	0.00765	0.00211	0.00328	0.01151	0.00407	0.00397
6	0.00636	0.00443	0.00593	0.00694	0.00749	0.00426	0.00515	0.00763	0.00947	0.01278	0.02474	0.56452	0.02853	0.01355	0.00592	0.00191	0.00312	0.22841	0.05491	0.00395
7	0.01151	0.01105	0.01888	0.02855	0.80748	0.01105	0.01428	0.01428	0.01059	0.01520	0.00875	0.01151	0.00737	0.00415	0.00461	0.00138	0.00553	0.00415	0.00230	0.00737
8	0.01151	0.01105	0.01888	0.02855	0.80748	0.01105	0.01428	0.01428	0.01059	0.01520	0.00875	0.01151	0.00737	0.00415	0.00461	0.00138	0.00553	0.00415	0.00230	0.00737
9	0.00965	0.00827	0.00965	0.00689	0.01102	0.00620	0.00551	0.01171	0.00965	0.01516	0.00827	0.00965	0.00689	0.00345	0.00345	0.00069	0.00345	0.00276	0.00276	0.86494
10	0.01151	0.01105	0.01888	0.02855	0.80748	0.01105	0.01428	0.01428	0.01059	0.01520	0.00875	0.01151	0.00737	0.00415	0.00461	0.00138	0.00553	0.00415	0.00230	0.00737
11	0.00665	0.00498	0.00748	0.00748	0.00831	0.00582	0.00582	0.00831	0.00748	0.01080	0.01246	0.01828	0.01163	0.03489	0.81807	0.00748	0.01246	0.00498	0.00249	0.00415
12	0.00567	0.00405	0.00540	0.00648	0.00675	0.00378	0.00432	0.00648	0.00891	0.01188	0.02564	0.83347	0.03077	0.01457	0.00594	0.00189	0.00270	0.01323	0.00432	0.00378
13	0.01162	0.09929	0.02006	0.01401	0.01756	0.05495	0.39703	0.13157	0.01223	0.01615	0.01186	0.13100	0.01068	0.00584	0.00499	0.00149	0.00615	0.00591	0.04160	0.00599
14	0.04067	0.15014	0.08443	0.01338	0.11184	0.40823	0.03664	0.01684	0.02581	0.04422	0.00805	0.00935	0.00653	0.00463	0.00431	0.00126	0.02192	0.00329	0.00246	0.00600

[dist]
# distance from previous block
# <min> <max>
10	27

[block]
# block no. 2 follows, 55 sequences, length 7
# corresponding to MSA columns:
# 118-124
name=unknown_C
#
# <colnr> <probs for GDERKNQSTAVLIFYWHMCP>
#	G	D	E	R	K	N	Q	S	T	A	V	L	I	F	Y	W	H	M	C	P
0	0.01586	0.01118	0.01229	0.00985	0.01301	0.01216	0.00796	0.56064	0.08533	0.09075	0.01431	0.11966	0.01173	0.00684	0.00483	0.00148	0.00458	0.00550	0.00471	0.00732
1	0.12213	0.00836	0.00928	0.00679	0.01076	0.00676	0.00545	0.01197	0.00942	0.01591	0.00803	0.00937	0.00665	0.00356	0.00337	0.00079	0.00347	0.00273	0.00277	0.75244
2	0.05691	0.03265	0.01547	0.01153	0.01468	0.00916	0.26324	0.08664	0.01223	0.18625	0.11532	0.07099	0.05334	0.02294	0.00567	0.00158	0.02539	0.00604	0.00389	0.00609
3	0.28143	0.05459	0.18929	0.00945	0.01332	0.01104	0.04926	0.15991	0.05302	0.01965	0.06910	0.01328	0.04749	0.00538	0.00411	0.00144	0.00474	0.00411	0.00327	0.00612
4	0.05839	0.09498	0.11478	0.05196	0.01413	0.01138	0.00886	0.28481	0.04165	0.12429	0.07668	0.01334	0.01092	0.00542	0.00435	0.00135	0.00471	0.00421	0.02392	0.04988
5	0.08295	0.17971	0.31839	0.01052	0.01523	0.03549	0.01127	0.12913	0.07836	0.03745	0.00931	0.01012	0.00702	0.00474	0.00426	0.00135	0.02231	0.00345	0.00281	0.03613
6	0.12752	0.01641	0.40659	0.05295	0.01616	0.03386	0.01182	0.05297	0.02737	0.09780	0.01280	0.01352	0.07120	0.00529	0.00431	0.00145	0.00546	0.00408	0.03210	0.00634

[dist]
# distance from previous block
# <min> <max>
17	48

[block]
# block no. 3 follows, 55 sequences, length 9
# corresponding to MSA columns:
# 176-184
name=unknown_D
#
# <colnr> <probs for GDERKNQSTAVLIFYWHMCP>
#	G	D	E	R	K	N	Q	S	T	A	V	L	I	F	Y	W	H	M	C	P
0	0.20615	0.01178	0.01203	0.18709	0.01682	0.13459	0.03132	0.20597	0.01273	0.01854	0.00855	0.01026	0.00656	0.00543	0.02416	0.00149	0.00560	0.00353	0.00303	0.09436
1	0.12275	0.01008	0.01100	0.01031	0.07939	0.09125	0.00753	0.12959	0.02534	0.16972	0.10699	0.01480	0.01261	0.00844	0.07856	0.00195	0.05955	0.00446	0.00380	0.05188
2	0.01237	0.00977	0.01118	0.08446	0.01358	0.08070	0.02800	0.21642	0.09409	0.08338	0.01356	0.08948	0.01156	0.01379	0.21268	0.00302	0.00699	0.00530	0.00367	0.00600
3	0.13544	0.01105	0.01300	0.04467	0.03731	0.06217	0.08713	0.21203	0.15924	0.03619	0.01130	0.01252	0.00870	0.00807	0.08163	0.00203	0.04353	0.00425	0.00352	0.02622
4	0.05624	0.00906	0.01393	0.46696	0.19158	0.01025	0.01164	0.01365	0.08211	0.01405	0.00925	0.01217	0.00718	0.00458	0.00445	0.00144	0.00545	0.00403	0.00247	0.07952
5	0.07613	0.00957	0.01414	0.44137	0.16864	0.01092	0.01158	0.13623	0.01165	0.06239	0.00927	0.01188	0.00691	0.00475	0.00451	0.00148	0.00558	0.00406	0.00279	0.00616
6	0.46657	0.00957	0.00977	0.00967	0.09223	0.01084	0.00695	0.13464	0.06298	0.02078	0.08163	0.01181	0.00996	0.00531	0.00436	0.00147	0.04849	0.00375	0.00338	0.00582
7	0.00832	0.00747	0.00973	0.08016	0.09317	0.08145	0.00759	0.01017	0.00848	0.01140	0.01123	0.01617	0.01021	0.02637	0.58973	0.00576	0.01084	0.00464	0.00243	0.00469
8	0.01405	0.01677	0.12439	0.01052	0.01385	0.34947	0.00909	0.11313	0.09415	0.04258	0.01320	0.01356	0.08081	0.00556	0.00441	0.00130	0.00616	0.00410	0.00318	0.07974

[dist]
# distance from previous block
# <min> <max>
0	8

[block]
# block no. 4 follows, 55 sequences, length 7
# corresponding to MSA columns:
# 193-199
name=unknown_E
#
# <colnr> <probs for GDERKNQSTAVLIFYWHMCP>
#	G	D	E	R	K	N	Q	S	T	A	V	L	I	F	Y	W	H	M	C	P
0	0.01644	0.01244	0.01414	0.01094	0.01450	0.01365	0.05195	0.67125	0.06383	0.02719	0.01215	0.04823	0.00923	0.00593	0.00476	0.00144	0.00508	0.00472	0.00452	0.00761
1	0.01203	0.14502	0.47985	0.01177	0.01737	0.01293	0.01356	0.22175	0.01298	0.01804	0.00881	0.00982	0.00644	0.00466	0.00426	0.00138	0.00612	0.00349	0.00269	0.00701
2	0.00666	0.00495	0.00729	0.00729	0.00805	0.00571	0.00558	0.00818	0.00742	0.01066	0.01264	0.01925	0.01205	0.09873	0.75481	0.00724	0.01183	0.00513	0.00252	0.00405
3	0.01078	0.23115	0.01695	0.01108	0.01214	0.01536	0.00959	0.01192	0.00775	0.01113	0.00620	0.00945	0.00607	0.00703	0.01199	0.00176	0.60865	0.00365	0.00202	0.00532
4	0.00639	0.00474	0.00692	0.00721	0.00789	0.00527	0.00542	0.00782	0.00786	0.01109	0.01597	0.23553	0.01673	0.02948	0.60163	0.00599	0.00986	0.00718	0.00298	0.00405
5	0.64238	0.01007	0.00874	0.00734	0.01044	0.01150	0.00605	0.22110	0.01164	0.02312	0.00773	0.00852	0.00580	0.00466	0.00335	0.00143	0.00400	0.00296	0.00335	0.00580
6	0.01768	0.01303	0.01396	0.01070	0.01443	0.01443	0.00884	0.79197	0.02187	0.02932	0.01117	0.01117	0.00791	0.00558	0.00465	0.00140	0.00512	0.00419	0.00465	0.00791

[dist]
# distance from previous block
# <min> <max>
0	7

[block]
# block no. 5 follows, 55 sequences, length 8
# corresponding to MSA columns:
# 207-214
name=unknown_F
#
# <colnr> <probs for GDERKNQSTAVLIFYWHMCP>
#	G	D	E	R	K	N	Q	S	T	A	V	L	I	F	Y	W	H	M	C	P
0	0.01244	0.83930	0.02438	0.00796	0.01194	0.01841	0.00796	0.01393	0.00945	0.01095	0.00647	0.00746	0.00597	0.00398	0.00299	0.00100	0.00498	0.00249	0.00199	0.00597
1	0.00687	0.00463	0.00542	0.00558	0.00573	0.00463	0.00349	0.00718	0.00733	0.00973	0.01610	0.03362	0.01834	0.71760	0.02119	0.00417	0.00448	0.11784	0.00303	0.00303
2	0.60588	0.10506	0.04992	0.00735	0.01067	0.01194	0.00652	0.12612	0.01020	0.02065	0.00725	0.00818	0.00560	0.00447	0.00322	0.00138	0.00414	0.00280	0.00299	0.00565
3	0.01184	0.68158	0.17683	0.00899	0.01353	0.01694	0.00975	0.01409	0.00952	0.01168	0.00683	0.00792	0.00596	0.00407	0.00326	0.00109	0.00534	0.00267	0.00199	0.00615
4	0.01204	0.23444	0.23430	0.00990	0.01412	0.01288	0.01017	0.21443	0.05906	0.01832	0.12420	0.01358	0.01240	0.00545	0.00427	0.00133	0.00506	0.00420	0.00328	0.00657
5	0.01390	0.06505	0.12268	0.01002	0.01357	0.01240	0.00904	0.44356	0.08294	0.02238	0.03254	0.01381	0.00992	0.07175	0.05371	0.00200	0.00554	0.00443	0.00387	0.00689
6	0.01492	0.13570	0.13981	0.01273	0.10543	0.01406	0.01063	0.46866	0.01690	0.02275	0.00977	0.01046	0.00725	0.00500	0.00437	0.00135	0.00542	0.00382	0.00358	0.00740
7	0.10046	0.23702	0.18404	0.01200	0.13672	0.01237	0.00995	0.10186	0.01058	0.01526	0.00894	0.01234	0.00788	0.12450	0.00671	0.00176	0.00527	0.00376	0.00255	0.00605

[dist]
# distance from previous block
# <min> <max>
17	27

[block]
# block no. 6 follows, 55 sequences, length 6
# corresponding to MSA columns:
# 257-262
name=unknown_G
#
# <colnr> <probs for GDERKNQSTAVLIFYWHMCP>
#	G	D	E	R	K	N	Q	S	T	A	V	L	I	F	Y	W	H	M	C	P
0	0.03454	0.19552	0.03655	0.00977	0.03119	0.18910	0.03113	0.06580	0.01154	0.08012	0.03158	0.01146	0.03439	0.00491	0.00440	0.00117	0.03901	0.00357	0.00293	0.18134
1	0.01385	0.09387	0.24633	0.01037	0.01453	0.07079	0.01034	0.21578	0.01374	0.14707	0.03837	0.08185	0.01072	0.00596	0.00453	0.00142	0.00537	0.00471	0.00361	0.00677
2	0.01670	0.01297	0.01308	0.01032	0.01371	0.07313	0.00841	0.63580	0.07144	0.02660	0.01163	0.01175	0.00843	0.00556	0.00454	0.00137	0.00508	0.00418	0.05782	0.00747
3	0.01163	0.62734	0.22926	0.00934	0.01407	0.01643	0.01036	0.01414	0.00955	0.01193	0.00696	0.00808	0.00595	0.00409	0.00336	0.00112	0.00547	0.00273	0.00198	0.00621
4	0.01768	0.01303	0.01396	0.01070	0.01443	0.01443	0.00884	0.79197	0.02187	0.02932	0.01117	0.01117	0.00791	0.00558	0.00465	0.00140	0.00512	0.00419	0.00465	0.00791
5	0.01184	0.68182	0.17661	0.00898	0.01352	0.01694	0.00974	0.01409	0.00952	0.01168	0.00683	0.00792	0.00596	0.00407	0.00326	0.00109	0.00534	0.00267	0.00199	0.00615

[dist]
# distance from previous block
# <min> <max>
13	22

[block]
# block no. 7 follows, 55 sequences, length 12
# corresponding to MSA columns:
# 286-297
name=unknown_H
#
# <colnr> <probs for GDERKNQSTAVLIFYWHMCP>
#	G	D	E	R	K	N	Q	S	T	A	V	L	I	F	Y	W	H	M	C	P
0	0.01033	0.00969	0.01466	0.04130	0.01521	0.04990	0.24351	0.04620	0.04410	0.04007	0.06602	0.07290	0.08552	0.00592	0.00479	0.00132	0.00500	0.00562	0.00325	0.23468
1	0.00923	0.00872	0.01476	0.69552	0.15837	0.01045	0.01314	0.01228	0.00951	0.01243	0.00835	0.01226	0.00639	0.00457	0.00464	0.00152	0.00609	0.00414	0.00211	0.00553
2	0.01370	0.03775	0.05371	0.00853	0.01237	0.10197	0.00722	0.10114	0.01224	0.17714	0.03004	0.01148	0.00866	0.00452	0.00400	0.00105	0.00451	0.00350	0.00352	0.40294
3	0.00909	0.00782	0.00985	0.00730	0.01091	0.00612	0.04583	0.01123	0.01028	0.01555	0.12755	0.01500	0.04645	0.00472	0.00394	0.00089	0.00344	0.00403	0.00315	0.65686
4	0.01596	0.01217	0.01299	0.01036	0.01377	0.01362	0.00843	0.57573	0.24092	0.02654	0.01336	0.01291	0.00968	0.00579	0.00468	0.00145	0.00471	0.00449	0.00468	0.00776
5	0.00965	0.00827	0.00965	0.00689	0.01102	0.00620	0.00551	0.01171	0.00965	0.01516	0.00827	0.00965	0.00689	0.00345	0.00345	0.00069	0.00345	0.00276	0.00276	0.86494
6	0.01005	0.28491	0.48702	0.01085	0.01630	0.01267	0.01305	0.01387	0.00991	0.01364	0.05065	0.01164	0.03721	0.00481	0.00405	0.00132	0.00585	0.00362	0.00222	0.00635
7	0.00965	0.00827	0.00965	0.00689	0.01102	0.00620	0.00551	0.01171	0.00965	0.01516	0.00827	0.00965	0.00689	0.00345	0.00345	0.00069	0.00345	0.00276	0.00276	0.86494
8	0.00578	0.00434	0.00537	0.00593	0.00667	0.00392	0.00413	0.00693	0.01007	0.01322	0.16568	0.49840	0.22663	0.01300	0.00575	0.00174	0.00253	0.01154	0.00446	0.00392
9	0.00808	0.00404	0.00606	0.00606	0.00606	0.00404	0.00404	0.00606	0.00606	0.00808	0.00808	0.01414	0.00808	0.01616	0.01818	0.86465	0.00404	0.00404	0.00202	0.00202
10	0.00565	0.00412	0.00532	0.00628	0.00670	0.00380	0.00423	0.00650	0.00909	0.01195	0.02802	0.74628	0.11643	0.01427	0.00589	0.00185	0.00266	0.01285	0.00432	0.00380
11	0.01087	0.01205	0.02544	0.08420	0.11150	0.01157	0.64338	0.01459	0.01081	0.01470	0.00925	0.01242	0.00703	0.00400	0.00533	0.00155	0.00746	0.00523	0.00232	0.00631

[dist]
# distance from previous block
# <min> <max>
0	1

[block]
# block no. 8 follows, 55 sequences, length 98
# corresponding to MSA columns:
# 299-396
name=unknown_I
#
# <colnr> <probs for GDERKNQSTAVLIFYWHMCP>
#	G	D	E	R	K	N	Q	S	T	A	V	L	I	F	Y	W	H	M	C	P
0	0.16066	0.21129	0.11792	0.00991	0.01345	0.32456	0.00895	0.02997	0.01101	0.03360	0.00743	0.00849	0.00601	0.00446	0.00371	0.00122	0.00623	0.00291	0.00246	0.03574
1	0.00829	0.00806	0.03783	0.57920	0.05494	0.00894	0.01100	0.01111	0.00987	0.01285	0.08066	0.01850	0.11435	0.00598	0.00480	0.00153	0.00529	0.00522	0.01652	0.00506
2	0.01005	0.07119	0.58446	0.01363	0.04599	0.02440	0.09106	0.03285	0.01032	0.01490	0.02076	0.01039	0.00674	0.00441	0.00442	0.00141	0.00658	0.00366	0.00217	0.04060
3	0.00622	0.00484	0.00582	0.00616	0.00711	0.00469	0.00442	0.00810	0.06233	0.01252	0.05062	0.34939	0.28102	0.05056	0.12130	0.00265	0.00410	0.01001	0.00405	0.00410
4	0.01036	0.02537	0.05702	0.00748	0.01171	0.00704	0.00641	0.03150	0.02563	0.04707	0.00892	0.01005	0.00717	0.00371	0.00360	0.00081	0.00374	0.00295	0.00290	0.72657
5	0.01118	0.00919	0.01222	0.02231	0.07302	0.00798	0.07123	0.08283	0.03872	0.06077	0.02459	0.01176	0.01919	0.00420	0.00401	0.00099	0.00415	0.00363	0.00315	0.53490
6	0.00567	0.00405	0.00540	0.00648	0.00675	0.00378	0.00432	0.00648	0.00891	0.01188	0.02564	0.83347	0.03077	0.01457	0.00594	0.00189	0.00270	0.01323	0.00432	0.00378
7	0.03353	0.09990	0.38880	0.01039	0.01486	0.09386	0.01144	0.01438	0.07684	0.01481	0.10443	0.01632	0.08966	0.00588	0.00447	0.00141	0.00550	0.00463	0.00286	0.00605
8	0.00579	0.00419	0.00552	0.00646	0.00687	0.00386	0.00434	0.00664	0.00896	0.01199	0.02546	0.79448	0.04311	0.01418	0.00585	0.00185	0.00272	0.01284	0.00427	0.03062
9	0.00965	0.00827	0.00965	0.00689	0.01102	0.00620	0.00551	0.01171	0.00965	0.01516	0.00827	0.00965	0.00689	0.00345	0.00345	0.00069	0.00345	0.00276	0.00276	0.86494
10	0.01119	0.04550	0.16799	0.03173	0.42040	0.01015	0.01238	0.02541	0.01034	0.05897	0.00949	0.01235	0.00784	0.06011	0.00567	0.00153	0.00539	0.00400	0.00253	0.09701
11	0.01712	0.01273	0.01365	0.01054	0.01421	0.01407	0.00868	0.72646	0.07044	0.02839	0.01159	0.01152	0.00828	0.00558	0.00463	0.00139	0.00499	0.00422	0.00462	0.02688
12	0.01768	0.01303	0.01396	0.01070	0.01443	0.01443	0.00884	0.79197	0.02187	0.02932	0.01117	0.01117	0.00791	0.00558	0.00465	0.00140	0.00512	0.00419	0.00465	0.00791
13	0.01206	0.44757	0.27354	0.01036	0.01517	0.01456	0.05057	0.01493	0.00993	0.08171	0.00824	0.00926	0.00648	0.00436	0.00399	0.00124	0.02410	0.00317	0.00233	0.00642
14	0.01244	0.83930	0.02438	0.00796	0.01194	0.01841	0.00796	0.01393	0.00945	0.01095	0.00647	0.00746	0.00597	0.00398	0.00299	0.00100	0.00498	0.00249	0.00199	0.00597
15	0.00567	0.00405	0.00540	0.00648	0.00675	0.00378	0.00432	0.00648	0.00891	0.01188	0.02564	0.83347	0.03077	0.01457	0.00594	0.00189	0.00270	0.01323	0.00432	0.00378
16	0.00612	0.00448	0.00568	0.00634	0.00696	0.00416	0.00437	0.02224	0.00959	0.01275	0.07902	0.61779	0.10840	0.04485	0.00647	0.00190	0.00280	0.02857	0.00429	0.02321
17	0.00619	0.00476	0.00568	0.00557	0.00684	0.00425	0.00423	0.00796	0.01194	0.01586	0.44738	0.05542	0.34210	0.01069	0.00555	0.00155	0.00239	0.05272	0.00474	0.00419
18	0.02661	0.03023	0.08264	0.00880	0.04181	0.00801	0.00738	0.05198	0.04217	0.07658	0.00951	0.01051	0.00744	0.00409	0.00402	0.00096	0.02228	0.00321	0.00304	0.55872
19	0.03134	0.01272	0.01590	0.12188	0.29779	0.17702	0.06771	0.01505	0.05689	0.01398	0.00869	0.01107	0.00712	0.00478	0.00545	0.00140	0.08092	0.00393	0.00246	0.06391
20	0.02424	0.10582	0.38605	0.01297	0.06974	0.08684	0.05909	0.04545	0.02653	0.01470	0.04287	0.01202	0.02743	0.00582	0.02710	0.00158	0.03902	0.00395	0.00244	0.00634
21	0.00738	0.00635	0.00860	0.01914	0.00921	0.02707	0.02515	0.00858	0.00841	0.01153	0.01800	0.33136	0.05779	0.04235	0.20399	0.00331	0.17881	0.02551	0.00323	0.00425
22	0.00704	0.00484	0.00600	0.00579	0.00705	0.00434	0.00431	0.00877	0.01197	0.06347	0.46366	0.13891	0.23547	0.01052	0.00550	0.00154	0.00241	0.00917	0.00485	0.00440
23	0.00679	0.00484	0.00655	0.00751	0.00824	0.00473	0.00598	0.00829	0.00978	0.01281	0.02451	0.31274	0.04004	0.08151	0.00767	0.00224	0.00374	0.44387	0.00417	0.00399
24	0.01122	0.08661	0.04144	0.09703	0.15838	0.02521	0.19686	0.03567	0.03019	0.03867	0.00905	0.01117	0.00715	0.00421	0.00463	0.00126	0.02383	0.00399	0.00259	0.21085
25	0.01338	0.00738	0.00879	0.00736	0.00979	0.00727	0.00586	0.13172	0.08701	0.26608	0.17814	0.03529	0.07626	0.00708	0.00471	0.00141	0.00334	0.00588	0.13702	0.00624
26	0.00725	0.00480	0.00611	0.00652	0.00740	0.00450	0.00460	0.00896	0.04955	0.07556	0.12350	0.55468	0.10364	0.01258	0.00568	0.00176	0.00275	0.01124	0.00455	0.00437
27	0.17315	0.01195	0.01245	0.00970	0.01327	0.01319	0.00801	0.59845	0.01875	0.08024	0.01080	0.01082	0.00763	0.00537	0.00433	0.00141	0.00476	0.00392	0.00440	0.00739
28	0.00571	0.00472	0.00501	0.00494	0.00641	0.00402	0.00370	0.00709	0.01111	0.01376	0.19603	0.04280	0.65595	0.01134	0.00550	0.00155	0.00232	0.00954	0.00448	0.00402
29	0.00665	0.00498	0.00748	0.00748	0.00831	0.00582	0.00582	0.00831	0.00748	0.01080	0.01246	0.01828	0.01163	0.03489	0.81807	0.00748	0.01246	0.00498	0.00249	0.00415
30	0.00933	0.02406	0.81240	0.01326	0.02014	0.01080	0.01719	0.01473	0.00982	0.01473	0.00835	0.00982	0.00589	0.00442	0.00442	0.00147	0.00688	0.00344	0.00196	0.00688
31	0.00659	0.00484	0.00619	0.00584	0.00699	0.00448	0.00438	0.00890	0.02629	0.01825	0.73975	0.03514	0.09563	0.00961	0.00547	0.00147	0.00223	0.00846	0.00506	0.00441
32	0.00573	0.00417	0.00537	0.00630	0.00671	0.00386	0.00426	0.00659	0.00905	0.01190	0.02747	0.70417	0.11069	0.04290	0.00652	0.00195	0.00277	0.03156	0.00427	0.00377
33	0.00879	0.00827	0.01395	0.82532	0.03204	0.01034	0.01292	0.01189	0.00930	0.01189	0.00827	0.01240	0.00620	0.00465	0.00465	0.00155	0.00620	0.00413	0.00207	0.00517
34	0.00963	0.00943	0.01413	0.33247	0.02002	0.01271	0.01126	0.01147	0.00798	0.01147	0.00696	0.01105	0.00614	0.00677	0.01109	0.00184	0.50431	0.00410	0.00205	0.00512
35	0.00676	0.00452	0.00513	0.00513	0.00515	0.00454	0.00289	0.00680	0.00678	0.00906	0.01460	0.03014	0.01678	0.81675	0.04326	0.00458	0.00471	0.00672	0.00281	0.00285
36	0.00961	0.00882	0.01436	0.70432	0.09540	0.01067	0.01276	0.06445	0.01025	0.01333	0.00850	0.01225	0.00641	0.00467	0.00465	0.00153	0.00607	0.00414	0.00226	0.00554
37	0.03712	0.01421	0.01320	0.01141	0.01336	0.27358	0.03605	0.06771	0.19379	0.03247	0.01015	0.01146	0.00819	0.00616	0.00764	0.00157	0.24884	0.00403	0.00306	0.00600
38	0.00602	0.00457	0.00674	0.00729	0.00784	0.00428	0.05059	0.00704	0.00907	0.01209	0.02467	0.76951	0.02930	0.01391	0.00592	0.00188	0.00303	0.02812	0.00420	0.00394
39	0.00712	0.00483	0.00628	0.00599	0.00713	0.00442	0.00446	0.00909	0.01258	0.05560	0.64518	0.12322	0.07642	0.01000	0.00550	0.00151	0.00234	0.00884	0.00502	0.00447
40	0.00879	0.00827	0.01395	0.82532	0.03204	0.01034	0.01292	0.01189	0.00930	0.01189	0.00827	0.01240	0.00620	0.00465	0.00465	0.00155	0.00620	0.00413	0.00207	0.00517
41	0.00567	0.00405	0.00540	0.00648	0.00675	0.00378	0.00432	0.00648	0.00891	0.01188	0.02564	0.83347	0.03077	0.01457	0.00594	0.00189	0.00270	0.01323	0.00432	0.00378
42	0.01706	0.01272	0.01361	0.01058	0.01419	0.01414	0.00869	0.71371	0.10115	0.02831	0.01196	0.01180	0.00855	0.00566	0.00466	0.00141	0.00497	0.00430	0.00466	0.00786
43	0.01115	0.00874	0.01011	0.00739	0.01137	0.00720	0.00594	0.09742	0.02671	0.05999	0.00946	0.01043	0.00748	0.00389	0.00367	0.00083	0.00364	0.00309	0.01771	0.69377
44	0.00677	0.00451	0.00507	0.00507	0.00507	0.00451	0.00282	0.00677	0.00677	0.00902	0.01466	0.03044	0.01691	0.83650	0.02368	0.00451	0.00451	0.00677	0.00282	0.00282
45	0.00879	0.00827	0.01395	0.82532	0.03204	0.01034	0.01292	0.01189	0.00930	0.01189	0.00827	0.01240	0.00620	0.00465	0.00465	0.00155	0.00620	0.00413	0.00207	0.00517
46	0.00643	0.00444	0.00523	0.00545	0.00570	0.00430	0.00335	0.00688	0.00807	0.01077	0.09274	0.21510	0.06750	0.52465	0.01689	0.00346	0.00376	0.00857	0.00346	0.00325
47	0.00933	0.02406	0.81240	0.01326	0.02014	0.01080	0.01719	0.01473	0.00982	0.01473	0.00835	0.00982	0.00589	0.00442	0.00442	0.00147	0.00688	0.00344	0.00196	0.00688
48	0.01230	0.80323	0.05925	0.00819	0.01230	0.01807	0.00837	0.01397	0.00947	0.01111	0.00655	0.00757	0.00597	0.00400	0.00305	0.00102	0.00506	0.00253	0.00199	0.00601
49	0.00662	0.00445	0.00512	0.00525	0.00529	0.00442	0.00301	0.00673	0.00704	0.00939	0.01607	0.13379	0.01870	0.73072	0.02140	0.00417	0.00428	0.00760	0.00301	0.00294
50	0.00918	0.00449	0.00461	0.00450	0.00569	0.00444	0.00340	0.01134	0.00991	0.05067	0.01531	0.01728	0.01191	0.00543	0.00331	0.00110	0.00224	0.00435	0.82635	0.00449
51	0.04169	0.00766	0.01024	0.00797	0.01133	0.00670	0.00655	0.02112	0.01310	0.71760	0.07155	0.01759	0.03273	0.00612	0.00471	0.00144	0.00379	0.00500	0.00561	0.00751
52	0.01888	0.00756	0.01009	0.00789	0.01113	0.00667	0.00646	0.03996	0.01328	0.67744	0.07811	0.01727	0.01393	0.00602	0.00464	0.00142	0.00373	0.00493	0.06319	0.00741
53	0.00586	0.00435	0.00551	0.00627	0.00693	0.00399	0.00445	0.00696	0.00971	0.01268	0.08575	0.54918	0.18627	0.01350	0.00586	0.00182	0.00274	0.07990	0.00437	0.00390
54	0.01008	0.00694	0.00839	0.00801	0.00976	0.02266	0.00657	0.09681	0.07999	0.09022	0.21208	0.03507	0.06209	0.00992	0.00592	0.02465	0.00377	0.29721	0.00461	0.00525
55	0.00942	0.00540	0.00578	0.00542	0.00671	0.00568	0.00416	0.09186	0.01076	0.01781	0.01466	0.03808	0.01192	0.01892	0.05257	0.00159	0.02118	0.00462	0.66877	0.00468
56	0.01045	0.24465	0.56887	0.01181	0.01780	0.01279	0.02656	0.01469	0.00982	0.03110	0.00807	0.00936	0.00606	0.00432	0.00405	0.00134	0.00631	0.00324	0.00206	0.00664
57	0.01153	0.45797	0.33920	0.01035	0.01539	0.06903	0.01172	0.01456	0.00985	0.01249	0.00727	0.00847	0.00594	0.00421	0.00364	0.00120	0.00597	0.00290	0.00201	0.00629
58	0.01096	0.01249	0.02712	0.01942	0.02401	0.01183	0.77117	0.01481	0.01088	0.01481	0.00933	0.01249	0.00704	0.00403	0.00573	0.00158	0.02825	0.00545	0.00235	0.00625
59	0.01547	0.01279	0.01266	0.01038	0.01359	0.08749	0.00833	0.44566	0.29964	0.02413	0.01359	0.01313	0.00999	0.00577	0.00464	0.00144	0.00491	0.00446	0.00447	0.00748
60	0.01481	0.01364	0.01113	0.00965	0.01214	0.33360	0.00749	0.11906	0.03277	0.13687	0.08572	0.01472	0.02933	0.00955	0.11069	0.00210	0.00678	0.00437	0.00359	0.04198
61	0.00573	0.00409	0.00547	0.00655	0.00685	0.00383	0.00443	0.00659	0.00897	0.01195	0.02561	0.80589	0.03063	0.01451	0.00596	0.00190	0.00276	0.04017	0.00432	0.00380
62	0.00573	0.00410	0.00535	0.00632	0.00662	0.00383	0.00419	0.00650	0.00883	0.01171	0.02572	0.75133	0.05874	0.06846	0.00709	0.00205	0.00281	0.01267	0.00422	0.00372
63	0.01663	0.00826	0.01008	0.00819	0.01125	0.02002	0.00660	0.05415	0.16251	0.49252	0.06810	0.01963	0.08745	0.00663	0.00481	0.00147	0.00377	0.00544	0.00529	0.00719
64	0.00959	0.09277	0.74599	0.01281	0.01944	0.01144	0.01641	0.01467	0.00979	0.01441	0.00819	0.00962	0.00590	0.00438	0.00430	0.00143	0.00672	0.00336	0.00197	0.00680
65	0.00590	0.00470	0.00523	0.00514	0.00647	0.00409	0.00381	0.00736	0.01126	0.01440	0.29173	0.06197	0.50997	0.03987	0.00614	0.00165	0.00239	0.00935	0.00453	0.00403
66	0.01018	0.01018	0.01425	0.01221	0.01221	0.01425	0.01018	0.01120	0.00712	0.01120	0.00611	0.01018	0.00611	0.00814	0.01527	0.00204	0.82799	0.00407	0.00204	0.00509
67	0.00580	0.00481	0.00514	0.00530	0.00679	0.00414	0.00414	0.00713	0.01062	0.01277	0.04370	0.04595	0.68699	0.01194	0.00564	0.00166	0.00265	0.12653	0.00431	0.00398
68	0.00829	0.00612	0.00887	0.00922	0.01066	0.00615	0.05018	0.01125	0.06310	0.03398	0.02327	0.04707	0.02449	0.01176	0.00622	0.00206	0.00443	0.66397	0.00424	0.00469
69	0.00567	0.00405	0.00540	0.00648	0.00675	0.00378	0.00432	0.00648	0.00891	0.01188	0.02564	0.83347	0.03077	0.01457	0.00594	0.00189	0.00270	0.01323	0.00432	0.00378
70	0.00569	0.00424	0.00531	0.00612	0.00671	0.00386	0.00422	0.00664	0.00941	0.01220	0.04366	0.62259	0.20674	0.01381	0.00584	0.00182	0.00265	0.03034	0.00433	0.00383
71	0.01151	0.01105	0.01888	0.02855	0.80748	0.01105	0.01428	0.01428	0.01059	0.01520	0.00875	0.01151	0.00737	0.00415	0.00461	0.00138	0.00553	0.00415	0.00230	0.00737
72	0.04336	0.00803	0.01074	0.00826	0.01184	0.00706	0.00682	0.03484	0.01331	0.77712	0.01792	0.01554	0.01129	0.00572	0.00463	0.00144	0.00397	0.00461	0.00566	0.00784
73	0.00567	0.00434	0.00520	0.00578	0.00659	0.00387	0.00403	0.00670	0.00982	0.01258	0.08540	0.48699	0.31991	0.01320	0.00574	0.00174	0.00254	0.01164	0.00437	0.00387
74	0.00574	0.00413	0.00533	0.00625	0.00659	0.00384	0.00415	0.00651	0.00886	0.01171	0.02625	0.71967	0.08174	0.07667	0.00725	0.00207	0.00281	0.01251	0.00420	0.00372
75	0.00879	0.00827	0.01395	0.82532	0.03204	0.01034	0.01292	0.01189	0.00930	0.01189	0.00827	0.01240	0.00620	0.00465	0.00465	0.00155	0.00620	0.00413	0.00207	0.00517
76	0.00933	0.02406	0.81240	0.01326	0.02014	0.01080	0.01719	0.01473	0.00982	0.01473	0.00835	0.00982	0.00589	0.00442	0.00442	0.00147	0.00688	0.00344	0.00196	0.00688
77	0.00954	0.07879	0.75950	0.01290	0.01958	0.01131	0.01657	0.01468	0.00980	0.01448	0.00822	0.00966	0.00590	0.00439	0.00432	0.00144	0.00675	0.00337	0.00197	0.00681
78	0.01208	0.74443	0.11609	0.00858	0.01289	0.01752	0.00903	0.01402	0.00950	0.01139	0.00669	0.00774	0.00596	0.00403	0.00315	0.00105	0.00520	0.00260	0.00199	0.00608
79	0.01785	0.01037	0.01207	0.00939	0.01281	0.01070	0.00770	0.43649	0.01778	0.31829	0.05944	0.04072	0.01203	0.00616	0.00475	0.00143	0.00444	0.00490	0.00508	0.00758
80	0.01098	0.01255	0.02745	0.01961	0.02431	0.01176	0.79059	0.01490	0.01098	0.01490	0.00941	0.01255	0.00706	0.00392	0.00549	0.00157	0.00784	0.00549	0.00235	0.00627
81	0.16260	0.01157	0.02280	0.01659	0.02082	0.01119	0.61096	0.01465	0.01044	0.03560	0.00956	0.03424	0.00746	0.00433	0.00502	0.00155	0.00686	0.00516	0.00258	0.00603
82	0.01157	0.00999	0.01052	0.00947	0.01210	0.01157	0.00736	0.02472	0.79908	0.01946	0.01893	0.01736	0.01420	0.00631	0.00473	0.00158	0.00368	0.00526	0.00473	0.00736
83	0.01030	0.01025	0.01446	0.01229	0.01263	0.01398	0.03720	0.01223	0.06043	0.01188	0.00708	0.01074	0.00668	0.00787	0.01422	0.00199	0.74406	0.00420	0.00223	0.00528
84	0.00669	0.00449	0.00517	0.00525	0.00529	0.00450	0.00302	0.00680	0.00693	0.00927	0.01532	0.08396	0.01767	0.75551	0.04807	0.00443	0.00464	0.00714	0.00291	0.00293
85	0.73642	0.00921	0.00758	0.00665	0.00958	0.01055	0.00545	0.05109	0.06191	0.05435	0.00803	0.00873	0.00606	0.00457	0.00316	0.00145	0.00369	0.00287	0.00321	0.00545
86	0.00999	0.00797	0.00942	0.00694	0.01078	0.00607	0.00550	0.01196	0.00980	0.05820	0.00998	0.06529	0.00875	0.00432	0.00368	0.00081	0.00342	0.00356	0.00302	0.76053
87	0.00630	0.00488	0.00708	0.00730	0.00813	0.00446	0.05335	0.00743	0.00922	0.01250	0.04856	0.70133	0.02811	0.01300	0.00573	0.00178	0.00305	0.01189	0.00412	0.06177
88	0.01244	0.83930	0.02438	0.00796	0.01194	0.01841	0.00796	0.01393	0.00945	0.01095	0.00647	0.00746	0.00597	0.00398	0.00299	0.00100	0.00498	0.00249	0.00199	0.00597
89	0.01087	0.01221	0.02556	0.01855	0.02258	0.01212	0.67864	0.01437	0.01043	0.01437	0.00894	0.01221	0.00692	0.00453	0.00689	0.00164	0.12550	0.00529	0.00231	0.00610
90	0.01151	0.01105	0.01888	0.02855	0.80748	0.01105	0.01428	0.01428	0.01059	0.01520	0.00875	0.01151	0.00737	0.00415	0.00461	0.00138	0.00553	0.00415	0.00230	0.00737
91	0.01244	0.83930	0.02438	0.00796	0.01194	0.01841	0.00796	0.01393	0.00945	0.01095	0.00647	0.00746	0.00597	0.00398	0.00299	0.00100	0.00498	0.00249	0.00199	0.00597
92	0.01683	0.01261	0.01348	0.01053	0.01410	0.01403	0.00864	0.68484	0.13040	0.02794	0.01225	0.01203	0.00879	0.00569	0.00467	0.00142	0.00492	0.00434	0.00467	0.00784
93	0.00637	0.00475	0.00592	0.00563	0.00682	0.00430	0.00422	0.00837	0.01266	0.01746	0.65593	0.03672	0.19375	0.00996	0.00549	0.00148	0.00223	0.00869	0.00496	0.00430
94	0.01738	0.02217	0.01318	0.01199	0.01438	0.81783	0.00899	0.01858	0.01318	0.01139	0.00719	0.00839	0.00599	0.00479	0.00419	0.00120	0.00839	0.00300	0.00240	0.00539
95	0.00690	0.00514	0.00568	0.00536	0.00698	0.00452	0.00408	0.03326	0.01174	0.05290	0.23347	0.03980	0.55200	0.01073	0.00543	0.00153	0.00248	0.00904	0.00460	0.00436
96	0.03701	0.01106	0.01203	0.00961	0.01287	0.01210	0.00782	0.46961	0.17629	0.11349	0.03918	0.01390	0.01086	0.00584	0.00459	0.00143	0.00443	0.00456	0.04590	0.00745
97	0.00568	0.00410	0.00539	0.00637	0.00673	0.00380	0.00428	0.00655	0.00911	0.01210	0.04808	0.77145	0.07056	0.01429	0.00590	0.00186	0.00267	0.01292	0.00434	0.00380

[dist]
# distance from previous block
# <min> <max>
0	3

[block]
# block no. 9 follows, 55 sequences, length 24
# corresponding to MSA columns:
# 400,401,403-424
name=unknown_J
#
# <colnr> <probs for GDERKNQSTAVLIFYWHMCP>
#	G	D	E	R	K	N	Q	S	T	A	V	L	I	F	Y	W	H	M	C	P
0	0.00778	0.00570	0.00784	0.00779	0.00857	0.00623	0.00576	0.00885	0.00807	0.01154	0.01383	0.02169	0.01347	0.17288	0.66860	0.00706	0.01132	0.00562	0.00291	0.00449
1	0.00613	0.00424	0.00526	0.00589	0.00605	0.00408	0.00369	0.00660	0.00801	0.01068	0.02106	0.49817	0.02498	0.35776	0.01335	0.00298	0.00346	0.01053	0.00369	0.00338
2	0.00599	0.00464	0.00548	0.00562	0.00677	0.00413	0.00418	0.00749	0.01113	0.01449	0.28694	0.18379	0.37603	0.01161	0.00563	0.00163	0.00247	0.05334	0.00458	0.00407
3	0.01244	0.83930	0.02438	0.00796	0.01194	0.01841	0.00796	0.01393	0.00945	0.01095	0.00647	0.00746	0.00597	0.00398	0.00299	0.00100	0.00498	0.00249	0.00199	0.00597
4	0.05842	0.00922	0.01066	0.00870	0.01153	0.03746	0.03623	0.17918	0.11052	0.12373	0.10056	0.01650	0.02683	0.02635	0.10031	0.00211	0.00517	0.00481	0.00403	0.12770
5	0.00784	0.00582	0.00714	0.00765	0.00886	0.00541	0.00613	0.00921	0.01119	0.01447	0.08964	0.07255	0.25149	0.07133	0.00772	0.00227	0.00390	0.40815	0.00459	0.00464
6	0.01187	0.01014	0.01069	0.00953	0.01221	0.01171	0.00744	0.06262	0.76068	0.01995	0.01855	0.01705	0.01389	0.00628	0.00473	0.00157	0.00375	0.00521	0.00473	0.00739
7	0.00798	0.00411	0.00616	0.00616	0.00621	0.00416	0.00416	0.00621	0.00616	0.00827	0.00838	0.01443	0.00832	0.01745	0.07309	0.80581	0.00462	0.00411	0.00205	0.00217
8	0.01026	0.00843	0.00983	0.00707	0.01117	0.00651	0.00567	0.03974	0.01019	0.03882	0.00867	0.00988	0.00706	0.00359	0.00352	0.00074	0.00352	0.00286	0.00291	0.80956
9	0.00933	0.02406	0.81240	0.01326	0.02014	0.01080	0.01719	0.01473	0.00982	0.01473	0.00835	0.00982	0.00589	0.00442	0.00442	0.00147	0.00688	0.00344	0.00196	0.00688
10	0.00831	0.00538	0.00678	0.00618	0.00770	0.00499	0.00472	0.01094	0.05527	0.10610	0.58538	0.03289	0.12888	0.00919	0.00536	0.00148	0.00249	0.00799	0.00508	0.00489
11	0.00575	0.00411	0.00549	0.00657	0.00688	0.00385	0.00446	0.00662	0.00899	0.01197	0.02560	0.79897	0.03059	0.01450	0.00596	0.00190	0.00277	0.04693	0.00432	0.00380
12	0.00895	0.00844	0.01426	0.77614	0.07991	0.01038	0.01300	0.01203	0.00938	0.01209	0.00830	0.01235	0.00627	0.00462	0.00465	0.00154	0.00616	0.00414	0.00208	0.00530
13	0.01513	0.01099	0.03078	0.01008	0.03899	0.01140	0.00810	0.51331	0.01811	0.09113	0.04931	0.03573	0.07924	0.00670	0.00482	0.00145	0.00455	0.03546	0.02768	0.00705
14	0.00665	0.00498	0.00748	0.00748	0.00831	0.00582	0.00582	0.00831	0.00748	0.01080	0.01246	0.01828	0.01163	0.03489	0.81807	0.00748	0.01246	0.00498	0.00249	0.00415
15	0.00630	0.00468	0.00586	0.00569	0.00681	0.00425	0.00422	0.00817	0.01230	0.01689	0.59145	0.10859	0.18681	0.01040	0.00553	0.00152	0.00227	0.00911	0.00490	0.00425
16	0.00933	0.02406	0.81240	0.01326	0.02014	0.01080	0.01719	0.01473	0.00982	0.01473	0.00835	0.00982	0.00589	0.00442	0.00442	0.00147	0.00688	0.00344	0.00196	0.00688
17	0.01768	0.01303	0.01396	0.01070	0.01443	0.01443	0.00884	0.79197	0.02187	0.02932	0.01117	0.01117	0.00791	0.00558	0.00465	0.00140	0.00512	0.00419	0.00465	0.00791
18	0.01249	0.78493	0.02368	0.00823	0.01202	0.04077	0.00807	0.01396	0.00947	0.01097	0.00647	0.00759	0.00598	0.00416	0.00348	0.00104	0.03619	0.00256	0.00200	0.00592
19	0.05318	0.01190	0.09080	0.04104	0.56241	0.01066	0.01298	0.04862	0.01086	0.03698	0.00892	0.01114	0.00719	0.00424	0.00442	0.00135	0.00536	0.00391	0.00252	0.07153
20	0.07817	0.01217	0.02293	0.00950	0.01241	0.12373	0.00770	0.37531	0.04881	0.07993	0.02679	0.04933	0.05221	0.00626	0.00483	0.00142	0.03004	0.00474	0.04713	0.00660
21	0.00667	0.00449	0.00519	0.00528	0.00534	0.00450	0.00306	0.00680	0.00697	0.00933	0.01549	0.09665	0.01786	0.73775	0.05245	0.00441	0.00466	0.00723	0.00293	0.00295
22	0.01295	0.75705	0.02330	0.00830	0.01219	0.05839	0.00806	0.05294	0.01026	0.01188	0.00674	0.00769	0.00607	0.00410	0.00313	0.00103	0.00515	0.00260	0.00214	0.00604
23	0.01154	0.03119	0.05049	0.18481	0.12014	0.01120	0.34453	0.06592	0.01126	0.06334	0.00955	0.01213	0.00716	0.00438	0.00506	0.00148	0.01845	0.00463	0.00263	0.04008

[dist]
# distance from previous block
# <min> <max>
0	2

[block]
# block no. 10 follows, 55 sequences, length 8
# corresponding to MSA columns:
# 427-434
name=unknown_K
#
# <colnr> <probs for GDERKNQSTAVLIFYWHMCP>
#	G	D	E	R	K	N	Q	S	T	A	V	L	I	F	Y	W	H	M	C	P
0	0.11450	0.05297	0.07082	0.01157	0.06077	0.24548	0.04421	0.14680	0.08988	0.04531	0.01037	0.04511	0.00839	0.00529	0.00428	0.00136	0.00583	0.00403	0.00321	0.02982
1	0.00683	0.00513	0.00618	0.00590	0.00718	0.00477	0.00441	0.05209	0.01254	0.01695	0.48014	0.12168	0.23804	0.01042	0.00549	0.00153	0.00246	0.00906	0.00480	0.00440
2	0.02962	0.00567	0.00656	0.00704	0.00772	0.05050	0.00502	0.00830	0.00915	0.03282	0.04541	0.51624	0.04456	0.05107	0.11042	0.00264	0.02455	0.03474	0.00388	0.00409
3	0.04965	0.10517	0.07654	0.06102	0.11010	0.10681	0.16580	0.07596	0.04732	0.04271	0.00896	0.01089	0.00706	0.00497	0.00579	0.00147	0.10682	0.00404	0.00266	0.00628
4	0.00662	0.00502	0.00547	0.00529	0.00687	0.00438	0.00399	0.00837	0.03547	0.05223	0.17889	0.06684	0.58194	0.01101	0.00545	0.00156	0.00246	0.00929	0.00454	0.00430
5	0.00590	0.00419	0.00555	0.00655	0.00687	0.00396	0.00447	0.00676	0.00890	0.01184	0.02477	0.71175	0.02945	0.07337	0.00725	0.00210	0.00296	0.07542	0.00421	0.00375
6	0.04069	0.01311	0.01271	0.01065	0.01335	0.19078	0.05199	0.20484	0.21853	0.05386	0.01321	0.01349	0.03375	0.00587	0.00542	0.00146	0.07293	0.00441	0.03238	0.00656
7	0.01480	0.01463	0.05157	0.04917	0.04243	0.24027	0.03050	0.22871	0.13060	0.05864	0.02805	0.01256	0.02234	0.00546	0.00477	0.00138	0.02325	0.00416	0.00358	0.03313

[dist]
# distance from previous block
# <min> <max>
0	1

[block]
# block no. 11 follows, 55 sequences, length 14
# corresponding to MSA columns:
# 436-449
name=unknown_L
#
# <colnr> <probs for GDERKNQSTAVLIFYWHMCP>
#	G	D	E	R	K	N	Q	S	T	A	V	L	I	F	Y	W	H	M	C	P
0	0.09187	0.06462	0.01148	0.00968	0.05881	0.10801	0.00728	0.19665	0.13640	0.07361	0.02712	0.01317	0.00992	0.00535	0.00409	0.00132	0.00448	0.00409	0.16569	0.00636
1	0.01047	0.21347	0.58807	0.01196	0.01793	0.05413	0.01462	0.01474	0.00991	0.01368	0.00785	0.00920	0.00592	0.00434	0.00407	0.00135	0.00651	0.00319	0.00199	0.00659
2	0.00665	0.00498	0.00748	0.00748	0.00831	0.00582	0.00582	0.00831	0.00748	0.01080	0.01246	0.01828	0.01163	0.03489	0.81807	0.00748	0.01246	0.00498	0.00249	0.00415
3	0.00965	0.00827	0.00965	0.00689	0.01102	0.00620	0.00551	0.01171	0.00965	0.01516	0.00827	0.00965	0.00689	0.00345	0.00345	0.00069	0.00345	0.00276	0.00276	0.86494
4	0.00675	0.00458	0.00541	0.00541	0.00553	0.00470	0.00324	0.00698	0.00687	0.00927	0.01435	0.02872	0.01616	0.72289	0.13627	0.00493	0.00564	0.00651	0.00277	0.00301
5	0.06208	0.00852	0.00909	0.00817	0.01046	0.00952	0.00636	0.04183	0.49591	0.04161	0.16436	0.01980	0.01875	0.00668	0.00464	0.00150	0.00332	0.00556	0.07538	0.00645
6	0.17206	0.07264	0.04734	0.00864	0.01219	0.03648	0.00741	0.22670	0.06795	0.14042	0.01124	0.02492	0.00838	0.00508	0.00402	0.00130	0.00441	0.00379	0.01921	0.12582
7	0.00757	0.00540	0.00641	0.00595	0.00759	0.00477	0.00447	0.03363	0.01163	0.06417	0.28468	0.15231	0.29825	0.01015	0.00530	0.00149	0.00264	0.00875	0.00454	0.08031
8	0.01036	0.19219	0.51450	0.01240	0.04265	0.02576	0.04132	0.03086	0.03477	0.01429	0.00960	0.01083	0.03163	0.00462	0.00421	0.00137	0.00622	0.00360	0.00222	0.00660
9	0.01315	0.40984	0.10672	0.01056	0.03152	0.23199	0.03684	0.01538	0.02898	0.01211	0.00757	0.00886	0.00641	0.00449	0.00405	0.00118	0.03336	0.00304	0.02803	0.00591
10	0.00895	0.00839	0.01411	0.72477	0.09989	0.01018	0.01273	0.01198	0.00956	0.01243	0.03738	0.01314	0.00768	0.00478	0.00468	0.00153	0.00600	0.00429	0.00220	0.00533
11	0.00610	0.05844	0.00641	0.00582	0.00691	0.00483	0.00424	0.00720	0.00992	0.01256	0.08707	0.40754	0.34158	0.01242	0.00554	0.00167	0.00267	0.01083	0.00422	0.00402
12	0.02740	0.01037	0.03028	0.06069	0.38082	0.02480	0.03438	0.03989	0.11527	0.05187	0.03738	0.02441	0.01021	0.00596	0.02629	0.00159	0.03466	0.01838	0.00303	0.06233
13	0.00746	0.00496	0.00645	0.00596	0.00724	0.00453	0.00451	0.00958	0.01306	0.06965	0.71929	0.03399	0.07679	0.00937	0.00544	0.00147	0.00232	0.00824	0.00513	0.00460

[dist]
# distance from previous block
# <min> <max>
0	2

[block]
# block no. 12 follows, 55 sequences, length 21
# corresponding to MSA columns:
# 452-472
name=unknown_M
#
# <colnr> <probs for GDERKNQSTAVLIFYWHMCP>
#	G	D	E	R	K	N	Q	S	T	A	V	L	I	F	Y	W	H	M	C	P
0	0.00583	0.00434	0.00607	0.00683	0.00729	0.00404	0.02916	0.00675	0.00903	0.01199	0.02584	0.78137	0.05570	0.01415	0.00591	0.00187	0.00285	0.01287	0.00426	0.00386
1	0.01072	0.01209	0.02613	0.06522	0.02432	0.01149	0.72676	0.01452	0.01083	0.01466	0.00975	0.03289	0.00760	0.00423	0.00545	0.00158	0.00762	0.00560	0.00239	0.00615
2	0.00677	0.00451	0.00507	0.00507	0.00507	0.00451	0.00282	0.00677	0.00677	0.00902	0.01466	0.03044	0.01691	0.83650	0.02368	0.00451	0.00451	0.00677	0.00282	0.00282
3	0.00573	0.00409	0.00547	0.00654	0.00684	0.00383	0.00442	0.00658	0.00896	0.01194	0.02561	0.80839	0.03064	0.01452	0.00595	0.00190	0.00275	0.03773	0.00432	0.00379
4	0.01161	0.00903	0.00972	0.00863	0.01111	0.01009	0.00674	0.06538	0.56242	0.06430	0.07633	0.01939	0.05067	0.00665	0.00471	0.00152	0.00351	0.00553	0.06580	0.00684
5	0.05382	0.70445	0.02224	0.00834	0.01208	0.11127	0.00794	0.01446	0.00981	0.01147	0.00655	0.00758	0.00593	0.00409	0.00312	0.00104	0.00531	0.00255	0.00208	0.00586
6	0.01070	0.01247	0.04711	0.01886	0.02342	0.01139	0.73536	0.01452	0.01086	0.01476	0.01010	0.04891	0.00808	0.00441	0.00548	0.00158	0.00759	0.00578	0.00243	0.00618
7	0.00677	0.00451	0.00507	0.00507	0.00507	0.00451	0.00282	0.00677	0.00677	0.00902	0.01466	0.03044	0.01691	0.83650	0.02368	0.00451	0.00451	0.00677	0.00282	0.00282
