[name]
unknown

[dist]
# distance from previous block
# <min> <max>
0	937

[block]
# block no. 0 follows, 55 sequences, length 41
# corresponding to MSA columns:
# 939-979
name=unknown_A
#
# <colnr> <probs for GDERKNQSTAVLIFYWHMCP>
#	G	D	E	R	K	N	Q	S	T	A	V	L	I	F	Y	W	H	M	C	P
0	0.02143	0.00745	0.07019	0.00867	0.01056	0.00636	0.02531	0.05278	0.01123	0.07392	0.05636	0.08228	0.05850	0.04800	0.00664	0.00201	0.00432	0.44492	0.00414	0.00490
1	0.02897	0.46208	0.03610	0.00893	0.01217	0.13597	0.03009	0.01438	0.06056	0.01222	0.01001	0.09445	0.01826	0.00551	0.00397	0.00121	0.02132	0.00409	0.00255	0.03719
2	0.01083	0.02053	0.01025	0.14871	0.03843	0.11825	0.00761	0.10666	0.01147	0.03839	0.02720	0.07557	0.08990	0.06891	0.00675	0.00171	0.05811	0.04027	0.11533	0.00514
3	0.01101	0.01026	0.01686	0.18734	0.55369	0.01080	0.01322	0.04250	0.04243	0.01516	0.00987	0.01376	0.00830	0.00478	0.00470	0.00146	0.00552	0.03901	0.00253	0.00680
4	0.01034	0.00870	0.01032	0.00821	0.04710	0.00717	0.00619	0.07964	0.02627	0.01661	0.04100	0.01103	0.00864	0.00396	0.00371	0.00083	0.00364	0.00322	0.00303	0.70040
5	0.00690	0.00644	0.00588	0.00585	0.00739	0.07401	0.00434	0.00875	0.05803	0.01279	0.03917	0.14451	0.58690	0.01123	0.00540	0.00158	0.00300	0.00941	0.00418	0.00424
6	0.00629	0.00579	0.04191	0.00574	0.00739	0.00470	0.00463	0.00848	0.04329	0.01500	0.30193	0.06712	0.44978	0.01055	0.00543	0.00154	0.00257	0.00899	0.00450	0.00435
7	0.05006	0.00974	0.01018	0.00917	0.01175	0.01123	0.00714	0.02358	0.73159	0.01949	0.05019	0.01762	0.01499	0.00635	0.00468	0.00157	0.00362	0.00526	0.00467	0.00714
8	0.04614	0.00495	0.00641	0.00637	0.00732	0.00552	0.00487	0.00919	0.00811	0.01303	0.01310	0.01822	0.01172	0.07106	0.50154	0.00520	0.00865	0.00479	0.24963	0.00417
9	0.01982	0.00897	0.01137	0.00879	0.01236	0.00848	0.00724	0.16551	0.05371	0.62666	0.01705	0.01504	0.01098	0.00575	0.00468	0.00144	0.00416	0.00462	0.00550	0.00789
10	0.86937	0.00900	0.00684	0.00612	0.00900	0.01044	0.00504	0.01368	0.00792	0.02087	0.00648	0.00756	0.00504	0.00432	0.00288	0.00144	0.00360	0.00252	0.00288	0.00504
11	0.01314	0.60988	0.12501	0.00881	0.01312	0.01605	0.00909	0.05105	0.01047	0.09408	0.00815	0.00880	0.00662	0.00429	0.00342	0.00112	0.00513	0.00291	0.00250	0.00638
12	0.03371	0.03286	0.16123	0.01070	0.11300	0.00781	0.00853	0.06547	0.02169	0.06368	0.12728	0.10530	0.05783	0.00824	0.00636	0.10558	0.00423	0.00586	0.05519	0.00542
13	0.01189	0.08423	0.22950	0.05266	0.09433	0.16287	0.01084	0.01514	0.04069	0.05281	0.01014	0.01133	0.03279	0.00463	0.00416	0.00123	0.00578	0.00359	0.00260	0.16877
14	0.00578	0.00414	0.00550	0.00640	0.00677	0.00385	0.00433	0.00676	0.00943	0.01272	0.12217	0.73455	0.03239	0.01395	0.00588	0.00184	0.00264	0.01263	0.00442	0.00385
15	0.00672	0.00449	0.00509	0.00513	0.00514	0.00448	0.00288	0.00675	0.00685	0.00914	0.01510	0.06305	0.01748	0.80313	0.02296	0.00440	0.00444	0.00703	0.00288	0.00286
16	0.01288	0.01112	0.03872	0.16616	0.10652	0.07262	0.03271	0.27791	0.01423	0.03460	0.01164	0.06118	0.00956	0.00575	0.00457	0.00142	0.00522	0.01986	0.10702	0.00631
17	0.05857	0.01115	0.01155	0.00960	0.01264	0.03797	0.00769	0.34203	0.31900	0.07028	0.01479	0.04092	0.01119	0.00608	0.00459	0.00147	0.00438	0.00481	0.02405	0.00725
18	0.00574	0.00415	0.00539	0.00628	0.00669	0.00385	0.00423	0.00664	0.00924	0.01228	0.07600	0.70814	0.08548	0.03431	0.00632	0.00190	0.00269	0.01252	0.00433	0.00380
19	0.01026	0.02202	0.68803	0.01389	0.05689	0.01082	0.04141	0.04351	0.01048	0.04728	0.00891	0.01028	0.00630	0.00449	0.00448	0.00147	0.00666	0.00361	0.00224	0.00696
20	0.04026	0.12526	0.02703	0.01009	0.04353	0.14502	0.01713	0.16644	0.05532	0.19394	0.01222	0.03876	0.00943	0.00547	0.00428	0.00131	0.00508	0.01789	0.02535	0.05618
21	0.05483	0.01199	0.01363	0.02991	0.03992	0.15207	0.11332	0.14231	0.06973	0.06326	0.03682	0.07340	0.01056	0.00586	0.00526	0.00140	0.05776	0.00481	0.00339	0.10976
22	0.00562	0.00424	0.00520	0.00596	0.00661	0.00382	0.00409	0.00654	0.00941	0.01208	0.03195	0.60194	0.25822	0.01376	0.00581	0.00180	0.00260	0.01223	0.00432	0.00382
23	0.00973	0.00771	0.06719	0.00745	0.00948	0.00666	0.00619	0.13506	0.02754	0.08698	0.30132	0.18725	0.06594	0.02011	0.00544	0.00157	0.00333	0.00785	0.03788	0.00533
24	0.01439	0.03407	0.04248	0.01544	0.09581	0.15578	0.30448	0.04912	0.02776	0.17822	0.02900	0.01271	0.00876	0.00474	0.00486	0.00143	0.00649	0.00461	0.00324	0.00662
25	0.04749	0.03048	0.01181	0.02209	0.01272	0.03542	0.00742	0.20053	0.02891	0.51977	0.02546	0.01423	0.01052	0.00563	0.00457	0.00142	0.00439	0.00443	0.00512	0.00759
26	0.00564	0.00447	0.00509	0.00551	0.00655	0.00391	0.00394	0.00673	0.01005	0.01257	0.06902	0.35311	0.45850	0.01280	0.00569	0.00170	0.00252	0.02397	0.00435	0.00389
27	0.01053	0.00879	0.01012	0.00731	0.01140	0.00711	0.00588	0.09764	0.01099	0.01672	0.00859	0.00981	0.00700	0.00368	0.00358	0.00077	0.00363	0.00291	0.00297	0.77056
28	0.01264	0.01108	0.03024	0.01370	0.05302	0.05869	0.28068	0.10484	0.09874	0.11865	0.01404	0.13855	0.01205	0.00640	0.00535	0.00156	0.02365	0.00612	0.00360	0.00639
29	0.01196	0.59894	0.21328	0.00943	0.01404	0.04623	0.01023	0.02743	0.00989	0.01218	0.00703	0.00813	0.00599	0.00414	0.00340	0.00112	0.00556	0.00276	0.00204	0.00620
30	0.01325	0.00958	0.01132	0.00972	0.03492	0.01005	0.02701	0.21005	0.25932	0.11494	0.06868	0.01757	0.01375	0.00689	0.02473	0.00158	0.00432	0.04438	0.02323	0.09472
31	0.01061	0.00584	0.00679	0.00603	0.00777	0.00566	0.00467	0.06209	0.04205	0.15052	0.22197	0.02323	0.07135	0.02318	0.00476	0.00138	0.00278	0.00588	0.33822	0.00523
32	0.00958	0.08960	0.74905	0.01283	0.01948	0.01142	0.01645	0.01467	0.00979	0.01443	0.00820	0.00963	0.00590	0.00438	0.00430	0.00143	0.00672	0.00336	0.00197	0.00680
33	0.00808	0.00404	0.00606	0.00606	0.00606	0.00404	0.00404	0.00606	0.00606	0.00808	0.00808	0.01414	0.00808	0.01616	0.01818	0.86465	0.00404	0.00404	0.00202	0.00202
34	0.00925	0.00868	0.01478	0.65813	0.14547	0.01030	0.03591	0.01230	0.00956	0.01264	0.00859	0.01243	0.00658	0.00458	0.00463	0.00151	0.00602	0.00418	0.02897	0.00550
35	0.00879	0.00827	0.01395	0.82532	0.03204	0.01034	0.01292	0.01189	0.00930	0.01189	0.00827	0.01240	0.00620	0.00465	0.00465	0.00155	0.00620	0.00413	0.00207	0.00517
36	0.01647	0.01235	0.01374	0.01066	0.01428	0.01355	0.03368	0.62374	0.12576	0.04396	0.01223	0.01210	0.00878	0.00557	0.00466	0.00141	0.00494	0.00434	0.00456	0.03323
37	0.00652	0.00468	0.00637	0.00655	0.00703	0.00507	0.00462	0.00752	0.00749	0.01042	0.01534	0.15711	0.01647	0.28462	0.43277	0.00561	0.00833	0.00691	0.00290	0.00367
38	0.55399	0.04416	0.04009	0.00856	0.01167	0.03682	0.06272	0.11164	0.01014	0.01997	0.00734	0.00864	0.00571	0.00470	0.00417	0.00146	0.05660	0.00309	0.00293	0.00561
39	0.00879	0.00827	0.01395	0.82532	0.03204	0.01034	0.01292	0.01189	0.00930	0.01189	0.00827	0.01240	0.00620	0.00465	0.00465	0.00155	0.00620	0.00413	0.00207	0.00517
40	0.06499	0.00786	0.00903	0.00674	0.01043	0.00627	0.00539	0.01235	0.01006	0.09217	0.03049	0.01405	0.08498	0.00466	0.00377	0.00091	0.00337	0.00373	0.00326	0.62549

[dist]
# distance from previous block
# <min> <max>
0	1

[block]
# block no. 1 follows, 55 sequences, length 15
# corresponding to MSA columns:
# 981-995
name=unknown_B
#
# <colnr> <probs for GDERKNQSTAVLIFYWHMCP>
#	G	D	E	R	K	N	Q	S	T	A	V	L	I	F	Y	W	H	M	C	P
0	0.00942	0.00690	0.00784	0.00705	0.00907	0.00693	0.00551	0.07328	0.19230	0.07580	0.24760	0.03060	0.24210	0.00885	0.00519	0.00153	0.00305	0.03944	0.00474	0.02282
1	0.01116	0.01131	0.04725	0.10328	0.67781	0.01100	0.04180	0.01409	0.01046	0.01486	0.00871	0.01157	0.00719	0.00420	0.00463	0.00141	0.00572	0.00417	0.00227	0.00710
2	0.01299	0.07400	0.01614	0.01196	0.01489	0.12668	0.17840	0.21404	0.04037	0.01710	0.01080	0.03788	0.00939	0.05550	0.02267	0.00176	0.07836	0.03683	0.00316	0.03706
3	0.00646	0.00475	0.00605	0.00572	0.00688	0.00434	0.00429	0.00854	0.01288	0.01797	0.72005	0.03587	0.12930	0.00977	0.00549	0.00148	0.00221	0.00857	0.00503	0.00434
4	0.01024	0.00976	0.01422	0.23385	0.22122	0.05822	0.04081	0.03897	0.04271	0.01335	0.00959	0.01361	0.00821	0.05166	0.12140	0.00252	0.09707	0.00442	0.00245	0.00570
5	0.00613	0.00454	0.00576	0.00633	0.00704	0.00426	0.00448	0.00776	0.03721	0.01378	0.19744	0.51002	0.12041	0.01280	0.00577	0.00176	0.00265	0.04328	0.00451	0.00407
6	0.15257	0.05754	0.42393	0.01138	0.03382	0.05868	0.01239	0.09346	0.04444	0.04532	0.00907	0.01006	0.00663	0.00466	0.00412	0.00142	0.00582	0.00344	0.01464	0.00658
7	0.05240	0.00823	0.01059	0.00829	0.01169	0.00758	0.00680	0.06882	0.05666	0.64961	0.05650	0.01625	0.01280	0.00591	0.00465	0.00145	0.00391	0.00478	0.00549	0.00760
8	0.01419	0.04795	0.06842	0.04166	0.04338	0.11089	0.12430	0.22122	0.16665	0.07842	0.01218	0.01326	0.00914	0.00532	0.00469	0.00144	0.00570	0.02059	0.00367	0.00691
9	0.00772	0.00495	0.00563	0.00545	0.00576	0.00497	0.00324	0.00845	0.04546	0.05046	0.01505	0.02906	0.01651	0.75389	0.02179	0.00421	0.00444	0.00659	0.00306	0.00330
10	0.00973	0.00788	0.01220	0.04464	0.06377	0.00787	0.14314	0.03957	0.08513	0.07987	0.28047	0.04122	0.11752	0.00758	0.00562	0.00153	0.03579	0.00682	0.00410	0.00558
11	0.01080	0.00956	0.01329	0.03137	0.09594	0.00832	0.10125	0.09246	0.01115	0.01650	0.00875	0.01041	0.00705	0.00382	0.00397	0.00096	0.00443	0.00341	0.00284	0.56371
12	0.00671	0.00455	0.00540	0.00553	0.00567	0.00459	0.00339	0.00700	0.00718	0.00961	0.01582	0.09070	0.01806	0.67442	0.07975	0.00441	0.00495	0.04621	0.00298	0.00306
13	0.01575	0.07922	0.08836	0.01136	0.01482	0.32548	0.03453	0.28806	0.05351	0.01852	0.00939	0.01013	0.00717	0.00503	0.00434	0.00131	0.00651	0.00363	0.01632	0.00656
14	0.01107	0.01065	0.05279	0.09219	0.29467	0.03563	0.06705	0.07843	0.05680	0.03805	0.11528	0.01613	0.04357	0.00545	0.00474	0.00140	0.00504	0.00494	0.00318	0.06296

[dist]
# distance from previous block
# <min> <max>
4	10

[block]
# block no. 2 follows, 55 sequences, length 39
# corresponding to MSA columns:
# 1006-1012,1015-1019,1025-1051
name=unknown_C
#
# <colnr> <probs for GDERKNQSTAVLIFYWHMCP>
#	G	D	E	R	K	N	Q	S	T	A	V	L	I	F	Y	W	H	M	C	P
0	0.35066	0.03668	0.01210	0.01195	0.14603	0.09019	0.04297	0.11555	0.05421	0.03369	0.01014	0.01126	0.03474	0.00565	0.02474	0.00156	0.00502	0.00370	0.00311	0.00604
1	0.01236	0.36572	0.20377	0.02934	0.01609	0.06749	0.10729	0.08320	0.01124	0.03514	0.02344	0.00988	0.00714	0.00444	0.00398	0.00126	0.00595	0.00347	0.00245	0.00635
2	0.01881	0.00516	0.03452	0.05461	0.00822	0.00484	0.00503	0.00722	0.00711	0.00984	0.02148	0.11874	0.01223	0.08668	0.05319	0.50811	0.00445	0.00551	0.03134	0.00291
3	0.01393	0.11727	0.05139	0.04795	0.03919	0.21721	0.02450	0.19010	0.01267	0.01569	0.00791	0.00978	0.00652	0.00568	0.00708	0.00148	0.21920	0.00363	0.00272	0.00609
4	0.00566	0.00428	0.00525	0.00601	0.00668	0.00386	0.00417	0.00661	0.00945	0.01213	0.03191	0.58281	0.25776	0.01371	0.00582	0.00180	0.00264	0.03128	0.00432	0.00383
5	0.00650	0.00500	0.00584	0.00605	0.00717	0.00464	0.00445	0.04264	0.02329	0.01401	0.13597	0.29976	0.33157	0.03321	0.00612	0.00177	0.00277	0.06070	0.00441	0.00417
6	0.10470	0.05098	0.15415	0.11889	0.31373	0.10485	0.05968	0.01452	0.01028	0.01467	0.00813	0.01042	0.00648	0.00433	0.00433	0.00140	0.00608	0.00372	0.00228	0.00640
7	0.01034	0.04795	0.02017	0.18358	0.07282	0.01225	0.32770	0.01309	0.00950	0.01310	0.00838	0.02410	0.00696	0.00536	0.00772	0.00165	0.22261	0.00473	0.00222	0.00575
8	0.00965	0.00827	0.00965	0.00689	0.01102	0.00620	0.00551	0.01171	0.00965	0.01516	0.00827	0.00965	0.00689	0.00345	0.00345	0.00069	0.00345	0.00276	0.00276	0.86494
9	0.00586	0.00471	0.00526	0.00539	0.00671	0.00411	0.00407	0.00726	0.01089	0.01367	0.17608	0.12123	0.53466	0.01174	0.00561	0.00163	0.00251	0.07012	0.00446	0.00402
10	0.00630	0.00434	0.00534	0.00588	0.00606	0.00422	0.00373	0.00677	0.00793	0.01056	0.02013	0.39631	0.02369	0.42315	0.01478	0.00320	0.00368	0.04704	0.00357	0.00333
11	0.01020	0.01024	0.01462	0.01242	0.01255	0.01418	0.03183	0.01130	0.00723	0.01130	0.00620	0.01024	0.00613	0.00803	0.01500	0.00202	0.80523	0.00411	0.00204	0.00512
12	0.00720	0.00606	0.00643	0.00623	0.00795	0.00597	0.00473	0.01156	0.21603	0.01469	0.07914	0.08945	0.48616	0.01045	0.00535	0.00160	0.00277	0.02891	0.00447	0.00485
13	0.00667	0.00488	0.00692	0.00692	0.00756	0.00552	0.00513	0.00795	0.00731	0.01039	0.01297	0.02107	0.01285	0.21923	0.63539	0.00679	0.01063	0.00539	0.00257	0.00385
14	0.00752	0.00425	0.00599	0.00593	0.00629	0.00411	0.00409	0.00673	0.00803	0.01085	0.19186	0.03627	0.06938	0.01433	0.01423	0.59543	0.00348	0.00559	0.00292	0.00272
15	0.01256	0.01029	0.01087	0.00946	0.01222	0.01177	0.00745	0.16426	0.62165	0.02117	0.01735	0.01623	0.01295	0.00614	0.00465	0.00152	0.00388	0.00502	0.04323	0.00733
16	0.01018	0.19527	0.55271	0.01289	0.01889	0.01253	0.10675	0.01458	0.00988	0.01395	0.00808	0.00965	0.00605	0.00427	0.00424	0.00138	0.00659	0.00348	0.00202	0.00661
17	0.00867	0.00434	0.00434	0.00434	0.00542	0.00434	0.00325	0.01084	0.00976	0.01734	0.01518	0.01734	0.01192	0.00542	0.00325	0.00108	0.00217	0.00434	0.86233	0.00434
18	0.01431	0.01348	0.01134	0.00977	0.01228	0.26771	0.00760	0.25756	0.10055	0.03611	0.15298	0.05524	0.01563	0.00655	0.00471	0.00139	0.00530	0.00513	0.01621	0.00617
19	0.01244	0.83930	0.02438	0.00796	0.01194	0.01841	0.00796	0.01393	0.00945	0.01095	0.00647	0.00746	0.00597	0.00398	0.00299	0.00100	0.00498	0.00249	0.00199	0.00597
20	0.00625	0.00467	0.00583	0.00589	0.00695	0.00425	0.00440	0.00797	0.01169	0.01579	0.44580	0.17467	0.21236	0.01112	0.00563	0.00161	0.00246	0.06373	0.00474	0.00417
21	0.01122	0.51974	0.33328	0.01004	0.01515	0.01543	0.01158	0.01424	0.00960	0.01243	0.00721	0.00839	0.00594	0.00415	0.00355	0.00118	0.00572	0.00286	0.00198	0.00632
22	0.01049	0.00736	0.00880	0.00792	0.00994	0.02276	0.01958	0.03049	0.23647	0.13379	0.15075	0.05812	0.10987	0.01254	0.14002	0.00253	0.00494	0.02344	0.00442	0.00576
23	0.00665	0.00498	0.00748	0.00748	0.00831	0.00582	0.00582	0.00831	0.00748	0.01080	0.01246	0.01828	0.01163	0.03489	0.81807	0.00748	0.01246	0.00498	0.00249	0.00415
24	0.01131	0.01084	0.01851	0.08865	0.74900	0.01100	0.01418	0.01410	0.01050	0.01495	0.00871	0.01158	0.00728	0.00418	0.00461	0.00139	0.00558	0.00414	0.00229	0.00720
25	0.05340	0.00991	0.01132	0.01019	0.05793	0.02265	0.00765	0.15571	0.32743	0.22670	0.04363	0.02744	0.01275	0.00604	0.00465	0.00149	0.00411	0.00493	0.00473	0.00731
26	0.03597	0.01248	0.01191	0.01003	0.01296	0.11864	0.00795	0.34647	0.29607	0.02221	0.02714	0.05321	0.01153	0.00621	0.00465	0.00146	0.00484	0.00488	0.00433	0.00705
27	0.00706	0.00488	0.00604	0.00611	0.00722	0.00449	0.00444	0.00895	0.04131	0.06167	0.29067	0.31800	0.19876	0.01145	0.00557	0.00164	0.00257	0.01008	0.00469	0.00440
28	0.01000	0.00956	0.01593	0.43070	0.33713	0.01100	0.01319	0.01277	0.00960	0.01313	0.00825	0.01183	0.00665	0.00479	0.00567	0.00153	0.08594	0.00413	0.00216	0.00603
29	0.01077	0.40095	0.44810	0.01081	0.01635	0.01432	0.01292	0.01436	0.00965	0.01298	0.00748	0.00873	0.00593	0.00422	0.00376	0.00125	0.00600	0.00300	0.00198	0.00646
30	0.01136	0.37090	0.41887	0.01077	0.01613	0.04206	0.01258	0.01482	0.00991	0.04254	0.00788	0.00899	0.00614	0.00430	0.00381	0.00126	0.00601	0.00306	0.00213	0.00648
31	0.00559	0.00472	0.00484	0.00481	0.00634	0.00397	0.00361	0.00685	0.01082	0.01307	0.10960	0.04395	0.74281	0.01159	0.00550	0.00156	0.00234	0.00970	0.00439	0.00397
32	0.04090	0.40977	0.37895	0.01110	0.04712	0.01441	0.01227	0.01430	0.00961	0.01317	0.00741	0.00869	0.00596	0.00420	0.00369	0.00124	0.00581	0.00298	0.00202	0.00640
33	0.01464	0.01180	0.01341	0.01213	0.08468	0.15403	0.09113	0.16734	0.07304	0.17147	0.02833	0.09480	0.03511	0.00636	0.00481	0.00145	0.00528	0.00542	0.01822	0.00655
34	0.00808	0.00404	0.00606	0.00606	0.00606	0.00404	0.00404	0.00606	0.00606	0.00808	0.00808	0.01414	0.00808	0.01616	0.01818	0.86465	0.00404	0.00404	0.00202	0.00202
35	0.00613	0.00452	0.00637	0.00714	0.00765	0.00428	0.02895	0.00721	0.00916	0.01217	0.02461	0.66713	0.02898	0.04256	0.00661	0.00201	0.00315	0.12329	0.00420	0.00390
36	0.01188	0.01157	0.01835	0.04868	0.72791	0.05027	0.01385	0.03430	0.01097	0.01529	0.00872	0.01138	0.00728	0.00423	0.00459	0.00138	0.00567	0.00409	0.00236	0.00723
37	0.00956	0.02976	0.15115	0.01101	0.01432	0.00944	0.16275	0.05301	0.18150	0.01611	0.08296	0.07767	0.12123	0.00758	0.01677	0.00165	0.02134	0.02265	0.00357	0.00595
38	0.00579	0.00416	0.00552	0.00658	0.00693	0.00389	0.00452	0.00670	0.00907	0.01203	0.02612	0.75963	0.05032	0.01439	0.00596	0.00190	0.00280	0.06555	0.00432	0.00382

[dist]
# distance from previous block
# <min> <max>
0	3

[block]
# block no. 3 follows, 55 sequences, length 39
# corresponding to MSA columns:
# 1055-1093
name=unknown_D
#
# <colnr> <probs for GDERKNQSTAVLIFYWHMCP>
#	G	D	E	R	K	N	Q	S	T	A	V	L	I	F	Y	W	H	M	C	P
0	0.25508	0.10511	0.05870	0.02105	0.04757	0.24032	0.04708	0.01521	0.01005	0.04243	0.00742	0.00901	0.00604	0.00494	0.00524	0.00141	0.11200	0.00321	0.00252	0.00562
1	0.03727	0.00482	0.00513	0.00513	0.00655	0.00424	0.00382	0.00731	0.01084	0.01395	0.18534	0.10909	0.56775	0.01132	0.00544	0.00157	0.00240	0.00958	0.00442	0.00404
2	0.04300	0.02352	0.01460	0.01143	0.01452	0.02091	0.19572	0.15035	0.21573	0.02850	0.04514	0.05162	0.04306	0.00639	0.00519	0.00152	0.02509	0.04657	0.00380	0.05335
3	0.01234	0.81301	0.04980	0.00813	0.01220	0.01816	0.00826	0.01396	0.00946	0.01107	0.00653	0.00754	0.00597	0.00399	0.00303	0.00101	0.00504	0.00252	0.00199	0.00600
4	0.00803	0.00406	0.00603	0.00603	0.00603	0.00406	0.00400	0.00609	0.00609	0.00811	0.00831	0.01471	0.00839	0.04481	0.01837	0.83461	0.00406	0.00414	0.00205	0.00205
5	0.00712	0.00509	0.00705	0.00807	0.00899	0.00502	0.00678	0.00901	0.01046	0.01372	0.05477	0.19902	0.02818	0.01305	0.00630	0.00207	0.00390	0.60288	0.00432	0.00419
6	0.00558	0.00472	0.00482	0.00480	0.00633	0.00396	0.00360	0.00683	0.01079	0.01302	0.10311	0.04403	0.74934	0.01161	0.00550	0.00156	0.00234	0.00971	0.00438	0.00396
7	0.00629	0.00457	0.00593	0.00596	0.00686	0.00421	0.00433	0.00807	0.01193	0.01658	0.56381	0.24255	0.07964	0.01094	0.00560	0.00158	0.00233	0.00973	0.00487	0.00421
8	0.00624	0.00481	0.00653	0.00667	0.00747	0.00458	0.02789	0.00760	0.01038	0.01404	0.25878	0.44754	0.12668	0.01219	0.00606	0.00172	0.03148	0.01083	0.00442	0.00410
9	0.00658	0.00476	0.00622	0.00585	0.00695	0.00439	0.00439	0.00878	0.01317	0.01866	0.80503	0.03475	0.04390	0.00951	0.00549	0.00146	0.00219	0.00841	0.00512	0.00439
10	0.00945	0.05504	0.78246	0.01306	0.01982	0.01109	0.01684	0.01470	0.00981	0.01459	0.00828	0.00973	0.00590	0.00440	0.00437	0.00146	0.00680	0.00340	0.00197	0.00684
11	0.01276	0.01152	0.01078	0.00965	0.01224	0.13211	0.00747	0.02311	0.61042	0.06046	0.04585	0.01656	0.01391	0.00617	0.00468	0.00151	0.00435	0.00500	0.00445	0.00699
12	0.00642	0.00481	0.00686	0.00700	0.00780	0.00529	0.00530	0.00790	0.00812	0.01135	0.04723	0.13850	0.07740	0.04834	0.58830	0.00591	0.00969	0.00672	0.00300	0.00406
13	0.01244	0.83930	0.02438	0.00796	0.01194	0.01841	0.00796	0.01393	0.00945	0.01095	0.00647	0.00746	0.00597	0.00398	0.00299	0.00100	0.00498	0.00249	0.00199	0.00597
14	0.12343	0.00606	0.00605	0.00596	0.00745	0.03606	0.00452	0.00883	0.01020	0.01435	0.14272	0.08366	0.32316	0.09411	0.00701	0.00188	0.00321	0.09060	0.00397	0.02676
15	0.01024	0.00975	0.01658	0.40159	0.44443	0.01072	0.01364	0.01316	0.00999	0.01365	0.00853	0.01193	0.00682	0.00438	0.00463	0.00146	0.00584	0.00414	0.00219	0.00634
16	0.01110	0.01063	0.01814	0.14910	0.69017	0.01094	0.01407	0.01392	0.01040	0.01470	0.00868	0.01165	0.00719	0.00422	0.00461	0.00141	0.00563	0.00414	0.00227	0.00704
17	0.01472	0.01038	0.01163	0.00971	0.01264	0.01156	0.00779	0.21466	0.41885	0.16607	0.01620	0.01515	0.01170	0.00613	0.00528	0.00153	0.04895	0.00482	0.00475	0.00748
18	0.01555	0.01868	0.01474	0.01664	0.24042	0.56663	0.01045	0.01751	0.03311	0.01269	0.00794	0.00952	0.00660	0.00465	0.00433	0.00126	0.00745	0.00338	0.00243	0.00601
19	0.01302	0.01398	0.01762	0.02403	0.58164	0.22044	0.03275	0.01541	0.01128	0.01420	0.00836	0.01073	0.00700	0.00431	0.00452	0.00134	0.00633	0.00388	0.00233	0.00683
20	0.00569	0.00417	0.00528	0.00614	0.00660	0.00383	0.00413	0.00652	0.00908	0.01186	0.02857	0.67503	0.15254	0.04883	0.00662	0.00195	0.00272	0.01241	0.00426	0.00376
21	0.00573	0.00415	0.00543	0.00643	0.00683	0.00386	0.00439	0.00663	0.00911	0.01202	0.02724	0.74027	0.08977	0.01429	0.00592	0.00188	0.00274	0.04517	0.00432	0.00381
22	0.00968	0.00843	0.01040	0.00757	0.01158	0.00660	0.04201	0.01223	0.03970	0.01523	0.00915	0.03027	0.00776	0.00385	0.00365	0.00079	0.00364	0.00324	0.00285	0.77136
23	0.00879	0.00827	0.01395	0.82532	0.03204	0.01034	0.01292	0.01189	0.00930	0.01189	0.00827	0.01240	0.00620	0.00465	0.00465	0.00155	0.00620	0.00413	0.00207	0.00517
24	0.01205	0.00996	0.01106	0.00972	0.01247	0.01132	0.03180	0.02430	0.73251	0.06156	0.01861	0.01713	0.01383	0.00621	0.00475	0.00157	0.00383	0.00524	0.00471	0.00736
25	0.01191	0.01016	0.01071	0.00954	0.01223	0.01173	0.00745	0.06750	0.75575	0.02001	0.01850	0.01701	0.01385	0.00627	0.00473	0.00157	0.00376	0.00520	0.00473	0.00739
26	0.00658	0.00476	0.00622	0.00585	0.00695	0.00439	0.00439	0.00878	0.01317	0.01866	0.80503	0.03475	0.04390	0.00951	0.00549	0.00146	0.00219	0.00841	0.00512	0.00439
27	0.00586	0.00415	0.00558	0.00650	0.00680	0.00399	0.00438	0.00663	0.00863	0.01157	0.02363	0.71117	0.02800	0.04790	0.07650	0.02528	0.00364	0.01203	0.00404	0.00373
28	0.01244	0.83930	0.02438	0.00796	0.01194	0.01841	0.00796	0.01393	0.00945	0.01095	0.00647	0.00746	0.00597	0.00398	0.00299	0.00100	0.00498	0.00249	0.00199	0.00597
29	0.01141	0.01095	0.01870	0.05884	0.77801	0.01103	0.01423	0.01419	0.01054	0.01507	0.00873	0.01155	0.00732	0.00416	0.00461	0.00139	0.00555	0.00414	0.00229	0.00729
30	0.00558	0.00472	0.00483	0.00480	0.00634	0.00396	0.00360	0.00684	0.01081	0.01305	0.10763	0.04397	0.74479	0.01160	0.00550	0.00156	0.00234	0.00971	0.00438	0.00396
31	0.00960	0.00911	0.01533	0.57336	0.24644	0.01068	0.01319	0.01252	0.00958	0.01278	0.00832	0.01207	0.00652	0.00464	0.00504	0.00152	0.03724	0.00413	0.00213	0.00578
32	0.11863	0.01097	0.01173	0.00972	0.01260	0.08447	0.05681	0.27947	0.09637	0.10028	0.02627	0.10690	0.02804	0.00677	0.00469	0.00150	0.00474	0.02943	0.00416	0.00646
33	0.01220	0.77801	0.08362	0.00836	0.01256	0.01784	0.00865	0.01399	0.00948	0.01123	0.00661	0.00764	0.00596	0.00401	0.00309	0.00103	0.00512	0.00256	0.00199	0.00604
34	0.00676	0.00454	0.00520	0.00520	0.00525	0.00458	0.00298	0.00685	0.00680	0.00912	0.01454	0.02979	0.01663	0.79371	0.06609	0.00467	0.00493	0.00667	0.00280	0.00289
35	0.24740	0.00833	0.00981	0.00776	0.01117	0.00798	0.00640	0.03829	0.01207	0.58147	0.01501	0.01351	0.00970	0.00537	0.00420	0.00144	0.00389	0.00409	0.00496	0.00715
36	0.01565	0.01002	0.04180	0.00893	0.01229	0.00961	0.00750	0.27379	0.10075	0.27736	0.09841	0.01690	0.04252	0.00618	0.00471	0.00140	0.00415	0.00500	0.00484	0.05821
37	0.01151	0.01105	0.01888	0.02855	0.80748	0.01105	0.01428	0.01428	0.01059	0.01520	0.00875	0.01151	0.00737	0.00415	0.00461	0.00138	0.00553	0.00415	0.00230	0.00737
38	0.01303	0.01474	0.01811	0.01497	0.04726	0.26970	0.25770	0.01543	0.03137	0.02883	0.00819	0.01071	0.00674	0.00548	0.00773	0.00157	0.23603	0.00422	0.00241	0.00577

[dist]
# distance from previous block
# <min> <max>
0	1

[block]
# block no. 4 follows, 55 sequences, length 14
# corresponding to MSA columns:
# 1095-1108
name=unknown_E
#
# <colnr> <probs for GDERKNQSTAVLIFYWHMCP>
#	G	D	E	R	K	N	Q	S	T	A	V	L	I	F	Y	W	H	M	C	P
0	0.52334	0.12949	0.12639	0.00763	0.01134	0.01119	0.00739	0.01463	0.00895	0.08996	0.00787	0.00868	0.00593	0.00439	0.00329	0.00136	0.00430	0.00285	0.00288	0.02814
1	0.01229	0.80082	0.06158	0.00821	0.01233	0.01805	0.00840	0.01397	0.00947	0.01112	0.00656	0.00757	0.00597	0.00400	0.00305	0.00102	0.00506	0.00253	0.00199	0.00601
2	0.00879	0.00827	0.01395	0.82532	0.03204	0.01034	0.01292	0.01189	0.00930	0.01189	0.00827	0.01240	0.00620	0.00465	0.00465	0.00155	0.00620	0.00413	0.00207	0.00517
3	0.00828	0.00439	0.00456	0.00453	0.00548	0.00436	0.00327	0.01016	0.00959	0.01633	0.06770	0.02024	0.01471	0.11593	0.00611	0.00156	0.00248	0.00493	0.69125	0.00414
4	0.00590	0.00448	0.00498	0.00528	0.00623	0.00400	0.00367	0.00689	0.00963	0.01229	0.05636	0.26708	0.41905	0.12316	0.00796	0.00203	0.00273	0.01009	0.04442	0.00377
5	0.01808	0.01239	0.01356	0.01040	0.01411	0.01347	0.00859	0.69546	0.02080	0.12734	0.01207	0.01175	0.00836	0.00561	0.00466	0.00140	0.00497	0.00425	0.00479	0.00791
6	0.00635	0.00467	0.00595	0.00580	0.00685	0.00426	0.00428	0.00826	0.01236	0.01715	0.62533	0.13213	0.12852	0.01038	0.00554	0.00153	0.00227	0.00915	0.00493	0.00426
7	0.00555	0.00450	0.00493	0.00527	0.00643	0.00388	0.00378	0.00661	0.01007	0.01235	0.04032	0.29481	0.55995	0.01267	0.00564	0.00167	0.00247	0.01090	0.00432	0.00388
8	0.01618	0.02022	0.01287	0.01170	0.01383	0.70980	0.00885	0.01740	0.01240	0.01133	0.00747	0.00917	0.00638	0.00704	0.05958	0.00168	0.06323	0.00320	0.00238	0.00529
9	0.01056	0.00890	0.01037	0.00760	0.01146	0.00754	0.00613	0.09784	0.01086	0.01651	0.00847	0.00984	0.00696	0.00393	0.00422	0.00084	0.04809	0.00299	0.00293	0.72395
10	0.11318	0.00635	0.00687	0.00617	0.00830	0.00599	0.00480	0.05319	0.02645	0.15502	0.06486	0.10114	0.39497	0.00937	0.00498	0.00153	0.00301	0.00775	0.00443	0.02165
11	0.01111	0.01065	0.01816	0.14526	0.69390	0.01095	0.01408	0.01393	0.01040	0.01471	0.00868	0.01164	0.00720	0.00422	0.00461	0.00141	0.00563	0.00414	0.00227	0.00705
12	0.02743	0.01016	0.02836	0.00909	0.01153	0.01090	0.00730	0.43247	0.01544	0.03707	0.02500	0.03709	0.01105	0.18197	0.05980	0.00247	0.06054	0.00501	0.00386	0.02344
13	0.00955	0.02275	0.73236	0.01480	0.09955	0.01083	0.01689	0.01469	0.00990	0.01478	0.00839	0.00999	0.00604	0.00439	0.00444	0.00146	0.00674	0.00351	0.00200	0.00693

[dist]
# distance from previous block
# <min> <max>
2	5

[block]
# block no. 5 follows, 55 sequences, length 84
# corresponding to MSA columns:
# 1114-1190,1192-1198
name=unknown_F
#
# <colnr> <probs for GDERKNQSTAVLIFYWHMCP>
#	G	D	E	R	K	N	Q	S	T	A	V	L	I	F	Y	W	H	M	C	P
0	0.07174	0.13194	0.61859	0.01194	0.01802	0.01194	0.01476	0.04407	0.01009	0.01522	0.00807	0.00939	0.00592	0.00440	0.00413	0.00140	0.00632	0.00327	0.00214	0.00666
1	0.01760	0.01273	0.01372	0.01057	0.01425	0.01404	0.00872	0.73637	0.04827	0.05866	0.01171	0.01156	0.00826	0.00562	0.00466	0.00140	0.00503	0.00424	0.00470	0.00789
2	0.00768	0.00419	0.00583	0.00583	0.00585	0.00422	0.00376	0.00631	0.00629	0.00841	0.00999	0.01870	0.01059	0.24036	0.04136	0.60687	0.00440	0.00481	0.00225	0.00230
3	0.00887	0.00836	0.01411	0.80049	0.05621	0.01036	0.01296	0.01196	0.00934	0.01199	0.00828	0.01238	0.00624	0.00464	0.00465	0.00155	0.00618	0.00413	0.00207	0.00524
4	0.45402	0.00815	0.00750	0.02934	0.00956	0.00907	0.00538	0.09567	0.03225	0.07204	0.01039	0.01141	0.00783	0.00489	0.00338	0.00135	0.00349	0.00343	0.22541	0.00542
5	0.00580	0.00413	0.00550	0.00655	0.00686	0.00388	0.00445	0.00666	0.00895	0.01191	0.02529	0.76904	0.03018	0.03676	0.00645	0.00197	0.00283	0.05473	0.00428	0.00378
6	0.00610	0.00463	0.00562	0.00560	0.00671	0.00415	0.00411	0.00775	0.01168	0.01567	0.44345	0.16602	0.27952	0.01103	0.00556	0.00157	0.00233	0.00962	0.00474	0.00415
7	0.05572	0.01147	0.01582	0.01222	0.01567	0.08870	0.24205	0.12276	0.12835	0.16857	0.06988	0.01501	0.02092	0.00544	0.00486	0.00147	0.00551	0.00500	0.00391	0.00666
8	0.01003	0.01010	0.01441	0.64851	0.11535	0.09899	0.01264	0.01288	0.00987	0.01220	0.00820	0.01187	0.00631	0.00461	0.00460	0.00149	0.00637	0.00401	0.00213	0.00543
9	0.00602	0.00489	0.00534	0.00543	0.00683	0.00434	0.00413	0.00768	0.03281	0.01336	0.11622	0.07708	0.57638	0.03476	0.00610	0.00171	0.00264	0.08585	0.00436	0.00407
10	0.00885	0.00840	0.01437	0.80021	0.03180	0.01038	0.03715	0.01198	0.00935	0.01198	0.00830	0.01241	0.00623	0.00463	0.00468	0.00155	0.00625	0.00418	0.00208	0.00520
11	0.00878	0.00814	0.01182	0.01027	0.01073	0.01031	0.06015	0.00990	0.00790	0.01158	0.05808	0.10591	0.01322	0.14910	0.05267	0.00263	0.45569	0.00593	0.00265	0.00456
12	0.00582	0.00411	0.00535	0.00628	0.00651	0.00388	0.00411	0.00652	0.00860	0.01147	0.02408	0.71957	0.02880	0.13115	0.00845	0.00226	0.00296	0.01231	0.00411	0.00364
13	0.00677	0.00496	0.00655	0.00724	0.00821	0.00478	0.00583	0.00868	0.02274	0.01416	0.15382	0.22497	0.11704	0.01248	0.00603	0.00190	0.00336	0.38184	0.00444	0.00419
14	0.00567	0.00405	0.00540	0.00648	0.00675	0.00378	0.00432	0.00648	0.00891	0.01188	0.02564	0.83347	0.03077	0.01457	0.00594	0.00189	0.00270	0.01323	0.00432	0.00378
15	0.01126	0.00829	0.00970	0.00849	0.01078	0.00886	0.02261	0.11114	0.32709	0.08887	0.22646	0.04465	0.03616	0.01983	0.00534	0.00159	0.00356	0.04421	0.00480	0.00630
16	0.13187	0.00937	0.01108	0.00861	0.01215	0.00925	0.00711	0.21830	0.01479	0.50671	0.01495	0.01355	0.00974	0.00552	0.00443	0.00143	0.00421	0.00427	0.00510	0.00754
17	0.00666	0.00494	0.00726	0.00726	0.00801	0.00569	0.00554	0.00817	0.00741	0.01064	0.01266	0.01940	0.01212	0.10871	0.74491	0.00720	0.01173	0.00515	0.00252	0.00403
18	0.03015	0.35688	0.01745	0.00980	0.01302	0.36687	0.00826	0.03717	0.01180	0.09754	0.00818	0.00886	0.00661	0.00457	0.00374	0.00115	0.00634	0.00299	0.00266	0.00596
19	0.01016	0.00971	0.01659	0.41944	0.38285	0.01074	0.04039	0.01334	0.02619	0.01365	0.00875	0.01211	0.00693	0.00443	0.00466	0.00148	0.00590	0.00421	0.00224	0.00625
20	0.01458	0.01219	0.01152	0.04063	0.01331	0.21392	0.03201	0.04368	0.27559	0.18998	0.01613	0.06887	0.03412	0.00635	0.00470	0.00147	0.00510	0.00515	0.00415	0.00655
21	0.00574	0.00438	0.00523	0.00573	0.00654	0.00392	0.00399	0.00680	0.00987	0.01271	0.11296	0.44022	0.30733	0.04428	0.00641	0.00183	0.00259	0.01127	0.00434	0.00386
22	0.04023	0.00808	0.00877	0.00763	0.00981	0.02981	0.00594	0.22525	0.05562	0.09228	0.13448	0.13635	0.18460	0.00898	0.00544	0.02572	0.00361	0.00724	0.00452	0.00564
23	0.01119	0.01074	0.01706	0.21766	0.53032	0.04417	0.01337	0.01386	0.01025	0.02826	0.00860	0.01160	0.00704	0.00454	0.00520	0.00145	0.05165	0.00410	0.00230	0.00664
24	0.00659	0.00459	0.00583	0.00596	0.00624	0.00481	0.00389	0.00719	0.00724	0.00990	0.01537	0.12654	0.01707	0.49683	0.25696	0.00506	0.00664	0.00704	0.00291	0.00333
25	0.00939	0.02366	0.78518	0.01348	0.02028	0.01084	0.04401	0.01474	0.00986	0.01474	0.00839	0.00992	0.00593	0.00440	0.00446	0.00148	0.00691	0.00351	0.00198	0.00685
26	0.01034	0.26737	0.54926	0.01221	0.04499	0.01309	0.01433	0.01448	0.00974	0.01362	0.00780	0.00918	0.00597	0.00428	0.00400	0.00133	0.00626	0.00318	0.00198	0.00662
27	0.00777	0.00672	0.00800	0.00803	0.03086	0.03743	0.00588	0.02996	0.06051	0.01374	0.12783	0.23502	0.19353	0.01293	0.08491	0.00225	0.11779	0.00840	0.00384	0.00461
28	0.00595	0.00476	0.00537	0.00547	0.00682	0.00417	0.00419	0.00743	0.01106	0.01395	0.20132	0.08690	0.51873	0.01158	0.00562	0.00163	0.00255	0.09396	0.00448	0.00405
29	0.00888	0.00837	0.01412	0.79769	0.05894	0.01036	0.01297	0.01197	0.00935	0.01200	0.00829	0.01237	0.00624	0.00463	0.00465	0.00154	0.00618	0.00413	0.00208	0.00524
30	0.01314	0.08163	0.32332	0.01301	0.05405	0.04254	0.09235	0.17075	0.02825	0.10395	0.01010	0.01102	0.00727	0.00483	0.00473	0.00143	0.02366	0.00392	0.00304	0.00700
31	0.01142	0.01272	0.02209	0.07957	0.12753	0.10539	0.46121	0.01455	0.01070	0.01393	0.00890	0.01199	0.00703	0.00553	0.03659	0.00175	0.05589	0.00481	0.00232	0.00609
32	0.00886	0.00835	0.01409	0.80312	0.05365	0.01036	0.01296	0.01195	0.00934	0.01198	0.00828	0.01238	0.00623	0.00464	0.00465	0.00155	0.00618	0.00413	0.00207	0.00523
33	0.00942	0.04694	0.79029	0.01311	0.01991	0.01102	0.01693	0.01471	0.00981	0.01463	0.00830	0.00976	0.00590	0.00441	0.00438	0.00146	0.00682	0.00341	0.00197	0.00685
34	0.01139	0.01201	0.04872	0.30475	0.29262	0.11773	0.04201	0.04493	0.03226	0.01422	0.00892	0.01168	0.00703	0.00456	0.00456	0.00143	0.00613	0.00405	0.02479	0.00621
35	0.00879	0.00827	0.01395	0.82532	0.03204	0.01034	0.01292	0.01189	0.00930	0.01189	0.00827	0.01240	0.00620	0.00465	0.00465	0.00155	0.00620	0.00413	0.00207	0.00517
36	0.01603	0.02002	0.01232	0.01118	0.01356	0.70672	0.00840	0.01759	0.03491	0.01181	0.01085	0.01168	0.07241	0.00538	0.00430	0.00123	0.00763	0.00362	0.00263	0.02772
37	0.01056	0.14940	0.20654	0.01378	0.04948	0.04020	0.19400	0.01344	0.00953	0.01308	0.00921	0.04443	0.02296	0.00565	0.00703	0.00155	0.19650	0.00445	0.00225	0.00596
38	0.00974	0.12816	0.13828	0.00862	0.03679	0.00860	0.00783	0.02351	0.01016	0.02538	0.06779	0.05382	0.04066	0.00507	0.00395	0.00105	0.00413	0.00411	0.00288	0.41945
39	0.44490	0.12871	0.06769	0.00831	0.01163	0.12211	0.00734	0.09583	0.04663	0.01857	0.00776	0.00864	0.00608	0.00457	0.00345	0.00135	0.00484	0.00294	0.00289	0.00575
40	0.00808	0.00404	0.00606	0.00606	0.00606	0.00404	0.00404	0.00606	0.00606	0.00808	0.00808	0.01414	0.00808	0.01616	0.01818	0.86465	0.00404	0.00404	0.00202	0.00202
41	0.01554	0.29534	0.01687	0.01017	0.01332	0.37106	0.00846	0.16627	0.01351	0.01486	0.00793	0.00886	0.00652	0.00469	0.00385	0.00117	0.00644	0.00309	0.02601	0.00605
42	0.00676	0.00452	0.00514	0.00514	0.00516	0.00454	0.00290	0.00681	0.00678	0.00907	0.01460	0.03013	0.01677	0.81550	0.04449	0.00459	0.00472	0.00672	0.00281	0.00285
43	0.00832	0.00545	0.00672	0.12046	0.01026	0.00584	0.00554	0.01097	0.04444	0.01575	0.06195	0.03665	0.07491	0.00709	0.00453	0.00138	0.02605	0.08832	0.46079	0.00456
44	0.02569	0.05271	0.06083	0.03065	0.24251	0.03348	0.19620	0.02479	0.04243	0.01416	0.00845	0.01122	0.00701	0.00529	0.00750	0.00159	0.22252	0.00431	0.00235	0.00630
45	0.00665	0.00497	0.00741	0.00741	0.00822	0.00578	0.00573	0.00826	0.00746	0.01075	0.01252	0.01862	0.01178	0.05723	0.79593	0.00739	0.01224	0.00503	0.00250	0.00412
46	0.00677	0.00451	0.00507	0.00507	0.00507	0.00451	0.00282	0.00677	0.00677	0.00902	0.01466	0.03044	0.01691	0.83650	0.02368	0.00451	0.00451	0.00677	0.00282	0.00282
47	0.00667	0.00494	0.00660	0.00745	0.04525	0.00473	0.01727	0.00761	0.00907	0.02895	0.04042	0.47037	0.13551	0.15115	0.00896	0.00224	0.02110	0.02377	0.00394	0.00399
48	0.00598	0.00428	0.00579	0.00683	0.00724	0.00409	0.00485	0.00702	0.00912	0.01214	0.02499	0.68555	0.02944	0.01509	0.03686	0.00214	0.00331	0.12717	0.00424	0.00387
49	0.01098	0.01255	0.02745	0.01961	0.02431	0.01176	0.79059	0.01490	0.01098	0.01490	0.00941	0.01255	0.00706	0.00392	0.00549	0.00157	0.00784	0.00549	0.00235	0.00627
50	0.00933	0.02406	0.81240	0.01326	0.02014	0.01080	0.01719	0.01473	0.00982	0.01473	0.00835	0.00982	0.00589	0.00442	0.00442	0.00147	0.00688	0.00344	0.00196	0.00688
51	0.01016	0.15889	0.53422	0.01355	0.01953	0.01226	0.15928	0.01463	0.00998	0.01413	0.00823	0.00993	0.00612	0.00425	0.00438	0.00141	0.00674	0.00366	0.00204	0.00661
52	0.00567	0.00405	0.00540	0.00648	0.00675	0.00378	0.00432	0.00648	0.00891	0.01188	0.02564	0.83347	0.03077	0.01457	0.00594	0.00189	0.00270	0.01323	0.00432	0.00378
53	0.02087	0.00792	0.01080	0.00828	0.01188	0.00684	0.00684	0.02267	0.01332	0.81071	0.01835	0.01583	0.01152	0.00576	0.00468	0.00144	0.00396	0.00468	0.00576	0.00792
54	0.00708	0.00542	0.00792	0.00715	0.00779	0.00527	0.10092	0.00772	0.00770	0.01030	0.01614	0.18406	0.01838	0.57363	0.01798	0.00364	0.00457	0.00786	0.00305	0.00343
55	0.00758	0.00510	0.00645	0.00600	0.00735	0.00468	0.00454	0.00987	0.03333	0.07484	0.61151	0.05642	0.13538	0.00958	0.00542	0.00149	0.00240	0.00837	0.00503	0.00465
56	0.00589	0.00414	0.00533	0.00619	0.00641	0.00393	0.00401	0.00654	0.00847	0.01130	0.02341	0.67070	0.02796	0.18118	0.00953	0.00242	0.00307	0.01192	0.00401	0.00358
57	0.01005	0.04973	0.61797	0.01397	0.02017	0.01118	0.14488	0.01489	0.01005	0.03688	0.00870	0.01037	0.00625	0.00443	0.00475	0.00148	0.02158	0.00379	0.00214	0.00674
58	0.00834	0.00650	0.00953	0.01196	0.14379	0.00657	0.00863	0.01104	0.04328	0.01437	0.02173	0.04414	0.02299	0.01112	0.00605	0.00199	0.00447	0.61460	0.00397	0.00493
59	0.00567	0.00405	0.00540	0.00648	0.00675	0.00378	0.00432	0.00648	0.00891	0.01188	0.02564	0.83347	0.03077	0.01457	0.00594	0.00189	0.00270	0.01323	0.00432	0.00378
60	0.67555	0.01164	0.14245	0.00753	0.01108	0.01061	0.00724	0.02698	0.04117	0.01992	0.00738	0.00840	0.00561	0.00444	0.00324	0.00145	0.00418	0.00281	0.00283	0.00549
61	0.00599	0.00458	0.00649	0.00692	0.00759	0.00424	0.04285	0.00711	0.00953	0.01267	0.09451	0.65545	0.09778	0.01337	0.00584	0.00181	0.00288	0.01213	0.00429	0.00397
62	0.00853	0.00750	0.00956	0.00880	0.00974	0.05259	0.00696	0.03406	0.00823	0.01164	0.01056	0.01568	0.00991	0.05203	0.50028	0.00529	0.19766	0.00460	0.00247	0.04391
63	0.01251	0.41269	0.16722	0.00965	0.01387	0.04623	0.00969	0.11162	0.13014	0.01530	0.00934	0.00993	0.00745	0.00463	0.00378	0.00122	0.00525	0.00332	0.00276	0.02338
64	0.00953	0.07521	0.76296	0.01293	0.01962	0.01128	0.01661	0.01468	0.00980	0.01450	0.00823	0.00967	0.00590	0.00439	0.00433	0.00144	0.00676	0.00338	0.00197	0.00682
65	0.02087	0.00792	0.01080	0.00828	0.01188	0.00684	0.00684	0.02267	0.01332	0.81071	0.01835	0.01583	0.01152	0.00576	0.00468	0.00144	0.00396	0.00468	0.00576	0.00792
66	0.00567	0.00405	0.00540	0.00648	0.00675	0.00378	0.00432	0.00648	0.00891	0.01188	0.02564	0.83347	0.03077	0.01457	0.00594	0.00189	0.00270	0.01323	0.00432	0.00378
67	0.00632	0.00474	0.00585	0.00557	0.00679	0.00428	0.00418	0.00827	0.01254	0.01717	0.62007	0.03720	0.22979	0.01007	0.00549	0.00149	0.00223	0.00876	0.00493	0.00428
68	0.01098	0.01255	0.02745	0.01961	0.02431	0.01176	0.79059	0.01490	0.01098	0.01490	0.00941	0.01255	0.00706	0.00392	0.00549	0.00157	0.00784	0.00549	0.00235	0.00627
69	0.00665	0.00498	0.00748	0.00748	0.00831	0.00582	0.00582	0.00831	0.00748	0.01080	0.01246	0.01828	0.01163	0.03489	0.81807	0.00748	0.01246	0.00498	0.00249	0.00415
70	0.01244	0.83930	0.02438	0.00796	0.01194	0.01841	0.00796	0.01393	0.00945	0.01095	0.00647	0.00746	0.00597	0.00398	0.00299	0.00100	0.00498	0.00249	0.00199	0.00597
71	0.00933	0.02406	0.81240	0.01326	0.02014	0.01080	0.01719	0.01473	0.00982	0.01473	0.00835	0.00982	0.00589	0.00442	0.00442	0.00147	0.00688	0.00344	0.00196	0.00688
72	0.00567	0.00405	0.00540	0.00648	0.00675	0.00378	0.00432	0.00648	0.00891	0.01188	0.02564	0.83347	0.03077	0.01457	0.00594	0.00189	0.00270	0.01323	0.00432	0.00378
73	0.01244	0.83930	0.02438	0.00796	0.01194	0.01841	0.00796	0.01393	0.00945	0.01095	0.00647	0.00746	0.00597	0.00398	0.00299	0.00100	0.00498	0.00249	0.00199	0.00597
74	0.02087	0.00792	0.01080	0.00828	0.01188	0.00684	0.00684	0.02267	0.01332	0.81071	0.01835	0.01583	0.01152	0.00576	0.00468	0.00144	0.00396	0.00468	0.00576	0.00792
75	0.00601	0.00438	0.00573	0.00667	0.00725	0.00410	0.00483	0.00713	0.00950	0.01244	0.03934	0.58517	0.11742	0.01386	0.00597	0.00190	0.00295	0.15712	0.00432	0.00390
76	0.00674	0.00450	0.00508	0.00510	0.00511	0.00449	0.00285	0.00676	0.00681	0.00908	0.01490	0.04785	0.01721	0.81869	0.02329	0.00445	0.00447	0.00691	0.00285	0.00284
77	0.01482	0.01199	0.01232	0.01018	0.01334	0.04631	0.00816	0.40237	0.38378	0.02398	0.01462	0.01394	0.01076	0.00589	0.00467	0.00147	0.00458	0.00464	0.00460	0.00755
78	0.01076	0.01220	0.02654	0.01907	0.02359	0.01143	0.75809	0.01455	0.01089	0.01478	0.01008	0.04648	0.00804	0.00436	0.00551	0.00158	0.00763	0.00581	0.00243	0.00617
79	0.00676	0.00452	0.00514	0.00514	0.00516	0.00455	0.00290	0.00681	0.00678	0.00907	0.01460	0.03012	0.01677	0.81491	0.04507	0.00459	0.00472	0.00672	0.00281	0.00285
80	0.00618	0.00472	0.00566	0.00547	0.00671	0.00421	0.00409	0.00797	0.01214	0.01632	0.51560	0.06053	0.31259	0.01045	0.00550	0.00151	0.00227	0.00904	0.00482	0.00421
81	0.00721	0.00564	0.00672	0.00711	0.00789	0.02789	0.00506	0.00961	0.09902	0.02722	0.10954	0.55804	0.05222	0.01231	0.00605	0.00178	0.03704	0.01088	0.00433	0.00443
82	0.01658	0.04379	0.01385	0.01202	0.01442	0.71461	0.03002	0.01818	0.03463	0.01168	0.00751	0.00881	0.00625	0.00494	0.00472	0.00125	0.04566	0.00316	0.00243	0.00547
83	0.07634	0.01109	0.01230	0.00975	0.01294	0.01216	0.02878	0.50218	0.08584	0.07511	0.01227	0.01319	0.00917	0.04442	0.04491	0.00185	0.00512	0.00439	0.03108	0.00709

[dist]
# distance from previous block
# <min> <max>
0	13

[block]
# block no. 6 follows, 55 sequences, length 18
# corresponding to MSA columns:
# 1214-1231
name=unknown_G
#
# <colnr> <probs for GDERKNQSTAVLIFYWHMCP>
#	G	D	E	R	K	N	Q	S	T	A	V	L	I	F	Y	W	H	M	C	P
0	0.00600	0.00434	0.00572	0.00673	0.00714	0.00415	0.00466	0.00731	0.03480	0.01228	0.02535	0.74761	0.02993	0.01417	0.00594	0.00190	0.00285	0.07085	0.00433	0.00393
1	0.07103	0.11444	0.14357	0.01042	0.01405	0.12511	0.03541	0.22565	0.09025	0.01875	0.02739	0.01135	0.00843	0.00518	0.00454	0.00136	0.03160	0.00383	0.05115	0.00649
