[name]
unknown

[dist]
# distance from previous block
# <min> <max>
4	29

[block]
# block no. 0 follows, 59 sequences, length 47
# corresponding to MSA columns:
# 42-67,91-111
name=unknown_A
#
# <colnr> <probs for GDERKNQSTAVLIFYWHMCP>
#	G	D	E	R	K	N	Q	S	T	A	V	L	I	F	Y	W	H	M	C	P
0	0.57818	0.02344	0.01024	0.06327	0.01226	0.01018	0.11225	0.03724	0.05887	0.01815	0.00787	0.02409	0.00625	0.00456	0.00361	0.01418	0.00418	0.00329	0.00277	0.00512
1	0.00950	0.00986	0.06591	0.41368	0.35869	0.01004	0.01281	0.01253	0.02429	0.01284	0.00823	0.01139	0.00651	0.00443	0.00462	0.01724	0.00558	0.00391	0.00210	0.00587
2	0.00669	0.00451	0.00574	0.00573	0.00665	0.00416	0.00415	0.00815	0.01063	0.05548	0.40467	0.21951	0.11032	0.09487	0.00705	0.00181	0.00259	0.03889	0.00439	0.00401
3	0.01585	0.13898	0.01412	0.01071	0.01332	0.63045	0.00838	0.09442	0.01282	0.01243	0.00710	0.00810	0.00587	0.00451	0.00386	0.00113	0.00719	0.00289	0.00243	0.00543
4	0.00684	0.00500	0.00581	0.00557	0.00692	0.00458	0.00417	0.05763	0.01139	0.04361	0.29446	0.16091	0.35614	0.01031	0.00520	0.00149	0.00246	0.00887	0.00442	0.00423
5	0.18479	0.01164	0.10430	0.01907	0.01525	0.01046	0.20228	0.20066	0.01259	0.18104	0.01037	0.01101	0.00724	0.00458	0.00426	0.00139	0.00518	0.00398	0.00345	0.00646
6	0.00632	0.00583	0.03825	0.00806	0.00917	0.00516	0.10667	0.00770	0.00892	0.01200	0.05263	0.60725	0.06364	0.01167	0.00578	0.00171	0.03078	0.01065	0.00374	0.00407
7	0.00561	0.00428	0.00517	0.00547	0.00639	0.00384	0.00395	0.00689	0.01014	0.01327	0.24118	0.32639	0.30421	0.01159	0.00539	0.00159	0.00237	0.03417	0.00430	0.00380
8	0.01024	0.01150	0.02438	0.06946	0.02274	0.01125	0.69628	0.01372	0.01007	0.01372	0.00865	0.01175	0.00659	0.00405	0.00581	0.00152	0.06524	0.00504	0.00220	0.00581
9	0.00978	0.04837	0.55498	0.01211	0.06313	0.01023	0.01345	0.08251	0.04490	0.03121	0.02094	0.01260	0.06664	0.00494	0.00428	0.00138	0.00569	0.00393	0.00249	0.00641
10	0.02597	0.00862	0.01240	0.02630	0.06314	0.03854	0.13629	0.09533	0.05770	0.16241	0.03779	0.18071	0.01372	0.02249	0.02881	0.02443	0.04992	0.00615	0.00363	0.00565
11	0.01604	0.00750	0.02398	0.00784	0.01070	0.00676	0.00650	0.07366	0.03485	0.54105	0.02721	0.06276	0.03392	0.00824	0.05640	0.00179	0.00426	0.05230	0.01759	0.00665
12	0.03619	0.00733	0.01147	0.39943	0.09828	0.00830	0.03749	0.03915	0.00932	0.03834	0.02963	0.02792	0.00857	0.00680	0.03683	0.07519	0.00510	0.00425	0.11552	0.00488
13	0.02906	0.01159	0.01519	0.17209	0.39733	0.14037	0.02868	0.04844	0.06249	0.03939	0.00897	0.01104	0.00710	0.00436	0.00432	0.00133	0.00563	0.00384	0.00252	0.00628
14	0.01046	0.12932	0.38444	0.03716	0.06988	0.08831	0.15973	0.01452	0.04066	0.01336	0.00818	0.00983	0.00622	0.00414	0.00421	0.00133	0.00637	0.00359	0.00210	0.00618
15	0.00544	0.00391	0.00506	0.00595	0.00627	0.00364	0.00396	0.00618	0.00842	0.01113	0.02494	0.73638	0.07835	0.06953	0.00674	0.00194	0.00266	0.01194	0.00400	0.00354
16	0.00602	0.00462	0.02311	0.00587	0.00672	0.00397	0.00426	0.00719	0.00959	0.03502	0.17250	0.47365	0.18289	0.03587	0.00590	0.00171	0.00258	0.01048	0.00419	0.00387
17	0.02396	0.05979	0.08214	0.06503	0.02658	0.20317	0.16422	0.03879	0.06432	0.01355	0.00986	0.03658	0.00813	0.00667	0.05638	0.00169	0.03521	0.00416	0.09437	0.00541
18	0.00578	0.00452	0.00643	0.00683	0.00739	0.00436	0.04376	0.00673	0.00863	0.01145	0.02469	0.69765	0.09728	0.01287	0.00592	0.00176	0.03469	0.01157	0.00392	0.00377
19	0.00539	0.00393	0.00508	0.00595	0.00636	0.00362	0.00402	0.00623	0.00873	0.01151	0.04717	0.73514	0.11376	0.01343	0.00558	0.00175	0.00252	0.01209	0.00412	0.00362
20	0.02784	0.27752	0.51756	0.01119	0.01668	0.01253	0.05273	0.01374	0.00923	0.01300	0.00739	0.00872	0.00566	0.00404	0.00379	0.00126	0.00595	0.00306	0.00191	0.00620
21	0.06495	0.00991	0.01651	0.12525	0.52487	0.01018	0.08144	0.03732	0.00999	0.01459	0.00868	0.02938	0.00735	0.01924	0.00468	0.00140	0.00528	0.00416	0.00232	0.02250
22	0.00769	0.00453	0.00488	0.00478	0.00583	0.00459	0.00360	0.00982	0.03161	0.01547	0.08126	0.03890	0.10834	0.02291	0.02759	0.00140	0.02853	0.00529	0.58884	0.00413
23	0.01141	0.35446	0.18525	0.06171	0.04286	0.04217	0.01952	0.09122	0.01063	0.03617	0.03751	0.00975	0.00745	0.00429	0.00366	0.00114	0.00512	0.00320	0.00243	0.07004
24	0.85130	0.00865	0.00669	0.00593	0.00869	0.01002	0.00489	0.03566	0.00790	0.02005	0.00628	0.00727	0.00486	0.00413	0.00278	0.00137	0.00346	0.00244	0.00278	0.00486
25	0.01153	0.01070	0.04029	0.02111	0.10298	0.05448	0.00800	0.12263	0.34943	0.01767	0.01250	0.01262	0.00957	0.00488	0.00415	0.00124	0.00420	0.00400	0.00355	0.20446
26	0.01071	0.01026	0.01741	0.02624	0.78619	0.01023	0.01316	0.01328	0.01006	0.01433	0.00970	0.01214	0.03793	0.00421	0.00440	0.00132	0.00513	0.00414	0.00226	0.00687
27	0.01400	0.00722	0.00860	0.00723	0.00958	0.05731	0.00570	0.02845	0.02001	0.43134	0.22937	0.09601	0.05117	0.00734	0.00476	0.00140	0.00343	0.00621	0.00490	0.00597
28	0.00593	0.00473	0.00514	0.00525	0.00658	0.00424	0.00390	0.00773	0.05813	0.02589	0.05966	0.18642	0.56415	0.01123	0.00527	0.00156	0.00245	0.03357	0.00417	0.00399
29	0.00598	0.00456	0.00554	0.00544	0.00663	0.00411	0.00417	0.00774	0.01145	0.01532	0.47817	0.03783	0.30223	0.01006	0.00530	0.00149	0.00233	0.08313	0.00453	0.00401
30	0.00709	0.00387	0.00552	0.00575	0.00583	0.00381	0.00381	0.00598	0.00648	0.00872	0.01197	0.20143	0.01314	0.06700	0.01467	0.60271	0.00354	0.00597	0.02032	0.00239
31	0.01169	0.81565	0.05394	0.00775	0.01164	0.01720	0.00789	0.01325	0.00899	0.01053	0.00621	0.00717	0.00567	0.00379	0.00289	0.00096	0.00479	0.00240	0.00189	0.00570
32	0.01041	0.14769	0.37592	0.07344	0.03425	0.05566	0.09561	0.06025	0.04951	0.01408	0.00890	0.01126	0.00699	0.00455	0.00419	0.00135	0.00601	0.03149	0.00230	0.00614
33	0.02808	0.02561	0.08439	0.00953	0.01271	0.02017	0.03287	0.36828	0.06677	0.10263	0.02884	0.01315	0.00924	0.00623	0.00570	0.06840	0.03203	0.02823	0.01872	0.03841
34	0.00552	0.00401	0.00525	0.00618	0.00661	0.00373	0.00430	0.00643	0.00874	0.01150	0.02596	0.70551	0.09459	0.01347	0.00564	0.00179	0.00267	0.08036	0.00410	0.00364
35	0.06282	0.01804	0.03378	0.00822	0.02296	0.02882	0.03120	0.10154	0.05055	0.33305	0.09450	0.09637	0.08514	0.00688	0.00459	0.00142	0.00378	0.00576	0.00446	0.00614
36	0.81418	0.03951	0.00734	0.03439	0.00940	0.01018	0.00514	0.01293	0.00762	0.01917	0.00621	0.00733	0.00485	0.00410	0.00279	0.00135	0.00355	0.00244	0.00268	0.00482
37	0.00943	0.00771	0.00907	0.00658	0.01036	0.00583	0.00524	0.01134	0.00926	0.04406	0.00875	0.03681	0.00745	0.00370	0.00339	0.00072	0.00327	0.00301	0.00277	0.81125
38	0.00655	0.00474	0.00569	0.00563	0.00677	0.00439	0.00422	0.00835	0.03630	0.03921	0.31079	0.09386	0.27291	0.09473	0.00703	0.00181	0.00268	0.08604	0.00428	0.00403
39	0.68502	0.03856	0.06407	0.00682	0.00984	0.03725	0.00603	0.06558	0.00875	0.01917	0.00693	0.02315	0.00554	0.00437	0.00305	0.00135	0.00391	0.00276	0.00277	0.00510
40	0.00688	0.00573	0.00681	0.00715	0.00790	0.05632	0.03309	0.03719	0.03570	0.01233	0.03825	0.68521	0.02586	0.01222	0.00543	0.00171	0.00318	0.01102	0.00396	0.00404
41	0.00576	0.00450	0.00522	0.00504	0.00630	0.00396	0.00378	0.00738	0.01134	0.01494	0.44601	0.03755	0.41229	0.01006	0.00521	0.00144	0.00216	0.00863	0.00450	0.00396
42	0.03504	0.00754	0.00971	0.00772	0.01076	0.00699	0.00627	0.03447	0.10536	0.61526	0.06720	0.01638	0.01308	0.02141	0.00477	0.00143	0.00361	0.00471	0.02126	0.00703
43	0.01061	0.01084	0.05613	0.10353	0.34132	0.02441	0.15962	0.03719	0.06970	0.02752	0.00972	0.01285	0.00792	0.00458	0.00487	0.00139	0.03292	0.03309	0.00253	0.04926
44	0.01700	0.02167	0.00837	0.00724	0.00890	0.03588	0.00566	0.07072	0.00919	0.01311	0.07506	0.01632	0.01215	0.06445	0.41091	0.00421	0.03521	0.00447	0.01597	0.16350
45	0.02355	0.04780	0.01331	0.03579	0.12757	0.08954	0.02233	0.31610	0.17469	0.02991	0.01187	0.02168	0.02462	0.00519	0.00430	0.00132	0.00484	0.00416	0.00361	0.03785
46	0.00614	0.02647	0.00603	0.00634	0.02270	0.00457	0.00428	0.02480	0.02384	0.01193	0.05980	0.53420	0.14267	0.09615	0.00711	0.00193	0.00285	0.01049	0.00391	0.00382

[dist]
# distance from previous block
# <min> <max>
4	7

[block]
# block no. 1 follows, 59 sequences, length 11
# corresponding to MSA columns:
# 119-129
name=unknown_B
#
# <colnr> <probs for GDERKNQSTAVLIFYWHMCP>
#	G	D	E	R	K	N	Q	S	T	A	V	L	I	F	Y	W	H	M	C	P
0	0.03772	0.02696	0.05931	0.10869	0.47922	0.07565	0.01194	0.01363	0.04308	0.01375	0.00957	0.01179	0.03553	0.00460	0.00483	0.00136	0.04981	0.00396	0.00231	0.00627
1	0.00759	0.00560	0.00703	0.01968	0.00884	0.02888	0.00618	0.04270	0.01035	0.03097	0.06857	0.21290	0.04953	0.04230	0.00633	0.00193	0.00375	0.43866	0.00403	0.00417
2	0.00611	0.00438	0.00574	0.00599	0.00647	0.00452	0.00419	0.00702	0.00771	0.01048	0.05193	0.20896	0.06399	0.28250	0.27307	0.00425	0.00609	0.04000	0.00313	0.00347
3	0.01085	0.00846	0.02513	0.01143	0.16604	0.00728	0.04785	0.01290	0.00992	0.14176	0.01302	0.02856	0.08000	0.00486	0.00445	0.00110	0.03745	0.00413	0.00309	0.38170
4	0.00541	0.00393	0.00504	0.00591	0.00629	0.00363	0.00396	0.00618	0.00855	0.01123	0.02613	0.72192	0.11392	0.04759	0.00628	0.00186	0.00260	0.01195	0.00404	0.00357
5	0.02970	0.03744	0.08226	0.17224	0.25590	0.03502	0.04499	0.06255	0.06804	0.01488	0.05506	0.01285	0.00935	0.00575	0.03395	0.00156	0.01797	0.00416	0.05039	0.00593
6	0.15774	0.05458	0.01057	0.01912	0.05539	0.09403	0.00651	0.07739	0.04220	0.07485	0.00944	0.04155	0.00781	0.01744	0.00392	0.00113	0.00417	0.00345	0.00302	0.31570
7	0.44341	0.16576	0.12639	0.05162	0.01191	0.03787	0.00748	0.01315	0.02311	0.01616	0.03105	0.00921	0.01775	0.00434	0.00324	0.00128	0.00432	0.00292	0.00251	0.02650
8	0.01150	0.03514	0.01202	0.07510	0.09074	0.07118	0.04413	0.13459	0.10771	0.06629	0.02172	0.09947	0.01082	0.03322	0.00504	0.00138	0.01483	0.00483	0.00332	0.15698
9	0.00641	0.00514	0.00758	0.07190	0.03799	0.00530	0.03569	0.00757	0.00878	0.01185	0.08375	0.53641	0.05032	0.02854	0.00662	0.02342	0.05519	0.00994	0.00364	0.00397
10	0.00878	0.03828	0.00952	0.05142	0.01105	0.00696	0.02763	0.04318	0.09280	0.01417	0.01402	0.15705	0.04295	0.03327	0.00475	0.00124	0.00357	0.03510	0.00318	0.40110

[dist]
# distance from previous block
# <min> <max>
2	8

[block]
# block no. 2 follows, 59 sequences, length 12
# corresponding to MSA columns:
# 138-149
name=unknown_C
#
# <colnr> <probs for GDERKNQSTAVLIFYWHMCP>
#	G	D	E	R	K	N	Q	S	T	A	V	L	I	F	Y	W	H	M	C	P
0	0.00832	0.00610	0.02684	0.00698	0.00878	0.00550	0.05492	0.01109	0.06658	0.10864	0.44950	0.02837	0.13774	0.00957	0.04962	0.00172	0.00336	0.00710	0.00443	0.00484
1	0.01183	0.03954	0.02880	0.11125	0.27462	0.06937	0.00991	0.05873	0.07325	0.11474	0.06936	0.04477	0.01102	0.00545	0.00506	0.00139	0.05706	0.00455	0.00312	0.00618
2	0.01522	0.01810	0.01278	0.01131	0.01327	0.59861	0.00874	0.08706	0.01216	0.01231	0.00697	0.00853	0.00587	0.00523	0.00603	0.00131	0.16570	0.00314	0.00240	0.00528
3	0.00577	0.00449	0.00519	0.00502	0.00622	0.00397	0.00372	0.00731	0.01109	0.01460	0.41854	0.03728	0.40383	0.04634	0.00596	0.00156	0.00225	0.00855	0.00441	0.00390
4	0.00538	0.00446	0.00471	0.00470	0.00608	0.00379	0.00350	0.00663	0.01037	0.01278	0.15968	0.06972	0.67105	0.01096	0.00523	0.00149	0.00223	0.00924	0.00422	0.00379
5	0.00639	0.00440	0.00543	0.00543	0.00564	0.00461	0.00344	0.00681	0.00660	0.00901	0.01336	0.02582	0.01472	0.62809	0.23734	0.00503	0.00630	0.00597	0.00259	0.00301
6	0.00529	0.00443	0.00461	0.00467	0.00604	0.00374	0.00346	0.00644	0.01008	0.01222	0.08865	0.10526	0.70743	0.01127	0.00525	0.00151	0.00225	0.00950	0.00415	0.00374
7	0.01164	0.00779	0.00898	0.00790	0.01016	0.00823	0.00624	0.10303	0.31685	0.16220	0.14071	0.07254	0.04602	0.00731	0.00475	0.00148	0.00338	0.05210	0.02256	0.00615
8	0.00834	0.00785	0.01325	0.83417	0.03042	0.00981	0.01227	0.01128	0.00883	0.01128	0.00785	0.01178	0.00589	0.00442	0.00442	0.00147	0.00589	0.00393	0.00196	0.00491
9	0.06450	0.00803	0.00915	0.00682	0.01050	0.00667	0.00546	0.01315	0.08661	0.07065	0.00938	0.01015	0.00740	0.00374	0.00344	0.00083	0.00334	0.00296	0.00300	0.67423
10	0.01028	0.01245	0.12290	0.08859	0.17037	0.08139	0.20683	0.03959	0.01006	0.01348	0.02363	0.05261	0.02938	0.01735	0.00604	0.00151	0.10070	0.00473	0.00239	0.00574
11	0.00631	0.00578	0.06218	0.00666	0.00784	0.00469	0.02610	0.00828	0.04008	0.01349	0.18381	0.45380	0.08817	0.01088	0.00520	0.00159	0.00285	0.00973	0.05839	0.00414

[dist]
# distance from previous block
# <min> <max>
0	1

[block]
# block no. 3 follows, 59 sequences, length 14
# corresponding to MSA columns:
# 151-164
name=unknown_D
#
# <colnr> <probs for GDERKNQSTAVLIFYWHMCP>
#	G	D	E	R	K	N	Q	S	T	A	V	L	I	F	Y	W	H	M	C	P
0	0.02829	0.07667	0.08980	0.08108	0.09280	0.03580	0.03575	0.07013	0.07471	0.09935	0.02216	0.01138	0.00785	0.00595	0.01998	0.00157	0.22069	0.00391	0.00281	0.01932
1	0.00629	0.00491	0.00642	0.00686	0.00728	0.00521	0.00490	0.03258	0.00875	0.01178	0.02296	0.65106	0.08129	0.01259	0.00671	0.00177	0.10999	0.01093	0.00383	0.00388
2	0.00725	0.00529	0.00717	0.00805	0.00916	0.00534	0.00698	0.00979	0.05126	0.01344	0.02387	0.04784	0.05296	0.01185	0.00599	0.00199	0.00397	0.71953	0.00409	0.00421
3	0.01171	0.65235	0.14884	0.00862	0.01275	0.05961	0.00902	0.03270	0.00951	0.01141	0.00657	0.00757	0.00570	0.00392	0.00315	0.00104	0.00519	0.00257	0.00197	0.00582
4	0.00801	0.04985	0.00885	0.00781	0.02291	0.02303	0.05680	0.00933	0.00908	0.07960	0.02133	0.30240	0.13725	0.04982	0.10854	0.00242	0.04101	0.05405	0.00353	0.00438
5	0.00546	0.00442	0.00484	0.00486	0.00614	0.00381	0.00360	0.00675	0.01044	0.01311	0.20847	0.11522	0.57551	0.01097	0.00526	0.00150	0.00223	0.00934	0.00426	0.00381
6	0.04785	0.00712	0.00943	0.00740	0.01047	0.00628	0.00606	0.01942	0.01229	0.68153	0.08453	0.01693	0.03143	0.00584	0.00442	0.00136	0.00352	0.00477	0.03239	0.00695
7	0.12676	0.23017	0.19630	0.03134	0.01396	0.04160	0.05824	0.10472	0.01058	0.06677	0.00902	0.04584	0.00737	0.00570	0.03252	0.00148	0.00538	0.00365	0.00267	0.00590
8	0.01344	0.01576	0.01362	0.01185	0.02573	0.46416	0.10019	0.04924	0.01114	0.01193	0.00834	0.01046	0.02129	0.00812	0.09390	0.00195	0.12772	0.00365	0.00236	0.00516
9	0.00576	0.00447	0.00524	0.00510	0.00631	0.00395	0.00381	0.00738	0.01128	0.01493	0.44670	0.06564	0.38324	0.01015	0.00523	0.00145	0.00217	0.00874	0.00450	0.00395
10	0.00928	0.00892	0.01387	0.07031	0.25782	0.01065	0.03531	0.01097	0.00830	0.01203	0.00996	0.10837	0.02559	0.00786	0.03639	0.00185	0.35977	0.00509	0.00233	0.00533
11	0.20880	0.03290	0.09717	0.10360	0.10619	0.01036	0.00896	0.20289	0.01208	0.10464	0.01114	0.01254	0.04252	0.00505	0.00404	0.00138	0.00461	0.02173	0.00326	0.00614
12	0.04006	0.15141	0.32696	0.02508	0.02874	0.12648	0.01054	0.03883	0.03014	0.01356	0.05276	0.06181	0.06468	0.00555	0.00412	0.00132	0.00541	0.00433	0.00255	0.00566
13	0.07817	0.03852	0.25542	0.12920	0.06279	0.03518	0.07422	0.07174	0.01027	0.03618	0.02023	0.06328	0.02682	0.00512	0.00422	0.00137	0.00526	0.00433	0.04619	0.03150

[dist]
# distance from previous block
# <min> <max>
0	7

[block]
# block no. 4 follows, 59 sequences, length 31
# corresponding to MSA columns:
# 172-202
name=unknown_E
#
# <colnr> <probs for GDERKNQSTAVLIFYWHMCP>
#	G	D	E	R	K	N	Q	S	T	A	V	L	I	F	Y	W	H	M	C	P
0	0.02807	0.01889	0.01049	0.03722	0.12932	0.03344	0.02306	0.13098	0.05472	0.08213	0.09224	0.02019	0.12422	0.04347	0.04483	0.00174	0.00439	0.03170	0.02086	0.06805
1	0.10305	0.03877	0.02205	0.24400	0.13167	0.09727	0.03507	0.07699	0.01032	0.02144	0.00846	0.01173	0.00698	0.00473	0.00459	0.00133	0.04516	0.03636	0.00250	0.09753
2	0.00950	0.00873	0.01404	0.21065	0.40820	0.00942	0.01105	0.02957	0.00989	0.01382	0.06786	0.03150	0.05572	0.00537	0.00519	0.00141	0.06413	0.00470	0.03344	0.00581
3	0.01022	0.17055	0.32438	0.01267	0.02592	0.07273	0.20680	0.01387	0.02781	0.01310	0.01995	0.02752	0.00755	0.00531	0.02839	0.00150	0.00642	0.01716	0.00219	0.00593
4	0.00641	0.00442	0.00548	0.00548	0.00580	0.00464	0.00358	0.00698	0.00682	0.00941	0.01419	0.02540	0.03768	0.54770	0.26748	0.00497	0.00647	0.00592	0.02803	0.00314
5	0.00917	0.00895	0.01290	0.02595	0.01165	0.01211	0.03720	0.01029	0.00695	0.01063	0.00695	0.01147	0.00685	0.04863	0.09948	0.00256	0.66745	0.00412	0.00202	0.00468
6	0.00535	0.00406	0.00493	0.00560	0.00627	0.00365	0.00386	0.00626	0.00906	0.01163	0.04812	0.56831	0.28120	0.01288	0.00549	0.00169	0.00245	0.01142	0.00412	0.00365
7	0.00624	0.00432	0.00516	0.00524	0.00547	0.00437	0.00326	0.00661	0.00692	0.00925	0.01643	0.09429	0.06744	0.60415	0.13871	0.00432	0.00512	0.00686	0.00284	0.00300
8	0.00649	0.00424	0.00489	0.00492	0.00492	0.00423	0.00279	0.00637	0.00642	0.00857	0.01373	0.04764	0.01578	0.76535	0.02170	0.06607	0.00421	0.00639	0.00266	0.00264
9	0.00729	0.00470	0.00616	0.00587	0.00702	0.00430	0.00441	0.00914	0.01185	0.08502	0.60041	0.13700	0.05968	0.00950	0.00522	0.00146	0.00235	0.02949	0.00477	0.00436
10	0.00943	0.00803	0.00930	0.00672	0.01059	0.00626	0.00538	0.03346	0.03435	0.01489	0.00824	0.00943	0.00678	0.00341	0.00334	0.00070	0.00332	0.00273	0.00273	0.82092
11	0.00926	0.00859	0.01385	0.64942	0.12704	0.02837	0.02205	0.01221	0.02250	0.03378	0.00828	0.01170	0.00629	0.00448	0.00464	0.00145	0.02469	0.00395	0.00214	0.00529
12	0.00993	0.00944	0.01516	0.31537	0.45256	0.03519	0.01224	0.01258	0.00973	0.01336	0.03185	0.01201	0.00774	0.00432	0.00435	0.00135	0.00534	0.00402	0.03746	0.00599
13	0.01614	0.01205	0.01289	0.01003	0.01345	0.01339	0.00824	0.71483	0.10951	0.02678	0.01143	0.01126	0.00818	0.00538	0.00443	0.00134	0.00471	0.00409	0.00443	0.00745
14	0.00683	0.00671	0.10053	0.00744	0.02701	0.00513	0.02898	0.00872	0.03210	0.01275	0.05100	0.43864	0.02124	0.06136	0.00636	0.02587	0.00332	0.01950	0.13234	0.00418
15	0.00544	0.00390	0.00517	0.00607	0.00641	0.00363	0.00409	0.00631	0.00878	0.01175	0.08116	0.76717	0.04686	0.01344	0.00560	0.00176	0.00252	0.01216	0.00415	0.00363
16	0.00843	0.00450	0.00454	0.00446	0.00560	0.00461	0.00337	0.01123	0.06632	0.01661	0.01466	0.01647	0.01147	0.00521	0.00319	0.00106	0.00216	0.00418	0.80762	0.00432
17	0.00843	0.07388	0.37332	0.01213	0.10434	0.00890	0.05964	0.01173	0.00960	0.01338	0.04732	0.11033	0.09588	0.00654	0.00459	0.00145	0.00511	0.04516	0.00265	0.00564
18	0.01133	0.03556	0.07314	0.03525	0.39006	0.14155	0.13327	0.03027	0.02172	0.01389	0.02669	0.01243	0.04583	0.00453	0.00445	0.00132	0.00587	0.00422	0.00240	0.00622
19	0.00944	0.00902	0.01573	0.25527	0.16527	0.00999	0.17803	0.01209	0.02960	0.02860	0.01032	0.07147	0.02653	0.00586	0.00652	0.02569	0.12782	0.00496	0.00239	0.00540
20	0.00538	0.00384	0.00512	0.00615	0.00641	0.00359	0.00410	0.00615	0.00846	0.01127	0.02434	0.84190	0.02921	0.01384	0.00564	0.00179	0.00256	0.01256	0.00410	0.00359
21	0.00989	0.04866	0.28666	0.01769	0.26144	0.01056	0.19857	0.01390	0.04267	0.01410	0.01033	0.01217	0.04425	0.00439	0.00449	0.00138	0.00596	0.00424	0.00226	0.00639
22	0.01281	0.04748	0.13764	0.02457	0.01377	0.41242	0.02044	0.03301	0.04572	0.01245	0.05342	0.03351	0.02231	0.00553	0.00543	0.00133	0.10644	0.00384	0.00252	0.00535
23	0.02751	0.00930	0.01397	0.27901	0.30100	0.04791	0.03524	0.05110	0.01030	0.07130	0.01028	0.07584	0.00870	0.00510	0.00442	0.00139	0.00517	0.00460	0.03199	0.00587
24	0.78745	0.00888	0.00736	0.00719	0.05489	0.02619	0.00540	0.01333	0.00789	0.03985	0.00658	0.00761	0.00509	0.00413	0.00290	0.00136	0.00362	0.00254	0.00276	0.00499
25	0.00627	0.00454	0.00588	0.00564	0.00665	0.00421	0.00425	0.00824	0.01203	0.01688	0.70968	0.03414	0.06588	0.04328	0.00596	0.00155	0.00229	0.05382	0.00470	0.00409
26	0.00671	0.00491	0.00682	0.04069	0.03521	0.00523	0.00508	0.00777	0.00781	0.03032	0.03296	0.26373	0.03385	0.20868	0.25903	0.00392	0.03290	0.00750	0.00308	0.00381
27	0.69569	0.03894	0.00834	0.00672	0.00958	0.01057	0.02240	0.10485	0.02550	0.02013	0.00725	0.02079	0.00573	0.00441	0.00307	0.00136	0.00371	0.00285	0.00295	0.00518
28	0.01533	0.07428	0.01354	0.01063	0.02676	0.28000	0.00843	0.37968	0.04270	0.01895	0.00899	0.00981	0.00696	0.00581	0.02588	0.00143	0.05767	0.00354	0.00329	0.00631
29	0.00614	0.00423	0.00510	0.00538	0.00569	0.00409	0.00346	0.00678	0.00806	0.01090	0.11508	0.25301	0.05155	0.43359	0.01406	0.00299	0.00341	0.04010	0.02316	0.00323
30	0.12677	0.01037	0.01113	0.01003	0.05468	0.05620	0.03996	0.19498	0.32758	0.03197	0.04150	0.01467	0.02707	0.01746	0.00455	0.00145	0.00425	0.01508	0.00389	0.00641

[dist]
# distance from previous block
# <min> <max>
0	2

[block]
# block no. 5 follows, 59 sequences, length 79
# corresponding to MSA columns:
# 205-283
name=unknown_F
#
# <colnr> <probs for GDERKNQSTAVLIFYWHMCP>
#	G	D	E	R	K	N	Q	S	T	A	V	L	I	F	Y	W	H	M	C	P
0	0.00534	0.00444	0.00465	0.00468	0.00603	0.00377	0.00347	0.00652	0.01014	0.01238	0.11545	0.08980	0.68320	0.02355	0.00550	0.00154	0.00227	0.00935	0.00415	0.00375
1	0.07798	0.08989	0.55437	0.01241	0.05493	0.01116	0.04562	0.04765	0.00963	0.01464	0.00773	0.00921	0.00574	0.00430	0.00441	0.00137	0.03730	0.00328	0.00208	0.00629
2	0.00941	0.07582	0.72286	0.01205	0.01820	0.03084	0.01521	0.01409	0.00943	0.02606	0.00793	0.00923	0.00570	0.00418	0.00409	0.00135	0.00634	0.00320	0.00195	0.02205
3	0.00604	0.00412	0.00493	0.00530	0.00539	0.00403	0.00319	0.00632	0.00716	0.00955	0.01770	0.32384	0.02083	0.54334	0.01637	0.00338	0.00366	0.00865	0.00319	0.00301
4	0.02111	0.03606	0.05276	0.09323	0.24328	0.04662	0.02760	0.09862	0.04399	0.08173	0.02100	0.01142	0.00792	0.00438	0.00409	0.00120	0.00475	0.00374	0.03890	0.15760
5	0.00792	0.00407	0.00446	0.00451	0.00533	0.00403	0.00327	0.00918	0.00862	0.01453	0.01456	0.05225	0.03605	0.00753	0.00580	0.15714	0.00240	0.00459	0.65005	0.00369
6	0.01177	0.41114	0.09748	0.00955	0.01300	0.15416	0.07786	0.04368	0.02435	0.01185	0.00842	0.01057	0.02141	0.06334	0.02311	0.00147	0.00576	0.00335	0.00223	0.00550
7	0.00575	0.00413	0.00497	0.00543	0.00582	0.00390	0.00352	0.00634	0.00804	0.01052	0.03631	0.40170	0.14994	0.30300	0.02807	0.00271	0.00329	0.00967	0.00358	0.00331
8	0.00629	0.00431	0.00506	0.00513	0.00530	0.00434	0.00310	0.00655	0.00680	0.00907	0.01581	0.08136	0.05360	0.66680	0.10483	0.00428	0.00486	0.00678	0.00280	0.00292
9	0.00920	0.00789	0.00918	0.00660	0.01049	0.00600	0.00527	0.01141	0.02757	0.01449	0.00808	0.00933	0.00670	0.00333	0.00330	0.00067	0.00328	0.00267	0.00266	0.85188
10	0.00615	0.00422	0.00496	0.00513	0.00534	0.00411	0.00312	0.00653	0.00751	0.01004	0.08685	0.19265	0.05473	0.57055	0.01688	0.00341	0.00366	0.00791	0.00321	0.00303
11	0.01126	0.69320	0.17255	0.00850	0.01279	0.01613	0.00920	0.01337	0.00904	0.01106	0.00647	0.00750	0.00565	0.00386	0.00309	0.00103	0.00506	0.00253	0.00188	0.00583
12	0.01527	0.01486	0.01234	0.01125	0.06616	0.35773	0.00827	0.29498	0.01492	0.05373	0.04476	0.01138	0.00870	0.02487	0.03975	0.00156	0.00632	0.00378	0.00330	0.00605
13	0.01181	0.84744	0.02314	0.00756	0.01134	0.01748	0.00756	0.01323	0.00897	0.01039	0.00614	0.00708	0.00567	0.00378	0.00283	0.00094	0.00472	0.00236	0.00189	0.00567
14	0.00580	0.00422	0.00545	0.00593	0.00654	0.00396	0.00413	0.00725	0.02884	0.01342	0.26952	0.52075	0.06825	0.02716	0.00577	0.00169	0.00245	0.01070	0.00432	0.00384
15	0.00606	0.00440	0.00581	0.00638	0.00715	0.00415	0.00485	0.00754	0.01012	0.01358	0.23910	0.35252	0.09299	0.01190	0.00561	0.00172	0.00280	0.21513	0.00430	0.00388
16	0.01653	0.01224	0.01311	0.01011	0.01360	0.01357	0.00833	0.76747	0.05623	0.02741	0.01094	0.01087	0.00778	0.00533	0.00442	0.00133	0.00480	0.00402	0.00442	0.00749
17	0.00688	0.00492	0.00685	0.00787	0.00878	0.00488	0.00671	0.00875	0.00994	0.01296	0.02351	0.15596	0.02593	0.01242	0.00604	0.00200	0.00387	0.68366	0.00407	0.00400
18	0.00886	0.02285	0.82190	0.01259	0.01912	0.01026	0.01632	0.01399	0.00932	0.01399	0.00793	0.00932	0.00559	0.00420	0.00420	0.00140	0.00653	0.00326	0.00186	0.00653
19	0.00643	0.00540	0.00582	0.00633	0.00712	0.06296	0.00457	0.00743	0.00928	0.01167	0.05849	0.44131	0.20214	0.01323	0.04623	0.02432	0.00348	0.07616	0.00386	0.00377
20	0.03301	0.11255	0.10625	0.02608	0.06267	0.05238	0.10133	0.14977	0.01157	0.03399	0.00856	0.00986	0.00666	0.00408	0.00388	0.00111	0.00497	0.00339	0.02421	0.24368
21	0.10330	0.22865	0.09247	0.00909	0.01222	0.14940	0.03321	0.12772	0.04142	0.01482	0.00996	0.03909	0.02678	0.02668	0.05104	0.00165	0.00562	0.01857	0.00273	0.00558
22	0.03170	0.08453	0.01127	0.00796	0.01105	0.00886	0.00661	0.15205	0.07758	0.43532	0.09079	0.01528	0.01290	0.00563	0.00430	0.00132	0.00380	0.00451	0.02769	0.00685
23	0.00639	0.00441	0.00545	0.00545	0.00566	0.00462	0.00346	0.00683	0.00661	0.00903	0.01334	0.02572	0.01467	0.62094	0.24443	0.00506	0.00636	0.00596	0.00259	0.00303
24	0.02877	0.00922	0.01513	0.45125	0.37321	0.02228	0.01261	0.01241	0.00939	0.01284	0.00800	0.01125	0.00634	0.00420	0.00435	0.00139	0.00558	0.00388	0.00208	0.00582
25	0.00968	0.25309	0.59887	0.01118	0.01694	0.01227	0.01387	0.01377	0.00923	0.01298	0.00743	0.00870	0.00562	0.00408	0.00382	0.00127	0.00602	0.00301	0.00187	0.00629
26	0.00684	0.00568	0.00624	0.00632	0.00704	0.06950	0.00448	0.00792	0.00875	0.01147	0.14319	0.21122	0.07693	0.18842	0.22219	0.00355	0.00565	0.00755	0.00333	0.00371
27	0.01023	0.00772	0.01035	0.00894	0.01050	0.03284	0.05145	0.09259	0.04960	0.10531	0.03605	0.01551	0.01070	0.05273	0.34930	0.00397	0.13942	0.00464	0.00305	0.00511
28	0.00549	0.00410	0.00510	0.00566	0.00634	0.00372	0.00394	0.00655	0.00950	0.01249	0.15910	0.52315	0.21392	0.01243	0.00547	0.00166	0.00241	0.01105	0.00423	0.00372
29	0.00947	0.16459	0.61201	0.01159	0.01724	0.03039	0.03150	0.01368	0.00927	0.01313	0.00778	0.00931	0.00587	0.00537	0.03941	0.00156	0.00650	0.00320	0.00191	0.00622
30	0.36364	0.03206	0.01100	0.01083	0.10539	0.32255	0.00761	0.04961	0.01032	0.01562	0.00685	0.00814	0.00556	0.00441	0.00383	0.00128	0.03061	0.00286	0.00253	0.00531
31	0.01181	0.84744	0.02314	0.00756	0.01134	0.01748	0.00756	0.01323	0.00897	0.01039	0.00614	0.00708	0.00567	0.00378	0.00283	0.00094	0.00472	0.00236	0.00189	0.00567
32	0.00908	0.00778	0.00907	0.00713	0.02491	0.00643	0.00550	0.01226	0.10642	0.01460	0.01118	0.03237	0.04289	0.00495	0.02375	0.00099	0.00348	0.00352	0.00293	0.67076
33	0.01194	0.00996	0.01053	0.00918	0.01185	0.01143	0.00722	0.15181	0.67936	0.02002	0.01676	0.01551	0.01250	0.00588	0.00448	0.00147	0.00372	0.00483	0.00448	0.00708
34	0.01002	0.00593	0.00669	0.00594	0.00763	0.00604	0.00467	0.12422	0.02889	0.07447	0.07486	0.01733	0.01321	0.00818	0.07993	0.00170	0.00362	0.02271	0.46173	0.04225
35	0.00540	0.00397	0.00507	0.00592	0.00639	0.00364	0.00404	0.00627	0.00879	0.01151	0.03992	0.69432	0.14791	0.01333	0.00558	0.00175	0.00253	0.02590	0.00411	0.00363
36	0.00667	0.00524	0.00770	0.00749	0.00816	0.00633	0.00585	0.00812	0.00704	0.01023	0.01127	0.01699	0.01068	0.06286	0.70771	0.00643	0.10021	0.00471	0.00233	0.00399
37	0.01045	0.02752	0.06497	0.06274	0.03817	0.08497	0.52262	0.01359	0.01013	0.01326	0.00940	0.06400	0.00788	0.00470	0.00540	0.00148	0.04559	0.00514	0.00230	0.00567
38	0.01257	0.00694	0.00857	0.00712	0.00940	0.00672	0.00567	0.13592	0.05344	0.28070	0.34997	0.02257	0.04116	0.00707	0.00474	0.00137	0.00313	0.00598	0.03105	0.00590
39	0.04184	0.00754	0.01015	0.00781	0.01120	0.00658	0.00645	0.02130	0.01251	0.79970	0.01713	0.01483	0.01077	0.00543	0.00440	0.00137	0.00375	0.00439	0.00540	0.00745
40	0.00941	0.00965	0.03793	0.07447	0.07702	0.00900	0.41837	0.01267	0.03003	0.03440	0.11765	0.02891	0.07457	0.00537	0.00495	0.00144	0.00557	0.00569	0.03736	0.00552
41	0.17298	0.00787	0.00963	0.00758	0.01084	0.00740	0.00624	0.03733	0.03629	0.63470	0.01527	0.01357	0.00983	0.00523	0.00414	0.00137	0.00371	0.00408	0.00492	0.00701
42	0.00534	0.00411	0.00489	0.00548	0.00624	0.00366	0.00381	0.00628	0.00919	0.01170	0.05302	0.50868	0.33642	0.01268	0.00546	0.00167	0.00242	0.01117	0.00412	0.00366
43	0.02429	0.00633	0.00944	0.09066	0.01172	0.01873	0.10361	0.00967	0.01063	0.01455	0.26600	0.03107	0.12377	0.00853	0.00541	0.00156	0.02565	0.18754	0.04641	0.00442
44	0.08306	0.01023	0.04744	0.02942	0.01370	0.03103	0.14953	0.08357	0.32892	0.04891	0.01349	0.01552	0.01068	0.06340	0.02773	0.00181	0.00492	0.02698	0.00355	0.00611
45	0.00548	0.00403	0.00515	0.00595	0.00648	0.00371	0.00413	0.00642	0.00897	0.01175	0.06158	0.64126	0.15470	0.01313	0.00557	0.00174	0.00256	0.04959	0.00413	0.00366
46	0.01037	0.01232	0.05542	0.01839	0.02294	0.01114	0.77224	0.01414	0.01038	0.01414	0.00890	0.01182	0.00666	0.00374	0.00517	0.00149	0.00741	0.00514	0.00222	0.00598
47	0.01084	0.04778	0.04203	0.25990	0.23672	0.04293	0.15224	0.05881	0.01047	0.04705	0.00906	0.01234	0.00720	0.00450	0.00462	0.00140	0.01565	0.02803	0.00243	0.00598
48	0.00616	0.00544	0.03072	0.00689	0.02506	0.03948	0.00486	0.00719	0.00888	0.01148	0.02472	0.62347	0.11456	0.03332	0.00588	0.00178	0.00304	0.03936	0.00387	0.00383
49	0.00647	0.00489	0.00712	0.00704	0.00770	0.00573	0.00538	0.00784	0.00701	0.01008	0.01180	0.01831	0.01138	0.12297	0.70212	0.00656	0.04650	0.00488	0.00238	0.00384
50	0.87598	0.00854	0.00649	0.00581	0.00854	0.00991	0.00478	0.01298	0.00752	0.01982	0.00615	0.00717	0.00478	0.00410	0.00273	0.00137	0.00342	0.00239	0.00273	0.00478
51	0.00833	0.00749	0.01131	0.25872	0.16361	0.00758	0.02756	0.01081	0.02425	0.01341	0.09381	0.05365	0.10751	0.00598	0.00448	0.00131	0.00427	0.02450	0.00287	0.16855
52	0.00535	0.00446	0.00454	0.00453	0.00590	0.00378	0.00333	0.00641	0.00986	0.01185	0.06590	0.04116	0.72955	0.07600	0.00656	0.00171	0.00239	0.00905	0.00401	0.00366
53	0.06886	0.00815	0.00923	0.00675	0.01052	0.00666	0.00542	0.06287	0.00987	0.03320	0.00828	0.01710	0.00679	0.00361	0.00336	0.00077	0.00339	0.00282	0.00282	0.72953
54	0.00990	0.00951	0.01627	0.33148	0.47116	0.01035	0.03706	0.01263	0.00951	0.01312	0.00808	0.01124	0.00653	0.00422	0.00472	0.00140	0.03065	0.00397	0.00210	0.00611
55	0.00594	0.00450	0.00545	0.00521	0.00637	0.00404	0.00389	0.00769	0.01163	0.01576	0.56459	0.03576	0.27404	0.02891	0.00561	0.00149	0.00218	0.00835	0.00458	0.00400
56	0.00936	0.00688	0.00821	0.00747	0.00899	0.00761	0.00572	0.14993	0.18302	0.01573	0.08734	0.05281	0.01440	0.05189	0.22752	0.10500	0.00581	0.00523	0.04214	0.00494
57	0.85014	0.00851	0.00660	0.00587	0.00862	0.00980	0.00483	0.01324	0.00767	0.04398	0.00649	0.00741	0.00497	0.00414	0.00278	0.00137	0.00343	0.00245	0.00282	0.00487
58	0.01021	0.00977	0.01666	0.16585	0.62320	0.01007	0.03004	0.01287	0.00992	0.01391	0.03023	0.01241	0.02659	0.00432	0.00444	0.00135	0.00525	0.00419	0.00226	0.00646
59	0.87598	0.00854	0.00649	0.00581	0.00854	0.00991	0.00478	0.01298	0.00752	0.01982	0.00615	0.00717	0.00478	0.00410	0.00273	0.00137	0.00342	0.00239	0.00273	0.00478
60	0.03080	0.04541	0.04271	0.04748	0.03230	0.04421	0.06724	0.05004	0.08083	0.07766	0.08350	0.02901	0.04510	0.00519	0.00443	0.00117	0.02964	0.00432	0.00321	0.27575
61	0.01543	0.00816	0.00973	0.00808	0.01060	0.07961	0.02392	0.03318	0.01155	0.47043	0.03693	0.01885	0.01268	0.06560	0.04040	0.00185	0.02438	0.07490	0.04758	0.00615
62	0.01872	0.00779	0.01027	0.00794	0.01122	0.00703	0.00653	0.09406	0.01340	0.69782	0.06455	0.01569	0.01245	0.00566	0.00449	0.00136	0.00376	0.00461	0.00533	0.00732
63	0.01148	0.01184	0.07272	0.04576	0.30061	0.03548	0.23372	0.13043	0.01158	0.02467	0.00911	0.01162	0.00719	0.02503	0.00521	0.00145	0.02271	0.00429	0.02872	0.00639
64	0.06817	0.01068	0.01904	0.17865	0.23052	0.03574	0.32140	0.01328	0.00969	0.01375	0.00814	0.01107	0.00641	0.00418	0.00513	0.00144	0.05035	0.00429	0.00219	0.00586
65	0.00614	0.00447	0.00578	0.00554	0.00655	0.00411	0.00412	0.00809	0.01212	0.01701	0.72557	0.08500	0.08003	0.00944	0.00524	0.00142	0.00212	0.00835	0.00477	0.00411
66	0.00840	0.00463	0.00692	0.00717	0.04630	0.00478	0.00473	0.00719	0.00652	0.04349	0.02581	0.01373	0.00854	0.01410	0.03127	0.70522	0.04300	0.00398	0.01156	0.00266
67	0.01110	0.39099	0.32767	0.01048	0.02755	0.07850	0.03189	0.03363	0.02816	0.01258	0.00737	0.00850	0.00591	0.00409	0.00361	0.00118	0.00573	0.00295	0.00205	0.00606
68	0.00619	0.00485	0.00666	0.06216	0.00873	0.00520	0.00533	0.00753	0.03251	0.01146	0.02108	0.64959	0.02458	0.01282	0.02507	0.00190	0.07781	0.02889	0.00373	0.00391
69	0.00924	0.00537	0.00703	0.00695	0.00829	0.00513	0.00535	0.01150	0.06917	0.17801	0.15193	0.30380	0.02527	0.03418	0.00581	0.00174	0.00314	0.15880	0.00449	0.00480
70	0.02381	0.01045	0.08069	0.01747	0.39923	0.05269	0.03889	0.03389	0.04148	0.01490	0.03260	0.07281	0.01064	0.00533	0.00433	0.00134	0.00472	0.02517	0.12356	0.00600
71	0.00961	0.02620	0.01541	0.50229	0.10350	0.01045	0.12065	0.02754	0.06200	0.03162	0.00886	0.01189	0.00675	0.00454	0.00491	0.00146	0.04034	0.00415	0.00231	0.00552
72	0.00565	0.00406	0.00542	0.00642	0.00683	0.00383	0.00456	0.00663	0.00877	0.01160	0.02473	0.69572	0.04946	0.01351	0.00570	0.00182	0.00279	0.13475	0.00409	0.00367
73	0.18369	0.08905	0.02175	0.08821	0.01454	0.14097	0.10057	0.13906	0.05004	0.05835	0.02897	0.03593	0.00818	0.00495	0.00417	0.00134	0.01759	0.00390	0.00302	0.00571
74	0.00989	0.02209	0.03214	0.30994	0.18349	0.00866	0.06361	0.01251	0.02823	0.10334	0.01265	0.13281	0.02846	0.02676	0.00508	0.00154	0.00496	0.00548	0.00285	0.00553
75	0.00976	0.09003	0.69519	0.01199	0.01800	0.05100	0.01496	0.01430	0.00954	0.03467	0.00797	0.00922	0.00575	0.00421	0.00408	0.00135	0.00638	0.00320	0.00198	0.00641
76	0.00957	0.09315	0.39091	0.03690	0.05552	0.05516	0.08650	0.01319	0.01805	0.01347	0.03002	0.05874	0.00831	0.00473	0.00417	0.00128	0.00568	0.00400	0.00227	0.10840
77	0.04965	0.02596	0.15541	0.11035	0.15662	0.12170	0.10653	0.03307	0.07025	0.01390	0.01031	0.06508	0.00896	0.02377	0.00484	0.00147	0.00572	0.02806	0.00256	0.00578
78	0.08389	0.12229	0.04642	0.00917	0.03279	0.08140	0.03938	0.10260	0.10812	0.09172	0.05175	0.10359	0.03193	0.00629	0.00449	0.00136	0.02382	0.02361	0.00346	0.03191

[dist]
# distance from previous block
# <min> <max>
1	35

[block]
# block no. 6 follows, 59 sequences, length 54
# corresponding to MSA columns:
# 319-325,337-383
name=unknown_G
#
# <colnr> <probs for GDERKNQSTAVLIFYWHMCP>
#	G	D	E	R	K	N	Q	S	T	A	V	L	I	F	Y	W	H	M	C	P
0	0.14635	0.01054	0.03514	0.03380	0.01147	0.15202	0.02329	0.10597	0.03770	0.10038	0.06365	0.03456	0.06664	0.00619	0.00439	0.00136	0.01643	0.06430	0.03323	0.05259
1	0.03803	0.10886	0.12547	0.05472	0.05271	0.03604	0.15846	0.10231	0.09264	0.03746	0.00992	0.03653	0.00789	0.00459	0.00419	0.00127	0.00524	0.00405	0.00281	0.11682
2	0.03856	0.00970	0.01321	0.03402	0.21210	0.01030	0.06329	0.15737	0.21093	0.02596	0.02661	0.04065	0.02089	0.00628	0.03006	0.00156	0.02223	0.01582	0.00340	0.05705
3	0.23008	0.00937	0.00984	0.00849	0.03562	0.01011	0.00667	0.32769	0.04660	0.03091	0.06553	0.02593	0.01093	0.00563	0.00403	0.00133	0.00393	0.05366	0.03667	0.07698
4	0.02698	0.00772	0.01049	0.02373	0.01128	0.00791	0.10727	0.06417	0.17473	0.11687	0.10610	0.05261	0.04752	0.00622	0.00476	0.00137	0.03284	0.00537	0.14773	0.04436
5	0.00597	0.00553	0.00503	0.00495	0.00648	0.05602	0.00371	0.00712	0.01031	0.01206	0.06875	0.03999	0.73749	0.01069	0.00514	0.00147	0.00260	0.00886	0.00401	0.00383
6	0.01134	0.59479	0.22278	0.00896	0.01342	0.01546	0.00980	0.05689	0.00971	0.01225	0.00683	0.00784	0.00575	0.00397	0.00326	0.00108	0.00518	0.00268	0.00202	0.00598
7	0.01055	0.01113	0.02070	0.01553	0.01832	0.01219	0.46376	0.06293	0.00975	0.01374	0.00790	0.01101	0.00643	0.00528	0.00853	0.00164	0.30805	0.00465	0.00226	0.00565
8	0.00560	0.00414	0.00527	0.00596	0.00658	0.00381	0.00423	0.00670	0.00936	0.01232	0.12147	0.53948	0.16745	0.01267	0.00555	0.00171	0.00258	0.07722	0.00419	0.00372
9	0.00538	0.00417	0.00490	0.00538	0.00623	0.00369	0.00378	0.00640	0.00947	0.01207	0.09550	0.43236	0.37025	0.01231	0.00542	0.00163	0.00238	0.01080	0.00416	0.00369
10	0.00535	0.00395	0.00501	0.00586	0.00633	0.00361	0.00397	0.00618	0.00873	0.01139	0.02785	0.70435	0.16449	0.01338	0.00557	0.00174	0.00251	0.01200	0.00410	0.00361
11	0.00536	0.00411	0.00489	0.00546	0.00620	0.00367	0.00378	0.00628	0.00912	0.01162	0.05098	0.49602	0.33128	0.03237	0.00587	0.00173	0.00247	0.01106	0.00409	0.00363
12	0.01181	0.84744	0.02314	0.00756	0.01134	0.01748	0.00756	0.01323	0.00897	0.01039	0.00614	0.00708	0.00567	0.00378	0.00283	0.00094	0.00472	0.00236	0.00189	0.00567
13	0.00834	0.00785	0.01325	0.83417	0.03042	0.00981	0.01227	0.01128	0.00883	0.01128	0.00785	0.01178	0.00589	0.00442	0.00442	0.00147	0.00589	0.00393	0.00196	0.00491
14	0.09111	0.01214	0.06370	0.00979	0.01336	0.03983	0.02760	0.48544	0.05528	0.14093	0.01123	0.01110	0.00786	0.00512	0.00427	0.00135	0.00478	0.00390	0.00414	0.00707
15	0.00594	0.00458	0.00544	0.00526	0.00649	0.00413	0.00397	0.00782	0.02484	0.01535	0.48183	0.04823	0.33418	0.00993	0.00523	0.00145	0.00221	0.02454	0.00454	0.00404
16	0.01181	0.84744	0.02314	0.00756	0.01134	0.01748	0.00756	0.01323	0.00897	0.01039	0.00614	0.00708	0.00567	0.00378	0.00283	0.00094	0.00472	0.00236	0.00189	0.00567
17	0.00577	0.00417	0.00525	0.00589	0.00631	0.00393	0.00391	0.00674	0.02504	0.01128	0.05027	0.60228	0.06571	0.15385	0.00838	0.00216	0.00286	0.01084	0.00386	0.02149
18	0.00649	0.00472	0.00587	0.00636	0.00724	0.00453	0.00467	0.00857	0.07516	0.03392	0.09358	0.45839	0.15207	0.01194	0.00547	0.00171	0.00277	0.10822	0.00423	0.00410
19	0.01521	0.01158	0.01236	0.00984	0.01309	0.01296	0.00801	0.58995	0.23590	0.02528	0.01262	0.01221	0.00914	0.00549	0.00444	0.00137	0.00449	0.00425	0.00444	0.00737
20	0.00978	0.00723	0.00862	0.00659	0.00981	0.00587	0.00523	0.01229	0.05428	0.10083	0.15480	0.01526	0.03317	0.00488	0.00386	0.00093	0.00310	0.00406	0.00346	0.55597
21	0.00576	0.00409	0.00543	0.00632	0.00670	0.00389	0.00445	0.00671	0.00870	0.01158	0.05180	0.62693	0.02803	0.08011	0.00704	0.00202	0.00291	0.12991	0.00401	0.00361
22	0.01485	0.00655	0.00869	0.00714	0.00967	0.00589	0.00571	0.01711	0.04958	0.51351	0.21503	0.07208	0.01982	0.00690	0.00468	0.00140	0.00321	0.00585	0.02600	0.00633
23	0.01099	0.00949	0.00999	0.00899	0.01148	0.01099	0.00699	0.02347	0.80925	0.01848	0.01798	0.01648	0.01348	0.00599	0.00449	0.00150	0.00350	0.00499	0.00449	0.00699
24	0.01042	0.01191	0.02606	0.01862	0.02308	0.01117	0.80119	0.01415	0.01042	0.01415	0.00894	0.01191	0.00670	0.00372	0.00521	0.00149	0.00745	0.00521	0.00223	0.00596
25	0.00543	0.00388	0.00518	0.00620	0.00648	0.00363	0.00418	0.00623	0.00850	0.01133	0.02432	0.82118	0.02911	0.01379	0.00565	0.00180	0.00260	0.03283	0.00410	0.00360
26	0.01099	0.00949	0.00999	0.00899	0.01148	0.01099	0.00699	0.02347	0.80925	0.01848	0.01798	0.01648	0.01348	0.00599	0.00449	0.00150	0.00350	0.00499	0.00449	0.00699
27	0.00631	0.00472	0.00703	0.00703	0.00779	0.00548	0.00543	0.00784	0.00708	0.01020	0.01189	0.01771	0.01120	0.05818	0.80244	0.00701	0.01160	0.00478	0.00238	0.00390
28	0.00886	0.02285	0.82190	0.01259	0.01912	0.01026	0.01632	0.01399	0.00932	0.01399	0.00793	0.00932	0.00559	0.00420	0.00420	0.00140	0.00653	0.00326	0.00186	0.00653
29	0.87598	0.00854	0.00649	0.00581	0.00854	0.00991	0.00478	0.01298	0.00752	0.01982	0.00615	0.00717	0.00478	0.00410	0.00273	0.00137	0.00342	0.00239	0.00273	0.00478
30	0.00538	0.00384	0.00512	0.00615	0.00641	0.00359	0.00410	0.00615	0.00846	0.01127	0.02434	0.84190	0.02921	0.01384	0.00564	0.00179	0.00256	0.01256	0.00410	0.00359
31	0.00525	0.00448	0.00452	0.00451	0.00599	0.00374	0.00338	0.00640	0.01015	0.01212	0.06951	0.04220	0.79055	0.01112	0.00522	0.00149	0.00223	0.00928	0.00413	0.00374
32	0.01181	0.84744	0.02314	0.00756	0.01134	0.01748	0.00756	0.01323	0.00897	0.01039	0.00614	0.00708	0.00567	0.00378	0.00283	0.00094	0.00472	0.00236	0.00189	0.00567
33	0.00886	0.02285	0.82190	0.01259	0.01912	0.01026	0.01632	0.01399	0.00932	0.01399	0.00793	0.00932	0.00559	0.00420	0.00420	0.00140	0.00653	0.00326	0.00186	0.00653
34	0.00581	0.00468	0.00496	0.00508	0.00606	0.02079	0.00355	0.00677	0.00946	0.01182	0.11847	0.17220	0.43986	0.16081	0.00836	0.00202	0.00276	0.00907	0.00389	0.00359
35	0.00639	0.00441	0.00549	0.00549	0.00572	0.00465	0.00351	0.00685	0.00662	0.00906	0.01330	0.02550	0.01458	0.60569	0.25956	0.00511	0.00651	0.00592	0.00258	0.00305
36	0.78568	0.00915	0.02062	0.02134	0.02378	0.02502	0.02215	0.02386	0.00795	0.01930	0.00638	0.00752	0.00495	0.00412	0.00291	0.00137	0.00373	0.00255	0.00270	0.00492
37	0.00525	0.00444	0.00454	0.00458	0.00600	0.00373	0.00341	0.00638	0.01005	0.01204	0.06253	0.08230	0.75717	0.01127	0.00524	0.00150	0.00225	0.00945	0.00412	0.00373
38	0.01271	0.04009	0.01562	0.10119	0.24904	0.32372	0.08474	0.02898	0.02237	0.01264	0.00850	0.01052	0.02309	0.00457	0.00474	0.00130	0.04441	0.00371	0.00229	0.00577
39	0.04076	0.02499	0.01296	0.02817	0.01361	0.41392	0.10635	0.10016	0.01196	0.01388	0.00865	0.01047	0.00700	0.00699	0.07212	0.00171	0.02667	0.00357	0.09079	0.00527
