[name]
unknown

[dist]
# distance from previous block
# <min> <max>
0	1179

[block]
# block no. 0 follows, 47 sequences, length 108
# corresponding to MSA columns:
# 1184-1248,1258-1300
name=unknown_A
#
# <colnr> <probs for GDERKNQSTAVLIFYWHMCP>
#	G	D	E	R	K	N	Q	S	T	A	V	L	I	F	Y	W	H	M	C	P
0	0.01103	0.00946	0.01646	0.03564	0.01648	0.00939	0.25538	0.06494	0.01348	0.05507	0.23878	0.04436	0.02389	0.00868	0.00704	0.02075	0.04581	0.11312	0.00422	0.00604
1	0.03338	0.00751	0.01014	0.20846	0.01577	0.00838	0.00791	0.06385	0.04620	0.01681	0.22619	0.02585	0.07455	0.09412	0.06958	0.04291	0.03247	0.00676	0.00391	0.00524
2	0.03111	0.01237	0.03896	0.03188	0.14948	0.08074	0.03648	0.16409	0.05957	0.03037	0.02350	0.01402	0.00980	0.01011	0.10504	0.04024	0.00680	0.00454	0.00347	0.14744
3	0.02734	0.01200	0.10834	0.00967	0.01289	0.06312	0.00852	0.10029	0.14494	0.11205	0.26732	0.02381	0.05161	0.00780	0.00543	0.00161	0.00454	0.00647	0.00489	0.02734
4	0.07286	0.01137	0.01258	0.01019	0.01344	0.05827	0.02205	0.20802	0.07922	0.22121	0.04615	0.03583	0.04288	0.02541	0.00638	0.00168	0.05898	0.00538	0.00482	0.06329
5	0.05225	0.00898	0.01291	0.01040	0.01334	0.00854	0.13025	0.03798	0.04102	0.04151	0.07044	0.16230	0.07566	0.00827	0.00617	0.00158	0.06069	0.02088	0.00389	0.23296
6	0.01101	0.01030	0.01671	0.42058	0.28261	0.01111	0.01367	0.01417	0.01096	0.01512	0.00944	0.01307	0.00750	0.00480	0.00498	0.00152	0.00620	0.00439	0.00252	0.13935
7	0.01056	0.01011	0.01746	0.61244	0.18391	0.01181	0.05203	0.01400	0.01079	0.01421	0.00943	0.01369	0.00725	0.00505	0.00524	0.00170	0.00688	0.00471	0.00238	0.00634
8	0.01748	0.02094	0.01507	0.01332	0.01600	0.56218	0.04370	0.03337	0.14199	0.01475	0.01036	0.01148	0.00835	0.00588	0.00574	0.00150	0.06428	0.00401	0.00313	0.00647
9	0.00737	0.00532	0.00696	0.00655	0.00778	0.00491	0.00491	0.00983	0.01474	0.02088	0.78175	0.03890	0.04914	0.01065	0.00614	0.00164	0.00246	0.00942	0.00573	0.00491
10	0.00983	0.00926	0.01562	0.80447	0.03587	0.01157	0.01446	0.01331	0.01041	0.01331	0.00926	0.01388	0.00694	0.00521	0.00521	0.00174	0.00694	0.00463	0.00231	0.00579
11	0.00615	0.00528	0.00528	0.00528	0.00703	0.00440	0.00396	0.00747	0.01187	0.01407	0.05276	0.05012	0.78238	0.01319	0.00615	0.00176	0.00264	0.01099	0.00484	0.00440
12	0.00633	0.00459	0.00599	0.00711	0.00752	0.00424	0.00477	0.00727	0.01011	0.01335	0.03045	0.75817	0.08873	0.01609	0.00661	0.00209	0.00299	0.01453	0.00483	0.00424
13	0.00634	0.00453	0.00604	0.00725	0.00755	0.00423	0.00483	0.00725	0.00997	0.01329	0.02870	0.81358	0.03444	0.01632	0.00665	0.00211	0.00302	0.01480	0.00483	0.00423
14	0.00688	0.00514	0.00640	0.00643	0.00757	0.00465	0.00469	0.00875	0.01307	0.01774	0.45875	0.21212	0.20377	0.01244	0.00626	0.00177	0.00262	0.01094	0.00534	0.00465
15	0.85377	0.01007	0.00765	0.00685	0.01007	0.01168	0.00564	0.01531	0.00886	0.02336	0.00725	0.00846	0.00564	0.00483	0.00322	0.00161	0.00403	0.00282	0.00322	0.00564
16	0.01289	0.58364	0.25468	0.01068	0.01610	0.01807	0.01199	0.01586	0.01070	0.01352	0.00787	0.00914	0.00666	0.00460	0.00382	0.00127	0.00620	0.00310	0.00222	0.00699
17	0.01251	0.01038	0.01658	0.34923	0.04395	0.01067	0.12593	0.06515	0.01220	0.09267	0.01080	0.01345	0.00802	0.00495	0.00504	0.00149	0.00615	0.00456	0.00315	0.20314
18	0.79710	0.02504	0.00841	0.00714	0.01043	0.01207	0.00591	0.05262	0.00967	0.02363	0.00751	0.00866	0.00582	0.00490	0.00332	0.00160	0.00414	0.00291	0.00330	0.00582
19	0.00793	0.00574	0.00735	0.00679	0.00816	0.00542	0.00514	0.04376	0.01518	0.02142	0.74728	0.03772	0.04733	0.01045	0.00610	0.00163	0.00260	0.00921	0.00571	0.00509
20	0.85377	0.01007	0.00765	0.00685	0.01007	0.01168	0.00564	0.01531	0.00886	0.02336	0.00725	0.00846	0.00564	0.00483	0.00322	0.00161	0.00403	0.00282	0.00322	0.00564
21	0.01289	0.01237	0.02114	0.03196	0.78450	0.01237	0.01598	0.01598	0.01186	0.01701	0.00980	0.01289	0.00825	0.00464	0.00516	0.00155	0.00619	0.00464	0.00258	0.00825
22	0.01295	0.01119	0.01178	0.01060	0.01354	0.01295	0.00824	0.02767	0.77509	0.02178	0.02120	0.01943	0.01590	0.00707	0.00530	0.00177	0.00412	0.00589	0.00530	0.00824
23	0.01980	0.01459	0.01563	0.01198	0.01615	0.01615	0.00990	0.76713	0.02448	0.03282	0.01250	0.01250	0.00886	0.00625	0.00521	0.00156	0.00573	0.00469	0.00521	0.00886
24	0.00634	0.00457	0.00600	0.00715	0.00753	0.00424	0.00479	0.00726	0.01006	0.01333	0.02990	0.77570	0.07155	0.01616	0.00662	0.00210	0.00300	0.01462	0.00483	0.00424
25	0.00615	0.00528	0.00528	0.00528	0.00703	0.00440	0.00396	0.00747	0.01187	0.01407	0.05276	0.05012	0.78238	0.01319	0.00615	0.00176	0.00264	0.01099	0.00484	0.00440
26	0.00634	0.00453	0.00604	0.00725	0.00755	0.00423	0.00483	0.00725	0.00997	0.01329	0.02870	0.81358	0.03444	0.01632	0.00665	0.00211	0.00302	0.01480	0.00483	0.00423
27	0.01980	0.01459	0.01563	0.01198	0.01615	0.01615	0.00990	0.76713	0.02448	0.03282	0.01250	0.01250	0.00886	0.00625	0.00521	0.00156	0.00573	0.00469	0.00521	0.00886
28	0.00634	0.00453	0.00604	0.00725	0.00755	0.00423	0.00483	0.00725	0.00997	0.01329	0.02870	0.81358	0.03444	0.01632	0.00665	0.00211	0.00302	0.01480	0.00483	0.00423
29	0.00737	0.00532	0.00696	0.00655	0.00778	0.00491	0.00491	0.00983	0.01474	0.02088	0.78175	0.03890	0.04914	0.01065	0.00614	0.00164	0.00246	0.00942	0.00573	0.00491
30	0.01870	0.01393	0.01489	0.01164	0.01558	0.01548	0.00954	0.65625	0.11850	0.03111	0.01370	0.01354	0.00985	0.00635	0.00518	0.00158	0.00545	0.00484	0.02520	0.00868
31	0.01065	0.07475	0.74403	0.01449	0.02199	0.01261	0.01862	0.01644	0.01097	0.01624	0.00922	0.01084	0.00660	0.00492	0.00485	0.00162	0.00757	0.00378	0.00220	0.00764
32	0.01060	0.06248	0.75582	0.01458	0.02213	0.01248	0.01878	0.01645	0.01098	0.01630	0.00925	0.01088	0.00660	0.00493	0.00488	0.00163	0.00760	0.00380	0.00220	0.00765
33	0.00752	0.00525	0.00672	0.00672	0.00708	0.00561	0.00445	0.00824	0.00788	0.01087	0.01546	0.02880	0.01664	0.51573	0.32463	0.00633	0.00850	0.00680	0.00301	0.00373
34	0.01526	0.00921	0.01118	0.00868	0.01264	0.00802	0.00695	0.01938	0.13330	0.28287	0.01590	0.05052	0.01199	0.00581	0.00469	0.00128	0.00406	0.00479	0.00467	0.38878
35	0.01045	0.02694	0.79000	0.01484	0.02254	0.01209	0.01924	0.01649	0.01099	0.01649	0.00935	0.01099	0.00660	0.00495	0.00495	0.00165	0.00770	0.00385	0.00220	0.00770
36	0.01396	0.43226	0.16196	0.01139	0.01556	0.15728	0.01130	0.01630	0.01108	0.01314	0.00772	0.00940	0.00669	0.00529	0.00560	0.00140	0.10742	0.00330	0.00231	0.00663
37	0.00737	0.00532	0.00696	0.00655	0.00778	0.00491	0.00491	0.00983	0.01474	0.02088	0.78175	0.03890	0.04914	0.01065	0.00614	0.00164	0.00246	0.00942	0.00573	0.00491
38	0.01080	0.00926	0.01080	0.00771	0.01234	0.00694	0.00617	0.01311	0.01080	0.01697	0.00926	0.01080	0.00771	0.00386	0.00386	0.00077	0.00386	0.00309	0.00309	0.84882
39	0.01464	0.01058	0.01186	0.00953	0.02731	0.03205	0.00747	0.19289	0.06334	0.11388	0.01334	0.03614	0.01037	0.00564	0.00476	0.00126	0.01801	0.00446	0.08182	0.34066
40	0.01264	0.01212	0.02068	0.09543	0.72299	0.01231	0.01586	0.01576	0.01174	0.01671	0.00975	0.01297	0.00814	0.00469	0.00516	0.00156	0.00625	0.00464	0.00256	0.00805
41	0.02336	0.00886	0.01209	0.00927	0.01329	0.00765	0.00765	0.02538	0.01491	0.78810	0.02055	0.01773	0.01289	0.00645	0.00524	0.00161	0.00443	0.00524	0.00645	0.00886
42	0.01045	0.02694	0.79000	0.01484	0.02254	0.01209	0.01924	0.01649	0.01099	0.01649	0.00935	0.01099	0.00660	0.00495	0.00495	0.00165	0.00770	0.00385	0.00220	0.00770
43	0.01045	0.02694	0.79000	0.01484	0.02254	0.01209	0.01924	0.01649	0.01099	0.01649	0.00935	0.01099	0.00660	0.00495	0.00495	0.00165	0.00770	0.00385	0.00220	0.00770
44	0.00615	0.00528	0.00528	0.00528	0.00703	0.00440	0.00396	0.00747	0.01187	0.01407	0.05276	0.05012	0.78238	0.01319	0.00615	0.00176	0.00264	0.01099	0.00484	0.00440
45	0.01295	0.01119	0.01178	0.01060	0.01354	0.01295	0.00824	0.02767	0.77509	0.02178	0.02120	0.01943	0.01590	0.00707	0.00530	0.00177	0.00412	0.00589	0.00530	0.00824
46	0.00615	0.00528	0.00528	0.00528	0.00703	0.00440	0.00396	0.00747	0.01187	0.01407	0.05276	0.05012	0.78238	0.01319	0.00615	0.00176	0.00264	0.01099	0.00484	0.00440
47	0.01080	0.00926	0.01080	0.00771	0.01234	0.00694	0.00617	0.01311	0.01080	0.01697	0.00926	0.01080	0.00771	0.00386	0.00386	0.00077	0.00386	0.00309	0.00309	0.84882
48	0.02244	0.00889	0.01199	0.00915	0.01322	0.00760	0.00755	0.02448	0.01460	0.73155	0.01972	0.01722	0.01251	0.00626	0.00514	0.00155	0.00439	0.00508	0.00620	0.07046
49	0.01451	0.67097	0.06340	0.00983	0.01420	0.12723	0.00958	0.01636	0.01118	0.01253	0.00746	0.00863	0.00668	0.00461	0.00361	0.00117	0.00620	0.00292	0.00229	0.00664
50	0.00737	0.00532	0.00696	0.00655	0.00778	0.00491	0.00491	0.00983	0.01474	0.02088	0.78175	0.03890	0.04914	0.01065	0.00614	0.00164	0.00246	0.00942	0.00573	0.00491
51	0.01295	0.01119	0.01178	0.01060	0.01354	0.01295	0.00824	0.02767	0.77509	0.02178	0.02120	0.01943	0.01590	0.00707	0.00530	0.00177	0.00412	0.00589	0.00530	0.00824
52	0.01080	0.00926	0.01080	0.00771	0.01234	0.00694	0.00617	0.01311	0.01080	0.01697	0.00926	0.01080	0.00771	0.00386	0.00386	0.00077	0.00386	0.00309	0.00309	0.84882
53	0.01045	0.02694	0.79000	0.01484	0.02254	0.01209	0.01924	0.01649	0.01099	0.01649	0.00935	0.01099	0.00660	0.00495	0.00495	0.00165	0.00770	0.00385	0.00220	0.00770
54	0.01247	0.01415	0.02953	0.02205	0.06421	0.03158	0.69276	0.01664	0.01223	0.01651	0.01035	0.01382	0.00787	0.00454	0.00632	0.00175	0.02761	0.00597	0.00262	0.00703
55	0.00737	0.00532	0.00696	0.00655	0.00778	0.00491	0.00491	0.00983	0.01474	0.02088	0.78175	0.03890	0.04914	0.01065	0.00614	0.00164	0.00246	0.00942	0.00573	0.00491
56	0.01147	0.00931	0.01111	0.00836	0.03052	0.00710	0.00647	0.01379	0.01103	0.05523	0.00983	0.01119	0.00798	0.00400	0.00396	0.00083	0.00394	0.00323	0.00324	0.78740
57	0.01295	0.01119	0.01178	0.01060	0.01354	0.01295	0.00824	0.02767	0.77509	0.02178	0.02120	0.01943	0.01590	0.00707	0.00530	0.00177	0.00412	0.00589	0.00530	0.00824
58	0.01638	0.01911	0.01465	0.06068	0.01619	0.48196	0.01034	0.04846	0.01300	0.01388	0.00844	0.01079	0.00717	0.00637	0.00780	0.00160	0.20882	0.00386	0.04450	0.00599
59	0.00615	0.00528	0.00528	0.00528	0.00703	0.00440	0.00396	0.00747	0.01187	0.01407	0.05276	0.05012	0.78238	0.01319	0.00615	0.00176	0.00264	0.01099	0.00484	0.00440
60	0.00728	0.00532	0.00684	0.00646	0.00773	0.00488	0.00484	0.00966	0.01453	0.02039	0.72854	0.03972	0.10266	0.01083	0.00614	0.00165	0.00247	0.00953	0.00567	0.00488
61	0.01392	0.82012	0.02729	0.00891	0.01337	0.02061	0.00891	0.01559	0.01058	0.01225	0.00724	0.00835	0.00668	0.00446	0.00334	0.00111	0.00557	0.00278	0.00223	0.00668
62	0.00741	0.00548	0.00781	0.00777	0.00863	0.00611	0.00586	0.00908	0.00899	0.01275	0.09021	0.02481	0.03897	0.13383	0.59979	0.00711	0.01139	0.00636	0.00318	0.00448
63	0.01851	0.01382	0.01424	0.01115	0.01488	0.04968	0.00912	0.63881	0.02234	0.03024	0.01287	0.01323	0.00932	0.00619	0.00499	0.00151	0.00548	0.00465	0.11075	0.00823
64	0.01961	0.01003	0.01220	0.00975	0.01320	0.02376	0.00790	0.20882	0.01659	0.45198	0.03858	0.09764	0.03343	0.00770	0.00565	0.00166	0.02140	0.00626	0.00576	0.00807
65	0.01610	0.00908	0.01070	0.00891	0.01189	0.02801	0.00714	0.12944	0.08474	0.31950	0.16412	0.04445	0.10515	0.00843	0.00558	0.00167	0.00413	0.02801	0.00567	0.00728
66	0.01069	0.08331	0.73579	0.01442	0.02189	0.01270	0.01851	0.01643	0.01097	0.01619	0.00920	0.01081	0.00660	0.00491	0.00483	0.00161	0.00755	0.00377	0.00220	0.00762
67	0.01229	0.01405	0.03073	0.02195	0.02722	0.01317	0.76558	0.01668	0.01229	0.01668	0.01054	0.01405	0.00790	0.00439	0.00615	0.00176	0.00878	0.00615	0.00263	0.00702
68	0.01546	0.01312	0.01314	0.01121	0.01450	0.06569	0.00887	0.25208	0.49657	0.02454	0.01768	0.01666	0.01315	0.00671	0.00523	0.00168	0.00496	0.00536	0.00510	0.00828
69	0.01155	0.44381	0.24794	0.01012	0.01498	0.01525	0.01113	0.01442	0.01083	0.01378	0.01456	0.05699	0.10292	0.00630	0.00433	0.00140	0.00570	0.00474	0.00268	0.00657
70	0.01255	0.36910	0.38885	0.01217	0.01814	0.01583	0.03243	0.03480	0.02782	0.03148	0.00903	0.01029	0.00706	0.00483	0.00430	0.00142	0.00661	0.00354	0.00245	0.00731
71	0.01386	0.04894	0.11311	0.01620	0.02095	0.04886	0.38028	0.01846	0.07231	0.13518	0.05167	0.01621	0.02757	0.00553	0.00561	0.00167	0.00707	0.00571	0.00356	0.00726
72	0.00645	0.00461	0.00614	0.00718	0.00758	0.00430	0.00484	0.00751	0.01045	0.01406	0.10458	0.73552	0.03592	0.01574	0.00660	0.00207	0.00296	0.01426	0.00492	0.00430
73	0.09552	0.01367	0.01257	0.01079	0.02815	0.18863	0.00842	0.15859	0.09896	0.24604	0.01479	0.01492	0.01064	0.00616	0.00487	0.00155	0.00564	0.01710	0.05544	0.00754
74	0.01188	0.20920	0.50204	0.01272	0.01894	0.01358	0.01524	0.04006	0.01161	0.04586	0.02684	0.01365	0.00900	0.00552	0.00473	0.00156	0.00676	0.04079	0.00267	0.00734
75	0.01081	0.02439	0.64011	0.01625	0.02346	0.01231	0.16658	0.01653	0.01125	0.01653	0.00958	0.01160	0.00685	0.00484	0.00518	0.00167	0.00791	0.00430	0.00228	0.00756
76	0.00618	0.00528	0.00531	0.00530	0.00705	0.00441	0.00398	0.00753	0.01193	0.01422	0.06905	0.04987	0.76600	0.01313	0.00615	0.00176	0.00263	0.01096	0.00486	0.00441
77	0.01233	0.01514	0.11847	0.06091	0.13597	0.09391	0.31824	0.03963	0.01255	0.01655	0.04203	0.06507	0.01155	0.00598	0.00568	0.00170	0.00741	0.02706	0.00296	0.00686
78	0.01223	0.01173	0.01984	0.17919	0.60508	0.01239	0.01548	0.01531	0.01140	0.01609	0.00955	0.01301	0.00793	0.00496	0.00572	0.00162	0.04366	0.00463	0.00251	0.00766
79	0.02321	0.00910	0.01223	0.00938	0.01341	0.00801	0.00775	0.05668	0.01531	0.75623	0.02021	0.01750	0.01272	0.00644	0.00524	0.00161	0.00449	0.00521	0.00639	0.00886
80	0.01366	0.01324	0.01578	0.01335	0.01435	0.09018	0.01100	0.14832	0.01157	0.01618	0.00797	0.01140	0.00719	0.00825	0.01379	0.00206	0.58812	0.00447	0.00284	0.00629
81	0.00737	0.00532	0.00696	0.00655	0.00778	0.00491	0.00491	0.00983	0.01474	0.02088	0.78175	0.03890	0.04914	0.01065	0.00614	0.00164	0.00246	0.00942	0.00573	0.00491
82	0.00669	0.00530	0.00602	0.00584	0.00736	0.00462	0.00438	0.00851	0.01314	0.01708	0.37456	0.04517	0.45871	0.01207	0.00615	0.00171	0.00256	0.01030	0.00523	0.00462
83	0.00971	0.00485	0.00485	0.00485	0.00607	0.00485	0.00364	0.01213	0.01092	0.01942	0.01699	0.01942	0.01335	0.00607	0.00364	0.00121	0.00243	0.00485	0.84589	0.00485
84	0.00671	0.00530	0.00604	0.00586	0.00737	0.00463	0.00439	0.00855	0.01318	0.01718	0.38542	0.04500	0.44778	0.01203	0.00615	0.00170	0.00256	0.01027	0.00525	0.00463
85	0.00737	0.00532	0.00696	0.00655	0.00778	0.00491	0.00491	0.00983	0.01474	0.02088	0.78175	0.03890	0.04914	0.01065	0.00614	0.00164	0.00246	0.00942	0.00573	0.00491
86	0.00746	0.00551	0.00803	0.00803	0.00884	0.00633	0.00609	0.00908	0.00827	0.01184	0.01426	0.02217	0.01376	0.13682	0.69959	0.00795	0.01283	0.00583	0.00284	0.00446
87	0.05924	0.01264	0.01419	0.01092	0.01500	0.01337	0.00902	0.50759	0.02086	0.26145	0.01470	0.01390	0.00993	0.00625	0.00513	0.00158	0.00526	0.00477	0.00549	0.00871
88	0.00737	0.00532	0.00696	0.00655	0.00778	0.00491	0.00491	0.00983	0.01474	0.02088	0.78175	0.03890	0.04914	0.01065	0.00614	0.00164	0.00246	0.00942	0.00573	0.00491
89	0.01269	0.52721	0.18793	0.01046	0.01533	0.01698	0.03483	0.03670	0.01150	0.01468	0.07932	0.01203	0.01068	0.00518	0.00408	0.00131	0.00584	0.00378	0.00264	0.00681
90	0.01364	0.61719	0.02396	0.05279	0.07017	0.06151	0.00941	0.01555	0.01092	0.01318	0.00826	0.00981	0.00728	0.00467	0.00367	0.00120	0.00568	0.00319	0.06134	0.00659
91	0.01151	0.25017	0.43021	0.03624	0.02040	0.01440	0.10947	0.01588	0.01105	0.01514	0.01027	0.01195	0.03145	0.00501	0.00469	0.00152	0.00704	0.00408	0.00235	0.00716
92	0.01314	0.48942	0.23432	0.01126	0.01641	0.03567	0.03584	0.04950	0.01148	0.01464	0.02188	0.01008	0.00755	0.00491	0.00436	0.00134	0.02532	0.00344	0.00244	0.00700
93	0.01611	0.01242	0.01331	0.01108	0.01456	0.01397	0.00887	0.31871	0.44550	0.06047	0.01774	0.01663	0.01299	0.00672	0.00526	0.00168	0.00477	0.00539	0.00532	0.00851
94	0.00640	0.00471	0.00591	0.00681	0.00737	0.00432	0.00460	0.00736	0.01029	0.01344	0.04948	0.62393	0.16460	0.05537	0.00753	0.00219	0.00304	0.01366	0.00477	0.00422
95	0.01399	0.62476	0.13587	0.01019	0.01497	0.07882	0.01051	0.03485	0.01131	0.01341	0.00774	0.00892	0.00673	0.00464	0.00372	0.00122	0.00617	0.00303	0.00233	0.00683
96	0.03496	0.01086	0.01648	0.57532	0.18789	0.05903	0.01426	0.01436	0.01093	0.01432	0.00924	0.01325	0.00716	0.00509	0.00511	0.00167	0.00685	0.00450	0.00242	0.00630
97	0.01109	0.00637	0.00740	0.00657	0.00893	0.00548	0.00513	0.01293	0.02627	0.22681	0.10569	0.03975	0.49555	0.01102	0.00589	0.00171	0.00314	0.00919	0.00536	0.00573
98	0.01850	0.01114	0.01335	0.01167	0.06048	0.01160	0.00885	0.21174	0.24188	0.31268	0.03044	0.01697	0.01307	0.00654	0.00526	0.00164	0.00474	0.00532	0.00555	0.00858
99	0.01783	0.01443	0.03747	0.01226	0.01631	0.02988	0.04370	0.55144	0.17240	0.02907	0.01397	0.01385	0.01011	0.00628	0.00525	0.00161	0.00567	0.00494	0.00498	0.00857
100	0.00874	0.00749	0.01089	0.03254	0.01135	0.00957	0.00820	0.01039	0.00829	0.01223	0.01164	0.01770	0.01103	0.04309	0.51669	0.00622	0.26108	0.00527	0.00262	0.00498
101	0.00905	0.00452	0.00678	0.00678	0.00678	0.00452	0.00452	0.00678	0.00678	0.00905	0.00905	0.01583	0.00905	0.01809	0.02035	0.84848	0.00452	0.00452	0.00226	0.00226
102	0.00664	0.00476	0.00636	0.00754	0.00801	0.00449	0.00533	0.00777	0.01031	0.01364	0.02913	0.68597	0.05221	0.01596	0.00671	0.00215	0.00327	0.12062	0.00483	0.00432
103	0.01080	0.00926	0.01080	0.00771	0.01234	0.00694	0.00617	0.01311	0.01080	0.01697	0.00926	0.01080	0.00771	0.00386	0.00386	0.00077	0.00386	0.00309	0.00309	0.84882
104	0.00681	0.00487	0.00632	0.00718	0.00748	0.00474	0.00482	0.00764	0.00964	0.01291	0.04032	0.59484	0.03090	0.17154	0.01075	0.00269	0.02129	0.04671	0.00447	0.00409
105	0.00647	0.00525	0.00573	0.00569	0.00725	0.00452	0.00424	0.00805	0.01249	0.01573	0.23350	0.08520	0.56228	0.01271	0.00618	0.00175	0.00261	0.01079	0.00506	0.00452
106	0.01004	0.00953	0.01629	0.74833	0.06853	0.01165	0.03582	0.01352	0.01053	0.01356	0.00932	0.01384	0.00703	0.00516	0.00523	0.00173	0.00696	0.00467	0.00233	0.00593
107	0.01292	0.12948	0.12770	0.15912	0.15924	0.08248	0.12278	0.03232	0.02569	0.04511	0.01049	0.03109	0.00856	0.02451	0.00553	0.00165	0.00689	0.00472	0.00277	0.00696

[dist]
# distance from previous block
# <min> <max>
3	27

[block]
# block no. 1 follows, 47 sequences, length 72
# corresponding to MSA columns:
# 1343-1375,1427-1463,1465,1466
name=unknown_B
#
# <colnr> <probs for GDERKNQSTAVLIFYWHMCP>
#	G	D	E	R	K	N	Q	S	T	A	V	L	I	F	Y	W	H	M	C	P
0	0.03327	0.41353	0.12166	0.01144	0.01603	0.10552	0.06954	0.07918	0.02796	0.03015	0.00925	0.01097	0.00768	0.00503	0.00423	0.00135	0.00640	0.01699	0.00279	0.02703
1	0.04820	0.01420	0.04673	0.01218	0.05499	0.23373	0.06032	0.03338	0.07733	0.07443	0.01546	0.05621	0.06002	0.03972	0.07535	0.00227	0.02200	0.00546	0.02571	0.04229
2	0.01069	0.00981	0.01603	0.61652	0.04811	0.01145	0.05865	0.05728	0.01142	0.01514	0.00973	0.01371	0.00736	0.00513	0.00512	0.00164	0.00663	0.00462	0.02392	0.06705
3	0.01090	0.00814	0.01207	0.06163	0.31975	0.00825	0.00925	0.01366	0.01141	0.01816	0.04215	0.01721	0.01227	0.00562	0.00443	0.00139	0.00419	0.00493	0.42831	0.00627
4	0.01080	0.00926	0.01080	0.00771	0.01234	0.00694	0.00617	0.01311	0.01080	0.01697	0.00926	0.01080	0.00771	0.00386	0.00386	0.00077	0.00386	0.00309	0.00309	0.84882
5	0.00716	0.00531	0.00667	0.00633	0.00765	0.00482	0.00475	0.00942	0.01425	0.01971	0.65584	0.04084	0.17578	0.01109	0.00614	0.00166	0.00249	0.00969	0.00558	0.00482
6	0.00720	0.00532	0.00672	0.00637	0.00767	0.00484	0.00478	0.00950	0.01434	0.01992	0.67892	0.04048	0.15257	0.01100	0.00614	0.00165	0.00248	0.00964	0.00561	0.00484
7	0.00634	0.00453	0.00604	0.00725	0.00755	0.00423	0.00483	0.00725	0.00997	0.01329	0.02870	0.81358	0.03444	0.01632	0.00665	0.00211	0.00302	0.01480	0.00483	0.00423
8	0.00737	0.00532	0.00696	0.00655	0.00778	0.00491	0.00491	0.00983	0.01474	0.02088	0.78175	0.03890	0.04914	0.01065	0.00614	0.00164	0.00246	0.00942	0.00573	0.00491
9	0.85377	0.01007	0.00765	0.00685	0.01007	0.01168	0.00564	0.01531	0.00886	0.02336	0.00725	0.00846	0.00564	0.00483	0.00322	0.00161	0.00403	0.00282	0.00322	0.00564
10	0.01945	0.02482	0.01476	0.01342	0.01610	0.79608	0.01006	0.02079	0.01476	0.01275	0.00805	0.00939	0.00671	0.00537	0.00470	0.00134	0.00939	0.00335	0.00268	0.00604
11	0.01289	0.01237	0.02114	0.03196	0.78450	0.01237	0.01598	0.01598	0.01186	0.01701	0.00980	0.01289	0.00825	0.00464	0.00516	0.00155	0.00619	0.00464	0.00258	0.00825
12	0.00666	0.00562	0.00581	0.00570	0.00748	0.00494	0.00429	0.00886	0.05591	0.01516	0.12060	0.04729	0.66837	0.01259	0.00610	0.00175	0.00271	0.01055	0.00495	0.00467
13	0.01392	0.82012	0.02729	0.00891	0.01337	0.02061	0.00891	0.01559	0.01058	0.01225	0.00724	0.00835	0.00668	0.00446	0.00334	0.00111	0.00557	0.00278	0.00223	0.00668
14	0.00636	0.00457	0.00604	0.00718	0.00754	0.00425	0.00481	0.00731	0.01013	0.01348	0.04581	0.77627	0.05472	0.01611	0.00662	0.00209	0.00300	0.01458	0.00485	0.00425
15	0.00684	0.00530	0.00623	0.00600	0.00746	0.00469	0.00450	0.00881	0.01350	0.01793	0.46571	0.04376	0.36702	0.01175	0.00615	0.00169	0.00254	0.01010	0.00534	0.00469
16	0.01305	0.62181	0.21798	0.01039	0.01566	0.01848	0.01149	0.01582	0.01068	0.01331	0.00777	0.00901	0.00666	0.00458	0.00374	0.00125	0.00610	0.00305	0.00222	0.00694
17	0.00744	0.00555	0.00823	0.00820	0.00913	0.00638	0.00634	0.00929	0.00872	0.01255	0.05804	0.02183	0.01523	0.05535	0.73329	0.00791	0.01308	0.00585	0.00297	0.00463
18	0.01980	0.01459	0.01563	0.01198	0.01615	0.01615	0.00990	0.76713	0.02448	0.03282	0.01250	0.01250	0.00886	0.00625	0.00521	0.00156	0.00573	0.00469	0.00521	0.00886
19	0.01232	0.01077	0.01113	0.01007	0.01278	0.03523	0.00780	0.02487	0.64500	0.02116	0.10370	0.02225	0.04484	0.00760	0.00540	0.00174	0.00405	0.00636	0.00525	0.00769
20	0.00702	0.00643	0.00596	0.00594	0.00773	0.04987	0.00451	0.00839	0.01204	0.01406	0.04903	0.04818	0.70311	0.01280	0.00612	0.00176	0.00312	0.04470	0.00471	0.00451
21	0.01284	0.48431	0.31698	0.01136	0.01697	0.05050	0.01289	0.01616	0.01092	0.01389	0.00808	0.00940	0.00665	0.00468	0.00401	0.00133	0.00654	0.00321	0.00224	0.00704
22	0.19923	0.02858	0.02967	0.01025	0.01364	0.13562	0.00848	0.12651	0.01386	0.23923	0.01204	0.01231	0.00862	0.00594	0.00576	0.00157	0.08491	0.00407	0.00420	0.05551
23	0.00715	0.00534	0.00671	0.00653	0.00784	0.00490	0.00496	0.00931	0.01368	0.01871	0.54521	0.06143	0.19873	0.01238	0.02985	0.00192	0.00299	0.05220	0.00538	0.00477
24	0.00752	0.00525	0.00732	0.00756	0.00803	0.00566	0.00539	0.00826	0.00859	0.01191	0.03669	0.22800	0.01965	0.14709	0.32126	0.12439	0.03187	0.00820	0.00336	0.00401
25	0.02851	0.12645	0.08617	0.05569	0.01579	0.02952	0.03107	0.10040	0.10474	0.10504	0.01218	0.01285	0.00918	0.00517	0.00451	0.00132	0.00517	0.00408	0.02129	0.24087
26	0.00619	0.00528	0.00532	0.00531	0.00706	0.00441	0.00398	0.00754	0.01195	0.01427	0.07386	0.04979	0.76116	0.01312	0.00615	0.00176	0.00263	0.01095	0.00486	0.00441
27	0.01050	0.00640	0.00891	0.00954	0.01114	0.00623	0.00829	0.01285	0.01240	0.12456	0.02658	0.05296	0.02756	0.01327	0.00692	0.00229	0.00474	0.64447	0.00503	0.00537
28	0.01179	0.07426	0.46992	0.01990	0.27008	0.01264	0.01721	0.01648	0.01134	0.03519	0.00963	0.01160	0.00729	0.00485	0.00492	0.00158	0.00698	0.00407	0.00243	0.00784
29	0.01131	0.20762	0.58751	0.01375	0.02062	0.01408	0.04468	0.01629	0.01095	0.01553	0.00891	0.01051	0.00667	0.00481	0.00463	0.00153	0.00725	0.00369	0.00222	0.00744
30	0.00754	0.00520	0.00644	0.00644	0.00671	0.00546	0.00411	0.00806	0.00780	0.01066	0.01571	0.03022	0.01726	0.59656	0.24464	0.00599	0.00757	0.00701	0.00305	0.00358
31	0.01448	0.01156	0.01259	0.00977	0.01382	0.02734	0.00786	0.25886	0.15264	0.04023	0.01277	0.01321	0.00975	0.00596	0.01969	0.00138	0.00483	0.00421	0.00423	0.37480
32	0.01045	0.02694	0.79000	0.01484	0.02254	0.01209	0.01924	0.01649	0.01099	0.01649	0.00935	0.01099	0.00660	0.00495	0.00495	0.00165	0.00770	0.00385	0.00220	0.00770
33	0.00671	0.00530	0.00605	0.00586	0.00738	0.00463	0.00440	0.00856	0.01319	0.01720	0.38817	0.04496	0.44501	0.01202	0.00615	0.00170	0.00255	0.01027	0.00525	0.00463
34	0.01094	0.13882	0.68241	0.01401	0.02125	0.01329	0.01778	0.01637	0.01094	0.01589	0.00905	0.01062	0.00661	0.00488	0.00472	0.00157	0.00740	0.00370	0.00220	0.00755
35	0.01691	0.01310	0.01480	0.12347	0.01837	0.01481	0.01018	0.50107	0.18463	0.02768	0.01392	0.01419	0.01011	0.00628	0.00523	0.00163	0.00555	0.00494	0.00482	0.00829
36	0.00971	0.00485	0.00485	0.00485	0.00607	0.00485	0.00364	0.01213	0.01092	0.01942	0.01699	0.01942	0.01335	0.00607	0.00364	0.00121	0.00243	0.00485	0.84589	0.00485
37	0.00657	0.00529	0.00585	0.00571	0.00729	0.00457	0.00428	0.00828	0.01285	0.01639	0.30161	0.04629	0.53208	0.01232	0.00615	0.00172	0.00258	0.01045	0.00514	0.00457
38	0.01119	0.02590	0.74539	0.01452	0.02201	0.01184	0.01858	0.01700	0.01122	0.06074	0.00999	0.01138	0.00696	0.00503	0.00496	0.00165	0.00751	0.00393	0.00244	0.00776
39	0.00971	0.00485	0.00485	0.00485	0.00607	0.00485	0.00364	0.01213	0.01092	0.01942	0.01699	0.01942	0.01335	0.00607	0.00364	0.00121	0.00243	0.00485	0.84589	0.00485
40	0.01980	0.01459	0.01563	0.01198	0.01615	0.01615	0.00990	0.76713	0.02448	0.03282	0.01250	0.01250	0.00886	0.00625	0.00521	0.00156	0.00573	0.00469	0.00521	0.00886
41	0.02336	0.00886	0.01209	0.00927	0.01329	0.00765	0.00765	0.02538	0.01491	0.78810	0.02055	0.01773	0.01289	0.00645	0.00524	0.00161	0.00443	0.00524	0.00645	0.00886
42	0.01278	0.01226	0.02093	0.06074	0.75661	0.01234	0.01593	0.01588	0.01180	0.01688	0.00978	0.01293	0.00820	0.00466	0.00516	0.00155	0.00621	0.00464	0.00257	0.00816
43	0.01349	0.01145	0.01208	0.01071	0.01375	0.01320	0.00837	0.08535	0.71654	0.02265	0.02052	0.01889	0.01535	0.00700	0.00529	0.00175	0.00425	0.00579	0.00529	0.00829
44	0.00634	0.00453	0.00604	0.00725	0.00755	0.00423	0.00483	0.00725	0.00997	0.01329	0.02870	0.81358	0.03444	0.01632	0.00665	0.00211	0.00302	0.01480	0.00483	0.00423
45	0.01246	0.01301	0.02101	0.01969	0.18449	0.05830	0.25756	0.01656	0.09329	0.01591	0.01183	0.01463	0.03440	0.00631	0.00860	0.00182	0.21491	0.00538	0.00289	0.00693
46	0.01945	0.02482	0.01476	0.01342	0.01610	0.79608	0.01006	0.02079	0.01476	0.01275	0.00805	0.00939	0.00671	0.00537	0.00470	0.00134	0.00939	0.00335	0.00268	0.00604
47	0.00657	0.00529	0.00584	0.00571	0.00729	0.00457	0.00428	0.00827	0.01284	0.01637	0.29873	0.04633	0.53497	0.01233	0.00615	0.00172	0.00258	0.01046	0.00514	0.00457
48	0.01980	0.01459	0.01563	0.01198	0.01615	0.01615	0.00990	0.76713	0.02448	0.03282	0.01250	0.01250	0.00886	0.00625	0.00521	0.00156	0.00573	0.00469	0.00521	0.00886
49	0.01045	0.02694	0.79000	0.01484	0.02254	0.01209	0.01924	0.01649	0.01099	0.01649	0.00935	0.01099	0.00660	0.00495	0.00495	0.00165	0.00770	0.00385	0.00220	0.00770
50	0.00929	0.00701	0.00906	0.00979	0.01133	0.00736	0.00836	0.01410	0.16183	0.01680	0.02632	0.05102	0.02721	0.01295	0.00682	0.00227	0.00466	0.60344	0.00489	0.00547
51	0.00757	0.00505	0.00568	0.00568	0.00568	0.00505	0.00316	0.00757	0.00757	0.01010	0.01641	0.03408	0.01893	0.81698	0.02651	0.00505	0.00505	0.00757	0.00316	0.00316
52	0.00744	0.00555	0.00822	0.00819	0.00912	0.00638	0.00633	0.00928	0.00871	0.01254	0.05804	0.02188	0.01525	0.05818	0.73050	0.00789	0.01305	0.00585	0.00297	0.00462
53	0.00913	0.00829	0.00927	0.00908	0.01026	0.11788	0.00701	0.01092	0.00927	0.01218	0.01312	0.01890	0.01213	0.03430	0.68468	0.00738	0.01331	0.00527	0.00277	0.00485
54	0.02336	0.00886	0.01209	0.00927	0.01329	0.00765	0.00765	0.02538	0.01491	0.78810	0.02055	0.01773	0.01289	0.00645	0.00524	0.00161	0.00443	0.00524	0.00645	0.00886
55	0.01229	0.01405	0.03073	0.02195	0.02722	0.01317	0.76558	0.01668	0.01229	0.01668	0.01054	0.01405	0.00790	0.00439	0.00615	0.00176	0.00878	0.00615	0.00263	0.00702
56	0.01277	0.01225	0.02092	0.06234	0.75506	0.01234	0.01592	0.01588	0.01180	0.01687	0.00977	0.01293	0.00820	0.00466	0.00516	0.00155	0.00622	0.00464	0.00257	0.00815
57	0.02336	0.00886	0.01209	0.00927	0.01329	0.00765	0.00765	0.02538	0.01491	0.78810	0.02055	0.01773	0.01289	0.00645	0.00524	0.00161	0.00443	0.00524	0.00645	0.00886
58	0.00737	0.00532	0.00696	0.00655	0.00778	0.00491	0.00491	0.00983	0.01474	0.02088	0.78175	0.03890	0.04914	0.01065	0.00614	0.00164	0.00246	0.00942	0.00573	0.00491
59	0.00634	0.00453	0.00604	0.00725	0.00755	0.00423	0.00483	0.00725	0.00997	0.01329	0.02870	0.81358	0.03444	0.01632	0.00665	0.00211	0.00302	0.01480	0.00483	0.00423
60	0.01139	0.01139	0.01595	0.01367	0.01367	0.01595	0.01139	0.01253	0.00798	0.01253	0.00684	0.01139	0.00684	0.00911	0.01709	0.00228	0.80745	0.00456	0.00228	0.00570
61	0.01080	0.00926	0.01080	0.00771	0.01234	0.00694	0.00617	0.01311	0.01080	0.01697	0.00926	0.01080	0.00771	0.00386	0.00386	0.00077	0.00386	0.00309	0.00309	0.84882
62	0.01199	0.01035	0.01086	0.00985	0.01262	0.01175	0.00764	0.02482	0.66743	0.02070	0.02565	0.02376	0.12402	0.00793	0.00542	0.00177	0.00391	0.00661	0.00523	0.00770
63	0.10400	0.01205	0.01266	0.01048	0.01379	0.03909	0.00844	0.24728	0.26435	0.11957	0.01536	0.01496	0.01123	0.00644	0.00558	0.00164	0.04822	0.00486	0.02774	0.03227
64	0.01080	0.00926	0.01080	0.00771	0.01234	0.00694	0.00617	0.01311	0.01080	0.01697	0.00926	0.01080	0.00771	0.00386	0.00386	0.00077	0.00386	0.00309	0.00309	0.84882
65	0.00628	0.00478	0.00578	0.00658	0.00738	0.00429	0.00454	0.00733	0.01062	0.01356	0.03687	0.55419	0.28856	0.01525	0.00648	0.00199	0.00289	0.01351	0.00483	0.00429
66	0.00744	0.00558	0.00837	0.00837	0.00930	0.00651	0.00651	0.00930	0.00837	0.01209	0.01395	0.02046	0.01302	0.03906	0.79635	0.00837	0.01395	0.00558	0.00279	0.00465
67	0.01583	0.01557	0.01247	0.01083	0.01368	0.29320	0.00848	0.25140	0.06068	0.02030	0.03957	0.02119	0.14181	0.00764	0.00526	0.00156	0.00621	0.03991	0.02775	0.00665
68	0.00769	0.02992	0.00805	0.00772	0.00895	0.00607	0.00617	0.00963	0.01120	0.01507	0.18875	0.03898	0.13390	0.06644	0.24144	0.00402	0.00673	0.20034	0.00424	0.00468
69	0.01212	0.34503	0.46061	0.01238	0.01867	0.01563	0.01481	0.03858	0.01123	0.01528	0.00859	0.00998	0.00670	0.00479	0.00431	0.00143	0.00678	0.00345	0.00230	0.00732
70	0.01247	0.03641	0.30896	0.01542	0.10475	0.05945	0.05689	0.04768	0.23578	0.01827	0.01360	0.01442	0.02264	0.00580	0.00540	0.00166	0.02455	0.00478	0.00336	0.00770
71	0.01398	0.01391	0.04576	0.01947	0.02448	0.01302	0.58826	0.09490	0.01367	0.08639	0.01152	0.01409	0.00839	0.00487	0.00614	0.00173	0.02302	0.00583	0.00322	0.00737

[dist]
# distance from previous block
# <min> <max>
0	17

[block]
# block no. 2 follows, 47 sequences, length 149
# corresponding to MSA columns:
# 1504-1552,1554-1570,1578-1623,1653-1685,1688-1691
name=unknown_C
#
# <colnr> <probs for GDERKNQSTAVLIFYWHMCP>
#	G	D	E	R	K	N	Q	S	T	A	V	L	I	F	Y	W	H	M	C	P
0	0.01274	0.01255	0.03373	0.05530	0.73155	0.01236	0.03322	0.01592	0.01181	0.01688	0.00979	0.01292	0.00817	0.00466	0.00518	0.00156	0.00629	0.00466	0.00256	0.00814
1	0.00633	0.00525	0.00555	0.00555	0.00716	0.00446	0.00413	0.00779	0.01217	0.01497	0.15168	0.08655	0.64447	0.01300	0.00618	0.00176	0.00263	0.01096	0.00496	0.00446
2	0.00971	0.00485	0.00485	0.00485	0.00607	0.00485	0.00364	0.01213	0.01092	0.01942	0.01699	0.01942	0.01335	0.00607	0.00364	0.00121	0.00243	0.00485	0.84589	0.00485
3	0.01392	0.82012	0.02729	0.00891	0.01337	0.02061	0.00891	0.01559	0.01058	0.01225	0.00724	0.00835	0.00668	0.00446	0.00334	0.00111	0.00557	0.00278	0.00223	0.00668
4	0.00785	0.00537	0.00644	0.00660	0.00795	0.00477	0.00486	0.00928	0.01182	0.07423	0.13625	0.27698	0.34213	0.03105	0.00674	0.00195	0.00304	0.05292	0.00504	0.00475
5	0.01392	0.82012	0.02729	0.00891	0.01337	0.02061	0.00891	0.01559	0.01058	0.01225	0.00724	0.00835	0.00668	0.00446	0.00334	0.00111	0.00557	0.00278	0.00223	0.00668
6	0.36485	0.01518	0.01006	0.00918	0.01183	0.33075	0.00709	0.01699	0.01163	0.01834	0.00929	0.01076	0.00743	0.00527	0.00390	0.00143	0.00594	0.00340	0.15102	0.00566
7	0.01392	0.82012	0.02729	0.00891	0.01337	0.02061	0.00891	0.01559	0.01058	0.01225	0.00724	0.00835	0.00668	0.00446	0.00334	0.00111	0.00557	0.00278	0.00223	0.00668
8	0.73017	0.01226	0.00871	0.00782	0.01096	0.12788	0.00629	0.01612	0.00974	0.02179	0.00737	0.00860	0.00580	0.00491	0.00344	0.00157	0.00482	0.00290	0.00314	0.00570
9	0.00646	0.00467	0.00629	0.02555	0.00821	0.00442	0.00506	0.00748	0.01014	0.01355	0.05378	0.76895	0.03431	0.01587	0.00660	0.00209	0.00309	0.01439	0.00481	0.00429
10	0.00634	0.00455	0.00602	0.00719	0.00754	0.00424	0.00481	0.00726	0.01003	0.01332	0.02945	0.79001	0.05753	0.01622	0.00663	0.00210	0.00301	0.01469	0.00483	0.00424
11	0.01856	0.15422	0.01682	0.01265	0.01565	0.65429	0.00987	0.03470	0.01427	0.01306	0.00801	0.00928	0.00675	0.00524	0.00449	0.00131	0.00870	0.00329	0.00266	0.00620
12	0.01392	0.82012	0.02729	0.00891	0.01337	0.02061	0.00891	0.01559	0.01058	0.01225	0.00724	0.00835	0.00668	0.00446	0.00334	0.00111	0.00557	0.00278	0.00223	0.00668
13	0.00762	0.00579	0.00766	0.00790	0.00914	0.00599	0.00630	0.00996	0.03801	0.01438	0.08495	0.03855	0.17990	0.05022	0.30906	0.00456	0.00765	0.20355	0.00407	0.00473
14	0.01045	0.02694	0.79000	0.01484	0.02254	0.01209	0.01924	0.01649	0.01099	0.01649	0.00935	0.01099	0.00660	0.00495	0.00495	0.00165	0.00770	0.00385	0.00220	0.00770
15	0.00638	0.00464	0.00602	0.00703	0.00752	0.00428	0.00476	0.00741	0.01041	0.01378	0.07243	0.70084	0.10386	0.01572	0.00657	0.00206	0.00296	0.01416	0.00488	0.00428
16	0.01850	0.02282	0.01432	0.01300	0.01572	0.68106	0.00979	0.02180	0.12642	0.01407	0.00998	0.01087	0.00806	0.00562	0.00478	0.00140	0.00862	0.00373	0.00307	0.00636
17	0.01535	0.01200	0.01173	0.01033	0.01258	0.17780	0.00810	0.05489	0.06562	0.20979	0.06288	0.12420	0.06279	0.00879	0.00710	0.00175	0.11543	0.02777	0.00453	0.00655
18	0.00757	0.00505	0.00568	0.00568	0.00568	0.00505	0.00316	0.00757	0.00757	0.01010	0.01641	0.03408	0.01893	0.81698	0.02651	0.00505	0.00505	0.00757	0.00316	0.00316
19	0.01229	0.01405	0.03073	0.02195	0.02722	0.01317	0.76558	0.01668	0.01229	0.01668	0.01054	0.01405	0.00790	0.00439	0.00615	0.00176	0.00878	0.00615	0.00263	0.00702
20	0.01276	0.01243	0.02111	0.31362	0.09768	0.03526	0.26680	0.12681	0.02918	0.01783	0.01043	0.01363	0.00785	0.00508	0.00551	0.00169	0.00732	0.00514	0.00295	0.00694
21	0.01052	0.00862	0.01382	0.38307	0.13528	0.00999	0.01139	0.04130	0.00998	0.01331	0.00928	0.01414	0.00783	0.00920	0.01030	0.25385	0.04588	0.00460	0.00245	0.00521
22	0.00971	0.00485	0.00485	0.00485	0.00607	0.00485	0.00364	0.01213	0.01092	0.01942	0.01699	0.01942	0.01335	0.00607	0.00364	0.00121	0.00243	0.00485	0.84589	0.00485
23	0.00757	0.00505	0.00568	0.00568	0.00568	0.00505	0.00316	0.00757	0.00757	0.01010	0.01641	0.03408	0.01893	0.81698	0.02651	0.00505	0.00505	0.00757	0.00316	0.00316
24	0.06002	0.11400	0.04210	0.01263	0.01571	0.64288	0.01002	0.01979	0.01387	0.01334	0.00796	0.00928	0.00665	0.00522	0.00448	0.00134	0.00864	0.00328	0.00264	0.00615
25	0.04087	0.01058	0.01199	0.01008	0.01348	0.01129	0.00805	0.09236	0.42041	0.27702	0.02036	0.01847	0.02741	0.00683	0.00523	0.00169	0.00434	0.00557	0.00560	0.00836
26	0.01080	0.00926	0.01080	0.00771	0.01234	0.00694	0.00617	0.01311	0.01080	0.01697	0.00926	0.01080	0.00771	0.00386	0.00386	0.00077	0.00386	0.00309	0.00309	0.84882
27	0.00634	0.00453	0.00604	0.00725	0.00755	0.00423	0.00483	0.00725	0.00997	0.01329	0.02870	0.81358	0.03444	0.01632	0.00665	0.00211	0.00302	0.01480	0.00483	0.00423
28	0.01229	0.01405	0.03073	0.02195	0.02722	0.01317	0.76558	0.01668	0.01229	0.01668	0.01054	0.01405	0.00790	0.00439	0.00615	0.00176	0.00878	0.00615	0.00263	0.00702
29	0.01014	0.00856	0.01010	0.00765	0.01164	0.00654	0.00597	0.01225	0.01068	0.01643	0.01211	0.12870	0.01164	0.00569	0.00427	0.00097	0.00373	0.00481	0.00334	0.72478
30	0.01220	0.01367	0.02904	0.06031	0.02697	0.01308	0.69068	0.01706	0.05001	0.01677	0.01100	0.01431	0.00825	0.00456	0.00606	0.00176	0.00846	0.00606	0.00275	0.00702
31	0.00718	0.00532	0.00670	0.00635	0.00767	0.00483	0.00477	0.00946	0.01430	0.01983	0.66939	0.04063	0.16215	0.01104	0.00614	0.00166	0.00248	0.00966	0.00559	0.00483
32	0.00634	0.00453	0.00604	0.00725	0.00755	0.00423	0.00483	0.00725	0.00997	0.01329	0.02870	0.81358	0.03444	0.01632	0.00665	0.00211	0.00302	0.01480	0.00483	0.00423
33	0.01260	0.53462	0.28259	0.01084	0.01631	0.01738	0.01228	0.01576	0.01082	0.01388	0.02648	0.00997	0.00767	0.00477	0.00395	0.00131	0.00621	0.00330	0.00230	0.00698
34	0.01248	0.49012	0.34461	0.01138	0.01718	0.01706	0.01321	0.01597	0.01075	0.01402	0.00812	0.00945	0.00665	0.00466	0.00401	0.00134	0.00645	0.00323	0.00222	0.00710
35	0.00737	0.00532	0.00696	0.00655	0.00778	0.00491	0.00491	0.00983	0.01474	0.02088	0.78175	0.03890	0.04914	0.01065	0.00614	0.00164	0.00246	0.00942	0.00573	0.00491
36	0.01289	0.01237	0.02114	0.03196	0.78450	0.01237	0.01598	0.01598	0.01186	0.01701	0.00980	0.01289	0.00825	0.00464	0.00516	0.00155	0.00619	0.00464	0.00258	0.00825
37	0.04106	0.00976	0.01223	0.00950	0.01331	0.00924	0.00781	0.17589	0.01666	0.54776	0.07186	0.01849	0.02835	0.00678	0.00526	0.00161	0.00452	0.00546	0.00604	0.00843
38	0.00737	0.00532	0.00696	0.00655	0.00778	0.00491	0.00491	0.00983	0.01474	0.02088	0.78175	0.03890	0.04914	0.01065	0.00614	0.00164	0.00246	0.00942	0.00573	0.00491
39	0.00629	0.00474	0.00583	0.00670	0.00741	0.00428	0.00459	0.00731	0.01050	0.01351	0.03541	0.60081	0.24289	0.01544	0.00651	0.00202	0.00291	0.01374	0.00483	0.00428
40	0.03407	0.01121	0.01601	0.20815	0.02121	0.01204	0.10995	0.26766	0.01613	0.13451	0.01430	0.03963	0.01137	0.00675	0.00551	0.00173	0.00605	0.07219	0.00424	0.00729
41	0.01280	0.01262	0.02255	0.03049	0.67328	0.01249	0.12607	0.01608	0.01192	0.01696	0.00990	0.01306	0.00820	0.00460	0.00530	0.00158	0.00657	0.00486	0.00259	0.00807
42	0.01945	0.02482	0.01476	0.01342	0.01610	0.79608	0.01006	0.02079	0.01476	0.01275	0.00805	0.00939	0.00671	0.00537	0.00470	0.00134	0.00939	0.00335	0.00268	0.00604
43	0.00743	0.00607	0.00658	0.00644	0.00814	0.00568	0.00482	0.02582	0.10017	0.01630	0.15712	0.12887	0.48302	0.01230	0.00609	0.00178	0.00289	0.01046	0.00503	0.00499
44	0.01389	0.06612	0.15548	0.01226	0.01692	0.02811	0.14538	0.05446	0.03073	0.14382	0.01216	0.01335	0.00897	0.00519	0.00521	0.00143	0.03320	0.00445	0.06925	0.17963
45	0.10904	0.68401	0.04100	0.00882	0.01319	0.01898	0.00872	0.01591	0.01054	0.03990	0.00774	0.00874	0.00677	0.00458	0.00343	0.00120	0.00540	0.00289	0.00248	0.00666
46	0.85377	0.01007	0.00765	0.00685	0.01007	0.01168	0.00564	0.01531	0.00886	0.02336	0.00725	0.00846	0.00564	0.00483	0.00322	0.00161	0.00403	0.00282	0.00322	0.00564
47	0.00678	0.00552	0.00603	0.00587	0.00751	0.00489	0.00441	0.00897	0.04268	0.01640	0.26898	0.04557	0.53357	0.01219	0.00612	0.00172	0.00264	0.01032	0.00512	0.00470
48	0.01102	0.01091	0.14542	0.10056	0.01482	0.00884	0.02536	0.10191	0.03078	0.03656	0.06903	0.01815	0.01349	0.02556	0.09220	0.00232	0.00580	0.00516	0.27603	0.00609
49	0.01665	0.13639	0.03642	0.01331	0.01625	0.45547	0.06994	0.04754	0.01328	0.01394	0.00832	0.01020	0.00700	0.00570	0.00629	0.00148	0.11558	0.00374	0.01622	0.00629
50	0.28482	0.30484	0.06181	0.02223	0.01387	0.20861	0.00883	0.01680	0.01108	0.01621	0.00760	0.00888	0.00635	0.00484	0.00376	0.00137	0.00616	0.00303	0.00266	0.00623
51	0.03055	0.00675	0.00730	0.00642	0.00845	0.00680	0.00504	0.10704	0.01313	0.13360	0.01675	0.01809	0.01257	0.00612	0.00406	0.00132	0.00316	0.00485	0.60207	0.00595
52	0.00710	0.00531	0.00658	0.00627	0.00761	0.00480	0.00470	0.00930	0.01410	0.01936	0.61864	0.04141	0.21320	0.01122	0.00614	0.00166	0.00250	0.00977	0.00553	0.00480
53	0.01311	0.01151	0.01185	0.01067	0.01360	0.03167	0.00829	0.02751	0.75692	0.02157	0.02088	0.01919	0.01568	0.00702	0.00528	0.00176	0.00425	0.00583	0.00524	0.00819
54	0.00722	0.00521	0.00702	0.00811	0.00890	0.00500	0.00629	0.00882	0.01105	0.01451	0.04967	0.43219	0.07451	0.01518	0.00684	0.00220	0.00373	0.32421	0.00484	0.00450
55	0.01305	0.01219	0.02013	0.11609	0.64591	0.01256	0.01537	0.07010	0.01261	0.01775	0.00993	0.01297	0.00815	0.00482	0.00517	0.00157	0.00624	0.00464	0.00274	0.00802
56	0.85377	0.01007	0.00765	0.00685	0.01007	0.01168	0.00564	0.01531	0.00886	0.02336	0.00725	0.00846	0.00564	0.00483	0.00322	0.00161	0.00403	0.00282	0.00322	0.00564
57	0.00757	0.00505	0.00568	0.00568	0.00568	0.00505	0.00316	0.00757	0.00757	0.01010	0.01641	0.03408	0.01893	0.81698	0.02651	0.00505	0.00505	0.00757	0.00316	0.00316
58	0.00701	0.00513	0.00672	0.00775	0.00857	0.00485	0.00590	0.00848	0.01093	0.01418	0.03185	0.44708	0.14278	0.01521	0.00676	0.00216	0.00356	0.26182	0.00482	0.00444
59	0.00750	0.00533	0.00712	0.00712	0.00762	0.00583	0.00496	0.00850	0.00800	0.01117	0.01509	0.02677	0.01576	0.39944	0.43971	0.00683	0.00983	0.00650	0.00296	0.00396
