[name]
unknown

[dist]
# distance from previous block
# <min> <max>
15	689

[block]
# block no. 0 follows, 47 sequences, length 13
# corresponding to MSA columns:
# 771-783
name=unknown_A
#
# <colnr> <probs for GDERKNQSTAVLIFYWHMCP>
#	G	D	E	R	K	N	Q	S	T	A	V	L	I	F	Y	W	H	M	C	P
0	0.03611	0.15693	0.05577	0.07322	0.01663	0.06805	0.05488	0.13897	0.25189	0.01960	0.02703	0.05390	0.01206	0.00640	0.00495	0.00159	0.00559	0.00520	0.00394	0.00729
1	0.19057	0.08394	0.16290	0.03070	0.01520	0.06380	0.05493	0.08937	0.01243	0.06079	0.05750	0.05849	0.01173	0.02886	0.00525	0.00165	0.00561	0.00487	0.02332	0.03809
2	0.10100	0.09992	0.05386	0.01044	0.01323	0.18080	0.05335	0.07454	0.04060	0.04361	0.01247	0.06385	0.01153	0.13242	0.08415	0.00271	0.00703	0.00524	0.00331	0.00594
3	0.03412	0.33392	0.08121	0.01201	0.07779	0.14049	0.01000	0.08210	0.01282	0.07523	0.01059	0.01211	0.02393	0.03562	0.00509	0.00147	0.00615	0.00383	0.00306	0.03848
4	0.01471	0.24913	0.17352	0.06488	0.01787	0.16244	0.05666	0.03510	0.01239	0.10093	0.01102	0.03265	0.00903	0.00569	0.00469	0.00148	0.00679	0.03106	0.00304	0.00689
5	0.17141	0.07495	0.19132	0.05330	0.01781	0.04073	0.08836	0.15497	0.01382	0.09871	0.03957	0.01274	0.00923	0.00547	0.00476	0.00159	0.00610	0.00434	0.00358	0.00724
6	0.08755	0.36441	0.14883	0.01025	0.01507	0.01590	0.01029	0.15656	0.01340	0.06979	0.00958	0.01035	0.00746	0.00500	0.00411	0.00134	0.00564	0.00350	0.00320	0.05777
7	0.01029	0.00906	0.06623	0.00887	0.01134	0.00794	0.00743	0.09961	0.10986	0.04058	0.15793	0.20297	0.07262	0.01033	0.00583	0.00176	0.00399	0.08503	0.00478	0.08356
8	0.10170	0.09352	0.11061	0.01260	0.03496	0.03584	0.12898	0.18955	0.04251	0.06749	0.10380	0.01551	0.01322	0.00598	0.00501	0.00157	0.00579	0.00504	0.01913	0.00721
9	0.01063	0.00512	0.00534	0.00515	0.00656	0.00504	0.00391	0.01303	0.01119	0.07136	0.01723	0.01930	0.01332	0.00609	0.00375	0.00124	0.00256	0.00488	0.78917	0.00512
10	0.71902	0.01044	0.00981	0.01087	0.13417	0.01179	0.00730	0.01542	0.00934	0.02235	0.00766	0.00917	0.00606	0.00480	0.00353	0.00160	0.00437	0.00311	0.00312	0.00606
11	0.00699	0.00467	0.00607	0.00677	0.00719	0.00437	0.00453	0.00720	0.00938	0.01226	0.02692	0.48234	0.13065	0.07247	0.01092	0.18436	0.00343	0.01156	0.00416	0.00375
12	0.47557	0.00846	0.00767	0.00673	0.00925	0.00898	0.00511	0.01268	0.00875	0.01845	0.00969	0.01492	0.00910	0.18203	0.00958	0.06167	0.00426	0.00401	0.00312	0.13998

[dist]
# distance from previous block
# <min> <max>
1	3

[block]
# block no. 1 follows, 47 sequences, length 110
# corresponding to MSA columns:
# 788-897
name=unknown_B
#
# <colnr> <probs for GDERKNQSTAVLIFYWHMCP>
#	G	D	E	R	K	N	Q	S	T	A	V	L	I	F	Y	W	H	M	C	P
0	0.00955	0.00682	0.03993	0.00739	0.00908	0.00610	0.08933	0.01187	0.01051	0.01722	0.02826	0.03443	0.01440	0.15335	0.00822	0.00201	0.00384	0.00569	0.53712	0.00489
1	0.01167	0.01090	0.04868	0.48352	0.09561	0.01161	0.09756	0.02848	0.06000	0.06938	0.02528	0.01476	0.00894	0.00538	0.00532	0.00171	0.00665	0.00498	0.00296	0.00662
2	0.18082	0.00969	0.01060	0.00797	0.01222	0.00852	0.00645	0.05997	0.01169	0.10532	0.01031	0.01121	0.00795	0.00448	0.00397	0.00108	0.00407	0.00337	0.00361	0.53670
3	0.04599	0.04438	0.01710	0.32881	0.15758	0.05444	0.04059	0.04119	0.01109	0.02699	0.02323	0.01303	0.00805	0.00594	0.00733	0.00175	0.15890	0.00456	0.00265	0.00643
4	0.00964	0.00593	0.00827	0.00750	0.00829	0.00582	0.03276	0.05275	0.00849	0.01154	0.01079	0.01883	0.01086	0.17511	0.01893	0.53557	0.00481	0.00509	0.00269	0.06634
5	0.01025	0.00593	0.00839	0.09662	0.01175	0.00587	0.00663	0.01123	0.01048	0.13147	0.02155	0.29571	0.04654	0.01317	0.00893	0.17074	0.00415	0.09723	0.03854	0.00482
6	0.01318	0.01313	0.02567	0.12289	0.03901	0.01300	0.52263	0.08969	0.04118	0.04941	0.01134	0.01420	0.00837	0.00486	0.00585	0.00173	0.00785	0.00573	0.00309	0.00718
7	0.01189	0.00865	0.01200	0.26454	0.06242	0.04001	0.00958	0.04284	0.01188	0.13288	0.07254	0.04465	0.04752	0.03646	0.13743	0.00288	0.00685	0.01584	0.03310	0.00604
8	0.00728	0.00493	0.00576	0.00605	0.00612	0.00486	0.00355	0.00750	0.00814	0.01085	0.01929	0.21696	0.02257	0.62914	0.02185	0.00436	0.00457	0.00927	0.00355	0.00341
9	0.02133	0.00912	0.01244	0.00978	0.01323	0.00870	0.00807	0.03550	0.01402	0.65745	0.01860	0.01702	0.01214	0.00800	0.03689	0.00195	0.09646	0.00516	0.00581	0.00834
10	0.01803	0.01371	0.01463	0.01162	0.01548	0.01532	0.00947	0.57606	0.21843	0.02997	0.01475	0.01429	0.01068	0.00646	0.00523	0.00162	0.00531	0.00500	0.00523	0.00870
11	0.01291	0.01201	0.01828	0.02544	0.54911	0.01255	0.01362	0.01955	0.24489	0.01847	0.01328	0.01489	0.01058	0.00538	0.00520	0.00161	0.00556	0.00502	0.00341	0.00825
12	0.01218	0.01336	0.03857	0.14181	0.17747	0.04419	0.37214	0.01572	0.01150	0.01560	0.00965	0.01325	0.00763	0.00515	0.00696	0.00175	0.09835	0.00528	0.00253	0.00690
13	0.03246	0.00679	0.00881	0.00808	0.01015	0.00632	0.00636	0.04252	0.01359	0.25433	0.22331	0.18821	0.05993	0.01078	0.00600	0.00183	0.00365	0.10524	0.00554	0.00612
14	0.00755	0.00515	0.00622	0.00622	0.00640	0.00534	0.00382	0.00792	0.00773	0.01049	0.01592	0.03136	0.01775	0.66187	0.18001	0.00571	0.00682	0.00718	0.00308	0.00345
15	0.00717	0.00514	0.00694	0.00783	0.00859	0.00490	0.00594	0.00885	0.01154	0.01551	0.17851	0.42865	0.03601	0.01460	0.00671	0.00211	0.00345	0.23803	0.00500	0.00454
16	0.00854	0.00552	0.00693	0.00672	0.00778	0.00518	0.00476	0.01029	0.02471	0.07549	0.36517	0.15476	0.06961	0.20474	0.01104	0.00255	0.00339	0.02312	0.00497	0.00472
17	0.00870	0.00686	0.00807	0.00778	0.00935	0.00707	0.00580	0.01432	0.23310	0.01922	0.36853	0.18841	0.08040	0.01089	0.00600	0.00178	0.00306	0.00957	0.00537	0.00571
18	0.00757	0.00505	0.00568	0.00568	0.00568	0.00505	0.00316	0.00757	0.00757	0.01010	0.01641	0.03408	0.01893	0.81698	0.02651	0.00505	0.00505	0.00757	0.00316	0.00316
19	0.17698	0.00580	0.00578	0.00598	0.00732	0.00602	0.00440	0.01128	0.01022	0.01833	0.01862	0.25971	0.01825	0.00895	0.00448	0.00157	0.00293	0.00749	0.42108	0.00482
20	0.00884	0.00657	0.00732	0.00698	0.00855	0.00635	0.00512	0.12368	0.01298	0.02847	0.07343	0.20666	0.33380	0.12407	0.00894	0.00226	0.00358	0.02269	0.00473	0.00497
21	0.14296	0.00936	0.01041	0.00892	0.01189	0.00989	0.00709	0.04795	0.28126	0.22256	0.17024	0.02095	0.01992	0.00725	0.00513	0.00167	0.00391	0.00591	0.00537	0.00737
22	0.17726	0.00577	0.00717	0.00701	0.00777	0.00621	0.00501	0.00882	0.00741	0.01231	0.00934	0.01498	0.00890	0.01824	0.12021	0.56782	0.00568	0.00432	0.00252	0.00325
23	0.00768	0.00522	0.00632	0.00605	0.00734	0.00483	0.00453	0.00998	0.01360	0.01970	0.53362	0.03649	0.13820	0.01007	0.00564	0.00157	0.00247	0.00871	0.17314	0.00483
24	0.00634	0.00453	0.00604	0.00725	0.00755	0.00423	0.00483	0.00725	0.00997	0.01329	0.02870	0.81358	0.03444	0.01632	0.00665	0.00211	0.00302	0.01480	0.00483	0.00423
25	0.01135	0.01225	0.02573	0.01871	0.02292	0.01155	0.61356	0.01487	0.01135	0.01537	0.01171	0.01804	0.01010	0.16641	0.01021	0.00241	0.00804	0.00643	0.00274	0.00625
26	0.85377	0.01007	0.00765	0.00685	0.01007	0.01168	0.00564	0.01531	0.00886	0.02336	0.00725	0.00846	0.00564	0.00483	0.00322	0.00161	0.00403	0.00282	0.00322	0.00564
27	0.01067	0.00771	0.00983	0.01007	0.01186	0.00802	0.00869	0.16160	0.01448	0.01902	0.02457	0.04952	0.02576	0.01276	0.00680	0.00223	0.00498	0.60095	0.00488	0.00561
28	0.00857	0.00659	0.00849	0.00826	0.00940	0.00749	0.00616	0.01261	0.16108	0.01361	0.01590	0.02306	0.01481	0.19278	0.48018	0.00637	0.01016	0.00605	0.00337	0.00506
29	0.01060	0.00854	0.01044	0.00980	0.01126	0.02780	0.00775	0.12829	0.08549	0.01686	0.01757	0.14425	0.01749	0.04804	0.23136	0.00391	0.10514	0.10577	0.00393	0.00570
30	0.01503	0.01072	0.01184	0.01033	0.01349	0.01190	0.00813	0.02722	0.62351	0.17458	0.02107	0.01909	0.01530	0.00694	0.00529	0.00174	0.00418	0.00576	0.00553	0.00837
31	0.00744	0.00558	0.00837	0.00837	0.00930	0.00651	0.00651	0.00930	0.00837	0.01209	0.01395	0.02046	0.01302	0.03906	0.79635	0.00837	0.01395	0.00558	0.00279	0.00465
32	0.00757	0.00505	0.00568	0.00568	0.00568	0.00505	0.00316	0.00757	0.00757	0.01010	0.01641	0.03408	0.01893	0.81698	0.02651	0.00505	0.00505	0.00757	0.00316	0.00316
33	0.00738	0.00537	0.00724	0.00691	0.00808	0.00523	0.00523	0.00972	0.01347	0.01913	0.62866	0.03522	0.04194	0.01631	0.16370	0.00298	0.00475	0.00865	0.00515	0.00486
34	0.18608	0.01369	0.01404	0.01096	0.01494	0.01526	0.00905	0.61723	0.02137	0.03093	0.01146	0.01170	0.00821	0.00597	0.00481	0.00157	0.00539	0.00432	0.00481	0.00821
35	0.00965	0.00675	0.00829	0.00756	0.00933	0.00672	0.00578	0.01452	0.16636	0.07682	0.57478	0.03348	0.03987	0.00963	0.00591	0.00166	0.00293	0.00841	0.00570	0.00586
36	0.00723	0.00603	0.00642	0.00648	0.00813	0.00567	0.00478	0.01051	0.12782	0.01509	0.04315	0.19767	0.51642	0.01288	0.00612	0.00183	0.00294	0.01097	0.00491	0.00495
37	0.01366	0.01154	0.01217	0.01074	0.01381	0.01328	0.00841	0.10390	0.69771	0.02292	0.02030	0.01872	0.01517	0.00698	0.00529	0.00175	0.00429	0.00576	0.00529	0.00831
38	0.01295	0.01119	0.01178	0.01060	0.01354	0.01295	0.00824	0.02767	0.77509	0.02178	0.02120	0.01943	0.01590	0.00707	0.00530	0.00177	0.00412	0.00589	0.00530	0.00824
39	0.00646	0.00522	0.00574	0.00575	0.00726	0.00450	0.00426	0.00801	0.01238	0.01561	0.22262	0.11444	0.54380	0.01286	0.00619	0.00176	0.00263	0.01095	0.00505	0.00450
40	0.01045	0.02694	0.79000	0.01484	0.02254	0.01209	0.01924	0.01649	0.01099	0.01649	0.00935	0.01099	0.00660	0.00495	0.00495	0.00165	0.00770	0.00385	0.00220	0.00770
41	0.01289	0.01237	0.02114	0.03196	0.78450	0.01237	0.01598	0.01598	0.01186	0.01701	0.00980	0.01289	0.00825	0.00464	0.00516	0.00155	0.00619	0.00464	0.00258	0.00825
42	0.00903	0.00654	0.00795	0.00819	0.00927	0.00661	0.00584	0.15877	0.01286	0.01719	0.02547	0.65386	0.02934	0.01431	0.00636	0.00200	0.00356	0.01279	0.00491	0.00515
43	0.00729	0.00511	0.00570	0.00570	0.00609	0.00497	0.00344	0.00762	0.00846	0.01097	0.02356	0.03676	0.17093	0.62692	0.05193	0.00452	0.00491	0.00818	0.00348	0.00346
44	0.01238	0.01379	0.02927	0.02348	0.14264	0.01305	0.65133	0.01657	0.01223	0.01673	0.01042	0.01387	0.00795	0.00443	0.00599	0.00172	0.00838	0.00592	0.00263	0.00721
45	0.00640	0.00524	0.00566	0.00576	0.00731	0.00450	0.00431	0.00785	0.01203	0.01484	0.13383	0.11966	0.60083	0.01323	0.00624	0.00180	0.00273	0.03840	0.00494	0.00446
46	0.01360	0.01586	0.14198	0.02041	0.14009	0.01348	0.38653	0.16618	0.01446	0.01992	0.01063	0.01310	0.00795	0.00488	0.00563	0.00167	0.00761	0.00527	0.00307	0.00768
47	0.01980	0.01459	0.01563	0.01198	0.01615	0.01615	0.00990	0.76713	0.02448	0.03282	0.01250	0.01250	0.00886	0.00625	0.00521	0.00156	0.00573	0.00469	0.00521	0.00886
48	0.01289	0.01237	0.02114	0.03196	0.78450	0.01237	0.01598	0.01598	0.01186	0.01701	0.00980	0.01289	0.00825	0.00464	0.00516	0.00155	0.00619	0.00464	0.00258	0.00825
49	0.01345	0.01319	0.01162	0.01054	0.01328	0.16807	0.00811	0.02390	0.53053	0.01921	0.04002	0.02090	0.08979	0.00741	0.00528	0.00168	0.00499	0.00597	0.00474	0.00735
50	0.01471	0.01040	0.01156	0.01017	0.01324	0.01145	0.00803	0.02614	0.57846	0.17418	0.02203	0.02121	0.03377	0.00735	0.00537	0.00176	0.00417	0.03235	0.00550	0.00815
51	0.85377	0.01007	0.00765	0.00685	0.01007	0.01168	0.00564	0.01531	0.00886	0.02336	0.00725	0.00846	0.00564	0.00483	0.00322	0.00161	0.00403	0.00282	0.00322	0.00564
52	0.00730	0.00588	0.00634	0.00634	0.00779	0.00555	0.00461	0.01001	0.09932	0.01458	0.06719	0.11645	0.45075	0.13678	0.00928	0.00232	0.00329	0.03689	0.00466	0.00467
53	0.00626	0.00505	0.00557	0.00592	0.00722	0.00436	0.00426	0.00749	0.01139	0.01407	0.07136	0.28282	0.52792	0.01405	0.00630	0.00186	0.00275	0.01210	0.00487	0.00436
54	0.00864	0.00656	0.00831	0.00904	0.01030	0.00682	0.00722	0.01302	0.16350	0.01609	0.02666	0.29328	0.02860	0.01355	0.00664	0.00218	0.00409	0.36530	0.00491	0.00530
55	0.02105	0.01257	0.01438	0.01103	0.01514	0.01316	0.00911	0.50618	0.02111	0.29854	0.01533	0.01434	0.01028	0.00632	0.00522	0.00158	0.00527	0.00488	0.00564	0.00886
56	0.18894	0.00910	0.01120	0.00878	0.01265	0.00846	0.00725	0.02337	0.01370	0.63562	0.01789	0.01588	0.01145	0.00612	0.00484	0.00161	0.00435	0.00476	0.00580	0.00822
57	0.01523	0.01232	0.01306	0.01106	0.01441	0.01402	0.00879	0.27352	0.52554	0.02545	0.01831	0.01713	0.01356	0.00679	0.00527	0.00170	0.00466	0.00549	0.00527	0.00845
58	0.01114	0.18509	0.63792	0.01366	0.02071	0.01379	0.01718	0.01631	0.01091	0.01565	0.00893	0.01047	0.00661	0.00485	0.00463	0.00154	0.00727	0.00364	0.00220	0.00749
59	0.00661	0.00525	0.00601	0.00644	0.00779	0.00465	0.00491	0.00807	0.01161	0.01441	0.07011	0.20339	0.48049	0.01392	0.00643	0.00193	0.00307	0.13559	0.00486	0.00445
60	0.68748	0.01097	0.00924	0.00787	0.01128	0.01257	0.00649	0.16522	0.01198	0.02525	0.00830	0.00927	0.00628	0.00512	0.00362	0.00160	0.00437	0.00319	0.00362	0.00628
61	0.01135	0.01225	0.02573	0.01871	0.02292	0.01155	0.61356	0.01487	0.01135	0.01537	0.01171	0.01804	0.01010	0.16641	0.01021	0.00241	0.00804	0.00643	0.00274	0.00625
62	0.00640	0.00529	0.00561	0.00553	0.00718	0.00450	0.00415	0.00794	0.01244	0.01543	0.19811	0.04788	0.63618	0.01268	0.00615	0.00173	0.00260	0.01068	0.00501	0.00450
63	0.40855	0.00845	0.00774	0.00715	0.00949	0.00934	0.00559	0.10566	0.01143	0.02171	0.01418	0.17174	0.01336	0.00755	0.00424	0.00162	0.00371	0.00586	0.17702	0.00559
64	0.01807	0.01296	0.01409	0.01128	0.01506	0.01430	0.00916	0.46490	0.25267	0.10731	0.01599	0.01516	0.01142	0.00652	0.00524	0.00163	0.00511	0.00511	0.00536	0.00867
65	0.02066	0.01289	0.01454	0.01118	0.01528	0.01367	0.00923	0.54071	0.03772	0.24713	0.01497	0.01413	0.01015	0.00632	0.00522	0.00158	0.00533	0.00487	0.00556	0.00884
66	0.00662	0.00473	0.00636	0.00756	0.00798	0.00446	0.00531	0.00772	0.01024	0.01360	0.02855	0.71313	0.03385	0.01606	0.00672	0.00215	0.00326	0.11257	0.00483	0.00431
67	0.00680	0.00472	0.00591	0.00667	0.00686	0.00453	0.00421	0.00737	0.00908	0.01211	0.02413	0.52389	0.02868	0.31387	0.01403	0.00321	0.00377	0.01212	0.00421	0.00383
68	0.00634	0.00453	0.00604	0.00725	0.00755	0.00423	0.00483	0.00725	0.00997	0.01329	0.02870	0.81358	0.03444	0.01632	0.00665	0.00211	0.00302	0.01480	0.00483	0.00423
69	0.01432	0.01186	0.01254	0.01087	0.01406	0.01359	0.00857	0.17511	0.62543	0.02398	0.01946	0.01805	0.01449	0.00690	0.00528	0.00173	0.00444	0.00565	0.00528	0.00837
70	0.00744	0.00558	0.00837	0.00837	0.00930	0.00651	0.00651	0.00930	0.00837	0.01209	0.01395	0.02046	0.01302	0.03906	0.79635	0.00837	0.01395	0.00558	0.00279	0.00465
71	0.00729	0.00536	0.00771	0.00789	0.00862	0.00599	0.00587	0.00879	0.00852	0.01204	0.01648	0.14291	0.01696	0.12476	0.58774	0.00704	0.01126	0.00721	0.00314	0.00441
72	0.40093	0.00926	0.00983	0.00803	0.01158	0.00938	0.00661	0.02021	0.01208	0.40922	0.03228	0.01403	0.01045	0.00580	0.00431	0.00161	0.00417	0.00423	0.01877	0.00724
73	0.68748	0.01097	0.00924	0.00787	0.01128	0.01257	0.00649	0.16522	0.01198	0.02525	0.00830	0.00927	0.00628	0.00512	0.00362	0.00160	0.00437	0.00319	0.00362	0.00628
74	0.01291	0.01457	0.02202	0.25866	0.02681	0.16896	0.33924	0.01622	0.01194	0.01461	0.00942	0.01291	0.00731	0.00512	0.00624	0.00170	0.05744	0.00503	0.00252	0.00637
75	0.67033	0.01062	0.01049	0.01195	0.16460	0.01190	0.00778	0.02967	0.00976	0.02228	0.00786	0.00942	0.00622	0.00482	0.00365	0.00160	0.00449	0.00322	0.00313	0.00622
76	0.01108	0.01097	0.01588	0.17135	0.01810	0.01508	0.01201	0.01269	0.00846	0.01269	0.00732	0.01189	0.00686	0.00834	0.01472	0.00217	0.64784	0.00457	0.00229	0.00571
77	0.01044	0.00988	0.01672	0.65044	0.18514	0.01173	0.01477	0.01384	0.01070	0.01404	0.00936	0.01369	0.00720	0.00509	0.00520	0.00170	0.00679	0.00463	0.00237	0.00628
78	0.01080	0.00926	0.01080	0.00771	0.01234	0.00694	0.00617	0.01311	0.01080	0.01697	0.00926	0.01080	0.00771	0.00386	0.00386	0.00077	0.00386	0.00309	0.00309	0.84882
79	0.01037	0.00958	0.01594	0.33300	0.33307	0.01043	0.01316	0.01318	0.01091	0.01480	0.01335	0.17293	0.01295	0.00719	0.00547	0.00173	0.00585	0.00666	0.00292	0.00647
80	0.00905	0.00452	0.00678	0.00678	0.00678	0.00452	0.00452	0.00678	0.00678	0.00905	0.00905	0.01583	0.00905	0.01809	0.02035	0.84848	0.00452	0.00452	0.00226	0.00226
81	0.00615	0.00528	0.00528	0.00528	0.00703	0.00440	0.00396	0.00747	0.01187	0.01407	0.05276	0.05012	0.78238	0.01319	0.00615	0.00176	0.00264	0.01099	0.00484	0.00440
82	0.02336	0.00886	0.01209	0.00927	0.01329	0.00765	0.00765	0.02538	0.01491	0.78810	0.02055	0.01773	0.01289	0.00645	0.00524	0.00161	0.00443	0.00524	0.00645	0.00886
83	0.00944	0.00535	0.00668	0.00676	0.00756	0.00540	0.00497	0.04864	0.01008	0.01504	0.01634	0.10469	0.01586	0.03206	0.01107	0.30864	0.00377	0.09498	0.28870	0.00401
84	0.69523	0.00961	0.00805	0.00745	0.01040	0.01097	0.00621	0.04138	0.00990	0.02252	0.01054	0.01627	0.00946	0.00634	0.00390	0.00173	0.00421	0.11669	0.00353	0.00563
85	0.00795	0.00585	0.00777	0.00873	0.01004	0.00568	0.00751	0.01013	0.01196	0.01528	0.03259	0.05702	0.18000	0.01415	0.00699	0.00227	0.00437	0.60220	0.00480	0.00472
86	0.00742	0.00573	0.00686	0.00689	0.00822	0.00545	0.00511	0.01044	0.08612	0.01744	0.33601	0.20882	0.22310	0.01230	0.00621	0.00181	0.00287	0.03898	0.00524	0.00495
87	0.00918	0.00666	0.00809	0.00809	0.00930	0.00671	0.00586	0.15916	0.01359	0.01834	0.14025	0.53578	0.03158	0.01344	0.00628	0.00193	0.00348	0.01197	0.00505	0.00526
88	0.00755	0.00516	0.00628	0.00670	0.00698	0.00511	0.00446	0.00817	0.00882	0.01168	0.02051	0.15781	0.02350	0.53491	0.01963	0.00407	0.00469	0.15660	0.00374	0.00365
89	0.21803	0.00991	0.01152	0.00906	0.01292	0.00973	0.00748	0.12172	0.01476	0.50789	0.01635	0.01485	0.01065	0.00604	0.00476	0.00160	0.00451	0.00460	0.00552	0.00810
90	0.00716	0.00520	0.00651	0.00650	0.00767	0.00471	0.00475	0.00905	0.01315	0.02956	0.46603	0.20899	0.18684	0.01230	0.00624	0.00176	0.00264	0.01083	0.00538	0.00473
91	0.14735	0.01259	0.01349	0.01052	0.01445	0.01360	0.00868	0.49502	0.01998	0.17344	0.01332	0.01303	0.00923	0.00607	0.00488	0.00157	0.00515	0.00451	0.02485	0.00827
92	0.01656	0.01017	0.01150	0.00923	0.01233	0.01060	0.00747	0.36285	0.01851	0.16917	0.13215	0.01888	0.01664	0.00692	0.00504	0.00151	0.00433	0.00554	0.17314	0.00746
93	0.00729	0.00505	0.00564	0.00570	0.00599	0.00490	0.00337	0.00754	0.00836	0.01088	0.02262	0.07927	0.13615	0.65056	0.02231	0.00439	0.00457	0.00849	0.00350	0.00340
94	0.15882	0.00968	0.01042	0.00902	0.01193	0.01049	0.00715	0.07146	0.31733	0.14719	0.16975	0.02068	0.01979	0.00724	0.00509	0.00168	0.00393	0.00588	0.00521	0.00727
95	0.01165	0.00883	0.00683	0.00656	0.00807	0.16262	0.00492	0.01386	0.01169	0.01809	0.01521	0.01742	0.01202	0.00593	0.00385	0.00124	0.00382	0.00455	0.67776	0.00509
96	0.01885	0.01146	0.01325	0.01046	0.01411	0.01193	0.00859	0.41997	0.03496	0.25164	0.10156	0.01900	0.01554	0.00715	0.00540	0.00162	0.00491	0.03574	0.00561	0.00824
97	0.00745	0.00538	0.00705	0.00791	0.00873	0.00519	0.00595	0.03546	0.01148	0.01521	0.08423	0.48661	0.06877	0.01487	0.00668	0.00212	0.00354	0.21386	0.00490	0.00461
98	0.01080	0.00926	0.01080	0.00771	0.01234	0.00694	0.00617	0.01311	0.01080	0.01697	0.00926	0.01080	0.00771	0.00386	0.00386	0.00077	0.00386	0.00309	0.00309	0.84882
99	0.01139	0.01139	0.01595	0.01367	0.01367	0.01595	0.01139	0.01253	0.00798	0.01253	0.00684	0.01139	0.00684	0.00911	0.01709	0.00228	0.80745	0.00456	0.00228	0.00570
100	0.00746	0.00506	0.00580	0.00594	0.00608	0.00500	0.00352	0.00768	0.00809	0.01071	0.01911	0.09427	0.04843	0.69475	0.02348	0.00460	0.00480	0.03846	0.00341	0.00335
101	0.00704	0.00522	0.00597	0.00631	0.00766	0.00456	0.00463	0.00831	0.01138	0.04543	0.04228	0.29662	0.46785	0.01399	0.00633	0.00190	0.00295	0.05210	0.00490	0.00455
102	0.00753	0.00523	0.00660	0.00660	0.00692	0.00555	0.00430	0.00816	0.00785	0.01078	0.01557	0.02942	0.01691	0.55086	0.28986	0.00618	0.00809	0.00689	0.00303	0.00367
103	0.85377	0.01007	0.00765	0.00685	0.01007	0.01168	0.00564	0.01531	0.00886	0.02336	0.00725	0.00846	0.00564	0.00483	0.00322	0.00161	0.00403	0.00282	0.00322	0.00564
104	0.01137	0.06722	0.22096	0.08369	0.11156	0.01178	0.03819	0.01671	0.12736	0.01665	0.01200	0.01362	0.02726	0.00540	0.00542	0.00149	0.04680	0.00439	0.00299	0.17512
105	0.01333	0.03478	0.11803	0.07640	0.03638	0.16927	0.41379	0.01705	0.01229	0.01539	0.00959	0.01250	0.00738	0.00489	0.00595	0.00166	0.03695	0.00504	0.00254	0.00678
106	0.00695	0.00565	0.02613	0.00789	0.00880	0.00496	0.03243	0.00849	0.01115	0.01512	0.17809	0.56392	0.04793	0.01435	0.00650	0.00200	0.00330	0.04689	0.00487	0.00458
107	0.00831	0.08509	0.01103	0.00877	0.01074	0.02627	0.08409	0.01008	0.01135	0.01414	0.03233	0.20527	0.29966	0.01304	0.03425	0.00210	0.00455	0.12974	0.00423	0.00496
108	0.01299	0.19048	0.15345	0.06072	0.06505	0.08033	0.09441	0.06822	0.02535	0.01556	0.00960	0.03918	0.00822	0.00607	0.00696	0.00164	0.14776	0.00452	0.00269	0.00680
109	0.01241	0.02132	0.04115	0.02194	0.01566	0.00948	0.19117	0.11078	0.03073	0.10669	0.15216	0.10094	0.03947	0.00842	0.00589	0.00175	0.00529	0.08375	0.00448	0.03653

[dist]
# distance from previous block
# <min> <max>
31	89

[block]
# block no. 2 follows, 47 sequences, length 17
# corresponding to MSA columns:
# 1090-1106
name=unknown_C
#
# <colnr> <probs for GDERKNQSTAVLIFYWHMCP>
#	G	D	E	R	K	N	Q	S	T	A	V	L	I	F	Y	W	H	M	C	P
0	0.03541	0.01203	0.01319	0.01107	0.02900	0.02502	0.00883	0.46863	0.04923	0.02647	0.03591	0.08584	0.01437	0.00783	0.00540	0.00164	0.00513	0.08320	0.00484	0.07698
1	0.17300	0.04687	0.01684	0.05832	0.31989	0.03048	0.03388	0.17265	0.02790	0.02090	0.01012	0.01223	0.00806	0.00659	0.03923	0.00186	0.00614	0.00431	0.00329	0.00745
2	0.00929	0.00965	0.00787	0.00785	0.02830	0.17532	0.00568	0.01074	0.01267	0.01439	0.10140	0.06209	0.51344	0.01117	0.00583	0.00166	0.00418	0.00917	0.00439	0.00488
3	0.01153	0.01001	0.01062	0.01016	0.02598	0.03609	0.00757	0.02219	0.54332	0.01962	0.05772	0.17050	0.03429	0.00899	0.00559	0.00181	0.00402	0.00772	0.00509	0.00719
4	0.01437	0.01202	0.01410	0.09650	0.12515	0.09664	0.03002	0.06406	0.25805	0.11175	0.08928	0.01776	0.01492	0.00642	0.00526	0.00162	0.00537	0.00544	0.00437	0.02688
5	0.00753	0.00603	0.00703	0.00630	0.00835	0.00509	0.00479	0.00950	0.01280	0.01739	0.34225	0.05548	0.31898	0.01046	0.00573	0.00153	0.00280	0.00894	0.00487	0.16416
6	0.00819	0.00697	0.01130	0.00935	0.01139	0.00643	0.14856	0.01091	0.01402	0.01948	0.57100	0.03520	0.10675	0.00969	0.00614	0.00167	0.00367	0.00894	0.00507	0.00527
7	0.00653	0.00479	0.00610	0.00707	0.00768	0.00443	0.00494	0.00760	0.01038	0.01351	0.03215	0.59935	0.15615	0.04153	0.00725	0.00218	0.00317	0.07613	0.00478	0.00427
8	0.03764	0.00766	0.00962	0.00802	0.01094	0.00680	0.00630	0.03373	0.02476	0.33629	0.07452	0.16833	0.01855	0.00812	0.00513	0.00153	0.00375	0.00689	0.08655	0.14489
9	0.00672	0.00501	0.00574	0.00595	0.00712	0.00441	0.00426	0.00742	0.01080	0.01339	0.07229	0.18828	0.48288	0.01447	0.00857	0.14060	0.00301	0.01058	0.00445	0.00404
10	0.00737	0.00496	0.00574	0.00594	0.00599	0.00491	0.00343	0.00752	0.00797	0.01062	0.01842	0.16184	0.02147	0.68575	0.02325	0.00457	0.00472	0.00876	0.00343	0.00333
11	0.00745	0.00499	0.00572	0.00584	0.00588	0.00496	0.00333	0.00754	0.00782	0.01043	0.01769	0.11539	0.02055	0.73347	0.02443	0.00474	0.00484	0.00833	0.00333	0.00327
12	0.22110	0.00692	0.00702	0.00652	0.00860	0.00695	0.00506	0.01189	0.05017	0.04523	0.29648	0.03304	0.26333	0.00965	0.00534	0.00167	0.00306	0.00793	0.00482	0.00523
13	0.01814	0.01299	0.01386	0.01081	0.01450	0.01430	0.00887	0.64339	0.02226	0.03062	0.01324	0.01364	0.00959	0.00622	0.00495	0.00151	0.00519	0.00472	0.14300	0.00820
14	0.00658	0.00463	0.00597	0.00695	0.00720	0.00438	0.00452	0.00731	0.00952	0.01269	0.02638	0.66629	0.03151	0.16761	0.01040	0.00267	0.00340	0.01344	0.00452	0.00403
15	0.00634	0.00453	0.00604	0.00725	0.00755	0.00423	0.00483	0.00725	0.00997	0.01329	0.02870	0.81358	0.03444	0.01632	0.00665	0.00211	0.00302	0.01480	0.00483	0.00423
16	0.47685	0.01058	0.00982	0.00827	0.01143	0.01185	0.00674	0.22914	0.01429	0.02566	0.13569	0.01460	0.01369	0.00619	0.00427	0.00160	0.00426	0.00444	0.00420	0.00644

[dist]
# distance from previous block
# <min> <max>
0	1

[block]
# block no. 3 follows, 47 sequences, length 10
# corresponding to MSA columns:
# 1118-1127
name=unknown_D
#
# <colnr> <probs for GDERKNQSTAVLIFYWHMCP>
#	G	D	E	R	K	N	Q	S	T	A	V	L	I	F	Y	W	H	M	C	P
0	0.85377	0.01007	0.00765	0.00685	0.01007	0.01168	0.00564	0.01531	0.00886	0.02336	0.00725	0.00846	0.00564	0.00483	0.00322	0.00161	0.00403	0.00282	0.00322	0.00564
1	0.00962	0.00609	0.00792	0.00809	0.00979	0.00567	0.00675	0.01172	0.01272	0.11445	0.13964	0.04865	0.20946	0.01256	0.00655	0.00204	0.00390	0.37399	0.00515	0.00524
2	0.85377	0.01007	0.00765	0.00685	0.01007	0.01168	0.00564	0.01531	0.00886	0.02336	0.00725	0.00846	0.00564	0.00483	0.00322	0.00161	0.00403	0.00282	0.00322	0.00564
3	0.01317	0.01374	0.02672	0.01945	0.02431	0.01346	0.58951	0.09707	0.11081	0.01903	0.01210	0.01457	0.00902	0.00493	0.00594	0.00174	0.00786	0.00596	0.00324	0.00737
4	0.01455	0.01198	0.01267	0.01092	0.01415	0.01370	0.00863	0.19976	0.60041	0.02435	0.01917	0.01782	0.01426	0.00688	0.00528	0.00172	0.00450	0.00561	0.00528	0.00839
5	0.11780	0.00811	0.01010	0.00852	0.01155	0.00754	0.00674	0.01967	0.04566	0.45906	0.02053	0.20168	0.01701	0.00849	0.00528	0.00171	0.00402	0.00713	0.00553	0.03387
6	0.00724	0.00538	0.00709	0.00682	0.00804	0.00522	0.00517	0.00942	0.01292	0.01802	0.51595	0.03595	0.12836	0.01756	0.19004	0.00322	0.00515	0.00871	0.00494	0.00479
7	0.01177	0.00727	0.00913	0.00831	0.00989	0.03182	0.00628	0.05983	0.01069	0.16645	0.01555	0.02224	0.01391	0.21053	0.38633	0.00561	0.00934	0.00585	0.00375	0.00544
8	0.01295	0.01119	0.01178	0.01060	0.01354	0.01295	0.00824	0.02767	0.77509	0.02178	0.02120	0.01943	0.01590	0.00707	0.00530	0.00177	0.00412	0.00589	0.00530	0.00824
9	0.00642	0.00456	0.00602	0.00716	0.00744	0.00428	0.00473	0.00727	0.00982	0.01310	0.02795	0.76605	0.03350	0.06514	0.00786	0.00229	0.00314	0.01436	0.00473	0.00416

[dist]
# distance from previous block
# <min> <max>
0	2

[block]
# block no. 4 follows, 47 sequences, length 45
# corresponding to MSA columns:
# 1130-1174
name=unknown_E
#
# <colnr> <probs for GDERKNQSTAVLIFYWHMCP>
#	G	D	E	R	K	N	Q	S	T	A	V	L	I	F	Y	W	H	M	C	P
0	0.01132	0.00973	0.01104	0.00841	0.01263	0.00840	0.00667	0.01665	0.19656	0.01814	0.01216	0.01290	0.00970	0.00464	0.00421	0.00101	0.00392	0.00377	0.00362	0.64452
1	0.00744	0.00556	0.00827	0.00827	0.00917	0.00646	0.00639	0.00924	0.00834	0.01202	0.01404	0.02095	0.01323	0.06725	0.76845	0.00825	0.01363	0.00565	0.00280	0.00460
2	0.00642	0.00513	0.00577	0.00608	0.00741	0.00448	0.00447	0.00780	0.01170	0.01462	0.11734	0.23497	0.49387	0.01375	0.00632	0.00186	0.00281	0.04584	0.00492	0.00443
3	0.01392	0.82012	0.02729	0.00891	0.01337	0.02061	0.00891	0.01559	0.01058	0.01225	0.00724	0.00835	0.00668	0.00446	0.00334	0.00111	0.00557	0.00278	0.00223	0.00668
4	0.01392	0.82012	0.02729	0.00891	0.01337	0.02061	0.00891	0.01559	0.01058	0.01225	0.00724	0.00835	0.00668	0.00446	0.00334	0.00111	0.00557	0.00278	0.00223	0.00668
5	0.01945	0.02482	0.01476	0.01342	0.01610	0.79608	0.01006	0.02079	0.01476	0.01275	0.00805	0.00939	0.00671	0.00537	0.00470	0.00134	0.00939	0.00335	0.00268	0.00604
6	0.00719	0.00532	0.00671	0.00636	0.00767	0.00484	0.00477	0.00947	0.01431	0.01986	0.67260	0.04058	0.15892	0.01103	0.00614	0.00166	0.00248	0.00965	0.00560	0.00484
7	0.15509	0.00941	0.01233	0.20227	0.01835	0.00969	0.00907	0.04444	0.03559	0.42843	0.01540	0.01516	0.01022	0.00589	0.00490	0.00164	0.00501	0.00470	0.00484	0.00757
8	0.03503	0.01396	0.01681	0.01673	0.20277	0.01514	0.01129	0.56932	0.02110	0.02879	0.01174	0.01251	0.00864	0.00583	0.00516	0.00156	0.00581	0.00464	0.00453	0.00864
9	0.01083	0.01442	0.20536	0.39805	0.24050	0.01192	0.01605	0.01482	0.01096	0.01511	0.00943	0.01291	0.00722	0.00499	0.00513	0.00166	0.00692	0.00444	0.00236	0.00693
10	0.01153	0.01996	0.40037	0.02090	0.20898	0.01245	0.21776	0.01642	0.01155	0.01667	0.00977	0.01227	0.00735	0.00472	0.00532	0.00165	0.00762	0.00465	0.00241	0.00765
11	0.01678	0.01234	0.01352	0.01066	0.01412	0.01342	0.00869	0.58307	0.02212	0.02992	0.19946	0.01892	0.01865	0.00732	0.00544	0.00158	0.00493	0.00584	0.00534	0.00790
12	0.01114	0.00925	0.01083	0.00776	0.01237	0.00696	0.00621	0.01344	0.01091	0.03777	0.00956	0.01099	0.00785	0.00393	0.00389	0.00079	0.00387	0.00314	0.00318	0.82616
13	0.00691	0.00490	0.00624	0.00709	0.00752	0.00468	0.00487	0.00783	0.00976	0.01287	0.02677	0.48224	0.06771	0.21049	0.01152	0.00285	0.00374	0.11355	0.00442	0.00405
14	0.00717	0.00532	0.00780	0.00810	0.00887	0.00596	0.00610	0.00880	0.00876	0.01238	0.01753	0.21322	0.01823	0.03353	0.60441	0.00685	0.01129	0.00782	0.00329	0.00455
15	0.01112	0.00692	0.00831	0.00780	0.00913	0.00695	0.00578	0.10544	0.01171	0.10611	0.02007	0.03571	0.04128	0.40826	0.01621	0.00349	0.00493	0.18158	0.00423	0.00496
16	0.04730	0.01081	0.01313	0.01010	0.01415	0.01061	0.00834	0.27216	0.01791	0.51337	0.01746	0.01571	0.01133	0.00633	0.00517	0.00160	0.00485	0.00498	0.00594	0.00876
17	0.00628	0.00510	0.00557	0.00584	0.00721	0.00439	0.00423	0.00757	0.01159	0.01432	0.09421	0.23495	0.55303	0.01378	0.00627	0.00184	0.00272	0.01182	0.00489	0.00439
18	0.01504	0.01134	0.01229	0.01061	0.01384	0.01273	0.00838	0.11990	0.59153	0.11355	0.02003	0.01836	0.01466	0.00689	0.00528	0.00172	0.00436	0.00566	0.00542	0.00839
19	0.01034	0.00615	0.00693	0.00625	0.00856	0.00519	0.00486	0.01183	0.01261	0.20219	0.04493	0.04224	0.59536	0.01155	0.00593	0.00172	0.00307	0.00959	0.00523	0.00548
20	0.64810	0.00885	0.00717	0.00656	0.00900	0.01007	0.00504	0.01343	0.00855	0.02014	0.00948	0.01469	0.00887	0.20222	0.00888	0.00245	0.00428	0.00398	0.00321	0.00504
21	0.21303	0.00652	0.00706	0.00670	0.00846	0.00658	0.00522	0.01099	0.01285	0.02047	0.47299	0.03389	0.10933	0.00973	0.00550	0.00169	0.00301	0.05598	0.00497	0.00503
22	0.00992	0.00935	0.01578	0.78164	0.05799	0.01159	0.01451	0.01338	0.01046	0.01342	0.00927	0.01385	0.00698	0.00519	0.00521	0.00173	0.00692	0.00463	0.00232	0.00586
23	0.00717	0.00625	0.00796	0.19964	0.01412	0.00619	0.00660	0.00912	0.01180	0.01455	0.11378	0.04021	0.52191	0.01100	0.00592	0.00174	0.00367	0.00929	0.00431	0.00478
24	0.00634	0.00465	0.00596	0.00698	0.00749	0.00427	0.00472	0.00734	0.01032	0.01356	0.04830	0.69740	0.13198	0.01578	0.00657	0.00206	0.00296	0.01419	0.00485	0.00427
25	0.85377	0.01007	0.00765	0.00685	0.01007	0.01168	0.00564	0.01531	0.00886	0.02336	0.00725	0.00846	0.00564	0.00483	0.00322	0.00161	0.00403	0.00282	0.00322	0.00564
26	0.01080	0.00926	0.01080	0.00771	0.01234	0.00694	0.00617	0.01311	0.01080	0.01697	0.00926	0.01080	0.00771	0.00386	0.00386	0.00077	0.00386	0.00309	0.00309	0.84882
27	0.01960	0.00837	0.01132	0.00944	0.01279	0.00756	0.00791	0.04871	0.01454	0.57298	0.02196	0.02750	0.01690	0.00837	0.00571	0.00180	0.00457	0.18609	0.00600	0.00787
28	0.00893	0.00620	0.00771	0.00805	0.00905	0.00617	0.00580	0.11225	0.01211	0.03800	0.02532	0.56248	0.02888	0.06894	0.00781	0.00225	0.00372	0.07653	0.00481	0.00497
29	0.85377	0.01007	0.00765	0.00685	0.01007	0.01168	0.00564	0.01531	0.00886	0.02336	0.00725	0.00846	0.00564	0.00483	0.00322	0.00161	0.00403	0.00282	0.00322	0.00564
30	0.00756	0.00512	0.00602	0.00602	0.00613	0.00523	0.00358	0.00779	0.00767	0.01035	0.01610	0.03238	0.01819	0.71967	0.12281	0.00546	0.00616	0.00732	0.00311	0.00334
31	0.00973	0.00755	0.00820	0.00755	0.00970	0.00741	0.00596	0.19244	0.01478	0.01872	0.03811	0.11038	0.44646	0.01191	0.00608	0.00181	0.00366	0.08913	0.00492	0.00551
32	0.00712	0.00508	0.00677	0.00758	0.00826	0.00485	0.00561	0.00864	0.01124	0.01514	0.17590	0.42701	0.03524	0.06668	0.00797	0.00228	0.00347	0.19183	0.00489	0.00443
33	0.65194	0.00978	0.00873	0.00744	0.01085	0.01070	0.00613	0.01776	0.01033	0.20923	0.01048	0.01071	0.00740	0.00523	0.00371	0.00161	0.00413	0.00341	0.00401	0.00642
34	0.02072	0.01310	0.01471	0.01128	0.01541	0.01394	0.00932	0.57462	0.02200	0.22885	0.01459	0.01386	0.00990	0.00630	0.00522	0.00158	0.00539	0.00483	0.00553	0.00886
35	0.00670	0.00473	0.00613	0.00701	0.00734	0.00451	0.00465	0.00758	0.00979	0.01313	0.06503	0.59267	0.03177	0.16549	0.02597	0.00277	0.00363	0.03248	0.00453	0.00409
36	0.00979	0.00501	0.00502	0.00499	0.00625	0.00505	0.00375	0.01251	0.02947	0.01947	0.01709	0.01942	0.01341	0.00609	0.00368	0.00123	0.00247	0.00488	0.82549	0.00494
37	0.01135	0.00957	0.01038	0.00978	0.01209	0.01083	0.00741	0.02271	0.58913	0.01972	0.02302	0.21244	0.02040	0.00931	0.00563	0.00185	0.00385	0.00805	0.00519	0.00727
38	0.01148	0.03564	0.01573	0.32886	0.20940	0.01132	0.01281	0.09593	0.01266	0.01681	0.01373	0.02324	0.01256	0.00719	0.00557	0.00180	0.00611	0.16939	0.00324	0.00653
39	0.00760	0.00519	0.00702	0.00707	0.00800	0.00511	0.00518	0.00884	0.01088	0.03012	0.25026	0.17967	0.11223	0.01985	0.20022	0.11945	0.00570	0.00893	0.00429	0.00438
40	0.00747	0.00545	0.00772	0.00772	0.00842	0.00615	0.00569	0.00888	0.00818	0.01161	0.01455	0.02377	0.01446	0.22813	0.60924	0.00756	0.01179	0.00606	0.00288	0.00429
41	0.01394	0.00678	0.00907	0.00767	0.01005	0.00604	0.00604	0.01622	0.01481	0.33615	0.46895	0.03020	0.03424	0.00892	0.00577	0.00163	0.00327	0.00770	0.00603	0.00654
42	0.01362	0.44309	0.01922	0.00914	0.01211	0.19129	0.00777	0.01481	0.01079	0.01184	0.00965	0.01484	0.00967	0.20214	0.00928	0.00212	0.00630	0.00408	0.00256	0.00568
43	0.00805	0.00625	0.00759	0.00711	0.00888	0.00529	0.00500	0.00931	0.00993	0.01407	0.02082	0.39563	0.04417	0.13757	0.00880	0.00211	0.00361	0.00956	0.00397	0.29228
44	0.22098	0.01229	0.01256	0.01018	0.01369	0.01365	0.00827	0.47164	0.04617	0.03990	0.01326	0.09052	0.01090	0.00693	0.00487	0.00164	0.00497	0.00528	0.00471	0.00760

[dist]
# distance from previous block
# <min> <max>
0	1

[block]
# block no. 5 follows, 47 sequences, length 44
# corresponding to MSA columns:
# 1176-1219
name=unknown_F
#
# <colnr> <probs for GDERKNQSTAVLIFYWHMCP>
#	G	D	E	R	K	N	Q	S	T	A	V	L	I	F	Y	W	H	M	C	P
0	0.01524	0.46084	0.08043	0.01174	0.04748	0.25110	0.01031	0.01764	0.03788	0.01325	0.00822	0.00943	0.00706	0.00486	0.00401	0.00126	0.00685	0.00322	0.00248	0.00669
1	0.01058	0.00907	0.01053	0.00760	0.01209	0.00682	0.00606	0.01284	0.01085	0.01683	0.01134	0.01268	0.04475	0.00430	0.00397	0.00082	0.00380	0.00346	0.00317	0.80845
2	0.36608	0.02869	0.06218	0.01527	0.14529	0.04297	0.17762	0.01586	0.01066	0.01931	0.00871	0.01080	0.00685	0.00465	0.00441	0.00155	0.00590	0.00397	0.00287	0.06637
3	0.00677	0.00533	0.00617	0.00621	0.00747	0.00505	0.00458	0.00803	0.01036	0.01302	0.03691	0.04107	0.45099	0.15338	0.18844	0.00383	0.00569	0.03836	0.00409	0.00426
4	0.09356	0.31046	0.05527	0.01009	0.01385	0.09622	0.00895	0.02076	0.29024	0.03329	0.01280	0.01284	0.01008	0.00560	0.00430	0.00146	0.00537	0.00408	0.00358	0.00718
5	0.01479	0.01056	0.01186	0.00937	0.01318	0.03570	0.00751	0.12839	0.14920	0.15789	0.01418	0.01449	0.01062	0.00789	0.06314	0.00179	0.00521	0.00440	0.00436	0.33547
6	0.01713	0.03296	0.02712	0.01210	0.03238	0.09207	0.00966	0.41726	0.24526	0.02623	0.01463	0.01481	0.01094	0.00642	0.00517	0.00160	0.00564	0.01556	0.00481	0.00826
7	0.01427	0.77059	0.02651	0.00919	0.01354	0.06889	0.00898	0.01592	0.01084	0.01228	0.00729	0.00842	0.00668	0.00451	0.00343	0.00113	0.00581	0.00282	0.00226	0.00664
8	0.01110	0.00940	0.01092	0.00789	0.01242	0.00728	0.00630	0.04488	0.01136	0.01757	0.00974	0.02523	0.00824	0.00418	0.00396	0.00083	0.00392	0.00336	0.00321	0.79821
9	0.05059	0.00966	0.01557	0.66325	0.10107	0.01171	0.01391	0.01425	0.04279	0.01448	0.00971	0.01377	0.00738	0.00522	0.00511	0.00171	0.00662	0.00460	0.00251	0.00610
10	0.00898	0.00455	0.00673	0.00673	0.00673	0.00455	0.00446	0.00682	0.00682	0.00910	0.00940	0.01670	0.00952	0.05629	0.02065	0.80816	0.00455	0.00467	0.00230	0.00230
11	0.00707	0.00532	0.00655	0.00628	0.00765	0.00480	0.00473	0.00923	0.01393	0.01899	0.57494	0.04225	0.24135	0.01139	0.00617	0.00169	0.00255	0.02487	0.00548	0.00478
12	0.85377	0.01007	0.00765	0.00685	0.01007	0.01168	0.00564	0.01531	0.00886	0.02336	0.00725	0.00846	0.00564	0.00483	0.00322	0.00161	0.00403	0.00282	0.00322	0.00564
13	0.02336	0.00886	0.01209	0.00927	0.01329	0.00765	0.00765	0.02538	0.01491	0.78810	0.02055	0.01773	0.01289	0.00645	0.00524	0.00161	0.00443	0.00524	0.00645	0.00886
14	0.00905	0.00452	0.00678	0.00678	0.00678	0.00452	0.00452	0.00678	0.00678	0.00905	0.00905	0.01583	0.00905	0.01809	0.02035	0.84848	0.00452	0.00452	0.00226	0.00226
15	0.00905	0.00452	0.00678	0.00678	0.00678	0.00452	0.00452	0.00678	0.00678	0.00905	0.00905	0.01583	0.00905	0.01809	0.02035	0.84848	0.00452	0.00452	0.00226	0.00226
16	0.00689	0.00507	0.00652	0.00743	0.00799	0.00490	0.00508	0.00890	0.06422	0.01452	0.09042	0.69365	0.03435	0.01520	0.00651	0.00205	0.00305	0.01373	0.00494	0.00457
17	0.85377	0.01007	0.00765	0.00685	0.01007	0.01168	0.00564	0.01531	0.00886	0.02336	0.00725	0.00846	0.00564	0.00483	0.00322	0.00161	0.00403	0.00282	0.00322	0.00564
18	0.00755	0.00534	0.00707	0.00756	0.00850	0.00486	0.00543	0.00842	0.00993	0.01352	0.02342	0.50470	0.02701	0.01466	0.00815	0.11303	0.00356	0.10795	0.00426	0.11508
19	0.00721	0.00532	0.00674	0.00638	0.00768	0.00485	0.00479	0.00952	0.01436	0.01999	0.68610	0.04037	0.14534	0.01098	0.00614	0.00165	0.00248	0.00962	0.00561	0.00485
20	0.09151	0.00588	0.00710	0.00717	0.00843	0.00565	0.00516	0.01089	0.01108	0.11406	0.13611	0.37028	0.06489	0.10426	0.00832	0.00226	0.00349	0.03368	0.00482	0.00496
21	0.00630	0.00518	0.00554	0.00566	0.00717	0.00442	0.00416	0.00767	0.01190	0.01462	0.11951	0.14921	0.61393	0.01336	0.00622	0.00179	0.00267	0.01134	0.00492	0.00442
22	0.27484	0.01204	0.01247	0.00986	0.01371	0.01305	0.00814	0.38616	0.01776	0.18441	0.01255	0.01234	0.00870	0.00586	0.00461	0.00159	0.00495	0.00423	0.00486	0.00788
23	0.26246	0.01028	0.01108	0.00902	0.01254	0.01077	0.00736	0.16330	0.08861	0.29276	0.06878	0.01568	0.01285	0.00629	0.00471	0.00162	0.00439	0.00479	0.00511	0.00758
24	0.00856	0.00559	0.00727	0.00782	0.00872	0.00541	0.00579	0.01041	0.04095	0.06871	0.07149	0.37545	0.02964	0.13587	0.00961	0.00255	0.00387	0.19280	0.00476	0.00473
25	0.00668	0.00486	0.00636	0.00740	0.00801	0.00454	0.00530	0.00791	0.01063	0.01398	0.05592	0.59594	0.10713	0.01552	0.00667	0.00211	0.00324	0.12857	0.00486	0.00436
26	0.00763	0.00532	0.00694	0.00757	0.00850	0.00504	0.00577	0.00922	0.01142	0.03367	0.14509	0.30058	0.10819	0.08401	0.00838	0.00234	0.00365	0.23728	0.00485	0.00454
27	0.00650	0.00476	0.00611	0.00706	0.00765	0.00440	0.00489	0.00760	0.01050	0.01380	0.06352	0.62066	0.13590	0.02926	0.00693	0.00211	0.00308	0.05613	0.00484	0.00430
28	0.01360	0.00759	0.00953	0.00824	0.01056	0.00730	0.00640	0.09533	0.06021	0.24689	0.31548	0.12988	0.02963	0.02736	0.00624	0.00177	0.00362	0.00814	0.00569	0.00656
29	0.02013	0.01377	0.01509	0.01160	0.01572	0.01497	0.00957	0.65531	0.03794	0.13170	0.01373	0.01332	0.00952	0.00629	0.00521	0.00157	0.00553	0.00478	0.00537	0.00885
30	0.00768	0.00611	0.00681	0.00641	0.00823	0.00542	0.00469	0.00994	0.05846	0.01531	0.10135	0.15147	0.34089	0.08658	0.00764	0.00194	0.00318	0.00935	0.03446	0.13408
31	0.20901	0.00812	0.00933	0.00786	0.01094	0.00768	0.00628	0.01786	0.01231	0.37926	0.02234	0.12361	0.11480	0.00815	0.00502	0.00166	0.00390	0.00660	0.00515	0.04010
32	0.00828	0.00587	0.00804	0.00908	0.01012	0.00587	0.00770	0.01037	0.01141	0.01486	0.02611	0.05551	0.02852	0.11969	0.00973	0.00275	0.00483	0.65211	0.00458	0.00458
33	0.06015	0.00562	0.00625	0.00600	0.00648	0.00564	0.00362	0.00930	0.00817	0.06567	0.01614	0.03137	0.01770	0.71054	0.02359	0.00460	0.00494	0.00712	0.00339	0.00371
34	0.12879	0.01009	0.01157	0.00926	0.01262	0.01026	0.00745	0.22747	0.02873	0.34786	0.01618	0.01804	0.01200	0.11231	0.00779	0.00207	0.00482	0.01989	0.00520	0.00760
35	0.00757	0.00505	0.00568	0.00568	0.00568	0.00505	0.00316	0.00757	0.00757	0.01010	0.01641	0.03408	0.01893	0.81698	0.02651	0.00505	0.00505	0.00757	0.00316	0.00316
36	0.01080	0.00926	0.01080	0.00771	0.01234	0.00694	0.00617	0.01311	0.01080	0.01697	0.00926	0.01080	0.00771	0.00386	0.00386	0.00077	0.00386	0.00309	0.00309	0.84882
37	0.01251	0.01153	0.01787	0.15690	0.46070	0.01223	0.01375	0.04597	0.14476	0.01779	0.01207	0.01489	0.00973	0.00536	0.00519	0.00161	0.00585	0.01722	0.00316	0.03091
38	0.01002	0.01035	0.03442	0.46342	0.02885	0.01120	0.19400	0.01339	0.01097	0.01426	0.01518	0.01852	0.10891	0.00620	0.00602	0.00176	0.03808	0.00581	0.00272	0.00594
39	0.00632	0.00463	0.00594	0.00699	0.00749	0.00425	0.00472	0.00728	0.01022	0.01340	0.03185	0.71378	0.13222	0.01591	0.00658	0.00207	0.00297	0.01431	0.00483	0.00425
40	0.01254	0.01124	0.01349	0.14175	0.09450	0.06027	0.00924	0.10866	0.01282	0.01809	0.00964	0.01164	0.00772	0.00455	0.00443	0.00114	0.00519	0.00371	0.00315	0.46623
