[name]
unknown

[dist]
# distance from previous block
# <min> <max>
3	338

[block]
# block no. 0 follows, 58 sequences, length 19
# corresponding to MSA columns:
# 349-367
name=unknown_A
#
# <colnr> <probs for GDERKNQSTAVLIFYWHMCP>
#	G	D	E	R	K	N	Q	S	T	A	V	L	I	F	Y	W	H	M	C	P
0	0.01135	0.34726	0.38336	0.01043	0.01542	0.05640	0.01182	0.09103	0.01061	0.01393	0.00752	0.00860	0.00589	0.00421	0.00371	0.00121	0.00580	0.00299	0.00217	0.00629
1	0.00928	0.00795	0.00928	0.00663	0.01060	0.00596	0.00530	0.01126	0.00928	0.01458	0.00795	0.00928	0.00663	0.00331	0.00331	0.00066	0.00331	0.00265	0.00265	0.87014
2	0.00648	0.00444	0.00542	0.00542	0.00560	0.00463	0.00338	0.00685	0.00666	0.00907	0.01360	0.02654	0.01508	0.65380	0.21014	0.00500	0.00612	0.00611	0.00264	0.00301
3	0.01181	0.59516	0.14019	0.00864	0.01271	0.03246	0.00892	0.08313	0.01043	0.01297	0.04220	0.00900	0.00749	0.00428	0.00335	0.00108	0.00502	0.00293	0.00228	0.00596
4	0.00958	0.00703	0.00859	0.00671	0.00960	0.00593	0.00532	0.03715	0.01082	0.08926	0.23825	0.01706	0.01735	0.00643	0.03396	0.00123	0.02074	0.00452	0.00360	0.46687
5	0.05043	0.21180	0.51780	0.01092	0.01640	0.01212	0.01306	0.06086	0.01010	0.04626	0.00807	0.00912	0.00598	0.00426	0.00389	0.00130	0.00583	0.00314	0.00223	0.00643
6	0.00993	0.13042	0.60846	0.01248	0.01840	0.01130	0.08941	0.01436	0.00963	0.04371	0.00824	0.00961	0.00598	0.00420	0.00417	0.00136	0.00635	0.00342	0.00206	0.00648
7	0.00651	0.00434	0.00488	0.00488	0.00488	0.00434	0.00271	0.00651	0.00651	0.00867	0.01409	0.02927	0.01626	0.84279	0.02277	0.00434	0.00434	0.00651	0.00271	0.00271
8	0.00610	0.00456	0.00566	0.00539	0.00654	0.00412	0.00404	0.00800	0.01212	0.01665	0.64329	0.03554	0.21225	0.00963	0.00528	0.00143	0.00214	0.00839	0.00475	0.00412
9	0.00897	0.02314	0.81962	0.01275	0.01936	0.01039	0.01653	0.01417	0.00944	0.01417	0.00803	0.00944	0.00567	0.00425	0.00425	0.00142	0.00661	0.00331	0.00189	0.00661
10	0.00904	0.00861	0.01463	0.64249	0.13723	0.01016	0.05498	0.01243	0.04317	0.01233	0.00851	0.01202	0.00649	0.00444	0.00451	0.00147	0.00586	0.00409	0.00214	0.00541
11	0.00570	0.00407	0.00547	0.00651	0.00688	0.00385	0.00458	0.00666	0.00881	0.01170	0.02452	0.72899	0.02905	0.01378	0.00578	0.00185	0.00281	0.12116	0.00415	0.00370
12	0.01530	0.00707	0.00901	0.00738	0.00998	0.00663	0.00584	0.01850	0.12714	0.49254	0.11331	0.01905	0.01573	0.08666	0.00630	0.00168	0.00354	0.00519	0.04266	0.00650
13	0.00791	0.00467	0.00727	0.10654	0.03916	0.00495	0.00537	0.00691	0.00643	0.00860	0.00803	0.01350	0.00770	0.01467	0.05557	0.68960	0.00459	0.00394	0.00198	0.00260
14	0.00881	0.00832	0.01407	0.72121	0.13881	0.01003	0.01260	0.01175	0.00912	0.01187	0.00801	0.01181	0.00612	0.00441	0.00447	0.00147	0.00587	0.00398	0.00202	0.00526
15	0.01075	0.00897	0.00950	0.00841	0.01084	0.01005	0.00657	0.11428	0.55644	0.01885	0.06074	0.02064	0.13069	0.00690	0.00469	0.00149	0.00345	0.00572	0.00450	0.00652
16	0.00924	0.00913	0.00783	0.00768	0.00900	0.21922	0.00584	0.02885	0.01135	0.01367	0.22780	0.14098	0.09542	0.05074	0.00602	0.00166	0.00428	0.14314	0.00380	0.00434
17	0.15630	0.07578	0.01424	0.01082	0.01387	0.30815	0.13255	0.08418	0.05364	0.08187	0.00954	0.01036	0.02027	0.00468	0.00406	0.00129	0.00602	0.00361	0.00295	0.00579
18	0.02804	0.17218	0.33597	0.01029	0.01446	0.17178	0.01088	0.05537	0.01088	0.01398	0.09034	0.04658	0.01053	0.00521	0.00410	0.00129	0.00578	0.00396	0.00254	0.00582

[dist]
# distance from previous block
# <min> <max>
1	18

[block]
# block no. 1 follows, 58 sequences, length 58
# corresponding to MSA columns:
# 386-443
name=unknown_B
#
# <colnr> <probs for GDERKNQSTAVLIFYWHMCP>
#	G	D	E	R	K	N	Q	S	T	A	V	L	I	F	Y	W	H	M	C	P
0	0.15283	0.29005	0.22802	0.00969	0.03080	0.06311	0.00974	0.04683	0.08065	0.02306	0.00815	0.00905	0.00644	0.00440	0.00377	0.00126	0.02061	0.00306	0.00246	0.00602
1	0.02695	0.19282	0.05374	0.01026	0.01319	0.11167	0.17139	0.04428	0.05323	0.02931	0.05865	0.03842	0.06161	0.09671	0.00646	0.00165	0.01661	0.00488	0.00283	0.00533
2	0.00697	0.00446	0.00509	0.00503	0.00523	0.00439	0.00293	0.00710	0.00695	0.04114	0.01568	0.05157	0.04576	0.75595	0.02093	0.00405	0.00419	0.00670	0.00292	0.00297
3	0.01255	0.57423	0.06532	0.00874	0.01224	0.17457	0.00827	0.02874	0.01014	0.01144	0.03869	0.00864	0.00723	0.00431	0.00350	0.00106	0.01970	0.00282	0.00216	0.00564
4	0.00935	0.00793	0.00925	0.00668	0.01053	0.00609	0.00534	0.03091	0.00971	0.01505	0.04010	0.01027	0.00807	0.00360	0.00342	0.00071	0.00331	0.00290	0.00279	0.81401
5	0.00874	0.09806	0.18804	0.00847	0.01138	0.03623	0.02218	0.02652	0.11570	0.01561	0.29793	0.03109	0.07897	0.00704	0.00484	0.00140	0.01897	0.01985	0.00362	0.00538
6	0.00834	0.03847	0.00705	0.00651	0.00777	0.00509	0.00493	0.02508	0.01031	0.12840	0.12675	0.36373	0.12390	0.03184	0.00577	0.00171	0.00301	0.09253	0.00433	0.00449
7	0.00587	0.00430	0.00555	0.00609	0.00681	0.00398	0.00444	0.00719	0.01004	0.01342	0.22950	0.43292	0.13588	0.01221	0.00560	0.00170	0.00261	0.10369	0.00435	0.00386
8	0.01000	0.01082	0.06567	0.01223	0.01336	0.02879	0.09740	0.01189	0.02702	0.02598	0.00720	0.01065	0.00651	0.00832	0.05374	0.00210	0.59691	0.00409	0.00214	0.00519
9	0.01011	0.31828	0.50300	0.01115	0.01668	0.01305	0.04337	0.01390	0.00936	0.01286	0.00742	0.00873	0.00574	0.00408	0.00379	0.00125	0.00599	0.00305	0.00191	0.00628
10	0.01115	0.00933	0.00982	0.00866	0.01120	0.01053	0.00679	0.12633	0.59541	0.01912	0.02078	0.01937	0.11846	0.00667	0.00464	0.00149	0.00356	0.00550	0.00449	0.00672
11	0.00651	0.00434	0.00488	0.00488	0.00488	0.00434	0.00271	0.00651	0.00651	0.00867	0.01409	0.02927	0.01626	0.84279	0.02277	0.00434	0.00434	0.00651	0.00271	0.00271
12	0.00748	0.00596	0.00727	0.00700	0.00835	0.00609	0.02414	0.03124	0.20561	0.01560	0.24628	0.28842	0.10893	0.00996	0.00522	0.00158	0.00283	0.00880	0.00443	0.00481
13	0.01063	0.01267	0.06516	0.01869	0.07679	0.03098	0.65697	0.01423	0.01039	0.01413	0.00879	0.01168	0.00669	0.00398	0.00549	0.00150	0.03794	0.00498	0.00223	0.00607
14	0.01711	0.00789	0.00992	0.00800	0.01108	0.00755	0.00648	0.02157	0.20905	0.56946	0.01759	0.01568	0.01174	0.00565	0.00442	0.00140	0.00363	0.00462	0.05991	0.00726
15	0.00529	0.00453	0.00453	0.00453	0.00604	0.00378	0.00340	0.00642	0.01020	0.01208	0.04532	0.04305	0.81307	0.01133	0.00529	0.00151	0.00227	0.00944	0.00415	0.00378
16	0.01093	0.01091	0.01846	0.08044	0.60814	0.04192	0.11832	0.01366	0.01021	0.01415	0.00873	0.02770	0.00737	0.00421	0.00456	0.00137	0.00571	0.00429	0.00225	0.00666
17	0.01183	0.80969	0.05810	0.00788	0.01182	0.01738	0.00804	0.01343	0.00910	0.01068	0.00630	0.00727	0.00574	0.00385	0.00293	0.00098	0.00486	0.00243	0.00191	0.00578
18	0.00556	0.00396	0.00528	0.00629	0.00658	0.00372	0.00426	0.00638	0.00860	0.01145	0.02434	0.78144	0.02907	0.03461	0.00616	0.00189	0.00271	0.04993	0.00411	0.00363
19	0.01065	0.01125	0.05392	0.07854	0.37359	0.01084	0.24226	0.01526	0.12890	0.01490	0.01001	0.01219	0.00784	0.00428	0.00469	0.00142	0.00580	0.00449	0.00255	0.00661
20	0.00607	0.00469	0.00552	0.00559	0.00668	0.00434	0.00409	0.00803	0.05291	0.01407	0.28308	0.20319	0.30833	0.04409	0.00605	0.00167	0.00249	0.03072	0.00436	0.00403
21	0.00545	0.00389	0.00519	0.00623	0.00649	0.00363	0.00415	0.00623	0.00856	0.01142	0.02465	0.83987	0.02959	0.01401	0.00571	0.00182	0.00260	0.01272	0.00415	0.00363
22	0.01031	0.01309	0.11048	0.04943	0.02324	0.01116	0.68505	0.01420	0.01038	0.01420	0.00890	0.01178	0.00664	0.00385	0.00514	0.00150	0.00738	0.00502	0.00221	0.00605
23	0.00923	0.07108	0.74149	0.01231	0.01860	0.01085	0.01564	0.01449	0.04016	0.01413	0.00831	0.00959	0.00598	0.00430	0.00418	0.00139	0.00638	0.00332	0.00199	0.00658
24	0.00892	0.00845	0.01418	0.67225	0.15498	0.01019	0.01253	0.01177	0.00906	0.01191	0.00794	0.01171	0.00614	0.00452	0.00486	0.00148	0.03780	0.00397	0.00202	0.00530
25	0.01056	0.01207	0.02640	0.01885	0.02338	0.01131	0.79864	0.01433	0.01056	0.01433	0.00905	0.01207	0.00679	0.00377	0.00528	0.00151	0.00754	0.00528	0.00226	0.00603
26	0.00999	0.01247	0.12745	0.11586	0.11794	0.01070	0.45421	0.01357	0.00998	0.01386	0.00883	0.01178	0.00677	0.00487	0.02770	0.00163	0.02347	0.00465	0.01830	0.00599
27	0.02699	0.00947	0.01549	0.29136	0.44881	0.01012	0.01233	0.03910	0.01025	0.06577	0.00950	0.01207	0.02028	0.00442	0.00443	0.00139	0.00533	0.00408	0.00247	0.00634
28	0.01095	0.01051	0.01794	0.06365	0.77962	0.01060	0.01367	0.01362	0.01013	0.01447	0.00839	0.01111	0.00704	0.00401	0.00443	0.00134	0.00534	0.00399	0.00220	0.00699
29	0.00834	0.00417	0.00417	0.00417	0.00521	0.00417	0.00313	0.01042	0.00938	0.01668	0.01459	0.01668	0.01147	0.00521	0.00313	0.00104	0.00208	0.00417	0.86763	0.00417
30	0.03476	0.25614	0.43126	0.01073	0.01587	0.01209	0.04252	0.01474	0.02865	0.08503	0.00890	0.01031	0.00677	0.00442	0.00392	0.00130	0.00566	0.01822	0.00237	0.00634
31	0.00999	0.00971	0.01560	0.42511	0.39601	0.04155	0.01289	0.01275	0.00967	0.01290	0.00813	0.01138	0.00648	0.00425	0.00443	0.00140	0.00574	0.00394	0.00211	0.00597
32	0.00545	0.00389	0.00519	0.00623	0.00649	0.00363	0.00415	0.00623	0.00856	0.01142	0.02465	0.83987	0.02959	0.01401	0.00571	0.00182	0.00260	0.01272	0.00415	0.00363
33	0.00901	0.02286	0.79982	0.01290	0.01946	0.01041	0.03605	0.01417	0.00947	0.01417	0.00805	0.00951	0.00569	0.00424	0.00428	0.00142	0.00663	0.00335	0.00190	0.00660
34	0.01200	0.02574	0.16554	0.01114	0.01485	0.00838	0.20066	0.03635	0.02737	0.23026	0.12351	0.04815	0.03276	0.00605	0.00485	0.00146	0.00498	0.03607	0.00372	0.00616
35	0.01430	0.00827	0.03025	0.02418	0.04685	0.00761	0.05930	0.11841	0.02951	0.36598	0.08796	0.08000	0.06415	0.00685	0.00481	0.00146	0.00404	0.03505	0.00457	0.00644
36	0.00656	0.00431	0.00532	0.00562	0.00632	0.00412	0.00396	0.02091	0.01003	0.01459	0.24802	0.38123	0.02835	0.04665	0.00575	0.00163	0.00246	0.00912	0.19110	0.00394
37	0.01020	0.01000	0.01751	0.29432	0.27890	0.01099	0.16619	0.04584	0.00995	0.01366	0.00822	0.01141	0.00655	0.00457	0.00568	0.00148	0.09215	0.00423	0.00222	0.00596
38	0.04300	0.18483	0.53802	0.01237	0.03503	0.01192	0.08782	0.01398	0.00942	0.01369	0.00770	0.00919	0.00579	0.00411	0.00402	0.00133	0.00619	0.00329	0.00197	0.00633
39	0.00938	0.10176	0.69190	0.01299	0.05042	0.01113	0.03419	0.01408	0.00947	0.01384	0.00789	0.00935	0.00576	0.00419	0.00415	0.00137	0.00641	0.00329	0.00191	0.00653
40	0.00943	0.03450	0.60935	0.01448	0.04860	0.01072	0.18175	0.01417	0.00970	0.01415	0.00823	0.01002	0.00596	0.00413	0.00445	0.00142	0.00673	0.00373	0.00198	0.00649
41	0.01374	0.02324	0.06897	0.01290	0.18882	0.03498	0.00898	0.05709	0.16161	0.26501	0.05839	0.01532	0.03644	0.00558	0.00478	0.00140	0.02726	0.00463	0.00398	0.00684
42	0.04543	0.00940	0.02792	0.17022	0.08288	0.12081	0.02318	0.05889	0.03461	0.03652	0.05643	0.15247	0.10143	0.01914	0.00501	0.00153	0.00469	0.04112	0.00325	0.00507
43	0.00869	0.04429	0.01137	0.00951	0.00981	0.01074	0.00766	0.00961	0.00694	0.01030	0.00846	0.01463	0.00871	0.16712	0.15505	0.00326	0.50283	0.00448	0.00217	0.00437
44	0.09884	0.00670	0.00802	0.03892	0.00959	0.00681	0.00555	0.07176	0.06527	0.21147	0.09526	0.05626	0.02986	0.13567	0.00830	0.06755	0.00373	0.04751	0.02782	0.00515
45	0.01072	0.00966	0.05020	0.05202	0.19687	0.02803	0.20066	0.02432	0.03023	0.11174	0.03569	0.10013	0.04373	0.05414	0.02211	0.00174	0.00535	0.01373	0.00310	0.00584
46	0.01098	0.08412	0.36213	0.05161	0.20484	0.07491	0.07914	0.01457	0.01008	0.05429	0.00845	0.01015	0.00639	0.00422	0.00427	0.00135	0.00618	0.00361	0.00222	0.00647
47	0.00544	0.00442	0.00483	0.00503	0.00625	0.00381	0.00370	0.00660	0.01006	0.01242	0.09830	0.19826	0.58318	0.01171	0.00539	0.00158	0.00236	0.02862	0.00421	0.00379
48	0.02161	0.07846	0.08650	0.02247	0.01198	0.00931	0.03908	0.18061	0.01226	0.17233	0.03962	0.12503	0.04204	0.02599	0.04226	0.00176	0.04755	0.00553	0.02967	0.00593
49	0.05166	0.08574	0.23188	0.03579	0.24456	0.06605	0.05878	0.04401	0.02409	0.01426	0.00831	0.02650	0.00683	0.00472	0.00512	0.00139	0.07800	0.00378	0.00228	0.00626
50	0.00552	0.00409	0.00506	0.00580	0.00633	0.00374	0.00395	0.00635	0.00882	0.01142	0.02845	0.59363	0.20070	0.07025	0.00680	0.00193	0.00267	0.02683	0.00405	0.00361
51	0.00927	0.00957	0.01921	0.01490	0.03515	0.00910	0.50050	0.01267	0.04111	0.01428	0.06630	0.11611	0.01459	0.00656	0.00540	0.00161	0.00595	0.10929	0.00299	0.00544
52	0.06572	0.20134	0.52627	0.01074	0.01605	0.01151	0.01294	0.01365	0.00930	0.02842	0.00871	0.04191	0.00713	0.00475	0.00396	0.00134	0.00574	0.02222	0.00216	0.00615
53	0.01033	0.04260	0.01851	0.30931	0.26475	0.03698	0.21193	0.02726	0.01007	0.01338	0.00832	0.01137	0.00653	0.00414	0.00459	0.00141	0.00617	0.00421	0.00218	0.00596
54	0.01408	0.01694	0.01307	0.01161	0.01304	0.51696	0.00908	0.01517	0.01047	0.01088	0.00652	0.00872	0.00580	0.00583	0.00807	0.00146	0.32178	0.00327	0.00217	0.00507
55	0.01119	0.01088	0.01832	0.06878	0.46746	0.03043	0.17379	0.06969	0.04169	0.01532	0.00966	0.02540	0.00804	0.00453	0.00467	0.00140	0.00571	0.02389	0.00254	0.00661
56	0.01046	0.00919	0.04138	0.02553	0.08928	0.04346	0.05381	0.02886	0.08209	0.09847	0.11237	0.09760	0.02945	0.00775	0.01649	0.00167	0.20569	0.03754	0.00339	0.00552
57	0.05131	0.00920	0.01081	0.00871	0.02754	0.00932	0.00697	0.32097	0.01528	0.36595	0.01395	0.01340	0.00950	0.01434	0.00446	0.00136	0.00407	0.00421	0.10160	0.00705

[dist]
# distance from previous block
# <min> <max>
0	9

[block]
# block no. 2 follows, 58 sequences, length 45
# corresponding to MSA columns:
# 453-497
name=unknown_C
#
# <colnr> <probs for GDERKNQSTAVLIFYWHMCP>
#	G	D	E	R	K	N	Q	S	T	A	V	L	I	F	Y	W	H	M	C	P
0	0.00960	0.00987	0.05236	0.44200	0.33919	0.01029	0.04758	0.01259	0.00953	0.01294	0.00819	0.01148	0.00643	0.00424	0.00448	0.00142	0.00581	0.00401	0.00208	0.00592
1	0.00578	0.00463	0.00500	0.00519	0.00659	0.00405	0.00408	0.00712	0.01018	0.01253	0.03997	0.04321	0.63277	0.01124	0.00535	0.00159	0.00260	0.15102	0.04324	0.00386
2	0.01607	0.01834	0.01240	0.01095	0.01343	0.59447	0.00836	0.17681	0.04156	0.01475	0.00889	0.04657	0.00749	0.00524	0.00422	0.00123	0.00702	0.00363	0.00291	0.00567
3	0.04896	0.00801	0.00999	0.15881	0.01340	0.01886	0.00738	0.19162	0.01090	0.01509	0.01283	0.10316	0.04316	0.14023	0.08591	0.00253	0.11565	0.00551	0.00306	0.00493
4	0.00675	0.00448	0.00552	0.00526	0.00633	0.00419	0.00394	0.00882	0.01183	0.01745	0.60399	0.02993	0.06178	0.00832	0.00479	0.00133	0.00211	0.00724	0.20175	0.00419
5	0.24919	0.00789	0.00936	0.00740	0.01068	0.00750	0.00611	0.01948	0.01141	0.60399	0.01459	0.01309	0.00940	0.00517	0.00403	0.00138	0.00371	0.00394	0.00479	0.00687
6	0.39988	0.00918	0.00865	0.00764	0.01036	0.01049	0.00610	0.04565	0.37934	0.06102	0.01254	0.01217	0.00935	0.00516	0.00374	0.00144	0.00357	0.00381	0.00380	0.00612
7	0.01047	0.01002	0.01708	0.21105	0.63597	0.01047	0.01343	0.01320	0.00990	0.01389	0.00831	0.01127	0.00683	0.00410	0.00444	0.00137	0.00546	0.00398	0.00216	0.00660
8	0.00928	0.00526	0.00673	0.00597	0.00765	0.00468	0.00461	0.01114	0.01227	0.19948	0.49765	0.03094	0.16923	0.00870	0.00510	0.00142	0.00252	0.00751	0.00493	0.00492
9	0.00560	0.00429	0.00517	0.00581	0.00658	0.00391	0.00411	0.00681	0.02575	0.01190	0.03149	0.51232	0.29502	0.01285	0.00557	0.00172	0.00258	0.05058	0.00416	0.00378
10	0.01033	0.14788	0.04142	0.01110	0.01201	0.03976	0.00962	0.01153	0.00749	0.01084	0.00603	0.00929	0.00584	0.00695	0.01207	0.00175	0.64541	0.00361	0.00196	0.00510
11	0.00565	0.00407	0.00535	0.00603	0.00652	0.00378	0.00414	0.00676	0.00958	0.01298	0.21115	0.62329	0.05850	0.01278	0.00559	0.00171	0.00247	0.01152	0.00433	0.00378
12	0.87439	0.00865	0.00657	0.00588	0.00865	0.01003	0.00484	0.01315	0.00761	0.02007	0.00623	0.00727	0.00484	0.00415	0.00277	0.00138	0.00346	0.00242	0.00277	0.00484
13	0.01056	0.41469	0.42356	0.01030	0.01549	0.03095	0.01214	0.01388	0.00934	0.01236	0.00714	0.00834	0.00570	0.00406	0.00359	0.00119	0.00577	0.00286	0.00191	0.00617
14	0.01068	0.01174	0.02452	0.02082	0.20399	0.01116	0.61954	0.01419	0.01047	0.01439	0.00890	0.01184	0.00686	0.00382	0.00508	0.00147	0.00703	0.00498	0.00225	0.00627
15	0.00545	0.00389	0.00519	0.00623	0.00649	0.00363	0.00415	0.00623	0.00856	0.01142	0.02465	0.83987	0.02959	0.01401	0.00571	0.00182	0.00260	0.01272	0.00415	0.00363
16	0.20700	0.16187	0.47997	0.01043	0.01564	0.01159	0.02848	0.01380	0.00899	0.01489	0.00733	0.00861	0.00551	0.00414	0.00369	0.00133	0.00560	0.00299	0.00210	0.00605
17	0.01771	0.01428	0.01237	0.01011	0.01321	0.29238	0.00804	0.32512	0.01598	0.22969	0.01123	0.01099	0.00788	0.00515	0.00433	0.00129	0.00572	0.00375	0.00400	0.00677
18	0.00936	0.00526	0.00684	0.00605	0.00770	0.00471	0.00468	0.01129	0.01246	0.19993	0.55682	0.03020	0.10978	0.00853	0.00510	0.00141	0.00251	0.00740	0.00499	0.00495
19	0.01482	0.01827	0.01285	0.19875	0.01770	0.63889	0.00951	0.01639	0.01182	0.01106	0.00715	0.00895	0.00581	0.00458	0.00413	0.00123	0.00759	0.00313	0.00223	0.00514
20	0.12755	0.00823	0.00898	0.00780	0.01045	0.00873	0.00621	0.01941	0.37240	0.23240	0.03095	0.01887	0.10007	0.00642	0.00442	0.00147	0.00345	0.02118	0.00453	0.00646
21	0.00928	0.00795	0.00928	0.00663	0.01060	0.00596	0.00530	0.01126	0.00928	0.01458	0.00795	0.00928	0.00663	0.00331	0.00331	0.00066	0.00331	0.00265	0.00265	0.87014
22	0.00845	0.00795	0.01342	0.83204	0.03081	0.00994	0.01242	0.01143	0.00894	0.01143	0.00795	0.01193	0.00596	0.00447	0.00447	0.00149	0.00596	0.00398	0.00199	0.00497
23	0.01767	0.01023	0.01220	0.00946	0.01286	0.03801	0.03907	0.33393	0.04607	0.39191	0.01434	0.03176	0.00984	0.00558	0.00453	0.00138	0.00451	0.00449	0.00480	0.00735
24	0.00845	0.00795	0.01342	0.83204	0.03081	0.00994	0.01242	0.01143	0.00894	0.01143	0.00795	0.01193	0.00596	0.00447	0.00447	0.00149	0.00596	0.00398	0.00199	0.00497
25	0.01625	0.00776	0.00984	0.00790	0.01083	0.00738	0.00639	0.08444	0.11892	0.50776	0.15467	0.01819	0.01651	0.00622	0.00464	0.00140	0.00357	0.00515	0.00521	0.00695
26	0.01006	0.00537	0.00709	0.00620	0.00789	0.00485	0.00481	0.01207	0.01259	0.23084	0.57346	0.02800	0.03286	0.00805	0.00499	0.00139	0.00256	0.00700	0.03482	0.00512
27	0.01180	0.08363	0.54019	0.01151	0.01709	0.01013	0.04544	0.01585	0.01023	0.19731	0.01012	0.01069	0.00695	0.00449	0.00424	0.00138	0.00587	0.00359	0.00274	0.00675
28	0.01935	0.00752	0.01020	0.00788	0.01123	0.00656	0.00649	0.02129	0.02697	0.77110	0.05006	0.01599	0.01239	0.00569	0.00453	0.00139	0.00373	0.00465	0.00549	0.00746
29	0.00990	0.01065	0.02141	0.18106	0.06374	0.01093	0.49857	0.01308	0.00980	0.01333	0.00910	0.04321	0.00742	0.00468	0.00595	0.00155	0.08259	0.00511	0.00225	0.00568
30	0.01084	0.20076	0.01808	0.11270	0.48571	0.03088	0.01162	0.01313	0.00978	0.01308	0.00860	0.04947	0.00769	0.00449	0.00413	0.00128	0.00520	0.00401	0.00221	0.00633
31	0.00545	0.00389	0.00519	0.00623	0.00649	0.00363	0.00415	0.00623	0.00856	0.01142	0.02465	0.83987	0.02959	0.01401	0.00571	0.00182	0.00260	0.01272	0.00415	0.00363
32	0.00634	0.00456	0.00619	0.00718	0.00789	0.00441	0.00568	0.00779	0.00951	0.01245	0.02500	0.40504	0.05957	0.01306	0.00593	0.00193	0.00336	0.40609	0.00414	0.00389
33	0.04916	0.01270	0.01237	0.13297	0.04481	0.19470	0.00881	0.26576	0.10961	0.04588	0.01072	0.01161	0.02025	0.00525	0.00475	0.00137	0.04181	0.00392	0.01730	0.00624
34	0.00895	0.00836	0.01163	0.01021	0.01038	0.01133	0.00833	0.01001	0.00699	0.01082	0.00780	0.01269	0.00769	0.06951	0.14501	0.00292	0.60855	0.00425	0.04002	0.00457
35	0.00619	0.00432	0.00553	0.00622	0.00656	0.00421	0.00434	0.00699	0.00825	0.01093	0.02088	0.39221	0.02425	0.29267	0.01156	0.00272	0.00352	0.18154	0.00366	0.00343
36	0.05532	0.01302	0.08019	0.00979	0.01331	0.12536	0.00844	0.33344	0.07098	0.22699	0.01207	0.01167	0.00837	0.00521	0.00433	0.00135	0.00506	0.00393	0.00415	0.00702
37	0.04495	0.13159	0.49580	0.01153	0.01636	0.10201	0.01320	0.01403	0.00938	0.01316	0.00734	0.00894	0.00568	0.00465	0.00520	0.00139	0.10357	0.00317	0.00198	0.00606
38	0.00651	0.00434	0.00488	0.00488	0.00488	0.00434	0.00271	0.00651	0.00651	0.00867	0.01409	0.02927	0.01626	0.84279	0.02277	0.00434	0.00434	0.00651	0.00271	0.00271
39	0.00578	0.00424	0.00568	0.00655	0.00684	0.00419	0.00454	0.00662	0.00853	0.01142	0.02344	0.72962	0.02789	0.04003	0.00667	0.00192	0.03921	0.05914	0.00401	0.00369
40	0.01442	0.01052	0.01174	0.00933	0.01241	0.01137	0.02590	0.50739	0.11460	0.07179	0.05543	0.03320	0.08869	0.00637	0.00465	0.00140	0.00430	0.00512	0.00448	0.00689
41	0.02841	0.00856	0.00974	0.00732	0.01101	0.02079	0.00587	0.05895	0.08710	0.12208	0.01033	0.01080	0.00790	0.00403	0.00366	0.00090	0.00357	0.00320	0.00332	0.59246
42	0.78525	0.00958	0.00724	0.00641	0.00919	0.05919	0.00523	0.04792	0.00851	0.01988	0.00647	0.00747	0.00502	0.00423	0.00292	0.00137	0.00380	0.00252	0.00282	0.00499
43	0.01019	0.00856	0.00961	0.02023	0.01116	0.03897	0.00567	0.02756	0.00979	0.04986	0.00839	0.00956	0.00679	0.00352	0.00344	0.00074	0.00360	0.00279	0.00279	0.76679
44	0.00585	0.00437	0.00552	0.00577	0.00663	0.00399	0.00413	0.00721	0.01023	0.01382	0.29992	0.36843	0.17117	0.01239	0.03821	0.00181	0.00276	0.00999	0.00432	0.02348

[dist]
# distance from previous block
# <min> <max>
0	1

[block]
# block no. 3 follows, 58 sequences, length 30
# corresponding to MSA columns:
# 499,500,504-531
name=unknown_D
#
# <colnr> <probs for GDERKNQSTAVLIFYWHMCP>
#	G	D	E	R	K	N	Q	S	T	A	V	L	I	F	Y	W	H	M	C	P
0	0.00904	0.00706	0.00802	0.00745	0.00915	0.00751	0.00568	0.12693	0.24762	0.01763	0.20774	0.21647	0.07689	0.00905	0.00507	0.00155	0.00311	0.02415	0.00450	0.00539
1	0.01405	0.26869	0.01509	0.00905	0.01209	0.22037	0.00760	0.20619	0.04249	0.05470	0.02449	0.02580	0.07046	0.00540	0.00397	0.00121	0.00529	0.00392	0.00317	0.00598
2	0.01182	0.38305	0.07192	0.00819	0.01209	0.07916	0.00764	0.05941	0.02108	0.03452	0.00766	0.00860	0.00637	0.00393	0.00336	0.00096	0.00469	0.00276	0.00245	0.27037
3	0.00595	0.00462	0.00520	0.00525	0.00648	0.00411	0.00385	0.00754	0.03381	0.02599	0.19277	0.18308	0.46900	0.02494	0.00562	0.00159	0.00239	0.00951	0.00432	0.00398
4	0.00650	0.00438	0.00508	0.00508	0.00515	0.00445	0.00296	0.00664	0.00657	0.00882	0.01391	0.02825	0.01582	0.77176	0.09320	0.00459	0.00501	0.00635	0.00268	0.00282
5	0.01297	0.06454	0.01166	0.00941	0.01203	0.14574	0.00745	0.17330	0.38991	0.03245	0.01463	0.07065	0.01189	0.00618	0.00445	0.00141	0.00459	0.01625	0.00398	0.00652
6	0.01229	0.71778	0.06417	0.00832	0.01214	0.10006	0.00822	0.01389	0.00948	0.01076	0.00639	0.00739	0.00574	0.00393	0.00306	0.00100	0.00522	0.00249	0.00195	0.00573
7	0.01158	0.00980	0.01467	0.06162	0.44153	0.00962	0.01060	0.09950	0.02812	0.05997	0.03292	0.01173	0.00838	0.00431	0.00425	0.00122	0.00469	0.00390	0.00285	0.17876
8	0.04428	0.08642	0.03179	0.00951	0.01270	0.05468	0.03002	0.33117	0.15200	0.11601	0.02599	0.01254	0.00946	0.00701	0.05468	0.00170	0.00515	0.00413	0.00397	0.00678
9	0.01208	0.01231	0.05455	0.14545	0.26663	0.11956	0.04685	0.15812	0.03653	0.01589	0.00942	0.04483	0.00781	0.00506	0.00497	0.00140	0.04526	0.00426	0.00273	0.00628
10	0.00553	0.00417	0.00514	0.00575	0.00645	0.00375	0.00398	0.00651	0.00928	0.01210	0.08424	0.56283	0.23415	0.01280	0.00553	0.00169	0.00249	0.01138	0.00418	0.01804
11	0.01143	0.39612	0.01568	0.00806	0.01064	0.16110	0.00686	0.03762	0.06016	0.01151	0.01019	0.03589	0.02906	0.10202	0.08426	0.00206	0.00582	0.00386	0.00249	0.00516
12	0.00913	0.08844	0.73086	0.01212	0.01834	0.01078	0.01544	0.01393	0.00951	0.01399	0.03258	0.01000	0.00679	0.00437	0.00417	0.00138	0.00633	0.00338	0.00198	0.00647
13	0.01913	0.00753	0.01017	0.00786	0.01117	0.00659	0.00647	0.03823	0.01298	0.74980	0.06782	0.01628	0.01297	0.00576	0.00455	0.00138	0.00372	0.00472	0.00547	0.00740
14	0.02007	0.00761	0.01038	0.00796	0.01142	0.00657	0.00657	0.02180	0.01280	0.81799	0.01765	0.01523	0.01107	0.00554	0.00450	0.00138	0.00381	0.00450	0.00554	0.00761
15	0.01166	0.76432	0.10202	0.00816	0.01226	0.01698	0.00853	0.01347	0.00912	0.01088	0.00640	0.00740	0.00573	0.00387	0.00301	0.00100	0.00496	0.00248	0.00191	0.00583
16	0.00586	0.00455	0.00534	0.00522	0.00646	0.00403	0.00393	0.00750	0.01139	0.01502	0.42664	0.05897	0.38784	0.01034	0.00532	0.00148	0.00225	0.02933	0.00454	0.00400
17	0.00532	0.00453	0.00458	0.00457	0.00606	0.00379	0.00343	0.00649	0.01028	0.01229	0.07181	0.04272	0.78646	0.01125	0.00529	0.00151	0.00226	0.00939	0.00418	0.00379
18	0.01042	0.01181	0.02557	0.07034	0.02385	0.01123	0.74887	0.01415	0.01046	0.01415	0.00898	0.01206	0.00674	0.00382	0.00523	0.00151	0.00744	0.00520	0.00225	0.00597
19	0.01107	0.01063	0.01816	0.02746	0.81489	0.01063	0.01373	0.01373	0.01019	0.01461	0.00841	0.01107	0.00709	0.00399	0.00443	0.00133	0.00531	0.00399	0.00221	0.00709
20	0.00545	0.00389	0.00519	0.00623	0.00649	0.00363	0.00415	0.00623	0.00856	0.01142	0.02465	0.83987	0.02959	0.01401	0.00571	0.00182	0.00260	0.01272	0.00415	0.00363
21	0.00800	0.00718	0.01077	0.00952	0.01018	0.00903	0.05721	0.00936	0.00721	0.01064	0.00957	0.01514	0.00924	0.08895	0.38810	0.00454	0.33412	0.00462	0.00224	0.00437
22	0.00855	0.00624	0.00787	0.00758	0.00897	0.00643	0.02087	0.05269	0.13244	0.06837	0.07815	0.32291	0.08702	0.01032	0.00576	0.00167	0.04287	0.10640	0.00421	0.02068
23	0.00534	0.00453	0.00461	0.00459	0.00608	0.00380	0.00344	0.00653	0.01033	0.01240	0.08629	0.04254	0.77191	0.01121	0.00529	0.00150	0.00226	0.00937	0.00420	0.00380
24	0.01812	0.01021	0.01194	0.00917	0.01265	0.01047	0.00757	0.44246	0.01725	0.37403	0.03054	0.01318	0.00985	0.00552	0.00450	0.00136	0.00437	0.00432	0.00495	0.00754
25	0.01029	0.01164	0.02528	0.01819	0.02249	0.01091	0.75690	0.01390	0.01045	0.01418	0.00987	0.05556	0.00799	0.00431	0.00530	0.00152	0.00728	0.00567	0.00236	0.00591
26	0.01030	0.38844	0.46594	0.01049	0.01586	0.01364	0.01259	0.01382	0.00929	0.01255	0.00722	0.00844	0.00570	0.00406	0.00364	0.00121	0.00580	0.00290	0.00190	0.00622
27	0.00544	0.00392	0.00516	0.00615	0.00647	0.00364	0.00412	0.00624	0.00864	0.01145	0.02564	0.80187	0.06695	0.01389	0.00569	0.00180	0.00258	0.01256	0.00415	0.00364
28	0.00928	0.00795	0.00928	0.00663	0.01060	0.00596	0.00530	0.01126	0.00928	0.01458	0.00795	0.00928	0.00663	0.00331	0.00331	0.00066	0.00331	0.00265	0.00265	0.87014
29	0.01466	0.06595	0.05454	0.00891	0.01245	0.03447	0.00766	0.34431	0.03549	0.16815	0.02665	0.03174	0.03592	0.00539	0.00425	0.00124	0.00442	0.00421	0.00402	0.13555

[dist]
# distance from previous block
# <min> <max>
0	1

[block]
# block no. 4 follows, 58 sequences, length 61
# corresponding to MSA columns:
# 534-594
name=unknown_E
#
# <colnr> <probs for GDERKNQSTAVLIFYWHMCP>
#	G	D	E	R	K	N	Q	S	T	A	V	L	I	F	Y	W	H	M	C	P
0	0.01087	0.01051	0.01751	0.11992	0.71053	0.02476	0.01349	0.01354	0.01009	0.01418	0.00833	0.01112	0.00693	0.00405	0.00443	0.00134	0.00544	0.00397	0.00219	0.00681
1	0.00651	0.00434	0.00488	0.00488	0.00488	0.00434	0.00271	0.00651	0.00651	0.00867	0.01409	0.02927	0.01626	0.84279	0.02277	0.00434	0.00434	0.00651	0.00271	0.00271
2	0.12253	0.11172	0.35849	0.01069	0.03810	0.05453	0.01123	0.05390	0.02175	0.14383	0.00931	0.00998	0.00670	0.00457	0.00419	0.00135	0.02459	0.00335	0.00279	0.00640
3	0.04243	0.07623	0.22688	0.01072	0.03350	0.09506	0.02121	0.15227	0.01153	0.02599	0.06201	0.01182	0.02270	0.00583	0.00616	0.03764	0.11825	0.00386	0.00276	0.03316
4	0.01593	0.00741	0.00950	0.00760	0.01052	0.00677	0.00614	0.08345	0.04461	0.51332	0.10889	0.05849	0.06116	0.00661	0.00465	0.00139	0.00353	0.00550	0.00508	0.03944
5	0.01009	0.00952	0.01580	0.10475	0.61386	0.00968	0.01220	0.01278	0.02594	0.01404	0.01221	0.04886	0.06773	0.00517	0.00458	0.00139	0.00499	0.01749	0.00249	0.00644
6	0.01091	0.01046	0.05905	0.18767	0.49848	0.01022	0.01267	0.05719	0.01058	0.04396	0.00938	0.01271	0.00765	0.00453	0.00447	0.00139	0.00535	0.03022	0.01658	0.00653
7	0.01104	0.01071	0.01863	0.02696	0.76948	0.01067	0.05876	0.01376	0.01021	0.01460	0.00845	0.01113	0.00707	0.00397	0.00448	0.00134	0.00544	0.00406	0.00222	0.00703
8	0.00529	0.00453	0.00453	0.00453	0.00604	0.00378	0.00340	0.00642	0.01020	0.01208	0.04532	0.04305	0.81307	0.01133	0.00529	0.00151	0.00227	0.00944	0.00415	0.00378
9	0.03954	0.01537	0.36380	0.01212	0.09454	0.01881	0.01171	0.11881	0.01191	0.21477	0.02102	0.01252	0.03493	0.00498	0.00436	0.00139	0.00529	0.00399	0.00330	0.00684
10	0.06722	0.00857	0.01075	0.13346	0.10926	0.05485	0.00789	0.08863	0.02398	0.21883	0.13374	0.07538	0.03566	0.00634	0.00457	0.00142	0.00425	0.00535	0.00391	0.00594
11	0.01093	0.01052	0.01809	0.02589	0.72356	0.01052	0.05838	0.01392	0.03276	0.01468	0.00917	0.01242	0.00779	0.00427	0.00453	0.00137	0.00536	0.02656	0.00234	0.00694
12	0.00639	0.00479	0.00719	0.00719	0.00799	0.00559	0.00559	0.00799	0.00719	0.01038	0.01198	0.01757	0.01118	0.03355	0.82507	0.00719	0.01198	0.00479	0.00240	0.00399
13	0.01194	0.78533	0.02232	0.00758	0.01128	0.01700	0.00748	0.03553	0.00944	0.01129	0.00671	0.00769	0.00604	0.00393	0.00293	0.00097	0.00467	0.00252	0.03962	0.00573
14	0.00972	0.19179	0.64280	0.01166	0.01765	0.01195	0.01457	0.02703	0.00956	0.01365	0.00770	0.00900	0.00571	0.00418	0.00397	0.00132	0.00621	0.00313	0.00194	0.00645
15	0.00576	0.00479	0.00506	0.00495	0.00643	0.00421	0.00372	0.00762	0.04941	0.01344	0.17984	0.04006	0.63767	0.01069	0.00525	0.00149	0.00230	0.00899	0.00431	0.00402
16	0.00897	0.02314	0.81962	0.01275	0.01936	0.01039	0.01653	0.01417	0.00944	0.01417	0.00803	0.00944	0.00567	0.00425	0.00425	0.00142	0.00661	0.00331	0.00189	0.00661
17	0.00873	0.00800	0.01333	0.63135	0.13929	0.00950	0.01192	0.01157	0.00923	0.01220	0.00937	0.01473	0.00773	0.00499	0.00454	0.00149	0.00561	0.05998	0.03128	0.00518
18	0.01506	0.01270	0.01262	0.09247	0.01493	0.24891	0.06761	0.16613	0.04471	0.18435	0.01177	0.04967	0.00899	0.00539	0.00441	0.00134	0.00562	0.00432	0.04285	0.00616
19	0.00545	0.00389	0.00519	0.00623	0.00649	0.00363	0.00415	0.00623	0.00856	0.01142	0.02465	0.83987	0.02959	0.01401	0.00571	0.00182	0.00260	0.01272	0.00415	0.00363
20	0.00529	0.00453	0.00453	0.00453	0.00604	0.00378	0.00340	0.00642	0.01020	0.01208	0.04532	0.04305	0.81307	0.01133	0.00529	0.00151	0.00227	0.00944	0.00415	0.00378
21	0.00920	0.06058	0.73724	0.01286	0.01923	0.01078	0.06098	0.01414	0.00949	0.01401	0.00800	0.00949	0.00573	0.00420	0.00425	0.00140	0.00658	0.00338	0.00191	0.00654
22	0.00935	0.12791	0.71817	0.01210	0.01836	0.01132	0.01540	0.01407	0.00940	0.01370	0.00780	0.00916	0.00568	0.00420	0.00407	0.00136	0.00638	0.00319	0.00189	0.00650
23	0.00646	0.00432	0.00489	0.00494	0.00495	0.00431	0.00277	0.00649	0.00659	0.00879	0.01454	0.06370	0.01683	0.80760	0.02204	0.00423	0.00426	0.00677	0.00277	0.00275
24	0.02547	0.00608	0.00809	0.05437	0.03111	0.00580	0.00570	0.03001	0.03303	0.22143	0.46433	0.02589	0.05503	0.00764	0.00493	0.00141	0.00298	0.00661	0.00476	0.00535
25	0.01126	0.01041	0.03128	0.23788	0.24722	0.05613	0.02361	0.06600	0.18421	0.04821	0.03190	0.01307	0.00922	0.00490	0.00448	0.00141	0.00515	0.00429	0.00301	0.00636
26	0.01958	0.00838	0.01080	0.00870	0.03302	0.03453	0.00692	0.05676	0.01310	0.73361	0.01673	0.01467	0.01063	0.00546	0.00448	0.00137	0.00404	0.00441	0.00529	0.00752
27	0.00995	0.01060	0.01962	0.01502	0.01740	0.01184	0.40988	0.01240	0.00898	0.01273	0.00924	0.01370	0.02524	0.00607	0.00928	0.00172	0.35520	0.04345	0.00227	0.00541
28	0.01328	0.01334	0.01431	0.15849	0.25604	0.24269	0.01064	0.13042	0.07211	0.03240	0.00918	0.01083	0.00717	0.00464	0.00434	0.00132	0.00599	0.00377	0.00278	0.00626
29	0.02304	0.01002	0.03908	0.19599	0.08606	0.06435	0.11829	0.10556	0.02936	0.07196	0.06863	0.01730	0.01169	0.02375	0.00524	0.00153	0.01674	0.07772	0.02801	0.00570
30	0.09392	0.15622	0.40413	0.01166	0.04277	0.09237	0.04953	0.03162	0.00986	0.01414	0.02609	0.00949	0.00660	0.00442	0.00424	0.00133	0.03009	0.00329	0.00218	0.00606
31	0.01301	0.60342	0.04387	0.00916	0.02937	0.21359	0.00828	0.01451	0.01000	0.01082	0.00649	0.00754	0.00577	0.00403	0.00323	0.00103	0.00565	0.00257	0.00201	0.00566
32	0.00916	0.00551	0.00709	0.05096	0.01969	0.00522	0.00520	0.01084	0.03323	0.18154	0.07877	0.16727	0.23059	0.08630	0.05376	0.00213	0.00373	0.04015	0.00413	0.00472
33	0.09226	0.04831	0.19236	0.01116	0.09452	0.06357	0.03041	0.07273	0.08832	0.08246	0.08271	0.01439	0.05182	0.00532	0.00424	0.00134	0.00478	0.00430	0.00322	0.05179
34	0.00933	0.00895	0.01470	0.59516	0.24531	0.02644	0.01270	0.01219	0.00936	0.01229	0.00806	0.01161	0.00627	0.00434	0.00445	0.00144	0.00583	0.00396	0.00206	0.00555
35	0.00721	0.00515	0.00721	0.00824	0.00927	0.00515	0.00721	0.00927	0.01030	0.01339	0.02368	0.05046	0.02574	0.01236	0.00618	0.00206	0.00412	0.78478	0.00412	0.00412
36	0.01084	0.01061	0.01742	0.15136	0.64882	0.03791	0.03088	0.01352	0.01009	0.01399	0.00831	0.01112	0.00686	0.00408	0.00444	0.00135	0.00556	0.00398	0.00218	0.00667
37	0.01020	0.04187	0.57445	0.01408	0.10112	0.01048	0.06495	0.01487	0.03355	0.06898	0.00902	0.01033	0.00650	0.00437	0.00446	0.00141	0.01682	0.00362	0.00228	0.00666
38	0.00537	0.00430	0.00481	0.00518	0.00622	0.00373	0.00369	0.00640	0.00965	0.01197	0.05544	0.33573	0.50726	0.01227	0.00544	0.00162	0.00238	0.01061	0.00417	0.00373
39	0.01951	0.00798	0.01055	0.00814	0.01157	0.00719	0.00671	0.06694	0.04700	0.73832	0.01727	0.01503	0.01098	0.00555	0.00450	0.00139	0.00386	0.00449	0.00543	0.00759
40	0.07344	0.03079	0.01372	0.01121	0.02810	0.27371	0.08709	0.29178	0.05570	0.04557	0.01003	0.04051	0.00793	0.00519	0.00432	0.00132	0.00591	0.00403	0.00338	0.00626
41	0.00669	0.00499	0.00559	0.00531	0.00681	0.00452	0.00402	0.00892	0.06191	0.04815	0.28851	0.03642	0.45974	0.00989	0.00515	0.00146	0.00236	0.00838	0.02689	0.00430
42	0.00579	0.00414	0.00559	0.00662	0.00703	0.00393	0.00475	0.00682	0.00890	0.01180	0.02447	0.68545	0.02883	0.01369	0.00580	0.00186	0.00289	0.16374	0.00415	0.00373
43	0.01569	0.01117	0.02349	0.00966	0.01295	0.01197	0.00799	0.51884	0.15429	0.12029	0.03399	0.01402	0.01046	0.00580	0.00456	0.00140	0.00448	0.02707	0.00458	0.00731
44	0.01104	0.01233	0.01948	0.01502	0.01743	0.11689	0.37677	0.01334	0.00933	0.01245	0.00748	0.01063	0.00628	0.00553	0.00894	0.00164	0.34341	0.00442	0.00214	0.00546
45	0.00651	0.00434	0.00488	0.00488	0.00488	0.00434	0.00271	0.00651	0.00651	0.00867	0.01409	0.02927	0.01626	0.84279	0.02277	0.00434	0.00434	0.00651	0.00271	0.00271
46	0.01107	0.01063	0.01816	0.02746	0.81489	0.01063	0.01373	0.01373	0.01019	0.01461	0.00841	0.01107	0.00709	0.00399	0.00443	0.00133	0.00531	0.00399	0.00221	0.00709
47	0.72265	0.00955	0.00762	0.00662	0.00947	0.04949	0.00542	0.08177	0.00924	0.05422	0.00714	0.00794	0.00539	0.00434	0.00305	0.00137	0.00382	0.00267	0.00301	0.00522
48	0.00639	0.00479	0.00719	0.00719	0.00799	0.00559	0.00559	0.00799	0.00719	0.01038	0.01198	0.01757	0.01118	0.03355	0.82507	0.00719	0.01198	0.00479	0.00240	0.00399
49	0.03866	0.01181	0.01257	0.00980	0.01324	0.02707	0.00803	0.61269	0.09001	0.08273	0.01162	0.01140	0.00826	0.00533	0.00439	0.00133	0.00468	0.00404	0.00441	0.03793
50	0.01047	0.06013	0.05909	0.05174	0.02258	0.01163	0.67024	0.01407	0.01028	0.01391	0.00873	0.01162	0.00663	0.00391	0.00527	0.00148	0.02510	0.00495	0.00221	0.00597
51	0.04500	0.00438	0.00438	0.00433	0.00544	0.00442	0.00326	0.01042	0.00950	0.01689	0.06044	0.01725	0.01296	0.00539	0.00324	0.00108	0.00214	0.00432	0.78095	0.00420
52	0.00582	0.00455	0.00527	0.00509	0.00637	0.00400	0.00382	0.00745	0.01145	0.01507	0.43636	0.03814	0.42017	0.01022	0.00528	0.00146	0.00219	0.00875	0.00455	0.00400
53	0.01273	0.71143	0.02169	0.00828	0.01186	0.14898	0.00781	0.01412	0.00967	0.01059	0.00633	0.00732	0.00574	0.00395	0.00306	0.00099	0.00532	0.00247	0.00198	0.00565
54	0.01812	0.00840	0.04402	0.00814	0.01153	0.00713	0.00694	0.08512	0.01334	0.64706	0.08779	0.01624	0.01334	0.00579	0.00456	0.00138	0.00386	0.00473	0.00524	0.00727
55	0.00646	0.00452	0.00583	0.00583	0.00616	0.00485	0.00390	0.00712	0.00679	0.00938	0.01322	0.02445	0.01417	0.50907	0.35362	0.00551	0.00749	0.00580	0.00258	0.00324
56	0.00529	0.00453	0.00453	0.00453	0.00604	0.00378	0.00340	0.00642	0.01020	0.01208	0.04532	0.04305	0.81307	0.01133	0.00529	0.00151	0.00227	0.00944	0.00415	0.00378
57	0.00910	0.08063	0.68210	0.01223	0.01824	0.01060	0.04840	0.01379	0.00965	0.01413	0.05409	0.01077	0.00782	0.00448	0.00425	0.00139	0.00626	0.00360	0.00208	0.00639
58	0.00996	0.01215	0.10722	0.03390	0.02026	0.01062	0.53024	0.01447	0.08674	0.01422	0.01005	0.01275	0.00774	0.00713	0.08826	0.00208	0.01885	0.00495	0.00245	0.00595
59	0.05239	0.01199	0.01272	0.00983	0.01326	0.01327	0.00811	0.73126	0.01994	0.02733	0.01073	0.01086	0.00767	0.00531	0.00434	0.00133	0.00473	0.00397	0.04362	0.00734
60	0.01056	0.01207	0.02640	0.01885	0.02338	0.01131	0.79864	0.01433	0.01056	0.01433	0.00905	0.01207	0.00679	0.00377	0.00528	0.00151	0.00754	0.00528	0.00226	0.00603

[dist]
# distance from previous block
# <min> <max>
4	7

[block]
# block no. 5 follows, 58 sequences, length 51
# corresponding to MSA columns:
# 602-652
name=unknown_F
#
# <colnr> <probs for GDERKNQSTAVLIFYWHMCP>
#	G	D	E	R	K	N	Q	S	T	A	V	L	I	F	Y	W	H	M	C	P
0	0.66139	0.01055	0.04036	0.00733	0.01032	0.06909	0.02537	0.07514	0.03610	0.01962	0.00717	0.00812	0.00550	0.00434	0.00317	0.00137	0.00413	0.00277	0.00288	0.00526
1	0.01107	0.01077	0.01772	0.07507	0.74534	0.03367	0.01351	0.01371	0.01018	0.01432	0.00834	0.01104	0.00698	0.00403	0.00442	0.00133	0.00543	0.00395	0.00220	0.00691
2	0.04636	0.74474	0.02182	0.00783	0.01150	0.06019	0.00758	0.01392	0.03183	0.01116	0.00660	0.00750	0.00593	0.00395	0.00298	0.00100	0.00487	0.00249	0.00204	0.00571
3	0.00611	0.00466	0.00568	0.00542	0.00667	0.00414	0.00404	0.00786	0.01155	0.01574	0.51296	0.09256	0.24859	0.00983	0.00522	0.00143	0.00224	0.00855	0.00456	0.04220
4	0.00651	0.00434	0.00488	0.00488	0.00488	0.00434	0.00271	0.00651	0.00651	0.00867	0.01409	0.02927	0.01626	0.84279	0.02277	0.00434	0.00434	0.00651	0.00271	0.00271
5	0.11061	0.04087	0.06500	0.06955	0.05008	0.03467	0.20894	0.08945	0.01102	0.09816	0.01396	0.06603	0.08902	0.00577	0.00482	0.00145	0.02657	0.00515	0.00312	0.00578
6	0.16292	0.23645	0.13879	0.03210	0.01325	0.05418	0.04008	0.03881	0.02619	0.07903	0.00827	0.00966	0.00657	0.00614	0.04624	0.00162	0.08813	0.00327	0.00255	0.00574
7	0.00592	0.00451	0.00547	0.00547	0.00658	0.00405	0.00409	0.00754	0.01123	0.01498	0.42255	0.13503	0.29583	0.01062	0.00538	0.00152	0.00232	0.04838	0.00453	0.00400
8	0.00614	0.00446	0.00531	0.00558	0.00654	0.00402	0.00396	0.00744	0.02299	0.03907	0.14905	0.36193	0.30904	0.04569	0.00613	0.00173	0.00253	0.01021	0.00426	0.00392
9	0.00971	0.00905	0.02931	0.00711	0.01101	0.04766	0.00580	0.01209	0.03633	0.01452	0.00825	0.00947	0.00680	0.00349	0.00341	0.00073	0.00364	0.00276	0.00268	0.77617
10	0.00609	0.00435	0.00592	0.00691	0.00746	0.00418	0.00522	0.00735	0.00930	0.01231	0.04937	0.54006	0.02865	0.01328	0.00586	0.00189	0.00311	0.28071	0.00417	0.00382
11	0.00867	0.00447	0.00454	0.00445	0.00560	0.00451	0.00336	0.01121	0.04379	0.03154	0.01480	0.01665	0.01155	0.00525	0.00321	0.00107	0.00218	0.00421	0.81455	0.00436
12	0.01032	0.01290	0.19564	0.11189	0.30476	0.01075	0.04165	0.01544	0.16344	0.02387	0.01014	0.01190	0.00787	0.00474	0.00506	0.00145	0.05494	0.00409	0.00259	0.00657
13	0.01063	0.01067	0.01579	0.09097	0.42549	0.07781	0.04228	0.01279	0.00943	0.01295	0.00841	0.03396	0.00747	0.00670	0.05063	0.00179	0.16980	0.00422	0.00222	0.00601
14	0.01401	0.01602	0.01232	0.01094	0.01269	0.47446	0.00852	0.08915	0.01155	0.01247	0.00765	0.00982	0.00660	0.00882	0.10399	0.00206	0.18784	0.00344	0.00245	0.00521
15	0.00777	0.00688	0.00826	0.00787	0.00861	0.08147	0.01540	0.00901	0.00763	0.01029	0.01150	0.04372	0.01140	0.15472	0.49188	0.00533	0.10677	0.00504	0.00244	0.00402
16	0.04475	0.08293	0.21446	0.01678	0.29818	0.03252	0.05292	0.05714	0.09492	0.02778	0.02947	0.01137	0.00815	0.00450	0.00426	0.00135	0.00539	0.00389	0.00262	0.00663
17	0.00578	0.00458	0.00512	0.00532	0.00647	0.00412	0.00386	0.00746	0.04512	0.01300	0.12976	0.25686	0.45526	0.01143	0.00532	0.00157	0.00239	0.00986	0.02277	0.00394
18	0.00584	0.00471	0.00530	0.00560	0.00697	0.00417	0.00450	0.00724	0.01023	0.01246	0.03908	0.04519	0.58605	0.01163	0.00554	0.00167	0.00280	0.23300	0.00414	0.00388
19	0.01104	0.01147	0.05346	0.04871	0.39573	0.01107	0.24765	0.06652	0.03269	0.01528	0.00897	0.01148	0.00712	0.00429	0.00512	0.00142	0.04246	0.00437	0.01457	0.00658
20	0.01123	0.01432	0.20069	0.07718	0.15059	0.05601	0.31958	0.04502	0.01077	0.05769	0.00904	0.01120	0.00673	0.00417	0.00471	0.00142	0.00658	0.00430	0.00241	0.00636
21	0.00633	0.00457	0.00598	0.00563	0.00668	0.00422	0.00422	0.00844	0.01266	0.01794	0.81253	0.03341	0.04221	0.00914	0.00528	0.00141	0.00211	0.00809	0.00492	0.00422
22	0.00651	0.00434	0.00488	0.00488	0.00488	0.00434	0.00271	0.00651	0.00651	0.00867	0.01409	0.02927	0.01626	0.84279	0.02277	0.00434	0.00434	0.00651	0.00271	0.00271
