[name]
unknown

[dist]
# distance from previous block
# <min> <max>
5	347

[block]
# block no. 0 follows, 63 sequences, length 24
# corresponding to MSA columns:
# 352-375
name=unknown_A
#
# <colnr> <probs for GDERKNQSTAVLIFYWHMCP>
#	G	D	E	R	K	N	Q	S	T	A	V	L	I	F	Y	W	H	M	C	P
0	0.00594	0.00447	0.00583	0.00639	0.00676	0.00462	0.00450	0.02422	0.02886	0.01111	0.02069	0.65083	0.02428	0.07101	0.00708	0.00188	0.06456	0.04969	0.00367	0.00363
1	0.31310	0.03137	0.00971	0.03990	0.07182	0.06705	0.00661	0.13910	0.06843	0.13286	0.04627	0.01172	0.03572	0.00485	0.00365	0.00128	0.00398	0.00361	0.00335	0.00562
2	0.00666	0.00439	0.00538	0.00560	0.00604	0.00430	0.00372	0.04472	0.00796	0.03808	0.01814	0.35822	0.04258	0.34843	0.01220	0.04271	0.00334	0.04089	0.00332	0.00332
3	0.02743	0.00493	0.00638	0.00578	0.00719	0.00452	0.00442	0.01034	0.01120	0.18079	0.51158	0.07610	0.05311	0.04702	0.00556	0.00149	0.00252	0.03062	0.00452	0.00451
4	0.01071	0.52791	0.24730	0.00878	0.01298	0.03998	0.00955	0.04977	0.02278	0.01175	0.00682	0.00784	0.00567	0.00430	0.01724	0.00115	0.00517	0.00265	0.00196	0.00568
5	0.00613	0.00437	0.00549	0.00516	0.00629	0.00395	0.00389	0.00793	0.01148	0.03817	0.66070	0.03257	0.18043	0.00887	0.00494	0.00134	0.00205	0.00774	0.00451	0.00398
6	0.00538	0.00411	0.00495	0.00538	0.00624	0.00371	0.00395	0.00652	0.00926	0.01190	0.13097	0.33370	0.32822	0.02740	0.00552	0.00162	0.00246	0.10116	0.00396	0.00357
7	0.00588	0.00426	0.00570	0.00659	0.00727	0.00409	0.00517	0.00720	0.00894	0.01165	0.02445	0.40596	0.09584	0.01223	0.00554	0.00179	0.00308	0.37685	0.00389	0.00364
8	0.00794	0.00747	0.01261	0.84216	0.02895	0.00934	0.01167	0.01074	0.00841	0.01074	0.00747	0.01121	0.00560	0.00420	0.00420	0.00140	0.00560	0.00374	0.00187	0.00467
9	0.00591	0.00430	0.00556	0.00525	0.00626	0.00395	0.00394	0.00786	0.01181	0.01664	0.79268	0.03176	0.07094	0.00868	0.00496	0.00133	0.00199	0.00765	0.00460	0.00395
10	0.00918	0.00746	0.00876	0.00628	0.01000	0.00563	0.00504	0.01104	0.00887	0.05101	0.00789	0.00897	0.00642	0.00321	0.00316	0.00065	0.00313	0.00257	0.00261	0.83811
11	0.00908	0.00769	0.00891	0.00640	0.01012	0.00598	0.00513	0.05083	0.00927	0.01434	0.00760	0.00879	0.00627	0.00321	0.00317	0.00065	0.00319	0.00256	0.00258	0.83423
12	0.00513	0.00378	0.00481	0.00557	0.00604	0.00346	0.00379	0.00597	0.00846	0.01109	0.05909	0.68158	0.16074	0.01256	0.00528	0.00164	0.00237	0.01126	0.00393	0.00346
13	0.00605	0.00407	0.00470	0.00483	0.00489	0.00405	0.00284	0.00619	0.00643	0.00856	0.01450	0.10215	0.01676	0.74321	0.01933	0.00378	0.00392	0.03835	0.00272	0.00268
14	0.00546	0.00423	0.00498	0.00490	0.00601	0.00374	0.00363	0.00695	0.01058	0.01399	0.42307	0.10530	0.37231	0.00986	0.00500	0.00140	0.00208	0.00851	0.00426	0.00374
15	0.00517	0.00422	0.00458	0.00469	0.00592	0.00363	0.00350	0.00633	0.00967	0.01192	0.12243	0.12703	0.62148	0.01074	0.00505	0.00146	0.00222	0.04240	0.00398	0.00359
16	0.01124	0.85479	0.02203	0.00719	0.01079	0.01663	0.00719	0.01259	0.00854	0.00989	0.00584	0.00674	0.00539	0.00360	0.00270	0.00090	0.00450	0.00225	0.00180	0.00539
17	0.03785	0.02070	0.76505	0.01161	0.01752	0.00978	0.01475	0.01370	0.04605	0.01370	0.00793	0.00912	0.00564	0.00407	0.00396	0.00133	0.00598	0.00315	0.00192	0.00618
18	0.00520	0.00397	0.00467	0.00514	0.00586	0.00357	0.00357	0.00607	0.00864	0.01099	0.05510	0.42225	0.33946	0.08191	0.00654	0.00178	0.00247	0.02557	0.00381	0.00342
19	0.00520	0.00369	0.00486	0.00576	0.00599	0.00346	0.00380	0.00587	0.00791	0.01054	0.02244	0.78868	0.02688	0.07527	0.00655	0.00188	0.00256	0.01152	0.00380	0.00335
20	0.00941	0.00895	0.01509	0.33448	0.49638	0.00959	0.01217	0.01200	0.00910	0.01260	0.00773	0.01065	0.00624	0.00390	0.00414	0.00129	0.00516	0.00370	0.00201	0.03540
21	0.00645	0.00516	0.00549	0.00549	0.00685	0.02837	0.00426	0.03473	0.02178	0.03317	0.07007	0.09518	0.50298	0.03069	0.00544	0.00156	0.00276	0.13179	0.00390	0.00388
22	0.44879	0.06586	0.03833	0.02179	0.01088	0.10904	0.01869	0.18786	0.01077	0.01833	0.00746	0.00902	0.00592	0.00441	0.00330	0.00126	0.00437	0.02581	0.00284	0.00527
23	0.03111	0.00428	0.00541	0.00607	0.00661	0.00422	0.00437	0.00704	0.02626	0.01136	0.04270	0.51203	0.06959	0.09483	0.00701	0.00194	0.01572	0.14219	0.00372	0.00355

[dist]
# distance from previous block
# <min> <max>
1	3

[block]
# block no. 1 follows, 63 sequences, length 7
# corresponding to MSA columns:
# 379-385
name=unknown_B
#
# <colnr> <probs for GDERKNQSTAVLIFYWHMCP>
#	G	D	E	R	K	N	Q	S	T	A	V	L	I	F	Y	W	H	M	C	P
0	0.04472	0.00554	0.04039	0.00631	0.00725	0.02878	0.00478	0.00805	0.02689	0.03936	0.07374	0.46848	0.05487	0.07964	0.04175	0.00202	0.00339	0.05657	0.00362	0.00384
1	0.04831	0.00937	0.04890	0.00808	0.01164	0.00826	0.04516	0.19711	0.06660	0.06309	0.00959	0.01081	0.00745	0.00415	0.00368	0.00099	0.00386	0.02233	0.00315	0.42747
2	0.03483	0.10028	0.13317	0.01018	0.01350	0.11424	0.14181	0.14442	0.06667	0.01515	0.06338	0.01367	0.04357	0.03878	0.00481	0.00136	0.00514	0.01709	0.00284	0.03510
3	0.13343	0.07349	0.11664	0.07682	0.04770	0.04095	0.02446	0.09918	0.03102	0.02967	0.01325	0.07624	0.10394	0.00690	0.02909	0.04363	0.00446	0.00455	0.00279	0.04180
4	0.03830	0.08315	0.06009	0.00873	0.01157	0.07540	0.05488	0.20011	0.13099	0.01638	0.04130	0.05415	0.05490	0.03106	0.00476	0.00133	0.01909	0.01781	0.00324	0.09276
5	0.06572	0.04307	0.05438	0.00768	0.02328	0.06172	0.02172	0.08557	0.02676	0.04740	0.11723	0.06545	0.12282	0.02477	0.10482	0.00201	0.04007	0.02159	0.00321	0.06073
6	0.00989	0.04407	0.08454	0.00795	0.01029	0.08923	0.01870	0.09275	0.03238	0.06586	0.14064	0.05430	0.04700	0.05988	0.03058	0.00161	0.05643	0.03947	0.00323	0.11121

[dist]
# distance from previous block
# <min> <max>
17	92

[block]
# block no. 2 follows, 63 sequences, length 17
# corresponding to MSA columns:
# 485-501
name=unknown_C
#
# <colnr> <probs for GDERKNQSTAVLIFYWHMCP>
#	G	D	E	R	K	N	Q	S	T	A	V	L	I	F	Y	W	H	M	C	P
0	0.02473	0.00551	0.00640	0.00612	0.00721	0.00552	0.00437	0.14552	0.01018	0.05729	0.06069	0.33670	0.10309	0.19687	0.00855	0.00208	0.00320	0.00811	0.00374	0.00413
1	0.00629	0.00464	0.00575	0.04013	0.00753	0.00446	0.00449	0.00797	0.03944	0.03978	0.14573	0.17404	0.27958	0.07653	0.05088	0.00200	0.00324	0.09989	0.00379	0.00384
2	0.01099	0.00778	0.00880	0.00776	0.00996	0.00838	0.00612	0.13580	0.35320	0.12660	0.05724	0.08660	0.07718	0.00800	0.03902	0.00165	0.00368	0.04108	0.00425	0.00592
3	0.01859	0.02977	0.00694	0.00621	0.00764	0.00573	0.00471	0.07653	0.07372	0.08210	0.12388	0.22788	0.15796	0.08860	0.00636	0.00171	0.00300	0.05607	0.00393	0.01867
4	0.04180	0.00438	0.00528	0.00541	0.00614	0.00427	0.00382	0.02321	0.00919	0.01307	0.25935	0.26545	0.07403	0.15909	0.03592	0.00211	0.00296	0.03038	0.05054	0.00361
5	0.00974	0.00949	0.01521	0.16940	0.55244	0.04345	0.03454	0.01217	0.00947	0.01288	0.01018	0.01344	0.05092	0.00451	0.00428	0.00131	0.00507	0.03336	0.00221	0.00593
6	0.00660	0.00485	0.00520	0.00521	0.00559	0.03497	0.00330	0.02973	0.00752	0.00997	0.04918	0.15092	0.05404	0.53971	0.04228	0.00327	0.00396	0.00686	0.03374	0.00309
7	0.00577	0.00427	0.00521	0.00551	0.00627	0.00400	0.00392	0.03407	0.00941	0.01240	0.17362	0.38827	0.20116	0.08192	0.00653	0.00177	0.00257	0.04577	0.00393	0.00362
8	0.03203	0.00479	0.00547	0.00538	0.00656	0.00458	0.00395	0.02478	0.05293	0.06543	0.14273	0.20853	0.23526	0.06895	0.00583	0.00160	0.00256	0.01980	0.10478	0.00405
9	0.07048	0.00657	0.00686	0.00587	0.00769	0.00695	0.00461	0.23129	0.01171	0.06681	0.01232	0.01430	0.00965	0.06612	0.00468	0.00132	0.00303	0.00395	0.46082	0.00495
10	0.05345	0.00545	0.00596	0.00555	0.00697	0.00557	0.00419	0.06683	0.08451	0.09062	0.05618	0.13746	0.03704	0.04759	0.00466	0.00137	0.00266	0.00552	0.37386	0.00458
11	0.00608	0.00443	0.00524	0.00559	0.00631	0.00429	0.00389	0.03445	0.05157	0.01194	0.04815	0.44475	0.16760	0.11172	0.00696	0.00186	0.00268	0.02305	0.05576	0.00369
12	0.69922	0.00751	0.00628	0.00558	0.00800	0.00844	0.00454	0.01239	0.00803	0.07577	0.08727	0.01013	0.00867	0.00450	0.00296	0.00129	0.00310	0.00300	0.03866	0.00465
13	0.00760	0.00455	0.00520	0.00562	0.04948	0.00450	0.00380	0.02780	0.00888	0.02630	0.01724	0.06160	0.11192	0.08167	0.04527	0.00165	0.00289	0.00515	0.52492	0.00399
14	0.00795	0.00509	0.02011	0.00586	0.00716	0.00451	0.00444	0.00950	0.03917	0.14899	0.09621	0.23885	0.21624	0.11545	0.00702	0.00183	0.00291	0.06049	0.00399	0.00421
15	0.01465	0.00756	0.00921	0.00739	0.01005	0.00739	0.00598	0.19956	0.05379	0.40126	0.12185	0.03901	0.03153	0.00595	0.00428	0.00129	0.00342	0.00488	0.06464	0.00631
16	0.04615	0.00799	0.01014	0.00780	0.01105	0.00748	0.00644	0.15785	0.01322	0.66334	0.01511	0.01333	0.00965	0.00513	0.00417	0.00129	0.00375	0.00409	0.00495	0.00707

[dist]
# distance from previous block
# <min> <max>
0	13

[block]
# block no. 3 follows, 63 sequences, length 39
# corresponding to MSA columns:
# 515-553
name=unknown_D
#
# <colnr> <probs for GDERKNQSTAVLIFYWHMCP>
#	G	D	E	R	K	N	Q	S	T	A	V	L	I	F	Y	W	H	M	C	P
0	0.00715	0.00446	0.00567	0.00587	0.00680	0.00413	0.00427	0.00842	0.02470	0.11007	0.09957	0.40290	0.14409	0.07718	0.00641	0.00178	0.00275	0.07580	0.00403	0.00397
1	0.02100	0.00433	0.00454	0.00439	0.00551	0.00438	0.00333	0.03168	0.00906	0.03733	0.01460	0.01654	0.04371	0.01619	0.05283	0.00140	0.00268	0.00416	0.71829	0.00406
2	0.02638	0.00556	0.00642	0.00616	0.00765	0.00555	0.00473	0.01137	0.18766	0.06863	0.22665	0.13007	0.21936	0.00892	0.00483	0.00146	0.00265	0.06710	0.00422	0.00460
3	0.00608	0.00408	0.00460	0.00459	0.00465	0.00406	0.00259	0.00615	0.00632	0.00841	0.03193	0.02788	0.03325	0.81535	0.02068	0.00396	0.00399	0.00621	0.00262	0.00260
4	0.00641	0.00467	0.00626	0.00668	0.00773	0.00445	0.00552	0.00822	0.01013	0.01363	0.24927	0.10544	0.06334	0.01050	0.00538	0.00167	0.00311	0.44414	0.00403	0.03941
5	0.00526	0.00439	0.03847	0.00610	0.00659	0.00367	0.00438	0.00616	0.00808	0.01084	0.02253	0.81532	0.02689	0.01280	0.00531	0.00169	0.00259	0.01159	0.00382	0.00353
6	0.00898	0.00696	0.03952	0.01618	0.02248	0.04270	0.03679	0.10790	0.00835	0.01131	0.00851	0.03623	0.00784	0.01166	0.05613	0.46425	0.04687	0.00392	0.03499	0.02843
7	0.00991	0.00859	0.00948	0.02414	0.05162	0.00977	0.00677	0.02015	0.68895	0.01667	0.01802	0.05053	0.05452	0.00613	0.00435	0.00143	0.00335	0.00519	0.00409	0.00633
8	0.04603	0.01005	0.04229	0.24178	0.46506	0.06259	0.01164	0.01236	0.00938	0.01303	0.04080	0.01109	0.00751	0.00412	0.00411	0.00129	0.00517	0.00375	0.00214	0.00580
9	0.00949	0.00979	0.01334	0.01127	0.01175	0.06516	0.06651	0.01064	0.00706	0.01035	0.00611	0.00965	0.00585	0.00821	0.05758	0.00203	0.68490	0.00375	0.00190	0.00465
10	0.00512	0.00366	0.00488	0.00585	0.00610	0.00341	0.00390	0.00585	0.00805	0.01073	0.02317	0.84952	0.02780	0.01317	0.00537	0.00171	0.00244	0.01195	0.00390	0.00341
11	0.00584	0.00444	0.00540	0.00552	0.00658	0.00412	0.00424	0.00763	0.03328	0.01359	0.31850	0.11738	0.27938	0.03315	0.00558	0.00157	0.00249	0.14340	0.00413	0.00380
12	0.00625	0.00513	0.00640	0.00709	0.08192	0.00474	0.00482	0.00833	0.04903	0.01371	0.27598	0.03378	0.38727	0.00910	0.00490	0.00140	0.00257	0.07473	0.00395	0.01890
13	0.00622	0.00435	0.00567	0.00533	0.00637	0.00400	0.00400	0.00814	0.01177	0.03598	0.76908	0.04697	0.05889	0.00865	0.00495	0.00133	0.00203	0.00764	0.00461	0.00402
14	0.00601	0.00450	0.00676	0.00676	0.00751	0.00525	0.00525	0.00751	0.00676	0.00976	0.01126	0.01651	0.01051	0.03153	0.83560	0.00676	0.01126	0.00450	0.00225	0.00375
15	0.00645	0.00492	0.00688	0.06132	0.04408	0.00496	0.00614	0.00832	0.03563	0.01196	0.02196	0.32348	0.06707	0.01110	0.00538	0.00175	0.00341	0.36754	0.00369	0.00396
16	0.00623	0.00474	0.00681	0.00669	0.00727	0.00556	0.00508	0.00745	0.00663	0.00953	0.01121	0.01778	0.01094	0.15987	0.65392	0.00602	0.06368	0.00471	0.00227	0.00362
17	0.00525	0.00381	0.00494	0.00570	0.00613	0.00353	0.00391	0.00614	0.00853	0.01134	0.09659	0.67117	0.09406	0.02756	0.00560	0.00170	0.00244	0.03417	0.00394	0.00347
18	0.06331	0.00559	0.00615	0.00605	0.00760	0.00558	0.00478	0.01061	0.15838	0.04447	0.06635	0.05735	0.34914	0.03329	0.00531	0.00159	0.00288	0.16329	0.00393	0.00437
19	0.01578	0.01166	0.01251	0.00958	0.01295	0.01283	0.00791	0.78980	0.01946	0.02614	0.01002	0.01005	0.00712	0.00499	0.00418	0.00124	0.00458	0.00375	0.00416	0.03129
20	0.02426	0.00423	0.00527	0.00527	0.00619	0.00390	0.00385	0.00729	0.01061	0.01476	0.51727	0.21371	0.14827	0.00980	0.00500	0.00142	0.00213	0.00864	0.00432	0.00380
21	0.65737	0.00760	0.00654	0.00580	0.00824	0.00846	0.00470	0.03757	0.00829	0.09397	0.03061	0.06387	0.04286	0.00507	0.00314	0.00133	0.00319	0.00355	0.00309	0.00475
22	0.00608	0.00437	0.00523	0.00526	0.00632	0.00400	0.00387	0.00779	0.03571	0.03844	0.30005	0.21947	0.28070	0.01000	0.00495	0.00144	0.00226	0.02284	0.03735	0.00389
23	0.00659	0.00490	0.00567	0.00541	0.00679	0.00459	0.00412	0.00920	0.09725	0.04932	0.33452	0.06419	0.35074	0.00923	0.00490	0.00140	0.00233	0.03039	0.00427	0.00420
24	0.00602	0.00409	0.00472	0.00474	0.00487	0.00408	0.00279	0.00623	0.00658	0.00879	0.04725	0.05719	0.04729	0.72085	0.05458	0.00389	0.00417	0.00642	0.00272	0.00273
25	0.00660	0.00448	0.00568	0.00570	0.00671	0.00417	0.00421	0.00842	0.04099	0.06627	0.35524	0.28847	0.13289	0.01010	0.00505	0.00148	0.00238	0.04281	0.00430	0.00404
26	0.01528	0.01125	0.01212	0.00943	0.01259	0.01242	0.00773	0.76021	0.01901	0.02548	0.01093	0.06404	0.00848	0.00557	0.00428	0.00129	0.00449	0.00431	0.00419	0.00691
27	0.00629	0.00491	0.00723	0.00705	0.00773	0.00587	0.00551	0.00773	0.00691	0.01003	0.04170	0.01662	0.01125	0.04317	0.71542	0.00606	0.08582	0.00458	0.00231	0.00382
28	0.00732	0.00391	0.00565	0.00561	0.00574	0.00399	0.00379	0.00623	0.03647	0.00783	0.00807	0.01361	0.00795	0.04687	0.05142	0.77365	0.00398	0.00382	0.00196	0.00212
29	0.03888	0.00948	0.01026	0.00834	0.01111	0.02431	0.00673	0.36845	0.19923	0.14883	0.05573	0.02595	0.01109	0.00548	0.00415	0.00130	0.00385	0.00434	0.05598	0.00651
30	0.01570	0.02004	0.01191	0.01083	0.01300	0.83539	0.00812	0.01679	0.01191	0.01029	0.00650	0.00758	0.00541	0.00433	0.00379	0.00108	0.00758	0.00271	0.00217	0.00487
31	0.00700	0.01868	0.00715	0.00628	0.00760	0.00508	0.03910	0.03949	0.04407	0.03560	0.58268	0.09665	0.05767	0.00848	0.00490	0.00137	0.00252	0.02700	0.00436	0.00431
32	0.01414	0.01110	0.01164	0.07048	0.01337	0.06516	0.00773	0.54411	0.10946	0.03592	0.01079	0.01187	0.00817	0.06035	0.00531	0.00146	0.00469	0.00398	0.00382	0.00646
33	0.01212	0.00793	0.00914	0.00799	0.01040	0.00855	0.00633	0.01988	0.49398	0.23469	0.02999	0.01716	0.02917	0.00757	0.05777	0.00175	0.00388	0.03092	0.00438	0.00640
34	0.00591	0.00447	0.00559	0.00600	0.00704	0.00419	0.00480	0.00758	0.02224	0.01280	0.17179	0.14786	0.27214	0.01089	0.00532	0.00163	0.00280	0.29915	0.00403	0.00377
35	0.01177	0.09406	0.05096	0.06902	0.46960	0.05344	0.02239	0.03393	0.02198	0.11976	0.00892	0.01047	0.00694	0.00405	0.00402	0.00123	0.00498	0.00361	0.00252	0.00636
36	0.01258	0.00824	0.04103	0.00881	0.01150	0.00765	0.10506	0.13870	0.09209	0.27788	0.03625	0.13399	0.05565	0.00689	0.00506	0.03911	0.00397	0.00567	0.00404	0.00585
37	0.00649	0.00456	0.00536	0.00522	0.00656	0.00405	0.00402	0.00806	0.02108	0.07174	0.26780	0.07328	0.42025	0.00978	0.00499	0.00144	0.00237	0.07474	0.00421	0.00399
38	0.01665	0.00761	0.09636	0.02000	0.03197	0.00608	0.08997	0.04802	0.04746	0.01309	0.05884	0.17175	0.34060	0.00872	0.00482	0.00145	0.00349	0.02515	0.00346	0.00449

[dist]
# distance from previous block
# <min> <max>
14	37

[block]
# block no. 4 follows, 63 sequences, length 17
# corresponding to MSA columns:
# 600-616
name=unknown_E
#
# <colnr> <probs for GDERKNQSTAVLIFYWHMCP>
#	G	D	E	R	K	N	Q	S	T	A	V	L	I	F	Y	W	H	M	C	P
0	0.59274	0.00949	0.06370	0.00670	0.00960	0.02932	0.00586	0.10485	0.00929	0.08149	0.00859	0.02940	0.02510	0.00454	0.00316	0.00131	0.00370	0.00306	0.00298	0.00512
1	0.00813	0.00610	0.00738	0.00620	0.00822	0.00563	0.00483	0.03349	0.04195	0.05066	0.21942	0.03973	0.06759	0.04382	0.04572	0.00151	0.04712	0.01805	0.05451	0.28995
2	0.36365	0.00705	0.00759	0.00756	0.07147	0.00740	0.00539	0.03427	0.02482	0.16120	0.08109	0.06983	0.04313	0.06938	0.00506	0.00156	0.00336	0.02778	0.00344	0.00496
3	0.00767	0.00628	0.00639	0.00616	0.00727	0.08139	0.00447	0.01867	0.06528	0.03155	0.11886	0.13136	0.12828	0.20449	0.00916	0.04338	0.00352	0.07302	0.00340	0.04940
4	0.00959	0.00696	0.00849	0.00740	0.00926	0.02602	0.04454	0.13382	0.08002	0.10445	0.12469	0.17848	0.14211	0.02656	0.00531	0.00148	0.02398	0.03405	0.00397	0.02882
5	0.00639	0.00436	0.00527	0.00527	0.00641	0.00386	0.00389	0.00769	0.01003	0.07604	0.25018	0.23821	0.32906	0.01031	0.00503	0.00147	0.00232	0.02611	0.00420	0.00392
6	0.00670	0.00456	0.00556	0.00558	0.00665	0.00427	0.00409	0.00829	0.04272	0.07741	0.14626	0.24772	0.25947	0.06831	0.07041	0.00208	0.00324	0.02884	0.00391	0.00395
7	0.00946	0.01058	0.11027	0.06744	0.05033	0.00856	0.35707	0.01219	0.00913	0.04048	0.00824	0.01061	0.00639	0.00446	0.00520	0.06905	0.00549	0.00392	0.00223	0.20889
8	0.01316	0.01573	0.01161	0.01044	0.01201	0.53624	0.00807	0.01480	0.05233	0.01059	0.00719	0.00907	0.00622	0.00721	0.07055	0.00172	0.20284	0.00318	0.00221	0.00482
9	0.00637	0.00488	0.00657	0.00639	0.00724	0.00525	0.00478	0.00784	0.02708	0.01066	0.04482	0.14700	0.03717	0.12333	0.40781	0.00431	0.05088	0.00589	0.02038	0.07135
10	0.00758	0.00465	0.00576	0.00559	0.00685	0.00418	0.00422	0.00887	0.00995	0.13709	0.20311	0.17238	0.25829	0.07290	0.00623	0.00167	0.00267	0.07974	0.00416	0.00412
11	0.00901	0.00486	0.00630	0.00615	0.00745	0.00440	0.00457	0.01030	0.02240	0.22977	0.05915	0.40331	0.12540	0.03873	0.00554	0.00163	0.00283	0.04947	0.00424	0.00450
12	0.00992	0.01134	0.02481	0.01772	0.02197	0.01063	0.81077	0.01347	0.00992	0.01347	0.00850	0.01134	0.00638	0.00354	0.00496	0.00142	0.00709	0.00496	0.00213	0.00567
13	0.12166	0.00557	0.00605	0.00561	0.00683	0.00589	0.00416	0.10159	0.03261	0.02628	0.01304	0.05237	0.05821	0.09283	0.04693	0.18484	0.00353	0.00455	0.22356	0.00388
14	0.04828	0.00478	0.00563	0.00567	0.00664	0.00464	0.00411	0.03083	0.03416	0.04941	0.16733	0.26207	0.14924	0.14688	0.00761	0.00193	0.00285	0.06027	0.00383	0.00385
15	0.00552	0.00395	0.00529	0.00621	0.00664	0.00376	0.00450	0.00652	0.00841	0.01110	0.02318	0.62346	0.04695	0.03583	0.00590	0.00182	0.00280	0.19082	0.00386	0.00350
16	0.23350	0.00855	0.00939	0.00756	0.01056	0.00890	0.00619	0.17344	0.11871	0.36200	0.01270	0.01179	0.00862	0.00491	0.00382	0.00131	0.00367	0.00372	0.00423	0.00644

[dist]
# distance from previous block
# <min> <max>
0	2

[block]
# block no. 5 follows, 63 sequences, length 14
# corresponding to MSA columns:
# 619-627,633-637
name=unknown_F
#
# <colnr> <probs for GDERKNQSTAVLIFYWHMCP>
#	G	D	E	R	K	N	Q	S	T	A	V	L	I	F	Y	W	H	M	C	P
0	0.02642	0.00675	0.00788	0.00706	0.00847	0.00739	0.00546	0.16510	0.09555	0.03859	0.12138	0.06605	0.05600	0.15080	0.05043	0.00216	0.07223	0.06257	0.04499	0.00471
1	0.00554	0.00429	0.00503	0.00519	0.00615	0.00393	0.00373	0.00717	0.04364	0.01278	0.23939	0.27409	0.32593	0.03678	0.00556	0.00156	0.00229	0.00918	0.00407	0.00372
2	0.00611	0.00410	0.00469	0.00469	0.00473	0.00413	0.00268	0.00618	0.00615	0.00823	0.01315	0.02696	0.01505	0.81156	0.06178	0.00421	0.00443	0.00603	0.00253	0.00261
3	0.01090	0.00736	0.00857	0.06080	0.07722	0.05087	0.00619	0.11113	0.06689	0.13421	0.04354	0.03652	0.04515	0.00679	0.04234	0.00148	0.00388	0.02080	0.26007	0.00527
4	0.04894	0.00860	0.02837	0.00798	0.02574	0.17137	0.00613	0.02259	0.03592	0.01141	0.05327	0.01494	0.01071	0.05173	0.44947	0.00429	0.02034	0.00419	0.01975	0.00426
5	0.00605	0.00495	0.00530	0.00510	0.00638	0.02400	0.00380	0.03355	0.02562	0.01365	0.29887	0.07220	0.44101	0.03419	0.00540	0.00146	0.00239	0.00812	0.00408	0.00386
6	0.00897	0.00896	0.01265	0.04301	0.01190	0.03771	0.05130	0.01018	0.00692	0.01028	0.00655	0.01032	0.00623	0.01017	0.12251	0.00243	0.62961	0.00383	0.00192	0.00455
7	0.00623	0.00513	0.00654	0.00678	0.00746	0.04257	0.05077	0.02973	0.00864	0.01124	0.02143	0.68005	0.05048	0.04440	0.00584	0.00173	0.00306	0.01056	0.00368	0.00369
8	0.64724	0.00786	0.00715	0.00606	0.00884	0.00855	0.00499	0.01457	0.00848	0.23917	0.00877	0.00886	0.00614	0.00426	0.00304	0.00130	0.00334	0.00281	0.00331	0.00526
9	0.00872	0.00747	0.00872	0.00623	0.00996	0.00560	0.00498	0.01058	0.00872	0.01370	0.00747	0.00872	0.00623	0.00311	0.00311	0.00062	0.00311	0.00249	0.00249	0.87796
10	0.00877	0.00843	0.01452	0.54460	0.25198	0.00969	0.05438	0.01147	0.00876	0.01171	0.00759	0.01093	0.00594	0.00413	0.00451	0.00137	0.03018	0.00380	0.00194	0.00528
11	0.00841	0.00857	0.03491	0.00869	0.00960	0.11139	0.00706	0.00971	0.00742	0.01013	0.00886	0.02841	0.00848	0.05630	0.35624	0.00385	0.28190	0.00411	0.00214	0.03383
12	0.02054	0.03248	0.03421	0.04210	0.04237	0.03178	0.03907	0.05176	0.04431	0.04289	0.01849	0.01037	0.00725	0.00576	0.03709	0.06936	0.03029	0.00320	0.00259	0.43407
13	0.03564	0.00592	0.00674	0.00640	0.00772	0.01879	0.00487	0.03065	0.12058	0.07373	0.08111	0.15921	0.23079	0.06671	0.01955	0.01629	0.05549	0.05166	0.00376	0.00439

[dist]
# distance from previous block
# <min> <max>
0	4

[block]
# block no. 6 follows, 63 sequences, length 17
# corresponding to MSA columns:
# 642-658
name=unknown_G
#
# <colnr> <probs for GDERKNQSTAVLIFYWHMCP>
#	G	D	E	R	K	N	Q	S	T	A	V	L	I	F	Y	W	H	M	C	P
0	0.00702	0.00494	0.00591	0.00609	0.01990	0.00474	0.00428	0.08541	0.00974	0.04560	0.06060	0.36817	0.21025	0.10563	0.00686	0.00182	0.00286	0.02930	0.01692	0.00396
1	0.00543	0.00387	0.00505	0.00581	0.00628	0.00360	0.00409	0.00620	0.00834	0.01094	0.04639	0.59719	0.12167	0.01268	0.00605	0.05667	0.00261	0.08995	0.00379	0.00339
2	0.00791	0.00617	0.00734	0.00592	0.00848	0.00499	0.00460	0.00975	0.02353	0.04640	0.15857	0.08638	0.09512	0.02373	0.00431	0.00105	0.00282	0.01977	0.00329	0.47986
3	0.02258	0.00442	0.00540	0.00540	0.00618	0.00418	0.00374	0.00769	0.00844	0.07410	0.12669	0.23673	0.12368	0.26914	0.04951	0.00254	0.00341	0.02681	0.00356	0.01581
4	0.01308	0.00931	0.01019	0.00828	0.01097	0.01003	0.00676	0.48688	0.08332	0.06887	0.05193	0.01766	0.09440	0.00628	0.00437	0.00133	0.00390	0.05787	0.04837	0.00621
5	0.00611	0.00410	0.00473	0.00473	0.00478	0.00415	0.00273	0.00621	0.00616	0.00826	0.01311	0.02677	0.01496	0.79718	0.07604	0.00426	0.00456	0.00601	0.00253	0.00263
6	0.00801	0.00548	0.00680	0.00695	0.00820	0.00551	0.00543	0.05100	0.12063	0.08178	0.02253	0.32659	0.09048	0.01041	0.00515	0.00165	0.00315	0.23167	0.00407	0.00450
7	0.03004	0.00740	0.00902	0.00763	0.01005	0.00735	0.00618	0.19172	0.06153	0.32875	0.07240	0.11094	0.03230	0.00714	0.00457	0.00142	0.00356	0.09750	0.00451	0.00598
8	0.00914	0.00775	0.00894	0.00650	0.01015	0.00618	0.00520	0.04925	0.04612	0.01448	0.00804	0.00910	0.00657	0.00332	0.00322	0.00069	0.00319	0.00266	0.00265	0.79684
9	0.04260	0.00915	0.00973	0.00793	0.01051	0.00986	0.00638	0.51339	0.03267	0.02138	0.01741	0.09304	0.15934	0.00679	0.00435	0.00133	0.00378	0.00544	0.03901	0.00591
10	0.03652	0.00496	0.00634	0.00600	0.00701	0.00491	0.04230	0.00772	0.03064	0.01212	0.15375	0.15537	0.23625	0.15598	0.05016	0.00219	0.03707	0.02479	0.02222	0.00371
11	0.00528	0.00379	0.00493	0.00564	0.00600	0.00353	0.00380	0.00613	0.00845	0.01133	0.12121	0.66633	0.05659	0.06808	0.00636	0.00181	0.00248	0.01092	0.00390	0.00343
12	0.18257	0.00709	0.00839	0.00686	0.00956	0.00688	0.00556	0.03439	0.06505	0.47868	0.06532	0.05204	0.01202	0.00555	0.00396	0.00131	0.00330	0.00443	0.04092	0.00611
13	0.00636	0.00493	0.00586	0.00607	0.00720	0.00480	0.00467	0.03193	0.09120	0.01323	0.13288	0.24187	0.25692	0.01054	0.00514	0.00158	0.00272	0.16400	0.00404	0.00405
14	0.00633	0.00467	0.00598	0.00634	0.00696	0.00482	0.00456	0.06076	0.02013	0.01185	0.02031	0.52927	0.05849	0.04792	0.11121	0.00239	0.03316	0.03680	0.02426	0.00379
15	0.00859	0.00734	0.00858	0.00621	0.00982	0.00553	0.00494	0.01042	0.00869	0.01359	0.00803	0.03880	0.00700	0.00347	0.00319	0.00066	0.00309	0.00283	0.00254	0.84667
16	0.00575	0.00400	0.00517	0.00563	0.00625	0.00369	0.00395	0.00685	0.00920	0.03470	0.21840	0.51764	0.09693	0.03609	0.00568	0.00165	0.00241	0.02827	0.00407	0.00365

[dist]
# distance from previous block
# <min> <max>
0	1

[block]
# block no. 7 follows, 63 sequences, length 86
# corresponding to MSA columns:
# 661-673,676-748
name=unknown_H
#
# <colnr> <probs for GDERKNQSTAVLIFYWHMCP>
#	G	D	E	R	K	N	Q	S	T	A	V	L	I	F	Y	W	H	M	C	P
0	0.00950	0.00804	0.00964	0.00785	0.06477	0.00658	0.00579	0.08482	0.00980	0.01488	0.00774	0.00896	0.00634	0.00333	0.00328	0.00072	0.00338	0.00269	0.00262	0.73925
1	0.01085	0.02662	0.00969	0.00765	0.01032	0.02630	0.03804	0.09451	0.15606	0.13813	0.09442	0.05607	0.06296	0.00586	0.00431	0.00120	0.01775	0.01945	0.00373	0.21609
2	0.01226	0.01075	0.01357	0.09403	0.07121	0.11604	0.14007	0.22221	0.06029	0.07307	0.03257	0.02344	0.00880	0.05169	0.01955	0.00155	0.02300	0.00425	0.00310	0.01853
3	0.00565	0.00422	0.00522	0.00535	0.00617	0.00396	0.00385	0.00710	0.02366	0.01293	0.31126	0.23785	0.19504	0.08301	0.05765	0.00202	0.00294	0.02451	0.00395	0.00365
4	0.00551	0.00409	0.00519	0.00585	0.00645	0.00387	0.00414	0.00694	0.04147	0.01178	0.09869	0.58286	0.12618	0.01202	0.00527	0.00164	0.00250	0.06790	0.00398	0.00365
5	0.01010	0.00994	0.03106	0.04241	0.18053	0.07075	0.09916	0.02630	0.04951	0.04514	0.00894	0.03951	0.00787	0.00765	0.06964	0.00190	0.27438	0.01750	0.00238	0.00534
6	0.00914	0.03684	0.01291	0.02600	0.03869	0.02574	0.05231	0.01038	0.00719	0.02764	0.00781	0.02614	0.02520	0.00943	0.09690	0.00223	0.57464	0.00405	0.00207	0.00468
7	0.01447	0.00771	0.00939	0.00774	0.01030	0.00765	0.00617	0.21385	0.07789	0.38315	0.03086	0.15965	0.01360	0.02202	0.00477	0.00143	0.00360	0.01489	0.00458	0.00628
8	0.00892	0.00759	0.00883	0.00632	0.01005	0.00581	0.00507	0.03317	0.00903	0.01406	0.00755	0.00876	0.00625	0.00317	0.00314	0.00064	0.00316	0.00253	0.00254	0.85342
9	0.00669	0.00465	0.00588	0.00556	0.00677	0.00427	0.00419	0.00875	0.03810	0.05712	0.53697	0.11921	0.11666	0.00893	0.00490	0.00137	0.00227	0.02992	0.00440	0.03338
10	0.00608	0.00411	0.00483	0.00491	0.00525	0.00402	0.00314	0.00670	0.00758	0.01041	0.12661	0.09998	0.06178	0.51696	0.03226	0.00313	0.00356	0.03880	0.05687	0.00303
11	0.03257	0.00781	0.00994	0.00767	0.01084	0.00729	0.00632	0.15198	0.01311	0.64845	0.01520	0.01353	0.00978	0.00514	0.00414	0.00128	0.00368	0.00411	0.04018	0.00698
12	0.08029	0.02486	0.00991	0.00768	0.01065	0.00780	0.00631	0.07191	0.11964	0.55375	0.02941	0.01367	0.01037	0.00525	0.00437	0.00132	0.02728	0.00413	0.00465	0.00673
13	0.00648	0.00431	0.00542	0.00580	0.00653	0.00406	0.00403	0.00790	0.04851	0.07017	0.08017	0.54615	0.11104	0.07095	0.00629	0.00177	0.00261	0.00999	0.00397	0.00383
14	0.00558	0.00418	0.00515	0.00565	0.00630	0.00396	0.00393	0.00714	0.05587	0.01187	0.12077	0.52256	0.15755	0.05002	0.00593	0.00171	0.00248	0.02173	0.00395	0.00366
15	0.00872	0.00747	0.00872	0.00623	0.00996	0.00560	0.00498	0.01058	0.00872	0.01370	0.00747	0.00872	0.00623	0.00311	0.00311	0.00062	0.00311	0.00249	0.00249	0.87796
16	0.00520	0.00373	0.00486	0.00572	0.00606	0.00346	0.00386	0.00590	0.00811	0.01069	0.02421	0.74217	0.09111	0.02531	0.00583	0.02159	0.00249	0.02247	0.00383	0.00338
17	0.03163	0.00597	0.00759	0.00644	0.00863	0.00542	0.00509	0.02759	0.03088	0.41632	0.11309	0.09989	0.14217	0.02500	0.02370	0.00154	0.00322	0.01563	0.02469	0.00552
18	0.00564	0.02189	0.00560	0.00584	0.00651	0.00401	0.00426	0.00687	0.00935	0.01256	0.23340	0.47352	0.08376	0.01143	0.00523	0.00160	0.00250	0.09833	0.00404	0.00366
19	0.00861	0.00635	0.00679	0.00612	0.00770	0.03381	0.00472	0.09771	0.13952	0.03183	0.32194	0.02306	0.09857	0.00697	0.00429	0.00126	0.00271	0.00586	0.18742	0.00477
20	0.01060	0.01061	0.01601	0.02316	0.69430	0.08622	0.02346	0.01289	0.00976	0.01327	0.00927	0.02880	0.03437	0.00423	0.00419	0.00125	0.00511	0.00401	0.00219	0.00631
21	0.00605	0.00425	0.00508	0.00507	0.00560	0.00419	0.00338	0.00671	0.00746	0.02261	0.07214	0.05158	0.16932	0.45027	0.15126	0.00369	0.00470	0.02048	0.00299	0.00315
22	0.00792	0.00538	0.00650	0.00593	0.00742	0.00525	0.00453	0.01133	0.15254	0.09646	0.45692	0.02770	0.14968	0.00826	0.00515	0.03070	0.00245	0.00683	0.00442	0.00462
23	0.00524	0.00393	0.00488	0.00549	0.00614	0.00357	0.00388	0.00622	0.00885	0.01148	0.09183	0.52848	0.23779	0.01206	0.00525	0.00161	0.00240	0.05342	0.00396	0.00352
24	0.00709	0.00380	0.00533	0.00546	0.00568	0.00377	0.00379	0.00621	0.00640	0.00886	0.01099	0.06824	0.02624	0.04646	0.01357	0.61758	0.00341	0.06602	0.08876	0.00235
25	0.02222	0.00829	0.00936	0.00802	0.01001	0.05176	0.02064	0.26377	0.08675	0.06000	0.04437	0.01492	0.01074	0.06964	0.28079	0.00328	0.00664	0.00439	0.01909	0.00531
26	0.01555	0.01362	0.01198	0.00973	0.01263	0.24721	0.00779	0.51972	0.01668	0.04806	0.00939	0.00981	0.00693	0.00559	0.02738	0.00136	0.00557	0.00351	0.02116	0.00634
27	0.13935	0.00771	0.00876	0.00713	0.00971	0.00779	0.00573	0.20766	0.02224	0.31526	0.06865	0.05044	0.06212	0.05144	0.00504	0.00146	0.00354	0.00478	0.01531	0.00589
28	0.00614	0.00456	0.00565	0.00580	0.00660	0.00455	0.00428	0.00793	0.05836	0.01184	0.15538	0.13260	0.14243	0.19914	0.11695	0.00280	0.00409	0.12371	0.00353	0.00365
29	0.01182	0.19081	0.12063	0.00961	0.03283	0.06845	0.05122	0.14694	0.15574	0.06191	0.01019	0.02499	0.00792	0.00456	0.00380	0.00118	0.00466	0.00360	0.01763	0.07151
30	0.00798	0.00486	0.00608	0.00573	0.00724	0.00435	0.00455	0.00961	0.01085	0.15292	0.31640	0.03384	0.27622	0.00913	0.00497	0.00145	0.00260	0.13249	0.00438	0.00436
31	0.05280	0.00531	0.00607	0.00573	0.00707	0.00518	0.00428	0.07508	0.04287	0.05902	0.17586	0.15417	0.25262	0.05177	0.00644	0.06515	0.00278	0.01984	0.00387	0.00411
32	0.00965	0.01026	0.05004	0.16024	0.27583	0.02307	0.24600	0.03464	0.00948	0.01302	0.00888	0.03023	0.01741	0.00455	0.00524	0.00140	0.07357	0.01864	0.00218	0.00567
33	0.00996	0.00834	0.00892	0.00796	0.01017	0.00940	0.00620	0.07988	0.60421	0.01779	0.12104	0.01880	0.06628	0.00633	0.00440	0.00140	0.00318	0.00530	0.00429	0.00616
34	0.00538	0.00417	0.00489	0.00501	0.00604	0.00370	0.00369	0.00667	0.00994	0.01290	0.27465	0.19700	0.38952	0.02257	0.00531	0.00150	0.00224	0.03708	0.00410	0.00365
35	0.02592	0.00499	0.00683	0.00664	0.00746	0.00573	0.00513	0.03414	0.00754	0.01102	0.03566	0.04987	0.04443	0.06972	0.57151	0.00520	0.05614	0.00500	0.04323	0.00386
36	0.10527	0.01127	0.01022	0.08436	0.01274	0.21729	0.00739	0.20545	0.05165	0.08764	0.01199	0.04283	0.02624	0.00590	0.00418	0.00134	0.00494	0.10049	0.00334	0.00546
37	0.86584	0.00805	0.00614	0.00550	0.00807	0.00933	0.00452	0.01231	0.00718	0.01880	0.00600	0.00699	0.00467	0.00392	0.00261	0.00129	0.00323	0.00231	0.01869	0.00454
38	0.00601	0.00447	0.00666	0.00669	0.00743	0.00519	0.00518	0.00750	0.00682	0.00988	0.01160	0.03717	0.01094	0.03063	0.80121	0.00654	0.01089	0.00468	0.01676	0.00375
39	0.00913	0.03769	0.03029	0.11262	0.02868	0.00924	0.46227	0.02546	0.01938	0.02754	0.07611	0.06412	0.02514	0.00523	0.00481	0.00143	0.00570	0.04735	0.00262	0.00522
40	0.00839	0.00813	0.01193	0.04788	0.02963	0.03017	0.07346	0.00973	0.00719	0.01044	0.00851	0.07225	0.00842	0.02768	0.17797	0.00278	0.45429	0.00458	0.00212	0.00445
41	0.13403	0.00716	0.00883	0.00708	0.00993	0.00675	0.00577	0.03619	0.05461	0.56983	0.06119	0.04224	0.01192	0.00550	0.00407	0.00132	0.00339	0.00443	0.01934	0.00641
42	0.00808	0.00736	0.01181	0.51334	0.11730	0.00873	0.01035	0.01070	0.02368	0.01170	0.03767	0.01668	0.03224	0.00556	0.00506	0.00146	0.06246	0.09262	0.01842	0.00478
43	0.01350	0.01548	0.02867	0.00976	0.01197	0.50119	0.00752	0.06441	0.17966	0.02778	0.01092	0.08310	0.01696	0.00550	0.00408	0.00123	0.00592	0.00410	0.00294	0.00531
44	0.00610	0.00415	0.00485	0.00488	0.00502	0.00419	0.00296	0.00633	0.00639	0.00854	0.01412	0.02770	0.03375	0.73125	0.08764	0.00415	0.00462	0.03805	0.00261	0.00272
45	0.00690	0.00454	0.00550	0.00518	0.00652	0.00401	0.00391	0.00841	0.01077	0.10107	0.38803	0.09424	0.32653	0.00934	0.00491	0.00138	0.00224	0.00804	0.00437	0.00411
46	0.02704	0.02392	0.03933	0.00942	0.01258	0.07781	0.00786	0.57284	0.10484	0.03374	0.01133	0.02495	0.02445	0.00524	0.00416	0.00127	0.00465	0.00398	0.00391	0.00669
47	0.01482	0.09245	0.01314	0.01059	0.01291	0.65871	0.02796	0.05010	0.02937	0.01118	0.00684	0.00795	0.00568	0.00442	0.00413	0.00112	0.03849	0.00285	0.00225	0.00506
48	0.00644	0.00482	0.00561	0.00556	0.00590	0.03568	0.00369	0.00699	0.00655	0.00878	0.01231	0.02299	0.01327	0.53867	0.30026	0.00488	0.00667	0.00543	0.00243	0.00305
49	0.88196	0.00813	0.00618	0.00553	0.00813	0.00943	0.00455	0.01236	0.00715	0.01886	0.00585	0.00683	0.00455	0.00390	0.00260	0.00130	0.00325	0.00228	0.00260	0.00455
50	0.00547	0.00393	0.00516	0.00595	0.00639	0.00371	0.00422	0.00644	0.00849	0.01127	0.07402	0.59108	0.06455	0.06194	0.00633	0.00184	0.00271	0.12915	0.00386	0.00347
51	0.01602	0.01130	0.01227	0.00945	0.01277	0.01238	0.00779	0.71936	0.04745	0.09173	0.01087	0.01064	0.00762	0.00508	0.00421	0.00127	0.00449	0.00386	0.00429	0.00713
52	0.01813	0.00743	0.00982	0.00762	0.01081	0.00670	0.00627	0.04283	0.07449	0.74382	0.01644	0.01430	0.01050	0.00524	0.00423	0.00131	0.00359	0.00426	0.00510	0.00712
53	0.00520	0.00370	0.00491	0.00584	0.00610	0.00347	0.00391	0.00593	0.00801	0.01067	0.02275	0.79809	0.02722	0.04706	0.00602	0.00181	0.00254	0.02954	0.00385	0.00339
54	0.00823	0.00485	0.00607	0.00560	0.00708	0.00432	0.00432	0.00978	0.01081	0.17320	0.34380	0.06362	0.24403	0.03712	0.00544	0.00149	0.00255	0.05889	0.00440	0.00440
55	0.00843	0.02174	0.83048	0.01198	0.01819	0.00976	0.01553	0.01331	0.00888	0.01331	0.00754	0.00888	0.00533	0.00399	0.00399	0.00133	0.00621	0.00311	0.00178	0.00621
56	0.03772	0.01179	0.01024	0.02426	0.01169	0.23903	0.00702	0.09289	0.32934	0.12682	0.02829	0.01361	0.02975	0.00535	0.00413	0.00130	0.00466	0.01238	0.00371	0.00602
57	0.00854	0.02099	0.77202	0.01240	0.01847	0.00983	0.07324	0.01332	0.00895	0.01332	0.00761	0.00905	0.00540	0.00396	0.00406	0.00134	0.00628	0.00324	0.00180	0.00617
58	0.00730	0.00365	0.00548	0.00548	0.00548	0.00365	0.00365	0.00548	0.00548	0.00730	0.00730	0.01278	0.00730	0.01460	0.01643	0.87769	0.00365	0.00365	0.00183	0.00183
59	0.00846	0.00707	0.01117	0.00936	0.01147	0.00690	0.20108	0.06827	0.07927	0.04986	0.05920	0.14811	0.14504	0.02298	0.00532	0.00158	0.00407	0.15241	0.00359	0.00479
60	0.00794	0.00747	0.01261	0.84216	0.02895	0.00934	0.01167	0.01074	0.00841	0.01074	0.00747	0.01121	0.00560	0.00420	0.00420	0.00140	0.00560	0.00374	0.00187	0.00467
61	0.00515	0.00368	0.00491	0.00589	0.00614	0.00344	0.00395	0.00590	0.00808	0.01076	0.02315	0.83603	0.02774	0.01314	0.00537	0.00171	0.00246	0.02517	0.00390	0.00342
62	0.03665	0.01870	0.01186	0.01070	0.01271	0.73313	0.00812	0.02736	0.01144	0.01072	0.00645	0.00774	0.00543	0.00459	0.00462	0.00116	0.07879	0.00279	0.00218	0.00487
63	0.00589	0.00429	0.00554	0.00523	0.00624	0.00394	0.00392	0.00782	0.01176	0.01653	0.77722	0.03194	0.08648	0.00872	0.00496	0.00133	0.00199	0.00768	0.00458	0.00394
64	0.00872	0.00747	0.00872	0.00623	0.00996	0.00560	0.00498	0.01058	0.00872	0.01370	0.00747	0.00872	0.00623	0.00311	0.00311	0.00062	0.00311	0.00249	0.00249	0.87796
65	0.02519	0.00937	0.09211	0.00749	0.02061	0.07562	0.02616	0.19948	0.02932	0.01749	0.02645	0.02605	0.00950	0.00494	0.00358	0.00114	0.00371	0.00391	0.41275	0.00513
66	0.00593	0.00430	0.00559	0.00527	0.00627	0.00396	0.00395	0.00789	0.01185	0.01673	0.80596	0.03161	0.05760	0.00864	0.00496	0.00132	0.00199	0.00763	0.00461	0.00396
67	0.00514	0.00366	0.00487	0.00583	0.00607	0.00342	0.00388	0.00586	0.00802	0.01069	0.02301	0.83662	0.02761	0.02634	0.00562	0.00174	0.00246	0.01186	0.00388	0.00340
68	0.00782	0.00732	0.01230	0.80835	0.02803	0.00910	0.01136	0.01054	0.00839	0.01074	0.00811	0.04510	0.00650	0.00457	0.00425	0.00141	0.00548	0.00407	0.00195	0.00462
69	0.00970	0.00735	0.00829	0.00750	0.00950	0.00802	0.00585	0.01749	0.48871	0.08374	0.23386	0.02155	0.03106	0.00677	0.00453	0.00141	0.00300	0.04144	0.00442	0.00581
70	0.00611	0.00408	0.00458	0.00458	0.00458	0.00408	0.00255	0.00611	0.00611	0.00815	0.01325	0.02751	0.01528	0.85226	0.02140	0.00408	0.00408	0.00611	0.00255	0.00255
71	0.00730	0.00365	0.00548	0.00548	0.00548	0.00365	0.00365	0.00548	0.00548	0.00730	0.00730	0.01278	0.00730	0.01460	0.01643	0.87769	0.00365	0.00365	0.00183	0.00183
72	0.00669	0.00531	0.00613	0.00622	0.00752	0.00529	0.00484	0.02390	0.15917	0.01342	0.10520	0.15468	0.28739	0.02192	0.00529	0.00160	0.00282	0.17433	0.00402	0.00426
73	0.00523	0.00392	0.00488	0.00556	0.00619	0.00357	0.00394	0.00617	0.00867	0.01118	0.04647	0.55523	0.23862	0.01228	0.00528	0.00164	0.00246	0.07131	0.00392	0.00350
74	0.00794	0.00747	0.01261	0.84216	0.02895	0.00934	0.01167	0.01074	0.00841	0.01074	0.00747	0.01121	0.00560	0.00420	0.00420	0.00140	0.00560	0.00374	0.00187	0.00467
75	0.00634	0.00442	0.00560	0.00554	0.00658	0.00408	0.00414	0.00816	0.02859	0.04890	0.46725	0.18608	0.14791	0.00970	0.00503	0.00144	0.00229	0.04959	0.00436	0.00399
76	0.19907	0.00691	0.00744	0.00656	0.00862	0.00716	0.00510	0.10558	0.09065	0.18083	0.03475	0.15702	0.09180	0.05222	0.00521	0.01210	0.00324	0.00573	0.01488	0.00514
77	0.07710	0.01761	0.57561	0.04678	0.01758	0.00945	0.11721	0.01268	0.00872	0.01339	0.00797	0.03296	0.00611	0.00455	0.00447	0.03070	0.00588	0.00358	0.00195	0.00572
78	0.06019	0.01134	0.10899	0.01328	0.01570	0.01150	0.30490	0.01184	0.00804	0.01222	0.00687	0.00981	0.00576	0.00537	0.00879	0.00160	0.39266	0.00400	0.00198	0.00517
79	0.04577	0.00600	0.00746	0.00642	0.00839	0.00564	0.00497	0.03411	0.05797	0.34576	0.15865	0.09605	0.07807	0.10525	0.00647	0.00169	0.00315	0.01853	0.00438	0.00528
80	0.17046	0.00534	0.00571	0.00540	0.00695	0.00527	0.00416	0.02926	0.00968	0.06434	0.19116	0.09272	0.29554	0.02319	0.05313	0.00175	0.00309	0.02494	0.00378	0.00413
81	0.02639	0.00799	0.02049	0.03756	0.02672	0.00778	0.18573	0.13380	0.05589	0.11838	0.04214	0.13840	0.13986	0.00690	0.00464	0.00141	0.00415	0.01352	0.02291	0.00534
82	0.00540	0.00398	0.00484	0.00537	0.00594	0.00368	0.00372	0.00621	0.00830	0.01072	0.04373	0.42875	0.22219	0.15663	0.00805	0.00205	0.00274	0.07066	0.00368	0.00335
83	0.00699	0.00478	0.00635	0.00637	0.00719	0.00468	0.02784	0.00860	0.05608	0.07376	0.08777	0.43016	0.06113	0.13687	0.00776	0.00197	0.02230	0.04169	0.00378	0.00392
84	0.14853	0.00605	0.00676	0.00648	0.00804	0.00624	0.00509	0.08676	0.04224	0.06632	0.07197	0.18354	0.11999	0.05241	0.00559	0.00165	0.01231	0.15125	0.00375	0.01502
85	0.01272	0.12382	0.10913	0.03363	0.03980	0.17528	0.03788	0.21205	0.06606	0.05729	0.00951	0.03770	0.00757	0.00548	0.02725	0.00136	0.00544	0.00367	0.00293	0.03143

[dist]
# distance from previous block
# <min> <max>
3	26

[block]
# block no. 8 follows, 63 sequences, length 48
# corresponding to MSA columns:
# 775-800,805-826
name=unknown_I
#
# <colnr> <probs for GDERKNQSTAVLIFYWHMCP>
#	G	D	E	R	K	N	Q	S	T	A	V	L	I	F	Y	W	H	M	C	P
0	0.00925	0.02956	0.00868	0.00709	0.00924	0.03278	0.00555	0.11000	0.16298	0.02804	0.09438	0.07408	0.12320	0.05033	0.00565	0.00138	0.05305	0.00535	0.00351	0.18589
1	0.09577	0.02126	0.03226	0.00753	0.00924	0.00704	0.07732	0.10343	0.08213	0.01386	0.01503	0.24866	0.03410	0.16123	0.00792	0.02898	0.00378	0.01917	0.00324	0.02802
2	0.01288	0.06628	0.02763	0.03456	0.01224	0.12682	0.02431	0.23804	0.13352	0.09402	0.04965	0.03581	0.00988	0.00505	0.00401	0.00119	0.00448	0.00399	0.00350	0.11215
3	0.00621	0.00427	0.00571	0.00592	0.00654	0.00429	0.00419	0.00719	0.00776	0.03916	0.06549	0.32798	0.03434	0.17190	0.25045	0.00355	0.00536	0.01931	0.00322	0.02717
4	0.00819	0.00498	0.00641	0.00618	0.00713	0.00501	0.00455	0.02298	0.02044	0.13462	0.03313	0.15910	0.06576	0.25034	0.14789	0.00313	0.02893	0.07409	0.01314	0.00400
5	0.05043	0.05428	0.01086	0.12490	0.01306	0.00836	0.06022	0.12843	0.07573	0.10445	0.08061	0.07540	0.02219	0.04809	0.00503	0.00141	0.00400	0.02006	0.00336	0.10912
6	0.00844	0.00573	0.00718	0.00729	0.00870	0.00585	0.00589	0.01225	0.18586	0.10009	0.05478	0.18514	0.05486	0.00977	0.00515	0.00167	0.00330	0.32917	0.00414	0.00473
7	0.01892	0.00556	0.00656	0.00601	0.00777	0.00521	0.00469	0.03619	0.07908	0.18035	0.10842	0.11714	0.27301	0.00855	0.00467	0.00141	0.00277	0.06204	0.04992	0.02173
8	0.00993	0.01045	0.05141	0.12220	0.52979	0.01003	0.17846	0.01277	0.00948	0.01330	0.00796	0.01063	0.00642	0.00377	0.00433	0.00131	0.00555	0.00397	0.00205	0.00619
9	0.01317	0.01047	0.02793	0.01177	0.14457	0.03447	0.00833	0.37534	0.16452	0.07041	0.01140	0.01192	0.00854	0.00730	0.07871	0.00178	0.00509	0.00401	0.00365	0.00659
