[name]
unknown

[dist]
# distance from previous block
# <min> <max>
0	203

[block]
# block no. 0 follows, 58 sequences, length 38
# corresponding to MSA columns:
# 281-318
name=unknown_A
#
# <colnr> <probs for GDERKNQSTAVLIFYWHMCP>
#	G	D	E	R	K	N	Q	S	T	A	V	L	I	F	Y	W	H	M	C	P
0	0.06614	0.07666	0.17614	0.04005	0.26324	0.04071	0.05091	0.01345	0.03704	0.03432	0.07846	0.02399	0.03112	0.00570	0.01938	0.00148	0.00526	0.02721	0.00268	0.00605
1	0.06397	0.11839	0.23906	0.01252	0.10209	0.01177	0.06727	0.17507	0.07036	0.04925	0.01014	0.01112	0.01912	0.00536	0.02421	0.00149	0.00550	0.00380	0.00292	0.00658
2	0.00950	0.05404	0.01300	0.01069	0.01100	0.03233	0.00881	0.01048	0.00724	0.01071	0.00786	0.07366	0.00823	0.04040	0.04070	0.00214	0.64770	0.00460	0.00217	0.00474
3	0.01089	0.05473	0.04456	0.04361	0.60917	0.02712	0.04204	0.03256	0.01044	0.01448	0.02040	0.01281	0.03889	0.00449	0.00443	0.00134	0.00530	0.01368	0.00237	0.00668
4	0.01111	0.01294	0.18774	0.08459	0.46493	0.02380	0.03721	0.01425	0.01019	0.07664	0.00938	0.01204	0.00742	0.00441	0.00446	0.00138	0.00561	0.02274	0.00243	0.00672
5	0.01596	0.17364	0.05340	0.00951	0.01317	0.04533	0.00835	0.41888	0.04287	0.15903	0.01102	0.01085	0.00788	0.00504	0.00414	0.00128	0.00486	0.00375	0.00395	0.00709
6	0.00552	0.00394	0.00527	0.00631	0.00660	0.00369	0.00427	0.00635	0.00863	0.01150	0.02462	0.80922	0.02944	0.01395	0.00573	0.00183	0.00265	0.04270	0.00415	0.00365
7	0.02930	0.07833	0.28856	0.01261	0.13016	0.02245	0.02288	0.03526	0.02744	0.12059	0.02280	0.02876	0.02878	0.00598	0.00464	0.00147	0.01413	0.11663	0.00302	0.00620
8	0.06467	0.01208	0.01610	0.08524	0.55855	0.14317	0.01215	0.03008	0.01056	0.01438	0.00805	0.01041	0.00666	0.00416	0.00427	0.00132	0.00569	0.00371	0.00229	0.00649
9	0.00545	0.00389	0.00519	0.00623	0.00649	0.00363	0.00415	0.00623	0.00856	0.01142	0.02465	0.83987	0.02959	0.01401	0.00571	0.00182	0.00260	0.01272	0.00415	0.00363
10	0.01083	0.01255	0.11553	0.03878	0.56989	0.02980	0.12912	0.01392	0.01019	0.01437	0.00842	0.01097	0.00682	0.00401	0.00452	0.00136	0.00587	0.00407	0.00218	0.00679
11	0.01123	0.29340	0.16179	0.01447	0.21356	0.07079	0.05668	0.01465	0.07226	0.01331	0.03252	0.01043	0.00784	0.00433	0.00393	0.00123	0.00546	0.00353	0.00233	0.00627
12	0.01015	0.00849	0.00894	0.00801	0.01035	0.00934	0.00627	0.10618	0.48816	0.01790	0.02468	0.02382	0.22501	0.00754	0.00478	0.00151	0.00337	0.02491	0.00443	0.00619
13	0.01196	0.84548	0.02344	0.00765	0.01148	0.01770	0.00765	0.01339	0.00909	0.01052	0.00622	0.00718	0.00574	0.00383	0.00287	0.00096	0.00478	0.00239	0.00191	0.00574
14	0.00968	0.00794	0.00932	0.00668	0.01063	0.00599	0.00535	0.01166	0.00941	0.04491	0.00832	0.00950	0.00679	0.00340	0.00336	0.00069	0.00333	0.00272	0.00276	0.83757
15	0.00948	0.10284	0.69973	0.01208	0.01823	0.01119	0.01519	0.02887	0.03647	0.01422	0.00824	0.00949	0.00598	0.00429	0.00413	0.00137	0.00630	0.00329	0.00203	0.00656
16	0.00637	0.00428	0.00492	0.00505	0.00508	0.00425	0.00289	0.00647	0.00676	0.00901	0.01540	0.12941	0.01791	0.74041	0.02066	0.00403	0.00412	0.00727	0.00289	0.00282
17	0.00641	0.00473	0.00688	0.00688	0.00757	0.00542	0.00521	0.00779	0.00710	0.01016	0.01226	0.01914	0.01186	0.14179	0.71775	0.00681	0.01096	0.00502	0.00244	0.00382
18	0.01278	0.10454	0.06016	0.02961	0.39007	0.14212	0.05824	0.06546	0.02316	0.05928	0.00875	0.01044	0.00697	0.00428	0.00424	0.00128	0.00577	0.00372	0.00254	0.00658
19	0.00646	0.00450	0.00573	0.00573	0.00602	0.00480	0.00377	0.00705	0.00676	0.00930	0.01332	0.02497	0.01440	0.54526	0.31775	0.00539	0.00715	0.00588	0.00259	0.00318
20	0.00545	0.00389	0.00519	0.00623	0.00649	0.00363	0.00415	0.00623	0.00856	0.01142	0.02465	0.83987	0.02959	0.01401	0.00571	0.00182	0.00260	0.01272	0.00415	0.00363
21	0.01047	0.01350	0.19074	0.03990	0.48466	0.01069	0.15670	0.01388	0.01007	0.01440	0.00844	0.01092	0.00670	0.00401	0.00455	0.00138	0.00601	0.00407	0.00215	0.00675
22	0.00993	0.08283	0.48104	0.01540	0.14416	0.02549	0.12128	0.01420	0.02201	0.01392	0.00818	0.00998	0.00618	0.00422	0.00452	0.00139	0.02310	0.00364	0.00204	0.00649
23	0.01627	0.02042	0.01223	0.01114	0.01338	0.78176	0.00835	0.01747	0.01250	0.01125	0.00732	0.00852	0.00606	0.00464	0.00399	0.00115	0.00775	0.00295	0.04772	0.00513
24	0.01196	0.84548	0.02344	0.00765	0.01148	0.01770	0.00765	0.01339	0.00909	0.01052	0.00622	0.00718	0.00574	0.00383	0.00287	0.00096	0.00478	0.00239	0.00191	0.00574
25	0.01067	0.01221	0.14325	0.11654	0.58031	0.01041	0.01384	0.01374	0.00999	0.03431	0.00853	0.01102	0.00683	0.00412	0.00441	0.00136	0.00555	0.00389	0.00222	0.00678
26	0.01252	0.04648	0.06991	0.03378	0.47041	0.20294	0.03429	0.05122	0.01118	0.01413	0.00807	0.01013	0.00663	0.00421	0.00429	0.00129	0.00608	0.00366	0.00231	0.00652
27	0.00548	0.00392	0.00522	0.00621	0.00649	0.00365	0.00415	0.00630	0.00870	0.01164	0.05165	0.81224	0.03002	0.01385	0.00569	0.00180	0.00258	0.01256	0.00418	0.00365
28	0.00625	0.00410	0.00545	0.00627	0.00669	0.00381	0.00423	0.00706	0.00872	0.05366	0.02393	0.76882	0.02816	0.04197	0.00623	0.00188	0.00272	0.01207	0.00418	0.00381
29	0.01276	0.23599	0.14122	0.05637	0.09168	0.21867	0.08246	0.08564	0.01136	0.01357	0.00764	0.00914	0.00614	0.00427	0.00397	0.00123	0.00627	0.00330	0.00230	0.00602
30	0.00650	0.00437	0.00505	0.00515	0.00523	0.00438	0.00305	0.00667	0.00679	0.00906	0.01496	0.06078	0.01717	0.75316	0.03588	0.00417	0.00440	0.04756	0.00283	0.00284
31	0.13975	0.10848	0.05688	0.02126	0.06544	0.37715	0.02029	0.05487	0.03001	0.03113	0.00768	0.00878	0.00616	0.00441	0.00379	0.00120	0.00614	0.00303	0.00254	0.05102
32	0.03545	0.03020	0.09740	0.00816	0.02864	0.00665	0.02706	0.03828	0.03636	0.12120	0.09637	0.18220	0.10307	0.03996	0.00556	0.00161	0.00375	0.07832	0.00385	0.05590
33	0.01310	0.18158	0.06834	0.00970	0.01300	0.01235	0.04970	0.38158	0.01486	0.03236	0.01207	0.08963	0.01078	0.02037	0.00474	0.00143	0.00484	0.06965	0.00359	0.00634
34	0.03497	0.57287	0.04390	0.00826	0.01190	0.04004	0.00784	0.14922	0.01138	0.03273	0.02487	0.02896	0.00752	0.00454	0.00338	0.00109	0.00480	0.00314	0.00259	0.00601
35	0.13974	0.30608	0.12466	0.00874	0.01247	0.03188	0.02005	0.19001	0.02591	0.01701	0.04614	0.01115	0.03919	0.00487	0.00370	0.00123	0.00474	0.00352	0.00290	0.00601
36	0.03560	0.33423	0.31481	0.00969	0.01421	0.02463	0.01065	0.06911	0.03713	0.04368	0.02896	0.04189	0.00812	0.00478	0.00379	0.00125	0.00525	0.00356	0.00250	0.00615
37	0.02561	0.30986	0.21683	0.00991	0.01409	0.14898	0.02241	0.08470	0.01112	0.06190	0.01809	0.00918	0.00671	0.00435	0.00373	0.00117	0.00567	0.00310	0.00250	0.04008

[dist]
# distance from previous block
# <min> <max>
1	56

[block]
# block no. 1 follows, 58 sequences, length 8
# corresponding to MSA columns:
# 375-382
name=unknown_B
#
# <colnr> <probs for GDERKNQSTAVLIFYWHMCP>
#	G	D	E	R	K	N	Q	S	T	A	V	L	I	F	Y	W	H	M	C	P
0	0.06227	0.27341	0.32685	0.01133	0.05828	0.07062	0.03842	0.03289	0.00996	0.04516	0.00817	0.00997	0.00652	0.00439	0.00383	0.00127	0.00572	0.02253	0.00227	0.00614
1	0.01168	0.25521	0.24787	0.01025	0.03389	0.13319	0.01013	0.07411	0.04088	0.03599	0.04239	0.05109	0.02486	0.00518	0.00399	0.00126	0.00549	0.00392	0.00264	0.00598
2	0.12294	0.23095	0.30608	0.01045	0.03513	0.06060	0.02987	0.08354	0.01056	0.03099	0.03534	0.00965	0.00718	0.00442	0.00378	0.00127	0.00545	0.00325	0.00246	0.00610
3	0.10886	0.09034	0.05227	0.03025	0.19692	0.05534	0.07730	0.06323	0.09765	0.05592	0.01137	0.03295	0.02882	0.00557	0.01871	0.00145	0.00504	0.02562	0.00297	0.03941
4	0.00798	0.00620	0.00824	0.09811	0.06184	0.00638	0.00627	0.07835	0.04091	0.01588	0.29128	0.12230	0.07776	0.03465	0.03531	0.00177	0.00365	0.04421	0.03778	0.02114
5	0.00979	0.04933	0.01336	0.01095	0.01138	0.01310	0.00909	0.01180	0.07667	0.01137	0.00743	0.01113	0.00705	0.03365	0.04229	0.00213	0.66821	0.00405	0.00222	0.00503
6	0.01003	0.00909	0.05663	0.03834	0.36711	0.00825	0.03346	0.01297	0.05148	0.08479	0.13300	0.02012	0.14319	0.00619	0.00472	0.00140	0.00429	0.00557	0.00331	0.00606
7	0.00907	0.00717	0.00862	0.00677	0.00999	0.00562	0.00538	0.01090	0.00943	0.04872	0.01187	0.11919	0.01142	0.00556	0.00392	0.00096	0.00331	0.07217	0.00309	0.64682

[dist]
# distance from previous block
# <min> <max>
1	3

[block]
# block no. 2 follows, 58 sequences, length 16
# corresponding to MSA columns:
# 386-401
name=unknown_C
#
# <colnr> <probs for GDERKNQSTAVLIFYWHMCP>
#	G	D	E	R	K	N	Q	S	T	A	V	L	I	F	Y	W	H	M	C	P
0	0.01196	0.11670	0.13623	0.03736	0.14103	0.18194	0.05908	0.03638	0.03053	0.04450	0.03184	0.03172	0.00822	0.00467	0.00426	0.00123	0.01638	0.00378	0.00256	0.09961
1	0.00548	0.00393	0.00516	0.00613	0.00643	0.00366	0.00408	0.00624	0.00856	0.01136	0.02504	0.78903	0.05564	0.03841	0.00620	0.00188	0.00264	0.01242	0.00411	0.00361
2	0.00991	0.05889	0.50008	0.02882	0.03984	0.01056	0.11631	0.01453	0.04818	0.05237	0.02676	0.01114	0.00745	0.00527	0.02567	0.00157	0.03008	0.00385	0.00233	0.00638
3	0.14125	0.00540	0.00613	0.00565	0.00720	0.00520	0.00434	0.00974	0.01149	0.07091	0.51009	0.02972	0.15951	0.00849	0.00484	0.00142	0.00246	0.00719	0.00451	0.00447
4	0.06592	0.24391	0.03383	0.00819	0.01163	0.06261	0.00723	0.01825	0.01123	0.45545	0.01259	0.01178	0.00863	0.00494	0.00415	0.00126	0.02408	0.00364	0.00398	0.00668
5	0.01700	0.01253	0.01342	0.01029	0.01387	0.01387	0.00850	0.79997	0.02103	0.02819	0.01074	0.01074	0.00761	0.00537	0.00447	0.00134	0.00492	0.00403	0.00447	0.00761
6	0.01164	0.75844	0.10772	0.00819	0.01232	0.01693	0.00859	0.01348	0.00913	0.01091	0.00641	0.00742	0.00573	0.00387	0.00302	0.00101	0.00498	0.00249	0.00191	0.00583
7	0.00941	0.14395	0.70265	0.01200	0.01820	0.01146	0.01522	0.01405	0.00939	0.01363	0.00776	0.00911	0.00568	0.00419	0.00405	0.00135	0.00634	0.00317	0.00189	0.00648
8	0.01618	0.06243	0.06692	0.01030	0.01409	0.01387	0.00898	0.70194	0.01957	0.02623	0.01029	0.01044	0.00737	0.00521	0.00437	0.00132	0.00502	0.00388	0.00415	0.00743
9	0.01196	0.84548	0.02344	0.00765	0.01148	0.01770	0.00765	0.01339	0.00909	0.01052	0.00622	0.00718	0.00574	0.00383	0.00287	0.00096	0.00478	0.00239	0.00191	0.00574
10	0.00677	0.05414	0.00662	0.00571	0.00616	0.00546	0.00383	0.00731	0.00689	0.00932	0.01329	0.04352	0.01455	0.55125	0.24207	0.00486	0.00643	0.00593	0.00261	0.00326
11	0.00979	0.06835	0.64170	0.01267	0.01857	0.05901	0.06897	0.01472	0.03984	0.01395	0.00831	0.00969	0.00606	0.00428	0.00424	0.00139	0.00654	0.00343	0.00204	0.00646
12	0.05419	0.29103	0.11508	0.00822	0.01193	0.04800	0.01833	0.01405	0.01009	0.13943	0.05554	0.02955	0.02257	0.00491	0.00374	0.00114	0.00449	0.01779	0.00296	0.14698
13	0.06986	0.42160	0.31983	0.00998	0.03351	0.03499	0.01089	0.01369	0.00931	0.01280	0.02327	0.00868	0.00642	0.00414	0.00350	0.00118	0.00542	0.00290	0.00204	0.00599
14	0.10048	0.29721	0.20516	0.00998	0.03351	0.08743	0.03655	0.04114	0.03659	0.04313	0.00802	0.00908	0.00636	0.00471	0.01774	0.00129	0.00546	0.00307	0.00240	0.05067
15	0.10488	0.11159	0.10831	0.01139	0.10756	0.07808	0.04872	0.03985	0.05860	0.18082	0.06283	0.01316	0.01027	0.00583	0.02751	0.00150	0.00508	0.01449	0.00331	0.00623

[dist]
# distance from previous block
# <min> <max>
2	29

[block]
# block no. 3 follows, 58 sequences, length 20
# corresponding to MSA columns:
# 431-450
name=unknown_D
#
# <colnr> <probs for GDERKNQSTAVLIFYWHMCP>
#	G	D	E	R	K	N	Q	S	T	A	V	L	I	F	Y	W	H	M	C	P
0	0.15855	0.23460	0.07245	0.01027	0.09513	0.02649	0.02423	0.13259	0.04202	0.01682	0.08169	0.02269	0.01003	0.00486	0.00377	0.00123	0.00448	0.00372	0.00294	0.05142
1	0.11032	0.03886	0.05570	0.04280	0.20053	0.02900	0.07060	0.09138	0.10795	0.01674	0.06314	0.02956	0.02571	0.00520	0.00441	0.00135	0.01444	0.01589	0.00307	0.07336
2	0.14543	0.01057	0.02576	0.19520	0.15843	0.09885	0.10672	0.03768	0.05311	0.01512	0.07168	0.01363	0.03912	0.00499	0.00434	0.00140	0.00530	0.00434	0.00274	0.00560
3	0.00962	0.00849	0.01353	0.04980	0.43249	0.00852	0.03144	0.02421	0.05470	0.02767	0.20925	0.05373	0.03153	0.00602	0.00472	0.00139	0.00426	0.00558	0.01703	0.00603
4	0.00580	0.00453	0.00526	0.00512	0.00637	0.00399	0.00382	0.00740	0.01135	0.01492	0.41899	0.06435	0.41138	0.01035	0.00530	0.00147	0.00220	0.00889	0.00453	0.00399
5	0.01158	0.01007	0.01035	0.00923	0.01181	0.03287	0.00719	0.06343	0.74542	0.01899	0.01752	0.01616	0.01314	0.00599	0.00453	0.00150	0.00373	0.00495	0.00449	0.00706
6	0.00589	0.00436	0.00599	0.00685	0.02106	0.00412	0.02147	0.00689	0.01854	0.01154	0.02393	0.67664	0.05941	0.05147	0.00669	0.01963	0.00292	0.04487	0.00397	0.00374
7	0.01272	0.01247	0.04759	0.03954	0.41067	0.10589	0.13989	0.08826	0.01169	0.07427	0.00921	0.01112	0.00714	0.00429	0.00452	0.00135	0.00591	0.00408	0.00267	0.00671
8	0.00692	0.00516	0.00706	0.00835	0.05334	0.00511	0.00603	0.02913	0.03614	0.01314	0.03931	0.43745	0.02607	0.01225	0.00573	0.00185	0.00339	0.29527	0.00407	0.00424
9	0.00567	0.00416	0.00531	0.00583	0.00648	0.00381	0.00407	0.00685	0.00990	0.01327	0.24030	0.51180	0.14141	0.01233	0.00553	0.00166	0.00242	0.01101	0.00436	0.00381
10	0.01206	0.03338	0.06821	0.09786	0.42697	0.01105	0.02893	0.11822	0.03321	0.07306	0.00941	0.01131	0.00732	0.00457	0.00490	0.00138	0.04462	0.00399	0.00275	0.00680
11	0.04357	0.01258	0.14475	0.01567	0.18541	0.02477	0.20336	0.05746	0.16634	0.03735	0.02402	0.01365	0.04058	0.00488	0.00461	0.00143	0.00547	0.00462	0.00298	0.00650
12	0.00758	0.00390	0.00575	0.00582	0.00583	0.00389	0.00386	0.00588	0.00602	0.00803	0.00906	0.06549	0.00945	0.04668	0.01695	0.78328	0.00382	0.00453	0.00211	0.00208
13	0.01033	0.01245	0.10969	0.13478	0.04795	0.01105	0.48681	0.03700	0.07587	0.01466	0.00956	0.01207	0.00714	0.00417	0.00494	0.00149	0.00674	0.00478	0.00243	0.00611
14	0.03462	0.06347	0.24710	0.01256	0.05385	0.07376	0.16267	0.07158	0.05460	0.09057	0.04951	0.02445	0.03105	0.00501	0.00447	0.00139	0.00571	0.00440	0.00295	0.00627
15	0.03308	0.20101	0.29672	0.01378	0.11183	0.08014	0.12150	0.06612	0.01060	0.01424	0.00786	0.00942	0.00612	0.00416	0.00407	0.00129	0.00611	0.00345	0.00221	0.00630
16	0.00545	0.00410	0.00501	0.00569	0.00632	0.00371	0.00390	0.00634	0.00907	0.01169	0.04860	0.57269	0.25377	0.03401	0.00601	0.00178	0.00253	0.01152	0.00413	0.00366
17	0.05161	0.01135	0.08827	0.06766	0.09652	0.01032	0.36003	0.02766	0.06682	0.03755	0.02429	0.01458	0.07212	0.00502	0.00530	0.00149	0.04576	0.00501	0.00270	0.00595
18	0.01307	0.02927	0.05365	0.01337	0.13630	0.13118	0.07900	0.15205	0.26216	0.04934	0.02728	0.01285	0.00974	0.00512	0.00447	0.00138	0.00523	0.00431	0.00351	0.00672
19	0.01195	0.42483	0.13992	0.04030	0.03509	0.08551	0.02049	0.04916	0.05587	0.03936	0.00852	0.03102	0.00716	0.00450	0.00363	0.00116	0.00525	0.00329	0.00242	0.03059

[dist]
# distance from previous block
# <min> <max>
1	3

[block]
# block no. 4 follows, 58 sequences, length 22
# corresponding to MSA columns:
# 454-475
name=unknown_E
#
# <colnr> <probs for GDERKNQSTAVLIFYWHMCP>
#	G	D	E	R	K	N	Q	S	T	A	V	L	I	F	Y	W	H	M	C	P
0	0.01423	0.01170	0.01361	0.01258	0.12703	0.04895	0.03585	0.42951	0.12179	0.02207	0.01089	0.01146	0.00817	0.00509	0.00465	0.00132	0.02725	0.00405	0.01790	0.07191
1	0.00903	0.00772	0.00794	0.00774	0.03216	0.09561	0.00558	0.10577	0.04007	0.02704	0.21309	0.26414	0.10876	0.00928	0.00502	0.00147	0.00349	0.00801	0.00409	0.04399
2	0.05397	0.15868	0.09341	0.01471	0.23483	0.05879	0.06223	0.06837	0.05646	0.03372	0.05510	0.01151	0.00899	0.00464	0.00438	0.00128	0.02750	0.00384	0.00270	0.04491
3	0.03405	0.03741	0.00968	0.00820	0.01053	0.02835	0.00644	0.07365	0.46329	0.04628	0.09985	0.03815	0.08249	0.00770	0.03233	0.00166	0.00380	0.00559	0.00431	0.00624
4	0.00567	0.00463	0.00505	0.00518	0.00646	0.00409	0.00383	0.00728	0.03848	0.01282	0.11625	0.17412	0.55756	0.01140	0.00535	0.00157	0.00240	0.02970	0.00424	0.00392
5	0.01094	0.00940	0.01306	0.24449	0.22736	0.03520	0.01017	0.05814	0.19570	0.06086	0.06707	0.01475	0.02280	0.00525	0.00453	0.00142	0.00480	0.00459	0.00322	0.00624
6	0.01163	0.05336	0.04284	0.05290	0.12433	0.12228	0.04510	0.06656	0.20381	0.03495	0.01296	0.01383	0.03605	0.00523	0.00440	0.00133	0.02183	0.00427	0.13631	0.00602
7	0.00895	0.00511	0.00668	0.00610	0.00758	0.00460	0.00464	0.01076	0.01203	0.17980	0.50297	0.12760	0.08716	0.00915	0.00517	0.00146	0.00253	0.00801	0.00490	0.00481
8	0.00757	0.00562	0.00633	0.00596	0.00755	0.00542	0.00464	0.06334	0.08063	0.03424	0.24326	0.03414	0.34682	0.00942	0.00507	0.00148	0.00268	0.06884	0.06239	0.00458
9	0.02148	0.03188	0.26121	0.07304	0.26418	0.04702	0.17268	0.01368	0.00994	0.01390	0.00893	0.04529	0.00735	0.00450	0.00453	0.00141	0.00618	0.00430	0.00220	0.00630
10	0.01858	0.00728	0.00992	0.00782	0.01099	0.00633	0.00642	0.02031	0.01258	0.73073	0.05151	0.04281	0.01348	0.00619	0.00463	0.00142	0.00371	0.03263	0.00542	0.00722
11	0.00650	0.00433	0.00496	0.00506	0.00514	0.00431	0.00297	0.00667	0.00684	0.00920	0.01512	0.08239	0.01734	0.74097	0.02063	0.00402	0.00416	0.03316	0.02337	0.00285
12	0.01238	0.01351	0.01414	0.04050	0.03724	0.25667	0.05715	0.06136	0.03689	0.01249	0.00723	0.00981	0.00630	0.00618	0.00931	0.00160	0.40581	0.00374	0.00233	0.00535
13	0.01927	0.00890	0.01118	0.00857	0.01206	0.00849	0.00708	0.22590	0.01496	0.61084	0.01584	0.01405	0.01016	0.00549	0.00449	0.00137	0.00410	0.00437	0.00526	0.00761
14	0.01885	0.00748	0.01001	0.00780	0.01105	0.00661	0.00640	0.02106	0.04593	0.73069	0.04106	0.01588	0.01212	0.00565	0.00447	0.00138	0.00368	0.00462	0.03792	0.00736
15	0.00563	0.00406	0.00537	0.00632	0.00674	0.00380	0.00441	0.00658	0.00891	0.01178	0.04180	0.70310	0.07211	0.01361	0.00572	0.00182	0.00272	0.08767	0.00417	0.00370
16	0.00985	0.06262	0.06698	0.05898	0.03247	0.01966	0.15964	0.01204	0.01007	0.12538	0.07952	0.19180	0.05039	0.02264	0.04291	0.00181	0.01402	0.01898	0.01498	0.00525
17	0.01163	0.00967	0.01241	0.35503	0.02029	0.01130	0.00974	0.24467	0.22588	0.01831	0.01184	0.01366	0.00891	0.00533	0.00453	0.00147	0.00497	0.02062	0.00344	0.00629
18	0.00662	0.00468	0.00570	0.00542	0.00670	0.00417	0.00407	0.00835	0.01171	0.05434	0.49632	0.06939	0.28625	0.00987	0.00526	0.00146	0.00226	0.00854	0.00468	0.00422
19	0.01465	0.03502	0.04169	0.00973	0.03093	0.03177	0.01936	0.27764	0.22887	0.18647	0.02601	0.03002	0.03562	0.00583	0.00450	0.00140	0.00434	0.00470	0.00440	0.00704
20	0.30528	0.05008	0.10962	0.02747	0.02257	0.03129	0.00770	0.16711	0.02222	0.08761	0.04637	0.01059	0.00816	0.00471	0.00372	0.00129	0.00435	0.00341	0.00327	0.08320
21	0.04111	0.25205	0.25085	0.02352	0.01439	0.07479	0.02140	0.12390	0.01120	0.01508	0.02708	0.02787	0.00744	0.00455	0.00381	0.00119	0.00535	0.00338	0.00252	0.08851

[dist]
# distance from previous block
# <min> <max>
1	10

[block]
# block no. 5 follows, 58 sequences, length 23
# corresponding to MSA columns:
# 496-518
name=unknown_F
#
# <colnr> <probs for GDERKNQSTAVLIFYWHMCP>
#	G	D	E	R	K	N	Q	S	T	A	V	L	I	F	Y	W	H	M	C	P
0	0.01182	0.03099	0.04454	0.02356	0.02208	0.05026	0.05857	0.11510	0.13334	0.11542	0.03948	0.03029	0.08424	0.00626	0.01729	0.00139	0.02914	0.01511	0.00365	0.16746
1	0.10378	0.00856	0.00944	0.02239	0.02746	0.00909	0.00646	0.18552	0.20514	0.06839	0.07111	0.08843	0.03984	0.00650	0.00437	0.00138	0.00363	0.01573	0.03767	0.08512
2	0.02359	0.02401	0.26419	0.05738	0.06362	0.03538	0.07975	0.02850	0.01061	0.09943	0.13388	0.03169	0.01293	0.00576	0.01664	0.00144	0.01437	0.00460	0.02988	0.06234
3	0.00642	0.00464	0.00645	0.00650	0.00706	0.00515	0.00474	0.00753	0.00710	0.00998	0.01326	0.04632	0.01358	0.27136	0.54412	0.00606	0.00926	0.02429	0.00258	0.00361
4	0.01040	0.00995	0.01684	0.09815	0.64741	0.01017	0.02910	0.01299	0.01009	0.01425	0.03897	0.01313	0.03792	0.00458	0.00478	0.00137	0.02660	0.00436	0.00236	0.00659
5	0.00694	0.00471	0.00618	0.00573	0.00689	0.00433	0.00433	0.00904	0.01267	0.05360	0.77710	0.03260	0.04082	0.00898	0.00524	0.00141	0.00219	0.00793	0.00495	0.00437
6	0.00931	0.08283	0.62643	0.01194	0.03783	0.01048	0.01425	0.04484	0.01021	0.01483	0.08720	0.01173	0.00938	0.00474	0.00426	0.00138	0.00593	0.00375	0.00230	0.00636
7	0.87439	0.00865	0.00657	0.00588	0.00865	0.01003	0.00484	0.01315	0.00761	0.02007	0.00623	0.00727	0.00484	0.00415	0.00277	0.00138	0.00346	0.00242	0.00277	0.00484
8	0.19881	0.01085	0.01137	0.00887	0.01229	0.01173	0.00732	0.49423	0.01654	0.12519	0.01051	0.01049	0.00741	0.00503	0.00406	0.00132	0.00439	0.00367	0.00415	0.05177
9	0.09501	0.00841	0.01021	0.00803	0.01122	0.00816	0.00659	0.16367	0.03677	0.50789	0.08416	0.01530	0.01264	0.00571	0.00441	0.00138	0.00383	0.00455	0.00501	0.00705
10	0.00828	0.00523	0.00649	0.00591	0.00748	0.00476	0.00457	0.02490	0.02554	0.12621	0.47610	0.03292	0.21395	0.00912	0.00517	0.00145	0.00251	0.02992	0.00479	0.00469
11	0.00651	0.00434	0.00488	0.00488	0.00488	0.00434	0.00271	0.00651	0.00651	0.00867	0.01409	0.02927	0.01626	0.84279	0.02277	0.00434	0.00434	0.00651	0.00271	0.00271
12	0.01671	0.02132	0.01268	0.01152	0.01383	0.82483	0.00864	0.01786	0.01268	0.01095	0.00691	0.00807	0.00576	0.00461	0.00403	0.00115	0.00807	0.00288	0.00230	0.00519
13	0.52302	0.00909	0.03774	0.00706	0.01021	0.00924	0.00603	0.05710	0.02792	0.25904	0.01022	0.01012	0.00708	0.00468	0.00347	0.00139	0.00376	0.00322	0.00369	0.00593
14	0.00603	0.00456	0.00556	0.00531	0.00650	0.00409	0.00399	0.00786	0.01196	0.01626	0.59263	0.03618	0.26315	0.00977	0.00528	0.00144	0.00215	0.00848	0.00470	0.00409
15	0.00578	0.00453	0.00525	0.00527	0.00649	0.00400	0.00397	0.00729	0.01095	0.01419	0.31469	0.10041	0.43348	0.01082	0.00537	0.00153	0.00235	0.05524	0.00443	0.00394
16	0.01021	0.01295	0.11285	0.08413	0.02354	0.01110	0.64860	0.01408	0.01030	0.01408	0.00885	0.01177	0.00660	0.00388	0.00510	0.00150	0.00731	0.00496	0.00220	0.00601
17	0.00608	0.00441	0.00586	0.00679	0.00735	0.00426	0.00502	0.00757	0.03187	0.01228	0.03952	0.58049	0.04321	0.01321	0.00578	0.00186	0.00300	0.21341	0.00417	0.00387
18	0.00834	0.00417	0.00417	0.00417	0.00521	0.00417	0.00313	0.01042	0.00938	0.01668	0.01459	0.01668	0.01147	0.00521	0.00313	0.00104	0.00208	0.00417	0.86763	0.00417
19	0.00619	0.00460	0.00578	0.00557	0.00671	0.00419	0.00423	0.00812	0.01208	0.01662	0.62937	0.03610	0.18202	0.00972	0.00533	0.00146	0.00225	0.05079	0.00474	0.00413
20	0.00639	0.00462	0.00592	0.00657	0.00723	0.00446	0.00476	0.04829	0.00974	0.01292	0.06942	0.55878	0.07484	0.03863	0.00620	0.00187	0.00295	0.12832	0.00416	0.00393
21	0.00946	0.09276	0.16109	0.01057	0.01256	0.05961	0.02526	0.01144	0.00807	0.01138	0.00815	0.03063	0.00751	0.01206	0.18075	0.00280	0.34465	0.00401	0.00211	0.00511
22	0.00550	0.00395	0.00514	0.00607	0.00638	0.00368	0.00404	0.00625	0.00854	0.01131	0.02514	0.75746	0.06830	0.05716	0.00658	0.00193	0.00267	0.01223	0.00408	0.00359

[dist]
# distance from previous block
# <min> <max>
8	20

[block]
# block no. 6 follows, 58 sequences, length 23
# corresponding to MSA columns:
# 540-562
name=unknown_G
#
# <colnr> <probs for GDERKNQSTAVLIFYWHMCP>
#	G	D	E	R	K	N	Q	S	T	A	V	L	I	F	Y	W	H	M	C	P
0	0.07375	0.13965	0.15488	0.01075	0.01463	0.08757	0.14548	0.01383	0.03745	0.02665	0.00868	0.02536	0.00720	0.00453	0.00449	0.00123	0.04578	0.01823	0.00245	0.17742
1	0.00923	0.00629	0.00773	0.00644	0.00894	0.00513	0.00494	0.01086	0.01012	0.12544	0.12351	0.20357	0.07432	0.00739	0.00442	0.00118	0.00298	0.00639	0.00380	0.37730
2	0.01125	0.01234	0.11324	0.01407	0.10837	0.05215	0.11894	0.08151	0.03439	0.04588	0.02863	0.01131	0.00769	0.00587	0.00842	0.00160	0.32085	0.00416	0.01342	0.00591
3	0.01163	0.01158	0.01726	0.06645	0.67713	0.09026	0.01304	0.03318	0.01063	0.01442	0.00830	0.01081	0.00691	0.00411	0.00439	0.00132	0.00561	0.00388	0.00227	0.00680
4	0.01261	0.04280	0.00935	0.00758	0.00970	0.10520	0.00600	0.18617	0.04535	0.11031	0.04200	0.07403	0.01201	0.00604	0.00432	0.00127	0.02698	0.00474	0.28792	0.00561
5	0.01079	0.01028	0.01745	0.05576	0.75369	0.01035	0.01324	0.01335	0.00999	0.01426	0.00863	0.01184	0.00742	0.03789	0.00517	0.00146	0.00530	0.00409	0.00223	0.00683
6	0.02601	0.00998	0.01502	0.26723	0.37264	0.05712	0.01203	0.01264	0.00951	0.01300	0.00871	0.01319	0.00755	0.00512	0.00573	0.00149	0.10628	0.04866	0.00224	0.00586
7	0.00692	0.00416	0.00537	0.00543	0.00549	0.00419	0.00339	0.00630	0.00640	0.00857	0.01218	0.06918	0.01353	0.43859	0.05958	0.33549	0.00444	0.00577	0.00248	0.00253
8	0.05390	0.00935	0.01002	0.02234	0.12230	0.10723	0.00699	0.10992	0.04913	0.05131	0.18758	0.03444	0.12636	0.00665	0.00454	0.00132	0.00403	0.00552	0.00371	0.08338
9	0.01086	0.01042	0.01778	0.09079	0.75317	0.01057	0.01363	0.01355	0.01009	0.01436	0.00838	0.01114	0.00700	0.00402	0.00443	0.00134	0.00537	0.00398	0.00220	0.00692
10	0.00579	0.00452	0.00526	0.00522	0.00644	0.00399	0.00391	0.00733	0.01111	0.01451	0.36219	0.09614	0.41262	0.01064	0.00534	0.00151	0.00228	0.03276	0.00447	0.00396
11	0.01018	0.00978	0.01686	0.29640	0.52491	0.01042	0.04066	0.01298	0.00978	0.01354	0.00828	0.01139	0.00670	0.00414	0.00447	0.00139	0.00561	0.00403	0.00214	0.00634
12	0.22487	0.01010	0.01027	0.04341	0.02188	0.08332	0.01955	0.13723	0.09484	0.14943	0.01125	0.02915	0.00860	0.00518	0.00415	0.00133	0.01956	0.01844	0.01633	0.09110
13	0.00893	0.00666	0.00773	0.00688	0.00866	0.00676	0.00531	0.10661	0.08585	0.03252	0.11327	0.16485	0.12031	0.00855	0.02007	0.00149	0.05415	0.00669	0.11650	0.11823
14	0.00560	0.00408	0.00529	0.00609	0.00658	0.00377	0.00422	0.00661	0.00922	0.01224	0.10783	0.64429	0.10771	0.01318	0.00564	0.00175	0.00258	0.04535	0.00423	0.00373
15	0.00942	0.00944	0.05368	0.25828	0.34658	0.00940	0.03805	0.03118	0.00999	0.01366	0.03514	0.01622	0.05154	0.00666	0.04535	0.00173	0.00564	0.04970	0.00249	0.00583
16	0.07842	0.03964	0.01088	0.03577	0.01181	0.12050	0.01555	0.20373	0.07257	0.06855	0.01306	0.10335	0.02511	0.01860	0.08600	0.00205	0.05306	0.03216	0.00351	0.00568
17	0.00639	0.00479	0.00719	0.00719	0.00799	0.00559	0.00559	0.00799	0.00719	0.01038	0.01198	0.01757	0.01118	0.03355	0.82507	0.00719	0.01198	0.00479	0.00240	0.00399
18	0.00616	0.00435	0.00542	0.00599	0.00636	0.00420	0.00400	0.02656	0.00854	0.01134	0.04150	0.49352	0.04998	0.25367	0.01062	0.00253	0.00322	0.05475	0.00376	0.00351
19	0.05336	0.00855	0.00951	0.02589	0.05326	0.02392	0.00675	0.09151	0.37187	0.03807	0.12003	0.06372	0.04918	0.03731	0.00533	0.00159	0.00366	0.02627	0.00420	0.00603
20	0.04047	0.75088	0.02205	0.00785	0.01158	0.04272	0.00764	0.05256	0.00975	0.01173	0.00647	0.00738	0.00580	0.00394	0.00298	0.00100	0.00485	0.00249	0.00208	0.00579
21	0.00549	0.00395	0.00522	0.00622	0.00654	0.00368	0.00421	0.00631	0.00866	0.01149	0.02531	0.79339	0.05530	0.01388	0.00571	0.00181	0.00262	0.03240	0.00415	0.00365
22	0.00747	0.00589	0.00664	0.00655	0.00789	0.00597	0.00482	0.06074	0.17416	0.01462	0.09517	0.28903	0.22926	0.05051	0.00607	0.00173	0.00292	0.02166	0.00425	0.00465

[dist]
# distance from previous block
# <min> <max>
0	1

[block]
# block no. 7 follows, 58 sequences, length 33
# corresponding to MSA columns:
# 587-615,619-622
name=unknown_H
#
# <colnr> <probs for GDERKNQSTAVLIFYWHMCP>
#	G	D	E	R	K	N	Q	S	T	A	V	L	I	F	Y	W	H	M	C	P
0	0.00569	0.00508	0.04826	0.00618	0.00705	0.00407	0.00463	0.00682	0.00908	0.01197	0.07117	0.57752	0.17564	0.03723	0.00603	0.00179	0.00277	0.01116	0.00403	0.00382
1	0.00554	0.00402	0.00517	0.00598	0.00639	0.00372	0.00403	0.00641	0.00890	0.01180	0.08012	0.67859	0.09888	0.04996	0.00639	0.00187	0.00261	0.01184	0.00414	0.00365
2	0.17102	0.05045	0.25946	0.03336	0.04180	0.02861	0.10514	0.08425	0.01053	0.05637	0.02119	0.04640	0.00824	0.00496	0.00412	0.00139	0.00523	0.01296	0.04858	0.00593
3	0.25023	0.01362	0.01233	0.02879	0.01353	0.27175	0.09672	0.13894	0.04996	0.05849	0.00879	0.00971	0.00665	0.00463	0.00394	0.00132	0.00569	0.00344	0.01571	0.00576
4	0.00618	0.00457	0.00577	0.00547	0.00659	0.00416	0.00410	0.00815	0.01230	0.01708	0.70018	0.03483	0.15509	0.00946	0.00528	0.00142	0.00213	0.00829	0.00481	0.00416
5	0.01474	0.01079	0.01170	0.00955	0.01266	0.01198	0.00770	0.38826	0.36194	0.09936	0.01465	0.01375	0.01057	0.00569	0.00451	0.00142	0.00421	0.00452	0.00461	0.00738
6	0.01700	0.01253	0.01342	0.01029	0.01387	0.01387	0.00850	0.79997	0.02103	0.02819	0.01074	0.01074	0.00761	0.00537	0.00447	0.00134	0.00492	0.00403	0.00447	0.00761
7	0.01305	0.04630	0.14024	0.00916	0.01302	0.07434	0.00841	0.18930	0.07272	0.12222	0.04696	0.01187	0.00931	0.00480	0.00410	0.00118	0.00466	0.00374	0.00350	0.22113
8	0.01454	0.12641	0.01475	0.01119	0.01339	0.47777	0.03209	0.06848	0.01154	0.01212	0.00694	0.00859	0.00594	0.00518	0.00608	0.00131	0.17280	0.00317	0.00233	0.00539
9	0.00542	0.00457	0.00472	0.00476	0.00623	0.00386	0.00363	0.00664	0.01028	0.01234	0.06872	0.04313	0.74668	0.01131	0.00533	0.00154	0.00236	0.05048	0.00418	0.00381
10	0.00658	0.00547	0.00831	0.00793	0.00911	0.00520	0.10708	0.00863	0.05509	0.01279	0.07017	0.49841	0.11423	0.01154	0.00555	0.00172	0.00332	0.06067	0.00397	0.00422
11	0.04409	0.00975	0.01032	0.05240	0.01235	0.05641	0.01819	0.15451	0.37362	0.06069	0.05079	0.03491	0.03456	0.00614	0.00447	0.00144	0.00404	0.01492	0.05001	0.00640
12	0.00653	0.00485	0.00615	0.00570	0.00695	0.00445	0.00430	0.00885	0.03290	0.01747	0.71261	0.03247	0.08404	0.00893	0.00517	0.00138	0.00221	0.00785	0.00477	0.04242
13	0.00559	0.00404	0.00531	0.00622	0.00663	0.00376	0.00429	0.00653	0.00897	0.01190	0.06600	0.70782	0.07432	0.01352	0.00569	0.00179	0.00264	0.05709	0.00419	0.00370
14	0.00545	0.00389	0.00519	0.00623	0.00649	0.00363	0.00415	0.00623	0.00856	0.01142	0.02465	0.83987	0.02959	0.01401	0.00571	0.00182	0.00260	0.01272	0.00415	0.00363
15	0.01107	0.01063	0.01816	0.02746	0.81489	0.01063	0.01373	0.01373	0.01019	0.01461	0.00841	0.01107	0.00709	0.00399	0.00443	0.00133	0.00531	0.00399	0.00221	0.00709
16	0.00979	0.00979	0.01370	0.01174	0.01174	0.01370	0.00979	0.01077	0.00685	0.01077	0.00587	0.00979	0.00587	0.00783	0.01468	0.00196	0.83461	0.00391	0.00196	0.00489
17	0.00550	0.00401	0.00523	0.00608	0.00650	0.00373	0.00413	0.00640	0.00886	0.01175	0.06330	0.71028	0.09624	0.01412	0.02930	0.00193	0.00282	0.01199	0.00414	0.00368
18	0.00992	0.01006	0.01346	0.05742	0.01280	0.04901	0.00977	0.01104	0.00723	0.01080	0.00620	0.01004	0.00602	0.00820	0.03565	0.00204	0.72956	0.00390	0.00199	0.00489
19	0.05702	0.01141	0.03615	0.01570	0.01943	0.03290	0.54983	0.05602	0.01045	0.01468	0.00911	0.01212	0.00715	0.00756	0.10115	0.00216	0.04413	0.00484	0.00241	0.00575
20	0.00728	0.00508	0.00673	0.00740	0.00835	0.00505	0.00613	0.03381	0.00997	0.01313	0.02291	0.11221	0.07298	0.06589	0.00759	0.04808	0.00382	0.52351	0.03612	0.00396
21	0.01099	0.00668	0.00769	0.00686	0.00878	0.00667	0.00529	0.15311	0.07210	0.15693	0.04527	0.20440	0.13287	0.00835	0.00467	0.00144	0.00314	0.00707	0.15224	0.00543
22	0.08422	0.00820	0.00906	0.00724	0.01028	0.02488	0.00581	0.08703	0.05115	0.02808	0.07041	0.02744	0.01137	0.00574	0.02193	0.00119	0.02114	0.05181	0.02415	0.44886
23	0.00678	0.00468	0.00613	0.00633	0.00701	0.00478	0.00465	0.00786	0.00816	0.03487	0.03372	0.11753	0.08117	0.27463	0.24520	0.00413	0.00608	0.13937	0.00326	0.00368
24	0.00725	0.00566	0.00660	0.00648	0.00777	0.00571	0.00483	0.03113	0.17168	0.01532	0.25533	0.20349	0.16783	0.04457	0.00597	0.00169	0.00279	0.04686	0.00440	0.00461
25	0.02809	0.00778	0.01134	0.03289	0.01205	0.01903	0.12442	0.06491	0.01180	0.20132	0.21485	0.06759	0.07263	0.00696	0.00536	0.00143	0.04850	0.00607	0.00408	0.05890
26	0.01287	0.00860	0.02766	0.00765	0.01023	0.00868	0.00629	0.32669	0.01413	0.10303	0.01254	0.01383	0.00950	0.02394	0.07905	0.00180	0.00452	0.00413	0.26195	0.06290
27	0.00641	0.00440	0.00536	0.00541	0.00561	0.00452	0.00338	0.00682	0.00694	0.00943	0.03818	0.07663	0.01691	0.61772	0.16959	0.00462	0.00558	0.00661	0.00281	0.00305
28	0.07553	0.01061	0.01186	0.00944	0.01249	0.03813	0.04113	0.30369	0.13418	0.02009	0.01104	0.01225	0.01795	0.00530	0.00507	0.00130	0.07619	0.02149	0.00358	0.18869
29	0.05894	0.01186	0.01226	0.09083	0.07511	0.14409	0.02746	0.28739	0.09372	0.04752	0.01297	0.01396	0.06582	0.03232	0.00498	0.00146	0.00517	0.00437	0.00353	0.00625
30	0.00712	0.00506	0.00581	0.00609	0.00710	0.03041	0.00434	0.00835	0.02116	0.07896	0.08356	0.46654	0.23501	0.01185	0.00540	0.00165	0.00276	0.01042	0.00427	0.00414
31	0.08199	0.00947	0.01044	0.09088	0.03479	0.03533	0.00741	0.20858	0.24808	0.05900	0.05337	0.05480	0.04676	0.03305	0.00506	0.00154	0.00417	0.00510	0.00397	0.00620
32	0.01119	0.01053	0.01756	0.08605	0.71446	0.01075	0.01335	0.05522	0.01067	0.01510	0.00850	0.01112	0.00703	0.00409	0.00443	0.00134	0.00534	0.00399	0.00232	0.00696

[dist]
# distance from previous block
# <min> <max>
0	1

[block]
# block no. 8 follows, 58 sequences, length 12
# corresponding to MSA columns:
# 624-635
name=unknown_I
#
# <colnr> <probs for GDERKNQSTAVLIFYWHMCP>
#	G	D	E	R	K	N	Q	S	T	A	V	L	I	F	Y	W	H	M	C	P
0	0.00866	0.00506	0.00628	0.00614	0.00736	0.00467	0.00445	0.03769	0.01030	0.15124	0.10734	0.35807	0.14825	0.07405	0.00652	0.00179	0.00289	0.00912	0.04563	0.00450
1	0.00553	0.00399	0.00525	0.00618	0.00656	0.00371	0.00421	0.00642	0.00886	0.01178	0.05879	0.74732	0.06524	0.01364	0.00569	0.00179	0.00260	0.03457	0.00418	0.00368
2	0.01043	0.00993	0.01666	0.22351	0.58958	0.01048	0.01313	0.01358	0.04311	0.01401	0.00871	0.01151	0.00708	0.00419	0.00444	0.00138	0.00540	0.00403	0.00226	0.00657
3	0.03520	0.00827	0.01251	0.33096	0.14365	0.04273	0.07850	0.01093	0.00974	0.01275	0.04046	0.06896	0.17419	0.00646	0.00473	0.00147	0.00493	0.00577	0.00275	0.00505
4	0.00561	0.00403	0.00528	0.00622	0.00659	0.00378	0.00426	0.00646	0.00869	0.01147	0.02524	0.70673	0.07085	0.04941	0.00645	0.00193	0.00276	0.06650	0.00409	0.00364
5	0.00706	0.00532	0.00603	0.00587	0.00728	0.00503	0.00437	0.04666	0.07856	0.04112	0.17753	0.20294	0.37440	0.01056	0.00525	0.00154	0.00259	0.00908	0.00439	0.00442
6	0.02457	0.02599	0.02426	0.09382	0.20120	0.03331	0.07301	0.13448	0.10072	0.07572	0.07966	0.02810	0.03147	0.00558	0.00510	0.00143	0.04715	0.00478	0.00334	0.00630
7	0.00577	0.00417	0.00527	0.00596	0.00641	0.00393	0.00408	0.00662	0.00864	0.01137	0.04927	0.51854	0.11714	0.14853	0.02604	0.00231	0.00313	0.06537	0.00390	0.00356
8	0.00777	0.00389	0.00583	0.00583	0.00583	0.00389	0.00389	0.00583	0.00583	0.00777	0.00777	0.01360	0.00777	0.01554	0.01748	0.86985	0.00389	0.00389	0.00194	0.00194
9	0.11446	0.01145	0.01220	0.00949	0.01293	0.01253	0.00783	0.59913	0.04268	0.11604	0.01124	0.01103	0.00787	0.00527	0.00429	0.00136	0.00459	0.00393	0.00440	0.00728
10	0.01274	0.01112	0.05571	0.00977	0.01282	0.03059	0.02856	0.16611	0.53126	0.06721	0.01573	0.01478	0.01158	0.00571	0.00452	0.00146	0.00419	0.00469	0.00434	0.00711
11	0.47404	0.05489	0.00967	0.00743	0.01048	0.06796	0.00614	0.13137	0.01104	0.17584	0.00917	0.00938	0.00658	0.00462	0.00345	0.00134	0.00414	0.00310	0.00348	0.00587

[dist]
# distance from previous block
# <min> <max>
1	2

[block]
# block no. 9 follows, 58 sequences, length 17
# corresponding to MSA columns:
# 638-654
name=unknown_J
#
# <colnr> <probs for GDERKNQSTAVLIFYWHMCP>
#	G	D	E	R	K	N	Q	S	T	A	V	L	I	F	Y	W	H	M	C	P
0	0.00953	0.14442	0.64597	0.01242	0.01847	0.01154	0.06990	0.01406	0.00947	0.01364	0.00783	0.00929	0.00576	0.00415	0.00412	0.00135	0.00640	0.00331	0.00192	0.00644
1	0.02531	0.01057	0.05052	0.00915	0.01203	0.02634	0.00755	0.17445	0.48518	0.05684	0.05762	0.01640	0.03582	0.00607	0.00454	0.00146	0.00395	0.00494	0.00439	0.00687
2	0.00618	0.00457	0.00577	0.00547	0.00659	0.00416	0.00410	0.00815	0.01230	0.01709	0.70097	0.03482	0.15430	0.00946	0.00528	0.00142	0.00213	0.00829	0.00481	0.00416
3	0.00855	0.00806	0.01360	0.80062	0.06143	0.00997	0.01247	0.01152	0.00899	0.01155	0.00797	0.01189	0.00601	0.00445	0.00447	0.00148	0.00594	0.00398	0.00200	0.00505
4	0.00653	0.00465	0.00585	0.00550	0.00670	0.00421	0.00414	0.00846	0.01225	0.03880	0.65991	0.03456	0.17288	0.00942	0.00526	0.00142	0.00218	0.00822	0.00481	0.00424
5	0.00616	0.00461	0.00575	0.00595	0.00683	0.00436	0.00427	0.00828	0.05970	0.01473	0.36319	0.34905	0.12811	0.01112	0.00540	0.00159	0.00241	0.00988	0.00451	0.00411
6	0.01938	0.00873	0.01107	0.00849	0.01197	0.00823	0.00701	0.19791	0.01467	0.63925	0.01608	0.01421	0.01029	0.00550	0.00449	0.00137	0.00406	0.00439	0.00530	0.00761
7	0.00649	0.00438	0.00511	0.00511	0.00519	0.00446	0.00300	0.00665	0.00657	0.00884	0.01388	0.02811	0.01576	0.76244	0.10243	0.00462	0.00510	0.00634	0.00268	0.00284
8	0.00563	0.00402	0.00527	0.00616	0.00650	0.00377	0.00417	0.00647	0.00870	0.01157	0.05276	0.69766	0.05118	0.06987	0.00686	0.00198	0.00276	0.04698	0.00408	0.00362
9	0.01071	0.00812	0.00662	0.00611	0.00763	0.15520	0.00466	0.08834	0.01111	0.01675	0.01281	0.01453	0.01005	0.00512	0.00342	0.00109	0.00345	0.00392	0.62568	0.00469
10	0.00535	0.00450	0.00464	0.00467	0.00610	0.00379	0.00348	0.00652	0.01025	0.01236	0.08434	0.08145	0.73460	0.01135	0.00531	0.00152	0.00227	0.00953	0.00419	0.00379
11	0.00621	0.00416	0.00544	0.00617	0.00671	0.00382	0.00422	0.00713	0.00910	0.05178	0.06640	0.70346	0.08231	0.01316	0.00560	0.00175	0.00261	0.01185	0.00426	0.00387
12	0.00952	0.00920	0.01568	0.45575	0.27818	0.01058	0.05671	0.01226	0.00924	0.01254	0.00797	0.01147	0.00636	0.00458	0.00543	0.00148	0.08122	0.00405	0.00207	0.00570
13	0.00598	0.00450	0.00526	0.00561	0.00670	0.00403	0.00418	0.00712	0.00963	0.03155	0.03453	0.26325	0.43809	0.03553	0.03003	0.00190	0.00295	0.10120	0.00409	0.00385
14	0.01423	0.00831	0.00971	0.00817	0.01092	0.00860	0.00650	0.06110	0.35897	0.32152	0.06393	0.01764	0.03967	0.00614	0.00453	0.00143	0.00352	0.00507	0.04314	0.00691
15	0.01069	0.01021	0.01041	0.17100	0.01477	0.14269	0.00793	0.03440	0.30953	0.01502	0.03920	0.06386	0.03512	0.00637	0.00493	0.00146	0.03885	0.02214	0.05577	0.00565
16	0.09243	0.05490	0.01178	0.01033	0.05449	0.30052	0.00769	0.14739	0.08767	0.04447	0.01181	0.06807	0.03992	0.00579	0.00444	0.00133	0.02678	0.00431	0.02012	0.00577

[dist]
# distance from previous block
# <min> <max>
2	6

[block]
# block no. 10 follows, 58 sequences, length 95
# corresponding to MSA columns:
# 669-763
name=unknown_K
#
# <colnr> <probs for GDERKNQSTAVLIFYWHMCP>
#	G	D	E	R	K	N	Q	S	T	A	V	L	I	F	Y	W	H	M	C	P
0	0.04564	0.01106	0.02755	0.02221	0.07467	0.02892	0.06410	0.37291	0.12707	0.08835	0.01251	0.03815	0.00971	0.01956	0.00484	0.00146	0.00479	0.02446	0.00399	0.01806
1	0.00694	0.00567	0.00740	0.00722	0.00813	0.02010	0.04261	0.00880	0.05987	0.01253	0.10867	0.30237	0.12623	0.09565	0.03109	0.02256	0.05795	0.06839	0.00375	0.00407
2	0.00553	0.00400	0.00535	0.02415	0.00698	0.00379	0.00429	0.00635	0.00856	0.01137	0.02441	0.79212	0.04144	0.03100	0.00603	0.00186	0.00270	0.01234	0.00408	0.00365
3	0.01202	0.25641	0.29541	0.01099	0.01532	0.17138	0.04632	0.07674	0.01082	0.01344	0.00757	0.00891	0.00602	0.00494	0.02008	0.00136	0.03087	0.00315	0.00221	0.00604
4	0.01109	0.03233	0.01278	0.01190	0.10314	0.06648	0.07607	0.11608	0.22197	0.01625	0.01479	0.06223	0.04584	0.02497	0.00587	0.00156	0.06834	0.06746	0.00347	0.03740
5	0.00813	0.00491	0.00637	0.00609	0.00733	0.00450	0.00453	0.00998	0.02503	0.12912	0.43768	0.23597	0.06652	0.00984	0.00522	0.00151	0.00250	0.00869	0.02149	0.00458
6	0.00561	0.00400	0.00534	0.00626	0.00655	0.00383	0.00423	0.00642	0.00840	0.01124	0.02325	0.72572	0.02760	0.06202	0.05767	0.00230	0.00331	0.02868	0.00396	0.00361
7	0.01093	0.01049	0.01791	0.07014	0.77329	0.01059	0.01366	0.01361	0.01012	0.01445	0.00839	0.01112	0.00703	0.00401	0.00443	0.00134	0.00535	0.00399	0.00220	0.00697
8	0.01259	0.00868	0.00987	0.00860	0.01082	0.05590	0.01838	0.09693	0.21879	0.19725	0.09157	0.07469	0.01625	0.03081	0.03260	0.00178	0.03898	0.06506	0.00435	0.00609
9	0.00708	0.00506	0.00707	0.00810	0.00907	0.00504	0.00699	0.00905	0.01018	0.01325	0.02375	0.10605	0.02601	0.01247	0.00615	0.00204	0.00401	0.73041	0.00412	0.00408
10	0.00660	0.00511	0.00760	0.00748	0.00822	0.00610	0.00586	0.00816	0.00717	0.01041	0.01160	0.01708	0.01085	0.03193	0.77406	0.00686	0.06376	0.00474	0.00237	0.00405
11	0.00655	0.00488	0.00610	0.00643	0.00744	0.00468	0.00495	0.02681	0.03668	0.01414	0.21447	0.23887	0.17438	0.03290	0.00602	0.00177	0.00293	0.20159	0.00431	0.00410
12	0.03849	0.01011	0.04121	0.01393	0.22965	0.00996	0.00917	0.11100	0.22158	0.24669	0.01382	0.01353	0.00990	0.00515	0.00443	0.00140	0.00437	0.00435	0.00405	0.00722
13	0.00640	0.00477	0.00708	0.00708	0.00785	0.00553	0.00546	0.00792	0.00716	0.01031	0.01208	0.01810	0.01141	0.07013	0.78879	0.00706	0.01164	0.00487	0.00241	0.00394
14	0.00614	0.00456	0.00571	0.00543	0.00656	0.00414	0.00407	0.00807	0.01221	0.01686	0.67137	0.03519	0.18403	0.00955	0.00528	0.00143	0.00214	0.00834	0.00478	0.00414
15	0.03860	0.01241	0.16669	0.26233	0.22271	0.01079	0.10507	0.07980	0.01047	0.01477	0.00834	0.01095	0.00639	0.00438	0.00473	0.00143	0.02774	0.00396	0.00229	0.00615
