[name]
unknown

[dist]
# distance from previous block
# <min> <max>
0	34

[block]
# block no. 0 follows, 60 sequences, length 22
# corresponding to MSA columns:
# 37-58
name=unknown_A
#
# <colnr> <probs for GDERKNQSTAVLIFYWHMCP>
#	G	D	E	R	K	N	Q	S	T	A	V	L	I	F	Y	W	H	M	C	P
0	0.14178	0.06840	0.03116	0.03550	0.02328	0.09689	0.00608	0.04983	0.03786	0.03342	0.05650	0.15492	0.08481	0.02076	0.05297	0.04066	0.00444	0.01954	0.00316	0.03805
1	0.04267	0.05076	0.02153	0.10638	0.08625	0.03694	0.07207	0.05740	0.03801	0.08678	0.01199	0.03358	0.05863	0.00680	0.05271	0.00160	0.05890	0.01277	0.00289	0.16133
2	0.01215	0.08134	0.16945	0.03764	0.01357	0.16506	0.00919	0.18883	0.04767	0.04780	0.01313	0.02705	0.07185	0.00635	0.01816	0.00145	0.01672	0.06364	0.00311	0.00583
3	0.02341	0.01226	0.16351	0.00992	0.05434	0.13426	0.00851	0.09416	0.10409	0.01554	0.15197	0.06731	0.04550	0.02261	0.00512	0.00145	0.02439	0.04350	0.00335	0.01479
4	0.00851	0.00748	0.02522	0.04641	0.17286	0.00713	0.10522	0.03825	0.04088	0.04070	0.09063	0.06345	0.17963	0.14535	0.00768	0.00188	0.00419	0.00636	0.00322	0.00494
5	0.00629	0.00534	0.03205	0.00566	0.00710	0.00460	0.00447	0.03423	0.00964	0.02473	0.05219	0.13663	0.44280	0.03953	0.11582	0.00232	0.00389	0.03204	0.02094	0.01973
6	0.01225	0.04077	0.02569	0.01011	0.03742	0.33782	0.00765	0.03336	0.19294	0.01318	0.06134	0.01389	0.02641	0.06937	0.00666	0.00156	0.09712	0.00417	0.00296	0.00533
7	0.00648	0.00480	0.00668	0.00626	0.00673	0.00481	0.06391	0.00707	0.00701	0.00946	0.01453	0.13882	0.01632	0.56231	0.12277	0.00404	0.00519	0.00688	0.00276	0.00317
8	0.01152	0.00992	0.01032	0.00784	0.01140	0.07040	0.00628	0.20259	0.06430	0.01739	0.00898	0.00977	0.00707	0.00398	0.00363	0.00090	0.00397	0.00308	0.00311	0.54358
9	0.03253	0.11001	0.07621	0.03150	0.14659	0.02285	0.03187	0.13650	0.02175	0.03466	0.03234	0.03340	0.00826	0.00440	0.00385	0.00110	0.00444	0.00363	0.00281	0.26130
10	0.01200	0.19444	0.30821	0.01036	0.01464	0.08491	0.01088	0.21959	0.01237	0.01628	0.02157	0.01069	0.00728	0.00481	0.00425	0.00128	0.02768	0.02988	0.00266	0.00623
11	0.00610	0.00446	0.00572	0.00541	0.00647	0.00408	0.00405	0.00808	0.01216	0.01706	0.75863	0.03329	0.10001	0.00908	0.00514	0.00138	0.00207	0.00799	0.00474	0.00408
12	0.00992	0.01098	0.03864	0.01802	0.11967	0.01019	0.59141	0.01329	0.01020	0.01389	0.01049	0.01622	0.00891	0.00475	0.00513	0.00151	0.00665	0.10193	0.00242	0.00579
13	0.01313	0.06124	0.05178	0.03963	0.19918	0.14759	0.07149	0.16893	0.05890	0.07684	0.00996	0.03769	0.00794	0.00492	0.00460	0.00132	0.03148	0.00406	0.00300	0.00632
14	0.01437	0.00662	0.00927	0.10947	0.01216	0.00616	0.00646	0.01631	0.01198	0.49408	0.24283	0.01947	0.01879	0.00627	0.00460	0.00137	0.00350	0.00532	0.00480	0.00617
15	0.00516	0.00438	0.00446	0.00451	0.00592	0.00367	0.00336	0.00625	0.00985	0.01174	0.04301	0.08853	0.77194	0.01120	0.00518	0.00149	0.00223	0.00939	0.00405	0.00367
16	0.01013	0.31030	0.47860	0.01142	0.06250	0.01255	0.01271	0.01370	0.00920	0.03129	0.00745	0.00866	0.00575	0.00401	0.00369	0.00122	0.00569	0.00298	0.00195	0.00620
17	0.00997	0.01441	0.23858	0.01829	0.16484	0.01067	0.45035	0.01382	0.00994	0.01398	0.00844	0.01090	0.00638	0.00384	0.00473	0.00142	0.00672	0.00440	0.00210	0.00622
18	0.00596	0.00441	0.00557	0.00545	0.00647	0.00402	0.00407	0.00775	0.01153	0.01588	0.60007	0.11131	0.15920	0.00978	0.00521	0.00144	0.00218	0.03110	0.00459	0.00399
19	0.00576	0.00418	0.00546	0.00620	0.00679	0.00393	0.00453	0.00691	0.00918	0.01213	0.10483	0.49811	0.10705	0.03966	0.00612	0.00183	0.00280	0.16678	0.00407	0.00368
20	0.11674	0.00906	0.03884	0.07293	0.11294	0.00805	0.05527	0.02429	0.03543	0.01488	0.00800	0.00965	0.00645	0.00376	0.00381	0.00101	0.02048	0.00311	0.00252	0.45278
21	0.09566	0.01175	0.03673	0.00948	0.01285	0.01262	0.00796	0.61810	0.09165	0.02515	0.01137	0.01132	0.02487	0.00528	0.00423	0.00133	0.00454	0.00396	0.00413	0.00701

[dist]
# distance from previous block
# <min> <max>
0	1

[block]
# block no. 1 follows, 60 sequences, length 25
# corresponding to MSA columns:
# 60-84
name=unknown_B
#
# <colnr> <probs for GDERKNQSTAVLIFYWHMCP>
#	G	D	E	R	K	N	Q	S	T	A	V	L	I	F	Y	W	H	M	C	P
0	0.01128	0.74129	0.12757	0.00811	0.01220	0.01633	0.00859	0.01316	0.00891	0.01073	0.00629	0.00729	0.00559	0.00379	0.00297	0.00099	0.00490	0.00245	0.00186	0.00571
1	0.00957	0.00843	0.01136	0.00821	0.01202	0.00691	0.10968	0.06101	0.01005	0.01514	0.03861	0.01038	0.00785	0.00363	0.00362	0.00082	0.00382	0.00320	0.00273	0.67296
2	0.00563	0.00401	0.00520	0.00604	0.00639	0.00380	0.00415	0.00644	0.00835	0.01102	0.02355	0.61279	0.06428	0.12224	0.00777	0.00210	0.00290	0.09599	0.00386	0.00348
3	0.01162	0.76930	0.06043	0.00779	0.01162	0.01667	0.00788	0.03185	0.02936	0.01103	0.00654	0.00742	0.00583	0.00384	0.00294	0.00098	0.00472	0.00248	0.00199	0.00571
4	0.01216	0.04410	0.09074	0.02823	0.11625	0.05035	0.28992	0.14958	0.01173	0.07074	0.00900	0.01083	0.00679	0.00455	0.00548	0.00141	0.08499	0.00420	0.00271	0.00625
5	0.01067	0.07066	0.03539	0.00733	0.01100	0.00780	0.00620	0.08569	0.01025	0.07452	0.00874	0.02182	0.00708	0.00396	0.00387	0.00087	0.03513	0.00303	0.00288	0.59311
6	0.01245	0.57746	0.09845	0.00882	0.01247	0.20411	0.00853	0.01414	0.00970	0.01070	0.00639	0.00741	0.00559	0.00395	0.00319	0.00102	0.00558	0.00253	0.00195	0.00555
7	0.00634	0.00423	0.00476	0.00476	0.00476	0.00423	0.00264	0.00634	0.00634	0.00846	0.01374	0.02854	0.01586	0.84672	0.02220	0.00423	0.00423	0.00634	0.00264	0.00264
8	0.01501	0.21778	0.01478	0.01026	0.01287	0.60857	0.00815	0.01657	0.03812	0.01083	0.00695	0.00794	0.00587	0.00436	0.00368	0.00109	0.00696	0.00277	0.00223	0.00525
9	0.01312	0.00795	0.02865	0.00752	0.01033	0.00736	0.00617	0.12629	0.11109	0.28684	0.18845	0.01786	0.02837	0.00599	0.00438	0.00127	0.00341	0.00497	0.03068	0.10931
10	0.00733	0.00531	0.00639	0.00592	0.00734	0.00513	0.00450	0.01071	0.12825	0.05498	0.53815	0.03088	0.16092	0.00866	0.00501	0.00140	0.00236	0.00750	0.00466	0.00461
11	0.01264	0.60761	0.08018	0.00846	0.01230	0.05313	0.03806	0.01443	0.00958	0.11684	0.00779	0.00841	0.00631	0.00401	0.00325	0.00105	0.00492	0.00280	0.00236	0.00588
12	0.00633	0.00482	0.00720	0.00714	0.00790	0.00569	0.00558	0.00787	0.00700	0.01014	0.01150	0.01690	0.01075	0.03195	0.80472	0.00685	0.03676	0.00465	0.00232	0.00392
13	0.00520	0.00442	0.00448	0.00447	0.00592	0.00370	0.00335	0.00635	0.01005	0.01205	0.08049	0.04153	0.78127	0.01095	0.00515	0.00147	0.00220	0.00914	0.00409	0.00370
14	0.01629	0.02079	0.01236	0.01124	0.01348	0.82921	0.00843	0.01742	0.01236	0.01067	0.00674	0.00787	0.00562	0.00449	0.00393	0.00112	0.00787	0.00281	0.00225	0.00506
15	0.01316	0.01136	0.01561	0.17061	0.01858	0.04957	0.18779	0.36658	0.07556	0.03218	0.01006	0.01137	0.00735	0.00474	0.00453	0.00138	0.00559	0.00422	0.00334	0.00643
16	0.00546	0.00394	0.00518	0.00597	0.00640	0.00366	0.00409	0.00643	0.00899	0.01204	0.12862	0.68125	0.06734	0.01288	0.00550	0.00171	0.00249	0.03026	0.00415	0.00364
17	0.00634	0.00423	0.00476	0.00476	0.00476	0.00423	0.00264	0.00634	0.00634	0.00846	0.01374	0.02854	0.01586	0.84672	0.02220	0.00423	0.00423	0.00634	0.00264	0.00264
18	0.00904	0.00775	0.00904	0.00646	0.01034	0.00581	0.00517	0.01098	0.00904	0.01421	0.00775	0.00904	0.00646	0.00323	0.00323	0.00065	0.00323	0.00258	0.00258	0.87339
19	0.01228	0.01216	0.01053	0.00947	0.01190	0.20634	0.00730	0.04033	0.60202	0.01666	0.01495	0.01413	0.01134	0.00556	0.00432	0.00139	0.00454	0.00440	0.00391	0.00647
20	0.00875	0.02256	0.82413	0.01243	0.01888	0.01013	0.01611	0.01381	0.00921	0.01381	0.00783	0.00921	0.00552	0.00414	0.00414	0.00138	0.00645	0.00322	0.00184	0.00645
21	0.00998	0.01131	0.02442	0.01752	0.02176	0.01058	0.75448	0.01350	0.01027	0.01384	0.01100	0.01362	0.05648	0.00413	0.00515	0.00147	0.00704	0.00540	0.00232	0.00575
22	0.01676	0.01192	0.01291	0.00990	0.01338	0.01309	0.00817	0.75680	0.02001	0.07636	0.01089	0.01074	0.00762	0.00525	0.00436	0.00131	0.00473	0.00395	0.00443	0.00742
23	0.00531	0.00380	0.00506	0.00607	0.00633	0.00354	0.00405	0.00607	0.00835	0.01113	0.02404	0.84388	0.02885	0.01366	0.00557	0.00177	0.00253	0.01240	0.00405	0.00354
24	0.01579	0.01201	0.01221	0.00963	0.01279	0.08299	0.00784	0.61118	0.03674	0.07141	0.07351	0.01235	0.01022	0.00548	0.00439	0.00130	0.00476	0.00419	0.00428	0.00694

[dist]
# distance from previous block
# <min> <max>
0	3

[block]
# block no. 2 follows, 60 sequences, length 114
# corresponding to MSA columns:
# 88-118,137-219
name=unknown_C
#
# <colnr> <probs for GDERKNQSTAVLIFYWHMCP>
#	G	D	E	R	K	N	Q	S	T	A	V	L	I	F	Y	W	H	M	C	P
0	0.19201	0.01696	0.01094	0.00986	0.01226	0.56268	0.00753	0.04043	0.08447	0.01368	0.00772	0.00855	0.00619	0.00455	0.00374	0.00121	0.00645	0.00294	0.00260	0.00523
1	0.00532	0.00436	0.00469	0.00475	0.00603	0.00373	0.00351	0.00653	0.01013	0.01255	0.15546	0.12525	0.62053	0.01101	0.00520	0.00149	0.00222	0.00935	0.00416	0.00373
2	0.01123	0.72806	0.14040	0.00819	0.01232	0.01621	0.00873	0.01317	0.00891	0.01078	0.00632	0.00732	0.00559	0.00379	0.00300	0.00100	0.00493	0.00246	0.00186	0.00572
3	0.03937	0.49480	0.21904	0.00898	0.01328	0.01462	0.00959	0.10406	0.03626	0.01367	0.00738	0.00824	0.00601	0.00409	0.00336	0.00112	0.00504	0.00282	0.00226	0.00603
4	0.00872	0.00603	0.03320	0.00638	0.00808	0.00540	0.00509	0.01191	0.10315	0.13514	0.53627	0.02758	0.05766	0.02943	0.00536	0.00146	0.00266	0.00689	0.00467	0.00494
5	0.00688	0.00467	0.00559	0.00533	0.00671	0.00412	0.00405	0.00842	0.01101	0.08537	0.34488	0.08846	0.36848	0.00991	0.00513	0.00146	0.00235	0.02855	0.00446	0.00418
6	0.01441	0.01353	0.01186	0.01008	0.01258	0.36578	0.07317	0.07980	0.02527	0.16740	0.06399	0.03190	0.04934	0.00588	0.00457	0.00132	0.01620	0.04395	0.00342	0.00558
7	0.01118	0.02154	0.07265	0.19055	0.40644	0.11090	0.04176	0.06764	0.01065	0.01399	0.00806	0.01047	0.00643	0.00416	0.00428	0.00132	0.00578	0.00374	0.00225	0.00620
8	0.00701	0.00475	0.00630	0.00708	0.00799	0.00472	0.00595	0.00882	0.00960	0.01313	0.02177	0.09148	0.03916	0.05667	0.00642	0.00196	0.00361	0.56855	0.13112	0.00391
9	0.00898	0.02079	0.69579	0.01327	0.01932	0.01031	0.12962	0.01378	0.00932	0.01378	0.00794	0.00958	0.00569	0.00413	0.00445	0.00140	0.02009	0.00351	0.00190	0.00634
10	0.00973	0.02981	0.00855	0.00749	0.00896	0.16093	0.03503	0.05948	0.08474	0.01341	0.04463	0.08787	0.03202	0.15967	0.07323	0.00227	0.00493	0.01656	0.15620	0.00450
11	0.01016	0.05258	0.19408	0.10931	0.39824	0.03378	0.06472	0.01320	0.00949	0.01329	0.00783	0.01027	0.00630	0.00421	0.00484	0.00136	0.05431	0.00371	0.00204	0.00628
12	0.00588	0.00467	0.00528	0.00546	0.02068	0.00417	0.00395	0.03029	0.01039	0.01323	0.16334	0.15624	0.50518	0.01069	0.00515	0.00149	0.00239	0.02541	0.02218	0.00391
13	0.02621	0.05837	0.02534	0.15993	0.08938	0.03660	0.14199	0.20254	0.01221	0.08747	0.00949	0.01122	0.00711	0.00503	0.01422	0.00143	0.06071	0.00401	0.04067	0.00606
14	0.09228	0.02575	0.05943	0.00887	0.01140	0.04965	0.04696	0.20883	0.17122	0.01807	0.05971	0.13219	0.01358	0.02775	0.00505	0.00150	0.02030	0.01685	0.02487	0.00573
15	0.00536	0.00443	0.00471	0.00471	0.00608	0.00378	0.00355	0.00662	0.01026	0.01264	0.15658	0.05754	0.66508	0.01082	0.00519	0.00148	0.00224	0.03101	0.00416	0.00375
16	0.01164	0.67240	0.08889	0.00882	0.01272	0.07014	0.05892	0.01347	0.00921	0.01082	0.00643	0.00754	0.00566	0.00381	0.00313	0.00102	0.00520	0.00262	0.00191	0.00565
17	0.01103	0.27008	0.15419	0.03703	0.18230	0.09589	0.03854	0.01366	0.03332	0.01216	0.00733	0.00914	0.00615	0.00447	0.00504	0.00127	0.10720	0.00326	0.00206	0.00589
18	0.01105	0.21680	0.44357	0.01118	0.01605	0.18265	0.03453	0.01439	0.00981	0.01233	0.00721	0.00848	0.00559	0.00411	0.00381	0.00122	0.00635	0.00298	0.00194	0.00594
19	0.00533	0.00447	0.00466	0.00475	0.00618	0.00381	0.00366	0.00651	0.00995	0.01190	0.04224	0.04264	0.74478	0.01114	0.00523	0.00152	0.00238	0.08110	0.00405	0.00371
20	0.00931	0.00883	0.03627	0.68856	0.02753	0.01020	0.03744	0.10550	0.01018	0.01325	0.00811	0.01143	0.00602	0.00444	0.00438	0.00143	0.00576	0.00390	0.00223	0.00523
21	0.01371	0.02908	0.01258	0.13091	0.01535	0.01167	0.03167	0.40089	0.19451	0.07447	0.03227	0.01274	0.00951	0.00528	0.00439	0.00137	0.00458	0.00427	0.00398	0.00676
22	0.00598	0.00434	0.00564	0.00555	0.00646	0.00400	0.00407	0.00777	0.01155	0.01614	0.64647	0.17582	0.07019	0.00984	0.00522	0.00145	0.00215	0.00873	0.00464	0.00400
23	0.00606	0.00445	0.00567	0.00537	0.00645	0.00407	0.00403	0.00801	0.01208	0.01685	0.73083	0.03363	0.12794	0.00915	0.00515	0.00138	0.00207	0.00803	0.00472	0.00407
24	0.03380	0.00770	0.01266	0.77866	0.02850	0.00960	0.01163	0.01116	0.00866	0.01151	0.00784	0.01158	0.00592	0.00442	0.00442	0.00145	0.01753	0.00384	0.02431	0.00482
25	0.63985	0.01959	0.03423	0.00667	0.00962	0.01929	0.00569	0.08748	0.00941	0.11163	0.01781	0.00868	0.00616	0.00438	0.00314	0.00134	0.00370	0.00284	0.00314	0.00535
26	0.01011	0.01143	0.02483	0.01780	0.02206	0.01072	0.76742	0.01371	0.01039	0.01413	0.04548	0.01271	0.00818	0.00391	0.00515	0.00147	0.00711	0.00527	0.00232	0.00580
27	0.01191	0.00889	0.00979	0.00844	0.01092	0.00985	0.00668	0.13244	0.47230	0.11160	0.05624	0.01811	0.08435	0.00641	0.00483	0.00145	0.02958	0.00521	0.00444	0.00655
28	0.06404	0.08021	0.08904	0.01014	0.01306	0.43810	0.00851	0.04671	0.14049	0.05587	0.00921	0.00970	0.00713	0.00468	0.00392	0.00122	0.00619	0.00325	0.00280	0.00572
29	0.02579	0.00826	0.01077	0.00887	0.01116	0.05699	0.12268	0.07008	0.14279	0.11210	0.30409	0.05148	0.04230	0.00686	0.00478	0.00140	0.00385	0.00611	0.00416	0.00549
30	0.47803	0.03335	0.00954	0.13895	0.01319	0.03634	0.00684	0.15094	0.03394	0.05123	0.00791	0.00900	0.00591	0.00442	0.00341	0.00134	0.00420	0.00304	0.00299	0.00542
31	0.01007	0.05980	0.11385	0.01606	0.09339	0.02893	0.44294	0.02366	0.02850	0.01372	0.01005	0.03518	0.00855	0.00485	0.00512	0.00147	0.03146	0.06419	0.00240	0.00582
32	0.01228	0.59440	0.10983	0.00817	0.01200	0.05302	0.00825	0.01413	0.00959	0.10374	0.03387	0.00901	0.00734	0.00417	0.00326	0.00105	0.00482	0.00287	0.00238	0.00583
33	0.85529	0.00880	0.02735	0.00591	0.00870	0.00979	0.00501	0.01285	0.00747	0.01942	0.00612	0.00714	0.00474	0.00405	0.00274	0.00135	0.00345	0.00238	0.00268	0.00477
34	0.00926	0.00908	0.01642	0.43257	0.19746	0.01002	0.17883	0.01217	0.00927	0.01258	0.00825	0.01158	0.00642	0.00424	0.00478	0.00142	0.03187	0.00415	0.03415	0.00548
35	0.02960	0.00914	0.08256	0.01093	0.06318	0.00750	0.15174	0.01590	0.02241	0.36642	0.04775	0.05623	0.03608	0.02350	0.00505	0.00150	0.00455	0.05576	0.00398	0.00623
36	0.01904	0.00820	0.03595	0.00805	0.01153	0.00698	0.00684	0.07082	0.01289	0.74654	0.01648	0.01439	0.01042	0.00535	0.00438	0.00135	0.00387	0.00432	0.00522	0.00739
37	0.00531	0.00380	0.00506	0.00607	0.00633	0.00354	0.00405	0.00607	0.00835	0.01113	0.02404	0.84388	0.02885	0.01366	0.00557	0.00177	0.00253	0.01240	0.00405	0.00354
38	0.00936	0.16748	0.39334	0.02429	0.07195	0.01059	0.01142	0.02984	0.07571	0.01360	0.01023	0.08354	0.00877	0.00580	0.02422	0.00146	0.00532	0.00416	0.04301	0.00593
39	0.00987	0.27302	0.51113	0.02675	0.01632	0.03648	0.01294	0.01352	0.00909	0.01247	0.00718	0.00856	0.00556	0.00416	0.00411	0.00126	0.03668	0.00297	0.00187	0.00605
40	0.01919	0.00768	0.01024	0.00789	0.01124	0.00684	0.00650	0.05422	0.03631	0.76551	0.01694	0.01470	0.01073	0.00541	0.00439	0.00135	0.00375	0.00438	0.00533	0.00741
41	0.01031	0.01158	0.02471	0.01887	0.08802	0.01104	0.71513	0.01382	0.01016	0.01389	0.00868	0.01162	0.00662	0.00381	0.00535	0.00147	0.03179	0.00500	0.00219	0.00593
42	0.01022	0.00984	0.01644	0.17312	0.51498	0.02698	0.07635	0.03298	0.01012	0.01396	0.03860	0.02788	0.00861	0.00449	0.00446	0.00136	0.00534	0.01572	0.00234	0.00621
43	0.00775	0.00530	0.00643	0.00587	0.00720	0.00523	0.00449	0.07156	0.04856	0.03462	0.54742	0.02700	0.04207	0.00864	0.03069	0.00150	0.00267	0.00673	0.13174	0.00455
44	0.00526	0.00444	0.00457	0.00464	0.00607	0.00375	0.00352	0.00640	0.00992	0.01184	0.04270	0.05650	0.76162	0.01115	0.00521	0.00151	0.00231	0.05085	0.00405	0.00370
45	0.08853	0.00908	0.01347	0.23011	0.27418	0.00996	0.02804	0.05139	0.09556	0.08747	0.01017	0.01267	0.00795	0.00480	0.00464	0.00141	0.03566	0.02601	0.00283	0.00606
46	0.01029	0.01301	0.14029	0.01654	0.05436	0.01110	0.52550	0.04183	0.05867	0.01446	0.00904	0.01143	0.00684	0.00421	0.00551	0.00147	0.06239	0.00467	0.00234	0.00605
47	0.00536	0.00383	0.00511	0.00612	0.00640	0.00358	0.00412	0.00615	0.00839	0.01118	0.02401	0.82353	0.02875	0.01362	0.00558	0.00178	0.00257	0.03231	0.00405	0.00355
48	0.00834	0.00503	0.00601	0.00562	0.00626	0.00504	0.00366	0.04947	0.00791	0.10271	0.01417	0.05518	0.01490	0.60622	0.08809	0.00390	0.00478	0.00607	0.00307	0.00358
49	0.06051	0.03518	0.03479	0.00698	0.00900	0.00729	0.00565	0.15561	0.07188	0.06649	0.23353	0.15847	0.12075	0.00824	0.00472	0.00143	0.00317	0.00698	0.00420	0.00514
50	0.00970	0.01033	0.01885	0.01449	0.01660	0.01179	0.38678	0.01194	0.00848	0.01218	0.00806	0.04988	0.00724	0.00604	0.00954	0.00169	0.40417	0.00485	0.00215	0.00524
51	0.00594	0.00454	0.00498	0.00482	0.00626	0.00389	0.00365	0.00729	0.01058	0.04304	0.21729	0.03893	0.60423	0.01037	0.00513	0.00145	0.00225	0.01717	0.00427	0.00392
52	0.06296	0.00880	0.01230	0.08487	0.31931	0.00921	0.00917	0.06361	0.14991	0.08776	0.01502	0.01574	0.10248	0.00538	0.00431	0.00136	0.00422	0.00465	0.03271	0.00621
53	0.01113	0.60809	0.18154	0.00947	0.04285	0.03580	0.02347	0.01347	0.01896	0.01129	0.00670	0.00780	0.00574	0.00386	0.00321	0.00106	0.00515	0.00266	0.00192	0.00582
54	0.00525	0.00442	0.00455	0.00452	0.00595	0.00372	0.00339	0.00645	0.01017	0.01233	0.11787	0.04108	0.74372	0.01084	0.00515	0.00146	0.00219	0.00908	0.00412	0.00372
55	0.01152	0.01181	0.01677	0.04999	0.67640	0.13047	0.01262	0.01391	0.01025	0.01363	0.00798	0.01039	0.00668	0.00399	0.00426	0.00128	0.00559	0.00373	0.00216	0.00657
56	0.01201	0.13885	0.10988	0.05726	0.13198	0.04101	0.03429	0.13724	0.12241	0.07504	0.01058	0.01148	0.00803	0.00479	0.00419	0.01372	0.00478	0.00377	0.07243	0.00626
57	0.00987	0.00942	0.01615	0.24898	0.52208	0.00998	0.04187	0.01254	0.00957	0.01327	0.00879	0.01291	0.00747	0.00446	0.00457	0.00139	0.01613	0.04222	0.00219	0.00613
58	0.01949	0.00754	0.01020	0.00782	0.01119	0.00659	0.00646	0.04095	0.01268	0.80256	0.01704	0.01473	0.01071	0.00539	0.00439	0.00135	0.00374	0.00437	0.00537	0.00742
59	0.00875	0.02256	0.82413	0.01243	0.01888	0.01013	0.01611	0.01381	0.00921	0.01381	0.00783	0.00921	0.00552	0.00414	0.00414	0.00138	0.00645	0.00322	0.00184	0.00645
60	0.00964	0.01078	0.07232	0.20718	0.24005	0.01024	0.29329	0.01278	0.00974	0.01344	0.04490	0.01217	0.00798	0.00428	0.00496	0.00142	0.03230	0.00447	0.00222	0.00585
61	0.01538	0.01162	0.01242	0.00979	0.01307	0.01297	0.00800	0.64193	0.18550	0.02556	0.01199	0.01168	0.00865	0.00538	0.00438	0.00134	0.00452	0.00414	0.00438	0.00731
62	0.00875	0.02256	0.82413	0.01243	0.01888	0.01013	0.01611	0.01381	0.00921	0.01381	0.00783	0.00921	0.00552	0.00414	0.00414	0.00138	0.00645	0.00322	0.00184	0.00645
63	0.01014	0.10964	0.58872	0.01135	0.01683	0.04134	0.01361	0.10288	0.01067	0.01498	0.03537	0.00986	0.00696	0.00440	0.00405	0.00131	0.00597	0.00335	0.00224	0.00633
64	0.00842	0.00679	0.02875	0.00788	0.00956	0.00683	0.00662	0.01372	0.26147	0.03762	0.15815	0.03389	0.04153	0.00918	0.00526	0.00169	0.00351	0.34979	0.00427	0.00509
65	0.00660	0.00455	0.00597	0.00556	0.00666	0.00419	0.00419	0.00865	0.01235	0.04342	0.79144	0.03201	0.04017	0.00880	0.00512	0.00137	0.00211	0.00777	0.00482	0.00422
66	0.02034	0.00927	0.01581	0.36479	0.41452	0.01021	0.04664	0.01236	0.00929	0.01286	0.00792	0.01109	0.00637	0.00422	0.00472	0.00139	0.03631	0.00391	0.00207	0.00589
67	0.00910	0.02229	0.78733	0.01235	0.01863	0.02906	0.01576	0.03155	0.00953	0.01405	0.00786	0.00921	0.00557	0.00418	0.00414	0.00137	0.00644	0.00323	0.00191	0.00644
68	0.00515	0.00442	0.00442	0.00442	0.00589	0.00368	0.00331	0.00626	0.00994	0.01178	0.04418	0.04197	0.81775	0.01105	0.00515	0.00147	0.00221	0.00920	0.00405	0.00368
69	0.01085	0.00937	0.00986	0.00888	0.01134	0.01085	0.00690	0.02318	0.81164	0.01824	0.01775	0.01627	0.01331	0.00592	0.00444	0.00148	0.00345	0.00493	0.00444	0.00690
70	0.00939	0.00793	0.01244	0.63572	0.02541	0.00947	0.02554	0.09141	0.01007	0.03946	0.00925	0.03811	0.00719	0.00481	0.00434	0.00142	0.00535	0.00420	0.05338	0.00512
71	0.01123	0.72806	0.14040	0.00819	0.01232	0.01621	0.00873	0.01317	0.00891	0.01078	0.00632	0.00732	0.00559	0.00379	0.00300	0.00100	0.00493	0.00246	0.00186	0.00572
72	0.00515	0.00442	0.00442	0.00442	0.00589	0.00368	0.00331	0.00626	0.00994	0.01178	0.04418	0.04197	0.81775	0.01105	0.00515	0.00147	0.00221	0.00920	0.00405	0.00368
73	0.01079	0.01036	0.01770	0.02677	0.81952	0.01036	0.01339	0.01339	0.00993	0.01425	0.00820	0.01079	0.00691	0.00389	0.00432	0.00130	0.00518	0.00389	0.00216	0.00691
74	0.01012	0.01147	0.02494	0.03223	0.02246	0.01080	0.76748	0.01370	0.01021	0.01384	0.00923	0.03513	0.00723	0.00397	0.00515	0.00148	0.00719	0.00533	0.00225	0.00580
75	0.00539	0.00385	0.00516	0.00616	0.00645	0.00363	0.00418	0.00621	0.00839	0.01118	0.02379	0.80171	0.02840	0.01394	0.01988	0.00187	0.00274	0.03949	0.00402	0.00357
76	0.01166	0.84935	0.02285	0.00746	0.01119	0.01726	0.00746	0.01306	0.00886	0.01026	0.00606	0.00700	0.00560	0.00373	0.00280	0.00093	0.00466	0.00233	0.00187	0.00560
77	0.00850	0.00486	0.00526	0.00499	0.00600	0.00496	0.00358	0.04736	0.04298	0.04427	0.01449	0.01941	0.02616	0.21596	0.03435	0.02020	0.00318	0.00478	0.48468	0.00406
78	0.01957	0.00742	0.01012	0.00776	0.01113	0.00641	0.00641	0.02126	0.01248	0.82254	0.01721	0.01484	0.01080	0.00540	0.00439	0.00135	0.00371	0.00439	0.00540	0.00742
79	0.01079	0.01036	0.01770	0.02677	0.81952	0.01036	0.01339	0.01339	0.00993	0.01425	0.00820	0.01079	0.00691	0.00389	0.00432	0.00130	0.00518	0.00389	0.00216	0.00691
80	0.00978	0.00902	0.01366	0.44614	0.25009	0.04817	0.01132	0.05798	0.00974	0.01285	0.00814	0.01137	0.00645	0.00499	0.00510	0.05685	0.00545	0.00383	0.02367	0.00538
81	0.01615	0.02055	0.01238	0.01124	0.01344	0.81218	0.00845	0.01727	0.01224	0.01067	0.00672	0.00790	0.00562	0.00456	0.00415	0.00114	0.02522	0.00283	0.00224	0.00505
82	0.00531	0.00380	0.00506	0.00607	0.00633	0.00354	0.00405	0.00607	0.00835	0.01113	0.02404	0.84388	0.02885	0.01366	0.00557	0.00177	0.00253	0.01240	0.00405	0.00354
83	0.01073	0.00924	0.00976	0.00879	0.01122	0.01067	0.00683	0.02279	0.79108	0.01823	0.03831	0.01669	0.01403	0.00599	0.00446	0.00148	0.00342	0.00501	0.00445	0.00683
84	0.04155	0.00836	0.01032	0.00841	0.01114	0.00848	0.03112	0.22460	0.09184	0.31679	0.03902	0.12180	0.01307	0.00777	0.04338	0.00168	0.00425	0.00544	0.00451	0.00647
85	0.01868	0.00885	0.01101	0.00844	0.01185	0.00853	0.00697	0.25475	0.01487	0.58566	0.01520	0.01354	0.00979	0.00535	0.00438	0.00134	0.00404	0.00425	0.00509	0.00742
86	0.00518	0.00443	0.00445	0.00446	0.00593	0.00370	0.00336	0.00629	0.00994	0.01180	0.04392	0.04206	0.80774	0.01106	0.00517	0.00148	0.00223	0.01907	0.00405	0.00369
87	0.01102	0.00974	0.00994	0.00895	0.01141	0.03721	0.00695	0.02299	0.78589	0.01800	0.01740	0.01600	0.01307	0.00587	0.00442	0.00147	0.00359	0.00486	0.00437	0.00684
88	0.01363	0.00847	0.00974	0.00836	0.01105	0.00903	0.00665	0.03274	0.48655	0.28543	0.01754	0.01678	0.01271	0.00591	0.00443	0.00144	0.00354	0.03001	0.02908	0.00691
89	0.00531	0.00380	0.00506	0.00607	0.00633	0.00354	0.00405	0.00607	0.00835	0.01113	0.02404	0.84388	0.02885	0.01366	0.00557	0.00177	0.00253	0.01240	0.00405	0.00354
90	0.01620	0.02035	0.01240	0.01120	0.01345	0.79106	0.00844	0.04268	0.01254	0.01121	0.00685	0.00797	0.00568	0.00456	0.00410	0.00114	0.01986	0.00286	0.00231	0.00513
91	0.00979	0.00992	0.01347	0.01193	0.03717	0.03896	0.00963	0.01081	0.00696	0.01062	0.00584	0.00953	0.00576	0.00742	0.01367	0.00186	0.78611	0.00379	0.00193	0.00485
92	0.00534	0.00381	0.00508	0.00606	0.00633	0.00356	0.00405	0.00613	0.00845	0.01129	0.04397	0.82349	0.02916	0.01354	0.00556	0.00176	0.00252	0.01229	0.00407	0.00356
93	0.00993	0.01019	0.01330	0.01144	0.01157	0.06053	0.00948	0.01090	0.00701	0.01051	0.00578	0.00945	0.00572	0.00745	0.01371	0.00186	0.79070	0.00376	0.00193	0.00479
94	0.00685	0.00495	0.00678	0.00767	0.00871	0.00489	0.00664	0.00879	0.01011	0.01309	0.04996	0.04810	0.08802	0.01187	0.00593	0.00195	0.00381	0.70384	0.00404	0.00399
95	0.00531	0.00380	0.00506	0.00607	0.00633	0.00354	0.00405	0.00607	0.00835	0.01113	0.02404	0.84388	0.02885	0.01366	0.00557	0.00177	0.00253	0.01240	0.00405	0.00354
96	0.00743	0.00478	0.00624	0.00572	0.00695	0.00442	0.00432	0.00955	0.02362	0.08844	0.71488	0.03068	0.03744	0.02962	0.00550	0.00144	0.00228	0.00750	0.00479	0.00441
97	0.51959	0.09561	0.15139	0.00763	0.01110	0.03722	0.00740	0.06763	0.03157	0.01783	0.01527	0.00822	0.00578	0.00423	0.00319	0.00131	0.00427	0.00276	0.00264	0.00536
98	0.83750	0.00882	0.03235	0.00595	0.00874	0.00971	0.00508	0.01276	0.00749	0.01927	0.00638	0.01909	0.00509	0.00419	0.00279	0.00136	0.00346	0.00253	0.00269	0.00476
99	0.00688	0.00464	0.00589	0.00547	0.00672	0.00420	0.00414	0.00877	0.01200	0.06789	0.65218	0.03284	0.15387	0.00901	0.00510	0.00139	0.00219	0.00786	0.00473	0.00426
100	0.01114	0.42227	0.33301	0.00961	0.01426	0.01356	0.01085	0.04069	0.00956	0.06393	0.00760	0.00855	0.00597	0.00416	0.00380	0.00117	0.02873	0.00291	0.00217	0.00608
101	0.02341	0.01171	0.01164	0.02575	0.04929	0.11624	0.00791	0.28095	0.35941	0.04735	0.01316	0.01279	0.00976	0.00535	0.00432	0.00136	0.00459	0.00421	0.00400	0.00679
102	0.00531	0.00380	0.00506	0.00607	0.00633	0.00354	0.00405	0.00607	0.00835	0.01113	0.02404	0.84388	0.02885	0.01366	0.00557	0.00177	0.00253	0.01240	0.00405	0.00354
103	0.01055	0.01088	0.04568	0.21389	0.48966	0.05856	0.04382	0.02985	0.02985	0.01366	0.00831	0.01093	0.00668	0.00411	0.00434	0.00134	0.00557	0.00387	0.00220	0.00627
104	0.06667	0.05900	0.01912	0.04862	0.09535	0.01759	0.02197	0.08801	0.16282	0.13372	0.10972	0.02882	0.11078	0.00629	0.00440	0.00137	0.00381	0.01222	0.00384	0.00589
105	0.00575	0.00398	0.00531	0.00623	0.00660	0.00374	0.00430	0.00661	0.00852	0.02638	0.02357	0.74142	0.02786	0.03480	0.00601	0.00185	0.00272	0.07669	0.00403	0.00363
106	0.01171	0.00845	0.00944	0.00819	0.01073	0.00915	0.01662	0.05364	0.51275	0.15365	0.02117	0.01956	0.13251	0.00654	0.00454	0.00145	0.00342	0.00544	0.00451	0.00652
107	0.01085	0.03995	0.23938	0.04429	0.17767	0.01042	0.25722	0.02457	0.05490	0.08385	0.00955	0.01122	0.00706	0.00416	0.00449	0.00138	0.00598	0.00415	0.00250	0.00640
108	0.01109	0.03968	0.01679	0.17312	0.48675	0.10372	0.05991	0.03273	0.01023	0.01344	0.00797	0.01054	0.00651	0.00406	0.00428	0.00130	0.00571	0.00379	0.00217	0.00622
109	0.00892	0.00845	0.01431	0.62057	0.24038	0.00987	0.01245	0.01174	0.00904	0.01197	0.00787	0.01141	0.00611	0.00423	0.00435	0.00141	0.00565	0.00388	0.00200	0.00539
110	0.00949	0.01021	0.03483	0.04100	0.04383	0.00992	0.50137	0.03975	0.00991	0.01356	0.01122	0.15823	0.01045	0.00587	0.00592	0.00155	0.07872	0.00615	0.00256	0.00544
111	0.00623	0.00467	0.00701	0.00701	0.00779	0.00545	0.00545	0.00779	0.00701	0.01012	0.01168	0.01713	0.01090	0.03271	0.82944	0.00701	0.01168	0.00467	0.00234	0.00389
112	0.72510	0.00884	0.00824	0.00887	0.12390	0.00999	0.00608	0.03979	0.00822	0.01908	0.00653	0.00773	0.00513	0.00407	0.00299	0.00134	0.00368	0.00263	0.00268	0.00513
113	0.00879	0.03599	0.81111	0.01235	0.01875	0.01024	0.01597	0.01380	0.00920	0.01375	0.00780	0.00917	0.00553	0.00414	0.00412	0.00137	0.00642	0.00321	0.00184	0.00643

[dist]
# distance from previous block
# <min> <max>
0	2

[block]
# block no. 3 follows, 60 sequences, length 50
# corresponding to MSA columns:
# 222-239,241-272
name=unknown_D
#
# <colnr> <probs for GDERKNQSTAVLIFYWHMCP>
#	G	D	E	R	K	N	Q	S	T	A	V	L	I	F	Y	W	H	M	C	P
0	0.00861	0.00857	0.00745	0.00789	0.00885	0.22178	0.00590	0.00976	0.00980	0.01146	0.01925	0.43699	0.02184	0.01087	0.00524	0.00166	0.00429	0.19217	0.00357	0.00405
1	0.00902	0.00775	0.00925	0.00715	0.03825	0.00592	0.00543	0.01095	0.00906	0.01414	0.00815	0.02860	0.00700	0.00350	0.00332	0.00069	0.00328	0.00286	0.00260	0.82308
2	0.00544	0.00389	0.00521	0.00622	0.00653	0.00365	0.00427	0.00629	0.00848	0.01128	0.02397	0.78491	0.02857	0.01354	0.00560	0.00179	0.00264	0.07011	0.00405	0.00358
3	0.01014	0.01171	0.03745	0.01796	0.02229	0.01081	0.76987	0.01375	0.01022	0.01389	0.00922	0.03430	0.00720	0.00395	0.00514	0.00148	0.00721	0.00531	0.00225	0.00583
4	0.15474	0.00758	0.00954	0.00744	0.01071	0.00694	0.00614	0.01993	0.01169	0.69603	0.01545	0.01362	0.00984	0.00519	0.00412	0.00135	0.00366	0.00407	0.00497	0.00700
5	0.00553	0.00445	0.00493	0.00487	0.00619	0.00386	0.00369	0.00695	0.01066	0.01353	0.27349	0.03944	0.55810	0.01045	0.00518	0.00146	0.00223	0.03691	0.00427	0.00382
6	0.00872	0.00679	0.00788	0.00771	0.00945	0.00718	0.00635	0.09884	0.21810	0.01585	0.03584	0.03440	0.16515	0.00939	0.00522	0.00167	0.00357	0.33511	0.01774	0.00507
7	0.00894	0.04749	0.75145	0.01224	0.01838	0.02399	0.03243	0.01374	0.00934	0.01373	0.02466	0.00966	0.00630	0.00423	0.00414	0.00136	0.00634	0.00333	0.00192	0.00634
8	0.00617	0.00446	0.00583	0.00549	0.00652	0.00412	0.00412	0.00823	0.01235	0.01749	0.81722	0.03258	0.04115	0.00892	0.00514	0.00137	0.00206	0.00789	0.00480	0.00412
9	0.00886	0.00844	0.00791	0.00841	0.00961	0.19288	0.00685	0.01048	0.01034	0.01222	0.01999	0.14799	0.03991	0.01052	0.00546	0.00176	0.00465	0.48592	0.00362	0.00418
10	0.01047	0.06636	0.13527	0.03095	0.18714	0.01103	0.36574	0.01479	0.09105	0.02998	0.00942	0.01141	0.00720	0.00406	0.00458	0.00138	0.00611	0.00437	0.00241	0.00628
11	0.00934	0.00930	0.01323	0.01128	0.01156	0.02267	0.04347	0.01045	0.00693	0.01058	0.00648	0.01057	0.00636	0.02595	0.07590	0.00231	0.71296	0.00398	0.00197	0.00471
12	0.00630	0.00421	0.00477	0.00481	0.00482	0.00420	0.00270	0.00633	0.00643	0.00857	0.01419	0.06385	0.01642	0.81065	0.02148	0.00412	0.00415	0.00660	0.00270	0.00268
13	0.01165	0.06417	0.18344	0.04793	0.08874	0.15750	0.20446	0.06723	0.02638	0.03063	0.00821	0.01007	0.00635	0.00446	0.00510	0.00136	0.07025	0.00380	0.00233	0.00595
14	0.03342	0.04593	0.01479	0.01166	0.03023	0.28477	0.18912	0.16666	0.03209	0.02574	0.00962	0.01092	0.01666	0.00459	0.00416	0.00124	0.00598	0.00384	0.10288	0.00569
15	0.00680	0.00519	0.00747	0.00726	0.00807	0.00610	0.00565	0.03856	0.00749	0.01075	0.01142	0.01696	0.01071	0.06278	0.72529	0.00643	0.05200	0.00467	0.00241	0.00402
16	0.01090	0.00884	0.01028	0.10644	0.02857	0.04087	0.00800	0.23057	0.16895	0.01767	0.01630	0.03843	0.02996	0.00764	0.00493	0.00159	0.00444	0.25609	0.00385	0.00569
17	0.02604	0.70219	0.12198	0.00844	0.01252	0.01602	0.03731	0.01318	0.00893	0.01099	0.00638	0.00744	0.00561	0.00379	0.00305	0.00101	0.00496	0.00254	0.00189	0.00570
18	0.00544	0.00466	0.00469	0.00464	0.00616	0.00404	0.00349	0.00710	0.04956	0.01210	0.04288	0.04070	0.77799	0.01079	0.00512	0.00147	0.00227	0.00899	0.00407	0.00384
19	0.00943	0.02228	0.07932	0.08525	0.04804	0.00717	0.00725	0.02492	0.02830	0.03001	0.00822	0.00965	0.00659	0.00359	0.00352	0.00086	0.00389	0.00292	0.00256	0.61622
20	0.00993	0.01427	0.22362	0.01736	0.08577	0.01082	0.51911	0.01378	0.00988	0.01385	0.00843	0.01098	0.00634	0.00393	0.00511	0.00145	0.03266	0.00452	0.00210	0.00607
21	0.00534	0.00434	0.00473	0.00481	0.00605	0.00373	0.00354	0.00655	0.01011	0.01260	0.16392	0.14987	0.58709	0.01107	0.00521	0.00150	0.00223	0.00943	0.00417	0.00373
22	0.01191	0.01072	0.01602	0.07616	0.50014	0.06120	0.05354	0.11038	0.01139	0.05917	0.00949	0.04297	0.00786	0.00457	0.00440	0.00133	0.00528	0.00425	0.00267	0.00656
23	0.01216	0.07101	0.15402	0.01286	0.03387	0.15001	0.25081	0.06860	0.05383	0.08342	0.05086	0.01218	0.00892	0.00463	0.00445	0.00134	0.00606	0.01215	0.00281	0.00602
24	0.00536	0.00383	0.00510	0.00604	0.00634	0.00357	0.00405	0.00618	0.00855	0.01145	0.06324	0.80378	0.02945	0.01343	0.00555	0.00175	0.00251	0.01218	0.00409	0.00357
25	0.02943	0.01054	0.01239	0.15410	0.01582	0.01172	0.00858	0.53887	0.01679	0.09920	0.01062	0.01136	0.00758	0.00644	0.04511	0.00162	0.00519	0.00397	0.00391	0.00675
26	0.01161	0.46343	0.08484	0.00977	0.03491	0.01412	0.08815	0.11251	0.03550	0.02960	0.02799	0.01054	0.03653	0.00450	0.00380	0.00115	0.01915	0.00345	0.00252	0.00592
27	0.01052	0.01576	0.30501	0.01544	0.04893	0.03351	0.38691	0.08722	0.02614	0.01516	0.00871	0.01069	0.00642	0.00406	0.00464	0.00141	0.00666	0.00424	0.00232	0.00626
28	0.00612	0.00446	0.00576	0.00543	0.00648	0.00409	0.00408	0.00813	0.01223	0.01721	0.77901	0.03304	0.07953	0.00902	0.00514	0.00138	0.00207	0.00795	0.00476	0.00409
29	0.01117	0.09414	0.01586	0.09540	0.24999	0.04001	0.08642	0.04875	0.02925	0.07552	0.00933	0.04693	0.00792	0.00586	0.02502	0.00155	0.14417	0.00425	0.00256	0.00590
30	0.04875	0.07045	0.10353	0.04806	0.12056	0.01103	0.34878	0.07974	0.02592	0.06087	0.00931	0.01169	0.00714	0.00428	0.00464	0.00139	0.01550	0.01963	0.00258	0.00615
31	0.00518	0.00439	0.00447	0.00451	0.00592	0.00368	0.00336	0.00629	0.00992	0.01186	0.05822	0.07734	0.76778	0.01112	0.00517	0.00148	0.00222	0.00932	0.00406	0.00368
32	0.00958	0.01061	0.04692	0.18897	0.02073	0.01143	0.36692	0.01231	0.00882	0.01231	0.00762	0.01097	0.00614	0.00504	0.00774	0.00160	0.26051	0.00441	0.00205	0.00534
33	0.00955	0.03125	0.03836	0.00848	0.06530	0.05740	0.00632	0.04070	0.07881	0.10026	0.36167	0.05352	0.08344	0.00751	0.00511	0.00139	0.03532	0.00632	0.00409	0.00516
34	0.01096	0.05742	0.36188	0.01184	0.04496	0.01087	0.07421	0.13833	0.15058	0.04355	0.01094	0.01270	0.00834	0.00494	0.00434	0.00139	0.00541	0.03788	0.00294	0.00653
35	0.00531	0.00380	0.00506	0.00607	0.00633	0.00354	0.00405	0.00607	0.00835	0.01113	0.02404	0.84388	0.02885	0.01366	0.00557	0.00177	0.00253	0.01240	0.00405	0.00354
36	0.04245	0.00773	0.01019	0.00784	0.01120	0.00691	0.00647	0.06652	0.01281	0.75481	0.01652	0.01438	0.01044	0.00535	0.00434	0.00135	0.00377	0.00430	0.00527	0.00735
37	0.01078	0.04177	0.10213	0.02490	0.08885	0.04248	0.35976	0.02763	0.17654	0.03430	0.01086	0.01294	0.00838	0.00456	0.00478	0.00143	0.01585	0.02310	0.00276	0.00619
38	0.01029	0.01176	0.02574	0.01838	0.02279	0.01103	0.80368	0.01397	0.01029	0.01397	0.00882	0.01176	0.00662	0.00368	0.00515	0.00147	0.00735	0.00515	0.00221	0.00588
39	0.00515	0.00442	0.00442	0.00442	0.00589	0.00368	0.00331	0.00626	0.00994	0.01178	0.04418	0.04197	0.81775	0.01105	0.00515	0.00147	0.00221	0.00920	0.00405	0.00368
40	0.01053	0.00919	0.00941	0.00864	0.01080	0.05112	0.00666	0.05897	0.59761	0.01719	0.01786	0.12947	0.01512	0.00706	0.00461	0.00151	0.00363	0.03008	0.00426	0.00629
41	0.01410	0.02896	0.18844	0.01057	0.02978	0.03572	0.05924	0.13800	0.08669	0.27946	0.01234	0.02507	0.00873	0.00522	0.00497	0.00139	0.05674	0.00415	0.00371	0.00672
42	0.01166	0.84935	0.02285	0.00746	0.01119	0.01726	0.00746	0.01306	0.00886	0.01026	0.00606	0.00700	0.00560	0.00373	0.00280	0.00093	0.00466	0.00233	0.00187	0.00560
43	0.00630	0.00421	0.00477	0.00481	0.00482	0.00420	0.00270	0.00633	0.00642	0.00856	0.01414	0.05993	0.01636	0.81465	0.02156	0.00413	0.00416	0.00658	0.00270	0.00268
44	0.01028	0.00994	0.01654	0.11787	0.57764	0.01081	0.02440	0.01264	0.00924	0.01324	0.00774	0.01069	0.00657	0.00458	0.00605	0.00142	0.14808	0.00389	0.00209	0.00629
45	0.01073	0.15256	0.40427	0.01213	0.01691	0.13374	0.12984	0.03551	0.01003	0.01306	0.00788	0.02519	0.00622	0.00433	0.00425	0.00130	0.02051	0.00351	0.00207	0.00596
46	0.01774	0.00756	0.00985	0.00777	0.01085	0.00694	0.00630	0.03140	0.11152	0.66863	0.01700	0.01569	0.01133	0.05008	0.00534	0.00152	0.00372	0.00455	0.00512	0.00710
47	0.00626	0.00419	0.00478	0.00486	0.00488	0.00417	0.00275	0.00632	0.00650	0.00867	0.01456	0.09337	0.01689	0.78049	0.02088	0.00403	0.00409	0.00682	0.00275	0.00271
48	0.02509	0.01071	0.01220	0.00980	0.01289	0.02746	0.05065	0.41039	0.23116	0.10175	0.01351	0.02420	0.01013	0.00567	0.00447	0.00140	0.00445	0.03284	0.00429	0.00695
49	0.57075	0.03172	0.00803	0.00661	0.00928	0.04862	0.00538	0.07389	0.00927	0.05800	0.03902	0.04117	0.00775	0.00478	0.00339	0.00131	0.01661	0.00324	0.00303	0.05813

[dist]
# distance from previous block
# <min> <max>
7	17

[block]
# block no. 4 follows, 60 sequences, length 13
# corresponding to MSA columns:
# 290-302
name=unknown_E
#
# <colnr> <probs for GDERKNQSTAVLIFYWHMCP>
#	G	D	E	R	K	N	Q	S	T	A	V	L	I	F	Y	W	H	M	C	P
0	0.01025	0.01113	0.02257	0.01731	0.06799	0.01085	0.62073	0.01461	0.09356	0.01429	0.01010	0.01337	0.00793	0.00434	0.00536	0.00149	0.03420	0.03152	0.00249	0.00595
1	0.00537	0.00388	0.00509	0.00604	0.00640	0.00360	0.00411	0.00619	0.00851	0.01124	0.02522	0.76649	0.07649	0.01345	0.00556	0.00176	0.00256	0.04041	0.00405	0.00357
2	0.05443	0.00902	0.01133	0.01046	0.09462	0.00926	0.02485	0.10918	0.26263	0.34397	0.01500	0.01396	0.01043	0.00529	0.00433	0.00138	0.00397	0.00438	0.00446	0.00705
3	0.01018	0.23550	0.47845	0.01168	0.01698	0.03907	0.10449	0.01392	0.00942	0.03121	0.00766	0.00901	0.00579	0.00402	0.00391	0.00127	0.00607	0.00323	0.00198	0.00614
4	0.21971	0.00766	0.00926	0.00729	0.01050	0.00720	0.00602	0.01929	0.01130	0.63522	0.01461	0.01303	0.00938	0.00508	0.00399	0.00135	0.00363	0.00391	0.00477	0.00679
5	0.00830	0.00438	0.00449	0.00443	0.00550	0.00442	0.00332	0.04232	0.00956	0.01641	0.01467	0.06614	0.01210	0.00561	0.00325	0.00107	0.00218	0.00456	0.78310	0.00417
6	0.05446	0.00709	0.01010	0.09277	0.11794	0.00741	0.04784	0.11610	0.01056	0.03941	0.04218	0.36229	0.01776	0.00875	0.00505	0.00156	0.01666	0.03358	0.00350	0.00499
7	0.00612	0.00446	0.00575	0.00543	0.00648	0.00409	0.00407	0.00812	0.01221	0.01717	0.77344	0.03311	0.08513	0.00904	0.00514	0.00138	0.00207	0.00796	0.00476	0.00409
8	0.00642	0.00446	0.00570	0.00567	0.00670	0.00407	0.00423	0.00806	0.01107	0.04642	0.47236	0.19869	0.14817	0.01021	0.00525	0.00150	0.00234	0.05009	0.00452	0.00406
9	0.01590	0.12763	0.01444	0.00968	0.01320	0.01404	0.00818	0.69579	0.01890	0.02511	0.00986	0.00999	0.00717	0.00503	0.00415	0.00126	0.00478	0.00371	0.00402	0.00717
10	0.00648	0.00469	0.00556	0.00528	0.00661	0.00422	0.00398	0.00839	0.03314	0.05162	0.43112	0.06149	0.34201	0.00966	0.00511	0.00143	0.00225	0.00831	0.00450	0.00415
11	0.00531	0.00380	0.00506	0.00607	0.00633	0.00354	0.00405	0.00607	0.00835	0.01113	0.02404	0.84388	0.02885	0.01366	0.00557	0.00177	0.00253	0.01240	0.00405	0.00354
12	0.01107	0.67144	0.15941	0.00849	0.01252	0.01587	0.00903	0.01308	0.00883	0.01088	0.00635	0.00749	0.00559	0.00397	0.00353	0.00105	0.04130	0.00255	0.00186	0.00571

[dist]
# distance from previous block
# <min> <max>
4	6

[block]
# block no. 5 follows, 60 sequences, length 66
# corresponding to MSA columns:
# 311-376
name=unknown_F
#
# <colnr> <probs for GDERKNQSTAVLIFYWHMCP>
#	G	D	E	R	K	N	Q	S	T	A	V	L	I	F	Y	W	H	M	C	P
0	0.01058	0.03816	0.03654	0.16111	0.52059	0.05179	0.07273	0.01348	0.02817	0.01347	0.00824	0.01083	0.00671	0.00403	0.00432	0.00132	0.00556	0.00388	0.00216	0.00633
1	0.01101	0.47835	0.31190	0.00959	0.01417	0.08504	0.01068	0.01371	0.00929	0.01158	0.00676	0.00787	0.00557	0.00395	0.00338	0.00111	0.00559	0.00270	0.00189	0.00586
2	0.00532	0.00385	0.00504	0.00595	0.00630	0.00356	0.00400	0.00613	0.00854	0.01131	0.04262	0.77418	0.08030	0.01339	0.00553	0.00174	0.00250	0.01209	0.00407	0.00356
3	0.00531	0.00381	0.00504	0.00603	0.00631	0.00355	0.00403	0.00608	0.00839	0.01115	0.02456	0.82326	0.04913	0.01360	0.00556	0.00176	0.00252	0.01232	0.00405	0.00355
4	0.01055	0.01090	0.06798	0.05020	0.52603	0.03172	0.02503	0.03385	0.11638	0.01501	0.05248	0.01287	0.01829	0.00458	0.00438	0.00134	0.00496	0.00424	0.00265	0.00657
5	0.00758	0.00379	0.00568	0.00568	0.00568	0.00379	0.00379	0.00568	0.00568	0.00758	0.00758	0.01326	0.00758	0.01515	0.01705	0.87311	0.00379	0.00379	0.00189	0.00189
6	0.00634	0.00425	0.00485	0.00485	0.00488	0.00428	0.00275	0.00640	0.00637	0.00852	0.01366	0.02809	0.01566	0.81420	0.05445	0.00434	0.00453	0.00628	0.00263	0.00269
7	0.00556	0.00442	0.00499	0.00487	0.00615	0.00385	0.00364	0.00704	0.01087	0.01404	0.35063	0.05003	0.49799	0.01024	0.00516	0.00144	0.00215	0.00873	0.00435	0.00385
8	0.19721	0.09714	0.04569	0.00910	0.01207	0.28866	0.00759	0.14866	0.03607	0.09529	0.00878	0.00959	0.00672	0.00467	0.00373	0.00124	0.00544	0.01356	0.00304	0.00577
9	0.00618	0.00497	0.00710	0.00702	0.00821	0.00459	0.07383	0.00764	0.00949	0.01229	0.04687	0.31231	0.26260	0.01132	0.00543	0.00168	0.00316	0.18522	0.02619	0.00392
10	0.01029	0.01176	0.02574	0.01838	0.02279	0.01103	0.80368	0.01397	0.01029	0.01397	0.00882	0.01176	0.00662	0.00368	0.00515	0.00147	0.00735	0.00515	0.00221	0.00588
11	0.00536	0.00383	0.00511	0.00613	0.00640	0.00358	0.00413	0.00615	0.00840	0.01119	0.02401	0.82221	0.02874	0.01362	0.00558	0.00178	0.00257	0.03360	0.00405	0.00356
