[name]
unknown

[dist]
# distance from previous block
# <min> <max>
1	986

[block]
# block no. 0 follows, 45 sequences, length 112
# corresponding to MSA columns:
# 986-1097
name=unknown_A
#
# <colnr> <probs for GDERKNQSTAVLIFYWHMCP>
#	G	D	E	R	K	N	Q	S	T	A	V	L	I	F	Y	W	H	M	C	P
0	0.02580	0.11751	0.12562	0.11196	0.18604	0.02308	0.01239	0.09290	0.07448	0.06991	0.03119	0.01716	0.07673	0.00628	0.00515	0.00162	0.00588	0.00520	0.00358	0.00752
1	0.10241	0.28128	0.18948	0.01271	0.07961	0.03142	0.01167	0.11017	0.02561	0.01853	0.00931	0.01061	0.00743	0.00500	0.00431	0.00140	0.00602	0.00362	0.00296	0.08644
2	0.08733	0.00697	0.00739	0.00788	0.00903	0.05561	0.00553	0.00968	0.01056	0.01498	0.02439	0.61176	0.02846	0.01386	0.00614	0.00196	0.00371	0.01228	0.00453	0.07797
3	0.01110	0.00789	0.00764	0.00741	0.00877	0.08038	0.00577	0.04065	0.01199	0.01856	0.01763	0.07282	0.01563	0.00798	0.00547	0.00154	0.06004	0.08183	0.53160	0.00529
4	0.00797	0.00737	0.07929	0.00677	0.00773	0.00583	0.00499	0.00882	0.00892	0.01203	0.06741	0.03437	0.07373	0.62768	0.02240	0.00441	0.00512	0.00781	0.00345	0.00390
5	0.01438	0.38297	0.01931	0.01013	0.02990	0.08776	0.00847	0.11734	0.04226	0.01535	0.00969	0.02419	0.00862	0.00846	0.00803	0.19427	0.00580	0.00397	0.00295	0.00615
6	0.01244	0.02488	0.17721	0.10567	0.36102	0.01253	0.05009	0.06475	0.01264	0.01776	0.01164	0.01705	0.00993	0.00601	0.00583	0.00174	0.02916	0.06903	0.00292	0.00769
7	0.01499	0.01833	0.11840	0.01315	0.01655	0.30020	0.07586	0.11910	0.03637	0.01744	0.03583	0.10428	0.03659	0.00859	0.03326	0.00190	0.03305	0.00593	0.00353	0.00665
8	0.01441	0.35002	0.26874	0.01170	0.01714	0.03128	0.01259	0.08124	0.07880	0.07103	0.01087	0.01155	0.00833	0.00531	0.00448	0.00147	0.00633	0.00386	0.00314	0.00770
9	0.00779	0.00526	0.00612	0.00612	0.00621	0.00535	0.00358	0.00797	0.00788	0.01060	0.01667	0.03380	0.01894	0.73859	0.09930	0.00553	0.00607	0.00761	0.00322	0.00340
10	0.00898	0.00698	0.00780	0.00772	0.00907	0.03053	0.00576	0.07521	0.03025	0.01702	0.16541	0.17977	0.17640	0.14081	0.00980	0.00246	0.00399	0.11220	0.00484	0.00499
11	0.01341	0.01336	0.04693	0.04697	0.55849	0.01271	0.16529	0.01693	0.01237	0.04571	0.01063	0.01367	0.00852	0.00482	0.00552	0.00165	0.00691	0.00509	0.00280	0.00820
12	0.11178	0.14972	0.23455	0.01446	0.12388	0.02527	0.01264	0.05401	0.12180	0.05726	0.01157	0.01250	0.00881	0.00538	0.00468	0.00156	0.00599	0.00416	0.00332	0.03665
13	0.01843	0.05963	0.01532	0.01257	0.01578	0.44597	0.00979	0.18249	0.11160	0.01915	0.03715	0.01269	0.01009	0.00606	0.00500	0.00148	0.00764	0.00426	0.00376	0.02112
14	0.00781	0.00520	0.00585	0.00585	0.00585	0.00520	0.00325	0.00781	0.00781	0.01041	0.01691	0.03513	0.01952	0.81135	0.02732	0.00520	0.00520	0.00781	0.00325	0.00325
15	0.01990	0.12028	0.01717	0.01193	0.01599	0.15160	0.00988	0.46487	0.02069	0.09801	0.01216	0.01228	0.00884	0.00606	0.00503	0.00152	0.00642	0.00439	0.00464	0.00833
16	0.00791	0.00582	0.00745	0.00698	0.00834	0.00552	0.00525	0.01114	0.05643	0.02158	0.73379	0.03900	0.04877	0.01077	0.00628	0.00170	0.00263	0.00951	0.00588	0.00525
17	0.01489	0.74013	0.02691	0.00962	0.01404	0.09376	0.00930	0.01658	0.01131	0.01268	0.00754	0.00871	0.00689	0.00468	0.00358	0.00117	0.00611	0.00293	0.00234	0.00683
18	0.01470	0.05112	0.27452	0.01538	0.07574	0.09914	0.09204	0.04311	0.11394	0.11879	0.01336	0.01420	0.01964	0.00579	0.00555	0.00167	0.02513	0.00479	0.00354	0.00785
19	0.00936	0.00648	0.00712	0.00674	0.00741	0.00677	0.00427	0.06320	0.08101	0.01381	0.01713	0.03116	0.01812	0.62708	0.02220	0.00438	0.00499	0.00725	0.05725	0.00427
20	0.00654	0.00467	0.00623	0.00747	0.00779	0.00436	0.00498	0.00747	0.01028	0.01370	0.02959	0.80785	0.03550	0.01682	0.00685	0.00218	0.00311	0.01526	0.00498	0.00436
21	0.01434	0.02491	0.02015	0.04021	0.03504	0.01436	0.23425	0.14689	0.14326	0.05611	0.02446	0.01499	0.01034	0.00667	0.00844	0.00188	0.18688	0.00553	0.00378	0.00751
22	0.01288	0.15007	0.38119	0.01907	0.23010	0.08455	0.01633	0.01711	0.01186	0.01609	0.00929	0.01129	0.00730	0.00497	0.00487	0.00155	0.00731	0.00397	0.00242	0.00777
23	0.01291	0.01350	0.01412	0.01245	0.01359	0.20322	0.03321	0.01450	0.01044	0.01369	0.00979	0.01380	0.00884	0.01359	0.15266	0.00313	0.36447	0.00466	0.08171	0.00572
24	0.01134	0.01068	0.01702	0.49108	0.08594	0.01246	0.08077	0.01763	0.18449	0.01632	0.01252	0.01556	0.00946	0.00569	0.00547	0.00178	0.00660	0.00521	0.00314	0.00685
25	0.01556	0.05650	0.01960	0.01977	0.23025	0.32151	0.13495	0.01798	0.01326	0.02993	0.01095	0.06298	0.00968	0.00675	0.02550	0.00174	0.00806	0.00513	0.00292	0.00696
26	0.01571	0.01338	0.01667	0.02083	0.36538	0.13891	0.01200	0.07220	0.01448	0.13566	0.10861	0.03460	0.01494	0.00636	0.00542	0.00160	0.00605	0.00552	0.00395	0.00774
27	0.07878	0.02739	0.01258	0.01148	0.08476	0.00989	0.00836	0.12133	0.05722	0.25540	0.06573	0.02193	0.01568	0.06392	0.00686	0.00190	0.00480	0.06964	0.00496	0.07741
28	0.01679	0.19832	0.01902	0.01471	0.13229	0.09502	0.01068	0.28648	0.13492	0.02260	0.01215	0.01276	0.00943	0.00580	0.00488	0.00151	0.00606	0.00443	0.00400	0.00813
29	0.00654	0.00467	0.00623	0.00747	0.00779	0.00436	0.00498	0.00747	0.01028	0.01370	0.02959	0.80785	0.03550	0.01682	0.00685	0.00218	0.00311	0.01526	0.00498	0.00436
30	0.01190	0.08314	0.65768	0.01473	0.02194	0.08644	0.01819	0.01735	0.01167	0.01633	0.00935	0.01098	0.00682	0.00510	0.00496	0.00163	0.00794	0.00384	0.00232	0.00770
31	0.01273	0.01373	0.08665	0.03113	0.05220	0.07992	0.07246	0.02234	0.41365	0.01942	0.04295	0.04804	0.04544	0.00744	0.00560	0.00179	0.00550	0.02696	0.00446	0.00757
32	0.00782	0.00561	0.00756	0.00854	0.00948	0.00544	0.00683	0.00970	0.01181	0.01558	0.09969	0.27057	0.06289	0.05192	0.00803	0.00242	0.00412	0.40232	0.00497	0.00469
33	0.01066	0.00996	0.01613	0.67006	0.08714	0.01212	0.01441	0.01531	0.08231	0.01481	0.01074	0.01478	0.00812	0.00551	0.00537	0.00178	0.00683	0.00489	0.00269	0.00638
34	0.01371	0.56251	0.09631	0.01153	0.06832	0.06760	0.01042	0.01601	0.01169	0.01420	0.07495	0.01202	0.01082	0.00527	0.00407	0.00129	0.00596	0.00374	0.00266	0.00690
35	0.01495	0.61958	0.09204	0.01046	0.01505	0.14347	0.01030	0.01701	0.01163	0.01309	0.00779	0.00902	0.00689	0.00479	0.00381	0.00123	0.00656	0.00306	0.00237	0.00687
36	0.00672	0.00480	0.00644	0.00768	0.00808	0.00452	0.00530	0.00779	0.01046	0.01391	0.02948	0.74257	0.03510	0.01664	0.00690	0.00221	0.00327	0.07872	0.00498	0.00441
37	0.65781	0.01092	0.01107	0.01299	0.18615	0.01221	0.00825	0.01594	0.00984	0.02258	0.00807	0.00977	0.00643	0.00494	0.00378	0.00165	0.00466	0.00334	0.00317	0.00643
38	0.00830	0.00717	0.00809	0.00906	0.06289	0.05565	0.00617	0.01003	0.01257	0.01607	0.20142	0.19398	0.26804	0.03747	0.00703	0.00198	0.00375	0.08053	0.00483	0.00501
39	0.00781	0.00589	0.00863	0.00855	0.00940	0.00688	0.00656	0.00953	0.00854	0.01230	0.01437	0.02202	0.01375	0.10665	0.69940	0.00813	0.03809	0.00590	0.00289	0.00469
40	0.12167	0.00586	0.00704	0.00761	0.00869	0.00573	0.00537	0.01036	0.01060	0.08756	0.02581	0.62573	0.02941	0.01426	0.00624	0.00206	0.00339	0.01267	0.00492	0.00501
41	0.01515	0.01354	0.02017	0.02813	0.60332	0.06252	0.01489	0.08763	0.01386	0.07277	0.01103	0.01337	0.00880	0.00512	0.00530	0.00159	0.00642	0.00475	0.00320	0.00846
42	0.05062	0.16077	0.13944	0.00894	0.01215	0.01023	0.00850	0.06158	0.01299	0.01794	0.20922	0.14541	0.12306	0.00946	0.00546	0.00167	0.00444	0.00790	0.00421	0.00601
43	0.00654	0.00467	0.00623	0.00747	0.00779	0.00436	0.00498	0.00747	0.01028	0.01370	0.02959	0.80785	0.03550	0.01682	0.00685	0.00218	0.00311	0.01526	0.00498	0.00436
44	0.01057	0.01024	0.01725	0.61942	0.03272	0.01276	0.06693	0.01383	0.01047	0.01383	0.00924	0.01392	0.00721	0.00595	0.00738	0.00188	0.13310	0.00487	0.00240	0.00604
45	0.01646	0.01437	0.08702	0.01212	0.01585	0.08015	0.05770	0.34692	0.01813	0.10125	0.01636	0.17817	0.01455	0.00829	0.00567	0.00174	0.00591	0.00695	0.00473	0.00765
46	0.02048	0.01167	0.01583	0.01356	0.08224	0.01180	0.05762	0.23437	0.01725	0.39704	0.01617	0.01559	0.01091	0.00648	0.00631	0.00170	0.06169	0.00519	0.00538	0.00873
47	0.00861	0.00615	0.00860	0.00984	0.01105	0.00614	0.00857	0.01105	0.01231	0.01602	0.02845	0.07597	0.03099	0.01487	0.00740	0.00247	0.00491	0.72675	0.00494	0.00493
48	0.00913	0.00693	0.00727	0.00671	0.00896	0.00643	0.00517	0.06399	0.08468	0.06572	0.04625	0.04380	0.60108	0.01205	0.00613	0.00179	0.00321	0.00999	0.00516	0.00553
49	0.01301	0.34294	0.41365	0.01272	0.01886	0.08388	0.01474	0.01702	0.01150	0.01491	0.00865	0.01010	0.00685	0.00493	0.00441	0.00145	0.00721	0.00348	0.00232	0.00737
50	0.00771	0.00575	0.00691	0.00743	0.00844	0.00547	0.00523	0.07325	0.01203	0.01564	0.03381	0.56523	0.20272	0.01517	0.00661	0.00205	0.00327	0.01345	0.00502	0.00482
51	0.00641	0.00520	0.00569	0.00608	0.00742	0.00448	0.00436	0.00763	0.01162	0.01425	0.04654	0.29089	0.54152	0.01461	0.00650	0.00193	0.00284	0.01257	0.00498	0.00448
52	0.01850	0.02265	0.01672	0.01821	0.19094	0.61184	0.01177	0.02030	0.01453	0.01414	0.00871	0.01051	0.00728	0.00536	0.00495	0.00143	0.00892	0.00376	0.00274	0.00675
53	0.01267	0.08673	0.19912	0.15525	0.23424	0.06829	0.08465	0.01727	0.06029	0.01629	0.01036	0.01289	0.00809	0.00513	0.00518	0.00163	0.00717	0.00456	0.00268	0.00751
54	0.01353	0.63439	0.20113	0.01059	0.01594	0.01923	0.01162	0.01629	0.01100	0.01363	0.00796	0.00923	0.00687	0.00471	0.00382	0.00127	0.00624	0.00312	0.00229	0.00713
55	0.00917	0.00701	0.00911	0.00884	0.01030	0.00808	0.00686	0.01418	0.18281	0.01541	0.01636	0.02075	0.01413	0.02974	0.54170	0.00642	0.01102	0.00576	0.07669	0.00566
56	0.01709	0.08488	0.22781	0.01118	0.01613	0.01105	0.01127	0.02234	0.13234	0.34905	0.03005	0.01704	0.03281	0.00640	0.00520	0.00166	0.00547	0.00512	0.00480	0.00831
57	0.01587	0.47660	0.02249	0.01168	0.08071	0.09873	0.00951	0.01779	0.01210	0.11712	0.00982	0.01067	0.00799	0.00493	0.00407	0.00125	0.00589	0.00347	0.00305	0.08627
58	0.00746	0.00531	0.00600	0.00600	0.00650	0.00518	0.00374	0.00794	0.00889	0.01152	0.02527	0.03769	0.19216	0.56130	0.08914	0.00473	0.00544	0.00843	0.00362	0.00368
59	0.00762	0.00546	0.00706	0.00667	0.00783	0.00508	0.00491	0.00993	0.01455	0.02055	0.70882	0.03966	0.04793	0.08088	0.00816	0.00200	0.00277	0.00954	0.00568	0.00491
60	0.01773	0.05225	0.01502	0.01272	0.01535	0.52534	0.00985	0.09724	0.01512	0.01541	0.01297	0.01415	0.07970	0.00674	0.00628	0.00154	0.08858	0.00445	0.00319	0.00636
61	0.00654	0.00467	0.00623	0.00747	0.00779	0.00436	0.00498	0.00747	0.01028	0.01370	0.02959	0.80785	0.03550	0.01682	0.00685	0.00218	0.00311	0.01526	0.00498	0.00436
62	0.02031	0.01278	0.01427	0.01105	0.01503	0.01359	0.00909	0.52438	0.02171	0.20383	0.01520	0.01476	0.01050	0.00647	0.00523	0.00159	0.00529	0.00498	0.08117	0.00876
63	0.01798	0.01434	0.12009	0.08265	0.06024	0.01261	0.08215	0.25938	0.03441	0.23980	0.01438	0.01467	0.00987	0.00597	0.00543	0.00168	0.00619	0.00504	0.00466	0.00847
64	0.09105	0.06218	0.01426	0.01194	0.01490	0.47462	0.00924	0.02109	0.09375	0.08752	0.01122	0.01218	0.00884	0.00795	0.05502	0.00193	0.00823	0.00398	0.00345	0.00665
65	0.00663	0.00473	0.00629	0.00750	0.00783	0.00443	0.00504	0.00759	0.01027	0.01369	0.02923	0.76645	0.03496	0.03721	0.00739	0.00227	0.00322	0.03598	0.00494	0.00435
66	0.00898	0.00731	0.00779	0.00717	0.00932	0.00715	0.00552	0.08237	0.13304	0.01874	0.16421	0.04111	0.46414	0.01149	0.00611	0.00177	0.00323	0.00962	0.00525	0.00568
67	0.67589	0.01310	0.00934	0.00835	0.01160	0.15272	0.00670	0.01710	0.01041	0.04346	0.00801	0.00916	0.00622	0.00513	0.00366	0.00161	0.00516	0.00308	0.00331	0.00598
68	0.00666	0.00479	0.00612	0.00712	0.00753	0.00446	0.00472	0.00753	0.01019	0.01342	0.03041	0.66000	0.09846	0.10064	0.00897	0.00247	0.00330	0.01413	0.00480	0.00426
69	0.01569	0.63289	0.02526	0.01011	0.01443	0.12430	0.00944	0.08699	0.01284	0.01470	0.00809	0.00916	0.00710	0.00489	0.00381	0.00122	0.00629	0.00313	0.00265	0.00701
70	0.01356	0.03788	0.02229	0.02407	0.37124	0.02235	0.21062	0.11598	0.01391	0.01907	0.01241	0.08833	0.01097	0.00608	0.00567	0.00169	0.00673	0.00611	0.00325	0.00778
71	0.01788	0.01102	0.01625	0.06963	0.08990	0.02377	0.10463	0.13362	0.01504	0.32804	0.01572	0.03024	0.01128	0.00947	0.07981	0.00235	0.02312	0.00549	0.00473	0.00800
72	0.00638	0.00530	0.00558	0.00581	0.00735	0.00450	0.00424	0.00766	0.01188	0.01436	0.04987	0.18906	0.64119	0.01418	0.00644	0.00188	0.00279	0.01204	0.00498	0.00450
73	0.03287	0.21451	0.07120	0.01259	0.04413	0.29183	0.03351	0.05106	0.02655	0.11066	0.04264	0.01308	0.02170	0.00576	0.00474	0.00144	0.00706	0.00420	0.00342	0.00706
74	0.05462	0.17108	0.02764	0.03040	0.22325	0.16123	0.03056	0.01945	0.15039	0.03239	0.01215	0.01343	0.02178	0.00565	0.00511	0.00154	0.02419	0.00445	0.00326	0.00744
75	0.00650	0.00499	0.00596	0.00668	0.00759	0.00445	0.00464	0.00765	0.01118	0.01427	0.06436	0.49618	0.31547	0.01540	0.00664	0.00202	0.00295	0.01359	0.00502	0.00445
76	0.02978	0.01551	0.11997	0.01962	0.11989	0.01370	0.34009	0.13356	0.08559	0.03516	0.01202	0.01412	0.00899	0.00533	0.00595	0.00174	0.02222	0.00546	0.00340	0.00789
77	0.05558	0.04714	0.03280	0.03426	0.02606	0.04995	0.01994	0.04097	0.13534	0.05496	0.14638	0.07664	0.15718	0.00885	0.00550	0.00165	0.00434	0.01838	0.00458	0.07949
78	0.08434	0.00961	0.01085	0.00787	0.01252	0.00758	0.00631	0.01371	0.01096	0.01807	0.00936	0.01092	0.00776	0.00406	0.00392	0.00087	0.00399	0.00316	0.00319	0.77094
79	0.00653	0.00473	0.00617	0.00733	0.00775	0.00437	0.00492	0.00749	0.01042	0.01376	0.03134	0.75443	0.08779	0.01659	0.00682	0.00215	0.00309	0.01498	0.00498	0.00437
80	0.29929	0.01551	0.17284	0.06176	0.03233	0.06734	0.02602	0.10536	0.08407	0.02160	0.04334	0.02739	0.01013	0.00592	0.00467	0.00168	0.00580	0.00444	0.00356	0.00697
81	0.01210	0.01384	0.05653	0.02087	0.06763	0.01274	0.57015	0.01668	0.04528	0.01702	0.01279	0.08376	0.01083	0.00588	0.00653	0.00184	0.02853	0.00688	0.00300	0.00711
82	0.00680	0.00483	0.00611	0.00702	0.00735	0.00455	0.00457	0.00756	0.00986	0.01304	0.02821	0.60283	0.07172	0.18583	0.01118	0.00280	0.00354	0.01346	0.00461	0.00413
83	0.01300	0.01251	0.01714	0.47207	0.18006	0.09498	0.01420	0.10130	0.01318	0.01674	0.00991	0.01345	0.00763	0.00539	0.00530	0.00169	0.00712	0.00464	0.00282	0.00686
84	0.01306	0.08353	0.52102	0.01528	0.06162	0.09416	0.01677	0.08545	0.02854	0.01795	0.00991	0.01139	0.00732	0.00526	0.00499	0.00161	0.00761	0.00400	0.00269	0.00783
85	0.01186	0.06608	0.65677	0.01523	0.04345	0.01328	0.01836	0.08183	0.01255	0.01826	0.00982	0.01139	0.00706	0.00518	0.00505	0.00166	0.00760	0.00401	0.00255	0.00800
86	0.00697	0.00540	0.00635	0.00623	0.00767	0.00478	0.00463	0.00887	0.01354	0.01788	0.40499	0.10260	0.36568	0.01255	0.00638	0.00178	0.00266	0.01083	0.00544	0.00478
87	0.01024	0.04109	0.06133	0.06696	0.07684	0.07617	0.00896	0.01260	0.02892	0.02820	0.06071	0.18470	0.05169	0.08653	0.00838	0.01630	0.00528	0.16558	0.00400	0.00552
88	0.12396	0.01549	0.10817	0.01511	0.01988	0.06506	0.26072	0.14441	0.06304	0.11318	0.01240	0.01359	0.00892	0.00547	0.00537	0.00170	0.00695	0.00504	0.00384	0.00770
89	0.00889	0.00594	0.00739	0.00717	0.00865	0.00551	0.00531	0.01150	0.05419	0.08499	0.37616	0.21489	0.16449	0.01218	0.00632	0.00183	0.00297	0.01068	0.00558	0.00535
90	0.01103	0.01040	0.01805	0.21325	0.26836	0.01122	0.11643	0.01386	0.01076	0.01487	0.01113	0.01678	0.00976	0.08616	0.11400	0.01300	0.04636	0.00541	0.00266	0.00651
91	0.04487	0.13888	0.09352	0.02935	0.01931	0.13195	0.24436	0.06668	0.04196	0.01678	0.01227	0.04287	0.02919	0.04515	0.00653	0.00180	0.01929	0.00537	0.00308	0.00681
92	0.01294	0.03513	0.01030	0.00919	0.01124	0.11753	0.00700	0.07520	0.11524	0.09169	0.04253	0.26613	0.03212	0.01014	0.00562	0.00177	0.00460	0.03417	0.11125	0.00622
93	0.00654	0.00496	0.00598	0.00674	0.00756	0.00446	0.00463	0.00762	0.01095	0.01404	0.05438	0.51820	0.27812	0.04037	0.00731	0.00214	0.00304	0.01361	0.00495	0.00440
94	0.01385	0.32324	0.25732	0.01550	0.13320	0.04825	0.03298	0.08686	0.01281	0.01685	0.00916	0.01075	0.00735	0.00499	0.00455	0.00146	0.00677	0.00379	0.00266	0.00765
95	0.03024	0.27807	0.17471	0.01366	0.10267	0.09352	0.01188	0.09122	0.01358	0.05029	0.08185	0.01362	0.01166	0.00569	0.00468	0.00146	0.00629	0.00432	0.00323	0.00734
96	0.01729	0.01377	0.13025	0.01086	0.01489	0.07528	0.00982	0.03872	0.22231	0.30205	0.01815	0.01763	0.01283	0.00658	0.00522	0.00167	0.00529	0.01599	0.07327	0.00813
97	0.00880	0.00992	0.13122	0.01062	0.06567	0.00722	0.00898	0.01197	0.04296	0.02923	0.08928	0.10808	0.25057	0.01164	0.00633	0.00196	0.00447	0.19088	0.00450	0.00572
98	0.03141	0.02595	0.09460	0.01304	0.08363	0.14230	0.01023	0.17542	0.12973	0.07372	0.04848	0.01670	0.03062	0.02113	0.00552	0.00165	0.00588	0.00511	0.07736	0.00751
99	0.11284	0.11455	0.27647	0.01102	0.01581	0.01194	0.02377	0.07163	0.03169	0.07555	0.03577	0.01763	0.09399	0.00945	0.07349	0.00224	0.00658	0.00509	0.00349	0.00701
100	0.00736	0.00540	0.00653	0.00685	0.00799	0.00516	0.00505	0.00919	0.02544	0.01539	0.11161	0.23367	0.25840	0.04183	0.11246	0.00290	0.00458	0.05188	0.08365	0.00468
101	0.01536	0.10973	0.09262	0.09326	0.08974	0.06382	0.01140	0.24811	0.11333	0.03713	0.01261	0.01466	0.00992	0.05741	0.00649	0.00182	0.00621	0.00478	0.00388	0.00772
102	0.02485	0.04198	0.06837	0.01266	0.01600	0.15525	0.11954	0.06128	0.08778	0.12038	0.01753	0.10858	0.04662	0.01845	0.00642	0.00181	0.03892	0.04261	0.00410	0.00689
103	0.03142	0.02478	0.07977	0.02163	0.02689	0.15987	0.04522	0.02717	0.07109	0.02817	0.01542	0.05724	0.06481	0.00872	0.00844	0.09084	0.11185	0.00558	0.11521	0.00589
104	0.00674	0.00492	0.00632	0.00732	0.00791	0.00456	0.00508	0.00785	0.01074	0.01409	0.05327	0.61182	0.12895	0.04084	0.00745	0.00223	0.00325	0.06730	0.00495	0.00441
105	0.09681	0.06055	0.19855	0.03025	0.01750	0.21625	0.07661	0.05261	0.03431	0.04098	0.03065	0.01643	0.09341	0.00636	0.00508	0.00161	0.00699	0.00497	0.00329	0.00679
106	0.01261	0.13867	0.15846	0.01847	0.19444	0.04331	0.15422	0.01702	0.07338	0.03002	0.01294	0.09873	0.01146	0.00633	0.00534	0.00166	0.00663	0.00583	0.00310	0.00739
107	0.01377	0.02633	0.01616	0.15592	0.19577	0.15781	0.02424	0.11355	0.01382	0.01721	0.01579	0.01787	0.11130	0.00750	0.02162	0.00182	0.07400	0.00543	0.00327	0.00683
108	0.01204	0.01161	0.01923	0.18433	0.40890	0.02438	0.06699	0.01501	0.01141	0.01600	0.01101	0.05903	0.00972	0.00614	0.00680	0.00175	0.09472	0.00547	0.02824	0.00722
109	0.03663	0.01389	0.07110	0.14069	0.20974	0.10284	0.09801	0.03709	0.01222	0.03092	0.03411	0.04283	0.01071	0.01973	0.00691	0.00179	0.08184	0.01546	0.02661	0.00688
110	0.00871	0.00796	0.00752	0.00794	0.00907	0.11054	0.00572	0.01010	0.02258	0.01400	0.04216	0.36220	0.21345	0.07884	0.00814	0.00224	0.00424	0.07533	0.00456	0.00468
111	0.01150	0.01120	0.03354	0.35024	0.04705	0.06139	0.08650	0.01437	0.01109	0.03632	0.01285	0.03859	0.04404	0.00675	0.00739	0.00181	0.13777	0.00545	0.07602	0.00611

[dist]
# distance from previous block
# <min> <max>
0	6

[block]
# block no. 1 follows, 45 sequences, length 15
# corresponding to MSA columns:
# 1104-1118
name=unknown_B
#
# <colnr> <probs for GDERKNQSTAVLIFYWHMCP>
#	G	D	E	R	K	N	Q	S	T	A	V	L	I	F	Y	W	H	M	C	P
0	0.03574	0.04089	0.32150	0.01591	0.10584	0.05194	0.06182	0.09334	0.01296	0.06251	0.01218	0.02954	0.02965	0.02750	0.00686	0.00181	0.07448	0.00489	0.00313	0.00751
1	0.01052	0.05879	0.04147	0.08093	0.20871	0.01017	0.10648	0.01338	0.02767	0.02628	0.01752	0.16138	0.06320	0.03719	0.10950	0.00278	0.00692	0.00741	0.00334	0.00637
2	0.01256	0.01200	0.02023	0.09728	0.66374	0.01215	0.01553	0.01567	0.01209	0.01701	0.01293	0.01587	0.05829	0.00541	0.00539	0.00163	0.00621	0.00521	0.00279	0.00803
3	0.01193	0.01221	0.05294	0.15929	0.14837	0.01175	0.28788	0.06338	0.01255	0.01730	0.01263	0.05976	0.01087	0.04653	0.00685	0.00193	0.00706	0.02091	0.04901	0.00684
4	0.13848	0.01275	0.01254	0.01035	0.01363	0.07669	0.00829	0.38863	0.01865	0.07268	0.05605	0.09831	0.01401	0.00751	0.00516	0.00165	0.00523	0.00585	0.04607	0.00748
5	0.00667	0.00496	0.00613	0.00695	0.00766	0.00453	0.00479	0.00775	0.01080	0.01400	0.05641	0.53537	0.20967	0.06412	0.00798	0.00227	0.00319	0.03748	0.00490	0.00437
6	0.01224	0.01162	0.04876	0.08710	0.11589	0.02243	0.15028	0.06277	0.01198	0.05823	0.01558	0.06162	0.07241	0.05816	0.01807	0.00215	0.16018	0.00635	0.01761	0.00657
7	0.01807	0.01471	0.01433	0.01175	0.01503	0.13936	0.00945	0.40731	0.06732	0.07160	0.01324	0.01410	0.00995	0.00914	0.06656	0.00216	0.05353	0.00480	0.04973	0.00787
8	0.00920	0.00632	0.00791	0.00794	0.00919	0.00630	0.00578	0.08815	0.01216	0.05796	0.05004	0.40466	0.12092	0.05143	0.13250	0.00319	0.00531	0.01113	0.00473	0.00519
9	0.06509	0.01216	0.04827	0.01467	0.09027	0.01156	0.15960	0.17663	0.05673	0.15470	0.01877	0.06639	0.08631	0.00717	0.00562	0.00173	0.00575	0.00642	0.00449	0.00767
10	0.01109	0.01180	0.06835	0.12832	0.19780	0.01154	0.15923	0.01451	0.02481	0.01657	0.10191	0.05713	0.01473	0.00808	0.03517	0.00205	0.10437	0.00620	0.01963	0.00672
11	0.00882	0.00652	0.00815	0.00774	0.00928	0.00664	0.00591	0.01289	0.12398	0.03792	0.39496	0.03492	0.09390	0.05006	0.14058	0.00308	0.00508	0.03893	0.00512	0.00550
12	0.00996	0.03190	0.03482	0.06176	0.01552	0.05207	0.15239	0.01270	0.02454	0.01522	0.09041	0.02575	0.14123	0.02927	0.18370	0.00339	0.06112	0.02902	0.01956	0.00566
13	0.03685	0.10929	0.16631	0.08277	0.18665	0.12681	0.02976	0.08786	0.05944	0.03713	0.02163	0.01272	0.00883	0.00542	0.00499	0.00157	0.00687	0.00436	0.00313	0.00759
14	0.01759	0.01217	0.01290	0.01047	0.01379	0.05151	0.00840	0.37420	0.10732	0.12770	0.05689	0.01675	0.01322	0.00742	0.00609	0.04782	0.00509	0.00526	0.09757	0.00786

[dist]
# distance from previous block
# <min> <max>
0	6

[block]
# block no. 2 follows, 45 sequences, length 7
# corresponding to MSA columns:
# 1125-1131
name=unknown_C
#
# <colnr> <probs for GDERKNQSTAVLIFYWHMCP>
#	G	D	E	R	K	N	Q	S	T	A	V	L	I	F	Y	W	H	M	C	P
0	0.00691	0.00528	0.00642	0.00704	0.00815	0.00479	0.00525	0.00840	0.01180	0.01510	0.10644	0.33129	0.31412	0.01475	0.00671	0.00205	0.00321	0.13264	0.00506	0.00458
1	0.00675	0.00491	0.00627	0.00720	0.00776	0.00455	0.00493	0.00783	0.01072	0.01414	0.07435	0.59479	0.12081	0.06670	0.00809	0.00231	0.00325	0.04534	0.00492	0.00437
2	0.05615	0.09257	0.04093	0.06876	0.05925	0.12393	0.07727	0.13628	0.04273	0.06868	0.05604	0.05934	0.03970	0.00677	0.00517	0.00160	0.00604	0.00561	0.04619	0.00698
3	0.08668	0.08522	0.01372	0.07762	0.07396	0.11018	0.00907	0.08116	0.08146	0.04504	0.04553	0.12600	0.04097	0.00807	0.00552	0.00169	0.02248	0.03954	0.00395	0.04216
4	0.05457	0.08458	0.04242	0.01451	0.12856	0.08169	0.11135	0.04009	0.01257	0.07612	0.01889	0.02158	0.13548	0.03429	0.00649	0.00176	0.03595	0.03123	0.03550	0.03236
5	0.05508	0.07364	0.12063	0.04181	0.04170	0.12393	0.01016	0.09332	0.14413	0.05089	0.01760	0.13172	0.05731	0.00790	0.00530	0.00170	0.00576	0.00641	0.00402	0.00700
6	0.04237	0.19225	0.08877	0.03709	0.10826	0.04052	0.01026	0.11329	0.05738	0.07856	0.01310	0.05634	0.01142	0.08876	0.03746	0.00219	0.00614	0.00519	0.00358	0.00708

[dist]
# distance from previous block
# <min> <max>
0	33

[block]
# block no. 3 follows, 45 sequences, length 14
# corresponding to MSA columns:
# 1165-1178
name=unknown_D
#
# <colnr> <probs for GDERKNQSTAVLIFYWHMCP>
#	G	D	E	R	K	N	Q	S	T	A	V	L	I	F	Y	W	H	M	C	P
0	0.04594	0.14054	0.02111	0.06712	0.24994	0.12095	0.13407	0.05338	0.04109	0.01722	0.01039	0.01272	0.00839	0.00511	0.00498	0.00154	0.00683	0.00454	0.04684	0.00732
1	0.01062	0.00731	0.00844	0.00767	0.00981	0.00689	0.00578	0.09450	0.05021	0.09409	0.09477	0.20612	0.25064	0.05337	0.00712	0.00194	0.00363	0.00967	0.00506	0.07236
2	0.03241	0.21264	0.01489	0.00909	0.01194	0.05029	0.05894	0.01442	0.04199	0.09342	0.13674	0.09988	0.15577	0.03732	0.00612	0.00174	0.00466	0.00743	0.00426	0.00608
3	0.00800	0.09175	0.00913	0.02412	0.00936	0.00702	0.00569	0.01030	0.05820	0.01556	0.15236	0.38348	0.17912	0.01310	0.00619	0.00189	0.00338	0.01147	0.00482	0.00507
4	0.00864	0.00544	0.00704	0.00754	0.00842	0.00509	0.00523	0.01018	0.03327	0.09065	0.08571	0.56551	0.06041	0.07020	0.00803	0.00228	0.00338	0.01292	0.00511	0.00494
5	0.01145	0.11288	0.60534	0.01469	0.02178	0.01356	0.05657	0.01773	0.06558	0.01692	0.01033	0.01182	0.00757	0.00517	0.00501	0.00165	0.00749	0.00412	0.00252	0.00782
6	0.01056	0.01036	0.01869	0.66950	0.03549	0.01220	0.13848	0.01429	0.01106	0.01429	0.00976	0.01434	0.00732	0.00523	0.00553	0.00179	0.00747	0.00503	0.00244	0.00618
7	0.02169	0.00910	0.01194	0.00936	0.01321	0.00816	0.00766	0.05056	0.05358	0.64066	0.05152	0.02105	0.06165	0.00726	0.00549	0.00168	0.00441	0.00594	0.00641	0.00867
8	0.01895	0.00850	0.01104	0.00893	0.01231	0.00773	0.00720	0.02238	0.09137	0.52174	0.15212	0.02449	0.07298	0.00793	0.00563	0.00169	0.00406	0.00661	0.00628	0.00806
9	0.01325	0.06562	0.01138	0.00956	0.01190	0.08315	0.00757	0.06290	0.12997	0.13345	0.02402	0.22510	0.07216	0.01072	0.00594	0.00188	0.00473	0.11529	0.00493	0.00647
10	0.01148	0.11301	0.51908	0.01683	0.09391	0.01334	0.09787	0.01656	0.01148	0.01647	0.01021	0.03744	0.00805	0.00533	0.00512	0.00166	0.00750	0.00454	0.00244	0.00768
11	0.00800	0.00588	0.00797	0.00807	0.00880	0.00643	0.00587	0.03816	0.00968	0.01345	0.03514	0.22496	0.02067	0.17171	0.38347	0.00577	0.02914	0.00858	0.00363	0.00460
12	0.01703	0.01769	0.01317	0.01142	0.01436	0.37792	0.00884	0.23196	0.01747	0.01988	0.04459	0.01921	0.14114	0.00739	0.00527	0.00153	0.00691	0.00547	0.03206	0.00669
13	0.01158	0.01241	0.02573	0.01882	0.02305	0.01180	0.57477	0.01502	0.01177	0.01585	0.01427	0.01903	0.06261	0.08267	0.00939	0.04306	0.03221	0.00669	0.00289	0.00639

[dist]
# distance from previous block
# <min> <max>
0	1

[block]
# block no. 4 follows, 45 sequences, length 10
# corresponding to MSA columns:
# 1180-1189
name=unknown_E
#
# <colnr> <probs for GDERKNQSTAVLIFYWHMCP>
#	G	D	E	R	K	N	Q	S	T	A	V	L	I	F	Y	W	H	M	C	P
0	0.03582	0.01658	0.13837	0.07199	0.24819	0.09467	0.18402	0.06144	0.03412	0.01777	0.01028	0.01293	0.00804	0.00524	0.00589	0.00169	0.03765	0.00486	0.00285	0.00759
1	0.00908	0.00648	0.00811	0.00880	0.07197	0.00664	0.00524	0.05375	0.00991	0.01370	0.06502	0.03039	0.01919	0.54023	0.09239	0.00462	0.00591	0.00720	0.03700	0.00437
2	0.01508	0.01494	0.01442	0.05909	0.01580	0.24382	0.02962	0.08425	0.04498	0.06522	0.01431	0.01625	0.07319	0.00934	0.05169	0.00216	0.21555	0.00511	0.01872	0.00645
3	0.00921	0.00937	0.08578	0.00984	0.01212	0.00813	0.05052	0.05456	0.02745	0.01653	0.09783	0.05458	0.19300	0.05356	0.11250	0.00301	0.05762	0.13470	0.00417	0.00554
4	0.01494	0.01175	0.01571	0.01670	0.20546	0.01233	0.04462	0.30440	0.06203	0.05014	0.03396	0.17173	0.01569	0.00816	0.00572	0.00174	0.00539	0.00716	0.00456	0.00781
5	0.01156	0.07896	0.05527	0.18555	0.30651	0.01244	0.01304	0.01458	0.03233	0.01495	0.01082	0.01607	0.00965	0.10581	0.04048	0.00240	0.07509	0.00502	0.00269	0.00678
6	0.01234	0.00804	0.07209	0.00686	0.00920	0.00671	0.00599	0.06262	0.01263	0.10736	0.01697	0.01862	0.01282	0.00621	0.00416	0.00136	0.00341	0.00495	0.62166	0.00599
7	0.01292	0.08740	0.11570	0.06254	0.16604	0.02557	0.08928	0.12980	0.01341	0.03387	0.01345	0.10280	0.01241	0.06049	0.00738	0.02784	0.00627	0.02242	0.00340	0.00700
8	0.03096	0.18585	0.05893	0.03153	0.11101	0.11969	0.03862	0.12820	0.06989	0.01800	0.01227	0.09188	0.01105	0.00683	0.00587	0.00162	0.06190	0.00532	0.00341	0.00716
9	0.00961	0.16037	0.02481	0.00886	0.01047	0.03058	0.00709	0.01181	0.05939	0.01386	0.02176	0.31867	0.07462	0.06773	0.05249	0.00250	0.08433	0.03180	0.00390	0.00534

[dist]
# distance from previous block
# <min> <max>
0	8

[block]
# block no. 5 follows, 45 sequences, length 21
# corresponding to MSA columns:
# 1199-1219
name=unknown_F
#
# <colnr> <probs for GDERKNQSTAVLIFYWHMCP>
#	G	D	E	R	K	N	Q	S	T	A	V	L	I	F	Y	W	H	M	C	P
0	0.03991	0.00881	0.01020	0.00894	0.01119	0.04605	0.04638	0.11499	0.03161	0.07966	0.06735	0.05050	0.15463	0.07993	0.08014	0.00265	0.00548	0.05766	0.09800	0.00591
1	0.01366	0.08670	0.20170	0.06806	0.04999	0.09565	0.08383	0.11369	0.08767	0.01847	0.02160	0.01418	0.02057	0.02793	0.00614	0.00171	0.03237	0.00472	0.00326	0.04809
2	0.01221	0.09383	0.28230	0.03859	0.11416	0.06550	0.08470	0.05214	0.03196	0.01671	0.01285	0.03680	0.03817	0.03419	0.04441	0.00209	0.00733	0.00510	0.01980	0.00714
3	0.00697	0.00528	0.00682	0.00787	0.03259	0.00485	0.00533	0.00838	0.01159	0.01531	0.15075	0.47841	0.18649	0.01478	0.00664	0.00202	0.00312	0.04310	0.00505	0.00466
4	0.18081	0.07441	0.37240	0.04356	0.06343	0.03308	0.06389	0.03644	0.01133	0.01825	0.00936	0.01138	0.00709	0.00546	0.00516	0.02596	0.00676	0.00396	0.02016	0.00711
5	0.09643	0.12538	0.11825	0.04344	0.07287	0.12540	0.13390	0.09779	0.01356	0.04159	0.02966	0.01393	0.00942	0.00574	0.00535	0.00162	0.02722	0.02812	0.00320	0.00714
6	0.01289	0.02947	0.10897	0.05086	0.22380	0.01192	0.11270	0.12329	0.02934	0.04371	0.03522	0.14276	0.01407	0.00741	0.00602	0.00176	0.02804	0.00674	0.00364	0.00740
7	0.00680	0.00490	0.00663	0.00754	0.00804	0.00473	0.00521	0.00803	0.01059	0.01438	0.10736	0.62613	0.03433	0.01916	0.10598	0.00294	0.00448	0.01346	0.00482	0.00449
8	0.00911	0.00753	0.01011	0.01156	0.10004	0.00794	0.00789	0.01244	0.09916	0.01630	0.09970	0.22391	0.11508	0.03539	0.00808	0.00214	0.07640	0.14703	0.00456	0.00563
9	0.03964	0.03899	0.01817	0.04606	0.09343	0.05046	0.16672	0.10530	0.12060	0.16814	0.01646	0.01751	0.04789	0.00640	0.00585	0.00172	0.02819	0.01642	0.00429	0.00777
10	0.03512	0.01074	0.01339	0.03628	0.11515	0.05662	0.04424	0.08225	0.11898	0.01845	0.03814	0.06098	0.09226	0.00953	0.03371	0.00205	0.10145	0.05595	0.06813	0.00657
11	0.00692	0.00510	0.00652	0.00747	0.00807	0.00485	0.00510	0.00868	0.04757	0.01466	0.07667	0.67330	0.08346	0.01579	0.00672	0.00211	0.00311	0.01422	0.00506	0.00462
12	0.01644	0.18068	0.03784	0.13746	0.06448	0.32410	0.01147	0.10771	0.01432	0.01598	0.00897	0.01091	0.00731	0.00551	0.00520	0.00148	0.03654	0.00385	0.00289	0.00683
13	0.07998	0.10471	0.23528	0.06270	0.10927	0.08511	0.03832	0.01661	0.02921	0.06534	0.01441	0.06327	0.06071	0.00647	0.00505	0.00164	0.00641	0.00526	0.00317	0.00706
14	0.00867	0.00639	0.00903	0.03676	0.06234	0.00633	0.03055	0.03038	0.01080	0.03450	0.04799	0.37011	0.04696	0.16667	0.05688	0.00300	0.00487	0.03727	0.02559	0.00493
15	0.00749	0.00512	0.00603	0.00637	0.00656	0.00502	0.00390	0.00785	0.00872	0.01155	0.02171	0.21960	0.05119	0.56430	0.02096	0.00426	0.00461	0.03734	0.00379	0.00362
16	0.00855	0.00748	0.00799	0.00901	0.05502	0.08116	0.00582	0.00979	0.01142	0.01450	0.12293	0.35935	0.13859	0.13207	0.00947	0.00240	0.00413	0.01109	0.00449	0.00474
17	0.04340	0.07119	0.11958	0.06125	0.06376	0.07599	0.12375	0.15507	0.01496	0.15889	0.01271	0.03519	0.00951	0.00596	0.00556	0.00165	0.02492	0.00501	0.00389	0.00776
18	0.05579	0.00893	0.01011	0.00854	0.01114	0.00926	0.00666	0.17108	0.08070	0.18958	0.01814	0.02095	0.03802	0.12885	0.06227	0.00260	0.00512	0.00572	0.15970	0.00683
19	0.00709	0.00503	0.00624	0.00666	0.00749	0.00458	0.00464	0.00786	0.01101	0.01433	0.14178	0.33680	0.24938	0.03686	0.00929	0.12739	0.00320	0.01153	0.00468	0.00418
20	0.05420	0.01542	0.04403	0.02086	0.27593	0.14683	0.12689	0.08829	0.04458	0.01828	0.01177	0.01399	0.03460	0.00585	0.00638	0.00168	0.07486	0.00495	0.00313	0.00747

[dist]
# distance from previous block
# <min> <max>
1	8

[block]
# block no. 6 follows, 45 sequences, length 30
# corresponding to MSA columns:
# 1228-1257
name=unknown_G
#
# <colnr> <probs for GDERKNQSTAVLIFYWHMCP>
#	G	D	E	R	K	N	Q	S	T	A	V	L	I	F	Y	W	H	M	C	P
0	0.06987	0.26089	0.06115	0.01224	0.01616	0.23612	0.08886	0.04774	0.04064	0.04877	0.00995	0.01128	0.00798	0.00535	0.00479	0.00144	0.02484	0.00391	0.04115	0.00686
1	0.03409	0.01607	0.23947	0.04882	0.01732	0.02660	0.01180	0.23087	0.04266	0.04751	0.03866	0.07993	0.04408	0.00817	0.03040	0.00188	0.00616	0.00575	0.00400	0.06579
2	0.07340	0.14888	0.24474	0.01349	0.06250	0.18633	0.01258	0.02986	0.05869	0.03362	0.03469	0.02296	0.00958	0.01501	0.00541	0.00160	0.03236	0.00423	0.00299	0.00709
3	0.04020	0.03003	0.04699	0.02906	0.04041	0.11984	0.00818	0.03825	0.06717	0.07229	0.05235	0.24103	0.06105	0.02268	0.04023	0.00216	0.01928	0.04293	0.00428	0.02162
4	0.00770	0.00521	0.00676	0.00753	0.00831	0.00485	0.00528	0.00917	0.02547	0.05314	0.08702	0.60787	0.09176	0.01536	0.00670	0.00209	0.00321	0.04268	0.00514	0.00477
5	0.06864	0.01196	0.18917	0.01180	0.09414	0.00825	0.00988	0.01256	0.03035	0.03007	0.03751	0.20854	0.16863	0.01132	0.03831	0.00210	0.00516	0.02488	0.00390	0.03284
6	0.01116	0.01045	0.01719	0.53413	0.15316	0.01214	0.04937	0.04553	0.03589	0.01563	0.01206	0.01580	0.03997	0.00575	0.00565	0.00176	0.01982	0.00516	0.00278	0.00659
7	0.01171	0.00712	0.00755	0.00689	0.00869	0.00752	0.00530	0.10384	0.09187	0.04036	0.01859	0.04543	0.03290	0.03417	0.00537	0.00156	0.01711	0.00568	0.54246	0.00589
8	0.00654	0.00467	0.00623	0.00747	0.00779	0.00436	0.00498	0.00747	0.01028	0.01370	0.02959	0.80785	0.03550	0.01682	0.00685	0.00218	0.00311	0.01526	0.00498	0.00436
9	0.05521	0.04830	0.04098	0.47749	0.02727	0.04369	0.04622	0.01366	0.01121	0.01505	0.04758	0.06736	0.04540	0.00665	0.00531	0.00174	0.00634	0.00577	0.02887	0.00590
10	0.00855	0.00646	0.00731	0.00724	0.00900	0.00617	0.00557	0.01199	0.11636	0.04805	0.10715	0.10247	0.38365	0.05028	0.00735	0.00207	0.00343	0.10649	0.00512	0.00530
11	0.00758	0.00568	0.00830	0.00844	0.00924	0.00648	0.00640	0.00925	0.00884	0.01258	0.01668	0.14274	0.01695	0.06832	0.62222	0.00737	0.02776	0.00728	0.00321	0.00468
12	0.03384	0.04427	0.03302	0.00790	0.00989	0.00748	0.00638	0.02791	0.04203	0.08947	0.21011	0.13991	0.18960	0.01259	0.05363	0.00219	0.04179	0.00886	0.03345	0.00567
13	0.01519	0.05603	0.01392	0.01126	0.01457	0.04966	0.00906	0.21158	0.45565	0.02396	0.01861	0.01977	0.01455	0.00734	0.00543	0.00175	0.00504	0.05330	0.00511	0.00823
14	0.00654	0.00467	0.00623	0.00747	0.00779	0.00436	0.00498	0.00747	0.01028	0.01370	0.02959	0.80785	0.03550	0.01682	0.00685	0.00218	0.00311	0.01526	0.00498	0.00436
15	0.16033	0.53618	0.02324	0.01010	0.01430	0.11197	0.04915	0.01673	0.01121	0.01493	0.00775	0.00908	0.00677	0.00477	0.00375	0.00130	0.00612	0.00313	0.00255	0.00664
16	0.01322	0.01256	0.07932	0.24471	0.32753	0.02646	0.04167	0.02888	0.01225	0.09898	0.01219	0.05679	0.00992	0.00586	0.00543	0.00170	0.00650	0.00538	0.00315	0.00750
17	0.00924	0.00786	0.03418	0.00889	0.01123	0.00702	0.11164	0.04297	0.03461	0.01863	0.18511	0.06900	0.23672	0.00957	0.00569	0.00167	0.00388	0.00844	0.18811	0.00553
18	0.04832	0.12587	0.08533	0.06507	0.11641	0.01369	0.03353	0.15864	0.11990	0.11374	0.01390	0.01452	0.02200	0.00585	0.00499	0.00158	0.00568	0.00475	0.01778	0.02846
19	0.01242	0.22568	0.25687	0.03090	0.01714	0.10005	0.03947	0.03032	0.05237	0.01582	0.05867	0.06234	0.03516	0.00765	0.03146	0.00180	0.00679	0.00517	0.00306	0.00685
20	0.02060	0.00917	0.01187	0.00951	0.01315	0.00851	0.00770	0.04147	0.12035	0.57208	0.08547	0.04270	0.01743	0.00739	0.00553	0.00170	0.00434	0.00613	0.00634	0.00856
21	0.01082	0.02690	0.74216	0.01523	0.02274	0.01268	0.01940	0.01678	0.01117	0.01678	0.00949	0.01136	0.00681	0.00533	0.00577	0.00173	0.05074	0.00401	0.00227	0.00782
22	0.01330	0.15716	0.15703	0.05137	0.08980	0.11881	0.05821	0.07726	0.02717	0.01688	0.01314	0.07473	0.01201	0.00695	0.00520	0.00164	0.00661	0.07191	0.03391	0.00690
23	0.00765	0.00539	0.00682	0.00733	0.00826	0.00506	0.00516	0.00965	0.04634	0.04249	0.18299	0.50231	0.12140	0.01447	0.00657	0.00200	0.00305	0.01292	0.00525	0.00488
24	0.00748	0.00538	0.00656	0.00650	0.00737	0.00525	0.00453	0.00882	0.01085	0.01478	0.21586	0.06736	0.16645	0.27423	0.14349	0.00400	0.00542	0.00880	0.03256	0.00431
25	0.01099	0.01060	0.01857	0.53721	0.20001	0.01208	0.08414	0.01450	0.01123	0.01489	0.01027	0.03323	0.00823	0.00543	0.00548	0.00176	0.00706	0.00517	0.00254	0.00661
26	0.02795	0.03332	0.10390	0.10366	0.28173	0.05992	0.03446	0.01810	0.15320	0.01755	0.04709	0.01560	0.01156	0.00740	0.04160	0.00200	0.02508	0.00508	0.00327	0.00751
27	0.01230	0.15888	0.27330	0.03614	0.11705	0.01469	0.16776	0.01680	0.04275	0.01608	0.00981	0.01222	0.00774	0.00538	0.00636	0.00168	0.08651	0.00454	0.00256	0.00745
28	0.00979	0.00617	0.00737	0.00685	0.00871	0.00554	0.00516	0.01202	0.04091	0.13487	0.25979	0.10448	0.32043	0.04491	0.00708	0.00192	0.00314	0.00992	0.00546	0.00548
29	0.00747	0.00569	0.00714	0.00677	0.00808	0.00536	0.00511	0.00968	0.01422	0.01960	0.58278	0.05954	0.19615	0.01159	0.00676	0.00175	0.03181	0.00999	0.00557	0.00497

[dist]
# distance from previous block
# <min> <max>
0	1

[block]
# block no. 7 follows, 45 sequences, length 43
# corresponding to MSA columns:
# 1259-1301
name=unknown_H
#
# <colnr> <probs for GDERKNQSTAVLIFYWHMCP>
#	G	D	E	R	K	N	Q	S	T	A	V	L	I	F	Y	W	H	M	C	P
0	0.01150	0.00987	0.01190	0.00956	0.05858	0.00773	0.00706	0.03293	0.01156	0.01792	0.00966	0.01131	0.00801	0.00409	0.00409	0.00086	0.00417	0.00332	0.00321	0.77268
1	0.03752	0.00736	0.00966	0.04172	0.01160	0.00725	0.00679	0.05059	0.01272	0.25900	0.08873	0.22294	0.04526	0.06566	0.08708	0.00276	0.02350	0.00853	0.00507	0.00629
2	0.00740	0.00541	0.00710	0.00790	0.00887	0.00511	0.00610	0.00918	0.01207	0.01597	0.16431	0.33306	0.12634	0.01473	0.00688	0.00214	0.00357	0.25403	0.00513	0.00470
3	0.02978	0.09634	0.14163	0.08181	0.02022	0.06850	0.15129	0.13321	0.03402	0.04296	0.01127	0.01425	0.00892	0.00817	0.05810	0.00216	0.06525	0.02170	0.00324	0.00718
4	0.05630	0.15318	0.04258	0.04907	0.08733	0.20508	0.05545	0.12125	0.04590	0.04328	0.01005	0.01169	0.00802	0.00580	0.00603	0.00158	0.08281	0.00418	0.00323	0.00719
5	0.00789	0.00593	0.00665	0.00656	0.00803	0.01830	0.00482	0.00971	0.02516	0.04693	0.24880	0.14892	0.36119	0.05908	0.00756	0.00202	0.00311	0.01927	0.00518	0.00487
6	0.00659	0.00532	0.00568	0.00582	0.00721	0.00461	0.00416	0.00782	0.01168	0.01435	0.08600	0.14725	0.56160	0.09745	0.00861	0.00221	0.00302	0.01138	0.00485	0.00440
7	0.03899	0.01825	0.01538	0.01283	0.01621	0.31469	0.03282	0.32297	0.08472	0.02310	0.03889	0.01316	0.01023	0.00631	0.00551	0.00157	0.02804	0.00458	0.00418	0.00758
8	0.01059	0.06952	0.60878	0.01432	0.04045	0.01201	0.01712	0.01600	0.02310	0.01652	0.01325	0.06174	0.04110	0.00641	0.00523	0.00172	0.00713	0.02484	0.00267	0.00746
9	0.01310	0.04939	0.16247	0.06144	0.11113	0.08045	0.09322	0.07507	0.08849	0.01776	0.01199	0.01403	0.02439	0.00709	0.03614	0.00189	0.06428	0.00476	0.00314	0.07977
10	0.03320	0.01581	0.01437	0.01282	0.04711	0.27351	0.03544	0.17679	0.05146	0.10855	0.01274	0.01417	0.00984	0.01094	0.11840	0.00257	0.01855	0.00464	0.03192	0.00716
11	0.00699	0.00503	0.00649	0.00751	0.00799	0.00477	0.00506	0.03058	0.01074	0.01426	0.02962	0.73557	0.06081	0.03774	0.00734	0.00223	0.00324	0.01460	0.00495	0.00448
12	0.01253	0.01565	0.14990	0.07420	0.03730	0.02292	0.46706	0.03978	0.01260	0.04172	0.01162	0.03849	0.00907	0.00648	0.03410	0.00203	0.00847	0.00595	0.00290	0.00721
13	0.04379	0.01658	0.01589	0.10057	0.10347	0.25639	0.03242	0.17970	0.13982	0.04087	0.01224	0.01331	0.00932	0.00590	0.00518	0.00160	0.00700	0.00459	0.00384	0.00754
14	0.01467	0.19051	0.13633	0.01153	0.01542	0.12677	0.03455	0.15651	0.03592	0.01892	0.01154	0.03579	0.00945	0.00611	0.00540	0.00151	0.05355	0.00448	0.12403	0.00703
15	0.06110	0.01160	0.01275	0.01235	0.12643	0.09051	0.00826	0.05049	0.01214	0.01778	0.01090	0.05727	0.00978	0.02993	0.00517	0.00128	0.00502	0.00434	0.00328	0.46961
16	0.01201	0.10437	0.08766	0.10356	0.01993	0.05565	0.22381	0.03827	0.03370	0.03635	0.01434	0.14431	0.01342	0.05499	0.00687	0.00193	0.00664	0.00681	0.02895	0.00643
17	0.64076	0.14263	0.01183	0.00800	0.01148	0.08163	0.00676	0.01632	0.00996	0.02126	0.00754	0.00879	0.00608	0.00497	0.00347	0.00155	0.00489	0.00295	0.00311	0.00602
18	0.00658	0.00474	0.00624	0.00736	0.00777	0.00440	0.00495	0.00760	0.01058	0.01409	0.06438	0.74122	0.06738	0.01642	0.00681	0.00214	0.00307	0.01484	0.00502	0.00440
19	0.01501	0.04900	0.08245	0.06599	0.11418	0.10408	0.24880	0.05926	0.04684	0.10821	0.03568	0.01463	0.01016	0.00551	0.00568	0.00167	0.01658	0.00526	0.00347	0.00754
20	0.48017	0.01544	0.16547	0.01094	0.04885	0.06577	0.00991	0.09049	0.01191	0.04481	0.00902	0.01021	0.00676	0.00523	0.00414	0.00164	0.00558	0.00351	0.00334	0.00681
21	0.00678	0.00538	0.00611	0.00632	0.00768	0.00478	0.00459	0.00856	0.02846	0.01582	0.18640	0.23884	0.43361	0.01376	0.00645	0.00188	0.00282	0.01189	0.00517	0.00468
22	0.00768	0.00570	0.00837	0.00837	0.00924	0.00657	0.00639	0.00942	0.00855	0.01227	0.01461	0.02237	0.01398	0.11074	0.72036	0.00831	0.01354	0.00594	0.00291	0.00465
