[name]
unknown

[dist]
# distance from previous block
# <min> <max>
0	80

[block]
# block no. 0 follows, 50 sequences, length 9
# corresponding to MSA columns:
# 178-186
name=unknown_A
#
# <colnr> <probs for GDERKNQSTAVLIFYWHMCP>
#	G	D	E	R	K	N	Q	S	T	A	V	L	I	F	Y	W	H	M	C	P
0	0.00741	0.00529	0.00732	0.00847	0.00934	0.00520	0.00695	0.00925	0.01086	0.01422	0.02674	0.29976	0.03005	0.01436	0.00672	0.00221	0.00405	0.52280	0.00460	0.00442
1	0.01484	0.18626	0.20187	0.01186	0.01604	0.29977	0.01131	0.09886	0.06253	0.01563	0.00962	0.01139	0.00779	0.00530	0.00444	0.00139	0.00704	0.02456	0.00284	0.00667
2	0.02031	0.01178	0.01361	0.01043	0.01437	0.01221	0.00862	0.47671	0.01978	0.33699	0.01504	0.01396	0.01002	0.00606	0.00500	0.00151	0.00499	0.00470	0.00546	0.00848
3	0.00591	0.00497	0.00514	0.00527	0.00679	0.00419	0.00389	0.00713	0.01115	0.01338	0.04777	0.13950	0.70193	0.01298	0.00595	0.00172	0.00257	0.01095	0.00463	0.00419
4	0.01588	0.01286	0.01337	0.01111	0.01409	0.07990	0.00894	0.30110	0.29143	0.07921	0.01449	0.01432	0.01076	0.00653	0.00632	0.00163	0.10101	0.00481	0.00457	0.00768
5	0.01204	0.01580	0.20075	0.01791	0.02297	0.01244	0.47842	0.04134	0.01165	0.05327	0.01005	0.01269	0.00745	0.00485	0.00643	0.00169	0.07552	0.00517	0.00265	0.00690
6	0.01381	0.01489	0.01183	0.01067	0.01238	0.35685	0.00808	0.07885	0.04179	0.01360	0.01062	0.01539	0.00982	0.14519	0.13636	0.00307	0.10396	0.00455	0.00291	0.00538
7	0.02005	0.00986	0.01214	0.00956	0.01327	0.00968	0.00782	0.16283	0.14631	0.52529	0.01836	0.01632	0.01212	0.00624	0.00502	0.00156	0.00442	0.00502	0.00577	0.00838
8	0.01198	0.01209	0.00937	0.00913	0.01075	0.30542	0.00673	0.01328	0.01219	0.06420	0.08113	0.29463	0.09995	0.01027	0.00551	0.00165	0.00526	0.03737	0.00402	0.00507

[dist]
# distance from previous block
# <min> <max>
6	9

[block]
# block no. 1 follows, 50 sequences, length 6
# corresponding to MSA columns:
# 197-202
name=unknown_B
#
# <colnr> <probs for GDERKNQSTAVLIFYWHMCP>
#	G	D	E	R	K	N	Q	S	T	A	V	L	I	F	Y	W	H	M	C	P
0	0.01187	0.01120	0.01812	0.15581	0.56038	0.01179	0.01402	0.01644	0.11911	0.01634	0.01081	0.01337	0.00871	0.00485	0.00496	0.00154	0.00576	0.00461	0.00279	0.00751
1	0.01109	0.01057	0.01798	0.36472	0.46937	0.01151	0.01468	0.01420	0.01076	0.01477	0.00916	0.01274	0.00736	0.00467	0.00496	0.00156	0.00623	0.00444	0.00236	0.00689
2	0.01023	0.00956	0.01555	0.51545	0.21071	0.01064	0.01308	0.01332	0.01035	0.01406	0.00898	0.01265	0.00704	0.00467	0.00479	0.00149	0.00606	0.00423	0.00238	0.12475
3	0.16653	0.01042	0.01335	0.12235	0.01669	0.01119	0.06134	0.17160	0.05818	0.26150	0.01312	0.01344	0.00910	0.00571	0.00525	0.00160	0.04258	0.00448	0.00433	0.00723
4	0.01224	0.00962	0.01491	0.05656	0.37298	0.01029	0.01111	0.01466	0.01100	0.09951	0.05553	0.01509	0.01112	0.00590	0.00661	0.00156	0.13646	0.00478	0.14335	0.00673
5	0.01308	0.01214	0.01159	0.01044	0.01323	0.09968	0.00808	0.02576	0.69985	0.01990	0.01890	0.01754	0.01425	0.00658	0.00501	0.00165	0.00450	0.00537	0.00480	0.00766

[dist]
# distance from previous block
# <min> <max>
0	1

[block]
# block no. 2 follows, 50 sequences, length 10
# corresponding to MSA columns:
# 204-213
name=unknown_C
#
# <colnr> <probs for GDERKNQSTAVLIFYWHMCP>
#	G	D	E	R	K	N	Q	S	T	A	V	L	I	F	Y	W	H	M	C	P
0	0.01036	0.11232	0.71561	0.01359	0.02063	0.01245	0.01735	0.01569	0.01048	0.01535	0.00873	0.01025	0.00632	0.00468	0.00457	0.00152	0.00715	0.00357	0.00211	0.00726
1	0.01202	0.51273	0.32976	0.01076	0.01624	0.01652	0.01241	0.01526	0.01028	0.01332	0.00772	0.00899	0.00636	0.00445	0.00380	0.00127	0.00613	0.00307	0.00212	0.00678
2	0.01064	0.18027	0.65013	0.01311	0.01988	0.01315	0.01651	0.01562	0.01045	0.01500	0.00856	0.01004	0.00633	0.00464	0.00444	0.00148	0.00697	0.00349	0.00211	0.00718
3	0.00712	0.00534	0.00801	0.00801	0.00890	0.00623	0.00623	0.00890	0.00801	0.01157	0.01335	0.01958	0.01246	0.03738	0.80507	0.00801	0.01335	0.00534	0.00267	0.00445
4	0.00725	0.00483	0.00544	0.00544	0.00544	0.00483	0.00302	0.00725	0.00725	0.00966	0.01571	0.03262	0.01812	0.82483	0.02537	0.00483	0.00483	0.00725	0.00302	0.00302
5	0.01205	0.51925	0.32348	0.01071	0.01617	0.01659	0.01233	0.01526	0.01028	0.01329	0.00771	0.00897	0.00636	0.00445	0.00379	0.00126	0.00611	0.00306	0.00212	0.00677
6	0.01210	0.56681	0.23662	0.00997	0.01493	0.01673	0.01104	0.01488	0.01044	0.01325	0.04709	0.01016	0.00843	0.00469	0.00375	0.00123	0.00574	0.00326	0.00229	0.00658
7	0.01277	0.69271	0.15632	0.00949	0.01427	0.01835	0.01019	0.01507	0.01019	0.01241	0.00727	0.00842	0.00638	0.00434	0.00346	0.00115	0.00567	0.00284	0.00213	0.00656
8	0.01251	0.62998	0.21677	0.00993	0.01496	0.01771	0.01097	0.01514	0.01023	0.01273	0.00743	0.00862	0.00638	0.00438	0.00358	0.00119	0.00583	0.00292	0.00213	0.00664
9	0.01074	0.20479	0.62651	0.01294	0.01961	0.01339	0.01621	0.01559	0.01044	0.01488	0.00850	0.00996	0.00633	0.00463	0.00439	0.00146	0.00691	0.00346	0.00211	0.00715

[dist]
# distance from previous block
# <min> <max>
1	13

[block]
# block no. 3 follows, 50 sequences, length 16
# corresponding to MSA columns:
# 227-242
name=unknown_D
#
# <colnr> <probs for GDERKNQSTAVLIFYWHMCP>
#	G	D	E	R	K	N	Q	S	T	A	V	L	I	F	Y	W	H	M	C	P
0	0.03359	0.08883	0.14767	0.03808	0.07004	0.01287	0.15062	0.18763	0.07939	0.12425	0.01202	0.01284	0.00869	0.00522	0.00491	0.00153	0.00605	0.00456	0.00367	0.00754
1	0.00725	0.00618	0.01044	0.05038	0.01194	0.00592	0.14168	0.00883	0.00996	0.01330	0.02345	0.63734	0.02713	0.01305	0.00621	0.00194	0.00406	0.01221	0.00413	0.00460
2	0.01626	0.06139	0.29868	0.01063	0.01574	0.00946	0.01128	0.01960	0.01246	0.40415	0.03860	0.01441	0.01064	0.00554	0.00477	0.00149	0.00535	0.00442	0.00428	0.05086
3	0.00712	0.00534	0.00801	0.00801	0.00890	0.00623	0.00623	0.00890	0.00801	0.01157	0.01335	0.01958	0.01246	0.03738	0.80507	0.00801	0.01335	0.00534	0.00267	0.00445
4	0.00618	0.00547	0.00627	0.00585	0.00770	0.00463	0.04239	0.00759	0.01138	0.01359	0.04847	0.04624	0.75249	0.01220	0.00589	0.00168	0.00282	0.01029	0.00452	0.00433
5	0.01034	0.00886	0.01034	0.00738	0.01181	0.00664	0.00591	0.01255	0.01034	0.01624	0.00886	0.01034	0.00738	0.00369	0.00369	0.00074	0.00369	0.00295	0.00295	0.85530
6	0.02236	0.00848	0.01157	0.00887	0.01272	0.00733	0.00733	0.02429	0.01427	0.79719	0.01966	0.01697	0.01234	0.00617	0.00501	0.00154	0.00424	0.00501	0.00617	0.00848
7	0.01034	0.00886	0.01034	0.00738	0.01181	0.00664	0.00591	0.01255	0.01034	0.01624	0.00886	0.01034	0.00738	0.00369	0.00369	0.00074	0.00369	0.00295	0.00295	0.85530
8	0.76390	0.07060	0.00899	0.00695	0.01010	0.04354	0.00580	0.01488	0.00883	0.02117	0.00697	0.00813	0.00551	0.00462	0.00315	0.00150	0.00417	0.00272	0.00299	0.00549
9	0.01895	0.01396	0.01496	0.01147	0.01546	0.01546	0.00947	0.77711	0.02344	0.03141	0.01197	0.01197	0.00848	0.00598	0.00499	0.00150	0.00548	0.00449	0.00499	0.00848
10	0.01034	0.00886	0.01034	0.00738	0.01181	0.00664	0.00591	0.01255	0.01034	0.01624	0.00886	0.01034	0.00738	0.00369	0.00369	0.00074	0.00369	0.00295	0.00295	0.85530
11	0.25855	0.01114	0.01097	0.00941	0.01257	0.01274	0.00753	0.19402	0.38730	0.02369	0.01454	0.01406	0.01085	0.00597	0.00448	0.00160	0.00427	0.00453	0.00448	0.00730
12	0.07250	0.00887	0.01006	0.07159	0.01255	0.08491	0.00732	0.06804	0.01097	0.13913	0.01329	0.04088	0.01130	0.05021	0.34653	0.00440	0.00880	0.00503	0.00346	0.03016
13	0.01175	0.20121	0.12606	0.03696	0.03857	0.01206	0.19075	0.03547	0.03062	0.06804	0.07293	0.04972	0.05715	0.00597	0.00488	0.00147	0.00573	0.00539	0.00319	0.04207
14	0.06408	0.02938	0.12692	0.02985	0.11193	0.04064	0.11111	0.01421	0.01083	0.08429	0.01334	0.11702	0.02687	0.00680	0.00549	0.03602	0.00540	0.01796	0.00320	0.14466
15	0.04142	0.02765	0.04492	0.03537	0.05531	0.09919	0.07600	0.11681	0.08686	0.04513	0.01528	0.04652	0.01402	0.00765	0.00569	0.00169	0.03204	0.18414	0.00378	0.06054

[dist]
# distance from previous block
# <min> <max>
0	23

[block]
# block no. 4 follows, 50 sequences, length 24
# corresponding to MSA columns:
# 266-289
name=unknown_E
#
# <colnr> <probs for GDERKNQSTAVLIFYWHMCP>
#	G	D	E	R	K	N	Q	S	T	A	V	L	I	F	Y	W	H	M	C	P
0	0.01367	0.27853	0.23520	0.01102	0.01585	0.04755	0.04803	0.09233	0.01250	0.10808	0.04153	0.01264	0.02800	0.00524	0.00439	0.00137	0.00586	0.00403	0.00314	0.03105
1	0.05005	0.21356	0.14446	0.01089	0.01542	0.04733	0.01040	0.37666	0.01661	0.02235	0.00975	0.01043	0.00737	0.00518	0.00436	0.00137	0.00576	0.00373	0.00357	0.04075
2	0.01347	0.56352	0.17038	0.01006	0.01482	0.04853	0.01053	0.09155	0.01169	0.01448	0.00784	0.00891	0.00659	0.00456	0.00372	0.00121	0.00587	0.00306	0.00243	0.00676
3	0.04174	0.26057	0.17193	0.01097	0.01568	0.01584	0.01082	0.37502	0.01644	0.02215	0.00970	0.01037	0.00733	0.00518	0.00434	0.00138	0.00576	0.00373	0.00350	0.00754
4	0.01117	0.23049	0.57293	0.01266	0.01911	0.01380	0.01556	0.04314	0.01089	0.01531	0.00854	0.00993	0.00641	0.00466	0.00435	0.00144	0.00678	0.00345	0.00222	0.00716
5	0.01073	0.20341	0.62783	0.01295	0.01963	0.01338	0.01623	0.01559	0.01044	0.01489	0.00850	0.00996	0.00633	0.00463	0.00440	0.00147	0.00692	0.00346	0.00211	0.00715
6	0.01333	0.82783	0.02612	0.00853	0.01279	0.01972	0.00853	0.01493	0.01013	0.01173	0.00693	0.00800	0.00640	0.00426	0.00320	0.00107	0.00533	0.00267	0.00213	0.00640
7	0.01049	0.00899	0.01040	0.00758	0.01190	0.00706	0.00605	0.01356	0.06647	0.01658	0.00969	0.01093	0.00795	0.00391	0.00379	0.00081	0.00371	0.00315	0.00311	0.79387
8	0.00607	0.00434	0.00578	0.00694	0.00723	0.00405	0.00463	0.00694	0.00954	0.01272	0.02747	0.82157	0.03297	0.01562	0.00636	0.00202	0.00289	0.01417	0.00463	0.00405
9	0.01311	0.77529	0.07675	0.00890	0.01337	0.01919	0.00918	0.01498	0.01015	0.01199	0.00706	0.00816	0.00639	0.00430	0.00330	0.00110	0.00546	0.00273	0.00213	0.00646
10	0.02029	0.00902	0.01381	0.01042	0.01433	0.00794	0.11242	0.02255	0.01392	0.65855	0.04979	0.01731	0.01310	0.00606	0.00517	0.00156	0.00473	0.00529	0.00564	0.00809
11	0.00720	0.00502	0.00639	0.00639	0.00672	0.00535	0.00421	0.00786	0.00753	0.01037	0.01484	0.02781	0.01603	0.53420	0.31314	0.00601	0.00798	0.00654	0.00289	0.00355
12	0.00803	0.00574	0.00803	0.00918	0.01033	0.00574	0.00803	0.01033	0.01147	0.01492	0.02639	0.05622	0.02869	0.01377	0.00688	0.00229	0.00459	0.76018	0.00459	0.00459
13	0.02055	0.00932	0.05903	0.00914	0.01301	0.00744	0.00797	0.02274	0.01390	0.69319	0.03895	0.01894	0.01363	0.00654	0.00511	0.00158	0.00440	0.04059	0.00583	0.00814
14	0.82531	0.00982	0.00764	0.00676	0.00988	0.01136	0.00557	0.04613	0.00910	0.02274	0.00715	0.00826	0.00553	0.00468	0.00316	0.00154	0.00392	0.00277	0.00316	0.00553
15	0.00593	0.00492	0.00519	0.00540	0.00683	0.00418	0.00394	0.00711	0.01102	0.01333	0.04618	0.19286	0.64961	0.01318	0.00598	0.00175	0.00259	0.01120	0.00463	0.00418
16	0.01175	0.23652	0.48587	0.01291	0.01891	0.08671	0.05154	0.01595	0.01081	0.01439	0.00835	0.00986	0.00641	0.00462	0.00436	0.00142	0.00703	0.00348	0.00217	0.00693
17	0.01531	0.01259	0.05619	0.07011	0.19906	0.05573	0.22393	0.05247	0.01285	0.23272	0.01239	0.01370	0.00882	0.00501	0.00519	0.00156	0.00641	0.00490	0.00359	0.00746
18	0.01153	0.01785	0.27310	0.01846	0.02413	0.04958	0.49909	0.01609	0.01148	0.01573	0.00961	0.01231	0.00711	0.00442	0.00545	0.00163	0.00810	0.00506	0.00239	0.00688
19	0.00918	0.00561	0.00736	0.00700	0.00850	0.00516	0.00546	0.01126	0.01315	0.12456	0.46117	0.07495	0.09054	0.03052	0.00641	0.00179	0.00305	0.12396	0.00528	0.00510
20	0.01314	0.01525	0.22405	0.02146	0.36247	0.01132	0.10917	0.03037	0.02462	0.12337	0.01099	0.01273	0.00818	0.00479	0.00501	0.00154	0.00634	0.00452	0.00297	0.00770
21	0.01166	0.01074	0.01747	0.23835	0.47494	0.01144	0.01378	0.06321	0.02626	0.01652	0.04510	0.01461	0.00988	0.00516	0.00503	0.00155	0.00587	0.01856	0.00278	0.00709
22	0.01347	0.15166	0.31587	0.01308	0.01801	0.21346	0.08806	0.03353	0.02762	0.04290	0.00962	0.03330	0.00767	0.00514	0.00461	0.00144	0.00720	0.00402	0.00261	0.00673
23	0.03660	0.01203	0.03107	0.01925	0.35503	0.10227	0.03223	0.04703	0.08697	0.05062	0.03572	0.08128	0.01334	0.00670	0.00517	0.00160	0.00558	0.06714	0.00344	0.00692

[dist]
# distance from previous block
# <min> <max>
2	22

[block]
# block no. 5 follows, 50 sequences, length 32
# corresponding to MSA columns:
# 312-343
name=unknown_F
#
# <colnr> <probs for GDERKNQSTAVLIFYWHMCP>
#	G	D	E	R	K	N	Q	S	T	A	V	L	I	F	Y	W	H	M	C	P
0	0.01283	0.36680	0.14892	0.01207	0.08713	0.01455	0.04073	0.06787	0.02719	0.04353	0.02135	0.01061	0.00787	0.00461	0.00405	0.00124	0.00553	0.00353	0.00274	0.11684
1	0.01336	0.03253	0.01910	0.02007	0.31612	0.04952	0.16172	0.11814	0.05102	0.04234	0.02612	0.02662	0.00942	0.00510	0.00519	0.00148	0.01861	0.00484	0.00318	0.07551
2	0.09324	0.03617	0.06550	0.01270	0.06898	0.08156	0.08580	0.23275	0.04951	0.12236	0.03189	0.01371	0.00982	0.00557	0.00478	0.00148	0.00565	0.01956	0.00396	0.05500
3	0.01182	0.01126	0.01879	0.19726	0.45973	0.01189	0.07993	0.03429	0.09422	0.01634	0.01056	0.01330	0.00839	0.00482	0.00504	0.00156	0.00607	0.00469	0.00276	0.00729
4	0.74964	0.00961	0.00783	0.00688	0.01003	0.01091	0.00564	0.01569	0.04745	0.06310	0.00833	0.00915	0.00631	0.00479	0.00330	0.00153	0.00388	0.00297	0.00334	0.02962
5	0.00852	0.00686	0.00806	0.00818	0.04760	0.00702	0.00566	0.01345	0.21760	0.01713	0.27605	0.05426	0.17042	0.12719	0.00845	0.00210	0.00336	0.00806	0.00469	0.00536
6	0.00941	0.00886	0.01495	0.81285	0.03433	0.01107	0.01384	0.01274	0.00997	0.01274	0.00886	0.01329	0.00664	0.00498	0.00498	0.00166	0.00664	0.00443	0.00221	0.00554
7	0.36144	0.10290	0.01256	0.00909	0.01236	0.11648	0.04832	0.01802	0.08723	0.14794	0.01089	0.01169	0.00824	0.02800	0.00457	0.00157	0.00504	0.00374	0.00359	0.00632
8	0.01333	0.82783	0.02612	0.00853	0.01279	0.01972	0.00853	0.01493	0.01013	0.01173	0.00693	0.00800	0.00640	0.00426	0.00320	0.00107	0.00533	0.00267	0.00213	0.00640
9	0.00592	0.00496	0.00515	0.00530	0.00680	0.00419	0.00390	0.00713	0.01112	0.01337	0.04745	0.15029	0.69136	0.01302	0.00595	0.00173	0.00257	0.01100	0.00463	0.00419
10	0.01254	0.63847	0.20859	0.00987	0.01487	0.01780	0.01086	0.01513	0.01022	0.01269	0.00741	0.00859	0.00638	0.00438	0.00356	0.00119	0.00581	0.00291	0.00213	0.00663
11	0.16308	0.25973	0.35031	0.01088	0.01614	0.01367	0.03372	0.01553	0.02574	0.03000	0.02194	0.01028	0.00729	0.00474	0.00403	0.00142	0.00588	0.00344	0.01554	0.00665
12	0.00949	0.02129	0.62381	0.01297	0.01893	0.01021	0.01595	0.01446	0.01073	0.01564	0.02888	0.04235	0.01178	0.00671	0.00518	0.00171	0.00666	0.13385	0.00267	0.00674
13	0.01333	0.82783	0.02612	0.00853	0.01279	0.01972	0.00853	0.01493	0.01013	0.01173	0.00693	0.00800	0.00640	0.00426	0.00320	0.00107	0.00533	0.00267	0.00213	0.00640
14	0.01274	0.60037	0.04379	0.00872	0.01244	0.09232	0.00830	0.01451	0.01107	0.01301	0.11049	0.01297	0.03114	0.00534	0.00378	0.00118	0.00528	0.00377	0.00267	0.00609
15	0.01000	0.02578	0.79900	0.01421	0.02157	0.01158	0.01842	0.01579	0.01052	0.01579	0.00895	0.01052	0.00631	0.00474	0.00474	0.00158	0.00737	0.00368	0.00210	0.00737
16	0.01000	0.02578	0.79900	0.01421	0.02157	0.01158	0.01842	0.01579	0.01052	0.01579	0.00895	0.01052	0.00631	0.00474	0.00474	0.00158	0.00737	0.00368	0.00210	0.00737
17	0.01895	0.01396	0.01496	0.01147	0.01546	0.01546	0.00947	0.77711	0.02344	0.03141	0.01197	0.01197	0.00848	0.00598	0.00499	0.00150	0.00548	0.00449	0.00499	0.00848
18	0.00712	0.00534	0.00801	0.00801	0.00890	0.00623	0.00623	0.00890	0.00801	0.01157	0.01335	0.01958	0.01246	0.03738	0.80507	0.00801	0.01335	0.00534	0.00267	0.00445
19	0.00712	0.00534	0.00801	0.00801	0.00890	0.00623	0.00623	0.00890	0.00801	0.01157	0.01335	0.01958	0.01246	0.03738	0.80507	0.00801	0.01335	0.00534	0.00267	0.00445
20	0.01004	0.00950	0.01608	0.64482	0.19745	0.01124	0.01416	0.01329	0.01026	0.01350	0.00897	0.01308	0.00691	0.00487	0.00497	0.00162	0.00649	0.00443	0.00227	0.00604
21	0.00712	0.00534	0.00801	0.00801	0.00890	0.00623	0.00623	0.00890	0.00801	0.01157	0.01335	0.01958	0.01246	0.03738	0.80507	0.00801	0.01335	0.00534	0.00267	0.00445
22	0.00803	0.00574	0.00803	0.00918	0.01033	0.00574	0.00803	0.01033	0.01147	0.01492	0.02639	0.05622	0.02869	0.01377	0.00688	0.00229	0.00459	0.76018	0.00459	0.00459
23	0.01012	0.02500	0.75306	0.01490	0.04500	0.01161	0.04040	0.01578	0.01058	0.01581	0.00899	0.01066	0.00640	0.00471	0.00478	0.00158	0.00735	0.00377	0.00213	0.00736
24	0.01110	0.14192	0.64709	0.01311	0.01985	0.01255	0.01642	0.01608	0.01065	0.05406	0.00918	0.01048	0.00663	0.00474	0.00453	0.00150	0.00691	0.00360	0.00231	0.00728
25	0.01824	0.02313	0.01418	0.01285	0.01530	0.76613	0.00969	0.01952	0.01381	0.01219	0.00765	0.00908	0.00643	0.00531	0.00508	0.00133	0.04851	0.00327	0.00255	0.00576
26	0.01034	0.00886	0.01034	0.00738	0.01181	0.00664	0.00591	0.01255	0.01034	0.01624	0.00886	0.01034	0.00738	0.00369	0.00369	0.00074	0.00369	0.00295	0.00295	0.85530
27	0.01200	0.01256	0.01129	0.05118	0.01342	0.25060	0.03409	0.01646	0.19626	0.01470	0.01754	0.25445	0.01748	0.00910	0.00572	0.00171	0.02916	0.04274	0.00384	0.00573
28	0.04941	0.00983	0.01254	0.01054	0.05205	0.05384	0.03166	0.02311	0.05159	0.62460	0.01777	0.01595	0.01153	0.00594	0.00494	0.00154	0.00470	0.00486	0.00551	0.00811
29	0.64861	0.01087	0.00936	0.00811	0.01115	0.05494	0.03066	0.05376	0.07173	0.02158	0.00839	0.00944	0.00650	0.00502	0.00396	0.00156	0.03207	0.00321	0.00326	0.00582
30	0.03580	0.00620	0.00808	0.00802	0.00923	0.03250	0.04301	0.01033	0.01090	0.09760	0.11734	0.52074	0.02931	0.01262	0.00599	0.00187	0.00354	0.03741	0.00467	0.00485
31	0.03674	0.15064	0.01928	0.11432	0.04042	0.03419	0.24049	0.01509	0.02315	0.10142	0.04552	0.07246	0.04647	0.00619	0.00542	0.00157	0.03141	0.00572	0.00323	0.00627

[dist]
# distance from previous block
# <min> <max>
2	4

[block]
# block no. 6 follows, 50 sequences, length 163
# corresponding to MSA columns:
# 357-519
name=unknown_G
#
# <colnr> <probs for GDERKNQSTAVLIFYWHMCP>
#	G	D	E	R	K	N	Q	S	T	A	V	L	I	F	Y	W	H	M	C	P
0	0.01724	0.11580	0.10470	0.01141	0.01582	0.01555	0.01037	0.59719	0.02034	0.02722	0.01100	0.01131	0.00798	0.00563	0.00474	0.00145	0.00568	0.00417	0.00431	0.00809
1	0.04288	0.65799	0.04415	0.00902	0.01285	0.06209	0.00871	0.01480	0.01006	0.01219	0.00728	0.00908	0.00674	0.03074	0.00480	0.00130	0.05395	0.00297	0.00222	0.00619
2	0.01041	0.03108	0.01559	0.01170	0.01489	0.00826	0.26675	0.01324	0.02314	0.08378	0.17689	0.08456	0.11206	0.00762	0.00552	0.00156	0.00493	0.02038	0.00397	0.10368
3	0.01041	0.12477	0.70361	0.01351	0.02049	0.01258	0.01720	0.01568	0.01047	0.01528	0.00870	0.01021	0.00632	0.00468	0.00455	0.00152	0.00712	0.00356	0.00211	0.00725
4	0.00611	0.00502	0.00541	0.00563	0.00709	0.00432	0.00424	0.00743	0.01122	0.01367	0.06647	0.14267	0.62048	0.01301	0.00602	0.00177	0.00272	0.06785	0.00465	0.00423
5	0.01043	0.13083	0.69778	0.01346	0.02042	0.01264	0.01712	0.01567	0.01047	0.01525	0.00868	0.01019	0.00632	0.00467	0.00453	0.00151	0.00710	0.00355	0.00211	0.00724
6	0.00712	0.00534	0.00801	0.00801	0.00890	0.00623	0.00623	0.00890	0.00801	0.01157	0.01335	0.01958	0.01246	0.03738	0.80507	0.00801	0.01335	0.00534	0.00267	0.00445
7	0.01333	0.82783	0.02612	0.00853	0.01279	0.01972	0.00853	0.01493	0.01013	0.01173	0.00693	0.00800	0.00640	0.00426	0.00320	0.00107	0.00533	0.00267	0.00213	0.00640
8	0.01037	0.03793	0.74803	0.01415	0.02132	0.01185	0.03148	0.04002	0.01095	0.01622	0.00903	0.01058	0.00641	0.00476	0.00474	0.00157	0.00729	0.00373	0.00220	0.00737
9	0.01333	0.82783	0.02612	0.00853	0.01279	0.01972	0.00853	0.01493	0.01013	0.01173	0.00693	0.00800	0.00640	0.00426	0.00320	0.00107	0.00533	0.00267	0.00213	0.00640
10	0.86003	0.00964	0.00733	0.00655	0.00964	0.01118	0.00540	0.01465	0.00848	0.02236	0.00694	0.00810	0.00540	0.00463	0.00308	0.00154	0.00386	0.00270	0.00308	0.00540
11	0.01862	0.02376	0.01413	0.01284	0.01541	0.80482	0.00963	0.01990	0.01413	0.01220	0.00770	0.00899	0.00642	0.00514	0.00449	0.00128	0.00899	0.00321	0.00257	0.00578
12	0.01034	0.00886	0.01034	0.00738	0.01181	0.00664	0.00591	0.01255	0.01034	0.01624	0.00886	0.01034	0.00738	0.00369	0.00369	0.00074	0.00369	0.00295	0.00295	0.85530
13	0.00593	0.00503	0.00511	0.00512	0.00676	0.00422	0.00383	0.00721	0.01140	0.01363	0.07007	0.06488	0.75464	0.01262	0.00590	0.00169	0.00253	0.01056	0.00465	0.00422
14	0.01840	0.00850	0.01107	0.00836	0.01231	0.00705	0.00684	0.02043	0.01310	0.54597	0.03749	0.01556	0.01182	0.00555	0.00465	0.00131	0.00403	0.00451	0.00520	0.25784
15	0.01039	0.00891	0.01036	0.00746	0.01184	0.00680	0.00596	0.01293	0.03142	0.01637	0.00917	0.01056	0.00760	0.00378	0.00373	0.00076	0.00370	0.00303	0.00301	0.83223
16	0.01134	0.13535	0.05736	0.00972	0.05981	0.00923	0.02841	0.01363	0.01065	0.06505	0.01153	0.05846	0.03036	0.00499	0.00411	0.00106	0.00437	0.00410	0.00309	0.47742
17	0.01202	0.01152	0.01965	0.11617	0.71065	0.01176	0.01514	0.01502	0.01120	0.01590	0.00932	0.01244	0.00776	0.00450	0.00494	0.00150	0.00600	0.00444	0.00244	0.00764
18	0.01286	0.01233	0.01940	0.06679	0.67688	0.04546	0.01464	0.06142	0.01213	0.01685	0.00944	0.01222	0.00781	0.00459	0.00492	0.00148	0.00606	0.00439	0.00261	0.00773
19	0.01202	0.01152	0.01965	0.11604	0.71078	0.01176	0.01514	0.01502	0.01120	0.01590	0.00932	0.01244	0.00776	0.00450	0.00494	0.00150	0.00600	0.00444	0.00244	0.00764
20	0.00948	0.23136	0.24934	0.00896	0.01286	0.02389	0.00952	0.01208	0.01034	0.01325	0.02138	0.02326	0.23852	0.09092	0.02319	0.00193	0.00529	0.00581	0.00297	0.00565
21	0.00589	0.00505	0.00505	0.00505	0.00673	0.00421	0.00379	0.00715	0.01136	0.01347	0.05049	0.04797	0.79171	0.01262	0.00589	0.00168	0.00252	0.01052	0.00463	0.00421
22	0.01333	0.82783	0.02612	0.00853	0.01279	0.01972	0.00853	0.01493	0.01013	0.01173	0.00693	0.00800	0.00640	0.00426	0.00320	0.00107	0.00533	0.00267	0.00213	0.00640
23	0.01034	0.00886	0.01034	0.00738	0.01181	0.00664	0.00591	0.01255	0.01034	0.01624	0.00886	0.01034	0.00738	0.00369	0.00369	0.00074	0.00369	0.00295	0.00295	0.85530
24	0.00607	0.00434	0.00578	0.00694	0.00723	0.00405	0.00463	0.00694	0.00954	0.01272	0.02747	0.82157	0.03297	0.01562	0.00636	0.00202	0.00289	0.01417	0.00463	0.00405
25	0.01034	0.00886	0.01034	0.00738	0.01181	0.00664	0.00591	0.01255	0.01034	0.01624	0.00886	0.01034	0.00738	0.00369	0.00369	0.00074	0.00369	0.00295	0.00295	0.85530
26	0.01134	0.00931	0.01077	0.00788	0.01216	0.00757	0.00634	0.08507	0.02572	0.03082	0.00987	0.01160	0.00811	0.00419	0.00392	0.00087	0.00389	0.01723	0.00327	0.73007
27	0.00599	0.00506	0.00518	0.00518	0.00683	0.00426	0.00390	0.00733	0.01151	0.01384	0.09016	0.04752	0.73945	0.01251	0.00591	0.00169	0.00255	0.02222	0.00467	0.00424
28	0.02810	0.68070	0.02302	0.00854	0.01229	0.03961	0.00820	0.01425	0.00993	0.01191	0.00781	0.00957	0.00719	0.00872	0.11029	0.00201	0.00648	0.00304	0.00223	0.00610
29	0.01091	0.01091	0.01527	0.01309	0.01309	0.01527	0.01091	0.01200	0.00763	0.01200	0.00654	0.01091	0.00654	0.00872	0.01636	0.00218	0.81570	0.00436	0.00218	0.00545
30	0.01861	0.03652	0.01517	0.01135	0.01532	0.01549	0.00940	0.73554	0.04371	0.03058	0.01205	0.01204	0.00860	0.00596	0.00494	0.00149	0.00544	0.00447	0.00491	0.00840
31	0.00995	0.04086	0.45262	0.01262	0.03159	0.01057	0.05388	0.01586	0.12534	0.01629	0.04406	0.11696	0.01292	0.00663	0.00503	0.00163	0.00593	0.00565	0.02484	0.00679
32	0.00600	0.00503	0.00508	0.00508	0.00663	0.00426	0.00373	0.00716	0.01103	0.01316	0.04770	0.04673	0.72947	0.07797	0.00746	0.00194	0.00271	0.01026	0.00450	0.00411
33	0.01170	0.13019	0.33460	0.01518	0.11897	0.04972	0.07992	0.02957	0.09216	0.01597	0.02358	0.01193	0.00837	0.00496	0.00484	0.00148	0.01948	0.00410	0.00267	0.04063
34	0.00712	0.00534	0.00801	0.00801	0.00890	0.00623	0.00623	0.00890	0.00801	0.01157	0.01335	0.01958	0.01246	0.03738	0.80507	0.00801	0.01335	0.00534	0.00267	0.00445
35	0.01102	0.04917	0.50295	0.01643	0.15376	0.01160	0.04815	0.03144	0.03210	0.03299	0.01010	0.03325	0.00782	0.00502	0.00480	0.00153	0.00665	0.00423	0.00251	0.03448
36	0.01230	0.07905	0.02934	0.00962	0.04913	0.00958	0.02083	0.11614	0.03734	0.04319	0.00988	0.01099	0.00786	0.00429	0.00403	0.00099	0.00436	0.00342	0.00328	0.54437
37	0.00725	0.00483	0.00544	0.00544	0.00544	0.00483	0.00302	0.00725	0.00725	0.00966	0.01571	0.03262	0.01812	0.82483	0.02537	0.00483	0.00483	0.00725	0.00302	0.00302
38	0.01049	0.03564	0.65336	0.01424	0.04582	0.01133	0.04345	0.01600	0.03163	0.04081	0.02858	0.01246	0.02391	0.00509	0.00483	0.00157	0.00692	0.00413	0.00247	0.00727
39	0.01234	0.01184	0.02023	0.03059	0.79373	0.01184	0.01530	0.01530	0.01135	0.01628	0.00938	0.01234	0.00790	0.00444	0.00493	0.00148	0.00592	0.00444	0.00247	0.00790
40	0.01757	0.07477	0.01444	0.01219	0.01477	0.70689	0.00927	0.01890	0.01374	0.01243	0.03313	0.03168	0.00843	0.00552	0.00450	0.00130	0.00838	0.00365	0.00269	0.00574
41	0.00725	0.00483	0.00544	0.00544	0.00544	0.00483	0.00302	0.00725	0.00725	0.00966	0.01571	0.03262	0.01812	0.82483	0.02537	0.00483	0.00483	0.00725	0.00302	0.00302
42	0.00712	0.00534	0.00801	0.00801	0.00890	0.00623	0.00623	0.00890	0.00801	0.01157	0.01335	0.01958	0.01246	0.03738	0.80507	0.00801	0.01335	0.00534	0.00267	0.00445
43	0.01339	0.03308	0.05912	0.01174	0.03891	0.29828	0.04821	0.01893	0.23589	0.01598	0.08010	0.03640	0.07521	0.00675	0.00500	0.00151	0.00603	0.00542	0.00370	0.00636
44	0.00879	0.01103	0.18547	0.00869	0.01231	0.00696	0.02081	0.01180	0.01175	0.01730	0.30026	0.07301	0.02351	0.00712	0.00495	0.00133	0.00404	0.00614	0.00380	0.28092
45	0.01091	0.01091	0.01527	0.01309	0.01309	0.01527	0.01091	0.01200	0.00763	0.01200	0.00654	0.01091	0.00654	0.00872	0.01636	0.00218	0.81570	0.00436	0.00218	0.00545
46	0.01085	0.08946	0.51536	0.01233	0.01857	0.03317	0.03210	0.01530	0.01065	0.02916	0.00894	0.01041	0.00668	0.00450	0.00441	0.00135	0.00644	0.00351	0.00238	0.18443
47	0.01140	0.36383	0.47324	0.01181	0.01787	0.01501	0.01425	0.01542	0.01036	0.01407	0.00810	0.00946	0.00635	0.00454	0.00409	0.00136	0.00651	0.00325	0.00212	0.00696
48	0.00592	0.00505	0.00509	0.00508	0.00675	0.00422	0.00381	0.00721	0.01143	0.01363	0.06949	0.04769	0.77261	0.01256	0.00589	0.00168	0.00252	0.01048	0.00465	0.00422
49	0.01739	0.01318	0.15758	0.01178	0.06686	0.03212	0.01020	0.13731	0.07141	0.37022	0.03639	0.01540	0.01142	0.01921	0.00530	0.00160	0.00519	0.00479	0.00474	0.00793
50	0.03129	0.01602	0.01496	0.01442	0.12661	0.27612	0.02305	0.28689	0.02764	0.08941	0.01137	0.01308	0.00879	0.00573	0.00487	0.00146	0.00657	0.03061	0.00384	0.00727
51	0.00614	0.00439	0.00586	0.00702	0.00734	0.00411	0.00475	0.00706	0.00961	0.01280	0.02743	0.79474	0.03282	0.01555	0.00638	0.00203	0.00295	0.04033	0.00463	0.00407
52	0.04400	0.12425	0.03628	0.01094	0.02488	0.08100	0.00907	0.33890	0.21364	0.04790	0.01301	0.01287	0.00970	0.00578	0.00466	0.00147	0.00533	0.00436	0.00428	0.00768
53	0.01336	0.05474	0.11151	0.05319	0.24327	0.08219	0.05330	0.09728	0.02624	0.06707	0.05657	0.01338	0.01013	0.00541	0.00551	0.00149	0.05267	0.00449	0.00314	0.04504
54	0.01402	0.07613	0.18691	0.01538	0.04059	0.02908	0.27553	0.13843	0.02831	0.10816	0.01105	0.01250	0.00801	0.00503	0.00541	0.00157	0.02860	0.00471	0.00326	0.00732
55	0.02730	0.01301	0.02693	0.02292	0.19980	0.01241	0.58926	0.01579	0.01161	0.01615	0.00987	0.01310	0.00760	0.00426	0.00562	0.00163	0.00776	0.00550	0.00252	0.00696
56	0.00699	0.00520	0.00652	0.00617	0.00745	0.00478	0.00463	0.00941	0.02853	0.01908	0.67096	0.03840	0.15233	0.01047	0.00587	0.00159	0.00241	0.00916	0.00536	0.00469
57	0.01242	0.19721	0.21542	0.11803	0.01796	0.08104	0.03211	0.03654	0.06159	0.07519	0.04636	0.04199	0.03202	0.00580	0.00463	0.00147	0.00596	0.00462	0.00307	0.00658
58	0.01157	0.30918	0.47289	0.01233	0.01834	0.04609	0.03556	0.01565	0.01056	0.01421	0.00821	0.00965	0.00638	0.00457	0.00421	0.00139	0.00674	0.00337	0.00214	0.00694
59	0.00607	0.00434	0.00578	0.00694	0.00723	0.00405	0.00463	0.00694	0.00954	0.01272	0.02747	0.82157	0.03297	0.01562	0.00636	0.00202	0.00289	0.01417	0.00463	0.00405
60	0.00994	0.00940	0.01590	0.67202	0.17104	0.01121	0.01410	0.01320	0.01022	0.01337	0.00895	0.01312	0.00687	0.00489	0.00497	0.00163	0.00651	0.00443	0.00226	0.00596
61	0.04234	0.01250	0.01904	0.05364	0.57409	0.07339	0.06005	0.03091	0.01154	0.01613	0.00965	0.03393	0.00828	0.00496	0.00525	0.00152	0.02822	0.00463	0.00259	0.00733
62	0.01311	0.01192	0.01196	0.01128	0.04932	0.09264	0.00838	0.03762	0.59406	0.03622	0.01892	0.01790	0.03829	0.00670	0.00534	0.00165	0.02713	0.00542	0.00462	0.00751
63	0.00618	0.00443	0.00581	0.00681	0.00715	0.00418	0.00455	0.00704	0.00939	0.01250	0.02690	0.71448	0.05539	0.07202	0.03566	0.00242	0.00338	0.01327	0.00445	0.00400
64	0.69456	0.15471	0.01078	0.00702	0.01030	0.02742	0.00603	0.01480	0.00888	0.02029	0.00695	0.00810	0.00559	0.00457	0.00313	0.00145	0.00421	0.00270	0.00291	0.00558
65	0.00627	0.00496	0.00564	0.00569	0.00702	0.00433	0.00418	0.00780	0.01192	0.01531	0.26879	0.15737	0.45839	0.01233	0.00596	0.00170	0.00253	0.01060	0.00489	0.00433
66	0.01212	0.01159	0.01767	0.14275	0.51772	0.03789	0.01359	0.01704	0.14743	0.01643	0.01117	0.01347	0.00895	0.00495	0.00495	0.00154	0.00578	0.00461	0.00289	0.00747
67	0.00692	0.00509	0.00647	0.00612	0.00736	0.00464	0.00459	0.00914	0.01378	0.01921	0.70265	0.03852	0.13597	0.01048	0.00588	0.00158	0.00237	0.00919	0.00538	0.00464
68	0.01598	0.01313	0.01356	0.01167	0.04171	0.06188	0.00903	0.39298	0.33842	0.02533	0.01507	0.01455	0.01113	0.00620	0.00499	0.00156	0.00507	0.00489	0.00479	0.00805
69	0.86003	0.00964	0.00733	0.00655	0.00964	0.01118	0.00540	0.01465	0.00848	0.02236	0.00694	0.00810	0.00540	0.00463	0.00308	0.00154	0.00386	0.00270	0.00308	0.00540
70	0.03231	0.01028	0.01072	0.00824	0.01213	0.07975	0.00652	0.03998	0.05932	0.07901	0.03208	0.02950	0.00980	0.00474	0.00410	0.00100	0.00424	0.00376	0.00348	0.56903
71	0.01503	0.16164	0.07936	0.01150	0.04009	0.03006	0.02938	0.31298	0.01589	0.07799	0.05031	0.03665	0.01144	0.00648	0.00565	0.00153	0.06494	0.03795	0.00392	0.00719
72	0.01039	0.00850	0.01000	0.00742	0.01142	0.00663	0.00589	0.01295	0.03547	0.03925	0.06836	0.03529	0.01144	0.00468	0.00401	0.00089	0.00359	0.00386	0.00335	0.71661
73	0.01036	0.00894	0.01067	0.00762	0.01206	0.00675	0.01933	0.01261	0.01036	0.01624	0.00888	0.01039	0.00739	0.00370	0.00373	0.00075	0.00377	0.00300	0.00295	0.84050
74	0.01436	0.01517	0.01661	0.06525	0.33165	0.26219	0.01218	0.05469	0.01226	0.02990	0.00890	0.01143	0.00743	0.00625	0.02841	0.00170	0.10814	0.00408	0.00265	0.00673
75	0.01034	0.00886	0.01034	0.00738	0.01181	0.00664	0.00591	0.01255	0.01034	0.01624	0.00886	0.01034	0.00738	0.00369	0.00369	0.00074	0.00369	0.00295	0.00295	0.85530
76	0.00702	0.00509	0.00661	0.00623	0.00742	0.00469	0.00467	0.00934	0.01402	0.01978	0.76773	0.03757	0.07054	0.01027	0.00588	0.00157	0.00236	0.00906	0.00546	0.00469
77	0.01581	0.01095	0.01213	0.01013	0.01340	0.01199	0.00809	0.21294	0.42699	0.17259	0.03786	0.01711	0.01380	0.00654	0.00506	0.00161	0.00435	0.00532	0.00527	0.00807
78	0.04063	0.01368	0.01465	0.01126	0.01522	0.01509	0.00930	0.73349	0.02276	0.05567	0.01208	0.01203	0.00852	0.00595	0.00494	0.00150	0.00540	0.00446	0.00498	0.00840
79	0.00725	0.00483	0.00544	0.00544	0.00544	0.00483	0.00302	0.00725	0.00725	0.00966	0.01571	0.03262	0.01812	0.82483	0.02537	0.00483	0.00483	0.00725	0.00302	0.00302
80	0.37898	0.00900	0.00969	0.00780	0.01136	0.00893	0.00643	0.01954	0.01159	0.42446	0.01365	0.01282	0.00911	0.00538	0.00412	0.00150	0.00405	0.00391	0.00468	0.05300
81	0.01071	0.01061	0.01489	0.01282	0.01287	0.01479	0.01066	0.01183	0.00765	0.01197	0.00690	0.01136	0.00685	0.01023	0.05780	0.00249	0.77354	0.00441	0.00221	0.00540
82	0.00711	0.00477	0.00548	0.00562	0.00565	0.00474	0.00321	0.00721	0.00752	0.01003	0.01711	0.12684	0.01989	0.72818	0.02310	0.00450	0.00460	0.00808	0.00321	0.00314
83	0.70776	0.01188	0.00840	0.00756	0.01053	0.14160	0.00606	0.01547	0.00944	0.02063	0.00722	0.00841	0.00569	0.00473	0.00332	0.00149	0.00467	0.00281	0.01687	0.00545
84	0.00721	0.00482	0.00545	0.00548	0.00549	0.00481	0.00307	0.00724	0.00732	0.00976	0.01608	0.05785	0.01860	0.79895	0.02476	0.00474	0.00477	0.00747	0.00307	0.00305
85	0.01327	0.81353	0.03990	0.00863	0.01295	0.01958	0.00871	0.01494	0.01013	0.01180	0.00697	0.00804	0.00640	0.00427	0.00323	0.00108	0.00537	0.00268	0.00213	0.00641
86	0.01196	0.49820	0.34376	0.01086	0.01640	0.01637	0.01259	0.01528	0.01029	0.01339	0.00776	0.00903	0.00636	0.00446	0.00383	0.00128	0.00617	0.00308	0.00212	0.00680
87	0.01645	0.01152	0.01777	0.01652	0.17920	0.02809	0.17252	0.13482	0.02793	0.26797	0.01328	0.01391	0.00938	0.00530	0.00537	0.00153	0.02457	0.00486	0.00411	0.04489
88	0.00611	0.00436	0.00582	0.00698	0.00728	0.00408	0.00468	0.00700	0.00958	0.01276	0.02745	0.80883	0.03290	0.01559	0.00637	0.00203	0.00292	0.02659	0.00463	0.00406
89	0.00706	0.00526	0.00678	0.00762	0.00873	0.00498	0.00620	0.00878	0.01104	0.01408	0.03297	0.21398	0.23072	0.01385	0.00651	0.00208	0.00369	0.40667	0.00461	0.00438
90	0.01222	0.01173	0.02003	0.06060	0.76460	0.01181	0.01524	0.01520	0.01130	0.01615	0.00936	0.01237	0.00785	0.00446	0.00494	0.00149	0.00595	0.00444	0.00246	0.00780
91	0.03863	0.00900	0.01120	0.00893	0.01240	0.00858	0.00726	0.10221	0.10775	0.52665	0.04027	0.03360	0.05668	0.00682	0.00507	0.00157	0.00416	0.00556	0.00571	0.00792
92	0.00599	0.00505	0.00519	0.00515	0.00679	0.00425	0.00386	0.00734	0.01159	0.01402	0.11292	0.04706	0.72894	0.01242	0.00589	0.00167	0.00251	0.01039	0.00470	0.00425
93	0.00868	0.00806	0.01288	0.64405	0.02856	0.00964	0.01174	0.01157	0.01026	0.01289	0.01756	0.02054	0.17069	0.00658	0.00517	0.00167	0.00578	0.00570	0.00272	0.00526
94	0.01199	0.01149	0.01960	0.12357	0.70347	0.01175	0.01512	0.01499	0.01119	0.01586	0.00931	0.01245	0.00775	0.00451	0.00494	0.00150	0.00601	0.00444	0.00244	0.00762
95	0.01923	0.01346	0.01315	0.01066	0.01400	0.17804	0.00857	0.27949	0.01688	0.30454	0.01415	0.03534	0.01015	0.00696	0.02388	0.00166	0.03281	0.00469	0.00475	0.00760
96	0.01016	0.06533	0.76089	0.01393	0.02114	0.01198	0.01793	0.01574	0.01050	0.01559	0.00885	0.01040	0.00632	0.00471	0.00466	0.00155	0.00727	0.00363	0.00211	0.00732
97	0.00713	0.00532	0.00789	0.00789	0.00874	0.00617	0.00608	0.00883	0.00798	0.01148	0.01346	0.02017	0.01272	0.07312	0.76969	0.00787	0.01296	0.00543	0.00269	0.00439
98	0.01317	0.01065	0.01136	0.00993	0.01284	0.01204	0.00780	0.12884	0.59513	0.04744	0.04195	0.01957	0.05283	0.00702	0.00512	0.00166	0.00405	0.00579	0.00509	0.00772
99	0.01254	0.01303	0.02501	0.01829	0.02286	0.01284	0.57484	0.08901	0.14279	0.01823	0.01198	0.01417	0.00893	0.00480	0.00566	0.00167	0.00738	0.00571	0.00318	0.00708
100	0.01034	0.00886	0.01034	0.00738	0.01181	0.00664	0.00591	0.01255	0.01034	0.01624	0.00886	0.01034	0.00738	0.00369	0.00369	0.00074	0.00369	0.00295	0.00295	0.85530
101	0.01240	0.01071	0.01127	0.01014	0.01296	0.01240	0.00789	0.02649	0.78473	0.02085	0.02029	0.01860	0.01522	0.00676	0.00507	0.00169	0.00394	0.00564	0.00507	0.00789
102	0.01064	0.00904	0.01050	0.00753	0.01194	0.00695	0.00603	0.03936	0.01080	0.01677	0.00897	0.01039	0.00742	0.00377	0.00374	0.00076	0.00375	0.00301	0.00302	0.82560
103	0.00597	0.00505	0.00516	0.00513	0.00678	0.00424	0.00385	0.00730	0.01154	0.01390	0.09984	0.04725	0.74210	0.01246	0.00589	0.00168	0.00251	0.01042	0.00469	0.00424
104	0.01176	0.01345	0.02941	0.02101	0.02605	0.01261	0.77563	0.01597	0.01176	0.01597	0.01008	0.01345	0.00756	0.00420	0.00588	0.00168	0.00840	0.00588	0.00252	0.00672
105	0.02176	0.00913	0.01193	0.00918	0.01303	0.00833	0.00757	0.10599	0.03310	0.69616	0.01884	0.01646	0.01199	0.00616	0.00501	0.00154	0.00437	0.00497	0.00602	0.00847
106	0.01303	0.01285	0.02728	0.01956	0.02446	0.01197	0.68387	0.01696	0.01206	0.10927	0.01123	0.01387	0.00813	0.00444	0.00578	0.00166	0.00791	0.00578	0.00296	0.00693
107	0.12214	0.00905	0.01133	0.00880	0.01257	0.00843	0.00726	0.08236	0.01430	0.64441	0.01754	0.01551	0.01121	0.00597	0.00478	0.00154	0.00429	0.00469	0.00571	0.00811
108	0.00658	0.00508	0.00600	0.00577	0.00715	0.00450	0.00433	0.00849	0.01299	0.01732	0.48831	0.04162	0.35149	0.01119	0.00588	0.00161	0.00242	0.00963	0.00514	0.00450
109	0.01034	0.00886	0.01034	0.00738	0.01181	0.00664	0.00591	0.01255	0.01034	0.01624	0.00886	0.01034	0.00738	0.00369	0.00369	0.00074	0.00369	0.00295	0.00295	0.85530
110	0.01844	0.00795	0.01017	0.00820	0.01137	0.00734	0.00664	0.02181	0.09993	0.54807	0.04960	0.01822	0.01410	0.00633	0.00480	0.00150	0.00381	0.00518	0.14893	0.00762
111	0.02228	0.00861	0.01165	0.00893	0.01279	0.00751	0.00738	0.04172	0.01448	0.77945	0.01949	0.01685	0.01225	0.00616	0.00501	0.00154	0.00427	0.00500	0.00614	0.00848
112	0.00622	0.00444	0.00595	0.00711	0.00746	0.00418	0.00488	0.00720	0.00969	0.01289	0.02739	0.76397	0.03264	0.01548	0.00640	0.00204	0.00302	0.07032	0.00462	0.00409
113	0.12426	0.01139	0.01259	0.01029	0.01358	0.02647	0.02874	0.42245	0.01774	0.11114	0.01474	0.06513	0.01238	0.00730	0.00508	0.00164	0.00502	0.09812	0.00469	0.00725
114	0.86003	0.00964	0.00733	0.00655	0.00964	0.01118	0.00540	0.01465	0.00848	0.02236	0.00694	0.00810	0.00540	0.00463	0.00308	0.00154	0.00386	0.00270	0.00308	0.00540
115	0.00941	0.00886	0.01495	0.81285	0.03433	0.01107	0.01384	0.01274	0.00997	0.01274	0.00886	0.01329	0.00664	0.00498	0.00498	0.00166	0.00664	0.00443	0.00221	0.00554
116	0.01333	0.82783	0.02612	0.00853	0.01279	0.01972	0.00853	0.01493	0.01013	0.01173	0.00693	0.00800	0.00640	0.00426	0.00320	0.00107	0.00533	0.00267	0.00213	0.00640
117	0.00615	0.00484	0.00556	0.00585	0.00701	0.00425	0.00421	0.00749	0.01129	0.01439	0.17448	0.28423	0.42633	0.01311	0.00603	0.00177	0.00261	0.01138	0.00478	0.00425
118	0.00593	0.00490	0.00520	0.00544	0.00684	0.00417	0.00396	0.00711	0.01098	0.01331	0.04568	0.20962	0.63316	0.01325	0.00599	0.00175	0.00260	0.01128	0.00463	0.00417
119	0.86003	0.00964	0.00733	0.00655	0.00964	0.01118	0.00540	0.01465	0.00848	0.02236	0.00694	0.00810	0.00540	0.00463	0.00308	0.00154	0.00386	0.00270	0.00308	0.00540
120	0.00589	0.00505	0.00505	0.00505	0.00673	0.00421	0.00379	0.00715	0.01136	0.01347	0.05049	0.04797	0.79171	0.01262	0.00589	0.00168	0.00252	0.01052	0.00463	0.00421
121	0.02236	0.00848	0.01157	0.00887	0.01272	0.00733	0.00733	0.02429	0.01427	0.79719	0.01966	0.01697	0.01234	0.00617	0.00501	0.00154	0.00424	0.00501	0.00617	0.00848
122	0.01187	0.01182	0.02152	0.12201	0.54262	0.01191	0.17400	0.01513	0.01127	0.01579	0.00946	0.01268	0.00768	0.00446	0.00514	0.00154	0.00653	0.00474	0.00245	0.00737
123	0.01240	0.01071	0.01127	0.01014	0.01296	0.01240	0.00789	0.02649	0.78473	0.02085	0.02029	0.01860	0.01522	0.00676	0.00507	0.00169	0.00394	0.00564	0.00507	0.00789
124	0.86003	0.00964	0.00733	0.00655	0.00964	0.01118	0.00540	0.01465	0.00848	0.02236	0.00694	0.00810	0.00540	0.00463	0.00308	0.00154	0.00386	0.00270	0.00308	0.00540
125	0.01895	0.01396	0.01496	0.01147	0.01546	0.01546	0.00947	0.77711	0.02344	0.03141	0.01197	0.01197	0.00848	0.00598	0.00499	0.00150	0.00548	0.00449	0.00499	0.00848
126	0.86003	0.00964	0.00733	0.00655	0.00964	0.01118	0.00540	0.01465	0.00848	0.02236	0.00694	0.00810	0.00540	0.00463	0.00308	0.00154	0.00386	0.00270	0.00308	0.00540
127	0.01234	0.01184	0.02023	0.03059	0.79373	0.01184	0.01530	0.01530	0.01135	0.01628	0.00938	0.01234	0.00790	0.00444	0.00493	0.00148	0.00592	0.00444	0.00247	0.00790
128	0.01240	0.01071	0.01127	0.01014	0.01296	0.01240	0.00789	0.02649	0.78473	0.02085	0.02029	0.01860	0.01522	0.00676	0.00507	0.00169	0.00394	0.00564	0.00507	0.00789
129	0.02102	0.00815	0.01106	0.00862	0.01221	0.00707	0.00706	0.02295	0.01404	0.72774	0.04997	0.04010	0.01428	0.00658	0.00505	0.00155	0.00409	0.00541	0.02492	0.00813
130	0.02236	0.00848	0.01157	0.00887	0.01272	0.00733	0.00733	0.02429	0.01427	0.79719	0.01966	0.01697	0.01234	0.00617	0.00501	0.00154	0.00424	0.00501	0.00617	0.00848
131	0.00724	0.00485	0.00552	0.00552	0.00555	0.00488	0.00313	0.00730	0.00727	0.00973	0.01563	0.03219	0.01794	0.79895	0.05099	0.00494	0.00511	0.00719	0.00301	0.00307
132	0.00611	0.00476	0.00555	0.00597	0.00702	0.00420	0.00424	0.00734	0.01095	0.01396	0.13193	0.36387	0.38921	0.01355	0.00608	0.00181	0.00265	0.01183	0.00473	0.00420
133	0.00866	0.00433	0.00649	0.00649	0.00649	0.00433	0.00433	0.00649	0.00649	0.00866	0.00866	0.01515	0.00866	0.01732	0.01948	0.85498	0.00433	0.00433	0.00216	0.00216
134	0.01034	0.00886	0.01034	0.00738	0.01181	0.00664	0.00591	0.01255	0.01034	0.01624	0.00886	0.01034	0.00738	0.00369	0.00369	0.00074	0.00369	0.00295	0.00295	0.85530
135	0.00724	0.00517	0.00712	0.00827	0.00908	0.00505	0.00666	0.00896	0.01069	0.01403	0.02683	0.36556	0.03042	0.01452	0.00667	0.00219	0.00390	0.45867	0.00460	0.00437
136	0.00607	0.00436	0.00576	0.00688	0.00721	0.00405	0.00460	0.00695	0.00960	0.01275	0.02821	0.79694	0.05713	0.01552	0.00635	0.00201	0.00288	0.01405	0.00463	0.00405
