[name]
unknown

[dist]
# distance from previous block
# <min> <max>
22	67

[block]
# block no. 0 follows, 52 sequences, length 8
# corresponding to MSA columns:
# 93-100
name=unknown_A
#
# <colnr> <probs for GDERKNQSTAVLIFYWHMCP>
#	G	D	E	R	K	N	Q	S	T	A	V	L	I	F	Y	W	H	M	C	P
0	0.01041	0.19711	0.63858	0.01264	0.01916	0.01294	0.01586	0.01517	0.01015	0.01451	0.00828	0.00971	0.00616	0.00451	0.00429	0.00143	0.00674	0.00337	0.00205	0.00696
1	0.00687	0.00493	0.00671	0.00681	0.00732	0.00539	0.00481	0.00791	0.00766	0.01070	0.01503	0.09645	0.01586	0.31477	0.46017	0.00617	0.00914	0.00662	0.00289	0.00380
2	0.01782	0.14444	0.01584	0.01063	0.01430	0.14116	0.06958	0.14986	0.05798	0.31027	0.01327	0.01283	0.00929	0.00539	0.00457	0.00140	0.00555	0.00424	0.00426	0.00733
3	0.00584	0.00478	0.00516	0.00536	0.00669	0.00410	0.00391	0.00707	0.01089	0.01341	0.09881	0.20036	0.59144	0.01268	0.00582	0.00169	0.00251	0.01082	0.00456	0.00410
4	0.01005	0.00861	0.01005	0.00718	0.01148	0.00646	0.00574	0.01220	0.01005	0.01579	0.00861	0.01005	0.00718	0.00359	0.00359	0.00072	0.00359	0.00287	0.00287	0.85932
5	0.01393	0.01034	0.04423	0.01071	0.05218	0.00914	0.06928	0.11205	0.05859	0.19735	0.01363	0.01396	0.03907	0.00523	0.00495	0.00127	0.03630	0.00433	0.00390	0.29959
6	0.01038	0.00672	0.00819	0.00718	0.00910	0.00655	0.00558	0.10904	0.05519	0.12071	0.47484	0.05669	0.09206	0.00907	0.00547	0.00154	0.00302	0.00782	0.00525	0.00561
7	0.08526	0.23257	0.29451	0.01016	0.01498	0.05131	0.01100	0.01638	0.01089	0.16800	0.01218	0.01251	0.05030	0.00518	0.00418	0.00138	0.00558	0.00383	0.00306	0.00672

[dist]
# distance from previous block
# <min> <max>
24	85

[block]
# block no. 1 follows, 52 sequences, length 21
# corresponding to MSA columns:
# 204-224
name=unknown_B
#
# <colnr> <probs for GDERKNQSTAVLIFYWHMCP>
#	G	D	E	R	K	N	Q	S	T	A	V	L	I	F	Y	W	H	M	C	P
0	0.08115	0.05573	0.05462	0.05146	0.01339	0.00966	0.04032	0.13513	0.06368	0.02705	0.03729	0.09312	0.03501	0.02723	0.00513	0.00143	0.01345	0.01737	0.00352	0.23426
1	0.10384	0.07086	0.01405	0.08866	0.12654	0.01067	0.06078	0.10183	0.02808	0.04157	0.03772	0.05737	0.02599	0.02295	0.02468	0.00168	0.05088	0.02538	0.01148	0.09500
2	0.09763	0.00944	0.01066	0.00887	0.01157	0.01000	0.02716	0.25509	0.12080	0.09557	0.02839	0.09892	0.02849	0.09518	0.02703	0.00201	0.00457	0.00581	0.01448	0.04834
3	0.40645	0.02990	0.04608	0.08893	0.03060	0.00970	0.02741	0.01465	0.04053	0.06929	0.00999	0.01139	0.00759	0.00482	0.00366	0.00141	0.00416	0.00352	0.13675	0.05315
4	0.03146	0.01168	0.01259	0.04968	0.01417	0.05639	0.00837	0.43518	0.05442	0.10790	0.11774	0.01621	0.02880	0.00649	0.00520	0.00149	0.02526	0.00506	0.00467	0.00723
5	0.00814	0.00548	0.00623	0.00598	0.00779	0.00473	0.00464	0.00953	0.01114	0.11077	0.03915	0.07472	0.52527	0.04394	0.00643	0.00179	0.00303	0.09385	0.00457	0.03282
6	0.00617	0.00441	0.00593	0.00705	0.00745	0.00417	0.00496	0.00721	0.00954	0.01267	0.02656	0.71791	0.03147	0.01493	0.00626	0.00201	0.00304	0.11975	0.00449	0.00401
7	0.00977	0.00921	0.01589	0.56202	0.05946	0.01080	0.11166	0.03929	0.01025	0.01359	0.00928	0.01331	0.00719	0.00693	0.05769	0.00201	0.02945	0.00455	0.02200	0.00563
8	0.00945	0.00893	0.01238	0.01088	0.01114	0.01193	0.00887	0.01065	0.00822	0.01235	0.08573	0.03793	0.03799	0.04432	0.09331	0.00271	0.58028	0.00534	0.00265	0.00496
9	0.02961	0.09587	0.04882	0.02598	0.01016	0.00778	0.00638	0.01366	0.09022	0.11390	0.33822	0.05036	0.05995	0.00795	0.00496	0.00148	0.00339	0.01540	0.07025	0.00563
10	0.00649	0.00506	0.00569	0.00579	0.00698	0.00463	0.00423	0.00815	0.03794	0.01368	0.14160	0.11333	0.41434	0.14011	0.00878	0.00218	0.00302	0.06950	0.00438	0.00412
11	0.00612	0.00436	0.00580	0.00687	0.00721	0.00412	0.00472	0.00705	0.00934	0.01242	0.02609	0.72210	0.03102	0.05259	0.00708	0.00212	0.00304	0.07959	0.00442	0.00394
12	0.01131	0.01168	0.02226	0.08686	0.34915	0.01182	0.32739	0.01456	0.01077	0.01503	0.00929	0.01262	0.00749	0.00545	0.02883	0.00176	0.05968	0.00491	0.00239	0.00678
13	0.53694	0.00898	0.00852	0.00713	0.01031	0.00956	0.00585	0.04669	0.01058	0.21065	0.05399	0.01179	0.00935	0.00517	0.00371	0.00146	0.00381	0.00359	0.00392	0.04800
14	0.00633	0.00487	0.00562	0.00552	0.00685	0.00430	0.00411	0.00803	0.01207	0.01595	0.37077	0.08842	0.40092	0.01122	0.00568	0.00159	0.00240	0.00963	0.03142	0.00430
15	0.01653	0.01236	0.01318	0.01047	0.01394	0.01376	0.00853	0.57965	0.17912	0.02765	0.01355	0.01336	0.00985	0.00596	0.00477	0.00147	0.00483	0.00460	0.05853	0.00789
16	0.01742	0.01179	0.01512	0.01167	0.01543	0.05069	0.12932	0.27002	0.13257	0.27198	0.01474	0.01423	0.01018	0.00568	0.00498	0.00152	0.00533	0.00484	0.00474	0.00776
17	0.01136	0.01285	0.02735	0.01973	0.02418	0.01249	0.71195	0.01517	0.01107	0.01517	0.00949	0.01285	0.00726	0.00448	0.00664	0.00168	0.08184	0.00558	0.00242	0.00642
18	0.00600	0.00467	0.00547	0.00594	0.00697	0.00415	0.00429	0.00722	0.01060	0.01346	0.10735	0.35226	0.39063	0.01325	0.00595	0.00179	0.00268	0.04865	0.00457	0.00409
19	0.05209	0.00978	0.01268	0.02602	0.06401	0.03442	0.07789	0.12124	0.12647	0.12373	0.12679	0.03755	0.05532	0.02978	0.00647	0.00168	0.06864	0.01475	0.00420	0.00645
20	0.01614	0.01281	0.01661	0.01257	0.01645	0.01363	0.15690	0.57032	0.01948	0.02622	0.01203	0.05720	0.00936	0.00594	0.00505	0.00150	0.00568	0.00510	0.00431	0.03268

[dist]
# distance from previous block
# <min> <max>
0	7

[block]
# block no. 2 follows, 52 sequences, length 12
# corresponding to MSA columns:
# 232-243
name=unknown_C
#
# <colnr> <probs for GDERKNQSTAVLIFYWHMCP>
#	G	D	E	R	K	N	Q	S	T	A	V	L	I	F	Y	W	H	M	C	P
0	0.00969	0.00696	0.00818	0.00722	0.00899	0.00700	0.00553	0.17570	0.03447	0.03947	0.43296	0.07645	0.10258	0.05501	0.00657	0.00172	0.00320	0.00797	0.00498	0.00536
1	0.15405	0.11394	0.05245	0.01064	0.03065	0.33702	0.00863	0.13703	0.01331	0.01671	0.01091	0.03136	0.05287	0.00558	0.00422	0.00136	0.00631	0.00389	0.00304	0.00603
2	0.03688	0.00964	0.06663	0.00892	0.01269	0.00802	0.00776	0.04970	0.07958	0.59071	0.01964	0.01757	0.05702	0.00627	0.00487	0.00152	0.00425	0.00508	0.00544	0.00782
3	0.86392	0.00937	0.00712	0.00637	0.00937	0.01087	0.00525	0.01425	0.00825	0.02174	0.00675	0.00787	0.00525	0.00450	0.00300	0.00150	0.00375	0.00262	0.00300	0.00525
4	0.01026	0.03407	0.03971	0.02297	0.02946	0.00687	0.04952	0.02895	0.05591	0.14692	0.06305	0.36518	0.02226	0.06378	0.02465	0.00206	0.00416	0.02050	0.00431	0.00541
5	0.01608	0.00801	0.01014	0.00781	0.01136	0.00681	0.00633	0.01859	0.04577	0.43278	0.05856	0.01581	0.01254	0.00548	0.00443	0.00124	0.00372	0.00448	0.06473	0.26533
6	0.01507	0.01224	0.01263	0.01052	0.01375	0.04077	0.00841	0.35946	0.42554	0.02451	0.01574	0.01492	0.01161	0.00619	0.00488	0.00155	0.00466	0.00491	0.00481	0.00785
7	0.01695	0.00849	0.01056	0.00851	0.01158	0.00821	0.00688	0.12592	0.10309	0.43354	0.16848	0.01986	0.01833	0.00678	0.00500	0.00150	0.00385	0.00561	0.02949	0.00737
8	0.00687	0.00484	0.00598	0.00636	0.00740	0.00452	0.00486	0.00860	0.01121	0.01540	0.22037	0.22241	0.18547	0.01174	0.00572	0.00174	0.00286	0.15737	0.11200	0.00430
9	0.09639	0.00933	0.01123	0.00981	0.05579	0.00939	0.00746	0.13442	0.12700	0.39408	0.01612	0.01508	0.01101	0.00579	0.00458	0.00148	0.00417	0.00462	0.07471	0.00755
10	0.01150	0.00813	0.00846	0.00751	0.00939	0.10413	0.00573	0.01405	0.05642	0.17590	0.43221	0.02795	0.05535	0.05404	0.00639	0.00167	0.00367	0.00706	0.00494	0.00551
11	0.32786	0.01166	0.04508	0.00912	0.01273	0.01217	0.00778	0.32689	0.06255	0.12321	0.01115	0.01120	0.00793	0.00535	0.00417	0.00149	0.00459	0.00382	0.00420	0.00706

[dist]
# distance from previous block
# <min> <max>
0	2

[block]
# block no. 3 follows, 52 sequences, length 16
# corresponding to MSA columns:
# 246-261
name=unknown_D
#
# <colnr> <probs for GDERKNQSTAVLIFYWHMCP>
#	G	D	E	R	K	N	Q	S	T	A	V	L	I	F	Y	W	H	M	C	P
0	0.14891	0.04840	0.03187	0.03430	0.09796	0.18730	0.02740	0.07523	0.06670	0.05011	0.01161	0.06115	0.00989	0.00753	0.04974	0.00180	0.00592	0.01558	0.06257	0.00605
1	0.00770	0.00599	0.00873	0.06990	0.08730	0.00616	0.00748	0.00979	0.02735	0.01372	0.05298	0.27570	0.02440	0.04033	0.07301	0.00253	0.00484	0.27346	0.00394	0.00470
2	0.00627	0.00492	0.00570	0.00595	0.00709	0.00447	0.00429	0.00810	0.04412	0.01436	0.18161	0.30072	0.36981	0.01254	0.00584	0.00172	0.00260	0.01092	0.00468	0.00428
3	0.10206	0.00795	0.00954	0.00792	0.01083	0.00774	0.00636	0.01970	0.14609	0.40820	0.14022	0.02007	0.04417	0.00676	0.00479	0.00152	0.00362	0.00553	0.03997	0.00698
4	0.00635	0.00493	0.00578	0.00557	0.00693	0.00436	0.00417	0.00816	0.01252	0.01660	0.46231	0.04087	0.38209	0.01097	0.00572	0.00157	0.00236	0.00942	0.00496	0.00436
5	0.86392	0.00937	0.00712	0.00637	0.00937	0.01087	0.00525	0.01425	0.00825	0.02174	0.00675	0.00787	0.00525	0.00450	0.00300	0.00150	0.00375	0.00262	0.00300	0.00525
6	0.01205	0.01041	0.01096	0.00986	0.01260	0.01205	0.00767	0.02575	0.79071	0.02027	0.01972	0.01808	0.01479	0.00657	0.00493	0.00164	0.00384	0.00548	0.00493	0.00767
7	0.01880	0.01228	0.01366	0.01055	0.01434	0.01320	0.00869	0.58298	0.06072	0.19372	0.01364	0.01300	0.00938	0.00589	0.00486	0.00147	0.00500	0.00453	0.00510	0.00821
8	0.01121	0.01135	0.01480	0.01353	0.05985	0.05922	0.01058	0.01327	0.06246	0.01252	0.00752	0.01110	0.00702	0.00790	0.01383	0.00200	0.66960	0.00427	0.00235	0.00563
9	0.86392	0.00937	0.00712	0.00637	0.00937	0.01087	0.00525	0.01425	0.00825	0.02174	0.00675	0.00787	0.00525	0.00450	0.00300	0.00150	0.00375	0.00262	0.00300	0.00525
10	0.00917	0.00709	0.00947	0.00882	0.00945	0.00845	0.00674	0.01091	0.05275	0.06739	0.05628	0.23266	0.01823	0.13135	0.08584	0.00287	0.26660	0.00761	0.00351	0.00481
11	0.00596	0.00480	0.00532	0.00544	0.00675	0.00415	0.00398	0.00732	0.01123	0.01412	0.18161	0.17746	0.53018	0.01234	0.00580	0.00167	0.00248	0.01056	0.00465	0.00415
12	0.00604	0.00436	0.00575	0.00680	0.00723	0.00407	0.00470	0.00701	0.00953	0.01258	0.02797	0.72093	0.07747	0.01487	0.00620	0.00197	0.00292	0.07112	0.00450	0.00399
13	0.15894	0.00975	0.00949	0.00814	0.01074	0.09097	0.00649	0.15577	0.01348	0.18854	0.05510	0.06461	0.01325	0.00660	0.00443	0.00146	0.00426	0.03589	0.15587	0.00620
14	0.00703	0.00476	0.00560	0.00560	0.00571	0.00487	0.00333	0.00725	0.00714	0.00963	0.01498	0.03012	0.01693	0.72987	0.12354	0.00509	0.00574	0.00681	0.00289	0.00311
15	0.01208	0.63530	0.07767	0.00925	0.01313	0.01701	0.04164	0.01393	0.00962	0.01176	0.00759	0.00983	0.00701	0.04610	0.02915	0.00153	0.04604	0.00317	0.00215	0.00603

[dist]
# distance from previous block
# <min> <max>
0	1

[block]
# block no. 4 follows, 52 sequences, length 10
# corresponding to MSA columns:
# 263-272
name=unknown_E
#
# <colnr> <probs for GDERKNQSTAVLIFYWHMCP>
#	G	D	E	R	K	N	Q	S	T	A	V	L	I	F	Y	W	H	M	C	P
0	0.03293	0.05398	0.18016	0.04185	0.04088	0.02661	0.05627	0.19100	0.10972	0.10442	0.02850	0.08790	0.01158	0.00630	0.00486	0.00154	0.00536	0.00527	0.00383	0.00703
1	0.01144	0.01307	0.02859	0.02042	0.02533	0.01225	0.78186	0.01552	0.01144	0.01552	0.00980	0.01307	0.00735	0.00408	0.00572	0.00163	0.00817	0.00572	0.00245	0.00654
2	0.01264	0.01123	0.01254	0.04763	0.14727	0.08140	0.00905	0.02167	0.47413	0.06006	0.01787	0.01740	0.05307	0.00624	0.00489	0.00156	0.00465	0.00524	0.00420	0.00724
3	0.00651	0.00495	0.00660	0.00728	0.00751	0.00518	0.00504	0.00731	0.00890	0.01206	0.02358	0.67430	0.02810	0.07953	0.00872	0.00220	0.09191	0.01220	0.00412	0.00400
4	0.00973	0.00855	0.01433	0.46659	0.14146	0.00969	0.07295	0.01278	0.01013	0.01434	0.01029	0.01387	0.00796	0.00487	0.00460	0.00149	0.00561	0.00447	0.18065	0.00564
5	0.00842	0.00421	0.00631	0.00631	0.00631	0.00421	0.00421	0.00631	0.00631	0.00842	0.00842	0.01473	0.00842	0.01684	0.01894	0.85901	0.00421	0.00421	0.00210	0.00210
6	0.01013	0.00589	0.00686	0.04066	0.00866	0.00612	0.00503	0.05829	0.04973	0.07030	0.10121	0.01945	0.01563	0.00933	0.08720	0.00195	0.00393	0.00511	0.48936	0.00517
7	0.01045	0.10144	0.01173	0.00894	0.01010	0.04872	0.00732	0.04542	0.00964	0.01433	0.01164	0.08561	0.01082	0.00938	0.06271	0.00201	0.29401	0.00500	0.24559	0.00514
8	0.05590	0.10488	0.14559	0.05790	0.01876	0.09932	0.24661	0.04341	0.01091	0.01487	0.00911	0.02758	0.00743	0.00588	0.02499	0.00168	0.08937	0.00443	0.02521	0.00615
9	0.04607	0.26099	0.19656	0.01142	0.01602	0.06246	0.10625	0.06218	0.01174	0.14717	0.01045	0.03021	0.00801	0.00498	0.00432	0.00138	0.00594	0.00399	0.00306	0.00680

[dist]
# distance from previous block
# <min> <max>
0	4

[block]
# block no. 5 follows, 52 sequences, length 33
# corresponding to MSA columns:
# 287-319
name=unknown_F
#
# <colnr> <probs for GDERKNQSTAVLIFYWHMCP>
#	G	D	E	R	K	N	Q	S	T	A	V	L	I	F	Y	W	H	M	C	P
0	0.04569	0.01061	0.08760	0.22709	0.08040	0.02214	0.02816	0.04351	0.06196	0.04158	0.08989	0.03420	0.05194	0.00635	0.00601	0.00157	0.09151	0.00513	0.00315	0.06151
1	0.06084	0.28838	0.11115	0.01122	0.01462	0.08523	0.06318	0.06737	0.02414	0.04250	0.00816	0.00987	0.00676	0.00544	0.00653	0.00147	0.18071	0.00358	0.00257	0.00628
2	0.01151	0.03772	0.05108	0.03480	0.02176	0.04464	0.55662	0.03738	0.01160	0.01587	0.02789	0.01353	0.00856	0.00456	0.00546	0.00155	0.02168	0.00530	0.08219	0.00628
3	0.86392	0.00937	0.00712	0.00637	0.00937	0.01087	0.00525	0.01425	0.00825	0.02174	0.00675	0.00787	0.00525	0.00450	0.00300	0.00150	0.00375	0.00262	0.00300	0.00525
4	0.01950	0.01014	0.01228	0.00937	0.01321	0.00981	0.00772	0.28708	0.01662	0.46097	0.01554	0.01420	0.01024	0.00571	0.00475	0.00141	0.00449	0.00451	0.00531	0.08712
5	0.00672	0.00495	0.00629	0.00595	0.00715	0.00451	0.00446	0.00888	0.01339	0.01865	0.70507	0.03748	0.13805	0.01020	0.00572	0.00154	0.00231	0.00894	0.00523	0.00451
6	0.01725	0.01266	0.01364	0.01076	0.01440	0.01404	0.00879	0.58951	0.18280	0.06451	0.01367	0.01321	0.00979	0.00598	0.00487	0.00150	0.00496	0.00462	0.00492	0.00812
7	0.03737	0.00890	0.01081	0.00848	0.01181	0.00862	0.00695	0.19894	0.01522	0.47503	0.01655	0.01543	0.01104	0.00586	0.00458	0.00143	0.00409	0.00465	0.14668	0.00756
8	0.00605	0.00442	0.00572	0.00667	0.00719	0.00409	0.00464	0.00708	0.00975	0.01282	0.05180	0.65459	0.12368	0.01455	0.00615	0.00193	0.00287	0.06746	0.00452	0.00401
9	0.07893	0.07916	0.01161	0.00822	0.01146	0.00980	0.00685	0.20185	0.01452	0.33767	0.01471	0.01427	0.01020	0.00562	0.00429	0.00138	0.00411	0.00432	0.17393	0.00711
10	0.00688	0.00476	0.00566	0.00573	0.00598	0.00483	0.00355	0.00727	0.00754	0.01008	0.01774	0.07400	0.06832	0.60998	0.14344	0.00483	0.00572	0.00733	0.00307	0.00328
11	0.01810	0.02310	0.01373	0.01248	0.01498	0.81024	0.00936	0.01935	0.01373	0.01186	0.00749	0.00874	0.00624	0.00499	0.00437	0.00125	0.00874	0.00312	0.00250	0.00562
12	0.04128	0.01083	0.06913	0.01093	0.03018	0.05220	0.02584	0.07519	0.05589	0.06448	0.05320	0.11499	0.01308	0.01016	0.07154	0.00222	0.25902	0.00569	0.00333	0.03084
13	0.01250	0.64200	0.16798	0.00947	0.01409	0.04191	0.01008	0.01505	0.02641	0.01233	0.00739	0.00847	0.00638	0.00431	0.00346	0.00115	0.00563	0.00285	0.00214	0.00640
14	0.22408	0.04898	0.01070	0.00822	0.01119	0.03767	0.00674	0.32299	0.01499	0.05067	0.01132	0.01213	0.00847	0.00535	0.00395	0.00136	0.00428	0.00387	0.20660	0.00644
15	0.01405	0.01162	0.01207	0.01030	0.01336	0.03080	0.00816	0.24674	0.54915	0.02308	0.01709	0.01599	0.01269	0.00632	0.00489	0.00158	0.00438	0.00510	0.00485	0.00779
16	0.00915	0.00861	0.01453	0.81804	0.03338	0.01077	0.01346	0.01238	0.00969	0.01238	0.00861	0.01292	0.00646	0.00484	0.00484	0.00161	0.00646	0.00431	0.00215	0.00538
17	0.00601	0.00439	0.00566	0.00647	0.00700	0.00403	0.00442	0.00708	0.01004	0.01336	0.12871	0.64168	0.11490	0.01419	0.00608	0.00188	0.00271	0.01275	0.00461	0.00403
18	0.00596	0.00430	0.00566	0.00672	0.00711	0.00400	0.00457	0.00687	0.00944	0.01248	0.02789	0.75691	0.07362	0.01496	0.00618	0.00196	0.00285	0.04004	0.00450	0.00396
19	0.01744	0.00731	0.00978	0.00782	0.01087	0.00637	0.00634	0.01936	0.01364	0.58006	0.18778	0.02281	0.07391	0.00727	0.00511	0.00151	0.00361	0.00608	0.00575	0.00717
20	0.86392	0.00937	0.00712	0.00637	0.00937	0.01087	0.00525	0.01425	0.00825	0.02174	0.00675	0.00787	0.00525	0.00450	0.00300	0.00150	0.00375	0.00262	0.00300	0.00525
21	0.00700	0.00490	0.00629	0.00629	0.00664	0.00524	0.00419	0.00769	0.00734	0.01014	0.01435	0.02662	0.01541	0.51115	0.34018	0.00594	0.00802	0.00630	0.00280	0.00349
22	0.01807	0.01030	0.11418	0.00905	0.01294	0.00772	0.00827	0.05938	0.01369	0.56176	0.07452	0.01848	0.05625	0.00643	0.00494	0.00151	0.00436	0.00525	0.00529	0.00762
23	0.00964	0.00933	0.01429	0.66311	0.08725	0.05395	0.01276	0.01258	0.00998	0.01261	0.00977	0.06558	0.00820	0.00549	0.00490	0.00161	0.00629	0.00486	0.00234	0.00547
24	0.86392	0.00937	0.00712	0.00637	0.00937	0.01087	0.00525	0.01425	0.00825	0.02174	0.00675	0.00787	0.00525	0.00450	0.00300	0.00150	0.00375	0.00262	0.00300	0.00525
25	0.00932	0.00730	0.01035	0.00948	0.01053	0.00835	0.04873	0.03652	0.05202	0.06385	0.01705	0.29016	0.01789	0.04458	0.13819	0.00296	0.19511	0.02895	0.00360	0.00506
26	0.00606	0.00490	0.00539	0.00531	0.00676	0.00423	0.00397	0.00759	0.01178	0.01494	0.26843	0.06450	0.55585	0.01166	0.00574	0.00161	0.00241	0.00989	0.00475	0.00423
27	0.00791	0.00536	0.00659	0.00682	0.00780	0.00523	0.00486	0.06352	0.02553	0.04734	0.08108	0.47210	0.09607	0.05093	0.03988	0.00216	0.00347	0.01066	0.05813	0.00456
28	0.00818	0.00646	0.01028	0.01010	0.01170	0.00632	0.10403	0.01064	0.01142	0.01507	0.09280	0.04782	0.02693	0.01192	0.00648	0.00209	0.00473	0.60401	0.00429	0.00473
29	0.00633	0.00476	0.00582	0.00615	0.00708	0.00452	0.00445	0.00757	0.00983	0.01290	0.08029	0.26092	0.28819	0.08020	0.14260	0.00300	0.00455	0.03645	0.03033	0.00405
30	0.01279	0.69391	0.12199	0.00918	0.01362	0.05534	0.00954	0.01484	0.01008	0.01191	0.00702	0.00813	0.00621	0.00424	0.00335	0.00111	0.00560	0.00274	0.00209	0.00631
31	0.01472	0.01080	0.01163	0.00969	0.01270	0.02545	0.00773	0.31792	0.29118	0.09383	0.06255	0.05212	0.03236	0.00688	0.00496	0.00154	0.00432	0.00559	0.02663	0.00740
32	0.03569	0.01052	0.01383	0.01126	0.02882	0.02461	0.12106	0.25545	0.10306	0.11738	0.09137	0.04792	0.04876	0.02079	0.00575	0.00163	0.02427	0.02657	0.00442	0.00684

[dist]
# distance from previous block
# <min> <max>
0	2

[block]
# block no. 6 follows, 52 sequences, length 8
# corresponding to MSA columns:
# 322-329
name=unknown_G
#
# <colnr> <probs for GDERKNQSTAVLIFYWHMCP>
#	G	D	E	R	K	N	Q	S	T	A	V	L	I	F	Y	W	H	M	C	P
0	0.01433	0.14104	0.01600	0.06503	0.08097	0.16772	0.03990	0.17946	0.19199	0.01818	0.01236	0.01298	0.02815	0.00547	0.00456	0.00141	0.00578	0.00429	0.00350	0.00689
1	0.72655	0.00895	0.00737	0.00648	0.00943	0.01010	0.00532	0.01499	0.00893	0.09900	0.00855	0.00937	0.00637	0.00472	0.00321	0.00148	0.00369	0.00297	0.05703	0.00550
2	0.01152	0.32602	0.01937	0.05491	0.31166	0.01354	0.01053	0.01442	0.05936	0.01424	0.05791	0.06505	0.01140	0.00546	0.00431	0.00135	0.00505	0.00461	0.00273	0.00658
3	0.00787	0.00580	0.00694	0.00661	0.00811	0.00558	0.00503	0.03463	0.08758	0.04115	0.40433	0.10203	0.20981	0.01048	0.00567	0.00163	0.00277	0.04406	0.00500	0.00493
4	0.00592	0.00441	0.00551	0.00630	0.00693	0.00401	0.00432	0.00693	0.00992	0.01293	0.07512	0.60933	0.20223	0.01424	0.00606	0.00187	0.00270	0.01271	0.00455	0.00401
5	0.00915	0.00861	0.01453	0.81804	0.03338	0.01077	0.01346	0.01238	0.00969	0.01238	0.00861	0.01292	0.00646	0.00484	0.00484	0.00161	0.00646	0.00431	0.00215	0.00538
6	0.01034	0.01027	0.05646	0.20017	0.08233	0.03846	0.04538	0.04148	0.22490	0.01713	0.16776	0.01996	0.05152	0.00658	0.00508	0.00157	0.00485	0.00575	0.00377	0.00624
7	0.00653	0.00475	0.00624	0.00698	0.00775	0.00447	0.00524	0.00801	0.01073	0.01427	0.17131	0.41461	0.10951	0.01348	0.00618	0.00192	0.00308	0.19609	0.00464	0.00420

[dist]
# distance from previous block
# <min> <max>
1	3

[block]
# block no. 7 follows, 52 sequences, length 17
# corresponding to MSA columns:
# 333-349
name=unknown_H
#
# <colnr> <probs for GDERKNQSTAVLIFYWHMCP>
#	G	D	E	R	K	N	Q	S	T	A	V	L	I	F	Y	W	H	M	C	P
0	0.01299	0.00651	0.00848	0.00743	0.00956	0.00593	0.00574	0.05377	0.01309	0.32440	0.23731	0.20752	0.06781	0.00950	0.00545	0.00162	0.00329	0.00824	0.00533	0.00603
1	0.20337	0.00882	0.01046	0.00922	0.01033	0.01110	0.00756	0.01101	0.00857	0.01433	0.01773	0.01950	0.21504	0.00858	0.01028	0.00185	0.41889	0.00545	0.00295	0.00497
2	0.21492	0.00978	0.01024	0.00849	0.01182	0.01029	0.00681	0.08394	0.28520	0.14555	0.01400	0.01351	0.01025	0.00542	0.00423	0.00141	0.00394	0.00417	0.00429	0.15171
3	0.00963	0.01151	0.15612	0.00856	0.01259	0.04138	0.00794	0.01216	0.01002	0.01483	0.01128	0.12116	0.01064	0.02054	0.02891	0.00134	0.00467	0.00463	0.00292	0.50921
4	0.13205	0.09435	0.01410	0.01064	0.01344	0.24615	0.10366	0.05664	0.04216	0.03637	0.01480	0.07309	0.10095	0.00657	0.00498	0.00147	0.03451	0.00516	0.00320	0.00572
5	0.01237	0.00930	0.01035	0.00916	0.01146	0.01044	0.00705	0.11292	0.48926	0.04918	0.01615	0.01648	0.01244	0.00879	0.00810	0.19659	0.00411	0.00503	0.00432	0.00650
6	0.43523	0.00890	0.00921	0.00757	0.01091	0.00919	0.00623	0.01911	0.04670	0.38306	0.01307	0.01233	0.00881	0.00529	0.00395	0.00151	0.00393	0.00380	0.00448	0.00675
7	0.00836	0.00561	0.00707	0.00648	0.00799	0.00528	0.00493	0.01134	0.06865	0.08304	0.62231	0.03408	0.09697	0.00953	0.00559	0.00154	0.00256	0.00832	0.00530	0.00506
8	0.00596	0.00428	0.00565	0.00665	0.00702	0.00398	0.00448	0.00690	0.00960	0.01282	0.07337	0.75291	0.05889	0.01477	0.00614	0.00193	0.00277	0.01336	0.00455	0.00398
9	0.01141	0.01189	0.01504	0.19600	0.01832	0.12134	0.05225	0.02561	0.03377	0.01264	0.00813	0.02812	0.00725	0.00698	0.01056	0.00183	0.42653	0.00442	0.00238	0.00552
10	0.00641	0.00477	0.00597	0.00601	0.00705	0.00433	0.00438	0.00815	0.01215	0.01652	0.46834	0.22361	0.19124	0.01161	0.00583	0.00165	0.00244	0.01023	0.00497	0.00433
11	0.01149	0.01073	0.01675	0.16950	0.48031	0.01150	0.01298	0.01689	0.18809	0.01621	0.01144	0.01355	0.00907	0.00493	0.00484	0.00152	0.00545	0.00458	0.00293	0.00726
12	0.00772	0.00446	0.00579	0.00579	0.00579	0.00446	0.00356	0.00669	0.00669	0.00892	0.01190	0.02337	0.01310	0.43017	0.02185	0.42459	0.00446	0.00565	0.00253	0.00253
13	0.01421	0.00977	0.01086	0.00937	0.01234	0.01064	0.00740	0.05897	0.53706	0.19832	0.02079	0.01896	0.05582	0.00671	0.00496	0.00160	0.00390	0.00554	0.00515	0.00764
14	0.27751	0.29745	0.01492	0.00808	0.01130	0.04725	0.00699	0.13562	0.03887	0.01800	0.02863	0.01146	0.00845	0.07131	0.00527	0.00158	0.00475	0.00352	0.00307	0.00596
15	0.01214	0.01048	0.01160	0.17968	0.01648	0.07489	0.00864	0.20929	0.19103	0.01891	0.03472	0.13995	0.05626	0.00759	0.00510	0.00160	0.00489	0.00636	0.00405	0.00633
16	0.05972	0.01153	0.01163	0.00896	0.01274	0.09929	0.00721	0.20481	0.01375	0.08029	0.00989	0.01069	0.00759	0.00465	0.00436	0.00110	0.02467	0.00344	0.00355	0.42015

[dist]
# distance from previous block
# <min> <max>
3	5

[block]
# block no. 8 follows, 52 sequences, length 39
# corresponding to MSA columns:
# 355-393
name=unknown_I
#
# <colnr> <probs for GDERKNQSTAVLIFYWHMCP>
#	G	D	E	R	K	N	Q	S	T	A	V	L	I	F	Y	W	H	M	C	P
0	0.16246	0.01115	0.01107	0.00931	0.01215	0.06529	0.00739	0.38616	0.01621	0.06775	0.01421	0.18824	0.01298	0.00758	0.00479	0.00156	0.00467	0.00605	0.00436	0.00661
1	0.01330	0.77779	0.02460	0.00858	0.01261	0.07274	0.00836	0.01484	0.01011	0.01143	0.00679	0.00784	0.00622	0.00420	0.00319	0.00105	0.00542	0.00263	0.00210	0.00618
2	0.01734	0.01264	0.01364	0.01075	0.01439	0.01399	0.00879	0.58934	0.17507	0.07245	0.01367	0.01319	0.00976	0.00598	0.00487	0.00149	0.00497	0.00461	0.00493	0.00813
3	0.66042	0.00984	0.00857	0.00727	0.01046	0.01106	0.00599	0.12175	0.01084	0.10306	0.00869	0.00928	0.00635	0.00483	0.00345	0.00149	0.00401	0.00310	0.00356	0.00597
4	0.86392	0.00937	0.00712	0.00637	0.00937	0.01087	0.00525	0.01425	0.00825	0.02174	0.00675	0.00787	0.00525	0.00450	0.00300	0.00150	0.00375	0.00262	0.00300	0.00525
5	0.01679	0.01200	0.01280	0.01000	0.01340	0.01321	0.00820	0.64945	0.02060	0.02838	0.01236	0.01275	0.00897	0.00579	0.00459	0.00140	0.00480	0.00439	0.15252	0.00760
6	0.00680	0.00494	0.00640	0.00607	0.00721	0.00454	0.00454	0.00902	0.01353	0.01906	0.75424	0.05361	0.07162	0.01010	0.00573	0.00154	0.00230	0.00892	0.00529	0.00454
7	0.00754	0.00452	0.00565	0.00565	0.00565	0.00452	0.00339	0.00679	0.00679	0.00905	0.01282	0.02565	0.01433	0.53943	0.02262	0.30976	0.00452	0.00603	0.00264	0.00264
8	0.01192	0.01719	0.38376	0.01151	0.01627	0.01113	0.01237	0.27333	0.01433	0.01993	0.01368	0.14956	0.02968	0.00698	0.00498	0.00158	0.00570	0.00572	0.00347	0.00691
9	0.00593	0.00441	0.00555	0.00644	0.00703	0.00402	0.00444	0.00690	0.00971	0.01259	0.03135	0.63753	0.19198	0.01451	0.00611	0.00191	0.00279	0.03831	0.00450	0.00399
10	0.06322	0.01588	0.01452	0.01443	0.14711	0.27683	0.00994	0.29343	0.06480	0.02032	0.00996	0.01091	0.00769	0.00533	0.00484	0.00141	0.02497	0.00392	0.00350	0.00701
11	0.00696	0.00466	0.00531	0.00539	0.00541	0.00464	0.00305	0.00703	0.00721	0.00962	0.01611	0.09023	0.01868	0.76972	0.02330	0.00450	0.00456	0.00754	0.00305	0.00301
12	0.04175	0.01212	0.01376	0.02741	0.17645	0.06544	0.00969	0.18943	0.35230	0.02079	0.01402	0.01419	0.01067	0.00578	0.00503	0.00154	0.02338	0.00470	0.00406	0.00749
13	0.00915	0.00861	0.01453	0.81804	0.03338	0.01077	0.01346	0.01238	0.00969	0.01238	0.00861	0.01292	0.00646	0.00484	0.00484	0.00161	0.00646	0.00431	0.00215	0.00538
14	0.00998	0.00918	0.01163	0.21408	0.10276	0.06277	0.00886	0.01400	0.11656	0.01615	0.20837	0.01913	0.03050	0.00621	0.00484	0.00140	0.00459	0.00536	0.00354	0.15010
15	0.00653	0.00468	0.00620	0.00719	0.00777	0.00447	0.00532	0.00774	0.00976	0.01283	0.02673	0.50882	0.06764	0.06967	0.00756	0.00221	0.00340	0.23305	0.00438	0.00403
16	0.86392	0.00937	0.00712	0.00637	0.00937	0.01087	0.00525	0.01425	0.00825	0.02174	0.00675	0.00787	0.00525	0.00450	0.00300	0.00150	0.00375	0.00262	0.00300	0.00525
17	0.00683	0.00530	0.00675	0.00707	0.04762	0.00483	0.00497	0.00884	0.01270	0.01721	0.50816	0.03874	0.26140	0.01045	0.00571	0.00158	0.00260	0.03974	0.00491	0.00459
18	0.00915	0.00861	0.01453	0.81804	0.03338	0.01077	0.01346	0.01238	0.00969	0.01238	0.00861	0.01292	0.00646	0.00484	0.00484	0.00161	0.00646	0.00431	0.00215	0.00538
19	0.43851	0.01094	0.01029	0.00850	0.01176	0.01237	0.00696	0.31257	0.07848	0.02495	0.03566	0.01110	0.00852	0.00536	0.00396	0.00149	0.00432	0.00373	0.00395	0.00658
20	0.01113	0.00543	0.00659	0.00601	0.00742	0.00527	0.00453	0.03744	0.01064	0.14908	0.08179	0.01845	0.01421	0.00901	0.02127	0.18508	0.00328	0.00488	0.41373	0.00475
21	0.01236	0.44427	0.15086	0.12406	0.04037	0.06164	0.04044	0.05059	0.01081	0.01339	0.00778	0.00946	0.00642	0.00445	0.00390	0.00127	0.00603	0.00328	0.00226	0.00637
22	0.01674	0.01235	0.01331	0.01042	0.01391	0.01360	0.00853	0.64856	0.06329	0.02860	0.08351	0.01441	0.01213	0.00622	0.00489	0.00146	0.00488	0.00483	0.03060	0.00776
23	0.01203	0.01079	0.01690	0.31905	0.38264	0.01183	0.01339	0.14386	0.01252	0.01704	0.00935	0.01228	0.00732	0.00477	0.00482	0.00151	0.00595	0.00432	0.00272	0.00692
24	0.00903	0.00452	0.00452	0.00452	0.00565	0.00452	0.00339	0.01129	0.01016	0.01807	0.01581	0.01807	0.01242	0.00565	0.00339	0.00113	0.00226	0.00452	0.85659	0.00452
25	0.00589	0.00428	0.00556	0.00658	0.00698	0.00395	0.00442	0.00677	0.00944	0.01244	0.02877	0.75483	0.10242	0.01491	0.00614	0.00194	0.00278	0.01345	0.00450	0.00395
26	0.00705	0.00470	0.00529	0.00529	0.00529	0.00470	0.00294	0.00705	0.00705	0.00940	0.01527	0.03171	0.01762	0.82969	0.02467	0.00470	0.00470	0.00705	0.00294	0.00294
27	0.01842	0.01357	0.01454	0.01115	0.01503	0.01503	0.00921	0.78330	0.02278	0.03054	0.01163	0.01163	0.00824	0.00582	0.00485	0.00145	0.00533	0.00436	0.00485	0.00824
28	0.86392	0.00937	0.00712	0.00637	0.00937	0.01087	0.00525	0.01425	0.00825	0.02174	0.00675	0.00787	0.00525	0.00450	0.00300	0.00150	0.00375	0.00262	0.00300	0.00525
29	0.07743	0.01046	0.01229	0.00949	0.01324	0.01055	0.00783	0.32824	0.01707	0.43961	0.01527	0.01396	0.01003	0.00582	0.00474	0.00148	0.00458	0.00452	0.00533	0.00804
30	0.00939	0.00886	0.01497	0.75189	0.09766	0.01083	0.01358	0.01259	0.00980	0.01267	0.00866	0.01284	0.00656	0.00480	0.00484	0.00160	0.00640	0.00431	0.00217	0.00558
31	0.86392	0.00937	0.00712	0.00637	0.00937	0.01087	0.00525	0.01425	0.00825	0.02174	0.00675	0.00787	0.00525	0.00450	0.00300	0.00150	0.00375	0.00262	0.00300	0.00525
32	0.00968	0.02395	0.75109	0.06827	0.02181	0.01122	0.01760	0.01515	0.01019	0.01515	0.00869	0.01041	0.00616	0.00462	0.00462	0.00154	0.00711	0.00363	0.00205	0.00704
33	0.00686	0.00495	0.00648	0.00610	0.00724	0.00457	0.00457	0.00914	0.01372	0.01943	0.79691	0.03620	0.04572	0.00991	0.00572	0.00152	0.00229	0.00876	0.00533	0.00457
34	0.00844	0.00464	0.00505	0.00495	0.00608	0.00453	0.00371	0.01070	0.01114	0.01844	0.22972	0.02303	0.02154	0.00681	0.00403	0.00124	0.00227	0.00568	0.62347	0.00453
35	0.01460	0.00794	0.00943	0.00800	0.01066	0.00800	0.00635	0.03403	0.25248	0.31120	0.11435	0.01960	0.01702	0.00659	0.00473	0.00148	0.00350	0.00547	0.15764	0.00695
36	0.00664	0.00485	0.00603	0.00657	0.00735	0.00458	0.00485	0.00787	0.01004	0.01307	0.09495	0.25603	0.18373	0.17249	0.00978	0.00246	0.00347	0.19703	0.00426	0.00396
37	0.01077	0.02252	0.65341	0.01446	0.06400	0.01144	0.03410	0.06245	0.03318	0.03529	0.00948	0.01085	0.00676	0.00474	0.00467	0.00153	0.00683	0.00380	0.00242	0.00728
38	0.01175	0.00856	0.01022	0.00739	0.01161	0.00656	0.00594	0.01386	0.01060	0.13001	0.01014	0.01098	0.00788	0.00394	0.00378	0.00083	0.00367	0.00316	0.00332	0.73581

[dist]
# distance from previous block
# <min> <max>
0	13

[block]
# block no. 9 follows, 52 sequences, length 13
# corresponding to MSA columns:
# 408-420
name=unknown_J
#
# <colnr> <probs for GDERKNQSTAVLIFYWHMCP>
#	G	D	E	R	K	N	Q	S	T	A	V	L	I	F	Y	W	H	M	C	P
0	0.07594	0.08476	0.01688	0.10656	0.27043	0.09833	0.04882	0.07927	0.01196	0.10107	0.00967	0.01150	0.00750	0.00498	0.00516	0.00146	0.05187	0.00404	0.00298	0.00681
1	0.19748	0.12273	0.01630	0.03942	0.06997	0.24076	0.11440	0.05274	0.02588	0.03221	0.00832	0.00993	0.00666	0.00483	0.00466	0.00141	0.03988	0.00361	0.00274	0.00608
2	0.01161	0.00831	0.00982	0.00874	0.01039	0.06390	0.00684	0.10934	0.01123	0.12993	0.05726	0.01841	0.01312	0.09003	0.36034	0.00455	0.07201	0.00518	0.00352	0.00545
3	0.00916	0.00701	0.00844	0.11405	0.01211	0.00753	0.00645	0.01459	0.24091	0.04275	0.13931	0.11208	0.14766	0.00857	0.00512	0.00159	0.00344	0.00735	0.10633	0.00556
4	0.00592	0.00452	0.00544	0.00604	0.00687	0.00404	0.00421	0.00701	0.01026	0.01320	0.09692	0.48566	0.30500	0.01372	0.00598	0.00181	0.00264	0.01211	0.00457	0.00404
5	0.00661	0.00482	0.00622	0.00613	0.00716	0.00443	0.00450	0.00857	0.01274	0.01774	0.60890	0.17795	0.09410	0.01101	0.00580	0.00161	0.00239	0.00976	0.00513	0.00443
6	0.02174	0.00825	0.01125	0.00862	0.01237	0.00712	0.00712	0.02362	0.01387	0.80282	0.01912	0.01649	0.01200	0.00600	0.00487	0.00150	0.00412	0.00487	0.00600	0.00825
7	0.00683	0.00498	0.00662	0.00754	0.00842	0.00476	0.00598	0.00844	0.01057	0.01377	0.06094	0.33115	0.12294	0.01375	0.00635	0.00204	0.00353	0.37263	0.00452	0.00423
8	0.02174	0.00825	0.01125	0.00862	0.01237	0.00712	0.00712	0.02362	0.01387	0.80282	0.01912	0.01649	0.01200	0.00600	0.00487	0.00150	0.00412	0.00487	0.00600	0.00825
9	0.01205	0.01041	0.01096	0.00986	0.01260	0.01205	0.00767	0.02575	0.79071	0.02027	0.01972	0.01808	0.01479	0.00657	0.00493	0.00164	0.00384	0.00548	0.00493	0.00767
10	0.00604	0.00431	0.00578	0.00690	0.00724	0.00405	0.00473	0.00698	0.00941	0.01252	0.02664	0.77271	0.03176	0.01506	0.00622	0.00199	0.00293	0.06628	0.00450	0.00397
11	0.01800	0.01336	0.01430	0.01106	0.01487	0.01483	0.00911	0.73294	0.07384	0.02986	0.01217	0.01206	0.00868	0.00587	0.00485	0.00147	0.00523	0.00444	0.00485	0.00820
12	0.01162	0.01109	0.01869	0.13300	0.67070	0.01143	0.01443	0.01493	0.03834	0.01553	0.00942	0.01233	0.00777	0.00447	0.00481	0.00147	0.00578	0.00436	0.00246	0.00737

[dist]
# distance from previous block
# <min> <max>
0	24

[block]
# block no. 10 follows, 52 sequences, length 13
# corresponding to MSA columns:
# 445-457
name=unknown_K
#
# <colnr> <probs for GDERKNQSTAVLIFYWHMCP>
#	G	D	E	R	K	N	Q	S	T	A	V	L	I	F	Y	W	H	M	C	P
0	0.00676	0.00493	0.00621	0.00596	0.00696	0.00465	0.00432	0.00851	0.01186	0.01643	0.52215	0.03533	0.12572	0.14426	0.07262	0.00255	0.00354	0.00837	0.00463	0.00423
1	0.00607	0.00475	0.00511	0.00529	0.00632	0.00421	0.00363	0.00694	0.00981	0.01209	0.03747	0.16472	0.49065	0.20918	0.01035	0.00242	0.00305	0.01002	0.00412	0.00379
2	0.00626	0.00483	0.00572	0.00571	0.00693	0.00429	0.00420	0.00791	0.01199	0.01584	0.38231	0.15374	0.34957	0.01163	0.00579	0.00163	0.00243	0.01008	0.00488	0.00429
3	0.00657	0.00490	0.00610	0.00588	0.00708	0.00444	0.00438	0.00856	0.01292	0.01772	0.59887	0.08154	0.20177	0.01069	0.00574	0.00157	0.00235	0.00934	0.00511	0.00444
4	0.01430	0.00881	0.01002	0.00859	0.01123	0.00928	0.00693	0.19793	0.18749	0.18102	0.01761	0.03984	0.01388	0.00696	0.00477	0.00152	0.00394	0.07977	0.18927	0.00683
5	0.18090	0.00574	0.00566	0.00559	0.00728	0.00552	0.00422	0.00872	0.01063	0.01564	0.14099	0.13169	0.43950	0.01071	0.00522	0.00163	0.00274	0.00890	0.00431	0.00437
6	0.18370	0.00902	0.01347	0.58443	0.09466	0.01085	0.01191	0.01298	0.00951	0.01459	0.00828	0.01181	0.00632	0.00473	0.00446	0.00158	0.00585	0.00396	0.00235	0.00555
7	0.01019	0.00841	0.01053	0.13444	0.01467	0.00706	0.00688	0.01251	0.01010	0.03730	0.00924	0.01106	0.00744	0.00395	0.00381	0.00090	0.00399	0.00323	0.04285	0.66142
8	0.07679	0.01005	0.01415	0.45482	0.06360	0.07106	0.04666	0.01561	0.01089	0.17454	0.01061	0.01291	0.00758	0.00500	0.00471	0.00155	0.00600	0.00427	0.00305	0.00614
9	0.01048	0.00667	0.00822	0.00804	0.00971	0.00668	0.00618	0.04249	0.15765	0.14695	0.04209	0.32755	0.06596	0.01113	0.00573	0.00182	0.00354	0.12863	0.00486	0.00562
10	0.18428	0.01020	0.04340	0.39879	0.24601	0.01102	0.01235	0.01358	0.00980	0.01538	0.00838	0.01153	0.00655	0.00462	0.00445	0.00154	0.00573	0.00394	0.00239	0.00607
11	0.00663	0.00481	0.00625	0.00618	0.00717	0.00443	0.00452	0.00860	0.01276	0.01784	0.62071	0.18812	0.07179	0.01101	0.00581	0.00161	0.00239	0.00978	0.00514	0.00443
12	0.00714	0.00592	0.00828	0.11022	0.07262	0.00606	0.00657	0.00878	0.01050	0.01396	0.15702	0.32102	0.19119	0.01120	0.00620	0.00174	0.04311	0.00978	0.00407	0.00462

[dist]
# distance from previous block
# <min> <max>
1	6

[block]
# block no. 11 follows, 52 sequences, length 13
# corresponding to MSA columns:
# 464-476
name=unknown_L
#
# <colnr> <probs for GDERKNQSTAVLIFYWHMCP>
#	G	D	E	R	K	N	Q	S	T	A	V	L	I	F	Y	W	H	M	C	P
0	0.03344	0.05726	0.03299	0.04843	0.02731	0.07109	0.09540	0.15512	0.10864	0.08247	0.02709	0.01365	0.02960	0.00538	0.00491	0.00137	0.02967	0.00441	0.01748	0.15429
1	0.52686	0.00981	0.00983	0.11534	0.04026	0.01110	0.00731	0.10814	0.03408	0.05549	0.00867	0.00990	0.00650	0.00479	0.00369	0.00148	0.00438	0.00331	0.00328	0.03578
2	0.04307	0.00869	0.01016	0.00805	0.01136	0.00804	0.00648	0.16880	0.01343	0.17688	0.04549	0.05771	0.07804	0.00768	0.03783	0.00155	0.00428	0.02282	0.00424	0.28541
3	0.01460	0.00949	0.01112	0.00835	0.01227	0.00854	0.00678	0.17993	0.03629	0.20331	0.01229	0.01241	0.00894	0.00479	0.00419	0.00110	0.00405	0.00379	0.03436	0.42339
4	0.01182	0.27254	0.01443	0.00824	0.01128	0.01206	0.00703	0.04289	0.24722	0.07410	0.04878	0.04067	0.12864	0.00696	0.00451	0.00142	0.00406	0.02274	0.00395	0.03666
5	0.01544	0.00954	0.01054	0.00874	0.01158	0.04446	0.00699	0.18800	0.15610	0.24673	0.08671	0.01746	0.01453	0.00740	0.03327	0.00168	0.00443	0.00511	0.12426	0.00703
6	0.00708	0.00547	0.00688	0.00687	0.00830	0.00465	0.00485	0.00830	0.00950	0.01334	0.02157	0.59444	0.02498	0.01189	0.00545	0.00161	0.00303	0.01068	0.00404	0.24709
7	0.01005	0.00861	0.01005	0.00718	0.01148	0.00646	0.00574	0.01220	0.01005	0.01579	0.00861	0.01005	0.00718	0.00359	0.00359	0.00072	0.00359	0.00287	0.00287	0.85932
8	0.00763	0.00688	0.01227	0.01047	0.01225	0.00641	0.22546	0.00964	0.01067	0.01445	0.14894	0.44197	0.05049	0.01107	0.00596	0.00179	0.00424	0.01056	0.00405	0.00478
9	0.00605	0.00446	0.00566	0.00634	0.00699	0.00407	0.00438	0.00721	0.01035	0.01374	0.16699	0.56300	0.15541	0.01379	0.00603	0.00184	0.00266	0.01233	0.00465	0.00407
10	0.01748	0.01376	0.12936	0.01084	0.01509	0.01237	0.00988	0.43470	0.07386	0.21226	0.01357	0.01305	0.00930	0.00574	0.00482	0.00149	0.00520	0.00445	0.00472	0.00804
11	0.00842	0.00421	0.00631	0.00631	0.00631	0.00421	0.00421	0.00631	0.00631	0.00842	0.00842	0.01473	0.00842	0.01684	0.01894	0.85901	0.00421	0.00421	0.00210	0.00210
12	0.01132	0.01197	0.02448	0.04640	0.02266	0.01170	0.60535	0.04887	0.01149	0.01594	0.01021	0.01343	0.00782	0.00554	0.03200	0.00181	0.04509	0.00544	0.06217	0.00630

[dist]
# distance from previous block
# <min> <max>
0	14

[block]
# block no. 12 follows, 52 sequences, length 22
# corresponding to MSA columns:
# 491-512
name=unknown_M
#
# <colnr> <probs for GDERKNQSTAVLIFYWHMCP>
#	G	D	E	R	K	N	Q	S	T	A	V	L	I	F	Y	W	H	M	C	P
0	0.00981	0.01362	0.23042	0.44825	0.15228	0.01114	0.01481	0.01357	0.00998	0.01372	0.00865	0.01197	0.00656	0.00481	0.00511	0.00158	0.03122	0.00411	0.00216	0.00623
1	0.01118	0.00831	0.00934	0.00818	0.01050	0.00873	0.00647	0.17419	0.21152	0.05951	0.24623	0.02807	0.14272	0.00856	0.00535	0.00159	0.00353	0.04481	0.00499	0.00622
2	0.00832	0.23025	0.01113	0.00653	0.00849	0.00850	0.00545	0.00969	0.01059	0.01327	0.15068	0.03273	0.27152	0.09979	0.00756	0.02508	0.00368	0.08841	0.00373	0.00461
3	0.01339	0.47980	0.05839	0.01113	0.01531	0.12184	0.13286	0.05331	0.01128	0.01345	0.00774	0.00916	0.00654	0.00433	0.00387	0.00119	0.00616	0.00331	0.00236	0.04458
4	0.00980	0.00861	0.01127	0.22790	0.01744	0.00763	0.00784	0.01225	0.00995	0.01486	0.00861	0.01083	0.00698	0.00393	0.00393	0.00096	0.00437	0.00326	0.00268	0.62687
5	0.00661	0.00491	0.00615	0.00591	0.00710	0.00446	0.00441	0.00864	0.01303	0.01796	0.62615	0.07487	0.18071	0.01058	0.00574	0.00157	0.00234	0.00926	0.00515	0.00446
6	0.00590	0.00425	0.00559	0.00665	0.00700	0.00394	0.00446	0.00676	0.00937	0.01241	0.02784	0.78700	0.07085	0.01503	0.00616	0.00195	0.00279	0.01360	0.00450	0.00394
7	0.01613	0.00703	0.00929	0.00754	0.01040	0.00612	0.00607	0.01801	0.01346	0.51423	0.20693	0.02510	0.12279	0.00774	0.00518	0.00152	0.00347	0.00649	0.00565	0.00683
8	0.00880	0.00496	0.00608	0.00601	0.00688	0.00482	0.00422	0.01011	0.03461	0.07183	0.11878	0.17230	0.02058	0.12994	0.00997	0.13948	0.00322	0.00717	0.23606	0.00417
9	0.30613	0.00869	0.00984	0.00790	0.01136	0.00853	0.00650	0.02051	0.03351	0.51712	0.01495	0.01362	0.00979	0.00551	0.00424	0.00150	0.00399	0.00413	0.00495	0.00722
10	0.00927	0.00874	0.01475	0.78479	0.06569	0.01080	0.01352	0.01249	0.00975	0.01253	0.00863	0.01288	0.00651	0.00482	0.00484	0.00161	0.00643	0.00431	0.00216	0.00548
11	0.31720	0.24987	0.03470	0.00803	0.01134	0.02703	0.00712	0.08428	0.01077	0.10714	0.00928	0.01074	0.00742	0.04570	0.00497	0.00153	0.03064	0.00338	0.02279	0.00607
12	0.01627	0.10440	0.03999	0.01201	0.04980	0.41610	0.00932	0.15163	0.06152	0.04147	0.01123	0.01185	0.04283	0.00546	0.00446	0.00133	0.00686	0.00387	0.00319	0.00642
13	0.01078	0.06545	0.09956	0.01034	0.01354	0.01067	0.09318	0.07544	0.29897	0.01792	0.10091	0.02062	0.08619	0.04239	0.03090	0.00188	0.00491	0.00586	0.00399	0.00648
14	0.00623	0.00461	0.00583	0.00646	0.00722	0.00425	0.00464	0.00751	0.01049	0.01382	0.15778	0.45441	0.18174	0.03041	0.00645	0.00191	0.00285	0.08468	0.00460	0.00410
15	0.01056	0.01094	0.01596	0.01283	0.01469	0.10580	0.23909	0.01239	0.00934	0.01230	0.01020	0.01665	0.00974	0.18819	0.10273	0.00307	0.21266	0.00527	0.00249	0.00509
16	0.00740	0.00464	0.00597	0.00597	0.00611	0.00478	0.00378	0.00710	0.00697	0.00943	0.01304	0.02506	0.01423	0.48120	0.14913	0.23774	0.00589	0.00598	0.00266	0.00293
17	0.00852	0.00674	0.00894	0.00859	0.00939	0.00794	0.00654	0.01129	0.10945	0.03729	0.01663	0.23792	0.01716	0.08138	0.24268	0.00384	0.16986	0.00751	0.00345	0.00486
18	0.01206	0.01184	0.02152	0.14532	0.02295	0.01220	0.42465	0.15102	0.05176	0.01766	0.01109	0.04978	0.00883	0.00527	0.00572	0.00163	0.03157	0.00556	0.00303	0.00655
19	0.00643	0.00481	0.00597	0.00595	0.00705	0.00435	0.00436	0.00821	0.01229	0.01669	0.48552	0.18693	0.21080	0.01143	0.00581	0.00163	0.00242	0.01003	0.00499	0.00435
20	0.01194	0.05064	0.01053	0.00855	0.01068	0.09201	0.00668	0.18259	0.13240	0.01852	0.10082	0.03702	0.06567	0.08663	0.04287	0.00205	0.03440	0.00567	0.09447	0.00585
21	0.02178	0.00684	0.00772	0.00723	0.00895	0.00703	0.00553	0.09125	0.14216	0.02852	0.14028	0.08583	0.23400	0.08237	0.05701	0.00230	0.00400	0.05753	0.00447	0.00520

[dist]
# distance from previous block
# <min> <max>
0	5

[block]
