[name]
unknown

[dist]
# distance from previous block
# <min> <max>
0	79

[block]
# block no. 0 follows, 59 sequences, length 65
# corresponding to MSA columns:
# 94-158
name=unknown_A
#
# <colnr> <probs for GDERKNQSTAVLIFYWHMCP>
#	G	D	E	R	K	N	Q	S	T	A	V	L	I	F	Y	W	H	M	C	P
0	0.00936	0.02259	0.00789	0.00793	0.04050	0.06484	0.00591	0.01121	0.04267	0.13053	0.03050	0.21815	0.13739	0.04215	0.00587	0.00173	0.00370	0.19891	0.00399	0.01417
1	0.01079	0.02202	0.13891	0.01922	0.40305	0.02404	0.09320	0.04401	0.05799	0.03882	0.04603	0.02785	0.00918	0.00476	0.00491	0.00139	0.04034	0.00435	0.00261	0.00652
2	0.00969	0.03361	0.14330	0.05542	0.22004	0.04100	0.04107	0.09246	0.01931	0.01540	0.14059	0.13204	0.02427	0.00647	0.00465	0.00141	0.00469	0.00574	0.00309	0.00574
3	0.00636	0.03747	0.00562	0.00516	0.00551	0.00464	0.00323	0.00673	0.00742	0.00978	0.05553	0.16790	0.07726	0.56971	0.01676	0.00339	0.00375	0.00759	0.00310	0.00310
4	0.19720	0.15251	0.04867	0.00911	0.05225	0.01135	0.00755	0.21643	0.03335	0.20013	0.01100	0.01095	0.02161	0.00483	0.00380	0.00129	0.00430	0.00356	0.00364	0.00647
5	0.04979	0.06884	0.06436	0.00993	0.06916	0.07115	0.00790	0.23575	0.04997	0.17165	0.09518	0.01401	0.01999	0.00542	0.00422	0.00130	0.00443	0.00428	0.04624	0.00642
6	0.01119	0.08945	0.22293	0.04320	0.06977	0.00992	0.00978	0.09925	0.03826	0.04284	0.05253	0.01367	0.01004	0.06316	0.00562	0.00154	0.00500	0.00404	0.00307	0.20474
7	0.01220	0.47752	0.10637	0.00981	0.05315	0.16987	0.00884	0.03747	0.03166	0.01186	0.00855	0.00944	0.03791	0.00438	0.00346	0.00110	0.00544	0.00302	0.00221	0.00574
8	0.00638	0.00429	0.00494	0.00498	0.00502	0.00431	0.00287	0.00648	0.00653	0.00875	0.01423	0.06040	0.01634	0.77363	0.05989	0.00432	0.00457	0.00658	0.00272	0.00277
9	0.04827	0.04481	0.01238	0.03223	0.01311	0.37403	0.04520	0.16572	0.02887	0.05095	0.09915	0.01290	0.03217	0.00539	0.00438	0.00127	0.01633	0.00404	0.00319	0.00561
10	0.01106	0.00716	0.00877	0.00663	0.00987	0.00572	0.00527	0.01291	0.01032	0.19826	0.12569	0.01468	0.01294	0.03776	0.00457	0.00106	0.00325	0.00395	0.00359	0.51652
11	0.02630	0.35072	0.45701	0.01069	0.01597	0.01316	0.04355	0.01367	0.00919	0.01267	0.00722	0.00849	0.00565	0.00401	0.00367	0.00122	0.00579	0.00296	0.00191	0.00613
12	0.01111	0.11332	0.01759	0.12890	0.55739	0.03830	0.01228	0.04445	0.01027	0.01393	0.00802	0.01046	0.00667	0.00405	0.00418	0.00128	0.00534	0.00371	0.00221	0.00652
13	0.00664	0.03797	0.00736	0.00669	0.00739	0.00591	0.00503	0.00782	0.00700	0.00986	0.01194	0.01950	0.01189	0.22517	0.58067	0.00604	0.03194	0.00502	0.00241	0.00373
14	0.00693	0.00523	0.00649	0.00605	0.00730	0.00514	0.00457	0.01050	0.12645	0.01782	0.70093	0.03063	0.03764	0.00859	0.00511	0.00140	0.00229	0.00756	0.00481	0.00457
15	0.01047	0.01009	0.01740	0.16437	0.65696	0.01040	0.03930	0.01319	0.00986	0.01388	0.00825	0.01111	0.00680	0.00401	0.00441	0.00134	0.00543	0.00398	0.00215	0.00661
16	0.00966	0.18503	0.47912	0.04885	0.01723	0.02381	0.05976	0.01367	0.02920	0.01305	0.00810	0.02160	0.00634	0.00448	0.00452	0.00134	0.04789	0.00345	0.01683	0.00607
17	0.00539	0.00391	0.00509	0.00601	0.00638	0.00361	0.00405	0.00621	0.00867	0.01147	0.04387	0.76404	0.08795	0.01353	0.00560	0.00176	0.00253	0.01221	0.00412	0.00361
18	0.01355	0.00965	0.01073	0.00869	0.01145	0.01042	0.00701	0.42781	0.14407	0.08374	0.20606	0.01727	0.01695	0.00632	0.00462	0.00137	0.00389	0.00514	0.00462	0.00662
19	0.01190	0.01038	0.01902	0.10973	0.21494	0.01041	0.32502	0.05157	0.02514	0.12720	0.00996	0.01202	0.00740	0.00438	0.00515	0.00144	0.04069	0.00453	0.00277	0.00635
20	0.01104	0.05160	0.23069	0.12671	0.03031	0.08431	0.17402	0.13749	0.02116	0.01570	0.06670	0.01199	0.00889	0.00468	0.00447	0.00137	0.00604	0.00416	0.00265	0.00602
21	0.00804	0.00438	0.00490	0.04223	0.00669	0.00453	0.00388	0.01010	0.00913	0.01562	0.01438	0.01800	0.01176	0.00750	0.06304	0.00154	0.00304	0.04368	0.72342	0.00414
22	0.00677	0.00467	0.00597	0.00564	0.00685	0.00426	0.00430	0.00871	0.01207	0.05318	0.63860	0.03424	0.14263	0.00930	0.00522	0.00143	0.00227	0.04488	0.00475	0.00426
23	0.79350	0.00853	0.00684	0.00606	0.00881	0.00978	0.00497	0.01389	0.04419	0.06014	0.00726	0.00799	0.00549	0.00425	0.00290	0.00137	0.00344	0.00261	0.00295	0.00502
24	0.63134	0.00838	0.00754	0.00637	0.00929	0.00911	0.00524	0.04047	0.00908	0.17168	0.02047	0.00925	0.00667	0.00443	0.00317	0.00133	0.00350	0.00293	0.00333	0.04640
25	0.01167	0.16871	0.14842	0.03059	0.01522	0.01136	0.14813	0.18162	0.01203	0.05196	0.01054	0.02803	0.03205	0.00480	0.00418	0.00125	0.00521	0.02181	0.00289	0.10953
26	0.00956	0.16282	0.67098	0.01164	0.01765	0.01142	0.01465	0.01400	0.00933	0.02833	0.00780	0.00905	0.00571	0.00415	0.00397	0.00132	0.00617	0.00313	0.00194	0.00640
27	0.00538	0.00384	0.00512	0.00615	0.00641	0.00359	0.00410	0.00615	0.00846	0.01127	0.02434	0.84190	0.02921	0.01384	0.00564	0.00179	0.00256	0.01256	0.00410	0.00359
28	0.01030	0.01035	0.04504	0.18323	0.04090	0.01007	0.38622	0.09679	0.01103	0.03787	0.02251	0.07431	0.02454	0.00560	0.01968	0.00158	0.00620	0.00535	0.00270	0.00572
29	0.01070	0.04996	0.06214	0.07375	0.10817	0.04252	0.47423	0.02566	0.03810	0.02770	0.00936	0.03163	0.00739	0.00427	0.00491	0.00143	0.01491	0.00479	0.00239	0.00600
30	0.00899	0.00909	0.01729	0.12685	0.03021	0.00934	0.38547	0.01207	0.04476	0.01298	0.02512	0.11674	0.01098	0.04936	0.04395	0.00194	0.06609	0.00589	0.01770	0.00518
31	0.00953	0.00904	0.01534	0.43683	0.40205	0.01005	0.01275	0.01229	0.00938	0.01275	0.00814	0.01148	0.00651	0.00473	0.02001	0.00150	0.00570	0.00395	0.00208	0.00588
32	0.01320	0.03539	0.07050	0.02995	0.29472	0.00928	0.09517	0.01653	0.07519	0.25969	0.02023	0.04013	0.00960	0.00494	0.00449	0.00138	0.00485	0.00454	0.00343	0.00679
33	0.01080	0.01257	0.13259	0.09198	0.47646	0.04904	0.08874	0.01418	0.03884	0.02970	0.00873	0.01101	0.00692	0.00413	0.00442	0.00135	0.00573	0.00396	0.00228	0.00657
34	0.00532	0.00442	0.00465	0.00472	0.00606	0.00375	0.00349	0.00648	0.01011	0.01234	0.10602	0.11836	0.67653	0.01126	0.00526	0.00151	0.00226	0.00952	0.00416	0.00375
35	0.01021	0.01215	0.07870	0.01718	0.04595	0.01096	0.61403	0.01443	0.06595	0.01422	0.00964	0.02477	0.00748	0.00464	0.01719	0.00158	0.03746	0.00508	0.00238	0.00599
36	0.07385	0.02125	0.15676	0.01033	0.04970	0.07234	0.02149	0.16178	0.11355	0.20631	0.03429	0.01345	0.02151	0.00529	0.00430	0.00137	0.00480	0.01724	0.00377	0.00663
37	0.00601	0.00600	0.08403	0.00708	0.00803	0.00486	0.00568	0.00737	0.00833	0.01146	0.03476	0.58240	0.02340	0.01592	0.14536	0.00265	0.02913	0.00999	0.00354	0.00398
38	0.08933	0.01050	0.01188	0.02499	0.08961	0.06654	0.00792	0.29655	0.01466	0.30857	0.01217	0.01190	0.00837	0.00560	0.02010	0.00144	0.00475	0.00394	0.00421	0.00695
39	0.01075	0.31674	0.44773	0.01066	0.01574	0.10294	0.01233	0.01412	0.00955	0.01235	0.00717	0.00838	0.00563	0.00409	0.00369	0.00121	0.00604	0.00290	0.00192	0.00607
40	0.05476	0.14879	0.25486	0.01240	0.05021	0.11350	0.14916	0.02709	0.11239	0.01418	0.01711	0.01039	0.00723	0.00437	0.00412	0.00132	0.00591	0.00367	0.00245	0.00610
41	0.00986	0.00836	0.00899	0.00819	0.01039	0.00942	0.00636	0.01990	0.62719	0.01782	0.13157	0.02125	0.07005	0.00690	0.00468	0.00149	0.00323	0.02352	0.00451	0.00632
42	0.01721	0.01388	0.01256	0.01011	0.01329	0.22890	0.00812	0.46553	0.01724	0.15336	0.01072	0.01063	0.00759	0.00513	0.00431	0.00128	0.00551	0.00375	0.00402	0.00688
43	0.02919	0.01042	0.02634	0.02489	0.01205	0.13679	0.03661	0.11010	0.11187	0.29514	0.07053	0.05267	0.02534	0.02102	0.00480	0.00142	0.00454	0.00489	0.01510	0.00630
44	0.05154	0.01000	0.01307	0.01064	0.01339	0.09068	0.18205	0.07502	0.17251	0.14494	0.03291	0.12021	0.01316	0.00648	0.00474	0.00148	0.00483	0.04259	0.00378	0.00596
45	0.00538	0.00384	0.00512	0.00615	0.00641	0.00359	0.00410	0.00615	0.00846	0.01127	0.02434	0.84190	0.02921	0.01384	0.00564	0.00179	0.00256	0.01256	0.00410	0.00359
46	0.01093	0.01049	0.01793	0.02711	0.81723	0.01049	0.01355	0.01355	0.01006	0.01443	0.00831	0.01093	0.00700	0.00394	0.00437	0.00131	0.00525	0.00394	0.00219	0.00700
47	0.01014	0.00990	0.01740	0.24781	0.50559	0.01043	0.09370	0.01294	0.00970	0.01347	0.00820	0.01124	0.00664	0.00411	0.00465	0.00138	0.02024	0.00406	0.00213	0.00628
48	0.01512	0.01779	0.01299	0.01265	0.09040	0.57431	0.00898	0.07508	0.06761	0.01293	0.00795	0.00915	0.00650	0.00487	0.00484	0.00125	0.06619	0.00325	0.00255	0.00559
49	0.00639	0.00449	0.00578	0.00546	0.00650	0.00416	0.00409	0.00847	0.01228	0.01762	0.75951	0.03185	0.03957	0.00876	0.00506	0.00136	0.00208	0.00772	0.06468	0.00416
50	0.00665	0.00507	0.00752	0.00816	0.06345	0.00569	0.00567	0.00807	0.00721	0.01030	0.01189	0.01856	0.01148	0.14732	0.65510	0.00629	0.01029	0.00492	0.00240	0.00397
51	0.01045	0.02791	0.24820	0.05863	0.13570	0.01027	0.30078	0.01405	0.00990	0.07319	0.00917	0.01140	0.00687	0.00551	0.04370	0.00169	0.01977	0.00426	0.00234	0.00621
52	0.01627	0.02067	0.01255	0.01139	0.01359	0.80024	0.00857	0.01741	0.01233	0.01080	0.00679	0.00802	0.00569	0.00466	0.00433	0.00116	0.03528	0.00288	0.00226	0.00511
53	0.00631	0.00473	0.00710	0.00710	0.00789	0.00552	0.00552	0.00789	0.00710	0.01025	0.01183	0.01735	0.01104	0.03312	0.82728	0.00710	0.01183	0.00473	0.00237	0.00394
54	0.00738	0.00557	0.00715	0.00770	0.00896	0.00567	0.00652	0.01073	0.11704	0.01412	0.08214	0.04343	0.10283	0.01104	0.00573	0.00186	0.00367	0.54984	0.00418	0.00443
55	0.01033	0.01263	0.08092	0.01843	0.04417	0.01109	0.72569	0.01412	0.01034	0.01414	0.00885	0.01171	0.00663	0.00376	0.00512	0.00148	0.00732	0.00504	0.00221	0.00602
56	0.00642	0.00428	0.00482	0.00482	0.00482	0.00428	0.00268	0.00642	0.00642	0.00856	0.01392	0.02890	0.01606	0.84478	0.02248	0.00428	0.00428	0.00642	0.00268	0.00268
57	0.00527	0.00448	0.00455	0.00453	0.00600	0.00375	0.00340	0.00644	0.01019	0.01222	0.08360	0.04202	0.77640	0.01108	0.00522	0.00149	0.00223	0.00925	0.00414	0.00375
58	0.00960	0.19998	0.59451	0.01192	0.01771	0.01188	0.06874	0.01383	0.00933	0.01322	0.00761	0.00902	0.00569	0.00407	0.00397	0.00131	0.00620	0.00320	0.00190	0.00630
59	0.01099	0.00949	0.00999	0.00899	0.01148	0.01099	0.00699	0.02347	0.80925	0.01848	0.01798	0.01648	0.01348	0.00599	0.00449	0.00150	0.00350	0.00499	0.00449	0.00699
60	0.04116	0.00764	0.01021	0.00785	0.01125	0.00672	0.00649	0.03644	0.01267	0.78493	0.01701	0.01475	0.01071	0.00543	0.00440	0.00137	0.00377	0.00438	0.00538	0.00745
61	0.01067	0.01012	0.01667	0.10779	0.65731	0.01047	0.01278	0.01430	0.08881	0.01451	0.00922	0.01156	0.00752	0.00419	0.00439	0.00135	0.00514	0.00404	0.00239	0.00678
62	0.00886	0.02285	0.82190	0.01259	0.01912	0.01026	0.01632	0.01399	0.00932	0.01399	0.00793	0.00932	0.00559	0.00420	0.00420	0.00140	0.00653	0.00326	0.00186	0.00653
63	0.00522	0.00447	0.00447	0.00447	0.00597	0.00373	0.00336	0.00634	0.01007	0.01193	0.04474	0.04250	0.81544	0.01119	0.00522	0.00149	0.00224	0.00932	0.00410	0.00373
64	0.01693	0.01214	0.01311	0.01005	0.01358	0.01336	0.00830	0.76556	0.02038	0.06533	0.01093	0.01081	0.00767	0.00531	0.00442	0.00133	0.00481	0.00400	0.00447	0.00751

[dist]
# distance from previous block
# <min> <max>
0	24

[block]
# block no. 1 follows, 59 sequences, length 27
# corresponding to MSA columns:
# 183-209
name=unknown_B
#
# <colnr> <probs for GDERKNQSTAVLIFYWHMCP>
#	G	D	E	R	K	N	Q	S	T	A	V	L	I	F	Y	W	H	M	C	P
0	0.01031	0.01078	0.01359	0.01165	0.01200	0.09607	0.02738	0.01137	0.00744	0.01072	0.00608	0.00968	0.00590	0.00777	0.02788	0.00193	0.71877	0.00381	0.00198	0.00487
1	0.00538	0.00384	0.00512	0.00615	0.00641	0.00359	0.00410	0.00615	0.00846	0.01127	0.02434	0.84190	0.02921	0.01384	0.00564	0.00179	0.00256	0.01256	0.00410	0.00359
2	0.00886	0.02285	0.82190	0.01259	0.01912	0.01026	0.01632	0.01399	0.00932	0.01399	0.00793	0.00932	0.00559	0.00420	0.00420	0.00140	0.00653	0.00326	0.00186	0.00653
3	0.11317	0.01125	0.01200	0.00936	0.01274	0.01232	0.00771	0.58904	0.05439	0.11719	0.01122	0.01099	0.00787	0.00522	0.00424	0.00134	0.00451	0.00390	0.00435	0.00718
4	0.00886	0.02285	0.82190	0.01259	0.01912	0.01026	0.01632	0.01399	0.00932	0.01399	0.00793	0.00932	0.00559	0.00420	0.00420	0.00140	0.00653	0.00326	0.00186	0.00653
5	0.00721	0.00522	0.00716	0.00808	0.00916	0.00526	0.00703	0.00958	0.03793	0.01337	0.02368	0.04850	0.04281	0.01196	0.00602	0.00200	0.00401	0.74278	0.00408	0.00416
6	0.00682	0.00525	0.00741	0.00730	0.00828	0.00611	0.00568	0.00958	0.09426	0.01115	0.01250	0.01726	0.01131	0.03018	0.73788	0.00649	0.01092	0.00476	0.00260	0.00427
7	0.01050	0.01171	0.02491	0.01982	0.13558	0.01107	0.68962	0.01406	0.01037	0.01419	0.00885	0.01177	0.00674	0.00375	0.00509	0.00146	0.00713	0.00503	0.00223	0.00610
8	0.00546	0.00390	0.00521	0.00624	0.00653	0.00365	0.00424	0.00628	0.00853	0.01136	0.02430	0.80636	0.02904	0.01376	0.00566	0.00180	0.00263	0.04733	0.00410	0.00361
9	0.01649	0.01232	0.01293	0.00999	0.01341	0.03503	0.00822	0.75483	0.02016	0.02700	0.01063	0.01073	0.00759	0.00528	0.00436	0.00131	0.00485	0.00395	0.03360	0.00733
10	0.00934	0.00950	0.01546	0.03285	0.01410	0.01182	0.18895	0.01096	0.00783	0.01151	0.00858	0.10065	0.00855	0.00740	0.01117	0.00181	0.53721	0.00512	0.00224	0.00495
11	0.00558	0.00425	0.00579	0.00638	0.00698	0.00391	0.03102	0.00654	0.00881	0.01153	0.02684	0.67118	0.14587	0.01305	0.00557	0.00175	0.00272	0.03449	0.00404	0.00370
12	0.00538	0.00384	0.00512	0.00615	0.00641	0.00359	0.00410	0.00615	0.00846	0.01127	0.02434	0.84190	0.02921	0.01384	0.00564	0.00179	0.00256	0.01256	0.00410	0.00359
13	0.03722	0.01047	0.01151	0.00931	0.01212	0.03800	0.04278	0.40876	0.15649	0.02170	0.07356	0.01676	0.10325	0.00631	0.00486	0.00140	0.02991	0.00503	0.00414	0.00644
14	0.00921	0.12019	0.72760	0.01199	0.01820	0.01111	0.01528	0.01390	0.00928	0.01356	0.00772	0.00906	0.00560	0.00415	0.00404	0.00135	0.00631	0.00316	0.00187	0.00643
15	0.01039	0.01182	0.02555	0.01833	0.02262	0.01126	0.76906	0.01400	0.01028	0.01400	0.00881	0.01182	0.00666	0.00389	0.00559	0.00151	0.04111	0.00516	0.00222	0.00591
16	0.02856	0.00842	0.01376	0.61687	0.13423	0.01031	0.01199	0.01156	0.00874	0.01183	0.00765	0.01133	0.00600	0.00470	0.00547	0.00150	0.09602	0.00389	0.00201	0.00518
17	0.01624	0.01345	0.01206	0.00987	0.01288	0.22656	0.00787	0.40183	0.07111	0.12995	0.01218	0.02457	0.03021	0.00547	0.00435	0.00131	0.00533	0.00409	0.00399	0.00668
18	0.00545	0.00405	0.00508	0.00574	0.00634	0.00368	0.00396	0.00644	0.00925	0.01215	0.11900	0.58615	0.19111	0.01275	0.00550	0.00169	0.00244	0.01137	0.00419	0.00368
19	0.00541	0.00390	0.00507	0.00598	0.00632	0.00362	0.00400	0.00617	0.00850	0.01123	0.02546	0.75579	0.08566	0.04252	0.00619	0.00186	0.00260	0.01211	0.00405	0.00357
20	0.11011	0.01217	0.06994	0.00944	0.01271	0.10288	0.02256	0.27725	0.14236	0.15037	0.03829	0.01226	0.00949	0.00524	0.00422	0.00135	0.00473	0.00402	0.00396	0.00665
21	0.02982	0.00978	0.01163	0.00989	0.04229	0.01043	0.03525	0.26518	0.26900	0.19800	0.04084	0.01505	0.02114	0.00571	0.00450	0.00141	0.00413	0.01443	0.00449	0.00703
22	0.00563	0.00408	0.00537	0.00626	0.00674	0.00382	0.00444	0.00664	0.00896	0.01184	0.05779	0.64764	0.08613	0.01324	0.00565	0.00179	0.00272	0.11345	0.00413	0.00368
23	0.17346	0.02531	0.01085	0.07613	0.04289	0.02282	0.00747	0.21668	0.19656	0.11982	0.01244	0.01261	0.02091	0.00625	0.03546	0.00160	0.00451	0.00403	0.00381	0.00639
24	0.01327	0.19891	0.07387	0.01003	0.01326	0.07094	0.05005	0.23009	0.11446	0.06709	0.01058	0.01113	0.02272	0.00520	0.00510	0.00133	0.08858	0.00380	0.00322	0.00637
25	0.11368	0.01105	0.14207	0.02461	0.02462	0.00962	0.00834	0.08630	0.26558	0.17310	0.04660	0.01483	0.02494	0.00559	0.00443	0.00143	0.01568	0.01709	0.00392	0.00652
26	0.04125	0.01042	0.01289	0.15646	0.13328	0.02389	0.00926	0.32254	0.11937	0.06602	0.01080	0.01166	0.00797	0.00489	0.00430	0.00134	0.00477	0.00398	0.00355	0.05135

[dist]
# distance from previous block
# <min> <max>
5	26

[block]
# block no. 2 follows, 59 sequences, length 29
# corresponding to MSA columns:
# 237-265
name=unknown_C
#
# <colnr> <probs for GDERKNQSTAVLIFYWHMCP>
#	G	D	E	R	K	N	Q	S	T	A	V	L	I	F	Y	W	H	M	C	P
0	0.05148	0.16427	0.10907	0.01084	0.07968	0.16199	0.04341	0.05302	0.02665	0.06907	0.07742	0.08734	0.01188	0.00578	0.00430	0.00131	0.01475	0.01914	0.00295	0.00564
1	0.08591	0.11775	0.20558	0.01035	0.03232	0.13063	0.05700	0.09849	0.04530	0.03714	0.03339	0.01150	0.03174	0.02058	0.00432	0.00131	0.00537	0.00367	0.00274	0.06492
2	0.03403	0.05348	0.19913	0.03429	0.05657	0.08451	0.04526	0.12224	0.03132	0.13680	0.02490	0.01210	0.00834	0.05122	0.00537	0.00146	0.02098	0.00386	0.01121	0.06294
3	0.03578	0.05805	0.22105	0.03505	0.08201	0.07255	0.04644	0.01501	0.10665	0.10422	0.10022	0.02837	0.02465	0.00557	0.00470	0.00140	0.03084	0.01832	0.00313	0.00601
4	0.05220	0.05945	0.10185	0.08605	0.11235	0.08232	0.07149	0.13202	0.08721	0.10710	0.03495	0.01272	0.03088	0.00496	0.00430	0.00135	0.00517	0.00414	0.00320	0.00630
5	0.02628	0.05646	0.24674	0.01589	0.24835	0.03132	0.10500	0.03644	0.01046	0.07702	0.04945	0.02245	0.04479	0.00484	0.00440	0.00136	0.00544	0.00433	0.00265	0.00632
6	0.02252	0.09618	0.63490	0.01235	0.01818	0.02265	0.08281	0.01382	0.00949	0.01381	0.02893	0.00991	0.00663	0.00425	0.00416	0.00136	0.00630	0.00345	0.00200	0.00629
7	0.01019	0.14165	0.40117	0.01227	0.06338	0.03509	0.09059	0.01433	0.05564	0.05089	0.04783	0.03922	0.00902	0.00480	0.00422	0.00134	0.00567	0.00404	0.00247	0.00619
8	0.00956	0.03881	0.38548	0.01602	0.15826	0.01037	0.21574	0.01376	0.03280	0.01399	0.00982	0.04321	0.02260	0.00457	0.00453	0.00141	0.00617	0.00438	0.00222	0.00629
9	0.01210	0.01353	0.01467	0.34490	0.02163	0.32220	0.12691	0.02859	0.01081	0.02672	0.02279	0.01075	0.00672	0.00452	0.00450	0.00135	0.01603	0.00379	0.00228	0.00522
10	0.01018	0.00960	0.03026	0.14822	0.42786	0.02565	0.01110	0.07677	0.03457	0.01483	0.03624	0.03973	0.06890	0.00555	0.00458	0.00140	0.00490	0.04080	0.00276	0.00611
11	0.01140	0.01125	0.02778	0.06117	0.13374	0.10044	0.23700	0.04435	0.01030	0.07347	0.01105	0.03970	0.05048	0.00556	0.00655	0.00150	0.16112	0.00477	0.00264	0.00574
12	0.01313	0.00943	0.01470	0.03348	0.44976	0.00936	0.02875	0.01679	0.11476	0.22885	0.01231	0.02932	0.00930	0.00481	0.00445	0.00137	0.00463	0.00441	0.00339	0.00700
13	0.00630	0.00490	0.00584	0.00636	0.00723	0.00484	0.00453	0.00903	0.13480	0.01261	0.02717	0.52987	0.17568	0.01204	0.00540	0.00170	0.00271	0.04069	0.00416	0.00417
14	0.01246	0.03116	0.01117	0.13859	0.01431	0.10313	0.04733	0.07396	0.08515	0.20291	0.06189	0.04352	0.08534	0.00656	0.00465	0.00143	0.00460	0.06226	0.00382	0.00575
15	0.02345	0.02812	0.01310	0.01054	0.04244	0.03243	0.16746	0.10552	0.05440	0.24570	0.04777	0.10579	0.07389	0.00646	0.00472	0.00143	0.00447	0.00582	0.02039	0.00610
16	0.00602	0.00454	0.00516	0.00525	0.00645	0.00401	0.00384	0.02107	0.01027	0.03519	0.15101	0.24381	0.46496	0.01128	0.00529	0.00155	0.00239	0.00972	0.00426	0.00393
17	0.02863	0.00718	0.01040	0.06742	0.19803	0.00734	0.03361	0.06733	0.05977	0.03012	0.01818	0.31170	0.07039	0.02524	0.00533	0.00162	0.00392	0.04518	0.00346	0.00516
18	0.00923	0.05750	0.76172	0.01234	0.01861	0.03735	0.01569	0.01407	0.00941	0.01373	0.00781	0.00919	0.00560	0.00419	0.00413	0.00137	0.00650	0.00321	0.00188	0.00644
19	0.01204	0.01083	0.01334	0.06407	0.32175	0.14328	0.01008	0.07596	0.02253	0.07966	0.04843	0.01798	0.01163	0.00592	0.00481	0.00143	0.01992	0.12726	0.00307	0.00602
20	0.00605	0.00442	0.00568	0.00555	0.00652	0.00405	0.00409	0.00787	0.01174	0.01635	0.64204	0.14406	0.10538	0.00987	0.00527	0.00145	0.00216	0.00872	0.00469	0.00405
21	0.00890	0.03326	0.51653	0.04450	0.01860	0.00989	0.16044	0.01341	0.03231	0.01377	0.01142	0.02869	0.05915	0.00499	0.00452	0.00144	0.00614	0.02373	0.00225	0.00606
22	0.66151	0.01032	0.02117	0.00697	0.00978	0.09012	0.00574	0.07393	0.04590	0.02999	0.00727	0.00808	0.00557	0.00434	0.00311	0.00135	0.00403	0.00272	0.00292	0.00519
23	0.00995	0.00489	0.00583	0.00536	0.00667	0.00480	0.00402	0.01155	0.00918	0.17155	0.01457	0.01826	0.01195	0.14110	0.11875	0.00243	0.00407	0.00463	0.44590	0.00453
24	0.01021	0.03163	0.01009	0.01034	0.11314	0.11359	0.00728	0.07981	0.03527	0.04482	0.10494	0.06596	0.08292	0.00779	0.00483	0.00145	0.00427	0.18962	0.00360	0.07844
25	0.25549	0.07461	0.08485	0.00998	0.05861	0.14465	0.00820	0.23426	0.03600	0.01896	0.03042	0.00965	0.00723	0.00468	0.00376	0.00129	0.00501	0.00330	0.00307	0.00600
26	0.00851	0.00839	0.00743	0.00794	0.03234	0.19797	0.00545	0.03000	0.00995	0.01184	0.04301	0.49635	0.07776	0.03480	0.00562	0.00165	0.00399	0.00925	0.00360	0.00415
27	0.00756	0.00491	0.00636	0.00652	0.00741	0.00476	0.00469	0.03165	0.03201	0.09273	0.16297	0.52472	0.04957	0.01145	0.00562	0.00165	0.02663	0.01015	0.00433	0.00432
28	0.04990	0.37020	0.44737	0.01015	0.01535	0.01329	0.01209	0.01362	0.00909	0.01274	0.00709	0.00828	0.00559	0.00402	0.00355	0.00121	0.00562	0.00284	0.00192	0.00608

[dist]
# distance from previous block
# <min> <max>
0	2

[block]
# block no. 3 follows, 59 sequences, length 40
# corresponding to MSA columns:
# 308-347
name=unknown_D
#
# <colnr> <probs for GDERKNQSTAVLIFYWHMCP>
#	G	D	E	R	K	N	Q	S	T	A	V	L	I	F	Y	W	H	M	C	P
0	0.45162	0.21843	0.03288	0.00797	0.04069	0.08330	0.00662	0.01442	0.06461	0.03424	0.00741	0.00825	0.00593	0.00422	0.00313	0.00125	0.00430	0.00273	0.00263	0.00538
1	0.00890	0.00836	0.01379	0.53843	0.23202	0.00947	0.01177	0.01161	0.00923	0.01230	0.00985	0.01298	0.04741	0.00457	0.00438	0.00139	0.00540	0.00413	0.00216	0.05184
2	0.02457	0.02188	0.04856	0.00852	0.04627	0.03322	0.02980	0.04100	0.24022	0.01566	0.16709	0.09621	0.15997	0.02302	0.01580	0.00159	0.00361	0.01377	0.00395	0.00530
3	0.00646	0.00415	0.00491	0.00521	0.00563	0.00406	0.00342	0.00735	0.00812	0.01178	0.06200	0.27795	0.03707	0.30541	0.04571	0.00270	0.00342	0.00789	0.19333	0.00343
4	0.00568	0.00440	0.00614	0.00654	0.00724	0.00405	0.04461	0.00668	0.00885	0.01155	0.02678	0.63003	0.15927	0.02558	0.00582	0.00177	0.00283	0.03447	0.00398	0.00373
5	0.00941	0.00930	0.01169	0.01030	0.01064	0.07497	0.00837	0.01048	0.00731	0.01060	0.00752	0.01196	0.00733	0.05157	0.15971	0.00289	0.56782	0.00407	0.01949	0.00458
6	0.00910	0.09143	0.75547	0.01217	0.01847	0.01086	0.01559	0.01392	0.00930	0.01369	0.00778	0.00914	0.00560	0.00416	0.00408	0.00136	0.00638	0.00319	0.00187	0.00646
7	0.82967	0.05349	0.00738	0.00590	0.00869	0.01031	0.00493	0.01300	0.00759	0.01931	0.00615	0.00717	0.00483	0.00408	0.00274	0.00134	0.00349	0.00239	0.00269	0.00483
8	0.07420	0.42084	0.01651	0.00788	0.01114	0.01357	0.00706	0.17090	0.03944	0.10862	0.00936	0.01054	0.00759	0.04828	0.03545	0.00152	0.00475	0.00331	0.00302	0.00602
9	0.00539	0.00390	0.00509	0.00602	0.00638	0.00361	0.00405	0.00621	0.00866	0.01146	0.04296	0.76677	0.08611	0.01354	0.00560	0.00176	0.00253	0.01222	0.00412	0.00361
10	0.00674	0.00528	0.00672	0.00678	0.00784	0.00517	0.03242	0.04886	0.08705	0.01348	0.07748	0.48843	0.15986	0.01150	0.00536	0.00166	0.00288	0.02410	0.00414	0.00427
11	0.00886	0.02285	0.82190	0.01259	0.01912	0.01026	0.01632	0.01399	0.00932	0.01399	0.00793	0.00932	0.00559	0.00420	0.00420	0.00140	0.00653	0.00326	0.00186	0.00653
12	0.00538	0.00400	0.00502	0.00578	0.00632	0.00364	0.00395	0.00628	0.00896	0.01168	0.06197	0.64239	0.19235	0.01309	0.00553	0.00171	0.00247	0.01169	0.00413	0.00364
13	0.01181	0.84744	0.02314	0.00756	0.01134	0.01748	0.00756	0.01323	0.00897	0.01039	0.00614	0.00708	0.00567	0.00378	0.00283	0.00094	0.00472	0.00236	0.00189	0.00567
14	0.03592	0.00844	0.00965	0.00740	0.01077	0.02190	0.00594	0.12778	0.04435	0.16114	0.05201	0.04357	0.01034	0.00481	0.00388	0.00102	0.00360	0.00389	0.00363	0.43994
15	0.00947	0.02108	0.09439	0.00798	0.00999	0.18762	0.00664	0.01186	0.07042	0.05365	0.06684	0.26707	0.15773	0.00887	0.00484	0.00148	0.00425	0.00748	0.00357	0.00478
16	0.01001	0.34443	0.51039	0.01063	0.01608	0.01307	0.01290	0.01369	0.00919	0.01258	0.00723	0.00845	0.00562	0.00403	0.00366	0.00122	0.00582	0.00291	0.00187	0.00619
17	0.20435	0.01399	0.01004	0.00914	0.01121	0.40565	0.00705	0.05637	0.01055	0.01359	0.00797	0.01004	0.00677	0.01088	0.18627	0.00253	0.02293	0.00324	0.00251	0.00491
18	0.02822	0.00868	0.01065	0.19209	0.04338	0.01010	0.00819	0.01821	0.46733	0.03271	0.03580	0.01684	0.05266	0.00600	0.00493	0.00150	0.03921	0.01366	0.00371	0.00613
19	0.01201	0.00761	0.00927	0.00683	0.01051	0.00597	0.00551	0.01387	0.01018	0.24284	0.01212	0.01223	0.04197	0.00423	0.00369	0.00089	0.00337	0.00342	0.00349	0.58999
20	0.00545	0.00419	0.00501	0.00557	0.00640	0.00375	0.00398	0.00649	0.00936	0.01191	0.06450	0.44447	0.34334	0.01249	0.00548	0.00167	0.00250	0.05561	0.00413	0.00369
21	0.01021	0.01016	0.01901	0.06334	0.31407	0.01030	0.31751	0.01307	0.00977	0.01405	0.00896	0.01184	0.00718	0.00432	0.00541	0.00141	0.07527	0.00444	0.09368	0.00600
22	0.00961	0.00898	0.01300	0.63412	0.05414	0.05167	0.01130	0.07373	0.05579	0.01301	0.00874	0.01212	0.00671	0.02348	0.00480	0.00150	0.00572	0.00399	0.00234	0.00526
23	0.00681	0.00499	0.00602	0.00586	0.00717	0.00470	0.00457	0.02297	0.04847	0.02957	0.40343	0.03582	0.24166	0.00964	0.00520	0.00150	0.00255	0.11817	0.03661	0.00428
24	0.00885	0.00840	0.01181	0.06222	0.01160	0.01137	0.00857	0.00989	0.00689	0.01039	0.00751	0.01285	0.00755	0.10730	0.10159	0.00273	0.59966	0.00426	0.00207	0.00449
25	0.06001	0.00633	0.00817	0.00687	0.00914	0.00575	0.00538	0.01563	0.01107	0.46879	0.11153	0.10642	0.01710	0.10417	0.00667	0.00176	0.00345	0.02346	0.02245	0.00585
26	0.00636	0.00461	0.00632	0.00631	0.00682	0.00510	0.00454	0.00740	0.00711	0.01001	0.04306	0.04485	0.01431	0.30081	0.49613	0.00574	0.01877	0.00563	0.00261	0.00353
27	0.00538	0.00384	0.00512	0.00615	0.00641	0.00359	0.00410	0.00615	0.00846	0.01127	0.02434	0.84190	0.02921	0.01384	0.00564	0.00179	0.00256	0.01256	0.00410	0.00359
28	0.00631	0.00424	0.00485	0.00496	0.00498	0.00421	0.00282	0.00639	0.00663	0.00884	0.01500	0.11304	0.01742	0.75879	0.02074	0.00402	0.00410	0.00706	0.00282	0.00277
29	0.01554	0.01676	0.01222	0.01063	0.01326	0.47464	0.00821	0.21163	0.16343	0.01643	0.00984	0.01020	0.00759	0.00501	0.00419	0.00125	0.00637	0.00352	0.00322	0.00606
30	0.01139	0.73052	0.13640	0.00827	0.01244	0.01645	0.00880	0.01333	0.00902	0.01090	0.00639	0.00740	0.00566	0.00384	0.00303	0.00101	0.00498	0.00249	0.00189	0.00579
31	0.29112	0.00618	0.00593	0.00555	0.00737	0.00646	0.00436	0.02505	0.04813	0.01694	0.20363	0.02452	0.21611	0.00744	0.00417	0.00139	0.00273	0.02778	0.09069	0.00445
32	0.00564	0.00395	0.00511	0.00591	0.00617	0.00376	0.00389	0.00635	0.00820	0.01106	0.03694	0.66668	0.02666	0.14273	0.02543	0.00227	0.00300	0.01118	0.02159	0.00348
33	0.00639	0.00475	0.00616	0.00686	0.00790	0.00452	0.00567	0.00804	0.01004	0.01289	0.07006	0.14968	0.21640	0.01200	0.00578	0.00184	0.00333	0.45963	0.00412	0.00393
34	0.00593	0.00469	0.00539	0.00554	0.00665	0.00434	0.00402	0.00803	0.07184	0.01346	0.19833	0.27122	0.36225	0.01110	0.00528	0.00156	0.00240	0.00965	0.00429	0.00403
35	0.01520	0.00786	0.00941	0.00779	0.01057	0.00789	0.00625	0.05004	0.27147	0.41657	0.01692	0.01554	0.01169	0.00559	0.00427	0.00136	0.00348	0.00456	0.12669	0.00687
36	0.01279	0.03133	0.01268	0.01285	0.19011	0.04182	0.00854	0.32137	0.15319	0.01997	0.01425	0.01455	0.08002	0.00552	0.00435	0.00132	0.00444	0.00451	0.04027	0.02612
37	0.00831	0.00595	0.03597	0.08553	0.02955	0.00572	0.00576	0.07783	0.00902	0.01221	0.15984	0.01748	0.04198	0.01142	0.01146	0.46705	0.00387	0.00481	0.00277	0.00347
38	0.00931	0.04112	0.01009	0.02836	0.17144	0.19038	0.00718	0.01075	0.01025	0.01209	0.03195	0.19143	0.22977	0.00837	0.00478	0.00143	0.00441	0.02893	0.00319	0.00478
39	0.01400	0.01064	0.01145	0.00931	0.01176	0.10315	0.00750	0.22317	0.03493	0.17139	0.01089	0.03622	0.00862	0.03737	0.00696	0.00147	0.17164	0.00411	0.00356	0.12187

[dist]
# distance from previous block
# <min> <max>
2	8

[block]
# block no. 4 follows, 59 sequences, length 22
# corresponding to MSA columns:
# 370-391
name=unknown_E
#
# <colnr> <probs for GDERKNQSTAVLIFYWHMCP>
#	G	D	E	R	K	N	Q	S	T	A	V	L	I	F	Y	W	H	M	C	P
0	0.00953	0.00891	0.01483	0.53014	0.29653	0.01019	0.01256	0.04128	0.00969	0.01296	0.00811	0.01145	0.00632	0.00429	0.00440	0.00141	0.00563	0.00393	0.00213	0.00571
1	0.00619	0.00464	0.00663	0.00684	0.00740	0.00520	0.00508	0.00742	0.00739	0.01041	0.01505	0.23388	0.01599	0.08678	0.52511	0.00532	0.03717	0.00688	0.00283	0.00379
2	0.01024	0.05268	0.18881	0.09785	0.46140	0.01034	0.01299	0.02596	0.01004	0.02733	0.03845	0.01197	0.02378	0.00441	0.00431	0.00134	0.00535	0.00398	0.00231	0.00648
3	0.00662	0.00461	0.00571	0.00588	0.00619	0.00474	0.00405	0.00728	0.00749	0.01005	0.04307	0.03207	0.01827	0.55378	0.08721	0.00390	0.02187	0.17104	0.00300	0.00317
4	0.00905	0.04306	0.18345	0.01365	0.01752	0.00944	0.39126	0.01263	0.03345	0.01375	0.04218	0.12337	0.03287	0.00605	0.00500	0.00152	0.00589	0.04760	0.00270	0.00556
5	0.01419	0.00788	0.00980	0.00799	0.01070	0.00782	0.02626	0.11743	0.16967	0.34616	0.15510	0.01874	0.04277	0.00630	0.00458	0.00139	0.00353	0.00527	0.03786	0.00654
6	0.02273	0.02742	0.20430	0.00821	0.01096	0.00732	0.01721	0.10559	0.01148	0.03124	0.23438	0.08043	0.07200	0.04820	0.02251	0.00171	0.00417	0.06982	0.01519	0.00511
7	0.00625	0.00472	0.00696	0.00696	0.00778	0.00543	0.00541	0.00780	0.00726	0.01034	0.01358	0.01868	0.05370	0.03196	0.78369	0.00680	0.01132	0.00498	0.00246	0.00393
8	0.01156	0.27938	0.29125	0.00998	0.01441	0.17325	0.01048	0.03734	0.01016	0.01269	0.00722	0.00837	0.00580	0.00406	0.00362	0.00111	0.00581	0.00284	0.00212	0.10855
9	0.00675	0.00516	0.00617	0.00623	0.00751	0.00474	0.00447	0.00894	0.08909	0.02989	0.02488	0.48228	0.16410	0.01092	0.00509	0.00154	0.00272	0.00965	0.00396	0.12590
10	0.24292	0.01176	0.10323	0.01471	0.25021	0.02467	0.06053	0.15865	0.01120	0.01813	0.00821	0.00981	0.00638	0.00442	0.00428	0.00136	0.03347	0.00352	0.02634	0.00620
11	0.01458	0.01173	0.01383	0.01415	0.21081	0.04603	0.00942	0.44443	0.13089	0.04250	0.01111	0.01153	0.00825	0.00504	0.00440	0.00134	0.00486	0.00408	0.00382	0.00721
12	0.00547	0.00408	0.00504	0.00576	0.00634	0.00373	0.00398	0.00634	0.00882	0.01138	0.02873	0.56792	0.22053	0.05718	0.00645	0.00186	0.00264	0.04614	0.00402	0.00360
13	0.01982	0.00752	0.01025	0.00786	0.01127	0.00649	0.00649	0.02152	0.01264	0.82029	0.01742	0.01503	0.01093	0.00547	0.00444	0.00137	0.00376	0.00444	0.00547	0.00752
14	0.00710	0.00473	0.00601	0.00557	0.00685	0.00427	0.00422	0.00901	0.01215	0.07592	0.64253	0.03307	0.15364	0.00909	0.00515	0.00140	0.00223	0.00792	0.00479	0.00435
15	0.00597	0.00450	0.00552	0.00526	0.00643	0.00405	0.00395	0.00779	0.01184	0.01614	0.60613	0.03557	0.25142	0.00961	0.00521	0.00142	0.00213	0.00835	0.00466	0.00405
16	0.01650	0.02105	0.01252	0.01138	0.01365	0.82705	0.00853	0.01764	0.01252	0.01081	0.00683	0.00796	0.00569	0.00455	0.00398	0.00114	0.00796	0.00284	0.00228	0.00512
17	0.00593	0.00450	0.00546	0.00522	0.00640	0.00403	0.00392	0.00772	0.01175	0.01592	0.57602	0.03594	0.28168	0.00970	0.00521	0.00142	0.00213	0.00840	0.00463	0.00403
18	0.00936	0.00889	0.01509	0.51670	0.33992	0.01008	0.01277	0.01218	0.00931	0.01252	0.00803	0.01144	0.00632	0.00423	0.00440	0.00141	0.00564	0.00393	0.00205	0.00573
19	0.01159	0.78513	0.08350	0.00794	0.01192	0.01693	0.00822	0.01328	0.00900	0.01066	0.00628	0.00725	0.00566	0.00381	0.00294	0.00098	0.00486	0.00243	0.00189	0.00573
20	0.00582	0.00439	0.00586	0.02249	0.00732	0.00440	0.00473	0.00676	0.00858	0.01139	0.02410	0.64791	0.07912	0.02778	0.00641	0.00184	0.04843	0.07504	0.00391	0.00371
21	0.58275	0.16221	0.01055	0.00748	0.04471	0.03261	0.00598	0.02788	0.05111	0.03083	0.00715	0.00803	0.00568	0.00419	0.00301	0.00129	0.00389	0.00267	0.00271	0.00526

[dist]
# distance from previous block
# <min> <max>
0	4

[block]
# block no. 5 follows, 59 sequences, length 39
# corresponding to MSA columns:
# 412-418,421-434,446-463
name=unknown_F
#
# <colnr> <probs for GDERKNQSTAVLIFYWHMCP>
#	G	D	E	R	K	N	Q	S	T	A	V	L	I	F	Y	W	H	M	C	P
0	0.01152	0.01312	0.01247	0.01096	0.01259	0.34480	0.10555	0.01311	0.02419	0.01147	0.01138	0.18548	0.01162	0.00803	0.02991	0.00166	0.15716	0.02746	0.00268	0.00482
1	0.01942	0.00792	0.01079	0.00824	0.01169	0.00705	0.02407	0.07105	0.01311	0.75216	0.01680	0.01468	0.01062	0.00542	0.00446	0.00137	0.00391	0.00443	0.00533	0.00748
2	0.00601	0.00433	0.00472	0.00474	0.00526	0.00407	0.00296	0.00638	0.00770	0.00975	0.02454	0.04928	0.28922	0.52884	0.01616	0.01880	0.00354	0.00749	0.00318	0.00304
3	0.01283	0.01410	0.01608	0.02174	0.54275	0.28941	0.01184	0.01495	0.01090	0.01319	0.00780	0.00992	0.00655	0.00415	0.00424	0.00125	0.00618	0.00356	0.00222	0.00636
4	0.00549	0.00413	0.00508	0.00560	0.00632	0.00372	0.00391	0.00657	0.00958	0.01255	0.16456	0.48909	0.24275	0.01230	0.00545	0.00164	0.00239	0.01091	0.00423	0.00372
5	0.00546	0.00409	0.00506	0.00579	0.00640	0.00372	0.00403	0.00637	0.00892	0.01148	0.02935	0.56890	0.23411	0.03437	0.00599	0.00179	0.00260	0.05388	0.00406	0.00363
6	0.01412	0.00761	0.00921	0.00772	0.01040	0.00755	0.00615	0.01950	0.28452	0.39217	0.10801	0.01974	0.08038	0.00650	0.00461	0.00142	0.00336	0.00542	0.00496	0.00666
7	0.00848	0.00658	0.00688	0.00600	0.00723	0.04414	0.00403	0.08914	0.00870	0.01176	0.01208	0.02225	0.01287	0.55761	0.01607	0.00313	0.00432	0.00527	0.00282	0.17064
8	0.01079	0.25647	0.05186	0.00753	0.01149	0.01039	0.00679	0.10110	0.01042	0.01471	0.00766	0.00872	0.00635	0.00369	0.00331	0.00085	0.00403	0.00273	0.00257	0.47853
9	0.30685	0.52080	0.05629	0.00720	0.01076	0.01454	0.00704	0.01318	0.00849	0.01379	0.00623	0.00722	0.00536	0.00391	0.00287	0.00111	0.00436	0.00242	0.00218	0.00541
10	0.01328	0.01058	0.01091	0.00930	0.01210	0.04959	0.00736	0.20982	0.52495	0.07864	0.01565	0.01457	0.01150	0.00572	0.00445	0.00143	0.00405	0.00461	0.00444	0.00707
11	0.00876	0.00828	0.01401	0.70248	0.15881	0.00992	0.01248	0.01165	0.00903	0.01180	0.00792	0.01164	0.00607	0.00434	0.00441	0.00145	0.00578	0.00393	0.00200	0.00525
12	0.00583	0.00444	0.00536	0.00532	0.00643	0.00398	0.00396	0.00744	0.01117	0.01491	0.44325	0.12381	0.30563	0.01038	0.00528	0.00149	0.00224	0.03064	0.00450	0.00395
13	0.00641	0.00433	0.00507	0.00507	0.00516	0.00442	0.00299	0.00659	0.00650	0.00875	0.01368	0.02761	0.01550	0.75416	0.11234	0.00460	0.00512	0.00623	0.00264	0.00282
14	0.01042	0.01191	0.02606	0.01862	0.02308	0.01117	0.80119	0.01415	0.01042	0.01415	0.00894	0.01191	0.00670	0.00372	0.00521	0.00149	0.00745	0.00521	0.00223	0.00596
15	0.01040	0.00604	0.00635	0.00566	0.00732	0.00632	0.00442	0.14111	0.07237	0.05756	0.01421	0.01544	0.01084	0.00525	0.00348	0.00113	0.00271	0.00418	0.62016	0.00506
16	0.01164	0.00856	0.00878	0.00772	0.03025	0.09617	0.00587	0.09094	0.07411	0.17791	0.10687	0.02282	0.23780	0.00711	0.00457	0.00131	0.00369	0.00581	0.00412	0.09397
17	0.01474	0.01433	0.01191	0.01018	0.01294	0.28723	0.00797	0.27544	0.28340	0.01894	0.01181	0.01169	0.00891	0.00528	0.00430	0.00132	0.00545	0.00394	0.00372	0.00653
18	0.03431	0.01024	0.01041	0.00858	0.01124	0.14679	0.00680	0.10161	0.05094	0.33908	0.01378	0.05474	0.02181	0.04337	0.00576	0.00147	0.05798	0.00449	0.00405	0.07257
19	0.05715	0.00939	0.03337	0.00981	0.01318	0.00897	0.12464	0.10093	0.16949	0.36929	0.01584	0.01494	0.04137	0.00542	0.00450	0.00141	0.00436	0.00468	0.00441	0.00688
20	0.15573	0.01020	0.01012	0.00828	0.01117	0.07776	0.00668	0.31243	0.03078	0.18510	0.01525	0.05451	0.09089	0.00610	0.00425	0.00137	0.00425	0.00470	0.00413	0.00628
21	0.01067	0.01023	0.01745	0.10875	0.73763	0.01042	0.01342	0.01332	0.00993	0.01411	0.00826	0.01102	0.00688	0.00398	0.00438	0.00133	0.00531	0.00393	0.00216	0.00678
22	0.01102	0.01145	0.10144	0.03301	0.41861	0.04953	0.01124	0.01558	0.16537	0.05869	0.01173	0.07233	0.00985	0.00520	0.00445	0.00139	0.00491	0.00467	0.00292	0.00660
23	0.00978	0.16990	0.64990	0.01152	0.01744	0.01141	0.01440	0.01412	0.00938	0.04217	0.00795	0.00913	0.00580	0.00417	0.00396	0.00132	0.00611	0.00314	0.00200	0.00641
24	0.00767	0.00384	0.00575	0.00575	0.00575	0.00384	0.00384	0.00575	0.00575	0.00767	0.00767	0.01343	0.00767	0.01534	0.01726	0.87150	0.00384	0.00384	0.00192	0.00192
25	0.00533	0.00406	0.00490	0.00558	0.00626	0.00364	0.00385	0.00621	0.00901	0.01150	0.03131	0.56885	0.29777	0.01293	0.00549	0.00169	0.00245	0.01145	0.00410	0.00364
26	0.01110	0.43054	0.31362	0.01067	0.05810	0.01414	0.01115	0.08011	0.01016	0.01339	0.00729	0.00841	0.00587	0.00407	0.00355	0.00116	0.00542	0.00291	0.00211	0.00621
27	0.01098	0.01071	0.01885	0.02573	0.70342	0.01064	0.11114	0.02866	0.01031	0.01465	0.00843	0.01105	0.00697	0.00393	0.00448	0.00133	0.00551	0.00409	0.00223	0.00688
28	0.00651	0.00419	0.00483	0.00503	0.00531	0.00415	0.00314	0.00710	0.00740	0.01059	0.01650	0.18471	0.03156	0.49325	0.04342	0.00328	0.00378	0.00720	0.15489	0.00317
29	0.00966	0.24826	0.60354	0.01121	0.01699	0.01223	0.01392	0.01378	0.00923	0.01300	0.00744	0.00871	0.00561	0.00408	0.00382	0.00127	0.00603	0.00302	0.00187	0.00629
30	0.00917	0.03408	0.12987	0.01140	0.01464	0.00830	0.27958	0.01225	0.02495	0.06678	0.23551	0.03993	0.07781	0.00633	0.00521	0.00145	0.02802	0.00602	0.00332	0.00540
31	0.01859	0.00794	0.01033	0.00806	0.01136	0.00730	0.00661	0.06744	0.08855	0.68533	0.02942	0.01519	0.01145	0.00556	0.00446	0.00138	0.00377	0.00452	0.00530	0.00741
32	0.00921	0.00838	0.01350	0.01965	0.54009	0.00829	0.01014	0.01117	0.00944	0.01310	0.01440	0.07769	0.09294	0.12165	0.00710	0.00180	0.00458	0.02848	0.00264	0.00573
33	0.01013	0.00968	0.01648	0.27588	0.57470	0.01028	0.01316	0.01285	0.00968	0.01346	0.00817	0.01119	0.00665	0.00408	0.00439	0.00136	0.00544	0.00393	0.00212	0.00635
34	0.03658	0.01820	0.00781	0.00687	0.00848	0.00622	0.00522	0.07410	0.04507	0.22333	0.03451	0.11019	0.03071	0.21352	0.01000	0.06070	0.00381	0.09586	0.00394	0.00487
35	0.01054	0.14690	0.01577	0.23957	0.15871	0.09477	0.04872	0.01260	0.00919	0.02590	0.00798	0.02755	0.00686	0.00626	0.04394	0.00166	0.13164	0.00384	0.00215	0.00543
36	0.00721	0.00677	0.01229	0.01019	0.01212	0.00629	0.27635	0.00913	0.00957	0.01268	0.06056	0.36541	0.12979	0.02508	0.00574	0.00168	0.00425	0.03697	0.00347	0.00444
37	0.01211	0.02246	0.07988	0.03409	0.01351	0.09161	0.12097	0.05569	0.07613	0.17732	0.03534	0.12175	0.02770	0.00608	0.00452	0.00135	0.00475	0.00534	0.02006	0.08937
38	0.04923	0.01123	0.08805	0.01697	0.25520	0.01026	0.22048	0.07055	0.02470	0.02582	0.08511	0.01295	0.01008	0.00479	0.00526	0.00140	0.06359	0.00451	0.00269	0.03712

[dist]
# distance from previous block
# <min> <max>
24	51

[block]
# block no. 6 follows, 59 sequences, length 41
# corresponding to MSA columns:
# 525-565
name=unknown_G
#
# <colnr> <probs for GDERKNQSTAVLIFYWHMCP>
#	G	D	E	R	K	N	Q	S	T	A	V	L	I	F	Y	W	H	M	C	P
0	0.09060	0.01186	0.25765	0.00889	0.01198	0.02722	0.01783	0.03960	0.01846	0.04098	0.06311	0.07636	0.11958	0.01849	0.05682	0.00188	0.06664	0.04797	0.00301	0.02107
1	0.01171	0.08540	0.20371	0.01032	0.04834	0.16757	0.01808	0.04325	0.08466	0.08051	0.05984	0.03340	0.02393	0.03739	0.00486	0.00137	0.00526	0.00413	0.00296	0.07332
2	0.00903	0.00980	0.13231	0.00828	0.01130	0.03935	0.03857	0.03360	0.02906	0.04448	0.06513	0.08650	0.06045	0.04002	0.03896	0.00160	0.01999	0.05886	0.00311	0.26958
3	0.09101	0.00699	0.00840	0.00763	0.00927	0.00746	0.00592	0.03045	0.10183	0.09304	0.01616	0.28749	0.03150	0.00852	0.00614	0.00153	0.13250	0.02845	0.00362	0.12209
4	0.00916	0.00785	0.00916	0.00654	0.01047	0.00589	0.00523	0.01112	0.00916	0.01439	0.00785	0.00916	0.00654	0.00327	0.00327	0.00065	0.00327	0.00262	0.00262	0.87178
5	0.00976	0.27381	0.57880	0.01106	0.01675	0.01245	0.01365	0.01376	0.00922	0.01289	0.00738	0.00864	0.00562	0.00407	0.00378	0.00126	0.00598	0.00299	0.00187	0.00627
6	0.00767	0.00384	0.00575	0.00575	0.00575	0.00384	0.00384	0.00575	0.00575	0.00767	0.00767	0.01343	0.00767	0.01534	0.01726	0.87150	0.00384	0.00384	0.00192	0.00192
7	0.00559	0.00412	0.00514	0.00579	0.00635	0.00380	0.00401	0.00652	0.00896	0.01172	0.08160	0.52135	0.17867	0.08349	0.00698	0.00193	0.00270	0.05366	0.00403	0.00360
8	0.02403	0.00610	0.00726	0.00701	0.00830	0.02381	0.00524	0.07079	0.05410	0.11639	0.07775	0.39485	0.07938	0.01085	0.02746	0.00175	0.03663	0.02154	0.02201	0.00476
9	0.01059	0.27472	0.34672	0.01001	0.01454	0.01263	0.01100	0.07505	0.13859	0.01451	0.00963	0.02802	0.00766	0.00528	0.02189	0.00140	0.00538	0.00355	0.00255	0.00629
10	0.01129	0.00603	0.00766	0.00661	0.00861	0.00558	0.00517	0.04846	0.04681	0.28498	0.34472	0.08310	0.10635	0.00810	0.00492	0.00142	0.00288	0.00695	0.00490	0.00547
11	0.03172	0.00921	0.01020	0.00809	0.01139	0.03040	0.00648	0.12351	0.23332	0.18351	0.01294	0.01252	0.00944	0.00480	0.00401	0.00115	0.00378	0.00384	0.00396	0.29573
