[name]
unknown

[dist]
# distance from previous block
# <min> <max>
0	546

[block]
# block no. 0 follows, 66 sequences, length 33
# corresponding to MSA columns:
# 546-578
name=unknown_A
#
# <colnr> <probs for GDERKNQSTAVLIFYWHMCP>
#	G	D	E	R	K	N	Q	S	T	A	V	L	I	F	Y	W	H	M	C	P
0	0.00535	0.00417	0.00493	0.00519	0.02516	0.00372	0.00371	0.00668	0.00967	0.01264	0.26632	0.15018	0.41831	0.00974	0.00479	0.00138	0.00216	0.03120	0.03109	0.00361
1	0.01108	0.00874	0.00988	0.03346	0.01121	0.00842	0.00616	0.33438	0.03387	0.01817	0.02820	0.03394	0.00787	0.00425	0.00359	0.00094	0.00363	0.00338	0.00318	0.43567
2	0.03590	0.21869	0.51422	0.01180	0.06479	0.01165	0.01264	0.01381	0.00955	0.03558	0.00864	0.01037	0.00683	0.00478	0.00418	0.00145	0.00580	0.00335	0.00240	0.02357
3	0.09762	0.00939	0.02352	0.00737	0.01057	0.07966	0.00603	0.17222	0.04639	0.14718	0.00928	0.00956	0.00686	0.00399	0.00346	0.00097	0.00381	0.00302	0.00319	0.35590
4	0.00555	0.00414	0.00516	0.00491	0.00595	0.00375	0.00368	0.00729	0.01104	0.01522	0.67370	0.03204	0.19521	0.00869	0.00479	0.00129	0.00194	0.00758	0.00433	0.00375
5	0.00985	0.00968	0.03967	0.06083	0.61908	0.00940	0.08613	0.01271	0.03983	0.02971	0.00867	0.02510	0.00728	0.00402	0.00414	0.00126	0.00492	0.01937	0.00220	0.00614
6	0.00998	0.00961	0.01654	0.04322	0.79579	0.00964	0.03053	0.01242	0.00922	0.01318	0.00763	0.01008	0.00640	0.00362	0.00403	0.00121	0.00488	0.00364	0.00200	0.00636
7	0.00740	0.00382	0.00395	0.00395	0.00489	0.00385	0.00297	0.00925	0.00840	0.01470	0.01364	0.01564	0.02652	0.00637	0.05291	0.00129	0.00243	0.00391	0.81032	0.00376
8	0.00852	0.00593	0.05569	0.00582	0.00762	0.00487	0.00486	0.04717	0.01102	0.16185	0.39487	0.04587	0.15225	0.00745	0.00444	0.00127	0.00258	0.00637	0.06697	0.00457
9	0.06458	0.03649	0.00955	0.00757	0.01017	0.06267	0.00613	0.14757	0.08217	0.38292	0.01460	0.09421	0.02234	0.00589	0.00408	0.00129	0.00375	0.03384	0.00416	0.00601
10	0.00521	0.00412	0.00458	0.00469	0.00586	0.00361	0.00357	0.00647	0.00948	0.01200	0.16123	0.09682	0.54216	0.01005	0.00483	0.00141	0.00221	0.08524	0.03292	0.00352
11	0.00499	0.00361	0.00478	0.00562	0.00594	0.00341	0.00381	0.00575	0.00777	0.01033	0.02265	0.76245	0.06770	0.01364	0.05483	0.00192	0.00284	0.01095	0.00367	0.00332
12	0.01035	0.01025	0.01616	0.04141	0.68646	0.06175	0.04939	0.02493	0.02235	0.01316	0.00770	0.00999	0.00640	0.00376	0.00418	0.00122	0.01864	0.00362	0.00207	0.00621
13	0.10792	0.03855	0.00997	0.00813	0.01061	0.18859	0.00660	0.17657	0.02833	0.22418	0.04635	0.01490	0.01032	0.00550	0.00407	0.00127	0.01376	0.09520	0.00359	0.00557
14	0.01408	0.00679	0.00864	0.00700	0.00953	0.00644	0.00564	0.07023	0.11687	0.48598	0.20437	0.01753	0.01668	0.00583	0.00425	0.00127	0.00313	0.00487	0.00471	0.00613
15	0.01887	0.07652	0.08400	0.03117	0.33131	0.04552	0.02909	0.09431	0.11169	0.09853	0.00958	0.01056	0.00732	0.00446	0.01366	0.00127	0.00470	0.00358	0.00275	0.02110
16	0.04723	0.04116	0.07982	0.00925	0.01227	0.18134	0.00789	0.34893	0.18521	0.03170	0.01006	0.01012	0.00746	0.00469	0.00387	0.00121	0.00484	0.00348	0.00335	0.00612
17	0.01076	0.83311	0.04725	0.00709	0.01064	0.01584	0.00720	0.01217	0.00825	0.00965	0.00569	0.00657	0.00520	0.00348	0.00264	0.00088	0.00439	0.00220	0.00173	0.00523
18	0.01198	0.01039	0.01019	0.00874	0.01128	0.08596	0.00690	0.23505	0.53488	0.01864	0.01377	0.01298	0.01026	0.00521	0.00407	0.00130	0.00392	0.00416	0.00393	0.00639
19	0.00860	0.09001	0.72643	0.01128	0.01695	0.00994	0.04075	0.01292	0.00863	0.02788	0.00734	0.00857	0.00527	0.00383	0.00379	0.00125	0.00584	0.00301	0.00179	0.00593
20	0.00990	0.00950	0.01621	0.07378	0.78434	0.00960	0.01238	0.01233	0.00917	0.01308	0.00761	0.01009	0.00637	0.00364	0.00402	0.00121	0.00485	0.00361	0.00200	0.00631
21	0.00579	0.00389	0.00446	0.00456	0.00459	0.00386	0.00260	0.00587	0.00611	0.00814	0.01384	0.11772	0.01608	0.76443	0.01895	0.00368	0.00376	0.00652	0.00260	0.00255
22	0.01797	0.00727	0.00964	0.00739	0.01054	0.00651	0.00611	0.08606	0.01223	0.76775	0.01549	0.01347	0.00978	0.00501	0.00408	0.00125	0.00354	0.00404	0.00494	0.00690
23	0.04815	0.00691	0.00917	0.00712	0.01014	0.00613	0.00586	0.01918	0.03476	0.75781	0.04041	0.01409	0.01077	0.00509	0.00405	0.00126	0.00339	0.00413	0.00489	0.00671
24	0.00494	0.00353	0.00471	0.00565	0.00588	0.00330	0.00377	0.00565	0.00777	0.01036	0.02236	0.85477	0.02683	0.01271	0.00518	0.00165	0.00235	0.01153	0.00377	0.00330
25	0.00590	0.00393	0.00442	0.00442	0.00442	0.00393	0.00246	0.00590	0.00590	0.00787	0.01278	0.02655	0.01475	0.85742	0.02065	0.00393	0.00393	0.00590	0.00246	0.00246
26	0.00641	0.00458	0.00639	0.00732	0.00820	0.00456	0.00631	0.00818	0.00921	0.01199	0.02155	0.11290	0.02364	0.01133	0.00557	0.00185	0.00362	0.73897	0.00374	0.00370
27	0.00632	0.00428	0.00546	0.00509	0.00614	0.00391	0.00379	0.00803	0.01096	0.05829	0.66898	0.02999	0.10540	0.05874	0.00569	0.00144	0.00213	0.00719	0.00431	0.00387
28	0.01062	0.00882	0.00936	0.00829	0.01067	0.01013	0.00649	0.06886	0.75527	0.03926	0.01610	0.01478	0.01200	0.00545	0.00412	0.00136	0.00329	0.00452	0.00415	0.00646
29	0.01049	0.00978	0.01611	0.02361	0.76410	0.00988	0.01206	0.07935	0.01005	0.01428	0.00781	0.01002	0.00647	0.00372	0.00402	0.00121	0.00479	0.00362	0.00218	0.00647
30	0.00516	0.00373	0.00489	0.00568	0.00603	0.00353	0.00385	0.00627	0.03146	0.01104	0.08922	0.76231	0.02737	0.01214	0.00512	0.00161	0.00234	0.01099	0.00383	0.00343
31	0.00608	0.00453	0.00553	0.00524	0.00638	0.00427	0.00394	0.00856	0.07667	0.02702	0.58311	0.06258	0.17370	0.00854	0.00474	0.00131	0.00208	0.00745	0.00430	0.00399
32	0.01043	0.14396	0.01660	0.06980	0.59175	0.05090	0.01115	0.03559	0.00941	0.01269	0.00729	0.00939	0.00613	0.00368	0.00378	0.00115	0.00489	0.00334	0.00202	0.00605

[dist]
# distance from previous block
# <min> <max>
6	8

[block]
# block no. 1 follows, 66 sequences, length 19
# corresponding to MSA columns:
# 587-605
name=unknown_B
#
# <colnr> <probs for GDERKNQSTAVLIFYWHMCP>
#	G	D	E	R	K	N	Q	S	T	A	V	L	I	F	Y	W	H	M	C	P
0	0.08189	0.02310	0.04552	0.00697	0.00971	0.01768	0.00593	0.08642	0.02455	0.45220	0.13037	0.01492	0.01307	0.00528	0.00393	0.00123	0.00337	0.00425	0.06367	0.00595
1	0.00982	0.00941	0.01607	0.10166	0.75709	0.00958	0.01234	0.01226	0.00913	0.01299	0.00759	0.01011	0.00633	0.00366	0.00402	0.00122	0.00487	0.00361	0.00199	0.00625
2	0.00917	0.00865	0.01459	0.06927	0.64243	0.00868	0.02693	0.01145	0.00929	0.01311	0.07196	0.05013	0.03722	0.00462	0.00417	0.00125	0.00447	0.00444	0.00232	0.00586
3	0.01090	0.00519	0.00697	0.00644	0.00811	0.00465	0.00502	0.01220	0.00991	0.36712	0.06767	0.30687	0.05907	0.00883	0.00471	0.00147	0.00295	0.10262	0.00435	0.00494
4	0.00495	0.00362	0.00466	0.00545	0.00584	0.00333	0.00369	0.00574	0.00807	0.01063	0.05161	0.72873	0.12424	0.01227	0.00512	0.00160	0.00230	0.01103	0.00379	0.00333
5	0.00589	0.00396	0.00458	0.00458	0.00464	0.00402	0.00266	0.00600	0.00595	0.00798	0.01264	0.02574	0.01440	0.79449	0.08310	0.00413	0.00446	0.00578	0.00244	0.00255
6	0.00831	0.07480	0.78411	0.01127	0.01710	0.00985	0.01447	0.01280	0.00855	0.01264	0.00718	0.00843	0.00514	0.00383	0.00377	0.00126	0.00589	0.00294	0.00171	0.00595
7	0.04144	0.00733	0.00957	0.00736	0.01049	0.00664	0.00608	0.09079	0.01215	0.74064	0.01517	0.01325	0.00961	0.00497	0.00404	0.00125	0.00353	0.00399	0.00487	0.00684
8	0.00480	0.00411	0.00411	0.00411	0.00548	0.00343	0.00308	0.00582	0.00925	0.01096	0.04110	0.03905	0.83046	0.01028	0.00480	0.00137	0.00206	0.00856	0.00377	0.00343
9	0.84709	0.00843	0.04284	0.00561	0.00828	0.00912	0.00486	0.01197	0.00698	0.01797	0.00572	0.00668	0.00443	0.00377	0.00257	0.00126	0.00327	0.00223	0.00248	0.00446
10	0.00884	0.00551	0.00656	0.00612	0.02844	0.00549	0.00414	0.09062	0.04800	0.12926	0.10692	0.03772	0.04866	0.44175	0.01268	0.00264	0.00357	0.00566	0.00336	0.00404
11	0.02082	0.21776	0.08911	0.02837	0.40604	0.02730	0.03978	0.03428	0.01979	0.02725	0.00738	0.00905	0.00608	0.00367	0.00362	0.00111	0.00477	0.00318	0.00208	0.04857
12	0.00590	0.00393	0.00442	0.00442	0.00442	0.00393	0.00246	0.00590	0.00590	0.00787	0.01278	0.02655	0.01475	0.85742	0.02065	0.00393	0.00393	0.00590	0.00246	0.00246
13	0.00498	0.00367	0.00468	0.00544	0.00590	0.00337	0.00374	0.00581	0.00814	0.01066	0.04659	0.68077	0.15486	0.01217	0.00512	0.00160	0.00233	0.03305	0.00378	0.00334
14	0.01002	0.00933	0.01450	0.20748	0.48777	0.03731	0.02735	0.03294	0.08627	0.03479	0.00861	0.01072	0.00682	0.00398	0.00404	0.00125	0.00488	0.00371	0.00230	0.00594
15	0.00924	0.00848	0.01435	0.38876	0.45077	0.00925	0.01173	0.01175	0.00881	0.03715	0.00770	0.01050	0.00609	0.00385	0.00404	0.00127	0.00504	0.00363	0.00201	0.00559
16	0.00506	0.00362	0.00485	0.00579	0.00608	0.00340	0.00398	0.00586	0.00789	0.01049	0.02229	0.79321	0.02657	0.01260	0.00521	0.00166	0.00246	0.07190	0.00376	0.00333
17	0.00499	0.00357	0.00468	0.00554	0.00584	0.00331	0.00372	0.00565	0.00780	0.01031	0.02315	0.78081	0.07738	0.01259	0.00543	0.02475	0.00237	0.01113	0.00371	0.00326
18	0.00998	0.00852	0.00888	0.00807	0.02222	0.11016	0.03616	0.18780	0.13834	0.03199	0.06871	0.24748	0.04321	0.00747	0.00440	0.00135	0.00375	0.01726	0.03923	0.00501

[dist]
# distance from previous block
# <min> <max>
4	8

[block]
# block no. 2 follows, 66 sequences, length 45
# corresponding to MSA columns:
# 614-658
name=unknown_C
#
# <colnr> <probs for GDERKNQSTAVLIFYWHMCP>
#	G	D	E	R	K	N	Q	S	T	A	V	L	I	F	Y	W	H	M	C	P
0	0.05897	0.76141	0.01946	0.00674	0.01001	0.01494	0.00661	0.01187	0.00836	0.01043	0.05506	0.00794	0.00714	0.00378	0.00273	0.00091	0.00413	0.00248	0.00194	0.00508
1	0.00761	0.00399	0.00406	0.00391	0.00502	0.00388	0.00295	0.00950	0.00850	0.01501	0.01287	0.01472	0.01014	0.00462	0.00285	0.00092	0.00196	0.00370	0.82733	0.05644
2	0.00856	0.05833	0.00918	0.00607	0.00966	0.00605	0.00494	0.01033	0.00840	0.01300	0.00712	0.00830	0.00596	0.00303	0.00298	0.00062	0.00308	0.00239	0.00236	0.82964
3	0.01022	0.00750	0.00884	0.00643	0.00994	0.00605	0.00518	0.07522	0.00966	0.11937	0.00854	0.00921	0.00660	0.00341	0.00323	0.00073	0.00318	0.00272	0.00287	0.70112
4	0.01030	0.04335	0.04302	0.01008	0.01284	0.01739	0.22276	0.14689	0.08955	0.07942	0.01212	0.14713	0.01087	0.05281	0.00542	0.00145	0.02294	0.00529	0.00311	0.06325
5	0.00620	0.00430	0.00526	0.00493	0.00614	0.00383	0.00373	0.00782	0.01080	0.06371	0.53856	0.03200	0.28022	0.00871	0.00475	0.00130	0.00205	0.00752	0.00428	0.00389
6	0.00578	0.00428	0.00634	0.00640	0.00710	0.00492	0.00493	0.00719	0.00665	0.00961	0.01168	0.07129	0.01125	0.02867	0.76708	0.00607	0.01010	0.00481	0.02224	0.00360
7	0.00976	0.00950	0.01664	0.10893	0.68239	0.00963	0.07880	0.01228	0.00915	0.01294	0.00764	0.01020	0.00630	0.00364	0.00408	0.00123	0.00505	0.00371	0.00199	0.00615
8	0.01542	0.01136	0.01218	0.00933	0.01258	0.01258	0.00771	0.81858	0.01908	0.02557	0.00974	0.00974	0.00690	0.00487	0.00406	0.00122	0.00446	0.00365	0.00406	0.00690
9	0.00561	0.00407	0.00529	0.00513	0.00602	0.00375	0.00379	0.00736	0.01097	0.01539	0.70725	0.12619	0.06618	0.00888	0.00483	0.00132	0.00197	0.00787	0.00436	0.00375
10	0.01779	0.00681	0.00928	0.00715	0.01021	0.00589	0.00589	0.01937	0.01161	0.80761	0.04316	0.01436	0.01098	0.00513	0.00410	0.00126	0.00340	0.00419	0.00500	0.00680
11	0.00519	0.00374	0.00497	0.00582	0.00623	0.00351	0.00413	0.00612	0.00818	0.01085	0.05214	0.67793	0.05990	0.01224	0.00521	0.00165	0.00252	0.12251	0.00379	0.00338
12	0.01534	0.01116	0.01201	0.00924	0.01246	0.01232	0.00762	0.77216	0.04360	0.04755	0.01012	0.01002	0.00715	0.00489	0.00406	0.00122	0.00440	0.00369	0.00409	0.00689
13	0.00493	0.00412	0.00430	0.00425	0.00556	0.00348	0.00319	0.00609	0.00957	0.01173	0.15533	0.03778	0.71575	0.00999	0.00479	0.00136	0.00203	0.00839	0.00387	0.00348
14	0.00507	0.00361	0.00468	0.00545	0.00572	0.00339	0.00360	0.00575	0.00774	0.01031	0.05096	0.70955	0.04899	0.10637	0.00687	0.00188	0.00250	0.01067	0.00365	0.00323
15	0.01356	0.01076	0.01110	0.00900	0.01187	0.04518	0.00727	0.50894	0.29902	0.02195	0.01196	0.01152	0.00874	0.00506	0.00407	0.00127	0.00414	0.00394	0.00400	0.00664
16	0.01313	0.00770	0.00828	0.00689	0.00916	0.07103	0.00549	0.13261	0.08816	0.30859	0.09763	0.01483	0.01242	0.00525	0.00384	0.00118	0.00337	0.00422	0.20055	0.00567
17	0.00585	0.00391	0.00444	0.00449	0.00451	0.00390	0.00253	0.00589	0.00600	0.00800	0.01331	0.07238	0.01542	0.81068	0.01979	0.00381	0.00385	0.00621	0.00253	0.00250
18	0.00758	0.00397	0.00403	0.00402	0.00500	0.00402	0.00301	0.00983	0.04146	0.01505	0.01365	0.04090	0.01098	0.00500	0.00296	0.00098	0.00196	0.00405	0.81767	0.00387
19	0.12521	0.03896	0.06268	0.03497	0.03605	0.17613	0.15430	0.16471	0.07847	0.04522	0.02721	0.00998	0.00715	0.00433	0.00401	0.00124	0.01751	0.00355	0.00278	0.00554
20	0.00881	0.31839	0.44458	0.00913	0.01361	0.01111	0.01076	0.01197	0.00880	0.01208	0.10652	0.01047	0.00918	0.00426	0.00352	0.00113	0.00491	0.00323	0.00206	0.00545
21	0.00906	0.01346	0.36121	0.00966	0.02940	0.00784	0.06619	0.04993	0.00924	0.04919	0.00875	0.00982	0.02853	0.00378	0.00365	0.00103	0.00464	0.00315	0.00231	0.32916
22	0.04110	0.03826	0.63797	0.01140	0.01672	0.00955	0.09033	0.04530	0.00915	0.02566	0.03270	0.00946	0.00637	0.00399	0.00390	0.00128	0.00571	0.00330	0.00200	0.00585
23	0.00501	0.00365	0.00472	0.00545	0.00586	0.00336	0.00371	0.00587	0.00828	0.01101	0.10543	0.69568	0.10292	0.01204	0.00510	0.00158	0.00228	0.01083	0.00384	0.00336
24	0.01804	0.00716	0.00958	0.00734	0.01049	0.00635	0.00606	0.06620	0.01205	0.78788	0.01564	0.01357	0.00986	0.00501	0.00408	0.00125	0.00351	0.00406	0.00497	0.00690
25	0.01114	0.06526	0.01078	0.01668	0.01108	0.01068	0.02099	0.21596	0.46536	0.02631	0.02734	0.01437	0.05165	0.00548	0.00432	0.00131	0.02688	0.00440	0.00383	0.00618
26	0.00904	0.00907	0.01349	0.01254	0.09973	0.01201	0.05336	0.01023	0.00672	0.01032	0.00573	0.00911	0.00549	0.00652	0.01185	0.00169	0.71294	0.00362	0.00182	0.00471
27	0.00925	0.00821	0.01170	0.01207	0.24125	0.00706	0.05568	0.02956	0.00901	0.02606	0.00758	0.00913	0.00622	0.00327	0.00344	0.00084	0.00378	0.00294	0.00235	0.55060
28	0.00981	0.42600	0.35781	0.00961	0.01416	0.01280	0.06379	0.04225	0.00886	0.01173	0.00664	0.00777	0.00530	0.00368	0.00332	0.00109	0.00519	0.00274	0.00183	0.00561
29	0.00622	0.00463	0.00601	0.00667	0.00770	0.00452	0.00564	0.00813	0.03423	0.01190	0.02527	0.06679	0.19173	0.02933	0.00570	0.00179	0.00333	0.57296	0.00373	0.00371
30	0.00501	0.00371	0.00468	0.00529	0.00583	0.00338	0.00364	0.00591	0.00848	0.01116	0.11955	0.60349	0.18157	0.01173	0.00506	0.00155	0.00225	0.01048	0.00385	0.00338
31	0.07659	0.12501	0.08764	0.00811	0.01140	0.02434	0.05176	0.06993	0.03287	0.40571	0.05741	0.01222	0.00965	0.00469	0.00382	0.00121	0.00402	0.00376	0.00375	0.00610
32	0.01235	0.01297	0.01130	0.06504	0.01252	0.36367	0.02612	0.10195	0.02152	0.05307	0.02368	0.02179	0.03672	0.02984	0.00644	0.00137	0.18858	0.00366	0.00253	0.00488
33	0.00510	0.00407	0.00458	0.00457	0.00570	0.00354	0.00338	0.00638	0.00980	0.01256	0.28514	0.11462	0.50646	0.00989	0.00483	0.00137	0.00204	0.00847	0.00399	0.00354
34	0.00906	0.05513	0.00993	0.00723	0.04041	0.04016	0.02126	0.02832	0.00881	0.01315	0.00718	0.00840	0.00597	0.00315	0.00310	0.00068	0.00343	0.00252	0.00237	0.72974
35	0.02902	0.06192	0.00767	0.00603	0.00780	0.00607	0.00480	0.04073	0.09637	0.15604	0.39383	0.03809	0.08169	0.00707	0.00434	0.00127	0.00265	0.02154	0.02827	0.00480
36	0.00557	0.00379	0.00452	0.00485	0.00493	0.00371	0.00291	0.00581	0.00655	0.00873	0.01610	0.31370	0.01894	0.56455	0.01529	0.00314	0.00339	0.00785	0.00291	0.00275
37	0.00499	0.00364	0.00468	0.00548	0.00587	0.00336	0.00372	0.00576	0.00798	0.01049	0.03373	0.71550	0.12098	0.02831	0.00543	0.00166	0.00237	0.02898	0.00375	0.00331
38	0.08177	0.29837	0.43308	0.01034	0.06807	0.01158	0.01117	0.01259	0.00840	0.02132	0.00672	0.00787	0.00524	0.00372	0.00334	0.00114	0.00510	0.00271	0.00184	0.00564
39	0.00525	0.00442	0.00459	0.00449	0.00588	0.00391	0.00339	0.00706	0.06333	0.01194	0.12665	0.03650	0.68892	0.00974	0.00475	0.00136	0.00212	0.00816	0.00387	0.00367
40	0.00591	0.00420	0.00539	0.00506	0.00610	0.00384	0.00381	0.00775	0.01130	0.03221	0.74805	0.03070	0.10362	0.00839	0.00477	0.00128	0.00196	0.00737	0.00442	0.00386
41	0.06315	0.06779	0.13659	0.01261	0.05824	0.01053	0.29890	0.21101	0.01136	0.01597	0.00892	0.05647	0.00724	0.00481	0.01706	0.00137	0.00545	0.00422	0.00260	0.00572
42	0.01028	0.01051	0.07090	0.01319	0.05823	0.00986	0.36887	0.11760	0.16530	0.03759	0.07288	0.01291	0.00993	0.00451	0.00458	0.00133	0.01821	0.00458	0.00294	0.00582
43	0.04942	0.00783	0.05438	0.00712	0.00991	0.00696	0.00610	0.14392	0.03366	0.42370	0.09053	0.01506	0.03704	0.00533	0.00397	0.00123	0.00340	0.00430	0.09010	0.00604
44	0.05896	0.71431	0.11604	0.00740	0.01111	0.01489	0.00775	0.01222	0.00821	0.01041	0.00583	0.00675	0.00515	0.00353	0.00274	0.00094	0.00447	0.00227	0.00178	0.00525

[dist]
# distance from previous block
# <min> <max>
0	8

[block]
# block no. 3 follows, 66 sequences, length 63
# corresponding to MSA columns:
# 668-730
name=unknown_D
#
# <colnr> <probs for GDERKNQSTAVLIFYWHMCP>
#	G	D	E	R	K	N	Q	S	T	A	V	L	I	F	Y	W	H	M	C	P
0	0.01054	0.68754	0.16824	0.00778	0.01170	0.01461	0.00837	0.01246	0.00838	0.03023	0.00619	0.00706	0.00531	0.00358	0.00287	0.00095	0.00462	0.00237	0.00181	0.00539
1	0.01080	0.73497	0.10076	0.00757	0.01122	0.05718	0.00778	0.01242	0.00844	0.00989	0.00583	0.00675	0.00520	0.00354	0.00278	0.00092	0.00465	0.00227	0.00175	0.00526
2	0.01263	0.04138	0.05412	0.00943	0.01168	0.44472	0.00767	0.12842	0.05539	0.01297	0.01023	0.05734	0.00940	0.00603	0.01556	0.00131	0.00585	0.10813	0.00275	0.00498
3	0.00494	0.00353	0.00471	0.00565	0.00588	0.00330	0.00377	0.00565	0.00777	0.01036	0.02236	0.85477	0.02683	0.01271	0.00518	0.00165	0.00235	0.01153	0.00377	0.00330
4	0.00542	0.00429	0.00499	0.00531	0.00650	0.00386	0.00429	0.00676	0.00934	0.01156	0.06605	0.05868	0.50979	0.01056	0.00507	0.00154	0.00262	0.27606	0.00379	0.00354
5	0.00736	0.00486	0.00566	0.00522	0.00669	0.00444	0.00396	0.02819	0.05315	0.11863	0.25902	0.07301	0.36739	0.03771	0.00521	0.00143	0.00239	0.00738	0.00411	0.00419
6	0.00546	0.00414	0.00504	0.00481	0.00589	0.00371	0.00361	0.00712	0.01082	0.01470	0.59732	0.03288	0.27191	0.00888	0.00479	0.00130	0.00196	0.00770	0.00426	0.00371
7	0.17816	0.01137	0.01076	0.00860	0.01154	0.09847	0.00701	0.55368	0.03395	0.02214	0.00922	0.00945	0.01850	0.00469	0.00374	0.00121	0.00445	0.00336	0.00356	0.00614
8	0.00841	0.10671	0.75310	0.01109	0.01683	0.01010	0.01417	0.01278	0.00853	0.01251	0.00711	0.00836	0.00515	0.00382	0.00373	0.00124	0.00583	0.00291	0.00172	0.00592
9	0.01780	0.00728	0.00962	0.00740	0.01053	0.00656	0.00610	0.07948	0.03141	0.75511	0.01555	0.01354	0.00986	0.00502	0.00408	0.00126	0.00352	0.00406	0.00493	0.00689
10	0.00580	0.00434	0.00647	0.00647	0.00717	0.00504	0.00500	0.00721	0.00650	0.00938	0.01092	0.01621	0.01026	0.05158	0.82035	0.00645	0.01069	0.00439	0.00218	0.00359
11	0.03708	0.01312	0.18913	0.03947	0.10465	0.11768	0.04361	0.11165	0.21081	0.03974	0.00992	0.01061	0.00747	0.00456	0.00437	0.00129	0.04250	0.00361	0.00281	0.00593
12	0.00752	0.00379	0.00382	0.00381	0.00476	0.00378	0.00286	0.00941	0.00857	0.01515	0.03099	0.01546	0.01100	0.00480	0.00288	0.00095	0.00189	0.00386	0.86091	0.00378
13	0.00494	0.00353	0.00471	0.00565	0.00588	0.00330	0.00377	0.00565	0.00777	0.01036	0.02236	0.85477	0.02683	0.01271	0.00518	0.00165	0.00235	0.01153	0.00377	0.00330
14	0.00953	0.01012	0.01913	0.04767	0.31731	0.03374	0.41713	0.01232	0.00942	0.01277	0.00982	0.02357	0.04964	0.00402	0.00445	0.00130	0.00575	0.00454	0.00214	0.00563
15	0.13770	0.00945	0.00865	0.00744	0.00934	0.13717	0.00586	0.24503	0.01152	0.03455	0.01006	0.06831	0.00858	0.03902	0.00503	0.00133	0.07431	0.00394	0.17775	0.00495
16	0.00486	0.00409	0.00414	0.00417	0.00543	0.00345	0.00307	0.00582	0.00903	0.01078	0.03913	0.05908	0.76714	0.05492	0.00564	0.00151	0.00216	0.00850	0.00370	0.00337
17	0.01667	0.00721	0.00937	0.00732	0.01027	0.00662	0.00600	0.09061	0.05484	0.66302	0.07170	0.01465	0.01183	0.00526	0.00413	0.00126	0.00342	0.00429	0.00485	0.00667
18	0.05718	0.01099	0.10832	0.02302	0.03047	0.05308	0.19842	0.18842	0.07797	0.09544	0.01168	0.08708	0.02886	0.00518	0.00423	0.00131	0.00485	0.00466	0.00312	0.00572
19	0.00725	0.00599	0.00852	0.00761	0.00829	0.00716	0.04882	0.03496	0.01924	0.01029	0.00996	0.01604	0.00971	0.20538	0.32557	0.00396	0.21478	0.00447	0.04817	0.00382
20	0.00934	0.03243	0.34094	0.00947	0.03423	0.02397	0.03207	0.08032	0.01725	0.04317	0.00843	0.03703	0.00671	0.00466	0.02439	0.00119	0.00478	0.00327	0.00238	0.28397
21	0.01146	0.00788	0.03721	0.05199	0.03586	0.00639	0.04386	0.03304	0.00967	0.25377	0.01010	0.02089	0.00743	0.00388	0.00357	0.00094	0.00362	0.00327	0.00314	0.45202
22	0.88607	0.00785	0.00596	0.00534	0.00785	0.00910	0.00439	0.01193	0.00690	0.01820	0.00565	0.00659	0.00439	0.00377	0.00251	0.00126	0.00314	0.00220	0.00251	0.00439
23	0.00879	0.00955	0.01992	0.14186	0.03596	0.00930	0.59130	0.01179	0.00915	0.01231	0.00959	0.10283	0.00830	0.00453	0.00470	0.00139	0.00610	0.00532	0.00220	0.00511
24	0.00992	0.05498	0.04117	0.03577	0.52423	0.04282	0.14647	0.02381	0.00942	0.01295	0.02447	0.03982	0.00757	0.00404	0.00411	0.00123	0.00513	0.00403	0.00213	0.00593
25	0.01642	0.00713	0.00923	0.00726	0.01019	0.00655	0.00593	0.06090	0.08966	0.65961	0.04715	0.01508	0.03494	0.00534	0.00413	0.00127	0.00338	0.00436	0.00483	0.00664
26	0.00499	0.00355	0.00469	0.00559	0.00581	0.00333	0.00370	0.00566	0.00767	0.01023	0.02186	0.81169	0.02621	0.05665	0.00598	0.00177	0.00244	0.01124	0.00370	0.00325
27	0.00547	0.00427	0.00537	0.04279	0.00694	0.00426	0.00415	0.00636	0.00799	0.01036	0.04423	0.36376	0.24283	0.12814	0.02165	0.00196	0.04719	0.04552	0.00338	0.00337
28	0.01038	0.22054	0.35089	0.01150	0.09996	0.06564	0.03779	0.06398	0.05227	0.03942	0.00780	0.00881	0.00598	0.00393	0.00362	0.00116	0.00526	0.00306	0.00217	0.00586
29	0.02392	0.00838	0.07947	0.00905	0.01166	0.00731	0.16825	0.07788	0.03701	0.14493	0.18336	0.02023	0.12558	0.00632	0.00492	0.00135	0.04458	0.03716	0.00352	0.00514
30	0.57022	0.05485	0.00964	0.01003	0.17934	0.07250	0.01397	0.02495	0.00802	0.01616	0.00619	0.00745	0.00498	0.00376	0.00296	0.00121	0.00392	0.00257	0.00235	0.00493
31	0.14409	0.00686	0.00851	0.00678	0.00958	0.00640	0.00555	0.01753	0.04619	0.60057	0.09299	0.01440	0.01204	0.00517	0.00392	0.00126	0.00325	0.00414	0.00456	0.00622
32	0.00534	0.00435	0.00476	0.00465	0.00592	0.00388	0.00349	0.00716	0.05227	0.01277	0.26390	0.05517	0.54287	0.00952	0.00477	0.00135	0.00208	0.00808	0.00399	0.00369
33	0.03649	0.07512	0.08876	0.02467	0.01909	0.00895	0.01461	0.16502	0.13822	0.08752	0.03689	0.01081	0.00839	0.00426	0.00361	0.00105	0.00380	0.00338	0.00315	0.26622
34	0.00962	0.00921	0.01558	0.08495	0.73467	0.00931	0.01193	0.01199	0.00916	0.01294	0.00913	0.01143	0.04405	0.00395	0.00406	0.00122	0.00474	0.00384	0.00207	0.00615
35	0.00610	0.00435	0.00594	0.00678	0.00754	0.00426	0.00559	0.00754	0.00882	0.01148	0.02217	0.22141	0.06579	0.02880	0.00602	0.02326	0.00334	0.55358	0.00367	0.00355
36	0.01177	0.00748	0.00818	0.00677	0.00896	0.00789	0.00542	0.34406	0.05048	0.10937	0.01461	0.05806	0.06530	0.00564	0.00379	0.00118	0.00322	0.00452	0.27782	0.00548
37	0.00960	0.24114	0.43990	0.01129	0.03947	0.05461	0.10829	0.02926	0.00899	0.01211	0.00697	0.00831	0.00536	0.00373	0.00363	0.00117	0.00566	0.00300	0.00184	0.00569
38	0.00493	0.00410	0.00423	0.00421	0.00547	0.00348	0.00311	0.00598	0.00926	0.01123	0.10412	0.03768	0.72326	0.05418	0.00562	0.00150	0.00214	0.00832	0.00376	0.00341
39	0.00580	0.00435	0.00652	0.00652	0.00724	0.00507	0.00507	0.00724	0.00652	0.00942	0.01087	0.01594	0.01014	0.03043	0.84134	0.00652	0.01087	0.00435	0.00217	0.00362
40	0.01405	0.00885	0.00998	0.00795	0.01068	0.00930	0.00645	0.45278	0.05120	0.20833	0.01426	0.07752	0.05242	0.00581	0.00413	0.00126	0.00375	0.00466	0.05034	0.00626
41	0.01036	0.01323	0.23994	0.01228	0.01602	0.07010	0.28476	0.05007	0.03759	0.09135	0.02267	0.05101	0.00788	0.00469	0.00499	0.00135	0.06936	0.00429	0.00251	0.00558
42	0.05847	0.01025	0.01919	0.03766	0.21496	0.03799	0.46898	0.01295	0.00943	0.05047	0.00862	0.02973	0.00686	0.00387	0.00440	0.00132	0.00585	0.01114	0.00225	0.00559
43	0.06085	0.01098	0.01163	0.00904	0.01218	0.01221	0.00744	0.71729	0.07791	0.02455	0.01003	0.00997	0.00717	0.00486	0.00398	0.00123	0.00430	0.00365	0.00398	0.00673
44	0.00590	0.00393	0.00442	0.00442	0.00442	0.00393	0.00246	0.00590	0.00590	0.00787	0.01278	0.02655	0.01475	0.85742	0.02065	0.00393	0.00393	0.00590	0.00246	0.00246
45	0.00957	0.01105	0.03633	0.01729	0.04962	0.01023	0.77662	0.01297	0.00955	0.01300	0.00817	0.01088	0.00615	0.00343	0.00475	0.00136	0.00676	0.00472	0.00205	0.00551
46	0.01054	0.00866	0.00913	0.00800	0.01033	0.00985	0.00628	0.14240	0.62260	0.01793	0.01640	0.01537	0.04777	0.00558	0.00408	0.00133	0.00328	0.00458	0.04966	0.00622
47	0.01085	0.85986	0.02126	0.00694	0.01041	0.01605	0.00694	0.01215	0.00824	0.00955	0.00564	0.00651	0.00521	0.00347	0.00260	0.00087	0.00434	0.00217	0.00174	0.00521
48	0.00856	0.01929	0.71397	0.01248	0.06014	0.00945	0.06207	0.01294	0.00869	0.03129	0.00752	0.00891	0.00538	0.00389	0.00407	0.00129	0.01907	0.00317	0.00182	0.00598
49	0.01820	0.00690	0.00942	0.00722	0.01036	0.00596	0.00596	0.01977	0.01161	0.83492	0.01601	0.01381	0.01004	0.00502	0.00408	0.00126	0.00345	0.00408	0.00502	0.00690
50	0.00494	0.00353	0.00471	0.00565	0.00588	0.00330	0.00377	0.00565	0.00777	0.01036	0.02236	0.85477	0.02683	0.01271	0.00518	0.00165	0.00235	0.01153	0.00377	0.00330
51	0.01328	0.07247	0.02548	0.01125	0.05597	0.46284	0.06741	0.09835	0.06037	0.01238	0.00735	0.00854	0.00597	0.00444	0.00458	0.00117	0.07749	0.00311	0.00235	0.00521
52	0.00486	0.00395	0.00431	0.00456	0.00561	0.00340	0.00329	0.00583	0.00891	0.01095	0.05924	0.26113	0.58807	0.01088	0.00490	0.00144	0.00213	0.00934	0.00379	0.00340
53	0.00515	0.00378	0.00480	0.00547	0.00598	0.00350	0.00384	0.00604	0.00824	0.01079	0.06729	0.56543	0.15504	0.05589	0.00594	0.00172	0.00249	0.08152	0.00373	0.00334
54	0.02901	0.00444	0.00573	0.00528	0.00643	0.00412	0.00400	0.00865	0.01133	0.07788	0.73810	0.03834	0.03516	0.00799	0.00468	0.00128	0.00207	0.00701	0.00445	0.00407
55	0.00877	0.00739	0.00887	0.02653	0.11191	0.01989	0.00649	0.08296	0.32301	0.01511	0.07884	0.17945	0.06762	0.00729	0.00445	0.00140	0.00331	0.03770	0.00370	0.00531
56	0.00495	0.00361	0.00467	0.00547	0.00585	0.00333	0.00370	0.00574	0.00805	0.01062	0.05188	0.74211	0.11048	0.01231	0.00513	0.00161	0.00231	0.01108	0.00379	0.00333
57	0.00679	0.00441	0.00568	0.00527	0.00644	0.00402	0.00398	0.00864	0.01964	0.08925	0.64077	0.07254	0.10024	0.00836	0.00474	0.00130	0.00210	0.00734	0.00442	0.00407
58	0.17813	0.01187	0.08720	0.00930	0.03430	0.15787	0.05125	0.18685	0.08544	0.10006	0.05216	0.01065	0.00837	0.00458	0.00376	0.00123	0.00465	0.00351	0.00316	0.00566
59	0.00919	0.00872	0.02161	0.27133	0.28014	0.02896	0.06771	0.04959	0.03361	0.01248	0.00824	0.01143	0.00680	0.04892	0.00568	0.00144	0.07730	0.00382	0.04778	0.00523
60	0.02134	0.00562	0.00789	0.00748	0.04491	0.00594	0.07221	0.06032	0.00752	0.01046	0.01192	0.08479	0.01268	0.43440	0.13910	0.00344	0.04967	0.00556	0.01121	0.00357
61	0.84026	0.05245	0.00676	0.00542	0.00798	0.00947	0.00453	0.01194	0.00697	0.01775	0.00565	0.00659	0.00444	0.00375	0.00252	0.00124	0.00320	0.00220	0.00247	0.00444
62	0.01116	0.00821	0.00922	0.00729	0.02294	0.05981	0.01738	0.08219	0.05231	0.16852	0.02083	0.03612	0.03595	0.00436	0.00358	0.00093	0.00352	0.00354	0.00321	0.44895

[dist]
# distance from previous block
# <min> <max>
5	6

[block]
# block no. 4 follows, 66 sequences, length 41
# corresponding to MSA columns:
# 737-753,766-774,780-794
name=unknown_E
#
# <colnr> <probs for GDERKNQSTAVLIFYWHMCP>
#	G	D	E	R	K	N	Q	S	T	A	V	L	I	F	Y	W	H	M	C	P
0	0.01267	0.47683	0.03546	0.00848	0.01150	0.31274	0.00750	0.07205	0.01021	0.01092	0.00620	0.00708	0.00533	0.00384	0.00312	0.00097	0.00546	0.00246	0.00203	0.00517
1	0.00928	0.00763	0.00873	0.00720	0.03304	0.02410	0.00548	0.06534	0.12497	0.04231	0.03729	0.06767	0.01847	0.00458	0.00371	0.00092	0.01746	0.00377	0.01166	0.50641
2	0.04550	0.01031	0.10666	0.06722	0.45087	0.00914	0.05118	0.01379	0.07798	0.09862	0.00972	0.01116	0.02142	0.00409	0.00401	0.00126	0.00469	0.00376	0.00251	0.00613
3	0.02495	0.00744	0.00903	0.00715	0.00991	0.04446	0.04671	0.05250	0.02359	0.16799	0.01209	0.08797	0.03968	0.00724	0.07967	0.00150	0.00418	0.00418	0.00313	0.36660
4	0.00589	0.00395	0.00451	0.00450	0.00454	0.00396	0.00256	0.00598	0.00604	0.00810	0.03089	0.02633	0.01514	0.81464	0.04402	0.00395	0.00409	0.00589	0.00249	0.00252
5	0.00972	0.01031	0.01192	0.01034	0.01072	0.14468	0.00845	0.01069	0.00733	0.01012	0.04760	0.00972	0.00699	0.00669	0.01133	0.00163	0.67173	0.00359	0.00196	0.00445
6	0.05365	0.03499	0.00948	0.00739	0.01011	0.03583	0.00602	0.09223	0.12331	0.46693	0.05899	0.03777	0.02062	0.00549	0.00406	0.00127	0.00354	0.01769	0.00439	0.00624
7	0.00495	0.00373	0.00451	0.00510	0.00568	0.00337	0.00348	0.00572	0.00813	0.01041	0.02769	0.55559	0.27699	0.05743	0.00589	0.00168	0.00235	0.01030	0.00370	0.00329
8	0.00557	0.00414	0.00528	0.00564	0.00651	0.00384	0.00437	0.00701	0.00961	0.01273	0.26921	0.22412	0.19773	0.01048	0.00509	0.00154	0.00252	0.21705	0.00397	0.00360
9	0.01338	0.01678	0.05866	0.01187	0.01465	0.53977	0.18628	0.05973	0.02641	0.01176	0.00712	0.00849	0.00565	0.00410	0.00409	0.00116	0.01958	0.00322	0.00220	0.00509
10	0.00938	0.00896	0.01518	0.19419	0.63896	0.00931	0.01190	0.01180	0.00901	0.01258	0.00864	0.01115	0.03315	0.00392	0.00405	0.00124	0.00485	0.00377	0.00202	0.00593
11	0.00496	0.00403	0.00440	0.00449	0.00563	0.00347	0.00330	0.00607	0.00937	0.01168	0.15778	0.15765	0.59237	0.01033	0.00485	0.00140	0.00208	0.00881	0.00387	0.00347
12	0.04276	0.00806	0.01001	0.00770	0.01084	0.00772	0.00636	0.22097	0.01336	0.60707	0.01412	0.01257	0.00909	0.00495	0.00403	0.00125	0.00370	0.00392	0.00471	0.00683
13	0.00567	0.00403	0.00516	0.00572	0.00619	0.00388	0.00392	0.04970	0.00870	0.01177	0.10280	0.68311	0.02622	0.04042	0.00556	0.00165	0.00247	0.01036	0.01914	0.00352
14	0.01085	0.85986	0.02126	0.00694	0.01041	0.01605	0.00694	0.01215	0.00824	0.00955	0.00564	0.00651	0.00521	0.00347	0.00260	0.00087	0.00434	0.00217	0.00174	0.00521
15	0.00602	0.00402	0.00466	0.00478	0.00492	0.00402	0.00296	0.00630	0.00639	0.00858	0.01385	0.02856	0.01567	0.73145	0.01834	0.00360	0.00385	0.10253	0.02686	0.00265
16	0.00885	0.01768	0.63541	0.05442	0.04740	0.00894	0.03927	0.01296	0.00885	0.07019	0.00869	0.01118	0.00656	0.00432	0.00401	0.00132	0.00565	0.04636	0.00208	0.00586
17	0.01046	0.00890	0.00938	0.00833	0.01069	0.01026	0.00651	0.07658	0.76916	0.01757	0.01605	0.01476	0.01201	0.00546	0.00412	0.00137	0.00330	0.00452	0.00412	0.00645
18	0.01068	0.80746	0.07218	0.00723	0.01086	0.01564	0.00744	0.01219	0.00826	0.00975	0.00574	0.00664	0.00520	0.00349	0.00268	0.00089	0.00444	0.00222	0.00173	0.00526
19	0.00949	0.03574	0.01470	0.01163	0.01297	0.08283	0.19297	0.01145	0.04470	0.01087	0.00745	0.05264	0.00692	0.00611	0.00938	0.00157	0.47759	0.00417	0.00207	0.00475
20	0.01321	0.16571	0.01288	0.00854	0.01153	0.02826	0.00715	0.40249	0.24040	0.05221	0.01105	0.01076	0.00821	0.00478	0.00381	0.00120	0.00411	0.00364	0.00365	0.00642
21	0.00853	0.07997	0.69115	0.01254	0.09232	0.00993	0.02510	0.01276	0.00862	0.01265	0.00721	0.00859	0.00528	0.00380	0.00379	0.00125	0.00578	0.00302	0.00175	0.00597
22	0.00785	0.00749	0.01293	0.77474	0.05740	0.00910	0.05249	0.01058	0.00823	0.01061	0.00728	0.01079	0.00548	0.00401	0.00409	0.00135	0.00546	0.00367	0.00182	0.00463
23	0.01004	0.00964	0.01647	0.02490	0.83211	0.00964	0.01245	0.01245	0.00924	0.01325	0.00763	0.01004	0.00643	0.00361	0.00402	0.00120	0.00482	0.00361	0.00201	0.00643
24	0.00589	0.00398	0.00468	0.00468	0.00477	0.00407	0.00277	0.00606	0.00598	0.00805	0.01255	0.02527	0.01419	0.75733	0.11997	0.00425	0.00477	0.00571	0.00242	0.00260
25	0.00832	0.07843	0.55239	0.01164	0.05675	0.00951	0.07808	0.01213	0.00888	0.01289	0.09351	0.01098	0.00878	0.00436	0.00429	0.00127	0.03652	0.00359	0.00205	0.00563
26	0.00497	0.00360	0.00470	0.00552	0.00587	0.00333	0.00372	0.00576	0.00805	0.01069	0.06422	0.75949	0.08042	0.01233	0.00513	0.00161	0.00231	0.01113	0.00380	0.00333
27	0.00949	0.00444	0.00488	0.00446	0.00581	0.00430	0.00345	0.02573	0.00922	0.15255	0.01364	0.01481	0.01028	0.00478	0.00307	0.00100	0.00220	0.00383	0.71773	0.00436
28	0.09880	0.10575	0.10695	0.04362	0.06454	0.09150	0.02215	0.18474	0.16568	0.04325	0.00979	0.01024	0.01599	0.00444	0.00370	0.00121	0.00456	0.00341	0.00295	0.01673
29	0.00593	0.00431	0.00493	0.00481	0.00613	0.00379	0.00372	0.00728	0.00985	0.05669	0.22158	0.03545	0.51180	0.00986	0.01889	0.00146	0.00238	0.07098	0.01642	0.00374
30	0.00500	0.00363	0.00474	0.00560	0.00597	0.00337	0.00383	0.00579	0.00797	0.01049	0.02399	0.74483	0.09813	0.01242	0.00516	0.00163	0.00239	0.04795	0.00376	0.00333
31	0.01187	0.01158	0.03009	0.01104	0.01359	0.17510	0.19740	0.20591	0.03771	0.05182	0.00953	0.06460	0.00797	0.00658	0.05185	0.00161	0.09923	0.00428	0.00282	0.00541
32	0.07001	0.04433	0.01019	0.00822	0.05223	0.00780	0.00638	0.13598	0.04192	0.46588	0.03136	0.01260	0.00943	0.00618	0.04898	0.00150	0.00403	0.00384	0.00414	0.03500
33	0.00490	0.00369	0.00455	0.00524	0.00578	0.00333	0.00358	0.00570	0.00817	0.01052	0.02740	0.63560	0.24275	0.01206	0.00508	0.00157	0.00227	0.01074	0.00377	0.00333
34	0.00495	0.00367	0.00463	0.00533	0.00582	0.00335	0.00364	0.00578	0.00823	0.01076	0.06516	0.66176	0.17802	0.01204	0.00509	0.00158	0.00228	0.01077	0.00380	0.00335
35	0.03627	0.00586	0.00772	0.01872	0.04903	0.01314	0.05162	0.08494	0.02262	0.02619	0.02972	0.08785	0.08796	0.26535	0.11167	0.01921	0.00469	0.07059	0.00294	0.00392
36	0.01408	0.01293	0.01155	0.00956	0.01212	0.23495	0.00763	0.42399	0.14104	0.01895	0.00956	0.00987	0.00719	0.00494	0.00459	0.00123	0.06287	0.00351	0.00338	0.00607
37	0.00941	0.00476	0.00516	0.00467	0.00606	0.00473	0.00362	0.07315	0.00979	0.11580	0.03659	0.01498	0.01088	0.00488	0.00314	0.00101	0.00228	0.00391	0.68078	0.00440
38	0.03478	0.02554	0.01169	0.32710	0.09204	0.07607	0.03165	0.05289	0.00935	0.05682	0.02176	0.01010	0.00650	0.00395	0.00386	0.00112	0.01598	0.00330	0.00235	0.21316
39	0.03442	0.00898	0.02952	0.30193	0.35662	0.00958	0.05221	0.07822	0.00958	0.01340	0.03444	0.01083	0.00703	0.00413	0.00435	0.00129	0.03199	0.00374	0.00219	0.00555
40	0.01022	0.24266	0.22551	0.03585	0.15560	0.05730	0.02487	0.04671	0.03264	0.05006	0.00959	0.01069	0.05053	0.01174	0.00376	0.00117	0.00485	0.00337	0.01725	0.00562

[dist]
# distance from previous block
# <min> <max>
1	8

[block]
# block no. 5 follows, 66 sequences, length 28
# corresponding to MSA columns:
# 804-831
name=unknown_F
#
# <colnr> <probs for GDERKNQSTAVLIFYWHMCP>
#	G	D	E	R	K	N	Q	S	T	A	V	L	I	F	Y	W	H	M	C	P
0	0.01109	0.05995	0.17044	0.06235	0.04984	0.17098	0.00863	0.06763	0.10758	0.08658	0.03662	0.05747	0.00901	0.00483	0.00386	0.00118	0.00482	0.00384	0.00281	0.08049
1	0.06838	0.00979	0.01012	0.00831	0.01100	0.03124	0.00667	0.40526	0.27405	0.04804	0.01344	0.01324	0.05073	0.02578	0.00441	0.00134	0.00388	0.00415	0.00391	0.00625
2	0.03324	0.05045	0.02231	0.00685	0.00908	0.02124	0.00555	0.11836	0.05018	0.29150	0.04992	0.10185	0.02466	0.02257	0.03691	0.05850	0.00370	0.00480	0.06137	0.02696
3	0.05648	0.09044	0.13953	0.01347	0.23909	0.07157	0.03299	0.12698	0.07685	0.07920	0.00902	0.00993	0.00685	0.00415	0.00377	0.00119	0.00475	0.00340	0.02432	0.00603
4	0.14762	0.21484	0.26767	0.00863	0.02461	0.07172	0.00885	0.03540	0.08195	0.01352	0.05071	0.01060	0.03930	0.00442	0.00345	0.00117	0.00458	0.00325	0.00238	0.00532
5	0.00877	0.11702	0.66852	0.01110	0.01657	0.01017	0.04937	0.01313	0.02828	0.02995	0.00754	0.00870	0.00547	0.00386	0.00376	0.00124	0.00572	0.00304	0.00186	0.00591
6	0.00938	0.00735	0.00795	0.00698	0.00896	0.00783	0.00544	0.25503	0.21148	0.01710	0.07407	0.13788	0.21831	0.00769	0.00446	0.00136	0.00310	0.00645	0.00399	0.00521
7	0.00705	0.00352	0.00529	0.00529	0.00529	0.00352	0.00352	0.00529	0.00529	0.00705	0.00705	0.01233	0.00705	0.01409	0.01586	0.88196	0.00352	0.00352	0.00176	0.00176
8	0.00871	0.00759	0.00951	0.00704	0.02294	0.00605	0.04651	0.03394	0.00876	0.01351	0.00731	0.00861	0.00604	0.00316	0.00333	0.00069	0.01835	0.00260	0.00242	0.78293
9	0.13001	0.01048	0.15397	0.00962	0.01266	0.04072	0.16016	0.05375	0.05048	0.13088	0.01185	0.11288	0.02240	0.03460	0.00492	0.00145	0.02542	0.02554	0.00297	0.00524
10	0.01353	0.01094	0.05339	0.00949	0.04042	0.02875	0.00777	0.60676	0.03427	0.02207	0.00987	0.01055	0.00732	0.00705	0.07890	0.00168	0.00505	0.00368	0.04213	0.00635
11	0.00507	0.00405	0.00456	0.00480	0.00580	0.00360	0.00346	0.00636	0.03119	0.01142	0.10693	0.29701	0.47985	0.01074	0.00490	0.00145	0.00217	0.00929	0.00384	0.00350
12	0.00651	0.00530	0.00754	0.06130	0.00862	0.00646	0.00563	0.00761	0.00647	0.00925	0.01025	0.03699	0.01028	0.19533	0.43761	0.00462	0.16984	0.00464	0.00217	0.00359
13	0.00965	0.01006	0.06896	0.05626	0.71854	0.00938	0.01227	0.01216	0.00910	0.01301	0.00810	0.03931	0.00701	0.00396	0.00405	0.00123	0.00483	0.00385	0.00204	0.00621
14	0.64185	0.00765	0.00692	0.00591	0.00856	0.00838	0.00485	0.01420	0.04004	0.21574	0.00858	0.00867	0.00607	0.00414	0.00295	0.00126	0.00322	0.00275	0.00318	0.00508
15	0.00519	0.00364	0.00463	0.00533	0.00577	0.00338	0.00364	0.00610	0.00821	0.01119	0.07843	0.66009	0.09697	0.01156	0.00493	0.00154	0.00226	0.01037	0.07338	0.00338
16	0.09402	0.00987	0.01017	0.03860	0.07760	0.10703	0.00707	0.26714	0.11836	0.01716	0.02712	0.01164	0.00839	0.03332	0.07010	0.00173	0.03842	0.00372	0.05305	0.00549
17	0.01131	0.77205	0.02029	0.00723	0.01064	0.04811	0.00703	0.06451	0.00907	0.01060	0.00593	0.00675	0.00532	0.00359	0.00274	0.00090	0.00446	0.00228	0.00190	0.00530
18	0.00483	0.00411	0.00416	0.00415	0.00550	0.00344	0.00311	0.00590	0.00934	0.01117	0.07281	0.03869	0.79861	0.01020	0.00479	0.00137	0.00205	0.00851	0.00380	0.00344
19	0.00494	0.00353	0.00471	0.00565	0.00588	0.00330	0.00377	0.00565	0.00777	0.01036	0.02236	0.85477	0.02683	0.01271	0.00518	0.00165	0.00235	0.01153	0.00377	0.00330
20	0.22776	0.00884	0.01122	0.02076	0.18697	0.00963	0.07223	0.06749	0.27758	0.02902	0.01078	0.01193	0.00840	0.00457	0.00377	0.00130	0.00393	0.02344	0.01461	0.00576
21	0.05977	0.01070	0.01150	0.00888	0.01202	0.01173	0.00732	0.70170	0.01775	0.08139	0.03026	0.01037	0.00777	0.00491	0.00400	0.00122	0.00426	0.00370	0.00406	0.00670
22	0.00990	0.00950	0.01621	0.07386	0.78425	0.00960	0.01238	0.01233	0.00917	0.01308	0.00761	0.01009	0.00637	0.00364	0.00402	0.00121	0.00485	0.00361	0.00200	0.00631
23	0.00485	0.00406	0.00422	0.00429	0.00554	0.00343	0.00318	0.00589	0.00922	0.01115	0.07574	0.11089	0.72283	0.01040	0.00483	0.00139	0.00207	0.00877	0.00380	0.00343
24	0.67518	0.00790	0.00667	0.00588	0.00831	0.00905	0.00478	0.06915	0.08725	0.01846	0.06786	0.00939	0.00785	0.00435	0.00294	0.00127	0.00315	0.00291	0.00292	0.00472
25	0.01041	0.00916	0.01502	0.02142	0.67705	0.00888	0.01109	0.01269	0.00930	0.06968	0.00816	0.01010	0.00662	0.00364	0.00390	0.00114	0.00451	0.00350	0.00226	0.11147
26	0.03661	0.03290	0.01279	0.01245	0.16737	0.25649	0.05743	0.07733	0.03313	0.19472	0.00933	0.01004	0.00694	0.00447	0.00449	0.00121	0.05993	0.00345	0.01315	0.00576
27	0.00958	0.01094	0.02394	0.01710	0.02120	0.01026	0.81737	0.01300	0.00958	0.01300	0.00821	0.01094	0.00616	0.00342	0.00479	0.00137	0.00684	0.00479	0.00205	0.00547

[dist]
# distance from previous block
# <min> <max>
0	3

[block]
# block no. 6 follows, 66 sequences, length 20
# corresponding to MSA columns:
# 835-854
name=unknown_G
#
# <colnr> <probs for GDERKNQSTAVLIFYWHMCP>
#	G	D	E	R	K	N	Q	S	T	A	V	L	I	F	Y	W	H	M	C	P
0	0.01751	0.00706	0.00939	0.00731	0.01037	0.00632	0.00600	0.01992	0.08117	0.76496	0.01605	0.01392	0.01024	0.00506	0.00408	0.00127	0.00343	0.00412	0.00495	0.00686
1	0.00493	0.00357	0.00466	0.00553	0.00585	0.00331	0.00372	0.00566	0.00788	0.01040	0.02376	0.79400	0.08670	0.01253	0.00515	0.00163	0.00233	0.01131	0.00377	0.00331
2	0.00866	0.00817	0.01304	0.01763	0.48990	0.00860	0.02479	0.01052	0.00866	0.01221	0.01343	0.07056	0.13183	0.00579	0.00566	0.00135	0.13684	0.00490	0.02208	0.00538
3	0.00494	0.00353	0.00471	0.00565	0.00588	0.00330	0.00377	0.00565	0.00777	0.01036	0.02236	0.85477	0.02683	0.01271	0.00518	0.00165	0.00235	0.01153	0.00377	0.00330
4	0.01526	0.00665	0.00858	0.00684	0.00960	0.00599	0.00556	0.03320	0.07350	0.61577	0.04520	0.01787	0.12552	0.00589	0.00421	0.00128	0.00321	0.00484	0.00474	0.00628
