[name]
unknown

[dist]
# distance from previous block
# <min> <max>
0	158

[block]
# block no. 0 follows, 53 sequences, length 30
# corresponding to MSA columns:
# 240-269
name=unknown_A
#
# <colnr> <probs for GDERKNQSTAVLIFYWHMCP>
#	G	D	E	R	K	N	Q	S	T	A	V	L	I	F	Y	W	H	M	C	P
0	0.02767	0.10477	0.09351	0.02354	0.05477	0.05347	0.00892	0.17766	0.02373	0.07250	0.01330	0.03586	0.04813	0.02747	0.00608	0.03034	0.04571	0.05660	0.00343	0.09257
1	0.01305	0.22185	0.14450	0.01195	0.03450	0.12232	0.10111	0.13917	0.07520	0.01632	0.01114	0.05198	0.02568	0.00544	0.00444	0.00138	0.00600	0.00440	0.00298	0.00655
2	0.00685	0.00676	0.07229	0.00748	0.00893	0.00540	0.02733	0.00838	0.00976	0.01317	0.08619	0.39022	0.15341	0.05005	0.02660	0.01520	0.03192	0.02921	0.00393	0.04692
3	0.03598	0.06048	0.18519	0.04351	0.13343	0.09636	0.05925	0.13059	0.03134	0.04858	0.02540	0.07450	0.02239	0.00653	0.02424	0.00162	0.00604	0.00488	0.00311	0.00658
4	0.01145	0.03952	0.13212	0.07391	0.14311	0.04086	0.06749	0.08234	0.04328	0.07486	0.04553	0.06105	0.06800	0.02410	0.00570	0.02225	0.00531	0.03724	0.00334	0.01854
5	0.00748	0.03736	0.21687	0.00825	0.01056	0.00684	0.00788	0.00956	0.00875	0.01209	0.01741	0.19749	0.06954	0.21122	0.15419	0.00345	0.00619	0.00724	0.00302	0.00463
6	0.01032	0.04323	0.16958	0.03189	0.06012	0.09467	0.08916	0.01378	0.07741	0.01398	0.04847	0.08177	0.07089	0.00818	0.03211	0.03021	0.10999	0.00557	0.00292	0.00575
7	0.01147	0.12163	0.21509	0.08870	0.23182	0.03271	0.06766	0.05912	0.02571	0.03105	0.02602	0.01280	0.02534	0.02480	0.00504	0.00150	0.00600	0.00424	0.00259	0.00671
8	0.01021	0.04041	0.12173	0.39881	0.15034	0.04866	0.01263	0.01368	0.03606	0.02956	0.02720	0.01514	0.04761	0.00538	0.00476	0.00153	0.00596	0.02178	0.00256	0.00598
9	0.04234	0.00732	0.00899	0.00802	0.01035	0.00717	0.00618	0.01781	0.18551	0.33536	0.02173	0.27046	0.04008	0.00899	0.00518	0.00166	0.00354	0.00775	0.00508	0.00647
10	0.01381	0.11668	0.05954	0.08030	0.08067	0.05580	0.03069	0.16830	0.09600	0.12312	0.04923	0.01581	0.04998	0.00594	0.00485	0.00145	0.01845	0.01879	0.00377	0.00680
11	0.01257	0.03387	0.23723	0.05295	0.11332	0.05126	0.03985	0.07159	0.01195	0.15058	0.03924	0.07290	0.03326	0.00596	0.00475	0.00147	0.00546	0.00504	0.02136	0.03538
12	0.01640	0.00769	0.01082	0.01003	0.07702	0.00695	0.02076	0.03823	0.01278	0.49828	0.05744	0.13969	0.03620	0.00772	0.00514	0.00158	0.00399	0.03708	0.00518	0.00700
13	0.00968	0.02409	0.76566	0.01397	0.02092	0.01115	0.05863	0.01515	0.01015	0.01515	0.00864	0.01024	0.00612	0.00451	0.00460	0.00152	0.00712	0.00364	0.00204	0.00703
14	0.01054	0.06405	0.11804	0.20033	0.15677	0.02440	0.07644	0.03216	0.03747	0.04792	0.01302	0.10245	0.03804	0.02405	0.00557	0.00163	0.02535	0.01279	0.00287	0.00609
15	0.01071	0.01731	0.40254	0.01480	0.11065	0.03658	0.11389	0.03319	0.01107	0.06097	0.04586	0.07142	0.03799	0.00579	0.00492	0.00154	0.00619	0.00513	0.00281	0.00664
16	0.00842	0.00597	0.00665	0.00628	0.00811	0.00560	0.00477	0.01167	0.13310	0.09904	0.10456	0.11844	0.44799	0.01066	0.00548	0.00162	0.00283	0.00903	0.00473	0.00505
17	0.01276	0.07486	0.08873	0.08162	0.19883	0.08868	0.08058	0.05303	0.01199	0.11635	0.08386	0.03544	0.03082	0.00566	0.00492	0.00145	0.01571	0.00492	0.00324	0.00654
18	0.05207	0.04421	0.17684	0.03337	0.08718	0.05172	0.06166	0.07451	0.02211	0.09146	0.01395	0.09723	0.04983	0.03082	0.02994	0.00181	0.04850	0.00541	0.02120	0.00619
19	0.00585	0.00432	0.00539	0.00623	0.00675	0.00395	0.00420	0.00671	0.00938	0.01219	0.03012	0.63537	0.18198	0.05504	0.00692	0.00201	0.00280	0.01257	0.00436	0.00386
20	0.01102	0.03255	0.13119	0.11994	0.27596	0.01031	0.08213	0.06396	0.01146	0.05050	0.04596	0.01703	0.06979	0.03443	0.00559	0.00161	0.00562	0.02150	0.00294	0.00651
21	0.04503	0.07499	0.12351	0.07824	0.20516	0.03697	0.05595	0.07230	0.04287	0.09853	0.02761	0.03021	0.00913	0.00602	0.02355	0.00163	0.05408	0.00443	0.00305	0.00674
22	0.01160	0.05627	0.28821	0.05879	0.06003	0.06250	0.27503	0.03425	0.03149	0.04157	0.00944	0.01151	0.00703	0.00459	0.00515	0.00152	0.02749	0.00437	0.00248	0.00667
23	0.00606	0.00468	0.00545	0.00569	0.00675	0.00416	0.00409	0.00735	0.01080	0.01392	0.20272	0.24947	0.37381	0.05634	0.00679	0.00185	0.00264	0.02887	0.00453	0.00405
24	0.02436	0.11274	0.28774	0.01350	0.08468	0.15213	0.06885	0.03423	0.05353	0.05783	0.04135	0.02890	0.00920	0.00513	0.00452	0.00142	0.00635	0.00415	0.00278	0.00660
25	0.01206	0.11555	0.14129	0.03859	0.13482	0.08667	0.05329	0.04949	0.03576	0.08033	0.03600	0.08608	0.01169	0.03337	0.00567	0.01476	0.01552	0.02234	0.02048	0.00624
26	0.00801	0.00527	0.00659	0.00686	0.00795	0.00503	0.00492	0.01021	0.07867	0.09411	0.06947	0.49423	0.13588	0.01335	0.03395	0.00200	0.00327	0.01092	0.00460	0.00471
27	0.01226	0.03118	0.06786	0.12678	0.23039	0.06053	0.14644	0.09763	0.04091	0.03904	0.01056	0.01283	0.02483	0.00560	0.01914	0.00162	0.05838	0.00454	0.00280	0.00668
28	0.04091	0.05339	0.06573	0.10494	0.14649	0.11598	0.10558	0.07946	0.12807	0.04269	0.01085	0.02391	0.00850	0.00513	0.00492	0.00146	0.02571	0.00438	0.00306	0.02883
29	0.32433	0.08407	0.01168	0.03423	0.06811	0.12732	0.00747	0.08732	0.01116	0.07695	0.01080	0.06595	0.02759	0.01759	0.00457	0.00149	0.02611	0.00418	0.00324	0.00584

[dist]
# distance from previous block
# <min> <max>
1	16

[block]
# block no. 1 follows, 53 sequences, length 33
# corresponding to MSA columns:
# 286-318
name=unknown_B
#
# <colnr> <probs for GDERKNQSTAVLIFYWHMCP>
#	G	D	E	R	K	N	Q	S	T	A	V	L	I	F	Y	W	H	M	C	P
0	0.01170	0.04780	0.19688	0.01082	0.04978	0.06375	0.03399	0.10726	0.06550	0.08739	0.15796	0.03597	0.08815	0.00686	0.00494	0.00149	0.00494	0.01463	0.00383	0.00635
1	0.13647	0.06489	0.13127	0.01044	0.01412	0.06041	0.08422	0.15314	0.06311	0.05060	0.05725	0.04007	0.05639	0.00597	0.00475	0.00146	0.02163	0.00480	0.00349	0.03552
2	0.01332	0.34543	0.03025	0.01222	0.09885	0.12234	0.06715	0.09923	0.06046	0.01514	0.00991	0.01170	0.01861	0.00491	0.00406	0.00126	0.00564	0.02163	0.03042	0.02746
3	0.03042	0.13565	0.22549	0.01076	0.04539	0.02808	0.04930	0.02865	0.02141	0.09310	0.04966	0.04767	0.02140	0.00523	0.00430	0.00128	0.00512	0.00428	0.00303	0.18977
4	0.02799	0.18967	0.43952	0.10270	0.04069	0.02839	0.02527	0.04784	0.01063	0.01481	0.02575	0.01052	0.00710	0.00463	0.00428	0.00141	0.00634	0.00358	0.00227	0.00660
5	0.00679	0.00461	0.00599	0.00648	0.00714	0.00438	0.00449	0.00785	0.00960	0.04684	0.10555	0.48670	0.09591	0.09331	0.08851	0.00268	0.00393	0.01091	0.00425	0.00409
6	0.02317	0.13406	0.14765	0.02170	0.06331	0.06997	0.02217	0.06506	0.07497	0.07793	0.09487	0.06722	0.07841	0.00689	0.00475	0.00147	0.00493	0.03171	0.00357	0.00619
7	0.01280	0.05260	0.11273	0.02209	0.44772	0.11193	0.08194	0.02991	0.02412	0.04545	0.00929	0.01138	0.00741	0.00447	0.00467	0.00141	0.00630	0.00411	0.00255	0.00712
8	0.00671	0.00465	0.00601	0.00682	0.00739	0.00442	0.00467	0.00826	0.04927	0.04161	0.03994	0.72292	0.05114	0.01404	0.00597	0.00189	0.00285	0.01267	0.00453	0.00424
9	0.01019	0.01048	0.07600	0.02560	0.09059	0.00923	0.26958	0.04911	0.06426	0.04535	0.03058	0.18387	0.07377	0.00765	0.00546	0.00166	0.00545	0.03174	0.00346	0.00600
10	0.01101	0.04783	0.01574	0.03211	0.07425	0.01074	0.20203	0.08921	0.23741	0.01769	0.07672	0.10982	0.04006	0.00688	0.00518	0.00159	0.00498	0.00645	0.00383	0.00645
11	0.01059	0.05840	0.61349	0.01509	0.09914	0.01134	0.05822	0.01544	0.01038	0.05131	0.00906	0.01059	0.00654	0.00453	0.00457	0.00149	0.00675	0.00373	0.00226	0.00709
12	0.01785	0.02278	0.01354	0.01231	0.01478	0.81284	0.00924	0.01909	0.01354	0.01170	0.00739	0.00862	0.00616	0.00493	0.00431	0.00123	0.00862	0.00308	0.00246	0.00554
13	0.01181	0.05383	0.13933	0.00976	0.03721	0.07865	0.00859	0.05877	0.15363	0.11359	0.07429	0.03709	0.16606	0.00740	0.00494	0.00152	0.00461	0.02863	0.00402	0.00628
14	0.01227	0.01121	0.01902	0.02838	0.76594	0.01116	0.01432	0.01506	0.01101	0.05188	0.00944	0.01203	0.00777	0.00433	0.00474	0.00142	0.00560	0.00428	0.00253	0.00760
15	0.00586	0.00419	0.00561	0.00669	0.00698	0.00395	0.00449	0.00672	0.00910	0.01217	0.02591	0.80293	0.03098	0.01564	0.03198	0.00213	0.00309	0.01332	0.00438	0.00389
16	0.01187	0.01157	0.01884	0.06806	0.69237	0.03726	0.03094	0.01509	0.03905	0.01547	0.00930	0.01201	0.00771	0.00438	0.00475	0.00143	0.00579	0.00429	0.00245	0.00737
17	0.00976	0.00941	0.01266	0.01121	0.01151	0.03735	0.00921	0.01096	0.00776	0.01151	0.00877	0.01479	0.00875	0.03798	0.16579	0.00320	0.57879	0.04329	0.00233	0.00495
18	0.00920	0.00883	0.01538	0.76021	0.03232	0.01073	0.07143	0.01245	0.00969	0.01245	0.00858	0.01275	0.00644	0.00472	0.00484	0.00159	0.00650	0.00435	0.00215	0.00540
19	0.00588	0.00440	0.00546	0.00614	0.00684	0.00398	0.00425	0.00695	0.01003	0.01310	0.11204	0.55481	0.22126	0.01373	0.00594	0.00182	0.00263	0.01222	0.00452	0.00398
20	0.03188	0.02466	0.08680	0.04675	0.01398	0.11284	0.00852	0.08907	0.06331	0.37857	0.03573	0.01569	0.03219	0.03182	0.00532	0.00156	0.00507	0.00466	0.00449	0.00708
21	0.00574	0.00482	0.00499	0.00501	0.00653	0.00407	0.00373	0.00702	0.01102	0.01336	0.10498	0.07705	0.71125	0.01204	0.00567	0.00162	0.00242	0.01012	0.00450	0.00407
22	0.00589	0.00426	0.00560	0.00664	0.00703	0.00396	0.00453	0.00681	0.00933	0.01233	0.02760	0.74931	0.07673	0.01473	0.00610	0.00193	0.00282	0.04604	0.00444	0.00391
23	0.01248	0.01524	0.11784	0.05435	0.38392	0.16082	0.12864	0.01590	0.03741	0.01479	0.00907	0.01141	0.00726	0.00448	0.00477	0.00144	0.00672	0.00419	0.00242	0.00687
24	0.01143	0.01249	0.04738	0.48788	0.12987	0.16304	0.02803	0.03904	0.01096	0.01332	0.00847	0.01169	0.00655	0.00474	0.00469	0.00149	0.00673	0.00403	0.00231	0.00584
25	0.01761	0.00885	0.01102	0.00893	0.01215	0.00874	0.00726	0.11220	0.16685	0.47408	0.03618	0.01738	0.01304	0.00820	0.05776	0.00192	0.00469	0.02024	0.00531	0.00761
26	0.00617	0.00496	0.00565	0.00581	0.02259	0.00439	0.00420	0.00768	0.01123	0.01437	0.21484	0.07568	0.52132	0.01261	0.04660	0.00190	0.00299	0.00942	0.02338	0.00423
27	0.01363	0.05098	0.31186	0.01486	0.18550	0.02795	0.01263	0.03227	0.01164	0.22701	0.03710	0.01302	0.00939	0.00505	0.00460	0.00144	0.00561	0.00418	0.02403	0.00726
28	0.01373	0.04265	0.22845	0.01182	0.07197	0.09432	0.01068	0.11140	0.02423	0.17711	0.09288	0.04646	0.01344	0.00624	0.00481	0.00148	0.00544	0.03234	0.00377	0.00679
29	0.00952	0.04191	0.51854	0.06925	0.02015	0.01076	0.11941	0.01394	0.00998	0.01437	0.01022	0.07832	0.00862	0.02545	0.00557	0.00165	0.02885	0.00477	0.00230	0.00642
30	0.02453	0.01218	0.12899	0.24408	0.17228	0.01103	0.03980	0.15912	0.02128	0.05887	0.01105	0.03948	0.00885	0.00548	0.00482	0.00154	0.00576	0.02927	0.01493	0.00665
31	0.06931	0.02898	0.12458	0.01310	0.13018	0.09615	0.01022	0.17383	0.04944	0.17015	0.02460	0.01326	0.00932	0.00545	0.00476	0.00144	0.01904	0.02209	0.00375	0.03035
32	0.03304	0.01113	0.01709	0.02112	0.44565	0.02247	0.07337	0.14030	0.02125	0.07173	0.03656	0.04412	0.01865	0.00535	0.00501	0.00148	0.01631	0.00493	0.00324	0.00722

[dist]
# distance from previous block
# <min> <max>
2	32

[block]
# block no. 2 follows, 53 sequences, length 35
# corresponding to MSA columns:
# 351-378,380-386
name=unknown_C
#
# <colnr> <probs for GDERKNQSTAVLIFYWHMCP>
#	G	D	E	R	K	N	Q	S	T	A	V	L	I	F	Y	W	H	M	C	P
0	0.03421	0.08048	0.04256	0.03728	0.02321	0.06177	0.02681	0.11169	0.06982	0.01806	0.24636	0.03526	0.07126	0.00698	0.00474	0.00138	0.00412	0.00580	0.03570	0.08251
1	0.02458	0.07736	0.14276	0.01107	0.03037	0.16723	0.00982	0.15978	0.13028	0.05632	0.01207	0.02636	0.00970	0.00762	0.05312	0.00183	0.02463	0.03341	0.01508	0.00661
2	0.13977	0.09924	0.13880	0.05708	0.07925	0.11518	0.02185	0.09936	0.04980	0.04445	0.00995	0.01151	0.01812	0.02480	0.01942	0.00155	0.00574	0.00374	0.00295	0.05743
3	0.01018	0.00914	0.03948	0.03663	0.01141	0.09725	0.00756	0.07974	0.06610	0.03433	0.10904	0.06147	0.04843	0.07241	0.00707	0.00200	0.00471	0.29378	0.00410	0.00516
4	0.00793	0.02028	0.03019	0.02051	0.01060	0.02076	0.09751	0.04332	0.05227	0.01465	0.07702	0.08367	0.41901	0.02829	0.00590	0.00167	0.00377	0.03450	0.00404	0.02412
5	0.01639	0.01202	0.01254	0.00983	0.01318	0.03540	0.00803	0.61416	0.01980	0.02716	0.01197	0.01242	0.00874	0.00563	0.00449	0.00136	0.00480	0.00426	0.14807	0.02976
6	0.00611	0.00502	0.00546	0.00529	0.00689	0.00425	0.00395	0.00753	0.01118	0.01411	0.17423	0.09106	0.57454	0.01137	0.00555	0.00156	0.00248	0.00962	0.00448	0.05531
7	0.01054	0.00939	0.01355	0.09530	0.03982	0.03963	0.14604	0.13178	0.07486	0.01651	0.04265	0.11201	0.05731	0.01122	0.11199	0.00243	0.02544	0.03872	0.01505	0.00575
8	0.04449	0.30337	0.25052	0.01046	0.01496	0.13421	0.01085	0.03449	0.05781	0.06509	0.02682	0.01041	0.00787	0.00479	0.00400	0.00130	0.00595	0.00342	0.00269	0.00651
9	0.01082	0.01266	0.15277	0.04211	0.02536	0.05563	0.02749	0.06080	0.13854	0.03048	0.03240	0.01733	0.06581	0.03118	0.04612	0.00206	0.20900	0.03028	0.00316	0.00601
10	0.00585	0.00418	0.00557	0.00664	0.00694	0.00390	0.00444	0.00673	0.00929	0.01242	0.05028	0.80436	0.03203	0.01481	0.00609	0.00193	0.00276	0.01343	0.00446	0.00390
11	0.01183	0.04901	0.08259	0.03223	0.08899	0.07668	0.00861	0.12923	0.10412	0.04748	0.08521	0.04021	0.03420	0.04667	0.05300	0.00196	0.02280	0.00519	0.07385	0.00614
12	0.01425	0.26960	0.11013	0.01091	0.02767	0.20730	0.03688	0.08199	0.03746	0.07960	0.01020	0.05891	0.00863	0.00545	0.00443	0.00133	0.02187	0.00405	0.00295	0.00636
13	0.00621	0.00474	0.00574	0.00610	0.00704	0.00436	0.00434	0.00794	0.03840	0.01434	0.21656	0.39187	0.24960	0.01263	0.00582	0.00173	0.00259	0.01114	0.00465	0.00420
14	0.00700	0.00460	0.00519	0.00525	0.00533	0.00458	0.00301	0.00718	0.00726	0.00995	0.01575	0.07699	0.01790	0.73501	0.02201	0.00427	0.00438	0.00719	0.05410	0.00305
15	0.06196	0.01239	0.16391	0.06096	0.05958	0.01054	0.03591	0.09357	0.20680	0.08205	0.01449	0.06554	0.01191	0.00652	0.00518	0.00161	0.03029	0.05071	0.01937	0.00671
16	0.02710	0.09557	0.10784	0.06375	0.14165	0.08858	0.07847	0.05742	0.06190	0.05561	0.07685	0.01515	0.04985	0.00574	0.00533	0.00147	0.05351	0.00473	0.00310	0.00639
17	0.02136	0.00826	0.01117	0.00856	0.01226	0.00721	0.00708	0.04186	0.01389	0.78666	0.01868	0.01615	0.01174	0.00591	0.00481	0.00148	0.00410	0.00479	0.00589	0.00813
18	0.00577	0.00481	0.00503	0.00506	0.00655	0.00407	0.00376	0.00706	0.01105	0.01348	0.12013	0.09176	0.68095	0.01205	0.00567	0.00162	0.00243	0.01016	0.00452	0.00407
19	0.03427	0.01127	0.05346	0.09682	0.07877	0.04754	0.03597	0.14753	0.13128	0.21558	0.01469	0.02776	0.03502	0.00596	0.00528	0.00153	0.04126	0.00483	0.00410	0.00708
20	0.01504	0.01087	0.04212	0.05481	0.11470	0.04041	0.00908	0.19892	0.13160	0.21301	0.06009	0.06173	0.01317	0.00634	0.00489	0.00151	0.00474	0.00529	0.00444	0.00724
21	0.02038	0.00852	0.01118	0.00868	0.01227	0.00774	0.00713	0.07386	0.05518	0.69408	0.03687	0.01649	0.01252	0.00602	0.00483	0.00148	0.00409	0.00490	0.00577	0.00802
22	0.00696	0.00483	0.00621	0.00621	0.00659	0.00518	0.00418	0.00772	0.00734	0.01026	0.01414	0.02575	0.01500	0.48057	0.34879	0.00579	0.00793	0.00613	0.02693	0.00351
23	0.01022	0.00920	0.03570	0.00744	0.01176	0.00685	0.00618	0.04170	0.01040	0.01612	0.00861	0.00998	0.00709	0.00366	0.00362	0.00076	0.00372	0.00291	0.00288	0.80122
24	0.01247	0.51878	0.14564	0.01078	0.01509	0.08597	0.08793	0.01483	0.01016	0.01231	0.00730	0.00878	0.00624	0.00442	0.00422	0.00122	0.04238	0.00314	0.00212	0.00622
25	0.00649	0.00466	0.00576	0.00605	0.00700	0.00422	0.00431	0.00781	0.01079	0.03600	0.22936	0.36508	0.23842	0.02981	0.01989	0.00188	0.00279	0.01087	0.00463	0.00419
26	0.05490	0.00903	0.06034	0.02619	0.07534	0.00791	0.00734	0.07655	0.07426	0.09553	0.15587	0.05340	0.03507	0.00638	0.00455	0.00134	0.00381	0.00536	0.07688	0.16996
27	0.13495	0.54024	0.04581	0.00895	0.01269	0.10646	0.02640	0.01499	0.00999	0.03078	0.00713	0.00825	0.00615	0.00440	0.00367	0.00118	0.02683	0.00282	0.00232	0.00599
28	0.01214	0.04752	0.01124	0.00874	0.03871	0.06846	0.00669	0.01566	0.11361	0.10970	0.06081	0.01319	0.01093	0.00475	0.00407	0.00105	0.00408	0.00382	0.00354	0.46129
29	0.04035	0.00832	0.01001	0.00756	0.01125	0.00684	0.02762	0.03271	0.03737	0.03887	0.06349	0.06107	0.01146	0.00491	0.00399	0.00096	0.00361	0.00412	0.00329	0.62221
30	0.00887	0.00610	0.00848	0.00722	0.00919	0.00548	0.06418	0.01117	0.02416	0.10952	0.43517	0.03189	0.18447	0.00892	0.00539	0.00149	0.00302	0.00785	0.02311	0.04431
31	0.00875	0.02614	0.00767	0.00661	0.00856	0.02994	0.00508	0.03738	0.05821	0.06684	0.26250	0.10469	0.25934	0.00950	0.00526	0.00148	0.00304	0.00808	0.00455	0.08636
32	0.00608	0.00477	0.00550	0.00551	0.00677	0.00419	0.00406	0.00762	0.01162	0.01509	0.31795	0.14558	0.42497	0.01164	0.00570	0.00162	0.00241	0.01003	0.00474	0.00419
33	0.02797	0.00990	0.04069	0.00892	0.01192	0.01000	0.00734	0.14139	0.34646	0.15472	0.04949	0.02106	0.13484	0.00714	0.00494	0.00156	0.00392	0.00584	0.00484	0.00704
34	0.01051	0.00838	0.03661	0.00824	0.01095	0.00752	0.01969	0.09866	0.11773	0.07299	0.04204	0.24105	0.04190	0.00824	0.00493	0.00144	0.00373	0.02509	0.00411	0.23618

[dist]
# distance from previous block
# <min> <max>
1	7

[block]
# block no. 3 follows, 53 sequences, length 19
# corresponding to MSA columns:
# 396-414
name=unknown_D
#
# <colnr> <probs for GDERKNQSTAVLIFYWHMCP>
#	G	D	E	R	K	N	Q	S	T	A	V	L	I	F	Y	W	H	M	C	P
0	0.05041	0.01085	0.01802	0.08175	0.61404	0.01107	0.04831	0.03627	0.01082	0.01572	0.00926	0.01273	0.00787	0.04603	0.00568	0.00161	0.00568	0.00438	0.00247	0.00703
1	0.00739	0.00537	0.00706	0.00720	0.04638	0.00536	0.03919	0.00778	0.00737	0.00993	0.01443	0.02900	0.01622	0.72340	0.05147	0.00445	0.00514	0.00669	0.00284	0.00334
2	0.73330	0.00935	0.00771	0.00672	0.00968	0.01066	0.00552	0.07620	0.00970	0.04547	0.04350	0.00959	0.00743	0.00483	0.00328	0.00148	0.00377	0.00307	0.00330	0.00547
3	0.01278	0.83490	0.02505	0.00818	0.01227	0.01891	0.00818	0.01431	0.00971	0.01125	0.00664	0.00767	0.00613	0.00409	0.00307	0.00102	0.00511	0.00256	0.00204	0.00613
4	0.00684	0.00509	0.00751	0.00751	0.00830	0.00588	0.00576	0.00842	0.00763	0.01097	0.01296	0.01966	0.01233	0.09227	0.75719	0.00747	0.01222	0.00525	0.00258	0.00417
5	0.01116	0.01371	0.08230	0.01969	0.02468	0.01202	0.73158	0.01530	0.01120	0.01530	0.00959	0.01270	0.00717	0.00406	0.00556	0.00160	0.00799	0.00549	0.00239	0.00649
6	0.00849	0.00449	0.00462	0.00462	0.00549	0.00449	0.00325	0.01025	0.00937	0.01600	0.01548	0.02068	0.01334	0.18129	0.00780	0.00186	0.00274	0.00499	0.67662	0.00412
7	0.01789	0.02165	0.01364	0.01216	0.01478	0.71723	0.00922	0.11100	0.01461	0.01391	0.00788	0.00896	0.00639	0.00502	0.00437	0.00126	0.00822	0.00323	0.00274	0.00585
8	0.01795	0.04418	0.01430	0.01083	0.01446	0.10646	0.00887	0.58974	0.04667	0.08147	0.01162	0.01156	0.00831	0.00562	0.00467	0.00141	0.00551	0.00417	0.00450	0.00774
9	0.02092	0.00864	0.01136	0.00875	0.01243	0.00782	0.00722	0.08875	0.03437	0.71897	0.01824	0.01590	0.01158	0.00592	0.00481	0.00148	0.00416	0.00478	0.00579	0.00812
10	0.00735	0.00525	0.00729	0.00840	0.00934	0.00519	0.00708	0.00929	0.01065	0.01391	0.02550	0.20067	0.02828	0.01354	0.00651	0.00215	0.00409	0.62680	0.00441	0.00430
11	0.07471	0.01002	0.01535	0.01180	0.03892	0.00915	0.21519	0.08337	0.01199	0.17118	0.01162	0.04160	0.00891	0.00483	0.00455	0.00129	0.00505	0.00451	0.00355	0.27242
12	0.00591	0.00454	0.00545	0.00608	0.00696	0.00407	0.00435	0.00703	0.01009	0.01283	0.05711	0.44550	0.33228	0.01358	0.00595	0.00182	0.00273	0.06525	0.00446	0.00400
13	0.07549	0.00867	0.00995	0.00809	0.01087	0.00881	0.00646	0.23609	0.02829	0.27512	0.07689	0.04138	0.01400	0.06366	0.00594	0.00166	0.00400	0.00519	0.11277	0.00667
14	0.01219	0.03884	0.07700	0.02176	0.33591	0.10381	0.27688	0.01564	0.03108	0.01495	0.00916	0.01171	0.00731	0.00439	0.00510	0.00147	0.01902	0.00452	0.00242	0.00684
15	0.00884	0.00742	0.01144	0.01198	0.11833	0.00738	0.10533	0.01200	0.09925	0.04299	0.04066	0.32577	0.09337	0.01016	0.00590	0.00176	0.02554	0.06256	0.00396	0.00538
16	0.00604	0.00432	0.00570	0.00663	0.00698	0.00413	0.00450	0.00691	0.00900	0.01199	0.02515	0.66762	0.04869	0.08357	0.05442	0.00250	0.00356	0.04025	0.00420	0.00385
17	0.02690	0.01271	0.01775	0.05353	0.51129	0.09657	0.04071	0.13247	0.01291	0.03571	0.00940	0.01155	0.00751	0.00461	0.00470	0.00142	0.00597	0.00418	0.00283	0.00729
18	0.03484	0.05122	0.05529	0.06867	0.03340	0.03373	0.13860	0.14635	0.07880	0.23296	0.04175	0.01508	0.01086	0.01837	0.00515	0.00155	0.00538	0.01690	0.00406	0.00703

[dist]
# distance from previous block
# <min> <max>
1	6

[block]
# block no. 4 follows, 53 sequences, length 18
# corresponding to MSA columns:
# 421-437,439
name=unknown_E
#
# <colnr> <probs for GDERKNQSTAVLIFYWHMCP>
#	G	D	E	R	K	N	Q	S	T	A	V	L	I	F	Y	W	H	M	C	P
0	0.59539	0.05705	0.03583	0.00865	0.04368	0.11751	0.00690	0.05884	0.00993	0.01965	0.00719	0.00833	0.00565	0.00455	0.00337	0.00142	0.00471	0.00285	0.00289	0.00561
1	0.00889	0.00849	0.04219	0.01224	0.18793	0.03184	0.02541	0.04666	0.04830	0.01600	0.18565	0.05509	0.25599	0.02141	0.00561	0.00160	0.00393	0.03333	0.00395	0.00549
2	0.03286	0.01260	0.01759	0.05022	0.56819	0.11977	0.02681	0.02717	0.01141	0.04988	0.00917	0.01148	0.00746	0.00444	0.00462	0.00139	0.00596	0.00407	0.00259	0.03232
3	0.01028	0.00790	0.01052	0.03785	0.16138	0.00810	0.00786	0.02659	0.19813	0.08295	0.14014	0.09239	0.12158	0.00839	0.00528	0.00162	0.00383	0.06483	0.00432	0.00608
4	0.01664	0.01385	0.01292	0.01091	0.03928	0.19649	0.00842	0.34832	0.05593	0.11562	0.02821	0.01314	0.03378	0.00565	0.00461	0.00135	0.00554	0.00427	0.00414	0.08094
5	0.01051	0.00864	0.01009	0.00725	0.01146	0.00666	0.00581	0.03723	0.01042	0.03879	0.00889	0.01014	0.00725	0.00368	0.00362	0.00075	0.00361	0.00294	0.00298	0.80928
6	0.02698	0.00853	0.01444	0.57174	0.06332	0.00993	0.07865	0.01200	0.00952	0.01272	0.00976	0.04458	0.00824	0.04928	0.03714	0.00197	0.00638	0.00482	0.00234	0.02766
7	0.01245	0.47728	0.23600	0.00985	0.01452	0.05114	0.01062	0.03815	0.01073	0.05093	0.04263	0.01012	0.00815	0.00463	0.00377	0.00122	0.00563	0.00327	0.00246	0.00644
8	0.00623	0.00486	0.00565	0.00545	0.00681	0.00428	0.00409	0.00799	0.01227	0.01617	0.43994	0.04063	0.40672	0.01089	0.00564	0.00156	0.00233	0.00934	0.00487	0.00428
9	0.07940	0.00821	0.01081	0.00835	0.01200	0.00728	0.00690	0.02266	0.01330	0.75170	0.01802	0.01568	0.01137	0.00581	0.00468	0.00148	0.00404	0.00465	0.00571	0.00793
10	0.03249	0.01561	0.03730	0.01613	0.16927	0.29340	0.13531	0.08323	0.07695	0.03176	0.03165	0.01317	0.00924	0.00522	0.00478	0.00143	0.00674	0.02679	0.00303	0.00649
11	0.01414	0.01705	0.16353	0.01894	0.31892	0.24496	0.02976	0.04759	0.01220	0.07463	0.00931	0.01091	0.00721	0.00468	0.00460	0.00139	0.00671	0.00385	0.00270	0.00692
12	0.00573	0.00477	0.00500	0.00509	0.00654	0.00404	0.00376	0.00695	0.01086	0.01317	0.08601	0.12500	0.68213	0.01227	0.00569	0.00164	0.00245	0.01037	0.00448	0.00404
13	0.00785	0.00555	0.00790	0.00803	0.03127	0.00519	0.04302	0.00956	0.01106	0.06713	0.21164	0.26775	0.12157	0.03319	0.02545	0.00198	0.00357	0.12917	0.00449	0.00463
14	0.06097	0.04473	0.23736	0.01351	0.10048	0.11018	0.03448	0.23050	0.01420	0.07269	0.00984	0.01077	0.00721	0.00492	0.00449	0.00141	0.00609	0.00381	0.00323	0.02913
15	0.01362	0.01366	0.03508	0.01818	0.29664	0.18270	0.08698	0.10640	0.01280	0.04291	0.04125	0.01258	0.00914	0.00513	0.00524	0.00142	0.04778	0.00433	0.05747	0.00666
16	0.00735	0.00532	0.00639	0.00629	0.00749	0.00520	0.00467	0.01053	0.09914	0.01730	0.40971	0.16319	0.10422	0.01002	0.00537	0.00156	0.00256	0.02141	0.10759	0.00470
17	0.03123	0.01226	0.14948	0.01067	0.05552	0.00904	0.04786	0.09932	0.04308	0.08520	0.01021	0.01118	0.00772	0.00436	0.00417	0.00113	0.00473	0.00360	0.00321	0.40604

[dist]
# distance from previous block
# <min> <max>
0	8

[block]
# block no. 5 follows, 53 sequences, length 38
# corresponding to MSA columns:
# 448-485
name=unknown_F
#
# <colnr> <probs for GDERKNQSTAVLIFYWHMCP>
#	G	D	E	R	K	N	Q	S	T	A	V	L	I	F	Y	W	H	M	C	P
0	0.01232	0.01200	0.11339	0.01171	0.05368	0.02911	0.10281	0.13381	0.07789	0.08456	0.06059	0.06009	0.01188	0.00574	0.00499	0.00137	0.02602	0.00495	0.00360	0.18950
1	0.01736	0.01366	0.01412	0.01115	0.01445	0.08341	0.00913	0.60086	0.03486	0.05380	0.01102	0.01142	0.00803	0.00595	0.00583	0.00149	0.08727	0.00422	0.00435	0.00760
2	0.01140	0.05691	0.05560	0.00950	0.05918	0.05333	0.00748	0.10922	0.01160	0.01655	0.00975	0.01164	0.02117	0.03777	0.01701	0.00121	0.00461	0.00346	0.00296	0.49965
3	0.00655	0.00469	0.00599	0.01827	0.00757	0.00437	0.00471	0.00775	0.01020	0.02995	0.13562	0.40973	0.19186	0.02938	0.02944	0.02409	0.00319	0.06815	0.00440	0.00410
4	0.00624	0.00509	0.00554	0.00539	0.00691	0.00451	0.00405	0.00828	0.04522	0.01502	0.26409	0.04182	0.54854	0.01119	0.00561	0.00158	0.00243	0.00947	0.00469	0.00432
5	0.04770	0.19224	0.29805	0.01252	0.06515	0.08938	0.03380	0.13078	0.01240	0.06236	0.00906	0.01009	0.00682	0.00470	0.00424	0.00136	0.00616	0.00354	0.00278	0.00688
6	0.01157	0.01181	0.04736	0.12640	0.65636	0.03359	0.01445	0.01450	0.01076	0.01507	0.00887	0.01179	0.00733	0.00435	0.00472	0.00144	0.00590	0.00420	0.00233	0.00722
7	0.00687	0.00517	0.00644	0.00694	0.00791	0.00511	0.00519	0.00934	0.08044	0.01394	0.08641	0.35977	0.15170	0.01456	0.07376	0.00232	0.00384	0.12582	0.03005	0.00441
8	0.01034	0.10195	0.65641	0.01277	0.01918	0.01204	0.01584	0.04379	0.05590	0.01559	0.00913	0.01036	0.00663	0.00465	0.00443	0.00147	0.00662	0.00357	0.00229	0.00704
9	0.00638	0.00487	0.00585	0.00561	0.00690	0.00435	0.00421	0.00827	0.01262	0.01701	0.54011	0.03926	0.30602	0.01058	0.00564	0.00154	0.00231	0.00914	0.00498	0.00435
10	0.03975	0.00844	0.01105	0.00853	0.01219	0.02236	0.00703	0.02301	0.01356	0.77343	0.01837	0.01594	0.01158	0.00586	0.00476	0.00147	0.00415	0.00473	0.00579	0.00802
11	0.68287	0.00983	0.00827	0.02959	0.03825	0.04557	0.00602	0.03720	0.00920	0.02049	0.03502	0.00927	0.00691	0.00465	0.00330	0.00144	0.00404	0.00299	0.00302	0.04206
12	0.01582	0.00865	0.01046	0.00793	0.01169	0.03506	0.00642	0.01778	0.01210	0.41126	0.05136	0.01428	0.01124	0.00508	0.00430	0.00115	0.00392	0.00411	0.00448	0.36293
13	0.86579	0.00924	0.00702	0.00629	0.00924	0.01072	0.00518	0.01405	0.00813	0.02144	0.00666	0.00776	0.00518	0.00444	0.00296	0.00148	0.00370	0.00259	0.00296	0.00518
14	0.00694	0.00469	0.00549	0.00549	0.00559	0.00478	0.00324	0.00713	0.00703	0.00947	0.01481	0.02988	0.01677	0.74268	0.11284	0.00498	0.00555	0.00675	0.00286	0.00305
15	0.00582	0.00474	0.00515	0.00527	0.00662	0.00408	0.00387	0.00712	0.01098	0.01364	0.14515	0.16301	0.58345	0.01223	0.00572	0.00165	0.00245	0.01042	0.00455	0.00408
16	0.01785	0.02278	0.01354	0.01231	0.01478	0.81284	0.00924	0.01909	0.01354	0.01170	0.00739	0.00862	0.00616	0.00493	0.00431	0.00123	0.00862	0.00308	0.00246	0.00554
17	0.00602	0.00486	0.00536	0.00523	0.00669	0.00419	0.00393	0.00758	0.01178	0.01501	0.30051	0.04254	0.54687	0.01132	0.00565	0.00158	0.00237	0.00960	0.00471	0.00419
18	0.00811	0.00614	0.00740	0.02707	0.00808	0.03049	0.00501	0.03698	0.02815	0.01100	0.01312	0.02345	0.01369	0.42019	0.23680	0.06243	0.04953	0.00580	0.00279	0.00379
19	0.00582	0.00428	0.00546	0.00636	0.00687	0.00392	0.00432	0.00674	0.00952	0.01248	0.04873	0.69079	0.14836	0.01441	0.00602	0.00188	0.00271	0.01294	0.00446	0.00392
20	0.01474	0.07994	0.03602	0.02994	0.28263	0.17683	0.02477	0.22380	0.05339	0.01852	0.00966	0.01104	0.00761	0.00490	0.00455	0.00137	0.00611	0.00396	0.00312	0.00712
21	0.01080	0.01047	0.01714	0.32441	0.42385	0.03032	0.03538	0.01370	0.01034	0.01413	0.00870	0.01202	0.00703	0.00454	0.00500	0.00148	0.02648	0.00421	0.00229	0.03773
22	0.01309	0.24611	0.23063	0.01156	0.05265	0.03565	0.03018	0.13406	0.06512	0.07610	0.03819	0.01246	0.00929	0.00517	0.00431	0.00137	0.00558	0.01845	0.00313	0.00691
23	0.00707	0.00513	0.00670	0.00665	0.00703	0.00563	0.00463	0.00789	0.00759	0.01053	0.03345	0.04843	0.01625	0.43299	0.30757	0.00538	0.04877	0.03179	0.00288	0.00363
24	0.38478	0.00822	0.00855	0.00712	0.01011	0.00843	0.00581	0.03775	0.01128	0.32041	0.08436	0.01502	0.03161	0.00576	0.00404	0.00147	0.00366	0.00430	0.04108	0.00627
25	0.04106	0.01178	0.12980	0.03540	0.05927	0.00965	0.24700	0.09042	0.01247	0.06359	0.15711	0.05891	0.04910	0.00637	0.00520	0.00155	0.00551	0.00607	0.00352	0.00620
26	0.01227	0.06777	0.11169	0.05928	0.08090	0.10260	0.07555	0.13296	0.05164	0.01602	0.01164	0.03178	0.05066	0.00662	0.01953	0.00167	0.15358	0.00463	0.00291	0.00630
27	0.01170	0.00790	0.01001	0.00844	0.01079	0.03883	0.06663	0.02736	0.13577	0.19560	0.25905	0.04889	0.12088	0.02924	0.00576	0.00162	0.00375	0.00702	0.00482	0.00594
28	0.00589	0.00429	0.00549	0.00636	0.00682	0.00396	0.00429	0.00680	0.00949	0.01251	0.06470	0.66991	0.12385	0.04321	0.00667	0.00198	0.00277	0.01270	0.00442	0.00390
29	0.03447	0.02681	0.02351	0.05243	0.14734	0.12799	0.02444	0.21587	0.11100	0.04483	0.01390	0.05005	0.03919	0.00621	0.00476	0.00148	0.00535	0.03296	0.03071	0.00671
30	0.01487	0.14801	0.01423	0.01038	0.03433	0.21627	0.00817	0.13932	0.19900	0.06641	0.01204	0.01223	0.00924	0.00531	0.00427	0.00131	0.00543	0.00394	0.05186	0.04338
31	0.00630	0.00471	0.00563	0.00587	0.00687	0.00431	0.00424	0.00744	0.02036	0.01311	0.13536	0.23399	0.35448	0.03487	0.04204	0.07863	0.00321	0.03043	0.00422	0.00392
32	0.00609	0.00436	0.00558	0.00627	0.00672	0.00408	0.00420	0.00704	0.00960	0.01287	0.13650	0.56713	0.07849	0.11759	0.00832	0.00220	0.00291	0.01183	0.00436	0.00386
33	0.01042	0.01127	0.08598	0.17163	0.34167	0.04200	0.05348	0.01364	0.04351	0.01455	0.03882	0.08879	0.01108	0.00609	0.00534	0.02894	0.00561	0.00529	0.01560	0.00628
34	0.01331	0.04683	0.06773	0.02592	0.07890	0.17087	0.03244	0.12087	0.09310	0.06682	0.01293	0.03230	0.04003	0.05465	0.04480	0.00195	0.06927	0.00472	0.01632	0.00624
35	0.76654	0.00972	0.03575	0.04951	0.01098	0.01063	0.00610	0.01425	0.00844	0.04293	0.00717	0.00835	0.00546	0.00450	0.00316	0.00149	0.00397	0.00277	0.00296	0.00533
36	0.00821	0.02074	0.05417	0.04115	0.12292	0.00695	0.02207	0.03039	0.02445	0.01729	0.44082	0.06266	0.09761	0.00855	0.00554	0.00153	0.01791	0.00751	0.00426	0.00527
37	0.01039	0.00894	0.01401	0.10305	0.26438	0.03228	0.08286	0.03207	0.01181	0.05898	0.22864	0.07810	0.01992	0.02668	0.00564	0.00159	0.00479	0.00633	0.00356	0.00598

[dist]
# distance from previous block
# <min> <max>
5	7

[block]
# block no. 6 follows, 53 sequences, length 178
# corresponding to MSA columns:
# 495-568,570-658,660-674
name=unknown_G
#
# <colnr> <probs for GDERKNQSTAVLIFYWHMCP>
#	G	D	E	R	K	N	Q	S	T	A	V	L	I	F	Y	W	H	M	C	P
0	0.01096	0.01043	0.01758	0.25211	0.55204	0.01094	0.01390	0.01387	0.01047	0.01465	0.00883	0.01201	0.00721	0.00438	0.00470	0.00144	0.00579	0.00420	0.00232	0.04220
1	0.00948	0.01132	0.13528	0.04996	0.22000	0.00920	0.17227	0.01243	0.01031	0.01441	0.01436	0.20811	0.01436	0.00752	0.00551	0.00166	0.01959	0.05969	0.01855	0.00598
2	0.00984	0.00930	0.01562	0.59191	0.23859	0.01084	0.01353	0.01314	0.02603	0.01328	0.00885	0.01260	0.00686	0.00467	0.00477	0.00155	0.00613	0.00427	0.00224	0.00596
3	0.00665	0.00488	0.00623	0.00590	0.00707	0.00446	0.00442	0.00880	0.01326	0.01854	0.72417	0.03674	0.12101	0.01001	0.00564	0.00151	0.00227	0.00879	0.00518	0.00446
4	0.00607	0.00462	0.00558	0.00585	0.00684	0.00413	0.00419	0.00748	0.01114	0.01468	0.28283	0.31435	0.29022	0.01235	0.00580	0.00169	0.00249	0.01084	0.00470	0.00413
5	0.00664	0.00488	0.00621	0.00588	0.00706	0.00446	0.00441	0.00877	0.01323	0.01845	0.71325	0.03689	0.13198	0.01004	0.00564	0.00152	0.00227	0.00881	0.00517	0.00446
6	0.01278	0.83490	0.02505	0.00818	0.01227	0.01891	0.00818	0.01431	0.00971	0.01125	0.00664	0.00767	0.00613	0.00409	0.00307	0.00102	0.00511	0.00256	0.00204	0.00613
7	0.00693	0.00462	0.00522	0.00524	0.00525	0.00462	0.00293	0.00694	0.00700	0.00933	0.01529	0.04781	0.01767	0.81510	0.02395	0.00458	0.00460	0.00709	0.00293	0.00292
8	0.01817	0.01339	0.01434	0.01100	0.01482	0.01482	0.00908	0.78627	0.02247	0.03012	0.01148	0.01148	0.00813	0.00574	0.00478	0.00143	0.00526	0.00430	0.00478	0.00813
9	0.01831	0.01316	0.01420	0.01089	0.01471	0.01448	0.00899	0.75278	0.02209	0.06416	0.01180	0.01169	0.00829	0.00575	0.00478	0.00144	0.00521	0.00433	0.00483	0.00813
10	0.00991	0.00850	0.00991	0.00708	0.01133	0.00637	0.00566	0.01203	0.00991	0.01557	0.00850	0.00991	0.00708	0.00354	0.00354	0.00071	0.00354	0.00283	0.00283	0.86124
11	0.01785	0.02278	0.01354	0.01231	0.01478	0.81284	0.00924	0.01909	0.01354	0.01170	0.00739	0.00862	0.00616	0.00493	0.00431	0.00123	0.00862	0.00308	0.00246	0.00554
12	0.00574	0.00485	0.00497	0.00494	0.00651	0.00407	0.00371	0.00704	0.01112	0.01344	0.11168	0.04513	0.73668	0.01191	0.00565	0.00160	0.00241	0.00997	0.00451	0.00407
13	0.02144	0.00813	0.01109	0.00850	0.01220	0.00702	0.00702	0.02329	0.01368	0.80552	0.01886	0.01627	0.01183	0.00592	0.00481	0.00148	0.00407	0.00481	0.00592	0.00813
14	0.01183	0.01136	0.01940	0.02934	0.80221	0.01136	0.01467	0.01467	0.01088	0.01562	0.00899	0.01183	0.00757	0.00426	0.00473	0.00142	0.00568	0.00426	0.00237	0.00757
15	0.00984	0.02294	0.68999	0.01460	0.02133	0.01125	0.13314	0.01516	0.01027	0.01516	0.00874	0.01051	0.00623	0.00446	0.00471	0.00153	0.00721	0.00385	0.00208	0.00697
16	0.00770	0.00550	0.00770	0.00880	0.00990	0.00550	0.00770	0.00990	0.01100	0.01430	0.02531	0.05391	0.02751	0.01320	0.00660	0.00220	0.00440	0.77004	0.00440	0.00440
17	0.01046	0.01046	0.01464	0.01255	0.01255	0.01464	0.01046	0.01150	0.00732	0.01150	0.00627	0.01046	0.00627	0.00837	0.01569	0.00209	0.82328	0.00418	0.00209	0.00523
18	0.00676	0.00489	0.00639	0.00601	0.00714	0.00451	0.00451	0.00902	0.01353	0.01917	0.79969	0.03570	0.04510	0.00977	0.00564	0.00150	0.00225	0.00864	0.00526	0.00451
19	0.86579	0.00924	0.00702	0.00629	0.00924	0.01072	0.00518	0.01405	0.00813	0.02144	0.00666	0.00776	0.00518	0.00444	0.00296	0.00148	0.00370	0.00259	0.00296	0.00518
20	0.01046	0.01046	0.01464	0.01255	0.01255	0.01464	0.01046	0.01150	0.00732	0.01150	0.00627	0.01046	0.00627	0.00837	0.01569	0.00209	0.82328	0.00418	0.00209	0.00523
21	0.00582	0.00416	0.00555	0.00666	0.00693	0.00388	0.00444	0.00666	0.00915	0.01220	0.02634	0.82891	0.03161	0.01497	0.00610	0.00194	0.00277	0.01359	0.00444	0.00388
22	0.00903	0.00850	0.01434	0.82054	0.03292	0.01062	0.01327	0.01221	0.00956	0.01221	0.00850	0.01274	0.00637	0.00478	0.00478	0.00159	0.00637	0.00425	0.00212	0.00531
23	0.01817	0.01339	0.01434	0.01100	0.01482	0.01482	0.00908	0.78627	0.02247	0.03012	0.01148	0.01148	0.00813	0.00574	0.00478	0.00143	0.00526	0.00430	0.00478	0.00813
24	0.01189	0.01027	0.01081	0.00973	0.01243	0.01189	0.00757	0.02540	0.79357	0.01999	0.01945	0.01783	0.01459	0.00648	0.00486	0.00162	0.00378	0.00540	0.00486	0.00757
25	0.00565	0.00484	0.00484	0.00484	0.00646	0.00403	0.00363	0.00686	0.01089	0.01291	0.04842	0.04600	0.80027	0.01210	0.00565	0.00161	0.00242	0.01009	0.00444	0.00403
26	0.00565	0.00484	0.00484	0.00484	0.00646	0.00403	0.00363	0.00686	0.01089	0.01291	0.04842	0.04600	0.80027	0.01210	0.00565	0.00161	0.00242	0.01009	0.00444	0.00403
27	0.86579	0.00924	0.00702	0.00629	0.00924	0.01072	0.00518	0.01405	0.00813	0.02144	0.00666	0.00776	0.00518	0.00444	0.00296	0.00148	0.00370	0.00259	0.00296	0.00518
28	0.01157	0.52812	0.32124	0.01024	0.01546	0.01595	0.01177	0.01462	0.00986	0.01272	0.00738	0.00858	0.00610	0.00426	0.00363	0.00121	0.00585	0.00293	0.00203	0.00649
29	0.01765	0.01280	0.01376	0.01067	0.01435	0.01413	0.00877	0.69723	0.06686	0.05271	0.01228	0.01217	0.00873	0.00578	0.00475	0.00144	0.00505	0.00439	0.02849	0.00799
30	0.00572	0.00483	0.00495	0.00495	0.00651	0.00406	0.00370	0.00698	0.01101	0.01326	0.09206	0.06195	0.73968	0.01203	0.00566	0.00161	0.00242	0.01008	0.00449	0.00406
31	0.01418	0.00766	0.00858	0.00711	0.00952	0.00780	0.00570	0.22100	0.01417	0.19660	0.01522	0.01578	0.01106	0.00569	0.00405	0.00128	0.00345	0.00449	0.44042	0.00626
32	0.00925	0.00862	0.01428	0.79153	0.03223	0.01072	0.01310	0.02683	0.02329	0.01268	0.00874	0.01281	0.00655	0.00483	0.00478	0.00159	0.00631	0.00427	0.00222	0.00540
33	0.00613	0.00434	0.00557	0.00640	0.00692	0.00400	0.00434	0.00704	0.00951	0.02559	0.05263	0.67186	0.12403	0.03927	0.00657	0.00196	0.00279	0.01266	0.00444	0.00396
34	0.00596	0.00430	0.00567	0.00673	0.00706	0.00407	0.00451	0.00709	0.02727	0.01238	0.02618	0.81017	0.03122	0.01478	0.00607	0.00193	0.00280	0.01340	0.00445	0.00397
35	0.00959	0.02472	0.80726	0.01362	0.02069	0.01110	0.01766	0.01514	0.01009	0.01514	0.00858	0.01009	0.00605	0.00454	0.00454	0.00151	0.00706	0.00353	0.00202	0.00706
36	0.00690	0.00482	0.00618	0.00618	0.00651	0.00516	0.00410	0.00757	0.00724	0.00998	0.01418	0.02640	0.01526	0.52115	0.33230	0.00582	0.00782	0.00624	0.00277	0.00343
37	0.00593	0.00424	0.00566	0.00670	0.00704	0.00397	0.00455	0.00688	0.00943	0.01262	0.06497	0.76304	0.03215	0.01465	0.00609	0.00193	0.00280	0.03892	0.00448	0.00393
38	0.69748	0.02479	0.02509	0.00813	0.02795	0.08994	0.03797	0.01464	0.00892	0.01981	0.00694	0.00819	0.00544	0.00446	0.00327	0.00145	0.00449	0.00282	0.00284	0.00537
39	0.01070	0.01088	0.01438	0.01239	0.01253	0.05233	0.01026	0.01177	0.00763	0.01150	0.00653	0.01062	0.00644	0.00904	0.03933	0.00222	0.75995	0.00416	0.00212	0.00521
40	0.01278	0.78426	0.04279	0.00882	0.02874	0.03324	0.00855	0.01443	0.00982	0.01143	0.00675	0.00783	0.00616	0.00412	0.00316	0.00105	0.00523	0.00262	0.00206	0.00617
41	0.00676	0.00489	0.00639	0.00601	0.00714	0.00451	0.00451	0.00902	0.01353	0.01917	0.79969	0.03570	0.04510	0.00977	0.00564	0.00150	0.00225	0.00864	0.00526	0.00451
42	0.00597	0.00437	0.00579	0.00692	0.01994	0.00406	0.00461	0.00693	0.00947	0.01258	0.05491	0.72652	0.07979	0.01441	0.00604	0.00190	0.00280	0.02457	0.00443	0.00398
43	0.00903	0.00850	0.01434	0.82054	0.03292	0.01062	0.01327	0.01221	0.00956	0.01221	0.00850	0.01274	0.00637	0.00478	0.00478	0.00159	0.00637	0.00425	0.00212	0.00531
44	0.00578	0.00456	0.00522	0.00567	0.00669	0.00400	0.00402	0.00689	0.01030	0.01295	0.07917	0.37434	0.43713	0.01319	0.00584	0.00175	0.00256	0.01148	0.00448	0.00400
45	0.01785	0.02278	0.01354	0.01231	0.01478	0.81284	0.00924	0.01909	0.01354	0.01170	0.00739	0.00862	0.00616	0.00493	0.00431	0.00123	0.00862	0.00308	0.00246	0.00554
46	0.01046	0.01046	0.01464	0.01255	0.01255	0.01464	0.01046	0.01150	0.00732	0.01150	0.00627	0.01046	0.00627	0.00837	0.01569	0.00209	0.82328	0.00418	0.00209	0.00523
47	0.00623	0.00467	0.00578	0.00592	0.00692	0.00422	0.00428	0.00783	0.01166	0.01570	0.40091	0.26438	0.22038	0.01181	0.00577	0.00165	0.00244	0.01040	0.00483	0.00422
48	0.86579	0.00924	0.00702	0.00629	0.00924	0.01072	0.00518	0.01405	0.00813	0.02144	0.00666	0.00776	0.00518	0.00444	0.00296	0.00148	0.00370	0.00259	0.00296	0.00518
49	0.01278	0.83490	0.02505	0.00818	0.01227	0.01891	0.00818	0.01431	0.00971	0.01125	0.00664	0.00767	0.00613	0.00409	0.00307	0.00102	0.00511	0.00256	0.00204	0.00613
50	0.00830	0.00415	0.00623	0.00623	0.00623	0.00415	0.00415	0.00623	0.00623	0.00830	0.00830	0.01453	0.00830	0.01660	0.01868	0.86094	0.00415	0.00415	0.00208	0.00208
51	0.86579	0.00924	0.00702	0.00629	0.00924	0.01072	0.00518	0.01405	0.00813	0.02144	0.00666	0.00776	0.00518	0.00444	0.00296	0.00148	0.00370	0.00259	0.00296	0.00518
52	0.01189	0.01027	0.01081	0.00973	0.01243	0.01189	0.00757	0.02540	0.79357	0.01999	0.01945	0.01783	0.01459	0.00648	0.00486	0.00162	0.00378	0.00540	0.00486	0.00757
53	0.01128	0.01289	0.02820	0.02015	0.02498	0.01209	0.78485	0.01531	0.01128	0.01531	0.00967	0.01289	0.00725	0.00403	0.00564	0.00161	0.00806	0.00564	0.00242	0.00645
54	0.00695	0.00463	0.00521	0.00521	0.00521	0.00463	0.00290	0.00695	0.00695	0.00927	0.01506	0.03128	0.01738	0.83203	0.02433	0.00463	0.00463	0.00695	0.00290	0.00290
55	0.86579	0.00924	0.00702	0.00629	0.00924	0.01072	0.00518	0.01405	0.00813	0.02144	0.00666	0.00776	0.00518	0.00444	0.00296	0.00148	0.00370	0.00259	0.00296	0.00518
56	0.00770	0.00550	0.00770	0.00880	0.00990	0.00550	0.00770	0.00990	0.01100	0.01430	0.02531	0.05391	0.02751	0.01320	0.00660	0.00220	0.00440	0.77004	0.00440	0.00440
57	0.00582	0.00416	0.00555	0.00666	0.00693	0.00388	0.00444	0.00666	0.00915	0.01220	0.02634	0.82891	0.03161	0.01497	0.00610	0.00194	0.00277	0.01359	0.00444	0.00388
58	0.00567	0.00484	0.00488	0.00487	0.00647	0.00405	0.00365	0.00691	0.01095	0.01305	0.06479	0.04577	0.78382	0.01205	0.00565	0.00161	0.00242	0.01006	0.00446	0.00405
59	0.02077	0.00815	0.01098	0.00850	0.01211	0.00716	0.00699	0.02308	0.04412	0.75856	0.03506	0.01673	0.01263	0.00602	0.00483	0.00148	0.00402	0.00491	0.00586	0.00804
60	0.01065	0.01078	0.01461	0.01254	0.01261	0.03570	0.01042	0.01170	0.00748	0.01151	0.00630	0.01041	0.00627	0.00827	0.01539	0.00207	0.80178	0.00415	0.00210	0.00524
