[name]
unknown

[dist]
# distance from previous block
# <min> <max>
0	18

[block]
# block no. 0 follows, 49 sequences, length 64
# corresponding to MSA columns:
# 75-138
name=unknown_A
#
# <colnr> <probs for GDERKNQSTAVLIFYWHMCP>
#	G	D	E	R	K	N	Q	S	T	A	V	L	I	F	Y	W	H	M	C	P
0	0.04884	0.06313	0.10562	0.01290	0.08246	0.01054	0.11394	0.07623	0.07429	0.12701	0.08151	0.03607	0.04613	0.00652	0.00511	0.00156	0.00524	0.03879	0.00394	0.06016
1	0.06271	0.14206	0.14890	0.02154	0.01499	0.02686	0.02573	0.06492	0.37214	0.01900	0.02613	0.02968	0.01187	0.00605	0.00471	0.00157	0.00508	0.00482	0.00390	0.00734
2	0.00745	0.00568	0.00689	0.00706	0.02866	0.00527	0.00507	0.01002	0.06034	0.03283	0.34056	0.13998	0.29111	0.01150	0.00596	0.00171	0.00280	0.02718	0.00505	0.00488
3	0.01276	0.13739	0.44428	0.01243	0.01817	0.02428	0.04309	0.03535	0.03282	0.12949	0.02968	0.03782	0.00949	0.00550	0.00475	0.00153	0.00637	0.00440	0.00308	0.00732
4	0.00962	0.11535	0.47102	0.01176	0.01696	0.01083	0.02990	0.01382	0.02414	0.01479	0.01503	0.15250	0.05933	0.02637	0.00550	0.00171	0.00605	0.00604	0.00282	0.00647
5	0.00616	0.00440	0.00587	0.00704	0.00733	0.00411	0.00469	0.00704	0.00968	0.01291	0.02787	0.81899	0.03344	0.01584	0.00645	0.00205	0.00293	0.01438	0.00469	0.00411
6	0.01107	0.01080	0.01816	0.42619	0.32718	0.02733	0.06237	0.01427	0.01081	0.01450	0.00920	0.01298	0.00729	0.00487	0.00531	0.00162	0.02251	0.00457	0.00237	0.00663
7	0.03277	0.01147	0.04414	0.07969	0.01660	0.06272	0.11484	0.12877	0.09261	0.11938	0.03144	0.06720	0.04843	0.00758	0.00596	0.00173	0.04144	0.08243	0.00412	0.00668
8	0.01014	0.02616	0.79609	0.01441	0.02189	0.01174	0.01868	0.01601	0.01068	0.01601	0.00907	0.01068	0.00641	0.00480	0.00480	0.00160	0.00747	0.00374	0.00214	0.00747
9	0.00646	0.00513	0.00580	0.00566	0.00713	0.00447	0.00424	0.00818	0.01262	0.01633	0.34989	0.05987	0.47256	0.01187	0.00598	0.00167	0.00250	0.01013	0.00505	0.00447
10	0.01122	0.07410	0.68448	0.01379	0.02072	0.04718	0.01725	0.01648	0.01096	0.04535	0.00931	0.01070	0.00665	0.00485	0.00471	0.00156	0.00730	0.00370	0.00232	0.00739
11	0.00955	0.00899	0.01517	0.81013	0.03483	0.01123	0.01404	0.01292	0.01011	0.01292	0.00899	0.01348	0.00674	0.00506	0.00506	0.00169	0.00674	0.00449	0.00225	0.00562
12	0.00615	0.00446	0.00580	0.00688	0.00729	0.00412	0.00462	0.00706	0.00984	0.01297	0.02986	0.75345	0.09770	0.01558	0.00641	0.00202	0.00290	0.01406	0.00469	0.00412
13	0.04577	0.01338	0.01309	0.01097	0.01414	0.09563	0.00875	0.32559	0.31819	0.02406	0.01564	0.01525	0.03164	0.00653	0.00545	0.00161	0.03695	0.00497	0.00465	0.00773
14	0.00992	0.00958	0.01513	0.77877	0.03407	0.04235	0.01388	0.01321	0.01028	0.01290	0.00894	0.01331	0.00673	0.00506	0.00504	0.00167	0.00683	0.00445	0.00226	0.00563
15	0.01014	0.02616	0.79609	0.01441	0.02189	0.01174	0.01868	0.01601	0.01068	0.01601	0.00907	0.01068	0.00641	0.00480	0.00480	0.00160	0.00747	0.00374	0.00214	0.00747
16	0.00616	0.00440	0.00587	0.00704	0.00733	0.00411	0.00469	0.00704	0.00968	0.01291	0.02787	0.81899	0.03344	0.01584	0.00645	0.00205	0.00293	0.01438	0.00469	0.00411
17	0.01352	0.82533	0.02650	0.00865	0.01298	0.02001	0.00865	0.01514	0.01027	0.01190	0.00703	0.00811	0.00649	0.00433	0.00324	0.00108	0.00541	0.00270	0.00216	0.00649
18	0.01021	0.01064	0.02158	0.01766	0.08549	0.01003	0.46801	0.01335	0.01133	0.01542	0.03865	0.24170	0.01619	0.00774	0.00602	0.00178	0.00655	0.00831	0.00325	0.00609
19	0.02059	0.00871	0.01217	0.00942	0.01314	0.00776	0.04084	0.02334	0.05554	0.66470	0.07305	0.01858	0.01491	0.00649	0.00519	0.00158	0.00434	0.00544	0.00599	0.00823
20	0.01717	0.01309	0.01471	0.01287	0.08073	0.03312	0.00969	0.52930	0.07594	0.05424	0.06090	0.01432	0.01149	0.00637	0.00562	0.00156	0.04119	0.00490	0.00474	0.00807
21	0.01737	0.01261	0.01380	0.02977	0.01516	0.01398	0.00906	0.47589	0.24218	0.09318	0.01518	0.01455	0.01087	0.00629	0.00509	0.00158	0.00503	0.00493	0.00512	0.00836
22	0.01085	0.02486	0.73176	0.01434	0.02156	0.01155	0.04132	0.01647	0.01091	0.05641	0.00967	0.01111	0.00676	0.00486	0.00485	0.00160	0.00734	0.00388	0.00236	0.00751
23	0.01300	0.01291	0.01825	0.11321	0.54115	0.10464	0.01386	0.05478	0.01233	0.01630	0.01122	0.01379	0.04198	0.00509	0.00500	0.00151	0.00628	0.00463	0.00272	0.00736
24	0.01003	0.07614	0.00893	0.00678	0.00896	0.02310	0.00539	0.02962	0.03158	0.12441	0.26504	0.03515	0.33583	0.00997	0.00555	0.00159	0.00323	0.00834	0.00494	0.00544
25	0.01194	0.01364	0.02984	0.02131	0.02643	0.01279	0.77238	0.01620	0.01194	0.01620	0.01023	0.01364	0.00767	0.00426	0.00597	0.00171	0.00853	0.00597	0.00256	0.00682
26	0.01952	0.01369	0.01488	0.01141	0.01545	0.01498	0.00943	0.71014	0.02298	0.09673	0.01280	0.01257	0.00893	0.00609	0.00506	0.00152	0.00546	0.00460	0.00516	0.00860
27	0.09375	0.00871	0.01137	0.00880	0.01264	0.00776	0.00727	0.02381	0.01397	0.72860	0.01885	0.01645	0.01192	0.00613	0.00492	0.00156	0.00427	0.00489	0.00599	0.00834
28	0.01209	0.01304	0.02631	0.02312	0.22063	0.01264	0.52766	0.01641	0.04592	0.01641	0.01042	0.01353	0.00808	0.00455	0.00593	0.00167	0.02626	0.00555	0.00265	0.00715
29	0.00712	0.00537	0.00775	0.00775	0.00868	0.00608	0.00596	0.00880	0.00838	0.01181	0.01686	0.02293	0.07893	0.07207	0.69858	0.00743	0.01221	0.00595	0.00289	0.00443
30	0.85801	0.00978	0.00743	0.00665	0.00978	0.01134	0.00548	0.01486	0.00861	0.02269	0.00704	0.00821	0.00548	0.00469	0.00313	0.00156	0.00391	0.00274	0.00313	0.00548
31	0.00616	0.00440	0.00587	0.00704	0.00733	0.00411	0.00469	0.00704	0.00968	0.01291	0.02787	0.81899	0.03344	0.01584	0.00645	0.00205	0.00293	0.01438	0.00469	0.00411
32	0.11280	0.00950	0.03521	0.01042	0.07781	0.00908	0.00780	0.15492	0.01508	0.23021	0.25869	0.02114	0.02154	0.00714	0.00512	0.00156	0.00413	0.00591	0.00501	0.00694
33	0.00615	0.00443	0.00583	0.00696	0.00731	0.00411	0.00466	0.00705	0.00976	0.01294	0.02891	0.78477	0.06699	0.01571	0.00643	0.00204	0.00292	0.01421	0.00469	0.00411
34	0.00615	0.00446	0.00580	0.00688	0.00729	0.00412	0.00462	0.00706	0.00984	0.01297	0.02986	0.75345	0.09770	0.01558	0.00641	0.00202	0.00290	0.01406	0.00469	0.00412
35	0.01042	0.02579	0.77250	0.01433	0.02170	0.01186	0.01841	0.03891	0.01107	0.01649	0.00917	0.01072	0.00647	0.00484	0.00481	0.00160	0.00742	0.00376	0.00222	0.00751
36	0.01043	0.04286	0.68980	0.01508	0.02221	0.01205	0.10580	0.01602	0.01081	0.01594	0.00916	0.01096	0.00655	0.00473	0.00490	0.00160	0.00755	0.00397	0.00218	0.00738
37	0.01297	0.01304	0.02023	0.04530	0.68057	0.07924	0.04327	0.01589	0.01174	0.01608	0.00938	0.01229	0.00784	0.00457	0.00501	0.00150	0.00638	0.00445	0.00251	0.00773
38	0.07767	0.01398	0.09862	0.02929	0.06765	0.02611	0.10416	0.33402	0.10257	0.02347	0.01284	0.06394	0.01026	0.00618	0.00509	0.00161	0.00578	0.00523	0.00402	0.00753
39	0.05946	0.01199	0.09727	0.01046	0.02968	0.04813	0.02315	0.12181	0.08890	0.26388	0.03451	0.03637	0.06963	0.00683	0.00551	0.00160	0.04021	0.00540	0.03792	0.00728
40	0.00616	0.00440	0.00587	0.00704	0.00733	0.00411	0.00469	0.00704	0.00968	0.01291	0.02787	0.81899	0.03344	0.01584	0.00645	0.00205	0.00293	0.01438	0.00469	0.00411
41	0.01148	0.01414	0.12732	0.03842	0.08876	0.01179	0.48332	0.01600	0.04585	0.02950	0.02953	0.05781	0.01026	0.00529	0.00568	0.00169	0.00741	0.00602	0.00285	0.00687
42	0.02879	0.04685	0.04774	0.03962	0.05644	0.01211	0.50496	0.03241	0.01164	0.01601	0.02594	0.07956	0.02718	0.00579	0.00616	0.00171	0.04141	0.00633	0.00285	0.00649
43	0.01107	0.01195	0.08427	0.35527	0.40937	0.01167	0.01517	0.01447	0.01086	0.01497	0.00926	0.01276	0.00734	0.00476	0.00501	0.00159	0.00644	0.00444	0.00236	0.00696
44	0.01014	0.00652	0.00606	0.00589	0.00719	0.07271	0.00441	0.01227	0.01093	0.03431	0.05524	0.03516	0.01469	0.02812	0.05861	0.00180	0.00381	0.00513	0.62217	0.00483
45	0.01296	0.09337	0.43609	0.01478	0.08452	0.22705	0.01483	0.01687	0.01164	0.01459	0.00872	0.01061	0.00680	0.02016	0.00501	0.00153	0.00757	0.00365	0.00231	0.00691
46	0.01110	0.20954	0.60339	0.01306	0.01971	0.02987	0.01620	0.01590	0.01066	0.01499	0.00858	0.01006	0.00643	0.00470	0.00444	0.00148	0.00703	0.00349	0.00215	0.00721
47	0.00623	0.00443	0.00585	0.00695	0.00723	0.00415	0.00460	0.00706	0.00955	0.01273	0.02718	0.77345	0.03257	0.06257	0.00757	0.00222	0.00305	0.01397	0.00460	0.00405
48	0.01014	0.02616	0.79609	0.01441	0.02189	0.01174	0.01868	0.01601	0.01068	0.01601	0.00907	0.01068	0.00641	0.00480	0.00480	0.00160	0.00747	0.00374	0.00214	0.00747
49	0.03537	0.01168	0.01215	0.02897	0.01377	0.08201	0.00824	0.15534	0.30643	0.18011	0.05311	0.01754	0.03446	0.00674	0.00542	0.00162	0.02918	0.00532	0.00494	0.00760
50	0.00712	0.00490	0.00639	0.00727	0.00781	0.00465	0.00496	0.03769	0.01037	0.03471	0.02704	0.76563	0.03190	0.01520	0.00636	0.00202	0.00307	0.01374	0.00475	0.00441
51	0.00722	0.00542	0.00813	0.00813	0.00903	0.00632	0.00632	0.00903	0.00813	0.01174	0.01354	0.01987	0.01264	0.03792	0.80225	0.00813	0.01354	0.00542	0.00271	0.00451
52	0.01062	0.13842	0.68798	0.01360	0.02063	0.01290	0.01727	0.01589	0.01062	0.01544	0.00879	0.01032	0.00642	0.00474	0.00459	0.00153	0.00718	0.00359	0.00214	0.00734
53	0.01835	0.02259	0.01437	0.01291	0.01546	0.70120	0.00979	0.05980	0.03106	0.01359	0.00826	0.00959	0.00682	0.00549	0.00524	0.00137	0.05186	0.00344	0.00277	0.00604
54	0.01462	0.01037	0.01150	0.00991	0.01296	0.01140	0.00783	0.09009	0.52703	0.16132	0.07040	0.01923	0.01645	0.00691	0.00518	0.00166	0.00408	0.00573	0.00537	0.00795
55	0.01170	0.01118	0.01906	0.24473	0.58341	0.01180	0.01511	0.01481	0.01113	0.01553	0.00937	0.01278	0.00766	0.00466	0.00502	0.00155	0.00621	0.00450	0.00243	0.00735
56	0.01151	0.01186	0.01607	0.01362	0.01398	0.05635	0.04481	0.01277	0.00827	0.01236	0.00686	0.01108	0.00668	0.00846	0.01550	0.00214	0.73541	0.00443	0.00225	0.00561
57	0.01093	0.21351	0.61567	0.01306	0.01980	0.01368	0.01633	0.01581	0.01058	0.01505	0.00860	0.01007	0.00643	0.00469	0.00444	0.00148	0.00699	0.00349	0.00214	0.00724
58	0.00616	0.00440	0.00587	0.00704	0.00733	0.00411	0.00469	0.00704	0.00968	0.01291	0.02787	0.81899	0.03344	0.01584	0.00645	0.00205	0.00293	0.01438	0.00469	0.00411
59	0.01173	0.30456	0.34936	0.01334	0.05697	0.04219	0.08156	0.01544	0.01092	0.01449	0.02553	0.01180	0.03158	0.00495	0.00442	0.00142	0.00657	0.00392	0.00237	0.00689
60	0.00605	0.00512	0.00518	0.00517	0.00681	0.00430	0.00384	0.00732	0.01147	0.01372	0.07000	0.04789	0.74499	0.03768	0.00659	0.00180	0.00263	0.01053	0.00467	0.00425
61	0.01277	0.01082	0.01144	0.01027	0.01314	0.01248	0.00799	0.02683	0.76704	0.03583	0.02057	0.01883	0.01538	0.00685	0.00514	0.00171	0.00401	0.00571	0.00517	0.00802
62	0.01177	0.01324	0.02823	0.02079	0.04560	0.01272	0.69192	0.01574	0.01164	0.01591	0.01042	0.03221	0.00822	0.00479	0.00655	0.00174	0.05319	0.00604	0.00259	0.00672
63	0.01027	0.02533	0.74773	0.01507	0.04012	0.01179	0.04826	0.01601	0.01075	0.01603	0.00913	0.01084	0.00649	0.00478	0.00485	0.00160	0.00748	0.00384	0.00216	0.00746

[dist]
# distance from previous block
# <min> <max>
0	4

[block]
# block no. 1 follows, 49 sequences, length 43
# corresponding to MSA columns:
# 143-162,210-232
name=unknown_B
#
# <colnr> <probs for GDERKNQSTAVLIFYWHMCP>
#	G	D	E	R	K	N	Q	S	T	A	V	L	I	F	Y	W	H	M	C	P
0	0.00734	0.00493	0.00567	0.00566	0.00574	0.00497	0.00326	0.00749	0.00757	0.01017	0.03576	0.03258	0.01887	0.76380	0.06237	0.00497	0.00525	0.00731	0.00311	0.00318
1	0.01188	0.01348	0.02895	0.02081	0.02561	0.01296	0.72512	0.01595	0.01168	0.01595	0.01001	0.01348	0.00761	0.00455	0.00663	0.00174	0.05846	0.00587	0.00254	0.00674
2	0.01441	0.01181	0.01276	0.01134	0.03906	0.01342	0.00869	0.23316	0.54699	0.02397	0.01789	0.01680	0.01330	0.00657	0.00512	0.00165	0.00450	0.00536	0.00504	0.00817
3	0.01610	0.01292	0.01339	0.01105	0.01449	0.03856	0.00886	0.40027	0.37885	0.02624	0.01596	0.01520	0.01174	0.00641	0.00508	0.00160	0.00494	0.00506	0.00502	0.00824
4	0.01172	0.01164	0.01783	0.01438	0.01648	0.01397	0.19756	0.01748	0.23618	0.01580	0.01162	0.01399	0.00948	0.00714	0.01061	0.00194	0.37727	0.00518	0.00316	0.00658
5	0.01201	0.01156	0.01985	0.11361	0.66464	0.01176	0.03960	0.01505	0.01138	0.01605	0.01056	0.01359	0.02803	0.00477	0.00507	0.00153	0.00608	0.00471	0.00253	0.00762
6	0.00746	0.00580	0.03296	0.00680	0.00811	0.00491	0.00525	0.00953	0.01295	0.04347	0.51490	0.21713	0.08866	0.01144	0.00601	0.00170	0.00276	0.01013	0.00522	0.00480
7	0.01279	0.01097	0.01155	0.01033	0.01323	0.01268	0.00805	0.05039	0.75775	0.02149	0.02032	0.01865	0.01522	0.00684	0.00514	0.00171	0.00405	0.00568	0.00514	0.00802
8	0.01351	0.01150	0.01216	0.02631	0.05391	0.05702	0.00857	0.02550	0.63544	0.06906	0.01903	0.01778	0.01420	0.00657	0.00510	0.00167	0.00447	0.00545	0.00488	0.00788
9	0.01179	0.01283	0.09533	0.06808	0.62695	0.01151	0.01515	0.01501	0.01136	0.01615	0.01129	0.01495	0.03263	0.00513	0.00508	0.00155	0.00604	0.02897	0.00259	0.00761
10	0.01565	0.01239	0.01316	0.01091	0.01432	0.01401	0.00875	0.37214	0.43134	0.02611	0.01668	0.01576	0.01228	0.00650	0.00511	0.00162	0.00472	0.00518	0.00511	0.00828
11	0.85801	0.00978	0.00743	0.00665	0.00978	0.01134	0.00548	0.01486	0.00861	0.02269	0.00704	0.00821	0.00548	0.00469	0.00313	0.00156	0.00391	0.00274	0.00313	0.00548
12	0.00598	0.00512	0.00512	0.00512	0.00683	0.00427	0.00384	0.00726	0.01153	0.01366	0.05123	0.04866	0.78869	0.01281	0.00598	0.00171	0.00256	0.01067	0.00470	0.00427
13	0.01014	0.02616	0.79609	0.01441	0.02189	0.01174	0.01868	0.01601	0.01068	0.01601	0.00907	0.01068	0.00641	0.00480	0.00480	0.00160	0.00747	0.00374	0.00214	0.00747
14	0.01206	0.01310	0.02625	0.01916	0.02384	0.01275	0.62322	0.01828	0.16213	0.01716	0.01225	0.01466	0.00919	0.00477	0.00581	0.00171	0.00764	0.00592	0.00306	0.00705
15	0.01014	0.02616	0.79609	0.01441	0.02189	0.01174	0.01868	0.01601	0.01068	0.01601	0.00907	0.01068	0.00641	0.00480	0.00480	0.00160	0.00747	0.00374	0.00214	0.00747
16	0.01057	0.11391	0.68679	0.01400	0.02105	0.01269	0.04158	0.01592	0.01067	0.01557	0.00889	0.01049	0.00646	0.00473	0.00467	0.00155	0.00728	0.00369	0.00215	0.00734
17	0.01861	0.01308	0.01435	0.01122	0.01501	0.01439	0.00921	0.58306	0.11349	0.11420	0.01388	0.01348	0.00981	0.00625	0.00535	0.00156	0.02469	0.00475	0.00513	0.00845
18	0.00616	0.00440	0.00587	0.00704	0.00733	0.00411	0.00469	0.00704	0.00968	0.01291	0.02787	0.81899	0.03344	0.01584	0.00645	0.00205	0.00293	0.01438	0.00469	0.00411
19	0.00614	0.00446	0.00580	0.00687	0.00729	0.00412	0.00462	0.00706	0.00984	0.01297	0.02992	0.75138	0.09973	0.01558	0.00641	0.00202	0.00290	0.01405	0.00469	0.00412
20	0.01706	0.01631	0.01355	0.01147	0.01449	0.29160	0.00903	0.32486	0.11519	0.02168	0.01187	0.01260	0.00910	0.00733	0.04054	0.00176	0.02222	0.00429	0.04793	0.00712
21	0.01014	0.02616	0.79609	0.01441	0.02189	0.01174	0.01868	0.01601	0.01068	0.01601	0.00907	0.01068	0.00641	0.00480	0.00480	0.00160	0.00747	0.00374	0.00214	0.00747
22	0.01859	0.01385	0.01482	0.01151	0.01544	0.01539	0.00946	0.70331	0.09537	0.03086	0.01294	0.01278	0.00925	0.00614	0.00507	0.00154	0.00542	0.00466	0.00507	0.00854
23	0.02269	0.00861	0.01174	0.00900	0.01291	0.00743	0.00743	0.02464	0.01447	0.79425	0.01995	0.01721	0.01252	0.00626	0.00509	0.00156	0.00430	0.00509	0.00626	0.00861
24	0.02173	0.00919	0.04185	0.00922	0.01318	0.00755	0.00789	0.02385	0.01424	0.73903	0.01975	0.01825	0.01282	0.00645	0.00514	0.00159	0.00444	0.02937	0.00605	0.00843
25	0.00875	0.00775	0.01252	0.55554	0.02653	0.00922	0.01154	0.01154	0.01029	0.01324	0.01532	0.14572	0.03054	0.00815	0.00556	0.00183	0.00577	0.11194	0.00302	0.00522
26	0.01014	0.02616	0.79609	0.01441	0.02189	0.01174	0.01868	0.01601	0.01068	0.01601	0.00907	0.01068	0.00641	0.00480	0.00480	0.00160	0.00747	0.00374	0.00214	0.00747
27	0.01319	0.01147	0.01176	0.01046	0.01339	0.03680	0.00816	0.07406	0.71018	0.02157	0.01966	0.01814	0.01473	0.00676	0.00512	0.00169	0.00426	0.00557	0.00506	0.00798
28	0.01880	0.01395	0.01494	0.01155	0.01552	0.01548	0.00951	0.72613	0.07222	0.03118	0.01268	0.01257	0.00904	0.00612	0.00506	0.00153	0.00546	0.00463	0.00506	0.00856
29	0.00619	0.00441	0.00586	0.00700	0.00728	0.00413	0.00465	0.00705	0.00962	0.01282	0.02753	0.79676	0.03302	0.03865	0.00700	0.00213	0.00299	0.01418	0.00465	0.00408
30	0.01582	0.01889	0.01866	0.01516	0.01839	0.44405	0.23374	0.04005	0.05713	0.01453	0.00945	0.01144	0.00757	0.00602	0.02470	0.00166	0.04931	0.00434	0.00279	0.00629
31	0.01338	0.01010	0.01121	0.00968	0.01227	0.01098	0.00765	0.36620	0.13462	0.02322	0.03796	0.17931	0.06103	0.02410	0.03015	0.00197	0.00474	0.04972	0.00486	0.00684
32	0.01174	0.01272	0.02554	0.01970	0.07243	0.01240	0.57624	0.01681	0.09886	0.01651	0.01273	0.03021	0.03112	0.00518	0.00617	0.00172	0.03403	0.00609	0.00294	0.00686
33	0.00598	0.00512	0.00512	0.00512	0.00683	0.00427	0.00384	0.00726	0.01153	0.01366	0.05123	0.04866	0.78869	0.01281	0.00598	0.00171	0.00256	0.01067	0.00470	0.00427
34	0.03420	0.00501	0.00556	0.00593	0.00706	0.00451	0.00419	0.00755	0.01069	0.01380	0.07622	0.31436	0.41921	0.05944	0.00717	0.00200	0.00286	0.01144	0.00459	0.00421
35	0.01181	0.41983	0.41699	0.01158	0.01750	0.01582	0.01374	0.01558	0.01048	0.01399	0.00807	0.00941	0.00645	0.00457	0.00404	0.00135	0.00646	0.00323	0.00215	0.00699
36	0.00616	0.00440	0.00587	0.00704	0.00733	0.00411	0.00469	0.00704	0.00968	0.01291	0.02787	0.81899	0.03344	0.01584	0.00645	0.00205	0.00293	0.01438	0.00469	0.00411
37	0.01014	0.02616	0.79609	0.01441	0.02189	0.01174	0.01868	0.01601	0.01068	0.01601	0.00907	0.01068	0.00641	0.00480	0.00480	0.00160	0.00747	0.00374	0.00214	0.00747
38	0.04431	0.02321	0.01408	0.01275	0.01541	0.74673	0.00960	0.03514	0.02948	0.01325	0.00813	0.00934	0.00670	0.00524	0.00454	0.00132	0.00879	0.00332	0.00272	0.00595
39	0.01066	0.14954	0.67727	0.01352	0.02051	0.01302	0.01713	0.01588	0.01061	0.01538	0.00876	0.01028	0.00642	0.00473	0.00456	0.00152	0.00715	0.00358	0.00214	0.00732
40	0.01155	0.00943	0.01081	0.00949	0.01196	0.04723	0.05208	0.03030	0.35303	0.07725	0.15985	0.08086	0.10757	0.00849	0.00549	0.00168	0.00404	0.00732	0.00495	0.00662
41	0.01228	0.01178	0.02010	0.09223	0.73137	0.01195	0.01540	0.01531	0.01140	0.01624	0.00947	0.01259	0.00791	0.00455	0.00501	0.00152	0.00606	0.00450	0.00248	0.00782
42	0.01185	0.01306	0.02753	0.01991	0.02466	0.01238	0.68452	0.03914	0.03395	0.01663	0.01157	0.05877	0.00936	0.00504	0.00594	0.00172	0.00799	0.00639	0.00283	0.00676

[dist]
# distance from previous block
# <min> <max>
0	12

[block]
# block no. 2 follows, 49 sequences, length 106
# corresponding to MSA columns:
# 245-350
name=unknown_C
#
# <colnr> <probs for GDERKNQSTAVLIFYWHMCP>
#	G	D	E	R	K	N	Q	S	T	A	V	L	I	F	Y	W	H	M	C	P
0	0.01341	0.79918	0.05168	0.00884	0.01327	0.01974	0.00898	0.01517	0.01029	0.01203	0.00710	0.00820	0.00649	0.00434	0.00330	0.00110	0.00548	0.00274	0.00216	0.00652
1	0.00965	0.00918	0.01483	0.51321	0.02668	0.01156	0.04007	0.01226	0.00958	0.01286	0.01041	0.09502	0.00947	0.00701	0.00793	0.00185	0.19491	0.00554	0.00250	0.00549
2	0.01303	0.00676	0.00899	0.00845	0.01062	0.00625	0.00698	0.03366	0.01297	0.28634	0.09016	0.10384	0.09224	0.01084	0.00606	0.00190	0.00403	0.28551	0.00531	0.00606
3	0.04539	0.00513	0.00617	0.00670	0.00761	0.00481	0.00472	0.00852	0.01012	0.05132	0.03003	0.46295	0.18317	0.09634	0.00814	0.00224	0.00327	0.05452	0.00453	0.00435
4	0.01179	0.01289	0.02651	0.10061	0.02573	0.01282	0.60504	0.04025	0.01182	0.01605	0.01040	0.01381	0.01695	0.00484	0.00662	0.00173	0.06717	0.00571	0.00261	0.00663
5	0.01042	0.07051	0.71552	0.01442	0.02161	0.01226	0.05478	0.01597	0.01071	0.01579	0.00902	0.01068	0.00647	0.00475	0.00477	0.00158	0.00741	0.00379	0.00216	0.00739
6	0.01438	0.01674	0.01412	0.19059	0.10749	0.42673	0.01071	0.01633	0.01245	0.01303	0.01145	0.05212	0.04341	0.00740	0.04026	0.00177	0.00784	0.00464	0.00271	0.00584
7	0.01532	0.12947	0.16895	0.01130	0.01536	0.17703	0.01056	0.14782	0.08618	0.10414	0.01240	0.05135	0.00985	0.00697	0.02983	0.00169	0.00649	0.00454	0.00362	0.00711
8	0.01255	0.42502	0.28924	0.01315	0.09545	0.05858	0.01285	0.01575	0.01076	0.01381	0.00803	0.00949	0.00662	0.00456	0.00403	0.00131	0.00638	0.00327	0.00221	0.00695
9	0.00670	0.00549	0.02566	0.00670	0.00782	0.00476	0.00508	0.00818	0.01099	0.01441	0.16255	0.27913	0.25262	0.07522	0.03594	0.00232	0.00354	0.08395	0.00458	0.00434
10	0.45653	0.12328	0.01215	0.00847	0.01185	0.08196	0.00708	0.13983	0.03738	0.04962	0.00977	0.01044	0.02311	0.00521	0.00378	0.00148	0.00483	0.00342	0.00348	0.00633
11	0.01229	0.09488	0.02001	0.18470	0.50544	0.04814	0.03302	0.01518	0.01124	0.01513	0.00909	0.01214	0.00752	0.00462	0.00484	0.00149	0.00630	0.00430	0.00242	0.00725
12	0.01255	0.52404	0.13505	0.01011	0.01442	0.03318	0.04689	0.03950	0.01088	0.01369	0.02415	0.03969	0.00870	0.00585	0.01725	0.01439	0.01607	0.00378	0.02339	0.00643
13	0.01170	0.01069	0.01655	0.02156	0.43429	0.01188	0.01228	0.04149	0.01081	0.01597	0.01120	0.01427	0.03668	0.00695	0.02763	0.00182	0.21360	0.00475	0.08902	0.00683
14	0.01331	0.05257	0.28290	0.03078	0.01965	0.04193	0.16311	0.22994	0.01465	0.01991	0.01159	0.03733	0.02744	0.00569	0.00541	0.00160	0.02680	0.00488	0.00321	0.00729
15	0.06768	0.23398	0.22834	0.01579	0.13015	0.01398	0.15940	0.01524	0.01069	0.01525	0.00932	0.04081	0.00786	0.00503	0.00488	0.00150	0.02646	0.00435	0.00244	0.00686
16	0.02893	0.01017	0.01259	0.25178	0.01941	0.07722	0.00950	0.05651	0.06396	0.32481	0.02846	0.05060	0.03077	0.00645	0.00510	0.00161	0.00536	0.00533	0.00443	0.00702
17	0.04932	0.13376	0.48404	0.01467	0.09763	0.06556	0.01528	0.04027	0.01123	0.01598	0.00884	0.01051	0.00673	0.00537	0.01898	0.00161	0.00704	0.00365	0.00236	0.00718
18	0.05548	0.00919	0.01151	0.02986	0.02822	0.00972	0.03493	0.10330	0.18634	0.18846	0.05993	0.06450	0.01687	0.00793	0.00573	0.00173	0.03389	0.09948	0.04601	0.00693
19	0.01070	0.15824	0.66890	0.01346	0.02041	0.01311	0.01703	0.01587	0.01061	0.01533	0.00874	0.01025	0.00642	0.00473	0.00455	0.00152	0.00713	0.00357	0.00214	0.00731
20	0.01006	0.00864	0.01372	0.59704	0.07516	0.01034	0.01219	0.04066	0.01078	0.01484	0.01041	0.01428	0.00794	0.00520	0.00479	0.00158	0.00591	0.00453	0.14621	0.00572
21	0.01109	0.00991	0.01628	0.11960	0.48993	0.01013	0.01261	0.02970	0.01126	0.03198	0.01385	0.19376	0.01367	0.00719	0.00534	0.00165	0.00536	0.00673	0.00310	0.00687
22	0.01359	0.01358	0.05098	0.14146	0.17448	0.08096	0.09255	0.16881	0.06808	0.01837	0.01026	0.01259	0.00804	0.00572	0.00668	0.00166	0.11738	0.00460	0.00312	0.00708
23	0.00621	0.00444	0.00583	0.00693	0.00724	0.00415	0.00460	0.00706	0.00962	0.01279	0.02791	0.76471	0.05142	0.05195	0.00731	0.00217	0.00301	0.01397	0.00462	0.00406
24	0.01113	0.01012	0.01624	0.57255	0.18443	0.01184	0.01389	0.09100	0.01179	0.01557	0.00941	0.01315	0.00718	0.00505	0.00505	0.00163	0.00647	0.00450	0.00258	0.00640
25	0.03806	0.01044	0.01234	0.01078	0.04806	0.01091	0.00825	0.20633	0.22282	0.28197	0.01790	0.05761	0.01341	0.01709	0.00541	0.00167	0.00454	0.01917	0.00527	0.00797
26	0.01034	0.05289	0.65122	0.01504	0.06253	0.01174	0.04426	0.01563	0.01081	0.01584	0.01014	0.01359	0.00791	0.00531	0.00493	0.00162	0.00719	0.04942	0.00232	0.00727
27	0.00618	0.00447	0.00585	0.00690	0.00731	0.00414	0.00464	0.00714	0.00996	0.01321	0.05572	0.74474	0.08011	0.01547	0.00641	0.00202	0.00289	0.01397	0.00472	0.00414
28	0.01064	0.01010	0.01714	0.52284	0.31357	0.01152	0.01459	0.01388	0.01063	0.01425	0.00918	0.01313	0.00721	0.00485	0.00504	0.00162	0.00647	0.00450	0.00234	0.00650
29	0.01061	0.13702	0.68933	0.01361	0.02065	0.01289	0.01729	0.01589	0.01062	0.01544	0.00879	0.01032	0.00642	0.00474	0.00459	0.00153	0.00719	0.00359	0.00214	0.00734
30	0.00782	0.00555	0.00618	0.00626	0.00760	0.00539	0.00467	0.01077	0.08970	0.01625	0.12056	0.14496	0.25222	0.04550	0.00630	0.00180	0.00293	0.05830	0.20246	0.00476
31	0.01141	0.01075	0.01811	0.17512	0.56868	0.01113	0.01415	0.01442	0.01154	0.01623	0.08876	0.01527	0.01182	0.00520	0.00511	0.00155	0.00578	0.00498	0.00277	0.00723
32	0.01014	0.00654	0.00819	0.00739	0.00849	0.00657	0.03187	0.07934	0.02924	0.09284	0.02844	0.11703	0.01835	0.48211	0.04863	0.00382	0.00509	0.00752	0.00381	0.00459
33	0.00955	0.00899	0.01517	0.81013	0.03483	0.01123	0.01404	0.01292	0.01011	0.01292	0.00899	0.01348	0.00674	0.00506	0.00506	0.00169	0.00674	0.00449	0.00225	0.00562
34	0.01014	0.02616	0.79609	0.01441	0.02189	0.01174	0.01868	0.01601	0.01068	0.01601	0.00907	0.01068	0.00641	0.00480	0.00480	0.00160	0.00747	0.00374	0.00214	0.00747
35	0.01421	0.01167	0.01345	0.01141	0.01456	0.07204	0.08597	0.02437	0.51184	0.12520	0.01869	0.01875	0.01406	0.00665	0.00524	0.00168	0.00492	0.03277	0.00482	0.00768
36	0.01085	0.00968	0.01517	0.70285	0.03226	0.01183	0.01345	0.11516	0.01195	0.01547	0.00941	0.01330	0.00699	0.00519	0.00506	0.00166	0.00658	0.00450	0.00262	0.00602
37	0.00649	0.00463	0.00624	0.00742	0.00785	0.00439	0.00526	0.00761	0.01000	0.01328	0.02769	0.69327	0.03273	0.01553	0.00654	0.00210	0.00322	0.13686	0.00469	0.00420
38	0.00686	0.00579	0.00689	0.00727	0.00824	0.03868	0.03258	0.00800	0.01049	0.01322	0.03303	0.53527	0.24677	0.01410	0.00622	0.00191	0.00330	0.01254	0.00453	0.00433
39	0.09973	0.01182	0.01651	0.01303	0.01665	0.02358	0.22098	0.12842	0.30606	0.05128	0.01521	0.04926	0.01181	0.00614	0.00520	0.00167	0.00552	0.00563	0.00419	0.00733
40	0.01222	0.51827	0.32219	0.01087	0.01640	0.01683	0.01251	0.01548	0.01043	0.01348	0.00782	0.00910	0.00646	0.00451	0.00384	0.00128	0.00620	0.00310	0.00215	0.00687
41	0.00744	0.00565	0.00788	0.00797	0.00886	0.02168	0.00611	0.00916	0.00851	0.01216	0.01501	0.10106	0.01465	0.03372	0.67269	0.00709	0.01192	0.00626	0.03768	0.00451
42	0.01826	0.01348	0.01454	0.01149	0.01496	0.04986	0.00942	0.53089	0.07492	0.10773	0.01280	0.01290	0.00920	0.00639	0.00622	0.00160	0.08778	0.00462	0.00479	0.00812
43	0.01014	0.02616	0.79609	0.01441	0.02189	0.01174	0.01868	0.01601	0.01068	0.01601	0.00907	0.01068	0.00641	0.00480	0.00480	0.00160	0.00747	0.00374	0.00214	0.00747
44	0.00616	0.00440	0.00587	0.00704	0.00733	0.00411	0.00469	0.00704	0.00968	0.01291	0.02787	0.81899	0.03344	0.01584	0.00645	0.00205	0.00293	0.01438	0.00469	0.00411
45	0.01049	0.10761	0.71765	0.01383	0.02098	0.01259	0.01766	0.01593	0.01064	0.01559	0.00887	0.01041	0.00641	0.00476	0.00465	0.00155	0.00726	0.00363	0.00214	0.00737
46	0.01085	0.19318	0.63525	0.01321	0.02002	0.01347	0.01659	0.01583	0.01059	0.01515	0.00865	0.01014	0.00642	0.00470	0.00448	0.00149	0.00704	0.00352	0.00214	0.00727
47	0.01049	0.10761	0.71765	0.01383	0.02098	0.01259	0.01766	0.01593	0.01064	0.01559	0.00887	0.01041	0.00641	0.00476	0.00465	0.00155	0.00726	0.00363	0.00214	0.00737
48	0.01732	0.02156	0.01375	0.01254	0.01485	0.68264	0.00948	0.01866	0.01338	0.01230	0.00834	0.01031	0.00714	0.00872	0.08645	0.00204	0.04867	0.00353	0.00260	0.00571
49	0.00671	0.00571	0.00585	0.00571	0.00751	0.00514	0.00431	0.00937	0.09015	0.01475	0.08394	0.04510	0.67384	0.01208	0.00589	0.00170	0.00270	0.01009	0.00478	0.00467
50	0.01785	0.01235	0.01358	0.01080	0.01447	0.01347	0.00879	0.47964	0.18744	0.13698	0.02950	0.02657	0.01172	0.00649	0.00512	0.00158	0.00495	0.00511	0.00525	0.00833
51	0.00616	0.00440	0.00587	0.00704	0.00733	0.00411	0.00469	0.00704	0.00968	0.01291	0.02787	0.81899	0.03344	0.01584	0.00645	0.00205	0.00293	0.01438	0.00469	0.00411
52	0.01164	0.01304	0.02750	0.01997	0.02439	0.01275	0.66688	0.01545	0.01143	0.01567	0.01051	0.04265	0.00850	0.00515	0.00707	0.00177	0.09032	0.00612	0.00260	0.00659
53	0.01252	0.01196	0.02012	0.03011	0.75585	0.01204	0.01518	0.01603	0.04607	0.01673	0.01001	0.01280	0.00834	0.00461	0.00501	0.00151	0.00592	0.00456	0.00262	0.00801
54	0.01196	0.01323	0.02726	0.01980	0.02443	0.01290	0.65744	0.01709	0.09018	0.01651	0.01111	0.01405	0.00841	0.00475	0.00640	0.00173	0.04719	0.00587	0.00280	0.00688
55	0.00701	0.00509	0.00661	0.00639	0.00751	0.00469	0.00473	0.00920	0.01374	0.01929	0.68370	0.11779	0.07330	0.01099	0.00601	0.00164	0.00245	0.00973	0.00545	0.00469
56	0.01940	0.01387	0.01499	0.01150	0.01554	0.01525	0.00950	0.73454	0.02329	0.07190	0.01255	0.01241	0.00881	0.00608	0.00506	0.00152	0.00550	0.00458	0.00512	0.00860
57	0.19403	0.00980	0.01027	0.00890	0.01155	0.02134	0.00711	0.19576	0.12470	0.08015	0.09714	0.08959	0.05411	0.00793	0.00541	0.00168	0.03367	0.03574	0.00460	0.00654
58	0.00641	0.00458	0.00614	0.00724	0.00767	0.00431	0.00505	0.00751	0.01011	0.01349	0.06473	0.70333	0.03370	0.01538	0.00648	0.00206	0.00308	0.08978	0.00473	0.00420
59	0.01102	0.01071	0.01887	0.40839	0.34575	0.01171	0.09194	0.01433	0.01088	0.01474	0.00933	0.01310	0.00736	0.00475	0.00513	0.00161	0.00662	0.00465	0.00238	0.00673
60	0.01749	0.01355	0.01683	0.01277	0.01679	0.01466	0.12132	0.61746	0.02117	0.02855	0.01201	0.01279	0.00871	0.00693	0.03345	0.00177	0.00621	0.00479	0.02464	0.00810
61	0.01934	0.01429	0.01502	0.01159	0.01558	0.04111	0.00954	0.72221	0.02313	0.05872	0.01228	0.01222	0.00867	0.00605	0.00504	0.00151	0.00564	0.00453	0.00502	0.00851
62	0.01135	0.01270	0.02739	0.01986	0.02448	0.01190	0.69414	0.01526	0.01171	0.01586	0.01203	0.09572	0.01030	0.00544	0.00602	0.00174	0.00796	0.00682	0.00278	0.00654
63	0.00832	0.00608	0.00752	0.00683	0.00834	0.00585	0.00521	0.08731	0.01511	0.02107	0.66538	0.03580	0.08758	0.01005	0.00587	0.00159	0.00272	0.00877	0.00546	0.00513
64	0.01036	0.07650	0.74761	0.01405	0.02132	0.01226	0.01805	0.01596	0.01065	0.01575	0.00895	0.01051	0.00641	0.00477	0.00471	0.00157	0.00734	0.00367	0.00214	0.00741
65	0.00733	0.00490	0.00557	0.00559	0.00562	0.00491	0.00316	0.00738	0.00742	0.00990	0.01614	0.04923	0.01859	0.79143	0.03926	0.00490	0.00502	0.00747	0.00309	0.00311
66	0.01014	0.02616	0.79609	0.01441	0.02189	0.01174	0.01868	0.01601	0.01068	0.01601	0.00907	0.01068	0.00641	0.00480	0.00480	0.00160	0.00747	0.00374	0.00214	0.00747
67	0.56634	0.01023	0.00908	0.00778	0.01088	0.01159	0.00634	0.16599	0.04689	0.02420	0.08827	0.01249	0.01085	0.00564	0.00389	0.00156	0.00409	0.00389	0.00385	0.00614
68	0.01829	0.02460	0.01049	0.00837	0.01146	0.00692	0.00679	0.02013	0.01337	0.56756	0.03437	0.12035	0.04389	0.00804	0.00527	0.00164	0.00398	0.04017	0.04690	0.00742
69	0.01252	0.01201	0.02053	0.03104	0.79074	0.01201	0.01552	0.01552	0.01151	0.01652	0.00951	0.01252	0.00801	0.00451	0.00501	0.00150	0.00601	0.00451	0.00250	0.00801
70	0.01106	0.01106	0.01549	0.01328	0.01328	0.01549	0.01106	0.01217	0.00774	0.01217	0.00664	0.01106	0.00664	0.00885	0.01659	0.00221	0.81303	0.00443	0.00221	0.00553
71	0.01014	0.02616	0.79609	0.01441	0.02189	0.01174	0.01868	0.01601	0.01068	0.01601	0.00907	0.01068	0.00641	0.00480	0.00480	0.00160	0.00747	0.00374	0.00214	0.00747
72	0.00744	0.00625	0.00615	0.00594	0.00772	0.03893	0.00448	0.00932	0.03991	0.04008	0.12183	0.06014	0.61013	0.01186	0.00587	0.00168	0.00294	0.00991	0.00476	0.00466
73	0.09648	0.00956	0.01458	0.68133	0.03130	0.02693	0.02405	0.03210	0.01040	0.01442	0.00886	0.01283	0.00667	0.00504	0.00486	0.00166	0.00650	0.00431	0.00242	0.00570
74	0.01004	0.00932	0.01543	0.74390	0.07092	0.01143	0.01396	0.04006	0.01066	0.01377	0.00913	0.01339	0.00687	0.00506	0.00505	0.00167	0.00666	0.00450	0.00236	0.00584
75	0.00625	0.00446	0.00597	0.00714	0.00748	0.00418	0.00485	0.00720	0.00977	0.01301	0.02782	0.78480	0.03325	0.01576	0.00648	0.00207	0.00301	0.04768	0.00469	0.00413
76	0.01266	0.01248	0.05299	0.01426	0.01780	0.01286	0.24865	0.04681	0.37107	0.04406	0.01500	0.01573	0.01132	0.00612	0.00662	0.00175	0.09301	0.00551	0.00392	0.00738
77	0.01014	0.02616	0.79609	0.01441	0.02189	0.01174	0.01868	0.01601	0.01068	0.01601	0.00907	0.01068	0.00641	0.00480	0.00480	0.00160	0.00747	0.00374	0.00214	0.00747
78	0.01130	0.22438	0.57660	0.01293	0.01945	0.04264	0.01587	0.01595	0.01071	0.01486	0.00852	0.00998	0.00643	0.00470	0.00441	0.00146	0.00702	0.00346	0.00216	0.00717
79	0.00692	0.00510	0.00651	0.00661	0.00772	0.00469	0.00498	0.00887	0.01281	0.01747	0.46632	0.17774	0.15179	0.01205	0.00616	0.00177	0.00275	0.08998	0.00519	0.00457
80	0.02795	0.07966	0.66501	0.01413	0.04768	0.01199	0.01700	0.01553	0.01059	0.01575	0.00971	0.04517	0.00761	0.00523	0.00474	0.00158	0.00701	0.00413	0.00228	0.00724
81	0.00680	0.03462	0.00703	0.00699	0.00777	0.00516	0.00499	0.00826	0.02054	0.01418	0.16225	0.49932	0.08014	0.02717	0.08757	0.00257	0.00402	0.01167	0.00454	0.00440
82	0.00675	0.00483	0.00633	0.00724	0.00770	0.00467	0.00495	0.03442	0.01007	0.01347	0.02626	0.71489	0.03106	0.04333	0.04236	0.00240	0.00359	0.02685	0.00456	0.00426
83	0.01621	0.01985	0.01688	0.01428	0.01689	0.53106	0.13845	0.01800	0.01279	0.01297	0.00827	0.01054	0.00695	0.00675	0.03558	0.00175	0.12036	0.00395	0.00255	0.00593
84	0.01445	0.01331	0.05550	0.01363	0.01744	0.04636	0.21899	0.35930	0.01708	0.02273	0.03024	0.12985	0.02309	0.00707	0.00551	0.00165	0.00614	0.00644	0.00408	0.00715
85	0.01194	0.01364	0.02984	0.02131	0.02643	0.01279	0.77238	0.01620	0.01194	0.01620	0.01023	0.01364	0.00767	0.00426	0.00597	0.00171	0.00853	0.00597	0.00256	0.00682
86	0.00702	0.00510	0.00662	0.00638	0.00751	0.00469	0.00473	0.00924	0.01380	0.01938	0.69315	0.10883	0.07272	0.01092	0.00601	0.00164	0.00244	0.00967	0.00546	0.00469
87	0.01162	0.21244	0.52581	0.01275	0.01902	0.01353	0.03141	0.04343	0.01119	0.04102	0.00953	0.02956	0.00737	0.00504	0.00452	0.00149	0.00673	0.00387	0.00245	0.00723
88	0.01036	0.07751	0.74663	0.01404	0.02131	0.01227	0.01804	0.01596	0.01065	0.01575	0.00894	0.01051	0.00641	0.00477	0.00470	0.00157	0.00734	0.00367	0.00214	0.00741
89	0.00676	0.00455	0.00608	0.00711	0.00754	0.00423	0.00479	0.00768	0.00986	0.04131	0.02758	0.78984	0.03268	0.01549	0.00640	0.00204	0.00298	0.01404	0.00475	0.00427
90	0.01581	0.03018	0.01209	0.00990	0.01313	0.04010	0.00791	0.12418	0.39899	0.21213	0.02036	0.01875	0.05982	0.00684	0.00510	0.00162	0.00442	0.00554	0.00522	0.00789
91	0.01732	0.01980	0.01573	0.01664	0.18054	0.50577	0.01097	0.11503	0.02811	0.01589	0.00893	0.01043	0.00725	0.00527	0.00495	0.00140	0.02261	0.00375	0.00293	0.00670
92	0.00615	0.00443	0.00584	0.00696	0.00731	0.00411	0.00466	0.00705	0.00976	0.01294	0.02887	0.78596	0.06583	0.01571	0.00643	0.00204	0.00292	0.01422	0.00469	0.00411
93	0.01237	0.01187	0.02027	0.06843	0.75446	0.01198	0.01545	0.01539	0.01145	0.01635	0.00949	0.01256	0.00795	0.00453	0.00501	0.00151	0.00604	0.00450	0.00249	0.00789
94	0.01288	0.01325	0.06527	0.06690	0.53905	0.04731	0.10434	0.01624	0.02176	0.04949	0.01006	0.01272	0.00804	0.00466	0.00510	0.00154	0.00647	0.00462	0.00268	0.00764
95	0.00600	0.00509	0.00516	0.00520	0.00683	0.00427	0.00386	0.00725	0.01139	0.01357	0.04983	0.07643	0.74923	0.02554	0.00630	0.00177	0.00261	0.01076	0.00467	0.00424
96	0.02109	0.00854	0.01135	0.00887	0.01258	0.00758	0.00727	0.02380	0.06267	0.70000	0.03331	0.01898	0.04653	0.00664	0.00514	0.00158	0.00418	0.00543	0.00611	0.00832
97	0.01049	0.10761	0.71765	0.01383	0.02098	0.01259	0.01766	0.01593	0.01064	0.01559	0.00887	0.01041	0.00641	0.00476	0.00465	0.00155	0.00726	0.00363	0.00214	0.00737
98	0.01222	0.01165	0.01957	0.10951	0.67865	0.01196	0.01503	0.01577	0.04608	0.01636	0.00996	0.01290	0.00822	0.00467	0.00502	0.00153	0.00599	0.00456	0.00260	0.00777
99	0.01181	0.01313	0.02700	0.02037	0.05697	0.01321	0.61080	0.01549	0.01121	0.01553	0.00959	0.01315	0.00751	0.00505	0.00773	0.00178	0.14486	0.00564	0.00250	0.00665
100	0.00787	0.00562	0.00783	0.00899	0.01004	0.00558	0.00766	0.00999	0.01137	0.01482	0.02693	0.16406	0.02971	0.01423	0.00691	0.00229	0.00441	0.65244	0.00466	0.00458
101	0.01014	0.02616	0.79609	0.01441	0.02189	0.01174	0.01868	0.01601	0.01068	0.01601	0.00907	0.01068	0.00641	0.00480	0.00480	0.00160	0.00747	0.00374	0.00214	0.00747
102	0.01030	0.06279	0.76081	0.01415	0.02148	0.01212	0.01822	0.01597	0.01066	0.01583	0.00898	0.01056	0.00641	0.00478	0.00473	0.00158	0.00738	0.00369	0.00214	0.00743
103	0.02220	0.00872	0.01172	0.00906	0.01292	0.00768	0.00746	0.02475	0.05179	0.75664	0.01998	0.01729	0.01266	0.00629	0.00509	0.00157	0.00429	0.00512	0.00620	0.00858
104	0.00614	0.00447	0.00579	0.00685	0.00728	0.00412	0.00461	0.00706	0.00987	0.01299	0.03025	0.74048	0.11042	0.01553	0.00641	0.00202	0.00290	0.01400	0.00469	0.00412
105	0.01044	0.02410	0.67356	0.01528	0.02233	0.01191	0.12272	0.01627	0.02708	0.01615	0.00948	0.01126	0.00677	0.00477	0.00497	0.00162	0.00755	0.00409	0.00226	0.00739

[dist]
# distance from previous block
# <min> <max>
0	6

[block]
# block no. 3 follows, 49 sequences, length 17
# corresponding to MSA columns:
# 357-373
name=unknown_D
#
# <colnr> <probs for GDERKNQSTAVLIFYWHMCP>
#	G	D	E	R	K	N	Q	S	T	A	V	L	I	F	Y	W	H	M	C	P
0	0.01027	0.02541	0.75529	0.01529	0.06233	0.01176	0.01852	0.01599	0.01072	0.01604	0.00910	0.01077	0.00649	0.00479	0.00481	0.00160	0.00740	0.00378	0.00215	0.00750
1	0.02223	0.00921	0.01182	0.00918	0.01301	0.03505	0.00753	0.02456	0.03906	0.74245	0.01955	0.01698	0.01240	0.00624	0.00507	0.00156	0.00446	0.00504	0.00610	0.00849
2	0.01252	0.01201	0.02053	0.03104	0.79074	0.01201	0.01552	0.01552	0.01151	0.01652	0.00951	0.01252	0.00801	0.00451	0.00501	0.00150	0.00601	0.00451	0.00250	0.00801
3	0.00829	0.00710	0.00858	0.00846	0.00948	0.07879	0.00650	0.00998	0.00866	0.01171	0.01312	0.01945	0.01233	0.06841	0.69640	0.00737	0.01277	0.00530	0.00271	0.00458
4	0.02141	0.00859	0.01154	0.00904	0.01275	0.00761	0.00746	0.04158	0.03131	0.70841	0.03835	0.01927	0.01402	0.00669	0.00519	0.00160	0.00430	0.03643	0.00612	0.00834
5	0.00631	0.00454	0.00602	0.00716	0.00757	0.00425	0.00494	0.00732	0.00990	0.01311	0.02853	0.73368	0.05737	0.01560	0.00648	0.00206	0.00306	0.07325	0.00469	0.00416
6	0.01240	0.01190	0.02032	0.06151	0.76118	0.01198	0.01546	0.01542	0.01146	0.01638	0.00949	0.01255	0.00796	0.00453	0.00501	0.00151	0.00604	0.00451	0.00249	0.00792
7	0.01237	0.01186	0.02025	0.07047	0.75249	0.01198	0.01544	0.01539	0.01144	0.01634	0.00949	0.01256	0.00795	0.00453	0.00501	0.00151	0.00604	0.00450	0.00249	0.00789
8	0.01014	0.02616	0.79609	0.01441	0.02189	0.01174	0.01868	0.01601	0.01068	0.01601	0.00907	0.01068	0.00641	0.00480	0.00480	0.00160	0.00747	0.00374	0.00214	0.00747
9	0.00619	0.00445	0.00582	0.00690	0.00725	0.00414	0.00460	0.00706	0.00970	0.01285	0.02864	0.75564	0.07037	0.04154	0.00705	0.00213	0.00298	0.01397	0.00464	0.00408
10	0.01352	0.82533	0.02650	0.00865	0.01298	0.02001	0.00865	0.01514	0.01027	0.01190	0.00703	0.00811	0.00649	0.00433	0.00324	0.00108	0.00541	0.00270	0.00216	0.00649
11	0.06017	0.01307	0.02358	0.01776	0.03945	0.01343	0.47067	0.13982	0.05164	0.01895	0.01049	0.01306	0.00799	0.00519	0.00670	0.00172	0.09087	0.00535	0.00309	0.00699
12	0.01033	0.01005	0.01653	0.43094	0.09614	0.01243	0.06693	0.01304	0.00963	0.01323	0.00863	0.01296	0.00711	0.00720	0.03708	0.00205	0.23297	0.00461	0.00230	0.00586
13	0.00642	0.00509	0.00584	0.00626	0.00757	0.00451	0.00477	0.00783	0.01127	0.01399	0.06891	0.20804	0.48032	0.01354	0.00624	0.00188	0.00298	0.13552	0.00472	0.00432
14	0.01891	0.02361	0.01437	0.01296	0.01564	0.76300	0.00976	0.05756	0.01480	0.01334	0.00803	0.00927	0.00662	0.00525	0.00458	0.00131	0.00894	0.00332	0.00273	0.00600
15	0.01565	0.01369	0.01505	0.30254	0.02264	0.12591	0.01125	0.38964	0.01746	0.02220	0.01038	0.01220	0.00763	0.00558	0.00499	0.00155	0.00650	0.00435	0.00369	0.00712
16	0.05327	0.04963	0.65209	0.01385	0.02073	0.01180	0.05671	0.01577	0.01062	0.01625	0.00896	0.01062	0.00648	0.00470	0.00468	0.00155	0.00710	0.00373	0.00225	0.04920

[dist]
# distance from previous block
# <min> <max>
25	30

[block]
# block no. 4 follows, 49 sequences, length 7
# corresponding to MSA columns:
# 431-437
name=unknown_E
#
# <colnr> <probs for GDERKNQSTAVLIFYWHMCP>
#	G	D	E	R	K	N	Q	S	T	A	V	L	I	F	Y	W	H	M	C	P
0	0.01118	0.01097	0.06295	0.00898	0.01128	0.11487	0.00733	0.17021	0.01381	0.01744	0.05289	0.20053	0.15819	0.06402	0.00694	0.00190	0.00479	0.05151	0.00420	0.02600
1	0.01055	0.00994	0.06379	0.00822	0.01232	0.00741	0.00696	0.07046	0.01141	0.01714	0.01178	0.11961	0.01100	0.00563	0.00428	0.00104	0.00403	0.00470	0.00332	0.61642
2	0.20084	0.00883	0.01016	0.00832	0.01152	0.00879	0.00675	0.07326	0.07062	0.38161	0.14896	0.01856	0.01699	0.00665	0.00481	0.00158	0.00395	0.00528	0.00529	0.00722
3	0.00616	0.00440	0.00587	0.00704	0.00733	0.00411	0.00469	0.00704	0.00968	0.01291	0.02787	0.81899	0.03344	0.01584	0.00645	0.00205	0.00293	0.01438	0.00469	0.00411
4	0.01123	0.01100	0.01966	0.26976	0.40585	0.01155	0.13044	0.01445	0.01107	0.01520	0.01025	0.04782	0.00866	0.00513	0.00523	0.00161	0.00649	0.00515	0.00253	0.00692
5	0.00997	0.00941	0.01522	0.53118	0.06819	0.01144	0.04565	0.01370	0.06473	0.01375	0.01091	0.06861	0.00928	0.00630	0.00653	0.00176	0.09956	0.00531	0.00264	0.00585
6	0.00643	0.00636	0.05942	0.00627	0.00787	0.00480	0.00500	0.00781	0.01063	0.01329	0.03934	0.23652	0.47762	0.08603	0.00780	0.00207	0.00320	0.01082	0.00437	0.00434

[dist]
# distance from previous block
# <min> <max>
7	11

[block]
