[name]
unknown

[dist]
# distance from previous block
# <min> <max>
0	74

[block]
# block no. 0 follows, 54 sequences, length 12
# corresponding to MSA columns:
# 84-95
name=unknown_A
#
# <colnr> <probs for GDERKNQSTAVLIFYWHMCP>
#	G	D	E	R	K	N	Q	S	T	A	V	L	I	F	Y	W	H	M	C	P
0	0.08972	0.00760	0.01034	0.13267	0.09378	0.00826	0.02233	0.05356	0.04234	0.04876	0.09154	0.14265	0.06243	0.03764	0.00633	0.00175	0.05287	0.06856	0.02159	0.00529
1	0.04242	0.02327	0.01296	0.15873	0.11335	0.12761	0.06244	0.06088	0.04052	0.01447	0.03988	0.12586	0.07149	0.01946	0.02437	0.00173	0.04602	0.00595	0.00309	0.00552
2	0.02353	0.00814	0.01064	0.10805	0.07881	0.05360	0.03522	0.03805	0.02845	0.05903	0.06030	0.14216	0.09144	0.02102	0.09628	0.01464	0.06195	0.00648	0.02055	0.04167
3	0.02755	0.01802	0.02789	0.10665	0.08905	0.02668	0.02668	0.04296	0.04120	0.07231	0.05062	0.13006	0.04774	0.06658	0.04935	0.00211	0.06005	0.04023	0.06893	0.00532
4	0.09156	0.00951	0.01243	0.07738	0.11247	0.05819	0.08411	0.10192	0.01151	0.02925	0.06624	0.11475	0.04605	0.01917	0.02221	0.01533	0.03330	0.00573	0.02374	0.06516
5	0.04973	0.02193	0.03056	0.20407	0.22087	0.05299	0.01067	0.09663	0.02553	0.01566	0.01015	0.02559	0.02029	0.00711	0.05613	0.00183	0.06240	0.00428	0.03716	0.04641
6	0.04478	0.00871	0.01271	0.35812	0.06734	0.03609	0.05540	0.06109	0.01067	0.07505	0.01135	0.06339	0.00934	0.00768	0.06379	0.00193	0.00589	0.00483	0.08037	0.02147
7	0.07082	0.04943	0.05007	0.05334	0.02730	0.13173	0.00786	0.19227	0.01271	0.03423	0.01285	0.06786	0.04307	0.05241	0.08653	0.00218	0.02484	0.00487	0.05415	0.02147
8	0.04303	0.00540	0.00680	0.04596	0.00855	0.00530	0.00497	0.03980	0.01236	0.01756	0.53389	0.14003	0.06854	0.03955	0.00610	0.00166	0.00276	0.00856	0.00470	0.00450
9	0.05234	0.01362	0.01322	0.05070	0.04027	0.15399	0.00888	0.41069	0.11141	0.08045	0.01167	0.01184	0.00848	0.00547	0.00457	0.00141	0.00551	0.00412	0.00413	0.00723
10	0.01134	0.00963	0.01070	0.06208	0.01314	0.01109	0.00767	0.08920	0.55747	0.01895	0.01904	0.07701	0.04785	0.00714	0.00529	0.00162	0.03353	0.00590	0.00447	0.00687
11	0.00902	0.00438	0.00646	0.00633	0.00661	0.00429	0.00432	0.00739	0.00681	0.06675	0.00979	0.05288	0.00953	0.01553	0.01685	0.75947	0.00403	0.00458	0.00243	0.00257

[dist]
# distance from previous block
# <min> <max>
0	3

[block]
# block no. 1 follows, 54 sequences, length 12
# corresponding to MSA columns:
# 99-110
name=unknown_B
#
# <colnr> <probs for GDERKNQSTAVLIFYWHMCP>
#	G	D	E	R	K	N	Q	S	T	A	V	L	I	F	Y	W	H	M	C	P
0	0.01667	0.01267	0.01414	0.01218	0.07901	0.01399	0.00923	0.63389	0.11432	0.02734	0.01207	0.01210	0.00874	0.00563	0.00472	0.00144	0.00505	0.00437	0.00453	0.00791
1	0.01219	0.04079	0.01192	0.00958	0.07763	0.00858	0.00707	0.14136	0.01216	0.07339	0.00956	0.01055	0.00749	0.00409	0.00386	0.00094	0.00404	0.00328	0.00326	0.55827
2	0.00587	0.00416	0.00543	0.00640	0.00665	0.00391	0.00421	0.00660	0.00878	0.01171	0.02473	0.74086	0.02960	0.10729	0.00805	0.00221	0.00294	0.01266	0.00421	0.00372
3	0.05484	0.00889	0.03949	0.00846	0.01187	0.00786	0.00708	0.08375	0.04533	0.58379	0.01684	0.01637	0.01145	0.07440	0.00625	0.00172	0.00423	0.00476	0.00519	0.00741
4	0.01097	0.01169	0.10531	0.01226	0.11580	0.04105	0.00923	0.02003	0.47339	0.01762	0.04996	0.08377	0.01486	0.00666	0.00486	0.00157	0.00439	0.00568	0.00404	0.00690
5	0.01634	0.00896	0.07613	0.00847	0.01176	0.00724	0.00734	0.03827	0.07303	0.50410	0.05655	0.09749	0.05851	0.00715	0.00493	0.00152	0.00397	0.00598	0.00516	0.00709
6	0.00686	0.00457	0.00514	0.00514	0.00514	0.00457	0.00286	0.00686	0.00686	0.00914	0.01486	0.03086	0.01714	0.83430	0.02400	0.00457	0.00457	0.00686	0.00286	0.00286
7	0.01761	0.02247	0.01336	0.01215	0.01458	0.81537	0.00911	0.01883	0.01336	0.01154	0.00729	0.00850	0.00607	0.00486	0.00425	0.00121	0.00850	0.00304	0.00243	0.00547
8	0.01541	0.01135	0.01340	0.01112	0.03231	0.04461	0.07187	0.23804	0.31900	0.16807	0.01535	0.01463	0.01100	0.00577	0.00480	0.00150	0.00478	0.00482	0.00462	0.00755
9	0.03381	0.00864	0.01232	0.30692	0.15422	0.02914	0.00980	0.01255	0.03887	0.03196	0.03093	0.04984	0.06651	0.00681	0.03782	0.00164	0.00525	0.00487	0.00282	0.15528
10	0.04574	0.00888	0.01043	0.02253	0.07624	0.02489	0.00663	0.06297	0.03496	0.03902	0.04366	0.03188	0.05003	0.00487	0.00400	0.00101	0.00383	0.00399	0.00323	0.52121
11	0.07406	0.03338	0.08826	0.01153	0.09591	0.09619	0.00894	0.14847	0.10952	0.05300	0.04370	0.01371	0.01025	0.01998	0.04231	0.00169	0.01642	0.01744	0.00344	0.11179

[dist]
# distance from previous block
# <min> <max>
8	27

[block]
# block no. 2 follows, 54 sequences, length 34
# corresponding to MSA columns:
# 145-178
name=unknown_C
#
# <colnr> <probs for GDERKNQSTAVLIFYWHMCP>
#	G	D	E	R	K	N	Q	S	T	A	V	L	I	F	Y	W	H	M	C	P
0	0.03750	0.00857	0.01024	0.00952	0.05306	0.00914	0.02868	0.07505	0.33687	0.05513	0.24357	0.02116	0.02134	0.00689	0.00487	0.00149	0.00357	0.00590	0.03552	0.03194
1	0.82381	0.00906	0.00714	0.00631	0.00927	0.01039	0.00520	0.01433	0.00831	0.06187	0.00719	0.00809	0.00545	0.00445	0.00301	0.00146	0.00367	0.00267	0.00307	0.00526
2	0.00574	0.00410	0.00547	0.00657	0.00684	0.00383	0.00438	0.00657	0.00903	0.01204	0.02599	0.83122	0.03119	0.01477	0.00602	0.00191	0.00274	0.01340	0.00438	0.00383
3	0.00686	0.00457	0.00514	0.00514	0.00514	0.00457	0.00286	0.00686	0.00686	0.00914	0.01486	0.03086	0.01714	0.83430	0.02400	0.00457	0.00457	0.00686	0.00286	0.00286
4	0.57681	0.01140	0.07451	0.05459	0.01191	0.08127	0.00705	0.04136	0.00933	0.01919	0.00758	0.00897	0.00587	0.00462	0.00357	0.00143	0.01830	0.00296	0.05391	0.00536
5	0.00716	0.00546	0.00697	0.00792	0.07542	0.00497	0.00543	0.00880	0.01115	0.04305	0.17827	0.12899	0.37257	0.01110	0.00564	0.00167	0.00300	0.11347	0.00440	0.00454
6	0.03352	0.05231	0.03441	0.00814	0.03101	0.02548	0.00656	0.06869	0.01076	0.02855	0.00927	0.04085	0.00791	0.00424	0.00373	0.00090	0.00394	0.00337	0.00296	0.62342
7	0.00963	0.02105	0.63437	0.01327	0.01925	0.01064	0.07506	0.01438	0.00991	0.02712	0.00949	0.05277	0.00750	0.00516	0.00517	0.00153	0.04786	0.00419	0.00223	0.02941
8	0.00574	0.00410	0.00547	0.00657	0.00684	0.00383	0.00438	0.00657	0.00903	0.01204	0.02599	0.83122	0.03119	0.01477	0.00602	0.00191	0.00274	0.01340	0.00438	0.00383
9	0.01158	0.02347	0.04707	0.20232	0.18089	0.04018	0.11889	0.10518	0.14731	0.01694	0.05052	0.01394	0.01013	0.00514	0.00483	0.00150	0.00569	0.00471	0.00311	0.00660
10	0.01527	0.05666	0.03037	0.01069	0.01400	0.12987	0.03136	0.30859	0.27973	0.05445	0.01332	0.01303	0.00986	0.00564	0.00461	0.00144	0.00524	0.00439	0.00419	0.00729
11	0.01193	0.00860	0.05810	0.00839	0.01064	0.00802	0.00696	0.05988	0.01014	0.19318	0.01251	0.01687	0.01067	0.17736	0.10639	0.00278	0.13017	0.00469	0.02214	0.14059
12	0.01137	0.24271	0.44639	0.01234	0.03771	0.08104	0.03921	0.03485	0.02774	0.01410	0.00820	0.00952	0.00632	0.00444	0.00412	0.00134	0.00646	0.00333	0.00219	0.00662
13	0.86760	0.00912	0.00693	0.00620	0.00912	0.01058	0.00511	0.01386	0.00802	0.02115	0.00657	0.00766	0.00511	0.00438	0.00292	0.00146	0.00365	0.00255	0.00292	0.00511
14	0.00686	0.00457	0.00514	0.00514	0.00514	0.00457	0.00286	0.00686	0.00686	0.00914	0.01486	0.03086	0.01714	0.83430	0.02400	0.00457	0.00457	0.00686	0.00286	0.00286
15	0.00948	0.08856	0.03403	0.02760	0.02803	0.02898	0.10052	0.04818	0.03584	0.01282	0.01070	0.01529	0.00966	0.06593	0.34778	0.00426	0.11990	0.00470	0.00257	0.00517
16	0.00965	0.02392	0.09779	0.00797	0.01018	0.00666	0.02000	0.04918	0.06476	0.12608	0.04422	0.32131	0.12773	0.02059	0.03006	0.00187	0.00396	0.00864	0.02008	0.00535
17	0.00605	0.00432	0.00566	0.00659	0.00698	0.00408	0.00455	0.00699	0.00920	0.01222	0.04903	0.63591	0.05161	0.08646	0.00762	0.00215	0.00303	0.08946	0.00426	0.00382
18	0.01108	0.01190	0.07230	0.13201	0.51097	0.01121	0.12763	0.01459	0.03436	0.01501	0.00919	0.01201	0.00737	0.00432	0.00480	0.00146	0.00607	0.00439	0.00236	0.00697
19	0.01157	0.31023	0.29374	0.06726	0.05845	0.07051	0.06454	0.03424	0.01041	0.01348	0.00782	0.00949	0.00624	0.00441	0.00424	0.00132	0.02014	0.00336	0.00215	0.00640
20	0.01252	0.05936	0.05986	0.19286	0.12928	0.16934	0.21117	0.04840	0.01146	0.03418	0.00878	0.01127	0.00681	0.00456	0.00491	0.00145	0.02090	0.00421	0.00246	0.00620
21	0.01574	0.00686	0.00891	0.00727	0.00996	0.00617	0.00585	0.01809	0.04125	0.48814	0.17372	0.02098	0.04189	0.00674	0.00473	0.00142	0.00334	0.00562	0.12667	0.00666
22	0.00829	0.00753	0.08206	0.00807	0.05878	0.00587	0.00636	0.03198	0.02391	0.07057	0.09667	0.09917	0.35576	0.02688	0.00567	0.00164	0.00340	0.05393	0.04847	0.00498
23	0.01483	0.03430	0.04496	0.03485	0.01331	0.06686	0.02809	0.26262	0.05537	0.18396	0.04658	0.03143	0.05924	0.03716	0.02397	0.01474	0.03180	0.00507	0.00421	0.00666
24	0.01225	0.15618	0.11540	0.10606	0.21288	0.01204	0.10206	0.03203	0.01061	0.10900	0.00967	0.01194	0.00758	0.02800	0.00565	0.00152	0.05372	0.00411	0.00269	0.00660
25	0.01293	0.00960	0.01046	0.00910	0.01181	0.01069	0.00716	0.10358	0.54128	0.10560	0.06548	0.01783	0.01513	0.00641	0.00475	0.00153	0.00374	0.00530	0.05040	0.00724
26	0.01256	0.53889	0.14138	0.03378	0.01481	0.09432	0.04389	0.03383	0.02534	0.01254	0.00746	0.00867	0.00630	0.00428	0.00360	0.00116	0.00581	0.00299	0.00219	0.00620
27	0.02462	0.11627	0.21845	0.14800	0.09974	0.04034	0.03949	0.04775	0.05544	0.05780	0.04821	0.01441	0.02346	0.00532	0.00453	0.00145	0.00565	0.02924	0.01348	0.00635
28	0.00574	0.00410	0.00547	0.00657	0.00684	0.00383	0.00438	0.00657	0.00903	0.01204	0.02599	0.83122	0.03119	0.01477	0.00602	0.00191	0.00274	0.01340	0.00438	0.00383
29	0.00588	0.00477	0.00524	0.00525	0.00665	0.00412	0.00394	0.00731	0.01122	0.01408	0.21001	0.08769	0.57041	0.01163	0.00562	0.00160	0.00243	0.03349	0.00455	0.00409
30	0.01315	0.07377	0.23433	0.04890	0.09196	0.06421	0.10307	0.05621	0.07730	0.14773	0.01136	0.01225	0.00823	0.00487	0.00456	0.00143	0.00589	0.00416	0.02973	0.00689
31	0.00946	0.02439	0.80987	0.01344	0.02041	0.01095	0.01742	0.01493	0.00995	0.01493	0.00846	0.00995	0.00597	0.00448	0.00448	0.00149	0.00697	0.00348	0.00199	0.00697
32	0.01824	0.00820	0.01047	0.00827	0.01153	0.00762	0.00675	0.09398	0.06615	0.57215	0.07571	0.01820	0.04258	0.00634	0.00479	0.00146	0.00386	0.00519	0.03103	0.00747
33	0.02550	0.00709	0.02848	0.00712	0.00886	0.00713	0.00555	0.01394	0.26903	0.01611	0.06070	0.17723	0.19026	0.00915	0.00520	0.00158	0.02122	0.00773	0.13281	0.00531

[dist]
# distance from previous block
# <min> <max>
3	6

[block]
# block no. 3 follows, 54 sequences, length 70
# corresponding to MSA columns:
# 186-255
name=unknown_D
#
# <colnr> <probs for GDERKNQSTAVLIFYWHMCP>
#	G	D	E	R	K	N	Q	S	T	A	V	L	I	F	Y	W	H	M	C	P
0	0.01314	0.04265	0.02609	0.05551	0.26127	0.04999	0.02295	0.18932	0.21713	0.01912	0.01185	0.01279	0.00915	0.00520	0.00480	0.00144	0.01924	0.00436	0.00349	0.03050
1	0.00898	0.00846	0.01428	0.80140	0.05345	0.01050	0.01313	0.01211	0.00946	0.01214	0.00839	0.01255	0.00632	0.00470	0.00471	0.00157	0.00627	0.00419	0.00210	0.00530
2	0.01199	0.01186	0.01800	0.02602	0.68534	0.07275	0.01340	0.01461	0.01087	0.01510	0.00871	0.01129	0.00733	0.00420	0.00455	0.00133	0.00567	0.00401	0.00238	0.07059
3	0.00710	0.00520	0.00695	0.00786	0.00895	0.00505	0.00666	0.00899	0.01067	0.01370	0.02871	0.12395	0.15183	0.01301	0.00632	0.00205	0.00388	0.58053	0.00435	0.00424
4	0.00703	0.00490	0.00642	0.00599	0.00717	0.00451	0.00451	0.00924	0.01335	0.03824	0.78319	0.03475	0.04368	0.00955	0.00554	0.00148	0.00227	0.00843	0.00521	0.00454
5	0.01056	0.13207	0.45012	0.01336	0.01891	0.02717	0.16478	0.01532	0.04970	0.02724	0.04064	0.01162	0.00826	0.00465	0.00455	0.00144	0.00653	0.00406	0.00241	0.00664
6	0.00571	0.00478	0.00497	0.00492	0.00645	0.00404	0.00369	0.00704	0.01108	0.01352	0.14368	0.04409	0.70657	0.01165	0.00557	0.00158	0.00237	0.00977	0.00448	0.00404
7	0.00686	0.00457	0.00514	0.00514	0.00514	0.00457	0.00286	0.00686	0.00686	0.00914	0.01486	0.03086	0.01714	0.83430	0.02400	0.00457	0.00457	0.00686	0.00286	0.00286
8	0.01261	0.83713	0.02471	0.00807	0.01210	0.01866	0.00807	0.01412	0.00958	0.01109	0.00656	0.00756	0.00605	0.00403	0.00303	0.00101	0.00504	0.00252	0.00202	0.00605
9	0.01012	0.16546	0.61879	0.01295	0.01925	0.01236	0.06899	0.01480	0.00997	0.01427	0.00820	0.00973	0.00607	0.00437	0.00430	0.00142	0.00670	0.00346	0.00202	0.00677
10	0.00606	0.00433	0.00583	0.00692	0.00734	0.00410	0.00492	0.00711	0.00934	0.01239	0.02581	0.69930	0.03050	0.01448	0.00610	0.00196	0.00301	0.14222	0.00437	0.00392
11	0.01792	0.01321	0.01415	0.01085	0.01462	0.01462	0.00896	0.78916	0.02217	0.02972	0.01132	0.01132	0.00802	0.00566	0.00472	0.00142	0.00519	0.00425	0.00472	0.00802
12	0.01337	0.71354	0.02299	0.00869	0.01248	0.13952	0.00823	0.01483	0.01015	0.01116	0.00667	0.00771	0.00605	0.00416	0.00321	0.00104	0.00557	0.00260	0.00208	0.00596
13	0.01418	0.01148	0.02782	0.01001	0.01313	0.02863	0.00811	0.28283	0.44949	0.05667	0.03563	0.01551	0.01253	0.00613	0.00477	0.00152	0.00436	0.00493	0.00472	0.00755
14	0.00574	0.00410	0.00547	0.00657	0.00684	0.00383	0.00438	0.00657	0.00903	0.01204	0.02599	0.83122	0.03119	0.01477	0.00602	0.00191	0.00274	0.01340	0.00438	0.00383
15	0.00879	0.00439	0.00439	0.00439	0.00549	0.00439	0.00330	0.01099	0.00989	0.01758	0.01538	0.01758	0.01209	0.00549	0.00330	0.00110	0.00220	0.00439	0.86047	0.00439
16	0.02625	0.01092	0.01923	0.08340	0.52152	0.01098	0.15894	0.03490	0.01092	0.01570	0.00935	0.01219	0.00755	0.00431	0.00473	0.00143	0.00586	0.00444	0.05047	0.00690
17	0.00662	0.00478	0.00625	0.00597	0.00703	0.00441	0.00444	0.00875	0.01308	0.01849	0.75475	0.08407	0.04367	0.00995	0.00559	0.00151	0.00226	0.00883	0.00514	0.00441
18	0.02115	0.00802	0.01094	0.00839	0.01204	0.00693	0.00693	0.02298	0.01350	0.80815	0.01860	0.01605	0.01167	0.00584	0.00474	0.00146	0.00401	0.00474	0.00584	0.00802
19	0.01261	0.83713	0.02471	0.00807	0.01210	0.01866	0.00807	0.01412	0.00958	0.01109	0.00656	0.00756	0.00605	0.00403	0.00303	0.00101	0.00504	0.00252	0.00202	0.00605
20	0.00613	0.00438	0.00591	0.00700	0.00744	0.00416	0.00504	0.00722	0.00940	0.01246	0.02578	0.67109	0.03035	0.01441	0.00612	0.00197	0.00307	0.16977	0.00437	0.00394
21	0.02082	0.00857	0.01128	0.00865	0.01231	0.00773	0.00714	0.10297	0.01440	0.72688	0.01784	0.01555	0.01129	0.00582	0.00474	0.00145	0.00413	0.00469	0.00572	0.00802
22	0.00946	0.02439	0.80987	0.01344	0.02041	0.01095	0.01742	0.01493	0.00995	0.01493	0.00846	0.00995	0.00597	0.00448	0.00448	0.00149	0.00697	0.00348	0.00199	0.00697
23	0.00686	0.00457	0.00514	0.00514	0.00514	0.00457	0.00286	0.00686	0.00686	0.00914	0.01486	0.03086	0.01714	0.83430	0.02400	0.00457	0.00457	0.00686	0.00286	0.00286
24	0.00593	0.00479	0.00527	0.00515	0.00659	0.00413	0.00386	0.00746	0.01159	0.01475	0.29338	0.04207	0.55610	0.01119	0.00557	0.00156	0.00233	0.00949	0.00464	0.00413
25	0.00890	0.00838	0.01414	0.82296	0.03247	0.01048	0.01309	0.01205	0.00943	0.01205	0.00838	0.01257	0.00629	0.00471	0.00471	0.00157	0.00629	0.00419	0.00210	0.00524
26	0.00603	0.00484	0.00536	0.00555	0.00678	0.00433	0.00405	0.00766	0.03875	0.01333	0.11183	0.20855	0.49275	0.04163	0.00632	0.00177	0.00262	0.02935	0.00441	0.00409
27	0.05593	0.00816	0.01073	0.00832	0.01186	0.00731	0.00685	0.03875	0.03302	0.72000	0.03663	0.01609	0.01217	0.00588	0.00469	0.00146	0.00397	0.00474	0.00565	0.00780
28	0.01032	0.01032	0.01444	0.01238	0.01238	0.01444	0.01032	0.01135	0.00722	0.01135	0.00619	0.01032	0.00619	0.00825	0.01547	0.00206	0.82567	0.00413	0.00206	0.00516
29	0.00978	0.00838	0.00978	0.00698	0.01117	0.00629	0.00559	0.01187	0.00978	0.01536	0.00838	0.00978	0.00698	0.00349	0.00349	0.00070	0.00349	0.00279	0.00279	0.86312
30	0.01231	0.27898	0.11631	0.03455	0.12963	0.05689	0.17312	0.07025	0.01122	0.02788	0.00873	0.02578	0.00720	0.00460	0.00455	0.00135	0.02373	0.00398	0.00246	0.00649
31	0.05966	0.01162	0.06834	0.07029	0.11692	0.05741	0.05019	0.17191	0.01296	0.08364	0.02860	0.03367	0.03610	0.00530	0.00463	0.00133	0.01676	0.00438	0.00337	0.16293
32	0.01257	0.02581	0.11640	0.08755	0.21238	0.04730	0.09934	0.11162	0.04133	0.07646	0.01043	0.01306	0.00819	0.00575	0.01846	0.00162	0.07720	0.02482	0.00296	0.00675
33	0.00680	0.00481	0.00636	0.00636	0.00678	0.00523	0.00437	0.00764	0.00722	0.01004	0.01375	0.02471	0.01447	0.43592	0.41872	0.00607	0.00859	0.00596	0.00269	0.00353
34	0.01381	0.00862	0.01027	0.02991	0.02763	0.00886	0.00702	0.24892	0.06977	0.19034	0.15302	0.03889	0.05825	0.00727	0.00494	0.00149	0.00391	0.04549	0.06505	0.00654
35	0.01184	0.02226	0.06925	0.13147	0.09746	0.03585	0.18940	0.11552	0.05102	0.06334	0.01244	0.03302	0.04278	0.02322	0.03535	0.00182	0.04952	0.00504	0.00307	0.00632
36	0.02115	0.00802	0.01094	0.00839	0.01204	0.00693	0.00693	0.02298	0.01350	0.80815	0.01860	0.01605	0.01167	0.00584	0.00474	0.00146	0.00401	0.00474	0.00584	0.00802
37	0.02115	0.00802	0.01094	0.00839	0.01204	0.00693	0.00693	0.02298	0.01350	0.80815	0.01860	0.01605	0.01167	0.00584	0.00474	0.00146	0.00401	0.00474	0.00584	0.00802
38	0.00952	0.04510	0.76775	0.03536	0.02052	0.01114	0.01706	0.01483	0.00993	0.01475	0.00841	0.00996	0.00598	0.00447	0.00445	0.00148	0.00690	0.00348	0.00199	0.00690
39	0.01312	0.46195	0.08897	0.00989	0.01364	0.13683	0.03587	0.08856	0.01131	0.01345	0.00842	0.00968	0.02266	0.00571	0.03128	0.00141	0.03547	0.00325	0.00241	0.00611
40	0.01943	0.00826	0.01073	0.00845	0.01188	0.00760	0.00691	0.03745	0.11437	0.66329	0.01842	0.01621	0.01197	0.00589	0.00470	0.00146	0.00393	0.00480	0.03642	0.00782
41	0.00954	0.00512	0.00519	0.00492	0.00624	0.00523	0.00376	0.07476	0.01089	0.01857	0.01505	0.01707	0.01175	0.00551	0.00341	0.00112	0.00244	0.00438	0.79034	0.00469
42	0.02455	0.00573	0.02744	0.00561	0.00738	0.00478	0.00444	0.02820	0.01125	0.05479	0.12567	0.09005	0.54243	0.01082	0.00537	0.00157	0.00269	0.00909	0.03370	0.00445
43	0.01588	0.01079	0.02457	0.01002	0.03331	0.02782	0.00791	0.30041	0.21236	0.20938	0.03659	0.01573	0.01192	0.05422	0.00588	0.00165	0.00454	0.00487	0.00475	0.00740
44	0.00610	0.00479	0.00554	0.00553	0.00685	0.00423	0.00418	0.00771	0.01160	0.01502	0.31875	0.08652	0.43751	0.01133	0.00565	0.00161	0.00247	0.05578	0.00467	0.00416
45	0.01745	0.01356	0.01360	0.01064	0.01417	0.08205	0.00870	0.68544	0.02082	0.02758	0.01118	0.01139	0.00805	0.00558	0.00461	0.00138	0.00532	0.00415	0.04672	0.00762
46	0.52964	0.02453	0.03072	0.03089	0.03932	0.03044	0.00661	0.11205	0.03864	0.02061	0.00863	0.00986	0.00668	0.00553	0.02514	0.00158	0.00436	0.00321	0.06592	0.00565
47	0.00632	0.00541	0.02715	0.00588	0.00734	0.00456	0.00463	0.00826	0.02793	0.01507	0.29994	0.10143	0.40020	0.01113	0.00561	0.00161	0.00263	0.05600	0.00460	0.00430
48	0.00667	0.00482	0.00630	0.00593	0.00704	0.00445	0.00445	0.00890	0.01335	0.01891	0.80239	0.03522	0.04449	0.00964	0.00556	0.00148	0.00222	0.00853	0.00519	0.00445
49	0.00946	0.02439	0.80987	0.01344	0.02041	0.01095	0.01742	0.01493	0.00995	0.01493	0.00846	0.00995	0.00597	0.00448	0.00448	0.00149	0.00697	0.00348	0.00199	0.00697
50	0.01187	0.01173	0.03872	0.05398	0.60027	0.02325	0.05153	0.06301	0.01119	0.01581	0.00881	0.01154	0.00729	0.00461	0.00549	0.00146	0.06559	0.00423	0.00245	0.00716
51	0.00580	0.00414	0.00553	0.00662	0.00692	0.00387	0.00446	0.00665	0.00908	0.01209	0.02596	0.81001	0.03107	0.01472	0.00603	0.00192	0.00278	0.03411	0.00438	0.00384
52	0.01761	0.02247	0.01336	0.01215	0.01458	0.81537	0.00911	0.01883	0.01336	0.01154	0.00729	0.00850	0.00607	0.00486	0.00425	0.00121	0.00850	0.00304	0.00243	0.00547
53	0.01173	0.01013	0.01066	0.00960	0.01226	0.01173	0.00746	0.02505	0.79636	0.01972	0.01919	0.01759	0.01439	0.00640	0.00480	0.00160	0.00373	0.00533	0.00480	0.00746
54	0.01307	0.04637	0.01443	0.03144	0.01366	0.31045	0.00985	0.01423	0.00963	0.01143	0.00666	0.00959	0.00614	0.00675	0.01059	0.00170	0.47283	0.00366	0.00220	0.00531
55	0.03132	0.00918	0.01494	0.35423	0.31780	0.01000	0.02636	0.02811	0.01034	0.01430	0.04438	0.03667	0.03780	0.01817	0.00504	0.00153	0.00547	0.00483	0.00257	0.02695
56	0.10924	0.09278	0.31712	0.02645	0.08057	0.06217	0.07416	0.04443	0.02374	0.01578	0.00839	0.00994	0.00645	0.00435	0.00416	0.00133	0.00593	0.00348	0.00243	0.10707
57	0.00674	0.00485	0.00619	0.00719	0.00762	0.00445	0.00487	0.00738	0.00972	0.01298	0.02737	0.76509	0.05930	0.01505	0.00638	0.00207	0.00310	0.04067	0.00465	0.00433
58	0.00674	0.00503	0.00745	0.00745	0.00825	0.00583	0.00574	0.00834	0.00754	0.01085	0.01274	0.01915	0.01206	0.07616	0.77518	0.00742	0.01222	0.00514	0.00254	0.00414
59	0.03351	0.14914	0.12996	0.07794	0.05097	0.22365	0.06556	0.04555	0.06998	0.01416	0.01043	0.03565	0.00905	0.00555	0.00447	0.00141	0.00632	0.05794	0.00273	0.00602
60	0.01898	0.00983	0.01198	0.00932	0.01283	0.03804	0.02647	0.20546	0.04493	0.50749	0.05267	0.01551	0.01211	0.00591	0.00478	0.00145	0.00446	0.00478	0.00529	0.00770
61	0.00577	0.00414	0.00548	0.00651	0.00683	0.00385	0.00436	0.00663	0.00918	0.01224	0.04722	0.79200	0.04917	0.01457	0.00600	0.00190	0.00271	0.01319	0.00440	0.00385
62	0.01150	0.01087	0.03685	0.23577	0.37307	0.01142	0.04411	0.12141	0.02296	0.01628	0.00964	0.03559	0.00791	0.00503	0.00517	0.00150	0.03700	0.00452	0.00268	0.00670
63	0.02729	0.07771	0.05984	0.07099	0.12317	0.13545	0.10486	0.09349	0.05419	0.03226	0.00922	0.01132	0.00740	0.00607	0.02731	0.00165	0.13299	0.00408	0.01443	0.00628
64	0.02573	0.00631	0.00782	0.00686	0.00865	0.00612	0.00532	0.08261	0.04681	0.12362	0.57993	0.02928	0.03487	0.00854	0.00530	0.00148	0.00282	0.00740	0.00517	0.00538
65	0.00827	0.00565	0.00704	0.00649	0.00793	0.00544	0.00492	0.04174	0.06678	0.06650	0.57149	0.08514	0.06997	0.00939	0.00542	0.00151	0.00259	0.00822	0.02054	0.00495
66	0.03217	0.13943	0.18751	0.02580	0.13430	0.07311	0.02709	0.05683	0.05575	0.02648	0.02553	0.06913	0.00986	0.00795	0.06693	0.00191	0.04669	0.00455	0.00275	0.00624
67	0.03536	0.05601	0.04208	0.04844	0.07204	0.33546	0.06599	0.07467	0.07766	0.04614	0.02960	0.01141	0.00838	0.00524	0.00512	0.00139	0.05731	0.00391	0.01765	0.00613
68	0.82186	0.00919	0.00728	0.00672	0.02323	0.01063	0.00536	0.01427	0.03634	0.02100	0.00706	0.00809	0.00548	0.00445	0.00302	0.00146	0.00368	0.00268	0.00298	0.00523
69	0.01253	0.76438	0.02347	0.00820	0.01212	0.01805	0.00801	0.01508	0.07880	0.01185	0.00767	0.00845	0.00678	0.00424	0.00318	0.00106	0.00493	0.00277	0.00226	0.00618

[dist]
# distance from previous block
# <min> <max>
0	6

[block]
# block no. 4 follows, 54 sequences, length 61
# corresponding to MSA columns:
# 262-322
name=unknown_E
#
# <colnr> <probs for GDERKNQSTAVLIFYWHMCP>
#	G	D	E	R	K	N	Q	S	T	A	V	L	I	F	Y	W	H	M	C	P
0	0.01124	0.22936	0.24905	0.00949	0.01380	0.01158	0.00992	0.06217	0.07494	0.05851	0.06233	0.03631	0.02733	0.01712	0.00445	0.00134	0.00494	0.00423	0.01857	0.09331
1	0.07512	0.00677	0.06304	0.00663	0.00850	0.00554	0.02317	0.00944	0.02329	0.01665	0.39613	0.06448	0.24524	0.00960	0.00531	0.00155	0.00294	0.02754	0.00444	0.00461
2	0.01261	0.83713	0.02471	0.00807	0.01210	0.01866	0.00807	0.01412	0.00958	0.01109	0.00656	0.00756	0.00605	0.00403	0.00303	0.00101	0.00504	0.00252	0.00202	0.00605
3	0.01309	0.16913	0.07162	0.09187	0.22349	0.24469	0.08042	0.01548	0.01109	0.01305	0.00793	0.01003	0.00654	0.00447	0.00448	0.00132	0.01917	0.00362	0.00226	0.00625
4	0.01022	0.01011	0.01401	0.01209	0.01220	0.01400	0.01002	0.01170	0.03630	0.01168	0.00731	0.03708	0.00730	0.00839	0.01478	0.00204	0.76888	0.00447	0.00224	0.00520
5	0.00660	0.00476	0.00624	0.00598	0.00703	0.00440	0.00444	0.00871	0.01300	0.01836	0.74072	0.09846	0.04343	0.01005	0.00560	0.00152	0.00227	0.00891	0.00513	0.00440
6	0.12010	0.00899	0.01068	0.00841	0.01184	0.02786	0.00690	0.11643	0.01376	0.56682	0.01610	0.03212	0.01074	0.00581	0.00451	0.00145	0.00416	0.00456	0.02130	0.00746
7	0.01134	0.03794	0.18479	0.09977	0.35103	0.05219	0.05284	0.04828	0.05311	0.01543	0.00994	0.01317	0.00811	0.00487	0.00469	0.00147	0.00604	0.03559	0.00255	0.00684
8	0.00574	0.00410	0.00547	0.00657	0.00684	0.00383	0.00438	0.00657	0.00903	0.01204	0.02599	0.83122	0.03119	0.01477	0.00602	0.00191	0.00274	0.01340	0.00438	0.00383
9	0.00686	0.00457	0.00514	0.00514	0.00514	0.00457	0.00286	0.00686	0.00686	0.00914	0.01486	0.03086	0.01714	0.83430	0.02400	0.00457	0.00457	0.00686	0.00286	0.00286
10	0.00604	0.00419	0.00557	0.00657	0.00693	0.00389	0.00441	0.00689	0.00914	0.02742	0.02619	0.80308	0.04298	0.01455	0.00599	0.00190	0.00275	0.01318	0.00441	0.00391
11	0.00741	0.00547	0.02522	0.00578	0.00618	0.00519	0.00368	0.04890	0.00796	0.01066	0.01556	0.10443	0.01770	0.69284	0.02080	0.00408	0.00449	0.00725	0.00308	0.00332
12	0.01254	0.81982	0.04144	0.00818	0.01228	0.01849	0.00827	0.01414	0.00959	0.01117	0.00660	0.00761	0.00605	0.00404	0.00306	0.00102	0.00508	0.00254	0.00202	0.00607
13	0.00686	0.00457	0.00514	0.00514	0.00514	0.00457	0.00286	0.00686	0.00686	0.00914	0.01486	0.03086	0.01714	0.83430	0.02400	0.00457	0.00457	0.00686	0.00286	0.00286
14	0.00952	0.02396	0.78111	0.01368	0.02056	0.01099	0.04575	0.01494	0.01000	0.01494	0.00850	0.01006	0.00602	0.00446	0.00452	0.00150	0.00700	0.00356	0.00201	0.00695
15	0.01060	0.01187	0.02562	0.01856	0.02289	0.01113	0.71054	0.01426	0.01092	0.01480	0.01116	0.09340	0.00952	0.00504	0.00561	0.00162	0.00744	0.00634	0.00258	0.00611
16	0.01311	0.00901	0.00898	0.00752	0.00982	0.04698	0.00599	0.34360	0.01530	0.02248	0.01327	0.01448	0.01007	0.00553	0.00395	0.00124	0.00377	0.00427	0.45467	0.00599
17	0.79821	0.00903	0.00726	0.00638	0.00936	0.01028	0.00526	0.01461	0.00847	0.08568	0.00755	0.00835	0.00564	0.00450	0.00307	0.00146	0.00368	0.00273	0.00316	0.00535
18	0.00557	0.00478	0.00478	0.00478	0.00637	0.00398	0.00358	0.00677	0.01075	0.01274	0.04776	0.04538	0.80297	0.01194	0.00557	0.00159	0.00239	0.00995	0.00438	0.00398
19	0.01037	0.01047	0.01532	0.01287	0.01319	0.01428	0.06154	0.01159	0.00748	0.01159	0.00641	0.01047	0.00625	0.00797	0.01482	0.00203	0.77178	0.00422	0.00208	0.00524
20	0.00574	0.00410	0.00547	0.00657	0.00684	0.00383	0.00438	0.00657	0.00903	0.01204	0.02599	0.83122	0.03119	0.01477	0.00602	0.00191	0.00274	0.01340	0.00438	0.00383
21	0.01088	0.05229	0.15658	0.00970	0.04515	0.03468	0.02048	0.06792	0.01093	0.02880	0.00944	0.01068	0.02227	0.00413	0.00390	0.00100	0.00462	0.00328	0.00279	0.50047
22	0.00996	0.13584	0.67615	0.01320	0.04469	0.01202	0.01604	0.01481	0.00993	0.01442	0.00821	0.00968	0.00603	0.00441	0.00429	0.00142	0.00666	0.00337	0.00201	0.00686
23	0.06265	0.05322	0.20396	0.04623	0.09115	0.07325	0.04002	0.17363	0.05296	0.08243	0.01010	0.01126	0.00751	0.00537	0.00532	0.02272	0.04438	0.00392	0.00315	0.00678
24	0.01020	0.07623	0.23928	0.07361	0.15955	0.01057	0.13477	0.04601	0.01076	0.02452	0.01346	0.08104	0.07404	0.00584	0.00481	0.00149	0.00579	0.00530	0.00269	0.02005
25	0.00890	0.00838	0.01414	0.82296	0.03247	0.01048	0.01309	0.01205	0.00943	0.01205	0.00838	0.01257	0.00629	0.00471	0.00471	0.00157	0.00629	0.00419	0.00210	0.00524
26	0.01147	0.02698	0.14616	0.20519	0.11355	0.14686	0.14861	0.02588	0.01079	0.02769	0.00954	0.04078	0.00792	0.01852	0.00541	0.00155	0.03034	0.01431	0.00244	0.00602
27	0.02717	0.03225	0.08111	0.22659	0.22491	0.03352	0.13882	0.02427	0.03802	0.01450	0.02758	0.03421	0.00944	0.00609	0.02869	0.00170	0.00624	0.03616	0.00258	0.00616
28	0.00702	0.00491	0.00634	0.00593	0.00715	0.00449	0.00447	0.00917	0.01319	0.04126	0.73344	0.03529	0.09015	0.00967	0.00554	0.00149	0.00229	0.00851	0.00516	0.00452
29	0.00667	0.00482	0.00630	0.00593	0.00704	0.00445	0.00445	0.00890	0.01335	0.01891	0.80239	0.03522	0.04449	0.00964	0.00556	0.00148	0.00222	0.00853	0.00519	0.00445
30	0.01348	0.04234	0.10716	0.13805	0.11991	0.04492	0.12607	0.05317	0.03633	0.19765	0.01163	0.01358	0.00860	0.02476	0.00555	0.00157	0.03149	0.01375	0.00328	0.00670
31	0.00574	0.00413	0.00544	0.00649	0.00682	0.00384	0.00435	0.00657	0.00910	0.01206	0.02686	0.79977	0.06207	0.01466	0.00600	0.00190	0.00272	0.01327	0.00438	0.00384
32	0.01747	0.02217	0.01330	0.01208	0.01452	0.79574	0.00907	0.01898	0.03248	0.01174	0.00758	0.00872	0.00628	0.00490	0.00426	0.00122	0.00839	0.00309	0.00249	0.00551
33	0.01250	0.57906	0.10447	0.00904	0.01294	0.10334	0.00897	0.01442	0.00994	0.02652	0.00756	0.00898	0.00662	0.00677	0.06996	0.00163	0.00622	0.00293	0.00217	0.00597
34	0.00907	0.02828	0.00947	0.02483	0.06139	0.00761	0.00671	0.05993	0.03872	0.05159	0.07063	0.06511	0.03723	0.05711	0.35242	0.00425	0.05954	0.00571	0.04535	0.00503
35	0.00625	0.00503	0.00514	0.00503	0.00672	0.00429	0.00380	0.00781	0.03299	0.03872	0.04601	0.04364	0.75509	0.01159	0.00552	0.00159	0.00248	0.00965	0.00444	0.00421
36	0.00574	0.00410	0.00547	0.00657	0.00684	0.00383	0.00438	0.00657	0.00903	0.01204	0.02599	0.83122	0.03119	0.01477	0.00602	0.00191	0.00274	0.01340	0.00438	0.00383
37	0.01154	0.01305	0.02343	0.01730	0.02118	0.10653	0.58045	0.01484	0.01109	0.01454	0.03261	0.01301	0.00832	0.00524	0.02327	0.00168	0.06054	0.00521	0.03015	0.00601
38	0.00775	0.00572	0.00742	0.00756	0.01953	0.00572	0.02419	0.01109	0.13607	0.04071	0.18435	0.39932	0.05081	0.01171	0.02285	0.00184	0.00321	0.02423	0.03108	0.00483
39	0.84966	0.00902	0.00688	0.00616	0.00904	0.01045	0.00507	0.01380	0.00806	0.02108	0.00675	0.00787	0.00525	0.00440	0.00293	0.00145	0.00362	0.00259	0.02083	0.00509
40	0.01102	0.01248	0.02693	0.05261	0.02466	0.01193	0.73682	0.01489	0.01096	0.01489	0.00941	0.01265	0.00709	0.00411	0.00577	0.00160	0.02806	0.00547	0.00236	0.00628
41	0.01030	0.04372	0.01721	0.26802	0.36155	0.01095	0.07902	0.01297	0.00992	0.01359	0.00957	0.05236	0.00842	0.03197	0.00596	0.00162	0.04957	0.00478	0.00235	0.00618
42	0.00686	0.00457	0.00514	0.00514	0.00514	0.00457	0.00286	0.00686	0.00686	0.00914	0.01486	0.03086	0.01714	0.83430	0.02400	0.00457	0.00457	0.00686	0.00286	0.00286
43	0.00790	0.00571	0.00765	0.00831	0.00952	0.00574	0.00708	0.04178	0.02835	0.01541	0.12669	0.07335	0.03964	0.01218	0.00625	0.00202	0.00401	0.58938	0.00448	0.00455
44	0.03755	0.00978	0.01131	0.03539	0.01282	0.07705	0.00751	0.09801	0.04339	0.49685	0.01639	0.01540	0.03362	0.00718	0.03839	0.00172	0.04090	0.00464	0.00486	0.00723
45	0.74359	0.00979	0.04087	0.02191	0.01067	0.01044	0.03122	0.01440	0.00852	0.06280	0.00742	0.00846	0.00558	0.00445	0.00320	0.00147	0.00399	0.00284	0.00300	0.00538
46	0.01819	0.00821	0.01038	0.00829	0.01155	0.00772	0.00674	0.05016	0.13965	0.57396	0.01915	0.01717	0.03754	0.00609	0.00468	0.00146	0.00384	0.00496	0.06269	0.00756
47	0.08913	0.00921	0.05858	0.00803	0.01069	0.03752	0.00676	0.15083	0.01388	0.19217	0.27559	0.05301	0.04171	0.02541	0.00530	0.00154	0.00386	0.00609	0.00464	0.00604
48	0.01354	0.01388	0.07449	0.02725	0.13111	0.15516	0.11378	0.11543	0.13669	0.06735	0.02198	0.02413	0.00932	0.00601	0.02126	0.00161	0.05246	0.00454	0.00330	0.00671
49	0.01101	0.00859	0.01005	0.00735	0.01135	0.00692	0.00590	0.06012	0.03081	0.07073	0.03213	0.01122	0.00862	0.00403	0.00374	0.00084	0.00360	0.00324	0.00324	0.70649
50	0.01003	0.00915	0.01435	0.60682	0.11407	0.01093	0.01244	0.06041	0.08792	0.01424	0.00968	0.01289	0.00732	0.00488	0.00472	0.00155	0.00589	0.00431	0.00255	0.00587
51	0.01284	0.00863	0.03794	0.12414	0.02724	0.00845	0.00791	0.12346	0.09253	0.21694	0.17010	0.03061	0.06135	0.00785	0.02835	0.00169	0.00440	0.02470	0.00450	0.00636
52	0.00686	0.00573	0.03888	0.00601	0.00750	0.00473	0.00476	0.00891	0.02462	0.03536	0.44215	0.07434	0.26522	0.04638	0.00632	0.00167	0.00266	0.00876	0.00469	0.00445
53	0.01220	0.22554	0.02841	0.02408	0.16869	0.05880	0.05263	0.06620	0.02646	0.04047	0.00941	0.04385	0.00811	0.00478	0.00438	0.00120	0.02783	0.00388	0.00275	0.19035
54	0.02835	0.00896	0.01344	0.20418	0.20697	0.02095	0.03513	0.05947	0.01155	0.16749	0.03898	0.08342	0.02893	0.00631	0.00489	0.00152	0.00498	0.03945	0.00351	0.03151
55	0.05296	0.14386	0.04680	0.02401	0.11360	0.20294	0.02247	0.20135	0.10125	0.03225	0.00993	0.01072	0.00771	0.00497	0.00427	0.00133	0.00588	0.00373	0.00322	0.00674
56	0.03493	0.04936	0.05655	0.00863	0.02273	0.00729	0.07379	0.06570	0.01153	0.10385	0.12935	0.18911	0.15962	0.03292	0.02301	0.00179	0.00408	0.01635	0.00409	0.00530
57	0.00627	0.00460	0.00591	0.00636	0.00710	0.00432	0.00451	0.00799	0.03336	0.01472	0.29439	0.46005	0.09035	0.01252	0.00581	0.00174	0.00260	0.02858	0.00467	0.00417
58	0.01001	0.00852	0.00990	0.00709	0.01127	0.00652	0.00568	0.03399	0.01013	0.01577	0.00846	0.00982	0.00701	0.00355	0.00353	0.00072	0.00354	0.00283	0.00285	0.83879
59	0.01278	0.10532	0.15727	0.01376	0.12176	0.08038	0.09746	0.07992	0.04389	0.08624	0.01033	0.03422	0.00818	0.00494	0.00471	0.00134	0.02650	0.00414	0.00297	0.10388
60	0.07678	0.03295	0.06809	0.02281	0.02547	0.27833	0.00891	0.21662	0.01419	0.07786	0.03587	0.01198	0.00877	0.03943	0.01918	0.00162	0.04760	0.00392	0.00336	0.00626

[dist]
# distance from previous block
# <min> <max>
0	1

[block]
# block no. 5 follows, 54 sequences, length 7
# corresponding to MSA columns:
# 324-330
name=unknown_F
#
# <colnr> <probs for GDERKNQSTAVLIFYWHMCP>
#	G	D	E	R	K	N	Q	S	T	A	V	L	I	F	Y	W	H	M	C	P
0	0.00730	0.00511	0.00607	0.00577	0.00726	0.00446	0.00429	0.00884	0.01140	0.06993	0.28810	0.14000	0.33323	0.03510	0.00601	0.00163	0.00261	0.00911	0.00462	0.04919
1	0.01118	0.00914	0.01458	0.47937	0.09350	0.01037	0.06208	0.07423	0.05207	0.09183	0.01109	0.05060	0.00867	0.00535	0.00483	0.00155	0.00573	0.00482	0.00295	0.00604
2	0.06384	0.03726	0.06498	0.03100	0.07784	0.13285	0.19785	0.03701	0.02974	0.01430	0.00813	0.01070	0.00671	0.00545	0.00756	0.00158	0.22923	0.00412	0.00243	0.03741
3	0.00839	0.00716	0.00862	0.00893	0.05678	0.06213	0.00628	0.04198	0.01009	0.01360	0.15855	0.12784	0.04583	0.10910	0.22646	0.00357	0.07085	0.02586	0.00343	0.00457
4	0.00672	0.00451	0.00518	0.00531	0.00535	0.00448	0.00304	0.00682	0.00712	0.00949	0.01620	0.12744	0.01884	0.73540	0.02183	0.00425	0.00435	0.00765	0.00304	0.00297
5	0.06566	0.01045	0.01129	0.00920	0.01221	0.06505	0.03013	0.21015	0.13787	0.11545	0.05109	0.01504	0.01151	0.02244	0.02816	0.00160	0.02138	0.01916	0.03564	0.12651
6	0.01292	0.01126	0.04593	0.07122	0.10616	0.05665	0.02296	0.23197	0.13611	0.05354	0.06946	0.01838	0.04290	0.00639	0.00488	0.00149	0.00492	0.06065	0.00395	0.03827

[dist]
# distance from previous block
# <min> <max>
0	3

[block]
# block no. 6 follows, 54 sequences, length 16
# corresponding to MSA columns:
# 334-349
name=unknown_G
#
# <colnr> <probs for GDERKNQSTAVLIFYWHMCP>
#	G	D	E	R	K	N	Q	S	T	A	V	L	I	F	Y	W	H	M	C	P
0	0.01215	0.26288	0.30184	0.01321	0.10728	0.03513	0.02972	0.11896	0.04834	0.01596	0.00882	0.01000	0.00686	0.00456	0.00413	0.00133	0.00591	0.00350	0.00255	0.00686
1	0.62859	0.11152	0.01014	0.00733	0.01035	0.11131	0.00610	0.04182	0.00937	0.01904	0.00682	0.00788	0.00544	0.00444	0.00316	0.00137	0.00447	0.00267	0.00281	0.00537
2	0.18506	0.34053	0.08702	0.01147	0.11046	0.12421	0.00928	0.01500	0.02827	0.01426	0.00739	0.00875	0.00623	0.00446	0.00393	0.00126	0.03100	0.00301	0.00236	0.00604
3	0.01255	0.05955	0.11258	0.04250	0.20825	0.20410	0.15241	0.02945	0.04034	0.01413	0.00910	0.02376	0.00747	0.00552	0.02398	0.00157	0.03972	0.00420	0.00246	0.00637
4	0.00730	0.00525	0.00616	0.00590	0.00736	0.00479	0.00443	0.00965	0.05929	0.06120	0.34803	0.10628	0.33567	0.01057	0.00551	0.00157	0.00253	0.00910	0.00482	0.00460
5	0.00667	0.00650	0.06628	0.00658	0.00817	0.00523	0.00542	0.03205	0.01085	0.01426	0.17542	0.21777	0.33341	0.01282	0.05714	0.00202	0.02141	0.00938	0.00419	0.00442
6	0.00647	0.00480	0.00594	0.00567	0.00681	0.00437	0.00419	0.00837	0.01248	0.01717	0.61329	0.03691	0.18760	0.05736	0.00662	0.00168	0.00239	0.00870	0.00490	0.00427
7	0.15839	0.01273	0.01421	0.01133	0.01446	0.10876	0.11128	0.28082	0.08206	0.06404	0.01038	0.01125	0.00775	0.00545	0.00553	0.00150	0.08563	0.00410	0.00364	0.00668
8	0.77802	0.00936	0.00771	0.00679	0.00955	0.01099	0.00560	0.04454	0.00853	0.02086	0.00673	0.00798	0.00529	0.00468	0.00381	0.00150	0.05719	0.00272	0.00293	0.00523
9	0.00620	0.00455	0.00587	0.00651	0.00718	0.00415	0.00451	0.00725	0.00947	0.01278	0.08286	0.61471	0.06536	0.04589	0.00653	0.00191	0.00288	0.04735	0.00427	0.05978
10	0.00873	0.00771	0.00821	0.05442	0.01001	0.12293	0.00617	0.01026	0.00878	0.01176	0.01265	0.05561	0.01202	0.10821	0.41485	0.00483	0.02806	0.00519	0.10526	0.00433
11	0.08877	0.00921	0.01038	0.00867	0.01159	0.00975	0.00694	0.13903	0.28300	0.24459	0.12089	0.01767	0.01584	0.00638	0.00471	0.00150	0.00383	0.00518	0.00497	0.00710
12	0.01223	0.44793	0.24410	0.01037	0.01479	0.10205	0.01099	0.03183	0.01022	0.01265	0.00725	0.00860	0.00608	0.00456	0.00442	0.00125	0.05935	0.00299	0.00212	0.00623
13	0.01719	0.01166	0.01277	0.00995	0.01339	0.01264	0.00816	0.61934	0.01984	0.11481	0.01294	0.04054	0.00952	0.00598	0.00466	0.00141	0.00475	0.00463	0.06821	0.00761
14	0.10094	0.08000	0.12488	0.00938	0.01335	0.02218	0.00866	0.22863	0.08242	0.12374	0.01243	0.02470	0.02918	0.00533	0.00425	0.00134	0.00471	0.00407	0.00379	0.11600
15	0.01529	0.23963	0.11398	0.01116	0.01463	0.46731	0.00984	0.05266	0.01234	0.01268	0.00742	0.00856	0.00614	0.00463	0.00397	0.00120	0.00724	0.00301	0.00237	0.00592

[dist]
# distance from previous block
# <min> <max>
0	1

[block]
# block no. 7 follows, 54 sequences, length 44
# corresponding to MSA columns:
# 351-394
name=unknown_H
#
# <colnr> <probs for GDERKNQSTAVLIFYWHMCP>
#	G	D	E	R	K	N	Q	S	T	A	V	L	I	F	Y	W	H	M	C	P
0	0.01044	0.00735	0.03903	0.02040	0.04096	0.00652	0.06986	0.03101	0.04137	0.17187	0.14342	0.22222	0.07832	0.04697	0.00627	0.00178	0.00388	0.04847	0.00439	0.00547
1	0.01450	0.00680	0.00894	0.00751	0.01002	0.00614	0.00603	0.03540	0.03024	0.42645	0.24906	0.05587	0.06567	0.00800	0.00517	0.00153	0.00340	0.04749	0.00538	0.00640
2	0.00890	0.00838	0.01414	0.82296	0.03247	0.01048	0.01309	0.01205	0.00943	0.01205	0.00838	0.01257	0.00629	0.00471	0.00471	0.00157	0.00629	0.00419	0.00210	0.00524
3	0.00950	0.02411	0.79134	0.01359	0.02051	0.01097	0.03567	0.01494	0.00998	0.01494	0.00849	0.01002	0.00600	0.00447	0.00451	0.00150	0.00699	0.00353	0.00200	0.00695
4	0.01557	0.00743	0.00950	0.00795	0.01064	0.00695	0.00638	0.05892	0.07749	0.44883	0.06812	0.06640	0.07336	0.04304	0.00611	0.01655	0.00381	0.06113	0.00517	0.00666
5	0.05139	0.00800	0.01071	0.00826	0.01184	0.00701	0.00682	0.02238	0.01330	0.76492	0.03292	0.01611	0.01205	0.00585	0.00469	0.00146	0.00397	0.00473	0.00572	0.00785
6	0.00684	0.00513	0.00746	0.00740	0.00812	0.00595	0.00564	0.00830	0.00748	0.01074	0.01274	0.01981	0.01230	0.13184	0.69903	0.00707	0.03228	0.00525	0.00255	0.00407
7	0.01022	0.00973	0.01653	0.44404	0.40108	0.01082	0.01375	0.01320	0.01005	0.01365	0.00861	0.01214	0.00685	0.00447	0.00469	0.00149	0.00596	0.00420	0.00221	0.00630
8	0.00590	0.00452	0.00539	0.00587	0.00678	0.00406	0.00420	0.00707	0.01022	0.01312	0.12247	0.37814	0.33126	0.03299	0.00626	0.00182	0.00267	0.04886	0.00443	0.00396
9	0.00682	0.00473	0.00596	0.00596	0.00624	0.00501	0.00387	0.00738	0.00710	0.00974	0.01411	0.02674	0.01535	0.56761	0.28824	0.00557	0.00726	0.00625	0.00275	0.00331
10	0.00624	0.00483	0.00582	0.00683	0.00720	0.03448	0.00463	0.00711	0.00924	0.01207	0.02526	0.78123	0.03014	0.01436	0.00596	0.00189	0.00299	0.03152	0.00430	0.00390
11	0.04340	0.00794	0.01171	0.04725	0.02706	0.00877	0.08214	0.07794	0.01012	0.13542	0.01205	0.01611	0.01016	0.07807	0.30924	0.00405	0.10508	0.00486	0.00317	0.00547
12	0.00978	0.00838	0.00978	0.00698	0.01117	0.00629	0.00559	0.01187	0.00978	0.01536	0.00838	0.00978	0.00698	0.00349	0.00349	0.00070	0.00349	0.00279	0.00279	0.86312
13	0.01309	0.54544	0.10167	0.00925	0.01325	0.09546	0.00906	0.10064	0.01145	0.01377	0.02267	0.02973	0.00762	0.00472	0.00361	0.00116	0.00549	0.00325	0.00247	0.00622
14	0.05099	0.03456	0.21060	0.01362	0.13932	0.02003	0.06125	0.07411	0.02717	0.11249	0.01075	0.01304	0.00834	0.00496	0.00468	0.00137	0.02302	0.03661	0.00308	0.15001
15	0.05673	0.01462	0.18028	0.10035	0.07383	0.09137	0.13447	0.08254	0.03036	0.01547	0.00931	0.02960	0.00764	0.00556	0.00637	0.00159	0.13187	0.01926	0.00260	0.00618
16	0.01132	0.01262	0.02693	0.04171	0.02448	0.01199	0.73699	0.04421	0.01150	0.01557	0.00957	0.01266	0.00716	0.00406	0.00551	0.00158	0.00780	0.00548	0.00246	0.00639
17	0.01029	0.19679	0.61118	0.01225	0.01836	0.02731	0.01513	0.01475	0.00988	0.01398	0.00799	0.00943	0.00600	0.00447	0.00441	0.00140	0.02440	0.00329	0.00201	0.00671
18	0.00936	0.02373	0.16164	0.05807	0.05642	0.01813	0.12316	0.01257	0.04282	0.03570	0.02515	0.06230	0.01077	0.03420	0.22708	0.00331	0.08213	0.00519	0.00267	0.00559
19	0.00573	0.00415	0.00543	0.00645	0.00681	0.00384	0.00433	0.00658	0.00914	0.01208	0.02735	0.78197	0.07955	0.01459	0.00599	0.00189	0.00271	0.01319	0.00438	0.00384
20	0.00574	0.00410	0.00547	0.00657	0.00684	0.00383	0.00438	0.00657	0.00903	0.01204	0.02599	0.83122	0.03119	0.01477	0.00602	0.00191	0.00274	0.01340	0.00438	0.00383
