[name]
unknown

[dist]
# distance from previous block
# <min> <max>
5	101

[block]
# block no. 0 follows, 58 sequences, length 90
# corresponding to MSA columns:
# 107-196
name=unknown_A
#
# <colnr> <probs for GDERKNQSTAVLIFYWHMCP>
#	G	D	E	R	K	N	Q	S	T	A	V	L	I	F	Y	W	H	M	C	P
0	0.04912	0.36879	0.13474	0.00936	0.01287	0.13882	0.01841	0.06034	0.02191	0.03189	0.00797	0.02158	0.00678	0.00642	0.05691	0.00158	0.04121	0.00320	0.00235	0.00574
1	0.00652	0.00496	0.00681	0.00679	0.00751	0.01762	0.00510	0.00784	0.00727	0.01019	0.01346	0.02021	0.04135	0.15985	0.65618	0.00644	0.01036	0.00520	0.00251	0.00380
2	0.01215	0.78015	0.02262	0.00797	0.01161	0.06035	0.00776	0.01356	0.00922	0.01055	0.00625	0.00729	0.00575	0.00397	0.00324	0.00099	0.02648	0.00246	0.00194	0.00569
3	0.00698	0.00529	0.00738	0.00722	0.00799	0.00611	0.00550	0.03722	0.02317	0.01109	0.01288	0.07484	0.01270	0.12159	0.59334	0.00592	0.04860	0.00547	0.00265	0.00406
4	0.00922	0.03067	0.01316	0.04611	0.01224	0.01188	0.04852	0.01067	0.02188	0.01094	0.00763	0.01223	0.00737	0.06177	0.11572	0.00268	0.56618	0.00424	0.00212	0.00477
5	0.01006	0.01126	0.02419	0.01752	0.02166	0.01055	0.71530	0.01356	0.01045	0.01410	0.01142	0.05045	0.03786	0.00471	0.00532	0.00154	0.00705	0.02476	0.00246	0.00580
6	0.00939	0.03897	0.76639	0.01259	0.01895	0.04870	0.01599	0.01432	0.00959	0.01394	0.00794	0.00934	0.00567	0.00426	0.00421	0.00140	0.00664	0.00327	0.00191	0.00653
7	0.00576	0.00452	0.00520	0.00510	0.00635	0.00397	0.00380	0.00730	0.01120	0.01463	0.38255	0.07902	0.43363	0.01050	0.00530	0.00148	0.00221	0.00901	0.00449	0.00397
8	0.01962	0.00771	0.01037	0.00802	0.01143	0.00680	0.00660	0.02190	0.05288	0.77764	0.01768	0.01530	0.01120	0.00556	0.00450	0.00139	0.00379	0.00453	0.00549	0.00759
9	0.00931	0.00907	0.01263	0.68206	0.02706	0.09533	0.01131	0.01203	0.00937	0.01178	0.00835	0.01188	0.00636	0.00454	0.00432	0.00142	0.00589	0.00387	0.06848	0.00493
10	0.01698	0.01095	0.01220	0.00948	0.01287	0.01174	0.00779	0.55003	0.06945	0.20063	0.01288	0.01233	0.00890	0.00545	0.00444	0.00135	0.00448	0.00420	0.03641	0.00745
11	0.16179	0.02285	0.01005	0.00786	0.01104	0.00797	0.00654	0.09691	0.01251	0.53288	0.01528	0.01586	0.01066	0.00575	0.00430	0.00142	0.00390	0.06077	0.00480	0.00686
12	0.00648	0.00443	0.00533	0.00533	0.00549	0.00458	0.00328	0.00680	0.00664	0.00901	0.01368	0.02696	0.01526	0.68303	0.18116	0.00490	0.00585	0.00617	0.00265	0.00296
13	0.23964	0.00788	0.00940	0.00743	0.01071	0.00746	0.00613	0.01958	0.01147	0.61292	0.01471	0.01318	0.00947	0.00518	0.00405	0.00138	0.00372	0.00396	0.00483	0.00690
14	0.01196	0.84548	0.02344	0.00765	0.01148	0.01770	0.00765	0.01339	0.00909	0.01052	0.00622	0.00718	0.00574	0.00383	0.00287	0.00096	0.00478	0.00239	0.00191	0.00574
15	0.00721	0.00515	0.00721	0.00824	0.00927	0.00515	0.00721	0.00927	0.01030	0.01339	0.02368	0.05046	0.02574	0.01236	0.00618	0.00206	0.00412	0.78478	0.00412	0.00412
16	0.00557	0.00390	0.00515	0.00614	0.00643	0.00366	0.00411	0.00641	0.00860	0.01164	0.02422	0.80460	0.02881	0.01364	0.00560	0.00178	0.00257	0.01235	0.04116	0.00366
17	0.00942	0.00922	0.01289	0.01115	0.01120	0.01276	0.00921	0.01040	0.00686	0.01065	0.00663	0.01113	0.00667	0.04460	0.06982	0.00241	0.74415	0.00408	0.00202	0.00474
18	0.01196	0.84548	0.02344	0.00765	0.01148	0.01770	0.00765	0.01339	0.00909	0.01052	0.00622	0.00718	0.00574	0.00383	0.00287	0.00096	0.00478	0.00239	0.00191	0.00574
19	0.01060	0.01005	0.05837	0.03324	0.13732	0.01080	0.02302	0.07614	0.26524	0.01520	0.01121	0.01298	0.00905	0.00766	0.03071	0.09572	0.17944	0.00431	0.00304	0.00592
20	0.00933	0.12144	0.72444	0.01214	0.01842	0.01126	0.01547	0.01407	0.00940	0.01373	0.00781	0.00917	0.00568	0.00420	0.00408	0.00136	0.00639	0.00320	0.00189	0.00651
21	0.00845	0.00795	0.01342	0.83204	0.03081	0.00994	0.01242	0.01143	0.00894	0.01143	0.00795	0.01193	0.00596	0.00447	0.00447	0.00149	0.00596	0.00398	0.00199	0.00497
22	0.01671	0.02132	0.01268	0.01152	0.01383	0.82483	0.00864	0.01786	0.01268	0.01095	0.00691	0.00807	0.00576	0.00461	0.00403	0.00115	0.00807	0.00288	0.00230	0.00519
23	0.01009	0.01340	0.16166	0.06344	0.10388	0.04956	0.41575	0.01360	0.01028	0.01391	0.03515	0.01326	0.04037	0.00490	0.01608	0.00154	0.02002	0.00483	0.00233	0.00595
24	0.01028	0.00967	0.01630	0.02439	0.69704	0.00963	0.01238	0.01268	0.00998	0.01418	0.01077	0.11886	0.01030	0.00542	0.00462	0.00140	0.00494	0.01806	0.00250	0.00659
25	0.00639	0.00479	0.00719	0.00719	0.00799	0.00559	0.00559	0.00799	0.00719	0.01038	0.01198	0.01757	0.01118	0.03355	0.82507	0.00719	0.01198	0.00479	0.00240	0.00399
26	0.00831	0.04444	0.11256	0.00862	0.01067	0.02072	0.05554	0.07597	0.00895	0.01246	0.01118	0.01658	0.01027	0.13125	0.43715	0.00480	0.00893	0.00466	0.01226	0.00468
27	0.01130	0.02222	0.05859	0.09521	0.18126	0.00818	0.06889	0.03315	0.04584	0.18457	0.03797	0.12228	0.07622	0.01500	0.00495	0.00150	0.00450	0.01881	0.00355	0.00599
28	0.13170	0.00768	0.00978	0.00763	0.01094	0.00697	0.00629	0.02035	0.01212	0.69447	0.03499	0.01461	0.01099	0.00544	0.00429	0.00138	0.00372	0.00431	0.00516	0.00717
29	0.00544	0.00400	0.00510	0.00596	0.00642	0.00367	0.00404	0.00630	0.00889	0.01164	0.04248	0.70236	0.15028	0.01351	0.00564	0.00176	0.00254	0.01213	0.00417	0.00367
30	0.01034	0.01085	0.06100	0.11410	0.55068	0.01028	0.10459	0.01326	0.01014	0.01429	0.03851	0.01250	0.02044	0.00433	0.00457	0.00138	0.00555	0.00433	0.00231	0.00655
31	0.02744	0.02104	0.01122	0.02151	0.20325	0.00805	0.00789	0.11927	0.03240	0.20410	0.05746	0.18715	0.04475	0.00743	0.00479	0.00148	0.00396	0.02669	0.00402	0.00613
32	0.01731	0.00870	0.04812	0.00835	0.01172	0.00767	0.00708	0.02153	0.18292	0.59122	0.01792	0.01588	0.02892	0.00572	0.00452	0.00142	0.00385	0.00467	0.00512	0.00737
33	0.00533	0.00453	0.00459	0.00458	0.00607	0.00379	0.00343	0.00650	0.01030	0.01232	0.07619	0.04266	0.78206	0.01124	0.00529	0.00151	0.00226	0.00939	0.00418	0.00379
34	0.02925	0.14368	0.29783	0.02451	0.13806	0.03400	0.03979	0.01545	0.04759	0.14091	0.03198	0.01165	0.01671	0.00463	0.00416	0.00133	0.00538	0.00378	0.00279	0.00651
35	0.02575	0.02305	0.05640	0.21937	0.37559	0.03245	0.01177	0.04563	0.03946	0.02500	0.02012	0.04683	0.02309	0.00503	0.00477	0.00142	0.03117	0.00443	0.00252	0.00615
36	0.00811	0.00677	0.00989	0.01300	0.23140	0.01958	0.00826	0.01028	0.02266	0.01374	0.06989	0.13443	0.06514	0.00977	0.00547	0.00173	0.00409	0.35725	0.00363	0.00493
37	0.00974	0.00969	0.01408	0.05933	0.06842	0.01307	0.02416	0.01100	0.00729	0.01114	0.00652	0.02330	0.00636	0.00740	0.01308	0.00188	0.70238	0.00409	0.00202	0.00505
38	0.04626	0.01197	0.06852	0.02638	0.13547	0.06069	0.09024	0.25956	0.01425	0.22483	0.01136	0.01172	0.00796	0.00486	0.00445	0.00137	0.00523	0.00409	0.00377	0.00701
39	0.01220	0.08800	0.10108	0.07990	0.06025	0.01911	0.15661	0.08487	0.01130	0.17075	0.01280	0.04751	0.01993	0.02316	0.00521	0.00152	0.01877	0.07766	0.00327	0.00609
40	0.79093	0.00988	0.00717	0.00643	0.00915	0.08932	0.00521	0.01361	0.00811	0.01918	0.00630	0.00734	0.00493	0.00420	0.00289	0.00136	0.00391	0.00247	0.00272	0.00488
41	0.00968	0.01271	0.20553	0.17057	0.34036	0.00999	0.09302	0.01300	0.00972	0.01378	0.00928	0.05300	0.00776	0.00465	0.00451	0.00141	0.00574	0.00440	0.02464	0.00622
42	0.01028	0.01488	0.28241	0.04163	0.41442	0.02312	0.08885	0.01384	0.00995	0.01430	0.00829	0.01054	0.00652	0.00405	0.00440	0.00135	0.00594	0.00382	0.00212	0.03928
43	0.01807	0.00717	0.00974	0.00762	0.01073	0.00623	0.00623	0.01985	0.01278	0.70143	0.13345	0.01788	0.01561	0.00606	0.00461	0.00139	0.00356	0.00502	0.00545	0.00712
44	0.01375	0.01641	0.01297	0.04594	0.01370	0.49127	0.00915	0.01492	0.01038	0.01089	0.00669	0.00901	0.00591	0.00627	0.02298	0.00156	0.29766	0.00332	0.00217	0.00505
45	0.00630	0.00457	0.00594	0.00560	0.00667	0.00421	0.00420	0.00839	0.01260	0.01778	0.79236	0.03367	0.06247	0.00920	0.00528	0.00141	0.00211	0.00813	0.00490	0.00421
46	0.00545	0.00389	0.00519	0.00623	0.00649	0.00363	0.00415	0.00623	0.00856	0.01142	0.02465	0.83987	0.02959	0.01401	0.00571	0.00182	0.00260	0.01272	0.00415	0.00363
47	0.01196	0.84548	0.02344	0.00765	0.01148	0.01770	0.00765	0.01339	0.00909	0.01052	0.00622	0.00718	0.00574	0.00383	0.00287	0.00096	0.00478	0.00239	0.00191	0.00574
48	0.00529	0.00453	0.00453	0.00453	0.00604	0.00378	0.00340	0.00642	0.01020	0.01208	0.04532	0.04305	0.81307	0.01133	0.00529	0.00151	0.00227	0.00944	0.00415	0.00378
49	0.87439	0.00865	0.00657	0.00588	0.00865	0.01003	0.00484	0.01315	0.00761	0.02007	0.00623	0.00727	0.00484	0.00415	0.00277	0.00138	0.00346	0.00242	0.00277	0.00484
50	0.01151	0.00980	0.01033	0.00918	0.01178	0.01131	0.00717	0.07500	0.75495	0.01934	0.01771	0.01630	0.01326	0.00602	0.00455	0.00151	0.00363	0.00499	0.00455	0.00712
51	0.87439	0.00865	0.00657	0.00588	0.00865	0.01003	0.00484	0.01315	0.00761	0.02007	0.00623	0.00727	0.00484	0.00415	0.00277	0.00138	0.00346	0.00242	0.00277	0.00484
52	0.01162	0.00986	0.01040	0.00920	0.01182	0.01136	0.00720	0.08960	0.74017	0.01952	0.01757	0.01618	0.01314	0.00601	0.00455	0.00150	0.00366	0.00497	0.00455	0.00713
53	0.87439	0.00865	0.00657	0.00588	0.00865	0.01003	0.00484	0.01315	0.00761	0.02007	0.00623	0.00727	0.00484	0.00415	0.00277	0.00138	0.00346	0.00242	0.00277	0.00484
54	0.00542	0.00401	0.00507	0.00592	0.00641	0.00366	0.00402	0.00626	0.00886	0.01154	0.02841	0.69505	0.17199	0.01353	0.00563	0.00176	0.00254	0.01212	0.00415	0.00366
55	0.00545	0.00389	0.00519	0.00623	0.00649	0.00363	0.00415	0.00623	0.00856	0.01142	0.02465	0.83987	0.02959	0.01401	0.00571	0.00182	0.00260	0.01272	0.00415	0.00363
56	0.01762	0.01154	0.01281	0.00982	0.01338	0.01240	0.00811	0.64261	0.01937	0.18791	0.01214	0.01165	0.00831	0.00540	0.00448	0.00135	0.00470	0.00412	0.00469	0.00761
57	0.00703	0.00508	0.00697	0.00793	0.00898	0.00502	0.00687	0.00900	0.01026	0.01325	0.02529	0.06460	0.08344	0.01231	0.00610	0.00201	0.00396	0.71368	0.00412	0.00408
58	0.00708	0.00509	0.00704	0.00803	0.00906	0.00505	0.00697	0.00907	0.01025	0.01328	0.02462	0.07155	0.05888	0.01236	0.00613	0.00203	0.00400	0.73132	0.00412	0.00409
59	0.02007	0.00761	0.01038	0.00796	0.01142	0.00657	0.00657	0.02180	0.01280	0.81799	0.01765	0.01523	0.01107	0.00554	0.00450	0.00138	0.00381	0.00450	0.00554	0.00761
60	0.01578	0.00661	0.00892	0.00730	0.00995	0.00578	0.00584	0.01743	0.01219	0.57489	0.14243	0.12169	0.03638	0.00729	0.00479	0.00144	0.00336	0.00619	0.00524	0.00650
61	0.01124	0.01041	0.02699	0.27728	0.31160	0.05187	0.04315	0.05810	0.07587	0.05585	0.00956	0.01183	0.00737	0.00459	0.00471	0.00141	0.02518	0.00408	0.00263	0.00627
62	0.01203	0.00743	0.00822	0.00714	0.00884	0.05678	0.00567	0.07784	0.01088	0.19031	0.01477	0.04907	0.04013	0.00693	0.02666	0.00148	0.11590	0.00468	0.34993	0.00532
63	0.83293	0.00898	0.00701	0.00657	0.02996	0.02788	0.00516	0.01327	0.00779	0.01973	0.00630	0.00738	0.00492	0.00416	0.00284	0.00138	0.00361	0.00247	0.00274	0.00491
64	0.02007	0.00761	0.01038	0.00796	0.01142	0.00657	0.00657	0.02180	0.01280	0.81799	0.01765	0.01523	0.01107	0.00554	0.00450	0.00138	0.00381	0.00450	0.00554	0.00761
65	0.01196	0.84548	0.02344	0.00765	0.01148	0.01770	0.00765	0.01339	0.00909	0.01052	0.00622	0.00718	0.00574	0.00383	0.00287	0.00096	0.00478	0.00239	0.00191	0.00574
66	0.01398	0.01161	0.04596	0.02726	0.02832	0.01239	0.00841	0.43096	0.31654	0.02317	0.01356	0.02561	0.01010	0.00567	0.00451	0.00142	0.00446	0.00452	0.00430	0.00724
67	0.00584	0.00455	0.00530	0.00511	0.00638	0.00401	0.00383	0.00749	0.01150	0.01519	0.45190	0.03794	0.40455	0.01017	0.00528	0.00146	0.00218	0.00872	0.00456	0.00401
68	0.00852	0.00700	0.00786	0.00725	0.00905	0.00756	0.00557	0.01556	0.39429	0.01728	0.30470	0.02573	0.11549	0.00906	0.04335	0.00174	0.00328	0.00663	0.00454	0.00554
69	0.01945	0.00775	0.01036	0.00804	0.01143	0.00689	0.00661	0.02194	0.06764	0.76279	0.01769	0.01533	0.01125	0.00557	0.00450	0.00139	0.00379	0.00454	0.00547	0.00758
70	0.00806	0.00418	0.00423	0.00427	0.00531	0.00413	0.00318	0.01003	0.00939	0.01621	0.01664	0.05261	0.05475	0.00591	0.00335	0.00110	0.00212	0.00481	0.78559	0.00413
71	0.00897	0.02314	0.81962	0.01275	0.01936	0.01039	0.01653	0.01417	0.00944	0.01417	0.00803	0.00944	0.00567	0.00425	0.00425	0.00142	0.00661	0.00331	0.00189	0.00661
72	0.09394	0.00843	0.04788	0.00799	0.01146	0.00714	0.00686	0.02048	0.03398	0.67312	0.03142	0.01464	0.01094	0.00544	0.00435	0.00139	0.00387	0.00434	0.00508	0.00724
73	0.00657	0.00433	0.00485	0.00485	0.00489	0.00433	0.00273	0.00665	0.00661	0.00897	0.01411	0.02881	0.01609	0.81204	0.02205	0.00422	0.00425	0.00642	0.03447	0.00276
74	0.00998	0.01055	0.09759	0.09966	0.21763	0.03482	0.03645	0.08011	0.09861	0.01535	0.04324	0.09188	0.05316	0.00630	0.00468	0.00144	0.00477	0.04463	0.00310	0.04605
75	0.00955	0.04729	0.01002	0.00674	0.01070	0.00666	0.00547	0.02645	0.00949	0.01465	0.00792	0.00921	0.00660	0.00338	0.00331	0.00069	0.00341	0.00266	0.00265	0.81313
76	0.00758	0.00558	0.00727	0.00783	0.00910	0.00561	0.00669	0.04659	0.04434	0.01442	0.06934	0.04544	0.10886	0.01148	0.00589	0.00191	0.00382	0.58968	0.00420	0.00438
77	0.06623	0.00832	0.01051	0.00818	0.01150	0.00788	0.00674	0.14450	0.01356	0.61030	0.01565	0.01418	0.01018	0.00675	0.04286	0.00165	0.00435	0.00432	0.00507	0.00729
78	0.04418	0.12961	0.21624	0.01411	0.16880	0.20621	0.03768	0.01559	0.04387	0.05715	0.00847	0.00975	0.00661	0.00441	0.00422	0.00129	0.01979	0.00339	0.00241	0.00620
79	0.00801	0.00422	0.00433	0.00430	0.00534	0.00416	0.00320	0.01000	0.00956	0.01633	0.07046	0.01938	0.05087	0.02847	0.00391	0.00118	0.00216	0.00474	0.74525	0.00412
80	0.01898	0.00729	0.00981	0.00761	0.01084	0.00635	0.00626	0.02075	0.01249	0.74383	0.01736	0.01536	0.01111	0.00551	0.00437	0.00135	0.00365	0.00447	0.08531	0.00729
81	0.00968	0.01126	0.19999	0.16626	0.15669	0.01690	0.01067	0.02374	0.03606	0.08625	0.05267	0.09889	0.07413	0.01688	0.00490	0.00151	0.00487	0.01987	0.00302	0.00576
82	0.01032	0.01173	0.11236	0.15745	0.42171	0.02537	0.10248	0.02494	0.02286	0.01417	0.00905	0.03008	0.00740	0.00440	0.00450	0.00139	0.00571	0.00425	0.02346	0.00638
83	0.00553	0.00453	0.00488	0.00483	0.00620	0.00388	0.00361	0.00688	0.01073	0.01342	0.22241	0.06034	0.61543	0.01089	0.00529	0.00149	0.00224	0.00921	0.00433	0.00388
84	0.00552	0.00440	0.00489	0.00518	0.00628	0.00386	0.00377	0.00659	0.00970	0.01201	0.06247	0.23336	0.51969	0.05393	0.00632	0.00175	0.00254	0.04993	0.00410	0.00372
85	0.01207	0.02785	0.25711	0.01694	0.26494	0.01057	0.10150	0.08824	0.04629	0.11582	0.01013	0.01137	0.00744	0.00445	0.00446	0.00139	0.00564	0.00402	0.00284	0.00692
86	0.01208	0.13247	0.18665	0.09739	0.08420	0.01882	0.00988	0.05125	0.01070	0.19494	0.03281	0.09114	0.01054	0.00568	0.00446	0.00137	0.01808	0.00466	0.02668	0.00617
87	0.01671	0.02132	0.01268	0.01152	0.01383	0.82483	0.00864	0.01786	0.01268	0.01095	0.00691	0.00807	0.00576	0.00461	0.00403	0.00115	0.00807	0.00288	0.00230	0.00519
88	0.68091	0.00967	0.00734	0.00683	0.02211	0.09959	0.00536	0.01330	0.00828	0.01835	0.00703	0.00838	0.00562	0.00563	0.04149	0.00161	0.00433	0.00270	0.04662	0.00484
89	0.00678	0.00448	0.00561	0.00580	0.00624	0.00440	0.00390	0.00752	0.00819	0.03954	0.10070	0.20951	0.02214	0.41667	0.07321	0.00339	0.00423	0.07078	0.00345	0.00345

[dist]
# distance from previous block
# <min> <max>
0	2

[block]
# block no. 1 follows, 58 sequences, length 15
# corresponding to MSA columns:
# 199-213
name=unknown_B
#
# <colnr> <probs for GDERKNQSTAVLIFYWHMCP>
#	G	D	E	R	K	N	Q	S	T	A	V	L	I	F	Y	W	H	M	C	P
0	0.04490	0.58174	0.08838	0.00855	0.01231	0.06576	0.00842	0.08396	0.01026	0.01280	0.00697	0.00807	0.00602	0.00492	0.02521	0.00124	0.01968	0.00274	0.00221	0.00585
1	0.01100	0.03163	0.01771	0.12950	0.62940	0.04835	0.04049	0.01364	0.01013	0.01392	0.00825	0.01098	0.00684	0.00407	0.00441	0.00134	0.00559	0.00394	0.00218	0.00666
2	0.00538	0.00454	0.00466	0.00463	0.00610	0.00382	0.00347	0.00660	0.01042	0.01262	0.11561	0.04217	0.74245	0.01113	0.00529	0.00150	0.00225	0.00932	0.00422	0.00382
3	0.01039	0.01017	0.03441	0.11119	0.53643	0.01019	0.05057	0.01417	0.09070	0.01488	0.06438	0.01327	0.00998	0.00460	0.00454	0.00138	0.00512	0.00442	0.00261	0.00660
4	0.00565	0.00414	0.00531	0.00589	0.00649	0.00380	0.00408	0.00680	0.00977	0.01312	0.22396	0.54780	0.12170	0.01249	0.00555	0.00168	0.00244	0.01119	0.00435	0.00380
5	0.00548	0.00452	0.00481	0.00478	0.00617	0.00385	0.00357	0.00677	0.01057	0.01309	0.17971	0.06939	0.64974	0.01104	0.00530	0.00150	0.00225	0.00932	0.00429	0.00385
6	0.01056	0.02949	0.01370	0.10936	0.20485	0.05826	0.03722	0.03927	0.02901	0.02864	0.00873	0.01170	0.00740	0.01597	0.03888	0.00159	0.14544	0.01539	0.01391	0.18065
7	0.01082	0.01032	0.01757	0.02649	0.77816	0.01031	0.01329	0.01339	0.01011	0.01447	0.00915	0.04873	0.00811	0.00444	0.00449	0.00135	0.00519	0.00438	0.00230	0.00693
8	0.00929	0.00856	0.01369	0.66153	0.06843	0.01058	0.01199	0.06543	0.00965	0.01268	0.00798	0.01161	0.00613	0.00481	0.00538	0.00151	0.07937	0.00397	0.00217	0.00525
9	0.01700	0.01253	0.01342	0.01029	0.01387	0.01387	0.00850	0.79997	0.02103	0.02819	0.01074	0.01074	0.00761	0.00537	0.00447	0.00134	0.00492	0.00403	0.00447	0.00761
10	0.01109	0.00978	0.01123	0.00977	0.01244	0.01114	0.06122	0.02312	0.75234	0.01841	0.01758	0.01637	0.01319	0.00591	0.00460	0.00152	0.00381	0.00507	0.00440	0.00701
11	0.01080	0.13752	0.35837	0.03106	0.24643	0.02785	0.05689	0.01435	0.00989	0.05411	0.00839	0.01003	0.00643	0.00416	0.00417	0.00132	0.00590	0.00354	0.00220	0.00658
12	0.00592	0.00441	0.00554	0.00619	0.00699	0.00409	0.00464	0.00715	0.00958	0.01239	0.08269	0.37453	0.22335	0.04119	0.00627	0.00186	0.00290	0.19238	0.00415	0.00379
13	0.01053	0.01005	0.03935	0.11067	0.20478	0.01052	0.06336	0.03980	0.37782	0.01634	0.01505	0.01557	0.05524	0.00545	0.00459	0.00146	0.00458	0.00485	0.00343	0.00658
14	0.00617	0.00525	0.03596	0.00563	0.00700	0.00434	0.00448	0.00816	0.01194	0.01637	0.59506	0.03488	0.22921	0.00950	0.00524	0.00143	0.00232	0.00824	0.00462	0.00420

[dist]
# distance from previous block
# <min> <max>
1	4

[block]
# block no. 2 follows, 58 sequences, length 36
# corresponding to MSA columns:
# 218-253
name=unknown_C
#
# <colnr> <probs for GDERKNQSTAVLIFYWHMCP>
#	G	D	E	R	K	N	Q	S	T	A	V	L	I	F	Y	W	H	M	C	P
0	0.05352	0.80516	0.02263	0.00757	0.01134	0.01733	0.00752	0.01338	0.00902	0.01098	0.00622	0.00718	0.00570	0.00384	0.00287	0.00098	0.00472	0.00239	0.00195	0.00570
1	0.00668	0.00477	0.00660	0.00763	0.00842	0.00469	0.00628	0.00835	0.00977	0.01279	0.02398	0.28987	0.02691	0.01286	0.00604	0.00199	0.00366	0.55063	0.00413	0.00397
2	0.03174	0.08519	0.15758	0.03671	0.15830	0.00903	0.00936	0.03120	0.02188	0.08223	0.01087	0.02665	0.04351	0.00453	0.00394	0.00114	0.00450	0.00373	0.00276	0.27513
3	0.01013	0.01159	0.12581	0.12000	0.16556	0.03206	0.17398	0.01282	0.00926	0.04437	0.00896	0.01268	0.00748	0.06935	0.02981	0.00188	0.13959	0.00435	0.01461	0.00569
4	0.00960	0.00910	0.01535	0.46599	0.36741	0.01014	0.01281	0.01241	0.00949	0.01288	0.00815	0.01149	0.00646	0.00423	0.00443	0.00140	0.00562	0.00395	0.00210	0.02699
5	0.01836	0.00716	0.00962	0.00756	0.01065	0.00627	0.00619	0.02008	0.01227	0.70608	0.01745	0.01666	0.01163	0.02834	0.00492	0.00145	0.00368	0.02513	0.07940	0.00709
6	0.01671	0.02132	0.01268	0.01152	0.01383	0.82483	0.00864	0.01786	0.01268	0.01095	0.00691	0.00807	0.00576	0.00461	0.00403	0.00115	0.00807	0.00288	0.00230	0.00519
7	0.00536	0.00444	0.00470	0.00484	0.00614	0.00378	0.00355	0.00649	0.01006	0.01226	0.07807	0.16462	0.65701	0.01164	0.00535	0.00155	0.00231	0.00988	0.00419	0.00378
8	0.00545	0.00389	0.00519	0.00623	0.00649	0.00363	0.00415	0.00623	0.00856	0.01142	0.02465	0.83987	0.02959	0.01401	0.00571	0.00182	0.00260	0.01272	0.00415	0.00363
9	0.00630	0.00457	0.00593	0.00559	0.00666	0.00421	0.00420	0.00838	0.01259	0.01776	0.78859	0.03371	0.06626	0.00921	0.00528	0.00141	0.00212	0.00813	0.00490	0.00421
10	0.01259	0.00928	0.01016	0.00892	0.01160	0.01038	0.00700	0.02345	0.67654	0.14985	0.01811	0.01645	0.01323	0.00598	0.00454	0.00150	0.00358	0.00497	0.00471	0.00717
11	0.00897	0.02314	0.81962	0.01275	0.01936	0.01039	0.01653	0.01417	0.00944	0.01417	0.00803	0.00944	0.00567	0.00425	0.00425	0.00142	0.00661	0.00331	0.00189	0.00661
12	0.00616	0.00446	0.00581	0.00570	0.00663	0.00411	0.00419	0.00802	0.01191	0.01670	0.66091	0.16960	0.05897	0.01002	0.00535	0.00148	0.00220	0.00890	0.00478	0.00411
13	0.00628	0.00424	0.00495	0.00517	0.00523	0.00418	0.00302	0.00644	0.00695	0.00927	0.01639	0.20554	0.01916	0.66257	0.01906	0.00379	0.00396	0.00786	0.00302	0.00291
14	0.01196	0.84548	0.02344	0.00765	0.01148	0.01770	0.00765	0.01339	0.00909	0.01052	0.00622	0.00718	0.00574	0.00383	0.00287	0.00096	0.00478	0.00239	0.00191	0.00574
15	0.01158	0.00983	0.01037	0.00919	0.01180	0.01134	0.00719	0.08318	0.74667	0.01944	0.01764	0.01623	0.01319	0.00602	0.00455	0.00150	0.00365	0.00498	0.00455	0.00712
16	0.00915	0.07079	0.77348	0.01245	0.01890	0.01081	0.01601	0.01412	0.00942	0.01396	0.00792	0.00931	0.00567	0.00423	0.00417	0.00139	0.00651	0.00325	0.00189	0.00656
17	0.00551	0.00392	0.00517	0.00615	0.00639	0.00367	0.00407	0.00624	0.00844	0.01126	0.02404	0.79290	0.02881	0.06204	0.00670	0.00196	0.00270	0.01236	0.00407	0.00358
18	0.00529	0.00453	0.00453	0.00453	0.00604	0.00378	0.00340	0.00642	0.01020	0.01208	0.04532	0.04305	0.81307	0.01133	0.00529	0.00151	0.00227	0.00944	0.00415	0.00378
19	0.87439	0.00865	0.00657	0.00588	0.00865	0.01003	0.00484	0.01315	0.00761	0.02007	0.00623	0.00727	0.00484	0.00415	0.00277	0.00138	0.00346	0.00242	0.00277	0.00484
20	0.00915	0.07079	0.77348	0.01245	0.01890	0.01081	0.01601	0.01412	0.00942	0.01396	0.00792	0.00931	0.00567	0.00423	0.00417	0.00139	0.00651	0.00325	0.00189	0.00656
21	0.87439	0.00865	0.00657	0.00588	0.00865	0.01003	0.00484	0.01315	0.00761	0.02007	0.00623	0.00727	0.00484	0.00415	0.00277	0.00138	0.00346	0.00242	0.00277	0.00484
22	0.02007	0.00761	0.01038	0.00796	0.01142	0.00657	0.00657	0.02180	0.01280	0.81799	0.01765	0.01523	0.01107	0.00554	0.00450	0.00138	0.00381	0.00450	0.00554	0.00761
23	0.00549	0.00423	0.00501	0.00547	0.00631	0.00379	0.00384	0.00652	0.00947	0.01211	0.09403	0.41825	0.34914	0.03371	0.01960	0.00181	0.00262	0.01073	0.00415	0.00372
24	0.14238	0.05019	0.07714	0.04903	0.01386	0.01195	0.02191	0.43542	0.01559	0.07958	0.01022	0.02126	0.00749	0.00505	0.00411	0.00134	0.00472	0.00381	0.02714	0.01782
25	0.01037	0.00883	0.00930	0.00836	0.01074	0.00993	0.00650	0.05807	0.62397	0.01812	0.04305	0.02095	0.13855	0.00694	0.00468	0.00150	0.00337	0.00577	0.00450	0.00652
26	0.00698	0.00529	0.00587	0.00581	0.00614	0.04498	0.00376	0.00745	0.00699	0.00924	0.01319	0.02515	0.01441	0.58845	0.23318	0.00493	0.00653	0.00588	0.00261	0.00317
27	0.01335	0.02783	0.01439	0.17788	0.16514	0.29288	0.03650	0.12322	0.03077	0.02822	0.00894	0.01074	0.01789	0.00476	0.00461	0.00133	0.02926	0.00373	0.00264	0.00592
28	0.01026	0.01129	0.05246	0.01178	0.01227	0.07380	0.01003	0.01146	0.00741	0.01094	0.00605	0.00964	0.00585	0.00742	0.01339	0.00187	0.73331	0.00381	0.00198	0.00500
29	0.01990	0.00829	0.01049	0.00813	0.01154	0.04678	0.00668	0.02161	0.01280	0.77833	0.01712	0.01487	0.01081	0.00549	0.00448	0.00137	0.00402	0.00442	0.00538	0.00749
30	0.00960	0.00967	0.01380	0.02359	0.02823	0.03764	0.06876	0.01085	0.00758	0.01118	0.00810	0.08885	0.00829	0.00828	0.02479	0.00195	0.62690	0.00484	0.00221	0.00490
31	0.01148	0.05327	0.24543	0.06828	0.25699	0.05960	0.07218	0.03655	0.06536	0.07406	0.00955	0.01106	0.00721	0.00440	0.00436	0.00137	0.00579	0.00386	0.00257	0.00661
32	0.00934	0.03388	0.22682	0.00987	0.01222	0.09255	0.00950	0.01172	0.01920	0.01260	0.09804	0.01532	0.02600	0.09076	0.04859	0.00209	0.23768	0.00449	0.03427	0.00505
33	0.00545	0.00389	0.00519	0.00623	0.00649	0.00363	0.00415	0.00623	0.00856	0.01142	0.02465	0.83987	0.02959	0.01401	0.00571	0.00182	0.00260	0.01272	0.00415	0.00363
34	0.00550	0.00393	0.00525	0.00629	0.00657	0.00368	0.00424	0.00632	0.00861	0.01148	0.02463	0.81740	0.02948	0.01397	0.00572	0.00182	0.00264	0.03469	0.00415	0.00365
35	0.01008	0.06464	0.58760	0.01157	0.01712	0.01073	0.01382	0.01627	0.15627	0.05430	0.01027	0.01094	0.00741	0.00462	0.00424	0.00141	0.00581	0.00364	0.00256	0.00670

[dist]
# distance from previous block
# <min> <max>
0	1

[block]
# block no. 3 follows, 58 sequences, length 29
# corresponding to MSA columns:
# 255-283
name=unknown_D
#
# <colnr> <probs for GDERKNQSTAVLIFYWHMCP>
#	G	D	E	R	K	N	Q	S	T	A	V	L	I	F	Y	W	H	M	C	P
0	0.09300	0.55287	0.01910	0.00846	0.01183	0.20125	0.00765	0.03981	0.01016	0.01208	0.00652	0.00750	0.00572	0.00409	0.00318	0.00105	0.00542	0.00256	0.00216	0.00559
1	0.01328	0.00738	0.00847	0.00693	0.00932	0.00740	0.00556	0.22376	0.01364	0.21095	0.09525	0.01622	0.01332	0.00567	0.00404	0.00123	0.00329	0.00456	0.31663	0.03309
2	0.00590	0.00494	0.00551	0.00585	0.02967	0.00450	0.00415	0.00774	0.05625	0.01246	0.05202	0.14110	0.58214	0.01242	0.05320	0.00188	0.00303	0.00915	0.00403	0.00407
3	0.00693	0.00477	0.00566	0.00539	0.00658	0.00456	0.00406	0.00954	0.05777	0.01706	0.50704	0.02985	0.11913	0.00835	0.00477	0.00135	0.00220	0.00721	0.19346	0.00433
4	0.00578	0.00455	0.00521	0.00504	0.00634	0.00398	0.00378	0.00737	0.01135	0.01482	0.40411	0.03854	0.45258	0.01031	0.00528	0.00146	0.00219	0.00881	0.00451	0.00398
5	0.00928	0.00795	0.00928	0.00663	0.01060	0.00596	0.00530	0.01126	0.00928	0.01458	0.00795	0.00928	0.00663	0.00331	0.00331	0.00066	0.00331	0.00265	0.00265	0.87014
6	0.01276	0.11001	0.06227	0.01031	0.01256	0.06389	0.02989	0.20104	0.01157	0.07331	0.00856	0.01045	0.00692	0.00646	0.00840	0.05278	0.28184	0.00374	0.02743	0.00579
7	0.01394	0.01150	0.03149	0.10573	0.11312	0.05241	0.03189	0.38065	0.09681	0.05671	0.01123	0.02318	0.00853	0.02565	0.00492	0.00145	0.00509	0.00428	0.01464	0.00678
8	0.20875	0.00829	0.00982	0.00771	0.01103	0.00801	0.00637	0.09080	0.01241	0.56952	0.01449	0.01306	0.00938	0.00522	0.00411	0.00138	0.00383	0.00400	0.00483	0.00700
9	0.01033	0.00981	0.04570	0.11407	0.08836	0.03486	0.00843	0.04352	0.43556	0.01696	0.09882	0.01754	0.04448	0.00605	0.00460	0.00146	0.00413	0.00513	0.00385	0.00633
10	0.00624	0.00447	0.00523	0.00520	0.00634	0.00406	0.00390	0.00793	0.01099	0.01519	0.35960	0.09693	0.28706	0.00978	0.00504	0.00144	0.00227	0.03615	0.12818	0.00402
11	0.00680	0.00452	0.00657	0.00657	0.00713	0.00504	0.00487	0.00748	0.00692	0.00992	0.01130	0.01754	0.01081	0.09114	0.54263	0.20393	0.00911	0.00469	0.03960	0.00343
12	0.01617	0.00673	0.00903	0.00722	0.01000	0.00589	0.00585	0.01798	0.01261	0.58843	0.20472	0.02016	0.03644	0.00650	0.00466	0.00138	0.00332	0.00544	0.03082	0.00663
13	0.01063	0.01147	0.02465	0.01770	0.02199	0.01073	0.72497	0.01423	0.01076	0.04170	0.05678	0.01343	0.00902	0.00415	0.00525	0.00150	0.00709	0.00542	0.00253	0.00598
14	0.00719	0.00477	0.00607	0.00568	0.00694	0.00431	0.00428	0.00907	0.01214	0.07786	0.60765	0.06952	0.14871	0.00940	0.00524	0.00144	0.00228	0.00821	0.00483	0.00439
15	0.00693	0.00470	0.00600	0.00566	0.00686	0.00426	0.00425	0.00881	0.01211	0.06224	0.62334	0.08123	0.13769	0.00951	0.00526	0.00144	0.00226	0.00833	0.00482	0.00432
16	0.02373	0.08281	0.52471	0.01314	0.01873	0.04632	0.15622	0.03698	0.03005	0.01439	0.00833	0.00987	0.00612	0.00422	0.00431	0.00139	0.00653	0.00362	0.00213	0.00639
17	0.01510	0.01069	0.01139	0.00895	0.01197	0.01174	0.00732	0.62652	0.01847	0.02566	0.01159	0.01204	0.00845	0.00534	0.00418	0.00128	0.00430	0.00406	0.19409	0.00685
18	0.01108	0.09910	0.08782	0.01005	0.08140	0.00960	0.02044	0.12928	0.03298	0.03474	0.00902	0.02222	0.00736	0.01503	0.00432	0.00108	0.02803	0.00339	0.00285	0.39021
19	0.00782	0.00572	0.00722	0.01693	0.04395	0.00584	0.00533	0.04085	0.13205	0.04551	0.06707	0.44787	0.03310	0.08155	0.02514	0.00202	0.00338	0.01998	0.00405	0.00462
20	0.02526	0.00553	0.00718	0.00645	0.00824	0.00497	0.00498	0.01234	0.01158	0.28014	0.29844	0.17157	0.10955	0.00904	0.00508	0.00150	0.00284	0.02527	0.00485	0.00520
21	0.01249	0.03572	0.01376	0.07900	0.06958	0.02150	0.15313	0.13459	0.01208	0.16377	0.06130	0.03776	0.01107	0.00569	0.00512	0.02561	0.02830	0.00478	0.11881	0.00595
22	0.05382	0.01276	0.01473	0.04402	0.08916	0.16342	0.12186	0.26605	0.03232	0.14211	0.01049	0.01117	0.00758	0.00482	0.00443	0.00135	0.00569	0.00401	0.00354	0.00665
23	0.00813	0.00404	0.00576	0.00569	0.00589	0.00401	0.00384	0.00676	0.00640	0.03257	0.00899	0.01467	0.00861	0.05304	0.01601	0.72299	0.00374	0.00405	0.08245	0.00235
24	0.01569	0.01968	0.01317	0.01167	0.01393	0.71623	0.05429	0.01694	0.01210	0.01104	0.00731	0.00927	0.00628	0.04078	0.00525	0.00134	0.03440	0.00321	0.00231	0.00512
25	0.03218	0.00937	0.01404	0.32985	0.22917	0.01047	0.03353	0.11411	0.10227	0.01577	0.03400	0.01367	0.01874	0.00497	0.00451	0.00144	0.00517	0.01781	0.00284	0.00608
26	0.00619	0.00460	0.00564	0.00574	0.00674	0.00415	0.00414	0.00748	0.00988	0.01338	0.22949	0.28170	0.17188	0.09575	0.00707	0.00183	0.00272	0.05725	0.01893	0.06543
27	0.01192	0.03585	0.04218	0.07820	0.32996	0.17200	0.09073	0.03969	0.03644	0.01386	0.00830	0.01048	0.00677	0.00440	0.00487	0.00132	0.04962	0.00378	0.00236	0.05726
28	0.01009	0.21343	0.07188	0.00767	0.01089	0.04316	0.00688	0.07956	0.04638	0.01420	0.01457	0.08747	0.10430	0.00600	0.00397	0.00115	0.00407	0.02370	0.01843	0.23219

[dist]
# distance from previous block
# <min> <max>
1	9

[block]
# block no. 4 follows, 58 sequences, length 48
# corresponding to MSA columns:
# 340-354,356-388
name=unknown_E
#
# <colnr> <probs for GDERKNQSTAVLIFYWHMCP>
#	G	D	E	R	K	N	Q	S	T	A	V	L	I	F	Y	W	H	M	C	P
0	0.03848	0.00639	0.06170	0.00724	0.00859	0.00536	0.03157	0.05129	0.02342	0.01334	0.03888	0.57521	0.07269	0.01145	0.00529	0.00167	0.00320	0.01025	0.00388	0.03010
1	0.00554	0.00420	0.00511	0.00564	0.00641	0.00378	0.00396	0.00662	0.00963	0.01249	0.13097	0.46958	0.28327	0.01251	0.00553	0.00167	0.00245	0.02265	0.00425	0.00376
2	0.01084	0.09968	0.07806	0.21480	0.24865	0.08095	0.04426	0.05339	0.02598	0.01362	0.02253	0.03273	0.00774	0.00479	0.00478	0.00138	0.04345	0.00404	0.00236	0.00597
3	0.00945	0.00694	0.00796	0.00695	0.00927	0.00670	0.00542	0.01430	0.24053	0.09770	0.15022	0.05809	0.16964	0.00754	0.00468	0.00136	0.00303	0.03199	0.00426	0.16396
4	0.00989	0.00831	0.00961	0.00692	0.01086	0.00659	0.00555	0.07393	0.01021	0.01566	0.00817	0.00939	0.00670	0.00348	0.00341	0.00072	0.00344	0.00276	0.00280	0.80161
5	0.01112	0.08534	0.15212	0.07216	0.15991	0.04478	0.08492	0.03985	0.08710	0.06134	0.02253	0.02066	0.00822	0.00462	0.00447	0.00130	0.02428	0.00396	0.01243	0.09887
6	0.01256	0.17155	0.08336	0.02781	0.08240	0.10920	0.05332	0.17488	0.08317	0.03508	0.05954	0.01287	0.01003	0.01547	0.00440	0.00132	0.00517	0.01631	0.03537	0.00619
7	0.00632	0.00499	0.00591	0.00594	0.00718	0.00473	0.00460	0.00854	0.05865	0.01432	0.26435	0.10215	0.34642	0.01066	0.00559	0.00159	0.01928	0.12025	0.00436	0.00417
8	0.01054	0.00988	0.02841	0.06110	0.27844	0.07297	0.12129	0.02594	0.04105	0.06201	0.12776	0.11333	0.01511	0.00617	0.00480	0.00143	0.00495	0.00577	0.00315	0.00588
9	0.01428	0.10680	0.07963	0.06081	0.03404	0.25820	0.03688	0.19000	0.07782	0.06345	0.00968	0.01062	0.00740	0.01572	0.00440	0.00132	0.00594	0.00363	0.01319	0.00621
10	0.00834	0.00417	0.00417	0.00417	0.00521	0.00417	0.00313	0.01042	0.00938	0.01668	0.01459	0.01668	0.01147	0.00521	0.00313	0.00104	0.00208	0.00417	0.86763	0.00417
11	0.01296	0.00995	0.01335	0.08024	0.10867	0.02143	0.07498	0.20754	0.06954	0.11825	0.01081	0.01201	0.00813	0.02339	0.00486	0.00131	0.01863	0.00399	0.00344	0.19652
12	0.85611	0.00896	0.02375	0.00603	0.00888	0.01004	0.00509	0.01317	0.00765	0.01995	0.00627	0.00731	0.00486	0.00415	0.00280	0.00138	0.00353	0.00244	0.00275	0.00488
13	0.01491	0.05877	0.08292	0.00920	0.01259	0.01059	0.00809	0.26162	0.15113	0.24420	0.02721	0.03246	0.03373	0.00584	0.00470	0.00140	0.02471	0.00459	0.00434	0.00700
14	0.01646	0.00894	0.03373	0.00826	0.01149	0.02924	0.00691	0.14388	0.04928	0.46142	0.01630	0.03549	0.03038	0.00589	0.00445	0.00135	0.00401	0.03037	0.04053	0.06164
15	0.10235	0.00958	0.03059	0.00848	0.01194	0.03590	0.00712	0.18285	0.01393	0.52882	0.01450	0.01313	0.00943	0.00530	0.00430	0.00137	0.00422	0.00411	0.00485	0.00724
16	0.00616	0.00447	0.00581	0.00568	0.00663	0.00412	0.00418	0.00803	0.01195	0.01674	0.66578	0.15526	0.06849	0.00996	0.00534	0.00147	0.00219	0.00884	0.00478	0.00412
17	0.00954	0.00937	0.01303	0.01122	0.01122	0.01299	0.00925	0.01044	0.00682	0.01061	0.00650	0.01126	0.00666	0.07113	0.01529	0.00214	0.77166	0.00411	0.00201	0.00473
18	0.01189	0.82711	0.04123	0.00777	0.01166	0.01754	0.00785	0.01341	0.00910	0.01061	0.00626	0.00723	0.00574	0.00384	0.00290	0.00097	0.00482	0.00241	0.00191	0.00576
19	0.00566	0.00440	0.00518	0.00551	0.00653	0.00392	0.00406	0.00693	0.01015	0.01299	0.16801	0.27542	0.39086	0.01182	0.00548	0.00163	0.00248	0.07087	0.00428	0.00384
20	0.01056	0.01207	0.02640	0.01885	0.02338	0.01131	0.79864	0.01433	0.01056	0.01433	0.00905	0.01207	0.00679	0.00377	0.00528	0.00151	0.00754	0.00528	0.00226	0.00603
21	0.00556	0.00397	0.00531	0.00635	0.00665	0.00372	0.00434	0.00641	0.00867	0.01154	0.02460	0.79267	0.02936	0.01392	0.00574	0.00183	0.00269	0.05889	0.00415	0.00366
22	0.04108	0.04739	0.01324	0.01004	0.01339	0.08567	0.00823	0.59648	0.09898	0.02473	0.01084	0.01086	0.00790	0.00527	0.00433	0.00133	0.00501	0.00392	0.00413	0.00718
23	0.01033	0.01233	0.06670	0.09007	0.02322	0.02706	0.64799	0.01398	0.01029	0.01388	0.00886	0.01189	0.00669	0.00440	0.01810	0.00159	0.01953	0.00498	0.00222	0.00590
24	0.00562	0.00408	0.00510	0.00577	0.00621	0.00378	0.00385	0.00641	0.00872	0.01148	0.06854	0.57348	0.13595	0.12941	0.00802	0.00211	0.00277	0.01115	0.00399	0.00356
25	0.02715	0.05269	0.01089	0.00814	0.04731	0.00788	0.00626	0.07367	0.01965	0.01543	0.00810	0.00943	0.00669	0.00377	0.00391	0.00084	0.03803	0.00288	0.00273	0.65455
26	0.00908	0.01766	0.03226	0.19500	0.05566	0.00857	0.08415	0.03356	0.10510	0.03118	0.03248	0.16231	0.01270	0.00819	0.05352	0.00179	0.04484	0.00578	0.00303	0.10313
27	0.06885	0.24846	0.10912	0.03776	0.03798	0.21233	0.03647	0.07904	0.04027	0.03305	0.00809	0.01833	0.00660	0.00465	0.00427	0.00125	0.04183	0.00328	0.00250	0.00586
28	0.03686	0.05851	0.10176	0.01038	0.02909	0.01131	0.05587	0.33939	0.06684	0.13534	0.01207	0.05052	0.00920	0.00608	0.02071	0.00150	0.02125	0.00445	0.02207	0.00680
29	0.00638	0.00437	0.00503	0.00504	0.00523	0.00434	0.00300	0.00665	0.00710	0.00944	0.04944	0.04688	0.07306	0.69025	0.06253	0.00411	0.00446	0.00682	0.00292	0.00293
30	0.01085	0.01083	0.03182	0.19268	0.32320	0.11227	0.01089	0.01453	0.10687	0.03335	0.04841	0.01435	0.03715	0.00553	0.01746	0.00148	0.00541	0.01410	0.00275	0.00606
31	0.00982	0.00969	0.11071	0.00825	0.01153	0.00770	0.02621	0.03659	0.19593	0.06273	0.03289	0.07474	0.06898	0.02366	0.00471	0.00131	0.00385	0.02546	0.00351	0.28173
32	0.00555	0.00410	0.00516	0.00589	0.00645	0.00376	0.00406	0.00649	0.00910	0.01188	0.07154	0.59555	0.18051	0.03694	0.00611	0.00181	0.00260	0.03468	0.00415	0.00368
33	0.04182	0.00786	0.00859	0.00769	0.00972	0.00844	0.00593	0.19991	0.22537	0.03229	0.10143	0.18679	0.11447	0.02241	0.00517	0.00156	0.00339	0.00712	0.00436	0.00567
34	0.01148	0.08589	0.21388	0.03205	0.10231	0.01048	0.03966	0.14807	0.01155	0.05204	0.00876	0.01003	0.00670	0.00428	0.00429	0.00118	0.02721	0.00342	0.00274	0.22399
35	0.01001	0.00793	0.01002	0.00729	0.01104	0.00619	0.04710	0.01200	0.00960	0.07697	0.02825	0.01120	0.00818	0.03435	0.00427	0.00092	0.00358	0.00320	0.00291	0.70499
36	0.00792	0.00729	0.02529	0.01049	0.05393	0.00673	0.20511	0.01056	0.05388	0.02938	0.13862	0.19447	0.14169	0.05356	0.00623	0.00172	0.00416	0.04052	0.00362	0.00482
37	0.01037	0.01163	0.14659	0.00976	0.05011	0.05913	0.04089	0.03284	0.03743	0.04829	0.05871	0.01148	0.00908	0.00434	0.00423	0.00105	0.02922	0.00351	0.00282	0.42853
38	0.00581	0.00456	0.00526	0.00519	0.00646	0.00402	0.00392	0.00738	0.01118	0.01455	0.36227	0.05845	0.44033	0.01053	0.00533	0.00150	0.00229	0.04252	0.00447	0.00397
39	0.00652	0.00428	0.00490	0.00502	0.00514	0.00426	0.00296	0.00679	0.00697	0.00963	0.01533	0.12228	0.01737	0.67015	0.03196	0.00384	0.00408	0.00702	0.06856	0.00295
40	0.03166	0.04230	0.16055	0.28163	0.14136	0.03451	0.05879	0.02897	0.03056	0.04267	0.00893	0.01159	0.00694	0.00687	0.07250	0.00190	0.02621	0.00392	0.00233	0.00581
41	0.00641	0.00440	0.00509	0.00508	0.00528	0.00440	0.00305	0.00669	0.00702	0.00937	0.04510	0.02933	0.06755	0.69238	0.08740	0.00429	0.00476	0.00661	0.00286	0.00294
42	0.01237	0.68463	0.04129	0.00822	0.01183	0.10222	0.00794	0.01390	0.00961	0.02831	0.00731	0.00929	0.00668	0.00431	0.00320	0.00104	0.00513	0.03490	0.00212	0.00568
43	0.00711	0.00407	0.00545	0.00552	0.00555	0.00407	0.00349	0.00615	0.00629	0.00840	0.01137	0.07488	0.01250	0.32905	0.03221	0.46954	0.00411	0.00548	0.00239	0.00238
44	0.03815	0.01238	0.01333	0.01087	0.03512	0.07168	0.04475	0.54683	0.10395	0.03509	0.01115	0.01144	0.00816	0.00609	0.02892	0.00153	0.00529	0.00410	0.00407	0.00711
45	0.56787	0.04790	0.01005	0.06248	0.11458	0.03091	0.02142	0.04925	0.00894	0.01832	0.00712	0.00857	0.00561	0.00423	0.00326	0.00135	0.00414	0.00291	0.02578	0.00532
46	0.01074	0.01047	0.03757	0.17210	0.50168	0.02763	0.03864	0.01377	0.03836	0.03611	0.02252	0.01179	0.00769	0.00449	0.00499	0.00140	0.04711	0.00410	0.00238	0.00646
47	0.01113	0.01126	0.11289	0.01050	0.05149	0.03364	0.04983	0.15323	0.29035	0.03157	0.05157	0.04417	0.06006	0.04096	0.00543	0.00159	0.00448	0.02574	0.00381	0.00632

[dist]
# distance from previous block
# <min> <max>
1	5

[block]
# block no. 5 follows, 58 sequences, length 32
# corresponding to MSA columns:
# 394-425
name=unknown_F
#
# <colnr> <probs for GDERKNQSTAVLIFYWHMCP>
#	G	D	E	R	K	N	Q	S	T	A	V	L	I	F	Y	W	H	M	C	P
0	0.00902	0.00856	0.04931	0.02054	0.08184	0.07285	0.00700	0.07485	0.04582	0.01308	0.04831	0.08146	0.03322	0.17796	0.18039	0.00326	0.05280	0.03202	0.00299	0.00472
1	0.01249	0.17016	0.09981	0.05470	0.08581	0.27495	0.10879	0.02585	0.05043	0.01279	0.00869	0.03195	0.00724	0.00461	0.00410	0.00126	0.00628	0.00372	0.03061	0.00575
2	0.00909	0.09402	0.27266	0.43772	0.04477	0.01096	0.02660	0.01259	0.00913	0.01233	0.00779	0.01061	0.00589	0.00439	0.00448	0.00142	0.02433	0.00363	0.00196	0.00564
3	0.01149	0.02812	0.05919	0.06607	0.12751	0.04964	0.05869	0.17441	0.17690	0.01715	0.01278	0.06042	0.02250	0.03426	0.00562	0.00155	0.04180	0.01901	0.02667	0.00622
4	0.03514	0.00987	0.03348	0.03786	0.07226	0.09270	0.09081	0.08704	0.08643	0.08126	0.15502	0.01829	0.03739	0.08603	0.00669	0.00168	0.03226	0.00522	0.02501	0.00556
5	0.01009	0.01038	0.09034	0.05995	0.10082	0.10819	0.02935	0.05977	0.06214	0.04832	0.12203	0.10021	0.10436	0.00698	0.00464	0.00140	0.00442	0.00594	0.06527	0.00540
6	0.00781	0.00687	0.00947	0.00898	0.04677	0.03897	0.08996	0.04665	0.01077	0.01439	0.22636	0.23953	0.12550	0.02528	0.00624	0.00163	0.05886	0.02758	0.00383	0.00455
7	0.01044	0.09675	0.18811	0.05925	0.04154	0.03318	0.09668	0.10973	0.06626	0.01557	0.07394	0.04774	0.02609	0.01368	0.00513	0.00141	0.05003	0.00462	0.01190	0.04794
8	0.03571	0.00491	0.00580	0.00566	0.00656	0.00479	0.00398	0.00918	0.04225	0.05717	0.24886	0.12538	0.06074	0.26546	0.01041	0.00235	0.00311	0.03085	0.07287	0.00398
9	0.01055	0.01128	0.08072	0.04591	0.38442	0.02272	0.12116	0.04208	0.10851	0.01526	0.04311	0.02752	0.03379	0.00501	0.00490	0.00142	0.02769	0.00470	0.00275	0.00649
10	0.03614	0.00793	0.00971	0.00757	0.01069	0.00733	0.00616	0.14528	0.01322	0.40309	0.09564	0.01585	0.02860	0.00559	0.00429	0.00125	0.00361	0.00453	0.05317	0.14034
11	0.00917	0.00897	0.09584	0.03966	0.05255	0.00777	0.02929	0.13842	0.09512	0.02999	0.11705	0.12008	0.20109	0.02808	0.00535	0.00155	0.00383	0.00692	0.00385	0.00540
12	0.01270	0.03478	0.04090	0.05786	0.04442	0.07449	0.18629	0.08471	0.10878	0.15913	0.06675	0.02878	0.03043	0.00548	0.00488	0.00142	0.02446	0.00490	0.02261	0.00622
13	0.06108	0.17454	0.01362	0.00953	0.05562	0.07312	0.00747	0.17359	0.12685	0.07605	0.04544	0.01162	0.00939	0.00490	0.00409	0.00120	0.01859	0.00370	0.00340	0.12619
14	0.82654	0.00870	0.00677	0.00606	0.00882	0.01010	0.00497	0.01374	0.05191	0.01999	0.00689	0.00779	0.00533	0.00426	0.00287	0.00139	0.00346	0.00257	0.00287	0.00497
15	0.02054	0.00938	0.05562	0.05686	0.09828	0.00926	0.02432	0.12700	0.23803	0.06169	0.10160	0.03076	0.06239	0.03825	0.00541	0.00158	0.00415	0.04485	0.00391	0.00613
16	0.02867	0.00773	0.00963	0.00767	0.01074	0.00719	0.00622	0.06242	0.10971	0.49822	0.05902	0.01719	0.05746	0.00592	0.00444	0.00135	0.00357	0.00484	0.03306	0.06498
17	0.01083	0.17720	0.05190	0.01289	0.01586	0.06105	0.28064	0.03227	0.03557	0.01284	0.00989	0.01203	0.05118	0.00538	0.00695	0.00148	0.20975	0.00434	0.00234	0.00562
