[name]
unknown

[dist]
# distance from previous block
# <min> <max>
9	101

[block]
# block no. 0 follows, 58 sequences, length 6
# corresponding to MSA columns:
# 110-115
name=unknown_A
#
# <colnr> <probs for GDERKNQSTAVLIFYWHMCP>
#	G	D	E	R	K	N	Q	S	T	A	V	L	I	F	Y	W	H	M	C	P
0	0.01271	0.11488	0.12912	0.01025	0.01310	0.23834	0.00919	0.13047	0.02952	0.03430	0.03712	0.01108	0.00824	0.00838	0.09634	0.00198	0.10289	0.00366	0.00271	0.00572
1	0.06133	0.26450	0.13281	0.00876	0.01194	0.15913	0.00820	0.01377	0.03830	0.04546	0.02708	0.01165	0.00836	0.06150	0.10169	0.00208	0.00620	0.00348	0.00247	0.03128
2	0.06045	0.42102	0.22315	0.01168	0.10300	0.05662	0.04152	0.01388	0.00946	0.01262	0.00707	0.00843	0.00586	0.00401	0.00354	0.00117	0.00551	0.00294	0.00202	0.00604
3	0.11065	0.16581	0.51880	0.01082	0.01619	0.04785	0.01289	0.01436	0.00944	0.04395	0.00781	0.00895	0.00579	0.00423	0.00383	0.00132	0.00588	0.00307	0.00215	0.00623
4	0.00974	0.15799	0.51793	0.01303	0.10951	0.01123	0.01367	0.01372	0.00946	0.01365	0.00776	0.00924	0.00593	0.00406	0.00395	0.00126	0.00585	0.00317	0.00200	0.08685
5	0.01129	0.00824	0.00967	0.00720	0.01079	0.00698	0.00579	0.12304	0.01163	0.10590	0.08426	0.01239	0.01057	0.00439	0.00379	0.00091	0.00348	0.00355	0.00344	0.57269

[dist]
# distance from previous block
# <min> <max>
0	2

[block]
# block no. 1 follows, 58 sequences, length 10
# corresponding to MSA columns:
# 118-127
name=unknown_B
#
# <colnr> <probs for GDERKNQSTAVLIFYWHMCP>
#	G	D	E	R	K	N	Q	S	T	A	V	L	I	F	Y	W	H	M	C	P
0	0.01472	0.19208	0.01441	0.01013	0.01278	0.50194	0.00806	0.05977	0.07519	0.01280	0.05161	0.01008	0.00846	0.00485	0.00392	0.00116	0.00652	0.00330	0.00266	0.00553
1	0.00833	0.00481	0.00576	0.00543	0.00594	0.00471	0.00340	0.00865	0.00739	0.11785	0.01445	0.02669	0.01526	0.68196	0.06789	0.00411	0.00472	0.00613	0.00307	0.00345
2	0.01404	0.21692	0.18699	0.01034	0.01446	0.12335	0.01002	0.33787	0.01456	0.01863	0.00856	0.00924	0.00650	0.00466	0.00398	0.00124	0.00567	0.00332	0.00302	0.00662
3	0.01156	0.73465	0.13075	0.00834	0.01254	0.01671	0.00885	0.01350	0.00914	0.01102	0.00646	0.00748	0.00573	0.00388	0.00306	0.00102	0.00503	0.00252	0.00191	0.00586
4	0.00928	0.00791	0.02811	0.00697	0.01035	0.00621	0.00560	0.03797	0.04268	0.03381	0.01125	0.13643	0.01053	0.00520	0.00382	0.00093	0.00336	0.00439	0.00307	0.63211
5	0.00981	0.07187	0.60502	0.01126	0.01713	0.00998	0.01376	0.01410	0.00958	0.05764	0.00842	0.00959	0.00611	0.00415	0.00404	0.00127	0.00585	0.00322	0.00220	0.13500
6	0.50385	0.20504	0.01170	0.00742	0.01034	0.17402	0.00625	0.01414	0.00896	0.01604	0.00636	0.00740	0.00523	0.00417	0.00304	0.00124	0.00468	0.00251	0.00248	0.00512
7	0.00649	0.00440	0.00521	0.00521	0.00532	0.00452	0.00312	0.00672	0.00660	0.00892	0.01379	0.02761	0.01554	0.72770	0.13687	0.00474	0.00542	0.00626	0.00267	0.00289
8	0.00711	0.03998	0.03066	0.00596	0.00740	0.00503	0.00478	0.00923	0.01232	0.04707	0.69449	0.03135	0.07015	0.00874	0.00512	0.00139	0.00242	0.00764	0.00470	0.00446
9	0.01196	0.84548	0.02344	0.00765	0.01148	0.01770	0.00765	0.01339	0.00909	0.01052	0.00622	0.00718	0.00574	0.00383	0.00287	0.00096	0.00478	0.00239	0.00191	0.00574

[dist]
# distance from previous block
# <min> <max>
0	1

[block]
# block no. 2 follows, 58 sequences, length 64
# corresponding to MSA columns:
# 129-192
name=unknown_C
#
# <colnr> <probs for GDERKNQSTAVLIFYWHMCP>
#	G	D	E	R	K	N	Q	S	T	A	V	L	I	F	Y	W	H	M	C	P
0	0.00545	0.00454	0.00476	0.00470	0.00614	0.00385	0.00353	0.00674	0.01058	0.01300	0.16556	0.04154	0.69226	0.01099	0.00529	0.00149	0.00224	0.00923	0.00427	0.00385
1	0.02988	0.02832	0.01171	0.00915	0.01243	0.02395	0.00741	0.36476	0.26725	0.04450	0.01262	0.01234	0.00935	0.00521	0.00424	0.00128	0.00422	0.00407	0.00412	0.14320
2	0.01187	0.75534	0.08539	0.00817	0.01217	0.04241	0.00838	0.01359	0.00923	0.01082	0.00638	0.00738	0.00574	0.00388	0.00301	0.00100	0.00503	0.00248	0.00192	0.00579
3	0.00947	0.06169	0.68058	0.01270	0.01881	0.01091	0.06579	0.03109	0.04159	0.01448	0.00847	0.00982	0.00610	0.00429	0.00427	0.00140	0.00642	0.00347	0.00207	0.00657
4	0.00945	0.15344	0.69346	0.01194	0.01811	0.01155	0.01512	0.01404	0.00939	0.01359	0.00774	0.00908	0.00568	0.00418	0.00403	0.00134	0.00632	0.00316	0.00189	0.00647
5	0.00545	0.00389	0.00519	0.00623	0.00649	0.00363	0.00415	0.00623	0.00856	0.01142	0.02465	0.83987	0.02959	0.01401	0.00571	0.00182	0.00260	0.01272	0.00415	0.00363
6	0.00550	0.00393	0.00523	0.00620	0.00650	0.00366	0.00416	0.00634	0.00878	0.01176	0.06584	0.79772	0.03025	0.01376	0.00569	0.00180	0.00257	0.01247	0.00419	0.00366
7	0.56299	0.00915	0.04247	0.00688	0.01000	0.00927	0.00592	0.05736	0.00970	0.19369	0.02584	0.00988	0.00721	0.00460	0.00337	0.00136	0.00372	0.00312	0.00347	0.03002
8	0.01207	0.79661	0.04017	0.00791	0.01174	0.04807	0.00788	0.01358	0.00923	0.01062	0.00628	0.00726	0.00574	0.00387	0.00294	0.00097	0.00495	0.00243	0.00193	0.00574
9	0.00593	0.00467	0.00571	0.00655	0.04349	0.00425	0.00448	0.00707	0.00952	0.01208	0.05703	0.28404	0.37222	0.07102	0.00672	0.00185	0.00285	0.09268	0.00398	0.00386
10	0.00552	0.00398	0.00525	0.00623	0.00659	0.00371	0.00425	0.00637	0.00872	0.01154	0.02563	0.76597	0.06792	0.01381	0.00571	0.00181	0.00265	0.04653	0.00415	0.00366
11	0.02614	0.01161	0.10776	0.07444	0.30513	0.00985	0.08711	0.04271	0.01141	0.18812	0.01159	0.01360	0.00878	0.00508	0.00479	0.00151	0.00545	0.01566	0.02161	0.04768
12	0.01058	0.04806	0.11232	0.01801	0.12193	0.02492	0.51422	0.01466	0.05247	0.01433	0.00937	0.02124	0.00727	0.00411	0.00490	0.00145	0.00678	0.00481	0.00234	0.00623
13	0.01020	0.00973	0.01646	0.22931	0.58734	0.01020	0.01302	0.01288	0.00987	0.01372	0.00967	0.01247	0.03671	0.00438	0.00447	0.00138	0.00536	0.00419	0.00223	0.00643
14	0.00928	0.00795	0.00928	0.00663	0.01060	0.00596	0.00530	0.01126	0.00928	0.01458	0.00795	0.00928	0.00663	0.00331	0.00331	0.00066	0.00331	0.00265	0.00265	0.87014
15	0.01264	0.01116	0.05885	0.05692	0.20687	0.04084	0.03469	0.32252	0.01425	0.01966	0.01107	0.06618	0.00911	0.00540	0.00438	0.00134	0.00487	0.00456	0.10821	0.00647
16	0.00945	0.02122	0.72385	0.01206	0.01824	0.00984	0.01523	0.01426	0.00971	0.05404	0.03391	0.01048	0.00712	0.00443	0.00426	0.00139	0.00621	0.00349	0.00219	0.03862
17	0.01261	0.00948	0.01030	0.00884	0.01155	0.01053	0.00699	0.15860	0.51942	0.10166	0.04763	0.01740	0.05224	0.00626	0.00460	0.00147	0.00370	0.00514	0.00463	0.00696
18	0.02790	0.77766	0.04320	0.00781	0.01164	0.01712	0.00781	0.01379	0.03867	0.01110	0.00671	0.00759	0.00602	0.00393	0.00297	0.00100	0.00476	0.00251	0.00203	0.00580
19	0.85933	0.00872	0.00669	0.00596	0.00874	0.01010	0.00491	0.02697	0.00785	0.02021	0.00631	0.00733	0.00489	0.00417	0.00280	0.00138	0.00349	0.00245	0.00280	0.00489
20	0.00636	0.00459	0.00607	0.00585	0.00687	0.00438	0.00443	0.00819	0.01151	0.01610	0.60499	0.03220	0.08914	0.01249	0.10084	0.03433	0.00341	0.03974	0.00443	0.00408
21	0.00952	0.17368	0.67387	0.01182	0.01792	0.01173	0.01490	0.01403	0.00938	0.01350	0.00770	0.00903	0.00568	0.00417	0.00400	0.00133	0.00628	0.00314	0.00189	0.00645
22	0.01629	0.01358	0.01238	0.01002	0.01311	0.19316	0.00804	0.49792	0.05939	0.06512	0.01087	0.01104	0.00792	0.00524	0.00430	0.00129	0.00532	0.00386	0.05428	0.00684
23	0.00617	0.00455	0.00577	0.00554	0.00662	0.00415	0.00415	0.00809	0.01213	0.01683	0.66674	0.06716	0.14535	0.00968	0.00531	0.00145	0.00218	0.01923	0.00478	0.00414
24	0.00554	0.00454	0.00488	0.00479	0.00619	0.00388	0.00359	0.00690	0.01078	0.01348	0.22787	0.04076	0.62965	0.01081	0.00528	0.00149	0.00223	0.00912	0.00434	0.00388
25	0.00661	0.00465	0.00597	0.00559	0.00675	0.00424	0.00421	0.00862	0.01244	0.03935	0.71953	0.03381	0.11288	0.00925	0.00526	0.00142	0.00217	0.00812	0.00487	0.00427
26	0.00621	0.00457	0.00581	0.00550	0.00661	0.00417	0.00412	0.00820	0.01237	0.01724	0.72168	0.03456	0.13349	0.00940	0.00528	0.00142	0.00213	0.00825	0.00483	0.00417
27	0.01196	0.84548	0.02344	0.00765	0.01148	0.01770	0.00765	0.01339	0.00909	0.01052	0.00622	0.00718	0.00574	0.00383	0.00287	0.00096	0.00478	0.00239	0.00191	0.00574
28	0.55765	0.01274	0.04241	0.02167	0.04447	0.22976	0.00684	0.01446	0.00918	0.01700	0.00661	0.00780	0.00524	0.00428	0.00327	0.00132	0.00495	0.00267	0.00257	0.00510
29	0.04297	0.00491	0.00564	0.00535	0.00673	0.00454	0.00405	0.00892	0.02804	0.04780	0.39809	0.05530	0.28913	0.00929	0.00498	0.00143	0.00233	0.00793	0.06829	0.00428
30	0.00928	0.00795	0.00928	0.00663	0.01060	0.00596	0.00530	0.01126	0.00928	0.01458	0.00795	0.00928	0.00663	0.00331	0.00331	0.00066	0.00331	0.00265	0.00265	0.87014
31	0.01004	0.01046	0.02060	0.08748	0.18610	0.01018	0.44873	0.03081	0.01075	0.01468	0.08098	0.01497	0.04303	0.00469	0.00502	0.00146	0.00619	0.00529	0.00259	0.00595
32	0.00630	0.00457	0.00593	0.00559	0.00666	0.00421	0.00419	0.00838	0.01258	0.01775	0.78805	0.03372	0.06680	0.00921	0.00528	0.00141	0.00212	0.00813	0.00490	0.00421
33	0.30178	0.04456	0.46765	0.01011	0.01506	0.03625	0.01174	0.01422	0.03435	0.01609	0.00765	0.00882	0.00565	0.00427	0.00371	0.00139	0.00543	0.00302	0.00228	0.00596
34	0.01015	0.00807	0.00971	0.00756	0.04053	0.00632	0.00575	0.01244	0.03201	0.07076	0.00893	0.00997	0.00715	0.00357	0.00347	0.00076	0.00343	0.00290	0.00289	0.75363
35	0.01200	0.15472	0.34970	0.01222	0.09167	0.04760	0.02422	0.09384	0.01123	0.10252	0.02943	0.01056	0.00757	0.00451	0.00409	0.00129	0.00558	0.00354	0.00270	0.03101
36	0.00875	0.00826	0.01396	0.73915	0.12133	0.01002	0.01257	0.01169	0.00909	0.01180	0.00800	0.01183	0.00609	0.00442	0.00447	0.00147	0.00589	0.00398	0.00201	0.00521
37	0.00603	0.00460	0.00648	0.00666	0.00727	0.00432	0.05460	0.00691	0.00846	0.01115	0.02330	0.52606	0.09540	0.18415	0.00918	0.00230	0.00328	0.03250	0.00373	0.00362
38	0.00958	0.09258	0.65333	0.01178	0.01776	0.04464	0.01455	0.01402	0.00954	0.01375	0.00782	0.00918	0.00575	0.00415	0.00405	0.00131	0.00625	0.00316	0.00197	0.07485
39	0.01097	0.01052	0.01797	0.05959	0.78357	0.01060	0.01368	0.01364	0.01014	0.01449	0.00840	0.01111	0.00704	0.00401	0.00443	0.00134	0.00534	0.00399	0.00221	0.00700
40	0.00554	0.00393	0.00517	0.00612	0.00636	0.00369	0.00403	0.00625	0.00840	0.01119	0.02379	0.77369	0.02850	0.08168	0.00710	0.00202	0.00274	0.01221	0.00403	0.00356
41	0.01113	0.01247	0.05443	0.04699	0.31443	0.06641	0.37827	0.02575	0.01892	0.01435	0.00871	0.01134	0.00684	0.00400	0.00479	0.00141	0.00659	0.00450	0.00228	0.00639
42	0.09137	0.01195	0.01143	0.00945	0.01234	0.11749	0.00759	0.43803	0.09231	0.04513	0.03725	0.05693	0.01067	0.00605	0.00442	0.00139	0.00480	0.03077	0.00406	0.00656
43	0.00627	0.00455	0.00589	0.00559	0.00663	0.00419	0.00417	0.00828	0.01238	0.01742	0.75142	0.05643	0.07049	0.01990	0.00551	0.00146	0.00216	0.00825	0.00485	0.00417
44	0.00544	0.00450	0.00478	0.00479	0.00616	0.00383	0.00356	0.00669	0.01044	0.01287	0.15251	0.09089	0.65570	0.01119	0.00531	0.00151	0.00226	0.00945	0.00426	0.00383
45	0.01420	0.01678	0.12734	0.01193	0.04737	0.34424	0.02514	0.15311	0.07168	0.04155	0.00920	0.02267	0.00728	0.00523	0.00524	0.00136	0.08304	0.00369	0.00289	0.00607
46	0.01127	0.01066	0.01787	0.04232	0.76629	0.01075	0.01349	0.04648	0.01061	0.01512	0.00850	0.01107	0.00709	0.00405	0.00443	0.00133	0.00531	0.00399	0.00230	0.00707
47	0.00574	0.00444	0.00518	0.00540	0.00637	0.00401	0.00385	0.00716	0.02658	0.01308	0.19972	0.28520	0.35033	0.05443	0.00630	0.00173	0.00247	0.00992	0.00425	0.00384
48	0.00634	0.00430	0.00507	0.00523	0.00531	0.00431	0.00311	0.00655	0.00686	0.00919	0.01556	0.15110	0.01796	0.66747	0.06978	0.00413	0.00455	0.00734	0.00291	0.00293
49	0.28531	0.01061	0.02813	0.00941	0.05309	0.02623	0.00737	0.32895	0.02726	0.11614	0.01833	0.01096	0.00771	0.02868	0.00467	0.00146	0.02188	0.00367	0.00375	0.00641
50	0.01173	0.01204	0.05013	0.02173	0.52890	0.08771	0.03707	0.03692	0.05889	0.03024	0.00894	0.01105	0.00730	0.00448	0.00507	0.00136	0.05959	0.00394	0.00247	0.02041
51	0.00790	0.00485	0.00571	0.00536	0.00604	0.00477	0.00353	0.00868	0.00806	0.06860	0.08367	0.02515	0.01666	0.50739	0.04337	0.00328	0.02144	0.00588	0.12997	0.03968
52	0.87439	0.00865	0.00657	0.00588	0.00865	0.01003	0.00484	0.01315	0.00761	0.02007	0.00623	0.00727	0.00484	0.00415	0.00277	0.00138	0.00346	0.00242	0.00277	0.00484
53	0.01125	0.05787	0.20377	0.01240	0.09883	0.09798	0.04317	0.03766	0.32124	0.01588	0.02361	0.01266	0.00960	0.00500	0.00433	0.00137	0.00518	0.00412	0.00315	0.03093
54	0.00534	0.00453	0.00460	0.00458	0.00607	0.00380	0.00344	0.00652	0.01031	0.01236	0.08187	0.04259	0.77635	0.01122	0.00529	0.00151	0.00226	0.00938	0.00419	0.00380
55	0.00675	0.00487	0.00613	0.00577	0.00697	0.00456	0.00434	0.00925	0.05264	0.03474	0.65833	0.05854	0.11158	0.00927	0.00524	0.00143	0.00225	0.00813	0.00482	0.00438
56	0.01663	0.02045	0.01275	0.01143	0.01380	0.74812	0.00865	0.08005	0.01325	0.01232	0.00720	0.00831	0.00591	0.00472	0.00423	0.00118	0.02017	0.00299	0.00247	0.00537
57	0.00991	0.07135	0.26411	0.04544	0.10014	0.00957	0.11941	0.03924	0.03271	0.05890	0.16101	0.01614	0.04162	0.00546	0.00458	0.00139	0.00516	0.00486	0.00299	0.00601
58	0.00746	0.00587	0.00805	0.00753	0.00814	0.00701	0.00580	0.02888	0.00810	0.01175	0.11046	0.01941	0.01456	0.14378	0.37429	0.02320	0.17610	0.00522	0.03031	0.00407
59	0.00651	0.00497	0.00737	0.00731	0.00805	0.00585	0.00568	0.00804	0.00719	0.01039	0.01201	0.03263	0.01141	0.04787	0.76204	0.00683	0.04451	0.00494	0.00242	0.00400
60	0.00928	0.00795	0.00928	0.00663	0.01060	0.00596	0.00530	0.01126	0.00928	0.01458	0.00795	0.00928	0.00663	0.00331	0.00331	0.00066	0.00331	0.00265	0.00265	0.87014
61	0.00906	0.00809	0.01277	0.01614	0.34739	0.00810	0.05762	0.01255	0.10057	0.01558	0.22836	0.10444	0.02021	0.00691	0.00491	0.00146	0.00407	0.03249	0.00347	0.00579
62	0.04968	0.31964	0.03219	0.00975	0.01284	0.29944	0.02979	0.06430	0.10212	0.01327	0.00822	0.00903	0.00676	0.00455	0.00389	0.00117	0.02193	0.00310	0.00255	0.00578
63	0.01014	0.14484	0.60029	0.01138	0.01722	0.01117	0.01395	0.03454	0.00983	0.04983	0.00825	0.00939	0.00602	0.00422	0.00401	0.00130	0.00599	0.00321	0.00216	0.05225

[dist]
# distance from previous block
# <min> <max>
1	2

[block]
# block no. 3 follows, 58 sequences, length 21
# corresponding to MSA columns:
# 205-225
name=unknown_D
#
# <colnr> <probs for GDERKNQSTAVLIFYWHMCP>
#	G	D	E	R	K	N	Q	S	T	A	V	L	I	F	Y	W	H	M	C	P
0	0.72115	0.05572	0.05440	0.00742	0.04394	0.02939	0.00613	0.01335	0.00803	0.01877	0.00644	0.00757	0.00506	0.00414	0.00296	0.00135	0.00390	0.00255	0.00264	0.00510
1	0.00992	0.01015	0.04588	0.02460	0.16277	0.11981	0.03457	0.04091	0.05801	0.01365	0.09518	0.02945	0.04721	0.08498	0.08175	0.00226	0.07444	0.05624	0.00298	0.00523
2	0.01163	0.01067	0.01035	0.00932	0.01183	0.08505	0.00722	0.02323	0.73466	0.01801	0.01718	0.01591	0.01294	0.00594	0.00450	0.00148	0.00395	0.00486	0.00435	0.00691
3	0.01060	0.01003	0.01655	0.04671	0.68264	0.01015	0.01255	0.01380	0.06288	0.01459	0.01079	0.04775	0.03141	0.00477	0.00452	0.00137	0.00501	0.00458	0.00250	0.00679
4	0.79572	0.00859	0.00720	0.08094	0.01066	0.01003	0.00553	0.01299	0.00773	0.01928	0.00639	0.00769	0.00495	0.00418	0.00292	0.00139	0.00369	0.00256	0.00270	0.00486
5	0.00640	0.00477	0.00705	0.00705	0.00780	0.00552	0.00542	0.00790	0.00715	0.01028	0.01211	0.01828	0.01149	0.08264	0.77639	0.00702	0.01152	0.00490	0.00242	0.00392
6	0.01007	0.00541	0.00643	0.00568	0.00751	0.00474	0.00431	0.01136	0.01066	0.25302	0.09505	0.03106	0.37280	0.11796	0.00725	0.00181	0.00298	0.00725	0.03981	0.00484
7	0.00651	0.00434	0.00488	0.00488	0.00488	0.00434	0.00271	0.00651	0.00651	0.00867	0.01409	0.02927	0.01626	0.84279	0.02277	0.00434	0.00434	0.00651	0.00271	0.00271
8	0.00610	0.00433	0.00530	0.00590	0.00662	0.00406	0.00431	0.00726	0.00920	0.01229	0.04548	0.36372	0.19360	0.08758	0.00701	0.00194	0.00289	0.14620	0.08248	0.00373
9	0.00897	0.02314	0.81962	0.01275	0.01936	0.01039	0.01653	0.01417	0.00944	0.01417	0.00803	0.00944	0.00567	0.00425	0.00425	0.00142	0.00661	0.00331	0.00189	0.00661
10	0.00641	0.00470	0.00671	0.00671	0.00734	0.00533	0.00499	0.00768	0.00705	0.01003	0.01242	0.02000	0.01224	0.20162	0.65844	0.00660	0.01039	0.00515	0.00246	0.00373
11	0.01488	0.02795	0.03286	0.04659	0.23973	0.16814	0.01019	0.31555	0.01490	0.07192	0.00956	0.01057	0.00720	0.00476	0.00435	0.00131	0.00564	0.00378	0.00329	0.00684
12	0.01569	0.06250	0.01378	0.02678	0.03224	0.53063	0.02499	0.15962	0.03619	0.01444	0.00795	0.00904	0.00638	0.00483	0.00450	0.00123	0.03749	0.00326	0.00272	0.00576
13	0.03626	0.00841	0.01068	0.00817	0.02692	0.00723	0.03994	0.03761	0.01004	0.13552	0.00937	0.01034	0.00724	0.00405	0.00433	0.00094	0.05612	0.00318	0.00308	0.58057
14	0.02585	0.01170	0.18833	0.02871	0.04008	0.00882	0.19177	0.06985	0.05414	0.09457	0.08426	0.13351	0.03530	0.00646	0.00486	0.00149	0.00506	0.00598	0.00335	0.00591
15	0.05016	0.01315	0.01404	0.01153	0.01411	0.22256	0.13272	0.23109	0.01335	0.01689	0.01096	0.01505	0.02922	0.00650	0.01925	0.00157	0.10397	0.08498	0.00311	0.00577
16	0.02007	0.00761	0.01038	0.00796	0.01142	0.00657	0.00657	0.02180	0.01280	0.81799	0.01765	0.01523	0.01107	0.00554	0.00450	0.00138	0.00381	0.00450	0.00554	0.00761
17	0.00960	0.01109	0.25746	0.00919	0.01233	0.00687	0.04063	0.02769	0.01014	0.15011	0.01861	0.27487	0.06472	0.00868	0.00503	0.00160	0.00440	0.07790	0.00362	0.00545
18	0.01190	0.10575	0.38747	0.01172	0.01662	0.07090	0.09918	0.01645	0.08866	0.13356	0.01030	0.01096	0.00740	0.00455	0.00427	0.00136	0.00591	0.00374	0.00277	0.00654
19	0.01949	0.00749	0.01015	0.00783	0.01121	0.00647	0.00645	0.02120	0.01270	0.78659	0.01873	0.01631	0.04231	0.00576	0.00453	0.00139	0.00375	0.00469	0.00548	0.00746
20	0.00786	0.00538	0.00737	0.00774	0.08047	0.00497	0.00523	0.00993	0.01230	0.08504	0.62439	0.03044	0.08436	0.00851	0.00513	0.00140	0.00255	0.00750	0.00468	0.00474

[dist]
# distance from previous block
# <min> <max>
0	1

[block]
# block no. 4 follows, 58 sequences, length 28
# corresponding to MSA columns:
# 227-254
name=unknown_E
#
# <colnr> <probs for GDERKNQSTAVLIFYWHMCP>
#	G	D	E	R	K	N	Q	S	T	A	V	L	I	F	Y	W	H	M	C	P
0	0.01215	0.00902	0.03126	0.01071	0.08952	0.03297	0.05410	0.20386	0.02754	0.14399	0.07964	0.14300	0.05895	0.00766	0.00495	0.00151	0.00427	0.07484	0.00410	0.00598
1	0.05397	0.00834	0.00867	0.00799	0.00981	0.07960	0.00613	0.04588	0.22456	0.11473	0.06990	0.16199	0.02841	0.04717	0.05597	0.00201	0.02620	0.03916	0.00403	0.00548
2	0.01581	0.04257	0.01313	0.01138	0.01353	0.67212	0.00874	0.05417	0.01232	0.01174	0.00696	0.00836	0.00586	0.00499	0.00522	0.00125	0.10117	0.00304	0.00236	0.00528
3	0.01685	0.01986	0.01250	0.01121	0.01357	0.73491	0.00849	0.01805	0.01256	0.08205	0.00784	0.00874	0.00623	0.00476	0.00431	0.00119	0.02587	0.00305	0.00258	0.00539
4	0.00823	0.00663	0.01014	0.00893	0.00993	0.00783	0.07609	0.00979	0.00772	0.04327	0.01087	0.01605	0.00998	0.08618	0.41383	0.00461	0.20159	0.00471	0.05920	0.00444
5	0.01027	0.00978	0.01649	0.25004	0.56513	0.01025	0.01303	0.01299	0.00980	0.01373	0.00827	0.01124	0.00676	0.00409	0.00440	0.00135	0.00541	0.00393	0.00217	0.04088
6	0.00541	0.00403	0.00505	0.00586	0.00639	0.00366	0.00399	0.00627	0.00892	0.01156	0.02911	0.66822	0.19837	0.01344	0.00562	0.00175	0.00252	0.01201	0.00415	0.00366
7	0.01196	0.84548	0.02344	0.00765	0.01148	0.01770	0.00765	0.01339	0.00909	0.01052	0.00622	0.00718	0.00574	0.00383	0.00287	0.00096	0.00478	0.00239	0.00191	0.00574
8	0.01079	0.01034	0.01765	0.11391	0.73064	0.01055	0.01359	0.01348	0.01005	0.01427	0.00836	0.01116	0.00696	0.00404	0.00443	0.00135	0.00538	0.00398	0.00219	0.00686
9	0.01131	0.01204	0.01931	0.01492	0.03389	0.11882	0.44022	0.07337	0.04937	0.01506	0.04748	0.03726	0.01016	0.00550	0.01511	0.00155	0.03507	0.03536	0.01843	0.00579
10	0.00945	0.00929	0.01306	0.01129	0.01137	0.01290	0.00937	0.01049	0.00688	0.01073	0.00648	0.01056	0.00640	0.01038	0.09497	0.00248	0.75311	0.00400	0.00200	0.00480
11	0.01027	0.00886	0.00929	0.00843	0.01081	0.01005	0.00654	0.02122	0.68965	0.01774	0.02219	0.02057	0.13123	0.00684	0.00466	0.00152	0.00335	0.00570	0.00449	0.00659
12	0.00627	0.00424	0.00495	0.00518	0.00524	0.00418	0.00304	0.00644	0.00697	0.00930	0.01649	0.21280	0.01928	0.65515	0.01891	0.00377	0.00394	0.00791	0.00304	0.00292
13	0.01000	0.00735	0.01162	0.01358	0.23889	0.00709	0.07306	0.02741	0.02204	0.12821	0.01678	0.28876	0.03051	0.08174	0.00660	0.00180	0.00419	0.02140	0.00353	0.00545
14	0.00622	0.00455	0.00584	0.00556	0.00662	0.00416	0.00415	0.00820	0.01232	0.01725	0.72402	0.06174	0.10366	0.00949	0.00529	0.00143	0.00214	0.00836	0.00484	0.00416
15	0.01597	0.01981	0.01193	0.01088	0.01307	0.75253	0.00816	0.01721	0.01239	0.01145	0.00759	0.00883	0.00626	0.00466	0.00395	0.00114	0.00754	0.00299	0.07854	0.00510
16	0.00674	0.00500	0.00636	0.03494	0.00813	0.00487	0.00484	0.07660	0.00987	0.01322	0.04367	0.65570	0.05410	0.01227	0.00544	0.00170	0.00292	0.01101	0.00407	0.03857
17	0.00650	0.00435	0.00493	0.00492	0.00497	0.00433	0.00279	0.00660	0.00681	0.00914	0.05396	0.02948	0.01756	0.80117	0.02189	0.00419	0.00423	0.00658	0.00282	0.00279
18	0.01192	0.00970	0.01035	0.00908	0.01171	0.01105	0.00713	0.10682	0.67017	0.04721	0.04208	0.01652	0.01380	0.00607	0.00456	0.00149	0.00365	0.00502	0.00459	0.00707
19	0.01196	0.84548	0.02344	0.00765	0.01148	0.01770	0.00765	0.01339	0.00909	0.01052	0.00622	0.00718	0.00574	0.00383	0.00287	0.00096	0.00478	0.00239	0.00191	0.00574
20	0.00650	0.00437	0.00506	0.00506	0.00513	0.00444	0.00294	0.00662	0.00656	0.00881	0.01392	0.02833	0.01586	0.77783	0.08718	0.00457	0.00495	0.00637	0.00269	0.00281
21	0.01208	0.01131	0.01882	0.02200	0.47571	0.04049	0.18916	0.07708	0.02578	0.05689	0.00930	0.01146	0.00732	0.00425	0.00477	0.00138	0.01851	0.00428	0.00262	0.00681
22	0.01084	0.01039	0.01774	0.09834	0.74581	0.01057	0.01361	0.01353	0.01008	0.01433	0.00837	0.01115	0.00699	0.00403	0.00443	0.00134	0.00537	0.00398	0.00219	0.00690
23	0.00643	0.00464	0.00640	0.00640	0.00692	0.00516	0.00460	0.00748	0.00695	0.00980	0.01271	0.02158	0.01292	0.31081	0.55018	0.00621	0.00936	0.00538	0.00250	0.00355
24	0.01076	0.05703	0.60744	0.01255	0.04654	0.03569	0.01449	0.10541	0.01102	0.04587	0.00860	0.00973	0.00615	0.00441	0.00422	0.00138	0.00623	0.00341	0.00235	0.00670
25	0.01178	0.25494	0.29726	0.01128	0.03763	0.14486	0.03225	0.03942	0.05002	0.02772	0.00803	0.00921	0.00634	0.00450	0.00440	0.00127	0.04750	0.00321	0.00227	0.00612
26	0.00544	0.00464	0.00469	0.00466	0.00618	0.00394	0.00350	0.00684	0.02734	0.01236	0.06262	0.04226	0.77795	0.01117	0.00527	0.00151	0.00229	0.00932	0.00418	0.00386
27	0.01037	0.00840	0.00972	0.00703	0.01095	0.00677	0.00566	0.09059	0.01056	0.04002	0.00852	0.00960	0.00686	0.00359	0.00346	0.00075	0.00349	0.00284	0.00292	0.75789

[dist]
# distance from previous block
# <min> <max>
0	1

[block]
# block no. 5 follows, 58 sequences, length 33
# corresponding to MSA columns:
# 256-288
name=unknown_F
#
# <colnr> <probs for GDERKNQSTAVLIFYWHMCP>
#	G	D	E	R	K	N	Q	S	T	A	V	L	I	F	Y	W	H	M	C	P
0	0.01100	0.13637	0.35837	0.01642	0.26175	0.05904	0.03345	0.01446	0.00998	0.04693	0.00825	0.00984	0.00637	0.00417	0.00413	0.00131	0.00594	0.00346	0.00218	0.00657
1	0.00777	0.00389	0.00583	0.00583	0.00583	0.00389	0.00389	0.00583	0.00583	0.00777	0.00777	0.01360	0.00777	0.01554	0.01748	0.86985	0.00389	0.00389	0.00194	0.00194
2	0.01004	0.08223	0.56782	0.01220	0.03791	0.01111	0.03397	0.08710	0.05864	0.01540	0.00968	0.02507	0.01980	0.00470	0.00426	0.00139	0.00598	0.00374	0.00238	0.00657
3	0.00983	0.00793	0.00933	0.00669	0.01064	0.00599	0.00537	0.01181	0.00946	0.05607	0.00845	0.00958	0.00686	0.00343	0.00337	0.00070	0.00334	0.00275	0.00280	0.82559
4	0.00928	0.00795	0.00928	0.00663	0.01060	0.00596	0.00530	0.01126	0.00928	0.01458	0.00795	0.00928	0.00663	0.00331	0.00331	0.00066	0.00331	0.00265	0.00265	0.87014
5	0.01153	0.04064	0.17011	0.01448	0.19022	0.01068	0.07630	0.05485	0.26021	0.07845	0.01247	0.02641	0.00950	0.00501	0.00446	0.00141	0.00496	0.00441	0.00328	0.02062
6	0.00999	0.00768	0.00937	0.00697	0.01052	0.00607	0.02027	0.02996	0.01004	0.08195	0.06060	0.05429	0.01046	0.00448	0.00372	0.00086	0.00336	0.00375	0.00315	0.66251
7	0.01065	0.01244	0.07196	0.04542	0.04034	0.01108	0.68929	0.01440	0.01049	0.03471	0.00916	0.01197	0.00681	0.00387	0.00515	0.00150	0.00729	0.00507	0.00231	0.00609
8	0.00949	0.00876	0.04115	0.02844	0.01178	0.00664	0.01972	0.03026	0.02824	0.01489	0.00828	0.00961	0.00676	0.00350	0.00347	0.00076	0.00362	0.00284	0.00268	0.75910
9	0.00655	0.00475	0.00637	0.00631	0.00672	0.00530	0.00444	0.00742	0.00687	0.00963	0.01273	0.02256	0.01328	0.39520	0.43875	0.00574	0.03589	0.00553	0.00252	0.00345
10	0.01083	0.01163	0.08591	0.02191	0.53418	0.02697	0.07259	0.03319	0.04954	0.01508	0.03092	0.01237	0.00848	0.00438	0.00447	0.00134	0.00535	0.01697	0.00249	0.05139
11	0.14840	0.05324	0.13259	0.00763	0.01082	0.00772	0.00717	0.03309	0.01087	0.17428	0.19746	0.01841	0.03914	0.00607	0.00424	0.00132	0.00378	0.03834	0.00376	0.10165
12	0.01175	0.01007	0.01931	0.05675	0.01883	0.00971	0.46161	0.03656	0.04586	0.15117	0.03156	0.04899	0.01031	0.02666	0.00569	0.00159	0.01925	0.02511	0.00316	0.00604
13	0.18825	0.01142	0.01105	0.03713	0.03935	0.14710	0.02651	0.17511	0.08136	0.10805	0.04529	0.01154	0.00898	0.00493	0.00401	0.00129	0.00475	0.00373	0.00353	0.08663
14	0.01295	0.67349	0.02119	0.00846	0.01197	0.18614	0.00786	0.01433	0.00984	0.01061	0.00636	0.00736	0.00575	0.00399	0.00311	0.00100	0.00547	0.00249	0.00200	0.00562
15	0.00548	0.00391	0.00521	0.00621	0.00649	0.00365	0.00415	0.00630	0.00869	0.01162	0.04885	0.81510	0.02997	0.01386	0.00570	0.00180	0.00258	0.01257	0.00418	0.00365
16	0.00896	0.00878	0.01412	0.01172	0.01275	0.01097	0.14917	0.01061	0.00761	0.01129	0.00817	0.01240	0.00754	0.01440	0.24289	0.00336	0.45386	0.00441	0.00214	0.00484
17	0.01050	0.00925	0.00947	0.00861	0.01011	0.14808	0.00670	0.13311	0.04509	0.02577	0.01062	0.01409	0.00926	0.01982	0.40088	0.07805	0.04875	0.00423	0.00278	0.00482
18	0.00693	0.00528	0.00680	0.00666	0.00713	0.02548	0.00480	0.00776	0.00700	0.00969	0.01210	0.02095	0.01244	0.32244	0.43607	0.04149	0.05570	0.00528	0.00246	0.00353
19	0.00557	0.00405	0.00528	0.00622	0.00666	0.00376	0.00432	0.00648	0.00885	0.01163	0.02656	0.70277	0.10421	0.01363	0.00571	0.00181	0.00268	0.07197	0.00415	0.00368
20	0.00796	0.00664	0.00710	0.00745	0.00842	0.07265	0.00545	0.06846	0.08446	0.01353	0.02145	0.54691	0.02408	0.01168	0.00542	0.00173	0.00347	0.09464	0.00406	0.00443
21	0.01019	0.35833	0.49509	0.01067	0.01615	0.01337	0.01291	0.01385	0.00930	0.01268	0.00729	0.00852	0.00570	0.00408	0.00369	0.00123	0.00587	0.00293	0.00190	0.00626
22	0.00981	0.00807	0.01021	0.00738	0.01127	0.00624	0.05027	0.01186	0.00951	0.05536	0.00890	0.02911	0.00740	0.00370	0.00354	0.00077	0.00356	0.00313	0.00281	0.75711
23	0.01196	0.84548	0.02344	0.00765	0.01148	0.01770	0.00765	0.01339	0.00909	0.01052	0.00622	0.00718	0.00574	0.00383	0.00287	0.00096	0.00478	0.00239	0.00191	0.00574
24	0.01925	0.00791	0.01041	0.00806	0.01144	0.00714	0.00663	0.06434	0.05043	0.72102	0.01723	0.01508	0.01101	0.00555	0.00447	0.00138	0.00382	0.00449	0.02282	0.00752
25	0.00666	0.00518	0.00808	0.00762	0.00855	0.00579	0.05380	0.00819	0.00731	0.01042	0.01206	0.01867	0.01154	0.13103	0.67641	0.00649	0.01077	0.00503	0.00243	0.00396
26	0.01196	0.84548	0.02344	0.00765	0.01148	0.01770	0.00765	0.01339	0.00909	0.01052	0.00622	0.00718	0.00574	0.00383	0.00287	0.00096	0.00478	0.00239	0.00191	0.00574
27	0.01056	0.01207	0.02640	0.01885	0.02338	0.01131	0.79864	0.01433	0.01056	0.01433	0.00905	0.01207	0.00679	0.00377	0.00528	0.00151	0.00754	0.00528	0.00226	0.00603
28	0.00646	0.00451	0.00576	0.00576	0.00607	0.00482	0.00381	0.00707	0.00677	0.00933	0.01329	0.02480	0.01432	0.53307	0.32983	0.00543	0.00726	0.00585	0.00259	0.00320
29	0.02224	0.00566	0.00644	0.00584	0.00747	0.00568	0.00455	0.09304	0.01088	0.13476	0.01644	0.07483	0.04563	0.00847	0.06847	0.00170	0.00350	0.01700	0.46241	0.00497
30	0.00644	0.00478	0.00602	0.00567	0.00683	0.00447	0.00427	0.00890	0.04559	0.01745	0.71093	0.03358	0.10979	0.00921	0.00525	0.00142	0.00218	0.00808	0.00484	0.00430
31	0.08284	0.00573	0.00714	0.04058	0.00890	0.00559	0.00515	0.03419	0.01106	0.16199	0.27963	0.18020	0.09765	0.01015	0.04729	0.00179	0.00339	0.00750	0.00437	0.00486
32	0.01212	0.00847	0.00874	0.00795	0.03130	0.09727	0.00601	0.07516	0.09838	0.17681	0.08309	0.04400	0.09809	0.00695	0.01393	0.00142	0.03806	0.00531	0.18135	0.00561

[dist]
# distance from previous block
# <min> <max>
1	5

[block]
# block no. 6 follows, 58 sequences, length 55
# corresponding to MSA columns:
# 626-638,642-683
name=unknown_G
#
# <colnr> <probs for GDERKNQSTAVLIFYWHMCP>
#	G	D	E	R	K	N	Q	S	T	A	V	L	I	F	Y	W	H	M	C	P
0	0.32127	0.03217	0.04566	0.00791	0.01104	0.07756	0.00674	0.15297	0.01982	0.15375	0.01022	0.01139	0.00767	0.00491	0.00371	0.00131	0.00429	0.02862	0.03979	0.05918
1	0.00989	0.00925	0.03074	0.00941	0.01174	0.08434	0.13640	0.13336	0.04182	0.01787	0.38662	0.05839	0.02465	0.00716	0.00498	0.00140	0.00420	0.00642	0.00402	0.01734
2	0.01285	0.01113	0.01494	0.01226	0.05022	0.06866	0.18516	0.20860	0.13504	0.06934	0.01182	0.04934	0.00943	0.02086	0.00560	0.00147	0.05827	0.00476	0.01242	0.05784
3	0.00622	0.00452	0.00586	0.00563	0.00664	0.00416	0.00418	0.00819	0.01225	0.01720	0.72123	0.09566	0.07226	0.00961	0.00531	0.00144	0.00215	0.00850	0.00483	0.00416
4	0.06071	0.01223	0.05585	0.01698	0.02140	0.01126	0.64598	0.06921	0.01113	0.03653	0.00919	0.01168	0.00680	0.00397	0.00502	0.00148	0.00699	0.00493	0.00252	0.00614
5	0.00588	0.00449	0.00501	0.00491	0.00592	0.00404	0.00344	0.00698	0.00992	0.01278	0.24245	0.03697	0.40436	0.22222	0.00973	0.00220	0.00275	0.00833	0.00399	0.00362
6	0.00780	0.00390	0.00574	0.00574	0.00580	0.00390	0.00385	0.00607	0.00601	0.00823	0.00812	0.01376	0.00796	0.01500	0.01674	0.82481	0.00379	0.00390	0.04682	0.00206
7	0.00953	0.01115	0.07066	0.01614	0.04087	0.00998	0.55173	0.01270	0.00995	0.01364	0.01160	0.15900	0.01074	0.00581	0.00570	0.00157	0.04465	0.00638	0.00256	0.00562
8	0.01671	0.02132	0.01268	0.01152	0.01383	0.82483	0.00864	0.01786	0.01268	0.01095	0.00691	0.00807	0.00576	0.00461	0.00403	0.00115	0.00807	0.00288	0.00230	0.00519
9	0.01396	0.01029	0.01114	0.00921	0.01214	0.01143	0.00739	0.33911	0.37186	0.08378	0.03867	0.01465	0.01176	0.00580	0.00448	0.00141	0.00403	0.00465	0.03709	0.00714
10	0.01087	0.00769	0.01174	0.00972	0.01196	0.03953	0.18149	0.04742	0.01094	0.19408	0.05630	0.33072	0.05037	0.00874	0.00518	0.00157	0.00425	0.00809	0.00402	0.00533
11	0.00928	0.00795	0.00928	0.00663	0.01060	0.00596	0.00530	0.01126	0.00928	0.01458	0.00795	0.00928	0.00663	0.00331	0.00331	0.00066	0.00331	0.00265	0.00265	0.87014
12	0.00984	0.17533	0.52939	0.01244	0.01807	0.01192	0.11783	0.01447	0.04500	0.01371	0.00828	0.00969	0.00618	0.00419	0.00414	0.00135	0.00625	0.00347	0.00206	0.00639
13	0.00929	0.00791	0.00923	0.00667	0.01054	0.00602	0.00532	0.02263	0.00943	0.01469	0.00842	0.03079	0.00723	0.00362	0.00339	0.00070	0.00332	0.00293	0.00272	0.83515
14	0.01127	0.01106	0.06830	0.00941	0.01217	0.07062	0.03322	0.10801	0.45193	0.01834	0.10857	0.01748	0.03390	0.01943	0.00490	0.00149	0.00420	0.00514	0.00412	0.00645
15	0.00808	0.03998	0.17713	0.01089	0.13460	0.00702	0.00850	0.02523	0.00979	0.03259	0.06402	0.31305	0.06709	0.00882	0.00491	0.00154	0.00399	0.03837	0.03926	0.00512
16	0.00560	0.00415	0.00520	0.00587	0.00648	0.00380	0.00409	0.00661	0.00929	0.01216	0.10249	0.54660	0.18858	0.03785	0.00612	0.00180	0.00260	0.04281	0.00418	0.00371
17	0.00898	0.01736	0.52665	0.01172	0.01654	0.00935	0.07350	0.01303	0.00967	0.03574	0.06466	0.05724	0.01073	0.00571	0.00517	0.00149	0.05682	0.03915	0.03053	0.00598
18	0.01033	0.18036	0.44089	0.06237	0.05428	0.03020	0.01291	0.04515	0.09594	0.01426	0.00887	0.01003	0.00670	0.00442	0.00404	0.00133	0.00579	0.00341	0.00231	0.00642
19	0.00877	0.00828	0.01399	0.73413	0.12623	0.01002	0.01258	0.01171	0.00910	0.01182	0.00801	0.01182	0.00610	0.00441	0.00447	0.00147	0.00588	0.00398	0.00202	0.00523
20	0.01250	0.13187	0.22257	0.02832	0.01483	0.09286	0.05046	0.10785	0.01153	0.10950	0.02835	0.01057	0.00763	0.00456	0.00428	0.00122	0.02467	0.00351	0.00287	0.13006
21	0.08715	0.01004	0.01325	0.45007	0.09912	0.09559	0.03532	0.05325	0.04164	0.04730	0.00895	0.01187	0.00687	0.00466	0.00433	0.00143	0.00568	0.01543	0.00253	0.00553
22	0.00745	0.00400	0.00559	0.00559	0.00559	0.00400	0.00359	0.00600	0.00600	0.00800	0.00938	0.01758	0.00993	0.22594	0.01883	0.64972	0.00400	0.00455	0.00214	0.00214
23	0.01176	0.00992	0.01047	0.00923	0.01187	0.01142	0.00723	0.10683	0.72272	0.01973	0.01741	0.01605	0.01301	0.00599	0.00454	0.00150	0.00369	0.00495	0.00454	0.00714
24	0.00984	0.22780	0.48751	0.01171	0.01688	0.01238	0.06881	0.01362	0.00928	0.01301	0.00791	0.01017	0.00631	0.00457	0.00473	0.00136	0.06196	0.02398	0.00199	0.00617
25	0.01159	0.00972	0.01129	0.01068	0.06828	0.01091	0.03254	0.08775	0.60467	0.03737	0.01686	0.03757	0.01305	0.00611	0.00462	0.00150	0.00390	0.02030	0.00431	0.00696
26	0.00689	0.00530	0.00729	0.00714	0.00782	0.00616	0.00537	0.00880	0.05633	0.01064	0.01286	0.05228	0.01267	0.18092	0.53715	0.00574	0.06462	0.00539	0.00263	0.00399
27	0.00742	0.00502	0.00622	0.00575	0.00712	0.00463	0.00435	0.00975	0.04744	0.07811	0.56523	0.03286	0.17203	0.02745	0.00557	0.00149	0.00238	0.00788	0.00477	0.00450
28	0.01011	0.00971	0.01692	0.06231	0.55290	0.00966	0.10470	0.01278	0.01036	0.01452	0.07240	0.01595	0.04630	0.00504	0.00470	0.00140	0.00518	0.03611	0.00258	0.00637
29	0.00777	0.00389	0.00583	0.00583	0.00583	0.00389	0.00389	0.00583	0.00583	0.00777	0.00777	0.01360	0.00777	0.01554	0.01748	0.86985	0.00389	0.00389	0.00194	0.00194
30	0.01700	0.01253	0.01342	0.01029	0.01387	0.01387	0.00850	0.79997	0.02103	0.02819	0.01074	0.01074	0.00761	0.00537	0.00447	0.00134	0.00492	0.00403	0.00447	0.00761
31	0.00930	0.00802	0.00957	0.00684	0.01082	0.00606	0.01913	0.01132	0.00930	0.01457	0.00797	0.00932	0.00663	0.00332	0.00335	0.00068	0.00339	0.00270	0.00264	0.85507
32	0.00601	0.00447	0.00619	0.00714	0.02751	0.00425	0.02126	0.02793	0.00898	0.01201	0.02354	0.77914	0.02794	0.01331	0.00563	0.00179	0.00283	0.01211	0.00407	0.00388
33	0.87439	0.00865	0.00657	0.00588	0.00865	0.01003	0.00484	0.01315	0.00761	0.02007	0.00623	0.00727	0.00484	0.00415	0.00277	0.00138	0.00346	0.00242	0.00277	0.00484
34	0.01127	0.00968	0.01020	0.00913	0.01169	0.01120	0.00712	0.04333	0.78701	0.01895	0.01802	0.01654	0.01350	0.00605	0.00455	0.00151	0.00358	0.00503	0.00455	0.00709
35	0.00640	0.00476	0.00702	0.00702	0.00776	0.00550	0.00538	0.00788	0.00714	0.01026	0.01213	0.01842	0.01155	0.09181	0.76730	0.00698	0.01143	0.00492	0.00242	0.00390
36	0.00566	0.00412	0.00517	0.00583	0.00637	0.00380	0.00399	0.00662	0.00911	0.01206	0.10041	0.55371	0.15179	0.07081	0.00676	0.00190	0.00265	0.02820	0.01737	0.00366
37	0.01560	0.00726	0.00940	0.00754	0.01030	0.00671	0.00609	0.09083	0.03551	0.49254	0.24497	0.02006	0.01975	0.00657	0.00472	0.00139	0.00342	0.00550	0.00523	0.00662
38	0.01168	0.00949	0.01013	0.00903	0.01162	0.01085	0.00705	0.02365	0.75792	0.06793	0.01817	0.01660	0.01350	0.00604	0.00455	0.00151	0.00356	0.00502	0.00461	0.00711
39	0.00633	0.00434	0.00494	0.00501	0.00518	0.00428	0.00296	0.00653	0.00698	0.00921	0.01745	0.08369	0.08647	0.68999	0.04541	0.00401	0.00428	0.00712	0.00292	0.00290
40	0.00979	0.00979	0.01370	0.01174	0.01174	0.01370	0.00979	0.01077	0.00685	0.01077	0.00587	0.00979	0.00587	0.00783	0.01468	0.00196	0.83461	0.00391	0.00196	0.00489
41	0.03472	0.01008	0.03397	0.04858	0.62009	0.00992	0.02759	0.01342	0.03036	0.03338	0.00883	0.01152	0.00734	0.00546	0.01860	0.06806	0.00527	0.00400	0.00234	0.00649
42	0.00873	0.00793	0.01380	0.08242	0.11424	0.00748	0.21319	0.01092	0.00954	0.03539	0.01438	0.29969	0.01478	0.00740	0.00493	0.00146	0.00465	0.00717	0.00304	0.13885
43	0.87439	0.00865	0.00657	0.00588	0.00865	0.01003	0.00484	0.01315	0.00761	0.02007	0.00623	0.00727	0.00484	0.00415	0.00277	0.00138	0.00346	0.00242	0.00277	0.00484
44	0.00616	0.00457	0.00574	0.00545	0.00658	0.00415	0.00409	0.00811	0.01226	0.01698	0.68631	0.03500	0.16903	0.00950	0.00528	0.00142	0.00214	0.00831	0.00480	0.00415
45	0.04442	0.00713	0.00947	0.00747	0.01051	0.00627	0.00610	0.01921	0.01254	0.65812	0.12628	0.01835	0.04113	0.00617	0.00458	0.00139	0.00351	0.00508	0.00532	0.00694
46	0.00560	0.00419	0.00518	0.00589	0.00648	0.00388	0.00403	0.00675	0.02805	0.01182	0.04847	0.61258	0.19208	0.03512	0.00604	0.00180	0.00258	0.01157	0.00414	0.00374
47	0.00773	0.00390	0.00580	0.00580	0.00580	0.00390	0.00385	0.00585	0.00585	0.00780	0.00797	0.01409	0.00804	0.04139	0.01765	0.84281	0.00390	0.00397	0.00197	0.00197
48	0.66671	0.00812	0.00709	0.00620	0.00891	0.00903	0.00508	0.01391	0.00854	0.13691	0.02794	0.01045	0.02835	0.00597	0.03973	0.00165	0.00383	0.00315	0.00325	0.00517
49	0.87439	0.00865	0.00657	0.00588	0.00865	0.01003	0.00484	0.01315	0.00761	0.02007	0.00623	0.00727	0.00484	0.00415	0.00277	0.00138	0.00346	0.00242	0.00277	0.00484
50	0.01086	0.00962	0.04652	0.00797	0.01189	0.00799	0.02491	0.17541	0.02866	0.01755	0.02905	0.01042	0.00784	0.00400	0.00372	0.00089	0.00387	0.00321	0.00308	0.59254
51	0.01302	0.06042	0.08881	0.01727	0.25047	0.21028	0.15683	0.12129	0.01221	0.01524	0.00833	0.01012	0.00658	0.00430	0.00439	0.00131	0.00643	0.00381	0.00251	0.00638
52	0.00652	0.00432	0.00498	0.00500	0.00503	0.00434	0.00286	0.00652	0.00655	0.00876	0.01408	0.04765	0.01617	0.77456	0.04377	0.03243	0.00449	0.00652	0.00271	0.00274
53	0.01124	0.01173	0.14141	0.01124	0.03193	0.01016	0.13263	0.14155	0.25453	0.05486	0.06508	0.06857	0.02391	0.01444	0.00491	0.00150	0.00477	0.00536	0.00372	0.00646
54	0.01048	0.01135	0.02173	0.18230	0.17124	0.04364	0.46455	0.01378	0.01025	0.01367	0.00863	0.01169	0.00664	0.00398	0.00491	0.00146	0.00683	0.00468	0.00220	0.00598

[dist]
# distance from previous block
# <min> <max>
0	1

[block]
# block no. 7 follows, 58 sequences, length 25
# corresponding to MSA columns:
# 685-709
name=unknown_H
#
# <colnr> <probs for GDERKNQSTAVLIFYWHMCP>
#	G	D	E	R	K	N	Q	S	T	A	V	L	I	F	Y	W	H	M	C	P
0	0.01216	0.01019	0.01353	0.03128	0.11683	0.14020	0.14734	0.01429	0.01110	0.16545	0.06777	0.08391	0.01449	0.00685	0.00519	0.00152	0.02456	0.12417	0.00348	0.00568
1	0.01005	0.00959	0.01632	0.33943	0.51087	0.01036	0.01322	0.01284	0.00970	0.01338	0.00823	0.01140	0.00665	0.00417	0.00445	0.00139	0.00557	0.00398	0.00213	0.00626
2	0.00646	0.00433	0.00495	0.00499	0.00502	0.00434	0.00284	0.00653	0.00661	0.00883	0.01450	0.06406	0.01672	0.78733	0.04146	0.00430	0.00445	0.00673	0.00277	0.00278
3	0.06216	0.00923	0.01042	0.00829	0.01126	0.00947	0.00664	0.28740	0.08802	0.16829	0.03109	0.02951	0.01039	0.06733	0.02046	0.00160	0.02073	0.00435	0.00407	0.14929
4	0.01003	0.01049	0.01763	0.01395	0.01535	0.01296	0.25416	0.01187	0.00800	0.01187	0.00686	0.01049	0.00616	0.00657	0.01177	0.00182	0.57840	0.00434	0.00205	0.00525
5	0.02235	0.00858	0.01163	0.18184	0.11000	0.02554	0.02992	0.08318	0.03763	0.07407	0.05134	0.04833	0.02647	0.01883	0.02295	0.00141	0.00461	0.00444	0.00309	0.23380
6	0.46745	0.06075	0.09981	0.00816	0.01130	0.15992	0.00727	0.07786	0.00996	0.01751	0.00764	0.04054	0.00635	0.00471	0.00343	0.00133	0.00482	0.00314	0.00273	0.00533
7	0.00957	0.00618	0.00755	0.00673	0.00852	0.00611	0.00520	0.01392	0.18837	0.14676	0.48184	0.02712	0.05785	0.00796	0.00499	0.00143	0.00271	0.00689	0.00491	0.00538
8	0.01035	0.06106	0.21642	0.09025	0.02159	0.01142	0.43055	0.04747	0.03946	0.01456	0.00895	0.01125	0.00667	0.00411	0.00476	0.00145	0.00676	0.00446	0.00230	0.00616
9	0.00727	0.00568	0.05111	0.00575	0.00644	0.00524	0.00425	0.00823	0.00747	0.01121	0.01334	0.03743	0.01363	0.45468	0.07804	0.01720	0.05144	0.00555	0.21253	0.00351
10	0.00565	0.00451	0.00506	0.00500	0.00629	0.00392	0.00372	0.00710	0.01095	0.01405	0.30692	0.08445	0.50510	0.01073	0.00531	0.00149	0.00223	0.00916	0.00442	0.00392
11	0.01184	0.53574	0.22051	0.00930	0.01374	0.04377	0.00998	0.08554	0.01039	0.01306	0.00711	0.00810	0.00589	0.00410	0.00340	0.00111	0.00537	0.00279	0.00215	0.00611
12	0.00647	0.00436	0.00496	0.00496	0.00503	0.00437	0.00284	0.00656	0.00663	0.00883	0.01482	0.02918	0.03652	0.79073	0.05278	0.00437	0.00457	0.00652	0.00274	0.00279
13	0.01700	0.01253	0.01342	0.01029	0.01387	0.01387	0.00850	0.79997	0.02103	0.02819	0.01074	0.01074	0.00761	0.00537	0.00447	0.00134	0.00492	0.00403	0.00447	0.00761
14	0.00928	0.00795	0.00928	0.00663	0.01060	0.00596	0.00530	0.01126	0.00928	0.01458	0.00795	0.00928	0.00663	0.00331	0.00331	0.00066	0.00331	0.00265	0.00265	0.87014
15	0.05577	0.00561	0.00619	0.03795	0.07042	0.02114	0.00468	0.03262	0.00970	0.01658	0.01338	0.03437	0.01076	0.00523	0.00338	0.00113	0.00276	0.00422	0.65954	0.00457
