[name]
unknown

[dist]
# distance from previous block
# <min> <max>
6	75

[block]
# block no. 0 follows, 59 sequences, length 14
# corresponding to MSA columns:
# 140-153
name=unknown_A
#
# <colnr> <probs for GDERKNQSTAVLIFYWHMCP>
#	G	D	E	R	K	N	Q	S	T	A	V	L	I	F	Y	W	H	M	C	P
0	0.00834	0.00785	0.01325	0.83417	0.03042	0.00981	0.01227	0.01128	0.00883	0.01128	0.00785	0.01178	0.00589	0.00442	0.00442	0.00147	0.00589	0.00393	0.00196	0.00491
1	0.04013	0.43691	0.14898	0.00862	0.01269	0.08362	0.00865	0.05389	0.00992	0.01286	0.00699	0.00804	0.00586	0.00392	0.00330	0.00102	0.00503	0.00267	0.00219	0.14469
2	0.00941	0.00932	0.01347	0.16768	0.01517	0.01282	0.01016	0.01075	0.00716	0.01075	0.00619	0.01006	0.00581	0.00710	0.01258	0.00185	0.67905	0.00388	0.00194	0.00485
3	0.01034	0.31790	0.44791	0.01015	0.01523	0.01233	0.01199	0.01379	0.00954	0.05437	0.05197	0.01011	0.00787	0.00438	0.00377	0.00123	0.00549	0.00326	0.00222	0.00614
4	0.73514	0.00886	0.00835	0.00928	0.14021	0.01000	0.00621	0.01308	0.00793	0.01894	0.00650	0.00779	0.00514	0.00407	0.00300	0.00136	0.00371	0.00264	0.00264	0.00514
5	0.00672	0.00768	0.13976	0.00799	0.00971	0.00629	0.00728	0.00888	0.00746	0.01086	0.01119	0.01604	0.01015	0.02841	0.69327	0.00617	0.01097	0.00449	0.00228	0.00436
6	0.03089	0.01825	0.00818	0.14105	0.01147	0.00647	0.00604	0.07709	0.03416	0.04463	0.48188	0.05504	0.05189	0.00779	0.00488	0.00141	0.00313	0.00676	0.00421	0.00477
7	0.65214	0.01124	0.13990	0.00733	0.01076	0.01033	0.00701	0.08910	0.00909	0.01964	0.00687	0.00785	0.00518	0.00423	0.00313	0.00137	0.00406	0.00269	0.00275	0.00533
8	0.01048	0.00983	0.01637	0.25538	0.55500	0.01046	0.01294	0.05109	0.01023	0.01419	0.00829	0.01115	0.00671	0.00414	0.00439	0.00136	0.00541	0.00393	0.00223	0.00643
9	0.05159	0.10668	0.55317	0.01203	0.05557	0.03371	0.01357	0.05490	0.01009	0.05749	0.00829	0.00940	0.00602	0.00427	0.00401	0.00133	0.00594	0.00325	0.00226	0.00644
10	0.01226	0.35521	0.27843	0.01004	0.01440	0.16870	0.01058	0.05202	0.01045	0.04018	0.00745	0.00842	0.00592	0.00419	0.00362	0.00116	0.00590	0.00289	0.00220	0.00599
11	0.00988	0.00962	0.01177	0.01037	0.01116	0.06353	0.00842	0.01337	0.17588	0.01223	0.00931	0.01212	0.00818	0.01091	0.13179	0.00255	0.48700	0.00417	0.00256	0.00517
12	0.02839	0.03108	0.08973	0.01374	0.16597	0.29791	0.03830	0.04811	0.12257	0.01397	0.01136	0.01316	0.04806	0.00524	0.00459	0.00133	0.02904	0.02881	0.00275	0.00589
13	0.00957	0.03142	0.07437	0.16169	0.37478	0.00907	0.02453	0.01249	0.02648	0.01429	0.05213	0.01390	0.00972	0.00472	0.00422	0.00132	0.00473	0.02119	0.14352	0.00586

[dist]
# distance from previous block
# <min> <max>
0	2

[block]
# block no. 1 follows, 59 sequences, length 9
# corresponding to MSA columns:
# 156-164
name=unknown_B
#
# <colnr> <probs for GDERKNQSTAVLIFYWHMCP>
#	G	D	E	R	K	N	Q	S	T	A	V	L	I	F	Y	W	H	M	C	P
0	0.00564	0.00415	0.00517	0.00573	0.00634	0.00382	0.00399	0.00664	0.00921	0.01213	0.13423	0.47636	0.17759	0.08290	0.00695	0.00190	0.00265	0.04686	0.00408	0.00364
1	0.01053	0.04053	0.49238	0.01280	0.03804	0.07803	0.10702	0.08202	0.03725	0.01509	0.00873	0.01012	0.00641	0.00434	0.00426	0.00136	0.00626	0.00360	0.03490	0.00634
2	0.04565	0.06353	0.01065	0.00843	0.01103	0.05214	0.00678	0.14227	0.26183	0.17694	0.01640	0.10044	0.02963	0.00673	0.00449	0.00144	0.00398	0.04705	0.00425	0.00634
3	0.02899	0.00759	0.00871	0.00734	0.00981	0.05260	0.00577	0.07222	0.03265	0.37003	0.07759	0.14400	0.10849	0.00748	0.00466	0.00140	0.00356	0.00627	0.00459	0.04625
4	0.11459	0.04411	0.00778	0.00677	0.00853	0.06198	0.00524	0.03683	0.09919	0.06576	0.10038	0.17959	0.16447	0.00936	0.03192	0.00166	0.00362	0.03320	0.02020	0.00480
5	0.01617	0.06479	0.09077	0.00988	0.01370	0.01252	0.00881	0.56033	0.01771	0.14461	0.01109	0.01093	0.00773	0.00513	0.00430	0.00131	0.00485	0.00388	0.00417	0.00730
6	0.01124	0.32343	0.34697	0.00978	0.01461	0.01264	0.01096	0.06358	0.03700	0.06598	0.00838	0.00918	0.00641	0.00420	0.00368	0.00118	0.00528	0.00307	0.00240	0.06003
7	0.01064	0.50276	0.14867	0.00811	0.01187	0.01373	0.00833	0.06374	0.03351	0.01247	0.01208	0.01305	0.10600	0.03323	0.00416	0.00124	0.00467	0.00368	0.00243	0.00563
8	0.00994	0.34450	0.39801	0.00975	0.01456	0.01254	0.01133	0.03710	0.00976	0.01313	0.05784	0.01138	0.04352	0.00467	0.00377	0.00122	0.00531	0.00348	0.00223	0.00595

[dist]
# distance from previous block
# <min> <max>
1	23

[block]
# block no. 2 follows, 59 sequences, length 17
# corresponding to MSA columns:
# 198-214
name=unknown_C
#
# <colnr> <probs for GDERKNQSTAVLIFYWHMCP>
#	G	D	E	R	K	N	Q	S	T	A	V	L	I	F	Y	W	H	M	C	P
0	0.15635	0.10328	0.07024	0.07394	0.04694	0.04895	0.05610	0.06914	0.01910	0.17797	0.03561	0.02723	0.00917	0.00676	0.05592	0.00170	0.00515	0.01527	0.01535	0.00585
1	0.06532	0.34115	0.23134	0.00894	0.01282	0.06978	0.00934	0.02744	0.00977	0.03491	0.07484	0.04742	0.00982	0.00498	0.00388	0.00121	0.01989	0.00367	0.00246	0.02101
2	0.22445	0.06421	0.14336	0.05895	0.02438	0.06721	0.02225	0.06493	0.03300	0.05553	0.05195	0.05270	0.06473	0.00581	0.00437	0.00140	0.03249	0.01986	0.00300	0.00542
3	0.00588	0.00432	0.00546	0.00584	0.00657	0.00396	0.00413	0.00705	0.00955	0.01285	0.21021	0.41616	0.12236	0.08075	0.00684	0.00185	0.00267	0.05793	0.00411	0.03152
4	0.01133	0.06011	0.01307	0.12192	0.17791	0.01033	0.02453	0.19846	0.12267	0.04278	0.01381	0.12048	0.03762	0.00629	0.00455	0.00143	0.00450	0.01862	0.00343	0.00616
5	0.00900	0.00695	0.00830	0.00662	0.00957	0.00563	0.00512	0.01122	0.04865	0.06310	0.04821	0.18049	0.01333	0.00595	0.00397	0.00100	0.00311	0.00511	0.00328	0.56140
6	0.01438	0.01109	0.01045	0.00893	0.01161	0.16832	0.00702	0.10188	0.30081	0.21678	0.05231	0.01580	0.04898	0.00589	0.00444	0.00137	0.00445	0.00467	0.00429	0.00653
7	0.00996	0.00798	0.00974	0.00782	0.05712	0.00619	0.00580	0.01194	0.00944	0.06701	0.00850	0.00964	0.00685	0.00345	0.00341	0.00074	0.00342	0.00281	0.00278	0.76540
8	0.82327	0.00941	0.05606	0.00622	0.00918	0.00993	0.00548	0.01304	0.00763	0.01946	0.00626	0.00731	0.00483	0.00411	0.00282	0.00137	0.00361	0.00244	0.00268	0.00489
9	0.70056	0.00956	0.03528	0.00775	0.05619	0.01038	0.00608	0.10159	0.00921	0.02021	0.00683	0.00785	0.00524	0.00423	0.00307	0.00136	0.00379	0.00269	0.00286	0.00528
10	0.01057	0.00873	0.01110	0.00803	0.01193	0.00730	0.07156	0.10840	0.01080	0.04407	0.00861	0.00977	0.00683	0.00363	0.00361	0.00083	0.00383	0.00306	0.00290	0.66445
11	0.00642	0.00428	0.00482	0.00482	0.00482	0.00428	0.00268	0.00642	0.00642	0.00856	0.01392	0.02890	0.01606	0.84478	0.02248	0.00428	0.00428	0.00642	0.00268	0.00268
12	0.01610	0.01176	0.01259	0.00973	0.01305	0.01298	0.00799	0.74305	0.01983	0.02678	0.01088	0.01136	0.00792	0.02698	0.00482	0.00139	0.00471	0.00405	0.04682	0.00722
13	0.19403	0.00790	0.00959	0.00752	0.01080	0.00744	0.00621	0.04741	0.01189	0.62928	0.01489	0.01328	0.00956	0.00518	0.00409	0.00137	0.00373	0.00401	0.00487	0.00696
14	0.00536	0.00394	0.00503	0.00591	0.00634	0.00361	0.00399	0.00618	0.00869	0.01137	0.02732	0.72531	0.14388	0.01345	0.00558	0.00175	0.00251	0.01208	0.00410	0.00361
15	0.00976	0.00836	0.00885	0.00815	0.01033	0.00941	0.00627	0.01976	0.63692	0.01701	0.02205	0.08827	0.12119	0.00733	0.00468	0.00152	0.00325	0.00619	0.00441	0.00628
16	0.01080	0.00840	0.01052	0.00830	0.04713	0.00696	0.03411	0.06171	0.03192	0.09068	0.00925	0.01017	0.00723	0.00372	0.00360	0.00084	0.00366	0.00309	0.00301	0.64489

[dist]
# distance from previous block
# <min> <max>
0	1

[block]
# block no. 3 follows, 59 sequences, length 11
# corresponding to MSA columns:
# 216-226
name=unknown_D
#
# <colnr> <probs for GDERKNQSTAVLIFYWHMCP>
#	G	D	E	R	K	N	Q	S	T	A	V	L	I	F	Y	W	H	M	C	P
0	0.01649	0.01222	0.01309	0.01010	0.01358	0.01356	0.00832	0.76257	0.06118	0.02736	0.01098	0.01090	0.00782	0.00534	0.00442	0.00133	0.00479	0.00403	0.00442	0.00748
1	0.00691	0.00502	0.00682	0.00773	0.00880	0.00493	0.00670	0.00884	0.01016	0.01307	0.02576	0.04901	0.11336	0.01209	0.00600	0.00197	0.00386	0.70088	0.00407	0.00403
2	0.00698	0.00424	0.00598	0.05030	0.00731	0.00418	0.00432	0.00658	0.00778	0.01035	0.14675	0.10101	0.10522	0.01310	0.01210	0.49878	0.00335	0.00599	0.00286	0.00282
3	0.00991	0.00829	0.00956	0.00690	0.01078	0.00665	0.00554	0.08869	0.01030	0.01571	0.00812	0.00930	0.00664	0.00347	0.00338	0.00072	0.00343	0.00275	0.00279	0.78707
4	0.01089	0.01374	0.16526	0.01592	0.02051	0.01127	0.51695	0.10254	0.06789	0.01595	0.00958	0.01163	0.00707	0.00414	0.00489	0.00146	0.00672	0.00471	0.00257	0.00630
5	0.01093	0.52680	0.30504	0.00947	0.01417	0.04357	0.01069	0.01365	0.00922	0.01168	0.00680	0.00791	0.00564	0.00395	0.00336	0.00111	0.00548	0.00270	0.00189	0.00595
6	0.00535	0.00448	0.00467	0.00470	0.00611	0.00379	0.00354	0.00655	0.01020	0.01236	0.09803	0.06515	0.71581	0.01114	0.00526	0.00151	0.00229	0.03115	0.00415	0.00376
7	0.00581	0.00424	0.00554	0.00634	0.00697	0.00398	0.00467	0.00700	0.00934	0.01229	0.08989	0.50999	0.12265	0.01278	0.00565	0.00178	0.00281	0.18036	0.00415	0.00375
8	0.01554	0.01087	0.15787	0.00884	0.01249	0.02808	0.00828	0.10442	0.03769	0.44811	0.08828	0.03480	0.01280	0.00574	0.00448	0.00138	0.00430	0.00467	0.00450	0.00686
9	0.08012	0.01033	0.01731	0.04942	0.68574	0.01046	0.05530	0.01347	0.00984	0.01475	0.00815	0.01071	0.00677	0.00395	0.00429	0.00133	0.00524	0.00388	0.00223	0.00670
10	0.00746	0.06502	0.00841	0.00719	0.00846	0.00624	0.03980	0.09590	0.00998	0.01321	0.02112	0.50814	0.08404	0.01285	0.07103	0.00205	0.00392	0.00948	0.00373	0.02196

[dist]
# distance from previous block
# <min> <max>
0	14

[block]
# block no. 4 follows, 59 sequences, length 17
# corresponding to MSA columns:
# 241-257
name=unknown_E
#
# <colnr> <probs for GDERKNQSTAVLIFYWHMCP>
#	G	D	E	R	K	N	Q	S	T	A	V	L	I	F	Y	W	H	M	C	P
0	0.02399	0.08114	0.03557	0.00818	0.01179	0.00858	0.05398	0.09530	0.08335	0.06364	0.01037	0.05327	0.00858	0.00452	0.00379	0.00101	0.00392	0.00374	0.00311	0.44217
1	0.01013	0.30732	0.41605	0.01045	0.01521	0.01305	0.01198	0.01436	0.08179	0.01292	0.00808	0.00922	0.00635	0.00445	0.00444	0.00129	0.06149	0.00315	0.00212	0.00616
2	0.00814	0.00736	0.00990	0.00879	0.01025	0.08115	0.10685	0.01054	0.05580	0.01152	0.01162	0.01632	0.01043	0.06690	0.51351	0.00505	0.00952	0.00470	0.04723	0.00443
3	0.00968	0.00939	0.01265	0.57152	0.05073	0.10049	0.01087	0.03245	0.05189	0.01188	0.00829	0.01159	0.00646	0.00535	0.00553	0.05999	0.03021	0.00386	0.00220	0.00497
4	0.00641	0.00435	0.00515	0.00515	0.00526	0.00446	0.00309	0.00663	0.00652	0.00881	0.01362	0.02724	0.01533	0.72778	0.13849	0.00469	0.00537	0.00618	0.00263	0.00286
5	0.01181	0.84744	0.02314	0.00756	0.01134	0.01748	0.00756	0.01323	0.00897	0.01039	0.00614	0.00708	0.00567	0.00378	0.00283	0.00094	0.00472	0.00236	0.00189	0.00567
6	0.00886	0.02285	0.82190	0.01259	0.01912	0.01026	0.01632	0.01399	0.00932	0.01399	0.00793	0.00932	0.00559	0.00420	0.00420	0.00140	0.00653	0.00326	0.00186	0.00653
7	0.00642	0.00428	0.00482	0.00482	0.00482	0.00428	0.00268	0.00642	0.00642	0.00856	0.01392	0.02890	0.01606	0.84478	0.02248	0.00428	0.00428	0.00642	0.00268	0.00268
8	0.87598	0.00854	0.00649	0.00581	0.00854	0.00991	0.00478	0.01298	0.00752	0.01982	0.00615	0.00717	0.00478	0.00410	0.00273	0.00137	0.00342	0.00239	0.00273	0.00478
9	0.00642	0.00428	0.00482	0.00482	0.00482	0.00428	0.00268	0.00642	0.00642	0.00856	0.01392	0.02890	0.01606	0.84478	0.02248	0.00428	0.00428	0.00642	0.00268	0.00268
10	0.00843	0.00741	0.01207	0.59083	0.10951	0.00877	0.01072	0.01109	0.00900	0.01229	0.00974	0.06206	0.00811	0.00502	0.00431	0.00142	0.00512	0.00447	0.11468	0.00495
11	0.00602	0.00446	0.00562	0.00549	0.00653	0.00406	0.00409	0.00782	0.01167	0.01606	0.59626	0.10855	0.16926	0.00990	0.00527	0.00146	0.00220	0.02659	0.00465	0.00404
12	0.01008	0.36423	0.49121	0.01051	0.01589	0.01325	0.01269	0.01367	0.00918	0.01250	0.00719	0.00840	0.00563	0.00402	0.00363	0.00121	0.00578	0.00289	0.00188	0.00617
13	0.01030	0.10524	0.45406	0.01286	0.10501	0.13288	0.01283	0.01389	0.01014	0.01352	0.08102	0.01122	0.00905	0.00462	0.00413	0.00130	0.00601	0.00361	0.00224	0.00606
14	0.00928	0.09079	0.65230	0.01296	0.06542	0.01110	0.01497	0.01367	0.00917	0.01348	0.00765	0.00925	0.00570	0.00438	0.00478	0.00139	0.06216	0.00327	0.00189	0.00637
15	0.01145	0.52950	0.15474	0.00949	0.04212	0.11144	0.00916	0.01347	0.00946	0.01125	0.00769	0.05776	0.00712	0.00455	0.00342	0.00111	0.00530	0.00324	0.00207	0.00567
16	0.43894	0.08705	0.08435	0.00997	0.12495	0.01057	0.00760	0.06104	0.03857	0.04418	0.00811	0.00918	0.00627	0.00430	0.00335	0.00131	0.00411	0.00303	0.04748	0.00564

[dist]
# distance from previous block
# <min> <max>
5	8

[block]
# block no. 5 follows, 59 sequences, length 20
# corresponding to MSA columns:
# 266-278,286-292
name=unknown_F
#
# <colnr> <probs for GDERKNQSTAVLIFYWHMCP>
#	G	D	E	R	K	N	Q	S	T	A	V	L	I	F	Y	W	H	M	C	P
0	0.00568	0.00436	0.00623	0.00665	0.00728	0.00403	0.04709	0.00669	0.00888	0.01176	0.05932	0.69193	0.09771	0.01285	0.00556	0.00173	0.00278	0.01168	0.00403	0.00375
1	0.00580	0.00429	0.00547	0.00622	0.00673	0.00412	0.00426	0.00746	0.06191	0.01222	0.07852	0.69380	0.06689	0.01286	0.00551	0.00173	0.00258	0.01159	0.00418	0.00386
2	0.27372	0.03452	0.06613	0.00956	0.05610	0.05817	0.00780	0.27117	0.01327	0.15498	0.00976	0.01000	0.00695	0.00473	0.00383	0.00133	0.00455	0.00342	0.00360	0.00641
3	0.01052	0.07538	0.09035	0.00799	0.01065	0.14992	0.02378	0.09672	0.01196	0.06909	0.11742	0.02339	0.28060	0.00733	0.00458	0.00134	0.00433	0.00591	0.00357	0.00516
4	0.01099	0.05041	0.01052	0.00753	0.01073	0.00748	0.02562	0.03495	0.04875	0.14142	0.08510	0.01326	0.02479	0.00481	0.00455	0.00103	0.06005	0.00381	0.00335	0.45085
5	0.00604	0.00421	0.00493	0.00515	0.00544	0.00405	0.00319	0.00648	0.00769	0.01017	0.07276	0.22530	0.10460	0.50309	0.01549	0.00320	0.00351	0.00830	0.00331	0.00310
6	0.00843	0.00576	0.00804	0.00711	0.00880	0.00547	0.05772	0.01114	0.06575	0.11142	0.41964	0.03004	0.11492	0.00978	0.04681	0.00176	0.00342	0.07472	0.00446	0.00481
7	0.00913	0.09874	0.74838	0.01213	0.01840	0.01092	0.01551	0.01392	0.00929	0.01366	0.00776	0.00912	0.00560	0.00416	0.00407	0.00136	0.00636	0.00318	0.00187	0.00645
8	0.01229	0.67291	0.07457	0.00844	0.01219	0.13440	0.00828	0.01392	0.00951	0.01069	0.00636	0.00736	0.00567	0.00392	0.00309	0.00100	0.00531	0.00249	0.00194	0.00565
9	0.01117	0.19679	0.10351	0.00763	0.01174	0.00905	0.00717	0.01333	0.00961	0.12356	0.00879	0.00952	0.00684	0.00379	0.00344	0.00090	0.00403	0.00288	0.00276	0.46350
10	0.01077	0.05802	0.08828	0.07219	0.06383	0.01145	0.48561	0.04951	0.01042	0.03755	0.00871	0.01126	0.00661	0.00421	0.00546	0.00146	0.06176	0.00457	0.00234	0.00601
11	0.01003	0.03499	0.06904	0.01322	0.01492	0.01286	0.20259	0.03055	0.00821	0.01210	0.00682	0.01014	0.00604	0.00636	0.01100	0.00175	0.53791	0.00411	0.00206	0.00530
12	0.00869	0.00803	0.01331	0.65978	0.11896	0.00975	0.01180	0.01146	0.00890	0.01190	0.00817	0.01184	0.00630	0.00455	0.00479	0.00145	0.04245	0.00393	0.04884	0.00510
13	0.00679	0.00557	0.00680	0.00719	0.00782	0.04639	0.02679	0.04251	0.00924	0.01208	0.02169	0.69041	0.02546	0.01244	0.00583	0.00174	0.03482	0.02857	0.00389	0.00396
14	0.01034	0.01228	0.07836	0.01945	0.15754	0.01088	0.59888	0.01394	0.01028	0.01417	0.00904	0.01229	0.00703	0.00395	0.00502	0.00146	0.00695	0.01976	0.00224	0.00614
15	0.00767	0.00384	0.00575	0.00575	0.00575	0.00384	0.00384	0.00575	0.00575	0.00767	0.00767	0.01343	0.00767	0.01534	0.01726	0.87150	0.00384	0.00384	0.00192	0.00192
16	0.00753	0.00879	0.17907	0.00709	0.00960	0.00577	0.00677	0.01032	0.05422	0.06873	0.18937	0.12101	0.29679	0.00889	0.00496	0.00148	0.00333	0.00756	0.00390	0.00483
17	0.01506	0.00835	0.05384	0.00782	0.01058	0.00742	0.00645	0.09039	0.10454	0.43719	0.01559	0.01742	0.01171	0.18362	0.00826	0.00200	0.00409	0.00482	0.00447	0.00637
18	0.00744	0.00650	0.00916	0.00861	0.00897	0.00823	0.00679	0.00860	0.00755	0.01101	0.05110	0.21445	0.01479	0.01703	0.26031	0.00345	0.34263	0.00643	0.00273	0.00423
19	0.00820	0.00606	0.00711	0.00703	0.00820	0.00623	0.00513	0.17627	0.05503	0.01515	0.02191	0.50282	0.07636	0.05349	0.00615	0.00179	0.00321	0.03117	0.00412	0.00458

[dist]
# distance from previous block
# <min> <max>
7	19

[block]
# block no. 6 follows, 59 sequences, length 13
# corresponding to MSA columns:
# 319-331
name=unknown_G
#
# <colnr> <probs for GDERKNQSTAVLIFYWHMCP>
#	G	D	E	R	K	N	Q	S	T	A	V	L	I	F	Y	W	H	M	C	P
0	0.12699	0.00981	0.02137	0.08711	0.01234	0.14090	0.04223	0.07490	0.08819	0.01578	0.17438	0.07805	0.04174	0.00780	0.04200	0.00167	0.02089	0.00537	0.00340	0.00507
1	0.03720	0.00878	0.01297	0.22391	0.25967	0.02857	0.02679	0.03916	0.08889	0.02586	0.04557	0.08419	0.01178	0.00603	0.00492	0.00148	0.03069	0.05496	0.00288	0.00569
2	0.00588	0.00453	0.00606	0.00753	0.07379	0.00423	0.00467	0.00682	0.00873	0.01148	0.02577	0.58687	0.15860	0.06522	0.00653	0.00186	0.00284	0.01091	0.00385	0.00384
3	0.01016	0.01070	0.12088	0.00853	0.01276	0.00785	0.05134	0.10767	0.03118	0.01605	0.00851	0.00970	0.00672	0.00374	0.00367	0.00090	0.00414	0.00307	0.00276	0.57966
4	0.00951	0.00912	0.01502	0.40393	0.31818	0.01066	0.01232	0.01202	0.00895	0.01234	0.00769	0.01112	0.00628	0.00477	0.00602	0.00149	0.13895	0.00392	0.00204	0.00567
5	0.01197	0.00997	0.01054	0.00919	0.01186	0.01144	0.00723	0.15517	0.67596	0.02006	0.01673	0.01549	0.01247	0.00588	0.00448	0.00147	0.00373	0.00482	0.00448	0.00708
6	0.01038	0.44741	0.41064	0.01000	0.01511	0.01397	0.01181	0.01359	0.00914	0.01214	0.00701	0.00817	0.00563	0.00398	0.00349	0.00116	0.00560	0.00280	0.00188	0.00608
7	0.01124	0.01100	0.01697	0.02473	0.70549	0.05586	0.01273	0.01461	0.07678	0.01457	0.00903	0.01123	0.00746	0.00414	0.00436	0.00132	0.00525	0.00396	0.00238	0.00689
8	0.00538	0.00384	0.00512	0.00615	0.00641	0.00359	0.00410	0.00615	0.00846	0.01127	0.02434	0.84190	0.02921	0.01384	0.00564	0.00179	0.00256	0.01256	0.00410	0.00359
9	0.00869	0.00860	0.01571	0.57464	0.02677	0.00988	0.19190	0.01162	0.00911	0.01192	0.00899	0.05970	0.00742	0.00490	0.00498	0.00151	0.03173	0.00472	0.00215	0.00507
10	0.01279	0.06768	0.15703	0.01294	0.10228	0.15387	0.08571	0.18666	0.08771	0.03660	0.01027	0.04827	0.00824	0.00504	0.00434	0.00133	0.00572	0.00416	0.00300	0.00637
11	0.00701	0.00501	0.00700	0.00801	0.00898	0.00499	0.00693	0.00897	0.01006	0.01310	0.02344	0.09830	0.02565	0.01230	0.00607	0.00202	0.00397	0.74007	0.00407	0.00404
12	0.00662	0.00462	0.00587	0.00550	0.00669	0.00420	0.00415	0.00856	0.01218	0.04699	0.68169	0.03360	0.14436	0.00919	0.00518	0.00140	0.00217	0.00803	0.00478	0.00423

[dist]
# distance from previous block
# <min> <max>
0	1

[block]
# block no. 7 follows, 59 sequences, length 64
# corresponding to MSA columns:
# 333-396
name=unknown_H
#
# <colnr> <probs for GDERKNQSTAVLIFYWHMCP>
#	G	D	E	R	K	N	Q	S	T	A	V	L	I	F	Y	W	H	M	C	P
0	0.00905	0.00872	0.01507	0.50651	0.16143	0.01010	0.09804	0.01176	0.00898	0.01206	0.00818	0.01211	0.00657	0.03211	0.00584	0.00157	0.06886	0.00415	0.01362	0.00529
1	0.02945	0.15785	0.18210	0.13425	0.04632	0.05535	0.10372	0.06332	0.01037	0.09586	0.00875	0.01035	0.00659	0.00455	0.00476	0.00134	0.05870	0.00364	0.01675	0.00599
2	0.87598	0.00854	0.00649	0.00581	0.00854	0.00991	0.00478	0.01298	0.00752	0.01982	0.00615	0.00717	0.00478	0.00410	0.00273	0.00137	0.00342	0.00239	0.00273	0.00478
3	0.00548	0.00448	0.00484	0.00475	0.00613	0.00384	0.00356	0.00685	0.01069	0.01341	0.24158	0.04007	0.61768	0.01063	0.00522	0.00147	0.00220	0.00898	0.00430	0.00384
4	0.00916	0.00785	0.00916	0.00654	0.01047	0.00589	0.00523	0.01112	0.00916	0.01439	0.00785	0.00916	0.00654	0.00327	0.00327	0.00065	0.00327	0.00262	0.00262	0.87178
5	0.00966	0.00966	0.01353	0.01160	0.01160	0.01353	0.00966	0.01063	0.00676	0.01063	0.00580	0.00966	0.00580	0.00773	0.01449	0.00193	0.83670	0.00387	0.00193	0.00483
6	0.01631	0.01208	0.01297	0.01006	0.01349	0.01338	0.00830	0.74913	0.05668	0.02708	0.01123	0.01175	0.00818	0.00549	0.00446	0.00135	0.00478	0.02147	0.00441	0.00741
7	0.00538	0.00384	0.00512	0.00615	0.00641	0.00359	0.00410	0.00615	0.00846	0.01127	0.02434	0.84190	0.02921	0.01384	0.00564	0.00179	0.00256	0.01256	0.00410	0.00359
8	0.00834	0.00785	0.01325	0.83417	0.03042	0.00981	0.01227	0.01128	0.00883	0.01128	0.00785	0.01178	0.00589	0.00442	0.00442	0.00147	0.00589	0.00393	0.00196	0.00491
9	0.01054	0.00804	0.00946	0.00684	0.01070	0.00633	0.00551	0.05097	0.01006	0.09122	0.00889	0.00978	0.00700	0.00358	0.00344	0.00075	0.00339	0.00286	0.00297	0.74764
10	0.01033	0.01165	0.02490	0.04549	0.03914	0.01122	0.72308	0.01388	0.01020	0.01390	0.00874	0.01179	0.00664	0.00393	0.00559	0.00151	0.04483	0.00508	0.00221	0.00589
11	0.00597	0.00456	0.00559	0.00600	0.00707	0.00418	0.00471	0.00747	0.01025	0.01318	0.16496	0.17142	0.32765	0.01155	0.00554	0.00168	0.00280	0.23733	0.00422	0.00388
12	0.00767	0.00384	0.00575	0.00575	0.00575	0.00384	0.00384	0.00575	0.00575	0.00767	0.00767	0.01343	0.00767	0.01534	0.01726	0.87150	0.00384	0.00384	0.00192	0.00192
13	0.00703	0.00502	0.00702	0.00803	0.00901	0.00501	0.00696	0.00900	0.01008	0.01312	0.02343	0.09016	0.02561	0.01228	0.00608	0.00202	0.00399	0.74803	0.00407	0.00404
14	0.00899	0.00857	0.01283	0.60279	0.05612	0.04881	0.01120	0.01152	0.00881	0.01164	0.00798	0.01160	0.00627	0.00488	0.00561	0.00148	0.11321	0.00388	0.05886	0.00494
15	0.00610	0.00435	0.00583	0.00675	0.00730	0.00419	0.00509	0.00731	0.00903	0.01191	0.03627	0.46904	0.04058	0.07060	0.00696	0.00204	0.00322	0.29571	0.00400	0.00371
16	0.01545	0.01108	0.01183	0.00922	0.01236	0.01220	0.00756	0.67862	0.01897	0.02606	0.01120	0.01152	0.00811	0.00528	0.00421	0.00128	0.00442	0.00400	0.13966	0.00698
17	0.85570	0.00888	0.02556	0.00597	0.00879	0.00992	0.00505	0.01301	0.00756	0.01968	0.00619	0.00722	0.00480	0.00410	0.00277	0.00137	0.00349	0.00241	0.00271	0.00482
18	0.06393	0.00757	0.01006	0.00775	0.01113	0.00667	0.00640	0.02108	0.01238	0.77905	0.01684	0.01463	0.01062	0.00540	0.00435	0.00137	0.00374	0.00434	0.00533	0.00738
19	0.00702	0.00614	0.00635	0.00689	0.00754	0.10031	0.00485	0.02141	0.00910	0.01150	0.03277	0.59518	0.04171	0.02465	0.08928	0.00227	0.00421	0.02123	0.00371	0.00388
20	0.01097	0.01299	0.20672	0.01575	0.14286	0.00988	0.28123	0.02511	0.01025	0.11288	0.02551	0.05894	0.00890	0.00500	0.00528	0.00146	0.05247	0.00484	0.00271	0.00623
21	0.01093	0.01049	0.01793	0.02711	0.81723	0.01049	0.01355	0.01355	0.01006	0.01443	0.00831	0.01093	0.00700	0.00394	0.00437	0.00131	0.00525	0.00394	0.00219	0.00700
22	0.01053	0.01017	0.01695	0.17948	0.65524	0.02377	0.01323	0.01319	0.00987	0.01377	0.00820	0.01104	0.00676	0.00404	0.00437	0.00134	0.00541	0.00392	0.00215	0.00657
23	0.00972	0.00894	0.07843	0.06456	0.01430	0.00799	0.20590	0.03654	0.03214	0.09553	0.03841	0.15254	0.05308	0.00696	0.00541	0.00151	0.05617	0.03191	0.09467	0.00529
24	0.01394	0.01125	0.01421	0.01416	0.19647	0.07423	0.07768	0.27567	0.08679	0.10294	0.01167	0.01236	0.02174	0.00502	0.00461	0.00134	0.02223	0.00422	0.04271	0.00675
25	0.01526	0.01157	0.01254	0.00993	0.01308	0.01300	0.00812	0.62024	0.15245	0.02514	0.01170	0.01175	0.00855	0.00630	0.02817	0.00154	0.03498	0.00416	0.00428	0.00723
26	0.00966	0.13709	0.62867	0.01219	0.01809	0.01145	0.06628	0.04247	0.00976	0.01400	0.00784	0.00923	0.00575	0.00415	0.00408	0.00134	0.00627	0.00329	0.00199	0.00641
27	0.00764	0.00612	0.00685	0.00667	0.00826	0.00621	0.00518	0.06291	0.18978	0.01501	0.09571	0.14275	0.30381	0.00995	0.00518	0.00159	0.00297	0.11437	0.00427	0.00477
28	0.02661	0.01020	0.01038	0.00894	0.01146	0.06560	0.00718	0.31178	0.25996	0.02064	0.05075	0.02975	0.01326	0.00649	0.00454	0.00144	0.00420	0.09108	0.05941	0.00634
29	0.00631	0.00473	0.00710	0.00710	0.00789	0.00552	0.00552	0.00789	0.00710	0.01025	0.01183	0.01735	0.01104	0.03312	0.82728	0.00710	0.01183	0.00473	0.00237	0.00394
30	0.01029	0.01010	0.01701	0.07368	0.43726	0.01105	0.10723	0.01300	0.03546	0.01343	0.00860	0.01228	0.00744	0.00513	0.00680	0.00151	0.19148	0.02984	0.00226	0.00615
31	0.01083	0.57305	0.28894	0.00923	0.01392	0.01507	0.01047	0.01348	0.00909	0.01159	0.00673	0.00783	0.00564	0.00392	0.00329	0.00110	0.00532	0.00266	0.00188	0.00595
32	0.00527	0.00448	0.00454	0.00452	0.00599	0.00375	0.00339	0.00643	0.01018	0.01219	0.07955	0.04207	0.78047	0.01109	0.00522	0.00149	0.00223	0.00926	0.00414	0.00375
33	0.00609	0.00449	0.00570	0.00544	0.00651	0.00409	0.00406	0.00801	0.01206	0.01676	0.69103	0.06128	0.13912	0.00946	0.00522	0.00142	0.00212	0.00831	0.00474	0.00409
34	0.01030	0.00985	0.01679	0.22293	0.62632	0.01033	0.01324	0.01300	0.00976	0.01367	0.00820	0.01114	0.00673	0.00405	0.00438	0.00135	0.00540	0.00393	0.00213	0.00649
35	0.01661	0.00784	0.03646	0.00804	0.01107	0.00679	0.00682	0.07898	0.01270	0.57389	0.05307	0.05605	0.01424	0.00667	0.00470	0.00146	0.00384	0.08898	0.00503	0.00679
36	0.01679	0.01237	0.01325	0.01016	0.01370	0.01370	0.00839	0.80251	0.02077	0.02783	0.01060	0.01060	0.00751	0.00530	0.00442	0.00133	0.00486	0.00398	0.00442	0.00751
37	0.04751	0.01329	0.02299	0.01007	0.01340	0.12902	0.00826	0.59245	0.04328	0.06052	0.01041	0.01047	0.00747	0.00517	0.00430	0.00131	0.00518	0.00380	0.00407	0.00704
38	0.01496	0.14788	0.01394	0.01031	0.01284	0.52201	0.00817	0.11546	0.01263	0.01294	0.00893	0.00986	0.04398	0.00498	0.00439	0.00118	0.04425	0.00326	0.00256	0.00543
39	0.01180	0.80474	0.04926	0.00779	0.01164	0.03246	0.00786	0.01333	0.00905	0.01052	0.00621	0.00718	0.00567	0.00381	0.00290	0.00096	0.00484	0.00240	0.00190	0.00569
40	0.14971	0.03726	0.01267	0.00959	0.01272	0.03664	0.11584	0.14752	0.07772	0.26207	0.05735	0.01310	0.01025	0.00522	0.00459	0.00139	0.03172	0.00426	0.00397	0.00641
41	0.00538	0.00384	0.00512	0.00615	0.00641	0.00359	0.00410	0.00615	0.00846	0.01127	0.02434	0.84190	0.02921	0.01384	0.00564	0.00179	0.00256	0.01256	0.00410	0.00359
42	0.00752	0.00513	0.00685	0.00714	0.00836	0.00498	0.00595	0.00984	0.03606	0.05638	0.28246	0.04116	0.06532	0.01058	0.00563	0.00175	0.00330	0.43283	0.00441	0.00435
43	0.01173	0.00986	0.01041	0.00914	0.01177	0.01134	0.00717	0.12408	0.70742	0.01968	0.01702	0.01572	0.01271	0.00590	0.00448	0.00148	0.00367	0.00486	0.00448	0.00706
44	0.01675	0.01356	0.01315	0.01033	0.01369	0.12517	0.00841	0.69494	0.01964	0.02550	0.01009	0.01024	0.00726	0.00520	0.00436	0.00130	0.00529	0.00382	0.00412	0.00718
45	0.01118	0.01097	0.01768	0.02640	0.78091	0.04740	0.01333	0.01374	0.01017	0.01427	0.00824	0.01080	0.00694	0.00396	0.00435	0.00130	0.00537	0.00389	0.00219	0.00691
46	0.01027	0.01166	0.02541	0.01822	0.02256	0.01093	0.77624	0.01390	0.01036	0.01406	0.00942	0.03789	0.00741	0.00404	0.00523	0.00150	0.00729	0.00544	0.00229	0.00588
47	0.00522	0.00447	0.00447	0.00447	0.00597	0.00373	0.00336	0.00634	0.01007	0.01193	0.04474	0.04250	0.81544	0.01119	0.00522	0.00149	0.00224	0.00932	0.00410	0.00373
48	0.00886	0.02285	0.82190	0.01259	0.01912	0.01026	0.01632	0.01399	0.00932	0.01399	0.00793	0.00932	0.00559	0.00420	0.00420	0.00140	0.00653	0.00326	0.00186	0.00653
49	0.01093	0.01049	0.01793	0.02711	0.81723	0.01049	0.01355	0.01355	0.01006	0.01443	0.00831	0.01093	0.00700	0.00394	0.00437	0.00131	0.00525	0.00394	0.00219	0.00700
50	0.01181	0.84744	0.02314	0.00756	0.01134	0.01748	0.00756	0.01323	0.00897	0.01039	0.00614	0.00708	0.00567	0.00378	0.00283	0.00094	0.00472	0.00236	0.00189	0.00567
51	0.00538	0.00386	0.00511	0.00611	0.00640	0.00359	0.00408	0.00615	0.00849	0.01129	0.02479	0.82420	0.04662	0.01378	0.00563	0.00179	0.00256	0.01248	0.00410	0.00359
52	0.00607	0.00441	0.00567	0.00628	0.00684	0.00425	0.00435	0.03314	0.03579	0.01306	0.14731	0.66108	0.02993	0.01255	0.00549	0.00171	0.00259	0.01131	0.00424	0.00392
53	0.00883	0.00870	0.01528	0.60722	0.02700	0.01047	0.13532	0.01165	0.00883	0.01165	0.00777	0.01154	0.00600	0.00471	0.00576	0.00153	0.10654	0.00412	0.00200	0.00506
54	0.00766	0.00660	0.00681	0.00639	0.00830	0.00680	0.00489	0.01359	0.34847	0.01470	0.03341	0.03148	0.47586	0.00899	0.00491	0.00149	0.00277	0.00749	0.00427	0.00511
55	0.00635	0.00453	0.00620	0.00719	0.00785	0.00442	0.00570	0.00779	0.00933	0.01225	0.02353	0.38920	0.02678	0.03655	0.00637	0.00199	0.00343	0.43270	0.00404	0.00382
56	0.00916	0.00785	0.00916	0.00654	0.01047	0.00589	0.00523	0.01112	0.00916	0.01439	0.00785	0.00916	0.00654	0.00327	0.00327	0.00065	0.00327	0.00262	0.00262	0.87178
57	0.09327	0.01107	0.01056	0.00892	0.01177	0.13767	0.00708	0.13686	0.28251	0.22116	0.02499	0.01329	0.01033	0.00540	0.00424	0.00137	0.00444	0.00417	0.00423	0.00667
58	0.01625	0.02064	0.01255	0.01139	0.01358	0.79757	0.00857	0.01738	0.01231	0.01080	0.00679	0.00803	0.00569	0.00467	0.00436	0.00117	0.03800	0.00288	0.00226	0.00511
59	0.01512	0.00655	0.00882	0.00717	0.00978	0.00585	0.00578	0.01705	0.02387	0.53917	0.20762	0.02034	0.04347	0.00831	0.05861	0.00175	0.00384	0.00546	0.00506	0.00636
60	0.00823	0.00412	0.00412	0.00412	0.00515	0.00412	0.00309	0.01029	0.00926	0.01647	0.01441	0.01647	0.01132	0.00515	0.00309	0.00103	0.00206	0.00412	0.86930	0.00412
61	0.00642	0.00431	0.00496	0.00496	0.00501	0.00436	0.00285	0.00651	0.00646	0.00867	0.01379	0.02818	0.01574	0.79415	0.07269	0.00446	0.00475	0.00632	0.00266	0.00276
62	0.01573	0.01242	0.01234	0.00980	0.01294	0.09416	0.00796	0.62670	0.04472	0.02459	0.01073	0.01109	0.00786	0.00615	0.03125	0.00148	0.00519	0.00393	0.05401	0.00694
63	0.01318	0.03737	0.01364	0.01123	0.01279	0.25116	0.02092	0.17428	0.01142	0.01424	0.00714	0.00932	0.00613	0.00613	0.00890	0.00154	0.38900	0.00357	0.00254	0.00550

[dist]
# distance from previous block
# <min> <max>
0	1

[block]
# block no. 8 follows, 59 sequences, length 183
# corresponding to MSA columns:
# 398-580
name=unknown_I
#
# <colnr> <probs for GDERKNQSTAVLIFYWHMCP>
#	G	D	E	R	K	N	Q	S	T	A	V	L	I	F	Y	W	H	M	C	P
0	0.01332	0.03286	0.01340	0.01117	0.01321	0.30674	0.05334	0.11094	0.15766	0.01439	0.00916	0.01048	0.00742	0.00566	0.00687	0.00145	0.21957	0.00376	0.00284	0.00574
1	0.17367	0.01167	0.01202	0.00937	0.01276	0.01300	0.00774	0.65834	0.01835	0.02637	0.00979	0.00998	0.00701	0.00508	0.00411	0.00133	0.00460	0.00369	0.00411	0.00701
2	0.01081	0.00934	0.00982	0.00885	0.01132	0.01077	0.00688	0.02295	0.78525	0.01828	0.01878	0.01726	0.03757	0.00615	0.00452	0.00150	0.00346	0.00512	0.00448	0.00689
3	0.87598	0.00854	0.00649	0.00581	0.00854	0.00991	0.00478	0.01298	0.00752	0.01982	0.00615	0.00717	0.00478	0.00410	0.00273	0.00137	0.00342	0.00239	0.00273	0.00478
4	0.00544	0.00448	0.00478	0.00471	0.00610	0.00382	0.00353	0.00677	0.01059	0.01318	0.21063	0.04046	0.64877	0.01072	0.00522	0.00147	0.00220	0.00903	0.00427	0.00382
5	0.00948	0.00804	0.00933	0.00669	0.01060	0.00621	0.00537	0.04416	0.00964	0.01495	0.00797	0.00922	0.00658	0.00336	0.00332	0.00068	0.00334	0.00267	0.00269	0.83570
6	0.00834	0.00785	0.01325	0.83417	0.03042	0.00981	0.01227	0.01128	0.00883	0.01128	0.00785	0.01178	0.00589	0.00442	0.00442	0.00147	0.00589	0.00393	0.00196	0.00491
7	0.00538	0.00384	0.00512	0.00615	0.00641	0.00359	0.00410	0.00615	0.00846	0.01127	0.02434	0.84190	0.02921	0.01384	0.00564	0.00179	0.00256	0.01256	0.00410	0.00359
8	0.00834	0.00785	0.01325	0.83417	0.03042	0.00981	0.01227	0.01128	0.00883	0.01128	0.00785	0.01178	0.00589	0.00442	0.00442	0.00147	0.00589	0.00393	0.00196	0.00491
9	0.00834	0.00785	0.01325	0.83417	0.03042	0.00981	0.01227	0.01128	0.00883	0.01128	0.00785	0.01178	0.00589	0.00442	0.00442	0.00147	0.00589	0.00393	0.00196	0.00491
10	0.00567	0.00448	0.00511	0.00498	0.00625	0.00392	0.00373	0.00721	0.01109	0.01444	0.38051	0.05616	0.46012	0.01030	0.00522	0.00145	0.00218	0.00881	0.00443	0.00392
11	0.00583	0.00416	0.00564	0.00666	0.00712	0.00398	0.00488	0.00693	0.00890	0.01178	0.02409	0.63662	0.02823	0.01341	0.00576	0.00186	0.00295	0.21340	0.00409	0.00371
12	0.00834	0.00785	0.01325	0.83417	0.03042	0.00981	0.01227	0.01128	0.00883	0.01128	0.00785	0.01178	0.00589	0.00442	0.00442	0.00147	0.00589	0.00393	0.00196	0.00491
13	0.46803	0.00836	0.00845	0.00693	0.00998	0.00876	0.00571	0.06126	0.02269	0.34376	0.01114	0.01069	0.00756	0.00475	0.00355	0.00137	0.00364	0.00335	0.00396	0.00608
14	0.00534	0.00410	0.00490	0.00550	0.00624	0.00365	0.00382	0.00627	0.00915	0.01166	0.04906	0.52161	0.32739	0.01273	0.00547	0.00167	0.00243	0.01123	0.00412	0.00365
15	0.01982	0.00752	0.01025	0.00786	0.01127	0.00649	0.00649	0.02152	0.01264	0.82029	0.01742	0.01503	0.01093	0.00547	0.00444	0.00137	0.00376	0.00444	0.00547	0.00752
16	0.00767	0.00384	0.00575	0.00575	0.00575	0.00384	0.00384	0.00575	0.00575	0.00767	0.00767	0.01343	0.00767	0.01534	0.01726	0.87150	0.00384	0.00384	0.00192	0.00192
17	0.00547	0.00391	0.00523	0.00625	0.00655	0.00367	0.00426	0.00631	0.00855	0.01138	0.02429	0.80020	0.02901	0.01375	0.00566	0.00181	0.00264	0.05336	0.00410	0.00361
18	0.00633	0.00465	0.00669	0.00669	0.00733	0.00530	0.00501	0.00762	0.00698	0.00995	0.01221	0.01944	0.01195	0.18005	0.68160	0.00659	0.01046	0.00504	0.00242	0.00371
19	0.00916	0.00785	0.00916	0.00654	0.01047	0.00589	0.00523	0.01112	0.00916	0.01439	0.00785	0.00916	0.00654	0.00327	0.00327	0.00065	0.00327	0.00262	0.00262	0.87178
20	0.01151	0.76424	0.10374	0.00806	0.01212	0.01675	0.00844	0.01330	0.00901	0.01075	0.00632	0.00731	0.00566	0.00382	0.00297	0.00099	0.00491	0.00245	0.00189	0.00575
21	0.00526	0.00448	0.00453	0.00452	0.00599	0.00375	0.00339	0.00642	0.01016	0.01215	0.07432	0.04214	0.78572	0.01110	0.00522	0.00149	0.00223	0.00927	0.00413	0.00375
22	0.87598	0.00854	0.00649	0.00581	0.00854	0.00991	0.00478	0.01298	0.00752	0.01982	0.00615	0.00717	0.00478	0.00410	0.00273	0.00137	0.00342	0.00239	0.00273	0.00478
23	0.00637	0.00483	0.00722	0.00718	0.00796	0.00567	0.00560	0.00794	0.00709	0.01026	0.01171	0.01720	0.01094	0.03264	0.81170	0.00700	0.02764	0.00472	0.00236	0.00396
24	0.00823	0.00412	0.00412	0.00412	0.00515	0.00412	0.00309	0.01029	0.00926	0.01647	0.01441	0.01647	0.01132	0.00515	0.00309	0.00103	0.00206	0.00412	0.86930	0.00412
25	0.01042	0.01191	0.02606	0.01862	0.02308	0.01117	0.80119	0.01415	0.01042	0.01415	0.00894	0.01191	0.00670	0.00372	0.00521	0.00149	0.00745	0.00521	0.00223	0.00596
26	0.87598	0.00854	0.00649	0.00581	0.00854	0.00991	0.00478	0.01298	0.00752	0.01982	0.00615	0.00717	0.00478	0.00410	0.00273	0.00137	0.00342	0.00239	0.00273	0.00478
27	0.01065	0.00901	0.00968	0.00883	0.01117	0.01031	0.00693	0.04688	0.68714	0.01818	0.03277	0.03704	0.01511	0.00670	0.00466	0.00154	0.00354	0.06875	0.00446	0.00665
28	0.79437	0.00924	0.00711	0.00627	0.00903	0.04151	0.00513	0.05782	0.00846	0.01992	0.00643	0.00740	0.00497	0.00419	0.00288	0.00136	0.00367	0.00250	0.00281	0.00495
29	0.00764	0.00584	0.00728	0.00745	0.00879	0.00605	0.00610	0.01186	0.18215	0.01539	0.22989	0.03763	0.05610	0.02440	0.00577	0.00177	0.00336	0.37351	0.00434	0.00468
30	0.00611	0.00469	0.00516	0.00522	0.00670	0.00406	0.00410	0.00743	0.01026	0.04336	0.06419	0.04232	0.63462	0.01106	0.00533	0.00157	0.00258	0.13312	0.00417	0.00394
31	0.03315	0.00686	0.00919	0.00730	0.01016	0.00603	0.00593	0.01837	0.01251	0.62302	0.19797	0.01895	0.01778	0.00625	0.00458	0.00137	0.00337	0.00521	0.00528	0.00670
32	0.04747	0.00766	0.01019	0.00784	0.01124	0.00676	0.00648	0.03865	0.01266	0.77671	0.01691	0.01468	0.01066	0.00542	0.00439	0.00137	0.00377	0.00436	0.00535	0.00743
33	0.01598	0.01146	0.01228	0.00951	0.01279	0.01261	0.00783	0.70983	0.01947	0.03962	0.01110	0.01127	0.00795	0.00529	0.00428	0.00130	0.00456	0.00400	0.09170	0.00717
34	0.00540	0.00385	0.00512	0.00612	0.00638	0.00360	0.00407	0.00615	0.00842	0.01122	0.02415	0.82673	0.02897	0.02934	0.00595	0.00184	0.00259	0.01244	0.00407	0.00357
35	0.00538	0.00384	0.00512	0.00615	0.00641	0.00359	0.00410	0.00615	0.00846	0.01127	0.02434	0.84190	0.02921	0.01384	0.00564	0.00179	0.00256	0.01256	0.00410	0.00359
36	0.00538	0.00384	0.00512	0.00615	0.00641	0.00359	0.00410	0.00615	0.00846	0.01127	0.02434	0.84190	0.02921	0.01384	0.00564	0.00179	0.00256	0.01256	0.00410	0.00359
37	0.00567	0.00402	0.00498	0.00562	0.00590	0.00380	0.00362	0.00624	0.00799	0.01053	0.02292	0.53929	0.08839	0.25741	0.01055	0.00250	0.00304	0.01050	0.00368	0.00333
38	0.00608	0.00436	0.00592	0.00688	0.00749	0.00420	0.00528	0.00739	0.00926	0.01221	0.04307	0.49241	0.04490	0.01302	0.00580	0.00187	0.00314	0.31881	0.00410	0.00379
39	0.00886	0.02285	0.82190	0.01259	0.01912	0.01026	0.01632	0.01399	0.00932	0.01399	0.00793	0.00932	0.00559	0.00420	0.00420	0.00140	0.00653	0.00326	0.00186	0.00653
40	0.00886	0.02285	0.82190	0.01259	0.01912	0.01026	0.01632	0.01399	0.00932	0.01399	0.00793	0.00932	0.00559	0.00420	0.00420	0.00140	0.00653	0.00326	0.00186	0.00653
41	0.00905	0.07688	0.76956	0.01226	0.01861	0.01073	0.01574	0.01394	0.00930	0.01375	0.00781	0.00918	0.00560	0.00417	0.00411	0.00137	0.00641	0.00320	0.00187	0.00647
42	0.01214	0.57745	0.14677	0.00900	0.01295	0.15398	0.00910	0.01409	0.00963	0.01103	0.00654	0.00759	0.00566	0.00398	0.00324	0.00105	0.00556	0.00259	0.00195	0.00571
43	0.01842	0.00756	0.00990	0.00771	0.01090	0.00683	0.00633	0.06482	0.03598	0.68489	0.01680	0.01494	0.01085	0.00545	0.00433	0.00134	0.00367	0.00440	0.07766	0.00722
44	0.00642	0.00428	0.00482	0.00482	0.00482	0.00428	0.00268	0.00642	0.00642	0.00856	0.01392	0.02890	0.01606	0.84478	0.02248	0.00428	0.00428	0.00642	0.00268	0.00268
45	0.00764	0.00384	0.00574	0.00576	0.00576	0.00383	0.00384	0.00576	0.00579	0.00772	0.00790	0.02498	0.00797	0.01532	0.01710	0.85937	0.00382	0.00396	0.00195	0.00194
46	0.00630	0.00468	0.00604	0.00671	0.00772	0.00443	0.00547	0.00790	0.01003	0.01291	0.08789	0.18085	0.22006	0.01199	0.00574	0.00181	0.00322	0.40820	0.00414	0.00391
47	0.00714	0.00513	0.00710	0.00807	0.00909	0.00516	0.00699	0.00936	0.02817	0.01326	0.02330	0.08041	0.02530	0.01213	0.00605	0.00201	0.00399	0.73915	0.00408	0.00411
48	0.01465	0.00639	0.00813	0.00663	0.00908	0.00583	0.00534	0.04973	0.01208	0.45740	0.13414	0.01787	0.01543	0.00590	0.00420	0.00128	0.00311	0.00486	0.23182	0.00613
49	0.01148	0.00938	0.01000	0.00892	0.01147	0.01073	0.00696	0.02336	0.76419	0.06383	0.01794	0.01640	0.01334	0.00596	0.00449	0.00149	0.00351	0.00496	0.00455	0.00702
50	0.00598	0.00512	0.00521	0.00507	0.00669	0.00467	0.00384	0.00858	0.11273	0.01288	0.05567	0.03899	0.69803	0.01048	0.00513	0.00149	0.00240	0.00874	0.00417	0.00416
51	0.00625	0.00451	0.00590	0.00556	0.00660	0.00417	0.00417	0.00833	0.01250	0.01771	0.81490	0.03299	0.04167	0.00903	0.00521	0.00139	0.00208	0.00799	0.00486	0.00417
52	0.00886	0.02285	0.82190	0.01259	0.01912	0.01026	0.01632	0.01399	0.00932	0.01399	0.00793	0.00932	0.00559	0.00420	0.00420	0.00140	0.00653	0.00326	0.00186	0.00653
53	0.01175	0.83087	0.03920	0.00766	0.01149	0.01733	0.00773	0.01324	0.00898	0.01046	0.00618	0.00713	0.00567	0.00379	0.00286	0.00095	0.00476	0.00238	0.00189	0.00569
54	0.00539	0.00390	0.00507	0.00601	0.00635	0.00361	0.00402	0.00617	0.00853	0.01127	0.02560	0.77041	0.08478	0.02872	0.00591	0.00182	0.00257	0.01221	0.00407	0.00358
55	0.00538	0.00384	0.00512	0.00615	0.00641	0.00359	0.00410	0.00615	0.00846	0.01127	0.02434	0.84190	0.02921	0.01384	0.00564	0.00179	0.00256	0.01256	0.00410	0.00359
56	0.00916	0.00785	0.00916	0.00654	0.01047	0.00589	0.00523	0.01112	0.00916	0.01439	0.00785	0.00916	0.00654	0.00327	0.00327	0.00065	0.00327	0.00262	0.00262	0.87178
57	0.01977	0.00759	0.01029	0.00789	0.01131	0.00660	0.00652	0.03281	0.01276	0.80884	0.01733	0.01497	0.01088	0.00546	0.00444	0.00137	0.00377	0.00443	0.00545	0.00752
58	0.01614	0.01189	0.01279	0.00993	0.01328	0.01312	0.00815	0.75746	0.02007	0.02690	0.01138	0.05763	0.00874	0.00578	0.00449	0.00135	0.00473	0.00446	0.00440	0.00729
59	0.00631	0.00473	0.00710	0.00710	0.00789	0.00552	0.00552	0.00789	0.00710	0.01025	0.01183	0.01735	0.01104	0.03312	0.82728	0.00710	0.01183	0.00473	0.00237	0.00394
60	0.00631	0.00471	0.00701	0.00701	0.00777	0.00547	0.00541	0.00783	0.00707	0.01019	0.01191	0.01779	0.01123	0.06430	0.79637	0.00699	0.01154	0.00480	0.00238	0.00389
61	0.01628	0.01212	0.01297	0.01006	0.01350	0.01346	0.00827	0.73427	0.08983	0.02702	0.01125	0.01112	0.00803	0.00536	0.00442	0.00134	0.00474	0.00407	0.00442	0.00747
62	0.01608	0.01190	0.01279	0.00991	0.01336	0.01310	0.00814	0.69661	0.08933	0.03879	0.01127	0.01114	0.00806	0.00530	0.00439	0.00132	0.00467	0.00403	0.00438	0.03545
63	0.01165	0.00982	0.01036	0.00912	0.01174	0.01130	0.00715	0.11278	0.71886	0.01955	0.01713	0.01580	0.01280	0.00591	0.00449	0.00148	0.00365	0.00488	0.00449	0.00705
64	0.00545	0.00389	0.00520	0.00623	0.00651	0.00364	0.00422	0.00626	0.00852	0.01135	0.02431	0.81148	0.02907	0.01377	0.00566	0.00180	0.00262	0.04232	0.00410	0.00361
65	0.00538	0.00411	0.00495	0.00561	0.00633	0.00368	0.00393	0.00631	0.00909	0.01157	0.03161	0.53139	0.31032	0.01284	0.00550	0.00169	0.00249	0.03544	0.00410	0.00365
