[name]
unknown

[dist]
# distance from previous block
# <min> <max>
0	49

[block]
# block no. 0 follows, 58 sequences, length 18
# corresponding to MSA columns:
# 49-66
name=unknown_A
#
# <colnr> <probs for GDERKNQSTAVLIFYWHMCP>
#	G	D	E	R	K	N	Q	S	T	A	V	L	I	F	Y	W	H	M	C	P
0	0.06651	0.00979	0.01227	0.32184	0.09739	0.10588	0.03941	0.02470	0.07660	0.04421	0.01398	0.01567	0.11439	0.00561	0.00479	0.00144	0.03271	0.00463	0.00278	0.00539
1	0.00909	0.10379	0.65491	0.01158	0.01743	0.01053	0.01440	0.01351	0.00935	0.01367	0.00876	0.05490	0.00704	0.00470	0.00415	0.00136	0.00604	0.00370	0.00205	0.04905
2	0.00605	0.00515	0.00603	0.00563	0.00711	0.00465	0.04289	0.00780	0.05348	0.01208	0.03694	0.06071	0.59274	0.11593	0.02139	0.00197	0.00303	0.00864	0.00387	0.00393
3	0.00876	0.00834	0.01366	0.67665	0.06141	0.01052	0.01209	0.01143	0.00869	0.01147	0.00766	0.01157	0.00600	0.00495	0.00598	0.00155	0.12827	0.00397	0.00199	0.00505
4	0.00866	0.00805	0.01316	0.59632	0.15060	0.00946	0.01150	0.01162	0.03150	0.01203	0.01067	0.01450	0.05127	0.04626	0.00542	0.00161	0.00551	0.00443	0.00225	0.00518
5	0.00845	0.00795	0.01342	0.83204	0.03081	0.00994	0.01242	0.01143	0.00894	0.01143	0.00795	0.01193	0.00596	0.00447	0.00447	0.00149	0.00596	0.00398	0.00199	0.00497
6	0.00872	0.00822	0.00930	0.00869	0.00959	0.12153	0.00683	0.02718	0.00818	0.01089	0.01011	0.01482	0.00942	0.03897	0.52213	0.00516	0.16914	0.00437	0.00235	0.00439
7	0.33784	0.00926	0.04305	0.00758	0.01082	0.03687	0.00645	0.01824	0.06032	0.40823	0.01264	0.01185	0.00850	0.00497	0.00383	0.00139	0.00393	0.00365	0.00418	0.00642
8	0.00779	0.00652	0.08469	0.00601	0.00768	0.00512	0.00516	0.04274	0.01069	0.03001	0.21205	0.14095	0.09236	0.00790	0.00440	0.00134	0.00277	0.00674	0.32055	0.00451
9	0.00616	0.00430	0.00532	0.00566	0.00596	0.00424	0.00369	0.00678	0.00785	0.01054	0.07035	0.27495	0.04476	0.41224	0.08181	0.00344	0.00423	0.04107	0.00336	0.00328
10	0.01007	0.01018	0.04502	0.16587	0.44713	0.01000	0.11587	0.02982	0.01009	0.01401	0.01004	0.07944	0.00896	0.00504	0.00468	0.00144	0.00552	0.01818	0.00241	0.00624
11	0.04483	0.62144	0.07895	0.00881	0.01256	0.09850	0.03290	0.01385	0.00941	0.01132	0.00650	0.00766	0.00574	0.00406	0.00349	0.00107	0.02859	0.00264	0.00200	0.00570
12	0.00732	0.00492	0.00688	0.00669	0.00737	0.00519	0.02152	0.03803	0.01665	0.01079	0.01515	0.13013	0.08189	0.04792	0.24122	0.29633	0.02398	0.00597	0.02861	0.00343
13	0.00633	0.00485	0.00683	0.00700	0.03018	0.00449	0.04802	0.00732	0.00943	0.01236	0.13955	0.29938	0.23755	0.01228	0.02348	0.10949	0.00318	0.03066	0.00379	0.00380
14	0.05923	0.22355	0.34196	0.05585	0.06924	0.07404	0.01176	0.02840	0.00999	0.07533	0.00820	0.00937	0.00621	0.00428	0.00386	0.00127	0.00573	0.00318	0.00233	0.00623
15	0.01015	0.00950	0.01569	0.26481	0.49000	0.01017	0.01255	0.02670	0.04408	0.01397	0.00958	0.03044	0.00812	0.00473	0.00453	0.00142	0.00533	0.02954	0.00239	0.00629
16	0.00550	0.00447	0.00478	0.00487	0.00612	0.00386	0.00356	0.00662	0.01000	0.01229	0.10205	0.11567	0.61077	0.06626	0.00650	0.00173	0.00246	0.02462	0.00412	0.00373
17	0.01119	0.21821	0.38521	0.01249	0.07532	0.13427	0.04315	0.03149	0.01025	0.01322	0.02202	0.00938	0.00655	0.00428	0.00396	0.00126	0.00621	0.00325	0.00211	0.00618

[dist]
# distance from previous block
# <min> <max>
1	3

[block]
# block no. 1 follows, 58 sequences, length 32
# corresponding to MSA columns:
# 70-101
name=unknown_B
#
# <colnr> <probs for GDERKNQSTAVLIFYWHMCP>
#	G	D	E	R	K	N	Q	S	T	A	V	L	I	F	Y	W	H	M	C	P
0	0.10187	0.32630	0.33400	0.00928	0.01371	0.01234	0.01042	0.01318	0.00897	0.03376	0.00824	0.03949	0.00708	0.03745	0.00468	0.02266	0.00522	0.00338	0.00220	0.00575
1	0.63774	0.03121	0.02645	0.02876	0.10880	0.03000	0.00664	0.04272	0.00870	0.01884	0.00692	0.00821	0.00544	0.00421	0.00315	0.00136	0.00399	0.00277	0.01882	0.00528
2	0.53562	0.10685	0.01010	0.00727	0.01023	0.05346	0.00607	0.12180	0.08180	0.01948	0.00796	0.00862	0.00617	0.00448	0.00324	0.00133	0.00406	0.00290	0.00304	0.00554
3	0.00581	0.00421	0.00543	0.00607	0.00660	0.00398	0.00426	0.00683	0.00905	0.01203	0.10840	0.49895	0.10544	0.09466	0.03928	0.00222	0.00318	0.07590	0.00402	0.00367
4	0.01090	0.44204	0.30224	0.02472	0.06535	0.03778	0.02231	0.01395	0.02128	0.01226	0.00726	0.00853	0.00594	0.00405	0.00357	0.00117	0.00559	0.00293	0.00198	0.00613
5	0.08376	0.07857	0.08898	0.06010	0.19125	0.11873	0.09010	0.04912	0.04278	0.09777	0.00983	0.03902	0.00785	0.00481	0.00441	0.00136	0.01853	0.00405	0.00281	0.00620
6	0.00651	0.00434	0.00488	0.00488	0.00488	0.00434	0.00271	0.00651	0.00651	0.00867	0.01409	0.02927	0.01626	0.84279	0.02277	0.00434	0.00434	0.00651	0.00271	0.00271
7	0.01271	0.01009	0.01078	0.00916	0.01187	0.01137	0.00726	0.29245	0.45376	0.02165	0.04456	0.04733	0.01315	0.00623	0.00456	0.00145	0.00390	0.00509	0.02569	0.00695
8	0.01014	0.01086	0.06247	0.15563	0.24146	0.01062	0.23181	0.01461	0.12302	0.01433	0.01043	0.02869	0.00845	0.00483	0.00511	0.00149	0.03585	0.02143	0.00257	0.00620
9	0.41262	0.00882	0.00908	0.00735	0.01051	0.00924	0.00606	0.13268	0.01163	0.33435	0.01138	0.01090	0.00770	0.00488	0.00370	0.00138	0.00381	0.00347	0.00411	0.00634
10	0.00639	0.00478	0.00711	0.00711	0.00788	0.00555	0.00549	0.00794	0.00717	0.01033	0.01205	0.01797	0.01136	0.06122	0.79763	0.00709	0.01172	0.00485	0.00241	0.00395
11	0.01089	0.03487	0.16419	0.10684	0.45761	0.07791	0.03085	0.01422	0.03455	0.01391	0.00843	0.01071	0.00676	0.00419	0.00435	0.00135	0.00583	0.00379	0.00220	0.00656
12	0.00942	0.03774	0.04218	0.02536	0.11146	0.08279	0.00787	0.05959	0.07791	0.01309	0.01207	0.01520	0.03771	0.01830	0.38098	0.00404	0.04132	0.00446	0.01332	0.00518
13	0.00645	0.00454	0.00593	0.00593	0.00630	0.00491	0.00402	0.00718	0.00682	0.00945	0.01313	0.02394	0.01395	0.47408	0.38832	0.00564	0.00782	0.00572	0.00257	0.00330
14	0.87439	0.00865	0.00657	0.00588	0.00865	0.01003	0.00484	0.01315	0.00761	0.02007	0.00623	0.00727	0.00484	0.00415	0.00277	0.00138	0.00346	0.00242	0.00277	0.00484
15	0.00596	0.00483	0.00546	0.00535	0.00685	0.00411	0.00400	0.00728	0.01007	0.01294	0.12045	0.18171	0.46310	0.01071	0.00518	0.00148	0.00251	0.04222	0.00407	0.10174
16	0.01006	0.01044	0.01491	0.03430	0.03976	0.05805	0.10685	0.01151	0.00796	0.01142	0.00835	0.01166	0.04464	0.00710	0.01187	0.00180	0.59783	0.00429	0.00213	0.00507
17	0.00610	0.00461	0.00550	0.02516	0.00677	0.00430	0.00394	0.00743	0.01019	0.01346	0.31612	0.03543	0.29161	0.19429	0.02746	0.00224	0.00304	0.03458	0.00402	0.00375
18	0.03578	0.06806	0.01673	0.03311	0.04839	0.36105	0.23576	0.01531	0.01112	0.03935	0.00908	0.05866	0.00778	0.00492	0.00458	0.00132	0.02012	0.00427	0.01910	0.00549
19	0.03810	0.10674	0.11353	0.01064	0.07682	0.04378	0.06679	0.05192	0.04799	0.08230	0.02599	0.01191	0.03702	0.00454	0.00413	0.00115	0.01770	0.00371	0.00290	0.25234
20	0.01227	0.79273	0.02278	0.00786	0.01163	0.04395	0.00771	0.03794	0.00958	0.01109	0.00638	0.00732	0.00580	0.00390	0.00296	0.00098	0.00490	0.00246	0.00201	0.00578
21	0.13476	0.01958	0.01184	0.01075	0.01312	0.71268	0.00812	0.01721	0.01198	0.01220	0.00682	0.00796	0.00564	0.00455	0.00386	0.00118	0.00743	0.00282	0.00237	0.00514
22	0.07140	0.01207	0.01279	0.00992	0.01340	0.01338	0.00817	0.70156	0.05530	0.04091	0.01091	0.01086	0.00776	0.00533	0.00437	0.00135	0.00475	0.00398	0.00439	0.00741
23	0.00612	0.00455	0.00570	0.00544	0.00656	0.00413	0.00407	0.00803	0.01213	0.01674	0.65751	0.05205	0.18111	0.00964	0.00529	0.00143	0.00215	0.00843	0.00477	0.00413
24	0.00818	0.05760	0.00891	0.00721	0.00914	0.00751	0.03621	0.01354	0.27071	0.01619	0.29257	0.02716	0.19017	0.00867	0.02508	0.00158	0.00323	0.00685	0.00429	0.00522
25	0.01423	0.00596	0.00773	0.00645	0.00863	0.00541	0.00510	0.01567	0.01089	0.43192	0.05621	0.01645	0.01241	0.00724	0.01981	0.09954	0.00336	0.00452	0.26277	0.00571
26	0.00864	0.00804	0.01361	0.56270	0.14813	0.00932	0.04014	0.01142	0.00940	0.01239	0.04108	0.05092	0.00975	0.00543	0.00468	0.00151	0.00552	0.04975	0.00236	0.00520
27	0.00897	0.02314	0.81962	0.01275	0.01936	0.01039	0.01653	0.01417	0.00944	0.01417	0.00803	0.00944	0.00567	0.00425	0.00425	0.00142	0.00661	0.00331	0.00189	0.00661
28	0.00777	0.00389	0.00583	0.00583	0.00583	0.00389	0.00389	0.00583	0.00583	0.00777	0.00777	0.01360	0.00777	0.01554	0.01748	0.86985	0.00389	0.00389	0.00194	0.00194
29	0.01958	0.00750	0.01022	0.00788	0.01125	0.00649	0.00649	0.02133	0.01280	0.78961	0.04584	0.01587	0.01218	0.00566	0.00453	0.00138	0.00375	0.00463	0.00551	0.00749
30	0.00928	0.00795	0.00928	0.00663	0.01060	0.00596	0.00530	0.01126	0.00928	0.01458	0.00795	0.00928	0.00663	0.00331	0.00331	0.00066	0.00331	0.00265	0.00265	0.87014
31	0.73158	0.02915	0.02889	0.00645	0.00943	0.01014	0.00550	0.04809	0.00866	0.07805	0.00730	0.00805	0.00546	0.00430	0.00301	0.00137	0.00366	0.00267	0.00300	0.00523

[dist]
# distance from previous block
# <min> <max>
0	11

[block]
# block no. 2 follows, 58 sequences, length 24
# corresponding to MSA columns:
# 113-136
name=unknown_C
#
# <colnr> <probs for GDERKNQSTAVLIFYWHMCP>
#	G	D	E	R	K	N	Q	S	T	A	V	L	I	F	Y	W	H	M	C	P
0	0.28104	0.09920	0.01249	0.00967	0.01234	0.41439	0.04038	0.03772	0.01075	0.01435	0.00680	0.00802	0.00557	0.00446	0.00386	0.00125	0.02717	0.00285	0.00246	0.00523
1	0.00782	0.00417	0.00635	0.06300	0.00756	0.00430	0.00448	0.00622	0.00604	0.00802	0.00778	0.01348	0.00764	0.01477	0.01658	0.80976	0.00403	0.00389	0.00195	0.00215
2	0.01392	0.25758	0.01844	0.01181	0.01490	0.40762	0.15917	0.01565	0.01103	0.01146	0.00708	0.00863	0.00596	0.00434	0.00431	0.00119	0.03601	0.00323	0.00217	0.00550
3	0.00978	0.00857	0.01298	0.35952	0.20411	0.03806	0.02106	0.05754	0.00950	0.01258	0.00816	0.01174	0.00671	0.00655	0.00698	0.17301	0.00533	0.00389	0.00222	0.04172
4	0.05296	0.07219	0.19290	0.03381	0.12077	0.05811	0.03304	0.02884	0.21010	0.01518	0.01269	0.05210	0.01092	0.00589	0.00446	0.00146	0.00503	0.08036	0.00304	0.00614
5	0.02722	0.01128	0.03848	0.01138	0.09064	0.06479	0.03071	0.35427	0.01555	0.22073	0.02311	0.06933	0.01015	0.00578	0.00454	0.00138	0.00480	0.00471	0.00419	0.00696
6	0.01058	0.01037	0.01202	0.01060	0.01150	0.09242	0.00854	0.01432	0.19490	0.02455	0.01041	0.06750	0.00945	0.00793	0.02463	0.00185	0.47554	0.00470	0.00281	0.00537
7	0.01008	0.00864	0.02942	0.02194	0.03550	0.00673	0.00616	0.05485	0.01006	0.04157	0.00844	0.00965	0.00680	0.00356	0.00349	0.00078	0.00360	0.00286	0.00280	0.73306
8	0.00642	0.00457	0.00611	0.00614	0.00657	0.00498	0.00428	0.00729	0.00692	0.00965	0.01325	0.04422	0.01391	0.39130	0.44849	0.00579	0.00835	0.00576	0.00258	0.00342
9	0.01126	0.01154	0.10028	0.06479	0.45310	0.02388	0.02489	0.03541	0.12894	0.05728	0.03721	0.01270	0.00922	0.00465	0.00447	0.00138	0.00511	0.00424	0.00284	0.00681
10	0.01126	0.01111	0.01792	0.04976	0.73606	0.05077	0.02995	0.01388	0.01028	0.01434	0.00834	0.01097	0.00698	0.00403	0.00443	0.00133	0.00552	0.00396	0.00221	0.00691
11	0.00640	0.00490	0.00693	0.00836	0.08155	0.00479	0.01879	0.00752	0.00883	0.01215	0.02256	0.62381	0.06367	0.01195	0.00568	0.00170	0.03069	0.01072	0.06490	0.00408
12	0.05265	0.23162	0.50075	0.01057	0.01602	0.01185	0.01267	0.01386	0.00932	0.02979	0.00766	0.00886	0.00582	0.00410	0.00376	0.00124	0.00569	0.00300	0.00207	0.06869
13	0.00645	0.00457	0.00607	0.00607	0.00648	0.00498	0.00420	0.00727	0.00686	0.00956	0.01300	0.02324	0.01364	0.42542	0.43655	0.00581	0.00828	0.00562	0.00255	0.00337
14	0.87439	0.00865	0.00657	0.00588	0.00865	0.01003	0.00484	0.01315	0.00761	0.02007	0.00623	0.00727	0.00484	0.00415	0.00277	0.00138	0.00346	0.00242	0.00277	0.00484
15	0.01024	0.00972	0.01622	0.02422	0.69812	0.00963	0.01227	0.01267	0.01012	0.01422	0.01288	0.04896	0.09075	0.00516	0.00457	0.00137	0.00489	0.00491	0.00249	0.00660
16	0.00777	0.00389	0.00583	0.00583	0.00583	0.00389	0.00389	0.00583	0.00583	0.00777	0.00777	0.01360	0.00777	0.01554	0.01748	0.86985	0.00389	0.00389	0.00194	0.00194
17	0.00928	0.02126	0.70334	0.01360	0.07864	0.01046	0.01566	0.01480	0.06468	0.01451	0.00876	0.01007	0.00633	0.00436	0.00428	0.00142	0.00630	0.00348	0.00210	0.00668
18	0.00544	0.00393	0.00515	0.00612	0.00646	0.00364	0.00411	0.00624	0.00866	0.01146	0.02592	0.79095	0.07769	0.01385	0.00568	0.00180	0.00258	0.01252	0.00415	0.00364
19	0.00962	0.00976	0.01297	0.06088	0.09484	0.08933	0.08682	0.01194	0.05330	0.01259	0.05872	0.03658	0.11636	0.00821	0.04305	0.00185	0.28010	0.00524	0.00272	0.00513
20	0.00539	0.00414	0.00494	0.00558	0.00632	0.00369	0.00386	0.00630	0.00919	0.01167	0.03254	0.53569	0.32868	0.01299	0.00555	0.00170	0.00247	0.01147	0.00415	0.00369
21	0.00993	0.06632	0.02386	0.00715	0.01094	0.00739	0.00596	0.02611	0.00946	0.03705	0.00805	0.00935	0.00666	0.00369	0.00391	0.00079	0.04450	0.00278	0.00267	0.71342
22	0.03009	0.00829	0.02644	0.00719	0.01111	0.00635	0.01951	0.01334	0.00991	0.16141	0.00970	0.01037	0.00738	0.00376	0.00357	0.00084	0.00355	0.00304	0.00316	0.66099
23	0.01534	0.06315	0.03405	0.05133	0.07405	0.60725	0.00925	0.04596	0.01229	0.02405	0.00763	0.02094	0.00637	0.00469	0.00408	0.00120	0.00729	0.00321	0.00241	0.00549

[dist]
# distance from previous block
# <min> <max>
0	1

[block]
# block no. 3 follows, 58 sequences, length 18
# corresponding to MSA columns:
# 150-167
name=unknown_D
#
# <colnr> <probs for GDERKNQSTAVLIFYWHMCP>
#	G	D	E	R	K	N	Q	S	T	A	V	L	I	F	Y	W	H	M	C	P
0	0.01245	0.70054	0.05667	0.00871	0.03754	0.05530	0.00823	0.01409	0.00950	0.05235	0.00699	0.00786	0.00606	0.00398	0.00312	0.00102	0.00499	0.00261	0.00213	0.00589
1	0.83541	0.00930	0.04319	0.00619	0.00913	0.01005	0.00537	0.01320	0.00770	0.01980	0.00631	0.00736	0.00488	0.00416	0.00283	0.00139	0.00360	0.00246	0.00273	0.00492
2	0.05952	0.01144	0.01247	0.01049	0.04779	0.01267	0.00820	0.58804	0.11289	0.02515	0.01206	0.03869	0.00931	0.00578	0.00448	0.00140	0.00461	0.02357	0.00428	0.00717
3	0.01014	0.00580	0.00648	0.00558	0.00749	0.00556	0.00437	0.07890	0.01061	0.08864	0.02704	0.01525	0.01088	0.00649	0.04569	0.00136	0.00318	0.00406	0.52645	0.13604
4	0.01218	0.00832	0.01164	0.02925	0.08937	0.00725	0.06779	0.02539	0.04375	0.21702	0.02712	0.03961	0.02407	0.00474	0.00411	0.00110	0.00398	0.00415	0.00351	0.37567
5	0.00536	0.00440	0.00473	0.00494	0.00616	0.00376	0.00359	0.00645	0.00993	0.01215	0.06852	0.21467	0.61618	0.01183	0.00538	0.00157	0.00233	0.01010	0.00418	0.00376
6	0.01190	0.02769	0.04950	0.03953	0.49378	0.02966	0.02306	0.08807	0.03713	0.05670	0.00928	0.01107	0.00736	0.00423	0.00429	0.00127	0.00510	0.00385	0.00269	0.09384
7	0.00979	0.00979	0.01370	0.01174	0.01174	0.01370	0.00979	0.01077	0.00685	0.01077	0.00587	0.00979	0.00587	0.00783	0.01468	0.00196	0.83461	0.00391	0.00196	0.00489
8	0.06943	0.05506	0.02855	0.02080	0.00829	0.03944	0.01665	0.00811	0.00879	0.01213	0.02054	0.63278	0.02397	0.01171	0.00520	0.00169	0.00328	0.02581	0.00372	0.00405
9	0.01635	0.01238	0.01412	0.01079	0.01439	0.01359	0.05927	0.71713	0.05306	0.02691	0.01094	0.01107	0.00781	0.00530	0.00453	0.00136	0.00503	0.00415	0.00434	0.00748
10	0.00887	0.02007	0.65649	0.17852	0.02168	0.01030	0.01570	0.01361	0.00934	0.01361	0.00801	0.00995	0.00573	0.00429	0.00429	0.00143	0.00648	0.00344	0.00191	0.00628
11	0.00611	0.00467	0.00563	0.00547	0.00664	0.00427	0.00407	0.00816	0.03741	0.01570	0.49596	0.10550	0.26376	0.01010	0.00529	0.00148	0.00224	0.00878	0.00462	0.00413
12	0.01097	0.01092	0.01982	0.02572	0.65474	0.01077	0.17254	0.01385	0.01026	0.01456	0.00854	0.01127	0.00703	0.00394	0.00460	0.00136	0.00576	0.00425	0.00222	0.00687
13	0.00570	0.00435	0.00524	0.00544	0.00640	0.00388	0.00392	0.00705	0.01053	0.01389	0.30253	0.28921	0.30284	0.01142	0.00542	0.00157	0.00232	0.01000	0.00442	0.00388
14	0.00628	0.00466	0.00519	0.00499	0.00643	0.00403	0.00376	0.00776	0.01101	0.04653	0.27219	0.03831	0.52812	0.01027	0.00519	0.00146	0.00228	0.00869	0.02877	0.00408
15	0.00604	0.00456	0.00557	0.00532	0.00650	0.00410	0.00399	0.00788	0.01197	0.01630	0.59801	0.03611	0.25775	0.00976	0.00528	0.00144	0.00215	0.00847	0.00471	0.00410
16	0.01069	0.02853	0.13422	0.26387	0.14845	0.17485	0.09134	0.01348	0.01011	0.01252	0.00902	0.06586	0.00771	0.00494	0.00448	0.00140	0.00629	0.00434	0.00224	0.00563
17	0.04356	0.14648	0.10769	0.01067	0.05324	0.19068	0.00894	0.05487	0.29252	0.01537	0.01147	0.01216	0.00903	0.00509	0.00409	0.00132	0.00525	0.01814	0.00314	0.00629

[dist]
# distance from previous block
# <min> <max>
0	4

[block]
# block no. 4 follows, 58 sequences, length 15
# corresponding to MSA columns:
# 182-196
name=unknown_E
#
# <colnr> <probs for GDERKNQSTAVLIFYWHMCP>
#	G	D	E	R	K	N	Q	S	T	A	V	L	I	F	Y	W	H	M	C	P
0	0.00843	0.00816	0.02344	0.02682	0.15919	0.09983	0.00743	0.01008	0.02852	0.01219	0.01722	0.43481	0.01923	0.01047	0.02384	0.00177	0.06250	0.03803	0.00332	0.00473
1	0.00624	0.00685	0.12034	0.00693	0.00834	0.00480	0.00590	0.00798	0.00972	0.01336	0.21379	0.44161	0.06361	0.04281	0.00604	0.00175	0.00313	0.02867	0.00396	0.00418
2	0.00992	0.36738	0.25503	0.00919	0.01308	0.03108	0.00982	0.01247	0.00882	0.01167	0.00802	0.01034	0.00695	0.02574	0.15546	0.00233	0.02801	0.00324	0.00204	0.02941
3	0.00845	0.00795	0.01342	0.83204	0.03081	0.00994	0.01242	0.01143	0.00894	0.01143	0.00795	0.01193	0.00596	0.00447	0.00447	0.00149	0.00596	0.00398	0.00199	0.00497
4	0.00554	0.00405	0.00521	0.00596	0.00646	0.00372	0.00408	0.00652	0.00925	0.01230	0.12406	0.65144	0.11869	0.01311	0.00561	0.00173	0.00250	0.01178	0.00425	0.00372
5	0.01700	0.01253	0.01342	0.01029	0.01387	0.01387	0.00850	0.79997	0.02103	0.02819	0.01074	0.01074	0.00761	0.00537	0.00447	0.00134	0.00492	0.00403	0.00447	0.00761
6	0.00928	0.00795	0.00928	0.00663	0.01060	0.00596	0.00530	0.01126	0.00928	0.01458	0.00795	0.00928	0.00663	0.00331	0.00331	0.00066	0.00331	0.00265	0.00265	0.87014
7	0.00764	0.00395	0.00588	0.00588	0.00593	0.00400	0.00395	0.00598	0.00593	0.00796	0.00823	0.01435	0.00826	0.04378	0.06661	0.78915	0.00439	0.00403	0.00200	0.00209
8	0.02007	0.00761	0.01038	0.00796	0.01142	0.00657	0.00657	0.02180	0.01280	0.81799	0.01765	0.01523	0.01107	0.00554	0.00450	0.00138	0.00381	0.00450	0.00554	0.00761
9	0.01229	0.02896	0.01232	0.01229	0.14697	0.06885	0.00838	0.15562	0.39504	0.01872	0.04299	0.01415	0.01148	0.00543	0.00441	0.00137	0.00436	0.00448	0.00385	0.04802
10	0.00640	0.00477	0.00707	0.00707	0.00782	0.00552	0.00544	0.00791	0.00715	0.01029	0.01209	0.01819	0.01145	0.07653	0.78246	0.00704	0.01158	0.00488	0.00241	0.00393
11	0.00695	0.00471	0.00618	0.00573	0.00690	0.00433	0.00433	0.00904	0.01267	0.05384	0.77686	0.03260	0.04081	0.00898	0.00524	0.00141	0.00219	0.00793	0.00495	0.00437
12	0.00843	0.00705	0.00972	0.03437	0.18536	0.00725	0.00720	0.01287	0.18281	0.01672	0.38117	0.07195	0.02629	0.00757	0.00496	0.00145	0.00330	0.02196	0.00411	0.00545
13	0.01050	0.01281	0.16371	0.01454	0.07022	0.00969	0.35035	0.04357	0.01047	0.03814	0.00886	0.01085	0.00672	0.00387	0.00448	0.00125	0.00594	0.00410	0.00247	0.22748
14	0.00967	0.00835	0.00930	0.00748	0.03140	0.05157	0.00559	0.02900	0.00933	0.02770	0.00900	0.01225	0.00806	0.11412	0.02898	0.00143	0.02559	0.00336	0.00269	0.60514

[dist]
# distance from previous block
# <min> <max>
0	5

[block]
# block no. 5 follows, 58 sequences, length 12
# corresponding to MSA columns:
# 209-220
name=unknown_F
#
# <colnr> <probs for GDERKNQSTAVLIFYWHMCP>
#	G	D	E	R	K	N	Q	S	T	A	V	L	I	F	Y	W	H	M	C	P
0	0.00911	0.05263	0.54889	0.01305	0.03718	0.01036	0.12266	0.01328	0.00934	0.01356	0.00918	0.05824	0.00761	0.03419	0.00551	0.00156	0.04117	0.00424	0.00211	0.00613
1	0.76272	0.00916	0.00747	0.00646	0.00933	0.01053	0.00532	0.11563	0.00936	0.02113	0.00682	0.00772	0.00520	0.00431	0.00299	0.00138	0.00365	0.00263	0.00299	0.00520
2	0.00857	0.00650	0.00749	0.00702	0.00844	0.00694	0.00522	0.04082	0.26814	0.03511	0.18975	0.07646	0.05377	0.17411	0.05796	0.00242	0.00387	0.03832	0.00410	0.00498
3	0.01131	0.01165	0.00954	0.00877	0.01091	0.24142	0.00667	0.01782	0.38100	0.01505	0.05207	0.05601	0.14505	0.00700	0.00461	0.00142	0.00452	0.00562	0.00384	0.00572
4	0.00641	0.00470	0.00671	0.00671	0.00734	0.00533	0.00499	0.00768	0.00705	0.01003	0.01242	0.02001	0.01224	0.20209	0.65798	0.00660	0.01039	0.00515	0.00246	0.00373
5	0.01078	0.01071	0.01940	0.08376	0.60644	0.01071	0.16434	0.01368	0.01017	0.01433	0.00850	0.01132	0.00695	0.00398	0.00459	0.00137	0.00579	0.00423	0.00221	0.00673
6	0.01047	0.01180	0.02494	0.01804	0.02204	0.01159	0.70806	0.01392	0.01013	0.01392	0.00868	0.01180	0.00668	0.00424	0.00636	0.00156	0.10251	0.00512	0.00223	0.00590
7	0.00779	0.00676	0.01068	0.33618	0.12947	0.00770	0.00889	0.00971	0.00844	0.01134	0.01219	0.15558	0.01225	0.12584	0.11645	0.00268	0.02499	0.00592	0.00254	0.00460
8	0.00694	0.00528	0.00570	0.00564	0.00673	0.03866	0.00406	0.00812	0.01017	0.04877	0.21050	0.15481	0.30302	0.14030	0.00801	0.00197	0.00297	0.03034	0.00409	0.00393
9	0.00751	0.00406	0.00608	0.00608	0.00623	0.00420	0.00420	0.00623	0.00608	0.00826	0.00856	0.01434	0.00841	0.01891	0.16881	0.70820	0.00540	0.00406	0.00203	0.00233
10	0.01214	0.04858	0.02931	0.04413	0.10780	0.25867	0.04609	0.03559	0.00988	0.01215	0.00736	0.00998	0.00641	0.00661	0.03645	0.00169	0.29162	0.00364	0.02651	0.00539
11	0.00928	0.00795	0.00928	0.00663	0.01060	0.00596	0.00530	0.01126	0.00928	0.01458	0.00795	0.00928	0.00663	0.00331	0.00331	0.00066	0.00331	0.00265	0.00265	0.87014

[dist]
# distance from previous block
# <min> <max>
1	3

[block]
# block no. 6 follows, 58 sequences, length 10
# corresponding to MSA columns:
# 224-233
name=unknown_G
#
# <colnr> <probs for GDERKNQSTAVLIFYWHMCP>
#	G	D	E	R	K	N	Q	S	T	A	V	L	I	F	Y	W	H	M	C	P
0	0.01115	0.04865	0.34484	0.01414	0.06026	0.10492	0.19262	0.04346	0.05735	0.03278	0.00891	0.01050	0.00668	0.00447	0.00488	0.00141	0.04038	0.00389	0.00238	0.00632
1	0.00886	0.00792	0.01233	0.28063	0.25322	0.00836	0.00985	0.01175	0.04187	0.01415	0.14130	0.04589	0.03545	0.00560	0.00452	0.00136	0.00449	0.00504	0.02425	0.08317
2	0.00666	0.00519	0.00770	0.00755	0.00828	0.00623	0.00592	0.00821	0.00716	0.01041	0.01150	0.01696	0.01077	0.03153	0.76138	0.00678	0.07663	0.00472	0.00236	0.00406
3	0.00957	0.00976	0.04851	0.03183	0.22107	0.00950	0.19302	0.01384	0.14027	0.01462	0.05308	0.10621	0.03487	0.00644	0.00548	0.00154	0.04989	0.04153	0.00306	0.00592
4	0.00712	0.00495	0.00596	0.04202	0.00714	0.00496	0.00398	0.00807	0.04075	0.01038	0.01450	0.06543	0.01574	0.53009	0.01672	0.05381	0.00408	0.06498	0.04255	0.05678
5	0.01050	0.01032	0.01834	0.12579	0.55466	0.01054	0.13100	0.01331	0.01007	0.01417	0.03115	0.01193	0.00786	0.00426	0.00485	0.00139	0.02678	0.00429	0.00226	0.00653
6	0.00978	0.01060	0.04502	0.01017	0.01111	0.14733	0.00842	0.01118	0.00824	0.01106	0.03484	0.01263	0.00866	0.01496	0.25728	0.00336	0.38426	0.00412	0.00224	0.00472
7	0.02885	0.04189	0.01275	0.07518	0.18941	0.03100	0.02128	0.08021	0.04084	0.03636	0.00913	0.02577	0.00748	0.00417	0.00389	0.00106	0.00436	0.00352	0.00279	0.38006
8	0.03487	0.01012	0.03417	0.23489	0.48112	0.01060	0.01265	0.04280	0.01008	0.03292	0.00840	0.01117	0.00675	0.00440	0.00490	0.00141	0.04612	0.00393	0.00231	0.00638
9	0.00946	0.00700	0.00842	0.00643	0.00959	0.00553	0.00509	0.01141	0.01041	0.09227	0.18852	0.01684	0.05450	0.00521	0.00396	0.00094	0.00304	0.00436	0.00350	0.55350

[dist]
# distance from previous block
# <min> <max>
0	1

[block]
# block no. 7 follows, 58 sequences, length 123
# corresponding to MSA columns:
# 235-264,267-273,275-281,284-301,327-345,353-365,374-402
name=unknown_H
#
# <colnr> <probs for GDERKNQSTAVLIFYWHMCP>
#	G	D	E	R	K	N	Q	S	T	A	V	L	I	F	Y	W	H	M	C	P
0	0.01200	0.03693	0.04634	0.03381	0.40569	0.04042	0.04006	0.04855	0.01086	0.10305	0.02551	0.01141	0.00799	0.00423	0.00422	0.00122	0.00495	0.00383	0.00279	0.15615
1	0.00960	0.00909	0.01536	0.40728	0.37817	0.00995	0.02548	0.01239	0.00967	0.01322	0.03701	0.01224	0.00779	0.00438	0.00446	0.00139	0.00549	0.00411	0.00222	0.03071
2	0.00917	0.00783	0.00916	0.00661	0.01048	0.00590	0.00527	0.01112	0.00926	0.01449	0.00843	0.03309	0.00728	0.00362	0.00338	0.00070	0.00329	0.00294	0.00269	0.84529
3	0.01086	0.06074	0.19953	0.12617	0.35826	0.01066	0.06010	0.03334	0.01021	0.06163	0.00903	0.02366	0.00712	0.00437	0.00438	0.00137	0.00566	0.00398	0.00238	0.00655
4	0.02883	0.01233	0.01301	0.01009	0.01357	0.03446	0.00829	0.69491	0.05446	0.06771	0.01126	0.01111	0.00796	0.00537	0.00444	0.00135	0.00487	0.00404	0.00445	0.00748
5	0.00571	0.00412	0.00548	0.00640	0.00684	0.00383	0.00443	0.00663	0.00873	0.01167	0.02406	0.75066	0.02857	0.01355	0.00567	0.00180	0.00274	0.07469	0.00410	0.03030
6	0.00865	0.00815	0.01378	0.77112	0.09017	0.00999	0.01252	0.01160	0.00904	0.01167	0.00799	0.01186	0.00605	0.00444	0.00447	0.00148	0.00591	0.00398	0.00200	0.00513
7	0.00529	0.00453	0.00453	0.00453	0.00604	0.00378	0.00340	0.00642	0.01020	0.01208	0.04532	0.04305	0.81307	0.01133	0.00529	0.00151	0.00227	0.00944	0.00415	0.00378
8	0.00639	0.00479	0.00719	0.00719	0.00799	0.00559	0.00559	0.00799	0.00719	0.01038	0.01198	0.01757	0.01118	0.03355	0.82507	0.00719	0.01198	0.00479	0.00240	0.00399
9	0.00897	0.02314	0.81962	0.01275	0.01936	0.01039	0.01653	0.01417	0.00944	0.01417	0.00803	0.00944	0.00567	0.00425	0.00425	0.00142	0.00661	0.00331	0.00189	0.00661
10	0.00903	0.00463	0.00474	0.00454	0.00576	0.00466	0.00346	0.04578	0.00999	0.03807	0.01450	0.01638	0.01128	0.00523	0.00322	0.00106	0.00226	0.00417	0.80683	0.00441
11	0.00979	0.00979	0.01370	0.01174	0.01174	0.01370	0.00979	0.01077	0.00685	0.01077	0.00587	0.00979	0.00587	0.00783	0.01468	0.00196	0.83461	0.00391	0.00196	0.00489
12	0.00627	0.00457	0.00589	0.00556	0.00664	0.00419	0.00417	0.00832	0.01252	0.01759	0.76694	0.03399	0.08801	0.00927	0.00528	0.00141	0.00212	0.00817	0.00488	0.00419
13	0.87439	0.00865	0.00657	0.00588	0.00865	0.01003	0.00484	0.01315	0.00761	0.02007	0.00623	0.00727	0.00484	0.00415	0.00277	0.00138	0.00346	0.00242	0.00277	0.00484
14	0.00529	0.00453	0.00453	0.00453	0.00604	0.00378	0.00340	0.00642	0.01020	0.01208	0.04532	0.04305	0.81307	0.01133	0.00529	0.00151	0.00227	0.00944	0.00415	0.00378
15	0.05856	0.00773	0.01025	0.00790	0.01133	0.00684	0.00652	0.03280	0.01269	0.77043	0.01703	0.01480	0.01074	0.00547	0.00442	0.00138	0.00381	0.00440	0.00540	0.00749
16	0.01219	0.01014	0.01071	0.00932	0.01204	0.01162	0.00734	0.16418	0.66466	0.02043	0.01686	0.01561	0.01256	0.00594	0.00454	0.00149	0.00379	0.00487	0.00454	0.00718
17	0.01287	0.01407	0.15666	0.01397	0.04470	0.04479	0.27871	0.26799	0.01382	0.04469	0.00953	0.01093	0.00696	0.00444	0.00462	0.00137	0.00612	0.00422	0.00304	0.05651
18	0.00909	0.03623	0.76056	0.03038	0.04798	0.01051	0.01619	0.01408	0.00945	0.01406	0.00801	0.00952	0.00572	0.00424	0.00424	0.00141	0.00652	0.00333	0.00190	0.00658
19	0.16740	0.00648	0.02195	0.00678	0.00841	0.00637	0.00521	0.02578	0.00852	0.01386	0.01487	0.34011	0.01615	0.03399	0.08522	0.00210	0.05133	0.00705	0.01693	0.16148
20	0.10290	0.01004	0.05968	0.30708	0.31886	0.03187	0.01161	0.01269	0.00946	0.01405	0.02511	0.01149	0.00724	0.00443	0.00436	0.00139	0.01812	0.00384	0.03997	0.00580
21	0.00629	0.00456	0.00582	0.00551	0.00660	0.00418	0.00413	0.00832	0.01239	0.01744	0.73366	0.03384	0.10399	0.00924	0.00523	0.00141	0.00212	0.00812	0.02296	0.00418
22	0.84070	0.00861	0.00672	0.00596	0.00876	0.00990	0.00491	0.01349	0.00782	0.05153	0.00668	0.00758	0.00509	0.00421	0.00284	0.00138	0.00347	0.00250	0.00288	0.00495
23	0.01311	0.01081	0.01172	0.01011	0.02973	0.02435	0.02305	0.27606	0.50647	0.02151	0.01522	0.01441	0.01129	0.00573	0.00453	0.00145	0.00417	0.00467	0.00440	0.00720
24	0.00639	0.00479	0.00719	0.00719	0.00799	0.00559	0.00559	0.00799	0.00719	0.01038	0.01198	0.01757	0.01118	0.03355	0.82507	0.00719	0.01198	0.00479	0.00240	0.00399
25	0.00992	0.20614	0.01440	0.07085	0.15032	0.07663	0.04705	0.04578	0.02129	0.01270	0.01339	0.28471	0.01414	0.00744	0.00450	0.00141	0.00463	0.00649	0.00291	0.00529
26	0.01130	0.03960	0.53859	0.01225	0.01730	0.24512	0.01380	0.01508	0.01026	0.01303	0.00758	0.00901	0.00570	0.00449	0.00457	0.00135	0.03964	0.00319	0.00201	0.00611
27	0.00651	0.00434	0.00488	0.00488	0.00488	0.00434	0.00271	0.00651	0.00651	0.00867	0.01409	0.02927	0.01626	0.84279	0.02277	0.00434	0.00434	0.00651	0.00271	0.00271
28	0.04779	0.00826	0.01079	0.04577	0.07972	0.00806	0.00736	0.04478	0.14821	0.48294	0.01730	0.01595	0.05110	0.00569	0.00448	0.00141	0.00393	0.00469	0.00473	0.00707
29	0.01140	0.38140	0.09879	0.05322	0.19881	0.04403	0.06129	0.02647	0.06118	0.01293	0.00804	0.00954	0.00666	0.00413	0.00377	0.00120	0.00536	0.00333	0.00223	0.00621
30	0.03115	0.09428	0.06392	0.04621	0.07595	0.56222	0.00949	0.01626	0.01154	0.01159	0.00726	0.01852	0.00614	0.00464	0.00421	0.00121	0.02463	0.00312	0.00225	0.00543
31	0.00583	0.00466	0.00524	0.00512	0.00647	0.00412	0.00387	0.00757	0.02655	0.01440	0.32732	0.03917	0.49370	0.01045	0.00529	0.00149	0.00228	0.02803	0.00444	0.00401
32	0.00554	0.00431	0.00504	0.00535	0.00632	0.00381	0.00383	0.00672	0.01005	0.01292	0.17917	0.33273	0.38441	0.01191	0.00544	0.00160	0.00236	0.01039	0.00430	0.00381
33	0.00938	0.02869	0.00964	0.00670	0.01064	0.00636	0.00540	0.01158	0.02606	0.01456	0.00812	0.00938	0.00675	0.00338	0.00333	0.00069	0.00335	0.00269	0.00267	0.83060
34	0.00852	0.00802	0.01354	0.81037	0.05193	0.00996	0.01246	0.01149	0.00898	0.01151	0.00796	0.01190	0.00599	0.00446	0.00447	0.00149	0.00595	0.00398	0.00199	0.00503
35	0.00529	0.00453	0.00453	0.00453	0.00604	0.00378	0.00340	0.00642	0.01020	0.01208	0.04532	0.04305	0.81307	0.01133	0.00529	0.00151	0.00227	0.00944	0.00415	0.00378
36	0.00829	0.00714	0.02477	0.01344	0.28746	0.00672	0.00782	0.01082	0.02875	0.02828	0.45969	0.04469	0.03927	0.00730	0.00495	0.00139	0.00337	0.00660	0.00390	0.00535
37	0.01092	0.03495	0.03679	0.17286	0.55756	0.06556	0.01296	0.01352	0.01001	0.01357	0.00810	0.01085	0.00669	0.00420	0.00458	0.00135	0.02305	0.00385	0.00216	0.00647
38	0.00945	0.01026	0.02042	0.01530	0.01866	0.03666	0.56501	0.01238	0.01020	0.01359	0.02959	0.21076	0.01296	0.00637	0.00534	0.00157	0.00626	0.00704	0.00277	0.00539
39	0.85905	0.00869	0.00678	0.00627	0.02297	0.01005	0.00500	0.01316	0.00766	0.01997	0.00627	0.00733	0.00488	0.00415	0.00280	0.00138	0.00349	0.00245	0.00276	0.00488
40	0.00639	0.00479	0.00719	0.00719	0.00799	0.00559	0.00559	0.00799	0.00719	0.01038	0.01198	0.01757	0.01118	0.03355	0.82507	0.00719	0.01198	0.00479	0.00240	0.00399
41	0.01671	0.02132	0.01268	0.01152	0.01383	0.82483	0.00864	0.01786	0.01268	0.01095	0.00691	0.00807	0.00576	0.00461	0.00403	0.00115	0.00807	0.00288	0.00230	0.00519
42	0.01684	0.00779	0.00977	0.00789	0.01090	0.00745	0.00638	0.03389	0.18652	0.54851	0.03005	0.01589	0.01211	0.00568	0.00440	0.00138	0.00359	0.00464	0.07917	0.00715
43	0.00536	0.00452	0.00465	0.00466	0.00610	0.00380	0.00348	0.00656	0.01032	0.01247	0.09816	0.06522	0.73692	0.01125	0.00530	0.00151	0.00226	0.00944	0.00421	0.00380
44	0.01056	0.01207	0.02640	0.01885	0.02338	0.01131	0.79864	0.01433	0.01056	0.01433	0.00905	0.01207	0.00679	0.00377	0.00528	0.00151	0.00754	0.00528	0.00226	0.00603
45	0.00567	0.00418	0.00528	0.00578	0.00643	0.00382	0.00402	0.00683	0.00983	0.01313	0.22821	0.49065	0.15890	0.02825	0.00586	0.00171	0.00245	0.01089	0.00432	0.00379
46	0.00721	0.00515	0.00721	0.00824	0.00927	0.00515	0.00721	0.00927	0.01030	0.01339	0.02368	0.05046	0.02574	0.01236	0.00618	0.00206	0.00412	0.78478	0.00412	0.00412
47	0.03574	0.00763	0.01031	0.00792	0.01137	0.00664	0.00654	0.02164	0.01271	0.80335	0.01744	0.01508	0.01096	0.00551	0.00447	0.00138	0.00380	0.00446	0.00549	0.00756
48	0.00551	0.00454	0.00485	0.00477	0.00618	0.00387	0.00358	0.00686	0.01073	0.01336	0.21245	0.04095	0.64514	0.01085	0.00528	0.00149	0.00223	0.00915	0.00432	0.00387
49	0.00727	0.00524	0.00740	0.00857	0.02317	0.00524	0.00732	0.00934	0.01030	0.01341	0.02342	0.04978	0.02542	0.01221	0.00615	0.00205	0.00414	0.77131	0.00409	0.00417
50	0.00897	0.02314	0.81962	0.01275	0.01936	0.01039	0.01653	0.01417	0.00944	0.01417	0.00803	0.00944	0.00567	0.00425	0.00425	0.00142	0.00661	0.00331	0.00189	0.00661
51	0.00979	0.00979	0.01370	0.01174	0.01174	0.01370	0.00979	0.01077	0.00685	0.01077	0.00587	0.00979	0.00587	0.00783	0.01468	0.00196	0.83461	0.00391	0.00196	0.00489
52	0.01977	0.00768	0.01037	0.00800	0.01143	0.00673	0.00659	0.02187	0.03949	0.79112	0.01767	0.01527	0.01116	0.00555	0.00450	0.00139	0.00380	0.00452	0.00550	0.00759
53	0.00639	0.00479	0.00719	0.00719	0.00799	0.00559	0.00559	0.00799	0.00719	0.01038	0.01198	0.01757	0.01118	0.03355	0.82507	0.00719	0.01198	0.00479	0.00240	0.00399
54	0.00639	0.00479	0.00719	0.00719	0.00799	0.00559	0.00559	0.00799	0.00719	0.01038	0.01198	0.01757	0.01118	0.03355	0.82507	0.00719	0.01198	0.00479	0.00240	0.00399
55	0.13766	0.00776	0.00986	0.00767	0.01104	0.00705	0.00634	0.02061	0.01209	0.70816	0.01608	0.01413	0.01022	0.00535	0.00426	0.00138	0.00376	0.00421	0.00516	0.00723
56	0.01668	0.01222	0.01308	0.01006	0.01355	0.01351	0.00830	0.77029	0.02059	0.02776	0.01088	0.01096	0.00775	0.00536	0.00442	0.00133	0.00482	0.00403	0.03693	0.00748
57	0.00651	0.00434	0.00488	0.00488	0.00488	0.00434	0.00271	0.00651	0.00651	0.00867	0.01409	0.02927	0.01626	0.84279	0.02277	0.00434	0.00434	0.00651	0.00271	0.00271
58	0.87439	0.00865	0.00657	0.00588	0.00865	0.01003	0.00484	0.01315	0.00761	0.02007	0.00623	0.00727	0.00484	0.00415	0.00277	0.00138	0.00346	0.00242	0.00277	0.00484
59	0.00639	0.00479	0.00719	0.00719	0.00799	0.00559	0.00559	0.00799	0.00719	0.01038	0.01198	0.01757	0.01118	0.03355	0.82507	0.00719	0.01198	0.00479	0.00240	0.00399
60	0.01039	0.01179	0.02568	0.01843	0.02281	0.01105	0.77194	0.01406	0.01049	0.01423	0.00957	0.03989	0.00755	0.00412	0.00529	0.00152	0.00738	0.00553	0.00233	0.00595
61	0.00689	0.00470	0.00612	0.00569	0.00686	0.00431	0.00429	0.00895	0.01257	0.05258	0.74814	0.03299	0.07074	0.00907	0.00524	0.00141	0.00219	0.00799	0.00492	0.00435
62	0.01137	0.01012	0.01023	0.00921	0.01173	0.04659	0.00715	0.02351	0.77219	0.01837	0.01771	0.01631	0.01331	0.00601	0.00453	0.00150	0.00374	0.00496	0.00445	0.00700
63	0.01653	0.01249	0.01313	0.01020	0.01361	0.04077	0.00838	0.73917	0.02015	0.02684	0.01067	0.01095	0.00770	0.00657	0.04023	0.00159	0.00534	0.00402	0.00431	0.00737
64	0.00650	0.00436	0.00498	0.00498	0.00501	0.00439	0.00284	0.00657	0.00653	0.00875	0.01400	0.02876	0.01604	0.80752	0.05774	0.00446	0.00467	0.00643	0.00270	0.00277
65	0.00645	0.00457	0.00605	0.00605	0.00646	0.00498	0.00418	0.00726	0.00685	0.00954	0.01302	0.02332	0.01368	0.43081	0.43121	0.00579	0.00823	0.00563	0.00255	0.00336
66	0.01948	0.00747	0.01014	0.00782	0.01113	0.00648	0.00641	0.02113	0.01253	0.78271	0.01749	0.01584	0.01130	0.04203	0.00529	0.00151	0.00383	0.00459	0.00541	0.00740
67	0.01768	0.00744	0.01047	0.00813	0.01131	0.00654	0.04079	0.01972	0.02576	0.66406	0.11216	0.01764	0.02515	0.00597	0.00464	0.00140	0.00374	0.00503	0.00529	0.00708
68	0.01700	0.01253	0.01342	0.01029	0.01387	0.01387	0.00850	0.79997	0.02103	0.02819	0.01074	0.01074	0.00761	0.00537	0.00447	0.00134	0.00492	0.00403	0.00447	0.00761
69	0.01649	0.01218	0.01304	0.01004	0.01353	0.01343	0.00828	0.76538	0.02056	0.02749	0.01225	0.01215	0.04272	0.00563	0.00451	0.00135	0.00481	0.00426	0.00446	0.00744
70	0.00845	0.00795	0.01342	0.83204	0.03081	0.00994	0.01242	0.01143	0.00894	0.01143	0.00795	0.01193	0.00596	0.00447	0.00447	0.00149	0.00596	0.00398	0.00199	0.00497
71	0.00666	0.00479	0.00669	0.00664	0.00733	0.00541	0.00495	0.02008	0.00735	0.01057	0.01250	0.01981	0.01217	0.19620	0.61584	0.00627	0.00992	0.00510	0.03792	0.00380
72	0.87439	0.00865	0.00657	0.00588	0.00865	0.01003	0.00484	0.01315	0.00761	0.02007	0.00623	0.00727	0.00484	0.00415	0.00277	0.00138	0.00346	0.00242	0.00277	0.00484
73	0.01148	0.01049	0.01023	0.00922	0.01169	0.08160	0.00714	0.02284	0.71646	0.01802	0.03862	0.01639	0.01374	0.00603	0.00453	0.00148	0.00389	0.00495	0.00437	0.00684
74	0.00928	0.00795	0.00928	0.00663	0.01060	0.00596	0.00530	0.01126	0.00928	0.01458	0.00795	0.00928	0.00663	0.00331	0.00331	0.00066	0.00331	0.00265	0.00265	0.87014
75	0.00977	0.25767	0.50632	0.01040	0.01563	0.01185	0.01259	0.01356	0.00934	0.01338	0.00819	0.00954	0.00629	0.00423	0.00374	0.00125	0.00562	0.00313	0.09142	0.00611
76	0.04013	0.08821	0.59274	0.01282	0.01869	0.01100	0.12470	0.01430	0.00960	0.03575	0.00822	0.00970	0.00595	0.00418	0.00424	0.00139	0.00641	0.00351	0.00207	0.00642
77	0.00545	0.00389	0.00519	0.00623	0.00649	0.00363	0.00415	0.00623	0.00856	0.01142	0.02465	0.83987	0.02959	0.01401	0.00571	0.00182	0.00260	0.01272	0.00415	0.00363
78	0.01107	0.01063	0.01816	0.02746	0.81489	0.01063	0.01373	0.01373	0.01019	0.01461	0.00841	0.01107	0.00709	0.00399	0.00443	0.00133	0.00531	0.00399	0.00221	0.00709
79	0.00877	0.01381	0.30928	0.24400	0.04230	0.00969	0.14972	0.01249	0.00922	0.01291	0.00900	0.01244	0.00707	0.00835	0.11646	0.00225	0.00725	0.01724	0.00210	0.00566
80	0.00588	0.00420	0.00568	0.00672	0.00716	0.00400	0.00490	0.00697	0.00899	0.01190	0.02442	0.64780	0.02865	0.01361	0.00582	0.00188	0.00297	0.20057	0.00414	0.00375
81	0.00564	0.00453	0.00503	0.00493	0.00627	0.00392	0.00369	0.00709	0.01099	0.01403	0.30170	0.05527	0.53989	0.01065	0.00529	0.00148	0.00222	0.00905	0.00441	0.00392
82	0.01196	0.84548	0.02344	0.00765	0.01148	0.01770	0.00765	0.01339	0.00909	0.01052	0.00622	0.00718	0.00574	0.00383	0.00287	0.00096	0.00478	0.00239	0.00191	0.00574
83	0.00918	0.00869	0.10151	0.13995	0.08032	0.00752	0.00834	0.01322	0.12143	0.08365	0.31062	0.02221	0.04462	0.00682	0.00481	0.00145	0.00389	0.02241	0.00385	0.00552
84	0.01857	0.00717	0.00959	0.00748	0.01063	0.00627	0.00614	0.02035	0.01237	0.71585	0.01726	0.01541	0.01112	0.00550	0.00432	0.00134	0.00359	0.00446	0.11542	0.00717
85	0.00979	0.00979	0.01370	0.01174	0.01174	0.01370	0.00979	0.01077	0.00685	0.01077	0.00587	0.00979	0.00587	0.00783	0.01468	0.00196	0.83461	0.00391	0.00196	0.00489
86	0.02866	0.01473	0.28897	0.04846	0.17017	0.01040	0.13377	0.10415	0.01150	0.13121	0.00991	0.01119	0.00710	0.00444	0.00448	0.00140	0.00583	0.00400	0.00285	0.00677
87	0.01106	0.01082	0.03409	0.01026	0.03102	0.18225	0.01954	0.02678	0.00977	0.07992	0.01362	0.17080	0.03674	0.00870	0.02092	0.00174	0.25479	0.06913	0.00305	0.00501
88	0.78973	0.03650	0.00752	0.00631	0.00909	0.06427	0.00519	0.01347	0.00800	0.01916	0.00627	0.00732	0.00493	0.00417	0.00286	0.00135	0.00381	0.00245	0.00271	0.00490
89	0.00547	0.00398	0.00517	0.00610	0.00650	0.00368	0.00414	0.00631	0.00877	0.01153	0.02674	0.74217	0.10927	0.01371	0.00568	0.00179	0.00259	0.02860	0.00415	0.00366
90	0.00697	0.00498	0.00685	0.00671	0.00755	0.00551	0.00502	0.00881	0.04394	0.03280	0.07240	0.02125	0.03062	0.17434	0.54512	0.00572	0.00909	0.00544	0.00286	0.00401
91	0.00633	0.00457	0.00598	0.00563	0.00668	0.00422	0.00422	0.00844	0.01266	0.01794	0.81253	0.03341	0.04221	0.00914	0.00528	0.00141	0.00211	0.00809	0.00492	0.00422
92	0.00561	0.00403	0.00532	0.00630	0.00665	0.00378	0.00433	0.00649	0.00870	0.01152	0.02499	0.72824	0.05525	0.03611	0.00619	0.00189	0.00275	0.07408	0.00411	0.00365
93	0.00544	0.00391	0.00517	0.00617	0.00647	0.00364	0.00413	0.00624	0.00862	0.01144	0.02535	0.81309	0.05592	0.01392	0.00570	0.00181	0.00258	0.01261	0.00415	0.00364
94	0.01196	0.84548	0.02344	0.00765	0.01148	0.01770	0.00765	0.01339	0.00909	0.01052	0.00622	0.00718	0.00574	0.00383	0.00287	0.00096	0.00478	0.00239	0.00191	0.00574
95	0.00620	0.00462	0.00581	0.00575	0.00682	0.00426	0.00434	0.00817	0.02395	0.01595	0.53082	0.11503	0.17310	0.01019	0.00538	0.00152	0.00236	0.06697	0.00465	0.00412
96	0.00629	0.00457	0.00593	0.00559	0.00666	0.00420	0.00419	0.00837	0.01257	0.01772	0.78409	0.03377	0.07078	0.00923	0.00528	0.00141	0.00212	0.00814	0.00490	0.00420
97	0.00995	0.01007	0.01386	0.01184	0.01196	0.03117	0.02123	0.01097	0.00703	0.01082	0.00594	0.00978	0.00588	0.00770	0.01431	0.00193	0.80475	0.00391	0.00197	0.00492
98	0.01700	0.01253	0.01342	0.01029	0.01387	0.01387	0.00850	0.79997	0.02103	0.02819	0.01074	0.01074	0.00761	0.00537	0.00447	0.00134	0.00492	0.00403	0.00447	0.00761
99	0.00979	0.00979	0.01370	0.01174	0.01174	0.01370	0.00979	0.01077	0.00685	0.01077	0.00587	0.00979	0.00587	0.00783	0.01468	0.00196	0.83461	0.00391	0.00196	0.00489
100	0.02007	0.00761	0.01038	0.00796	0.01142	0.00657	0.00657	0.02180	0.01280	0.81799	0.01765	0.01523	0.01107	0.00554	0.00450	0.00138	0.00381	0.00450	0.00554	0.00761
101	0.01670	0.01224	0.01310	0.01008	0.01357	0.01353	0.00831	0.77222	0.02062	0.02779	0.01088	0.01095	0.00774	0.00536	0.00443	0.00133	0.00482	0.00403	0.03481	0.00749
102	0.01107	0.01063	0.01816	0.02746	0.81489	0.01063	0.01373	0.01373	0.01019	0.01461	0.00841	0.01107	0.00709	0.00399	0.00443	0.00133	0.00531	0.00399	0.00221	0.00709
