[name]
unknown

[dist]
# distance from previous block
# <min> <max>
0	48

[block]
# block no. 0 follows, 50 sequences, length 14
# corresponding to MSA columns:
# 51-64
name=unknown_A
#
# <colnr> <probs for GDERKNQSTAVLIFYWHMCP>
#	G	D	E	R	K	N	Q	S	T	A	V	L	I	F	Y	W	H	M	C	P
0	0.02380	0.00774	0.00993	0.20978	0.05286	0.04429	0.00798	0.03723	0.01153	0.01525	0.14860	0.14763	0.13163	0.02999	0.00597	0.00174	0.00442	0.05217	0.00381	0.05363
1	0.01227	0.11295	0.01205	0.02232	0.02762	0.06198	0.00692	0.16549	0.01312	0.05765	0.10074	0.01943	0.04062	0.11896	0.09877	0.01904	0.00575	0.00528	0.03759	0.06145
2	0.03776	0.01107	0.01182	0.19332	0.01706	0.11197	0.00885	0.21958	0.04226	0.03673	0.03504	0.07308	0.07153	0.02287	0.00596	0.03184	0.00541	0.02807	0.02972	0.00606
3	0.01207	0.01044	0.01523	0.39302	0.15144	0.04350	0.03469	0.12942	0.02593	0.03481	0.00985	0.01313	0.00763	0.00632	0.00643	0.08644	0.00616	0.00446	0.00284	0.00619
4	0.00818	0.00488	0.00643	0.00694	0.03796	0.00479	0.00459	0.00822	0.00857	0.01227	0.01825	0.08988	0.12027	0.05222	0.05693	0.36419	0.00413	0.00628	0.18150	0.00352
5	0.00689	0.00497	0.00631	0.00687	0.00761	0.00487	0.00497	0.00841	0.02663	0.01343	0.07310	0.34944	0.11671	0.11780	0.09620	0.00296	0.00442	0.10665	0.03756	0.00420
6	0.00953	0.00786	0.01271	0.48455	0.08226	0.00923	0.01102	0.01202	0.00969	0.03907	0.01113	0.04688	0.00949	0.03852	0.10364	0.05041	0.00677	0.00505	0.04485	0.00530
7	0.01152	0.01155	0.01701	0.41542	0.34104	0.09031	0.01401	0.01449	0.01094	0.01412	0.00895	0.01247	0.00713	0.00478	0.00491	0.00155	0.00658	0.00431	0.00235	0.00652
8	0.00713	0.00529	0.00775	0.00775	0.00856	0.00609	0.00591	0.00874	0.00793	0.01138	0.01359	0.02088	0.01302	0.11568	0.72754	0.00769	0.01250	0.00553	0.00271	0.00431
9	0.01150	0.00918	0.01483	0.41987	0.21092	0.01020	0.01227	0.01473	0.03820	0.10426	0.07257	0.01561	0.01115	0.00578	0.00542	0.02345	0.00570	0.00490	0.00309	0.00637
10	0.00974	0.00732	0.01024	0.01264	0.19933	0.00720	0.00750	0.01247	0.09379	0.06625	0.07509	0.17089	0.15472	0.04167	0.00766	0.08664	0.00394	0.00787	0.01950	0.00554
11	0.00759	0.00478	0.00556	0.00564	0.00603	0.00478	0.00359	0.00827	0.00844	0.01228	0.04730	0.09188	0.03299	0.45804	0.06812	0.04336	0.00455	0.00715	0.17609	0.00357
12	0.00857	0.00513	0.00618	0.00611	0.00689	0.00488	0.00408	0.00947	0.00957	0.09054	0.08612	0.19151	0.07693	0.36586	0.03071	0.00319	0.00397	0.00855	0.07758	0.00417
13	0.17777	0.00626	0.00680	0.00656	0.00827	0.00616	0.00490	0.01121	0.02506	0.10271	0.14985	0.23041	0.18447	0.04994	0.00628	0.00186	0.00318	0.00880	0.00456	0.00497

[dist]
# distance from previous block
# <min> <max>
1	4

[block]
# block no. 1 follows, 50 sequences, length 10
# corresponding to MSA columns:
# 69-78
name=unknown_B
#
# <colnr> <probs for GDERKNQSTAVLIFYWHMCP>
#	G	D	E	R	K	N	Q	S	T	A	V	L	I	F	Y	W	H	M	C	P
0	0.04797	0.00636	0.00716	0.00692	0.00856	0.00632	0.00520	0.01251	0.14837	0.06099	0.17634	0.15892	0.22846	0.05050	0.00657	0.00186	0.00314	0.03389	0.02478	0.00519
1	0.00884	0.00598	0.00688	0.00658	0.00836	0.00553	0.00500	0.01157	0.08948	0.11121	0.12140	0.13357	0.39406	0.02940	0.00623	0.00179	0.00304	0.04103	0.00492	0.00513
2	0.00665	0.00473	0.00581	0.00634	0.00681	0.00448	0.00424	0.00749	0.00950	0.01257	0.09190	0.36843	0.10775	0.27845	0.01250	0.00288	0.00355	0.05794	0.00418	0.00382
3	0.10153	0.00679	0.00709	0.00641	0.00805	0.00703	0.00475	0.12136	0.01167	0.05860	0.03428	0.06150	0.07018	0.19579	0.00915	0.00221	0.00366	0.00602	0.27889	0.00504
4	0.05134	0.00584	0.00672	0.00631	0.00792	0.00544	0.00470	0.02504	0.02806	0.09324	0.26727	0.10570	0.28032	0.08113	0.00735	0.00193	0.00303	0.00894	0.00484	0.00488
5	0.01171	0.01327	0.02844	0.02046	0.02516	0.01279	0.72295	0.01569	0.01148	0.01569	0.00984	0.01327	0.00749	0.00451	0.00660	0.00172	0.06402	0.00578	0.00250	0.00664
6	0.00705	0.00507	0.00605	0.00616	0.00742	0.00452	0.00455	0.00855	0.01166	0.04782	0.22764	0.22047	0.34303	0.03221	0.00648	0.00183	0.00279	0.04736	0.00487	0.00447
7	0.00736	0.00505	0.00659	0.00669	0.00725	0.00526	0.00461	0.00826	0.00826	0.03192	0.01837	0.15041	0.05397	0.34899	0.30920	0.00534	0.00756	0.00771	0.00330	0.00391
8	0.00617	0.00451	0.00571	0.00655	0.00707	0.00415	0.00442	0.00713	0.00992	0.01306	0.07279	0.62272	0.14021	0.06159	0.00737	0.00211	0.00292	0.01297	0.00458	0.00405
9	0.04741	0.00876	0.01131	0.00893	0.01223	0.00835	0.00734	0.08391	0.01420	0.56461	0.06258	0.01876	0.05830	0.00688	0.00583	0.00159	0.06034	0.00539	0.00556	0.00771

[dist]
# distance from previous block
# <min> <max>
0	1

[block]
# block no. 2 follows, 50 sequences, length 7
# corresponding to MSA columns:
# 80-86
name=unknown_C
#
# <colnr> <probs for GDERKNQSTAVLIFYWHMCP>
#	G	D	E	R	K	N	Q	S	T	A	V	L	I	F	Y	W	H	M	C	P
0	0.01190	0.01081	0.01382	0.07178	0.20820	0.08264	0.04196	0.09027	0.09987	0.03042	0.05147	0.09261	0.03842	0.08089	0.00749	0.00191	0.03709	0.01855	0.00355	0.00634
1	0.00919	0.00666	0.00811	0.00839	0.05646	0.00687	0.00533	0.13034	0.01084	0.01465	0.05129	0.17412	0.01973	0.42062	0.05277	0.00358	0.00493	0.00791	0.00369	0.00452
2	0.00682	0.00497	0.00595	0.00616	0.00689	0.00456	0.00406	0.00764	0.00940	0.01257	0.08228	0.33522	0.12904	0.28893	0.01254	0.00281	0.00352	0.01017	0.00403	0.06245
3	0.06734	0.06220	0.04351	0.04552	0.06535	0.10012	0.00862	0.12372	0.01326	0.11947	0.04531	0.06581	0.01255	0.00645	0.00473	0.00143	0.00511	0.05677	0.00380	0.14893
4	0.00934	0.00682	0.00852	0.00793	0.00947	0.00692	0.02876	0.09152	0.04945	0.06387	0.04531	0.25557	0.20321	0.08298	0.04360	0.00235	0.04190	0.03296	0.00440	0.00513
5	0.07083	0.14347	0.14621	0.01089	0.04439	0.05815	0.03417	0.05782	0.03259	0.07721	0.08011	0.03235	0.02840	0.00729	0.03974	0.00172	0.04477	0.00461	0.00330	0.08199
6	0.06754	0.03709	0.03905	0.04785	0.11724	0.18825	0.00967	0.20963	0.01481	0.07053	0.03243	0.06189	0.04982	0.00647	0.00512	0.00151	0.02565	0.00503	0.00369	0.00674

[dist]
# distance from previous block
# <min> <max>
28	95

[block]
# block no. 3 follows, 50 sequences, length 19
# corresponding to MSA columns:
# 199-217
name=unknown_D
#
# <colnr> <probs for GDERKNQSTAVLIFYWHMCP>
#	G	D	E	R	K	N	Q	S	T	A	V	L	I	F	Y	W	H	M	C	P
0	0.07895	0.04792	0.01372	0.03040	0.03354	0.23541	0.06429	0.05943	0.12470	0.08568	0.04073	0.01552	0.06589	0.00607	0.00505	0.00146	0.02882	0.00472	0.00364	0.05404
1	0.03471	0.00942	0.01280	0.18882	0.07172	0.03728	0.06873	0.09690	0.08215	0.03887	0.05245	0.09919	0.11824	0.00871	0.03620	0.00187	0.00537	0.00657	0.00371	0.02628
2	0.09060	0.00903	0.01065	0.10078	0.01377	0.00985	0.00764	0.11529	0.13057	0.08129	0.10510	0.02131	0.13384	0.00744	0.00598	0.00159	0.07660	0.00584	0.00420	0.06861
3	0.01150	0.00965	0.01372	0.06088	0.21957	0.03721	0.05239	0.09430	0.03614	0.05872	0.07460	0.14341	0.04182	0.03601	0.04543	0.00205	0.03230	0.00673	0.00367	0.01990
4	0.00735	0.00578	0.00770	0.00940	0.08092	0.00571	0.00594	0.00990	0.09609	0.01400	0.02618	0.61704	0.06785	0.01344	0.00606	0.00192	0.00327	0.01213	0.00448	0.00484
5	0.03547	0.18030	0.01928	0.23391	0.09190	0.02929	0.13514	0.07108	0.05773	0.01546	0.01022	0.04578	0.00856	0.00543	0.00523	0.00154	0.03976	0.00471	0.00278	0.00642
6	0.01036	0.00814	0.00923	0.11447	0.01292	0.08082	0.00698	0.02788	0.06527	0.09714	0.10013	0.26284	0.09134	0.01154	0.05208	0.00206	0.00476	0.00843	0.00424	0.02938
7	0.04160	0.10423	0.38852	0.02847	0.15603	0.07112	0.07742	0.04764	0.01145	0.01604	0.00887	0.01072	0.00677	0.00467	0.00464	0.00149	0.00689	0.00387	0.00240	0.00714
8	0.01248	0.11312	0.28779	0.06917	0.01957	0.04125	0.11517	0.14536	0.02796	0.01736	0.00964	0.02474	0.00753	0.00545	0.00587	0.00158	0.08192	0.00431	0.00279	0.00695
9	0.00625	0.00447	0.00597	0.00694	0.00726	0.00431	0.00466	0.00714	0.00924	0.01240	0.02534	0.69218	0.03003	0.07392	0.08190	0.00278	0.00400	0.01287	0.00433	0.00401
10	0.27005	0.22962	0.04113	0.01088	0.07273	0.17648	0.00862	0.07543	0.01161	0.01724	0.00782	0.00905	0.00642	0.00469	0.00377	0.00132	0.00569	0.00311	0.00279	0.04154
11	0.00703	0.00487	0.00537	0.00537	0.00565	0.00473	0.00314	0.00723	0.00792	0.01028	0.02136	0.03511	0.14381	0.69287	0.02221	0.00432	0.00446	0.00778	0.00328	0.00321
12	0.01051	0.01101	0.08566	0.07957	0.13140	0.01006	0.12356	0.04729	0.16808	0.01798	0.17311	0.03343	0.05843	0.00694	0.00539	0.00163	0.00509	0.02045	0.00385	0.00655
13	0.01121	0.00857	0.01020	0.00750	0.01164	0.00656	0.00597	0.01333	0.01066	0.08861	0.01091	0.05646	0.00928	0.00459	0.00396	0.00089	0.00370	0.00377	0.00335	0.72886
14	0.02188	0.02610	0.17976	0.01052	0.04636	0.02613	0.02501	0.06015	0.01189	0.11476	0.02625	0.05813	0.07589	0.00676	0.00508	0.01633	0.00491	0.05303	0.00360	0.22749
15	0.00929	0.00465	0.00465	0.00465	0.00581	0.00465	0.00348	0.01161	0.01045	0.01858	0.01626	0.01858	0.01278	0.00581	0.00348	0.00116	0.00232	0.00465	0.85250	0.00465
16	0.01296	0.31848	0.24492	0.01364	0.07137	0.10721	0.08908	0.04749	0.01146	0.01451	0.00829	0.00990	0.00669	0.00466	0.00448	0.00137	0.02077	0.00357	0.00236	0.00681
17	0.00625	0.00506	0.00552	0.00557	0.00702	0.00439	0.00418	0.00768	0.01158	0.01441	0.16430	0.08023	0.57009	0.04119	0.00666	0.00183	0.00271	0.05238	0.00471	0.00426
18	0.05914	0.02404	0.01381	0.05348	0.09334	0.02639	0.08726	0.04030	0.36149	0.01824	0.02804	0.06390	0.06104	0.00696	0.00558	0.00167	0.03844	0.00597	0.00403	0.00687

[dist]
# distance from previous block
# <min> <max>
0	1

[block]
# block no. 4 follows, 50 sequences, length 43
# corresponding to MSA columns:
# 219-240,248-268
name=unknown_E
#
# <colnr> <probs for GDERKNQSTAVLIFYWHMCP>
#	G	D	E	R	K	N	Q	S	T	A	V	L	I	F	Y	W	H	M	C	P
0	0.27547	0.03460	0.03890	0.03151	0.01313	0.06523	0.00782	0.18671	0.08166	0.14443	0.04109	0.01384	0.03375	0.00584	0.00438	0.00152	0.00478	0.00430	0.00418	0.00685
1	0.01114	0.01062	0.01806	0.35160	0.48210	0.01153	0.01470	0.01425	0.01078	0.01483	0.00916	0.01273	0.00738	0.00466	0.00495	0.00155	0.00622	0.00444	0.00236	0.00693
2	0.01021	0.06112	0.73756	0.01419	0.02134	0.01198	0.04452	0.01575	0.01055	0.01561	0.00890	0.01051	0.00636	0.00470	0.00471	0.00156	0.00731	0.00371	0.00212	0.00730
3	0.02060	0.00838	0.01113	0.00867	0.01231	0.00742	0.00711	0.02323	0.05645	0.68430	0.04089	0.01751	0.01336	0.00624	0.00495	0.00152	0.00409	0.00509	0.03715	0.02960
4	0.00639	0.00504	0.00576	0.00564	0.00705	0.00441	0.00421	0.00810	0.01247	0.01622	0.36494	0.07052	0.44813	0.01169	0.00590	0.00165	0.00246	0.01001	0.00499	0.00441
5	0.01895	0.01396	0.01496	0.01147	0.01546	0.01546	0.00947	0.77711	0.02344	0.03141	0.01197	0.01197	0.00848	0.00598	0.00499	0.00150	0.00548	0.00449	0.00499	0.00848
6	0.02226	0.00865	0.01167	0.00895	0.01281	0.00758	0.00739	0.04742	0.01455	0.77366	0.01943	0.01681	0.01222	0.00616	0.00501	0.00154	0.00428	0.00500	0.00613	0.00848
7	0.00618	0.00489	0.00557	0.00576	0.00700	0.00428	0.00418	0.00759	0.01152	0.01469	0.20449	0.22898	0.45158	0.01281	0.00600	0.00174	0.00257	0.01106	0.00481	0.00428
8	0.01245	0.01265	0.01689	0.01381	0.01579	0.09229	0.15765	0.05768	0.15733	0.01553	0.01072	0.03125	0.00908	0.00713	0.01017	0.00186	0.36334	0.00501	0.00304	0.00632
9	0.00941	0.00886	0.01495	0.81285	0.03433	0.01107	0.01384	0.01274	0.00997	0.01274	0.00886	0.01329	0.00664	0.00498	0.00498	0.00166	0.00664	0.00443	0.00221	0.00554
10	0.02236	0.00848	0.01157	0.00887	0.01272	0.00733	0.00733	0.02429	0.01427	0.79719	0.01966	0.01697	0.01234	0.00617	0.00501	0.00154	0.00424	0.00501	0.00617	0.00848
11	0.01208	0.01189	0.02102	0.09597	0.50018	0.01216	0.16753	0.03472	0.03513	0.01627	0.00977	0.01277	0.00791	0.00471	0.00555	0.00157	0.03603	0.00476	0.00259	0.00738
12	0.01468	0.01205	0.01254	0.01064	0.01383	0.02967	0.00845	0.27351	0.51824	0.02415	0.01729	0.01622	0.01282	0.00647	0.00503	0.00162	0.00456	0.00521	0.00499	0.00804
13	0.01176	0.01352	0.05574	0.02200	0.15229	0.01229	0.60289	0.01576	0.01161	0.01602	0.00989	0.01308	0.00757	0.00425	0.00563	0.00162	0.00784	0.00549	0.00251	0.02825
14	0.01247	0.16580	0.01561	0.09215	0.06821	0.07240	0.05387	0.06653	0.05978	0.07991	0.02635	0.10148	0.04831	0.00852	0.04019	0.00185	0.04148	0.03539	0.00348	0.00622
15	0.00929	0.00465	0.00465	0.00465	0.00581	0.00465	0.00348	0.01161	0.01045	0.01858	0.01626	0.01858	0.01278	0.00581	0.00348	0.00116	0.00232	0.00465	0.85250	0.00465
16	0.01185	0.01135	0.01936	0.15976	0.66834	0.01172	0.01506	0.01487	0.01112	0.01570	0.00929	0.01249	0.00769	0.00453	0.00494	0.00151	0.00604	0.00444	0.00243	0.00751
17	0.01163	0.01541	0.17416	0.05580	0.04151	0.01218	0.55945	0.01600	0.01151	0.03758	0.01006	0.01296	0.00742	0.00440	0.00558	0.00165	0.00796	0.00534	0.00253	0.00686
18	0.00981	0.01098	0.09112	0.16352	0.05423	0.01068	0.15778	0.01317	0.05976	0.01406	0.01396	0.13536	0.04058	0.03273	0.00830	0.01696	0.15183	0.00646	0.00292	0.00578
19	0.00591	0.00498	0.00512	0.00523	0.00678	0.00419	0.00387	0.00713	0.01119	0.01339	0.04827	0.12264	0.71848	0.01291	0.00594	0.00172	0.00256	0.01087	0.00463	0.00419
20	0.01477	0.00747	0.00954	0.00791	0.01052	0.00694	0.00629	0.09950	0.01485	0.35153	0.30578	0.06125	0.06527	0.00838	0.00543	0.00158	0.00353	0.00712	0.00564	0.00667
21	0.03798	0.04362	0.03714	0.01303	0.01585	0.62066	0.05324	0.04996	0.01367	0.01353	0.00794	0.00946	0.00655	0.00527	0.00519	0.00137	0.05347	0.00346	0.00263	0.00598
22	0.00736	0.00606	0.00765	0.00862	0.09239	0.00562	0.00566	0.00981	0.04725	0.01655	0.31914	0.05289	0.36483	0.01065	0.00578	0.00164	0.00294	0.02547	0.00473	0.00496
23	0.01522	0.01045	0.01164	0.00991	0.01305	0.01143	0.00786	0.11465	0.50312	0.19278	0.04097	0.01798	0.01468	0.00664	0.00507	0.00163	0.00415	0.00546	0.00531	0.00800
24	0.00929	0.00465	0.00465	0.00465	0.00581	0.00465	0.00348	0.01161	0.01045	0.01858	0.01626	0.01858	0.01278	0.00581	0.00348	0.00116	0.00232	0.00465	0.85250	0.00465
25	0.01053	0.00753	0.05243	0.02924	0.02332	0.00658	0.02831	0.06186	0.01142	0.15381	0.02218	0.47784	0.02360	0.02779	0.00643	0.00192	0.01785	0.02730	0.00456	0.00550
26	0.01107	0.00927	0.03295	0.00775	0.01039	0.04252	0.00633	0.23840	0.01523	0.04648	0.05356	0.03304	0.45382	0.00979	0.00549	0.00160	0.00389	0.00796	0.00464	0.00581
27	0.01162	0.01227	0.02433	0.01934	0.09596	0.03141	0.55009	0.02938	0.01176	0.03264	0.01281	0.09022	0.02733	0.01974	0.00610	0.00173	0.00733	0.00653	0.00289	0.00651
28	0.04719	0.07023	0.14723	0.01409	0.03927	0.06798	0.21665	0.08337	0.06302	0.16483	0.01238	0.01389	0.00908	0.00529	0.00501	0.00156	0.00641	0.02175	0.00356	0.00723
29	0.58123	0.03303	0.01015	0.04240	0.03608	0.14773	0.00711	0.06238	0.01056	0.02032	0.00753	0.00883	0.00592	0.00480	0.00358	0.00149	0.00505	0.00302	0.00303	0.00576
30	0.01060	0.04603	0.06493	0.07421	0.10906	0.09849	0.09940	0.02653	0.05891	0.01491	0.03818	0.21396	0.04017	0.00828	0.00538	0.00165	0.00546	0.04328	0.00343	0.03714
31	0.00671	0.00471	0.00583	0.00635	0.00670	0.00446	0.00404	0.00731	0.00875	0.01178	0.03589	0.46654	0.02643	0.33412	0.01375	0.00308	0.00368	0.01094	0.00395	0.03498
32	0.00712	0.00534	0.00801	0.00801	0.00890	0.00623	0.00623	0.00890	0.00801	0.01157	0.01335	0.01958	0.01246	0.03738	0.80507	0.00801	0.01335	0.00534	0.00267	0.00445
33	0.01244	0.00905	0.01073	0.00779	0.01212	0.00716	0.00628	0.05088	0.01152	0.12685	0.01053	0.01135	0.00813	0.00415	0.00394	0.00089	0.00385	0.00332	0.00350	0.69553
34	0.01204	0.01402	0.18239	0.03927	0.23628	0.01131	0.08223	0.05788	0.14417	0.05515	0.03312	0.01534	0.03844	0.00612	0.01882	0.00168	0.01995	0.00497	0.00331	0.02350
35	0.01132	0.01249	0.11518	0.29883	0.14636	0.03842	0.06853	0.05506	0.03006	0.03492	0.02406	0.03356	0.00875	0.00592	0.00635	0.02308	0.07324	0.00477	0.00271	0.00638
36	0.00613	0.00444	0.00579	0.00676	0.00721	0.00410	0.00457	0.00712	0.00997	0.01326	0.07998	0.71525	0.08691	0.01505	0.00630	0.00197	0.00283	0.01357	0.00468	0.00410
37	0.01081	0.01018	0.01574	0.07374	0.08606	0.00919	0.17118	0.01417	0.04976	0.01598	0.00976	0.01198	0.00787	0.00478	0.01777	0.00127	0.02369	0.00403	0.00285	0.45919
38	0.07795	0.01517	0.01387	0.01157	0.01438	0.20794	0.00932	0.35356	0.06004	0.02196	0.01053	0.01228	0.00833	0.00635	0.00658	0.00159	0.13456	0.02322	0.00381	0.00698
39	0.01209	0.00910	0.01140	0.01026	0.04133	0.00990	0.03554	0.27481	0.05029	0.03309	0.02838	0.12249	0.01468	0.12523	0.16129	0.01421	0.02945	0.00647	0.00396	0.00604
40	0.00929	0.00465	0.00465	0.00465	0.00581	0.00465	0.00348	0.01161	0.01045	0.01858	0.01626	0.01858	0.01278	0.00581	0.00348	0.00116	0.00232	0.00465	0.85250	0.00465
41	0.01095	0.03422	0.01134	0.03551	0.02821	0.00757	0.00658	0.03547	0.01081	0.03334	0.00914	0.01060	0.00748	0.00389	0.00381	0.00083	0.00395	0.00311	0.00302	0.74017
42	0.01478	0.01186	0.01408	0.08411	0.03767	0.07555	0.02165	0.19754	0.06588	0.12370	0.03185	0.01409	0.02648	0.00675	0.00802	0.00168	0.22289	0.00471	0.00379	0.03293

[dist]
# distance from previous block
# <min> <max>
2	6

[block]
# block no. 5 follows, 50 sequences, length 78
# corresponding to MSA columns:
# 276-353
name=unknown_F
#
# <colnr> <probs for GDERKNQSTAVLIFYWHMCP>
#	G	D	E	R	K	N	Q	S	T	A	V	L	I	F	Y	W	H	M	C	P
0	0.01349	0.01020	0.07485	0.01296	0.12105	0.00894	0.06014	0.06403	0.05575	0.21657	0.05016	0.01951	0.02533	0.01174	0.14236	0.00268	0.00651	0.05516	0.00406	0.04452
1	0.32336	0.01431	0.02839	0.00906	0.01247	0.25598	0.00727	0.04041	0.01126	0.01770	0.00790	0.00916	0.00637	0.00458	0.00378	0.00124	0.00553	0.00301	0.00293	0.23527
2	0.01136	0.01039	0.01570	0.14745	0.40514	0.03878	0.01209	0.02508	0.05719	0.03393	0.11898	0.03087	0.02617	0.00650	0.01828	0.00166	0.02508	0.00538	0.00319	0.00679
3	0.01469	0.02446	0.06283	0.01078	0.01412	0.07888	0.03587	0.31312	0.01573	0.07712	0.01362	0.04188	0.04420	0.00983	0.09423	0.00221	0.05559	0.00494	0.00392	0.08197
4	0.00625	0.00450	0.00598	0.00700	0.00744	0.00424	0.00483	0.00729	0.00986	0.01315	0.06163	0.69776	0.05732	0.01581	0.02943	0.00218	0.00325	0.05335	0.00461	0.00412
5	0.86003	0.00964	0.00733	0.00655	0.00964	0.01118	0.00540	0.01465	0.00848	0.02236	0.00694	0.00810	0.00540	0.00463	0.00308	0.00154	0.00386	0.00270	0.00308	0.00540
6	0.00929	0.00465	0.00465	0.00465	0.00581	0.00465	0.00348	0.01161	0.01045	0.01858	0.01626	0.01858	0.01278	0.00581	0.00348	0.00116	0.00232	0.00465	0.85250	0.00465
7	0.00720	0.00501	0.00635	0.00635	0.00666	0.00533	0.00415	0.00783	0.00752	0.01034	0.01487	0.02801	0.01612	0.54664	0.30082	0.00596	0.00784	0.00657	0.00290	0.00353
8	0.01149	0.01088	0.01947	0.18733	0.35713	0.01115	0.17991	0.01497	0.03594	0.04010	0.03060	0.03762	0.00990	0.02493	0.00572	0.00167	0.00629	0.00528	0.00278	0.00686
9	0.01333	0.82783	0.02612	0.00853	0.01279	0.01972	0.00853	0.01493	0.01013	0.01173	0.00693	0.00800	0.00640	0.00426	0.00320	0.00107	0.00533	0.00267	0.00213	0.00640
10	0.06785	0.30520	0.39306	0.01214	0.03592	0.01456	0.03741	0.03290	0.03149	0.01530	0.00852	0.00986	0.00665	0.00462	0.00414	0.00140	0.00628	0.00342	0.00235	0.00693
11	0.01260	0.01234	0.01998	0.02985	0.76102	0.04517	0.01506	0.01549	0.01147	0.01611	0.00931	0.01220	0.00783	0.00447	0.00492	0.00147	0.00605	0.00439	0.00247	0.00781
12	0.01317	0.05783	0.12782	0.03342	0.20542	0.13780	0.01139	0.06167	0.16751	0.04312	0.01468	0.03122	0.06139	0.00597	0.00487	0.00151	0.00584	0.00490	0.00339	0.00708
13	0.00856	0.00643	0.00846	0.03741	0.02670	0.00669	0.01990	0.06622	0.01014	0.02973	0.02004	0.30447	0.05484	0.21708	0.06375	0.00300	0.05296	0.02804	0.00378	0.03180
14	0.00969	0.00919	0.01567	0.73559	0.09217	0.01117	0.03078	0.01300	0.01011	0.01308	0.00893	0.01322	0.00676	0.00492	0.00500	0.00165	0.00663	0.00446	0.00224	0.00574
15	0.00689	0.00494	0.00615	0.00679	0.00760	0.00462	0.00472	0.00859	0.04742	0.03705	0.07947	0.57703	0.16203	0.01405	0.00615	0.00191	0.00289	0.01254	0.00475	0.00443
16	0.00607	0.00434	0.00578	0.00694	0.00723	0.00405	0.00463	0.00694	0.00954	0.01272	0.02747	0.82157	0.03297	0.01562	0.00636	0.00202	0.00289	0.01417	0.00463	0.00405
17	0.04529	0.01323	0.01400	0.02157	0.02789	0.04144	0.00900	0.56332	0.07047	0.04277	0.01195	0.01213	0.00868	0.00570	0.00478	0.00143	0.00527	0.00432	0.00459	0.09218
18	0.63672	0.03571	0.02271	0.00789	0.01115	0.03990	0.00663	0.13942	0.01119	0.02285	0.00781	0.00885	0.00600	0.00494	0.00374	0.00152	0.02059	0.00306	0.00331	0.00598
19	0.00712	0.00520	0.00738	0.00741	0.00808	0.00586	0.00547	0.00848	0.00788	0.01118	0.01426	0.04414	0.01428	0.21261	0.60943	0.00714	0.01117	0.00600	0.00280	0.00412
20	0.00758	0.00568	0.00818	0.00858	0.04317	0.00637	0.00607	0.02193	0.00827	0.01175	0.01360	0.02164	0.01328	0.18710	0.60574	0.00700	0.01125	0.00565	0.00277	0.00440
21	0.21279	0.00962	0.01090	0.00913	0.01185	0.01060	0.03298	0.11106	0.13681	0.14252	0.06166	0.01860	0.10546	0.00710	0.00602	0.00166	0.09504	0.00535	0.00433	0.00653
22	0.03286	0.01481	0.01120	0.01040	0.03085	0.36131	0.00772	0.07290	0.08545	0.01680	0.20668	0.02089	0.09315	0.00729	0.00504	0.00146	0.00581	0.00568	0.00391	0.00580
23	0.00878	0.00713	0.00739	0.00727	0.00798	0.07828	0.00495	0.05744	0.00948	0.01222	0.01650	0.17481	0.01814	0.39432	0.16933	0.00439	0.00653	0.00764	0.00334	0.00409
24	0.01282	0.01100	0.03592	0.02418	0.57115	0.01047	0.01295	0.03224	0.01206	0.10541	0.05124	0.01674	0.07039	0.00558	0.00506	0.00151	0.00532	0.00517	0.00325	0.00753
25	0.19560	0.01316	0.03376	0.04066	0.06307	0.13785	0.03245	0.10635	0.21642	0.01950	0.03067	0.01351	0.01014	0.02367	0.00551	0.00164	0.04135	0.00438	0.00365	0.00666
26	0.01498	0.03162	0.06972	0.01152	0.03194	0.23374	0.00935	0.17473	0.24500	0.03357	0.02592	0.01529	0.04786	0.00696	0.02422	0.00166	0.00613	0.00476	0.00397	0.00706
27	0.01862	0.02376	0.01413	0.01284	0.01541	0.80482	0.00963	0.01990	0.01413	0.01220	0.00770	0.00899	0.00642	0.00514	0.00449	0.00128	0.00899	0.00321	0.00257	0.00578
28	0.01800	0.01351	0.01458	0.01164	0.02883	0.01500	0.00937	0.66815	0.12015	0.02980	0.01298	0.01282	0.00932	0.00606	0.00500	0.00152	0.00530	0.00463	0.00495	0.00839
29	0.01053	0.00899	0.01127	0.03147	0.01304	0.00702	0.04029	0.01287	0.01053	0.03050	0.02324	0.01117	0.00818	0.00391	0.00389	0.00084	0.00397	0.00327	0.00302	0.76200
30	0.01218	0.07610	0.31480	0.09650	0.10855	0.07210	0.08165	0.06872	0.01201	0.04239	0.02283	0.01245	0.02308	0.00502	0.00479	0.00150	0.00668	0.00423	0.00270	0.03172
31	0.01167	0.01097	0.01404	0.12904	0.14268	0.10089	0.04099	0.04441	0.07258	0.03717	0.01176	0.05448	0.01052	0.06598	0.10203	0.00264	0.13390	0.00523	0.00298	0.00600
32	0.00929	0.00465	0.00465	0.00465	0.00581	0.00465	0.00348	0.01161	0.01045	0.01858	0.01626	0.01858	0.01278	0.00581	0.00348	0.00116	0.00232	0.00465	0.85250	0.00465
33	0.01099	0.00612	0.00790	0.00763	0.02670	0.00551	0.00567	0.01288	0.02565	0.22660	0.18044	0.20445	0.19618	0.01083	0.00577	0.00173	0.00325	0.05096	0.00517	0.00559
34	0.03180	0.24526	0.05972	0.06234	0.05558	0.08636	0.11914	0.01376	0.01007	0.01296	0.00946	0.01351	0.00852	0.07983	0.12242	0.00266	0.05404	0.00431	0.00243	0.00581
35	0.00641	0.00481	0.00601	0.00680	0.00766	0.00442	0.00501	0.00768	0.01053	0.01355	0.05802	0.44816	0.23960	0.01429	0.00631	0.00197	0.00308	0.14682	0.00465	0.00421
36	0.00929	0.00465	0.00465	0.00465	0.00581	0.00465	0.00348	0.01161	0.01045	0.01858	0.01626	0.01858	0.01278	0.00581	0.00348	0.00116	0.00232	0.00465	0.85250	0.00465
37	0.00645	0.00470	0.00611	0.00698	0.00752	0.00446	0.00482	0.00798	0.03632	0.01389	0.11272	0.66087	0.05775	0.01457	0.00627	0.00196	0.00290	0.03475	0.00474	0.00427
38	0.01178	0.01339	0.02910	0.02133	0.05195	0.01258	0.74998	0.01594	0.01175	0.01598	0.01006	0.01341	0.00757	0.00421	0.00585	0.00167	0.00832	0.00583	0.00252	0.00676
39	0.04791	0.01288	0.01412	0.01086	0.01479	0.01392	0.00897	0.62229	0.02136	0.16243	0.01312	0.01269	0.00904	0.00597	0.00493	0.00151	0.00522	0.00452	0.00512	0.00837
40	0.86003	0.00964	0.00733	0.00655	0.00964	0.01118	0.00540	0.01465	0.00848	0.02236	0.00694	0.00810	0.00540	0.00463	0.00308	0.00154	0.00386	0.00270	0.00308	0.00540
41	0.00721	0.00497	0.00615	0.00615	0.00640	0.00522	0.00392	0.00771	0.00746	0.01020	0.01505	0.02898	0.01654	0.60534	0.24270	0.00572	0.00721	0.00672	0.00292	0.00342
42	0.01072	0.00886	0.02471	0.00798	0.01188	0.00695	0.02223	0.04458	0.01136	0.05156	0.06726	0.05596	0.01247	0.00533	0.00426	0.00102	0.00385	0.02809	0.00348	0.61745
43	0.00714	0.00527	0.00767	0.00767	0.00845	0.00605	0.00581	0.00868	0.00791	0.01132	0.01366	0.02130	0.01321	0.14093	0.70254	0.00759	0.01223	0.00559	0.00272	0.00426
44	0.02223	0.00869	0.01170	0.00897	0.01283	0.00764	0.00741	0.05290	0.01461	0.76808	0.01937	0.01678	0.01219	0.00616	0.00501	0.00154	0.00429	0.00499	0.00612	0.00848
45	0.86003	0.00964	0.00733	0.00655	0.00964	0.01118	0.00540	0.01465	0.00848	0.02236	0.00694	0.00810	0.00540	0.00463	0.00308	0.00154	0.00386	0.00270	0.00308	0.00540
46	0.00783	0.00592	0.00733	0.00691	0.00832	0.00583	0.00525	0.01184	0.12575	0.01973	0.63137	0.04793	0.05362	0.00993	0.00580	0.00162	0.00266	0.03184	0.00537	0.00514
47	0.01106	0.01839	0.33794	0.01828	0.02426	0.01219	0.47206	0.01589	0.01127	0.01589	0.00963	0.01227	0.00706	0.00442	0.00542	0.00164	0.00799	0.00500	0.00235	0.00698
48	0.00710	0.00531	0.00791	0.00793	0.00879	0.00615	0.00612	0.00882	0.00803	0.01155	0.01371	0.03741	0.01303	0.05429	0.77039	0.00781	0.01293	0.00558	0.00272	0.00441
49	0.28081	0.01143	0.01185	0.02604	0.01342	0.01249	0.00784	0.38544	0.01682	0.15161	0.02878	0.01216	0.00896	0.00566	0.00442	0.00152	0.00473	0.00411	0.00454	0.00738
50	0.01288	0.01074	0.01191	0.06641	0.01417	0.05332	0.02321	0.23686	0.22446	0.02173	0.15156	0.02183	0.04941	0.00798	0.01842	0.00173	0.01951	0.04247	0.00460	0.00680
51	0.01010	0.05147	0.77424	0.01402	0.02129	0.01184	0.01810	0.01576	0.01051	0.01566	0.00888	0.01044	0.00632	0.00472	0.00469	0.00156	0.00730	0.00365	0.00211	0.00734
52	0.00929	0.00465	0.00465	0.00465	0.00581	0.00465	0.00348	0.01161	0.01045	0.01858	0.01626	0.01858	0.01278	0.00581	0.00348	0.00116	0.00232	0.00465	0.85250	0.00465
53	0.00724	0.00485	0.00552	0.00552	0.00555	0.00488	0.00312	0.00730	0.00727	0.00973	0.01563	0.03220	0.01794	0.79960	0.05035	0.00493	0.00511	0.00719	0.00301	0.00307
54	0.00929	0.00465	0.00465	0.00465	0.00581	0.00465	0.00348	0.01161	0.01045	0.01858	0.01626	0.01858	0.01278	0.00581	0.00348	0.00116	0.00232	0.00465	0.85250	0.00465
55	0.86003	0.00964	0.00733	0.00655	0.00964	0.01118	0.00540	0.01465	0.00848	0.02236	0.00694	0.00810	0.00540	0.00463	0.00308	0.00154	0.00386	0.00270	0.00308	0.00540
56	0.01223	0.12480	0.06307	0.01067	0.05496	0.17477	0.00861	0.02962	0.04437	0.05871	0.11888	0.02474	0.05318	0.03587	0.03592	0.00192	0.00577	0.13244	0.00367	0.00582
57	0.01217	0.25813	0.33815	0.01146	0.01645	0.07815	0.01250	0.05465	0.07752	0.01548	0.03291	0.01211	0.02738	0.00532	0.00468	0.00143	0.02807	0.00389	0.00271	0.00685
58	0.01155	0.03780	0.37539	0.01375	0.10028	0.02069	0.03374	0.04078	0.07154	0.08429	0.04937	0.04098	0.05748	0.00603	0.00494	0.00155	0.00583	0.00504	0.00325	0.03574
59	0.01060	0.00902	0.01048	0.00751	0.01193	0.00692	0.00602	0.03617	0.01074	0.01671	0.00896	0.01039	0.00742	0.00376	0.00373	0.00076	0.00375	0.00300	0.00302	0.82913
60	0.01154	0.01115	0.08440	0.00988	0.03708	0.00887	0.03218	0.14499	0.03352	0.01860	0.01156	0.08935	0.01018	0.00546	0.00441	0.00115	0.00449	0.00458	0.00342	0.47320
61	0.01335	0.03296	0.09431	0.02684	0.09495	0.01126	0.13891	0.24570	0.01476	0.06648	0.04022	0.09872	0.03334	0.02021	0.00623	0.03951	0.00563	0.00598	0.00379	0.00684
62	0.06924	0.01140	0.03289	0.00983	0.01306	0.03172	0.00805	0.27431	0.24271	0.11364	0.06811	0.04734	0.04168	0.00696	0.00502	0.00159	0.00452	0.00559	0.00489	0.00744
63	0.01784	0.01027	0.01343	0.03119	0.16415	0.03676	0.00915	0.13973	0.03837	0.39076	0.01602	0.05130	0.01178	0.03893	0.00585	0.00167	0.00493	0.00526	0.00483	0.00778
64	0.01139	0.01055	0.01804	0.26220	0.44487	0.01116	0.05710	0.01437	0.01096	0.03961	0.01123	0.03010	0.03348	0.00520	0.00524	0.00158	0.01847	0.00493	0.00262	0.00691
65	0.00653	0.00487	0.00623	0.01799	0.00789	0.00466	0.00487	0.00831	0.05126	0.01390	0.10105	0.63232	0.09298	0.01425	0.00619	0.00193	0.00292	0.01281	0.00470	0.00435
66	0.01227	0.03305	0.01166	0.02209	0.01283	0.00788	0.02243	0.06702	0.01172	0.10178	0.01072	0.01254	0.00857	0.00446	0.00407	0.00097	0.00410	0.02524	0.00344	0.62314
67	0.03780	0.75485	0.07291	0.00882	0.01324	0.01897	0.00904	0.01497	0.01010	0.01229	0.00705	0.00815	0.00636	0.00430	0.00329	0.00111	0.00541	0.00273	0.00216	0.00643
68	0.04185	0.05390	0.04020	0.01100	0.01493	0.01464	0.00935	0.57896	0.05435	0.05023	0.01176	0.01194	0.00852	0.00584	0.00514	0.00148	0.03087	0.00431	0.00456	0.04617
69	0.01674	0.01307	0.05390	0.01083	0.01445	0.01346	0.00911	0.59943	0.03428	0.04713	0.01377	0.08840	0.01129	0.04317	0.00601	0.00170	0.00525	0.00550	0.00475	0.00775
70	0.00929	0.00465	0.00465	0.00465	0.00581	0.00465	0.00348	0.01161	0.01045	0.01858	0.01626	0.01858	0.01278	0.00581	0.00348	0.00116	0.00232	0.00465	0.85250	0.00465
71	0.01764	0.17392	0.01638	0.01201	0.01492	0.64410	0.00942	0.03234	0.01354	0.01245	0.00763	0.00886	0.00645	0.00499	0.00426	0.00125	0.00824	0.00313	0.00253	0.00594
72	0.00809	0.00603	0.00830	0.00941	0.02626	0.00613	0.00788	0.01048	0.02645	0.01481	0.02700	0.07505	0.07993	0.01326	0.00702	0.00221	0.02947	0.63303	0.00448	0.00471
73	0.01231	0.01191	0.02064	0.03017	0.75967	0.01188	0.04903	0.01533	0.01137	0.01627	0.00941	0.01239	0.00788	0.00443	0.00498	0.00149	0.00603	0.00451	0.00247	0.00784
74	0.00929	0.00465	0.00465	0.00465	0.00581	0.00465	0.00348	0.01161	0.01045	0.01858	0.01626	0.01858	0.01278	0.00581	0.00348	0.00116	0.00232	0.00465	0.85250	0.00465
75	0.01254	0.01006	0.01140	0.00851	0.01260	0.00900	0.00685	0.22818	0.01399	0.02034	0.01072	0.05352	0.00904	0.00497	0.00420	0.00102	0.00416	0.00398	0.00362	0.57131
76	0.63753	0.00912	0.00812	0.00702	0.01015	0.00999	0.00574	0.01626	0.00979	0.18462	0.01121	0.03823	0.02411	0.00549	0.00366	0.00156	0.00388	0.00373	0.00382	0.00598
77	0.01517	0.40131	0.10777	0.01097	0.01487	0.34745	0.01010	0.01711	0.01185	0.01238	0.00748	0.00869	0.00640	0.00468	0.00391	0.00121	0.00709	0.00301	0.00231	0.00625

[dist]
# distance from previous block
# <min> <max>
0	1

[block]
# block no. 6 follows, 50 sequences, length 29
# corresponding to MSA columns:
# 355-383
name=unknown_G
#
# <colnr> <probs for GDERKNQSTAVLIFYWHMCP>
#	G	D	E	R	K	N	Q	S	T	A	V	L	I	F	Y	W	H	M	C	P
0	0.01296	0.00975	0.01208	0.00935	0.01293	0.03841	0.06298	0.09051	0.04707	0.13351	0.06729	0.07243	0.01315	0.00594	0.00489	0.00125	0.02217	0.00502	0.00396	0.37435
1	0.01296	0.01184	0.01731	0.08514	0.38115	0.03943	0.02757	0.10445	0.05038	0.03693	0.01018	0.02661	0.00847	0.00584	0.00713	0.00165	0.15817	0.00466	0.00295	0.00717
2	0.01231	0.01483	0.19477	0.03778	0.09592	0.01158	0.28749	0.11918	0.01280	0.05632	0.01159	0.05784	0.00932	0.00705	0.04656	0.00195	0.00723	0.00541	0.00306	0.00701
3	0.01267	0.00863	0.01007	0.02359	0.01168	0.00892	0.00704	0.13375	0.18737	0.14603	0.07747	0.08467	0.14033	0.00874	0.00567	0.00166	0.02375	0.05991	0.00491	0.04313
4	0.00929	0.00465	0.00465	0.00465	0.00581	0.00465	0.00348	0.01161	0.01045	0.01858	0.01626	0.01858	0.01278	0.00581	0.00348	0.00116	0.00232	0.00465	0.85250	0.00465
5	0.86003	0.00964	0.00733	0.00655	0.00964	0.01118	0.00540	0.01465	0.00848	0.02236	0.00694	0.00810	0.00540	0.00463	0.00308	0.00154	0.00386	0.00270	0.00308	0.00540
6	0.86003	0.00964	0.00733	0.00655	0.00964	0.01118	0.00540	0.01465	0.00848	0.02236	0.00694	0.00810	0.00540	0.00463	0.00308	0.00154	0.00386	0.00270	0.00308	0.00540
7	0.00724	0.00551	0.00793	0.00784	0.00863	0.00638	0.00600	0.00879	0.00804	0.01146	0.01472	0.02167	0.04233	0.11798	0.66006	0.00719	0.04544	0.00570	0.00276	0.00433
8	0.00689	0.00486	0.00635	0.00666	0.00702	0.00506	0.00448	0.00769	0.00811	0.01110	0.01815	0.24274	0.02035	0.35489	0.26792	0.00508	0.00701	0.00852	0.00335	0.00375
9	0.01400	0.01063	0.01205	0.01135	0.06339	0.01183	0.00836	0.05869	0.59908	0.12389	0.01913	0.01768	0.01406	0.00650	0.00505	0.00165	0.00418	0.00543	0.00505	0.00799
10	0.00715	0.00564	0.00651	0.00670	0.00827	0.00522	0.00541	0.03084	0.02881	0.01511	0.10061	0.04796	0.45978	0.01246	0.00615	0.00186	0.00326	0.23898	0.00471	0.00457
11	0.01864	0.02304	0.01419	0.01274	0.01541	0.74705	0.00962	0.07531	0.01481	0.01361	0.00802	0.00921	0.00657	0.00520	0.00453	0.00130	0.00873	0.00330	0.00275	0.00598
12	0.00641	0.00507	0.00576	0.00559	0.00705	0.00443	0.00419	0.00815	0.01258	0.01635	0.37842	0.04322	0.46198	0.01155	0.00589	0.00163	0.00245	0.00985	0.00501	0.00443
13	0.00717	0.00515	0.00702	0.00702	0.00757	0.00569	0.00500	0.00827	0.00772	0.01084	0.01425	0.02458	0.01463	0.33957	0.50585	0.00679	0.01008	0.00607	0.00280	0.00390
14	0.01071	0.01810	0.40912	0.06395	0.03300	0.01110	0.17871	0.06053	0.01103	0.01566	0.00962	0.02555	0.00748	0.00640	0.00691	0.10005	0.01861	0.00452	0.00243	0.00651
15	0.01261	0.01115	0.01137	0.01023	0.01304	0.03901	0.00795	0.02627	0.75885	0.02056	0.01986	0.01827	0.01492	0.00671	0.00505	0.00168	0.00411	0.00555	0.00499	0.00782
16	0.86003	0.00964	0.00733	0.00655	0.00964	0.01118	0.00540	0.01465	0.00848	0.02236	0.00694	0.00810	0.00540	0.00463	0.00308	0.00154	0.00386	0.00270	0.00308	0.00540
17	0.00603	0.00495	0.00532	0.00544	0.00688	0.00424	0.00400	0.00735	0.01138	0.01402	0.12223	0.15714	0.60814	0.01280	0.00596	0.00172	0.00256	0.01089	0.00472	0.00424
18	0.01604	0.04615	0.01845	0.05386	0.20387	0.01111	0.17161	0.08114	0.04629	0.27990	0.01353	0.01422	0.00956	0.00521	0.00510	0.00154	0.00577	0.00491	0.00401	0.00772
19	0.01178	0.01135	0.01958	0.17479	0.62632	0.01173	0.04187	0.01485	0.01111	0.01562	0.00931	0.01255	0.00765	0.00453	0.00498	0.00152	0.00614	0.00449	0.00242	0.00742
20	0.00726	0.00495	0.00571	0.00570	0.00590	0.00488	0.00335	0.00746	0.00756	0.01019	0.01632	0.09323	0.01874	0.70821	0.04839	0.00458	0.00492	0.00758	0.00313	0.03195
21	0.01232	0.01025	0.01336	0.04093	0.17653	0.03113	0.04213	0.15373	0.15731	0.04734	0.14852	0.02135	0.09080	0.00771	0.02281	0.00171	0.00486	0.00609	0.00425	0.00687
22	0.01555	0.00940	0.01181	0.00974	0.05971	0.00814	0.00734	0.10238	0.01331	0.29047	0.02865	0.01349	0.01006	0.00499	0.00442	0.00117	0.00419	0.00405	0.00432	0.39679
23	0.01127	0.01334	0.07273	0.09014	0.05714	0.01234	0.56177	0.01516	0.01123	0.01536	0.01066	0.01391	0.02699	0.00482	0.00638	0.00170	0.06042	0.00558	0.00250	0.00656
24	0.00956	0.01159	0.18993	0.00941	0.01277	0.00824	0.03354	0.05053	0.12468	0.03830	0.17577	0.07781	0.15731	0.00848	0.00538	0.00161	0.00432	0.02635	0.00419	0.05023
25	0.01772	0.00820	0.01059	0.00823	0.01184	0.00704	0.00669	0.02018	0.04508	0.52264	0.06801	0.01916	0.06555	0.00642	0.00489	0.00141	0.00390	0.00528	0.00539	0.16177
26	0.01272	0.08531	0.11346	0.19459	0.10771	0.09757	0.04374	0.04791	0.06969	0.08419	0.03258	0.01551	0.06227	0.00574	0.00487	0.00152	0.00602	0.00478	0.00319	0.00663
27	0.04019	0.05279	0.10577	0.01023	0.01330	0.21933	0.00880	0.06340	0.18471	0.01698	0.08952	0.07435	0.06654	0.00713	0.00491	0.00151	0.00551	0.00565	0.00378	0.02558
28	0.06161	0.05139	0.03539	0.01077	0.04784	0.02613	0.00854	0.32760	0.13390	0.08493	0.07639	0.03708	0.02842	0.00647	0.00486	0.00150	0.00474	0.00514	0.00455	0.04276

[dist]
# distance from previous block
# <min> <max>
1	9

[block]
# block no. 7 follows, 50 sequences, length 8
# corresponding to MSA columns:
# 406-413
name=unknown_H
#
# <colnr> <probs for GDERKNQSTAVLIFYWHMCP>
#	G	D	E	R	K	N	Q	S	T	A	V	L	I	F	Y	W	H	M	C	P
0	0.11684	0.12268	0.09654	0.02616	0.12555	0.07873	0.02444	0.06426	0.08232	0.08843	0.04911	0.04485	0.03410	0.00601	0.00478	0.00150	0.01875	0.00476	0.00348	0.00674
1	0.02697	0.06224	0.26474	0.03311	0.08320	0.08893	0.03675	0.04857	0.06713	0.07055	0.11615	0.01521	0.01317	0.00583	0.00517	0.00152	0.02859	0.00471	0.00331	0.02415
2	0.03120	0.06374	0.23564	0.01704	0.23556	0.01175	0.04369	0.09261	0.04841	0.03251	0.01046	0.01283	0.00829	0.00497	0.00469	0.00144	0.00586	0.02480	0.00293	0.11161
3	0.03998	0.01133	0.03108	0.16759	0.04754	0.05054	0.04756	0.16788	0.03157	0.01862	0.01016	0.03048	0.00813	0.00494	0.00450	0.00127	0.00529	0.00410	0.00323	0.31421
4	0.00983	0.00588	0.00774	0.04702	0.00967	0.00542	0.00553	0.01194	0.01338	0.16310	0.47857	0.06690	0.13592	0.00973	0.00569	0.00160	0.00296	0.00846	0.00530	0.00536
5	0.01032	0.00994	0.01731	0.55939	0.22520	0.01138	0.06832	0.01361	0.01044	0.01386	0.00908	0.01306	0.00703	0.00479	0.00503	0.00162	0.00659	0.00454	0.00230	0.00622
6	0.00605	0.00506	0.00527	0.00521	0.00683	0.00427	0.00391	0.00746	0.01173	0.01434	0.14997	0.04653	0.69169	0.01230	0.00589	0.00167	0.00250	0.01032	0.00474	0.00427
7	0.01527	0.00689	0.00921	0.00768	0.01027	0.00607	0.00609	0.01725	0.01380	0.44174	0.29489	0.07630	0.05597	0.00844	0.00544	0.00159	0.00342	0.00722	0.00577	0.00670

[dist]
# distance from previous block
# <min> <max>
0	35

[block]
# block no. 8 follows, 50 sequences, length 33
# corresponding to MSA columns:
# 449-466,468-482
name=unknown_I
#
# <colnr> <probs for GDERKNQSTAVLIFYWHMCP>
#	G	D	E	R	K	N	Q	S	T	A	V	L	I	F	Y	W	H	M	C	P
0	0.00721	0.00498	0.00619	0.00619	0.00645	0.00524	0.00396	0.00773	0.00747	0.01022	0.01502	0.02881	0.01647	0.59501	0.25293	0.00576	0.00732	0.00669	0.00292	0.00344
1	0.00607	0.00434	0.00578	0.00694	0.00723	0.00405	0.00463	0.00694	0.00954	0.01272	0.02747	0.82157	0.03297	0.01562	0.00636	0.00202	0.00289	0.01417	0.00463	0.00405
2	0.00607	0.00434	0.00578	0.00694	0.00723	0.00405	0.00463	0.00694	0.00954	0.01272	0.02747	0.82157	0.03297	0.01562	0.00636	0.00202	0.00289	0.01417	0.00463	0.00405
3	0.01226	0.01055	0.01117	0.01011	0.01288	0.01219	0.00789	0.02598	0.76046	0.02066	0.02048	0.01978	0.01564	0.00698	0.00513	0.00171	0.00397	0.02932	0.00506	0.00779
4	0.00633	0.00456	0.00600	0.00672	0.00727	0.00423	0.00463	0.00760	0.01079	0.01466	0.22913	0.59511	0.05623	0.01411	0.00622	0.00190	0.00274	0.01272	0.00485	0.00423
5	0.01862	0.02376	0.01413	0.01284	0.01541	0.80482	0.00963	0.01990	0.01413	0.01220	0.00770	0.00899	0.00642	0.00514	0.00449	0.00128	0.00899	0.00321	0.00257	0.00578
6	0.86003	0.00964	0.00733	0.00655	0.00964	0.01118	0.00540	0.01465	0.00848	0.02236	0.00694	0.00810	0.00540	0.00463	0.00308	0.00154	0.00386	0.00270	0.00308	0.00540
7	0.00941	0.00886	0.01495	0.81285	0.03433	0.01107	0.01384	0.01274	0.00997	0.01274	0.00886	0.01329	0.00664	0.00498	0.00498	0.00166	0.00664	0.00443	0.00221	0.00554
8	0.05405	0.00878	0.01156	0.00890	0.01273	0.00785	0.00735	0.05870	0.01447	0.73235	0.01883	0.01640	0.01190	0.00610	0.00494	0.00154	0.00428	0.00490	0.00600	0.00837
9	0.00967	0.00707	0.00836	0.00790	0.00942	0.00720	0.00588	0.21028	0.01428	0.01927	0.19149	0.40109	0.06465	0.01175	0.00587	0.00177	0.00344	0.01032	0.00491	0.00537
10	0.00941	0.00886	0.01495	0.81285	0.03433	0.01107	0.01384	0.01274	0.00997	0.01274	0.00886	0.01329	0.00664	0.00498	0.00498	0.00166	0.00664	0.00443	0.00221	0.00554
11	0.01176	0.01345	0.02941	0.02101	0.02605	0.01261	0.77563	0.01597	0.01176	0.01597	0.01008	0.01345	0.00756	0.00420	0.00588	0.00168	0.00840	0.00588	0.00252	0.00672
12	0.00695	0.00509	0.00652	0.00616	0.00738	0.00466	0.00462	0.00920	0.01386	0.01940	0.72442	0.03820	0.11408	0.01041	0.00588	0.00158	0.00237	0.00915	0.00541	0.00466
13	0.01150	0.01134	0.01705	0.12041	0.36448	0.04614	0.01296	0.01375	0.00988	0.01399	0.00847	0.01218	0.00744	0.00757	0.04722	0.00205	0.28030	0.00440	0.00235	0.00652
14	0.00941	0.00886	0.01495	0.81285	0.03433	0.01107	0.01384	0.01274	0.00997	0.01274	0.00886	0.01329	0.00664	0.00498	0.00498	0.00166	0.00664	0.00443	0.00221	0.00554
15	0.00607	0.00434	0.00578	0.00694	0.00723	0.00405	0.00463	0.00694	0.00954	0.01272	0.02747	0.82157	0.03297	0.01562	0.00636	0.00202	0.00289	0.01417	0.00463	0.00405
16	0.00605	0.00483	0.00535	0.00569	0.00686	0.00420	0.00405	0.00719	0.01077	0.01337	0.07290	0.28169	0.50119	0.04431	0.00677	0.00190	0.00272	0.01144	0.00460	0.00413
17	0.03443	0.01481	0.01761	0.03970	0.46194	0.19642	0.01285	0.13057	0.01371	0.01767	0.00931	0.01143	0.00756	0.00485	0.00480	0.00144	0.00654	0.00412	0.00288	0.00738
18	0.01200	0.00707	0.00842	0.00745	0.00979	0.00669	0.00585	0.05154	0.10608	0.22741	0.14061	0.07977	0.26899	0.00973	0.00558	0.00166	0.00338	0.03666	0.00524	0.00608
19	0.00607	0.00436	0.00576	0.00688	0.00721	0.00405	0.00460	0.00695	0.00960	0.01275	0.02819	0.79737	0.05670	0.01552	0.00635	0.00201	0.00288	0.01406	0.00463	0.00405
20	0.00783	0.00544	0.00794	0.00781	0.00876	0.00615	0.00599	0.00945	0.00823	0.04727	0.01386	0.02066	0.01298	0.10839	0.69681	0.00742	0.01215	0.00550	0.00286	0.00450
21	0.01324	0.08896	0.02972	0.07343	0.03129	0.02863	0.02614	0.12509	0.02819	0.07321	0.00901	0.01162	0.00748	0.00708	0.01065	0.00183	0.42081	0.00430	0.00296	0.00638
22	0.01058	0.00978	0.03536	0.12422	0.01631	0.00880	0.07207	0.05054	0.10440	0.01725	0.08131	0.01534	0.02932	0.00521	0.00456	0.00122	0.00458	0.00454	0.00340	0.40121
