[name]
unknown

[dist]
# distance from previous block
# <min> <max>
5	1175

[block]
# block no. 0 follows, 54 sequences, length 11
# corresponding to MSA columns:
# 1300-1310
name=unknown_A
#
# <colnr> <probs for GDERKNQSTAVLIFYWHMCP>
#	G	D	E	R	K	N	Q	S	T	A	V	L	I	F	Y	W	H	M	C	P
0	0.01035	0.00703	0.00806	0.00736	0.00907	0.00722	0.00546	0.10790	0.16349	0.10445	0.07692	0.18829	0.11587	0.15649	0.00860	0.00215	0.00362	0.00783	0.00445	0.00540
1	0.04949	0.08347	0.34378	0.01343	0.12952	0.03175	0.01239	0.09850	0.01199	0.07972	0.09139	0.01311	0.01081	0.00518	0.00447	0.00142	0.00559	0.00416	0.00302	0.00678
2	0.00597	0.00467	0.00541	0.00548	0.00668	0.00411	0.00401	0.00744	0.01131	0.01467	0.29488	0.18129	0.41391	0.01168	0.00565	0.00161	0.00240	0.01009	0.00465	0.00411
3	0.00696	0.00471	0.00562	0.00566	0.00680	0.00426	0.00414	0.00854	0.01118	0.04523	0.28129	0.22250	0.24814	0.01083	0.00536	0.00157	0.00245	0.00942	0.11104	0.00430
4	0.00841	0.00572	0.00696	0.00681	0.00793	0.00566	0.00488	0.07283	0.06231	0.06343	0.19673	0.34330	0.05605	0.12688	0.00816	0.00209	0.00321	0.00947	0.00449	0.00467
5	0.01708	0.00925	0.03120	0.00889	0.01210	0.00876	0.00733	0.19051	0.08771	0.42751	0.04963	0.09999	0.01433	0.00689	0.00490	0.00151	0.00412	0.00570	0.00522	0.00736
6	0.00709	0.00536	0.00752	0.00685	0.00745	0.00520	0.08419	0.00766	0.00777	0.01032	0.01728	0.14160	0.05197	0.59836	0.01878	0.00376	0.00457	0.00777	0.00309	0.00340
7	0.00716	0.00455	0.00509	0.00524	0.00623	0.00433	0.00380	0.00872	0.00995	0.01472	0.09798	0.13849	0.19804	0.08590	0.03709	0.00195	0.00299	0.03026	0.33342	0.00408
8	0.00660	0.00641	0.08865	0.00709	0.00829	0.00470	0.00567	0.00795	0.00939	0.03610	0.02609	0.61042	0.11465	0.03665	0.00629	0.00190	0.00322	0.01154	0.00413	0.00427
9	0.01879	0.00859	0.01096	0.00857	0.01194	0.00807	0.00702	0.14260	0.04501	0.57330	0.09845	0.01734	0.01459	0.00622	0.00482	0.00146	0.00400	0.00508	0.00555	0.00763
10	0.14012	0.00930	0.01070	0.00852	0.01185	0.00939	0.00697	0.19422	0.07689	0.40062	0.04821	0.01554	0.03465	0.00597	0.00454	0.00147	0.00408	0.00467	0.00501	0.00729

[dist]
# distance from previous block
# <min> <max>
0	12

[block]
# block no. 1 follows, 54 sequences, length 18
# corresponding to MSA columns:
# 1323-1340
name=unknown_B
#
# <colnr> <probs for GDERKNQSTAVLIFYWHMCP>
#	G	D	E	R	K	N	Q	S	T	A	V	L	I	F	Y	W	H	M	C	P
0	0.12162	0.00713	0.00731	0.00680	0.00858	0.00778	0.00514	0.04404	0.24509	0.01766	0.06944	0.05794	0.06602	0.09343	0.02250	0.00189	0.00345	0.00574	0.20310	0.00533
1	0.00726	0.00535	0.00644	0.00669	0.00762	0.00523	0.00473	0.08976	0.02512	0.01458	0.09568	0.50696	0.13317	0.05989	0.00679	0.00193	0.00303	0.01101	0.00441	0.00436
2	0.16665	0.00504	0.00574	0.00650	0.00726	0.00509	0.00451	0.00793	0.00884	0.01374	0.02236	0.67746	0.02632	0.01283	0.00544	0.00183	0.00291	0.01138	0.00410	0.00407
3	0.00725	0.00569	0.00732	0.00720	0.00805	0.04058	0.00543	0.00874	0.00879	0.01220	0.15991	0.02221	0.01802	0.10232	0.53061	0.03328	0.00949	0.00575	0.00303	0.00411
4	0.01027	0.16410	0.03223	0.45268	0.20310	0.01229	0.01247	0.01302	0.00970	0.01266	0.00809	0.01132	0.00650	0.00457	0.00469	0.00144	0.02896	0.00387	0.00213	0.00593
5	0.00712	0.00493	0.00698	0.00698	0.00787	0.00561	0.00541	0.00890	0.00801	0.01218	0.01314	0.01835	0.01184	0.02979	0.66395	0.00637	0.01068	0.00493	0.16270	0.00424
6	0.82882	0.00931	0.00726	0.00641	0.00937	0.01076	0.00528	0.04925	0.00867	0.02155	0.00678	0.00783	0.00524	0.00444	0.00300	0.00146	0.00372	0.00263	0.00300	0.00524
7	0.01511	0.11241	0.01352	0.01030	0.01317	0.52969	0.00802	0.01657	0.01207	0.01252	0.00784	0.00912	0.00656	0.00454	0.00392	0.00109	0.00683	0.00300	0.04810	0.16560
8	0.00739	0.00521	0.00711	0.15810	0.01121	0.00533	0.00562	0.00830	0.00948	0.01271	0.13640	0.05185	0.22281	0.01094	0.00873	0.23811	0.00355	0.00663	0.08673	0.00379
9	0.00829	0.00693	0.01035	0.03428	0.11532	0.00681	0.06275	0.01004	0.00959	0.01358	0.15964	0.03630	0.01816	0.22128	0.10933	0.00296	0.02932	0.02748	0.00316	0.11444
10	0.00928	0.00813	0.01341	0.50535	0.10347	0.00958	0.03381	0.01182	0.04308	0.01206	0.00883	0.01296	0.00713	0.00701	0.00765	0.16237	0.03257	0.00426	0.00223	0.00499
11	0.01138	0.01247	0.01917	0.01507	0.01705	0.09811	0.29165	0.01350	0.00928	0.01273	0.00752	0.01099	0.00653	0.00635	0.01070	0.00180	0.44332	0.00453	0.00222	0.00563
12	0.01129	0.01204	0.01418	0.20509	0.01755	0.15740	0.01076	0.01286	0.00885	0.01155	0.00691	0.01053	0.00619	0.00680	0.01090	0.00179	0.48401	0.00395	0.00214	0.00523
13	0.00719	0.00544	0.00594	0.00541	0.00738	0.00451	0.00411	0.00858	0.01087	0.06231	0.09245	0.05153	0.56813	0.02595	0.00560	0.00152	0.00267	0.00859	0.00429	0.11753
14	0.00738	0.00620	0.00972	0.00842	0.01011	0.00568	0.15044	0.00906	0.01038	0.03339	0.11565	0.21568	0.25723	0.09855	0.00766	0.00199	0.00384	0.04022	0.00397	0.00444
15	0.00762	0.00581	0.00712	0.00662	0.00802	0.00581	0.00501	0.01191	0.15954	0.01906	0.65617	0.03193	0.03887	0.00903	0.00542	0.00150	0.00251	0.00793	0.00512	0.00501
16	0.01155	0.01292	0.16001	0.01036	0.01388	0.01170	0.00938	0.05412	0.61818	0.01923	0.01687	0.01591	0.01256	0.00601	0.00474	0.00157	0.00439	0.00494	0.00427	0.00739
17	0.00760	0.16022	0.00926	0.00632	0.00774	0.00720	0.00483	0.00928	0.04405	0.01310	0.16510	0.22940	0.16336	0.14233	0.00813	0.00202	0.00335	0.00847	0.00386	0.00439

[dist]
# distance from previous block
# <min> <max>
0	8

[block]
# block no. 2 follows, 54 sequences, length 26
# corresponding to MSA columns:
# 1349-1374
name=unknown_C
#
# <colnr> <probs for GDERKNQSTAVLIFYWHMCP>
#	G	D	E	R	K	N	Q	S	T	A	V	L	I	F	Y	W	H	M	C	P
0	0.01680	0.01254	0.01355	0.01032	0.01415	0.01347	0.00850	0.68193	0.02046	0.02774	0.01091	0.01111	0.00788	0.00536	0.00455	0.00132	0.00495	0.00404	0.00445	0.12598
1	0.00640	0.00438	0.00528	0.00573	0.00584	0.00427	0.00348	0.00674	0.00775	0.01033	0.01943	0.35992	0.02292	0.49735	0.01661	0.00348	0.00382	0.00955	0.00348	0.00326
2	0.00622	0.00441	0.00574	0.00650	0.00699	0.00416	0.00445	0.02310	0.00997	0.01359	0.14241	0.67190	0.03219	0.01355	0.00585	0.00182	0.00269	0.01223	0.02821	0.00402
3	0.00654	0.00561	0.00570	0.00553	0.00729	0.00519	0.00419	0.00963	0.13359	0.01383	0.04330	0.04103	0.67966	0.01107	0.00545	0.00159	0.00260	0.00923	0.00444	0.00453
4	0.00626	0.00489	0.00573	0.00576	0.00711	0.00436	0.00449	0.00795	0.01166	0.01507	0.30393	0.04306	0.42512	0.01131	0.00571	0.00164	0.00263	0.12448	0.00465	0.00420
5	0.00714	0.00510	0.00638	0.11796	0.00891	0.00539	0.00427	0.00757	0.00721	0.00954	0.01396	0.02833	0.01564	0.71985	0.02134	0.00416	0.00481	0.00649	0.00275	0.00319
6	0.00968	0.00689	0.00891	0.00968	0.11836	0.00667	0.00638	0.01332	0.13111	0.11825	0.25697	0.04518	0.23236	0.00862	0.00523	0.00152	0.00320	0.00743	0.00459	0.00565
7	0.00784	0.00475	0.00612	0.00655	0.00748	0.00428	0.00461	0.00886	0.00990	0.12197	0.02828	0.59945	0.14567	0.01311	0.00577	0.00180	0.00286	0.01168	0.00458	0.00443
8	0.00973	0.01059	0.12015	0.00787	0.01245	0.00693	0.00722	0.01229	0.00980	0.01530	0.00839	0.00980	0.00684	0.00363	0.00363	0.00081	0.00397	0.00289	0.00268	0.74501
9	0.00579	0.00418	0.00549	0.00652	0.00689	0.00388	0.00442	0.00666	0.00917	0.01213	0.02716	0.76675	0.07350	0.01457	0.00601	0.00190	0.00276	0.03398	0.00438	0.00385
10	0.01379	0.72276	0.02281	0.00811	0.01209	0.01704	0.00791	0.01534	0.01012	0.12105	0.00822	0.00873	0.00683	0.00428	0.00326	0.00107	0.00490	0.00283	0.00254	0.00632
11	0.00682	0.00751	0.11682	0.00671	0.00874	0.00524	0.00605	0.00926	0.01231	0.01700	0.52692	0.03397	0.20597	0.00943	0.00541	0.00151	0.00291	0.00814	0.00457	0.00469
12	0.01354	0.01011	0.01074	0.00886	0.01169	0.01108	0.00711	0.39459	0.20079	0.02353	0.03964	0.01807	0.09865	0.00661	0.00466	0.00144	0.00404	0.00527	0.12276	0.00684
13	0.01505	0.01091	0.01185	0.00971	0.01257	0.03558	0.00777	0.52025	0.01793	0.07062	0.01454	0.17015	0.01288	0.00929	0.05634	0.00190	0.00522	0.00606	0.00451	0.00689
14	0.01192	0.00967	0.01040	0.00929	0.01192	0.01100	0.00724	0.02391	0.70329	0.06301	0.06921	0.01863	0.01617	0.00657	0.00484	0.00158	0.00365	0.00550	0.00488	0.00730
15	0.00828	0.00550	0.00695	0.00643	0.00783	0.00518	0.00486	0.05939	0.01324	0.07674	0.55296	0.12837	0.08620	0.00987	0.00550	0.00154	0.00262	0.00865	0.00506	0.00484
16	0.00735	0.00578	0.00866	0.00809	0.00916	0.00643	0.05505	0.00965	0.05810	0.01148	0.01322	0.02011	0.01253	0.16186	0.58332	0.00633	0.01045	0.00540	0.00272	0.00433
17	0.00870	0.00811	0.01359	0.77079	0.03084	0.01005	0.01254	0.01170	0.00940	0.01205	0.00951	0.06489	0.00788	0.00536	0.00480	0.00159	0.00606	0.00478	0.00224	0.00515
18	0.01164	0.01243	0.02491	0.01886	0.06577	0.01204	0.62470	0.06503	0.08346	0.01647	0.01050	0.01302	0.00789	0.00431	0.00539	0.00157	0.00726	0.00538	0.00275	0.00663
19	0.00896	0.00519	0.00666	0.00592	0.00735	0.00513	0.07664	0.01131	0.00995	0.01718	0.01477	0.01715	0.01162	0.00609	0.02346	0.00130	0.00299	0.00452	0.75924	0.00457
20	0.00782	0.03341	0.05927	0.01759	0.03860	0.04400	0.03192	0.01039	0.06100	0.01461	0.20233	0.30314	0.10762	0.01040	0.00546	0.00165	0.00363	0.03822	0.00411	0.00481
21	0.02440	0.04405	0.24589	0.04133	0.14082	0.10544	0.24970	0.01548	0.01092	0.05076	0.00935	0.02357	0.00722	0.00454	0.00478	0.00147	0.00690	0.00436	0.00244	0.00657
22	0.02926	0.07754	0.27917	0.01577	0.17024	0.06254	0.11720	0.04847	0.03482	0.03345	0.05961	0.02259	0.00964	0.00498	0.00474	0.00144	0.01486	0.00435	0.00268	0.00665
23	0.01541	0.02830	0.03737	0.03620	0.01462	0.42662	0.03146	0.06006	0.07857	0.08340	0.00999	0.02943	0.00806	0.00606	0.01544	0.00150	0.10456	0.00395	0.00302	0.00598
24	0.02578	0.03276	0.02232	0.03061	0.04792	0.33884	0.05756	0.04661	0.06134	0.03553	0.03619	0.01532	0.08524	0.01817	0.06468	0.00186	0.03391	0.00455	0.00302	0.03781
25	0.02460	0.02294	0.03025	0.00955	0.03248	0.09195	0.02041	0.08610	0.05592	0.02545	0.14484	0.11939	0.09452	0.00943	0.03948	0.00183	0.14627	0.00648	0.00365	0.03446

[dist]
# distance from previous block
# <min> <max>
1	51

[block]
# block no. 3 follows, 54 sequences, length 10
# corresponding to MSA columns:
# 1426-1435
name=unknown_D
#
# <colnr> <probs for GDERKNQSTAVLIFYWHMCP>
#	G	D	E	R	K	N	Q	S	T	A	V	L	I	F	Y	W	H	M	C	P
0	0.01124	0.04235	0.03109	0.02244	0.03520	0.05481	0.00694	0.11157	0.07686	0.05466	0.04028	0.14783	0.03404	0.00657	0.00446	0.00125	0.00411	0.00549	0.00363	0.30518
1	0.03859	0.03367	0.06700	0.00868	0.02682	0.09595	0.00703	0.07530	0.08161	0.05837	0.01802	0.09459	0.13144	0.07551	0.00646	0.00164	0.02459	0.00578	0.00354	0.14540
2	0.02937	0.15150	0.03910	0.00982	0.04529	0.04191	0.00794	0.10674	0.15547	0.08414	0.09724	0.03782	0.05305	0.00653	0.00553	0.00144	0.08263	0.00500	0.00376	0.03572
3	0.01084	0.03201	0.16039	0.02293	0.04344	0.02859	0.03892	0.03547	0.13182	0.07817	0.04529	0.02935	0.04984	0.02210	0.03967	0.00174	0.03279	0.04723	0.00342	0.14601
4	0.00966	0.09925	0.00729	0.00521	0.00675	0.00661	0.00414	0.05593	0.01043	0.01718	0.01413	0.01665	0.01138	0.04085	0.00423	0.00126	0.00279	0.00428	0.67724	0.00472
5	0.03363	0.01193	0.07987	0.05429	0.18610	0.03119	0.30223	0.01441	0.05564	0.02800	0.01239	0.03463	0.05180	0.04030	0.00631	0.00168	0.04135	0.00530	0.00271	0.00624
6	0.01062	0.04604	0.27705	0.04460	0.18965	0.01039	0.14356	0.01446	0.03153	0.05660	0.05502	0.01464	0.02579	0.05262	0.00588	0.00165	0.00600	0.00470	0.00269	0.00651
7	0.01070	0.00893	0.01027	0.00742	0.01156	0.00723	0.00597	0.09993	0.01118	0.01699	0.00871	0.00995	0.00710	0.00374	0.00363	0.00078	0.00368	0.00296	0.00301	0.76624
8	0.00791	0.00415	0.00617	0.00625	0.00632	0.00417	0.00422	0.00630	0.00645	0.00865	0.00986	0.08020	0.01023	0.01728	0.06084	0.74707	0.00445	0.00490	0.00226	0.00231
9	0.21553	0.01144	0.01250	0.01134	0.10245	0.01229	0.00828	0.42629	0.01607	0.02436	0.00957	0.01032	0.00715	0.00493	0.00414	0.00134	0.00467	0.00367	0.00379	0.10987

[dist]
# distance from previous block
# <min> <max>
0	6

[block]
# block no. 4 follows, 54 sequences, length 67
# corresponding to MSA columns:
# 1442-1508
name=unknown_E
#
# <colnr> <probs for GDERKNQSTAVLIFYWHMCP>
#	G	D	E	R	K	N	Q	S	T	A	V	L	I	F	Y	W	H	M	C	P
0	0.01478	0.07693	0.09120	0.05716	0.03820	0.27287	0.04835	0.22446	0.03012	0.02842	0.00979	0.01108	0.01750	0.00642	0.03994	0.00163	0.01779	0.00385	0.00307	0.00643
1	0.00726	0.00551	0.00678	0.00637	0.00770	0.00538	0.00480	0.01088	0.11806	0.01850	0.63499	0.05072	0.08599	0.00945	0.00547	0.00151	0.00245	0.00829	0.00507	0.00481
2	0.00665	0.00457	0.00556	0.00575	0.00592	0.00465	0.00357	0.00704	0.00733	0.00989	0.01637	0.16207	0.01867	0.57793	0.14002	0.00458	0.00548	0.00767	0.00306	0.00322
3	0.00961	0.00825	0.00981	0.02336	0.01141	0.00668	0.00588	0.01197	0.03296	0.01522	0.02480	0.04484	0.00890	0.00436	0.00412	0.00086	0.03240	0.00350	0.00293	0.73815
4	0.01651	0.03419	0.01425	0.01397	0.10312	0.67285	0.00975	0.01790	0.01271	0.01196	0.00740	0.00893	0.00624	0.00494	0.00482	0.00127	0.04789	0.00321	0.00239	0.00569
5	0.00595	0.00424	0.00568	0.00675	0.00710	0.00400	0.00467	0.00689	0.00916	0.01218	0.02566	0.73798	0.03050	0.03110	0.00643	0.00199	0.00293	0.08858	0.00434	0.00386
6	0.00819	0.00410	0.00614	0.00614	0.00614	0.00410	0.00410	0.00614	0.00614	0.00819	0.00819	0.01433	0.00819	0.01638	0.01843	0.86282	0.00410	0.00410	0.00205	0.00205
7	0.00895	0.00844	0.01415	0.79935	0.03189	0.01059	0.01301	0.01203	0.00936	0.01203	0.00832	0.01251	0.00628	0.00482	0.00503	0.00159	0.03015	0.00419	0.00209	0.00524
8	0.00692	0.00561	0.00624	0.00594	0.00752	0.00534	0.00450	0.01036	0.13220	0.01609	0.32196	0.03737	0.40203	0.01024	0.00545	0.00155	0.00253	0.00872	0.00474	0.00469
9	0.00648	0.00481	0.00604	0.00573	0.00693	0.00437	0.00430	0.00852	0.01289	0.01783	0.67022	0.03700	0.17734	0.01004	0.00556	0.00150	0.00225	0.00878	0.00505	0.00437
10	0.00674	0.00505	0.00758	0.00758	0.00842	0.00589	0.00589	0.00842	0.00758	0.01095	0.01263	0.01852	0.01179	0.03536	0.81561	0.00758	0.01263	0.00505	0.00253	0.00421
11	0.00819	0.00410	0.00614	0.00614	0.00614	0.00410	0.00410	0.00614	0.00614	0.00819	0.00819	0.01433	0.00819	0.01638	0.01843	0.86282	0.00410	0.00410	0.00205	0.00205
12	0.01383	0.01117	0.01184	0.01002	0.01306	0.01271	0.00797	0.28401	0.53399	0.02311	0.01652	0.01547	0.01223	0.00615	0.00477	0.00154	0.00423	0.00496	0.00477	0.00765
13	0.01679	0.01249	0.01345	0.01053	0.01406	0.01383	0.00865	0.68109	0.08694	0.02816	0.03886	0.01359	0.01021	0.00602	0.00479	0.00145	0.00495	0.02164	0.00473	0.00777
14	0.01109	0.01299	0.04616	0.01972	0.02454	0.01190	0.76969	0.01510	0.01110	0.01510	0.00951	0.01265	0.00713	0.00399	0.00554	0.00159	0.00793	0.00552	0.00238	0.00637
15	0.00783	0.00448	0.00483	0.00483	0.00548	0.00446	0.00322	0.00913	0.00888	0.01421	0.06259	0.04151	0.01644	0.33328	0.01167	0.00251	0.00315	0.00581	0.45193	0.00378
16	0.00574	0.00410	0.00547	0.00657	0.00684	0.00383	0.00438	0.00657	0.00903	0.01204	0.02599	0.83122	0.03119	0.01477	0.00602	0.00191	0.00274	0.01340	0.00438	0.00383
17	0.01173	0.01013	0.01066	0.00960	0.01226	0.01173	0.00746	0.02505	0.79636	0.01972	0.01919	0.01759	0.01439	0.00640	0.00480	0.00160	0.00373	0.00533	0.00480	0.00746
18	0.00819	0.00410	0.00614	0.00614	0.00614	0.00410	0.00410	0.00614	0.00614	0.00819	0.00819	0.01433	0.00819	0.01638	0.01843	0.86282	0.00410	0.00410	0.00205	0.00205
19	0.00592	0.00422	0.00548	0.00638	0.00672	0.00396	0.00426	0.00674	0.00905	0.01205	0.05170	0.68257	0.05712	0.09570	0.00778	0.00216	0.00292	0.02725	0.00425	0.00377
20	0.00585	0.00477	0.00514	0.00508	0.00650	0.00410	0.00378	0.00725	0.01121	0.01404	0.21698	0.05856	0.59865	0.02983	0.00599	0.00164	0.00241	0.00963	0.00453	0.00406
21	0.00685	0.00489	0.00674	0.00783	0.00858	0.00478	0.00629	0.00847	0.01011	0.01327	0.02538	0.36800	0.02877	0.01373	0.00631	0.00207	0.00369	0.46574	0.00436	0.00413
22	0.00978	0.00838	0.00978	0.00698	0.01117	0.00629	0.00559	0.01187	0.00978	0.01536	0.00838	0.00978	0.00698	0.00349	0.00349	0.00070	0.00349	0.00279	0.00279	0.86312
23	0.00629	0.00450	0.00606	0.00697	0.00754	0.00428	0.00512	0.00760	0.01000	0.01340	0.12589	0.55054	0.03197	0.01371	0.00607	0.00192	0.00304	0.18661	0.00447	0.00403
24	0.00760	0.00543	0.00760	0.00868	0.00977	0.00543	0.00760	0.00977	0.01085	0.01411	0.02496	0.05319	0.02714	0.01303	0.00651	0.00217	0.00434	0.77315	0.00434	0.00434
25	0.01113	0.01272	0.02782	0.01987	0.02464	0.01192	0.78776	0.01510	0.01113	0.01510	0.00954	0.01272	0.00715	0.00397	0.00556	0.00159	0.00795	0.00556	0.00238	0.00636
26	0.01681	0.01240	0.01350	0.01052	0.01401	0.01376	0.00866	0.71177	0.02072	0.02785	0.01145	0.01203	0.00839	0.00860	0.08510	0.00203	0.00593	0.00433	0.00450	0.00764
27	0.00674	0.00505	0.00758	0.00758	0.00842	0.00589	0.00589	0.00842	0.00758	0.01095	0.01263	0.01852	0.01179	0.03536	0.81561	0.00758	0.01263	0.00505	0.00253	0.00421
28	0.00960	0.00639	0.00731	0.00667	0.00858	0.00608	0.00511	0.10273	0.05522	0.12242	0.10897	0.17253	0.34929	0.01034	0.00539	0.00160	0.00306	0.00879	0.00472	0.00521
29	0.01157	0.01117	0.01929	0.05232	0.75458	0.01121	0.04144	0.01442	0.01071	0.01529	0.00888	0.01173	0.00742	0.00421	0.00470	0.00141	0.00570	0.00425	0.00233	0.00736
30	0.02083	0.00854	0.01126	0.00863	0.01229	0.00769	0.00713	0.09893	0.01436	0.73098	0.01788	0.01558	0.01131	0.00582	0.00474	0.00145	0.00413	0.00469	0.00572	0.00802
31	0.86760	0.00912	0.00693	0.00620	0.00912	0.01058	0.00511	0.01386	0.00802	0.02115	0.00657	0.00766	0.00511	0.00438	0.00292	0.00146	0.00365	0.00255	0.00292	0.00511
32	0.01195	0.59581	0.23102	0.00962	0.01437	0.04339	0.01056	0.01449	0.00981	0.01212	0.00708	0.00822	0.00603	0.00418	0.00345	0.00114	0.00567	0.00279	0.00202	0.00627
33	0.00686	0.00457	0.00514	0.00514	0.00514	0.00457	0.00286	0.00686	0.00686	0.00914	0.01486	0.03086	0.01714	0.83430	0.02400	0.00457	0.00457	0.00686	0.00286	0.00286
34	0.01228	0.01092	0.01094	0.00978	0.01247	0.05614	0.00761	0.05233	0.72521	0.01963	0.01825	0.01686	0.01370	0.00629	0.00476	0.00157	0.00405	0.00517	0.00466	0.00737
35	0.00634	0.00472	0.00571	0.00569	0.00675	0.00428	0.00417	0.00781	0.01132	0.01508	0.37932	0.11702	0.27407	0.07249	0.00740	0.02752	0.00264	0.03906	0.00456	0.00405
36	0.01088	0.01069	0.01915	0.25382	0.43560	0.01117	0.14924	0.02590	0.01061	0.01461	0.00888	0.01211	0.00708	0.00433	0.00484	0.00148	0.00620	0.00444	0.00231	0.00665
37	0.78285	0.09120	0.00869	0.00639	0.00941	0.01138	0.00540	0.01389	0.00818	0.02016	0.00656	0.00765	0.00520	0.00434	0.00293	0.00141	0.00379	0.00255	0.00283	0.00520
38	0.01167	0.01120	0.01914	0.02894	0.80488	0.01120	0.01447	0.01447	0.01074	0.01540	0.00887	0.01167	0.00747	0.00420	0.00467	0.00140	0.00560	0.00420	0.00233	0.00747
39	0.00578	0.00415	0.00546	0.00647	0.00679	0.00386	0.00432	0.00661	0.00910	0.01210	0.03833	0.77738	0.05411	0.03319	0.00641	0.00196	0.00276	0.01308	0.00435	0.00382
40	0.01152	0.01105	0.01887	0.07101	0.76395	0.01116	0.01440	0.01434	0.01067	0.01523	0.00884	0.01172	0.00741	0.00423	0.00467	0.00141	0.00564	0.00420	0.00232	0.00735
41	0.01789	0.01413	0.01407	0.01098	0.01462	0.09400	0.00898	0.71280	0.02130	0.02791	0.01092	0.01104	0.00783	0.00558	0.00467	0.00140	0.00552	0.00413	0.00449	0.00777
42	0.02115	0.00802	0.01094	0.00839	0.01204	0.00693	0.00693	0.02298	0.01350	0.80815	0.01860	0.01605	0.01167	0.00584	0.00474	0.00146	0.00401	0.00474	0.00584	0.00802
43	0.00576	0.00426	0.00534	0.00616	0.00669	0.00389	0.00417	0.00666	0.00937	0.01220	0.04363	0.63716	0.18127	0.04165	0.00653	0.00193	0.00272	0.01243	0.00434	0.00384
44	0.00647	0.00539	0.00663	0.00756	0.08572	0.00481	0.00492	0.00807	0.01133	0.01455	0.23678	0.07931	0.48997	0.01073	0.00550	0.00156	0.00268	0.00919	0.00438	0.00444
45	0.01280	0.66893	0.10725	0.00892	0.01324	0.01744	0.00915	0.09103	0.01087	0.01335	0.00723	0.00819	0.00624	0.00424	0.00335	0.00110	0.00526	0.00279	0.00228	0.00634
46	0.01761	0.02247	0.01336	0.01215	0.01458	0.81537	0.00911	0.01883	0.01336	0.01154	0.00729	0.00850	0.00607	0.00486	0.00425	0.00121	0.00850	0.00304	0.00243	0.00547
47	0.01972	0.00835	0.01090	0.00857	0.01207	0.00766	0.00701	0.02330	0.13291	0.68788	0.01869	0.01628	0.01209	0.00592	0.00475	0.00148	0.00397	0.00483	0.00568	0.00794
48	0.00559	0.00471	0.00485	0.00495	0.00642	0.00397	0.00366	0.00675	0.01058	0.01267	0.04561	0.12327	0.72647	0.01222	0.00562	0.00162	0.00242	0.01029	0.00438	0.00397
49	0.00674	0.00505	0.00758	0.00758	0.00842	0.00589	0.00589	0.00842	0.00758	0.01095	0.01263	0.01852	0.01179	0.03536	0.81561	0.00758	0.01263	0.00505	0.00253	0.00421
50	0.00674	0.00505	0.00758	0.00758	0.00842	0.00589	0.00589	0.00842	0.00758	0.01095	0.01263	0.01852	0.01179	0.03536	0.81561	0.00758	0.01263	0.00505	0.00253	0.00421
51	0.73550	0.00975	0.00805	0.00692	0.00997	0.01121	0.00571	0.13440	0.01022	0.02249	0.00730	0.00823	0.00556	0.00458	0.00320	0.00145	0.00389	0.00282	0.00320	0.00556
52	0.01666	0.01258	0.01344	0.01059	0.01414	0.01403	0.00866	0.63280	0.18059	0.02767	0.01293	0.01260	0.00932	0.00581	0.00473	0.00145	0.00489	0.00447	0.00473	0.00790
53	0.00664	0.00494	0.00728	0.00739	0.00815	0.00564	0.00564	0.00818	0.00770	0.01099	0.01403	0.09951	0.01390	0.06122	0.70771	0.00691	0.01137	0.00594	0.00272	0.00412
54	0.00574	0.00414	0.00544	0.00647	0.00681	0.00384	0.00434	0.00658	0.00911	0.01207	0.02709	0.79133	0.07036	0.01463	0.00600	0.00190	0.00272	0.01323	0.00438	0.00384
55	0.00659	0.00446	0.00522	0.00549	0.00556	0.00439	0.00323	0.00679	0.00738	0.00985	0.01756	0.22559	0.02056	0.63490	0.01962	0.00392	0.00412	0.00845	0.00323	0.00309
56	0.00558	0.00474	0.00481	0.00487	0.00639	0.00397	0.00362	0.00676	0.01066	0.01270	0.04666	0.08527	0.76379	0.01208	0.00560	0.00161	0.00241	0.01013	0.00438	0.00397
57	0.00901	0.00456	0.00481	0.00469	0.00588	0.00449	0.00354	0.01120	0.01036	0.04532	0.09351	0.01927	0.01528	0.00592	0.00357	0.00115	0.00226	0.00482	0.74584	0.00453
58	0.66412	0.00872	0.00728	0.00652	0.00920	0.00993	0.00523	0.01462	0.08652	0.04763	0.03281	0.01181	0.02682	0.04709	0.00438	0.00163	0.00364	0.00347	0.00330	0.00528
59	0.00595	0.00476	0.00530	0.00528	0.00663	0.00415	0.00393	0.00740	0.01127	0.01431	0.24762	0.08240	0.52442	0.03014	0.00603	0.00166	0.00246	0.02766	0.00456	0.00408
60	0.00574	0.00410	0.00547	0.00657	0.00684	0.00383	0.00438	0.00657	0.00903	0.01204	0.02599	0.83122	0.03119	0.01477	0.00602	0.00191	0.00274	0.01340	0.00438	0.00383
61	0.00572	0.00419	0.00538	0.00634	0.00678	0.00385	0.00427	0.00659	0.00925	0.01213	0.02878	0.73043	0.13017	0.01441	0.00596	0.00187	0.00269	0.01296	0.00438	0.00385
62	0.00567	0.00478	0.00491	0.00487	0.00643	0.00402	0.00366	0.00695	0.01097	0.01326	0.11142	0.04452	0.73899	0.01175	0.00557	0.00158	0.00237	0.00983	0.00445	0.00402
63	0.00674	0.00505	0.00758	0.00758	0.00842	0.00589	0.00589	0.00842	0.00758	0.01095	0.01263	0.01852	0.01179	0.03536	0.81561	0.00758	0.01263	0.00505	0.00253	0.00421
64	0.00563	0.00456	0.00500	0.00536	0.00652	0.00393	0.00384	0.00670	0.01019	0.01251	0.04065	0.30203	0.55090	0.01287	0.00572	0.00170	0.00250	0.01108	0.00438	0.00393
65	0.02068	0.00813	0.01093	0.00845	0.01205	0.00717	0.00696	0.02308	0.05323	0.76813	0.01863	0.01613	0.01181	0.00586	0.00474	0.00147	0.00400	0.00477	0.00578	0.00800
66	0.00758	0.00480	0.00621	0.00657	0.00737	0.00448	0.00460	0.00894	0.02755	0.08737	0.13699	0.51050	0.05781	0.08200	0.00732	0.00202	0.00298	0.02607	0.00451	0.00433

[dist]
# distance from previous block
# <min> <max>
0	1

[block]
# block no. 5 follows, 54 sequences, length 6
# corresponding to MSA columns:
# 1510-1515
name=unknown_F
#
# <colnr> <probs for GDERKNQSTAVLIFYWHMCP>
#	G	D	E	R	K	N	Q	S	T	A	V	L	I	F	Y	W	H	M	C	P
0	0.01009	0.00885	0.01132	0.01060	0.14196	0.00710	0.00705	0.01230	0.00994	0.01537	0.00846	0.01009	0.00706	0.00361	0.00369	0.00081	0.00384	0.00303	0.00272	0.72213
1	0.58757	0.08452	0.04773	0.00767	0.01087	0.01208	0.00675	0.12572	0.01026	0.02073	0.00732	0.00841	0.00570	0.00472	0.00385	0.00144	0.04302	0.00291	0.00301	0.00570
2	0.00685	0.00615	0.03765	0.10467	0.01119	0.00553	0.03232	0.00879	0.01083	0.01433	0.23027	0.18571	0.21358	0.03196	0.00608	0.00175	0.00348	0.08033	0.00412	0.00442
3	0.01204	0.29353	0.04476	0.01037	0.01354	0.05245	0.09067	0.12920	0.04111	0.01493	0.00953	0.02938	0.00823	0.00964	0.12580	0.00225	0.07206	0.00402	0.00274	0.03375
4	0.00598	0.00430	0.00545	0.00628	0.00668	0.00403	0.00423	0.00678	0.00897	0.01178	0.02655	0.59617	0.10812	0.13419	0.00862	0.00228	0.00305	0.04864	0.00415	0.00373
5	0.01131	0.65201	0.02065	0.00771	0.01095	0.01568	0.00727	0.01269	0.00906	0.01088	0.00813	0.01127	0.00788	0.09297	0.10255	0.00216	0.00590	0.00327	0.00216	0.00550

[dist]
# distance from previous block
# <min> <max>
0	1

[block]
# block no. 6 follows, 54 sequences, length 109
# corresponding to MSA columns:
# 1517-1558,1563-1626,1643-1645
name=unknown_G
#
# <colnr> <probs for GDERKNQSTAVLIFYWHMCP>
#	G	D	E	R	K	N	Q	S	T	A	V	L	I	F	Y	W	H	M	C	P
0	0.50041	0.00714	0.00682	0.02210	0.00846	0.00798	0.00488	0.01079	0.00736	0.01584	0.00727	0.01038	0.00636	0.00901	0.00897	0.33504	0.00387	0.00319	0.00256	0.02156
1	0.05732	0.01157	0.02223	0.01603	0.02046	0.01081	0.54402	0.05223	0.01123	0.02863	0.00947	0.01203	0.00722	0.00464	0.02078	0.00153	0.00684	0.00483	0.00266	0.15547
2	0.01194	0.01171	0.01888	0.02818	0.76917	0.04755	0.01423	0.01467	0.01085	0.01523	0.00880	0.01153	0.00741	0.00423	0.00465	0.00139	0.00573	0.00415	0.00234	0.00738
3	0.00571	0.00422	0.00535	0.00625	0.00676	0.00386	0.00424	0.00660	0.00933	0.01216	0.02979	0.69413	0.16582	0.01428	0.00594	0.00186	0.00267	0.01280	0.00438	0.00386
4	0.01194	0.01166	0.01852	0.02737	0.73615	0.04693	0.01394	0.01511	0.04419	0.01542	0.00924	0.01178	0.00770	0.00432	0.00465	0.00140	0.00565	0.00420	0.00244	0.00738
5	0.01973	0.00804	0.01093	0.04454	0.01280	0.00723	0.00715	0.02216	0.04923	0.71239	0.04223	0.01655	0.01256	0.00593	0.00477	0.00147	0.00405	0.00486	0.00560	0.00776
6	0.00563	0.00477	0.00479	0.00479	0.00631	0.00401	0.00355	0.00677	0.01057	0.01258	0.04630	0.04473	0.76807	0.04846	0.00639	0.00172	0.00249	0.00981	0.00431	0.00393
7	0.02046	0.00788	0.01067	0.00823	0.01178	0.00680	0.00678	0.02226	0.01337	0.77283	0.01990	0.01735	0.04681	0.00611	0.00478	0.00146	0.00394	0.00497	0.00577	0.00784
8	0.01792	0.01321	0.01415	0.01085	0.01462	0.01462	0.00896	0.78916	0.02217	0.02972	0.01132	0.01132	0.00802	0.00566	0.00472	0.00142	0.00519	0.00425	0.00472	0.00802
9	0.01792	0.01321	0.01415	0.01085	0.01462	0.01462	0.00896	0.78916	0.02217	0.02972	0.01132	0.01132	0.00802	0.00566	0.00472	0.00142	0.00519	0.00425	0.00472	0.00802
10	0.02115	0.00802	0.01094	0.00839	0.01204	0.00693	0.00693	0.02298	0.01350	0.80815	0.01860	0.01605	0.01167	0.00584	0.00474	0.00146	0.00401	0.00474	0.00584	0.00802
11	0.01792	0.01321	0.01415	0.01085	0.01462	0.01462	0.00896	0.78916	0.02217	0.02972	0.01132	0.01132	0.00802	0.00566	0.00472	0.00142	0.00519	0.00425	0.00472	0.00802
12	0.01761	0.02247	0.01336	0.01215	0.01458	0.81537	0.00911	0.01883	0.01336	0.01154	0.00729	0.00850	0.00607	0.00486	0.00425	0.00121	0.00850	0.00304	0.00243	0.00547
13	0.01173	0.01013	0.01066	0.00960	0.01226	0.01173	0.00746	0.02505	0.79636	0.01972	0.01919	0.01759	0.01439	0.00640	0.00480	0.00160	0.00373	0.00533	0.00480	0.00746
14	0.00819	0.00410	0.00614	0.00614	0.00614	0.00410	0.00410	0.00614	0.00614	0.00819	0.00819	0.01433	0.00819	0.01638	0.01843	0.86282	0.00410	0.00410	0.00205	0.00205
15	0.86760	0.00912	0.00693	0.00620	0.00912	0.01058	0.00511	0.01386	0.00802	0.02115	0.00657	0.00766	0.00511	0.00438	0.00292	0.00146	0.00365	0.00255	0.00292	0.00511
16	0.00574	0.00410	0.00547	0.00657	0.00684	0.00383	0.00438	0.00657	0.00903	0.01204	0.02599	0.83122	0.03119	0.01477	0.00602	0.00191	0.00274	0.01340	0.00438	0.00383
17	0.00674	0.00452	0.00518	0.00530	0.00532	0.00449	0.00302	0.00683	0.00709	0.00945	0.01605	0.11679	0.01865	0.74630	0.02207	0.00429	0.00437	0.00756	0.00302	0.00296
18	0.00574	0.00410	0.00547	0.00657	0.00684	0.00383	0.00438	0.00657	0.00903	0.01204	0.02599	0.83122	0.03119	0.01477	0.00602	0.00191	0.00274	0.01340	0.00438	0.00383
19	0.00574	0.00410	0.00547	0.00657	0.00684	0.00383	0.00438	0.00657	0.00903	0.01204	0.02599	0.83122	0.03119	0.01477	0.00602	0.00191	0.00274	0.01340	0.00438	0.00383
20	0.00643	0.00481	0.00597	0.00568	0.00690	0.00435	0.00426	0.00843	0.01278	0.01756	0.63782	0.03744	0.20991	0.01014	0.00556	0.00151	0.00226	0.00884	0.00501	0.00435
21	0.07149	0.00454	0.00556	0.00644	0.00700	0.00439	0.00442	0.00731	0.00906	0.01296	0.02489	0.70558	0.05439	0.01357	0.00569	0.00185	0.00280	0.02312	0.03099	0.00396
22	0.00574	0.00410	0.00547	0.00657	0.00684	0.00383	0.00438	0.00657	0.00903	0.01204	0.02599	0.83122	0.03119	0.01477	0.00602	0.00191	0.00274	0.01340	0.00438	0.00383
23	0.00578	0.00412	0.00546	0.00653	0.00679	0.00385	0.00433	0.00657	0.00897	0.01196	0.02568	0.80876	0.03079	0.03777	0.00652	0.00199	0.00279	0.01322	0.00433	0.00380
24	0.86760	0.00912	0.00693	0.00620	0.00912	0.01058	0.00511	0.01386	0.00802	0.02115	0.00657	0.00766	0.00511	0.00438	0.00292	0.00146	0.00365	0.00255	0.00292	0.00511
25	0.00679	0.00520	0.00765	0.00758	0.00844	0.00606	0.00591	0.00843	0.00773	0.01105	0.01421	0.01963	0.05160	0.03335	0.75013	0.00711	0.03705	0.00527	0.00261	0.00423
26	0.02089	0.00845	0.01121	0.00859	0.01225	0.00756	0.00710	0.08604	0.01421	0.74408	0.01800	0.01566	0.01137	0.00582	0.00474	0.00146	0.00411	0.00470	0.00574	0.00802
27	0.00577	0.00411	0.00546	0.00654	0.00681	0.00384	0.00435	0.00657	0.00899	0.01198	0.02577	0.81581	0.03091	0.03055	0.00636	0.00197	0.00277	0.01328	0.00435	0.00381
28	0.00667	0.00482	0.00630	0.00593	0.00704	0.00445	0.00445	0.00890	0.01335	0.01891	0.80239	0.03522	0.04449	0.00964	0.00556	0.00148	0.00222	0.00853	0.00519	0.00445
29	0.01025	0.09908	0.68970	0.01286	0.01938	0.01152	0.03113	0.01518	0.01008	0.04628	0.00871	0.01003	0.00623	0.00448	0.00438	0.00145	0.00669	0.00349	0.00215	0.00691
30	0.00680	0.00489	0.00612	0.00577	0.00703	0.00442	0.00434	0.00881	0.01285	0.03593	0.63988	0.03672	0.18890	0.00999	0.00554	0.00150	0.00230	0.00871	0.00505	0.00444
31	0.00978	0.00838	0.00978	0.00698	0.01117	0.00629	0.00559	0.01187	0.00978	0.01536	0.00838	0.00978	0.00698	0.00349	0.00349	0.00070	0.00349	0.00279	0.00279	0.86312
32	0.00890	0.00838	0.01414	0.82296	0.03247	0.01048	0.01309	0.01205	0.00943	0.01205	0.00838	0.01257	0.00629	0.00471	0.00471	0.00157	0.00629	0.00419	0.00210	0.00524
33	0.19257	0.01428	0.05249	0.03813	0.03123	0.17393	0.00874	0.31843	0.09013	0.02168	0.00998	0.01058	0.00746	0.00518	0.00424	0.00141	0.00553	0.00371	0.00361	0.00669
34	0.00599	0.00430	0.00565	0.00656	0.00681	0.00415	0.00438	0.00674	0.00878	0.01174	0.02435	0.71449	0.02908	0.10469	0.00819	0.00221	0.01931	0.02466	0.00416	0.00376
35	0.00812	0.00413	0.00615	0.00615	0.00617	0.00415	0.00411	0.00621	0.00619	0.00828	0.00845	0.01482	0.00849	0.03603	0.03782	0.82201	0.00431	0.00418	0.00208	0.00212
36	0.01500	0.01833	0.01245	0.07757	0.03199	0.60701	0.00890	0.01635	0.01229	0.01173	0.01003	0.12481	0.00966	0.00628	0.00471	0.00136	0.01898	0.00463	0.00267	0.00526
37	0.02754	0.01546	0.01257	0.01083	0.02916	0.37078	0.00829	0.16875	0.01478	0.24921	0.01167	0.01207	0.00848	0.03305	0.00514	0.00144	0.00630	0.00392	0.00389	0.00666
38	0.06283	0.01199	0.01305	0.01014	0.01378	0.01303	0.00835	0.58046	0.07036	0.14871	0.01270	0.01226	0.00884	0.00567	0.00463	0.00144	0.00483	0.00430	0.00480	0.00783
39	0.01294	0.03088	0.01769	0.02155	0.45278	0.13698	0.07723	0.07421	0.08482	0.01611	0.01042	0.01226	0.02123	0.00472	0.00467	0.00140	0.00598	0.00430	0.00279	0.00701
40	0.01012	0.00845	0.01180	0.10086	0.15845	0.00775	0.01949	0.01234	0.01006	0.05155	0.02296	0.04059	0.04900	0.00560	0.02037	0.00126	0.03239	0.00427	0.02921	0.40350
41	0.52562	0.05239	0.00950	0.00751	0.01049	0.08997	0.00615	0.10210	0.01088	0.06903	0.04408	0.01065	0.02312	0.00501	0.00355	0.00140	0.00430	0.00334	0.00334	0.01758
42	0.00713	0.00555	0.00789	0.00769	0.00827	0.00659	0.00584	0.00842	0.00748	0.01074	0.01282	0.05451	0.01286	0.16513	0.55422	0.00618	0.10639	0.00560	0.00261	0.00408
43	0.01157	0.00941	0.01086	0.04488	0.06647	0.01054	0.00776	0.06412	0.52348	0.04574	0.08972	0.03650	0.01620	0.00657	0.00483	0.00155	0.00385	0.00557	0.03342	0.00696
44	0.00576	0.00412	0.00549	0.00655	0.00684	0.00384	0.00438	0.00661	0.00911	0.01217	0.04065	0.81619	0.03144	0.01467	0.00601	0.00191	0.00273	0.01331	0.00439	0.00384
45	0.01283	0.01429	0.04714	0.05517	0.01825	0.18411	0.26032	0.07332	0.14505	0.01553	0.01028	0.01211	0.00800	0.00533	0.00634	0.00156	0.11665	0.00455	0.00290	0.00628
46	0.00826	0.00732	0.01162	0.06358	0.07692	0.00869	0.06035	0.01012	0.00818	0.01179	0.01109	0.05000	0.01045	0.02231	0.44459	0.00491	0.17736	0.00513	0.00246	0.00486
47	0.01818	0.00978	0.01178	0.00921	0.01256	0.00991	0.00756	0.31236	0.03228	0.40491	0.05499	0.01522	0.01189	0.00670	0.02368	0.00159	0.02228	0.00474	0.02276	0.00761
48	0.00674	0.00505	0.00758	0.00758	0.00842	0.00589	0.00589	0.00842	0.00758	0.01095	0.01263	0.01852	0.01179	0.03536	0.81561	0.00758	0.01263	0.00505	0.00253	0.00421
49	0.00686	0.00457	0.00514	0.00514	0.00514	0.00457	0.00286	0.00686	0.00686	0.00914	0.01486	0.03086	0.01714	0.83430	0.02400	0.00457	0.00457	0.00686	0.00286	0.00286
50	0.01133	0.01085	0.01842	0.07902	0.72025	0.01107	0.01407	0.01407	0.01054	0.01502	0.00915	0.02941	0.00788	0.00455	0.00494	0.00144	0.02404	0.00440	0.00236	0.00719
51	0.01298	0.00629	0.00815	0.00707	0.00930	0.00561	0.00551	0.01499	0.03635	0.36907	0.19255	0.15544	0.13879	0.00901	0.00525	0.00156	0.00317	0.00773	0.00522	0.00597
52	0.04182	0.00929	0.01161	0.00892	0.01258	0.00887	0.00737	0.20650	0.01544	0.60152	0.01655	0.01470	0.01063	0.00576	0.00469	0.00145	0.00428	0.00457	0.00549	0.00795
53	0.01202	0.01109	0.01884	0.02818	0.77568	0.01105	0.01419	0.01478	0.01084	0.04461	0.00923	0.01183	0.00762	0.00426	0.00467	0.00140	0.00554	0.00422	0.00246	0.00749
54	0.00577	0.00418	0.00546	0.00642	0.00682	0.00387	0.00433	0.00668	0.00932	0.01237	0.06035	0.74641	0.08186	0.01437	0.00597	0.00188	0.00269	0.01297	0.00441	0.00387
55	0.01788	0.01457	0.01403	0.01104	0.01462	0.13227	0.00898	0.67598	0.02087	0.02705	0.01073	0.01091	0.00773	0.00554	0.00465	0.00139	0.00568	0.00407	0.00438	0.00764
56	0.01346	0.00875	0.01004	0.00866	0.01110	0.00920	0.00677	0.24373	0.16903	0.16447	0.01888	0.20208	0.03536	0.03593	0.00570	0.00169	0.00396	0.02062	0.02404	0.00654
57	0.01195	0.59342	0.23328	0.00959	0.01440	0.01647	0.01059	0.04016	0.01010	0.01274	0.00722	0.00832	0.00610	0.00421	0.00347	0.00115	0.00556	0.00283	0.00210	0.00636
58	0.01158	0.01112	0.01899	0.05329	0.78120	0.01118	0.01443	0.01440	0.01070	0.01530	0.00885	0.01170	0.00743	0.00422	0.00467	0.00141	0.00562	0.00420	0.00233	0.00740
59	0.07027	0.00638	0.00718	0.00630	0.00831	0.00635	0.00495	0.08497	0.01163	0.20687	0.01592	0.07773	0.01258	0.00695	0.02378	0.00146	0.00330	0.00504	0.43444	0.00559
60	0.00986	0.07137	0.74939	0.01303	0.01977	0.01132	0.01668	0.01503	0.01000	0.02940	0.00854	0.00993	0.00608	0.00448	0.00440	0.00146	0.00680	0.00345	0.00206	0.00693
61	0.02085	0.00852	0.01125	0.00862	0.01228	0.00766	0.00712	0.09573	0.01432	0.73424	0.01791	0.01560	0.01132	0.00582	0.00474	0.00145	0.00412	0.00469	0.00573	0.00802
62	0.02549	0.05124	0.75093	0.01327	0.02001	0.01122	0.03421	0.01489	0.00993	0.01492	0.00839	0.00989	0.00599	0.00445	0.00443	0.00148	0.00686	0.00348	0.00202	0.00689
63	0.05296	0.05645	0.73756	0.01286	0.01950	0.01124	0.01642	0.01485	0.00984	0.01509	0.00829	0.00974	0.00593	0.00446	0.00434	0.00147	0.00672	0.00340	0.00204	0.00684
64	0.01413	0.01167	0.01123	0.00977	0.01239	0.13636	0.00768	0.07939	0.41618	0.12874	0.01618	0.01549	0.02322	0.00617	0.00524	0.00151	0.05053	0.00477	0.04240	0.00696
65	0.00690	0.00483	0.00630	0.00624	0.00723	0.00452	0.00456	0.00901	0.03060	0.03620	0.56233	0.24221	0.03952	0.01081	0.00564	0.00160	0.00244	0.00963	0.00498	0.00444
66	0.01235	0.63899	0.17214	0.00924	0.01376	0.04634	0.00985	0.01460	0.00986	0.02610	0.00716	0.00820	0.00614	0.00418	0.00338	0.00112	0.00551	0.00276	0.00210	0.00624
67	0.01243	0.79075	0.06952	0.00837	0.01258	0.01822	0.00860	0.01417	0.00960	0.01131	0.00666	0.00770	0.00605	0.00406	0.00311	0.00104	0.00515	0.00258	0.00202	0.00610
68	0.00635	0.00494	0.00580	0.00561	0.00693	0.00446	0.00419	0.00846	0.03616	0.01622	0.44852	0.06806	0.34587	0.01065	0.00556	0.00155	0.00235	0.00918	0.00482	0.00433
69	0.00574	0.00410	0.00547	0.00657	0.00684	0.00383	0.00438	0.00657	0.00903	0.01204	0.02599	0.83122	0.03119	0.01477	0.00602	0.00191	0.00274	0.01340	0.00438	0.00383
70	0.00968	0.08211	0.75410	0.01306	0.01982	0.01150	0.01676	0.01487	0.00993	0.01466	0.00833	0.00978	0.00598	0.00445	0.00438	0.00146	0.00683	0.00342	0.00199	0.00690
71	0.01724	0.01206	0.01309	0.01020	0.01374	0.01320	0.00838	0.62234	0.08199	0.09557	0.01278	0.01255	0.00905	0.00572	0.00465	0.00142	0.00482	0.00438	0.04903	0.00779
72	0.00582	0.00427	0.00547	0.00627	0.00680	0.00392	0.00428	0.00685	0.00972	0.01287	0.11346	0.64481	0.13042	0.01385	0.00591	0.00183	0.00264	0.01243	0.00447	0.00392
73	0.04304	0.01296	0.03849	0.01883	0.09528	0.06161	0.55964	0.02707	0.01105	0.01513	0.00951	0.03273	0.00760	0.00455	0.00569	0.00157	0.04124	0.00525	0.00247	0.00629
74	0.13585	0.01036	0.01117	0.00885	0.01221	0.03986	0.00724	0.30580	0.01574	0.31521	0.02315	0.01432	0.04253	0.00582	0.00446	0.00143	0.00443	0.00444	0.02994	0.00721
75	0.00986	0.00560	0.00719	0.00670	0.00845	0.00506	0.00528	0.01162	0.01189	0.20096	0.25286	0.09048	0.21085	0.01122	0.04150	0.00189	0.00345	0.10515	0.00487	0.00511
76	0.01570	0.01244	0.01275	0.03857	0.06750	0.12859	0.00865	0.28768	0.18220	0.13315	0.04284	0.01435	0.02234	0.00583	0.00471	0.00144	0.00511	0.00461	0.00432	0.00721
77	0.01126	0.00780	0.00932	0.12082	0.01289	0.03454	0.00698	0.13987	0.03101	0.13181	0.08345	0.12684	0.15673	0.00862	0.00515	0.00158	0.00402	0.05937	0.04235	0.00560
78	0.01611	0.00858	0.01014	0.00811	0.01112	0.00846	0.00659	0.23081	0.03875	0.35134	0.05030	0.01918	0.10541	0.00663	0.00470	0.00143	0.00385	0.00534	0.10620	0.00696
79	0.00625	0.00483	0.00572	0.00558	0.00690	0.00430	0.00424	0.00804	0.01212	0.01606	0.44397	0.04042	0.36437	0.01078	0.00561	0.00156	0.00240	0.04777	0.00480	0.00425
80	0.24803	0.01030	0.01190	0.16601	0.07569	0.05592	0.03468	0.07522	0.06374	0.01740	0.00878	0.01057	0.00688	0.00464	0.00436	0.00135	0.03234	0.00354	0.00289	0.16575
81	0.01186	0.01068	0.01094	0.00839	0.01201	0.09838	0.00668	0.13787	0.01209	0.01704	0.01806	0.02947	0.00801	0.00453	0.00437	0.00097	0.03918	0.00343	0.00310	0.56292
82	0.53988	0.01205	0.00981	0.09475	0.01327	0.18434	0.02535	0.01487	0.02073	0.01771	0.00716	0.00869	0.00565	0.00463	0.00379	0.00144	0.02494	0.00298	0.00272	0.00526
83	0.01068	0.20505	0.01679	0.01127	0.01237	0.01493	0.02635	0.01193	0.00788	0.01135	0.00669	0.01016	0.00648	0.00861	0.05502	0.00210	0.57110	0.00383	0.00208	0.00534
84	0.01082	0.01069	0.12694	0.00877	0.01300	0.00746	0.03961	0.02864	0.02556	0.09186	0.02148	0.01248	0.00868	0.00598	0.04762	0.00137	0.00476	0.02012	0.00308	0.51107
85	0.00670	0.00485	0.00636	0.00681	0.00731	0.00471	0.02195	0.04557	0.00928	0.01240	0.02256	0.60613	0.02652	0.17483	0.01876	0.00247	0.00345	0.01140	0.00403	0.00391
86	0.00869	0.00797	0.01201	0.16182	0.01485	0.01035	0.02486	0.01042	0.00785	0.01140	0.00915	0.01395	0.00839	0.01796	0.32186	0.00409	0.34277	0.00452	0.00225	0.00483
87	0.06900	0.05125	0.02792	0.22129	0.05476	0.02422	0.06164	0.09139	0.02187	0.05212	0.01002	0.01225	0.00777	0.00631	0.04904	0.00164	0.00545	0.00394	0.07952	0.14861
88	0.01171	0.01331	0.09817	0.02444	0.01354	0.20144	0.07222	0.01384	0.01004	0.03472	0.00951	0.01217	0.00788	0.00838	0.07835	0.00203	0.21138	0.00403	0.14767	0.02518
89	0.00624	0.00446	0.00588	0.00644	0.00704	0.00419	0.00456	0.00758	0.01046	0.01428	0.27841	0.47401	0.03451	0.05439	0.00681	0.00193	0.00278	0.06744	0.00456	0.00402
90	0.00978	0.05958	0.70168	0.01418	0.05354	0.01135	0.05581	0.01488	0.01003	0.01479	0.00845	0.01006	0.00610	0.00442	0.00448	0.00147	0.00687	0.00358	0.00203	0.00692
91	0.01166	0.01046	0.04844	0.00949	0.01234	0.01112	0.00772	0.02357	0.69037	0.04818	0.02010	0.01858	0.05375	0.00657	0.00482	0.00159	0.00383	0.00545	0.00468	0.00728
92	0.00569	0.00478	0.00494	0.00490	0.00644	0.00403	0.00368	0.00700	0.01103	0.01340	0.12879	0.04429	0.72153	0.01169	0.00557	0.00158	0.00237	0.00980	0.00447	0.00403
93	0.00625	0.00451	0.00561	0.00615	0.00672	0.00424	0.00426	0.00723	0.00945	0.01247	0.11312	0.38493	0.13381	0.19203	0.00987	0.00243	0.00319	0.08584	0.00413	0.00376
94	0.01048	0.04647	0.04822	0.17585	0.08179	0.01159	0.41572	0.01380	0.01028	0.01410	0.00939	0.02886	0.00752	0.00475	0.00586	0.00157	0.06882	0.00500	0.03392	0.00602
95	0.01167	0.01120	0.01914	0.02894	0.80488	0.01120	0.01447	0.01447	0.01074	0.01540	0.00887	0.01167	0.00747	0.00420	0.00467	0.00140	0.00560	0.00420	0.00233	0.00747
