[name]
unknown

[dist]
# distance from previous block
# <min> <max>
2	301

[block]
# block no. 0 follows, 56 sequences, length 11
# corresponding to MSA columns:
# 500-510
name=unknown_A
#
# <colnr> <probs for GDERKNQSTAVLIFYWHMCP>
#	G	D	E	R	K	N	Q	S	T	A	V	L	I	F	Y	W	H	M	C	P
0	0.00725	0.00623	0.00886	0.00859	0.00892	0.00736	0.03171	0.00821	0.00816	0.01145	0.01777	0.48530	0.02065	0.04463	0.04088	0.00221	0.26486	0.00939	0.00336	0.00420
1	0.01550	0.01075	0.01827	0.01345	0.01745	0.01033	0.34567	0.15531	0.04289	0.30181	0.01309	0.01347	0.00894	0.00489	0.00496	0.00147	0.00575	0.00490	0.00401	0.00709
2	0.00999	0.23103	0.61439	0.01176	0.01782	0.01256	0.01465	0.01434	0.00960	0.01359	0.00777	0.00910	0.00583	0.00425	0.00400	0.00133	0.00631	0.00315	0.00194	0.00656
3	0.01227	0.84142	0.02406	0.00786	0.01178	0.01817	0.00786	0.01375	0.00933	0.01080	0.00638	0.00736	0.00589	0.00393	0.00295	0.00098	0.00491	0.00245	0.00196	0.00589
4	0.01084	0.01238	0.02709	0.01935	0.02399	0.01161	0.79334	0.01471	0.01084	0.01471	0.00929	0.01238	0.00697	0.00387	0.00542	0.00155	0.00774	0.00542	0.00232	0.00619
5	0.87108	0.00888	0.00675	0.00604	0.00888	0.01030	0.00497	0.01350	0.00781	0.02060	0.00639	0.00746	0.00497	0.00426	0.00284	0.00142	0.00355	0.00249	0.00284	0.00497
6	0.00543	0.00465	0.00465	0.00465	0.00620	0.00388	0.00349	0.00659	0.01046	0.01240	0.04651	0.04418	0.80815	0.01163	0.00543	0.00155	0.00233	0.00969	0.00426	0.00388
7	0.01227	0.84142	0.02406	0.00786	0.01178	0.01817	0.00786	0.01375	0.00933	0.01080	0.00638	0.00736	0.00589	0.00393	0.00295	0.00098	0.00491	0.00245	0.00196	0.00589
8	0.00694	0.00496	0.00687	0.00793	0.00879	0.00489	0.00660	0.00872	0.01012	0.01323	0.02456	0.25003	0.02742	0.01311	0.00622	0.00205	0.00383	0.58537	0.00424	0.00410
9	0.01142	0.00986	0.01038	0.00934	0.01194	0.01142	0.00727	0.02440	0.80172	0.01920	0.01869	0.01713	0.01401	0.00623	0.00467	0.00156	0.00363	0.00519	0.00467	0.00727
10	0.01084	0.01238	0.02709	0.01935	0.02399	0.01161	0.79334	0.01471	0.01084	0.01471	0.00929	0.01238	0.00697	0.00387	0.00542	0.00155	0.00774	0.00542	0.00232	0.00619

[dist]
# distance from previous block
# <min> <max>
2	6

[block]
# block no. 1 follows, 56 sequences, length 7
# corresponding to MSA columns:
# 518-524
name=unknown_B
#
# <colnr> <probs for GDERKNQSTAVLIFYWHMCP>
#	G	D	E	R	K	N	Q	S	T	A	V	L	I	F	Y	W	H	M	C	P
0	0.79707	0.00852	0.00657	0.00592	0.00865	0.00975	0.00485	0.01290	0.00804	0.01990	0.00982	0.01060	0.07365	0.00489	0.00306	0.00143	0.00345	0.00310	0.00296	0.00488
1	0.00867	0.00816	0.01377	0.82762	0.03162	0.01020	0.01275	0.01173	0.00918	0.01173	0.00816	0.01224	0.00612	0.00459	0.00459	0.00153	0.00612	0.00408	0.00204	0.00510
2	0.01227	0.84142	0.02406	0.00786	0.01178	0.01817	0.00786	0.01375	0.00933	0.01080	0.00638	0.00736	0.00589	0.00393	0.00295	0.00098	0.00491	0.00245	0.00196	0.00589
3	0.01745	0.01286	0.01378	0.01056	0.01424	0.01424	0.00873	0.79471	0.02159	0.02893	0.01102	0.01102	0.00781	0.00551	0.00459	0.00138	0.00505	0.00413	0.00459	0.00781
4	0.00952	0.00816	0.00952	0.00680	0.01088	0.00612	0.00544	0.01156	0.00952	0.01496	0.00816	0.00952	0.00680	0.00340	0.00340	0.00068	0.00340	0.00272	0.00272	0.86672
5	0.78492	0.00846	0.00654	0.00590	0.00861	0.00966	0.00482	0.01281	0.00808	0.01978	0.01039	0.01111	0.08492	0.00499	0.00310	0.00143	0.00343	0.00320	0.00298	0.00486
6	0.01745	0.01286	0.01378	0.01056	0.01424	0.01424	0.00873	0.79471	0.02159	0.02893	0.01102	0.01102	0.00781	0.00551	0.00459	0.00138	0.00505	0.00413	0.00459	0.00781

[dist]
# distance from previous block
# <min> <max>
4	14

[block]
# block no. 2 follows, 56 sequences, length 20
# corresponding to MSA columns:
# 539-558
name=unknown_C
#
# <colnr> <probs for GDERKNQSTAVLIFYWHMCP>
#	G	D	E	R	K	N	Q	S	T	A	V	L	I	F	Y	W	H	M	C	P
0	0.01700	0.01243	0.01330	0.01025	0.01379	0.01373	0.00845	0.75508	0.02098	0.02834	0.01122	0.01133	0.00801	0.00550	0.00452	0.00136	0.00490	0.00414	0.04804	0.00763
1	0.00867	0.00816	0.01377	0.82762	0.03162	0.01020	0.01275	0.01173	0.00918	0.01173	0.00816	0.01224	0.00612	0.00459	0.00459	0.00153	0.00612	0.00408	0.00204	0.00510
2	0.01004	0.01004	0.01406	0.01205	0.01205	0.01406	0.01004	0.01105	0.00703	0.01105	0.00603	0.01004	0.00603	0.00804	0.01507	0.00201	0.83025	0.00402	0.00201	0.00502
3	0.01745	0.01286	0.01378	0.01056	0.01424	0.01424	0.00873	0.79471	0.02159	0.02893	0.01102	0.01102	0.00781	0.00551	0.00459	0.00138	0.00505	0.00413	0.00459	0.00781
4	0.01245	0.01037	0.01096	0.00955	0.01233	0.01190	0.00752	0.15554	0.66891	0.02086	0.01738	0.01609	0.01296	0.00611	0.00466	0.00153	0.00387	0.00501	0.00466	0.00736
5	0.01926	0.00752	0.01022	0.00794	0.01126	0.00652	0.00652	0.02107	0.01313	0.73751	0.09329	0.01740	0.01441	0.00603	0.00469	0.00142	0.00374	0.00497	0.00562	0.00748
6	0.01745	0.01286	0.01378	0.01056	0.01424	0.01424	0.00873	0.79471	0.02159	0.02893	0.01102	0.01102	0.00781	0.00551	0.00459	0.00138	0.00505	0.00413	0.00459	0.00781
7	0.00559	0.00400	0.00533	0.00639	0.00666	0.00373	0.00426	0.00639	0.00879	0.01172	0.02530	0.83566	0.03036	0.01438	0.00586	0.00186	0.00266	0.01305	0.00426	0.00373
8	0.01227	0.84142	0.02406	0.00786	0.01178	0.01817	0.00786	0.01375	0.00933	0.01080	0.00638	0.00736	0.00589	0.00393	0.00295	0.00098	0.00491	0.00245	0.00196	0.00589
9	0.01745	0.01286	0.01378	0.01056	0.01424	0.01424	0.00873	0.79471	0.02159	0.02893	0.01102	0.01102	0.00781	0.00551	0.00459	0.00138	0.00505	0.00413	0.00459	0.00781
10	0.87108	0.00888	0.00675	0.00604	0.00888	0.01030	0.00497	0.01350	0.00781	0.02060	0.00639	0.00746	0.00497	0.00426	0.00284	0.00142	0.00355	0.00249	0.00284	0.00497
11	0.00867	0.00816	0.01377	0.82762	0.03162	0.01020	0.01275	0.01173	0.00918	0.01173	0.00816	0.01224	0.00612	0.00459	0.00459	0.00153	0.00612	0.00408	0.00204	0.00510
12	0.02060	0.00781	0.01065	0.00817	0.01172	0.00675	0.00675	0.02237	0.01314	0.81320	0.01811	0.01563	0.01136	0.00568	0.00462	0.00142	0.00391	0.00462	0.00568	0.00781
13	0.01745	0.01286	0.01378	0.01056	0.01424	0.01424	0.00873	0.79471	0.02159	0.02893	0.01102	0.01102	0.00781	0.00551	0.00459	0.00138	0.00505	0.00413	0.00459	0.00781
14	0.51042	0.00856	0.00792	0.00695	0.00946	0.00977	0.00565	0.14864	0.01026	0.02005	0.00883	0.01061	0.00708	0.00993	0.14891	0.00245	0.00528	0.00333	0.06066	0.00526
15	0.00897	0.00687	0.00988	0.14780	0.01310	0.00831	0.00764	0.02864	0.03473	0.06542	0.01126	0.01585	0.00986	0.06066	0.36608	0.00431	0.15524	0.00465	0.03592	0.00481
16	0.00854	0.00739	0.00980	0.00898	0.01003	0.00851	0.00724	0.03560	0.00903	0.01291	0.01545	0.22231	0.03567	0.00969	0.00889	0.00175	0.30689	0.13964	0.00320	0.13848
17	0.00883	0.00705	0.00853	0.00776	0.00974	0.00687	0.02365	0.08979	0.14864	0.01558	0.01854	0.39036	0.01942	0.00937	0.00498	0.00150	0.00339	0.02667	0.00398	0.19536
18	0.34946	0.00945	0.00996	0.02701	0.01104	0.01128	0.00704	0.14822	0.05908	0.01884	0.00912	0.04247	0.00768	0.00593	0.00635	0.00155	0.19979	0.00385	0.04663	0.02526
19	0.11644	0.00936	0.01058	0.00872	0.01107	0.03906	0.00705	0.04980	0.10418	0.05561	0.07214	0.01259	0.01035	0.00578	0.00682	0.00137	0.21861	0.00393	0.00319	0.25337

[dist]
# distance from previous block
# <min> <max>
23	57

[block]
# block no. 3 follows, 56 sequences, length 28
# corresponding to MSA columns:
# 633-647,651-663
name=unknown_D
#
# <colnr> <probs for GDERKNQSTAVLIFYWHMCP>
#	G	D	E	R	K	N	Q	S	T	A	V	L	I	F	Y	W	H	M	C	P
0	0.01312	0.70142	0.02221	0.00847	0.01220	0.11840	0.00802	0.04957	0.01034	0.01167	0.00668	0.00764	0.00598	0.00410	0.00317	0.00102	0.00534	0.00259	0.00213	0.00591
1	0.00989	0.13092	0.03525	0.01167	0.03604	0.01029	0.21369	0.02656	0.05017	0.03478	0.01285	0.18216	0.01243	0.00852	0.05292	0.00186	0.09522	0.00610	0.03173	0.03696
2	0.01087	0.50872	0.30842	0.00968	0.01447	0.01481	0.01098	0.01370	0.00944	0.01219	0.00791	0.04559	0.00697	0.00456	0.00359	0.00119	0.00548	0.00327	0.00206	0.00612
3	0.00604	0.04232	0.00602	0.00537	0.00670	0.00461	0.00403	0.00741	0.01078	0.01375	0.23473	0.17049	0.44923	0.01116	0.00538	0.00155	0.00246	0.00956	0.00436	0.00406
4	0.00584	0.00464	0.00526	0.00529	0.00658	0.00406	0.00397	0.00730	0.01106	0.01412	0.26092	0.10492	0.49150	0.01126	0.00550	0.00157	0.00240	0.04532	0.00449	0.00401
5	0.00998	0.00968	0.01270	0.01085	0.01165	0.04780	0.04270	0.06249	0.00917	0.01295	0.05530	0.04276	0.09044	0.00893	0.03415	0.00198	0.52358	0.00518	0.00269	0.00505
6	0.01639	0.14069	0.10139	0.00916	0.01302	0.01076	0.00842	0.18687	0.05786	0.36005	0.04019	0.01340	0.01035	0.00538	0.00435	0.00135	0.00455	0.00420	0.00438	0.00725
7	0.00795	0.00402	0.00585	0.00585	0.00591	0.00402	0.00390	0.00627	0.00621	0.00851	0.00861	0.01477	0.00853	0.04799	0.01736	0.78514	0.00391	0.00411	0.04896	0.00215
8	0.00559	0.00400	0.00533	0.00639	0.00666	0.00373	0.00426	0.00639	0.00879	0.01172	0.02530	0.83566	0.03036	0.01438	0.00586	0.00186	0.00266	0.01305	0.00426	0.00373
9	0.01096	0.00723	0.00962	0.03376	0.01130	0.00734	0.04726	0.02631	0.20292	0.17193	0.13122	0.10490	0.04019	0.00862	0.00528	0.00165	0.00379	0.16536	0.00458	0.00580
10	0.01062	0.40050	0.45049	0.01068	0.01614	0.01412	0.01277	0.01417	0.00952	0.01282	0.00738	0.00862	0.00585	0.00416	0.00371	0.00124	0.00592	0.00296	0.00195	0.00637
11	0.00584	0.00424	0.00556	0.00647	0.00698	0.00396	0.00459	0.00688	0.00931	0.01227	0.05522	0.63876	0.09903	0.01375	0.00587	0.00185	0.00281	0.10849	0.00429	0.00383
12	0.01091	0.01164	0.02244	0.01840	0.11918	0.01220	0.48039	0.03775	0.01019	0.01429	0.00846	0.01164	0.00680	0.00497	0.00764	0.00163	0.20819	0.00487	0.00231	0.00609
13	0.00743	0.00529	0.00650	0.00648	0.00692	0.00563	0.00455	0.04189	0.00824	0.01120	0.01598	0.08021	0.01764	0.48713	0.07592	0.00376	0.05371	0.13505	0.02291	0.00356
14	0.00937	0.05078	0.73494	0.01284	0.01908	0.01114	0.01619	0.01428	0.00950	0.01418	0.00803	0.00964	0.00583	0.00459	0.00502	0.00147	0.06113	0.00340	0.00194	0.00664
15	0.00921	0.02375	0.81487	0.01309	0.01987	0.01066	0.01696	0.01454	0.00969	0.01454	0.00824	0.00969	0.00582	0.00436	0.00436	0.00145	0.00678	0.00339	0.00194	0.00678
16	0.00656	0.00492	0.00738	0.00738	0.00820	0.00574	0.00574	0.00820	0.00738	0.01066	0.01230	0.01804	0.01148	0.03443	0.82046	0.00738	0.01230	0.00492	0.00246	0.00410
17	0.01184	0.00619	0.00759	0.00664	0.00817	0.00599	0.00475	0.03917	0.06202	0.27462	0.01689	0.05625	0.03212	0.40427	0.04092	0.00309	0.00438	0.00608	0.00400	0.00500
18	0.01018	0.00927	0.01450	0.12145	0.01685	0.00875	0.19252	0.05146	0.02986	0.02944	0.00921	0.01152	0.00734	0.00609	0.05853	0.00156	0.03313	0.00389	0.00269	0.38174
19	0.00572	0.00401	0.00528	0.00630	0.00660	0.00375	0.00422	0.00658	0.00883	0.01195	0.02485	0.80004	0.02956	0.01399	0.00574	0.00183	0.00264	0.01267	0.04168	0.00375
20	0.00668	0.00445	0.00501	0.00501	0.00501	0.00445	0.00278	0.00668	0.00668	0.00890	0.01447	0.03004	0.01669	0.83866	0.02337	0.00445	0.00445	0.00668	0.00278	0.00278
21	0.01093	0.00613	0.00749	0.00658	0.00863	0.00559	0.00515	0.07140	0.01248	0.24187	0.20208	0.10111	0.26764	0.00925	0.00519	0.00152	0.00301	0.02371	0.00486	0.00539
22	0.06002	0.02695	0.18700	0.01059	0.01477	0.04773	0.02700	0.33941	0.06100	0.16284	0.01160	0.01157	0.00809	0.00517	0.00443	0.00140	0.00527	0.00398	0.00393	0.00723
23	0.02050	0.00797	0.01075	0.00824	0.01180	0.00698	0.00681	0.04619	0.01340	0.78901	0.01789	0.01548	0.01125	0.00568	0.00462	0.00142	0.00394	0.00460	0.00565	0.00781
24	0.87108	0.00888	0.00675	0.00604	0.00888	0.01030	0.00497	0.01350	0.00781	0.02060	0.00639	0.00746	0.00497	0.00426	0.00284	0.00142	0.00355	0.00249	0.00284	0.00497
25	0.00656	0.00492	0.00738	0.00738	0.00820	0.00574	0.00574	0.00820	0.00738	0.01066	0.01230	0.01804	0.01148	0.03443	0.82046	0.00738	0.01230	0.00492	0.00246	0.00410
26	0.01227	0.84142	0.02406	0.00786	0.01178	0.01817	0.00786	0.01375	0.00933	0.01080	0.00638	0.00736	0.00589	0.00393	0.00295	0.00098	0.00491	0.00245	0.00196	0.00589
27	0.00600	0.00428	0.00579	0.00685	0.00730	0.00408	0.00496	0.00709	0.00919	0.01217	0.02508	0.66085	0.02949	0.01400	0.00597	0.00192	0.00301	0.18388	0.00425	0.00384

[dist]
# distance from previous block
# <min> <max>
0	7

[block]
# block no. 4 follows, 56 sequences, length 36
# corresponding to MSA columns:
# 671-699,703-709
name=unknown_E
#
# <colnr> <probs for GDERKNQSTAVLIFYWHMCP>
#	G	D	E	R	K	N	Q	S	T	A	V	L	I	F	Y	W	H	M	C	P
0	0.01002	0.00814	0.00957	0.00686	0.01092	0.00615	0.00550	0.01205	0.00968	0.05097	0.00861	0.00980	0.00701	0.00350	0.00345	0.00071	0.00342	0.00281	0.00285	0.82797
1	0.00913	0.02291	0.77844	0.01288	0.01940	0.01042	0.01653	0.01431	0.00973	0.01450	0.00896	0.01159	0.00675	0.00474	0.00445	0.00148	0.00667	0.03839	0.00204	0.00667
2	0.01227	0.84142	0.02406	0.00786	0.01178	0.01817	0.00786	0.01375	0.00933	0.01080	0.00638	0.00736	0.00589	0.00393	0.00295	0.00098	0.00491	0.00245	0.00196	0.00589
3	0.00559	0.00400	0.00533	0.00639	0.00666	0.00373	0.00426	0.00639	0.00879	0.01172	0.02530	0.83566	0.03036	0.01438	0.00586	0.00186	0.00266	0.01305	0.00426	0.00373
4	0.01142	0.00986	0.01038	0.00934	0.01194	0.01142	0.00727	0.02440	0.80172	0.01920	0.01869	0.01713	0.01401	0.00623	0.00467	0.00156	0.00363	0.00519	0.00467	0.00727
5	0.04437	0.00784	0.01054	0.00811	0.01164	0.00685	0.00670	0.02213	0.01299	0.79104	0.01778	0.01540	0.01119	0.00564	0.00457	0.00142	0.00390	0.00456	0.00560	0.00773
6	0.00561	0.00466	0.00491	0.00485	0.00632	0.00395	0.00363	0.00695	0.01090	0.01344	0.17840	0.04247	0.67561	0.01124	0.00542	0.00153	0.00230	0.00945	0.00440	0.00395
7	0.87108	0.00888	0.00675	0.00604	0.00888	0.01030	0.00497	0.01350	0.00781	0.02060	0.00639	0.00746	0.00497	0.00426	0.00284	0.00142	0.00355	0.00249	0.00284	0.00497
8	0.00547	0.00465	0.00472	0.00470	0.00623	0.00390	0.00353	0.00668	0.01058	0.01267	0.08033	0.04374	0.77416	0.01153	0.00543	0.00155	0.00232	0.00963	0.00430	0.00390
9	0.01135	0.01090	0.01846	0.02695	0.74570	0.01096	0.03660	0.01464	0.05137	0.01521	0.00917	0.01169	0.00761	0.00419	0.00458	0.00138	0.00543	0.00419	0.00240	0.00724
10	0.01250	0.01328	0.01824	0.02405	0.57710	0.17642	0.08265	0.01501	0.01101	0.01420	0.00838	0.01082	0.00697	0.00420	0.00454	0.00134	0.00624	0.00398	0.00230	0.00678
11	0.00952	0.00816	0.00952	0.00680	0.01088	0.00612	0.00544	0.01156	0.00952	0.01496	0.00816	0.00952	0.00680	0.00340	0.00340	0.00068	0.00340	0.00272	0.00272	0.86672
12	0.01545	0.01891	0.01303	0.03496	0.01422	0.62195	0.00907	0.01738	0.06039	0.01171	0.00767	0.00921	0.00643	0.00533	0.00589	0.00134	0.13593	0.00329	0.00244	0.00539
13	0.01003	0.00999	0.01394	0.01191	0.01202	0.01385	0.00992	0.01106	0.00710	0.01115	0.00608	0.01003	0.00605	0.00791	0.01476	0.00197	0.80843	0.00398	0.00203	0.02776
14	0.00867	0.00816	0.01377	0.82762	0.03162	0.01020	0.01275	0.01173	0.00918	0.01173	0.00816	0.01224	0.00612	0.00459	0.00459	0.00153	0.00612	0.00408	0.00204	0.00510
15	0.01083	0.01406	0.21420	0.02447	0.61595	0.01085	0.01480	0.01420	0.01027	0.01489	0.00854	0.01095	0.00691	0.00416	0.00450	0.00139	0.00578	0.00392	0.00219	0.00715
16	0.00938	0.00893	0.01525	0.61252	0.22477	0.01040	0.02908	0.01238	0.00953	0.01260	0.00830	0.01202	0.00642	0.00445	0.00460	0.00149	0.00599	0.00411	0.00210	0.00566
17	0.00556	0.00412	0.00520	0.00607	0.00657	0.00376	0.00412	0.00643	0.00910	0.01185	0.02921	0.68985	0.17365	0.01388	0.00578	0.00181	0.00260	0.01243	0.00426	0.00376
18	0.01136	0.01091	0.01863	0.02818	0.81002	0.01091	0.01409	0.01409	0.01045	0.01500	0.00864	0.01136	0.00727	0.00409	0.00455	0.00136	0.00545	0.00409	0.00227	0.00727
19	0.01731	0.00846	0.01263	0.05982	0.01421	0.00786	0.10129	0.05410	0.03974	0.55544	0.04447	0.03891	0.01213	0.00579	0.00478	0.00146	0.00445	0.00505	0.00491	0.00719
20	0.02385	0.03501	0.58990	0.11031	0.01996	0.01117	0.01522	0.01373	0.00926	0.01380	0.00789	0.00996	0.00587	0.00484	0.00568	0.00152	0.11022	0.00352	0.00198	0.00631
21	0.00545	0.00456	0.00475	0.00489	0.00626	0.00386	0.00360	0.00656	0.01023	0.01231	0.04355	0.15457	0.69968	0.01201	0.00549	0.00159	0.00237	0.01016	0.00426	0.00386
22	0.06745	0.42792	0.01716	0.00793	0.01159	0.01289	0.00722	0.01757	0.04026	0.33150	0.01152	0.01103	0.00832	0.00473	0.00367	0.00120	0.00438	0.00342	0.00360	0.00665
23	0.01400	0.01475	0.01609	0.01466	0.11093	0.33203	0.19715	0.01693	0.07100	0.08944	0.01104	0.07093	0.00923	0.00535	0.00470	0.00139	0.00664	0.00474	0.00297	0.00603
24	0.00559	0.00400	0.00533	0.00639	0.00666	0.00373	0.00426	0.00639	0.00879	0.01172	0.02530	0.83566	0.03036	0.01438	0.00586	0.00186	0.00266	0.01305	0.00426	0.00373
25	0.01544	0.01886	0.01542	0.01386	0.06436	0.58397	0.12551	0.03091	0.03560	0.01252	0.00789	0.00945	0.00643	0.00474	0.00477	0.00129	0.03737	0.00352	0.00245	0.00566
26	0.00584	0.00448	0.00535	0.00553	0.00656	0.00399	0.00400	0.00724	0.01085	0.01425	0.29929	0.26712	0.32565	0.01165	0.00555	0.00160	0.00237	0.01018	0.00453	0.00399
27	0.23309	0.00872	0.00897	0.00720	0.01040	0.02378	0.00573	0.11545	0.01078	0.04648	0.01047	0.10835	0.00943	0.00532	0.00377	0.00114	0.00368	0.00416	0.00328	0.37980
28	0.01219	0.81912	0.04562	0.00800	0.01200	0.01796	0.00810	0.01377	0.00934	0.01090	0.00643	0.00743	0.00589	0.00394	0.00298	0.00099	0.00496	0.00248	0.00196	0.00592
29	0.40546	0.01517	0.03883	0.00901	0.01183	0.37283	0.00726	0.01624	0.01054	0.06485	0.00749	0.00841	0.00582	0.00456	0.00359	0.00132	0.00581	0.00286	0.00277	0.00537
30	0.00559	0.00400	0.00533	0.00639	0.00666	0.00373	0.00426	0.00639	0.00879	0.01172	0.02530	0.83566	0.03036	0.01438	0.00586	0.00186	0.00266	0.01305	0.00426	0.00373
31	0.00935	0.00797	0.00933	0.00678	0.01069	0.00601	0.00539	0.01133	0.00949	0.01482	0.00892	0.04623	0.00785	0.00389	0.00351	0.00073	0.00337	0.00318	0.00279	0.82837
32	0.01107	0.31006	0.30171	0.01063	0.01471	0.09232	0.01136	0.01385	0.00964	0.01255	0.04321	0.00989	0.00758	0.00502	0.00547	0.00134	0.12817	0.00333	0.00214	0.00595
33	0.00749	0.00613	0.00851	0.00800	0.00840	0.00757	0.00612	0.00856	0.00711	0.01032	0.01122	0.01896	0.01137	0.22745	0.41445	0.00526	0.22153	0.00512	0.00242	0.00401
34	0.00581	0.00467	0.00518	0.00505	0.00643	0.00404	0.00379	0.00733	0.01136	0.01454	0.31670	0.04067	0.53664	0.01083	0.00542	0.00151	0.00227	0.00920	0.00454	0.00404
35	0.00952	0.00816	0.00952	0.00680	0.01088	0.00612	0.00544	0.01156	0.00952	0.01496	0.00816	0.00952	0.00680	0.00340	0.00340	0.00068	0.00340	0.00272	0.00272	0.86672

[dist]
# distance from previous block
# <min> <max>
0	24

[block]
# block no. 5 follows, 56 sequences, length 73
# corresponding to MSA columns:
# 759-789,791-832
name=unknown_F
#
# <colnr> <probs for GDERKNQSTAVLIFYWHMCP>
#	G	D	E	R	K	N	Q	S	T	A	V	L	I	F	Y	W	H	M	C	P
0	0.80609	0.01000	0.06769	0.00657	0.00971	0.01033	0.00588	0.01357	0.00795	0.02014	0.00653	0.00763	0.00504	0.00427	0.00296	0.00142	0.00380	0.00255	0.00277	0.00511
1	0.01745	0.01286	0.01378	0.01056	0.01424	0.01424	0.00873	0.79471	0.02159	0.02893	0.01102	0.01102	0.00781	0.00551	0.00459	0.00138	0.00505	0.00413	0.00459	0.00781
2	0.00570	0.00425	0.00534	0.00616	0.00678	0.00389	0.00434	0.00669	0.00932	0.01204	0.03015	0.58770	0.21095	0.01360	0.00580	0.00181	0.00271	0.07469	0.00426	0.00380
3	0.01004	0.10336	0.66608	0.01234	0.01850	0.03413	0.01530	0.03740	0.03520	0.01464	0.00844	0.00970	0.00614	0.00442	0.00423	0.00140	0.00649	0.00337	0.00212	0.00670
4	0.00921	0.02375	0.81487	0.01309	0.01987	0.01066	0.01696	0.01454	0.00969	0.01454	0.00824	0.00969	0.00582	0.00436	0.00436	0.00145	0.00678	0.00339	0.00194	0.00678
5	0.00797	0.00399	0.00598	0.00598	0.00598	0.00399	0.00399	0.00598	0.00598	0.00797	0.00797	0.01396	0.00797	0.01595	0.01794	0.86643	0.00399	0.00399	0.00199	0.00199
6	0.00559	0.00400	0.00533	0.00639	0.00666	0.00373	0.00426	0.00639	0.00879	0.01172	0.02530	0.83566	0.03036	0.01438	0.00586	0.00186	0.00266	0.01305	0.00426	0.00373
7	0.00969	0.00957	0.01599	0.56693	0.02757	0.04409	0.16445	0.03233	0.00995	0.01291	0.00861	0.01221	0.00653	0.00458	0.00491	0.00151	0.02442	0.00430	0.03410	0.00536
8	0.00558	0.00406	0.00526	0.00623	0.00661	0.00374	0.00419	0.00641	0.00895	0.01179	0.02734	0.75955	0.10516	0.01412	0.00582	0.00183	0.00263	0.01273	0.00426	0.00374
9	0.00559	0.00400	0.00533	0.00639	0.00666	0.00373	0.00426	0.00639	0.00879	0.01172	0.02530	0.83566	0.03036	0.01438	0.00586	0.00186	0.00266	0.01305	0.00426	0.00373
10	0.00877	0.00826	0.01395	0.79801	0.06045	0.01023	0.01280	0.01182	0.00923	0.01185	0.00818	0.01221	0.00616	0.00457	0.00459	0.00152	0.00610	0.00408	0.00205	0.00518
11	0.00559	0.00400	0.00533	0.00639	0.00666	0.00373	0.00426	0.00639	0.00879	0.01172	0.02530	0.83566	0.03036	0.01438	0.00586	0.00186	0.00266	0.01305	0.00426	0.00373
12	0.00952	0.10751	0.73386	0.01255	0.01904	0.01143	0.01603	0.01446	0.00966	0.01416	0.00805	0.00945	0.00582	0.00432	0.00422	0.00141	0.00659	0.00330	0.00194	0.00669
13	0.00921	0.02375	0.81487	0.01309	0.01987	0.01066	0.01696	0.01454	0.00969	0.01454	0.00824	0.00969	0.00582	0.00436	0.00436	0.00145	0.00678	0.00339	0.00194	0.00678
14	0.00656	0.00492	0.00738	0.00738	0.00820	0.00574	0.00574	0.00820	0.00738	0.01066	0.01230	0.01804	0.01148	0.03443	0.82046	0.00738	0.01230	0.00492	0.00246	0.00410
15	0.21988	0.00694	0.03747	0.00738	0.00917	0.00655	0.05910	0.03224	0.00954	0.03263	0.05307	0.38338	0.10593	0.00984	0.00490	0.00164	0.00342	0.00856	0.00377	0.00457
16	0.24770	0.00931	0.01198	0.00905	0.01271	0.00883	0.14234	0.06111	0.03525	0.01758	0.03592	0.01064	0.00787	0.00414	0.00378	0.00113	0.00426	0.00348	0.00294	0.36997
17	0.04344	0.00817	0.01001	0.00767	0.01120	0.02918	0.00625	0.01847	0.01188	0.51973	0.01569	0.01450	0.03505	0.00520	0.00423	0.00122	0.00381	0.00417	0.01887	0.23125
18	0.00581	0.00409	0.00526	0.00611	0.00632	0.00388	0.00396	0.00645	0.00836	0.01114	0.02309	0.67117	0.02757	0.18268	0.00943	0.00239	0.00303	0.01175	0.00396	0.00354
19	0.00819	0.00787	0.05264	0.11168	0.01282	0.02236	0.04512	0.00992	0.00937	0.03764	0.10838	0.29307	0.05711	0.00954	0.00752	0.00173	0.18910	0.00787	0.00336	0.00470
20	0.01375	0.13433	0.12704	0.04060	0.01737	0.01097	0.25872	0.06073	0.01161	0.23533	0.01139	0.01224	0.00804	0.00461	0.00454	0.00139	0.00575	0.00433	0.03058	0.00667
21	0.01084	0.01238	0.02709	0.01935	0.02399	0.01161	0.79334	0.01471	0.01084	0.01471	0.00929	0.01238	0.00697	0.00387	0.00542	0.00155	0.00774	0.00542	0.00232	0.00619
22	0.73391	0.01074	0.00777	0.00694	0.00973	0.12003	0.00559	0.03390	0.00886	0.01954	0.00660	0.00766	0.00517	0.00436	0.00306	0.00139	0.00423	0.00259	0.00282	0.00509
23	0.00676	0.00501	0.00738	0.00763	0.00851	0.00563	0.00613	0.00851	0.00813	0.01139	0.01515	0.02604	0.01502	0.02927	0.62739	0.00613	0.01038	0.18853	0.00288	0.00413
24	0.01048	0.01097	0.03280	0.35928	0.09757	0.08001	0.14893	0.03035	0.05506	0.01343	0.02529	0.01227	0.00760	0.00499	0.00579	0.00153	0.09118	0.00435	0.00240	0.00571
25	0.01322	0.01071	0.01188	0.00993	0.01289	0.01206	0.03775	0.26985	0.49256	0.02207	0.01574	0.01499	0.01168	0.00588	0.00462	0.00148	0.00419	0.00483	0.03639	0.00729
26	0.00636	0.00469	0.00595	0.00564	0.00678	0.00428	0.00423	0.00841	0.01268	0.01767	0.71332	0.03552	0.13805	0.00966	0.00542	0.00146	0.00219	0.00847	0.00496	0.00428
27	0.01015	0.19381	0.39667	0.13725	0.01874	0.04598	0.01315	0.01365	0.00945	0.01288	0.01921	0.00993	0.00645	0.00477	0.00519	0.00141	0.08981	0.00342	0.00203	0.00606
28	0.01247	0.72050	0.06563	0.00864	0.01268	0.04488	0.03282	0.01422	0.00963	0.03345	0.00692	0.00791	0.00607	0.00403	0.00319	0.00104	0.00519	0.00267	0.00209	0.00598
29	0.00722	0.00508	0.00652	0.00605	0.00730	0.00481	0.00457	0.00998	0.05779	0.04322	0.73819	0.03274	0.04066	0.00909	0.00535	0.00145	0.00230	0.00801	0.00505	0.00461
30	0.01253	0.00961	0.01041	0.00920	0.01191	0.01086	0.00720	0.02415	0.70655	0.11503	0.01862	0.01695	0.01369	0.00616	0.00466	0.00154	0.00367	0.00512	0.00479	0.00733
31	0.01090	0.01162	0.02246	0.01656	0.02063	0.01144	0.57977	0.01705	0.21303	0.01582	0.01228	0.01410	0.02155	0.00460	0.00523	0.00155	0.00660	0.00543	0.00295	0.00643
32	0.00567	0.00411	0.00536	0.00621	0.00665	0.00380	0.00421	0.00662	0.00930	0.01240	0.10019	0.70519	0.08591	0.01372	0.00579	0.00180	0.00259	0.01237	0.00434	0.00380
33	0.01330	0.00936	0.01041	0.00899	0.01185	0.01022	0.00709	0.02347	0.60313	0.18838	0.01816	0.01652	0.01317	0.00600	0.00461	0.00149	0.00368	0.00497	0.00481	0.04037
34	0.00797	0.00399	0.00598	0.00598	0.00598	0.00399	0.00399	0.00598	0.00598	0.00797	0.00797	0.01396	0.00797	0.01595	0.01794	0.86643	0.00399	0.00399	0.00199	0.00199
35	0.00921	0.02375	0.81487	0.01309	0.01987	0.01066	0.01696	0.01454	0.00969	0.01454	0.00824	0.00969	0.00582	0.00436	0.00436	0.00145	0.00678	0.00339	0.00194	0.00678
36	0.01227	0.84142	0.02406	0.00786	0.01178	0.01817	0.00786	0.01375	0.00933	0.01080	0.00638	0.00736	0.00589	0.00393	0.00295	0.00098	0.00491	0.00245	0.00196	0.00589
37	0.00568	0.00405	0.00540	0.00645	0.00674	0.00380	0.00436	0.00652	0.00882	0.01175	0.02507	0.79118	0.02997	0.02904	0.00619	0.00192	0.00276	0.04234	0.00423	0.00373
38	0.00921	0.02375	0.81487	0.01309	0.01987	0.01066	0.01696	0.01454	0.00969	0.01454	0.00824	0.00969	0.00582	0.00436	0.00436	0.00145	0.00678	0.00339	0.00194	0.00678
39	0.01165	0.67447	0.18553	0.00892	0.01343	0.01663	0.00971	0.01391	0.00940	0.01156	0.00676	0.00784	0.00588	0.00402	0.00323	0.00108	0.00529	0.00265	0.00196	0.00607
40	0.00654	0.00495	0.00540	0.00541	0.00673	0.00446	0.00404	0.00800	0.03456	0.03751	0.03664	0.04088	0.53095	0.15408	0.00858	0.00211	0.00300	0.09813	0.00406	0.00396
41	0.87108	0.00888	0.00675	0.00604	0.00888	0.01030	0.00497	0.01350	0.00781	0.02060	0.00639	0.00746	0.00497	0.00426	0.00284	0.00142	0.00355	0.00249	0.00284	0.00497
42	0.00546	0.00465	0.00470	0.00469	0.00622	0.00389	0.00351	0.00665	0.01054	0.01259	0.07060	0.04387	0.78395	0.01156	0.00543	0.00155	0.00232	0.00965	0.00429	0.00389
43	0.00650	0.00469	0.00614	0.00578	0.00686	0.00433	0.00433	0.00866	0.01300	0.01841	0.80760	0.03429	0.04332	0.00939	0.00541	0.00144	0.00217	0.00830	0.00505	0.00433
44	0.01035	0.00988	0.01681	0.32804	0.51805	0.01064	0.01359	0.01320	0.00998	0.01377	0.00846	0.01169	0.00684	0.00428	0.00456	0.00143	0.00570	0.00409	0.00219	0.00646
45	0.00559	0.00400	0.00533	0.00639	0.00666	0.00373	0.00426	0.00639	0.00879	0.01172	0.02530	0.83566	0.03036	0.01438	0.00586	0.00186	0.00266	0.01305	0.00426	0.00373
46	0.87108	0.00888	0.00675	0.00604	0.00888	0.01030	0.00497	0.01350	0.00781	0.02060	0.00639	0.00746	0.00497	0.00426	0.00284	0.00142	0.00355	0.00249	0.00284	0.00497
47	0.01004	0.01004	0.01406	0.01205	0.01205	0.01406	0.01004	0.01105	0.00703	0.01105	0.00603	0.01004	0.00603	0.00804	0.01507	0.00201	0.83025	0.00402	0.00201	0.00502
48	0.01084	0.01238	0.02709	0.01935	0.02399	0.01161	0.79334	0.01471	0.01084	0.01471	0.00929	0.01238	0.00697	0.00387	0.00542	0.00155	0.00774	0.00542	0.00232	0.00619
49	0.01136	0.01091	0.01863	0.02818	0.81002	0.01091	0.01409	0.01409	0.01045	0.01500	0.00864	0.01136	0.00727	0.00409	0.00455	0.00136	0.00545	0.00409	0.00227	0.00727
50	0.01095	0.01048	0.01788	0.15188	0.68957	0.01080	0.01388	0.01372	0.01026	0.01449	0.00856	0.01150	0.00709	0.00417	0.00455	0.00139	0.00556	0.00409	0.00224	0.00694
51	0.00563	0.00447	0.00508	0.00548	0.00656	0.00392	0.00399	0.00676	0.01001	0.01246	0.06451	0.30425	0.48192	0.01252	0.00562	0.00168	0.00254	0.05444	0.00429	0.00386
52	0.00590	0.00428	0.00564	0.00662	0.00713	0.00402	0.00476	0.00696	0.00924	0.01213	0.02682	0.63298	0.09165	0.01386	0.00591	0.00188	0.00292	0.14921	0.00426	0.00383
53	0.00559	0.00400	0.00533	0.00639	0.00666	0.00373	0.00426	0.00639	0.00879	0.01172	0.02530	0.83566	0.03036	0.01438	0.00586	0.00186	0.00266	0.01305	0.00426	0.00373
54	0.02060	0.00781	0.01065	0.00817	0.01172	0.00675	0.00675	0.02237	0.01314	0.81320	0.01811	0.01563	0.01136	0.00568	0.00462	0.00142	0.00391	0.00462	0.00568	0.00781
55	0.00543	0.00465	0.00465	0.00465	0.00620	0.00388	0.00349	0.00659	0.01046	0.01240	0.04651	0.04418	0.80815	0.01163	0.00543	0.00155	0.00233	0.00969	0.00426	0.00388
56	0.01127	0.01081	0.01847	0.05573	0.78320	0.01088	0.01404	0.01401	0.01041	0.01489	0.00862	0.01139	0.00723	0.00411	0.00455	0.00137	0.00548	0.00409	0.00226	0.00720
57	0.00867	0.00816	0.01377	0.82762	0.03162	0.01020	0.01275	0.01173	0.00918	0.01173	0.00816	0.01224	0.00612	0.00459	0.00459	0.00153	0.00612	0.00408	0.00204	0.00510
58	0.00621	0.00468	0.00574	0.00548	0.00668	0.00421	0.00411	0.00811	0.01232	0.01681	0.60536	0.03692	0.24655	0.00998	0.00542	0.00147	0.00221	0.00867	0.00484	0.00421
59	0.01130	0.01108	0.01959	0.02718	0.72106	0.01099	0.10228	0.01416	0.01050	0.01497	0.00871	0.01148	0.00724	0.00407	0.00464	0.00138	0.00571	0.00424	0.00228	0.00715
60	0.01227	0.84142	0.02406	0.00786	0.01178	0.01817	0.00786	0.01375	0.00933	0.01080	0.00638	0.00736	0.00589	0.00393	0.00295	0.00098	0.00491	0.00245	0.00196	0.00589
61	0.00549	0.00457	0.00479	0.00491	0.00628	0.00388	0.00362	0.00665	0.01036	0.01256	0.07485	0.14109	0.68143	0.01187	0.00548	0.00158	0.00236	0.01005	0.00430	0.00388
62	0.00852	0.00800	0.01316	0.52077	0.14404	0.00911	0.03549	0.01117	0.00961	0.01242	0.01495	0.04873	0.13331	0.00597	0.00479	0.00152	0.00534	0.00535	0.00252	0.00522
63	0.01954	0.00937	0.01132	0.00880	0.01229	0.03953	0.00722	0.16605	0.04391	0.60704	0.01639	0.01454	0.01059	0.00563	0.00460	0.00141	0.00428	0.00448	0.00531	0.00770
64	0.87108	0.00888	0.00675	0.00604	0.00888	0.01030	0.00497	0.01350	0.00781	0.02060	0.00639	0.00746	0.00497	0.00426	0.00284	0.00142	0.00355	0.00249	0.00284	0.00497
65	0.01136	0.01091	0.01863	0.02818	0.81002	0.01091	0.01409	0.01409	0.01045	0.01500	0.00864	0.01136	0.00727	0.00409	0.00455	0.00136	0.00545	0.00409	0.00227	0.00727
66	0.00865	0.00731	0.01151	0.55101	0.02352	0.00876	0.01007	0.02775	0.05399	0.01206	0.03500	0.04813	0.00941	0.03345	0.00733	0.13493	0.00531	0.00472	0.00245	0.00465
67	0.04435	0.00745	0.00694	0.00631	0.00784	0.08221	0.00457	0.09973	0.01091	0.01400	0.07628	0.02955	0.29926	0.25198	0.01030	0.00231	0.00390	0.00692	0.00363	0.03157
68	0.02937	0.05084	0.01512	0.01098	0.01444	0.08821	0.22009	0.08459	0.01170	0.06362	0.04711	0.01561	0.10153	0.00533	0.00473	0.00126	0.02228	0.00477	0.00316	0.20525
69	0.11005	0.00909	0.01032	0.00814	0.01134	0.00898	0.03123	0.18147	0.07606	0.03543	0.01161	0.02785	0.02524	0.00515	0.00431	0.00118	0.03001	0.02539	0.06217	0.32499
70	0.14223	0.09582	0.01058	0.00826	0.01033	0.11104	0.02060	0.04309	0.07965	0.04729	0.01443	0.26325	0.01467	0.00794	0.00502	0.00149	0.04798	0.01914	0.00343	0.05375
71	0.07529	0.22053	0.03233	0.04931	0.01410	0.01138	0.14169	0.10723	0.01129	0.05263	0.04165	0.05987	0.05972	0.00612	0.02116	0.00142	0.00499	0.00471	0.00305	0.08154
72	0.12665	0.03868	0.00979	0.02897	0.01082	0.16143	0.02351	0.10350	0.01114	0.04571	0.03002	0.20875	0.01434	0.08118	0.02305	0.00183	0.00486	0.02169	0.00339	0.05067

[dist]
# distance from previous block
# <min> <max>
5	119

[block]
# block no. 6 follows, 56 sequences, length 13
# corresponding to MSA columns:
# 1060-1072
name=unknown_G
#
# <colnr> <probs for GDERKNQSTAVLIFYWHMCP>
#	G	D	E	R	K	N	Q	S	T	A	V	L	I	F	Y	W	H	M	C	P
0	0.18574	0.00838	0.00916	0.00774	0.01043	0.00849	0.00627	0.12114	0.04594	0.01762	0.01212	0.08522	0.01137	0.00641	0.00480	0.00134	0.05491	0.10063	0.01844	0.28386
1	0.00867	0.00816	0.01377	0.82762	0.03162	0.01020	0.01275	0.01173	0.00918	0.01173	0.00816	0.01224	0.00612	0.00459	0.00459	0.00153	0.00612	0.00408	0.00204	0.00510
2	0.72554	0.00876	0.00740	0.04260	0.01014	0.00977	0.00538	0.01318	0.00809	0.01950	0.00669	0.00793	0.00525	0.00417	0.00299	0.00133	0.00365	0.00259	0.00279	0.11227
3	0.01070	0.01030	0.01752	0.13946	0.53211	0.01027	0.07899	0.01349	0.01019	0.01450	0.00856	0.01135	0.00702	0.00406	0.00448	0.00132	0.00549	0.00403	0.00230	0.11387
4	0.01520	0.01110	0.01194	0.00940	0.01230	0.01219	0.00748	0.62968	0.01846	0.02474	0.01174	0.01501	0.00967	0.17998	0.00852	0.00202	0.00493	0.00467	0.00421	0.00676
5	0.00697	0.17946	0.00915	0.00645	0.00767	0.00677	0.00490	0.00796	0.00914	0.01163	0.02438	0.54865	0.13683	0.01180	0.00519	0.00163	0.00309	0.01035	0.00378	0.00420
6	0.00965	0.14106	0.70141	0.01233	0.01871	0.01174	0.01566	0.01443	0.00964	0.01400	0.00797	0.00936	0.00583	0.00430	0.00416	0.00139	0.00652	0.00326	0.00194	0.00666
7	0.01745	0.01286	0.01378	0.01056	0.01424	0.01424	0.00873	0.79471	0.02159	0.02893	0.01102	0.01102	0.00781	0.00551	0.00459	0.00138	0.00505	0.00413	0.00459	0.00781
8	0.00616	0.00459	0.00593	0.00645	0.00726	0.00407	0.00443	0.00713	0.00889	0.01218	0.02284	0.71713	0.02698	0.01281	0.00551	0.00169	0.00277	0.01157	0.00404	0.12754
9	0.00981	0.16829	0.62464	0.01209	0.01795	0.01221	0.01491	0.01418	0.00946	0.01366	0.00777	0.00930	0.00584	0.00451	0.00477	0.00140	0.05746	0.00326	0.00195	0.00652
10	0.13108	0.52509	0.11339	0.00809	0.01222	0.01468	0.00823	0.01353	0.00918	0.01312	0.00682	0.00792	0.00587	0.00396	0.00316	0.00106	0.00475	0.00260	0.00218	0.11304
11	0.06997	0.01047	0.02940	0.01109	0.11113	0.05972	0.00804	0.16962	0.01263	0.13316	0.03769	0.01361	0.05609	0.00547	0.00516	0.00130	0.07455	0.00416	0.00354	0.18321
12	0.01103	0.18046	0.05589	0.01158	0.08107	0.05034	0.10600	0.06826	0.06135	0.01461	0.01200	0.04162	0.05795	0.00543	0.00487	0.00128	0.05386	0.02137	0.00282	0.15823

[dist]
# distance from previous block
# <min> <max>
19	93

[block]
# block no. 7 follows, 56 sequences, length 14
# corresponding to MSA columns:
# 1199-1212
name=unknown_H
#
# <colnr> <probs for GDERKNQSTAVLIFYWHMCP>
#	G	D	E	R	K	N	Q	S	T	A	V	L	I	F	Y	W	H	M	C	P
0	0.00958	0.00870	0.01396	0.72206	0.06009	0.01060	0.01243	0.08339	0.01036	0.01343	0.00844	0.01209	0.00632	0.00465	0.00459	0.00151	0.00600	0.00409	0.00228	0.00543
1	0.01629	0.01212	0.01385	0.01061	0.01413	0.01324	0.05916	0.67918	0.01990	0.02703	0.01124	0.01162	0.00808	0.00539	0.00453	0.00136	0.00499	0.00423	0.07564	0.00741
2	0.00660	0.00475	0.00651	0.00651	0.00703	0.00527	0.00465	0.00764	0.00712	0.01001	0.01309	0.02244	0.01339	0.32924	0.52827	0.00631	0.00942	0.00556	0.00258	0.00362
3	0.01156	0.45354	0.34603	0.01001	0.01508	0.01436	0.01150	0.01463	0.00972	0.06437	0.00790	0.00885	0.00622	0.00422	0.00363	0.00120	0.00561	0.00298	0.00219	0.00638
4	0.01227	0.84142	0.02406	0.00786	0.01178	0.01817	0.00786	0.01375	0.00933	0.01080	0.00638	0.00736	0.00589	0.00393	0.00295	0.00098	0.00491	0.00245	0.00196	0.00589
5	0.79306	0.00924	0.00739	0.00645	0.00937	0.01066	0.00532	0.08490	0.00907	0.02136	0.00682	0.00778	0.00523	0.00438	0.00300	0.00142	0.00369	0.00264	0.00300	0.00523
6	0.01227	0.84142	0.02406	0.00786	0.01178	0.01817	0.00786	0.01375	0.00933	0.01080	0.00638	0.00736	0.00589	0.00393	0.00295	0.00098	0.00491	0.00245	0.00196	0.00589
7	0.00557	0.00444	0.00499	0.00530	0.00640	0.00387	0.00381	0.00670	0.01013	0.01267	0.10199	0.29879	0.49452	0.01233	0.00557	0.00164	0.00242	0.01066	0.00433	0.00387
8	0.01142	0.00986	0.01038	0.00934	0.01194	0.01142	0.00727	0.02440	0.80172	0.01920	0.01869	0.01713	0.01401	0.00623	0.00467	0.00156	0.00363	0.00519	0.00467	0.00727
9	0.00952	0.00816	0.00952	0.00680	0.01088	0.00612	0.00544	0.01156	0.00952	0.01496	0.00816	0.00952	0.00680	0.00340	0.00340	0.00068	0.00340	0.00272	0.00272	0.86672
10	0.01142	0.00986	0.01038	0.00934	0.01194	0.01142	0.00727	0.02440	0.80172	0.01920	0.01869	0.01713	0.01401	0.00623	0.00467	0.00156	0.00363	0.00519	0.00467	0.00727
11	0.01715	0.02188	0.01301	0.01183	0.01419	0.82022	0.00887	0.01833	0.01301	0.01124	0.00710	0.00828	0.00591	0.00473	0.00414	0.00118	0.00828	0.00296	0.00237	0.00532
12	0.01052	0.37275	0.47733	0.01085	0.01642	0.01386	0.01308	0.01420	0.00954	0.01294	0.00745	0.00870	0.00585	0.00418	0.00376	0.00125	0.00598	0.00299	0.00195	0.00640
13	0.01285	0.00914	0.02645	0.00877	0.01126	0.04578	0.02146	0.13092	0.16205	0.18568	0.10622	0.06981	0.05379	0.00739	0.00535	0.00152	0.04173	0.05590	0.02024	0.02369

[dist]
# distance from previous block
# <min> <max>
1	23

[block]
# block no. 8 follows, 56 sequences, length 11
# corresponding to MSA columns:
# 1236-1246
name=unknown_I
#
# <colnr> <probs for GDERKNQSTAVLIFYWHMCP>
#	G	D	E	R	K	N	Q	S	T	A	V	L	I	F	Y	W	H	M	C	P
0	0.04446	0.03823	0.28722	0.01064	0.01492	0.00881	0.12819	0.01417	0.04522	0.13423	0.01952	0.01955	0.20244	0.00632	0.00473	0.00148	0.00509	0.00543	0.00328	0.00606
1	0.65973	0.18118	0.01024	0.00635	0.00934	0.01170	0.00550	0.01344	0.00820	0.01843	0.00672	0.00781	0.00543	0.00423	0.00288	0.00132	0.00378	0.00255	0.03605	0.00514
2	0.69242	0.00873	0.00820	0.17625	0.01359	0.01028	0.00658	0.01313	0.00810	0.01876	0.00676	0.00845	0.00521	0.00433	0.00320	0.00144	0.00408	0.00282	0.00268	0.00500
3	0.62829	0.18195	0.01084	0.00680	0.00989	0.03812	0.00586	0.04797	0.00890	0.01863	0.00662	0.00762	0.00532	0.00426	0.00298	0.00132	0.00405	0.00257	0.00272	0.00530
4	0.01267	0.01048	0.01108	0.00960	0.01241	0.01200	0.00757	0.18398	0.64010	0.02122	0.01710	0.01586	0.01273	0.00608	0.00466	0.00152	0.00393	0.00497	0.00466	0.00738
5	0.00559	0.00400	0.00533	0.00639	0.00666	0.00373	0.00426	0.00639	0.00879	0.01172	0.02530	0.83566	0.03036	0.01438	0.00586	0.00186	0.00266	0.01305	0.00426	0.00373
6	0.00871	0.00730	0.00865	0.00672	0.01001	0.00562	0.00520	0.01049	0.00937	0.01429	0.01171	0.18067	0.01168	0.00568	0.00391	0.00093	0.00325	0.00486	0.00304	0.68793
7	0.00867	0.00816	0.01377	0.82762	0.03162	0.01020	0.01275	0.01173	0.00918	0.01173	0.00816	0.01224	0.00612	0.00459	0.00459	0.00153	0.00612	0.00408	0.00204	0.00510
8	0.00990	0.00945	0.01397	0.01053	0.01361	0.00928	0.15140	0.01200	0.00909	0.01386	0.00779	0.01019	0.00662	0.00474	0.00692	0.00120	0.22774	0.00357	0.00245	0.47570
9	0.00892	0.00862	0.01500	0.64191	0.02831	0.01036	0.10318	0.01189	0.00940	0.01233	0.04391	0.01310	0.00788	0.00495	0.00543	0.00156	0.06144	0.00442	0.00221	0.00519
10	0.44656	0.00922	0.01105	0.14089	0.01439	0.01108	0.06035	0.01309	0.00827	0.04762	0.00725	0.00946	0.00578	0.00520	0.00613	0.00158	0.19092	0.00337	0.00260	0.00520

[dist]
# distance from previous block
# <min> <max>
33	106

[block]
# block no. 9 follows, 56 sequences, length 7
# corresponding to MSA columns:
# 1386-1392
name=unknown_J
#
# <colnr> <probs for GDERKNQSTAVLIFYWHMCP>
#	G	D	E	R	K	N	Q	S	T	A	V	L	I	F	Y	W	H	M	C	P
0	0.00834	0.00699	0.00819	0.00642	0.00952	0.00543	0.00499	0.01014	0.00982	0.01456	0.07834	0.11226	0.10628	0.00613	0.00409	0.00098	0.00309	0.00519	0.00327	0.59599
1	0.21261	0.00957	0.01415	0.21448	0.38218	0.01032	0.01115	0.01393	0.00971	0.06806	0.00862	0.01094	0.00673	0.00436	0.00416	0.00142	0.00507	0.00375	0.00257	0.00625
2	0.00899	0.00860	0.01384	0.63667	0.02704	0.01110	0.01212	0.01157	0.00868	0.01157	0.00766	0.01173	0.00610	0.00540	0.00704	0.00164	0.19907	0.00407	0.00203	0.00508
3	0.00891	0.00879	0.01540	0.03566	0.01502	0.00900	0.30332	0.04072	0.01050	0.01403	0.07148	0.05051	0.19876	0.02882	0.00732	0.00172	0.12816	0.04362	0.00316	0.00512
4	0.01241	0.15500	0.20171	0.00995	0.01389	0.07617	0.02775	0.23174	0.01334	0.01795	0.04536	0.04268	0.00952	0.00525	0.00416	0.00128	0.00522	0.00407	0.06716	0.05539
5	0.01590	0.01507	0.07656	0.01048	0.01388	0.21562	0.00884	0.42034	0.01669	0.05909	0.01022	0.01146	0.00780	0.05262	0.00548	0.00148	0.00584	0.00388	0.00369	0.04505
6	0.00906	0.04799	0.09442	0.09874	0.01456	0.00823	0.14676	0.05203	0.01126	0.03008	0.20677	0.06706	0.06120	0.00688	0.00502	0.00146	0.01828	0.02181	0.09314	0.00526

[dist]
# distance from previous block
# <min> <max>
26	150

[block]
# block no. 10 follows, 56 sequences, length 28
# corresponding to MSA columns:
# 1595-1622
name=unknown_K
#
# <colnr> <probs for GDERKNQSTAVLIFYWHMCP>
#	G	D	E	R	K	N	Q	S	T	A	V	L	I	F	Y	W	H	M	C	P
0	0.01676	0.01432	0.01327	0.01068	0.01399	0.17248	0.00860	0.56158	0.10134	0.02444	0.01105	0.01112	0.00808	0.00543	0.00451	0.00136	0.00554	0.00401	0.00416	0.00726
1	0.01743	0.01361	0.01371	0.01067	0.01423	0.08125	0.00874	0.73016	0.02087	0.02746	0.01070	0.01079	0.00765	0.00545	0.00455	0.00136	0.00532	0.00404	0.00441	0.00760
2	0.01745	0.01286	0.01378	0.01056	0.01424	0.01424	0.00873	0.79471	0.02159	0.02893	0.01102	0.01102	0.00781	0.00551	0.00459	0.00138	0.00505	0.00413	0.00459	0.00781
3	0.01384	0.01034	0.01108	0.00890	0.01185	0.01111	0.00720	0.55739	0.01812	0.02391	0.02025	0.07531	0.19543	0.00754	0.00487	0.00145	0.00425	0.00604	0.00449	0.00661
4	0.01183	0.20406	0.06877	0.00921	0.01244	0.01275	0.00805	0.02116	0.53208	0.04822	0.01509	0.01429	0.01146	0.00554	0.00425	0.00141	0.00416	0.00441	0.00389	0.00694
5	0.01169	0.02047	0.57366	0.01233	0.01817	0.01174	0.01448	0.24945	0.01327	0.01887	0.00908	0.01009	0.00642	0.00471	0.00443	0.00143	0.00626	0.00362	0.00274	0.00709
6	0.01383	0.01039	0.01103	0.00878	0.01182	0.01112	0.00715	0.55741	0.01824	0.02396	0.02171	0.02101	0.24879	0.00735	0.00484	0.00143	0.00423	0.00581	0.00449	0.00662
7	0.01227	0.84142	0.02406	0.00786	0.01178	0.01817	0.00786	0.01375	0.00933	0.01080	0.00638	0.00736	0.00589	0.00393	0.00295	0.00098	0.00491	0.00245	0.00196	0.00589
