[name]
unknown

[dist]
# distance from previous block
# <min> <max>
20	877

[block]
# block no. 0 follows, 53 sequences, length 18
# corresponding to MSA columns:
# 1187-1204
name=unknown_A
#
# <colnr> <probs for GDERKNQSTAVLIFYWHMCP>
#	G	D	E	R	K	N	Q	S	T	A	V	L	I	F	Y	W	H	M	C	P
0	0.00713	0.00526	0.00641	0.00680	0.00769	0.00507	0.00480	0.08709	0.01107	0.01462	0.07998	0.57809	0.14141	0.01326	0.00587	0.00181	0.00294	0.01179	0.00453	0.00438
1	0.21415	0.00597	0.00590	0.00580	0.00710	0.00638	0.00425	0.03214	0.00929	0.01643	0.01624	0.17148	0.04251	0.12623	0.00718	0.00191	0.02103	0.00628	0.29532	0.00440
2	0.11882	0.00815	0.00990	0.00777	0.01120	0.00732	0.00630	0.03328	0.03045	0.42470	0.07134	0.03814	0.01293	0.00576	0.00440	0.00133	0.00376	0.00463	0.00475	0.19507
3	0.01265	0.80320	0.05565	0.00839	0.01260	0.01861	0.00855	0.01434	0.00973	0.01140	0.00672	0.00776	0.00613	0.00411	0.00312	0.00104	0.00519	0.00259	0.00204	0.00617
4	0.00582	0.00475	0.00505	0.00517	0.00650	0.00408	0.00375	0.00698	0.01064	0.01305	0.09435	0.14311	0.61105	0.05596	0.00670	0.00181	0.00257	0.01026	0.00441	0.00399
5	0.01734	0.01333	0.01601	0.01210	0.01605	0.01449	0.10252	0.69342	0.02112	0.02834	0.01126	0.01165	0.00802	0.00553	0.00488	0.00146	0.00560	0.00446	0.00450	0.00793
6	0.01049	0.00785	0.00942	0.00716	0.01080	0.00609	0.00563	0.01240	0.01018	0.09388	0.01204	0.12568	0.01100	0.00538	0.00403	0.00096	0.00348	0.00454	0.00336	0.65564
7	0.01770	0.01622	0.01388	0.01134	0.01467	0.27103	0.00904	0.49470	0.06530	0.02360	0.01063	0.01093	0.00788	0.00552	0.00463	0.00138	0.00625	0.00397	0.00404	0.00726
8	0.01549	0.19825	0.01653	0.01066	0.01379	0.09837	0.00902	0.38199	0.05602	0.02075	0.00962	0.01050	0.00754	0.00570	0.00593	0.00143	0.12409	0.00382	0.00354	0.00696
9	0.01741	0.01301	0.01391	0.01084	0.01453	0.01447	0.00890	0.69376	0.11623	0.02889	0.01245	0.01225	0.00891	0.00583	0.00479	0.00146	0.00508	0.00444	0.00479	0.00806
10	0.01128	0.01221	0.01836	0.01464	0.01638	0.09342	0.24745	0.01325	0.00922	0.01271	0.00815	0.04058	0.00748	0.00693	0.01112	0.00185	0.46220	0.00486	0.00231	0.00558
11	0.00694	0.00466	0.00534	0.00534	0.00538	0.00470	0.00305	0.00703	0.00699	0.00936	0.01494	0.03064	0.01710	0.79120	0.06477	0.00479	0.00505	0.00686	0.00288	0.00297
12	0.00695	0.00463	0.00521	0.00521	0.00521	0.00463	0.00290	0.00695	0.00695	0.00927	0.01506	0.03128	0.01738	0.83203	0.02433	0.00463	0.00463	0.00695	0.00290	0.00290
13	0.00959	0.02472	0.80726	0.01362	0.02069	0.01110	0.01766	0.01514	0.01009	0.01514	0.00858	0.01009	0.00605	0.00454	0.00454	0.00151	0.00706	0.00353	0.00202	0.00706
14	0.00676	0.00489	0.00639	0.00601	0.00714	0.00451	0.00451	0.00902	0.01353	0.01917	0.79969	0.03570	0.04510	0.00977	0.00564	0.00150	0.00225	0.00864	0.00526	0.00451
15	0.00700	0.00472	0.00624	0.00706	0.00762	0.00453	0.00514	0.00810	0.00944	0.03775	0.02406	0.47208	0.02766	0.14232	0.00905	0.00242	0.00354	0.21304	0.00423	0.00400
16	0.00683	0.00512	0.00768	0.00768	0.00853	0.00597	0.00597	0.00853	0.00768	0.01110	0.01280	0.01878	0.01195	0.03585	0.81308	0.00768	0.01280	0.00512	0.00256	0.00427
17	0.00626	0.00487	0.00569	0.00549	0.00683	0.00430	0.00412	0.00805	0.01235	0.01636	0.46212	0.04033	0.38442	0.01082	0.00564	0.00155	0.00233	0.00929	0.00489	0.00430

[dist]
# distance from previous block
# <min> <max>
0	6

[block]
# block no. 1 follows, 53 sequences, length 20
# corresponding to MSA columns:
# 1211-1230
name=unknown_B
#
# <colnr> <probs for GDERKNQSTAVLIFYWHMCP>
#	G	D	E	R	K	N	Q	S	T	A	V	L	I	F	Y	W	H	M	C	P
0	0.83403	0.00932	0.00749	0.00714	0.03874	0.01075	0.00553	0.01407	0.00824	0.02123	0.00674	0.00792	0.00527	0.00443	0.00302	0.00148	0.00377	0.00265	0.00294	0.00527
1	0.01148	0.01100	0.01876	0.12877	0.70553	0.01126	0.01449	0.01436	0.01072	0.01519	0.00893	0.01194	0.00742	0.00432	0.00474	0.00144	0.00577	0.00426	0.00234	0.00729
2	0.00703	0.00603	0.00698	0.00772	0.07723	0.00562	0.00519	0.00986	0.09793	0.01453	0.11027	0.03907	0.55973	0.01060	0.00550	0.00160	0.00288	0.02307	0.00438	0.00479
3	0.01058	0.00996	0.01680	0.25490	0.51097	0.01054	0.01337	0.01347	0.01073	0.01495	0.07839	0.01419	0.01053	0.00489	0.00482	0.00148	0.00558	0.00464	0.00255	0.00665
4	0.00652	0.00482	0.00609	0.00590	0.00702	0.00438	0.00437	0.00849	0.01276	0.01763	0.62071	0.10705	0.15538	0.01057	0.00568	0.00156	0.00233	0.00929	0.00507	0.00438
5	0.01643	0.01211	0.01331	0.08161	0.01545	0.04373	0.00884	0.55120	0.03253	0.06884	0.01128	0.01206	0.00821	0.00646	0.00585	0.07006	0.00526	0.00425	0.00426	0.02826
6	0.01104	0.01168	0.01717	0.05839	0.01664	0.09444	0.20961	0.02492	0.00944	0.01284	0.00874	0.04671	0.00800	0.00868	0.06115	0.00219	0.38555	0.00491	0.00239	0.00551
7	0.08628	0.00996	0.01525	0.17913	0.26778	0.00992	0.07538	0.03518	0.01056	0.03796	0.00896	0.01137	0.00710	0.00426	0.00436	0.00130	0.00524	0.00388	0.00266	0.22345
8	0.01147	0.05629	0.01897	0.14437	0.64572	0.01166	0.01411	0.01429	0.01062	0.01487	0.00879	0.01173	0.00732	0.00433	0.00465	0.00142	0.00575	0.00416	0.00231	0.00716
9	0.00672	0.00485	0.00635	0.00604	0.00713	0.00448	0.00451	0.00892	0.01334	0.01886	0.76598	0.07028	0.04451	0.01000	0.00566	0.00152	0.00228	0.00886	0.00523	0.00448
10	0.01148	0.00912	0.01054	0.00765	0.01182	0.00750	0.00617	0.11333	0.01171	0.05139	0.00933	0.01039	0.00742	0.00393	0.00376	0.00084	0.00379	0.00311	0.00322	0.71353
11	0.01065	0.21652	0.46634	0.01259	0.06542	0.04968	0.01365	0.01445	0.00997	0.01363	0.00856	0.01096	0.00696	0.05022	0.02986	0.00173	0.00662	0.00356	0.00213	0.00649
12	0.03330	0.01193	0.01257	0.01026	0.01359	0.03222	0.00827	0.40146	0.31901	0.08334	0.01491	0.01414	0.01079	0.00599	0.00477	0.00151	0.00465	0.00470	0.00480	0.00779
13	0.00684	0.00462	0.00538	0.00548	0.00555	0.00464	0.00321	0.00701	0.00719	0.00964	0.01597	0.10380	0.01838	0.71318	0.06609	0.00455	0.00491	0.00746	0.00302	0.00306
14	0.00565	0.00484	0.00484	0.00484	0.00646	0.00403	0.00363	0.00686	0.01089	0.01291	0.04842	0.04600	0.80027	0.01210	0.00565	0.00161	0.00242	0.01009	0.00444	0.00403
15	0.01278	0.83490	0.02505	0.00818	0.01227	0.01891	0.00818	0.01431	0.00971	0.01125	0.00664	0.00767	0.00613	0.00409	0.00307	0.00102	0.00511	0.00256	0.00204	0.00613
16	0.01274	0.74349	0.08257	0.00874	0.01299	0.04900	0.00892	0.01456	0.00989	0.01155	0.00682	0.00788	0.00613	0.00415	0.00322	0.00107	0.00539	0.00265	0.00206	0.00618
17	0.01778	0.00763	0.01000	0.00799	0.01115	0.00681	0.00648	0.02041	0.06608	0.59557	0.10808	0.02114	0.08505	0.00693	0.00498	0.00150	0.00370	0.00574	0.00564	0.00733
18	0.00595	0.00430	0.00564	0.00655	0.00700	0.00399	0.00448	0.00697	0.00970	0.01292	0.09569	0.68918	0.08013	0.01429	0.00605	0.00189	0.00275	0.03406	0.00451	0.00396
19	0.00973	0.06481	0.06869	0.00843	0.02668	0.00756	0.04001	0.01259	0.05544	0.08498	0.17458	0.03606	0.17045	0.00755	0.00509	0.00139	0.02017	0.03291	0.00393	0.16891

[dist]
# distance from previous block
# <min> <max>
0	1

[block]
# block no. 2 follows, 53 sequences, length 11
# corresponding to MSA columns:
# 1232-1242
name=unknown_C
#
# <colnr> <probs for GDERKNQSTAVLIFYWHMCP>
#	G	D	E	R	K	N	Q	S	T	A	V	L	I	F	Y	W	H	M	C	P
0	0.01100	0.01031	0.01709	0.12234	0.59619	0.01043	0.01302	0.01362	0.01036	0.01472	0.00935	0.01327	0.00812	0.06612	0.00612	0.00163	0.00554	0.00436	0.00241	0.06400
1	0.00708	0.00526	0.00690	0.00633	0.00689	0.00509	0.06145	0.00755	0.00781	0.01025	0.01896	0.05920	0.10883	0.64587	0.02011	0.00396	0.00457	0.00745	0.00309	0.00333
2	0.01159	0.04739	0.08156	0.25331	0.26020	0.01113	0.04020	0.05979	0.06972	0.06702	0.01196	0.01396	0.04107	0.00511	0.00475	0.00150	0.00565	0.00454	0.00290	0.00668
3	0.01387	0.00864	0.01306	0.01029	0.01319	0.00838	0.14760	0.08308	0.03753	0.29146	0.10620	0.07991	0.10230	0.00749	0.00587	0.00159	0.05192	0.00655	0.00458	0.00648
4	0.00927	0.06365	0.01246	0.07065	0.01234	0.02883	0.00857	0.01058	0.00803	0.01142	0.01032	0.09655	0.01057	0.05461	0.17846	0.00323	0.39779	0.00534	0.00247	0.00485
5	0.21930	0.24209	0.39855	0.01035	0.01560	0.01314	0.01203	0.01465	0.00951	0.01561	0.00758	0.00886	0.00586	0.00439	0.00375	0.00137	0.00571	0.00304	0.00225	0.00635
6	0.01073	0.00710	0.01074	0.09419	0.13714	0.00701	0.03156	0.01295	0.03874	0.17269	0.01947	0.35681	0.01969	0.00969	0.00546	0.00172	0.00415	0.05037	0.00412	0.00570
7	0.00936	0.03809	0.46154	0.01318	0.01813	0.01026	0.13151	0.01350	0.01011	0.01448	0.01222	0.10553	0.01122	0.00666	0.00560	0.00166	0.04657	0.08155	0.00259	0.00624
8	0.01111	0.01062	0.01810	0.23226	0.60490	0.01117	0.01431	0.01404	0.01054	0.01474	0.00886	0.01206	0.00726	0.00439	0.00474	0.00146	0.00586	0.00426	0.00230	0.00699
9	0.02596	0.01044	0.03076	0.03260	0.14480	0.02138	0.03278	0.25200	0.08799	0.04686	0.01823	0.06806	0.11160	0.00743	0.00538	0.00159	0.02622	0.06528	0.00400	0.00662
10	0.03414	0.01126	0.08946	0.24629	0.27702	0.02960	0.05733	0.01472	0.01073	0.10832	0.01111	0.04195	0.00902	0.00533	0.00485	0.00154	0.00582	0.03211	0.00285	0.00653

[dist]
# distance from previous block
# <min> <max>
59	268

[block]
# block no. 3 follows, 53 sequences, length 56
# corresponding to MSA columns:
# 1645-1700
name=unknown_D
#
# <colnr> <probs for GDERKNQSTAVLIFYWHMCP>
#	G	D	E	R	K	N	Q	S	T	A	V	L	I	F	Y	W	H	M	C	P
0	0.10457	0.01040	0.01002	0.00895	0.01117	0.14831	0.04588	0.04141	0.17189	0.03861	0.08470	0.02278	0.11977	0.04999	0.06347	0.00213	0.00530	0.05127	0.00383	0.00555
1	0.12169	0.23634	0.09066	0.00865	0.01185	0.11092	0.00793	0.05342	0.02116	0.02622	0.11321	0.01602	0.08648	0.00654	0.01739	0.00144	0.03172	0.00447	0.00311	0.03077
2	0.01141	0.35325	0.43972	0.01130	0.01690	0.04572	0.01328	0.03341	0.01037	0.01378	0.00782	0.00908	0.00614	0.00440	0.00394	0.00130	0.00629	0.00314	0.00211	0.00665
3	0.01069	0.03106	0.01851	0.01427	0.01647	0.07073	0.30542	0.01284	0.00957	0.01294	0.01081	0.07174	0.03162	0.04867	0.01931	0.00199	0.29977	0.00561	0.00252	0.00548
4	0.01785	0.02278	0.01354	0.01231	0.01478	0.81284	0.00924	0.01909	0.01354	0.01170	0.00739	0.00862	0.00616	0.00493	0.00431	0.00123	0.00862	0.00308	0.00246	0.00554
5	0.00903	0.00850	0.01434	0.82054	0.03292	0.01062	0.01327	0.01221	0.00956	0.01221	0.00850	0.01274	0.00637	0.00478	0.00478	0.00159	0.00637	0.00425	0.00212	0.00531
6	0.01259	0.01011	0.01083	0.00964	0.01241	0.01153	0.00753	0.02524	0.73629	0.07770	0.01941	0.01772	0.01439	0.00644	0.00486	0.00161	0.00380	0.00536	0.00494	0.00761
7	0.00770	0.00550	0.00770	0.00880	0.00990	0.00550	0.00770	0.00990	0.01100	0.01430	0.02531	0.05391	0.02751	0.01320	0.00660	0.00220	0.00440	0.77004	0.00440	0.00440
8	0.00631	0.00454	0.00599	0.00632	0.00704	0.00421	0.00447	0.00789	0.01143	0.01583	0.42945	0.41544	0.03864	0.01226	0.00586	0.00171	0.00250	0.01101	0.00487	0.00421
9	0.00682	0.00460	0.00534	0.00547	0.00553	0.00460	0.00319	0.00698	0.00723	0.00967	0.01626	0.12197	0.01880	0.70885	0.05176	0.00444	0.00473	0.00764	0.00306	0.00306
10	0.00926	0.00962	0.01889	0.01452	0.01743	0.00942	0.43756	0.01195	0.01026	0.01388	0.01669	0.21295	0.07778	0.00894	0.03817	0.00197	0.07444	0.00778	0.00305	0.00544
11	0.00642	0.00482	0.00595	0.00579	0.00696	0.00435	0.00429	0.00831	0.01254	0.01711	0.55739	0.10271	0.22431	0.01075	0.00568	0.00157	0.00234	0.00939	0.00500	0.00435
12	0.78640	0.08608	0.00870	0.00646	0.00952	0.01148	0.00546	0.01407	0.00828	0.02050	0.00665	0.00776	0.00527	0.00440	0.00297	0.00144	0.00383	0.00259	0.00287	0.00527
13	0.00942	0.00874	0.01490	0.75138	0.06242	0.01063	0.03674	0.01259	0.00973	0.02594	0.00873	0.01277	0.00654	0.00475	0.00480	0.00158	0.00636	0.00430	0.00221	0.00548
14	0.01247	0.00939	0.01068	0.00909	0.01147	0.01045	0.01944	0.27714	0.20645	0.03080	0.03436	0.05230	0.02962	0.03587	0.10028	0.00233	0.03264	0.00543	0.10333	0.00647
15	0.01249	0.76220	0.09524	0.00867	0.01302	0.01821	0.00903	0.01439	0.00975	0.01159	0.00682	0.00788	0.00613	0.00413	0.00320	0.00107	0.00529	0.00264	0.00204	0.00622
16	0.00586	0.00423	0.00556	0.00654	0.00692	0.00392	0.00441	0.00678	0.00945	0.01258	0.06621	0.75460	0.06608	0.01459	0.00606	0.00190	0.00273	0.01319	0.00448	0.00392
17	0.00878	0.00823	0.01364	0.76062	0.03098	0.01014	0.01257	0.01182	0.00966	0.01226	0.01143	0.01519	0.06469	0.00532	0.00484	0.00159	0.00608	0.00468	0.00229	0.00522
18	0.00582	0.00416	0.00555	0.00666	0.00693	0.00388	0.00444	0.00666	0.00915	0.01220	0.02634	0.82891	0.03161	0.01497	0.00610	0.00194	0.00277	0.01359	0.00444	0.00388
19	0.00565	0.00484	0.00484	0.00484	0.00646	0.00403	0.00363	0.00686	0.01089	0.01291	0.04842	0.04600	0.80027	0.01210	0.00565	0.00161	0.00242	0.01009	0.00444	0.00403
20	0.01817	0.01339	0.01434	0.01100	0.01482	0.01482	0.00908	0.78627	0.02247	0.03012	0.01148	0.01148	0.00813	0.00574	0.00478	0.00143	0.00526	0.00430	0.00478	0.00813
21	0.00961	0.00818	0.00959	0.00705	0.01100	0.00619	0.00557	0.01164	0.00986	0.01533	0.00981	0.07007	0.00888	0.00438	0.00373	0.00080	0.00348	0.00362	0.00295	0.79827
22	0.01315	0.77525	0.02420	0.00848	0.01245	0.07723	0.00826	0.01466	0.00999	0.01128	0.00670	0.00774	0.00614	0.00415	0.00316	0.00104	0.00537	0.00259	0.00208	0.00609
23	0.00942	0.00881	0.01441	0.70858	0.08236	0.01076	0.01295	0.01334	0.06724	0.01301	0.00933	0.01306	0.00705	0.00487	0.00478	0.00158	0.00614	0.00433	0.00234	0.00563
24	0.01183	0.01136	0.01940	0.02934	0.80221	0.01136	0.01467	0.01467	0.01088	0.01562	0.00899	0.01183	0.00757	0.00426	0.00473	0.00142	0.00568	0.00426	0.00237	0.00757
25	0.02544	0.01160	0.02379	0.01801	0.05576	0.01104	0.60104	0.01486	0.05064	0.01580	0.06912	0.04149	0.02700	0.00510	0.00553	0.00160	0.00696	0.00608	0.00286	0.00626
26	0.00674	0.00526	0.00623	0.00578	0.00734	0.00466	0.00437	0.00890	0.03104	0.01680	0.46827	0.03687	0.29752	0.01003	0.00547	0.00149	0.00244	0.00863	0.00479	0.06735
27	0.00589	0.00421	0.00561	0.00661	0.00695	0.00393	0.00444	0.00683	0.00947	0.01271	0.08315	0.77064	0.03260	0.01459	0.00607	0.00191	0.00273	0.01322	0.00450	0.00393
28	0.00586	0.00417	0.00554	0.00661	0.00688	0.00391	0.00439	0.00666	0.00908	0.01211	0.02598	0.80340	0.03116	0.04110	0.00668	0.00203	0.00283	0.01338	0.00439	0.00385
29	0.01044	0.01026	0.01413	0.01310	0.07023	0.04421	0.03036	0.01183	0.00810	0.01219	0.00770	0.01171	0.00723	0.01030	0.08964	0.00248	0.59122	0.00429	0.04525	0.00531
30	0.01132	0.01077	0.01829	0.09916	0.69320	0.01095	0.01403	0.01416	0.01090	0.01549	0.04871	0.01311	0.00935	0.00458	0.00478	0.00144	0.00557	0.00448	0.00249	0.00721
31	0.01252	0.09101	0.04539	0.01380	0.01713	0.10844	0.30381	0.01554	0.04144	0.09604	0.01119	0.05363	0.00926	0.00806	0.07332	0.00206	0.08324	0.00509	0.00292	0.00612
32	0.00673	0.00505	0.00638	0.00675	0.00702	0.00529	0.00455	0.00760	0.02500	0.01140	0.02153	0.45851	0.05048	0.27065	0.01267	0.00278	0.07973	0.01034	0.00374	0.00378
33	0.01168	0.04653	0.01762	0.24881	0.48908	0.01126	0.01344	0.01447	0.01058	0.06480	0.00934	0.01216	0.00742	0.00457	0.00485	0.00146	0.01833	0.00421	0.00251	0.00687
34	0.01272	0.68063	0.07709	0.00894	0.01298	0.05788	0.00891	0.01502	0.04432	0.01193	0.00737	0.00840	0.00650	0.00438	0.00364	0.00112	0.02695	0.00282	0.00219	0.00621
35	0.00630	0.00482	0.00577	0.00564	0.00688	0.00429	0.00419	0.00808	0.01227	0.01642	0.47487	0.09622	0.31495	0.01098	0.00567	0.00157	0.00235	0.00952	0.00491	0.00429
36	0.01619	0.00857	0.01017	0.00845	0.01138	0.03914	0.00680	0.04521	0.15585	0.43141	0.12476	0.02159	0.05627	0.00707	0.00502	0.00153	0.00392	0.03424	0.00533	0.00710
37	0.01572	0.01309	0.01262	0.04593	0.01426	0.13437	0.00851	0.44502	0.10705	0.02360	0.01255	0.01402	0.00961	0.00592	0.00465	0.00143	0.00533	0.03291	0.08636	0.00705
38	0.00973	0.00549	0.00565	0.00526	0.00671	0.00560	0.00404	0.09790	0.01159	0.01904	0.04591	0.01901	0.04766	0.00603	0.00369	0.00119	0.00258	0.00484	0.69323	0.00485
39	0.00830	0.00522	0.00666	0.00618	0.00763	0.00470	0.00467	0.01024	0.01282	0.11274	0.53389	0.09362	0.15487	0.01005	0.00557	0.00155	0.00254	0.00877	0.00515	0.00483
40	0.01075	0.01182	0.02462	0.03160	0.06175	0.01148	0.61211	0.01426	0.01089	0.01493	0.03129	0.06497	0.00973	0.00519	0.00628	0.00165	0.06186	0.00603	0.00259	0.00619
41	0.86579	0.00924	0.00702	0.00629	0.00924	0.01072	0.00518	0.01405	0.00813	0.02144	0.00666	0.00776	0.00518	0.00444	0.00296	0.00148	0.00370	0.00259	0.00296	0.00518
42	0.00869	0.00774	0.01211	0.08812	0.04749	0.00764	0.15146	0.07130	0.01223	0.01617	0.19643	0.05516	0.23912	0.00864	0.00565	0.00161	0.01509	0.04620	0.00393	0.00521
43	0.01136	0.01165	0.06873	0.10393	0.40194	0.04044	0.09349	0.04642	0.01141	0.03716	0.04810	0.04294	0.03603	0.00586	0.01848	0.00159	0.00589	0.00506	0.00280	0.00671
44	0.01555	0.01855	0.01387	0.03922	0.04508	0.54808	0.02511	0.04669	0.01235	0.01250	0.00791	0.01049	0.00690	0.04702	0.00710	0.00157	0.13034	0.00362	0.00250	0.00555
45	0.08470	0.01004	0.01167	0.06962	0.06368	0.06248	0.02970	0.08060	0.07370	0.11407	0.01201	0.05728	0.00983	0.00538	0.00433	0.00127	0.00457	0.01846	0.00355	0.28307
46	0.01252	0.32996	0.34185	0.01068	0.01582	0.01394	0.01195	0.09584	0.01149	0.07677	0.00945	0.03305	0.00748	0.00490	0.00407	0.00133	0.00578	0.00363	0.00269	0.00681
47	0.01024	0.01013	0.01422	0.01225	0.01230	0.01411	0.01018	0.01132	0.00734	0.01148	0.00667	0.01096	0.00662	0.01004	0.06428	0.00243	0.77388	0.00424	0.00212	0.00517
48	0.00688	0.00460	0.00523	0.00530	0.00532	0.00459	0.00299	0.00693	0.00709	0.00945	0.01576	0.08072	0.01826	0.78138	0.02320	0.00447	0.00452	0.00736	0.00299	0.00296
49	0.79543	0.00915	0.00736	0.00647	0.00949	0.01041	0.00533	0.01482	0.00860	0.08678	0.00767	0.00847	0.00573	0.00456	0.00311	0.00148	0.00373	0.00277	0.00320	0.00542
50	0.00661	0.00469	0.00512	0.00512	0.00554	0.00448	0.00309	0.00693	0.00799	0.01023	0.02385	0.03516	0.22359	0.61605	0.01941	0.00384	0.00405	0.00778	0.00330	0.00320
51	0.00597	0.00500	0.00520	0.00513	0.00671	0.00432	0.00385	0.00766	0.03345	0.01390	0.14157	0.04391	0.68350	0.01165	0.00563	0.00160	0.00244	0.00977	0.00455	0.00419
52	0.01007	0.00529	0.00547	0.00511	0.00653	0.00537	0.00392	0.07397	0.01115	0.04455	0.01537	0.01726	0.01191	0.00559	0.00351	0.00115	0.00253	0.00445	0.76192	0.00487
53	0.04419	0.01023	0.01562	0.45234	0.27124	0.04117	0.01298	0.04732	0.01057	0.01439	0.00861	0.01199	0.00677	0.00475	0.00498	0.00153	0.02870	0.00414	0.00236	0.00614
54	0.01026	0.18338	0.63219	0.01274	0.01915	0.01266	0.03704	0.01498	0.01005	0.01438	0.00823	0.00969	0.00610	0.00444	0.00428	0.00142	0.00671	0.00340	0.00203	0.00686
55	0.12647	0.01008	0.01051	0.00949	0.04609	0.06992	0.01638	0.15394	0.13946	0.08718	0.11560	0.04980	0.06335	0.00679	0.00469	0.00146	0.00424	0.01775	0.00423	0.06256

[dist]
# distance from previous block
# <min> <max>
1	8

[block]
# block no. 4 follows, 53 sequences, length 29
# corresponding to MSA columns:
# 1709-1737
name=unknown_E
#
# <colnr> <probs for GDERKNQSTAVLIFYWHMCP>
#	G	D	E	R	K	N	Q	S	T	A	V	L	I	F	Y	W	H	M	C	P
0	0.19732	0.06117	0.04159	0.04278	0.01160	0.08085	0.00711	0.04720	0.15068	0.01698	0.02762	0.02359	0.02456	0.01916	0.10416	0.00224	0.02885	0.00432	0.10259	0.00563
1	0.00713	0.00516	0.00687	0.00677	0.00722	0.00579	0.00480	0.00809	0.00742	0.01054	0.01353	0.02368	0.01400	0.37458	0.41012	0.00589	0.04974	0.00584	0.02909	0.00373
2	0.00759	0.00535	0.00603	0.00577	0.00749	0.00471	0.00446	0.00945	0.03404	0.08654	0.17214	0.04122	0.52739	0.01105	0.00561	0.00162	0.00271	0.05750	0.00472	0.00461
3	0.66457	0.00839	0.00703	0.00626	0.00893	0.00943	0.00507	0.01407	0.00867	0.08167	0.00865	0.00985	0.00661	0.00529	0.00393	0.04467	0.00359	0.00304	0.09511	0.00517
4	0.00697	0.00528	0.00773	0.00766	0.00841	0.00619	0.00588	0.00851	0.00761	0.01096	0.01275	0.01951	0.01219	0.10152	0.71725	0.00722	0.04236	0.00524	0.00257	0.00419
5	0.00642	0.00487	0.00592	0.00566	0.00693	0.00437	0.00424	0.00836	0.01273	0.01726	0.57082	0.03884	0.27516	0.01048	0.00564	0.00154	0.00231	0.00908	0.00501	0.00437
6	0.00695	0.00463	0.00521	0.00521	0.00521	0.00463	0.00290	0.00695	0.00695	0.00927	0.01506	0.03128	0.01738	0.83203	0.02433	0.00463	0.00463	0.00695	0.00290	0.00290
7	0.01183	0.01136	0.01940	0.02934	0.80221	0.01136	0.01467	0.01467	0.01088	0.01562	0.00899	0.01183	0.00757	0.00426	0.00473	0.00142	0.00568	0.00426	0.00237	0.00757
8	0.00891	0.00445	0.00445	0.00445	0.00557	0.00445	0.00334	0.01114	0.01002	0.01782	0.01559	0.01782	0.01225	0.00557	0.00334	0.00111	0.00223	0.00445	0.85856	0.00445
9	0.01058	0.01779	0.35082	0.01744	0.02320	0.01168	0.46714	0.01524	0.01079	0.01524	0.00922	0.01173	0.00676	0.00424	0.00519	0.00157	0.00765	0.00477	0.00225	0.00670
10	0.01817	0.01339	0.01434	0.01100	0.01482	0.01482	0.00908	0.78627	0.02247	0.03012	0.01148	0.01148	0.00813	0.00574	0.00478	0.00143	0.00526	0.00430	0.00478	0.00813
11	0.07235	0.16696	0.34008	0.01083	0.01587	0.04873	0.03377	0.06912	0.01125	0.07991	0.01058	0.01142	0.03637	0.00486	0.00419	0.00135	0.00577	0.00368	0.00278	0.07014
12	0.05406	0.01350	0.01398	0.01108	0.01438	0.08699	0.02346	0.54482	0.05366	0.05011	0.01101	0.01143	0.00805	0.00584	0.00560	0.00149	0.07462	0.00420	0.00426	0.00746
13	0.00650	0.00486	0.00593	0.00567	0.00685	0.00440	0.00419	0.00836	0.01245	0.01699	0.56481	0.03793	0.22763	0.06429	0.00687	0.00174	0.00245	0.00889	0.00491	0.00429
14	0.02036	0.00782	0.01052	0.00815	0.01163	0.00680	0.00671	0.02225	0.01336	0.73760	0.01857	0.01640	0.01187	0.00589	0.00468	0.00145	0.00391	0.00478	0.07943	0.00782
15	0.03153	0.44798	0.05259	0.00955	0.01290	0.11300	0.00876	0.06959	0.07446	0.01386	0.00913	0.02692	0.00811	0.00538	0.00478	0.00130	0.07430	0.02705	0.00266	0.00616
16	0.01195	0.61353	0.20168	0.00961	0.01419	0.01695	0.01043	0.01437	0.00969	0.01214	0.00707	0.00834	0.00612	0.00439	0.00398	0.00118	0.04319	0.00285	0.00204	0.00630
17	0.00805	0.00522	0.00638	0.00626	0.00764	0.00472	0.00462	0.00989	0.03610	0.10752	0.24047	0.26171	0.26053	0.01139	0.00565	0.00166	0.00271	0.00993	0.00485	0.00471
18	0.00676	0.00489	0.00622	0.00594	0.00711	0.00449	0.00449	0.00891	0.01309	0.01837	0.67820	0.03669	0.11585	0.00997	0.00560	0.00152	0.00234	0.03264	0.03247	0.00446
19	0.15568	0.01060	0.01111	0.04982	0.01322	0.10533	0.02955	0.07645	0.09954	0.31432	0.01647	0.01576	0.06961	0.00596	0.00454	0.00148	0.00471	0.00466	0.00441	0.00677
20	0.02117	0.00858	0.01137	0.00871	0.01242	0.00768	0.00720	0.08752	0.01442	0.74025	0.01824	0.01586	0.01152	0.00590	0.00480	0.00148	0.00417	0.00476	0.00582	0.00813
21	0.00613	0.04465	0.00603	0.00530	0.00693	0.00482	0.00409	0.00742	0.01087	0.01313	0.07790	0.08339	0.65926	0.01180	0.00558	0.00162	0.00264	0.03991	0.00436	0.00416
22	0.01446	0.01201	0.01250	0.04265	0.06328	0.09252	0.00861	0.27347	0.28960	0.05323	0.01472	0.05307	0.01149	0.00623	0.00478	0.00150	0.00489	0.00503	0.02873	0.00722
23	0.05198	0.01195	0.02448	0.01898	0.08813	0.01129	0.60806	0.01462	0.01093	0.01549	0.01024	0.05290	0.00838	0.00459	0.00536	0.00156	0.00718	0.00564	0.00256	0.04568
24	0.01955	0.00889	0.01134	0.00896	0.01246	0.00841	0.00738	0.12543	0.07971	0.59786	0.01822	0.01756	0.01232	0.00629	0.00489	0.00152	0.00422	0.04149	0.00560	0.00791
25	0.00776	0.00573	0.00700	0.00725	0.04476	0.00587	0.00447	0.04064	0.00837	0.01133	0.01669	0.11802	0.05309	0.53982	0.03374	0.00369	0.04569	0.00727	0.00315	0.03567
26	0.05080	0.04269	0.08970	0.00924	0.04703	0.04860	0.02108	0.05105	0.04094	0.06063	0.26202	0.15262	0.05162	0.00869	0.00519	0.00157	0.00400	0.04288	0.00417	0.00547
27	0.05863	0.01104	0.01097	0.00922	0.01218	0.12174	0.00731	0.11112	0.21593	0.27435	0.07962	0.01625	0.01371	0.00613	0.00468	0.00147	0.00455	0.00485	0.02918	0.00708
28	0.03652	0.02669	0.02613	0.04733	0.01162	0.02522	0.00707	0.06310	0.18521	0.14361	0.01740	0.12206	0.04296	0.00743	0.00567	0.00156	0.07852	0.00594	0.13984	0.00611

[dist]
# distance from previous block
# <min> <max>
0	24

[block]
# block no. 5 follows, 53 sequences, length 29
# corresponding to MSA columns:
# 1812-1817,1827-1834,1841-1850,1867-1871
name=unknown_F
#
# <colnr> <probs for GDERKNQSTAVLIFYWHMCP>
#	G	D	E	R	K	N	Q	S	T	A	V	L	I	F	Y	W	H	M	C	P
0	0.03548	0.04668	0.34429	0.10513	0.07725	0.01058	0.04425	0.01496	0.04581	0.06670	0.05558	0.01272	0.00935	0.00508	0.00504	0.00147	0.04206	0.00413	0.00274	0.07070
1	0.01113	0.02302	0.07891	0.30026	0.28161	0.01060	0.01262	0.01425	0.02668	0.08128	0.01125	0.01376	0.03666	0.00520	0.00535	0.00153	0.05268	0.00446	0.02233	0.00643
2	0.05028	0.04023	0.01343	0.05462	0.01426	0.02545	0.08274	0.15657	0.10976	0.07393	0.02938	0.01446	0.01018	0.01011	0.12290	0.00238	0.08357	0.01617	0.00352	0.08606
3	0.01185	0.04032	0.01393	0.01010	0.01388	0.02551	0.13664	0.12308	0.07892	0.05062	0.06989	0.01445	0.03494	0.00505	0.00445	0.00118	0.00461	0.00445	0.00353	0.35259
4	0.00801	0.00638	0.00671	0.00637	0.00780	0.06759	0.00477	0.00978	0.01249	0.05682	0.43613	0.09629	0.24247	0.01022	0.00553	0.00154	0.00293	0.00878	0.00479	0.00460
5	0.00782	0.00564	0.00670	0.00679	0.00774	0.00571	0.00491	0.02696	0.09769	0.02913	0.05362	0.16143	0.11546	0.28557	0.04004	0.00297	0.00413	0.12946	0.00397	0.00429
6	0.01682	0.01298	0.01521	0.01169	0.01548	0.01423	0.08020	0.62806	0.10998	0.02760	0.01223	0.01234	0.00879	0.00567	0.00487	0.00147	0.00535	0.00455	0.00457	0.00791
7	0.00891	0.00445	0.00445	0.00445	0.00557	0.00445	0.00334	0.01114	0.01002	0.01782	0.01559	0.01782	0.01225	0.00557	0.00334	0.00111	0.00223	0.00445	0.85856	0.00445
8	0.01041	0.23483	0.60441	0.01221	0.01850	0.01313	0.01520	0.01492	0.00999	0.01413	0.00808	0.00946	0.00608	0.00442	0.00416	0.00139	0.00656	0.00328	0.00203	0.00682
9	0.01055	0.01052	0.01486	0.01264	0.01292	0.01443	0.03384	0.01230	0.04625	0.01204	0.00703	0.01090	0.00671	0.00814	0.01485	0.00205	0.75806	0.00429	0.00224	0.00538
10	0.00891	0.00445	0.00445	0.00445	0.00557	0.00445	0.00334	0.01114	0.01002	0.01782	0.01559	0.01782	0.01225	0.00557	0.00334	0.00111	0.00223	0.00445	0.85856	0.00445
11	0.00991	0.00850	0.00991	0.00708	0.01133	0.00637	0.00566	0.01203	0.00991	0.01557	0.00850	0.00991	0.00708	0.00354	0.00354	0.00071	0.00354	0.00283	0.00283	0.86124
12	0.00745	0.00532	0.00741	0.00851	0.00950	0.00528	0.00726	0.00946	0.01075	0.01402	0.02545	0.15883	0.02806	0.01344	0.00653	0.00217	0.00418	0.66763	0.00441	0.00433
13	0.00675	0.00493	0.00643	0.00638	0.00736	0.00475	0.00470	0.02471	0.01176	0.01633	0.45887	0.20360	0.08127	0.02917	0.10850	0.00244	0.00382	0.00922	0.00464	0.00436
14	0.00830	0.00415	0.00623	0.00623	0.00623	0.00415	0.00415	0.00623	0.00623	0.00830	0.00830	0.01453	0.00830	0.01660	0.01868	0.86094	0.00415	0.00415	0.00208	0.00208
15	0.00685	0.00504	0.00725	0.00725	0.00796	0.00574	0.00544	0.00826	0.00755	0.01078	0.01319	0.02095	0.01289	0.17413	0.67609	0.00715	0.01138	0.00544	0.00262	0.00403
16	0.01343	0.03014	0.01453	0.01218	0.01342	0.21123	0.00991	0.12460	0.01107	0.01422	0.00730	0.01010	0.00651	0.00706	0.01107	0.00176	0.48927	0.00390	0.00257	0.00574
17	0.01153	0.01127	0.01819	0.18114	0.62209	0.04364	0.01418	0.01437	0.01074	0.01480	0.00883	0.01188	0.00728	0.00439	0.00472	0.00145	0.00593	0.00421	0.00232	0.00705
18	0.00582	0.00416	0.00555	0.00666	0.00693	0.00388	0.00444	0.00666	0.00915	0.01220	0.02634	0.82891	0.03161	0.01497	0.00610	0.00194	0.00277	0.01359	0.00444	0.00388
19	0.00949	0.00549	0.00541	0.00519	0.00647	0.02848	0.00394	0.05107	0.01084	0.01811	0.04769	0.01800	0.01322	0.00672	0.02983	0.00136	0.00291	0.00460	0.72650	0.00467
20	0.01214	0.01144	0.01663	0.01336	0.02928	0.06350	0.24565	0.09326	0.19562	0.03823	0.06908	0.04511	0.01270	0.00626	0.00645	0.00162	0.10575	0.00554	0.02190	0.00646
21	0.01199	0.31914	0.41927	0.01119	0.01675	0.01412	0.01301	0.08315	0.01119	0.04701	0.00854	0.00958	0.00650	0.00454	0.00403	0.00133	0.00607	0.00329	0.00243	0.00686
22	0.00618	0.00498	0.00553	0.00550	0.00690	0.00443	0.00408	0.00807	0.03975	0.01472	0.23951	0.11973	0.50047	0.01158	0.00566	0.00162	0.00246	0.00989	0.00467	0.00427
23	0.01003	0.10772	0.66243	0.01346	0.04206	0.01210	0.01622	0.01485	0.00993	0.01456	0.00827	0.00991	0.00612	0.00468	0.00497	0.00149	0.04881	0.00349	0.00203	0.00689
24	0.59789	0.02860	0.00959	0.02380	0.01119	0.07010	0.04449	0.01467	0.02704	0.05181	0.00855	0.04528	0.00711	0.00519	0.00400	0.00151	0.03720	0.00352	0.00306	0.00541
25	0.00940	0.00804	0.01443	0.01198	0.01433	0.00767	0.27344	0.04571	0.01115	0.05377	0.03409	0.30423	0.02067	0.00991	0.00591	0.00183	0.00507	0.15926	0.00384	0.00528
26	0.09382	0.01655	0.01318	0.01093	0.01416	0.33182	0.00865	0.37925	0.01711	0.02140	0.00929	0.00994	0.00703	0.00521	0.00438	0.00133	0.00639	0.00360	0.00361	0.04234
27	0.01216	0.47282	0.24753	0.00990	0.01465	0.01511	0.01080	0.01488	0.00997	0.06267	0.00804	0.00914	0.00652	0.00450	0.00418	0.00122	0.04181	0.00306	0.00232	0.04869
28	0.01105	0.04727	0.01694	0.33306	0.37967	0.05106	0.01318	0.01429	0.04295	0.01400	0.00899	0.01206	0.00724	0.00467	0.00490	0.00148	0.02418	0.00417	0.00236	0.00648

[dist]
# distance from previous block
# <min> <max>
0	2

[block]
# block no. 6 follows, 53 sequences, length 12
# corresponding to MSA columns:
# 1874-1885
name=unknown_G
#
# <colnr> <probs for GDERKNQSTAVLIFYWHMCP>
#	G	D	E	R	K	N	Q	S	T	A	V	L	I	F	Y	W	H	M	C	P
0	0.01351	0.01030	0.01646	0.18384	0.44475	0.01061	0.01256	0.06607	0.01190	0.16678	0.01094	0.01284	0.00818	0.00478	0.00476	0.00147	0.00548	0.00436	0.00315	0.00726
1	0.06605	0.00892	0.01098	0.00958	0.01207	0.00969	0.08076	0.03891	0.40528	0.01884	0.14275	0.02440	0.06335	0.00758	0.00514	0.00164	0.00397	0.07927	0.00450	0.00633
2	0.01000	0.01239	0.11862	0.06842	0.02087	0.01070	0.44033	0.01358	0.01063	0.01480	0.08477	0.01514	0.01105	0.00810	0.08571	0.00222	0.05864	0.00543	0.00261	0.00597
3	0.05440	0.09156	0.06617	0.01203	0.08881	0.09595	0.02995	0.18080	0.04387	0.20410	0.01209	0.02620	0.00899	0.00654	0.03342	0.00165	0.02833	0.00426	0.00383	0.00705
4	0.00965	0.00612	0.00740	0.00687	0.00864	0.00584	0.00533	0.01284	0.11144	0.14584	0.24344	0.05431	0.21278	0.06110	0.00668	0.00182	0.00317	0.08661	0.00486	0.00525
5	0.00577	0.00478	0.00506	0.00513	0.00657	0.00407	0.00379	0.00705	0.01098	0.01344	0.11783	0.12005	0.65471	0.01216	0.00569	0.00163	0.00244	0.01029	0.00452	0.00407
6	0.00824	0.00705	0.00707	0.00739	0.00815	0.10462	0.00540	0.00930	0.00962	0.01197	0.05129	0.17421	0.04694	0.28576	0.04220	0.00300	0.00488	0.20535	0.00363	0.00394
7	0.01149	0.01016	0.01551	0.45140	0.22115	0.01161	0.01269	0.15626	0.03345	0.01658	0.00947	0.01242	0.00722	0.00487	0.00477	0.00152	0.00592	0.00429	0.00275	0.00646
8	0.00917	0.00868	0.01472	0.67963	0.05972	0.01064	0.04249	0.01220	0.00947	0.01237	0.00869	0.01293	0.00674	0.00655	0.04839	0.00193	0.04378	0.00435	0.00217	0.00538
9	0.00643	0.00493	0.00598	0.00651	0.00750	0.00462	0.00480	0.00836	0.05212	0.01376	0.10585	0.38270	0.25357	0.01297	0.00593	0.00182	0.00289	0.11047	0.00453	0.00425
10	0.04496	0.05662	0.66742	0.01298	0.01932	0.08823	0.01597	0.01544	0.01033	0.01490	0.00831	0.00976	0.00603	0.00456	0.00440	0.00147	0.00700	0.00341	0.00210	0.00680
11	0.03712	0.01009	0.09915	0.01074	0.01344	0.00885	0.12064	0.10836	0.11952	0.01696	0.01837	0.23023	0.01839	0.00925	0.00553	0.00178	0.00480	0.15706	0.00393	0.00578

[dist]
# distance from previous block
# <min> <max>
0	1

[block]
# block no. 7 follows, 53 sequences, length 15
# corresponding to MSA columns:
# 1887-1901
name=unknown_H
#
# <colnr> <probs for GDERKNQSTAVLIFYWHMCP>
#	G	D	E	R	K	N	Q	S	T	A	V	L	I	F	Y	W	H	M	C	P
0	0.00591	0.00422	0.00564	0.00675	0.00707	0.00396	0.00458	0.00680	0.00923	0.01230	0.02630	0.79376	0.03143	0.01489	0.00612	0.00195	0.00285	0.04790	0.00444	0.00391
1	0.01226	0.11760	0.01277	0.00830	0.01222	0.05423	0.00684	0.11485	0.08302	0.03624	0.00983	0.01062	0.00784	0.00430	0.00383	0.00097	0.00428	0.00328	0.00322	0.49350
2	0.01048	0.21150	0.50424	0.01220	0.01794	0.01283	0.05289	0.01547	0.06800	0.01451	0.00948	0.03316	0.00748	0.00485	0.00432	0.00142	0.00630	0.00383	0.00232	0.00676
3	0.01209	0.45057	0.30184	0.01036	0.01527	0.01514	0.01159	0.01505	0.00998	0.06468	0.00811	0.00923	0.00649	0.00459	0.00435	0.00128	0.04740	0.00313	0.00229	0.00655
4	0.01012	0.16003	0.67662	0.01271	0.01928	0.01240	0.01608	0.01500	0.01003	0.01449	0.00825	0.00969	0.00607	0.00447	0.00429	0.00143	0.00674	0.00337	0.00202	0.00691
5	0.01131	0.01170	0.02422	0.01774	0.02174	0.01143	0.60592	0.01477	0.01080	0.05438	0.01046	0.01428	0.00824	0.00705	0.06619	0.00211	0.07501	0.02381	0.00262	0.00622
6	0.01267	0.13739	0.32218	0.07112	0.01745	0.04658	0.02593	0.10188	0.03603	0.10880	0.02692	0.01378	0.00917	0.00540	0.00455	0.00146	0.00592	0.04289	0.00310	0.00679
7	0.00749	0.00683	0.04734	0.00676	0.00863	0.00592	0.00554	0.04987	0.09176	0.01576	0.17014	0.11571	0.37648	0.01077	0.00558	0.00165	0.00308	0.06130	0.00452	0.00485
8	0.00617	0.00477	0.00562	0.00561	0.00683	0.00422	0.00413	0.00779	0.01182	0.01558	0.37734	0.15076	0.35922	0.01147	0.00571	0.00161	0.00240	0.00994	0.00480	0.00422
9	0.00770	0.00659	0.02768	0.04880	0.01034	0.02910	0.03961	0.00928	0.01064	0.01420	0.22139	0.17918	0.09149	0.01138	0.00758	0.08590	0.04550	0.14531	0.00397	0.00435
10	0.01368	0.01275	0.12913	0.01043	0.01384	0.05087	0.00934	0.10042	0.36214	0.14138	0.01615	0.01712	0.01223	0.00641	0.00530	0.00160	0.03685	0.04877	0.00434	0.00726
11	0.01181	0.01142	0.01976	0.02896	0.77069	0.01139	0.04590	0.01469	0.01090	0.01560	0.00902	0.01187	0.00756	0.00425	0.00477	0.00143	0.00577	0.00431	0.00237	0.00753
12	0.00672	0.00480	0.00645	0.00661	0.00708	0.00514	0.00461	0.00770	0.00780	0.01083	0.03656	0.14658	0.01773	0.31325	0.39053	0.00557	0.00811	0.00715	0.00304	0.00373
13	0.05249	0.00994	0.05424	0.06845	0.20556	0.01001	0.09903	0.04557	0.00996	0.03371	0.01101	0.05619	0.01006	0.10144	0.06538	0.00237	0.11422	0.00515	0.03940	0.00579
14	0.73674	0.00949	0.00790	0.00682	0.00990	0.01077	0.00562	0.07539	0.00967	0.08014	0.00794	0.00869	0.00590	0.00465	0.00324	0.00148	0.00385	0.00289	0.00332	0.00563

[dist]
# distance from previous block
# <min> <max>
3	16

[block]
# block no. 8 follows, 53 sequences, length 40
# corresponding to MSA columns:
# 1922-1941,1951-1968,1974,1975
name=unknown_I
#
# <colnr> <probs for GDERKNQSTAVLIFYWHMCP>
#	G	D	E	R	K	N	Q	S	T	A	V	L	I	F	Y	W	H	M	C	P
0	0.14090	0.05044	0.08948	0.00993	0.01374	0.04157	0.00875	0.33785	0.15115	0.02289	0.01125	0.01149	0.00836	0.00527	0.00430	0.00139	0.00492	0.00392	0.00389	0.07850
1	0.00917	0.00656	0.00877	0.00808	0.00966	0.00643	0.05517	0.10880	0.04267	0.07041	0.13509	0.41031	0.08714	0.01118	0.00566	0.00172	0.00345	0.00999	0.00459	0.00512
2	0.06541	0.04528	0.01472	0.28295	0.15994	0.02328	0.03944	0.06521	0.02876	0.17334	0.03526	0.01339	0.00912	0.00507	0.00462	0.00148	0.00537	0.00436	0.00333	0.01965
3	0.00990	0.04335	0.74738	0.01364	0.02049	0.01140	0.04086	0.03198	0.01039	0.01538	0.00863	0.01015	0.00614	0.00454	0.00455	0.00150	0.00701	0.00359	0.00209	0.00705
4	0.01130	0.01216	0.02424	0.09086	0.02334	0.01247	0.56144	0.05319	0.01110	0.01521	0.00915	0.01245	0.00707	0.00483	0.00701	0.00167	0.12856	0.00523	0.00246	0.00625
5	0.01537	0.01903	0.01184	0.01097	0.01312	0.64709	0.00817	0.01656	0.01282	0.01187	0.01346	0.09895	0.08771	0.00670	0.00463	0.00134	0.00739	0.00488	0.00287	0.00522
6	0.01137	0.01726	0.34312	0.01748	0.10468	0.01143	0.31644	0.03387	0.01109	0.05973	0.00966	0.01176	0.00706	0.00448	0.00519	0.00155	0.01990	0.00453	0.00250	0.00693
7	0.00667	0.00456	0.00526	0.00547	0.00560	0.00446	0.00322	0.00689	0.00756	0.01000	0.01886	0.18195	0.05937	0.63726	0.01996	0.00398	0.00417	0.00836	0.00326	0.00314
8	0.00617	0.00458	0.00581	0.00670	0.00726	0.00435	0.00462	0.00773	0.04878	0.01273	0.02815	0.68412	0.10696	0.01420	0.00601	0.00190	0.00284	0.03849	0.00446	0.00410
9	0.00751	0.00540	0.00746	0.00849	0.00957	0.00535	0.00733	0.00961	0.01096	0.01423	0.03918	0.08671	0.06269	0.01317	0.00652	0.00215	0.00421	0.69067	0.00442	0.00436
10	0.00908	0.00622	0.00900	0.12876	0.02500	0.00639	0.00833	0.01134	0.01100	0.08539	0.02306	0.05522	0.05771	0.01115	0.00609	0.00200	0.00457	0.53063	0.00417	0.00489
11	0.00582	0.00416	0.00555	0.00666	0.00693	0.00388	0.00444	0.00666	0.00915	0.01220	0.02634	0.82891	0.03161	0.01497	0.00610	0.00194	0.00277	0.01359	0.00444	0.00388
12	0.00580	0.00423	0.00547	0.00646	0.00688	0.00390	0.00435	0.00668	0.00934	0.01228	0.02871	0.74506	0.11393	0.01467	0.00605	0.00191	0.00274	0.01321	0.00444	0.00390
13	0.00908	0.00996	0.08596	0.74765	0.03181	0.01066	0.01367	0.01248	0.00961	0.01248	0.00850	0.01250	0.00634	0.00476	0.00476	0.00159	0.00643	0.00418	0.00211	0.00547
14	0.02009	0.00815	0.01087	0.00849	0.01200	0.00728	0.00696	0.02283	0.07247	0.71221	0.05276	0.01723	0.01348	0.00613	0.00485	0.00149	0.00397	0.00502	0.00581	0.00793
15	0.01046	0.01046	0.01464	0.01255	0.01255	0.01464	0.01046	0.01150	0.00732	0.01150	0.00627	0.01046	0.00627	0.00837	0.01569	0.00209	0.82328	0.00418	0.00209	0.00523
16	0.00891	0.00445	0.00445	0.00445	0.00557	0.00445	0.00334	0.01114	0.01002	0.01782	0.01559	0.01782	0.01225	0.00557	0.00334	0.00111	0.00223	0.00445	0.85856	0.00445
17	0.00974	0.02365	0.73688	0.01421	0.02107	0.01119	0.08696	0.01515	0.01020	0.01515	0.00868	0.01034	0.00616	0.00449	0.00464	0.00152	0.00715	0.00372	0.00205	0.00701
18	0.01632	0.00979	0.01175	0.04624	0.01357	0.01019	0.00808	0.33265	0.05090	0.26330	0.01672	0.07503	0.01352	0.00736	0.00511	0.00159	0.00460	0.10112	0.00494	0.00722
19	0.01121	0.01073	0.01829	0.20330	0.63307	0.01119	0.01436	0.01413	0.01059	0.01487	0.00888	0.01203	0.00731	0.00437	0.00474	0.00146	0.00583	0.00426	0.00231	0.00707
20	0.01128	0.01289	0.02820	0.02015	0.02498	0.01209	0.78485	0.01531	0.01128	0.01531	0.00967	0.01289	0.00725	0.00403	0.00564	0.00161	0.00806	0.00564	0.00242	0.00645
21	0.10019	0.01053	0.01620	0.01229	0.01609	0.01040	0.24203	0.14212	0.06072	0.28097	0.01402	0.01547	0.01008	0.00554	0.00496	0.00155	0.00543	0.04004	0.00425	0.00712
22	0.00953	0.00877	0.01434	0.77571	0.03192	0.01085	0.01304	0.05508	0.01027	0.01320	0.00866	0.01267	0.00647	0.00483	0.00478	0.00158	0.00631	0.00425	0.00227	0.00547
23	0.01046	0.01046	0.01464	0.01255	0.01255	0.01464	0.01046	0.01150	0.00732	0.01150	0.00627	0.01046	0.00627	0.00837	0.01569	0.00209	0.82328	0.00418	0.00209	0.00523
24	0.00667	0.00489	0.00626	0.00596	0.00713	0.00448	0.00449	0.00882	0.01321	0.01844	0.70870	0.03711	0.11973	0.01008	0.00566	0.00153	0.00232	0.02489	0.00516	0.00446
25	0.01046	0.01046	0.01464	0.01255	0.01255	0.01464	0.01046	0.01150	0.00732	0.01150	0.00627	0.01046	0.00627	0.00837	0.01569	0.00209	0.82328	0.00418	0.00209	0.00523
26	0.01278	0.83490	0.02505	0.00818	0.01227	0.01891	0.00818	0.01431	0.00971	0.01125	0.00664	0.00767	0.00613	0.00409	0.00307	0.00102	0.00511	0.00256	0.00204	0.00613
27	0.01249	0.01122	0.01110	0.00994	0.01266	0.06687	0.00773	0.04789	0.71688	0.01973	0.01839	0.01701	0.01382	0.00636	0.00482	0.00159	0.00416	0.00521	0.00470	0.00744
28	0.01615	0.00804	0.04549	0.00775	0.01105	0.00641	0.00658	0.01807	0.01272	0.51662	0.06735	0.02293	0.17801	0.00723	0.00495	0.00147	0.00373	0.00596	0.00522	0.05427
29	0.00968	0.02407	0.76412	0.01398	0.02092	0.01115	0.06014	0.01515	0.01016	0.01515	0.00864	0.01025	0.00612	0.00451	0.00460	0.00152	0.00712	0.00365	0.00204	0.00703
30	0.01713	0.02019	0.01342	0.01199	0.01449	0.65164	0.02127	0.01960	0.08778	0.05650	0.00917	0.01005	0.00730	0.00523	0.00480	0.00132	0.03589	0.00347	0.00287	0.00588
31	0.00903	0.00850	0.01434	0.82054	0.03292	0.01062	0.01327	0.01221	0.00956	0.01221	0.00850	0.01274	0.00637	0.00478	0.00478	0.00159	0.00637	0.00425	0.00212	0.00531
32	0.01556	0.01233	0.01410	0.01129	0.01400	0.01450	0.00931	0.51214	0.08967	0.02429	0.01084	0.01179	0.00824	0.00650	0.00766	0.00162	0.22039	0.00437	0.00408	0.00731
33	0.00959	0.02472	0.80726	0.01362	0.02069	0.01110	0.01766	0.01514	0.01009	0.01514	0.00858	0.01009	0.00605	0.00454	0.00454	0.00151	0.00706	0.00353	0.00202	0.00706
34	0.00695	0.00463	0.00521	0.00521	0.00521	0.00463	0.00290	0.00695	0.00695	0.00927	0.01506	0.03128	0.01738	0.83203	0.02433	0.00463	0.00463	0.00695	0.00290	0.00290
35	0.00582	0.00416	0.00555	0.00666	0.00693	0.00388	0.00444	0.00666	0.00915	0.01220	0.02634	0.82891	0.03161	0.01497	0.00610	0.00194	0.00277	0.01359	0.00444	0.00388
36	0.01711	0.02087	0.01345	0.01208	0.01451	0.68021	0.00917	0.05769	0.06716	0.01318	0.00837	0.00948	0.00684	0.00524	0.00491	0.00131	0.04655	0.00335	0.00273	0.00579
37	0.01110	0.01235	0.02520	0.01846	0.02223	0.01265	0.61347	0.01447	0.01040	0.01447	0.00892	0.01235	0.00704	0.00499	0.00786	0.00172	0.18847	0.00532	0.00235	0.00618
38	0.00683	0.00508	0.00745	0.00744	0.00824	0.00582	0.00570	0.00845	0.00790	0.01134	0.04857	0.02040	0.01382	0.08924	0.72248	0.00719	0.01177	0.00541	0.00271	0.00418
39	0.00667	0.00479	0.00615	0.00695	0.00747	0.00463	0.00476	0.06009	0.01006	0.01343	0.02532	0.77288	0.03000	0.01434	0.00601	0.00191	0.00294	0.01295	0.00446	0.00417

[dist]
# distance from previous block
# <min> <max>
1	5

[block]
# block no. 9 follows, 53 sequences, length 6
# corresponding to MSA columns:
# 1987-1992
name=unknown_J
#
