[name]
unknown

[dist]
# distance from previous block
# <min> <max>
0	1474

[block]
# block no. 0 follows, 51 sequences, length 14
# corresponding to MSA columns:
# 1581-1594
name=unknown_A
#
# <colnr> <probs for GDERKNQSTAVLIFYWHMCP>
#	G	D	E	R	K	N	Q	S	T	A	V	L	I	F	Y	W	H	M	C	P
0	0.03399	0.09763	0.10383	0.04127	0.01614	0.08191	0.11810	0.08340	0.06065	0.04104	0.01140	0.03198	0.00962	0.00561	0.00494	0.00141	0.02636	0.05609	0.00315	0.17146
1	0.01407	0.49808	0.09662	0.01139	0.06540	0.19210	0.01004	0.03792	0.01135	0.01290	0.00749	0.00873	0.00646	0.00450	0.00374	0.00119	0.00629	0.00301	0.00230	0.00642
2	0.01183	0.01133	0.01934	0.12167	0.70775	0.01159	0.01491	0.01479	0.01103	0.01565	0.00918	0.01227	0.00764	0.00444	0.00487	0.00148	0.00592	0.00438	0.00240	0.00751
3	0.01544	0.01528	0.01356	0.11640	0.01704	0.28537	0.02437	0.15715	0.24077	0.04623	0.01259	0.01307	0.00948	0.00568	0.00479	0.00149	0.00631	0.00436	0.00376	0.00686
4	0.01284	0.18240	0.07192	0.01290	0.09479	0.01371	0.06913	0.07039	0.36483	0.03568	0.01405	0.01412	0.01076	0.00552	0.00463	0.00149	0.00505	0.00462	0.00375	0.00740
5	0.00678	0.00512	0.00710	0.09000	0.01050	0.00510	0.00616	0.00828	0.01020	0.01340	0.06284	0.48415	0.08215	0.01347	0.00619	0.00197	0.00354	0.17440	0.00435	0.00430
6	0.09504	0.00563	0.00685	0.00711	0.00821	0.00558	0.02019	0.03046	0.02719	0.03827	0.06643	0.51321	0.05981	0.01224	0.00561	0.00182	0.00315	0.02848	0.06011	0.00460
7	0.01842	0.00803	0.01100	0.09103	0.01397	0.00747	0.00751	0.02103	0.04681	0.58235	0.08550	0.01823	0.01470	0.00632	0.00495	0.00152	0.00416	0.00524	0.04421	0.00754
8	0.00768	0.00512	0.00661	0.00648	0.00769	0.00467	0.00484	0.00957	0.01265	0.06849	0.48240	0.19115	0.11904	0.01124	0.00588	0.00167	0.00266	0.04232	0.00516	0.00470
9	0.00692	0.00451	0.00603	0.00695	0.00744	0.00418	0.00472	0.00784	0.00968	0.05846	0.02664	0.77702	0.03132	0.01485	0.00619	0.00197	0.00293	0.01344	0.00465	0.00425
10	0.01270	0.01218	0.02349	0.02084	0.20752	0.01178	0.45075	0.01735	0.09122	0.08391	0.01162	0.01381	0.00871	0.00462	0.00542	0.00160	0.00690	0.00536	0.00304	0.00717
11	0.00696	0.08921	0.00788	0.00654	0.00765	0.00584	0.00484	0.00826	0.01054	0.01386	0.18189	0.39300	0.16066	0.04140	0.03667	0.00207	0.00338	0.01061	0.00435	0.00436
12	0.00674	0.08897	0.00772	0.00682	0.00766	0.00561	0.00489	0.00775	0.00977	0.01275	0.05299	0.64775	0.09503	0.01382	0.00590	0.00186	0.00305	0.01233	0.00434	0.00426
13	0.01073	0.01084	0.04693	0.38161	0.39577	0.01145	0.01439	0.01385	0.01041	0.01431	0.00890	0.01246	0.00712	0.00479	0.00530	0.00157	0.03631	0.00434	0.00230	0.00663

[dist]
# distance from previous block
# <min> <max>
0	4

[block]
# block no. 1 follows, 51 sequences, length 21
# corresponding to MSA columns:
# 1599-1608,1618-1628
name=unknown_B
#
# <colnr> <probs for GDERKNQSTAVLIFYWHMCP>
#	G	D	E	R	K	N	Q	S	T	A	V	L	I	F	Y	W	H	M	C	P
0	0.01183	0.01146	0.01990	0.11179	0.67444	0.01164	0.05694	0.01485	0.01107	0.01567	0.00923	0.01232	0.00764	0.00442	0.00492	0.00149	0.00605	0.00446	0.00241	0.00748
1	0.00800	0.00681	0.00871	0.00850	0.00944	0.06108	0.00663	0.00968	0.00829	0.01147	0.01241	0.01811	0.01155	0.03310	0.70844	0.00712	0.05844	0.00507	0.00260	0.00453
2	0.01742	0.07730	0.01586	0.01328	0.03264	0.68426	0.06036	0.01894	0.01345	0.01233	0.00773	0.00916	0.00643	0.00493	0.00444	0.00128	0.00851	0.00333	0.00250	0.00585
3	0.00635	0.00461	0.00598	0.00677	0.00731	0.00422	0.00454	0.00724	0.00930	0.01257	0.02502	0.71273	0.02975	0.07208	0.00742	0.00211	0.00304	0.01274	0.00434	0.06188
4	0.01216	0.01187	0.01872	0.07098	0.66468	0.04864	0.01411	0.01497	0.01118	0.01567	0.00910	0.01193	0.00761	0.00439	0.00476	0.00141	0.00587	0.00422	0.00246	0.06526
5	0.42666	0.01295	0.11959	0.01010	0.01411	0.02564	0.08761	0.14375	0.02445	0.07937	0.00941	0.01032	0.00685	0.00491	0.00406	0.00153	0.00512	0.00364	0.00341	0.00650
6	0.01222	0.01056	0.01111	0.01000	0.01278	0.01222	0.00778	0.02611	0.78776	0.02056	0.02000	0.01833	0.01500	0.00667	0.00500	0.00167	0.00389	0.00556	0.00500	0.00778
7	0.01032	0.02386	0.73497	0.01347	0.02034	0.01096	0.01714	0.01572	0.01068	0.05254	0.03870	0.01166	0.00801	0.00494	0.00472	0.00155	0.00693	0.00389	0.00239	0.00722
8	0.01054	0.16878	0.60904	0.01269	0.01903	0.02748	0.01565	0.01546	0.02652	0.01480	0.00919	0.03308	0.00717	0.00494	0.00444	0.00148	0.00674	0.00378	0.00222	0.00698
9	0.00717	0.00577	0.00817	0.00806	0.00919	0.00550	0.07163	0.03359	0.04690	0.01402	0.04085	0.56733	0.13633	0.01320	0.00605	0.00188	0.00339	0.01197	0.00443	0.00457
10	0.00629	0.00441	0.00561	0.00645	0.00666	0.00420	0.00414	0.00692	0.00881	0.01175	0.02401	0.61437	0.02863	0.23040	0.01124	0.00273	0.00336	0.01216	0.00414	0.00372
11	0.01080	0.00961	0.01581	0.25770	0.43777	0.01025	0.01269	0.01372	0.01064	0.01540	0.01024	0.01348	0.00823	0.00476	0.00464	0.00146	0.00545	0.00441	0.14637	0.00656
12	0.01199	0.01198	0.02033	0.09466	0.57130	0.03758	0.11753	0.01497	0.01107	0.01542	0.00913	0.01223	0.00753	0.00458	0.00543	0.00152	0.03854	0.00453	0.00241	0.00727
13	0.00986	0.02542	0.80183	0.01401	0.02127	0.01141	0.01816	0.01556	0.01038	0.01556	0.00882	0.01038	0.00623	0.00467	0.00467	0.00156	0.00726	0.00363	0.00208	0.00726
14	0.02044	0.00821	0.01092	0.00852	0.01212	0.00721	0.00699	0.02280	0.04609	0.70970	0.02165	0.01904	0.06983	0.00657	0.00501	0.00154	0.00404	0.00537	0.00593	0.00803
15	0.03279	0.02147	0.01476	0.01447	0.09536	0.67186	0.02617	0.04117	0.01376	0.01325	0.00792	0.00936	0.00654	0.00499	0.00449	0.00130	0.00835	0.00337	0.00260	0.00600
16	0.00612	0.00451	0.00573	0.00644	0.00709	0.00412	0.00444	0.00728	0.01044	0.01384	0.15742	0.57016	0.15630	0.01404	0.00612	0.00187	0.00271	0.01256	0.00470	0.00412
17	0.06206	0.05796	0.01340	0.03317	0.05757	0.05649	0.02922	0.16657	0.39301	0.02074	0.01567	0.03793	0.02216	0.00625	0.00479	0.00156	0.00478	0.00509	0.00427	0.00730
18	0.03271	0.51472	0.09779	0.00960	0.01372	0.08803	0.02526	0.03628	0.03142	0.04448	0.00902	0.04312	0.00793	0.00497	0.00378	0.00122	0.00560	0.00354	0.00260	0.02422
19	0.06117	0.07642	0.03135	0.00827	0.03657	0.02384	0.01826	0.07936	0.04489	0.06027	0.18213	0.11400	0.22624	0.00919	0.00522	0.00157	0.00367	0.00773	0.00436	0.00551
20	0.09004	0.04466	0.13777	0.00929	0.01330	0.01024	0.00864	0.16126	0.08973	0.07463	0.10086	0.01523	0.02817	0.00571	0.00449	0.00135	0.00453	0.00451	0.00388	0.19171

[dist]
# distance from previous block
# <min> <max>
3	9

[block]
# block no. 2 follows, 51 sequences, length 10
# corresponding to MSA columns:
# 1638-1647
name=unknown_C
#
# <colnr> <probs for GDERKNQSTAVLIFYWHMCP>
#	G	D	E	R	K	N	Q	S	T	A	V	L	I	F	Y	W	H	M	C	P
0	0.01216	0.48057	0.22611	0.01063	0.01500	0.04643	0.01130	0.01473	0.00991	0.01266	0.00733	0.00895	0.00631	0.00495	0.00533	0.00134	0.11464	0.00313	0.00212	0.00641
1	0.01529	0.12135	0.01574	0.01262	0.10617	0.01399	0.00940	0.37573	0.08096	0.05915	0.01401	0.01441	0.06169	0.00622	0.00564	0.00150	0.06993	0.00469	0.00406	0.00745
2	0.01263	0.30335	0.42593	0.01135	0.01709	0.01365	0.01330	0.01639	0.01073	0.11907	0.00954	0.01036	0.00705	0.00470	0.00418	0.00138	0.00615	0.00346	0.00262	0.00708
3	0.00826	0.00615	0.00732	0.00668	0.00826	0.00593	0.00509	0.11183	0.01440	0.01965	0.51159	0.07601	0.17955	0.01021	0.00571	0.00158	0.00279	0.00883	0.00514	0.00501
4	0.05987	0.12505	0.01625	0.01166	0.01509	0.24725	0.07272	0.24287	0.12742	0.01959	0.01068	0.01128	0.00822	0.00532	0.00453	0.00140	0.00634	0.00400	0.00355	0.00692
5	0.01726	0.05692	0.01610	0.01202	0.01577	0.12079	0.07308	0.51632	0.08043	0.02536	0.01147	0.01184	0.00843	0.00561	0.00484	0.00146	0.00598	0.00437	0.00426	0.00771
6	0.00795	0.00520	0.00673	0.00648	0.00776	0.00474	0.00487	0.00992	0.01292	0.08017	0.52446	0.15137	0.10968	0.01086	0.00583	0.00165	0.00264	0.03675	0.00523	0.00479
7	0.00599	0.00428	0.00570	0.00684	0.00713	0.00399	0.00456	0.00684	0.00941	0.01254	0.02709	0.82409	0.03250	0.01540	0.00627	0.00200	0.00285	0.01397	0.00456	0.00399
8	0.08640	0.01269	0.01477	0.02741	0.01562	0.07607	0.11139	0.31524	0.15048	0.09704	0.01330	0.03525	0.00996	0.00588	0.00489	0.00154	0.00551	0.00487	0.00431	0.00739
9	0.12210	0.00924	0.01084	0.00866	0.01212	0.00911	0.00708	0.13175	0.09150	0.45244	0.01923	0.01754	0.07350	0.00644	0.00478	0.00154	0.00415	0.00508	0.00531	0.00760

[dist]
# distance from previous block
# <min> <max>
0	40

[block]
# block no. 3 follows, 51 sequences, length 99
# corresponding to MSA columns:
# 1691-1787,1790,1791
name=unknown_D
#
# <colnr> <probs for GDERKNQSTAVLIFYWHMCP>
#	G	D	E	R	K	N	Q	S	T	A	V	L	I	F	Y	W	H	M	C	P
0	0.12703	0.03649	0.00874	0.00776	0.00930	0.00777	0.00611	0.03477	0.03843	0.01392	0.01224	0.01738	0.01119	0.06673	0.54629	0.00594	0.01026	0.00481	0.00286	0.03200
1	0.15625	0.10025	0.04920	0.02285	0.52219	0.01242	0.03873	0.01498	0.01056	0.01656	0.00858	0.01096	0.00714	0.00439	0.00440	0.00144	0.00557	0.00392	0.00249	0.00715
2	0.01725	0.10143	0.01548	0.01067	0.01462	0.01498	0.00894	0.61623	0.05010	0.02745	0.01137	0.01152	0.00832	0.00559	0.00464	0.00139	0.00521	0.00417	0.00448	0.06616
3	0.09635	0.06801	0.53069	0.01297	0.01898	0.05824	0.05239	0.07803	0.01146	0.01704	0.00874	0.01016	0.00638	0.00473	0.00448	0.00151	0.00679	0.00362	0.00245	0.00698
4	0.62672	0.01069	0.00821	0.00730	0.01002	0.09123	0.00577	0.06654	0.00980	0.02029	0.00819	0.01094	0.00699	0.09351	0.00568	0.00184	0.00453	0.00332	0.00311	0.00531
5	0.01355	0.76738	0.02483	0.00874	0.01281	0.08085	0.00849	0.01510	0.01029	0.01160	0.00689	0.00796	0.00631	0.00427	0.00325	0.00107	0.00554	0.00267	0.00214	0.00626
6	0.01147	0.00869	0.01032	0.00744	0.01174	0.00662	0.00597	0.01362	0.01061	0.10064	0.00988	0.01090	0.00781	0.00390	0.00378	0.00081	0.00370	0.00313	0.00325	0.76570
7	0.01473	0.11775	0.28023	0.01301	0.03185	0.08350	0.12013	0.05538	0.01236	0.20744	0.01136	0.01199	0.00800	0.00497	0.00470	0.00147	0.00643	0.00414	0.00330	0.00725
8	0.00833	0.00715	0.01124	0.01070	0.06610	0.00678	0.14137	0.03624	0.03280	0.02639	0.08437	0.31592	0.17904	0.04205	0.00658	0.00187	0.00411	0.00980	0.00410	0.00508
9	0.00729	0.00551	0.00813	0.00802	0.00887	0.00653	0.00627	0.00903	0.00797	0.01169	0.01294	0.01884	0.01201	0.03425	0.73734	0.00735	0.05308	0.00519	0.03525	0.00444
10	0.01016	0.11098	0.70719	0.01329	0.02014	0.01217	0.01692	0.01538	0.01039	0.01520	0.02030	0.01050	0.00683	0.00470	0.00452	0.00150	0.00697	0.00360	0.00213	0.00712
11	0.03973	0.09520	0.10232	0.01593	0.19043	0.09014	0.09391	0.08529	0.05537	0.10758	0.02306	0.01413	0.00958	0.00598	0.02122	0.00162	0.00615	0.03200	0.00331	0.00706
12	0.03770	0.00886	0.01124	0.00875	0.01228	0.00828	0.00719	0.14061	0.01517	0.58174	0.06144	0.01698	0.01337	0.00623	0.00487	0.00150	0.00417	0.00502	0.04670	0.00791
13	0.00703	0.00524	0.00776	0.00776	0.00859	0.00607	0.00597	0.00869	0.00786	0.01130	0.01329	0.02001	0.01259	0.08041	0.76469	0.00773	0.01270	0.00537	0.00265	0.00431
14	0.11008	0.01048	0.09574	0.03517	0.01324	0.00934	0.03833	0.14619	0.07512	0.08055	0.04405	0.04248	0.13330	0.00822	0.00523	0.00170	0.00461	0.13580	0.00420	0.00618
15	0.01142	0.37929	0.42114	0.01134	0.01704	0.01499	0.01335	0.01571	0.04831	0.01405	0.00849	0.00967	0.00669	0.00456	0.00402	0.00134	0.00621	0.00328	0.00223	0.00687
16	0.00605	0.00430	0.00568	0.00676	0.00703	0.00404	0.00447	0.00686	0.00928	0.01237	0.02641	0.77829	0.03166	0.06235	0.00736	0.00216	0.00296	0.01358	0.00447	0.00393
17	0.01127	0.01037	0.01708	0.29710	0.45324	0.01119	0.01369	0.05144	0.01124	0.01560	0.00978	0.02786	0.00803	0.00489	0.00486	0.00152	0.00588	0.00456	0.03358	0.00683
18	0.01356	0.01378	0.01744	0.17642	0.37940	0.17462	0.03816	0.09813	0.01278	0.01615	0.00911	0.01167	0.00730	0.00478	0.00482	0.00146	0.00663	0.00418	0.00267	0.00693
19	0.00715	0.00476	0.00536	0.00536	0.00536	0.00476	0.00298	0.00715	0.00715	0.00953	0.01548	0.03216	0.01787	0.82729	0.02501	0.00476	0.00476	0.00715	0.00298	0.00298
20	0.00682	0.00502	0.00638	0.00604	0.00726	0.00458	0.00453	0.00900	0.01358	0.01893	0.70362	0.03799	0.13728	0.01034	0.00580	0.00156	0.00234	0.00907	0.00531	0.00458
21	0.01085	0.21748	0.60309	0.01258	0.01905	0.01326	0.01564	0.01550	0.01034	0.02778	0.00852	0.00989	0.00634	0.00458	0.00431	0.00143	0.00673	0.00341	0.00215	0.00705
22	0.34025	0.10393	0.21438	0.00988	0.01417	0.08287	0.00989	0.10275	0.04943	0.01931	0.00862	0.00960	0.00657	0.00485	0.00390	0.00146	0.00548	0.00329	0.00296	0.00642
23	0.01956	0.01236	0.01388	0.01064	0.01454	0.01315	0.00879	0.58286	0.02075	0.23170	0.01378	0.01308	0.00935	0.00595	0.00492	0.00149	0.00509	0.00456	0.00522	0.00836
24	0.00599	0.00428	0.00570	0.00684	0.00713	0.00399	0.00456	0.00684	0.00941	0.01254	0.02709	0.82409	0.03250	0.01540	0.00627	0.00200	0.00285	0.01397	0.00456	0.00399
25	0.01314	0.83025	0.02575	0.00841	0.01261	0.01945	0.00841	0.01472	0.00999	0.01156	0.00683	0.00788	0.00631	0.00420	0.00315	0.00105	0.00526	0.00263	0.00210	0.00631
26	0.00644	0.00516	0.00546	0.00536	0.00702	0.00443	0.00407	0.00803	0.02356	0.03127	0.13192	0.04517	0.66464	0.01197	0.00580	0.00166	0.00257	0.02642	0.00470	0.00436
27	0.00702	0.00525	0.00784	0.00784	0.00870	0.00611	0.00607	0.00874	0.00788	0.01137	0.01321	0.01959	0.01241	0.05406	0.79078	0.00783	0.01298	0.00531	0.00264	0.00436
28	0.01207	0.01158	0.01977	0.05669	0.77088	0.01165	0.01503	0.01500	0.01114	0.01594	0.00923	0.01219	0.00774	0.00440	0.00487	0.00147	0.00586	0.00438	0.00242	0.00771
29	0.01039	0.01023	0.01437	0.01242	0.01251	0.01420	0.01031	0.01153	0.00756	0.01179	0.00709	0.01157	0.00701	0.01131	0.09198	0.00270	0.74116	0.00439	0.00220	0.00528
30	0.00986	0.02542	0.80183	0.01401	0.02127	0.01141	0.01816	0.01556	0.01038	0.01556	0.00882	0.01038	0.00623	0.00467	0.00467	0.00156	0.00726	0.00363	0.00208	0.00726
31	0.00599	0.00428	0.00570	0.00684	0.00713	0.00399	0.00456	0.00684	0.00941	0.01254	0.02709	0.82409	0.03250	0.01540	0.00627	0.00200	0.00285	0.01397	0.00456	0.00399
32	0.51206	0.00983	0.00911	0.00771	0.01056	0.01109	0.00620	0.17101	0.01162	0.07602	0.00963	0.01204	0.00779	0.09285	0.00633	0.00188	0.03105	0.00371	0.00360	0.00591
33	0.00897	0.00684	0.00839	0.00882	0.01031	0.00729	0.00722	0.01442	0.23565	0.01629	0.02393	0.14364	0.02422	0.01143	0.00604	0.00200	0.00401	0.40879	0.04634	0.00540
34	0.00714	0.00519	0.00589	0.00561	0.00722	0.00449	0.00424	0.00879	0.01229	0.06097	0.30148	0.04192	0.49457	0.01126	0.00575	0.00161	0.00253	0.00955	0.00494	0.00456
35	0.00605	0.00432	0.00578	0.00692	0.00723	0.00405	0.00467	0.00695	0.00947	0.01262	0.02705	0.79881	0.03236	0.01534	0.00629	0.00200	0.00291	0.03862	0.00456	0.00401
36	0.00702	0.00527	0.00790	0.00790	0.00878	0.00614	0.00614	0.00878	0.00790	0.01141	0.01316	0.01931	0.01229	0.03686	0.80782	0.00790	0.01316	0.00527	0.00263	0.00439
37	0.01019	0.00873	0.01019	0.00728	0.01165	0.00655	0.00582	0.01237	0.01019	0.01601	0.00873	0.01019	0.00728	0.00364	0.00364	0.00073	0.00364	0.00291	0.00291	0.85734
38	0.00660	0.00501	0.00608	0.00581	0.00712	0.00449	0.00436	0.00858	0.01307	0.01771	0.56305	0.03999	0.27861	0.01079	0.00580	0.00158	0.00237	0.00935	0.00515	0.00449
39	0.00643	0.00449	0.00566	0.00632	0.00659	0.00429	0.00407	0.00713	0.00906	0.01217	0.08500	0.51227	0.02902	0.26986	0.01212	0.00283	0.00341	0.01142	0.00413	0.00373
40	0.00696	0.00502	0.00657	0.00618	0.00734	0.00464	0.00464	0.00927	0.01391	0.01971	0.79405	0.03671	0.04637	0.01005	0.00580	0.00155	0.00232	0.00889	0.00541	0.00464
41	0.01099	0.01145	0.01892	0.01507	0.01645	0.01432	0.22387	0.01291	0.00866	0.01291	0.00742	0.01145	0.00673	0.00736	0.01326	0.00201	0.59353	0.00472	0.00224	0.00572
42	0.00739	0.00554	0.00715	0.00793	0.00923	0.00533	0.00676	0.00953	0.02202	0.01439	0.03253	0.05266	0.24075	0.01317	0.00649	0.00209	0.00395	0.54408	0.00454	0.00447
43	0.00702	0.00527	0.00790	0.00790	0.00878	0.00614	0.00614	0.00878	0.00790	0.01141	0.01316	0.01931	0.01229	0.03686	0.80782	0.00790	0.01316	0.00527	0.00263	0.00439
44	0.00630	0.00451	0.00553	0.00619	0.00658	0.00423	0.00402	0.00699	0.00906	0.01189	0.03708	0.49869	0.12177	0.24025	0.01141	0.00272	0.00333	0.01157	0.00413	0.00374
45	0.01066	0.06106	0.54682	0.01822	0.23600	0.01188	0.01683	0.01539	0.01058	0.01550	0.00884	0.01075	0.00666	0.00457	0.00465	0.00150	0.00677	0.00379	0.00218	0.00736
46	0.00607	0.00439	0.00577	0.00685	0.00725	0.00408	0.00468	0.00702	0.00961	0.01270	0.02834	0.74065	0.07637	0.01513	0.00627	0.00199	0.00291	0.05132	0.00456	0.00403
47	0.00679	0.00492	0.00641	0.00623	0.00729	0.00454	0.00460	0.00889	0.01324	0.01857	0.67033	0.14008	0.06804	0.01082	0.00586	0.00161	0.00239	0.00960	0.00527	0.00454
48	0.01060	0.00711	0.00953	0.00860	0.01029	0.03221	0.03076	0.06923	0.01030	0.12362	0.01385	0.01811	0.01178	0.04480	0.52766	0.00572	0.01031	0.00512	0.04505	0.00533
49	0.12847	0.02011	0.01265	0.01138	0.01402	0.61695	0.00865	0.06230	0.01359	0.01450	0.00985	0.01084	0.04581	0.00542	0.00435	0.00133	0.00768	0.00353	0.00284	0.00572
50	0.40448	0.01412	0.01095	0.06605	0.02913	0.25973	0.00784	0.07935	0.01180	0.06387	0.00839	0.00952	0.00642	0.00494	0.00391	0.00144	0.00577	0.00325	0.00314	0.00592
51	0.01022	0.01006	0.01518	0.01274	0.01337	0.01317	0.09267	0.01163	0.00798	0.01206	0.00811	0.01328	0.00790	0.06260	0.10003	0.00287	0.59383	0.00474	0.00229	0.00525
52	0.01395	0.01786	0.36253	0.01413	0.10177	0.01202	0.01349	0.22562	0.05860	0.10380	0.01144	0.01209	0.00812	0.00522	0.00479	0.00151	0.00603	0.00417	0.00349	0.01934
53	0.02198	0.06430	0.40840	0.01525	0.13641	0.02654	0.04488	0.02934	0.01941	0.10477	0.03089	0.02487	0.00878	0.00525	0.00518	0.00154	0.03796	0.00426	0.00283	0.00717
54	0.01177	0.01649	0.26274	0.03627	0.16624	0.01200	0.27965	0.09163	0.01220	0.01721	0.00958	0.01190	0.00720	0.00452	0.00509	0.00154	0.00701	0.00459	0.00260	0.03978
55	0.03803	0.00838	0.01132	0.00870	0.01249	0.00730	0.00719	0.02377	0.01396	0.78524	0.01915	0.01656	0.01203	0.00605	0.00491	0.00152	0.00417	0.00490	0.00602	0.00831
56	0.00937	0.00863	0.01345	0.24777	0.29634	0.00910	0.01086	0.01231	0.04107	0.01452	0.04571	0.06153	0.19479	0.00724	0.00521	0.00159	0.00492	0.00645	0.00316	0.00597
57	0.02529	0.06131	0.14003	0.08066	0.22887	0.03315	0.23346	0.02795	0.01152	0.09538	0.01019	0.01234	0.00765	0.00460	0.00498	0.00152	0.00665	0.00457	0.00278	0.00708
58	0.00662	0.00457	0.00567	0.00629	0.00649	0.00443	0.00402	0.00716	0.00848	0.01129	0.02175	0.42180	0.02561	0.38465	0.01483	0.00327	0.00381	0.05184	0.00384	0.00356
59	0.00702	0.00521	0.00673	0.00736	0.00849	0.00492	0.00597	0.00887	0.01146	0.01493	0.16158	0.15954	0.19949	0.01299	0.00633	0.00197	0.00347	0.36458	0.00469	0.00439
60	0.01132	0.09209	0.51106	0.01557	0.13247	0.04412	0.01565	0.04151	0.02304	0.02386	0.00895	0.01061	0.00674	0.00484	0.00502	0.00151	0.03841	0.00373	0.00233	0.00718
61	0.01173	0.01123	0.01916	0.14868	0.68152	0.01156	0.01487	0.01470	0.01098	0.01553	0.00917	0.01230	0.00760	0.00446	0.00487	0.00149	0.00595	0.00438	0.00239	0.00743
62	0.00736	0.00534	0.00684	0.00669	0.00697	0.00592	0.00453	0.00799	0.00741	0.01029	0.01412	0.02657	0.01529	0.51786	0.27462	0.00558	0.06386	0.00635	0.00281	0.00359
63	0.56510	0.01003	0.01005	0.04768	0.11041	0.01130	0.00740	0.11195	0.01073	0.02158	0.00875	0.04115	0.00721	0.00516	0.00373	0.00153	0.00434	0.00364	0.01228	0.00597
64	0.17320	0.01041	0.03163	0.02471	0.09944	0.02464	0.01715	0.10911	0.02970	0.05706	0.01039	0.01267	0.00837	0.00487	0.00412	0.00124	0.00447	0.03313	0.01873	0.32495
65	0.05523	0.43639	0.18884	0.01041	0.01490	0.15852	0.01059	0.04960	0.01128	0.01388	0.00762	0.00877	0.00634	0.00455	0.00378	0.00124	0.00627	0.00302	0.00234	0.00644
66	0.00875	0.00867	0.01677	0.01344	0.01588	0.00830	0.36088	0.01113	0.01036	0.01400	0.01866	0.41051	0.02875	0.00992	0.00643	0.00184	0.03713	0.00979	0.00351	0.00526
67	0.01103	0.30714	0.52035	0.01213	0.01829	0.01424	0.02427	0.01527	0.01025	0.01416	0.00814	0.00954	0.00627	0.00450	0.00415	0.00138	0.00657	0.00331	0.00209	0.00692
68	0.10218	0.07378	0.21436	0.01015	0.01351	0.02335	0.01006	0.05993	0.01000	0.01547	0.01011	0.01287	0.02010	0.01265	0.18837	0.00296	0.12169	0.00404	0.02736	0.06707
69	0.00726	0.00553	0.00816	0.00805	0.00883	0.00654	0.00624	0.00883	0.00782	0.01130	0.01278	0.01921	0.01209	0.06370	0.71874	0.02597	0.05676	0.00526	0.00261	0.00434
70	0.00709	0.00532	0.00787	0.00784	0.00865	0.00621	0.00604	0.00873	0.00785	0.01131	0.01318	0.01987	0.01250	0.07942	0.75273	0.00764	0.02542	0.00535	0.00264	0.00433
71	0.01048	0.01218	0.06576	0.15345	0.04129	0.01126	0.49146	0.01416	0.01110	0.01485	0.01389	0.01667	0.09219	0.00529	0.00578	0.00165	0.02384	0.00587	0.00263	0.00620
72	0.03077	0.26234	0.34834	0.01144	0.01658	0.09546	0.01255	0.05350	0.02361	0.07330	0.00912	0.01010	0.00693	0.00484	0.00442	0.00138	0.02236	0.00344	0.00263	0.00688
73	0.10460	0.70197	0.06202	0.00847	0.01270	0.01814	0.00856	0.01473	0.00983	0.01289	0.00693	0.00802	0.00620	0.00427	0.00322	0.00113	0.00520	0.00268	0.00220	0.00625
74	0.00598	0.00438	0.00563	0.00660	0.00707	0.00402	0.00446	0.00691	0.00971	0.01276	0.04313	0.71464	0.12678	0.01494	0.00621	0.00195	0.00280	0.01344	0.00458	0.00402
75	0.01130	0.01066	0.01918	0.13851	0.33089	0.01080	0.21249	0.01463	0.03932	0.04067	0.01082	0.01523	0.00909	0.09386	0.01970	0.00200	0.00645	0.00512	0.00269	0.00659
76	0.01346	0.01467	0.01630	0.26116	0.29414	0.27139	0.01270	0.03248	0.01193	0.01401	0.00861	0.01136	0.00695	0.00480	0.00474	0.00145	0.00703	0.00398	0.00244	0.00641
77	0.00598	0.00430	0.00568	0.00678	0.00711	0.00400	0.00453	0.00685	0.00947	0.01257	0.02783	0.79854	0.05757	0.01530	0.00626	0.00198	0.00284	0.01385	0.00456	0.00400
78	0.03346	0.01005	0.02603	0.00944	0.01238	0.01016	0.00762	0.36576	0.01673	0.19776	0.01758	0.23819	0.01581	0.00852	0.00525	0.00163	0.00442	0.00714	0.00499	0.00706
79	0.01058	0.01030	0.01164	0.02827	0.01289	0.14989	0.07795	0.04249	0.03967	0.01440	0.01936	0.14849	0.05658	0.01063	0.02134	0.00199	0.08354	0.25110	0.00371	0.00519
80	0.00654	0.00493	0.00605	0.00593	0.00713	0.00444	0.00439	0.00841	0.01269	0.01720	0.51040	0.12455	0.24682	0.01127	0.00585	0.00162	0.00242	0.00984	0.00509	0.00444
81	0.01297	0.01083	0.01142	0.01004	0.01293	0.01243	0.00788	0.12152	0.67286	0.02183	0.01887	0.01750	0.01410	0.00655	0.00495	0.00163	0.00405	0.00539	0.02447	0.00778
82	0.01221	0.01182	0.01957	0.04965	0.75072	0.02734	0.01483	0.01526	0.02210	0.01595	0.00935	0.01221	0.00783	0.00444	0.00486	0.00146	0.00589	0.00437	0.00246	0.00768
83	0.01003	0.00940	0.01542	0.55113	0.20348	0.01062	0.01313	0.01311	0.01017	0.01372	0.00885	0.01258	0.00691	0.00466	0.00476	0.00150	0.00608	0.00421	0.00232	0.09793
84	0.01259	0.28339	0.40155	0.01171	0.01733	0.03096	0.01334	0.14503	0.01248	0.01681	0.00866	0.00978	0.00662	0.00474	0.00422	0.00137	0.00633	0.00343	0.00257	0.00711
85	0.01111	0.09819	0.21118	0.01581	0.01996	0.01358	0.31697	0.01457	0.01008	0.01425	0.00844	0.01136	0.00678	0.00544	0.00796	0.00170	0.21936	0.00456	0.00226	0.00642
86	0.00727	0.00523	0.00715	0.00822	0.00914	0.00511	0.00676	0.00908	0.01077	0.01403	0.02752	0.27106	0.06824	0.01403	0.00659	0.00216	0.00395	0.51478	0.00454	0.00436
87	0.01475	0.05359	0.14745	0.04464	0.13085	0.07992	0.01068	0.11969	0.01330	0.20862	0.01444	0.10079	0.02659	0.00647	0.00491	0.00152	0.00549	0.00536	0.00385	0.00709
88	0.49395	0.07051	0.11795	0.00931	0.02894	0.14677	0.00829	0.01596	0.04013	0.01856	0.00780	0.00894	0.00611	0.00472	0.00362	0.00145	0.00528	0.00302	0.00282	0.00586
89	0.01836	0.02342	0.01393	0.01266	0.01519	0.80756	0.00950	0.01962	0.01393	0.01203	0.00760	0.00886	0.00633	0.00506	0.00443	0.00127	0.00886	0.00317	0.00253	0.00570
90	0.01176	0.34488	0.45422	0.01152	0.01740	0.01440	0.01374	0.01564	0.01040	0.05243	0.00855	0.00969	0.00655	0.00455	0.00408	0.00135	0.00631	0.00330	0.00228	0.00694
91	0.00645	0.00462	0.00578	0.00650	0.00701	0.00437	0.00437	0.00748	0.03374	0.01233	0.02768	0.55399	0.13753	0.09545	0.00891	0.06068	0.00312	0.01185	0.00425	0.00391
92	0.01044	0.00808	0.00901	0.00816	0.01038	0.00866	0.00631	0.02891	0.39539	0.06541	0.21434	0.02719	0.14357	0.00931	0.03094	0.00182	0.00362	0.00706	0.00502	0.00638
93	0.01255	0.50256	0.07835	0.00904	0.01292	0.01591	0.00871	0.07732	0.11896	0.01554	0.09417	0.01294	0.01199	0.00535	0.00395	0.00126	0.00491	0.00393	0.00308	0.00657
94	0.01502	0.01095	0.01156	0.00996	0.01302	0.05037	0.00785	0.07691	0.53575	0.18385	0.01870	0.01709	0.01353	0.00641	0.00495	0.00160	0.00430	0.00523	0.00510	0.00784
95	0.00735	0.00504	0.00619	0.00651	0.00687	0.00508	0.00450	0.00807	0.00834	0.01106	0.01829	0.03799	0.02048	0.56275	0.05833	0.00422	0.00511	0.21695	0.00339	0.00348
96	0.01147	0.04459	0.20781	0.07205	0.49108	0.01188	0.01508	0.01565	0.05421	0.01581	0.00962	0.01198	0.00768	0.00460	0.00477	0.00149	0.00609	0.00420	0.00246	0.00746
97	0.01610	0.01216	0.01388	0.01135	0.03226	0.01330	0.03298	0.56878	0.07443	0.02713	0.05871	0.04160	0.01279	0.00717	0.01498	0.00163	0.00519	0.04315	0.00476	0.00766
98	0.01656	0.24578	0.01708	0.01119	0.01429	0.48270	0.00905	0.08111	0.04375	0.01389	0.01785	0.00954	0.00732	0.00502	0.00416	0.00124	0.00730	0.00328	0.00274	0.00615

[dist]
# distance from previous block
# <min> <max>
0	5

[block]
# block no. 4 follows, 51 sequences, length 19
# corresponding to MSA columns:
# 1797-1815
name=unknown_E
#
# <colnr> <probs for GDERKNQSTAVLIFYWHMCP>
#	G	D	E	R	K	N	Q	S	T	A	V	L	I	F	Y	W	H	M	C	P
0	0.01363	0.01878	0.22469	0.01751	0.13647	0.22775	0.20861	0.03505	0.01222	0.04532	0.00931	0.01125	0.00708	0.00468	0.00494	0.00149	0.00758	0.00424	0.00258	0.00682
1	0.00851	0.00664	0.00932	0.01209	0.22014	0.00664	0.00626	0.00930	0.00824	0.01130	0.01379	0.02673	0.01513	0.60392	0.01954	0.00387	0.00506	0.00640	0.00283	0.00428
2	0.00975	0.01034	0.00798	0.00752	0.00942	0.22279	0.00566	0.01191	0.06056	0.01414	0.12371	0.03382	0.44447	0.00980	0.00538	0.00154	0.00429	0.00794	0.00414	0.00485
3	0.00589	0.00479	0.00523	0.00552	0.00679	0.00412	0.00399	0.00707	0.01080	0.01329	0.06788	0.25780	0.56338	0.01317	0.00593	0.00175	0.00258	0.01130	0.00459	0.00412
4	0.01183	0.01010	0.01474	0.59720	0.02880	0.01209	0.01248	0.22094	0.01343	0.01755	0.00957	0.01275	0.00704	0.00518	0.00491	0.00159	0.00624	0.00438	0.00293	0.00625
5	0.00739	0.00545	0.00751	0.00816	0.00929	0.00558	0.00684	0.00938	0.01043	0.01374	0.04224	0.04419	0.12111	0.01968	0.22407	0.00370	0.00656	0.44619	0.00404	0.00444
6	0.01718	0.23539	0.01773	0.01052	0.01453	0.01638	0.00909	0.57245	0.01954	0.02570	0.01045	0.01074	0.00780	0.00544	0.00444	0.00136	0.00537	0.00394	0.00415	0.00780
7	0.01174	0.01272	0.01452	0.59756	0.02878	0.22716	0.01252	0.01447	0.01094	0.01241	0.00843	0.01195	0.00649	0.00495	0.00478	0.00154	0.00718	0.00404	0.00228	0.00552
8	0.01148	0.60632	0.02091	0.00827	0.01157	0.01583	0.00779	0.01310	0.00942	0.01152	0.00855	0.01098	0.00793	0.01307	0.22157	0.00291	0.00740	0.00334	0.00225	0.00579
9	0.01354	0.01066	0.01144	0.01001	0.01297	0.01209	0.00787	0.08975	0.66266	0.08230	0.01926	0.01766	0.01422	0.00656	0.00499	0.00164	0.00404	0.00541	0.00508	0.00787
10	0.00665	0.00545	0.00689	0.00721	0.00785	0.00569	0.00525	0.00765	0.00964	0.01265	0.03054	0.47805	0.24851	0.01353	0.00762	0.00192	0.12496	0.01148	0.00420	0.00424
11	0.01853	0.01600	0.01423	0.01150	0.01501	0.22980	0.00922	0.50958	0.04705	0.06379	0.01132	0.01148	0.00823	0.00571	0.00479	0.00143	0.00623	0.00415	0.00433	0.00762
12	0.00633	0.00509	0.00569	0.00606	0.00726	0.00465	0.00434	0.00830	0.06477	0.01350	0.03886	0.34785	0.44329	0.01319	0.00593	0.00179	0.00273	0.01144	0.00459	0.00434
13	0.00644	0.00463	0.00623	0.00687	0.00730	0.00469	0.00474	0.00742	0.00870	0.01180	0.02206	0.47018	0.04128	0.14284	0.22664	0.00401	0.00593	0.01051	0.00380	0.00395
14	0.01216	0.01168	0.01995	0.03016	0.79664	0.01168	0.01508	0.01508	0.01119	0.01605	0.00924	0.01216	0.00778	0.00438	0.00487	0.00146	0.00584	0.00438	0.00243	0.00778
15	0.00891	0.00790	0.01289	0.59658	0.02742	0.00949	0.01209	0.01191	0.01023	0.01314	0.01343	0.02459	0.01245	0.00726	0.00542	0.00181	0.00600	0.21044	0.00282	0.00521
16	0.00961	0.00908	0.01287	0.01137	0.01164	0.01233	0.00934	0.01089	0.00764	0.01170	0.00850	0.01336	0.00823	0.01723	0.25789	0.00391	0.57243	0.00460	0.00230	0.00507
17	0.00690	0.00450	0.00539	0.00605	0.00678	0.00423	0.00425	0.00826	0.01002	0.01441	0.04244	0.47315	0.12045	0.01225	0.00545	0.00172	0.00269	0.03157	0.23531	0.00420
18	0.01194	0.01253	0.02355	0.02204	0.25780	0.03384	0.41224	0.01519	0.01108	0.02887	0.00974	0.02675	0.00793	0.00497	0.00664	0.00165	0.09866	0.00526	0.00253	0.00680

[dist]
# distance from previous block
# <min> <max>
0	1

[block]
# block no. 5 follows, 51 sequences, length 64
# corresponding to MSA columns:
# 1817-1821,1823-1881
name=unknown_F
#
# <colnr> <probs for GDERKNQSTAVLIFYWHMCP>
#	G	D	E	R	K	N	Q	S	T	A	V	L	I	F	Y	W	H	M	C	P
0	0.01084	0.26655	0.56932	0.01233	0.01868	0.01382	0.01524	0.01531	0.01026	0.01436	0.00822	0.00963	0.00625	0.00453	0.00421	0.00140	0.00666	0.00333	0.00208	0.00698
1	0.01142	0.01092	0.01861	0.23191	0.60067	0.01148	0.01471	0.01443	0.01084	0.01516	0.00911	0.01240	0.00747	0.00452	0.00488	0.00151	0.00602	0.00438	0.00237	0.00719
2	0.01218	0.01186	0.01947	0.07497	0.72911	0.03556	0.01483	0.01507	0.01119	0.01573	0.00916	0.01212	0.00767	0.00443	0.00485	0.00146	0.00597	0.00434	0.00242	0.00759
3	0.01325	0.01129	0.01989	0.01521	0.01791	0.01251	0.31500	0.01570	0.01040	0.16435	0.01031	0.01289	0.00794	0.00635	0.00988	0.00183	0.34078	0.00502	0.00304	0.00645
4	0.01636	0.01596	0.17012	0.01163	0.01602	0.04936	0.01082	0.50019	0.08214	0.04908	0.01197	0.01215	0.00856	0.00568	0.00483	0.00149	0.00573	0.00432	0.01564	0.00792
5	0.00668	0.00496	0.00623	0.00611	0.00728	0.00452	0.00457	0.00865	0.01288	0.01764	0.55435	0.11478	0.18639	0.01113	0.00588	0.00163	0.00247	0.03424	0.00514	0.00448
6	0.00626	0.00470	0.00581	0.00624	0.00715	0.00426	0.00446	0.00765	0.01114	0.01472	0.23830	0.38541	0.23715	0.01313	0.00604	0.00179	0.00266	0.03411	0.00479	0.00422
7	0.00986	0.00572	0.00792	0.00792	0.00921	0.00533	0.02665	0.03293	0.01095	0.16937	0.02456	0.55094	0.02673	0.01281	0.00600	0.00190	0.00348	0.07779	0.00481	0.00510
8	0.01713	0.21315	0.01671	0.01166	0.01459	0.62223	0.00924	0.01847	0.01300	0.01192	0.00742	0.00863	0.00632	0.00486	0.00413	0.00122	0.00801	0.00304	0.00243	0.00584
9	0.00584	0.00498	0.00502	0.00501	0.00666	0.00416	0.00376	0.00712	0.01128	0.01346	0.07111	0.04699	0.77320	0.01238	0.00581	0.00166	0.00248	0.01033	0.00459	0.00416
10	0.00637	0.00500	0.00576	0.00557	0.00698	0.00439	0.00418	0.00814	0.01253	0.01643	0.41500	0.04210	0.42746	0.01127	0.00580	0.00160	0.00241	0.00964	0.00498	0.00439
11	0.01407	0.01379	0.02339	0.01730	0.02162	0.12304	0.51819	0.04046	0.01260	0.12268	0.01146	0.01439	0.00862	0.00488	0.00549	0.00160	0.00760	0.02897	0.00312	0.00672
12	0.01031	0.02270	0.64692	0.01721	0.17489	0.01147	0.01755	0.01547	0.01054	0.01566	0.00890	0.01073	0.00653	0.00461	0.00471	0.00154	0.00698	0.00378	0.00215	0.00737
13	0.01029	0.01013	0.01359	0.01190	0.01217	0.04264	0.00979	0.01151	0.00784	0.01175	0.00782	0.01238	0.00760	0.01407	0.17254	0.00326	0.62881	0.00445	0.00226	0.00519
14	0.00603	0.00431	0.00575	0.00689	0.00720	0.00403	0.00464	0.00692	0.00945	0.01259	0.02706	0.80704	0.03241	0.01536	0.00628	0.00200	0.00289	0.03059	0.00456	0.00400
15	0.00801	0.00642	0.00916	0.00870	0.00947	0.00784	0.00683	0.03332	0.00827	0.01198	0.01213	0.01837	0.01150	0.07558	0.60665	0.00656	0.14679	0.00518	0.00264	0.00460
16	0.00707	0.00473	0.00538	0.00545	0.00547	0.00472	0.00308	0.00713	0.00729	0.00972	0.01620	0.08119	0.01877	0.77703	0.02385	0.00459	0.00465	0.00757	0.00308	0.00304
17	0.01314	0.83025	0.02575	0.00841	0.01261	0.01945	0.00841	0.01472	0.00999	0.01156	0.00683	0.00788	0.00631	0.00420	0.00315	0.00105	0.00526	0.00263	0.00210	0.00631
18	0.00847	0.00641	0.00819	0.00882	0.01016	0.00669	0.00730	0.01284	0.16497	0.01575	0.05342	0.15513	0.02691	0.01233	0.00632	0.00208	0.00408	0.48037	0.00466	0.00510
19	0.00702	0.00527	0.00790	0.00790	0.00878	0.00614	0.00614	0.00878	0.00790	0.01141	0.01316	0.01931	0.01229	0.03686	0.80782	0.00790	0.01316	0.00527	0.00263	0.00439
20	0.00986	0.02542	0.80183	0.01401	0.02127	0.01141	0.01816	0.01556	0.01038	0.01556	0.00882	0.01038	0.00623	0.00467	0.00467	0.00156	0.00726	0.00363	0.00208	0.00726
21	0.86201	0.00950	0.00722	0.00646	0.00950	0.01102	0.00532	0.01445	0.00836	0.02205	0.00684	0.00798	0.00532	0.00456	0.00304	0.00152	0.00380	0.00266	0.00304	0.00532
22	0.00840	0.00600	0.00747	0.00700	0.00852	0.00588	0.00541	0.01228	0.12227	0.05401	0.56548	0.03504	0.06679	0.00975	0.00572	0.00162	0.00279	0.06508	0.00528	0.00522
23	0.02183	0.00871	0.01162	0.00891	0.01272	0.00774	0.00736	0.07308	0.01465	0.75008	0.01889	0.01641	0.01192	0.00607	0.00494	0.00152	0.00426	0.00491	0.00601	0.00836
24	0.00928	0.00873	0.01474	0.81548	0.03385	0.01092	0.01365	0.01256	0.00983	0.01256	0.00873	0.01310	0.00655	0.00491	0.00491	0.00164	0.00655	0.00437	0.00218	0.00546
25	0.01774	0.01993	0.01379	0.01208	0.01493	0.55041	0.00927	0.18185	0.10239	0.01700	0.00988	0.01054	0.00773	0.00542	0.00460	0.00136	0.00757	0.00370	0.00331	0.00649
26	0.01209	0.01161	0.01982	0.04892	0.77842	0.01166	0.01505	0.01502	0.01116	0.01597	0.00923	0.01219	0.00775	0.00439	0.00487	0.00146	0.00586	0.00438	0.00243	0.00773
27	0.01341	0.01146	0.04304	0.01503	0.04913	0.01067	0.35195	0.11057	0.05376	0.14680	0.05044	0.04183	0.06597	0.00602	0.00545	0.00161	0.00607	0.00606	0.00383	0.00691
28	0.01156	0.01314	0.02838	0.02036	0.02511	0.01254	0.74454	0.01557	0.01142	0.01557	0.00979	0.01314	0.00741	0.00434	0.00626	0.00168	0.04440	0.00573	0.00247	0.00657
29	0.00694	0.00484	0.00484	0.00484	0.00633	0.00429	0.00363	0.00854	0.01090	0.01498	0.03837	0.03749	0.53009	0.01017	0.00501	0.00149	0.00242	0.00841	0.29211	0.00429
30	0.01309	0.54361	0.11844	0.01013	0.02784	0.07460	0.03766	0.01532	0.01081	0.04795	0.05329	0.01059	0.00894	0.00475	0.00379	0.00121	0.00567	0.00340	0.00252	0.00641
31	0.02061	0.00901	0.01163	0.00899	0.01265	0.00832	0.00740	0.14134	0.01547	0.63237	0.06525	0.01717	0.01365	0.00629	0.00499	0.00151	0.00426	0.00510	0.00586	0.00814
32	0.01147	0.00960	0.01031	0.00923	0.01177	0.01081	0.00718	0.06831	0.58063	0.02070	0.14367	0.02227	0.05774	0.00744	0.00516	0.00164	0.00366	0.00625	0.00504	0.00714
33	0.01928	0.01128	0.01304	0.01011	0.01385	0.01171	0.00831	0.42833	0.06150	0.32358	0.03723	0.01474	0.01125	0.00613	0.00496	0.00150	0.00477	0.00481	0.00538	0.00822
34	0.86201	0.00950	0.00722	0.00646	0.00950	0.01102	0.00532	0.01445	0.00836	0.02205	0.00684	0.00798	0.00532	0.00456	0.00304	0.00152	0.00380	0.00266	0.00304	0.00532
35	0.10963	0.01015	0.01200	0.00929	0.01306	0.01010	0.00768	0.25658	0.01626	0.48037	0.01572	0.01428	0.01027	0.00587	0.00473	0.00151	0.00452	0.00454	0.00540	0.00804
36	0.00739	0.00560	0.00732	0.00772	0.00868	0.00568	0.00610	0.00955	0.03841	0.01512	0.19779	0.21074	0.10159	0.03552	0.00736	0.00203	0.05044	0.27386	0.00457	0.00452
37	0.07710	0.00616	0.00665	0.00637	0.00806	0.00608	0.00482	0.01124	0.12923	0.01711	0.27912	0.08620	0.32315	0.01035	0.00549	0.00163	0.00278	0.00877	0.00478	0.00494
38	0.86201	0.00950	0.00722	0.00646	0.00950	0.01102	0.00532	0.01445	0.00836	0.02205	0.00684	0.00798	0.00532	0.00456	0.00304	0.00152	0.00380	0.00266	0.00304	0.00532
39	0.00986	0.02542	0.80183	0.01401	0.02127	0.01141	0.01816	0.01556	0.01038	0.01556	0.00882	0.01038	0.00623	0.00467	0.00467	0.00156	0.00726	0.00363	0.00208	0.00726
40	0.05296	0.00871	0.01144	0.00881	0.01259	0.00782	0.00727	0.06690	0.01437	0.72719	0.01849	0.01612	0.01169	0.00602	0.00487	0.00152	0.00424	0.00483	0.00590	0.00825
41	0.01211	0.01067	0.01410	0.13292	0.21968	0.01192	0.01065	0.07334	0.39717	0.01878	0.01516	0.01656	0.01180	0.00596	0.00500	0.00161	0.00491	0.02640	0.00390	0.00739
42	0.00928	0.00873	0.01474	0.81548	0.03385	0.01092	0.01365	0.01256	0.00983	0.01256	0.00873	0.01310	0.00655	0.00491	0.00491	0.00164	0.00655	0.00437	0.00218	0.00546
43	0.03950	0.01276	0.02688	0.01937	0.02410	0.01207	0.69697	0.01603	0.03241	0.03742	0.01070	0.02883	0.00820	0.00449	0.00567	0.00166	0.00780	0.00582	0.00271	0.00661
44	0.01305	0.80859	0.04664	0.00856	0.01285	0.01923	0.00867	0.01474	0.01000	0.01167	0.00689	0.00795	0.00630	0.00422	0.00319	0.00106	0.00531	0.00265	0.00210	0.00633
45	0.01836	0.02342	0.01393	0.01266	0.01519	0.80756	0.00950	0.01962	0.01393	0.01203	0.00760	0.00886	0.00633	0.00506	0.00443	0.00127	0.00886	0.00317	0.00253	0.00570
46	0.01216	0.01168	0.01995	0.03016	0.79664	0.01168	0.01508	0.01508	0.01119	0.01605	0.00924	0.01216	0.00778	0.00438	0.00487	0.00146	0.00584	0.00438	0.00243	0.00778
47	0.01436	0.00802	0.00967	0.00819	0.01094	0.00781	0.00658	0.08954	0.14185	0.30834	0.12624	0.02695	0.16017	0.00827	0.00533	0.00161	0.00372	0.05029	0.00534	0.00679
48	0.01132	0.01082	0.01842	0.25988	0.57351	0.01145	0.01466	0.01434	0.01079	0.01503	0.00909	0.01244	0.00742	0.00453	0.00488	0.00151	0.00605	0.00438	0.00236	0.00710
49	0.00694	0.00504	0.00655	0.00623	0.00741	0.00465	0.00471	0.00921	0.01370	0.01925	0.73406	0.03783	0.07910	0.01028	0.00583	0.00158	0.00240	0.03529	0.00534	0.00461
50	0.00699	0.00521	0.00770	0.00774	0.00856	0.00600	0.00594	0.00863	0.00791	0.01136	0.01376	0.04800	0.01326	0.07379	0.74253	0.00754	0.01240	0.00566	0.00272	0.00431
51	0.00702	0.00527	0.00790	0.00790	0.00878	0.00614	0.00614	0.00878	0.00790	0.01141	0.01316	0.01931	0.01229	0.03686	0.80782	0.00790	0.01316	0.00527	0.00263	0.00439
52	0.86201	0.00950	0.00722	0.00646	0.00950	0.01102	0.00532	0.01445	0.00836	0.02205	0.00684	0.00798	0.00532	0.00456	0.00304	0.00152	0.00380	0.00266	0.00304	0.00532
53	0.00633	0.00458	0.00606	0.00712	0.00766	0.00431	0.00512	0.00747	0.00988	0.01299	0.02842	0.63009	0.08327	0.01486	0.00634	0.00202	0.00313	0.15168	0.00456	0.00410
54	0.00712	0.00548	0.00691	0.00696	0.00834	0.00468	0.00490	0.00833	0.00962	0.01348	0.02215	0.60521	0.02572	0.01223	0.00556	0.00165	0.00306	0.01100	0.00412	0.23348
55	0.01188	0.01139	0.01944	0.10720	0.72181	0.01160	0.01494	0.01483	0.01106	0.01571	0.00919	0.01225	0.00766	0.00443	0.00487	0.00148	0.00591	0.00438	0.00241	0.00756
56	0.01088	0.02399	0.73553	0.01357	0.02054	0.01106	0.01724	0.01627	0.01068	0.08136	0.00971	0.01091	0.00672	0.00479	0.00469	0.00155	0.00700	0.00374	0.00241	0.00736
57	0.00959	0.00804	0.00949	0.00712	0.01082	0.00630	0.00563	0.01206	0.02797	0.01684	0.16457	0.01562	0.01519	0.00498	0.00410	0.00091	0.00338	0.00415	0.00345	0.66978
58	0.01303	0.80366	0.05139	0.00859	0.01290	0.01918	0.00873	0.01474	0.01000	0.01169	0.00690	0.00797	0.00630	0.00422	0.00320	0.00107	0.00532	0.00266	0.00210	0.00634
59	0.00650	0.00494	0.00584	0.00595	0.00696	0.00465	0.00428	0.00771	0.01015	0.01312	0.13197	0.11330	0.33185	0.18050	0.11158	0.00313	0.00441	0.04506	0.00411	0.00401
60	0.01165	0.01302	0.02794	0.02002	0.02485	0.01227	0.73461	0.03641	0.01198	0.01628	0.03347	0.01392	0.00865	0.00437	0.00578	0.00165	0.00803	0.00585	0.00264	0.00662
61	0.01238	0.01009	0.01059	0.00925	0.01155	0.08686	0.03728	0.15878	0.20042	0.03319	0.01613	0.04142	0.02806	0.04402	0.09649	0.00235	0.00559	0.02809	0.16125	0.00620
62	0.00904	0.00580	0.00744	0.00743	0.00881	0.00550	0.00563	0.03296	0.04637	0.10441	0.19359	0.34227	0.05898	0.01182	0.00590	0.00180	0.00325	0.11502	0.00490	0.02909
63	0.01368	0.00908	0.02103	0.00868	0.01205	0.00848	0.02044	0.04360	0.23029	0.22545	0.09275	0.01854	0.04966	0.00624	0.00476	0.00137	0.00386	0.00521	0.00470	0.22012

[dist]
# distance from previous block
# <min> <max>
6	15

[block]
# block no. 6 follows, 51 sequences, length 37
# corresponding to MSA columns:
# 1897-1922,1931-1941
name=unknown_G
#
# <colnr> <probs for GDERKNQSTAVLIFYWHMCP>
#	G	D	E	R	K	N	Q	S	T	A	V	L	I	F	Y	W	H	M	C	P
0	0.26175	0.02294	0.07029	0.03713	0.01362	0.00945	0.04681	0.02840	0.04607	0.25771	0.01203	0.01217	0.00846	0.00498	0.00417	0.00140	0.00452	0.00385	0.00392	0.15033
1	0.08361	0.27395	0.27926	0.01075	0.01568	0.02528	0.04573	0.01632	0.04352	0.09999	0.01926	0.02334	0.00816	0.00493	0.00415	0.00138	0.00570	0.00375	0.00285	0.03240
2	0.17323	0.16700	0.11032	0.01049	0.04128	0.05175	0.00934	0.21194	0.01400	0.15102	0.01056	0.01088	0.00767	0.00512	0.00419	0.00141	0.00528	0.00369	0.00369	0.00713
3	0.35675	0.04214	0.19875	0.00897	0.01342	0.01072	0.00898	0.07223	0.02091	0.04167	0.00860	0.00967	0.00652	0.00456	0.00378	0.00135	0.00478	0.00318	0.00300	0.18001
4	0.04245	0.56983	0.05652	0.00897	0.01293	0.01707	0.00859	0.01746	0.19547	0.01425	0.01006	0.01049	0.00834	0.00483	0.00366	0.00124	0.00497	0.00337	0.00283	0.00667
5	0.01049	0.01000	0.01645	0.06049	0.54563	0.00987	0.03901	0.01307	0.01114	0.01522	0.01891	0.02062	0.19541	0.00632	0.00512	0.00152	0.00516	0.00586	0.00293	0.00677
6	0.01011	0.01271	0.19902	0.00888	0.01394	0.00771	0.00877	0.01313	0.01023	0.01591	0.00875	0.01023	0.00703	0.00388	0.00388	0.00093	0.00450	0.00308	0.00271	0.65456
