[name]
unknown

[dist]
# distance from previous block
# <min> <max>
0	152

[block]
# block no. 0 follows, 57 sequences, length 25
# corresponding to MSA columns:
# 163-187
name=unknown_A
#
# <colnr> <probs for GDERKNQSTAVLIFYWHMCP>
#	G	D	E	R	K	N	Q	S	T	A	V	L	I	F	Y	W	H	M	C	P
0	0.03679	0.00915	0.04284	0.00869	0.01144	0.02776	0.00740	0.18097	0.09169	0.21717	0.01635	0.02284	0.01379	0.03014	0.00531	0.00161	0.00428	0.19302	0.03654	0.04221
1	0.14815	0.01166	0.05600	0.00989	0.04228	0.08357	0.00800	0.20433	0.18184	0.16674	0.01284	0.01326	0.00943	0.00544	0.00428	0.00142	0.00463	0.02546	0.00404	0.00677
2	0.40373	0.04329	0.02304	0.02324	0.16298	0.03512	0.04550	0.03318	0.00950	0.08374	0.00880	0.03560	0.00715	0.01517	0.00390	0.00138	0.00438	0.00355	0.00291	0.05384
3	0.08352	0.01216	0.01379	0.09174	0.33971	0.19905	0.01030	0.04285	0.01083	0.01428	0.03501	0.03286	0.03848	0.02819	0.00514	0.00145	0.02792	0.00427	0.00259	0.00588
4	0.00598	0.00454	0.00571	0.03182	0.00751	0.00434	0.00447	0.02848	0.00932	0.01209	0.02826	0.52570	0.22137	0.02826	0.05788	0.00213	0.00335	0.01092	0.00401	0.00388
5	0.01960	0.00776	0.01043	0.00805	0.01145	0.00683	0.00663	0.05043	0.01327	0.75104	0.05258	0.01607	0.01248	0.00576	0.00459	0.00140	0.00382	0.00470	0.00554	0.00756
6	0.00553	0.00402	0.00522	0.00615	0.00654	0.00371	0.00414	0.00639	0.00893	0.01180	0.04742	0.74809	0.09770	0.01383	0.00574	0.00180	0.00259	0.01247	0.00423	0.00371
7	0.00555	0.00408	0.00515	0.00597	0.00644	0.00374	0.00403	0.00640	0.00896	0.01172	0.04496	0.66194	0.15725	0.04311	0.00632	0.00187	0.00263	0.01201	0.00417	0.00368
8	0.01723	0.01269	0.01360	0.01043	0.01405	0.01405	0.00861	0.79738	0.02131	0.02856	0.01088	0.01088	0.00771	0.00544	0.00453	0.00136	0.00499	0.00408	0.00453	0.00771
9	0.00682	0.00506	0.00641	0.00599	0.00719	0.00486	0.00452	0.00984	0.07866	0.01824	0.74425	0.03244	0.04035	0.00900	0.00528	0.00143	0.00226	0.00794	0.00496	0.00452
10	0.01645	0.01196	0.01296	0.01005	0.01337	0.01321	0.00822	0.73154	0.02002	0.02684	0.01063	0.01112	0.00772	0.00630	0.00563	0.07346	0.00490	0.00407	0.00432	0.00723
11	0.01309	0.67734	0.02154	0.00855	0.01211	0.18058	0.00796	0.01448	0.00994	0.01075	0.00644	0.00745	0.00582	0.00404	0.00315	0.00101	0.00552	0.00252	0.00202	0.00570
12	0.01122	0.01077	0.01839	0.02781	0.81248	0.01077	0.01391	0.01391	0.01032	0.01480	0.00852	0.01122	0.00718	0.00404	0.00449	0.00135	0.00538	0.00404	0.00224	0.00718
13	0.01239	0.07963	0.01201	0.04277	0.02822	0.04690	0.00771	0.07413	0.55859	0.06360	0.01578	0.01493	0.01181	0.00571	0.00443	0.00145	0.00413	0.00464	0.00419	0.00696
14	0.53913	0.09540	0.01015	0.00779	0.01057	0.24649	0.00631	0.01473	0.00935	0.01669	0.00651	0.00759	0.00527	0.00431	0.00319	0.00129	0.00499	0.00259	0.00258	0.00510
15	0.00554	0.00401	0.00524	0.00618	0.00655	0.00371	0.00416	0.00640	0.00892	0.01183	0.05253	0.76088	0.07960	0.01386	0.00574	0.00181	0.00259	0.01252	0.00423	0.00371
16	0.00618	0.00515	0.02275	0.07459	0.00902	0.00476	0.00512	0.00799	0.03817	0.01322	0.16873	0.41598	0.18852	0.01146	0.00544	0.00166	0.00287	0.01015	0.00413	0.00412
17	0.03288	0.11859	0.15683	0.00876	0.01293	0.03611	0.04837	0.03371	0.01021	0.07603	0.01180	0.01255	0.07360	0.00459	0.00387	0.00107	0.00452	0.00366	0.00282	0.34708
18	0.00590	0.00410	0.00514	0.00582	0.00599	0.00394	0.00368	0.00641	0.00793	0.01057	0.02113	0.54745	0.02512	0.31115	0.01199	0.00276	0.00326	0.01062	0.00368	0.00334
19	0.23596	0.00811	0.00962	0.00759	0.01092	0.00774	0.00627	0.03976	0.01185	0.59417	0.01477	0.01327	0.00953	0.00525	0.00411	0.00140	0.00380	0.00401	0.00487	0.00700
20	0.01128	0.01100	0.03255	0.02371	0.59171	0.01089	0.09126	0.04916	0.08695	0.01571	0.00995	0.02768	0.00822	0.00448	0.00461	0.00139	0.00539	0.00443	0.00261	0.00702
21	0.06611	0.02673	0.01429	0.08896	0.26997	0.08057	0.06014	0.12314	0.03120	0.03230	0.00972	0.01276	0.00807	0.07421	0.00620	0.00162	0.03294	0.00416	0.05086	0.00606
22	0.00552	0.00394	0.00526	0.00631	0.00657	0.00368	0.00421	0.00631	0.00868	0.01157	0.02498	0.83779	0.02997	0.01420	0.00578	0.00184	0.00263	0.01288	0.00421	0.00368
23	0.01272	0.01203	0.02960	0.01361	0.10447	0.11356	0.09969	0.15841	0.01185	0.05834	0.04853	0.01187	0.00870	0.00598	0.00794	0.00156	0.27451	0.00426	0.01634	0.00602
24	0.09259	0.15088	0.36800	0.03168	0.06828	0.04910	0.01196	0.06903	0.01067	0.09495	0.00880	0.00977	0.00646	0.00444	0.00399	0.00133	0.00566	0.00333	0.00259	0.00648

[dist]
# distance from previous block
# <min> <max>
0	1

[block]
# block no. 1 follows, 57 sequences, length 16
# corresponding to MSA columns:
# 189-204
name=unknown_B
#
# <colnr> <probs for GDERKNQSTAVLIFYWHMCP>
#	G	D	E	R	K	N	Q	S	T	A	V	L	I	F	Y	W	H	M	C	P
0	0.00642	0.00436	0.00529	0.00574	0.00654	0.00395	0.00399	0.00739	0.00933	0.05146	0.04823	0.47744	0.23703	0.06529	0.00659	0.00185	0.00268	0.01069	0.04183	0.00390
1	0.83533	0.04507	0.00740	0.00604	0.00889	0.01050	0.00503	0.01333	0.00778	0.01991	0.00631	0.00736	0.00495	0.00419	0.00281	0.00138	0.00356	0.00245	0.00277	0.00495
2	0.00881	0.00489	0.00623	0.00615	0.00695	0.00463	0.00418	0.00951	0.00862	0.16167	0.01882	0.30988	0.02022	0.35114	0.04014	0.00299	0.00393	0.02335	0.00381	0.00408
3	0.05166	0.02787	0.04970	0.05009	0.30711	0.04526	0.06724	0.03386	0.24711	0.01614	0.02291	0.01395	0.03692	0.00507	0.00449	0.00142	0.00496	0.00452	0.00311	0.00663
4	0.00549	0.00407	0.00513	0.00599	0.00649	0.00371	0.00406	0.00635	0.00899	0.01169	0.02891	0.68841	0.17681	0.01368	0.00570	0.00178	0.00257	0.01226	0.00421	0.00371
5	0.00656	0.00451	0.00541	0.00526	0.00636	0.00416	0.00392	0.00846	0.01156	0.01656	0.48680	0.07188	0.17206	0.00915	0.00496	0.00139	0.00218	0.00792	0.16675	0.00416
6	0.16136	0.00882	0.01046	0.00816	0.01157	0.00863	0.00674	0.16646	0.01366	0.53546	0.01464	0.01323	0.00951	0.00534	0.00426	0.00139	0.00401	0.00412	0.00494	0.00724
7	0.01611	0.01214	0.01297	0.01020	0.01363	0.01353	0.00834	0.65192	0.16858	0.02675	0.01230	0.01201	0.00886	0.00557	0.00455	0.00139	0.00472	0.00428	0.00455	0.00761
8	0.68063	0.03731	0.00855	0.16099	0.01308	0.01041	0.00645	0.01300	0.00802	0.01835	0.00664	0.00825	0.00515	0.00426	0.00313	0.00141	0.00403	0.00275	0.00263	0.00496
9	0.87276	0.00876	0.00666	0.00596	0.00876	0.01017	0.00491	0.01332	0.00771	0.02033	0.00631	0.00736	0.00491	0.00421	0.00280	0.00140	0.00351	0.00245	0.00280	0.00491
10	0.01153	0.00986	0.01039	0.00927	0.01188	0.01139	0.00723	0.05714	0.77082	0.01937	0.01812	0.01665	0.01357	0.00612	0.00461	0.00153	0.00365	0.00508	0.00461	0.00720
11	0.01836	0.00881	0.01372	0.01025	0.01397	0.00793	0.15523	0.05902	0.01295	0.62599	0.01589	0.01460	0.01023	0.00526	0.00470	0.00142	0.00462	0.00468	0.00493	0.00741
12	0.01153	0.01313	0.16630	0.01760	0.31968	0.02297	0.05393	0.08115	0.20213	0.03604	0.02330	0.01270	0.00915	0.00482	0.00454	0.00142	0.00524	0.00430	0.00306	0.00701
13	0.01501	0.00848	0.03410	0.00849	0.01131	0.00808	0.01958	0.17094	0.04395	0.36991	0.01561	0.02861	0.03013	0.05216	0.15941	0.00266	0.00574	0.00486	0.00440	0.00655
14	0.00552	0.00408	0.00517	0.00598	0.00650	0.00373	0.00407	0.00642	0.00912	0.01193	0.05702	0.66709	0.16974	0.01353	0.00569	0.00177	0.00255	0.01212	0.00423	0.00373
15	0.01108	0.00837	0.01385	0.57638	0.10031	0.00953	0.03474	0.01386	0.00996	0.16320	0.00998	0.01263	0.00715	0.00467	0.00456	0.00147	0.00562	0.00417	0.00272	0.00577

[dist]
# distance from previous block
# <min> <max>
0	1

[block]
# block no. 2 follows, 57 sequences, length 70
# corresponding to MSA columns:
# 206-275
name=unknown_C
#
# <colnr> <probs for GDERKNQSTAVLIFYWHMCP>
#	G	D	E	R	K	N	Q	S	T	A	V	L	I	F	Y	W	H	M	C	P
0	0.04637	0.40825	0.10654	0.00948	0.01318	0.18343	0.02068	0.04389	0.08390	0.03395	0.00828	0.00902	0.00674	0.00441	0.00360	0.00116	0.00560	0.00304	0.00249	0.00601
1	0.01699	0.00753	0.02285	0.00795	0.01089	0.00665	0.00650	0.01935	0.05900	0.60690	0.06258	0.10897	0.01507	0.00683	0.00491	0.00147	0.01767	0.00570	0.00524	0.00697
2	0.60977	0.01065	0.00910	0.00885	0.07465	0.08744	0.00648	0.11722	0.01020	0.02010	0.00716	0.00821	0.00555	0.00440	0.00329	0.00137	0.00429	0.00284	0.00294	0.00549
3	0.00561	0.00411	0.00531	0.00608	0.00658	0.00381	0.00416	0.00659	0.00922	0.01223	0.09957	0.64658	0.12296	0.01398	0.02867	0.00192	0.00281	0.01183	0.00423	0.00376
4	0.01110	0.00978	0.05637	0.01026	0.09359	0.01992	0.04120	0.08119	0.04910	0.07848	0.01163	0.03065	0.04198	0.00459	0.00401	0.00105	0.00413	0.00388	0.00315	0.44395
5	0.00643	0.00462	0.00595	0.00562	0.00670	0.00426	0.00421	0.00853	0.01264	0.01792	0.75965	0.03374	0.07047	0.00924	0.00528	0.00142	0.00214	0.00814	0.02877	0.00426
6	0.01012	0.03074	0.02834	0.16961	0.33668	0.01021	0.12601	0.03112	0.07714	0.01439	0.01204	0.06542	0.03580	0.00542	0.00475	0.00147	0.00537	0.02652	0.00269	0.00618
7	0.09122	0.67649	0.08185	0.00786	0.01176	0.01620	0.00802	0.01351	0.00911	0.01204	0.00672	0.00777	0.00592	0.00399	0.00301	0.00105	0.00477	0.00256	0.03043	0.00575
8	0.00638	0.00463	0.00601	0.00567	0.00675	0.00426	0.00425	0.00849	0.01275	0.01799	0.78670	0.03415	0.06627	0.00933	0.00534	0.00143	0.00214	0.00824	0.00496	0.00426
9	0.01674	0.01327	0.08753	0.01046	0.01436	0.01310	0.00920	0.65981	0.01952	0.09352	0.01121	0.01114	0.00782	0.00535	0.00451	0.00137	0.00505	0.00405	0.00438	0.00761
10	0.01123	0.44393	0.28559	0.01041	0.01507	0.03842	0.05802	0.01426	0.02294	0.02610	0.00749	0.00874	0.00609	0.00423	0.00397	0.00121	0.03103	0.00305	0.00207	0.00614
11	0.00547	0.00450	0.00476	0.00488	0.00617	0.00385	0.00356	0.00659	0.01012	0.01235	0.08185	0.14532	0.64372	0.03898	0.00599	0.00166	0.00240	0.00982	0.00420	0.00379
12	0.01253	0.01036	0.01095	0.00948	0.01226	0.01186	0.00748	0.18728	0.63905	0.02098	0.01685	0.01563	0.01254	0.00600	0.00459	0.00150	0.00388	0.00490	0.00459	0.00728
13	0.75664	0.00923	0.00817	0.01846	0.06114	0.02232	0.02212	0.03099	0.00834	0.01979	0.00665	0.00786	0.00518	0.00423	0.00304	0.00140	0.00385	0.00268	0.00278	0.00515
14	0.01803	0.00707	0.00960	0.00758	0.01052	0.00620	0.00612	0.01943	0.01204	0.67030	0.03904	0.01614	0.01192	0.02394	0.00612	0.08147	0.00376	0.00463	0.03923	0.00684
15	0.00945	0.00809	0.00965	0.00750	0.04235	0.00619	0.00566	0.01149	0.00943	0.01481	0.00820	0.00961	0.00682	0.00342	0.00340	0.00071	0.00341	0.00277	0.01917	0.81786
16	0.00924	0.02240	0.74429	0.01349	0.01999	0.01061	0.08868	0.01437	0.00967	0.01437	0.00823	0.00981	0.00584	0.00426	0.00440	0.00144	0.00678	0.00353	0.00195	0.00664
17	0.00664	0.00492	0.00642	0.00721	0.00829	0.00471	0.00603	0.00835	0.01021	0.01302	0.02940	0.13599	0.21613	0.01245	0.00599	0.00192	0.00355	0.51055	0.00418	0.00403
18	0.00552	0.00394	0.00526	0.00631	0.00657	0.00368	0.00421	0.00631	0.00868	0.01157	0.02498	0.83779	0.02997	0.01420	0.00578	0.00184	0.00263	0.01288	0.00421	0.00368
19	0.81842	0.00943	0.00707	0.00630	0.00910	0.04786	0.00515	0.02701	0.00818	0.02004	0.00642	0.00746	0.00500	0.00425	0.00289	0.00139	0.00375	0.00250	0.00281	0.00497
20	0.87276	0.00876	0.00666	0.00596	0.00876	0.01017	0.00491	0.01332	0.00771	0.02033	0.00631	0.00736	0.00491	0.00421	0.00280	0.00140	0.00351	0.00245	0.00280	0.00491
21	0.00856	0.00805	0.01359	0.82986	0.03121	0.01007	0.01258	0.01158	0.00906	0.01158	0.00805	0.01208	0.00604	0.00453	0.00453	0.00151	0.00604	0.00403	0.00201	0.00503
22	0.00641	0.00463	0.00606	0.00570	0.00677	0.00428	0.00428	0.00855	0.01283	0.01817	0.81009	0.03385	0.04276	0.00926	0.00534	0.00143	0.00214	0.00819	0.00499	0.00428
23	0.01122	0.01077	0.01839	0.02781	0.81248	0.01077	0.01391	0.01391	0.01032	0.01480	0.00852	0.01122	0.00718	0.00404	0.00449	0.00135	0.00538	0.00404	0.00224	0.00718
24	0.01155	0.00987	0.01040	0.00928	0.01189	0.01140	0.00724	0.05995	0.76798	0.01940	0.01809	0.01663	0.01355	0.00611	0.00461	0.00153	0.00365	0.00507	0.00461	0.00720
25	0.00552	0.00394	0.00526	0.00631	0.00657	0.00368	0.00421	0.00631	0.00868	0.01157	0.02498	0.83779	0.02997	0.01420	0.00578	0.00184	0.00263	0.01288	0.00421	0.00368
26	0.01012	0.08686	0.01479	0.01151	0.01187	0.01425	0.00971	0.01115	0.00715	0.01088	0.00598	0.00967	0.00594	0.00756	0.01377	0.00189	0.75606	0.00382	0.00198	0.00504
27	0.08910	0.00812	0.00914	0.00664	0.01056	0.00642	0.00533	0.01159	0.00924	0.01528	0.00789	0.00921	0.00655	0.00343	0.00330	0.00074	0.00337	0.00266	0.00270	0.78873
28	0.01931	0.00803	0.01124	0.00991	0.08551	0.00713	0.00734	0.02137	0.02819	0.72612	0.01702	0.01506	0.01090	0.00547	0.00455	0.00140	0.00399	0.00452	0.00528	0.00765
29	0.00615	0.00462	0.00570	0.00543	0.00661	0.00417	0.00407	0.00805	0.01221	0.01672	0.62299	0.03624	0.23077	0.00981	0.00535	0.00145	0.00218	0.00853	0.00480	0.00417
30	0.00948	0.00919	0.01270	0.01098	0.01098	0.01263	0.00897	0.01034	0.00689	0.01063	0.00705	0.01252	0.00734	0.11776	0.01595	0.00230	0.72325	0.00431	0.00208	0.00467
31	0.33551	0.00810	0.00909	0.00728	0.01053	0.00796	0.00601	0.01884	0.01103	0.52157	0.01360	0.01244	0.00888	0.00509	0.00391	0.00140	0.00373	0.00378	0.00457	0.00667
32	0.83778	0.00872	0.00682	0.00605	0.00888	0.01002	0.00498	0.01368	0.00793	0.05296	0.00678	0.00769	0.00517	0.00426	0.00288	0.00140	0.00352	0.00254	0.00292	0.00502
33	0.00536	0.00459	0.00459	0.00459	0.00612	0.00383	0.00344	0.00650	0.01033	0.01224	0.04590	0.04361	0.81065	0.01148	0.00536	0.00153	0.00230	0.00956	0.00421	0.00383
34	0.00552	0.00394	0.00526	0.00631	0.00657	0.00368	0.00421	0.00631	0.00868	0.01157	0.02498	0.83779	0.02997	0.01420	0.00578	0.00184	0.00263	0.01288	0.00421	0.00368
35	0.01934	0.00910	0.01135	0.00872	0.01225	0.00874	0.00720	0.23255	0.02774	0.58940	0.01599	0.01421	0.01031	0.00557	0.00455	0.00139	0.00416	0.00444	0.00530	0.00770
36	0.00856	0.00805	0.01359	0.82986	0.03121	0.01007	0.01258	0.01158	0.00906	0.01158	0.00805	0.01208	0.00604	0.00453	0.00453	0.00151	0.00604	0.00403	0.00201	0.00503
37	0.04320	0.09667	0.00993	0.00876	0.04928	0.09306	0.01950	0.02615	0.09157	0.02398	0.03850	0.41397	0.02021	0.00973	0.00495	0.00158	0.00391	0.03653	0.00367	0.00486
38	0.01038	0.00895	0.00908	0.00812	0.01049	0.03430	0.00632	0.09579	0.48023	0.01779	0.02502	0.02351	0.23584	0.00752	0.00480	0.00151	0.00350	0.00619	0.00442	0.00623
39	0.01201	0.28612	0.22188	0.00904	0.01345	0.03156	0.00939	0.03648	0.01035	0.12473	0.02425	0.02510	0.00790	0.00448	0.00375	0.00113	0.00490	0.00336	0.00276	0.16738
40	0.03542	0.08854	0.01379	0.00969	0.01318	0.01331	0.00810	0.61396	0.01881	0.08314	0.03557	0.02546	0.00917	0.00555	0.00439	0.00134	0.00473	0.00420	0.00434	0.00730
41	0.01211	0.84348	0.02374	0.00775	0.01163	0.01793	0.00775	0.01357	0.00921	0.01066	0.00630	0.00727	0.00582	0.00388	0.00291	0.00097	0.00485	0.00242	0.00194	0.00582
42	0.01026	0.00960	0.01845	0.10951	0.10913	0.00940	0.38000	0.01347	0.03470	0.06978	0.03470	0.12366	0.01216	0.00600	0.00517	0.00156	0.00586	0.03783	0.00296	0.00580
43	0.01538	0.01120	0.10516	0.11756	0.07774	0.05010	0.10725	0.04317	0.01186	0.39456	0.01294	0.01310	0.00870	0.00493	0.00459	0.00142	0.00530	0.00431	0.00386	0.00689
44	0.01162	0.71022	0.15269	0.00859	0.01293	0.01673	0.00921	0.01370	0.00927	0.01126	0.00660	0.00764	0.00580	0.00395	0.00313	0.00104	0.00515	0.00257	0.00193	0.00596
45	0.00622	0.00450	0.00602	0.00700	0.00766	0.00430	0.00539	0.00755	0.00950	0.01241	0.02613	0.46516	0.08596	0.01333	0.00594	0.00192	0.00322	0.31971	0.00419	0.00389
46	0.01313	0.02357	0.04350	0.06843	0.31577	0.02148	0.11407	0.15678	0.02328	0.12172	0.02238	0.01273	0.00849	0.00480	0.00478	0.00141	0.01759	0.01603	0.00317	0.00689
47	0.01214	0.04402	0.03093	0.19648	0.36937	0.07451	0.07559	0.02933	0.01071	0.09985	0.00931	0.01151	0.00716	0.00437	0.00448	0.00138	0.00576	0.00403	0.00259	0.00648
48	0.01017	0.01088	0.03281	0.01510	0.01865	0.03666	0.49543	0.02840	0.08409	0.01474	0.01415	0.04290	0.04288	0.00603	0.00536	0.00161	0.00633	0.12509	0.00296	0.00576
49	0.08357	0.01603	0.02781	0.01467	0.19635	0.41810	0.01993	0.03866	0.01179	0.08753	0.00842	0.00969	0.00664	0.00470	0.00456	0.00129	0.03815	0.00340	0.00269	0.00599
50	0.00625	0.00468	0.00609	0.00609	0.00687	0.00493	0.00444	0.00736	0.00781	0.01049	0.02040	0.02663	0.19580	0.22725	0.43873	0.00525	0.00798	0.00636	0.00291	0.00368
51	0.02363	0.33249	0.37171	0.02446	0.04547	0.02793	0.02365	0.07691	0.01044	0.01410	0.00764	0.00888	0.00599	0.00423	0.00379	0.00125	0.00579	0.00310	0.00217	0.00637
52	0.00672	0.00509	0.00656	0.00710	0.00802	0.01774	0.00542	0.00807	0.00914	0.01227	0.02129	0.41040	0.02409	0.03732	0.08544	0.00239	0.00422	0.24121	0.00381	0.08369
53	0.00613	0.00469	0.00497	0.00485	0.00625	0.00403	0.00355	0.00726	0.01022	0.04225	0.10341	0.04023	0.63104	0.10246	0.00728	0.00183	0.00257	0.00894	0.00416	0.00389
54	0.01232	0.11125	0.03344	0.21241	0.06436	0.03430	0.19587	0.23732	0.01312	0.01722	0.00897	0.01107	0.00681	0.00492	0.01584	0.00147	0.00609	0.00413	0.00282	0.00629
55	0.00590	0.00440	0.00545	0.00567	0.00656	0.00400	0.00408	0.00731	0.01068	0.01431	0.34139	0.29824	0.21392	0.03444	0.00600	0.00168	0.00244	0.02512	0.00448	0.00393
56	0.00633	0.00457	0.00598	0.00576	0.00675	0.00422	0.00427	0.00834	0.01244	0.01756	0.73761	0.10807	0.04158	0.00972	0.00538	0.00146	0.00218	0.00863	0.00492	0.00422
57	0.00639	0.00463	0.00603	0.00568	0.00676	0.00427	0.00426	0.00851	0.01278	0.01807	0.79642	0.03402	0.05649	0.00930	0.00534	0.00143	0.00214	0.00822	0.00497	0.00427
58	0.00845	0.00422	0.00422	0.00422	0.00528	0.00422	0.00317	0.01056	0.00950	0.01689	0.01478	0.01689	0.01161	0.00528	0.00317	0.00106	0.00211	0.00422	0.86591	0.00422
59	0.01693	0.02160	0.01284	0.01167	0.01401	0.82256	0.00876	0.01809	0.01284	0.01109	0.00700	0.00817	0.00584	0.00467	0.00409	0.00117	0.00817	0.00292	0.00233	0.00525
60	0.00552	0.00394	0.00526	0.00631	0.00657	0.00368	0.00421	0.00631	0.00868	0.01157	0.02498	0.83779	0.02997	0.01420	0.00578	0.00184	0.00263	0.01288	0.00421	0.00368
61	0.00647	0.00485	0.00728	0.00728	0.00809	0.00566	0.00566	0.00809	0.00728	0.01052	0.01214	0.01780	0.01133	0.03398	0.82279	0.00728	0.01214	0.00485	0.00243	0.00405
62	0.00940	0.00805	0.00940	0.00671	0.01074	0.00604	0.00537	0.01141	0.00940	0.01477	0.00805	0.00940	0.00671	0.00336	0.00336	0.00067	0.00336	0.00268	0.00268	0.86845
63	0.00659	0.00439	0.00494	0.00494	0.00494	0.00439	0.00275	0.00659	0.00659	0.00879	0.01428	0.02965	0.01647	0.84075	0.02306	0.00439	0.00439	0.00659	0.00275	0.00275
64	0.04241	0.00823	0.08478	0.00806	0.03355	0.00691	0.00674	0.09298	0.04187	0.13707	0.40617	0.02498	0.04917	0.00756	0.00493	0.00144	0.00338	0.02968	0.00452	0.00557
65	0.01248	0.13663	0.14449	0.03104	0.21620	0.15516	0.09586	0.05630	0.01115	0.05389	0.00913	0.04092	0.00754	0.00468	0.00430	0.00132	0.00606	0.00399	0.00253	0.00633
66	0.01111	0.00957	0.01011	0.00911	0.01162	0.01104	0.00708	0.02357	0.77827	0.01893	0.04447	0.01746	0.01478	0.00625	0.00463	0.00153	0.00354	0.00522	0.00462	0.00708
67	0.00616	0.00472	0.00577	0.00555	0.00676	0.00437	0.00418	0.00809	0.02337	0.01560	0.48251	0.03520	0.28266	0.01220	0.08080	0.00200	0.00313	0.00827	0.00450	0.00416
68	0.01676	0.01025	0.01217	0.02773	0.01301	0.01100	0.00793	0.40518	0.02672	0.28395	0.01328	0.04063	0.00961	0.01725	0.00579	0.00149	0.08092	0.00457	0.00456	0.00718
69	0.01127	0.04346	0.01773	0.12245	0.65289	0.02270	0.01323	0.01390	0.01023	0.03672	0.00862	0.01124	0.00708	0.00414	0.00443	0.00135	0.00544	0.00397	0.00230	0.00685

[dist]
# distance from previous block
# <min> <max>
0	3

[block]
# block no. 3 follows, 57 sequences, length 46
# corresponding to MSA columns:
# 279-324
name=unknown_D
#
# <colnr> <probs for GDERKNQSTAVLIFYWHMCP>
#	G	D	E	R	K	N	Q	S	T	A	V	L	I	F	Y	W	H	M	C	P
0	0.10003	0.00927	0.05698	0.00729	0.01121	0.00733	0.00623	0.05139	0.04368	0.02781	0.02198	0.01008	0.00748	0.00385	0.00352	0.00089	0.00365	0.00299	0.00291	0.62142
1	0.12548	0.40474	0.04004	0.00957	0.03903	0.26198	0.00813	0.02687	0.01032	0.01257	0.00682	0.00800	0.00588	0.00475	0.01817	0.00123	0.00589	0.00273	0.00223	0.00559
2	0.00801	0.00506	0.00655	0.00597	0.00734	0.00468	0.00455	0.01034	0.03159	0.10124	0.67349	0.03131	0.05371	0.00876	0.00519	0.00142	0.00235	0.00767	0.02607	0.00469
3	0.01252	0.02182	0.02354	0.00932	0.02437	0.04957	0.00729	0.03238	0.57206	0.12455	0.03856	0.01701	0.03439	0.00612	0.00458	0.00148	0.00389	0.00504	0.00451	0.00697
4	0.00656	0.00457	0.00553	0.00545	0.00658	0.00408	0.00399	0.00769	0.01060	0.04385	0.29583	0.13772	0.33816	0.01130	0.00667	0.09195	0.00251	0.00875	0.00429	0.00391
5	0.01422	0.09578	0.19734	0.00944	0.02631	0.00929	0.00912	0.03347	0.09399	0.32562	0.01285	0.01240	0.00892	0.00484	0.00417	0.00128	0.00456	0.00384	0.00380	0.12878
6	0.01196	0.70399	0.09684	0.00843	0.01246	0.04393	0.00860	0.01424	0.04314	0.01137	0.00701	0.00792	0.00615	0.00404	0.00315	0.00104	0.00508	0.00264	0.00206	0.00594
7	0.01909	0.00735	0.00986	0.00766	0.01091	0.00641	0.00630	0.02088	0.01261	0.73229	0.01755	0.01558	0.01126	0.00557	0.00441	0.00137	0.00367	0.00452	0.09537	0.00735
8	0.00612	0.00462	0.00565	0.00539	0.00659	0.00415	0.00405	0.00798	0.01214	0.01653	0.59853	0.03655	0.25534	0.00988	0.00535	0.00145	0.00218	0.00857	0.00477	0.00415
9	0.00909	0.02344	0.81727	0.01292	0.01961	0.01052	0.01674	0.01435	0.00957	0.01435	0.00813	0.00957	0.00574	0.00431	0.00431	0.00144	0.00670	0.00335	0.00191	0.00670
10	0.01728	0.02015	0.01260	0.01130	0.01375	0.73743	0.00854	0.01851	0.01285	0.09503	0.00814	0.00893	0.00640	0.00477	0.00413	0.00119	0.00772	0.00309	0.00268	0.00551
11	0.00542	0.00459	0.00468	0.00466	0.00616	0.00385	0.00349	0.00662	0.01048	0.01259	0.09129	0.04303	0.76504	0.01134	0.00535	0.00152	0.00229	0.00948	0.00425	0.00385
12	0.01211	0.84348	0.02374	0.00775	0.01163	0.01793	0.00775	0.01357	0.00921	0.01066	0.00630	0.00727	0.00582	0.00388	0.00291	0.00097	0.00485	0.00242	0.00194	0.00582
13	0.00536	0.00459	0.00459	0.00459	0.00612	0.00383	0.00344	0.00650	0.01033	0.01224	0.04590	0.04361	0.81065	0.01148	0.00536	0.00153	0.00230	0.00956	0.00421	0.00383
14	0.87276	0.00876	0.00666	0.00596	0.00876	0.01017	0.00491	0.01332	0.00771	0.02033	0.00631	0.00736	0.00491	0.00421	0.00280	0.00140	0.00351	0.00245	0.00280	0.00491
15	0.87276	0.00876	0.00666	0.00596	0.00876	0.01017	0.00491	0.01332	0.00771	0.02033	0.00631	0.00736	0.00491	0.00421	0.00280	0.00140	0.00351	0.00245	0.00280	0.00491
16	0.00641	0.00463	0.00606	0.00570	0.00677	0.00428	0.00428	0.00855	0.01283	0.01817	0.81009	0.03385	0.04276	0.00926	0.00534	0.00143	0.00214	0.00819	0.00499	0.00428
17	0.01240	0.00948	0.01028	0.00908	0.01176	0.01069	0.00711	0.02383	0.70530	0.11863	0.01837	0.01672	0.01351	0.00608	0.00460	0.00152	0.00362	0.00505	0.00474	0.00724
18	0.00552	0.00394	0.00526	0.00631	0.00657	0.00368	0.00421	0.00631	0.00868	0.01157	0.02498	0.83779	0.02997	0.01420	0.00578	0.00184	0.00263	0.01288	0.00421	0.00368
19	0.00550	0.00401	0.00519	0.00613	0.00653	0.00370	0.00413	0.00633	0.00885	0.01164	0.02716	0.75493	0.11142	0.01391	0.00574	0.00181	0.00259	0.01254	0.00421	0.00370
20	0.00856	0.00805	0.01359	0.82986	0.03121	0.01007	0.01258	0.01158	0.00906	0.01158	0.00805	0.01208	0.00604	0.00453	0.00453	0.00151	0.00604	0.00403	0.00201	0.00503
21	0.02033	0.00771	0.01052	0.00806	0.01157	0.00666	0.00666	0.02208	0.01297	0.81562	0.01788	0.01542	0.01122	0.00561	0.00456	0.00140	0.00386	0.00456	0.00561	0.00771
22	0.02033	0.00771	0.01052	0.00806	0.01157	0.00666	0.00666	0.02208	0.01297	0.81562	0.01788	0.01542	0.01122	0.00561	0.00456	0.00140	0.00386	0.00456	0.00561	0.00771
23	0.03939	0.00774	0.01043	0.00802	0.01150	0.00674	0.00662	0.02189	0.01285	0.79784	0.01762	0.01524	0.01108	0.00558	0.00452	0.00140	0.00385	0.00451	0.00555	0.00765
24	0.01122	0.01077	0.01839	0.02781	0.81248	0.01077	0.01391	0.01391	0.01032	0.01480	0.00852	0.01122	0.00718	0.00404	0.00449	0.00135	0.00538	0.00404	0.00224	0.00718
25	0.01693	0.02160	0.01284	0.01167	0.01401	0.82256	0.00876	0.01809	0.01284	0.01109	0.00700	0.00817	0.00584	0.00467	0.00409	0.00117	0.00817	0.00292	0.00233	0.00525
26	0.00972	0.00968	0.01302	0.01132	0.01149	0.03997	0.00935	0.01080	0.00718	0.01086	0.00675	0.01084	0.00661	0.01106	0.11490	0.00261	0.70289	0.00404	0.00205	0.00485
27	0.03224	0.23702	0.10058	0.01074	0.03636	0.15409	0.05387	0.15126	0.01260	0.14019	0.00943	0.01001	0.00706	0.00468	0.00421	0.00126	0.02142	0.00347	0.00307	0.00645
28	0.00856	0.00805	0.01359	0.82986	0.03121	0.01007	0.01258	0.01158	0.00906	0.01158	0.00805	0.01208	0.00604	0.00453	0.00453	0.00151	0.00604	0.00403	0.00201	0.00503
29	0.00630	0.00463	0.00590	0.00558	0.00670	0.00423	0.00419	0.00834	0.01257	0.01755	0.73036	0.03487	0.12287	0.00949	0.00535	0.00144	0.00215	0.00834	0.00491	0.00423
30	0.01048	0.00894	0.00956	0.00882	0.01106	0.01022	0.00676	0.02163	0.69461	0.01794	0.01934	0.13007	0.01606	0.00726	0.00477	0.00158	0.00345	0.00619	0.00456	0.00669
31	0.00634	0.00463	0.00596	0.00563	0.00673	0.00425	0.00422	0.00842	0.01266	0.01779	0.76047	0.03448	0.09262	0.00941	0.00535	0.00143	0.00215	0.00828	0.00494	0.00425
32	0.00612	0.00459	0.00529	0.00528	0.00654	0.00402	0.00390	0.00752	0.01088	0.03717	0.26513	0.16277	0.44237	0.01108	0.00540	0.00154	0.00235	0.00953	0.00448	0.00405
33	0.00836	0.00424	0.00430	0.00429	0.00534	0.00423	0.00322	0.01047	0.00965	0.01695	0.04985	0.01764	0.01299	0.00545	0.00326	0.00107	0.00211	0.00440	0.82795	0.00423
34	0.01159	0.67721	0.09945	0.00868	0.01243	0.01679	0.00885	0.01337	0.00901	0.01104	0.00644	0.00777	0.00582	0.00434	0.00429	0.00112	0.09137	0.00267	0.00194	0.00581
35	0.01063	0.00817	0.00972	0.00707	0.01092	0.00650	0.00569	0.02895	0.00992	0.09239	0.00900	0.01003	0.00715	0.00375	0.00383	0.00079	0.02748	0.00293	0.00299	0.74208
36	0.12670	0.05035	0.02427	0.01108	0.09090	0.15041	0.00822	0.25390	0.03057	0.10550	0.07169	0.01217	0.01002	0.00532	0.00452	0.00135	0.02902	0.00397	0.00363	0.00641
37	0.01211	0.84348	0.02374	0.00775	0.01163	0.01793	0.00775	0.01357	0.00921	0.01066	0.00630	0.00727	0.00582	0.00388	0.00291	0.00097	0.00485	0.00242	0.00194	0.00582
38	0.00647	0.00485	0.00728	0.00728	0.00809	0.00566	0.00566	0.00809	0.00728	0.01052	0.01214	0.01780	0.01133	0.03398	0.82279	0.00728	0.01214	0.00485	0.00243	0.00405
39	0.03948	0.35518	0.22076	0.03351	0.02765	0.06453	0.01003	0.04189	0.01037	0.11237	0.00896	0.02910	0.00712	0.00457	0.00374	0.00122	0.00534	0.00334	0.00260	0.01825
40	0.01075	0.01007	0.05048	0.08338	0.41094	0.00972	0.04446	0.07856	0.04928	0.03861	0.11634	0.05304	0.01326	0.00550	0.00470	0.00142	0.00487	0.00509	0.00306	0.00645
41	0.00670	0.00516	0.00619	0.00584	0.00716	0.00491	0.00441	0.00975	0.09489	0.01703	0.56930	0.03410	0.19870	0.00940	0.00527	0.00146	0.00232	0.00816	0.00479	0.00448
42	0.05401	0.00515	0.00568	0.00559	0.00706	0.00477	0.00422	0.02701	0.02265	0.04711	0.13088	0.15463	0.44918	0.01135	0.02653	0.00171	0.00285	0.03113	0.00425	0.00424
43	0.05528	0.04129	0.11204	0.03055	0.30159	0.09766	0.06561	0.11315	0.03194	0.09360	0.00962	0.01096	0.00729	0.00451	0.00436	0.00135	0.00565	0.00388	0.00290	0.00677
44	0.00961	0.04184	0.69806	0.01424	0.10198	0.01065	0.01602	0.01444	0.00971	0.03066	0.00833	0.00980	0.00600	0.00429	0.00429	0.00141	0.00646	0.00342	0.00202	0.00675
45	0.00587	0.00456	0.00535	0.00583	0.00688	0.00412	0.00443	0.00709	0.00979	0.01221	0.03476	0.23334	0.41946	0.04976	0.00645	0.00185	0.00288	0.17741	0.00413	0.00382

[dist]
# distance from previous block
# <min> <max>
3	5

[block]
# block no. 4 follows, 57 sequences, length 32
# corresponding to MSA columns:
# 336-344,349-371
name=unknown_E
#
# <colnr> <probs for GDERKNQSTAVLIFYWHMCP>
#	G	D	E	R	K	N	Q	S	T	A	V	L	I	F	Y	W	H	M	C	P
0	0.15914	0.00944	0.01305	0.08196	0.33968	0.03982	0.00994	0.01241	0.02310	0.01443	0.01036	0.13503	0.01003	0.00622	0.00576	0.00152	0.11468	0.00506	0.00263	0.00572
1	0.01199	0.46785	0.11333	0.01015	0.01415	0.07511	0.09993	0.01562	0.11354	0.02654	0.00868	0.00957	0.00707	0.00431	0.00369	0.00118	0.00545	0.00329	0.00242	0.00612
2	0.01158	0.00953	0.01019	0.00904	0.01166	0.01083	0.00706	0.03985	0.71532	0.05048	0.04033	0.01702	0.01425	0.00613	0.00460	0.00150	0.00358	0.00511	0.00461	0.02733
3	0.01460	0.01119	0.01251	0.01050	0.04099	0.01229	0.02081	0.44328	0.26839	0.04790	0.01352	0.02754	0.01008	0.00567	0.00455	0.00140	0.00446	0.00455	0.00440	0.04139
4	0.00740	0.00623	0.05558	0.00789	0.04844	0.00511	0.00574	0.03374	0.00988	0.05293	0.08496	0.53076	0.06508	0.01128	0.00534	0.00164	0.00313	0.01008	0.00403	0.05076
5	0.03397	0.11114	0.41319	0.01313	0.06443	0.04888	0.11065	0.03703	0.03806	0.05090	0.02145	0.01055	0.00714	0.00442	0.00427	0.00137	0.00611	0.00370	0.00242	0.01719
6	0.01014	0.00851	0.00903	0.00827	0.01030	0.00967	0.00622	0.02008	0.62275	0.01682	0.01883	0.03925	0.04203	0.14840	0.00780	0.00203	0.00366	0.00571	0.00427	0.00622
7	0.00856	0.00805	0.01359	0.82986	0.03121	0.01007	0.01258	0.01158	0.00906	0.01158	0.00805	0.01208	0.00604	0.00453	0.00453	0.00151	0.00604	0.00403	0.00201	0.00503
8	0.01058	0.01183	0.04071	0.08925	0.17280	0.01119	0.56596	0.01415	0.01046	0.01432	0.00893	0.01197	0.00684	0.00393	0.00509	0.00149	0.00706	0.00495	0.00225	0.00623
9	0.02321	0.00968	0.02346	0.09186	0.15055	0.02115	0.14419	0.09134	0.16330	0.05096	0.08315	0.06201	0.02954	0.00609	0.00486	0.00149	0.00488	0.02860	0.00350	0.00620
10	0.00586	0.00418	0.00564	0.00669	0.00710	0.00397	0.00479	0.00689	0.00901	0.01194	0.02479	0.68935	0.02924	0.01388	0.00587	0.00189	0.00292	0.15801	0.00420	0.00377
11	0.02033	0.00771	0.01052	0.00806	0.01157	0.00666	0.00666	0.02208	0.01297	0.81562	0.01788	0.01542	0.01122	0.00561	0.00456	0.00140	0.00386	0.00456	0.00561	0.00771
12	0.00630	0.00472	0.00593	0.00667	0.00726	0.00469	0.00460	0.00870	0.11266	0.01274	0.04861	0.70557	0.02826	0.01299	0.00562	0.00179	0.00274	0.01172	0.00428	0.00415
13	0.01122	0.01077	0.01839	0.02781	0.81248	0.01077	0.01391	0.01391	0.01032	0.01480	0.00852	0.01122	0.00718	0.00404	0.00449	0.00135	0.00538	0.00404	0.00224	0.00718
14	0.01993	0.00762	0.01039	0.00799	0.01143	0.00659	0.00659	0.02169	0.01297	0.79243	0.04092	0.01596	0.01213	0.00571	0.00458	0.00140	0.00381	0.00466	0.00559	0.00761
15	0.00659	0.00439	0.00494	0.00494	0.00494	0.00439	0.00275	0.00659	0.00659	0.00879	0.01428	0.02965	0.01647	0.84075	0.02306	0.00439	0.00439	0.00659	0.00275	0.00275
16	0.01152	0.00995	0.01141	0.01163	0.11633	0.01123	0.00807	0.07184	0.63455	0.01889	0.01722	0.01632	0.02868	0.00593	0.00460	0.00150	0.00388	0.00500	0.00429	0.00714
17	0.00929	0.00910	0.01246	0.01078	0.01100	0.01236	0.00893	0.01032	0.00744	0.01121	0.01135	0.01446	0.11111	0.00834	0.01338	0.00190	0.70649	0.00470	0.02059	0.00479
18	0.01050	0.00906	0.00951	0.00862	0.01104	0.01030	0.00669	0.02178	0.70066	0.01808	0.02203	0.02039	0.11784	0.00684	0.00471	0.00154	0.00342	0.00570	0.00456	0.00674
19	0.01748	0.01135	0.11669	0.00939	0.01328	0.00960	0.00854	0.28352	0.01525	0.42176	0.01415	0.01316	0.00932	0.00537	0.00448	0.00138	0.00456	0.00423	0.02901	0.00748
20	0.00999	0.09155	0.41553	0.01184	0.03322	0.01059	0.07419	0.05338	0.06565	0.03874	0.01134	0.11848	0.00987	0.00584	0.00481	0.00147	0.02967	0.00490	0.00269	0.00625
21	0.00647	0.00485	0.00728	0.00728	0.00809	0.00566	0.00566	0.00809	0.00728	0.01052	0.01214	0.01780	0.01133	0.03398	0.82279	0.00728	0.01214	0.00485	0.00243	0.00405
22	0.01211	0.84348	0.02374	0.00775	0.01163	0.01793	0.00775	0.01357	0.00921	0.01066	0.00630	0.00727	0.00582	0.00388	0.00291	0.00097	0.00485	0.00242	0.00194	0.00582
23	0.04520	0.17845	0.01473	0.02530	0.01289	0.12400	0.13198	0.06261	0.06442	0.04102	0.03490	0.21793	0.01384	0.00704	0.00454	0.00142	0.00499	0.00612	0.00320	0.00543
24	0.01670	0.00769	0.00973	0.00783	0.01064	0.03458	0.00633	0.03057	0.02513	0.56562	0.14858	0.03075	0.02930	0.00648	0.00502	0.00142	0.03114	0.00528	0.02043	0.00677
25	0.00540	0.00459	0.00466	0.00464	0.00615	0.00385	0.00348	0.00660	0.01044	0.01251	0.08045	0.04317	0.77594	0.01138	0.00535	0.00153	0.00229	0.00950	0.00424	0.00385
26	0.01653	0.01225	0.01316	0.01020	0.01368	0.01356	0.00838	0.72799	0.06383	0.02768	0.03874	0.01200	0.00924	0.00561	0.00457	0.00137	0.00481	0.00428	0.00455	0.00756
27	0.01278	0.73503	0.02242	0.00810	0.01195	0.01742	0.00787	0.11588	0.01079	0.01300	0.00690	0.00774	0.00606	0.00408	0.00312	0.00102	0.00486	0.00264	0.00228	0.00606
28	0.00829	0.00520	0.00756	0.00724	0.00835	0.00572	0.00562	0.00983	0.00798	0.11550	0.01302	0.01822	0.01163	0.07966	0.66704	0.00634	0.01058	0.00492	0.00286	0.00444
29	0.00659	0.00439	0.00494	0.00494	0.00494	0.00439	0.00275	0.00659	0.00659	0.00879	0.01428	0.02965	0.01647	0.84075	0.02306	0.00439	0.00439	0.00659	0.00275	0.00275
30	0.01009	0.00801	0.01319	0.72259	0.02865	0.00962	0.01181	0.01295	0.00957	0.11653	0.00934	0.01252	0.00672	0.00467	0.00453	0.00150	0.00576	0.00410	0.00248	0.00538
31	0.01089	0.01071	0.01891	0.08720	0.61367	0.01094	0.11572	0.01367	0.01012	0.01434	0.00846	0.01135	0.00700	0.00422	0.00507	0.00141	0.04311	0.00420	0.00222	0.00677

[dist]
# distance from previous block
# <min> <max>
4	6

[block]
# block no. 5 follows, 57 sequences, length 21
# corresponding to MSA columns:
# 378-398
name=unknown_F
#
# <colnr> <probs for GDERKNQSTAVLIFYWHMCP>
#	G	D	E	R	K	N	Q	S	T	A	V	L	I	F	Y	W	H	M	C	P
0	0.56745	0.02586	0.00884	0.00745	0.01015	0.11578	0.00606	0.03029	0.00930	0.12094	0.00796	0.00872	0.00597	0.00469	0.00395	0.00140	0.05382	0.00291	0.00307	0.00539
1	0.02319	0.00880	0.09206	0.02376	0.06658	0.00774	0.08455	0.01164	0.02408	0.07390	0.35022	0.02282	0.06980	0.00735	0.00628	0.00151	0.11050	0.00620	0.00375	0.00528
2	0.03645	0.01173	0.01267	0.00994	0.01338	0.01290	0.00814	0.59682	0.13639	0.09565	0.01251	0.01209	0.00886	0.00553	0.00451	0.00139	0.00465	0.00424	0.00460	0.00756
3	0.01015	0.01127	0.02423	0.01758	0.02168	0.01071	0.69427	0.01369	0.01026	0.01400	0.00955	0.01294	0.00745	0.00770	0.11059	0.00227	0.00822	0.00528	0.00231	0.00585
4	0.00569	0.00422	0.00526	0.00602	0.00661	0.00388	0.00420	0.00662	0.00906	0.01171	0.02883	0.55164	0.19949	0.06293	0.00676	0.00195	0.00279	0.07454	0.00412	0.00370
5	0.01265	0.01203	0.01150	0.00972	0.01266	0.15802	0.03318	0.10858	0.41572	0.01779	0.01351	0.01325	0.01029	0.00527	0.00433	0.00131	0.00467	0.00421	0.00380	0.14752
6	0.00552	0.00394	0.00526	0.00631	0.00657	0.00368	0.00421	0.00631	0.00868	0.01157	0.02498	0.83779	0.02997	0.01420	0.00578	0.00184	0.00263	0.01288	0.00421	0.00368
7	0.00856	0.00805	0.01359	0.82986	0.03121	0.01007	0.01258	0.01158	0.00906	0.01158	0.00805	0.01208	0.00604	0.00453	0.00453	0.00151	0.00604	0.00403	0.00201	0.00503
8	0.00647	0.00485	0.00728	0.00728	0.00809	0.00566	0.00566	0.00809	0.00728	0.01052	0.01214	0.01780	0.01133	0.03398	0.82279	0.00728	0.01214	0.00485	0.00243	0.00405
9	0.87276	0.00876	0.00666	0.00596	0.00876	0.01017	0.00491	0.01332	0.00771	0.02033	0.00631	0.00736	0.00491	0.00421	0.00280	0.00140	0.00351	0.00245	0.00280	0.00491
10	0.00763	0.00563	0.00751	0.00833	0.00953	0.00576	0.00718	0.01072	0.08694	0.01404	0.02406	0.04761	0.04656	0.01187	0.00608	0.00202	0.00406	0.68578	0.00422	0.00445
11	0.01693	0.02160	0.01284	0.01167	0.01401	0.82256	0.00876	0.01809	0.01284	0.01109	0.00700	0.00817	0.00584	0.00467	0.00409	0.00117	0.00817	0.00292	0.00233	0.00525
12	0.00940	0.00805	0.00940	0.00671	0.01074	0.00604	0.00537	0.01141	0.00940	0.01477	0.00805	0.00940	0.00671	0.00336	0.00336	0.00067	0.00336	0.00268	0.00268	0.86845
13	0.00991	0.00991	0.01388	0.01190	0.01190	0.01388	0.00991	0.01091	0.00694	0.01091	0.00595	0.00991	0.00595	0.00793	0.01487	0.00198	0.83246	0.00397	0.00198	0.00496
14	0.01070	0.01222	0.02674	0.01910	0.02368	0.01146	0.79603	0.01451	0.01070	0.01451	0.00917	0.01222	0.00688	0.00382	0.00535	0.00153	0.00764	0.00535	0.00229	0.00611
15	0.01135	0.11782	0.01834	0.02325	0.62083	0.01181	0.01248	0.03452	0.01025	0.01445	0.00830	0.01076	0.00705	0.00432	0.00487	0.00133	0.05472	0.00383	0.02292	0.00681
16	0.01040	0.00865	0.00994	0.00719	0.01117	0.00707	0.00579	0.11260	0.01093	0.01654	0.00842	0.00959	0.00684	0.00362	0.00351	0.00076	0.00357	0.00286	0.00292	0.75764
17	0.02022	0.00789	0.01063	0.00815	0.01166	0.00693	0.00673	0.05053	0.01328	0.78674	0.01762	0.01526	0.01109	0.00560	0.00456	0.00140	0.00390	0.00454	0.00557	0.00771
18	0.01154	0.01228	0.02505	0.01798	0.02244	0.01179	0.69465	0.11530	0.01206	0.01632	0.00939	0.01205	0.00698	0.00403	0.00524	0.00151	0.00730	0.00518	0.00258	0.00632
19	0.00566	0.00437	0.00519	0.00563	0.00657	0.00390	0.00408	0.00683	0.00996	0.01273	0.12448	0.36149	0.36184	0.01237	0.00558	0.00168	0.00252	0.05696	0.00430	0.00384
20	0.00709	0.00552	0.00835	0.00737	0.00817	0.00563	0.10563	0.00800	0.00730	0.00997	0.01307	0.02434	0.01391	0.52430	0.22766	0.00477	0.00681	0.00598	0.00260	0.00352

[dist]
# distance from previous block
# <min> <max>
0	1

[block]
# block no. 6 follows, 57 sequences, length 71
# corresponding to MSA columns:
# 400-470
name=unknown_G
#
# <colnr> <probs for GDERKNQSTAVLIFYWHMCP>
#	G	D	E	R	K	N	Q	S	T	A	V	L	I	F	Y	W	H	M	C	P
0	0.01102	0.00949	0.01009	0.00895	0.01159	0.01071	0.00697	0.02275	0.72462	0.01861	0.03442	0.01667	0.01388	0.00599	0.00453	0.00147	0.00354	0.00500	0.00447	0.07525
1	0.01099	0.01021	0.02282	0.01038	0.01289	0.02682	0.08179	0.02116	0.60339	0.01746	0.03182	0.02804	0.01301	0.00622	0.00564	0.00157	0.07986	0.00515	0.00407	0.00672
2	0.02714	0.03831	0.00767	0.08236	0.00964	0.00601	0.00574	0.00774	0.00856	0.01170	0.02035	0.61730	0.02380	0.01202	0.00639	0.00178	0.08512	0.02065	0.00366	0.00405
3	0.02184	0.21019	0.28040	0.07447	0.01560	0.01116	0.01054	0.06226	0.01042	0.09283	0.00945	0.04265	0.00753	0.00468	0.00394	0.00123	0.00515	0.00362	0.00266	0.12940
4	0.01104	0.01168	0.07515	0.08624	0.47280	0.02589	0.09471	0.05354	0.01066	0.01502	0.00852	0.01102	0.00689	0.00419	0.00472	0.00134	0.02531	0.00400	0.00235	0.07494
5	0.00551	0.00399	0.00521	0.00617	0.00654	0.00369	0.00415	0.00632	0.00881	0.01162	0.02663	0.77496	0.09173	0.01398	0.00575	0.00182	0.00260	0.01262	0.00421	0.00369
6	0.00940	0.00805	0.00940	0.00671	0.01074	0.00604	0.00537	0.01141	0.00940	0.01477	0.00805	0.00940	0.00671	0.00336	0.00336	0.00067	0.00336	0.00268	0.00268	0.86845
7	0.00571	0.00412	0.00531	0.00618	0.00659	0.00385	0.00423	0.00655	0.00877	0.01154	0.02590	0.65287	0.09702	0.07924	0.00714	0.00203	0.00284	0.06239	0.00409	0.00365
8	0.01117	0.02673	0.02450	0.06388	0.35058	0.01092	0.02004	0.03835	0.33576	0.02644	0.01376	0.01447	0.03271	0.00520	0.00454	0.00144	0.00460	0.00462	0.00335	0.00693
9	0.00697	0.00522	0.00654	0.00611	0.00735	0.00508	0.00461	0.01034	0.10413	0.01826	0.71877	0.03189	0.03942	0.00890	0.00526	0.00144	0.00230	0.00784	0.00494	0.00461
10	0.00625	0.00468	0.00628	0.02313	0.03738	0.00439	0.00472	0.00787	0.01101	0.01516	0.43209	0.31709	0.09117	0.01087	0.00545	0.00158	0.00252	0.00971	0.00449	0.00416
11	0.01693	0.02160	0.01284	0.01167	0.01401	0.82256	0.00876	0.01809	0.01284	0.01109	0.00700	0.00817	0.00584	0.00467	0.00409	0.00117	0.00817	0.00292	0.00233	0.00525
12	0.74321	0.00876	0.00734	0.00635	0.00927	0.00987	0.00524	0.03915	0.00877	0.11623	0.00784	0.00844	0.00575	0.00441	0.00307	0.00140	0.00359	0.00276	0.00320	0.00533
13	0.01729	0.01166	0.01352	0.01032	0.01392	0.01248	0.04540	0.61248	0.01915	0.16330	0.01207	0.01183	0.00834	0.00539	0.00455	0.00137	0.00486	0.00422	0.02027	0.00757
14	0.00909	0.00773	0.00907	0.00668	0.01041	0.00585	0.00528	0.01101	0.00934	0.01451	0.00939	0.07493	0.00855	0.00421	0.00355	0.00076	0.00330	0.00349	0.00281	0.80004
15	0.80508	0.00907	0.00721	0.00631	0.00918	0.01047	0.00520	0.07535	0.00879	0.02098	0.00667	0.00764	0.00513	0.00430	0.00294	0.00140	0.00362	0.00258	0.00294	0.00513
16	0.00656	0.00450	0.00550	0.00550	0.00569	0.00470	0.00344	0.00695	0.00676	0.00920	0.01377	0.02682	0.01525	0.64811	0.21402	0.00508	0.00624	0.00618	0.00267	0.00306
17	0.00536	0.00459	0.00459	0.00459	0.00612	0.00383	0.00344	0.00650	0.01033	0.01224	0.04590	0.04361	0.81065	0.01148	0.00536	0.00153	0.00230	0.00956	0.00421	0.00383
18	0.01693	0.02160	0.01284	0.01167	0.01401	0.82256	0.00876	0.01809	0.01284	0.01109	0.00700	0.00817	0.00584	0.00467	0.00409	0.00117	0.00817	0.00292	0.00233	0.00525
19	0.00559	0.00400	0.00532	0.00626	0.00659	0.00373	0.00421	0.00649	0.00900	0.01209	0.08709	0.77419	0.03098	0.01381	0.00575	0.00181	0.00259	0.01251	0.00427	0.00373
20	0.00808	0.00419	0.00435	0.00449	0.00544	0.00415	0.00330	0.01002	0.00940	0.01622	0.01607	0.12064	0.01393	0.00641	0.00350	0.00115	0.00218	0.00532	0.75701	0.00415
21	0.01211	0.84348	0.02374	0.00775	0.01163	0.01793	0.00775	0.01357	0.00921	0.01066	0.00630	0.00727	0.00582	0.00388	0.00291	0.00097	0.00485	0.00242	0.00194	0.00582
22	0.02033	0.00771	0.01052	0.00806	0.01157	0.00666	0.00666	0.02208	0.01297	0.81562	0.01788	0.01542	0.01122	0.00561	0.00456	0.00140	0.00386	0.00456	0.00561	0.00771
23	0.00558	0.00397	0.00524	0.00623	0.00648	0.00372	0.00412	0.00633	0.00855	0.01141	0.02436	0.79106	0.02919	0.06199	0.00678	0.00199	0.00273	0.01252	0.00412	0.00363
