[name]
unknown

[dist]
# distance from previous block
# <min> <max>
6	110

[block]
# block no. 0 follows, 53 sequences, length 9
# corresponding to MSA columns:
# 167-175
name=unknown_A
#
# <colnr> <probs for GDERKNQSTAVLIFYWHMCP>
#	G	D	E	R	K	N	Q	S	T	A	V	L	I	F	Y	W	H	M	C	P
0	0.02974	0.03613	0.06096	0.01216	0.07811	0.03822	0.03130	0.24547	0.35301	0.04255	0.01434	0.01407	0.01065	0.00573	0.00473	0.00151	0.00488	0.00466	0.00423	0.00753
1	0.08990	0.00835	0.01017	0.00830	0.01116	0.00821	0.00662	0.16079	0.01347	0.40826	0.01614	0.08717	0.01246	0.05281	0.04423	0.04040	0.00459	0.00540	0.00483	0.00677
2	0.79100	0.01044	0.00760	0.00682	0.00973	0.08147	0.00553	0.01449	0.00861	0.02058	0.00672	0.00784	0.00526	0.00448	0.00308	0.00146	0.00413	0.00263	0.00291	0.00521
3	0.01043	0.03065	0.01037	0.04644	0.08792	0.14358	0.00733	0.03091	0.17878	0.01540	0.10750	0.02598	0.23205	0.02589	0.00547	0.00158	0.00446	0.02575	0.00389	0.00562
4	0.00741	0.00565	0.00648	0.00642	0.00698	0.04219	0.00440	0.00825	0.00785	0.01058	0.01567	0.02582	0.05668	0.41947	0.31896	0.00533	0.00769	0.00616	0.03435	0.00365
5	0.01198	0.03532	0.12046	0.05460	0.03504	0.01119	0.00923	0.12677	0.37021	0.05075	0.01798	0.05339	0.06879	0.00666	0.00486	0.00156	0.00454	0.00550	0.00416	0.00702
6	0.01192	0.01527	0.29218	0.04374	0.25652	0.01050	0.04444	0.06231	0.03308	0.09878	0.02940	0.02674	0.02883	0.00517	0.00476	0.00148	0.00579	0.00453	0.00298	0.02157
7	0.01046	0.00900	0.01395	0.04922	0.06278	0.04382	0.18945	0.06366	0.02349	0.05346	0.06082	0.04238	0.08971	0.02387	0.11266	0.07821	0.02666	0.01628	0.02474	0.00538
8	0.05887	0.01043	0.03296	0.01154	0.10809	0.03791	0.03355	0.14188	0.09665	0.04059	0.01367	0.05454	0.05377	0.00719	0.04193	0.00162	0.03026	0.00477	0.00350	0.21628

[dist]
# distance from previous block
# <min> <max>
4	35

[block]
# block no. 1 follows, 53 sequences, length 10
# corresponding to MSA columns:
# 211-220
name=unknown_B
#
# <colnr> <probs for GDERKNQSTAVLIFYWHMCP>
#	G	D	E	R	K	N	Q	S	T	A	V	L	I	F	Y	W	H	M	C	P
0	0.03534	0.01163	0.09070	0.18406	0.22910	0.06658	0.08598	0.01352	0.03544	0.01430	0.04992	0.04105	0.02930	0.00681	0.02586	0.04608	0.02081	0.00491	0.00264	0.00596
1	0.04935	0.11350	0.06394	0.03130	0.01575	0.07127	0.13990	0.13290	0.05432	0.06355	0.00992	0.02631	0.00793	0.00560	0.00644	0.00151	0.14743	0.00427	0.00307	0.05173
2	0.00891	0.00445	0.00445	0.00445	0.00557	0.00445	0.00334	0.01114	0.01002	0.01782	0.01559	0.01782	0.01225	0.00557	0.00334	0.00111	0.00223	0.00445	0.85856	0.00445
3	0.00742	0.00515	0.00653	0.00623	0.00748	0.00479	0.00465	0.00982	0.04191	0.05426	0.57587	0.12534	0.11178	0.01028	0.00562	0.00157	0.00247	0.00904	0.00511	0.00468
4	0.04133	0.04433	0.09207	0.02834	0.01329	0.00830	0.09932	0.01411	0.08686	0.11807	0.03508	0.12420	0.04212	0.01028	0.05598	0.00210	0.00526	0.16935	0.00388	0.00575
5	0.05382	0.08143	0.08642	0.01098	0.06921	0.01054	0.03094	0.13898	0.10291	0.26243	0.04680	0.05979	0.01229	0.00610	0.00468	0.00148	0.00465	0.00502	0.00433	0.00719
6	0.00891	0.00445	0.00445	0.00445	0.00557	0.00445	0.00334	0.01114	0.01002	0.01782	0.01559	0.01782	0.01225	0.00557	0.00334	0.00111	0.00223	0.00445	0.85856	0.00445
7	0.00891	0.00445	0.00445	0.00445	0.00557	0.00445	0.00334	0.01114	0.01002	0.01782	0.01559	0.01782	0.01225	0.00557	0.00334	0.00111	0.00223	0.00445	0.85856	0.00445
8	0.02895	0.06439	0.12049	0.03175	0.15628	0.03367	0.02983	0.05951	0.11476	0.04315	0.05052	0.12799	0.01428	0.00773	0.02172	0.00171	0.04233	0.04125	0.00341	0.00630
9	0.01238	0.09749	0.10974	0.02023	0.38300	0.03406	0.09452	0.05925	0.05812	0.04875	0.01091	0.01262	0.02797	0.00475	0.00466	0.00143	0.00583	0.00436	0.00279	0.00716

[dist]
# distance from previous block
# <min> <max>
8	13

[block]
# block no. 2 follows, 53 sequences, length 23
# corresponding to MSA columns:
# 252-274
name=unknown_C
#
# <colnr> <probs for GDERKNQSTAVLIFYWHMCP>
#	G	D	E	R	K	N	Q	S	T	A	V	L	I	F	Y	W	H	M	C	P
0	0.00996	0.03528	0.00991	0.00854	0.00974	0.05878	0.00659	0.04519	0.06461	0.04989	0.05701	0.04515	0.01422	0.18785	0.19489	0.00366	0.15233	0.02037	0.00319	0.02284
1	0.03993	0.13402	0.05467	0.02929	0.16015	0.38695	0.03446	0.01652	0.02647	0.01310	0.00887	0.01051	0.02313	0.00548	0.02052	0.00144	0.02241	0.00358	0.00245	0.00606
2	0.12810	0.09246	0.07943	0.04091	0.03739	0.13388	0.07223	0.15715	0.08120	0.07183	0.01052	0.01202	0.00810	0.00530	0.00476	0.00145	0.03268	0.02066	0.00333	0.00658
3	0.01207	0.04533	0.03674	0.09639	0.25800	0.01180	0.01066	0.04439	0.36955	0.04355	0.01403	0.01458	0.01072	0.00543	0.00473	0.00152	0.00483	0.00471	0.00366	0.00731
4	0.00891	0.00445	0.00445	0.00445	0.00557	0.00445	0.00334	0.01114	0.01002	0.01782	0.01559	0.01782	0.01225	0.00557	0.00334	0.00111	0.00223	0.00445	0.85856	0.00445
5	0.00686	0.00499	0.00701	0.00701	0.00764	0.00561	0.00514	0.00811	0.00748	0.01060	0.01341	0.02216	0.01342	0.25113	0.59980	0.00686	0.01059	0.00562	0.00265	0.00390
6	0.01042	0.01029	0.01490	0.01354	0.06575	0.01362	0.04465	0.01221	0.04065	0.01228	0.00800	0.03803	0.00782	0.02607	0.01393	0.00206	0.65335	0.00467	0.00233	0.00544
7	0.00627	0.00482	0.00575	0.00570	0.00694	0.00430	0.00426	0.00799	0.01202	0.01593	0.41102	0.11094	0.34055	0.01126	0.00571	0.00161	0.00243	0.03341	0.00484	0.00426
8	0.01180	0.01454	0.21792	0.12080	0.14750	0.01150	0.17062	0.07783	0.08685	0.06009	0.01065	0.01249	0.00789	0.00486	0.00513	0.00154	0.02365	0.00450	0.00288	0.00695
9	0.00891	0.00445	0.00445	0.00445	0.00557	0.00445	0.00334	0.01114	0.01002	0.01782	0.01559	0.01782	0.01225	0.00557	0.00334	0.00111	0.00223	0.00445	0.85856	0.00445
10	0.01087	0.03175	0.11882	0.06017	0.12941	0.06849	0.04245	0.03832	0.01149	0.08522	0.15926	0.04587	0.05593	0.02701	0.06369	0.01834	0.01797	0.00567	0.00343	0.00586
11	0.01714	0.01530	0.03264	0.01119	0.01467	0.18543	0.00914	0.51228	0.11267	0.02460	0.01149	0.01159	0.00843	0.00562	0.00468	0.00142	0.00585	0.00415	0.00423	0.00748
12	0.01685	0.17586	0.01596	0.01102	0.01426	0.37827	0.00894	0.27190	0.03312	0.01789	0.00886	0.00958	0.00699	0.00507	0.00424	0.00127	0.00673	0.00343	0.00320	0.00656
13	0.01083	0.16048	0.40156	0.01438	0.12775	0.01195	0.04912	0.01517	0.04241	0.04053	0.03597	0.01351	0.00919	0.00511	0.00452	0.00146	0.00606	0.04068	0.00255	0.00679
14	0.07815	0.04061	0.00874	0.03081	0.03731	0.00636	0.03146	0.01048	0.01031	0.08974	0.08766	0.33266	0.08457	0.03538	0.00602	0.00183	0.00361	0.09527	0.00417	0.00483
15	0.00891	0.00445	0.00445	0.00445	0.00557	0.00445	0.00334	0.01114	0.01002	0.01782	0.01559	0.01782	0.01225	0.00557	0.00334	0.00111	0.00223	0.00445	0.85856	0.00445
16	0.00796	0.00621	0.04118	0.00779	0.02583	0.00528	0.02480	0.00996	0.04173	0.08190	0.10613	0.42894	0.14458	0.01189	0.00573	0.00177	0.00325	0.03583	0.00447	0.00478
17	0.00991	0.00850	0.00991	0.00708	0.01133	0.00637	0.00566	0.01203	0.00991	0.01557	0.00850	0.00991	0.00708	0.00354	0.00354	0.00071	0.00354	0.00283	0.00283	0.86124
18	0.00856	0.00628	0.00849	0.00984	0.11287	0.00615	0.00627	0.03255	0.06716	0.05911	0.18950	0.32146	0.07103	0.05005	0.00648	0.00183	0.00337	0.02951	0.00439	0.00510
19	0.00851	0.00844	0.06356	0.03045	0.12286	0.00743	0.07155	0.01082	0.00933	0.01336	0.01370	0.11064	0.03221	0.01714	0.29461	0.00366	0.00773	0.02451	0.00283	0.14668
20	0.01125	0.01040	0.01428	0.52958	0.10715	0.08770	0.01206	0.06315	0.03319	0.04705	0.01052	0.01342	0.02979	0.00511	0.00476	0.00153	0.00616	0.00436	0.00265	0.00589
21	0.03577	0.03165	0.03909	0.03906	0.13339	0.09501	0.06246	0.05075	0.04735	0.04188	0.09859	0.06405	0.03974	0.00665	0.02311	0.00147	0.00508	0.00515	0.00332	0.17641
22	0.08822	0.19772	0.15999	0.08132	0.01670	0.14496	0.05538	0.08812	0.03781	0.03117	0.00861	0.01002	0.00673	0.00478	0.00447	0.00136	0.03061	0.00351	0.00267	0.02586

[dist]
# distance from previous block
# <min> <max>
2	28

[block]
# block no. 3 follows, 53 sequences, length 12
# corresponding to MSA columns:
# 304-315
name=unknown_D
#
# <colnr> <probs for GDERKNQSTAVLIFYWHMCP>
#	G	D	E	R	K	N	Q	S	T	A	V	L	I	F	Y	W	H	M	C	P
0	0.01124	0.04704	0.01404	0.10941	0.08078	0.11321	0.06236	0.03301	0.02371	0.03131	0.01279	0.05397	0.07689	0.00638	0.00676	0.00148	0.16420	0.00488	0.00282	0.14373
1	0.00799	0.00615	0.00730	0.00674	0.00835	0.00578	0.00494	0.04802	0.07903	0.01606	0.24634	0.21865	0.08295	0.09407	0.00722	0.00182	0.00312	0.00832	0.00431	0.14284
2	0.01335	0.01331	0.07267	0.08616	0.11744	0.05290	0.21569	0.25745	0.05186	0.01961	0.01075	0.02980	0.00832	0.00575	0.02177	0.00164	0.00648	0.00480	0.00327	0.00697
3	0.00753	0.00538	0.00748	0.00845	0.00951	0.00533	0.00726	0.00966	0.01113	0.01462	0.09243	0.09159	0.02924	0.01300	0.00649	0.00213	0.00413	0.66578	0.00448	0.00438
4	0.00793	0.00520	0.00665	0.00624	0.00766	0.00472	0.00481	0.00998	0.01296	0.08597	0.56280	0.03686	0.15776	0.01003	0.00563	0.00157	0.00258	0.06076	0.00513	0.00474
5	0.00662	0.00479	0.00609	0.00686	0.00742	0.00460	0.00470	0.05714	0.01009	0.01339	0.02632	0.74268	0.06278	0.01425	0.00600	0.00189	0.00292	0.01284	0.00446	0.00416
6	0.00661	0.00488	0.00618	0.00585	0.00705	0.00444	0.00439	0.00872	0.01317	0.01831	0.69683	0.03711	0.14849	0.01009	0.00564	0.00152	0.00228	0.00884	0.00515	0.00444
7	0.01273	0.01278	0.01530	0.36153	0.21983	0.19797	0.01223	0.05389	0.01163	0.04447	0.00891	0.01162	0.00692	0.00477	0.00466	0.00145	0.00658	0.00400	0.00254	0.00618
8	0.01005	0.00862	0.00997	0.00726	0.01140	0.00675	0.00579	0.01295	0.06384	0.01588	0.00925	0.01046	0.00760	0.00374	0.00363	0.00077	0.00356	0.00301	0.00297	0.80249
9	0.00853	0.00642	0.00810	0.00814	0.05558	0.00638	0.00573	0.04960	0.11409	0.03843	0.50882	0.06843	0.08455	0.00912	0.00544	0.00154	0.00288	0.00798	0.00494	0.00529
10	0.08187	0.18594	0.14338	0.07130	0.05218	0.02932	0.05965	0.06222	0.03079	0.01528	0.01232	0.09696	0.04814	0.00590	0.00434	0.00138	0.00515	0.00486	0.00286	0.08617
11	0.08843	0.24401	0.07826	0.02449	0.10732	0.05107	0.04683	0.05234	0.02745	0.04451	0.05316	0.01364	0.06033	0.00519	0.00412	0.00128	0.00501	0.00411	0.00294	0.08552

[dist]
# distance from previous block
# <min> <max>
1	8

[block]
# block no. 4 follows, 53 sequences, length 6
# corresponding to MSA columns:
# 325-330
name=unknown_E
#
# <colnr> <probs for GDERKNQSTAVLIFYWHMCP>
#	G	D	E	R	K	N	Q	S	T	A	V	L	I	F	Y	W	H	M	C	P
0	0.01280	0.09575	0.06724	0.01042	0.01371	0.09462	0.07062	0.13519	0.16399	0.06090	0.03006	0.04460	0.05260	0.00665	0.00482	0.00148	0.00514	0.07208	0.00380	0.05350
1	0.00808	0.00423	0.00606	0.00606	0.00606	0.00423	0.00394	0.00635	0.00635	0.00846	0.00943	0.01732	0.00981	0.15247	0.01962	0.71826	0.00423	0.00462	0.00221	0.00221
2	0.03424	0.01374	0.16899	0.01127	0.04512	0.04684	0.02874	0.29321	0.05093	0.07786	0.03150	0.07900	0.01115	0.03405	0.00570	0.01816	0.00528	0.00507	0.00383	0.03531
3	0.01146	0.38111	0.21061	0.04523	0.01529	0.05800	0.03908	0.05094	0.01061	0.01342	0.01034	0.05959	0.03391	0.00643	0.03378	0.00154	0.00600	0.00409	0.00245	0.00613
4	0.00866	0.04286	0.00809	0.00703	0.00847	0.07555	0.00522	0.04695	0.02789	0.01449	0.20272	0.17808	0.12470	0.06353	0.03383	0.08074	0.00397	0.00777	0.00391	0.05555
5	0.08119	0.05485	0.00737	0.00683	0.00791	0.00616	0.00498	0.00962	0.07256	0.01430	0.10794	0.47690	0.05482	0.04393	0.00621	0.00187	0.00312	0.03074	0.00423	0.00447

[dist]
# distance from previous block
# <min> <max>
27	127

[block]
# block no. 5 follows, 53 sequences, length 8
# corresponding to MSA columns:
# 481-488
name=unknown_F
#
# <colnr> <probs for GDERKNQSTAVLIFYWHMCP>
#	G	D	E	R	K	N	Q	S	T	A	V	L	I	F	Y	W	H	M	C	P
0	0.00967	0.10664	0.20525	0.06488	0.09264	0.03156	0.00981	0.01228	0.00977	0.01351	0.01279	0.04436	0.06834	0.11240	0.00689	0.00170	0.00515	0.00467	0.00263	0.18507
1	0.01571	0.01902	0.01445	0.01350	0.06805	0.56409	0.04346	0.01760	0.03821	0.01256	0.00792	0.00961	0.00664	0.00524	0.00573	0.00135	0.10485	0.00347	0.00251	0.04604
2	0.01111	0.02194	0.64878	0.01353	0.02000	0.01096	0.07100	0.04705	0.01100	0.08619	0.00969	0.01090	0.00674	0.00468	0.00465	0.00151	0.00679	0.00383	0.00251	0.00716
3	0.00859	0.01239	0.24455	0.04906	0.01473	0.00847	0.09033	0.03575	0.03389	0.01558	0.16537	0.05308	0.18887	0.00780	0.00578	0.00159	0.04843	0.00665	0.00346	0.00561
4	0.00891	0.00445	0.00445	0.00445	0.00557	0.00445	0.00334	0.01114	0.01002	0.01782	0.01559	0.01782	0.01225	0.00557	0.00334	0.00111	0.00223	0.00445	0.85856	0.00445
5	0.00773	0.03629	0.03651	0.03678	0.00970	0.00589	0.04410	0.00990	0.01223	0.04504	0.45244	0.03356	0.18808	0.03249	0.00600	0.00162	0.00319	0.02912	0.00454	0.00477
6	0.05314	0.00962	0.01426	0.07072	0.18325	0.00893	0.10240	0.02997	0.03968	0.06014	0.01126	0.03104	0.03112	0.00468	0.00437	0.00122	0.00477	0.00425	0.00301	0.33216
7	0.03014	0.03162	0.01216	0.01036	0.03096	0.08696	0.09494	0.11169	0.03668	0.03094	0.16322	0.19222	0.05360	0.00863	0.00625	0.00162	0.08130	0.00733	0.00389	0.00550

[dist]
# distance from previous block
# <min> <max>
0	9

[block]
# block no. 6 follows, 53 sequences, length 14
# corresponding to MSA columns:
# 498-511
name=unknown_G
#
# <colnr> <probs for GDERKNQSTAVLIFYWHMCP>
#	G	D	E	R	K	N	Q	S	T	A	V	L	I	F	Y	W	H	M	C	P
0	0.02825	0.04570	0.06535	0.02494	0.01152	0.10559	0.00737	0.05187	0.10513	0.08895	0.18397	0.04175	0.13759	0.00779	0.00545	0.00151	0.04118	0.02003	0.00409	0.02197
1	0.75596	0.01038	0.03000	0.02868	0.01061	0.04641	0.00604	0.03749	0.00890	0.02085	0.00694	0.00811	0.00536	0.00451	0.00317	0.00147	0.00413	0.00273	0.00294	0.00534
2	0.00742	0.00584	0.00662	0.00638	0.00773	0.00580	0.00466	0.01120	0.16608	0.01575	0.27216	0.10309	0.24012	0.11634	0.00794	0.00200	0.00295	0.00861	0.00458	0.00472
3	0.00891	0.00445	0.00445	0.00445	0.00557	0.00445	0.00334	0.01114	0.01002	0.01782	0.01559	0.01782	0.01225	0.00557	0.00334	0.00111	0.00223	0.00445	0.85856	0.00445
4	0.01105	0.03458	0.19394	0.09345	0.18492	0.01132	0.18398	0.01617	0.12078	0.03942	0.04073	0.01352	0.00953	0.00496	0.00510	0.00153	0.02065	0.00470	0.00283	0.00682
5	0.00897	0.00634	0.07926	0.00531	0.00698	0.00507	0.00468	0.01151	0.01003	0.01757	0.01494	0.01710	0.01167	0.00547	0.00345	0.00115	0.00268	0.00437	0.77875	0.00470
6	0.01070	0.03219	0.03217	0.05923	0.13413	0.04544	0.00795	0.10922	0.02993	0.05502	0.08885	0.08646	0.18781	0.00763	0.00495	0.00144	0.00424	0.00646	0.00379	0.09238
7	0.00990	0.10039	0.12421	0.07605	0.01551	0.00988	0.12253	0.02889	0.08960	0.02968	0.03815	0.11645	0.06242	0.03163	0.00563	0.00158	0.01988	0.02100	0.00321	0.09341
8	0.64289	0.02691	0.00954	0.04758	0.01179	0.04824	0.02974	0.08613	0.00990	0.02073	0.00731	0.00861	0.00566	0.00467	0.00366	0.00148	0.02363	0.00298	0.00301	0.00553
9	0.00789	0.08270	0.00851	0.00687	0.00784	0.00712	0.00501	0.01000	0.08464	0.01128	0.01435	0.05561	0.01469	0.35566	0.30225	0.00498	0.00745	0.00600	0.00295	0.00419
10	0.03250	0.02915	0.11321	0.06571	0.21949	0.00905	0.03930	0.04688	0.03491	0.03109	0.11627	0.04618	0.05476	0.10793	0.03152	0.00207	0.00519	0.00572	0.00319	0.00589
11	0.00868	0.00904	0.07428	0.57617	0.02632	0.00953	0.01181	0.01154	0.00974	0.01290	0.08319	0.06236	0.01151	0.00643	0.00583	0.03847	0.02938	0.00514	0.00254	0.00515
12	0.01595	0.05041	0.02975	0.01128	0.01383	0.58176	0.00877	0.07313	0.04007	0.01404	0.08207	0.01196	0.01038	0.00638	0.02870	0.00148	0.00758	0.00381	0.00295	0.00572
13	0.01179	0.11818	0.06962	0.02299	0.08139	0.01027	0.05311	0.10174	0.02480	0.11010	0.02835	0.06505	0.13841	0.00784	0.02358	0.00164	0.05834	0.03099	0.00360	0.03820

[dist]
# distance from previous block
# <min> <max>
13	61

[block]
# block no. 7 follows, 53 sequences, length 37
# corresponding to MSA columns:
# 593-629
name=unknown_H
#
# <colnr> <probs for GDERKNQSTAVLIFYWHMCP>
#	G	D	E	R	K	N	Q	S	T	A	V	L	I	F	Y	W	H	M	C	P
0	0.03653	0.05823	0.12125	0.01000	0.02637	0.11133	0.00882	0.12774	0.11526	0.08352	0.03802	0.03290	0.05581	0.00620	0.00460	0.00140	0.00504	0.04278	0.00371	0.11049
1	0.03518	0.06776	0.09785	0.03677	0.06121	0.14563	0.03249	0.19949	0.04625	0.03123	0.03765	0.06390	0.04118	0.00610	0.00463	0.00140	0.00554	0.01606	0.00344	0.06625
2	0.02071	0.09592	0.07069	0.01177	0.08425	0.04381	0.03801	0.14026	0.27180	0.04122	0.06555	0.02311	0.02837	0.00589	0.00465	0.00144	0.00477	0.00486	0.00390	0.03903
3	0.01519	0.02926	0.07400	0.01116	0.02883	0.01248	0.05262	0.44231	0.08863	0.06465	0.04537	0.02725	0.01054	0.00573	0.00475	0.00142	0.00506	0.00464	0.00427	0.07184
4	0.04459	0.03606	0.05428	0.04730	0.12885	0.02400	0.02792	0.12362	0.16525	0.03991	0.08231	0.03683	0.09938	0.00692	0.00492	0.00153	0.00452	0.04180	0.00389	0.02614
5	0.01211	0.02556	0.04282	0.01351	0.19733	0.08369	0.02093	0.05608	0.02969	0.07357	0.01228	0.05279	0.04320	0.00519	0.00436	0.00119	0.00480	0.00438	0.00316	0.31336
6	0.02525	0.03496	0.07915	0.04148	0.09303	0.02335	0.03832	0.06393	0.05118	0.01691	0.13735	0.03243	0.03847	0.00561	0.00446	0.00122	0.00435	0.00479	0.00335	0.30042
7	0.02701	0.01100	0.05238	0.01844	0.04726	0.02348	0.05166	0.10726	0.27897	0.08897	0.01380	0.02566	0.01047	0.00533	0.00452	0.00134	0.00449	0.00448	0.00395	0.21952
8	0.00991	0.04176	0.01173	0.07977	0.13058	0.05779	0.02668	0.05583	0.06984	0.01569	0.12169	0.11456	0.09454	0.00803	0.00531	0.00154	0.01935	0.06692	0.00367	0.06482
9	0.04832	0.01159	0.03673	0.04948	0.50351	0.01121	0.20639	0.01444	0.01081	0.01557	0.01051	0.01319	0.03703	0.00453	0.00491	0.00148	0.00612	0.00473	0.00247	0.00697
10	0.01148	0.05573	0.04429	0.08169	0.18487	0.09145	0.22098	0.01505	0.07060	0.01439	0.01096	0.04800	0.02505	0.00545	0.00587	0.00153	0.07824	0.00497	0.00265	0.02675
11	0.00579	0.00430	0.00541	0.00629	0.00684	0.00391	0.00428	0.00670	0.00950	0.01234	0.03074	0.67294	0.18474	0.01440	0.00601	0.00188	0.00270	0.01289	0.00444	0.00391
12	0.01035	0.04409	0.01024	0.00874	0.01078	0.03799	0.03564	0.06608	0.25668	0.04177	0.13639	0.13404	0.04971	0.04750	0.00620	0.00179	0.00397	0.08779	0.00443	0.00581
13	0.00667	0.00486	0.00627	0.00596	0.00709	0.00446	0.00445	0.00881	0.01323	0.01857	0.72992	0.06084	0.09079	0.01007	0.00565	0.00152	0.00228	0.00888	0.00519	0.00446
14	0.01580	0.01274	0.03528	0.01145	0.05108	0.03247	0.00904	0.52710	0.15960	0.02595	0.04173	0.03224	0.01105	0.00611	0.00484	0.00148	0.00498	0.00482	0.00456	0.00768
15	0.01361	0.00662	0.00861	0.00723	0.00964	0.00596	0.00573	0.01612	0.05002	0.37733	0.34399	0.02686	0.09173	0.00805	0.00522	0.00151	0.00317	0.00686	0.00547	0.00627
16	0.00915	0.01123	0.22572	0.03424	0.01270	0.00743	0.00910	0.07056	0.01232	0.05748	0.24794	0.08337	0.10056	0.00864	0.00534	0.00162	0.00430	0.08865	0.00405	0.00559
17	0.01795	0.04514	0.01470	0.01097	0.01472	0.06179	0.00906	0.71195	0.02146	0.02832	0.01105	0.01116	0.00794	0.00563	0.00469	0.00141	0.00545	0.00417	0.00454	0.00790
18	0.01181	0.01141	0.01973	0.02899	0.77269	0.01138	0.04392	0.01469	0.01090	0.01560	0.00902	0.01187	0.00756	0.00425	0.00477	0.00143	0.00577	0.00431	0.00237	0.00753
19	0.01038	0.06932	0.47443	0.01413	0.07570	0.04132	0.08956	0.01557	0.07475	0.01533	0.04481	0.01302	0.03049	0.00505	0.00467	0.00149	0.00639	0.00427	0.00254	0.00677
20	0.00665	0.00488	0.00623	0.00589	0.00707	0.00446	0.00442	0.00880	0.01326	0.01853	0.72275	0.03676	0.12244	0.01001	0.00564	0.00151	0.00227	0.00879	0.00518	0.00446
21	0.00998	0.00994	0.01829	0.51527	0.14999	0.01107	0.18990	0.01330	0.01016	0.01345	0.00884	0.01264	0.00676	0.00453	0.00497	0.00157	0.00665	0.00457	0.00223	0.00592
22	0.00582	0.00416	0.00555	0.00666	0.00693	0.00388	0.00444	0.00666	0.00915	0.01220	0.02634	0.82891	0.03161	0.01497	0.00610	0.00194	0.00277	0.01359	0.00444	0.00388
23	0.00991	0.00850	0.00991	0.00708	0.01133	0.00637	0.00566	0.01203	0.00991	0.01557	0.00850	0.00991	0.00708	0.00354	0.00354	0.00071	0.00354	0.00283	0.00283	0.86124
24	0.01097	0.18083	0.53062	0.04229	0.04814	0.03114	0.01472	0.01547	0.02605	0.04500	0.00880	0.01014	0.00654	0.00455	0.00428	0.00141	0.00646	0.00347	0.00226	0.00685
25	0.01665	0.08404	0.01572	0.01368	0.07763	0.59948	0.05035	0.06223	0.01343	0.01322	0.00781	0.00919	0.00644	0.00481	0.00434	0.00126	0.00789	0.00334	0.00255	0.00594
26	0.01014	0.03447	0.66116	0.03400	0.04496	0.01120	0.05712	0.01563	0.04067	0.03335	0.00928	0.01076	0.00664	0.00461	0.00461	0.00151	0.00683	0.00377	0.00225	0.00703
27	0.00935	0.00547	0.00717	0.00641	0.00802	0.00494	0.00493	0.01149	0.01345	0.15980	0.63063	0.03262	0.06846	0.00917	0.00549	0.00150	0.00259	0.00801	0.00535	0.00514
28	0.01236	0.01096	0.03354	0.01124	0.07125	0.02773	0.00842	0.13137	0.51426	0.02044	0.04815	0.01859	0.03263	0.00660	0.00493	0.00158	0.00425	0.02989	0.00453	0.00729
29	0.00590	0.00416	0.00557	0.00664	0.00691	0.00389	0.00443	0.00664	0.00906	0.01208	0.02576	0.80271	0.03086	0.01503	0.00651	0.02957	0.00282	0.01328	0.00436	0.00382
30	0.01576	0.01007	0.01138	0.00915	0.01229	0.01055	0.00739	0.34633	0.13204	0.20886	0.07627	0.01897	0.08540	0.02651	0.00541	0.00157	0.00426	0.00550	0.00502	0.00728
31	0.02144	0.00813	0.01109	0.00850	0.01220	0.00702	0.00702	0.02329	0.01368	0.80552	0.01886	0.01627	0.01183	0.00592	0.00481	0.00148	0.00407	0.00481	0.00592	0.00813
32	0.00818	0.00634	0.00780	0.00765	0.02627	0.02856	0.00540	0.06421	0.00927	0.01264	0.07274	0.02407	0.04507	0.30075	0.32515	0.00498	0.03760	0.00603	0.00308	0.00423
33	0.01027	0.00850	0.00937	0.00839	0.01068	0.00928	0.00649	0.04308	0.47685	0.01966	0.25523	0.02353	0.04672	0.00749	0.00506	0.00154	0.00332	0.00638	0.00488	0.04329
34	0.00861	0.03150	0.00771	0.00667	0.00831	0.06544	0.00514	0.04699	0.01314	0.04602	0.46153	0.03331	0.20792	0.00983	0.01637	0.00158	0.00323	0.01716	0.00473	0.00483
35	0.04118	0.00871	0.01074	0.03378	0.01254	0.00691	0.03965	0.01226	0.00989	0.01567	0.00848	0.01005	0.00699	0.00363	0.00365	0.00080	0.00383	0.00299	0.00280	0.76544
36	0.02349	0.38077	0.05237	0.00919	0.01291	0.01330	0.04171	0.05254	0.02304	0.22190	0.01176	0.06175	0.00950	0.00552	0.00447	0.00131	0.03469	0.00420	0.00343	0.03216

[dist]
# distance from previous block
# <min> <max>
0	9

[block]
# block no. 8 follows, 53 sequences, length 16
# corresponding to MSA columns:
# 639-654
name=unknown_I
#
# <colnr> <probs for GDERKNQSTAVLIFYWHMCP>
#	G	D	E	R	K	N	Q	S	T	A	V	L	I	F	Y	W	H	M	C	P
0	0.27959	0.14273	0.05589	0.01079	0.07363	0.14262	0.02872	0.07203	0.01121	0.04332	0.00982	0.01377	0.00851	0.00549	0.00406	0.00144	0.00537	0.08207	0.00300	0.00594
1	0.10844	0.12031	0.24584	0.01236	0.08227	0.04146	0.03730	0.10288	0.05769	0.01737	0.07007	0.02235	0.01021	0.00541	0.00492	0.00146	0.04603	0.00416	0.00295	0.00652
2	0.04585	0.01075	0.01618	0.05894	0.30285	0.01232	0.04494	0.05187	0.03683	0.01510	0.00840	0.01134	0.00718	0.00581	0.00844	0.00163	0.29030	0.00417	0.00252	0.06458
3	0.00700	0.00533	0.00783	0.00773	0.00849	0.00627	0.00597	0.00856	0.00762	0.01099	0.01266	0.01923	0.01206	0.08735	0.72533	0.00723	0.04836	0.00520	0.00256	0.00422
4	0.01450	0.01542	0.01694	0.05061	0.12591	0.28857	0.16727	0.08647	0.13438	0.03698	0.01066	0.01199	0.00822	0.00499	0.00480	0.00144	0.00683	0.00433	0.00310	0.00661
5	0.00684	0.00507	0.00742	0.00742	0.00819	0.00583	0.00565	0.00837	0.00760	0.01090	0.01304	0.02009	0.01252	0.11937	0.73034	0.00736	0.01195	0.00531	0.00260	0.00412
6	0.01173	0.04633	0.23192	0.01115	0.06966	0.04773	0.01005	0.05546	0.05099	0.14294	0.10548	0.16447	0.01683	0.00742	0.00497	0.00155	0.00488	0.00629	0.00380	0.00636
7	0.00830	0.00415	0.00623	0.00623	0.00623	0.00415	0.00415	0.00623	0.00623	0.00830	0.00830	0.01453	0.00830	0.01660	0.01868	0.86094	0.00415	0.00415	0.00208	0.00208
8	0.01390	0.01218	0.03994	0.01190	0.07993	0.04484	0.00896	0.27047	0.39063	0.02238	0.04327	0.01527	0.01237	0.00604	0.00482	0.00152	0.00467	0.00491	0.00445	0.00754
9	0.00842	0.00581	0.00721	0.00737	0.00845	0.00568	0.00526	0.11923	0.01128	0.04922	0.02323	0.64632	0.02648	0.01284	0.00576	0.00180	0.00321	0.01148	0.00449	0.03646
10	0.00597	0.00447	0.00554	0.00608	0.00686	0.00405	0.00425	0.00718	0.01046	0.01378	0.18794	0.47584	0.22372	0.01322	0.00590	0.00177	0.00258	0.01173	0.00460	0.00405
11	0.04568	0.13384	0.01585	0.03526	0.01478	0.04795	0.05200	0.40105	0.09642	0.02225	0.01105	0.03009	0.00863	0.00575	0.00523	0.00145	0.05747	0.00432	0.00383	0.00710
12	0.01127	0.01241	0.02575	0.04331	0.14921	0.01205	0.60263	0.01494	0.01098	0.01509	0.00936	0.01260	0.00723	0.00430	0.00596	0.00160	0.04708	0.00531	0.00239	0.00654
13	0.01035	0.00878	0.01014	0.00737	0.01153	0.00699	0.00590	0.04454	0.04926	0.01639	0.00916	0.01037	0.00749	0.00378	0.00366	0.00078	0.00362	0.00302	0.00301	0.78385
14	0.07099	0.10272	0.28112	0.01569	0.18482	0.05546	0.05891	0.07659	0.01132	0.01626	0.03682	0.01118	0.00798	0.00488	0.00497	0.00145	0.04565	0.00390	0.00255	0.00673
15	0.65062	0.04005	0.02409	0.02011	0.05235	0.04692	0.00659	0.05973	0.00963	0.04285	0.00750	0.00859	0.00578	0.00456	0.00333	0.00145	0.00427	0.00290	0.00303	0.00565

[dist]
# distance from previous block
# <min> <max>
5	8

[block]
# block no. 9 follows, 53 sequences, length 25
# corresponding to MSA columns:
# 665-689
name=unknown_J
#
# <colnr> <probs for GDERKNQSTAVLIFYWHMCP>
#	G	D	E	R	K	N	Q	S	T	A	V	L	I	F	Y	W	H	M	C	P
0	0.01230	0.38816	0.07701	0.01002	0.01293	0.14587	0.00924	0.01394	0.00990	0.01179	0.00996	0.01153	0.06573	0.00586	0.00651	0.00139	0.19618	0.00366	0.00230	0.00574
1	0.01228	0.01294	0.02557	0.01994	0.09934	0.05155	0.62377	0.01592	0.01150	0.06344	0.01005	0.01278	0.00751	0.00421	0.00543	0.00157	0.00761	0.00533	0.00263	0.00661
2	0.01661	0.01858	0.02820	0.01263	0.04222	0.50848	0.04779	0.08272	0.11892	0.06320	0.01024	0.01091	0.00790	0.00519	0.00454	0.00135	0.00726	0.00377	0.00317	0.00633
3	0.37646	0.04156	0.01296	0.15732	0.12513	0.01115	0.06781	0.06932	0.01034	0.04567	0.00884	0.02786	0.00701	0.00481	0.00401	0.00149	0.00493	0.00381	0.01358	0.00594
4	0.21592	0.02223	0.06719	0.00909	0.02220	0.04096	0.00782	0.20294	0.01355	0.13578	0.04764	0.01680	0.02847	0.00616	0.00443	0.00147	0.00457	0.07716	0.00399	0.07164
5	0.01121	0.01147	0.06846	0.03515	0.19765	0.01125	0.11073	0.01951	0.39332	0.01744	0.01645	0.01680	0.05713	0.00581	0.00496	0.00156	0.00498	0.00529	0.00368	0.00713
6	0.00715	0.00478	0.00629	0.00644	0.00737	0.00440	0.00467	0.00878	0.01164	0.05713	0.40772	0.35330	0.05933	0.01181	0.00580	0.00170	0.00262	0.02974	0.00492	0.00443
7	0.01175	0.01216	0.07522	0.07368	0.37201	0.01232	0.05357	0.08396	0.06553	0.01614	0.00938	0.01193	0.00765	0.00540	0.00694	0.00160	0.16684	0.00435	0.00266	0.00691
8	0.00586	0.00419	0.00558	0.00663	0.00694	0.00391	0.00444	0.00675	0.00933	0.01248	0.05714	0.79731	0.03215	0.01477	0.00608	0.00192	0.00275	0.01339	0.00447	0.00391
9	0.01559	0.01470	0.14247	0.01202	0.05413	0.04845	0.01038	0.41367	0.14935	0.07182	0.01250	0.01251	0.00900	0.00557	0.00473	0.00147	0.00540	0.00434	0.00419	0.00772
10	0.03433	0.14769	0.01758	0.01628	0.21641	0.31659	0.04766	0.01588	0.01118	0.01301	0.00762	0.00972	0.00656	0.00502	0.00576	0.00138	0.11529	0.00355	0.00233	0.00615
11	0.00594	0.00424	0.00568	0.00678	0.00711	0.00398	0.00463	0.00685	0.00926	0.01233	0.02628	0.78212	0.03136	0.01487	0.00613	0.00196	0.00287	0.05926	0.00443	0.00391
12	0.01562	0.01128	0.01235	0.01005	0.01330	0.01236	0.00819	0.45089	0.21021	0.08777	0.02883	0.01761	0.04020	0.00668	0.00496	0.00154	0.00460	0.05112	0.00486	0.00756
13	0.00969	0.02400	0.75966	0.01402	0.02095	0.01116	0.06453	0.01515	0.01016	0.01515	0.00864	0.01026	0.00613	0.00451	0.00461	0.00152	0.00712	0.00366	0.00204	0.00703
14	0.86579	0.00924	0.00702	0.00629	0.00924	0.01072	0.00518	0.01405	0.00813	0.02144	0.00666	0.00776	0.00518	0.00444	0.00296	0.00148	0.00370	0.00259	0.00296	0.00518
15	0.00724	0.00597	0.00883	0.00846	0.00966	0.00582	0.09537	0.01004	0.10064	0.01410	0.09242	0.54245	0.05558	0.01216	0.00585	0.00182	0.00345	0.01116	0.00432	0.00467
16	0.00683	0.00512	0.00768	0.00768	0.00853	0.00597	0.00597	0.00853	0.00768	0.01110	0.01280	0.01878	0.01195	0.03585	0.81308	0.00768	0.01280	0.00512	0.00256	0.00427
17	0.01162	0.01103	0.06209	0.19707	0.06078	0.02393	0.09792	0.06697	0.28389	0.05589	0.03519	0.01648	0.03196	0.00582	0.00496	0.00158	0.00528	0.01720	0.00366	0.00670
18	0.00695	0.00463	0.00521	0.00521	0.00521	0.00463	0.00290	0.00695	0.00695	0.00927	0.01506	0.03128	0.01738	0.83203	0.02433	0.00463	0.00463	0.00695	0.00290	0.00290
19	0.01182	0.01156	0.01858	0.07555	0.70659	0.04670	0.01416	0.01457	0.01089	0.01517	0.00921	0.02679	0.00788	0.00452	0.00474	0.00143	0.00580	0.00438	0.00239	0.00728
20	0.00666	0.00486	0.00626	0.00595	0.00709	0.00446	0.00445	0.00881	0.01323	0.01855	0.72688	0.05914	0.09561	0.01008	0.00565	0.00152	0.00228	0.00888	0.00518	0.00446
21	0.01498	0.01115	0.01183	0.00986	0.01294	0.03959	0.00787	0.27985	0.36502	0.11418	0.06789	0.01637	0.01382	0.00633	0.00486	0.00152	0.00438	0.00510	0.00490	0.00755
22	0.00906	0.00539	0.00712	0.00640	0.00793	0.00490	0.00490	0.01125	0.01355	0.14218	0.67754	0.03266	0.03989	0.00917	0.00551	0.00150	0.00254	0.00804	0.00536	0.00508
23	0.01532	0.01488	0.06100	0.04694	0.01526	0.17909	0.00937	0.32118	0.24740	0.02161	0.01268	0.01274	0.00943	0.00568	0.00469	0.00146	0.00568	0.00433	0.00404	0.00724
24	0.43746	0.01116	0.00986	0.00838	0.01149	0.07079	0.00677	0.17150	0.13928	0.07546	0.01058	0.01078	0.00782	0.00517	0.00386	0.00147	0.00441	0.00358	0.00380	0.00638

[dist]
# distance from previous block
# <min> <max>
2	4

[block]
# block no. 10 follows, 53 sequences, length 48
# corresponding to MSA columns:
# 694-707,710-712,722-743,784-792
name=unknown_K
#
# <colnr> <probs for GDERKNQSTAVLIFYWHMCP>
#	G	D	E	R	K	N	Q	S	T	A	V	L	I	F	Y	W	H	M	C	P
0	0.06969	0.00985	0.02814	0.00907	0.01227	0.00987	0.00749	0.23451	0.12653	0.30162	0.05700	0.01613	0.01250	0.00686	0.00566	0.05697	0.00432	0.01947	0.00487	0.00719
1	0.00781	0.00587	0.00777	0.00756	0.00848	0.01855	0.00572	0.06106	0.00873	0.01215	0.01341	0.02146	0.01306	0.17907	0.57736	0.00644	0.01048	0.02789	0.00283	0.00430
2	0.86579	0.00924	0.00702	0.00629	0.00924	0.01072	0.00518	0.01405	0.00813	0.02144	0.00666	0.00776	0.00518	0.00444	0.00296	0.00148	0.00370	0.00259	0.00296	0.00518
3	0.01035	0.05531	0.70720	0.01352	0.03453	0.01167	0.01664	0.06843	0.01095	0.01603	0.00871	0.01012	0.00623	0.00460	0.00450	0.00149	0.00684	0.00356	0.00222	0.00711
4	0.14639	0.00916	0.01107	0.00897	0.01232	0.00926	0.03476	0.03720	0.22704	0.42747	0.01670	0.01519	0.01134	0.00578	0.00457	0.00152	0.00410	0.00465	0.00503	0.00747
5	0.00826	0.00714	0.06013	0.00798	0.00936	0.00659	0.03507	0.03538	0.05021	0.03192	0.01522	0.05216	0.01532	0.30206	0.26934	0.00464	0.00740	0.07423	0.00314	0.00445
6	0.01823	0.00760	0.01022	0.00811	0.01133	0.00666	0.00663	0.02037	0.02745	0.62134	0.13797	0.02037	0.01736	0.00670	0.00496	0.00149	0.00378	0.03161	0.00566	0.03218
7	0.01768	0.02241	0.01346	0.01224	0.01471	0.78899	0.00919	0.01927	0.03677	0.01194	0.00775	0.00889	0.00641	0.00497	0.00433	0.00124	0.00848	0.00315	0.00253	0.00560
8	0.00666	0.00488	0.00624	0.00590	0.00708	0.00446	0.00443	0.00881	0.01328	0.01857	0.72817	0.03668	0.11699	0.00999	0.00564	0.00151	0.00227	0.00878	0.00518	0.00446
9	0.01348	0.01106	0.01171	0.01005	0.01304	0.01263	0.00795	0.21875	0.59762	0.02257	0.01743	0.01622	0.01295	0.00629	0.00484	0.00157	0.00416	0.00512	0.00484	0.00771
10	0.00676	0.00489	0.00639	0.00601	0.00714	0.00451	0.00451	0.00902	0.01353	0.01917	0.79969	0.03570	0.04510	0.00977	0.00564	0.00150	0.00225	0.00864	0.00526	0.00451
11	0.00636	0.00456	0.00593	0.00684	0.00727	0.00436	0.00464	0.04042	0.00973	0.01298	0.02570	0.79351	0.03060	0.01457	0.00604	0.00192	0.00288	0.01319	0.00445	0.00407
12	0.00978	0.00842	0.00995	0.00730	0.01122	0.00664	0.00583	0.01181	0.00977	0.01527	0.00907	0.04052	0.00796	0.00418	0.00416	0.00081	0.03901	0.00329	0.00286	0.79216
13	0.01132	0.01392	0.25304	0.01130	0.03928	0.00864	0.09433	0.01467	0.01057	0.10435	0.00983	0.01106	0.00734	0.00418	0.00425	0.00116	0.00522	0.00361	0.00287	0.38906
14	0.01277	0.01286	0.04257	0.02294	0.46541	0.07976	0.12743	0.08007	0.01207	0.03302	0.00976	0.01292	0.00804	0.00484	0.00523	0.00148	0.03213	0.02690	0.00270	0.00711
15	0.00930	0.00877	0.01482	0.74461	0.10674	0.01069	0.01341	0.01245	0.00968	0.01254	0.00854	0.01266	0.00649	0.00473	0.00477	0.00158	0.00630	0.00425	0.00215	0.00553
16	0.00704	0.03626	0.03931	0.00612	0.00799	0.03126	0.00493	0.00930	0.06403	0.01368	0.09729	0.07244	0.52916	0.03863	0.01993	0.00179	0.00325	0.00886	0.00420	0.00452
17	0.01785	0.02278	0.01354	0.01231	0.01478	0.81284	0.00924	0.01909	0.01354	0.01170	0.00739	0.00862	0.00616	0.00493	0.00431	0.00123	0.00862	0.00308	0.00246	0.00554
18	0.01142	0.04094	0.02090	0.09230	0.27487	0.01193	0.30026	0.01659	0.15017	0.01582	0.01098	0.01323	0.00854	0.00461	0.00504	0.00153	0.00627	0.00492	0.00280	0.00690
19	0.01284	0.00792	0.00979	0.00738	0.01106	0.00631	0.00591	0.01485	0.01130	0.24485	0.08274	0.04141	0.01267	0.00517	0.00418	0.00104	0.00355	0.00428	0.00400	0.50874
20	0.00991	0.00850	0.00991	0.00708	0.01133	0.00637	0.00566	0.01203	0.00991	0.01557	0.00850	0.00991	0.00708	0.00354	0.00354	0.00071	0.00354	0.00283	0.00283	0.86124
21	0.00931	0.03328	0.03014	0.01223	0.05522	0.02595	0.24001	0.01321	0.10822	0.01548	0.13731	0.04576	0.20967	0.00765	0.00573	0.00159	0.03291	0.00705	0.00366	0.00564
22	0.01282	0.00645	0.00836	0.00696	0.00941	0.00561	0.00551	0.01477	0.01302	0.33771	0.33751	0.02723	0.11897	0.00805	0.00515	0.00145	0.00310	0.00685	0.00526	0.06581
23	0.00608	0.00486	0.00544	0.00529	0.00672	0.00422	0.00397	0.00769	0.01191	0.01533	0.33871	0.04202	0.50847	0.01120	0.00564	0.00157	0.00236	0.00953	0.00476	0.00422
24	0.00583	0.00485	0.00509	0.00503	0.00656	0.00411	0.00377	0.00720	0.01131	0.01390	0.16726	0.04437	0.68081	0.01174	0.00565	0.00160	0.00239	0.00986	0.00457	0.00411
25	0.01258	0.01028	0.01155	0.01099	0.06940	0.01147	0.00800	0.20876	0.43924	0.02110	0.01823	0.10903	0.03350	0.00724	0.00499	0.00160	0.00413	0.00610	0.00460	0.00720
26	0.00991	0.00850	0.00991	0.00708	0.01133	0.00637	0.00566	0.01203	0.00991	0.01557	0.00850	0.00991	0.00708	0.00354	0.00354	0.00071	0.00354	0.00283	0.00283	0.86124
27	0.01589	0.01041	0.04701	0.07773	0.04751	0.04373	0.08800	0.10820	0.01350	0.34997	0.04155	0.01763	0.02725	0.00606	0.00496	0.00151	0.00510	0.05197	0.00440	0.03763
28	0.01431	0.01589	0.14785	0.03637	0.03565	0.15019	0.05075	0.29451	0.04146	0.01979	0.04052	0.01191	0.00877	0.00574	0.00605	0.00151	0.10434	0.00422	0.00336	0.00681
29	0.01108	0.01257	0.02736	0.01964	0.02431	0.01178	0.75571	0.01499	0.01120	0.01519	0.01029	0.04336	0.00816	0.00444	0.00566	0.00162	0.00786	0.00594	0.00249	0.00635
30	0.00890	0.00747	0.00808	0.00741	0.00951	0.00782	0.00569	0.01601	0.37123	0.01756	0.19016	0.02967	0.25460	0.00874	0.00521	0.00156	0.00305	0.00738	0.00475	0.03518
31	0.00632	0.00487	0.00578	0.00555	0.00687	0.00432	0.00416	0.00816	0.01248	0.01669	0.50161	0.03979	0.34472	0.01070	0.00564	0.00155	0.00232	0.00922	0.00493	0.00432
32	0.01125	0.01076	0.01835	0.19328	0.64280	0.01120	0.01438	0.01416	0.01061	0.01491	0.00889	0.01202	0.00732	0.00437	0.00474	0.00146	0.00582	0.00426	0.00232	0.00710
33	0.00730	0.00658	0.03506	0.00955	0.02958	0.00586	0.11980	0.03442	0.00998	0.01343	0.02241	0.63591	0.02585	0.01247	0.00591	0.00185	0.00384	0.01156	0.00402	0.00459
34	0.00991	0.00850	0.00991	0.00708	0.01133	0.00637	0.00566	0.01203	0.00991	0.01557	0.00850	0.00991	0.00708	0.00354	0.00354	0.00071	0.00354	0.00283	0.00283	0.86124
35	0.01643	0.01985	0.01278	0.01157	0.01407	0.63401	0.00874	0.03854	0.13673	0.01351	0.01105	0.01166	0.03968	0.00548	0.00446	0.00131	0.00752	0.00376	0.00298	0.00586
36	0.01353	0.01196	0.01306	0.01101	0.01370	0.06630	0.04206	0.19861	0.42778	0.02048	0.01468	0.01458	0.01114	0.00635	0.00624	0.00161	0.11064	0.00485	0.00422	0.00721
37	0.35196	0.01188	0.06074	0.02561	0.06044	0.13442	0.00776	0.03937	0.01071	0.08579	0.07591	0.05867	0.01113	0.00590	0.00459	0.00149	0.04025	0.00431	0.00332	0.00573
38	0.02144	0.00813	0.01109	0.00850	0.01220	0.00702	0.00702	0.02329	0.01368	0.80552	0.01886	0.01627	0.01183	0.00592	0.00481	0.00148	0.00407	0.00481	0.00592	0.00813
39	0.00644	0.00487	0.00595	0.00568	0.00694	0.00437	0.00426	0.00840	0.01277	0.01737	0.58429	0.03865	0.26162	0.01044	0.00564	0.00154	0.00230	0.00906	0.00503	0.00437
40	0.00582	0.00416	0.00555	0.00666	0.00693	0.00388	0.00444	0.00666	0.00915	0.01220	0.02634	0.82891	0.03161	0.01497	0.00610	0.00194	0.00277	0.01359	0.00444	0.00388
41	0.01278	0.83490	0.02505	0.00818	0.01227	0.01891	0.00818	0.01431	0.00971	0.01125	0.00664	0.00767	0.00613	0.00409	0.00307	0.00102	0.00511	0.00256	0.00204	0.00613
42	0.65973	0.00897	0.00802	0.00683	0.00997	0.00982	0.00563	0.01631	0.00949	0.21279	0.00963	0.00984	0.00680	0.00480	0.00341	0.00148	0.00379	0.00313	0.00368	0.00590
43	0.01817	0.01339	0.01434	0.01100	0.01482	0.01482	0.00908	0.78627	0.02247	0.03012	0.01148	0.01148	0.00813	0.00574	0.00478	0.00143	0.00526	0.00430	0.00478	0.00813
44	0.01743	0.01137	0.01244	0.00995	0.01342	0.04082	0.00807	0.33952	0.20839	0.25013	0.01536	0.01428	0.01069	0.00591	0.00477	0.00147	0.00465	0.00465	0.00501	0.02167
45	0.01817	0.01339	0.01434	0.01100	0.01482	0.01482	0.00908	0.78627	0.02247	0.03012	0.01148	0.01148	0.00813	0.00574	0.00478	0.00143	0.00526	0.00430	0.00478	0.00813
46	0.01183	0.01057	0.01454	0.04804	0.33848	0.01154	0.01067	0.05904	0.34424	0.01771	0.01374	0.01520	0.01093	0.04127	0.00596	0.00167	0.02890	0.00486	0.00356	0.00724
47	0.01295	0.80808	0.02470	0.00827	0.01235	0.01878	0.00821	0.03952	0.01013	0.01186	0.00680	0.00779	0.00620	0.00414	0.00312	0.00104	0.00512	0.00261	0.00213	0.00620

[dist]
# distance from previous block
# <min> <max>
0	1

[block]
# block no. 11 follows, 53 sequences, length 22
# corresponding to MSA columns:
# 794,810-829,841
name=unknown_L
#
# <colnr> <probs for GDERKNQSTAVLIFYWHMCP>
#	G	D	E	R	K	N	Q	S	T	A	V	L	I	F	Y	W	H	M	C	P
0	0.01301	0.79916	0.02458	0.00830	0.01238	0.01873	0.00822	0.04790	0.01027	0.01207	0.00686	0.00783	0.00622	0.00416	0.00314	0.00104	0.00512	0.00263	0.00216	0.00622
1	0.01335	0.58175	0.05948	0.00899	0.01293	0.05841	0.00861	0.04993	0.10942	0.04408	0.00907	0.00961	0.00750	0.00460	0.00357	0.00117	0.00519	0.00315	0.00269	0.00649
2	0.22284	0.02658	0.01465	0.14459	0.33816	0.01079	0.02682	0.02597	0.01043	0.09606	0.02322	0.01175	0.00784	0.00472	0.00446	0.00147	0.01622	0.00397	0.00291	0.00655
3	0.00590	0.00485	0.00518	0.00510	0.00661	0.00414	0.00383	0.00734	0.01148	0.01429	0.21450	0.04372	0.63333	0.01159	0.00565	0.00159	0.00238	0.00977	0.00462	0.00414
4	0.00731	0.00692	0.05287	0.00731	0.03619	0.00587	0.00571	0.01075	0.10905	0.01632	0.31420	0.03564	0.34011	0.00987	0.00547	0.00157	0.00295	0.02238	0.00458	0.00495
5	0.01599	0.01283	0.01439	0.04463	0.09269	0.05390	0.00968	0.53454	0.04594	0.02481	0.01137	0.04067	0.00884	0.00605	0.00554	0.00150	0.06045	0.00460	0.00413	0.00747
6	0.00779	0.00466	0.00687	0.00682	0.00711	0.00505	0.00486	0.00717	0.00678	0.00938	0.01013	0.01674	0.00996	0.06542	0.28764	0.50666	0.02712	0.00463	0.00228	0.00294
7	0.01052	0.01061	0.01621	0.06865	0.06055	0.01393	0.08615	0.01210	0.00806	0.01216	0.00691	0.01093	0.00645	0.00747	0.01334	0.00197	0.64202	0.00433	0.00214	0.00549
8	0.00830	0.00415	0.00623	0.00623	0.00623	0.00415	0.00415	0.00623	0.00623	0.00830	0.00830	0.01453	0.00830	0.01660	0.01868	0.86094	0.00415	0.00415	0.00208	0.00208
9	0.02780	0.14615	0.64077	0.01235	0.01864	0.01201	0.01545	0.01475	0.01013	0.01484	0.03937	0.01068	0.00758	0.00468	0.00433	0.00144	0.00651	0.00357	0.00217	0.00678
10	0.00599	0.00427	0.00562	0.00650	0.00686	0.00400	0.00436	0.00694	0.00952	0.01281	0.11243	0.69406	0.03231	0.06139	0.00710	0.00205	0.00282	0.01265	0.00444	0.00390
11	0.01042	0.01017	0.03455	0.01368	0.01717	0.00943	0.39620	0.05643	0.05193	0.04800	0.18518	0.02195	0.10944	0.00652	0.00550	0.00157	0.00560	0.00665	0.00365	0.00597
12	0.01285	0.01265	0.03883	0.04391	0.09421	0.01209	0.51329	0.13381	0.01302	0.06122	0.01033	0.01271	0.00762	0.00445	0.00533	0.00156	0.00712	0.00518	0.00295	0.00688
13	0.86579	0.00924	0.00702	0.00629	0.00924	0.01072	0.00518	0.01405	0.00813	0.02144	0.00666	0.00776	0.00518	0.00444	0.00296	0.00148	0.00370	0.00259	0.00296	0.00518
14	0.01000	0.00879	0.01114	0.00796	0.01225	0.00676	0.05813	0.01226	0.01000	0.01556	0.00857	0.01011	0.00709	0.00357	0.00368	0.00077	0.00384	0.00302	0.00280	0.80369
15	0.00582	0.00462	0.00525	0.00567	0.00677	0.00405	0.00409	0.00697	0.01037	0.01293	0.06619	0.32527	0.47235	0.01308	0.00584	0.00175	0.00261	0.03789	0.00447	0.00401
16	0.71319	0.05059	0.00878	0.00712	0.01012	0.08550	0.00585	0.04448	0.00927	0.02039	0.00691	0.00798	0.00543	0.00452	0.00316	0.00143	0.00428	0.00270	0.00294	0.00537
17	0.00683	0.00512	0.00768	0.00768	0.00853	0.00597	0.00597	0.00853	0.00768	0.01110	0.01280	0.01878	0.01195	0.03585	0.81308	0.00768	0.01280	0.00512	0.00256	0.00427
