[name]
unknown

[dist]
# distance from previous block
# <min> <max>
0	111

[block]
# block no. 0 follows, 51 sequences, length 7
# corresponding to MSA columns:
# 122-128
name=unknown_A
#
# <colnr> <probs for GDERKNQSTAVLIFYWHMCP>
#	G	D	E	R	K	N	Q	S	T	A	V	L	I	F	Y	W	H	M	C	P
0	0.00799	0.02843	0.08094	0.00818	0.00989	0.06095	0.00700	0.00989	0.01017	0.01319	0.06093	0.16271	0.14051	0.04634	0.20507	0.00341	0.00654	0.12956	0.00364	0.00467
1	0.00822	0.00518	0.00683	0.00672	0.00737	0.00531	0.00474	0.00901	0.08899	0.01152	0.06899	0.04446	0.10032	0.05225	0.09558	0.46732	0.00479	0.00589	0.00308	0.00343
2	0.01016	0.03258	0.03836	0.00747	0.00940	0.04176	0.00598	0.01262	0.06324	0.13467	0.14735	0.11060	0.17704	0.09229	0.05731	0.00234	0.00438	0.04276	0.00442	0.00527
3	0.00675	0.00506	0.00633	0.00662	0.00755	0.00486	0.00479	0.00880	0.04925	0.01495	0.24468	0.31682	0.15242	0.05094	0.06326	0.00235	0.00358	0.04199	0.00461	0.00439
4	0.01289	0.00887	0.01006	0.00858	0.01095	0.00921	0.00668	0.34104	0.01626	0.08513	0.10734	0.20263	0.10198	0.04723	0.00635	0.00178	0.00405	0.00787	0.00486	0.00627
5	0.03883	0.00551	0.00679	0.00660	0.00812	0.00504	0.00502	0.01049	0.01197	0.12230	0.27115	0.20119	0.21147	0.01125	0.00576	0.00171	0.00293	0.06398	0.00498	0.00491
6	0.25808	0.01032	0.01060	0.00873	0.01199	0.01115	0.00706	0.24249	0.13020	0.12870	0.01327	0.04841	0.01014	0.00594	0.00433	0.00149	0.00424	0.00450	0.03261	0.05573

[dist]
# distance from previous block
# <min> <max>
5	24

[block]
# block no. 1 follows, 51 sequences, length 8
# corresponding to MSA columns:
# 153-160
name=unknown_B
#
# <colnr> <probs for GDERKNQSTAVLIFYWHMCP>
#	G	D	E	R	K	N	Q	S	T	A	V	L	I	F	Y	W	H	M	C	P
0	0.27802	0.00865	0.00880	0.00790	0.01041	0.00939	0.00638	0.11223	0.12858	0.07039	0.08396	0.02373	0.08234	0.04129	0.00557	0.00178	0.00394	0.10643	0.00430	0.00591
1	0.00998	0.00924	0.13017	0.00827	0.01081	0.00685	0.00744	0.04221	0.06583	0.12316	0.09528	0.17965	0.16665	0.05761	0.00670	0.00190	0.00400	0.06425	0.00441	0.00560
2	0.13902	0.00601	0.00664	0.00681	0.00813	0.00614	0.00504	0.01053	0.08435	0.01613	0.16004	0.29819	0.12719	0.04650	0.00635	0.00191	0.00315	0.05874	0.00445	0.00468
3	0.06398	0.00978	0.13067	0.00818	0.01105	0.00742	0.00739	0.06088	0.03159	0.18966	0.17441	0.06188	0.09889	0.11339	0.00769	0.00199	0.00417	0.00663	0.00442	0.00592
4	0.04213	0.00838	0.04251	0.13259	0.01434	0.00779	0.00768	0.04788	0.05612	0.29442	0.07421	0.07212	0.11439	0.05572	0.00630	0.00179	0.00430	0.00639	0.00459	0.00635
5	0.01115	0.00516	0.00563	0.00522	0.00678	0.00499	0.00402	0.01338	0.01089	0.13897	0.01655	0.01808	0.01253	0.00578	0.00367	0.00120	0.00258	0.00464	0.72362	0.00516
6	0.00729	0.00558	0.00664	0.00680	0.00795	0.00542	0.00491	0.04192	0.08539	0.01579	0.19627	0.38183	0.19085	0.01240	0.00589	0.00178	0.00287	0.01092	0.00480	0.00471
7	0.01092	0.00516	0.00583	0.00542	0.00679	0.00499	0.00403	0.01264	0.01033	0.13749	0.01601	0.01917	0.01277	0.08469	0.00675	0.05746	0.00295	0.00486	0.58691	0.00485

[dist]
# distance from previous block
# <min> <max>
0	1

[block]
# block no. 2 follows, 51 sequences, length 22
# corresponding to MSA columns:
# 162-183
name=unknown_C
#
# <colnr> <probs for GDERKNQSTAVLIFYWHMCP>
#	G	D	E	R	K	N	Q	S	T	A	V	L	I	F	Y	W	H	M	C	P
0	0.03136	0.00481	0.00529	0.02892	0.00683	0.00490	0.00396	0.01078	0.00992	0.01704	0.05603	0.01843	0.01349	0.00739	0.00566	0.11345	0.00272	0.00471	0.64998	0.00431
1	0.01012	0.00953	0.01599	0.50243	0.27846	0.01091	0.01357	0.01318	0.01044	0.01405	0.05069	0.01401	0.00907	0.00509	0.00517	0.00159	0.02249	0.00461	0.00244	0.00616
2	0.01217	0.04644	0.01629	0.34146	0.22333	0.12367	0.01256	0.05572	0.04473	0.01462	0.00914	0.01206	0.00728	0.00512	0.00544	0.00154	0.05533	0.00418	0.00256	0.00637
3	0.03350	0.02783	0.04330	0.16655	0.17296	0.20797	0.06760	0.17751	0.02522	0.01765	0.00938	0.01140	0.00727	0.00500	0.00477	0.00146	0.00677	0.00412	0.00297	0.00678
4	0.01194	0.04387	0.23035	0.01174	0.01572	0.16561	0.09015	0.03911	0.08420	0.04291	0.05668	0.07031	0.08456	0.00665	0.00499	0.00152	0.00606	0.00556	0.00330	0.02476
5	0.01302	0.01410	0.01558	0.01225	0.01595	0.23861	0.18302	0.01674	0.10129	0.01529	0.01049	0.01278	0.00856	0.00481	0.00461	0.00125	0.00625	0.02642	0.00299	0.29599
6	0.01214	0.01171	0.02006	0.02882	0.72272	0.01174	0.05546	0.01558	0.04375	0.01623	0.00973	0.01248	0.00807	0.00446	0.00492	0.00148	0.00589	0.00450	0.00254	0.00772
7	0.01767	0.10997	0.01551	0.01180	0.01486	0.46775	0.00936	0.24046	0.01599	0.01749	0.00870	0.00966	0.00692	0.00531	0.00475	0.00133	0.02928	0.00350	0.00317	0.00653
8	0.01056	0.19691	0.63647	0.01281	0.01942	0.01312	0.01608	0.01538	0.01029	0.01471	0.00840	0.00984	0.00624	0.00457	0.00435	0.00145	0.00684	0.00342	0.00208	0.00706
9	0.00666	0.00444	0.00575	0.00645	0.00664	0.00427	0.00419	0.00694	0.00848	0.01129	0.02165	0.49481	0.02550	0.22947	0.01286	0.11132	0.00357	0.02837	0.00384	0.00350
10	0.05832	0.00578	0.00754	0.00764	0.00874	0.00573	0.02453	0.01001	0.04363	0.05784	0.11032	0.50655	0.02824	0.01236	0.00617	0.00185	0.03090	0.04185	0.00449	0.02751
11	0.83063	0.03984	0.00791	0.00653	0.00962	0.01134	0.00544	0.01446	0.00842	0.02166	0.00684	0.00798	0.00536	0.00455	0.00305	0.00150	0.00386	0.00266	0.00301	0.00536
12	0.00686	0.00514	0.00646	0.00714	0.00787	0.00506	0.00500	0.00943	0.09998	0.01435	0.11273	0.60222	0.05322	0.01366	0.00607	0.00190	0.00294	0.03075	0.00471	0.00452
13	0.01585	0.19523	0.22957	0.00992	0.01471	0.01097	0.01030	0.01873	0.01187	0.35344	0.01313	0.01277	0.00903	0.00516	0.00437	0.00138	0.00518	0.00397	0.02666	0.04778
14	0.86201	0.00950	0.00722	0.00646	0.00950	0.01102	0.00532	0.01445	0.00836	0.02205	0.00684	0.00798	0.00532	0.00456	0.00304	0.00152	0.00380	0.00266	0.00304	0.00532
15	0.00810	0.00609	0.00833	0.04356	0.03366	0.00615	0.00748	0.02271	0.04059	0.01598	0.17423	0.05811	0.07168	0.01184	0.00630	0.00200	0.00408	0.46972	0.00456	0.00483
16	0.00696	0.00502	0.00657	0.00618	0.00734	0.00464	0.00464	0.00927	0.01391	0.01971	0.79405	0.03671	0.04637	0.01005	0.00580	0.00155	0.00232	0.00889	0.00541	0.00464
17	0.01187	0.01086	0.01544	0.05439	0.40049	0.01165	0.01151	0.01950	0.34733	0.01777	0.01511	0.01594	0.03480	0.00564	0.00495	0.00156	0.00492	0.00507	0.00360	0.00757
18	0.00687	0.00594	0.00856	0.00789	0.00956	0.00530	0.10004	0.00845	0.01064	0.01353	0.03439	0.29744	0.36808	0.01217	0.00595	0.00178	0.00350	0.06222	0.00425	0.03342
19	0.01328	0.01329	0.01473	0.07111	0.23807	0.17033	0.01081	0.01969	0.29052	0.02928	0.01271	0.01376	0.00998	0.00571	0.00565	0.00156	0.06452	0.00456	0.00340	0.00704
20	0.01491	0.05535	0.01391	0.03175	0.01418	0.46887	0.02974	0.04207	0.01213	0.01257	0.00985	0.04081	0.02473	0.07538	0.00805	0.00175	0.13149	0.00432	0.00268	0.00546
21	0.01275	0.12460	0.01308	0.00832	0.01229	0.01001	0.00690	0.15814	0.02794	0.06673	0.01094	0.05552	0.00919	0.00500	0.00406	0.00105	0.00419	0.00394	0.00350	0.46183

[dist]
# distance from previous block
# <min> <max>
1	3

[block]
# block no. 3 follows, 51 sequences, length 7
# corresponding to MSA columns:
# 187-193
name=unknown_D
#
# <colnr> <probs for GDERKNQSTAVLIFYWHMCP>
#	G	D	E	R	K	N	Q	S	T	A	V	L	I	F	Y	W	H	M	C	P
0	0.00938	0.13383	0.16860	0.00963	0.04396	0.05076	0.00867	0.01245	0.05168	0.01498	0.15014	0.16690	0.10565	0.00839	0.00502	0.00152	0.00448	0.00707	0.00360	0.04328
1	0.11589	0.05328	0.10811	0.00964	0.01242	0.23650	0.00838	0.03947	0.01213	0.04348	0.14423	0.07660	0.07148	0.00725	0.00522	0.00150	0.03978	0.00555	0.00348	0.00563
2	0.00957	0.00983	0.08672	0.00871	0.01066	0.04992	0.00727	0.04398	0.05076	0.01448	0.11844	0.03813	0.01640	0.21435	0.07973	0.00287	0.11632	0.00570	0.00327	0.11291
3	0.03317	0.06325	0.05703	0.01067	0.05164	0.18018	0.00834	0.12045	0.11817	0.04641	0.16116	0.07745	0.01772	0.00704	0.00489	0.00148	0.00513	0.00569	0.02382	0.00630
4	0.09641	0.05840	0.01389	0.15305	0.01711	0.10689	0.05010	0.13992	0.06638	0.01800	0.04886	0.01254	0.00943	0.00531	0.00496	0.00139	0.04213	0.00411	0.00324	0.14787
5	0.01113	0.00856	0.01130	0.04582	0.05706	0.00874	0.06160	0.12636	0.10265	0.08575	0.04354	0.13423	0.21298	0.00885	0.00578	0.00164	0.03273	0.00758	0.00432	0.02938
6	0.01293	0.09624	0.01186	0.00841	0.01165	0.12130	0.00677	0.06224	0.06072	0.11345	0.07728	0.04242	0.09477	0.00632	0.00450	0.00124	0.00449	0.00502	0.00384	0.25456

[dist]
# distance from previous block
# <min> <max>
12	48

[block]
# block no. 4 follows, 51 sequences, length 12
# corresponding to MSA columns:
# 265-276
name=unknown_E
#
# <colnr> <probs for GDERKNQSTAVLIFYWHMCP>
#	G	D	E	R	K	N	Q	S	T	A	V	L	I	F	Y	W	H	M	C	P
0	0.09131	0.01435	0.01262	0.01118	0.04300	0.24497	0.00849	0.15091	0.16374	0.19048	0.01328	0.01295	0.00959	0.00567	0.00463	0.00146	0.00574	0.00423	0.00423	0.00718
1	0.01888	0.01013	0.01190	0.00926	0.01302	0.03993	0.00754	0.15439	0.08273	0.46257	0.01624	0.01483	0.01087	0.00574	0.00475	0.00141	0.00448	0.00457	0.00522	0.12156
2	0.01327	0.01486	0.01709	0.10921	0.04451	0.25449	0.15932	0.01676	0.09872	0.01386	0.00937	0.01184	0.00763	0.00587	0.00762	0.00165	0.20080	0.00440	0.00267	0.00608
3	0.00928	0.00873	0.01474	0.81548	0.03385	0.01092	0.01365	0.01256	0.00983	0.01256	0.00873	0.01310	0.00655	0.00491	0.00491	0.00164	0.00655	0.00437	0.00218	0.00546
4	0.01868	0.01376	0.01475	0.01131	0.01524	0.01524	0.00934	0.78025	0.02311	0.03097	0.01180	0.01180	0.00836	0.00590	0.00492	0.00147	0.00541	0.00442	0.00492	0.00836
5	0.00599	0.00428	0.00570	0.00684	0.00713	0.00399	0.00456	0.00684	0.00941	0.01254	0.02709	0.82409	0.03250	0.01540	0.00627	0.00200	0.00285	0.01397	0.00456	0.00399
6	0.01019	0.00873	0.01019	0.00728	0.01165	0.00655	0.00582	0.01237	0.01019	0.01601	0.00873	0.01019	0.00728	0.00364	0.00364	0.00073	0.00364	0.00291	0.00291	0.85734
7	0.01250	0.67432	0.17611	0.00949	0.01429	0.01789	0.01030	0.01488	0.01006	0.01234	0.00722	0.00837	0.00629	0.00429	0.00345	0.00115	0.00564	0.00282	0.00210	0.00649
8	0.00583	0.00488	0.00508	0.00525	0.00671	0.00413	0.00385	0.00702	0.01094	0.01317	0.04647	0.16072	0.68336	0.01288	0.00588	0.00171	0.00254	0.01090	0.00456	0.00413
9	0.01019	0.00873	0.01019	0.00728	0.01165	0.00655	0.00582	0.01237	0.01019	0.01601	0.00873	0.01019	0.00728	0.00364	0.00364	0.00073	0.00364	0.00291	0.00291	0.85734
10	0.01087	0.00909	0.01324	0.01489	0.22698	0.00967	0.03462	0.09415	0.01265	0.04896	0.21577	0.04659	0.09444	0.00785	0.00709	0.00164	0.13502	0.00647	0.00384	0.00617
11	0.01260	0.34291	0.16221	0.00920	0.01370	0.01291	0.00932	0.04562	0.01134	0.09380	0.07075	0.01209	0.01029	0.00490	0.00398	0.00118	0.00498	0.00366	0.00303	0.17152

[dist]
# distance from previous block
# <min> <max>
3	27

[block]
# block no. 5 follows, 51 sequences, length 16
# corresponding to MSA columns:
# 306-321
name=unknown_F
#
# <colnr> <probs for GDERKNQSTAVLIFYWHMCP>
#	G	D	E	R	K	N	Q	S	T	A	V	L	I	F	Y	W	H	M	C	P
0	0.17311	0.51287	0.05696	0.00837	0.01229	0.03479	0.00808	0.04687	0.01052	0.04691	0.00809	0.00905	0.00673	0.00453	0.00339	0.00121	0.00499	0.00295	0.04205	0.00624
1	0.01457	0.30534	0.01699	0.01002	0.01322	0.24190	0.00837	0.01956	0.23060	0.04931	0.03685	0.01243	0.01032	0.00542	0.00420	0.00132	0.00576	0.00391	0.00332	0.00658
2	0.14722	0.01191	0.01245	0.01002	0.01318	0.11859	0.05587	0.14824	0.04165	0.10910	0.04521	0.01299	0.00984	0.02765	0.00583	0.00149	0.06665	0.00416	0.00370	0.15425
3	0.01772	0.01305	0.01406	0.01097	0.01463	0.01439	0.00898	0.72168	0.02207	0.02958	0.01296	0.07331	0.01019	0.00662	0.00502	0.00151	0.00521	0.00515	0.00489	0.00803
4	0.01027	0.15989	0.63441	0.01270	0.01917	0.01245	0.01589	0.01513	0.01047	0.01508	0.04486	0.01118	0.00810	0.00484	0.00447	0.00147	0.00670	0.00371	0.00223	0.00698
5	0.00644	0.00500	0.00655	0.00723	0.00765	0.00511	0.00508	0.00736	0.00943	0.01256	0.02764	0.65344	0.11766	0.01438	0.00720	0.00197	0.08422	0.01259	0.00432	0.00415
6	0.00702	0.00527	0.00790	0.00790	0.00878	0.00614	0.00614	0.00878	0.00790	0.01141	0.01316	0.01931	0.01229	0.03686	0.80782	0.00790	0.01316	0.00527	0.00263	0.00439
7	0.02055	0.01046	0.10863	0.00939	0.01362	0.00774	0.00857	0.02292	0.01361	0.70354	0.01809	0.01595	0.01143	0.00591	0.00491	0.00152	0.00456	0.00478	0.00559	0.00823
8	0.01222	0.01056	0.01111	0.01000	0.01278	0.01222	0.00778	0.02611	0.78776	0.02056	0.02000	0.01833	0.01500	0.00667	0.00500	0.00167	0.00389	0.00556	0.00500	0.00778
9	0.00690	0.00498	0.00652	0.00622	0.00733	0.00460	0.00463	0.00914	0.01367	0.01932	0.75303	0.07882	0.04563	0.01033	0.00582	0.00157	0.00235	0.00916	0.00536	0.00460
10	0.16394	0.03332	0.16387	0.08690	0.04471	0.13561	0.13455	0.01647	0.01135	0.11252	0.04439	0.01238	0.00887	0.00504	0.00460	0.00151	0.00631	0.00420	0.00305	0.00642
11	0.04551	0.36589	0.18098	0.01059	0.01468	0.01378	0.08661	0.01356	0.00998	0.01351	0.01082	0.13913	0.01057	0.00624	0.00471	0.00142	0.03538	0.00503	0.00259	0.02903
12	0.01270	0.07393	0.01595	0.01750	0.30458	0.07093	0.04433	0.01617	0.08834	0.10059	0.04161	0.01482	0.01092	0.01043	0.13636	0.00252	0.02362	0.00471	0.00321	0.00680
13	0.10895	0.06567	0.10254	0.02990	0.09143	0.12627	0.14462	0.04402	0.01179	0.09348	0.04206	0.03386	0.01027	0.00573	0.00525	0.00154	0.03994	0.03310	0.00315	0.00644
14	0.12976	0.06958	0.08486	0.02601	0.04671	0.13918	0.08746	0.09085	0.01215	0.04322	0.04788	0.11618	0.01238	0.00668	0.00510	0.00154	0.03146	0.01946	0.00330	0.02624
15	0.06007	0.04504	0.16366	0.05041	0.12164	0.08937	0.03553	0.03537	0.04056	0.13875	0.09680	0.05977	0.01397	0.00631	0.00488	0.00153	0.00548	0.02064	0.00359	0.00663

[dist]
# distance from previous block
# <min> <max>
12	57

[block]
# block no. 6 follows, 51 sequences, length 17
# corresponding to MSA columns:
# 403-419
name=unknown_G
#
# <colnr> <probs for GDERKNQSTAVLIFYWHMCP>
#	G	D	E	R	K	N	Q	S	T	A	V	L	I	F	Y	W	H	M	C	P
0	0.01181	0.08508	0.03790	0.01240	0.12002	0.05513	0.03838	0.07460	0.16481	0.05606	0.09015	0.03046	0.05016	0.01079	0.11304	0.00238	0.00601	0.03060	0.00378	0.00646
1	0.00986	0.02542	0.80183	0.01401	0.02127	0.01141	0.01816	0.01556	0.01038	0.01556	0.00882	0.01038	0.00623	0.00467	0.00467	0.00156	0.00726	0.00363	0.00208	0.00726
2	0.01131	0.01168	0.01497	0.01288	0.01307	0.07311	0.01066	0.01240	0.00799	0.01184	0.00653	0.01061	0.00644	0.00834	0.01527	0.00209	0.75900	0.00422	0.00218	0.00540
3	0.01179	0.00868	0.01035	0.00748	0.01177	0.00664	0.00601	0.01393	0.01071	0.12154	0.01017	0.01107	0.00794	0.00397	0.00381	0.00083	0.00371	0.00318	0.00334	0.74306
4	0.00702	0.00527	0.00790	0.00790	0.00878	0.00614	0.00614	0.00878	0.00790	0.01141	0.01316	0.01931	0.01229	0.03686	0.80782	0.00790	0.01316	0.00527	0.00263	0.00439
5	0.02205	0.00836	0.01140	0.00874	0.01254	0.00722	0.00722	0.02395	0.01407	0.80004	0.01939	0.01673	0.01216	0.00608	0.00494	0.00152	0.00418	0.00494	0.00608	0.00836
6	0.01183	0.01265	0.02567	0.08030	0.16879	0.01230	0.54873	0.04758	0.01188	0.01621	0.00980	0.01298	0.00749	0.00432	0.00552	0.00161	0.00758	0.00537	0.00256	0.00683
7	0.00660	0.00475	0.00625	0.00643	0.00726	0.00440	0.00461	0.00837	0.01224	0.01705	0.50922	0.32912	0.04122	0.01203	0.00597	0.00171	0.00252	0.01078	0.00509	0.00440
8	0.14056	0.01311	0.02049	0.01609	0.05204	0.11098	0.41182	0.01609	0.03844	0.04232	0.02994	0.01361	0.03086	0.00503	0.00550	0.00159	0.03727	0.00505	0.00290	0.00630
9	0.01629	0.07878	0.01519	0.01144	0.01483	0.32266	0.07478	0.13419	0.03774	0.10444	0.04057	0.01200	0.00930	0.00524	0.00456	0.00131	0.00649	0.00401	0.00348	0.10268
10	0.01217	0.01266	0.11693	0.01008	0.03800	0.14210	0.00851	0.03494	0.06209	0.10250	0.16377	0.04255	0.07100	0.02078	0.00569	0.00150	0.03632	0.00563	0.00386	0.10893
11	0.08655	0.03700	0.01701	0.01292	0.01637	0.12685	0.18045	0.23237	0.04546	0.05590	0.01019	0.01157	0.00774	0.00545	0.00597	0.00152	0.09222	0.00434	0.00347	0.04666
12	0.01343	0.03727	0.01609	0.01649	0.23566	0.01139	0.07916	0.10142	0.09907	0.12129	0.07046	0.03463	0.01245	0.00614	0.00626	0.00157	0.09684	0.00518	0.00372	0.03148
13	0.04282	0.03230	0.10396	0.06305	0.04283	0.16063	0.00991	0.11345	0.17784	0.11390	0.01354	0.03241	0.02239	0.00596	0.00508	0.00152	0.03020	0.00459	0.00379	0.01984
14	0.07538	0.04445	0.19720	0.01136	0.04155	0.06741	0.05681	0.03924	0.03151	0.06095	0.07189	0.01977	0.08650	0.00691	0.00583	0.00160	0.07293	0.06055	0.02143	0.02673
15	0.11724	0.07104	0.04641	0.01036	0.04049	0.05423	0.06262	0.10079	0.07292	0.17913	0.05311	0.04242	0.05296	0.00613	0.00464	0.00145	0.00480	0.00500	0.00406	0.07019
16	0.08812	0.07104	0.06942	0.00922	0.01225	0.11071	0.00789	0.12993	0.06278	0.11996	0.15658	0.06148	0.01691	0.00797	0.03577	0.00172	0.00513	0.00541	0.00414	0.02355

[dist]
# distance from previous block
# <min> <max>
22	73

[block]
# block no. 7 follows, 51 sequences, length 27
# corresponding to MSA columns:
# 499-514,521-531
name=unknown_H
#
# <colnr> <probs for GDERKNQSTAVLIFYWHMCP>
#	G	D	E	R	K	N	Q	S	T	A	V	L	I	F	Y	W	H	M	C	P
0	0.13514	0.08474	0.06018	0.01013	0.01339	0.03945	0.05996	0.15653	0.06178	0.07003	0.06905	0.02769	0.01127	0.00596	0.00555	0.00148	0.08332	0.00450	0.03041	0.06945
1	0.03548	0.04523	0.01217	0.00936	0.01193	0.03335	0.09871	0.08035	0.03016	0.12357	0.20673	0.05212	0.03780	0.03688	0.03830	0.00186	0.03192	0.00616	0.04881	0.05913
2	0.01178	0.41150	0.14876	0.00958	0.01334	0.06467	0.00956	0.04449	0.01121	0.01419	0.10754	0.05306	0.01325	0.00612	0.00471	0.00135	0.04169	0.02424	0.00284	0.00610
3	0.00582	0.00495	0.00501	0.00506	0.00666	0.00414	0.00377	0.00704	0.01112	0.01324	0.04877	0.08205	0.76055	0.01258	0.00583	0.00167	0.00251	0.01053	0.00456	0.00414
4	0.01326	0.06642	0.01753	0.01203	0.01644	0.01061	0.22976	0.14141	0.01306	0.08812	0.01041	0.01177	0.00788	0.00441	0.00456	0.00121	0.00543	0.00416	0.00335	0.33818
5	0.02205	0.00836	0.01140	0.00874	0.01254	0.00722	0.00722	0.02395	0.01407	0.80004	0.01939	0.01673	0.01216	0.00608	0.00494	0.00152	0.00418	0.00494	0.00608	0.00836
6	0.02126	0.00962	0.01218	0.00934	0.01317	0.00909	0.00772	0.20008	0.01617	0.62094	0.01762	0.01558	0.01128	0.00604	0.00494	0.00151	0.00447	0.00482	0.00581	0.00836
7	0.03883	0.01316	0.01209	0.01010	0.01309	0.17436	0.00798	0.28385	0.13515	0.07492	0.14171	0.01649	0.01538	0.00643	0.00488	0.00145	0.00519	0.00501	0.00448	0.03546
8	0.02070	0.00806	0.01097	0.00851	0.01208	0.00699	0.00699	0.02264	0.01405	0.73035	0.08857	0.01851	0.01522	0.00644	0.00502	0.00152	0.00402	0.00529	0.00602	0.00803
9	0.00593	0.00498	0.00515	0.00511	0.00671	0.00420	0.00383	0.00729	0.01149	0.01396	0.12938	0.04616	0.71462	0.01219	0.00581	0.00165	0.00247	0.01021	0.00465	0.00420
10	0.01859	0.01100	0.01273	0.01008	0.01370	0.01149	0.00827	0.35995	0.13497	0.31408	0.01633	0.01608	0.01144	0.00634	0.00500	0.00155	0.00469	0.03021	0.00535	0.00814
11	0.86201	0.00950	0.00722	0.00646	0.00950	0.01102	0.00532	0.01445	0.00836	0.02205	0.00684	0.00798	0.00532	0.00456	0.00304	0.00152	0.00380	0.00266	0.00304	0.00532
12	0.31376	0.08353	0.01430	0.08659	0.01546	0.03919	0.13502	0.06168	0.01080	0.03943	0.02982	0.01527	0.00959	0.00599	0.00506	0.01722	0.03254	0.07586	0.00312	0.00577
13	0.00664	0.00669	0.07688	0.00660	0.00831	0.00495	0.00552	0.00862	0.01182	0.01579	0.32547	0.18782	0.29397	0.01140	0.00579	0.00167	0.00292	0.00989	0.00466	0.00458
14	0.01527	0.01102	0.01650	0.01230	0.01625	0.01075	0.20119	0.17589	0.04102	0.20765	0.01248	0.01319	0.00894	0.00526	0.00563	0.00143	0.05904	0.00462	0.00401	0.17757
15	0.02149	0.00926	0.01196	0.00917	0.01299	0.00855	0.00757	0.14891	0.01556	0.67297	0.01813	0.01591	0.01154	0.00605	0.00494	0.00151	0.00438	0.00486	0.00589	0.00836
16	0.01854	0.01790	0.01440	0.01189	0.01522	0.35427	0.00941	0.45479	0.01918	0.02287	0.01000	0.01054	0.00749	0.00554	0.00471	0.00139	0.00689	0.00389	0.00390	0.00722
17	0.01099	0.04082	0.04139	0.01702	0.02128	0.03329	0.54860	0.01445	0.01131	0.01515	0.03138	0.01637	0.07862	0.00587	0.02261	0.00173	0.03551	0.00585	0.00273	0.04503
18	0.01223	0.42221	0.34868	0.01113	0.01646	0.08647	0.01258	0.01551	0.01050	0.01327	0.00773	0.00901	0.00627	0.00448	0.00390	0.00128	0.00642	0.00309	0.00213	0.00665
19	0.00597	0.00434	0.00564	0.00668	0.00708	0.00401	0.00449	0.00686	0.00957	0.01261	0.02911	0.75472	0.10057	0.01513	0.00623	0.00197	0.00282	0.01365	0.00456	0.00401
20	0.01019	0.00873	0.01019	0.00728	0.01165	0.00655	0.00582	0.01237	0.01019	0.01601	0.00873	0.01019	0.00728	0.00364	0.00364	0.00073	0.00364	0.00291	0.00291	0.85734
21	0.00702	0.00527	0.00790	0.00790	0.00878	0.00614	0.00614	0.00878	0.00790	0.01141	0.01316	0.01931	0.01229	0.03686	0.80782	0.00790	0.01316	0.00527	0.00263	0.00439
22	0.00757	0.00554	0.00743	0.00838	0.00960	0.00541	0.00723	0.00966	0.01129	0.01447	0.02995	0.05409	0.15491	0.01339	0.00663	0.00216	0.00419	0.63911	0.00453	0.00446
23	0.01222	0.01056	0.01111	0.01000	0.01278	0.01222	0.00778	0.02611	0.78776	0.02056	0.02000	0.01833	0.01500	0.00667	0.00500	0.00167	0.00389	0.00556	0.00500	0.00778
24	0.01019	0.00873	0.01019	0.00728	0.01165	0.00655	0.00582	0.01237	0.01019	0.01601	0.00873	0.01019	0.00728	0.00364	0.00364	0.00073	0.00364	0.00291	0.00291	0.85734
25	0.01019	0.00873	0.01019	0.00728	0.01165	0.00655	0.00582	0.01237	0.01019	0.01601	0.00873	0.01019	0.00728	0.00364	0.00364	0.00073	0.00364	0.00291	0.00291	0.85734
26	0.00906	0.00648	0.00733	0.00679	0.00859	0.00619	0.00515	0.13603	0.01332	0.06195	0.13742	0.20054	0.35977	0.01129	0.00571	0.00168	0.00312	0.00963	0.00482	0.00512

[dist]
# distance from previous block
# <min> <max>
0	26

[block]
# block no. 8 follows, 51 sequences, length 9
# corresponding to MSA columns:
# 582-590
name=unknown_I
#
# <colnr> <probs for GDERKNQSTAVLIFYWHMCP>
#	G	D	E	R	K	N	Q	S	T	A	V	L	I	F	Y	W	H	M	C	P
0	0.05589	0.01246	0.01449	0.01253	0.01305	0.12596	0.01029	0.01306	0.00847	0.01238	0.00663	0.01034	0.00638	0.00790	0.01381	0.00199	0.66264	0.00406	0.00225	0.00542
1	0.00714	0.00480	0.00556	0.00556	0.00564	0.00488	0.00323	0.00728	0.00721	0.00968	0.01530	0.03112	0.01742	0.76358	0.08811	0.00502	0.00544	0.00699	0.00295	0.00309
2	0.01868	0.01376	0.01475	0.01131	0.01524	0.01524	0.00934	0.78025	0.02311	0.03097	0.01180	0.01180	0.00836	0.00590	0.00492	0.00147	0.00541	0.00442	0.00492	0.00836
3	0.86201	0.00950	0.00722	0.00646	0.00950	0.01102	0.00532	0.01445	0.00836	0.02205	0.00684	0.00798	0.00532	0.00456	0.00304	0.00152	0.00380	0.00266	0.00304	0.00532
4	0.01314	0.83025	0.02575	0.00841	0.01261	0.01945	0.00841	0.01472	0.00999	0.01156	0.00683	0.00788	0.00631	0.00420	0.00315	0.00105	0.00526	0.00263	0.00210	0.00631
5	0.01868	0.01376	0.01475	0.01131	0.01524	0.01524	0.00934	0.78025	0.02311	0.03097	0.01180	0.01180	0.00836	0.00590	0.00492	0.00147	0.00541	0.00442	0.00492	0.00836
6	0.01180	0.01216	0.02374	0.01753	0.02150	0.01220	0.54087	0.01671	0.11033	0.04531	0.04043	0.01464	0.00994	0.00523	0.00677	0.00170	0.09382	0.00569	0.00301	0.00663
7	0.01314	0.83025	0.02575	0.00841	0.01261	0.01945	0.00841	0.01472	0.00999	0.01156	0.00683	0.00788	0.00631	0.00420	0.00315	0.00105	0.00526	0.00263	0.00210	0.00631
8	0.01868	0.01376	0.01475	0.01131	0.01524	0.01524	0.00934	0.78025	0.02311	0.03097	0.01180	0.01180	0.00836	0.00590	0.00492	0.00147	0.00541	0.00442	0.00492	0.00836

[dist]
# distance from previous block
# <min> <max>
0	1

[block]
# block no. 9 follows, 51 sequences, length 20
# corresponding to MSA columns:
# 592-611
name=unknown_J
#
# <colnr> <probs for GDERKNQSTAVLIFYWHMCP>
#	G	D	E	R	K	N	Q	S	T	A	V	L	I	F	Y	W	H	M	C	P
0	0.01216	0.01168	0.01995	0.03016	0.79664	0.01168	0.01508	0.01508	0.01119	0.01605	0.00924	0.01216	0.00778	0.00438	0.00487	0.00146	0.00584	0.00438	0.00243	0.00778
1	0.86201	0.00950	0.00722	0.00646	0.00950	0.01102	0.00532	0.01445	0.00836	0.02205	0.00684	0.00798	0.00532	0.00456	0.00304	0.00152	0.00380	0.00266	0.00304	0.00532
2	0.00702	0.00527	0.00790	0.00790	0.00878	0.00614	0.00614	0.00878	0.00790	0.01141	0.01316	0.01931	0.01229	0.03686	0.80782	0.00790	0.01316	0.00527	0.00263	0.00439
3	0.01222	0.01056	0.01111	0.01000	0.01278	0.01222	0.00778	0.02611	0.78776	0.02056	0.02000	0.01833	0.01500	0.00667	0.00500	0.00167	0.00389	0.00556	0.00500	0.00778
4	0.01868	0.01376	0.01475	0.01131	0.01524	0.01524	0.00934	0.78025	0.02311	0.03097	0.01180	0.01180	0.00836	0.00590	0.00492	0.00147	0.00541	0.00442	0.00492	0.00836
5	0.00581	0.00498	0.00498	0.00498	0.00664	0.00415	0.00373	0.00705	0.01120	0.01328	0.04978	0.04729	0.79464	0.01245	0.00581	0.00166	0.00249	0.01037	0.00456	0.00415
6	0.01843	0.01364	0.01461	0.01126	0.01514	0.01512	0.00928	0.75092	0.05284	0.03057	0.01212	0.01205	0.00862	0.00593	0.00492	0.00148	0.00535	0.00447	0.00492	0.00833
7	0.00696	0.00502	0.00657	0.00618	0.00734	0.00464	0.00464	0.00927	0.01391	0.01971	0.79405	0.03671	0.04637	0.01005	0.00580	0.00155	0.00232	0.00889	0.00541	0.00464
8	0.00928	0.00873	0.01474	0.81548	0.03385	0.01092	0.01365	0.01256	0.00983	0.01256	0.00873	0.01310	0.00655	0.00491	0.00491	0.00164	0.00655	0.00437	0.00218	0.00546
9	0.00986	0.02542	0.80183	0.01401	0.02127	0.01141	0.01816	0.01556	0.01038	0.01556	0.00882	0.01038	0.00623	0.00467	0.00467	0.00156	0.00726	0.00363	0.00208	0.00726
10	0.01019	0.00873	0.01019	0.00728	0.01165	0.00655	0.00582	0.01237	0.01019	0.01601	0.00873	0.01019	0.00728	0.00364	0.00364	0.00073	0.00364	0.00291	0.00291	0.85734
11	0.00599	0.00428	0.00570	0.00684	0.00713	0.00399	0.00456	0.00684	0.00941	0.01254	0.02709	0.82409	0.03250	0.01540	0.00627	0.00200	0.00285	0.01397	0.00456	0.00399
12	0.02053	0.01071	0.03984	0.00976	0.01372	0.00997	0.00829	0.26937	0.01687	0.52304	0.01656	0.01491	0.01072	0.00597	0.00492	0.00151	0.00469	0.00473	0.00556	0.00832
13	0.01717	0.02063	0.01385	0.05133	0.06006	0.65125	0.00970	0.01910	0.03952	0.03327	0.00874	0.01008	0.00707	0.00512	0.00448	0.00131	0.00808	0.00346	0.02987	0.00591
14	0.00582	0.00493	0.00503	0.00511	0.00667	0.00414	0.00379	0.00704	0.01107	0.01322	0.04813	0.10381	0.73920	0.01266	0.00584	0.00168	0.00252	0.01063	0.00456	0.00414
15	0.00718	0.00600	0.00840	0.18773	0.04907	0.00614	0.00720	0.00896	0.01040	0.01321	0.02944	0.26024	0.27308	0.01138	0.00582	0.00181	0.00390	0.10150	0.00393	0.00461
16	0.07195	0.00889	0.01148	0.03817	0.01331	0.00819	0.00744	0.08246	0.01410	0.62598	0.01713	0.01536	0.01101	0.00582	0.00476	0.00148	0.00432	0.00465	0.00551	0.04797
17	0.01186	0.01478	0.11881	0.06652	0.02478	0.04983	0.58491	0.01594	0.01153	0.03708	0.00989	0.01279	0.00733	0.00435	0.00552	0.00162	0.00797	0.00531	0.00252	0.00664
18	0.03353	0.01175	0.01366	0.06026	0.01565	0.07129	0.09017	0.11027	0.41041	0.05700	0.03268	0.01579	0.01231	0.00597	0.00495	0.00156	0.00504	0.00508	0.00431	0.03832
19	0.01200	0.01166	0.01578	0.11300	0.39787	0.09462	0.01191	0.03222	0.06762	0.01597	0.04401	0.01523	0.01057	0.00531	0.00484	0.00144	0.00564	0.04005	0.00293	0.09732

[dist]
# distance from previous block
# <min> <max>
5	20

[block]
# block no. 10 follows, 51 sequences, length 19
# corresponding to MSA columns:
# 639-644,646-658
name=unknown_K
#
# <colnr> <probs for GDERKNQSTAVLIFYWHMCP>
#	G	D	E	R	K	N	Q	S	T	A	V	L	I	F	Y	W	H	M	C	P
0	0.00702	0.00527	0.00790	0.00790	0.00878	0.00614	0.00614	0.00878	0.00790	0.01141	0.01316	0.01931	0.01229	0.03686	0.80782	0.00790	0.01316	0.00527	0.00263	0.00439
1	0.02073	0.00937	0.01193	0.00927	0.01299	0.00883	0.00766	0.16639	0.03709	0.61060	0.01816	0.01696	0.01199	0.00628	0.00499	0.00154	0.00441	0.02678	0.00579	0.00824
2	0.01196	0.01026	0.01082	0.00976	0.01240	0.01184	0.00753	0.02514	0.74758	0.01999	0.01977	0.01905	0.01515	0.04890	0.00603	0.00183	0.00393	0.00564	0.00490	0.00753
3	0.00696	0.00502	0.00657	0.00618	0.00734	0.00464	0.00464	0.00927	0.01391	0.01971	0.79405	0.03671	0.04637	0.01005	0.00580	0.00155	0.00232	0.00889	0.00541	0.00464
4	0.01868	0.01376	0.01475	0.01131	0.01524	0.01524	0.00934	0.78025	0.02311	0.03097	0.01180	0.01180	0.00836	0.00590	0.00492	0.00147	0.00541	0.00442	0.00492	0.00836
5	0.01314	0.83025	0.02575	0.00841	0.01261	0.01945	0.00841	0.01472	0.00999	0.01156	0.00683	0.00788	0.00631	0.00420	0.00315	0.00105	0.00526	0.00263	0.00210	0.00631
6	0.01314	0.83025	0.02575	0.00841	0.01261	0.01945	0.00841	0.01472	0.00999	0.01156	0.00683	0.00788	0.00631	0.00420	0.00315	0.00105	0.00526	0.00263	0.00210	0.00631
7	0.01868	0.01376	0.01475	0.01131	0.01524	0.01524	0.00934	0.78025	0.02311	0.03097	0.01180	0.01180	0.00836	0.00590	0.00492	0.00147	0.00541	0.00442	0.00492	0.00836
8	0.01314	0.83025	0.02575	0.00841	0.01261	0.01945	0.00841	0.01472	0.00999	0.01156	0.00683	0.00788	0.00631	0.00420	0.00315	0.00105	0.00526	0.00263	0.00210	0.00631
9	0.01034	0.14379	0.68769	0.01318	0.02000	0.01259	0.01672	0.01544	0.01032	0.01497	0.00853	0.01001	0.00624	0.00460	0.00445	0.00148	0.00697	0.00348	0.00208	0.00712
10	0.00839	0.00625	0.00819	0.00882	0.01018	0.00643	0.00749	0.01225	0.11797	0.01613	0.12151	0.04800	0.02873	0.01219	0.00642	0.00209	0.00416	0.56512	0.00470	0.00498
11	0.00702	0.00527	0.00790	0.00790	0.00878	0.00614	0.00614	0.00878	0.00790	0.01141	0.01316	0.01931	0.01229	0.03686	0.80782	0.00790	0.01316	0.00527	0.00263	0.00439
12	0.02019	0.00878	0.01135	0.00898	0.01259	0.00817	0.00733	0.02436	0.16013	0.65288	0.01950	0.01703	0.01270	0.00619	0.00495	0.00155	0.00413	0.00506	0.00588	0.00825
13	0.02019	0.00878	0.01135	0.00898	0.01259	0.00817	0.00733	0.02436	0.16013	0.65288	0.01950	0.01703	0.01270	0.00619	0.00495	0.00155	0.00413	0.00506	0.00588	0.00825
14	0.00581	0.00498	0.00498	0.00498	0.00664	0.00415	0.00373	0.00705	0.01120	0.01328	0.04978	0.04729	0.79464	0.01245	0.00581	0.00166	0.00249	0.01037	0.00456	0.00415
15	0.01103	0.32417	0.32070	0.01102	0.01633	0.01351	0.06041	0.01442	0.01033	0.01401	0.01024	0.01150	0.04704	0.00473	0.00410	0.00127	0.00587	0.00365	0.00234	0.11331
16	0.01136	0.39518	0.44528	0.01143	0.01729	0.01510	0.01368	0.01517	0.01020	0.01372	0.00791	0.00923	0.00626	0.00446	0.00397	0.00132	0.00634	0.00317	0.00209	0.00682
17	0.01229	0.01009	0.01636	0.03935	0.01689	0.00862	0.24634	0.01508	0.01117	0.12771	0.01063	0.01217	0.00801	0.00419	0.00454	0.00116	0.00526	0.00415	0.00321	0.44280
18	0.08195	0.17374	0.12368	0.01145	0.01536	0.29463	0.03639	0.14857	0.01376	0.04477	0.00878	0.00975	0.00683	0.00496	0.00426	0.00134	0.00678	0.00346	0.00296	0.00658

[dist]
# distance from previous block
# <min> <max>
1	14

[block]
# block no. 11 follows, 51 sequences, length 13
# corresponding to MSA columns:
# 681-693
name=unknown_L
#
# <colnr> <probs for GDERKNQSTAVLIFYWHMCP>
#	G	D	E	R	K	N	Q	S	T	A	V	L	I	F	Y	W	H	M	C	P
0	0.06209	0.01523	0.12843	0.01144	0.01581	0.01446	0.01041	0.62883	0.02048	0.02826	0.01110	0.01139	0.00789	0.00565	0.00478	0.00149	0.00559	0.00422	0.00440	0.00804
1	0.69767	0.01187	0.12323	0.00773	0.01137	0.01114	0.00731	0.01516	0.04546	0.02103	0.00775	0.00882	0.00591	0.00468	0.00337	0.00153	0.00431	0.00294	0.00299	0.00572
2	0.01868	0.01376	0.01475	0.01131	0.01524	0.01524	0.00934	0.78025	0.02311	0.03097	0.01180	0.01180	0.00836	0.00590	0.00492	0.00147	0.00541	0.00442	0.00492	0.00836
3	0.01058	0.20278	0.63081	0.01277	0.01936	0.01318	0.01601	0.01538	0.01029	0.01468	0.00838	0.00983	0.00624	0.00457	0.00433	0.00144	0.00682	0.00341	0.00208	0.00705
4	0.01222	0.01056	0.01111	0.01000	0.01278	0.01222	0.00778	0.02611	0.78776	0.02056	0.02000	0.01833	0.01500	0.00667	0.00500	0.00167	0.00389	0.00556	0.00500	0.00778
5	0.00702	0.00527	0.00790	0.00790	0.00878	0.00614	0.00614	0.00878	0.00790	0.01141	0.01316	0.01931	0.01229	0.03686	0.80782	0.00790	0.01316	0.00527	0.00263	0.00439
6	0.02205	0.00836	0.01140	0.00874	0.01254	0.00722	0.00722	0.02395	0.01407	0.80004	0.01939	0.01673	0.01216	0.00608	0.00494	0.00152	0.00418	0.00494	0.00608	0.00836
7	0.01130	0.01256	0.02660	0.13169	0.06169	0.01218	0.63782	0.01527	0.01133	0.01531	0.00974	0.01319	0.00735	0.00426	0.00563	0.00165	0.00793	0.00554	0.00244	0.00652
8	0.00581	0.00498	0.00498	0.00498	0.00664	0.00415	0.00373	0.00705	0.01120	0.01328	0.04978	0.04729	0.79464	0.01245	0.00581	0.00166	0.00249	0.01037	0.00456	0.00415
9	0.01307	0.01115	0.02007	0.04049	0.01956	0.01075	0.38541	0.04272	0.07423	0.13904	0.01272	0.01567	0.00972	0.00531	0.00578	0.00157	0.04144	0.04093	0.00345	0.10690
10	0.01160	0.00913	0.01056	0.00787	0.01199	0.00763	0.00630	0.04376	0.10826	0.07261	0.01101	0.01173	0.00863	0.00428	0.00395	0.00093	0.00378	0.00344	0.00347	0.65906
11	0.04685	0.01140	0.16607	0.03165	0.01324	0.03383	0.00930	0.01422	0.10948	0.05760	0.03596	0.12279	0.05217	0.00880	0.00586	0.00174	0.04374	0.16700	0.00379	0.06451
12	0.01135	0.00945	0.01226	0.05240	0.01403	0.06173	0.10333	0.01437	0.06149	0.09198	0.05482	0.02139	0.05921	0.04188	0.00576	0.00151	0.00481	0.09071	0.00365	0.28388

[dist]
# distance from previous block
# <min> <max>
3	79

[block]
# block no. 12 follows, 51 sequences, length 11
# corresponding to MSA columns:
# 775-785
name=unknown_M
#
# <colnr> <probs for GDERKNQSTAVLIFYWHMCP>
#	G	D	E	R	K	N	Q	S	T	A	V	L	I	F	Y	W	H	M	C	P
0	0.01152	0.00860	0.01948	0.06175	0.03285	0.02201	0.02045	0.09570	0.07971	0.12263	0.03468	0.06357	0.17561	0.08400	0.03775	0.00214	0.07751	0.00658	0.00405	0.03941
1	0.01190	0.12011	0.08745	0.08281	0.01551	0.04585	0.05249	0.06681	0.07795	0.06703	0.02379	0.03712	0.01003	0.01961	0.10583	0.00234	0.09856	0.00463	0.00312	0.06707
2	0.02408	0.07776	0.05311	0.14253	0.06599	0.01066	0.02790	0.07481	0.05194	0.11080	0.02456	0.10605	0.06124	0.00730	0.00623	0.00162	0.09704	0.01664	0.00355	0.03620
3	0.01321	0.06906	0.06380	0.00879	0.01284	0.00976	0.00769	0.17896	0.01342	0.10791	0.01382	0.01422	0.07310	0.00538	0.00461	0.00117	0.02636	0.00415	0.00371	0.36803
4	0.01437	0.06918	0.01623	0.06407	0.01642	0.04788	0.15813	0.12532	0.01329	0.18118	0.04381	0.01534	0.05082	0.00578	0.00558	0.00146	0.05676	0.00491	0.00379	0.10567
5	0.01197	0.00905	0.01052	0.00800	0.01179	0.00786	0.00638	0.11305	0.06208	0.08038	0.06723	0.04269	0.01199	0.00520	0.00424	0.00105	0.00380	0.00426	0.00379	0.53466
6	0.08007	0.00986	0.01178	0.00870	0.01287	0.00875	0.04522	0.14558	0.01266	0.08397	0.01005	0.01099	0.00772	0.00433	0.00403	0.00103	0.00423	0.00346	0.00351	0.53120
7	0.01460	0.02916	0.07139	0.01209	0.01579	0.07876	0.09993	0.32461	0.10524	0.02170	0.01181	0.04194	0.00933	0.00591	0.00559	0.00149	0.05766	0.00473	0.00382	0.08447
8	0.00784	0.00730	0.07074	0.00756	0.00968	0.00567	0.05614	0.01026	0.01281	0.05040	0.46272	0.03489	0.22560	0.00967	0.00567	0.00158	0.00322	0.00847	0.00477	0.00501
9	0.15645	0.37642	0.08434	0.01027	0.01400	0.07675	0.05933	0.04744	0.02912	0.01503	0.00775	0.00923	0.00652	0.00492	0.00490	0.00137	0.08417	0.00327	0.00251	0.00623
10	0.16826	0.01090	0.01133	0.00914	0.01250	0.04026	0.00742	0.28670	0.08002	0.18359	0.06951	0.01519	0.03241	0.00609	0.00460	0.00148	0.00449	0.00467	0.00467	0.04679

[dist]
# distance from previous block
# <min> <max>
2	14

[block]
# block no. 13 follows, 51 sequences, length 10
# corresponding to MSA columns:
# 812-821
name=unknown_N
#
# <colnr> <probs for GDERKNQSTAVLIFYWHMCP>
#	G	D	E	R	K	N	Q	S	T	A	V	L	I	F	Y	W	H	M	C	P
0	0.01209	0.01135	0.01733	0.01387	0.01569	0.03568	0.18758	0.05859	0.03613	0.05948	0.02810	0.01394	0.00905	0.02446	0.01149	0.00196	0.43348	0.02083	0.00286	0.00601
1	0.01334	0.00946	0.01288	0.01113	0.03391	0.01055	0.05230	0.08948	0.10519	0.18034	0.08470	0.04253	0.03131	0.00789	0.00817	0.00176	0.21813	0.06084	0.00420	0.02189
2	0.01275	0.01408	0.01476	0.01284	0.01350	0.22319	0.01042	0.01387	0.00921	0.01188	0.00675	0.01026	0.00642	0.00767	0.01306	0.00192	0.60572	0.00400	0.00225	0.00546
3	0.01621	0.01244	0.01475	0.22251	0.02013	0.01410	0.01047	0.57863	0.01962	0.02613	0.01099	0.01214	0.00788	0.00564	0.00492	0.00152	0.00571	0.00441	0.00420	0.00760
4	0.00943	0.01312	0.22145	0.60499	0.03054	0.01105	0.01483	0.01335	0.00997	0.01335	0.00876	0.01239	0.00647	0.00485	0.00485	0.00162	0.00674	0.00417	0.00216	0.00593
5	0.01346	0.01339	0.02526	0.01824	0.02294	0.01317	0.57671	0.21653	0.01462	0.01974	0.01043	0.01287	0.00769	0.00460	0.00557	0.00161	0.00753	0.00544	0.00312	0.00708
6	0.02149	0.04378	0.01219	0.00887	0.01269	0.00817	0.00739	0.06365	0.01437	0.72557	0.01845	0.01609	0.01171	0.00599	0.00486	0.00150	0.00429	0.00482	0.00585	0.00828
7	0.01868	0.01376	0.01475	0.01131	0.01524	0.01524	0.00934	0.78025	0.02311	0.03097	0.01180	0.01180	0.00836	0.00590	0.00492	0.00147	0.00541	0.00442	0.00492	0.00836
8	0.01800	0.01370	0.01406	0.01114	0.01477	0.07238	0.00914	0.62846	0.04352	0.05961	0.01284	0.01444	0.00968	0.00630	0.00499	0.00151	0.00552	0.04725	0.00477	0.00793
9	0.01530	0.01146	0.01218	0.00964	0.01298	0.01233	0.00787	0.57719	0.01998	0.02632	0.02177	0.02112	0.21486	0.00762	0.00515	0.00152	0.00464	0.00599	0.00482	0.00725

[dist]
# distance from previous block
# <min> <max>
1	8

[block]
# block no. 14 follows, 51 sequences, length 20
# corresponding to MSA columns:
# 831-850
name=unknown_O
#
# <colnr> <probs for GDERKNQSTAVLIFYWHMCP>
#	G	D	E	R	K	N	Q	S	T	A	V	L	I	F	Y	W	H	M	C	P
0	0.01560	0.01512	0.01154	0.01005	0.01275	0.36241	0.00775	0.13963	0.02849	0.10921	0.03829	0.03436	0.16345	0.00709	0.00490	0.00142	0.00603	0.00538	0.00390	0.02262
1	0.01060	0.00805	0.00925	0.00809	0.01041	0.00785	0.00618	0.23201	0.01375	0.01879	0.03689	0.31992	0.07432	0.02425	0.00563	0.00160	0.00378	0.02172	0.00431	0.18258
2	0.53733	0.01280	0.09732	0.00864	0.01232	0.05174	0.00781	0.16976	0.01196	0.03882	0.00836	0.00925	0.00623	0.00490	0.00371	0.00150	0.00477	0.00320	0.00335	0.00623
3	0.01785	0.13634	0.01640	0.01087	0.01485	0.01587	0.00920	0.66532	0.02114	0.02806	0.01105	0.01121	0.00805	0.00564	0.00465	0.00141	0.00538	0.00415	0.00449	0.00805
4	0.00971	0.00821	0.00985	0.00737	0.01122	0.00649	0.00587	0.01183	0.00985	0.01532	0.00940	0.01156	0.00803	0.00863	0.12437	0.00180	0.00507	0.00326	0.00287	0.72928
5	0.01282	0.01166	0.01859	0.11446	0.59470	0.01213	0.01406	0.12968	0.01283	0.01791	0.00957	0.01221	0.00773	0.00467	0.00488	0.00148	0.00585	0.00438	0.00278	0.00761
6	0.01132	0.01094	0.01126	0.09775	0.01464	0.12729	0.00724	0.01348	0.01071	0.01503	0.00856	0.01031	0.00706	0.00399	0.00390	0.00091	0.00475	0.00311	0.00277	0.63497
7	0.01035	0.14625	0.68532	0.01317	0.01997	0.01262	0.01669	0.01544	0.01032	0.01496	0.00852	0.01000	0.00624	0.00460	0.00444	0.00148	0.00696	0.00348	0.00208	0.00712
8	0.01184	0.01135	0.01937	0.11729	0.71201	0.01159	0.01492	0.01480	0.01104	0.01567	0.00919	0.01227	0.00765	0.00444	0.00487	0.00148	0.00592	0.00438	0.00240	0.00753
9	0.00928	0.00873	0.01474	0.81548	0.03385	0.01092	0.01365	0.01256	0.00983	0.01256	0.00873	0.01310	0.00655	0.00491	0.00491	0.00164	0.00655	0.00437	0.00218	0.00546
10	0.01059	0.01120	0.02257	0.13768	0.04909	0.01083	0.49343	0.01421	0.01153	0.01579	0.10949	0.01600	0.01227	0.00499	0.00550	0.00158	0.00690	0.00576	0.00284	0.05774
11	0.01960	0.00847	0.01101	0.00874	0.01218	0.00781	0.00708	0.02325	0.12999	0.63194	0.04484	0.01812	0.01390	0.03269	0.00562	0.00165	0.00410	0.00523	0.00580	0.00798
12	0.01836	0.02342	0.01393	0.01266	0.01519	0.80756	0.00950	0.01962	0.01393	0.01203	0.00760	0.00886	0.00633	0.00506	0.00443	0.00127	0.00886	0.00317	0.00253	0.00570
13	0.01868	0.01376	0.01475	0.01131	0.01524	0.01524	0.00934	0.78025	0.02311	0.03097	0.01180	0.01180	0.00836	0.00590	0.00492	0.00147	0.00541	0.00442	0.00492	0.00836
14	0.01019	0.00873	0.01019	0.00728	0.01165	0.00655	0.00582	0.01237	0.01019	0.01601	0.00873	0.01019	0.00728	0.00364	0.00364	0.00073	0.00364	0.00291	0.00291	0.85734
15	0.00599	0.00428	0.00570	0.00684	0.00713	0.00399	0.00456	0.00684	0.00941	0.01254	0.02709	0.82409	0.03250	0.01540	0.00627	0.00200	0.00285	0.01397	0.00456	0.00399
16	0.01019	0.00873	0.01019	0.00728	0.01165	0.00655	0.00582	0.01237	0.01019	0.01601	0.00873	0.01019	0.00728	0.00364	0.00364	0.00073	0.00364	0.00291	0.00291	0.85734
17	0.01098	0.00984	0.01446	0.04823	0.15439	0.00870	0.09382	0.01351	0.01049	0.03533	0.00913	0.01120	0.00744	0.00416	0.00474	0.00108	0.04073	0.00367	0.00279	0.51530
18	0.01049	0.00891	0.01009	0.00803	0.01153	0.00817	0.00632	0.01646	0.26109	0.01789	0.09949	0.01576	0.01410	0.00533	0.00432	0.00112	0.00357	0.00443	0.00386	0.48906
19	0.04787	0.00877	0.01006	0.00724	0.01155	0.00675	0.00580	0.01247	0.01011	0.01628	0.00865	0.01009	0.00719	0.00368	0.00361	0.00076	0.00365	0.00290	0.00292	0.81964

[dist]
# distance from previous block
# <min> <max>
1	176

[block]
# block no. 15 follows, 51 sequences, length 9
# corresponding to MSA columns:
# 1042-1050
name=unknown_P
#
# <colnr> <probs for GDERKNQSTAVLIFYWHMCP>
#	G	D	E	R	K	N	Q	S	T	A	V	L	I	F	Y	W	H	M	C	P
0	0.01746	0.10448	0.03715	0.01052	0.01392	0.24556	0.00871	0.19527	0.05118	0.19825	0.01325	0.01320	0.03251	0.00664	0.02878	0.00159	0.00625	0.00421	0.00402	0.00705
1	0.00631	0.00469	0.00588	0.00623	0.00711	0.00426	0.00443	0.00779	0.01143	0.01535	0.31604	0.37807	0.18874	0.01283	0.00600	0.00176	0.00258	0.01137	0.00488	0.00426
