[name]
unknown

[dist]
# distance from previous block
# <min> <max>
3	31

[block]
# block no. 0 follows, 53 sequences, length 14
# corresponding to MSA columns:
# 32-45
name=unknown_A
#
# <colnr> <probs for GDERKNQSTAVLIFYWHMCP>
#	G	D	E	R	K	N	Q	S	T	A	V	L	I	F	Y	W	H	M	C	P
0	0.08624	0.12323	0.20511	0.01017	0.01442	0.01132	0.04684	0.09120	0.07305	0.01671	0.00962	0.01114	0.00763	0.00721	0.07103	0.00181	0.02941	0.00365	0.00283	0.17737
1	0.01046	0.06461	0.19068	0.01414	0.09648	0.04659	0.16538	0.03619	0.01064	0.01451	0.01491	0.01659	0.13164	0.00617	0.00636	0.00155	0.11971	0.00511	0.02904	0.01924
2	0.01188	0.18158	0.08123	0.01079	0.01395	0.14794	0.12122	0.01539	0.10539	0.03827	0.04721	0.05520	0.01180	0.08072	0.04195	0.00195	0.00613	0.00493	0.00301	0.01946
3	0.00756	0.00655	0.04675	0.00750	0.00876	0.00586	0.00576	0.06734	0.08062	0.01482	0.06033	0.53697	0.08500	0.01250	0.00577	0.00182	0.00326	0.03365	0.00442	0.00474
4	0.12463	0.22107	0.33957	0.01163	0.01674	0.05338	0.08110	0.07274	0.01094	0.01597	0.00810	0.00946	0.00623	0.00448	0.00407	0.00138	0.00617	0.00339	0.00241	0.00653
5	0.01303	0.69251	0.02288	0.00872	0.01240	0.10106	0.00828	0.01450	0.01003	0.01135	0.00774	0.00884	0.02575	0.00457	0.00383	0.00111	0.04242	0.00287	0.00215	0.00598
6	0.05109	0.29521	0.23157	0.01165	0.08336	0.07920	0.01081	0.05267	0.01074	0.01432	0.03339	0.03549	0.00886	0.04121	0.02039	0.00157	0.00589	0.00386	0.00250	0.00623
7	0.00876	0.01294	0.30341	0.00932	0.01283	0.00783	0.00978	0.08052	0.01276	0.01818	0.38387	0.07810	0.02643	0.00783	0.00519	0.00153	0.00434	0.00670	0.00396	0.00574
8	0.00642	0.00475	0.00599	0.00593	0.00699	0.00432	0.00435	0.00825	0.01234	0.01693	0.54200	0.17358	0.16837	0.01105	0.00572	0.00160	0.00237	0.00973	0.00498	0.00432
9	0.01112	0.07981	0.02508	0.14008	0.09452	0.01236	0.53632	0.01471	0.01086	0.01454	0.00918	0.01234	0.00706	0.00417	0.00522	0.00154	0.00735	0.00505	0.00234	0.00635
10	0.01013	0.12696	0.64343	0.01347	0.01997	0.01218	0.07965	0.01505	0.01014	0.01466	0.00842	0.01001	0.00616	0.00444	0.00444	0.00146	0.00690	0.00358	0.00205	0.00689
11	0.00626	0.00483	0.00572	0.00556	0.00685	0.00429	0.00415	0.00803	0.01225	0.01628	0.45616	0.07649	0.35395	0.01097	0.00566	0.00157	0.00235	0.00946	0.00489	0.00429
12	0.00582	0.00416	0.00555	0.00666	0.00693	0.00388	0.00444	0.00666	0.00915	0.01220	0.02634	0.82891	0.03161	0.01497	0.00610	0.00194	0.00277	0.01359	0.00444	0.00388
13	0.01215	0.01262	0.01921	0.11970	0.46971	0.10927	0.13428	0.01532	0.03368	0.01481	0.00914	0.01189	0.00741	0.00443	0.00483	0.00145	0.00644	0.00436	0.00243	0.00688

[dist]
# distance from previous block
# <min> <max>
0	1

[block]
# block no. 1 follows, 53 sequences, length 140
# corresponding to MSA columns:
# 47-138,147-194
name=unknown_B
#
# <colnr> <probs for GDERKNQSTAVLIFYWHMCP>
#	G	D	E	R	K	N	Q	S	T	A	V	L	I	F	Y	W	H	M	C	P
0	0.01445	0.01364	0.01210	0.01081	0.02691	0.20700	0.00828	0.16330	0.40222	0.03351	0.01512	0.03681	0.01181	0.00624	0.00477	0.00150	0.00525	0.01501	0.00422	0.00704
1	0.62516	0.01039	0.07939	0.00725	0.01031	0.01040	0.00639	0.01485	0.09602	0.01975	0.00892	0.01096	0.00727	0.07024	0.00501	0.00175	0.00408	0.00333	0.00308	0.00543
2	0.01179	0.01018	0.01094	0.01017	0.03101	0.01172	0.00774	0.02477	0.75611	0.01975	0.01935	0.01857	0.01474	0.00660	0.00490	0.00163	0.00384	0.02393	0.00479	0.00749
3	0.01278	0.83490	0.02505	0.00818	0.01227	0.01891	0.00818	0.01431	0.00971	0.01125	0.00664	0.00767	0.00613	0.00409	0.00307	0.00102	0.00511	0.00256	0.00204	0.00613
4	0.00582	0.00416	0.00555	0.00666	0.00693	0.00388	0.00444	0.00666	0.00915	0.01220	0.02634	0.82891	0.03161	0.01497	0.00610	0.00194	0.00277	0.01359	0.00444	0.00388
5	0.00916	0.00867	0.01436	0.74776	0.03108	0.01098	0.01302	0.01215	0.00936	0.01215	0.00830	0.01254	0.00636	0.00510	0.00576	0.00164	0.07996	0.00424	0.00212	0.00530
6	0.01139	0.03138	0.22972	0.01695	0.02177	0.08427	0.44200	0.01530	0.01085	0.01458	0.00887	0.01150	0.00675	0.00457	0.00594	0.00158	0.06917	0.00469	0.00229	0.00643
7	0.00683	0.00512	0.00768	0.00768	0.00853	0.00597	0.00597	0.00853	0.00768	0.01110	0.01280	0.01878	0.01195	0.03585	0.81308	0.00768	0.01280	0.00512	0.00256	0.00427
8	0.01869	0.01256	0.01383	0.01060	0.01441	0.01359	0.00876	0.66610	0.02109	0.15225	0.01264	0.01223	0.00871	0.00577	0.00479	0.00144	0.00507	0.00438	0.00496	0.00813
9	0.01080	0.00928	0.03474	0.37827	0.09122	0.00962	0.14170	0.01383	0.02161	0.11061	0.01254	0.12165	0.01076	0.00612	0.00509	0.00161	0.00581	0.00579	0.00300	0.00593
10	0.01097	0.01510	0.17339	0.01893	0.02418	0.01190	0.64187	0.01528	0.01106	0.01528	0.00947	0.01237	0.00703	0.00412	0.00544	0.00159	0.00787	0.00525	0.00234	0.00656
11	0.00584	0.00484	0.00511	0.00507	0.00658	0.00411	0.00379	0.00721	0.01129	0.01393	0.17146	0.05954	0.66120	0.01178	0.00566	0.00160	0.00240	0.00992	0.00457	0.00411
12	0.01066	0.13273	0.69566	0.01328	0.01994	0.01248	0.01656	0.01545	0.01045	0.01522	0.00897	0.01067	0.00669	0.00491	0.00462	0.00157	0.00700	0.00362	0.00225	0.00726
13	0.01257	0.01242	0.03743	0.06832	0.62242	0.06148	0.01383	0.08433	0.01200	0.01649	0.00908	0.01160	0.00743	0.00447	0.00471	0.00142	0.00589	0.00417	0.00257	0.00736
14	0.10834	0.11031	0.54676	0.01274	0.01873	0.02673	0.08282	0.01501	0.00999	0.01539	0.00822	0.00978	0.00607	0.00444	0.00429	0.00146	0.00658	0.00350	0.00217	0.00666
15	0.00600	0.00433	0.00539	0.00616	0.00656	0.00404	0.00406	0.00673	0.00899	0.01177	0.02727	0.58299	0.13128	0.15987	0.00928	0.00238	0.00306	0.01194	0.00416	0.00373
16	0.01180	0.01090	0.01838	0.03992	0.66860	0.01090	0.04113	0.01498	0.03868	0.04135	0.03206	0.01365	0.02652	0.00472	0.00482	0.00144	0.00549	0.00461	0.00269	0.00735
17	0.01101	0.11952	0.51957	0.03909	0.04002	0.08404	0.02466	0.01564	0.03831	0.02965	0.03002	0.01091	0.00760	0.00475	0.00442	0.00143	0.00662	0.00367	0.00234	0.00673
18	0.01014	0.00632	0.00828	0.00729	0.00889	0.00635	0.00570	0.01291	0.06152	0.16424	0.53500	0.02872	0.03354	0.00873	0.00634	0.00156	0.07664	0.00733	0.00507	0.00544
19	0.01010	0.02405	0.75999	0.01347	0.02034	0.01132	0.01715	0.06110	0.01083	0.01603	0.00875	0.01017	0.00618	0.00461	0.00456	0.00151	0.00696	0.00358	0.00218	0.00713
20	0.01697	0.03508	0.01452	0.01451	0.11943	0.69276	0.00994	0.01842	0.01313	0.01221	0.00759	0.00903	0.00634	0.00482	0.00434	0.00125	0.00817	0.00323	0.00244	0.00582
21	0.02762	0.01142	0.03902	0.07481	0.43740	0.04171	0.10021	0.05517	0.02666	0.04679	0.01120	0.08564	0.00981	0.00545	0.00492	0.00150	0.00573	0.00521	0.00286	0.00688
22	0.01746	0.08728	0.01518	0.01070	0.01451	0.01509	0.00895	0.68986	0.04856	0.02806	0.01132	0.01136	0.00818	0.00562	0.00463	0.00140	0.00519	0.00418	0.00454	0.00793
23	0.00593	0.00485	0.00523	0.00513	0.00663	0.00415	0.00385	0.00740	0.01155	0.01447	0.23609	0.04343	0.61163	0.01152	0.00565	0.00159	0.00238	0.00973	0.00464	0.00415
24	0.01262	0.03586	0.25626	0.01657	0.08493	0.01139	0.32443	0.06220	0.01184	0.12113	0.01054	0.01221	0.00756	0.00455	0.00501	0.00152	0.00680	0.00463	0.00289	0.00704
25	0.01297	0.60095	0.03698	0.01031	0.08347	0.03073	0.00875	0.06266	0.01106	0.03915	0.05694	0.01037	0.00900	0.00464	0.00359	0.00114	0.00506	0.00330	0.00258	0.00636
26	0.00679	0.00511	0.00758	0.00758	0.00846	0.00591	0.00589	0.00848	0.00779	0.01116	0.01406	0.01974	0.03979	0.03501	0.78457	0.00747	0.01244	0.00530	0.00263	0.00426
27	0.00583	0.00479	0.00515	0.00535	0.00674	0.00411	0.00400	0.00708	0.01076	0.01312	0.07070	0.15018	0.62744	0.01247	0.00576	0.00169	0.00257	0.05373	0.00447	0.00405
28	0.01259	0.01119	0.03377	0.05902	0.68007	0.01091	0.01394	0.01541	0.01108	0.09125	0.00991	0.01226	0.00790	0.00444	0.00474	0.00143	0.00558	0.00430	0.00269	0.00752
29	0.01040	0.02341	0.71663	0.01355	0.02026	0.01146	0.03580	0.08460	0.01124	0.01649	0.00887	0.01028	0.00627	0.00464	0.00459	0.00151	0.00693	0.00365	0.00228	0.00714
30	0.09464	0.01283	0.01357	0.01048	0.01423	0.01418	0.00866	0.68976	0.02087	0.05673	0.01130	0.01131	0.00799	0.00563	0.00462	0.00144	0.00508	0.00417	0.00466	0.00786
31	0.01115	0.10630	0.32088	0.01582	0.02129	0.01248	0.36445	0.03617	0.01094	0.02859	0.00908	0.01125	0.00677	0.00438	0.00507	0.00151	0.02038	0.00444	0.00234	0.00670
32	0.01726	0.02189	0.01487	0.01302	0.01570	0.74071	0.07910	0.01875	0.01334	0.01202	0.00759	0.00900	0.00626	0.00484	0.00443	0.00127	0.00857	0.00331	0.00246	0.00562
33	0.00565	0.00484	0.00484	0.00484	0.00646	0.00403	0.00363	0.00686	0.01089	0.01291	0.04842	0.04600	0.80027	0.01210	0.00565	0.00161	0.00242	0.01009	0.00444	0.00403
34	0.06871	0.00779	0.01007	0.00799	0.01114	0.00709	0.00651	0.05354	0.01371	0.56975	0.17161	0.01938	0.01782	0.00658	0.00486	0.00148	0.00374	0.00541	0.00556	0.00724
35	0.01616	0.01389	0.02310	0.01153	0.03975	0.14966	0.02989	0.43917	0.10254	0.04392	0.01258	0.05750	0.00991	0.00609	0.00478	0.00145	0.00556	0.00477	0.02053	0.00724
36	0.00582	0.00416	0.00555	0.00666	0.00693	0.00388	0.00444	0.00666	0.00915	0.01220	0.02634	0.82891	0.03161	0.01497	0.00610	0.00194	0.00277	0.01359	0.00444	0.00388
37	0.01046	0.01046	0.01464	0.01255	0.01255	0.01464	0.01046	0.01150	0.00732	0.01150	0.00627	0.01046	0.00627	0.00837	0.01569	0.00209	0.82328	0.00418	0.00209	0.00523
38	0.04344	0.03983	0.01407	0.01354	0.09338	0.62184	0.00953	0.01855	0.04044	0.03392	0.00822	0.00946	0.00672	0.00497	0.00454	0.00129	0.02441	0.00332	0.00263	0.00588
39	0.01121	0.01267	0.02698	0.01946	0.02386	0.01232	0.71510	0.01497	0.01092	0.01497	0.00936	0.01267	0.00716	0.00442	0.00655	0.00165	0.08149	0.00551	0.00239	0.00634
40	0.00570	0.00478	0.00496	0.00505	0.00652	0.00404	0.00374	0.00692	0.01083	0.01307	0.07297	0.11616	0.70436	0.01228	0.00569	0.00164	0.00245	0.01035	0.00447	0.00404
41	0.19707	0.02434	0.11669	0.00955	0.01316	0.13175	0.00854	0.06389	0.12147	0.23021	0.02998	0.01273	0.00962	0.00540	0.00430	0.00146	0.00508	0.00401	0.00397	0.00678
42	0.01603	0.16396	0.15597	0.00995	0.01390	0.03089	0.00958	0.03988	0.05649	0.36171	0.01320	0.01283	0.00917	0.00556	0.00541	0.00146	0.07871	0.00409	0.00399	0.00722
43	0.00911	0.00484	0.00487	0.00480	0.00602	0.00495	0.00362	0.01208	0.06175	0.01796	0.01585	0.01782	0.01241	0.00563	0.00344	0.00115	0.00233	0.00452	0.80220	0.00466
44	0.01285	0.70769	0.09480	0.00885	0.01319	0.01794	0.00909	0.06535	0.01059	0.01284	0.00714	0.00814	0.00626	0.00424	0.00331	0.00109	0.00530	0.00276	0.00222	0.00635
45	0.07679	0.15862	0.04125	0.01281	0.07570	0.38361	0.05649	0.09220	0.03379	0.01497	0.00823	0.00947	0.00667	0.00475	0.00418	0.00129	0.00689	0.00340	0.00269	0.00618
46	0.00587	0.00485	0.00515	0.00508	0.00659	0.00413	0.00381	0.00730	0.01143	0.01417	0.20008	0.04392	0.64783	0.01163	0.00565	0.00159	0.00239	0.00980	0.00460	0.00413
47	0.00582	0.00416	0.00555	0.00666	0.00693	0.00388	0.00444	0.00666	0.00915	0.01220	0.02634	0.82891	0.03161	0.01497	0.00610	0.00194	0.00277	0.01359	0.00444	0.00388
48	0.04370	0.02229	0.68840	0.01277	0.01931	0.01063	0.01600	0.01600	0.01041	0.10294	0.00964	0.01069	0.00666	0.00469	0.00451	0.00151	0.00660	0.00364	0.00249	0.00711
49	0.01076	0.01128	0.03579	0.40687	0.22022	0.07827	0.06794	0.01362	0.01015	0.01324	0.00841	0.01191	0.00670	0.00493	0.00577	0.00156	0.08011	0.00423	0.00223	0.00601
50	0.00808	0.00593	0.00798	0.00889	0.01013	0.00608	0.00769	0.01130	0.08150	0.01482	0.02478	0.05066	0.02634	0.01260	0.00645	0.00215	0.00435	0.70116	0.00444	0.00469
51	0.00959	0.02472	0.80726	0.01362	0.02069	0.01110	0.01766	0.01514	0.01009	0.01514	0.00858	0.01009	0.00605	0.00454	0.00454	0.00151	0.00706	0.00353	0.00202	0.00706
52	0.01793	0.01484	0.01394	0.01110	0.01460	0.16338	0.00898	0.60259	0.03122	0.04541	0.01122	0.02268	0.00827	0.00573	0.00471	0.00141	0.00580	0.00423	0.00437	0.00758
53	0.02878	0.00554	0.00757	0.00849	0.00964	0.00554	0.00735	0.00993	0.01116	0.01492	0.09460	0.05114	0.02854	0.01268	0.00643	0.00212	0.00419	0.68253	0.00444	0.00443
54	0.00582	0.00416	0.00555	0.00666	0.00693	0.00388	0.00444	0.00666	0.00915	0.01220	0.02634	0.82891	0.03161	0.01497	0.00610	0.00194	0.00277	0.01359	0.00444	0.00388
55	0.00755	0.00577	0.00806	0.00867	0.02068	0.00585	0.03012	0.01028	0.07187	0.01401	0.03728	0.24343	0.05306	0.01467	0.07888	0.00252	0.00472	0.37380	0.00421	0.00460
56	0.14111	0.07650	0.03186	0.00988	0.03121	0.19670	0.00787	0.18631	0.08445	0.04049	0.11513	0.01402	0.01271	0.00577	0.00435	0.00138	0.00521	0.00430	0.02446	0.00628
57	0.00686	0.00465	0.00519	0.00519	0.00530	0.00459	0.00294	0.00694	0.00721	0.00951	0.01726	0.03225	0.06906	0.77790	0.02309	0.00443	0.00449	0.00716	0.00300	0.00297
58	0.01130	0.01284	0.02791	0.02045	0.05083	0.01206	0.75923	0.01529	0.01127	0.01532	0.00965	0.01286	0.00726	0.00404	0.00561	0.00161	0.00798	0.00559	0.00242	0.00648
59	0.01484	0.04919	0.08551	0.03791	0.03440	0.18505	0.03072	0.30156	0.12472	0.02019	0.01194	0.06106	0.00966	0.00594	0.00470	0.00145	0.00590	0.00465	0.00370	0.00691
60	0.01197	0.50176	0.09024	0.00833	0.01202	0.01422	0.00821	0.04112	0.01127	0.06638	0.17649	0.01455	0.01486	0.00552	0.00392	0.00121	0.00462	0.00415	0.00308	0.00607
61	0.00582	0.00416	0.00555	0.00666	0.00693	0.00388	0.00444	0.00666	0.00915	0.01220	0.02634	0.82891	0.03161	0.01497	0.00610	0.00194	0.00277	0.01359	0.00444	0.00388
62	0.57134	0.01223	0.01067	0.00897	0.01208	0.14699	0.07644	0.08237	0.01058	0.02000	0.00747	0.00869	0.00579	0.00460	0.00359	0.00145	0.00506	0.00310	0.00298	0.00561
63	0.01806	0.01674	0.01406	0.01147	0.01481	0.29959	0.00914	0.51251	0.01929	0.02355	0.01002	0.01046	0.00742	0.00545	0.00461	0.00136	0.00646	0.00387	0.00395	0.00721
64	0.00565	0.00484	0.00484	0.00484	0.00646	0.00403	0.00363	0.00686	0.01089	0.01291	0.04842	0.04600	0.80027	0.01210	0.00565	0.00161	0.00242	0.01009	0.00444	0.00403
65	0.01760	0.01311	0.01403	0.01088	0.01461	0.01456	0.00895	0.71773	0.09193	0.02921	0.01219	0.01205	0.00871	0.00580	0.00479	0.00145	0.00513	0.00440	0.00479	0.00808
66	0.01633	0.01642	0.06979	0.01135	0.01479	0.25178	0.00946	0.36489	0.15883	0.02173	0.01150	0.01168	0.00857	0.00555	0.00464	0.00141	0.00612	0.00408	0.00391	0.00718
67	0.00959	0.02472	0.80726	0.01362	0.02069	0.01110	0.01766	0.01514	0.01009	0.01514	0.00858	0.01009	0.00605	0.00454	0.00454	0.00151	0.00706	0.00353	0.00202	0.00706
68	0.00565	0.00484	0.00484	0.00484	0.00646	0.00403	0.00363	0.00686	0.01089	0.01291	0.04842	0.04600	0.80027	0.01210	0.00565	0.00161	0.00242	0.01009	0.00444	0.00403
69	0.00798	0.00644	0.00734	0.00740	0.00879	0.00673	0.00541	0.01339	0.28166	0.01562	0.09564	0.36539	0.13699	0.01116	0.00557	0.00174	0.00303	0.00981	0.00466	0.00524
70	0.01253	0.01053	0.01331	0.08372	0.01525	0.03666	0.08400	0.28149	0.11788	0.01962	0.01448	0.03521	0.05699	0.01095	0.13045	0.00250	0.05028	0.00522	0.01252	0.00642
71	0.00582	0.00416	0.00555	0.00666	0.00693	0.00388	0.00444	0.00666	0.00915	0.01220	0.02634	0.82891	0.03161	0.01497	0.00610	0.00194	0.00277	0.01359	0.00444	0.00388
72	0.01128	0.01289	0.02820	0.02015	0.02498	0.01209	0.78485	0.01531	0.01128	0.01531	0.00967	0.01289	0.00725	0.00403	0.00564	0.00161	0.00806	0.00564	0.00242	0.00645
73	0.01058	0.01033	0.01832	0.36195	0.38420	0.01113	0.10677	0.01371	0.01037	0.01414	0.00886	0.01234	0.00703	0.00445	0.00486	0.00152	0.00626	0.00442	0.00227	0.00648
74	0.01104	0.01055	0.01798	0.25154	0.58616	0.01115	0.01428	0.01398	0.01051	0.01466	0.00885	0.01209	0.00723	0.00440	0.00474	0.00147	0.00587	0.00426	0.00230	0.00694
75	0.01817	0.01339	0.01434	0.01100	0.01482	0.01482	0.00908	0.78627	0.02247	0.03012	0.01148	0.01148	0.00813	0.00574	0.00478	0.00143	0.00526	0.00430	0.00478	0.00813
76	0.00645	0.00486	0.00580	0.00557	0.00686	0.00435	0.00417	0.00834	0.01252	0.01699	0.51898	0.03868	0.30241	0.01044	0.00557	0.00153	0.00231	0.00901	0.03080	0.00435
77	0.01670	0.01198	0.02949	0.00971	0.01287	0.10562	0.00786	0.29957	0.10298	0.22707	0.01521	0.01592	0.03479	0.08037	0.00652	0.00174	0.00508	0.00481	0.00457	0.00714
78	0.00770	0.00550	0.00770	0.00880	0.00990	0.00550	0.00770	0.00990	0.01100	0.01430	0.02531	0.05391	0.02751	0.01320	0.00660	0.00220	0.00440	0.77004	0.00440	0.00440
79	0.01814	0.01293	0.01397	0.02875	0.01494	0.02916	0.00897	0.67219	0.03498	0.09904	0.01214	0.01199	0.00850	0.00573	0.00478	0.00144	0.00521	0.00434	0.00478	0.00801
80	0.00963	0.01000	0.02038	0.01513	0.01860	0.00935	0.50624	0.01296	0.01189	0.01638	0.25797	0.05567	0.02018	0.00631	0.00566	0.00159	0.00601	0.00693	0.00340	0.00573
81	0.01108	0.01406	0.10922	0.01923	0.02415	0.01206	0.68123	0.01518	0.01104	0.01518	0.00945	0.01253	0.00710	0.00421	0.00583	0.00162	0.03263	0.00538	0.00237	0.00647
82	0.00588	0.00424	0.00570	0.02118	0.00740	0.00400	0.00459	0.00675	0.00916	0.01220	0.02603	0.81434	0.03116	0.01479	0.00608	0.00193	0.00284	0.01342	0.00440	0.00391
83	0.01379	0.01094	0.01205	0.01009	0.01272	0.01267	0.00812	0.30765	0.33413	0.02252	0.01444	0.01451	0.01090	0.00636	0.00607	0.00157	0.10814	0.00475	0.08138	0.00720
84	0.01785	0.02278	0.01354	0.01231	0.01478	0.81284	0.00924	0.01909	0.01354	0.01170	0.00739	0.00862	0.00616	0.00493	0.00431	0.00123	0.00862	0.00308	0.00246	0.00554
85	0.00908	0.00855	0.01443	0.80548	0.04756	0.01063	0.01330	0.01226	0.00958	0.01228	0.00850	0.01273	0.00639	0.00477	0.00478	0.00159	0.00636	0.00425	0.00213	0.00535
86	0.01122	0.01257	0.02710	0.01944	0.02411	0.01184	0.74472	0.01537	0.02612	0.01548	0.01005	0.01315	0.00755	0.00413	0.00555	0.00160	0.00779	0.00560	0.03023	0.00640
87	0.03358	0.00895	0.01044	0.00849	0.01144	0.00897	0.00689	0.27627	0.02690	0.26878	0.10422	0.04482	0.12707	0.00763	0.00507	0.00153	0.00401	0.03303	0.00508	0.00684
88	0.00610	0.00474	0.00540	0.00544	0.00660	0.00420	0.00392	0.00745	0.01105	0.01424	0.25304	0.14588	0.41590	0.08569	0.00739	0.00190	0.00262	0.00987	0.00453	0.00405
89	0.01011	0.00962	0.01621	0.49944	0.31467	0.01104	0.01368	0.01309	0.00996	0.01343	0.00859	0.01232	0.00681	0.00472	0.00517	0.00155	0.03698	0.00425	0.00221	0.00614
90	0.58528	0.00931	0.00838	0.00710	0.01023	0.03560	0.00582	0.01684	0.00993	0.24654	0.01029	0.01036	0.00721	0.00489	0.00354	0.00147	0.00395	0.00326	0.01401	0.00603
91	0.01014	0.01017	0.01836	0.01341	0.01751	0.00889	0.38567	0.01305	0.01050	0.01508	0.01099	0.09975	0.00981	0.00501	0.00484	0.00128	0.00566	0.00536	0.00280	0.35169
92	0.00601	0.00432	0.00575	0.00679	0.00719	0.00405	0.00471	0.00702	0.00948	0.01259	0.04749	0.71865	0.05047	0.01461	0.00612	0.00194	0.00290	0.08151	0.00446	0.00395
93	0.01677	0.01340	0.01391	0.01105	0.01424	0.07924	0.00904	0.60767	0.01950	0.02581	0.01075	0.01159	0.00803	0.00770	0.05391	0.00185	0.07967	0.00424	0.00422	0.00743
94	0.01201	0.01257	0.02567	0.01852	0.02309	0.01202	0.66269	0.08588	0.02753	0.03420	0.01063	0.03274	0.00817	0.00454	0.00554	0.00160	0.00750	0.00569	0.00281	0.00660
95	0.00695	0.00463	0.00521	0.00521	0.00521	0.00463	0.00290	0.00695	0.00695	0.00927	0.01506	0.03128	0.01738	0.83203	0.02433	0.00463	0.00463	0.00695	0.00290	0.00290
96	0.00570	0.00484	0.00491	0.00490	0.00649	0.00406	0.00367	0.00696	0.01102	0.01321	0.08382	0.04551	0.76469	0.01199	0.00565	0.00161	0.00241	0.01002	0.00448	0.00406
97	0.01043	0.23761	0.60172	0.01219	0.01847	0.01315	0.01517	0.01492	0.00999	0.01411	0.00807	0.00945	0.00608	0.00442	0.00415	0.00138	0.00655	0.00328	0.00203	0.00682
98	0.01268	0.81038	0.04872	0.00834	0.01252	0.01868	0.00847	0.01434	0.00972	0.01136	0.00670	0.00774	0.00613	0.00410	0.00311	0.00104	0.00517	0.00259	0.00204	0.00616
99	0.00722	0.00530	0.00705	0.00784	0.00900	0.00512	0.00665	0.00922	0.01115	0.01445	0.09886	0.07612	0.15514	0.01277	0.00634	0.00203	0.00383	0.55310	0.00449	0.00433
100	0.01585	0.00875	0.01043	0.00859	0.01164	0.00876	0.00690	0.10313	0.23331	0.36938	0.08152	0.02038	0.08581	0.00691	0.00496	0.00153	0.00383	0.00569	0.00531	0.00732
101	0.00660	0.00488	0.00616	0.00584	0.00704	0.00444	0.00438	0.00870	0.01314	0.01824	0.68820	0.03723	0.15717	0.01012	0.00564	0.00152	0.00228	0.00886	0.00514	0.00444
102	0.01587	0.01222	0.01310	0.00994	0.01385	0.02839	0.00814	0.55644	0.01881	0.02572	0.01057	0.01098	0.00780	0.00511	0.00443	0.00123	0.00485	0.00387	0.00419	0.24446
103	0.00996	0.10481	0.71104	0.01345	0.03830	0.01188	0.01665	0.01504	0.01007	0.01476	0.00840	0.00989	0.00610	0.00449	0.00440	0.00146	0.00684	0.00345	0.00203	0.00698
104	0.03430	0.04780	0.22008	0.01063	0.01489	0.02749	0.01035	0.14082	0.26168	0.16120	0.01419	0.01370	0.01012	0.00558	0.00463	0.00150	0.00507	0.00441	0.00409	0.00747
105	0.00633	0.00452	0.00612	0.00719	0.00770	0.00431	0.00528	0.00754	0.00972	0.01289	0.04322	0.61253	0.03086	0.01440	0.00622	0.00200	0.00318	0.20751	0.00445	0.00403
106	0.00568	0.00484	0.00488	0.00487	0.00647	0.00405	0.00365	0.00691	0.01096	0.01307	0.06686	0.04575	0.78173	0.01205	0.00565	0.00161	0.00242	0.01005	0.00446	0.00405
107	0.01387	0.01021	0.01166	0.05222	0.08032	0.09845	0.02699	0.16019	0.03794	0.17352	0.07790	0.03704	0.05094	0.09968	0.00718	0.00186	0.00498	0.04467	0.00413	0.00625
108	0.46295	0.00853	0.00777	0.00680	0.00946	0.00937	0.00548	0.09326	0.05836	0.06037	0.08528	0.01665	0.10245	0.00620	0.00393	0.00148	0.00353	0.00456	0.04805	0.00554
109	0.00572	0.00483	0.00495	0.00495	0.00651	0.00406	0.00370	0.00698	0.01101	0.01326	0.09157	0.06411	0.73800	0.01204	0.00566	0.00162	0.00242	0.01009	0.00449	0.00406
110	0.00949	0.00857	0.00865	0.00917	0.01053	0.13764	0.00751	0.01237	0.08166	0.01411	0.02199	0.14609	0.02340	0.01148	0.00600	0.00196	0.00482	0.47561	0.00413	0.00480
111	0.01278	0.44003	0.19304	0.01033	0.01476	0.10562	0.02518	0.05024	0.08143	0.01385	0.00858	0.00949	0.00699	0.00457	0.00382	0.00124	0.00588	0.00322	0.00247	0.00649
112	0.01092	0.02630	0.00903	0.00795	0.02369	0.04756	0.02439	0.09398	0.15710	0.04665	0.15502	0.06984	0.01864	0.00697	0.00452	0.00140	0.00351	0.00585	0.28095	0.00571
113	0.01123	0.00895	0.01034	0.00760	0.01158	0.00743	0.00607	0.11580	0.01163	0.04292	0.00977	0.02840	0.00815	0.02395	0.00430	0.00095	0.00380	0.00342	0.00323	0.68048
114	0.00674	0.00488	0.00635	0.00599	0.00712	0.00450	0.00449	0.00897	0.01347	0.01902	0.78174	0.03595	0.06314	0.00983	0.00564	0.00151	0.00226	0.00868	0.00524	0.00450
115	0.01285	0.01078	0.01140	0.01043	0.01307	0.01194	0.00799	0.02445	0.69583	0.02076	0.03879	0.02278	0.04588	0.00803	0.00564	0.00192	0.00426	0.03991	0.00531	0.00798
116	0.01120	0.43503	0.41112	0.01087	0.01642	0.01506	0.01286	0.01472	0.00990	0.01317	0.00760	0.00886	0.00609	0.00431	0.00379	0.00126	0.00608	0.00304	0.00203	0.00659
117	0.01147	0.01234	0.08964	0.06130	0.65337	0.01121	0.01443	0.01493	0.03838	0.01558	0.00929	0.01188	0.00762	0.00437	0.00470	0.00143	0.00572	0.00420	0.00242	0.02573
118	0.01054	0.21304	0.55331	0.01376	0.08911	0.01295	0.01517	0.01490	0.01007	0.01427	0.00816	0.00968	0.00621	0.00441	0.00421	0.00139	0.00648	0.00337	0.00206	0.00689
119	0.00695	0.00463	0.00521	0.00521	0.00521	0.00463	0.00290	0.00695	0.00695	0.00927	0.01506	0.03128	0.01738	0.83203	0.02433	0.00463	0.00463	0.00695	0.00290	0.00290
120	0.03228	0.00683	0.02856	0.00781	0.00923	0.00662	0.00609	0.13671	0.03968	0.01667	0.08245	0.42846	0.04303	0.01176	0.00569	0.00180	0.00352	0.11119	0.01667	0.00496
121	0.01260	0.00990	0.01076	0.01017	0.05789	0.05553	0.00745	0.08686	0.38418	0.10269	0.13644	0.03950	0.05090	0.00707	0.00499	0.00155	0.00402	0.00593	0.00472	0.00686
122	0.01153	0.01288	0.02203	0.01671	0.01968	0.08853	0.44800	0.01428	0.01018	0.01369	0.00868	0.02723	0.00730	0.00571	0.00875	0.00174	0.26972	0.00508	0.00236	0.00592
123	0.00582	0.00416	0.00555	0.00666	0.00693	0.00388	0.00444	0.00666	0.00915	0.01220	0.02634	0.82891	0.03161	0.01497	0.00610	0.00194	0.00277	0.01359	0.00444	0.00388
124	0.01477	0.01571	0.10401	0.01448	0.04173	0.21583	0.24622	0.11019	0.01334	0.12114	0.01114	0.03087	0.00861	0.00525	0.00497	0.00148	0.00694	0.02347	0.00323	0.00664
125	0.00836	0.00929	0.10771	0.00762	0.01006	0.04148	0.00670	0.02964	0.15588	0.01626	0.20909	0.05002	0.31090	0.00920	0.00530	0.00156	0.00355	0.00772	0.00433	0.00533
126	0.00582	0.00416	0.00555	0.00666	0.00693	0.00388	0.00444	0.00666	0.00915	0.01220	0.02634	0.82891	0.03161	0.01497	0.00610	0.00194	0.00277	0.01359	0.00444	0.00388
127	0.01787	0.02233	0.01358	0.01225	0.01478	0.77436	0.00923	0.05607	0.01398	0.01259	0.00759	0.00876	0.00625	0.00496	0.00433	0.00124	0.00846	0.00314	0.00257	0.00567
128	0.01010	0.01009	0.01555	0.01293	0.01369	0.01319	0.11284	0.01163	0.00789	0.01196	0.00757	0.01185	0.00713	0.01132	0.11691	0.00275	0.61065	0.00450	0.00220	0.00527
129	0.01183	0.01136	0.01940	0.02934	0.80221	0.01136	0.01467	0.01467	0.01088	0.01562	0.00899	0.01183	0.00757	0.00426	0.00473	0.00142	0.00568	0.00426	0.00237	0.00757
130	0.00572	0.00457	0.00512	0.00557	0.00665	0.00397	0.00395	0.00678	0.01019	0.01263	0.03956	0.36031	0.49168	0.01326	0.00583	0.00175	0.00256	0.01149	0.00444	0.00397
131	0.10772	0.01660	0.01218	0.01068	0.01331	0.41192	0.00824	0.21386	0.03065	0.01769	0.01079	0.08381	0.01853	0.00615	0.00463	0.00140	0.01802	0.00443	0.00336	0.00603
132	0.00672	0.00456	0.00537	0.00565	0.00575	0.00449	0.00340	0.00698	0.00758	0.01009	0.01792	0.21074	0.02090	0.62239	0.01967	0.00395	0.00421	0.03318	0.00329	0.00317
133	0.00677	0.00494	0.00641	0.00627	0.00742	0.00458	0.00483	0.00891	0.01293	0.01795	0.63150	0.05421	0.10182	0.01047	0.00576	0.00161	0.00254	0.10154	0.00508	0.00445
134	0.01176	0.08538	0.01963	0.07058	0.68910	0.01200	0.01401	0.01450	0.01071	0.01504	0.00875	0.01150	0.00738	0.00427	0.00458	0.00139	0.00566	0.00410	0.00232	0.00732
135	0.00968	0.04924	0.78359	0.01346	0.02043	0.01134	0.01737	0.01511	0.01008	0.01502	0.00852	0.01002	0.00606	0.00453	0.00450	0.00150	0.00700	0.00350	0.00202	0.00704
136	0.00986	0.01060	0.02207	0.01651	0.02006	0.01004	0.56639	0.01300	0.01064	0.01442	0.01387	0.22215	0.01348	0.00694	0.00600	0.00171	0.02595	0.00764	0.00293	0.00576
137	0.03710	0.12445	0.01559	0.01094	0.01447	0.18728	0.02367	0.46538	0.03838	0.02289	0.01001	0.01046	0.00752	0.00530	0.00443	0.00135	0.00594	0.00382	0.00383	0.00719
138	0.02629	0.00504	0.00556	0.00548	0.00570	0.00516	0.00320	0.00811	0.04987	0.01012	0.01511	0.03002	0.01695	0.76863	0.02279	0.00440	0.00457	0.00677	0.00300	0.00320
139	0.01175	0.01128	0.01926	0.05051	0.78162	0.01134	0.01463	0.01460	0.01085	0.01552	0.00898	0.01185	0.00754	0.00427	0.00473	0.00142	0.00570	0.00426	0.00236	0.00751

[dist]
# distance from previous block
# <min> <max>
0	1

[block]
# block no. 2 follows, 53 sequences, length 113
# corresponding to MSA columns:
# 196-243,245-309
name=unknown_C
#
# <colnr> <probs for GDERKNQSTAVLIFYWHMCP>
#	G	D	E	R	K	N	Q	S	T	A	V	L	I	F	Y	W	H	M	C	P
0	0.01480	0.00921	0.01073	0.00883	0.01170	0.00957	0.00707	0.22122	0.19405	0.22888	0.20873	0.02013	0.01965	0.00695	0.00502	0.00151	0.00387	0.00575	0.00522	0.00711
1	0.01171	0.01124	0.01919	0.06221	0.77025	0.01133	0.01461	0.01457	0.01083	0.01547	0.00897	0.01187	0.00752	0.00428	0.00473	0.00143	0.00571	0.00426	0.00236	0.00748
2	0.01850	0.01173	0.01311	0.01010	0.01377	0.01250	0.00833	0.57043	0.01982	0.21181	0.01340	0.01290	0.00919	0.00577	0.00472	0.00143	0.00484	0.00443	0.04525	0.00796
3	0.01078	0.00683	0.00836	0.00716	0.00912	0.00705	0.06959	0.08357	0.10922	0.04838	0.01533	0.01678	0.01174	0.00558	0.00391	0.00126	0.00325	0.00467	0.57193	0.00548
4	0.03246	0.04825	0.04857	0.01248	0.01519	0.11929	0.22746	0.03848	0.02582	0.04919	0.01408	0.15748	0.04009	0.03243	0.00700	0.00173	0.10191	0.01932	0.00312	0.00563
5	0.01278	0.83490	0.02505	0.00818	0.01227	0.01891	0.00818	0.01431	0.00971	0.01125	0.00664	0.00767	0.00613	0.00409	0.00307	0.00102	0.00511	0.00256	0.00204	0.00613
6	0.00672	0.00488	0.00632	0.00596	0.00711	0.00449	0.00447	0.00893	0.01341	0.01889	0.76681	0.03615	0.07815	0.00987	0.00564	0.00151	0.00226	0.00871	0.00523	0.00449
7	0.04461	0.01151	0.02883	0.07114	0.55122	0.01164	0.04036	0.11690	0.02196	0.04176	0.00965	0.01191	0.00767	0.00457	0.00471	0.00145	0.00562	0.00427	0.00283	0.00739
8	0.01236	0.72751	0.12873	0.00890	0.01338	0.01788	0.00944	0.01442	0.00976	0.01176	0.00690	0.00799	0.00612	0.00415	0.00326	0.00109	0.00537	0.00269	0.00204	0.00626
9	0.00679	0.03070	0.00659	0.00582	0.00733	0.00519	0.00444	0.00925	0.05738	0.01643	0.42544	0.03799	0.34854	0.01035	0.00552	0.00154	0.00250	0.00886	0.00481	0.00454
10	0.00595	0.00427	0.00576	0.00671	0.00708	0.00409	0.00457	0.00692	0.00924	0.01244	0.06214	0.72358	0.03062	0.01646	0.07327	0.00240	0.00358	0.01265	0.00432	0.00394
11	0.00974	0.03936	0.65090	0.01340	0.01941	0.01136	0.05508	0.01455	0.00982	0.01463	0.00866	0.01087	0.00652	0.02642	0.00602	0.00163	0.07720	0.00378	0.01393	0.00671
12	0.01190	0.01157	0.01910	0.05196	0.75926	0.03223	0.01449	0.01471	0.01091	0.01541	0.00893	0.01177	0.00750	0.00429	0.00472	0.00142	0.00578	0.00423	0.00236	0.00745
13	0.00582	0.00416	0.00555	0.00666	0.00693	0.00388	0.00444	0.00666	0.00915	0.01220	0.02634	0.82891	0.03161	0.01497	0.00610	0.00194	0.00277	0.01359	0.00444	0.00388
14	0.01133	0.01091	0.01881	0.16566	0.64464	0.01125	0.03895	0.01426	0.01067	0.01502	0.00893	0.01202	0.00735	0.00434	0.00477	0.00146	0.00587	0.00430	0.00233	0.00714
15	0.00623	0.00519	0.00553	0.00562	0.00695	0.02299	0.00416	0.00762	0.01121	0.01403	0.18836	0.15676	0.50295	0.01193	0.00571	0.00165	0.00264	0.03178	0.00455	0.00415
16	0.01178	0.01121	0.01859	0.04268	0.72188	0.01139	0.01405	0.01552	0.07603	0.01592	0.00985	0.01235	0.00813	0.00445	0.00474	0.00144	0.00553	0.00435	0.00257	0.00753
17	0.02126	0.00842	0.01127	0.00864	0.01235	0.00745	0.00714	0.06531	0.01416	0.76282	0.01845	0.01600	0.01163	0.00591	0.00481	0.00148	0.00413	0.00478	0.00585	0.00813
18	0.00763	0.00564	0.00739	0.00787	0.00909	0.00563	0.00651	0.01068	0.07675	0.01595	0.23764	0.08758	0.05581	0.01177	0.00614	0.00193	0.00361	0.43306	0.00468	0.00465
19	0.01748	0.01099	0.01240	0.00981	0.01331	0.01164	0.00800	0.40270	0.15531	0.24833	0.01652	0.01539	0.04323	0.00618	0.00484	0.00149	0.00454	0.00488	0.00510	0.00786
20	0.01183	0.01136	0.01940	0.02934	0.80221	0.01136	0.01467	0.01467	0.01088	0.01562	0.00899	0.01183	0.00757	0.00426	0.00473	0.00142	0.00568	0.00426	0.00237	0.00757
21	0.00567	0.00477	0.00491	0.00502	0.00650	0.00402	0.00371	0.00684	0.01072	0.01284	0.04619	0.12488	0.72282	0.01239	0.00569	0.00165	0.00246	0.01044	0.00444	0.00402
22	0.00903	0.00850	0.01434	0.82054	0.03292	0.01062	0.01327	0.01221	0.00956	0.01221	0.00850	0.01274	0.00637	0.00478	0.00478	0.00159	0.00637	0.00425	0.00212	0.00531
23	0.01375	0.01046	0.02651	0.01041	0.01310	0.02936	0.05248	0.11667	0.29039	0.16329	0.04927	0.03411	0.03798	0.00684	0.00649	0.00163	0.12052	0.00537	0.00440	0.00697
24	0.00684	0.00506	0.00740	0.00740	0.00815	0.00582	0.00562	0.00835	0.00760	0.01089	0.01306	0.02022	0.01257	0.12749	0.72230	0.00733	0.01186	0.00533	0.00260	0.00411
25	0.00595	0.00433	0.00548	0.00635	0.00691	0.00398	0.00437	0.00694	0.00959	0.01264	0.04151	0.63944	0.16134	0.01411	0.00596	0.00187	0.00274	0.03583	0.02672	0.00395
26	0.00604	0.00431	0.00580	0.00690	0.00728	0.00407	0.00481	0.00703	0.00936	0.01244	0.02622	0.73939	0.03114	0.01477	0.00616	0.00197	0.00296	0.10096	0.00443	0.00394
27	0.00966	0.04327	0.78935	0.01350	0.02049	0.01128	0.01744	0.01512	0.01008	0.01505	0.00853	0.01004	0.00606	0.00453	0.00451	0.00150	0.00702	0.00351	0.00202	0.00704
28	0.01139	0.01306	0.02796	0.02002	0.02481	0.02522	0.77213	0.01537	0.01132	0.01525	0.00963	0.01282	0.00723	0.00404	0.00562	0.00161	0.00807	0.00560	0.00242	0.00643
29	0.00577	0.00485	0.00501	0.00497	0.00653	0.00409	0.00373	0.00709	0.01118	0.01359	0.13016	0.04488	0.71810	0.01185	0.00565	0.00160	0.00240	0.00993	0.00453	0.00409
30	0.01030	0.00845	0.00963	0.00877	0.01042	0.07513	0.00689	0.18467	0.01149	0.01540	0.01209	0.01650	0.01070	0.04001	0.55017	0.00568	0.01062	0.00480	0.00306	0.00522
31	0.01173	0.01126	0.01922	0.05722	0.77510	0.01133	0.01462	0.01458	0.01084	0.01550	0.00897	0.01186	0.00753	0.00428	0.00473	0.00143	0.00570	0.00426	0.00236	0.00749
32	0.00698	0.00463	0.00520	0.00520	0.00522	0.00463	0.00290	0.00702	0.00700	0.00941	0.01507	0.03106	0.01729	0.81869	0.02399	0.00458	0.00459	0.00691	0.01671	0.00292
33	0.00926	0.00873	0.01476	0.75466	0.09697	0.01068	0.01339	0.01242	0.00967	0.01250	0.00854	0.01267	0.00647	0.00474	0.00477	0.00158	0.00631	0.00425	0.00214	0.00550
34	0.01151	0.01100	0.01875	0.09634	0.72168	0.01118	0.01442	0.01437	0.01077	0.01530	0.00926	0.01270	0.00785	0.00447	0.00477	0.00145	0.00571	0.01876	0.00238	0.00732
35	0.00991	0.00850	0.00991	0.00708	0.01133	0.00637	0.00566	0.01203	0.00991	0.01557	0.00850	0.00991	0.00708	0.00354	0.00354	0.00071	0.00354	0.00283	0.00283	0.86124
36	0.00805	0.00590	0.00796	0.00888	0.01011	0.00603	0.00769	0.01119	0.07616	0.01478	0.02482	0.05091	0.02643	0.01264	0.00646	0.00215	0.00435	0.70637	0.00444	0.00466
37	0.01497	0.00958	0.01090	0.00933	0.01236	0.01032	0.00739	0.02472	0.54245	0.27293	0.01926	0.01733	0.01370	0.00630	0.00485	0.00158	0.00387	0.00521	0.00520	0.00775
38	0.01785	0.02278	0.01354	0.01231	0.01478	0.81284	0.00924	0.01909	0.01354	0.01170	0.00739	0.00862	0.00616	0.00493	0.00431	0.00123	0.00862	0.00308	0.00246	0.00554
39	0.00684	0.00509	0.00753	0.00753	0.00833	0.00589	0.00578	0.00844	0.00764	0.01098	0.01294	0.01956	0.01229	0.08593	0.76346	0.00749	0.01229	0.00524	0.00258	0.00418
40	0.01121	0.01269	0.02707	0.01951	0.02394	0.01230	0.72037	0.01499	0.01095	0.01499	0.00939	0.01269	0.00717	0.00439	0.00648	0.00165	0.07594	0.00552	0.00239	0.00635
41	0.00610	0.00488	0.00547	0.00538	0.00681	0.00425	0.00408	0.00770	0.01179	0.01508	0.30207	0.04280	0.51639	0.01135	0.00568	0.00160	0.00244	0.03720	0.00472	0.00421
42	0.00977	0.00834	0.00976	0.00706	0.01117	0.00628	0.00562	0.01185	0.00988	0.01546	0.00912	0.03878	0.00794	0.00394	0.00363	0.00075	0.00351	0.00321	0.00289	0.83103
43	0.01128	0.01289	0.02820	0.02015	0.02498	0.01209	0.78485	0.01531	0.01128	0.01531	0.00967	0.01289	0.00725	0.00403	0.00564	0.00161	0.00806	0.00564	0.00242	0.00645
44	0.01757	0.02232	0.01357	0.03808	0.01535	0.78726	0.00936	0.01887	0.01342	0.01171	0.00742	0.00875	0.00616	0.00492	0.00432	0.00124	0.00855	0.00312	0.00245	0.00553
45	0.04618	0.01296	0.01178	0.00979	0.01299	0.24898	0.00776	0.04885	0.09533	0.43357	0.01484	0.01370	0.01008	0.00563	0.00460	0.00142	0.00543	0.00426	0.00464	0.00720
46	0.00716	0.00517	0.00704	0.00806	0.00903	0.00505	0.00672	0.00900	0.01061	0.01376	0.02722	0.21566	0.08511	0.01349	0.00643	0.00210	0.00391	0.55580	0.00441	0.00427
47	0.00592	0.00420	0.00552	0.00654	0.00679	0.00394	0.00431	0.00668	0.00897	0.01196	0.02540	0.76249	0.03043	0.08300	0.00762	0.00217	0.00293	0.01304	0.00431	0.00380
48	0.01164	0.01247	0.08500	0.02803	0.73714	0.01134	0.01492	0.01471	0.01082	0.01558	0.00896	0.01168	0.00744	0.00428	0.00472	0.00143	0.00579	0.00420	0.00234	0.00753
49	0.00840	0.00748	0.00925	0.00875	0.00948	0.07016	0.00680	0.00978	0.00799	0.01104	0.01133	0.01760	0.01093	0.10646	0.51708	0.00579	0.16981	0.00496	0.00249	0.00442
50	0.01183	0.01136	0.01940	0.02934	0.80221	0.01136	0.01467	0.01467	0.01088	0.01562	0.00899	0.01183	0.00757	0.00426	0.00473	0.00142	0.00568	0.00426	0.00237	0.00757
51	0.04326	0.00479	0.00529	0.00533	0.00551	0.00484	0.00311	0.00736	0.00724	0.01025	0.01547	0.08281	0.01764	0.71647	0.02155	0.00421	0.00439	0.00713	0.03024	0.00311
52	0.00712	0.00503	0.00594	0.00588	0.00590	0.00531	0.00358	0.00726	0.00716	0.00968	0.01535	0.09615	0.01774	0.70294	0.02217	0.00422	0.06516	0.00730	0.00296	0.00315
53	0.00693	0.00472	0.00565	0.00565	0.00580	0.00487	0.00344	0.00723	0.00708	0.00959	0.01466	0.02907	0.01642	0.69111	0.16392	0.00517	0.00608	0.00663	0.00284	0.00314
54	0.00959	0.02472	0.80726	0.01362	0.02069	0.01110	0.01766	0.01514	0.01009	0.01514	0.00858	0.01009	0.00605	0.00454	0.00454	0.00151	0.00706	0.00353	0.00202	0.00706
55	0.00695	0.00463	0.00521	0.00521	0.00521	0.00463	0.00290	0.00695	0.00695	0.00927	0.01506	0.03128	0.01738	0.83203	0.02433	0.00463	0.00463	0.00695	0.00290	0.00290
56	0.00721	0.00502	0.00577	0.00566	0.00714	0.00435	0.00421	0.00862	0.01136	0.08030	0.18666	0.16476	0.46841	0.01159	0.00565	0.00163	0.00258	0.00992	0.00472	0.00444
57	0.00611	0.00437	0.00576	0.00678	0.00714	0.00413	0.00458	0.02308	0.00946	0.01261	0.02602	0.80114	0.03106	0.01476	0.00608	0.00193	0.00285	0.02372	0.00444	0.00398
58	0.01722	0.01127	0.01199	0.00975	0.01299	0.07750	0.00784	0.28216	0.15829	0.27420	0.01552	0.04024	0.01124	0.00696	0.02634	0.00164	0.00497	0.00488	0.01748	0.00752
59	0.01693	0.02124	0.01368	0.01234	0.01450	0.71322	0.00939	0.01814	0.01277	0.01167	0.00725	0.00885	0.00617	0.00535	0.00573	0.00134	0.11030	0.00322	0.00242	0.00550
60	0.00993	0.09171	0.71436	0.01372	0.04753	0.01176	0.01676	0.01505	0.01009	0.01483	0.00843	0.00995	0.00611	0.00449	0.00442	0.00147	0.00685	0.00348	0.00203	0.00700
61	0.00992	0.03803	0.01471	0.72450	0.03068	0.01126	0.01275	0.07674	0.01064	0.01367	0.00868	0.01246	0.00651	0.00483	0.00472	0.00156	0.00623	0.00419	0.00234	0.00557
62	0.03750	0.04535	0.03517	0.01216	0.03563	0.40298	0.10039	0.01732	0.02913	0.11223	0.01341	0.01411	0.08595	0.00573	0.00498	0.00139	0.03310	0.00439	0.00311	0.00596
63	0.00776	0.00576	0.00703	0.00642	0.00788	0.00555	0.00490	0.07403	0.03883	0.01945	0.63043	0.03420	0.12025	0.00958	0.00554	0.00151	0.00257	0.00833	0.00512	0.00486
64	0.04370	0.00811	0.01090	0.00840	0.01203	0.00708	0.00693	0.02279	0.01353	0.77070	0.03234	0.01639	0.01224	0.00594	0.00477	0.00148	0.00403	0.00482	0.00583	0.00799
65	0.01054	0.04552	0.29511	0.03787	0.02263	0.01168	0.44093	0.01491	0.01076	0.01498	0.00981	0.01344	0.00762	0.00461	0.00519	0.00158	0.00742	0.03653	0.00234	0.00653
66	0.00967	0.04585	0.78687	0.01348	0.02047	0.01130	0.01741	0.01512	0.01008	0.01504	0.00853	0.01003	0.00606	0.00453	0.00450	0.00150	0.00701	0.00351	0.00202	0.00704
67	0.00577	0.00485	0.00502	0.00497	0.00653	0.00409	0.00373	0.00710	0.01119	0.01362	0.13301	0.04484	0.71524	0.01184	0.00565	0.00160	0.00240	0.00992	0.00453	0.00409
68	0.00920	0.00490	0.00529	0.00514	0.00637	0.00503	0.00392	0.02621	0.02496	0.03569	0.01534	0.01777	0.01217	0.00905	0.09575	0.00189	0.00356	0.00455	0.70856	0.00465
69	0.23116	0.01649	0.06035	0.01036	0.01337	0.35774	0.00851	0.09307	0.06292	0.06419	0.00910	0.00988	0.00698	0.00513	0.00446	0.00140	0.03230	0.00339	0.00314	0.00607
70	0.00986	0.02436	0.78198	0.01354	0.02050	0.01122	0.01739	0.03972	0.01049	0.01561	0.00867	0.01014	0.00612	0.00458	0.00455	0.00151	0.00701	0.00356	0.00211	0.00710
71	0.00683	0.00512	0.00768	0.00768	0.00853	0.00597	0.00597	0.00853	0.00768	0.01110	0.01280	0.01878	0.01195	0.03585	0.81308	0.00768	0.01280	0.00512	0.00256	0.00427
72	0.00655	0.00517	0.00593	0.00569	0.00713	0.00471	0.00428	0.00896	0.05664	0.01635	0.41143	0.03940	0.38908	0.01065	0.00560	0.00156	0.00242	0.00912	0.00486	0.00447
73	0.01339	0.73931	0.02375	0.00858	0.01256	0.06097	0.00829	0.06372	0.01073	0.01247	0.00699	0.00796	0.00626	0.00424	0.00324	0.00106	0.00531	0.00269	0.00224	0.00623
74	0.01268	0.01009	0.01083	0.00963	0.01241	0.01148	0.00752	0.02522	0.72864	0.08540	0.01940	0.01770	0.01436	0.00644	0.00486	0.00161	0.00381	0.00535	0.00495	0.00761
75	0.00736	0.00525	0.00730	0.00841	0.00935	0.00520	0.00710	0.00930	0.01066	0.01392	0.02550	0.19691	0.02826	0.01353	0.00651	0.00215	0.00410	0.63047	0.00441	0.00431
76	0.14010	0.01279	0.01329	0.01032	0.01402	0.01423	0.00852	0.67519	0.02041	0.02887	0.01078	0.01094	0.00770	0.00555	0.00452	0.00144	0.00503	0.00406	0.00452	0.00770
77	0.01183	0.01136	0.01940	0.02934	0.80221	0.01136	0.01467	0.01467	0.01088	0.01562	0.00899	0.01183	0.00757	0.00426	0.00473	0.00142	0.00568	0.00426	0.00237	0.00757
78	0.00594	0.00485	0.00525	0.00515	0.00664	0.00416	0.00386	0.00743	0.01159	0.01456	0.24590	0.04329	0.60177	0.01149	0.00565	0.00158	0.00238	0.00971	0.00465	0.00416
79	0.00693	0.00525	0.00800	0.00786	0.00879	0.00606	0.01960	0.00869	0.00777	0.01126	0.01278	0.01866	0.01187	0.03490	0.78851	0.00749	0.01258	0.00512	0.01357	0.00431
80	0.00685	0.00502	0.00715	0.00715	0.00782	0.00568	0.00531	0.00819	0.00752	0.01070	0.01329	0.02148	0.01312	0.20831	0.64223	0.00702	0.01103	0.00552	0.00263	0.00397
81	0.01765	0.01313	0.01405	0.01089	0.01462	0.01458	0.00896	0.72292	0.08668	0.02928	0.01214	0.01200	0.00867	0.00580	0.00479	0.00145	0.00514	0.00439	0.00479	0.00808
82	0.00683	0.00512	0.00768	0.00768	0.00853	0.00597	0.00597	0.00853	0.00768	0.01110	0.01280	0.01878	0.01195	0.03585	0.81308	0.00768	0.01280	0.00512	0.00256	0.00427
83	0.00695	0.00463	0.00521	0.00521	0.00521	0.00463	0.00290	0.00695	0.00695	0.00927	0.01506	0.03128	0.01738	0.83203	0.02433	0.00463	0.00463	0.00695	0.00290	0.00290
84	0.01208	0.01183	0.01916	0.02863	0.76950	0.04465	0.01444	0.01485	0.01099	0.01545	0.00892	0.01170	0.00751	0.00429	0.00471	0.00141	0.00580	0.00421	0.00237	0.00749
85	0.01765	0.03814	0.01428	0.01069	0.01441	0.01434	0.00886	0.69751	0.03482	0.05609	0.01177	0.01187	0.00843	0.00667	0.03050	0.00163	0.00543	0.00431	0.00467	0.00793
