[name]
unknown

[dist]
# distance from previous block
# <min> <max>
0	180

[block]
# block no. 0 follows, 54 sequences, length 39
# corresponding to MSA columns:
# 300-338
name=unknown_A
#
# <colnr> <probs for GDERKNQSTAVLIFYWHMCP>
#	G	D	E	R	K	N	Q	S	T	A	V	L	I	F	Y	W	H	M	C	P
0	0.00629	0.00449	0.00609	0.00719	0.00770	0.00430	0.00532	0.00750	0.00956	0.01264	0.02569	0.60334	0.03000	0.01426	0.00616	0.00199	0.00321	0.23593	0.00437	0.00398
1	0.03566	0.05702	0.03295	0.03865	0.20677	0.34431	0.09362	0.01678	0.05155	0.03242	0.00927	0.02448	0.00761	0.00482	0.00446	0.00135	0.00677	0.00395	0.02135	0.00620
2	0.00946	0.02439	0.80987	0.01344	0.02041	0.01095	0.01742	0.01493	0.00995	0.01493	0.00846	0.00995	0.00597	0.00448	0.00448	0.00149	0.00697	0.00348	0.00199	0.00697
3	0.00665	0.00502	0.00618	0.00605	0.00721	0.00471	0.00447	0.00915	0.05910	0.01687	0.50964	0.15659	0.16950	0.01061	0.00559	0.00157	0.00242	0.00932	0.00491	0.00446
4	0.17609	0.01772	0.01192	0.01058	0.01328	0.51042	0.00813	0.07735	0.06070	0.05926	0.00881	0.00953	0.00686	0.00498	0.00410	0.00131	0.00680	0.00327	0.00303	0.00586
5	0.01261	0.83713	0.02471	0.00807	0.01210	0.01866	0.00807	0.01412	0.00958	0.01109	0.00656	0.00756	0.00605	0.00403	0.00303	0.00101	0.00504	0.00252	0.00202	0.00605
6	0.00711	0.00609	0.01040	0.00936	0.01061	0.00574	0.17675	0.00855	0.00926	0.01240	0.02096	0.53516	0.02407	0.11396	0.00816	0.00218	0.00415	0.02709	0.00375	0.00428
7	0.02115	0.00802	0.01094	0.00839	0.01204	0.00693	0.00693	0.02298	0.01350	0.80815	0.01860	0.01605	0.01167	0.00584	0.00474	0.00146	0.00401	0.00474	0.00584	0.00802
8	0.86760	0.00912	0.00693	0.00620	0.00912	0.01058	0.00511	0.01386	0.00802	0.02115	0.00657	0.00766	0.00511	0.00438	0.00292	0.00146	0.00365	0.00255	0.00292	0.00511
9	0.01113	0.01272	0.02782	0.01987	0.02464	0.01192	0.78776	0.01510	0.01113	0.01510	0.00954	0.01272	0.00715	0.00397	0.00556	0.00159	0.00795	0.00556	0.00238	0.00636
10	0.00937	0.00902	0.01424	0.55465	0.02582	0.01179	0.01217	0.01182	0.00870	0.01182	0.00766	0.01182	0.00625	0.00589	0.00828	0.00173	0.27751	0.00417	0.00208	0.00521
11	0.00946	0.02439	0.80987	0.01344	0.02041	0.01095	0.01742	0.01493	0.00995	0.01493	0.00846	0.00995	0.00597	0.00448	0.00448	0.00149	0.00697	0.00348	0.00199	0.00697
12	0.00650	0.00472	0.00613	0.00598	0.00699	0.00435	0.00441	0.00849	0.01265	0.01772	0.66630	0.14772	0.06947	0.01044	0.00563	0.00155	0.00230	0.00926	0.00505	0.00435
13	0.00613	0.00480	0.00555	0.00536	0.00671	0.00422	0.00402	0.00784	0.01206	0.01585	0.42835	0.04025	0.42044	0.01078	0.00557	0.00154	0.00231	0.00923	0.00479	0.00422
14	0.02077	0.00863	0.01132	0.00868	0.01234	0.00784	0.00717	0.11326	0.01452	0.71642	0.01774	0.01549	0.01124	0.00582	0.00474	0.00145	0.00415	0.00468	0.00570	0.00802
15	0.00946	0.02439	0.80987	0.01344	0.02041	0.01095	0.01742	0.01493	0.00995	0.01493	0.00846	0.00995	0.00597	0.00448	0.00448	0.00149	0.00697	0.00348	0.00199	0.00697
16	0.01702	0.07722	0.01415	0.01153	0.01430	0.59171	0.00893	0.14224	0.05325	0.01483	0.00847	0.00934	0.00680	0.00501	0.00427	0.00125	0.00749	0.00331	0.00288	0.00601
17	0.00586	0.00417	0.00553	0.00658	0.00687	0.00392	0.00443	0.00670	0.00900	0.01198	0.02545	0.76623	0.03040	0.05180	0.00685	0.00204	0.00288	0.04119	0.00431	0.00380
18	0.01067	0.01296	0.08069	0.01854	0.02317	0.01134	0.68109	0.01455	0.01088	0.01486	0.01033	0.05313	0.00835	0.00512	0.02040	0.00171	0.00771	0.00580	0.00246	0.00624
19	0.04031	0.00952	0.01189	0.00958	0.01260	0.02661	0.06128	0.24022	0.04940	0.29344	0.04445	0.15013	0.01452	0.00724	0.00497	0.00153	0.00442	0.00615	0.00480	0.00692
20	0.01404	0.07262	0.06403	0.06986	0.01800	0.41157	0.19598	0.01644	0.02269	0.01262	0.00834	0.01077	0.00685	0.03419	0.00545	0.00147	0.02305	0.00390	0.00238	0.00572
21	0.00672	0.00507	0.00623	0.00590	0.00718	0.00472	0.00444	0.00930	0.05160	0.01779	0.62253	0.03625	0.18483	0.00991	0.00553	0.00151	0.00233	0.00864	0.00502	0.00451
22	0.00587	0.00455	0.00535	0.00566	0.00668	0.00403	0.00405	0.00715	0.01070	0.01382	0.20252	0.32146	0.36638	0.01245	0.00573	0.00168	0.00248	0.01087	0.00455	0.00403
23	0.01074	0.01054	0.01773	0.44918	0.15050	0.05008	0.17827	0.03145	0.01058	0.03258	0.00896	0.01232	0.00681	0.00453	0.00487	0.00152	0.00656	0.00444	0.00236	0.00597
24	0.23335	0.01958	0.56008	0.01130	0.01704	0.01065	0.01368	0.01506	0.00963	0.05711	0.00849	0.00967	0.00604	0.00452	0.00409	0.00148	0.00595	0.00331	0.00243	0.00654
25	0.00595	0.00448	0.00553	0.00606	0.00689	0.00406	0.00433	0.00719	0.01035	0.01354	0.16849	0.43472	0.24747	0.01300	0.00584	0.00176	0.00263	0.04918	0.00452	0.00401
26	0.05340	0.01428	0.01330	0.01139	0.01381	0.26584	0.06258	0.08561	0.23996	0.03290	0.01169	0.02977	0.00936	0.00603	0.00620	0.00153	0.12827	0.00438	0.00339	0.00628
27	0.00768	0.00495	0.00604	0.00613	0.00741	0.00440	0.00450	0.00894	0.01061	0.10858	0.10067	0.32842	0.32228	0.01258	0.02335	0.00183	0.00297	0.02962	0.00458	0.00447
28	0.00578	0.00412	0.00546	0.00651	0.00678	0.00386	0.00432	0.00658	0.00895	0.01193	0.02559	0.80271	0.03068	0.04397	0.00666	0.00201	0.00280	0.01317	0.00432	0.00380
29	0.01187	0.00734	0.00889	0.00750	0.00969	0.00724	0.00594	0.19274	0.01510	0.16227	0.40745	0.02668	0.07077	0.00835	0.00549	0.01845	0.00332	0.01999	0.00507	0.00585
30	0.01156	0.01109	0.01894	0.06097	0.77373	0.01117	0.01441	0.01437	0.01068	0.01527	0.00885	0.01171	0.00742	0.00422	0.00467	0.00141	0.00563	0.00420	0.00232	0.00738
31	0.01273	0.44636	0.13980	0.00983	0.01398	0.08128	0.04785	0.01596	0.07797	0.06810	0.01050	0.01111	0.03665	0.00479	0.00384	0.00123	0.00548	0.00353	0.00266	0.00634
32	0.00659	0.00498	0.00562	0.00618	0.00648	0.03410	0.00396	0.00713	0.00845	0.01097	0.02199	0.47542	0.05372	0.31760	0.01259	0.00286	0.00362	0.01047	0.00374	0.00354
33	0.01014	0.00965	0.01638	0.46695	0.37880	0.01080	0.01371	0.01313	0.01001	0.01355	0.00860	0.01217	0.00682	0.00448	0.00469	0.00149	0.00598	0.00420	0.00220	0.00624
34	0.01016	0.20683	0.63362	0.01223	0.01854	0.01268	0.01532	0.01475	0.00987	0.01407	0.00803	0.00942	0.00599	0.00438	0.00415	0.00138	0.00654	0.00327	0.00200	0.00676
35	0.01097	0.32360	0.49617	0.01131	0.01709	0.01367	0.01365	0.01488	0.00992	0.03750	0.00807	0.00926	0.00617	0.00436	0.00395	0.00131	0.00617	0.00317	0.00212	0.00666
36	0.00890	0.00838	0.01414	0.82296	0.03247	0.01048	0.01309	0.01205	0.00943	0.01205	0.00838	0.01257	0.00629	0.00471	0.00471	0.00157	0.00629	0.00419	0.00210	0.00524
37	0.01167	0.01120	0.01914	0.02894	0.80488	0.01120	0.01447	0.01447	0.01074	0.01540	0.00887	0.01167	0.00747	0.00420	0.00467	0.00140	0.00560	0.00420	0.00233	0.00747
38	0.03717	0.01095	0.01899	0.12187	0.61579	0.01117	0.08651	0.01422	0.01054	0.01515	0.00880	0.01175	0.00723	0.00425	0.00470	0.00144	0.00584	0.00428	0.00233	0.00703

[dist]
# distance from previous block
# <min> <max>
0	7

[block]
# block no. 1 follows, 54 sequences, length 93
# corresponding to MSA columns:
# 346-376,419-473,488-494
name=unknown_B
#
# <colnr> <probs for GDERKNQSTAVLIFYWHMCP>
#	G	D	E	R	K	N	Q	S	T	A	V	L	I	F	Y	W	H	M	C	P
0	0.01081	0.00931	0.01336	0.01116	0.01240	0.01139	0.08991	0.10326	0.01006	0.03703	0.01074	0.08900	0.00997	0.00919	0.05367	0.00209	0.40552	0.00526	0.10043	0.00544
1	0.00578	0.00413	0.00551	0.00661	0.00690	0.00386	0.00444	0.00663	0.00906	0.01208	0.02597	0.81556	0.03110	0.01474	0.00603	0.00192	0.00277	0.02869	0.00438	0.00384
2	0.01362	0.01414	0.01929	0.01483	0.01836	0.23113	0.37954	0.06239	0.01251	0.08159	0.03516	0.07354	0.01022	0.00545	0.00512	0.00149	0.00704	0.00540	0.00306	0.00611
3	0.01036	0.19909	0.60189	0.01244	0.01861	0.02970	0.03686	0.01484	0.00998	0.01404	0.00806	0.00949	0.00602	0.00438	0.00419	0.00139	0.00661	0.00333	0.00202	0.00672
4	0.84382	0.00923	0.00713	0.00633	0.00927	0.01069	0.00521	0.03556	0.00842	0.02139	0.00670	0.00776	0.00519	0.00441	0.00297	0.00146	0.00369	0.00260	0.00297	0.00519
5	0.05983	0.00863	0.01130	0.00894	0.01226	0.02545	0.04678	0.05154	0.05748	0.55761	0.04246	0.04678	0.02240	0.00632	0.00480	0.00150	0.00421	0.01916	0.00522	0.00733
6	0.01061	0.02830	0.01507	0.42871	0.22982	0.04038	0.01224	0.06269	0.04959	0.01440	0.00986	0.02787	0.00804	0.00570	0.02191	0.00164	0.00600	0.01853	0.00256	0.00607
7	0.00697	0.00568	0.00928	0.00899	0.01012	0.00545	0.11906	0.00857	0.00963	0.01285	0.02262	0.50560	0.02575	0.01402	0.05225	0.00224	0.00439	0.16823	0.00397	0.00432
8	0.01004	0.00894	0.01346	0.04669	0.01474	0.04163	0.18651	0.08118	0.07693	0.01641	0.08908	0.03207	0.01964	0.00875	0.00574	0.00180	0.00525	0.33179	0.00387	0.00548
9	0.06616	0.01080	0.01759	0.01322	0.01710	0.03178	0.32133	0.03655	0.13203	0.28258	0.01386	0.01413	0.00964	0.00505	0.00496	0.00153	0.00568	0.00498	0.00400	0.00702
10	0.01409	0.01385	0.01207	0.01047	0.01295	0.29432	0.04095	0.12464	0.16210	0.05904	0.12740	0.03847	0.01511	0.00654	0.00507	0.00145	0.02497	0.02650	0.00387	0.00614
11	0.00578	0.00415	0.00549	0.00649	0.00683	0.00386	0.00436	0.00667	0.00925	0.01234	0.05847	0.77654	0.05334	0.01448	0.00599	0.00189	0.00270	0.01311	0.00441	0.00386
12	0.01544	0.01318	0.03514	0.01191	0.04672	0.18248	0.07715	0.09070	0.20096	0.19673	0.02185	0.01359	0.01009	0.00567	0.00538	0.00148	0.05614	0.00449	0.00397	0.00693
13	0.18137	0.04641	0.01162	0.00945	0.01237	0.18055	0.02446	0.11411	0.21018	0.09953	0.01345	0.03281	0.03259	0.00574	0.00430	0.00144	0.00501	0.00433	0.00384	0.00644
14	0.01246	0.01224	0.02549	0.01830	0.02291	0.01150	0.67428	0.04668	0.01182	0.09952	0.01057	0.01302	0.00767	0.00424	0.00544	0.00157	0.00742	0.00543	0.00284	0.00660
15	0.00584	0.00469	0.00517	0.00525	0.00652	0.00407	0.00383	0.00714	0.01089	0.01370	0.18629	0.15005	0.53185	0.03580	0.00617	0.00170	0.00247	0.01006	0.00449	0.00402
16	0.36862	0.03975	0.13721	0.00850	0.01223	0.03947	0.00801	0.07461	0.02825	0.19164	0.01153	0.02248	0.02896	0.00520	0.00391	0.00145	0.00455	0.00373	0.00360	0.00631
17	0.04476	0.01234	0.01199	0.00991	0.01295	0.14784	0.00793	0.25476	0.15429	0.20514	0.04005	0.01389	0.01085	0.00657	0.02453	0.00159	0.02460	0.00445	0.00444	0.00711
18	0.00581	0.00415	0.00554	0.00664	0.00694	0.00388	0.00449	0.00667	0.00909	0.01211	0.02595	0.80509	0.03105	0.01471	0.00603	0.00192	0.00279	0.03892	0.00438	0.00385
19	0.03909	0.22316	0.46183	0.01191	0.01725	0.01284	0.06284	0.01426	0.00986	0.01417	0.04047	0.01052	0.00763	0.00475	0.00478	0.00141	0.05102	0.00359	0.00219	0.00644
20	0.00899	0.00847	0.01429	0.79878	0.05600	0.01050	0.01314	0.01212	0.00947	0.01215	0.00840	0.01254	0.00632	0.00470	0.00471	0.00157	0.00626	0.00419	0.00210	0.00531
21	0.02058	0.00895	0.01152	0.00883	0.01250	0.00831	0.00729	0.16019	0.01505	0.66874	0.01730	0.01520	0.01102	0.00580	0.00474	0.00145	0.00422	0.00465	0.00564	0.00802
22	0.01023	0.00973	0.01654	0.44236	0.40271	0.01082	0.01375	0.01321	0.01006	0.01366	0.00861	0.01214	0.00685	0.00447	0.00469	0.00149	0.00596	0.00420	0.00221	0.00631
23	0.01061	0.01012	0.01722	0.33311	0.50899	0.01092	0.01394	0.01354	0.01024	0.01412	0.00868	0.01201	0.00702	0.00440	0.00469	0.00147	0.00586	0.00420	0.00224	0.00661
24	0.01891	0.01497	0.01235	0.01035	0.01344	0.35988	0.00813	0.10734	0.04288	0.34524	0.01288	0.01229	0.00892	0.00541	0.00453	0.00135	0.00609	0.00397	0.00419	0.00689
25	0.00674	0.00505	0.00758	0.00758	0.00842	0.00589	0.00589	0.00842	0.00758	0.01095	0.01263	0.01852	0.01179	0.03536	0.81561	0.00758	0.01263	0.00505	0.00253	0.00421
26	0.00991	0.14245	0.69581	0.01266	0.01920	0.01207	0.01606	0.01481	0.00990	0.01437	0.00818	0.00961	0.00598	0.00441	0.00427	0.00142	0.00669	0.00334	0.00199	0.00684
27	0.01127	0.01079	0.01841	0.14442	0.69255	0.01110	0.01427	0.01412	0.01055	0.01492	0.00880	0.01180	0.00730	0.00428	0.00467	0.00143	0.00570	0.00420	0.00230	0.00714
28	0.02106	0.00817	0.01104	0.00846	0.01211	0.00715	0.00699	0.04525	0.01375	0.78552	0.01839	0.01591	0.01157	0.00583	0.00474	0.00146	0.00405	0.00473	0.00580	0.00802
29	0.00995	0.00583	0.00722	0.00657	0.00760	0.00592	0.00457	0.06300	0.00915	0.14319	0.01478	0.02453	0.01451	0.47590	0.18293	0.00446	0.00618	0.00596	0.00341	0.00434
30	0.00988	0.00938	0.01591	0.54233	0.30547	0.01073	0.01358	0.01290	0.00989	0.01323	0.00855	0.01225	0.00670	0.00453	0.00470	0.00151	0.00604	0.00419	0.00218	0.00603
31	0.00986	0.12748	0.71028	0.01276	0.01935	0.01193	0.01623	0.01483	0.00991	0.01445	0.00822	0.00965	0.00598	0.00442	0.00430	0.00143	0.00672	0.00336	0.00199	0.00685
32	0.01978	0.01022	0.01230	0.00943	0.01313	0.01019	0.00779	0.34794	0.01717	0.47799	0.01551	0.01404	0.01012	0.00576	0.00473	0.00144	0.00451	0.00453	0.00536	0.00802
33	0.00962	0.06539	0.77025	0.01317	0.01999	0.01134	0.01695	0.01489	0.00994	0.01474	0.00837	0.00983	0.00598	0.00446	0.00441	0.00147	0.00687	0.00344	0.00199	0.00692
34	0.01028	0.00978	0.01662	0.42869	0.41601	0.01084	0.01378	0.01325	0.01008	0.01371	0.00862	0.01212	0.00687	0.00446	0.00469	0.00149	0.00595	0.00420	0.00221	0.00635
35	0.02097	0.00832	0.01113	0.00853	0.01219	0.00738	0.00705	0.06739	0.01400	0.76303	0.01818	0.01577	0.01146	0.00583	0.00474	0.00146	0.00408	0.00471	0.00577	0.00802
36	0.00698	0.00554	0.00740	0.00756	0.03125	0.00529	0.03701	0.02279	0.06315	0.01512	0.24495	0.35052	0.16156	0.01139	0.00565	0.00168	0.00294	0.01017	0.00450	0.00455
37	0.01080	0.37215	0.47391	0.01114	0.01685	0.01425	0.01342	0.01458	0.00979	0.01329	0.00765	0.00893	0.00601	0.00429	0.00386	0.00129	0.00614	0.00307	0.00200	0.00658
38	0.05592	0.01678	0.01282	0.01098	0.01383	0.41194	0.00857	0.20729	0.08537	0.09389	0.01037	0.01074	0.00779	0.00536	0.00470	0.00136	0.02857	0.00371	0.00354	0.00649
39	0.00692	0.00500	0.00661	0.00654	0.00693	0.00554	0.00454	0.00775	0.00721	0.01006	0.01351	0.02437	0.01425	0.43200	0.39337	0.00589	0.03736	0.00592	0.00267	0.00357
40	0.01119	0.03490	0.02444	0.02058	0.18389	0.01224	0.51926	0.01452	0.01057	0.01463	0.00894	0.01209	0.00708	0.00450	0.00642	0.00159	0.09934	0.00504	0.00233	0.00644
41	0.01026	0.00976	0.01658	0.43507	0.40981	0.01083	0.01377	0.01323	0.01007	0.01369	0.00862	0.01213	0.00686	0.00446	0.00469	0.00149	0.00595	0.00420	0.00221	0.00633
42	0.02083	0.00795	0.01084	0.00833	0.01192	0.00687	0.00687	0.02266	0.01349	0.79047	0.03615	0.01648	0.01241	0.00592	0.00476	0.00146	0.00397	0.00483	0.00582	0.00794
43	0.01253	0.81760	0.04358	0.00820	0.01230	0.01847	0.00829	0.01414	0.00959	0.01119	0.00660	0.00762	0.00605	0.00404	0.00306	0.00102	0.00509	0.00254	0.00202	0.00607
44	0.01879	0.00763	0.01050	0.00875	0.02702	0.00672	0.00705	0.02064	0.01296	0.66966	0.01944	0.05366	0.01415	0.00699	0.00499	0.00156	0.00403	0.09251	0.00554	0.00742
45	0.01261	0.83713	0.02471	0.00807	0.01210	0.01866	0.00807	0.01412	0.00958	0.01109	0.00656	0.00756	0.00605	0.00403	0.00303	0.00101	0.00504	0.00252	0.00202	0.00605
46	0.00614	0.00433	0.00565	0.00639	0.00667	0.00424	0.00425	0.00689	0.00843	0.01132	0.02213	0.55247	0.02601	0.20271	0.08952	0.00308	0.00416	0.02811	0.00385	0.00366
47	0.01639	0.06627	0.03559	0.01216	0.02457	0.64502	0.00945	0.03900	0.01272	0.01214	0.00731	0.00877	0.00615	0.00512	0.00522	0.00129	0.08164	0.00317	0.00242	0.00561
48	0.00574	0.00410	0.00547	0.00657	0.00684	0.00383	0.00438	0.00657	0.00903	0.01204	0.02599	0.83122	0.03119	0.01477	0.00602	0.00191	0.00274	0.01340	0.00438	0.00383
49	0.01792	0.01321	0.01415	0.01085	0.01462	0.01462	0.00896	0.78916	0.02217	0.02972	0.01132	0.01132	0.00802	0.00566	0.00472	0.00142	0.00519	0.00425	0.00472	0.00802
50	0.00890	0.00838	0.01414	0.82296	0.03247	0.01048	0.01309	0.01205	0.00943	0.01205	0.00838	0.01257	0.00629	0.00471	0.00471	0.00157	0.00629	0.00419	0.00210	0.00524
51	0.02082	0.00794	0.01082	0.00835	0.01192	0.00686	0.00687	0.02262	0.01340	0.79081	0.01876	0.03380	0.01210	0.00603	0.00477	0.00147	0.00398	0.00493	0.00580	0.00793
52	0.00961	0.06490	0.77072	0.01317	0.01999	0.01133	0.01695	0.01489	0.00994	0.01474	0.00837	0.00984	0.00598	0.00446	0.00441	0.00147	0.00687	0.00344	0.00199	0.00692
53	0.00663	0.00478	0.00626	0.00596	0.00703	0.00442	0.00445	0.00878	0.01313	0.01857	0.76389	0.07469	0.04383	0.00989	0.00558	0.00150	0.00225	0.00877	0.00515	0.00442
54	0.00956	0.05168	0.78350	0.01326	0.02013	0.01121	0.01711	0.01490	0.00994	0.01480	0.00840	0.00987	0.00598	0.00446	0.00443	0.00148	0.00690	0.00345	0.00199	0.00694
55	0.01136	0.01088	0.01857	0.11928	0.71700	0.01112	0.01431	0.01419	0.01059	0.01502	0.00881	0.01177	0.00733	0.00426	0.00467	0.00142	0.00568	0.00420	0.00231	0.00721
56	0.01061	0.01178	0.02516	0.01827	0.02247	0.01131	0.67784	0.01424	0.01062	0.01453	0.00980	0.01331	0.00766	0.00766	0.09800	0.00228	0.03053	0.00547	0.00239	0.00608
57	0.00983	0.00933	0.01582	0.55679	0.29140	0.01072	0.01356	0.01286	0.00987	0.01317	0.00854	0.01227	0.00668	0.00454	0.00470	0.00151	0.00606	0.00419	0.00218	0.00599
58	0.01153	0.00895	0.00975	0.00913	0.01104	0.11332	0.02985	0.06095	0.05901	0.12214	0.06856	0.06524	0.05973	0.03458	0.00634	0.00184	0.02298	0.29543	0.00424	0.00540
59	0.01627	0.02028	0.01243	0.01131	0.01366	0.70757	0.00850	0.03239	0.01329	0.01215	0.02732	0.01255	0.08135	0.00563	0.00441	0.00126	0.00774	0.00382	0.00271	0.00536
60	0.00758	0.00545	0.00766	0.00881	0.01964	0.00543	0.00752	0.00973	0.01088	0.01421	0.04625	0.07102	0.02747	0.01286	0.00645	0.00214	0.00426	0.72393	0.00434	0.00437
61	0.03987	0.01171	0.01237	0.01260	0.12784	0.11156	0.00872	0.09950	0.37265	0.09401	0.01521	0.01605	0.01171	0.00598	0.00471	0.00151	0.00480	0.03793	0.00416	0.00712
62	0.00880	0.00642	0.00784	0.00753	0.00889	0.00670	0.00583	0.06827	0.06893	0.06774	0.05973	0.22428	0.20306	0.03590	0.04027	0.00208	0.07598	0.09260	0.00424	0.00491
63	0.01109	0.01061	0.01809	0.19550	0.64286	0.01105	0.01418	0.01396	0.01046	0.01470	0.00877	0.01186	0.00722	0.00431	0.00468	0.00144	0.00574	0.00420	0.00228	0.00700
64	0.05786	0.01115	0.01091	0.00918	0.01202	0.07191	0.00730	0.33361	0.22111	0.02213	0.01764	0.04064	0.10075	0.00670	0.00466	0.00147	0.00441	0.00528	0.05453	0.00674
65	0.04260	0.01250	0.02630	0.01887	0.02352	0.01184	0.72011	0.03696	0.01138	0.03341	0.00968	0.01257	0.00720	0.00408	0.00543	0.00158	0.00763	0.00540	0.00255	0.00640
66	0.01193	0.01034	0.01987	0.01482	0.01837	0.01000	0.44668	0.01521	0.03251	0.14491	0.07960	0.03710	0.03905	0.00594	0.00618	0.00162	0.06696	0.02928	0.00340	0.00621
67	0.01253	0.00810	0.00856	0.00721	0.00940	0.00870	0.00575	0.33596	0.01497	0.02238	0.01390	0.01610	0.01085	0.02395	0.00442	0.00133	0.00355	0.02251	0.46393	0.00587
68	0.01026	0.23120	0.61007	0.01207	0.01829	0.01291	0.01504	0.01473	0.00986	0.01396	0.00798	0.00935	0.00599	0.00437	0.00411	0.00137	0.00648	0.00324	0.00200	0.00673
69	0.01197	0.39247	0.28222	0.01039	0.01522	0.01444	0.03206	0.05342	0.06933	0.04806	0.02434	0.01032	0.00776	0.00462	0.00391	0.00128	0.00557	0.00343	0.00258	0.00662
70	0.01989	0.00854	0.01108	0.00866	0.01220	0.00789	0.00710	0.06308	0.10492	0.67603	0.01829	0.01598	0.01180	0.00589	0.00475	0.00147	0.00404	0.00478	0.00566	0.00796
71	0.01167	0.01120	0.01914	0.02894	0.80488	0.01120	0.01447	0.01447	0.01074	0.01540	0.00887	0.01167	0.00747	0.00420	0.00467	0.00140	0.00560	0.00420	0.00233	0.00747
72	0.01524	0.01760	0.01439	0.01233	0.01512	0.47577	0.10433	0.05963	0.18965	0.01478	0.01087	0.02974	0.00875	0.00536	0.00460	0.00137	0.00706	0.00416	0.00312	0.00612
73	0.00966	0.07643	0.75959	0.01309	0.01988	0.01144	0.01682	0.01488	0.00993	0.01469	0.00834	0.00980	0.00598	0.00445	0.00439	0.00146	0.00684	0.00342	0.00199	0.00691
74	0.00674	0.00505	0.00758	0.00758	0.00842	0.00589	0.00589	0.00842	0.00758	0.01095	0.01263	0.01852	0.01179	0.03536	0.81561	0.00758	0.01263	0.00505	0.00253	0.00421
75	0.01964	0.00789	0.01062	0.00842	0.01181	0.00700	0.00694	0.02198	0.04903	0.71076	0.01914	0.03609	0.01308	0.00645	0.00487	0.00151	0.00399	0.04740	0.00567	0.00770
76	0.01505	0.18252	0.07342	0.01190	0.03938	0.48489	0.03804	0.03408	0.01240	0.01273	0.04816	0.01011	0.00816	0.00488	0.00416	0.00123	0.00720	0.00340	0.00250	0.00579
77	0.01113	0.01272	0.02782	0.01987	0.02464	0.01192	0.78776	0.01510	0.01113	0.01510	0.00954	0.01272	0.00715	0.00397	0.00556	0.00159	0.00795	0.00556	0.00238	0.00636
78	0.00574	0.00410	0.00547	0.00657	0.00684	0.00383	0.00438	0.00657	0.00903	0.01204	0.02599	0.83122	0.03119	0.01477	0.00602	0.00191	0.00274	0.01340	0.00438	0.00383
79	0.01081	0.01209	0.02583	0.13667	0.02578	0.01171	0.67509	0.01466	0.01088	0.01466	0.00937	0.01270	0.00703	0.00408	0.00544	0.00159	0.00771	0.00536	0.00234	0.00620
80	0.01066	0.01018	0.01720	0.26588	0.50448	0.01082	0.03438	0.01388	0.03510	0.01445	0.01016	0.01310	0.02965	0.00464	0.00474	0.00147	0.00572	0.00443	0.00240	0.00667
81	0.01234	0.01009	0.01075	0.00956	0.01230	0.01155	0.00747	0.04216	0.73943	0.05972	0.01898	0.01737	0.01411	0.00635	0.00479	0.00159	0.00378	0.00528	0.00485	0.00750
82	0.01761	0.02247	0.01336	0.01215	0.01458	0.81537	0.00911	0.01883	0.01336	0.01154	0.00729	0.00850	0.00607	0.00486	0.00425	0.00121	0.00850	0.00304	0.00243	0.00547
83	0.01186	0.28097	0.35696	0.01306	0.08500	0.12836	0.03377	0.01519	0.01042	0.01327	0.00775	0.00921	0.00617	0.00435	0.00403	0.00129	0.00648	0.00323	0.00210	0.00649
84	0.00870	0.00590	0.00924	0.00884	0.01024	0.00553	0.09653	0.01033	0.01025	0.11073	0.02293	0.45270	0.02504	0.01201	0.00592	0.00188	0.00388	0.19029	0.00432	0.00476
85	0.01104	0.01254	0.02726	0.05285	0.02496	0.01186	0.75595	0.01498	0.01106	0.01498	0.00949	0.01271	0.00712	0.00400	0.00553	0.00159	0.00788	0.00551	0.00237	0.00631
86	0.01139	0.01107	0.01559	0.36473	0.08267	0.09441	0.12198	0.05227	0.13210	0.03204	0.01089	0.03114	0.00848	0.00514	0.00483	0.00153	0.00613	0.00466	0.00286	0.00609
87	0.01029	0.01133	0.04172	0.01670	0.02060	0.01047	0.57734	0.03118	0.03946	0.01506	0.01295	0.15186	0.01182	0.00610	0.00558	0.00165	0.00677	0.02027	0.00289	0.00599
88	0.01017	0.01010	0.01416	0.01218	0.01222	0.01409	0.01013	0.01123	0.00724	0.01133	0.00645	0.01065	0.00642	0.00937	0.04833	0.00229	0.79228	0.00416	0.00208	0.00512
89	0.00676	0.00497	0.00718	0.00718	0.00788	0.00568	0.00539	0.00816	0.00746	0.01065	0.01300	0.02056	0.01267	0.16729	0.68489	0.00708	0.01130	0.00535	0.00258	0.00399
90	0.02679	0.01409	0.18319	0.16638	0.05908	0.06260	0.10350	0.05776	0.04598	0.03242	0.00884	0.01137	0.00691	0.00552	0.00717	0.00163	0.19396	0.00415	0.00250	0.00616
91	0.01194	0.01054	0.03083	0.01121	0.01418	0.02809	0.16064	0.19100	0.17942	0.04125	0.08661	0.01963	0.09305	0.00794	0.03968	0.00181	0.04046	0.02133	0.00399	0.00642
92	0.15741	0.00795	0.00997	0.11218	0.02918	0.00825	0.02114	0.10122	0.02005	0.22660	0.01652	0.20169	0.03266	0.00764	0.00476	0.00158	0.00412	0.01587	0.01521	0.00598

[dist]
# distance from previous block
# <min> <max>
0	14

[block]
# block no. 2 follows, 54 sequences, length 54
# corresponding to MSA columns:
# 509-533,575-603
name=unknown_C
#
# <colnr> <probs for GDERKNQSTAVLIFYWHMCP>
#	G	D	E	R	K	N	Q	S	T	A	V	L	I	F	Y	W	H	M	C	P
0	0.00664	0.00474	0.00650	0.00759	0.00825	0.00460	0.00593	0.00811	0.00991	0.01304	0.02549	0.45560	0.02923	0.01393	0.00626	0.00204	0.00351	0.38019	0.00436	0.00408
1	0.00978	0.00838	0.00978	0.00698	0.01117	0.00629	0.00559	0.01187	0.00978	0.01536	0.00838	0.00978	0.00698	0.00349	0.00349	0.00070	0.00349	0.00279	0.00279	0.86312
2	0.03152	0.18977	0.40193	0.01143	0.01629	0.01269	0.02417	0.03649	0.04210	0.07457	0.00914	0.01042	0.00693	0.00548	0.01793	0.00155	0.09489	0.00358	0.00252	0.00661
3	0.00663	0.00482	0.00624	0.00588	0.00702	0.00443	0.00441	0.00881	0.01324	0.01865	0.77029	0.03565	0.07676	0.00974	0.00556	0.00149	0.00223	0.00859	0.00516	0.00443
4	0.00680	0.00455	0.00516	0.00522	0.00523	0.00453	0.00294	0.00684	0.00697	0.00929	0.01543	0.07234	0.01787	0.79181	0.02307	0.00443	0.00448	0.00720	0.00294	0.00291
5	0.01256	0.01333	0.01751	0.27326	0.12019	0.20928	0.18414	0.03403	0.01132	0.04026	0.00878	0.01150	0.00679	0.00470	0.00513	0.00147	0.03307	0.00423	0.00246	0.00598
6	0.01093	0.01167	0.02008	0.20853	0.04887	0.05997	0.33744	0.02684	0.01012	0.01355	0.00836	0.01181	0.00668	0.00524	0.00755	0.00166	0.19791	0.00468	0.00228	0.00583
7	0.00574	0.00410	0.00547	0.00657	0.00684	0.00383	0.00438	0.00657	0.00903	0.01204	0.02599	0.83122	0.03119	0.01477	0.00602	0.00191	0.00274	0.01340	0.00438	0.00383
8	0.01113	0.01272	0.02782	0.01987	0.02464	0.01192	0.78776	0.01510	0.01113	0.01510	0.00954	0.01272	0.00715	0.00397	0.00556	0.00159	0.00795	0.00556	0.00238	0.00636
9	0.01025	0.22820	0.61297	0.01209	0.01832	0.01288	0.01508	0.01473	0.00986	0.01397	0.00798	0.00936	0.00599	0.00437	0.00411	0.00137	0.00649	0.00324	0.00200	0.00674
10	0.00581	0.00415	0.00554	0.00664	0.00694	0.00388	0.00449	0.00667	0.00909	0.01211	0.02595	0.80477	0.03105	0.01471	0.00603	0.00192	0.00279	0.03923	0.00438	0.00385
11	0.01250	0.80853	0.05234	0.00826	0.01239	0.01839	0.00840	0.01415	0.00959	0.01123	0.00662	0.00765	0.00605	0.00405	0.00308	0.00103	0.00511	0.00256	0.00202	0.00608
12	0.00946	0.02439	0.80987	0.01344	0.02041	0.01095	0.01742	0.01493	0.00995	0.01493	0.00846	0.00995	0.00597	0.00448	0.00448	0.00149	0.00697	0.00348	0.00199	0.00697
13	0.01167	0.01120	0.01914	0.02894	0.80488	0.01120	0.01447	0.01447	0.01074	0.01540	0.00887	0.01167	0.00747	0.00420	0.00467	0.00140	0.00560	0.00420	0.00233	0.00747
14	0.00890	0.00838	0.01414	0.82296	0.03247	0.01048	0.01309	0.01205	0.00943	0.01205	0.00838	0.01257	0.00629	0.00471	0.00471	0.00157	0.00629	0.00419	0.00210	0.00524
15	0.00728	0.00623	0.00643	0.00613	0.00799	0.00610	0.00467	0.01180	0.22358	0.01487	0.06940	0.03746	0.55991	0.01035	0.00536	0.00159	0.00275	0.00864	0.00452	0.00494
16	0.07147	0.01022	0.01700	0.27504	0.48121	0.01096	0.03914	0.01369	0.01015	0.01475	0.00858	0.01170	0.00692	0.00437	0.00459	0.00146	0.00575	0.00413	0.00230	0.00657
17	0.24754	0.03672	0.01194	0.01038	0.01300	0.51904	0.00802	0.06005	0.01220	0.01514	0.00728	0.00845	0.00592	0.00482	0.00411	0.00130	0.02293	0.00298	0.00267	0.00552
18	0.00628	0.00495	0.00574	0.00609	0.00742	0.00445	0.00485	0.00778	0.01074	0.01334	0.07640	0.07450	0.48126	0.03479	0.00638	0.00186	0.00305	0.24168	0.00437	0.00408
19	0.01011	0.00961	0.01632	0.47678	0.36923	0.01079	0.01369	0.01310	0.01000	0.01351	0.00859	0.01218	0.00680	0.00449	0.00469	0.00150	0.00599	0.00419	0.00220	0.00621
20	0.01523	0.02219	0.22911	0.01243	0.01610	0.53498	0.01138	0.05813	0.01275	0.01341	0.00779	0.00909	0.00615	0.00488	0.00462	0.00132	0.02874	0.00325	0.00242	0.00600
21	0.00683	0.00468	0.00572	0.00572	0.00592	0.00488	0.00358	0.00723	0.00703	0.00957	0.01433	0.02794	0.01587	0.64511	0.21145	0.00528	0.00648	0.00643	0.00278	0.00318
22	0.00678	0.00516	0.00645	0.00710	0.00839	0.00484	0.00597	0.00855	0.01081	0.01355	0.03422	0.05002	0.34194	0.01259	0.00613	0.00194	0.00355	0.46347	0.00436	0.00420
23	0.00814	0.00682	0.00903	0.06204	0.10312	0.02302	0.01829	0.01065	0.06656	0.03409	0.07628	0.20133	0.23000	0.01052	0.01725	0.00177	0.03272	0.07946	0.00393	0.00496
24	0.15441	0.01103	0.03882	0.04099	0.20190	0.01150	0.10671	0.16116	0.01211	0.05587	0.00992	0.03609	0.00800	0.00539	0.00567	0.00152	0.09475	0.00439	0.03327	0.00651
25	0.01780	0.01205	0.01322	0.01023	0.01385	0.01308	0.00842	0.62465	0.05202	0.13663	0.01279	0.01245	0.00893	0.00571	0.00467	0.00142	0.00486	0.00436	0.03499	0.00787
26	0.01241	0.00609	0.00814	0.00690	0.00902	0.00543	0.00543	0.01447	0.01341	0.33142	0.49204	0.02763	0.03149	0.00813	0.00524	0.00147	0.00293	0.00703	0.00545	0.00586
27	0.01177	0.43187	0.32048	0.01056	0.01558	0.05527	0.02433	0.01521	0.03675	0.02759	0.00801	0.00910	0.00643	0.00436	0.00377	0.00124	0.00593	0.00310	0.00220	0.00646
28	0.00625	0.00487	0.00569	0.00550	0.00683	0.00435	0.00412	0.00818	0.02476	0.01608	0.44359	0.05518	0.37618	0.01070	0.00556	0.00154	0.00233	0.00920	0.00481	0.00428
29	0.00946	0.02439	0.80987	0.01344	0.02041	0.01095	0.01742	0.01493	0.00995	0.01493	0.00846	0.00995	0.00597	0.00448	0.00448	0.00149	0.00697	0.00348	0.00199	0.00697
30	0.01073	0.00926	0.01386	0.57267	0.05653	0.01102	0.01179	0.17418	0.01207	0.01583	0.00968	0.03721	0.00762	0.00617	0.03044	0.00173	0.00612	0.00451	0.00273	0.00583
31	0.01664	0.01380	0.04000	0.01559	0.22187	0.20839	0.03607	0.12425	0.01374	0.24565	0.01164	0.01209	0.00836	0.00504	0.00462	0.00138	0.00592	0.00410	0.00369	0.00716
32	0.00667	0.00482	0.00630	0.00593	0.00704	0.00445	0.00445	0.00890	0.01335	0.01891	0.80239	0.03522	0.04449	0.00964	0.00556	0.00148	0.00222	0.00853	0.00519	0.00445
33	0.01401	0.00649	0.00819	0.00687	0.00872	0.00601	0.00499	0.03931	0.01050	0.39004	0.01653	0.02319	0.01425	0.41378	0.01422	0.00299	0.00432	0.00577	0.00433	0.00548
34	0.00978	0.00838	0.00978	0.00698	0.01117	0.00629	0.00559	0.01187	0.00978	0.01536	0.00838	0.00978	0.00698	0.00349	0.00349	0.00070	0.00349	0.00279	0.00279	0.86312
35	0.00557	0.00478	0.00478	0.00478	0.00637	0.00398	0.00358	0.00677	0.01075	0.01274	0.04776	0.04538	0.80297	0.01194	0.00557	0.00159	0.00239	0.00995	0.00438	0.00398
36	0.00562	0.00479	0.00484	0.00487	0.00645	0.00402	0.00368	0.00684	0.01075	0.01277	0.04722	0.04556	0.78440	0.01197	0.00560	0.00161	0.00244	0.02822	0.00438	0.00399
37	0.04274	0.01297	0.04505	0.00969	0.01282	0.23992	0.00802	0.07181	0.03209	0.35704	0.01573	0.01714	0.04188	0.00626	0.00471	0.00145	0.00545	0.06420	0.00433	0.00670
38	0.01084	0.01125	0.02173	0.21368	0.21590	0.01154	0.37378	0.02984	0.01073	0.01462	0.00903	0.01232	0.00701	0.00438	0.00544	0.00155	0.03283	0.00483	0.00234	0.00636
39	0.00879	0.00439	0.00439	0.00439	0.00549	0.00439	0.00330	0.01099	0.00989	0.01758	0.01538	0.01758	0.01209	0.00549	0.00330	0.00110	0.00220	0.00439	0.86047	0.00439
40	0.00597	0.00426	0.00570	0.00677	0.00713	0.00402	0.00470	0.00693	0.00918	0.01220	0.02563	0.72755	0.03043	0.03263	0.00647	0.00200	0.00295	0.09727	0.00434	0.00386
41	0.01184	0.58806	0.24629	0.00968	0.01451	0.03548	0.01074	0.01446	0.00978	0.01219	0.00711	0.00826	0.00603	0.00418	0.00347	0.00115	0.00567	0.00281	0.00202	0.00630
42	0.84746	0.00901	0.00687	0.00616	0.00903	0.01043	0.00506	0.01379	0.00807	0.02107	0.00677	0.00789	0.00527	0.00440	0.00293	0.00145	0.00361	0.00260	0.02303	0.00509
43	0.00600	0.00489	0.00537	0.00554	0.00701	0.00427	0.00435	0.00743	0.01093	0.01337	0.09174	0.04611	0.61734	0.01199	0.00574	0.00169	0.00272	0.14500	0.00442	0.00407
44	0.00793	0.01276	0.32436	0.00898	0.01248	0.00723	0.00963	0.03447	0.01166	0.01649	0.32593	0.08831	0.10458	0.00812	0.00514	0.00153	0.00425	0.00693	0.00376	0.00546
45	0.01204	0.01210	0.01746	0.10198	0.49337	0.10241	0.05840	0.03293	0.06261	0.01509	0.00975	0.02987	0.00814	0.00479	0.00489	0.00144	0.01888	0.00442	0.00258	0.00685
46	0.02115	0.00802	0.01094	0.00839	0.01204	0.00693	0.00693	0.02298	0.01350	0.80815	0.01860	0.01605	0.01167	0.00584	0.00474	0.00146	0.00401	0.00474	0.00584	0.00802
47	0.17139	0.00848	0.01039	0.00812	0.01165	0.00797	0.00671	0.05994	0.01296	0.62911	0.01610	0.01432	0.01032	0.00557	0.00442	0.00146	0.00401	0.00433	0.00526	0.00751
48	0.01379	0.20679	0.20640	0.01336	0.09605	0.31297	0.02918	0.04452	0.01169	0.01339	0.00776	0.00916	0.00628	0.00452	0.00412	0.00127	0.00692	0.00325	0.00230	0.00627
49	0.01315	0.01412	0.20275	0.01172	0.01592	0.02671	0.11969	0.26840	0.04490	0.08455	0.04252	0.03289	0.07322	0.00614	0.00494	0.00151	0.00552	0.02074	0.00377	0.00686
50	0.00564	0.00478	0.00487	0.00485	0.00641	0.00401	0.00363	0.00689	0.01090	0.01310	0.09265	0.04477	0.75786	0.01180	0.00557	0.00159	0.00238	0.00987	0.00443	0.00401
51	0.01711	0.04614	0.01395	0.01254	0.04078	0.71953	0.00928	0.04456	0.01332	0.01227	0.00743	0.00872	0.00619	0.00491	0.00449	0.00124	0.02629	0.00313	0.00248	0.00563
52	0.00946	0.02439	0.80987	0.01344	0.02041	0.01095	0.01742	0.01493	0.00995	0.01493	0.00846	0.00995	0.00597	0.00448	0.00448	0.00149	0.00697	0.00348	0.00199	0.00697
53	0.01159	0.01112	0.01899	0.05260	0.78187	0.01118	0.01443	0.01440	0.01070	0.01530	0.00885	0.01170	0.00743	0.00422	0.00467	0.00141	0.00562	0.00420	0.00233	0.00740

[dist]
# distance from previous block
# <min> <max>
8	19

[block]
# block no. 3 follows, 54 sequences, length 17
# corresponding to MSA columns:
# 624,627-642
name=unknown_D
#
# <colnr> <probs for GDERKNQSTAVLIFYWHMCP>
#	G	D	E	R	K	N	Q	S	T	A	V	L	I	F	Y	W	H	M	C	P
0	0.00730	0.00493	0.00557	0.00564	0.00571	0.00483	0.00324	0.00724	0.00739	0.00991	0.01626	0.09903	0.01874	0.75873	0.02254	0.00442	0.00459	0.00756	0.00316	0.00323
1	0.00928	0.04026	0.10373	0.01101	0.01399	0.02166	0.20689	0.01354	0.12023	0.01580	0.20986	0.07514	0.01981	0.07670	0.00673	0.00177	0.00490	0.00644	0.01564	0.02662
2	0.00970	0.00831	0.00963	0.00700	0.01104	0.00639	0.00558	0.01215	0.03710	0.01542	0.01015	0.01131	0.03548	0.00389	0.00361	0.00076	0.00346	0.00314	0.00292	0.80295
3	0.00978	0.00838	0.00978	0.00698	0.01117	0.00629	0.00559	0.01187	0.00978	0.01536	0.00838	0.00978	0.00698	0.00349	0.00349	0.00070	0.00349	0.00279	0.00279	0.86312
4	0.30611	0.08476	0.29633	0.04359	0.01521	0.01153	0.02455	0.04358	0.07524	0.04571	0.00902	0.01002	0.00669	0.00466	0.00389	0.00145	0.00521	0.00337	0.00279	0.00628
5	0.01222	0.73862	0.11987	0.00872	0.01311	0.01772	0.00920	0.01422	0.00963	0.01156	0.00679	0.00785	0.00604	0.00409	0.00320	0.00107	0.00528	0.00264	0.00201	0.00616
6	0.00638	0.00464	0.00510	0.00513	0.00570	0.00439	0.00323	0.00686	0.00826	0.01050	0.02631	0.05860	0.28466	0.50843	0.03948	0.00357	0.00400	0.00805	0.00341	0.00331
7	0.00995	0.00903	0.01282	0.11384	0.08221	0.00776	0.08066	0.01242	0.00994	0.01492	0.00853	0.01057	0.00695	0.00375	0.00394	0.00095	0.00444	0.00335	0.00263	0.60133
8	0.00685	0.00460	0.00529	0.00529	0.00534	0.00465	0.00304	0.00695	0.00690	0.00925	0.01472	0.03012	0.01682	0.78662	0.07124	0.00475	0.00505	0.00675	0.00284	0.00294
9	0.00994	0.14918	0.68931	0.01261	0.01913	0.01213	0.01598	0.01481	0.00990	0.01434	0.00817	0.00959	0.00598	0.00441	0.00426	0.00142	0.00667	0.00334	0.00199	0.00683
10	0.01254	0.60716	0.08941	0.00842	0.01259	0.01559	0.00846	0.01445	0.00991	0.07182	0.00832	0.03095	0.00723	0.00445	0.00340	0.00108	0.00493	0.00309	0.00244	0.08378
11	0.00902	0.00535	0.00779	0.00767	0.00885	0.00488	0.04905	0.01021	0.01001	0.16576	0.02364	0.62784	0.02607	0.01244	0.00575	0.00181	0.00328	0.01129	0.00455	0.00478
12	0.01659	0.01305	0.01366	0.05650	0.01531	0.06013	0.00897	0.60860	0.09063	0.02634	0.01155	0.01175	0.00835	0.00556	0.00466	0.00141	0.00526	0.00423	0.00439	0.03308
13	0.19240	0.02329	0.01295	0.17005	0.25642	0.00962	0.00978	0.01471	0.01064	0.15023	0.09465	0.01418	0.01138	0.00519	0.00439	0.00146	0.00468	0.00438	0.00330	0.00629
14	0.16682	0.00854	0.01006	0.05248	0.01217	0.05141	0.03558	0.01576	0.01130	0.28259	0.08468	0.03903	0.03089	0.00655	0.00479	0.00148	0.02187	0.06967	0.01886	0.07546
15	0.16526	0.37182	0.04733	0.03259	0.18100	0.06006	0.00947	0.05810	0.01048	0.01504	0.00747	0.00893	0.00630	0.00430	0.00361	0.00124	0.00522	0.00309	0.00242	0.00627
16	0.10353	0.07823	0.03678	0.00912	0.01269	0.04552	0.00770	0.24395	0.13786	0.09206	0.01187	0.01256	0.00899	0.00524	0.00420	0.00130	0.00455	0.02115	0.00389	0.15877

[dist]
# distance from previous block
# <min> <max>
8	23

[block]
# block no. 4 follows, 54 sequences, length 10
# corresponding to MSA columns:
# 704-713
name=unknown_E
#
# <colnr> <probs for GDERKNQSTAVLIFYWHMCP>
#	G	D	E	R	K	N	Q	S	T	A	V	L	I	F	Y	W	H	M	C	P
0	0.10284	0.05108	0.12892	0.01110	0.01402	0.29429	0.00982	0.06797	0.01118	0.01452	0.00748	0.00926	0.00619	0.00538	0.00643	0.00142	0.17938	0.00332	0.00251	0.07289
1	0.12632	0.01045	0.05313	0.00980	0.01164	0.05747	0.00818	0.03188	0.11310	0.09300	0.01247	0.13339	0.01142	0.00765	0.00815	0.00171	0.27464	0.00539	0.00335	0.02686
2	0.00856	0.00574	0.00718	0.00727	0.00857	0.00573	0.00550	0.01153	0.11801	0.09624	0.04360	0.29593	0.12434	0.04243	0.09163	0.00249	0.00427	0.11176	0.00435	0.00487
3	0.01247	0.00936	0.01017	0.00900	0.01170	0.01037	0.00704	0.02312	0.61810	0.12742	0.02168	0.01988	0.08499	0.00682	0.00486	0.00158	0.00365	0.00567	0.00490	0.00723
4	0.11349	0.00651	0.00768	0.00686	0.00885	0.00639	0.00543	0.03908	0.05407	0.16050	0.38992	0.02867	0.08715	0.00841	0.00509	0.00153	0.00305	0.05703	0.00488	0.00541
5	0.01089	0.01041	0.01773	0.25286	0.58706	0.01100	0.01408	0.01379	0.01037	0.01446	0.00873	0.01192	0.00713	0.00435	0.00468	0.00145	0.00579	0.00420	0.00227	0.00684
6	0.86760	0.00912	0.00693	0.00620	0.00912	0.01058	0.00511	0.01386	0.00802	0.02115	0.00657	0.00766	0.00511	0.00438	0.00292	0.00146	0.00365	0.00255	0.00292	0.00511
7	0.01173	0.01013	0.01066	0.00960	0.01226	0.01173	0.00746	0.02505	0.79636	0.01972	0.01919	0.01759	0.01439	0.00640	0.00480	0.00160	0.00373	0.00533	0.00480	0.00746
8	0.00697	0.00528	0.00664	0.00680	0.00799	0.00518	0.00533	0.00951	0.06375	0.01510	0.26384	0.09618	0.17916	0.03780	0.07923	0.00235	0.00392	0.19611	0.00443	0.00442
9	0.08046	0.01340	0.01354	0.01149	0.05630	0.08598	0.00887	0.56270	0.07834	0.02592	0.01107	0.01129	0.00808	0.00547	0.00454	0.00141	0.00528	0.00409	0.00426	0.00750

[dist]
# distance from previous block
# <min> <max>
1	3

[block]
# block no. 5 follows, 54 sequences, length 16
# corresponding to MSA columns:
# 717-721,723-733
name=unknown_F
#
# <colnr> <probs for GDERKNQSTAVLIFYWHMCP>
#	G	D	E	R	K	N	Q	S	T	A	V	L	I	F	Y	W	H	M	C	P
0	0.12215	0.01162	0.01542	0.12248	0.42991	0.10753	0.01169	0.01547	0.01082	0.09565	0.00931	0.01133	0.00728	0.00453	0.00441	0.00141	0.00563	0.00390	0.00274	0.00670
1	0.00630	0.00452	0.00569	0.00619	0.00699	0.00415	0.00450	0.00719	0.00983	0.01273	0.11128	0.33844	0.24560	0.01343	0.00740	0.10558	0.00294	0.09927	0.00418	0.00378
2	0.01156	0.01109	0.01894	0.06038	0.77430	0.01117	0.01442	0.01437	0.01068	0.01527	0.00885	0.01171	0.00742	0.00422	0.00467	0.00141	0.00563	0.00420	0.00232	0.00738
3	0.01142	0.01095	0.01869	0.10065	0.73513	0.01114	0.01435	0.01425	0.01062	0.01510	0.00882	0.01175	0.00736	0.00425	0.00467	0.00142	0.00566	0.00420	0.00231	0.00727
4	0.00890	0.00838	0.01414	0.82296	0.03247	0.01048	0.01309	0.01205	0.00943	0.01205	0.00838	0.01257	0.00629	0.00471	0.00471	0.00157	0.00629	0.00419	0.00210	0.00524
5	0.17025	0.00711	0.00785	0.00679	0.00911	0.00702	0.00531	0.01333	0.11593	0.06792	0.37162	0.02239	0.02498	0.00699	0.00458	0.00137	0.00301	0.00582	0.00436	0.14427
6	0.63500	0.00819	0.00702	0.00628	0.00878	0.00913	0.00496	0.01347	0.00854	0.09167	0.02695	0.04244	0.00900	0.10505	0.00580	0.00185	0.00373	0.00381	0.00328	0.00504
7	0.00568	0.00434	0.00522	0.00592	0.00667	0.00388	0.00409	0.00664	0.00964	0.01229	0.03380	0.54924	0.30812	0.01376	0.00586	0.00180	0.00261	0.01217	0.00438	0.00388
8	0.00801	0.00554	0.00628	0.00606	0.00656	0.00566	0.00384	0.10111	0.00905	0.01209	0.01624	0.15835	0.01832	0.60146	0.01876	0.00376	0.00435	0.00760	0.00333	0.00364
9	0.33558	0.01329	0.01163	0.00968	0.01265	0.17736	0.03002	0.25502	0.01364	0.03598	0.00848	0.00944	0.00646	0.00513	0.00464	0.00144	0.05662	0.00340	0.00336	0.00618
10	0.00585	0.00472	0.00514	0.00518	0.00647	0.00413	0.00378	0.00707	0.01054	0.01311	0.13345	0.10742	0.56622	0.06968	0.03437	0.00202	0.00290	0.00969	0.00431	0.00395
11	0.00686	0.00457	0.00514	0.00514	0.00514	0.00457	0.00286	0.00686	0.00686	0.00914	0.01486	0.03086	0.01714	0.83430	0.02400	0.00457	0.00457	0.00686	0.00286	0.00286
12	0.37373	0.01138	0.01067	0.00875	0.01201	0.04216	0.00715	0.34062	0.08536	0.05096	0.01013	0.01041	0.00742	0.00516	0.00395	0.00144	0.00449	0.00361	0.00392	0.00665
13	0.06650	0.01196	0.01278	0.00998	0.01339	0.01316	0.00819	0.64955	0.02027	0.02791	0.10640	0.01399	0.01224	0.00606	0.00471	0.00143	0.00474	0.00466	0.00467	0.00742
14	0.01448	0.01725	0.01275	0.14099	0.04560	0.53155	0.00932	0.01661	0.04018	0.01294	0.10378	0.01281	0.01108	0.00544	0.00452	0.00132	0.00712	0.00401	0.00279	0.00545
15	0.28268	0.01054	0.01527	0.02174	0.55293	0.01100	0.01151	0.01428	0.00988	0.01722	0.00814	0.01040	0.00672	0.00426	0.00411	0.00142	0.00498	0.00368	0.00252	0.00672

[dist]
# distance from previous block
# <min> <max>
6	28

[block]
# block no. 6 follows, 54 sequences, length 35
# corresponding to MSA columns:
# 780-814
name=unknown_G
#
# <colnr> <probs for GDERKNQSTAVLIFYWHMCP>
#	G	D	E	R	K	N	Q	S	T	A	V	L	I	F	Y	W	H	M	C	P
0	0.30020	0.05445	0.01295	0.00985	0.01305	0.09486	0.12390	0.06961	0.01140	0.16894	0.02564	0.02952	0.00933	0.00586	0.01630	0.00156	0.00517	0.03780	0.00355	0.00606
1	0.01167	0.01120	0.01914	0.02894	0.80488	0.01120	0.01447	0.01447	0.01074	0.01540	0.00887	0.01167	0.00747	0.00420	0.00467	0.00140	0.00560	0.00420	0.00233	0.00747
2	0.01016	0.20475	0.63562	0.01225	0.01856	0.01266	0.01535	0.01475	0.00987	0.01408	0.00804	0.00942	0.00599	0.00438	0.00416	0.00139	0.00654	0.00327	0.00200	0.00676
3	0.01261	0.83713	0.02471	0.00807	0.01210	0.01866	0.00807	0.01412	0.00958	0.01109	0.00656	0.00756	0.00605	0.00403	0.00303	0.00101	0.00504	0.00252	0.00202	0.00605
4	0.00709	0.00468	0.00597	0.00606	0.00662	0.00499	0.00424	0.00824	0.00791	0.01172	0.01503	0.09090	0.01527	0.29584	0.32441	0.00484	0.00707	0.00623	0.16914	0.00376
