[name]
unknown

[dist]
# distance from previous block
# <min> <max>
0	729

[block]
# block no. 0 follows, 56 sequences, length 14
# corresponding to MSA columns:
# 731-744
name=unknown_A
#
# <colnr> <probs for GDERKNQSTAVLIFYWHMCP>
#	G	D	E	R	K	N	Q	S	T	A	V	L	I	F	Y	W	H	M	C	P
0	0.00740	0.00528	0.00740	0.00845	0.00951	0.00528	0.00740	0.00951	0.01057	0.01374	0.02431	0.05179	0.02642	0.01268	0.00634	0.00211	0.00423	0.77912	0.00423	0.00423
1	0.01054	0.00777	0.00829	0.00751	0.00973	0.00841	0.00583	0.01854	0.45432	0.08253	0.02340	0.02223	0.16675	0.00708	0.00457	0.00146	0.00316	0.00586	0.14583	0.00617
2	0.01137	0.09089	0.53400	0.01190	0.01748	0.05352	0.01387	0.11779	0.05791	0.03571	0.00924	0.01018	0.00670	0.00464	0.00428	0.00139	0.00622	0.00352	0.00256	0.00682
3	0.01007	0.25266	0.59348	0.01162	0.01761	0.01276	0.01441	0.01432	0.00959	0.01349	0.00772	0.00904	0.00584	0.00424	0.00397	0.00132	0.00626	0.00313	0.00195	0.00653
4	0.01725	0.01212	0.01294	0.01008	0.01358	0.03633	0.00827	0.61459	0.06559	0.12195	0.01231	0.01201	0.00864	0.00555	0.00455	0.00138	0.00485	0.00422	0.02616	0.00762
5	0.73546	0.01122	0.13391	0.00715	0.01061	0.01036	0.00686	0.01366	0.00811	0.01964	0.00668	0.00781	0.00510	0.00428	0.00308	0.00143	0.00406	0.00263	0.00270	0.00526
6	0.00947	0.00809	0.00942	0.00685	0.01077	0.00624	0.00546	0.01189	0.03679	0.01523	0.03800	0.01069	0.00839	0.00372	0.00352	0.00074	0.00336	0.00301	0.00287	0.80548
7	0.71207	0.00889	0.00761	0.00654	0.00951	0.00995	0.00539	0.04736	0.00916	0.13596	0.00829	0.00879	0.00602	0.00452	0.00317	0.00142	0.00367	0.00286	0.00333	0.00550
8	0.00797	0.00610	0.00903	0.01132	0.12568	0.00610	0.00837	0.01018	0.01055	0.01392	0.02203	0.04592	0.02364	0.01144	0.00608	0.00200	0.00441	0.66665	0.00394	0.00467
9	0.01270	0.01046	0.01748	0.02528	0.69417	0.01030	0.01302	0.01529	0.01084	0.13083	0.01001	0.01198	0.00787	0.00432	0.00456	0.00137	0.00523	0.00417	0.00277	0.00735
10	0.00733	0.00608	0.00676	0.00621	0.00797	0.02829	0.00474	0.00999	0.07642	0.01558	0.32274	0.07498	0.24500	0.00913	0.00509	0.00141	0.00279	0.03560	0.00432	0.12958
11	0.00615	0.00479	0.00660	0.12545	0.01042	0.00481	0.00561	0.00743	0.00923	0.01197	0.02597	0.53770	0.14485	0.01242	0.00565	0.00179	0.00323	0.06802	0.00394	0.00399
12	0.00587	0.00420	0.00561	0.00644	0.00689	0.00394	0.00449	0.00698	0.00961	0.01296	0.15410	0.64879	0.03222	0.01344	0.00582	0.00181	0.00269	0.06588	0.00439	0.00386
13	0.00678	0.00484	0.00667	0.00768	0.00848	0.00474	0.00625	0.00847	0.01009	0.01328	0.05685	0.30526	0.02840	0.01310	0.00615	0.00201	0.00364	0.49899	0.00427	0.00407

[dist]
# distance from previous block
# <min> <max>
0	17

[block]
# block no. 1 follows, 56 sequences, length 33
# corresponding to MSA columns:
# 762-765,769-797
name=unknown_B
#
# <colnr> <probs for GDERKNQSTAVLIFYWHMCP>
#	G	D	E	R	K	N	Q	S	T	A	V	L	I	F	Y	W	H	M	C	P
0	0.01227	0.84142	0.02406	0.00786	0.01178	0.01817	0.00786	0.01375	0.00933	0.01080	0.00638	0.00736	0.00589	0.00393	0.00295	0.00098	0.00491	0.00245	0.00196	0.00589
1	0.01097	0.01043	0.01796	0.09297	0.68370	0.01057	0.03999	0.01356	0.01016	0.01441	0.00859	0.01158	0.00720	0.00465	0.00517	0.03937	0.00552	0.00413	0.00224	0.00682
2	0.01037	0.08497	0.34430	0.01443	0.01942	0.04703	0.29602	0.01464	0.03577	0.01413	0.01932	0.01127	0.00720	0.00541	0.03263	0.00166	0.02870	0.00422	0.00225	0.00628
3	0.01142	0.00991	0.01074	0.01017	0.04698	0.01140	0.00757	0.02394	0.76698	0.01902	0.01824	0.01688	0.01372	0.00613	0.00467	0.00155	0.00371	0.00514	0.00457	0.00727
4	0.01073	0.00926	0.00972	0.00880	0.01128	0.01055	0.00683	0.02235	0.71062	0.01842	0.02189	0.02024	0.10545	0.00685	0.00476	0.00156	0.00348	0.00571	0.00462	0.00688
5	0.01745	0.01286	0.01378	0.01056	0.01424	0.01424	0.00873	0.79471	0.02159	0.02893	0.01102	0.01102	0.00781	0.00551	0.00459	0.00138	0.00505	0.00413	0.00459	0.00781
6	0.00576	0.00484	0.00502	0.00494	0.00648	0.00419	0.00372	0.00745	0.03873	0.01331	0.13047	0.04212	0.69471	0.01119	0.00540	0.00154	0.00235	0.00938	0.00437	0.00405
7	0.00628	0.00489	0.00573	0.00549	0.00681	0.00445	0.00412	0.00851	0.04491	0.01610	0.47756	0.03744	0.34068	0.01013	0.00539	0.00149	0.00229	0.00871	0.00473	0.00428
8	0.01720	0.01273	0.01364	0.01051	0.01414	0.01412	0.00867	0.76257	0.05413	0.02853	0.01134	0.01128	0.00807	0.00554	0.00460	0.00139	0.00499	0.00418	0.00460	0.00778
9	0.00812	0.00580	0.00739	0.00791	0.00911	0.01823	0.00653	0.05988	0.01111	0.04023	0.04827	0.20273	0.07282	0.01204	0.00596	0.00193	0.00384	0.46932	0.00430	0.00447
10	0.00965	0.00533	0.00704	0.00638	0.00795	0.00480	0.00486	0.01151	0.01241	0.20322	0.49833	0.13428	0.05736	0.00924	0.00529	0.00150	0.00264	0.00810	0.00507	0.00505
11	0.00674	0.00488	0.00677	0.00673	0.00732	0.00553	0.00494	0.00794	0.00726	0.01042	0.01284	0.02109	0.01278	0.25159	0.55650	0.00624	0.02831	0.00535	0.03301	0.00377
12	0.13912	0.01184	0.01242	0.00965	0.01319	0.01299	0.00795	0.60561	0.03263	0.06366	0.01073	0.01078	0.00764	0.00528	0.00430	0.00136	0.00470	0.00389	0.00433	0.03794
13	0.01084	0.01200	0.02492	0.01992	0.12626	0.01172	0.62754	0.01433	0.01048	0.01445	0.00894	0.01206	0.00693	0.00424	0.00608	0.00156	0.07408	0.00513	0.00229	0.00624
14	0.01691	0.01249	0.01342	0.01039	0.01392	0.01384	0.00854	0.73612	0.06123	0.02793	0.01134	0.01141	0.00813	0.00580	0.00492	0.02231	0.00495	0.00418	0.00453	0.00764
15	0.00979	0.17922	0.66450	0.01209	0.01833	0.01209	0.01523	0.01439	0.00962	0.01383	0.00789	0.00925	0.00583	0.00428	0.00409	0.00136	0.00643	0.00321	0.00194	0.00662
16	0.00597	0.00483	0.00541	0.00570	0.00711	0.00426	0.00456	0.00739	0.01049	0.01277	0.04040	0.04627	0.59315	0.01192	0.00568	0.00171	0.00285	0.22131	0.00425	0.00397
17	0.00668	0.00546	0.00884	0.00839	0.00936	0.00516	0.12785	0.00795	0.00896	0.01197	0.02134	0.54915	0.02468	0.11811	0.00806	0.00216	0.00380	0.06429	0.00377	0.00403
18	0.00998	0.01049	0.02138	0.01613	0.01977	0.01001	0.56190	0.01384	0.05097	0.01464	0.01345	0.04522	0.01218	0.00619	0.00559	0.00168	0.00663	0.17129	0.00291	0.00575
19	0.01077	0.01030	0.01756	0.20422	0.63861	0.01075	0.01379	0.01357	0.01017	0.01428	0.00853	0.01156	0.00702	0.00420	0.00455	0.00140	0.00560	0.00409	0.00222	0.00679
20	0.00929	0.04565	0.79368	0.01295	0.01965	0.01086	0.01672	0.01452	0.00968	0.01444	0.00819	0.00963	0.00582	0.00435	0.00432	0.00144	0.00673	0.00337	0.00194	0.00676
21	0.00650	0.00469	0.00614	0.00578	0.00686	0.00433	0.00433	0.00866	0.01300	0.01841	0.80760	0.03429	0.04332	0.00939	0.00541	0.00144	0.00217	0.00830	0.00505	0.00433
22	0.00658	0.00482	0.00689	0.00689	0.00754	0.00547	0.00513	0.00788	0.00723	0.01030	0.01274	0.02051	0.01255	0.20038	0.65599	0.00677	0.01068	0.00528	0.00253	0.00383
23	0.00559	0.00400	0.00533	0.00639	0.00666	0.00373	0.00426	0.00639	0.00879	0.01172	0.02530	0.83566	0.03036	0.01438	0.00586	0.00186	0.00266	0.01305	0.00426	0.00373
24	0.00656	0.00443	0.00517	0.00533	0.00543	0.00439	0.00318	0.00680	0.00727	0.00972	0.04013	0.13277	0.01957	0.68006	0.02001	0.00395	0.00415	0.03500	0.00309	0.00300
25	0.00944	0.07333	0.74593	0.01293	0.01949	0.01114	0.03680	0.01450	0.00970	0.01432	0.00815	0.00962	0.00585	0.00432	0.00430	0.00143	0.00670	0.00339	0.00195	0.00671
26	0.00886	0.00847	0.01459	0.66366	0.09281	0.01001	0.06541	0.01184	0.00943	0.01222	0.00992	0.02964	0.03398	0.00493	0.00470	0.00153	0.00598	0.00454	0.00220	0.00528
27	0.00548	0.00444	0.00487	0.00521	0.00635	0.00383	0.00374	0.00653	0.00993	0.01218	0.03968	0.29891	0.55783	0.01251	0.00557	0.00165	0.00243	0.01077	0.00426	0.00383
28	0.01217	0.79430	0.04314	0.00803	0.01199	0.01776	0.00806	0.01411	0.03500	0.01117	0.00683	0.00774	0.00615	0.00401	0.00304	0.00101	0.00491	0.00257	0.00205	0.00596
29	0.01562	0.01140	0.01246	0.03524	0.04063	0.05187	0.00835	0.44332	0.11926	0.11915	0.05091	0.01508	0.01134	0.00599	0.00469	0.00143	0.00477	0.03680	0.00447	0.00720
30	0.21236	0.01037	0.00991	0.02294	0.02492	0.13493	0.02399	0.02448	0.04742	0.08163	0.05452	0.01389	0.07065	0.00540	0.00452	0.00127	0.04781	0.00400	0.00323	0.20175
31	0.08495	0.01082	0.01112	0.18891	0.03971	0.16251	0.00831	0.11831	0.04953	0.08217	0.17045	0.02732	0.01486	0.00596	0.00455	0.00141	0.00501	0.00481	0.00357	0.00571
32	0.01319	0.01044	0.01392	0.19016	0.07078	0.03129	0.05456	0.28838	0.01387	0.07995	0.01052	0.01323	0.00819	0.02031	0.04078	0.00178	0.07835	0.02458	0.00336	0.03238

[dist]
# distance from previous block
# <min> <max>
0	5

[block]
# block no. 2 follows, 56 sequences, length 38
# corresponding to MSA columns:
# 803-840
name=unknown_C
#
# <colnr> <probs for GDERKNQSTAVLIFYWHMCP>
#	G	D	E	R	K	N	Q	S	T	A	V	L	I	F	Y	W	H	M	C	P
0	0.04755	0.05419	0.01217	0.02919	0.03770	0.35938	0.00791	0.15974	0.05902	0.01522	0.01023	0.04612	0.02316	0.01934	0.00582	0.08070	0.00605	0.00403	0.00300	0.01949
1	0.02428	0.19853	0.45828	0.01089	0.01610	0.01214	0.01262	0.06344	0.07235	0.01519	0.03740	0.02379	0.00832	0.00480	0.00411	0.00134	0.00567	0.00367	0.00250	0.02456
2	0.25679	0.02444	0.02565	0.22530	0.04119	0.08403	0.00862	0.11170	0.06696	0.02842	0.00879	0.01037	0.00670	0.00462	0.00392	0.00136	0.00498	0.00346	0.00292	0.07977
3	0.00615	0.00443	0.00589	0.00685	0.00743	0.00422	0.00510	0.00734	0.00936	0.01228	0.02605	0.52823	0.07876	0.03809	0.00649	0.00199	0.00316	0.24011	0.00421	0.00386
4	0.01108	0.01063	0.01695	0.19323	0.57147	0.03942	0.01322	0.03924	0.01056	0.01452	0.00866	0.01161	0.00712	0.00509	0.02672	0.00156	0.00587	0.00407	0.00231	0.00668
5	0.00883	0.00829	0.01121	0.01005	0.01044	0.03567	0.00815	0.01006	0.00734	0.01084	0.00871	0.01364	0.00842	0.04260	0.32288	0.00411	0.46755	0.00441	0.00222	0.00461
6	0.00584	0.00417	0.00561	0.00667	0.00704	0.00394	0.00468	0.00681	0.00903	0.01199	0.02517	0.73032	0.02983	0.01415	0.00592	0.00190	0.00287	0.11600	0.00426	0.00380
7	0.01137	0.01085	0.01815	0.02708	0.76355	0.01094	0.01369	0.01469	0.05652	0.01524	0.00922	0.01170	0.00766	0.00422	0.00455	0.00137	0.00535	0.00415	0.00241	0.00727
8	0.00856	0.00428	0.00428	0.00428	0.00535	0.00428	0.00321	0.01070	0.00963	0.01712	0.01498	0.01712	0.01177	0.00535	0.00321	0.00107	0.00214	0.00428	0.86414	0.00428
9	0.00546	0.00452	0.00479	0.00500	0.00629	0.00385	0.00364	0.00655	0.01013	0.01226	0.04225	0.20321	0.65188	0.01218	0.00551	0.00161	0.00239	0.01036	0.00426	0.00385
10	0.00820	0.00531	0.00684	0.00623	0.00765	0.00500	0.00475	0.01097	0.06037	0.09762	0.68160	0.03140	0.03838	0.00883	0.00529	0.00145	0.00243	0.00775	0.00509	0.00485
11	0.00664	0.00443	0.00502	0.00506	0.00507	0.00443	0.00283	0.00667	0.00675	0.00900	0.01485	0.05860	0.01718	0.80944	0.02275	0.00436	0.00439	0.00690	0.00283	0.00282
12	0.00575	0.00443	0.00527	0.00565	0.00660	0.00395	0.00406	0.00699	0.01030	0.01331	0.18010	0.34543	0.34289	0.01230	0.00562	0.00167	0.00248	0.03486	0.00441	0.00392
13	0.00867	0.00816	0.01377	0.82762	0.03162	0.01020	0.01275	0.01173	0.00918	0.01173	0.00816	0.01224	0.00612	0.00459	0.00459	0.00153	0.00612	0.00408	0.00204	0.00510
14	0.00952	0.00816	0.00952	0.00680	0.01088	0.00612	0.00544	0.01156	0.00952	0.01496	0.00816	0.00952	0.00680	0.00340	0.00340	0.00068	0.00340	0.00272	0.00272	0.86672
15	0.01161	0.00996	0.01049	0.00938	0.01201	0.01151	0.00731	0.04850	0.77731	0.01951	0.01845	0.01694	0.01382	0.00621	0.00467	0.00155	0.00368	0.00516	0.00467	0.00728
16	0.01149	0.01132	0.05851	0.09344	0.43333	0.01074	0.11210	0.09749	0.01162	0.02919	0.03530	0.01218	0.00834	0.00444	0.00463	0.00138	0.00559	0.00430	0.00266	0.05196
17	0.01020	0.11062	0.46303	0.02964	0.03509	0.03690	0.20170	0.01446	0.01003	0.01408	0.00841	0.01029	0.00628	0.00423	0.00443	0.00141	0.00671	0.00381	0.02227	0.00642
18	0.01715	0.02188	0.01301	0.01183	0.01419	0.82022	0.00887	0.01833	0.01301	0.01124	0.00710	0.00828	0.00591	0.00473	0.00414	0.00118	0.00828	0.00296	0.00237	0.00532
19	0.00570	0.00466	0.00503	0.00494	0.00637	0.00399	0.00371	0.00712	0.01112	0.01395	0.24302	0.04163	0.61068	0.01105	0.00542	0.00152	0.00228	0.00933	0.00447	0.00399
20	0.08217	0.10305	0.14964	0.03302	0.01476	0.01056	0.10793	0.10819	0.03920	0.19730	0.01251	0.05034	0.02219	0.03087	0.00514	0.00152	0.01708	0.00457	0.00350	0.00646
21	0.00724	0.00482	0.00649	0.05743	0.00873	0.00472	0.00508	0.02577	0.00930	0.06755	0.02260	0.59789	0.03605	0.07189	0.02626	0.00212	0.00342	0.03443	0.00408	0.00415
22	0.00564	0.00403	0.00538	0.00645	0.00674	0.00377	0.00435	0.00648	0.00884	0.01177	0.02528	0.81431	0.03026	0.01434	0.00587	0.00187	0.00271	0.03391	0.00426	0.00374
23	0.01339	0.00786	0.00953	0.00770	0.01017	0.00801	0.05417	0.23645	0.01374	0.16272	0.01406	0.01482	0.01027	0.00536	0.00399	0.00125	0.00363	0.00437	0.41246	0.00603
24	0.04011	0.05628	0.01569	0.15470	0.15366	0.29096	0.07980	0.06499	0.01154	0.01373	0.00826	0.01103	0.00683	0.00488	0.00498	0.00138	0.05175	0.02115	0.00245	0.00583
25	0.00921	0.02375	0.81487	0.01309	0.01987	0.01066	0.01696	0.01454	0.00969	0.01454	0.00824	0.00969	0.00582	0.00436	0.00436	0.00145	0.00678	0.00339	0.00194	0.00678
26	0.00559	0.00400	0.00533	0.00639	0.00666	0.00373	0.00426	0.00639	0.00879	0.01172	0.02530	0.83566	0.03036	0.01438	0.00586	0.00186	0.00266	0.01305	0.00426	0.00373
27	0.00924	0.00884	0.01528	0.65079	0.16285	0.01039	0.05320	0.01228	0.00948	0.01244	0.00830	0.01210	0.00636	0.00447	0.00463	0.00150	0.00609	0.00415	0.00209	0.00552
28	0.01335	0.02698	0.01108	0.03862	0.01232	0.27948	0.00753	0.21921	0.01333	0.01638	0.01030	0.01264	0.00848	0.02472	0.18954	0.00269	0.00748	0.00394	0.09638	0.00555
29	0.00952	0.00816	0.00952	0.00680	0.01088	0.00612	0.00544	0.01156	0.00952	0.01496	0.00816	0.00952	0.00680	0.00340	0.00340	0.00068	0.00340	0.00272	0.00272	0.86672
30	0.01077	0.01030	0.01756	0.20438	0.63845	0.01075	0.01379	0.01357	0.01017	0.01428	0.00853	0.01156	0.00702	0.00420	0.00455	0.00140	0.00560	0.00409	0.00222	0.00679
31	0.00657	0.00488	0.00720	0.00720	0.00795	0.00564	0.00551	0.00808	0.00732	0.01052	0.01246	0.01896	0.01188	0.09633	0.75911	0.00715	0.01169	0.00505	0.00248	0.00400
32	0.80684	0.00918	0.00728	0.00638	0.00928	0.01060	0.00525	0.07229	0.00885	0.02123	0.00674	0.00773	0.00519	0.00436	0.00297	0.00142	0.00366	0.00261	0.00297	0.00519
33	0.01339	0.00818	0.00975	0.00816	0.01070	0.00836	0.00656	0.20130	0.12491	0.22191	0.23850	0.02213	0.03471	0.00795	0.02711	0.00163	0.00387	0.03953	0.00493	0.00643
34	0.00656	0.00492	0.00738	0.00738	0.00820	0.00574	0.00574	0.00820	0.00738	0.01066	0.01230	0.01804	0.01148	0.03443	0.82046	0.00738	0.01230	0.00492	0.00246	0.00410
35	0.00658	0.00482	0.00685	0.00685	0.00749	0.00545	0.00509	0.00786	0.00722	0.01027	0.01278	0.02069	0.01263	0.21216	0.64431	0.00673	0.01056	0.00531	0.00253	0.00381
36	0.00553	0.00458	0.00484	0.00493	0.00630	0.00389	0.00364	0.00673	0.01048	0.01279	0.10264	0.13020	0.66414	0.01176	0.00547	0.00158	0.00235	0.00995	0.00432	0.00389
37	0.00690	0.00517	0.00758	0.00748	0.00839	0.00600	0.00583	0.03270	0.00782	0.01123	0.01226	0.01782	0.01136	0.03353	0.79505	0.00719	0.01207	0.00489	0.00253	0.00421

[dist]
# distance from previous block
# <min> <max>
0	1

[block]
# block no. 3 follows, 56 sequences, length 48
# corresponding to MSA columns:
# 842-889
name=unknown_D
#
# <colnr> <probs for GDERKNQSTAVLIFYWHMCP>
#	G	D	E	R	K	N	Q	S	T	A	V	L	I	F	Y	W	H	M	C	P
0	0.01703	0.01284	0.01353	0.01051	0.01408	0.03120	0.00863	0.72469	0.07557	0.02788	0.01147	0.01139	0.00820	0.00554	0.00459	0.00139	0.00502	0.00418	0.00455	0.00772
1	0.01715	0.02188	0.01301	0.01183	0.01419	0.82022	0.00887	0.01833	0.01301	0.01124	0.00710	0.00828	0.00591	0.00473	0.00414	0.00118	0.00828	0.00296	0.00237	0.00532
2	0.00572	0.00464	0.00486	0.00480	0.00626	0.00396	0.00360	0.00708	0.01081	0.01351	0.15976	0.04151	0.65809	0.01101	0.00533	0.00151	0.00229	0.00924	0.04203	0.00396
3	0.00560	0.00461	0.00493	0.00495	0.00634	0.00394	0.00367	0.00690	0.01075	0.01329	0.16397	0.09684	0.63539	0.01147	0.00545	0.00156	0.00232	0.00970	0.00439	0.00394
4	0.01537	0.00915	0.01104	0.03301	0.01260	0.00851	0.00695	0.19010	0.04819	0.30844	0.01288	0.01249	0.00898	0.00486	0.00420	0.00117	0.00404	0.00387	0.00428	0.29987
5	0.01055	0.01004	0.01691	0.24534	0.56267	0.01051	0.01335	0.01334	0.01007	0.01411	0.00848	0.01152	0.00694	0.00420	0.00451	0.00138	0.00555	0.00403	0.00223	0.04431
6	0.01668	0.00966	0.06270	0.00894	0.01238	0.00876	0.00763	0.04158	0.27934	0.47413	0.01749	0.01564	0.01181	0.00578	0.00462	0.00147	0.00403	0.00472	0.00507	0.00756
7	0.01240	0.78213	0.04621	0.00818	0.01212	0.05307	0.00816	0.01397	0.00950	0.01093	0.00647	0.00747	0.00589	0.00398	0.00304	0.00100	0.00511	0.00250	0.00198	0.00589
8	0.00564	0.00468	0.00495	0.00495	0.00642	0.00399	0.00376	0.00697	0.01079	0.01322	0.14285	0.04323	0.67823	0.01138	0.00546	0.00156	0.00238	0.04120	0.00436	0.00395
9	0.01136	0.01091	0.01863	0.02818	0.81002	0.01091	0.01409	0.01409	0.01045	0.01500	0.00864	0.01136	0.00727	0.00409	0.00455	0.00136	0.00545	0.00409	0.00227	0.00727
10	0.00875	0.00659	0.00765	0.00740	0.00897	0.00696	0.00558	0.03975	0.25951	0.05377	0.05241	0.23768	0.13485	0.03595	0.08099	0.00226	0.00404	0.03735	0.00429	0.00525
11	0.00558	0.00403	0.00529	0.00629	0.00663	0.00374	0.00422	0.00640	0.00889	0.01176	0.02656	0.78894	0.07628	0.01422	0.00583	0.00185	0.00264	0.01285	0.00426	0.00374
12	0.02060	0.00781	0.01065	0.00817	0.01172	0.00675	0.00675	0.02237	0.01314	0.81320	0.01811	0.01563	0.01136	0.00568	0.00462	0.00142	0.00391	0.00462	0.00568	0.00781
13	0.00940	0.07441	0.76587	0.01276	0.01937	0.01113	0.01640	0.01449	0.00967	0.01431	0.00812	0.00955	0.00582	0.00433	0.00427	0.00142	0.00667	0.00333	0.00194	0.00673
14	0.01331	0.01072	0.01012	0.00855	0.01070	0.13363	0.00681	0.30708	0.01437	0.02000	0.01144	0.01287	0.00887	0.00616	0.02199	0.00142	0.07749	0.00401	0.31463	0.00583
15	0.01227	0.84142	0.02406	0.00786	0.01178	0.01817	0.00786	0.01375	0.00933	0.01080	0.00638	0.00736	0.00589	0.00393	0.00295	0.00098	0.00491	0.00245	0.00196	0.00589
16	0.00910	0.02320	0.79149	0.01284	0.01948	0.01047	0.01657	0.01431	0.00972	0.01448	0.00934	0.01069	0.02897	0.00457	0.00439	0.00146	0.00666	0.00357	0.00201	0.00670
17	0.04808	0.01181	0.03307	0.04905	0.01858	0.04468	0.38100	0.19367	0.01287	0.01750	0.01193	0.03018	0.05572	0.00611	0.03000	0.00169	0.03980	0.00514	0.00300	0.00614
18	0.00921	0.02375	0.81487	0.01309	0.01987	0.01066	0.01696	0.01454	0.00969	0.01454	0.00824	0.00969	0.00582	0.00436	0.00436	0.00145	0.00678	0.00339	0.00194	0.00678
19	0.01060	0.00762	0.00888	0.00761	0.00963	0.00792	0.00596	0.24834	0.07580	0.04733	0.43371	0.07262	0.02850	0.00814	0.00511	0.00146	0.00324	0.00696	0.00486	0.00569
20	0.00650	0.00469	0.00614	0.00578	0.00686	0.00433	0.00433	0.00866	0.01300	0.01841	0.80760	0.03429	0.04332	0.00939	0.00541	0.00144	0.00217	0.00830	0.00505	0.00433
21	0.00933	0.00892	0.01536	0.62467	0.19582	0.01041	0.04585	0.01235	0.00952	0.01255	0.00831	0.01206	0.00640	0.00445	0.00462	0.00150	0.00605	0.00414	0.00210	0.00560
22	0.00934	0.05813	0.78162	0.01287	0.01953	0.01098	0.01658	0.01451	0.00968	0.01438	0.00816	0.00959	0.00582	0.00434	0.00430	0.00143	0.00671	0.00335	0.00194	0.00675
23	0.00668	0.00473	0.00602	0.00567	0.00678	0.00434	0.00420	0.00861	0.01238	0.03232	0.67506	0.03455	0.10905	0.06171	0.00653	0.00164	0.00236	0.00825	0.00485	0.00426
24	0.01064	0.01160	0.04500	0.01956	0.23510	0.01182	0.35421	0.01349	0.00975	0.01385	0.00862	0.02802	0.00726	0.00515	0.00746	0.00161	0.20361	0.00481	0.00226	0.00618
25	0.00921	0.02375	0.81487	0.01309	0.01987	0.01066	0.01696	0.01454	0.00969	0.01454	0.00824	0.00969	0.00582	0.00436	0.00436	0.00145	0.00678	0.00339	0.00194	0.00678
26	0.00636	0.00454	0.00571	0.00586	0.00639	0.00451	0.00401	0.00732	0.00870	0.01179	0.15924	0.16724	0.08804	0.32134	0.15313	0.00368	0.00492	0.03010	0.00354	0.00358
27	0.00658	0.00484	0.00697	0.00697	0.00765	0.00552	0.00523	0.00794	0.00726	0.01036	0.01267	0.02010	0.01237	0.17237	0.68375	0.00688	0.01095	0.00522	0.00251	0.00387
28	0.09735	0.00739	0.00949	0.00776	0.01081	0.00671	0.00644	0.01892	0.01215	0.58835	0.01971	0.02116	0.06714	0.00680	0.00471	0.00151	0.00380	0.09780	0.00515	0.00685
29	0.01227	0.84142	0.02406	0.00786	0.01178	0.01817	0.00786	0.01375	0.00933	0.01080	0.00638	0.00736	0.00589	0.00393	0.00295	0.00098	0.00491	0.00245	0.00196	0.00589
30	0.00657	0.00489	0.00723	0.00723	0.00800	0.00566	0.00555	0.00810	0.00733	0.01055	0.01243	0.01878	0.01180	0.08452	0.77082	0.00720	0.01181	0.00503	0.00248	0.00402
31	0.00564	0.00403	0.00538	0.00644	0.00673	0.00377	0.00434	0.00647	0.00883	0.01177	0.02528	0.81574	0.03026	0.01434	0.00587	0.00187	0.00270	0.03252	0.00426	0.00374
32	0.03994	0.00771	0.00990	0.00770	0.01098	0.00690	0.00631	0.06043	0.01281	0.60860	0.01645	0.01497	0.01077	0.00545	0.00433	0.00133	0.00372	0.00438	0.10559	0.06173
33	0.00604	0.00466	0.00552	0.00533	0.00659	0.00414	0.00399	0.00778	0.01189	0.01584	0.48359	0.05255	0.35472	0.01039	0.00543	0.00149	0.00224	0.00895	0.00472	0.00414
34	0.01668	0.14448	0.01475	0.01070	0.01369	0.45810	0.00856	0.20205	0.01449	0.06271	0.00857	0.00922	0.00668	0.00485	0.00409	0.00121	0.00674	0.00326	0.00303	0.00615
35	0.01065	0.02283	0.01067	0.09705	0.01351	0.00755	0.00664	0.08465	0.01074	0.04775	0.00879	0.01016	0.00699	0.00383	0.00368	0.00087	0.00390	0.00307	0.00292	0.64374
36	0.01185	0.01280	0.01352	0.01176	0.01248	0.21058	0.00954	0.03514	0.00892	0.01159	0.00669	0.00997	0.00627	0.00824	0.04526	0.00201	0.57224	0.00380	0.00219	0.00514
37	0.00559	0.00400	0.00533	0.00639	0.00666	0.00373	0.00426	0.00639	0.00879	0.01172	0.02530	0.83566	0.03036	0.01438	0.00586	0.00186	0.00266	0.01305	0.00426	0.00373
38	0.00668	0.00445	0.00501	0.00501	0.00501	0.00445	0.00278	0.00668	0.00668	0.00890	0.01447	0.03004	0.01669	0.83866	0.02337	0.00445	0.00445	0.00668	0.00278	0.00278
39	0.01740	0.01272	0.01366	0.01050	0.01415	0.01406	0.00867	0.76744	0.03571	0.04214	0.01128	0.01121	0.00798	0.00553	0.00459	0.00138	0.00501	0.00416	0.00461	0.00780
40	0.00594	0.00422	0.00537	0.00605	0.00642	0.00399	0.00404	0.00675	0.00883	0.01176	0.08416	0.54080	0.06742	0.18273	0.00941	0.00236	0.00303	0.03911	0.00402	0.00361
41	0.42565	0.01516	0.01006	0.00907	0.01156	0.39860	0.00705	0.01571	0.01027	0.01571	0.00671	0.00796	0.00547	0.00465	0.00398	0.00133	0.04057	0.00278	0.00258	0.00514
42	0.00548	0.00454	0.00480	0.00497	0.00629	0.00386	0.00364	0.00660	0.01024	0.01243	0.06040	0.17614	0.66074	0.01204	0.00550	0.00160	0.00238	0.01022	0.00428	0.00386
43	0.01142	0.01086	0.00999	0.00805	0.01115	0.18117	0.00626	0.06337	0.03736	0.03136	0.09716	0.01375	0.02808	0.02305	0.01924	0.00118	0.00460	0.00386	0.00317	0.43492
44	0.17435	0.00853	0.00927	0.00847	0.03927	0.01970	0.00647	0.08847	0.19034	0.13280	0.06468	0.02980	0.04565	0.00703	0.02673	0.00160	0.01497	0.03504	0.05374	0.04311
45	0.00991	0.00567	0.00582	0.00530	0.00680	0.00587	0.00411	0.13700	0.01158	0.01891	0.01512	0.01680	0.03076	0.00553	0.00349	0.00113	0.00261	0.00439	0.70436	0.00484
46	0.05262	0.00683	0.00805	0.00768	0.00936	0.00707	0.00612	0.18513	0.01244	0.05194	0.04899	0.22586	0.08071	0.01147	0.04998	0.00200	0.00412	0.18671	0.03784	0.00507
47	0.01152	0.03099	0.12777	0.02530	0.03681	0.05560	0.32731	0.04216	0.03202	0.05944	0.00963	0.01192	0.01927	0.00523	0.00709	0.00158	0.18311	0.00457	0.00256	0.00612

[dist]
# distance from previous block
# <min> <max>
1	16

[block]
# block no. 4 follows, 56 sequences, length 56
# corresponding to MSA columns:
# 968-988,991-1006,1015-1022,1033-1043
name=unknown_E
#
# <colnr> <probs for GDERKNQSTAVLIFYWHMCP>
#	G	D	E	R	K	N	Q	S	T	A	V	L	I	F	Y	W	H	M	C	P
0	0.00706	0.00570	0.00793	0.13317	0.01160	0.02059	0.03263	0.04789	0.00965	0.01269	0.02107	0.62410	0.02425	0.01189	0.00555	0.00177	0.00359	0.01078	0.00384	0.00426
1	0.03451	0.02271	0.01189	0.02486	0.02772	0.24176	0.01737	0.24132	0.08859	0.07155	0.04597	0.07688	0.03331	0.00687	0.02061	0.00151	0.01768	0.00492	0.00375	0.00620
2	0.00792	0.00401	0.00594	0.00594	0.00594	0.00401	0.00393	0.00601	0.00601	0.00802	0.00826	0.01466	0.00836	0.05203	0.01818	0.82863	0.00401	0.00411	0.00203	0.00203
3	0.01258	0.13401	0.04645	0.01102	0.05192	0.35964	0.05006	0.01446	0.02820	0.01220	0.02234	0.12529	0.03950	0.00697	0.02688	0.00146	0.00629	0.00490	0.00272	0.04310
4	0.01070	0.00910	0.01321	0.03737	0.01418	0.00787	0.15564	0.07219	0.01078	0.05499	0.00970	0.03576	0.00793	0.00486	0.02313	0.00116	0.00465	0.00384	0.00295	0.51998
5	0.02428	0.19871	0.09912	0.00923	0.01221	0.05535	0.04033	0.05134	0.10331	0.06796	0.11468	0.04284	0.02936	0.03454	0.00582	0.00148	0.07179	0.00478	0.00328	0.02960
6	0.01449	0.00939	0.02850	0.01039	0.01236	0.02271	0.05163	0.02745	0.01016	0.34404	0.01189	0.01348	0.00889	0.04304	0.00981	0.00180	0.34961	0.00444	0.01974	0.00621
7	0.00559	0.00400	0.00533	0.00639	0.00666	0.00373	0.00426	0.00639	0.00879	0.01172	0.02530	0.83566	0.03036	0.01438	0.00586	0.00186	0.00266	0.01305	0.00426	0.00373
8	0.05102	0.01161	0.07934	0.01362	0.01687	0.02293	0.32819	0.05107	0.13177	0.01550	0.01297	0.06115	0.04461	0.00604	0.00637	0.00161	0.11556	0.02082	0.00297	0.00597
9	0.00867	0.00816	0.01377	0.82762	0.03162	0.01020	0.01275	0.01173	0.00918	0.01173	0.00816	0.01224	0.00612	0.00459	0.00459	0.00153	0.00612	0.00408	0.00204	0.00510
10	0.01309	0.00988	0.01055	0.00887	0.01158	0.01101	0.00707	0.30821	0.34627	0.03183	0.05938	0.01580	0.01299	0.00601	0.00448	0.00141	0.00387	0.00484	0.12598	0.00689
11	0.00923	0.00636	0.00759	0.00685	0.00858	0.00633	0.00533	0.09895	0.09535	0.07676	0.41780	0.05560	0.11005	0.00879	0.00519	0.00149	0.00290	0.04335	0.02832	0.00521
12	0.01060	0.01323	0.11614	0.01754	0.02214	0.01115	0.62821	0.04410	0.01100	0.01506	0.01016	0.05956	0.00822	0.00460	0.00529	0.00155	0.00723	0.00558	0.00248	0.00618
13	0.78885	0.00900	0.00726	0.00635	0.00926	0.01028	0.00523	0.04822	0.00870	0.06272	0.00721	0.00804	0.00543	0.00439	0.00301	0.00142	0.00364	0.00267	0.00307	0.00525
14	0.00569	0.00453	0.00511	0.00541	0.00651	0.00400	0.00389	0.00702	0.02342	0.01287	0.11268	0.30370	0.46444	0.01223	0.00556	0.00164	0.00244	0.01059	0.00435	0.00393
15	0.00833	0.00648	0.00745	0.00747	0.03438	0.00657	0.00536	0.04656	0.20900	0.04266	0.10697	0.20829	0.25610	0.02605	0.00559	0.00165	0.00303	0.00851	0.00441	0.00513
16	0.10934	0.01033	0.01173	0.00908	0.01262	0.01069	0.00750	0.38925	0.01660	0.35560	0.01349	0.01257	0.00899	0.00545	0.00442	0.00140	0.00441	0.00416	0.00486	0.00751
17	0.00632	0.00457	0.00597	0.00591	0.00686	0.00423	0.00436	0.00820	0.01209	0.01690	0.62418	0.18507	0.06166	0.01045	0.00552	0.00154	0.00231	0.02481	0.00487	0.00420
18	0.00562	0.00403	0.00534	0.00633	0.00665	0.00375	0.00425	0.00647	0.00897	0.01196	0.05256	0.78927	0.04946	0.01415	0.00583	0.00184	0.00264	0.01281	0.00429	0.00375
19	0.00566	0.00404	0.00540	0.00646	0.00676	0.00378	0.00437	0.00650	0.00885	0.01179	0.02527	0.80885	0.03023	0.01432	0.00588	0.00187	0.00272	0.03925	0.00426	0.00375
20	0.01729	0.01278	0.01369	0.01053	0.01418	0.01416	0.00869	0.77394	0.04262	0.02867	0.01123	0.01119	0.00797	0.00553	0.00459	0.00138	0.00501	0.00416	0.00459	0.00779
21	0.00566	0.00407	0.00530	0.00622	0.00658	0.00379	0.00416	0.00649	0.00894	0.01188	0.05278	0.73272	0.07363	0.04624	0.00650	0.00193	0.00270	0.01245	0.00423	0.00372
22	0.01115	0.01069	0.01825	0.09136	0.74850	0.01085	0.01398	0.01390	0.01035	0.01474	0.00860	0.01143	0.00718	0.00413	0.00455	0.00138	0.00551	0.00409	0.00225	0.00710
23	0.00935	0.00855	0.01405	0.15909	0.44613	0.00882	0.01114	0.01164	0.00987	0.01357	0.01389	0.16386	0.04305	0.02245	0.00527	0.00158	0.00487	0.04415	0.00277	0.00590
24	0.01115	0.00944	0.01002	0.19783	0.05883	0.13663	0.00773	0.08393	0.04585	0.03033	0.01156	0.01399	0.00911	0.02308	0.03275	0.00155	0.00498	0.00412	0.30184	0.00528
25	0.01033	0.00798	0.00939	0.00680	0.01072	0.00609	0.00545	0.01235	0.00980	0.07623	0.00920	0.01030	0.00735	0.00365	0.00349	0.00075	0.00339	0.00293	0.03792	0.76587
26	0.00827	0.00579	0.00690	0.00669	0.00788	0.03617	0.00498	0.01043	0.05536	0.08201	0.22689	0.17618	0.07229	0.05919	0.17810	0.00292	0.00499	0.00760	0.04281	0.00456
27	0.00553	0.00465	0.00479	0.00476	0.00626	0.00392	0.00357	0.00679	0.01071	0.01298	0.11981	0.04323	0.73449	0.01141	0.00542	0.00154	0.00231	0.00956	0.00434	0.00392
28	0.00867	0.00816	0.01377	0.82762	0.03162	0.01020	0.01275	0.01173	0.00918	0.01173	0.00816	0.01224	0.00612	0.00459	0.00459	0.00153	0.00612	0.00408	0.00204	0.00510
29	0.00658	0.00483	0.00693	0.00693	0.00759	0.00549	0.00518	0.00791	0.00725	0.01032	0.01271	0.02031	0.01247	0.18689	0.66936	0.00682	0.01081	0.00525	0.00252	0.00385
30	0.01048	0.01336	0.14515	0.15342	0.07031	0.01128	0.47145	0.04060	0.01073	0.01468	0.00896	0.01184	0.00669	0.00413	0.00504	0.00151	0.00710	0.00476	0.00229	0.00622
31	0.18029	0.01043	0.02684	0.04461	0.01281	0.08495	0.01801	0.13528	0.01290	0.36593	0.01332	0.01286	0.02465	0.00536	0.00444	0.00141	0.02110	0.00403	0.01408	0.00670
32	0.25287	0.01281	0.01147	0.01009	0.04732	0.16425	0.00775	0.30917	0.04021	0.07078	0.00986	0.01085	0.00745	0.00514	0.00406	0.00138	0.00513	0.01933	0.00365	0.00644
33	0.01745	0.01286	0.01378	0.01056	0.01424	0.01424	0.00873	0.79471	0.02159	0.02893	0.01102	0.01102	0.00781	0.00551	0.00459	0.00138	0.00505	0.00413	0.00459	0.00781
34	0.03726	0.14922	0.24967	0.01446	0.17214	0.06116	0.06242	0.06327	0.05451	0.01523	0.02940	0.01200	0.01869	0.00476	0.00427	0.00135	0.00570	0.01810	0.00257	0.02382
35	0.00882	0.00569	0.00746	0.00724	0.00887	0.00516	0.00580	0.01056	0.01055	0.10681	0.13708	0.14981	0.02406	0.06570	0.00662	0.00183	0.00355	0.29212	0.00419	0.13808
36	0.01525	0.00678	0.00827	0.00677	0.00929	0.00639	0.00545	0.07865	0.02391	0.41098	0.01627	0.01590	0.01129	0.00554	0.00403	0.00127	0.00326	0.00445	0.35990	0.00635
37	0.01191	0.01080	0.03389	0.04830	0.44128	0.01029	0.21486	0.01483	0.01081	0.10504	0.02581	0.03233	0.00885	0.00458	0.00483	0.00144	0.00579	0.00478	0.00276	0.00683
38	0.01042	0.09213	0.08344	0.30621	0.08741	0.04750	0.05307	0.01451	0.11620	0.04000	0.01119	0.05093	0.02293	0.00541	0.00494	0.00148	0.03911	0.00457	0.00269	0.00587
39	0.00559	0.00400	0.00533	0.00639	0.00666	0.00373	0.00426	0.00639	0.00879	0.01172	0.02530	0.83566	0.03036	0.01438	0.00586	0.00186	0.00266	0.01305	0.00426	0.00373
40	0.07986	0.00840	0.01070	0.00826	0.01177	0.00775	0.00682	0.09955	0.01362	0.67867	0.01658	0.01459	0.01056	0.00557	0.00449	0.00142	0.00400	0.00442	0.00537	0.00761
41	0.01008	0.04853	0.40356	0.01631	0.22290	0.01081	0.04815	0.03296	0.04649	0.01470	0.00942	0.01217	0.00756	0.02866	0.03312	0.00173	0.02553	0.01838	0.00232	0.00661
42	0.05711	0.01025	0.04378	0.27281	0.38080	0.01043	0.09191	0.01314	0.00991	0.01416	0.00916	0.02493	0.00766	0.00467	0.00462	0.00147	0.00575	0.02892	0.00232	0.00620
43	0.00607	0.00463	0.00541	0.00536	0.00659	0.00412	0.00402	0.00770	0.01141	0.01513	0.36834	0.09248	0.37689	0.01068	0.00540	0.00153	0.00234	0.03408	0.03376	0.00409
44	0.00902	0.08405	0.06618	0.41979	0.07266	0.02759	0.01072	0.01145	0.00884	0.01160	0.00889	0.01337	0.00759	0.06327	0.11505	0.01966	0.03890	0.00414	0.00215	0.00508
45	0.01004	0.28666	0.51040	0.01102	0.01652	0.01276	0.01331	0.01391	0.00955	0.01325	0.02382	0.00977	0.00682	0.00555	0.03715	0.00154	0.00631	0.00325	0.00203	0.00634
46	0.00752	0.00635	0.00955	0.00907	0.05397	0.00614	0.10468	0.01053	0.08645	0.01565	0.33773	0.18747	0.09882	0.03762	0.00600	0.00166	0.00338	0.00841	0.00421	0.00480
47	0.00583	0.00449	0.00533	0.00588	0.00682	0.00405	0.00433	0.00695	0.00970	0.01221	0.03401	0.34311	0.36905	0.04420	0.00641	0.00186	0.00282	0.12491	0.00420	0.00383
48	0.02312	0.03561	0.01216	0.13534	0.01546	0.20665	0.00850	0.19901	0.20070	0.01776	0.02805	0.04116	0.02244	0.00576	0.00447	0.00140	0.00538	0.00450	0.02630	0.00622
49	0.01093	0.01050	0.01794	0.15101	0.65372	0.01083	0.03402	0.01394	0.02581	0.01457	0.00878	0.01164	0.00722	0.00420	0.00458	0.00140	0.00558	0.00415	0.00229	0.00691
50	0.03727	0.05764	0.75543	0.01264	0.01917	0.01097	0.01619	0.01447	0.00962	0.01458	0.00810	0.00952	0.00579	0.00434	0.00425	0.00143	0.00660	0.00332	0.00197	0.00669
51	0.01628	0.01317	0.08179	0.01071	0.01452	0.04000	0.03586	0.50543	0.09757	0.11917	0.01221	0.01203	0.00859	0.00542	0.00460	0.00141	0.00512	0.00424	0.00435	0.00753
52	0.01471	0.01277	0.01186	0.01036	0.03920	0.19258	0.00791	0.30197	0.14392	0.06890	0.13397	0.01526	0.01404	0.00601	0.00463	0.00138	0.00505	0.00471	0.00416	0.00661
53	0.00793	0.00592	0.00756	0.00752	0.00860	0.00592	0.03063	0.15141	0.01126	0.01500	0.02289	0.63052	0.05204	0.01232	0.00560	0.00175	0.00326	0.01105	0.00426	0.00456
54	0.00660	0.00449	0.00505	0.00511	0.00533	0.00441	0.00306	0.00685	0.00729	0.00964	0.01815	0.04879	0.09346	0.69483	0.02024	0.00396	0.00415	0.03502	0.02059	0.00299
55	0.01382	0.34160	0.17908	0.01025	0.03570	0.09724	0.00989	0.11565	0.01189	0.12045	0.00928	0.01993	0.00719	0.00467	0.00387	0.00123	0.00551	0.00337	0.00287	0.00652

[dist]
# distance from previous block
# <min> <max>
5	10

[block]
# block no. 5 follows, 56 sequences, length 44
# corresponding to MSA columns:
# 1058-1101
name=unknown_F
#
# <colnr> <probs for GDERKNQSTAVLIFYWHMCP>
#	G	D	E	R	K	N	Q	S	T	A	V	L	I	F	Y	W	H	M	C	P
0	0.01281	0.04204	0.01311	0.00981	0.01325	0.14218	0.08653	0.11068	0.05622	0.07393	0.00994	0.02277	0.00788	0.00500	0.01563	0.00120	0.03123	0.00369	0.00315	0.33894
1	0.01037	0.00860	0.00988	0.00731	0.01120	0.00715	0.00584	0.05843	0.09310	0.03033	0.00960	0.01051	0.00769	0.00386	0.00362	0.00083	0.00353	0.00309	0.00308	0.71196
2	0.00639	0.00535	0.00825	0.00781	0.00900	0.00491	0.11081	0.00782	0.00977	0.01283	0.08782	0.48332	0.18295	0.01198	0.00569	0.00173	0.00329	0.03206	0.00406	0.00415
3	0.00559	0.00400	0.00533	0.00639	0.00666	0.00373	0.00426	0.00639	0.00879	0.01172	0.02530	0.83566	0.03036	0.01438	0.00586	0.00186	0.00266	0.01305	0.00426	0.00373
4	0.00559	0.00400	0.00533	0.00639	0.00666	0.00373	0.00426	0.00639	0.00879	0.01172	0.02530	0.83566	0.03036	0.01438	0.00586	0.00186	0.00266	0.01305	0.00426	0.00373
5	0.00553	0.00465	0.00479	0.00476	0.00626	0.00392	0.00357	0.00678	0.01070	0.01297	0.11796	0.04325	0.73635	0.01142	0.00542	0.00154	0.00231	0.00956	0.00434	0.00392
6	0.00566	0.00411	0.00534	0.00618	0.00664	0.00379	0.00420	0.00661	0.00930	0.01236	0.09459	0.69642	0.10046	0.01371	0.00578	0.00180	0.00259	0.01234	0.00433	0.00379
7	0.01227	0.84142	0.02406	0.00786	0.01178	0.01817	0.00786	0.01375	0.00933	0.01080	0.00638	0.00736	0.00589	0.00393	0.00295	0.00098	0.00491	0.00245	0.00196	0.00589
8	0.00867	0.00816	0.01377	0.82762	0.03162	0.01020	0.01275	0.01173	0.00918	0.01173	0.00816	0.01224	0.00612	0.00459	0.00459	0.00153	0.00612	0.00408	0.00204	0.00510
9	0.00875	0.00824	0.01392	0.80365	0.05496	0.01022	0.01279	0.01180	0.00922	0.01183	0.00817	0.01221	0.00615	0.00457	0.00459	0.00152	0.00610	0.00408	0.00205	0.00517
10	0.01252	0.69896	0.08522	0.00855	0.01265	0.03407	0.00866	0.07145	0.01034	0.01244	0.00689	0.00784	0.00603	0.00410	0.00320	0.00105	0.00514	0.00266	0.00216	0.00609
11	0.01227	0.84142	0.02406	0.00786	0.01178	0.01817	0.00786	0.01375	0.00933	0.01080	0.00638	0.00736	0.00589	0.00393	0.00295	0.00098	0.00491	0.00245	0.00196	0.00589
12	0.00988	0.00801	0.00938	0.00676	0.01072	0.00608	0.00541	0.01191	0.00965	0.04308	0.00875	0.01000	0.00713	0.00355	0.00344	0.00072	0.00337	0.00284	0.03286	0.80647
13	0.00622	0.00468	0.00570	0.00548	0.00666	0.00423	0.00410	0.00803	0.01202	0.01632	0.55322	0.03722	0.25601	0.03899	0.00606	0.00159	0.00233	0.02226	0.00474	0.00415
14	0.01142	0.00986	0.01038	0.00934	0.01194	0.01142	0.00727	0.02440	0.80172	0.01920	0.01869	0.01713	0.01401	0.00623	0.00467	0.00156	0.00363	0.00519	0.00467	0.00727
15	0.00987	0.00815	0.00956	0.00684	0.01091	0.00614	0.00548	0.01190	0.00963	0.03992	0.00847	0.00971	0.00694	0.00347	0.00344	0.00070	0.00342	0.00278	0.00281	0.83986
16	0.00559	0.00400	0.00533	0.00639	0.00666	0.00373	0.00426	0.00639	0.00879	0.01172	0.02530	0.83566	0.03036	0.01438	0.00586	0.00186	0.00266	0.01305	0.00426	0.00373
17	0.00559	0.00400	0.00533	0.00639	0.00666	0.00373	0.00426	0.00639	0.00879	0.01172	0.02530	0.83566	0.03036	0.01438	0.00586	0.00186	0.00266	0.01305	0.00426	0.00373
18	0.01468	0.01640	0.01262	0.01122	0.01328	0.44413	0.00876	0.09959	0.12203	0.01431	0.00982	0.01232	0.00831	0.00599	0.00623	0.00144	0.14686	0.04332	0.00296	0.00575
19	0.01077	0.01217	0.02619	0.01871	0.02332	0.01133	0.75300	0.01454	0.01077	0.01472	0.00923	0.01224	0.00696	0.00385	0.00531	0.00150	0.00752	0.00528	0.00234	0.05026
20	0.00797	0.00399	0.00598	0.00598	0.00598	0.00399	0.00399	0.00598	0.00598	0.00797	0.00797	0.01396	0.00797	0.01595	0.01794	0.86643	0.00399	0.00399	0.00199	0.00199
21	0.01173	0.01002	0.01055	0.00941	0.01206	0.01156	0.00734	0.06384	0.76177	0.01970	0.01829	0.01682	0.01370	0.00619	0.00467	0.00155	0.00371	0.00514	0.00467	0.00729
22	0.00656	0.00492	0.00738	0.00738	0.00820	0.00574	0.00574	0.00820	0.00738	0.01066	0.01230	0.01804	0.01148	0.03443	0.82046	0.00738	0.01230	0.00492	0.00246	0.00410
23	0.01084	0.01238	0.02709	0.01935	0.02399	0.01161	0.79334	0.01471	0.01084	0.01471	0.00929	0.01238	0.00697	0.00387	0.00542	0.00155	0.00774	0.00542	0.00232	0.00619
24	0.02053	0.00793	0.01073	0.00822	0.01178	0.00692	0.00679	0.04018	0.01333	0.79512	0.01795	0.01552	0.01128	0.00568	0.00462	0.00142	0.00393	0.00461	0.00566	0.00781
25	0.00740	0.00528	0.00740	0.00845	0.00951	0.00528	0.00740	0.00951	0.01057	0.01374	0.02431	0.05179	0.02642	0.01268	0.00634	0.00211	0.00423	0.77912	0.00423	0.00423
26	0.00650	0.00469	0.00614	0.00578	0.00686	0.00433	0.00433	0.00866	0.01300	0.01841	0.80760	0.03429	0.04332	0.00939	0.00541	0.00144	0.00217	0.00830	0.00505	0.00433
27	0.01004	0.01004	0.01406	0.01205	0.01205	0.01406	0.01004	0.01105	0.00703	0.01105	0.00603	0.01004	0.00603	0.00804	0.01507	0.00201	0.83025	0.00402	0.00201	0.00502
28	0.00929	0.02318	0.77572	0.01340	0.02008	0.01071	0.05555	0.01455	0.00975	0.01455	0.00829	0.00983	0.00587	0.00434	0.00441	0.00146	0.00683	0.00349	0.00196	0.00676
29	0.00559	0.00401	0.00531	0.00635	0.00665	0.00373	0.00424	0.00640	0.00883	0.01174	0.02583	0.81599	0.04969	0.01431	0.00585	0.00186	0.00266	0.01297	0.00426	0.00373
30	0.00563	0.00403	0.00535	0.00640	0.00670	0.00376	0.00431	0.00646	0.00886	0.01177	0.02573	0.80361	0.04673	0.01429	0.00586	0.00186	0.00269	0.02795	0.00426	0.00374
31	0.08248	0.01087	0.01110	0.00973	0.01238	0.07056	0.03572	0.05099	0.60120	0.01873	0.01588	0.01511	0.01199	0.00589	0.00477	0.00152	0.02527	0.00474	0.00420	0.00686
32	0.00543	0.00465	0.00465	0.00465	0.00620	0.00388	0.00349	0.00659	0.01046	0.01240	0.04651	0.04418	0.80815	0.01163	0.00543	0.00155	0.00233	0.00969	0.00426	0.00388
33	0.02929	0.03193	0.01386	0.06506	0.11797	0.47014	0.00964	0.11112	0.05698	0.01448	0.00842	0.00977	0.00677	0.00489	0.00459	0.00130	0.03165	0.00346	0.00272	0.00596
34	0.01670	0.02107	0.01329	0.01255	0.04918	0.76240	0.00913	0.01795	0.01273	0.01140	0.00713	0.00846	0.00598	0.00479	0.00446	0.00121	0.03077	0.00304	0.00235	0.00540
35	0.01687	0.02146	0.01363	0.01216	0.01462	0.78461	0.04342	0.01817	0.01291	0.01139	0.00719	0.00846	0.00596	0.00469	0.00420	0.00120	0.00826	0.00307	0.00236	0.00536
36	0.00867	0.00823	0.01416	0.75741	0.03035	0.01005	0.05243	0.01169	0.00925	0.01188	0.00882	0.04115	0.00701	0.00490	0.00468	0.00154	0.00608	0.00446	0.00213	0.00511
37	0.00646	0.00466	0.00610	0.00580	0.00685	0.00431	0.00433	0.00857	0.01281	0.01812	0.77396	0.06875	0.04276	0.00960	0.00543	0.00146	0.00219	0.00851	0.00502	0.00431
38	0.01471	0.39901	0.01800	0.00958	0.01284	0.29797	0.00822	0.14022	0.01259	0.01403	0.00761	0.00854	0.00637	0.00450	0.00363	0.00112	0.00604	0.00295	0.02613	0.00595
39	0.00569	0.00407	0.00547	0.00650	0.00681	0.00385	0.00442	0.00656	0.00880	0.01175	0.02481	0.77963	0.02956	0.01503	0.03447	0.00207	0.00306	0.03948	0.00420	0.00376
40	0.03456	0.01181	0.01295	0.00997	0.01359	0.01273	0.00822	0.61892	0.04311	0.14553	0.01214	0.01178	0.00844	0.00548	0.00453	0.00137	0.00476	0.00417	0.00467	0.03125
41	0.12266	0.02857	0.02648	0.04724	0.07912	0.17837	0.03878	0.04088	0.00947	0.01348	0.00694	0.00962	0.00607	0.00602	0.00882	0.00162	0.36447	0.00363	0.00231	0.00545
42	0.00730	0.00588	0.00666	0.03571	0.00823	0.04001	0.00483	0.03657	0.02543	0.01670	0.49485	0.06487	0.19501	0.00938	0.00525	0.00146	0.00275	0.00809	0.02655	0.00445
43	0.01147	0.03573	0.05555	0.01392	0.19744	0.04765	0.09666	0.03920	0.01081	0.07180	0.03410	0.01141	0.00831	0.00416	0.00415	0.00111	0.00486	0.00373	0.00284	0.34511

[dist]
# distance from previous block
# <min> <max>
0	5

[block]
# block no. 6 follows, 56 sequences, length 32
# corresponding to MSA columns:
# 1107-1120,1136-1153
name=unknown_G
#
# <colnr> <probs for GDERKNQSTAVLIFYWHMCP>
#	G	D	E	R	K	N	Q	S	T	A	V	L	I	F	Y	W	H	M	C	P
0	0.01074	0.40035	0.40830	0.01048	0.01573	0.01416	0.01226	0.01468	0.05052	0.01306	0.00792	0.00900	0.00628	0.00426	0.00372	0.00124	0.00576	0.00305	0.00209	0.00640
