[name]
unknown

[dist]
# distance from previous block
# <min> <max>
0	74

[block]
# block no. 0 follows, 53 sequences, length 32
# corresponding to MSA columns:
# 82-113
name=unknown_A
#
# <colnr> <probs for GDERKNQSTAVLIFYWHMCP>
#	G	D	E	R	K	N	Q	S	T	A	V	L	I	F	Y	W	H	M	C	P
0	0.04516	0.06405	0.06936	0.02031	0.01243	0.08877	0.03918	0.10083	0.12304	0.01689	0.01516	0.13123	0.02590	0.00717	0.00467	0.00146	0.00468	0.06323	0.07670	0.08976
1	0.03837	0.16010	0.22033	0.01242	0.09381	0.08092	0.02769	0.09638	0.04495	0.05600	0.02698	0.02836	0.00864	0.00500	0.00427	0.00133	0.00563	0.00392	0.01493	0.06995
2	0.04790	0.13732	0.28089	0.01208	0.04090	0.04561	0.09087	0.06830	0.07598	0.02840	0.01114	0.02994	0.02488	0.00516	0.00442	0.00141	0.00579	0.01443	0.02134	0.05326
3	0.01274	0.05321	0.16424	0.01366	0.12344	0.02483	0.08803	0.15790	0.08621	0.08016	0.01464	0.01524	0.07913	0.00559	0.00473	0.00144	0.00537	0.00477	0.01526	0.04942
4	0.04352	0.07571	0.25220	0.01384	0.08818	0.08409	0.11559	0.06471	0.03519	0.10548	0.05473	0.01270	0.00958	0.00509	0.00481	0.00146	0.01899	0.00428	0.00306	0.00678
5	0.03716	0.01226	0.06784	0.05360	0.03091	0.01162	0.19657	0.28888	0.04283	0.07727	0.01147	0.02832	0.00858	0.00516	0.00480	0.00144	0.00565	0.00465	0.02671	0.08428
6	0.01183	0.01136	0.01940	0.02934	0.80221	0.01136	0.01467	0.01467	0.01088	0.01562	0.00899	0.01183	0.00757	0.00426	0.00473	0.00142	0.00568	0.00426	0.00237	0.00757
7	0.00830	0.00415	0.00623	0.00623	0.00623	0.00415	0.00415	0.00623	0.00623	0.00830	0.00830	0.01453	0.00830	0.01660	0.01868	0.86094	0.00415	0.00415	0.00208	0.00208
8	0.01242	0.01034	0.05677	0.01014	0.06236	0.04255	0.00791	0.13673	0.20963	0.10400	0.06203	0.02232	0.13000	0.00724	0.00495	0.00152	0.00424	0.04778	0.03504	0.03203
9	0.00891	0.00445	0.00445	0.00445	0.00557	0.00445	0.00334	0.01114	0.01002	0.01782	0.01559	0.01782	0.01225	0.00557	0.00334	0.00111	0.00223	0.00445	0.85856	0.00445
10	0.01007	0.19389	0.56729	0.01203	0.01782	0.01246	0.01463	0.01434	0.00986	0.01402	0.00912	0.05715	0.00756	0.00519	0.00472	0.00146	0.03569	0.00393	0.00217	0.00662
11	0.00740	0.00609	0.00979	0.00888	0.01031	0.00653	0.09398	0.00966	0.02571	0.01266	0.07688	0.02283	0.06447	0.02699	0.55133	0.00573	0.01019	0.04295	0.00301	0.00460
12	0.00891	0.00445	0.00445	0.00445	0.00557	0.00445	0.00334	0.01114	0.01002	0.01782	0.01559	0.01782	0.01225	0.00557	0.00334	0.00111	0.00223	0.00445	0.85856	0.00445
13	0.01189	0.01027	0.01081	0.00973	0.01243	0.01189	0.00757	0.02540	0.79357	0.01999	0.01945	0.01783	0.01459	0.00648	0.00486	0.00162	0.00378	0.00540	0.00486	0.00757
14	0.00683	0.00510	0.00757	0.00757	0.00839	0.00592	0.00584	0.00847	0.00765	0.01102	0.01290	0.01933	0.01219	0.07079	0.77847	0.00755	0.01244	0.00520	0.00258	0.00421
15	0.00989	0.05520	0.60698	0.01300	0.03895	0.01048	0.03808	0.01447	0.01017	0.04721	0.01097	0.10305	0.00926	0.00574	0.00470	0.00154	0.00637	0.00476	0.00247	0.00670
16	0.01785	0.02278	0.01354	0.01231	0.01478	0.81284	0.00924	0.01909	0.01354	0.01170	0.00739	0.00862	0.00616	0.00493	0.00431	0.00123	0.00862	0.00308	0.00246	0.00554
17	0.00730	0.00467	0.00642	0.00642	0.00673	0.00499	0.00439	0.00732	0.00701	0.00966	0.01227	0.02182	0.01275	0.30243	0.31328	0.25388	0.00750	0.00547	0.00253	0.00316
18	0.01040	0.00948	0.01059	0.00792	0.01164	0.05164	0.00634	0.01237	0.00985	0.01495	0.00821	0.00989	0.00695	0.00410	0.00480	0.00088	0.08603	0.00298	0.00274	0.72825
19	0.01552	0.01204	0.01342	0.01235	0.10261	0.04459	0.00893	0.54140	0.01866	0.02500	0.01311	0.11908	0.01120	0.00675	0.00489	0.00148	0.00502	0.00547	0.03119	0.00729
20	0.01863	0.01265	0.01389	0.01065	0.01445	0.01373	0.00880	0.67931	0.02124	0.13883	0.01251	0.01215	0.00865	0.00576	0.00478	0.00144	0.00509	0.00437	0.00494	0.00813
21	0.00610	0.00472	0.00618	0.07505	0.00910	0.00453	0.00508	0.00726	0.00963	0.01242	0.02984	0.56127	0.20459	0.01341	0.00590	0.00184	0.00304	0.03174	0.00424	0.00405
22	0.01151	0.01103	0.01883	0.11889	0.71514	0.01127	0.01451	0.01439	0.01073	0.01523	0.00893	0.01193	0.00744	0.00432	0.00474	0.00144	0.00576	0.00426	0.00234	0.00731
23	0.00891	0.00445	0.00445	0.00445	0.00557	0.00445	0.00334	0.01114	0.01002	0.01782	0.01559	0.01782	0.01225	0.00557	0.00334	0.00111	0.00223	0.00445	0.85856	0.00445
24	0.01093	0.00929	0.00997	0.00903	0.01146	0.01054	0.00699	0.02238	0.65252	0.01969	0.14142	0.02132	0.03926	0.00714	0.00500	0.00160	0.00351	0.00603	0.00491	0.00700
25	0.00770	0.00550	0.00770	0.00880	0.00990	0.00550	0.00770	0.00990	0.01100	0.01430	0.02531	0.05391	0.02751	0.01320	0.00660	0.00220	0.00440	0.77004	0.00440	0.00440
26	0.00891	0.00445	0.00445	0.00445	0.00557	0.00445	0.00334	0.01114	0.01002	0.01782	0.01559	0.01782	0.01225	0.00557	0.00334	0.00111	0.00223	0.00445	0.85856	0.00445
27	0.01045	0.00966	0.01603	0.52109	0.18248	0.01106	0.06245	0.07731	0.01105	0.01464	0.00942	0.01369	0.00744	0.00496	0.00488	0.00156	0.00619	0.02713	0.00248	0.00604
28	0.51996	0.00896	0.00857	0.04148	0.01095	0.01000	0.00609	0.08350	0.03129	0.12642	0.00998	0.01170	0.00772	0.05462	0.04938	0.00201	0.00456	0.00358	0.00351	0.00573
29	0.01473	0.00919	0.01143	0.00888	0.02830	0.00821	0.02367	0.15647	0.01362	0.25541	0.06493	0.01393	0.01124	0.00509	0.00436	0.00116	0.00407	0.00417	0.00426	0.35687
30	0.01166	0.01119	0.01910	0.07650	0.75635	0.01131	0.01459	0.01452	0.01080	0.01541	0.00896	0.01188	0.00750	0.00429	0.00473	0.00143	0.00572	0.00426	0.00235	0.00744
31	0.01087	0.00885	0.01021	0.00760	0.01154	0.00737	0.00606	0.08328	0.05662	0.03524	0.01040	0.04522	0.00876	0.00445	0.00387	0.00090	0.00369	0.00361	0.00327	0.67818

[dist]
# distance from previous block
# <min> <max>
1	11

[block]
# block no. 1 follows, 53 sequences, length 7
# corresponding to MSA columns:
# 125-131
name=unknown_B
#
# <colnr> <probs for GDERKNQSTAVLIFYWHMCP>
#	G	D	E	R	K	N	Q	S	T	A	V	L	I	F	Y	W	H	M	C	P
0	0.01265	0.63147	0.12174	0.00939	0.01353	0.07830	0.00956	0.01464	0.00994	0.01178	0.00693	0.00818	0.00613	0.00442	0.00396	0.00115	0.04521	0.00280	0.00208	0.00616
1	0.00565	0.00484	0.00484	0.00484	0.00646	0.00403	0.00363	0.00686	0.01089	0.01291	0.04842	0.04600	0.80027	0.01210	0.00565	0.00161	0.00242	0.01009	0.00444	0.00403
2	0.00677	0.00493	0.00660	0.00660	0.00723	0.00535	0.00473	0.00785	0.00772	0.01064	0.01669	0.02540	0.08295	0.30365	0.47488	0.00612	0.00912	0.00618	0.00284	0.00378
3	0.05987	0.00976	0.01511	0.53047	0.11946	0.01138	0.04545	0.12334	0.01155	0.01583	0.00892	0.01218	0.00673	0.00480	0.00471	0.00154	0.00605	0.00422	0.00259	0.00602
4	0.00581	0.00423	0.00547	0.00647	0.00688	0.00390	0.00436	0.00668	0.00933	0.01227	0.02858	0.74943	0.10964	0.01468	0.00605	0.00191	0.00274	0.01323	0.00444	0.00390
5	0.01241	0.01223	0.01502	0.22351	0.01945	0.14351	0.08900	0.14174	0.01194	0.01535	0.00888	0.01185	0.00718	0.00748	0.05350	0.00196	0.18813	0.00425	0.02678	0.00583
6	0.13413	0.37343	0.05977	0.00971	0.07394	0.03862	0.00816	0.01392	0.00977	0.01437	0.00743	0.00874	0.00635	0.00406	0.00342	0.00107	0.00477	0.00283	0.00241	0.22310

[dist]
# distance from previous block
# <min> <max>
33	246

[block]
# block no. 2 follows, 53 sequences, length 31
# corresponding to MSA columns:
# 478-508
name=unknown_C
#
# <colnr> <probs for GDERKNQSTAVLIFYWHMCP>
#	G	D	E	R	K	N	Q	S	T	A	V	L	I	F	Y	W	H	M	C	P
0	0.03225	0.01028	0.01265	0.08597	0.04016	0.04912	0.07931	0.22772	0.11478	0.04108	0.04332	0.06359	0.03322	0.00653	0.00483	0.00150	0.00484	0.03313	0.08866	0.02706
1	0.01299	0.01137	0.03838	0.01232	0.05676	0.04274	0.08846	0.24223	0.08049	0.04886	0.01174	0.03961	0.00968	0.02306	0.11528	0.00245	0.12801	0.00488	0.00350	0.02719
2	0.01041	0.01003	0.05235	0.01040	0.03121	0.05200	0.12813	0.04655	0.08958	0.03407	0.13253	0.06969	0.04251	0.00652	0.00484	0.00136	0.00455	0.02963	0.03632	0.20732
3	0.08754	0.05034	0.17758	0.01124	0.06482	0.00998	0.04331	0.08321	0.03707	0.21253	0.06582	0.01670	0.06007	0.00611	0.00510	0.00152	0.03617	0.02030	0.00385	0.00676
4	0.01183	0.01136	0.01940	0.02934	0.80221	0.01136	0.01467	0.01467	0.01088	0.01562	0.00899	0.01183	0.00757	0.00426	0.00473	0.00142	0.00568	0.00426	0.00237	0.00757
5	0.00830	0.00415	0.00623	0.00623	0.00623	0.00415	0.00415	0.00623	0.00623	0.00830	0.00830	0.01453	0.00830	0.01660	0.01868	0.86094	0.00415	0.00415	0.00208	0.00208
6	0.01501	0.01104	0.01205	0.00967	0.01285	0.07243	0.03256	0.32923	0.04611	0.13548	0.04744	0.01788	0.06327	0.02552	0.02991	0.00168	0.00508	0.03877	0.00438	0.08963
7	0.00891	0.00445	0.00445	0.00445	0.00557	0.00445	0.00334	0.01114	0.01002	0.01782	0.01559	0.01782	0.01225	0.00557	0.00334	0.00111	0.00223	0.00445	0.85856	0.00445
8	0.01267	0.02600	0.01305	0.04130	0.01394	0.11050	0.07964	0.14278	0.05474	0.06398	0.02847	0.08801	0.01170	0.03139	0.00617	0.00152	0.06898	0.02971	0.00351	0.17191
9	0.01097	0.03928	0.02321	0.00797	0.01013	0.00806	0.00640	0.07974	0.17234	0.12385	0.25376	0.10795	0.07531	0.00870	0.00550	0.00159	0.02293	0.03156	0.00481	0.00595
10	0.00891	0.00445	0.00445	0.00445	0.00557	0.00445	0.00334	0.01114	0.01002	0.01782	0.01559	0.01782	0.01225	0.00557	0.00334	0.00111	0.00223	0.00445	0.85856	0.00445
11	0.01189	0.01027	0.01081	0.00973	0.01243	0.01189	0.00757	0.02540	0.79357	0.01999	0.01945	0.01783	0.01459	0.00648	0.00486	0.00162	0.00378	0.00540	0.00486	0.00757
12	0.00683	0.00510	0.00759	0.00759	0.00841	0.00592	0.00586	0.00847	0.00765	0.01103	0.01289	0.01926	0.01216	0.06630	0.78291	0.00756	0.01249	0.00519	0.00257	0.00422
13	0.00964	0.04218	0.74527	0.01352	0.02030	0.01115	0.04152	0.01497	0.01020	0.01515	0.02786	0.01075	0.00705	0.00464	0.00457	0.00151	0.00693	0.00370	0.00211	0.00696
14	0.01785	0.02278	0.01354	0.01231	0.01478	0.81284	0.00924	0.01909	0.01354	0.01170	0.00739	0.00862	0.00616	0.00493	0.00431	0.00123	0.00862	0.00308	0.00246	0.00554
15	0.00814	0.00424	0.00627	0.00627	0.00632	0.00429	0.00420	0.00641	0.00635	0.00853	0.00893	0.01565	0.00899	0.05919	0.06878	0.76398	0.00472	0.00435	0.00215	0.00225
16	0.00991	0.00850	0.00991	0.00708	0.01133	0.00637	0.00566	0.01203	0.00991	0.01557	0.00850	0.00991	0.00708	0.00354	0.00354	0.00071	0.00354	0.00283	0.00283	0.86124
17	0.01168	0.01142	0.01844	0.14078	0.66112	0.04389	0.01425	0.01450	0.01080	0.01497	0.00886	0.01183	0.00734	0.00436	0.00472	0.00144	0.00590	0.00421	0.00234	0.00717
18	0.01934	0.01114	0.01291	0.00994	0.01368	0.01153	0.00820	0.45138	0.04025	0.34874	0.01473	0.01362	0.00983	0.00583	0.00479	0.00146	0.00473	0.00454	0.00525	0.00812
19	0.04147	0.00778	0.00910	0.02341	0.04086	0.00823	0.01997	0.03432	0.30691	0.04873	0.04898	0.18390	0.14662	0.03512	0.00579	0.00174	0.00357	0.00769	0.00440	0.02141
20	0.01178	0.01132	0.01922	0.02870	0.77203	0.01148	0.01451	0.01455	0.01075	0.01546	0.00889	0.01178	0.00752	0.00442	0.00515	0.00145	0.03693	0.00426	0.00236	0.00748
21	0.00891	0.00445	0.00445	0.00445	0.00557	0.00445	0.00334	0.01114	0.01002	0.01782	0.01559	0.01782	0.01225	0.00557	0.00334	0.00111	0.00223	0.00445	0.85856	0.00445
22	0.01337	0.00806	0.00947	0.00782	0.01044	0.00795	0.00625	0.20810	0.04707	0.22140	0.22531	0.02592	0.17225	0.00809	0.00518	0.00151	0.00357	0.00672	0.00513	0.00638
23	0.00770	0.00550	0.00770	0.00880	0.00990	0.00550	0.00770	0.00990	0.01100	0.01430	0.02531	0.05391	0.02751	0.01320	0.00660	0.00220	0.00440	0.77004	0.00440	0.00440
24	0.00891	0.00445	0.00445	0.00445	0.00557	0.00445	0.00334	0.01114	0.01002	0.01782	0.01559	0.01782	0.01225	0.00557	0.00334	0.00111	0.00223	0.00445	0.85856	0.00445
25	0.69459	0.00875	0.00728	0.00648	0.00918	0.00989	0.00520	0.03397	0.00880	0.06897	0.00892	0.04181	0.00759	0.06625	0.00482	0.00173	0.00379	0.00352	0.00324	0.00522
26	0.01279	0.01182	0.03474	0.01149	0.04995	0.09324	0.02888	0.17760	0.17305	0.03395	0.01392	0.03436	0.04816	0.02199	0.04558	0.00195	0.17069	0.00499	0.02445	0.00641
27	0.05942	0.00910	0.01221	0.03619	0.06260	0.00866	0.08689	0.10682	0.06666	0.06320	0.04857	0.09842	0.04559	0.00615	0.00460	0.00131	0.00431	0.00538	0.00364	0.27028
28	0.03862	0.01077	0.01412	0.27289	0.19561	0.11797	0.04031	0.01414	0.02957	0.04648	0.04566	0.01332	0.00919	0.00603	0.02159	0.03655	0.00593	0.00429	0.02503	0.05195
29	0.06209	0.18171	0.25568	0.01020	0.01489	0.11626	0.01049	0.04451	0.02894	0.05171	0.00874	0.00976	0.00678	0.00445	0.00395	0.00121	0.00569	0.00321	0.00265	0.17709
30	0.07266	0.01271	0.01434	0.19705	0.13611	0.15771	0.03397	0.16374	0.05145	0.07946	0.01019	0.01173	0.00764	0.00501	0.00457	0.00143	0.00596	0.00404	0.00324	0.02696

[dist]
# distance from previous block
# <min> <max>
28	110

[block]
# block no. 3 follows, 53 sequences, length 48
# corresponding to MSA columns:
# 661-708
name=unknown_D
#
# <colnr> <probs for GDERKNQSTAVLIFYWHMCP>
#	G	D	E	R	K	N	Q	S	T	A	V	L	I	F	Y	W	H	M	C	P
0	0.00709	0.00578	0.00825	0.19783	0.01354	0.00603	0.02351	0.02482	0.00984	0.01269	0.02468	0.36867	0.16303	0.06595	0.00691	0.00197	0.00393	0.04739	0.00375	0.00435
1	0.01094	0.01002	0.01477	0.46770	0.19615	0.05305	0.01238	0.05342	0.04177	0.03780	0.01077	0.01442	0.02506	0.00521	0.00482	0.00154	0.00597	0.02545	0.00266	0.00608
2	0.01067	0.01029	0.01472	0.64229	0.05680	0.07850	0.02767	0.07685	0.01104	0.01383	0.00869	0.01226	0.00656	0.00484	0.00475	0.00154	0.00648	0.00418	0.00239	0.00566
3	0.01294	0.01593	0.07321	0.03687	0.05423	0.25271	0.26904	0.01572	0.02583	0.01345	0.00833	0.01095	0.00677	0.00531	0.00717	0.00158	0.17726	0.00432	0.00237	0.00601
4	0.01376	0.00810	0.00997	0.00865	0.03162	0.00786	0.00665	0.01886	0.22631	0.29474	0.10860	0.02013	0.06691	0.00818	0.04754	0.00177	0.00412	0.00553	0.00483	0.10588
5	0.01278	0.83490	0.02505	0.00818	0.01227	0.01891	0.00818	0.01431	0.00971	0.01125	0.00664	0.00767	0.00613	0.00409	0.00307	0.00102	0.00511	0.00256	0.00204	0.00613
6	0.00834	0.00438	0.00666	0.04926	0.00764	0.00449	0.00463	0.00654	0.00640	0.00851	0.00831	0.01443	0.00820	0.01598	0.01795	0.81552	0.00427	0.00416	0.00208	0.00225
7	0.01155	0.06332	0.01313	0.04293	0.02642	0.10838	0.14095	0.06339	0.04793	0.05748	0.01716	0.07009	0.09768	0.00663	0.00466	0.00143	0.00491	0.02227	0.19409	0.00562
8	0.00830	0.00415	0.00623	0.00623	0.00623	0.00415	0.00415	0.00623	0.00623	0.00830	0.00830	0.01453	0.00830	0.01660	0.01868	0.86094	0.00415	0.00415	0.00208	0.00208
9	0.00582	0.00416	0.00555	0.00666	0.00693	0.00388	0.00444	0.00666	0.00915	0.01220	0.02634	0.82891	0.03161	0.01497	0.00610	0.00194	0.00277	0.01359	0.00444	0.00388
10	0.01717	0.04128	0.01537	0.01290	0.01574	0.65914	0.09739	0.01876	0.01320	0.05405	0.00824	0.00949	0.00658	0.00485	0.00446	0.00128	0.00823	0.00345	0.00263	0.00580
11	0.02144	0.00813	0.01109	0.00850	0.01220	0.00702	0.00702	0.02329	0.01368	0.80552	0.01886	0.01627	0.01183	0.00592	0.00481	0.00148	0.00407	0.00481	0.00592	0.00813
12	0.00891	0.00445	0.00445	0.00445	0.00557	0.00445	0.00334	0.01114	0.01002	0.01782	0.01559	0.01782	0.01225	0.00557	0.00334	0.00111	0.00223	0.00445	0.85856	0.00445
13	0.00625	0.00472	0.00599	0.00677	0.02041	0.00438	0.00471	0.00773	0.02515	0.01369	0.14290	0.48180	0.18540	0.01320	0.00593	0.00181	0.00279	0.05767	0.00453	0.00417
14	0.84395	0.00921	0.00713	0.00634	0.00932	0.01063	0.00522	0.01429	0.00828	0.04172	0.00697	0.00798	0.00535	0.00448	0.00301	0.00148	0.00371	0.00265	0.00303	0.00525
15	0.00635	0.00487	0.00581	0.00558	0.00689	0.00433	0.00418	0.00822	0.01255	0.01684	0.52010	0.03953	0.32614	0.01064	0.00564	0.00154	0.00232	0.00918	0.00496	0.00433
16	0.00788	0.00513	0.00659	0.00613	0.00750	0.00465	0.00463	0.00992	0.01305	0.08715	0.61173	0.07066	0.12684	0.00993	0.00559	0.00153	0.00246	0.00869	0.00519	0.00475
17	0.01013	0.10570	0.62858	0.01390	0.02038	0.01202	0.11424	0.01507	0.01020	0.01476	0.00852	0.01020	0.00621	0.00443	0.00453	0.00148	0.00699	0.00370	0.00207	0.00689
18	0.59631	0.04210	0.00950	0.00805	0.01091	0.23755	0.00643	0.01548	0.00972	0.01833	0.00686	0.00800	0.00549	0.00456	0.00334	0.00139	0.00514	0.00273	0.00279	0.00531
19	0.01408	0.56001	0.04513	0.00982	0.01356	0.24273	0.02902	0.01571	0.01085	0.01159	0.00699	0.00814	0.00617	0.00434	0.00353	0.00111	0.00624	0.00281	0.00217	0.00600
20	0.01276	0.01076	0.01074	0.00899	0.01163	0.17919	0.03811	0.06406	0.01183	0.12372	0.06395	0.04749	0.04642	0.02236	0.09749	0.04746	0.00593	0.00487	0.00351	0.18871
21	0.16336	0.01182	0.01178	0.13480	0.01566	0.13746	0.00843	0.15920	0.08221	0.16384	0.03201	0.01261	0.00920	0.00546	0.00462	0.00146	0.02091	0.00409	0.00384	0.01725
22	0.01339	0.00820	0.01034	0.06360	0.01283	0.00678	0.00651	0.01550	0.01106	0.26071	0.01203	0.01243	0.00874	0.00445	0.00401	0.00103	0.00384	0.00362	0.04204	0.49888
23	0.00666	0.00488	0.00624	0.00590	0.00708	0.00447	0.00443	0.00882	0.01328	0.01858	0.72955	0.03666	0.11560	0.00999	0.00564	0.00151	0.00227	0.00878	0.00518	0.00447
24	0.02770	0.05909	0.68571	0.01269	0.01915	0.01099	0.01596	0.01529	0.01034	0.05700	0.03682	0.01116	0.00772	0.00478	0.00450	0.00149	0.00658	0.00372	0.00236	0.00695
25	0.01951	0.00886	0.01199	0.00933	0.01287	0.00833	0.03878	0.05656	0.10327	0.62896	0.01791	0.01595	0.01166	0.00596	0.00512	0.00151	0.02513	0.00487	0.00551	0.00793
26	0.00683	0.00512	0.00768	0.00768	0.00853	0.00597	0.00597	0.00853	0.00768	0.01110	0.01280	0.01878	0.01195	0.03585	0.81308	0.00768	0.01280	0.00512	0.00256	0.00427
27	0.00581	0.00420	0.00550	0.00655	0.00690	0.00389	0.00439	0.00667	0.00925	0.01224	0.02766	0.78219	0.07747	0.01480	0.00607	0.00192	0.00275	0.01338	0.00444	0.00389
28	0.01775	0.01143	0.04716	0.01004	0.01351	0.03114	0.00848	0.32848	0.06232	0.31904	0.01482	0.04658	0.01062	0.00629	0.00540	0.00152	0.04802	0.00486	0.00488	0.00766
29	0.02809	0.01023	0.01166	0.06266	0.01348	0.01115	0.00783	0.41954	0.01690	0.13326	0.01292	0.01350	0.00930	0.00575	0.00488	0.00141	0.03669	0.00437	0.18941	0.00699
30	0.86579	0.00924	0.00702	0.00629	0.00924	0.01072	0.00518	0.01405	0.00813	0.02144	0.00666	0.00776	0.00518	0.00444	0.00296	0.00148	0.00370	0.00259	0.00296	0.00518
31	0.86579	0.00924	0.00702	0.00629	0.00924	0.01072	0.00518	0.01405	0.00813	0.02144	0.00666	0.00776	0.00518	0.00444	0.00296	0.00148	0.00370	0.00259	0.00296	0.00518
32	0.01424	0.60169	0.02174	0.00937	0.01299	0.24690	0.00848	0.01568	0.01081	0.01138	0.00686	0.00794	0.00614	0.00433	0.00342	0.00108	0.00612	0.00271	0.00216	0.00596
33	0.01021	0.00824	0.00973	0.00707	0.01109	0.00628	0.00565	0.01233	0.01032	0.05065	0.06117	0.01189	0.00980	0.00406	0.00373	0.00079	0.00348	0.00330	0.00313	0.76707
34	0.10277	0.00881	0.01090	0.03714	0.01279	0.00860	0.00723	0.05562	0.13206	0.54682	0.01706	0.01533	0.01124	0.00581	0.00463	0.00150	0.00412	0.00464	0.00528	0.00766
35	0.00903	0.00850	0.01434	0.82054	0.03292	0.01062	0.01327	0.01221	0.00956	0.01221	0.00850	0.01274	0.00637	0.00478	0.00478	0.00159	0.00637	0.00425	0.00212	0.00531
36	0.01512	0.01108	0.01760	0.01320	0.01710	0.01099	0.28472	0.16540	0.13390	0.21892	0.01395	0.01464	0.00996	0.02600	0.00557	0.00160	0.00568	0.00511	0.00415	0.02532
37	0.00582	0.00416	0.00555	0.00666	0.00693	0.00388	0.00444	0.00666	0.00915	0.01220	0.02634	0.82891	0.03161	0.01497	0.00610	0.00194	0.00277	0.01359	0.00444	0.00388
38	0.01255	0.01032	0.01098	0.00974	0.01253	0.01183	0.00761	0.05937	0.72836	0.05137	0.01907	0.01749	0.01419	0.00643	0.00486	0.00161	0.00386	0.00533	0.00490	0.00761
39	0.01498	0.01096	0.01339	0.01070	0.01338	0.02939	0.03034	0.23687	0.07992	0.16769	0.01162	0.01243	0.00867	0.00625	0.00771	0.00156	0.23288	0.00430	0.00392	0.10304
40	0.01703	0.01266	0.01286	0.01047	0.01369	0.10795	0.00847	0.36893	0.15419	0.16713	0.01392	0.01428	0.01018	0.00612	0.00522	0.00150	0.03736	0.02592	0.00461	0.00750
41	0.00959	0.02472	0.80726	0.01362	0.02069	0.01110	0.01766	0.01514	0.01009	0.01514	0.00858	0.01009	0.00605	0.00454	0.00454	0.00151	0.00706	0.00353	0.00202	0.00706
42	0.00748	0.00501	0.00629	0.00593	0.00723	0.00455	0.00446	0.00950	0.01280	0.06170	0.57462	0.06651	0.15426	0.00990	0.00550	0.00152	0.00240	0.00864	0.04709	0.00461
43	0.01418	0.00845	0.01072	0.00907	0.01159	0.04301	0.06013	0.07373	0.09684	0.31108	0.01978	0.22967	0.03681	0.04438	0.00606	0.00175	0.00425	0.00734	0.00477	0.00640
44	0.00722	0.00466	0.00599	0.00654	0.00737	0.00425	0.00458	0.00825	0.00986	0.08242	0.04070	0.59373	0.15582	0.01421	0.02855	0.00200	0.00310	0.01192	0.00453	0.00430
45	0.00582	0.00419	0.00552	0.00658	0.00691	0.00389	0.00440	0.00666	0.00923	0.01223	0.02731	0.79473	0.06517	0.01485	0.00608	0.00193	0.00276	0.01343	0.00444	0.00389
46	0.01765	0.05859	0.01410	0.01205	0.01467	0.73193	0.00918	0.06250	0.01388	0.01273	0.00759	0.00874	0.00627	0.00493	0.00428	0.00123	0.00827	0.00312	0.00258	0.00571
47	0.00942	0.00913	0.01430	0.78490	0.03212	0.04600	0.01310	0.01252	0.00973	0.01219	0.00845	0.01256	0.00636	0.00479	0.00476	0.00158	0.00647	0.00420	0.00214	0.00532

[dist]
# distance from previous block
# <min> <max>
0	3

[block]
# block no. 4 follows, 53 sequences, length 32
# corresponding to MSA columns:
# 712-717,723-748
name=unknown_E
#
# <colnr> <probs for GDERKNQSTAVLIFYWHMCP>
#	G	D	E	R	K	N	Q	S	T	A	V	L	I	F	Y	W	H	M	C	P
0	0.02123	0.00848	0.01131	0.00867	0.01237	0.00754	0.00716	0.07344	0.01426	0.75456	0.01837	0.01595	0.01159	0.00590	0.00480	0.00148	0.00415	0.00477	0.00584	0.00813
1	0.00768	0.00523	0.00591	0.00569	0.00597	0.00535	0.00342	0.05823	0.00800	0.01071	0.01474	0.02951	0.01657	0.74797	0.05251	0.00454	0.00498	0.00671	0.00301	0.00329
2	0.01278	0.83490	0.02505	0.00818	0.01227	0.01891	0.00818	0.01431	0.00971	0.01125	0.00664	0.00767	0.00613	0.00409	0.00307	0.00102	0.00511	0.00256	0.00204	0.00613
3	0.01011	0.00640	0.00794	0.00689	0.00895	0.00595	0.00535	0.02618	0.08849	0.15012	0.46332	0.02874	0.08143	0.00835	0.00523	0.00145	0.00288	0.00720	0.00506	0.07996
4	0.86579	0.00924	0.00702	0.00629	0.00924	0.01072	0.00518	0.01405	0.00813	0.02144	0.00666	0.00776	0.00518	0.00444	0.00296	0.00148	0.00370	0.00259	0.00296	0.00518
5	0.00989	0.00965	0.01353	0.01180	0.01189	0.01330	0.00973	0.01097	0.00747	0.01152	0.00807	0.06485	0.00835	0.01081	0.07340	0.00249	0.71005	0.00487	0.00228	0.00507
6	0.01189	0.01027	0.01081	0.00973	0.01243	0.01189	0.00757	0.02540	0.79357	0.01999	0.01945	0.01783	0.01459	0.00648	0.00486	0.00162	0.00378	0.00540	0.00486	0.00757
7	0.00582	0.00416	0.00555	0.00666	0.00693	0.00388	0.00444	0.00666	0.00915	0.01220	0.02634	0.82891	0.03161	0.01497	0.00610	0.00194	0.00277	0.01359	0.00444	0.00388
8	0.00650	0.00488	0.00602	0.00574	0.00698	0.00440	0.00430	0.00851	0.01290	0.01768	0.62149	0.03814	0.22422	0.01032	0.00564	0.00153	0.00229	0.00899	0.00507	0.00440
9	0.01046	0.01046	0.01464	0.01255	0.01255	0.01464	0.01046	0.01150	0.00732	0.01150	0.00627	0.01046	0.00627	0.00837	0.01569	0.00209	0.82328	0.00418	0.00209	0.00523
10	0.00582	0.00416	0.00555	0.00666	0.00693	0.00388	0.00444	0.00666	0.00915	0.01220	0.02634	0.82891	0.03161	0.01497	0.00610	0.00194	0.00277	0.01359	0.00444	0.00388
11	0.02144	0.00813	0.01109	0.00850	0.01220	0.00702	0.00702	0.02329	0.01368	0.80552	0.01886	0.01627	0.01183	0.00592	0.00481	0.00148	0.00407	0.00481	0.00592	0.00813
12	0.00574	0.00485	0.00497	0.00494	0.00651	0.00407	0.00370	0.00704	0.01111	0.01343	0.11023	0.04515	0.73814	0.01191	0.00565	0.00160	0.00241	0.00997	0.00451	0.00407
13	0.00927	0.00880	0.01505	0.74659	0.08326	0.01071	0.03452	0.01246	0.00969	0.01252	0.00856	0.01269	0.00647	0.00472	0.00480	0.00158	0.00637	0.00429	0.00215	0.00549
14	0.00695	0.00463	0.00521	0.00521	0.00521	0.00463	0.00290	0.00695	0.00695	0.00927	0.01506	0.03128	0.01738	0.83203	0.02433	0.00463	0.00463	0.00695	0.00290	0.00290
15	0.01099	0.01170	0.02152	0.01789	0.10164	0.01309	0.37485	0.01363	0.00956	0.01373	0.00816	0.01175	0.00687	0.00589	0.00981	0.00180	0.35395	0.00488	0.00227	0.00605
16	0.00921	0.00879	0.01519	0.75976	0.05055	0.01071	0.05400	0.01243	0.00968	0.01246	0.00857	0.01273	0.00645	0.00473	0.00482	0.00159	0.00644	0.00432	0.00214	0.00542
17	0.01001	0.10522	0.67994	0.01349	0.02011	0.01195	0.06485	0.01506	0.01013	0.01476	0.00845	0.01002	0.00614	0.00446	0.00446	0.00147	0.00693	0.00357	0.00205	0.00693
18	0.01156	0.52523	0.32403	0.01026	0.01549	0.01593	0.01180	0.01463	0.00986	0.01273	0.00738	0.00859	0.00610	0.00426	0.00363	0.00121	0.00586	0.00293	0.00203	0.00649
19	0.00628	0.00486	0.00584	0.00643	0.00756	0.00441	0.00500	0.00768	0.01049	0.01313	0.03626	0.24580	0.38598	0.01314	0.00603	0.00186	0.00307	0.22766	0.00443	0.00410
20	0.00582	0.00416	0.00555	0.00666	0.00693	0.00388	0.00444	0.00666	0.00915	0.01220	0.02634	0.82891	0.03161	0.01497	0.00610	0.00194	0.00277	0.01359	0.00444	0.00388
21	0.01768	0.00917	0.01131	0.00863	0.01242	0.00837	0.00706	0.14223	0.05532	0.45325	0.01525	0.01408	0.01026	0.00535	0.00451	0.00130	0.00412	0.00429	0.00495	0.21046
22	0.00985	0.00873	0.00924	0.05386	0.01175	0.07438	0.00713	0.01632	0.32297	0.01646	0.10772	0.12042	0.06406	0.00914	0.00540	0.00172	0.00408	0.14663	0.00440	0.00574
23	0.00582	0.00418	0.00552	0.00659	0.00692	0.00389	0.00441	0.00666	0.00921	0.01223	0.02713	0.80116	0.05885	0.01487	0.00608	0.00193	0.00276	0.01346	0.00444	0.00389
24	0.00591	0.00422	0.00562	0.00660	0.00695	0.00394	0.00444	0.00686	0.00953	0.01281	0.09361	0.75992	0.03279	0.01452	0.00606	0.00190	0.00273	0.01316	0.00451	0.00394
25	0.01816	0.02911	0.08241	0.01051	0.01445	0.07785	0.00918	0.39984	0.03161	0.25842	0.01314	0.01259	0.00897	0.00560	0.00470	0.00143	0.00531	0.00427	0.00464	0.00778
26	0.08187	0.01204	0.02341	0.06785	0.02249	0.01195	0.56330	0.08176	0.01169	0.01669	0.00955	0.01250	0.00725	0.00546	0.03408	0.00181	0.02216	0.00514	0.00265	0.00632
27	0.00565	0.00484	0.00484	0.00484	0.00646	0.00403	0.00363	0.00686	0.01089	0.01291	0.04842	0.04600	0.80027	0.01210	0.00565	0.00161	0.00242	0.01009	0.00444	0.00403
28	0.01312	0.09163	0.43609	0.01225	0.01771	0.07886	0.01357	0.24669	0.01406	0.01901	0.00918	0.01017	0.00669	0.00489	0.00447	0.00142	0.00648	0.00364	0.00289	0.00718
29	0.73333	0.00937	0.00780	0.00678	0.00983	0.01064	0.00557	0.04989	0.03209	0.08631	0.00825	0.00892	0.00613	0.00468	0.00325	0.00148	0.00380	0.00293	0.00334	0.00562
30	0.15628	0.01263	0.01260	0.01003	0.01354	0.05780	0.00819	0.50472	0.08250	0.07781	0.01160	0.01155	0.00831	0.00555	0.00447	0.00145	0.00499	0.00408	0.00444	0.00746
31	0.79605	0.00958	0.00763	0.00667	0.00970	0.01106	0.00550	0.07759	0.00931	0.02216	0.00705	0.00807	0.00542	0.00454	0.00311	0.00148	0.00383	0.00273	0.00311	0.00542

[dist]
# distance from previous block
# <min> <max>
0	2

[block]
# block no. 5 follows, 53 sequences, length 31
# corresponding to MSA columns:
# 751-780,782
name=unknown_F
#
# <colnr> <probs for GDERKNQSTAVLIFYWHMCP>
#	G	D	E	R	K	N	Q	S	T	A	V	L	I	F	Y	W	H	M	C	P
0	0.01443	0.01124	0.01231	0.00943	0.01327	0.01142	0.00767	0.41446	0.11160	0.02364	0.01137	0.01168	0.00853	0.00504	0.00434	0.00119	0.00446	0.00391	0.00409	0.31591
1	0.75785	0.00932	0.00751	0.00669	0.00964	0.01074	0.00546	0.01543	0.08652	0.04254	0.00826	0.00900	0.00629	0.00468	0.00320	0.00149	0.00372	0.00293	0.00323	0.00549
2	0.00631	0.00485	0.00582	0.00582	0.00704	0.00431	0.00431	0.00796	0.01173	0.01561	0.36927	0.17216	0.30409	0.01142	0.00570	0.00162	0.00249	0.03178	0.00476	0.02296
3	0.01183	0.01136	0.01940	0.02934	0.80221	0.01136	0.01467	0.01467	0.01088	0.01562	0.00899	0.01183	0.00757	0.00426	0.00473	0.00142	0.00568	0.00426	0.00237	0.00757
4	0.00898	0.00816	0.01353	0.74676	0.03057	0.01009	0.01250	0.01208	0.00963	0.01262	0.00942	0.01424	0.00734	0.00507	0.00474	0.00158	0.00606	0.02632	0.05508	0.00523
5	0.00776	0.00562	0.00708	0.00645	0.00781	0.00541	0.00491	0.07651	0.01431	0.02012	0.73124	0.03360	0.04189	0.00942	0.00556	0.00150	0.00252	0.00827	0.00522	0.00482
6	0.00991	0.00850	0.00991	0.00708	0.01133	0.00637	0.00566	0.01203	0.00991	0.01557	0.00850	0.00991	0.00708	0.00354	0.00354	0.00071	0.00354	0.00283	0.00283	0.86124
7	0.01827	0.01323	0.01424	0.01092	0.01474	0.01458	0.00902	0.76284	0.02220	0.05394	0.01170	0.01162	0.00824	0.00574	0.00478	0.00144	0.00522	0.00432	0.00482	0.00813
8	0.00732	0.00583	0.00856	0.00828	0.00899	0.00711	0.00650	0.00890	0.00761	0.01111	0.01198	0.01797	0.01132	0.05178	0.68636	0.00685	0.12163	0.00504	0.00251	0.00436
9	0.00651	0.00488	0.00603	0.00574	0.00698	0.00440	0.00431	0.00852	0.01293	0.01773	0.62740	0.03806	0.21828	0.01031	0.00564	0.00153	0.00229	0.00897	0.00507	0.00440
10	0.02144	0.00813	0.01109	0.00850	0.01220	0.00702	0.00702	0.02329	0.01368	0.80552	0.01886	0.01627	0.01183	0.00592	0.00481	0.00148	0.00407	0.00481	0.00592	0.00813
11	0.00997	0.00869	0.01038	0.00762	0.01145	0.00720	0.00614	0.01198	0.00965	0.01517	0.00827	0.00997	0.00700	0.00402	0.00475	0.00085	0.08520	0.00297	0.00276	0.77597
12	0.01218	0.63988	0.13460	0.01013	0.01471	0.01714	0.08687	0.01453	0.00992	0.01219	0.00722	0.00853	0.00623	0.00415	0.00353	0.00115	0.00568	0.00300	0.00208	0.00629
13	0.00580	0.00423	0.00547	0.00646	0.00688	0.00390	0.00435	0.00668	0.00934	0.01228	0.02870	0.74551	0.11349	0.01467	0.00605	0.00191	0.00274	0.01321	0.00444	0.00390
14	0.02144	0.00813	0.01109	0.00850	0.01220	0.00702	0.00702	0.02329	0.01368	0.80552	0.01886	0.01627	0.01183	0.00592	0.00481	0.00148	0.00407	0.00481	0.00592	0.00813
15	0.05105	0.09228	0.02991	0.03498	0.01336	0.01095	0.00794	0.19884	0.12432	0.32845	0.04839	0.01476	0.01165	0.00581	0.00459	0.00145	0.00445	0.00458	0.00477	0.00747
16	0.01329	0.42104	0.10164	0.01182	0.01632	0.01515	0.19338	0.07774	0.01150	0.08309	0.00901	0.01020	0.00705	0.00441	0.00411	0.00128	0.00593	0.00372	0.00269	0.00664
17	0.00565	0.00484	0.00484	0.00484	0.00646	0.00403	0.00363	0.00686	0.01089	0.01291	0.04842	0.04600	0.80027	0.01210	0.00565	0.00161	0.00242	0.01009	0.00444	0.00403
18	0.09440	0.00861	0.01361	0.72131	0.03010	0.01072	0.01240	0.01238	0.00937	0.01312	0.00826	0.01220	0.00625	0.00482	0.00484	0.00159	0.02442	0.00408	0.00221	0.00529
19	0.00931	0.00878	0.01484	0.74172	0.10955	0.01069	0.01341	0.01246	0.00969	0.01255	0.00854	0.01265	0.00649	0.00473	0.00477	0.00158	0.00630	0.00425	0.00215	0.00553
20	0.01034	0.01029	0.01442	0.01239	0.01242	0.01436	0.01031	0.01141	0.00733	0.01149	0.00648	0.01072	0.00645	0.00924	0.04106	0.00227	0.79749	0.00421	0.00211	0.00520
21	0.00794	0.00503	0.00610	0.00582	0.00668	0.00474	0.00398	0.00901	0.01016	0.07730	0.27398	0.04530	0.10339	0.38379	0.01410	0.00296	0.00356	0.02802	0.00412	0.00401
22	0.06922	0.00876	0.01047	0.00871	0.01175	0.00879	0.00699	0.09369	0.19657	0.40525	0.01841	0.09732	0.01398	0.00698	0.00487	0.00157	0.00397	0.02018	0.00520	0.00732
23	0.04228	0.01674	0.01440	0.01185	0.01503	0.35200	0.05979	0.30446	0.03760	0.07100	0.01009	0.01072	0.00753	0.00532	0.00478	0.00138	0.02077	0.00388	0.00362	0.00677
24	0.01336	0.01031	0.01090	0.00935	0.01216	0.02637	0.00746	0.24581	0.37042	0.05525	0.01936	0.01987	0.07906	0.00696	0.00489	0.00155	0.00415	0.04307	0.05260	0.00709
25	0.00590	0.00459	0.00523	0.00558	0.00657	0.00407	0.00391	0.00696	0.01017	0.01284	0.09373	0.31416	0.41596	0.07912	0.00731	0.00196	0.00271	0.01093	0.00437	0.00393
26	0.02812	0.00978	0.01433	0.70514	0.06282	0.07542	0.01283	0.01291	0.00990	0.01251	0.00839	0.01227	0.00638	0.00476	0.00470	0.00155	0.00647	0.00412	0.00218	0.00542
27	0.00819	0.00747	0.01272	0.01063	0.01277	0.00721	0.22553	0.01137	0.07405	0.01504	0.15279	0.21541	0.10466	0.01109	0.05226	0.00206	0.00492	0.06281	0.00393	0.00509
28	0.00959	0.00908	0.01558	0.63959	0.16099	0.01069	0.04529	0.01273	0.00986	0.01302	0.00876	0.01269	0.00672	0.00468	0.00478	0.00156	0.00625	0.00431	0.01813	0.00572
29	0.01160	0.01117	0.01881	0.06076	0.70658	0.01159	0.01427	0.01431	0.01054	0.01514	0.00875	0.01176	0.00742	0.00461	0.00562	0.00148	0.07172	0.00425	0.00233	0.00729
30	0.48041	0.01066	0.01015	0.00896	0.04410	0.02552	0.00696	0.22938	0.04077	0.08833	0.00957	0.01004	0.00700	0.00499	0.00378	0.00146	0.00433	0.00343	0.00374	0.00643

[dist]
# distance from previous block
# <min> <max>
0	1

[block]
# block no. 6 follows, 53 sequences, length 18
# corresponding to MSA columns:
# 784-799,801,802
name=unknown_G
#
# <colnr> <probs for GDERKNQSTAVLIFYWHMCP>
#	G	D	E	R	K	N	Q	S	T	A	V	L	I	F	Y	W	H	M	C	P
0	0.14434	0.01195	0.01171	0.00965	0.01270	0.09448	0.00784	0.37475	0.01604	0.05014	0.02705	0.05075	0.01058	0.00640	0.00495	0.00147	0.03338	0.05754	0.00403	0.07026
1	0.00685	0.00464	0.00544	0.00559	0.00574	0.00458	0.00339	0.00719	0.00781	0.01047	0.06847	0.12191	0.02125	0.64960	0.02026	0.00402	0.00426	0.04206	0.00329	0.00318
2	0.01260	0.01087	0.01123	0.00849	0.01242	0.12068	0.02489	0.06016	0.01155	0.08788	0.00949	0.01047	0.00745	0.00409	0.00389	0.00092	0.00451	0.00320	0.00317	0.59205
3	0.00948	0.00467	0.00487	0.00473	0.00591	0.00461	0.00352	0.01154	0.01002	0.06101	0.01574	0.01862	0.01257	0.06003	0.00480	0.00137	0.00249	0.00464	0.75483	0.00456
4	0.01025	0.01008	0.01198	0.09615	0.01400	0.11671	0.03765	0.01257	0.04691	0.01271	0.01013	0.03814	0.00912	0.01367	0.20897	0.00308	0.21098	0.00451	0.01964	0.11275
5	0.00689	0.00488	0.00646	0.00646	0.00689	0.00531	0.00445	0.00775	0.00732	0.01019	0.01392	0.02496	0.01463	0.42956	0.42304	0.00617	0.00876	0.00603	0.00273	0.00359
6	0.00655	0.00484	0.00611	0.00587	0.00703	0.00440	0.00437	0.00857	0.01289	0.01785	0.64469	0.08106	0.15721	0.01041	0.00566	0.00154	0.00231	0.00913	0.00509	0.00440
7	0.06008	0.01181	0.01329	0.01127	0.01415	0.10767	0.11473	0.02158	0.47070	0.04544	0.01586	0.01675	0.01229	0.00615	0.00512	0.00160	0.02405	0.03652	0.00409	0.00687
8	0.01050	0.22108	0.56735	0.01329	0.06776	0.01302	0.01516	0.01491	0.01005	0.01422	0.00813	0.00961	0.00617	0.00441	0.00419	0.00139	0.00650	0.00334	0.00205	0.00687
9	0.00804	0.00654	0.00845	0.00813	0.00858	0.00762	0.00618	0.02168	0.02178	0.01204	0.03528	0.13861	0.06912	0.26921	0.01443	0.00283	0.22591	0.12806	0.00334	0.00417
10	0.01676	0.00808	0.01013	0.00796	0.01136	0.00723	0.00644	0.02014	0.10897	0.47601	0.01663	0.01543	0.01132	0.00550	0.00442	0.00131	0.00374	0.00447	0.09567	0.16842
11	0.01189	0.01027	0.01081	0.00973	0.01243	0.01189	0.00757	0.02540	0.79357	0.01999	0.01945	0.01783	0.01459	0.00648	0.00486	0.00162	0.00378	0.00540	0.00486	0.00757
12	0.00695	0.00463	0.00521	0.00521	0.00521	0.00463	0.00290	0.00695	0.00695	0.00927	0.01506	0.03128	0.01738	0.83203	0.02433	0.00463	0.00463	0.00695	0.00290	0.00290
13	0.01767	0.00928	0.01139	0.00918	0.01243	0.00928	0.00754	0.22247	0.08336	0.41702	0.03648	0.01824	0.01296	0.00816	0.04984	0.00187	0.00482	0.05525	0.00522	0.00753
14	0.00582	0.00416	0.00555	0.00666	0.00693	0.00388	0.00444	0.00666	0.00915	0.01220	0.02634	0.82891	0.03161	0.01497	0.00610	0.00194	0.00277	0.01359	0.00444	0.00388
15	0.00991	0.00850	0.00991	0.00708	0.01133	0.00637	0.00566	0.01203	0.00991	0.01557	0.00850	0.00991	0.00708	0.00354	0.00354	0.00071	0.00354	0.00283	0.00283	0.86124
16	0.02020	0.00806	0.01089	0.00846	0.01195	0.00714	0.00696	0.04668	0.01369	0.71885	0.04425	0.01687	0.01282	0.00738	0.04112	0.00176	0.00444	0.00493	0.00571	0.00784
17	0.01020	0.18035	0.65700	0.01258	0.01907	0.01260	0.01584	0.01498	0.01002	0.01439	0.00821	0.00963	0.00607	0.00445	0.00426	0.00142	0.00669	0.00334	0.00202	0.00689

[dist]
# distance from previous block
# <min> <max>
0	5

[block]
# block no. 7 follows, 53 sequences, length 26
# corresponding to MSA columns:
# 808-819,844-857
name=unknown_H
#
# <colnr> <probs for GDERKNQSTAVLIFYWHMCP>
#	G	D	E	R	K	N	Q	S	T	A	V	L	I	F	Y	W	H	M	C	P
0	0.00632	0.00485	0.00563	0.00544	0.00678	0.00429	0.00408	0.00811	0.01223	0.01629	0.43565	0.03982	0.38610	0.01070	0.00557	0.00154	0.00233	0.00917	0.03080	0.00429
1	0.01061	0.10788	0.66046	0.01291	0.01933	0.05391	0.01597	0.03919	0.01062	0.01502	0.00841	0.00981	0.00613	0.00455	0.00438	0.00145	0.00689	0.00343	0.00213	0.00692
2	0.01135	0.35262	0.41418	0.01085	0.01625	0.01377	0.01270	0.01488	0.01009	0.05473	0.00906	0.04338	0.00745	0.00486	0.00402	0.00133	0.00593	0.00362	0.00233	0.00661
3	0.00582	0.00416	0.00555	0.00666	0.00693	0.00388	0.00444	0.00666	0.00915	0.01220	0.02634	0.82891	0.03161	0.01497	0.00610	0.00194	0.00277	0.01359	0.00444	0.00388
4	0.01027	0.00871	0.01011	0.00725	0.01148	0.00674	0.00581	0.04598	0.01046	0.01621	0.00863	0.00998	0.00713	0.00364	0.00359	0.00074	0.00362	0.00290	0.00292	0.82384
5	0.09257	0.00878	0.01006	0.06999	0.01262	0.00908	0.00700	0.20207	0.08021	0.11783	0.03645	0.12399	0.09666	0.00751	0.00481	0.00150	0.00404	0.01910	0.00429	0.09144
6	0.04422	0.00852	0.01005	0.00806	0.01117	0.02168	0.04380	0.08560	0.09999	0.13413	0.07043	0.02182	0.19291	0.00686	0.00470	0.00133	0.00378	0.00571	0.00420	0.22105
7	0.00642	0.00484	0.00593	0.00572	0.00694	0.00435	0.00427	0.00833	0.01262	0.01715	0.56030	0.07330	0.25105	0.01064	0.00566	0.00155	0.00232	0.00926	0.00500	0.00435
8	0.01128	0.01289	0.02820	0.02015	0.02498	0.01209	0.78485	0.01531	0.01128	0.01531	0.00967	0.01289	0.00725	0.00403	0.00564	0.00161	0.00806	0.00564	0.00242	0.00645
9	0.01005	0.14770	0.64643	0.05480	0.02004	0.01227	0.01598	0.01486	0.01001	0.01439	0.00828	0.00986	0.00608	0.00448	0.00433	0.00144	0.00673	0.00342	0.00203	0.00683
10	0.01128	0.01289	0.02820	0.02015	0.02498	0.01209	0.78485	0.01531	0.01128	0.01531	0.00967	0.01289	0.00725	0.00403	0.00564	0.00161	0.00806	0.00564	0.00242	0.00645
11	0.00626	0.00447	0.00604	0.00715	0.00762	0.00426	0.00519	0.00741	0.00958	0.01269	0.02610	0.64992	0.03066	0.01457	0.00622	0.00200	0.00315	0.18829	0.00443	0.00400
12	0.00655	0.00462	0.00605	0.00652	0.00688	0.00472	0.00445	0.00737	0.00814	0.01104	0.01920	0.32239	0.02184	0.29937	0.20477	0.00424	0.00589	0.04882	0.00346	0.00366
13	0.01281	0.24092	0.36307	0.01106	0.01624	0.03254	0.01226	0.08601	0.07055	0.09638	0.01015	0.01074	0.00750	0.00482	0.00421	0.00137	0.00586	0.00360	0.00290	0.00702
14	0.00965	0.02427	0.77760	0.01387	0.02085	0.01114	0.04687	0.01514	0.01014	0.01514	0.00862	0.01020	0.00610	0.00452	0.00458	0.00152	0.00710	0.00361	0.00203	0.00704
15	0.00582	0.00416	0.00555	0.00666	0.00693	0.00388	0.00444	0.00666	0.00915	0.01220	0.02634	0.82891	0.03161	0.01497	0.00610	0.00194	0.00277	0.01359	0.00444	0.00388
16	0.00582	0.00416	0.00555	0.00666	0.00693	0.00388	0.00444	0.00666	0.00915	0.01220	0.02634	0.82891	0.03161	0.01497	0.00610	0.00194	0.00277	0.01359	0.00444	0.00388
17	0.01278	0.83490	0.02505	0.00818	0.01227	0.01891	0.00818	0.01431	0.00971	0.01125	0.00664	0.00767	0.00613	0.00409	0.00307	0.00102	0.00511	0.00256	0.00204	0.00613
18	0.01052	0.01002	0.01704	0.39769	0.44406	0.01101	0.01402	0.01352	0.01027	0.01403	0.00876	0.01225	0.00701	0.00450	0.00475	0.00150	0.00600	0.00425	0.00225	0.00652
19	0.01190	0.50382	0.30328	0.01033	0.01540	0.05746	0.01161	0.01485	0.01005	0.01266	0.00737	0.00858	0.00611	0.00429	0.00366	0.00121	0.00599	0.00293	0.00206	0.00643
20	0.01936	0.00767	0.01042	0.00815	0.01148	0.00667	0.00667	0.02126	0.01366	0.69368	0.12992	0.01903	0.01656	0.00646	0.00492	0.00148	0.00381	0.00535	0.00582	0.00762
21	0.01128	0.01289	0.02820	0.02015	0.02498	0.01209	0.78485	0.01531	0.01128	0.01531	0.00967	0.01289	0.00725	0.00403	0.00564	0.00161	0.00806	0.00564	0.00242	0.00645
22	0.01159	0.01409	0.17528	0.01794	0.18167	0.02586	0.26510	0.04859	0.01126	0.05227	0.02814	0.01334	0.02726	0.00511	0.00599	0.00156	0.08015	0.00481	0.02333	0.00668
23	0.01115	0.01394	0.10824	0.01873	0.02365	0.01197	0.65007	0.01600	0.06627	0.01562	0.01024	0.01295	0.00764	0.00426	0.00547	0.00160	0.00765	0.00540	0.00255	0.00659
24	0.00582	0.00416	0.00555	0.00666	0.00693	0.00388	0.00444	0.00666	0.00915	0.01220	0.02634	0.82891	0.03161	0.01497	0.00610	0.00194	0.00277	0.01359	0.00444	0.00388
25	0.00959	0.02472	0.80726	0.01362	0.02069	0.01110	0.01766	0.01514	0.01009	0.01514	0.00858	0.01009	0.00605	0.00454	0.00454	0.00151	0.00706	0.00353	0.00202	0.00706

[dist]
# distance from previous block
# <min> <max>
3	6

[block]
# block no. 8 follows, 53 sequences, length 6
# corresponding to MSA columns:
# 912-917
name=unknown_I
#
# <colnr> <probs for GDERKNQSTAVLIFYWHMCP>
#	G	D	E	R	K	N	Q	S	T	A	V	L	I	F	Y	W	H	M	C	P
0	0.01468	0.00835	0.01040	0.00767	0.01169	0.00664	0.00623	0.01669	0.01147	0.34201	0.01278	0.01254	0.00904	0.00452	0.00406	0.00103	0.00376	0.00365	0.00411	0.50871
1	0.01263	0.00613	0.00813	0.00706	0.00916	0.00544	0.00549	0.01447	0.01285	0.34252	0.32991	0.13425	0.07389	0.00901	0.00536	0.00156	0.00308	0.00780	0.00537	0.00589
2	0.00582	0.00448	0.00533	0.00589	0.00676	0.00399	0.00412	0.00690	0.01015	0.01298	0.09036	0.46262	0.33652	0.01347	0.00589	0.00178	0.00260	0.01185	0.00450	0.00399
3	0.01785	0.02278	0.01354	0.01231	0.01478	0.81284	0.00924	0.01909	0.01354	0.01170	0.00739	0.00862	0.00616	0.00493	0.00431	0.00123	0.00862	0.00308	0.00246	0.00554
4	0.00830	0.00415	0.00623	0.00623	0.00623	0.00415	0.00415	0.00623	0.00623	0.00830	0.00830	0.01453	0.00830	0.01660	0.01868	0.86094	0.00415	0.00415	0.00208	0.00208
5	0.01769	0.01261	0.01410	0.07507	0.01606	0.01391	0.00926	0.66829	0.02080	0.08616	0.01179	0.01193	0.00826	0.00567	0.00478	0.00145	0.00526	0.00434	0.00465	0.00791

[dist]
# distance from previous block
# <min> <max>
0	7

[block]
