[name]
unknown

[dist]
# distance from previous block
# <min> <max>
0	106

[block]
# block no. 0 follows, 54 sequences, length 27
# corresponding to MSA columns:
# 132-158
name=unknown_A
#
# <colnr> <probs for GDERKNQSTAVLIFYWHMCP>
#	G	D	E	R	K	N	Q	S	T	A	V	L	I	F	Y	W	H	M	C	P
0	0.01153	0.03805	0.21064	0.08049	0.06220	0.03687	0.04364	0.03046	0.17834	0.09850	0.01411	0.05731	0.02469	0.00630	0.00536	0.00158	0.04685	0.04315	0.00339	0.00655
1	0.00993	0.13328	0.68498	0.01310	0.03852	0.01199	0.01609	0.01481	0.00992	0.01443	0.00822	0.00968	0.00602	0.00441	0.00429	0.00143	0.00668	0.00337	0.00200	0.00686
2	0.01157	0.01204	0.02110	0.01924	0.19946	0.03707	0.33807	0.05261	0.01060	0.01478	0.00850	0.01163	0.00698	0.00529	0.00795	0.00165	0.22798	0.00472	0.00240	0.00634
3	0.00602	0.00479	0.00540	0.00525	0.00665	0.00417	0.00394	0.00764	0.01181	0.01527	0.35723	0.04121	0.49192	0.01100	0.00557	0.00155	0.00232	0.00937	0.00471	0.00417
4	0.00647	0.00479	0.00603	0.00577	0.00693	0.00435	0.00431	0.00848	0.01279	0.01770	0.65647	0.06348	0.16458	0.01018	0.00558	0.00151	0.00227	0.00892	0.00503	0.00435
5	0.00745	0.00529	0.00730	0.00830	0.00926	0.00528	0.00706	0.00938	0.01045	0.01362	0.02422	0.09018	0.02655	0.07765	0.00786	0.00235	0.00428	0.67509	0.00423	0.00420
6	0.01173	0.01013	0.01066	0.00960	0.01226	0.01173	0.00746	0.02505	0.79636	0.01972	0.01919	0.01759	0.01439	0.00640	0.00480	0.00160	0.00373	0.00533	0.00480	0.00746
7	0.00978	0.00838	0.00978	0.00698	0.01117	0.00629	0.00559	0.01187	0.00978	0.01536	0.00838	0.00978	0.00698	0.00349	0.00349	0.00070	0.00349	0.00279	0.00279	0.86312
8	0.01080	0.01021	0.01727	0.10104	0.65055	0.01038	0.01330	0.01343	0.01044	0.01474	0.01058	0.09593	0.00979	0.00533	0.00481	0.00147	0.00537	0.00515	0.00252	0.00689
9	0.29314	0.00817	0.00730	0.00648	0.00867	0.04833	0.00514	0.11786	0.01114	0.04397	0.01154	0.01300	0.00892	0.00613	0.03065	0.00149	0.00380	0.00373	0.36525	0.00528
10	0.01151	0.01104	0.01885	0.07513	0.75995	0.01116	0.01439	0.01433	0.01066	0.01521	0.00884	0.01172	0.00740	0.00423	0.00467	0.00141	0.00564	0.00420	0.00232	0.00734
11	0.01281	0.01067	0.01127	0.00982	0.01267	0.01224	0.00773	0.15901	0.66064	0.02148	0.01781	0.01649	0.01328	0.00627	0.00478	0.00157	0.00399	0.00514	0.00478	0.00756
12	0.03341	0.07497	0.05216	0.00894	0.01271	0.02855	0.00778	0.10263	0.01357	0.54224	0.01524	0.01388	0.01001	0.00550	0.00469	0.00139	0.01913	0.00428	0.00490	0.04404
13	0.01654	0.02008	0.01298	0.01209	0.03665	0.66423	0.00891	0.03437	0.09973	0.01309	0.00896	0.00992	0.00725	0.00504	0.00430	0.00126	0.00764	0.00339	0.02780	0.00576
14	0.01753	0.01318	0.01495	0.01137	0.01520	0.01447	0.05426	0.74414	0.02153	0.02887	0.01122	0.01140	0.00797	0.00556	0.00477	0.00143	0.00535	0.00432	0.00458	0.00792
15	0.01173	0.01013	0.01066	0.00960	0.01226	0.01173	0.00746	0.02505	0.79636	0.01972	0.01919	0.01759	0.01439	0.00640	0.00480	0.00160	0.00373	0.00533	0.00480	0.00746
16	0.01154	0.00937	0.00987	0.02567	0.01155	0.05632	0.00691	0.02038	0.48519	0.08085	0.20604	0.02106	0.02074	0.00701	0.00494	0.00154	0.00372	0.00589	0.00478	0.00662
17	0.00578	0.00436	0.00522	0.00588	0.00655	0.00394	0.00400	0.00665	0.00941	0.01203	0.03213	0.51517	0.27871	0.07826	0.00729	0.00202	0.00277	0.01178	0.00426	0.00380
18	0.00690	0.00537	0.00736	0.00692	0.00838	0.00482	0.06588	0.00829	0.01058	0.03660	0.12321	0.20185	0.37501	0.01175	0.00635	0.04458	0.00315	0.06452	0.00424	0.00424
19	0.00571	0.00478	0.00496	0.00492	0.00645	0.00404	0.00369	0.00703	0.01107	0.01349	0.14018	0.04413	0.71008	0.01166	0.00557	0.00158	0.00237	0.00978	0.00448	0.00404
20	0.00946	0.02439	0.80987	0.01344	0.02041	0.01095	0.01742	0.01493	0.00995	0.01493	0.00846	0.00995	0.00597	0.00448	0.00448	0.00149	0.00697	0.00348	0.00199	0.00697
21	0.00890	0.00838	0.01414	0.82296	0.03247	0.01048	0.01309	0.01205	0.00943	0.01205	0.00838	0.01257	0.00629	0.00471	0.00471	0.00157	0.00629	0.00419	0.00210	0.00524
22	0.01167	0.01134	0.02008	0.12978	0.46217	0.01154	0.19138	0.07517	0.01155	0.01602	0.00915	0.01200	0.00728	0.00433	0.00488	0.00147	0.00620	0.00452	0.00250	0.00696
23	0.01404	0.00797	0.01102	0.02773	0.14630	0.00765	0.00773	0.03752	0.09439	0.33295	0.04410	0.16816	0.04864	0.00758	0.00501	0.00154	0.00396	0.00660	0.00462	0.02249
24	0.00841	0.00559	0.00786	0.00750	0.02957	0.00509	0.04274	0.01024	0.01189	0.11125	0.37655	0.20855	0.13579	0.01020	0.00554	0.00159	0.00294	0.00908	0.00477	0.00485
25	0.01245	0.18825	0.20860	0.01334	0.12553	0.02419	0.07214	0.06879	0.02349	0.09802	0.03824	0.01163	0.00864	0.00466	0.00428	0.00130	0.00551	0.00387	0.00290	0.08418
26	0.01296	0.01269	0.13073	0.02259	0.08067	0.10696	0.02254	0.06638	0.01198	0.15271	0.03585	0.01453	0.06965	0.00526	0.00440	0.00124	0.00500	0.00426	0.00342	0.23618

[dist]
# distance from previous block
# <min> <max>
1	8

[block]
# block no. 1 follows, 54 sequences, length 21
# corresponding to MSA columns:
# 167-180,182-188
name=unknown_B
#
# <colnr> <probs for GDERKNQSTAVLIFYWHMCP>
#	G	D	E	R	K	N	Q	S	T	A	V	L	I	F	Y	W	H	M	C	P
0	0.05144	0.45951	0.11937	0.02717	0.03002	0.15569	0.03610	0.02952	0.01062	0.03167	0.00748	0.00866	0.00624	0.00434	0.00364	0.00118	0.00594	0.00299	0.00229	0.00613
1	0.06119	0.09055	0.01623	0.18064	0.25921	0.24642	0.02913	0.01550	0.03310	0.01364	0.00827	0.01051	0.00674	0.00455	0.00433	0.00136	0.00643	0.00367	0.00239	0.00614
2	0.00695	0.00539	0.00687	0.00656	0.00796	0.00508	0.02251	0.00964	0.05958	0.01683	0.46253	0.03833	0.21370	0.01029	0.00564	0.00161	0.00276	0.10843	0.00481	0.00455
3	0.00987	0.00962	0.01343	0.01163	0.01169	0.01328	0.00958	0.01089	0.00723	0.01119	0.00713	0.01205	0.00720	0.05675	0.07251	0.00259	0.72190	0.00435	0.00214	0.00496
4	0.00665	0.00592	0.05136	0.00616	0.00768	0.00474	0.00503	0.00888	0.01272	0.01765	0.63093	0.03550	0.16966	0.00973	0.00550	0.00150	0.00252	0.00848	0.00487	0.00451
5	0.05725	0.00807	0.01077	0.00830	0.01191	0.00709	0.00685	0.02259	0.01326	0.77459	0.01809	0.01569	0.01139	0.00577	0.00466	0.00146	0.00400	0.00465	0.00571	0.00790
6	0.80695	0.01020	0.06368	0.00671	0.00992	0.01060	0.00598	0.01394	0.00816	0.02071	0.00670	0.00782	0.00517	0.00438	0.00303	0.00146	0.00388	0.00262	0.00285	0.00524
7	0.86760	0.00912	0.00693	0.00620	0.00912	0.01058	0.00511	0.01386	0.00802	0.02115	0.00657	0.00766	0.00511	0.00438	0.00292	0.00146	0.00365	0.00255	0.00292	0.00511
8	0.01217	0.61832	0.15117	0.00992	0.01442	0.04573	0.06472	0.01449	0.00989	0.01201	0.00710	0.00835	0.00612	0.00413	0.00348	0.00114	0.00568	0.00291	0.00205	0.00620
9	0.01032	0.01032	0.01444	0.01238	0.01238	0.01444	0.01032	0.01135	0.00722	0.01135	0.00619	0.01032	0.00619	0.00825	0.01547	0.00206	0.82567	0.00413	0.00206	0.00516
10	0.01153	0.01055	0.01623	0.12035	0.34075	0.01125	0.08627	0.01808	0.28009	0.03678	0.01266	0.01403	0.00977	0.00504	0.00481	0.00151	0.00523	0.00473	0.00324	0.00709
11	0.86760	0.00912	0.00693	0.00620	0.00912	0.01058	0.00511	0.01386	0.00802	0.02115	0.00657	0.00766	0.00511	0.00438	0.00292	0.00146	0.00365	0.00255	0.00292	0.00511
12	0.00557	0.00478	0.00478	0.00478	0.00637	0.00398	0.00358	0.00677	0.01075	0.01274	0.04776	0.04538	0.80297	0.01194	0.00557	0.00159	0.00239	0.00995	0.00438	0.00398
13	0.00625	0.00480	0.00572	0.00549	0.00679	0.00427	0.00412	0.00808	0.01235	0.01654	0.51315	0.03911	0.33521	0.01052	0.00557	0.00152	0.00229	0.00907	0.00488	0.00427
14	0.00557	0.00478	0.00478	0.00478	0.00637	0.00398	0.00358	0.00677	0.01075	0.01274	0.04776	0.04538	0.80297	0.01194	0.00557	0.00159	0.00239	0.00995	0.00438	0.00398
15	0.01761	0.02247	0.01336	0.01215	0.01458	0.81537	0.00911	0.01883	0.01336	0.01154	0.00729	0.00850	0.00607	0.00486	0.00425	0.00121	0.00850	0.00304	0.00243	0.00547
16	0.01167	0.01120	0.01914	0.02894	0.80488	0.01120	0.01447	0.01447	0.01074	0.01540	0.00887	0.01167	0.00747	0.00420	0.00467	0.00140	0.00560	0.00420	0.00233	0.00747
17	0.01033	0.15916	0.23491	0.01296	0.01731	0.01188	0.23850	0.01463	0.07379	0.01490	0.10305	0.01441	0.01181	0.02308	0.00555	0.00153	0.03848	0.00477	0.00274	0.00621
18	0.01243	0.00828	0.03490	0.00943	0.06552	0.02327	0.00706	0.01683	0.18203	0.24439	0.11574	0.08147	0.12165	0.00805	0.00512	0.00157	0.00374	0.04746	0.00473	0.00633
19	0.01272	0.00968	0.03140	0.00860	0.01116	0.08972	0.02867	0.11753	0.10404	0.16892	0.27880	0.02314	0.08059	0.00741	0.00505	0.00147	0.00407	0.00621	0.00470	0.00613
20	0.01537	0.10586	0.06900	0.01059	0.04910	0.07141	0.02714	0.15411	0.07659	0.25092	0.02804	0.01371	0.01012	0.00841	0.08643	0.00201	0.00586	0.00433	0.00401	0.00697

[dist]
# distance from previous block
# <min> <max>
1	12

[block]
# block no. 2 follows, 54 sequences, length 39
# corresponding to MSA columns:
# 201-239
name=unknown_C
#
# <colnr> <probs for GDERKNQSTAVLIFYWHMCP>
#	G	D	E	R	K	N	Q	S	T	A	V	L	I	F	Y	W	H	M	C	P
0	0.34861	0.07962	0.11696	0.02804	0.01262	0.01146	0.01999	0.13929	0.04495	0.03251	0.08895	0.01217	0.01035	0.00534	0.00428	0.00145	0.03026	0.00384	0.00331	0.00601
1	0.01142	0.14410	0.21666	0.01002	0.01378	0.09855	0.06381	0.01429	0.01156	0.10089	0.19614	0.01773	0.04636	0.00608	0.00459	0.00138	0.00517	0.00501	0.02650	0.00596
2	0.01243	0.07079	0.02174	0.04174	0.04350	0.09483	0.03494	0.17713	0.11693	0.06587	0.08276	0.08323	0.10408	0.00772	0.01981	0.00158	0.00482	0.00595	0.00398	0.00617
3	0.03162	0.01238	0.17438	0.03737	0.07024	0.03316	0.05535	0.06116	0.11458	0.08743	0.05429	0.04772	0.07518	0.00682	0.01615	0.00161	0.06462	0.00527	0.02228	0.02840
4	0.01019	0.00805	0.00971	0.00723	0.01090	0.00643	0.01933	0.04219	0.01097	0.05897	0.11224	0.01469	0.03893	0.00478	0.00398	0.00091	0.00346	0.00398	0.00339	0.62967
5	0.01652	0.00795	0.00999	0.00767	0.01113	0.00690	0.00624	0.06393	0.01261	0.46158	0.01520	0.01440	0.01034	0.00519	0.00424	0.00122	0.00372	0.00418	0.11556	0.22144
6	0.01136	0.09847	0.11487	0.01563	0.03540	0.02915	0.35937	0.01435	0.00995	0.04039	0.00849	0.01125	0.00679	0.00522	0.00764	0.00162	0.21702	0.00453	0.00233	0.00615
7	0.00891	0.00532	0.00749	0.00733	0.00859	0.00482	0.04034	0.01015	0.01028	0.16254	0.05575	0.53986	0.09555	0.01215	0.00570	0.00177	0.00316	0.01092	0.00459	0.00477
8	0.03118	0.01068	0.01326	0.01043	0.01356	0.01144	0.10833	0.43863	0.04737	0.02386	0.01294	0.01543	0.01006	0.00585	0.00461	0.00143	0.00480	0.04990	0.17950	0.00677
9	0.00577	0.00419	0.00545	0.00640	0.00681	0.00387	0.00432	0.00669	0.00936	0.01240	0.06291	0.73403	0.09176	0.01432	0.00596	0.00187	0.00269	0.01291	0.00441	0.00387
10	0.01007	0.01873	0.45997	0.01655	0.09219	0.01101	0.25827	0.01470	0.01053	0.01519	0.04144	0.01201	0.00806	0.00451	0.00488	0.00151	0.00696	0.00441	0.00228	0.00672
11	0.00686	0.00457	0.00514	0.00514	0.00514	0.00457	0.00286	0.00686	0.00686	0.00914	0.01486	0.03086	0.01714	0.83430	0.02400	0.00457	0.00457	0.00686	0.00286	0.00286
12	0.00888	0.00800	0.01321	0.57773	0.05512	0.00946	0.04537	0.02712	0.00976	0.01295	0.01140	0.06124	0.03349	0.00714	0.04727	0.00187	0.00607	0.00502	0.05370	0.00520
13	0.00667	0.00482	0.00630	0.00593	0.00704	0.00445	0.00445	0.00890	0.01335	0.01891	0.80239	0.03522	0.04449	0.00964	0.00556	0.00148	0.00222	0.00853	0.00519	0.00445
14	0.00684	0.00464	0.00551	0.00551	0.00564	0.00477	0.00331	0.00709	0.00697	0.00941	0.01452	0.02900	0.01634	0.71424	0.14296	0.00502	0.00578	0.00659	0.00281	0.00306
15	0.00574	0.00410	0.00547	0.00657	0.00684	0.00383	0.00438	0.00657	0.00903	0.01204	0.02599	0.83122	0.03119	0.01477	0.00602	0.00191	0.00274	0.01340	0.00438	0.00383
16	0.00662	0.00482	0.00624	0.00588	0.00701	0.00443	0.00441	0.00880	0.01323	0.01864	0.76920	0.03567	0.07785	0.00974	0.00556	0.00149	0.00223	0.00859	0.00515	0.00443
17	0.01736	0.09034	0.01489	0.01096	0.01438	0.23590	0.00892	0.50649	0.01860	0.02302	0.00978	0.01020	0.00730	0.00529	0.00444	0.00132	0.00609	0.00376	0.00384	0.00714
18	0.18822	0.00925	0.01074	0.00917	0.04808	0.04378	0.00709	0.04747	0.02833	0.53740	0.01503	0.01372	0.00986	0.00543	0.00436	0.00145	0.00425	0.00420	0.00489	0.00730
19	0.01287	0.01437	0.05686	0.01607	0.04987	0.18785	0.40395	0.01608	0.02671	0.06865	0.06195	0.01334	0.00975	0.00490	0.00547	0.00150	0.03585	0.00494	0.00283	0.00620
20	0.01286	0.01138	0.01125	0.00992	0.01270	0.07069	0.00775	0.11088	0.65181	0.02025	0.01743	0.01622	0.01307	0.00620	0.00475	0.00155	0.00424	0.00504	0.00462	0.00738
21	0.70896	0.01086	0.09049	0.00882	0.07574	0.01067	0.00714	0.01402	0.00845	0.02004	0.00695	0.00823	0.00539	0.00437	0.00322	0.00146	0.00415	0.00278	0.00277	0.00549
22	0.01191	0.06028	0.03410	0.02149	0.47431	0.02921	0.07020	0.08365	0.07757	0.01646	0.01199	0.03289	0.04459	0.00511	0.00471	0.00143	0.00543	0.00474	0.00287	0.00705
23	0.01025	0.01023	0.01443	0.04916	0.01329	0.01426	0.01044	0.01138	0.00732	0.01138	0.00629	0.01042	0.00619	0.00809	0.01499	0.00204	0.78848	0.00413	0.00206	0.00516
24	0.01253	0.01040	0.01102	0.00961	0.01240	0.01187	0.00756	0.15583	0.62533	0.02126	0.03773	0.01760	0.03258	0.00648	0.00482	0.00156	0.00391	0.00533	0.00478	0.00740
25	0.01075	0.01189	0.02482	0.12294	0.02466	0.01158	0.62733	0.01444	0.01072	0.01459	0.00923	0.01249	0.00700	0.00419	0.00570	0.00156	0.03511	0.00522	0.00235	0.04343
26	0.00946	0.02439	0.80987	0.01344	0.02041	0.01095	0.01742	0.01493	0.00995	0.01493	0.00846	0.00995	0.00597	0.00448	0.00448	0.00149	0.00697	0.00348	0.00199	0.00697
27	0.01733	0.06094	0.01591	0.01137	0.01526	0.01319	0.10488	0.51480	0.01856	0.16174	0.01208	0.01209	0.00843	0.00539	0.00473	0.00142	0.00532	0.00439	0.00446	0.00770
28	0.00890	0.00838	0.01414	0.82296	0.03247	0.01048	0.01309	0.01205	0.00943	0.01205	0.00838	0.01257	0.00629	0.00471	0.00471	0.00157	0.00629	0.00419	0.00210	0.00524
29	0.04898	0.00965	0.01127	0.04609	0.07056	0.01070	0.00801	0.02236	0.51660	0.14818	0.01766	0.01667	0.02704	0.00612	0.00488	0.00156	0.01682	0.00505	0.00454	0.00726
30	0.00574	0.00414	0.00544	0.00647	0.00681	0.00384	0.00434	0.00658	0.00911	0.01207	0.02709	0.79132	0.07037	0.01463	0.00600	0.00190	0.00272	0.01323	0.00438	0.00384
31	0.00980	0.01009	0.03279	0.40340	0.12976	0.03991	0.18164	0.01275	0.00997	0.01304	0.01003	0.06015	0.00864	0.05085	0.00601	0.00172	0.00636	0.00511	0.00237	0.00561
32	0.00685	0.00459	0.00523	0.00523	0.00526	0.00462	0.00296	0.00691	0.00688	0.00921	0.01478	0.03042	0.01695	0.80631	0.05172	0.00468	0.00485	0.00679	0.00285	0.00290
33	0.00811	0.00412	0.00608	0.00608	0.00608	0.00412	0.00402	0.00618	0.00618	0.00825	0.00858	0.01531	0.00872	0.06472	0.01876	0.81209	0.00412	0.00426	0.00210	0.00210
34	0.00686	0.00457	0.00514	0.00514	0.00514	0.00457	0.00286	0.00686	0.00686	0.00914	0.01486	0.03086	0.01714	0.83430	0.02400	0.00457	0.00457	0.00686	0.00286	0.00286
35	0.01047	0.00892	0.01354	0.27319	0.24942	0.00957	0.01083	0.07123	0.04445	0.04324	0.06219	0.02799	0.07073	0.00615	0.00490	0.00151	0.00503	0.05047	0.00315	0.03302
36	0.01199	0.21292	0.15548	0.00942	0.01387	0.08675	0.02597	0.05888	0.01096	0.03903	0.00836	0.00950	0.00670	0.00413	0.00378	0.00105	0.00516	0.00308	0.00263	0.33035
37	0.01188	0.02871	0.04207	0.05857	0.02986	0.07216	0.08522	0.13680	0.15467	0.03943	0.02329	0.06281	0.02728	0.00804	0.00744	0.15627	0.01814	0.00508	0.00340	0.02888
38	0.00701	0.00566	0.01646	0.00746	0.02317	0.02464	0.02623	0.00864	0.02168	0.01377	0.10872	0.45589	0.08723	0.01186	0.00559	0.00172	0.00319	0.07640	0.06031	0.03435

[dist]
# distance from previous block
# <min> <max>
0	17

[block]
# block no. 3 follows, 54 sequences, length 55
# corresponding to MSA columns:
# 260-282,293-324
name=unknown_D
#
# <colnr> <probs for GDERKNQSTAVLIFYWHMCP>
#	G	D	E	R	K	N	Q	S	T	A	V	L	I	F	Y	W	H	M	C	P
0	0.05805	0.12991	0.18034	0.00990	0.01355	0.07139	0.00952	0.13464	0.04304	0.13458	0.02166	0.01394	0.01879	0.05636	0.00637	0.01678	0.04954	0.02188	0.00336	0.00640
1	0.02562	0.06289	0.51954	0.02790	0.08610	0.05335	0.05494	0.03304	0.02324	0.01519	0.03674	0.02314	0.00807	0.00482	0.00451	0.00146	0.00649	0.00395	0.00234	0.00669
2	0.01072	0.01099	0.01868	0.16228	0.11308	0.04858	0.27917	0.01367	0.02445	0.01382	0.00905	0.01236	0.00730	0.00564	0.01785	0.00169	0.18048	0.00465	0.05968	0.00585
3	0.01544	0.00832	0.01040	0.00784	0.01167	0.00696	0.00636	0.01815	0.06417	0.40086	0.01407	0.01335	0.00976	0.00482	0.00419	0.00113	0.00376	0.00391	0.00441	0.39043
4	0.05785	0.01052	0.01320	0.01083	0.01330	0.01216	0.06530	0.22021	0.19901	0.07972	0.01238	0.01348	0.00953	0.00875	0.07637	0.00214	0.18017	0.00459	0.00380	0.00668
5	0.00751	0.00827	0.13085	0.00733	0.00965	0.00582	0.02368	0.01041	0.03797	0.03801	0.44967	0.03196	0.20254	0.00901	0.00535	0.00151	0.00322	0.00779	0.00446	0.00497
6	0.02115	0.00802	0.01094	0.00839	0.01204	0.00693	0.00693	0.02298	0.01350	0.80815	0.01860	0.01605	0.01167	0.00584	0.00474	0.00146	0.00401	0.00474	0.00584	0.00802
7	0.01113	0.01272	0.02782	0.01987	0.02464	0.01192	0.78776	0.01510	0.01113	0.01510	0.00954	0.01272	0.00715	0.00397	0.00556	0.00159	0.00795	0.00556	0.00238	0.00636
8	0.03231	0.38001	0.32201	0.01025	0.01527	0.03546	0.01146	0.01572	0.02630	0.09838	0.00885	0.00962	0.00677	0.00448	0.00383	0.00127	0.00570	0.00320	0.00251	0.00660
9	0.00686	0.00457	0.00514	0.00514	0.00514	0.00457	0.00286	0.00686	0.00686	0.00914	0.01486	0.03086	0.01714	0.83430	0.02400	0.00457	0.00457	0.00686	0.00286	0.00286
10	0.00686	0.00457	0.00514	0.00514	0.00514	0.00457	0.00286	0.00686	0.00686	0.00914	0.01486	0.03086	0.01714	0.83430	0.02400	0.00457	0.00457	0.00686	0.00286	0.00286
11	0.06720	0.00933	0.01526	0.51417	0.27819	0.01072	0.01300	0.01294	0.00975	0.01373	0.00842	0.01195	0.00659	0.00453	0.00458	0.00151	0.00589	0.00408	0.00223	0.00594
12	0.00975	0.10048	0.73635	0.01294	0.01963	0.01167	0.01655	0.01486	0.00992	0.01457	0.00828	0.00973	0.00598	0.00444	0.00434	0.00145	0.00679	0.00339	0.00199	0.00688
13	0.00574	0.00410	0.00547	0.00657	0.00684	0.00383	0.00438	0.00657	0.00903	0.01204	0.02599	0.83122	0.03119	0.01477	0.00602	0.00191	0.00274	0.01340	0.00438	0.00383
14	0.00688	0.00488	0.00629	0.00590	0.00709	0.00447	0.00444	0.00902	0.01318	0.03360	0.73695	0.03553	0.09457	0.00972	0.00555	0.00149	0.00227	0.00855	0.00515	0.00449
15	0.01695	0.01251	0.01371	0.01073	0.01414	0.01402	0.00883	0.63289	0.09488	0.05921	0.01203	0.01205	0.00865	0.00591	0.00544	0.00148	0.05985	0.00436	0.00459	0.00777
16	0.00978	0.00838	0.00978	0.00698	0.01117	0.00629	0.00559	0.01187	0.00978	0.01536	0.00838	0.00978	0.00698	0.00349	0.00349	0.00070	0.00349	0.00279	0.00279	0.86312
17	0.01154	0.01301	0.02440	0.01979	0.12582	0.08316	0.58162	0.01497	0.01118	0.01469	0.00998	0.04848	0.00816	0.00456	0.00535	0.00155	0.00746	0.00551	0.00247	0.00631
18	0.01122	0.27240	0.43904	0.01178	0.03696	0.03631	0.01322	0.04784	0.06304	0.01461	0.00869	0.00979	0.00669	0.00452	0.00406	0.00134	0.00609	0.00335	0.00232	0.00673
19	0.00686	0.00457	0.00514	0.00514	0.00514	0.00457	0.00286	0.00686	0.00686	0.00914	0.01486	0.03086	0.01714	0.83430	0.02400	0.00457	0.00457	0.00686	0.00286	0.00286
20	0.00978	0.00838	0.00978	0.00698	0.01117	0.00629	0.00559	0.01187	0.00978	0.01536	0.00838	0.00978	0.00698	0.00349	0.00349	0.00070	0.00349	0.00279	0.00279	0.86312
21	0.00932	0.00881	0.01490	0.70319	0.14899	0.01059	0.01330	0.01241	0.00963	0.01255	0.00845	0.01243	0.00646	0.00464	0.00471	0.00155	0.00618	0.00419	0.00213	0.00557
22	0.01261	0.83713	0.02471	0.00807	0.01210	0.01866	0.00807	0.01412	0.00958	0.01109	0.00656	0.00756	0.00605	0.00403	0.00303	0.00101	0.00504	0.00252	0.00202	0.00605
23	0.00674	0.00505	0.00758	0.00758	0.00842	0.00589	0.00589	0.00842	0.00758	0.01095	0.01263	0.01852	0.01179	0.03536	0.81561	0.00758	0.01263	0.00505	0.00253	0.00421
24	0.00667	0.00482	0.00630	0.00593	0.00704	0.00445	0.00445	0.00890	0.01335	0.01891	0.80239	0.03522	0.04449	0.00964	0.00556	0.00148	0.00222	0.00853	0.00519	0.00445
25	0.81078	0.01001	0.00736	0.00660	0.00948	0.06438	0.00537	0.01419	0.00838	0.02051	0.00661	0.00772	0.00517	0.00441	0.00301	0.00144	0.00397	0.00259	0.00289	0.00513
26	0.00685	0.00459	0.00526	0.00526	0.00529	0.00463	0.00300	0.00693	0.00689	0.00923	0.01475	0.03029	0.01689	0.79734	0.06061	0.00471	0.00494	0.00677	0.00284	0.00292
27	0.00557	0.00478	0.00478	0.00478	0.00637	0.00398	0.00358	0.00677	0.01075	0.01274	0.04776	0.04538	0.80297	0.01194	0.00557	0.00159	0.00239	0.00995	0.00438	0.00398
28	0.01167	0.01116	0.01878	0.02811	0.77092	0.01123	0.01417	0.01492	0.04440	0.01559	0.00931	0.01192	0.00777	0.00430	0.00467	0.00141	0.00552	0.00425	0.00244	0.00747
29	0.01143	0.01083	0.01813	0.02697	0.72882	0.01089	0.01373	0.01464	0.04367	0.01564	0.03004	0.01370	0.00926	0.00468	0.00475	0.00143	0.00540	0.02613	0.00257	0.00730
30	0.00565	0.00470	0.00493	0.00505	0.00646	0.00398	0.00372	0.00684	0.01066	0.01295	0.08108	0.14081	0.67261	0.01218	0.00563	0.00163	0.00242	0.01030	0.00442	0.00398
31	0.00739	0.00536	0.00730	0.00828	0.00941	0.00528	0.00718	0.00946	0.01084	0.01397	0.02734	0.05237	0.10811	0.01291	0.00641	0.00211	0.00414	0.69349	0.00435	0.00430
32	0.01167	0.01120	0.01914	0.02894	0.80488	0.01120	0.01447	0.01447	0.01074	0.01540	0.00887	0.01167	0.00747	0.00420	0.00467	0.00140	0.00560	0.00420	0.00233	0.00747
33	0.00590	0.00431	0.00598	0.00689	0.00727	0.00403	0.02058	0.00681	0.00911	0.01215	0.02563	0.79696	0.03060	0.01451	0.00602	0.00191	0.00288	0.03024	0.00434	0.00389
34	0.00714	0.00512	0.00705	0.00806	0.00899	0.00503	0.00673	0.00901	0.01056	0.01382	0.05279	0.21290	0.04683	0.01324	0.00636	0.00208	0.00389	0.57181	0.00438	0.00423
35	0.01069	0.01202	0.02602	0.01880	0.02320	0.01127	0.72445	0.01441	0.01096	0.01486	0.01087	0.07886	0.00910	0.00485	0.00560	0.00162	0.00753	0.00620	0.00255	0.00615
36	0.01237	0.01361	0.01449	0.05723	0.12935	0.24291	0.01052	0.01382	0.00967	0.01205	0.00769	0.03829	0.00721	0.00673	0.00979	0.00169	0.40060	0.00415	0.00229	0.00554
37	0.18014	0.02802	0.07978	0.10993	0.35269	0.10395	0.01160	0.03180	0.01060	0.01600	0.02844	0.01100	0.00752	0.00456	0.00426	0.00141	0.00564	0.00376	0.00253	0.00639
38	0.00685	0.00517	0.00761	0.00755	0.00831	0.00605	0.00581	0.00840	0.00752	0.01083	0.01260	0.01913	0.01199	0.08914	0.73890	0.00722	0.03510	0.00515	0.00254	0.00414
39	0.01216	0.08213	0.01418	0.02603	0.09320	0.11487	0.05333	0.07645	0.10482	0.02568	0.01064	0.02685	0.01931	0.00558	0.01899	0.00135	0.06006	0.00399	0.00302	0.24736
40	0.01306	0.10378	0.16757	0.01207	0.03297	0.02291	0.11070	0.21539	0.17241	0.04200	0.03283	0.01281	0.00961	0.00521	0.00460	0.00143	0.00547	0.00438	0.00354	0.02726
41	0.00573	0.00465	0.00508	0.00525	0.00653	0.00400	0.00383	0.00696	0.01070	0.01329	0.12711	0.19566	0.57030	0.01223	0.00566	0.00164	0.00244	0.01046	0.00447	0.00400
42	0.01075	0.03998	0.05349	0.13494	0.35772	0.02499	0.16369	0.02813	0.02578	0.01478	0.02485	0.06755	0.02156	0.00524	0.00490	0.00149	0.00590	0.00516	0.00260	0.00649
43	0.01166	0.00973	0.01512	0.13529	0.42349	0.01009	0.01156	0.10515	0.01187	0.06179	0.01281	0.09912	0.02910	0.00605	0.00487	0.00150	0.00511	0.02345	0.01557	0.00667
44	0.00582	0.00442	0.00536	0.00590	0.00671	0.00396	0.00413	0.00695	0.01018	0.01320	0.13888	0.46639	0.28478	0.01315	0.00581	0.00175	0.00255	0.01161	0.00449	0.00396
45	0.00949	0.02380	0.77660	0.01339	0.02007	0.01110	0.01712	0.01478	0.00984	0.01478	0.00837	0.00997	0.00598	0.00464	0.00494	0.00152	0.04121	0.00351	0.00199	0.00689
46	0.00626	0.00475	0.00577	0.00563	0.00682	0.00425	0.00418	0.00805	0.01219	0.01645	0.50733	0.10553	0.27403	0.01077	0.00560	0.00155	0.00232	0.00937	0.00487	0.00425
47	0.00954	0.02236	0.70601	0.01277	0.01915	0.01079	0.01600	0.01562	0.08498	0.01531	0.01083	0.01190	0.03413	0.00492	0.00455	0.00151	0.00650	0.00388	0.00234	0.00691
48	0.00579	0.00416	0.00550	0.00656	0.00690	0.00388	0.00443	0.00665	0.00913	0.01211	0.02671	0.78427	0.05757	0.01463	0.00602	0.00191	0.00276	0.03279	0.00438	0.00385
49	0.01101	0.01068	0.02889	0.39656	0.28627	0.06454	0.01270	0.01480	0.07843	0.03655	0.00970	0.01249	0.00752	0.00473	0.00467	0.00149	0.00593	0.00422	0.00254	0.00630
50	0.01000	0.01097	0.02256	0.05090	0.04827	0.01033	0.57950	0.01337	0.01097	0.01454	0.01675	0.01890	0.15867	0.00553	0.00550	0.00158	0.00674	0.00630	0.00275	0.00590
51	0.00632	0.00728	0.12676	0.00735	0.00884	0.00495	0.00625	0.00795	0.00956	0.01285	0.05854	0.57564	0.12458	0.01265	0.00571	0.00179	0.00331	0.01127	0.00405	0.00435
52	0.10313	0.09578	0.55748	0.01233	0.01822	0.01145	0.07016	0.01480	0.00995	0.03336	0.02685	0.01041	0.00700	0.00454	0.00429	0.00145	0.00632	0.00359	0.00228	0.00660
53	0.03576	0.01730	0.40947	0.03023	0.05151	0.01071	0.13433	0.09734	0.01159	0.06574	0.01032	0.01258	0.00770	0.00559	0.02377	0.00164	0.00646	0.02373	0.03749	0.00675
54	0.10323	0.00949	0.01068	0.00848	0.01193	0.00940	0.02495	0.12636	0.20835	0.10196	0.02652	0.01306	0.01005	0.00502	0.00414	0.00123	0.00392	0.00401	0.02244	0.29477

[dist]
# distance from previous block
# <min> <max>
12	76

[block]
# block no. 4 follows, 54 sequences, length 55
# corresponding to MSA columns:
# 460-514
name=unknown_E
#
# <colnr> <probs for GDERKNQSTAVLIFYWHMCP>
#	G	D	E	R	K	N	Q	S	T	A	V	L	I	F	Y	W	H	M	C	P
0	0.01148	0.01662	0.23607	0.02897	0.10964	0.11796	0.32036	0.01567	0.04274	0.01473	0.00973	0.01275	0.00763	0.00465	0.00498	0.00151	0.00718	0.02842	0.00243	0.00650
1	0.01023	0.00901	0.03551	0.01222	0.13316	0.00870	0.08515	0.09788	0.10430	0.03598	0.27963	0.02305	0.07209	0.00716	0.00537	0.00149	0.02291	0.01736	0.00408	0.03470
2	0.00831	0.00623	0.00804	0.00688	0.00897	0.00556	0.03821	0.01102	0.05941	0.06310	0.38662	0.05058	0.16861	0.00850	0.00513	0.00139	0.00292	0.00741	0.00452	0.14859
3	0.00852	0.01461	0.37850	0.00964	0.01406	0.00781	0.01064	0.01192	0.01007	0.01468	0.08035	0.08790	0.07269	0.04231	0.00546	0.00151	0.00491	0.02388	0.00292	0.19762
4	0.00569	0.00430	0.00526	0.00603	0.00670	0.00387	0.00414	0.00663	0.00954	0.01225	0.03249	0.59654	0.26167	0.01393	0.00589	0.00182	0.00263	0.01237	0.00438	0.00387
5	0.01273	0.01040	0.01109	0.00966	0.01241	0.01182	0.00758	0.20179	0.55787	0.02149	0.01786	0.07612	0.01415	0.00684	0.00487	0.00158	0.00400	0.00567	0.00475	0.00732
6	0.00963	0.01378	0.28266	0.05079	0.02746	0.00899	0.12405	0.03088	0.06112	0.04012	0.06839	0.10048	0.05905	0.00637	0.00488	0.00148	0.00532	0.00569	0.00311	0.09574
7	0.01018	0.02067	0.58797	0.01512	0.06960	0.01086	0.14372	0.01500	0.01024	0.03959	0.00913	0.01119	0.00669	0.02341	0.00513	0.00157	0.00690	0.00399	0.00222	0.00684
8	0.01120	0.01072	0.01829	0.16443	0.67308	0.01108	0.01424	0.01406	0.01051	0.01483	0.00879	0.01182	0.00727	0.00429	0.00468	0.00143	0.00572	0.00420	0.00229	0.00709
9	0.00652	0.00479	0.00611	0.00590	0.00702	0.00438	0.00442	0.00854	0.01275	0.01770	0.65452	0.08158	0.13019	0.01027	0.00561	0.00154	0.00232	0.02646	0.00503	0.00436
10	0.00573	0.00415	0.00542	0.00643	0.00680	0.00384	0.00432	0.00658	0.00915	0.01209	0.02759	0.77328	0.08809	0.01456	0.00599	0.00189	0.00271	0.01315	0.00438	0.00384
11	0.00998	0.15853	0.68028	0.01255	0.01904	0.01222	0.01588	0.01480	0.00989	0.01430	0.00815	0.00956	0.00599	0.00441	0.00424	0.00141	0.00665	0.00333	0.00200	0.00682
12	0.00614	0.00452	0.00580	0.00660	0.00730	0.00421	0.00483	0.00736	0.00990	0.01294	0.07853	0.48859	0.16094	0.02657	0.00629	0.00192	0.00298	0.15619	0.00440	0.00398
13	0.00572	0.00482	0.00498	0.00506	0.00662	0.00409	0.00388	0.00699	0.01076	0.01284	0.04608	0.04595	0.74577	0.01202	0.00564	0.00163	0.00253	0.06622	0.00438	0.00401
14	0.00946	0.02439	0.80987	0.01344	0.02041	0.01095	0.01742	0.01493	0.00995	0.01493	0.00846	0.00995	0.00597	0.00448	0.00448	0.00149	0.00697	0.00348	0.00199	0.00697
15	0.01690	0.01438	0.01615	0.01245	0.01616	0.14592	0.13990	0.49092	0.01840	0.06579	0.01074	0.01134	0.00775	0.00525	0.00478	0.00141	0.00614	0.00429	0.00401	0.00732
16	0.01958	0.00860	0.01103	0.00854	0.01194	0.00799	0.00696	0.14447	0.01439	0.62460	0.01716	0.01638	0.01149	0.06689	0.00616	0.00168	0.00424	0.00482	0.00544	0.00764
17	0.00674	0.00505	0.00758	0.00758	0.00842	0.00589	0.00589	0.00842	0.00758	0.01095	0.01263	0.01852	0.01179	0.03536	0.81561	0.00758	0.01263	0.00505	0.00253	0.00421
18	0.00978	0.00838	0.00978	0.00698	0.01117	0.00629	0.00559	0.01187	0.00978	0.01536	0.00838	0.00978	0.00698	0.00349	0.00349	0.00070	0.00349	0.00279	0.00279	0.86312
19	0.01740	0.02212	0.01339	0.01215	0.01451	0.79202	0.00915	0.01861	0.01318	0.01153	0.00726	0.00856	0.00608	0.00496	0.00458	0.00124	0.03232	0.00307	0.00242	0.00546
20	0.01014	0.00837	0.00981	0.00703	0.01120	0.00631	0.00563	0.01223	0.00990	0.04072	0.00871	0.00998	0.00713	0.00357	0.00353	0.00072	0.00351	0.00286	0.00289	0.83577
21	0.00604	0.00464	0.00553	0.00564	0.00674	0.00413	0.00410	0.00755	0.01136	0.01497	0.33510	0.22254	0.33126	0.01170	0.00567	0.00162	0.00240	0.01020	0.00469	0.00413
22	0.01255	0.01038	0.01087	0.00955	0.01227	0.02939	0.00748	0.10638	0.62699	0.04605	0.06118	0.01763	0.01509	0.00644	0.00482	0.00156	0.00392	0.00532	0.00479	0.00733
23	0.00694	0.00556	0.00643	0.00581	0.00763	0.00486	0.00442	0.00922	0.04496	0.01607	0.36327	0.03451	0.32565	0.00945	0.00522	0.00141	0.00254	0.00807	0.00451	0.13348
24	0.01000	0.09888	0.30966	0.01331	0.06318	0.01074	0.16113	0.03312	0.02682	0.02376	0.07444	0.01682	0.06927	0.00636	0.02213	0.00162	0.01917	0.03056	0.00277	0.00624
25	0.01247	0.75121	0.06836	0.00858	0.01263	0.03496	0.00868	0.01419	0.00962	0.01133	0.00667	0.00779	0.00605	0.00419	0.00348	0.00107	0.02802	0.00263	0.00203	0.00607
26	0.00620	0.00455	0.00548	0.00599	0.00664	0.00424	0.00417	0.00711	0.00928	0.01197	0.05371	0.33247	0.22118	0.20938	0.01024	0.00248	0.00325	0.09391	0.00404	0.00371
27	0.01686	0.00785	0.01039	0.00831	0.01113	0.00749	0.00677	0.07474	0.01363	0.51522	0.19344	0.01959	0.01838	0.00686	0.00572	0.00151	0.06427	0.00551	0.00533	0.00701
28	0.01181	0.01180	0.06864	0.15411	0.43506	0.02980	0.03070	0.05835	0.10028	0.03803	0.01032	0.01243	0.00807	0.00469	0.00469	0.00146	0.00565	0.00430	0.00278	0.00704
29	0.01227	0.26820	0.25015	0.01029	0.01467	0.01200	0.05445	0.04110	0.02903	0.14014	0.02958	0.09631	0.01071	0.00580	0.00433	0.00139	0.00528	0.00472	0.00311	0.00648
30	0.13222	0.01027	0.01139	0.01015	0.01117	0.11236	0.00821	0.01216	0.00835	0.03109	0.00832	0.01195	0.00759	0.01419	0.21786	0.00328	0.37797	0.00402	0.00244	0.00501
31	0.53753	0.03661	0.01073	0.01112	0.14159	0.14427	0.00751	0.03527	0.00978	0.01854	0.00719	0.00855	0.00576	0.00445	0.00348	0.00139	0.00486	0.00295	0.00276	0.00566
32	0.00801	0.00410	0.00609	0.00617	0.00619	0.00408	0.00412	0.00617	0.00636	0.00847	0.00950	0.07456	0.00989	0.01626	0.01751	0.79935	0.00399	0.00478	0.00222	0.00218
33	0.01306	0.32408	0.22191	0.01007	0.01466	0.01419	0.01042	0.21260	0.01301	0.04194	0.00938	0.03706	0.00760	0.00495	0.00401	0.00127	0.00539	0.00366	0.00294	0.04783
34	0.01053	0.03764	0.35592	0.01468	0.16480	0.00987	0.05485	0.02215	0.02189	0.05661	0.02061	0.02372	0.04340	0.00508	0.00455	0.00139	0.00566	0.02197	0.00268	0.12201
35	0.01396	0.11110	0.24709	0.01276	0.07432	0.02377	0.08401	0.13236	0.01270	0.19065	0.01172	0.04494	0.00879	0.00526	0.00458	0.00143	0.00567	0.00441	0.00341	0.00708
36	0.01359	0.29174	0.24483	0.01000	0.01456	0.01232	0.02831	0.04230	0.02520	0.21161	0.01159	0.05473	0.00901	0.00528	0.00418	0.00135	0.00526	0.00411	0.00324	0.00679
37	0.00654	0.00481	0.00612	0.00579	0.00696	0.00439	0.00434	0.00864	0.01303	0.01815	0.71013	0.03646	0.13722	0.00992	0.00556	0.00150	0.00224	0.00870	0.00509	0.00439
38	0.01252	0.01163	0.15877	0.07298	0.14557	0.00923	0.03304	0.09278	0.04857	0.18071	0.03589	0.10905	0.03997	0.00706	0.01942	0.00164	0.00511	0.00567	0.00372	0.00667
39	0.03184	0.14810	0.09777	0.02203	0.08138	0.07015	0.07619	0.03308	0.03236	0.15561	0.01422	0.09024	0.05884	0.00636	0.00531	0.00147	0.06029	0.00518	0.00331	0.00626
40	0.01089	0.00779	0.01082	0.01206	0.17662	0.00815	0.00780	0.01337	0.05425	0.14566	0.09371	0.02247	0.17855	0.00848	0.03362	0.00175	0.12943	0.00599	0.07273	0.00584
41	0.00597	0.00437	0.00555	0.00634	0.00690	0.00405	0.00442	0.00697	0.00951	0.01245	0.06329	0.56659	0.15106	0.06109	0.00700	0.00202	0.00289	0.07136	0.00432	0.00386
42	0.01202	0.03394	0.21043	0.01414	0.16520	0.08141	0.04196	0.06524	0.03615	0.10572	0.01490	0.09890	0.05977	0.00653	0.00485	0.00151	0.00548	0.03207	0.00329	0.00649
43	0.01320	0.03337	0.27934	0.01128	0.03443	0.03493	0.02894	0.20464	0.07687	0.12102	0.02629	0.02651	0.07623	0.00593	0.00472	0.00147	0.00537	0.00477	0.00369	0.00700
44	0.00574	0.00410	0.00547	0.00657	0.00684	0.00383	0.00438	0.00657	0.00903	0.01204	0.02599	0.83122	0.03119	0.01477	0.00602	0.00191	0.00274	0.01340	0.00438	0.00383
45	0.01078	0.01487	0.19328	0.04384	0.13259	0.01157	0.49230	0.01489	0.01077	0.01502	0.00918	0.01198	0.00692	0.00414	0.00518	0.00154	0.00736	0.00489	0.00228	0.00661
46	0.01180	0.02873	0.39470	0.01571	0.17705	0.03171	0.02785	0.12304	0.08391	0.03552	0.01031	0.01182	0.00773	0.00489	0.00460	0.00147	0.00608	0.01305	0.00283	0.00719
47	0.01112	0.03226	0.01789	0.23196	0.56826	0.01129	0.01383	0.03084	0.01062	0.01474	0.00874	0.01179	0.00714	0.00436	0.00464	0.00143	0.00575	0.00416	0.00232	0.00687
48	0.76497	0.00987	0.00867	0.00779	0.03122	0.04066	0.04969	0.01413	0.00847	0.02030	0.00682	0.00808	0.00532	0.00437	0.00316	0.00146	0.00412	0.00278	0.00285	0.00525
49	0.00587	0.00428	0.00548	0.00625	0.00675	0.00394	0.00425	0.00687	0.00965	0.01281	0.11819	0.62545	0.11725	0.04128	0.00652	0.00192	0.00270	0.01224	0.00442	0.00389
50	0.00720	0.00568	0.00660	0.00622	0.00772	0.00552	0.00471	0.01097	0.14186	0.01733	0.46359	0.03513	0.25013	0.00974	0.00544	0.00153	0.00252	0.00839	0.00490	0.00482
51	0.01087	0.01038	0.01775	0.15825	0.60095	0.01068	0.03777	0.01371	0.01059	0.01483	0.02671	0.01405	0.02283	0.00476	0.00479	0.00146	0.00563	0.02467	0.00245	0.00686
52	0.01848	0.00885	0.01111	0.00867	0.01215	0.00828	0.00707	0.16401	0.03961	0.53104	0.01696	0.06429	0.01192	0.00619	0.00472	0.00143	0.00411	0.00505	0.00528	0.07079
53	0.00732	0.00525	0.00725	0.00820	0.00923	0.00518	0.00699	0.00935	0.01088	0.01425	0.08298	0.11723	0.04950	0.01289	0.00638	0.00208	0.00400	0.63233	0.00441	0.00430
54	0.09395	0.20360	0.42512	0.01111	0.01650	0.01325	0.01274	0.14243	0.01170	0.01711	0.00832	0.00942	0.00624	0.00456	0.00404	0.00137	0.00592	0.00330	0.00254	0.00676

[dist]
# distance from previous block
# <min> <max>
0	1

[block]
# block no. 5 follows, 54 sequences, length 8
# corresponding to MSA columns:
# 517-524
name=unknown_F
#
# <colnr> <probs for GDERKNQSTAVLIFYWHMCP>
#	G	D	E	R	K	N	Q	S	T	A	V	L	I	F	Y	W	H	M	C	P
0	0.00977	0.10240	0.11411	0.01096	0.04005	0.03661	0.00948	0.01219	0.04868	0.01218	0.00963	0.03627	0.00901	0.05299	0.17772	0.00306	0.30265	0.00449	0.00241	0.00535
1	0.56577	0.05101	0.06776	0.00808	0.01124	0.15855	0.00700	0.01543	0.04960	0.01840	0.00748	0.00849	0.00587	0.00456	0.00338	0.00140	0.00485	0.00285	0.00282	0.00547
2	0.01626	0.00846	0.01150	0.00910	0.01219	0.00800	0.06368	0.15633	0.01429	0.42222	0.08996	0.10063	0.05123	0.00719	0.00504	0.00151	0.00415	0.00617	0.00511	0.00697
3	0.00680	0.00480	0.00630	0.00630	0.00671	0.00520	0.00431	0.00760	0.00720	0.01000	0.01379	0.02497	0.01459	0.45304	0.40176	0.00601	0.00842	0.00600	0.00270	0.00350
4	0.01042	0.00886	0.00947	0.00861	0.01095	0.00995	0.00666	0.02101	0.61034	0.01890	0.12852	0.02280	0.09840	0.00740	0.00498	0.00158	0.00339	0.00623	0.00481	0.00670
5	0.00890	0.00838	0.01414	0.82296	0.03247	0.01048	0.01309	0.01205	0.00943	0.01205	0.00838	0.01257	0.00629	0.00471	0.00471	0.00157	0.00629	0.00419	0.00210	0.00524
6	0.00886	0.00760	0.01320	0.01055	0.01311	0.00698	0.25355	0.01134	0.01169	0.06677	0.21271	0.03159	0.22370	0.00859	0.00563	0.00163	0.00445	0.09889	0.00403	0.00515
7	0.05149	0.00834	0.01189	0.00996	0.01132	0.00979	0.07011	0.01211	0.01012	0.10672	0.20578	0.02031	0.08875	0.00812	0.00951	0.00174	0.34926	0.00584	0.00354	0.00531

[dist]
# distance from previous block
# <min> <max>
1	5

[block]
# block no. 6 follows, 54 sequences, length 49
# corresponding to MSA columns:
# 532-580
name=unknown_G
#
# <colnr> <probs for GDERKNQSTAVLIFYWHMCP>
#	G	D	E	R	K	N	Q	S	T	A	V	L	I	F	Y	W	H	M	C	P
0	0.01163	0.01059	0.01251	0.01318	0.16421	0.09119	0.04145	0.07846	0.22661	0.03763	0.11019	0.04177	0.08472	0.00677	0.00527	0.00150	0.03204	0.00572	0.00388	0.02069
1	0.01153	0.20657	0.23324	0.01473	0.03948	0.03425	0.29740	0.03659	0.01070	0.02726	0.00855	0.01058	0.00663	0.00440	0.00498	0.00143	0.03880	0.00410	0.00230	0.00648
2	0.00681	0.00560	0.00610	0.00588	0.00748	0.00530	0.00443	0.01015	0.13473	0.01530	0.22479	0.06900	0.46590	0.01062	0.00547	0.00158	0.00257	0.00901	0.00464	0.00463
3	0.01125	0.01172	0.02243	0.03505	0.30032	0.01149	0.41026	0.01567	0.08829	0.01557	0.01088	0.01338	0.02145	0.00444	0.00516	0.00152	0.00658	0.00511	0.00263	0.00680
4	0.00632	0.00481	0.00582	0.00556	0.00683	0.00430	0.00417	0.00822	0.01252	0.01694	0.56217	0.03845	0.28594	0.01037	0.00556	0.00152	0.00228	0.00898	0.00493	0.00430
5	0.00667	0.00482	0.00630	0.00593	0.00704	0.00445	0.00445	0.00890	0.01335	0.01891	0.80239	0.03522	0.04449	0.00964	0.00556	0.00148	0.00222	0.00853	0.00519	0.00445
6	0.01158	0.01119	0.01935	0.04898	0.75482	0.01121	0.04440	0.01443	0.01072	0.01531	0.00888	0.01173	0.00743	0.00421	0.00470	0.00141	0.00571	0.00425	0.00233	0.00737
7	0.01128	0.01266	0.02710	0.01942	0.02412	0.01197	0.75162	0.03106	0.03183	0.01552	0.00983	0.01282	0.00736	0.00407	0.00553	0.00159	0.00778	0.00553	0.00249	0.00642
8	0.00754	0.00541	0.00752	0.00857	0.00967	0.00539	0.00749	0.00968	0.01085	0.01407	0.02560	0.05297	0.04888	0.01299	0.00649	0.00215	0.00429	0.75175	0.00434	0.00433
9	0.00978	0.00838	0.00978	0.00698	0.01117	0.00629	0.00559	0.01187	0.00978	0.01536	0.00838	0.00978	0.00698	0.00349	0.00349	0.00070	0.00349	0.00279	0.00279	0.86312
10	0.01234	0.01032	0.01238	0.01211	0.10017	0.01150	0.03944	0.04194	0.61900	0.06017	0.01745	0.01651	0.01304	0.00601	0.00481	0.00157	0.00416	0.00516	0.00448	0.00746
11	0.00654	0.00495	0.00621	0.00687	0.00799	0.00461	0.00554	0.00815	0.01060	0.01346	0.06311	0.18488	0.29538	0.01282	0.00607	0.00190	0.00331	0.34910	0.00439	0.00413
12	0.01460	0.00696	0.00876	0.00722	0.00980	0.00640	0.00578	0.06390	0.03261	0.39997	0.18968	0.02313	0.10041	0.00725	0.00484	0.00144	0.00332	0.00604	0.10148	0.00641
13	0.03841	0.01371	0.01412	0.02687	0.04828	0.08200	0.00919	0.65750	0.02035	0.02703	0.01070	0.01103	0.00773	0.00548	0.00463	0.00140	0.00547	0.00410	0.00433	0.00766
14	0.01831	0.08283	0.01399	0.01050	0.03276	0.15804	0.00839	0.31779	0.01643	0.27536	0.01247	0.01202	0.00866	0.00540	0.00450	0.00136	0.00541	0.00404	0.00438	0.00738
15	0.01097	0.01050	0.01781	0.22039	0.59788	0.01111	0.01403	0.01380	0.01033	0.01449	0.00868	0.01185	0.00715	0.00443	0.00496	0.00146	0.02682	0.00420	0.00227	0.00687
16	0.01113	0.01272	0.02782	0.01987	0.02464	0.01192	0.78776	0.01510	0.01113	0.01510	0.00954	0.01272	0.00715	0.00397	0.00556	0.00159	0.00795	0.00556	0.00238	0.00636
17	0.00978	0.00838	0.00978	0.00698	0.01117	0.00629	0.00559	0.01187	0.00978	0.01536	0.00838	0.00978	0.00698	0.00349	0.00349	0.00070	0.00349	0.00279	0.00279	0.86312
18	0.01291	0.01072	0.01133	0.00984	0.01271	0.01228	0.00775	0.17125	0.64823	0.02164	0.01768	0.01639	0.01317	0.00626	0.00478	0.00156	0.00401	0.00512	0.00478	0.00757
19	0.00557	0.00478	0.00478	0.00478	0.00637	0.00398	0.00358	0.00677	0.01075	0.01274	0.04776	0.04538	0.80297	0.01194	0.00557	0.00159	0.00239	0.00995	0.00438	0.00398
20	0.02115	0.00802	0.01094	0.00839	0.01204	0.00693	0.00693	0.02298	0.01350	0.80815	0.01860	0.01605	0.01167	0.00584	0.00474	0.00146	0.00401	0.00474	0.00584	0.00802
21	0.00576	0.00478	0.00504	0.00497	0.00648	0.00406	0.00373	0.00713	0.01119	0.01379	0.17711	0.04364	0.67297	0.01155	0.00557	0.00157	0.00236	0.00971	0.00452	0.00406
22	0.00565	0.00478	0.00488	0.00486	0.00642	0.00401	0.00364	0.00691	0.01093	0.01317	0.10012	0.04467	0.75035	0.01178	0.00557	0.00158	0.00238	0.00985	0.00443	0.00401
23	0.01173	0.01013	0.01066	0.00960	0.01226	0.01173	0.00746	0.02505	0.79636	0.01972	0.01919	0.01759	0.01439	0.00640	0.00480	0.00160	0.00373	0.00533	0.00480	0.00746
24	0.02115	0.00802	0.01094	0.00839	0.01204	0.00693	0.00693	0.02298	0.01350	0.80815	0.01860	0.01605	0.01167	0.00584	0.00474	0.00146	0.00401	0.00474	0.00584	0.00802
25	0.00983	0.01050	0.02184	0.04895	0.02051	0.00997	0.56706	0.01294	0.01037	0.01399	0.01253	0.14283	0.01174	0.07590	0.00716	0.00189	0.00678	0.00685	0.00273	0.00562
26	0.00675	0.00501	0.00737	0.00737	0.00814	0.00578	0.00564	0.00829	0.00752	0.01079	0.01282	0.01957	0.01224	0.10291	0.74868	0.00732	0.01195	0.00520	0.00255	0.00410
27	0.00896	0.00490	0.00505	0.00496	0.00618	0.00507	0.00375	0.01208	0.07629	0.01750	0.01560	0.01762	0.01227	0.00673	0.03490	0.00139	0.00273	0.00450	0.75488	0.00465
28	0.00946	0.02439	0.80987	0.01344	0.02041	0.01095	0.01742	0.01493	0.00995	0.01493	0.00846	0.00995	0.00597	0.00448	0.00448	0.00149	0.00697	0.00348	0.00199	0.00697
