[name]
unknown

[dist]
# distance from previous block
# <min> <max>
0	494

[block]
# block no. 0 follows, 56 sequences, length 31
# corresponding to MSA columns:
# 616-646
name=unknown_A
#
# <colnr> <probs for GDERKNQSTAVLIFYWHMCP>
#	G	D	E	R	K	N	Q	S	T	A	V	L	I	F	Y	W	H	M	C	P
0	0.01011	0.00838	0.02326	0.10939	0.11132	0.03525	0.00787	0.01220	0.01002	0.07899	0.04491	0.06455	0.01221	0.03421	0.02137	0.00147	0.02086	0.07586	0.00311	0.31465
1	0.08969	0.00933	0.04756	0.02116	0.07311	0.02332	0.02587	0.01241	0.01900	0.02687	0.05776	0.01127	0.00900	0.00407	0.00372	0.00095	0.00390	0.00333	0.00284	0.55483
2	0.02622	0.05505	0.03402	0.00922	0.04606	0.05642	0.00722	0.13344	0.16186	0.09288	0.09080	0.05266	0.07397	0.00665	0.00458	0.00137	0.00410	0.03588	0.00401	0.10358
3	0.06025	0.27738	0.29615	0.01169	0.05600	0.07830	0.06026	0.03337	0.02870	0.01383	0.00851	0.04061	0.00712	0.00466	0.00396	0.00130	0.00585	0.00360	0.00229	0.00619
4	0.71655	0.00878	0.00799	0.07109	0.03064	0.01004	0.01749	0.01320	0.00817	0.01929	0.00730	0.00959	0.00594	0.00454	0.00319	0.00143	0.00388	0.02953	0.00280	0.02856
5	0.00712	0.00448	0.00640	0.00640	0.00676	0.00483	0.00452	0.00707	0.00672	0.00931	0.01108	0.01877	0.01114	0.17973	0.36675	0.33094	0.00768	0.00490	0.00234	0.00306
6	0.01436	0.00860	0.01087	0.00804	0.01190	0.00727	0.03044	0.08785	0.01200	0.30953	0.01212	0.01199	0.00858	0.00445	0.00402	0.00104	0.00387	0.00363	0.00397	0.44548
7	0.00771	0.00593	0.00713	0.00657	0.00804	0.00598	0.00500	0.03022	0.17233	0.01863	0.60534	0.03060	0.06100	0.00873	0.00525	0.00147	0.00253	0.00762	0.00494	0.00499
8	0.00624	0.00472	0.00583	0.00627	0.00734	0.00435	0.00489	0.00776	0.01057	0.01365	0.16748	0.18508	0.29602	0.02721	0.00610	0.00180	0.00295	0.23338	0.00436	0.00401
9	0.00721	0.00493	0.00623	0.00595	0.00713	0.00457	0.00443	0.00929	0.03186	0.05890	0.53564	0.10354	0.12124	0.05219	0.00633	0.00166	0.00252	0.02720	0.00479	0.00441
10	0.00806	0.00426	0.00621	0.00617	0.00630	0.00435	0.00419	0.00680	0.03764	0.00852	0.00857	0.01424	0.00835	0.01628	0.04846	0.79884	0.00429	0.00407	0.00212	0.00228
11	0.00633	0.00445	0.00497	0.00507	0.00540	0.00427	0.00306	0.00663	0.00761	0.00985	0.02169	0.11041	0.17065	0.59972	0.01822	0.00364	0.00387	0.00787	0.00321	0.00308
12	0.01000	0.00987	0.01364	0.01157	0.01194	0.01333	0.00962	0.01110	0.00726	0.01141	0.00622	0.01000	0.00610	0.00761	0.01399	0.00189	0.75400	0.00390	0.00207	0.08449
13	0.29536	0.00984	0.03420	0.00767	0.01120	0.00955	0.00642	0.14945	0.08422	0.04266	0.00933	0.00998	0.00714	0.00441	0.00360	0.00117	0.00388	0.00319	0.00333	0.30341
14	0.87108	0.00888	0.00675	0.00604	0.00888	0.01030	0.00497	0.01350	0.00781	0.02060	0.00639	0.00746	0.00497	0.00426	0.00284	0.00142	0.00355	0.00249	0.00284	0.00497
15	0.02980	0.53647	0.01953	0.00893	0.01225	0.22236	0.00800	0.04707	0.01077	0.01196	0.00775	0.02934	0.00716	0.00472	0.00349	0.00111	0.00568	0.02559	0.00232	0.00571
16	0.00661	0.00445	0.00513	0.00518	0.00523	0.00447	0.00299	0.00673	0.00682	0.00913	0.01497	0.07356	0.01722	0.75947	0.05624	0.00443	0.00469	0.00695	0.00285	0.00289
17	0.01341	0.06752	0.01289	0.03306	0.05792	0.18929	0.03090	0.23151	0.09378	0.03395	0.09953	0.05091	0.05302	0.00627	0.00460	0.00137	0.00516	0.00503	0.00371	0.00617
18	0.10527	0.01104	0.01075	0.11950	0.01421	0.13725	0.00782	0.10544	0.25709	0.04089	0.08492	0.01565	0.04055	0.00598	0.00469	0.00146	0.02301	0.00467	0.00374	0.00606
19	0.79188	0.08566	0.00834	0.00621	0.00915	0.01102	0.00524	0.01352	0.00795	0.01969	0.00639	0.00745	0.00506	0.00423	0.00285	0.00138	0.00368	0.00248	0.00276	0.00506
20	0.01582	0.03285	0.01224	0.00979	0.01291	0.10538	0.00786	0.30679	0.25186	0.15928	0.01423	0.02785	0.01041	0.00578	0.00455	0.00141	0.00476	0.00451	0.00448	0.00724
21	0.01124	0.00847	0.00992	0.00729	0.01121	0.00692	0.00586	0.05620	0.05311	0.10105	0.00994	0.01066	0.00773	0.00391	0.00366	0.00084	0.00356	0.00313	0.00324	0.68206
22	0.03244	0.01071	0.01035	0.00928	0.03806	0.17199	0.00693	0.10059	0.07039	0.22779	0.02701	0.01828	0.07226	0.11585	0.02652	0.00195	0.03146	0.01828	0.00393	0.00594
23	0.00893	0.14382	0.06718	0.00837	0.01085	0.03662	0.07690	0.05182	0.04184	0.01330	0.02246	0.05189	0.23973	0.09721	0.02687	0.00195	0.00462	0.08740	0.00332	0.00492
24	0.00692	0.00420	0.00557	0.00570	0.00616	0.00396	0.00390	0.00638	0.00789	0.01025	0.07476	0.14346	0.18887	0.04274	0.01275	0.46030	0.00332	0.00696	0.00306	0.00285
25	0.01448	0.35921	0.08424	0.01030	0.01367	0.42292	0.00913	0.01613	0.01122	0.01133	0.00690	0.00802	0.00590	0.00437	0.00367	0.00112	0.00677	0.00279	0.00216	0.00568
26	0.08138	0.00784	0.00920	0.00691	0.01049	0.00644	0.00553	0.01367	0.01024	0.18280	0.05400	0.01264	0.00992	0.03095	0.00436	0.00106	0.00348	0.00353	0.00348	0.54207
27	0.01025	0.00791	0.00939	0.05273	0.01038	0.00905	0.00626	0.20542	0.06889	0.01519	0.01234	0.02005	0.01200	0.36773	0.06283	0.00317	0.11300	0.00534	0.00321	0.00486
28	0.01055	0.00941	0.01647	0.02730	0.05934	0.00938	0.31488	0.01489	0.13208	0.08491	0.10455	0.01936	0.08652	0.00711	0.03376	0.00175	0.04149	0.01678	0.00347	0.00597
29	0.00619	0.00441	0.00554	0.00618	0.00665	0.00421	0.00431	0.00706	0.00879	0.01155	0.04677	0.39666	0.09789	0.23401	0.01056	0.00256	0.00335	0.13584	0.00388	0.00359
30	0.00926	0.00621	0.00726	0.00651	0.00807	0.04942	0.00498	0.02413	0.01311	0.13226	0.62117	0.03001	0.05224	0.00858	0.00522	0.00143	0.00280	0.00744	0.00497	0.00493

[dist]
# distance from previous block
# <min> <max>
0	5

[block]
# block no. 1 follows, 56 sequences, length 72
# corresponding to MSA columns:
# 653-667,670-726
name=unknown_B
#
# <colnr> <probs for GDERKNQSTAVLIFYWHMCP>
#	G	D	E	R	K	N	Q	S	T	A	V	L	I	F	Y	W	H	M	C	P
0	0.00627	0.00471	0.00582	0.00567	0.00682	0.00430	0.00424	0.00825	0.02302	0.01644	0.54687	0.09883	0.21526	0.01031	0.00546	0.00152	0.00230	0.02488	0.00479	0.00422
1	0.00553	0.00447	0.00493	0.00525	0.00640	0.00386	0.00380	0.00662	0.01002	0.01235	0.05617	0.27839	0.54912	0.01241	0.00557	0.00165	0.00245	0.02287	0.00428	0.00385
2	0.00644	0.00466	0.00589	0.00566	0.00663	0.00432	0.00413	0.00823	0.01188	0.01654	0.61927	0.05219	0.09804	0.11239	0.00767	0.00185	0.00251	0.02295	0.00468	0.00409
3	0.00643	0.00469	0.00604	0.00570	0.00682	0.00430	0.00428	0.00853	0.01283	0.01802	0.75872	0.03493	0.09243	0.00953	0.00542	0.00145	0.00218	0.00839	0.00500	0.00430
4	0.01216	0.01023	0.01080	0.00949	0.01222	0.01176	0.00745	0.11884	0.70608	0.02040	0.01775	0.01638	0.01325	0.00614	0.00466	0.00154	0.00381	0.00506	0.00466	0.00733
5	0.00750	0.00512	0.00630	0.00585	0.00707	0.00474	0.00428	0.03342	0.01175	0.05767	0.47891	0.06871	0.12561	0.13430	0.00803	0.00191	0.00276	0.00799	0.00455	0.02353
6	0.05532	0.00902	0.01180	0.00902	0.01261	0.00854	0.04115	0.16907	0.01443	0.59559	0.01588	0.01426	0.01023	0.00551	0.00457	0.00142	0.00428	0.00447	0.00521	0.00762
7	0.00669	0.00482	0.00715	0.00715	0.00786	0.00553	0.00546	0.00793	0.00722	0.01034	0.01200	0.01819	0.01139	0.06724	0.71458	0.08404	0.01122	0.00491	0.00243	0.00385
8	0.00867	0.00816	0.01377	0.82762	0.03162	0.01020	0.01275	0.01173	0.00918	0.01173	0.00816	0.01224	0.00612	0.00459	0.00459	0.00153	0.00612	0.00408	0.00204	0.00510
9	0.00563	0.00402	0.00537	0.00643	0.00672	0.00376	0.00432	0.00646	0.00883	0.01176	0.02528	0.81989	0.03029	0.01435	0.00587	0.00187	0.00269	0.02846	0.00426	0.00374
10	0.12277	0.01974	0.01228	0.01104	0.01354	0.67265	0.00838	0.06341	0.01287	0.01343	0.00724	0.00834	0.00591	0.00472	0.00401	0.00122	0.00750	0.00297	0.00256	0.00543
11	0.00553	0.00466	0.00480	0.00476	0.00627	0.00392	0.00357	0.00680	0.01072	0.01301	0.12373	0.04318	0.73055	0.01140	0.00542	0.00154	0.00231	0.00955	0.00434	0.00392
12	0.00639	0.00441	0.00550	0.00605	0.00631	0.00432	0.00404	0.00701	0.00805	0.01068	0.01995	0.32719	0.02319	0.40983	0.01434	0.00314	0.00376	0.12894	0.00355	0.00335
13	0.87108	0.00888	0.00675	0.00604	0.00888	0.01030	0.00497	0.01350	0.00781	0.02060	0.00639	0.00746	0.00497	0.00426	0.00284	0.00142	0.00355	0.00249	0.00284	0.00497
14	0.00667	0.00446	0.00505	0.00505	0.00506	0.00447	0.00283	0.00670	0.00669	0.00893	0.01443	0.02983	0.01660	0.82448	0.03742	0.00450	0.00459	0.00665	0.00278	0.00281
15	0.00645	0.00435	0.00507	0.00530	0.00536	0.00430	0.00309	0.00662	0.00712	0.00950	0.01676	0.20046	0.01958	0.66429	0.01966	0.00390	0.00407	0.00802	0.00309	0.00298
16	0.01255	0.01032	0.01091	0.00946	0.01224	0.01181	0.00746	0.17704	0.62787	0.02109	0.01708	0.01592	0.01273	0.00607	0.00462	0.00151	0.00388	0.00496	0.02519	0.00730
17	0.01228	0.01029	0.01087	0.00952	0.01227	0.01182	0.00748	0.13457	0.69014	0.02060	0.01759	0.01626	0.01313	0.00613	0.00466	0.00153	0.00384	0.00504	0.00466	0.00734
18	0.08711	0.04101	0.00855	0.00792	0.00963	0.03048	0.00629	0.01395	0.20606	0.06467	0.03428	0.23749	0.02040	0.00969	0.00516	0.00172	0.00370	0.20246	0.00418	0.00524
19	0.01226	0.82413	0.02377	0.00789	0.01179	0.01803	0.00784	0.01397	0.02580	0.01098	0.00664	0.00757	0.00606	0.00398	0.00298	0.00099	0.00488	0.00251	0.00202	0.00592
20	0.39822	0.01179	0.02483	0.00823	0.01126	0.17268	0.00671	0.06206	0.04016	0.20901	0.01010	0.01018	0.00721	0.00484	0.00373	0.00138	0.00474	0.00330	0.00358	0.00601
21	0.00969	0.02077	0.67392	0.01217	0.01813	0.00993	0.01513	0.03057	0.01033	0.05354	0.05132	0.01355	0.00919	0.00516	0.00454	0.00149	0.00623	0.04531	0.00246	0.00659
22	0.01965	0.00812	0.01069	0.00825	0.01171	0.00730	0.00679	0.09069	0.01382	0.70705	0.03382	0.01631	0.03194	0.00589	0.00465	0.00142	0.00393	0.00478	0.00554	0.00764
23	0.01068	0.00889	0.01116	0.00816	0.01214	0.00744	0.06132	0.07105	0.05672	0.04296	0.00940	0.01048	0.00746	0.00383	0.00375	0.00087	0.00386	0.00322	0.00304	0.66356
24	0.87108	0.00888	0.00675	0.00604	0.00888	0.01030	0.00497	0.01350	0.00781	0.02060	0.00639	0.00746	0.00497	0.00426	0.00284	0.00142	0.00355	0.00249	0.00284	0.00497
25	0.01715	0.02188	0.01301	0.01183	0.01419	0.82022	0.00887	0.01833	0.01301	0.01124	0.00710	0.00828	0.00591	0.00473	0.00414	0.00118	0.00828	0.00296	0.00237	0.00532
26	0.00753	0.00542	0.00683	0.00668	0.00736	0.02614	0.00477	0.02581	0.00780	0.03560	0.01349	0.04513	0.01373	0.33105	0.43611	0.00565	0.00858	0.00573	0.00278	0.00383
27	0.87108	0.00888	0.00675	0.00604	0.00888	0.01030	0.00497	0.01350	0.00781	0.02060	0.00639	0.00746	0.00497	0.00426	0.00284	0.00142	0.00355	0.00249	0.00284	0.00497
28	0.00608	0.00437	0.00587	0.00690	0.00742	0.00416	0.00509	0.00725	0.00933	0.01229	0.02572	0.59548	0.05455	0.01383	0.00598	0.00192	0.00308	0.22254	0.00425	0.00387
29	0.00656	0.00469	0.00626	0.00709	0.00763	0.00465	0.00538	0.00776	0.00913	0.01206	0.02284	0.38198	0.02619	0.14448	0.00900	0.00238	0.01866	0.31552	0.00397	0.00380
30	0.01227	0.84142	0.02406	0.00786	0.01178	0.01817	0.00786	0.01375	0.00933	0.01080	0.00638	0.00736	0.00589	0.00393	0.00295	0.00098	0.00491	0.00245	0.00196	0.00589
31	0.01084	0.01238	0.02709	0.01935	0.02399	0.01161	0.79334	0.01471	0.01084	0.01471	0.00929	0.01238	0.00697	0.00387	0.00542	0.00155	0.00774	0.00542	0.00232	0.00619
32	0.01002	0.00804	0.01077	0.02411	0.01150	0.00806	0.10744	0.21819	0.02938	0.03103	0.23943	0.04269	0.22388	0.00811	0.00517	0.00148	0.00383	0.00708	0.00430	0.00549
33	0.04651	0.00785	0.01054	0.00810	0.01163	0.00686	0.00669	0.02210	0.01298	0.78905	0.01776	0.01538	0.01117	0.00564	0.00456	0.00142	0.00390	0.00455	0.00560	0.00773
34	0.01990	0.00820	0.01082	0.00833	0.01182	0.00739	0.00687	0.09520	0.01394	0.71639	0.03975	0.01572	0.01193	0.00577	0.00464	0.00142	0.00397	0.00468	0.00556	0.00771
35	0.00582	0.00419	0.00557	0.00659	0.00701	0.00393	0.00463	0.00680	0.00908	0.01200	0.02599	0.70503	0.05980	0.01406	0.00590	0.00188	0.00285	0.11081	0.00426	0.00380
36	0.01059	0.36942	0.04072	0.00873	0.01146	0.05139	0.06117	0.01265	0.03971	0.04282	0.02696	0.15066	0.01287	0.04513	0.04929	0.00180	0.02021	0.03623	0.00285	0.00533
37	0.00795	0.00400	0.00596	0.00596	0.00596	0.00400	0.00396	0.00599	0.00599	0.00799	0.00811	0.01428	0.00815	0.03261	0.01805	0.84897	0.00400	0.00404	0.00201	0.00201
38	0.00617	0.00477	0.00564	0.00542	0.00670	0.00429	0.00406	0.00814	0.02797	0.01600	0.48481	0.05109	0.33771	0.01027	0.00541	0.00149	0.00227	0.00885	0.00473	0.00421
39	0.02351	0.01082	0.01873	0.11855	0.51468	0.02584	0.14247	0.01376	0.01027	0.01442	0.00899	0.01262	0.00753	0.00449	0.00504	0.00145	0.03174	0.02616	0.00231	0.00661
40	0.03072	0.02456	0.05000	0.19247	0.26340	0.18522	0.07051	0.04451	0.02585	0.03905	0.00907	0.02772	0.00732	0.00469	0.00450	0.00139	0.00623	0.00408	0.00252	0.00618
41	0.01554	0.01901	0.01425	0.03026	0.15243	0.61812	0.02731	0.01709	0.01224	0.01196	0.00749	0.00916	0.00626	0.00511	0.01665	0.00134	0.02449	0.00328	0.00234	0.00565
42	0.00593	0.00475	0.00490	0.00481	0.00640	0.00398	0.00362	0.00716	0.01065	0.03705	0.07790	0.04289	0.75146	0.01135	0.00540	0.00154	0.00237	0.00948	0.00434	0.00401
43	0.01278	0.03047	0.16410	0.04702	0.22706	0.08306	0.12884	0.08045	0.01164	0.11086	0.01005	0.02802	0.00773	0.00483	0.00496	0.00143	0.03290	0.00427	0.00285	0.00670
44	0.00980	0.02654	0.02551	0.02608	0.01040	0.02798	0.00692	0.09375	0.06980	0.06465	0.03298	0.22677	0.07273	0.03500	0.08555	0.00231	0.16746	0.00705	0.00359	0.00514
45	0.00668	0.00445	0.00501	0.00501	0.00501	0.00445	0.00278	0.00668	0.00668	0.00890	0.01447	0.03004	0.01669	0.83866	0.02337	0.00445	0.00445	0.00668	0.00278	0.00278
46	0.58092	0.08053	0.04188	0.00770	0.01071	0.16985	0.00653	0.03066	0.00932	0.01789	0.00670	0.00777	0.00532	0.00436	0.00320	0.00134	0.00475	0.00265	0.00268	0.00525
47	0.87108	0.00888	0.00675	0.00604	0.00888	0.01030	0.00497	0.01350	0.00781	0.02060	0.00639	0.00746	0.00497	0.00426	0.00284	0.00142	0.00355	0.00249	0.00284	0.00497
48	0.01589	0.23484	0.01636	0.01032	0.01364	0.27458	0.02467	0.28092	0.02562	0.04880	0.00888	0.00946	0.00690	0.00482	0.00403	0.00122	0.00605	0.00337	0.00318	0.00646
49	0.01149	0.01154	0.13957	0.02631	0.03772	0.00865	0.00838	0.13736	0.04856	0.06312	0.00970	0.01060	0.00740	0.00420	0.00393	0.00104	0.00436	0.00335	0.00312	0.45960
50	0.06523	0.26273	0.07296	0.02697	0.09807	0.14318	0.03386	0.13598	0.02908	0.06488	0.00879	0.00981	0.00692	0.00502	0.01688	0.00134	0.00572	0.00339	0.00283	0.00636
51	0.01589	0.03634	0.01458	0.04674	0.09361	0.57152	0.05042	0.07690	0.01307	0.02798	0.00789	0.00928	0.00636	0.00468	0.00428	0.00125	0.00749	0.00335	0.00256	0.00580
52	0.00599	0.00469	0.00544	0.00530	0.00662	0.00414	0.00401	0.00766	0.01166	0.01528	0.40557	0.03975	0.42214	0.01060	0.00545	0.00152	0.00231	0.03314	0.00464	0.00410
53	0.00944	0.00660	0.00736	0.00677	0.00850	0.00698	0.00519	0.03192	0.27678	0.05043	0.24529	0.04345	0.04460	0.00723	0.00455	0.00140	0.00280	0.00613	0.22909	0.00549
54	0.00579	0.00447	0.00505	0.00539	0.00649	0.00389	0.00385	0.00686	0.00995	0.02708	0.05632	0.33631	0.48734	0.01248	0.00557	0.00166	0.00248	0.01081	0.00431	0.00390
55	0.02766	0.00543	0.00710	0.00719	0.00839	0.00548	0.00575	0.02450	0.00972	0.09075	0.03819	0.05844	0.07526	0.13282	0.17620	0.00334	0.00560	0.28566	0.02810	0.00439
56	0.87108	0.00888	0.00675	0.00604	0.00888	0.01030	0.00497	0.01350	0.00781	0.02060	0.00639	0.00746	0.00497	0.00426	0.00284	0.00142	0.00355	0.00249	0.00284	0.00497
57	0.00946	0.00924	0.01327	0.01143	0.01172	0.01254	0.03313	0.01065	0.00727	0.01113	0.00790	0.01201	0.02360	0.01189	0.13376	0.00278	0.66687	0.00431	0.00213	0.00490
58	0.36437	0.14524	0.05839	0.00847	0.01193	0.06508	0.00750	0.24157	0.01261	0.03513	0.00811	0.00881	0.00617	0.00463	0.00357	0.00132	0.00470	0.00308	0.00318	0.00612
59	0.01817	0.01021	0.01196	0.00933	0.01282	0.01050	0.00765	0.35244	0.10978	0.38461	0.01515	0.01384	0.01016	0.00567	0.00461	0.00142	0.00436	0.00448	0.00510	0.00775
60	0.87108	0.00888	0.00675	0.00604	0.00888	0.01030	0.00497	0.01350	0.00781	0.02060	0.00639	0.00746	0.00497	0.00426	0.00284	0.00142	0.00355	0.00249	0.00284	0.00497
61	0.15743	0.00818	0.01014	0.00792	0.01136	0.00760	0.00654	0.05018	0.01260	0.65588	0.01596	0.01414	0.01020	0.00545	0.00433	0.00142	0.00389	0.00426	0.00518	0.00736
62	0.00685	0.00602	0.03148	0.00614	0.00781	0.00537	0.00491	0.01019	0.12209	0.01557	0.30416	0.03624	0.37027	0.00992	0.00533	0.00154	0.00268	0.04430	0.00452	0.00462
63	0.01674	0.01218	0.01302	0.01006	0.01353	0.01345	0.00829	0.73235	0.02063	0.02799	0.01134	0.01151	0.00812	0.00550	0.00448	0.00135	0.00482	0.00414	0.07296	0.00753
64	0.00809	0.00507	0.00652	0.00594	0.00738	0.00457	0.00453	0.01010	0.01273	0.11416	0.62779	0.03312	0.12389	0.00918	0.00532	0.00145	0.00239	0.00801	0.00504	0.00470
65	0.66740	0.00873	0.00744	0.00656	0.00937	0.00988	0.00537	0.02673	0.07873	0.08841	0.00913	0.01011	0.00694	0.00475	0.00325	0.00143	0.00358	0.01587	0.03090	0.00543
66	0.00588	0.00413	0.00538	0.00626	0.00668	0.00382	0.00422	0.00673	0.00903	0.02579	0.04085	0.73227	0.08794	0.02980	0.00613	0.00188	0.00269	0.01244	0.00427	0.00380
67	0.01004	0.01004	0.01406	0.01205	0.01205	0.01406	0.01004	0.01105	0.00703	0.01105	0.00603	0.01004	0.00603	0.00804	0.01507	0.00201	0.83025	0.00402	0.00201	0.00502
68	0.00620	0.00448	0.00599	0.00697	0.00760	0.00427	0.00528	0.00747	0.00952	0.01246	0.02648	0.51071	0.08473	0.01360	0.00599	0.00193	0.00317	0.27497	0.00425	0.00391
69	0.00736	0.00584	0.00681	0.00680	0.00820	0.00589	0.00521	0.01156	0.19423	0.01543	0.20996	0.17110	0.21018	0.01046	0.00544	0.00166	0.00290	0.11163	0.00454	0.00479
70	0.01747	0.01395	0.01362	0.01068	0.01418	0.12000	0.00871	0.67765	0.02029	0.04188	0.01064	0.01075	0.00763	0.00541	0.00453	0.00135	0.00545	0.00399	0.00432	0.00748
71	0.17276	0.00943	0.03477	0.00875	0.03750	0.00824	0.06168	0.06866	0.02737	0.02880	0.00883	0.02532	0.00719	0.00410	0.00368	0.00103	0.00402	0.00331	0.00293	0.48164

[dist]
# distance from previous block
# <min> <max>
0	8

[block]
# block no. 2 follows, 56 sequences, length 15
# corresponding to MSA columns:
# 735-749
name=unknown_C
#
# <colnr> <probs for GDERKNQSTAVLIFYWHMCP>
#	G	D	E	R	K	N	Q	S	T	A	V	L	I	F	Y	W	H	M	C	P
0	0.02434	0.02001	0.06424	0.00828	0.02462	0.00569	0.06506	0.00821	0.00811	0.01128	0.03945	0.26980	0.01638	0.01523	0.11464	0.27627	0.00511	0.01658	0.00292	0.00378
1	0.01590	0.07190	0.01374	0.01001	0.01340	0.01363	0.00827	0.63864	0.06537	0.02586	0.01213	0.06832	0.00960	0.00605	0.00457	0.00139	0.00479	0.00469	0.00438	0.00735
2	0.01133	0.07330	0.11601	0.29181	0.15750	0.06899	0.05768	0.02570	0.01059	0.08714	0.04941	0.01254	0.00868	0.00475	0.00449	0.00141	0.00583	0.00414	0.00263	0.00608
3	0.53949	0.06066	0.09982	0.00926	0.03697	0.05288	0.07685	0.03881	0.00924	0.02953	0.00727	0.00853	0.00559	0.00430	0.00344	0.00139	0.00472	0.00300	0.00270	0.00555
4	0.07877	0.00709	0.01013	0.01314	0.24155	0.00715	0.00774	0.02933	0.03438	0.05175	0.01744	0.36535	0.01863	0.01043	0.03903	0.00188	0.00418	0.05314	0.00358	0.00530
5	0.00667	0.00448	0.00516	0.00516	0.00521	0.00453	0.00297	0.00677	0.00672	0.00901	0.01433	0.02928	0.01636	0.78767	0.07390	0.00464	0.00495	0.00656	0.00276	0.00287
6	0.01415	0.01218	0.01519	0.01204	0.01451	0.05812	0.09858	0.36717	0.03593	0.03747	0.00933	0.01097	0.00727	0.00613	0.00811	0.00160	0.27709	0.00422	0.00339	0.00655
7	0.04327	0.01053	0.01663	0.11196	0.55390	0.01096	0.01257	0.09306	0.01144	0.06306	0.00925	0.01151	0.00733	0.00446	0.00469	0.00140	0.02022	0.00407	0.00270	0.00700
8	0.01773	0.00718	0.00964	0.00764	0.01072	0.00622	0.00621	0.01947	0.01279	0.65714	0.09148	0.04666	0.07241	0.00673	0.00479	0.00145	0.00359	0.00560	0.00548	0.00708
9	0.00549	0.00461	0.00476	0.00481	0.00626	0.00389	0.00357	0.00668	0.01049	0.01266	0.08253	0.09019	0.72501	0.01168	0.00545	0.00156	0.00234	0.00982	0.00430	0.00389
10	0.01324	0.00686	0.00949	0.00803	0.01054	0.00622	0.05218	0.03093	0.03205	0.37006	0.07447	0.08226	0.16111	0.00845	0.00518	0.00158	0.00371	0.11280	0.00484	0.00600
11	0.00721	0.00520	0.00714	0.00812	0.00919	0.00514	0.00703	0.00921	0.01051	0.01359	0.02594	0.07294	0.08298	0.01265	0.00626	0.00207	0.00405	0.70235	0.00423	0.00419
12	0.07667	0.01258	0.01329	0.01025	0.01387	0.01396	0.00847	0.74051	0.02063	0.02836	0.01070	0.01078	0.00761	0.00542	0.00447	0.00138	0.00495	0.00402	0.00447	0.00761
13	0.80779	0.00896	0.00714	0.00627	0.00917	0.01028	0.00517	0.03940	0.00848	0.05385	0.00703	0.00791	0.00533	0.00436	0.00297	0.00142	0.00362	0.00263	0.00302	0.00518
14	0.09264	0.18704	0.01501	0.01089	0.05467	0.30807	0.00844	0.18512	0.06833	0.01657	0.00862	0.00939	0.00687	0.00476	0.00393	0.00124	0.00599	0.00328	0.00296	0.00618

[dist]
# distance from previous block
# <min> <max>
12	19

[block]
# block no. 3 follows, 56 sequences, length 14
# corresponding to MSA columns:
# 779-786,810,815-817,819,820
name=unknown_D
#
# <colnr> <probs for GDERKNQSTAVLIFYWHMCP>
#	G	D	E	R	K	N	Q	S	T	A	V	L	I	F	Y	W	H	M	C	P
0	0.07196	0.05547	0.04057	0.02298	0.05294	0.07375	0.04353	0.13413	0.07554	0.04596	0.02364	0.03630	0.04362	0.00538	0.00421	0.00123	0.00458	0.02913	0.00332	0.23176
1	0.00966	0.00651	0.00824	0.03077	0.03512	0.00659	0.00580	0.05808	0.09345	0.11929	0.20564	0.09986	0.09956	0.07915	0.08859	0.00233	0.01748	0.00692	0.00420	0.02277
2	0.00717	0.00496	0.00656	0.00723	0.05136	0.00454	0.00486	0.00863	0.01078	0.06764	0.27439	0.35038	0.16166	0.01120	0.00549	0.00162	0.00269	0.00993	0.00450	0.00441
3	0.01319	0.57255	0.04757	0.00835	0.01200	0.06211	0.00794	0.01534	0.04573	0.11627	0.00890	0.00961	0.00728	0.00601	0.04852	0.00145	0.00539	0.00306	0.00262	0.00610
4	0.01064	0.14226	0.08422	0.07306	0.12122	0.01102	0.15297	0.08983	0.01104	0.03201	0.02395	0.08665	0.06062	0.02306	0.00543	0.00152	0.03463	0.02709	0.00288	0.00590
5	0.00621	0.00473	0.00574	0.00588	0.00690	0.00440	0.00426	0.00826	0.05264	0.01485	0.33090	0.28921	0.22634	0.01135	0.00552	0.00161	0.00244	0.00998	0.00459	0.00418
6	0.09906	0.00847	0.01046	0.00820	0.01155	0.00806	0.00673	0.11807	0.03798	0.57935	0.05234	0.01518	0.01186	0.00571	0.00449	0.00142	0.00393	0.00454	0.00522	0.00737
7	0.05049	0.18418	0.22275	0.05120	0.06636	0.06213	0.01046	0.06299	0.06190	0.02845	0.06975	0.01308	0.03740	0.00568	0.01488	0.00144	0.04398	0.00403	0.00277	0.00609
8	0.01143	0.00987	0.04690	0.11310	0.20117	0.05883	0.04129	0.04779	0.06726	0.12007	0.03865	0.05128	0.07313	0.03746	0.05973	0.00195	0.00547	0.00528	0.00331	0.00604
9	0.00709	0.00494	0.00584	0.00573	0.00594	0.00517	0.00358	0.03492	0.00741	0.01002	0.01458	0.07968	0.01646	0.65957	0.09032	0.00435	0.03155	0.00676	0.00289	0.00321
10	0.52539	0.07421	0.04603	0.00743	0.01071	0.03683	0.00648	0.08595	0.01028	0.14657	0.00879	0.00921	0.00639	0.00460	0.00340	0.00138	0.00415	0.00303	0.00333	0.00585
11	0.00856	0.00428	0.00428	0.00428	0.00535	0.00428	0.00321	0.01070	0.00963	0.01712	0.01498	0.01712	0.01177	0.00535	0.00321	0.00107	0.00214	0.00428	0.86414	0.00428
12	0.00988	0.06763	0.00924	0.00749	0.00919	0.14202	0.00567	0.01150	0.03843	0.05635	0.06893	0.11254	0.08520	0.14703	0.09778	0.00251	0.02867	0.00602	0.00327	0.09065
13	0.00883	0.00868	0.03691	0.61095	0.05872	0.01008	0.01178	0.01226	0.05310	0.01264	0.04596	0.01428	0.03398	0.00531	0.00531	0.00155	0.05748	0.00449	0.00240	0.00528

[dist]
# distance from previous block
# <min> <max>
0	5

[block]
# block no. 4 follows, 56 sequences, length 15
# corresponding to MSA columns:
# 826-840
name=unknown_E
#
# <colnr> <probs for GDERKNQSTAVLIFYWHMCP>
#	G	D	E	R	K	N	Q	S	T	A	V	L	I	F	Y	W	H	M	C	P
0	0.00576	0.00409	0.00540	0.00639	0.00667	0.00386	0.00430	0.00656	0.00872	0.01161	0.02446	0.73864	0.02917	0.07517	0.00718	0.00207	0.00287	0.04926	0.00415	0.00368
1	0.00653	0.00495	0.00658	0.05711	0.00923	0.00482	0.00586	0.00817	0.01020	0.01320	0.09081	0.24515	0.19229	0.01213	0.00584	0.00184	0.00338	0.31363	0.00418	0.00409
2	0.03180	0.19332	0.31271	0.01231	0.04534	0.02720	0.10792	0.12463	0.04625	0.01603	0.00999	0.01112	0.03226	0.00468	0.00424	0.00135	0.00588	0.00382	0.00260	0.00654
3	0.00856	0.00428	0.00428	0.00428	0.00535	0.00428	0.00321	0.01070	0.00963	0.01712	0.01498	0.01712	0.01177	0.00535	0.00321	0.00107	0.00214	0.00428	0.86414	0.00428
4	0.00559	0.00400	0.00533	0.00639	0.00666	0.00373	0.00426	0.00639	0.00879	0.01172	0.02530	0.83566	0.03036	0.01438	0.00586	0.00186	0.00266	0.01305	0.00426	0.00373
5	0.00912	0.00875	0.01517	0.68245	0.12428	0.01037	0.06074	0.01219	0.00943	0.01230	0.00829	0.01214	0.00631	0.00449	0.00464	0.00151	0.00614	0.00416	0.00209	0.00543
6	0.01071	0.01176	0.03882	0.46843	0.12577	0.15892	0.07562	0.01349	0.01015	0.01236	0.00821	0.01147	0.00641	0.00515	0.02277	0.00157	0.00672	0.00398	0.00216	0.00553
7	0.00760	0.00515	0.00648	0.00647	0.02874	0.00468	0.00465	0.00954	0.02971	0.08712	0.39115	0.14557	0.23547	0.01012	0.00537	0.00153	0.00255	0.00881	0.00471	0.00459
8	0.04494	0.41522	0.09318	0.02542	0.02658	0.06391	0.03271	0.07242	0.01061	0.02803	0.00761	0.00873	0.00630	0.00411	0.00351	0.00108	0.00511	0.00293	0.00242	0.14518
9	0.15715	0.01967	0.00982	0.00783	0.01071	0.01932	0.03048	0.05165	0.06012	0.33513	0.10466	0.03843	0.02748	0.02640	0.02537	0.00161	0.00401	0.00491	0.00442	0.06082
10	0.01116	0.10545	0.13311	0.06716	0.27702	0.03430	0.11398	0.04806	0.02780	0.03752	0.01067	0.03917	0.02380	0.00501	0.00454	0.00140	0.00568	0.02845	0.00261	0.02309
11	0.00984	0.03136	0.00870	0.07924	0.01081	0.00726	0.00598	0.06497	0.11199	0.11613	0.06237	0.11873	0.18791	0.09945	0.02841	0.00200	0.02143	0.00699	0.00401	0.02242
12	0.00568	0.00411	0.00540	0.00639	0.00679	0.00383	0.00439	0.00658	0.00900	0.01188	0.02667	0.73848	0.08234	0.01410	0.00586	0.00186	0.00273	0.05589	0.00426	0.00377
13	0.00886	0.00557	0.00709	0.00686	0.00826	0.00529	0.00528	0.06774	0.01196	0.11589	0.26595	0.24991	0.09852	0.01063	0.00550	0.00165	0.00302	0.11253	0.00470	0.00481
14	0.01080	0.18659	0.26362	0.08917	0.12510	0.05525	0.08673	0.02863	0.04594	0.01376	0.00965	0.01132	0.03219	0.00462	0.00442	0.00136	0.01842	0.00383	0.00230	0.00630

[dist]
# distance from previous block
# <min> <max>
1	4

[block]
# block no. 5 follows, 56 sequences, length 18
# corresponding to MSA columns:
# 845-861,865
name=unknown_F
#
# <colnr> <probs for GDERKNQSTAVLIFYWHMCP>
#	G	D	E	R	K	N	Q	S	T	A	V	L	I	F	Y	W	H	M	C	P
0	0.08677	0.03846	0.06562	0.00904	0.01205	0.07460	0.00764	0.20557	0.16573	0.12818	0.02861	0.09961	0.04516	0.00662	0.00454	0.00146	0.00445	0.00529	0.00412	0.00649
1	0.03312	0.13670	0.12458	0.01023	0.03928	0.05210	0.06558	0.09399	0.03369	0.01541	0.00932	0.04669	0.00799	0.02111	0.00467	0.00122	0.02871	0.00381	0.00274	0.26909
2	0.00931	0.16354	0.03317	0.00785	0.02990	0.09966	0.01687	0.02274	0.01045	0.03572	0.08800	0.15195	0.21961	0.00967	0.03516	0.02676	0.00433	0.00688	0.00342	0.02499
3	0.04638	0.07490	0.19070	0.05345	0.01290	0.02312	0.03597	0.01260	0.01995	0.11297	0.11548	0.05505	0.08925	0.10036	0.00709	0.00180	0.03374	0.00558	0.00332	0.00540
4	0.01264	0.15501	0.15596	0.02546	0.01421	0.18039	0.02259	0.07333	0.15424	0.04107	0.01083	0.04724	0.00883	0.00527	0.00436	0.00131	0.01918	0.00400	0.00300	0.06106
5	0.00789	0.00402	0.00591	0.00591	0.00591	0.00402	0.00390	0.00603	0.00603	0.00804	0.00842	0.01506	0.00858	0.07265	0.01832	0.80702	0.00402	0.00417	0.00205	0.00205
6	0.53896	0.00880	0.00959	0.18956	0.09687	0.01016	0.00767	0.01325	0.03149	0.01774	0.00798	0.03598	0.00655	0.00470	0.00355	0.00146	0.00429	0.00342	0.00270	0.00526
7	0.00952	0.00816	0.00952	0.00680	0.01088	0.00612	0.00544	0.01156	0.00952	0.01496	0.00816	0.00952	0.00680	0.00340	0.00340	0.00068	0.00340	0.00272	0.00272	0.86672
8	0.00611	0.00483	0.00554	0.00563	0.00683	0.00442	0.00412	0.00817	0.05849	0.01424	0.24121	0.22128	0.37981	0.01134	0.00548	0.00159	0.00244	0.00982	0.00450	0.00417
9	0.00600	0.00471	0.00549	0.00545	0.00668	0.00424	0.00404	0.00774	0.02656	0.01463	0.32566	0.12539	0.39510	0.01179	0.03421	0.00175	0.00268	0.00928	0.00450	0.00410
10	0.01193	0.74933	0.11312	0.00844	0.01269	0.01732	0.00888	0.01384	0.00937	0.01122	0.00659	0.00763	0.00588	0.00398	0.00311	0.00104	0.00512	0.00256	0.00196	0.00599
11	0.07024	0.02512	0.04035	0.01104	0.08705	0.05689	0.06768	0.13852	0.03274	0.17821	0.04836	0.02911	0.03393	0.08084	0.06618	0.00212	0.01692	0.00488	0.00369	0.00613
12	0.32387	0.14030	0.15047	0.00869	0.01226	0.01111	0.04232	0.07050	0.02301	0.01681	0.00865	0.03359	0.00723	0.00800	0.09558	0.00202	0.00557	0.00352	0.00268	0.03383
13	0.00774	0.09960	0.00847	0.00684	0.00801	0.00710	0.00506	0.01072	0.14887	0.01232	0.01944	0.29292	0.05594	0.19125	0.08260	0.00276	0.00437	0.02795	0.00359	0.00445
14	0.01460	0.01165	0.01126	0.02446	0.01226	0.13934	0.00736	0.35707	0.06673	0.08947	0.10751	0.01634	0.01345	0.09973	0.00674	0.00172	0.00498	0.00484	0.00414	0.00634
15	0.01635	0.02055	0.01313	0.01185	0.01395	0.72943	0.00900	0.01751	0.01234	0.01121	0.00698	0.00848	0.00593	0.00510	0.00537	0.00128	0.10086	0.00308	0.00233	0.00529
16	0.02459	0.05303	0.06676	0.02703	0.01349	0.17225	0.03614	0.22937	0.13000	0.05531	0.05682	0.01521	0.06627	0.01674	0.00494	0.01214	0.00527	0.00462	0.00370	0.00632
17	0.11102	0.01113	0.01153	0.00953	0.01265	0.01259	0.00768	0.37756	0.35340	0.02384	0.01378	0.01323	0.01014	0.00568	0.00443	0.00146	0.00428	0.00440	0.00443	0.00726

[dist]
# distance from previous block
# <min> <max>
0	2

[block]
# block no. 6 follows, 56 sequences, length 11
# corresponding to MSA columns:
# 868-878
name=unknown_G
#
# <colnr> <probs for GDERKNQSTAVLIFYWHMCP>
#	G	D	E	R	K	N	Q	S	T	A	V	L	I	F	Y	W	H	M	C	P
0	0.05683	0.00812	0.00949	0.00713	0.01068	0.00686	0.00571	0.03290	0.02405	0.11136	0.03121	0.01220	0.02616	0.02304	0.00451	0.00101	0.03163	0.00345	0.00324	0.59043
1	0.00654	0.00445	0.00505	0.00510	0.00524	0.00437	0.00297	0.00674	0.00726	0.00964	0.04944	0.07685	0.06161	0.71264	0.02066	0.00402	0.00414	0.00727	0.00304	0.00296
2	0.00563	0.00429	0.00509	0.00565	0.00640	0.00385	0.00390	0.00657	0.00944	0.01206	0.06203	0.46952	0.31504	0.06011	0.00668	0.00188	0.00262	0.01128	0.00421	0.00375
3	0.01114	0.02843	0.07379	0.03380	0.04013	0.00790	0.03233	0.04968	0.04992	0.09063	0.00977	0.01074	0.00754	0.00401	0.00384	0.00097	0.00412	0.00331	0.00306	0.53491
4	0.01166	0.29930	0.28659	0.02998	0.05370	0.05060	0.05503	0.03934	0.01042	0.06415	0.00924	0.02774	0.00760	0.00480	0.00406	0.00131	0.00578	0.02993	0.00245	0.00631
5	0.01053	0.09068	0.02836	0.01110	0.07996	0.07990	0.04457	0.03560	0.00944	0.04277	0.02282	0.09604	0.01085	0.08287	0.06906	0.00219	0.19825	0.00503	0.00272	0.07726
6	0.00957	0.00781	0.00922	0.00677	0.01054	0.00596	0.00538	0.01156	0.00980	0.04047	0.05258	0.04080	0.00978	0.00419	0.00364	0.00079	0.00332	0.00346	0.00300	0.76137
7	0.01062	0.01000	0.07589	0.24328	0.17182	0.02431	0.01047	0.12744	0.01191	0.05252	0.07068	0.07941	0.05668	0.00639	0.00481	0.00150	0.00501	0.02815	0.00320	0.00593
8	0.01230	0.15900	0.04667	0.03024	0.13107	0.11235	0.00864	0.03577	0.10630	0.10911	0.07503	0.04101	0.03896	0.00655	0.01438	0.00146	0.00493	0.05669	0.00343	0.00610
9	0.00730	0.00570	0.02492	0.00711	0.00820	0.00543	0.00551	0.05089	0.02358	0.03432	0.05187	0.37102	0.14189	0.02646	0.08184	0.00234	0.02913	0.11410	0.00404	0.00436
10	0.03604	0.00451	0.00525	0.00550	0.00586	0.00440	0.00347	0.00702	0.00813	0.01123	0.09731	0.26297	0.06121	0.44987	0.01496	0.00316	0.00357	0.00868	0.00351	0.00334

[dist]
# distance from previous block
# <min> <max>
5	7

[block]
# block no. 7 follows, 56 sequences, length 20
# corresponding to MSA columns:
# 891-910
name=unknown_H
#
# <colnr> <probs for GDERKNQSTAVLIFYWHMCP>
#	G	D	E	R	K	N	Q	S	T	A	V	L	I	F	Y	W	H	M	C	P
0	0.01319	0.01067	0.01567	0.07218	0.37985	0.05358	0.05700	0.07028	0.03483	0.14674	0.01085	0.01282	0.00836	0.00469	0.00454	0.00135	0.00526	0.01962	0.00313	0.07540
1	0.00644	0.00469	0.00605	0.00571	0.00682	0.00431	0.00428	0.00855	0.01285	0.01808	0.76533	0.03484	0.08579	0.00951	0.00542	0.00145	0.00217	0.00838	0.00501	0.00431
2	0.00965	0.04804	0.01022	0.00685	0.01092	0.00670	0.00556	0.01166	0.00951	0.01476	0.00807	0.00942	0.00676	0.00343	0.00338	0.00069	0.00347	0.00271	0.00268	0.82552
3	0.00599	0.00433	0.00542	0.00593	0.00648	0.00404	0.00407	0.00699	0.00944	0.01256	0.15999	0.43162	0.12574	0.15143	0.00869	0.00220	0.00291	0.04431	0.00415	0.00371
4	0.00601	0.00440	0.00573	0.00657	0.00722	0.00412	0.00483	0.00722	0.00963	0.01262	0.07221	0.51660	0.13417	0.01337	0.00588	0.00185	0.00293	0.17647	0.00430	0.00389
5	0.01001	0.00706	0.00809	0.00746	0.00945	0.00731	0.00577	0.01602	0.31992	0.12021	0.14808	0.11085	0.16053	0.00873	0.00511	0.00158	0.00313	0.04019	0.00473	0.00578
6	0.87108	0.00888	0.00675	0.00604	0.00888	0.01030	0.00497	0.01350	0.00781	0.02060	0.00639	0.00746	0.00497	0.00426	0.00284	0.00142	0.00355	0.00249	0.00284	0.00497
7	0.00711	0.00510	0.00699	0.00684	0.00753	0.00565	0.00508	0.00833	0.00786	0.03300	0.06185	0.02340	0.04294	0.23675	0.45887	0.00553	0.04612	0.02425	0.00287	0.00391
8	0.01171	0.00974	0.01037	0.00923	0.01183	0.01115	0.00720	0.05546	0.72008	0.03933	0.04827	0.01749	0.01480	0.00631	0.00470	0.00154	0.00364	0.00525	0.00471	0.00719
9	0.01441	0.34803	0.01849	0.01155	0.06404	0.35218	0.04444	0.05590	0.01159	0.01237	0.00719	0.00847	0.00614	0.00444	0.00401	0.00116	0.02444	0.00302	0.00230	0.00583
10	0.01060	0.01031	0.00926	0.00950	0.01104	0.23619	0.00787	0.04640	0.01174	0.01370	0.01886	0.03769	0.01981	0.01012	0.00564	0.00182	0.00541	0.52562	0.00372	0.00469
11	0.00921	0.02375	0.81487	0.01309	0.01987	0.01066	0.01696	0.01454	0.00969	0.01454	0.00824	0.00969	0.00582	0.00436	0.00436	0.00145	0.00678	0.00339	0.00194	0.00678
12	0.01071	0.33014	0.15709	0.05198	0.03513	0.01343	0.25696	0.01368	0.00980	0.01282	0.00853	0.03599	0.00721	0.00535	0.03104	0.00151	0.00636	0.00407	0.00217	0.00600
13	0.07207	0.00669	0.00837	0.00694	0.00942	0.00614	0.00555	0.04236	0.01276	0.38263	0.28800	0.02408	0.10074	0.00743	0.00485	0.00144	0.00317	0.00621	0.00510	0.00605
14	0.00582	0.00407	0.00540	0.00628	0.00654	0.00388	0.00417	0.00647	0.00843	0.01128	0.02315	0.69872	0.02753	0.09196	0.03859	0.03510	0.00324	0.01181	0.00397	0.00359
15	0.02618	0.09542	0.18655	0.00994	0.01356	0.05321	0.05557	0.05471	0.05498	0.20523	0.07642	0.06721	0.01316	0.01948	0.00509	0.00150	0.02074	0.03106	0.00366	0.00630
16	0.00604	0.00442	0.00570	0.00609	0.00666	0.00437	0.00423	0.00703	0.00861	0.01154	0.07822	0.34866	0.12681	0.16574	0.19066	0.00349	0.00505	0.00932	0.00365	0.00370
17	0.01003	0.06711	0.04140	0.02372	0.03006	0.04495	0.01858	0.04908	0.05335	0.10841	0.06951	0.13003	0.15539	0.09034	0.01791	0.00188	0.00411	0.05864	0.00385	0.02165
18	0.06793	0.16529	0.29852	0.01322	0.13504	0.01137	0.04336	0.03161	0.02559	0.07981	0.02747	0.01337	0.00883	0.00503	0.00426	0.00140	0.00547	0.05329	0.00270	0.00645
19	0.11203	0.12296	0.09062	0.02368	0.01187	0.03853	0.00767	0.15042	0.08942	0.07177	0.02842	0.12824	0.07979	0.00693	0.00455	0.00145	0.01658	0.00551	0.00362	0.00593

[dist]
# distance from previous block
# <min> <max>
2	11

[block]
# block no. 8 follows, 56 sequences, length 17
# corresponding to MSA columns:
# 922-938
name=unknown_I
#
# <colnr> <probs for GDERKNQSTAVLIFYWHMCP>
#	G	D	E	R	K	N	Q	S	T	A	V	L	I	F	Y	W	H	M	C	P
0	0.25168	0.06653	0.09037	0.07377	0.13881	0.09104	0.04360	0.06196	0.06021	0.03129	0.00982	0.02725	0.02563	0.00487	0.00401	0.00139	0.00515	0.00380	0.00281	0.00598
1	0.00712	0.00563	0.02856	0.00641	0.00774	0.00499	0.00497	0.03964	0.03030	0.04161	0.09800	0.25848	0.28275	0.05329	0.03722	0.00203	0.00338	0.07935	0.00420	0.00432
2	0.04634	0.04934	0.05440	0.01081	0.04981	0.05866	0.00874	0.39281	0.18386	0.05416	0.01199	0.01195	0.00881	0.00532	0.00440	0.00137	0.00488	0.00409	0.00404	0.03422
3	0.03769	0.05680	0.04106	0.07797	0.04112	0.05525	0.07918	0.14885	0.03185	0.09182	0.02758	0.07889	0.01111	0.01869	0.07285	0.02248	0.00562	0.02973	0.00336	0.06812
4	0.01172	0.15869	0.34914	0.06077	0.03376	0.06230	0.04348	0.09356	0.04280	0.04982	0.00918	0.01080	0.00700	0.00478	0.00458	0.00139	0.03250	0.01465	0.00257	0.00650
5	0.01132	0.17818	0.06585	0.03595	0.11279	0.05803	0.09333	0.07614	0.02496	0.04929	0.03317	0.02653	0.04050	0.00815	0.06986	0.00189	0.03660	0.06864	0.00291	0.00590
6	0.00631	0.00438	0.00532	0.00562	0.00583	0.00435	0.00351	0.00674	0.00748	0.00999	0.01845	0.25677	0.04817	0.49804	0.09565	0.00390	0.00464	0.00841	0.00322	0.00322
7	0.01032	0.10491	0.33430	0.04823	0.05353	0.06845	0.07469	0.04980	0.01037	0.01409	0.03767	0.08824	0.00973	0.00576	0.00532	0.00147	0.06996	0.00465	0.00248	0.00602
8	0.06556	0.02827	0.02536	0.00986	0.01274	0.06032	0.05962	0.17841	0.21449	0.12342	0.03944	0.01822	0.03109	0.00647	0.00503	0.00152	0.02930	0.08017	0.00416	0.00655
9	0.00814	0.00552	0.00678	0.02858	0.00847	0.02786	0.00531	0.00965	0.02806	0.08932	0.07419	0.32021	0.07079	0.12946	0.00817	0.00216	0.00357	0.16533	0.00413	0.00430
10	0.00688	0.00502	0.00619	0.05720	0.00852	0.00475	0.00481	0.00842	0.02504	0.05285	0.10546	0.21513	0.33326	0.06580	0.03243	0.00201	0.00329	0.05464	0.00412	0.00418
11	0.09143	0.07648	0.09473	0.05774	0.01347	0.15962	0.00841	0.08625	0.15225	0.03171	0.05774	0.05198	0.02823	0.00603	0.00436	0.00140	0.00505	0.03364	0.00335	0.03612
12	0.01136	0.35786	0.33033	0.01261	0.11260	0.02950	0.01223	0.05965	0.01039	0.01383	0.00766	0.00899	0.00614	0.00422	0.00381	0.00124	0.00578	0.00313	0.00215	0.00651
13	0.00784	0.01043	0.21689	0.00855	0.01152	0.00675	0.05689	0.02846	0.02926	0.03515	0.10356	0.09322	0.27441	0.03289	0.02851	0.01701	0.00438	0.02571	0.00354	0.00503
14	0.00998	0.00596	0.00718	0.00639	0.00819	0.00554	0.00492	0.07509	0.01215	0.17725	0.23093	0.05451	0.24563	0.09330	0.00706	0.00181	0.00314	0.04133	0.00463	0.00501
15	0.01131	0.01035	0.03054	0.04167	0.05923	0.11582	0.06426	0.15246	0.07624	0.04121	0.07050	0.18442	0.03514	0.00807	0.00508	0.00156	0.00481	0.07785	0.00380	0.00568
16	0.06884	0.06439	0.06434	0.03913	0.01389	0.11220	0.04284	0.19830	0.04253	0.17625	0.01147	0.02586	0.00874	0.00596	0.00550	0.03179	0.05338	0.02452	0.00364	0.00642

[dist]
# distance from previous block
# <min> <max>
11	24

[block]
# block no. 9 follows, 56 sequences, length 16
# corresponding to MSA columns:
# 999-1014
name=unknown_J
#
# <colnr> <probs for GDERKNQSTAVLIFYWHMCP>
#	G	D	E	R	K	N	Q	S	T	A	V	L	I	F	Y	W	H	M	C	P
0	0.05854	0.00934	0.02826	0.00998	0.04737	0.05915	0.07256	0.12033	0.02686	0.01575	0.01189	0.07498	0.01091	0.01236	0.18921	0.00268	0.00649	0.05142	0.00308	0.18884
1	0.01086	0.13536	0.22270	0.01320	0.03241	0.04794	0.20861	0.04599	0.04554	0.01422	0.00917	0.04200	0.00761	0.00506	0.00564	0.00144	0.09759	0.00428	0.00243	0.04795
2	0.00761	0.00644	0.00831	0.00791	0.00879	0.00723	0.00622	0.02881	0.00922	0.01255	0.03737	0.21263	0.17811	0.04812	0.02622	0.00202	0.22529	0.11102	0.00349	0.05263
3	0.00658	0.00470	0.00568	0.00558	0.00680	0.00418	0.00413	0.00817	0.01146	0.04911	0.38539	0.16016	0.30962	0.01079	0.00545	0.00155	0.00237	0.00936	0.00468	0.00423
4	0.01012	0.00740	0.01017	0.04579	0.04202	0.00757	0.06501	0.08572	0.12137	0.09956	0.07875	0.16455	0.08763	0.02973	0.05417	0.00202	0.00447	0.07434	0.00409	0.00551
5	0.01204	0.63604	0.14544	0.00969	0.04477	0.06186	0.00957	0.01414	0.00964	0.01157	0.00680	0.00793	0.00594	0.00405	0.00330	0.00108	0.00541	0.00269	0.00199	0.00605
6	0.01889	0.00956	0.01162	0.00901	0.01253	0.00947	0.00741	0.26589	0.07712	0.50433	0.01592	0.01429	0.01045	0.00567	0.00461	0.00142	0.00425	0.00451	0.00526	0.00777
7	0.00620	0.00464	0.00575	0.00555	0.00670	0.00419	0.00413	0.00806	0.01218	0.01666	0.58930	0.08148	0.21789	0.01018	0.00544	0.00149	0.00223	0.00889	0.00483	0.00419
8	0.01079	0.05637	0.02164	0.00915	0.01099	0.14246	0.03423	0.08148	0.06983	0.05109	0.01793	0.24483	0.04036	0.00925	0.00560	0.00164	0.04177	0.14166	0.00374	0.00520
9	0.00654	0.00445	0.00531	0.00543	0.00556	0.00451	0.00328	0.00681	0.00700	0.00943	0.01549	0.12313	0.01771	0.65270	0.10988	0.00447	0.00511	0.00723	0.00292	0.00304
10	0.00694	0.00512	0.00712	0.00683	0.00760	0.00510	0.05191	0.00808	0.00858	0.01168	0.09411	0.07709	0.05458	0.36709	0.12621	0.00367	0.00522	0.12221	0.02716	0.00368
11	0.00656	0.00492	0.00738	0.00738	0.00820	0.00574	0.00574	0.00820	0.00738	0.01066	0.01230	0.01804	0.01148	0.03443	0.82046	0.00738	0.01230	0.00492	0.00246	0.00410
12	0.07039	0.08053	0.03218	0.09597	0.35504	0.04754	0.01094	0.11936	0.04191	0.03469	0.00906	0.01083	0.00719	0.00443	0.00422	0.00131	0.00521	0.00375	0.00277	0.06268
13	0.01166	0.04424	0.01101	0.00794	0.01170	0.10399	0.00637	0.09197	0.03964	0.03420	0.00886	0.00985	0.00712	0.00395	0.00366	0.00087	0.00423	0.00301	0.00297	0.59276
14	0.00951	0.08203	0.11771	0.04131	0.01351	0.00962	0.09180	0.02683	0.04507	0.05012	0.01316	0.01564	0.07512	0.01345	0.22270	0.00304	0.11017	0.00468	0.00272	0.05182
15	0.04126	0.03266	0.04908	0.02214	0.01161	0.03149	0.00658	0.07449	0.07635	0.03166	0.04763	0.07048	0.01077	0.00506	0.00395	0.00104	0.00385	0.00412	0.00323	0.47255

[dist]
# distance from previous block
# <min> <max>
1	6

[block]
# block no. 10 follows, 56 sequences, length 28
# corresponding to MSA columns:
