[name]
unknown

[dist]
# distance from previous block
# <min> <max>
0	53

[block]
# block no. 0 follows, 65 sequences, length 12
# corresponding to MSA columns:
# 74-85
name=unknown_A
#
# <colnr> <probs for GDERKNQSTAVLIFYWHMCP>
#	G	D	E	R	K	N	Q	S	T	A	V	L	I	F	Y	W	H	M	C	P
0	0.00661	0.00472	0.00661	0.00756	0.00850	0.00472	0.00661	0.00850	0.00945	0.01228	0.02173	0.04630	0.02362	0.01134	0.00567	0.00189	0.00378	0.80250	0.00378	0.00378
1	0.01002	0.00816	0.01013	0.03061	0.01141	0.00709	0.05157	0.12854	0.03840	0.04635	0.00839	0.00936	0.00658	0.00353	0.00341	0.00082	0.00357	0.00293	0.00280	0.61633
2	0.00765	0.00383	0.00383	0.00383	0.00478	0.00383	0.00287	0.00956	0.00861	0.01530	0.01339	0.01530	0.01052	0.00478	0.00287	0.00096	0.00191	0.00383	0.87853	0.00383
3	0.00851	0.00730	0.00851	0.00608	0.00973	0.00547	0.00486	0.01034	0.00851	0.01338	0.00730	0.00851	0.00608	0.00304	0.00304	0.00061	0.00304	0.00243	0.00243	0.88083
4	0.00597	0.00398	0.00448	0.00448	0.00448	0.00398	0.00249	0.00597	0.00597	0.00796	0.01293	0.02686	0.01492	0.85574	0.02089	0.00398	0.00398	0.00597	0.00249	0.00249
5	0.00516	0.00372	0.00493	0.00584	0.00620	0.00348	0.00407	0.00601	0.00809	0.01069	0.02336	0.73480	0.06187	0.01260	0.00527	0.00168	0.00251	0.09255	0.00381	0.00339
6	0.14350	0.01045	0.01009	0.00935	0.06217	0.11984	0.00694	0.14902	0.34257	0.08607	0.01196	0.01164	0.00888	0.00486	0.00385	0.00128	0.00412	0.00375	0.00359	0.00608
7	0.00975	0.00836	0.01235	0.48673	0.11402	0.00980	0.01018	0.19029	0.01072	0.01437	0.00818	0.01086	0.00624	0.00518	0.03012	0.00148	0.03041	0.00369	0.03201	0.00527
8	0.00524	0.00372	0.00479	0.00555	0.00582	0.00351	0.00371	0.00590	0.00767	0.01017	0.02161	0.64938	0.05153	0.15214	0.00784	0.00205	0.00271	0.04986	0.00359	0.00322
9	0.03332	0.01194	0.01148	0.02780	0.01253	0.13559	0.00746	0.52029	0.09177	0.02115	0.00961	0.00984	0.00708	0.00468	0.00393	0.00117	0.00470	0.00349	0.00359	0.07857
10	0.03254	0.00910	0.01317	0.01059	0.05254	0.03477	0.18509	0.08400	0.11332	0.28867	0.01185	0.01187	0.00832	0.00438	0.00409	0.00121	0.00443	0.00398	0.00357	0.12250
11	0.01506	0.01386	0.01113	0.00944	0.01205	0.36545	0.00739	0.22943	0.14133	0.13849	0.01038	0.01028	0.00760	0.00475	0.00395	0.00119	0.00540	0.00346	0.00341	0.00595

[dist]
# distance from previous block
# <min> <max>
0	1

[block]
# block no. 1 follows, 65 sequences, length 12
# corresponding to MSA columns:
# 87-98
name=unknown_B
#
# <colnr> <probs for GDERKNQSTAVLIFYWHMCP>
#	G	D	E	R	K	N	Q	S	T	A	V	L	I	F	Y	W	H	M	C	P
0	0.00634	0.00475	0.00574	0.00536	0.00656	0.00451	0.00405	0.06038	0.03210	0.01577	0.56444	0.07052	0.18657	0.00869	0.00480	0.00133	0.00219	0.00755	0.00431	0.00404
1	0.00889	0.00877	0.01335	0.55724	0.22456	0.06353	0.01138	0.01137	0.00864	0.01116	0.00727	0.01045	0.00571	0.00412	0.00442	0.00133	0.03730	0.00358	0.00189	0.00505
2	0.01444	0.01775	0.01163	0.05570	0.01337	0.69927	0.00810	0.03927	0.04502	0.01082	0.00689	0.00806	0.00565	0.00443	0.00419	0.00113	0.04434	0.00285	0.00223	0.00487
3	0.00606	0.00469	0.00698	0.00686	0.00755	0.00561	0.00538	0.00749	0.00658	0.00955	0.01064	0.01567	0.00995	0.02928	0.78681	0.00629	0.06438	0.00435	0.00217	0.00372
4	0.48172	0.00833	0.00740	0.00638	0.00870	0.06249	0.00510	0.10948	0.00932	0.11125	0.02582	0.00938	0.00671	0.00533	0.00444	0.09151	0.00362	0.00296	0.03532	0.00476
5	0.03063	0.01022	0.13205	0.00828	0.01166	0.00842	0.02382	0.15904	0.16032	0.15229	0.01152	0.02952	0.00875	0.03985	0.00456	0.00127	0.00397	0.00382	0.00342	0.19661
6	0.03909	0.01016	0.01085	0.00890	0.01117	0.11579	0.05932	0.29453	0.07084	0.05384	0.06923	0.02972	0.07982	0.04314	0.00580	0.00143	0.08288	0.00459	0.00343	0.00548
7	0.00516	0.00369	0.00492	0.00571	0.00606	0.00345	0.00391	0.00606	0.00839	0.01129	0.12390	0.72268	0.02849	0.01225	0.00520	0.00163	0.00237	0.03753	0.00390	0.00342
8	0.00597	0.00438	0.00533	0.00572	0.00658	0.00417	0.00426	0.05040	0.00927	0.01224	0.06472	0.39049	0.21920	0.01138	0.02311	0.00166	0.00278	0.12798	0.04666	0.00369
9	0.01001	0.00886	0.01496	0.01834	0.44212	0.00883	0.12969	0.02866	0.06893	0.05807	0.01149	0.01739	0.01019	0.00525	0.00448	0.00138	0.00478	0.14794	0.00272	0.00590
10	0.01293	0.01329	0.01209	0.01027	0.01274	0.35761	0.10670	0.07849	0.18802	0.07053	0.02866	0.01351	0.00948	0.00514	0.00417	0.00126	0.00557	0.06098	0.00309	0.00547
11	0.00600	0.00449	0.00640	0.00634	0.00690	0.00518	0.00476	0.00716	0.00646	0.00923	0.01117	0.01797	0.01100	0.19206	0.64753	0.00590	0.04107	0.00468	0.00224	0.00346

[dist]
# distance from previous block
# <min> <max>
0	2

[block]
# block no. 2 follows, 65 sequences, length 11
# corresponding to MSA columns:
# 101-111
name=unknown_C
#
# <colnr> <probs for GDERKNQSTAVLIFYWHMCP>
#	G	D	E	R	K	N	Q	S	T	A	V	L	I	F	Y	W	H	M	C	P
0	0.45946	0.00882	0.04102	0.12313	0.02731	0.00958	0.00668	0.09783	0.12538	0.03540	0.00838	0.00933	0.00632	0.00479	0.02014	0.00140	0.00395	0.00306	0.00285	0.00516
1	0.02512	0.01283	0.15262	0.07395	0.06517	0.11042	0.30285	0.07436	0.01038	0.05438	0.03249	0.01136	0.00741	0.00428	0.00457	0.00132	0.02861	0.01989	0.00241	0.00557
2	0.00878	0.00889	0.01298	0.01059	0.01226	0.10188	0.23228	0.03195	0.00833	0.01100	0.00963	0.06765	0.00919	0.10026	0.20108	0.00291	0.15886	0.00480	0.00227	0.00440
3	0.00725	0.00387	0.00387	0.00387	0.00489	0.00377	0.00291	0.00904	0.00872	0.01470	0.01742	0.01877	0.12757	0.00559	0.00315	0.00102	0.00194	0.00452	0.75336	0.00377
4	0.00875	0.00751	0.00862	0.00641	0.00986	0.00615	0.00510	0.01198	0.12502	0.01392	0.00864	0.00949	0.00700	0.00340	0.00320	0.00072	0.00307	0.00275	0.00268	0.75572
5	0.00734	0.00508	0.00622	0.00574	0.00708	0.00495	0.00438	0.01047	0.12714	0.07908	0.50840	0.02796	0.11379	0.03346	0.02373	0.00152	0.00256	0.02237	0.00431	0.00440
6	0.00639	0.00522	0.00823	0.00763	0.00892	0.00494	0.12070	0.00816	0.00959	0.01282	0.21388	0.17873	0.10110	0.03963	0.00574	0.00166	0.00339	0.25571	0.00367	0.00390
7	0.07655	0.01016	0.01120	0.04533	0.01252	0.01124	0.02335	0.54193	0.11438	0.04420	0.01173	0.03559	0.03265	0.00526	0.00407	0.00128	0.00419	0.00411	0.00387	0.00640
8	0.03504	0.00933	0.01346	0.46837	0.10085	0.07756	0.07878	0.08385	0.00967	0.03168	0.00764	0.01034	0.00583	0.00425	0.00454	0.00133	0.04653	0.00364	0.00219	0.00511
9	0.06582	0.00801	0.00854	0.03734	0.01008	0.08198	0.02947	0.06405	0.23977	0.07215	0.01477	0.20164	0.01380	0.06547	0.03839	0.00177	0.00407	0.01820	0.00349	0.02119
10	0.07161	0.00638	0.00769	0.00859	0.12484	0.03003	0.00547	0.06290	0.02948	0.05830	0.07995	0.09419	0.13458	0.19282	0.04094	0.00214	0.00383	0.03870	0.00322	0.00434

[dist]
# distance from previous block
# <min> <max>
3	65

[block]
# block no. 3 follows, 65 sequences, length 11
# corresponding to MSA columns:
# 177-187
name=unknown_D
#
# <colnr> <probs for GDERKNQSTAVLIFYWHMCP>
#	G	D	E	R	K	N	Q	S	T	A	V	L	I	F	Y	W	H	M	C	P
0	0.05036	0.08711	0.07584	0.03295	0.03070	0.00748	0.01764	0.07352	0.04385	0.13259	0.13777	0.09265	0.08222	0.00629	0.00410	0.00124	0.00349	0.02361	0.00345	0.09316
1	0.03509	0.09454	0.12184	0.02198	0.06010	0.13031	0.03235	0.07224	0.02172	0.04696	0.10807	0.08328	0.12087	0.00611	0.00410	0.00124	0.00432	0.00502	0.00298	0.02688
2	0.03247	0.01126	0.02313	0.01228	0.17680	0.17417	0.02727	0.14393	0.11082	0.17333	0.01162	0.01187	0.03706	0.00483	0.00432	0.00125	0.03038	0.00384	0.00329	0.00608
3	0.05005	0.00943	0.01512	0.04455	0.34638	0.00964	0.15907	0.09458	0.09289	0.04440	0.03439	0.03245	0.00859	0.00442	0.00431	0.00128	0.01561	0.00422	0.00272	0.02592
4	0.04787	0.00609	0.05607	0.10777	0.00925	0.00575	0.00515	0.07395	0.00931	0.01539	0.01197	0.04206	0.00959	0.00489	0.00325	0.00109	0.00288	0.00394	0.57941	0.00431
5	0.00929	0.00821	0.00914	0.05379	0.01112	0.04924	0.00558	0.06387	0.00937	0.01387	0.00742	0.00868	0.00606	0.00329	0.00320	0.00072	0.00350	0.00259	0.00249	0.72857
6	0.00691	0.00432	0.00548	0.00534	0.00584	0.00439	0.00358	0.00754	0.00700	0.07744	0.05393	0.07350	0.01532	0.49065	0.21727	0.00412	0.00545	0.00585	0.00281	0.00327
7	0.00788	0.04763	0.00711	0.00629	0.00760	0.00556	0.00471	0.05478	0.07431	0.09534	0.06160	0.42944	0.07694	0.01089	0.05534	0.00176	0.00329	0.00820	0.00377	0.03754
8	0.01352	0.01082	0.07231	0.00977	0.03115	0.06268	0.06427	0.25610	0.10677	0.19772	0.01127	0.02391	0.00819	0.00489	0.00454	0.00125	0.04652	0.00389	0.00360	0.06682
9	0.01178	0.03875	0.15950	0.07957	0.12699	0.09056	0.04168	0.19619	0.14263	0.05721	0.00981	0.01057	0.00728	0.00445	0.00402	0.00126	0.00503	0.00364	0.00293	0.00615
10	0.01095	0.02504	0.20224	0.00894	0.03538	0.13827	0.00817	0.04752	0.06930	0.15671	0.18613	0.04735	0.03483	0.00576	0.00420	0.00127	0.00438	0.00471	0.00338	0.00546

[dist]
# distance from previous block
# <min> <max>
17	65

[block]
# block no. 4 follows, 65 sequences, length 33
# corresponding to MSA columns:
# 258-290
name=unknown_E
#
# <colnr> <probs for GDERKNQSTAVLIFYWHMCP>
#	G	D	E	R	K	N	Q	S	T	A	V	L	I	F	Y	W	H	M	C	P
0	0.07323	0.08286	0.16369	0.05235	0.09498	0.08275	0.07407	0.07535	0.03369	0.12147	0.03454	0.01035	0.00751	0.00420	0.00380	0.00118	0.00486	0.00344	0.00272	0.07296
1	0.07505	0.00842	0.01011	0.00900	0.05419	0.03421	0.06814	0.09467	0.24027	0.04637	0.05415	0.02988	0.07617	0.00589	0.01414	0.00132	0.01578	0.03401	0.00341	0.12482
2	0.00595	0.00406	0.00487	0.00487	0.00501	0.00419	0.00298	0.00622	0.00609	0.00825	0.01257	0.02486	0.01406	0.70226	0.17319	0.00447	0.00528	0.00568	0.00243	0.00271
3	0.03095	0.05625	0.01231	0.00955	0.06896	0.04512	0.10869	0.04040	0.00944	0.10217	0.00825	0.00941	0.00645	0.00372	0.00398	0.00095	0.04401	0.00310	0.00262	0.43366
4	0.00586	0.00440	0.00660	0.00660	0.00733	0.00513	0.00513	0.00733	0.00660	0.00953	0.01100	0.01613	0.01026	0.03079	0.83947	0.00660	0.01100	0.00440	0.00220	0.00367
5	0.00919	0.25953	0.51919	0.01131	0.05452	0.01151	0.05603	0.01279	0.00866	0.01207	0.00696	0.00827	0.00534	0.00375	0.00360	0.00118	0.00558	0.00292	0.00177	0.00583
6	0.01157	0.11123	0.24594	0.02417	0.15325	0.21048	0.07633	0.05568	0.01024	0.05268	0.00763	0.00893	0.00587	0.00397	0.00384	0.00118	0.00585	0.00319	0.00219	0.00576
7	0.00597	0.00400	0.00456	0.00456	0.00459	0.00403	0.00259	0.00602	0.00599	0.00802	0.01286	0.02643	0.01473	0.82225	0.05412	0.00409	0.00426	0.00591	0.00248	0.00254
8	0.00597	0.00398	0.00448	0.00448	0.00448	0.00398	0.00249	0.00597	0.00597	0.00796	0.01293	0.02686	0.01492	0.85574	0.02089	0.00398	0.00398	0.00597	0.00249	0.00249
9	0.01017	0.02351	0.01275	0.04485	0.01200	0.10230	0.02056	0.07245	0.00802	0.01119	0.00596	0.00895	0.00551	0.00645	0.01102	0.00163	0.63243	0.00350	0.00201	0.00474
10	0.00934	0.21807	0.52141	0.01144	0.04674	0.03048	0.06957	0.02583	0.00893	0.01237	0.00707	0.00839	0.00537	0.00379	0.00367	0.00120	0.00569	0.00299	0.00182	0.00584
11	0.00947	0.01067	0.02307	0.01694	0.04199	0.01002	0.75446	0.01277	0.00959	0.01303	0.00899	0.05217	0.00726	0.00392	0.00484	0.00139	0.00664	0.00515	0.00216	0.00545
12	0.00490	0.00415	0.00423	0.00424	0.00558	0.00348	0.00317	0.00598	0.00944	0.01134	0.07963	0.05448	0.77472	0.01034	0.00486	0.00139	0.00208	0.00866	0.00385	0.00348
13	0.00774	0.00627	0.00751	0.00782	0.02145	0.05994	0.02290	0.07983	0.01030	0.01325	0.06958	0.16004	0.04682	0.02282	0.00545	0.00170	0.00379	0.44501	0.00367	0.00411
14	0.01046	0.00922	0.05464	0.23343	0.40107	0.00894	0.05801	0.01299	0.00934	0.12828	0.00917	0.03042	0.00715	0.00419	0.00415	0.00129	0.00495	0.00395	0.00244	0.00592
15	0.01016	0.00975	0.01666	0.02520	0.83013	0.00975	0.01260	0.01260	0.00935	0.01341	0.00772	0.01016	0.00650	0.00366	0.00406	0.00122	0.00488	0.00366	0.00203	0.00650
16	0.01016	0.00975	0.01666	0.02520	0.83013	0.00975	0.01260	0.01260	0.00935	0.01341	0.00772	0.01016	0.00650	0.00366	0.00406	0.00122	0.00488	0.00366	0.00203	0.00650
17	0.01004	0.01032	0.04057	0.12455	0.48327	0.06010	0.12996	0.01273	0.02204	0.02792	0.00841	0.03614	0.00701	0.00406	0.00420	0.00127	0.00531	0.00402	0.00215	0.00591
18	0.01100	0.76079	0.07587	0.00751	0.01113	0.05599	0.00762	0.01254	0.00852	0.00990	0.00585	0.00677	0.00526	0.00357	0.00277	0.00092	0.00465	0.00227	0.00177	0.00530
19	0.00842	0.00816	0.01150	0.01003	0.01016	0.01124	0.00829	0.00942	0.00634	0.00982	0.00640	0.01027	0.00626	0.01143	0.16196	0.00266	0.69772	0.00374	0.00187	0.00434
20	0.01523	0.01113	0.01192	0.00918	0.01235	0.01231	0.00757	0.77808	0.01879	0.02537	0.01002	0.01011	0.00715	0.00492	0.00405	0.00122	0.00439	0.00370	0.04568	0.00683
21	0.00586	0.00440	0.00660	0.00660	0.00733	0.00513	0.00513	0.00733	0.00660	0.00953	0.01100	0.01613	0.01026	0.03079	0.83947	0.00660	0.01100	0.00440	0.00220	0.00367
22	0.00775	0.00730	0.01231	0.84587	0.02827	0.00912	0.01140	0.01049	0.00821	0.01049	0.00730	0.01094	0.00547	0.00410	0.00410	0.00137	0.00547	0.00365	0.00182	0.00456
23	0.00550	0.00418	0.00505	0.00484	0.00594	0.00374	0.00363	0.00714	0.01088	0.01471	0.57201	0.03354	0.29578	0.00904	0.00484	0.00132	0.00198	0.00783	0.00429	0.00374
24	0.00597	0.00398	0.00448	0.00448	0.00448	0.00398	0.00249	0.00597	0.00597	0.00796	0.01293	0.02686	0.01492	0.85574	0.02089	0.00398	0.00398	0.00597	0.00249	0.00249
25	0.00974	0.00933	0.01590	0.16806	0.69055	0.00964	0.01239	0.01223	0.00915	0.01290	0.00765	0.01030	0.00632	0.00374	0.00407	0.00125	0.00498	0.00366	0.00200	0.00616
26	0.01003	0.00962	0.01643	0.06855	0.78777	0.00972	0.01253	0.01249	0.00929	0.01326	0.00770	0.01020	0.00645	0.00368	0.00407	0.00123	0.00491	0.00366	0.00202	0.00640
27	0.00578	0.00419	0.00544	0.00513	0.00611	0.00386	0.00385	0.00769	0.01155	0.01629	0.80224	0.03095	0.06457	0.00846	0.00484	0.00129	0.00194	0.00746	0.00450	0.00386
28	0.01533	0.03997	0.01197	0.01022	0.01260	0.65425	0.00785	0.15859	0.01291	0.02904	0.00715	0.00795	0.00568	0.00435	0.00375	0.00109	0.00673	0.00285	0.00252	0.00521
29	0.00775	0.00730	0.01231	0.84587	0.02827	0.00912	0.01140	0.01049	0.00821	0.01049	0.00730	0.01094	0.00547	0.00410	0.00410	0.00137	0.00547	0.00365	0.00182	0.00456
30	0.00572	0.03577	0.00571	0.00600	0.00645	0.04440	0.00413	0.00648	0.00806	0.01043	0.02121	0.78087	0.02528	0.01210	0.00507	0.00161	0.00270	0.01088	0.00365	0.00347
31	0.01791	0.00700	0.00966	0.04717	0.01132	0.00618	0.00629	0.01955	0.01158	0.79387	0.01577	0.01383	0.00994	0.00503	0.00413	0.00127	0.00359	0.00411	0.00493	0.00687
32	0.20228	0.02248	0.17488	0.00925	0.01268	0.07444	0.09461	0.06033	0.07479	0.16566	0.03166	0.01193	0.00833	0.00466	0.00384	0.00130	0.00463	0.03352	0.00307	0.00565

[dist]
# distance from previous block
# <min> <max>
0	2

[block]
# block no. 5 follows, 65 sequences, length 8
# corresponding to MSA columns:
# 293-300
name=unknown_F
#
# <colnr> <probs for GDERKNQSTAVLIFYWHMCP>
#	G	D	E	R	K	N	Q	S	T	A	V	L	I	F	Y	W	H	M	C	P
0	0.01042	0.07537	0.13828	0.01068	0.06157	0.13855	0.12081	0.08079	0.01050	0.05766	0.07324	0.09203	0.03285	0.00565	0.00438	0.00128	0.02250	0.02573	0.03249	0.00522
1	0.00595	0.00406	0.00487	0.00487	0.00501	0.00419	0.00298	0.00622	0.00609	0.00825	0.01257	0.02487	0.01406	0.70279	0.17266	0.00446	0.00528	0.00568	0.00243	0.00271
2	0.00851	0.00730	0.00851	0.00608	0.00973	0.00547	0.00486	0.01034	0.00851	0.01338	0.00730	0.00851	0.00608	0.00304	0.00304	0.00061	0.00304	0.00243	0.00243	0.88083
3	0.03796	0.00843	0.01245	0.07088	0.11534	0.00894	0.11564	0.11054	0.10317	0.16109	0.03645	0.01359	0.04014	0.00718	0.07341	0.00178	0.06972	0.00433	0.00321	0.00573
4	0.13741	0.00712	0.00905	0.00704	0.01013	0.00647	0.00582	0.01891	0.01109	0.72110	0.01476	0.01297	0.00938	0.00491	0.00391	0.00127	0.00345	0.00387	0.00473	0.00664
5	0.00622	0.00481	0.00620	0.00698	0.04220	0.00484	0.00492	0.00865	0.10791	0.01201	0.07274	0.38558	0.10406	0.03231	0.05923	0.00197	0.00334	0.12838	0.00368	0.00397
6	0.00823	0.02123	0.83447	0.01170	0.01777	0.00953	0.01517	0.01300	0.00867	0.01300	0.00737	0.00867	0.00520	0.00390	0.00390	0.00130	0.00607	0.00303	0.00173	0.00607
7	0.16976	0.00574	0.00702	0.00661	0.00780	0.00673	0.00524	0.05910	0.00760	0.01266	0.00977	0.01347	0.00869	0.02069	0.51600	0.00454	0.06148	0.00386	0.06916	0.00408

[dist]
# distance from previous block
# <min> <max>
1	4

[block]
# block no. 6 follows, 65 sequences, length 297
# corresponding to MSA columns:
# 305-308,321-613
name=unknown_G
#
# <colnr> <probs for GDERKNQSTAVLIFYWHMCP>
#	G	D	E	R	K	N	Q	S	T	A	V	L	I	F	Y	W	H	M	C	P
0	0.00952	0.03378	0.59028	0.01171	0.04778	0.14477	0.02525	0.01333	0.00919	0.01249	0.00741	0.00907	0.00560	0.00400	0.00385	0.00123	0.00604	0.01484	0.00188	0.04799
1	0.00911	0.00886	0.01451	0.37175	0.38290	0.02912	0.04323	0.01177	0.02339	0.01199	0.00820	0.01103	0.02034	0.00412	0.00443	0.00131	0.03268	0.00378	0.00201	0.00548
2	0.00844	0.00753	0.02286	0.11556	0.01241	0.00623	0.01979	0.02252	0.02499	0.01316	0.00825	0.03004	0.00705	0.00371	0.00338	0.00081	0.00350	0.02185	0.00246	0.66546
3	0.00503	0.00417	0.00441	0.00435	0.00565	0.00354	0.00326	0.00624	0.00978	0.01209	0.18765	0.03786	0.68177	0.01002	0.00485	0.00137	0.00205	0.00843	0.00394	0.00354
4	0.01013	0.00874	0.00921	0.00831	0.01060	0.01011	0.00646	0.02157	0.81059	0.01707	0.01680	0.02779	0.01275	0.00568	0.00419	0.00140	0.00324	0.00475	0.00417	0.00645
5	0.00579	0.00420	0.00546	0.00515	0.00612	0.00387	0.00386	0.00771	0.01158	0.01636	0.81390	0.03082	0.05286	0.00843	0.00484	0.00129	0.00194	0.00745	0.00451	0.00387
6	0.00713	0.00357	0.00535	0.00535	0.00535	0.00357	0.00357	0.00535	0.00535	0.00713	0.00713	0.01248	0.00713	0.01426	0.01604	0.88057	0.00357	0.00357	0.00178	0.00178
7	0.00765	0.00383	0.00383	0.00383	0.00478	0.00383	0.00287	0.00956	0.00861	0.01530	0.01339	0.01530	0.01052	0.00478	0.00287	0.00096	0.00191	0.00383	0.87853	0.00383
8	0.01642	0.01019	0.01151	0.00883	0.01208	0.01080	0.00729	0.58645	0.01712	0.25894	0.01169	0.01104	0.00790	0.00497	0.00411	0.00124	0.00422	0.00382	0.00439	0.00698
9	0.01533	0.01956	0.01163	0.01058	0.01269	0.83926	0.00793	0.01639	0.01163	0.01005	0.00635	0.00740	0.00529	0.00423	0.00370	0.00106	0.00740	0.00264	0.00212	0.00476
10	0.01097	0.85821	0.02151	0.00702	0.01054	0.01624	0.00702	0.01229	0.00834	0.00966	0.00571	0.00658	0.00527	0.00351	0.00263	0.00088	0.00439	0.00219	0.00176	0.00527
11	0.00586	0.00440	0.00660	0.00660	0.00733	0.00513	0.00513	0.00733	0.00660	0.00953	0.01100	0.01613	0.01026	0.03079	0.83947	0.00660	0.01100	0.00440	0.00220	0.00367
12	0.00500	0.00357	0.00476	0.00572	0.00595	0.00333	0.00381	0.00572	0.00786	0.01048	0.02262	0.85306	0.02715	0.01286	0.00524	0.00167	0.00238	0.01167	0.00381	0.00333
13	0.88473	0.00794	0.00603	0.00540	0.00794	0.00921	0.00445	0.01207	0.00699	0.01842	0.00572	0.00667	0.00445	0.00381	0.00254	0.00127	0.00318	0.00222	0.00254	0.00445
14	0.00774	0.00498	0.00681	0.00734	0.00855	0.00487	0.00633	0.00973	0.02360	0.09330	0.04392	0.04187	0.05659	0.01050	0.00544	0.00178	0.00362	0.65496	0.00394	0.00413
15	0.01549	0.01144	0.01225	0.00942	0.01269	0.01268	0.00777	0.79933	0.03661	0.02568	0.01000	0.00997	0.00710	0.00494	0.00411	0.00124	0.00449	0.00372	0.00411	0.00697
16	0.00954	0.00631	0.00909	0.40749	0.01719	0.00712	0.00763	0.05425	0.00940	0.12098	0.01065	0.01275	0.00787	0.00450	0.00369	0.00121	0.00396	0.00377	0.29783	0.00476
17	0.00919	0.00933	0.01254	0.01077	0.01084	0.03988	0.00895	0.01009	0.00646	0.00988	0.00542	0.00893	0.00539	0.00709	0.01315	0.00177	0.82046	0.00356	0.00181	0.00450
18	0.00910	0.00736	0.00869	0.01865	0.01009	0.00568	0.00507	0.02546	0.00886	0.05230	0.00776	0.00883	0.00628	0.00319	0.00313	0.00066	0.00312	0.00255	0.00258	0.81063
19	0.03738	0.01152	0.20860	0.06908	0.15182	0.02297	0.06118	0.06877	0.04828	0.18964	0.05237	0.02802	0.02237	0.00475	0.00412	0.00129	0.00469	0.00409	0.00305	0.00601
20	0.00581	0.00420	0.00549	0.00516	0.00613	0.00387	0.00387	0.00775	0.01162	0.01646	0.82797	0.03066	0.03873	0.00839	0.00484	0.00129	0.00194	0.00742	0.00452	0.00387
21	0.00940	0.00899	0.01440	0.01763	0.43029	0.00917	0.11455	0.01372	0.18226	0.01382	0.01403	0.01514	0.11367	0.00497	0.00445	0.00131	0.01888	0.00467	0.00272	0.00595
22	0.09868	0.21353	0.20573	0.04276	0.08970	0.13247	0.05806	0.03394	0.00945	0.06933	0.00742	0.00856	0.00573	0.00391	0.00354	0.00116	0.00528	0.00298	0.00222	0.00556
23	0.01770	0.00809	0.02717	0.00778	0.01103	0.00730	0.00654	0.16166	0.01303	0.67223	0.01488	0.01313	0.00949	0.00503	0.00412	0.00126	0.00373	0.00403	0.00484	0.00697
24	0.00895	0.00503	0.00658	0.00575	0.00730	0.00460	0.00446	0.03257	0.01182	0.20408	0.60584	0.02642	0.04483	0.00757	0.00466	0.00129	0.00237	0.00659	0.00462	0.00467
25	0.03383	0.00755	0.01228	0.36550	0.08323	0.00841	0.10456	0.01119	0.02299	0.07556	0.05223	0.01547	0.11113	0.00533	0.00503	0.00138	0.07228	0.00461	0.00256	0.00487
26	0.02433	0.12127	0.14602	0.05460	0.14736	0.18252	0.10357	0.06690	0.03389	0.05150	0.00864	0.00991	0.02324	0.00414	0.00388	0.00119	0.00558	0.00344	0.00235	0.00567
27	0.01801	0.00705	0.00950	0.00732	0.01045	0.00619	0.00604	0.03325	0.02709	0.79081	0.02929	0.01420	0.01062	0.00514	0.00414	0.00127	0.00348	0.00418	0.00504	0.00693
28	0.00501	0.00371	0.00467	0.00539	0.00588	0.00338	0.00368	0.00583	0.00831	0.01085	0.05991	0.65954	0.18447	0.01219	0.00515	0.00160	0.00230	0.01090	0.00384	0.00338
29	0.00993	0.32048	0.30376	0.06604	0.10894	0.06597	0.03270	0.01270	0.00878	0.01143	0.00673	0.00822	0.00543	0.00381	0.00365	0.00114	0.01999	0.00288	0.00182	0.00560
30	0.01023	0.03401	0.05003	0.03851	0.31538	0.02568	0.03517	0.10412	0.11496	0.04263	0.04073	0.04243	0.03694	0.00520	0.00415	0.00128	0.00427	0.03775	0.05067	0.00584
31	0.00685	0.00570	0.00757	0.00710	0.00746	0.02183	0.00538	0.00774	0.00643	0.00917	0.01007	0.01729	0.01030	0.26318	0.38110	0.00454	0.21794	0.00462	0.00218	0.00355
32	0.88473	0.00794	0.00603	0.00540	0.00794	0.00921	0.00445	0.01207	0.00699	0.01842	0.00572	0.00667	0.00445	0.00381	0.00254	0.00127	0.00318	0.00222	0.00254	0.00445
33	0.01507	0.00792	0.00959	0.00775	0.01058	0.00793	0.00627	0.11999	0.24073	0.45749	0.05988	0.01474	0.01199	0.00538	0.00418	0.00130	0.00347	0.00440	0.00467	0.00668
34	0.88473	0.00794	0.00603	0.00540	0.00794	0.00921	0.00445	0.01207	0.00699	0.01842	0.00572	0.00667	0.00445	0.00381	0.00254	0.00127	0.00318	0.00222	0.00254	0.00445
35	0.01842	0.00699	0.00953	0.00730	0.01048	0.00603	0.00603	0.02000	0.01175	0.83298	0.01619	0.01397	0.01016	0.00508	0.00413	0.00127	0.00349	0.00413	0.00508	0.00699
36	0.88473	0.00794	0.00603	0.00540	0.00794	0.00921	0.00445	0.01207	0.00699	0.01842	0.00572	0.00667	0.00445	0.00381	0.00254	0.00127	0.00318	0.00222	0.00254	0.00445
37	0.88473	0.00794	0.00603	0.00540	0.00794	0.00921	0.00445	0.01207	0.00699	0.01842	0.00572	0.00667	0.00445	0.00381	0.00254	0.00127	0.00318	0.00222	0.00254	0.00445
38	0.01021	0.00882	0.00928	0.00835	0.01067	0.01021	0.00650	0.02181	0.82272	0.01717	0.01671	0.01532	0.01253	0.00557	0.00418	0.00139	0.00325	0.00464	0.00418	0.00650
39	0.00775	0.00730	0.01231	0.84587	0.02827	0.00912	0.01140	0.01049	0.00821	0.01049	0.00730	0.01094	0.00547	0.00410	0.00410	0.00137	0.00547	0.00365	0.00182	0.00456
40	0.01533	0.01956	0.01163	0.01058	0.01269	0.83926	0.00793	0.01639	0.01163	0.01005	0.00635	0.00740	0.00529	0.00423	0.00370	0.00106	0.00740	0.00264	0.00212	0.00476
41	0.00485	0.00416	0.00416	0.00416	0.00554	0.00347	0.00312	0.00589	0.00936	0.01109	0.04158	0.03950	0.82847	0.01040	0.00485	0.00139	0.00208	0.00866	0.00381	0.00347
42	0.01606	0.01077	0.01187	0.00910	0.01237	0.01165	0.00752	0.68795	0.01808	0.15608	0.01088	0.01052	0.00749	0.00495	0.00411	0.00124	0.00435	0.00377	0.00426	0.00698
43	0.88473	0.00794	0.00603	0.00540	0.00794	0.00921	0.00445	0.01207	0.00699	0.01842	0.00572	0.00667	0.00445	0.00381	0.00254	0.00127	0.00318	0.00222	0.00254	0.00445
44	0.01533	0.01956	0.01163	0.01058	0.01269	0.83926	0.00793	0.01639	0.01163	0.01005	0.00635	0.00740	0.00529	0.00423	0.00370	0.00106	0.00740	0.00264	0.00212	0.00476
45	0.01551	0.01145	0.01226	0.00942	0.01269	0.01268	0.00778	0.80199	0.03392	0.02571	0.00998	0.00995	0.00708	0.00494	0.00411	0.00123	0.00449	0.00371	0.00411	0.00697
46	0.00688	0.00577	0.00878	0.00822	0.00961	0.00575	0.12419	0.00985	0.11673	0.01244	0.03954	0.29656	0.06919	0.01020	0.02310	0.00173	0.00373	0.23990	0.00358	0.00423
47	0.23797	0.00648	0.00686	0.00669	0.00787	0.04736	0.00524	0.00934	0.00764	0.02778	0.01269	0.15502	0.01331	0.09310	0.12098	0.00246	0.08660	0.13320	0.00285	0.01655
48	0.00909	0.00887	0.01194	0.01030	0.01067	0.01206	0.00851	0.01156	0.12630	0.01097	0.00770	0.01046	0.02115	0.00700	0.01195	0.00173	0.70895	0.00384	0.00218	0.00477
49	0.00817	0.02091	0.81899	0.01156	0.01754	0.00942	0.01494	0.01287	0.00868	0.01296	0.00800	0.00924	0.02055	0.00402	0.00392	0.00130	0.00599	0.00314	0.00177	0.00602
50	0.02369	0.00882	0.01212	0.08135	0.32142	0.09203	0.04328	0.02273	0.02898	0.03477	0.01335	0.06551	0.04598	0.00633	0.00450	0.00141	0.00466	0.18110	0.00275	0.00521
51	0.00500	0.00357	0.00476	0.00572	0.00595	0.00333	0.00381	0.00572	0.00786	0.01048	0.02262	0.85306	0.02715	0.01286	0.00524	0.00167	0.00238	0.01167	0.00381	0.00333
52	0.00823	0.02123	0.83447	0.01170	0.01777	0.00953	0.01517	0.01300	0.00867	0.01300	0.00737	0.00867	0.00520	0.00390	0.00390	0.00130	0.00607	0.00303	0.00173	0.00607
53	0.05128	0.02460	0.06321	0.07090	0.32305	0.11252	0.03555	0.03794	0.02219	0.16504	0.02044	0.01073	0.00735	0.00468	0.01819	0.00133	0.01871	0.00361	0.00272	0.00597
54	0.00874	0.07021	0.26771	0.35663	0.05383	0.02958	0.02259	0.03151	0.07449	0.01227	0.00890	0.01087	0.02677	0.00427	0.00396	0.00130	0.00534	0.00356	0.00210	0.00536
55	0.00501	0.00371	0.00468	0.00543	0.00591	0.00339	0.00372	0.00582	0.00823	0.01072	0.04013	0.67344	0.18006	0.01229	0.00516	0.00161	0.00233	0.02115	0.00382	0.00337
56	0.01831	0.00716	0.00963	0.00738	0.01056	0.00629	0.00610	0.05023	0.01204	0.80234	0.01595	0.01382	0.01004	0.00507	0.00413	0.00127	0.00353	0.00411	0.00504	0.00699
57	0.01071	0.05709	0.11347	0.09214	0.21166	0.02453	0.07526	0.11500	0.03565	0.09317	0.06227	0.05690	0.00989	0.00493	0.00431	0.00128	0.01876	0.00433	0.00284	0.00582
58	0.00501	0.00358	0.00477	0.00571	0.00596	0.00334	0.00381	0.00575	0.00791	0.01057	0.03445	0.84098	0.02732	0.01279	0.00523	0.00166	0.00237	0.01161	0.00382	0.00334
59	0.00898	0.00898	0.01257	0.01078	0.01078	0.01257	0.00898	0.00988	0.00629	0.00988	0.00539	0.00898	0.00539	0.00718	0.01347	0.00180	0.84823	0.00359	0.00180	0.00449
60	0.01025	0.03840	0.10566	0.03159	0.14455	0.10497	0.46581	0.01330	0.00964	0.01262	0.00776	0.01010	0.00600	0.00369	0.00453	0.00130	0.01809	0.00410	0.00202	0.00561
61	0.01016	0.00975	0.01666	0.02520	0.83013	0.00975	0.01260	0.01260	0.00935	0.01341	0.00772	0.01016	0.00650	0.00366	0.00406	0.00122	0.00488	0.00366	0.00203	0.00650
62	0.00856	0.09671	0.62253	0.01054	0.01598	0.00958	0.02781	0.01255	0.00863	0.01275	0.00722	0.00850	0.00535	0.00373	0.00367	0.00116	0.00548	0.00290	0.00184	0.13451
63	0.09474	0.00774	0.00990	0.05334	0.03089	0.00744	0.00657	0.12220	0.01206	0.59114	0.01375	0.01253	0.00890	0.00486	0.00398	0.00127	0.00374	0.00386	0.00448	0.00661
64	0.26234	0.00725	0.00854	0.00677	0.00976	0.00693	0.00559	0.01777	0.01041	0.60363	0.01324	0.01192	0.00855	0.00472	0.00368	0.00127	0.00340	0.00359	0.00437	0.00627
65	0.00500	0.00357	0.00476	0.00572	0.00595	0.00333	0.00381	0.00572	0.00786	0.01048	0.02262	0.85306	0.02715	0.01286	0.00524	0.00167	0.00238	0.01167	0.00381	0.00333
66	0.00500	0.00371	0.00467	0.00538	0.00588	0.00338	0.00368	0.00583	0.00831	0.01085	0.05941	0.65762	0.18692	0.01219	0.00515	0.00160	0.00230	0.01090	0.00384	0.00338
67	0.00597	0.00398	0.00448	0.00448	0.00448	0.00398	0.00249	0.00597	0.00597	0.00796	0.01293	0.02686	0.01492	0.85574	0.02089	0.00398	0.00398	0.00597	0.00249	0.00249
68	0.01130	0.00936	0.00989	0.00857	0.01109	0.01072	0.00676	0.18199	0.66077	0.01892	0.01533	0.01421	0.01141	0.00544	0.00416	0.00136	0.00350	0.00445	0.00416	0.00659
69	0.01560	0.01150	0.01232	0.00944	0.01273	0.01273	0.00780	0.81645	0.01930	0.02587	0.00986	0.00986	0.00698	0.00493	0.00411	0.00123	0.00452	0.00370	0.00411	0.00698
70	0.00765	0.00383	0.00383	0.00383	0.00478	0.00383	0.00287	0.00956	0.00861	0.01530	0.01339	0.01530	0.01052	0.00478	0.00287	0.00096	0.00191	0.00383	0.87853	0.00383
71	0.00596	0.00400	0.00460	0.00460	0.00465	0.00405	0.00264	0.00605	0.00601	0.00805	0.01282	0.02623	0.01465	0.80679	0.06947	0.00413	0.00440	0.00588	0.00247	0.00256
72	0.00581	0.00420	0.00549	0.00516	0.00613	0.00387	0.00387	0.00775	0.01162	0.01646	0.82797	0.03066	0.03873	0.00839	0.00484	0.00129	0.00194	0.00742	0.00452	0.00387
73	0.01842	0.00699	0.00953	0.00730	0.01048	0.00603	0.00603	0.02000	0.01175	0.83298	0.01619	0.01397	0.01016	0.00508	0.00413	0.00127	0.00349	0.00413	0.00508	0.00699
74	0.01533	0.01956	0.01163	0.01058	0.01269	0.83926	0.00793	0.01639	0.01163	0.01005	0.00635	0.00740	0.00529	0.00423	0.00370	0.00106	0.00740	0.00264	0.00212	0.00476
75	0.01097	0.85821	0.02151	0.00702	0.01054	0.01624	0.00702	0.01229	0.00834	0.00966	0.00571	0.00658	0.00527	0.00351	0.00263	0.00088	0.00439	0.00219	0.00176	0.00527
76	0.01587	0.01062	0.01172	0.00904	0.01227	0.01149	0.00745	0.64962	0.04933	0.16320	0.01120	0.01077	0.00774	0.00498	0.00411	0.00124	0.00429	0.00381	0.00428	0.00696
77	0.01021	0.00882	0.00928	0.00835	0.01067	0.01021	0.00650	0.02181	0.82272	0.01717	0.01671	0.01532	0.01253	0.00557	0.00418	0.00139	0.00325	0.00464	0.00418	0.00650
78	0.00500	0.00357	0.00476	0.00572	0.00595	0.00333	0.00381	0.00572	0.00786	0.01048	0.02262	0.85306	0.02715	0.01286	0.00524	0.00167	0.00238	0.01167	0.00381	0.00333
79	0.00735	0.00513	0.00590	0.00550	0.00607	0.00539	0.00362	0.12521	0.00805	0.01084	0.01245	0.04084	0.01344	0.61078	0.11910	0.00385	0.00489	0.00556	0.00272	0.00331
80	0.01021	0.00882	0.00928	0.00835	0.01067	0.01021	0.00650	0.02181	0.82272	0.01717	0.01671	0.01532	0.01253	0.00557	0.00418	0.00139	0.00325	0.00464	0.00418	0.00650
81	0.00500	0.00357	0.00476	0.00572	0.00595	0.00333	0.00381	0.00572	0.00786	0.01048	0.02262	0.85306	0.02715	0.01286	0.00524	0.00167	0.00238	0.01167	0.00381	0.00333
82	0.11259	0.00706	0.00907	0.00708	0.01012	0.00640	0.00583	0.02838	0.01123	0.71494	0.01513	0.03297	0.00990	0.00512	0.00398	0.00128	0.00344	0.00409	0.00476	0.00662
83	0.00992	0.00962	0.01670	0.09571	0.69618	0.00975	0.06649	0.01256	0.01906	0.01318	0.00783	0.01035	0.00647	0.00371	0.00412	0.00125	0.00505	0.00375	0.00204	0.00627
84	0.01060	0.00642	0.00821	0.03493	0.00961	0.00626	0.03454	0.13693	0.04129	0.22643	0.02126	0.23021	0.17329	0.01939	0.00482	0.00145	0.00329	0.02188	0.00405	0.00511
85	0.00504	0.00368	0.00475	0.00559	0.00599	0.00340	0.00382	0.00583	0.00810	0.01061	0.02492	0.72666	0.12539	0.01251	0.00521	0.00164	0.00239	0.03732	0.00381	0.00336
86	0.00854	0.00732	0.00852	0.00612	0.00974	0.00555	0.00489	0.01053	0.02197	0.01344	0.00745	0.00862	0.00619	0.00308	0.00306	0.00062	0.00304	0.00247	0.00246	0.86638
87	0.71460	0.06991	0.02098	0.00615	0.00874	0.05555	0.00520	0.03338	0.00767	0.01721	0.00588	0.00688	0.00465	0.00393	0.00296	0.00124	0.02564	0.00233	0.00247	0.00462
88	0.00751	0.00382	0.00389	0.00393	0.00485	0.00381	0.00293	0.00937	0.00863	0.01512	0.02699	0.05122	0.01169	0.00518	0.00300	0.00099	0.00193	0.00422	0.82711	0.00381
89	0.00834	0.00855	0.03422	0.01996	0.01060	0.01089	0.03016	0.00947	0.00694	0.01033	0.01069	0.02721	0.11308	0.00743	0.01141	0.00170	0.65246	0.00441	0.01779	0.00440
90	0.00508	0.00416	0.00444	0.00437	0.00564	0.00356	0.00326	0.00628	0.00975	0.01213	0.20427	0.03737	0.64503	0.03011	0.00523	0.00143	0.00209	0.00834	0.00393	0.00353
91	0.00594	0.00403	0.00476	0.00477	0.00487	0.00412	0.00285	0.00614	0.00608	0.00820	0.01284	0.03886	0.01451	0.73461	0.12727	0.00428	0.00487	0.00586	0.00247	0.00265
92	0.01560	0.01150	0.01232	0.00944	0.01273	0.01273	0.00780	0.81645	0.01930	0.02587	0.00986	0.00986	0.00698	0.00493	0.00411	0.00123	0.00452	0.00370	0.00411	0.00698
93	0.01097	0.85821	0.02151	0.00702	0.01054	0.01624	0.00702	0.01229	0.00834	0.00966	0.00571	0.00658	0.00527	0.00351	0.00263	0.00088	0.00439	0.00219	0.00176	0.00527
94	0.01643	0.00963	0.13606	0.00839	0.01203	0.00722	0.02671	0.08381	0.01185	0.62247	0.01414	0.01276	0.00905	0.00485	0.00411	0.00127	0.00405	0.00394	0.00442	0.00681
95	0.84042	0.00819	0.00626	0.00557	0.00812	0.02875	0.00457	0.01239	0.00723	0.04055	0.00602	0.00689	0.00462	0.00386	0.00261	0.00127	0.00328	0.00228	0.00260	0.00452
96	0.01533	0.01956	0.01163	0.01058	0.01269	0.83926	0.00793	0.01639	0.01163	0.01005	0.00635	0.00740	0.00529	0.00423	0.00370	0.00106	0.00740	0.00264	0.00212	0.00476
97	0.00898	0.00898	0.01257	0.01078	0.01078	0.01257	0.00898	0.00988	0.00629	0.00988	0.00539	0.00898	0.00539	0.00718	0.01347	0.00180	0.84823	0.00359	0.00180	0.00449
98	0.01842	0.00699	0.00953	0.00730	0.01048	0.00603	0.00603	0.02000	0.01175	0.83298	0.01619	0.01397	0.01016	0.00508	0.00413	0.00127	0.00349	0.00413	0.00508	0.00699
99	0.01560	0.01150	0.01232	0.00944	0.01273	0.01273	0.00780	0.81645	0.01930	0.02587	0.00986	0.00986	0.00698	0.00493	0.00411	0.00123	0.00452	0.00370	0.00411	0.00698
100	0.00661	0.00472	0.00661	0.00756	0.00850	0.00472	0.00661	0.00850	0.00945	0.01228	0.02173	0.04630	0.02362	0.01134	0.00567	0.00189	0.00378	0.80250	0.00378	0.00378
101	0.00485	0.00416	0.00416	0.00416	0.00554	0.00347	0.00312	0.00589	0.00936	0.01109	0.04158	0.03950	0.82847	0.01040	0.00485	0.00139	0.00208	0.00866	0.00381	0.00347
102	0.00955	0.01077	0.02323	0.01675	0.02066	0.01023	0.76189	0.01288	0.00958	0.01302	0.00873	0.01234	0.00686	0.00386	0.00512	0.00141	0.03068	0.03484	0.00213	0.00544
103	0.88473	0.00794	0.00603	0.00540	0.00794	0.00921	0.00445	0.01207	0.00699	0.01842	0.00572	0.00667	0.00445	0.00381	0.00254	0.00127	0.00318	0.00222	0.00254	0.00445
104	0.00487	0.00416	0.00419	0.00418	0.00556	0.00347	0.00314	0.00593	0.00941	0.01122	0.06018	0.03930	0.80979	0.01035	0.00485	0.00138	0.00208	0.00863	0.00383	0.00347
105	0.00796	0.00749	0.01272	0.76048	0.08514	0.00911	0.02575	0.01067	0.00832	0.01081	0.00743	0.01095	0.00563	0.00407	0.00410	0.00135	0.00541	0.00367	0.01424	0.00471
106	0.01533	0.01956	0.01163	0.01058	0.01269	0.83926	0.00793	0.01639	0.01163	0.01005	0.00635	0.00740	0.00529	0.00423	0.00370	0.00106	0.00740	0.00264	0.00212	0.00476
107	0.01545	0.01135	0.01216	0.00934	0.01258	0.01256	0.00771	0.80131	0.01910	0.02567	0.00992	0.00996	0.00705	0.00492	0.00408	0.00123	0.00447	0.00370	0.02051	0.00692
108	0.35885	0.00849	0.01138	0.33507	0.02764	0.03050	0.11178	0.02446	0.00813	0.01425	0.00676	0.00908	0.00519	0.00400	0.00383	0.00133	0.02915	0.00321	0.00219	0.00470
109	0.00935	0.00519	0.00676	0.00586	0.00748	0.00476	0.00456	0.04294	0.01193	0.22198	0.58098	0.02576	0.04078	0.00745	0.00463	0.00128	0.00243	0.00646	0.00463	0.00477
110	0.00857	0.00738	0.00878	0.00671	0.03681	0.00561	0.00512	0.01041	0.00854	0.01338	0.00731	0.00857	0.00609	0.00306	0.00307	0.00063	0.00310	0.00247	0.00242	0.85197
111	0.01016	0.00975	0.01666	0.02520	0.83013	0.00975	0.01260	0.01260	0.00935	0.01341	0.00772	0.01016	0.00650	0.00366	0.00406	0.00122	0.00488	0.00366	0.00203	0.00650
112	0.00879	0.00868	0.01224	0.01048	0.01056	0.01197	0.02200	0.00968	0.00633	0.00982	0.00593	0.01011	0.00600	0.05564	0.02284	0.00197	0.77699	0.00376	0.00184	0.00438
113	0.00490	0.00416	0.00422	0.00420	0.00557	0.00348	0.00315	0.00598	0.00946	0.01133	0.07746	0.03910	0.79244	0.01030	0.00485	0.00138	0.00207	0.00861	0.00384	0.00348
114	0.00597	0.00399	0.00452	0.00452	0.00453	0.00400	0.00254	0.00600	0.00598	0.00799	0.01289	0.02665	0.01483	0.83919	0.03731	0.00403	0.00412	0.00594	0.00248	0.00251
115	0.00782	0.00737	0.01244	0.82160	0.05199	0.00914	0.01144	0.01055	0.00824	0.01057	0.00731	0.01092	0.00550	0.00409	0.00410	0.00136	0.00545	0.00365	0.00183	0.00462
116	0.00898	0.00898	0.01257	0.01078	0.01078	0.01257	0.00898	0.00988	0.00629	0.00988	0.00539	0.00898	0.00539	0.00718	0.01347	0.00180	0.84823	0.00359	0.00180	0.00449
117	0.01533	0.01956	0.01163	0.01058	0.01269	0.83926	0.00793	0.01639	0.01163	0.01005	0.00635	0.00740	0.00529	0.00423	0.00370	0.00106	0.00740	0.00264	0.00212	0.00476
118	0.01107	0.84078	0.02130	0.00710	0.01058	0.03335	0.00704	0.01238	0.00841	0.00967	0.00572	0.00660	0.00527	0.00353	0.00266	0.00088	0.00445	0.00220	0.00176	0.00526
119	0.02078	0.00620	0.00744	0.00585	0.00843	0.00513	0.00461	0.02931	0.01006	0.07513	0.28993	0.01706	0.02777	0.00521	0.00377	0.00093	0.00269	0.00440	0.02412	0.45117
120	0.03828	0.14120	0.11576	0.02443	0.14603	0.13277	0.08269	0.04776	0.03712	0.16661	0.00971	0.01039	0.02079	0.00424	0.00383	0.00119	0.00509	0.00348	0.00274	0.00588
121	0.00913	0.02298	0.01270	0.01071	0.01081	0.02804	0.00893	0.01004	0.00642	0.00988	0.00541	0.00891	0.00538	0.00707	0.01311	0.00177	0.81884	0.00355	0.00180	0.00451
122	0.00500	0.00357	0.00476	0.00572	0.00595	0.00333	0.00381	0.00572	0.00786	0.01048	0.02262	0.85306	0.02715	0.01286	0.00524	0.00167	0.00238	0.01167	0.00381	0.00333
123	0.00962	0.01513	0.42757	0.21688	0.03281	0.04561	0.03920	0.04246	0.00934	0.08417	0.00844	0.02436	0.00621	0.00429	0.00416	0.00132	0.01704	0.00351	0.00220	0.00567
124	0.00903	0.04827	0.64814	0.01184	0.02966	0.00989	0.07683	0.05797	0.02063	0.02698	0.00826	0.00946	0.01656	0.00403	0.00396	0.00129	0.00584	0.00331	0.00201	0.00604
125	0.00540	0.00403	0.00574	0.00674	0.03213	0.00381	0.02362	0.00632	0.00807	0.01077	0.02175	0.74559	0.02574	0.01223	0.00523	0.00166	0.00267	0.07127	0.00371	0.00352
126	0.00499	0.00362	0.00471	0.00559	0.00592	0.00335	0.00375	0.00573	0.00798	0.01053	0.02420	0.78544	0.09375	0.01266	0.00521	0.00164	0.00236	0.01142	0.00381	0.00335
127	0.05112	0.01037	0.03817	0.01262	0.16364	0.01048	0.09451	0.38236	0.02714	0.11178	0.01019	0.01126	0.00751	0.00460	0.00410	0.00126	0.00460	0.01878	0.02908	0.00644
128	0.02312	0.02334	0.05497	0.06224	0.38015	0.01019	0.07870	0.14589	0.11181	0.04189	0.00949	0.01089	0.00731	0.00418	0.00409	0.00126	0.00476	0.00383	0.01559	0.00630
129	0.00719	0.00527	0.00637	0.00580	0.00706	0.00519	0.00439	0.12643	0.02311	0.01679	0.55933	0.09352	0.08154	0.03317	0.00523	0.00140	0.00244	0.00721	0.00429	0.00426
130	0.02694	0.53723	0.03016	0.00712	0.01058	0.03880	0.00667	0.05185	0.00898	0.01162	0.00635	0.00732	0.00554	0.00355	0.00302	0.00086	0.01668	0.00238	0.00207	0.22228
131	0.01042	0.00949	0.04070	0.10405	0.49445	0.03877	0.01071	0.03752	0.02181	0.08076	0.06638	0.01239	0.02085	0.00477	0.01580	0.00133	0.01727	0.00400	0.00255	0.00598
132	0.14138	0.04521	0.10315	0.03762	0.05813	0.15375	0.00845	0.30866	0.04648	0.02950	0.00829	0.00903	0.00622	0.00445	0.00392	0.00122	0.02251	0.00321	0.00296	0.00588
133	0.00627	0.00473	0.00569	0.00550	0.00666	0.00456	0.00412	0.00908	0.11062	0.02708	0.45713	0.12866	0.18515	0.00895	0.00481	0.00137	0.00223	0.01904	0.00425	0.00410
134	0.00851	0.00730	0.00851	0.00608	0.00973	0.00547	0.00486	0.01034	0.00851	0.01338	0.00730	0.00851	0.00608	0.00304	0.00304	0.00061	0.00304	0.00243	0.00243	0.88083
135	0.01016	0.00975	0.01666	0.02520	0.83013	0.00975	0.01260	0.01260	0.00935	0.01341	0.00772	0.01016	0.00650	0.00366	0.00406	0.00122	0.00488	0.00366	0.00203	0.00650
136	0.00488	0.00406	0.00425	0.00441	0.00561	0.00344	0.00323	0.00586	0.00912	0.01099	0.03856	0.16946	0.70047	0.01079	0.00491	0.00143	0.00213	0.00914	0.00381	0.00344
137	0.00581	0.00420	0.00549	0.00516	0.00613	0.00387	0.00387	0.00775	0.01162	0.01646	0.82797	0.03066	0.03873	0.00839	0.00484	0.00129	0.00194	0.00742	0.00452	0.00387
138	0.01656	0.00658	0.00893	0.00699	0.00984	0.00572	0.00572	0.01820	0.01173	0.71301	0.13547	0.01642	0.01436	0.00557	0.00423	0.00127	0.00326	0.00461	0.00500	0.00653
139	0.00597	0.00398	0.00448	0.00448	0.00448	0.00398	0.00249	0.00597	0.00597	0.00796	0.01293	0.02686	0.01492	0.85574	0.02089	0.00398	0.00398	0.00597	0.00249	0.00249
140	0.00823	0.02123	0.83447	0.01170	0.01777	0.00953	0.01517	0.01300	0.00867	0.01300	0.00737	0.00867	0.00520	0.00390	0.00390	0.00130	0.00607	0.00303	0.00173	0.00607
141	0.01021	0.00882	0.00928	0.00835	0.01067	0.01021	0.00650	0.02181	0.82272	0.01717	0.01671	0.01532	0.01253	0.00557	0.00418	0.00139	0.00325	0.00464	0.00418	0.00650
142	0.00581	0.00420	0.00549	0.00516	0.00613	0.00387	0.00387	0.00775	0.01162	0.01646	0.82797	0.03066	0.03873	0.00839	0.00484	0.00129	0.00194	0.00742	0.00452	0.00387
143	0.00898	0.00898	0.01257	0.01078	0.01078	0.01257	0.00898	0.00988	0.00629	0.00988	0.00539	0.00898	0.00539	0.00718	0.01347	0.00180	0.84823	0.00359	0.00180	0.00449
144	0.01560	0.01150	0.01232	0.00944	0.01273	0.01273	0.00780	0.81645	0.01930	0.02587	0.00986	0.00986	0.00698	0.00493	0.00411	0.00123	0.00452	0.00370	0.00411	0.00698
145	0.00661	0.00472	0.00661	0.00756	0.00850	0.00472	0.00661	0.00850	0.00945	0.01228	0.02173	0.04630	0.02362	0.01134	0.00567	0.00189	0.00378	0.80250	0.00378	0.00378
146	0.01150	0.02256	0.01018	0.00861	0.01116	0.02303	0.00682	0.19852	0.61947	0.01889	0.01486	0.01385	0.01108	0.00538	0.00413	0.00134	0.00361	0.00436	0.00409	0.00656
