[name]
unknown

[dist]
# distance from previous block
# <min> <max>
0	41

[block]
# block no. 0 follows, 54 sequences, length 13
# corresponding to MSA columns:
# 94-106
name=unknown_A
#
# <colnr> <probs for GDERKNQSTAVLIFYWHMCP>
#	G	D	E	R	K	N	Q	S	T	A	V	L	I	F	Y	W	H	M	C	P
0	0.01270	0.00825	0.01016	0.00793	0.01144	0.00706	0.00651	0.06300	0.01151	0.20310	0.01315	0.01720	0.01084	0.00559	0.00458	0.00116	0.02533	0.10692	0.00382	0.46976
1	0.69918	0.00943	0.00779	0.00691	0.00982	0.01091	0.00562	0.04310	0.13597	0.02123	0.00877	0.00939	0.00671	0.00475	0.00329	0.00148	0.00372	0.00306	0.00329	0.00559
2	0.04915	0.00996	0.01135	0.11830	0.01464	0.10380	0.03234	0.05865	0.04694	0.22452	0.07893	0.04706	0.03289	0.00600	0.00482	0.00138	0.02237	0.00489	0.00393	0.12808
3	0.00691	0.00459	0.00590	0.00650	0.00693	0.00443	0.00447	0.00771	0.00873	0.03973	0.02183	0.43100	0.02514	0.26763	0.03115	0.00289	0.00380	0.11299	0.00391	0.00376
4	0.01167	0.01120	0.01914	0.02894	0.80488	0.01120	0.01447	0.01447	0.01074	0.01540	0.00887	0.01167	0.00747	0.00420	0.00467	0.00140	0.00560	0.00420	0.00233	0.00747
5	0.01205	0.01389	0.02509	0.01966	0.09446	0.11984	0.61257	0.01555	0.01139	0.01465	0.00918	0.01206	0.00704	0.00411	0.00531	0.00152	0.00781	0.00510	0.00239	0.00634
6	0.01455	0.03968	0.01326	0.01025	0.02811	0.01075	0.07093	0.25078	0.16405	0.16164	0.05287	0.01579	0.04563	0.00585	0.00469	0.00139	0.00449	0.00489	0.00441	0.09598
7	0.01627	0.02019	0.01334	0.01194	0.01413	0.67073	0.00911	0.01750	0.01237	0.01169	0.00719	0.00880	0.00613	0.00525	0.00573	0.00131	0.11810	0.00317	0.00240	0.04463
8	0.01167	0.01120	0.01914	0.02894	0.80488	0.01120	0.01447	0.01447	0.01074	0.01540	0.00887	0.01167	0.00747	0.00420	0.00467	0.00140	0.00560	0.00420	0.00233	0.00747
9	0.01420	0.01127	0.04258	0.01170	0.09932	0.11679	0.05476	0.07542	0.03965	0.21558	0.09287	0.04252	0.01304	0.00568	0.00463	0.00133	0.00491	0.00480	0.00392	0.14503
10	0.01006	0.00989	0.01376	0.01185	0.01185	0.01372	0.00977	0.01102	0.00719	0.01119	0.00683	0.01183	0.00699	0.06897	0.01610	0.00225	0.76531	0.00433	0.00212	0.00499
11	0.01291	0.01355	0.01794	0.02545	0.64057	0.17840	0.01336	0.01538	0.01128	0.01460	0.00854	0.01101	0.00718	0.00434	0.00458	0.00136	0.00620	0.00396	0.00235	0.00705
12	0.01240	0.01071	0.01232	0.01059	0.01270	0.01299	0.00852	0.15294	0.44212	0.01910	0.01420	0.01447	0.01100	0.00679	0.00777	0.00170	0.23394	0.00481	0.00402	0.00691

[dist]
# distance from previous block
# <min> <max>
0	1

[block]
# block no. 1 follows, 54 sequences, length 17
# corresponding to MSA columns:
# 108-124
name=unknown_B
#
# <colnr> <probs for GDERKNQSTAVLIFYWHMCP>
#	G	D	E	R	K	N	Q	S	T	A	V	L	I	F	Y	W	H	M	C	P
0	0.00974	0.00873	0.01486	0.58493	0.16397	0.01015	0.03795	0.01249	0.00961	0.03393	0.00877	0.01263	0.00679	0.00537	0.00561	0.05644	0.00602	0.00425	0.00224	0.00553
1	0.01032	0.01032	0.01444	0.01238	0.01238	0.01444	0.01032	0.01135	0.00722	0.01135	0.00619	0.01032	0.00619	0.00825	0.01547	0.00206	0.82567	0.00413	0.00206	0.00516
2	0.01000	0.00858	0.01422	0.69392	0.07692	0.01037	0.01265	0.01297	0.00974	0.07019	0.00909	0.01271	0.00675	0.00486	0.00500	0.00157	0.02828	0.00423	0.00238	0.00557
3	0.01792	0.01321	0.01415	0.01085	0.01462	0.01462	0.00896	0.78916	0.02217	0.02972	0.01132	0.01132	0.00802	0.00566	0.00472	0.00142	0.00519	0.00425	0.00472	0.00802
4	0.01194	0.01172	0.01887	0.02817	0.76858	0.04815	0.01422	0.01467	0.01086	0.01523	0.00880	0.01152	0.00740	0.00423	0.00465	0.00139	0.00573	0.00415	0.00234	0.00738
5	0.56474	0.00920	0.00948	0.23764	0.01612	0.01083	0.00764	0.06800	0.00942	0.01918	0.00741	0.00931	0.00565	0.00456	0.00355	0.00149	0.00450	0.00314	0.00281	0.00535
6	0.06768	0.01051	0.03539	0.00982	0.01343	0.01024	0.05910	0.28976	0.04277	0.32445	0.04137	0.01549	0.04619	0.00594	0.00474	0.00146	0.00461	0.00483	0.00481	0.00739
7	0.00570	0.00465	0.00504	0.00521	0.00652	0.00399	0.00381	0.00692	0.01065	0.01314	0.10956	0.19140	0.59248	0.01227	0.00565	0.00164	0.00244	0.01047	0.00445	0.00399
8	0.04821	0.25420	0.19084	0.01104	0.04074	0.12248	0.01047	0.14373	0.02709	0.07327	0.00903	0.00985	0.00694	0.00482	0.00434	0.00131	0.02871	0.00340	0.00289	0.00665
9	0.03392	0.01303	0.04553	0.15644	0.04500	0.23129	0.00918	0.08627	0.03825	0.13855	0.03611	0.03714	0.07547	0.00613	0.00495	0.00145	0.02700	0.00478	0.00346	0.00604
10	0.01380	0.13353	0.17216	0.00909	0.01283	0.00965	0.00882	0.09929	0.01252	0.26895	0.07305	0.10761	0.04491	0.00680	0.00467	0.00145	0.00455	0.00557	0.00411	0.00663
11	0.01319	0.01202	0.03352	0.01048	0.05036	0.22134	0.04180	0.04855	0.09372	0.13585	0.17282	0.08139	0.03063	0.02654	0.00537	0.00153	0.00508	0.00587	0.00402	0.00593
12	0.05400	0.01160	0.04501	0.02692	0.70676	0.01119	0.04658	0.01448	0.01059	0.01566	0.00877	0.01146	0.00729	0.00421	0.00461	0.00141	0.00565	0.00415	0.00235	0.00729
13	0.86760	0.00912	0.00693	0.00620	0.00912	0.01058	0.00511	0.01386	0.00802	0.02115	0.00657	0.00766	0.00511	0.00438	0.00292	0.00146	0.00365	0.00255	0.00292	0.00511
14	0.01069	0.01020	0.01737	0.31074	0.53075	0.01094	0.01398	0.01361	0.01027	0.01421	0.00870	0.01199	0.00705	0.00438	0.00468	0.00146	0.00584	0.00420	0.00225	0.00668
15	0.00924	0.00719	0.00915	0.02814	0.01039	0.00730	0.04966	0.07744	0.16656	0.04582	0.37988	0.02881	0.14427	0.00844	0.00529	0.00152	0.00327	0.00735	0.00474	0.00552
16	0.12891	0.01340	0.02333	0.00964	0.01272	0.19713	0.00776	0.30942	0.03406	0.08118	0.02816	0.04074	0.04029	0.00588	0.00440	0.00138	0.00530	0.00437	0.01733	0.03458

[dist]
# distance from previous block
# <min> <max>
3	4

[block]
# block no. 2 follows, 54 sequences, length 36
# corresponding to MSA columns:
# 129-164
name=unknown_C
#
# <colnr> <probs for GDERKNQSTAVLIFYWHMCP>
#	G	D	E	R	K	N	Q	S	T	A	V	L	I	F	Y	W	H	M	C	P
0	0.00952	0.00619	0.00797	0.00794	0.04299	0.00586	0.01935	0.07879	0.01154	0.12782	0.09117	0.29085	0.18768	0.05965	0.01565	0.00190	0.00348	0.02218	0.00445	0.00504
1	0.01305	0.01054	0.01136	0.01015	0.04989	0.03812	0.00762	0.31283	0.24502	0.02184	0.08353	0.04755	0.06788	0.02968	0.00540	0.00157	0.00430	0.00563	0.00445	0.02959
2	0.03408	0.01055	0.01674	0.17907	0.47700	0.01142	0.01288	0.06443	0.01078	0.01544	0.00859	0.01152	0.00707	0.00478	0.00566	0.00148	0.08634	0.00410	0.00245	0.03561
3	0.01082	0.01012	0.01628	0.33136	0.36207	0.02720	0.02800	0.02819	0.01025	0.02843	0.00882	0.01208	0.00707	0.00483	0.00556	0.00152	0.07388	0.00421	0.02301	0.00630
4	0.01252	0.01047	0.01179	0.03210	0.04611	0.13602	0.04703	0.05574	0.03800	0.13737	0.08472	0.04588	0.07649	0.05544	0.00774	0.00173	0.13698	0.02714	0.00364	0.03308
5	0.01208	0.03579	0.04058	0.17138	0.36635	0.12764	0.01232	0.03074	0.06021	0.02598	0.00937	0.02175	0.00769	0.00495	0.00521	0.00146	0.05325	0.00415	0.00255	0.00655
6	0.03970	0.01116	0.01716	0.11787	0.34202	0.06543	0.11227	0.01350	0.00992	0.01387	0.00896	0.03632	0.00792	0.03327	0.00727	0.00167	0.14855	0.00459	0.00237	0.00618
7	0.02281	0.08577	0.29998	0.01236	0.05434	0.07010	0.09511	0.03672	0.05933	0.07439	0.08345	0.01536	0.05870	0.00556	0.00465	0.00144	0.00574	0.00469	0.00306	0.00644
8	0.00733	0.00582	0.00955	0.00903	0.01029	0.00546	0.13260	0.00889	0.00980	0.03648	0.02355	0.54502	0.04746	0.01243	0.00596	0.00187	0.00383	0.11608	0.00409	0.00444
9	0.19355	0.01186	0.01325	0.15387	0.15916	0.08941	0.00979	0.23245	0.05953	0.01993	0.00944	0.01093	0.00719	0.00493	0.00429	0.00144	0.00536	0.00382	0.00324	0.00655
10	0.01042	0.00993	0.01689	0.38703	0.45654	0.01087	0.01385	0.01338	0.01015	0.01389	0.00865	0.01208	0.00693	0.00443	0.00469	0.00148	0.00591	0.00420	0.00223	0.00646
11	0.01013	0.22422	0.45690	0.01125	0.01651	0.02386	0.03439	0.02492	0.01035	0.01416	0.04508	0.01431	0.04743	0.00537	0.00434	0.00141	0.00596	0.04065	0.00242	0.00634
12	0.01339	0.09126	0.32113	0.01314	0.01836	0.01096	0.20025	0.03880	0.01146	0.21872	0.01123	0.01201	0.00779	0.00470	0.00468	0.00146	0.00622	0.00424	0.00315	0.00704
13	0.00908	0.00856	0.01445	0.77347	0.08062	0.01052	0.01318	0.01220	0.00951	0.01226	0.00841	0.01251	0.00636	0.00468	0.00471	0.00156	0.00624	0.00419	0.00211	0.00538
14	0.00910	0.00858	0.01449	0.76810	0.08584	0.01053	0.01319	0.01221	0.00952	0.01228	0.00841	0.01251	0.00637	0.00468	0.00471	0.00156	0.00624	0.00419	0.00211	0.00539
15	0.01289	0.01481	0.01365	0.03777	0.01391	0.34839	0.04367	0.01418	0.01022	0.01169	0.00890	0.09388	0.00875	0.00720	0.00903	0.00166	0.33705	0.00469	0.00247	0.00521
16	0.01083	0.01222	0.02627	0.03403	0.03985	0.01150	0.71969	0.01463	0.01107	0.01494	0.01136	0.01428	0.04579	0.00438	0.00553	0.00159	0.00760	0.00572	0.00248	0.00625
17	0.05705	0.00834	0.02474	0.00862	0.01148	0.00787	0.01687	0.12615	0.04502	0.38075	0.01872	0.11520	0.02495	0.00778	0.00502	0.00160	0.00409	0.10737	0.02165	0.00672
18	0.02140	0.02671	0.01380	0.01192	0.05146	0.16962	0.13865	0.13137	0.03077	0.04363	0.07681	0.12442	0.05281	0.00750	0.00534	0.00155	0.02234	0.06049	0.00362	0.00579
19	0.01071	0.01212	0.02608	0.01873	0.02326	0.01132	0.72857	0.01447	0.01110	0.01492	0.01242	0.01518	0.06722	0.00458	0.00557	0.00159	0.00753	0.00590	0.00254	0.00618
20	0.00709	0.00658	0.00685	0.00683	0.00810	0.07770	0.02797	0.00828	0.01033	0.01248	0.03389	0.29471	0.40700	0.01191	0.00593	0.00170	0.02854	0.03585	0.00407	0.00418
21	0.00890	0.00838	0.01414	0.82296	0.03247	0.01048	0.01309	0.01205	0.00943	0.01205	0.00838	0.01257	0.00629	0.00471	0.00471	0.00157	0.00629	0.00419	0.00210	0.00524
22	0.01167	0.01110	0.01911	0.03517	0.53119	0.01130	0.13565	0.03784	0.04492	0.03106	0.01004	0.03644	0.00844	0.00487	0.00544	0.00149	0.04983	0.00475	0.00263	0.00706
23	0.01403	0.01579	0.01591	0.06323	0.37352	0.35401	0.01170	0.01664	0.04930	0.01371	0.00861	0.01063	0.00712	0.00469	0.00470	0.00135	0.02239	0.00376	0.00247	0.00645
24	0.01167	0.03406	0.01967	0.02797	0.74926	0.01144	0.04774	0.01449	0.01072	0.01527	0.00883	0.01160	0.00742	0.00419	0.00466	0.00140	0.00569	0.00421	0.00233	0.00738
25	0.00890	0.00814	0.01323	0.70884	0.02918	0.01000	0.01206	0.01245	0.04730	0.01292	0.04794	0.01482	0.00907	0.00521	0.00476	0.00157	0.00583	0.01940	0.02311	0.00527
26	0.01133	0.16067	0.44764	0.01178	0.01693	0.10011	0.05005	0.01498	0.01025	0.05171	0.00905	0.01147	0.00722	0.07049	0.00582	0.00163	0.00652	0.00370	0.00232	0.00634
27	0.01040	0.06825	0.62800	0.01431	0.06900	0.04987	0.05563	0.01515	0.01025	0.02459	0.00851	0.01008	0.00621	0.00445	0.00446	0.00145	0.00686	0.00358	0.00210	0.00686
28	0.00995	0.00571	0.00746	0.00679	0.00845	0.00536	0.00528	0.01214	0.03415	0.18988	0.36759	0.04485	0.09592	0.04745	0.08689	0.00228	0.00395	0.05593	0.00482	0.00517
29	0.00622	0.00447	0.00589	0.03847	0.00794	0.00430	0.00483	0.00732	0.00933	0.01251	0.03558	0.60123	0.07949	0.04422	0.00652	0.00196	0.00303	0.07696	0.04581	0.00394
30	0.01417	0.09314	0.08478	0.01159	0.05664	0.09681	0.11613	0.03924	0.01170	0.24808	0.01437	0.05708	0.02900	0.06316	0.00610	0.00168	0.00548	0.04081	0.00367	0.00637
31	0.01074	0.01304	0.15469	0.03696	0.35796	0.02849	0.16872	0.01409	0.01992	0.03029	0.02102	0.10112	0.01030	0.00550	0.00497	0.00151	0.00598	0.00540	0.00264	0.00665
32	0.01139	0.01092	0.01864	0.10801	0.72797	0.01113	0.01433	0.01423	0.01061	0.01507	0.00882	0.01176	0.00735	0.00425	0.00467	0.00142	0.00567	0.00420	0.00231	0.00725
33	0.00878	0.00821	0.01380	0.79095	0.03147	0.01022	0.01275	0.01183	0.00941	0.01205	0.00907	0.04467	0.00726	0.00511	0.00477	0.00158	0.00615	0.00455	0.00218	0.00518
34	0.09987	0.02376	0.01535	0.09252	0.14684	0.14840	0.11371	0.11512	0.01272	0.15155	0.01074	0.03012	0.00814	0.00505	0.00457	0.00143	0.00589	0.00430	0.00333	0.00659
35	0.06801	0.00546	0.00606	0.00653	0.00735	0.02447	0.00453	0.04486	0.00971	0.01335	0.02518	0.54345	0.12286	0.08660	0.00725	0.00204	0.00318	0.01092	0.00411	0.00409

[dist]
# distance from previous block
# <min> <max>
1	6

[block]
# block no. 3 follows, 54 sequences, length 18
# corresponding to MSA columns:
# 172-189
name=unknown_D
#
# <colnr> <probs for GDERKNQSTAVLIFYWHMCP>
#	G	D	E	R	K	N	Q	S	T	A	V	L	I	F	Y	W	H	M	C	P
0	0.01406	0.06916	0.05173	0.01074	0.03916	0.07052	0.03421	0.28197	0.18817	0.05983	0.02797	0.01429	0.01056	0.04534	0.04539	0.00187	0.00546	0.00455	0.01813	0.00690
1	0.01740	0.00812	0.01040	0.00804	0.01153	0.00713	0.00655	0.05856	0.03756	0.52882	0.04090	0.03042	0.01210	0.00568	0.00451	0.00132	0.00382	0.00464	0.03494	0.16759
2	0.00978	0.00838	0.00978	0.00698	0.01117	0.00629	0.00559	0.01187	0.00978	0.01536	0.00838	0.00978	0.00698	0.00349	0.00349	0.00070	0.00349	0.00279	0.00279	0.86312
3	0.00714	0.00550	0.00663	0.00637	0.00673	0.00597	0.00438	0.00768	0.00804	0.01072	0.04883	0.05728	0.15739	0.47946	0.01761	0.00338	0.12937	0.03079	0.00319	0.00354
4	0.00629	0.00450	0.00593	0.00685	0.00732	0.00430	0.00478	0.03019	0.00970	0.01295	0.04972	0.71834	0.03058	0.01420	0.00601	0.00191	0.00292	0.07511	0.00441	0.00402
5	0.00678	0.00526	0.00622	0.00590	0.00729	0.00493	0.00445	0.00964	0.07949	0.01714	0.51094	0.03674	0.26759	0.01005	0.00550	0.00153	0.00240	0.00868	0.00492	0.00457
6	0.04787	0.00655	0.00765	0.00646	0.00878	0.00631	0.00515	0.05067	0.03742	0.32217	0.01622	0.01632	0.01155	0.00562	0.00395	0.00128	0.00313	0.00448	0.43235	0.00608
7	0.00627	0.00472	0.00573	0.00564	0.00675	0.00425	0.00413	0.00795	0.01187	0.01599	0.46961	0.12402	0.25907	0.04518	0.00638	0.00169	0.00242	0.00939	0.00477	0.00418
8	0.00592	0.00460	0.00539	0.00559	0.00668	0.00407	0.00404	0.00729	0.01098	0.01423	0.24841	0.26161	0.38010	0.01210	0.00569	0.00165	0.00244	0.01052	0.00460	0.00407
9	0.01186	0.00903	0.01044	0.00774	0.01172	0.00770	0.00623	0.10237	0.06996	0.08801	0.01043	0.01109	0.00807	0.00416	0.00384	0.00091	0.00375	0.00332	0.00343	0.62591
10	0.00597	0.00426	0.00573	0.00682	0.00719	0.00402	0.00476	0.00695	0.00925	0.01229	0.02586	0.73769	0.03070	0.01456	0.00608	0.00195	0.00293	0.10474	0.00437	0.00389
11	0.01388	0.01575	0.03453	0.01384	0.01654	0.30357	0.21284	0.09519	0.01216	0.01459	0.00836	0.01064	0.00679	0.00546	0.00704	0.00152	0.18459	0.00412	0.03271	0.00589
12	0.03954	0.07347	0.29404	0.04183	0.09769	0.05233	0.08503	0.05670	0.01112	0.10133	0.01014	0.02635	0.00779	0.02069	0.00502	0.00148	0.01972	0.00409	0.02041	0.03123
13	0.06406	0.30777	0.08694	0.01210	0.04023	0.08977	0.17463	0.06488	0.03238	0.01477	0.02968	0.03212	0.00862	0.00490	0.00421	0.00133	0.00591	0.01690	0.00263	0.00616
14	0.02809	0.00483	0.00558	0.00579	0.00688	0.00447	0.00417	0.00780	0.03021	0.01384	0.17408	0.27688	0.33438	0.04484	0.03459	0.00199	0.00297	0.01013	0.00438	0.00410
15	0.01334	0.55513	0.02135	0.03515	0.02873	0.14812	0.04190	0.05709	0.01089	0.01241	0.00743	0.00911	0.00659	0.03027	0.00417	0.00123	0.00578	0.00305	0.00228	0.00598
16	0.00967	0.00674	0.00809	0.00674	0.00930	0.00588	0.00525	0.01243	0.07008	0.10542	0.19976	0.05867	0.10696	0.00830	0.03944	0.00150	0.00345	0.00597	0.04117	0.29518
17	0.02278	0.15060	0.10423	0.08908	0.10702	0.11703	0.12561	0.01472	0.04921	0.03629	0.01139	0.04420	0.03635	0.02703	0.00539	0.00152	0.03119	0.01769	0.00266	0.00603

[dist]
# distance from previous block
# <min> <max>
0	4

[block]
# block no. 4 follows, 54 sequences, length 6
# corresponding to MSA columns:
# 194-199
name=unknown_E
#
# <colnr> <probs for GDERKNQSTAVLIFYWHMCP>
#	G	D	E	R	K	N	Q	S	T	A	V	L	I	F	Y	W	H	M	C	P
0	0.05994	0.08548	0.06572	0.01276	0.13459	0.12195	0.00941	0.20374	0.12361	0.04986	0.01278	0.01321	0.05068	0.00542	0.00441	0.00137	0.00528	0.00422	0.00351	0.03206
1	0.01008	0.00583	0.00719	0.00660	0.00849	0.00528	0.00517	0.01230	0.04932	0.20731	0.21625	0.09048	0.27483	0.00994	0.00544	0.00160	0.00299	0.07069	0.00494	0.00526
2	0.00729	0.00615	0.00647	0.00668	0.00765	0.06482	0.00478	0.00918	0.05256	0.01394	0.20421	0.32378	0.15329	0.07871	0.00713	0.00192	0.00326	0.03960	0.00432	0.00425
3	0.07736	0.09486	0.16570	0.01185	0.08381	0.09174	0.01014	0.20981	0.04044	0.07984	0.03732	0.03060	0.00936	0.00627	0.02933	0.00159	0.00570	0.00414	0.00339	0.00676
4	0.00776	0.00569	0.00753	0.00801	0.05591	0.00539	0.02972	0.03996	0.01073	0.04446	0.08517	0.26750	0.23130	0.03632	0.03331	0.00194	0.00353	0.05462	0.06655	0.00460
5	0.00626	0.00585	0.06530	0.00682	0.00783	0.00456	0.00531	0.00759	0.00959	0.01281	0.09329	0.51482	0.11625	0.07460	0.00719	0.00202	0.00318	0.04852	0.00415	0.00409

[dist]
# distance from previous block
# <min> <max>
0	2

[block]
# block no. 5 follows, 54 sequences, length 12
# corresponding to MSA columns:
# 202-213
name=unknown_F
#
# <colnr> <probs for GDERKNQSTAVLIFYWHMCP>
#	G	D	E	R	K	N	Q	S	T	A	V	L	I	F	Y	W	H	M	C	P
0	0.01378	0.00769	0.05371	0.00718	0.00973	0.00670	0.00617	0.09181	0.01238	0.28283	0.01633	0.01848	0.01224	0.00609	0.00421	0.00135	0.00352	0.05766	0.38205	0.00611
1	0.03886	0.60364	0.04350	0.00851	0.01226	0.03671	0.00814	0.07528	0.05548	0.01361	0.02221	0.00952	0.00760	0.00586	0.04031	0.00141	0.00537	0.00308	0.00250	0.00616
2	0.01079	0.12066	0.37798	0.01173	0.05197	0.05677	0.02579	0.05336	0.01092	0.01532	0.04945	0.01104	0.00837	0.00456	0.00419	0.00125	0.00575	0.00357	0.00250	0.17402
3	0.08172	0.09821	0.30457	0.01264	0.05734	0.04883	0.07672	0.07842	0.16458	0.01706	0.01050	0.01138	0.00790	0.00486	0.00438	0.00145	0.00581	0.00392	0.00290	0.00681
4	0.01801	0.00911	0.04662	0.00851	0.01182	0.04690	0.00715	0.04603	0.01305	0.58653	0.01969	0.09282	0.05814	0.00690	0.00487	0.00150	0.00420	0.00569	0.00524	0.00723
5	0.01056	0.01061	0.03271	0.03377	0.01168	0.16570	0.04196	0.04081	0.15817	0.03123	0.23375	0.04587	0.14817	0.00785	0.00508	0.00149	0.00443	0.00659	0.00411	0.00549
6	0.00714	0.00545	0.00641	0.00599	0.00739	0.00516	0.00450	0.04427	0.05331	0.01730	0.48209	0.03588	0.25178	0.04496	0.00627	0.00165	0.00258	0.00849	0.00482	0.00457
7	0.01306	0.04773	0.05977	0.04188	0.08532	0.06309	0.03822	0.08302	0.14845	0.15836	0.05001	0.04582	0.02479	0.02049	0.05280	0.00191	0.03224	0.02265	0.00385	0.00654
8	0.01046	0.01206	0.10775	0.07620	0.17336	0.09929	0.06515	0.02767	0.07679	0.01467	0.09530	0.01763	0.05804	0.05909	0.04666	0.00199	0.04387	0.00517	0.00299	0.00587
9	0.03661	0.01226	0.01250	0.01011	0.01338	0.07120	0.00816	0.44404	0.18990	0.09030	0.05261	0.01399	0.01132	0.00595	0.00470	0.00145	0.00483	0.00461	0.00464	0.00746
10	0.01362	0.06084	0.06106	0.02239	0.05411	0.05937	0.00851	0.22414	0.04657	0.07646	0.01014	0.01094	0.00773	0.00480	0.00463	0.00119	0.03967	0.00362	0.00344	0.28678
11	0.01243	0.03351	0.17753	0.01155	0.02803	0.13169	0.10800	0.13351	0.08038	0.02805	0.01151	0.04177	0.00912	0.00530	0.00446	0.00137	0.00567	0.00442	0.12706	0.04464

[dist]
# distance from previous block
# <min> <max>
0	1

[block]
# block no. 6 follows, 54 sequences, length 20
# corresponding to MSA columns:
# 215-234
name=unknown_G
#
# <colnr> <probs for GDERKNQSTAVLIFYWHMCP>
#	G	D	E	R	K	N	Q	S	T	A	V	L	I	F	Y	W	H	M	C	P
0	0.00775	0.00607	0.00713	0.00674	0.00811	0.01886	0.00517	0.01040	0.08491	0.04420	0.22713	0.04606	0.28302	0.04733	0.10215	0.00243	0.05575	0.02792	0.00422	0.00466
1	0.00952	0.00776	0.00900	0.05739	0.01140	0.00857	0.00667	0.05693	0.36999	0.01733	0.11028	0.20635	0.03849	0.02421	0.00561	0.00173	0.00358	0.04482	0.00451	0.00588
2	0.00961	0.00928	0.01310	0.01144	0.01160	0.01276	0.00945	0.01077	0.00729	0.01127	0.00745	0.01193	0.00729	0.01357	0.17247	0.00315	0.66613	0.00431	0.00215	0.00497
3	0.00604	0.00469	0.00552	0.00595	0.00704	0.00420	0.00445	0.00734	0.01045	0.01323	0.10449	0.26248	0.39570	0.02673	0.00615	0.00181	0.00279	0.12252	0.00442	0.00401
4	0.09610	0.01272	0.01288	0.02691	0.11630	0.14581	0.00885	0.30896	0.05102	0.03110	0.01008	0.01141	0.00781	0.00649	0.02180	0.04684	0.03973	0.00394	0.03470	0.00653
5	0.00854	0.00610	0.00713	0.00674	0.00822	0.00599	0.00507	0.14243	0.01291	0.03323	0.22720	0.25634	0.18525	0.01063	0.00543	0.00161	0.00298	0.02126	0.04808	0.00486
6	0.00980	0.00929	0.05222	0.00853	0.05180	0.00692	0.00670	0.01253	0.04256	0.01541	0.00946	0.03817	0.00809	0.00408	0.00374	0.00085	0.00377	0.00337	0.00287	0.70983
7	0.00947	0.00918	0.01417	0.62343	0.04260	0.05115	0.05274	0.02626	0.01018	0.01292	0.05014	0.01467	0.03814	0.00527	0.00500	0.00155	0.02073	0.00464	0.00242	0.00531
8	0.00692	0.00485	0.00567	0.00585	0.00617	0.00489	0.00371	0.00794	0.04762	0.01060	0.01851	0.15614	0.04845	0.56349	0.04353	0.00386	0.00440	0.05065	0.00332	0.00341
9	0.01143	0.01096	0.01871	0.09759	0.73811	0.01114	0.01435	0.01426	0.01062	0.01511	0.00883	0.01175	0.00737	0.00425	0.00467	0.00142	0.00566	0.00420	0.00231	0.00728
10	0.01116	0.01264	0.02737	0.02034	0.06492	0.01189	0.74784	0.01507	0.01111	0.01512	0.00950	0.01266	0.00717	0.00399	0.00552	0.00158	0.00783	0.00549	0.00238	0.00642
11	0.01022	0.00898	0.01463	0.58575	0.16674	0.01050	0.01264	0.01391	0.06199	0.05502	0.00972	0.01293	0.00732	0.00479	0.00471	0.00154	0.00588	0.00430	0.00251	0.00593
12	0.00685	0.00460	0.00527	0.00527	0.00531	0.00464	0.00302	0.00694	0.00689	0.00924	0.01474	0.03021	0.01686	0.79250	0.06541	0.00473	0.00499	0.00676	0.00284	0.00293
13	0.01617	0.01194	0.03838	0.01022	0.01374	0.01260	0.00851	0.42779	0.25917	0.12868	0.01461	0.01383	0.01040	0.00587	0.00474	0.00148	0.00464	0.00462	0.00480	0.00781
14	0.00659	0.00459	0.00511	0.00515	0.00551	0.00442	0.00311	0.00695	0.00792	0.01036	0.04345	0.06856	0.16788	0.60607	0.01887	0.00375	0.00397	0.00774	0.01684	0.00318
15	0.00745	0.00523	0.00624	0.00600	0.00749	0.00474	0.00460	0.00958	0.04075	0.07053	0.33858	0.07625	0.33400	0.01062	0.00556	0.00159	0.00263	0.05877	0.00481	0.00459
16	0.00876	0.00710	0.02576	0.07267	0.06325	0.00698	0.02107	0.01299	0.15852	0.04605	0.22357	0.08239	0.15437	0.00828	0.00506	0.00152	0.00339	0.00718	0.08573	0.00537
17	0.01007	0.00803	0.00946	0.00714	0.01072	0.00647	0.00565	0.05946	0.01092	0.04170	0.08090	0.07329	0.01233	0.00508	0.00398	0.00093	0.00344	0.00424	0.00334	0.64284
18	0.01228	0.10733	0.09603	0.03277	0.04108	0.02547	0.06036	0.10000	0.02208	0.09919	0.03561	0.03440	0.00931	0.00500	0.00468	0.00122	0.03899	0.00404	0.00320	0.26696
19	0.09988	0.00764	0.00908	0.03043	0.08053	0.02767	0.02047	0.01314	0.14097	0.01707	0.22640	0.04438	0.09081	0.00824	0.03096	0.00166	0.02653	0.00611	0.07816	0.03986

[dist]
# distance from previous block
# <min> <max>
0	2

[block]
# block no. 7 follows, 54 sequences, length 22
# corresponding to MSA columns:
# 237-258
name=unknown_H
#
# <colnr> <probs for GDERKNQSTAVLIFYWHMCP>
#	G	D	E	R	K	N	Q	S	T	A	V	L	I	F	Y	W	H	M	C	P
0	0.45959	0.19940	0.04731	0.00887	0.04648	0.09223	0.00740	0.04768	0.00970	0.01755	0.00701	0.00821	0.00571	0.00448	0.00357	0.00134	0.02233	0.00281	0.00266	0.00567
1	0.01538	0.17905	0.03708	0.04253	0.01451	0.49692	0.00911	0.05750	0.01241	0.01268	0.00771	0.00916	0.00645	0.00539	0.01827	0.00134	0.03921	0.00317	0.02646	0.00568
2	0.00862	0.09183	0.30273	0.00964	0.01318	0.02499	0.02741	0.01218	0.05213	0.01445	0.12525	0.19171	0.05684	0.02554	0.00536	0.00162	0.00478	0.02291	0.00330	0.00556
3	0.00641	0.00447	0.00553	0.00595	0.00622	0.00439	0.00383	0.00699	0.00812	0.01086	0.04219	0.32686	0.04846	0.40239	0.07350	0.00356	0.00434	0.02895	0.00355	0.00343
4	0.10766	0.10746	0.09151	0.03156	0.06871	0.04842	0.00871	0.07485	0.03533	0.32309	0.01418	0.01379	0.04363	0.00542	0.00433	0.00140	0.00477	0.00420	0.00402	0.00695
5	0.00990	0.00723	0.00876	0.00846	0.04086	0.02796	0.02191	0.01449	0.20233	0.10848	0.25899	0.15662	0.09662	0.00900	0.00529	0.00158	0.00331	0.00786	0.00472	0.00564
6	0.00574	0.00413	0.00544	0.00649	0.00682	0.00384	0.00434	0.00657	0.00910	0.01207	0.02693	0.79720	0.06460	0.01465	0.00600	0.00190	0.00272	0.01325	0.00438	0.00384
7	0.01261	0.83713	0.02471	0.00807	0.01210	0.01866	0.00807	0.01412	0.00958	0.01109	0.00656	0.00756	0.00605	0.00403	0.00303	0.00101	0.00504	0.00252	0.00202	0.00605
8	0.01288	0.00707	0.00896	0.00781	0.01000	0.00708	0.00615	0.04091	0.13391	0.28938	0.13213	0.09142	0.03940	0.01162	0.11972	0.00238	0.02032	0.00628	0.04640	0.00617
9	0.00856	0.00504	0.00665	0.00700	0.00800	0.00469	0.00504	0.01008	0.03510	0.14161	0.05724	0.58499	0.04293	0.01270	0.00577	0.00182	0.00303	0.05039	0.00466	0.00468
10	0.01167	0.01120	0.01914	0.02894	0.80488	0.01120	0.01447	0.01447	0.01074	0.01540	0.00887	0.01167	0.00747	0.00420	0.00467	0.00140	0.00560	0.00420	0.00233	0.00747
11	0.00758	0.00505	0.00641	0.00593	0.00731	0.00456	0.00450	0.00961	0.01295	0.07676	0.62492	0.03539	0.16171	0.00972	0.00550	0.00150	0.00238	0.00847	0.00511	0.00464
12	0.01565	0.00696	0.00866	0.00707	0.00968	0.00646	0.00569	0.07459	0.01297	0.42607	0.08745	0.01791	0.01448	0.00605	0.00435	0.00134	0.00336	0.00493	0.27978	0.00654
13	0.01332	0.53030	0.01998	0.00901	0.01257	0.11477	0.00812	0.05658	0.16740	0.01382	0.00941	0.00987	0.00782	0.00469	0.00362	0.00117	0.00521	0.00323	0.00276	0.00636
14	0.01232	0.01045	0.01165	0.01001	0.01288	0.01181	0.04129	0.13415	0.61568	0.02066	0.01891	0.01771	0.04819	0.00643	0.00485	0.00157	0.00406	0.00539	0.00466	0.00734
15	0.00831	0.00610	0.00720	0.00666	0.00830	0.00604	0.00507	0.01268	0.18038	0.05941	0.44698	0.04993	0.16594	0.00925	0.00537	0.00153	0.00268	0.00800	0.00498	0.00519
16	0.00592	0.00433	0.00559	0.00639	0.00695	0.00400	0.00445	0.00701	0.00982	0.01301	0.11853	0.61057	0.12162	0.01377	0.00594	0.00184	0.00271	0.04914	0.00447	0.00394
17	0.00662	0.00451	0.00539	0.00567	0.00580	0.00448	0.00347	0.00694	0.00750	0.01002	0.01759	0.21248	0.02041	0.59112	0.05164	0.00402	0.00448	0.03145	0.00323	0.00318
18	0.00689	0.00468	0.00610	0.00630	0.00721	0.00430	0.00456	0.00845	0.01134	0.05061	0.37859	0.36248	0.08634	0.01182	0.00574	0.00169	0.00258	0.03119	0.00481	0.00432
19	0.00973	0.00770	0.02377	0.00778	0.00981	0.00779	0.00610	0.07549	0.27621	0.05756	0.16465	0.14766	0.15227	0.00917	0.00527	0.00161	0.00329	0.02362	0.00472	0.00580
20	0.01659	0.01247	0.01375	0.01134	0.05458	0.01357	0.00884	0.64511	0.06218	0.02732	0.01152	0.01171	0.00835	0.00549	0.00461	0.00137	0.00497	0.00422	0.02178	0.06022
21	0.01711	0.04996	0.01066	0.00794	0.01101	0.00732	0.00651	0.01972	0.06265	0.55329	0.18118	0.01970	0.01839	0.00657	0.00483	0.00145	0.00368	0.00545	0.00544	0.00714

[dist]
# distance from previous block
# <min> <max>
0	12

[block]
# block no. 8 follows, 54 sequences, length 35
# corresponding to MSA columns:
# 271-305
name=unknown_I
#
# <colnr> <probs for GDERKNQSTAVLIFYWHMCP>
#	G	D	E	R	K	N	Q	S	T	A	V	L	I	F	Y	W	H	M	C	P
0	0.19410	0.00719	0.00705	0.00645	0.00842	0.04782	0.00496	0.01098	0.02046	0.06130	0.18704	0.09069	0.21921	0.02163	0.01601	0.00161	0.01726	0.00689	0.00402	0.06693
1	0.00606	0.00470	0.00537	0.00551	0.00658	0.00424	0.00397	0.00725	0.01025	0.01305	0.14849	0.14874	0.41899	0.12285	0.04055	0.00228	0.00319	0.03982	0.00422	0.00390
2	0.04678	0.76015	0.02325	0.00805	0.01194	0.01787	0.00791	0.03253	0.00976	0.01194	0.00685	0.00797	0.00623	0.00499	0.02659	0.00123	0.00521	0.00264	0.00213	0.00601
3	0.01208	0.18917	0.17945	0.08720	0.18414	0.03876	0.05783	0.09886	0.01158	0.03842	0.00921	0.03152	0.00747	0.00473	0.00433	0.00135	0.00583	0.00396	0.00261	0.03149
4	0.00950	0.05888	0.06567	0.00722	0.00833	0.03915	0.00572	0.02159	0.00775	0.04461	0.01961	0.03870	0.00951	0.04291	0.03211	0.57393	0.00469	0.00439	0.00242	0.00331
5	0.74272	0.00917	0.00756	0.00659	0.00954	0.01042	0.00542	0.06058	0.00934	0.06474	0.03306	0.00922	0.00691	0.00470	0.00321	0.00146	0.00371	0.00297	0.00326	0.00542
6	0.01169	0.09078	0.31070	0.06004	0.11117	0.07287	0.07044	0.05032	0.01100	0.05886	0.03354	0.01177	0.01651	0.00505	0.00531	0.00147	0.06534	0.00402	0.00257	0.00655
7	0.00972	0.01406	0.26070	0.12698	0.22273	0.04428	0.03710	0.01325	0.02275	0.01462	0.08000	0.08865	0.03282	0.00604	0.00485	0.00151	0.00565	0.00535	0.00272	0.00620
8	0.00705	0.00506	0.00570	0.00563	0.00704	0.00451	0.00415	0.00865	0.03470	0.06565	0.12000	0.15102	0.46864	0.06874	0.00685	0.00183	0.00275	0.02325	0.00447	0.00431
9	0.00594	0.00445	0.00541	0.00598	0.00669	0.00408	0.00415	0.00694	0.00962	0.01246	0.08182	0.44100	0.24665	0.09118	0.02463	0.00217	0.00304	0.03572	0.00425	0.00385
10	0.01248	0.03143	0.02268	0.02245	0.06465	0.16846	0.07574	0.04880	0.18546	0.08132	0.07098	0.07056	0.04187	0.00788	0.03368	0.00173	0.00548	0.04443	0.00379	0.00613
11	0.01385	0.00903	0.01056	0.00899	0.01173	0.00931	0.00735	0.28853	0.07816	0.15260	0.02929	0.09227	0.01554	0.00790	0.00508	0.00157	0.00424	0.15676	0.03216	0.06508
12	0.02489	0.00758	0.00864	0.00723	0.00970	0.00751	0.00580	0.19357	0.02474	0.20959	0.07933	0.02313	0.16797	0.00734	0.00467	0.00142	0.00345	0.02282	0.18455	0.00608
13	0.00810	0.00561	0.00684	0.00690	0.00809	0.00543	0.00516	0.08751	0.01141	0.05280	0.10505	0.33351	0.16310	0.06743	0.00698	0.00196	0.00327	0.11186	0.00446	0.00455
14	0.03758	0.00875	0.01104	0.00861	0.01212	0.00817	0.00704	0.12887	0.05218	0.57498	0.01709	0.04385	0.01160	0.00600	0.00468	0.00144	0.00408	0.00486	0.00536	0.05171
15	0.01113	0.01272	0.02782	0.01987	0.02464	0.01192	0.78776	0.01510	0.01113	0.01510	0.00954	0.01272	0.00715	0.00397	0.00556	0.00159	0.00795	0.00556	0.00238	0.00636
16	0.79113	0.00932	0.00776	0.00752	0.05016	0.01070	0.00570	0.02733	0.02501	0.02098	0.00703	0.00814	0.00547	0.00443	0.00308	0.00146	0.00378	0.00273	0.00296	0.00533
17	0.00586	0.00432	0.00551	0.00636	0.00694	0.00397	0.00444	0.00688	0.00960	0.01255	0.06067	0.62106	0.16163	0.01399	0.00595	0.00186	0.00275	0.05733	0.00441	0.00391
18	0.01076	0.00882	0.01017	0.00745	0.01151	0.00723	0.00598	0.06726	0.06054	0.03695	0.00953	0.01054	0.00765	0.00389	0.00369	0.00082	0.00364	0.00311	0.00313	0.72734
19	0.01289	0.01048	0.01115	0.00973	0.01258	0.01196	0.00765	0.12955	0.66435	0.04735	0.01809	0.01668	0.01343	0.00628	0.00478	0.00157	0.00394	0.00516	0.00482	0.00756
20	0.01161	0.00874	0.01007	0.00782	0.01135	0.00792	0.00624	0.07986	0.15792	0.08786	0.03617	0.01321	0.01032	0.00563	0.02824	0.00124	0.00392	0.00385	0.03108	0.47695
21	0.00786	0.00578	0.00672	0.00639	0.00802	0.00550	0.00497	0.03370	0.09029	0.05456	0.28913	0.05162	0.32578	0.01030	0.00552	0.00160	0.00282	0.07984	0.00477	0.00483
22	0.00660	0.00495	0.00609	0.00582	0.00701	0.00458	0.00432	0.00887	0.03753	0.01721	0.58256	0.06147	0.18709	0.03760	0.00617	0.00162	0.00240	0.00879	0.00492	0.00438
23	0.03029	0.00736	0.00946	0.00768	0.01049	0.00679	0.00617	0.04926	0.05587	0.47867	0.20913	0.02137	0.03690	0.01945	0.00518	0.00151	0.00353	0.00577	0.02830	0.00681
24	0.02448	0.00513	0.00638	0.00632	0.00755	0.00470	0.00459	0.00981	0.02220	0.12168	0.21596	0.32610	0.16124	0.05362	0.00651	0.00182	0.00285	0.00981	0.00467	0.00460
25	0.01062	0.00782	0.00961	0.00898	0.01092	0.00847	0.01793	0.04883	0.26190	0.08878	0.09181	0.03133	0.06129	0.00915	0.00616	0.00178	0.05727	0.25690	0.00454	0.00590
26	0.06679	0.56827	0.02058	0.00904	0.01258	0.23105	0.00816	0.01536	0.01049	0.01183	0.00675	0.00782	0.00600	0.00428	0.00335	0.00109	0.00588	0.00266	0.00218	0.00584
27	0.00621	0.00471	0.00627	0.00754	0.04797	0.00438	0.00499	0.00738	0.00981	0.01295	0.08559	0.56417	0.14529	0.01332	0.00588	0.00182	0.00290	0.06040	0.00433	0.00412
28	0.01078	0.10850	0.51478	0.01354	0.04350	0.03785	0.08807	0.01565	0.05060	0.03883	0.00914	0.01055	0.00676	0.00462	0.00473	0.00146	0.02779	0.00374	0.00232	0.00679
29	0.07618	0.06812	0.01348	0.01196	0.10864	0.07518	0.00862	0.31574	0.15027	0.02126	0.01203	0.03839	0.00956	0.00692	0.03958	0.00168	0.00529	0.00442	0.02576	0.00692
30	0.00606	0.00472	0.00605	0.00622	0.00718	0.00426	0.02800	0.00728	0.01023	0.01332	0.15800	0.38394	0.27924	0.05480	0.00671	0.00187	0.00279	0.01093	0.00437	0.00401
31	0.01346	0.02754	0.01176	0.00918	0.01212	0.11398	0.00740	0.06696	0.02352	0.15874	0.01059	0.03729	0.00851	0.00551	0.00614	0.00126	0.15149	0.00389	0.00336	0.32730
32	0.00917	0.00860	0.03652	0.00944	0.03517	0.00703	0.11221	0.03874	0.01083	0.01539	0.05820	0.04709	0.13505	0.00646	0.00464	0.00123	0.00413	0.06825	0.00332	0.38851
33	0.01228	0.01186	0.01790	0.02562	0.66095	0.05887	0.01335	0.04661	0.07640	0.01611	0.00973	0.01196	0.00798	0.00448	0.00466	0.00141	0.00560	0.00423	0.00264	0.00737
34	0.01105	0.01057	0.01790	0.14323	0.66457	0.01084	0.01388	0.01385	0.01055	0.01482	0.01018	0.01300	0.03549	0.00455	0.00471	0.00143	0.00559	0.00440	0.00237	0.00702

[dist]
# distance from previous block
# <min> <max>
1	3

[block]
# block no. 9 follows, 54 sequences, length 17
# corresponding to MSA columns:
# 413-429
name=unknown_J
#
# <colnr> <probs for GDERKNQSTAVLIFYWHMCP>
#	G	D	E	R	K	N	Q	S	T	A	V	L	I	F	Y	W	H	M	C	P
0	0.08063	0.01210	0.01698	0.02573	0.06863	0.08861	0.24854	0.11703	0.09868	0.05093	0.01171	0.01317	0.03324	0.00528	0.00562	0.00151	0.07095	0.00467	0.01585	0.03012
1	0.04182	0.22435	0.24548	0.01334	0.09142	0.03757	0.11586	0.03913	0.03145	0.07675	0.00922	0.01047	0.00703	0.00444	0.00422	0.00134	0.00593	0.00369	0.00261	0.03388
2	0.02974	0.00769	0.05111	0.03027	0.01073	0.02053	0.03209	0.03440	0.03508	0.14979	0.18395	0.07590	0.03123	0.06709	0.15623	0.00287	0.02828	0.03062	0.01709	0.00532
3	0.01149	0.01102	0.01881	0.08133	0.75392	0.01115	0.01438	0.01431	0.01065	0.01518	0.00884	0.01173	0.00739	0.00423	0.00467	0.00141	0.00565	0.00420	0.00232	0.00732
4	0.01359	0.01346	0.01928	0.01465	0.01829	0.15952	0.36968	0.13197	0.03051	0.07313	0.01282	0.03448	0.05468	0.00542	0.00537	0.00151	0.02683	0.00525	0.00320	0.00635
5	0.06241	0.09086	0.06269	0.05341	0.02789	0.13832	0.12373	0.12794	0.05161	0.08756	0.01031	0.02335	0.00807	0.01935	0.00572	0.00151	0.07517	0.00421	0.01956	0.00632
6	0.00793	0.00552	0.00646	0.00605	0.00768	0.00510	0.00459	0.01063	0.08168	0.08653	0.32718	0.07453	0.33795	0.01017	0.00545	0.00156	0.00261	0.00870	0.00485	0.00482
7	0.01107	0.01283	0.04888	0.01832	0.02285	0.02878	0.66960	0.01555	0.06294	0.01525	0.01142	0.01400	0.03506	0.00444	0.00545	0.00158	0.00746	0.00558	0.00260	0.00635
8	0.01212	0.01175	0.03639	0.06840	0.59427	0.03332	0.04034	0.06575	0.01137	0.02904	0.00901	0.01162	0.00737	0.00456	0.00520	0.00145	0.04414	0.00421	0.00252	0.00718
9	0.01047	0.04457	0.14007	0.04935	0.03546	0.00805	0.00826	0.07597	0.05179	0.11448	0.07110	0.16739	0.05964	0.08531	0.00686	0.00188	0.00441	0.05540	0.00386	0.00566
10	0.00601	0.00470	0.00547	0.00565	0.00684	0.00416	0.00421	0.00746	0.01109	0.01427	0.23457	0.19072	0.41562	0.01195	0.00571	0.00166	0.00254	0.05866	0.00458	0.00409
11	0.04123	0.01578	0.18758	0.01147	0.01550	0.10986	0.05591	0.34452	0.06433	0.03685	0.01081	0.01236	0.00824	0.05747	0.00582	0.00163	0.00594	0.00420	0.00356	0.00693
12	0.05175	0.02400	0.01736	0.05433	0.57106	0.02656	0.03692	0.04934	0.02843	0.01620	0.03462	0.01240	0.00870	0.00464	0.00483	0.00142	0.02415	0.00429	0.02202	0.00698
13	0.00779	0.00465	0.00651	0.00649	0.00694	0.00473	0.00460	0.02957	0.00802	0.01083	0.08180	0.07119	0.05140	0.04418	0.13422	0.48615	0.00509	0.02998	0.00282	0.00305
14	0.00597	0.00426	0.00549	0.00632	0.00667	0.00400	0.00422	0.00679	0.00906	0.01206	0.06178	0.63937	0.06290	0.12040	0.00832	0.00223	0.00297	0.02923	0.00422	0.00375
15	0.00978	0.00838	0.00978	0.00698	0.01117	0.00629	0.00559	0.01187	0.00978	0.01536	0.00838	0.00978	0.00698	0.00349	0.00349	0.00070	0.00349	0.00279	0.00279	0.86312
16	0.05144	0.29182	0.30054	0.01179	0.07782	0.05113	0.02239	0.03209	0.01042	0.02625	0.02958	0.01095	0.03031	0.00468	0.00398	0.00129	0.00570	0.00352	0.00239	0.03192

[dist]
# distance from previous block
# <min> <max>
0	1

[block]
# block no. 10 follows, 54 sequences, length 8
# corresponding to MSA columns:
# 431-438
name=unknown_K
#
# <colnr> <probs for GDERKNQSTAVLIFYWHMCP>
#	G	D	E	R	K	N	Q	S	T	A	V	L	I	F	Y	W	H	M	C	P
0	0.00993	0.19057	0.54094	0.01192	0.01766	0.01200	0.04730	0.01422	0.01023	0.01450	0.07994	0.01186	0.00952	0.00483	0.00432	0.00140	0.00618	0.00383	0.00230	0.00652
1	0.01218	0.01216	0.01865	0.02751	0.73746	0.07981	0.01401	0.01484	0.01096	0.01507	0.00873	0.01140	0.00735	0.00426	0.00463	0.00138	0.00585	0.00410	0.00234	0.00730
2	0.00658	0.00516	0.00602	0.00596	0.00724	0.00484	0.00440	0.00921	0.08254	0.01563	0.33259	0.17196	0.30841	0.01103	0.00557	0.00161	0.00251	0.00957	0.00473	0.00445
3	0.00823	0.00640	0.00881	0.00876	0.00979	0.00688	0.03287	0.05239	0.01051	0.01407	0.05614	0.12604	0.04520	0.10330	0.00929	0.00229	0.10326	0.38738	0.00390	0.00448
4	0.01175	0.04541	0.04072	0.01122	0.04398	0.03951	0.10812	0.17161	0.18481	0.01861	0.07021	0.08471	0.01389	0.00784	0.04379	0.00177	0.01955	0.00557	0.03235	0.04460
5	0.00586	0.00424	0.00555	0.00650	0.00694	0.00394	0.00446	0.00683	0.00943	0.01250	0.06458	0.70593	0.08488	0.01426	0.00599	0.00188	0.00276	0.04518	0.00441	0.00389
6	0.04397	0.56324	0.08329	0.00917	0.01312	0.12288	0.00886	0.05761	0.03659	0.01312	0.00748	0.00841	0.00640	0.00436	0.00345	0.00113	0.00557	0.00285	0.00234	0.00617
7	0.01322	0.04730	0.01625	0.04093	0.34212	0.11027	0.03748	0.12424	0.18695	0.01758	0.01122	0.01244	0.00881	0.00497	0.00462	0.00142	0.00556	0.00429	0.00320	0.00714

[dist]
# distance from previous block
# <min> <max>
0	1

[block]
# block no. 11 follows, 54 sequences, length 18
# corresponding to MSA columns:
# 440-442,446-460
name=unknown_L
#
# <colnr> <probs for GDERKNQSTAVLIFYWHMCP>
#	G	D	E	R	K	N	Q	S	T	A	V	L	I	F	Y	W	H	M	C	P
0	0.06878	0.00922	0.01023	0.00877	0.01150	0.00990	0.00708	0.19823	0.25539	0.12388	0.09688	0.02104	0.03435	0.00705	0.00485	0.00154	0.00394	0.08009	0.02411	0.02318
1	0.01243	0.69826	0.10737	0.00891	0.01309	0.05067	0.00916	0.01434	0.00972	0.01153	0.00678	0.00792	0.00605	0.00421	0.00352	0.00109	0.02416	0.00268	0.00203	0.00610
2	0.37015	0.00834	0.00865	0.00716	0.01019	0.00859	0.00586	0.05663	0.02491	0.32878	0.02691	0.01355	0.02946	0.00542	0.00390	0.00143	0.00369	0.00399	0.07606	0.00634
3	0.00606	0.00452	0.00609	0.00666	0.00725	0.00429	0.02180	0.00706	0.00914	0.01208	0.04012	0.56871	0.12167	0.07188	0.06921	0.00248	0.00372	0.02927	0.00410	0.00389
4	0.01735	0.02143	0.01304	0.01185	0.01425	0.76409	0.00889	0.01857	0.01323	0.03681	0.00824	0.03475	0.00704	0.00520	0.00432	0.00124	0.00818	0.00342	0.00260	0.00550
5	0.00613	0.00458	0.00571	0.00605	0.00697	0.00417	0.00440	0.00760	0.01102	0.01468	0.29712	0.32770	0.21843	0.01224	0.00578	0.00171	0.00257	0.05438	0.00465	0.00411
6	0.00601	0.00427	0.00568	0.00671	0.00705	0.00404	0.00463	0.00692	0.00909	0.01209	0.02522	0.70141	0.02993	0.06291	0.00713	0.00210	0.00301	0.09369	0.00428	0.00383
7	0.00894	0.00823	0.01379	0.76322	0.04773	0.01017	0.01263	0.01192	0.00938	0.01217	0.00857	0.01273	0.00651	0.00502	0.00503	0.02363	0.00611	0.00419	0.02485	0.00518
8	0.00950	0.00886	0.01450	0.52515	0.19782	0.01036	0.01240	0.01285	0.04246	0.01360	0.06969	0.01424	0.00980	0.00517	0.00514	0.00155	0.03408	0.00457	0.00250	0.00575
9	0.00902	0.00561	0.00649	0.00604	0.00789	0.00499	0.00460	0.01103	0.05326	0.16649	0.10573	0.12842	0.45133	0.01059	0.00542	0.00159	0.00280	0.00898	0.00475	0.00497
10	0.74695	0.00922	0.00766	0.00663	0.00966	0.01043	0.00547	0.05265	0.00923	0.09510	0.00792	0.00862	0.00586	0.00458	0.00318	0.00146	0.00376	0.00284	0.00328	0.00552
11	0.19055	0.04840	0.07280	0.00953	0.01278	0.12837	0.00814	0.26681	0.07714	0.05316	0.01095	0.03994	0.00881	0.04643	0.00519	0.00157	0.00520	0.00414	0.00364	0.00644
12	0.01113	0.01272	0.02782	0.01987	0.02464	0.01192	0.78776	0.01510	0.01113	0.01510	0.00954	0.01272	0.00715	0.00397	0.00556	0.00159	0.00795	0.00556	0.00238	0.00636
13	0.01150	0.01221	0.07972	0.02775	0.74478	0.01118	0.01470	0.01451	0.01068	0.01537	0.00884	0.01154	0.00735	0.00422	0.00465	0.00141	0.00571	0.00415	0.00231	0.00743
14	0.01073	0.01145	0.02293	0.19003	0.16809	0.01157	0.45858	0.01422	0.01057	0.01439	0.00906	0.01242	0.00700	0.00431	0.00555	0.00157	0.03395	0.00498	0.00230	0.00629
15	0.01113	0.01146	0.01634	0.39633	0.24506	0.11829	0.07206	0.01442	0.04372	0.01348	0.00892	0.01200	0.00700	0.00460	0.00471	0.00148	0.00641	0.00419	0.00234	0.00607
16	0.02514	0.01161	0.02925	0.01005	0.03732	0.07885	0.00788	0.33423	0.17235	0.03895	0.07038	0.03498	0.10182	0.00679	0.00483	0.00146	0.00459	0.00543	0.00436	0.01971
17	0.00620	0.00476	0.00569	0.00577	0.00688	0.00431	0.00420	0.00799	0.02936	0.01521	0.34529	0.22275	0.30132	0.01155	0.00565	0.00162	0.00243	0.01007	0.00471	0.00421

[dist]
# distance from previous block
# <min> <max>
0	1

[block]
# block no. 12 follows, 54 sequences, length 16
# corresponding to MSA columns:
# 462-477
name=unknown_M
#
# <colnr> <probs for GDERKNQSTAVLIFYWHMCP>
#	G	D	E	R	K	N	Q	S	T	A	V	L	I	F	Y	W	H	M	C	P
0	0.01106	0.01196	0.01215	0.01077	0.01230	0.26097	0.07778	0.01265	0.00967	0.01155	0.01004	0.03154	0.00927	0.03472	0.33396	0.00403	0.13367	0.00455	0.00246	0.00490
1	0.00940	0.00867	0.01447	0.57059	0.20282	0.01008	0.01257	0.01238	0.00995	0.01338	0.05257	0.01380	0.00887	0.00490	0.00470	0.00151	0.00576	0.00444	0.03348	0.00566
2	0.01355	0.40471	0.10135	0.01019	0.03702	0.16052	0.00927	0.03377	0.05906	0.06568	0.00931	0.01088	0.00773	0.00488	0.00399	0.00123	0.01743	0.02505	0.01813	0.00625
