[name]
unknown

[dist]
# distance from previous block
# <min> <max>
0	49

[block]
# block no. 0 follows, 57 sequences, length 25
# corresponding to MSA columns:
# 65-89
name=unknown_A
#
# <colnr> <probs for GDERKNQSTAVLIFYWHMCP>
#	G	D	E	R	K	N	Q	S	T	A	V	L	I	F	Y	W	H	M	C	P
0	0.05404	0.05094	0.05199	0.19273	0.13367	0.00908	0.02592	0.06460	0.03640	0.01441	0.01565	0.08912	0.10855	0.02850	0.00534	0.00156	0.02851	0.03253	0.05110	0.00534
1	0.02330	0.23839	0.13772	0.04910	0.01488	0.02640	0.13915	0.06622	0.02300	0.02876	0.08830	0.08474	0.02812	0.00571	0.00433	0.00133	0.00511	0.00494	0.00286	0.02760
2	0.00833	0.08764	0.24175	0.16590	0.06037	0.00884	0.01030	0.01152	0.02438	0.01397	0.16872	0.06792	0.08524	0.00665	0.00465	0.00145	0.00472	0.01929	0.00298	0.00539
3	0.02520	0.39469	0.01460	0.00701	0.00947	0.05149	0.00614	0.01143	0.01009	0.02699	0.19889	0.03203	0.06744	0.04088	0.06954	0.00179	0.00465	0.00486	0.01782	0.00499
4	0.01047	0.03762	0.01379	0.14188	0.36443	0.00893	0.01010	0.03126	0.00982	0.05511	0.01104	0.01355	0.05218	0.00611	0.00605	0.11235	0.00476	0.00419	0.02534	0.08102
5	0.03546	0.03535	0.10036	0.04473	0.07806	0.03684	0.06648	0.13668	0.02777	0.20925	0.01309	0.11771	0.01084	0.00629	0.00530	0.00148	0.05900	0.00521	0.00366	0.00642
6	0.00821	0.00606	0.00747	0.00728	0.00824	0.01903	0.01798	0.10892	0.01028	0.04152	0.03350	0.45330	0.05566	0.11181	0.04351	0.00228	0.04731	0.00939	0.00388	0.00439
7	0.00643	0.00442	0.00490	0.00490	0.00509	0.00432	0.00283	0.00658	0.00707	0.00923	0.01833	0.03144	0.11822	0.73451	0.02080	0.00403	0.00412	0.00697	0.00293	0.00288
8	0.00904	0.00758	0.00883	0.00648	0.01000	0.00583	0.00503	0.01079	0.00904	0.01400	0.00885	0.01199	0.00796	0.11063	0.00588	0.00115	0.00349	0.00318	0.00269	0.75755
9	0.00550	0.00418	0.00508	0.00573	0.00643	0.00375	0.00396	0.00647	0.00938	0.01206	0.06451	0.54804	0.28234	0.01311	0.00563	0.00172	0.00250	0.01162	0.00424	0.00375
10	0.12123	0.12344	0.03129	0.15454	0.25720	0.04749	0.11685	0.01361	0.02297	0.01427	0.03136	0.01103	0.00750	0.00440	0.00443	0.00137	0.02483	0.00387	0.00235	0.00596
11	0.04263	0.17487	0.01407	0.00923	0.01228	0.06020	0.00769	0.41619	0.04392	0.03682	0.01175	0.11612	0.01025	0.00623	0.00445	0.00135	0.01682	0.00481	0.00378	0.00652
12	0.00738	0.00596	0.00627	0.00576	0.00756	0.00561	0.00440	0.10895	0.05288	0.01488	0.07070	0.06722	0.55800	0.03441	0.00569	0.00158	0.00280	0.00843	0.00422	0.02730
13	0.02702	0.01259	0.05905	0.01138	0.02997	0.05928	0.11407	0.38564	0.06112	0.07131	0.01067	0.01123	0.00777	0.00486	0.00444	0.00130	0.00525	0.00403	0.00373	0.11527
14	0.01417	0.17955	0.12755	0.01243	0.12219	0.01343	0.01013	0.35780	0.04691	0.05843	0.00990	0.01048	0.00740	0.00482	0.00417	0.00130	0.00514	0.00371	0.00340	0.00710
15	0.00643	0.00471	0.00595	0.00568	0.00687	0.00439	0.00430	0.00826	0.01153	0.03058	0.51207	0.03376	0.22013	0.01289	0.11006	0.00220	0.00349	0.00802	0.00449	0.00420
16	0.00693	0.00553	0.00817	0.00704	0.00859	0.00509	0.10537	0.00896	0.01137	0.01583	0.42391	0.05554	0.18665	0.04116	0.00584	0.00155	0.00297	0.00780	0.08736	0.00434
17	0.02642	0.11964	0.11265	0.10177	0.07359	0.14654	0.18357	0.11534	0.05000	0.01525	0.00878	0.01050	0.00678	0.00444	0.00438	0.00135	0.00633	0.00389	0.00258	0.00619
18	0.00638	0.00492	0.00577	0.00612	0.00701	0.00479	0.00429	0.00882	0.11111	0.01292	0.08619	0.42012	0.20852	0.08279	0.00698	0.00192	0.00279	0.01023	0.00419	0.00413
19	0.00719	0.00508	0.00562	0.00549	0.00582	0.00527	0.00331	0.00883	0.10878	0.01009	0.01481	0.02802	0.01614	0.73383	0.02070	0.00403	0.00429	0.00640	0.00298	0.00331
20	0.01033	0.01228	0.14488	0.17169	0.32837	0.01075	0.09660	0.01522	0.13572	0.01475	0.01001	0.01212	0.00776	0.00448	0.00458	0.00144	0.00567	0.00424	0.00253	0.00658
21	0.02980	0.06991	0.06353	0.11167	0.10689	0.27877	0.10375	0.07406	0.01155	0.01382	0.02767	0.02654	0.00763	0.00493	0.00492	0.00136	0.05101	0.00392	0.00249	0.00578
22	0.01149	0.01263	0.06710	0.01746	0.02193	0.01150	0.64085	0.07864	0.01150	0.04602	0.00950	0.01204	0.00702	0.00415	0.00543	0.00152	0.02728	0.00507	0.00257	0.00631
23	0.00565	0.00403	0.00534	0.00631	0.00661	0.00378	0.00426	0.00650	0.00878	0.01173	0.04826	0.75461	0.02970	0.04618	0.00646	0.00194	0.00274	0.03929	0.00417	0.00368
24	0.00982	0.01890	0.54593	0.12272	0.01957	0.04099	0.01424	0.03186	0.08112	0.03085	0.03536	0.01145	0.00787	0.00473	0.00440	0.00144	0.00614	0.00378	0.00242	0.00642

[dist]
# distance from previous block
# <min> <max>
1	6

[block]
# block no. 1 follows, 57 sequences, length 26
# corresponding to MSA columns:
# 96-121
name=unknown_B
#
# <colnr> <probs for GDERKNQSTAVLIFYWHMCP>
#	G	D	E	R	K	N	Q	S	T	A	V	L	I	F	Y	W	H	M	C	P
0	0.10214	0.10524	0.15804	0.00977	0.03028	0.10145	0.00892	0.19708	0.04339	0.06694	0.07334	0.03993	0.01070	0.00545	0.00416	0.00134	0.00499	0.00416	0.02648	0.00622
1	0.02823	0.03341	0.04826	0.02881	0.28377	0.04748	0.02660	0.13309	0.02833	0.06348	0.05629	0.03249	0.05633	0.01988	0.01817	0.00150	0.01746	0.00473	0.04580	0.02591
2	0.00969	0.18627	0.65971	0.01189	0.01803	0.01199	0.01496	0.01420	0.00950	0.01362	0.00777	0.00911	0.00576	0.00422	0.00403	0.00134	0.00633	0.00316	0.00192	0.00652
3	0.00975	0.00774	0.00917	0.00670	0.01044	0.00592	0.00535	0.01176	0.00989	0.05968	0.07847	0.01186	0.01010	0.00400	0.00360	0.00078	0.00328	0.00327	0.00305	0.74521
4	0.01267	0.74873	0.02249	0.00821	0.01190	0.11068	0.00787	0.01409	0.00963	0.01071	0.00638	0.00737	0.00582	0.00397	0.00304	0.00099	0.00523	0.00248	0.00198	0.00575
5	0.00552	0.00394	0.00526	0.00631	0.00657	0.00368	0.00421	0.00631	0.00868	0.01157	0.02498	0.83779	0.02997	0.01420	0.00578	0.00184	0.00263	0.01288	0.00421	0.00368
6	0.01778	0.00855	0.01064	0.00851	0.01178	0.00832	0.00691	0.07078	0.21953	0.55929	0.01759	0.01553	0.01168	0.00574	0.00457	0.00143	0.00386	0.00467	0.00528	0.00757
7	0.00558	0.00397	0.00524	0.00624	0.00649	0.00372	0.00413	0.00632	0.00857	0.01142	0.02442	0.79608	0.02927	0.05686	0.00668	0.00197	0.00272	0.01256	0.00413	0.00363
8	0.00564	0.00406	0.00516	0.00599	0.00633	0.00378	0.00396	0.00636	0.00856	0.01128	0.02546	0.66770	0.09629	0.11716	0.00790	0.00213	0.00282	0.01181	0.00402	0.00358
9	0.01723	0.01269	0.01360	0.01043	0.01405	0.01405	0.00861	0.79738	0.02131	0.02856	0.01088	0.01088	0.00771	0.00544	0.00453	0.00136	0.00499	0.00408	0.00453	0.00771
10	0.00539	0.00459	0.00464	0.00463	0.00614	0.00384	0.00347	0.00657	0.01041	0.01244	0.07190	0.04328	0.78452	0.01140	0.00536	0.00153	0.00229	0.00952	0.00423	0.00384
11	0.00628	0.00443	0.00526	0.00531	0.00634	0.00404	0.00388	0.00790	0.01090	0.01520	0.34580	0.18735	0.23228	0.01018	0.00511	0.00148	0.00227	0.00885	0.13313	0.00404
12	0.03976	0.00588	0.00725	0.00661	0.00832	0.00565	0.00505	0.01277	0.10262	0.17879	0.36293	0.14788	0.08055	0.00887	0.00508	0.00150	0.00278	0.00769	0.00483	0.00521
13	0.87276	0.00876	0.00666	0.00596	0.00876	0.01017	0.00491	0.01332	0.00771	0.02033	0.00631	0.00736	0.00491	0.00421	0.00280	0.00140	0.00351	0.00245	0.00280	0.00491
14	0.01395	0.00623	0.00836	0.00709	0.00919	0.00570	0.00546	0.01532	0.01078	0.44969	0.07337	0.09675	0.01615	0.15718	0.10114	0.00264	0.00466	0.00599	0.00457	0.00580
15	0.00605	0.00459	0.00540	0.00522	0.00634	0.00412	0.00381	0.00760	0.01126	0.01502	0.44751	0.03695	0.31933	0.09842	0.00723	0.00178	0.00243	0.00852	0.00447	0.00395
16	0.00909	0.02344	0.81727	0.01292	0.01961	0.01052	0.01674	0.01435	0.00957	0.01435	0.00813	0.00957	0.00574	0.00431	0.00431	0.00144	0.00670	0.00335	0.00191	0.00670
17	0.01513	0.01876	0.01205	0.01108	0.01301	0.67200	0.00832	0.01624	0.01195	0.01113	0.00898	0.10274	0.00859	0.00599	0.00504	0.00130	0.06598	0.00413	0.00252	0.00505
18	0.01471	0.01228	0.01220	0.00985	0.01289	0.11315	0.02589	0.48299	0.10068	0.02298	0.06386	0.01548	0.08022	0.00614	0.00463	0.00138	0.00489	0.00481	0.00422	0.00676
19	0.00558	0.00399	0.00533	0.00638	0.00667	0.00373	0.00431	0.00641	0.00873	0.01163	0.02494	0.81129	0.02984	0.01414	0.00580	0.00185	0.00268	0.03879	0.00421	0.00370
20	0.01085	0.00891	0.00935	0.00848	0.01081	0.01022	0.00657	0.02206	0.68567	0.01865	0.01790	0.01690	0.01350	0.00602	0.00440	0.00147	0.00337	0.00499	0.13316	0.00673
21	0.03491	0.02901	0.00910	0.00869	0.05922	0.18041	0.00622	0.05823	0.15763	0.01636	0.01267	0.01384	0.00993	0.00535	0.00401	0.01525	0.00416	0.00400	0.36564	0.00538
22	0.10947	0.01384	0.13179	0.14496	0.09413	0.20852	0.00992	0.05542	0.02495	0.01459	0.05056	0.01407	0.08209	0.00546	0.00451	0.00139	0.02186	0.00421	0.00272	0.00556
23	0.01167	0.07048	0.04876	0.30002	0.11908	0.13208	0.01053	0.14080	0.01209	0.01534	0.06534	0.01242	0.00915	0.00494	0.00436	0.00135	0.00567	0.00403	0.02611	0.00582
24	0.01315	0.02512	0.01084	0.08059	0.01322	0.24007	0.00753	0.03213	0.16294	0.13956	0.04612	0.07336	0.04579	0.00634	0.00475	0.00138	0.02387	0.01517	0.00364	0.05443
25	0.05342	0.01128	0.13696	0.02225	0.01190	0.06900	0.00775	0.14951	0.03893	0.15128	0.04204	0.05028	0.03789	0.15224	0.00769	0.00191	0.00474	0.00498	0.00362	0.04233

[dist]
# distance from previous block
# <min> <max>
2	50

[block]
# block no. 2 follows, 57 sequences, length 27
# corresponding to MSA columns:
# 177-203
name=unknown_C
#
# <colnr> <probs for GDERKNQSTAVLIFYWHMCP>
#	G	D	E	R	K	N	Q	S	T	A	V	L	I	F	Y	W	H	M	C	P
0	0.07758	0.00928	0.00970	0.00845	0.02637	0.08536	0.02328	0.13285	0.06354	0.01738	0.13069	0.02076	0.05909	0.01551	0.00468	0.00134	0.00410	0.10044	0.00366	0.20594
1	0.04835	0.01169	0.02583	0.03293	0.33125	0.11325	0.03230	0.11023	0.05279	0.03218	0.04469	0.01223	0.00906	0.00468	0.00432	0.00128	0.00518	0.01239	0.00293	0.11243
2	0.00626	0.00509	0.03922	0.00595	0.00649	0.00436	0.00409	0.00692	0.00783	0.01054	0.01939	0.40036	0.03759	0.38544	0.01342	0.00293	0.00361	0.00930	0.00341	0.02782
3	0.00921	0.00781	0.00910	0.00660	0.01036	0.00593	0.00520	0.01109	0.00921	0.01437	0.00846	0.01073	0.00735	0.05844	0.00465	0.00092	0.00342	0.00294	0.00269	0.81151
4	0.01085	0.00819	0.05417	0.04359	0.01094	0.00727	0.00645	0.13160	0.06020	0.12625	0.19452	0.02160	0.12519	0.00680	0.00458	0.00132	0.00349	0.00566	0.06231	0.11503
5	0.00592	0.00443	0.00543	0.00556	0.00648	0.00401	0.00399	0.00736	0.01082	0.01453	0.37653	0.25255	0.22609	0.04781	0.00625	0.00169	0.00241	0.00972	0.00449	0.00394
6	0.00963	0.06281	0.59418	0.04589	0.03692	0.01102	0.01449	0.01576	0.13791	0.01480	0.00971	0.01077	0.00710	0.00458	0.00430	0.00143	0.00604	0.00363	0.00236	0.00667
7	0.00658	0.00472	0.00654	0.00668	0.00714	0.00516	0.00483	0.00726	0.00746	0.01029	0.01617	0.21017	0.05473	0.13256	0.33773	0.11722	0.05130	0.00701	0.00289	0.00355
8	0.03360	0.14375	0.30617	0.03596	0.01601	0.03954	0.06361	0.02771	0.00917	0.03210	0.00748	0.00962	0.00604	0.00532	0.00716	0.00152	0.24363	0.00354	0.00214	0.00592
9	0.00860	0.04468	0.10567	0.00782	0.01023	0.03076	0.00688	0.04349	0.21490	0.01518	0.08308	0.12599	0.22940	0.00871	0.00496	0.00154	0.00366	0.04515	0.00395	0.00534
10	0.00844	0.00520	0.00647	0.00586	0.00742	0.00470	0.00447	0.01046	0.02900	0.14071	0.46995	0.03275	0.21397	0.03341	0.00573	0.00153	0.00254	0.00783	0.00483	0.00472
11	0.01120	0.09579	0.45705	0.03483	0.08248	0.04271	0.04911	0.08746	0.01102	0.05806	0.00908	0.02518	0.00685	0.00460	0.00430	0.00138	0.00611	0.00372	0.00246	0.00662
12	0.13903	0.02617	0.03404	0.00889	0.03191	0.04524	0.00716	0.10672	0.18052	0.30086	0.03423	0.01476	0.03942	0.00565	0.00430	0.00141	0.00411	0.00443	0.00440	0.00678
13	0.00565	0.00402	0.00535	0.00636	0.00665	0.00378	0.00431	0.00647	0.00869	0.01156	0.02454	0.77010	0.02929	0.04389	0.00643	0.00194	0.00277	0.05037	0.00415	0.00367
14	0.00680	0.00533	0.00790	0.00772	0.00845	0.00644	0.00606	0.00836	0.00725	0.01056	0.01155	0.01706	0.01082	0.03153	0.74667	0.00678	0.08943	0.00477	0.00239	0.00413
15	0.01246	0.07942	0.15368	0.05099	0.20570	0.14309	0.01124	0.12259	0.11410	0.01596	0.00980	0.01146	0.00776	0.00489	0.00457	0.00136	0.02543	0.01614	0.00281	0.00655
16	0.01058	0.01023	0.01775	0.21116	0.58976	0.01064	0.05689	0.01341	0.01005	0.01405	0.00845	0.01147	0.00690	0.00414	0.00454	0.00139	0.00566	0.00411	0.00219	0.00663
17	0.00659	0.00439	0.00494	0.00494	0.00494	0.00439	0.00275	0.00659	0.00659	0.00879	0.01428	0.02965	0.01647	0.84075	0.02306	0.00439	0.00439	0.00659	0.00275	0.00275
18	0.00958	0.00908	0.01443	0.07761	0.14193	0.01052	0.11650	0.03271	0.02765	0.01436	0.17754	0.01596	0.01437	0.00662	0.00840	0.00162	0.29399	0.00510	0.01659	0.00544
19	0.01614	0.01068	0.01157	0.00982	0.04320	0.07791	0.00760	0.29165	0.11157	0.26931	0.05578	0.01542	0.04657	0.00592	0.00459	0.00139	0.00448	0.00471	0.00461	0.00707
20	0.00567	0.00450	0.00509	0.00517	0.00637	0.00392	0.00379	0.00703	0.01074	0.01374	0.24932	0.16811	0.47790	0.01131	0.00542	0.00155	0.00231	0.00972	0.00442	0.00392
21	0.00601	0.00462	0.00560	0.00606	0.00715	0.00421	0.00471	0.00744	0.01027	0.01307	0.11590	0.21210	0.35838	0.01209	0.00568	0.00173	0.00284	0.21392	0.00428	0.00393
22	0.01243	0.01013	0.01453	0.14466	0.35218	0.02972	0.01089	0.16362	0.04740	0.08617	0.01139	0.07622	0.00949	0.00542	0.00461	0.00142	0.00505	0.00480	0.00320	0.00667
23	0.40543	0.00926	0.00801	0.00702	0.00958	0.07473	0.00557	0.08504	0.06860	0.03386	0.07687	0.04643	0.08601	0.00595	0.00383	0.00137	0.00376	0.00442	0.00346	0.06078
24	0.14310	0.00814	0.00936	0.00762	0.01051	0.00808	0.00621	0.15718	0.03671	0.35122	0.09813	0.01899	0.09564	0.00651	0.00449	0.00143	0.00367	0.02183	0.00473	0.00645
25	0.00765	0.06137	0.14919	0.00705	0.00943	0.00627	0.00667	0.01015	0.01172	0.04717	0.49291	0.02841	0.12817	0.00819	0.00498	0.00141	0.00319	0.00701	0.00418	0.00487
26	0.01147	0.46337	0.15077	0.01255	0.16287	0.02973	0.01034	0.01479	0.08128	0.01279	0.00812	0.00927	0.00678	0.00420	0.00361	0.00117	0.00520	0.00313	0.00224	0.00633

[dist]
# distance from previous block
# <min> <max>
3	22

[block]
# block no. 3 follows, 57 sequences, length 79
# corresponding to MSA columns:
# 226-304
name=unknown_D
#
# <colnr> <probs for GDERKNQSTAVLIFYWHMCP>
#	G	D	E	R	K	N	Q	S	T	A	V	L	I	F	Y	W	H	M	C	P
0	0.13259	0.01179	0.01174	0.01105	0.08913	0.13993	0.01985	0.14707	0.18611	0.03268	0.01083	0.02571	0.00855	0.00517	0.00462	0.00133	0.04429	0.00390	0.00338	0.11028
1	0.01121	0.01062	0.06048	0.14257	0.49617	0.01024	0.01247	0.03612	0.03976	0.06472	0.02433	0.01257	0.02053	0.00460	0.00466	0.00139	0.01812	0.00421	0.00264	0.02260
2	0.00735	0.00599	0.00944	0.02335	0.01001	0.00624	0.09881	0.02273	0.00863	0.01220	0.10168	0.03450	0.01495	0.13274	0.43929	0.00490	0.00857	0.00552	0.00282	0.05030
3	0.01949	0.00756	0.01016	0.00788	0.01123	0.00662	0.00648	0.02149	0.02925	0.75520	0.01772	0.01553	0.01129	0.00560	0.00448	0.00139	0.00375	0.00455	0.05281	0.00751
4	0.01195	0.01017	0.01058	0.00932	0.01197	0.02564	0.00730	0.11294	0.68172	0.01991	0.03565	0.01645	0.01365	0.00611	0.00461	0.00151	0.00379	0.00503	0.00457	0.00713
5	0.00856	0.00805	0.01359	0.82986	0.03121	0.01007	0.01258	0.01158	0.00906	0.01158	0.00805	0.01208	0.00604	0.00453	0.00453	0.00151	0.00604	0.00403	0.00201	0.00503
6	0.00952	0.14053	0.70397	0.01218	0.01847	0.01158	0.01546	0.01424	0.00952	0.01382	0.00787	0.00924	0.00575	0.00424	0.00411	0.00137	0.00643	0.00322	0.00192	0.00657
7	0.00620	0.00483	0.00654	0.00808	0.08136	0.00455	0.00507	0.00755	0.02500	0.01258	0.08300	0.57900	0.13442	0.01237	0.00555	0.00172	0.00282	0.01112	0.00409	0.00414
8	0.00601	0.00462	0.00550	0.00528	0.00652	0.00410	0.00396	0.00777	0.01188	0.01592	0.52022	0.03755	0.33403	0.01010	0.00535	0.00146	0.00220	0.00871	0.00469	0.00410
9	0.01122	0.01077	0.01839	0.02781	0.81248	0.01077	0.01391	0.01391	0.01032	0.01480	0.00852	0.01122	0.00718	0.00404	0.00449	0.00135	0.00538	0.00404	0.00224	0.00718
10	0.01044	0.00999	0.01694	0.24909	0.57426	0.01066	0.01343	0.01318	0.00988	0.01380	0.00832	0.01142	0.00683	0.00428	0.00479	0.00141	0.02856	0.00403	0.00217	0.00652
11	0.00632	0.00463	0.00592	0.00560	0.00671	0.00423	0.00420	0.00836	0.01260	0.01762	0.73923	0.03475	0.11396	0.00947	0.00535	0.00143	0.00215	0.00832	0.00492	0.00423
12	0.01763	0.01205	0.01320	0.01012	0.01373	0.01310	0.00836	0.69709	0.02023	0.13037	0.01178	0.01147	0.00816	0.00546	0.00454	0.00137	0.00484	0.00414	0.00467	0.00771
13	0.01211	0.84348	0.02374	0.00775	0.01163	0.01793	0.00775	0.01357	0.00921	0.01066	0.00630	0.00727	0.00582	0.00388	0.00291	0.00097	0.00485	0.00242	0.00194	0.00582
14	0.00632	0.00463	0.00593	0.00560	0.00671	0.00424	0.00420	0.00837	0.01261	0.01765	0.74234	0.03471	0.11084	0.00946	0.00535	0.00143	0.00215	0.00832	0.00492	0.00424
15	0.00562	0.00460	0.00496	0.00487	0.00628	0.00394	0.00365	0.00701	0.01095	0.01372	0.23614	0.04118	0.61949	0.01093	0.00535	0.00150	0.00226	0.00922	0.00440	0.00394
16	0.00787	0.00394	0.00590	0.00590	0.00590	0.00394	0.00394	0.00590	0.00590	0.00787	0.00787	0.01377	0.00787	0.01574	0.01771	0.86816	0.00394	0.00394	0.00197	0.00197
17	0.01631	0.02024	0.01296	0.01165	0.01382	0.72207	0.00885	0.04490	0.01261	0.01169	0.00705	0.00842	0.00591	0.00499	0.00506	0.00125	0.08147	0.00305	0.00238	0.00531
18	0.01691	0.01254	0.01342	0.01036	0.01393	0.01390	0.00854	0.75629	0.06290	0.02805	0.01128	0.01120	0.00803	0.00548	0.00454	0.00137	0.00491	0.00414	0.00454	0.00768
19	0.00552	0.00394	0.00526	0.00631	0.00657	0.00368	0.00421	0.00631	0.00868	0.01157	0.02498	0.83779	0.02997	0.01420	0.00578	0.00184	0.00263	0.01288	0.00421	0.00368
20	0.00962	0.00803	0.00865	0.00806	0.01012	0.00886	0.00620	0.05729	0.48883	0.01706	0.02373	0.14222	0.14746	0.00840	0.00496	0.00159	0.00333	0.03510	0.00447	0.00603
21	0.00856	0.00805	0.01359	0.82986	0.03121	0.01007	0.01258	0.01158	0.00906	0.01158	0.00805	0.01208	0.00604	0.00453	0.00453	0.00151	0.00604	0.00403	0.00201	0.00503
22	0.04824	0.01255	0.01335	0.01026	0.01386	0.01391	0.00848	0.76895	0.02081	0.02826	0.01071	0.01075	0.00760	0.00539	0.00447	0.00136	0.00493	0.00402	0.00447	0.00760
23	0.00965	0.00720	0.00912	0.00819	0.00983	0.00817	0.00649	0.23184	0.03340	0.01583	0.01199	0.01600	0.01045	0.03779	0.55598	0.00540	0.00975	0.00467	0.00309	0.00515
24	0.00647	0.00485	0.00728	0.00728	0.00809	0.00566	0.00566	0.00809	0.00728	0.01052	0.01214	0.01780	0.01133	0.03398	0.82279	0.00728	0.01214	0.00485	0.00243	0.00405
25	0.01122	0.01077	0.01839	0.02781	0.81248	0.01077	0.01391	0.01391	0.01032	0.01480	0.00852	0.01122	0.00718	0.00404	0.00449	0.00135	0.00538	0.00404	0.00224	0.00718
26	0.01211	0.84348	0.02374	0.00775	0.01163	0.01793	0.00775	0.01357	0.00921	0.01066	0.00630	0.00727	0.00582	0.00388	0.00291	0.00097	0.00485	0.00242	0.00194	0.00582
27	0.00870	0.00820	0.01385	0.78597	0.07396	0.01011	0.01266	0.01171	0.00913	0.01175	0.00808	0.01203	0.00610	0.00450	0.00453	0.00150	0.00600	0.00403	0.00203	0.00515
28	0.01951	0.00754	0.01019	0.00787	0.01127	0.00650	0.00648	0.02123	0.01282	0.77166	0.01941	0.01697	0.05496	0.00593	0.00460	0.00141	0.00377	0.00483	0.00553	0.00750
29	0.00991	0.00991	0.01388	0.01190	0.01190	0.01388	0.00991	0.01091	0.00694	0.01091	0.00595	0.00991	0.00595	0.00793	0.01487	0.00198	0.83246	0.00397	0.00198	0.00496
30	0.00552	0.00394	0.00526	0.00631	0.00657	0.00368	0.00421	0.00631	0.00868	0.01157	0.02498	0.83779	0.02997	0.01420	0.00578	0.00184	0.00263	0.01288	0.00421	0.00368
31	0.01070	0.01222	0.02674	0.01910	0.02368	0.01146	0.79603	0.01451	0.01070	0.01451	0.00917	0.01222	0.00688	0.00382	0.00535	0.00153	0.00764	0.00535	0.00229	0.00611
32	0.01718	0.01391	0.01350	0.01060	0.01405	0.12464	0.00863	0.69079	0.02015	0.02617	0.01035	0.01051	0.00745	0.00533	0.00447	0.00133	0.00542	0.00392	0.00423	0.00737
33	0.00560	0.00412	0.00524	0.00597	0.00652	0.00377	0.00409	0.00660	0.00941	0.01243	0.11789	0.62107	0.15426	0.01321	0.00567	0.00174	0.00252	0.01182	0.00430	0.00377
34	0.00648	0.00483	0.00716	0.00716	0.00793	0.00560	0.00551	0.00801	0.00725	0.01043	0.01225	0.01841	0.01159	0.07564	0.78150	0.00713	0.01174	0.00494	0.00244	0.00398
35	0.01693	0.01246	0.01334	0.01028	0.01383	0.01380	0.00848	0.76565	0.03752	0.02813	0.01111	0.01112	0.00791	0.00545	0.00451	0.00136	0.00490	0.00410	0.02149	0.00763
36	0.00645	0.00476	0.00691	0.00695	0.00763	0.00543	0.00524	0.00783	0.00724	0.01033	0.01287	0.04822	0.01265	0.13765	0.69057	0.00672	0.01080	0.00536	0.00253	0.00386
37	0.00558	0.00399	0.00533	0.00638	0.00667	0.00373	0.00432	0.00642	0.00874	0.01164	0.02494	0.81009	0.02983	0.01414	0.00580	0.00185	0.00268	0.03997	0.00421	0.00370
38	0.01227	0.00983	0.01044	0.00910	0.01177	0.01119	0.00716	0.14012	0.62155	0.04244	0.01709	0.01595	0.01272	0.00598	0.00452	0.00148	0.00373	0.00490	0.05065	0.00711
39	0.61532	0.03156	0.00790	0.00643	0.00928	0.00940	0.00528	0.02571	0.00901	0.18128	0.00918	0.01004	0.00680	0.03485	0.00393	0.00149	0.00364	0.00309	0.02036	0.00545
40	0.01666	0.02027	0.01294	0.04039	0.01462	0.71688	0.00888	0.09212	0.01351	0.01277	0.00741	0.00857	0.00602	0.00474	0.00414	0.00120	0.00779	0.00307	0.00253	0.00548
41	0.01122	0.01077	0.01839	0.02781	0.81248	0.01077	0.01391	0.01391	0.01032	0.01480	0.00852	0.01122	0.00718	0.00404	0.00449	0.00135	0.00538	0.00404	0.00224	0.00718
42	0.00552	0.00394	0.00526	0.00631	0.00657	0.00368	0.00421	0.00631	0.00868	0.01157	0.02498	0.83779	0.02997	0.01420	0.00578	0.00184	0.00263	0.01288	0.00421	0.00368
43	0.01211	0.84348	0.02374	0.00775	0.01163	0.01793	0.00775	0.01357	0.00921	0.01066	0.00630	0.00727	0.00582	0.00388	0.00291	0.00097	0.00485	0.00242	0.00194	0.00582
44	0.00926	0.00501	0.00509	0.00480	0.00609	0.00513	0.00367	0.08352	0.01060	0.01798	0.01442	0.01634	0.01125	0.00529	0.00329	0.00108	0.00238	0.00421	0.78603	0.00455
45	0.00658	0.00443	0.00512	0.00512	0.00518	0.00449	0.00297	0.00670	0.00664	0.00892	0.01411	0.02875	0.01608	0.77901	0.08427	0.00461	0.00499	0.00646	0.00272	0.00285
46	0.87276	0.00876	0.00666	0.00596	0.00876	0.01017	0.00491	0.01332	0.00771	0.02033	0.00631	0.00736	0.00491	0.00421	0.00280	0.00140	0.00351	0.00245	0.00280	0.00491
47	0.00641	0.00463	0.00606	0.00570	0.00677	0.00428	0.00428	0.00855	0.01283	0.01817	0.81009	0.03385	0.04276	0.00926	0.00534	0.00143	0.00214	0.00819	0.00499	0.00428
48	0.02033	0.00771	0.01052	0.00806	0.01157	0.00666	0.00666	0.02208	0.01297	0.81562	0.01788	0.01542	0.01122	0.00561	0.00456	0.00140	0.00386	0.00456	0.00561	0.00771
49	0.00628	0.00429	0.00512	0.00541	0.00553	0.00423	0.00327	0.00659	0.00730	0.00978	0.03116	0.25475	0.02054	0.56998	0.04335	0.00372	0.00411	0.00832	0.00318	0.00307
50	0.01904	0.00743	0.01010	0.00784	0.01112	0.00644	0.00644	0.02083	0.01296	0.74168	0.09134	0.01713	0.01414	0.00595	0.00463	0.00140	0.00370	0.00489	0.00555	0.00739
51	0.00686	0.00510	0.00645	0.00603	0.00723	0.00492	0.00454	0.00999	0.08622	0.01824	0.73669	0.03228	0.04007	0.00897	0.00528	0.00144	0.00227	0.00791	0.00495	0.00454
52	0.00704	0.00529	0.00660	0.00616	0.00742	0.00518	0.00465	0.01056	0.11521	0.01827	0.70769	0.03166	0.03901	0.00886	0.00525	0.00144	0.00233	0.00780	0.00494	0.00465
53	0.02033	0.00771	0.01052	0.00806	0.01157	0.00666	0.00666	0.02208	0.01297	0.81562	0.01788	0.01542	0.01122	0.00561	0.00456	0.00140	0.00386	0.00456	0.00561	0.00771
54	0.77403	0.00864	0.00711	0.00620	0.00909	0.00976	0.00511	0.01433	0.00832	0.11244	0.00765	0.00829	0.00564	0.00437	0.00301	0.00140	0.00355	0.00270	0.00313	0.00523
55	0.00840	0.00423	0.00424	0.00424	0.00527	0.00423	0.00316	0.01047	0.00944	0.01671	0.01477	0.01719	0.01173	0.02458	0.00363	0.00113	0.00216	0.00428	0.84597	0.00419
56	0.01070	0.01222	0.02674	0.01910	0.02368	0.01146	0.79603	0.01451	0.01070	0.01451	0.00917	0.01222	0.00688	0.00382	0.00535	0.00153	0.00764	0.00535	0.00229	0.00611
57	0.00842	0.00534	0.00724	0.00671	0.00815	0.00495	0.02685	0.01060	0.03542	0.12445	0.43488	0.15823	0.07775	0.00965	0.00535	0.00155	0.00279	0.06215	0.00476	0.00475
58	0.00552	0.00394	0.00526	0.00631	0.00657	0.00368	0.00421	0.00631	0.00868	0.01157	0.02498	0.83779	0.02997	0.01420	0.00578	0.00184	0.00263	0.01288	0.00421	0.00368
59	0.77507	0.01004	0.00738	0.00658	0.00936	0.08558	0.00534	0.03056	0.00848	0.01965	0.00647	0.00751	0.00505	0.00428	0.00296	0.00138	0.00397	0.00253	0.00280	0.00500
60	0.00714	0.00543	0.00774	0.00896	0.11082	0.00579	0.00551	0.00821	0.00738	0.01035	0.01257	0.02192	0.01295	0.36822	0.38179	0.00530	0.00802	0.00548	0.00254	0.00391
61	0.02729	0.04834	0.01619	0.18450	0.29715	0.14374	0.07437	0.06814	0.01115	0.04243	0.00872	0.01110	0.00693	0.00546	0.03407	0.00157	0.00626	0.00391	0.00249	0.00618
62	0.01211	0.84348	0.02374	0.00775	0.01163	0.01793	0.00775	0.01357	0.00921	0.01066	0.00630	0.00727	0.00582	0.00388	0.00291	0.00097	0.00485	0.00242	0.00194	0.00582
63	0.00641	0.00463	0.00606	0.00570	0.00677	0.00428	0.00428	0.00855	0.01283	0.01817	0.81009	0.03385	0.04276	0.00926	0.00534	0.00143	0.00214	0.00819	0.00499	0.00428
64	0.00977	0.00972	0.01385	0.09697	0.01391	0.01348	0.01019	0.01098	0.00716	0.01098	0.00617	0.01014	0.00596	0.00758	0.01380	0.00193	0.74651	0.00397	0.00199	0.00496
65	0.00552	0.00394	0.00526	0.00631	0.00657	0.00368	0.00421	0.00631	0.00868	0.01157	0.02498	0.83779	0.02997	0.01420	0.00578	0.00184	0.00263	0.01288	0.00421	0.00368
66	0.02033	0.00771	0.01052	0.00806	0.01157	0.00666	0.00666	0.02208	0.01297	0.81562	0.01788	0.01542	0.01122	0.00561	0.00456	0.00140	0.00386	0.00456	0.00561	0.00771
67	0.00588	0.00437	0.00556	0.00633	0.00705	0.00405	0.00467	0.00706	0.00954	0.01236	0.05780	0.47566	0.19984	0.01308	0.00577	0.00181	0.00285	0.16826	0.00423	0.00383
68	0.06383	0.01237	0.01310	0.01014	0.01368	0.01374	0.00836	0.72643	0.04895	0.02776	0.01090	0.01091	0.00778	0.00540	0.00444	0.00137	0.00485	0.00403	0.00444	0.00753
69	0.00909	0.02344	0.81727	0.01292	0.01961	0.01052	0.01674	0.01435	0.00957	0.01435	0.00813	0.00957	0.00574	0.00431	0.00431	0.00144	0.00670	0.00335	0.00191	0.00670
70	0.01211	0.84348	0.02374	0.00775	0.01163	0.01793	0.00775	0.01357	0.00921	0.01066	0.00630	0.00727	0.00582	0.00388	0.00291	0.00097	0.00485	0.00242	0.00194	0.00582
71	0.00991	0.00991	0.01388	0.01190	0.01190	0.01388	0.00991	0.01091	0.00694	0.01091	0.00595	0.00991	0.00595	0.00793	0.01487	0.00198	0.83246	0.00397	0.00198	0.00496
72	0.01830	0.00726	0.00986	0.00772	0.01087	0.00631	0.00631	0.02011	0.01295	0.69906	0.13367	0.01812	0.01583	0.00614	0.00467	0.00141	0.00360	0.00509	0.00552	0.00721
73	0.00787	0.00394	0.00590	0.00590	0.00590	0.00394	0.00394	0.00590	0.00590	0.00787	0.00787	0.01377	0.00787	0.01574	0.01771	0.86816	0.00394	0.00394	0.00197	0.00197
74	0.00632	0.00463	0.00592	0.00560	0.00671	0.00423	0.00420	0.00836	0.01260	0.01762	0.73923	0.03475	0.11396	0.00947	0.00535	0.00143	0.00215	0.00832	0.00492	0.00423
75	0.00641	0.00463	0.00606	0.00570	0.00677	0.00428	0.00428	0.00855	0.01283	0.01817	0.81009	0.03385	0.04276	0.00926	0.00534	0.00143	0.00214	0.00819	0.00499	0.00428
76	0.00662	0.00447	0.00533	0.00533	0.00550	0.00461	0.00327	0.00697	0.00680	0.00932	0.01392	0.02722	0.01544	0.67599	0.16160	0.00480	0.00567	0.00622	0.02792	0.00302
77	0.87276	0.00876	0.00666	0.00596	0.00876	0.01017	0.00491	0.01332	0.00771	0.02033	0.00631	0.00736	0.00491	0.00421	0.00280	0.00140	0.00351	0.00245	0.00280	0.00491
78	0.01018	0.06338	0.43830	0.01537	0.17216	0.05638	0.07818	0.02704	0.01020	0.01420	0.01022	0.01176	0.04971	0.00460	0.00438	0.00138	0.00618	0.00391	0.00221	0.02026

[dist]
# distance from previous block
# <min> <max>
0	2

[block]
# block no. 4 follows, 57 sequences, length 103
# corresponding to MSA columns:
# 307-316,328-340,342-421
name=unknown_E
#
# <colnr> <probs for GDERKNQSTAVLIFYWHMCP>
#	G	D	E	R	K	N	Q	S	T	A	V	L	I	F	Y	W	H	M	C	P
0	0.72045	0.00898	0.00874	0.06845	0.05888	0.01025	0.04039	0.01328	0.00810	0.01910	0.00669	0.00815	0.00521	0.00420	0.00314	0.00141	0.00398	0.00279	0.00269	0.00510
1	0.03897	0.09061	0.15322	0.02178	0.04382	0.01897	0.00856	0.07165	0.21197	0.07992	0.09606	0.07781	0.05466	0.00651	0.00451	0.00144	0.00425	0.00538	0.00373	0.00619
2	0.00935	0.05734	0.72497	0.01251	0.01867	0.02931	0.01573	0.01416	0.00950	0.01394	0.00807	0.00965	0.00589	0.00511	0.02440	0.00157	0.02802	0.00335	0.00194	0.00652
3	0.01115	0.00949	0.00998	0.00900	0.01150	0.01096	0.00700	0.02349	0.76976	0.01887	0.01828	0.01691	0.01374	0.00611	0.00455	0.00152	0.00352	0.00508	0.04204	0.00704
4	0.01514	0.00664	0.00868	0.00719	0.00992	0.00578	0.00588	0.01680	0.01212	0.52575	0.05492	0.02592	0.19940	0.00774	0.00493	0.00150	0.00346	0.07676	0.00513	0.00636
5	0.00909	0.02344	0.81727	0.01292	0.01961	0.01052	0.01674	0.01435	0.00957	0.01435	0.00813	0.00957	0.00574	0.00431	0.00431	0.00144	0.00670	0.00335	0.00191	0.00670
6	0.00629	0.00463	0.00589	0.00558	0.00670	0.00422	0.00418	0.00832	0.01255	0.01750	0.72400	0.03495	0.12926	0.00951	0.00535	0.00144	0.00216	0.00835	0.00490	0.00422
7	0.01127	0.00973	0.01025	0.00922	0.01178	0.01127	0.00717	0.02408	0.80430	0.01896	0.01844	0.01691	0.01383	0.00615	0.00461	0.00154	0.00359	0.00512	0.00461	0.00717
8	0.00787	0.00394	0.00590	0.00590	0.00590	0.00394	0.00394	0.00590	0.00590	0.00787	0.00787	0.01377	0.00787	0.01574	0.01771	0.86816	0.00394	0.00394	0.00197	0.00197
9	0.00991	0.00991	0.01388	0.01190	0.01190	0.01388	0.00991	0.01091	0.00694	0.01091	0.00595	0.00991	0.00595	0.00793	0.01487	0.00198	0.83246	0.00397	0.00198	0.00496
10	0.87276	0.00876	0.00666	0.00596	0.00876	0.01017	0.00491	0.01332	0.00771	0.02033	0.00631	0.00736	0.00491	0.00421	0.00280	0.00140	0.00351	0.00245	0.00280	0.00491
11	0.01122	0.01077	0.01839	0.02781	0.81248	0.01077	0.01391	0.01391	0.01032	0.01480	0.00852	0.01122	0.00718	0.00404	0.00449	0.00135	0.00538	0.00404	0.00224	0.00718
12	0.82681	0.00854	0.00655	0.00589	0.00862	0.00983	0.00483	0.01296	0.00785	0.01990	0.00841	0.00928	0.04759	0.00459	0.00294	0.00141	0.00344	0.00283	0.00288	0.00485
13	0.01754	0.01789	0.01257	0.01088	0.01361	0.55986	0.00839	0.14146	0.01420	0.14735	0.00942	0.00980	0.00702	0.00495	0.00423	0.00124	0.00695	0.00337	0.00322	0.00605
14	0.00909	0.02344	0.81727	0.01292	0.01961	0.01052	0.01674	0.01435	0.00957	0.01435	0.00813	0.00957	0.00574	0.00431	0.00431	0.00144	0.00670	0.00335	0.00191	0.00670
15	0.01211	0.84348	0.02374	0.00775	0.01163	0.01793	0.00775	0.01357	0.00921	0.01066	0.00630	0.00727	0.00582	0.00388	0.00291	0.00097	0.00485	0.00242	0.00194	0.00582
16	0.01122	0.01077	0.01839	0.02781	0.81248	0.01077	0.01391	0.01391	0.01032	0.01480	0.00852	0.01122	0.00718	0.00404	0.00449	0.00135	0.00538	0.00404	0.00224	0.00718
17	0.00856	0.00805	0.01359	0.82986	0.03121	0.01007	0.01258	0.01158	0.00906	0.01158	0.00805	0.01208	0.00604	0.00453	0.00453	0.00151	0.00604	0.00403	0.00201	0.00503
18	0.87276	0.00876	0.00666	0.00596	0.00876	0.01017	0.00491	0.01332	0.00771	0.02033	0.00631	0.00736	0.00491	0.00421	0.00280	0.00140	0.00351	0.00245	0.00280	0.00491
19	0.01029	0.01141	0.02397	0.15935	0.02454	0.01131	0.63018	0.01387	0.01027	0.01387	0.00885	0.01211	0.00670	0.00410	0.00557	0.00154	0.03889	0.00507	0.00223	0.00588
20	0.01222	0.14381	0.15743	0.02095	0.01380	0.01130	0.00890	0.25984	0.01314	0.01834	0.00868	0.00960	0.00670	0.00428	0.00384	0.00108	0.00474	0.00322	0.00300	0.29511
21	0.00601	0.00462	0.00549	0.00527	0.00652	0.00410	0.00396	0.00776	0.01187	0.01589	0.51660	0.03760	0.33767	0.01011	0.00535	0.00147	0.00220	0.00872	0.00469	0.00410
22	0.36106	0.05466	0.15159	0.03678	0.01243	0.04514	0.02239	0.02816	0.10002	0.05511	0.01240	0.01287	0.08006	0.00520	0.00379	0.00141	0.00444	0.00382	0.00304	0.00565
23	0.01307	0.09990	0.04594	0.02474	0.12112	0.00939	0.00805	0.09464	0.04625	0.18306	0.01072	0.01120	0.00798	0.00437	0.00394	0.00110	0.00425	0.00353	0.00338	0.30335
24	0.82883	0.00880	0.00686	0.00611	0.00889	0.01017	0.00502	0.03873	0.00817	0.02044	0.00680	0.02286	0.00546	0.00443	0.00292	0.00141	0.00354	0.00270	0.00289	0.00498
25	0.00643	0.02063	0.00606	0.00554	0.00686	0.02656	0.00421	0.00817	0.01182	0.01563	0.48512	0.03645	0.31859	0.00989	0.00528	0.00146	0.00244	0.02013	0.00457	0.00417
26	0.11057	0.02892	0.27262	0.01080	0.03421	0.01070	0.02847	0.20758	0.01298	0.20230	0.01078	0.01105	0.00745	0.00494	0.00453	0.00141	0.02646	0.00377	0.00352	0.00691
27	0.01811	0.01083	0.01240	0.00953	0.01307	0.01133	0.00786	0.51573	0.01828	0.30035	0.02722	0.01285	0.00953	0.00556	0.00456	0.00138	0.00455	0.00432	0.00491	0.00765
28	0.14525	0.00904	0.01358	0.44384	0.08775	0.03224	0.07802	0.01223	0.00904	0.01351	0.00841	0.03800	0.00689	0.00495	0.00505	0.00151	0.06346	0.00415	0.01786	0.00522
29	0.01616	0.01214	0.01301	0.01015	0.01364	0.01343	0.00832	0.66636	0.12966	0.02681	0.01184	0.01167	0.00853	0.00548	0.00451	0.00136	0.00474	0.00418	0.00449	0.03353
30	0.00787	0.00394	0.00590	0.00590	0.00590	0.00394	0.00394	0.00590	0.00590	0.00787	0.00787	0.01377	0.00787	0.01574	0.01771	0.86816	0.00394	0.00394	0.00197	0.00197
31	0.00556	0.00397	0.00529	0.00629	0.00658	0.00370	0.00421	0.00640	0.00884	0.01183	0.05638	0.80563	0.03048	0.01400	0.00577	0.00182	0.00261	0.01269	0.00424	0.00370
32	0.00647	0.00485	0.00728	0.00728	0.00809	0.00566	0.00566	0.00809	0.00728	0.01052	0.01214	0.01780	0.01133	0.03398	0.82279	0.00728	0.01214	0.00485	0.00243	0.00405
33	0.00614	0.00441	0.00583	0.00603	0.00681	0.00411	0.00438	0.00779	0.01126	0.01564	0.49875	0.31898	0.03752	0.01115	0.00554	0.00160	0.00240	0.04294	0.00468	0.00406
34	0.11549	0.01551	0.01152	0.00989	0.01271	0.43802	0.00770	0.07369	0.01289	0.24498	0.01033	0.01036	0.00741	0.00494	0.00411	0.00128	0.00617	0.00342	0.00349	0.00609
35	0.75639	0.01051	0.00750	0.00674	0.00948	0.12063	0.00543	0.01397	0.00841	0.01907	0.00640	0.00747	0.00503	0.00427	0.00298	0.00137	0.00414	0.00252	0.00274	0.00495
36	0.01017	0.01009	0.01534	0.04268	0.22793	0.08466	0.17621	0.01244	0.00986	0.01358	0.02895	0.10862	0.01085	0.00702	0.03492	0.00169	0.10581	0.00537	0.08825	0.00556
37	0.01303	0.00794	0.00977	0.00716	0.01101	0.00625	0.00580	0.01496	0.01058	0.28103	0.01132	0.01140	0.00821	0.00410	0.00376	0.00091	0.00352	0.00331	0.00366	0.58227
38	0.00641	0.00465	0.00605	0.00577	0.00686	0.00430	0.00437	0.00851	0.01263	0.01775	0.74770	0.03495	0.07140	0.00949	0.00538	0.00146	0.00223	0.04091	0.00492	0.00425
39	0.00601	0.00462	0.00550	0.00528	0.00652	0.00410	0.00396	0.00777	0.01187	0.01590	0.51743	0.03759	0.33684	0.01011	0.00535	0.00147	0.00220	0.00872	0.00469	0.00410
40	0.00845	0.00422	0.00422	0.00422	0.00528	0.00422	0.00317	0.01056	0.00950	0.01689	0.01478	0.01689	0.01161	0.00528	0.00317	0.00106	0.00211	0.00422	0.86591	0.00422
41	0.01288	0.17267	0.05570	0.00962	0.01277	0.12092	0.00819	0.12583	0.39828	0.01738	0.01302	0.01269	0.00997	0.00532	0.00419	0.00135	0.00479	0.00408	0.00364	0.00670
42	0.00872	0.00822	0.01389	0.78023	0.07955	0.01011	0.01267	0.01172	0.00914	0.01178	0.00808	0.01203	0.00611	0.00450	0.00453	0.00150	0.00600	0.00403	0.00203	0.00517
43	0.05663	0.00772	0.04595	0.00793	0.01048	0.00687	0.03139	0.01371	0.01850	0.25300	0.06074	0.03237	0.04579	0.05507	0.14664	0.00253	0.04832	0.01880	0.00371	0.13382
44	0.00764	0.00568	0.00749	0.00826	0.00946	0.00583	0.00705	0.01091	0.10371	0.01408	0.02397	0.08009	0.04607	0.01181	0.00602	0.00200	0.00399	0.63722	0.00423	0.00450
45	0.00909	0.02344	0.81727	0.01292	0.01961	0.01052	0.01674	0.01435	0.00957	0.01435	0.00813	0.00957	0.00574	0.00431	0.00431	0.00144	0.00670	0.00335	0.00191	0.00670
46	0.00623	0.00449	0.00589	0.00583	0.00673	0.00415	0.00426	0.00808	0.01195	0.01678	0.64511	0.20279	0.04007	0.01030	0.00544	0.00151	0.00224	0.00918	0.00482	0.00415
47	0.06855	0.00778	0.01021	0.00794	0.01133	0.00697	0.00653	0.02141	0.03844	0.73017	0.03115	0.01533	0.01150	0.00561	0.00447	0.00141	0.00380	0.00452	0.00540	0.00747
48	0.01753	0.00801	0.01022	0.00820	0.01136	0.00758	0.00665	0.02182	0.19295	0.59217	0.05997	0.01674	0.01348	0.00592	0.00461	0.00143	0.00370	0.00488	0.00535	0.00741
49	0.00563	0.00436	0.00517	0.00573	0.00664	0.00390	0.00416	0.00673	0.00965	0.01219	0.05175	0.40078	0.37113	0.01274	0.00563	0.00172	0.00261	0.08147	0.00422	0.00380
50	0.00735	0.00480	0.00620	0.00574	0.00697	0.00441	0.00434	0.00944	0.01259	0.06729	0.69891	0.03209	0.06000	0.00889	0.00518	0.00141	0.00225	0.00780	0.04987	0.00447
51	0.01632	0.01163	0.01268	0.00993	0.01324	0.01272	0.00811	0.68483	0.01972	0.06803	0.01253	0.08653	0.00992	0.00625	0.00465	0.00141	0.00471	0.00491	0.00456	0.00734
52	0.01926	0.00942	0.01157	0.00887	0.01242	0.00920	0.00733	0.28837	0.01583	0.54529	0.01547	0.01386	0.01001	0.00555	0.00455	0.00139	0.00424	0.00439	0.00524	0.00771
53	0.00540	0.00453	0.00469	0.00477	0.00618	0.00382	0.00353	0.00654	0.01024	0.01233	0.06367	0.11510	0.72037	0.01166	0.00539	0.00156	0.00232	0.00983	0.00423	0.00382
54	0.01693	0.02160	0.01284	0.01167	0.01401	0.82256	0.00876	0.01809	0.01284	0.01109	0.00700	0.00817	0.00584	0.00467	0.00409	0.00117	0.00817	0.00292	0.00233	0.00525
55	0.00872	0.00745	0.00860	0.00646	0.00996	0.00581	0.00512	0.01084	0.02861	0.01434	0.01439	0.01522	0.13361	0.00562	0.02836	0.00103	0.00346	0.00389	0.00296	0.68557
56	0.01570	0.01209	0.01362	0.01066	0.01397	0.01353	0.03856	0.61054	0.13683	0.02565	0.01168	0.01178	0.00849	0.00562	0.00512	0.00143	0.04871	0.00428	0.00432	0.00742
57	0.00566	0.00404	0.00531	0.00627	0.00659	0.00379	0.00424	0.00646	0.00867	0.01150	0.02480	0.73602	0.04797	0.06344	0.00683	0.00200	0.00279	0.04585	0.00412	0.00365
58	0.01521	0.02882	0.01253	0.01035	0.01330	0.23502	0.00819	0.33069	0.26094	0.02048	0.01208	0.01194	0.00905	0.00542	0.00441	0.00135	0.00542	0.00405	0.00391	0.00683
59	0.02976	0.00842	0.01138	0.00891	0.01225	0.00777	0.06918	0.07834	0.07753	0.38489	0.03274	0.01719	0.01188	0.00575	0.00454	0.00135	0.00412	0.07073	0.00448	0.15879
60	0.01281	0.01205	0.01093	0.00973	0.01233	0.15884	0.00754	0.07215	0.59923	0.02963	0.01587	0.01491	0.01195	0.00583	0.00451	0.00146	0.00451	0.00465	0.00421	0.00687
61	0.01440	0.00999	0.01142	0.00926	0.01196	0.01096	0.00752	0.38686	0.10060	0.14133	0.04961	0.05149	0.07370	0.00681	0.00577	0.00149	0.09044	0.00524	0.00442	0.00674
62	0.01225	0.63629	0.06602	0.00789	0.01164	0.01513	0.00784	0.01401	0.00994	0.09243	0.08087	0.01064	0.00972	0.00457	0.00338	0.00108	0.00460	0.00322	0.00258	0.00592
63	0.01358	0.00619	0.00769	0.00642	0.00868	0.00571	0.00512	0.04931	0.01210	0.36624	0.14734	0.01964	0.04240	0.00628	0.00426	0.00130	0.00301	0.00519	0.28364	0.00589
64	0.01085	0.00658	0.00885	0.00822	0.03520	0.00684	0.00621	0.02632	0.02560	0.21658	0.22987	0.09807	0.04090	0.05806	0.03030	0.00190	0.12705	0.04162	0.01569	0.00528
65	0.00909	0.02344	0.81727	0.01292	0.01961	0.01052	0.01674	0.01435	0.00957	0.01435	0.00813	0.00957	0.00574	0.00431	0.00431	0.00144	0.00670	0.00335	0.00191	0.00670
66	0.00629	0.00459	0.00591	0.00565	0.00671	0.00421	0.00421	0.00829	0.01243	0.01740	0.71464	0.07712	0.09620	0.00968	0.00537	0.00145	0.00217	0.00854	0.00489	0.00421
67	0.05336	0.00819	0.01092	0.00838	0.01189	0.00741	0.02366	0.07452	0.01328	0.71348	0.01676	0.01473	0.01064	0.00550	0.00450	0.00140	0.00400	0.00446	0.00535	0.00757
68	0.00841	0.17421	0.15256	0.00910	0.01181	0.00888	0.08629	0.03072	0.02357	0.01294	0.03035	0.36750	0.03678	0.00877	0.00481	0.00152	0.00433	0.00777	0.01464	0.00506
69	0.00599	0.00427	0.00574	0.00671	0.00717	0.00407	0.00487	0.00709	0.00913	0.01213	0.04815	0.60749	0.02903	0.04058	0.00644	0.00197	0.00302	0.18818	0.00417	0.00378
70	0.01070	0.01222	0.02674	0.01910	0.02368	0.01146	0.79603	0.01451	0.01070	0.01451	0.00917	0.01222	0.00688	0.00382	0.00535	0.00153	0.00764	0.00535	0.00229	0.00611
71	0.01041	0.01163	0.02450	0.01780	0.02174	0.01142	0.67866	0.01384	0.01015	0.01396	0.00899	0.01227	0.00700	0.00571	0.04649	0.00186	0.09023	0.00519	0.00227	0.00589
72	0.00986	0.02747	0.38166	0.11947	0.08966	0.02642	0.23142	0.01398	0.00987	0.01388	0.00834	0.01072	0.00622	0.00427	0.00489	0.00147	0.02800	0.00404	0.00207	0.00628
73	0.00552	0.00394	0.00526	0.00631	0.00657	0.00368	0.00421	0.00631	0.00868	0.01157	0.02498	0.83779	0.02997	0.01420	0.00578	0.00184	0.00263	0.01288	0.00421	0.00368
74	0.00558	0.00398	0.00532	0.00638	0.00666	0.00373	0.00431	0.00641	0.00873	0.01163	0.02494	0.81217	0.02984	0.01414	0.00580	0.00185	0.00268	0.03793	0.00421	0.00370
75	0.02693	0.00404	0.00592	0.00590	0.00597	0.00407	0.00396	0.00607	0.00594	0.00815	0.00784	0.01363	0.00781	0.01549	0.01738	0.84907	0.00393	0.00390	0.00199	0.00203
76	0.00588	0.00442	0.00613	0.00681	0.00742	0.00413	0.03014	0.00695	0.00910	0.01196	0.02626	0.64616	0.09996	0.01341	0.00579	0.00183	0.00294	0.10274	0.00414	0.00383
77	0.00557	0.00398	0.00531	0.00636	0.00665	0.00372	0.00429	0.00639	0.00872	0.01162	0.02495	0.81702	0.02987	0.01415	0.00580	0.00185	0.00267	0.03319	0.00421	0.00369
78	0.00647	0.00485	0.00728	0.00728	0.00809	0.00566	0.00566	0.00809	0.00728	0.01052	0.01214	0.01780	0.01133	0.03398	0.82279	0.00728	0.01214	0.00485	0.00243	0.00405
79	0.01199	0.81043	0.05572	0.00796	0.01195	0.01763	0.00812	0.01360	0.00922	0.01081	0.00637	0.00736	0.00581	0.00389	0.00296	0.00099	0.00492	0.00246	0.00194	0.00585
