[name]
unknown

[dist]
# distance from previous block
# <min> <max>
8	25

[block]
# block no. 0 follows, 57 sequences, length 28
# corresponding to MSA columns:
# 495-514,521-528
name=unknown_A
#
# <colnr> <probs for GDERKNQSTAVLIFYWHMCP>
#	G	D	E	R	K	N	Q	S	T	A	V	L	I	F	Y	W	H	M	C	P
0	0.02062	0.00626	0.00765	0.00725	0.01962	0.02227	0.02664	0.08366	0.02592	0.09548	0.12085	0.25813	0.14854	0.03827	0.03501	0.01610	0.00359	0.01895	0.04043	0.00477
1	0.06928	0.02040	0.00732	0.00685	0.02973	0.02630	0.00492	0.07447	0.03256	0.05251	0.12813	0.13332	0.20534	0.13335	0.00767	0.00191	0.01225	0.00731	0.02725	0.01912
2	0.07062	0.06533	0.03054	0.02276	0.01039	0.05039	0.03265	0.08542	0.10026	0.05022	0.14992	0.07753	0.03376	0.07694	0.02375	0.01429	0.02641	0.00561	0.04686	0.02635
3	0.07091	0.00741	0.02996	0.00783	0.03366	0.02925	0.00590	0.07259	0.06298	0.15146	0.06066	0.24568	0.04841	0.04070	0.03677	0.00183	0.00386	0.00705	0.06033	0.02274
4	0.08111	0.02771	0.00759	0.01850	0.00865	0.00669	0.00508	0.07174	0.07282	0.09425	0.19123	0.03920	0.19680	0.02271	0.03173	0.00163	0.00331	0.00634	0.08709	0.02584
5	0.00975	0.00914	0.08407	0.03451	0.07100	0.04157	0.03962	0.08482	0.04362	0.06096	0.09402	0.06515	0.11225	0.09728	0.05111	0.01668	0.02400	0.01951	0.03572	0.00520
6	0.28032	0.04386	0.08905	0.00778	0.01076	0.00910	0.03946	0.06902	0.04268	0.10753	0.01149	0.03184	0.02198	0.00516	0.00398	0.00134	0.02616	0.00387	0.16704	0.02758
7	0.02460	0.01065	0.07118	0.01062	0.01215	0.04973	0.04439	0.04750	0.08352	0.01331	0.02114	0.06936	0.04275	0.03428	0.02025	0.00186	0.39583	0.00496	0.00272	0.03921
8	0.02856	0.46683	0.15067	0.00866	0.01219	0.05349	0.00869	0.03422	0.00946	0.01203	0.03399	0.01127	0.00823	0.09678	0.00614	0.00152	0.04613	0.00337	0.00223	0.00553
9	0.02407	0.00609	0.02636	0.02883	0.00851	0.00553	0.00502	0.04977	0.00994	0.14315	0.04661	0.16403	0.13339	0.22818	0.02068	0.00236	0.00374	0.03603	0.02703	0.03066
10	0.10231	0.01073	0.05050	0.14952	0.51575	0.01080	0.01254	0.04572	0.01017	0.01533	0.00822	0.01082	0.00668	0.00431	0.00459	0.00140	0.02788	0.00384	0.00234	0.00654
11	0.43177	0.11782	0.06989	0.00784	0.01108	0.05668	0.00704	0.06051	0.00983	0.12664	0.00834	0.00901	0.00624	0.00461	0.00388	0.00135	0.04053	0.00299	0.00305	0.02090
12	0.00674	0.00470	0.00553	0.03925	0.00643	0.00481	0.00345	0.00742	0.03649	0.00954	0.01519	0.10473	0.01722	0.69729	0.01998	0.00393	0.00426	0.00702	0.00292	0.00309
13	0.01189	0.78340	0.08188	0.00813	0.01221	0.01739	0.00841	0.01363	0.00923	0.01093	0.00643	0.00744	0.00581	0.00391	0.00301	0.00100	0.00498	0.00249	0.00194	0.00588
14	0.01311	0.71779	0.02191	0.00806	0.01180	0.07600	0.00774	0.01457	0.00977	0.07375	0.00726	0.00797	0.00624	0.00407	0.00312	0.00102	0.00501	0.00263	0.00225	0.00592
15	0.01395	0.04648	0.04225	0.00992	0.01311	0.05722	0.00822	0.33696	0.38059	0.02191	0.01386	0.01331	0.01027	0.00562	0.00447	0.00142	0.00457	0.00440	0.00424	0.00721
16	0.00618	0.00508	0.00552	0.00535	0.00671	0.02113	0.00401	0.00803	0.03268	0.01477	0.35158	0.05844	0.44348	0.01037	0.00532	0.00149	0.00240	0.00884	0.00449	0.00412
17	0.00554	0.00400	0.00530	0.00627	0.00660	0.00375	0.00422	0.00638	0.00870	0.01156	0.02547	0.77619	0.06347	0.01473	0.03257	0.00201	0.00293	0.01247	0.00415	0.00370
18	0.00665	0.00473	0.00609	0.00603	0.00633	0.00515	0.00405	0.00728	0.00686	0.00950	0.01323	0.02463	0.01423	0.51430	0.32144	0.00540	0.03234	0.00586	0.00260	0.00330
19	0.05353	0.07980	0.07534	0.04936	0.42821	0.08945	0.02770	0.07081	0.03502	0.01526	0.00892	0.03038	0.00746	0.00454	0.00428	0.00134	0.00553	0.00395	0.00251	0.00659
20	0.00548	0.00450	0.00480	0.00492	0.00621	0.00385	0.00359	0.00663	0.01021	0.01251	0.09836	0.15218	0.63044	0.02865	0.00578	0.00162	0.00237	0.00986	0.00423	0.00382
21	0.01469	0.13267	0.05410	0.07046	0.01458	0.45802	0.00888	0.05482	0.01212	0.06171	0.02402	0.01094	0.04012	0.00505	0.00427	0.00124	0.02058	0.00350	0.00266	0.00558
22	0.00764	0.00402	0.00573	0.00573	0.00573	0.00402	0.00372	0.00603	0.00603	0.00803	0.00901	0.01659	0.00940	0.16219	0.01866	0.71483	0.00402	0.00441	0.00211	0.00211
23	0.00995	0.06153	0.05115	0.00760	0.01148	0.00756	0.01936	0.02161	0.00962	0.03809	0.02610	0.01008	0.00752	0.00389	0.00406	0.00085	0.04378	0.00300	0.00272	0.66004
24	0.66557	0.00858	0.02356	0.02347	0.00949	0.00943	0.00548	0.03041	0.00875	0.04691	0.06766	0.02556	0.02269	0.00518	0.00349	0.00144	0.01509	0.01910	0.00313	0.00501
25	0.02942	0.05059	0.09457	0.05494	0.40265	0.03112	0.01152	0.07309	0.02389	0.04088	0.00881	0.01068	0.00704	0.00424	0.00433	0.00126	0.01528	0.00368	0.00258	0.12945
26	0.04846	0.26229	0.08700	0.00931	0.04036	0.09227	0.01894	0.13243	0.02318	0.03887	0.04332	0.04633	0.09882	0.00577	0.00405	0.00125	0.00479	0.00444	0.00305	0.03504
27	0.09093	0.16851	0.06536	0.00865	0.01142	0.05602	0.06457	0.08680	0.03760	0.07497	0.04045	0.11353	0.01236	0.11871	0.00674	0.00176	0.00467	0.00518	0.00319	0.02860

[dist]
# distance from previous block
# <min> <max>
2	16

[block]
# block no. 1 follows, 57 sequences, length 25
# corresponding to MSA columns:
# 545-569
name=unknown_B
#
# <colnr> <probs for GDERKNQSTAVLIFYWHMCP>
#	G	D	E	R	K	N	Q	S	T	A	V	L	I	F	Y	W	H	M	C	P
0	0.01122	0.05751	0.10298	0.01087	0.07099	0.04402	0.07738	0.06978	0.10958	0.10801	0.01491	0.17549	0.02780	0.03418	0.00527	0.00153	0.00462	0.00597	0.00351	0.06437
1	0.08885	0.14693	0.05285	0.01261	0.13620	0.35367	0.00912	0.04962	0.01136	0.01361	0.02368	0.00942	0.00696	0.00519	0.02432	0.00134	0.00637	0.00319	0.00245	0.04227
2	0.07963	0.06257	0.05738	0.03195	0.09326	0.13806	0.03686	0.03872	0.02186	0.17639	0.10453	0.06302	0.02446	0.04535	0.00530	0.00151	0.00485	0.00496	0.00352	0.00582
3	0.00989	0.07579	0.55945	0.01327	0.05413	0.04225	0.07545	0.01412	0.00964	0.02533	0.00835	0.01033	0.00634	0.02032	0.02768	0.00163	0.03401	0.00359	0.00206	0.00637
4	0.00893	0.00872	0.06517	0.03515	0.01134	0.03047	0.04520	0.06463	0.08763	0.01505	0.10420	0.13632	0.07450	0.05168	0.02964	0.00167	0.02495	0.00613	0.00346	0.19514
5	0.00661	0.00529	0.00748	0.10466	0.01066	0.00553	0.02163	0.00851	0.02745	0.01220	0.05139	0.19931	0.17809	0.01660	0.20804	0.00310	0.00565	0.12011	0.00350	0.00418
6	0.00930	0.00801	0.00964	0.00952	0.08615	0.03901	0.03775	0.06196	0.18127	0.01531	0.11445	0.04411	0.11470	0.14084	0.03370	0.00205	0.00420	0.00603	0.00365	0.07834
7	0.00614	0.00458	0.00546	0.00526	0.00629	0.00417	0.00379	0.00765	0.01110	0.01495	0.46216	0.03597	0.25884	0.14432	0.00821	0.00194	0.00255	0.00833	0.00440	0.00390
8	0.01058	0.00865	0.01012	0.00892	0.01118	0.00971	0.03267	0.08330	0.45144	0.03886	0.06038	0.01946	0.06336	0.01054	0.11847	0.00233	0.02688	0.02270	0.00417	0.00628
9	0.01259	0.01039	0.01099	0.00949	0.01229	0.01189	0.00749	0.19530	0.63093	0.02108	0.01677	0.01557	0.01248	0.00599	0.00459	0.00150	0.00390	0.00489	0.00459	0.00729
10	0.01472	0.01066	0.07136	0.01030	0.03351	0.01047	0.02334	0.22627	0.05701	0.24766	0.02597	0.02936	0.00968	0.00599	0.00634	0.00148	0.15121	0.00443	0.02690	0.03332
11	0.03105	0.15863	0.09411	0.01072	0.01348	0.35799	0.04025	0.01499	0.01072	0.03725	0.00967	0.03268	0.03821	0.00559	0.00540	0.00134	0.10689	0.02311	0.00246	0.00544
12	0.04610	0.01449	0.03621	0.04230	0.39847	0.27575	0.04974	0.01507	0.01083	0.01348	0.00781	0.01004	0.00650	0.00447	0.00488	0.00134	0.05038	0.00365	0.00227	0.00622
13	0.00909	0.02344	0.81727	0.01292	0.01961	0.01052	0.01674	0.01435	0.00957	0.01435	0.00813	0.00957	0.00574	0.00431	0.00431	0.00144	0.00670	0.00335	0.00191	0.00670
14	0.01116	0.01055	0.03348	0.12674	0.42519	0.01056	0.12597	0.06971	0.04099	0.03627	0.03117	0.01365	0.00892	0.00471	0.00470	0.00143	0.00556	0.02993	0.00269	0.00661
15	0.00647	0.00485	0.00728	0.00728	0.00809	0.00566	0.00566	0.00809	0.00728	0.01052	0.01214	0.01780	0.01133	0.03398	0.82279	0.00728	0.01214	0.00485	0.00243	0.00405
16	0.01026	0.11042	0.18336	0.11989	0.16397	0.01163	0.23310	0.01399	0.03872	0.01384	0.02662	0.01149	0.00750	0.00439	0.00486	0.00142	0.03187	0.00421	0.00226	0.00621
17	0.00845	0.00422	0.00422	0.00422	0.00528	0.00422	0.00317	0.01056	0.00950	0.01689	0.01478	0.01689	0.01161	0.00528	0.00317	0.00106	0.00211	0.00422	0.86591	0.00422
18	0.00707	0.00576	0.00818	0.05763	0.00990	0.00602	0.04871	0.02634	0.02450	0.01329	0.14923	0.23759	0.12697	0.05461	0.07954	0.00232	0.06075	0.07358	0.00372	0.00428
19	0.00543	0.00432	0.00487	0.00532	0.00631	0.00376	0.00376	0.00642	0.00963	0.01196	0.03707	0.37866	0.48129	0.01262	0.00554	0.00166	0.00244	0.01096	0.00421	0.00376
20	0.00923	0.00786	0.00921	0.00665	0.01052	0.00594	0.00531	0.01125	0.00959	0.01496	0.05308	0.01077	0.00874	0.00369	0.00347	0.00071	0.00329	0.00299	0.00281	0.81994
21	0.01152	0.16595	0.14883	0.01043	0.03853	0.11849	0.04897	0.10275	0.06798	0.03346	0.06874	0.05652	0.05453	0.00682	0.03141	0.00154	0.01987	0.00471	0.00306	0.00590
22	0.01856	0.00690	0.02891	0.00723	0.00876	0.05133	0.03568	0.02294	0.07669	0.04516	0.17847	0.26326	0.17425	0.03221	0.00574	0.00166	0.00335	0.03016	0.00416	0.00460
23	0.01160	0.04369	0.08788	0.05119	0.15761	0.01113	0.18403	0.10272	0.12502	0.06012	0.03194	0.01385	0.03808	0.00521	0.00530	0.00147	0.05487	0.00469	0.00311	0.00651
24	0.02508	0.15476	0.41381	0.01345	0.12267	0.01165	0.03789	0.04624	0.02399	0.02669	0.02253	0.01015	0.00698	0.00439	0.00430	0.00132	0.02161	0.00348	0.00229	0.04671

[dist]
# distance from previous block
# <min> <max>
0	3

[block]
# block no. 2 follows, 57 sequences, length 10
# corresponding to MSA columns:
# 585-594
name=unknown_C
#
# <colnr> <probs for GDERKNQSTAVLIFYWHMCP>
#	G	D	E	R	K	N	Q	S	T	A	V	L	I	F	Y	W	H	M	C	P
0	0.01178	0.10071	0.03187	0.02549	0.11766	0.01043	0.05369	0.10702	0.08715	0.10070	0.03794	0.03264	0.06058	0.00641	0.02079	0.00149	0.08255	0.01820	0.00336	0.08953
1	0.04685	0.19617	0.05472	0.01243	0.12554	0.12240	0.06213	0.09930	0.07945	0.09812	0.01118	0.01259	0.02758	0.00501	0.00416	0.00131	0.00532	0.02626	0.00309	0.00637
2	0.06707	0.04692	0.19632	0.01099	0.04056	0.10446	0.03342	0.18894	0.02597	0.01682	0.03004	0.05457	0.00918	0.00863	0.09256	0.00205	0.05825	0.00430	0.00293	0.00600
3	0.08079	0.12015	0.24154	0.01012	0.03094	0.11620	0.02295	0.08328	0.03054	0.06239	0.05242	0.01332	0.06636	0.00522	0.00413	0.00130	0.00529	0.00399	0.00293	0.04613
4	0.01001	0.07997	0.43423	0.01263	0.06391	0.03076	0.08770	0.01427	0.04800	0.03730	0.03176	0.01220	0.03678	0.00492	0.00462	0.01961	0.00583	0.00395	0.00243	0.05914
5	0.01167	0.06421	0.11273	0.01287	0.16098	0.00985	0.05482	0.08755	0.12984	0.10500	0.05855	0.04387	0.04638	0.00559	0.00448	0.00135	0.00459	0.00483	0.00347	0.07738
6	0.00870	0.00671	0.00881	0.00814	0.00950	0.00781	0.00644	0.13179	0.07572	0.01403	0.01218	0.01629	0.01073	0.02604	0.59047	0.00564	0.04844	0.00472	0.00291	0.00492
7	0.01161	0.20633	0.08688	0.00953	0.04389	0.13397	0.00801	0.06131	0.13200	0.04746	0.07734	0.08319	0.05205	0.02156	0.00463	0.00138	0.00478	0.00500	0.00328	0.00581
8	0.62375	0.01117	0.14388	0.00878	0.07134	0.00999	0.00754	0.01321	0.00814	0.01835	0.00685	0.00831	0.00535	0.00472	0.00385	0.03995	0.00420	0.00279	0.00257	0.00525
9	0.03667	0.00806	0.00990	0.00790	0.03212	0.00675	0.02907	0.01318	0.07576	0.08233	0.01106	0.07521	0.00946	0.00468	0.00382	0.00096	0.00354	0.00395	0.00319	0.58237

[dist]
# distance from previous block
# <min> <max>
0	2

[block]
# block no. 3 follows, 57 sequences, length 8
# corresponding to MSA columns:
# 597,598,604-609
name=unknown_D
#
# <colnr> <probs for GDERKNQSTAVLIFYWHMCP>
#	G	D	E	R	K	N	Q	S	T	A	V	L	I	F	Y	W	H	M	C	P
0	0.01557	0.01535	0.01237	0.01054	0.01333	0.33432	0.00824	0.31764	0.15803	0.01922	0.01126	0.04362	0.00894	0.00561	0.00442	0.00133	0.00591	0.00415	0.00366	0.00648
1	0.08116	0.00790	0.00919	0.00681	0.01053	0.00639	0.00548	0.01309	0.00997	0.13924	0.04594	0.01128	0.00890	0.00404	0.00359	0.00088	0.00339	0.00321	0.00325	0.62576
2	0.00567	0.00435	0.00519	0.00562	0.00649	0.00395	0.00400	0.00675	0.00957	0.01226	0.09607	0.36413	0.33882	0.04952	0.04118	0.00203	0.00299	0.03351	0.00413	0.00378
3	0.01153	0.13853	0.28149	0.01388	0.12426	0.08758	0.08033	0.04138	0.04835	0.04893	0.00962	0.01098	0.02460	0.00475	0.00488	0.00137	0.05490	0.00378	0.00247	0.00638
4	0.00571	0.00422	0.00540	0.00610	0.00667	0.00397	0.00426	0.00670	0.00898	0.01181	0.05630	0.54463	0.16211	0.04620	0.07422	0.00233	0.00347	0.03915	0.00403	0.00374
5	0.00559	0.00416	0.00523	0.00600	0.00660	0.00380	0.00417	0.00656	0.00926	0.01204	0.05875	0.60585	0.19759	0.01336	0.00569	0.00177	0.00260	0.04301	0.00423	0.00375
6	0.01326	0.01300	0.14707	0.01425	0.17737	0.02880	0.05321	0.27439	0.06159	0.08408	0.02623	0.02964	0.03180	0.00545	0.00462	0.00142	0.00520	0.01814	0.00354	0.00695
7	0.00963	0.04335	0.00991	0.00772	0.03292	0.00702	0.00601	0.05363	0.02600	0.03304	0.03501	0.06694	0.04020	0.00558	0.00421	0.00104	0.01827	0.06731	0.00317	0.52903

[dist]
# distance from previous block
# <min> <max>
8	11

[block]
# block no. 4 follows, 57 sequences, length 23
# corresponding to MSA columns:
# 639-661
name=unknown_E
#
# <colnr> <probs for GDERKNQSTAVLIFYWHMCP>
#	G	D	E	R	K	N	Q	S	T	A	V	L	I	F	Y	W	H	M	C	P
0	0.00608	0.00473	0.00570	0.00582	0.00701	0.00409	0.00416	0.00728	0.00971	0.01294	0.12070	0.41989	0.24161	0.01148	0.00530	0.00156	0.00257	0.01011	0.00410	0.11516
1	0.03634	0.24846	0.57430	0.01128	0.01709	0.01255	0.01391	0.01410	0.00941	0.01352	0.00757	0.00887	0.00574	0.00418	0.00387	0.00131	0.00609	0.00307	0.00195	0.00640
2	0.01595	0.01132	0.01403	0.01070	0.01434	0.01189	0.09634	0.47046	0.09335	0.14662	0.01233	0.01222	0.00869	0.00523	0.00457	0.00136	0.00488	0.00432	0.00435	0.05705
3	0.00647	0.00485	0.00728	0.00728	0.00809	0.00566	0.00566	0.00809	0.00728	0.01052	0.01214	0.01780	0.01133	0.03398	0.82279	0.00728	0.01214	0.00485	0.00243	0.00405
4	0.00787	0.00394	0.00590	0.00590	0.00590	0.00394	0.00394	0.00590	0.00590	0.00787	0.00787	0.01377	0.00787	0.01574	0.01771	0.86816	0.00394	0.00394	0.00197	0.00197
5	0.01295	0.01048	0.01110	0.00942	0.01228	0.01186	0.00748	0.27416	0.51713	0.02179	0.01714	0.01607	0.04517	0.00614	0.00462	0.00148	0.00399	0.00497	0.00457	0.00721
6	0.00647	0.00485	0.00728	0.00728	0.00809	0.00566	0.00566	0.00809	0.00728	0.01052	0.01214	0.01780	0.01133	0.03398	0.82279	0.00728	0.01214	0.00485	0.00243	0.00405
7	0.00909	0.02344	0.81727	0.01292	0.01961	0.01052	0.01674	0.01435	0.00957	0.01435	0.00813	0.00957	0.00574	0.00431	0.00431	0.00144	0.00670	0.00335	0.00191	0.00670
8	0.00576	0.00428	0.00532	0.00574	0.00649	0.00389	0.00402	0.00697	0.01010	0.01343	0.24214	0.42898	0.19967	0.03401	0.00603	0.00173	0.00247	0.01074	0.00438	0.00385
9	0.00846	0.00465	0.00527	0.09686	0.00819	0.00488	0.00422	0.01067	0.00945	0.01630	0.01403	0.01635	0.01099	0.00520	0.00332	0.00111	0.00255	0.00420	0.76897	0.00431
10	0.00991	0.00991	0.01388	0.01190	0.01190	0.01388	0.00991	0.01091	0.00694	0.01091	0.00595	0.00991	0.00595	0.00793	0.01487	0.00198	0.83246	0.00397	0.00198	0.00496
11	0.87276	0.00876	0.00666	0.00596	0.00876	0.01017	0.00491	0.01332	0.00771	0.02033	0.00631	0.00736	0.00491	0.00421	0.00280	0.00140	0.00351	0.00245	0.00280	0.00491
12	0.01002	0.01005	0.01451	0.43353	0.12387	0.08264	0.04784	0.02642	0.00945	0.01225	0.00816	0.02693	0.00677	0.00578	0.02175	0.00165	0.14666	0.00416	0.00217	0.00537
13	0.00741	0.00608	0.00846	0.00793	0.00833	0.00752	0.00608	0.00847	0.00702	0.01020	0.01102	0.01860	0.01116	0.22362	0.41454	0.00518	0.22698	0.00504	0.00239	0.00397
14	0.00649	0.00465	0.00566	0.00552	0.00672	0.00415	0.00410	0.00813	0.01150	0.04589	0.43530	0.14262	0.28164	0.01047	0.00538	0.00151	0.00232	0.00911	0.00466	0.00419
15	0.00915	0.00871	0.01484	0.60291	0.21069	0.01012	0.03382	0.01207	0.00943	0.01242	0.00911	0.01265	0.02580	0.00457	0.00456	0.00147	0.00584	0.00420	0.00213	0.00553
16	0.01070	0.01222	0.02674	0.01910	0.02368	0.01146	0.79603	0.01451	0.01070	0.01451	0.00917	0.01222	0.00688	0.00382	0.00535	0.00153	0.00764	0.00535	0.00229	0.00611
17	0.00698	0.00520	0.00748	0.00733	0.00824	0.00600	0.00568	0.04454	0.00790	0.01128	0.01217	0.01796	0.01137	0.06549	0.75241	0.00689	0.01149	0.00489	0.00254	0.00416
18	0.00991	0.00991	0.01388	0.01190	0.01190	0.01388	0.00991	0.01091	0.00694	0.01091	0.00595	0.00991	0.00595	0.00793	0.01487	0.00198	0.83246	0.00397	0.00198	0.00496
19	0.01030	0.02316	0.69337	0.01272	0.01875	0.13560	0.01551	0.01493	0.01007	0.01385	0.00796	0.00935	0.00576	0.00436	0.00427	0.00139	0.00692	0.00328	0.00198	0.00647
20	0.01079	0.23609	0.52015	0.01129	0.01691	0.01285	0.01349	0.10201	0.01079	0.01498	0.00796	0.00911	0.00598	0.00432	0.00397	0.00131	0.00602	0.00319	0.00221	0.00658
21	0.00862	0.00978	0.10377	0.73819	0.02991	0.01012	0.01305	0.01189	0.00912	0.01189	0.00806	0.01180	0.00601	0.00451	0.00451	0.00150	0.00611	0.00395	0.00200	0.00522
22	0.01093	0.26305	0.45293	0.01106	0.01625	0.01327	0.01284	0.10181	0.01065	0.01468	0.00779	0.00905	0.00599	0.00449	0.00445	0.00132	0.04757	0.00319	0.00222	0.00646

[dist]
# distance from previous block
# <min> <max>
0	2

[block]
# block no. 5 follows, 57 sequences, length 25
# corresponding to MSA columns:
# 664,665,667-689
name=unknown_F
#
# <colnr> <probs for GDERKNQSTAVLIFYWHMCP>
#	G	D	E	R	K	N	Q	S	T	A	V	L	I	F	Y	W	H	M	C	P
0	0.71856	0.00940	0.03994	0.00772	0.05934	0.01006	0.00602	0.03708	0.00860	0.01990	0.04374	0.00902	0.00691	0.00447	0.00314	0.00140	0.00373	0.00290	0.00289	0.00518
1	0.01152	0.01129	0.04248	0.02582	0.71108	0.01098	0.02877	0.06290	0.02304	0.01570	0.00882	0.01125	0.00726	0.00416	0.00450	0.00136	0.00542	0.00406	0.00241	0.00718
2	0.06577	0.01149	0.01615	0.04076	0.37438	0.08997	0.10526	0.03886	0.12173	0.04690	0.01032	0.01239	0.00822	0.00470	0.00469	0.00141	0.02091	0.01664	0.00284	0.00661
3	0.00796	0.00596	0.00738	0.00663	0.00823	0.00583	0.02538	0.05470	0.10665	0.04331	0.46446	0.05452	0.15968	0.02229	0.00549	0.00151	0.00274	0.00774	0.00468	0.00486
4	0.01183	0.01149	0.05445	0.04322	0.67988	0.03965	0.01337	0.01453	0.01051	0.06447	0.00902	0.01131	0.00729	0.00418	0.00447	0.00135	0.00546	0.00400	0.00244	0.00707
5	0.00749	0.00648	0.02891	0.05955	0.06226	0.00641	0.00631	0.01073	0.12985	0.01381	0.12934	0.24459	0.10304	0.08508	0.00714	0.00189	0.02560	0.06296	0.00386	0.00468
6	0.01070	0.01222	0.02674	0.01910	0.02368	0.01146	0.79603	0.01451	0.01070	0.01451	0.00917	0.01222	0.00688	0.00382	0.00535	0.00153	0.00764	0.00535	0.00229	0.00611
7	0.00933	0.02198	0.72255	0.01443	0.09071	0.01057	0.03937	0.01432	0.00967	0.01440	0.00820	0.00979	0.00590	0.00427	0.00435	0.00143	0.00661	0.00347	0.00195	0.00672
8	0.00648	0.00481	0.00706	0.00706	0.00779	0.00554	0.00539	0.00795	0.00722	0.01036	0.01234	0.01892	0.01181	0.11010	0.74734	0.00701	0.01141	0.00502	0.00246	0.00392
9	0.00707	0.02526	0.06194	0.01880	0.02686	0.00642	0.00614	0.00926	0.04927	0.01154	0.03381	0.02261	0.14094	0.12999	0.40606	0.00469	0.02644	0.00572	0.00286	0.00433
10	0.00552	0.00394	0.00526	0.00631	0.00657	0.00368	0.00421	0.00631	0.00868	0.01157	0.02498	0.83779	0.02997	0.01420	0.00578	0.00184	0.00263	0.01288	0.00421	0.00368
11	0.87276	0.00876	0.00666	0.00596	0.00876	0.01017	0.00491	0.01332	0.00771	0.02033	0.00631	0.00736	0.00491	0.00421	0.00280	0.00140	0.00351	0.00245	0.00280	0.00491
12	0.01105	0.01019	0.01469	0.15297	0.34504	0.06088	0.02877	0.01470	0.10764	0.05098	0.01140	0.01462	0.02685	0.00588	0.01961	0.00159	0.07473	0.03940	0.00277	0.00625
13	0.00714	0.00417	0.00577	0.02433	0.00652	0.00412	0.00401	0.00627	0.00689	0.00904	0.01481	0.12612	0.09320	0.11277	0.03219	0.52758	0.00387	0.00601	0.00259	0.00258
14	0.01307	0.46383	0.03389	0.00943	0.03311	0.17834	0.00818	0.09080	0.03809	0.01302	0.00779	0.00897	0.00667	0.00614	0.05452	0.00147	0.00596	0.00299	0.00241	0.02131
15	0.01088	0.08221	0.11383	0.01627	0.32313	0.00989	0.02808	0.05412	0.04281	0.06333	0.01313	0.08118	0.05737	0.00564	0.00446	0.00135	0.00479	0.01514	0.00293	0.06944
16	0.05013	0.05032	0.16063	0.04722	0.06273	0.04156	0.08485	0.08719	0.04504	0.12905	0.02790	0.05942	0.04729	0.07944	0.00616	0.00169	0.00510	0.00500	0.00328	0.00599
17	0.01055	0.05086	0.03783	0.09110	0.22450	0.02616	0.25550	0.03082	0.01040	0.04034	0.01113	0.05378	0.00988	0.00642	0.03234	0.00170	0.02302	0.07504	0.00265	0.00598
18	0.04042	0.00898	0.04248	0.03600	0.08043	0.02307	0.10546	0.07487	0.15125	0.01508	0.01619	0.12411	0.06590	0.06922	0.07603	0.00225	0.02692	0.03252	0.00335	0.00547
19	0.01195	0.05844	0.20919	0.01294	0.13783	0.02181	0.05195	0.05300	0.05594	0.16406	0.03570	0.07647	0.01960	0.01841	0.00516	0.00150	0.02713	0.02916	0.00333	0.00642
20	0.01117	0.01088	0.06182	0.07180	0.46972	0.05836	0.02462	0.01392	0.02586	0.07239	0.06123	0.04802	0.03964	0.00529	0.00461	0.00139	0.00513	0.00483	0.00283	0.00647
21	0.00562	0.00402	0.00540	0.00642	0.00673	0.00380	0.00437	0.00649	0.00870	0.01161	0.02451	0.78070	0.02921	0.01478	0.03271	0.00203	0.00300	0.04203	0.00415	0.00371
22	0.01152	0.02413	0.13322	0.06145	0.04673	0.02055	0.08083	0.23452	0.05922	0.04410	0.01354	0.14255	0.01234	0.02914	0.00552	0.00161	0.01962	0.04978	0.00350	0.00613
23	0.01379	0.05100	0.17833	0.01187	0.10427	0.00922	0.04535	0.07386	0.06322	0.28964	0.02586	0.07599	0.01125	0.00585	0.00459	0.00144	0.00478	0.01901	0.00386	0.00683
24	0.00989	0.05927	0.37755	0.05131	0.05711	0.03943	0.07340	0.02442	0.06721	0.03872	0.02273	0.06476	0.00993	0.00681	0.04052	0.00172	0.00610	0.04034	0.00264	0.00612

[dist]
# distance from previous block
# <min> <max>
6	24

[block]
# block no. 6 follows, 57 sequences, length 29
# corresponding to MSA columns:
# 714-742
name=unknown_G
#
# <colnr> <probs for GDERKNQSTAVLIFYWHMCP>
#	G	D	E	R	K	N	Q	S	T	A	V	L	I	F	Y	W	H	M	C	P
0	0.02908	0.06383	0.09376	0.00877	0.02108	0.02159	0.05099	0.08266	0.05132	0.10533	0.07778	0.08761	0.12737	0.04198	0.02003	0.00165	0.03110	0.02077	0.00364	0.05966
1	0.01093	0.07789	0.07639	0.01444	0.22112	0.04341	0.08447	0.06380	0.01079	0.04176	0.03730	0.01321	0.04893	0.00624	0.04633	0.00154	0.02496	0.00415	0.00274	0.16960
2	0.00684	0.00541	0.00656	0.00619	0.00777	0.00498	0.00469	0.02357	0.02688	0.01335	0.11490	0.15806	0.23977	0.03206	0.15489	0.00255	0.00450	0.03330	0.00370	0.15005
3	0.01034	0.00925	0.01314	0.06450	0.30800	0.00836	0.00909	0.04492	0.01021	0.01516	0.00834	0.01029	0.00688	0.00376	0.00389	0.00100	0.00433	0.00332	0.00256	0.46264
4	0.00893	0.00724	0.00835	0.04167	0.01027	0.00788	0.00615	0.05623	0.32483	0.01669	0.16878	0.05680	0.10725	0.04727	0.04343	0.00196	0.00379	0.07274	0.00429	0.00547
5	0.01063	0.00985	0.01508	0.06069	0.48551	0.01032	0.02411	0.01589	0.21969	0.01549	0.01286	0.06255	0.02636	0.00537	0.00463	0.00144	0.00475	0.00498	0.00301	0.00678
6	0.01119	0.01079	0.01771	0.06708	0.72521	0.02595	0.01347	0.01429	0.04306	0.01474	0.00888	0.01144	0.00737	0.00416	0.00449	0.00136	0.00539	0.00406	0.00233	0.00703
7	0.00580	0.00455	0.00519	0.00514	0.00635	0.00400	0.00378	0.00724	0.01099	0.01424	0.32306	0.09833	0.44377	0.04001	0.00601	0.00162	0.00234	0.00920	0.00444	0.00394
8	0.01128	0.61660	0.24329	0.00918	0.01384	0.01588	0.01024	0.01378	0.00931	0.01168	0.00681	0.00790	0.00579	0.00400	0.00329	0.00110	0.00536	0.00268	0.00193	0.00606
9	0.60343	0.01229	0.00863	0.03833	0.01105	0.23517	0.00626	0.01458	0.00918	0.01744	0.00657	0.00776	0.00521	0.00435	0.00322	0.00134	0.00489	0.00264	0.00264	0.00501
10	0.00766	0.00621	0.00648	0.00634	0.00777	0.05552	0.00480	0.01012	0.08365	0.04719	0.20467	0.13533	0.31328	0.02612	0.00563	0.00161	0.00303	0.06578	0.00433	0.00447
11	0.01453	0.04692	0.01371	0.10182	0.08722	0.42181	0.02323	0.10300	0.06355	0.03311	0.00890	0.01034	0.00707	0.00597	0.03817	0.00152	0.00697	0.00355	0.00275	0.00584
12	0.00612	0.00442	0.00606	0.00691	0.00749	0.00436	0.00517	0.00738	0.00904	0.01208	0.04102	0.49451	0.03940	0.01642	0.12153	0.00266	0.00434	0.20326	0.00396	0.00387
13	0.01051	0.00807	0.00962	0.02377	0.01127	0.00633	0.00569	0.01282	0.03193	0.09389	0.00931	0.01026	0.00734	0.00368	0.00353	0.00078	0.00347	0.00297	0.00301	0.74175
14	0.00724	0.00555	0.00756	0.00740	0.00837	0.02542	0.00577	0.04098	0.00808	0.01152	0.01206	0.01725	0.01106	0.03104	0.73890	0.00666	0.01137	0.00475	0.03478	0.00423
15	0.00627	0.00447	0.00564	0.00565	0.00630	0.00428	0.00391	0.00753	0.00999	0.01378	0.37854	0.16196	0.07010	0.23446	0.06479	0.00268	0.00350	0.00837	0.00405	0.00373
16	0.00962	0.02160	0.69690	0.01352	0.01987	0.01052	0.11135	0.01460	0.00981	0.03829	0.00855	0.01007	0.00604	0.00428	0.00444	0.00145	0.00673	0.00363	0.00207	0.00666
17	0.00618	0.00462	0.00579	0.00624	0.00722	0.00428	0.00482	0.00767	0.01040	0.01357	0.18983	0.21940	0.24458	0.03406	0.00617	0.00181	0.00291	0.22219	0.00432	0.00395
18	0.01074	0.01603	0.32183	0.01136	0.06295	0.15803	0.01086	0.03116	0.05006	0.04430	0.15659	0.04537	0.01422	0.00576	0.00451	0.00136	0.00547	0.00468	0.00302	0.04170
19	0.00703	0.00498	0.00680	0.00767	0.00850	0.00498	0.00636	0.00870	0.00967	0.01266	0.02245	0.11677	0.02474	0.12656	0.02896	0.00251	0.00427	0.58852	0.00394	0.00393
20	0.09762	0.19769	0.06968	0.00872	0.01195	0.02915	0.00773	0.14001	0.27226	0.02999	0.05863	0.01385	0.03332	0.00549	0.00407	0.00135	0.00428	0.00421	0.00361	0.00640
21	0.08298	0.54488	0.05814	0.00871	0.01234	0.16665	0.00818	0.05043	0.01034	0.01253	0.00673	0.00772	0.00583	0.00414	0.00326	0.00108	0.00545	0.00264	0.00220	0.00577
22	0.87276	0.00876	0.00666	0.00596	0.00876	0.01017	0.00491	0.01332	0.00771	0.02033	0.00631	0.00736	0.00491	0.00421	0.00280	0.00140	0.00351	0.00245	0.00280	0.00491
23	0.01127	0.00973	0.01025	0.00922	0.01178	0.01127	0.00717	0.02408	0.80430	0.01896	0.01844	0.01691	0.01383	0.00615	0.00461	0.00154	0.00359	0.00512	0.00461	0.00717
24	0.00702	0.00525	0.00673	0.00696	0.02320	0.00495	0.01757	0.04486	0.01109	0.02852	0.19911	0.21664	0.23545	0.01116	0.00556	0.00167	0.00300	0.16261	0.00434	0.00431
25	0.00845	0.00422	0.00422	0.00422	0.00528	0.00422	0.00317	0.01056	0.00950	0.01689	0.01478	0.01689	0.01161	0.00528	0.00317	0.00106	0.00211	0.00422	0.86591	0.00422
26	0.01191	0.78910	0.07637	0.00810	0.01216	0.01744	0.00835	0.01362	0.00923	0.01091	0.00642	0.00742	0.00581	0.00391	0.00300	0.00100	0.00497	0.00248	0.00194	0.00587
27	0.00556	0.00411	0.00521	0.00597	0.00651	0.00375	0.00408	0.00652	0.00928	0.01220	0.09026	0.63999	0.16327	0.01335	0.00568	0.00176	0.00253	0.01195	0.00427	0.00375
28	0.01436	0.01592	0.01133	0.01007	0.01248	0.45975	0.00771	0.13327	0.12157	0.01492	0.01475	0.01497	0.12123	0.00651	0.02018	0.00142	0.00632	0.00437	0.00324	0.00566

[dist]
# distance from previous block
# <min> <max>
0	1

[block]
# block no. 7 follows, 57 sequences, length 49
# corresponding to MSA columns:
# 744-792
name=unknown_H
#
# <colnr> <probs for GDERKNQSTAVLIFYWHMCP>
#	G	D	E	R	K	N	Q	S	T	A	V	L	I	F	Y	W	H	M	C	P
0	0.26207	0.12335	0.02397	0.01034	0.04836	0.36933	0.02418	0.06472	0.01122	0.01507	0.00708	0.00823	0.00576	0.00443	0.00364	0.00124	0.00604	0.00290	0.00255	0.00550
1	0.01194	0.01124	0.07871	0.06633	0.57480	0.01025	0.03116	0.03182	0.01071	0.10198	0.00980	0.02392	0.00779	0.00443	0.00452	0.00138	0.00536	0.00420	0.00265	0.00702
2	0.00948	0.00815	0.00960	0.00720	0.02687	0.00627	0.00559	0.01178	0.02958	0.01487	0.00833	0.00962	0.00690	0.00344	0.00341	0.00071	0.00340	0.00277	0.00272	0.82931
3	0.00856	0.00805	0.01359	0.82986	0.03121	0.01007	0.01258	0.01158	0.00906	0.01158	0.00805	0.01208	0.00604	0.00453	0.00453	0.00151	0.00604	0.00403	0.00201	0.00503
4	0.01012	0.00915	0.04141	0.05901	0.11306	0.00928	0.07373	0.09354	0.21472	0.02654	0.07646	0.13093	0.02600	0.00740	0.00524	0.00157	0.02480	0.06732	0.00375	0.00597
5	0.00976	0.00813	0.00863	0.00786	0.01010	0.00894	0.00608	0.01884	0.54545	0.03608	0.07432	0.02435	0.20717	0.00761	0.00483	0.00153	0.00319	0.00637	0.00456	0.00620
6	0.01118	0.01037	0.01473	0.22611	0.35519	0.07211	0.01156	0.06818	0.03819	0.03447	0.02951	0.01462	0.01997	0.00521	0.00487	0.00144	0.02643	0.04694	0.00271	0.00620
7	0.00630	0.00458	0.00593	0.00569	0.00673	0.00421	0.00423	0.00829	0.01241	0.01742	0.71770	0.09248	0.07757	0.00972	0.00538	0.00146	0.00218	0.00860	0.00490	0.00421
8	0.00646	0.00523	0.00771	0.14546	0.04728	0.00542	0.01686	0.00779	0.00892	0.01181	0.02198	0.57727	0.06915	0.01167	0.00568	0.00175	0.02097	0.02078	0.00368	0.00414
9	0.00647	0.00485	0.00728	0.00728	0.00809	0.00566	0.00566	0.00809	0.00728	0.01052	0.01214	0.01780	0.01133	0.03398	0.82279	0.00728	0.01214	0.00485	0.00243	0.00405
10	0.00671	0.00475	0.00611	0.00575	0.00684	0.00442	0.00427	0.00888	0.02550	0.03187	0.71587	0.04445	0.06070	0.04665	0.00612	0.00157	0.00230	0.00811	0.00486	0.00430
11	0.00845	0.00422	0.00422	0.00422	0.00528	0.00422	0.00317	0.01056	0.00950	0.01689	0.01478	0.01689	0.01161	0.00528	0.00317	0.00106	0.00211	0.00422	0.86591	0.00422
12	0.00724	0.00597	0.00781	0.00759	0.00830	0.04291	0.00581	0.00860	0.00742	0.01037	0.01164	0.01810	0.01124	0.12510	0.62521	0.00623	0.07910	0.00490	0.00242	0.00402
13	0.01212	0.01045	0.03060	0.02441	0.05784	0.05776	0.18738	0.09893	0.03796	0.11495	0.03265	0.03565	0.04823	0.00511	0.00466	0.00127	0.01763	0.00464	0.00331	0.21445
14	0.04562	0.00937	0.01301	0.01121	0.01174	0.02480	0.05034	0.01111	0.02771	0.01177	0.00864	0.07372	0.00877	0.02169	0.03673	0.00210	0.60084	0.02361	0.00235	0.00490
15	0.70603	0.00936	0.03525	0.00659	0.00953	0.01012	0.00561	0.06722	0.02866	0.02044	0.04315	0.00915	0.00709	0.00455	0.00315	0.00139	0.00365	0.00293	0.00303	0.02310
16	0.01104	0.01059	0.01807	0.08139	0.76029	0.01072	0.01382	0.01375	0.01023	0.01459	0.00849	0.01127	0.00710	0.00407	0.00449	0.00136	0.00543	0.00404	0.00223	0.00703
17	0.01221	0.04066	0.01391	0.01165	0.01275	0.28535	0.03285	0.01336	0.00923	0.01111	0.00779	0.01048	0.03373	0.00670	0.01024	0.00165	0.47525	0.00380	0.00219	0.00508
18	0.01006	0.22614	0.59808	0.01160	0.01748	0.03556	0.01429	0.01426	0.00957	0.01334	0.00765	0.00896	0.00576	0.00421	0.00395	0.00131	0.00628	0.00311	0.00193	0.00644
19	0.00579	0.00456	0.00519	0.00517	0.00640	0.00400	0.00383	0.00723	0.01095	0.01413	0.30168	0.10358	0.45640	0.03143	0.00584	0.00160	0.00235	0.02150	0.00444	0.00394
20	0.00667	0.00498	0.00691	0.00687	0.00746	0.00566	0.00507	0.00807	0.02370	0.01034	0.01319	0.05952	0.01333	0.22690	0.54528	0.00602	0.03796	0.00563	0.00262	0.00381
21	0.01635	0.01207	0.01300	0.01012	0.01352	0.01333	0.00829	0.72824	0.03857	0.02740	0.03137	0.04491	0.00961	0.00590	0.00461	0.00138	0.00479	0.00456	0.00453	0.00745
22	0.00583	0.00420	0.00508	0.00561	0.00603	0.00393	0.00366	0.00649	0.00846	0.01106	0.04779	0.44680	0.15675	0.25438	0.01073	0.00252	0.00307	0.01036	0.00380	0.00345
23	0.01090	0.01223	0.11422	0.04301	0.70073	0.01072	0.01422	0.01391	0.01020	0.01468	0.00847	0.01104	0.00698	0.00408	0.00447	0.00136	0.00555	0.00395	0.00220	0.00707
24	0.00909	0.02344	0.81727	0.01292	0.01961	0.01052	0.01674	0.01435	0.00957	0.01435	0.00813	0.00957	0.00574	0.00431	0.00431	0.00144	0.00670	0.00335	0.00191	0.00670
25	0.00990	0.00878	0.02785	0.00822	0.01071	0.00925	0.00653	0.01921	0.54687	0.01779	0.12160	0.02079	0.09083	0.00678	0.00467	0.00145	0.00333	0.00569	0.00441	0.07534
26	0.01673	0.01167	0.01346	0.01036	0.01387	0.01257	0.04363	0.62917	0.01933	0.11896	0.03317	0.01319	0.00951	0.00568	0.00464	0.00139	0.00488	0.02577	0.00456	0.00745
27	0.01358	0.01074	0.01140	0.00947	0.01245	0.01206	0.00759	0.37098	0.40235	0.02286	0.01675	0.01586	0.06084	0.00616	0.00462	0.00146	0.00414	0.00493	0.00455	0.00720
28	0.00845	0.00422	0.00422	0.00422	0.00528	0.00422	0.00317	0.01056	0.00950	0.01689	0.01478	0.01689	0.01161	0.00528	0.00317	0.00106	0.00211	0.00422	0.86591	0.00422
29	0.01091	0.02014	0.46756	0.01293	0.01789	0.19123	0.11080	0.01488	0.01995	0.01368	0.03274	0.01119	0.02579	0.00475	0.00471	0.00140	0.02725	0.00383	0.00223	0.00613
30	0.00647	0.00485	0.00728	0.00728	0.00809	0.00566	0.00566	0.00809	0.00728	0.01052	0.01214	0.01780	0.01133	0.03398	0.82279	0.00728	0.01214	0.00485	0.00243	0.00405
31	0.00909	0.02344	0.81727	0.01292	0.01961	0.01052	0.01674	0.01435	0.00957	0.01435	0.00813	0.00957	0.00574	0.00431	0.00431	0.00144	0.00670	0.00335	0.00191	0.00670
32	0.01133	0.00589	0.00741	0.00642	0.00853	0.00523	0.00505	0.01334	0.03585	0.30642	0.25978	0.04803	0.23874	0.00861	0.00506	0.00147	0.00289	0.01953	0.00496	0.00547
33	0.00550	0.00460	0.00479	0.00474	0.00621	0.00389	0.00356	0.00678	0.01067	0.01305	0.15007	0.04228	0.70598	0.01117	0.00535	0.00152	0.00227	0.00938	0.00431	0.00389
34	0.00622	0.00468	0.00547	0.00523	0.00657	0.00412	0.00394	0.00789	0.01167	0.03284	0.43653	0.03800	0.40003	0.01022	0.00533	0.00147	0.00225	0.00875	0.00464	0.00414
35	0.00570	0.00423	0.00566	0.00691	0.03437	0.00394	0.00448	0.00659	0.00887	0.01173	0.02613	0.74403	0.09328	0.01362	0.00570	0.00180	0.00270	0.01230	0.00414	0.00381
36	0.01488	0.01152	0.01228	0.00995	0.01316	0.01295	0.00804	0.49222	0.33029	0.02477	0.01386	0.01326	0.01012	0.00572	0.00456	0.00143	0.00443	0.00449	0.00456	0.00750
37	0.01172	0.00922	0.01087	0.00801	0.01186	0.00818	0.02628	0.20632	0.01247	0.04884	0.00925	0.01025	0.00724	0.00464	0.02174	0.00104	0.00408	0.00322	0.00324	0.58153
38	0.02154	0.00642	0.05314	0.00697	0.00827	0.02190	0.00541	0.02328	0.02100	0.12156	0.07617	0.35856	0.03272	0.12441	0.00845	0.05206	0.00356	0.04624	0.00394	0.00441
39	0.00551	0.00397	0.00523	0.00623	0.00655	0.00369	0.00417	0.00632	0.00876	0.01160	0.02599	0.79934	0.06777	0.01406	0.00576	0.00183	0.00261	0.01272	0.00421	0.00369
40	0.00845	0.00422	0.00422	0.00422	0.00528	0.00422	0.00317	0.01056	0.00950	0.01689	0.01478	0.01689	0.01161	0.00528	0.00317	0.00106	0.00211	0.00422	0.86591	0.00422
41	0.03510	0.05457	0.11843	0.04865	0.10745	0.02976	0.02772	0.11983	0.05915	0.09149	0.06738	0.09324	0.02106	0.01917	0.00529	0.00150	0.03735	0.03380	0.00343	0.02561
42	0.00954	0.00950	0.01273	0.01102	0.01121	0.03041	0.00908	0.01052	0.00737	0.01098	0.00982	0.02661	0.07378	0.02820	0.01389	0.00198	0.71171	0.00462	0.00223	0.00480
43	0.00943	0.00805	0.00955	0.04024	0.01154	0.00631	0.00570	0.02743	0.00961	0.01484	0.00852	0.02937	0.00726	0.00371	0.00349	0.00075	0.00348	0.00301	0.00273	0.79497
44	0.05800	0.29975	0.02857	0.01529	0.28073	0.01257	0.06395	0.01431	0.00988	0.10406	0.00891	0.02331	0.00735	0.00475	0.00457	0.02603	0.02543	0.00367	0.00256	0.00631
45	0.00648	0.00472	0.00665	0.00668	0.00727	0.00530	0.00490	0.00768	0.00714	0.01011	0.01296	0.03933	0.01303	0.23476	0.60482	0.00644	0.00999	0.00547	0.00255	0.00371
46	0.03162	0.03109	0.02841	0.19153	0.43195	0.06112	0.01241	0.01322	0.00962	0.01336	0.00784	0.01081	0.00657	0.00475	0.00590	0.00146	0.12613	0.00387	0.00216	0.00619
47	0.01002	0.00798	0.02088	0.00688	0.01067	0.00607	0.00560	0.01203	0.00968	0.07905	0.02604	0.01126	0.01957	0.00517	0.04037	0.00107	0.00380	0.00315	0.00297	0.71776
48	0.01045	0.01274	0.13592	0.08654	0.13320	0.03026	0.32646	0.01444	0.06012	0.02692	0.00986	0.02467	0.00786	0.00468	0.00528	0.00148	0.04307	0.02106	0.00248	0.04251

[dist]
# distance from previous block
# <min> <max>
0	1

[block]
# block no. 8 follows, 57 sequences, length 36
# corresponding to MSA columns:
# 794-798,800,801,917-922,924-946
name=unknown_I
#
# <colnr> <probs for GDERKNQSTAVLIFYWHMCP>
#	G	D	E	R	K	N	Q	S	T	A	V	L	I	F	Y	W	H	M	C	P
0	0.02630	0.00958	0.01004	0.00881	0.01116	0.04638	0.00690	0.19020	0.37821	0.01953	0.10908	0.05560	0.01590	0.00921	0.08030	0.00201	0.00467	0.00545	0.00428	0.00637
1	0.33482	0.06054	0.05563	0.06506	0.23464	0.01113	0.00917	0.10796	0.02763	0.01824	0.03104	0.01023	0.00732	0.00450	0.00379	0.00137	0.00458	0.00346	0.00281	0.00606
2	0.02629	0.03352	0.70701	0.01336	0.01971	0.01072	0.09834	0.01434	0.00964	0.01443	0.00818	0.00977	0.00584	0.00425	0.00437	0.00144	0.00671	0.00353	0.00197	0.00659
3	0.01345	0.04062	0.01166	0.01021	0.01205	0.46386	0.00781	0.05273	0.04723	0.01285	0.07003	0.10927	0.02640	0.00669	0.00557	0.00138	0.09522	0.00486	0.00294	0.00516
4	0.01196	0.05816	0.15722	0.01314	0.15768	0.03859	0.03888	0.20827	0.04763	0.04102	0.06830	0.01468	0.05125	0.03134	0.00504	0.00144	0.00504	0.00451	0.00327	0.04258
5	0.00542	0.00459	0.00468	0.00465	0.00616	0.00385	0.00349	0.00662	0.01047	0.01259	0.09035	0.04304	0.76598	0.01135	0.00535	0.00152	0.00229	0.00948	0.00425	0.00385
6	0.01425	0.14625	0.02873	0.01366	0.15098	0.35560	0.03570	0.09639	0.07643	0.01427	0.00918	0.01025	0.01959	0.00471	0.00412	0.00124	0.00634	0.00352	0.00269	0.00611
7	0.00845	0.00422	0.00422	0.00422	0.00528	0.00422	0.00317	0.01056	0.00950	0.01689	0.01478	0.01689	0.01161	0.00528	0.00317	0.00106	0.00211	0.00422	0.86591	0.00422
8	0.00699	0.00567	0.00798	0.07803	0.02250	0.00587	0.04265	0.02125	0.00940	0.01254	0.12974	0.16015	0.15275	0.16369	0.07548	0.00260	0.04626	0.04889	0.00348	0.00409
9	0.01121	0.01074	0.01017	0.00777	0.01145	0.16246	0.00611	0.02980	0.01038	0.02940	0.00810	0.00931	0.00665	0.00369	0.00354	0.00079	0.00432	0.00279	0.00271	0.66860
10	0.03603	0.00667	0.01859	0.02883	0.03467	0.00658	0.01913	0.13432	0.03520	0.01679	0.24039	0.22619	0.13339	0.03536	0.00571	0.00163	0.00325	0.00821	0.00421	0.00485
11	0.24629	0.31895	0.14115	0.00818	0.01197	0.05123	0.00812	0.02495	0.00923	0.01461	0.00782	0.03550	0.00686	0.00456	0.00338	0.00120	0.00472	0.01945	0.00241	0.07939
12	0.15823	0.21583	0.06587	0.01009	0.04791	0.23875	0.00835	0.07137	0.09958	0.01510	0.00843	0.00923	0.00677	0.00454	0.00369	0.00123	0.00553	0.00312	0.00270	0.02367
13	0.01671	0.05892	0.09345	0.00990	0.03977	0.01028	0.00851	0.25981	0.05276	0.36168	0.01370	0.01323	0.00939	0.02495	0.00487	0.00144	0.00460	0.00422	0.00447	0.00734
14	0.03810	0.00812	0.00913	0.00696	0.01048	0.02990	0.00554	0.01188	0.02813	0.03510	0.03518	0.02838	0.00932	0.00514	0.02699	0.00103	0.00374	0.03005	0.00295	0.67387
15	0.01123	0.02144	0.02673	0.10697	0.38331	0.08288	0.02424	0.01396	0.04680	0.03678	0.00969	0.01229	0.02800	0.00521	0.00626	0.00147	0.14814	0.01078	0.00246	0.02135
16	0.01083	0.01079	0.04108	0.08791	0.69307	0.01056	0.02741	0.01362	0.01021	0.01450	0.00893	0.01239	0.00758	0.00432	0.00455	0.00139	0.00548	0.02622	0.00227	0.00690
17	0.00940	0.00805	0.00940	0.00671	0.01074	0.00604	0.00537	0.01141	0.00940	0.01477	0.00805	0.00940	0.00671	0.00336	0.00336	0.00067	0.00336	0.00268	0.00268	0.86845
18	0.02649	0.00733	0.01168	0.25989	0.21436	0.00816	0.00961	0.01040	0.00895	0.01242	0.01290	0.20605	0.01303	0.01113	0.12175	0.00239	0.03431	0.02134	0.00270	0.00509
19	0.05305	0.03508	0.02757	0.04523	0.05280	0.18671	0.00880	0.40257	0.01639	0.11284	0.01026	0.01062	0.00741	0.00507	0.00432	0.00132	0.00557	0.00376	0.00378	0.00686
20	0.00599	0.00428	0.00578	0.00677	0.00725	0.00408	0.00495	0.00715	0.00929	0.01236	0.06261	0.61124	0.02966	0.01356	0.00588	0.00188	0.00297	0.19624	0.00424	0.00383
21	0.00874	0.00576	0.00753	0.03157	0.03652	0.00562	0.00570	0.08297	0.01111	0.10062	0.10855	0.40648	0.07758	0.01095	0.00542	0.00168	0.00324	0.08086	0.00434	0.00477
22	0.01247	0.00973	0.03853	0.15473	0.31339	0.00943	0.08853	0.04012	0.01114	0.18872	0.03896	0.01507	0.00997	0.00509	0.00471	0.00145	0.00524	0.04295	0.00319	0.00658
23	0.00820	0.00689	0.00955	0.00911	0.01048	0.04636	0.09906	0.05086	0.01036	0.01341	0.02033	0.24774	0.03573	0.05112	0.00697	0.02022	0.01503	0.33043	0.00375	0.00440
24	0.00943	0.03390	0.61031	0.01430	0.07593	0.01076	0.08952	0.01401	0.00962	0.01415	0.00857	0.01110	0.00654	0.00464	0.00496	0.00147	0.04642	0.02580	0.00204	0.00651
25	0.01070	0.00626	0.00827	0.02354	0.00938	0.00623	0.01537	0.04470	0.03915	0.21857	0.12947	0.23265	0.08753	0.02719	0.00684	0.04346	0.06229	0.01889	0.00434	0.00515
26	0.03091	0.14800	0.49136	0.05156	0.04436	0.05757	0.01359	0.08573	0.01072	0.01491	0.00800	0.00938	0.00598	0.00436	0.00408	0.00134	0.00619	0.00328	0.00222	0.00647
27	0.04072	0.04705	0.15169	0.04460	0.02798	0.05130	0.00977	0.41314	0.04313	0.03710	0.03016	0.01296	0.03159	0.00552	0.00457	0.00139	0.01602	0.02084	0.00366	0.00681
28	0.00952	0.02469	0.00938	0.02098	0.03497	0.03029	0.05522	0.05230	0.03674	0.09760	0.03887	0.26584	0.01981	0.05046	0.00715	0.06572	0.00406	0.16781	0.00385	0.00475
29	0.01118	0.01065	0.04104	0.08741	0.50389	0.01023	0.14269	0.01407	0.01051	0.06411	0.03627	0.01324	0.00882	0.00449	0.00470	0.00141	0.00562	0.02042	0.00256	0.00669
30	0.00688	0.00680	0.08431	0.00768	0.00898	0.00540	0.05665	0.03322	0.00904	0.01215	0.02048	0.44442	0.05120	0.17633	0.00902	0.00228	0.00384	0.05363	0.00358	0.00410
31	0.01131	0.00966	0.01430	0.42018	0.14225	0.02989	0.03158	0.14200	0.01147	0.05941	0.00937	0.02950	0.00730	0.00507	0.00521	0.00148	0.05708	0.00426	0.00272	0.00594
32	0.03437	0.05683	0.08688	0.10955	0.06515	0.05840	0.03012	0.03006	0.00870	0.01227	0.00857	0.03288	0.00785	0.04929	0.11250	0.00245	0.26389	0.00421	0.00227	0.02378
33	0.03870	0.12730	0.02688	0.01561	0.14056	0.07256	0.30288	0.05789	0.02567	0.04115	0.00905	0.01171	0.00737	0.04468	0.00586	0.00152	0.04338	0.00430	0.00254	0.02039
