[name]
unknown

[dist]
# distance from previous block
# <min> <max>
9	182

[block]
# block no. 0 follows, 57 sequences, length 6
# corresponding to MSA columns:
# 182-187
name=unknown_A
#
# <colnr> <probs for GDERKNQSTAVLIFYWHMCP>
#	G	D	E	R	K	N	Q	S	T	A	V	L	I	F	Y	W	H	M	C	P
0	0.01163	0.63913	0.06340	0.00826	0.01185	0.05793	0.00806	0.01380	0.04540	0.01124	0.00754	0.00888	0.00670	0.00691	0.08117	0.00163	0.00575	0.00285	0.00213	0.00573
1	0.00552	0.00394	0.00526	0.00631	0.00657	0.00368	0.00421	0.00631	0.00868	0.01157	0.02498	0.83779	0.02997	0.01420	0.00578	0.00184	0.00263	0.01288	0.00421	0.00368
2	0.01028	0.01053	0.05667	0.07122	0.56887	0.00993	0.06741	0.01302	0.01011	0.01426	0.01058	0.07657	0.00974	0.00528	0.00473	0.00145	0.00537	0.04498	0.00247	0.00653
3	0.00845	0.00422	0.00422	0.00422	0.00528	0.00422	0.00317	0.01056	0.00950	0.01689	0.01478	0.01689	0.01161	0.00528	0.00317	0.00106	0.00211	0.00422	0.86591	0.00422
4	0.00962	0.00902	0.01498	0.20738	0.49520	0.00940	0.01188	0.01208	0.00987	0.01356	0.01285	0.09279	0.07058	0.00569	0.00469	0.00144	0.00503	0.00530	0.00253	0.00610
5	0.04486	0.01724	0.01449	0.01299	0.06195	0.49257	0.11207	0.10042	0.04462	0.01428	0.00885	0.03827	0.00738	0.00498	0.00436	0.00129	0.00706	0.00385	0.00273	0.00575

[dist]
# distance from previous block
# <min> <max>
0	3

[block]
# block no. 1 follows, 57 sequences, length 22
# corresponding to MSA columns:
# 191-201,212-222
name=unknown_B
#
# <colnr> <probs for GDERKNQSTAVLIFYWHMCP>
#	G	D	E	R	K	N	Q	S	T	A	V	L	I	F	Y	W	H	M	C	P
0	0.68076	0.00957	0.00791	0.00789	0.06769	0.06747	0.00576	0.01351	0.00840	0.01894	0.00700	0.00825	0.00553	0.00426	0.00305	0.00134	0.00390	0.00270	0.04718	0.02888
1	0.00859	0.00456	0.00495	0.00544	0.04685	0.00456	0.00372	0.01073	0.00954	0.01679	0.01446	0.01660	0.01139	0.00522	0.00324	0.00107	0.00228	0.00421	0.82143	0.00438
2	0.54204	0.16562	0.15493	0.00765	0.01134	0.02826	0.00763	0.01365	0.00842	0.01729	0.00665	0.00776	0.00524	0.00417	0.00312	0.00132	0.00442	0.00262	0.00248	0.00540
3	0.00655	0.00457	0.00582	0.00582	0.00613	0.00487	0.00384	0.00715	0.00685	0.00944	0.01347	0.02519	0.01454	0.53710	0.32407	0.00548	0.00731	0.00594	0.00263	0.00324
4	0.00649	0.00479	0.00694	0.00694	0.00763	0.00548	0.00523	0.00787	0.00718	0.01026	0.01245	0.01955	0.01209	0.15277	0.70504	0.00686	0.01100	0.00511	0.00247	0.00385
5	0.83582	0.00872	0.00683	0.00605	0.00888	0.01001	0.00498	0.01370	0.00794	0.05479	0.00681	0.00771	0.00518	0.00427	0.00288	0.00140	0.00352	0.00254	0.00293	0.00503
6	0.01538	0.01869	0.01208	0.01101	0.01328	0.64561	0.00831	0.01833	0.13204	0.01224	0.00907	0.01013	0.00741	0.00684	0.05867	0.00163	0.00774	0.00338	0.00268	0.00546
7	0.01331	0.05436	0.13775	0.00825	0.01201	0.00768	0.00772	0.04831	0.01107	0.29700	0.04062	0.01374	0.03175	0.00627	0.02395	0.05114	0.00437	0.00400	0.00371	0.22300
8	0.01073	0.11047	0.34192	0.01450	0.03490	0.01165	0.29279	0.01458	0.01000	0.05985	0.00875	0.01064	0.00651	0.00434	0.00508	0.00144	0.04914	0.00407	0.00227	0.00637
9	0.00834	0.00510	0.00628	0.00618	0.00645	0.04194	0.00417	0.00763	0.04751	0.00898	0.00932	0.01555	0.00917	0.10660	0.01654	0.65910	0.00410	0.00426	0.03025	0.00255
10	0.09881	0.24678	0.24666	0.01246	0.04347	0.05706	0.18164	0.01432	0.00974	0.02614	0.00773	0.00936	0.00606	0.00416	0.00415	0.00131	0.01844	0.00346	0.00219	0.00607
11	0.79814	0.00857	0.00689	0.00623	0.00885	0.00998	0.00514	0.01299	0.00777	0.01959	0.00703	0.00913	0.00579	0.00537	0.02520	0.00160	0.02618	0.02786	0.00282	0.00486
12	0.00620	0.00457	0.00657	0.00688	0.00749	0.00502	0.00509	0.00749	0.00765	0.01074	0.01599	0.25763	0.01703	0.06974	0.54328	0.00555	0.00896	0.00729	0.00296	0.00387
13	0.00845	0.00422	0.00422	0.00422	0.00528	0.00422	0.00317	0.01056	0.00950	0.01689	0.01478	0.01689	0.01161	0.00528	0.00317	0.00106	0.00211	0.00422	0.86591	0.00422
14	0.01723	0.01269	0.01360	0.01043	0.01405	0.01405	0.00861	0.79738	0.02131	0.02856	0.01088	0.01088	0.00771	0.00544	0.00453	0.00136	0.00499	0.00408	0.00453	0.00771
15	0.01031	0.00976	0.01687	0.02320	0.60006	0.00965	0.08061	0.01290	0.01036	0.01474	0.05639	0.07420	0.01148	0.00533	0.00473	0.00142	0.00510	0.02717	0.01920	0.00652
16	0.00830	0.00425	0.00436	0.00433	0.00539	0.00423	0.00325	0.01041	0.00975	0.01699	0.07285	0.01813	0.01389	0.00557	0.00333	0.00108	0.00211	0.00451	0.80305	0.00423
17	0.00836	0.00764	0.00934	0.00866	0.00911	0.06751	0.00668	0.00936	0.00754	0.01044	0.01100	0.07654	0.01144	0.17490	0.27639	0.00409	0.28906	0.00533	0.00246	0.00417
18	0.00829	0.00758	0.01255	0.71174	0.02771	0.00936	0.01143	0.01090	0.00885	0.01140	0.00943	0.07289	0.00814	0.03049	0.00566	0.02139	0.02045	0.00475	0.00219	0.00480
19	0.00991	0.08656	0.57552	0.01260	0.03458	0.06425	0.05462	0.02789	0.00993	0.01389	0.00875	0.03989	0.00692	0.00553	0.02870	0.00157	0.00665	0.00377	0.00211	0.00634
20	0.01014	0.00962	0.01543	0.22752	0.07986	0.05184	0.18378	0.04929	0.00963	0.02656	0.00885	0.01257	0.00732	0.01970	0.09970	0.06550	0.11073	0.00439	0.00234	0.00525
21	0.00934	0.02044	0.00967	0.02656	0.02890	0.15891	0.05172	0.02369	0.08913	0.01311	0.04856	0.26051	0.09550	0.03303	0.00596	0.00169	0.02915	0.08578	0.00359	0.00476

[dist]
# distance from previous block
# <min> <max>
0	3

[block]
# block no. 2 follows, 57 sequences, length 7
# corresponding to MSA columns:
# 226-232
name=unknown_C
#
# <colnr> <probs for GDERKNQSTAVLIFYWHMCP>
#	G	D	E	R	K	N	Q	S	T	A	V	L	I	F	Y	W	H	M	C	P
0	0.01057	0.07878	0.10958	0.12434	0.06298	0.04727	0.25860	0.02839	0.01025	0.05948	0.01176	0.03529	0.03967	0.06973	0.00616	0.00168	0.00602	0.03114	0.00263	0.00568
1	0.01142	0.04899	0.06228	0.17320	0.32752	0.01107	0.11271	0.04273	0.01039	0.07807	0.00903	0.01146	0.00703	0.00459	0.00533	0.00144	0.06968	0.00413	0.00251	0.00644
2	0.06012	0.03783	0.13156	0.09104	0.13335	0.02983	0.17615	0.01423	0.07398	0.05911	0.02823	0.05803	0.00970	0.00734	0.06789	0.00191	0.00612	0.00480	0.00277	0.00599
3	0.05723	0.00859	0.01449	0.48355	0.11097	0.00960	0.10960	0.01188	0.00932	0.01297	0.00946	0.07545	0.00810	0.00505	0.00456	0.00147	0.00561	0.00471	0.00233	0.05508
4	0.01113	0.01107	0.10570	0.09703	0.09302	0.01022	0.16527	0.11638	0.01114	0.07940	0.01192	0.10631	0.02611	0.00642	0.00639	0.01861	0.10958	0.00537	0.00299	0.00596
5	0.02902	0.01088	0.12920	0.06755	0.17837	0.00915	0.08630	0.06666	0.03779	0.11565	0.01547	0.08031	0.08764	0.00638	0.00510	0.00150	0.03103	0.03258	0.00326	0.00615
6	0.01053	0.03610	0.12199	0.13200	0.13375	0.03882	0.06207	0.05707	0.04449	0.08425	0.10297	0.12892	0.01457	0.00646	0.00475	0.00147	0.00491	0.00573	0.00327	0.00588

[dist]
# distance from previous block
# <min> <max>
33	85

[block]
# block no. 3 follows, 57 sequences, length 8
# corresponding to MSA columns:
# 332-339
name=unknown_D
#
# <colnr> <probs for GDERKNQSTAVLIFYWHMCP>
#	G	D	E	R	K	N	Q	S	T	A	V	L	I	F	Y	W	H	M	C	P
0	0.00636	0.00438	0.00517	0.00528	0.00552	0.00431	0.00324	0.00678	0.00764	0.01025	0.08942	0.14460	0.05564	0.57954	0.04995	0.00375	0.00415	0.00769	0.00321	0.00312
1	0.08482	0.00963	0.01599	0.27154	0.33506	0.01031	0.09974	0.03848	0.00999	0.03422	0.00854	0.01146	0.00674	0.00473	0.00498	0.03576	0.00557	0.00405	0.00237	0.00602
2	0.01144	0.01054	0.01720	0.06642	0.66260	0.01077	0.01305	0.08477	0.01126	0.01583	0.00943	0.01308	0.00805	0.00458	0.00457	0.00139	0.00532	0.04018	0.00253	0.00698
3	0.04344	0.01007	0.01049	0.00876	0.01159	0.04514	0.00690	0.29064	0.20886	0.02020	0.01411	0.13967	0.01230	0.00654	0.00447	0.00135	0.00409	0.00535	0.00403	0.15201
4	0.06138	0.00886	0.01006	0.00913	0.05722	0.00909	0.00673	0.17643	0.20981	0.04502	0.06637	0.09353	0.04795	0.00640	0.00443	0.00133	0.00370	0.00533	0.00398	0.17324
5	0.01346	0.03294	0.01308	0.03140	0.01382	0.14758	0.09595	0.16924	0.16787	0.09722	0.01338	0.08800	0.01108	0.00602	0.00460	0.00139	0.00512	0.02064	0.00374	0.06348
6	0.07363	0.07350	0.03027	0.01374	0.17866	0.04379	0.08049	0.18312	0.08756	0.11716	0.03176	0.03101	0.00981	0.00526	0.00442	0.00139	0.00495	0.01923	0.00354	0.00670
7	0.09082	0.09380	0.06454	0.06587	0.23464	0.03439	0.02827	0.05878	0.04106	0.05247	0.05997	0.03970	0.01005	0.00493	0.00415	0.00128	0.00473	0.00416	0.00290	0.10348

[dist]
# distance from previous block
# <min> <max>
4	17

[block]
# block no. 4 follows, 57 sequences, length 23
# corresponding to MSA columns:
# 359-381
name=unknown_E
#
# <colnr> <probs for GDERKNQSTAVLIFYWHMCP>
#	G	D	E	R	K	N	Q	S	T	A	V	L	I	F	Y	W	H	M	C	P
0	0.10983	0.00967	0.01374	0.19106	0.12548	0.02915	0.09817	0.11160	0.05398	0.01604	0.02488	0.04473	0.03663	0.00586	0.00545	0.00153	0.07528	0.03824	0.00293	0.00574
1	0.01021	0.01049	0.04067	0.01396	0.13468	0.05115	0.18266	0.06710	0.01070	0.01462	0.06262	0.04197	0.10021	0.00624	0.00659	0.00147	0.15258	0.00527	0.00286	0.08396
2	0.01224	0.16176	0.07103	0.12763	0.03113	0.08252	0.00858	0.03977	0.04290	0.13839	0.02565	0.01240	0.03367	0.00566	0.02590	0.00139	0.03058	0.00378	0.00301	0.14201
3	0.06670	0.03080	0.03732	0.04881	0.01346	0.28727	0.00817	0.11084	0.11496	0.11613	0.03203	0.03768	0.00948	0.00555	0.00474	0.00136	0.04227	0.00407	0.00342	0.02496
4	0.02744	0.03043	0.07539	0.03958	0.07192	0.00865	0.06609	0.08020	0.04959	0.09285	0.01175	0.01365	0.03645	0.01738	0.06476	0.00168	0.01957	0.01775	0.00311	0.27176
5	0.00925	0.29687	0.20905	0.00823	0.01186	0.01061	0.00858	0.01190	0.01052	0.01440	0.27649	0.01691	0.01826	0.00575	0.00410	0.00121	0.00427	0.00460	0.00301	0.07412
6	0.00919	0.00656	0.00736	0.00704	0.00856	0.06553	0.00524	0.01074	0.02473	0.12265	0.10486	0.34775	0.04937	0.02877	0.03823	0.00182	0.00375	0.04909	0.00407	0.10469
7	0.01060	0.32949	0.39549	0.01129	0.04106	0.01297	0.04922	0.01401	0.00965	0.03858	0.00908	0.01067	0.02758	0.00448	0.00390	0.00127	0.00575	0.01647	0.00217	0.00627
8	0.07642	0.00959	0.01404	0.08030	0.40083	0.02634	0.01039	0.03864	0.01032	0.08505	0.01022	0.07022	0.00880	0.00507	0.00469	0.00134	0.03418	0.00441	0.00282	0.10632
9	0.00704	0.00518	0.00638	0.00660	0.00773	0.00504	0.00500	0.00982	0.10246	0.03554	0.20955	0.28594	0.15213	0.01120	0.00552	0.00169	0.00285	0.13143	0.00447	0.00443
10	0.01022	0.01419	0.26384	0.07012	0.34410	0.01056	0.05163	0.04142	0.02218	0.01468	0.00958	0.02747	0.00807	0.00503	0.00512	0.00147	0.04788	0.04354	0.00237	0.00653
11	0.02854	0.00935	0.03277	0.08996	0.04741	0.00904	0.14585	0.13690	0.04336	0.24422	0.03033	0.07087	0.05058	0.00624	0.00485	0.00149	0.00484	0.03301	0.00398	0.00641
12	0.01097	0.20279	0.46936	0.01208	0.01759	0.01213	0.10409	0.03969	0.01022	0.06816	0.00859	0.00980	0.00632	0.00428	0.00414	0.00134	0.00615	0.00348	0.00230	0.00653
13	0.00991	0.00980	0.00861	0.00806	0.00893	0.22677	0.00585	0.01085	0.02196	0.01037	0.01082	0.01813	0.01091	0.29346	0.17129	0.03824	0.09723	0.00477	0.03002	0.00401
14	0.00882	0.03400	0.01190	0.25432	0.02580	0.02531	0.10254	0.01101	0.01013	0.06605	0.08995	0.10997	0.15412	0.00765	0.00533	0.00155	0.03125	0.04211	0.00328	0.00493
15	0.05577	0.25830	0.19466	0.00969	0.02703	0.01217	0.02622	0.13495	0.04371	0.07105	0.04440	0.08213	0.01043	0.00556	0.00408	0.00132	0.00486	0.00438	0.00308	0.00622
16	0.00933	0.00735	0.01036	0.10578	0.02915	0.03959	0.08720	0.03568	0.06742	0.08724	0.04298	0.35032	0.01915	0.03554	0.00599	0.00173	0.02072	0.03572	0.00374	0.00500
17	0.00601	0.00431	0.00531	0.00572	0.00615	0.00417	0.00380	0.00671	0.00819	0.01082	0.04357	0.34256	0.12826	0.29893	0.08738	0.00317	0.00409	0.02384	0.00356	0.00344
18	0.14252	0.01042	0.04730	0.09400	0.19615	0.05429	0.03740	0.07784	0.02986	0.07506	0.03127	0.03562	0.02616	0.00506	0.00422	0.00133	0.00478	0.01612	0.00304	0.10758
19	0.01175	0.00998	0.03919	0.02984	0.05737	0.04187	0.16432	0.12775	0.07914	0.10612	0.05803	0.06785	0.03088	0.02362	0.03577	0.00180	0.03831	0.06678	0.00362	0.00599
20	0.00622	0.00431	0.00546	0.00587	0.00656	0.00397	0.00408	0.00712	0.00946	0.03222	0.15376	0.43482	0.17376	0.05025	0.02344	0.05767	0.00287	0.01029	0.00412	0.00376
21	0.29563	0.02844	0.01115	0.10551	0.12622	0.02867	0.00789	0.07019	0.01041	0.13409	0.03019	0.01086	0.00773	0.00465	0.00406	0.00133	0.02408	0.00350	0.00316	0.09223
22	0.04343	0.02537	0.08873	0.03053	0.20117	0.00792	0.06554	0.01229	0.02854	0.08033	0.05091	0.06179	0.19547	0.00662	0.00465	0.00139	0.00427	0.00582	0.00326	0.08199

[dist]
# distance from previous block
# <min> <max>
0	3

[block]
# block no. 5 follows, 57 sequences, length 21
# corresponding to MSA columns:
# 385-405
name=unknown_F
#
# <colnr> <probs for GDERKNQSTAVLIFYWHMCP>
#	G	D	E	R	K	N	Q	S	T	A	V	L	I	F	Y	W	H	M	C	P
0	0.10569	0.00622	0.00740	0.00648	0.00843	0.00601	0.00507	0.04260	0.03904	0.19217	0.41069	0.05162	0.08469	0.00797	0.00485	0.00144	0.00285	0.00675	0.00477	0.00527
1	0.03258	0.11201	0.22290	0.19417	0.19641	0.01087	0.03083	0.03310	0.01007	0.04213	0.03997	0.03763	0.00858	0.00481	0.00432	0.00139	0.00553	0.00412	0.00243	0.00615
2	0.01088	0.05346	0.01529	0.35908	0.21957	0.07437	0.04742	0.01389	0.04595	0.05757	0.00952	0.03636	0.00769	0.00486	0.00472	0.00143	0.02529	0.00426	0.00249	0.00588
3	0.04466	0.61890	0.11975	0.01053	0.10103	0.01593	0.00943	0.01369	0.00932	0.01194	0.00677	0.00799	0.00592	0.00396	0.00325	0.00108	0.00508	0.00272	0.00200	0.00604
4	0.00709	0.00480	0.00577	0.00576	0.00662	0.00455	0.00401	0.03920	0.01011	0.04413	0.20627	0.25861	0.14027	0.19517	0.00925	0.00220	0.00298	0.00889	0.04035	0.00397
5	0.00955	0.00921	0.04486	0.21121	0.25405	0.00963	0.04977	0.03915	0.00947	0.01330	0.01046	0.03478	0.02545	0.10533	0.00793	0.00184	0.10075	0.00472	0.05305	0.00549
6	0.02835	0.00966	0.04436	0.13408	0.33011	0.03643	0.01043	0.05470	0.04616	0.03580	0.06560	0.03589	0.03100	0.00747	0.06296	0.00183	0.00541	0.01775	0.03599	0.00603
7	0.00875	0.01865	0.08591	0.00803	0.06192	0.00629	0.02049	0.03000	0.00932	0.04508	0.04180	0.07345	0.01402	0.19022	0.03187	0.00217	0.02876	0.02466	0.29401	0.00460
8	0.00742	0.00530	0.00608	0.00575	0.00734	0.00482	0.00445	0.05532	0.01174	0.06601	0.23558	0.06329	0.43815	0.01033	0.00533	0.00153	0.00265	0.05995	0.00451	0.00444
9	0.01137	0.03820	0.06125	0.05604	0.08841	0.06047	0.19333	0.06331	0.02885	0.04481	0.00863	0.02033	0.00713	0.00619	0.02303	0.00171	0.27425	0.00433	0.00249	0.00587
10	0.01301	0.00996	0.01165	0.08947	0.01392	0.03947	0.02173	0.30647	0.11182	0.07548	0.03021	0.03925	0.01215	0.05286	0.00655	0.00170	0.06409	0.09004	0.00394	0.00623
11	0.00644	0.00452	0.00584	0.00590	0.00624	0.00439	0.03108	0.00701	0.00783	0.01065	0.05702	0.29488	0.02171	0.46852	0.01517	0.00319	0.00373	0.00861	0.03396	0.00330
12	0.00912	0.23871	0.01158	0.00696	0.00906	0.07051	0.00577	0.01120	0.05393	0.03310	0.14878	0.08002	0.19060	0.01084	0.09867	0.00201	0.00469	0.00618	0.00342	0.00486
13	0.03661	0.01025	0.04116	0.02869	0.17961	0.07393	0.09505	0.07541	0.10483	0.04242	0.05417	0.07513	0.06447	0.00739	0.02332	0.02352	0.00505	0.04977	0.00334	0.00586
14	0.01192	0.18127	0.17642	0.01643	0.29644	0.04986	0.02813	0.05228	0.03614	0.06667	0.00954	0.03833	0.00782	0.00466	0.00419	0.00131	0.00544	0.00392	0.00259	0.00664
15	0.00565	0.00453	0.00506	0.00516	0.00642	0.00394	0.00384	0.00697	0.01060	0.01335	0.19119	0.14787	0.53069	0.01144	0.00544	0.00157	0.00237	0.03564	0.00436	0.00391
16	0.00806	0.00672	0.00842	0.20320	0.01348	0.05266	0.00687	0.02910	0.00989	0.04067	0.05756	0.25331	0.15116	0.01060	0.04656	0.00189	0.03233	0.03375	0.02928	0.00448
17	0.01270	0.04264	0.09475	0.03755	0.26702	0.08809	0.14287	0.14855	0.01248	0.05630	0.01040	0.01199	0.03003	0.00464	0.00453	0.00136	0.00586	0.00422	0.01738	0.00664
18	0.01166	0.05753	0.15337	0.01169	0.10055	0.10447	0.03729	0.10838	0.01133	0.06620	0.03418	0.01313	0.00921	0.00900	0.10996	0.02018	0.03440	0.01185	0.08977	0.00585
19	0.01081	0.00711	0.01012	0.02773	0.15369	0.00715	0.00754	0.04568	0.01074	0.18479	0.04236	0.09855	0.12980	0.01111	0.09686	0.00222	0.05037	0.09398	0.00382	0.00557
20	0.01328	0.26415	0.15518	0.03102	0.01439	0.21705	0.02717	0.04568	0.03769	0.07953	0.00858	0.00966	0.00678	0.00540	0.02510	0.00140	0.04609	0.00328	0.00255	0.00600

[dist]
# distance from previous block
# <min> <max>
0	3

[block]
# block no. 6 follows, 57 sequences, length 25
# corresponding to MSA columns:
# 409-433
name=unknown_G
#
# <colnr> <probs for GDERKNQSTAVLIFYWHMCP>
#	G	D	E	R	K	N	Q	S	T	A	V	L	I	F	Y	W	H	M	C	P
0	0.05453	0.04447	0.00999	0.03629	0.01101	0.10385	0.00656	0.17581	0.07213	0.08609	0.20461	0.06759	0.05556	0.00709	0.00463	0.00140	0.00407	0.01933	0.02931	0.00567
1	0.02720	0.00943	0.03849	0.12425	0.39611	0.00940	0.01109	0.04846	0.03918	0.06442	0.03746	0.02916	0.01088	0.00677	0.04116	0.00171	0.00527	0.07151	0.02176	0.00628
2	0.01322	0.03985	0.02831	0.12560	0.06555	0.14779	0.00889	0.24617	0.08107	0.01799	0.00957	0.01069	0.00735	0.00467	0.00417	0.00122	0.00528	0.00362	0.00317	0.17580
3	0.00664	0.03401	0.00598	0.00520	0.00677	0.00459	0.00399	0.00811	0.01115	0.05343	0.26659	0.03810	0.51874	0.01028	0.00523	0.00147	0.00241	0.00867	0.00443	0.00422
4	0.01123	0.44661	0.35977	0.01005	0.01507	0.03370	0.01155	0.01431	0.00958	0.04031	0.00750	0.00855	0.00597	0.00414	0.00359	0.00119	0.00568	0.00290	0.00207	0.00624
5	0.00984	0.17947	0.53231	0.06839	0.09591	0.01195	0.01445	0.01397	0.00954	0.01350	0.00781	0.00945	0.00591	0.00421	0.00407	0.00134	0.00617	0.00328	0.00196	0.00646
6	0.00560	0.00417	0.00523	0.00588	0.00651	0.00379	0.00406	0.00664	0.00956	0.01257	0.13224	0.56875	0.19249	0.01299	0.00564	0.00172	0.00250	0.01158	0.00431	0.00379
7	0.01798	0.01149	0.01285	0.00985	0.01345	0.01227	0.00814	0.60994	0.01929	0.21884	0.01257	0.01198	0.00855	0.00548	0.00454	0.00137	0.00471	0.00420	0.00479	0.00771
8	0.00974	0.22564	0.59121	0.01137	0.01717	0.01213	0.01406	0.01394	0.00960	0.01358	0.03707	0.00989	0.00712	0.00438	0.00400	0.00132	0.00607	0.00330	0.00203	0.00639
9	0.00714	0.00596	0.00824	0.19038	0.01310	0.00616	0.02990	0.04386	0.02632	0.01350	0.09669	0.20584	0.26193	0.00979	0.00527	0.00161	0.00363	0.06249	0.00375	0.00444
10	0.01032	0.00666	0.00796	0.00701	0.00900	0.00665	0.00546	0.04048	0.20125	0.16103	0.38095	0.02668	0.10186	0.00795	0.00500	0.00146	0.00290	0.00681	0.00492	0.00565
11	0.01070	0.01222	0.02674	0.01910	0.02368	0.01146	0.79603	0.01451	0.01070	0.01451	0.00917	0.01222	0.00688	0.00382	0.00535	0.00153	0.00764	0.00535	0.00229	0.00611
12	0.03735	0.01691	0.01318	0.11061	0.13342	0.51838	0.00961	0.01646	0.04886	0.01235	0.00921	0.01069	0.03411	0.00485	0.00423	0.00127	0.00697	0.00353	0.00247	0.00554
13	0.11275	0.00673	0.00864	0.00753	0.00894	0.00726	0.05690	0.04582	0.03617	0.08405	0.01331	0.02001	0.03543	0.30291	0.15996	0.00356	0.06071	0.00522	0.01962	0.00448
14	0.00647	0.00485	0.00728	0.00728	0.00809	0.00566	0.00566	0.00809	0.00728	0.01052	0.01214	0.01780	0.01133	0.03398	0.82279	0.00728	0.01214	0.00485	0.00243	0.00405
15	0.01183	0.01327	0.04298	0.01432	0.01780	0.15245	0.37571	0.04719	0.17226	0.01511	0.01221	0.01364	0.04393	0.00503	0.00532	0.00148	0.04154	0.00490	0.00292	0.00611
16	0.01847	0.00838	0.01138	0.13609	0.20606	0.07325	0.03540	0.02513	0.01049	0.01379	0.13409	0.10728	0.08889	0.03815	0.00591	0.02143	0.00456	0.05297	0.00319	0.00508
17	0.00651	0.00443	0.00531	0.00545	0.00574	0.00443	0.00348	0.00706	0.00763	0.01039	0.06334	0.11946	0.04298	0.54154	0.08592	0.00388	0.00457	0.04185	0.03283	0.00320
18	0.05821	0.01039	0.01168	0.02794	0.03708	0.08937	0.04069	0.23149	0.04399	0.24737	0.01523	0.05687	0.03850	0.00641	0.00466	0.00146	0.00473	0.06311	0.00427	0.00657
19	0.04198	0.22291	0.07810	0.03207	0.39160	0.08447	0.01130	0.01437	0.02579	0.02827	0.00881	0.01053	0.02251	0.00430	0.00400	0.00125	0.00542	0.00356	0.00231	0.00645
20	0.00842	0.00763	0.01132	0.44367	0.03607	0.02291	0.00962	0.03737	0.00914	0.01193	0.01311	0.03097	0.09320	0.05620	0.10945	0.00243	0.08435	0.00499	0.00247	0.00476
21	0.00676	0.00500	0.00652	0.00710	0.00812	0.00486	0.00574	0.00897	0.04423	0.01413	0.17198	0.19025	0.11702	0.01184	0.00583	0.00183	0.00328	0.37801	0.00435	0.00419
22	0.01184	0.22305	0.23972	0.01106	0.01462	0.21932	0.03368	0.01426	0.00992	0.01199	0.00786	0.04573	0.00693	0.00525	0.00553	0.00135	0.12645	0.00358	0.00215	0.00571
23	0.02429	0.01423	0.10707	0.00995	0.01288	0.25767	0.00856	0.09438	0.11955	0.14045	0.05200	0.04784	0.03463	0.00613	0.00486	0.00141	0.03273	0.02164	0.00361	0.00612
24	0.01302	0.13464	0.15255	0.01202	0.08603	0.06734	0.01026	0.25462	0.03151	0.03566	0.03281	0.01092	0.00804	0.00585	0.02166	0.00150	0.10822	0.00379	0.00303	0.00652

[dist]
# distance from previous block
# <min> <max>
0	1

[block]
# block no. 7 follows, 57 sequences, length 28
# corresponding to MSA columns:
# 435-462
name=unknown_H
#
# <colnr> <probs for GDERKNQSTAVLIFYWHMCP>
#	G	D	E	R	K	N	Q	S	T	A	V	L	I	F	Y	W	H	M	C	P
0	0.01167	0.00993	0.07690	0.00947	0.01278	0.02068	0.10260	0.12264	0.07336	0.12740	0.12240	0.06340	0.01453	0.02827	0.00506	0.00138	0.00435	0.00516	0.00378	0.18425
1	0.01025	0.04504	0.01242	0.06838	0.17055	0.05104	0.03066	0.07218	0.06320	0.03438	0.12862	0.01929	0.12779	0.00673	0.00600	0.00146	0.11208	0.00541	0.02888	0.00563
2	0.00660	0.00488	0.00698	0.00680	0.00743	0.00534	0.02670	0.00771	0.00720	0.01010	0.01322	0.05084	0.01357	0.29890	0.50667	0.00597	0.00911	0.00573	0.00259	0.00366
3	0.02552	0.02439	0.15308	0.06058	0.02610	0.03494	0.08733	0.09429	0.03887	0.28580	0.06500	0.01409	0.01080	0.00615	0.02788	0.00160	0.02867	0.00448	0.00380	0.00664
4	0.12065	0.23563	0.09947	0.00986	0.05502	0.15545	0.00846	0.05723	0.02961	0.02919	0.01227	0.01359	0.09571	0.00548	0.00431	0.00130	0.03716	0.02126	0.00271	0.00565
5	0.00888	0.00540	0.00677	0.00627	0.00782	0.00499	0.00480	0.01119	0.05450	0.15432	0.37949	0.09903	0.15994	0.03259	0.00574	0.00159	0.00274	0.04428	0.00478	0.00486
6	0.01309	0.10746	0.10838	0.00939	0.01315	0.02873	0.00847	0.21860	0.22417	0.07327	0.01200	0.01194	0.00893	0.00499	0.00415	0.00126	0.00454	0.00387	0.00369	0.13993
7	0.01266	0.04335	0.03330	0.01037	0.01386	0.12549	0.13729	0.09348	0.08364	0.09981	0.01125	0.05885	0.00912	0.00499	0.00429	0.00120	0.00508	0.00431	0.00328	0.24437
8	0.00978	0.21063	0.63614	0.01174	0.01779	0.01221	0.01469	0.01417	0.00948	0.01351	0.00771	0.00904	0.00576	0.00421	0.00399	0.00133	0.00627	0.00314	0.00192	0.00650
9	0.00911	0.13092	0.02456	0.00773	0.02005	0.00821	0.03794	0.01257	0.12736	0.06831	0.26296	0.04131	0.15832	0.00830	0.01800	0.00153	0.02824	0.02533	0.00402	0.00524
10	0.01215	0.01111	0.01788	0.28448	0.54180	0.01150	0.01405	0.01439	0.01106	0.01545	0.01020	0.01397	0.00853	0.00542	0.00528	0.00173	0.00618	0.00462	0.00280	0.00739
11	0.00967	0.17936	0.60099	0.01155	0.01730	0.01177	0.01417	0.01444	0.04870	0.01379	0.00879	0.03432	0.00688	0.00461	0.00410	0.00136	0.00607	0.00354	0.00212	0.00646
12	0.01092	0.05258	0.08395	0.13962	0.18287	0.03634	0.18896	0.08767	0.01114	0.02999	0.01062	0.05052	0.00921	0.00541	0.00499	0.00149	0.02297	0.06198	0.00268	0.00608
13	0.00750	0.00490	0.00619	0.00658	0.00749	0.00467	0.00465	0.00952	0.07904	0.09134	0.05762	0.58961	0.08887	0.01223	0.00551	0.00173	0.00279	0.01093	0.00441	0.00442
14	0.00580	0.00515	0.04530	0.00628	0.00721	0.00416	0.00476	0.00698	0.00927	0.01211	0.05463	0.53043	0.20955	0.03221	0.00602	0.00181	0.00285	0.04752	0.00408	0.00388
15	0.05448	0.77092	0.05325	0.00786	0.01179	0.01726	0.00796	0.01359	0.00915	0.01128	0.00637	0.00736	0.00577	0.00391	0.00296	0.00101	0.00485	0.00246	0.00198	0.00580
16	0.00646	0.00454	0.00589	0.00597	0.00631	0.00484	0.00401	0.00716	0.00703	0.00969	0.01426	0.08759	0.01549	0.45774	0.33791	0.00534	0.00732	0.00639	0.00273	0.00333
17	0.00717	0.00483	0.00585	0.00562	0.00634	0.00470	0.00383	0.00858	0.03515	0.04478	0.29791	0.03084	0.06400	0.39768	0.04483	0.00305	0.00374	0.02354	0.00380	0.00376
18	0.00909	0.02344	0.81727	0.01292	0.01961	0.01052	0.01674	0.01435	0.00957	0.01435	0.00813	0.00957	0.00574	0.00431	0.00431	0.00144	0.00670	0.00335	0.00191	0.00670
19	0.01063	0.01017	0.01733	0.20561	0.63929	0.01061	0.01361	0.01339	0.01004	0.01409	0.00842	0.01141	0.00693	0.00415	0.00450	0.00138	0.00553	0.00404	0.00219	0.00670
20	0.00803	0.00641	0.00818	0.00762	0.00835	0.03021	0.00595	0.02299	0.00853	0.01267	0.09953	0.01823	0.01386	0.08183	0.32479	0.00398	0.18779	0.00499	0.14177	0.00430
21	0.01240	0.00713	0.00846	0.00718	0.00952	0.00700	0.00568	0.10820	0.12049	0.25300	0.18079	0.04777	0.14092	0.00753	0.00479	0.00143	0.00322	0.00630	0.06218	0.00600
22	0.00725	0.00520	0.00723	0.00824	0.00930	0.00518	0.00719	0.00931	0.01043	0.01352	0.02461	0.05090	0.04813	0.01249	0.00623	0.00207	0.00412	0.76027	0.00417	0.00416
23	0.01028	0.00869	0.00929	0.00838	0.01068	0.00976	0.00650	0.04484	0.60326	0.01856	0.12637	0.02135	0.08840	0.00702	0.00477	0.00152	0.00332	0.00590	0.00462	0.00650
24	0.04233	0.00700	0.00999	0.04161	0.03051	0.00748	0.08124	0.05803	0.06550	0.06492	0.01558	0.19459	0.01496	0.01207	0.13105	0.00246	0.05334	0.05407	0.10822	0.00506
25	0.00800	0.00771	0.00724	0.00765	0.00832	0.16190	0.00542	0.00891	0.00950	0.01163	0.04385	0.60600	0.02431	0.01185	0.00597	0.00171	0.05191	0.01031	0.00374	0.00408
26	0.00793	0.00704	0.00959	0.00892	0.00951	0.03530	0.00714	0.00933	0.00736	0.01066	0.00997	0.01494	0.00941	0.02461	0.53509	0.00537	0.27667	0.00450	0.00228	0.00438
27	0.03960	0.05629	0.08568	0.32212	0.18331	0.01122	0.01155	0.10257	0.08275	0.01538	0.00923	0.01147	0.00710	0.00464	0.00451	0.00141	0.01912	0.00390	0.00261	0.02555

[dist]
# distance from previous block
# <min> <max>
0	3

[block]
# block no. 8 follows, 57 sequences, length 38
# corresponding to MSA columns:
# 470-474,477-506,571-573
name=unknown_I
#
# <colnr> <probs for GDERKNQSTAVLIFYWHMCP>
#	G	D	E	R	K	N	Q	S	T	A	V	L	I	F	Y	W	H	M	C	P
0	0.00672	0.02276	0.00667	0.02980	0.00761	0.00545	0.00461	0.02346	0.00982	0.01289	0.19345	0.09463	0.29862	0.12078	0.04009	0.04558	0.06156	0.00787	0.00374	0.00392
1	0.00574	0.00410	0.00542	0.00615	0.00658	0.00382	0.00419	0.00679	0.00951	0.01291	0.19175	0.64816	0.03238	0.03218	0.00609	0.00181	0.00257	0.01174	0.00434	0.00379
2	0.00659	0.00439	0.00494	0.00494	0.00494	0.00439	0.00275	0.00659	0.00659	0.00879	0.01428	0.02965	0.01647	0.84075	0.02306	0.00439	0.00439	0.00659	0.00275	0.00275
3	0.01243	0.00807	0.00848	0.00704	0.00926	0.00869	0.00564	0.36796	0.01486	0.02219	0.01301	0.01416	0.00984	0.00535	0.00379	0.00119	0.00342	0.00416	0.47463	0.00581
4	0.00940	0.00805	0.00940	0.00671	0.01074	0.00604	0.00537	0.01141	0.00940	0.01477	0.00805	0.00940	0.00671	0.00336	0.00336	0.00067	0.00336	0.00268	0.00268	0.86845
5	0.01097	0.00835	0.01083	0.00849	0.01147	0.00796	0.04887	0.09131	0.04861	0.09822	0.02751	0.03089	0.00946	0.00885	0.11580	0.00195	0.07444	0.00402	0.00323	0.37876
6	0.19368	0.00818	0.00791	0.00707	0.00875	0.04413	0.00519	0.13930	0.12239	0.01610	0.01239	0.03659	0.01177	0.31700	0.03826	0.01363	0.00456	0.00498	0.00331	0.00480
7	0.01127	0.00973	0.01025	0.00922	0.01178	0.01127	0.00717	0.02408	0.80430	0.01896	0.01844	0.01691	0.01383	0.00615	0.00461	0.00154	0.00359	0.00512	0.00461	0.00717
8	0.01298	0.19230	0.09677	0.00967	0.01289	0.18881	0.00856	0.07558	0.21006	0.05411	0.02631	0.03307	0.01904	0.00539	0.00432	0.00130	0.02121	0.00402	0.00322	0.02038
9	0.01211	0.84348	0.02374	0.00775	0.01163	0.01793	0.00775	0.01357	0.00921	0.01066	0.00630	0.00727	0.00582	0.00388	0.00291	0.00097	0.00485	0.00242	0.00194	0.00582
10	0.00909	0.02344	0.81727	0.01292	0.01961	0.01052	0.01674	0.01435	0.00957	0.01435	0.00813	0.00957	0.00574	0.00431	0.00431	0.00144	0.00670	0.00335	0.00191	0.00670
11	0.00942	0.12709	0.52471	0.18637	0.03875	0.01140	0.01462	0.01365	0.00943	0.01329	0.00788	0.00984	0.00585	0.00429	0.00417	0.00139	0.00629	0.00339	0.00195	0.00624
12	0.01172	0.01130	0.01637	0.02164	0.52108	0.10325	0.06303	0.04280	0.01094	0.04132	0.01066	0.10504	0.00975	0.00536	0.00465	0.00140	0.00547	0.00502	0.00268	0.00653
13	0.01211	0.84348	0.02374	0.00775	0.01163	0.01793	0.00775	0.01357	0.00921	0.01066	0.00630	0.00727	0.00582	0.00388	0.00291	0.00097	0.00485	0.00242	0.00194	0.00582
14	0.00787	0.00596	0.00877	0.14935	0.01255	0.00614	0.04878	0.06441	0.01035	0.04600	0.09464	0.46570	0.02340	0.01050	0.00537	0.00168	0.00369	0.02637	0.00388	0.00456
15	0.01536	0.02512	0.03343	0.04392	0.10623	0.03788	0.03081	0.07424	0.01228	0.41191	0.01680	0.05116	0.06283	0.00706	0.03225	0.00162	0.00470	0.02135	0.00432	0.00672
16	0.00579	0.00467	0.00521	0.00543	0.00677	0.00410	0.00423	0.00715	0.01044	0.01285	0.09366	0.08390	0.57809	0.01165	0.00554	0.00164	0.00264	0.14808	0.00426	0.00391
17	0.01169	0.01188	0.02298	0.01668	0.02074	0.01172	0.59248	0.14918	0.01231	0.01687	0.00954	0.01207	0.00717	0.00435	0.00555	0.00150	0.04454	0.00502	0.03747	0.00626
18	0.02959	0.08751	0.22269	0.03116	0.40371	0.10478	0.01319	0.03000	0.01046	0.01424	0.00805	0.01002	0.00648	0.00420	0.00422	0.00132	0.00596	0.00356	0.00220	0.00665
19	0.00856	0.00805	0.01359	0.82986	0.03121	0.01007	0.01258	0.01158	0.00906	0.01158	0.00805	0.01208	0.00604	0.00453	0.00453	0.00151	0.00604	0.00403	0.00201	0.00503
20	0.00562	0.00458	0.00465	0.00468	0.00616	0.00389	0.00354	0.00686	0.01028	0.01259	0.04316	0.04204	0.73346	0.01109	0.00524	0.00151	0.00234	0.03238	0.06206	0.00386
21	0.00895	0.00879	0.01603	0.57798	0.05141	0.01000	0.17873	0.01207	0.00970	0.01274	0.06216	0.01355	0.00872	0.00468	0.00476	0.00150	0.00610	0.00459	0.00228	0.00528
22	0.01088	0.01168	0.02365	0.03341	0.11282	0.01113	0.59546	0.04568	0.01091	0.01502	0.00902	0.01183	0.00690	0.00395	0.00521	0.00145	0.01950	0.00492	0.00239	0.06416
23	0.01013	0.00728	0.00856	0.00935	0.01002	0.00643	0.00621	0.00974	0.01150	0.01577	0.02820	0.78818	0.03252	0.01642	0.00755	0.00260	0.00421	0.01369	0.00558	0.00604
24	0.07923	0.01527	0.01210	0.01027	0.01306	0.33682	0.00805	0.34517	0.04552	0.01945	0.01022	0.06528	0.00848	0.00565	0.00431	0.00132	0.00594	0.00412	0.00351	0.00623
25	0.00787	0.00394	0.00590	0.00590	0.00590	0.00394	0.00394	0.00590	0.00590	0.00787	0.00787	0.01377	0.00787	0.01574	0.01771	0.86816	0.00394	0.00394	0.00197	0.00197
26	0.00678	0.00573	0.00606	0.00582	0.00706	0.05906	0.00434	0.00852	0.01194	0.01574	0.50651	0.06980	0.25632	0.00979	0.00528	0.00146	0.00261	0.00843	0.00456	0.00419
27	0.16078	0.01403	0.01174	0.04546	0.01357	0.25061	0.00800	0.29400	0.12465	0.01996	0.00989	0.01038	0.00746	0.00506	0.00412	0.00134	0.00552	0.00361	0.00350	0.00632
28	0.17548	0.01082	0.14884	0.00860	0.01238	0.00848	0.00810	0.03590	0.08044	0.42184	0.03517	0.01344	0.01010	0.00526	0.00421	0.00142	0.00424	0.00409	0.00432	0.00688
29	0.01079	0.01037	0.03335	0.06687	0.49410	0.02520	0.02573	0.01389	0.06015	0.03386	0.00936	0.01207	0.00779	0.00725	0.07563	0.00195	0.09854	0.00417	0.00245	0.00649
30	0.01135	0.01330	0.06760	0.01192	0.01286	0.18551	0.01013	0.01266	0.00837	0.01118	0.00632	0.00952	0.00591	0.00699	0.01187	0.00177	0.60184	0.00370	0.00205	0.00514
31	0.00555	0.00398	0.00527	0.00625	0.00657	0.00371	0.00419	0.00640	0.00887	0.01183	0.05429	0.79034	0.04805	0.01395	0.00576	0.00182	0.00260	0.01263	0.00424	0.00371
32	0.02642	0.36709	0.25943	0.01046	0.06714	0.01262	0.01040	0.01339	0.00986	0.04365	0.07665	0.02929	0.01060	0.00514	0.00391	0.00127	0.00507	0.03911	0.00251	0.00598
33	0.00831	0.00427	0.00443	0.00443	0.00547	0.00432	0.00334	0.01039	0.00935	0.01647	0.01460	0.01695	0.01160	0.00721	0.05820	0.00147	0.00278	0.00427	0.80793	0.00421
34	0.05804	0.03730	0.01357	0.26492	0.19782	0.02374	0.03189	0.14530	0.03048	0.01663	0.00971	0.01201	0.00751	0.00466	0.00420	0.00135	0.00500	0.00397	0.12595	0.00596
35	0.00538	0.00448	0.00471	0.00489	0.00620	0.00380	0.00357	0.00647	0.01004	0.01212	0.04230	0.18055	0.67603	0.01195	0.00543	0.00158	0.00235	0.01014	0.00421	0.00380
36	0.01245	0.36882	0.01828	0.04547	0.01333	0.02959	0.02398	0.17513	0.01116	0.01456	0.00729	0.00909	0.00627	0.00539	0.00677	0.00137	0.23927	0.00334	0.00251	0.00593
37	0.00986	0.02075	0.64615	0.09682	0.02003	0.04312	0.01538	0.01446	0.00973	0.04865	0.00844	0.01003	0.00602	0.00449	0.00460	0.00144	0.02799	0.00347	0.00210	0.00647

[dist]
# distance from previous block
# <min> <max>
0	1

[block]
# block no. 9 follows, 57 sequences, length 43
# corresponding to MSA columns:
# 575-617
name=unknown_J
#
# <colnr> <probs for GDERKNQSTAVLIFYWHMCP>
#	G	D	E	R	K	N	Q	S	T	A	V	L	I	F	Y	W	H	M	C	P
0	0.01647	0.05715	0.03686	0.01132	0.03426	0.34864	0.00900	0.39450	0.01660	0.01970	0.00891	0.00955	0.00677	0.00498	0.00426	0.00126	0.00636	0.00350	0.00336	0.00656
1	0.01414	0.00981	0.03522	0.00909	0.01215	0.04875	0.04556	0.19633	0.08748	0.23811	0.06293	0.06362	0.05035	0.00653	0.00470	0.00141	0.00431	0.03561	0.00438	0.06953
2	0.00995	0.13077	0.61927	0.05178	0.01859	0.01136	0.01469	0.01468	0.03250	0.04370	0.00854	0.00981	0.00620	0.00436	0.00415	0.00138	0.00622	0.00335	0.00214	0.00655
3	0.00891	0.00551	0.00672	0.00605	0.00755	0.00534	0.00465	0.05770	0.04384	0.09121	0.50608	0.02687	0.03066	0.00781	0.00478	0.00135	0.00252	0.00673	0.17081	0.00490
4	0.00942	0.00853	0.01356	0.68117	0.02789	0.01050	0.02288	0.08114	0.01007	0.01322	0.00838	0.01198	0.00634	0.00480	0.00506	0.00151	0.05017	0.00405	0.02408	0.00526
5	0.01115	0.36141	0.26333	0.05669	0.01725	0.01356	0.15002	0.01428	0.00975	0.05176	0.00802	0.00950	0.00626	0.00412	0.00393	0.00126	0.00592	0.00341	0.00218	0.00618
6	0.00598	0.00454	0.00639	0.02086	0.00779	0.00421	0.03386	0.00696	0.00873	0.01176	0.02297	0.73007	0.02719	0.03608	0.00611	0.00184	0.00296	0.01178	0.00398	0.04594
7	0.00669	0.00456	0.00600	0.00596	0.00690	0.00420	0.00435	0.00844	0.01167	0.04657	0.55966	0.25881	0.03797	0.01051	0.00544	0.00154	0.00234	0.00937	0.00479	0.00424
8	0.00647	0.00485	0.00728	0.00728	0.00809	0.00566	0.00566	0.00809	0.00728	0.01052	0.01214	0.01780	0.01133	0.03398	0.82279	0.00728	0.01214	0.00485	0.00243	0.00405
9	0.01273	0.01149	0.01272	0.08541	0.16807	0.11932	0.00918	0.11316	0.32572	0.05002	0.01303	0.01379	0.01002	0.02913	0.00503	0.00150	0.00496	0.00442	0.00360	0.00669
10	0.01948	0.00908	0.01136	0.00871	0.01225	0.00869	0.00720	0.23471	0.01526	0.59976	0.01596	0.01418	0.01025	0.00556	0.00455	0.00139	0.00417	0.00443	0.00531	0.00771
11	0.00544	0.00462	0.00471	0.00476	0.00627	0.00389	0.00362	0.00663	0.01033	0.01230	0.04491	0.04395	0.77516	0.01152	0.00540	0.00156	0.00238	0.04450	0.00421	0.00384
12	0.04709	0.01052	0.01087	0.00935	0.01213	0.04329	0.00745	0.22353	0.44854	0.05966	0.01589	0.03156	0.01230	0.00624	0.00459	0.00149	0.00415	0.03992	0.00445	0.00697
13	0.01020	0.31529	0.49807	0.01103	0.01642	0.01332	0.01323	0.01392	0.00932	0.01288	0.00738	0.00876	0.00578	0.00432	0.00428	0.00129	0.04324	0.00305	0.00193	0.00630
14	0.00556	0.00401	0.00528	0.00628	0.00662	0.00373	0.00425	0.00640	0.00880	0.01165	0.02591	0.78163	0.06553	0.01403	0.00578	0.00183	0.00265	0.03217	0.00421	0.00370
15	0.00667	0.00431	0.00575	0.00633	0.00694	0.00398	0.00438	0.00775	0.00966	0.06724	0.15465	0.64869	0.03082	0.01280	0.00563	0.00174	0.00263	0.01154	0.00443	0.00405
16	0.44169	0.01187	0.00946	0.00808	0.01099	0.19073	0.00647	0.10217	0.01125	0.15588	0.00896	0.00931	0.00651	0.00469	0.00358	0.00135	0.00477	0.00310	0.00337	0.00577
17	0.00707	0.00513	0.00698	0.00786	0.00896	0.00504	0.00679	0.00906	0.01051	0.01360	0.05605	0.04969	0.10659	0.01229	0.00613	0.00200	0.00390	0.67399	0.00421	0.00414
18	0.01211	0.84348	0.02374	0.00775	0.01163	0.01793	0.00775	0.01357	0.00921	0.01066	0.00630	0.00727	0.00582	0.00388	0.00291	0.00097	0.00485	0.00242	0.00194	0.00582
19	0.09168	0.01158	0.01252	0.00967	0.01321	0.01257	0.00799	0.60943	0.01884	0.14983	0.01157	0.01128	0.00801	0.00536	0.00439	0.00137	0.00468	0.00401	0.00455	0.00746
20	0.01398	0.00642	0.00838	0.00706	0.00925	0.00593	0.00551	0.02634	0.02933	0.42702	0.11127	0.02230	0.02838	0.15822	0.05198	0.00228	0.00413	0.03958	0.03677	0.00586
21	0.01109	0.00907	0.01390	0.08574	0.36832	0.01968	0.02036	0.05129	0.01047	0.09045	0.01118	0.06295	0.00974	0.00824	0.08809	0.00198	0.02496	0.02698	0.00288	0.08264
22	0.01729	0.00909	0.01105	0.00874	0.01188	0.00914	0.00711	0.26486	0.07552	0.42251	0.01488	0.01413	0.01013	0.00755	0.04555	0.04951	0.00460	0.00443	0.00484	0.00717
23	0.05232	0.00834	0.00949	0.00688	0.01082	0.00669	0.00553	0.05487	0.00997	0.01580	0.00812	0.00938	0.00668	0.00351	0.00339	0.00075	0.00345	0.00275	0.00279	0.77846
24	0.25256	0.01103	0.02050	0.01502	0.01897	0.01090	0.55193	0.01396	0.00974	0.01599	0.00851	0.01134	0.00659	0.02718	0.00513	0.00157	0.00639	0.00457	0.00245	0.00568
25	0.15232	0.19403	0.43954	0.01031	0.01547	0.01196	0.01201	0.04525	0.00984	0.05931	0.00809	0.00909	0.00600	0.00431	0.00378	0.00133	0.00556	0.00310	0.00237	0.00631
26	0.01122	0.01077	0.01839	0.02781	0.81248	0.01077	0.01391	0.01391	0.01032	0.01480	0.00852	0.01122	0.00718	0.00404	0.00449	0.00135	0.00538	0.00404	0.00224	0.00718
27	0.00552	0.00394	0.00526	0.00631	0.00657	0.00368	0.00421	0.00631	0.00868	0.01157	0.02498	0.83779	0.02997	0.01420	0.00578	0.00184	0.00263	0.01288	0.00421	0.00368
28	0.06275	0.04360	0.13600	0.04649	0.01455	0.05359	0.05251	0.12776	0.04193	0.33707	0.01277	0.01250	0.00867	0.00506	0.00434	0.00138	0.00496	0.00405	0.02311	0.00689
29	0.00855	0.00534	0.00687	0.13220	0.01020	0.00584	0.02784	0.01078	0.00929	0.01555	0.01308	0.01570	0.01033	0.00599	0.02516	0.00135	0.04400	0.00423	0.64327	0.00443
30	0.00667	0.00514	0.00615	0.00581	0.00713	0.00489	0.00438	0.00967	0.09284	0.01690	0.55525	0.03435	0.21489	0.00945	0.00527	0.00146	0.00232	0.00819	0.00477	0.00447
31	0.00694	0.00559	0.00803	0.23697	0.01360	0.00586	0.00657	0.00914	0.01131	0.01535	0.46467	0.02892	0.12049	0.00838	0.00535	0.01641	0.00333	0.02471	0.00399	0.00439
32	0.00982	0.00883	0.01344	0.53563	0.07713	0.02854	0.01141	0.06125	0.00974	0.03504	0.00853	0.01207	0.00669	0.00688	0.05829	0.00191	0.10309	0.00407	0.00232	0.00535
33	0.00976	0.00479	0.00506	0.00475	0.00610	0.00473	0.00364	0.03514	0.01016	0.08798	0.01494	0.01658	0.01146	0.00531	0.00333	0.00110	0.00235	0.00425	0.76393	0.00464
34	0.00910	0.00442	0.00457	0.00444	0.00563	0.00436	0.00336	0.01119	0.00969	0.06096	0.01495	0.01681	0.01159	0.00530	0.00324	0.00107	0.00221	0.00424	0.81844	0.00442
35	0.03429	0.00835	0.01350	0.63066	0.03900	0.00989	0.04676	0.05646	0.00998	0.05218	0.00953	0.05267	0.00759	0.00506	0.00458	0.00151	0.00570	0.00451	0.00248	0.00533
36	0.01346	0.01409	0.01336	0.01216	0.05562	0.29052	0.00928	0.11167	0.01121	0.03640	0.00860	0.01067	0.03044	0.00633	0.00875	0.00156	0.35389	0.00381	0.00261	0.00556
37	0.00577	0.00461	0.00517	0.00503	0.00637	0.00400	0.00377	0.00731	0.01131	0.01457	0.34541	0.03978	0.50969	0.01061	0.00535	0.00149	0.00223	0.00903	0.00451	0.00400
38	0.00629	0.00433	0.00531	0.00565	0.00592	0.00421	0.00364	0.00690	0.00816	0.01097	0.10665	0.27743	0.02410	0.44526	0.01479	0.00314	0.00359	0.05682	0.00353	0.00329
39	0.01043	0.01201	0.21741	0.13707	0.03147	0.02907	0.02766	0.06709	0.07962	0.09916	0.04074	0.17015	0.01344	0.00697	0.00502	0.00154	0.02376	0.01819	0.00333	0.00588
40	0.00583	0.00416	0.00552	0.00630	0.00674	0.00391	0.00438	0.00691	0.00940	0.01269	0.15317	0.61922	0.03128	0.04462	0.00640	0.00189	0.00273	0.06677	0.00428	0.00378
41	0.00713	0.00443	0.00562	0.00614	0.00691	0.00412	0.00436	0.00833	0.00919	0.05716	0.02198	0.56485	0.02440	0.01155	0.00516	0.00164	0.00271	0.05164	0.16646	0.03624
42	0.18680	0.01068	0.01885	0.03841	0.20558	0.01067	0.35475	0.01457	0.01006	0.07758	0.00902	0.01120	0.00684	0.00418	0.00472	0.00146	0.02148	0.00433	0.00263	0.00619

[dist]
# distance from previous block
# <min> <max>
0	5

[block]
# block no. 10 follows, 57 sequences, length 80
# corresponding to MSA columns:
# 625-704
name=unknown_K
#
# <colnr> <probs for GDERKNQSTAVLIFYWHMCP>
#	G	D	E	R	K	N	Q	S	T	A	V	L	I	F	Y	W	H	M	C	P
0	0.74991	0.00862	0.00719	0.00623	0.00915	0.00965	0.00513	0.01433	0.00838	0.11570	0.00774	0.00838	0.00571	0.00435	0.00303	0.00138	0.00354	0.00271	0.00314	0.02574
1	0.00940	0.00805	0.00940	0.00671	0.01074	0.00604	0.00537	0.01141	0.00940	0.01477	0.00805	0.00940	0.00671	0.00336	0.00336	0.00067	0.00336	0.00268	0.00268	0.86845
2	0.01811	0.00730	0.00986	0.00774	0.01087	0.00641	0.00632	0.02015	0.02927	0.68268	0.13364	0.01815	0.01588	0.00615	0.00467	0.00141	0.00360	0.00510	0.00550	0.00720
3	0.01723	0.01269	0.01360	0.01043	0.01405	0.01405	0.00861	0.79738	0.02131	0.02856	0.01088	0.01088	0.00771	0.00544	0.00453	0.00136	0.00499	0.00408	0.00453	0.00771
4	0.02033	0.00771	0.01052	0.00806	0.01157	0.00666	0.00666	0.02208	0.01297	0.81562	0.01788	0.01542	0.01122	0.00561	0.00456	0.00140	0.00386	0.00456	0.00561	0.00771
5	0.01211	0.84348	0.02374	0.00775	0.01163	0.01793	0.00775	0.01357	0.00921	0.01066	0.00630	0.00727	0.00582	0.00388	0.00291	0.00097	0.00485	0.00242	0.00194	0.00582
6	0.01008	0.29259	0.55683	0.01122	0.01699	0.01295	0.01379	0.01409	0.00945	0.01314	0.00753	0.00881	0.00576	0.00416	0.00385	0.00128	0.00609	0.00304	0.00192	0.00641
