[name]
unknown

[dist]
# distance from previous block
# <min> <max>
0	161

[block]
# block no. 0 follows, 62 sequences, length 15
# corresponding to MSA columns:
# 257-271
name=unknown_A
#
# <colnr> <probs for GDERKNQSTAVLIFYWHMCP>
#	G	D	E	R	K	N	Q	S	T	A	V	L	I	F	Y	W	H	M	C	P
0	0.01143	0.16878	0.20651	0.01301	0.17260	0.10230	0.02464	0.13717	0.01128	0.02461	0.03627	0.02497	0.00802	0.00459	0.00394	0.00122	0.00530	0.01919	0.00253	0.02166
1	0.02704	0.26870	0.15786	0.00917	0.03093	0.06778	0.03727	0.09490	0.02108	0.02804	0.01361	0.01704	0.10607	0.00579	0.00400	0.00127	0.00477	0.09653	0.00272	0.00542
2	0.04030	0.28597	0.21779	0.00929	0.02942	0.03499	0.00929	0.15055	0.01113	0.10987	0.00951	0.01011	0.02660	0.00533	0.03126	0.00137	0.00512	0.00328	0.00275	0.00606
3	0.02454	0.37511	0.20417	0.00865	0.01258	0.01295	0.00896	0.16534	0.04234	0.01472	0.02669	0.01132	0.06651	0.00473	0.00360	0.00116	0.00469	0.00347	0.00260	0.00586
4	0.01111	0.41321	0.29246	0.00974	0.01418	0.06871	0.03692	0.08529	0.01006	0.01284	0.00702	0.00807	0.00563	0.00396	0.00346	0.00112	0.00544	0.00283	0.00207	0.00587
5	0.03925	0.38925	0.23980	0.00912	0.01339	0.04560	0.02457	0.10634	0.01020	0.01359	0.00709	0.00808	0.00570	0.00392	0.00338	0.00108	0.00507	0.00278	0.00220	0.06957
6	0.03972	0.35610	0.16320	0.01084	0.10774	0.08294	0.00940	0.10442	0.01037	0.01353	0.00745	0.02528	0.00627	0.00415	0.00348	0.00111	0.00506	0.00304	0.00226	0.04365
7	0.00766	0.00783	0.12384	0.00680	0.00863	0.02594	0.00590	0.06736	0.01032	0.03993	0.26107	0.15431	0.07809	0.14493	0.02145	0.00193	0.00361	0.00693	0.00361	0.01986
8	0.00520	0.00424	0.00454	0.00462	0.00581	0.00364	0.00337	0.00628	0.00960	0.01184	0.11790	0.13397	0.61542	0.04731	0.00580	0.00158	0.00226	0.00909	0.00397	0.00357
9	0.64849	0.00852	0.00782	0.00764	0.07129	0.00961	0.00562	0.10562	0.00928	0.01945	0.06627	0.00940	0.00768	0.00442	0.00312	0.00131	0.00350	0.00299	0.00293	0.00504
10	0.01023	0.00905	0.00953	0.00707	0.01068	0.07010	0.00564	0.10480	0.01038	0.01512	0.00780	0.00890	0.00635	0.00348	0.00333	0.00074	0.00368	0.00269	0.00270	0.70773
11	0.00826	0.00813	0.07211	0.00926	0.10535	0.00621	0.01988	0.02516	0.00922	0.01361	0.04937	0.17426	0.01274	0.00587	0.00402	0.00108	0.00355	0.03180	0.00287	0.43728
12	0.00867	0.00882	0.00883	0.00735	0.00975	0.16269	0.06662	0.01024	0.01003	0.01255	0.08261	0.05796	0.27085	0.00674	0.00427	0.00114	0.00388	0.00565	0.00312	0.25823
13	0.02589	0.00763	0.00863	0.00671	0.00990	0.00673	0.00534	0.04572	0.15428	0.07440	0.01423	0.01429	0.10340	0.00476	0.00370	0.00096	0.00317	0.00387	0.00329	0.50310
14	0.01008	0.03659	0.07585	0.03894	0.13439	0.02260	0.04146	0.09419	0.04632	0.06717	0.13686	0.04453	0.03638	0.00603	0.00527	0.00134	0.08196	0.03755	0.00319	0.07929

[dist]
# distance from previous block
# <min> <max>
13	56

[block]
# block no. 1 follows, 62 sequences, length 9
# corresponding to MSA columns:
# 329-337
name=unknown_B
#
# <colnr> <probs for GDERKNQSTAVLIFYWHMCP>
#	G	D	E	R	K	N	Q	S	T	A	V	L	I	F	Y	W	H	M	C	P
0	0.03058	0.38898	0.10790	0.00955	0.05344	0.06468	0.03686	0.11868	0.02417	0.04552	0.03034	0.03145	0.03187	0.00463	0.00359	0.00114	0.00480	0.00349	0.00258	0.00576
1	0.06219	0.34094	0.18405	0.00908	0.01295	0.08695	0.00909	0.19777	0.01152	0.01517	0.00747	0.00840	0.00595	0.00490	0.02566	0.00128	0.00533	0.00292	0.00247	0.00590
2	0.04262	0.34782	0.18733	0.00955	0.03694	0.06348	0.02677	0.13725	0.01064	0.01397	0.00839	0.06395	0.00736	0.00523	0.02057	0.00128	0.00516	0.00353	0.00241	0.00573
3	0.01254	0.29572	0.13712	0.00949	0.01315	0.09897	0.04381	0.25789	0.01259	0.01607	0.00850	0.03870	0.00699	0.00460	0.00371	0.00116	0.00515	0.00344	0.02442	0.00598
4	0.06567	0.30879	0.19485	0.00899	0.01294	0.05533	0.00907	0.19760	0.01173	0.06725	0.02583	0.00916	0.00688	0.00434	0.00357	0.00116	0.00493	0.00310	0.00273	0.00605
5	0.03263	0.28751	0.23142	0.00929	0.01329	0.03099	0.00953	0.24955	0.01209	0.01618	0.00850	0.04160	0.00698	0.00536	0.02639	0.00134	0.00520	0.00343	0.00266	0.00605
6	0.03547	0.36041	0.15408	0.00895	0.01278	0.05269	0.00882	0.22930	0.03689	0.03493	0.00812	0.00880	0.00636	0.00480	0.01949	0.00124	0.00507	0.00304	0.00268	0.00608
7	0.01164	0.37137	0.24678	0.01002	0.05207	0.03996	0.00998	0.10394	0.04457	0.06097	0.00812	0.00885	0.00632	0.00414	0.00354	0.00114	0.00508	0.00301	0.00242	0.00610
8	0.01082	0.26316	0.30794	0.00993	0.03059	0.01190	0.03060	0.12272	0.04614	0.03947	0.00900	0.01007	0.02160	0.02239	0.00409	0.00124	0.00507	0.00330	0.00247	0.04751

[dist]
# distance from previous block
# <min> <max>
0	1

[block]
# block no. 2 follows, 62 sequences, length 151
# corresponding to MSA columns:
# 339-391,394-491
name=unknown_C
#
# <colnr> <probs for GDERKNQSTAVLIFYWHMCP>
#	G	D	E	R	K	N	Q	S	T	A	V	L	I	F	Y	W	H	M	C	P
0	0.06635	0.20726	0.45145	0.01037	0.02653	0.04414	0.03006	0.02803	0.02278	0.01320	0.00867	0.00973	0.03639	0.00423	0.00370	0.00123	0.00545	0.00318	0.00207	0.02519
1	0.00960	0.17188	0.17561	0.00990	0.03820	0.02982	0.07567	0.07282	0.12061	0.01424	0.06447	0.08784	0.03960	0.00615	0.00428	0.00135	0.00458	0.06483	0.00298	0.00554
2	0.03685	0.16176	0.08469	0.01058	0.06738	0.06341	0.05803	0.24325	0.07562	0.09765	0.01038	0.02021	0.01882	0.00468	0.00394	0.00122	0.00482	0.00371	0.00321	0.02979
3	0.00756	0.08243	0.03452	0.00777	0.04581	0.02469	0.02060	0.04302	0.04303	0.01284	0.08332	0.37922	0.05626	0.02336	0.00501	0.00149	0.00333	0.04859	0.00348	0.07366
4	0.04359	0.02758	0.14211	0.05377	0.14852	0.02796	0.04814	0.07152	0.04264	0.11022	0.04984	0.07488	0.09634	0.01794	0.00460	0.00139	0.00444	0.01398	0.00315	0.01737
5	0.04488	0.15175	0.03125	0.10061	0.17426	0.13029	0.00868	0.07038	0.02737	0.03875	0.02848	0.09600	0.00953	0.00660	0.04350	0.00153	0.02377	0.00433	0.00262	0.00542
6	0.00915	0.07222	0.01423	0.23205	0.37662	0.02101	0.02641	0.01125	0.00884	0.01188	0.00967	0.04814	0.02274	0.11080	0.00638	0.00166	0.00498	0.00442	0.00220	0.00536
7	0.00512	0.00431	0.00446	0.00449	0.00586	0.00364	0.00337	0.00626	0.00978	0.01180	0.08344	0.06604	0.73932	0.01077	0.00506	0.00145	0.00219	0.02505	0.00399	0.00362
8	0.00882	0.00756	0.00882	0.00630	0.01008	0.00567	0.00504	0.01071	0.00882	0.01387	0.00756	0.00882	0.00630	0.00315	0.00315	0.00063	0.00315	0.00252	0.00252	0.87647
9	0.01003	0.03341	0.00764	0.00653	0.00814	0.12610	0.02272	0.02794	0.01018	0.10833	0.09229	0.05244	0.09020	0.02071	0.04306	0.00152	0.01792	0.02252	0.29373	0.00457
10	0.02544	0.01100	0.03637	0.02815	0.02651	0.02828	0.02397	0.37073	0.36304	0.02124	0.01295	0.01258	0.00954	0.00526	0.00426	0.00135	0.00428	0.00421	0.00402	0.00681
11	0.02782	0.03874	0.04515	0.01031	0.01122	0.01229	0.00883	0.09158	0.00834	0.03063	0.00690	0.00976	0.00615	0.00667	0.01109	0.00167	0.60952	0.00366	0.05465	0.00502
12	0.00908	0.03843	0.66048	0.01242	0.03280	0.02976	0.07062	0.02944	0.00928	0.01356	0.00776	0.00928	0.00565	0.00415	0.00438	0.00134	0.03257	0.00331	0.01956	0.00613
13	0.00709	0.00482	0.00608	0.00563	0.00690	0.00452	0.00427	0.00958	0.06126	0.07194	0.63226	0.04930	0.10278	0.00857	0.00494	0.00136	0.00222	0.00750	0.00462	0.00435
14	0.01191	0.01203	0.15939	0.01131	0.05435	0.01022	0.12085	0.28209	0.10191	0.06951	0.03980	0.03996	0.05611	0.00543	0.00444	0.00136	0.00482	0.00469	0.00347	0.00634
15	0.00654	0.00470	0.00648	0.00742	0.00831	0.00464	0.00629	0.00829	0.00956	0.01242	0.02355	0.15973	0.05954	0.01193	0.00578	0.00190	0.00364	0.65150	0.00392	0.00384
16	0.00994	0.00957	0.04749	0.08494	0.06101	0.05976	0.12844	0.01511	0.24573	0.05920	0.08414	0.06977	0.03537	0.00609	0.00504	0.00144	0.04684	0.02119	0.00333	0.00561
17	0.00931	0.00931	0.01303	0.01117	0.01117	0.01303	0.00931	0.01024	0.00652	0.01024	0.00559	0.00931	0.00559	0.00745	0.01396	0.00186	0.84267	0.00372	0.00186	0.00465
18	0.88052	0.00823	0.00625	0.00560	0.00823	0.00955	0.00461	0.01251	0.00724	0.01909	0.00592	0.00691	0.00461	0.00395	0.00263	0.00132	0.00329	0.00230	0.00263	0.00461
19	0.01266	0.01105	0.01038	0.00885	0.01140	0.13076	0.00697	0.27245	0.33711	0.01912	0.02458	0.03346	0.02982	0.00561	0.00419	0.00131	0.00427	0.00442	0.05070	0.02090
20	0.01016	0.00973	0.01659	0.14864	0.70433	0.01001	0.01287	0.01273	0.00951	0.01345	0.00794	0.01065	0.00658	0.00386	0.00422	0.00129	0.00515	0.00379	0.00207	0.00644
21	0.01809	0.00734	0.00980	0.00753	0.01082	0.00639	0.00620	0.02017	0.04413	0.74227	0.01622	0.01417	0.01036	0.00515	0.00421	0.00128	0.00358	0.00419	0.00505	0.06306
22	0.00589	0.00434	0.00550	0.00521	0.00628	0.00396	0.00391	0.00777	0.01173	0.01632	0.71817	0.03300	0.14411	0.00898	0.00502	0.00135	0.00203	0.00787	0.00459	0.00396
23	0.00873	0.00715	0.00769	0.00704	0.00882	0.02395	0.00539	0.10782	0.29273	0.01655	0.18639	0.13176	0.16232	0.00814	0.00472	0.00143	0.00300	0.00693	0.00423	0.00522
24	0.05611	0.00746	0.00983	0.00757	0.01083	0.00665	0.00625	0.04961	0.01226	0.76242	0.01608	0.01400	0.01016	0.00520	0.00421	0.00132	0.00365	0.00418	0.00512	0.00713
25	0.00546	0.00411	0.00508	0.00562	0.00634	0.00379	0.00401	0.00673	0.02547	0.01203	0.12680	0.48544	0.22442	0.01189	0.00528	0.00162	0.00244	0.05577	0.00405	0.00365
26	0.03688	0.00786	0.00991	0.00771	0.01085	0.00741	0.00634	0.13523	0.04736	0.61648	0.01546	0.01382	0.01004	0.00522	0.00418	0.00130	0.00367	0.00418	0.04911	0.00699
27	0.11622	0.00627	0.00752	0.00632	0.00855	0.00595	0.00504	0.05149	0.01145	0.33727	0.24388	0.04005	0.07590	0.00663	0.00429	0.00132	0.00295	0.00548	0.05793	0.00547
28	0.01131	0.83427	0.04049	0.00739	0.01109	0.01668	0.00747	0.01276	0.00865	0.01009	0.00595	0.00687	0.00546	0.00365	0.00276	0.00092	0.00459	0.00229	0.00182	0.00548
29	0.00968	0.00794	0.00919	0.00663	0.01037	0.00634	0.00533	0.08094	0.00987	0.03171	0.00798	0.00906	0.00647	0.00337	0.00327	0.00070	0.00330	0.00267	0.00273	0.78244
30	0.01649	0.01092	0.01211	0.00927	0.01267	0.01168	0.00766	0.63951	0.01822	0.17444	0.01135	0.01096	0.00782	0.00508	0.00423	0.00126	0.00444	0.00387	0.00439	0.03361
31	0.88052	0.00823	0.00625	0.00560	0.00823	0.00955	0.00461	0.01251	0.00724	0.01909	0.00592	0.00691	0.00461	0.00395	0.00263	0.00132	0.00329	0.00230	0.00263	0.00461
32	0.01895	0.00833	0.01068	0.00849	0.01167	0.00742	0.00680	0.07037	0.03260	0.68729	0.07177	0.01713	0.01355	0.00636	0.00490	0.00156	0.00403	0.00491	0.00554	0.00765
33	0.00804	0.00756	0.01276	0.84023	0.02931	0.00945	0.01182	0.01087	0.00851	0.01087	0.00756	0.01134	0.00567	0.00425	0.00425	0.00142	0.00567	0.00378	0.00189	0.00473
34	0.00519	0.00373	0.00493	0.00587	0.00616	0.00347	0.00393	0.00596	0.00825	0.01098	0.03724	0.81249	0.04964	0.01319	0.00541	0.00171	0.00245	0.01194	0.00396	0.00347
35	0.01701	0.00689	0.00929	0.00727	0.01021	0.00605	0.00595	0.03500	0.01232	0.68513	0.14117	0.01707	0.01505	0.00579	0.00439	0.00132	0.00339	0.00480	0.00516	0.00674
36	0.01454	0.01111	0.01185	0.00946	0.01257	0.01243	0.00769	0.57956	0.25284	0.02418	0.01229	0.01187	0.00892	0.00530	0.00428	0.00133	0.00430	0.00412	0.00428	0.00709
37	0.88052	0.00823	0.00625	0.00560	0.00823	0.00955	0.00461	0.01251	0.00724	0.01909	0.00592	0.00691	0.00461	0.00395	0.00263	0.00132	0.00329	0.00230	0.00263	0.00461
38	0.01618	0.01192	0.01277	0.00979	0.01320	0.01320	0.00809	0.80973	0.02001	0.02682	0.01022	0.01022	0.00724	0.00511	0.00426	0.00128	0.00468	0.00383	0.00426	0.00724
39	0.00568	0.00435	0.00522	0.00503	0.00618	0.00388	0.00379	0.00736	0.01117	0.01500	0.53042	0.03533	0.31824	0.00949	0.00504	0.00138	0.00209	0.02207	0.00441	0.00386
40	0.01147	0.83587	0.02210	0.00733	0.01097	0.01676	0.00730	0.02899	0.00888	0.01035	0.00600	0.00689	0.00550	0.00367	0.00276	0.00092	0.00455	0.00231	0.00187	0.00550
41	0.00648	0.00485	0.00708	0.00696	0.00782	0.00563	0.00543	0.03969	0.00737	0.01056	0.01135	0.01646	0.01050	0.03084	0.80042	0.00662	0.01113	0.00453	0.00236	0.00394
42	0.01115	0.57590	0.19600	0.00892	0.01301	0.09181	0.02728	0.01332	0.00907	0.01088	0.00641	0.00748	0.00547	0.00380	0.00317	0.00103	0.00528	0.00257	0.00186	0.00560
43	0.00595	0.00430	0.00565	0.00563	0.00653	0.00400	0.00424	0.00774	0.01122	0.01564	0.61469	0.14985	0.05939	0.00969	0.00515	0.00145	0.00225	0.07823	0.00449	0.00391
44	0.01160	0.00878	0.00995	0.16632	0.04859	0.05643	0.00730	0.29314	0.02656	0.02779	0.01080	0.01229	0.00816	0.00481	0.00381	0.00120	0.00414	0.00382	0.28896	0.00552
45	0.00616	0.00411	0.00465	0.00468	0.00469	0.00410	0.00262	0.00618	0.00625	0.00833	0.01371	0.05272	0.01585	0.82506	0.02116	0.00405	0.00407	0.00637	0.00262	0.00260
46	0.00739	0.00370	0.00554	0.00554	0.00554	0.00370	0.00370	0.00554	0.00554	0.00739	0.00739	0.01293	0.00739	0.01478	0.01663	0.87620	0.00370	0.00370	0.00185	0.00185
47	0.01156	0.81971	0.02189	0.00743	0.01101	0.04950	0.00732	0.01291	0.00878	0.01003	0.00594	0.00686	0.00546	0.00367	0.00277	0.00092	0.00468	0.00229	0.00184	0.00544
48	0.00619	0.00413	0.00464	0.00464	0.00464	0.00413	0.00258	0.00619	0.00619	0.00825	0.01341	0.02785	0.01547	0.85046	0.02166	0.00413	0.00413	0.00619	0.00258	0.00258
49	0.05331	0.00757	0.00987	0.00761	0.01085	0.00685	0.00628	0.07677	0.01254	0.72398	0.02884	0.01415	0.01054	0.00526	0.00422	0.00131	0.00366	0.00422	0.00508	0.00708
50	0.88052	0.00823	0.00625	0.00560	0.00823	0.00955	0.00461	0.01251	0.00724	0.01909	0.00592	0.00691	0.00461	0.00395	0.00263	0.00132	0.00329	0.00230	0.00263	0.00461
51	0.00686	0.00490	0.00686	0.00784	0.00882	0.00490	0.00686	0.00882	0.00980	0.01273	0.02253	0.04800	0.02449	0.01175	0.00588	0.00196	0.00392	0.79528	0.00392	0.00392
52	0.01138	0.85302	0.02230	0.00728	0.01092	0.01684	0.00728	0.01274	0.00865	0.01001	0.00592	0.00683	0.00546	0.00364	0.00273	0.00091	0.00455	0.00228	0.00182	0.00546
53	0.01473	0.01086	0.01251	0.04424	0.06523	0.04476	0.03242	0.45264	0.12053	0.12295	0.01177	0.01226	0.00856	0.00516	0.00431	0.00132	0.00462	0.02028	0.00400	0.00683
54	0.03642	0.01163	0.01173	0.00945	0.01250	0.06847	0.00764	0.52670	0.21881	0.03475	0.01174	0.01144	0.00854	0.00520	0.00421	0.00131	0.00451	0.00397	0.00411	0.00689
55	0.00634	0.00452	0.00623	0.00719	0.00793	0.00445	0.00589	0.00789	0.00922	0.01207	0.02259	0.28575	0.02537	0.03165	0.00611	0.00194	0.00349	0.54370	0.00390	0.00375
56	0.00900	0.00898	0.01654	0.48684	0.18541	0.00989	0.19785	0.01195	0.00910	0.01212	0.00789	0.01121	0.00607	0.00401	0.00442	0.00139	0.00590	0.00407	0.00199	0.00536
57	0.01622	0.01176	0.01255	0.00967	0.01304	0.02557	0.00797	0.74251	0.03354	0.06794	0.01063	0.01050	0.00748	0.00512	0.00425	0.00128	0.00465	0.00385	0.00428	0.00719
58	0.00619	0.00413	0.00464	0.00464	0.00464	0.00413	0.00258	0.00619	0.00619	0.00825	0.01341	0.02785	0.01547	0.85046	0.02166	0.00413	0.00413	0.00619	0.00258	0.00258
59	0.00804	0.00756	0.01276	0.84023	0.02931	0.00945	0.01182	0.01087	0.00851	0.01087	0.00756	0.01134	0.00567	0.00425	0.00425	0.00142	0.00567	0.00378	0.00189	0.00473
60	0.01111	0.00949	0.01100	0.01003	0.05027	0.01070	0.04457	0.11552	0.61972	0.01834	0.01579	0.01575	0.01206	0.00569	0.00440	0.00143	0.00380	0.02958	0.00410	0.00666
61	0.00524	0.00382	0.00495	0.00584	0.00624	0.00353	0.00400	0.00607	0.00838	0.01101	0.02550	0.72749	0.11221	0.01299	0.00541	0.00171	0.00250	0.04568	0.00395	0.00349
62	0.01025	0.01105	0.02025	0.03215	0.01905	0.04910	0.55336	0.01543	0.18083	0.01422	0.01069	0.01313	0.00825	0.00476	0.01873	0.00152	0.00636	0.02240	0.00265	0.00582
63	0.00882	0.00756	0.00882	0.00630	0.01008	0.00567	0.00504	0.01071	0.00882	0.01387	0.00756	0.00882	0.00630	0.00315	0.00315	0.00063	0.00315	0.00252	0.00252	0.87647
64	0.00856	0.00418	0.00438	0.00423	0.00535	0.00411	0.00319	0.01049	0.00916	0.06586	0.03193	0.01629	0.01159	0.01630	0.00335	0.00106	0.00211	0.00410	0.78961	0.00415
65	0.15671	0.15147	0.56128	0.01025	0.01550	0.01093	0.01250	0.01319	0.00863	0.01388	0.00707	0.00829	0.00527	0.00396	0.00360	0.00127	0.00551	0.00286	0.00194	0.00587
66	0.01589	0.02028	0.01206	0.01096	0.01315	0.83338	0.00822	0.01699	0.01206	0.01041	0.00658	0.00767	0.00548	0.00438	0.00384	0.00110	0.00767	0.00274	0.00219	0.00493
67	0.00912	0.00912	0.01181	0.01034	0.01063	0.06428	0.00849	0.01018	0.00693	0.01018	0.00674	0.01060	0.00653	0.01185	0.16740	0.00275	0.63276	0.00382	0.00196	0.00451
68	0.00882	0.00756	0.00882	0.00630	0.01008	0.00567	0.00504	0.01071	0.00882	0.01387	0.00756	0.00882	0.00630	0.00315	0.00315	0.00063	0.00315	0.00252	0.00252	0.87647
69	0.00511	0.00431	0.00442	0.00440	0.00580	0.00363	0.00330	0.00627	0.00989	0.01196	0.10772	0.04019	0.75729	0.01060	0.00503	0.00143	0.00214	0.00887	0.00401	0.00363
70	0.00948	0.00904	0.01537	0.36901	0.48924	0.00983	0.01254	0.01214	0.00919	0.01263	0.00782	0.01087	0.00629	0.00399	0.00423	0.00133	0.00531	0.00379	0.00202	0.00589
71	0.12727	0.04992	0.00750	0.00587	0.00782	0.00669	0.00474	0.04872	0.00980	0.21291	0.02763	0.01410	0.01004	0.03163	0.03483	0.00147	0.02973	0.00388	0.36042	0.00505
72	0.00518	0.00373	0.00491	0.00586	0.00615	0.00346	0.00392	0.00593	0.00821	0.01089	0.02430	0.81303	0.06225	0.01322	0.00541	0.00172	0.00246	0.01196	0.00395	0.00346
73	0.01061	0.06588	0.03334	0.03098	0.06114	0.07474	0.46595	0.03828	0.00976	0.01295	0.00775	0.01039	0.00618	0.00438	0.00620	0.00143	0.14803	0.00430	0.00214	0.00557
74	0.00608	0.00456	0.00684	0.00684	0.00760	0.00532	0.00532	0.00760	0.00684	0.00988	0.01140	0.01672	0.01064	0.03191	0.83360	0.00684	0.01140	0.00456	0.00228	0.00380
75	0.01603	0.01184	0.01269	0.00976	0.01314	0.01313	0.00805	0.78862	0.04136	0.02657	0.01041	0.01037	0.00739	0.00513	0.00426	0.00128	0.00465	0.00386	0.00426	0.00722
76	0.09519	0.00711	0.00763	0.00689	0.00882	0.04284	0.00552	0.09559	0.08734	0.10143	0.17365	0.04006	0.06852	0.00786	0.02665	0.00153	0.00353	0.11796	0.07041	0.03146
77	0.01080	0.00959	0.00972	0.00875	0.01115	0.04350	0.00679	0.02239	0.78406	0.01750	0.01689	0.01555	0.01269	0.00572	0.00431	0.00143	0.00354	0.00473	0.00424	0.00666
78	0.88052	0.00823	0.00625	0.00560	0.00823	0.00955	0.00461	0.01251	0.00724	0.01909	0.00592	0.00691	0.00461	0.00395	0.00263	0.00132	0.00329	0.00230	0.00263	0.00461
79	0.01108	0.76536	0.10733	0.00779	0.01171	0.01610	0.00817	0.01282	0.00868	0.01038	0.00610	0.00705	0.00545	0.00368	0.00287	0.00096	0.00473	0.00237	0.00182	0.00555
80	0.00919	0.00635	0.00778	0.04939	0.00968	0.02581	0.00592	0.10482	0.06083	0.10103	0.21177	0.20013	0.02342	0.00896	0.00499	0.00153	0.00336	0.15605	0.00417	0.00482
81	0.00522	0.00420	0.00465	0.00479	0.00593	0.00363	0.00350	0.00638	0.00977	0.01226	0.16298	0.19829	0.54160	0.01095	0.00511	0.00148	0.00219	0.00939	0.00407	0.00363
82	0.00518	0.00370	0.00494	0.00592	0.00617	0.00346	0.00395	0.00592	0.00815	0.01086	0.02345	0.84768	0.02814	0.01333	0.00543	0.00173	0.00247	0.01210	0.00395	0.00346
83	0.00597	0.00431	0.00558	0.00533	0.00627	0.00398	0.00394	0.00781	0.01157	0.01629	0.73383	0.07015	0.05671	0.04264	0.00570	0.00147	0.00212	0.00787	0.00455	0.00392
84	0.00548	0.00433	0.00494	0.00479	0.00603	0.00379	0.00359	0.00699	0.01077	0.01404	0.39895	0.03676	0.46476	0.00983	0.00502	0.00139	0.00209	0.00839	0.00429	0.00379
85	0.01629	0.01173	0.01265	0.00970	0.01310	0.01292	0.00801	0.77817	0.01969	0.05882	0.01048	0.01039	0.00737	0.00511	0.00426	0.00128	0.00464	0.00385	0.00430	0.00724
86	0.88052	0.00823	0.00625	0.00560	0.00823	0.00955	0.00461	0.01251	0.00724	0.01909	0.00592	0.00691	0.00461	0.00395	0.00263	0.00132	0.00329	0.00230	0.00263	0.00461
87	0.01498	0.01073	0.01050	0.00895	0.01156	0.17382	0.00729	0.23754	0.03172	0.25774	0.01408	0.01873	0.01148	0.00637	0.00451	0.00139	0.00478	0.16366	0.00408	0.00609
88	0.03519	0.00963	0.01126	0.00865	0.01199	0.00983	0.00715	0.41929	0.01603	0.40608	0.01324	0.01217	0.00875	0.00516	0.00423	0.00130	0.00415	0.00401	0.00470	0.00719
89	0.01004	0.01148	0.02511	0.01793	0.02224	0.01076	0.80846	0.01363	0.01004	0.01363	0.00861	0.01148	0.00646	0.00359	0.00502	0.00143	0.00717	0.00502	0.00215	0.00574
90	0.01909	0.00724	0.00987	0.00757	0.01086	0.00625	0.00625	0.02074	0.01218	0.82687	0.01679	0.01448	0.01053	0.00527	0.00428	0.00132	0.00362	0.00428	0.00527	0.00724
91	0.01053	0.01011	0.01727	0.02612	0.82392	0.01011	0.01306	0.01306	0.00969	0.01390	0.00800	0.01053	0.00674	0.00379	0.00421	0.00126	0.00505	0.00379	0.00211	0.00674
92	0.00589	0.00434	0.00550	0.00521	0.00627	0.00396	0.00391	0.00777	0.01173	0.01631	0.71665	0.03302	0.14564	0.00898	0.00502	0.00135	0.00203	0.00787	0.00459	0.00396
93	0.00522	0.00380	0.00494	0.00580	0.00619	0.00351	0.00395	0.00605	0.00841	0.01110	0.04236	0.73565	0.10394	0.01295	0.00539	0.00170	0.00246	0.02911	0.00396	0.00349
94	0.01138	0.85302	0.02230	0.00728	0.01092	0.01684	0.00728	0.01274	0.00865	0.01001	0.00592	0.00683	0.00546	0.00364	0.00273	0.00091	0.00455	0.00228	0.00182	0.00546
95	0.00804	0.00756	0.01276	0.84023	0.02931	0.00945	0.01182	0.01087	0.00851	0.01087	0.00756	0.01134	0.00567	0.00425	0.00425	0.00142	0.00567	0.00378	0.00189	0.00473
96	0.01126	0.81978	0.05455	0.00747	0.01122	0.01656	0.00762	0.01277	0.00866	0.01015	0.00598	0.00691	0.00546	0.00366	0.00278	0.00093	0.00462	0.00231	0.00182	0.00549
97	0.88052	0.00823	0.00625	0.00560	0.00823	0.00955	0.00461	0.01251	0.00724	0.01909	0.00592	0.00691	0.00461	0.00395	0.00263	0.00132	0.00329	0.00230	0.00263	0.00461
98	0.00671	0.00502	0.00612	0.00581	0.00583	0.00567	0.00379	0.00691	0.00626	0.00863	0.01203	0.02441	0.01367	0.68569	0.04213	0.00381	0.14638	0.00573	0.00245	0.00296
99	0.00853	0.02201	0.82841	0.01213	0.01842	0.00988	0.01572	0.01348	0.00898	0.01348	0.00764	0.00898	0.00539	0.00404	0.00404	0.00135	0.00629	0.00314	0.00180	0.00629
100	0.00896	0.00829	0.01392	0.01915	0.52232	0.00815	0.05351	0.01120	0.00993	0.01400	0.14909	0.11064	0.04055	0.00592	0.00456	0.00134	0.00427	0.00563	0.00281	0.00575
101	0.00725	0.00438	0.00550	0.00585	0.00677	0.00417	0.00448	0.00857	0.00906	0.07011	0.03428	0.27073	0.10435	0.03051	0.01838	0.02823	0.00295	0.18852	0.19202	0.00390
102	0.00853	0.02201	0.82841	0.01213	0.01842	0.00988	0.01572	0.01348	0.00898	0.01348	0.00764	0.00898	0.00539	0.00404	0.00404	0.00135	0.00629	0.00314	0.00180	0.00629
103	0.00893	0.00591	0.00609	0.00573	0.00725	0.00645	0.00439	0.01469	0.31237	0.01659	0.01517	0.01587	0.01169	0.00526	0.00348	0.00116	0.00250	0.00428	0.54717	0.00501
104	0.00607	0.00433	0.00556	0.00525	0.00627	0.00400	0.00394	0.00804	0.01181	0.01680	0.75439	0.03139	0.06855	0.00860	0.00492	0.00133	0.00201	0.00757	0.04518	0.00400
105	0.01053	0.01011	0.01727	0.02612	0.82392	0.01011	0.01306	0.01306	0.00969	0.01390	0.00800	0.01053	0.00674	0.00379	0.00421	0.00126	0.00505	0.00379	0.00211	0.00674
106	0.88052	0.00823	0.00625	0.00560	0.00823	0.00955	0.00461	0.01251	0.00724	0.01909	0.00592	0.00691	0.00461	0.00395	0.00263	0.00132	0.00329	0.00230	0.00263	0.00461
107	0.01138	0.85302	0.02230	0.00728	0.01092	0.01684	0.00728	0.01274	0.00865	0.01001	0.00592	0.00683	0.00546	0.00364	0.00273	0.00091	0.00455	0.00228	0.00182	0.00546
108	0.00949	0.01035	0.02192	0.01611	0.01987	0.00972	0.66805	0.01277	0.00996	0.01346	0.01082	0.02910	0.00938	0.00490	0.00512	0.00150	0.00657	0.11910	0.00244	0.01935
109	0.00608	0.00456	0.00684	0.00684	0.00760	0.00532	0.00532	0.00760	0.00684	0.00988	0.01140	0.01672	0.01064	0.03191	0.83360	0.00684	0.01140	0.00456	0.00228	0.00380
110	0.00516	0.00427	0.00452	0.00455	0.00585	0.00363	0.00338	0.00632	0.00986	0.01211	0.13426	0.09903	0.67094	0.01072	0.00506	0.00145	0.00216	0.00906	0.00404	0.00363
111	0.01370	0.00995	0.01057	0.00882	0.01164	0.04011	0.00704	0.24522	0.41648	0.15490	0.01517	0.01408	0.02155	0.00552	0.00429	0.00136	0.00392	0.00443	0.00438	0.00685
112	0.01138	0.85302	0.02230	0.00728	0.01092	0.01684	0.00728	0.01274	0.00865	0.01001	0.00592	0.00683	0.00546	0.00364	0.00273	0.00091	0.00455	0.00228	0.00182	0.00546
113	0.00741	0.00594	0.00945	0.00925	0.01073	0.00588	0.11713	0.00991	0.03526	0.01302	0.02045	0.04196	0.02164	0.01044	0.00571	0.00187	0.00435	0.66164	0.00369	0.00426
114	0.01765	0.00839	0.01046	0.00810	0.01132	0.00808	0.00666	0.21783	0.04392	0.57215	0.03958	0.01399	0.01070	0.00535	0.00430	0.00131	0.00383	0.00429	0.00496	0.00712
115	0.00845	0.00800	0.01367	0.67239	0.14928	0.00948	0.03551	0.01124	0.00876	0.01146	0.00802	0.01210	0.00631	0.00434	0.00431	0.00141	0.00558	0.02267	0.00198	0.00504
116	0.01058	0.00914	0.00962	0.00866	0.01106	0.01058	0.00673	0.02261	0.81623	0.01780	0.01732	0.01588	0.01299	0.00577	0.00433	0.00144	0.00337	0.00481	0.00433	0.00673
117	0.01065	0.01015	0.01718	0.02578	0.80724	0.01017	0.01296	0.02945	0.00990	0.01417	0.00805	0.01052	0.00675	0.00382	0.00421	0.00126	0.00505	0.00379	0.00215	0.00675
118	0.88052	0.00823	0.00625	0.00560	0.00823	0.00955	0.00461	0.01251	0.00724	0.01909	0.00592	0.00691	0.00461	0.00395	0.00263	0.00132	0.00329	0.00230	0.00263	0.00461
119	0.00931	0.00931	0.01303	0.01117	0.01117	0.01303	0.00931	0.01024	0.00652	0.01024	0.00559	0.00931	0.00559	0.00745	0.01396	0.00186	0.84267	0.00372	0.00186	0.00465
120	0.00977	0.00804	0.00856	0.00773	0.00982	0.02692	0.00598	0.01842	0.55268	0.04947	0.18301	0.02042	0.06762	0.00662	0.00450	0.00141	0.00312	0.00559	0.00437	0.00597
121	0.04146	0.00759	0.00982	0.00759	0.01078	0.00692	0.00626	0.09668	0.01268	0.69509	0.01574	0.01392	0.01007	0.00520	0.00418	0.00130	0.00365	0.00417	0.03985	0.00704
122	0.27619	0.00904	0.01205	0.00915	0.01249	0.00897	0.17532	0.12041	0.01052	0.11052	0.02315	0.01017	0.00710	0.00453	0.01651	0.00128	0.00441	0.00348	0.00306	0.18162
123	0.00518	0.00370	0.00494	0.00592	0.00617	0.00346	0.00395	0.00592	0.00815	0.01086	0.02345	0.84768	0.02814	0.01333	0.00543	0.00173	0.00247	0.01210	0.00395	0.00346
124	0.01181	0.01262	0.00986	0.00914	0.01113	0.32849	0.00689	0.01785	0.37837	0.01384	0.01397	0.13271	0.01224	0.00663	0.01403	0.00141	0.00500	0.00506	0.00342	0.00553
125	0.04708	0.00973	0.01063	0.00837	0.01130	0.01049	0.00686	0.51841	0.02990	0.13911	0.01169	0.01177	0.00832	0.00563	0.02105	0.00136	0.00419	0.00389	0.13364	0.00657
126	0.88052	0.00823	0.00625	0.00560	0.00823	0.00955	0.00461	0.01251	0.00724	0.01909	0.00592	0.00691	0.00461	0.00395	0.00263	0.00132	0.00329	0.00230	0.00263	0.00461
127	0.02750	0.00569	0.00601	0.00541	0.00701	0.00587	0.00423	0.11601	0.06370	0.06959	0.02902	0.01701	0.05618	0.00552	0.00350	0.00113	0.00260	0.01654	0.55272	0.00478
128	0.00733	0.00372	0.00549	0.00549	0.00549	0.00372	0.00364	0.00558	0.00558	0.00744	0.00771	0.01373	0.00782	0.05963	0.01690	0.82940	0.00372	0.00383	0.00189	0.00189
129	0.01064	0.01135	0.01285	0.01110	0.01157	0.16111	0.00909	0.02854	0.00780	0.01063	0.00586	0.00903	0.00560	0.00684	0.01193	0.00171	0.67406	0.00355	0.00197	0.00476
130	0.00872	0.00744	0.00871	0.00628	0.00994	0.00564	0.00500	0.01057	0.00874	0.01369	0.00774	0.00932	0.00655	0.01937	0.01888	0.00081	0.00332	0.00263	0.00252	0.84413
131	0.00764	0.00641	0.00902	0.16459	0.06705	0.00725	0.02008	0.02601	0.07169	0.01172	0.08925	0.03292	0.05474	0.24589	0.08538	0.00270	0.08523	0.00539	0.00278	0.00425
132	0.01022	0.00921	0.01044	0.05359	0.11254	0.08867	0.03153	0.05271	0.31008	0.04189	0.10082	0.03152	0.11599	0.00625	0.00446	0.00137	0.00399	0.00531	0.00366	0.00573
133	0.00950	0.00906	0.01541	0.36175	0.49632	0.00984	0.01255	0.01216	0.00920	0.01265	0.00782	0.01087	0.00630	0.00398	0.00423	0.00133	0.00531	0.00379	0.00202	0.00591
134	0.02889	0.16370	0.63878	0.01123	0.01686	0.02938	0.02863	0.01341	0.00897	0.01294	0.00730	0.00858	0.00541	0.00397	0.00380	0.00127	0.00597	0.00300	0.00184	0.00607
135	0.00862	0.02138	0.78018	0.01248	0.01865	0.00993	0.06333	0.01348	0.00905	0.01348	0.00769	0.00913	0.00545	0.00402	0.00410	0.00135	0.00634	0.00326	0.00182	0.00626
136	0.00616	0.00423	0.00515	0.00515	0.00533	0.00440	0.00321	0.00651	0.00634	0.00863	0.01294	0.02527	0.01435	0.66089	0.20970	0.00475	0.00581	0.00581	0.00251	0.00286
137	0.00568	0.00397	0.00529	0.00615	0.00661	0.00372	0.00437	0.00665	0.00861	0.02575	0.04899	0.67304	0.05231	0.01275	0.00545	0.00173	0.00266	0.11867	0.00399	0.00361
138	0.01058	0.00914	0.00962	0.00866	0.01106	0.01058	0.00673	0.02261	0.81623	0.01780	0.01732	0.01588	0.01299	0.00577	0.00433	0.00144	0.00337	0.00481	0.00433	0.00673
139	0.01222	0.00733	0.00807	0.00682	0.00903	0.00773	0.00543	0.18896	0.17667	0.15994	0.01429	0.01439	0.01047	0.00521	0.00376	0.00120	0.00314	0.00416	0.35536	0.00582
140	0.01703	0.01056	0.01193	0.00914	0.01252	0.01117	0.00755	0.57973	0.01772	0.26004	0.01213	0.01146	0.00820	0.00515	0.00426	0.00129	0.00437	0.00396	0.00455	0.00724
141	0.00987	0.01120	0.17317	0.01205	0.01548	0.02524	0.29099	0.04640	0.01019	0.09628	0.01344	0.14943	0.01246	0.00653	0.00487	0.00151	0.00538	0.10708	0.00300	0.00545
142	0.01138	0.85302	0.02230	0.00728	0.01092	0.01684	0.00728	0.01274	0.00865	0.01001	0.00592	0.00683	0.00546	0.00364	0.00273	0.00091	0.00455	0.00228	0.00182	0.00546
143	0.45326	0.01005	0.00947	0.00767	0.01068	0.01135	0.00633	0.40659	0.01355	0.02291	0.00805	0.00855	0.00591	0.00452	0.00344	0.00130	0.00398	0.00306	0.00344	0.00591
144	0.01075	0.00922	0.00972	0.00869	0.01113	0.01066	0.00678	0.04649	0.79207	0.01807	0.01710	0.01570	0.01281	0.00575	0.00433	0.00144	0.00341	0.00478	0.00433	0.00675
145	0.00737	0.00411	0.00488	0.00507	0.00592	0.00392	0.00365	0.00888	0.00919	0.06314	0.11081	0.32402	0.02061	0.00849	0.00419	0.00132	0.00226	0.00741	0.40076	0.00398
146	0.00804	0.00756	0.01276	0.84023	0.02931	0.00945	0.01182	0.01087	0.00851	0.01087	0.00756	0.01134	0.00567	0.00425	0.00425	0.00142	0.00567	0.00378	0.00189	0.00473
147	0.00614	0.00491	0.00553	0.00569	0.00684	0.00472	0.00415	0.02554	0.11715	0.01273	0.07026	0.33065	0.35869	0.01083	0.00508	0.00154	0.00250	0.01897	0.00404	0.00406
148	0.00739	0.00370	0.00554	0.00554	0.00554	0.00370	0.00370	0.00554	0.00554	0.00739	0.00739	0.01293	0.00739	0.01478	0.01663	0.87620	0.00370	0.00370	0.00185	0.00185
149	0.00915	0.31294	0.04862	0.00844	0.04669	0.08043	0.04403	0.01075	0.00949	0.01165	0.09703	0.10645	0.14533	0.00671	0.00433	0.00125	0.02754	0.02158	0.00279	0.00480
150	0.11149	0.00537	0.00607	0.00600	0.00722	0.00545	0.00446	0.01002	0.10196	0.05228	0.17841	0.21092	0.10129	0.11090	0.00679	0.00183	0.00292	0.06857	0.00387	0.00420

[dist]
# distance from previous block
# <min> <max>
1	3

[block]
# block no. 3 follows, 62 sequences, length 48
# corresponding to MSA columns:
# 497-544
name=unknown_D
#
# <colnr> <probs for GDERKNQSTAVLIFYWHMCP>
#	G	D	E	R	K	N	Q	S	T	A	V	L	I	F	Y	W	H	M	C	P
0	0.17943	0.00936	0.01004	0.00815	0.03996	0.05473	0.03149	0.14858	0.01080	0.04585	0.00802	0.00897	0.00626	0.00382	0.00342	0.00097	0.00391	0.00290	0.00289	0.42044
1	0.00999	0.03998	0.03164	0.21013	0.48114	0.03611	0.02209	0.02748	0.03533	0.01312	0.00863	0.03260	0.00731	0.02118	0.00455	0.00136	0.00517	0.00400	0.00221	0.00599
2	0.06467	0.01367	0.21222	0.02278	0.08513	0.11364	0.17318	0.05144	0.01052	0.12219	0.03482	0.02776	0.00813	0.00458	0.00436	0.00132	0.01742	0.00402	0.02226	0.00589
3	0.00949	0.00985	0.01607	0.01287	0.01396	0.01246	0.21037	0.01109	0.00740	0.01109	0.00635	0.00985	0.00580	0.00648	0.01171	0.00175	0.63247	0.00405	0.00193	0.00493
4	0.00986	0.00932	0.01516	0.02211	0.65411	0.02310	0.01140	0.01197	0.00938	0.01323	0.02637	0.05365	0.03524	0.01913	0.00539	0.02983	0.03791	0.00447	0.00230	0.00608
5	0.05736	0.02817	0.02265	0.01045	0.03919	0.11516	0.09757	0.20715	0.12162	0.15150	0.02112	0.01189	0.00859	0.00652	0.05356	0.00164	0.03215	0.00400	0.00351	0.00619
6	0.00546	0.00411	0.00505	0.00527	0.00613	0.00370	0.00378	0.00677	0.01004	0.01337	0.32951	0.32128	0.24824	0.01089	0.00517	0.00150	0.00221	0.00959	0.00423	0.00370
7	0.00525	0.00436	0.00462	0.00466	0.00603	0.00373	0.00357	0.00648	0.00992	0.01208	0.11140	0.04064	0.69387	0.01066	0.00509	0.00147	0.00227	0.06625	0.00401	0.00365
8	0.01048	0.01005	0.01717	0.04437	0.80611	0.01010	0.01303	0.01301	0.00966	0.01383	0.00799	0.01055	0.00672	0.00380	0.00421	0.00127	0.00507	0.00379	0.00210	0.00669
9	0.00864	0.00561	0.00604	0.00547	0.00716	0.00560	0.00420	0.01264	0.17725	0.03591	0.06055	0.04063	0.02642	0.00546	0.00353	0.00110	0.00248	0.00450	0.47032	0.11650
10	0.00818	0.00772	0.01303	0.79153	0.07684	0.00949	0.01189	0.01100	0.00858	0.01105	0.00759	0.01130	0.00574	0.00423	0.00425	0.00141	0.00564	0.00378	0.00190	0.00485
11	0.03935	0.00840	0.01147	0.00874	0.01209	0.03034	0.07940	0.08516	0.01251	0.64378	0.01494	0.01348	0.00960	0.00504	0.00429	0.00132	0.00414	0.00422	0.00475	0.00697
12	0.01046	0.01076	0.02227	0.03417	0.08998	0.01022	0.62922	0.02425	0.02074	0.05687	0.00966	0.02764	0.00754	0.00410	0.00490	0.00143	0.00654	0.02099	0.00243	0.00584
13	0.30695	0.03236	0.01034	0.03214	0.01190	0.50396	0.00708	0.02738	0.01039	0.01359	0.00643	0.00754	0.00522	0.00423	0.00343	0.00118	0.00603	0.00263	0.00236	0.00486
14	0.88052	0.00823	0.00625	0.00560	0.00823	0.00955	0.00461	0.01251	0.00724	0.01909	0.00592	0.00691	0.00461	0.00395	0.00263	0.00132	0.00329	0.00230	0.00263	0.00461
15	0.00537	0.00388	0.00508	0.00572	0.00619	0.00359	0.00393	0.00641	0.00911	0.01230	0.20565	0.62301	0.06966	0.01215	0.00532	0.00163	0.00235	0.01094	0.00412	0.00359
16	0.01003	0.00959	0.01636	0.19099	0.66300	0.00998	0.01281	0.01262	0.00945	0.01329	0.00791	0.01070	0.00652	0.00388	0.00422	0.00129	0.00518	0.00379	0.00206	0.00633
17	0.01060	0.00848	0.00919	0.00822	0.01052	0.00957	0.00640	0.02084	0.67421	0.06888	0.10848	0.01759	0.01591	0.00607	0.00440	0.00142	0.00323	0.00510	0.00443	0.00646
18	0.01073	0.01027	0.00854	0.00756	0.00953	0.23597	0.00578	0.12827	0.04966	0.04126	0.16917	0.03511	0.20444	0.03178	0.00496	0.00136	0.00423	0.00568	0.00362	0.03208
19	0.01029	0.00752	0.00897	0.00648	0.01019	0.00576	0.00521	0.01214	0.00930	0.12987	0.00888	0.00963	0.00691	0.00345	0.00331	0.00073	0.00322	0.00277	0.00291	0.75244
20	0.03152	0.00965	0.01006	0.00880	0.01129	0.03120	0.00694	0.14311	0.60167	0.03286	0.01548	0.01498	0.01170	0.00613	0.01791	0.00151	0.01736	0.01705	0.00416	0.00660
21	0.01497	0.00879	0.01016	0.00828	0.01119	0.00919	0.00668	0.19205	0.29809	0.33271	0.01543	0.01411	0.01070	0.00540	0.00424	0.00134	0.00369	0.00436	0.04170	0.00692
22	0.00771	0.00401	0.00417	0.00413	0.00512	0.00397	0.00310	0.00969	0.00929	0.01600	0.10823	0.01772	0.01432	0.00539	0.00321	0.00103	0.00199	0.00440	0.77254	0.00397
23	0.08992	0.00985	0.00953	0.00805	0.01066	0.11325	0.00639	0.14690	0.22613	0.20942	0.01393	0.01338	0.02814	0.00524	0.00398	0.00129	0.00402	0.00406	0.08969	0.00618
24	0.00611	0.00444	0.00624	0.00624	0.00679	0.00499	0.00457	0.00721	0.00666	0.00943	0.01195	0.01976	0.01196	0.25609	0.61123	0.00610	0.00941	0.00501	0.00236	0.00346
25	0.03113	0.01464	0.01235	0.01014	0.01299	0.29923	0.00808	0.47968	0.03282	0.02029	0.00888	0.00936	0.00665	0.00492	0.00437	0.00124	0.03006	0.00344	0.00344	0.00630
26	0.00873	0.00822	0.01313	0.72842	0.03826	0.03901	0.03698	0.01144	0.00873	0.03125	0.00774	0.01123	0.00582	0.00435	0.00455	0.00142	0.03009	0.00379	0.00200	0.00485
27	0.01063	0.63476	0.23402	0.00855	0.01289	0.01501	0.00950	0.01293	0.00873	0.01092	0.00637	0.00739	0.00544	0.00375	0.00307	0.00102	0.00501	0.00250	0.00181	0.00568
28	0.71099	0.00803	0.00697	0.00598	0.00875	0.00890	0.00493	0.01413	0.00821	0.17806	0.00806	0.00840	0.00577	0.00421	0.00296	0.00132	0.00336	0.00269	0.00315	0.00513
29	0.01275	0.01301	0.01178	0.06019	0.11049	0.29288	0.00841	0.04454	0.31098	0.04812	0.01132	0.01170	0.00871	0.00498	0.00444	0.00130	0.03146	0.00383	0.00315	0.00597
30	0.00709	0.00495	0.00611	0.00613	0.00713	0.00485	0.00443	0.03253	0.09653	0.05643	0.26377	0.37940	0.06624	0.03712	0.00559	0.00161	0.00259	0.00900	0.00425	0.00426
31	0.00567	0.00445	0.00506	0.00493	0.00611	0.00401	0.00364	0.00740	0.03660	0.01367	0.34554	0.05939	0.41691	0.06055	0.00602	0.00157	0.00226	0.00826	0.00417	0.00380
32	0.04563	0.00739	0.00979	0.00755	0.01078	0.00658	0.00623	0.05028	0.01232	0.75496	0.03229	0.01443	0.01081	0.00529	0.00424	0.00132	0.00362	0.00427	0.00513	0.00709
33	0.02452	0.00519	0.00590	0.00533	0.00690	0.00507	0.00412	0.04861	0.03017	0.18198	0.04139	0.08904	0.01308	0.00589	0.00361	0.00116	0.00254	0.00486	0.51583	0.00482
34	0.66704	0.00798	0.00715	0.00609	0.00888	0.00873	0.00502	0.01455	0.00846	0.21927	0.00862	0.00879	0.00608	0.00428	0.00304	0.00132	0.00337	0.00279	0.00329	0.00526
35	0.00793	0.00397	0.00397	0.00397	0.00496	0.00397	0.00297	0.00991	0.00892	0.01586	0.01388	0.01586	0.01091	0.00496	0.00297	0.00099	0.00198	0.00397	0.87408	0.00397
36	0.02209	0.00595	0.00752	0.03635	0.00901	0.00582	0.02199	0.05481	0.06750	0.14107	0.17876	0.07064	0.16788	0.07036	0.05127	0.00190	0.00362	0.04918	0.00398	0.03029
37	0.01138	0.85302	0.02230	0.00728	0.01092	0.01684	0.00728	0.01274	0.00865	0.01001	0.00592	0.00683	0.00546	0.00364	0.00273	0.00091	0.00455	0.00228	0.00182	0.00546
38	0.88052	0.00823	0.00625	0.00560	0.00823	0.00955	0.00461	0.01251	0.00724	0.01909	0.00592	0.00691	0.00461	0.00395	0.00263	0.00132	0.00329	0.00230	0.00263	0.00461
39	0.01618	0.01192	0.01277	0.00979	0.01320	0.01320	0.00809	0.80973	0.02001	0.02682	0.01022	0.01022	0.00724	0.00511	0.00426	0.00128	0.00468	0.00383	0.00426	0.00724
40	0.00511	0.00420	0.00449	0.00466	0.00586	0.00359	0.00340	0.00617	0.00953	0.01165	0.07774	0.18861	0.63800	0.01114	0.00510	0.00149	0.00221	0.00949	0.00399	0.00359
41	0.00987	0.01120	0.02439	0.01750	0.02166	0.01050	0.77968	0.01335	0.00998	0.01353	0.00914	0.04140	0.00723	0.00394	0.00504	0.00145	0.00701	0.00527	0.00222	0.00566
42	0.00688	0.00513	0.00669	0.00736	0.00838	0.00522	0.00606	0.00977	0.10448	0.01308	0.05135	0.19735	0.05035	0.01121	0.00555	0.00181	0.00345	0.49770	0.00400	0.00415
43	0.00739	0.00370	0.00554	0.00554	0.00554	0.00370	0.00370	0.00554	0.00554	0.00739	0.00739	0.01293	0.00739	0.01478	0.01663	0.87620	0.00370	0.00370	0.00185	0.00185
44	0.01138	0.85302	0.02230	0.00728	0.01092	0.01684	0.00728	0.01274	0.00865	0.01001	0.00592	0.00683	0.00546	0.00364	0.00273	0.00091	0.00455	0.00228	0.00182	0.00546
45	0.00963	0.00920	0.01096	0.05121	0.01161	0.07270	0.02564	0.02827	0.22256	0.01265	0.01123	0.06419	0.01026	0.06294	0.02591	0.00189	0.33338	0.02785	0.00284	0.00506
46	0.00804	0.00756	0.01276	0.84023	0.02931	0.00945	0.01182	0.01087	0.00851	0.01087	0.00756	0.01134	0.00567	0.00425	0.00425	0.00142	0.00567	0.00378	0.00189	0.00473
47	0.01032	0.00990	0.01690	0.09381	0.75785	0.01006	0.01296	0.01288	0.00959	0.01365	0.00797	0.01060	0.00665	0.00383	0.00422	0.00128	0.00511	0.00379	0.00209	0.00657

[dist]
# distance from previous block
# <min> <max>
0	1

[block]
# block no. 4 follows, 62 sequences, length 15
# corresponding to MSA columns:
# 546-560
name=unknown_E
#
# <colnr> <probs for GDERKNQSTAVLIFYWHMCP>
#	G	D	E	R	K	N	Q	S	T	A	V	L	I	F	Y	W	H	M	C	P
0	0.01340	0.01239	0.01031	0.00933	0.01149	0.31884	0.00746	0.18580	0.01302	0.09402	0.01334	0.05307	0.01239	0.00698	0.00459	0.00142	0.00541	0.21795	0.00347	0.00532
1	0.00717	0.00506	0.00572	0.00544	0.00595	0.00529	0.00348	0.06681	0.05959	0.01046	0.01417	0.02532	0.03869	0.64573	0.08062	0.00387	0.00461	0.00588	0.00283	0.00331
2	0.00598	0.00435	0.00563	0.00531	0.00633	0.00400	0.00398	0.00795	0.01195	0.01683	0.78926	0.03217	0.07271	0.00879	0.00502	0.00134	0.00201	0.00775	0.00465	0.00400
3	0.01597	0.01739	0.01174	0.01037	0.01271	0.62936	0.00793	0.05303	0.03779	0.12443	0.00846	0.00904	0.00650	0.00468	0.00426	0.00117	0.03390	0.00310	0.00277	0.00540
4	0.01007	0.00823	0.00922	0.00739	0.01055	0.00784	0.00584	0.01636	0.36039	0.05393	0.01224	0.01216	0.00941	0.00439	0.00372	0.00102	0.00327	0.00360	0.00344	0.45693
5	0.01424	0.00931	0.01044	0.00856	0.01139	0.01002	0.00688	0.30011	0.29029	0.20860	0.01484	0.04836	0.01095	0.00571	0.00430	0.00135	0.00382	0.00462	0.02941	0.00681
6	0.00896	0.00697	0.00933	0.00917	0.05455	0.00778	0.02524	0.12584	0.03103	0.04956	0.01576	0.33062	0.01684	0.04901	0.00760	0.00176	0.17048	0.07133	0.00344	0.00473
7	0.00702	0.00535	0.00757	0.00685	0.00830	0.00508	0.10194	0.00930	0.05911	0.02851	0.08457	0.22532	0.20792	0.00881	0.00469	0.00143	0.00297	0.04070	0.18037	0.00420
8	0.00673	0.00571	0.00683	0.00660	0.00769	0.05652	0.04988	0.03322	0.01008	0.01322	0.21543	0.37383	0.15347	0.01021	0.00504	0.00150	0.00296	0.00907	0.02804	0.00397
9	0.00804	0.00756	0.01276	0.84023	0.02931	0.00945	0.01182	0.01087	0.00851	0.01087	0.00756	0.01134	0.00567	0.00425	0.00425	0.00142	0.00567	0.00378	0.00189	0.00473
10	0.19572	0.28389	0.06811	0.01088	0.12410	0.18847	0.02319	0.01401	0.03393	0.01309	0.00686	0.00804	0.00571	0.00398	0.00333	0.00114	0.00515	0.00278	0.00219	0.00544
11	0.04915	0.00717	0.00955	0.00738	0.01057	0.00629	0.00609	0.02009	0.01190	0.77141	0.01631	0.01426	0.01034	0.00521	0.00418	0.00131	0.00355	0.00420	0.03402	0.00704
12	0.00931	0.00931	0.01303	0.01117	0.01117	0.01303	0.00931	0.01024	0.00652	0.01024	0.00559	0.00931	0.00559	0.00745	0.01396	0.00186	0.84267	0.00372	0.00186	0.00465
13	0.05013	0.02509	0.06677	0.01341	0.05340	0.02303	0.35832	0.07172	0.10715	0.08718	0.02261	0.06766	0.00940	0.00496	0.00473	0.00141	0.01918	0.00496	0.00298	0.00592
