[name]
unknown

[dist]
# distance from previous block
# <min> <max>
0	109

[block]
# block no. 0 follows, 51 sequences, length 10
# corresponding to MSA columns:
# 143-152
name=unknown_A
#
# <colnr> <probs for GDERKNQSTAVLIFYWHMCP>
#	G	D	E	R	K	N	Q	S	T	A	V	L	I	F	Y	W	H	M	C	P
0	0.00617	0.00448	0.00594	0.00695	0.00741	0.00424	0.00484	0.00721	0.00958	0.01269	0.02769	0.67598	0.07879	0.01621	0.04878	0.00231	0.00350	0.06873	0.00446	0.00406
1	0.00813	0.00590	0.00798	0.03493	0.02466	0.00572	0.02493	0.05736	0.01210	0.04458	0.24373	0.33984	0.09224	0.01174	0.00592	0.00178	0.00332	0.06559	0.00470	0.00485
2	0.01464	0.03474	0.11545	0.01299	0.09192	0.05991	0.04428	0.32545	0.06538	0.05528	0.04020	0.01492	0.01068	0.08403	0.00680	0.00180	0.00570	0.00477	0.00387	0.00719
3	0.08658	0.04929	0.06000	0.01249	0.11652	0.01159	0.02576	0.08072	0.34010	0.04059	0.01551	0.01772	0.01237	0.00628	0.00477	0.00159	0.00460	0.06081	0.04561	0.00711
4	0.00696	0.00625	0.06466	0.00665	0.00750	0.00518	0.00495	0.00795	0.00853	0.01155	0.05126	0.22499	0.06568	0.40053	0.10242	0.00388	0.00516	0.00862	0.00345	0.00383
5	0.18352	0.01280	0.01277	0.08869	0.09522	0.14932	0.00904	0.18526	0.03662	0.05101	0.03851	0.01185	0.00879	0.00532	0.00470	0.00143	0.02744	0.00395	0.00346	0.07030
6	0.26200	0.04279	0.01299	0.06106	0.03797	0.16281	0.06500	0.09129	0.05975	0.03822	0.02817	0.02296	0.00859	0.00540	0.00472	0.00148	0.03924	0.00399	0.02905	0.02253
7	0.04700	0.03903	0.01311	0.04379	0.18146	0.03671	0.02242	0.09860	0.10487	0.06599	0.05304	0.01782	0.07675	0.02597	0.08214	0.00213	0.00558	0.00515	0.00364	0.07481
8	0.02533	0.07350	0.06932	0.09380	0.18612	0.05655	0.03901	0.08026	0.06096	0.01625	0.04970	0.10569	0.03873	0.00727	0.02191	0.00166	0.02401	0.00567	0.00322	0.04103
9	0.05468	0.02651	0.01388	0.04871	0.19682	0.13626	0.02613	0.07141	0.11290	0.04505	0.05371	0.03947	0.01191	0.04017	0.05643	0.00206	0.04915	0.00497	0.00335	0.00643

[dist]
# distance from previous block
# <min> <max>
20	110

[block]
# block no. 1 follows, 51 sequences, length 41
# corresponding to MSA columns:
# 309-349
name=unknown_B
#
# <colnr> <probs for GDERKNQSTAVLIFYWHMCP>
#	G	D	E	R	K	N	Q	S	T	A	V	L	I	F	Y	W	H	M	C	P
0	0.06380	0.16765	0.27093	0.01370	0.12054	0.06349	0.04484	0.05850	0.01164	0.03907	0.05603	0.01352	0.04532	0.00532	0.00449	0.00143	0.00594	0.00425	0.00282	0.00671
1	0.03288	0.22015	0.18319	0.01140	0.06678	0.05461	0.03019	0.07468	0.04862	0.05963	0.05932	0.02514	0.07754	0.00589	0.00448	0.00140	0.00536	0.00465	0.00321	0.03088
2	0.01235	0.23637	0.21972	0.01201	0.07600	0.10217	0.01105	0.03893	0.05177	0.03436	0.01109	0.01313	0.03673	0.02944	0.00510	0.00145	0.02060	0.01817	0.00273	0.06683
3	0.03080	0.08536	0.26419	0.01144	0.03734	0.04398	0.03313	0.13700	0.01288	0.03759	0.10433	0.07892	0.01429	0.00749	0.02774	0.00171	0.02123	0.02179	0.00338	0.02541
4	0.03043	0.16372	0.35798	0.03501	0.04201	0.03522	0.03481	0.01572	0.04758	0.07848	0.05517	0.02825	0.04395	0.00561	0.00458	0.00147	0.00587	0.00448	0.00294	0.00672
5	0.01297	0.25587	0.13035	0.01144	0.09473	0.04145	0.00965	0.03488	0.03429	0.13329	0.04006	0.06758	0.03927	0.00673	0.02386	0.00153	0.00529	0.00478	0.00333	0.04868
6	0.01227	0.06638	0.31844	0.06123	0.05432	0.04954	0.02158	0.06647	0.06642	0.08671	0.02148	0.01338	0.03837	0.00541	0.00500	0.00147	0.03134	0.00424	0.00308	0.07286
7	0.01147	0.06833	0.29273	0.01410	0.09326	0.02574	0.10077	0.05001	0.06654	0.05443	0.04434	0.01508	0.04971	0.02387	0.00581	0.00160	0.04313	0.00476	0.00301	0.03131
8	0.05335	0.07907	0.17613	0.02686	0.01414	0.05914	0.04278	0.01661	0.16753	0.08041	0.07842	0.04034	0.07064	0.03108	0.00551	0.00167	0.00508	0.04118	0.00374	0.00635
9	0.01314	0.10742	0.18323	0.05056	0.04741	0.04811	0.12000	0.04449	0.03565	0.14909	0.02951	0.02928	0.02282	0.02973	0.00577	0.00161	0.03160	0.01903	0.00331	0.02824
10	0.02994	0.13581	0.21231	0.09316	0.04126	0.06584	0.10215	0.05361	0.03420	0.03014	0.03685	0.06197	0.03452	0.00611	0.00529	0.01700	0.02575	0.00493	0.00285	0.00631
11	0.06760	0.17003	0.26219	0.01130	0.01579	0.15606	0.04735	0.03220	0.02577	0.08187	0.02817	0.03857	0.03182	0.00550	0.00444	0.00143	0.00625	0.00421	0.00293	0.00652
12	0.01107	0.31185	0.23647	0.03677	0.05203	0.04180	0.02786	0.01432	0.02994	0.01373	0.03221	0.03670	0.00971	0.00782	0.06804	0.00188	0.00645	0.02774	0.00252	0.03109
13	0.04755	0.19066	0.07623	0.00930	0.02973	0.02445	0.03103	0.03793	0.07470	0.14214	0.06185	0.11657	0.09381	0.00751	0.00477	0.00150	0.00446	0.01939	0.00392	0.02246
14	0.21920	0.10546	0.07854	0.00948	0.05101	0.07383	0.00769	0.03712	0.01073	0.04905	0.09507	0.16519	0.01591	0.03106	0.00545	0.00165	0.02854	0.00597	0.00347	0.00559
15	0.01186	0.11247	0.16714	0.01122	0.04618	0.12304	0.02372	0.05484	0.02595	0.03123	0.02461	0.03581	0.04885	0.03116	0.03792	0.00177	0.07215	0.01894	0.02056	0.10059
16	0.01142	0.04797	0.07793	0.01168	0.12052	0.02592	0.00857	0.11635	0.06765	0.07222	0.04214	0.16630	0.11776	0.00821	0.00534	0.00156	0.02129	0.00694	0.01860	0.05166
17	0.03349	0.13352	0.08883	0.07028	0.12204	0.15364	0.02331	0.07177	0.03884	0.01494	0.01233	0.08561	0.03533	0.00919	0.08401	0.00209	0.00672	0.00500	0.00292	0.00615
18	0.01397	0.65198	0.02386	0.00973	0.01368	0.15562	0.04492	0.01561	0.01074	0.01184	0.00711	0.00831	0.00636	0.00435	0.00350	0.00112	0.00602	0.00287	0.00219	0.00622
19	0.01132	0.00967	0.01195	0.03419	0.01351	0.00845	0.04316	0.10364	0.03709	0.01767	0.00945	0.01090	0.00762	0.00423	0.00438	0.00097	0.03043	0.00340	0.00315	0.63485
20	0.00713	0.00482	0.00564	0.00564	0.00573	0.00492	0.00333	0.00733	0.00723	0.00974	0.01523	0.03075	0.01725	0.74050	0.11097	0.00511	0.00569	0.00694	0.00294	0.00313
21	0.01264	0.01016	0.02878	0.03509	0.09945	0.04046	0.00846	0.22103	0.10025	0.06066	0.18935	0.05829	0.03482	0.00772	0.00527	0.00158	0.00447	0.05655	0.01836	0.00660
22	0.01067	0.03615	0.03929	0.06547	0.27143	0.02722	0.06693	0.01388	0.06394	0.05782	0.06798	0.13501	0.09292	0.00745	0.00521	0.00159	0.00488	0.00676	0.01911	0.00630
23	0.01065	0.01065	0.01543	0.08425	0.01513	0.01461	0.03353	0.01201	0.00785	0.01201	0.00676	0.01103	0.00649	0.00814	0.01483	0.00209	0.72262	0.00435	0.00216	0.00542
24	0.00657	0.00480	0.00581	0.00631	0.00688	0.00459	0.00420	0.00791	0.04170	0.01273	0.08031	0.43637	0.13169	0.21420	0.01074	0.00259	0.00328	0.01110	0.00425	0.00397
25	0.02718	0.08521	0.03980	0.12783	0.08829	0.08311	0.15273	0.05090	0.01130	0.06385	0.01141	0.03756	0.01951	0.05078	0.00660	0.00170	0.05901	0.00488	0.07228	0.00608
26	0.01036	0.06184	0.01136	0.05027	0.01170	0.12529	0.00755	0.03205	0.04598	0.01226	0.01128	0.01724	0.01074	0.15495	0.27581	0.00423	0.14454	0.00489	0.00271	0.00494
27	0.01250	0.47601	0.27657	0.01092	0.01599	0.08686	0.03171	0.01545	0.01050	0.01301	0.00763	0.00892	0.00631	0.00443	0.00383	0.00125	0.00631	0.00308	0.00214	0.00657
28	0.00611	0.00446	0.00574	0.00665	0.00717	0.00412	0.00457	0.00712	0.00988	0.01301	0.06582	0.64776	0.12645	0.02753	0.00651	0.00199	0.00288	0.04361	0.00458	0.00405
29	0.04716	0.15372	0.05486	0.01062	0.01429	0.03547	0.00931	0.40560	0.03275	0.02264	0.00987	0.01074	0.00759	0.00560	0.00560	0.00142	0.09116	0.00387	0.00371	0.07401
30	0.01336	0.25549	0.12060	0.00937	0.01356	0.03999	0.00889	0.08450	0.06634	0.10968	0.01191	0.05293	0.01875	0.00541	0.00419	0.00126	0.00497	0.00415	0.00336	0.17132
31	0.05050	0.13753	0.30485	0.02380	0.07642	0.09860	0.08010	0.08467	0.02143	0.04890	0.00928	0.01065	0.00700	0.00475	0.00449	0.00143	0.00656	0.00378	0.00271	0.02256
32	0.00877	0.09755	0.00939	0.00798	0.00922	0.05268	0.00615	0.03489	0.01062	0.03635	0.03483	0.46925	0.02537	0.01321	0.03123	0.00204	0.01288	0.12869	0.00415	0.00474
33	0.00703	0.00504	0.00669	0.00693	0.00772	0.00503	0.00502	0.00841	0.01027	0.03675	0.18929	0.36123	0.10240	0.04291	0.15103	0.00301	0.03242	0.01017	0.00431	0.00436
34	0.01148	0.10401	0.35511	0.02333	0.08434	0.09171	0.02943	0.05782	0.05714	0.01613	0.07165	0.03161	0.03395	0.00569	0.00472	0.00148	0.00618	0.00459	0.00288	0.00674
35	0.01512	0.05711	0.01288	0.01138	0.09859	0.03639	0.00819	0.22543	0.06381	0.19871	0.11775	0.07063	0.04811	0.00712	0.00504	0.00152	0.00450	0.00591	0.00470	0.00711
36	0.00629	0.00456	0.00594	0.00659	0.00723	0.00422	0.00461	0.00760	0.01080	0.01459	0.23730	0.53951	0.08688	0.01370	0.00612	0.00186	0.00272	0.03049	0.00479	0.00419
37	0.01456	0.01151	0.01429	0.01123	0.01459	0.03514	0.11938	0.39005	0.06476	0.05526	0.01896	0.01997	0.14169	0.00738	0.00571	0.02951	0.00523	0.02942	0.00439	0.00696
38	0.01654	0.04142	0.05928	0.01117	0.01458	0.22927	0.04303	0.19616	0.10780	0.14916	0.04586	0.02330	0.01098	0.00587	0.00479	0.00145	0.00597	0.00456	0.02173	0.00707
39	0.10707	0.01145	0.06192	0.06819	0.09367	0.05066	0.05724	0.11729	0.12697	0.07830	0.06242	0.05036	0.03843	0.02414	0.00528	0.00161	0.00504	0.00530	0.00382	0.03084
40	0.03016	0.01050	0.02624	0.04414	0.08123	0.03396	0.03303	0.09411	0.07996	0.01775	0.01043	0.02825	0.00852	0.00460	0.00421	0.00109	0.00452	0.00383	0.00323	0.48026

[dist]
# distance from previous block
# <min> <max>
2	5

[block]
# block no. 2 follows, 51 sequences, length 22
# corresponding to MSA columns:
# 355-362,364-377
name=unknown_C
#
# <colnr> <probs for GDERKNQSTAVLIFYWHMCP>
#	G	D	E	R	K	N	Q	S	T	A	V	L	I	F	Y	W	H	M	C	P
0	0.01186	0.02446	0.04246	0.04650	0.26556	0.03203	0.07079	0.06359	0.19534	0.03189	0.04899	0.05088	0.03705	0.00641	0.00542	0.00160	0.02766	0.02693	0.00358	0.00699
1	0.03141	0.05256	0.06716	0.01204	0.04360	0.01221	0.10215	0.21492	0.10460	0.03006	0.01708	0.01789	0.12769	0.00773	0.02866	0.00180	0.11261	0.00546	0.00370	0.00668
2	0.01319	0.01365	0.04351	0.08646	0.19012	0.16551	0.05692	0.09789	0.15498	0.01743	0.05667	0.01490	0.02746	0.00572	0.00512	0.00151	0.02098	0.00481	0.01637	0.00680
3	0.00829	0.00761	0.04779	0.02747	0.11024	0.00680	0.03322	0.04359	0.04396	0.01506	0.08031	0.25478	0.18058	0.06507	0.00692	0.00192	0.00391	0.03101	0.02631	0.00515
4	0.01397	0.04223	0.08011	0.01345	0.11044	0.16080	0.02987	0.13913	0.14804	0.05465	0.02170	0.04070	0.01920	0.02964	0.02938	0.00180	0.04968	0.00484	0.00356	0.00682
5	0.00843	0.00431	0.00632	0.00632	0.00632	0.00431	0.00417	0.00646	0.00646	0.00861	0.00906	0.01623	0.00924	0.07791	0.01964	0.79303	0.00431	0.00448	0.00220	0.00220
6	0.03589	0.00951	0.01133	0.02117	0.06390	0.00815	0.00703	0.10929	0.01185	0.01799	0.00952	0.01160	0.00789	0.00426	0.00396	0.00094	0.00408	0.02160	0.00316	0.63689
7	0.03381	0.01235	0.08936	0.05599	0.13348	0.08573	0.03850	0.08805	0.10900	0.07923	0.12769	0.01773	0.04367	0.00638	0.00541	0.00154	0.03748	0.00528	0.02266	0.00664
8	0.00608	0.00438	0.00578	0.00682	0.00723	0.00408	0.00465	0.00705	0.00969	0.01286	0.04973	0.73799	0.06694	0.01504	0.00626	0.00198	0.00288	0.04193	0.00458	0.00404
9	0.73886	0.02633	0.03780	0.03790	0.01115	0.02804	0.00642	0.01445	0.00862	0.02073	0.00699	0.00836	0.00548	0.00470	0.00359	0.00153	0.02789	0.00282	0.00292	0.00543
10	0.01468	0.05124	0.01607	0.12031	0.12747	0.36091	0.06091	0.06079	0.03247	0.01442	0.00890	0.01101	0.00722	0.00518	0.00532	0.00143	0.05727	0.00390	0.03433	0.00619
11	0.03847	0.00475	0.00582	0.00650	0.00724	0.00445	0.00456	0.00759	0.01017	0.01381	0.11506	0.51711	0.15740	0.04143	0.00668	0.00198	0.00291	0.04539	0.00454	0.00413
12	0.00957	0.00768	0.01020	0.04985	0.08492	0.00804	0.02444	0.08510	0.09068	0.03230	0.15037	0.08765	0.15340	0.03357	0.05596	0.00216	0.03482	0.06950	0.00419	0.00559
13	0.00783	0.00516	0.00598	0.00578	0.00702	0.00486	0.00425	0.02296	0.01137	0.04254	0.23812	0.05551	0.22706	0.11457	0.04215	0.00220	0.00331	0.02311	0.17176	0.00445
14	0.01068	0.03235	0.24536	0.04158	0.01907	0.03022	0.23673	0.04475	0.08457	0.01596	0.03882	0.08013	0.01133	0.00743	0.04130	0.00192	0.04278	0.00560	0.00294	0.00648
15	0.00712	0.00611	0.00713	0.00729	0.04493	0.00560	0.02653	0.03528	0.05933	0.01447	0.04169	0.10800	0.59564	0.01151	0.00572	0.00167	0.00303	0.00977	0.00444	0.00474
16	0.01030	0.00874	0.01019	0.00735	0.01160	0.00671	0.00587	0.03172	0.01064	0.01651	0.03437	0.01109	0.00858	0.00391	0.00374	0.00077	0.00364	0.00314	0.00304	0.80808
17	0.01199	0.05523	0.08693	0.11676	0.38626	0.02625	0.11953	0.03762	0.03387	0.03647	0.03528	0.01308	0.00895	0.00478	0.00492	0.00150	0.00618	0.00459	0.00270	0.00712
18	0.02675	0.04887	0.00946	0.00742	0.00979	0.03692	0.03182	0.04857	0.05295	0.05196	0.09117	0.09647	0.09834	0.06098	0.00594	0.00156	0.00373	0.00624	0.14461	0.16644
19	0.03386	0.10305	0.09365	0.05213	0.09648	0.13182	0.00944	0.05232	0.05469	0.07627	0.06209	0.06596	0.03899	0.00691	0.02405	0.00156	0.00556	0.00498	0.00337	0.08282
20	0.03415	0.10923	0.17105	0.02169	0.07759	0.08571	0.05537	0.09502	0.06054	0.03905	0.06124	0.08829	0.03131	0.00641	0.00476	0.00148	0.00552	0.00533	0.02801	0.01824
21	0.04164	0.10505	0.15874	0.04032	0.11944	0.15955	0.01063	0.03745	0.07065	0.04066	0.06028	0.02705	0.03240	0.00618	0.01878	0.00152	0.00595	0.00445	0.02510	0.03416

[dist]
# distance from previous block
# <min> <max>
1	15

[block]
# block no. 3 follows, 51 sequences, length 11
# corresponding to MSA columns:
# 393-403
name=unknown_D
#
# <colnr> <probs for GDERKNQSTAVLIFYWHMCP>
#	G	D	E	R	K	N	Q	S	T	A	V	L	I	F	Y	W	H	M	C	P
0	0.01356	0.11796	0.22673	0.02936	0.10719	0.16511	0.07319	0.09249	0.04800	0.03718	0.00963	0.01106	0.00742	0.00530	0.01595	0.00151	0.00681	0.00390	0.00279	0.02486
1	0.01158	0.01182	0.06186	0.01871	0.33389	0.04052	0.07499	0.05517	0.11064	0.01704	0.04273	0.04528	0.05592	0.00577	0.00495	0.00146	0.00531	0.00527	0.00323	0.09387
2	0.01162	0.16491	0.06231	0.04444	0.07573	0.05369	0.10924	0.03769	0.08639	0.05245	0.07043	0.01879	0.12602	0.00640	0.00511	0.00146	0.02704	0.00540	0.00337	0.03750
3	0.00784	0.00559	0.00726	0.00709	0.00774	0.00624	0.00513	0.03685	0.00855	0.01234	0.01477	0.08095	0.01507	0.27899	0.34549	0.00523	0.05449	0.00634	0.08991	0.00414
4	0.01741	0.00871	0.01117	0.00960	0.05350	0.00809	0.00730	0.09763	0.06322	0.46473	0.05759	0.02012	0.10097	0.00679	0.00501	0.00150	0.00407	0.00559	0.00533	0.05168
5	0.01238	0.13292	0.10551	0.03813	0.08821	0.06014	0.06651	0.10629	0.03023	0.04217	0.01192	0.07004	0.03040	0.00557	0.00452	0.00132	0.00540	0.00466	0.00313	0.18053
6	0.02140	0.01087	0.13393	0.00941	0.03556	0.00827	0.00828	0.06087	0.04704	0.03313	0.03595	0.07513	0.05282	0.00750	0.03578	0.00156	0.04724	0.01737	0.05611	0.30179
7	0.44978	0.01085	0.01095	0.05570	0.05450	0.07680	0.04674	0.06956	0.01062	0.03936	0.02536	0.01218	0.04445	0.00624	0.02518	0.00171	0.04723	0.00387	0.00316	0.00577
8	0.05481	0.05558	0.07197	0.01433	0.18536	0.01172	0.02382	0.15716	0.16399	0.05024	0.01245	0.01314	0.02058	0.00519	0.00455	0.00139	0.00494	0.00429	0.00362	0.14088
9	0.00826	0.00727	0.04946	0.00715	0.02517	0.00587	0.00567	0.04312	0.02512	0.03560	0.21732	0.06915	0.29673	0.03225	0.00584	0.00157	0.00321	0.00791	0.02317	0.13018
10	0.01136	0.00922	0.01119	0.00924	0.05682	0.00798	0.00690	0.05125	0.05130	0.05836	0.01113	0.01225	0.03074	0.00460	0.00464	0.00100	0.04710	0.00360	0.00327	0.60806

[dist]
# distance from previous block
# <min> <max>
0	13

[block]
# block no. 4 follows, 51 sequences, length 14
# corresponding to MSA columns:
# 417-430
name=unknown_E
#
# <colnr> <probs for GDERKNQSTAVLIFYWHMCP>
#	G	D	E	R	K	N	Q	S	T	A	V	L	I	F	Y	W	H	M	C	P
0	0.00758	0.00525	0.00715	0.00775	0.04026	0.00497	0.00511	0.00824	0.02504	0.01234	0.05792	0.37382	0.02165	0.05293	0.04663	0.22064	0.00397	0.00887	0.00358	0.08630
1	0.01387	0.09125	0.20443	0.01514	0.09954	0.17055	0.11331	0.08322	0.02315	0.05952	0.00940	0.01104	0.00724	0.00514	0.00562	0.00150	0.07242	0.00404	0.00278	0.00685
2	0.01422	0.08670	0.10855	0.01752	0.24566	0.06294	0.08674	0.12680	0.09211	0.09385	0.01139	0.01249	0.00859	0.00503	0.00478	0.00147	0.00596	0.00438	0.00334	0.00749
3	0.00630	0.00455	0.00585	0.00673	0.00730	0.00424	0.00473	0.00741	0.00997	0.01322	0.06560	0.58555	0.11832	0.03637	0.00670	0.00202	0.00299	0.08622	0.02187	0.00408
4	0.11974	0.03887	0.05317	0.00928	0.02491	0.07402	0.00737	0.04323	0.00906	0.01352	0.01063	0.01755	0.01052	0.23840	0.14691	0.00357	0.16680	0.00486	0.00272	0.00487
5	0.00623	0.00490	0.00562	0.00563	0.00694	0.00430	0.00415	0.00779	0.01191	0.01540	0.30407	0.14275	0.43883	0.01199	0.00586	0.00166	0.00248	0.01032	0.00486	0.00430
6	0.01186	0.01164	0.02069	0.09229	0.63584	0.01171	0.11330	0.01496	0.01113	0.01573	0.00929	0.01238	0.00764	0.00439	0.00499	0.00150	0.00621	0.00456	0.00242	0.00745
7	0.01419	0.02869	0.04780	0.01085	0.04620	0.02110	0.03119	0.25301	0.14792	0.08911	0.05926	0.01591	0.01234	0.00591	0.00478	0.00140	0.00472	0.03135	0.00427	0.17001
8	0.01321	0.01192	0.02195	0.06293	0.05256	0.01175	0.44042	0.15056	0.01348	0.08118	0.01188	0.02850	0.00936	0.03935	0.00632	0.00176	0.00691	0.02586	0.00329	0.00680
9	0.00606	0.00496	0.00538	0.00566	0.00697	0.00437	0.00409	0.00761	0.03571	0.01331	0.04253	0.26185	0.55811	0.01308	0.00591	0.00175	0.00263	0.01121	0.00458	0.00422
10	0.01216	0.00900	0.01446	0.02718	0.03077	0.00918	0.18984	0.05033	0.02952	0.16441	0.01897	0.12137	0.10944	0.00810	0.00716	0.02007	0.11520	0.00681	0.04999	0.00605
11	0.14394	0.12896	0.04701	0.14007	0.05376	0.19785	0.00942	0.02655	0.01137	0.11596	0.00946	0.01086	0.00724	0.00559	0.02282	0.00151	0.00615	0.00356	0.00298	0.05493
12	0.01619	0.01968	0.01489	0.07935	0.08156	0.57447	0.03018	0.01814	0.03320	0.01271	0.00812	0.00999	0.00674	0.00529	0.00546	0.00140	0.07061	0.00358	0.00253	0.00591
13	0.00730	0.00495	0.00594	0.00612	0.00723	0.00442	0.00434	0.00849	0.01076	0.07048	0.12995	0.32931	0.29995	0.07850	0.00746	0.00201	0.00291	0.01086	0.00465	0.00436

[dist]
# distance from previous block
# <min> <max>
1	17

[block]
# block no. 5 follows, 51 sequences, length 60
# corresponding to MSA columns:
# 448-507
name=unknown_F
#
# <colnr> <probs for GDERKNQSTAVLIFYWHMCP>
#	G	D	E	R	K	N	Q	S	T	A	V	L	I	F	Y	W	H	M	C	P
0	0.04456	0.02651	0.14680	0.01222	0.09974	0.02085	0.00993	0.18629	0.06453	0.04237	0.04715	0.13414	0.02305	0.00729	0.00542	0.00158	0.03806	0.02193	0.01746	0.05011
1	0.03696	0.01051	0.09184	0.00836	0.01190	0.04134	0.00730	0.06489	0.05115	0.05303	0.09315	0.06556	0.07304	0.01522	0.00479	0.00129	0.00416	0.01819	0.00370	0.34361
2	0.00637	0.00454	0.00569	0.00646	0.00685	0.00429	0.00432	0.00714	0.00914	0.01202	0.02622	0.51775	0.09567	0.21046	0.01077	0.00265	0.00338	0.05830	0.00418	0.00379
3	0.01342	0.05767	0.01253	0.01025	0.01321	0.07452	0.00811	0.10356	0.60473	0.02048	0.01745	0.01634	0.01315	0.00633	0.00484	0.00158	0.00451	0.00509	0.00464	0.00760
4	0.06129	0.11056	0.05021	0.01008	0.03541	0.04691	0.04604	0.14735	0.01302	0.10962	0.01020	0.01098	0.00774	0.00459	0.00414	0.00116	0.00490	0.00359	0.00345	0.31875
5	0.00628	0.00451	0.00575	0.00664	0.00699	0.00428	0.00438	0.00731	0.02619	0.01233	0.02621	0.66823	0.05920	0.12642	0.00880	0.00236	0.00312	0.01271	0.00435	0.00394
6	0.01160	0.01326	0.02900	0.02071	0.02568	0.01243	0.77879	0.01574	0.01160	0.01574	0.00994	0.01326	0.00746	0.00414	0.00580	0.00166	0.00829	0.00580	0.00249	0.00663
7	0.03869	0.01135	0.01486	0.13628	0.24292	0.07485	0.02530	0.14276	0.04336	0.12810	0.01280	0.07066	0.01051	0.00604	0.00496	0.00155	0.00556	0.01878	0.00363	0.00703
8	0.01029	0.07001	0.71958	0.01383	0.02075	0.03114	0.03694	0.01562	0.01047	0.01526	0.00871	0.01027	0.00626	0.00464	0.00461	0.00152	0.00722	0.00362	0.00210	0.00716
9	0.00652	0.00481	0.00587	0.00653	0.00730	0.00455	0.00454	0.00834	0.05352	0.01385	0.07665	0.55022	0.16877	0.01356	0.00594	0.00185	0.00278	0.01206	0.04803	0.00430
10	0.00694	0.00469	0.00546	0.00564	0.00573	0.00463	0.00331	0.00718	0.00779	0.01043	0.04748	0.16531	0.02142	0.65942	0.02112	0.00418	0.00435	0.00836	0.00334	0.00321
11	0.02737	0.01232	0.01423	0.03321	0.01529	0.03244	0.05539	0.43165	0.16927	0.09086	0.01366	0.01373	0.00989	0.00674	0.02577	0.00170	0.02050	0.00474	0.01348	0.00776
12	0.00613	0.00488	0.00549	0.00557	0.00689	0.00425	0.00409	0.00759	0.01162	0.01480	0.23568	0.16281	0.48829	0.01228	0.00588	0.00168	0.00250	0.01054	0.00478	0.00425
13	0.00804	0.00533	0.00637	0.00639	0.00779	0.00480	0.00473	0.00972	0.03240	0.09812	0.12076	0.26197	0.32882	0.03730	0.00646	0.00185	0.00296	0.04671	0.00478	0.00469
14	0.01847	0.02129	0.01399	0.01266	0.03160	0.66178	0.00947	0.09891	0.01483	0.05986	0.00875	0.00969	0.00691	0.00520	0.00452	0.00131	0.00817	0.00343	0.00298	0.00617
15	0.03211	0.03614	0.01383	0.03134	0.01496	0.52786	0.02042	0.05144	0.08545	0.05803	0.02696	0.01117	0.00844	0.00559	0.00525	0.00140	0.05662	0.00378	0.00309	0.00612
16	0.00702	0.00527	0.00790	0.00790	0.00878	0.00614	0.00614	0.00878	0.00790	0.01141	0.01316	0.01931	0.01229	0.03686	0.80782	0.00790	0.01316	0.00527	0.00263	0.00439
17	0.01188	0.01329	0.02571	0.02069	0.12145	0.06031	0.58257	0.01551	0.01142	0.01527	0.00973	0.01301	0.00758	0.00561	0.03652	0.00186	0.03312	0.00539	0.00248	0.00659
18	0.01334	0.79946	0.02530	0.00857	0.01271	0.04952	0.00845	0.01490	0.01014	0.01158	0.00686	0.00792	0.00631	0.00424	0.00320	0.00106	0.00539	0.00265	0.00212	0.00628
19	0.00627	0.00449	0.00572	0.00642	0.00686	0.00420	0.00428	0.00722	0.00978	0.01309	0.12730	0.55419	0.08116	0.13427	0.00894	0.00232	0.00304	0.01207	0.00444	0.00394
20	0.00740	0.00557	0.00803	0.00797	0.00876	0.00654	0.00620	0.00908	0.00823	0.01211	0.01419	0.08456	0.01374	0.03019	0.60768	0.00637	0.07433	0.01758	0.06704	0.00445
21	0.00726	0.00550	0.00783	0.00768	0.00837	0.00637	0.00580	0.00871	0.00808	0.01158	0.05676	0.02193	0.01478	0.16697	0.58307	0.00667	0.05988	0.00573	0.00282	0.00422
22	0.01092	0.00919	0.01020	0.00782	0.01163	0.01970	0.00620	0.04284	0.15393	0.01749	0.01140	0.01228	0.00909	0.00444	0.00393	0.00096	0.00374	0.00357	0.06156	0.59909
23	0.10077	0.01881	0.40288	0.01327	0.01816	0.07258	0.10523	0.03294	0.01048	0.02784	0.00891	0.01108	0.00683	0.00709	0.05566	0.00200	0.09254	0.00396	0.00243	0.00653
24	0.00891	0.00866	0.04540	0.62825	0.02820	0.00971	0.01206	0.01202	0.01025	0.01363	0.08747	0.05585	0.01201	0.00597	0.00500	0.00162	0.00580	0.00527	0.03859	0.00534
25	0.01461	0.04902	0.01399	0.01143	0.01448	0.21699	0.05512	0.11814	0.41327	0.01901	0.01462	0.01433	0.01112	0.00590	0.00481	0.00151	0.00568	0.00469	0.00408	0.00719
26	0.00797	0.00642	0.00927	0.00920	0.05607	0.00675	0.06722	0.00880	0.00833	0.01142	0.02922	0.17755	0.01846	0.45562	0.01741	0.00345	0.09175	0.00789	0.00316	0.00404
27	0.03595	0.26478	0.12404	0.01177	0.03934	0.08304	0.06327	0.16998	0.08715	0.03763	0.01048	0.01129	0.01639	0.00514	0.00452	0.00138	0.01978	0.00389	0.00316	0.00699
28	0.01750	0.02194	0.01404	0.01352	0.06223	0.72556	0.00969	0.01889	0.01351	0.01224	0.00793	0.00950	0.00667	0.00636	0.03836	0.00156	0.00886	0.00333	0.00253	0.00577
29	0.17044	0.01161	0.10583	0.00933	0.01295	0.03999	0.00841	0.10637	0.01299	0.33442	0.01595	0.03991	0.05726	0.00637	0.00519	0.00156	0.04513	0.00482	0.00444	0.00704
30	0.01199	0.29845	0.44298	0.01202	0.02740	0.04403	0.01382	0.05708	0.01113	0.02726	0.00843	0.00967	0.00649	0.00461	0.00416	0.00137	0.00647	0.00335	0.00232	0.00696
31	0.01139	0.09722	0.42970	0.05961	0.02169	0.01229	0.20944	0.03363	0.01110	0.05441	0.00950	0.01137	0.00691	0.00460	0.00484	0.00153	0.00709	0.00421	0.00245	0.00699
32	0.00608	0.00487	0.00534	0.00545	0.00674	0.00423	0.00395	0.00735	0.01110	0.01389	0.15197	0.16158	0.52870	0.05805	0.00695	0.00187	0.00265	0.01052	0.00460	0.00413
33	0.00935	0.00886	0.01521	0.76331	0.03297	0.01087	0.04677	0.01264	0.00994	0.01274	0.00917	0.01403	0.00707	0.00507	0.00499	0.00165	0.00658	0.02104	0.00225	0.00549
34	0.00741	0.00559	0.00775	0.00747	0.00818	0.00572	0.05246	0.00895	0.04701	0.01166	0.01788	0.21025	0.01966	0.37598	0.16712	0.00431	0.00609	0.02915	0.00339	0.00399
35	0.00958	0.00631	0.00768	0.00705	0.00878	0.00616	0.00547	0.04234	0.10120	0.09705	0.42470	0.05204	0.09893	0.00939	0.00551	0.00159	0.00295	0.05116	0.05667	0.00544
36	0.00702	0.00527	0.00790	0.00790	0.00878	0.00614	0.00614	0.00878	0.00790	0.01141	0.01316	0.01931	0.01229	0.03686	0.80782	0.00790	0.01316	0.00527	0.00263	0.00439
37	0.00990	0.00566	0.00583	0.00551	0.00696	0.00587	0.00421	0.05914	0.07669	0.01933	0.04894	0.01870	0.01397	0.00600	0.00376	0.00123	0.00261	0.00483	0.69577	0.00508
38	0.00710	0.00481	0.00607	0.00673	0.00753	0.00444	0.00467	0.00844	0.03125	0.06056	0.03028	0.62147	0.16004	0.01409	0.00608	0.00190	0.00290	0.01258	0.00467	0.00439
39	0.01075	0.01075	0.01505	0.01290	0.01290	0.01505	0.01075	0.01183	0.00753	0.01183	0.00645	0.01075	0.00645	0.00860	0.01613	0.00215	0.81830	0.00430	0.00215	0.00538
40	0.01744	0.00810	0.01034	0.00835	0.01150	0.00751	0.00675	0.04675	0.10778	0.51211	0.13196	0.02178	0.07289	0.00717	0.00513	0.00155	0.00380	0.00595	0.00571	0.00746
41	0.00665	0.00483	0.00593	0.00616	0.00719	0.00436	0.00444	0.00811	0.01146	0.03132	0.28417	0.30438	0.24661	0.03058	0.00638	0.00181	0.00268	0.02379	0.00484	0.00432
42	0.01816	0.05456	0.01438	0.01250	0.01509	0.77715	0.00945	0.01943	0.01377	0.01201	0.00757	0.00882	0.00633	0.00503	0.00438	0.00126	0.00872	0.00314	0.00252	0.00572
43	0.01062	0.01056	0.01480	0.01273	0.01276	0.01474	0.01059	0.01172	0.00754	0.01181	0.00668	0.01105	0.00665	0.00958	0.04366	0.00235	0.79030	0.00433	0.00217	0.00534
44	0.00759	0.00529	0.00651	0.00648	0.00792	0.00478	0.00508	0.00943	0.01229	0.06240	0.31276	0.07887	0.29963	0.01154	0.00596	0.00174	0.00292	0.14921	0.00495	0.00464
45	0.00614	0.00443	0.00573	0.00671	0.00713	0.00414	0.00456	0.00704	0.00951	0.01253	0.02818	0.67292	0.09399	0.06544	0.00742	0.00215	0.00302	0.05051	0.00446	0.00397
46	0.01216	0.01168	0.01995	0.03016	0.79664	0.01168	0.01508	0.01508	0.01119	0.01605	0.00924	0.01216	0.00778	0.00438	0.00487	0.00146	0.00584	0.00438	0.00243	0.00778
47	0.01353	0.01117	0.01145	0.01003	0.01291	0.05147	0.00786	0.10487	0.59081	0.06473	0.05271	0.01789	0.01509	0.00662	0.00500	0.00161	0.00424	0.00543	0.00495	0.00763
48	0.00930	0.00862	0.01410	0.72916	0.03129	0.01063	0.01284	0.01306	0.04977	0.01336	0.05317	0.01469	0.00921	0.00529	0.00497	0.00163	0.00618	0.00468	0.00251	0.00553
49	0.01438	0.01135	0.01193	0.02399	0.01333	0.10868	0.03747	0.15315	0.26355	0.13404	0.01762	0.15818	0.01501	0.00767	0.00516	0.00162	0.00484	0.00645	0.00462	0.00695
50	0.01093	0.01059	0.04946	0.08052	0.53313	0.01015	0.01274	0.01399	0.02703	0.01601	0.05022	0.06955	0.01179	0.00563	0.00489	0.00150	0.00523	0.00527	0.07449	0.00691
51	0.00636	0.00503	0.00574	0.00566	0.00710	0.00442	0.00431	0.00806	0.01223	0.01578	0.32883	0.04376	0.46996	0.01161	0.00586	0.00165	0.00254	0.05188	0.00488	0.00435
52	0.00687	0.00537	0.00750	0.00777	0.00874	0.00512	0.04825	0.00886	0.04894	0.01392	0.07931	0.51305	0.11656	0.01344	0.00616	0.00192	0.00332	0.09593	0.00452	0.00445
53	0.01037	0.00984	0.01454	0.06877	0.09442	0.01260	0.03999	0.02496	0.00879	0.01316	0.00954	0.08029	0.00934	0.00900	0.03652	0.00213	0.50015	0.00523	0.04483	0.00554
54	0.01212	0.01303	0.01485	0.01286	0.01331	0.15763	0.01053	0.01323	0.00868	0.01186	0.00666	0.01041	0.00643	0.00796	0.01402	0.00199	0.67268	0.00410	0.00222	0.00543
55	0.01782	0.02172	0.01372	0.01234	0.01498	0.69174	0.00933	0.06220	0.08456	0.01385	0.00895	0.00988	0.00723	0.00526	0.00451	0.00131	0.00822	0.00345	0.00289	0.00603
56	0.03926	0.01072	0.06607	0.05128	0.07992	0.03648	0.00908	0.15127	0.01437	0.31704	0.06933	0.05929	0.01443	0.00688	0.00508	0.00158	0.00484	0.05122	0.00468	0.00721
57	0.01140	0.01085	0.01842	0.15260	0.63734	0.01117	0.01433	0.01427	0.01089	0.01533	0.01005	0.05267	0.00882	0.00501	0.00494	0.00151	0.00580	0.00485	0.00250	0.00723
58	0.00615	0.00456	0.00568	0.00641	0.00707	0.00418	0.00444	0.00721	0.01008	0.01313	0.08391	0.52834	0.20012	0.05467	0.00709	0.00204	0.00290	0.04345	0.00454	0.00404
59	0.01585	0.01362	0.13462	0.01244	0.01676	0.02777	0.14720	0.25104	0.04326	0.21031	0.03036	0.02894	0.01916	0.00629	0.01801	0.00165	0.00590	0.00504	0.00425	0.00754

[dist]
# distance from previous block
# <min> <max>
2	31

[block]
# block no. 6 follows, 51 sequences, length 39
# corresponding to MSA columns:
# 539-577
name=unknown_G
#
# <colnr> <probs for GDERKNQSTAVLIFYWHMCP>
#	G	D	E	R	K	N	Q	S	T	A	V	L	I	F	Y	W	H	M	C	P
0	0.00738	0.00577	0.00696	0.00691	0.03081	0.00542	0.00497	0.03668	0.04137	0.01698	0.37236	0.06941	0.28529	0.03121	0.03689	0.00190	0.00317	0.00886	0.00476	0.02290
1	0.04367	0.07402	0.01154	0.00766	0.01179	0.00829	0.00628	0.05207	0.02718	0.06486	0.02909	0.01123	0.00861	0.00420	0.00380	0.00091	0.00387	0.00328	0.00325	0.62437
2	0.01180	0.48375	0.25768	0.01056	0.01541	0.03891	0.03855	0.01466	0.01024	0.01299	0.00883	0.05995	0.00796	0.00507	0.00394	0.00129	0.00592	0.00377	0.00227	0.00644
3	0.01073	0.10619	0.54697	0.01232	0.01829	0.01171	0.02860	0.05793	0.02900	0.03620	0.03250	0.01389	0.06374	0.00545	0.00467	0.00151	0.00634	0.00430	0.00268	0.00696
4	0.00715	0.00506	0.00685	0.00685	0.00742	0.00558	0.00489	0.00829	0.00772	0.01099	0.01411	0.02392	0.01432	0.32185	0.49407	0.00651	0.00971	0.00592	0.03490	0.00388
5	0.00938	0.00883	0.01492	0.78873	0.05983	0.01094	0.01370	0.01264	0.00987	0.01268	0.00875	0.01307	0.00659	0.00489	0.00491	0.00163	0.00653	0.00437	0.00219	0.00554
6	0.01314	0.83025	0.02575	0.00841	0.01261	0.01945	0.00841	0.01472	0.00999	0.01156	0.00683	0.00788	0.00631	0.00420	0.00315	0.00105	0.00526	0.00263	0.00210	0.00631
7	0.01142	0.01286	0.02758	0.01992	0.02453	0.01228	0.71562	0.01536	0.01141	0.01553	0.01041	0.01476	0.00821	0.00470	0.00629	0.00170	0.04361	0.03478	0.00255	0.00649
8	0.86201	0.00950	0.00722	0.00646	0.00950	0.01102	0.00532	0.01445	0.00836	0.02205	0.00684	0.00798	0.00532	0.00456	0.00304	0.00152	0.00380	0.00266	0.00304	0.00532
9	0.00610	0.00433	0.00569	0.00671	0.00699	0.00407	0.00443	0.00691	0.00931	0.01243	0.03980	0.74584	0.03156	0.08115	0.00778	0.00221	0.00300	0.01333	0.00445	0.00392
10	0.00896	0.00595	0.00805	0.00829	0.06746	0.00553	0.00571	0.01133	0.02473	0.10150	0.56389	0.04607	0.08189	0.02152	0.00593	0.00161	0.00289	0.01830	0.00514	0.00525
11	0.00928	0.00873	0.01474	0.81548	0.03385	0.01092	0.01365	0.01256	0.00983	0.01256	0.00873	0.01310	0.00655	0.00491	0.00491	0.00164	0.00655	0.00437	0.00218	0.00546
12	0.01002	0.00850	0.01002	0.00741	0.01154	0.00648	0.00598	0.01221	0.01027	0.01591	0.01004	0.01360	0.00886	0.00439	0.00388	0.00084	0.00371	0.06027	0.00303	0.79302
13	0.01207	0.01159	0.01979	0.05427	0.77322	0.01165	0.01504	0.01500	0.01115	0.01595	0.00923	0.01219	0.00775	0.00440	0.00487	0.00147	0.00586	0.00438	0.00242	0.00771
14	0.00681	0.00502	0.00637	0.00604	0.00726	0.00458	0.00453	0.00900	0.01358	0.01892	0.70302	0.03800	0.13789	0.01034	0.00580	0.00156	0.00234	0.00907	0.00531	0.00458
15	0.00605	0.00433	0.00576	0.00680	0.00714	0.00403	0.00457	0.00700	0.00971	0.01302	0.07790	0.77191	0.03342	0.01504	0.00624	0.00197	0.00282	0.01363	0.00462	0.00403
16	0.00604	0.00498	0.00516	0.00517	0.00663	0.00426	0.00380	0.00724	0.01096	0.01328	0.08355	0.04552	0.66717	0.08863	0.00763	0.00196	0.00274	0.02674	0.00446	0.00407
17	0.00637	0.00486	0.00587	0.00602	0.00715	0.00435	0.00443	0.00797	0.01183	0.01563	0.33008	0.22523	0.30078	0.01225	0.00595	0.00172	0.00258	0.03774	0.00489	0.00431
18	0.00870	0.00553	0.00710	0.00665	0.00805	0.00519	0.00500	0.01137	0.05188	0.09687	0.55613	0.12753	0.03842	0.00996	0.00564	0.00159	0.00265	0.00877	0.03790	0.00509
19	0.01019	0.00873	0.01019	0.00728	0.01165	0.00655	0.00582	0.01237	0.01019	0.01601	0.00873	0.01019	0.00728	0.00364	0.00364	0.00073	0.00364	0.00291	0.00291	0.85734
20	0.00715	0.00476	0.00536	0.00536	0.00536	0.00476	0.00298	0.00715	0.00715	0.00953	0.01548	0.03216	0.01787	0.82729	0.02501	0.00476	0.00476	0.00715	0.00298	0.00298
21	0.01033	0.00980	0.01663	0.53079	0.31037	0.01119	0.01417	0.01347	0.01032	0.01382	0.00892	0.01276	0.00700	0.00472	0.00490	0.00157	0.00629	0.00437	0.00227	0.00630
22	0.01341	0.26608	0.15360	0.01186	0.03869	0.08835	0.01100	0.14950	0.01222	0.01590	0.00822	0.01000	0.00683	0.00611	0.01966	0.00158	0.17412	0.00361	0.00266	0.00660
23	0.01857	0.01217	0.01398	0.01079	0.01456	0.01297	0.03012	0.56287	0.02026	0.18379	0.01379	0.01422	0.00977	0.00609	0.00495	0.00150	0.00512	0.02542	0.03096	0.00809
24	0.01785	0.00741	0.00952	0.00763	0.01062	0.00670	0.00619	0.04691	0.01341	0.53197	0.05814	0.01799	0.01390	0.00619	0.00460	0.00142	0.00364	0.00503	0.22365	0.00720
25	0.00661	0.00491	0.00687	0.02975	0.00843	0.00521	0.00537	0.00778	0.00873	0.01195	0.02073	0.46474	0.02354	0.07689	0.27035	0.00411	0.02604	0.01016	0.00370	0.00413
26	0.01153	0.01071	0.01846	0.24201	0.44177	0.01122	0.08646	0.03539	0.01119	0.03667	0.01020	0.04376	0.00850	0.00501	0.00502	0.00155	0.00609	0.00489	0.00262	0.00692
27	0.00635	0.00508	0.00549	0.00540	0.00692	0.00446	0.00404	0.00817	0.02887	0.01516	0.22628	0.05723	0.55424	0.01154	0.00571	0.00162	0.00248	0.00976	0.03684	0.00436
28	0.00675	0.00500	0.00630	0.00601	0.00723	0.00454	0.00449	0.00886	0.01337	0.01851	0.65739	0.05987	0.16232	0.01057	0.00581	0.00158	0.00236	0.00926	0.00525	0.00454
29	0.01271	0.06011	0.19473	0.04553	0.25040	0.18022	0.05585	0.01689	0.08434	0.01504	0.01019	0.03381	0.00834	0.00510	0.00474	0.00147	0.00666	0.00431	0.00265	0.00690
30	0.00983	0.00863	0.00942	0.00968	0.04070	0.07642	0.01663	0.03555	0.21128	0.01632	0.07840	0.18439	0.08126	0.01040	0.00574	0.00182	0.00422	0.18925	0.00445	0.00560
31	0.00630	0.00472	0.00576	0.00643	0.00722	0.00433	0.00461	0.00741	0.01007	0.01292	0.04847	0.41153	0.25478	0.08619	0.00785	0.00217	0.00312	0.10767	0.00443	0.00403
32	0.07576	0.00644	0.00783	0.00814	0.06622	0.00593	0.02476	0.01062	0.01133	0.09548	0.05089	0.03762	0.46714	0.01030	0.00548	0.00167	0.00335	0.08349	0.02250	0.00506
33	0.01501	0.22591	0.10640	0.08705	0.06662	0.06339	0.03173	0.24998	0.01471	0.07951	0.01001	0.01101	0.00753	0.00505	0.00442	0.00138	0.00591	0.00386	0.00333	0.00719
34	0.00628	0.00521	0.00627	0.00628	0.00765	0.00463	0.03171	0.00788	0.03196	0.01353	0.06239	0.28349	0.48938	0.01283	0.00593	0.00176	0.00284	0.01114	0.00453	0.00430
35	0.00632	0.00452	0.00568	0.00639	0.00682	0.00425	0.00426	0.00718	0.00949	0.01258	0.08207	0.52208	0.09919	0.17547	0.00992	0.00249	0.00320	0.02992	0.00431	0.00386
36	0.00921	0.00652	0.00797	0.00855	0.06772	0.03031	0.00569	0.01116	0.04540	0.10181	0.13578	0.20044	0.17981	0.11075	0.05423	0.00241	0.00413	0.00875	0.00435	0.00501
37	0.45642	0.00962	0.01003	0.03156	0.07090	0.00991	0.02362	0.02833	0.04018	0.01953	0.00831	0.00968	0.00660	0.00439	0.00358	0.00129	0.00412	0.00313	0.00303	0.25576
38	0.06114	0.12570	0.37298	0.01557	0.15978	0.07092	0.03488	0.06123	0.01147	0.01624	0.02171	0.01073	0.00730	0.00473	0.00446	0.00145	0.00649	0.00374	0.00247	0.00701

[dist]
# distance from previous block
# <min> <max>
0	8

[block]
# block no. 7 follows, 51 sequences, length 15
# corresponding to MSA columns:
# 586-600
name=unknown_H
#
# <colnr> <probs for GDERKNQSTAVLIFYWHMCP>
#	G	D	E	R	K	N	Q	S	T	A	V	L	I	F	Y	W	H	M	C	P
0	0.22126	0.01172	0.07881	0.04464	0.34091	0.01082	0.05072	0.01611	0.02602	0.11147	0.01005	0.01168	0.00765	0.00468	0.00442	0.00149	0.00529	0.00401	0.00305	0.03519
1	0.44465	0.03196	0.01127	0.01166	0.14953	0.04146	0.00784	0.07662	0.06846	0.07162	0.00979	0.01074	0.00747	0.00494	0.00385	0.00148	0.00450	0.00355	0.03220	0.00639
2	0.05458	0.01454	0.02708	0.01303	0.05157	0.19292	0.10294	0.26290	0.03549	0.07582	0.01142	0.04963	0.00910	0.00599	0.00558	0.00152	0.05798	0.00472	0.01628	0.00690
3	0.00687	0.00517	0.00639	0.00619	0.00746	0.00477	0.00467	0.00924	0.03590	0.01790	0.55486	0.07547	0.19671	0.01082	0.00583	0.00162	0.00251	0.03789	0.00515	0.00460
4	0.07291	0.00659	0.00779	0.00761	0.00945	0.00652	0.00619	0.04731	0.06234	0.09258	0.12640	0.07702	0.19759	0.01076	0.00576	0.00182	0.00362	0.24776	0.00474	0.00525
5	0.01719	0.02146	0.01379	0.01322	0.05550	0.70641	0.00954	0.01858	0.01333	0.01219	0.00810	0.00981	0.00685	0.00739	0.06422	0.00177	0.00902	0.00338	0.00253	0.00571
6	0.00996	0.00887	0.01461	0.15745	0.38993	0.00944	0.01147	0.01228	0.00979	0.01368	0.01086	0.01653	0.00983	0.07129	0.18093	0.03272	0.00738	0.02446	0.00252	0.00602
7	0.01242	0.05998	0.10980	0.02173	0.45513	0.06544	0.01311	0.08483	0.02454	0.01661	0.01128	0.07056	0.02190	0.00555	0.00484	0.00148	0.00584	0.00492	0.00283	0.00722
8	0.00943	0.00889	0.01501	0.77457	0.07358	0.01096	0.01372	0.01269	0.00990	0.01274	0.00876	0.01305	0.00662	0.00489	0.00491	0.00163	0.00651	0.00437	0.00220	0.00558
9	0.00715	0.00476	0.00536	0.00536	0.00536	0.00476	0.00298	0.00715	0.00715	0.00953	0.01548	0.03216	0.01787	0.82729	0.02501	0.00476	0.00476	0.00715	0.00298	0.00298
10	0.00818	0.00948	0.13693	0.06947	0.01351	0.00734	0.05824	0.01162	0.07330	0.01468	0.08024	0.22285	0.07238	0.04391	0.03055	0.00213	0.00487	0.13130	0.00382	0.00522
11	0.03588	0.19793	0.38357	0.01388	0.07689	0.02899	0.07291	0.08081	0.01166	0.04093	0.00901	0.01041	0.00680	0.00466	0.00442	0.00143	0.00647	0.00371	0.00254	0.00709
12	0.01167	0.37939	0.37391	0.01136	0.01662	0.01536	0.01300	0.04079	0.01042	0.01404	0.00787	0.00935	0.00635	0.00480	0.00486	0.00137	0.06665	0.00326	0.00219	0.00674
13	0.00708	0.00503	0.00672	0.00672	0.00719	0.00550	0.00468	0.00802	0.00755	0.01054	0.01424	0.02526	0.01487	0.40325	0.44497	0.00645	0.00927	0.00614	0.00279	0.00373
14	0.13902	0.01109	0.01203	0.07032	0.03797	0.01262	0.00847	0.22007	0.37664	0.03831	0.01475	0.01450	0.01094	0.00595	0.00468	0.00158	0.00454	0.00470	0.00443	0.00741

[dist]
# distance from previous block
# <min> <max>
0	1

[block]
# block no. 8 follows, 51 sequences, length 63
# corresponding to MSA columns:
# 602-664
name=unknown_I
#
# <colnr> <probs for GDERKNQSTAVLIFYWHMCP>
#	G	D	E	R	K	N	Q	S	T	A	V	L	I	F	Y	W	H	M	C	P
0	0.82661	0.04373	0.00800	0.00654	0.00963	0.01138	0.00545	0.01446	0.00843	0.02161	0.00684	0.00798	0.00536	0.00455	0.00305	0.00150	0.00386	0.00266	0.00300	0.00536
1	0.14205	0.11997	0.07426	0.02395	0.01498	0.40743	0.03144	0.07265	0.01288	0.04623	0.00833	0.00944	0.00658	0.00492	0.00419	0.00134	0.00706	0.00331	0.00282	0.00615
2	0.04668	0.01947	0.47381	0.01229	0.01787	0.01182	0.01390	0.10213	0.18510	0.05134	0.01200	0.01247	0.00863	0.00530	0.00471	0.00157	0.00604	0.00416	0.00325	0.00746
3	0.00667	0.00474	0.00578	0.00637	0.00731	0.00425	0.00452	0.00776	0.01029	0.04572	0.03451	0.49372	0.29290	0.01392	0.00608	0.00187	0.00285	0.04187	0.00462	0.00425
4	0.01186	0.04160	0.01094	0.04820	0.02419	0.00772	0.04934	0.02540	0.02850	0.21717	0.06462	0.02400	0.16603	0.06173	0.14932	0.00288	0.03830	0.00628	0.00409	0.01782
5	0.00737	0.00522	0.00677	0.00746	0.00823	0.00513	0.00585	0.00881	0.01008	0.01318	0.05659	0.11303	0.07252	0.24331	0.01179	0.00288	0.00424	0.40938	0.00413	0.00402
6	0.01052	0.00893	0.01037	0.00743	0.01179	0.00689	0.00596	0.04205	0.01069	0.01659	0.00885	0.01025	0.00732	0.00373	0.00369	0.00076	0.00371	0.00297	0.00299	0.82452
7	0.01222	0.04613	0.03317	0.09016	0.61245	0.02747	0.03915	0.03642	0.02655	0.01599	0.00937	0.01211	0.00771	0.00451	0.00482	0.00147	0.00598	0.00434	0.00252	0.00747
8	0.01199	0.01153	0.01716	0.10843	0.50568	0.04876	0.01306	0.01664	0.14128	0.01622	0.03021	0.01371	0.00971	0.00511	0.00522	0.00153	0.02896	0.00463	0.00291	0.00729
9	0.01732	0.02161	0.01441	0.04026	0.06909	0.69396	0.01007	0.01876	0.01334	0.01231	0.00770	0.00931	0.00644	0.00516	0.00496	0.00133	0.04233	0.00333	0.00250	0.00582
10	0.01019	0.00873	0.01019	0.00728	0.01165	0.00655	0.00582	0.01237	0.01019	0.01601	0.00873	0.01019	0.00728	0.00364	0.00364	0.00073	0.00364	0.00291	0.00291	0.85734
11	0.01202	0.01153	0.01969	0.06909	0.75883	0.01164	0.01501	0.01496	0.01112	0.01588	0.00922	0.01221	0.00772	0.00441	0.00487	0.00147	0.00587	0.00438	0.00242	0.00767
12	0.01019	0.00873	0.01019	0.00728	0.01165	0.00655	0.00582	0.01237	0.01019	0.01601	0.00873	0.01019	0.00728	0.00364	0.00364	0.00073	0.00364	0.00291	0.00291	0.85734
13	0.01010	0.08377	0.52290	0.01210	0.03186	0.01067	0.01406	0.01429	0.01037	0.04559	0.02773	0.02961	0.05441	0.05375	0.00615	0.00173	0.02398	0.02374	0.00262	0.02055
14	0.01314	0.83025	0.02575	0.00841	0.01261	0.01945	0.00841	0.01472	0.00999	0.01156	0.00683	0.00788	0.00631	0.00420	0.00315	0.00105	0.00526	0.00263	0.00210	0.00631
15	0.00702	0.00527	0.00790	0.00790	0.00878	0.00614	0.00614	0.00878	0.00790	0.01141	0.01316	0.01931	0.01229	0.03686	0.80782	0.00790	0.01316	0.00527	0.00263	0.00439
16	0.01023	0.02228	0.63211	0.03041	0.03868	0.01121	0.11028	0.01541	0.01064	0.03192	0.01052	0.01215	0.03216	0.00489	0.00486	0.00157	0.00712	0.00417	0.00230	0.00708
17	0.00922	0.00963	0.06182	0.12540	0.11850	0.00891	0.19065	0.02231	0.02793	0.01443	0.01686	0.28918	0.03117	0.00871	0.00579	0.00176	0.01676	0.03198	0.00330	0.00568
18	0.01038	0.00866	0.00946	0.00893	0.01109	0.00962	0.00689	0.03664	0.50333	0.01847	0.04622	0.14429	0.08918	0.00910	0.00542	0.00175	0.00365	0.06550	0.00487	0.00656
