[name]
unknown

[dist]
# distance from previous block
# <min> <max>
26	116

[block]
# block no. 0 follows, 52 sequences, length 18
# corresponding to MSA columns:
# 182-199
name=unknown_A
#
# <colnr> <probs for GDERKNQSTAVLIFYWHMCP>
#	G	D	E	R	K	N	Q	S	T	A	V	L	I	F	Y	W	H	M	C	P
0	0.04015	0.08624	0.08693	0.04972	0.03784	0.01033	0.14440	0.08966	0.07680	0.05396	0.12346	0.02163	0.11283	0.00687	0.00507	0.00155	0.00501	0.03765	0.00372	0.00618
1	0.00994	0.00849	0.01122	0.04474	0.01243	0.04300	0.08055	0.03267	0.07737	0.05127	0.25068	0.04536	0.08115	0.00802	0.00637	0.00156	0.08757	0.04529	0.00405	0.09826
2	0.25768	0.01110	0.06963	0.04097	0.09782	0.04054	0.04843	0.05335	0.09701	0.01806	0.04514	0.03500	0.01019	0.00743	0.05312	0.00190	0.04789	0.00438	0.02100	0.03936
3	0.01329	0.09419	0.18302	0.03094	0.07947	0.13918	0.01072	0.18984	0.01386	0.03415	0.05332	0.07344	0.02271	0.00606	0.00467	0.00142	0.00583	0.00481	0.00330	0.03578
4	0.07611	0.01071	0.03653	0.42564	0.05528	0.05914	0.10349	0.04925	0.05464	0.01529	0.00978	0.01275	0.00743	0.00490	0.00468	0.00154	0.00612	0.00434	0.05652	0.00587
5	0.00593	0.00429	0.00561	0.00660	0.00701	0.00397	0.00445	0.00687	0.00959	0.01273	0.06217	0.74131	0.08203	0.01476	0.00614	0.00193	0.00277	0.01333	0.00454	0.00397
6	0.01233	0.01016	0.01450	0.11056	0.28591	0.02431	0.03049	0.15776	0.05592	0.05246	0.01424	0.09252	0.02877	0.00661	0.00504	0.00156	0.00514	0.04813	0.03683	0.00674
7	0.00972	0.02507	0.80458	0.01381	0.02097	0.01125	0.01790	0.01535	0.01023	0.01535	0.00870	0.01023	0.00614	0.00460	0.00460	0.00153	0.00716	0.00358	0.00205	0.00716
8	0.01180	0.11423	0.07643	0.04062	0.14308	0.03537	0.03800	0.09986	0.08554	0.03353	0.08809	0.01609	0.04981	0.00602	0.00540	0.00145	0.06162	0.00485	0.05027	0.03796
9	0.04373	0.42980	0.24731	0.01189	0.01698	0.01541	0.14472	0.01491	0.01017	0.01363	0.00783	0.00939	0.00636	0.00428	0.00398	0.00130	0.00621	0.00342	0.00217	0.00651
10	0.00776	0.00530	0.00646	0.00607	0.00756	0.00479	0.00458	0.00994	0.03345	0.07724	0.45911	0.07370	0.26490	0.01046	0.00566	0.00158	0.00254	0.00904	0.00509	0.00476
11	0.68024	0.02277	0.00728	0.00633	0.00890	0.01002	0.00506	0.02770	0.00847	0.01991	0.00833	0.01136	0.00720	0.10047	0.02527	0.00200	0.00408	0.00330	0.03632	0.00500
12	0.00671	0.00504	0.00549	0.00537	0.00695	0.00435	0.00409	0.00822	0.01157	0.04245	0.17547	0.04278	0.57860	0.01139	0.00563	0.00161	0.00254	0.03535	0.04204	0.00435
13	0.01286	0.02831	0.04142	0.01009	0.01310	0.04042	0.00818	0.06056	0.65258	0.04928	0.01820	0.01688	0.01357	0.00634	0.00486	0.00160	0.00424	0.00519	0.00471	0.00760
14	0.00988	0.02330	0.70385	0.01476	0.05036	0.01121	0.07045	0.01522	0.01037	0.01536	0.00916	0.01147	0.00676	0.00475	0.00473	0.00155	0.00712	0.02047	0.00214	0.00708
15	0.00710	0.00522	0.00718	0.00711	0.00764	0.00591	0.00515	0.00821	0.00752	0.01062	0.01353	0.02311	0.01381	0.30999	0.50877	0.00651	0.04025	0.00580	0.00270	0.00388
16	0.00672	0.00535	0.00610	0.00601	0.00745	0.00495	0.00454	0.00934	0.07570	0.01579	0.29182	0.09794	0.39614	0.01128	0.00573	0.00165	0.00262	0.04151	0.00481	0.00455
17	0.22842	0.01364	0.01217	0.01002	0.01334	0.13660	0.00807	0.38848	0.10393	0.02431	0.01068	0.01097	0.00792	0.00545	0.00432	0.00146	0.00530	0.00386	0.00403	0.00703

[dist]
# distance from previous block
# <min> <max>
1	3

[block]
# block no. 1 follows, 52 sequences, length 39
# corresponding to MSA columns:
# 203-241
name=unknown_B
#
# <colnr> <probs for GDERKNQSTAVLIFYWHMCP>
#	G	D	E	R	K	N	Q	S	T	A	V	L	I	F	Y	W	H	M	C	P
0	0.02747	0.05250	0.37195	0.01412	0.13110	0.02613	0.02291	0.04455	0.03206	0.08938	0.01065	0.04093	0.00829	0.00504	0.00453	0.00141	0.00585	0.00414	0.00286	0.10413
1	0.79518	0.00942	0.00774	0.02754	0.01017	0.01109	0.00575	0.01406	0.00824	0.02095	0.00677	0.00815	0.00534	0.00473	0.00375	0.00154	0.04865	0.00276	0.00293	0.00525
2	0.00697	0.00472	0.00534	0.00534	0.00545	0.00470	0.00307	0.00709	0.00729	0.00966	0.01710	0.03218	0.06113	0.76080	0.04650	0.00462	0.00481	0.00717	0.00301	0.00304
3	0.01382	0.01241	0.02700	0.02447	0.03029	0.11311	0.05194	0.26149	0.19402	0.02025	0.01406	0.03134	0.02641	0.08675	0.00674	0.00177	0.00531	0.00502	0.02583	0.04797
4	0.70370	0.00916	0.00791	0.00680	0.00994	0.01016	0.00560	0.01603	0.00932	0.17034	0.00910	0.00951	0.00653	0.00478	0.00336	0.00150	0.00382	0.00305	0.00357	0.00582
5	0.00653	0.00524	0.00587	0.00569	0.00718	0.00475	0.00427	0.00890	0.05874	0.01588	0.32668	0.05600	0.45462	0.01110	0.00568	0.00160	0.00248	0.00946	0.00484	0.00448
6	0.00602	0.00475	0.00540	0.00571	0.00686	0.00418	0.00415	0.00726	0.01075	0.01354	0.12274	0.25761	0.45503	0.03517	0.00641	0.00182	0.00268	0.04130	0.00455	0.00408
7	0.01199	0.01151	0.01967	0.02974	0.79946	0.01151	0.01487	0.01487	0.01103	0.01583	0.00912	0.01199	0.00768	0.00432	0.00480	0.00144	0.00576	0.00432	0.00240	0.00768
8	0.01393	0.03143	0.30301	0.01228	0.01689	0.01210	0.06279	0.23465	0.01398	0.11801	0.01079	0.01185	0.00775	0.00573	0.00614	0.01852	0.08744	0.00419	0.02132	0.00721
9	0.00915	0.00842	0.01405	0.77878	0.03204	0.01046	0.01297	0.01233	0.00971	0.01266	0.00896	0.01317	0.00675	0.00488	0.00477	0.00159	0.00626	0.00432	0.04339	0.00534
10	0.00689	0.00493	0.00656	0.00662	0.00712	0.00533	0.00462	0.00784	0.00765	0.01059	0.01567	0.06506	0.03851	0.36303	0.42166	0.00604	0.00874	0.00653	0.00289	0.00372
11	0.03383	0.01339	0.01360	0.01083	0.01440	0.06747	0.00880	0.55741	0.15648	0.05440	0.01295	0.01267	0.00933	0.00588	0.00480	0.00148	0.00522	0.00446	0.00471	0.00791
12	0.01296	0.83261	0.02539	0.00829	0.01244	0.01917	0.00829	0.01451	0.00985	0.01140	0.00674	0.00777	0.00622	0.00415	0.00311	0.00104	0.00518	0.00259	0.00207	0.00622
13	0.00705	0.00470	0.00529	0.00529	0.00529	0.00470	0.00294	0.00705	0.00705	0.00940	0.01527	0.03171	0.01762	0.82969	0.02467	0.00470	0.00470	0.00705	0.00294	0.00294
14	0.01111	0.01132	0.01800	0.01438	0.01585	0.03532	0.21136	0.01303	0.00902	0.02953	0.03839	0.01232	0.00827	0.00724	0.01230	0.00193	0.53774	0.00479	0.00242	0.00566
15	0.00686	0.00495	0.00648	0.00610	0.00724	0.00457	0.00457	0.00914	0.01372	0.01943	0.79691	0.03620	0.04572	0.00991	0.00572	0.00152	0.00229	0.00876	0.00533	0.00457
16	0.01657	0.01968	0.01403	0.01242	0.01451	0.57671	0.00961	0.08278	0.01319	0.01341	0.00761	0.00937	0.00644	0.00579	0.00681	0.00145	0.17776	0.00346	0.00262	0.00578
17	0.00972	0.02507	0.80458	0.01381	0.02097	0.01125	0.01790	0.01535	0.01023	0.01535	0.00870	0.01023	0.00614	0.00460	0.00460	0.00153	0.00716	0.00358	0.00205	0.00716
18	0.00573	0.00489	0.00493	0.00496	0.00656	0.00409	0.00370	0.00695	0.01100	0.01307	0.04849	0.06755	0.77697	0.01235	0.00574	0.00165	0.00246	0.01032	0.00450	0.00409
19	0.05933	0.37057	0.01809	0.00970	0.01318	0.21695	0.00835	0.09081	0.08449	0.07273	0.00950	0.00998	0.00758	0.00490	0.00389	0.00124	0.00582	0.00333	0.00305	0.00649
20	0.00843	0.00698	0.06278	0.02757	0.00973	0.00588	0.01772	0.05291	0.02611	0.05163	0.03855	0.46124	0.03775	0.03537	0.00605	0.00182	0.00355	0.02574	0.09009	0.03012
21	0.01422	0.38028	0.10703	0.02437	0.09014	0.21539	0.02432	0.03238	0.01146	0.04807	0.00811	0.00933	0.00668	0.00455	0.00394	0.00123	0.00638	0.00322	0.00245	0.00644
22	0.78333	0.01012	0.00804	0.00779	0.04776	0.04821	0.00590	0.01451	0.00864	0.02100	0.00690	0.00811	0.00541	0.00451	0.00315	0.00148	0.00408	0.00273	0.00295	0.00538
23	0.01194	0.01899	0.34874	0.02962	0.11323	0.13364	0.14910	0.02869	0.04548	0.02663	0.02498	0.01174	0.00784	0.00486	0.00508	0.00151	0.02439	0.00422	0.00253	0.00681
24	0.00682	0.00697	0.08038	0.03013	0.00911	0.00530	0.00580	0.00919	0.02575	0.01620	0.37624	0.07499	0.31447	0.01033	0.00560	0.00159	0.00298	0.00887	0.00458	0.00468
25	0.05799	0.00741	0.00962	0.00789	0.01076	0.00672	0.00632	0.03975	0.01320	0.51849	0.13232	0.10921	0.01873	0.00750	0.00501	0.00154	0.00367	0.00630	0.03060	0.00698
26	0.01060	0.01091	0.05694	0.04456	0.45672	0.01014	0.09878	0.01403	0.04524	0.01607	0.10665	0.01809	0.07827	0.00575	0.00509	0.00151	0.00535	0.00551	0.00301	0.00679
27	0.00595	0.00427	0.00557	0.00659	0.00692	0.00398	0.00438	0.00677	0.00925	0.01226	0.02722	0.74946	0.06828	0.05545	0.00708	0.00209	0.00289	0.01327	0.00442	0.00389
28	0.01315	0.01225	0.01137	0.01011	0.01286	0.12782	0.00785	0.08543	0.57863	0.01954	0.01868	0.01755	0.05008	0.00655	0.00488	0.00157	0.00460	0.00527	0.00455	0.00725
29	0.01441	0.36403	0.04610	0.02840	0.01417	0.23735	0.00927	0.08440	0.06508	0.01401	0.00834	0.00952	0.00700	0.00509	0.00490	0.00129	0.07442	0.00330	0.00264	0.00627
30	0.00949	0.00950	0.03213	0.05970	0.01721	0.00910	0.34079	0.02924	0.07602	0.01458	0.01628	0.21224	0.02971	0.09594	0.00773	0.00205	0.00579	0.02368	0.00331	0.00551
31	0.01401	0.23362	0.12124	0.02881	0.05929	0.08637	0.04739	0.15056	0.12579	0.05827	0.01090	0.01156	0.00834	0.00507	0.00434	0.00137	0.00570	0.00393	0.01646	0.00701
32	0.00790	0.00567	0.00646	0.00600	0.00789	0.00492	0.00457	0.00985	0.03847	0.08034	0.16396	0.10022	0.43663	0.01065	0.00549	0.00156	0.00278	0.02232	0.00463	0.07968
33	0.01005	0.00861	0.01005	0.00718	0.01148	0.00646	0.00574	0.01220	0.01005	0.01579	0.00861	0.01005	0.00718	0.00359	0.00359	0.00072	0.00359	0.00287	0.00287	0.85932
34	0.01144	0.01430	0.24344	0.05237	0.18142	0.01029	0.01211	0.08354	0.02671	0.05408	0.03559	0.02556	0.02558	0.00527	0.00515	0.00140	0.04542	0.00431	0.00296	0.15906
35	0.01157	0.16758	0.16714	0.00986	0.03571	0.02373	0.04327	0.01420	0.01085	0.11004	0.06982	0.03506	0.04296	0.03458	0.00504	0.00138	0.00485	0.00455	0.02451	0.18333
36	0.05029	0.01018	0.09228	0.00855	0.03406	0.02716	0.00713	0.03745	0.02729	0.06455	0.07806	0.01552	0.01206	0.10605	0.00664	0.00152	0.00427	0.00423	0.00329	0.40941
37	0.01146	0.08178	0.37710	0.02414	0.11832	0.03907	0.01312	0.04316	0.07750	0.06159	0.05303	0.01403	0.03515	0.00539	0.00463	0.00147	0.00583	0.00436	0.02195	0.00693
38	0.01205	0.26259	0.25963	0.02369	0.02969	0.03657	0.04013	0.06950	0.02243	0.05840	0.03873	0.05096	0.00979	0.02187	0.00509	0.00146	0.03142	0.00429	0.00282	0.01890

[dist]
# distance from previous block
# <min> <max>
2	14

[block]
# block no. 2 follows, 52 sequences, length 20
# corresponding to MSA columns:
# 256-275
name=unknown_C
#
# <colnr> <probs for GDERKNQSTAVLIFYWHMCP>
#	G	D	E	R	K	N	Q	S	T	A	V	L	I	F	Y	W	H	M	C	P
0	0.01164	0.21456	0.26077	0.01255	0.09560	0.04828	0.01161	0.09023	0.05630	0.01555	0.01141	0.01289	0.04397	0.00822	0.08441	0.00202	0.00660	0.00405	0.00272	0.00663
1	0.00805	0.04468	0.00806	0.02702	0.00907	0.07020	0.00531	0.00922	0.00971	0.01262	0.03615	0.39493	0.07946	0.09593	0.04308	0.00218	0.00421	0.00917	0.00371	0.12724
2	0.01018	0.01083	0.11207	0.06703	0.30953	0.02431	0.02542	0.01280	0.01076	0.04814	0.06402	0.12781	0.06708	0.02738	0.00587	0.00166	0.02507	0.02411	0.01973	0.00618
3	0.01198	0.08492	0.30237	0.03501	0.18531	0.01229	0.02772	0.06085	0.11354	0.05764	0.01067	0.01198	0.00808	0.00512	0.00525	0.00152	0.05154	0.00411	0.00289	0.00722
4	0.04844	0.00788	0.01771	0.00965	0.06890	0.04614	0.04251	0.05459	0.06334	0.03187	0.11891	0.20894	0.12757	0.02684	0.04340	0.00200	0.00435	0.04185	0.02986	0.00523
5	0.00617	0.00497	0.00554	0.00578	0.00706	0.00444	0.00424	0.00790	0.03948	0.01383	0.11301	0.23549	0.48625	0.01258	0.00584	0.00173	0.00264	0.03421	0.00459	0.00424
6	0.07694	0.03311	0.01182	0.00950	0.04726	0.02853	0.00730	0.22119	0.09004	0.03264	0.01081	0.01156	0.00835	0.00476	0.00408	0.00115	0.00430	0.00368	0.04282	0.35016
7	0.01104	0.15483	0.15118	0.03385	0.01668	0.01094	0.18570	0.03552	0.01097	0.04671	0.01282	0.02984	0.06011	0.00538	0.00461	0.00135	0.00562	0.03859	0.00287	0.18140
8	0.02358	0.11713	0.48774	0.01326	0.06833	0.02367	0.02978	0.03244	0.05540	0.03983	0.04075	0.01247	0.02471	0.00507	0.00453	0.00147	0.00622	0.00403	0.00263	0.00694
9	0.00988	0.04541	0.01138	0.01145	0.13282	0.06696	0.03964	0.01386	0.14365	0.03309	0.18267	0.03852	0.19615	0.00936	0.04218	0.00181	0.00451	0.00686	0.00402	0.00576
10	0.00853	0.00504	0.00717	0.04763	0.00845	0.00519	0.00519	0.04283	0.00825	0.01105	0.05726	0.07470	0.01375	0.04153	0.03705	0.56205	0.00444	0.05407	0.00278	0.00306
11	0.01217	0.30899	0.17537	0.01529	0.19540	0.08210	0.05060	0.01545	0.04529	0.01387	0.00917	0.03900	0.00789	0.00484	0.00422	0.00134	0.00601	0.00391	0.00241	0.00669
12	0.03190	0.09263	0.11355	0.07501	0.21964	0.01182	0.21428	0.03435	0.03534	0.07394	0.01079	0.04594	0.00869	0.00500	0.00488	0.00151	0.00619	0.00486	0.00283	0.00686
13	0.00591	0.00459	0.00539	0.00598	0.00692	0.00408	0.00424	0.00701	0.01024	0.01294	0.05513	0.42996	0.37763	0.01368	0.00598	0.00182	0.00269	0.03725	0.00452	0.00404
14	0.01288	0.05629	0.13370	0.06237	0.12589	0.13551	0.19886	0.04146	0.01184	0.07363	0.02624	0.03212	0.00916	0.00524	0.00507	0.00150	0.01880	0.01908	0.02382	0.00654
15	0.01304	0.06197	0.13590	0.01585	0.20024	0.08935	0.06364	0.08046	0.15411	0.06358	0.05293	0.01445	0.01107	0.00545	0.00480	0.00148	0.00571	0.01545	0.00339	0.00711
16	0.00631	0.00460	0.00593	0.00675	0.00739	0.00430	0.00486	0.00749	0.01003	0.01317	0.08244	0.50766	0.13403	0.04962	0.00698	0.00205	0.00308	0.13479	0.00448	0.00404
17	0.02420	0.00798	0.03216	0.02742	0.11473	0.00733	0.01986	0.04861	0.03976	0.19703	0.18816	0.07856	0.10059	0.00849	0.00538	0.00162	0.00396	0.08344	0.00460	0.00612
18	0.01236	0.15674	0.29293	0.01349	0.09772	0.07598	0.05881	0.04499	0.01160	0.08462	0.05629	0.03888	0.01051	0.00547	0.00460	0.00144	0.00606	0.01787	0.00292	0.00673
19	0.07181	0.07648	0.08263	0.00963	0.02446	0.05532	0.00829	0.19387	0.07030	0.17028	0.02457	0.04172	0.01102	0.04375	0.00543	0.00158	0.00485	0.01876	0.03814	0.04712

[dist]
# distance from previous block
# <min> <max>
0	64

[block]
# block no. 3 follows, 52 sequences, length 25
# corresponding to MSA columns:
# 340-364
name=unknown_D
#
# <colnr> <probs for GDERKNQSTAVLIFYWHMCP>
#	G	D	E	R	K	N	Q	S	T	A	V	L	I	F	Y	W	H	M	C	P
0	0.04346	0.06004	0.13031	0.01465	0.14186	0.02983	0.10397	0.18696	0.06461	0.03645	0.02967	0.02814	0.04162	0.00560	0.00509	0.00148	0.02911	0.00475	0.00335	0.03903
1	0.04476	0.02904	0.03404	0.02186	0.08118	0.02183	0.03305	0.28728	0.08288	0.03314	0.05445	0.05400	0.06743	0.02160	0.02017	0.00164	0.02331	0.00537	0.00399	0.07896
2	0.00647	0.00491	0.00602	0.00584	0.00708	0.00446	0.00436	0.00834	0.01244	0.01683	0.50018	0.07938	0.26959	0.01198	0.03886	0.00184	0.00280	0.00932	0.00493	0.00438
3	0.00979	0.08576	0.51830	0.01259	0.02992	0.01093	0.04755	0.02964	0.03626	0.01513	0.02558	0.08730	0.01034	0.00709	0.03545	0.00179	0.00655	0.02085	0.00258	0.00660
4	0.00592	0.00478	0.00527	0.00544	0.00674	0.00413	0.00397	0.00722	0.01107	0.01383	0.14851	0.19914	0.54200	0.01252	0.00582	0.00169	0.00250	0.01072	0.00462	0.00413
5	0.04098	0.58701	0.10976	0.00918	0.01329	0.10240	0.00918	0.01474	0.01027	0.01230	0.00853	0.03074	0.02491	0.00478	0.00355	0.00117	0.00561	0.00323	0.00227	0.00612
6	0.00907	0.00545	0.00715	0.00644	0.00799	0.00494	0.00493	0.01126	0.01365	0.13772	0.65472	0.03356	0.06528	0.00939	0.00559	0.00152	0.00257	0.00822	0.00541	0.00511
7	0.01255	0.07800	0.05507	0.01009	0.01325	0.03163	0.00841	0.07264	0.61828	0.01975	0.01728	0.01619	0.01301	0.00619	0.00475	0.00157	0.00433	0.00502	0.00448	0.00751
8	0.12041	0.23789	0.14117	0.01064	0.03965	0.16560	0.00968	0.06969	0.03718	0.08546	0.03435	0.01078	0.00833	0.00497	0.00405	0.00133	0.00580	0.00352	0.00301	0.00649
9	0.00744	0.00528	0.00704	0.00801	0.03654	0.00505	0.00592	0.00896	0.01047	0.03583	0.08355	0.25728	0.11885	0.09727	0.00811	0.00224	0.00368	0.28978	0.00435	0.00435
10	0.04216	0.42213	0.04490	0.00976	0.01361	0.03027	0.03332	0.16943	0.12862	0.03277	0.01005	0.01057	0.00801	0.00500	0.00415	0.00129	0.02034	0.00359	0.00318	0.00686
11	0.01187	0.01139	0.01944	0.06468	0.76552	0.01148	0.01481	0.01476	0.01097	0.01568	0.00909	0.01203	0.00762	0.00434	0.00480	0.00145	0.00579	0.00432	0.00239	0.00757
12	0.03898	0.30530	0.32680	0.01150	0.04804	0.02631	0.01208	0.02774	0.09176	0.03618	0.02715	0.01093	0.00818	0.00481	0.00410	0.00136	0.00576	0.00359	0.00263	0.00681
13	0.02500	0.10496	0.25930	0.01597	0.07943	0.03344	0.28331	0.01557	0.05571	0.01517	0.02430	0.01257	0.00824	0.02785	0.00558	0.00160	0.01828	0.00457	0.00250	0.00664
14	0.00915	0.00861	0.01453	0.81804	0.03338	0.01077	0.01346	0.01238	0.00969	0.01238	0.00861	0.01292	0.00646	0.00484	0.00484	0.00161	0.00646	0.00431	0.00215	0.00538
15	0.11175	0.01074	0.04632	0.27816	0.17692	0.01156	0.01125	0.07006	0.20155	0.01749	0.01142	0.01320	0.00871	0.00518	0.00463	0.00156	0.00531	0.00437	0.00316	0.00666
16	0.01354	0.03126	0.11320	0.02959	0.21331	0.07666	0.06788	0.03688	0.06889	0.16382	0.01451	0.01674	0.04412	0.00578	0.00487	0.00151	0.00554	0.04364	0.04133	0.00695
17	0.00600	0.00487	0.00534	0.00551	0.00690	0.00422	0.00414	0.00735	0.01111	0.01374	0.12128	0.13945	0.57923	0.01245	0.00584	0.00170	0.00261	0.05951	0.00458	0.00415
18	0.01060	0.01060	0.01484	0.01272	0.01272	0.01484	0.01060	0.01166	0.00742	0.01166	0.00636	0.01060	0.00636	0.00848	0.01590	0.00212	0.82082	0.00424	0.00212	0.00530
19	0.02896	0.08912	0.14253	0.05640	0.16052	0.07662	0.09554	0.01683	0.12654	0.06229	0.02256	0.01367	0.01951	0.02356	0.00534	0.00155	0.02301	0.00447	0.02427	0.00671
20	0.02510	0.00651	0.00776	0.02302	0.00935	0.00630	0.02245	0.05057	0.07366	0.13434	0.06253	0.09483	0.26233	0.03038	0.00562	0.00165	0.00331	0.03600	0.13893	0.00536
21	0.02961	0.00583	0.00727	0.00667	0.00855	0.00520	0.00512	0.01225	0.01209	0.23093	0.21193	0.16878	0.23464	0.01035	0.00554	0.00164	0.00302	0.03015	0.00507	0.00535
22	0.01171	0.01121	0.01910	0.06639	0.71007	0.01132	0.03105	0.01481	0.02548	0.01584	0.03042	0.01282	0.00876	0.00453	0.00485	0.00146	0.00571	0.00449	0.00251	0.00746
23	0.02719	0.05981	0.06011	0.05725	0.39618	0.04872	0.06761	0.05915	0.04369	0.04702	0.01045	0.02603	0.00865	0.02746	0.03840	0.00180	0.00616	0.00453	0.00281	0.00697
24	0.03934	0.00613	0.00786	0.00802	0.02916	0.00627	0.00601	0.03068	0.01063	0.08144	0.07994	0.22975	0.16781	0.03201	0.07422	0.00239	0.06578	0.11354	0.00421	0.00482

[dist]
# distance from previous block
# <min> <max>
2	4

[block]
# block no. 4 follows, 52 sequences, length 7
# corresponding to MSA columns:
# 369-375
name=unknown_E
#
# <colnr> <probs for GDERKNQSTAVLIFYWHMCP>
#	G	D	E	R	K	N	Q	S	T	A	V	L	I	F	Y	W	H	M	C	P
0	0.00738	0.00538	0.00644	0.00634	0.00767	0.00504	0.00468	0.01002	0.07780	0.04770	0.33041	0.20836	0.24206	0.01125	0.00572	0.00166	0.00265	0.00981	0.00492	0.00471
1	0.00956	0.00723	0.00785	0.00711	0.00887	0.04162	0.00543	0.10780	0.05628	0.05329	0.27583	0.05981	0.19849	0.05152	0.05861	0.00210	0.00399	0.00767	0.03174	0.00519
2	0.11034	0.01306	0.01309	0.01038	0.01397	0.07290	0.00847	0.51221	0.07058	0.10891	0.01212	0.01195	0.00860	0.00568	0.00462	0.00146	0.00519	0.00421	0.00460	0.00768
3	0.01557	0.01605	0.06830	0.01399	0.01794	0.20961	0.22199	0.24659	0.07068	0.05509	0.01083	0.01190	0.00800	0.00512	0.00496	0.00147	0.00691	0.00448	0.00349	0.00702
4	0.01205	0.01041	0.01096	0.00986	0.01260	0.01205	0.00767	0.02575	0.79071	0.02027	0.01972	0.01808	0.01479	0.00657	0.00493	0.00164	0.00384	0.00548	0.00493	0.00767
5	0.00748	0.00679	0.04054	0.00934	0.10878	0.00587	0.00641	0.01001	0.03917	0.01648	0.35349	0.06074	0.26364	0.00990	0.00559	0.00160	0.00314	0.04153	0.00450	0.00501
6	0.09321	0.23154	0.11546	0.01078	0.04805	0.07059	0.02608	0.08117	0.17557	0.04374	0.05055	0.01267	0.01036	0.00531	0.00423	0.00139	0.00519	0.00404	0.00334	0.00673

[dist]
# distance from previous block
# <min> <max>
5	40

[block]
# block no. 5 follows, 52 sequences, length 7
# corresponding to MSA columns:
# 428-434
name=unknown_F
#
# <colnr> <probs for GDERKNQSTAVLIFYWHMCP>
#	G	D	E	R	K	N	Q	S	T	A	V	L	I	F	Y	W	H	M	C	P
0	0.00965	0.00999	0.07584	0.13806	0.10297	0.00930	0.12263	0.01460	0.14658	0.01652	0.16683	0.02280	0.05119	0.00693	0.00528	0.00162	0.00500	0.06437	0.02381	0.00604
1	0.00684	0.00511	0.00572	0.00575	0.00676	0.00482	0.00403	0.00858	0.05151	0.01352	0.14016	0.09974	0.30172	0.24543	0.01108	0.00253	0.00325	0.04109	0.03831	0.00404
2	0.04219	0.00938	0.06040	0.04639	0.09654	0.03616	0.02549	0.06907	0.08177	0.07127	0.09214	0.10185	0.07434	0.08190	0.00702	0.00193	0.00456	0.08790	0.00395	0.00576
3	0.01086	0.00947	0.01510	0.07212	0.42098	0.00913	0.03264	0.01337	0.01098	0.05246	0.06696	0.08233	0.04159	0.00589	0.00486	0.00141	0.00486	0.00547	0.00308	0.13643
4	0.03638	0.03701	0.04491	0.02481	0.03738	0.11493	0.03854	0.09486	0.09629	0.03802	0.05475	0.01727	0.04352	0.09822	0.07128	0.02429	0.02127	0.00491	0.00339	0.09797
5	0.05167	0.07131	0.01488	0.10810	0.21149	0.17196	0.01026	0.10016	0.05248	0.03984	0.06325	0.01342	0.01043	0.00709	0.05169	0.00179	0.00630	0.00431	0.00311	0.00646
6	0.07979	0.03554	0.01669	0.02146	0.47343	0.05118	0.03851	0.03462	0.03574	0.01611	0.01048	0.04601	0.00932	0.00593	0.02114	0.00160	0.02435	0.03110	0.00276	0.04424

[dist]
# distance from previous block
# <min> <max>
1	19

[block]
# block no. 6 follows, 52 sequences, length 7
# corresponding to MSA columns:
# 454-460
name=unknown_G
#
# <colnr> <probs for GDERKNQSTAVLIFYWHMCP>
#	G	D	E	R	K	N	Q	S	T	A	V	L	I	F	Y	W	H	M	C	P
0	0.05696	0.07623	0.04972	0.16597	0.06900	0.19363	0.08550	0.08987	0.08831	0.01588	0.01193	0.01344	0.05217	0.00537	0.00464	0.00146	0.00630	0.00438	0.00297	0.00625
1	0.08105	0.07080	0.01517	0.57677	0.02755	0.01149	0.05039	0.05218	0.01040	0.01426	0.00920	0.01370	0.00732	0.00511	0.00468	0.00158	0.00609	0.03420	0.00246	0.00560
2	0.02573	0.01081	0.07762	0.05116	0.07006	0.07041	0.05187	0.10006	0.04201	0.01689	0.12799	0.03570	0.14696	0.03726	0.00616	0.00161	0.03819	0.00607	0.02987	0.05356
3	0.04862	0.20398	0.07459	0.13447	0.14042	0.07444	0.09750	0.05531	0.04428	0.04739	0.00929	0.01110	0.00729	0.00463	0.00437	0.00138	0.00602	0.00389	0.00269	0.02834
4	0.00842	0.00421	0.00631	0.00631	0.00631	0.00421	0.00421	0.00631	0.00631	0.00842	0.00842	0.01473	0.00842	0.01684	0.01894	0.85901	0.00421	0.00421	0.00210	0.00210
5	0.01300	0.01146	0.01329	0.01273	0.13310	0.11222	0.05319	0.09728	0.08569	0.07376	0.04145	0.03985	0.03428	0.00546	0.00457	0.00127	0.00499	0.00462	0.00355	0.25425
6	0.02974	0.03855	0.05183	0.08017	0.12162	0.03111	0.00797	0.05003	0.00999	0.09375	0.02869	0.08480	0.01235	0.12541	0.03515	0.18003	0.00515	0.00548	0.00311	0.00507

[dist]
# distance from previous block
# <min> <max>
0	3

[block]
# block no. 7 follows, 52 sequences, length 25
# corresponding to MSA columns:
# 464-488
name=unknown_H
#
# <colnr> <probs for GDERKNQSTAVLIFYWHMCP>
#	G	D	E	R	K	N	Q	S	T	A	V	L	I	F	Y	W	H	M	C	P
0	0.53606	0.03510	0.08955	0.00812	0.01148	0.03316	0.00734	0.02891	0.03116	0.04613	0.00796	0.00914	0.00617	0.00485	0.00430	0.00147	0.06121	0.00305	0.00298	0.07184
1	0.01083	0.14640	0.50429	0.05785	0.03029	0.06508	0.01448	0.02809	0.01072	0.01477	0.03692	0.01089	0.00771	0.00474	0.00438	0.00141	0.00656	0.00362	0.00229	0.03867
2	0.00694	0.00512	0.00741	0.00741	0.00814	0.00585	0.00558	0.00841	0.00767	0.01097	0.01333	0.02098	0.01296	0.15762	0.69036	0.00732	0.01171	0.00548	0.00265	0.00411
3	0.00783	0.00529	0.00629	0.00618	0.00735	0.00525	0.00457	0.01108	0.09431	0.01800	0.38140	0.15911	0.03139	0.00929	0.00509	0.00150	0.00253	0.00811	0.23064	0.00478
4	0.01015	0.00959	0.01353	0.03217	0.02628	0.01271	0.02409	0.03360	0.04853	0.01272	0.00871	0.01286	0.00806	0.01373	0.17591	0.00320	0.54180	0.00453	0.00245	0.00537
5	0.00705	0.00470	0.00529	0.00529	0.00529	0.00470	0.00294	0.00705	0.00705	0.00940	0.01527	0.03171	0.01762	0.82969	0.02467	0.00470	0.00470	0.00705	0.00294	0.00294
6	0.00721	0.00513	0.00635	0.00664	0.00772	0.00480	0.00488	0.02297	0.03469	0.04388	0.18506	0.36845	0.19758	0.01258	0.00592	0.00179	0.00289	0.07222	0.00474	0.00449
7	0.00626	0.00448	0.00596	0.00665	0.00721	0.00419	0.00465	0.00757	0.01063	0.01449	0.24819	0.56795	0.03582	0.01359	0.00607	0.00185	0.00273	0.04284	0.00474	0.00414
8	0.00952	0.00881	0.01240	0.01098	0.01137	0.01181	0.00900	0.02964	0.00793	0.01198	0.00878	0.01354	0.00840	0.01805	0.29034	0.00406	0.52144	0.00457	0.00235	0.00504
9	0.01199	0.01151	0.01967	0.02974	0.79946	0.01151	0.01487	0.01487	0.01103	0.01583	0.00912	0.01199	0.00768	0.00432	0.00480	0.00144	0.00576	0.00432	0.00240	0.00768
10	0.00936	0.03888	0.41187	0.04393	0.01631	0.00954	0.02698	0.02638	0.07350	0.01685	0.20656	0.01885	0.01754	0.00635	0.00491	0.00153	0.00534	0.02426	0.03477	0.00630
11	0.01723	0.02097	0.01324	0.01243	0.03691	0.70378	0.00917	0.01862	0.01341	0.03078	0.00888	0.01125	0.00754	0.00536	0.00445	0.00129	0.00811	0.03419	0.03675	0.00565
12	0.00731	0.00583	0.02768	0.00784	0.02318	0.00528	0.00633	0.00939	0.02759	0.01414	0.02903	0.18729	0.18814	0.02799	0.00639	0.00198	0.00367	0.35360	0.06287	0.00446
13	0.01264	0.77621	0.05192	0.00841	0.01256	0.01840	0.00850	0.01436	0.00999	0.01181	0.03376	0.00883	0.00756	0.00436	0.00325	0.00107	0.00515	0.00284	0.00218	0.00620
14	0.01200	0.01042	0.01110	0.00996	0.01261	0.01215	0.00778	0.02524	0.76253	0.01996	0.01924	0.01781	0.01449	0.00664	0.00533	0.00166	0.03322	0.00543	0.00483	0.00759
15	0.04030	0.00776	0.00936	0.00892	0.01085	0.02242	0.03505	0.14333	0.06525	0.01755	0.03696	0.11171	0.13579	0.01077	0.00584	0.00187	0.00427	0.32222	0.00442	0.00535
16	0.01179	0.34376	0.27149	0.01250	0.01756	0.04400	0.15590	0.03830	0.01079	0.01405	0.00871	0.03439	0.00725	0.00469	0.00426	0.00135	0.00643	0.00390	0.00231	0.00655
17	0.01732	0.00783	0.01020	0.00825	0.01131	0.00723	0.00665	0.02083	0.11588	0.53399	0.18405	0.02088	0.01951	0.00690	0.00506	0.00152	0.00370	0.00578	0.00572	0.00739
18	0.01132	0.00609	0.00768	0.00701	0.00883	0.00572	0.00534	0.01408	0.07650	0.23054	0.23776	0.19857	0.05795	0.00933	0.00527	0.00158	0.00303	0.00811	0.09963	0.00566
19	0.02858	0.03502	0.01223	0.01038	0.01298	0.29387	0.00818	0.23130	0.04346	0.05861	0.03910	0.05421	0.02358	0.04031	0.00571	0.00162	0.00602	0.08474	0.00386	0.00621
20	0.03380	0.00959	0.01657	0.11034	0.16686	0.00974	0.22451	0.02626	0.07455	0.02986	0.01595	0.12485	0.06352	0.00801	0.03452	0.00188	0.00587	0.03406	0.00321	0.00608
21	0.00616	0.00465	0.00577	0.00655	0.00738	0.00425	0.00480	0.00735	0.01012	0.01294	0.03330	0.46371	0.26283	0.01401	0.00613	0.00191	0.00298	0.13660	0.00449	0.00407
22	0.16784	0.00937	0.01104	0.00868	0.01228	0.00922	0.00715	0.14312	0.04245	0.51508	0.01579	0.01427	0.01032	0.00573	0.00454	0.00150	0.00424	0.00442	0.00525	0.00770
23	0.05701	0.06724	0.10158	0.01301	0.09048	0.05848	0.09786	0.13731	0.02557	0.06415	0.05208	0.02909	0.02774	0.00654	0.00534	0.00156	0.03485	0.09657	0.00349	0.03006
24	0.01145	0.01057	0.01283	0.18881	0.13789	0.13263	0.03798	0.06719	0.01189	0.03802	0.07963	0.08846	0.02782	0.00762	0.03395	0.00173	0.02065	0.00559	0.07951	0.00576

[dist]
# distance from previous block
# <min> <max>
2	5

[block]
# block no. 8 follows, 52 sequences, length 33
# corresponding to MSA columns:
# 502-506,513-540
name=unknown_I
#
# <colnr> <probs for GDERKNQSTAVLIFYWHMCP>
#	G	D	E	R	K	N	Q	S	T	A	V	L	I	F	Y	W	H	M	C	P
0	0.00736	0.00515	0.00634	0.00667	0.00782	0.00486	0.00507	0.00946	0.04510	0.04096	0.15835	0.27273	0.19772	0.01203	0.00581	0.00178	0.00299	0.14332	0.06197	0.00451
1	0.01204	0.01110	0.01732	0.23851	0.38042	0.03453	0.05147	0.08360	0.01172	0.03370	0.00930	0.01214	0.00737	0.00476	0.00519	0.00149	0.03463	0.00430	0.00265	0.04378
2	0.01184	0.00876	0.01026	0.00758	0.01152	0.00723	0.00610	0.09120	0.01192	0.09515	0.05435	0.01254	0.01007	0.00447	0.00396	0.00093	0.00371	0.00360	0.02817	0.61664
3	0.03303	0.04758	0.01463	0.01166	0.01493	0.35613	0.03136	0.33728	0.04389	0.04876	0.01008	0.01062	0.00759	0.00536	0.00457	0.00136	0.00675	0.00383	0.00368	0.00692
4	0.03499	0.01114	0.01187	0.01064	0.03288	0.16911	0.07530	0.06306	0.05558	0.08728	0.04592	0.04419	0.07194	0.10794	0.00830	0.00201	0.05987	0.09869	0.00368	0.00558
5	0.00649	0.00471	0.00538	0.00551	0.00613	0.00440	0.00358	0.00723	0.00930	0.01209	0.12232	0.15726	0.23558	0.38244	0.01437	0.00306	0.00350	0.00915	0.00389	0.00360
6	0.09697	0.03664	0.01253	0.01118	0.04503	0.30728	0.00838	0.09518	0.24412	0.05277	0.01225	0.01243	0.00937	0.00551	0.00443	0.00142	0.00587	0.00405	0.02797	0.00663
7	0.00755	0.00562	0.00827	0.00806	0.00892	0.00663	0.00629	0.00919	0.00790	0.03166	0.01277	0.01880	0.01190	0.05813	0.71252	0.00715	0.06636	0.00518	0.00266	0.00445
8	0.01961	0.00817	0.01059	0.00825	0.01168	0.00735	0.00676	0.07769	0.01397	0.62776	0.01791	0.01620	0.01167	0.00589	0.00465	0.00143	0.00396	0.00475	0.11562	0.02609
9	0.86392	0.00937	0.00712	0.00637	0.00937	0.01087	0.00525	0.01425	0.00825	0.02174	0.00675	0.00787	0.00525	0.00450	0.00300	0.00150	0.00375	0.00262	0.00300	0.00525
10	0.01084	0.00917	0.00991	0.00909	0.01148	0.01034	0.00709	0.02181	0.60864	0.01945	0.11685	0.02396	0.05998	0.00768	0.00517	0.00166	0.00361	0.05142	0.00493	0.00691
11	0.01199	0.01151	0.01967	0.02974	0.79946	0.01151	0.01487	0.01487	0.01103	0.01583	0.00912	0.01199	0.00768	0.00432	0.00480	0.00144	0.00576	0.00432	0.00240	0.00768
12	0.01296	0.83261	0.02539	0.00829	0.01244	0.01917	0.00829	0.01451	0.00985	0.01140	0.00674	0.00777	0.00622	0.00415	0.00311	0.00104	0.00518	0.00259	0.00207	0.00622
13	0.01017	0.00965	0.01637	0.53628	0.30720	0.01103	0.01396	0.01327	0.01017	0.01361	0.00879	0.01259	0.00689	0.00466	0.00483	0.00155	0.00621	0.00431	0.00224	0.00620
14	0.00915	0.00861	0.01453	0.81804	0.03338	0.01077	0.01346	0.01238	0.00969	0.01238	0.00861	0.01292	0.00646	0.00484	0.00484	0.00161	0.00646	0.00431	0.00215	0.00538
15	0.15707	0.00843	0.01058	0.00826	0.01189	0.00772	0.00682	0.02211	0.01297	0.67731	0.01713	0.01511	0.01091	0.00576	0.00457	0.00150	0.00406	0.00451	0.00552	0.00777
16	0.01062	0.00945	0.01448	0.09387	0.43845	0.04144	0.01111	0.01242	0.01016	0.01389	0.01262	0.01678	0.06466	0.00757	0.00736	0.15288	0.00524	0.03400	0.03711	0.00589
17	0.01205	0.01041	0.01096	0.00986	0.01260	0.01205	0.00767	0.02575	0.79071	0.02027	0.01972	0.01808	0.01479	0.00657	0.00493	0.00164	0.00384	0.00548	0.00493	0.00767
18	0.01376	0.01108	0.01178	0.01012	0.01315	0.01260	0.00801	0.19843	0.59544	0.04293	0.01786	0.01657	0.01323	0.00639	0.00491	0.00160	0.00418	0.00521	0.00494	0.00782
19	0.01144	0.01307	0.02859	0.02042	0.02533	0.01225	0.78186	0.01552	0.01144	0.01552	0.00980	0.01307	0.00735	0.00408	0.00572	0.00163	0.00817	0.00572	0.00245	0.00654
20	0.00896	0.00573	0.00829	0.05442	0.07560	0.02157	0.00613	0.02225	0.00789	0.01044	0.01087	0.06087	0.01100	0.01430	0.01475	0.59178	0.00452	0.06490	0.00250	0.00323
21	0.00739	0.00503	0.00619	0.00623	0.00717	0.00475	0.00456	0.00880	0.01076	0.04046	0.26141	0.08149	0.14237	0.23537	0.01100	0.00254	0.00341	0.13003	0.02691	0.00412
22	0.01561	0.01098	0.01167	0.00930	0.01238	0.01205	0.00757	0.54287	0.05042	0.02674	0.01310	0.01364	0.00964	0.00580	0.00445	0.00137	0.00444	0.00445	0.23631	0.00721
23	0.00694	0.00490	0.00608	0.00619	0.00732	0.00442	0.00456	0.00854	0.01170	0.04734	0.32943	0.25883	0.23202	0.01196	0.00585	0.00170	0.00264	0.04029	0.00488	0.00442
24	0.01059	0.00996	0.01667	0.32346	0.42762	0.01096	0.01345	0.01330	0.01011	0.01393	0.00902	0.01310	0.00756	0.03673	0.00640	0.02121	0.04283	0.00441	0.00231	0.00640
25	0.01096	0.01047	0.01787	0.23397	0.47702	0.01112	0.05679	0.01417	0.02822	0.01485	0.01011	0.01474	0.00858	0.00508	0.00521	0.00156	0.02381	0.04620	0.00250	0.00678
26	0.05257	0.00620	0.00821	0.17735	0.01314	0.00654	0.00667	0.01038	0.04687	0.01602	0.31365	0.07488	0.14267	0.03155	0.02425	0.00186	0.00381	0.05444	0.00417	0.00476
27	0.01202	0.17431	0.29339	0.02371	0.06153	0.10509	0.01221	0.05624	0.06397	0.01495	0.00946	0.03471	0.00779	0.00532	0.00524	0.00143	0.07033	0.00389	0.00258	0.04183
28	0.01173	0.00856	0.01022	0.00739	0.01161	0.00656	0.00594	0.01385	0.01060	0.12921	0.01013	0.01098	0.00787	0.00394	0.00377	0.00083	0.00367	0.00316	0.00332	0.73667
29	0.01291	0.03212	0.05938	0.13164	0.05368	0.05623	0.06227	0.15696	0.04833	0.09925	0.04223	0.03527	0.03649	0.00736	0.00677	0.10640	0.01745	0.00496	0.02419	0.00611
30	0.01250	0.10111	0.04281	0.14481	0.26849	0.11727	0.06159	0.08945	0.01201	0.01537	0.01009	0.07111	0.00890	0.00547	0.00490	0.00147	0.01866	0.00474	0.00272	0.00654
31	0.00594	0.00474	0.00534	0.00566	0.00686	0.00414	0.00413	0.00718	0.01076	0.01345	0.10351	0.26882	0.49147	0.01295	0.00589	0.00174	0.00261	0.03615	0.00457	0.00410
32	0.00866	0.00516	0.00671	0.00676	0.00792	0.00473	0.00497	0.01012	0.01123	0.12837	0.22115	0.34643	0.08855	0.05090	0.00671	0.00190	0.00304	0.06244	0.01953	0.00473

[dist]
# distance from previous block
# <min> <max>
4	6

[block]
# block no. 9 follows, 52 sequences, length 35
# corresponding to MSA columns:
# 549-583
name=unknown_J
#
# <colnr> <probs for GDERKNQSTAVLIFYWHMCP>
#	G	D	E	R	K	N	Q	S	T	A	V	L	I	F	Y	W	H	M	C	P
0	0.01034	0.01011	0.01555	0.55397	0.10119	0.05180	0.05274	0.03090	0.01027	0.01335	0.00858	0.01232	0.00667	0.00499	0.00559	0.00158	0.06388	0.00426	0.00230	0.03962
1	0.39605	0.05035	0.06508	0.01012	0.01346	0.23901	0.07130	0.05551	0.01101	0.01776	0.00774	0.00915	0.00612	0.00540	0.02249	0.00156	0.00612	0.00323	0.00279	0.00576
2	0.01097	0.00589	0.00755	0.00688	0.00880	0.00523	0.00538	0.01274	0.01247	0.24818	0.25256	0.12044	0.20196	0.01014	0.00560	0.00165	0.00310	0.06982	0.00518	0.00547
3	0.00966	0.00856	0.02972	0.10532	0.15975	0.00928	0.04335	0.05394	0.02363	0.01358	0.01083	0.01606	0.00977	0.08771	0.23315	0.05838	0.09623	0.00486	0.02085	0.00535
4	0.00682	0.00501	0.00608	0.00592	0.00703	0.00466	0.00431	0.00894	0.03477	0.01684	0.48363	0.09803	0.17750	0.08078	0.00727	0.00184	0.00261	0.00903	0.03454	0.00438
5	0.86392	0.00937	0.00712	0.00637	0.00937	0.01087	0.00525	0.01425	0.00825	0.02174	0.00675	0.00787	0.00525	0.00450	0.00300	0.00150	0.00375	0.00262	0.00300	0.00525
6	0.01784	0.02266	0.01377	0.01249	0.01490	0.78255	0.00941	0.01908	0.01351	0.01185	0.00745	0.00880	0.00625	0.00512	0.00477	0.00128	0.03701	0.00316	0.00248	0.00561
7	0.00692	0.00478	0.00558	0.00557	0.00584	0.00481	0.00341	0.00728	0.00761	0.01014	0.03495	0.03149	0.08049	0.65024	0.11725	0.00475	0.00546	0.00712	0.00307	0.00323
8	0.02824	0.01142	0.05360	0.03206	0.26691	0.02849	0.02753	0.14384	0.18830	0.01940	0.03671	0.01556	0.03806	0.00567	0.00474	0.00148	0.00489	0.00487	0.08114	0.00708
9	0.00702	0.00480	0.00579	0.00579	0.00596	0.00497	0.00357	0.00737	0.00720	0.00977	0.01481	0.02916	0.01651	0.66972	0.18312	0.00532	0.00637	0.00667	0.00287	0.00322
10	0.05104	0.01312	0.15935	0.03460	0.27179	0.01098	0.03246	0.12324	0.02501	0.09070	0.02155	0.01457	0.02765	0.00555	0.00525	0.00153	0.04127	0.02756	0.03569	0.00708
11	0.01289	0.18927	0.06221	0.01657	0.25148	0.09532	0.07286	0.04697	0.06462	0.03065	0.00943	0.01100	0.00764	0.00451	0.00433	0.00129	0.00578	0.00382	0.00272	0.10665
12	0.01252	0.09040	0.25277	0.03058	0.09794	0.09999	0.01182	0.05384	0.08656	0.07797	0.03577	0.03084	0.00982	0.00691	0.04001	0.00176	0.04638	0.00435	0.00305	0.00674
13	0.01133	0.00947	0.01108	0.00872	0.01189	0.03757	0.04734	0.11460	0.09689	0.01848	0.08668	0.01473	0.01240	0.00536	0.00480	0.00117	0.04250	0.00433	0.10461	0.35605
14	0.00616	0.00459	0.00630	0.00708	0.00748	0.00440	0.02106	0.00707	0.00926	0.01235	0.02616	0.74141	0.05299	0.04101	0.00699	0.00204	0.02224	0.01306	0.00435	0.00400
15	0.01151	0.01103	0.01880	0.16261	0.67034	0.01139	0.01463	0.01445	0.01081	0.01525	0.00903	0.01215	0.00747	0.00441	0.00481	0.00147	0.00588	0.00432	0.00236	0.00729
16	0.00590	0.00424	0.00560	0.00668	0.00701	0.00394	0.00447	0.00675	0.00934	0.01240	0.02748	0.79953	0.05855	0.01508	0.00617	0.00196	0.00280	0.01365	0.00450	0.00394
17	0.86392	0.00937	0.00712	0.00637	0.00937	0.01087	0.00525	0.01425	0.00825	0.02174	0.00675	0.00787	0.00525	0.00450	0.00300	0.00150	0.00375	0.00262	0.00300	0.00525
18	0.01080	0.30012	0.04446	0.02717	0.05283	0.01235	0.15688	0.02814	0.01085	0.01399	0.01383	0.04067	0.01362	0.00720	0.00494	0.00158	0.00555	0.22941	0.01981	0.00580
19	0.00590	0.00422	0.00562	0.00675	0.00703	0.00394	0.00450	0.00675	0.00928	0.01237	0.02671	0.82653	0.03205	0.01518	0.00619	0.00197	0.00281	0.01378	0.00450	0.00394
20	0.01304	0.02634	0.03101	0.12979	0.28642	0.06998	0.09771	0.16668	0.04114	0.01766	0.00978	0.01215	0.00771	0.00564	0.01733	0.01666	0.03671	0.00440	0.00293	0.00693
21	0.86392	0.00937	0.00712	0.00637	0.00937	0.01087	0.00525	0.01425	0.00825	0.02174	0.00675	0.00787	0.00525	0.00450	0.00300	0.00150	0.00375	0.00262	0.00300	0.00525
22	0.01810	0.02310	0.01373	0.01248	0.01498	0.81024	0.00936	0.01935	0.01373	0.01186	0.00749	0.00874	0.00624	0.00499	0.00437	0.00125	0.00874	0.00312	0.00250	0.00562
23	0.00973	0.00946	0.01662	0.44607	0.07040	0.01080	0.16219	0.02346	0.01015	0.01349	0.02943	0.01559	0.02949	0.03444	0.01817	0.00185	0.07275	0.01783	0.00247	0.00560
24	0.00705	0.00470	0.00529	0.00529	0.00529	0.00470	0.00294	0.00705	0.00705	0.00940	0.01527	0.03171	0.01762	0.82969	0.02467	0.00470	0.00470	0.00705	0.00294	0.00294
25	0.01006	0.02924	0.01546	0.59298	0.08555	0.01132	0.05110	0.02730	0.10156	0.01400	0.01002	0.01332	0.00759	0.00497	0.00485	0.00159	0.00614	0.00447	0.00255	0.00594
26	0.00573	0.00488	0.00494	0.00498	0.00656	0.00408	0.00371	0.00695	0.01098	0.01306	0.04820	0.07767	0.76704	0.01239	0.00575	0.00165	0.00247	0.01037	0.00450	0.00408
27	0.01995	0.00804	0.01075	0.00837	0.01182	0.00710	0.00687	0.04843	0.01407	0.68480	0.08858	0.01814	0.01490	0.00633	0.00491	0.00149	0.00395	0.00520	0.02847	0.00782
28	0.00589	0.00429	0.00555	0.00655	0.00698	0.00395	0.00441	0.00677	0.00946	0.01245	0.02908	0.74405	0.11300	0.01487	0.00614	0.00193	0.00277	0.01340	0.00450	0.00395
29	0.00915	0.00861	0.01453	0.81804	0.03338	0.01077	0.01346	0.01238	0.00969	0.01238	0.00861	0.01292	0.00646	0.00484	0.00484	0.00161	0.00646	0.00431	0.00215	0.00538
30	0.01637	0.01960	0.01483	0.01284	0.01521	0.57126	0.06490	0.07032	0.01318	0.01333	0.00795	0.01000	0.00672	0.02308	0.00652	0.00148	0.12038	0.00363	0.00261	0.00576
31	0.00709	0.00504	0.00624	0.00592	0.00725	0.00453	0.00444	0.00906	0.01292	0.04632	0.55888	0.06491	0.22836	0.01052	0.00570	0.00157	0.00241	0.00915	0.00513	0.00457
32	0.01360	0.03965	0.06779	0.01124	0.03676	0.12227	0.04709	0.08115	0.38367	0.06872	0.01572	0.01538	0.02525	0.00591	0.00474	0.00151	0.00510	0.00482	0.04249	0.00712
33	0.36272	0.03411	0.06001	0.00924	0.06162	0.00963	0.00740	0.01743	0.05441	0.25540	0.07325	0.01366	0.01122	0.00547	0.00410	0.00149	0.00414	0.00411	0.00407	0.00654
34	0.06653	0.17860	0.16568	0.01045	0.01463	0.04794	0.01001	0.19932	0.19272	0.05044	0.01177	0.01191	0.00882	0.00532	0.00434	0.00143	0.00531	0.00398	0.00361	0.00720

[dist]
# distance from previous block
# <min> <max>
0	2

[block]
# block no. 10 follows, 52 sequences, length 46
# corresponding to MSA columns:
# 586-631
name=unknown_K
#
# <colnr> <probs for GDERKNQSTAVLIFYWHMCP>
#	G	D	E	R	K	N	Q	S	T	A	V	L	I	F	Y	W	H	M	C	P
0	0.03340	0.20201	0.35602	0.01252	0.05514	0.01280	0.05790	0.06510	0.04143	0.07046	0.02450	0.01200	0.02624	0.00498	0.00439	0.00142	0.00597	0.00395	0.00280	0.00694
1	0.04177	0.04729	0.18855	0.01186	0.03715	0.02631	0.16476	0.01314	0.04271	0.02835	0.12873	0.11699	0.07965	0.00735	0.00535	0.00159	0.02058	0.00660	0.02544	0.00583
2	0.00641	0.00500	0.00529	0.00522	0.00684	0.00423	0.00391	0.00771	0.01123	0.04326	0.09492	0.08568	0.67938	0.01204	0.00572	0.00164	0.00253	0.01012	0.00461	0.00427
3	0.01217	0.08840	0.39907	0.08019	0.01919	0.16716	0.03923	0.04596	0.03347	0.03161	0.01021	0.01158	0.03087	0.00501	0.00455	0.00145	0.00690	0.00386	0.00251	0.00660
4	0.01330	0.04172	0.11788	0.03225	0.28992	0.07461	0.10984	0.05831	0.07068	0.09539	0.01112	0.02635	0.00865	0.00508	0.00508	0.00150	0.02353	0.00455	0.00307	0.00719
5	0.10343	0.00983	0.01138	0.00898	0.01244	0.00996	0.00736	0.25547	0.05415	0.38575	0.04756	0.01550	0.02348	0.00607	0.00469	0.00149	0.00430	0.00475	0.02578	0.00761
6	0.00696	0.00479	0.00605	0.00682	0.00768	0.00456	0.00524	0.00852	0.01031	0.01413	0.04379	0.34785	0.13026	0.01269	0.00585	0.00187	0.00317	0.24205	0.13320	0.00422
7	0.01089	0.01663	0.32851	0.01446	0.11832	0.04648	0.07525	0.05223	0.14948	0.01675	0.03670	0.01629	0.08489	0.00583	0.00492	0.00154	0.00587	0.00498	0.00311	0.00688
8	0.01554	0.01243	0.01286	0.02726	0.04032	0.11895	0.00875	0.38209	0.01670	0.08387	0.01359	0.09402	0.01185	0.02602	0.00627	0.00165	0.06337	0.05342	0.00419	0.00683
9	0.00620	0.00440	0.00573	0.00646	0.00686	0.00414	0.00433	0.00720	0.00978	0.01324	0.15855	0.59607	0.03271	0.11038	0.00828	0.00221	0.00294	0.01212	0.00446	0.00393
10	0.01033	0.01086	0.07006	0.40639	0.30246	0.01092	0.05957	0.01361	0.01032	0.01421	0.00914	0.01261	0.00715	0.00463	0.00481	0.00153	0.00620	0.00435	0.03450	0.00635
11	0.01145	0.35633	0.28590	0.04268	0.05301	0.03689	0.07079	0.01498	0.02772	0.01381	0.03892	0.01076	0.00808	0.00463	0.00413	0.00133	0.00611	0.00363	0.00231	0.00655
