[name]
unknown

[dist]
# distance from previous block
# <min> <max>
0	45

[block]
# block no. 0 follows, 48 sequences, length 110
# corresponding to MSA columns:
# 193-208,212-228,230-275,278-308
name=unknown_A
#
# <colnr> <probs for GDERKNQSTAVLIFYWHMCP>
#	G	D	E	R	K	N	Q	S	T	A	V	L	I	F	Y	W	H	M	C	P
0	0.01756	0.01319	0.01512	0.01348	0.09148	0.01441	0.01018	0.60967	0.02150	0.02887	0.01374	0.01754	0.01103	0.00691	0.00535	0.00163	0.00559	0.08971	0.00483	0.00821
1	0.01246	0.01361	0.09704	0.02983	0.71212	0.01216	0.01606	0.01580	0.01160	0.01671	0.00961	0.01252	0.00797	0.00460	0.00506	0.00153	0.00624	0.00449	0.00250	0.00807
2	0.01311	0.01411	0.10073	0.01119	0.01460	0.09027	0.00953	0.02534	0.61575	0.01999	0.01828	0.01722	0.01373	0.00656	0.00512	0.00169	0.00497	0.00533	0.00462	0.00785
3	0.03420	0.01643	0.01508	0.01202	0.01580	0.18216	0.00971	0.59792	0.02182	0.02797	0.01130	0.01160	0.00822	0.00595	0.00499	0.00149	0.00638	0.00431	0.00457	0.00808
4	0.01571	0.01196	0.01450	0.01476	0.17794	0.01281	0.00988	0.45635	0.01873	0.02577	0.01437	0.07540	0.02947	0.00672	0.00509	0.00155	0.00513	0.00554	0.09057	0.00774
5	0.00621	0.00462	0.00579	0.00673	0.00733	0.00420	0.00458	0.00719	0.01022	0.01326	0.03331	0.65345	0.19357	0.01542	0.00645	0.00201	0.00290	0.01379	0.00476	0.00420
6	0.01131	0.01062	0.01782	0.02604	0.60706	0.01051	0.02810	0.01394	0.01138	0.01601	0.01472	0.14787	0.04841	0.00687	0.00539	0.00163	0.00547	0.00655	0.00301	0.00727
7	0.01930	0.00961	0.01447	0.01290	0.10223	0.00880	0.08354	0.06210	0.01423	0.52619	0.01825	0.07732	0.01310	0.00668	0.00534	0.00163	0.00495	0.00587	0.00536	0.00814
8	0.00641	0.00458	0.00613	0.00732	0.00769	0.00430	0.00503	0.00741	0.00998	0.01327	0.02820	0.75838	0.03360	0.01593	0.00659	0.00211	0.00311	0.07101	0.00476	0.00421
9	0.00631	0.00484	0.00579	0.00633	0.00728	0.00431	0.00445	0.00755	0.01112	0.01433	0.13310	0.43265	0.31505	0.01422	0.00631	0.00189	0.00277	0.01252	0.00488	0.00431
10	0.00692	0.00536	0.00727	0.00792	0.00828	0.00571	0.00564	0.00794	0.00950	0.01292	0.02508	0.62408	0.05046	0.01739	0.08595	0.00270	0.09581	0.01243	0.00428	0.00438
11	0.00995	0.00909	0.01498	0.43685	0.22379	0.01021	0.01264	0.01306	0.01153	0.01564	0.17403	0.01866	0.01600	0.00612	0.00531	0.00164	0.00571	0.00557	0.00306	0.00614
12	0.02302	0.00873	0.01191	0.00913	0.01310	0.00754	0.00754	0.02501	0.01469	0.79122	0.02024	0.01746	0.01270	0.00635	0.00516	0.00159	0.00437	0.00516	0.00635	0.00873
13	0.00891	0.00446	0.00668	0.00668	0.00668	0.00446	0.00446	0.00668	0.00668	0.00891	0.00891	0.01560	0.00891	0.01783	0.02005	0.85071	0.00446	0.00446	0.00223	0.00223
14	0.05562	0.00929	0.01519	0.73153	0.06546	0.01144	0.01384	0.01333	0.01024	0.01380	0.00904	0.01335	0.00682	0.00509	0.00502	0.00170	0.00665	0.00446	0.00234	0.00579
15	0.01029	0.02654	0.79309	0.01462	0.02221	0.01192	0.01896	0.01625	0.01083	0.01625	0.00921	0.01083	0.00650	0.00487	0.00487	0.00162	0.00758	0.00379	0.00217	0.00758
16	0.00969	0.00912	0.01539	0.80734	0.03534	0.01140	0.01425	0.01311	0.01026	0.01311	0.00912	0.01368	0.00684	0.00513	0.00513	0.00171	0.00684	0.00456	0.00228	0.00570
17	0.00891	0.00446	0.00668	0.00668	0.00668	0.00446	0.00446	0.00668	0.00668	0.00891	0.00891	0.01560	0.00891	0.01783	0.02005	0.85071	0.00446	0.00446	0.00223	0.00223
18	0.01662	0.01387	0.01371	0.01136	0.01482	0.08593	0.00908	0.38773	0.34239	0.02593	0.01554	0.01493	0.01147	0.00642	0.00512	0.00160	0.00530	0.00500	0.00494	0.00822
19	0.01304	0.71721	0.06683	0.00892	0.01324	0.01867	0.00903	0.01498	0.01076	0.01295	0.06667	0.01067	0.00978	0.00488	0.00359	0.00117	0.00537	0.00330	0.00246	0.00651
20	0.01036	0.00705	0.00832	0.00792	0.00960	0.00698	0.00589	0.17079	0.01376	0.07709	0.06112	0.42006	0.15573	0.01246	0.00604	0.00185	0.00356	0.01088	0.00500	0.00554
21	0.01167	0.01310	0.02827	0.02067	0.03704	0.01229	0.69906	0.01572	0.01193	0.01619	0.01174	0.07513	0.00979	0.00523	0.00608	0.00175	0.00818	0.00668	0.00276	0.00673
22	0.00886	0.00447	0.00665	0.00665	0.00665	0.00447	0.00441	0.00671	0.00671	0.00895	0.00917	0.01623	0.00925	0.04598	0.02027	0.82102	0.00447	0.00456	0.00226	0.00226
23	0.85592	0.00992	0.00754	0.00675	0.00992	0.01151	0.00556	0.01508	0.00873	0.02302	0.00714	0.00834	0.00556	0.00476	0.00318	0.00159	0.00397	0.00278	0.00318	0.00556
24	0.00635	0.00543	0.00548	0.00543	0.00720	0.00467	0.00408	0.00819	0.04166	0.01431	0.06705	0.04796	0.73918	0.01270	0.00603	0.00173	0.00265	0.01060	0.00480	0.00449
25	0.01824	0.02236	0.01453	0.01304	0.01551	0.67277	0.00993	0.06014	0.01435	0.01360	0.00821	0.00984	0.00688	0.00643	0.02458	0.00158	0.07568	0.00353	0.00275	0.00604
26	0.00606	0.00520	0.00520	0.00520	0.00693	0.00433	0.00390	0.00736	0.01170	0.01386	0.05198	0.04938	0.78558	0.01299	0.00606	0.00173	0.00260	0.01083	0.00476	0.00433
27	0.01270	0.01219	0.02083	0.03149	0.78767	0.01219	0.01575	0.01575	0.01168	0.01676	0.00965	0.01270	0.00813	0.00457	0.00508	0.00152	0.00610	0.00457	0.00254	0.00813
28	0.01361	0.01270	0.01334	0.07379	0.09187	0.10216	0.00963	0.06451	0.51638	0.01994	0.01694	0.01660	0.01284	0.00635	0.00513	0.00166	0.00515	0.00524	0.00443	0.00772
29	0.00670	0.00522	0.00608	0.00587	0.00732	0.00460	0.00440	0.00860	0.01320	0.01744	0.44263	0.04349	0.39270	0.01166	0.00606	0.00167	0.00250	0.01000	0.00524	0.00460
30	0.00624	0.00450	0.00592	0.00705	0.00742	0.00418	0.00472	0.00715	0.00991	0.01313	0.02938	0.78081	0.06875	0.01593	0.00653	0.00207	0.00296	0.01441	0.00476	0.00418
31	0.01064	0.00912	0.01064	0.00760	0.01216	0.00684	0.00608	0.01292	0.01064	0.01672	0.00912	0.01064	0.00760	0.00380	0.00380	0.00076	0.00380	0.00304	0.00304	0.85104
32	0.00969	0.00912	0.01539	0.80734	0.03534	0.01140	0.01425	0.01311	0.01026	0.01311	0.00912	0.01368	0.00684	0.00513	0.00513	0.00171	0.00684	0.00456	0.00228	0.00570
33	0.85592	0.00992	0.00754	0.00675	0.00992	0.01151	0.00556	0.01508	0.00873	0.02302	0.00714	0.00834	0.00556	0.00476	0.00318	0.00159	0.00397	0.00278	0.00318	0.00556
34	0.00726	0.00524	0.00686	0.00646	0.00767	0.00484	0.00484	0.00968	0.01452	0.02058	0.78496	0.03833	0.04841	0.01049	0.00605	0.00161	0.00242	0.00928	0.00565	0.00484
35	0.01951	0.01437	0.01540	0.01181	0.01591	0.01591	0.00975	0.77056	0.02412	0.03234	0.01232	0.01232	0.00873	0.00616	0.00513	0.00154	0.00565	0.00462	0.00513	0.00873
36	0.85592	0.00992	0.00754	0.00675	0.00992	0.01151	0.00556	0.01508	0.00873	0.02302	0.00714	0.00834	0.00556	0.00476	0.00318	0.00159	0.00397	0.00278	0.00318	0.00556
37	0.01372	0.82276	0.02689	0.00878	0.01317	0.02030	0.00878	0.01536	0.01043	0.01207	0.00713	0.00823	0.00658	0.00439	0.00329	0.00110	0.00549	0.00274	0.00219	0.00658
38	0.00835	0.00542	0.00714	0.00674	0.00805	0.00497	0.00504	0.01056	0.01399	0.07858	0.63849	0.12726	0.04400	0.01082	0.00604	0.00167	0.00263	0.00958	0.00560	0.00506
39	0.00751	0.00577	0.00860	0.00849	0.00937	0.00685	0.00664	0.00931	0.00823	0.01193	0.01341	0.01973	0.01254	0.03708	0.76227	0.00796	0.05148	0.00545	0.00272	0.00463
40	0.01892	0.06064	0.01510	0.01302	0.01574	0.76377	0.00986	0.02026	0.01435	0.01254	0.00790	0.00921	0.00661	0.00525	0.00457	0.00131	0.00908	0.00328	0.00262	0.00598
41	0.00625	0.00447	0.00595	0.00714	0.00744	0.00417	0.00476	0.00714	0.00982	0.01310	0.02828	0.81633	0.03394	0.01608	0.00655	0.00208	0.00298	0.01459	0.00476	0.00417
42	0.02275	0.00918	0.01218	0.00934	0.01332	0.00820	0.00772	0.08359	0.01543	0.73159	0.01962	0.01706	0.01239	0.00634	0.00516	0.00158	0.00447	0.00512	0.00626	0.00873
43	0.01372	0.82276	0.02689	0.00878	0.01317	0.02030	0.00878	0.01536	0.01043	0.01207	0.00713	0.00823	0.00658	0.00439	0.00329	0.00110	0.00549	0.00274	0.00219	0.00658
44	0.00934	0.00482	0.00486	0.00486	0.00608	0.00478	0.00365	0.01166	0.01077	0.01873	0.01860	0.02078	0.05495	0.00686	0.01590	0.00133	0.00258	0.00512	0.78957	0.00475
45	0.00609	0.00509	0.00531	0.00548	0.00700	0.00431	0.00402	0.00733	0.01142	0.01375	0.04854	0.16059	0.67659	0.01344	0.00613	0.00178	0.00265	0.01137	0.00476	0.00431
46	0.00645	0.00461	0.00618	0.00737	0.00776	0.00434	0.00511	0.00749	0.01002	0.01332	0.02817	0.74147	0.03350	0.01589	0.00660	0.00211	0.00315	0.08748	0.00476	0.00422
47	0.01251	0.01387	0.02947	0.02109	0.02623	0.01313	0.72794	0.05725	0.01276	0.01730	0.01049	0.01376	0.00784	0.00442	0.00601	0.00172	0.00849	0.00598	0.00273	0.00702
48	0.01211	0.01384	0.03028	0.02163	0.02682	0.01298	0.76903	0.01644	0.01211	0.01644	0.01038	0.01384	0.00779	0.00433	0.00606	0.00173	0.00865	0.00606	0.00260	0.00692
49	0.02275	0.00916	0.01217	0.00933	0.01331	0.00818	0.00771	0.08197	0.01541	0.73324	0.01964	0.01707	0.01240	0.00634	0.00516	0.00158	0.00446	0.00512	0.00626	0.00873
50	0.00678	0.00485	0.00651	0.00741	0.00802	0.00459	0.00537	0.00821	0.01103	0.01487	0.16830	0.54357	0.03587	0.01472	0.00655	0.00204	0.00317	0.13883	0.00492	0.00439
51	0.00701	0.00523	0.00651	0.00619	0.00751	0.00473	0.00464	0.00919	0.01392	0.01915	0.62929	0.04068	0.20497	0.01102	0.00605	0.00164	0.00246	0.00961	0.00546	0.00473
52	0.85592	0.00992	0.00754	0.00675	0.00992	0.01151	0.00556	0.01508	0.00873	0.02302	0.00714	0.00834	0.00556	0.00476	0.00318	0.00159	0.00397	0.00278	0.00318	0.00556
53	0.01411	0.04905	0.01169	0.00877	0.01201	0.01007	0.00704	0.27880	0.01551	0.08401	0.01468	0.11635	0.01275	0.02830	0.00527	0.00145	0.00431	0.00557	0.11591	0.20433
54	0.53662	0.01098	0.00914	0.00819	0.01118	0.07153	0.00655	0.01812	0.17282	0.04931	0.01096	0.01167	0.00844	0.00715	0.04689	0.00196	0.00494	0.00369	0.00366	0.00619
55	0.01801	0.00889	0.01139	0.00851	0.01272	0.00726	0.00695	0.02011	0.01305	0.47770	0.01574	0.01470	0.01064	0.00532	0.00461	0.00125	0.00414	0.00430	0.00501	0.34970
56	0.01917	0.02445	0.01454	0.01322	0.01586	0.79907	0.00991	0.02049	0.01454	0.01256	0.00793	0.00925	0.00661	0.00529	0.00463	0.00132	0.00925	0.00330	0.00264	0.00595
57	0.01149	0.01382	0.10502	0.01684	0.02210	0.01109	0.46964	0.01540	0.01155	0.01650	0.00989	0.01260	0.00760	0.00423	0.00528	0.00144	0.00714	0.00495	0.00268	0.25075
58	0.00634	0.00453	0.00606	0.00725	0.00759	0.00425	0.00493	0.00731	0.00992	0.01320	0.02823	0.78120	0.03373	0.01599	0.00657	0.00210	0.00306	0.04879	0.00476	0.00419
59	0.00720	0.00526	0.00677	0.00643	0.00768	0.00483	0.00485	0.00954	0.01425	0.01996	0.71352	0.03960	0.10169	0.01076	0.00608	0.00164	0.00249	0.02708	0.00556	0.00480
60	0.00627	0.00459	0.00590	0.00693	0.00744	0.00422	0.00472	0.00724	0.01011	0.01324	0.03139	0.69971	0.13318	0.01563	0.00650	0.00204	0.00296	0.02895	0.00476	0.00420
61	0.01941	0.01728	0.01515	0.01221	0.01590	0.24207	0.00980	0.55396	0.02136	0.02663	0.01105	0.01143	0.00811	0.00591	0.00499	0.00148	0.00669	0.00424	0.00441	0.00792
62	0.00733	0.00550	0.00825	0.00825	0.00916	0.00641	0.00641	0.00916	0.00825	0.01191	0.01374	0.02016	0.01283	0.03848	0.79934	0.00825	0.01374	0.00550	0.00275	0.00458
63	0.00625	0.00447	0.00595	0.00714	0.00744	0.00417	0.00476	0.00714	0.00982	0.01310	0.02828	0.81633	0.03394	0.01608	0.00655	0.00208	0.00298	0.01459	0.00476	0.00417
64	0.01260	0.01237	0.02029	0.11324	0.65663	0.04156	0.03711	0.01566	0.01165	0.01621	0.00955	0.01271	0.00792	0.00465	0.00510	0.00154	0.00637	0.00457	0.00252	0.00775
65	0.01123	0.01123	0.01572	0.01347	0.01347	0.01572	0.01123	0.01235	0.00786	0.01235	0.00674	0.01123	0.00674	0.00898	0.01684	0.00225	0.81028	0.00449	0.00225	0.00561
66	0.01848	0.01339	0.01431	0.01108	0.01489	0.01477	0.00912	0.69253	0.02275	0.03098	0.01277	0.01302	0.00918	0.00614	0.00497	0.00150	0.00531	0.00464	0.09184	0.00832
67	0.00625	0.00447	0.00595	0.00714	0.00744	0.00417	0.00476	0.00714	0.00982	0.01310	0.02828	0.81633	0.03394	0.01608	0.00655	0.00208	0.00298	0.01459	0.00476	0.00417
68	0.01630	0.01079	0.01111	0.00903	0.01199	0.05330	0.00727	0.36875	0.01767	0.11479	0.01460	0.01522	0.01068	0.00607	0.00455	0.00141	0.00451	0.00467	0.31014	0.00715
69	0.02008	0.01083	0.01273	0.00987	0.01362	0.01098	0.00812	0.35473	0.01848	0.37524	0.01637	0.01535	0.01098	0.00623	0.00499	0.00153	0.00473	0.00488	0.09194	0.00833
70	0.01236	0.01379	0.02429	0.01830	0.02159	0.07394	0.46192	0.01540	0.01090	0.01480	0.00900	0.01263	0.00735	0.00593	0.00949	0.00187	0.27222	0.00533	0.00248	0.00642
71	0.00625	0.00447	0.00595	0.00714	0.00744	0.00417	0.00476	0.00714	0.00982	0.01310	0.02828	0.81633	0.03394	0.01608	0.00655	0.00208	0.00298	0.01459	0.00476	0.00417
72	0.00726	0.00524	0.00686	0.00646	0.00767	0.00484	0.00484	0.00968	0.01452	0.02058	0.78496	0.03833	0.04841	0.01049	0.00605	0.00161	0.00242	0.00928	0.00565	0.00484
73	0.01951	0.01437	0.01540	0.01181	0.01591	0.01591	0.00975	0.77056	0.02412	0.03234	0.01232	0.01232	0.00873	0.00616	0.00513	0.00154	0.00565	0.00462	0.00513	0.00873
74	0.00890	0.00779	0.01120	0.01029	0.01082	0.01013	0.00828	0.01041	0.00807	0.01204	0.01097	0.01685	0.01050	0.04358	0.46723	0.00576	0.33451	0.00513	0.00255	0.00496
75	0.02291	0.00891	0.01202	0.00922	0.01319	0.00781	0.00761	0.04906	0.01499	0.76674	0.01999	0.01730	0.01257	0.00634	0.00516	0.00159	0.00441	0.00514	0.00631	0.00873
76	0.02289	0.00894	0.01203	0.00923	0.01320	0.00785	0.00762	0.05220	0.01503	0.76354	0.01995	0.01728	0.01256	0.00634	0.00516	0.00159	0.00441	0.00514	0.00631	0.00873
77	0.00720	0.00524	0.00677	0.00639	0.00763	0.00481	0.00479	0.00956	0.01437	0.02021	0.74529	0.03893	0.08831	0.01063	0.00605	0.00162	0.00243	0.00936	0.00560	0.00481
78	0.00625	0.00449	0.00593	0.00708	0.00742	0.00417	0.00473	0.00715	0.00989	0.01312	0.02910	0.78997	0.05977	0.01597	0.00653	0.00207	0.00296	0.01446	0.00476	0.00417
79	0.01124	0.01221	0.02528	0.24810	0.02872	0.01227	0.52901	0.01521	0.01151	0.01538	0.01053	0.03696	0.00827	0.00490	0.00580	0.00173	0.00796	0.00587	0.00257	0.00649
80	0.00975	0.00876	0.01447	0.71020	0.04983	0.01077	0.01323	0.01306	0.01034	0.01379	0.00988	0.01420	0.00749	0.00520	0.00498	0.00165	0.00638	0.00458	0.08577	0.00567
81	0.00612	0.00509	0.00535	0.00552	0.00702	0.00432	0.00405	0.00738	0.01148	0.01390	0.06534	0.16505	0.65493	0.01340	0.00614	0.00178	0.00265	0.01136	0.00478	0.00432
82	0.02082	0.01226	0.01409	0.01080	0.01486	0.01278	0.00893	0.49157	0.02059	0.31631	0.01528	0.01424	0.01021	0.00623	0.00514	0.00156	0.00517	0.00482	0.00559	0.00873
83	0.01270	0.01219	0.02083	0.03149	0.78767	0.01219	0.01575	0.01575	0.01168	0.01676	0.00965	0.01270	0.00813	0.00457	0.00508	0.00152	0.00610	0.00457	0.00254	0.00813
84	0.00736	0.00538	0.00766	0.00766	0.00837	0.00609	0.00568	0.00878	0.00807	0.01147	0.01428	0.02314	0.01412	0.21225	0.62735	0.00752	0.01179	0.00593	0.00283	0.00425
85	0.02635	0.55838	0.11194	0.01050	0.01512	0.05381	0.04447	0.07901	0.03217	0.01487	0.00835	0.00946	0.00703	0.00470	0.00386	0.00126	0.00599	0.00328	0.00257	0.00689
86	0.08963	0.01079	0.01673	0.01529	0.13364	0.01117	0.14196	0.05152	0.01239	0.28944	0.01307	0.01418	0.00941	0.00703	0.03259	0.00192	0.13289	0.00490	0.00402	0.00742
87	0.00729	0.00488	0.00575	0.00597	0.00604	0.00485	0.00352	0.00742	0.00788	0.01053	0.01805	0.17177	0.02095	0.63520	0.04087	0.02895	0.00481	0.00859	0.00337	0.00331
88	0.02880	0.11425	0.14663	0.01321	0.01575	0.05465	0.05289	0.06086	0.01026	0.01463	0.00790	0.01097	0.00691	0.00744	0.02167	0.00195	0.41825	0.00417	0.00247	0.00632
89	0.01174	0.01122	0.01910	0.27794	0.54869	0.01194	0.01527	0.01491	0.01123	0.01560	0.00948	0.01301	0.00772	0.00475	0.00510	0.00158	0.00633	0.00457	0.00246	0.00736
90	0.00893	0.00740	0.00910	0.05049	0.01133	0.00645	0.00604	0.01138	0.02885	0.01720	0.25007	0.06579	0.10111	0.00770	0.00531	0.00130	0.02472	0.00652	0.00408	0.37625
91	0.01046	0.00961	0.01336	0.01175	0.01226	0.01282	0.00964	0.05239	0.00886	0.01329	0.00923	0.01408	0.00875	0.01805	0.26078	0.00408	0.51777	0.00481	0.00256	0.00546
92	0.00991	0.00512	0.00515	0.00503	0.00632	0.00517	0.00380	0.03838	0.01123	0.01959	0.01658	0.01889	0.01300	0.00598	0.00364	0.00121	0.00250	0.00478	0.81880	0.00492
93	0.00663	0.00538	0.00591	0.00581	0.00738	0.00476	0.00434	0.00868	0.03929	0.01590	0.24732	0.08086	0.52509	0.01225	0.00605	0.00172	0.00262	0.01041	0.00502	0.00459
94	0.01102	0.00837	0.00909	0.00838	0.01040	0.03819	0.00637	0.07092	0.21913	0.07778	0.12323	0.13513	0.13871	0.05727	0.04864	0.00226	0.00439	0.01978	0.00487	0.00607
95	0.01826	0.03556	0.01375	0.01036	0.01407	0.01323	0.00855	0.53291	0.02052	0.14010	0.01585	0.01555	0.05168	0.00649	0.00500	0.00151	0.00501	0.00499	0.07853	0.00808
96	0.00625	0.00447	0.00595	0.00714	0.00744	0.00417	0.00476	0.00714	0.00982	0.01310	0.02828	0.81633	0.03394	0.01608	0.00655	0.00208	0.00298	0.01459	0.00476	0.00417
97	0.00629	0.00449	0.00599	0.00719	0.00750	0.00420	0.00483	0.00721	0.00986	0.01314	0.02826	0.80286	0.03386	0.01604	0.00656	0.00209	0.00301	0.02770	0.00476	0.00418
98	0.01114	0.22279	0.60424	0.01318	0.01998	0.01398	0.01645	0.01603	0.01073	0.01522	0.00870	0.01019	0.00652	0.00476	0.00448	0.00149	0.00707	0.00353	0.00217	0.00734
99	0.00743	0.00496	0.00561	0.00564	0.00565	0.00495	0.00315	0.00745	0.00752	0.01003	0.01649	0.05428	0.01906	0.79842	0.02560	0.00490	0.00492	0.00765	0.00315	0.00314
100	0.00633	0.00456	0.00600	0.00701	0.00744	0.00423	0.00474	0.00736	0.01027	0.01373	0.08979	0.72440	0.06413	0.01551	0.00649	0.00203	0.00292	0.01402	0.00483	0.00423
101	0.01125	0.11701	0.57877	0.01363	0.04177	0.03767	0.01605	0.01607	0.01120	0.04234	0.03369	0.01291	0.03514	0.00532	0.00477	0.00155	0.00691	0.00413	0.00253	0.00727
102	0.24997	0.04446	0.04208	0.01016	0.01391	0.01402	0.00866	0.39442	0.10267	0.02657	0.01202	0.01330	0.00916	0.00602	0.00458	0.00159	0.00504	0.02948	0.00436	0.00752
103	0.00702	0.00559	0.00622	0.00625	0.00773	0.00513	0.00475	0.00920	0.05319	0.01503	0.14831	0.04567	0.46381	0.09367	0.00817	0.00212	0.00317	0.10571	0.00474	0.00454
104	0.00848	0.00788	0.01418	0.01194	0.01401	0.00754	0.24750	0.01071	0.01107	0.01483	0.07178	0.37355	0.07789	0.01139	0.00671	0.00194	0.03200	0.06737	0.00404	0.00519
105	0.01236	0.30540	0.03339	0.00865	0.01212	0.01272	0.00771	0.08455	0.01269	0.05403	0.16512	0.01728	0.04543	0.00635	0.00507	0.00130	0.04803	0.00482	0.00361	0.15941
106	0.75188	0.01051	0.00842	0.00734	0.01060	0.02508	0.00603	0.07871	0.01026	0.04191	0.00790	0.00890	0.00601	0.00493	0.00341	0.00158	0.00421	0.00300	0.00341	0.00590
107	0.00713	0.00534	0.00609	0.00583	0.00744	0.00465	0.00440	0.00890	0.01292	0.04382	0.34156	0.04388	0.46609	0.01177	0.00603	0.00168	0.00259	0.01002	0.00517	0.00469
108	0.01307	0.01118	0.01178	0.01051	0.01346	0.01291	0.00820	0.06169	0.74347	0.02197	0.02049	0.01883	0.01534	0.00692	0.00522	0.00173	0.00413	0.00575	0.00522	0.00815
109	0.00951	0.00479	0.00483	0.00482	0.00602	0.00478	0.00362	0.01190	0.01085	0.01916	0.03501	0.01959	0.01399	0.00609	0.00365	0.00121	0.00239	0.00489	0.82813	0.00478

[dist]
# distance from previous block
# <min> <max>
0	1

[block]
# block no. 1 follows, 48 sequences, length 29
# corresponding to MSA columns:
# 310-338
name=unknown_B
#
# <colnr> <probs for GDERKNQSTAVLIFYWHMCP>
#	G	D	E	R	K	N	Q	S	T	A	V	L	I	F	Y	W	H	M	C	P
0	0.00955	0.00805	0.01279	0.57144	0.04490	0.00968	0.01146	0.01256	0.01019	0.01416	0.01107	0.01584	0.00883	0.04388	0.03276	0.00198	0.00612	0.00477	0.16455	0.00542
1	0.62006	0.01085	0.00850	0.00758	0.01063	0.07436	0.00610	0.03114	0.06395	0.04586	0.01219	0.01274	0.06750	0.00568	0.00376	0.00159	0.00434	0.00377	0.00354	0.00584
2	0.01344	0.01266	0.02110	0.05996	0.75019	0.01261	0.01595	0.01623	0.01217	0.01743	0.01051	0.01393	0.00891	0.00519	0.00546	0.00169	0.00640	0.00485	0.00284	0.00846
3	0.01240	0.00944	0.01121	0.00878	0.01258	0.00835	0.01680	0.12206	0.05766	0.07126	0.01383	0.06684	0.01217	0.00619	0.00466	0.00122	0.00421	0.07030	0.00394	0.48611
4	0.01029	0.02654	0.79309	0.01462	0.02221	0.01192	0.01896	0.01625	0.01083	0.01625	0.00921	0.01083	0.00650	0.00487	0.00487	0.00162	0.00758	0.00379	0.00217	0.00758
5	0.08522	0.02507	0.72348	0.01393	0.02112	0.01188	0.01777	0.01615	0.01065	0.01685	0.00903	0.01061	0.00642	0.00486	0.00472	0.00162	0.00726	0.00370	0.00226	0.00740
6	0.11911	0.19306	0.11480	0.01013	0.01425	0.01384	0.00943	0.09919	0.23949	0.11694	0.01366	0.01340	0.01013	0.00569	0.00448	0.00152	0.00502	0.00429	0.00404	0.00753
7	0.00734	0.00574	0.00743	0.03907	0.04729	0.00546	0.00566	0.00945	0.03199	0.01630	0.30186	0.19372	0.21459	0.04983	0.00704	0.00193	0.00319	0.04251	0.00481	0.00478
8	0.00625	0.00447	0.00595	0.00714	0.00744	0.00417	0.00476	0.00714	0.00982	0.01310	0.02828	0.81633	0.03394	0.01608	0.00655	0.00208	0.00298	0.01459	0.00476	0.00417
9	0.01945	0.00902	0.01165	0.00883	0.01292	0.00768	0.00723	0.03861	0.03368	0.55261	0.01719	0.01562	0.01136	0.00570	0.00481	0.00138	0.00424	0.00461	0.00543	0.22800
10	0.12253	0.01086	0.01124	0.00948	0.01254	0.07366	0.00753	0.11623	0.18407	0.24785	0.04242	0.01697	0.01296	0.04308	0.06375	0.00222	0.00545	0.00505	0.00482	0.00730
11	0.02264	0.00935	0.01229	0.00942	0.01340	0.00845	0.00778	0.10610	0.01571	0.70868	0.01938	0.01690	0.01227	0.00633	0.00516	0.00158	0.00451	0.00510	0.00622	0.00873
12	0.00689	0.00510	0.00626	0.00622	0.00741	0.00461	0.00457	0.00880	0.01301	0.01777	0.46994	0.16251	0.21957	0.01183	0.00606	0.00170	0.00255	0.01035	0.03025	0.00461
13	0.00958	0.00714	0.00995	0.00911	0.01075	0.00705	0.07338	0.10752	0.04393	0.04871	0.16015	0.43831	0.02941	0.01200	0.00613	0.00186	0.00382	0.01087	0.00486	0.00546
14	0.01907	0.01416	0.01594	0.01222	0.01623	0.02972	0.04634	0.66095	0.02242	0.06815	0.01237	0.01256	0.00878	0.00615	0.00552	0.00157	0.02973	0.00469	0.00494	0.00850
15	0.00745	0.00600	0.00669	0.00687	0.00823	0.00585	0.00496	0.01098	0.14929	0.01509	0.06775	0.29972	0.33043	0.04797	0.00695	0.00199	0.00309	0.01097	0.00481	0.00493
16	0.01072	0.00654	0.00803	0.00715	0.00919	0.00611	0.00553	0.01411	0.09492	0.17141	0.40661	0.03439	0.18522	0.00980	0.00579	0.00165	0.00301	0.00841	0.00557	0.00585
17	0.01014	0.08167	0.01202	0.00987	0.01092	0.06420	0.00781	0.04851	0.01010	0.01366	0.01527	0.26204	0.01646	0.01542	0.14639	0.00301	0.23502	0.00757	0.02470	0.00523
18	0.00891	0.00446	0.00668	0.00668	0.00668	0.00446	0.00446	0.00668	0.00668	0.00891	0.00891	0.01560	0.00891	0.01783	0.02005	0.85071	0.00446	0.00446	0.00223	0.00223
19	0.00725	0.00477	0.00630	0.00715	0.00776	0.00440	0.00489	0.00829	0.01037	0.05841	0.05932	0.70800	0.06341	0.01516	0.00643	0.00202	0.00302	0.01368	0.00489	0.00447
20	0.00723	0.00525	0.00667	0.00746	0.00818	0.00505	0.00531	0.05165	0.01096	0.01444	0.02891	0.61535	0.09220	0.03102	0.00687	0.00211	0.00332	0.08879	0.00475	0.00448
21	0.01211	0.01358	0.02556	0.01882	0.02318	0.06432	0.58131	0.01647	0.05780	0.01609	0.01344	0.03143	0.05360	0.00548	0.00639	0.00173	0.04287	0.00623	0.00291	0.00667
22	0.00757	0.00507	0.00553	0.00542	0.00675	0.00465	0.00400	0.00944	0.01191	0.01709	0.23377	0.03594	0.30028	0.05674	0.00643	0.00172	0.00262	0.00831	0.27222	0.00454
23	0.00724	0.00513	0.00686	0.00703	0.00773	0.00539	0.00505	0.00863	0.00936	0.01322	0.10690	0.16905	0.04810	0.17987	0.34277	0.00511	0.00777	0.00809	0.05245	0.00425
24	0.03331	0.00919	0.01419	0.03906	0.01466	0.00986	0.13453	0.01562	0.05539	0.19797	0.01778	0.19023	0.04127	0.00939	0.02088	0.00198	0.17687	0.00737	0.00411	0.00634
25	0.01157	0.01046	0.01461	0.07440	0.01601	0.03951	0.10145	0.10719	0.08952	0.01663	0.01360	0.02065	0.01225	0.01336	0.14823	0.00305	0.18916	0.10884	0.00339	0.00612
26	0.04237	0.00846	0.00898	0.00783	0.01028	0.03676	0.00615	0.08714	0.14356	0.16291	0.08750	0.02263	0.10468	0.00793	0.01862	0.00163	0.00387	0.00599	0.22627	0.00647
27	0.00923	0.00717	0.01012	0.01067	0.07467	0.00742	0.03907	0.02977	0.06887	0.04722	0.10358	0.29972	0.06009	0.04449	0.04687	0.00235	0.05956	0.06937	0.00435	0.00541
28	0.03536	0.01276	0.03259	0.01319	0.09158	0.10337	0.06828	0.16428	0.20944	0.04497	0.04329	0.06336	0.05237	0.00696	0.00522	0.00162	0.00538	0.00588	0.03293	0.00719

[dist]
# distance from previous block
# <min> <max>
1	13

[block]
# block no. 2 follows, 48 sequences, length 50
# corresponding to MSA columns:
# 353-402
name=unknown_C
#
# <colnr> <probs for GDERKNQSTAVLIFYWHMCP>
#	G	D	E	R	K	N	Q	S	T	A	V	L	I	F	Y	W	H	M	C	P
0	0.01596	0.03869	0.01641	0.01286	0.04052	0.06382	0.12337	0.29347	0.09273	0.09977	0.03607	0.01593	0.05045	0.00625	0.00552	0.00156	0.02814	0.00523	0.00436	0.04890
1	0.03661	0.08290	0.32683	0.03806	0.04168	0.02430	0.06107	0.03194	0.01034	0.01491	0.01048	0.01425	0.00880	0.05212	0.19853	0.00336	0.03049	0.00449	0.00251	0.00636
2	0.00685	0.00503	0.00656	0.00755	0.00836	0.00474	0.00572	0.00827	0.01074	0.01393	0.03172	0.45683	0.15265	0.01499	0.00664	0.00211	0.00346	0.24473	0.00475	0.00437
3	0.00749	0.00534	0.00661	0.00708	0.00801	0.00514	0.00511	0.00923	0.04394	0.03827	0.03710	0.35375	0.18415	0.11708	0.06310	0.00279	0.00417	0.09266	0.00449	0.00448
4	0.04637	0.31406	0.25479	0.01289	0.01805	0.07203	0.13469	0.03693	0.01141	0.01510	0.00916	0.03580	0.00764	0.00503	0.00446	0.00144	0.00677	0.00406	0.00249	0.00683
5	0.01235	0.01227	0.02222	0.09002	0.58269	0.01228	0.16056	0.01567	0.01165	0.01642	0.00975	0.01300	0.00796	0.00457	0.00527	0.00158	0.00665	0.00486	0.00253	0.00771
6	0.01534	0.00990	0.01136	0.00900	0.01265	0.00961	0.00723	0.14488	0.18260	0.19941	0.01555	0.01520	0.01128	0.00569	0.00463	0.00134	0.00416	0.00457	0.08753	0.24806
7	0.04138	0.00798	0.00916	0.00779	0.01037	0.00798	0.00617	0.11549	0.09118	0.23780	0.07314	0.05279	0.05890	0.00728	0.00481	0.00151	0.00363	0.00595	0.24997	0.00672
8	0.01368	0.01190	0.07977	0.01034	0.01342	0.04560	0.03276	0.26603	0.05896	0.07776	0.13721	0.09862	0.05530	0.03087	0.02287	0.00188	0.02481	0.00674	0.00463	0.00683
9	0.00637	0.00498	0.00577	0.00606	0.00724	0.00438	0.00436	0.00777	0.01169	0.01499	0.19430	0.28700	0.39990	0.01345	0.00621	0.00182	0.00268	0.01169	0.00494	0.00438
10	0.00636	0.00471	0.00594	0.00675	0.00743	0.00430	0.00468	0.00751	0.01068	0.01402	0.10674	0.57733	0.17987	0.01490	0.00642	0.00198	0.00289	0.02838	0.00485	0.00428
11	0.03514	0.13175	0.18070	0.06894	0.20148	0.11054	0.08982	0.01697	0.06502	0.01557	0.00967	0.01172	0.00768	0.00500	0.00512	0.00153	0.02943	0.00418	0.00261	0.00711
12	0.01212	0.01267	0.08670	0.09176	0.16975	0.04056	0.16159	0.07572	0.08761	0.03642	0.03280	0.01695	0.05613	0.00817	0.06294	0.00210	0.00680	0.00544	0.02684	0.00694
13	0.00695	0.00506	0.00641	0.00716	0.00792	0.00478	0.00528	0.00824	0.01055	0.01373	0.06774	0.34892	0.15686	0.12590	0.00929	0.00247	0.00361	0.20035	0.00457	0.00422
14	0.00805	0.00602	0.00727	0.00748	0.00866	0.00592	0.00547	0.08073	0.05051	0.01668	0.14295	0.43328	0.14200	0.01330	0.00623	0.00191	0.00324	0.05038	0.00495	0.00495
15	0.01744	0.01626	0.01644	0.01523	0.11355	0.25887	0.08175	0.21181	0.10182	0.09774	0.01218	0.01283	0.00908	0.00562	0.00507	0.00151	0.00681	0.00452	0.00392	0.00754
16	0.01671	0.12804	0.01613	0.01147	0.01471	0.21527	0.03459	0.28177	0.06205	0.03520	0.01110	0.01202	0.00859	0.00584	0.00537	0.00146	0.05512	0.00416	0.07331	0.00711
17	0.01328	0.53335	0.02688	0.01258	0.01716	0.03886	0.22923	0.01572	0.01104	0.01354	0.00818	0.00998	0.00697	0.00437	0.00415	0.00127	0.00644	0.00373	0.00236	0.04092
18	0.00746	0.00500	0.00572	0.00572	0.00577	0.00504	0.00327	0.00754	0.00750	0.01004	0.01605	0.03294	0.01838	0.78225	0.06316	0.00513	0.00539	0.00737	0.00309	0.00318
19	0.00677	0.00500	0.00653	0.00724	0.00796	0.00496	0.00517	0.00836	0.03120	0.01338	0.02763	0.49567	0.11945	0.01981	0.17087	0.00330	0.00523	0.03295	0.02411	0.00441
20	0.00784	0.00542	0.00665	0.02156	0.00839	0.00533	0.00528	0.01034	0.05322	0.01650	0.17784	0.24103	0.09487	0.03763	0.01570	0.00196	0.00328	0.11191	0.17053	0.00473
21	0.10347	0.01032	0.01239	0.00960	0.01352	0.01012	0.00793	0.21895	0.01657	0.51778	0.01689	0.01523	0.01096	0.00615	0.00496	0.00158	0.00466	0.00479	0.00572	0.00842
22	0.00803	0.00598	0.00782	0.00869	0.01004	0.00588	0.00744	0.01068	0.04239	0.01532	0.03158	0.05474	0.17105	0.01366	0.00682	0.00222	0.00430	0.58381	0.00475	0.00479
23	0.00725	0.00520	0.00684	0.00769	0.00841	0.00508	0.00586	0.00864	0.01026	0.01346	0.02690	0.30954	0.08219	0.14323	0.04928	0.00293	0.00447	0.29413	0.00439	0.00424
24	0.00788	0.00528	0.00718	0.00718	0.00809	0.00590	0.00545	0.00969	0.00879	0.01349	0.01467	0.02104	0.01340	0.09672	0.54152	0.00626	0.01026	0.00549	0.20719	0.00451
25	0.00703	0.00514	0.00648	0.00703	0.00782	0.00485	0.00492	0.04224	0.01156	0.01548	0.17545	0.55530	0.10901	0.01425	0.00634	0.00193	0.00295	0.01275	0.00495	0.00452
26	0.28782	0.00911	0.01052	0.00837	0.01209	0.00880	0.00691	0.02185	0.01279	0.54699	0.01608	0.01456	0.01043	0.00585	0.00453	0.00159	0.00424	0.00440	0.00534	0.00772
27	0.01126	0.00978	0.01597	0.20715	0.41877	0.01030	0.02360	0.01426	0.01114	0.01645	0.01118	0.01444	0.00899	0.00503	0.00476	0.00149	0.00545	0.00464	0.19859	0.00676
28	0.00946	0.00886	0.01448	0.01228	0.01358	0.01068	0.13637	0.01143	0.00881	0.01286	0.01116	0.03837	0.01046	0.02187	0.37221	0.00490	0.28881	0.00550	0.00260	0.00532
29	0.01402	0.37337	0.19094	0.01105	0.01552	0.19001	0.01105	0.05455	0.01240	0.01471	0.06125	0.01130	0.00954	0.00520	0.00422	0.00132	0.00658	0.00364	0.00267	0.00665
30	0.01380	0.65134	0.13078	0.00979	0.01453	0.05402	0.01019	0.01603	0.01081	0.03775	0.00788	0.00893	0.00677	0.00456	0.00363	0.00120	0.00591	0.00299	0.00235	0.00676
31	0.01091	0.00956	0.02736	0.02754	0.21371	0.00848	0.03015	0.02491	0.04768	0.04118	0.05172	0.06512	0.06198	0.05550	0.00614	0.00154	0.00459	0.00553	0.00345	0.30292
32	0.01184	0.39283	0.40456	0.01203	0.03200	0.01560	0.01383	0.01566	0.01076	0.01445	0.02877	0.01040	0.00768	0.00479	0.00418	0.00138	0.00645	0.00347	0.00228	0.00706
33	0.00870	0.00933	0.09456	0.00903	0.01085	0.06407	0.02862	0.01161	0.07026	0.01478	0.04377	0.39985	0.04955	0.01353	0.05816	0.00228	0.00491	0.04557	0.05540	0.00517
34	0.00750	0.00547	0.00771	0.00767	0.00839	0.00623	0.00572	0.00896	0.00816	0.01175	0.01422	0.02275	0.01394	0.19879	0.59848	0.00723	0.02567	0.00586	0.03120	0.00430
35	0.18237	0.02296	0.01190	0.01058	0.04984	0.10854	0.04408	0.13887	0.07803	0.08007	0.03676	0.06631	0.13409	0.00744	0.00496	0.00161	0.00498	0.00595	0.00418	0.00650
36	0.01099	0.11945	0.41169	0.06853	0.13439	0.01261	0.08328	0.01542	0.01110	0.01573	0.04530	0.01272	0.00897	0.00570	0.02145	0.00170	0.00704	0.00432	0.00245	0.00717
37	0.00744	0.00603	0.00671	0.00640	0.00810	0.00569	0.00484	0.01100	0.11935	0.01743	0.32180	0.04104	0.40283	0.01122	0.00594	0.00169	0.00274	0.00955	0.00516	0.00505
38	0.01022	0.00869	0.01065	0.23986	0.01728	0.05511	0.00848	0.05533	0.09969	0.03139	0.23971	0.04512	0.09375	0.00817	0.00547	0.00165	0.00457	0.02061	0.03848	0.00574
39	0.03645	0.16947	0.09643	0.11884	0.34784	0.06050	0.04420	0.01598	0.01138	0.03937	0.00925	0.01165	0.00748	0.00473	0.00468	0.00148	0.00640	0.00410	0.00255	0.00724
40	0.01299	0.01296	0.01987	0.09242	0.66298	0.07752	0.01514	0.01593	0.01181	0.01612	0.00947	0.01249	0.00790	0.00468	0.00505	0.00152	0.00642	0.00447	0.00253	0.00775
41	0.03601	0.00530	0.00594	0.00585	0.00703	0.00560	0.00442	0.02512	0.01017	0.01730	0.01560	0.01963	0.01302	0.05426	0.19594	0.00310	0.00536	0.00502	0.56057	0.00475
42	0.03832	0.01224	0.01867	0.04727	0.05320	0.08779	0.27459	0.03155	0.03647	0.18444	0.01606	0.01792	0.07348	0.00629	0.00625	0.00169	0.05957	0.02354	0.00375	0.00690
43	0.09442	0.05161	0.53753	0.01279	0.01903	0.01210	0.01520	0.04189	0.08172	0.07091	0.01086	0.01176	0.00775	0.00518	0.00471	0.00161	0.00655	0.00396	0.00293	0.00751
44	0.00625	0.00502	0.00549	0.00573	0.00702	0.00436	0.00411	0.00745	0.01122	0.01388	0.08698	0.22290	0.53352	0.05371	0.00717	0.00197	0.00279	0.01143	0.00473	0.00426
45	0.01173	0.03779	0.35271	0.04011	0.24247	0.01213	0.02804	0.07131	0.07362	0.01763	0.01154	0.05737	0.00944	0.00566	0.00506	0.00162	0.00642	0.00488	0.00289	0.00759
46	0.11252	0.03371	0.04511	0.01100	0.04844	0.10599	0.03261	0.08087	0.14715	0.20278	0.03498	0.04050	0.01219	0.00626	0.00480	0.00156	0.00511	0.00499	0.06219	0.00722
47	0.01123	0.03553	0.04568	0.03365	0.01183	0.03130	0.00728	0.19622	0.08831	0.01918	0.10230	0.17820	0.09386	0.09923	0.02105	0.00217	0.00462	0.00796	0.00444	0.00597
48	0.00761	0.02640	0.00933	0.04094	0.01079	0.00623	0.05775	0.00919	0.01051	0.01406	0.06028	0.47019	0.07875	0.01326	0.01514	0.00201	0.03162	0.08361	0.00429	0.04806
49	0.01203	0.03417	0.04739	0.01557	0.15519	0.02983	0.10909	0.06734	0.21342	0.01851	0.05270	0.04284	0.01547	0.00730	0.00579	0.00173	0.02552	0.10888	0.00392	0.03333

[dist]
# distance from previous block
# <min> <max>
0	9

[block]
# block no. 3 follows, 48 sequences, length 16
# corresponding to MSA columns:
# 417-421,423-433
name=unknown_D
#
# <colnr> <probs for GDERKNQSTAVLIFYWHMCP>
#	G	D	E	R	K	N	Q	S	T	A	V	L	I	F	Y	W	H	M	C	P
0	0.05972	0.04589	0.15691	0.01028	0.01436	0.01080	0.02870	0.10158	0.10208	0.04004	0.04295	0.02799	0.06915	0.00628	0.00555	0.00146	0.06049	0.00488	0.00362	0.20724
1	0.00792	0.03249	0.00696	0.00626	0.00787	0.00520	0.00471	0.00948	0.01223	0.07409	0.22003	0.17667	0.39311	0.01214	0.00599	0.00173	0.00285	0.01041	0.00501	0.00483
2	0.04100	0.03759	0.27066	0.01212	0.01581	0.01169	0.05030	0.05089	0.03573	0.05181	0.01573	0.07911	0.09424	0.00779	0.00802	0.00181	0.20025	0.00579	0.00317	0.00648
3	0.01267	0.18950	0.20639	0.01780	0.19598	0.06536	0.13135	0.02845	0.05824	0.01592	0.02547	0.01216	0.00854	0.00490	0.00480	0.00149	0.00672	0.00432	0.00266	0.00728
4	0.01410	0.01112	0.01374	0.01121	0.01429	0.01220	0.07634	0.33471	0.18272	0.02361	0.04666	0.04019	0.01336	0.01218	0.14158	0.00276	0.00665	0.00564	0.02963	0.00731
5	0.00646	0.00472	0.00608	0.00678	0.00744	0.00434	0.00469	0.00774	0.01108	0.01486	0.20135	0.55929	0.11725	0.01449	0.00639	0.00194	0.00281	0.01299	0.00496	0.00434
6	0.01195	0.01107	0.01921	0.11703	0.23869	0.01164	0.20628	0.03726	0.03112	0.04137	0.01281	0.01622	0.04093	0.00589	0.00662	0.00169	0.09533	0.02123	0.06687	0.00680
7	0.01154	0.01130	0.02003	0.02403	0.44948	0.01108	0.18231	0.01512	0.04126	0.01690	0.07256	0.01908	0.07094	0.00594	0.00550	0.00162	0.00601	0.02495	0.00311	0.00723
8	0.00633	0.00470	0.00585	0.00663	0.00728	0.00428	0.00453	0.00739	0.01048	0.01371	0.09002	0.56873	0.19121	0.04459	0.00713	0.00208	0.00293	0.01314	0.00477	0.00421
9	0.06874	0.00873	0.08274	0.00784	0.01022	0.00761	0.00687	0.02711	0.03060	0.15870	0.01727	0.07815	0.03875	0.00795	0.02572	0.00170	0.06491	0.00559	0.34485	0.00596
10	0.07824	0.04464	0.01416	0.01336	0.09208	0.33749	0.03454	0.05484	0.01238	0.01491	0.03116	0.01346	0.00948	0.04461	0.13090	0.00268	0.05796	0.00429	0.00288	0.00595
11	0.00653	0.00492	0.00604	0.00675	0.00764	0.00449	0.00489	0.00778	0.01083	0.01391	0.07329	0.42571	0.26651	0.03488	0.00693	0.00206	0.00310	0.10467	0.00476	0.00429
12	0.06622	0.46944	0.29392	0.01078	0.01621	0.01668	0.01217	0.03672	0.01084	0.01480	0.00801	0.00926	0.00655	0.00463	0.00389	0.00133	0.00613	0.00317	0.00233	0.00693
13	0.00812	0.00565	0.00670	0.00643	0.00800	0.00504	0.00475	0.01009	0.03331	0.07403	0.26148	0.16403	0.30598	0.04496	0.00679	0.00184	0.00292	0.00999	0.00503	0.03484
14	0.13078	0.23686	0.14565	0.01290	0.08763	0.12166	0.01109	0.08320	0.02896	0.01681	0.00855	0.01009	0.00698	0.00526	0.00523	0.00147	0.07377	0.00355	0.00275	0.00681
15	0.01295	0.01133	0.01385	0.01419	0.14364	0.07585	0.03491	0.14043	0.06505	0.03829	0.04747	0.02210	0.07020	0.00776	0.00700	0.00171	0.11900	0.09500	0.04041	0.03887

[dist]
# distance from previous block
# <min> <max>
5	11

[block]
# block no. 4 follows, 48 sequences, length 21
# corresponding to MSA columns:
# 452-469,480-482
name=unknown_E
#
# <colnr> <probs for GDERKNQSTAVLIFYWHMCP>
#	G	D	E	R	K	N	Q	S	T	A	V	L	I	F	Y	W	H	M	C	P
0	0.01427	0.10693	0.01448	0.01122	0.03810	0.23907	0.03810	0.11588	0.09341	0.02696	0.03444	0.04382	0.11003	0.00694	0.00494	0.00146	0.00592	0.02008	0.00371	0.07023
1	0.03996	0.04542	0.04141	0.05573	0.23368	0.09078	0.05075	0.13551	0.05912	0.01872	0.04660	0.02575	0.04119	0.00699	0.03388	0.00175	0.00615	0.00498	0.00340	0.05823
2	0.01318	0.05530	0.18199	0.01105	0.02419	0.08536	0.01045	0.12550	0.04661	0.07626	0.06668	0.03622	0.01475	0.00716	0.00517	0.00157	0.00561	0.11893	0.00388	0.11014
3	0.01108	0.10499	0.52913	0.01629	0.12106	0.01262	0.06093	0.01594	0.01097	0.01592	0.00912	0.01098	0.00685	0.00470	0.00475	0.00152	0.00705	0.00388	0.00229	0.04994
4	0.05502	0.00921	0.01088	0.00971	0.05352	0.00905	0.00702	0.16798	0.07549	0.05006	0.01258	0.05964	0.01099	0.05587	0.00863	0.15201	0.00449	0.00491	0.00372	0.23923
5	0.00776	0.00638	0.00733	0.00645	0.00882	0.00520	0.00488	0.00949	0.01149	0.01567	0.14261	0.14708	0.31334	0.01008	0.00539	0.00145	0.00302	0.00861	0.00433	0.28063
6	0.26882	0.01110	0.01090	0.00937	0.01264	0.01253	0.00748	0.13732	0.38593	0.02334	0.01474	0.01434	0.01108	0.00599	0.00451	0.00161	0.00426	0.00455	0.00447	0.05501
7	0.01141	0.00861	0.01112	0.00978	0.01116	0.01036	0.00787	0.14828	0.01155	0.04522	0.01233	0.01650	0.01067	0.03891	0.30058	0.00423	0.21891	0.00502	0.11173	0.00574
8	0.00896	0.00524	0.00584	0.00601	0.00708	0.00521	0.00436	0.05311	0.01135	0.01796	0.04820	0.27953	0.02097	0.00945	0.00473	0.00152	0.00277	0.00814	0.49478	0.00481
9	0.00651	0.00488	0.00605	0.00647	0.00739	0.00441	0.00458	0.00797	0.01170	0.01555	0.26383	0.39488	0.21979	0.01364	0.00628	0.00186	0.00272	0.01207	0.00503	0.00441
10	0.01211	0.01384	0.03028	0.02163	0.02682	0.01298	0.76903	0.01644	0.01211	0.01644	0.01038	0.01384	0.00779	0.00433	0.00606	0.00173	0.00865	0.00606	0.00260	0.00692
11	0.01467	0.00880	0.01059	0.00810	0.01184	0.00764	0.00654	0.09084	0.01300	0.23382	0.01374	0.01426	0.01010	0.00664	0.04127	0.00147	0.00442	0.00413	0.11458	0.38357
12	0.00717	0.00450	0.00625	0.00705	0.00728	0.00431	0.00475	0.00708	0.00885	0.01179	0.02193	0.53578	0.02566	0.01660	0.01097	0.27896	0.00350	0.03008	0.00394	0.00355
13	0.00644	0.00467	0.00581	0.00661	0.00709	0.00433	0.00439	0.00729	0.00985	0.01292	0.04915	0.56732	0.13957	0.13803	0.00945	0.00246	0.00321	0.01283	0.00453	0.00405
14	0.01920	0.01134	0.11375	0.00989	0.01405	0.00881	0.00898	0.09367	0.04141	0.52328	0.01986	0.04962	0.04840	0.00686	0.00522	0.00162	0.00476	0.00559	0.00551	0.00817
15	0.00696	0.00523	0.00644	0.00614	0.00748	0.00471	0.00461	0.00910	0.01382	0.01890	0.60176	0.04109	0.23266	0.01112	0.00605	0.00164	0.00247	0.00967	0.00543	0.00471
16	0.01320	0.06509	0.20413	0.04753	0.13195	0.17231	0.26001	0.01693	0.01208	0.01528	0.00927	0.01171	0.00719	0.00472	0.00516	0.00156	0.00791	0.00451	0.00246	0.00699
17	0.00821	0.00602	0.00729	0.00734	0.00847	0.03674	0.00551	0.01017	0.01302	0.04818	0.44550	0.23942	0.03953	0.01196	0.00620	0.00180	0.00317	0.09139	0.00523	0.00485
18	0.00804	0.00552	0.00697	0.00748	0.00849	0.00530	0.00544	0.01034	0.07010	0.06029	0.08716	0.47641	0.10310	0.03361	0.00682	0.00206	0.00330	0.08984	0.00492	0.00484
19	0.13283	0.00861	0.01149	0.04266	0.08437	0.00879	0.05746	0.09920	0.02760	0.11913	0.03655	0.28706	0.04446	0.00938	0.00545	0.00177	0.00441	0.00823	0.00437	0.00619
20	0.01746	0.02058	0.01546	0.01390	0.04229	0.54917	0.05457	0.08707	0.05782	0.01522	0.01012	0.01144	0.02395	0.00576	0.00554	0.00146	0.05478	0.00400	0.00303	0.00640

[dist]
# distance from previous block
# <min> <max>
0	1

[block]
# block no. 5 follows, 48 sequences, length 41
# corresponding to MSA columns:
# 484-524
name=unknown_F
#
# <colnr> <probs for GDERKNQSTAVLIFYWHMCP>
#	G	D	E	R	K	N	Q	S	T	A	V	L	I	F	Y	W	H	M	C	P
0	0.13634	0.08693	0.01222	0.00888	0.01191	0.04890	0.00725	0.31603	0.04178	0.02344	0.01375	0.01522	0.03931	0.04460	0.00538	0.00160	0.00471	0.00456	0.17047	0.00671
1	0.01614	0.01137	0.01223	0.01116	0.05555	0.09381	0.00842	0.09669	0.22515	0.23413	0.03501	0.02081	0.04366	0.00713	0.00525	0.00162	0.00492	0.06437	0.00495	0.04762
2	0.03213	0.35471	0.25517	0.01118	0.01629	0.03242	0.01189	0.12178	0.08822	0.01733	0.00985	0.01069	0.00773	0.00506	0.00424	0.00140	0.00605	0.00364	0.00292	0.00730
3	0.01234	0.00988	0.01110	0.04775	0.01362	0.01115	0.00807	0.04402	0.54651	0.05843	0.06332	0.06639	0.01867	0.00801	0.00546	0.00178	0.00415	0.05683	0.00510	0.00742
4	0.01645	0.01398	0.01879	0.01438	0.01828	0.07433	0.22103	0.31379	0.10237	0.08539	0.01270	0.01362	0.00928	0.00586	0.00607	0.00164	0.05502	0.00509	0.00417	0.00775
5	0.01071	0.00924	0.05005	0.01029	0.01269	0.00895	0.09326	0.13300	0.02766	0.04634	0.19877	0.04530	0.05098	0.03735	0.20254	0.00339	0.04278	0.00671	0.00407	0.00592
6	0.00673	0.00481	0.00618	0.00680	0.00721	0.00475	0.00455	0.00756	0.00907	0.01214	0.02425	0.43992	0.07203	0.22778	0.13820	0.00380	0.00519	0.01106	0.00401	0.00397
7	0.01216	0.00717	0.00885	0.00760	0.00982	0.00685	0.00596	0.09917	0.03663	0.18760	0.42883	0.03075	0.09602	0.00909	0.00567	0.00160	0.00326	0.00777	0.02904	0.00617
8	0.04064	0.08349	0.06490	0.08495	0.01775	0.25089	0.07320	0.13058	0.01451	0.14194	0.01121	0.01218	0.00824	0.00540	0.00478	0.00147	0.00683	0.00417	0.03591	0.00697
