[name]
unknown

[dist]
# distance from previous block
# <min> <max>
0	70

[block]
# block no. 0 follows, 60 sequences, length 12
# corresponding to MSA columns:
# 70-81
name=unknown_A
#
# <colnr> <probs for GDERKNQSTAVLIFYWHMCP>
#	G	D	E	R	K	N	Q	S	T	A	V	L	I	F	Y	W	H	M	C	P
0	0.01014	0.00797	0.01039	0.02553	0.05195	0.02123	0.05550	0.14427	0.07814	0.05128	0.03494	0.03315	0.02660	0.17405	0.02589	0.00218	0.07914	0.13071	0.00338	0.03355
1	0.00964	0.01022	0.04144	0.12386	0.26636	0.00989	0.33812	0.01261	0.00952	0.01316	0.00889	0.01240	0.00726	0.03269	0.08263	0.00202	0.00677	0.00454	0.00217	0.00579
2	0.00704	0.00465	0.00611	0.00563	0.00682	0.00426	0.00426	0.00908	0.01235	0.06981	0.76522	0.03143	0.03918	0.00869	0.00509	0.00137	0.00217	0.00766	0.00484	0.00433
3	0.00896	0.00887	0.01588	0.46008	0.08027	0.00981	0.21249	0.01266	0.07104	0.01264	0.01040	0.03552	0.03243	0.00473	0.00462	0.00146	0.00578	0.00468	0.00234	0.00534
4	0.01567	0.00656	0.00887	0.00710	0.00979	0.00574	0.00574	0.01747	0.01244	0.58830	0.24998	0.02000	0.01963	0.00642	0.00461	0.00136	0.00323	0.00540	0.00522	0.00646
5	0.00557	0.00398	0.00534	0.00628	0.00667	0.00375	0.00441	0.00656	0.00878	0.01173	0.06892	0.70132	0.02909	0.01320	0.00560	0.00178	0.00268	0.10663	0.00409	0.00363
6	0.00624	0.00465	0.00688	0.00688	0.00762	0.00538	0.00530	0.00771	0.00697	0.01003	0.01180	0.01777	0.01118	0.07797	0.78456	0.00685	0.01127	0.00477	0.00235	0.00382
7	0.01184	0.72903	0.08591	0.00799	0.01188	0.04294	0.00815	0.01353	0.00912	0.03691	0.00659	0.00746	0.00576	0.00384	0.00299	0.00099	0.00488	0.00249	0.00199	0.00571
8	0.00634	0.00423	0.00476	0.00476	0.00476	0.00423	0.00264	0.00634	0.00634	0.00846	0.01374	0.02854	0.01586	0.84672	0.02220	0.00423	0.00423	0.00634	0.00264	0.00264
9	0.01157	0.04312	0.06563	0.01036	0.02971	0.01044	0.09905	0.16480	0.29513	0.06255	0.08891	0.01673	0.01342	0.00589	0.00476	0.00143	0.02133	0.04492	0.00386	0.00638
10	0.76997	0.00868	0.00710	0.00616	0.00896	0.00991	0.00508	0.07421	0.00867	0.05882	0.00695	0.00772	0.00522	0.00420	0.00291	0.00135	0.00350	0.00258	0.00296	0.00506
11	0.00896	0.05419	0.73960	0.01263	0.01884	0.01047	0.06823	0.01379	0.00927	0.01368	0.00782	0.00929	0.00560	0.00410	0.00416	0.00137	0.00644	0.00332	0.00187	0.00637

[dist]
# distance from previous block
# <min> <max>
1	2

[block]
# block no. 1 follows, 60 sequences, length 29
# corresponding to MSA columns:
# 84-112
name=unknown_B
#
# <colnr> <probs for GDERKNQSTAVLIFYWHMCP>
#	G	D	E	R	K	N	Q	S	T	A	V	L	I	F	Y	W	H	M	C	P
0	0.01283	0.01091	0.03888	0.00970	0.01273	0.01180	0.03170	0.30474	0.47502	0.02130	0.01452	0.01381	0.01072	0.00554	0.00442	0.00141	0.00416	0.00452	0.00426	0.00704
1	0.01682	0.02784	0.01131	0.00889	0.01202	0.09994	0.00720	0.21299	0.15113	0.38369	0.01426	0.01308	0.00972	0.00531	0.00431	0.00133	0.00441	0.00415	0.00456	0.00703
2	0.00875	0.02256	0.82413	0.01243	0.01888	0.01013	0.01611	0.01381	0.00921	0.01381	0.00783	0.00921	0.00552	0.00414	0.00414	0.00138	0.00645	0.00322	0.00184	0.00645
3	0.00576	0.00419	0.00552	0.00642	0.00701	0.00396	0.00477	0.00689	0.00898	0.01172	0.02602	0.54137	0.11526	0.01294	0.00564	0.00180	0.00289	0.22114	0.00404	0.00369
4	0.01593	0.03212	0.01303	0.00987	0.01327	0.01337	0.00814	0.71358	0.09341	0.02622	0.01104	0.01092	0.00792	0.00526	0.00433	0.00132	0.00467	0.00398	0.00431	0.00733
5	0.00521	0.00442	0.00450	0.00448	0.00593	0.00371	0.00336	0.00637	0.01008	0.01210	0.08748	0.04145	0.77425	0.01093	0.00515	0.00147	0.00220	0.00913	0.00409	0.00371
6	0.01153	0.01109	0.05629	0.00998	0.06365	0.10806	0.00767	0.14159	0.33743	0.03280	0.08457	0.01732	0.08674	0.00612	0.00447	0.00138	0.00425	0.00499	0.00388	0.00621
7	0.01447	0.00782	0.03328	0.00763	0.01044	0.00716	0.02267	0.09823	0.09019	0.39423	0.10424	0.01634	0.01377	0.00565	0.00426	0.00130	0.00351	0.00467	0.13311	0.02702
8	0.79528	0.03006	0.00755	0.00633	0.00908	0.04822	0.02384	0.01307	0.00776	0.01879	0.00617	0.00723	0.00483	0.00405	0.00282	0.00133	0.00371	0.00245	0.00265	0.00479
9	0.00905	0.09554	0.73255	0.01214	0.01830	0.01078	0.03565	0.01375	0.00921	0.01350	0.00770	0.00908	0.00556	0.00410	0.00405	0.00134	0.00631	0.00319	0.00185	0.00636
10	0.00594	0.00471	0.00538	0.00538	0.00660	0.00434	0.00399	0.00811	0.06928	0.01390	0.27146	0.15845	0.39235	0.01044	0.00518	0.00150	0.00233	0.02232	0.00430	0.00403
11	0.00531	0.00380	0.00506	0.00607	0.00633	0.00354	0.00405	0.00607	0.00835	0.01113	0.02404	0.84388	0.02885	0.01366	0.00557	0.00177	0.00253	0.01240	0.00405	0.00354
12	0.01091	0.00904	0.01015	0.00933	0.03297	0.01021	0.02154	0.06714	0.62444	0.03986	0.01755	0.04676	0.02674	0.00693	0.02414	0.00162	0.00381	0.02597	0.00428	0.00661
13	0.00599	0.00434	0.00566	0.00556	0.00647	0.00400	0.00408	0.00780	0.01158	0.01622	0.65680	0.17567	0.05985	0.00981	0.00522	0.00144	0.00214	0.00872	0.00465	0.00400
14	0.00915	0.00788	0.00830	0.00788	0.00981	0.03007	0.00612	0.01718	0.50026	0.01578	0.02274	0.10600	0.14011	0.00810	0.00482	0.00155	0.00335	0.09095	0.00424	0.00571
15	0.01024	0.10296	0.01404	0.57947	0.02464	0.14783	0.01086	0.03855	0.00973	0.01151	0.00749	0.01045	0.00581	0.00434	0.00412	0.00134	0.00600	0.00353	0.00206	0.00505
16	0.01097	0.16731	0.04457	0.02368	0.07277	0.01153	0.11045	0.05374	0.34568	0.03664	0.05560	0.02606	0.01151	0.00521	0.00425	0.00135	0.00444	0.00452	0.00340	0.00632
17	0.01256	0.49906	0.13243	0.00923	0.01292	0.24573	0.00895	0.01440	0.00990	0.01088	0.00650	0.00755	0.00559	0.00400	0.00331	0.00105	0.00582	0.00259	0.00197	0.00556
18	0.00595	0.00445	0.00552	0.00526	0.00638	0.00402	0.00394	0.00780	0.01182	0.01625	0.64946	0.03462	0.20968	0.00938	0.00515	0.00139	0.00209	0.00817	0.00464	0.00402
19	0.87753	0.00843	0.00641	0.00574	0.00843	0.00978	0.00472	0.01282	0.00742	0.01957	0.00607	0.00709	0.00472	0.00405	0.00270	0.00135	0.00337	0.00236	0.00270	0.00472
20	0.01006	0.25736	0.54474	0.01094	0.01635	0.06434	0.01317	0.01383	0.00931	0.01260	0.00726	0.00849	0.00555	0.00405	0.00375	0.00124	0.00603	0.00294	0.00187	0.00612
21	0.87753	0.00843	0.00641	0.00574	0.00843	0.00978	0.00472	0.01282	0.00742	0.01957	0.00607	0.00709	0.00472	0.00405	0.00270	0.00135	0.00337	0.00236	0.00270	0.00472
22	0.00758	0.00379	0.00568	0.00568	0.00568	0.00379	0.00379	0.00568	0.00568	0.00758	0.00758	0.01326	0.00758	0.01515	0.01705	0.87311	0.00379	0.00379	0.00189	0.00189
23	0.00770	0.00385	0.00532	0.00532	0.00555	0.00385	0.00362	0.00669	0.00646	0.00954	0.00908	0.01394	0.00839	0.01288	0.01388	0.67613	0.00339	0.00385	0.19818	0.00238
24	0.00872	0.02170	0.78587	0.01204	0.01823	0.00985	0.01550	0.01364	0.00921	0.01393	0.00813	0.00954	0.00579	0.00419	0.00409	0.00136	0.00624	0.00326	0.04238	0.00633
25	0.87753	0.00843	0.00641	0.00574	0.00843	0.00978	0.00472	0.01282	0.00742	0.01957	0.00607	0.00709	0.00472	0.00405	0.00270	0.00135	0.00337	0.00236	0.00270	0.00472
26	0.00817	0.00686	0.00972	0.08453	0.17820	0.00718	0.02598	0.01158	0.14115	0.01334	0.07911	0.10291	0.06607	0.15468	0.02838	0.00208	0.00414	0.03247	0.03854	0.00491
27	0.01616	0.02021	0.01253	0.01160	0.03455	0.77846	0.00855	0.04565	0.01259	0.01137	0.00691	0.00804	0.00572	0.00451	0.00396	0.00113	0.00768	0.00288	0.00232	0.00519
28	0.05373	0.01085	0.02603	0.01233	0.06497	0.05004	0.20491	0.20740	0.06008	0.13826	0.03016	0.01239	0.02058	0.00491	0.00487	0.00136	0.04167	0.00432	0.00345	0.04769

[dist]
# distance from previous block
# <min> <max>
0	1

[block]
# block no. 2 follows, 60 sequences, length 11
# corresponding to MSA columns:
# 114-124
name=unknown_C
#
# <colnr> <probs for GDERKNQSTAVLIFYWHMCP>
#	G	D	E	R	K	N	Q	S	T	A	V	L	I	F	Y	W	H	M	C	P
0	0.03279	0.01017	0.01444	0.14374	0.23716	0.05197	0.08930	0.16696	0.03697	0.02928	0.03289	0.05297	0.03237	0.00532	0.00493	0.00140	0.04378	0.00464	0.00291	0.00601
1	0.80356	0.00850	0.00719	0.03899	0.04688	0.00981	0.00541	0.01278	0.00759	0.01899	0.00624	0.00743	0.00487	0.00405	0.00284	0.00135	0.00355	0.00249	0.00264	0.00483
2	0.00983	0.04098	0.11457	0.05255	0.22399	0.01018	0.33348	0.03766	0.01024	0.01396	0.01236	0.01434	0.09604	0.00468	0.00468	0.00139	0.00588	0.00485	0.00240	0.00596
3	0.01228	0.00975	0.01156	0.07696	0.10210	0.01072	0.00809	0.34986	0.19459	0.02060	0.06973	0.01577	0.06790	0.00583	0.00446	0.00137	0.00419	0.00479	0.02297	0.00648
4	0.87753	0.00843	0.00641	0.00574	0.00843	0.00978	0.00472	0.01282	0.00742	0.01957	0.00607	0.00709	0.00472	0.00405	0.00270	0.00135	0.00337	0.00236	0.00270	0.00472
5	0.00529	0.00389	0.00496	0.00582	0.00626	0.00356	0.00394	0.00610	0.00859	0.01123	0.02714	0.72055	0.15017	0.01326	0.00550	0.00173	0.00248	0.01191	0.00405	0.00356
6	0.00634	0.00423	0.00476	0.00476	0.00476	0.00423	0.00264	0.00634	0.00634	0.00846	0.01374	0.02854	0.01586	0.84672	0.02220	0.00423	0.00423	0.00634	0.00264	0.00264
7	0.00904	0.00775	0.00904	0.00646	0.01034	0.00581	0.00517	0.01098	0.00904	0.01421	0.00775	0.00904	0.00646	0.00323	0.00323	0.00065	0.00323	0.00258	0.00258	0.87339
8	0.01743	0.00941	0.09677	0.00995	0.06224	0.00727	0.04766	0.01963	0.01187	0.64761	0.01525	0.01385	0.00980	0.00509	0.00439	0.00136	0.00427	0.00427	0.00467	0.00721
9	0.01854	0.06007	0.01145	0.00816	0.01157	0.00838	0.00682	0.16396	0.01373	0.62731	0.01529	0.01356	0.00986	0.00527	0.00428	0.00132	0.00397	0.00418	0.00499	0.00731
10	0.00644	0.00461	0.00668	0.00668	0.00749	0.00530	0.00519	0.00805	0.00725	0.01080	0.01196	0.01704	0.01093	0.02966	0.73824	0.00635	0.01062	0.00461	0.09820	0.00391

[dist]
# distance from previous block
# <min> <max>
11	92

[block]
# block no. 3 follows, 60 sequences, length 6
# corresponding to MSA columns:
# 248-253
name=unknown_D
#
# <colnr> <probs for GDERKNQSTAVLIFYWHMCP>
#	G	D	E	R	K	N	Q	S	T	A	V	L	I	F	Y	W	H	M	C	P
0	0.01171	0.51791	0.21729	0.00907	0.01343	0.01494	0.00971	0.13552	0.01074	0.01379	0.00718	0.00807	0.00586	0.00406	0.00337	0.00110	0.00512	0.00280	0.00225	0.00609
1	0.01082	0.49896	0.15628	0.00820	0.01173	0.01342	0.00837	0.07079	0.00924	0.01168	0.00696	0.00872	0.00606	0.00589	0.00562	0.15230	0.00483	0.00286	0.00205	0.00524
2	0.00814	0.15049	0.00855	0.00588	0.00653	0.00618	0.00429	0.00704	0.00631	0.00815	0.00804	0.01398	0.00821	0.11139	0.01518	0.61921	0.00399	0.00384	0.00198	0.00262
3	0.01178	0.72536	0.08520	0.00803	0.01196	0.01643	0.00820	0.06888	0.00971	0.01175	0.00651	0.00741	0.00572	0.00387	0.00301	0.00099	0.00481	0.00251	0.00204	0.00579
4	0.01170	0.65535	0.13277	0.00851	0.01248	0.09421	0.00875	0.01358	0.00925	0.01079	0.00637	0.00739	0.00559	0.00386	0.00309	0.00101	0.00522	0.00250	0.00190	0.00566
5	0.01192	0.55146	0.17046	0.00904	0.01302	0.15675	0.00924	0.01396	0.00953	0.01100	0.00651	0.00756	0.00559	0.00394	0.00325	0.00105	0.00555	0.00258	0.00193	0.00566

[dist]
# distance from previous block
# <min> <max>
1	3

[block]
# block no. 4 follows, 60 sequences, length 8
# corresponding to MSA columns:
# 257-264
name=unknown_E
#
# <colnr> <probs for GDERKNQSTAVLIFYWHMCP>
#	G	D	E	R	K	N	Q	S	T	A	V	L	I	F	Y	W	H	M	C	P
0	0.07661	0.03680	0.30433	0.00937	0.01292	0.07378	0.00970	0.05892	0.00925	0.01355	0.00896	0.01152	0.00740	0.01347	0.27287	0.00313	0.00766	0.00357	0.00230	0.06389
1	0.06838	0.07487	0.05279	0.00814	0.01112	0.00995	0.00702	0.33107	0.01427	0.09719	0.12831	0.01564	0.05755	0.00754	0.05732	0.00165	0.00451	0.00456	0.00387	0.04423
2	0.39180	0.01314	0.23330	0.00928	0.01321	0.01057	0.06243	0.12575	0.07245	0.01863	0.00827	0.00918	0.00612	0.00436	0.00363	0.00137	0.00469	0.00321	0.00280	0.00582
3	0.12164	0.02421	0.01134	0.07452	0.01274	0.00847	0.12471	0.05908	0.03418	0.10185	0.01835	0.04287	0.20635	0.00660	0.00541	0.00143	0.08769	0.00541	0.00328	0.04988
4	0.21452	0.03617	0.03339	0.00771	0.01058	0.00890	0.03061	0.06554	0.18667	0.06311	0.03379	0.03890	0.00987	0.00717	0.06937	0.00170	0.00433	0.00396	0.00333	0.17039
5	0.03777	0.00983	0.01212	0.00946	0.01263	0.09447	0.14143	0.06494	0.09914	0.07909	0.01250	0.02979	0.05645	0.00625	0.04661	0.00145	0.00495	0.00422	0.00313	0.27377
6	0.09225	0.12580	0.06667	0.00823	0.01155	0.07264	0.00723	0.11705	0.06295	0.15450	0.04948	0.01131	0.00904	0.00474	0.00406	0.00117	0.02767	0.00352	0.00334	0.16680
7	0.09484	0.00985	0.00982	0.02726	0.01110	0.14866	0.02946	0.10956	0.03451	0.11357	0.06243	0.02887	0.01060	0.03590	0.11408	0.00206	0.00552	0.00410	0.01712	0.13067

[dist]
# distance from previous block
# <min> <max>
29	70

[block]
# block no. 5 follows, 60 sequences, length 20
# corresponding to MSA columns:
# 341-360
name=unknown_F
#
# <colnr> <probs for GDERKNQSTAVLIFYWHMCP>
#	G	D	E	R	K	N	Q	S	T	A	V	L	I	F	Y	W	H	M	C	P
0	0.05874	0.00979	0.00953	0.00986	0.09754	0.16121	0.00668	0.06843	0.14188	0.04800	0.06176	0.11821	0.06516	0.07696	0.03226	0.00179	0.00461	0.00562	0.00342	0.01855
1	0.01444	0.01564	0.01167	0.03116	0.03753	0.46585	0.00804	0.12678	0.13059	0.03678	0.01053	0.07212	0.00892	0.00549	0.00422	0.00127	0.00614	0.00409	0.00307	0.00566
2	0.00991	0.00891	0.01397	0.28420	0.36073	0.00962	0.01117	0.09906	0.01077	0.01455	0.03174	0.01548	0.06836	0.00518	0.00449	0.00139	0.00500	0.03698	0.00261	0.00587
3	0.00815	0.00634	0.00844	0.03474	0.14421	0.00672	0.00577	0.07202	0.02824	0.01155	0.01246	0.05476	0.01318	0.48165	0.05941	0.00331	0.03653	0.00568	0.00273	0.00410
4	0.05177	0.01117	0.01277	0.01129	0.09715	0.01210	0.00838	0.55543	0.06734	0.11151	0.01124	0.01120	0.00799	0.00511	0.00430	0.00132	0.00458	0.00397	0.00418	0.00722
5	0.10276	0.01006	0.01153	0.01165	0.14892	0.05433	0.02621	0.14972	0.23224	0.04458	0.01290	0.01376	0.03989	0.00516	0.00414	0.00130	0.00425	0.02258	0.00349	0.10053
6	0.00771	0.00531	0.00648	0.00652	0.00743	0.00534	0.00484	0.09412	0.00965	0.03848	0.02005	0.21361	0.07864	0.25942	0.04518	0.00269	0.00401	0.18293	0.00363	0.00395
7	0.00805	0.00572	0.00672	0.00609	0.00728	0.00578	0.00446	0.12466	0.01108	0.03951	0.26049	0.05885	0.14553	0.23207	0.04294	0.00239	0.02334	0.00694	0.00387	0.00423
8	0.10296	0.01013	0.01496	0.04616	0.51213	0.01051	0.01103	0.13304	0.03360	0.07044	0.00917	0.01080	0.00716	0.00428	0.00416	0.00132	0.00481	0.00379	0.00282	0.00672
9	0.05292	0.01061	0.01308	0.01428	0.25699	0.03965	0.00906	0.35340	0.03363	0.06406	0.06889	0.01345	0.03987	0.00525	0.00435	0.00132	0.00458	0.00433	0.00362	0.00667
10	0.41988	0.00985	0.00924	0.00761	0.01057	0.03004	0.00623	0.29051	0.04607	0.08471	0.01043	0.01060	0.03743	0.00492	0.00361	0.00134	0.00396	0.00344	0.00360	0.00593
11	0.32281	0.04944	0.16136	0.00802	0.01130	0.00985	0.00764	0.17739	0.01089	0.04893	0.01106	0.09148	0.04084	0.00583	0.00410	0.02201	0.00420	0.00421	0.00312	0.00553
12	0.01062	0.41206	0.40887	0.00987	0.01490	0.01332	0.01159	0.01380	0.00919	0.04900	0.00742	0.00842	0.00580	0.00401	0.00352	0.00117	0.00548	0.00286	0.00202	0.00609
13	0.10228	0.06216	0.01272	0.00935	0.01268	0.06868	0.00774	0.56220	0.01731	0.08793	0.01005	0.01010	0.00719	0.00499	0.00408	0.00128	0.00477	0.00364	0.00399	0.00688
14	0.00626	0.00456	0.00646	0.00646	0.00704	0.00515	0.00476	0.00743	0.00685	0.00971	0.01219	0.01994	0.01212	0.23298	0.63084	0.00633	0.00985	0.00508	0.00241	0.00359
15	0.00523	0.00413	0.00471	0.00517	0.00609	0.00362	0.00365	0.00617	0.00922	0.01149	0.03499	0.40773	0.45792	0.01224	0.00534	0.00161	0.00236	0.01066	0.00405	0.00362
16	0.00608	0.00434	0.00580	0.00669	0.00722	0.00420	0.00497	0.02407	0.00905	0.01197	0.02320	0.57422	0.02696	0.03491	0.00611	0.00189	0.00305	0.23751	0.00401	0.00374
17	0.74408	0.00868	0.00723	0.00624	0.00905	0.00986	0.00514	0.07967	0.00888	0.07774	0.00724	0.00792	0.00538	0.00424	0.00296	0.00135	0.00352	0.00264	0.00303	0.00514
18	0.02961	0.00766	0.02125	0.00789	0.00980	0.01686	0.02166	0.08348	0.29809	0.05317	0.10400	0.20584	0.06077	0.00833	0.00495	0.00153	0.01337	0.04204	0.00421	0.00550
19	0.07587	0.00826	0.00970	0.06480	0.09858	0.04112	0.00699	0.13799	0.09829	0.08947	0.07427	0.15951	0.08271	0.00717	0.00453	0.00142	0.00383	0.00607	0.00376	0.02567

[dist]
# distance from previous block
# <min> <max>
3	7

[block]
# block no. 6 follows, 60 sequences, length 11
# corresponding to MSA columns:
# 368-378
name=unknown_G
#
# <colnr> <probs for GDERKNQSTAVLIFYWHMCP>
#	G	D	E	R	K	N	Q	S	T	A	V	L	I	F	Y	W	H	M	C	P
0	0.01112	0.03633	0.01025	0.02476	0.01129	0.02409	0.00611	0.15358	0.07050	0.06233	0.01133	0.01184	0.04964	0.00438	0.00371	0.00094	0.00369	0.00347	0.00323	0.49740
1	0.01138	0.27995	0.35673	0.00977	0.01455	0.01205	0.01091	0.07254	0.04026	0.09166	0.00873	0.00940	0.00654	0.00423	0.00372	0.00119	0.00521	0.00313	0.00252	0.05554
2	0.01353	0.04753	0.04344	0.00936	0.01207	0.14738	0.01884	0.24528	0.11728	0.09060	0.01160	0.05534	0.00924	0.00562	0.00489	0.00132	0.06464	0.00423	0.05920	0.03861
3	0.00983	0.17341	0.41968	0.07530	0.05932	0.01140	0.05628	0.04335	0.03836	0.01367	0.00802	0.00949	0.00610	0.00410	0.00394	0.00126	0.00570	0.00330	0.00212	0.05539
4	0.00988	0.05714	0.01561	0.09829	0.48228	0.04151	0.05429	0.01221	0.00985	0.01328	0.03113	0.05418	0.07268	0.00527	0.00445	0.00135	0.00497	0.02318	0.00247	0.00596
5	0.00671	0.00474	0.00558	0.00522	0.00662	0.00414	0.00390	0.00818	0.01073	0.06587	0.33489	0.06992	0.35571	0.05323	0.00592	0.00155	0.00241	0.00809	0.00429	0.04230
6	0.00875	0.00787	0.01146	0.09071	0.10733	0.02961	0.06363	0.05006	0.03984	0.01208	0.01067	0.03064	0.02100	0.11331	0.23843	0.00339	0.14926	0.00472	0.00247	0.00479
7	0.00525	0.00442	0.00456	0.00452	0.00595	0.00372	0.00339	0.00645	0.01017	0.01234	0.11924	0.04106	0.74235	0.01084	0.00515	0.00146	0.00219	0.00908	0.00412	0.00372
8	0.02116	0.02379	0.13360	0.00802	0.02607	0.00666	0.02654	0.01096	0.09084	0.04266	0.17004	0.07974	0.10167	0.04331	0.19238	0.00280	0.00551	0.00608	0.00336	0.00482
9	0.03462	0.03268	0.23777	0.19881	0.04567	0.00955	0.15980	0.01261	0.03940	0.01341	0.04061	0.03362	0.00868	0.00574	0.03421	0.00159	0.01793	0.01788	0.00233	0.05308
10	0.04363	0.13648	0.11594	0.04080	0.02630	0.08521	0.00770	0.05858	0.13543	0.01475	0.13772	0.12071	0.04604	0.00666	0.00431	0.00135	0.00425	0.00547	0.00330	0.00536

[dist]
# distance from previous block
# <min> <max>
6	21

[block]
# block no. 7 follows, 60 sequences, length 11
# corresponding to MSA columns:
# 402-412
name=unknown_H
#
# <colnr> <probs for GDERKNQSTAVLIFYWHMCP>
#	G	D	E	R	K	N	Q	S	T	A	V	L	I	F	Y	W	H	M	C	P
0	0.18600	0.03354	0.04835	0.16021	0.06078	0.03860	0.02273	0.10909	0.08397	0.01595	0.00962	0.01143	0.02643	0.01878	0.03484	0.00159	0.05437	0.00367	0.00277	0.07728
1	0.05350	0.10648	0.23123	0.01452	0.13854	0.11012	0.16528	0.04954	0.02721	0.01398	0.00790	0.00966	0.00619	0.00425	0.00460	0.00133	0.04380	0.00360	0.00222	0.00604
2	0.06468	0.00939	0.03050	0.08664	0.01336	0.02850	0.02363	0.15698	0.03082	0.12730	0.00964	0.01044	0.00717	0.00425	0.00397	0.00107	0.01831	0.00334	0.00324	0.36678
3	0.00624	0.00464	0.00686	0.00686	0.00758	0.00537	0.00526	0.00769	0.00696	0.01001	0.01182	0.01791	0.01124	0.08815	0.77446	0.00682	0.01117	0.00479	0.00236	0.00381
4	0.01246	0.01078	0.01100	0.00971	0.03144	0.10565	0.02257	0.20955	0.35701	0.04127	0.03793	0.04126	0.02438	0.00718	0.04318	0.00166	0.01785	0.00477	0.00395	0.00639
5	0.00681	0.00433	0.00526	0.00502	0.00605	0.00410	0.00377	0.00886	0.01130	0.01709	0.55569	0.02726	0.03139	0.00767	0.00446	0.00126	0.00205	0.00664	0.28689	0.00410
6	0.00954	0.00811	0.01054	0.02290	0.01137	0.03466	0.11096	0.11118	0.19047	0.03064	0.21287	0.06216	0.10639	0.00745	0.00490	0.00146	0.00384	0.05115	0.00404	0.00540
7	0.00604	0.00445	0.00564	0.00535	0.00643	0.00406	0.00401	0.00797	0.01203	0.01674	0.71571	0.03381	0.14312	0.00920	0.00515	0.00139	0.00208	0.00806	0.00470	0.00406
8	0.01624	0.04405	0.01109	0.00852	0.01163	0.03748	0.00694	0.13743	0.23731	0.41789	0.01554	0.01403	0.01061	0.00542	0.00432	0.00135	0.00398	0.00433	0.00472	0.00712
9	0.01519	0.01117	0.01210	0.00954	0.01263	0.01229	0.00777	0.70614	0.01900	0.02546	0.01215	0.11357	0.01007	0.00628	0.00451	0.00137	0.00452	0.00497	0.00432	0.00694
10	0.00858	0.00726	0.00855	0.00641	0.00984	0.00553	0.00503	0.01037	0.00896	0.01383	0.00977	0.11232	0.00923	0.00452	0.00352	0.00079	0.00314	0.00380	0.00277	0.76578

[dist]
# distance from previous block
# <min> <max>
0	1

[block]
# block no. 8 follows, 60 sequences, length 29
# corresponding to MSA columns:
# 414-442
name=unknown_I
#
# <colnr> <probs for GDERKNQSTAVLIFYWHMCP>
#	G	D	E	R	K	N	Q	S	T	A	V	L	I	F	Y	W	H	M	C	P
0	0.01079	0.01036	0.01770	0.02677	0.81952	0.01036	0.01339	0.01339	0.00993	0.01425	0.00820	0.01079	0.00691	0.00389	0.00432	0.00130	0.00518	0.00389	0.00216	0.00691
1	0.08482	0.00981	0.01595	0.02359	0.69056	0.00992	0.01218	0.01302	0.00972	0.01462	0.00911	0.01329	0.00805	0.00450	0.00430	0.00135	0.00494	0.06140	0.00234	0.00651
2	0.10580	0.03426	0.63711	0.01113	0.01680	0.00984	0.01372	0.01444	0.00934	0.09627	0.00855	0.00950	0.00597	0.00425	0.00398	0.00137	0.00580	0.00323	0.00230	0.00634
3	0.01426	0.01120	0.01282	0.01193	0.11951	0.01238	0.00859	0.48832	0.23362	0.02323	0.01215	0.01209	0.00895	0.00524	0.00438	0.00135	0.00448	0.00419	0.00409	0.00721
4	0.01079	0.01036	0.01770	0.02677	0.81952	0.01036	0.01339	0.01339	0.00993	0.01425	0.00820	0.01079	0.00691	0.00389	0.00432	0.00130	0.00518	0.00389	0.00216	0.00691
5	0.00602	0.00419	0.00531	0.00595	0.00625	0.00408	0.00408	0.00673	0.00791	0.01049	0.02001	0.38992	0.02328	0.32536	0.01188	0.00274	0.00344	0.15556	0.00352	0.00329
6	0.17312	0.01049	0.01534	0.02211	0.63038	0.04833	0.01153	0.01347	0.00957	0.01508	0.00774	0.00996	0.00644	0.00394	0.00400	0.00130	0.00497	0.00355	0.00226	0.00641
7	0.87753	0.00843	0.00641	0.00574	0.00843	0.00978	0.00472	0.01282	0.00742	0.01957	0.00607	0.00709	0.00472	0.00405	0.00270	0.00135	0.00337	0.00236	0.00270	0.00472
8	0.00546	0.00405	0.00513	0.00594	0.00652	0.00372	0.00421	0.00642	0.00885	0.01147	0.02809	0.59593	0.19104	0.01296	0.00553	0.00173	0.00262	0.09266	0.00405	0.00362
9	0.01079	0.01036	0.01770	0.02677	0.81952	0.01036	0.01339	0.01339	0.00993	0.01425	0.00820	0.01079	0.00691	0.00389	0.00432	0.00130	0.00518	0.00389	0.00216	0.00691
10	0.01502	0.01160	0.01346	0.01257	0.14147	0.01272	0.00895	0.59195	0.10699	0.02435	0.01092	0.01117	0.00799	0.00510	0.00436	0.00133	0.00471	0.00403	0.00402	0.00728
11	0.00632	0.00431	0.00516	0.00516	0.00531	0.00445	0.00315	0.00660	0.00646	0.00876	0.01337	0.02648	0.01496	0.69941	0.16829	0.00473	0.00558	0.00604	0.00259	0.00287
12	0.00586	0.00503	0.00509	0.00497	0.00657	0.00457	0.00376	0.00836	0.10946	0.01258	0.04090	0.03878	0.71789	0.01041	0.00507	0.00147	0.00236	0.00867	0.00410	0.00408
13	0.01547	0.00655	0.00882	0.00718	0.00979	0.00579	0.00576	0.01737	0.02856	0.57408	0.17912	0.08952	0.01852	0.00683	0.00464	0.00139	0.00327	0.00579	0.00514	0.00641
14	0.00623	0.00467	0.00701	0.00701	0.00779	0.00545	0.00545	0.00779	0.00701	0.01012	0.01168	0.01713	0.01090	0.03271	0.82944	0.00701	0.01168	0.00467	0.00234	0.00389
15	0.01019	0.01256	0.09335	0.01737	0.02186	0.01094	0.69422	0.01444	0.05238	0.01418	0.00921	0.01178	0.00688	0.00383	0.00502	0.00146	0.00707	0.00497	0.00229	0.00598
16	0.00531	0.00382	0.00504	0.00601	0.00631	0.00355	0.00402	0.00608	0.00841	0.01116	0.02477	0.81472	0.05753	0.01357	0.00555	0.00176	0.00252	0.01228	0.00405	0.00355
17	0.01043	0.00915	0.01065	0.08011	0.01326	0.01053	0.04046	0.02122	0.68399	0.01723	0.01672	0.04187	0.01288	0.00594	0.00450	0.00149	0.00379	0.00509	0.00412	0.00658
18	0.00904	0.00775	0.00904	0.00646	0.01034	0.00581	0.00517	0.01098	0.00904	0.01421	0.00775	0.00904	0.00646	0.00323	0.00323	0.00065	0.00323	0.00258	0.00258	0.87339
19	0.01460	0.01123	0.01197	0.00963	0.01277	0.01260	0.00781	0.53486	0.29385	0.02429	0.01299	0.01248	0.00945	0.00547	0.00439	0.00137	0.00433	0.00427	0.00439	0.00724
20	0.00632	0.00425	0.00488	0.00484	0.00495	0.00422	0.00281	0.00655	0.00701	0.00946	0.10326	0.02899	0.01867	0.75338	0.02030	0.00391	0.00399	0.00651	0.00288	0.00281
21	0.01507	0.01695	0.01184	0.01046	0.01280	0.55084	0.00802	0.17394	0.03637	0.01419	0.00835	0.00966	0.00679	0.00783	0.09601	0.00183	0.00755	0.00330	0.00274	0.00545
22	0.06334	0.01792	0.01133	0.01024	0.01243	0.65746	0.00773	0.04895	0.01242	0.01263	0.09716	0.01068	0.00960	0.00499	0.00402	0.00117	0.00684	0.00340	0.00265	0.00503
23	0.00608	0.00651	0.06659	0.00640	0.00848	0.00500	0.07302	0.00806	0.03103	0.01270	0.09384	0.03563	0.61134	0.00962	0.00506	0.00146	0.00298	0.00821	0.00379	0.00419
24	0.01091	0.01180	0.09996	0.01370	0.03598	0.01045	0.34938	0.11617	0.01094	0.03735	0.00861	0.01067	0.00660	0.00434	0.00558	0.00133	0.09868	0.00414	0.00257	0.16082
25	0.00663	0.00527	0.00805	0.00692	0.00833	0.00489	0.09320	0.00887	0.01212	0.01710	0.72715	0.03026	0.03730	0.00833	0.00514	0.00138	0.00265	0.00758	0.00451	0.00431
26	0.01471	0.01240	0.08240	0.10216	0.01559	0.01256	0.00924	0.62784	0.01785	0.02400	0.01003	0.01096	0.00730	0.02702	0.00481	0.00141	0.00504	0.00392	0.00383	0.00692
27	0.00829	0.00940	0.10345	0.74445	0.02880	0.00974	0.01256	0.01144	0.00878	0.01144	0.00776	0.01136	0.00578	0.00434	0.00434	0.00145	0.00588	0.00380	0.00193	0.00502
28	0.00816	0.00731	0.01226	0.74370	0.02732	0.00903	0.01118	0.01053	0.00838	0.01075	0.00773	0.01181	0.00601	0.00556	0.00577	0.09857	0.00559	0.00387	0.00193	0.00452

[dist]
# distance from previous block
# <min> <max>
0	30

[block]
# block no. 9 follows, 60 sequences, length 10
# corresponding to MSA columns:
# 473-482
name=unknown_J
#
# <colnr> <probs for GDERKNQSTAVLIFYWHMCP>
#	G	D	E	R	K	N	Q	S	T	A	V	L	I	F	Y	W	H	M	C	P
0	0.00591	0.00460	0.00625	0.00625	0.00723	0.00493	0.00482	0.00734	0.00787	0.01061	0.02125	0.02445	0.24844	0.02633	0.58677	0.00538	0.00889	0.00601	0.00284	0.00383
1	0.01250	0.01091	0.01634	0.02184	0.58223	0.01129	0.01189	0.24643	0.01304	0.01815	0.00887	0.01070	0.00706	0.00428	0.00433	0.00130	0.00507	0.00390	0.00281	0.00706
2	0.01002	0.01035	0.01327	0.04480	0.01236	0.07678	0.00956	0.01106	0.00720	0.01054	0.00589	0.00950	0.00572	0.00726	0.01310	0.00183	0.74030	0.00374	0.00194	0.00480
3	0.00634	0.00423	0.00476	0.00476	0.00476	0.00423	0.00264	0.00634	0.00634	0.00846	0.01374	0.02854	0.01586	0.84672	0.02220	0.00423	0.00423	0.00634	0.00264	0.00264
4	0.01280	0.57124	0.01912	0.00856	0.01173	0.25582	0.00767	0.01413	0.00982	0.01038	0.00649	0.00766	0.00582	0.00513	0.03659	0.00123	0.00589	0.00257	0.00200	0.00537
5	0.00691	0.00379	0.00550	0.00580	0.00587	0.00372	0.00386	0.00580	0.00647	0.00862	0.01242	0.25779	0.01384	0.01471	0.01367	0.61659	0.00342	0.00632	0.00253	0.00238
6	0.00632	0.00932	0.24619	0.00794	0.01002	0.00548	0.00760	0.00835	0.00860	0.01192	0.01927	0.59815	0.02198	0.01086	0.00515	0.00166	0.00368	0.00970	0.00340	0.00440
7	0.00971	0.01012	0.01699	0.04687	0.01554	0.01252	0.24344	0.01155	0.00783	0.01155	0.00672	0.01028	0.00599	0.00634	0.01121	0.00176	0.56027	0.00421	0.00200	0.00510
8	0.09128	0.05977	0.68323	0.01153	0.01736	0.03683	0.01439	0.01380	0.00912	0.01409	0.00754	0.00886	0.00546	0.00413	0.00394	0.00135	0.00612	0.00309	0.00194	0.00620
9	0.00890	0.00818	0.01207	0.52125	0.02299	0.00975	0.03565	0.01451	0.24522	0.01336	0.01270	0.01464	0.05199	0.00516	0.00445	0.00146	0.00497	0.00452	0.00280	0.00542

[dist]
# distance from previous block
# <min> <max>
3	7

[block]
# block no. 10 follows, 60 sequences, length 11
# corresponding to MSA columns:
# 490-500
name=unknown_K
#
# <colnr> <probs for GDERKNQSTAVLIFYWHMCP>
#	G	D	E	R	K	N	Q	S	T	A	V	L	I	F	Y	W	H	M	C	P
0	0.00888	0.00648	0.00743	0.00695	0.00822	0.00676	0.00506	0.23641	0.02863	0.01550	0.01897	0.36323	0.06737	0.16693	0.03053	0.00221	0.00375	0.00827	0.00384	0.00458
1	0.00616	0.00537	0.00709	0.24399	0.01298	0.00547	0.00602	0.00785	0.00967	0.01195	0.07942	0.06582	0.48342	0.00913	0.00497	0.00149	0.00330	0.02838	0.00349	0.00405
2	0.01114	0.00719	0.00848	0.00663	0.00925	0.00636	0.00504	0.10329	0.01025	0.16824	0.01159	0.01592	0.01010	0.24657	0.00904	0.00189	0.00379	0.00416	0.00334	0.35771
3	0.00551	0.00461	0.00481	0.00473	0.00618	0.00402	0.00356	0.00717	0.04127	0.01277	0.14328	0.03976	0.68604	0.01057	0.00513	0.00146	0.00224	0.00887	0.00416	0.00386
4	0.00919	0.00827	0.01029	0.00790	0.01066	0.00798	0.00643	0.01084	0.00836	0.01314	0.00717	0.00919	0.00625	0.00450	0.00642	0.00101	0.24363	0.00294	0.00239	0.62346
5	0.25893	0.00795	0.00829	0.00625	0.00979	0.00696	0.00504	0.01151	0.00858	0.01575	0.00727	0.00848	0.00596	0.00347	0.00308	0.00085	0.00327	0.00252	0.00262	0.62345
6	0.00530	0.00386	0.00500	0.00591	0.00628	0.00356	0.00398	0.00609	0.00851	0.01120	0.02601	0.76557	0.10588	0.01341	0.00553	0.00174	0.00250	0.01209	0.00405	0.00356
7	0.00980	0.24990	0.01302	0.00675	0.01058	0.00911	0.00583	0.01158	0.00899	0.01308	0.00727	0.00845	0.00621	0.00337	0.00311	0.00073	0.00364	0.00251	0.00238	0.62370
8	0.01256	0.44303	0.13183	0.00895	0.01283	0.03453	0.00882	0.24089	0.01233	0.01576	0.00821	0.03701	0.00691	0.00458	0.00356	0.00114	0.00496	0.00327	0.00266	0.00616
9	0.01332	0.00952	0.01552	0.02130	0.58692	0.00923	0.01138	0.01565	0.01067	0.24682	0.01079	0.01196	0.00803	0.00432	0.00434	0.00131	0.00476	0.00403	0.00309	0.00706
10	0.00916	0.00953	0.01922	0.01549	0.09591	0.00897	0.49645	0.01226	0.01085	0.01501	0.24136	0.01766	0.01658	0.00520	0.00507	0.00143	0.00562	0.00581	0.00295	0.00547

[dist]
# distance from previous block
# <min> <max>
0	41

[block]
# block no. 11 follows, 60 sequences, length 35
# corresponding to MSA columns:
# 542,554-587
name=unknown_L
#
# <colnr> <probs for GDERKNQSTAVLIFYWHMCP>
#	G	D	E	R	K	N	Q	S	T	A	V	L	I	F	Y	W	H	M	C	P
0	0.01491	0.01089	0.01184	0.00942	0.01243	0.01195	0.00763	0.65938	0.04126	0.03788	0.01267	0.12604	0.01061	0.00642	0.00453	0.00138	0.00443	0.00514	0.00434	0.00687
1	0.75835	0.01014	0.00723	0.00650	0.00913	0.12318	0.00524	0.01346	0.00811	0.01834	0.00617	0.00719	0.00485	0.00411	0.00287	0.00132	0.00400	0.00242	0.00264	0.00477
2	0.00930	0.00824	0.01282	0.69497	0.02698	0.01002	0.01132	0.12083	0.01034	0.01340	0.00866	0.03847	0.00678	0.00478	0.00440	0.00144	0.00557	0.00416	0.00234	0.00516
3	0.00608	0.00464	0.00665	0.00665	0.00753	0.00521	0.00516	0.00758	0.00742	0.01035	0.01618	0.02057	0.12256	0.02971	0.71537	0.00624	0.01037	0.00530	0.00257	0.00386
4	0.01040	0.18333	0.55470	0.01112	0.01663	0.01200	0.01333	0.12315	0.01070	0.01501	0.00785	0.00895	0.00580	0.00421	0.00391	0.00128	0.00587	0.00315	0.00220	0.00641
5	0.06164	0.07143	0.58390	0.01397	0.14479	0.02363	0.01433	0.01370	0.00924	0.01396	0.00765	0.00917	0.00570	0.00408	0.00400	0.00133	0.00597	0.00321	0.00195	0.00634
6	0.01054	0.01341	0.16632	0.01599	0.02035	0.02903	0.54173	0.01411	0.01005	0.05669	0.00915	0.01200	0.00694	0.00426	0.00544	0.00148	0.05410	0.02013	0.00233	0.00595
7	0.00609	0.00413	0.00486	0.00510	0.00518	0.00406	0.00302	0.00632	0.00698	0.00932	0.03517	0.22813	0.01963	0.62317	0.01773	0.00356	0.00376	0.00786	0.00304	0.00290
8	0.00530	0.00442	0.00462	0.00457	0.00598	0.00375	0.00343	0.00655	0.01029	0.01262	0.15736	0.04060	0.70405	0.01073	0.00515	0.00146	0.00219	0.00901	0.00416	0.00375
9	0.00903	0.02087	0.71253	0.01442	0.12967	0.01016	0.01574	0.01375	0.00931	0.01387	0.00788	0.00943	0.00572	0.00411	0.00417	0.00137	0.00627	0.00331	0.00189	0.00651
10	0.00898	0.00876	0.01241	0.16550	0.01447	0.02819	0.00944	0.01038	0.00722	0.01057	0.00695	0.01095	0.00646	0.01043	0.12504	0.00251	0.55117	0.00393	0.00198	0.00467
11	0.00824	0.00775	0.01308	0.83624	0.03004	0.00969	0.01211	0.01114	0.00872	0.01114	0.00775	0.01163	0.00581	0.00436	0.00436	0.00145	0.00581	0.00388	0.00194	0.00484
12	0.00861	0.00764	0.01254	0.59774	0.14688	0.00901	0.01105	0.01135	0.00896	0.01232	0.00872	0.01214	0.00672	0.00439	0.00417	0.00137	0.00519	0.00390	0.12223	0.00505
13	0.01106	0.00883	0.00953	0.00818	0.01028	0.08822	0.03172	0.13559	0.17602	0.08953	0.29216	0.04723	0.04011	0.00700	0.00491	0.00139	0.02248	0.00587	0.00427	0.00562
14	0.01029	0.01176	0.02574	0.01838	0.02279	0.01103	0.80368	0.01397	0.01029	0.01397	0.00882	0.01176	0.00662	0.00368	0.00515	0.00147	0.00735	0.00515	0.00221	0.00588
15	0.00546	0.00386	0.00502	0.00589	0.00611	0.00364	0.00385	0.00611	0.00807	0.01076	0.02261	0.73104	0.02705	0.12895	0.00787	0.00211	0.00277	0.01156	0.00385	0.00342
16	0.01029	0.01176	0.02574	0.01838	0.02279	0.01103	0.80368	0.01397	0.01029	0.01397	0.00882	0.01176	0.00662	0.00368	0.00515	0.00147	0.00735	0.00515	0.00221	0.00588
17	0.01092	0.01828	0.54755	0.01378	0.12841	0.02697	0.02682	0.03742	0.01016	0.12529	0.00924	0.01025	0.00651	0.00431	0.00422	0.00136	0.00589	0.00352	0.00246	0.00663
18	0.00634	0.00423	0.00476	0.00476	0.00476	0.00423	0.00264	0.00634	0.00634	0.00846	0.01374	0.02854	0.01586	0.84672	0.02220	0.00423	0.00423	0.00634	0.00264	0.00264
19	0.00608	0.00445	0.00570	0.00539	0.00646	0.00407	0.00404	0.00805	0.01212	0.01696	0.74520	0.03345	0.11350	0.00911	0.00515	0.00138	0.00207	0.00801	0.00473	0.00407
20	0.01250	0.70011	0.02099	0.00811	0.01161	0.14241	0.00763	0.03400	0.00970	0.01077	0.00628	0.00722	0.00565	0.00389	0.00301	0.00097	0.00516	0.00245	0.00199	0.00556
21	0.00776	0.00450	0.00637	0.00621	0.00681	0.00480	0.00455	0.02983	0.00716	0.03611	0.01016	0.01498	0.00928	0.02017	0.32045	0.40928	0.00661	0.00417	0.08760	0.00319
22	0.00622	0.00459	0.00590	0.00593	0.00703	0.00427	0.00469	0.00811	0.01140	0.01550	0.50131	0.03811	0.16104	0.01002	0.00536	0.00154	0.00256	0.19791	0.00449	0.00402
23	0.00813	0.00407	0.00407	0.00407	0.00508	0.00407	0.00305	0.01016	0.00915	0.01626	0.01423	0.01626	0.01118	0.00508	0.00305	0.00102	0.00203	0.00407	0.87093	0.00407
24	0.00894	0.00874	0.01559	0.58953	0.15927	0.00999	0.12186	0.01190	0.00914	0.01205	0.00797	0.01151	0.00611	0.00419	0.00446	0.00143	0.00592	0.00405	0.00201	0.00533
25	0.00954	0.00954	0.01336	0.01145	0.01145	0.01336	0.00954	0.01050	0.00668	0.01050	0.00573	0.00954	0.00573	0.00763	0.01431	0.00191	0.83874	0.00382	0.00191	0.00477
26	0.00904	0.00775	0.00904	0.00646	0.01034	0.00581	0.00517	0.01098	0.00904	0.01421	0.00775	0.00904	0.00646	0.00323	0.00323	0.00065	0.00323	0.00258	0.00258	0.87339
27	0.00591	0.00445	0.00546	0.00521	0.00635	0.00400	0.00391	0.00772	0.01172	0.01601	0.61649	0.03502	0.24280	0.00947	0.00515	0.00140	0.00210	0.00823	0.00461	0.00400
28	0.00533	0.00383	0.00503	0.00597	0.00627	0.00357	0.00398	0.00609	0.00836	0.01109	0.02458	0.79141	0.05991	0.03456	0.00597	0.00182	0.00256	0.01212	0.00401	0.00353
29	0.01647	0.01147	0.01246	0.00959	0.01297	0.01254	0.00791	0.70648	0.01936	0.09279	0.01119	0.01108	0.00786	0.00524	0.00431	0.00130	0.00459	0.00397	0.04114	0.00728
30	0.01005	0.12544	0.01600	0.36289	0.17930	0.01128	0.07547	0.04848	0.10305	0.01341	0.00898	0.01132	0.00701	0.00434	0.00421	0.00135	0.00534	0.00389	0.00239	0.00579
31	0.03956	0.00759	0.00789	0.00660	0.00870	0.00818	0.00528	0.34064	0.01381	0.02103	0.01240	0.01356	0.00941	0.00511	0.00358	0.00115	0.00323	0.00395	0.48284	0.00548
32	0.02338	0.20939	0.32398	0.19093	0.03871	0.01122	0.01164	0.02507	0.00918	0.04202	0.00775	0.00958	0.00595	0.00446	0.00425	0.02925	0.00547	0.00321	0.00209	0.04246
33	0.00617	0.00446	0.00583	0.00549	0.00652	0.00412	0.00412	0.00823	0.01235	0.01749	0.81722	0.03258	0.04115	0.00892	0.00514	0.00137	0.00206	0.00789	0.00480	0.00412
34	0.00755	0.00380	0.00566	0.00566	0.00566	0.00380	0.00376	0.00570	0.00570	0.00760	0.00773	0.01363	0.00778	0.03566	0.01717	0.85168	0.00380	0.00385	0.00191	0.00191

[dist]
# distance from previous block
# <min> <max>
0	1

[block]
# block no. 12 follows, 60 sequences, length 6
# corresponding to MSA columns:
# 589-594
name=unknown_M
#
# <colnr> <probs for GDERKNQSTAVLIFYWHMCP>
#	G	D	E	R	K	N	Q	S	T	A	V	L	I	F	Y	W	H	M	C	P
0	0.00909	0.07784	0.19103	0.03626	0.01734	0.01005	0.33227	0.01225	0.00939	0.01288	0.01136	0.03914	0.03915	0.00722	0.05971	0.00185	0.05353	0.07183	0.00236	0.00545
1	0.00954	0.00954	0.01336	0.01145	0.01145	0.01336	0.00954	0.01050	0.00668	0.01050	0.00573	0.00954	0.00573	0.00763	0.01431	0.00191	0.83874	0.00382	0.00191	0.00477
2	0.00634	0.00423	0.00476	0.00476	0.00476	0.00423	0.00264	0.00634	0.00634	0.00846	0.01374	0.02854	0.01586	0.84672	0.02220	0.00423	0.00423	0.00634	0.00264	0.00264
3	0.00553	0.00422	0.00514	0.00578	0.00660	0.00383	0.00425	0.00661	0.00920	0.01167	0.03125	0.42527	0.31644	0.01245	0.00549	0.00170	0.00265	0.13422	0.00404	0.00367
4	0.01074	0.00866	0.00941	0.00851	0.01083	0.00979	0.00667	0.02117	0.66623	0.05954	0.08057	0.01918	0.01597	0.00644	0.00457	0.00149	0.00339	0.04577	0.00449	0.00656
5	0.00838	0.00455	0.00460	0.00451	0.00566	0.00469	0.00340	0.01136	0.08315	0.01644	0.01455	0.01626	0.01138	0.00516	0.00318	0.00106	0.00216	0.00414	0.79103	0.00433

[dist]
# distance from previous block
# <min> <max>
0	2

[block]
# block no. 13 follows, 60 sequences, length 17
# corresponding to MSA columns:
# 597-613
name=unknown_N
#
# <colnr> <probs for GDERKNQSTAVLIFYWHMCP>
#	G	D	E	R	K	N	Q	S	T	A	V	L	I	F	Y	W	H	M	C	P
0	0.01124	0.01049	0.01060	0.06377	0.04062	0.09627	0.00763	0.02145	0.64807	0.01685	0.01562	0.01490	0.01180	0.00560	0.00438	0.00143	0.00413	0.00460	0.00397	0.00658
1	0.01174	0.79077	0.04903	0.00777	0.01153	0.04756	0.00779	0.01325	0.00900	0.01039	0.00615	0.00710	0.00560	0.00377	0.00289	0.00095	0.00484	0.00238	0.00188	0.00560
2	0.00952	0.11551	0.65607	0.01210	0.01801	0.01088	0.06521	0.01397	0.00934	0.03901	0.00799	0.00930	0.00577	0.00411	0.00406	0.00133	0.00621	0.00328	0.00198	0.00634
3	0.01079	0.01036	0.01770	0.02677	0.81952	0.01036	0.01339	0.01339	0.00993	0.01425	0.00820	0.01079	0.00691	0.00389	0.00432	0.00130	0.00518	0.00389	0.00216	0.00691
4	0.00873	0.00818	0.01300	0.36484	0.13383	0.03954	0.09055	0.01116	0.00951	0.02763	0.04822	0.08781	0.06436	0.00621	0.00489	0.00148	0.01995	0.05245	0.00264	0.00503
5	0.00758	0.00379	0.00568	0.00568	0.00568	0.00379	0.00379	0.00568	0.00568	0.00758	0.00758	0.01326	0.00758	0.01515	0.01705	0.87311	0.00379	0.00379	0.00189	0.00189
6	0.01079	0.01036	0.01770	0.02677	0.81952	0.01036	0.01339	0.01339	0.00993	0.01425	0.00820	0.01079	0.00691	0.00389	0.00432	0.00130	0.00518	0.00389	0.00216	0.00691
7	0.01432	0.03970	0.04254	0.00911	0.01233	0.00831	0.09809	0.13020	0.05577	0.35733	0.03295	0.04707	0.08097	0.00609	0.00455	0.00138	0.00420	0.02578	0.00429	0.02503
8	0.87753	0.00843	0.00641	0.00574	0.00843	0.00978	0.00472	0.01282	0.00742	0.01957	0.00607	0.00709	0.00472	0.00405	0.00270	0.00135	0.00337	0.00236	0.00270	0.00472
9	0.01079	0.01036	0.01770	0.02677	0.81952	0.01036	0.01339	0.01339	0.00993	0.01425	0.00820	0.01079	0.00691	0.00389	0.00432	0.00130	0.00518	0.00389	0.00216	0.00691
10	0.00824	0.00775	0.01308	0.83624	0.03004	0.00969	0.01211	0.01114	0.00872	0.01114	0.00775	0.01163	0.00581	0.00436	0.00436	0.00145	0.00581	0.00388	0.00194	0.00484
11	0.01131	0.01089	0.01868	0.05350	0.27987	0.05030	0.31182	0.03814	0.07426	0.06302	0.01024	0.02641	0.00813	0.00445	0.00468	0.00140	0.00586	0.01809	0.00268	0.00628
12	0.01957	0.00742	0.01012	0.00776	0.01113	0.00641	0.00641	0.02126	0.01248	0.82254	0.01721	0.01484	0.01080	0.00540	0.00439	0.00135	0.00371	0.00439	0.00540	0.00742
13	0.00875	0.02256	0.82413	0.01243	0.01888	0.01013	0.01611	0.01381	0.00921	0.01381	0.00783	0.00921	0.00552	0.00414	0.00414	0.00138	0.00645	0.00322	0.00184	0.00645
14	0.01042	0.00994	0.01561	0.31199	0.46424	0.04133	0.01246	0.05700	0.01019	0.01375	0.00812	0.01096	0.00650	0.00415	0.00432	0.00135	0.00549	0.00384	0.00221	0.00614
15	0.01147	0.80230	0.02231	0.05380	0.01225	0.01683	0.00772	0.01295	0.00885	0.01031	0.00616	0.00726	0.00561	0.00377	0.00289	0.00096	0.00473	0.00242	0.00187	0.00555
16	0.01113	0.01506	0.24735	0.01143	0.03262	0.15591	0.12192	0.01507	0.08881	0.05589	0.00987	0.01089	0.02122	0.00431	0.00413	0.00121	0.00564	0.00364	0.00260	0.18130

[dist]
# distance from previous block
# <min> <max>
0	5

[block]
# block no. 14 follows, 60 sequences, length 10
# corresponding to MSA columns:
# 619-628
name=unknown_O
#
# <colnr> <probs for GDERKNQSTAVLIFYWHMCP>
#	G	D	E	R	K	N	Q	S	T	A	V	L	I	F	Y	W	H	M	C	P
0	0.00559	0.00398	0.00527	0.00597	0.00628	0.00388	0.00401	0.00638	0.00804	0.01085	0.04750	0.60526	0.02533	0.13451	0.10297	0.00271	0.00381	0.01049	0.00368	0.00347
1	0.00656	0.00491	0.00658	0.00654	0.00758	0.00469	0.03474	0.00878	0.06794	0.03219	0.26366	0.36283	0.11104	0.01075	0.00530	0.00159	0.00271	0.05315	0.00426	0.00417
2	0.82704	0.00866	0.00680	0.00599	0.00873	0.01000	0.00493	0.05928	0.00819	0.02003	0.00633	0.00728	0.00488	0.00412	0.00280	0.00135	0.00346	0.00245	0.00280	0.00488
3	0.01189	0.06499	0.02826	0.00692	0.00931	0.00642	0.00567	0.03163	0.03416	0.30991	0.20327	0.14276	0.05474	0.00742	0.00458	0.00135	0.00320	0.00632	0.00443	0.06275
4	0.01421	0.01537	0.01100	0.01007	0.02951	0.47959	0.00752	0.06658	0.14174	0.05564	0.02799	0.01283	0.05949	0.00533	0.00413	0.00123	0.00595	0.00389	0.04240	0.00552
5	0.00673	0.00597	0.04356	0.00677	0.00767	0.03741	0.00526	0.00805	0.00744	0.01027	0.04880	0.04449	0.01357	0.22732	0.50086	0.00543	0.00877	0.00532	0.00255	0.00375
