[name]
unknown

[dist]
# distance from previous block
# <min> <max>
0	168

[block]
# block no. 0 follows, 50 sequences, length 8
# corresponding to MSA columns:
# 268-275
name=unknown_A
#
# <colnr> <probs for GDERKNQSTAVLIFYWHMCP>
#	G	D	E	R	K	N	Q	S	T	A	V	L	I	F	Y	W	H	M	C	P
0	0.11681	0.03280	0.11841	0.05599	0.04840	0.07409	0.03791	0.25184	0.03140	0.05265	0.01268	0.03996	0.01067	0.00652	0.00492	0.00161	0.00574	0.08694	0.00377	0.00688
1	0.00743	0.00597	0.00633	0.00601	0.00779	0.00547	0.00456	0.09143	0.01277	0.01593	0.10864	0.10584	0.58006	0.01193	0.00583	0.00168	0.00286	0.01003	0.00474	0.00470
2	0.01158	0.04885	0.11242	0.05341	0.11836	0.01123	0.09825	0.12787	0.11834	0.01806	0.07495	0.01870	0.05343	0.08840	0.00737	0.00190	0.02117	0.00556	0.00353	0.00662
3	0.00784	0.00585	0.00673	0.00645	0.00773	0.00560	0.00466	0.08898	0.01243	0.01643	0.24188	0.17126	0.25044	0.14054	0.00896	0.00219	0.00322	0.00957	0.00465	0.00458
4	0.12057	0.03926	0.07099	0.02795	0.05226	0.02951	0.00785	0.11693	0.13450	0.01892	0.09220	0.08580	0.07464	0.04863	0.02833	0.00192	0.00464	0.00614	0.03287	0.00610
5	0.01712	0.02064	0.01490	0.01306	0.01555	0.59594	0.04757	0.05874	0.05483	0.01383	0.00859	0.01009	0.00707	0.00561	0.00592	0.00143	0.09662	0.00366	0.00278	0.00604
6	0.00675	0.00486	0.00611	0.00656	0.00720	0.00465	0.00461	0.00789	0.01006	0.01341	0.14669	0.29801	0.11743	0.20810	0.05022	0.00291	0.00393	0.09234	0.00428	0.00400
7	0.01304	0.04659	0.07917	0.05167	0.15303	0.03274	0.16296	0.06569	0.09634	0.11466	0.06764	0.03253	0.03342	0.02141	0.00556	0.00163	0.00575	0.00549	0.00365	0.00701

[dist]
# distance from previous block
# <min> <max>
0	1

[block]
# block no. 1 follows, 50 sequences, length 20
# corresponding to MSA columns:
# 277-296
name=unknown_B
#
# <colnr> <probs for GDERKNQSTAVLIFYWHMCP>
#	G	D	E	R	K	N	Q	S	T	A	V	L	I	F	Y	W	H	M	C	P
0	0.39755	0.04156	0.04406	0.00996	0.05128	0.18029	0.00775	0.03423	0.05732	0.04970	0.00993	0.05470	0.00833	0.00552	0.00399	0.00148	0.00525	0.00389	0.00324	0.02997
1	0.01186	0.17677	0.46701	0.01371	0.07910	0.03668	0.01461	0.05033	0.01150	0.04712	0.04035	0.01152	0.00842	0.00497	0.00452	0.00146	0.00650	0.00384	0.00258	0.00716
2	0.01192	0.01175	0.08794	0.01095	0.06288	0.08109	0.02913	0.09602	0.18037	0.05821	0.19056	0.02310	0.10745	0.00750	0.00524	0.00157	0.00462	0.00630	0.01687	0.00653
3	0.00705	0.00531	0.00638	0.00643	0.00744	0.00513	0.00457	0.00936	0.06909	0.01524	0.26868	0.21210	0.17758	0.13575	0.04513	0.00249	0.00350	0.00977	0.00460	0.00444
4	0.01366	0.01284	0.03434	0.01135	0.04087	0.13218	0.06627	0.15760	0.17725	0.01957	0.01276	0.01366	0.00983	0.00552	0.00491	0.00138	0.02814	0.00441	0.12319	0.13026
5	0.00830	0.00690	0.01044	0.04978	0.01150	0.00841	0.03809	0.01015	0.00833	0.01231	0.01183	0.01725	0.01083	0.02688	0.52927	0.00588	0.17035	0.00508	0.05362	0.00481
6	0.03650	0.01320	0.05370	0.01106	0.01523	0.01314	0.03970	0.49596	0.06129	0.07310	0.01210	0.01230	0.00871	0.00555	0.00479	0.00141	0.00524	0.00434	0.00449	0.12818
7	0.00666	0.00510	0.00610	0.00661	0.00755	0.00481	0.00469	0.00867	0.06226	0.01406	0.09805	0.42666	0.23994	0.04608	0.00689	0.00199	0.00296	0.04188	0.00466	0.00439
8	0.01036	0.00584	0.00737	0.00677	0.00858	0.00514	0.00510	0.01200	0.01232	0.20325	0.24125	0.19640	0.20209	0.02975	0.00617	0.00174	0.00305	0.00926	0.00515	0.02843
9	0.00681	0.00524	0.00736	0.05691	0.06588	0.00510	0.00584	0.00800	0.00984	0.01313	0.05165	0.61312	0.06723	0.05055	0.00700	0.00206	0.00339	0.01221	0.00428	0.00440
10	0.00609	0.00483	0.00547	0.00578	0.00697	0.00422	0.00416	0.00736	0.01113	0.01402	0.13273	0.28689	0.46623	0.01326	0.00604	0.00178	0.00262	0.01147	0.00473	0.00422
11	0.01108	0.01080	0.04330	0.20470	0.45023	0.01082	0.01330	0.05192	0.01150	0.01580	0.01345	0.06370	0.06601	0.00592	0.00510	0.00157	0.00569	0.00544	0.00281	0.00687
12	0.86003	0.00964	0.00733	0.00655	0.00964	0.01118	0.00540	0.01465	0.00848	0.02236	0.00694	0.00810	0.00540	0.00463	0.00308	0.00154	0.00386	0.00270	0.00308	0.00540
13	0.02354	0.02787	0.01126	0.20018	0.04617	0.00927	0.01785	0.04117	0.09718	0.01591	0.13927	0.09515	0.06493	0.04531	0.02304	0.00195	0.08149	0.00666	0.04633	0.00550
14	0.00921	0.00597	0.00706	0.00658	0.00839	0.00547	0.00500	0.01190	0.07737	0.13200	0.23974	0.12493	0.32551	0.01086	0.00574	0.00167	0.00289	0.00930	0.00512	0.00527
15	0.02948	0.06866	0.09361	0.05610	0.08112	0.01074	0.07745	0.08193	0.12975	0.03654	0.03656	0.05067	0.02948	0.02801	0.00530	0.00151	0.00508	0.00503	0.00346	0.16951
16	0.01343	0.01217	0.01407	0.05977	0.02825	0.14807	0.10804	0.10512	0.07584	0.07233	0.01371	0.03973	0.04115	0.00787	0.04587	0.01872	0.03760	0.01504	0.02897	0.11426
17	0.11951	0.05670	0.05394	0.05836	0.10109	0.08008	0.07410	0.09138	0.03041	0.07992	0.04512	0.08937	0.01197	0.00631	0.00495	0.00153	0.02087	0.00526	0.04202	0.02710
18	0.09279	0.06556	0.01010	0.13201	0.01318	0.12733	0.00697	0.03672	0.03832	0.01666	0.03463	0.01567	0.02095	0.02553	0.02607	0.00160	0.00485	0.00439	0.32135	0.00533
19	0.05864	0.04049	0.12061	0.01137	0.03298	0.06283	0.06991	0.23623	0.07973	0.05257	0.04740	0.01400	0.01067	0.00562	0.00466	0.00145	0.00536	0.00454	0.10430	0.03665

[dist]
# distance from previous block
# <min> <max>
4	37

[block]
# block no. 2 follows, 50 sequences, length 19
# corresponding to MSA columns:
# 340-348,350-359
name=unknown_C
#
# <colnr> <probs for GDERKNQSTAVLIFYWHMCP>
#	G	D	E	R	K	N	Q	S	T	A	V	L	I	F	Y	W	H	M	C	P
0	0.09275	0.05288	0.07046	0.01197	0.04309	0.09074	0.12670	0.14621	0.05951	0.04966	0.07032	0.04695	0.08501	0.00731	0.02318	0.00170	0.00572	0.00561	0.00374	0.00649
1	0.01120	0.05659	0.08948	0.01256	0.10989	0.01056	0.06348	0.12378	0.15914	0.01859	0.09731	0.04837	0.13425	0.00807	0.01839	0.01656	0.00488	0.00634	0.00397	0.00659
2	0.05110	0.01063	0.03940	0.05071	0.05066	0.01080	0.05535	0.23528	0.12521	0.09638	0.06577	0.09085	0.04057	0.00868	0.04399	0.00193	0.00524	0.00610	0.00440	0.00695
3	0.04364	0.01670	0.25751	0.07901	0.04778	0.09506	0.05328	0.09856	0.07602	0.03098	0.01044	0.01277	0.00817	0.04569	0.00655	0.00171	0.06096	0.00426	0.00296	0.04794
4	0.01035	0.00712	0.01092	0.01038	0.06837	0.00709	0.09137	0.05852	0.05277	0.04590	0.07289	0.04789	0.05149	0.01199	0.01195	0.39846	0.00460	0.00565	0.02781	0.00450
5	0.01092	0.09777	0.09158	0.01057	0.06639	0.10887	0.03419	0.01348	0.02944	0.01475	0.01596	0.08767	0.10693	0.00643	0.00454	0.00128	0.00495	0.00529	0.03435	0.25464
6	0.00981	0.00878	0.04830	0.00890	0.03696	0.02976	0.02868	0.12186	0.01366	0.01873	0.25240	0.05489	0.17530	0.00880	0.00576	0.00155	0.03364	0.02403	0.06034	0.05785
7	0.01001	0.00844	0.01010	0.05901	0.07717	0.05616	0.00739	0.04674	0.08064	0.04824	0.27040	0.04355	0.15430	0.00992	0.03774	0.00188	0.06112	0.00723	0.00432	0.00563
8	0.06872	0.05734	0.04012	0.08342	0.05138	0.35791	0.00962	0.04486	0.09212	0.10734	0.01190	0.01261	0.03051	0.00553	0.00459	0.00143	0.00670	0.00404	0.00335	0.00650
9	0.43993	0.01119	0.01029	0.12241	0.03609	0.10597	0.00780	0.08144	0.01103	0.04021	0.00979	0.04276	0.00834	0.02224	0.00450	0.00163	0.00508	0.03029	0.00324	0.00576
10	0.01192	0.04005	0.26275	0.10557	0.16142	0.03204	0.15005	0.09486	0.03942	0.01728	0.03072	0.01271	0.00849	0.00496	0.00502	0.00156	0.00674	0.00455	0.00276	0.00714
11	0.00718	0.00486	0.00552	0.00552	0.00563	0.00486	0.00318	0.00731	0.00748	0.00992	0.01730	0.03287	0.05544	0.75546	0.05409	0.00480	0.00504	0.00733	0.00308	0.00313
12	0.01158	0.01107	0.01886	0.23429	0.59599	0.01164	0.01492	0.01463	0.01099	0.01536	0.00924	0.01258	0.00757	0.00458	0.00495	0.00153	0.00611	0.00444	0.00240	0.00728
13	0.01021	0.00610	0.00743	0.00684	0.00829	0.00597	0.00507	0.04877	0.02957	0.13013	0.21882	0.13854	0.08087	0.12773	0.00855	0.00207	0.02681	0.00795	0.12512	0.00515
14	0.00609	0.00451	0.00569	0.00656	0.00715	0.00411	0.00448	0.00710	0.01010	0.01322	0.06972	0.64039	0.17307	0.01480	0.00625	0.00194	0.00280	0.01324	0.00467	0.00411
15	0.00705	0.00495	0.00606	0.00610	0.00716	0.00455	0.00440	0.00867	0.01169	0.03180	0.33102	0.20738	0.19840	0.06661	0.02818	0.00205	0.00300	0.00989	0.05663	0.00441
16	0.01241	0.23671	0.35968	0.07557	0.07237	0.08112	0.01382	0.04688	0.01136	0.03434	0.00872	0.01028	0.00672	0.00473	0.00435	0.00141	0.00665	0.00355	0.00240	0.00694
17	0.00616	0.00439	0.00581	0.00685	0.00717	0.00411	0.00457	0.00705	0.00964	0.01289	0.05751	0.75927	0.03295	0.04717	0.00709	0.00212	0.00295	0.01369	0.00460	0.00403
18	0.08329	0.06158	0.04425	0.01591	0.19112	0.06694	0.10935	0.10296	0.04945	0.14309	0.01198	0.03479	0.00925	0.00545	0.00505	0.00151	0.02425	0.00467	0.01693	0.01816

[dist]
# distance from previous block
# <min> <max>
0	13

[block]
# block no. 3 follows, 50 sequences, length 12
# corresponding to MSA columns:
# 373-384
name=unknown_D
#
# <colnr> <probs for GDERKNQSTAVLIFYWHMCP>
#	G	D	E	R	K	N	Q	S	T	A	V	L	I	F	Y	W	H	M	C	P
0	0.01009	0.01087	0.06503	0.27300	0.08968	0.07753	0.04002	0.01270	0.01073	0.01412	0.05781	0.08346	0.06223	0.02411	0.00598	0.00161	0.04277	0.00567	0.00292	0.10966
1	0.61739	0.01055	0.06712	0.11348	0.01380	0.01094	0.00753	0.01459	0.03746	0.02014	0.00871	0.04396	0.00716	0.00523	0.00367	0.00159	0.00445	0.00360	0.00304	0.00560
2	0.02805	0.06546	0.20343	0.04417	0.11905	0.03396	0.06401	0.02277	0.03781	0.05968	0.04702	0.05473	0.02701	0.00602	0.00500	0.00148	0.01657	0.03560	0.00312	0.12507
3	0.01592	0.01925	0.01247	0.01152	0.01352	0.60387	0.00859	0.01714	0.01282	0.01243	0.01056	0.10074	0.01015	0.04052	0.00615	0.00156	0.05092	0.00472	0.04176	0.00540
4	0.00976	0.06206	0.06084	0.06794	0.17549	0.00994	0.14269	0.01251	0.02018	0.01483	0.07960	0.15083	0.05894	0.00905	0.03895	0.00194	0.05056	0.02470	0.00322	0.00596
5	0.00633	0.00472	0.00582	0.00631	0.00708	0.00436	0.00438	0.00748	0.01037	0.01363	0.14123	0.40995	0.21777	0.08414	0.05046	0.00243	0.00345	0.01148	0.00451	0.00412
6	0.01138	0.05408	0.19775	0.01292	0.06744	0.08440	0.08277	0.06776	0.09408	0.01645	0.05410	0.01922	0.14205	0.00687	0.00592	0.00160	0.06586	0.00557	0.00332	0.00648
7	0.00649	0.00472	0.00573	0.00624	0.00684	0.00439	0.00422	0.00742	0.00985	0.01291	0.10097	0.37921	0.17816	0.20784	0.01079	0.00260	0.00330	0.04010	0.00432	0.00392
8	0.01235	0.03543	0.26182	0.12977	0.10388	0.07459	0.09305	0.09257	0.04006	0.03796	0.01068	0.01327	0.00818	0.00520	0.00490	0.00155	0.00662	0.02220	0.03899	0.00692
9	0.00991	0.00624	0.00852	0.00776	0.00913	0.00656	0.02984	0.04632	0.02516	0.10084	0.03537	0.02158	0.01415	0.18314	0.35526	0.02669	0.00823	0.00567	0.09476	0.00491
10	0.15552	0.00834	0.03788	0.03086	0.01000	0.04103	0.00591	0.03945	0.03010	0.15519	0.01439	0.01546	0.01068	0.00561	0.00391	0.00135	0.00366	0.00430	0.42054	0.00582
11	0.16725	0.05499	0.05957	0.01156	0.06035	0.16744	0.04283	0.16233	0.04480	0.01951	0.01021	0.01158	0.00796	0.00537	0.00480	0.00145	0.04244	0.00390	0.11521	0.00644

[dist]
# distance from previous block
# <min> <max>
1	11

[block]
# block no. 4 follows, 50 sequences, length 11
# corresponding to MSA columns:
# 396-406
name=unknown_E
#
# <colnr> <probs for GDERKNQSTAVLIFYWHMCP>
#	G	D	E	R	K	N	Q	S	T	A	V	L	I	F	Y	W	H	M	C	P
0	0.01221	0.01110	0.06497	0.10731	0.20342	0.01078	0.05181	0.13736	0.07267	0.05700	0.10365	0.05389	0.03494	0.00658	0.00556	0.00160	0.03283	0.00573	0.01972	0.00686
1	0.00932	0.00784	0.01161	0.17006	0.19431	0.00825	0.00918	0.01251	0.08051	0.03744	0.05526	0.18123	0.11753	0.03724	0.04368	0.00209	0.00494	0.00763	0.00364	0.00574
2	0.03988	0.06884	0.15713	0.12286	0.08246	0.09181	0.07251	0.02525	0.10359	0.01552	0.02282	0.07636	0.01083	0.00624	0.00544	0.00160	0.04548	0.01546	0.02952	0.00638
3	0.00670	0.00494	0.00590	0.00637	0.00723	0.00463	0.00448	0.00835	0.03966	0.01404	0.10918	0.38438	0.21807	0.08586	0.00773	0.00210	0.00300	0.03871	0.04442	0.00426
4	0.03308	0.01142	0.07306	0.08732	0.10783	0.08592	0.00931	0.08732	0.10303	0.01704	0.09593	0.08736	0.09662	0.03931	0.00636	0.00175	0.03149	0.01605	0.00374	0.00608
5	0.00619	0.00456	0.00572	0.00646	0.00707	0.00418	0.00440	0.00723	0.01020	0.01341	0.10525	0.56714	0.16994	0.05474	0.00717	0.00206	0.00287	0.01267	0.00463	0.00409
6	0.01014	0.07354	0.15744	0.03410	0.02260	0.05784	0.00866	0.03341	0.07791	0.04103	0.09987	0.09301	0.12166	0.10695	0.00802	0.00200	0.03581	0.00670	0.00364	0.00566
7	0.00766	0.00606	0.00874	0.00843	0.00910	0.00733	0.00653	0.00915	0.00787	0.01142	0.01266	0.01981	0.01226	0.12012	0.60955	0.00685	0.12396	0.00541	0.00264	0.00443
8	0.01129	0.01682	0.32083	0.09948	0.09723	0.04747	0.06508	0.05240	0.08109	0.03034	0.04745	0.01451	0.01017	0.04986	0.00646	0.00177	0.03339	0.00467	0.00289	0.00680
9	0.01219	0.04730	0.04645	0.03938	0.05356	0.00897	0.03680	0.09119	0.01201	0.06741	0.01008	0.01141	0.00789	0.00432	0.00412	0.00104	0.00450	0.00355	0.02968	0.50814
10	0.01053	0.00990	0.01423	0.48138	0.07224	0.04646	0.03323	0.04656	0.07265	0.01478	0.01239	0.03846	0.04473	0.00568	0.00497	0.00156	0.00595	0.00496	0.00284	0.07649

[dist]
# distance from previous block
# <min> <max>
2	5

[block]
# block no. 5 follows, 50 sequences, length 17
# corresponding to MSA columns:
# 413-429
name=unknown_F
#
# <colnr> <probs for GDERKNQSTAVLIFYWHMCP>
#	G	D	E	R	K	N	Q	S	T	A	V	L	I	F	Y	W	H	M	C	P
0	0.01078	0.03433	0.09333	0.13564	0.01561	0.15341	0.00912	0.01384	0.06666	0.01424	0.03729	0.16224	0.03068	0.02947	0.00610	0.00166	0.04642	0.01980	0.04787	0.07153
1	0.00759	0.00618	0.00848	0.00830	0.00913	0.03343	0.04613	0.00892	0.00880	0.01194	0.01758	0.25885	0.01908	0.15022	0.34147	0.00492	0.03002	0.02136	0.00331	0.00430
2	0.01151	0.04456	0.01448	0.39182	0.12778	0.05276	0.01140	0.06403	0.07812	0.03094	0.02506	0.01408	0.00905	0.00562	0.00517	0.02458	0.00576	0.00451	0.07259	0.00618
3	0.00664	0.00493	0.00619	0.00620	0.00727	0.00448	0.00452	0.00849	0.01266	0.01730	0.49905	0.20452	0.17582	0.01176	0.00598	0.00168	0.00250	0.01037	0.00515	0.00448
4	0.01068	0.01002	0.01677	0.01307	0.01623	0.01004	0.30885	0.01686	0.23504	0.03222	0.09973	0.03978	0.08051	0.06403	0.00696	0.00189	0.00543	0.00677	0.01882	0.00632
5	0.01202	0.00881	0.01051	0.00759	0.01194	0.00674	0.00610	0.01419	0.01089	0.12546	0.01037	0.01126	0.00808	0.00404	0.00388	0.00085	0.00377	0.00324	0.00340	0.73687
6	0.00643	0.00471	0.00607	0.00665	0.00740	0.00434	0.00473	0.00784	0.01115	0.01499	0.24713	0.46892	0.12450	0.01363	0.00620	0.00187	0.00279	0.05149	0.00487	0.00428
7	0.00703	0.00528	0.00759	0.00759	0.00848	0.00597	0.00581	0.00864	0.00823	0.01159	0.01657	0.02283	0.07684	0.09047	0.68488	0.00727	0.01187	0.00590	0.00286	0.00433
8	0.00626	0.00503	0.00558	0.00552	0.00698	0.00435	0.00411	0.00783	0.01211	0.01542	0.27591	0.08383	0.52549	0.01203	0.00591	0.00167	0.00249	0.01024	0.00489	0.00435
9	0.00710	0.00587	0.00699	0.00761	0.06067	0.00543	0.00516	0.00964	0.06770	0.01575	0.22778	0.10429	0.43517	0.01129	0.00580	0.00167	0.00284	0.00968	0.00473	0.00483
10	0.04071	0.00629	0.00604	0.00564	0.00720	0.04720	0.00424	0.01268	0.01071	0.08136	0.01733	0.01989	0.05348	0.06339	0.00531	0.00149	0.00311	0.00498	0.58140	0.02756
11	0.01476	0.14050	0.01852	0.01622	0.20471	0.08923	0.11028	0.09552	0.01328	0.13911	0.06748	0.02852	0.01148	0.00559	0.00509	0.00146	0.02280	0.00483	0.00352	0.00710
12	0.44564	0.22195	0.03325	0.00850	0.01191	0.16617	0.00737	0.01593	0.01014	0.03105	0.00736	0.00846	0.00599	0.00466	0.00346	0.00137	0.00532	0.00285	0.00277	0.00583
13	0.01112	0.09110	0.14967	0.01364	0.01614	0.01423	0.11860	0.03401	0.00938	0.01367	0.00798	0.01141	0.00700	0.00844	0.05300	0.00219	0.42569	0.00435	0.00231	0.00607
14	0.01363	0.44336	0.02058	0.01188	0.09695	0.11174	0.00932	0.08645	0.01178	0.01423	0.00942	0.07596	0.00895	0.00578	0.00486	0.00133	0.06050	0.00415	0.00270	0.00642
15	0.53900	0.01101	0.07756	0.00857	0.01213	0.01063	0.06983	0.01529	0.06174	0.02046	0.00907	0.01035	0.00698	0.00476	0.00366	0.00148	0.00442	0.00340	0.06254	0.06712
16	0.02084	0.01046	0.05882	0.15594	0.09665	0.08374	0.11250	0.01258	0.01034	0.01400	0.01324	0.13044	0.01253	0.05227	0.11404	0.00263	0.00692	0.00612	0.08044	0.00550

[dist]
# distance from previous block
# <min> <max>
2	13

[block]
# block no. 6 follows, 50 sequences, length 27
# corresponding to MSA columns:
# 443-469
name=unknown_G
#
# <colnr> <probs for GDERKNQSTAVLIFYWHMCP>
#	G	D	E	R	K	N	Q	S	T	A	V	L	I	F	Y	W	H	M	C	P
0	0.02903	0.12232	0.05519	0.01136	0.01508	0.07328	0.03769	0.41412	0.08970	0.02347	0.01183	0.04177	0.00932	0.00608	0.00520	0.00150	0.03692	0.00460	0.00405	0.00750
1	0.01064	0.00799	0.03493	0.00759	0.01023	0.00706	0.00621	0.06277	0.06437	0.11795	0.22044	0.02818	0.21599	0.00848	0.00565	0.00148	0.03329	0.00702	0.00465	0.14508
2	0.03870	0.01909	0.47632	0.06750	0.09269	0.01083	0.05548	0.01549	0.03943	0.04462	0.01218	0.04428	0.03972	0.00554	0.00490	0.00159	0.00647	0.00468	0.00267	0.01782
3	0.01677	0.01366	0.07534	0.01095	0.01462	0.05157	0.00943	0.49924	0.01933	0.09348	0.06483	0.06137	0.01250	0.00677	0.00537	0.00155	0.02557	0.00527	0.00469	0.00767
4	0.04339	0.00993	0.01159	0.06848	0.01416	0.08541	0.00781	0.02220	0.04459	0.57109	0.01720	0.01582	0.01129	0.00594	0.00483	0.00151	0.00476	0.00474	0.04757	0.00770
5	0.01077	0.00583	0.00760	0.03896	0.00920	0.00568	0.04988	0.01293	0.01077	0.12171	0.01715	0.09863	0.01444	0.04752	0.00527	0.00153	0.00329	0.00584	0.52782	0.00518
6	0.01409	0.05403	0.10050	0.05172	0.17495	0.03544	0.06800	0.16563	0.14284	0.08008	0.01249	0.01347	0.00934	0.00544	0.00510	0.00153	0.02144	0.00460	0.03180	0.00751
7	0.00968	0.00904	0.01500	0.51163	0.21919	0.01034	0.01293	0.01261	0.01036	0.01366	0.01281	0.07486	0.05503	0.00608	0.00513	0.00164	0.00595	0.00551	0.00260	0.00593
8	0.00593	0.00504	0.00511	0.00512	0.00676	0.00422	0.00383	0.00721	0.01140	0.01363	0.07070	0.06404	0.75485	0.01262	0.00590	0.00169	0.00253	0.01055	0.00465	0.00422
9	0.16319	0.15488	0.04134	0.00968	0.01300	0.15212	0.00819	0.05807	0.15141	0.14135	0.01244	0.03659	0.00967	0.00577	0.00454	0.00147	0.02155	0.00419	0.00377	0.00676
10	0.00677	0.00506	0.00629	0.00697	0.00766	0.00491	0.00480	0.00897	0.08045	0.01404	0.09642	0.58945	0.08809	0.04667	0.00693	0.00204	0.00299	0.01238	0.00468	0.00443
11	0.43622	0.01161	0.00869	0.00790	0.01046	0.18498	0.00617	0.01542	0.01060	0.07083	0.03777	0.06523	0.01020	0.00590	0.00389	0.00148	0.00473	0.00417	0.09826	0.00549
12	0.01455	0.00771	0.00936	0.00804	0.01051	0.00746	0.00629	0.13974	0.04098	0.29397	0.05254	0.19729	0.07240	0.00882	0.00522	0.00161	0.00371	0.00747	0.10575	0.00658
13	0.01130	0.01121	0.05199	0.27597	0.36833	0.01152	0.03327	0.06461	0.01143	0.01575	0.01033	0.06006	0.00888	0.00555	0.00551	0.00161	0.03822	0.00501	0.00266	0.00680
14	0.00606	0.00438	0.00574	0.00683	0.00720	0.00406	0.00458	0.00695	0.00965	0.01277	0.02877	0.77794	0.07577	0.01545	0.00634	0.00201	0.00287	0.01396	0.00463	0.00406
15	0.00730	0.00500	0.00612	0.00632	0.00748	0.00445	0.00455	0.00868	0.01139	0.06669	0.19275	0.35698	0.27808	0.01290	0.00602	0.00179	0.00275	0.01132	0.00491	0.00453
16	0.01176	0.01345	0.02941	0.02101	0.02605	0.01261	0.77563	0.01597	0.01176	0.01597	0.01008	0.01345	0.00756	0.00420	0.00588	0.00168	0.00840	0.00588	0.00252	0.00672
17	0.01326	0.00876	0.00948	0.00818	0.01059	0.00944	0.00647	0.23792	0.16369	0.06822	0.01685	0.06273	0.01348	0.00680	0.00456	0.00146	0.00375	0.02286	0.32492	0.00658
18	0.00641	0.00478	0.00581	0.00613	0.00699	0.00435	0.00428	0.00771	0.01106	0.01465	0.24517	0.33157	0.22782	0.09041	0.00792	0.00208	0.00283	0.01115	0.00471	0.00417
19	0.00888	0.00716	0.00847	0.00810	0.00969	0.00795	0.00615	0.01489	0.28993	0.01542	0.05319	0.05182	0.10816	0.09679	0.27236	0.00410	0.00689	0.02052	0.00402	0.00553
20	0.02114	0.00881	0.01160	0.00896	0.01268	0.00795	0.00738	0.09530	0.01513	0.67840	0.06426	0.01768	0.01401	0.00639	0.00506	0.00154	0.00425	0.00520	0.00602	0.00826
21	0.01108	0.06380	0.62764	0.01362	0.01992	0.03546	0.01652	0.06626	0.01125	0.01624	0.00883	0.01048	0.00648	0.00510	0.00553	0.00158	0.06696	0.00372	0.00232	0.00720
22	0.01182	0.01144	0.02002	0.05947	0.65135	0.01144	0.08186	0.01478	0.01123	0.01591	0.01044	0.05812	0.00923	0.00507	0.00510	0.00154	0.00600	0.00512	0.00258	0.00748
23	0.00621	0.00446	0.00593	0.00706	0.00745	0.00418	0.00486	0.00720	0.00973	0.01291	0.02796	0.74556	0.05145	0.01540	0.00639	0.00204	0.00301	0.06949	0.00462	0.00409
24	0.01085	0.01045	0.05714	0.15301	0.01661	0.06702	0.07062	0.07785	0.01064	0.03404	0.01165	0.02454	0.01725	0.10071	0.15000	0.05329	0.10235	0.02376	0.00286	0.00536
25	0.01188	0.02037	0.54326	0.01335	0.04961	0.01055	0.01516	0.04567	0.01156	0.11311	0.01138	0.01401	0.00854	0.00539	0.00484	0.00155	0.00645	0.04653	0.00293	0.06385
26	0.01700	0.01055	0.02546	0.01172	0.08877	0.05278	0.02014	0.12373	0.08140	0.34484	0.08670	0.03177	0.01446	0.00655	0.00551	0.00156	0.03745	0.00533	0.02675	0.00753

[dist]
# distance from previous block
# <min> <max>
0	1

[block]
# block no. 7 follows, 50 sequences, length 9
# corresponding to MSA columns:
# 472-480
name=unknown_H
#
# <colnr> <probs for GDERKNQSTAVLIFYWHMCP>
#	G	D	E	R	K	N	Q	S	T	A	V	L	I	F	Y	W	H	M	C	P
0	0.03318	0.00681	0.00912	0.00942	0.06918	0.00731	0.00641	0.04648	0.00986	0.08054	0.06175	0.08669	0.03111	0.21880	0.19125	0.03632	0.07027	0.01711	0.00349	0.00489
1	0.47788	0.08140	0.06497	0.00959	0.03437	0.01199	0.06665	0.08290	0.01077	0.05115	0.00846	0.00962	0.00646	0.00468	0.00376	0.00146	0.00477	0.00332	0.00316	0.06264
2	0.01064	0.01212	0.08224	0.58432	0.06426	0.09523	0.01371	0.01383	0.01040	0.01306	0.00865	0.01243	0.00664	0.00514	0.00548	0.00163	0.04790	0.00423	0.00225	0.00582
3	0.01107	0.01037	0.01741	0.14004	0.57277	0.01066	0.01352	0.01376	0.01081	0.01515	0.01143	0.09780	0.01071	0.03609	0.00585	0.00169	0.00567	0.00556	0.00268	0.00697
4	0.01300	0.01051	0.01121	0.00990	0.01267	0.01196	0.00768	0.08938	0.63821	0.05094	0.01925	0.01890	0.01472	0.06101	0.00641	0.00188	0.00415	0.00562	0.00497	0.00764
5	0.00714	0.00485	0.00541	0.00541	0.00554	0.00478	0.00308	0.00724	0.00757	0.00996	0.01840	0.03381	0.07795	0.76201	0.02386	0.00459	0.00465	0.00750	0.00314	0.00311
6	0.01179	0.01125	0.04365	0.01625	0.12764	0.01077	0.28112	0.03272	0.18078	0.05731	0.13987	0.01844	0.01602	0.00595	0.00542	0.00161	0.00567	0.00597	0.02086	0.00692
7	0.00626	0.00454	0.00579	0.00655	0.00707	0.00421	0.00443	0.00729	0.01011	0.01345	0.12229	0.58487	0.11203	0.07701	0.00772	0.00215	0.00294	0.01263	0.00461	0.00407
8	0.01391	0.02220	0.39215	0.01333	0.01846	0.26547	0.04958	0.07074	0.01285	0.05229	0.01074	0.01186	0.03381	0.00526	0.00478	0.00149	0.00749	0.00399	0.00275	0.00685

[dist]
# distance from previous block
# <min> <max>
0	8

[block]
# block no. 8 follows, 50 sequences, length 32
# corresponding to MSA columns:
# 499-510,513-515,519-535
name=unknown_I
#
# <colnr> <probs for GDERKNQSTAVLIFYWHMCP>
#	G	D	E	R	K	N	Q	S	T	A	V	L	I	F	Y	W	H	M	C	P
0	0.03384	0.18558	0.31333	0.03572	0.07315	0.06222	0.03038	0.04559	0.03426	0.01568	0.00890	0.01039	0.00696	0.00460	0.00429	0.00134	0.00618	0.00354	0.00252	0.12154
1	0.00929	0.00465	0.00465	0.00465	0.00581	0.00465	0.00348	0.01161	0.01045	0.01858	0.01626	0.01858	0.01278	0.00581	0.00348	0.00116	0.00232	0.00465	0.85250	0.00465
2	0.00917	0.02857	0.07007	0.11811	0.11617	0.00941	0.09251	0.01155	0.01034	0.01426	0.06062	0.20150	0.08585	0.00873	0.00698	0.00176	0.11614	0.00752	0.02517	0.00558
3	0.00723	0.00567	0.00672	0.00625	0.00792	0.00506	0.00470	0.00968	0.04709	0.01731	0.41617	0.08611	0.25508	0.01042	0.00566	0.00155	0.00264	0.00901	0.00491	0.09082
4	0.00725	0.00496	0.00586	0.00611	0.00639	0.00491	0.00396	0.00773	0.00824	0.01086	0.01961	0.08018	0.05431	0.61251	0.02046	0.00413	0.00459	0.13111	0.00343	0.00339
5	0.00990	0.01042	0.06155	0.24943	0.07864	0.03156	0.05347	0.01263	0.02149	0.01341	0.04465	0.01473	0.00979	0.01218	0.15928	0.00296	0.20090	0.00482	0.00252	0.00567
6	0.01890	0.01355	0.01465	0.01128	0.01522	0.01491	0.00930	0.71006	0.04951	0.07261	0.01268	0.01247	0.00892	0.00602	0.00499	0.00151	0.00536	0.00456	0.00505	0.00846
7	0.04323	0.05798	0.07077	0.03493	0.13492	0.10390	0.08200	0.17162	0.03934	0.05708	0.02173	0.02937	0.01125	0.00645	0.00532	0.00160	0.02288	0.09518	0.00355	0.00688
8	0.00634	0.00453	0.00608	0.00715	0.00759	0.00427	0.00501	0.00745	0.01001	0.01336	0.06899	0.69372	0.03326	0.01511	0.00639	0.00203	0.00305	0.09682	0.00467	0.00414
9	0.01479	0.04615	0.01457	0.01153	0.01462	0.18964	0.05039	0.18313	0.19920	0.01909	0.01176	0.01250	0.00916	0.00582	0.00591	0.00147	0.09067	0.00428	0.00368	0.11165
10	0.00886	0.00648	0.00910	0.04362	0.04538	0.00661	0.03073	0.04104	0.03784	0.03971	0.37239	0.08779	0.02897	0.01251	0.09107	0.04859	0.02134	0.00750	0.05536	0.00511
11	0.01346	0.22767	0.23487	0.04684	0.04438	0.09133	0.04905	0.04060	0.01171	0.11370	0.01156	0.04331	0.02526	0.00546	0.00450	0.00143	0.00615	0.00430	0.01765	0.00680
12	0.01111	0.05458	0.37165	0.13316	0.14043	0.01210	0.06922	0.05881	0.05450	0.01637	0.01061	0.01257	0.02281	0.00501	0.00487	0.00156	0.00663	0.00431	0.00259	0.00712
13	0.01827	0.00836	0.01075	0.00855	0.01182	0.00772	0.00694	0.09724	0.04053	0.52274	0.15517	0.02145	0.05321	0.00716	0.00520	0.00155	0.00395	0.00593	0.00582	0.00761
14	0.00939	0.00833	0.02925	0.39156	0.08875	0.00937	0.01059	0.01188	0.05129	0.01267	0.01187	0.06784	0.02854	0.04394	0.00916	0.15277	0.04974	0.00536	0.00263	0.00507
15	0.02746	0.01353	0.09262	0.05846	0.18311	0.07503	0.12737	0.09371	0.06862	0.17811	0.02470	0.01380	0.00958	0.00528	0.00504	0.00155	0.00611	0.00474	0.00369	0.00746
16	0.00899	0.00636	0.00922	0.03559	0.03727	0.00636	0.02735	0.01152	0.03134	0.05749	0.02445	0.13322	0.02599	0.01255	0.00653	0.00215	0.00457	0.54953	0.00449	0.00502
17	0.01482	0.03987	0.05079	0.03589	0.13195	0.18770	0.04063	0.20987	0.12119	0.01919	0.01195	0.05629	0.00987	0.00611	0.00542	0.00153	0.04143	0.00484	0.00356	0.00708
18	0.03168	0.05432	0.24003	0.01571	0.02116	0.01175	0.35932	0.03861	0.01159	0.05896	0.00999	0.01205	0.00738	0.00447	0.00505	0.00150	0.00702	0.00463	0.00272	0.10207
19	0.02971	0.14381	0.22280	0.15616	0.03828	0.01244	0.08233	0.07510	0.03540	0.03241	0.02251	0.03074	0.00915	0.06411	0.00642	0.00177	0.02302	0.00459	0.00278	0.00646
20	0.02503	0.10751	0.38870	0.01363	0.05215	0.01236	0.08697	0.07380	0.05409	0.08810	0.01083	0.01195	0.00789	0.00503	0.00482	0.00152	0.01591	0.00413	0.02829	0.00730
21	0.00621	0.00444	0.00595	0.00710	0.00745	0.00417	0.00487	0.00718	0.00968	0.01288	0.02739	0.76664	0.03266	0.01548	0.00640	0.00204	0.00301	0.06772	0.00462	0.00409
22	0.00856	0.00437	0.00642	0.00642	0.00642	0.00437	0.00424	0.00655	0.00655	0.00873	0.00916	0.01641	0.00934	0.07528	0.01990	0.79395	0.00437	0.00454	0.00223	0.00223
23	0.02894	0.07592	0.31105	0.01346	0.01830	0.04967	0.13916	0.06815	0.10052	0.04755	0.01152	0.04854	0.00913	0.00571	0.00554	0.00160	0.05043	0.00477	0.00303	0.00700
24	0.01013	0.00968	0.04660	0.13401	0.01465	0.07609	0.00892	0.01208	0.03236	0.04323	0.01275	0.12957	0.01247	0.05069	0.15158	0.04959	0.19154	0.00600	0.00293	0.00511
25	0.00660	0.00486	0.00544	0.00557	0.00628	0.00450	0.00363	0.00733	0.00949	0.01215	0.08587	0.14680	0.29038	0.37267	0.01458	0.00312	0.00358	0.00946	0.00398	0.00370
26	0.42010	0.00903	0.00955	0.00777	0.01126	0.00916	0.00641	0.01971	0.01152	0.42929	0.01362	0.01275	0.00904	0.00544	0.00410	0.00154	0.00406	0.00391	0.00470	0.00702
27	0.08464	0.01044	0.04344	0.52023	0.13916	0.01146	0.06802	0.03799	0.01061	0.01502	0.00896	0.01257	0.00683	0.00484	0.00487	0.00162	0.00641	0.00436	0.00243	0.00611
28	0.01024	0.08479	0.74214	0.01379	0.02093	0.01218	0.01769	0.01572	0.01049	0.01549	0.00880	0.01034	0.00632	0.00470	0.00462	0.00154	0.00722	0.00361	0.00211	0.00730
29	0.00599	0.00475	0.00536	0.00584	0.00691	0.00415	0.00412	0.00707	0.01052	0.01308	0.04025	0.36754	0.46191	0.03072	0.00649	0.00189	0.00272	0.01196	0.00459	0.00412
30	0.00747	0.00548	0.00726	0.00814	0.00917	0.00539	0.00659	0.00981	0.04470	0.01474	0.06966	0.26565	0.08506	0.01370	0.00653	0.00211	0.00382	0.42548	0.00467	0.00456
31	0.04652	0.07009	0.01362	0.03405	0.03541	0.13650	0.06792	0.02634	0.17205	0.10052	0.03423	0.13966	0.01487	0.00766	0.00571	0.00165	0.04925	0.03367	0.00392	0.00634

[dist]
# distance from previous block
# <min> <max>
3	6

[block]
# block no. 9 follows, 50 sequences, length 18
# corresponding to MSA columns:
# 544,546-562
name=unknown_J
#
# <colnr> <probs for GDERKNQSTAVLIFYWHMCP>
#	G	D	E	R	K	N	Q	S	T	A	V	L	I	F	Y	W	H	M	C	P
0	0.01551	0.07117	0.05682	0.03913	0.04582	0.14577	0.09377	0.29935	0.05348	0.04040	0.02728	0.01457	0.00995	0.00588	0.00495	0.00150	0.00626	0.04132	0.01991	0.00715
1	0.03108	0.06906	0.15079	0.05708	0.16236	0.11152	0.04232	0.03874	0.06510	0.01608	0.03808	0.04175	0.00995	0.00529	0.00463	0.00138	0.00587	0.00442	0.00292	0.14158
2	0.01299	0.21000	0.09166	0.17603	0.14253	0.15692	0.04068	0.01590	0.03194	0.02685	0.00871	0.01094	0.00707	0.00494	0.00499	0.00144	0.04367	0.00381	0.00244	0.00648
3	0.00986	0.00864	0.01320	0.30658	0.09016	0.04077	0.06680	0.01275	0.03396	0.04337	0.05166	0.14562	0.01439	0.01090	0.10229	0.00244	0.00650	0.00646	0.02806	0.00559
4	0.01234	0.01184	0.02023	0.03059	0.79373	0.01184	0.01530	0.01530	0.01135	0.01628	0.00938	0.01234	0.00790	0.00444	0.00493	0.00148	0.00592	0.00444	0.00247	0.00790
5	0.00713	0.00512	0.00698	0.00700	0.00757	0.00560	0.00499	0.00829	0.00809	0.01136	0.05261	0.05120	0.01679	0.30900	0.46897	0.00640	0.00951	0.00647	0.00299	0.00395
6	0.00637	0.00458	0.00585	0.00660	0.00723	0.00423	0.00459	0.00759	0.01053	0.01420	0.14920	0.56937	0.11562	0.01405	0.00615	0.00189	0.00279	0.03005	0.03491	0.00420
7	0.32910	0.00907	0.01012	0.00810	0.01168	0.00898	0.00668	0.04328	0.01242	0.49046	0.01477	0.01357	0.00968	0.00560	0.00431	0.00154	0.00414	0.00415	0.00500	0.00735
8	0.00708	0.00487	0.00544	0.00542	0.00567	0.00475	0.00318	0.00732	0.00802	0.01054	0.05102	0.03467	0.11310	0.69365	0.02223	0.00432	0.00445	0.00772	0.00331	0.00323
9	0.00808	0.00506	0.00638	0.00669	0.00780	0.00453	0.00477	0.00927	0.01086	0.10856	0.08678	0.48914	0.20646	0.01339	0.00605	0.00185	0.00293	0.01185	0.00488	0.00467
10	0.09090	0.01265	0.01298	0.01027	0.01363	0.04317	0.00826	0.56148	0.01949	0.05514	0.01210	0.01420	0.00944	0.10515	0.00728	0.00190	0.00535	0.00464	0.00453	0.00745
11	0.01004	0.00571	0.00600	0.00573	0.00712	0.00585	0.00433	0.10164	0.01188	0.01939	0.01711	0.11519	0.01472	0.00702	0.00401	0.00131	0.00277	0.00578	0.64936	0.00503
12	0.01363	0.01132	0.01196	0.01039	0.01343	0.01297	0.00819	0.16757	0.64164	0.02284	0.01872	0.01735	0.01395	0.00662	0.00506	0.00165	0.00423	0.00542	0.00506	0.00800
13	0.00989	0.00968	0.04397	0.34220	0.17608	0.01004	0.02874	0.01262	0.00997	0.01380	0.01056	0.01425	0.03068	0.00885	0.08952	0.02702	0.04623	0.00452	0.00247	0.10891
14	0.00722	0.00516	0.00731	0.00726	0.00798	0.00569	0.00537	0.00854	0.00853	0.01209	0.10783	0.02377	0.01744	0.17171	0.52654	0.05434	0.01001	0.00607	0.00305	0.00410
15	0.11493	0.14031	0.09003	0.11495	0.08916	0.15628	0.01862	0.01441	0.01061	0.01454	0.01033	0.08987	0.00946	0.00623	0.00512	0.01771	0.03629	0.00463	0.05067	0.00585
16	0.63120	0.10896	0.01051	0.00777	0.03417	0.01194	0.00627	0.03379	0.00943	0.04329	0.00763	0.00871	0.00600	0.00460	0.00330	0.00143	0.00414	0.00288	0.00308	0.06092
17	0.01351	0.09157	0.15551	0.00982	0.01350	0.05904	0.02964	0.02981	0.08935	0.20947	0.01862	0.09160	0.08717	0.00804	0.02885	0.00173	0.00523	0.00585	0.03182	0.01988

[dist]
# distance from previous block
# <min> <max>
1	16

[block]
# block no. 10 follows, 50 sequences, length 46
# corresponding to MSA columns:
# 579-624
name=unknown_K
#
# <colnr> <probs for GDERKNQSTAVLIFYWHMCP>
#	G	D	E	R	K	N	Q	S	T	A	V	L	I	F	Y	W	H	M	C	P
0	0.01106	0.00930	0.01145	0.01020	0.01269	0.01015	0.07156	0.02054	0.48932	0.04047	0.03634	0.13274	0.05639	0.00855	0.00549	0.00177	0.00413	0.05626	0.00478	0.00683
1	0.01083	0.04856	0.27096	0.05177	0.13906	0.01179	0.13186	0.01622	0.12453	0.01589	0.01215	0.07826	0.01025	0.00599	0.00569	0.00165	0.04941	0.00531	0.00288	0.00693
2	0.58247	0.00917	0.00860	0.00725	0.01052	0.00984	0.00597	0.01745	0.01039	0.25806	0.03167	0.01157	0.00862	0.00524	0.00375	0.00154	0.00393	0.00357	0.00409	0.00632
3	0.01097	0.07854	0.01389	0.01098	0.01198	0.04439	0.00904	0.07363	0.00946	0.01335	0.00914	0.01377	0.00865	0.05127	0.20821	0.00355	0.41662	0.00455	0.00258	0.00544
4	0.01486	0.00703	0.00930	0.00769	0.01040	0.00611	0.00609	0.01685	0.01344	0.40740	0.26191	0.09094	0.04151	0.00816	0.00531	0.00153	0.00345	0.00699	0.00553	0.07551
5	0.02198	0.00910	0.01195	0.00916	0.01303	0.00825	0.00757	0.10950	0.01530	0.71051	0.01879	0.01640	0.01190	0.00615	0.00501	0.00154	0.00438	0.00495	0.00604	0.00848
6	0.00619	0.00441	0.00587	0.00700	0.00732	0.00415	0.00473	0.00710	0.00956	0.01274	0.02709	0.76533	0.03236	0.03837	0.00692	0.00212	0.00302	0.04710	0.00458	0.00404
7	0.86003	0.00964	0.00733	0.00655	0.00964	0.01118	0.00540	0.01465	0.00848	0.02236	0.00694	0.00810	0.00540	0.00463	0.00308	0.00154	0.00386	0.00270	0.00308	0.00540
8	0.67951	0.00954	0.00796	0.00693	0.00997	0.01082	0.00568	0.07882	0.01018	0.06073	0.00874	0.00971	0.00659	0.00491	0.00337	0.00151	0.00389	0.00312	0.07228	0.00575
9	0.79137	0.07599	0.00885	0.00671	0.00990	0.01187	0.00565	0.01467	0.00862	0.02150	0.00694	0.00809	0.00548	0.00460	0.00309	0.00150	0.00398	0.00270	0.00301	0.00548
10	0.79088	0.00925	0.00717	0.00646	0.00930	0.01067	0.00521	0.01405	0.00838	0.02133	0.00765	0.01009	0.00643	0.07114	0.00489	0.00181	0.00393	0.00307	0.00308	0.00521
11	0.00613	0.00436	0.00577	0.00687	0.00715	0.00408	0.00456	0.00695	0.00944	0.01259	0.02695	0.78654	0.03231	0.05155	0.00721	0.00215	0.00298	0.01386	0.00456	0.00400
12	0.02236	0.00848	0.01157	0.00887	0.01272	0.00733	0.00733	0.02429	0.01427	0.79719	0.01966	0.01697	0.01234	0.00617	0.00501	0.00154	0.00424	0.00501	0.00617	0.00848
13	0.00607	0.00442	0.00573	0.00675	0.00719	0.00408	0.00455	0.00700	0.00979	0.01292	0.04352	0.73629	0.10283	0.01524	0.00631	0.00198	0.00285	0.01374	0.00464	0.00408
14	0.00695	0.00478	0.00550	0.00566	0.00589	0.00466	0.00339	0.00726	0.00817	0.01079	0.04532	0.15533	0.08621	0.60617	0.02019	0.00403	0.00426	0.00864	0.00348	0.00333
15	0.74787	0.07847	0.00928	0.00696	0.01019	0.01211	0.00586	0.05198	0.00935	0.02191	0.00719	0.00828	0.00563	0.00466	0.00319	0.00150	0.00406	0.00278	0.00310	0.00563
16	0.01683	0.01332	0.01342	0.01097	0.01443	0.07795	0.00881	0.41204	0.28781	0.06864	0.01495	0.01432	0.01088	0.00620	0.00498	0.00155	0.00516	0.00481	0.00489	0.00805
17	0.21312	0.00859	0.01028	0.00833	0.01171	0.00837	0.00682	0.02089	0.05011	0.51523	0.01624	0.01523	0.01089	0.00846	0.07167	0.00209	0.00490	0.00454	0.00511	0.00741
18	0.00948	0.00567	0.00636	0.00590	0.00730	0.00587	0.00456	0.02941	0.01032	0.01756	0.01465	0.01738	0.01181	0.00911	0.08799	0.00191	0.05274	0.00456	0.62133	0.07611
19	0.00638	0.00450	0.00579	0.00660	0.00691	0.00425	0.00433	0.00721	0.00949	0.01275	0.08928	0.60560	0.03132	0.16921	0.00994	0.00252	0.00322	0.01242	0.00439	0.00391
20	0.00822	0.00685	0.00966	0.00904	0.00953	0.00859	0.00704	0.00951	0.00778	0.01138	0.01179	0.01925	0.01170	0.15909	0.45081	0.00582	0.24149	0.00538	0.00259	0.00450
21	0.01474	0.01066	0.01169	0.01006	0.01317	0.01185	0.00796	0.10203	0.57816	0.15248	0.01934	0.01765	0.01405	0.00658	0.00505	0.00165	0.00415	0.00541	0.00525	0.00805
22	0.00845	0.00433	0.00644	0.00653	0.00655	0.00431	0.00435	0.00653	0.00674	0.00899	0.01018	0.08055	0.01063	0.01718	0.01842	0.78581	0.00421	0.00513	0.00236	0.00232
23	0.01106	0.00884	0.01041	0.00747	0.01187	0.00669	0.00599	0.01325	0.01057	0.06307	0.00951	0.01073	0.00768	0.00384	0.00377	0.00079	0.00372	0.00308	0.00315	0.80452
24	0.03133	0.04783	0.16171	0.09319	0.03962	0.16935	0.03546	0.11494	0.22154	0.01810	0.01206	0.01285	0.00911	0.00550	0.00478	0.00153	0.00630	0.00432	0.00341	0.00707
25	0.01266	0.07984	0.08683	0.11654	0.07130	0.01173	0.00985	0.18337	0.10500	0.03756	0.01244	0.01411	0.00959	0.00751	0.05263	0.00187	0.03307	0.00447	0.14290	0.00673
26	0.00716	0.00514	0.00632	0.00641	0.00732	0.00491	0.00464	0.00900	0.03182	0.01552	0.31434	0.13656	0.11806	0.18902	0.01021	0.00242	0.00327	0.09241	0.03120	0.00427
27	0.04073	0.10687	0.29317	0.01201	0.04087	0.05669	0.01206	0.14618	0.03803	0.17197	0.01158	0.01191	0.00820	0.00523	0.00459	0.00147	0.00597	0.00398	0.00357	0.02492
28	0.02867	0.19051	0.36564	0.01493	0.04637	0.03595	0.19994	0.01598	0.02906	0.01514	0.00900	0.01086	0.00688	0.00455	0.00467	0.00149	0.00704	0.00404	0.00233	0.00695
29	0.00651	0.00505	0.00593	0.00575	0.00713	0.00447	0.00430	0.00834	0.01277	0.01690	0.44279	0.06521	0.37407	0.01142	0.00590	0.00163	0.00244	0.00983	0.00508	0.00447
30	0.05906	0.00615	0.00660	0.00678	0.00785	0.04921	0.00485	0.00937	0.01123	0.03381	0.23961	0.35364	0.11274	0.04802	0.00662	0.00188	0.00320	0.01030	0.02459	0.00450
31	0.02291	0.18001	0.06217	0.02751	0.06048	0.01110	0.00842	0.09871	0.01207	0.07678	0.00990	0.02179	0.00796	0.00456	0.00403	0.00109	0.00468	0.00354	0.00318	0.37911
32	0.01189	0.00813	0.01224	0.28570	0.15661	0.00878	0.00988	0.03030	0.01119	0.12868	0.01283	0.01533	0.00966	0.00633	0.02964	0.00167	0.00512	0.00461	0.24526	0.00615
33	0.00708	0.00482	0.00547	0.00555	0.00570	0.00473	0.00323	0.00728	0.00786	0.01041	0.04091	0.09133	0.06605	0.69397	0.02226	0.00435	0.00448	0.00800	0.00330	0.00321
34	0.05600	0.00812	0.06109	0.12492	0.12172	0.00745	0.00869	0.01137	0.03175	0.04910	0.01940	0.40927	0.02093	0.01051	0.00561	0.00182	0.00434	0.03868	0.00382	0.00541
35	0.01538	0.52333	0.02175	0.00992	0.01379	0.18008	0.00892	0.14661	0.01323	0.01520	0.00795	0.00888	0.00676	0.00474	0.00377	0.00118	0.00611	0.00309	0.00271	0.00663
36	0.01382	0.01384	0.13152	0.01481	0.10456	0.06375	0.15393	0.07951	0.12422	0.13334	0.05307	0.01627	0.02285	0.00579	0.00516	0.00156	0.00592	0.02145	0.00380	0.03084
37	0.01295	0.01278	0.08568	0.04181	0.04976	0.03586	0.06514	0.10286	0.44994	0.03721	0.04107	0.01658	0.01319	0.00619	0.00509	0.00163	0.00504	0.00528	0.00435	0.00758
38	0.00986	0.00782	0.01112	0.07660	0.14086	0.00726	0.02282	0.02851	0.01163	0.05850	0.16079	0.16023	0.05824	0.00796	0.00516	0.00146	0.00402	0.01615	0.00389	0.20715
39	0.00669	0.00499	0.00622	0.00611	0.00727	0.00452	0.00451	0.00862	0.01294	0.01769	0.53868	0.14358	0.19701	0.01141	0.00595	0.00165	0.00246	0.01001	0.00520	0.00452
40	0.01490	0.59230	0.02269	0.00967	0.01356	0.18268	0.00884	0.07988	0.01208	0.01348	0.00751	0.00854	0.00658	0.00459	0.00362	0.00115	0.00610	0.00293	0.00246	0.00644
41	0.01094	0.00922	0.01097	0.09800	0.06703	0.02394	0.00792	0.05935	0.27490	0.01806	0.05530	0.07655	0.04930	0.00700	0.00507	0.01285	0.00419	0.00581	0.06170	0.14188
42	0.05807	0.06722	0.14763	0.15108	0.08962	0.01143	0.02785	0.08604	0.08412	0.10695	0.01211	0.02463	0.01949	0.00540	0.00482	0.00149	0.01608	0.00441	0.00337	0.07819
43	0.00960	0.00945	0.01587	0.18429	0.05461	0.04444	0.22249	0.01250	0.02766	0.01455	0.08605	0.20687	0.01734	0.00931	0.04138	0.00201	0.02516	0.00757	0.00328	0.00556
44	0.00787	0.00645	0.04536	0.00723	0.00811	0.00576	0.00527	0.07224	0.00997	0.01339	0.02070	0.38234	0.02370	0.31218	0.02410	0.00308	0.00425	0.03986	0.00391	0.00423
45	0.00776	0.00581	0.00775	0.00813	0.00955	0.00543	0.00654	0.00958	0.01043	0.01421	0.02273	0.26915	0.02507	0.01463	0.07315	0.00244	0.00468	0.35424	0.00417	0.14455

[dist]
# distance from previous block
# <min> <max>
5	7

[block]
# block no. 11 follows, 50 sequences, length 30
# corresponding to MSA columns:
# 646-675
name=unknown_L
#
# <colnr> <probs for GDERKNQSTAVLIFYWHMCP>
#	G	D	E	R	K	N	Q	S	T	A	V	L	I	F	Y	W	H	M	C	P
0	0.61836	0.00979	0.00913	0.10654	0.05401	0.03749	0.00708	0.01427	0.00904	0.01990	0.00790	0.00983	0.00626	0.00630	0.04235	0.00185	0.00490	0.00320	0.02632	0.00549
1	0.01264	0.01122	0.01138	0.01025	0.01306	0.04371	0.00796	0.02623	0.75428	0.02051	0.01979	0.01822	0.01487	0.00670	0.00505	0.00167	0.00414	0.00554	0.00497	0.00781
2	0.00790	0.00664	0.00951	0.09871	0.01198	0.00797	0.00742	0.00947	0.00879	0.01226	0.03542	0.14387	0.06818	0.06343	0.30768	0.00437	0.16813	0.02057	0.00308	0.00463
3	0.75808	0.00950	0.00784	0.00684	0.01001	0.01071	0.00563	0.01583	0.00919	0.11667	0.00849	0.00918	0.00624	0.00481	0.00332	0.00154	0.00390	0.00298	0.00346	0.00577
4	0.65011	0.00960	0.00846	0.00726	0.01049	0.01067	0.00596	0.03649	0.04782	0.15840	0.00995	0.01026	0.00717	0.00504	0.00357	0.00155	0.00397	0.00329	0.00377	0.00614
5	0.00951	0.00524	0.00553	0.00527	0.00660	0.00527	0.00400	0.05465	0.01173	0.01952	0.13012	0.02095	0.01758	0.00646	0.00392	0.00124	0.00251	0.00528	0.67976	0.00487
6	0.00711	0.00485	0.00610	0.00632	0.00667	0.00502	0.00416	0.00786	0.00807	0.01126	0.01743	0.18147	0.01928	0.42382	0.21397	0.00486	0.00642	0.00796	0.05371	0.00367
