[name]
unknown

[dist]
# distance from previous block
# <min> <max>
0	14

[block]
# block no. 0 follows, 57 sequences, length 17
# corresponding to MSA columns:
# 14-30
name=unknown_A
#
# <colnr> <probs for GDERKNQSTAVLIFYWHMCP>
#	G	D	E	R	K	N	Q	S	T	A	V	L	I	F	Y	W	H	M	C	P
0	0.00824	0.00540	0.00753	0.00832	0.00955	0.00532	0.00726	0.01030	0.01061	0.07138	0.02355	0.04854	0.02501	0.01202	0.00614	0.00204	0.00415	0.72594	0.00428	0.00443
1	0.01105	0.55428	0.30360	0.00957	0.01445	0.01532	0.01092	0.01384	0.00933	0.01196	0.00695	0.00808	0.00579	0.00403	0.00340	0.00113	0.00550	0.00275	0.00193	0.00613
2	0.00945	0.12197	0.72193	0.01230	0.01865	0.01141	0.01566	0.01426	0.00952	0.01391	0.00791	0.00929	0.00575	0.00425	0.00414	0.00138	0.00647	0.00324	0.00192	0.00659
3	0.00988	0.00910	0.01423	0.56451	0.18109	0.03025	0.01215	0.06863	0.01017	0.01329	0.00832	0.01179	0.00644	0.00491	0.00499	0.03265	0.00581	0.00400	0.00225	0.00554
4	0.00896	0.00861	0.01500	0.69501	0.10510	0.01023	0.06919	0.01201	0.00930	0.01210	0.00818	0.01201	0.00621	0.00443	0.00459	0.00150	0.00609	0.00412	0.00206	0.00532
5	0.00620	0.00462	0.00576	0.00547	0.00664	0.00418	0.00410	0.00813	0.01231	0.01695	0.65305	0.03585	0.20056	0.00972	0.00535	0.00145	0.00217	0.00848	0.00483	0.00418
6	0.05638	0.00727	0.00963	0.00759	0.01068	0.00644	0.00620	0.01954	0.01271	0.65326	0.14320	0.01799	0.01594	0.00613	0.00460	0.00141	0.00357	0.00504	0.00538	0.00704
7	0.01211	0.84348	0.02374	0.00775	0.01163	0.01793	0.00775	0.01357	0.00921	0.01066	0.00630	0.00727	0.00582	0.00388	0.00291	0.00097	0.00485	0.00242	0.00194	0.00582
8	0.00647	0.00485	0.00728	0.00728	0.00809	0.00566	0.00566	0.00809	0.00728	0.01052	0.01214	0.01780	0.01133	0.03398	0.82279	0.00728	0.01214	0.00485	0.00243	0.00405
9	0.00659	0.00439	0.00494	0.00494	0.00494	0.00439	0.00275	0.00659	0.00659	0.00879	0.01428	0.02965	0.01647	0.84075	0.02306	0.00439	0.00439	0.00659	0.00275	0.00275
10	0.00641	0.00463	0.00606	0.00570	0.00677	0.00428	0.00428	0.00855	0.01283	0.01817	0.81009	0.03385	0.04276	0.00926	0.00534	0.00143	0.00214	0.00819	0.00499	0.00428
11	0.00616	0.00462	0.00570	0.00543	0.00661	0.00417	0.00407	0.00805	0.01222	0.01673	0.62388	0.03623	0.22987	0.00980	0.00535	0.00145	0.00218	0.00853	0.00480	0.00417
12	0.01922	0.00747	0.01016	0.00787	0.01119	0.00647	0.00647	0.02101	0.01296	0.75224	0.08084	0.01689	0.01372	0.00590	0.00462	0.00140	0.00372	0.00485	0.00556	0.00744
13	0.87276	0.00876	0.00666	0.00596	0.00876	0.01017	0.00491	0.01332	0.00771	0.02033	0.00631	0.00736	0.00491	0.00421	0.00280	0.00140	0.00351	0.00245	0.00280	0.00491
14	0.00706	0.00450	0.00609	0.00686	0.00754	0.00423	0.00503	0.00819	0.00937	0.07588	0.02421	0.61228	0.02769	0.01317	0.00578	0.00186	0.00304	0.16879	0.00431	0.00410
15	0.00994	0.00833	0.00959	0.00712	0.01087	0.00685	0.00567	0.07432	0.05263	0.01594	0.00959	0.04710	0.00821	0.00416	0.00363	0.00082	0.00347	0.00338	0.00300	0.71538
16	0.18471	0.29302	0.23248	0.01048	0.05951	0.01302	0.03886	0.06043	0.00991	0.02964	0.00755	0.00872	0.00596	0.00418	0.00358	0.00125	0.00516	0.00302	0.00237	0.02614

[dist]
# distance from previous block
# <min> <max>
16	39

[block]
# block no. 1 follows, 57 sequences, length 95
# corresponding to MSA columns:
# 74-138,165-194
name=unknown_B
#
# <colnr> <probs for GDERKNQSTAVLIFYWHMCP>
#	G	D	E	R	K	N	Q	S	T	A	V	L	I	F	Y	W	H	M	C	P
0	0.01232	0.03689	0.01368	0.01115	0.01269	0.15169	0.05157	0.11050	0.04303	0.04824	0.03545	0.01181	0.00840	0.02557	0.03787	0.00188	0.37483	0.00413	0.00277	0.00554
1	0.10456	0.04201	0.01034	0.00869	0.01111	0.11819	0.00704	0.22040	0.11376	0.04272	0.01460	0.05833	0.02712	0.00690	0.00449	0.00147	0.00453	0.12969	0.06821	0.00585
2	0.00907	0.00900	0.02638	0.01478	0.16985	0.00833	0.27547	0.01201	0.04419	0.02387	0.03377	0.13342	0.15681	0.00690	0.00507	0.00148	0.00495	0.00677	0.00311	0.05477
3	0.01475	0.07076	0.14920	0.00849	0.01272	0.00796	0.00810	0.01715	0.01111	0.39574	0.01262	0.01214	0.00863	0.00463	0.00406	0.00117	0.00427	0.00367	0.00389	0.24894
4	0.00940	0.00805	0.00940	0.00671	0.01074	0.00604	0.00537	0.01141	0.00940	0.01477	0.00805	0.00940	0.00671	0.00336	0.00336	0.00067	0.00336	0.00268	0.00268	0.86845
5	0.00536	0.00459	0.00459	0.00459	0.00612	0.00383	0.00344	0.00650	0.01033	0.01224	0.04590	0.04361	0.81065	0.01148	0.00536	0.00153	0.00230	0.00956	0.00421	0.00383
6	0.01083	0.00932	0.00984	0.00888	0.01135	0.01069	0.00690	0.02273	0.74079	0.01860	0.04363	0.01875	0.05454	0.00651	0.00467	0.00153	0.00348	0.00544	0.00460	0.00692
7	0.01211	0.84348	0.02374	0.00775	0.01163	0.01793	0.00775	0.01357	0.00921	0.01066	0.00630	0.00727	0.00582	0.00388	0.00291	0.00097	0.00485	0.00242	0.00194	0.00582
8	0.00559	0.00442	0.00504	0.00526	0.00636	0.00387	0.00380	0.00682	0.01032	0.01312	0.17698	0.26008	0.45865	0.01183	0.00547	0.00160	0.00236	0.01023	0.00435	0.00387
9	0.32997	0.00925	0.00930	0.00779	0.01079	0.03047	0.00631	0.08206	0.17995	0.26054	0.02273	0.01246	0.00943	0.00522	0.00392	0.00142	0.00385	0.00387	0.00419	0.00646
10	0.00622	0.00462	0.00579	0.00550	0.00665	0.00419	0.00412	0.00817	0.01237	0.01708	0.66951	0.03564	0.18402	0.00967	0.00535	0.00144	0.00217	0.00845	0.00484	0.00419
11	0.00585	0.00457	0.00512	0.00509	0.00615	0.00418	0.00363	0.00691	0.00948	0.01200	0.12228	0.05061	0.46004	0.18961	0.09220	0.00272	0.00373	0.00836	0.00381	0.00367
12	0.00659	0.00440	0.00498	0.00498	0.00499	0.00441	0.00279	0.00661	0.00660	0.00881	0.01424	0.02946	0.01639	0.82741	0.03629	0.00444	0.00452	0.00656	0.00274	0.00277
13	0.00949	0.00833	0.01055	0.02743	0.01202	0.00655	0.05264	0.01182	0.02341	0.01475	0.00830	0.00976	0.00683	0.00346	0.00352	0.00076	0.00368	0.00292	0.00268	0.78110
14	0.06801	0.00991	0.02323	0.00893	0.01200	0.01025	0.00730	0.34179	0.11787	0.23114	0.01502	0.10915	0.01182	0.00651	0.00459	0.00145	0.00417	0.00526	0.00464	0.00698
15	0.00574	0.00425	0.00587	0.00667	0.00700	0.00409	0.01931	0.00658	0.00864	0.01156	0.02404	0.78928	0.02874	0.02691	0.00627	0.00188	0.02292	0.01242	0.00409	0.00374
16	0.75220	0.03452	0.06368	0.00673	0.00982	0.04426	0.00597	0.01360	0.00810	0.01925	0.00646	0.00755	0.00503	0.00422	0.00296	0.00138	0.00396	0.00253	0.00270	0.00507
17	0.00909	0.02344	0.81727	0.01292	0.01961	0.01052	0.01674	0.01435	0.00957	0.01435	0.00813	0.00957	0.00574	0.00431	0.00431	0.00144	0.00670	0.00335	0.00191	0.00670
18	0.02996	0.05865	0.15159	0.03378	0.18032	0.01084	0.05559	0.02822	0.25322	0.01575	0.03838	0.02389	0.04406	0.00582	0.01365	0.00152	0.04048	0.00467	0.00312	0.00646
19	0.00772	0.00511	0.00620	0.00622	0.04274	0.00467	0.00440	0.00968	0.01112	0.04490	0.33584	0.02742	0.15985	0.00776	0.00453	0.00128	0.00244	0.00662	0.25257	0.05893
20	0.00940	0.00805	0.00940	0.00671	0.01074	0.00604	0.00537	0.01141	0.00940	0.01477	0.00805	0.00940	0.00671	0.00336	0.00336	0.00067	0.00336	0.00268	0.00268	0.86845
21	0.01066	0.13673	0.43002	0.03077	0.01657	0.03991	0.03124	0.05220	0.01031	0.04194	0.00831	0.00955	0.00624	0.00419	0.00398	0.00123	0.00573	0.00323	0.00233	0.15486
22	0.68819	0.14293	0.02431	0.00658	0.00961	0.04116	0.00572	0.01355	0.00817	0.01834	0.00637	0.00742	0.00510	0.00417	0.00289	0.00132	0.00395	0.00248	0.00263	0.00510
23	0.00662	0.00468	0.00671	0.00671	0.00729	0.00527	0.00495	0.00761	0.00703	0.00995	0.01217	0.01973	0.01201	0.18768	0.59731	0.08320	0.00992	0.00511	0.00245	0.00361
24	0.01004	0.03451	0.30071	0.01080	0.01485	0.01037	0.06727	0.04160	0.31557	0.01660	0.05899	0.02506	0.02577	0.00620	0.02231	0.00159	0.00511	0.00473	0.02142	0.00651
25	0.00675	0.00463	0.00575	0.00597	0.00693	0.00435	0.00440	0.00861	0.03441	0.03527	0.26950	0.30605	0.12784	0.01085	0.00530	0.00159	0.00255	0.06331	0.09178	0.00418
26	0.00553	0.00420	0.00509	0.00571	0.00644	0.00377	0.00396	0.00652	0.00949	0.01223	0.08465	0.52567	0.28442	0.01298	0.00562	0.00171	0.00249	0.01149	0.00426	0.00377
27	0.01090	0.05390	0.49111	0.04378	0.06212	0.05933	0.03162	0.08309	0.05481	0.03604	0.00942	0.01117	0.00705	0.00470	0.00436	0.00141	0.00618	0.01990	0.00249	0.00661
28	0.00985	0.00901	0.01221	0.12789	0.08552	0.05472	0.06692	0.02462	0.17981	0.02620	0.02427	0.04922	0.01090	0.04083	0.15335	0.00268	0.09879	0.00498	0.01273	0.00551
29	0.01127	0.00973	0.01025	0.00922	0.01178	0.01127	0.00717	0.02408	0.80430	0.01896	0.01844	0.01691	0.01383	0.00615	0.00461	0.00154	0.00359	0.00512	0.00461	0.00717
30	0.00883	0.02154	0.00896	0.00652	0.00994	0.00588	0.00519	0.01086	0.01010	0.01539	0.17216	0.01436	0.01407	0.00457	0.00376	0.00083	0.00313	0.00381	0.00314	0.67695
31	0.01377	0.01066	0.01142	0.00958	0.01256	0.01201	0.00765	0.29145	0.49537	0.06064	0.01580	0.01475	0.01159	0.00588	0.00458	0.00147	0.00408	0.00473	0.00463	0.00738
32	0.87276	0.00876	0.00666	0.00596	0.00876	0.01017	0.00491	0.01332	0.00771	0.02033	0.00631	0.00736	0.00491	0.00421	0.00280	0.00140	0.00351	0.00245	0.00280	0.00491
33	0.00628	0.00494	0.00590	0.00641	0.00680	0.02647	0.00438	0.00701	0.00845	0.01108	0.02326	0.52956	0.10168	0.15586	0.02899	0.00237	0.05268	0.01048	0.00373	0.00366
34	0.01029	0.04075	0.05249	0.00885	0.03765	0.02023	0.02914	0.14764	0.03848	0.01673	0.05945	0.09748	0.03190	0.00670	0.02418	0.00133	0.00421	0.03759	0.00335	0.33157
35	0.05415	0.00775	0.01036	0.00798	0.01146	0.00680	0.00659	0.02174	0.01276	0.78407	0.01742	0.01510	0.01097	0.00555	0.00449	0.00140	0.00384	0.00447	0.00550	0.00760
36	0.01312	0.67190	0.02147	0.00857	0.01213	0.18591	0.00796	0.01451	0.00997	0.01075	0.00645	0.00746	0.00582	0.00404	0.00315	0.00101	0.00554	0.00253	0.00202	0.00570
37	0.00552	0.00394	0.00526	0.00631	0.00657	0.00368	0.00421	0.00631	0.00868	0.01157	0.02498	0.83779	0.02997	0.01420	0.00578	0.00184	0.00263	0.01288	0.00421	0.00368
38	0.01659	0.02089	0.01269	0.01153	0.01388	0.77426	0.00866	0.01845	0.05996	0.01156	0.00769	0.00869	0.00631	0.00476	0.00412	0.00119	0.00790	0.00305	0.00247	0.00537
39	0.00987	0.00877	0.01222	0.01060	0.01090	0.01176	0.00868	0.01091	0.00731	0.05861	0.00802	0.01265	0.00769	0.07274	0.11186	0.00276	0.62318	0.00430	0.00231	0.00485
40	0.87276	0.00876	0.00666	0.00596	0.00876	0.01017	0.00491	0.01332	0.00771	0.02033	0.00631	0.00736	0.00491	0.00421	0.00280	0.00140	0.00351	0.00245	0.00280	0.00491
41	0.06816	0.01246	0.01319	0.01016	0.01374	0.01382	0.00839	0.75070	0.02050	0.02807	0.01061	0.01067	0.00754	0.00537	0.00443	0.00136	0.00490	0.00398	0.00443	0.00754
42	0.00600	0.00429	0.00563	0.00623	0.00685	0.00403	0.00448	0.00705	0.00952	0.01270	0.15712	0.45940	0.11633	0.01362	0.03239	0.05351	0.00305	0.08988	0.00414	0.00376
43	0.00861	0.00813	0.01360	0.79536	0.03039	0.01023	0.01247	0.01155	0.00897	0.01155	0.00797	0.01199	0.00604	0.00467	0.00497	0.00153	0.04089	0.00402	0.00201	0.00503
44	0.01456	0.01107	0.01188	0.00975	0.01287	0.01240	0.00784	0.39731	0.39022	0.05991	0.01477	0.01393	0.01076	0.00578	0.00457	0.00145	0.00427	0.00459	0.00462	0.00745
45	0.01200	0.01213	0.03718	0.00905	0.01220	0.19129	0.02204	0.06296	0.21128	0.03116	0.02580	0.02709	0.03551	0.00511	0.00414	0.00116	0.00473	0.00403	0.00334	0.28781
46	0.02410	0.10246	0.60596	0.01210	0.03094	0.01083	0.03137	0.01479	0.00981	0.07861	0.00873	0.00985	0.00625	0.00432	0.00416	0.00136	0.00613	0.00337	0.00226	0.03258
47	0.00924	0.00466	0.00524	0.00491	0.00622	0.00448	0.00375	0.01132	0.01053	0.09839	0.17699	0.02020	0.01791	0.00612	0.00375	0.00117	0.00229	0.00507	0.60317	0.00459
48	0.00659	0.00478	0.00653	0.00649	0.00697	0.00535	0.00464	0.00758	0.00701	0.00987	0.01282	0.02215	0.01318	0.34098	0.50101	0.00607	0.02637	0.00550	0.00254	0.00357
49	0.00550	0.00417	0.00508	0.00575	0.00644	0.00375	0.00397	0.00645	0.00934	0.01201	0.05901	0.55895	0.27691	0.01317	0.00563	0.00173	0.00251	0.01167	0.00423	0.00375
50	0.00794	0.00439	0.00501	0.00501	0.00601	0.00460	0.00381	0.00992	0.00893	0.01525	0.01410	0.01713	0.01154	0.01269	0.21490	0.00266	0.00470	0.00439	0.64284	0.00418
51	0.00636	0.00468	0.00644	0.00650	0.00716	0.00511	0.00477	0.00756	0.00758	0.01054	0.03627	0.07247	0.07099	0.20102	0.52514	0.00578	0.00897	0.00613	0.00279	0.00374
52	0.00899	0.00857	0.01473	0.69187	0.13541	0.01021	0.04245	0.01200	0.00929	0.01212	0.00816	0.01197	0.00622	0.00444	0.00456	0.00149	0.00601	0.00408	0.00205	0.00536
53	0.00856	0.00805	0.01359	0.82986	0.03121	0.01007	0.01258	0.01158	0.00906	0.01158	0.00805	0.01208	0.00604	0.00453	0.00453	0.00151	0.00604	0.00403	0.00201	0.00503
54	0.87276	0.00876	0.00666	0.00596	0.00876	0.01017	0.00491	0.01332	0.00771	0.02033	0.00631	0.00736	0.00491	0.00421	0.00280	0.00140	0.00351	0.00245	0.00280	0.00491
55	0.02732	0.00822	0.01334	0.61236	0.12947	0.00975	0.01171	0.03510	0.00947	0.01262	0.00934	0.06146	0.00792	0.02753	0.00506	0.00158	0.00562	0.00459	0.00229	0.00525
56	0.01202	0.74363	0.05529	0.04278	0.01287	0.04779	0.00836	0.01369	0.00935	0.01087	0.00648	0.00760	0.00582	0.00395	0.00308	0.00102	0.00510	0.00255	0.00196	0.00580
57	0.01070	0.01030	0.01763	0.16968	0.63962	0.01072	0.03056	0.01344	0.01003	0.01414	0.00840	0.01136	0.00694	0.00420	0.00473	0.00139	0.02315	0.00406	0.00220	0.00673
58	0.00946	0.00805	0.00938	0.00677	0.01071	0.00614	0.00540	0.02582	0.00960	0.01495	0.00847	0.02740	0.00723	0.00363	0.00343	0.00071	0.00337	0.00293	0.00275	0.83378
59	0.00940	0.00805	0.00940	0.00671	0.01074	0.00604	0.00537	0.01141	0.00940	0.01477	0.00805	0.00940	0.00671	0.00336	0.00336	0.00067	0.00336	0.00268	0.00268	0.86845
60	0.00551	0.00397	0.00523	0.00624	0.00656	0.00369	0.00418	0.00632	0.00874	0.01159	0.02577	0.80770	0.05955	0.01409	0.00577	0.00183	0.00262	0.01276	0.00421	0.00369
61	0.00639	0.00463	0.00603	0.00568	0.00676	0.00427	0.00426	0.00851	0.01278	0.01807	0.79647	0.03402	0.05644	0.00930	0.00534	0.00143	0.00214	0.00822	0.00497	0.00427
62	0.01211	0.84348	0.02374	0.00775	0.01163	0.01793	0.00775	0.01357	0.00921	0.01066	0.00630	0.00727	0.00582	0.00388	0.00291	0.00097	0.00485	0.00242	0.00194	0.00582
63	0.00544	0.00458	0.00472	0.00472	0.00618	0.00386	0.00353	0.00666	0.01048	0.01269	0.10559	0.06325	0.73006	0.01137	0.00537	0.00153	0.00229	0.00954	0.00427	0.00386
64	0.87276	0.00876	0.00666	0.00596	0.00876	0.01017	0.00491	0.01332	0.00771	0.02033	0.00631	0.00736	0.00491	0.00421	0.00280	0.00140	0.00351	0.00245	0.00280	0.00491
65	0.00626	0.00463	0.00585	0.00554	0.00668	0.00421	0.00416	0.00826	0.01247	0.01733	0.70129	0.03524	0.15209	0.00958	0.00535	0.00144	0.00216	0.00839	0.00488	0.00421
66	0.00642	0.00480	0.00615	0.00690	0.00794	0.00453	0.00563	0.00800	0.01007	0.01281	0.03034	0.19768	0.24741	0.01254	0.00592	0.00188	0.00335	0.41945	0.00419	0.00398
67	0.00656	0.00494	0.00728	0.00724	0.00797	0.00577	0.00557	0.00806	0.00723	0.01042	0.01214	0.01839	0.01154	0.08564	0.75261	0.00697	0.03031	0.00495	0.00244	0.00398
68	0.01062	0.43709	0.41700	0.01031	0.01559	0.01426	0.01221	0.01396	0.00939	0.01249	0.00721	0.00841	0.00578	0.00409	0.00360	0.00120	0.00576	0.00288	0.00193	0.00625
69	0.81093	0.00969	0.00711	0.00637	0.00914	0.06886	0.00519	0.01366	0.00808	0.01966	0.00636	0.00742	0.00497	0.00424	0.00290	0.00139	0.00384	0.00249	0.00277	0.00493
70	0.01137	0.01020	0.01677	0.03735	0.60421	0.01060	0.02465	0.01408	0.03389	0.06128	0.00953	0.02715	0.00807	0.02091	0.00594	0.00149	0.08888	0.00433	0.00253	0.00678
71	0.00922	0.05802	0.78381	0.01270	0.01928	0.01084	0.01636	0.01432	0.00955	0.01419	0.00805	0.00947	0.00574	0.00429	0.00425	0.00142	0.00662	0.00331	0.00191	0.00666
72	0.00862	0.00769	0.01258	0.66234	0.03816	0.00943	0.01126	0.03203	0.00902	0.01172	0.00850	0.01284	0.00678	0.02255	0.06381	0.05564	0.01595	0.00413	0.00212	0.00483
73	0.00544	0.00443	0.00482	0.00507	0.00626	0.00381	0.00367	0.00653	0.01000	0.01229	0.06955	0.24504	0.58318	0.01208	0.00546	0.00160	0.00237	0.01035	0.00424	0.00381
74	0.00701	0.00500	0.00696	0.00801	0.00892	0.00496	0.00679	0.00888	0.01014	0.01323	0.02416	0.18205	0.02673	0.01280	0.00618	0.00205	0.00392	0.65397	0.00418	0.00409
75	0.01430	0.01081	0.07215	0.01128	0.04979	0.00961	0.12412	0.19540	0.01325	0.23339	0.02566	0.01275	0.00894	0.02271	0.00525	0.00138	0.03625	0.00424	0.00378	0.14495
76	0.01211	0.84348	0.02374	0.00775	0.01163	0.01793	0.00775	0.01357	0.00921	0.01066	0.00630	0.00727	0.00582	0.00388	0.00291	0.00097	0.00485	0.00242	0.00194	0.00582
77	0.01960	0.00888	0.01124	0.00862	0.01215	0.00839	0.00712	0.20350	0.01492	0.63145	0.01624	0.01436	0.01040	0.00557	0.00455	0.00139	0.00412	0.00445	0.00536	0.00771
78	0.02239	0.02041	0.62247	0.01556	0.15440	0.01066	0.04785	0.02848	0.00993	0.01478	0.00826	0.00995	0.00605	0.00426	0.00436	0.00142	0.00643	0.00355	0.00205	0.00675
79	0.00629	0.00483	0.00587	0.00599	0.00729	0.00438	0.00478	0.00802	0.01113	0.01453	0.28260	0.04190	0.34114	0.01090	0.00556	0.00163	0.00277	0.21624	0.00442	0.01973
80	0.00627	0.00460	0.00587	0.00561	0.00669	0.00421	0.00419	0.00825	0.01241	0.01730	0.70024	0.06534	0.12276	0.00968	0.00536	0.00145	0.00217	0.00852	0.00488	0.00421
81	0.01013	0.00894	0.06394	0.03092	0.18198	0.05571	0.00823	0.04342	0.04864	0.09943	0.03160	0.31657	0.02821	0.01884	0.00525	0.00161	0.00423	0.03316	0.00365	0.00553
82	0.00989	0.01519	0.34480	0.01388	0.14309	0.02493	0.05630	0.04612	0.12686	0.01527	0.04592	0.01418	0.01006	0.04764	0.05416	0.00193	0.00602	0.01469	0.00273	0.00633
83	0.01287	0.01053	0.01114	0.00954	0.01239	0.01202	0.00756	0.23115	0.59463	0.02153	0.01642	0.01529	0.01219	0.00596	0.00459	0.00149	0.00396	0.00484	0.00459	0.00732
84	0.00906	0.00729	0.00874	0.00669	0.00982	0.00594	0.00528	0.02276	0.01026	0.03686	0.17669	0.03390	0.01506	0.01891	0.00451	0.00098	0.02542	0.00424	0.00329	0.59428
85	0.46206	0.03261	0.05800	0.00998	0.10565	0.02161	0.00749	0.09324	0.07735	0.01894	0.00851	0.00976	0.00669	0.00625	0.05070	0.00174	0.01748	0.00325	0.00295	0.00574
86	0.67723	0.10517	0.02910	0.00755	0.04472	0.04766	0.00609	0.01361	0.00827	0.01842	0.00648	0.00761	0.00517	0.00418	0.00298	0.00134	0.00403	0.00256	0.00264	0.00517
87	0.00943	0.00942	0.01388	0.46814	0.04133	0.06787	0.05326	0.01179	0.00887	0.01156	0.00814	0.02571	0.00682	0.00725	0.05850	0.00196	0.18470	0.00421	0.00211	0.00505
88	0.00677	0.00484	0.00589	0.00561	0.00694	0.00429	0.00417	0.00848	0.01123	0.03495	0.40541	0.15085	0.19193	0.00963	0.00510	0.00142	0.00238	0.00839	0.05975	0.07198
89	0.02033	0.00771	0.01052	0.00806	0.01157	0.00666	0.00666	0.02208	0.01297	0.81562	0.01788	0.01542	0.01122	0.00561	0.00456	0.00140	0.00386	0.00456	0.00561	0.00771
90	0.01694	0.02107	0.01289	0.01160	0.01401	0.77443	0.00875	0.06449	0.01334	0.01213	0.00723	0.00833	0.00595	0.00472	0.00411	0.00118	0.00798	0.00299	0.00247	0.00540
91	0.00629	0.00463	0.00589	0.00558	0.00670	0.00422	0.00418	0.00832	0.01255	0.01750	0.72421	0.03495	0.12905	0.00951	0.00535	0.00144	0.00216	0.00835	0.00490	0.00422
92	0.01696	0.02069	0.01292	0.01155	0.01401	0.74033	0.00874	0.09735	0.01370	0.01287	0.00740	0.00845	0.00603	0.00475	0.00413	0.00119	0.00785	0.00304	0.00256	0.00550
93	0.01694	0.02107	0.01289	0.01160	0.01401	0.77443	0.00875	0.06449	0.01334	0.01213	0.00723	0.00833	0.00595	0.00472	0.00411	0.00118	0.00798	0.00299	0.00247	0.00540
94	0.06829	0.01225	0.01306	0.01006	0.01363	0.01351	0.00831	0.71800	0.02014	0.06126	0.01090	0.01086	0.00769	0.00537	0.00443	0.00136	0.00485	0.00400	0.00448	0.00754

[dist]
# distance from previous block
# <min> <max>
0	1

[block]
# block no. 2 follows, 57 sequences, length 53
# corresponding to MSA columns:
# 196-248
name=unknown_C
#
# <colnr> <probs for GDERKNQSTAVLIFYWHMCP>
#	G	D	E	R	K	N	Q	S	T	A	V	L	I	F	Y	W	H	M	C	P
0	0.05507	0.01102	0.01127	0.00950	0.01245	0.04303	0.00757	0.27400	0.44805	0.05592	0.01495	0.01410	0.01100	0.00575	0.00448	0.00145	0.00422	0.00455	0.00445	0.00719
1	0.01852	0.01065	0.01205	0.00934	0.01284	0.04257	0.00767	0.38649	0.03575	0.39470	0.01417	0.01303	0.00942	0.00550	0.00453	0.00138	0.00455	0.00428	0.00495	0.00760
2	0.01038	0.01050	0.03741	0.18587	0.50885	0.02221	0.07220	0.01315	0.01000	0.01385	0.00973	0.02509	0.03062	0.00461	0.00485	0.00142	0.02618	0.00440	0.00227	0.00642
3	0.00906	0.00781	0.00813	0.00749	0.00966	0.00848	0.00578	0.01750	0.50701	0.01644	0.02873	0.02690	0.31218	0.00814	0.00489	0.00153	0.00310	0.00679	0.00446	0.00592
4	0.00658	0.00442	0.00506	0.00506	0.00510	0.00446	0.00289	0.00666	0.00662	0.00887	0.01417	0.02907	0.01622	0.80106	0.06241	0.00454	0.00477	0.00650	0.00273	0.00281
5	0.00579	0.00442	0.00532	0.00549	0.00649	0.00395	0.00396	0.00719	0.01077	0.01421	0.31843	0.26722	0.30749	0.01145	0.00547	0.00158	0.00233	0.01001	0.00449	0.00395
6	0.01127	0.00973	0.01025	0.00922	0.01178	0.01127	0.00717	0.02408	0.80430	0.01896	0.01844	0.01691	0.01383	0.00615	0.00461	0.00154	0.00359	0.00512	0.00461	0.00717
7	0.00649	0.00478	0.00691	0.00691	0.00759	0.00546	0.00520	0.00785	0.00717	0.01024	0.01248	0.01969	0.01215	0.16245	0.69545	0.00682	0.01090	0.00513	0.00248	0.00384
8	0.00856	0.00805	0.01359	0.82986	0.03121	0.01007	0.01258	0.01158	0.00906	0.01158	0.00805	0.01208	0.00604	0.00453	0.00453	0.00151	0.00604	0.00403	0.00201	0.00503
9	0.00856	0.00805	0.01359	0.82986	0.03121	0.01007	0.01258	0.01158	0.00906	0.01158	0.00805	0.01208	0.00604	0.00453	0.00453	0.00151	0.00604	0.00403	0.00201	0.00503
10	0.15667	0.00788	0.00990	0.00773	0.01112	0.00722	0.00638	0.02068	0.01213	0.68842	0.01603	0.01413	0.01021	0.00538	0.00428	0.00140	0.00380	0.00422	0.00516	0.00726
11	0.01223	0.01053	0.01425	0.10705	0.11967	0.02148	0.07601	0.26213	0.07403	0.01854	0.02156	0.04335	0.00887	0.00551	0.00567	0.00142	0.09553	0.00448	0.00326	0.09445
12	0.02433	0.07557	0.09068	0.12686	0.03003	0.00914	0.01821	0.04540	0.05232	0.11672	0.00992	0.01124	0.00758	0.00554	0.03570	0.00139	0.03286	0.00353	0.00296	0.30003
13	0.05159	0.22214	0.03156	0.04584	0.19840	0.03202	0.00943	0.13650	0.19725	0.01687	0.01048	0.01125	0.00826	0.00475	0.00403	0.00130	0.00480	0.00378	0.00308	0.00667
14	0.00898	0.00550	0.00761	0.00814	0.00951	0.00533	0.00701	0.01097	0.01076	0.12323	0.03583	0.06877	0.03820	0.01155	0.00598	0.00197	0.00402	0.62762	0.00438	0.00464
15	0.00971	0.00813	0.00949	0.00680	0.01081	0.00619	0.00545	0.02493	0.00966	0.02855	0.00827	0.00952	0.00680	0.00343	0.00340	0.00070	0.00339	0.00274	0.00277	0.83928
16	0.00886	0.00439	0.00458	0.00452	0.00567	0.00435	0.00345	0.01096	0.00967	0.04740	0.01524	0.01809	0.01213	0.00556	0.00333	0.00111	0.00225	0.03268	0.80141	0.00436
17	0.01693	0.02160	0.01284	0.01167	0.01401	0.82256	0.00876	0.01809	0.01284	0.01109	0.00700	0.00817	0.00584	0.00467	0.00409	0.00117	0.00817	0.00292	0.00233	0.00525
18	0.01465	0.06396	0.26165	0.01049	0.01501	0.01058	0.04152	0.22364	0.01372	0.25256	0.01293	0.01276	0.03535	0.00519	0.00443	0.00138	0.00519	0.00413	0.00378	0.00709
19	0.00552	0.00394	0.00526	0.00631	0.00657	0.00368	0.00421	0.00631	0.00868	0.01157	0.02498	0.83779	0.02997	0.01420	0.00578	0.00184	0.00263	0.01288	0.00421	0.00368
20	0.00689	0.00474	0.00621	0.00578	0.00693	0.00436	0.00436	0.00901	0.01283	0.04535	0.78310	0.03322	0.04168	0.00914	0.00532	0.00142	0.00220	0.00807	0.00501	0.00439
21	0.00641	0.00463	0.00606	0.00570	0.00677	0.00428	0.00428	0.00855	0.01283	0.01817	0.81009	0.03385	0.04276	0.00926	0.00534	0.00143	0.00214	0.00819	0.00499	0.00428
22	0.01104	0.00929	0.00996	0.00893	0.01137	0.01059	0.00698	0.06697	0.66059	0.01928	0.09338	0.01916	0.01658	0.00659	0.00472	0.00153	0.00355	0.02801	0.00463	0.00684
23	0.01215	0.71380	0.07127	0.00845	0.01228	0.06738	0.00844	0.01381	0.00938	0.01092	0.00644	0.00756	0.00582	0.00409	0.00347	0.00104	0.03337	0.00256	0.00196	0.00580
24	0.00565	0.00444	0.00511	0.00532	0.00642	0.00390	0.00387	0.00692	0.01043	0.01333	0.20044	0.24616	0.43719	0.01173	0.00548	0.00160	0.00238	0.02138	0.00437	0.00389
25	0.00905	0.00447	0.00472	0.01992	0.00608	0.00446	0.00352	0.01116	0.00967	0.05729	0.01481	0.01673	0.01149	0.00528	0.00326	0.00108	0.00227	0.00424	0.80607	0.00442
26	0.00639	0.00463	0.00602	0.00567	0.00675	0.00426	0.00425	0.00850	0.01276	0.01802	0.79083	0.03409	0.06212	0.00932	0.00534	0.00143	0.00214	0.00823	0.00497	0.00426
27	0.00564	0.00456	0.00502	0.00498	0.00632	0.00393	0.00371	0.00703	0.01089	0.01376	0.24530	0.08856	0.56232	0.01106	0.00538	0.00152	0.00227	0.00940	0.00441	0.00393
28	0.00564	0.00438	0.00514	0.00541	0.00641	0.00387	0.00388	0.00688	0.01031	0.01331	0.20529	0.30946	0.37997	0.01191	0.00550	0.00161	0.00237	0.01039	0.00438	0.00387
29	0.01351	0.00950	0.03189	0.02486	0.03510	0.00922	0.06909	0.04875	0.31423	0.23842	0.02796	0.01471	0.01129	0.00532	0.00447	0.00136	0.00415	0.00456	0.00426	0.12737
30	0.06832	0.01506	0.01296	0.01052	0.01372	0.25017	0.00843	0.52267	0.01802	0.02296	0.00947	0.00988	0.00699	0.00514	0.00430	0.00131	0.00583	0.00364	0.00379	0.00682
31	0.01098	0.01058	0.01821	0.09523	0.72602	0.01073	0.03419	0.01373	0.01022	0.01452	0.00850	0.01131	0.00707	0.00407	0.00451	0.00136	0.00550	0.00407	0.00222	0.00697
32	0.85323	0.00885	0.00682	0.00606	0.00888	0.01025	0.00499	0.03122	0.00802	0.02052	0.00641	0.00744	0.00497	0.00423	0.00284	0.00140	0.00354	0.00249	0.00284	0.00497
33	0.00909	0.02344	0.81727	0.01292	0.01961	0.01052	0.01674	0.01435	0.00957	0.01435	0.00813	0.00957	0.00574	0.00431	0.00431	0.00144	0.00670	0.00335	0.00191	0.00670
34	0.01243	0.04838	0.03234	0.10214	0.14446	0.02349	0.00930	0.23257	0.24209	0.01929	0.01254	0.01377	0.00966	0.00535	0.00442	0.00140	0.00466	0.02068	0.05429	0.00675
35	0.01141	0.00789	0.00970	0.00715	0.01085	0.00627	0.01757	0.02984	0.01061	0.16653	0.07205	0.01250	0.01037	0.00429	0.00379	0.00090	0.00346	0.00353	0.00345	0.60784
36	0.00940	0.00805	0.00940	0.00671	0.01074	0.00604	0.00537	0.01141	0.00940	0.01477	0.00805	0.00940	0.00671	0.00336	0.00336	0.00067	0.00336	0.00268	0.00268	0.86845
37	0.00979	0.00973	0.01386	0.01178	0.01204	0.01329	0.03136	0.01091	0.00712	0.01109	0.00633	0.01028	0.00621	0.00874	0.04633	0.00215	0.75655	0.00401	0.00203	0.02641
38	0.02033	0.00771	0.01052	0.00806	0.01157	0.00666	0.00666	0.02208	0.01297	0.81562	0.01788	0.01542	0.01122	0.00561	0.00456	0.00140	0.00386	0.00456	0.00561	0.00771
39	0.00659	0.00441	0.00503	0.00503	0.00506	0.00444	0.00285	0.00664	0.00661	0.00885	0.01420	0.02922	0.01629	0.81125	0.05231	0.00450	0.00468	0.00653	0.00273	0.00279
40	0.00862	0.00473	0.00477	0.03709	0.00649	0.02118	0.00365	0.01075	0.00955	0.01656	0.01436	0.01652	0.01128	0.00524	0.00324	0.00108	0.00239	0.00419	0.81403	0.00428
41	0.00727	0.00541	0.00796	0.00757	0.00883	0.00522	0.08145	0.00953	0.03246	0.01504	0.22150	0.21567	0.03665	0.00988	0.00528	0.00162	0.00327	0.17899	0.14204	0.00436
42	0.00536	0.00456	0.00462	0.00468	0.00614	0.00382	0.00348	0.00649	0.01024	0.01221	0.04484	0.08405	0.77089	0.01161	0.00538	0.00155	0.00231	0.00973	0.00421	0.00382
43	0.04002	0.06826	0.02500	0.01237	0.10357	0.29072	0.02496	0.04093	0.01057	0.06014	0.00847	0.01066	0.00713	0.00904	0.11534	0.00216	0.14636	0.00362	0.00253	0.01815
44	0.01116	0.01071	0.01829	0.04522	0.79553	0.01075	0.01388	0.01386	0.01029	0.01473	0.00851	0.01123	0.00715	0.00405	0.00449	0.00135	0.00540	0.00404	0.00224	0.00713
45	0.01587	0.01825	0.01243	0.01105	0.01359	0.57030	0.00843	0.11186	0.16620	0.01468	0.00967	0.01017	0.00760	0.00505	0.00424	0.00126	0.00691	0.00348	0.00303	0.00591
46	0.00552	0.00394	0.00526	0.00631	0.00657	0.00368	0.00421	0.00631	0.00868	0.01157	0.02498	0.83779	0.02997	0.01420	0.00578	0.00184	0.00263	0.01288	0.00421	0.00368
47	0.01693	0.02160	0.01284	0.01167	0.01401	0.82256	0.00876	0.01809	0.01284	0.01109	0.00700	0.00817	0.00584	0.00467	0.00409	0.00117	0.00817	0.00292	0.00233	0.00525
48	0.01107	0.01062	0.01813	0.07087	0.77055	0.01073	0.01384	0.01378	0.01025	0.01463	0.00850	0.01126	0.00712	0.00406	0.00449	0.00135	0.00542	0.00404	0.00223	0.00706
49	0.79166	0.00886	0.00715	0.00625	0.00913	0.01013	0.00515	0.04487	0.00854	0.06469	0.00713	0.00795	0.00537	0.00433	0.00297	0.00140	0.00358	0.00263	0.00303	0.00517
50	0.00639	0.00470	0.00615	0.00678	0.00765	0.00455	0.00534	0.00787	0.00971	0.01270	0.08328	0.23161	0.15493	0.06005	0.07081	0.00242	0.00399	0.31313	0.00403	0.00392
51	0.00668	0.00491	0.00633	0.00664	0.00759	0.00477	0.00512	0.00898	0.05477	0.01495	0.32453	0.21037	0.06925	0.04299	0.00632	0.00181	0.00295	0.21237	0.00446	0.00420
52	0.84008	0.00872	0.00681	0.00604	0.00887	0.01003	0.00497	0.01366	0.00791	0.05082	0.00675	0.00767	0.00515	0.00426	0.00287	0.00140	0.00352	0.00253	0.00291	0.00501

[dist]
# distance from previous block
# <min> <max>
0	1

[block]
# block no. 3 follows, 57 sequences, length 38
# corresponding to MSA columns:
# 250-271,279-294
name=unknown_D
#
# <colnr> <probs for GDERKNQSTAVLIFYWHMCP>
#	G	D	E	R	K	N	Q	S	T	A	V	L	I	F	Y	W	H	M	C	P
0	0.01696	0.01313	0.01407	0.01082	0.01442	0.05515	0.03887	0.72759	0.02047	0.02713	0.01062	0.01079	0.00758	0.00534	0.00454	0.00136	0.00525	0.00407	0.00433	0.00752
1	0.03734	0.77169	0.03740	0.00784	0.01165	0.03338	0.00779	0.01357	0.00931	0.01116	0.02134	0.00783	0.00648	0.00401	0.00300	0.00100	0.00486	0.00256	0.00203	0.00576
2	0.00641	0.00463	0.00606	0.00570	0.00677	0.00428	0.00428	0.00855	0.01283	0.01817	0.81009	0.03385	0.04276	0.00926	0.00534	0.00143	0.00214	0.00819	0.00499	0.00428
3	0.00653	0.00463	0.00612	0.00612	0.00653	0.00503	0.00422	0.00735	0.00694	0.00966	0.01320	0.02368	0.01388	0.43420	0.42607	0.00585	0.00830	0.00572	0.00259	0.00340
4	0.00551	0.00400	0.00520	0.00616	0.00653	0.00369	0.00414	0.00633	0.00882	0.01163	0.02684	0.76695	0.09961	0.01395	0.00575	0.00181	0.00260	0.01259	0.00421	0.00369
5	0.00845	0.00422	0.00422	0.00422	0.00528	0.00422	0.00317	0.01056	0.00950	0.01689	0.01478	0.01689	0.01161	0.00528	0.00317	0.00106	0.00211	0.00422	0.86591	0.00422
6	0.00647	0.00485	0.00728	0.00728	0.00809	0.00566	0.00566	0.00809	0.00728	0.01052	0.01214	0.01780	0.01133	0.03398	0.82279	0.00728	0.01214	0.00485	0.00243	0.00405
7	0.01122	0.01077	0.01839	0.02781	0.81248	0.01077	0.01391	0.01391	0.01032	0.01480	0.00852	0.01122	0.00718	0.00404	0.00449	0.00135	0.00538	0.00404	0.00224	0.00718
8	0.01122	0.01077	0.01839	0.02781	0.81248	0.01077	0.01391	0.01391	0.01032	0.01480	0.00852	0.01122	0.00718	0.00404	0.00449	0.00135	0.00538	0.00404	0.00224	0.00718
9	0.01723	0.01269	0.01360	0.01043	0.01405	0.01405	0.00861	0.79738	0.02131	0.02856	0.01088	0.01088	0.00771	0.00544	0.00453	0.00136	0.00499	0.00408	0.00453	0.00771
10	0.00724	0.00518	0.00722	0.00817	0.00922	0.00515	0.00710	0.00933	0.01059	0.01386	0.07580	0.04998	0.02718	0.01230	0.00620	0.00204	0.00404	0.73099	0.00423	0.00418
11	0.01497	0.03190	0.01213	0.01096	0.01301	0.65037	0.00837	0.01624	0.01190	0.01118	0.00859	0.01200	0.00772	0.00819	0.08615	0.00186	0.03247	0.05448	0.00245	0.00506
12	0.00873	0.00823	0.01391	0.77700	0.08270	0.01011	0.01267	0.01173	0.00914	0.01179	0.00808	0.01202	0.00612	0.00450	0.00453	0.00150	0.00600	0.00403	0.00203	0.00518
13	0.01523	0.00814	0.01015	0.00766	0.01133	0.00693	0.00623	0.04419	0.05821	0.41558	0.01367	0.01290	0.00941	0.00472	0.00407	0.00111	0.00367	0.00381	0.00432	0.35868
14	0.01339	0.01499	0.01435	0.04457	0.29756	0.36006	0.01030	0.01600	0.06279	0.01329	0.00841	0.01010	0.00693	0.00447	0.00440	0.00123	0.02121	0.00349	0.00247	0.08999
15	0.00722	0.00537	0.00683	0.00713	0.00774	0.00568	0.00512	0.08353	0.00978	0.01342	0.02129	0.63742	0.02460	0.01230	0.00639	0.00177	0.08152	0.01074	0.04794	0.00422
16	0.00543	0.00450	0.00475	0.00489	0.00621	0.00382	0.00359	0.00657	0.01020	0.01240	0.07654	0.15787	0.66409	0.01177	0.00542	0.00157	0.00234	0.00998	0.00424	0.00382
17	0.01533	0.01161	0.01218	0.00982	0.01307	0.04193	0.00794	0.44970	0.26586	0.07859	0.01351	0.01294	0.00977	0.00558	0.00451	0.00139	0.00454	0.00436	0.00450	0.03288
18	0.00650	0.00475	0.00674	0.00674	0.00736	0.00537	0.00499	0.00774	0.00712	0.01012	0.01263	0.02054	0.01252	0.22066	0.63774	0.00661	0.01035	0.00526	0.00250	0.00374
19	0.01133	0.01205	0.04781	0.02399	0.55161	0.05353	0.17473	0.01463	0.03854	0.01468	0.00891	0.01141	0.00723	0.00411	0.00464	0.00138	0.00598	0.00426	0.00233	0.00684
20	0.00968	0.00822	0.00955	0.00685	0.01086	0.00633	0.00549	0.04008	0.00983	0.01527	0.00816	0.00945	0.00675	0.00343	0.00340	0.00070	0.00342	0.00274	0.00275	0.83705
21	0.18925	0.09049	0.23466	0.00909	0.01320	0.01030	0.00928	0.10396	0.03371	0.19229	0.06317	0.01214	0.00966	0.00504	0.00403	0.00137	0.00467	0.00379	0.00348	0.00644
22	0.00565	0.00460	0.00500	0.00490	0.00630	0.00395	0.00367	0.00707	0.01102	0.01388	0.25702	0.04091	0.59850	0.01086	0.00535	0.00150	0.00225	0.00919	0.00442	0.00395
23	0.00593	0.00437	0.00559	0.00642	0.00691	0.00421	0.00438	0.00757	0.06131	0.01231	0.05299	0.72831	0.05589	0.01340	0.00568	0.00180	0.00266	0.01209	0.00426	0.00394
24	0.01006	0.09143	0.01009	0.00777	0.00925	0.00856	0.00615	0.12219	0.01019	0.07920	0.01374	0.15827	0.01344	0.10520	0.18666	0.00309	0.10142	0.00592	0.05239	0.00495
25	0.00917	0.00868	0.01470	0.64427	0.21199	0.01023	0.01289	0.01212	0.00935	0.01232	0.00816	0.01188	0.00630	0.00442	0.00452	0.00147	0.00589	0.00403	0.00207	0.00553
26	0.00647	0.00485	0.00728	0.00728	0.00809	0.00566	0.00566	0.00809	0.00728	0.01052	0.01214	0.01780	0.01133	0.03398	0.82279	0.00728	0.01214	0.00485	0.00243	0.00405
27	0.00940	0.00805	0.00940	0.00671	0.01074	0.00604	0.00537	0.01141	0.00940	0.01477	0.00805	0.00940	0.00671	0.00336	0.00336	0.00067	0.00336	0.00268	0.00268	0.86845
28	0.00929	0.00878	0.06744	0.04928	0.06445	0.01882	0.00804	0.02654	0.25160	0.02972	0.06571	0.05374	0.06375	0.03971	0.01888	0.00184	0.03225	0.18075	0.00382	0.00558
29	0.05641	0.02016	0.02802	0.02358	0.03175	0.03790	0.00662	0.04377	0.24456	0.09296	0.18886	0.02158	0.06230	0.02083	0.02178	0.03494	0.01930	0.03485	0.00413	0.00569
30	0.01214	0.78605	0.05495	0.00808	0.01202	0.04195	0.00814	0.01374	0.00933	0.01082	0.00639	0.00739	0.00581	0.00392	0.00300	0.00099	0.00502	0.00247	0.00195	0.00583
31	0.00801	0.00727	0.01130	0.24319	0.03344	0.00895	0.03653	0.00985	0.00815	0.01134	0.01177	0.13353	0.02628	0.01412	0.20853	0.00309	0.21188	0.00566	0.00248	0.00464
32	0.04369	0.08231	0.03167	0.10226	0.01485	0.28896	0.02339	0.10520	0.02419	0.04005	0.00912	0.01054	0.01944	0.00609	0.04572	0.00149	0.00624	0.00343	0.00275	0.13863
33	0.02804	0.26390	0.01554	0.00945	0.01225	0.16610	0.00800	0.22703	0.02686	0.01592	0.00863	0.01016	0.00719	0.00872	0.11155	0.00203	0.06638	0.00344	0.00285	0.00594
34	0.00646	0.00430	0.00503	0.00521	0.00526	0.00425	0.00304	0.00652	0.00692	0.00923	0.01586	0.16738	0.01845	0.66757	0.01990	0.03714	0.00407	0.00756	0.00297	0.00288
35	0.06675	0.00786	0.00974	0.00820	0.04116	0.00720	0.02015	0.05182	0.01067	0.07318	0.14151	0.01648	0.02607	0.00555	0.00480	0.00114	0.05810	0.04184	0.00340	0.40439
36	0.00612	0.00419	0.00508	0.00555	0.00566	0.00408	0.00339	0.00647	0.00751	0.01002	0.01902	0.38793	0.02246	0.47431	0.01540	0.00326	0.00361	0.00938	0.00339	0.00316
37	0.01067	0.01054	0.00999	0.00790	0.01117	0.16599	0.00616	0.01261	0.02555	0.01377	0.00909	0.06392	0.00818	0.00456	0.00413	0.00091	0.03611	0.00350	0.00273	0.59252

[dist]
# distance from previous block
# <min> <max>
0	2

[block]
# block no. 4 follows, 57 sequences, length 12
# corresponding to MSA columns:
# 297-308
name=unknown_E
#
# <colnr> <probs for GDERKNQSTAVLIFYWHMCP>
#	G	D	E	R	K	N	Q	S	T	A	V	L	I	F	Y	W	H	M	C	P
0	0.01272	0.01350	0.08716	0.00976	0.01317	0.19538	0.02624	0.10882	0.14319	0.04541	0.02566	0.01132	0.00855	0.00481	0.00445	0.00118	0.03136	0.00365	0.00319	0.25047
1	0.01598	0.01244	0.01339	0.01138	0.06348	0.03992	0.00874	0.61118	0.13359	0.02574	0.01170	0.01168	0.00850	0.00543	0.00453	0.00138	0.00491	0.00419	0.00433	0.00752
2	0.00636	0.00463	0.00598	0.00564	0.00674	0.00425	0.00423	0.00844	0.01269	0.01786	0.76939	0.03437	0.08366	0.00938	0.00535	0.00143	0.00215	0.00827	0.00495	0.00425
3	0.01240	0.00826	0.00992	0.00725	0.01114	0.00668	0.00587	0.06284	0.01096	0.19965	0.01049	0.01087	0.00781	0.00400	0.00371	0.00088	0.00357	0.00320	0.00347	0.61702
4	0.00617	0.00441	0.00600	0.00705	0.00760	0.00424	0.00533	0.00743	0.00931	0.01229	0.02462	0.55173	0.02855	0.01359	0.00596	0.00193	0.00319	0.29255	0.00419	0.00386
5	0.00659	0.00439	0.00494	0.00494	0.00494	0.00439	0.00275	0.00659	0.00659	0.00879	0.01428	0.02965	0.01647	0.84075	0.02306	0.00439	0.00439	0.00659	0.00275	0.00275
6	0.00820	0.00427	0.00444	0.00440	0.00546	0.00423	0.00330	0.01032	0.00990	0.01705	0.11003	0.01892	0.01534	0.00576	0.00343	0.00110	0.00211	0.00470	0.76280	0.00423
7	0.00692	0.00499	0.00626	0.00680	0.00747	0.00492	0.00473	0.10105	0.01019	0.01360	0.02329	0.73876	0.02730	0.01315	0.00563	0.00178	0.00291	0.01183	0.00425	0.00416
8	0.00940	0.00805	0.00940	0.00671	0.01074	0.00604	0.00537	0.01141	0.00940	0.01477	0.00805	0.00940	0.00671	0.00336	0.00336	0.00067	0.00336	0.00268	0.00268	0.86845
9	0.00728	0.00500	0.00703	0.00795	0.00883	0.00499	0.00675	0.00882	0.00980	0.01278	0.02211	0.08567	0.02409	0.01299	0.00761	0.10580	0.00407	0.65065	0.00391	0.00388
10	0.87276	0.00876	0.00666	0.00596	0.00876	0.01017	0.00491	0.01332	0.00771	0.02033	0.00631	0.00736	0.00491	0.00421	0.00280	0.00140	0.00351	0.00245	0.00280	0.00491
11	0.01823	0.00821	0.01035	0.00811	0.01135	0.00775	0.00664	0.12855	0.06428	0.58231	0.01666	0.01502	0.01093	0.00559	0.00443	0.00137	0.00383	0.00450	0.08453	0.00736

[dist]
# distance from previous block
# <min> <max>
0	22

[block]
# block no. 5 follows, 57 sequences, length 8
# corresponding to MSA columns:
# 335-342
name=unknown_F
#
# <colnr> <probs for GDERKNQSTAVLIFYWHMCP>
#	G	D	E	R	K	N	Q	S	T	A	V	L	I	F	Y	W	H	M	C	P
0	0.00638	0.00482	0.00638	0.06621	0.00848	0.00460	0.00479	0.00835	0.01192	0.01646	0.59850	0.10175	0.12523	0.00958	0.00532	0.00148	0.00248	0.00844	0.00462	0.00423
1	0.00667	0.00439	0.00518	0.00516	0.00525	0.00441	0.00305	0.00672	0.00693	0.00934	0.05978	0.02822	0.01714	0.69736	0.05597	0.06784	0.00456	0.00641	0.00280	0.00283
2	0.01723	0.01269	0.01360	0.01043	0.01405	0.01405	0.00861	0.79738	0.02131	0.02856	0.01088	0.01088	0.00771	0.00544	0.00453	0.00136	0.00499	0.00408	0.00453	0.00771
3	0.01098	0.00940	0.01003	0.00916	0.01161	0.01082	0.00718	0.02300	0.74584	0.01856	0.01885	0.01942	0.01473	0.00662	0.00473	0.00158	0.00363	0.06232	0.00458	0.00695
4	0.00659	0.00439	0.00494	0.00494	0.00494	0.00439	0.00275	0.00659	0.00659	0.00879	0.01428	0.02965	0.01647	0.84075	0.02306	0.00439	0.00439	0.00659	0.00275	0.00275
5	0.00634	0.00463	0.00595	0.00562	0.00672	0.00424	0.00421	0.00840	0.01264	0.01773	0.75383	0.03457	0.09930	0.00943	0.00535	0.00143	0.00215	0.00830	0.00493	0.00424
6	0.00552	0.00394	0.00526	0.00631	0.00657	0.00368	0.00421	0.00631	0.00868	0.01157	0.02498	0.83779	0.02997	0.01420	0.00578	0.00184	0.00263	0.01288	0.00421	0.00368
7	0.01127	0.00973	0.01025	0.00922	0.01178	0.01127	0.00717	0.02408	0.80430	0.01896	0.01844	0.01691	0.01383	0.00615	0.00461	0.00154	0.00359	0.00512	0.00461	0.00717

[dist]
# distance from previous block
# <min> <max>
0	1

[block]
# block no. 6 follows, 57 sequences, length 20
# corresponding to MSA columns:
# 344-363
name=unknown_G
#
# <colnr> <probs for GDERKNQSTAVLIFYWHMCP>
#	G	D	E	R	K	N	Q	S	T	A	V	L	I	F	Y	W	H	M	C	P
0	0.05064	0.01211	0.01215	0.00961	0.01298	0.13021	0.00781	0.38178	0.01663	0.30114	0.01259	0.01194	0.00855	0.00534	0.00441	0.00135	0.00500	0.00401	0.00452	0.00724
1	0.01211	0.84348	0.02374	0.00775	0.01163	0.01793	0.00775	0.01357	0.00921	0.01066	0.00630	0.00727	0.00582	0.00388	0.00291	0.00097	0.00485	0.00242	0.00194	0.00582
2	0.24908	0.00799	0.00948	0.00750	0.01081	0.00760	0.00619	0.01973	0.01156	0.60221	0.01477	0.01326	0.00952	0.00523	0.00409	0.00140	0.00376	0.00399	0.00486	0.00696
3	0.01580	0.00905	0.01160	0.01111	0.11575	0.00913	0.00786	0.08420	0.25318	0.38618	0.03618	0.01542	0.01199	0.00565	0.00458	0.00143	0.00402	0.00471	0.00477	0.00739
4	0.00916	0.07397	0.21707	0.01268	0.01618	0.01041	0.23789	0.01224	0.00894	0.01269	0.00913	0.01244	0.00762	0.01261	0.22792	0.00308	0.10392	0.00434	0.00217	0.00554
5	0.01122	0.01077	0.01839	0.02781	0.81248	0.01077	0.01391	0.01391	0.01032	0.01480	0.00852	0.01122	0.00718	0.00404	0.00449	0.00135	0.00538	0.00404	0.00224	0.00718
6	0.00609	0.00459	0.00564	0.00554	0.00668	0.00414	0.00416	0.00785	0.01174	0.01588	0.51228	0.09730	0.25154	0.01036	0.00541	0.00151	0.00229	0.03820	0.00469	0.00410
7	0.00647	0.00485	0.00728	0.00728	0.00809	0.00566	0.00566	0.00809	0.00728	0.01052	0.01214	0.01780	0.01133	0.03398	0.82279	0.00728	0.01214	0.00485	0.00243	0.00405
8	0.87276	0.00876	0.00666	0.00596	0.00876	0.01017	0.00491	0.01332	0.00771	0.02033	0.00631	0.00736	0.00491	0.00421	0.00280	0.00140	0.00351	0.00245	0.00280	0.00491
9	0.01737	0.01247	0.01346	0.01032	0.01394	0.01372	0.00852	0.76231	0.02093	0.06415	0.01120	0.01108	0.00786	0.00545	0.00453	0.00136	0.00494	0.00410	0.00458	0.00771
10	0.02033	0.00771	0.01052	0.00806	0.01157	0.00666	0.00666	0.02208	0.01297	0.81562	0.01788	0.01542	0.01122	0.00561	0.00456	0.00140	0.00386	0.00456	0.00561	0.00771
