[name]
unknown

[dist]
# distance from previous block
# <min> <max>
0	394

[block]
# block no. 0 follows, 49 sequences, length 25
# corresponding to MSA columns:
# 522-546
name=unknown_A
#
# <colnr> <probs for GDERKNQSTAVLIFYWHMCP>
#	G	D	E	R	K	N	Q	S	T	A	V	L	I	F	Y	W	H	M	C	P
0	0.02981	0.01029	0.04200	0.21128	0.13215	0.04525	0.01010	0.08654	0.01273	0.01747	0.14677	0.01997	0.06328	0.00652	0.00506	0.00149	0.00510	0.02655	0.00349	0.12414
1	0.01138	0.02826	0.01261	0.09321	0.15426	0.05080	0.00888	0.08277	0.04864	0.03369	0.17424	0.05879	0.03484	0.00684	0.00521	0.00145	0.01835	0.00583	0.03067	0.13928
2	0.20048	0.03540	0.01139	0.08877	0.10583	0.05104	0.00816	0.05148	0.02884	0.12411	0.05799	0.12113	0.06605	0.00752	0.00487	0.00163	0.00461	0.02058	0.00395	0.00617
3	0.03669	0.03860	0.01191	0.08269	0.21224	0.02464	0.00872	0.01240	0.03830	0.03258	0.14969	0.13989	0.08133	0.02919	0.02513	0.00187	0.00457	0.02511	0.03866	0.00579
4	0.01141	0.06327	0.04163	0.19887	0.27020	0.03424	0.10435	0.01422	0.01089	0.02790	0.01126	0.01446	0.03997	0.02392	0.01747	0.02072	0.01763	0.00473	0.00262	0.07026
5	0.00863	0.00688	0.00987	0.07622	0.13903	0.00699	0.00779	0.06558	0.01125	0.01511	0.03321	0.45808	0.04115	0.03127	0.00648	0.00197	0.00410	0.06703	0.00413	0.00523
6	0.01221	0.05378	0.01816	0.15045	0.42382	0.01218	0.03807	0.07033	0.08386	0.01746	0.06110	0.01468	0.01103	0.00529	0.00503	0.00154	0.00572	0.00487	0.00307	0.00734
7	0.01214	0.11939	0.06848	0.11131	0.10299	0.03935	0.03377	0.04042	0.04595	0.10405	0.07834	0.06060	0.09318	0.00691	0.00515	0.00153	0.01678	0.00580	0.01384	0.04003
8	0.01047	0.09074	0.42119	0.01147	0.01659	0.01077	0.02988	0.07210	0.01228	0.03223	0.12080	0.05124	0.08549	0.00682	0.00505	0.00158	0.00577	0.00560	0.00326	0.00667
9	0.03664	0.01237	0.12688	0.01134	0.08523	0.10360	0.02364	0.03102	0.02908	0.05691	0.17146	0.04373	0.12751	0.03342	0.00606	0.00163	0.02118	0.00631	0.00382	0.06819
10	0.00712	0.00543	0.00724	0.00807	0.04027	0.00502	0.00545	0.00846	0.01012	0.01387	0.07719	0.50268	0.06147	0.03534	0.07296	0.00243	0.00408	0.03426	0.00428	0.09427
11	0.01169	0.08785	0.07919	0.06601	0.01514	0.10364	0.04604	0.05481	0.07422	0.01531	0.03561	0.11024	0.01239	0.00841	0.03667	0.00186	0.14302	0.00555	0.02398	0.06838
12	0.00651	0.00480	0.00626	0.00707	0.00777	0.00455	0.00510	0.00779	0.01034	0.01365	0.07913	0.50581	0.14059	0.01663	0.07096	0.00250	0.00390	0.09777	0.00459	0.00427
13	0.04392	0.01175	0.10183	0.02830	0.05514	0.03483	0.04230	0.13219	0.08773	0.06242	0.07407	0.08517	0.04283	0.00682	0.00495	0.00149	0.00479	0.00575	0.04725	0.12649
14	0.00943	0.00471	0.00471	0.00471	0.00589	0.00471	0.00353	0.01178	0.01060	0.01885	0.01650	0.01885	0.01296	0.00589	0.00353	0.00118	0.00236	0.00471	0.85036	0.00471
15	0.09173	0.07182	0.45936	0.01363	0.03738	0.05172	0.07243	0.07892	0.01180	0.01742	0.00982	0.04387	0.00776	0.00530	0.00472	0.00157	0.00679	0.00425	0.00264	0.00706
16	0.00878	0.00439	0.00659	0.00659	0.00659	0.00439	0.00439	0.00659	0.00659	0.00878	0.00878	0.01537	0.00878	0.01757	0.01976	0.85288	0.00439	0.00439	0.00220	0.00220
17	0.01166	0.04746	0.05329	0.12488	0.24270	0.03390	0.08717	0.06140	0.08669	0.01666	0.03793	0.04049	0.06418	0.00618	0.00566	0.00160	0.04221	0.00545	0.00317	0.02733
18	0.11784	0.19882	0.14637	0.04198	0.06308	0.14222	0.02603	0.10907	0.04716	0.02880	0.00944	0.01066	0.00739	0.00502	0.00427	0.00141	0.00618	0.00366	0.02377	0.00681
19	0.00943	0.00471	0.00471	0.00471	0.00589	0.00471	0.00353	0.01178	0.01060	0.01885	0.01650	0.01885	0.01296	0.00589	0.00353	0.00118	0.00236	0.00471	0.85036	0.00471
20	0.09410	0.06834	0.06961	0.08649	0.13148	0.03655	0.07645	0.08884	0.11968	0.02818	0.03661	0.05222	0.01113	0.00741	0.03969	0.00189	0.03612	0.00508	0.00336	0.00677
21	0.00987	0.02839	0.08486	0.04349	0.06357	0.00821	0.05280	0.02589	0.02724	0.06052	0.05326	0.07692	0.01526	0.20135	0.13565	0.02913	0.04082	0.00627	0.03121	0.00528
22	0.01029	0.08764	0.11658	0.07899	0.09706	0.01006	0.02950	0.06679	0.07123	0.01673	0.12345	0.08949	0.06543	0.04339	0.02568	0.00190	0.00514	0.02626	0.00364	0.03076
23	0.01139	0.00849	0.02588	0.00781	0.00973	0.00870	0.00593	0.18684	0.13514	0.03156	0.04074	0.02456	0.07001	0.28081	0.01189	0.00266	0.00436	0.00626	0.12157	0.00566
24	0.03460	0.06705	0.11422	0.03838	0.05268	0.16640	0.01004	0.10843	0.20620	0.01807	0.01400	0.04072	0.03230	0.00706	0.02796	0.00170	0.00607	0.00480	0.01997	0.02933

[dist]
# distance from previous block
# <min> <max>
4	17

[block]
# block no. 1 follows, 49 sequences, length 11
# corresponding to MSA columns:
# 567-577
name=unknown_B
#
# <colnr> <probs for GDERKNQSTAVLIFYWHMCP>
#	G	D	E	R	K	N	Q	S	T	A	V	L	I	F	Y	W	H	M	C	P
0	0.00719	0.00517	0.00641	0.00626	0.00749	0.00473	0.00462	0.00899	0.01250	0.03835	0.42508	0.12561	0.22979	0.04444	0.04865	0.00214	0.00323	0.00973	0.00502	0.00460
1	0.06422	0.01141	0.05853	0.06384	0.11616	0.03370	0.02611	0.15353	0.08105	0.18897	0.01704	0.01895	0.06378	0.00662	0.00508	0.00161	0.00512	0.05010	0.02691	0.00728
2	0.08531	0.13422	0.06419	0.04708	0.11414	0.12150	0.03678	0.08703	0.06421	0.05433	0.01140	0.02693	0.00971	0.05538	0.02510	0.00187	0.02392	0.02710	0.00322	0.00658
3	0.01106	0.01106	0.01549	0.01328	0.01328	0.01549	0.01106	0.01217	0.00774	0.01217	0.00664	0.01106	0.00664	0.00885	0.01659	0.00221	0.81303	0.00443	0.00221	0.00553
4	0.00777	0.00524	0.00636	0.00638	0.00756	0.00482	0.00461	0.00964	0.03077	0.05915	0.27073	0.25176	0.19786	0.05507	0.00694	0.00190	0.00285	0.01024	0.05566	0.00468
5	0.01341	0.08636	0.17603	0.02859	0.01567	0.04261	0.01041	0.23857	0.04473	0.02013	0.01179	0.03591	0.02976	0.00569	0.00502	0.00138	0.03397	0.00433	0.00347	0.19218
6	0.03055	0.26614	0.11621	0.01072	0.01432	0.10737	0.04214	0.04368	0.04754	0.08072	0.04399	0.05492	0.01101	0.00771	0.04566	0.00180	0.06127	0.00459	0.00315	0.00650
7	0.00701	0.00539	0.00716	0.00750	0.00810	0.00565	0.00546	0.00826	0.00999	0.01361	0.12395	0.39907	0.09178	0.06536	0.11170	0.00295	0.07845	0.04002	0.00422	0.00435
8	0.02952	0.04428	0.15496	0.03045	0.07458	0.04276	0.05731	0.07728	0.04328	0.08691	0.04606	0.05817	0.03443	0.05596	0.00827	0.02001	0.12043	0.00546	0.00339	0.00647
9	0.00981	0.00828	0.04363	0.01048	0.08143	0.00728	0.04791	0.01333	0.09415	0.07713	0.14990	0.11295	0.17380	0.00992	0.02453	0.00180	0.00417	0.04721	0.00439	0.07788
10	0.02943	0.06540	0.12956	0.12630	0.10754	0.04993	0.01070	0.10676	0.02486	0.04133	0.12653	0.01994	0.10663	0.00687	0.00536	0.00157	0.02565	0.00562	0.00357	0.00645

[dist]
# distance from previous block
# <min> <max>
1	35

[block]
# block no. 2 follows, 49 sequences, length 6
# corresponding to MSA columns:
# 614-619
name=unknown_C
#
# <colnr> <probs for GDERKNQSTAVLIFYWHMCP>
#	G	D	E	R	K	N	Q	S	T	A	V	L	I	F	Y	W	H	M	C	P
0	0.07352	0.08710	0.13190	0.02931	0.10218	0.08047	0.06983	0.09585	0.07500	0.04424	0.03330	0.01631	0.09078	0.00622	0.00538	0.00156	0.04190	0.00498	0.00337	0.00679
1	0.11059	0.05830	0.25415	0.01211	0.06594	0.04675	0.02912	0.08040	0.05798	0.08607	0.07707	0.01549	0.01207	0.06528	0.00625	0.00179	0.00569	0.00467	0.00345	0.00681
2	0.00979	0.02909	0.13368	0.01001	0.04690	0.06878	0.02930	0.03187	0.03741	0.03216	0.27379	0.04928	0.10320	0.04645	0.02315	0.03486	0.00479	0.02590	0.00405	0.00555
3	0.00886	0.00614	0.00880	0.04433	0.01024	0.00700	0.00656	0.01038	0.00872	0.07699	0.01472	0.07944	0.01423	0.13921	0.47072	0.00592	0.07363	0.00620	0.00314	0.00475
4	0.02732	0.07771	0.03521	0.03522	0.06781	0.03743	0.06156	0.09060	0.04323	0.11328	0.19930	0.03928	0.06871	0.02995	0.03164	0.00185	0.00493	0.00630	0.02236	0.00632
5	0.00943	0.00471	0.00471	0.00471	0.00589	0.00471	0.00353	0.01178	0.01060	0.01885	0.01650	0.01885	0.01296	0.00589	0.00353	0.00118	0.00236	0.00471	0.85036	0.00471

[dist]
# distance from previous block
# <min> <max>
1	1

[block]
# block no. 3 follows, 49 sequences, length 36
# corresponding to MSA columns:
# 622,623,628,629,632-637,640-665
name=unknown_D
#
# <colnr> <probs for GDERKNQSTAVLIFYWHMCP>
#	G	D	E	R	K	N	Q	S	T	A	V	L	I	F	Y	W	H	M	C	P
0	0.00878	0.00439	0.00659	0.00659	0.00659	0.00439	0.00439	0.00659	0.00659	0.00878	0.00878	0.01537	0.00878	0.01757	0.01976	0.85288	0.00439	0.00439	0.00220	0.00220
1	0.10588	0.19591	0.05122	0.01364	0.14332	0.16873	0.00997	0.10360	0.05371	0.03648	0.02782	0.01239	0.03278	0.00544	0.00457	0.00141	0.01918	0.00401	0.00316	0.00681
2	0.17485	0.16129	0.07377	0.00994	0.04449	0.04395	0.00837	0.13226	0.02458	0.07149	0.06349	0.10183	0.04306	0.00696	0.00475	0.00153	0.01781	0.00540	0.00374	0.00643
3	0.00943	0.00471	0.00471	0.00471	0.00589	0.00471	0.00353	0.01178	0.01060	0.01885	0.01650	0.01885	0.01296	0.00589	0.00353	0.00118	0.00236	0.00471	0.85036	0.00471
4	0.13346	0.16732	0.11547	0.01119	0.04674	0.05891	0.04847	0.10126	0.08229	0.06175	0.03128	0.03777	0.01016	0.03081	0.00508	0.00156	0.00545	0.00442	0.00341	0.04319
5	0.02333	0.00620	0.00802	0.00763	0.00803	0.00722	0.00548	0.00881	0.00785	0.01119	0.01493	0.02553	0.04622	0.39788	0.25900	0.00523	0.14424	0.00632	0.00288	0.00402
6	0.01172	0.07027	0.30666	0.09635	0.10508	0.04979	0.05085	0.07691	0.07602	0.01688	0.03529	0.01408	0.02137	0.02998	0.01598	0.00174	0.00656	0.00455	0.00290	0.00700
7	0.01385	0.01129	0.01199	0.01021	0.01316	0.05454	0.03803	0.16822	0.41438	0.04599	0.01860	0.01800	0.04485	0.00663	0.00497	0.00158	0.00451	0.00543	0.10634	0.00743
8	0.06254	0.15235	0.12173	0.01231	0.10367	0.11836	0.00990	0.06551	0.03322	0.07826	0.07404	0.04674	0.03526	0.02222	0.00504	0.00150	0.00555	0.00484	0.00341	0.04353
9	0.01388	0.26685	0.05982	0.00936	0.01255	0.15545	0.00831	0.07782	0.01272	0.07070	0.06369	0.01558	0.06473	0.00615	0.00482	0.00136	0.03963	0.00447	0.10588	0.00623
10	0.04560	0.04695	0.05256	0.06142	0.07684	0.02918	0.03186	0.08136	0.01172	0.06354	0.01786	0.07034	0.11575	0.08379	0.05551	0.00218	0.00533	0.00595	0.03139	0.11084
11	0.01316	0.18683	0.05212	0.01101	0.05100	0.08330	0.03804	0.09074	0.10960	0.06135	0.13644	0.01889	0.01631	0.00655	0.00484	0.00146	0.00514	0.05118	0.00387	0.05818
12	0.04604	0.13397	0.48565	0.01334	0.04089	0.01225	0.06430	0.01555	0.01073	0.04800	0.01121	0.01271	0.04020	0.00640	0.03632	0.00179	0.00696	0.00414	0.00252	0.00702
13	0.00743	0.00539	0.00624	0.00635	0.00756	0.00496	0.00468	0.03006	0.01103	0.03222	0.08013	0.14749	0.36122	0.13722	0.00972	0.03788	0.00341	0.09832	0.00444	0.00428
14	0.01175	0.01151	0.07776	0.01166	0.07001	0.06786	0.04133	0.09539	0.16671	0.04358	0.17802	0.05643	0.05915	0.02251	0.00609	0.00172	0.02423	0.04345	0.00434	0.00650
15	0.00979	0.00933	0.01593	0.60394	0.08376	0.01092	0.07683	0.01338	0.03256	0.01388	0.02965	0.03132	0.03616	0.00561	0.00521	0.00168	0.00644	0.00518	0.00259	0.00586
16	0.01106	0.01106	0.01549	0.01328	0.01328	0.01549	0.01106	0.01217	0.00774	0.01217	0.00664	0.01106	0.00664	0.00885	0.01659	0.00221	0.81303	0.00443	0.00221	0.00553
17	0.00810	0.00561	0.00697	0.00663	0.00810	0.00517	0.00506	0.03369	0.01359	0.05933	0.47927	0.09322	0.19122	0.01107	0.00598	0.00168	0.00279	0.05226	0.00530	0.00494
18	0.05113	0.01680	0.01291	0.04569	0.06010	0.42629	0.00913	0.09173	0.01330	0.01504	0.00984	0.01254	0.00834	0.03067	0.14598	0.00265	0.00873	0.00401	0.02922	0.00589
19	0.00725	0.00529	0.00750	0.00750	0.00819	0.00598	0.00554	0.00863	0.00794	0.01127	0.01412	0.02304	0.01402	0.22618	0.61587	0.00735	0.01147	0.00588	0.00279	0.00417
20	0.01106	0.01106	0.01549	0.01328	0.01328	0.01549	0.01106	0.01217	0.00774	0.01217	0.00664	0.01106	0.00664	0.00885	0.01659	0.00221	0.81303	0.00443	0.00221	0.00553
21	0.22184	0.00973	0.01103	0.00880	0.01239	0.00981	0.00722	0.14274	0.04662	0.42051	0.04820	0.01517	0.01181	0.00605	0.00465	0.00156	0.00432	0.00463	0.00524	0.00766
22	0.00724	0.00536	0.00784	0.00784	0.00865	0.00617	0.00597	0.00885	0.00804	0.01153	0.01380	0.02130	0.01326	0.12290	0.71813	0.00778	0.01261	0.00563	0.00275	0.00436
23	0.00968	0.00908	0.01272	0.01138	0.01170	0.01212	0.00933	0.01097	0.00825	0.01231	0.01190	0.06383	0.04142	0.01547	0.17284	0.00338	0.53843	0.03738	0.00266	0.00516
24	0.04570	0.01241	0.01223	0.01045	0.01360	0.09745	0.00825	0.17590	0.38935	0.12756	0.01716	0.04090	0.01290	0.00665	0.00503	0.00162	0.00487	0.00530	0.00492	0.00776
25	0.08882	0.01173	0.01827	0.10625	0.53896	0.03649	0.03327	0.01573	0.01126	0.05571	0.00965	0.01235	0.00779	0.00480	0.00517	0.00155	0.02772	0.00437	0.00272	0.00740
26	0.00618	0.00446	0.00585	0.00691	0.00731	0.00414	0.00465	0.00712	0.00992	0.01316	0.05066	0.75208	0.07785	0.01551	0.00641	0.00202	0.00290	0.01401	0.00472	0.00414
27	0.01038	0.00938	0.01540	0.02250	0.50825	0.00929	0.01183	0.01275	0.01111	0.01557	0.03859	0.23309	0.01734	0.00832	0.00555	0.00170	0.00499	0.05399	0.00332	0.00666
28	0.01322	0.00812	0.00873	0.00761	0.00984	0.03906	0.00592	0.12583	0.07855	0.15741	0.09308	0.06652	0.05352	0.03037	0.00535	0.00157	0.00369	0.00612	0.27930	0.00620
29	0.00710	0.00639	0.00894	0.07247	0.01139	0.00599	0.08559	0.00888	0.01136	0.01418	0.08708	0.12024	0.50108	0.01135	0.00618	0.00174	0.02124	0.00983	0.00427	0.00469
30	0.85801	0.00978	0.00743	0.00665	0.00978	0.01134	0.00548	0.01486	0.00861	0.02269	0.00704	0.00821	0.00548	0.00469	0.00313	0.00156	0.00391	0.00274	0.00313	0.00548
31	0.01388	0.04684	0.08059	0.03481	0.22371	0.04340	0.01098	0.23022	0.06200	0.04722	0.01299	0.07568	0.01123	0.06138	0.02107	0.00190	0.00577	0.00539	0.00368	0.00725
32	0.01561	0.01703	0.01300	0.01167	0.01403	0.45701	0.04093	0.07201	0.01353	0.05487	0.01233	0.10343	0.01141	0.01095	0.10865	0.00235	0.00835	0.02372	0.00327	0.00584
33	0.07611	0.01084	0.19666	0.00862	0.01153	0.00731	0.00843	0.01145	0.01148	0.04656	0.20078	0.13016	0.18175	0.00971	0.00591	0.00173	0.03253	0.03886	0.00413	0.00546
34	0.00952	0.00713	0.01060	0.33936	0.05217	0.00798	0.00907	0.02981	0.01088	0.04265	0.04754	0.18072	0.01607	0.00791	0.00510	0.00165	0.00464	0.02537	0.18651	0.00533
35	0.16914	0.11743	0.12416	0.01222	0.07797	0.02699	0.06783	0.08727	0.03426	0.15424	0.04704	0.01328	0.01010	0.00638	0.02931	0.00171	0.00567	0.00431	0.00364	0.00705

[dist]
# distance from previous block
# <min> <max>
5	12

[block]
# block no. 4 follows, 49 sequences, length 6
# corresponding to MSA columns:
# 680-685
name=unknown_E
#
# <colnr> <probs for GDERKNQSTAVLIFYWHMCP>
#	G	D	E	R	K	N	Q	S	T	A	V	L	I	F	Y	W	H	M	C	P
0	0.04152	0.05282	0.08977	0.10827	0.26060	0.04978	0.02855	0.01622	0.04364	0.10009	0.06225	0.01435	0.01095	0.00526	0.00478	0.00146	0.00556	0.00455	0.02205	0.07751
1	0.00943	0.00471	0.00471	0.00471	0.00589	0.00471	0.00353	0.01178	0.01060	0.01885	0.01650	0.01885	0.01296	0.00589	0.00353	0.00118	0.00236	0.00471	0.85036	0.00471
2	0.01184	0.01051	0.01362	0.11651	0.14614	0.07299	0.04149	0.05300	0.11996	0.04537	0.01531	0.06170	0.04513	0.00935	0.06549	0.00215	0.07504	0.03152	0.05652	0.00636
3	0.03514	0.00911	0.01316	0.19874	0.15186	0.04310	0.03270	0.01402	0.01067	0.12881	0.01455	0.06765	0.04261	0.06693	0.11852	0.00278	0.03459	0.00572	0.00330	0.00603
4	0.05856	0.28341	0.06175	0.04893	0.01417	0.09471	0.00874	0.06288	0.06495	0.01584	0.04609	0.01342	0.04818	0.00554	0.00456	0.00130	0.03129	0.00402	0.00305	0.12861
5	0.09304	0.01268	0.07784	0.01203	0.06788	0.03419	0.05184	0.25715	0.04553	0.09682	0.01441	0.03177	0.04847	0.00614	0.00487	0.00150	0.00524	0.02650	0.00409	0.10802

[dist]
# distance from previous block
# <min> <max>
5	7

[block]
# block no. 5 follows, 49 sequences, length 14
# corresponding to MSA columns:
# 693-706
name=unknown_F
#
# <colnr> <probs for GDERKNQSTAVLIFYWHMCP>
#	G	D	E	R	K	N	Q	S	T	A	V	L	I	F	Y	W	H	M	C	P
0	0.04961	0.33630	0.12829	0.01005	0.03697	0.05968	0.00942	0.05013	0.01162	0.03313	0.07341	0.01440	0.06192	0.00569	0.00449	0.00131	0.02515	0.00419	0.00298	0.08126
1	0.03063	0.04416	0.01096	0.01018	0.06227	0.02862	0.04627	0.09470	0.10002	0.01676	0.05736	0.29848	0.07771	0.06894	0.00703	0.00196	0.00423	0.00884	0.00421	0.02664
2	0.05169	0.04904	0.01167	0.03082	0.10496	0.02364	0.00763	0.04639	0.04347	0.01625	0.03605	0.10323	0.05604	0.00995	0.08598	0.00203	0.01936	0.01905	0.00339	0.27937
3	0.03975	0.07316	0.11515	0.01131	0.01534	0.12025	0.07260	0.17160	0.05518	0.05539	0.01147	0.03180	0.00905	0.00668	0.03585	0.00165	0.00620	0.00435	0.03887	0.12435
4	0.03627	0.14472	0.12083	0.01066	0.03361	0.11383	0.04123	0.01554	0.05051	0.04975	0.00978	0.01146	0.00792	0.00664	0.03353	0.05787	0.00591	0.00365	0.00286	0.24344
5	0.00840	0.00706	0.01013	0.00936	0.00992	0.00842	0.04043	0.00959	0.00835	0.01187	0.01450	0.12287	0.01554	0.21799	0.23097	0.00445	0.22424	0.03845	0.00299	0.00449
6	0.00935	0.04327	0.04892	0.08960	0.03760	0.05442	0.04194	0.01226	0.06878	0.01478	0.07860	0.16779	0.10204	0.02992	0.00683	0.03201	0.02258	0.09084	0.04322	0.00525
7	0.00943	0.00471	0.00471	0.00471	0.00589	0.00471	0.00353	0.01178	0.01060	0.01885	0.01650	0.01885	0.01296	0.00589	0.00353	0.00118	0.00236	0.00471	0.85036	0.00471
8	0.06426	0.04946	0.17882	0.10641	0.04525	0.07383	0.08491	0.05069	0.01153	0.01590	0.01395	0.09797	0.01325	0.00826	0.02597	0.00189	0.00632	0.12544	0.01982	0.00606
9	0.00868	0.00446	0.00669	0.00669	0.00675	0.00452	0.00452	0.00675	0.00669	0.00898	0.00910	0.01567	0.00904	0.01892	0.07160	0.79692	0.00500	0.00446	0.00223	0.00235
10	0.04873	0.11128	0.27881	0.01173	0.04658	0.07749	0.01150	0.01631	0.11273	0.03623	0.06634	0.03290	0.05035	0.02917	0.00576	0.00166	0.03099	0.02161	0.00323	0.00660
11	0.12317	0.30315	0.20390	0.01151	0.05059	0.11765	0.01102	0.04006	0.04503	0.01558	0.00867	0.01000	0.00704	0.00572	0.02634	0.00155	0.00639	0.00338	0.00259	0.00666
12	0.00943	0.00471	0.00471	0.00471	0.00589	0.00471	0.00353	0.01178	0.01060	0.01885	0.01650	0.01885	0.01296	0.00589	0.00353	0.00118	0.00236	0.00471	0.85036	0.00471
13	0.01275	0.21046	0.06030	0.01115	0.03542	0.12258	0.07114	0.05121	0.09967	0.04611	0.01451	0.18250	0.01383	0.00738	0.00486	0.00152	0.00550	0.00619	0.01980	0.02312

[dist]
# distance from previous block
# <min> <max>
1	2

[block]
# block no. 6 follows, 49 sequences, length 13
# corresponding to MSA columns:
# 709-721
name=unknown_G
#
# <colnr> <probs for GDERKNQSTAVLIFYWHMCP>
#	G	D	E	R	K	N	Q	S	T	A	V	L	I	F	Y	W	H	M	C	P
0	0.01250	0.02790	0.03409	0.10019	0.11771	0.02492	0.04179	0.13130	0.19219	0.05185	0.05553	0.05443	0.03565	0.00851	0.04282	0.00197	0.01643	0.03925	0.00404	0.00694
1	0.00889	0.00626	0.00710	0.00669	0.00737	0.00658	0.00437	0.08720	0.05457	0.01299	0.01592	0.02978	0.01707	0.61715	0.07545	0.00453	0.00551	0.02511	0.00340	0.00406
2	0.01304	0.03407	0.12076	0.07629	0.03057	0.21360	0.06268	0.07748	0.10179	0.01679	0.10928	0.01703	0.04172	0.02462	0.00598	0.00163	0.03773	0.00515	0.00343	0.00638
3	0.04112	0.01716	0.01318	0.01136	0.01432	0.37224	0.00890	0.25370	0.06505	0.04085	0.01170	0.01358	0.00927	0.00601	0.00475	0.00144	0.00673	0.03536	0.06650	0.00677
4	0.00758	0.00561	0.00684	0.00664	0.00820	0.00528	0.00511	0.00913	0.01053	0.04551	0.06380	0.03681	0.35924	0.07567	0.21450	0.00359	0.00590	0.07190	0.00406	0.05410
5	0.01105	0.01307	0.07613	0.01632	0.02023	0.07358	0.46045	0.01440	0.01176	0.01556	0.08802	0.09516	0.01459	0.05762	0.00707	0.00189	0.00713	0.00681	0.00307	0.00609
6	0.01101	0.11256	0.18173	0.01048	0.04502	0.00997	0.00964	0.05752	0.08033	0.07940	0.02037	0.14503	0.11138	0.01010	0.04730	0.00201	0.00532	0.05067	0.00382	0.00633
7	0.00740	0.00535	0.00689	0.00689	0.00718	0.00584	0.00465	0.00808	0.00786	0.01085	0.01605	0.11653	0.01775	0.45923	0.24535	0.00535	0.05451	0.00742	0.00310	0.00374
8	0.00794	0.00619	0.00918	0.00848	0.00952	0.00618	0.08734	0.00913	0.00947	0.03721	0.02303	0.31629	0.10759	0.21796	0.07263	0.00315	0.05075	0.00975	0.00381	0.00441
9	0.04148	0.25221	0.04153	0.01015	0.06312	0.06680	0.00808	0.01332	0.00998	0.05866	0.01158	0.04829	0.01056	0.03550	0.27006	0.01790	0.00816	0.00462	0.02230	0.00572
10	0.01106	0.01106	0.01549	0.01328	0.01328	0.01549	0.01106	0.01217	0.00774	0.01217	0.00664	0.01106	0.00664	0.00885	0.01659	0.00221	0.81303	0.00443	0.00221	0.00553
11	0.00782	0.00576	0.00696	0.00659	0.00812	0.00543	0.00503	0.01093	0.07801	0.04117	0.49606	0.03893	0.21952	0.01066	0.00591	0.00166	0.00271	0.03839	0.00531	0.00503
12	0.02655	0.04291	0.04658	0.07468	0.16028	0.07563	0.05466	0.02883	0.06476	0.10317	0.09404	0.05097	0.07740	0.00712	0.00594	0.00163	0.05663	0.01797	0.00371	0.00654

[dist]
# distance from previous block
# <min> <max>
5	17

[block]
# block no. 7 follows, 49 sequences, length 11
# corresponding to MSA columns:
# 775-785
name=unknown_H
#
# <colnr> <probs for GDERKNQSTAVLIFYWHMCP>
#	G	D	E	R	K	N	Q	S	T	A	V	L	I	F	Y	W	H	M	C	P
0	0.27493	0.06214	0.11936	0.01165	0.09086	0.06458	0.03729	0.06047	0.01134	0.01892	0.05110	0.01148	0.00892	0.00491	0.00413	0.00138	0.00520	0.00371	0.00304	0.15460
1	0.26976	0.05380	0.01291	0.06591	0.17408	0.08153	0.00901	0.03681	0.03943	0.06053	0.03266	0.03845	0.03182	0.00584	0.00476	0.00154	0.03333	0.00446	0.03702	0.00632
2	0.00809	0.00742	0.05031	0.00734	0.00900	0.02756	0.00588	0.03701	0.05598	0.01610	0.24615	0.09346	0.19851	0.10158	0.08709	0.00268	0.00458	0.03196	0.00441	0.00489
3	0.01135	0.04770	0.10324	0.04492	0.19343	0.06465	0.14175	0.03415	0.03153	0.01558	0.01458	0.09014	0.05188	0.00691	0.00578	0.00164	0.03825	0.05759	0.00306	0.04189
4	0.00943	0.00471	0.00471	0.00471	0.00589	0.00471	0.00353	0.01178	0.01060	0.01885	0.01650	0.01885	0.01296	0.00589	0.00353	0.00118	0.00236	0.00471	0.85036	0.00471
5	0.01237	0.01173	0.01511	0.12633	0.22776	0.11593	0.05925	0.10807	0.01278	0.01674	0.01296	0.14239	0.01212	0.00767	0.02793	0.00175	0.00611	0.00601	0.04251	0.03447
6	0.00878	0.00439	0.00659	0.00659	0.00659	0.00439	0.00439	0.00659	0.00659	0.00878	0.00878	0.01537	0.00878	0.01757	0.01976	0.85288	0.00439	0.00439	0.00220	0.00220
7	0.04742	0.01234	0.08528	0.05166	0.10258	0.05948	0.03937	0.05117	0.24415	0.13912	0.04540	0.03766	0.04895	0.00653	0.00510	0.00162	0.00513	0.00551	0.00424	0.00729
8	0.43972	0.14983	0.01240	0.00824	0.01134	0.01215	0.04820	0.08420	0.01068	0.01955	0.01161	0.05155	0.04129	0.05091	0.00512	0.00172	0.00455	0.02790	0.00329	0.00574
9	0.00943	0.00471	0.00471	0.00471	0.00589	0.00471	0.00353	0.01178	0.01060	0.01885	0.01650	0.01885	0.01296	0.00589	0.00353	0.00118	0.00236	0.00471	0.85036	0.00471
10	0.17478	0.02946	0.07866	0.01590	0.20193	0.15646	0.03010	0.05463	0.09927	0.01770	0.01058	0.01212	0.02195	0.00552	0.00550	0.00157	0.06989	0.00413	0.00305	0.00680

[dist]
# distance from previous block
# <min> <max>
1	3

[block]
# block no. 8 follows, 49 sequences, length 46
# corresponding to MSA columns:
# 789-834
name=unknown_I
#
# <colnr> <probs for GDERKNQSTAVLIFYWHMCP>
#	G	D	E	R	K	N	Q	S	T	A	V	L	I	F	Y	W	H	M	C	P
0	0.01215	0.04322	0.01565	0.01562	0.18636	0.03870	0.10260	0.07392	0.14271	0.04596	0.04345	0.09446	0.04736	0.02517	0.00674	0.01985	0.05016	0.02552	0.00374	0.00669
1	0.00756	0.00528	0.00656	0.00670	0.00722	0.00549	0.00459	0.00897	0.03948	0.01218	0.05295	0.10130	0.02040	0.42207	0.18185	0.00470	0.00626	0.06707	0.03544	0.00392
2	0.06328	0.06317	0.07171	0.04426	0.09133	0.06334	0.03726	0.05527	0.10600	0.03649	0.02988	0.01346	0.00978	0.03962	0.00533	0.00144	0.00517	0.00415	0.00328	0.25577
3	0.01607	0.01586	0.01529	0.11069	0.10451	0.28124	0.04096	0.19753	0.07112	0.04997	0.01229	0.01342	0.03707	0.00572	0.00496	0.00149	0.00681	0.00449	0.00354	0.00697
4	0.00956	0.00930	0.03428	0.33790	0.20527	0.00968	0.06544	0.01238	0.01072	0.01437	0.04269	0.16377	0.04864	0.00739	0.00543	0.00171	0.00567	0.00684	0.00301	0.00594
5	0.01015	0.04546	0.04457	0.00897	0.01100	0.00862	0.00752	0.03137	0.04941	0.07641	0.03279	0.01725	0.01201	0.02277	0.42207	0.00495	0.08285	0.00495	0.02390	0.08298
6	0.01129	0.01025	0.01626	0.28003	0.34603	0.01130	0.01296	0.06633	0.02835	0.01578	0.01120	0.05194	0.00991	0.04865	0.00672	0.00182	0.04019	0.02152	0.00282	0.00665
7	0.00627	0.00451	0.00592	0.00701	0.00740	0.00421	0.00476	0.00721	0.00979	0.01296	0.02860	0.73180	0.06750	0.03548	0.00693	0.00212	0.00304	0.04572	0.00465	0.00411
8	0.02910	0.00818	0.01080	0.17363	0.07067	0.00862	0.00835	0.07847	0.08571	0.10123	0.07385	0.07728	0.17064	0.04107	0.00627	0.00182	0.00447	0.03959	0.00424	0.00602
9	0.01232	0.27720	0.32664	0.01209	0.05000	0.07225	0.01255	0.01596	0.03078	0.05009	0.01117	0.04994	0.02930	0.00551	0.00441	0.00142	0.00621	0.00420	0.00267	0.02530
10	0.01106	0.01106	0.01549	0.01328	0.01328	0.01549	0.01106	0.01217	0.00774	0.01217	0.00664	0.01106	0.00664	0.00885	0.01659	0.00221	0.81303	0.00443	0.00221	0.00553
11	0.00672	0.00512	0.00627	0.00671	0.00787	0.00467	0.00515	0.00835	0.01168	0.01512	0.18761	0.22454	0.30508	0.01326	0.00630	0.00190	0.00306	0.17132	0.00486	0.00442
12	0.01044	0.00957	0.01562	0.58225	0.17032	0.01124	0.01352	0.05252	0.01099	0.01447	0.00995	0.03551	0.00812	0.02820	0.00566	0.00174	0.00639	0.00485	0.00253	0.00610
13	0.05232	0.01019	0.01158	0.04597	0.04617	0.01127	0.00811	0.22799	0.23542	0.05370	0.08129	0.01909	0.03558	0.00690	0.00522	0.00159	0.02141	0.02377	0.09532	0.00711
14	0.01106	0.01106	0.01549	0.01328	0.01328	0.01549	0.01106	0.01217	0.00774	0.01217	0.00664	0.01106	0.00664	0.00885	0.01659	0.00221	0.81303	0.00443	0.00221	0.00553
15	0.01428	0.01151	0.01224	0.01054	0.01368	0.01310	0.00833	0.18669	0.59791	0.04511	0.01876	0.01738	0.01389	0.00667	0.00513	0.00167	0.00434	0.00545	0.00516	0.00815
16	0.15920	0.01408	0.01781	0.04168	0.32913	0.16780	0.11326	0.01612	0.01133	0.01634	0.00864	0.01118	0.00711	0.00495	0.00550	0.00155	0.06079	0.00414	0.00261	0.00676
17	0.01104	0.02324	0.64372	0.01674	0.13956	0.01160	0.01772	0.01630	0.01097	0.04912	0.00960	0.01124	0.00691	0.00482	0.00485	0.00158	0.00711	0.00391	0.00237	0.00760
18	0.01170	0.01121	0.01897	0.22950	0.56879	0.01194	0.01498	0.01473	0.01102	0.01544	0.00927	0.01271	0.00763	0.00481	0.00545	0.00157	0.03605	0.00450	0.00243	0.00731
19	0.00888	0.00710	0.00934	0.00841	0.01017	0.00701	0.06874	0.09305	0.06583	0.01692	0.14321	0.17946	0.19708	0.09757	0.00809	0.00212	0.00392	0.06340	0.00454	0.00515
20	0.00746	0.00519	0.00644	0.00626	0.00755	0.00474	0.00472	0.00951	0.01309	0.03904	0.48920	0.09785	0.18349	0.01097	0.00586	0.00165	0.00260	0.03934	0.06033	0.00472
21	0.12421	0.00875	0.01121	0.00871	0.01253	0.00791	0.00719	0.02346	0.01376	0.70047	0.01838	0.01612	0.01166	0.00607	0.00485	0.00156	0.00426	0.00480	0.00588	0.00823
22	0.00943	0.00471	0.00471	0.00471	0.00589	0.00471	0.00353	0.01178	0.01060	0.01885	0.01650	0.01885	0.01296	0.00589	0.00353	0.00118	0.00236	0.00471	0.85036	0.00471
23	0.04597	0.04358	0.01070	0.00784	0.01110	0.00755	0.02655	0.01179	0.00964	0.01491	0.01036	0.01458	0.00947	0.10918	0.12903	0.00249	0.02100	0.00398	0.00290	0.50738
24	0.01315	0.24045	0.01697	0.01089	0.01317	0.16530	0.00915	0.01663	0.13642	0.01388	0.03217	0.01358	0.04495	0.00679	0.00793	0.00160	0.24347	0.00435	0.00296	0.00619
25	0.00943	0.00471	0.00471	0.00471	0.00589	0.00471	0.00353	0.01178	0.01060	0.01885	0.01650	0.01885	0.01296	0.00589	0.00353	0.00118	0.00236	0.00471	0.85036	0.00471
26	0.83155	0.00961	0.00738	0.00666	0.00970	0.01112	0.00545	0.01462	0.00864	0.02238	0.00769	0.03339	0.00634	0.00504	0.00323	0.00158	0.00388	0.00310	0.00318	0.00543
27	0.05021	0.01258	0.13386	0.03256	0.03955	0.02973	0.08116	0.09011	0.04242	0.19099	0.10375	0.01763	0.04492	0.00685	0.00654	0.01567	0.08511	0.00537	0.00407	0.00692
28	0.01014	0.00791	0.01044	0.00981	0.01130	0.00884	0.03131	0.01473	0.18257	0.06215	0.11326	0.16353	0.02363	0.01065	0.00783	0.00197	0.13975	0.17992	0.00450	0.00577
29	0.00734	0.00494	0.00570	0.00570	0.00576	0.00500	0.00329	0.00747	0.00741	0.00994	0.01577	0.03216	0.01798	0.76726	0.08022	0.00513	0.00551	0.00722	0.00304	0.00317
30	0.01768	0.00962	0.01196	0.13209	0.01594	0.04278	0.00840	0.10559	0.05490	0.41628	0.04884	0.01806	0.04620	0.00647	0.00507	0.00157	0.00477	0.00528	0.04102	0.00749
31	0.01621	0.01393	0.01322	0.01103	0.01412	0.13566	0.00879	0.35609	0.23497	0.02400	0.01394	0.01403	0.01045	0.00627	0.00539	0.00155	0.04048	0.00469	0.06760	0.00758
32	0.01417	0.01613	0.01487	0.13753	0.20340	0.37484	0.01115	0.01626	0.01239	0.01364	0.02968	0.01377	0.03971	0.00817	0.07113	0.00200	0.00795	0.00436	0.00269	0.00614
33	0.01242	0.01021	0.01190	0.14434	0.01656	0.01170	0.00893	0.07278	0.50388	0.04953	0.01964	0.02047	0.04705	0.00706	0.00524	0.00172	0.00455	0.04004	0.00465	0.00735
34	0.01260	0.01171	0.01851	0.08270	0.58367	0.01220	0.01400	0.05000	0.13019	0.01764	0.01129	0.01354	0.00908	0.00497	0.00503	0.00155	0.00573	0.00469	0.00300	0.00786
35	0.00681	0.00472	0.00586	0.00638	0.00657	0.00465	0.00402	0.00733	0.00844	0.01132	0.02107	0.38169	0.02468	0.40862	0.07162	0.00386	0.00463	0.01034	0.00376	0.00363
36	0.01000	0.00789	0.01022	0.08520	0.04325	0.00919	0.00740	0.08910	0.02722	0.01508	0.01498	0.05988	0.04833	0.20322	0.06751	0.00293	0.16696	0.00605	0.12048	0.00511
37	0.01259	0.62107	0.04044	0.00869	0.01249	0.04854	0.00831	0.01481	0.04320	0.01282	0.03722	0.04660	0.05048	0.00617	0.01694	0.00134	0.00532	0.00405	0.00267	0.00624
38	0.01106	0.01106	0.01549	0.01328	0.01328	0.01549	0.01106	0.01217	0.00774	0.01217	0.00664	0.01106	0.00664	0.00885	0.01659	0.00221	0.81303	0.00443	0.00221	0.00553
39	0.00813	0.00498	0.00597	0.06234	0.00856	0.00503	0.00476	0.01002	0.01025	0.01600	0.02166	0.25809	0.07324	0.01064	0.03878	0.00181	0.00333	0.00802	0.44384	0.00456
40	0.01089	0.01007	0.01734	0.34712	0.28795	0.01094	0.08499	0.01424	0.02982	0.03477	0.01122	0.06411	0.00953	0.00686	0.03710	0.00190	0.00656	0.00534	0.00271	0.00654
41	0.00976	0.00925	0.01562	0.74866	0.03369	0.01135	0.04448	0.01357	0.03873	0.01336	0.00947	0.01369	0.00710	0.00509	0.00510	0.00169	0.00671	0.00460	0.00237	0.00575
42	0.01213	0.01346	0.02862	0.05440	0.02635	0.01284	0.70936	0.04669	0.01234	0.01669	0.01025	0.01357	0.00767	0.00437	0.00589	0.00170	0.00833	0.00585	0.00265	0.00684
43	0.04624	0.01009	0.00886	0.00865	0.03878	0.17156	0.00619	0.02459	0.01191	0.01489	0.07763	0.16836	0.25890	0.00960	0.00529	0.00153	0.00438	0.00797	0.00394	0.12066
44	0.01116	0.06510	0.07962	0.00937	0.04378	0.00913	0.00783	0.13105	0.01334	0.01893	0.14380	0.01855	0.08154	0.00616	0.00462	0.00122	0.00422	0.00504	0.00375	0.34180
45	0.01171	0.10324	0.01166	0.00910	0.01115	0.17185	0.00708	0.08077	0.08620	0.01589	0.07837	0.20741	0.11319	0.00933	0.00573	0.00162	0.03988	0.00759	0.02257	0.00565

[dist]
# distance from previous block
# <min> <max>
0	10

[block]
# block no. 9 follows, 49 sequences, length 55
# corresponding to MSA columns:
# 854-885,895-917
name=unknown_J
#
# <colnr> <probs for GDERKNQSTAVLIFYWHMCP>
#	G	D	E	R	K	N	Q	S	T	A	V	L	I	F	Y	W	H	M	C	P
0	0.01306	0.01341	0.02130	0.01723	0.06519	0.08153	0.35344	0.09682	0.08462	0.01736	0.01159	0.01567	0.00952	0.00603	0.00723	0.00175	0.12513	0.04919	0.00314	0.00679
1	0.36910	0.03495	0.03831	0.03943	0.08554	0.06191	0.00841	0.12907	0.09090	0.03879	0.01117	0.01200	0.02937	0.00538	0.00415	0.00153	0.00492	0.00388	0.00355	0.02763
2	0.00810	0.00656	0.00762	0.00747	0.00805	0.05286	0.00528	0.00903	0.00830	0.01109	0.01547	0.05152	0.03888	0.36148	0.33742	0.00566	0.05174	0.00651	0.00295	0.00402
3	0.01197	0.01194	0.02372	0.06907	0.11683	0.01145	0.48099	0.01599	0.03732	0.05640	0.05926	0.03185	0.01116	0.00513	0.00566	0.00164	0.00710	0.00592	0.00305	0.03356
4	0.00943	0.00471	0.00471	0.00471	0.00589	0.00471	0.00353	0.01178	0.01060	0.01885	0.01650	0.01885	0.01296	0.00589	0.00353	0.00118	0.00236	0.00471	0.85036	0.00471
5	0.04438	0.07446	0.03965	0.04040	0.06110	0.03867	0.00968	0.41527	0.05607	0.10015	0.01207	0.01236	0.00875	0.00561	0.00476	0.00145	0.00542	0.00430	0.00435	0.06108
6	0.00992	0.00984	0.04017	0.01253	0.01403	0.01108	0.14840	0.01202	0.00963	0.01410	0.05920	0.06451	0.01395	0.03588	0.07321	0.00255	0.34097	0.06985	0.05275	0.00543
7	0.00943	0.00471	0.00471	0.00471	0.00589	0.00471	0.00353	0.01178	0.01060	0.01885	0.01650	0.01885	0.01296	0.00589	0.00353	0.00118	0.00236	0.00471	0.85036	0.00471
8	0.18214	0.01296	0.01150	0.04464	0.06693	0.20203	0.00802	0.12909	0.03837	0.01758	0.01147	0.06489	0.01070	0.14173	0.00847	0.00211	0.03323	0.00499	0.00334	0.00582
9	0.01273	0.01185	0.01737	0.10251	0.44986	0.06236	0.03741	0.05001	0.07541	0.04254	0.03689	0.01580	0.05168	0.00554	0.00511	0.00155	0.00583	0.00507	0.00315	0.00734
10	0.00857	0.00620	0.00793	0.05819	0.00972	0.00661	0.00559	0.02891	0.05475	0.03881	0.06396	0.18101	0.02029	0.31761	0.11152	0.00374	0.03947	0.00795	0.00368	0.02552
11	0.00782	0.00557	0.00736	0.00723	0.00780	0.00631	0.00526	0.00907	0.00824	0.01217	0.01459	0.04834	0.01464	0.27212	0.36950	0.00555	0.07105	0.00612	0.11708	0.00416
12	0.01629	0.00986	0.01157	0.00867	0.01283	0.03367	0.00703	0.09544	0.01349	0.31337	0.01344	0.01317	0.00948	0.00499	0.00441	0.00116	0.00432	0.00396	0.00443	0.41844
13	0.01409	0.01129	0.01197	0.01025	0.01330	0.01281	0.00812	0.22851	0.51599	0.02391	0.03255	0.01740	0.01404	0.00665	0.00504	0.00163	0.00430	0.00541	0.05482	0.00791
14	0.01057	0.02396	0.68981	0.01461	0.03489	0.01142	0.05682	0.01606	0.01101	0.04075	0.03726	0.01203	0.00817	0.00501	0.00492	0.00160	0.00722	0.00410	0.00242	0.00739
15	0.10436	0.00968	0.03830	0.33513	0.12785	0.03343	0.01106	0.02486	0.02588	0.01511	0.01038	0.01418	0.00845	0.01158	0.16361	0.00289	0.00748	0.00446	0.04547	0.00583
16	0.00608	0.00471	0.00555	0.00622	0.00712	0.00418	0.00433	0.00713	0.01047	0.01323	0.03782	0.49086	0.35515	0.01455	0.00625	0.00191	0.00278	0.01280	0.00469	0.00418
17	0.00667	0.00507	0.00733	0.03137	0.03273	0.00485	0.02948	0.00777	0.00975	0.01303	0.02586	0.72286	0.03064	0.03811	0.00691	0.00210	0.00337	0.01332	0.00444	0.00433
18	0.03450	0.01060	0.01619	0.54258	0.13531	0.04925	0.04052	0.03839	0.01083	0.01435	0.00896	0.01282	0.00696	0.00520	0.00567	0.00166	0.05326	0.00444	0.00242	0.00609
19	0.02833	0.28618	0.25038	0.01279	0.05144	0.08679	0.05686	0.11329	0.01260	0.01641	0.00935	0.03672	0.00775	0.00516	0.00440	0.00141	0.00648	0.00395	0.00271	0.00699
20	0.01106	0.01106	0.01549	0.01328	0.01328	0.01549	0.01106	0.01217	0.00774	0.01217	0.00664	0.01106	0.00664	0.00885	0.01659	0.00221	0.81303	0.00443	0.00221	0.00553
21	0.01036	0.00678	0.03114	0.00877	0.01052	0.00615	0.00750	0.01290	0.03359	0.14006	0.12571	0.09610	0.02784	0.03718	0.00698	0.00213	0.00425	0.42172	0.00493	0.00539
22	0.04686	0.00829	0.01316	0.61013	0.02823	0.01007	0.01187	0.01209	0.01020	0.01373	0.05367	0.06597	0.04310	0.00743	0.03113	0.00192	0.01849	0.00556	0.00273	0.00538
23	0.06312	0.01038	0.01475	0.07792	0.06328	0.04879	0.15133	0.12869	0.02182	0.05993	0.01521	0.18197	0.01468	0.05666	0.00713	0.00193	0.03641	0.03615	0.00372	0.00613
24	0.01106	0.01106	0.01549	0.01328	0.01328	0.01549	0.01106	0.01217	0.00774	0.01217	0.00664	0.01106	0.00664	0.00885	0.01659	0.00221	0.81303	0.00443	0.00221	0.00553
25	0.00667	0.00515	0.00609	0.00585	0.00726	0.00456	0.00439	0.00860	0.01317	0.01756	0.48519	0.04225	0.35230	0.01135	0.00597	0.00164	0.00246	0.00977	0.00521	0.00456
26	0.01487	0.01527	0.01249	0.01153	0.04538	0.32854	0.00833	0.16606	0.01366	0.01576	0.01083	0.01626	0.01011	0.20834	0.03452	0.00252	0.07189	0.00474	0.00317	0.00574
27	0.02820	0.01067	0.01192	0.07004	0.02365	0.12252	0.00869	0.03019	0.01086	0.12405	0.01267	0.06289	0.01098	0.00934	0.05520	0.00211	0.24836	0.02596	0.12588	0.00582
28	0.00795	0.00634	0.00894	0.00853	0.00909	0.00770	0.00652	0.00926	0.00790	0.01142	0.01277	0.02095	0.01272	0.19173	0.50194	0.00640	0.15712	0.00563	0.00269	0.00441
29	0.01371	0.01107	0.01836	0.05237	0.61039	0.01095	0.01373	0.01654	0.01205	0.13474	0.04796	0.01446	0.01053	0.00507	0.00507	0.00152	0.00560	0.00481	0.00321	0.00787
30	0.00943	0.00471	0.00471	0.00471	0.00589	0.00471	0.00353	0.01178	0.01060	0.01885	0.01650	0.01885	0.01296	0.00589	0.00353	0.00118	0.00236	0.00471	0.85036	0.00471
31	0.01554	0.03883	0.01400	0.03428	0.03052	0.05324	0.02762	0.20050	0.21179	0.13810	0.01429	0.02352	0.01068	0.00625	0.00599	0.00156	0.07993	0.00480	0.00439	0.08417
32	0.00753	0.00573	0.00835	0.00893	0.03492	0.00559	0.05077	0.00890	0.00984	0.01308	0.02319	0.32620	0.04121	0.19275	0.04424	0.00296	0.00468	0.20276	0.00404	0.00433
33	0.00943	0.00471	0.00471	0.00471	0.00589	0.00471	0.00353	0.01178	0.01060	0.01885	0.01650	0.01885	0.01296	0.00589	0.00353	0.00118	0.00236	0.00471	0.85036	0.00471
34	0.04189	0.71927	0.04079	0.00905	0.01326	0.08056	0.00884	0.01554	0.01054	0.01238	0.00713	0.00825	0.00646	0.00442	0.00338	0.00113	0.00569	0.00277	0.00223	0.00643
35	0.00893	0.00593	0.00828	0.00921	0.01051	0.00585	0.00798	0.01119	0.01174	0.06086	0.02641	0.08186	0.02828	0.01358	0.00685	0.00227	0.00457	0.68606	0.00475	0.00487
36	0.01568	0.01240	0.01318	0.01092	0.01433	0.01402	0.00875	0.37509	0.42835	0.02615	0.01665	0.01573	0.01225	0.00649	0.00510	0.00162	0.00473	0.00517	0.00510	0.00828
37	0.01195	0.00550	0.00616	0.00561	0.00727	0.00527	0.00428	0.01409	0.01118	0.17285	0.01715	0.01936	0.01319	0.05396	0.00515	0.00147	0.00289	0.00494	0.63233	0.00539
38	0.01318	0.05889	0.17134	0.03861	0.01557	0.04555	0.00983	0.09041	0.07730	0.09617	0.01123	0.01198	0.00843	0.00485	0.00440	0.00124	0.00519	0.00379	0.00344	0.32859
39	0.03108	0.01235	0.01436	0.05989	0.09232	0.01369	0.00983	0.41624	0.19964	0.05316	0.01392	0.01417	0.01024	0.00692	0.02747	0.00176	0.00546	0.00483	0.00460	0.00806
40	0.01284	0.00943	0.03343	0.04227	0.01368	0.00752	0.02597	0.03870	0.01169	0.16376	0.01238	0.03842	0.00995	0.00511	0.00437	0.00111	0.00426	0.02951	0.00372	0.53189
41	0.03340	0.01042	0.01235	0.00972	0.01334	0.01054	0.00796	0.30161	0.04962	0.37761	0.01835	0.01723	0.05670	0.00824	0.04716	0.00191	0.00514	0.00522	0.00543	0.00805
42	0.06982	0.01120	0.01310	0.01045	0.01386	0.05297	0.05285	0.22936	0.06980	0.28771	0.01747	0.05204	0.05501	0.00686	0.00549	0.00161	0.03238	0.00550	0.00495	0.00757
43	0.00621	0.00443	0.00591	0.00701	0.00734	0.00414	0.00470	0.00715	0.00989	0.01324	0.06178	0.78414	0.03408	0.01560	0.00643	0.00203	0.00291	0.01414	0.00473	0.00414
44	0.01896	0.00921	0.01144	0.00911	0.01254	0.00890	0.00741	0.13372	0.10684	0.48432	0.08893	0.01861	0.01552	0.00666	0.00510	0.00156	0.00419	0.00544	0.04354	0.00801
45	0.01251	0.01196	0.01700	0.04531	0.28021	0.06724	0.10322	0.01806	0.20217	0.03871	0.03640	0.02689	0.03764	0.00614	0.00617	0.00165	0.07272	0.00538	0.00344	0.00717
46	0.01106	0.01106	0.01549	0.01328	0.01328	0.01549	0.01106	0.01217	0.00774	0.01217	0.00664	0.01106	0.00664	0.00885	0.01659	0.00221	0.81303	0.00443	0.00221	0.00553
47	0.00708	0.00528	0.00611	0.00589	0.00744	0.00463	0.00447	0.00888	0.01279	0.04219	0.35670	0.04333	0.43225	0.01160	0.00597	0.00167	0.00261	0.03139	0.00511	0.00463
48	0.00932	0.00868	0.01455	0.75648	0.03299	0.01076	0.01342	0.01253	0.01008	0.01292	0.01025	0.06730	0.00853	0.00578	0.00515	0.00171	0.00649	0.00515	0.00241	0.00552
49	0.00819	0.00689	0.00850	0.00834	0.00926	0.06428	0.00636	0.00979	0.00879	0.01201	0.04596	0.03507	0.01434	0.10100	0.60242	0.00677	0.03893	0.00571	0.00287	0.00453
50	0.01030	0.00917	0.01538	0.72440	0.08437	0.01113	0.01386	0.01359	0.01039	0.04605	0.00948	0.01357	0.00707	0.00507	0.00505	0.00167	0.00659	0.00452	0.00243	0.00590
51	0.01106	0.01106	0.01549	0.01328	0.01328	0.01549	0.01106	0.01217	0.00774	0.01217	0.00664	0.01106	0.00664	0.00885	0.01659	0.00221	0.81303	0.00443	0.00221	0.00553
52	0.00713	0.00527	0.00663	0.00717	0.00805	0.00505	0.00517	0.03389	0.03727	0.01536	0.16226	0.48743	0.11230	0.01379	0.00627	0.00193	0.00306	0.07254	0.00487	0.00456
53	0.01475	0.11816	0.05528	0.04755	0.15407	0.07116	0.01028	0.17183	0.07043	0.08909	0.03371	0.01292	0.00972	0.00529	0.00463	0.00138	0.00548	0.00423	0.00364	0.11639
54	0.01246	0.15607	0.17313	0.05299	0.03778	0.01217	0.01047	0.04816	0.16090	0.09591	0.04253	0.01636	0.05672	0.00761	0.04081	0.00183	0.03958	0.00486	0.00360	0.02606

[dist]
# distance from previous block
# <min> <max>
0	3

[block]
# block no. 10 follows, 49 sequences, length 27
# corresponding to MSA columns:
# 922-948
name=unknown_K
#
# <colnr> <probs for GDERKNQSTAVLIFYWHMCP>
#	G	D	E	R	K	N	Q	S	T	A	V	L	I	F	Y	W	H	M	C	P
0	0.01146	0.01033	0.01727	0.39832	0.37317	0.01127	0.01415	0.01456	0.01093	0.04676	0.00967	0.01309	0.00758	0.00481	0.00499	0.00156	0.00620	0.00447	0.00255	0.03683
1	0.02870	0.01005	0.01133	0.00883	0.01253	0.03179	0.01923	0.10082	0.10204	0.03333	0.01206	0.06297	0.01025	0.00546	0.00475	0.00115	0.03282	0.00437	0.01393	0.49357
2	0.00788	0.00586	0.00718	0.00688	0.00692	0.00657	0.00449	0.00815	0.00754	0.01038	0.01493	0.06419	0.01703	0.63391	0.04838	0.00446	0.13157	0.00715	0.00299	0.00354
3	0.04855	0.01069	0.01646	0.05445	0.39773	0.01019	0.03761	0.02860	0.01182	0.14515	0.01107	0.01277	0.00848	0.00469	0.00472	0.00137	0.00528	0.00427	0.00328	0.18280
4	0.00943	0.00471	0.00471	0.00471	0.00589	0.00471	0.00353	0.01178	0.01060	0.01885	0.01650	0.01885	0.01296	0.00589	0.00353	0.00118	0.00236	0.00471	0.85036	0.00471
