[name]
unknown

[dist]
# distance from previous block
# <min> <max>
17	133

[block]
# block no. 0 follows, 56 sequences, length 147
# corresponding to MSA columns:
# 162-270,280-302,304-318
name=unknown_A
#
# <colnr> <probs for GDERKNQSTAVLIFYWHMCP>
#	G	D	E	R	K	N	Q	S	T	A	V	L	I	F	Y	W	H	M	C	P
0	0.12471	0.00916	0.01168	0.06243	0.09774	0.01936	0.04851	0.12621	0.10629	0.08993	0.03934	0.07817	0.02677	0.00659	0.00507	0.00152	0.03964	0.06145	0.00369	0.04173
1	0.03668	0.08825	0.03078	0.00967	0.04195	0.03670	0.02088	0.30427	0.06050	0.07742	0.08072	0.01391	0.03369	0.00543	0.00430	0.00126	0.00445	0.00429	0.00387	0.14098
2	0.02235	0.30648	0.47188	0.01109	0.01651	0.07226	0.01306	0.01453	0.00978	0.01309	0.00749	0.00875	0.00584	0.00424	0.00384	0.00127	0.00620	0.00302	0.00199	0.00634
3	0.00691	0.04688	0.00799	0.00832	0.09535	0.00568	0.00546	0.00851	0.01081	0.01444	0.29019	0.21388	0.23169	0.01022	0.00549	0.00155	0.01910	0.00890	0.00415	0.00449
4	0.07365	0.00886	0.01127	0.00827	0.01221	0.00753	0.07917	0.05222	0.03162	0.07151	0.00925	0.01034	0.00724	0.00385	0.00373	0.00092	0.00394	0.00322	0.00304	0.59816
5	0.01473	0.01037	0.01303	0.00976	0.01356	0.01011	0.08048	0.32974	0.03395	0.15770	0.02517	0.01205	0.00881	0.00486	0.00434	0.00120	0.00454	0.00402	0.00403	0.25754
6	0.00951	0.19617	0.57085	0.01118	0.01687	0.01163	0.01377	0.01363	0.00969	0.01354	0.01141	0.01241	0.08064	0.00495	0.00416	0.00136	0.00597	0.00378	0.00216	0.00632
7	0.00653	0.00480	0.00668	0.00668	0.00735	0.00534	0.00493	0.00776	0.00737	0.01033	0.01451	0.02217	0.05229	0.22295	0.59200	0.00640	0.00995	0.00557	0.00263	0.00378
8	0.00795	0.00530	0.04689	0.00685	0.00741	0.00472	0.02600	0.00689	0.00645	0.00879	0.00851	0.01416	0.00824	0.01715	0.10808	0.70269	0.00517	0.00410	0.00205	0.00258
9	0.01191	0.01281	0.01485	0.01246	0.01361	0.18523	0.08209	0.05178	0.00945	0.01234	0.00760	0.01060	0.02189	0.00689	0.01114	0.00175	0.52197	0.00404	0.00229	0.00531
10	0.00618	0.00477	0.00525	0.00528	0.00674	0.00412	0.00404	0.00752	0.01070	0.03876	0.11352	0.08906	0.60226	0.01147	0.00550	0.00160	0.00254	0.07227	0.00438	0.00406
11	0.01048	0.01168	0.02488	0.15362	0.02526	0.01138	0.66367	0.01421	0.01056	0.01421	0.00910	0.01236	0.00683	0.00399	0.00528	0.00154	0.00747	0.00520	0.00228	0.00601
12	0.01123	0.01077	0.01839	0.06790	0.77135	0.01087	0.01402	0.01397	0.01039	0.01484	0.00861	0.01141	0.00721	0.00412	0.00455	0.00137	0.00549	0.00409	0.00226	0.00716
13	0.00559	0.00400	0.00533	0.00639	0.00666	0.00373	0.00426	0.00639	0.00879	0.01172	0.02530	0.83566	0.03036	0.01438	0.00586	0.00186	0.00266	0.01305	0.00426	0.00373
14	0.00609	0.00470	0.00558	0.00552	0.00677	0.00419	0.00420	0.00779	0.01163	0.01536	0.40916	0.06404	0.36084	0.01071	0.00550	0.00155	0.00240	0.06520	0.00464	0.00412
15	0.01123	0.01078	0.01840	0.06660	0.77261	0.01087	0.01403	0.01398	0.01039	0.01484	0.00861	0.01140	0.00722	0.00411	0.00455	0.00137	0.00549	0.00409	0.00226	0.00717
16	0.00702	0.00542	0.00815	0.00904	0.08258	0.00607	0.00617	0.00857	0.00758	0.01085	0.01221	0.01883	0.01170	0.12664	0.65019	0.00647	0.01073	0.00505	0.00248	0.00424
17	0.00705	0.00513	0.00642	0.00692	0.00821	0.00483	0.00573	0.00894	0.02505	0.03766	0.05296	0.09156	0.30380	0.01199	0.00588	0.00185	0.00339	0.40409	0.00432	0.00424
18	0.01123	0.01077	0.01839	0.06790	0.77135	0.01087	0.01402	0.01397	0.01039	0.01484	0.00861	0.01141	0.00721	0.00412	0.00455	0.00137	0.00549	0.00409	0.00226	0.00716
19	0.01810	0.00804	0.01043	0.00810	0.01152	0.00720	0.00662	0.05284	0.06726	0.61229	0.05615	0.01590	0.01256	0.00568	0.00455	0.00136	0.00380	0.00464	0.00526	0.08769
20	0.79179	0.00878	0.00711	0.00624	0.00914	0.00997	0.00514	0.01432	0.00831	0.09450	0.00749	0.00822	0.00557	0.00439	0.00301	0.00142	0.00358	0.00268	0.00311	0.00524
21	0.01679	0.08161	0.01382	0.01154	0.01402	0.76177	0.00880	0.01800	0.01274	0.01120	0.00704	0.00821	0.00591	0.00467	0.00405	0.00117	0.00803	0.00292	0.00234	0.00536
22	0.01068	0.01310	0.08403	0.01856	0.02334	0.01139	0.71563	0.01461	0.01072	0.01470	0.00918	0.01211	0.00688	0.00389	0.00529	0.00152	0.00755	0.00520	0.00230	0.02931
23	0.01150	0.00965	0.01029	0.00912	0.01167	0.01101	0.00712	0.09152	0.65871	0.02000	0.09156	0.01819	0.01619	0.00646	0.00473	0.00153	0.00362	0.00539	0.00470	0.00704
24	0.01887	0.00945	0.08562	0.00871	0.01250	0.00745	0.00774	0.02179	0.07029	0.68086	0.01723	0.01518	0.01104	0.00560	0.00460	0.00143	0.00415	0.00454	0.00526	0.00768
25	0.01142	0.00986	0.01038	0.00934	0.01194	0.01142	0.00727	0.02440	0.80172	0.01920	0.01869	0.01713	0.01401	0.00623	0.00467	0.00156	0.00363	0.00519	0.00467	0.00727
26	0.00789	0.00592	0.00743	0.08318	0.01038	0.00595	0.00596	0.01118	0.11165	0.05470	0.21825	0.04533	0.24653	0.00968	0.00539	0.00163	0.00326	0.15653	0.00436	0.00479
27	0.00730	0.00546	0.00655	0.00603	0.00745	0.00517	0.00461	0.08152	0.01321	0.01801	0.55541	0.03456	0.20493	0.00957	0.00536	0.00147	0.00251	0.02151	0.00483	0.00456
28	0.01779	0.00972	0.01156	0.00908	0.01238	0.00983	0.00740	0.36782	0.01653	0.38617	0.01560	0.09002	0.01154	0.00642	0.00472	0.00144	0.00431	0.00519	0.00506	0.00743
29	0.00561	0.00401	0.00535	0.00638	0.00666	0.00374	0.00426	0.00644	0.00888	0.01187	0.04290	0.81764	0.03066	0.01427	0.00585	0.00186	0.00265	0.01294	0.00428	0.00374
30	0.01175	0.00752	0.08196	0.00643	0.00874	0.00619	0.00568	0.07709	0.01138	0.17953	0.02802	0.01592	0.01134	0.00541	0.00375	0.00121	0.00317	0.00432	0.52509	0.00552
31	0.00865	0.00500	0.00620	0.00724	0.08103	0.00488	0.00467	0.01049	0.00966	0.05508	0.01720	0.22722	0.01612	0.00757	0.00409	0.00132	0.00267	0.00654	0.51978	0.00459
32	0.00575	0.00410	0.00550	0.00657	0.00690	0.00386	0.00453	0.00666	0.00894	0.01189	0.02522	0.76919	0.03003	0.01424	0.00590	0.00189	0.00280	0.07801	0.00426	0.00377
33	0.01120	0.00971	0.01626	0.05969	0.58157	0.00965	0.03197	0.01383	0.01096	0.07350	0.12351	0.01502	0.01266	0.00498	0.00470	0.00139	0.00496	0.00476	0.00291	0.00676
34	0.01233	0.70769	0.02322	0.01025	0.08667	0.04773	0.03233	0.01398	0.00962	0.01133	0.00671	0.00792	0.00605	0.00397	0.00322	0.00104	0.00517	0.00272	0.00202	0.00601
35	0.00809	0.00770	0.03636	0.00957	0.01049	0.01831	0.04459	0.00967	0.00754	0.01103	0.01005	0.01535	0.00950	0.05808	0.45363	0.00499	0.27356	0.00466	0.00230	0.00454
36	0.01222	0.71069	0.09467	0.00892	0.02833	0.05719	0.00885	0.01405	0.00957	0.01124	0.00663	0.00770	0.00591	0.00401	0.00316	0.00104	0.00526	0.00260	0.00199	0.00597
37	0.00571	0.00404	0.00529	0.00625	0.00649	0.00380	0.00411	0.00642	0.00857	0.01143	0.02417	0.75166	0.02894	0.10033	0.00769	0.00213	0.00285	0.01239	0.00411	0.00363
38	0.01202	0.04214	0.01229	0.07698	0.08815	0.06289	0.00867	0.11951	0.41511	0.01817	0.01520	0.01748	0.01220	0.00618	0.00469	0.00152	0.00458	0.07157	0.00394	0.00672
39	0.01288	0.10208	0.01368	0.01112	0.07074	0.13825	0.04505	0.18287	0.22016	0.01793	0.05469	0.03726	0.06138	0.00604	0.00453	0.00139	0.00495	0.00490	0.00370	0.00642
40	0.01000	0.06731	0.31086	0.13602	0.07980	0.02718	0.17999	0.01379	0.00996	0.01392	0.00855	0.01114	0.00660	0.00427	0.00447	0.00138	0.00633	0.01420	0.00218	0.09206
41	0.00860	0.01910	0.06704	0.00880	0.08370	0.00666	0.00665	0.06471	0.03720	0.05608	0.19381	0.03071	0.31819	0.00877	0.00523	0.00149	0.01351	0.04471	0.00409	0.02092
42	0.01278	0.01442	0.00994	0.00914	0.01120	0.44312	0.00688	0.01502	0.07685	0.03721	0.09273	0.03695	0.20096	0.00715	0.00466	0.00135	0.00567	0.00549	0.00339	0.00509
43	0.01002	0.01098	0.02287	0.13136	0.02316	0.01074	0.59192	0.01344	0.01037	0.01394	0.01118	0.06474	0.03262	0.00496	0.00556	0.00158	0.02651	0.00580	0.00246	0.00579
44	0.05265	0.08553	0.02554	0.16566	0.13182	0.00911	0.00863	0.05137	0.02133	0.05718	0.01348	0.08585	0.02897	0.07772	0.06577	0.00218	0.01628	0.07815	0.01747	0.00533
45	0.01852	0.00750	0.00996	0.00781	0.01105	0.00659	0.00639	0.03460	0.02372	0.68358	0.03883	0.02908	0.07081	0.00632	0.00468	0.00143	0.00371	0.00518	0.02293	0.00731
46	0.00581	0.00473	0.00515	0.00524	0.00665	0.00411	0.00404	0.00717	0.01066	0.01311	0.12142	0.04382	0.61677	0.02831	0.00590	0.00167	0.00259	0.10460	0.00431	0.00394
47	0.00955	0.01001	0.03412	0.14896	0.10831	0.00982	0.35553	0.02240	0.01047	0.01416	0.07077	0.03557	0.07463	0.02536	0.00597	0.00161	0.03750	0.01690	0.00272	0.00564
48	0.02321	0.45954	0.32561	0.01025	0.03047	0.01448	0.01137	0.01448	0.00966	0.05231	0.00772	0.00875	0.00615	0.00419	0.00360	0.00120	0.00557	0.00295	0.00216	0.00634
49	0.00794	0.00621	0.00697	0.00682	0.00853	0.00617	0.00550	0.08322	0.10854	0.01542	0.04977	0.03875	0.38308	0.01043	0.00543	0.00167	0.00324	0.21591	0.03163	0.00478
50	0.84346	0.00894	0.00713	0.00675	0.03462	0.01032	0.00526	0.01351	0.00790	0.02042	0.00646	0.00758	0.00505	0.00426	0.00290	0.00142	0.00361	0.00254	0.00282	0.00505
51	0.87108	0.00888	0.00675	0.00604	0.00888	0.01030	0.00497	0.01350	0.00781	0.02060	0.00639	0.00746	0.00497	0.00426	0.00284	0.00142	0.00355	0.00249	0.00284	0.00497
52	0.00596	0.00442	0.00572	0.00650	0.00703	0.00431	0.00449	0.00747	0.04817	0.01204	0.02531	0.66108	0.08448	0.01565	0.08172	0.00234	0.00359	0.01166	0.00411	0.00395
53	0.00946	0.06811	0.69606	0.01270	0.01869	0.01140	0.01581	0.01417	0.00942	0.01401	0.00793	0.00960	0.00584	0.00468	0.00528	0.00148	0.08346	0.00340	0.00195	0.00657
54	0.00610	0.00454	0.00549	0.00559	0.00666	0.00406	0.00406	0.00757	0.01104	0.02606	0.33521	0.24760	0.29650	0.01140	0.00552	0.00159	0.00238	0.00996	0.00459	0.00407
55	0.00562	0.00401	0.00536	0.00642	0.00670	0.00375	0.00431	0.00644	0.00882	0.01175	0.02529	0.82397	0.03031	0.01436	0.00587	0.00187	0.00269	0.02447	0.00426	0.00374
56	0.00755	0.00506	0.00614	0.00569	0.00719	0.00453	0.00433	0.00954	0.02638	0.09054	0.46761	0.03552	0.29321	0.00973	0.00533	0.00148	0.00241	0.00836	0.00484	0.00456
57	0.01715	0.02188	0.01301	0.01183	0.01419	0.82022	0.00887	0.01833	0.01301	0.01124	0.00710	0.00828	0.00591	0.00473	0.00414	0.00118	0.00828	0.00296	0.00237	0.00532
58	0.00598	0.00456	0.00556	0.00625	0.00695	0.00432	0.00432	0.00775	0.06693	0.01241	0.02921	0.61231	0.19003	0.01322	0.00568	0.00178	0.00266	0.01178	0.00429	0.00402
59	0.00559	0.00400	0.00533	0.00639	0.00666	0.00373	0.00426	0.00639	0.00879	0.01172	0.02530	0.83566	0.03036	0.01438	0.00586	0.00186	0.00266	0.01305	0.00426	0.00373
60	0.07222	0.02147	0.68173	0.01398	0.09274	0.01066	0.01582	0.01442	0.00963	0.01502	0.00814	0.00969	0.00589	0.00433	0.00427	0.00144	0.00643	0.00339	0.00204	0.00670
61	0.02474	0.00844	0.00893	0.00800	0.01023	0.00947	0.00623	0.08132	0.48779	0.01950	0.09219	0.01812	0.01570	0.00626	0.00440	0.00143	0.00330	0.00517	0.18243	0.00638
62	0.01341	0.09703	0.03453	0.14232	0.19366	0.30731	0.07773	0.04430	0.01155	0.02474	0.00805	0.01008	0.00648	0.00445	0.00432	0.00130	0.00672	0.00362	0.00237	0.00601
63	0.01203	0.62579	0.10643	0.00875	0.01268	0.01643	0.00888	0.07045	0.01026	0.01278	0.03264	0.00888	0.00723	0.00447	0.00390	0.00113	0.04603	0.00294	0.00225	0.00603
64	0.00782	0.01743	0.00726	0.00691	0.00827	0.04609	0.00517	0.02298	0.07053	0.03479	0.05495	0.28263	0.20908	0.02679	0.08188	0.00218	0.03062	0.02694	0.00389	0.05378
65	0.01142	0.08894	0.05737	0.02281	0.58894	0.04042	0.01258	0.02412	0.01043	0.01471	0.00877	0.01116	0.00731	0.00428	0.00446	0.00132	0.01921	0.00387	0.06105	0.00681
66	0.00856	0.00428	0.00428	0.00428	0.00535	0.00428	0.00321	0.01070	0.00963	0.01712	0.01498	0.01712	0.01177	0.00535	0.00321	0.00107	0.00214	0.00428	0.86414	0.00428
67	0.01001	0.01030	0.01618	0.15696	0.16896	0.08475	0.23220	0.01281	0.01947	0.01398	0.06434	0.01795	0.12394	0.00566	0.00489	0.00145	0.00567	0.00544	0.03942	0.00561
68	0.00801	0.00742	0.00857	0.08441	0.01088	0.09681	0.02489	0.01898	0.00963	0.01233	0.07646	0.44804	0.04619	0.02837	0.00684	0.00177	0.09326	0.00924	0.00358	0.00431
69	0.74314	0.00872	0.00734	0.00636	0.00931	0.00976	0.00524	0.01483	0.00861	0.13983	0.00816	0.00869	0.00593	0.00448	0.00311	0.00142	0.00360	0.00281	0.00327	0.00540
70	0.07878	0.01019	0.01160	0.00913	0.01256	0.01062	0.00749	0.33429	0.11568	0.33941	0.01448	0.01337	0.00981	0.00558	0.00449	0.00142	0.00431	0.00434	0.00491	0.00754
71	0.00559	0.00400	0.00533	0.00639	0.00666	0.00373	0.00426	0.00639	0.00879	0.01172	0.02530	0.83566	0.03036	0.01438	0.00586	0.00186	0.00266	0.01305	0.00426	0.00373
72	0.02502	0.08793	0.03230	0.07046	0.04921	0.02417	0.07853	0.20400	0.10128	0.20207	0.01321	0.01354	0.02522	0.00668	0.04419	0.00169	0.00532	0.00441	0.00389	0.00685
73	0.00690	0.00510	0.00631	0.00592	0.00721	0.00482	0.00447	0.00972	0.07015	0.02805	0.64153	0.03408	0.13953	0.00940	0.00535	0.00147	0.00232	0.00821	0.00493	0.00453
74	0.00565	0.00409	0.00535	0.00634	0.00673	0.00380	0.00432	0.00652	0.00898	0.01184	0.02681	0.74982	0.08691	0.01412	0.00585	0.00185	0.00270	0.04033	0.00426	0.00376
75	0.01151	0.00941	0.03562	0.04533	0.17180	0.04893	0.00838	0.16030	0.06093	0.08369	0.01622	0.25429	0.03057	0.00789	0.00490	0.00152	0.00436	0.00687	0.03144	0.00602
76	0.01056	0.15259	0.31801	0.05141	0.11575	0.03621	0.15592	0.01415	0.01020	0.03081	0.03942	0.02733	0.00828	0.00461	0.00442	0.00138	0.00618	0.00412	0.00232	0.00634
77	0.00591	0.00458	0.00546	0.00598	0.00703	0.00413	0.00454	0.00719	0.01008	0.01269	0.06391	0.28319	0.38879	0.01258	0.00574	0.00175	0.00280	0.16543	0.00428	0.00392
78	0.04731	0.01050	0.01134	0.00922	0.01232	0.01145	0.00745	0.38944	0.23349	0.10776	0.04101	0.01619	0.06921	0.00625	0.00464	0.00145	0.00420	0.00495	0.00465	0.00716
79	0.03703	0.00951	0.01400	0.03862	0.08227	0.02441	0.16725	0.08917	0.14929	0.04848	0.01347	0.12721	0.01189	0.00825	0.06168	0.00189	0.03049	0.00570	0.00339	0.07600
80	0.01479	0.01464	0.01149	0.01004	0.01241	0.36537	0.00786	0.17817	0.04087	0.06709	0.01388	0.01569	0.08306	0.00628	0.00513	0.00138	0.05604	0.04270	0.04731	0.00581
81	0.02482	0.00943	0.10573	0.02953	0.09362	0.00803	0.00801	0.09698	0.07514	0.03699	0.06158	0.13077	0.15909	0.02370	0.02027	0.00168	0.03071	0.02961	0.00364	0.05068
82	0.05378	0.29256	0.33385	0.01021	0.01484	0.07145	0.02888	0.01421	0.01016	0.03938	0.08232	0.01125	0.00951	0.00474	0.00393	0.00128	0.00561	0.00355	0.00244	0.00608
83	0.00678	0.00539	0.00625	0.00645	0.00777	0.00523	0.00497	0.00984	0.12261	0.01415	0.11906	0.18491	0.32655	0.01131	0.00556	0.00170	0.00290	0.14972	0.00440	0.00444
84	0.01015	0.00912	0.01636	0.55749	0.08996	0.01026	0.15493	0.01323	0.00987	0.07094	0.00913	0.01244	0.00675	0.00450	0.00474	0.00151	0.00620	0.00436	0.00238	0.00567
85	0.00936	0.00887	0.01473	0.48176	0.28885	0.01007	0.01246	0.01213	0.00965	0.01285	0.01106	0.01422	0.06495	0.00502	0.00488	0.00149	0.02514	0.00449	0.00228	0.00573
86	0.02333	0.01028	0.06093	0.02894	0.07658	0.07435	0.00826	0.07231	0.18562	0.04993	0.01346	0.09043	0.01162	0.01046	0.11814	0.00233	0.09194	0.00516	0.06009	0.00587
87	0.00584	0.00445	0.00537	0.00578	0.00670	0.00401	0.00418	0.00709	0.01024	0.01328	0.17692	0.34137	0.30688	0.02723	0.00597	0.00174	0.00259	0.06207	0.00438	0.00391
88	0.00838	0.00657	0.00721	0.00666	0.00854	0.00666	0.00511	0.01381	0.27900	0.05186	0.21362	0.03144	0.32511	0.00901	0.00513	0.00152	0.00280	0.00762	0.00465	0.00531
89	0.01298	0.55868	0.11937	0.00938	0.01332	0.19503	0.00921	0.01486	0.01019	0.01136	0.00677	0.00786	0.00589	0.00416	0.00339	0.00108	0.00589	0.00268	0.00205	0.00588
90	0.00608	0.00435	0.00574	0.00666	0.00708	0.00417	0.00462	0.02780	0.00921	0.01227	0.02445	0.72991	0.02892	0.02515	0.02205	0.00201	0.00305	0.06840	0.00421	0.00387
91	0.69113	0.15825	0.00997	0.00643	0.00949	0.01160	0.00554	0.01381	0.00825	0.04292	0.00675	0.00769	0.00533	0.00424	0.00291	0.00134	0.00381	0.00255	0.00277	0.00522
92	0.30158	0.00674	0.00685	0.00603	0.00836	0.00672	0.00480	0.01254	0.01053	0.18256	0.14946	0.02423	0.24785	0.00754	0.00438	0.00146	0.00304	0.00598	0.00420	0.00514
93	0.00637	0.00488	0.00558	0.00547	0.00684	0.00437	0.00410	0.00829	0.03927	0.03142	0.30192	0.09708	0.43247	0.01077	0.00543	0.00154	0.00241	0.02298	0.00458	0.00423
94	0.01195	0.02325	0.03558	0.00871	0.01234	0.00870	0.03208	0.08609	0.14848	0.05452	0.01230	0.01364	0.00976	0.00510	0.00429	0.00120	0.00411	0.01367	0.06642	0.44779
95	0.00812	0.00747	0.06623	0.00734	0.00945	0.00600	0.00592	0.09717	0.01058	0.01468	0.01973	0.43524	0.07025	0.00986	0.00499	0.00148	0.00339	0.00867	0.00376	0.20967
96	0.00562	0.00409	0.00530	0.00620	0.00662	0.00377	0.00419	0.00651	0.00914	0.01208	0.06149	0.72411	0.10619	0.01390	0.00580	0.00182	0.00261	0.01252	0.00430	0.00377
97	0.00620	0.00483	0.00557	0.00536	0.00670	0.00431	0.00402	0.02511	0.01183	0.01553	0.39721	0.06641	0.40929	0.01055	0.00542	0.00151	0.00232	0.00904	0.00464	0.00417
98	0.08226	0.13300	0.11835	0.05481	0.08984	0.06146	0.16529	0.09867	0.01155	0.07400	0.03380	0.01173	0.01944	0.00475	0.00456	0.00138	0.02190	0.00408	0.00284	0.00629
99	0.00735	0.00656	0.00666	0.00705	0.00808	0.09427	0.00525	0.00893	0.03389	0.01233	0.03995	0.34807	0.19763	0.01401	0.08155	0.00225	0.00434	0.11374	0.00391	0.00416
100	0.00565	0.00404	0.00540	0.00646	0.00675	0.00378	0.00436	0.00650	0.00885	0.01179	0.02527	0.80988	0.03023	0.01433	0.00588	0.00187	0.00271	0.03825	0.00426	0.00375
101	0.02581	0.01285	0.08842	0.03548	0.24887	0.10278	0.01041	0.21731	0.05061	0.05084	0.01052	0.01184	0.00804	0.00537	0.01810	0.00144	0.00544	0.00399	0.08513	0.00674
102	0.03877	0.17000	0.11659	0.08693	0.01512	0.01338	0.03390	0.12486	0.01033	0.01452	0.00850	0.02253	0.02017	0.00660	0.02589	0.00168	0.27802	0.00390	0.00248	0.00579
103	0.01077	0.00886	0.01083	0.04856	0.01272	0.00765	0.03181	0.12847	0.01138	0.03055	0.00932	0.03537	0.00772	0.00416	0.00380	0.00090	0.00391	0.00343	0.00305	0.62673
104	0.04198	0.00990	0.11864	0.00863	0.01199	0.00782	0.00790	0.11983	0.01284	0.37337	0.03412	0.05244	0.08667	0.00777	0.02956	0.00168	0.00448	0.05920	0.00454	0.00662
105	0.01102	0.00895	0.01340	0.41589	0.15827	0.02051	0.01094	0.08345	0.03504	0.08890	0.01161	0.05407	0.02993	0.00538	0.00463	0.00146	0.00530	0.00471	0.00292	0.03362
106	0.01197	0.60254	0.14563	0.00980	0.01414	0.06247	0.07166	0.01421	0.00972	0.01171	0.00694	0.00817	0.00597	0.00404	0.00343	0.00111	0.00562	0.00286	0.00201	0.00602
107	0.00569	0.00427	0.00523	0.00581	0.00651	0.00386	0.00402	0.00672	0.00967	0.01261	0.12386	0.50340	0.23867	0.03954	0.00625	0.00181	0.00257	0.01138	0.00431	0.00381
108	0.01047	0.01134	0.02310	0.05053	0.17479	0.01085	0.54526	0.01401	0.02097	0.01454	0.01195	0.01456	0.06548	0.00454	0.00521	0.00151	0.00679	0.00542	0.00247	0.00620
109	0.00854	0.00612	0.00689	0.02565	0.00863	0.00592	0.00500	0.03546	0.13671	0.08969	0.14561	0.03340	0.40607	0.00937	0.00514	0.00152	0.00288	0.03022	0.03216	0.00502
110	0.00651	0.00486	0.00628	0.00704	0.00766	0.00487	0.00510	0.00869	0.08312	0.01297	0.05583	0.59939	0.02838	0.01307	0.00596	0.00186	0.01685	0.12310	0.00429	0.00418
111	0.01720	0.00850	0.01056	0.00843	0.01158	0.00826	0.00684	0.13155	0.13410	0.49304	0.10408	0.01725	0.01478	0.00615	0.00471	0.00144	0.00384	0.00504	0.00530	0.00735
112	0.04453	0.00768	0.01008	0.00792	0.01113	0.00693	0.00648	0.04559	0.03427	0.64521	0.11397	0.01755	0.01503	0.00610	0.00466	0.00143	0.00371	0.00500	0.00546	0.00729
113	0.00954	0.03471	0.61855	0.01275	0.01845	0.06082	0.07170	0.01402	0.00989	0.01402	0.00980	0.08677	0.00820	0.00528	0.00454	0.00147	0.00653	0.00440	0.00221	0.00635
114	0.01031	0.00889	0.00932	0.00847	0.01087	0.01002	0.00656	0.02109	0.65478	0.01794	0.02385	0.02215	0.16149	0.00723	0.00481	0.00156	0.00339	0.00603	0.00460	0.00664
115	0.00597	0.00460	0.00554	0.00614	0.00717	0.00418	0.00470	0.00725	0.00996	0.01252	0.03429	0.29710	0.36809	0.01276	0.00579	0.00179	0.00290	0.20108	0.00425	0.00392
116	0.03664	0.06903	0.01173	0.00838	0.01167	0.00863	0.00699	0.11299	0.01320	0.56816	0.01550	0.01452	0.01037	0.01926	0.05157	0.00178	0.02301	0.00439	0.00491	0.00726
117	0.01429	0.01701	0.01287	0.01116	0.01357	0.53373	0.08104	0.05579	0.01292	0.01325	0.08562	0.01498	0.09330	0.00588	0.00466	0.00130	0.01598	0.00446	0.00292	0.00529
118	0.00629	0.00471	0.00577	0.00585	0.00687	0.00435	0.00434	0.00803	0.02438	0.01488	0.36677	0.15292	0.22258	0.07134	0.00686	0.00181	0.00266	0.08102	0.00450	0.00406
119	0.13601	0.00800	0.00993	0.00781	0.01114	0.00746	0.00642	0.04374	0.03119	0.62816	0.01618	0.01447	0.01046	0.00548	0.00431	0.00141	0.00381	0.00431	0.04245	0.00726
120	0.00977	0.01200	0.15000	0.19077	0.27075	0.01010	0.15843	0.01308	0.01006	0.01393	0.01053	0.05231	0.00922	0.00532	0.00488	0.00153	0.00602	0.06275	0.00241	0.00614
121	0.00651	0.00534	0.00723	0.00674	0.00821	0.00488	0.06187	0.00852	0.02986	0.01468	0.27907	0.12337	0.33115	0.01062	0.00554	0.00160	0.00292	0.08323	0.00438	0.00429
122	0.00997	0.00935	0.01569	0.55912	0.13637	0.01084	0.08534	0.07440	0.01045	0.01381	0.00851	0.01199	0.00649	0.00460	0.00489	0.00151	0.02446	0.00421	0.00230	0.00571
123	0.00999	0.00933	0.01559	0.09846	0.58212	0.00946	0.01204	0.01239	0.01006	0.01408	0.01238	0.14958	0.03249	0.00605	0.00479	0.00147	0.00497	0.00573	0.00264	0.00639
124	0.14116	0.00849	0.01030	0.00813	0.01151	0.00818	0.00668	0.07631	0.07832	0.57824	0.01598	0.01426	0.01042	0.00551	0.00437	0.00143	0.00391	0.00433	0.00511	0.00736
125	0.00867	0.00804	0.01348	0.80261	0.03082	0.01002	0.01246	0.01170	0.00919	0.01189	0.00837	0.01239	0.00629	0.00461	0.00455	0.00152	0.00600	0.00409	0.02823	0.00508
126	0.01126	0.08801	0.01787	0.05976	0.60392	0.01150	0.01262	0.01493	0.09200	0.01487	0.00972	0.01235	0.00813	0.00447	0.00444	0.00137	0.00522	0.01802	0.00252	0.00699
127	0.00821	0.00897	0.08755	0.01069	0.01291	0.00793	0.20911	0.01030	0.00907	0.02381	0.01743	0.13500	0.12396	0.11973	0.10135	0.00268	0.09675	0.00684	0.00292	0.00479
128	0.00622	0.00460	0.00524	0.00513	0.00629	0.00413	0.00374	0.00773	0.01098	0.01476	0.33455	0.05559	0.35569	0.08743	0.00692	0.00175	0.00245	0.00851	0.07429	0.00398
129	0.00887	0.00855	0.01501	0.75226	0.03091	0.01033	0.08553	0.01201	0.00933	0.01201	0.00827	0.01225	0.00620	0.00452	0.00467	0.00153	0.00627	0.00420	0.00207	0.00520
130	0.00901	0.00816	0.01273	0.14698	0.32606	0.00842	0.02389	0.01208	0.06436	0.01446	0.09672	0.06802	0.13057	0.00703	0.00497	0.00151	0.00446	0.05162	0.00320	0.00573
131	0.00969	0.00698	0.00959	0.29473	0.02967	0.00783	0.00769	0.09381	0.02802	0.05424	0.01289	0.07613	0.01137	0.12616	0.03486	0.00205	0.00473	0.00523	0.17933	0.00497
132	0.51636	0.11469	0.01234	0.02329	0.01212	0.06892	0.10340	0.04898	0.00938	0.01789	0.00722	0.00868	0.00575	0.00518	0.02821	0.00155	0.00495	0.00305	0.00269	0.00537
133	0.87108	0.00888	0.00675	0.00604	0.00888	0.01030	0.00497	0.01350	0.00781	0.02060	0.00639	0.00746	0.00497	0.00426	0.00284	0.00142	0.00355	0.00249	0.00284	0.00497
134	0.00548	0.00462	0.00475	0.00479	0.00625	0.00389	0.00357	0.00668	0.01050	0.01265	0.08130	0.08188	0.73466	0.01165	0.00545	0.00156	0.00233	0.00979	0.00430	0.00389
135	0.01014	0.01008	0.09870	0.00867	0.05166	0.00703	0.00725	0.02646	0.00994	0.04546	0.00862	0.00989	0.00691	0.00366	0.00363	0.00084	0.00392	0.00296	0.00276	0.68142
136	0.00853	0.00742	0.01118	0.08344	0.28165	0.00760	0.00886	0.01147	0.08363	0.01379	0.01904	0.27170	0.07536	0.00893	0.00521	0.00164	0.00413	0.08756	0.00344	0.00544
137	0.00574	0.00430	0.00537	0.00613	0.00682	0.00393	0.00436	0.00679	0.00948	0.01223	0.04722	0.54218	0.22927	0.01341	0.00578	0.00180	0.00271	0.08439	0.00428	0.00383
138	0.00616	0.00457	0.00577	0.00595	0.00693	0.00419	0.00443	0.00780	0.01127	0.01521	0.39935	0.22790	0.18917	0.01132	0.00561	0.00163	0.00251	0.08152	0.00463	0.00409
139	0.01197	0.70439	0.08119	0.01013	0.08680	0.01694	0.00910	0.01384	0.00946	0.01147	0.00673	0.00791	0.00601	0.00397	0.00320	0.00105	0.00510	0.00268	0.00199	0.00609
140	0.00654	0.00449	0.00586	0.00641	0.00712	0.00422	0.00461	0.00771	0.00963	0.04302	0.11746	0.47061	0.10890	0.05219	0.04705	0.00219	0.00334	0.09041	0.00425	0.00400
141	0.00639	0.00460	0.00618	0.00696	0.00770	0.00439	0.00537	0.00790	0.01020	0.01359	0.15580	0.38684	0.06420	0.01282	0.00594	0.00187	0.00313	0.28773	0.00438	0.00401
142	0.01227	0.84142	0.02406	0.00786	0.01178	0.01817	0.00786	0.01375	0.00933	0.01080	0.00638	0.00736	0.00589	0.00393	0.00295	0.00098	0.00491	0.00245	0.00196	0.00589
143	0.00640	0.00483	0.00584	0.00556	0.00681	0.00442	0.00418	0.00862	0.03622	0.01681	0.56606	0.03611	0.24624	0.00982	0.00536	0.00147	0.00225	0.00851	0.02022	0.00430
144	0.02608	0.07078	0.01286	0.01970	0.15629	0.06874	0.00781	0.07639	0.01099	0.03983	0.00854	0.00990	0.00694	0.00393	0.00376	0.00096	0.00442	0.00315	0.00279	0.46614
145	0.00970	0.20698	0.17887	0.01138	0.06334	0.03064	0.09388	0.03566	0.00988	0.01312	0.01322	0.22122	0.02982	0.00721	0.00511	0.00148	0.04609	0.01403	0.00277	0.00558
146	0.01252	0.01228	0.08073	0.11450	0.09010	0.09200	0.08434	0.14354	0.11879	0.07172	0.03510	0.02807	0.02005	0.00613	0.02182	0.00160	0.05241	0.00461	0.00330	0.00640

[dist]
# distance from previous block
# <min> <max>
0	1

[block]
# block no. 1 follows, 56 sequences, length 32
# corresponding to MSA columns:
# 320-351
name=unknown_B
#
# <colnr> <probs for GDERKNQSTAVLIFYWHMCP>
#	G	D	E	R	K	N	Q	S	T	A	V	L	I	F	Y	W	H	M	C	P
0	0.00730	0.00509	0.00616	0.00598	0.00721	0.00495	0.00451	0.02305	0.01925	0.05437	0.18053	0.14297	0.27907	0.02185	0.10773	0.00229	0.02875	0.00816	0.08643	0.00434
1	0.00569	0.00408	0.00540	0.00629	0.00667	0.00380	0.00425	0.00664	0.00927	0.01245	0.10989	0.73401	0.04692	0.01379	0.00580	0.00181	0.00260	0.01247	0.00435	0.00380
2	0.02909	0.00795	0.01228	0.13373	0.09375	0.00832	0.11831	0.01319	0.12784	0.06068	0.07532	0.12469	0.06482	0.05994	0.00674	0.02570	0.02241	0.00642	0.00342	0.00540
3	0.01135	0.01025	0.01190	0.20746	0.03928	0.06214	0.02089	0.07683	0.43518	0.01705	0.01441	0.03564	0.01116	0.00596	0.00487	0.01583	0.00473	0.00486	0.00373	0.00647
4	0.01150	0.03419	0.07486	0.06837	0.03441	0.02818	0.03839	0.16931	0.01212	0.02615	0.00883	0.01017	0.00690	0.00409	0.00392	0.00102	0.00457	0.00331	0.00296	0.45674
5	0.00960	0.00775	0.04674	0.26201	0.05158	0.00765	0.01845	0.04469	0.00980	0.09135	0.01361	0.11278	0.02986	0.05865	0.08512	0.03793	0.00549	0.02878	0.02512	0.05305
6	0.01216	0.26817	0.32850	0.03396	0.03470	0.08886	0.01178	0.09919	0.01128	0.03863	0.00817	0.00928	0.00630	0.00441	0.00393	0.00126	0.00595	0.00320	0.00242	0.02786
7	0.01069	0.15579	0.25625	0.09386	0.04310	0.02692	0.19087	0.06299	0.01060	0.01432	0.00912	0.02199	0.00747	0.00489	0.00493	0.00145	0.03921	0.03703	0.00235	0.00617
8	0.00612	0.00427	0.00553	0.00643	0.00685	0.00407	0.00441	0.02528	0.00921	0.01254	0.02428	0.73686	0.02852	0.01354	0.00568	0.00181	0.00274	0.03934	0.05864	0.00388
9	0.01495	0.13113	0.01407	0.01043	0.03445	0.28706	0.00818	0.18535	0.11753	0.04855	0.00996	0.01041	0.00773	0.00486	0.00409	0.00121	0.00573	0.00351	0.00326	0.09753
10	0.01161	0.05651	0.26094	0.01250	0.07325	0.02723	0.12145	0.05632	0.02046	0.12244	0.06501	0.02960	0.02323	0.01237	0.00469	0.00139	0.00544	0.00449	0.00308	0.08800
11	0.01188	0.27425	0.14965	0.00968	0.01320	0.06433	0.02791	0.09087	0.08123	0.04827	0.09880	0.01336	0.02584	0.00553	0.00491	0.00133	0.06569	0.00411	0.00303	0.00613
12	0.01136	0.16902	0.39705	0.01384	0.08598	0.06010	0.10763	0.05236	0.01070	0.03855	0.00843	0.00990	0.00636	0.00432	0.00425	0.00135	0.00636	0.00357	0.00228	0.00659
13	0.04323	0.00849	0.03237	0.21600	0.24118	0.00863	0.06964	0.01162	0.03357	0.01370	0.02482	0.21306	0.04059	0.00711	0.00490	0.00155	0.00483	0.00656	0.01265	0.00550
14	0.00963	0.07222	0.47328	0.01344	0.07107	0.01021	0.10517	0.01364	0.00990	0.03814	0.01103	0.10028	0.00967	0.00570	0.00465	0.00150	0.00605	0.03565	0.00246	0.00629
15	0.00894	0.00768	0.02923	0.00887	0.01064	0.02985	0.11090	0.09057	0.03939	0.01515	0.04989	0.21829	0.06538	0.05991	0.03128	0.00194	0.03365	0.06742	0.11615	0.00486
16	0.00600	0.00437	0.00559	0.00592	0.00663	0.00403	0.00416	0.00738	0.01062	0.01447	0.35488	0.39265	0.10654	0.04717	0.00638	0.00177	0.00250	0.01048	0.00453	0.00395
17	0.03124	0.12968	0.10088	0.02984	0.03782	0.12804	0.02161	0.12868	0.03478	0.26381	0.01223	0.01222	0.02053	0.00572	0.02163	0.00146	0.00546	0.00392	0.00370	0.00676
18	0.00690	0.00534	0.00670	0.00663	0.00794	0.00514	0.01630	0.00978	0.08594	0.01574	0.34952	0.10028	0.19733	0.01051	0.00556	0.00164	0.00285	0.15684	0.00459	0.00447
19	0.01652	0.00714	0.00949	0.00770	0.01052	0.00641	0.00619	0.04030	0.03543	0.56209	0.15379	0.09077	0.01848	0.00709	0.00486	0.00147	0.00352	0.00599	0.00539	0.00684
20	0.00840	0.00699	0.00944	0.25238	0.03923	0.00744	0.02176	0.07355	0.04904	0.02689	0.05897	0.02732	0.32500	0.00798	0.00497	0.00151	0.00400	0.02988	0.04026	0.00497
21	0.27828	0.00978	0.00983	0.00805	0.01123	0.07999	0.00654	0.06205	0.06184	0.40816	0.01322	0.01234	0.00891	0.00519	0.00404	0.00141	0.00423	0.00383	0.00440	0.00670
22	0.33156	0.00774	0.00751	0.00641	0.00888	0.00830	0.00518	0.12437	0.01118	0.14110	0.01171	0.01245	0.00863	0.00502	0.00348	0.00130	0.00334	0.00364	0.29265	0.00557
23	0.01853	0.00783	0.01038	0.00822	0.01145	0.00708	0.00680	0.08113	0.01361	0.64528	0.06791	0.01899	0.01416	0.00640	0.00479	0.00147	0.00391	0.05925	0.00545	0.00734
24	0.01019	0.00972	0.01632	0.31281	0.46036	0.01072	0.01314	0.01290	0.00970	0.01347	0.00839	0.01176	0.00689	0.00530	0.02614	0.00162	0.05802	0.00410	0.00218	0.00627
25	0.04176	0.00686	0.00911	0.00737	0.01011	0.00609	0.00594	0.01778	0.01284	0.54119	0.24573	0.04003	0.02084	0.00691	0.00482	0.00144	0.00336	0.00581	0.00538	0.00663
26	0.00566	0.00406	0.00532	0.00629	0.00661	0.00379	0.00421	0.00646	0.00879	0.01165	0.02564	0.75511	0.06073	0.05151	0.00664	0.00197	0.00276	0.02487	0.00419	0.00370
27	0.00983	0.14386	0.01058	0.00747	0.00878	0.08553	0.03318	0.01034	0.05801	0.01044	0.00912	0.01315	0.00834	0.02648	0.04829	0.44535	0.00492	0.00387	0.05876	0.00369
28	0.01624	0.01224	0.01471	0.01127	0.01493	0.01329	0.09356	0.59027	0.10359	0.06425	0.01200	0.01205	0.00855	0.00542	0.00469	0.00142	0.00514	0.00441	0.00441	0.00757
29	0.00604	0.00433	0.00562	0.00636	0.00698	0.00405	0.00459	0.00728	0.00976	0.01313	0.13051	0.52716	0.09822	0.01293	0.00573	0.00179	0.00276	0.11412	0.03473	0.00391
30	0.04290	0.01218	0.01311	0.01010	0.01367	0.01337	0.00833	0.70042	0.02030	0.07836	0.01145	0.01138	0.00806	0.00548	0.00450	0.00137	0.00485	0.00412	0.02841	0.00763
31	0.01254	0.07179	0.05919	0.11113	0.14146	0.01110	0.04794	0.20854	0.08191	0.08146	0.02912	0.06313	0.01037	0.00693	0.04148	0.00170	0.00537	0.00482	0.00345	0.00658

[dist]
# distance from previous block
# <min> <max>
0	1

[block]
# block no. 2 follows, 56 sequences, length 23
# corresponding to MSA columns:
# 353-357,366-383
name=unknown_C
#
# <colnr> <probs for GDERKNQSTAVLIFYWHMCP>
#	G	D	E	R	K	N	Q	S	T	A	V	L	I	F	Y	W	H	M	C	P
0	0.01645	0.01200	0.01282	0.00997	0.01338	0.01326	0.00819	0.69740	0.05003	0.02754	0.01166	0.01178	0.00839	0.00552	0.00448	0.00136	0.00474	0.00419	0.07936	0.00748
1	0.01048	0.09845	0.01561	0.19626	0.11530	0.01043	0.10610	0.06684	0.02616	0.01461	0.00975	0.01187	0.03269	0.00448	0.00454	0.00123	0.03059	0.00391	0.00258	0.23813
2	0.01121	0.01043	0.01651	0.15384	0.47630	0.01141	0.01258	0.08110	0.01069	0.01510	0.00837	0.01123	0.00694	0.00485	0.00606	0.00147	0.12584	0.00405	0.00241	0.02960
3	0.01255	0.01440	0.00994	0.00909	0.01103	0.45333	0.00684	0.03905	0.01290	0.01390	0.22755	0.02072	0.13622	0.00704	0.00469	0.00131	0.00565	0.00544	0.00344	0.00492
4	0.00970	0.00916	0.01551	0.22689	0.41647	0.00955	0.05822	0.01239	0.01032	0.01412	0.06467	0.01739	0.07382	0.00550	0.00481	0.00147	0.00524	0.03606	0.00264	0.00607
5	0.01030	0.09574	0.46543	0.02766	0.06467	0.01145	0.07375	0.06260	0.07947	0.01551	0.02919	0.02619	0.00821	0.00481	0.00442	0.00142	0.00602	0.00401	0.00251	0.00664
6	0.01031	0.03042	0.19123	0.01000	0.01333	0.02438	0.12091	0.01332	0.02720	0.14493	0.19853	0.11754	0.06348	0.00730	0.00500	0.00150	0.00457	0.00653	0.00379	0.00573
7	0.00664	0.00475	0.00653	0.00759	0.00832	0.00463	0.00609	0.00821	0.00983	0.01290	0.02472	0.37922	0.02807	0.01339	0.00614	0.00201	0.00357	0.45912	0.00424	0.00402
8	0.00828	0.00725	0.01168	0.51019	0.02287	0.00866	0.02942	0.01077	0.00904	0.01196	0.01151	0.01999	0.01054	0.08026	0.05661	0.00223	0.03317	0.11695	0.03392	0.00470
9	0.01148	0.01276	0.09198	0.08095	0.53330	0.08119	0.04287	0.01429	0.01047	0.02707	0.00904	0.01152	0.01789	0.00445	0.00487	0.00140	0.03137	0.00406	0.00231	0.00675
10	0.03492	0.00963	0.01125	0.00949	0.01144	0.05951	0.02570	0.22170	0.01250	0.12196	0.01225	0.08468	0.01059	0.03500	0.11364	0.00240	0.17018	0.00505	0.04224	0.00585
11	0.87108	0.00888	0.00675	0.00604	0.00888	0.01030	0.00497	0.01350	0.00781	0.02060	0.00639	0.00746	0.00497	0.00426	0.00284	0.00142	0.00355	0.00249	0.00284	0.00497
12	0.00781	0.00518	0.00614	0.00589	0.00738	0.00476	0.00460	0.03495	0.01169	0.07480	0.27151	0.05725	0.29905	0.00986	0.00523	0.00153	0.00269	0.09505	0.09011	0.00451
13	0.00666	0.00510	0.00617	0.00594	0.00721	0.00484	0.00447	0.00947	0.08076	0.01671	0.51416	0.08419	0.20058	0.00996	0.00540	0.00152	0.00240	0.02521	0.00479	0.00445
14	0.00984	0.00844	0.01148	0.10881	0.18236	0.02151	0.00798	0.01182	0.00943	0.03826	0.00972	0.03328	0.00875	0.10880	0.00663	0.00149	0.02111	0.00401	0.00266	0.39364
15	0.00596	0.00445	0.00578	0.00635	0.00684	0.00432	0.00442	0.00700	0.00949	0.01278	0.15734	0.57325	0.09645	0.03858	0.00670	0.00185	0.03894	0.01138	0.00425	0.00387
16	0.00629	0.00471	0.00599	0.00675	0.00770	0.00441	0.00533	0.00773	0.00999	0.01274	0.03087	0.28985	0.24801	0.01291	0.00594	0.00188	0.00321	0.32745	0.00425	0.00398
17	0.08744	0.00979	0.06836	0.08110	0.06281	0.00867	0.00851	0.10209	0.01285	0.48965	0.01425	0.01349	0.00936	0.00526	0.00444	0.00142	0.00449	0.00423	0.00454	0.00724
18	0.06229	0.00966	0.01386	0.63681	0.08140	0.08074	0.02693	0.01263	0.00955	0.01251	0.00801	0.01155	0.00613	0.00453	0.00446	0.00148	0.00614	0.00391	0.00214	0.00528
19	0.00614	0.00429	0.00535	0.00591	0.00617	0.00414	0.00384	0.00677	0.00822	0.01097	0.05228	0.42709	0.03904	0.33515	0.02752	0.00296	0.00358	0.04350	0.00368	0.00342
20	0.00559	0.00400	0.00533	0.00639	0.00666	0.00373	0.00426	0.00639	0.00879	0.01172	0.02530	0.83566	0.03036	0.01438	0.00586	0.00186	0.00266	0.01305	0.00426	0.00373
21	0.01100	0.01052	0.01770	0.18994	0.41304	0.01116	0.11733	0.05398	0.07482	0.01520	0.00948	0.01209	0.00753	0.00453	0.00501	0.00146	0.03167	0.00436	0.00253	0.00663
22	0.01697	0.01126	0.01246	0.00976	0.01319	0.01216	0.00799	0.52594	0.12151	0.17303	0.01346	0.01287	0.00940	0.00563	0.00456	0.00140	0.00456	0.00437	0.03184	0.00763

[dist]
# distance from previous block
# <min> <max>
0	1

[block]
# block no. 3 follows, 56 sequences, length 41
# corresponding to MSA columns:
# 385-425
name=unknown_D
#
# <colnr> <probs for GDERKNQSTAVLIFYWHMCP>
#	G	D	E	R	K	N	Q	S	T	A	V	L	I	F	Y	W	H	M	C	P
0	0.03165	0.00686	0.00950	0.07104	0.15566	0.00702	0.01963	0.03166	0.03669	0.02615	0.23153	0.04585	0.15087	0.00751	0.00514	0.00144	0.03315	0.00643	0.11711	0.00513
1	0.01032	0.01145	0.07323	0.01184	0.01258	0.04860	0.01024	0.01219	0.04137	0.01179	0.00697	0.01039	0.00647	0.00748	0.01310	0.00189	0.68039	0.00398	0.02047	0.00525
2	0.02608	0.01032	0.16886	0.00851	0.01134	0.00798	0.00796	0.02521	0.24930	0.01576	0.06979	0.10769	0.16382	0.00833	0.00499	0.00158	0.00390	0.07608	0.00390	0.02859
3	0.02789	0.46634	0.16636	0.01065	0.01503	0.03992	0.10990	0.07727	0.01063	0.01364	0.00748	0.00880	0.00616	0.00422	0.00388	0.00120	0.01900	0.00318	0.00225	0.00620
4	0.00596	0.00436	0.00560	0.00594	0.00670	0.00400	0.00421	0.00739	0.01077	0.01466	0.36333	0.40829	0.11787	0.01195	0.00562	0.00165	0.00241	0.01066	0.00460	0.00400
5	0.00803	0.00531	0.00682	0.06688	0.00909	0.00493	0.00500	0.00993	0.01201	0.11064	0.43737	0.03325	0.25476	0.00923	0.00526	0.00148	0.00271	0.00795	0.00468	0.00467
6	0.00734	0.00630	0.04184	0.02409	0.03695	0.00535	0.00535	0.04099	0.02433	0.04107	0.31858	0.04920	0.36216	0.00960	0.00526	0.00149	0.00284	0.00819	0.00440	0.00465
7	0.01026	0.00844	0.00986	0.00737	0.01104	0.00717	0.00591	0.11645	0.01091	0.01637	0.00900	0.01065	0.00745	0.00708	0.09302	0.00151	0.00460	0.00315	0.00294	0.65683
8	0.07381	0.00730	0.00796	0.00741	0.00953	0.00765	0.00588	0.02975	0.28879	0.08729	0.05674	0.04625	0.23422	0.00865	0.00501	0.00161	0.00332	0.10875	0.00446	0.00563
9	0.00720	0.00509	0.00686	0.00749	0.00851	0.00495	0.00615	0.02196	0.01093	0.02587	0.17422	0.18509	0.05484	0.01210	0.00600	0.00190	0.00351	0.44866	0.00442	0.00426
10	0.74706	0.04526	0.00849	0.00782	0.06869	0.01059	0.00582	0.01379	0.00822	0.04087	0.00687	0.00796	0.00535	0.00427	0.00302	0.00140	0.00376	0.00266	0.00284	0.00526
11	0.01089	0.00738	0.00850	0.00781	0.00989	0.00771	0.00609	0.04423	0.31455	0.14333	0.07034	0.14228	0.10592	0.00854	0.00504	0.00159	0.00335	0.06444	0.03213	0.00599
12	0.00599	0.00451	0.00536	0.00545	0.00652	0.00403	0.00397	0.00749	0.01104	0.01473	0.33279	0.21350	0.31506	0.01115	0.00544	0.00156	0.00233	0.00970	0.03535	0.00403
13	0.01157	0.06640	0.02312	0.02618	0.02057	0.01177	0.55770	0.07521	0.07054	0.03972	0.04273	0.01329	0.00909	0.00446	0.00510	0.00149	0.00668	0.00518	0.00286	0.00634
14	0.01163	0.01393	0.06074	0.01652	0.06662	0.18134	0.44116	0.01468	0.01113	0.01380	0.01069	0.03724	0.00931	0.00527	0.00515	0.00152	0.00718	0.08371	0.00255	0.00584
15	0.00856	0.00428	0.00428	0.00428	0.00535	0.00428	0.00321	0.01070	0.00963	0.01712	0.01498	0.01712	0.01177	0.00535	0.00321	0.00107	0.00214	0.00428	0.86414	0.00428
16	0.01952	0.00851	0.01091	0.00842	0.01189	0.00791	0.00694	0.14288	0.02758	0.64861	0.01690	0.01498	0.01087	0.00565	0.00456	0.00140	0.00402	0.00454	0.03623	0.00768
17	0.02910	0.20408	0.01498	0.00950	0.01279	0.10810	0.00798	0.35799	0.10475	0.03721	0.04582	0.01225	0.02508	0.00541	0.00419	0.00129	0.00501	0.00400	0.00374	0.00674
18	0.00865	0.12043	0.26638	0.01133	0.03019	0.00930	0.14290	0.01158	0.00966	0.01327	0.03524	0.27840	0.01533	0.00773	0.00491	0.00155	0.00518	0.01960	0.00289	0.00548
19	0.03928	0.02336	0.12049	0.04125	0.17850	0.08300	0.02639	0.04444	0.10658	0.06520	0.01011	0.01123	0.00779	0.00444	0.00416	0.00122	0.00505	0.00368	0.00294	0.22090
20	0.01253	0.05331	0.08797	0.01082	0.08904	0.06323	0.00852	0.22671	0.01432	0.08648	0.22606	0.01784	0.03081	0.00638	0.00503	0.00139	0.03261	0.00515	0.01553	0.00625
21	0.00667	0.00463	0.00591	0.00591	0.00624	0.00494	0.00393	0.00734	0.00700	0.00974	0.01364	0.02517	0.01459	0.51257	0.33032	0.00551	0.00743	0.00595	0.01920	0.00332
22	0.00997	0.01069	0.02176	0.34265	0.02704	0.01105	0.48112	0.01352	0.01017	0.01352	0.00884	0.01233	0.00663	0.00416	0.00509	0.00154	0.00709	0.00488	0.00221	0.00576
23	0.00729	0.00680	0.04944	0.01132	0.17769	0.00601	0.00705	0.00925	0.04153	0.01278	0.02145	0.47254	0.08116	0.03987	0.03199	0.00197	0.00385	0.00961	0.00363	0.00477
24	0.01953	0.06357	0.02599	0.00848	0.01212	0.00833	0.00720	0.09986	0.01368	0.66685	0.01645	0.01451	0.01055	0.00553	0.00450	0.00139	0.00414	0.00440	0.00526	0.00767
25	0.00647	0.00471	0.00515	0.00505	0.00610	0.00427	0.00349	0.00730	0.00918	0.03992	0.04845	0.03693	0.45833	0.29214	0.05048	0.00280	0.00357	0.00823	0.00374	0.00367
26	0.01020	0.01579	0.33581	0.02596	0.05162	0.01043	0.28042	0.01525	0.08527	0.04080	0.07334	0.01356	0.01020	0.00480	0.00485	0.00149	0.00629	0.00472	0.00271	0.00646
27	0.01091	0.01085	0.04635	0.08410	0.07144	0.03878	0.12096	0.04505	0.39311	0.01671	0.01629	0.01659	0.06984	0.00590	0.00512	0.00153	0.03116	0.00516	0.00363	0.00653
28	0.00943	0.07874	0.47245	0.01135	0.01623	0.01002	0.04468	0.01427	0.07418	0.03011	0.06285	0.01802	0.02415	0.00602	0.00467	0.00152	0.00567	0.10664	0.00279	0.00621
29	0.51142	0.12482	0.02449	0.02101	0.14089	0.05156	0.00740	0.02788	0.00912	0.01776	0.02383	0.00885	0.00641	0.00435	0.00333	0.00134	0.00437	0.00295	0.00266	0.00556
30	0.00698	0.00540	0.00662	0.00714	0.00849	0.00523	0.00597	0.00956	0.06939	0.01366	0.03193	0.04645	0.30873	0.01182	0.00589	0.00187	0.00349	0.44276	0.00427	0.00433
31	0.00573	0.00460	0.00513	0.00520	0.00649	0.00400	0.00387	0.00710	0.01083	0.01368	0.21108	0.13337	0.52916	0.01148	0.00550	0.00158	0.00238	0.03042	0.00444	0.00397
32	0.08503	0.06543	0.04868	0.08650	0.12047	0.04641	0.02093	0.05990	0.06128	0.11487	0.04441	0.01428	0.03939	0.02303	0.04151	0.00168	0.03134	0.00429	0.02008	0.07050
33	0.03493	0.57319	0.09757	0.00867	0.01250	0.05682	0.01940	0.01471	0.06844	0.02655	0.00812	0.00957	0.00705	0.04058	0.00422	0.00126	0.00513	0.00304	0.00231	0.00593
34	0.00591	0.00457	0.00542	0.00566	0.00676	0.00408	0.00422	0.00733	0.01075	0.01391	0.23599	0.22018	0.36881	0.01176	0.00560	0.00164	0.00252	0.07643	0.00446	0.00399
35	0.00622	0.00458	0.00583	0.00574	0.00675	0.00418	0.00422	0.00805	0.01202	0.01661	0.59038	0.16270	0.13476	0.01045	0.00549	0.00152	0.00226	0.00923	0.00483	0.00418
