[name]
unknown

[dist]
# distance from previous block
# <min> <max>
18	113

[block]
# block no. 0 follows, 62 sequences, length 19
# corresponding to MSA columns:
# 187-205
name=unknown_A
#
# <colnr> <probs for GDERKNQSTAVLIFYWHMCP>
#	G	D	E	R	K	N	Q	S	T	A	V	L	I	F	Y	W	H	M	C	P
0	0.02602	0.03302	0.21231	0.01160	0.10967	0.07344	0.04886	0.14536	0.02304	0.04809	0.06656	0.02707	0.03646	0.03474	0.00497	0.00136	0.02184	0.00416	0.00287	0.06855
1	0.01156	0.11567	0.11221	0.03221	0.09207	0.11197	0.08739	0.13629	0.06791	0.04862	0.03740	0.05508	0.02039	0.00511	0.00423	0.00127	0.01466	0.00426	0.03587	0.00582
2	0.00966	0.04081	0.36975	0.04304	0.05591	0.06622	0.07797	0.04490	0.09719	0.02418	0.01203	0.02399	0.07374	0.00502	0.00444	0.00135	0.02483	0.00415	0.01495	0.00586
3	0.00916	0.07058	0.13461	0.00974	0.06489	0.04850	0.03826	0.09258	0.02317	0.02726	0.02256	0.02807	0.02095	0.02465	0.32608	0.00344	0.00754	0.00419	0.02113	0.02265
4	0.05976	0.06215	0.10080	0.00943	0.04487	0.03973	0.02770	0.08437	0.31070	0.11072	0.05607	0.01423	0.02434	0.02054	0.00459	0.01173	0.00414	0.00431	0.00364	0.00617
5	0.06102	0.06795	0.18630	0.01106	0.08807	0.10041	0.02351	0.16765	0.05439	0.13094	0.03158	0.01076	0.00795	0.00458	0.00397	0.00125	0.00500	0.00357	0.00312	0.03694
6	0.10120	0.02889	0.26272	0.04204	0.06536	0.06023	0.03097	0.08418	0.12500	0.06046	0.05838	0.01282	0.03969	0.00496	0.00407	0.00133	0.00484	0.00398	0.00296	0.00593
7	0.01004	0.02798	0.00846	0.00629	0.00916	0.00607	0.00500	0.06712	0.01031	0.11856	0.11052	0.01498	0.03750	0.05153	0.00466	0.00110	0.00315	0.00397	0.06603	0.43756
8	0.00856	0.01087	0.17892	0.01211	0.09067	0.03248	0.19694	0.01157	0.03411	0.03559	0.09059	0.12205	0.10435	0.00667	0.00488	0.00144	0.01682	0.03321	0.00295	0.00523
9	0.00645	0.00491	0.00704	0.00702	0.00792	0.00567	0.00551	0.00875	0.06527	0.01061	0.01244	0.01839	0.01157	0.02891	0.72807	0.00618	0.01041	0.04835	0.00252	0.00402
10	0.00852	0.00713	0.00837	0.00636	0.00960	0.00558	0.00498	0.03564	0.00908	0.01383	0.01001	0.13365	0.00958	0.00473	0.00353	0.00081	0.00310	0.00399	0.00279	0.71872
11	0.00937	0.00975	0.11807	0.00784	0.02533	0.00674	0.02388	0.03324	0.02642	0.03781	0.00815	0.00928	0.00648	0.00346	0.00341	0.00081	0.00374	0.00281	0.00257	0.66083
12	0.00516	0.00432	0.00449	0.00444	0.00582	0.00365	0.00333	0.00635	0.01000	0.01220	0.14226	0.03978	0.72259	0.01051	0.00503	0.00142	0.00214	0.00882	0.00404	0.00365
13	0.00692	0.00788	0.12514	0.02242	0.09374	0.00603	0.07441	0.00895	0.00895	0.01229	0.06415	0.37267	0.03686	0.01055	0.04750	0.00185	0.00429	0.08767	0.00323	0.00450
14	0.01128	0.66806	0.11736	0.00821	0.01197	0.04627	0.00842	0.03674	0.00908	0.01095	0.00626	0.00730	0.00551	0.00389	0.00337	0.00101	0.03436	0.00249	0.00191	0.00556
15	0.02088	0.00532	0.00686	0.00678	0.00789	0.01413	0.03355	0.02566	0.08325	0.01339	0.16703	0.36517	0.06369	0.01183	0.06473	0.00194	0.00352	0.07260	0.00386	0.02795
16	0.01455	0.04105	0.03685	0.04087	0.01332	0.01245	0.00808	0.61928	0.09357	0.02373	0.01070	0.01115	0.00786	0.02464	0.00458	0.00135	0.00457	0.00390	0.02065	0.00683
17	0.00776	0.02170	0.02357	0.17462	0.07400	0.04497	0.01469	0.00932	0.00816	0.01101	0.04102	0.07451	0.02323	0.18663	0.14027	0.01455	0.00555	0.00497	0.00248	0.11701
18	0.03211	0.05505	0.17095	0.09514	0.31869	0.00976	0.03174	0.03874	0.02424	0.07376	0.03343	0.03154	0.00815	0.00451	0.00436	0.00130	0.02555	0.00392	0.00250	0.03459

[dist]
# distance from previous block
# <min> <max>
0	3

[block]
# block no. 1 follows, 62 sequences, length 60
# corresponding to MSA columns:
# 209-268
name=unknown_B
#
# <colnr> <probs for GDERKNQSTAVLIFYWHMCP>
#	G	D	E	R	K	N	Q	S	T	A	V	L	I	F	Y	W	H	M	C	P
0	0.00918	0.03748	0.10808	0.17408	0.21056	0.00836	0.08252	0.01162	0.00929	0.07262	0.04714	0.09675	0.04778	0.05944	0.00553	0.00155	0.00481	0.00519	0.00266	0.00535
1	0.00852	0.02136	0.01319	0.74359	0.05954	0.00958	0.02617	0.01150	0.02570	0.02922	0.00798	0.01141	0.00599	0.00427	0.00424	0.00140	0.00556	0.00381	0.00203	0.00493
2	0.01001	0.05622	0.27108	0.08943	0.28080	0.01000	0.03193	0.02952	0.04502	0.05644	0.02449	0.01180	0.02240	0.00451	0.00443	0.00133	0.02782	0.01422	0.00238	0.00616
3	0.00995	0.03599	0.04772	0.28572	0.20666	0.00941	0.05749	0.02707	0.05857	0.08225	0.02119	0.03042	0.02317	0.02237	0.01776	0.01090	0.04094	0.00427	0.00257	0.00558
4	0.05101	0.03643	0.31800	0.03012	0.04665	0.01794	0.16815	0.02337	0.02797	0.07918	0.02575	0.11753	0.00998	0.02319	0.00474	0.00145	0.00531	0.00491	0.00264	0.00566
5	0.01253	0.03794	0.14493	0.06554	0.08452	0.03101	0.05268	0.17886	0.08204	0.16673	0.03775	0.03649	0.02134	0.00519	0.00449	0.00134	0.02260	0.00430	0.00342	0.00632
6	0.02402	0.03639	0.03100	0.00830	0.09887	0.02203	0.00547	0.00789	0.00747	0.02268	0.08705	0.07775	0.01279	0.05843	0.02180	0.44096	0.00390	0.02742	0.00248	0.00330
7	0.00931	0.00840	0.01218	0.04112	0.01153	0.01113	0.03632	0.01046	0.00705	0.05501	0.00733	0.01114	0.00678	0.02718	0.12135	0.01407	0.59890	0.00396	0.00213	0.00465
8	0.02366	0.15074	0.41780	0.03016	0.08587	0.10513	0.07182	0.02736	0.02584	0.01297	0.00756	0.00899	0.00579	0.00402	0.00389	0.00125	0.00599	0.00320	0.00201	0.00597
9	0.02044	0.02578	0.19377	0.05504	0.43860	0.04342	0.06516	0.02728	0.04948	0.02818	0.00848	0.01040	0.00667	0.00402	0.00418	0.00130	0.00545	0.00371	0.00224	0.00639
10	0.00526	0.00429	0.00470	0.00473	0.00596	0.00376	0.00351	0.00644	0.00966	0.01203	0.14236	0.09401	0.59762	0.02685	0.05798	0.00183	0.00278	0.00870	0.00392	0.00363
11	0.00993	0.01062	0.07639	0.21770	0.40215	0.02753	0.13355	0.01279	0.00949	0.03165	0.00840	0.02543	0.00678	0.00410	0.00435	0.00134	0.00559	0.00406	0.00215	0.00599
12	0.03697	0.03700	0.04642	0.03739	0.30466	0.13428	0.09925	0.08003	0.01112	0.09191	0.06018	0.01163	0.00884	0.00449	0.00435	0.00128	0.01742	0.00395	0.00275	0.00607
13	0.00588	0.00414	0.00522	0.00559	0.00633	0.00384	0.00398	0.00729	0.02255	0.02756	0.24258	0.44052	0.13266	0.01108	0.00513	0.00155	0.00235	0.02629	0.04168	0.00378
14	0.04249	0.03672	0.11791	0.05543	0.21099	0.12713	0.01875	0.09390	0.01066	0.05537	0.00810	0.00957	0.00634	0.00418	0.00428	0.00118	0.03982	0.00329	0.00251	0.15140
15	0.01098	0.00934	0.00985	0.00874	0.01122	0.01077	0.00683	0.07854	0.75965	0.01844	0.01681	0.01547	0.01258	0.00573	0.00432	0.00143	0.00346	0.00474	0.00432	0.00677
16	0.00596	0.00441	0.00558	0.00524	0.00636	0.00400	0.00394	0.00785	0.01168	0.01630	0.70648	0.03245	0.13772	0.00884	0.00498	0.00134	0.00205	0.00775	0.00455	0.02254
17	0.00853	0.02201	0.82841	0.01213	0.01842	0.00988	0.01572	0.01348	0.00898	0.01348	0.00764	0.00898	0.00539	0.00404	0.00404	0.00135	0.00629	0.00314	0.00180	0.00629
18	0.00876	0.02170	0.81111	0.01203	0.01826	0.00981	0.01552	0.01363	0.00905	0.03067	0.00783	0.00910	0.00550	0.00407	0.00405	0.00135	0.00623	0.00317	0.00187	0.00631
19	0.01053	0.01011	0.01727	0.02612	0.82392	0.01011	0.01306	0.01306	0.00969	0.01390	0.00800	0.01053	0.00674	0.00379	0.00421	0.00126	0.00505	0.00379	0.00211	0.00674
20	0.00663	0.00583	0.00988	0.00876	0.01021	0.00547	0.19287	0.02306	0.00910	0.01201	0.02190	0.48867	0.11313	0.01049	0.00530	0.00163	0.00368	0.06374	0.00353	0.00411
21	0.00559	0.00420	0.00461	0.00474	0.00546	0.00385	0.00318	0.00623	0.00811	0.01016	0.02822	0.11724	0.38231	0.35351	0.01188	0.00258	0.00306	0.03851	0.00339	0.00318
22	0.11587	0.01174	0.19678	0.02917	0.30918	0.00892	0.01077	0.01515	0.00990	0.23700	0.01007	0.01085	0.00720	0.00428	0.00401	0.00131	0.00474	0.00360	0.00296	0.00649
23	0.00524	0.00401	0.00478	0.00522	0.00599	0.00359	0.00365	0.00623	0.00912	0.01172	0.11958	0.43144	0.32863	0.03334	0.00565	0.00164	0.00234	0.01028	0.00400	0.00355
24	0.01590	0.02004	0.01208	0.01093	0.01316	0.80980	0.00822	0.03978	0.01229	0.01089	0.00668	0.00775	0.00553	0.00441	0.00385	0.00110	0.00759	0.00277	0.00225	0.00500
25	0.00653	0.00470	0.00641	0.00724	0.00815	0.00462	0.00611	0.00826	0.00963	0.01257	0.06266	0.12794	0.06883	0.03432	0.00617	0.00193	0.00359	0.61262	0.00392	0.00382
26	0.00906	0.06897	0.00982	0.00644	0.01017	0.00661	0.00525	0.01118	0.03057	0.01369	0.00771	0.00887	0.00642	0.00326	0.00315	0.00067	0.00326	0.00256	0.00252	0.78981
27	0.00874	0.00822	0.01373	0.59923	0.21597	0.00969	0.01188	0.02253	0.00887	0.01178	0.00772	0.01118	0.00603	0.00473	0.01902	0.00149	0.02822	0.00380	0.00198	0.00522
28	0.00608	0.00455	0.00677	0.00677	0.00751	0.00528	0.00524	0.00756	0.00682	0.00983	0.01146	0.01706	0.01078	0.05690	0.80882	0.00676	0.01118	0.00461	0.00229	0.00376
29	0.00620	0.00447	0.00668	0.00668	0.00736	0.00515	0.00512	0.00739	0.00671	0.00963	0.01108	0.01660	0.01044	0.04633	0.74519	0.08404	0.01057	0.00451	0.00225	0.00360
30	0.88052	0.00823	0.00625	0.00560	0.00823	0.00955	0.00461	0.01251	0.00724	0.01909	0.00592	0.00691	0.00461	0.00395	0.00263	0.00132	0.00329	0.00230	0.00263	0.00461
31	0.00694	0.00392	0.00557	0.00557	0.00569	0.00404	0.00373	0.00600	0.00588	0.00796	0.00923	0.01651	0.00952	0.18394	0.14806	0.56374	0.00501	0.00433	0.00206	0.00230
32	0.01047	0.02643	0.04705	0.07749	0.59735	0.05631	0.05042	0.01317	0.02137	0.01343	0.00832	0.01123	0.00699	0.00405	0.00422	0.00128	0.00530	0.02136	0.00216	0.02159
33	0.01153	0.00743	0.00827	0.00693	0.00911	0.00776	0.00554	0.26664	0.08148	0.09448	0.12128	0.02755	0.01417	0.00581	0.00400	0.00122	0.00320	0.02275	0.26635	0.03450
34	0.00607	0.00474	0.00586	0.00609	0.00682	0.02343	0.00445	0.00755	0.02685	0.01229	0.19471	0.34055	0.10662	0.03145	0.14820	0.00252	0.02618	0.02554	0.01627	0.00379
35	0.00761	0.04999	0.02409	0.00820	0.02124	0.04652	0.06193	0.00965	0.03031	0.01267	0.09689	0.08969	0.13021	0.01860	0.01794	0.00171	0.03981	0.30232	0.01409	0.01654
36	0.00543	0.00393	0.00502	0.00566	0.00610	0.00369	0.00386	0.00630	0.00847	0.01125	0.09833	0.55498	0.10606	0.10426	0.02946	0.00207	0.00286	0.03500	0.00382	0.00345
37	0.03636	0.05901	0.12724	0.03124	0.14530	0.20635	0.02032	0.03516	0.11818	0.01316	0.00857	0.01011	0.00693	0.00524	0.01500	0.01094	0.12097	0.00348	0.02078	0.00564
38	0.03169	0.19065	0.61235	0.01093	0.01643	0.04261	0.01343	0.01343	0.00899	0.01280	0.00720	0.00844	0.00539	0.00397	0.00373	0.00125	0.00591	0.00293	0.00184	0.00603
39	0.29765	0.09878	0.12448	0.02484	0.08016	0.07893	0.02909	0.08740	0.03349	0.01576	0.00728	0.00867	0.00579	0.00482	0.01689	0.00139	0.07361	0.00304	0.00246	0.00546
40	0.00966	0.02806	0.02681	0.11721	0.21939	0.07919	0.04634	0.07752	0.03194	0.01366	0.09108	0.06766	0.02921	0.05428	0.05195	0.00181	0.04127	0.00494	0.00275	0.00526
41	0.00588	0.00443	0.00525	0.00520	0.00629	0.00412	0.00383	0.01824	0.00955	0.02639	0.19223	0.11914	0.38164	0.07464	0.12153	0.00239	0.00365	0.00808	0.00379	0.00373
42	0.00870	0.00734	0.00876	0.00654	0.00992	0.00581	0.01685	0.02145	0.02688	0.01382	0.00896	0.03021	0.00790	0.02720	0.02153	0.00096	0.00343	0.02580	0.01605	0.73190
43	0.00608	0.00455	0.00680	0.00680	0.00754	0.00530	0.00527	0.00757	0.00683	0.00985	0.01144	0.01693	0.01073	0.04782	0.81782	0.00679	0.01126	0.00459	0.00229	0.00378
44	0.01464	0.20663	0.01474	0.01060	0.02983	0.61533	0.02532	0.01588	0.01120	0.01047	0.00650	0.00762	0.00552	0.00419	0.00362	0.00107	0.00691	0.00271	0.00211	0.00511
45	0.01285	0.00910	0.04866	0.00774	0.01025	0.06529	0.01680	0.18345	0.06810	0.21387	0.02398	0.01567	0.02899	0.13026	0.02316	0.00177	0.00428	0.00441	0.09371	0.03767
46	0.00577	0.00456	0.02292	0.00674	0.02559	0.00414	0.00477	0.00706	0.02902	0.01130	0.02248	0.63418	0.04332	0.04932	0.00611	0.00183	0.00288	0.11050	0.00381	0.00370
47	0.06969	0.08224	0.02476	0.00754	0.03112	0.06144	0.00604	0.03999	0.03427	0.02416	0.00806	0.02652	0.00679	0.00383	0.00351	0.00086	0.01961	0.00291	0.00259	0.54407
48	0.00771	0.00560	0.00786	0.00788	0.04918	0.00597	0.03436	0.00862	0.00785	0.07241	0.03620	0.21470	0.03285	0.28716	0.06052	0.00276	0.11823	0.03313	0.00308	0.00392
49	0.01185	0.00643	0.00773	0.00664	0.00879	0.02187	0.00524	0.01473	0.11501	0.33670	0.18323	0.02440	0.15901	0.04440	0.00538	0.00150	0.00312	0.03387	0.00457	0.00552
50	0.01008	0.01115	0.02344	0.03825	0.16398	0.01062	0.64971	0.01347	0.00995	0.01361	0.00848	0.01131	0.00649	0.00364	0.00486	0.00140	0.00676	0.00478	0.00214	0.00589
51	0.00769	0.00655	0.00924	0.00839	0.00899	0.00827	0.01834	0.03091	0.02237	0.01074	0.00963	0.01460	0.00911	0.07650	0.41808	0.00442	0.29919	0.00435	0.02844	0.00420
52	0.00733	0.00502	0.00608	0.00573	0.00718	0.00480	0.00447	0.04570	0.01003	0.08676	0.12990	0.03044	0.37056	0.02235	0.18869	0.00265	0.00454	0.04719	0.01639	0.00421
53	0.01058	0.00914	0.00962	0.00866	0.01106	0.01058	0.00673	0.02261	0.81623	0.01780	0.01732	0.01588	0.01299	0.00577	0.00433	0.00144	0.00337	0.00481	0.00433	0.00673
54	0.00860	0.00830	0.01366	0.67917	0.12571	0.02702	0.03473	0.01133	0.00872	0.01130	0.00758	0.01112	0.00582	0.00426	0.00450	0.00140	0.02605	0.00379	0.00193	0.00501
55	0.01088	0.00929	0.00979	0.00872	0.01118	0.01072	0.00681	0.06431	0.77405	0.01828	0.01694	0.01558	0.01268	0.00574	0.00433	0.00143	0.00344	0.00476	0.00433	0.00676
56	0.00864	0.02997	0.02874	0.05484	0.04133	0.02087	0.00840	0.00999	0.00737	0.01099	0.04389	0.02714	0.01864	0.02026	0.11039	0.00233	0.50586	0.00420	0.04158	0.00457
57	0.00580	0.00424	0.00525	0.00546	0.00602	0.00411	0.00379	0.00674	0.00863	0.01155	0.18487	0.25616	0.14024	0.23725	0.04498	0.00248	0.01994	0.04546	0.00362	0.00341
58	0.00730	0.00804	0.10224	0.00871	0.06264	0.02248	0.04560	0.02760	0.01986	0.01348	0.19379	0.03962	0.25492	0.02540	0.02148	0.00162	0.06816	0.06912	0.00341	0.00454
59	0.01093	0.08887	0.22319	0.01262	0.13797	0.12064	0.05741	0.07035	0.04686	0.03276	0.04442	0.02157	0.00820	0.00445	0.00411	0.00121	0.01567	0.00364	0.00252	0.09260

[dist]
# distance from previous block
# <min> <max>
12	24

[block]
# block no. 2 follows, 62 sequences, length 22
# corresponding to MSA columns:
# 296-317
name=unknown_C
#
# <colnr> <probs for GDERKNQSTAVLIFYWHMCP>
#	G	D	E	R	K	N	Q	S	T	A	V	L	I	F	Y	W	H	M	C	P
0	0.03883	0.07590	0.17472	0.04541	0.07281	0.06625	0.08965	0.12586	0.01155	0.16361	0.06154	0.01227	0.02238	0.00480	0.00428	0.00129	0.01564	0.00398	0.00311	0.00609
1	0.00688	0.00515	0.00599	0.00610	0.00697	0.03027	0.00442	0.02703	0.03117	0.04337	0.10832	0.36984	0.15337	0.05906	0.04926	0.00197	0.03182	0.02029	0.03477	0.00394
2	0.00682	0.00465	0.00588	0.00583	0.00684	0.00442	0.00430	0.00890	0.05721	0.06109	0.38577	0.22603	0.09110	0.05986	0.00607	0.00164	0.00253	0.05267	0.00430	0.00410
3	0.05895	0.07727	0.20929	0.02698	0.14849	0.10253	0.16726	0.02546	0.06306	0.03394	0.01894	0.01024	0.00692	0.00411	0.00408	0.00127	0.00569	0.00366	0.00236	0.02950
4	0.02839	0.08861	0.18264	0.06818	0.06172	0.06851	0.06932	0.07365	0.10605	0.12136	0.01214	0.04905	0.04152	0.00512	0.00416	0.00132	0.00497	0.00427	0.00302	0.00598
5	0.00638	0.00462	0.00541	0.00531	0.00660	0.00418	0.00401	0.00819	0.04199	0.05627	0.26150	0.13173	0.39021	0.01004	0.00505	0.00146	0.00236	0.04643	0.00424	0.00403
6	0.01038	0.00960	0.01617	0.15787	0.61552	0.00992	0.03133	0.01335	0.04338	0.03874	0.00861	0.01103	0.00694	0.00399	0.00425	0.00130	0.00509	0.00388	0.00226	0.00640
7	0.15651	0.05786	0.04415	0.02509	0.12748	0.05654	0.03734	0.24991	0.03151	0.03832	0.00848	0.00945	0.00648	0.00428	0.00386	0.00119	0.01380	0.00330	0.00299	0.12146
8	0.03252	0.23029	0.10032	0.04003	0.02988	0.03850	0.18286	0.02072	0.01822	0.02661	0.00928	0.06043	0.01964	0.03439	0.02835	0.01135	0.07291	0.00418	0.01237	0.02716
9	0.00533	0.00416	0.00474	0.00491	0.00588	0.00368	0.00350	0.00643	0.00953	0.01216	0.18171	0.22694	0.43458	0.06933	0.00628	0.00167	0.00234	0.00927	0.00399	0.00357
10	0.00920	0.01703	0.50578	0.01308	0.06217	0.00962	0.15607	0.03610	0.03843	0.03225	0.02971	0.01215	0.04993	0.00453	0.00432	0.00136	0.00585	0.00404	0.00230	0.00608
11	0.03632	0.40864	0.32703	0.03136	0.03112	0.07658	0.01072	0.01330	0.00901	0.01173	0.00671	0.00791	0.00544	0.00388	0.00338	0.00112	0.00545	0.00271	0.00187	0.00572
12	0.06117	0.02638	0.00893	0.00713	0.00974	0.04383	0.00578	0.05302	0.05678	0.42855	0.12025	0.01959	0.10519	0.00638	0.00436	0.00134	0.00348	0.02752	0.00455	0.00601
13	0.00527	0.00412	0.00479	0.00514	0.00608	0.00364	0.00371	0.00637	0.00943	0.01200	0.13141	0.32941	0.41388	0.01147	0.00520	0.00155	0.00231	0.03659	0.00404	0.00361
14	0.02198	0.00821	0.14712	0.00723	0.00955	0.00590	0.00657	0.03171	0.05070	0.15810	0.07637	0.23824	0.15431	0.02453	0.02560	0.00166	0.00363	0.01982	0.00381	0.00496
15	0.00608	0.00439	0.00516	0.00523	0.00565	0.00441	0.00343	0.00687	0.02830	0.00974	0.03435	0.11790	0.14008	0.48983	0.07827	0.00343	0.01918	0.03151	0.00303	0.00314
16	0.00953	0.01942	0.67754	0.01140	0.01694	0.00961	0.01405	0.04680	0.00972	0.07262	0.04184	0.01038	0.00727	0.00447	0.00440	0.00136	0.03067	0.00346	0.00227	0.00625
17	0.00785	0.00712	0.02949	0.04502	0.00959	0.05101	0.00632	0.07437	0.00885	0.01195	0.03929	0.20831	0.05218	0.05436	0.23626	0.00315	0.14139	0.00632	0.00289	0.00425
18	0.02987	0.13967	0.13901	0.02628	0.06161	0.07921	0.03655	0.06211	0.07634	0.04385	0.03822	0.01261	0.02849	0.00591	0.03777	0.00143	0.02007	0.00380	0.15175	0.00545
19	0.26447	0.02702	0.02432	0.06650	0.01040	0.07038	0.00609	0.10596	0.00942	0.02317	0.01119	0.05704	0.04779	0.08322	0.09229	0.00217	0.04409	0.01579	0.03406	0.00463
20	0.00822	0.00796	0.03991	0.25242	0.07976	0.04154	0.04824	0.04407	0.00899	0.01200	0.06438	0.01632	0.05467	0.07717	0.18443	0.00278	0.04539	0.00468	0.00246	0.00463
21	0.03244	0.02843	0.04514	0.24107	0.16006	0.08366	0.02828	0.09074	0.02363	0.01377	0.04475	0.10698	0.01078	0.00593	0.00461	0.02095	0.00489	0.02758	0.02111	0.00521

[dist]
# distance from previous block
# <min> <max>
0	25

[block]
# block no. 3 follows, 62 sequences, length 45
# corresponding to MSA columns:
# 343-387
name=unknown_D
#
# <colnr> <probs for GDERKNQSTAVLIFYWHMCP>
#	G	D	E	R	K	N	Q	S	T	A	V	L	I	F	Y	W	H	M	C	P
0	0.00964	0.13714	0.41490	0.04183	0.06889	0.04958	0.06640	0.01346	0.04309	0.03197	0.02351	0.03656	0.02333	0.00462	0.00417	0.00130	0.01776	0.00377	0.00222	0.00588
1	0.01198	0.24750	0.13215	0.09280	0.05095	0.27267	0.02122	0.05179	0.01027	0.01174	0.00731	0.02168	0.00618	0.01556	0.01495	0.00127	0.01935	0.00313	0.00213	0.00538
2	0.00866	0.03229	0.07682	0.04288	0.03653	0.02081	0.03363	0.03267	0.06210	0.09850	0.10118	0.13833	0.19882	0.04473	0.00545	0.00152	0.01288	0.00667	0.04074	0.00481
3	0.00664	0.00529	0.00754	0.06244	0.07795	0.00529	0.02362	0.00814	0.00934	0.02637	0.17436	0.23153	0.16728	0.04633	0.04881	0.00191	0.03138	0.05810	0.00356	0.00412
4	0.13267	0.00828	0.00905	0.00754	0.01017	0.00881	0.00606	0.16831	0.22552	0.22142	0.07378	0.01440	0.01198	0.00542	0.00401	0.00132	0.00345	0.00429	0.07728	0.00623
5	0.01172	0.04591	0.04098	0.12820	0.26738	0.07920	0.07975	0.15047	0.04854	0.05123	0.00923	0.01147	0.00732	0.04417	0.00503	0.00142	0.00531	0.00391	0.00270	0.00607
6	0.03185	0.04068	0.01072	0.01956	0.03835	0.08616	0.00681	0.24079	0.05172	0.26414	0.02282	0.03330	0.06548	0.02168	0.00450	0.00133	0.00420	0.00443	0.03036	0.02114
7	0.00597	0.00429	0.00511	0.00523	0.00628	0.00381	0.00382	0.00721	0.00990	0.04742	0.22289	0.25558	0.35328	0.02411	0.00539	0.00154	0.00234	0.02787	0.00416	0.00380
8	0.02476	0.00569	0.00665	0.00598	0.00754	0.00555	0.00460	0.12211	0.02814	0.06329	0.40214	0.08361	0.18500	0.00848	0.00479	0.00137	0.00259	0.00725	0.02586	0.00460
9	0.02431	0.01204	0.21408	0.13483	0.23252	0.02212	0.08640	0.01227	0.03311	0.01287	0.02418	0.03144	0.00794	0.02739	0.06521	0.00184	0.04551	0.00412	0.00219	0.00564
10	0.04127	0.01133	0.03773	0.05985	0.07625	0.02277	0.59025	0.05632	0.01037	0.02718	0.00854	0.01109	0.00643	0.00383	0.00487	0.00141	0.01777	0.00461	0.00230	0.00580
11	0.00555	0.00424	0.00487	0.00501	0.00611	0.00371	0.00367	0.00675	0.00981	0.02793	0.18123	0.23163	0.45826	0.01092	0.00512	0.00150	0.00226	0.02360	0.00411	0.00371
12	0.01591	0.01932	0.01200	0.01079	0.01302	0.76339	0.00815	0.03566	0.01215	0.04562	0.00708	0.00805	0.00574	0.00450	0.00406	0.00112	0.02314	0.00285	0.00237	0.00508
13	0.00899	0.00840	0.01292	0.69852	0.04766	0.04027	0.02491	0.06803	0.00946	0.01205	0.00774	0.01114	0.00585	0.00450	0.00449	0.01864	0.00565	0.00377	0.00208	0.00493
14	0.00680	0.00550	0.02122	0.00569	0.00724	0.00506	0.00442	0.00995	0.14598	0.04307	0.15463	0.12310	0.40399	0.00947	0.00488	0.00145	0.00252	0.01922	0.02144	0.00437
15	0.00595	0.00436	0.00526	0.00573	0.00656	0.00407	0.00414	0.00739	0.04324	0.03151	0.02820	0.41235	0.26408	0.06330	0.00628	0.00179	0.00270	0.09544	0.00391	0.00373
16	0.00743	0.00577	0.00707	0.04230	0.00889	0.02487	0.02707	0.04348	0.09761	0.04387	0.04692	0.37205	0.16549	0.01018	0.00504	0.00157	0.00313	0.06929	0.01362	0.00435
17	0.04288	0.01365	0.01147	0.04512	0.01300	0.34811	0.04014	0.16435	0.10210	0.08842	0.03285	0.01255	0.05636	0.00519	0.00414	0.00125	0.00555	0.00393	0.00326	0.00568
18	0.06075	0.01121	0.01073	0.04458	0.05228	0.20724	0.00744	0.14310	0.07824	0.09665	0.07446	0.01318	0.01040	0.05100	0.03655	0.00168	0.08778	0.00405	0.00321	0.00548
19	0.00531	0.00380	0.00498	0.00587	0.00618	0.00356	0.00397	0.00607	0.00817	0.01082	0.02361	0.73487	0.05836	0.06064	0.00635	0.00186	0.00261	0.04565	0.00387	0.00343
20	0.09377	0.00985	0.01098	0.00879	0.02330	0.02090	0.01876	0.42123	0.04872	0.20463	0.03323	0.01190	0.00896	0.00507	0.00406	0.00127	0.00412	0.00392	0.04271	0.02382
21	0.03945	0.06949	0.04958	0.04487	0.09414	0.04769	0.03895	0.27124	0.05744	0.10160	0.01040	0.02657	0.00812	0.02742	0.02111	0.00145	0.02452	0.01138	0.00331	0.05128
22	0.01046	0.15301	0.07830	0.03768	0.19352	0.09567	0.10985	0.03233	0.02571	0.01252	0.02954	0.02396	0.03116	0.01262	0.00561	0.00136	0.12114	0.01770	0.00229	0.00555
23	0.00776	0.00650	0.01927	0.01950	0.02416	0.05409	0.00561	0.03024	0.02305	0.03276	0.09948	0.09130	0.01515	0.16379	0.29073	0.00376	0.08751	0.00558	0.01567	0.00407
24	0.00998	0.00903	0.03949	0.00809	0.02204	0.02314	0.04077	0.10795	0.06549	0.02299	0.00938	0.03985	0.00787	0.00426	0.00392	0.00094	0.02593	0.01405	0.00288	0.54196
25	0.00906	0.00895	0.01256	0.01084	0.01090	0.01244	0.00900	0.01004	0.00654	0.01021	0.00603	0.00987	0.00597	0.00932	0.07657	0.00224	0.77918	0.00379	0.00189	0.00459
26	0.00518	0.00379	0.00487	0.00571	0.00612	0.00348	0.00386	0.00598	0.00841	0.01105	0.03896	0.72930	0.13184	0.01292	0.00537	0.00168	0.00242	0.01162	0.00396	0.00348
27	0.01989	0.01770	0.02477	0.02445	0.04770	0.04510	0.07776	0.00917	0.02467	0.04363	0.03386	0.42153	0.03016	0.07295	0.02298	0.00188	0.01968	0.05449	0.00339	0.00423
28	0.04784	0.14303	0.38535	0.01120	0.03445	0.13106	0.04557	0.06953	0.01939	0.02954	0.00759	0.00881	0.00578	0.00426	0.00423	0.00126	0.03986	0.00313	0.00219	0.00591
29	0.01293	0.00713	0.00862	0.00726	0.00961	0.00702	0.00575	0.13396	0.12330	0.32073	0.11216	0.12317	0.07484	0.00712	0.00454	0.00138	0.00327	0.00600	0.02524	0.00598
30	0.00916	0.06949	0.28950	0.04923	0.01902	0.01016	0.37568	0.01283	0.00954	0.01322	0.03265	0.02952	0.00838	0.00455	0.00457	0.00140	0.00622	0.04700	0.00221	0.00567
31	0.00619	0.00467	0.00584	0.00550	0.00669	0.00436	0.01672	0.00849	0.05092	0.01567	0.54868	0.05137	0.19288	0.00888	0.00492	0.00137	0.00222	0.01902	0.04153	0.00407
32	0.01143	0.81166	0.04112	0.00749	0.01116	0.03793	0.00751	0.01287	0.00874	0.01010	0.00597	0.00690	0.00546	0.00367	0.00279	0.00093	0.00467	0.00231	0.00183	0.00547
33	0.00656	0.00491	0.00628	0.00616	0.00702	0.00529	0.00454	0.04194	0.04695	0.01105	0.03236	0.07235	0.12112	0.19981	0.40913	0.00463	0.00723	0.00599	0.00290	0.00378
34	0.03244	0.31901	0.29285	0.01111	0.05254	0.11693	0.04230	0.02507	0.00996	0.04744	0.00793	0.00925	0.00634	0.00438	0.00383	0.00127	0.00580	0.00313	0.00230	0.00613
35	0.00939	0.00773	0.00901	0.00648	0.01023	0.00599	0.00520	0.04333	0.00936	0.03565	0.00791	0.00903	0.00645	0.00329	0.00323	0.00067	0.00323	0.00262	0.00266	0.81855
36	0.00810	0.00763	0.01288	0.81967	0.04938	0.00947	0.01185	0.01093	0.00854	0.01095	0.00757	0.01132	0.00570	0.00424	0.00425	0.00141	0.00566	0.00378	0.00190	0.00478
37	0.00674	0.00601	0.00804	0.02250	0.02021	0.00681	0.02280	0.00799	0.00890	0.01206	0.16271	0.15506	0.27340	0.00945	0.00773	0.00159	0.25313	0.00742	0.00335	0.00407
38	0.00865	0.03826	0.78995	0.01242	0.04049	0.01003	0.01548	0.01345	0.00900	0.01342	0.00761	0.00898	0.00543	0.00403	0.00402	0.00134	0.00622	0.00314	0.00181	0.00628
39	0.04313	0.00816	0.01032	0.00794	0.01123	0.00767	0.00656	0.17110	0.01353	0.65109	0.01522	0.01345	0.00973	0.00520	0.00423	0.00131	0.00381	0.00414	0.00500	0.00717
40	0.02098	0.00525	0.00588	0.00543	0.00609	0.00537	0.00349	0.07646	0.03927	0.06471	0.01341	0.02438	0.01407	0.65591	0.01760	0.00347	0.00404	0.00569	0.02498	0.00351
41	0.00739	0.00370	0.00554	0.00554	0.00554	0.00370	0.00370	0.00554	0.00554	0.00739	0.00739	0.01293	0.00739	0.01478	0.01663	0.87620	0.00370	0.00370	0.00185	0.00185
42	0.00896	0.00623	0.00729	0.02658	0.03829	0.04427	0.00495	0.06725	0.02198	0.09271	0.09840	0.07769	0.01599	0.31187	0.08486	0.01821	0.01630	0.01483	0.03918	0.00417
43	0.00993	0.00529	0.00685	0.00604	0.00769	0.00480	0.00466	0.02548	0.01142	0.25226	0.39914	0.06863	0.09133	0.05963	0.00585	0.00155	0.00274	0.02725	0.00460	0.00486
44	0.85564	0.00826	0.00645	0.00575	0.00831	0.00965	0.00474	0.01244	0.00722	0.01884	0.00592	0.00698	0.00464	0.00405	0.00296	0.00133	0.02726	0.00234	0.00261	0.00461

[dist]
# distance from previous block
# <min> <max>
0	1

[block]
# block no. 4 follows, 62 sequences, length 12
# corresponding to MSA columns:
# 389-400
name=unknown_E
#
# <colnr> <probs for GDERKNQSTAVLIFYWHMCP>
#	G	D	E	R	K	N	Q	S	T	A	V	L	I	F	Y	W	H	M	C	P
0	0.00592	0.00433	0.00504	0.00525	0.00612	0.00403	0.00388	0.00703	0.00899	0.01172	0.11138	0.07992	0.30898	0.21351	0.00913	0.00217	0.00296	0.15975	0.04641	0.00347
1	0.01072	0.19706	0.17535	0.01085	0.07127	0.11676	0.06905	0.02398	0.04330	0.05167	0.05657	0.01162	0.02247	0.00640	0.05446	0.01452	0.03152	0.00368	0.00246	0.02629
2	0.00900	0.00715	0.00927	0.05827	0.01124	0.00604	0.03899	0.02928	0.00941	0.06268	0.04900	0.04582	0.04010	0.00604	0.04450	0.00122	0.00385	0.02975	0.00292	0.53545
3	0.01116	0.00907	0.01022	0.00776	0.01114	0.00869	0.00628	0.24280	0.10345	0.01791	0.00936	0.01004	0.00730	0.00418	0.00402	0.00096	0.03606	0.00321	0.00320	0.49320
4	0.02751	0.05684	0.13145	0.09659	0.13791	0.06456	0.02723	0.06193	0.07274	0.06060	0.01298	0.05500	0.07952	0.00666	0.04341	0.00157	0.01703	0.00450	0.00280	0.03917
5	0.02871	0.04695	0.14440	0.05561	0.06170	0.14535	0.07805	0.03674	0.01998	0.03979	0.01178	0.12764	0.03660	0.04997	0.06277	0.00188	0.03936	0.00504	0.00260	0.00505
6	0.00831	0.05341	0.08919	0.02017	0.00970	0.00722	0.01924	0.09644	0.07923	0.03358	0.27858	0.08467	0.14956	0.00780	0.00492	0.00139	0.02586	0.02199	0.00384	0.00491
7	0.00832	0.00810	0.04722	0.21769	0.17659	0.00820	0.04256	0.02980	0.06825	0.01329	0.10890	0.01852	0.11617	0.00737	0.04359	0.01708	0.03964	0.02080	0.00282	0.00510
8	0.01137	0.02973	0.04960	0.14919	0.25120	0.08938	0.05184	0.13047	0.01113	0.05989	0.01031	0.02631	0.03416	0.00523	0.00488	0.03008	0.02141	0.02532	0.00268	0.00581
9	0.06632	0.00845	0.09307	0.08926	0.05859	0.00751	0.03142	0.10737	0.01028	0.10531	0.05833	0.03617	0.03807	0.03334	0.06671	0.07531	0.00475	0.05645	0.04827	0.00503
10	0.00845	0.00788	0.01300	0.54787	0.15221	0.00918	0.03715	0.01175	0.06722	0.01192	0.00953	0.06755	0.00802	0.00553	0.02398	0.00154	0.00538	0.00447	0.00226	0.00512
11	0.00994	0.06419	0.16933	0.10543	0.31923	0.00955	0.04399	0.01323	0.05212	0.06650	0.01124	0.05122	0.04078	0.00494	0.00426	0.00134	0.00497	0.01919	0.00253	0.00602

[dist]
# distance from previous block
# <min> <max>
8	19

[block]
# block no. 5 follows, 62 sequences, length 30
# corresponding to MSA columns:
# 426-455
name=unknown_F
#
# <colnr> <probs for GDERKNQSTAVLIFYWHMCP>
#	G	D	E	R	K	N	Q	S	T	A	V	L	I	F	Y	W	H	M	C	P
0	0.01271	0.29165	0.06178	0.01025	0.06108	0.28739	0.00838	0.09224	0.02633	0.01240	0.00771	0.00981	0.00670	0.02742	0.02162	0.00133	0.03092	0.02251	0.00233	0.00543
1	0.01011	0.31085	0.37852	0.03960	0.04000	0.03951	0.01119	0.01315	0.00912	0.04823	0.00877	0.03060	0.02439	0.00444	0.00368	0.00120	0.00533	0.01340	0.00211	0.00579
2	0.00932	0.00815	0.00990	0.00761	0.02722	0.02777	0.04705	0.06222	0.00973	0.01450	0.02424	0.05546	0.00820	0.00401	0.00352	0.00081	0.00355	0.00339	0.00272	0.67062
3	0.00659	0.00495	0.00611	0.01798	0.00725	0.00489	0.00445	0.02634	0.07308	0.02358	0.40398	0.06631	0.17402	0.04923	0.08952	0.00208	0.00339	0.02800	0.00409	0.00415
4	0.01198	0.53277	0.12318	0.00876	0.01238	0.19603	0.00855	0.01412	0.03774	0.01082	0.00668	0.00761	0.00572	0.00393	0.00320	0.00103	0.00542	0.00258	0.00199	0.00550
5	0.00798	0.00782	0.03014	0.56342	0.02323	0.00928	0.04161	0.01038	0.00831	0.01098	0.00984	0.06698	0.03144	0.01597	0.00600	0.00155	0.12319	0.02510	0.00215	0.00463
6	0.00835	0.00634	0.01558	0.01770	0.04368	0.02603	0.01634	0.00919	0.00828	0.05176	0.06030	0.11472	0.03033	0.06580	0.02157	0.18896	0.03054	0.01813	0.00280	0.26359
7	0.00589	0.00440	0.00535	0.00549	0.00646	0.00407	0.00419	0.00728	0.00989	0.01300	0.27222	0.06931	0.26983	0.12580	0.00751	0.00190	0.00277	0.17702	0.00398	0.00365
8	0.02766	0.01120	0.02278	0.01650	0.02040	0.03444	0.68887	0.01353	0.00998	0.03377	0.02958	0.01188	0.00739	0.00436	0.01793	0.00151	0.03541	0.00490	0.00230	0.00562
9	0.00620	0.00471	0.00697	0.00691	0.00761	0.00555	0.00535	0.00764	0.00680	0.00983	0.01127	0.01690	0.01065	0.06392	0.77146	0.00655	0.04104	0.00459	0.00228	0.00378
10	0.00772	0.02225	0.02141	0.03801	0.06517	0.01717	0.02568	0.06758	0.08370	0.01312	0.07216	0.17384	0.16637	0.11632	0.05001	0.00209	0.02676	0.02277	0.00340	0.00447
11	0.80541	0.00861	0.00673	0.00593	0.00860	0.02775	0.00486	0.04292	0.00796	0.04116	0.00640	0.00726	0.00489	0.00404	0.00277	0.00131	0.00345	0.00243	0.00276	0.00479
12	0.01200	0.02782	0.04497	0.06398	0.23757	0.04102	0.07411	0.19096	0.13467	0.05973	0.02165	0.01198	0.00843	0.01715	0.00469	0.00136	0.02041	0.00408	0.01705	0.00638
13	0.00924	0.00761	0.00887	0.00646	0.01011	0.00595	0.00516	0.02440	0.03825	0.03800	0.02702	0.00980	0.00746	0.00347	0.00329	0.00071	0.00317	0.00280	0.00274	0.78548
14	0.00791	0.00599	0.00687	0.00650	0.00780	0.02984	0.00494	0.07661	0.07611	0.04693	0.14916	0.12332	0.16932	0.08607	0.12461	0.00247	0.01735	0.05010	0.00373	0.00437
15	0.00581	0.00416	0.00535	0.00597	0.00658	0.00393	0.00422	0.00724	0.03802	0.02625	0.12629	0.59320	0.08658	0.01205	0.00532	0.00165	0.00252	0.05703	0.00408	0.00375
16	0.01293	0.01006	0.01661	0.01254	0.01575	0.03040	0.33273	0.06603	0.12087	0.22714	0.01166	0.01245	0.00834	0.00486	0.00563	0.00143	0.09646	0.00453	0.00336	0.00622
17	0.00541	0.00393	0.00510	0.00564	0.00619	0.00362	0.00391	0.00653	0.00935	0.01265	0.24846	0.55915	0.09060	0.01184	0.00529	0.00160	0.00232	0.01063	0.00416	0.00362
18	0.00804	0.00756	0.01276	0.84023	0.02931	0.00945	0.01182	0.01087	0.00851	0.01087	0.00756	0.01134	0.00567	0.00425	0.00425	0.00142	0.00567	0.00378	0.00189	0.00473
19	0.01116	0.01018	0.01243	0.01044	0.01169	0.06421	0.03014	0.17089	0.07237	0.03007	0.03246	0.01105	0.00785	0.00762	0.04571	0.00184	0.45782	0.00397	0.00273	0.00537
20	0.03661	0.07481	0.10174	0.17287	0.13440	0.08027	0.10245	0.03304	0.06804	0.05017	0.02880	0.01959	0.00770	0.00459	0.00469	0.00133	0.05296	0.00387	0.00247	0.01961
21	0.00750	0.00716	0.03244	0.00794	0.02202	0.07701	0.03381	0.02448	0.02010	0.01098	0.01651	0.42222	0.02738	0.14191	0.00892	0.00202	0.12226	0.00822	0.00314	0.00396
22	0.00892	0.00806	0.01118	0.00805	0.01182	0.00638	0.12620	0.01103	0.00899	0.01375	0.00812	0.03021	0.00687	0.00347	0.00349	0.00078	0.00374	0.00314	0.00250	0.72330
23	0.00518	0.00372	0.00492	0.00587	0.00616	0.00346	0.00393	0.00593	0.00820	0.01088	0.02412	0.82026	0.05513	0.01324	0.00542	0.00172	0.00246	0.01199	0.00395	0.00346
24	0.02508	0.06687	0.05825	0.12824	0.24522	0.03376	0.10345	0.06868	0.05094	0.02545	0.00852	0.01043	0.00673	0.00407	0.00419	0.00122	0.01960	0.00364	0.01642	0.11927
25	0.00957	0.01141	0.20994	0.00850	0.01243	0.00784	0.02665	0.07389	0.06735	0.03701	0.05887	0.01125	0.00890	0.00428	0.00404	0.00104	0.02855	0.00342	0.02022	0.39484
26	0.00562	0.00407	0.00476	0.00495	0.00572	0.00367	0.00343	0.00613	0.00850	0.01076	0.08500	0.20388	0.38405	0.10908	0.00879	0.13375	0.00267	0.00842	0.00353	0.00321
27	0.00837	0.09623	0.05121	0.00908	0.11836	0.01724	0.00653	0.04160	0.02145	0.05646	0.13862	0.11717	0.21854	0.00795	0.00458	0.00137	0.00341	0.05379	0.00351	0.02452
28	0.02677	0.08602	0.03213	0.00869	0.01194	0.09802	0.02853	0.24356	0.13658	0.01749	0.00994	0.02899	0.00788	0.00457	0.00380	0.00109	0.00440	0.00355	0.00321	0.24283
29	0.00884	0.06032	0.16811	0.00901	0.03161	0.02029	0.04490	0.09711	0.02782	0.03009	0.04959	0.17252	0.04279	0.03855	0.07331	0.00192	0.02445	0.03347	0.00302	0.06227

[dist]
# distance from previous block
# <min> <max>
3	44

[block]
# block no. 6 follows, 62 sequences, length 11
# corresponding to MSA columns:
# 500-510
name=unknown_G
#
# <colnr> <probs for GDERKNQSTAVLIFYWHMCP>
#	G	D	E	R	K	N	Q	S	T	A	V	L	I	F	Y	W	H	M	C	P
0	0.00763	0.00586	0.00754	0.03418	0.03992	0.02507	0.02892	0.00921	0.04678	0.04531	0.05346	0.22404	0.03463	0.22420	0.03538	0.01590	0.02963	0.03288	0.01448	0.08500
1	0.03627	0.08357	0.14763	0.01286	0.19892	0.02631	0.04453	0.09481	0.04922	0.07208	0.02227	0.05396	0.05008	0.06490	0.00548	0.00150	0.01292	0.00450	0.00285	0.01538
2	0.00700	0.03102	0.05285	0.00595	0.00752	0.00504	0.00490	0.03314	0.01102	0.05367	0.43724	0.09989	0.18178	0.00976	0.03874	0.00160	0.00294	0.00749	0.00415	0.00430
3	0.00963	0.06031	0.05637	0.00829	0.05687	0.02899	0.02813	0.03002	0.00922	0.03784	0.00811	0.00996	0.00679	0.04382	0.00425	0.00096	0.00384	0.00294	0.00252	0.59114
4	0.00914	0.02684	0.09451	0.13768	0.17716	0.02263	0.04238	0.05621	0.07126	0.02589	0.09179	0.06167	0.01232	0.07265	0.04188	0.00181	0.02291	0.00487	0.00279	0.02362
5	0.00708	0.00729	0.12748	0.00645	0.00773	0.00564	0.00536	0.05299	0.00776	0.01068	0.03308	0.04276	0.01409	0.51149	0.11755	0.00370	0.00528	0.02731	0.00264	0.00364
6	0.01081	0.06137	0.06185	0.06783	0.18185	0.07558	0.02509	0.11906	0.14747	0.01507	0.01041	0.04085	0.00872	0.04556	0.02073	0.00147	0.00485	0.00407	0.00286	0.09449
7	0.00726	0.00543	0.00738	0.00710	0.00785	0.00622	0.00544	0.03497	0.03224	0.03590	0.05889	0.11152	0.01480	0.12505	0.38580	0.00432	0.10477	0.03816	0.00288	0.00403
8	0.01156	0.63603	0.04425	0.00785	0.01130	0.02976	0.02435	0.07457	0.00972	0.03386	0.00829	0.00907	0.03884	0.00423	0.00339	0.00103	0.02673	0.00288	0.01675	0.00555
9	0.00930	0.00738	0.00872	0.00636	0.00996	0.00561	0.00507	0.01113	0.00900	0.06423	0.00882	0.04555	0.00751	0.00372	0.00332	0.00072	0.00315	0.00305	0.00275	0.78463
10	0.03592	0.00862	0.06536	0.35816	0.04002	0.00875	0.03805	0.07248	0.07280	0.08405	0.04223	0.03166	0.04706	0.03315	0.00498	0.00148	0.01617	0.00451	0.02928	0.00528

[dist]
# distance from previous block
# <min> <max>
5	6

[block]
# block no. 7 follows, 62 sequences, length 17
# corresponding to MSA columns:
# 518-534
name=unknown_H
#
# <colnr> <probs for GDERKNQSTAVLIFYWHMCP>
#	G	D	E	R	K	N	Q	S	T	A	V	L	I	F	Y	W	H	M	C	P
0	0.02219	0.00788	0.06444	0.03703	0.04387	0.02728	0.01558	0.01324	0.23729	0.04257	0.05063	0.11479	0.08395	0.08325	0.04175	0.00190	0.01816	0.02330	0.06588	0.00501
1	0.08188	0.10182	0.18561	0.01336	0.20000	0.03853	0.04271	0.06256	0.09094	0.03147	0.02220	0.04884	0.00829	0.00477	0.00426	0.00130	0.02975	0.00392	0.00261	0.02520
2	0.00777	0.00729	0.02639	0.24753	0.02630	0.00882	0.02830	0.00948	0.00746	0.01048	0.00926	0.05098	0.00875	0.04689	0.21293	0.01784	0.24513	0.02190	0.00215	0.00435
3	0.00882	0.00924	0.04172	0.41419	0.11842	0.00956	0.25004	0.01178	0.00905	0.01215	0.00852	0.02833	0.00682	0.02077	0.01728	0.00154	0.00600	0.00436	0.01621	0.00522
4	0.00894	0.00880	0.01185	0.04997	0.01137	0.04001	0.00860	0.00998	0.00686	0.01017	0.00699	0.02818	0.00697	0.04466	0.09575	0.00241	0.63798	0.00405	0.00199	0.00447
5	0.47459	0.00721	0.00707	0.00613	0.00864	0.00755	0.00497	0.01382	0.00908	0.25083	0.03622	0.06729	0.06522	0.00568	0.00358	0.00136	0.00323	0.01867	0.00365	0.00519
6	0.01090	0.00807	0.00895	0.00799	0.01023	0.00888	0.00620	0.04391	0.54586	0.11834	0.07655	0.08868	0.03328	0.00666	0.00448	0.00144	0.00324	0.00564	0.00443	0.00627
7	0.01412	0.01617	0.01087	0.00974	0.01194	0.55716	0.00740	0.09028	0.10432	0.01331	0.02912	0.01138	0.04410	0.00503	0.00396	0.00117	0.00618	0.00355	0.05498	0.00521
8	0.00527	0.00430	0.00467	0.00470	0.00597	0.00370	0.00352	0.00653	0.01004	0.01251	0.18367	0.08538	0.61039	0.01057	0.00508	0.00145	0.00220	0.03229	0.00408	0.00367
9	0.00950	0.00754	0.00889	0.00639	0.01014	0.00571	0.00512	0.01138	0.00905	0.06784	0.00818	0.00920	0.00658	0.00329	0.00323	0.00068	0.00318	0.00264	0.00270	0.81877
10	0.88052	0.00823	0.00625	0.00560	0.00823	0.00955	0.00461	0.01251	0.00724	0.01909	0.00592	0.00691	0.00461	0.00395	0.00263	0.00132	0.00329	0.00230	0.00263	0.00461
11	0.00636	0.00452	0.00553	0.00541	0.00554	0.00488	0.00345	0.00667	0.00632	0.00865	0.01259	0.02484	0.01405	0.66135	0.15701	0.00444	0.05724	0.00576	0.00248	0.00291
12	0.00729	0.00373	0.00547	0.00547	0.00547	0.00373	0.00360	0.00560	0.00560	0.00746	0.00791	0.01422	0.00808	0.08657	0.01706	0.80129	0.00373	0.00391	0.00191	0.00191
13	0.00971	0.00754	0.00891	0.00641	0.01015	0.00572	0.00515	0.01158	0.00911	0.08370	0.00836	0.00931	0.00667	0.00333	0.00325	0.00069	0.00319	0.00267	0.00276	0.80180
14	0.64411	0.01048	0.00807	0.00747	0.03654	0.13872	0.00575	0.07986	0.00914	0.01821	0.00645	0.00743	0.00504	0.00411	0.00301	0.00128	0.00415	0.00255	0.00268	0.00495
15	0.04040	0.58268	0.09995	0.00806	0.01172	0.08556	0.00800	0.05092	0.00957	0.01180	0.03003	0.00806	0.00654	0.00396	0.00310	0.00101	0.00485	0.00264	0.00209	0.02907
16	0.03499	0.04470	0.10251	0.12026	0.08952	0.07048	0.07418	0.05480	0.01916	0.02644	0.04690	0.02162	0.01848	0.02316	0.02923	0.00144	0.01816	0.03559	0.00257	0.16583

[dist]
# distance from previous block
# <min> <max>
0	6

[block]
# block no. 8 follows, 62 sequences, length 17
# corresponding to MSA columns:
# 541-557
name=unknown_I
#
# <colnr> <probs for GDERKNQSTAVLIFYWHMCP>
#	G	D	E	R	K	N	Q	S	T	A	V	L	I	F	Y	W	H	M	C	P
0	0.02347	0.06666	0.02621	0.09239	0.01368	0.20906	0.03401	0.10666	0.01095	0.14706	0.00908	0.01056	0.00700	0.01621	0.01683	0.00144	0.15998	0.00357	0.03968	0.00550
1	0.02833	0.01784	0.54523	0.02337	0.05740	0.04150	0.09831	0.01340	0.04434	0.01350	0.00994	0.04387	0.03474	0.00467	0.00422	0.00137	0.00588	0.00398	0.00215	0.00596
2	0.00618	0.00417	0.00485	0.00485	0.00493	0.00424	0.00284	0.00632	0.00625	0.00841	0.01321	0.02676	0.01500	0.77097	0.10051	0.00439	0.00483	0.00603	0.00255	0.00270
3	0.83516	0.00803	0.00622	0.00558	0.00813	0.00926	0.00458	0.01228	0.00749	0.01899	0.04824	0.00820	0.00645	0.00420	0.00276	0.00132	0.00322	0.00258	0.00274	0.00458
4	0.02064	0.00454	0.00543	0.00605	0.00657	0.01834	0.00414	0.02085	0.04515	0.01155	0.04046	0.64141	0.05205	0.08221	0.00662	0.00187	0.00279	0.02185	0.00382	0.00367
5	0.00538	0.00405	0.00494	0.00548	0.00618	0.00368	0.00389	0.00638	0.00894	0.01154	0.09116	0.44142	0.26332	0.05551	0.00616	0.00175	0.00254	0.07020	0.00393	0.00353
6	0.01585	0.01176	0.01259	0.00973	0.01307	0.01305	0.00801	0.76446	0.06580	0.02630	0.01062	0.01054	0.00757	0.00515	0.00426	0.00129	0.00461	0.00389	0.00426	0.00721
7	0.00604	0.00445	0.00619	0.00618	0.00683	0.00493	0.00458	0.00722	0.00699	0.00979	0.03136	0.02089	0.06181	0.20410	0.59248	0.00581	0.00908	0.00524	0.00250	0.00353
8	0.00958	0.01005	0.01561	0.01260	0.01374	0.04462	0.20356	0.01116	0.00766	0.01110	0.00707	0.04317	0.00669	0.00662	0.01105	0.00172	0.57274	0.00433	0.00203	0.00488
9	0.06978	0.09159	0.01332	0.07525	0.10504	0.16058	0.02459	0.25646	0.07862	0.03166	0.00945	0.03699	0.00757	0.00487	0.00411	0.00126	0.01605	0.00376	0.00306	0.00600
10	0.00886	0.00780	0.01108	0.48129	0.02086	0.03534	0.03347	0.05900	0.09476	0.01325	0.01160	0.04145	0.03955	0.00519	0.00421	0.00137	0.00478	0.01590	0.10527	0.00494
11	0.31895	0.04892	0.03648	0.00833	0.02344	0.20704	0.00677	0.10635	0.03218	0.14458	0.00939	0.00968	0.02203	0.00456	0.00353	0.00125	0.00471	0.00314	0.00313	0.00556
12	0.02800	0.00870	0.03781	0.02289	0.03783	0.05996	0.03933	0.01003	0.00764	0.01104	0.05483	0.01380	0.00956	0.09025	0.17610	0.00289	0.35805	0.00426	0.00225	0.02478
13	0.00678	0.00513	0.00587	0.00621	0.00708	0.03712	0.00452	0.03461	0.02490	0.03840	0.08321	0.44602	0.14278	0.04960	0.00597	0.00173	0.00295	0.08930	0.00393	0.00389
14	0.00895	0.02916	0.06332	0.01047	0.07429	0.05006	0.12799	0.02475	0.02283	0.07383	0.03940	0.24380	0.03859	0.04970	0.06986	0.00202	0.04677	0.01627	0.00309	0.00484
