[name]
unknown

[dist]
# distance from previous block
# <min> <max>
4	1137

[block]
# block no. 0 follows, 60 sequences, length 28
# corresponding to MSA columns:
# 1138-1148,1150-1166
name=unknown_A
#
# <colnr> <probs for GDERKNQSTAVLIFYWHMCP>
#	G	D	E	R	K	N	Q	S	T	A	V	L	I	F	Y	W	H	M	C	P
0	0.02950	0.00953	0.01420	0.30091	0.13951	0.01130	0.04971	0.14288	0.02453	0.02955	0.00817	0.01088	0.00646	0.00519	0.00665	0.00151	0.19741	0.00393	0.00250	0.00569
1	0.02757	0.01099	0.01196	0.00935	0.01256	0.01200	0.00769	0.63354	0.04861	0.08394	0.05055	0.01290	0.00990	0.00556	0.00438	0.00133	0.00443	0.01866	0.02704	0.00705
2	0.08506	0.02148	0.07157	0.07318	0.01327	0.03928	0.00784	0.09470	0.28544	0.22660	0.02780	0.01355	0.01032	0.00528	0.00422	0.00139	0.00420	0.00421	0.00404	0.00658
3	0.04201	0.01156	0.02097	0.00914	0.02226	0.15005	0.00719	0.20308	0.24930	0.04601	0.05707	0.01280	0.01060	0.00515	0.00413	0.00124	0.00448	0.00401	0.00370	0.13526
4	0.41805	0.00943	0.01224	0.01634	0.40950	0.01020	0.00918	0.01302	0.00864	0.01661	0.00711	0.00901	0.00584	0.00410	0.00391	0.00134	0.03411	0.00317	0.00240	0.00581
5	0.04748	0.00768	0.01013	0.02256	0.04821	0.00663	0.00647	0.01796	0.01130	0.54943	0.01397	0.01294	0.00928	0.00474	0.00405	0.00118	0.00369	0.00385	0.00442	0.21404
6	0.00904	0.00775	0.00904	0.00646	0.01034	0.00581	0.00517	0.01098	0.00904	0.01421	0.00775	0.00904	0.00646	0.00323	0.00323	0.00065	0.00323	0.00258	0.00258	0.87339
7	0.00824	0.00775	0.01308	0.83624	0.03004	0.00969	0.01211	0.01114	0.00872	0.01114	0.00775	0.01163	0.00581	0.00436	0.00436	0.00145	0.00581	0.00388	0.00194	0.00484
8	0.01061	0.01008	0.01667	0.08519	0.68943	0.01036	0.01272	0.01409	0.08083	0.01437	0.00902	0.01134	0.00739	0.00410	0.00433	0.00132	0.00508	0.00398	0.00234	0.00676
9	0.00952	0.01432	0.25571	0.01577	0.02047	0.01024	0.51310	0.01341	0.00989	0.01377	0.00969	0.04816	0.00790	0.00453	0.00490	0.00148	0.00677	0.03226	0.00224	0.00588
10	0.75775	0.00886	0.00723	0.00629	0.00907	0.01021	0.00517	0.09557	0.03684	0.02035	0.00694	0.00776	0.00530	0.00424	0.00293	0.00135	0.00352	0.00261	0.00293	0.00508
11	0.00624	0.00450	0.00499	0.00504	0.00553	0.00438	0.00320	0.00713	0.04208	0.00994	0.02178	0.07223	0.20177	0.54729	0.01611	0.00327	0.00364	0.03456	0.00316	0.00316
12	0.01541	0.01929	0.01233	0.01181	0.05575	0.73768	0.00851	0.01664	0.01192	0.01083	0.00711	0.00856	0.00600	0.00612	0.05232	0.00148	0.00795	0.00298	0.00225	0.00509
13	0.00914	0.00872	0.01463	0.45616	0.27567	0.01013	0.02934	0.01173	0.00888	0.01208	0.00786	0.01136	0.00634	0.00550	0.03410	0.00164	0.08527	0.00393	0.00202	0.00548
14	0.03293	0.01147	0.01255	0.00970	0.01306	0.01258	0.00800	0.66332	0.04063	0.11559	0.01123	0.01103	0.00787	0.00530	0.00456	0.00133	0.02318	0.00397	0.00439	0.00729
15	0.46482	0.01174	0.01016	0.00890	0.02870	0.19539	0.05845	0.06093	0.03773	0.04576	0.00750	0.00853	0.00581	0.00443	0.00381	0.00133	0.03499	0.00298	0.00278	0.00525
16	0.00954	0.00954	0.01336	0.01145	0.01145	0.01336	0.00954	0.01050	0.00668	0.01050	0.00573	0.00954	0.00573	0.00763	0.01431	0.00191	0.83874	0.00382	0.00191	0.00477
17	0.01658	0.01222	0.01309	0.01003	0.01353	0.01353	0.00829	0.80497	0.02051	0.02749	0.01047	0.01047	0.00742	0.00524	0.00436	0.00131	0.00480	0.00393	0.00436	0.00742
18	0.00703	0.00502	0.00703	0.00803	0.00904	0.00502	0.00703	0.00904	0.01004	0.01305	0.02309	0.04920	0.02510	0.01205	0.00602	0.00201	0.00402	0.79016	0.00402	0.00402
19	0.01629	0.02079	0.01236	0.01124	0.01348	0.82921	0.00843	0.01742	0.01236	0.01067	0.00674	0.00787	0.00562	0.00449	0.00393	0.00112	0.00787	0.00281	0.00225	0.00506
20	0.00904	0.00775	0.00904	0.00646	0.01034	0.00581	0.00517	0.01098	0.00904	0.01421	0.00775	0.00904	0.00646	0.00323	0.00323	0.00065	0.00323	0.00258	0.00258	0.87339
21	0.00975	0.18187	0.62207	0.01140	0.01708	0.05949	0.01400	0.01388	0.00933	0.01294	0.00742	0.00870	0.00554	0.00408	0.00387	0.00128	0.00619	0.00303	0.00187	0.00620
22	0.00824	0.00775	0.01308	0.83624	0.03004	0.00969	0.01211	0.01114	0.00872	0.01114	0.00775	0.01163	0.00581	0.00436	0.00436	0.00145	0.00581	0.00388	0.00194	0.00484
23	0.01137	0.00901	0.01078	0.02276	0.07576	0.00822	0.00677	0.20615	0.02957	0.04668	0.00928	0.02346	0.00739	0.00410	0.00372	0.00094	0.00382	0.00331	0.00314	0.51376
24	0.01113	0.00949	0.01225	0.06219	0.23461	0.01045	0.00896	0.06551	0.44764	0.04272	0.01457	0.02757	0.02244	0.00541	0.00442	0.00142	0.00412	0.00468	0.00368	0.00673
25	0.01023	0.14559	0.60625	0.01131	0.01699	0.01135	0.01381	0.08043	0.01022	0.04338	0.00812	0.00918	0.00588	0.00422	0.00397	0.00131	0.00594	0.00319	0.00218	0.00643
26	0.71223	0.02881	0.02296	0.00665	0.00945	0.08205	0.00555	0.06316	0.00875	0.01897	0.00644	0.00740	0.00501	0.00416	0.00294	0.00132	0.00394	0.00251	0.00273	0.00497
27	0.00541	0.00387	0.00515	0.00601	0.00635	0.00361	0.00406	0.00631	0.00879	0.01184	0.11190	0.75401	0.03021	0.01314	0.00552	0.00173	0.00248	0.01190	0.00413	0.00361

[dist]
# distance from previous block
# <min> <max>
0	2

[block]
# block no. 1 follows, 60 sequences, length 151
# corresponding to MSA columns:
# 1169-1298,1300-1320
name=unknown_B
#
# <colnr> <probs for GDERKNQSTAVLIFYWHMCP>
#	G	D	E	R	K	N	Q	S	T	A	V	L	I	F	Y	W	H	M	C	P
0	0.01079	0.01038	0.01782	0.02665	0.80774	0.01037	0.02506	0.01339	0.00994	0.01424	0.00821	0.01081	0.00690	0.00388	0.00433	0.00130	0.00521	0.00390	0.00216	0.00689
1	0.87753	0.00843	0.00641	0.00574	0.00843	0.00978	0.00472	0.01282	0.00742	0.01957	0.00607	0.00709	0.00472	0.00405	0.00270	0.00135	0.00337	0.00236	0.00270	0.00472
2	0.00617	0.00446	0.00583	0.00549	0.00652	0.00412	0.00412	0.00823	0.01235	0.01749	0.81722	0.03258	0.04115	0.00892	0.00514	0.00137	0.00206	0.00789	0.00480	0.00412
3	0.13957	0.00774	0.00971	0.00756	0.01085	0.00715	0.00624	0.04959	0.01208	0.68018	0.01539	0.01359	0.00982	0.00520	0.00415	0.00135	0.00370	0.00409	0.00498	0.00704
4	0.01126	0.01156	0.01596	0.03805	0.57179	0.13134	0.01190	0.01345	0.01001	0.01338	0.03553	0.01100	0.00775	0.00455	0.00534	0.00134	0.09343	0.00386	0.00223	0.00627
5	0.00821	0.00605	0.00745	0.00604	0.00844	0.00497	0.00470	0.01015	0.01080	0.06584	0.38724	0.03888	0.03677	0.00637	0.00428	0.00107	0.00268	0.00549	0.00385	0.38071
6	0.00824	0.00775	0.01308	0.83624	0.03004	0.00969	0.01211	0.01114	0.00872	0.01114	0.00775	0.01163	0.00581	0.00436	0.00436	0.00145	0.00581	0.00388	0.00194	0.00484
7	0.01217	0.03130	0.01093	0.00910	0.01183	0.01162	0.00723	0.20096	0.61114	0.02015	0.01580	0.01472	0.01178	0.00571	0.00438	0.00143	0.00379	0.00464	0.00436	0.00699
8	0.01062	0.01023	0.01763	0.07885	0.74612	0.01034	0.03550	0.01326	0.00986	0.01404	0.00819	0.01088	0.00683	0.00391	0.00434	0.00131	0.00528	0.00392	0.00215	0.00675
9	0.38096	0.00881	0.00915	0.00736	0.01047	0.00926	0.00607	0.17466	0.01195	0.32452	0.01116	0.01069	0.00756	0.00480	0.00367	0.00134	0.00379	0.00344	0.00405	0.00628
10	0.01085	0.00937	0.00986	0.00888	0.01134	0.01085	0.00690	0.02318	0.81164	0.01824	0.01775	0.01627	0.01331	0.00592	0.00444	0.00148	0.00345	0.00493	0.00444	0.00690
11	0.00515	0.00442	0.00442	0.00442	0.00589	0.00368	0.00331	0.00626	0.00994	0.01178	0.04418	0.04197	0.81775	0.01105	0.00515	0.00147	0.00221	0.00920	0.00405	0.00368
12	0.01104	0.01082	0.01747	0.02609	0.78415	0.04629	0.01317	0.01356	0.01004	0.01409	0.00814	0.01067	0.00685	0.00391	0.00430	0.00129	0.00530	0.00384	0.00216	0.00683
13	0.00824	0.00775	0.01308	0.83624	0.03004	0.00969	0.01211	0.01114	0.00872	0.01114	0.00775	0.01163	0.00581	0.00436	0.00436	0.00145	0.00581	0.00388	0.00194	0.00484
14	0.00531	0.00380	0.00506	0.00607	0.00633	0.00354	0.00405	0.00607	0.00835	0.01113	0.02404	0.84388	0.02885	0.01366	0.00557	0.00177	0.00253	0.01240	0.00405	0.00354
15	0.01029	0.01176	0.02574	0.01838	0.02279	0.01103	0.80368	0.01397	0.01029	0.01397	0.00882	0.01176	0.00662	0.00368	0.00515	0.00147	0.00735	0.00515	0.00221	0.00588
16	0.00703	0.00502	0.00703	0.00803	0.00904	0.00502	0.00703	0.00904	0.01004	0.01305	0.02309	0.04920	0.02510	0.01205	0.00602	0.00201	0.00402	0.79016	0.00402	0.00402
17	0.00623	0.00467	0.00701	0.00701	0.00779	0.00545	0.00545	0.00779	0.00701	0.01012	0.01168	0.01713	0.01090	0.03271	0.82944	0.00701	0.01168	0.00467	0.00234	0.00389
18	0.00824	0.00775	0.01308	0.83624	0.03004	0.00969	0.01211	0.01114	0.00872	0.01114	0.00775	0.01163	0.00581	0.00436	0.00436	0.00145	0.00581	0.00388	0.00194	0.00484
19	0.01582	0.01985	0.01217	0.01136	0.03431	0.77493	0.00834	0.01702	0.01217	0.01099	0.00708	0.00828	0.00587	0.00450	0.00391	0.00112	0.00756	0.00289	0.03677	0.00507
20	0.00822	0.00685	0.01088	0.00872	0.01016	0.00677	0.21025	0.07527	0.00855	0.01148	0.01220	0.02269	0.01276	0.55817	0.01629	0.00327	0.00508	0.00583	0.00267	0.00388
21	0.01072	0.01028	0.01756	0.05101	0.79587	0.01034	0.01335	0.01332	0.00989	0.01416	0.00819	0.01082	0.00688	0.00390	0.00432	0.00130	0.00520	0.00389	0.00215	0.00685
22	0.01596	0.00754	0.00975	0.00731	0.01086	0.00621	0.00598	0.01774	0.01131	0.54578	0.01397	0.01286	0.00931	0.00466	0.00399	0.00111	0.00355	0.00377	0.00443	0.30392
23	0.01079	0.01036	0.01770	0.02677	0.81952	0.01036	0.01339	0.01339	0.00993	0.01425	0.00820	0.01079	0.00691	0.00389	0.00432	0.00130	0.00518	0.00389	0.00216	0.00691
24	0.00824	0.00775	0.01308	0.83624	0.03004	0.00969	0.01211	0.01114	0.00872	0.01114	0.00775	0.01163	0.00581	0.00436	0.00436	0.00145	0.00581	0.00388	0.00194	0.00484
25	0.01339	0.54112	0.01897	0.00883	0.01205	0.29779	0.00782	0.03524	0.01037	0.01085	0.00641	0.00739	0.00565	0.00403	0.00323	0.00101	0.00577	0.00254	0.00206	0.00546
26	0.00945	0.00889	0.01483	0.47386	0.34591	0.00993	0.01237	0.02741	0.00944	0.01279	0.00799	0.01120	0.00630	0.00416	0.00431	0.00137	0.00547	0.00385	0.00209	0.02840
27	0.03323	0.00847	0.01046	0.05958	0.09476	0.01947	0.02725	0.09169	0.30504	0.06660	0.17602	0.03150	0.04448	0.00629	0.00456	0.00141	0.00373	0.00540	0.00403	0.00603
28	0.87753	0.00843	0.00641	0.00574	0.00843	0.00978	0.00472	0.01282	0.00742	0.01957	0.00607	0.00709	0.00472	0.00405	0.00270	0.00135	0.00337	0.00236	0.00270	0.00472
29	0.01049	0.01199	0.11517	0.04417	0.60683	0.02336	0.06603	0.01337	0.00975	0.01390	0.00807	0.01060	0.00663	0.00407	0.00472	0.00134	0.03690	0.00387	0.00211	0.00662
30	0.00518	0.00442	0.00445	0.00445	0.00591	0.00369	0.00333	0.00631	0.01000	0.01193	0.06362	0.04174	0.79822	0.01099	0.00515	0.00147	0.00221	0.00917	0.00407	0.00369
31	0.00524	0.00416	0.00471	0.00511	0.00608	0.00363	0.00363	0.00622	0.00934	0.01163	0.05077	0.36910	0.48087	0.01207	0.00532	0.00159	0.00234	0.01048	0.00406	0.00363
32	0.01241	0.00989	0.01089	0.02086	0.03150	0.01125	0.00741	0.28592	0.40440	0.02067	0.03263	0.01417	0.01120	0.00571	0.00480	0.00140	0.04348	0.00451	0.06018	0.00670
33	0.00995	0.00772	0.00914	0.00657	0.01040	0.00587	0.00528	0.01187	0.00934	0.08407	0.00857	0.00955	0.00683	0.00342	0.00333	0.00071	0.00327	0.00274	0.00283	0.79854
34	0.01957	0.00742	0.01012	0.00776	0.01113	0.00641	0.00641	0.02126	0.01248	0.82254	0.01721	0.01484	0.01080	0.00540	0.00439	0.00135	0.00371	0.00439	0.00540	0.00742
35	0.00917	0.00782	0.00911	0.00652	0.01039	0.00594	0.00522	0.02379	0.00923	0.01443	0.00780	0.00907	0.00648	0.00326	0.00325	0.00066	0.00326	0.00261	0.00261	0.85942
36	0.00634	0.00423	0.00476	0.00476	0.00476	0.00423	0.00264	0.00634	0.00634	0.00846	0.01374	0.02854	0.01586	0.84672	0.02220	0.00423	0.00423	0.00634	0.00264	0.00264
37	0.01029	0.01176	0.02574	0.01838	0.02279	0.01103	0.80368	0.01397	0.01029	0.01397	0.00882	0.01176	0.00662	0.00368	0.00515	0.00147	0.00735	0.00515	0.00221	0.00588
38	0.85493	0.00853	0.00659	0.00585	0.00857	0.00988	0.00482	0.03361	0.00777	0.01978	0.00619	0.00717	0.00479	0.00408	0.00274	0.00135	0.00341	0.00240	0.00274	0.00479
39	0.00804	0.00505	0.00784	0.18387	0.03883	0.00550	0.00600	0.02562	0.00682	0.00903	0.00770	0.01276	0.00717	0.01223	0.01361	0.63703	0.00429	0.00381	0.00197	0.00282
40	0.00742	0.00682	0.00925	0.00872	0.02106	0.05884	0.08498	0.00875	0.00916	0.01230	0.13971	0.43400	0.02291	0.01022	0.00678	0.00165	0.14088	0.00884	0.00349	0.00421
41	0.01325	0.00939	0.01061	0.00850	0.03849	0.04444	0.00659	0.18479	0.05136	0.17990	0.01070	0.01088	0.00785	0.00431	0.00383	0.00101	0.00395	0.00340	0.00359	0.40315
42	0.01641	0.01138	0.01269	0.00971	0.01316	0.01227	0.02263	0.66448	0.01887	0.11543	0.01120	0.01107	0.00784	0.00517	0.00432	0.00129	0.00462	0.00397	0.02354	0.02992
43	0.87753	0.00843	0.00641	0.00574	0.00843	0.00978	0.00472	0.01282	0.00742	0.01957	0.00607	0.00709	0.00472	0.00405	0.00270	0.00135	0.00337	0.00236	0.00270	0.00472
44	0.01175	0.00948	0.01013	0.00889	0.01148	0.01080	0.00698	0.09882	0.68574	0.05728	0.02816	0.01587	0.01301	0.00587	0.00444	0.00146	0.00358	0.00485	0.00448	0.00694
45	0.00746	0.00629	0.01022	0.08449	0.01239	0.00627	0.13396	0.01010	0.03382	0.01442	0.25029	0.03377	0.05067	0.00889	0.00540	0.00165	0.00407	0.31757	0.00378	0.00449
46	0.01862	0.00894	0.01106	0.00848	0.01189	0.00867	0.00701	0.26987	0.01503	0.57033	0.01507	0.01346	0.00972	0.00535	0.00438	0.00134	0.00406	0.00424	0.00507	0.00742
47	0.00824	0.00775	0.01308	0.83624	0.03004	0.00969	0.01211	0.01114	0.00872	0.01114	0.00775	0.01163	0.00581	0.00436	0.00436	0.00145	0.00581	0.00388	0.00194	0.00484
48	0.00611	0.00446	0.00575	0.00542	0.00648	0.00409	0.00407	0.00812	0.01221	0.01716	0.77213	0.03313	0.08645	0.00904	0.00514	0.00138	0.00207	0.00796	0.00476	0.00409
49	0.00875	0.02256	0.82413	0.01243	0.01888	0.01013	0.01611	0.01381	0.00921	0.01381	0.00783	0.00921	0.00552	0.00414	0.00414	0.00138	0.00645	0.00322	0.00184	0.00645
50	0.00904	0.00775	0.00904	0.00646	0.01034	0.00581	0.00517	0.01098	0.00904	0.01421	0.00775	0.00904	0.00646	0.00323	0.00323	0.00065	0.00323	0.00258	0.00258	0.87339
51	0.01592	0.01578	0.01236	0.01042	0.01323	0.38956	0.00817	0.34405	0.09849	0.03551	0.00965	0.00996	0.00727	0.00497	0.00417	0.00124	0.00605	0.00352	0.00342	0.00627
52	0.00952	0.00984	0.01853	0.18723	0.02088	0.00944	0.41573	0.01254	0.00957	0.01337	0.00826	0.01099	0.00639	0.00378	0.00466	0.00126	0.02175	0.00419	0.00224	0.22981
53	0.00992	0.00947	0.01611	0.30502	0.54814	0.01013	0.01295	0.01261	0.00951	0.01318	0.00805	0.01108	0.00653	0.00405	0.00433	0.00135	0.00540	0.00388	0.00208	0.00620
54	0.00758	0.00379	0.00568	0.00568	0.00568	0.00379	0.00379	0.00568	0.00568	0.00758	0.00758	0.01326	0.00758	0.01515	0.01705	0.87311	0.00379	0.00379	0.00189	0.00189
55	0.00634	0.00423	0.00476	0.00476	0.00476	0.00423	0.00264	0.00634	0.00634	0.00846	0.01374	0.02854	0.01586	0.84672	0.02220	0.00423	0.00423	0.00634	0.00264	0.00264
56	0.57954	0.09205	0.06105	0.00700	0.01018	0.01085	0.00627	0.11762	0.00966	0.06121	0.00734	0.00806	0.00553	0.00425	0.00311	0.00131	0.00390	0.00273	0.00292	0.00541
57	0.01629	0.02079	0.01236	0.01124	0.01348	0.82921	0.00843	0.01742	0.01236	0.01067	0.00674	0.00787	0.00562	0.00449	0.00393	0.00112	0.00787	0.00281	0.00225	0.00506
58	0.01609	0.01197	0.01281	0.00994	0.01334	0.01329	0.00817	0.73765	0.08863	0.02669	0.01110	0.01097	0.00792	0.00529	0.00437	0.00132	0.00468	0.00401	0.00437	0.00737
59	0.00828	0.00780	0.01317	0.82117	0.04473	0.00970	0.01214	0.01119	0.00874	0.01120	0.00776	0.01161	0.00583	0.00435	0.00436	0.00145	0.00580	0.00388	0.00194	0.00488
60	0.00617	0.00446	0.00583	0.00549	0.00652	0.00412	0.00412	0.00823	0.01235	0.01749	0.81722	0.03258	0.04115	0.00892	0.00514	0.00137	0.00206	0.00789	0.00480	0.00412
61	0.00518	0.00442	0.00445	0.00444	0.00591	0.00369	0.00333	0.00630	0.01000	0.01191	0.06165	0.04176	0.80020	0.01100	0.00515	0.00147	0.00221	0.00917	0.00407	0.00369
62	0.12491	0.01159	0.01208	0.00943	0.01277	0.01292	0.00777	0.66537	0.05900	0.02602	0.01029	0.01034	0.00738	0.00512	0.00416	0.00132	0.00455	0.00378	0.00416	0.00705
63	0.01029	0.01176	0.02574	0.01838	0.02279	0.01103	0.80368	0.01397	0.01029	0.01397	0.00882	0.01176	0.00662	0.00368	0.00515	0.00147	0.00735	0.00515	0.00221	0.00588
64	0.01550	0.01801	0.01258	0.01187	0.06501	0.59965	0.00859	0.11879	0.08385	0.01373	0.00829	0.00913	0.00661	0.00468	0.00406	0.00119	0.00691	0.00321	0.00271	0.00564
65	0.01941	0.00767	0.01028	0.00788	0.01126	0.00678	0.00651	0.06213	0.01290	0.78107	0.01686	0.01462	0.01062	0.00539	0.00438	0.00135	0.00377	0.00436	0.00534	0.00742
66	0.00531	0.00380	0.00506	0.00607	0.00633	0.00354	0.00405	0.00607	0.00835	0.01113	0.02404	0.84388	0.02885	0.01366	0.00557	0.00177	0.00253	0.01240	0.00405	0.00354
67	0.01029	0.01176	0.02574	0.01838	0.02279	0.01103	0.80368	0.01397	0.01029	0.01397	0.00882	0.01176	0.00662	0.00368	0.00515	0.00147	0.00735	0.00515	0.00221	0.00588
68	0.01093	0.01062	0.01738	0.02535	0.74332	0.03189	0.03081	0.01395	0.04675	0.01433	0.00862	0.01099	0.00716	0.00399	0.00433	0.00130	0.00522	0.00393	0.00227	0.00684
69	0.00634	0.00423	0.00476	0.00476	0.00476	0.00423	0.00264	0.00634	0.00634	0.00846	0.01374	0.02854	0.01586	0.84672	0.02220	0.00423	0.00423	0.00634	0.00264	0.00264
70	0.01029	0.01176	0.02574	0.01838	0.02279	0.01103	0.80368	0.01397	0.01029	0.01397	0.00882	0.01176	0.00662	0.00368	0.00515	0.00147	0.00735	0.00515	0.00221	0.00588
71	0.01146	0.25120	0.29689	0.01099	0.06022	0.06625	0.01087	0.10128	0.11145	0.02685	0.00896	0.00970	0.00689	0.00440	0.00383	0.00124	0.00537	0.00329	0.00255	0.00632
72	0.00941	0.02163	0.77399	0.01214	0.01840	0.00990	0.01552	0.01427	0.00941	0.06362	0.00840	0.00956	0.00585	0.00422	0.00416	0.00138	0.00628	0.00329	0.00206	0.00651
73	0.00560	0.00410	0.00516	0.00589	0.00642	0.00382	0.00414	0.00650	0.00863	0.01121	0.02643	0.52142	0.16635	0.09830	0.00725	0.00200	0.00283	0.10652	0.00390	0.00353
74	0.87753	0.00843	0.00641	0.00574	0.00843	0.00978	0.00472	0.01282	0.00742	0.01957	0.00607	0.00709	0.00472	0.00405	0.00270	0.00135	0.00337	0.00236	0.00270	0.00472
75	0.01388	0.00927	0.03116	0.03718	0.30765	0.00881	0.05034	0.04169	0.08750	0.31227	0.04604	0.01374	0.01031	0.00489	0.00443	0.00135	0.00449	0.00439	0.00373	0.00688
76	0.01785	0.00704	0.00957	0.00747	0.01054	0.00612	0.00612	0.01959	0.01247	0.71947	0.11963	0.01712	0.01468	0.00585	0.00448	0.00135	0.00350	0.00483	0.00532	0.00700
77	0.00674	0.00500	0.00675	0.03770	0.04128	0.00478	0.00550	0.00865	0.01101	0.02981	0.38401	0.05772	0.15348	0.00978	0.00532	0.00157	0.00292	0.21954	0.00425	0.00421
78	0.01073	0.01024	0.01737	0.07329	0.76266	0.01037	0.01324	0.02431	0.01001	0.01425	0.00821	0.01084	0.00685	0.00393	0.00432	0.00130	0.00521	0.00389	0.00218	0.00680
79	0.01425	0.38676	0.01700	0.00957	0.01247	0.47058	0.00800	0.01549	0.01081	0.01049	0.00644	0.00748	0.00561	0.00416	0.00343	0.00104	0.00645	0.00260	0.00208	0.00530
80	0.00931	0.00791	0.00918	0.00658	0.01045	0.00608	0.00528	0.03866	0.00944	0.01467	0.00785	0.00909	0.00649	0.00330	0.00327	0.00067	0.00328	0.00263	0.00265	0.84319
81	0.00623	0.00466	0.00696	0.00696	0.00773	0.00543	0.00540	0.00776	0.00700	0.01009	0.01172	0.01736	0.01100	0.04893	0.81335	0.00695	0.01153	0.00471	0.00234	0.00387
82	0.01113	0.16278	0.02239	0.03838	0.14221	0.08946	0.44347	0.01397	0.01014	0.01296	0.00801	0.01039	0.00636	0.00381	0.00446	0.00131	0.00655	0.00419	0.00213	0.00588
83	0.00619	0.00449	0.00586	0.00562	0.00666	0.00416	0.00428	0.00821	0.01210	0.01698	0.73565	0.03404	0.06822	0.00920	0.00520	0.00142	0.00220	0.06068	0.00472	0.00409
84	0.00561	0.00444	0.00505	0.00489	0.00617	0.00387	0.00367	0.00714	0.01101	0.01432	0.38782	0.03780	0.47252	0.01010	0.00515	0.00143	0.00214	0.00862	0.00438	0.00387
85	0.00696	0.00499	0.00695	0.00793	0.00893	0.00497	0.00691	0.00893	0.01001	0.01299	0.02350	0.06298	0.03992	0.01206	0.00600	0.00199	0.00396	0.76201	0.00402	0.00400
86	0.01075	0.01032	0.01763	0.03935	0.80725	0.01035	0.01337	0.01335	0.00991	0.01420	0.00820	0.01081	0.00689	0.00389	0.00432	0.00130	0.00519	0.00389	0.00216	0.00688
87	0.00979	0.00804	0.00987	0.00718	0.01096	0.00639	0.03596	0.05019	0.00980	0.04400	0.00866	0.01044	0.00714	0.00365	0.00347	0.00077	0.00350	0.02277	0.00279	0.74463
88	0.01166	0.00977	0.01032	0.00904	0.01165	0.01123	0.00710	0.13330	0.70020	0.01955	0.01673	0.01546	0.01248	0.00582	0.00443	0.00146	0.00364	0.00479	0.00443	0.00698
89	0.05344	0.01289	0.01849	0.04625	0.15209	0.18441	0.35178	0.01542	0.09510	0.01394	0.00905	0.01102	0.00704	0.00416	0.00453	0.00136	0.00644	0.00424	0.00246	0.00589
90	0.00535	0.00382	0.00510	0.00611	0.00638	0.00357	0.00411	0.00613	0.00838	0.01117	0.02402	0.82879	0.02878	0.01363	0.00558	0.00178	0.00256	0.02717	0.00405	0.00355
91	0.00904	0.00775	0.00904	0.00646	0.01034	0.00581	0.00517	0.01098	0.00904	0.01421	0.00775	0.00904	0.00646	0.00323	0.00323	0.00065	0.00323	0.00258	0.00258	0.87339
92	0.00552	0.00443	0.00492	0.00480	0.00611	0.00384	0.00360	0.00696	0.01079	0.01381	0.31826	0.03864	0.54240	0.01029	0.00515	0.00144	0.00216	0.00874	0.00432	0.00384
93	0.01112	0.00950	0.01001	0.00893	0.01144	0.01097	0.00697	0.06005	0.77432	0.01868	0.01741	0.01600	0.01304	0.00589	0.00443	0.00147	0.00352	0.00488	0.00443	0.00693
94	0.00531	0.00380	0.00506	0.00607	0.00633	0.00354	0.00405	0.00607	0.00835	0.01113	0.02404	0.84388	0.02885	0.01366	0.00557	0.00177	0.00253	0.01240	0.00405	0.00354
95	0.00531	0.00380	0.00506	0.00607	0.00633	0.00354	0.00405	0.00607	0.00835	0.01113	0.02404	0.84388	0.02885	0.01366	0.00557	0.00177	0.00253	0.01240	0.00405	0.00354
96	0.01427	0.01829	0.05931	0.01322	0.01630	0.55003	0.22467	0.02926	0.01177	0.01201	0.00743	0.00904	0.00591	0.00427	0.00428	0.00123	0.00760	0.00348	0.00225	0.00539
97	0.00919	0.01948	0.59611	0.01413	0.02000	0.01039	0.24103	0.01386	0.00952	0.01386	0.00811	0.00994	0.00584	0.00401	0.00443	0.00141	0.00670	0.00377	0.00195	0.00628
98	0.01137	0.00995	0.01574	0.02149	0.57561	0.01013	0.03217	0.03063	0.14722	0.06747	0.02786	0.01248	0.00899	0.00446	0.00438	0.00134	0.00477	0.00422	0.00286	0.00686
99	0.03156	0.00830	0.01073	0.00853	0.02936	0.00773	0.00685	0.15160	0.01369	0.66026	0.01572	0.01391	0.01006	0.00532	0.00436	0.00134	0.00392	0.00427	0.00511	0.00737
100	0.01219	0.00924	0.01522	0.05059	0.54410	0.00906	0.02654	0.01458	0.01057	0.18325	0.05694	0.01367	0.00999	0.00466	0.00443	0.00133	0.00474	0.01917	0.00302	0.00670
101	0.01246	0.01454	0.01199	0.02662	0.01244	0.43694	0.03536	0.01367	0.00983	0.01057	0.00758	0.01073	0.00689	0.05064	0.11656	0.00226	0.21041	0.00358	0.00219	0.00474
102	0.01610	0.01018	0.07774	0.01105	0.05735	0.02899	0.12840	0.06900	0.05462	0.47876	0.01405	0.01333	0.00932	0.00495	0.00447	0.00137	0.00472	0.00434	0.00426	0.00700
103	0.00832	0.00783	0.01322	0.81113	0.05453	0.00971	0.01215	0.01121	0.00876	0.01124	0.00777	0.01160	0.00585	0.00435	0.00436	0.00145	0.00579	0.00388	0.00194	0.00491
104	0.00648	0.00451	0.00588	0.00551	0.00658	0.00416	0.00414	0.00853	0.01229	0.03388	0.78536	0.03190	0.03995	0.00877	0.00509	0.00136	0.00209	0.00774	0.02158	0.00418
105	0.00954	0.00954	0.01336	0.01145	0.01145	0.01336	0.00954	0.01050	0.00668	0.01050	0.00573	0.00954	0.00573	0.00763	0.01431	0.00191	0.83874	0.00382	0.00191	0.00477
106	0.00530	0.00394	0.00494	0.00571	0.00624	0.00358	0.00390	0.00615	0.00876	0.01138	0.04229	0.66095	0.19491	0.01303	0.00547	0.00170	0.00245	0.01165	0.00406	0.00358
107	0.00547	0.00395	0.00520	0.00613	0.00645	0.00373	0.00412	0.00654	0.02801	0.01147	0.04383	0.80333	0.02878	0.01336	0.00553	0.00175	0.00254	0.01210	0.00408	0.00364
108	0.01123	0.72757	0.14087	0.00819	0.01233	0.01621	0.00874	0.01317	0.00891	0.01078	0.00632	0.00732	0.00559	0.00379	0.00300	0.00100	0.00493	0.00246	0.00186	0.00572
109	0.01059	0.00911	0.00964	0.00872	0.01111	0.01049	0.00679	0.02234	0.76795	0.01801	0.03235	0.01764	0.02959	0.00618	0.00449	0.00149	0.00341	0.01894	0.00443	0.00674
110	0.00880	0.02217	0.79528	0.01265	0.01902	0.01016	0.04457	0.01382	0.00925	0.01382	0.00786	0.00930	0.00556	0.00413	0.00418	0.00138	0.00648	0.00329	0.00185	0.00643
111	0.12421	0.01169	0.01219	0.00984	0.03381	0.02853	0.00787	0.63380	0.03481	0.02530	0.00987	0.01009	0.00713	0.00500	0.00412	0.00130	0.00462	0.00370	0.00401	0.02809
112	0.00633	0.00428	0.00503	0.00503	0.00512	0.00438	0.00298	0.00652	0.00642	0.00866	0.01349	0.02716	0.01526	0.74824	0.11986	0.00456	0.00513	0.00614	0.00261	0.00279
113	0.04542	0.38201	0.40756	0.01025	0.01527	0.01326	0.04537	0.01345	0.00903	0.01250	0.00703	0.00827	0.00557	0.00394	0.00354	0.00119	0.00558	0.00288	0.00190	0.00598
114	0.01466	0.01215	0.01335	0.05413	0.14488	0.09529	0.00913	0.45529	0.10040	0.04119	0.01052	0.01103	0.00777	0.00497	0.00432	0.00131	0.00506	0.00392	0.00370	0.00691
115	0.00813	0.00651	0.00752	0.00690	0.00853	0.00693	0.00528	0.01448	0.34655	0.01781	0.48294	0.02576	0.02951	0.00766	0.00485	0.00142	0.00264	0.00665	0.00465	0.00528
116	0.00634	0.00423	0.00476	0.00476	0.00476	0.00423	0.00264	0.00634	0.00634	0.00846	0.01374	0.02854	0.01586	0.84672	0.02220	0.00423	0.00423	0.00634	0.00264	0.00264
117	0.87753	0.00843	0.00641	0.00574	0.00843	0.00978	0.00472	0.01282	0.00742	0.01957	0.00607	0.00709	0.00472	0.00405	0.00270	0.00135	0.00337	0.00236	0.00270	0.00472
118	0.01004	0.00817	0.01017	0.00883	0.09696	0.00661	0.00622	0.04016	0.00973	0.05639	0.00839	0.00958	0.00677	0.00348	0.00345	0.00078	0.00352	0.00286	0.00275	0.70517
119	0.01088	0.01056	0.01750	0.04072	0.78689	0.02932	0.01325	0.01344	0.00997	0.01411	0.00816	0.01074	0.00686	0.00391	0.00431	0.00129	0.00525	0.00386	0.00216	0.00683
120	0.01074	0.01029	0.01747	0.04296	0.78941	0.01036	0.01325	0.01351	0.02380	0.01425	0.00836	0.01091	0.00700	0.00393	0.00432	0.00130	0.00516	0.00390	0.00219	0.00687
121	0.00999	0.00953	0.01504	0.01173	0.01454	0.03765	0.30760	0.11923	0.12294	0.01591	0.07773	0.11298	0.09471	0.00661	0.00514	0.00147	0.02195	0.00630	0.00340	0.00555
122	0.00824	0.00775	0.01308	0.83624	0.03004	0.00969	0.01211	0.01114	0.00872	0.01114	0.00775	0.01163	0.00581	0.00436	0.00436	0.00145	0.00581	0.00388	0.00194	0.00484
123	0.01079	0.01036	0.01770	0.02677	0.81952	0.01036	0.01339	0.01339	0.00993	0.01425	0.00820	0.01079	0.00691	0.00389	0.00432	0.00130	0.00518	0.00389	0.00216	0.00691
124	0.00864	0.00816	0.01381	0.70912	0.15402	0.00980	0.01231	0.01150	0.00891	0.01163	0.00782	0.01150	0.00599	0.00429	0.00435	0.00143	0.00571	0.00388	0.00197	0.00517
125	0.00856	0.00691	0.00825	0.00624	0.00939	0.00540	0.00493	0.01052	0.00996	0.03377	0.21328	0.01515	0.01536	0.00472	0.00374	0.00085	0.00294	0.00397	0.00321	0.63285
126	0.01615	0.01919	0.01238	0.01101	0.01337	0.69422	0.00837	0.10582	0.02848	0.02542	0.00752	0.00846	0.00605	0.00468	0.00419	0.00117	0.02257	0.00302	0.00257	0.00539
127	0.00529	0.00389	0.00496	0.00581	0.00626	0.00356	0.00393	0.00610	0.00860	0.01124	0.02720	0.71794	0.15274	0.01325	0.00550	0.00172	0.00248	0.01190	0.00405	0.00356
128	0.01251	0.01012	0.01420	0.01754	0.40400	0.04860	0.02584	0.08028	0.10848	0.13035	0.01105	0.01264	0.00861	0.02317	0.00469	0.00135	0.00474	0.01382	0.00314	0.06487
129	0.00651	0.00456	0.00549	0.00523	0.00626	0.00421	0.00378	0.00815	0.02356	0.03874	0.44859	0.04432	0.19444	0.15509	0.00803	0.00189	0.00255	0.00770	0.02701	0.00390
130	0.04012	0.01033	0.01312	0.25899	0.16468	0.05962	0.00998	0.21478	0.10923	0.06112	0.01013	0.01155	0.00755	0.00474	0.00429	0.00136	0.00509	0.00393	0.00312	0.00627
131	0.08972	0.45965	0.01752	0.00823	0.01170	0.03017	0.00745	0.25171	0.05855	0.01673	0.00807	0.00860	0.00651	0.00435	0.00338	0.00112	0.00458	0.00297	0.00285	0.00613
132	0.00624	0.00719	0.13793	0.00736	0.00887	0.00531	0.00649	0.00801	0.00817	0.01135	0.03069	0.35241	0.05173	0.03001	0.28767	0.00352	0.00633	0.02348	0.00310	0.00414
133	0.01074	0.35316	0.32883	0.01027	0.01484	0.06027	0.05120	0.04546	0.04187	0.01287	0.00802	0.02969	0.00659	0.00433	0.00370	0.00120	0.00557	0.00327	0.00215	0.00598
134	0.01046	0.20103	0.39077	0.01090	0.01537	0.03713	0.04398	0.06751	0.05078	0.02490	0.00845	0.02867	0.00674	0.00476	0.00486	0.00133	0.08047	0.00351	0.00228	0.00608
135	0.00552	0.00390	0.00510	0.00599	0.00624	0.00369	0.00399	0.00623	0.00816	0.01087	0.02268	0.70634	0.02703	0.12007	0.00771	0.00210	0.00281	0.04425	0.00387	0.00345
136	0.01357	0.01126	0.01595	0.01307	0.07401	0.01193	0.21045	0.38845	0.13351	0.04132	0.01113	0.01187	0.00817	0.00487	0.00468	0.00138	0.01578	0.00439	0.01738	0.00683
137	0.01042	0.02945	0.17114	0.09073	0.40181	0.02657	0.11758	0.01387	0.03648	0.03204	0.00858	0.01081	0.00674	0.00413	0.00455	0.00136	0.02118	0.00392	0.00223	0.00642
138	0.01026	0.00731	0.00928	0.04581	0.05390	0.03418	0.02653	0.07745	0.09424	0.13927	0.08906	0.24412	0.05641	0.00852	0.00531	0.00154	0.03806	0.04948	0.00400	0.00529
139	0.01395	0.00619	0.00826	0.00675	0.00918	0.00543	0.00541	0.01574	0.01229	0.48812	0.30425	0.02275	0.06855	0.00698	0.00470	0.00136	0.00303	0.00592	0.00511	0.00602
140	0.01033	0.07768	0.49894	0.01282	0.07626	0.10940	0.04577	0.01476	0.05948	0.02637	0.02342	0.01007	0.00692	0.00434	0.00412	0.00132	0.00613	0.00345	0.00220	0.00623
141	0.01100	0.10804	0.38036	0.01289	0.12299	0.02329	0.02614	0.12591	0.05234	0.04781	0.02157	0.02182	0.01743	0.00464	0.00414	0.00132	0.00545	0.00374	0.00263	0.00648
142	0.01185	0.01105	0.03642	0.06868	0.31132	0.06814	0.09408	0.17361	0.02515	0.03751	0.02544	0.02723	0.02637	0.00497	0.00464	0.00135	0.02140	0.01977	0.02471	0.00629
143	0.01300	0.01369	0.26474	0.02129	0.01423	0.06483	0.03247	0.11482	0.07680	0.22483	0.04312	0.01466	0.02968	0.00546	0.00454	0.00139	0.01538	0.03504	0.00358	0.00645
144	0.02194	0.17800	0.62073	0.01137	0.01711	0.01147	0.02659	0.02624	0.00937	0.02823	0.00770	0.00892	0.00567	0.00410	0.00389	0.00130	0.00600	0.00311	0.00197	0.00629
145	0.01174	0.04136	0.08256	0.04056	0.15257	0.10552	0.08526	0.12633	0.19085	0.03137	0.05663	0.03466	0.01061	0.00518	0.00440	0.00135	0.00510	0.00447	0.00321	0.00628
146	0.00623	0.00467	0.00701	0.00701	0.00779	0.00545	0.00545	0.00779	0.00701	0.01012	0.01168	0.01713	0.01090	0.03271	0.82944	0.00701	0.01168	0.00467	0.00234	0.00389
147	0.01324	0.38652	0.03823	0.00984	0.04822	0.23266	0.00820	0.11480	0.07140	0.01344	0.00844	0.00916	0.01984	0.00443	0.00356	0.00111	0.00548	0.00306	0.00252	0.00583
148	0.02729	0.13892	0.23107	0.01506	0.25416	0.09696	0.01149	0.06191	0.01046	0.03533	0.00913	0.03307	0.00779	0.00478	0.00410	0.00130	0.00550	0.04309	0.00241	0.00617
149	0.02583	0.17570	0.39924	0.01151	0.06992	0.05029	0.01184	0.05204	0.08496	0.04837	0.02538	0.01023	0.00739	0.00443	0.00393	0.00128	0.00547	0.00340	0.00247	0.00630
150	0.03280	0.01100	0.03649	0.02447	0.71259	0.04696	0.01273	0.02814	0.01020	0.01452	0.02403	0.01095	0.00744	0.00405	0.00427	0.00129	0.00522	0.00386	0.00226	0.00671

[dist]
# distance from previous block
# <min> <max>
0	3

[block]
# block no. 2 follows, 60 sequences, length 130
# corresponding to MSA columns:
# 1324-1344,1404-1512
name=unknown_C
#
# <colnr> <probs for GDERKNQSTAVLIFYWHMCP>
#	G	D	E	R	K	N	Q	S	T	A	V	L	I	F	Y	W	H	M	C	P
0	0.01166	0.84935	0.02285	0.00746	0.01119	0.01726	0.00746	0.01306	0.00886	0.01026	0.00606	0.00700	0.00560	0.00373	0.00280	0.00093	0.00466	0.00233	0.00187	0.00560
1	0.00798	0.00643	0.00818	0.07202	0.00985	0.00724	0.00594	0.09443	0.04939	0.01392	0.15949	0.10721	0.11187	0.11980	0.08604	0.00241	0.12341	0.00654	0.00342	0.00444
2	0.01234	0.72792	0.02132	0.00802	0.01153	0.13625	0.00760	0.01370	0.00937	0.01032	0.00616	0.00712	0.00560	0.00384	0.00296	0.00096	0.00513	0.00240	0.00192	0.00552
3	0.00591	0.00464	0.00647	0.09876	0.04375	0.00458	0.00531	0.00709	0.00881	0.01158	0.04762	0.57342	0.12656	0.01171	0.00532	0.00167	0.00298	0.02617	0.00376	0.00388
4	0.00607	0.00605	0.07802	0.00576	0.00741	0.00451	0.00492	0.00809	0.01129	0.01531	0.49407	0.03356	0.29043	0.00918	0.00506	0.00141	0.00250	0.00790	0.00429	0.00418
5	0.00905	0.00859	0.01450	0.57193	0.27160	0.00997	0.01245	0.01182	0.00905	0.01208	0.00785	0.01133	0.00615	0.00428	0.00454	0.00141	0.02204	0.00388	0.00201	0.00548
6	0.00938	0.17823	0.48504	0.01012	0.01546	0.01052	0.01197	0.01303	0.00910	0.01322	0.00747	0.00875	0.00575	0.00386	0.00368	0.00113	0.00537	0.00291	0.00201	0.20301
7	0.01188	0.78850	0.03557	0.00776	0.01145	0.06330	0.00766	0.01332	0.00907	0.01034	0.00613	0.00708	0.00560	0.00378	0.00289	0.00095	0.00488	0.00237	0.00189	0.00558
8	0.14460	0.06461	0.07206	0.00853	0.01140	0.01092	0.00728	0.08359	0.47178	0.01802	0.01414	0.05233	0.01115	0.00566	0.00409	0.00142	0.00381	0.00451	0.00378	0.00633
9	0.87753	0.00843	0.00641	0.00574	0.00843	0.00978	0.00472	0.01282	0.00742	0.01957	0.00607	0.00709	0.00472	0.00405	0.00270	0.00135	0.00337	0.00236	0.00270	0.00472
10	0.00693	0.00943	0.22187	0.00746	0.01001	0.00593	0.00745	0.00992	0.03681	0.01516	0.38376	0.02849	0.14330	0.02617	0.00530	0.00150	0.00349	0.06851	0.00379	0.00472
11	0.01021	0.00974	0.01644	0.21306	0.61718	0.01022	0.01293	0.01311	0.02971	0.01363	0.00834	0.01112	0.00682	0.00405	0.00433	0.00134	0.00528	0.00391	0.00216	0.00643
12	0.01143	0.48126	0.12815	0.00958	0.06914	0.04076	0.00873	0.01410	0.05561	0.06705	0.06899	0.01058	0.00915	0.00445	0.00350	0.00112	0.00472	0.00329	0.00250	0.00587
13	0.12977	0.00705	0.00898	0.00770	0.02571	0.00661	0.01920	0.03932	0.01120	0.43907	0.06389	0.11272	0.02769	0.00675	0.00443	0.00142	0.00353	0.05234	0.00452	0.02808
14	0.00954	0.00894	0.01675	0.01236	0.01570	0.00815	0.40960	0.02528	0.01094	0.05562	0.22952	0.01715	0.01623	0.00515	0.00480	0.00131	0.00505	0.00544	0.00317	0.13929
15	0.00831	0.00783	0.01321	0.81325	0.05246	0.00971	0.01215	0.01121	0.00876	0.01123	0.00776	0.01160	0.00585	0.00435	0.00436	0.00145	0.00580	0.00388	0.00194	0.00490
16	0.01103	0.67033	0.19634	0.00854	0.01286	0.01571	0.00934	0.01322	0.00894	0.01103	0.00645	0.00748	0.00558	0.00382	0.00309	0.00103	0.00505	0.00252	0.00186	0.00578
17	0.00755	0.00381	0.00571	0.00571	0.00572	0.00382	0.00382	0.00572	0.00571	0.00763	0.00766	0.01334	0.00764	0.01551	0.03363	0.85543	0.00395	0.00381	0.00190	0.00193
18	0.00566	0.00444	0.00512	0.00495	0.00620	0.00390	0.00371	0.00724	0.01113	0.01461	0.42768	0.03731	0.43249	0.00999	0.00515	0.00142	0.00213	0.00855	0.00442	0.00390
19	0.00681	0.00476	0.00629	0.00697	0.00765	0.00476	0.00561	0.00816	0.00884	0.01156	0.02006	0.04250	0.02210	0.28268	0.01127	0.00273	0.00408	0.53602	0.00357	0.00357
20	0.29063	0.02998	0.00968	0.00750	0.01060	0.02137	0.00620	0.14269	0.01190	0.38419	0.01200	0.01145	0.00812	0.00570	0.02825	0.00150	0.00410	0.00360	0.00415	0.00638
21	0.01957	0.00742	0.01012	0.00776	0.01113	0.00641	0.00641	0.02126	0.01248	0.82254	0.01721	0.01484	0.01080	0.00540	0.00439	0.00135	0.00371	0.00439	0.00540	0.00742
22	0.87753	0.00843	0.00641	0.00574	0.00843	0.00978	0.00472	0.01282	0.00742	0.01957	0.00607	0.00709	0.00472	0.00405	0.00270	0.00135	0.00337	0.00236	0.00270	0.00472
23	0.03994	0.01055	0.02205	0.01626	0.02005	0.01000	0.64920	0.01309	0.01012	0.01398	0.01101	0.03351	0.00956	0.00505	0.00519	0.00155	0.00665	0.11418	0.00251	0.00554
24	0.01658	0.01222	0.01309	0.01003	0.01353	0.01353	0.00829	0.80497	0.02051	0.02749	0.01047	0.01047	0.00742	0.00524	0.00436	0.00131	0.00480	0.00393	0.00436	0.00742
25	0.00995	0.00950	0.01618	0.29338	0.55949	0.01014	0.01297	0.01265	0.00953	0.01323	0.00805	0.01107	0.00655	0.00404	0.00433	0.00135	0.00539	0.00388	0.00209	0.00623
26	0.00824	0.00775	0.01308	0.83624	0.03004	0.00969	0.01211	0.01114	0.00872	0.01114	0.00775	0.01163	0.00581	0.00436	0.00436	0.00145	0.00581	0.00388	0.00194	0.00484
27	0.00518	0.00442	0.00446	0.00445	0.00591	0.00369	0.00334	0.00632	0.01001	0.01195	0.06709	0.04170	0.79473	0.01098	0.00515	0.00147	0.00220	0.00917	0.00407	0.00369
28	0.00758	0.00379	0.00568	0.00568	0.00568	0.00379	0.00379	0.00568	0.00568	0.00758	0.00758	0.01326	0.00758	0.01515	0.01705	0.87311	0.00379	0.00379	0.00189	0.00189
29	0.01610	0.02050	0.01279	0.01147	0.01378	0.80281	0.03409	0.01730	0.01229	0.01078	0.00681	0.00799	0.00565	0.00447	0.00397	0.00113	0.00785	0.00288	0.00225	0.00508
30	0.00875	0.02256	0.82413	0.01243	0.01888	0.01013	0.01611	0.01381	0.00921	0.01381	0.00783	0.00921	0.00552	0.00414	0.00414	0.00138	0.00645	0.00322	0.00184	0.00645
31	0.00531	0.00380	0.00506	0.00607	0.00633	0.00354	0.00405	0.00607	0.00835	0.01113	0.02404	0.84388	0.02885	0.01366	0.00557	0.00177	0.00253	0.01240	0.00405	0.00354
32	0.00698	0.00574	0.00831	0.00788	0.00844	0.00715	0.00622	0.00832	0.00690	0.01012	0.01046	0.01605	0.01001	0.07058	0.60409	0.00572	0.19618	0.00457	0.00226	0.00402
33	0.01079	0.01036	0.01770	0.02677	0.81952	0.01036	0.01339	0.01339	0.00993	0.01425	0.00820	0.01079	0.00691	0.00389	0.00432	0.00130	0.00518	0.00389	0.00216	0.00691
34	0.00617	0.00446	0.00583	0.00549	0.00652	0.00412	0.00412	0.00823	0.01235	0.01749	0.81722	0.03258	0.04115	0.00892	0.00514	0.00137	0.00206	0.00789	0.00480	0.00412
35	0.00543	0.00443	0.00480	0.00471	0.00606	0.00380	0.00353	0.00680	0.01060	0.01334	0.25559	0.03940	0.60537	0.01046	0.00515	0.00145	0.00217	0.00884	0.00426	0.00380
36	0.01166	0.84935	0.02285	0.00746	0.01119	0.01726	0.00746	0.01306	0.00886	0.01026	0.00606	0.00700	0.00560	0.00373	0.00280	0.00093	0.00466	0.00233	0.00187	0.00560
37	0.01693	0.01165	0.01274	0.00977	0.01324	0.01269	0.00807	0.71251	0.01956	0.12128	0.01127	0.01099	0.00782	0.00525	0.00437	0.00131	0.00467	0.00398	0.00449	0.00742
38	0.01675	0.01195	0.01292	0.00991	0.01339	0.01312	0.00818	0.76068	0.02005	0.07242	0.01085	0.01072	0.00761	0.00524	0.00436	0.00131	0.00474	0.00395	0.00442	0.00742
39	0.01166	0.84935	0.02285	0.00746	0.01119	0.01726	0.00746	0.01306	0.00886	0.01026	0.00606	0.00700	0.00560	0.00373	0.00280	0.00093	0.00466	0.00233	0.00187	0.00560
40	0.00613	0.00446	0.00577	0.00544	0.00649	0.00410	0.00408	0.00815	0.01224	0.01725	0.78473	0.03297	0.07379	0.00901	0.00514	0.00138	0.00206	0.00794	0.00477	0.00410
41	0.00551	0.00413	0.00511	0.00550	0.00627	0.00373	0.00388	0.00671	0.00984	0.01303	0.24498	0.42060	0.23141	0.01171	0.00535	0.00159	0.00232	0.01036	0.00425	0.00373
42	0.00533	0.00384	0.00506	0.00598	0.00631	0.00357	0.00402	0.00615	0.00855	0.01137	0.05054	0.78162	0.06474	0.01339	0.00553	0.00174	0.00250	0.01211	0.00407	0.00357
43	0.00989	0.01113	0.03711	0.01641	0.02028	0.03081	0.64556	0.01327	0.01036	0.01387	0.03450	0.01693	0.00991	0.00491	0.00521	0.00152	0.00677	0.10348	0.00250	0.00559
44	0.00615	0.00458	0.00574	0.00543	0.00655	0.00423	0.00408	0.00834	0.03202	0.01674	0.69371	0.03343	0.14444	0.00913	0.00513	0.00139	0.00211	0.00799	0.00469	0.00413
45	0.00531	0.00380	0.00506	0.00607	0.00633	0.00354	0.00405	0.00607	0.00835	0.01113	0.02404	0.84388	0.02885	0.01366	0.00557	0.00177	0.00253	0.01240	0.00405	0.00354
46	0.01166	0.84935	0.02285	0.00746	0.01119	0.01726	0.00746	0.01306	0.00886	0.01026	0.00606	0.00700	0.00560	0.00373	0.00280	0.00093	0.00466	0.00233	0.00187	0.00560
47	0.01914	0.00733	0.00998	0.00769	0.01098	0.00634	0.00634	0.02083	0.01248	0.79656	0.04302	0.01542	0.01178	0.00551	0.00441	0.00135	0.00366	0.00450	0.00538	0.00732
48	0.00824	0.00775	0.01308	0.83624	0.03004	0.00969	0.01211	0.01114	0.00872	0.01114	0.00775	0.01163	0.00581	0.00436	0.00436	0.00145	0.00581	0.00388	0.00194	0.00484
49	0.01175	0.83301	0.02265	0.00754	0.01124	0.03327	0.00748	0.01315	0.00893	0.01027	0.00608	0.00701	0.00560	0.00375	0.00282	0.00094	0.00473	0.00234	0.00187	0.00559
50	0.00904	0.00775	0.00904	0.00646	0.01034	0.00581	0.00517	0.01098	0.00904	0.01421	0.00775	0.00904	0.00646	0.00323	0.00323	0.00065	0.00323	0.00258	0.00258	0.87339
51	0.00737	0.00601	0.00836	0.00852	0.00978	0.03377	0.06989	0.00957	0.03573	0.01284	0.02230	0.17303	0.05808	0.01114	0.00572	0.00186	0.00407	0.51393	0.00383	0.00420
52	0.87753	0.00843	0.00641	0.00574	0.00843	0.00978	0.00472	0.01282	0.00742	0.01957	0.00607	0.00709	0.00472	0.00405	0.00270	0.00135	0.00337	0.00236	0.00270	0.00472
53	0.01085	0.00937	0.00986	0.00888	0.01134	0.01085	0.00690	0.02318	0.81164	0.01824	0.01775	0.01627	0.01331	0.00592	0.00444	0.00148	0.00345	0.00493	0.00444	0.00690
54	0.00824	0.00775	0.01308	0.83624	0.03004	0.00969	0.01211	0.01114	0.00872	0.01114	0.00775	0.01163	0.00581	0.00436	0.00436	0.00145	0.00581	0.00388	0.00194	0.00484
55	0.01560	0.01127	0.01204	0.00934	0.01255	0.01243	0.00768	0.71293	0.01919	0.02619	0.01091	0.01114	0.00785	0.00522	0.00421	0.00128	0.00448	0.00394	0.10472	0.00703
56	0.00981	0.00848	0.01132	0.03202	0.18291	0.00762	0.00749	0.04687	0.00960	0.02765	0.00838	0.02513	0.00710	0.00450	0.01914	0.00105	0.05242	0.00327	0.00259	0.53265
57	0.00797	0.00689	0.00936	0.00853	0.04436	0.01790	0.02077	0.00963	0.00785	0.01169	0.00939	0.01321	0.00854	0.02863	0.38581	0.00385	0.12224	0.00387	0.00235	0.27716
58	0.00563	0.00435	0.00514	0.00513	0.00623	0.00386	0.00377	0.00711	0.01079	0.01424	0.38670	0.14952	0.36090	0.01046	0.00521	0.00147	0.00219	0.00906	0.00439	0.00386
59	0.00875	0.02256	0.82413	0.01243	0.01888	0.01013	0.01611	0.01381	0.00921	0.01381	0.00783	0.00921	0.00552	0.00414	0.00414	0.00138	0.00645	0.00322	0.00184	0.00645
60	0.04225	0.01347	0.15272	0.03182	0.43083	0.10200	0.05868	0.01443	0.06116	0.01405	0.00847	0.01045	0.00679	0.00424	0.00454	0.00134	0.03036	0.00374	0.00227	0.00639
