[name]
unknown

[dist]
# distance from previous block
# <min> <max>
0	639

[block]
# block no. 0 follows, 49 sequences, length 34
# corresponding to MSA columns:
# 639-663,681-689
name=unknown_A
#
# <colnr> <probs for GDERKNQSTAVLIFYWHMCP>
#	G	D	E	R	K	N	Q	S	T	A	V	L	I	F	Y	W	H	M	C	P
0	0.03660	0.07208	0.01209	0.00966	0.01220	0.09799	0.00781	0.16191	0.17131	0.04207	0.06465	0.02265	0.04790	0.03329	0.05030	0.00209	0.02434	0.09557	0.02902	0.00646
1	0.10438	0.01031	0.01102	0.00952	0.01255	0.01139	0.00754	0.10174	0.44396	0.11023	0.04336	0.01779	0.02839	0.00764	0.03142	0.00184	0.00442	0.00532	0.00491	0.03225
2	0.01021	0.00994	0.01584	0.70333	0.08817	0.04456	0.03060	0.01348	0.01043	0.01323	0.00900	0.01323	0.00684	0.00501	0.00505	0.00166	0.00683	0.00448	0.00229	0.00583
3	0.03749	0.02563	0.77065	0.01416	0.02150	0.01173	0.01826	0.01598	0.01061	0.01623	0.00901	0.01060	0.00638	0.00480	0.00475	0.00160	0.00736	0.00370	0.00217	0.00741
4	0.00607	0.00513	0.00526	0.00522	0.00689	0.00431	0.00392	0.00744	0.01175	0.01420	0.11125	0.04778	0.72834	0.01261	0.00598	0.00170	0.00255	0.01055	0.00477	0.00431
5	0.00630	0.00462	0.00573	0.00650	0.00719	0.00421	0.00447	0.00742	0.01044	0.01378	0.08521	0.56964	0.19913	0.01447	0.00622	0.00192	0.00280	0.01288	0.03288	0.00421
6	0.01327	0.01101	0.01168	0.01034	0.01330	0.01263	0.00809	0.07350	0.71319	0.04304	0.02004	0.01840	0.01493	0.00679	0.00514	0.00170	0.00411	0.00563	0.00517	0.00806
7	0.00625	0.00462	0.00566	0.00643	0.00701	0.00423	0.00431	0.00713	0.00984	0.01273	0.03186	0.55370	0.20460	0.10645	0.00853	0.00230	0.00307	0.01273	0.00451	0.00403
8	0.01194	0.01364	0.02984	0.02131	0.02643	0.01279	0.77238	0.01620	0.01194	0.01620	0.01023	0.01364	0.00767	0.00426	0.00597	0.00171	0.00853	0.00597	0.00256	0.00682
9	0.00689	0.00473	0.00563	0.00605	0.00620	0.00460	0.00367	0.00724	0.00830	0.01102	0.02122	0.31302	0.04638	0.51172	0.01830	0.00380	0.00413	0.00995	0.00369	0.00347
10	0.85801	0.00978	0.00743	0.00665	0.00978	0.01134	0.00548	0.01486	0.00861	0.02269	0.00704	0.00821	0.00548	0.00469	0.00313	0.00156	0.00391	0.00274	0.00313	0.00548
11	0.01323	0.01451	0.01508	0.01307	0.01417	0.22771	0.03144	0.01554	0.07078	0.01304	0.00832	0.01143	0.00747	0.00826	0.03059	0.00205	0.49061	0.00428	0.00257	0.00583
12	0.00723	0.00540	0.00802	0.00802	0.00888	0.00626	0.00618	0.00896	0.00809	0.01166	0.01365	0.02043	0.01289	0.07145	0.76906	0.00799	0.01318	0.00550	0.00272	0.00445
13	0.02044	0.01180	0.01366	0.01052	0.01447	0.01222	0.00867	0.44595	0.04215	0.34299	0.01558	0.01441	0.01040	0.00617	0.00507	0.00154	0.00500	0.00480	0.00555	0.00858
14	0.01889	0.02410	0.01433	0.01303	0.01563	0.80199	0.00977	0.02019	0.01433	0.01238	0.00782	0.00912	0.00651	0.00521	0.00456	0.00130	0.00912	0.00326	0.00261	0.00586
15	0.00755	0.00558	0.00744	0.00729	0.00771	0.00631	0.00515	0.00848	0.00774	0.01088	0.01416	0.02534	0.01486	0.39715	0.38926	0.00623	0.06587	0.00624	0.00284	0.00392
16	0.00658	0.00515	0.00596	0.00576	0.00720	0.00453	0.00432	0.00843	0.01295	0.01704	0.42797	0.04310	0.40984	0.01154	0.00597	0.00165	0.00247	0.00989	0.00514	0.00453
17	0.85801	0.00978	0.00743	0.00665	0.00978	0.01134	0.00548	0.01486	0.00861	0.02269	0.00704	0.00821	0.00548	0.00469	0.00313	0.00156	0.00391	0.00274	0.00313	0.00548
18	0.01632	0.01004	0.01149	0.00970	0.01292	0.01068	0.00772	0.07304	0.43806	0.28611	0.01965	0.01787	0.01390	0.00656	0.00505	0.00163	0.00413	0.00538	0.04164	0.00811
19	0.01106	0.01106	0.01549	0.01328	0.01328	0.01549	0.01106	0.01217	0.00774	0.01217	0.00664	0.01106	0.00664	0.00885	0.01659	0.00221	0.81303	0.00443	0.00221	0.00553
20	0.00832	0.00453	0.00628	0.00631	0.00632	0.00452	0.00404	0.00681	0.00688	0.00918	0.01126	0.04359	0.01208	0.23378	0.02098	0.60015	0.00449	0.00548	0.00250	0.00248
21	0.00867	0.00439	0.00656	0.00661	0.00662	0.00438	0.00440	0.00661	0.00672	0.00896	0.00959	0.04915	0.00982	0.01749	0.01920	0.81711	0.00433	0.00481	0.00230	0.00228
22	0.01889	0.02410	0.01433	0.01303	0.01563	0.80199	0.00977	0.02019	0.01433	0.01238	0.00782	0.00912	0.00651	0.00521	0.00456	0.00130	0.00912	0.00326	0.00261	0.00586
23	0.00673	0.00573	0.00754	0.00713	0.00871	0.00512	0.06495	0.00851	0.02836	0.01433	0.09720	0.25383	0.44795	0.01264	0.00609	0.00179	0.00315	0.01108	0.00460	0.00455
24	0.01194	0.01364	0.02984	0.02131	0.02643	0.01279	0.77238	0.01620	0.01194	0.01620	0.01023	0.01364	0.00767	0.00426	0.00597	0.00171	0.00853	0.00597	0.00256	0.00682
25	0.01021	0.02573	0.77403	0.01430	0.02164	0.01177	0.01838	0.01632	0.03235	0.01616	0.00940	0.01091	0.00666	0.00486	0.00481	0.00160	0.00738	0.00379	0.00222	0.00749
26	0.01677	0.01156	0.01332	0.01083	0.01391	0.06677	0.04781	0.29109	0.06086	0.20962	0.01615	0.13002	0.01330	0.00757	0.00590	0.00164	0.04991	0.00614	0.01943	0.00740
27	0.27293	0.01608	0.01247	0.01054	0.01381	0.28076	0.00836	0.27133	0.01577	0.04021	0.00931	0.01005	0.00704	0.00537	0.00431	0.00146	0.00624	0.00358	0.00367	0.00673
28	0.00735	0.00490	0.00552	0.00552	0.00552	0.00490	0.00306	0.00735	0.00735	0.00980	0.01593	0.03309	0.01838	0.82229	0.02574	0.00490	0.00490	0.00735	0.00306	0.00306
29	0.01526	0.13317	0.04584	0.03467	0.01488	0.11379	0.02439	0.31423	0.10146	0.02218	0.09374	0.01483	0.01288	0.00612	0.00480	0.00146	0.00556	0.00473	0.02882	0.00719
30	0.00724	0.00537	0.00788	0.00788	0.00870	0.00619	0.00601	0.00887	0.00805	0.01156	0.01377	0.02112	0.01319	0.11220	0.72872	0.00782	0.01273	0.00560	0.00274	0.00438
31	0.03987	0.45301	0.03947	0.01004	0.01378	0.19439	0.00897	0.03206	0.13730	0.01430	0.00956	0.01023	0.00796	0.00499	0.00392	0.00127	0.00602	0.00338	0.00283	0.00663
32	0.15971	0.03436	0.01169	0.00864	0.01255	0.00972	0.03524	0.12309	0.06020	0.04954	0.01087	0.03126	0.00873	0.00492	0.00409	0.00118	0.00425	0.00384	0.02328	0.40285
33	0.04215	0.11595	0.16966	0.01387	0.09901	0.14362	0.04098	0.07725	0.16647	0.04430	0.01155	0.01231	0.00884	0.00529	0.00465	0.00147	0.00621	0.00415	0.00330	0.02898

[dist]
# distance from previous block
# <min> <max>
0	10

[block]
# block no. 1 follows, 49 sequences, length 14
# corresponding to MSA columns:
# 700-713
name=unknown_B
#
# <colnr> <probs for GDERKNQSTAVLIFYWHMCP>
#	G	D	E	R	K	N	Q	S	T	A	V	L	I	F	Y	W	H	M	C	P
0	0.07075	0.01276	0.01493	0.01161	0.01544	0.01385	0.07589	0.48525	0.12561	0.05146	0.03936	0.01394	0.01069	0.00602	0.00502	0.00155	0.00531	0.00485	0.00473	0.03100
1	0.01006	0.06602	0.65540	0.01411	0.05028	0.01152	0.01680	0.01516	0.01060	0.01554	0.01064	0.08172	0.00885	0.00574	0.00487	0.00161	0.00691	0.00465	0.00238	0.00715
2	0.00680	0.00540	0.00580	0.00553	0.00718	0.00462	0.00404	0.00816	0.01112	0.01430	0.11080	0.06521	0.50424	0.10430	0.00795	0.00197	0.00292	0.00933	0.04148	0.07887
3	0.01734	0.14868	0.01640	0.01218	0.01515	0.57415	0.03769	0.05387	0.01386	0.01366	0.00840	0.00974	0.00696	0.00511	0.00438	0.00129	0.00802	0.00340	0.04365	0.00607
4	0.01254	0.01332	0.01438	0.01222	0.01352	0.17223	0.00992	0.01388	0.00955	0.01296	0.00728	0.01057	0.00676	0.00723	0.01193	0.00177	0.51013	0.00394	0.00243	0.15342
5	0.03988	0.62860	0.11311	0.01024	0.04053	0.03807	0.01000	0.04512	0.01094	0.01366	0.00757	0.00874	0.00658	0.00449	0.00358	0.00119	0.00572	0.00297	0.00233	0.00669
6	0.00685	0.00516	0.00634	0.00604	0.00737	0.00464	0.00453	0.00896	0.01360	0.01858	0.59871	0.04057	0.23814	0.01097	0.00597	0.00162	0.00243	0.00954	0.00534	0.00464
7	0.00628	0.00445	0.00583	0.00689	0.00716	0.00418	0.00454	0.00707	0.00946	0.01261	0.02673	0.74371	0.03200	0.09309	0.00830	0.00233	0.00312	0.01370	0.00454	0.00401
8	0.00721	0.00530	0.00762	0.00765	0.00839	0.00601	0.00572	0.00869	0.00805	0.01145	0.01440	0.04770	0.01427	0.16855	0.64671	0.00739	0.01176	0.00603	0.00283	0.00426
9	0.00970	0.00914	0.01543	0.77139	0.07242	0.01127	0.01412	0.01305	0.01018	0.01310	0.00901	0.01343	0.00680	0.00503	0.00505	0.00168	0.00670	0.00449	0.00226	0.00574
10	0.00997	0.02255	0.63209	0.01415	0.02068	0.01105	0.08947	0.01529	0.01121	0.01652	0.09842	0.01406	0.01126	0.00539	0.00505	0.00161	0.00699	0.00457	0.00257	0.00710
11	0.76232	0.00964	0.00793	0.00692	0.01014	0.01090	0.00570	0.01598	0.00928	0.11107	0.00852	0.00925	0.00628	0.00487	0.00335	0.00156	0.00396	0.00301	0.00349	0.00583
12	0.01013	0.10650	0.20080	0.10827	0.04010	0.01084	0.16379	0.01378	0.02833	0.02647	0.08205	0.09264	0.08093	0.00693	0.00526	0.00162	0.00591	0.00630	0.00313	0.00623
13	0.01436	0.01497	0.01208	0.01088	0.01328	0.30249	0.00833	0.07917	0.27511	0.01781	0.10302	0.06448	0.01604	0.00720	0.00554	0.00157	0.03740	0.00558	0.00411	0.00656

[dist]
# distance from previous block
# <min> <max>
2	15

[block]
# block no. 2 follows, 49 sequences, length 30
# corresponding to MSA columns:
# 729-750,752-759
name=unknown_C
#
# <colnr> <probs for GDERKNQSTAVLIFYWHMCP>
#	G	D	E	R	K	N	Q	S	T	A	V	L	I	F	Y	W	H	M	C	P
0	0.01149	0.01811	0.30806	0.03705	0.08425	0.04994	0.33781	0.01595	0.01139	0.01593	0.00978	0.01240	0.00734	0.00469	0.00546	0.00162	0.02165	0.00479	0.03531	0.00698
1	0.00874	0.00685	0.00808	0.00732	0.00920	0.00675	0.00558	0.03672	0.16657	0.01969	0.46043	0.06132	0.09700	0.00940	0.00562	0.00157	0.00295	0.00815	0.00516	0.07288
2	0.01258	0.01086	0.01143	0.01029	0.01315	0.01258	0.00800	0.02687	0.78161	0.02115	0.02058	0.01887	0.01544	0.00686	0.00515	0.00172	0.00400	0.00572	0.00515	0.00800
3	0.00768	0.00551	0.00732	0.00720	0.00785	0.00607	0.00513	0.03409	0.00834	0.01164	0.01445	0.02490	0.01480	0.35076	0.46466	0.00661	0.00982	0.00616	0.00293	0.00407
4	0.01248	0.01067	0.01122	0.01012	0.01292	0.01233	0.00786	0.02640	0.75755	0.02108	0.02045	0.01887	0.01536	0.00683	0.00510	0.00170	0.00395	0.00569	0.03152	0.00790
5	0.01049	0.00899	0.01049	0.00749	0.01198	0.00674	0.00599	0.01273	0.01049	0.01648	0.00899	0.01049	0.00749	0.00374	0.00374	0.00075	0.00374	0.00300	0.00300	0.85320
6	0.00955	0.00899	0.01517	0.81013	0.03483	0.01123	0.01404	0.01292	0.01011	0.01292	0.00899	0.01348	0.00674	0.00506	0.00506	0.00169	0.00674	0.00449	0.00225	0.00562
7	0.00643	0.00460	0.00615	0.00718	0.00763	0.00432	0.00501	0.00758	0.01028	0.01378	0.09747	0.67949	0.03437	0.01517	0.00646	0.00204	0.00304	0.08003	0.00477	0.00422
8	0.00616	0.00440	0.00587	0.00704	0.00733	0.00411	0.00469	0.00704	0.00968	0.01291	0.02787	0.81899	0.03344	0.01584	0.00645	0.00205	0.00293	0.01438	0.00469	0.00411
9	0.00866	0.00607	0.00748	0.00776	0.00887	0.00603	0.00567	0.09611	0.04178	0.03963	0.06679	0.52925	0.05507	0.01333	0.00613	0.00193	0.00339	0.06686	0.02420	0.00500
10	0.01105	0.00617	0.00800	0.00712	0.00902	0.00564	0.00548	0.01360	0.04192	0.21008	0.47923	0.08210	0.08073	0.00970	0.00575	0.00162	0.00296	0.00844	0.00561	0.00576
11	0.01352	0.82533	0.02650	0.00865	0.01298	0.02001	0.00865	0.01514	0.01027	0.01190	0.00703	0.00811	0.00649	0.00433	0.00324	0.00108	0.00541	0.00270	0.00216	0.00649
12	0.00641	0.00469	0.00622	0.00720	0.00747	0.00459	0.00485	0.00726	0.00948	0.01271	0.02641	0.74584	0.03160	0.05844	0.00787	0.00221	0.03450	0.01362	0.00451	0.00411
13	0.01336	0.06116	0.05654	0.04192	0.60231	0.02826	0.01443	0.05080	0.01214	0.05665	0.00995	0.01234	0.00805	0.00470	0.00489	0.00149	0.00601	0.00437	0.00277	0.00786
14	0.69072	0.05109	0.04100	0.00866	0.05226	0.02550	0.00693	0.04453	0.00961	0.02174	0.00746	0.00870	0.00584	0.00473	0.00340	0.00153	0.00439	0.00295	0.00307	0.00587
15	0.08028	0.01255	0.01310	0.01061	0.01419	0.03787	0.00859	0.39235	0.23871	0.11626	0.01496	0.01427	0.01072	0.00619	0.00493	0.00158	0.00496	0.00477	0.00500	0.00811
16	0.00684	0.00503	0.00665	0.00734	0.00794	0.00485	0.01912	0.00855	0.04978	0.01368	0.05688	0.62724	0.04519	0.06761	0.00758	0.00218	0.00324	0.03602	0.01993	0.00435
17	0.48549	0.01129	0.01248	0.03105	0.27150	0.05628	0.00930	0.01565	0.01011	0.04376	0.00835	0.01008	0.00662	0.00472	0.00394	0.00153	0.00497	0.00347	0.00297	0.00644
18	0.01152	0.00914	0.01151	0.01016	0.01162	0.02213	0.00810	0.09823	0.12685	0.06368	0.01308	0.01709	0.01131	0.07277	0.27059	0.00413	0.22354	0.00518	0.00345	0.00594
19	0.00638	0.00462	0.00607	0.00709	0.00761	0.00431	0.00496	0.00749	0.01020	0.01349	0.06144	0.65684	0.08937	0.01521	0.00645	0.00203	0.00305	0.08448	0.00473	0.00420
20	0.01280	0.01179	0.05483	0.01211	0.10691	0.04731	0.02855	0.13832	0.02852	0.04080	0.01033	0.01187	0.00820	0.00626	0.04562	0.00149	0.00542	0.00380	0.00332	0.42176
21	0.01137	0.01813	0.41079	0.06848	0.08607	0.01084	0.09776	0.01636	0.05226	0.08408	0.03165	0.03122	0.04685	0.00571	0.00513	0.00163	0.00650	0.00500	0.00300	0.00716
22	0.02702	0.07796	0.22009	0.08062	0.01974	0.01309	0.15619	0.11396	0.06998	0.03351	0.03503	0.01357	0.01976	0.00574	0.00625	0.00165	0.09107	0.00474	0.00308	0.00696
23	0.81463	0.01001	0.00783	0.00691	0.01008	0.01157	0.00569	0.05411	0.00939	0.02316	0.00730	0.00842	0.00564	0.00477	0.00323	0.00156	0.00400	0.00283	0.00323	0.00564
24	0.13078	0.14939	0.18109	0.01043	0.01444	0.14067	0.01003	0.08514	0.10483	0.01751	0.01247	0.01347	0.04851	0.01917	0.01828	0.00163	0.00599	0.00413	0.02545	0.00658
25	0.00625	0.00448	0.00590	0.00694	0.00728	0.00423	0.00464	0.00713	0.00956	0.01273	0.02748	0.72639	0.05542	0.05936	0.03423	0.00240	0.00338	0.01359	0.00454	0.00407
26	0.00894	0.00810	0.04390	0.00945	0.01132	0.03228	0.04788	0.06119	0.00980	0.01378	0.01266	0.01778	0.01137	0.02970	0.60403	0.00645	0.01181	0.00512	0.00285	0.05161
27	0.16369	0.29963	0.23180	0.01101	0.03092	0.04193	0.02722	0.05446	0.03087	0.01642	0.00851	0.00992	0.00685	0.00568	0.02521	0.00159	0.02162	0.00339	0.00260	0.00667
28	0.03421	0.09892	0.10216	0.03759	0.01415	0.11654	0.04246	0.03147	0.13591	0.04862	0.10593	0.05791	0.08890	0.00708	0.00496	0.00151	0.00518	0.00581	0.00378	0.05691
29	0.01306	0.02750	0.07669	0.01103	0.04997	0.09989	0.03565	0.13550	0.05925	0.07039	0.06605	0.07761	0.02721	0.02749	0.04630	0.00185	0.00565	0.00548	0.01583	0.14761

[dist]
# distance from previous block
# <min> <max>
0	28

[block]
# block no. 3 follows, 49 sequences, length 6
# corresponding to MSA columns:
# 788-793
name=unknown_D
#
# <colnr> <probs for GDERKNQSTAVLIFYWHMCP>
#	G	D	E	R	K	N	Q	S	T	A	V	L	I	F	Y	W	H	M	C	P
0	0.06705	0.08441	0.24758	0.02797	0.01663	0.10219	0.08174	0.04755	0.04680	0.01617	0.03312	0.05616	0.02585	0.03472	0.00580	0.00163	0.02802	0.00483	0.00294	0.06884
1	0.03871	0.22712	0.16982	0.01266	0.06050	0.09752	0.06068	0.12967	0.04211	0.01681	0.00983	0.01236	0.00820	0.06878	0.00634	0.00170	0.02343	0.00407	0.00290	0.00678
2	0.04668	0.04224	0.00972	0.00820	0.01015	0.00760	0.04612	0.07711	0.06540	0.06088	0.09221	0.24897	0.11586	0.05452	0.00664	0.00189	0.00383	0.03748	0.03918	0.02530
3	0.04629	0.00999	0.11310	0.01080	0.04244	0.02294	0.09716	0.02861	0.02671	0.04902	0.08279	0.31713	0.02132	0.02892	0.02180	0.00193	0.00481	0.00865	0.03382	0.03177
4	0.01024	0.04955	0.00842	0.00719	0.00789	0.04863	0.00515	0.05358	0.00853	0.01129	0.00944	0.01473	0.00885	0.01461	0.01594	0.64539	0.00461	0.00428	0.06846	0.00319
5	0.01282	0.27925	0.16481	0.01163	0.03381	0.06152	0.04247	0.07477	0.05737	0.03517	0.01136	0.05602	0.01008	0.00622	0.00536	0.00150	0.06047	0.04462	0.00301	0.02775

[dist]
# distance from previous block
# <min> <max>
0	2

[block]
# block no. 4 follows, 49 sequences, length 7
# corresponding to MSA columns:
# 796-802
name=unknown_E
#
# <colnr> <probs for GDERKNQSTAVLIFYWHMCP>
#	G	D	E	R	K	N	Q	S	T	A	V	L	I	F	Y	W	H	M	C	P
0	0.01301	0.12433	0.08205	0.04972	0.26170	0.11017	0.07145	0.04604	0.02842	0.04510	0.01146	0.07786	0.01026	0.03989	0.00576	0.00165	0.00624	0.00512	0.00294	0.00683
1	0.00661	0.00497	0.00612	0.00621	0.00731	0.00448	0.00451	0.00834	0.01245	0.01675	0.41042	0.23197	0.23672	0.01233	0.00609	0.00173	0.00257	0.01082	0.00513	0.00448
2	0.01156	0.16666	0.54801	0.01373	0.02024	0.01309	0.08513	0.01632	0.01092	0.05580	0.00938	0.01083	0.00685	0.00475	0.00465	0.00152	0.00704	0.00383	0.00239	0.00730
3	0.00884	0.00756	0.00869	0.00927	0.07576	0.04305	0.00636	0.03280	0.11150	0.01762	0.29529	0.08890	0.22443	0.01020	0.00577	0.00168	0.00347	0.03860	0.00478	0.00544
4	0.00937	0.00963	0.07921	0.06160	0.06279	0.00859	0.06843	0.02975	0.16762	0.01703	0.12987	0.09411	0.17422	0.00907	0.00567	0.00173	0.00444	0.05665	0.00423	0.00599
5	0.01160	0.01531	0.26091	0.03259	0.12894	0.02846	0.05866	0.06997	0.05577	0.04865	0.12051	0.01790	0.01452	0.00629	0.00557	0.00160	0.03377	0.03943	0.00341	0.04612
6	0.05148	0.04956	0.32274	0.01514	0.08311	0.01159	0.15900	0.04883	0.04411	0.08974	0.04638	0.01399	0.00996	0.02565	0.00553	0.00167	0.00649	0.00472	0.00311	0.00720

[dist]
# distance from previous block
# <min> <max>
4	7

[block]
# block no. 5 follows, 49 sequences, length 10
# corresponding to MSA columns:
# 812-821
name=unknown_F
#
# <colnr> <probs for GDERKNQSTAVLIFYWHMCP>
#	G	D	E	R	K	N	Q	S	T	A	V	L	I	F	Y	W	H	M	C	P
0	0.01189	0.01073	0.01693	0.09320	0.49558	0.01089	0.01283	0.07962	0.01261	0.01762	0.06875	0.01776	0.04274	0.00583	0.00515	0.00153	0.00546	0.03912	0.00313	0.04862
1	0.01641	0.01572	0.01324	0.01121	0.01422	0.28939	0.00880	0.18186	0.15172	0.06496	0.01203	0.01254	0.00920	0.00587	0.00549	0.00144	0.06024	0.00418	0.02950	0.09195
2	0.01198	0.06193	0.30349	0.03776	0.03419	0.02939	0.07255	0.06604	0.01159	0.05473	0.00997	0.02958	0.00785	0.00529	0.00569	0.00146	0.07584	0.00416	0.00283	0.17369
3	0.00776	0.00559	0.00691	0.00682	0.00737	0.00605	0.00460	0.00961	0.07445	0.01144	0.01552	0.02737	0.01618	0.48521	0.28798	0.00572	0.00776	0.00655	0.00312	0.00398
4	0.00829	0.00789	0.01432	0.01166	0.01402	0.00729	0.27615	0.01062	0.01137	0.01509	0.11629	0.30027	0.16417	0.01054	0.00614	0.00181	0.00478	0.01010	0.00404	0.00518
5	0.01275	0.04741	0.08399	0.11754	0.27596	0.08003	0.12502	0.01620	0.03825	0.06407	0.02779	0.03467	0.00951	0.00541	0.00557	0.00158	0.03943	0.00491	0.00288	0.00701
6	0.03948	0.42850	0.04085	0.01174	0.08111	0.07612	0.00969	0.20173	0.01408	0.04086	0.00899	0.00989	0.00729	0.00492	0.00403	0.00128	0.00575	0.00345	0.00308	0.00715
7	0.00698	0.00476	0.00607	0.00679	0.00753	0.00432	0.00469	0.00804	0.01041	0.05152	0.06308	0.61957	0.15815	0.01464	0.00629	0.00195	0.00292	0.01309	0.00481	0.00438
8	0.01232	0.37646	0.23988	0.01079	0.01540	0.07707	0.03542	0.01520	0.01108	0.03826	0.05444	0.07144	0.01106	0.00579	0.00433	0.00138	0.00599	0.00446	0.00271	0.00652
9	0.03082	0.05358	0.11186	0.01703	0.19803	0.11133	0.09415	0.14179	0.04549	0.10042	0.02383	0.01367	0.00939	0.00542	0.00499	0.00153	0.00636	0.01934	0.00349	0.00747

[dist]
# distance from previous block
# <min> <max>
2	18

[block]
# block no. 6 follows, 49 sequences, length 7
# corresponding to MSA columns:
# 879-885
name=unknown_G
#
# <colnr> <probs for GDERKNQSTAVLIFYWHMCP>
#	G	D	E	R	K	N	Q	S	T	A	V	L	I	F	Y	W	H	M	C	P
0	0.03640	0.15643	0.08121	0.01199	0.06275	0.03949	0.03386	0.25784	0.06140	0.07714	0.04388	0.04073	0.01091	0.00598	0.00497	0.00147	0.02327	0.00468	0.00389	0.04169
1	0.03258	0.01218	0.07657	0.05001	0.28947	0.01169	0.03618	0.08229	0.19310	0.06065	0.05085	0.01625	0.03402	0.00595	0.00537	0.00161	0.02480	0.00516	0.00372	0.00753
2	0.01308	0.13607	0.13785	0.01261	0.09965	0.05489	0.02391	0.10964	0.08669	0.07134	0.04393	0.08004	0.02518	0.00700	0.01937	0.00161	0.00551	0.00528	0.02185	0.04451
3	0.00809	0.00651	0.00836	0.00799	0.00918	0.02924	0.02492	0.01066	0.07247	0.01344	0.08933	0.09049	0.04510	0.14865	0.38308	0.00520	0.00859	0.00690	0.00347	0.02833
4	0.01456	0.21940	0.06173	0.04428	0.03189	0.34491	0.03384	0.03739	0.01249	0.01358	0.06237	0.01337	0.01045	0.07216	0.00617	0.00162	0.00701	0.00409	0.00276	0.00595
5	0.00797	0.00577	0.00693	0.00726	0.00797	0.00583	0.00492	0.07124	0.06341	0.01426	0.02312	0.50322	0.02644	0.21415	0.01103	0.00269	0.00371	0.01124	0.00435	0.00448
6	0.01246	0.14918	0.47100	0.01373	0.06518	0.03921	0.01486	0.01717	0.04272	0.09126	0.01020	0.01131	0.00749	0.00506	0.00493	0.00152	0.02880	0.00383	0.00271	0.00737

[dist]
# distance from previous block
# <min> <max>
0	1

[block]
# block no. 7 follows, 49 sequences, length 25
# corresponding to MSA columns:
# 887-907,909-912
name=unknown_H
#
# <colnr> <probs for GDERKNQSTAVLIFYWHMCP>
#	G	D	E	R	K	N	Q	S	T	A	V	L	I	F	Y	W	H	M	C	P
0	0.01361	0.24880	0.12902	0.01060	0.01446	0.13949	0.00986	0.09614	0.17183	0.01706	0.05757	0.01416	0.02891	0.00643	0.01993	0.00155	0.00594	0.00436	0.00341	0.00687
1	0.01024	0.00725	0.00814	0.00736	0.00921	0.04923	0.00564	0.01370	0.09818	0.11768	0.48520	0.03269	0.11650	0.00942	0.00569	0.00160	0.00319	0.00810	0.00535	0.00562
2	0.03185	0.08187	0.02925	0.06804	0.26130	0.25500	0.06526	0.07251	0.04566	0.01602	0.01003	0.01192	0.01912	0.00507	0.00478	0.00145	0.00695	0.00418	0.00283	0.00692
3	0.01420	0.09998	0.01406	0.01103	0.05524	0.03613	0.00846	0.28904	0.20946	0.02308	0.15209	0.01797	0.01699	0.00695	0.00531	0.01799	0.00469	0.00542	0.00459	0.00730
4	0.00878	0.00439	0.00659	0.00659	0.00659	0.00439	0.00439	0.00659	0.00659	0.00878	0.00878	0.01537	0.00878	0.01757	0.01976	0.85288	0.00439	0.00439	0.00220	0.00220
5	0.01202	0.00911	0.03422	0.00856	0.01127	0.00884	0.00696	0.15099	0.17182	0.09239	0.29463	0.02595	0.08749	0.00815	0.00539	0.00156	0.00371	0.00686	0.00513	0.05493
6	0.01352	0.82533	0.02650	0.00865	0.01298	0.02001	0.00865	0.01514	0.01027	0.01190	0.00703	0.00811	0.00649	0.00433	0.00324	0.00108	0.00541	0.00270	0.00216	0.00649
7	0.00727	0.00524	0.00724	0.00724	0.00783	0.00584	0.00521	0.00846	0.00786	0.01108	0.01436	0.02438	0.01460	0.30547	0.53738	0.00703	0.01060	0.00608	0.00283	0.00402
8	0.00757	0.00553	0.00695	0.00762	0.00843	0.00544	0.00546	0.07012	0.03164	0.01490	0.02732	0.62903	0.06346	0.01451	0.00633	0.00201	0.00332	0.08101	0.00473	0.00463
9	0.00741	0.00560	0.00806	0.05456	0.01013	0.00617	0.00629	0.02386	0.00989	0.01387	0.14898	0.13554	0.03641	0.02705	0.47577	0.00552	0.00937	0.00735	0.00354	0.00464
10	0.03202	0.01004	0.01207	0.00934	0.01330	0.00939	0.04039	0.08044	0.20405	0.13791	0.01382	0.01382	0.01029	0.00514	0.00449	0.00124	0.00425	0.00424	0.00418	0.38957
11	0.00990	0.00926	0.01555	0.65397	0.04671	0.01095	0.05972	0.03296	0.01061	0.01385	0.01001	0.04955	0.00811	0.00545	0.00512	0.00165	0.00650	0.00497	0.00249	0.04268
12	0.00720	0.00507	0.00661	0.00671	0.00711	0.00542	0.00453	0.00801	0.00787	0.01086	0.01595	0.09347	0.01729	0.43364	0.34204	0.00598	0.00828	0.00715	0.00306	0.00375
13	0.01149	0.01177	0.01543	0.01326	0.01340	0.05823	0.01099	0.01261	0.00810	0.01218	0.00670	0.01096	0.00663	0.00865	0.01594	0.00216	0.76935	0.00436	0.00223	0.00555
14	0.01206	0.00991	0.01219	0.00883	0.01328	0.00827	0.04816	0.11383	0.01243	0.04016	0.00978	0.01106	0.00779	0.00415	0.00408	0.00093	0.00426	0.00342	0.00334	0.67207
15	0.00973	0.00965	0.03778	0.74445	0.07612	0.01129	0.01426	0.01315	0.01020	0.01321	0.00902	0.01335	0.00680	0.00502	0.00505	0.00167	0.00672	0.00447	0.00226	0.00580
16	0.01444	0.01179	0.01248	0.01067	0.01386	0.01345	0.00845	0.23600	0.56945	0.02415	0.01822	0.01698	0.01352	0.00664	0.00512	0.00166	0.00444	0.00539	0.00512	0.00817
17	0.00668	0.00503	0.00618	0.00615	0.00733	0.00453	0.00451	0.00853	0.01283	0.01733	0.47015	0.16775	0.24072	0.01188	0.00605	0.00170	0.00252	0.01040	0.00519	0.00453
18	0.01740	0.02088	0.01399	0.01258	0.01509	0.60346	0.00958	0.04404	0.13159	0.01431	0.00982	0.01084	0.00795	0.00574	0.00548	0.00143	0.06275	0.00375	0.00304	0.00625
19	0.00734	0.00555	0.00650	0.00627	0.00774	0.00512	0.00471	0.00992	0.06020	0.03203	0.37893	0.06751	0.32360	0.03389	0.00650	0.00177	0.00274	0.02982	0.00510	0.00478
20	0.00685	0.00515	0.00595	0.00587	0.00730	0.00451	0.00435	0.00849	0.01238	0.03647	0.30548	0.12731	0.42752	0.01210	0.00600	0.00170	0.00259	0.01039	0.00504	0.00454
21	0.01336	0.01442	0.04129	0.07361	0.39467	0.17395	0.03214	0.01708	0.08085	0.01574	0.01003	0.01224	0.00816	0.00492	0.00507	0.00146	0.02158	0.00425	0.00277	0.07241
22	0.07641	0.13822	0.35374	0.03878	0.04036	0.01312	0.15689	0.03756	0.01094	0.01609	0.00949	0.03857	0.00764	0.00519	0.00518	0.00158	0.03652	0.00439	0.00249	0.00685
23	0.00734	0.00562	0.00825	0.00821	0.00901	0.00656	0.00633	0.00902	0.00837	0.01203	0.03408	0.08170	0.01495	0.05132	0.66226	0.00711	0.05423	0.00619	0.00292	0.00451
24	0.01154	0.01464	0.18384	0.07634	0.12579	0.05634	0.14625	0.07707	0.03584	0.01679	0.03480	0.07308	0.04407	0.00643	0.00589	0.00165	0.05099	0.00568	0.02631	0.00667

[dist]
# distance from previous block
# <min> <max>
0	1

[block]
# block no. 8 follows, 49 sequences, length 19
# corresponding to MSA columns:
# 914-932
name=unknown_I
#
# <colnr> <probs for GDERKNQSTAVLIFYWHMCP>
#	G	D	E	R	K	N	Q	S	T	A	V	L	I	F	Y	W	H	M	C	P
0	0.18143	0.18392	0.05236	0.01227	0.07628	0.11068	0.07438	0.11015	0.04304	0.03426	0.00961	0.01093	0.00759	0.00508	0.00450	0.00144	0.02496	0.00379	0.04670	0.00666
1	0.06398	0.07914	0.03224	0.03032	0.06416	0.11938	0.00876	0.24890	0.03769	0.02101	0.03434	0.01307	0.00974	0.00569	0.00491	0.00141	0.03737	0.00421	0.13469	0.04898
2	0.01339	0.13338	0.29619	0.01276	0.04740	0.05429	0.04259	0.08372	0.12094	0.09041	0.02748	0.03398	0.01009	0.00566	0.00478	0.00153	0.00608	0.00454	0.00339	0.00738
3	0.01250	0.08303	0.13283	0.04502	0.10058	0.12675	0.04122	0.05552	0.08582	0.04127	0.10147	0.01871	0.05838	0.00668	0.00555	0.00157	0.04011	0.03291	0.00347	0.00658
4	0.01273	0.01423	0.11982	0.06921	0.07747	0.04881	0.24458	0.09403	0.12416	0.03646	0.01181	0.01378	0.00896	0.00647	0.03511	0.00186	0.03615	0.00499	0.01411	0.02526
5	0.01354	0.01055	0.03606	0.03286	0.02561	0.02284	0.05584	0.08823	0.14123	0.13863	0.01444	0.03557	0.02523	0.00555	0.00466	0.00130	0.00459	0.00468	0.02283	0.31578
6	0.00715	0.00482	0.00557	0.00577	0.00582	0.00477	0.00334	0.00730	0.00774	0.01032	0.01793	0.16468	0.02091	0.68725	0.02251	0.00443	0.00457	0.00853	0.00334	0.00324
7	0.10803	0.56256	0.03775	0.00918	0.01320	0.11673	0.00861	0.03286	0.01110	0.04953	0.00788	0.00881	0.00670	0.00462	0.00355	0.00121	0.00571	0.00295	0.00258	0.00646
8	0.00941	0.00740	0.00808	0.00749	0.00952	0.00763	0.00573	0.05373	0.25480	0.03302	0.17187	0.08284	0.27523	0.00993	0.00558	0.00168	0.00318	0.00841	0.03862	0.00585
9	0.00815	0.00638	0.00792	0.00735	0.00804	0.02882	0.03963	0.02508	0.00858	0.01139	0.01704	0.02875	0.06991	0.50160	0.17853	0.00491	0.03409	0.00686	0.00308	0.00390
10	0.01509	0.01297	0.01267	0.01057	0.01371	0.13354	0.00842	0.19308	0.22655	0.06957	0.01390	0.01491	0.01076	0.00621	0.00563	0.00148	0.06157	0.02590	0.01950	0.14397
11	0.01274	0.00881	0.01007	0.05526	0.01226	0.07786	0.00726	0.08007	0.06154	0.16764	0.03364	0.13377	0.01538	0.01672	0.23511	0.00350	0.00728	0.00640	0.04868	0.00603
12	0.85801	0.00978	0.00743	0.00665	0.00978	0.01134	0.00548	0.01486	0.00861	0.02269	0.00704	0.00821	0.00548	0.00469	0.00313	0.00156	0.00391	0.00274	0.00313	0.00548
13	0.01125	0.00946	0.01443	0.18518	0.12417	0.01021	0.09139	0.05522	0.12901	0.04840	0.08879	0.03713	0.01546	0.03888	0.00646	0.00181	0.02643	0.05848	0.04143	0.00639
14	0.03432	0.07744	0.15884	0.01436	0.03537	0.21065	0.15430	0.17053	0.02638	0.03483	0.00976	0.01121	0.00741	0.00519	0.00519	0.00151	0.02838	0.00420	0.00309	0.00705
15	0.00631	0.00466	0.00592	0.00676	0.00742	0.00428	0.00472	0.00745	0.01047	0.01372	0.08992	0.57905	0.17251	0.01477	0.00636	0.00197	0.00291	0.05183	0.00476	0.00422
16	0.00863	0.00441	0.00652	0.00656	0.00658	0.00440	0.00435	0.00663	0.00674	0.00898	0.00980	0.04762	0.01012	0.04792	0.01947	0.78739	0.00435	0.00490	0.00233	0.00230
17	0.01303	0.05149	0.08949	0.04321	0.39580	0.08180	0.09160	0.04403	0.03962	0.02819	0.00993	0.01234	0.00799	0.00499	0.00552	0.00154	0.04674	0.00445	0.02088	0.00735
18	0.05291	0.06534	0.09314	0.02494	0.02977	0.08154	0.00980	0.17127	0.35821	0.02106	0.01445	0.01431	0.01089	0.00606	0.00508	0.00159	0.02322	0.00467	0.00416	0.00758

[dist]
# distance from previous block
# <min> <max>
0	2

[block]
# block no. 9 follows, 49 sequences, length 24
# corresponding to MSA columns:
# 935-958
name=unknown_J
#
# <colnr> <probs for GDERKNQSTAVLIFYWHMCP>
#	G	D	E	R	K	N	Q	S	T	A	V	L	I	F	Y	W	H	M	C	P
0	0.01195	0.17194	0.08226	0.01454	0.02996	0.01247	0.32343	0.02751	0.01122	0.06182	0.03648	0.01567	0.01039	0.05536	0.07901	0.00235	0.02628	0.01811	0.00288	0.00640
1	0.00734	0.00494	0.00569	0.00569	0.00575	0.00500	0.00328	0.00747	0.00741	0.00993	0.01577	0.03221	0.01800	0.76991	0.07759	0.00512	0.00548	0.00722	0.00304	0.00316
2	0.14667	0.06885	0.19896	0.01373	0.04574	0.10323	0.14902	0.15493	0.01330	0.01915	0.00948	0.01152	0.00734	0.03041	0.00533	0.00163	0.00668	0.00415	0.00300	0.00688
3	0.01206	0.43718	0.34612	0.01117	0.01663	0.04120	0.01278	0.01545	0.01050	0.01362	0.00814	0.00963	0.00668	0.00576	0.03260	0.00156	0.00668	0.00325	0.00219	0.00681
4	0.03290	0.48743	0.15318	0.03677	0.01583	0.05001	0.04209	0.06384	0.03000	0.01459	0.00874	0.02820	0.00748	0.00491	0.00397	0.00130	0.00597	0.00356	0.00253	0.00671
5	0.00730	0.00495	0.00571	0.00571	0.00584	0.00500	0.00335	0.00749	0.00754	0.01008	0.01683	0.03251	0.04173	0.73437	0.08740	0.00506	0.00552	0.00730	0.00309	0.00322
6	0.03490	0.00953	0.03510	0.00835	0.01117	0.00960	0.00689	0.21919	0.13934	0.11395	0.01774	0.01790	0.05231	0.00644	0.00454	0.00145	0.00392	0.00511	0.29571	0.00683
7	0.01378	0.66073	0.09910	0.00969	0.01413	0.10493	0.00974	0.01578	0.01076	0.01235	0.00731	0.00847	0.00648	0.00447	0.00354	0.00116	0.00601	0.00286	0.00221	0.00652
8	0.01284	0.04022	0.01738	0.31527	0.31573	0.18442	0.01349	0.01556	0.01157	0.01413	0.00887	0.01199	0.00716	0.00486	0.00487	0.00151	0.00694	0.00417	0.00242	0.00660
9	0.00644	0.00518	0.00539	0.00534	0.00703	0.00436	0.00400	0.00778	0.01167	0.03265	0.08609	0.07228	0.70912	0.01263	0.00597	0.00171	0.00261	0.01058	0.00478	0.00439
10	0.00994	0.00961	0.01513	0.77710	0.03403	0.04400	0.01387	0.01322	0.01029	0.01290	0.00894	0.01330	0.00673	0.00506	0.00504	0.00167	0.00684	0.00444	0.00226	0.00563
11	0.01441	0.01264	0.01738	0.07847	0.10409	0.10640	0.18923	0.16138	0.02885	0.10073	0.02702	0.07320	0.04994	0.00643	0.00537	0.00161	0.00628	0.00588	0.00376	0.00694
12	0.00766	0.00604	0.00809	0.00805	0.00892	0.03502	0.00612	0.00927	0.00828	0.01157	0.01357	0.02078	0.01299	0.11433	0.69652	0.00756	0.01253	0.00553	0.00274	0.00442
13	0.00840	0.00546	0.00701	0.00659	0.00805	0.00495	0.00502	0.01052	0.01362	0.08892	0.55628	0.08169	0.13487	0.01072	0.00595	0.00166	0.00270	0.03716	0.00544	0.00501
14	0.01014	0.02616	0.79609	0.01441	0.02189	0.01174	0.01868	0.01601	0.01068	0.01601	0.00907	0.01068	0.00641	0.00480	0.00480	0.00160	0.00747	0.00374	0.00214	0.00747
15	0.01014	0.02616	0.79609	0.01441	0.02189	0.01174	0.01868	0.01601	0.01068	0.01601	0.00907	0.01068	0.00641	0.00480	0.00480	0.00160	0.00747	0.00374	0.00214	0.00747
16	0.00981	0.00508	0.00512	0.00499	0.00628	0.00514	0.00377	0.04174	0.01112	0.01936	0.01632	0.01859	0.01279	0.00590	0.00359	0.00119	0.00248	0.00471	0.81713	0.00487
17	0.01392	0.72535	0.04901	0.00924	0.01350	0.09336	0.00907	0.01564	0.01067	0.01207	0.00717	0.00829	0.00649	0.00442	0.00342	0.00112	0.00582	0.00279	0.00220	0.00646
18	0.13702	0.01180	0.01151	0.01009	0.01228	0.14468	0.03754	0.18910	0.01332	0.01847	0.01359	0.12812	0.01331	0.08942	0.05063	0.00235	0.06262	0.04470	0.00367	0.00580
19	0.00819	0.00564	0.00715	0.00772	0.00874	0.00557	0.00610	0.03795	0.01096	0.01499	0.02416	0.19456	0.04997	0.12608	0.00894	0.00242	0.00404	0.35246	0.10314	0.02123
20	0.01194	0.01364	0.02984	0.02131	0.02643	0.01279	0.77238	0.01620	0.01194	0.01620	0.01023	0.01364	0.00767	0.00426	0.00597	0.00171	0.00853	0.00597	0.00256	0.00682
21	0.85801	0.00978	0.00743	0.00665	0.00978	0.01134	0.00548	0.01486	0.00861	0.02269	0.00704	0.00821	0.00548	0.00469	0.00313	0.00156	0.00391	0.00274	0.00313	0.00548
22	0.00756	0.00514	0.00581	0.00580	0.00594	0.00521	0.00339	0.00815	0.03526	0.01037	0.01642	0.03330	0.01860	0.76885	0.02444	0.00471	0.00486	0.02972	0.00319	0.00329
23	0.01190	0.01322	0.02509	0.01867	0.02219	0.03915	0.52238	0.01514	0.01077	0.01488	0.00909	0.01273	0.00733	0.00565	0.00907	0.00184	0.24662	0.00542	0.00246	0.00641

[dist]
# distance from previous block
# <min> <max>
1	4

[block]
# block no. 10 follows, 49 sequences, length 23
# corresponding to MSA columns:
# 963-985
name=unknown_K
#
# <colnr> <probs for GDERKNQSTAVLIFYWHMCP>
#	G	D	E	R	K	N	Q	S	T	A	V	L	I	F	Y	W	H	M	C	P
0	0.00808	0.00574	0.00689	0.00715	0.00791	0.00583	0.00507	0.03418	0.07587	0.01416	0.06593	0.23767	0.02494	0.30259	0.01314	0.00301	0.00404	0.13216	0.04128	0.00436
1	0.01352	0.82533	0.02650	0.00865	0.01298	0.02001	0.00865	0.01514	0.01027	0.01190	0.00703	0.00811	0.00649	0.00433	0.00324	0.00108	0.00541	0.00270	0.00216	0.00649
2	0.04809	0.00905	0.00981	0.00809	0.01082	0.00950	0.00651	0.29323	0.03013	0.13318	0.01652	0.03212	0.03848	0.00641	0.00447	0.00142	0.00392	0.00504	0.32647	0.00675
3	0.01084	0.10540	0.02745	0.00844	0.01075	0.03530	0.00674	0.05145	0.28375	0.01761	0.14884	0.02388	0.06588	0.12580	0.02911	0.00221	0.00445	0.00627	0.02974	0.00610
4	0.01510	0.58904	0.02291	0.00994	0.01376	0.25062	0.00898	0.01663	0.01147	0.01204	0.00726	0.00841	0.00650	0.00459	0.00363	0.00115	0.00650	0.00287	0.00229	0.00630
5	0.63541	0.00946	0.00837	0.00716	0.01038	0.01044	0.00589	0.03969	0.01028	0.17011	0.01008	0.01052	0.00725	0.00509	0.00358	0.00155	0.00397	0.00333	0.04132	0.00614
6	0.00735	0.00494	0.00569	0.00569	0.00575	0.00500	0.00328	0.00746	0.00740	0.00993	0.01577	0.03221	0.01800	0.77031	0.07719	0.00512	0.00548	0.00723	0.00304	0.00316
7	0.19400	0.01080	0.01198	0.00945	0.01320	0.01121	0.00778	0.27312	0.04821	0.34766	0.01469	0.01372	0.00987	0.00590	0.00467	0.00156	0.00463	0.00445	0.00516	0.00793
8	0.85801	0.00978	0.00743	0.00665	0.00978	0.01134	0.00548	0.01486	0.00861	0.02269	0.00704	0.00821	0.00548	0.00469	0.00313	0.00156	0.00391	0.00274	0.00313	0.00548
9	0.00634	0.00458	0.00596	0.00687	0.00735	0.00426	0.00469	0.00739	0.01019	0.01357	0.09660	0.65049	0.08262	0.04233	0.00705	0.00209	0.00298	0.03575	0.00472	0.00416
10	0.35151	0.01019	0.01067	0.00861	0.01220	0.01069	0.00709	0.16130	0.03926	0.32116	0.01341	0.01276	0.00910	0.00563	0.00431	0.00156	0.00437	0.00408	0.00476	0.00735
11	0.03204	0.00920	0.01073	0.00912	0.01192	0.00946	0.00723	0.19530	0.14986	0.23088	0.07025	0.13123	0.05612	0.02186	0.00574	0.00174	0.00416	0.03073	0.00528	0.00714
12	0.14705	0.01269	0.04764	0.01520	0.18384	0.01274	0.04019	0.32189	0.01641	0.13631	0.01171	0.01235	0.00843	0.00542	0.00478	0.00154	0.00542	0.00436	0.00416	0.00787
13	0.00988	0.00493	0.00522	0.00513	0.00642	0.00486	0.00389	0.01218	0.01090	0.05543	0.03943	0.03984	0.01483	0.00647	0.00383	0.00126	0.00252	0.02314	0.74496	0.00488
14	0.00697	0.00532	0.00655	0.00714	0.00831	0.00499	0.00556	0.00895	0.03473	0.01467	0.09604	0.25099	0.28006	0.01357	0.00638	0.00198	0.00332	0.23523	0.00477	0.00450
15	0.01061	0.02288	0.59566	0.01622	0.02307	0.01202	0.21583	0.01606	0.01101	0.01606	0.00938	0.01145	0.00674	0.00466	0.00511	0.00163	0.00775	0.00432	0.00225	0.00730
16	0.00987	0.00931	0.01317	0.01163	0.01192	0.01260	0.00955	0.01121	0.00805	0.01230	0.03252	0.01434	0.00957	0.01701	0.23559	0.00384	0.56500	0.00485	0.00245	0.00522
17	0.00613	0.00450	0.00576	0.00676	0.00726	0.00413	0.00457	0.00707	0.00995	0.01302	0.03123	0.70805	0.14221	0.01541	0.00639	0.00200	0.00288	0.01384	0.00469	0.00413
18	0.01323	0.01414	0.08584	0.29790	0.05619	0.14842	0.14294	0.05029	0.01219	0.07532	0.01022	0.01283	0.00761	0.00513	0.00524	0.00158	0.02022	0.00452	0.02971	0.00646
19	0.01352	0.82533	0.02650	0.00865	0.01298	0.02001	0.00865	0.01514	0.01027	0.01190	0.00703	0.00811	0.00649	0.00433	0.00324	0.00108	0.00541	0.00270	0.00216	0.00649
20	0.01045	0.09794	0.72696	0.01390	0.02109	0.01249	0.01778	0.01594	0.01064	0.01564	0.00889	0.01045	0.00641	0.00476	0.00466	0.00155	0.00729	0.00364	0.00214	0.00738
21	0.00723	0.00540	0.00804	0.00804	0.00891	0.00627	0.00621	0.00897	0.00810	0.01167	0.01362	0.02030	0.01283	0.06378	0.77665	0.00802	0.01326	0.00548	0.00272	0.00447
22	0.42942	0.03102	0.07237	0.02635	0.03689	0.06378	0.00831	0.16508	0.04674	0.02229	0.00927	0.01034	0.00706	0.00521	0.00418	0.00154	0.01979	0.00352	0.03038	0.00646

[dist]
# distance from previous block
# <min> <max>
0	1

[block]
# block no. 11 follows, 49 sequences, length 13
# corresponding to MSA columns:
# 987-999
name=unknown_L
#
# <colnr> <probs for GDERKNQSTAVLIFYWHMCP>
#	G	D	E	R	K	N	Q	S	T	A	V	L	I	F	Y	W	H	M	C	P
0	0.01245	0.01220	0.01964	0.11996	0.66953	0.04674	0.01510	0.01543	0.01148	0.01592	0.00938	0.01248	0.00780	0.00460	0.00499	0.00151	0.00623	0.00445	0.00248	0.00764
1	0.01824	0.01177	0.01330	0.01036	0.01416	0.01233	0.00847	0.44030	0.09119	0.20756	0.05131	0.01506	0.01193	0.00623	0.00503	0.00150	0.00485	0.00490	0.00523	0.06629
2	0.01009	0.00896	0.00875	0.00839	0.04269	0.07612	0.00613	0.14054	0.06208	0.01751	0.06797	0.03518	0.47586	0.01018	0.00560	0.00163	0.00387	0.00835	0.00455	0.00556
3	0.00655	0.00465	0.00584	0.00660	0.00697	0.00440	0.00436	0.00733	0.00941	0.01245	0.04613	0.52320	0.07816	0.21772	0.01127	0.00274	0.00346	0.04055	0.00431	0.00389
4	0.01700	0.00887	0.01098	0.00887	0.01207	0.00856	0.00714	0.11824	0.11695	0.39250	0.19039	0.02113	0.02009	0.00714	0.00524	0.00156	0.00398	0.00593	0.00569	0.03769
5	0.00713	0.00509	0.00615	0.00628	0.00677	0.00508	0.00419	0.00771	0.00884	0.01164	0.05267	0.14075	0.15241	0.39506	0.07929	0.04233	0.02551	0.03580	0.00363	0.00367
6	0.01049	0.00899	0.01049	0.00749	0.01198	0.00674	0.00599	0.01273	0.01049	0.01648	0.00899	0.01049	0.00749	0.00374	0.00374	0.00075	0.00374	0.00300	0.00300	0.85320
7	0.00898	0.00587	0.00699	0.00676	0.00818	0.00568	0.00502	0.05142	0.05266	0.06415	0.25159	0.23186	0.12115	0.01065	0.00555	0.00166	0.00291	0.00927	0.14452	0.00513
8	0.00689	0.00556	0.00678	0.00677	0.00781	0.00562	0.00506	0.00817	0.01019	0.01319	0.07715	0.13625	0.35763	0.09483	0.14248	0.00319	0.06863	0.03541	0.00406	0.00432
9	0.01316	0.21618	0.07838	0.00986	0.01398	0.04894	0.04085	0.10918	0.01232	0.06586	0.01012	0.01169	0.00817	0.00845	0.09604	0.00196	0.00630	0.00372	0.00311	0.24172
10	0.09289	0.01055	0.01154	0.00896	0.01259	0.01056	0.00723	0.31508	0.01552	0.06418	0.01150	0.01324	0.00903	0.05022	0.04327	0.00176	0.00499	0.00411	0.03459	0.27816
11	0.04905	0.07118	0.02966	0.16826	0.21225	0.06617	0.02394	0.01448	0.02817	0.04780	0.04017	0.01517	0.03776	0.01861	0.06573	0.00213	0.09553	0.00476	0.00286	0.00632
12	0.01214	0.01094	0.01124	0.02639	0.05929	0.16071	0.03967	0.08461	0.02402	0.05431	0.06894	0.02438	0.07963	0.18071	0.05419	0.00261	0.00604	0.05264	0.00366	0.04387

[dist]
# distance from previous block
# <min> <max>
3	14

[block]
# block no. 12 follows, 49 sequences, length 32
# corresponding to MSA columns:
# 1014-1045
name=unknown_M
#
# <colnr> <probs for GDERKNQSTAVLIFYWHMCP>
#	G	D	E	R	K	N	Q	S	T	A	V	L	I	F	Y	W	H	M	C	P
0	0.06193	0.01135	0.01312	0.05710	0.07400	0.05287	0.03833	0.23366	0.11516	0.04977	0.05183	0.03717	0.04686	0.03265	0.00561	0.00160	0.00504	0.00526	0.00412	0.10255
1	0.00968	0.00652	0.00881	0.00994	0.08019	0.00628	0.00699	0.01229	0.06117	0.10785	0.09048	0.24198	0.12381	0.01178	0.00611	0.00191	0.00379	0.20019	0.00477	0.00546
2	0.01679	0.01425	0.02985	0.04073	0.10289	0.13595	0.06837	0.32269	0.04959	0.10184	0.01333	0.01394	0.03269	0.00582	0.00503	0.00151	0.00610	0.00473	0.02630	0.00759
3	0.01394	0.62004	0.04356	0.00970	0.01358	0.08866	0.00922	0.04676	0.02811	0.01309	0.00763	0.00890	0.00679	0.00489	0.00454	0.00123	0.06742	0.00305	0.00239	0.00651
4	0.01397	0.01048	0.01244	0.02484	0.01349	0.01131	0.04212	0.42300	0.03738	0.02390	0.02917	0.18859	0.02705	0.01011	0.04464	0.00200	0.00525	0.03570	0.03769	0.00686
5	0.00883	0.00717	0.00708	0.00676	0.00853	0.06624	0.00510	0.01115	0.06340	0.06746	0.14888	0.08015	0.42343	0.04182	0.00655	0.00181	0.00342	0.03249	0.00474	0.00496
6	0.01017	0.00953	0.01607	0.53924	0.23612	0.01107	0.01385	0.01332	0.01034	0.01380	0.00948	0.01371	0.00753	0.00742	0.06607	0.00213	0.00706	0.00457	0.00235	0.00618
7	0.00831	0.00563	0.00697	0.00680	0.00823	0.00522	0.00512	0.02491	0.03574	0.07577	0.33514	0.20112	0.20011	0.01171	0.00601	0.00175	0.00291	0.04839	0.00518	0.00498
8	0.00660	0.00496	0.00611	0.00621	0.00731	0.00447	0.00451	0.00831	0.01241	0.01668	0.40236	0.23945	0.23739	0.01238	0.00609	0.00174	0.00257	0.01087	0.00512	0.00447
9	0.01889	0.02410	0.01433	0.01303	0.01563	0.80199	0.00977	0.02019	0.01433	0.01238	0.00782	0.00912	0.00651	0.00521	0.00456	0.00130	0.00912	0.00326	0.00261	0.00586
10	0.01053	0.00864	0.00920	0.00854	0.01068	0.02685	0.00658	0.12428	0.26429	0.01896	0.06554	0.16667	0.19875	0.01020	0.00568	0.00176	0.00378	0.04803	0.00489	0.00616
11	0.04394	0.00767	0.01001	0.00815	0.01123	0.00683	0.00655	0.01978	0.03039	0.53272	0.13792	0.06821	0.07827	0.00788	0.00530	0.00161	0.00378	0.00659	0.00582	0.00733
12	0.00787	0.00503	0.00661	0.00726	0.00796	0.00473	0.00505	0.02449	0.01043	0.07325	0.04993	0.64122	0.03073	0.06142	0.00744	0.00217	0.00326	0.04187	0.00475	0.00453
