[name]
unknown

[dist]
# distance from previous block
# <min> <max>
0	264

[block]
# block no. 0 follows, 55 sequences, length 29
# corresponding to MSA columns:
# 306-334
name=unknown_A
#
# <colnr> <probs for GDERKNQSTAVLIFYWHMCP>
#	G	D	E	R	K	N	Q	S	T	A	V	L	I	F	Y	W	H	M	C	P
0	0.00773	0.00734	0.04404	0.05186	0.03205	0.00667	0.05294	0.01067	0.08078	0.01438	0.13478	0.13450	0.21716	0.02641	0.00604	0.00163	0.03849	0.05104	0.00381	0.07768
1	0.02853	0.12163	0.06275	0.02249	0.01168	0.02895	0.00696	0.07616	0.06811	0.03630	0.01149	0.08157	0.01050	0.06988	0.00553	0.00139	0.00425	0.01818	0.00312	0.33052
2	0.10308	0.03208	0.05570	0.01035	0.07442	0.15722	0.00786	0.06539	0.09481	0.07705	0.03911	0.04710	0.07400	0.02290	0.00502	0.00144	0.02330	0.01792	0.00344	0.08783
3	0.00948	0.00727	0.00901	0.02296	0.10152	0.02244	0.00644	0.08500	0.06074	0.06375	0.29332	0.02874	0.19252	0.01906	0.00538	0.00151	0.00341	0.03268	0.00436	0.03041
4	0.06023	0.01227	0.06069	0.01081	0.04703	0.02617	0.00880	0.44001	0.11301	0.03365	0.04804	0.01280	0.01002	0.00620	0.02050	0.00153	0.03460	0.00431	0.00408	0.04525
5	0.00886	0.00817	0.09646	0.00781	0.00998	0.00671	0.00676	0.06555	0.08541	0.06550	0.17143	0.17013	0.11076	0.01202	0.09254	0.00221	0.00451	0.04304	0.00413	0.02801
6	0.04755	0.00887	0.00961	0.00816	0.01050	0.03241	0.00633	0.24988	0.09559	0.10589	0.07280	0.10216	0.05591	0.10739	0.03406	0.00203	0.00439	0.00605	0.00427	0.03616
7	0.02585	0.18284	0.11601	0.05003	0.03279	0.09953	0.17985	0.03586	0.01028	0.03261	0.00959	0.05864	0.00853	0.05007	0.02039	0.00170	0.07263	0.00454	0.00249	0.00577
8	0.00590	0.00464	0.00511	0.00519	0.00633	0.00409	0.00372	0.00704	0.01026	0.01291	0.15098	0.12298	0.48569	0.12868	0.00814	0.00202	0.00271	0.02555	0.00422	0.00383
9	0.01060	0.01002	0.01692	0.14048	0.61994	0.01028	0.01313	0.01329	0.01043	0.01469	0.04328	0.05641	0.00999	0.00500	0.00472	0.00144	0.00533	0.00481	0.00250	0.00674
10	0.01144	0.01109	0.01851	0.15485	0.39683	0.02547	0.14655	0.07005	0.03838	0.01544	0.00912	0.01188	0.00730	0.00463	0.00544	0.00149	0.05795	0.00439	0.00251	0.00668
11	0.00931	0.00720	0.00946	0.00893	0.04340	0.00756	0.04551	0.08512	0.11197	0.04775	0.17845	0.17742	0.08508	0.05447	0.02506	0.00189	0.05986	0.00759	0.02870	0.00526
12	0.00576	0.00417	0.00529	0.00615	0.00653	0.00387	0.00408	0.00653	0.00888	0.01167	0.02692	0.66770	0.11444	0.09533	0.00764	0.00211	0.00284	0.01221	0.00417	0.00370
13	0.01110	0.09053	0.05035	0.23390	0.39742	0.05721	0.01264	0.02602	0.03338	0.01397	0.00941	0.01195	0.02312	0.00455	0.00445	0.00139	0.00575	0.00404	0.00235	0.00646
14	0.03221	0.01291	0.08857	0.01389	0.06535	0.07838	0.24260	0.17865	0.04768	0.07571	0.01250	0.06595	0.02728	0.03022	0.00547	0.00158	0.00597	0.00524	0.00335	0.00649
15	0.03561	0.01183	0.01447	0.06232	0.20078	0.14852	0.08138	0.10863	0.02548	0.07160	0.02490	0.02778	0.02482	0.05889	0.00646	0.00167	0.04523	0.04038	0.00312	0.00613
16	0.16972	0.03744	0.01272	0.06592	0.10133	0.26169	0.04016	0.07090	0.01145	0.03527	0.00866	0.01030	0.00688	0.00478	0.00439	0.00132	0.03640	0.00348	0.08096	0.03624
17	0.00675	0.00517	0.00612	0.00612	0.00721	0.00496	0.00449	0.05422	0.01083	0.01418	0.17471	0.23330	0.29309	0.07270	0.04977	0.00216	0.01799	0.02781	0.00424	0.00418
18	0.04401	0.05013	0.09078	0.01027	0.04649	0.12286	0.02177	0.11638	0.06574	0.14396	0.02267	0.07442	0.01065	0.00633	0.01966	0.00145	0.00514	0.01747	0.00360	0.12622
19	0.00791	0.00570	0.00702	0.00661	0.00761	0.00604	0.00483	0.02306	0.07405	0.03609	0.14191	0.04144	0.07869	0.24365	0.18450	0.00361	0.04722	0.00643	0.05320	0.02042
20	0.00995	0.04267	0.12397	0.01417	0.17948	0.02324	0.09437	0.01431	0.13121	0.03196	0.12120	0.09087	0.04818	0.00678	0.00529	0.00153	0.03247	0.01887	0.00336	0.00611
21	0.01176	0.45556	0.31840	0.01027	0.01524	0.05798	0.01151	0.04740	0.01032	0.01316	0.00741	0.00855	0.00602	0.00426	0.00366	0.00120	0.00587	0.00294	0.00211	0.00636
22	0.80195	0.00929	0.00812	0.00695	0.00995	0.01061	0.04698	0.03356	0.00844	0.02077	0.00675	0.00792	0.00522	0.00433	0.00306	0.00145	0.00386	0.00272	0.00290	0.00518
23	0.00819	0.00705	0.00962	0.00868	0.00915	0.00877	0.00675	0.00925	0.00748	0.01103	0.03975	0.01818	0.01169	0.21012	0.24968	0.00411	0.32890	0.00507	0.00250	0.04401
24	0.01458	0.00939	0.01068	0.00908	0.01202	0.01011	0.00721	0.06769	0.49570	0.25794	0.04080	0.01704	0.01388	0.00619	0.00473	0.00152	0.00381	0.00511	0.00505	0.00748
25	0.01006	0.02620	0.00609	0.00533	0.00680	0.03828	0.00413	0.07754	0.01097	0.02998	0.01435	0.01620	0.01119	0.00538	0.00342	0.00112	0.00276	0.00423	0.72119	0.00478
26	0.00583	0.00444	0.00516	0.00554	0.00636	0.00402	0.00382	0.00675	0.00946	0.01204	0.07058	0.33677	0.34378	0.13531	0.02657	0.00225	0.00302	0.01046	0.00410	0.00374
27	0.00900	0.00761	0.01100	0.08922	0.04500	0.00777	0.10673	0.06443	0.10466	0.03568	0.08697	0.12448	0.21744	0.00858	0.00542	0.00160	0.01774	0.03304	0.01831	0.00532
28	0.01067	0.00772	0.00863	0.00780	0.00999	0.00810	0.00605	0.07693	0.31876	0.10566	0.08726	0.11203	0.18484	0.00865	0.00511	0.00158	0.00334	0.02609	0.00473	0.00605

[dist]
# distance from previous block
# <min> <max>
0	1

[block]
# block no. 1 follows, 55 sequences, length 7
# corresponding to MSA columns:
# 336-342
name=unknown_B
#
# <colnr> <probs for GDERKNQSTAVLIFYWHMCP>
#	G	D	E	R	K	N	Q	S	T	A	V	L	I	F	Y	W	H	M	C	P
0	0.05987	0.10261	0.15257	0.04050	0.20662	0.15438	0.03276	0.05972	0.01153	0.04314	0.06588	0.01184	0.00935	0.00482	0.00430	0.00133	0.00582	0.00389	0.00272	0.02635
1	0.00839	0.00439	0.00461	0.00461	0.00560	0.00445	0.00340	0.01035	0.00937	0.01626	0.01495	0.01840	0.01228	0.07014	0.06214	0.00179	0.00307	0.00456	0.73703	0.00421
2	0.03897	0.07206	0.01161	0.04743	0.05855	0.07796	0.00716	0.06077	0.03380	0.10347	0.05182	0.03817	0.02931	0.02067	0.00474	0.00124	0.02292	0.01731	0.01653	0.28554
3	0.00653	0.00458	0.00564	0.00598	0.00686	0.00420	0.00425	0.00765	0.00987	0.04489	0.12043	0.37020	0.24051	0.08246	0.03717	0.00217	0.00316	0.03517	0.00428	0.00401
4	0.00851	0.00435	0.00440	0.00440	0.00539	0.00435	0.00321	0.01049	0.00950	0.01663	0.01513	0.01847	0.01235	0.07670	0.00500	0.00138	0.00237	0.00454	0.78861	0.00421
5	0.01309	0.11008	0.13044	0.01221	0.06297	0.17342	0.06874	0.11306	0.05700	0.05739	0.04582	0.01467	0.02493	0.00574	0.00508	0.00143	0.04643	0.04812	0.00311	0.00627
6	0.06440	0.14869	0.03274	0.04444	0.09446	0.17773	0.00855	0.10467	0.04582	0.07335	0.03345	0.02724	0.02141	0.01852	0.02658	0.00151	0.00558	0.01570	0.00313	0.05203

[dist]
# distance from previous block
# <min> <max>
0	20

[block]
# block no. 2 follows, 55 sequences, length 33
# corresponding to MSA columns:
# 363-395
name=unknown_C
#
# <colnr> <probs for GDERKNQSTAVLIFYWHMCP>
#	G	D	E	R	K	N	Q	S	T	A	V	L	I	F	Y	W	H	M	C	P
0	0.09140	0.01210	0.05587	0.04925	0.04008	0.13569	0.02272	0.16276	0.07742	0.12223	0.01197	0.04891	0.00946	0.02529	0.00499	0.00145	0.01992	0.00437	0.04732	0.05681
1	0.03551	0.05164	0.05632	0.08440	0.36034	0.05139	0.01089	0.03330	0.05394	0.03685	0.01018	0.04856	0.00874	0.00615	0.00596	0.08263	0.02118	0.00440	0.03146	0.00615
2	0.00908	0.00532	0.00658	0.00636	0.00790	0.00477	0.00476	0.01071	0.03110	0.17936	0.11866	0.29161	0.26633	0.01106	0.00547	0.00165	0.00286	0.02686	0.00472	0.00486
3	0.00679	0.00510	0.00734	0.00726	0.00793	0.00591	0.00549	0.00817	0.00735	0.01053	0.01258	0.01993	0.01227	0.16190	0.66224	0.00681	0.04066	0.00524	0.00253	0.00397
4	0.00591	0.00473	0.00528	0.00514	0.00653	0.00410	0.00386	0.00747	0.01157	0.01486	0.33236	0.04100	0.51893	0.01093	0.00549	0.00153	0.00230	0.00929	0.00462	0.00410
5	0.01738	0.02217	0.01318	0.01199	0.01438	0.81783	0.00899	0.01858	0.01318	0.01139	0.00719	0.00839	0.00599	0.00479	0.00419	0.00120	0.00839	0.00300	0.00240	0.00539
6	0.01151	0.01105	0.01888	0.02855	0.80748	0.01105	0.01428	0.01428	0.01059	0.01520	0.00875	0.01151	0.00737	0.00415	0.00461	0.00138	0.00553	0.00415	0.00230	0.00737
7	0.00998	0.00832	0.01004	0.16338	0.02679	0.00939	0.00774	0.01793	0.42032	0.03568	0.08084	0.02185	0.10215	0.00700	0.00487	0.00156	0.00391	0.03208	0.03002	0.00616
8	0.01179	0.01010	0.01064	0.00951	0.01218	0.01168	0.00742	0.05268	0.77076	0.01982	0.01865	0.01713	0.01397	0.00629	0.00473	0.00157	0.00373	0.00522	0.00473	0.00738
9	0.86937	0.00900	0.00684	0.00612	0.00900	0.01044	0.00504	0.01368	0.00792	0.02087	0.00648	0.00756	0.00504	0.00432	0.00288	0.00144	0.00360	0.00252	0.00288	0.00504
10	0.00955	0.03466	0.00884	0.00768	0.00897	0.03497	0.02443	0.05698	0.04851	0.07722	0.03486	0.06492	0.01534	0.25457	0.18934	0.02537	0.02827	0.06760	0.00335	0.00458
11	0.00687	0.00471	0.00547	0.00542	0.00562	0.00479	0.00326	0.00748	0.02840	0.01003	0.06369	0.02947	0.01813	0.70391	0.08055	0.00446	0.00493	0.00670	0.00299	0.00314
12	0.00774	0.00631	0.00766	0.00769	0.00908	0.02941	0.02791	0.02069	0.11338	0.01491	0.14535	0.18618	0.15426	0.01106	0.00571	0.00177	0.00351	0.23834	0.00438	0.00468
13	0.00867	0.00434	0.00434	0.00434	0.00542	0.00434	0.00325	0.01084	0.00976	0.01734	0.01518	0.01734	0.01192	0.00542	0.00325	0.00108	0.00217	0.00434	0.86233	0.00434
14	0.02494	0.11086	0.09524	0.00986	0.03443	0.04268	0.02696	0.16354	0.04735	0.04551	0.02604	0.01101	0.00814	0.00524	0.01964	0.00128	0.04092	0.00357	0.00312	0.27965
15	0.05523	0.01392	0.01481	0.01696	0.28976	0.24742	0.03587	0.10085	0.04429	0.05994	0.01077	0.02811	0.03043	0.00519	0.00476	0.00138	0.02661	0.00419	0.00300	0.00651
16	0.00867	0.00434	0.00434	0.00434	0.00542	0.00434	0.00325	0.01084	0.00976	0.01734	0.01518	0.01734	0.01192	0.00542	0.00325	0.00108	0.00217	0.00434	0.86233	0.00434
17	0.03637	0.07458	0.05985	0.13844	0.23804	0.18114	0.08795	0.03777	0.01093	0.01390	0.00864	0.03120	0.00724	0.00482	0.00488	0.00140	0.03913	0.00406	0.01356	0.00612
18	0.00950	0.00812	0.01040	0.10898	0.04310	0.03524	0.00779	0.09468	0.04325	0.01526	0.14869	0.06484	0.04843	0.03535	0.09622	0.00235	0.16468	0.02538	0.03257	0.00514
19	0.04810	0.00968	0.01193	0.03670	0.18294	0.04234	0.00863	0.12229	0.15448	0.04254	0.04383	0.06191	0.06728	0.00727	0.02253	0.00164	0.07209	0.01421	0.04336	0.00624
20	0.65753	0.00872	0.00762	0.00713	0.02955	0.00985	0.00555	0.03625	0.04404	0.05902	0.00931	0.04077	0.00788	0.03304	0.00406	0.00158	0.00373	0.02587	0.00323	0.00528
21	0.02183	0.15839	0.07443	0.04331	0.04879	0.07053	0.07582	0.18336	0.07961	0.01722	0.00957	0.01085	0.00753	0.00558	0.02775	0.00145	0.03049	0.00375	0.00301	0.12674
22	0.00755	0.00412	0.00599	0.00614	0.00627	0.00409	0.00413	0.00636	0.00693	0.00933	0.05166	0.14461	0.01380	0.03592	0.04257	0.63562	0.00403	0.00580	0.00257	0.00251
23	0.08481	0.15116	0.03013	0.00952	0.01250	0.22583	0.00789	0.14911	0.09564	0.08402	0.04818	0.03679	0.01068	0.00573	0.00424	0.00134	0.00539	0.02730	0.00351	0.00621
24	0.02731	0.13963	0.03282	0.00864	0.01126	0.06258	0.06722	0.04701	0.11778	0.07020	0.04933	0.06607	0.20801	0.02311	0.02224	0.00164	0.01965	0.01626	0.00368	0.00556
25	0.00701	0.00463	0.00576	0.00611	0.00696	0.00424	0.00429	0.00802	0.00963	0.07103	0.07632	0.42315	0.19337	0.11043	0.02179	0.00218	0.00312	0.03365	0.00426	0.00406
26	0.00995	0.04650	0.39416	0.03024	0.08847	0.02053	0.07540	0.04822	0.02933	0.03090	0.02958	0.11425	0.01105	0.00604	0.00471	0.00150	0.00575	0.02004	0.02705	0.00630
27	0.01228	0.05582	0.03177	0.15632	0.24157	0.07303	0.07913	0.09640	0.02948	0.06339	0.01022	0.05062	0.00844	0.00521	0.00507	0.00144	0.04146	0.00452	0.00286	0.03098
28	0.02653	0.00664	0.00803	0.00720	0.00841	0.02929	0.02705	0.04332	0.02320	0.12684	0.06040	0.11380	0.07696	0.32597	0.03739	0.00289	0.06096	0.00690	0.00367	0.00453
29	0.00640	0.00474	0.00604	0.00629	0.00706	0.00471	0.00452	0.02250	0.00927	0.01237	0.09718	0.26608	0.16692	0.13240	0.20638	0.00352	0.00531	0.03066	0.00375	0.00392
30	0.02398	0.05372	0.11894	0.03002	0.09514	0.09518	0.09638	0.15055	0.07660	0.01718	0.07638	0.11919	0.01350	0.00644	0.00480	0.00147	0.00537	0.00559	0.00336	0.00622
31	0.01095	0.02746	0.03092	0.03504	0.23100	0.04504	0.02358	0.08854	0.06436	0.03965	0.01477	0.13374	0.05945	0.00671	0.00506	0.00142	0.03219	0.02174	0.00329	0.12508
32	0.02339	0.01125	0.02410	0.12097	0.28807	0.08963	0.04405	0.08034	0.08885	0.06944	0.02055	0.02787	0.00905	0.00560	0.02154	0.00152	0.00556	0.00439	0.01891	0.04494

[dist]
# distance from previous block
# <min> <max>
20	47

[block]
# block no. 3 follows, 55 sequences, length 13
# corresponding to MSA columns:
# 444-447,455-460,462-464
name=unknown_D
#
# <colnr> <probs for GDERKNQSTAVLIFYWHMCP>
#	G	D	E	R	K	N	Q	S	T	A	V	L	I	F	Y	W	H	M	C	P
0	0.01259	0.23350	0.15462	0.01119	0.06493	0.05856	0.03795	0.10359	0.03848	0.08115	0.04756	0.03254	0.00986	0.00529	0.00453	0.00132	0.02994	0.01728	0.00304	0.05208
1	0.02746	0.08161	0.24210	0.06380	0.02573	0.06691	0.04616	0.04791	0.01124	0.06851	0.12898	0.09860	0.03903	0.00673	0.00474	0.00148	0.00516	0.02476	0.00325	0.00581
2	0.03381	0.00710	0.00873	0.05858	0.03110	0.02810	0.00642	0.08666	0.07890	0.04265	0.02783	0.14804	0.04518	0.07867	0.27241	0.00371	0.00685	0.00635	0.00342	0.02549
3	0.04453	0.03305	0.12458	0.06154	0.14043	0.09569	0.09814	0.08180	0.01124	0.03154	0.02701	0.09944	0.02225	0.00701	0.03132	0.01965	0.01630	0.00508	0.00287	0.04653
4	0.04287	0.13740	0.24031	0.01242	0.08018	0.19154	0.01122	0.08731	0.02229	0.03442	0.00936	0.03323	0.01893	0.00519	0.00485	0.00137	0.05444	0.00376	0.00261	0.00628
5	0.00807	0.00571	0.03444	0.00625	0.00787	0.00468	0.00493	0.00970	0.01127	0.12170	0.23844	0.20032	0.29070	0.01071	0.00546	0.00160	0.00280	0.02603	0.00464	0.00467
6	0.00703	0.00474	0.00570	0.02474	0.00713	0.00464	0.00429	0.03039	0.00956	0.01347	0.06865	0.30667	0.09503	0.17134	0.00877	0.00218	0.00314	0.05969	0.16889	0.00393
7	0.03255	0.10776	0.15871	0.16290	0.06646	0.14376	0.07644	0.04134	0.06150	0.03579	0.00956	0.01141	0.01696	0.00552	0.02348	0.00155	0.03179	0.00389	0.00255	0.00609
8	0.01148	0.03170	0.05190	0.04899	0.17016	0.10908	0.02339	0.11444	0.05099	0.03727	0.03049	0.13280	0.06998	0.00783	0.02591	0.00167	0.06685	0.00585	0.00328	0.00596
9	0.00648	0.00460	0.00561	0.00588	0.00607	0.00467	0.00373	0.00691	0.00765	0.01023	0.01908	0.28107	0.05464	0.47371	0.05670	0.00362	0.03398	0.00873	0.00331	0.00332
10	0.23287	0.02791	0.11719	0.04098	0.09051	0.07334	0.02801	0.17478	0.04677	0.06677	0.00952	0.01055	0.00711	0.00493	0.00444	0.00143	0.03170	0.00364	0.02114	0.00643
11	0.00646	0.00476	0.00571	0.00614	0.00686	0.00453	0.00426	0.04111	0.00953	0.01236	0.02753	0.42250	0.20072	0.15771	0.02978	0.00241	0.00337	0.04637	0.00402	0.00386
12	0.03011	0.06839	0.05489	0.05358	0.16034	0.04921	0.02366	0.03812	0.01036	0.01508	0.00826	0.00998	0.00678	0.00389	0.00384	0.00100	0.00464	0.00321	0.00258	0.45207

[dist]
# distance from previous block
# <min> <max>
5	6

[block]
# block no. 4 follows, 55 sequences, length 10
# corresponding to MSA columns:
# 472-481
name=unknown_E
#
# <colnr> <probs for GDERKNQSTAVLIFYWHMCP>
#	G	D	E	R	K	N	Q	S	T	A	V	L	I	F	Y	W	H	M	C	P
0	0.04836	0.17411	0.01343	0.00889	0.01150	0.04282	0.07949	0.13080	0.08604	0.01670	0.09879	0.12238	0.08509	0.00738	0.00464	0.00144	0.00430	0.02718	0.03102	0.00564
1	0.00714	0.04901	0.00838	0.00941	0.11398	0.00585	0.00612	0.00849	0.00966	0.01257	0.02580	0.34560	0.17821	0.06223	0.00669	0.00191	0.00350	0.13719	0.00383	0.00443
2	0.01160	0.03938	0.13769	0.05451	0.08943	0.06720	0.04224	0.16029	0.05948	0.04288	0.11206	0.08307	0.03616	0.00659	0.00519	0.00148	0.03554	0.00549	0.00350	0.00622
3	0.03274	0.01106	0.07607	0.01368	0.05710	0.03150	0.29212	0.09070	0.02806	0.06230	0.01542	0.13842	0.06392	0.00729	0.01870	0.00168	0.02017	0.02982	0.00329	0.00596
4	0.00824	0.00602	0.00729	0.00719	0.00845	0.00601	0.00538	0.09238	0.04373	0.03587	0.05110	0.38477	0.10644	0.04853	0.00662	0.00183	0.02940	0.08182	0.01936	0.04957
5	0.28839	0.18602	0.09700	0.00957	0.01309	0.22658	0.04198	0.03490	0.01050	0.04348	0.00752	0.00859	0.00596	0.00445	0.00363	0.00129	0.00573	0.00298	0.00260	0.00574
6	0.07569	0.00647	0.00734	0.00651	0.00851	0.00634	0.00507	0.07628	0.05210	0.16117	0.19255	0.08018	0.15785	0.00808	0.00473	0.00145	0.00299	0.00674	0.13456	0.00538
7	0.03473	0.00738	0.01167	0.31312	0.01850	0.00835	0.08051	0.01106	0.02694	0.03893	0.05486	0.09226	0.06146	0.07049	0.10165	0.00251	0.05187	0.00594	0.00290	0.00487
8	0.00674	0.00486	0.00635	0.00627	0.00722	0.00498	0.00468	0.00832	0.02938	0.01300	0.19010	0.04662	0.16058	0.06701	0.31082	0.07660	0.00639	0.00679	0.03929	0.00399
9	0.01466	0.25707	0.12864	0.01065	0.03201	0.19507	0.00966	0.15573	0.03356	0.08735	0.00962	0.01085	0.00756	0.00495	0.00408	0.00127	0.00591	0.02183	0.00303	0.00652

[dist]
# distance from previous block
# <min> <max>
0	3

[block]
# block no. 5 follows, 55 sequences, length 15
# corresponding to MSA columns:
# 485-499
name=unknown_F
#
# <colnr> <probs for GDERKNQSTAVLIFYWHMCP>
#	G	D	E	R	K	N	Q	S	T	A	V	L	I	F	Y	W	H	M	C	P
0	0.03733	0.06855	0.04844	0.03578	0.15985	0.06201	0.00884	0.13475	0.04647	0.08830	0.03513	0.07137	0.04489	0.00586	0.00462	0.00134	0.01907	0.00480	0.00343	0.11918
1	0.03967	0.09505	0.18149	0.03205	0.07056	0.05076	0.04616	0.15597	0.08724	0.06417	0.05346	0.02429	0.01020	0.00526	0.00438	0.00137	0.00520	0.00426	0.04121	0.02725
2	0.03255	0.01108	0.04203	0.05056	0.13729	0.06906	0.05717	0.11998	0.13997	0.06223	0.01245	0.05978	0.01050	0.03752	0.02647	0.00175	0.05823	0.01794	0.00339	0.05005
3	0.03431	0.05272	0.04841	0.03661	0.10688	0.20808	0.07883	0.16593	0.09276	0.07488	0.01099	0.01260	0.00851	0.00518	0.00451	0.00139	0.00596	0.02538	0.01948	0.00659
4	0.01068	0.00963	0.03364	0.02955	0.06130	0.07283	0.03656	0.13597	0.10893	0.02670	0.10050	0.12910	0.07600	0.00906	0.04139	0.00180	0.04816	0.02090	0.04160	0.00568
5	0.00588	0.00423	0.00552	0.00644	0.00685	0.00396	0.00443	0.00680	0.00914	0.01210	0.04802	0.66339	0.07435	0.05986	0.00692	0.00202	0.00288	0.06917	0.00426	0.00379
6	0.00717	0.00576	0.00863	0.04392	0.00976	0.00671	0.03002	0.00874	0.00796	0.01135	0.05760	0.06180	0.01404	0.10071	0.51831	0.00560	0.08934	0.00566	0.00270	0.00423
7	0.00653	0.00448	0.00518	0.00528	0.00550	0.00437	0.00317	0.00687	0.00775	0.01031	0.07599	0.13184	0.07081	0.62091	0.01898	0.00377	0.00398	0.00789	0.00327	0.00312
8	0.00996	0.00875	0.01104	0.00869	0.04550	0.00714	0.04722	0.01307	0.07533	0.01550	0.00924	0.01052	0.00753	0.00374	0.00371	0.00084	0.00378	0.00317	0.00288	0.71240
9	0.00588	0.00422	0.00549	0.00642	0.00681	0.00396	0.00440	0.00675	0.00899	0.01186	0.02615	0.66362	0.07993	0.07527	0.00726	0.00208	0.00293	0.07001	0.00420	0.00376
10	0.00865	0.03102	0.06165	0.15232	0.14962	0.00844	0.00900	0.01183	0.07898	0.01386	0.07159	0.07937	0.11822	0.04515	0.03762	0.00193	0.04374	0.04861	0.02306	0.00534
11	0.09747	0.12896	0.01367	0.01011	0.01294	0.34991	0.03259	0.06254	0.09810	0.08841	0.01066	0.05571	0.00882	0.00545	0.00417	0.00132	0.00601	0.00400	0.00319	0.00597
12	0.04901	0.05270	0.00863	0.00683	0.00881	0.00724	0.00527	0.13036	0.01217	0.14545	0.13144	0.09758	0.17135	0.14313	0.00797	0.00198	0.00360	0.00700	0.00428	0.00522
13	0.12140	0.10607	0.13230	0.05104	0.02766	0.13054	0.01839	0.09047	0.04095	0.12658	0.01201	0.09144	0.02026	0.00587	0.00429	0.00141	0.00527	0.00458	0.00331	0.00616
14	0.13541	0.08558	0.04620	0.01206	0.05809	0.27700	0.10095	0.12194	0.04687	0.01640	0.00918	0.03275	0.00750	0.00496	0.00420	0.00134	0.00618	0.00384	0.02353	0.00602

[dist]
# distance from previous block
# <min> <max>
0	1

[block]
# block no. 6 follows, 55 sequences, length 10
# corresponding to MSA columns:
# 502-511
name=unknown_G
#
# <colnr> <probs for GDERKNQSTAVLIFYWHMCP>
#	G	D	E	R	K	N	Q	S	T	A	V	L	I	F	Y	W	H	M	C	P
0	0.00665	0.00577	0.03130	0.04074	0.00854	0.00513	0.00508	0.00920	0.05785	0.01565	0.38128	0.07195	0.29350	0.01086	0.03427	0.00174	0.00304	0.00847	0.00447	0.00448
1	0.00857	0.00584	0.00729	0.00663	0.00817	0.00566	0.00513	0.06272	0.05928	0.07157	0.59753	0.03198	0.06069	0.00903	0.00537	0.00150	0.00269	0.04029	0.00505	0.00501
2	0.81596	0.00925	0.00728	0.00641	0.00934	0.01069	0.00528	0.06248	0.00879	0.02140	0.00677	0.00778	0.00522	0.00440	0.00299	0.00144	0.00369	0.00262	0.00299	0.00522
3	0.00707	0.00722	0.10610	0.00757	0.00907	0.00610	0.00657	0.00897	0.00790	0.01147	0.01360	0.01980	0.03856	0.14213	0.53030	0.00574	0.00970	0.00517	0.05264	0.00430
4	0.01084	0.01037	0.01767	0.22459	0.61669	0.01088	0.01394	0.01369	0.01028	0.01438	0.00863	0.01173	0.00708	0.00427	0.00462	0.00142	0.00569	0.00414	0.00224	0.00683
5	0.00932	0.00826	0.03708	0.01157	0.15620	0.00786	0.04548	0.08209	0.11179	0.01674	0.17652	0.04778	0.18139	0.00813	0.00569	0.04446	0.00383	0.00661	0.03363	0.00557
6	0.00637	0.00473	0.00592	0.00640	0.00704	0.00456	0.00445	0.03699	0.00991	0.01316	0.10627	0.55000	0.13549	0.05727	0.00696	0.00193	0.02293	0.01135	0.00428	0.00400
7	0.04877	0.01188	0.05076	0.01259	0.10874	0.08163	0.05383	0.18514	0.16842	0.01832	0.01178	0.02667	0.00952	0.03609	0.03142	0.00178	0.08190	0.00452	0.04982	0.00643
8	0.04377	0.00926	0.07401	0.07351	0.05653	0.04017	0.02757	0.06748	0.06179	0.12798	0.04735	0.16532	0.11863	0.00857	0.02559	0.00168	0.00445	0.00670	0.02211	0.01752
9	0.13536	0.15730	0.09246	0.08217	0.04205	0.09363	0.04262	0.07310	0.09587	0.03067	0.01069	0.04288	0.02531	0.00574	0.00483	0.03601	0.01642	0.00409	0.00290	0.00589

[dist]
# distance from previous block
# <min> <max>
6	25

[block]
# block no. 7 follows, 55 sequences, length 13
# corresponding to MSA columns:
# 540-552
name=unknown_H
#
# <colnr> <probs for GDERKNQSTAVLIFYWHMCP>
#	G	D	E	R	K	N	Q	S	T	A	V	L	I	F	Y	W	H	M	C	P
0	0.15935	0.15461	0.05809	0.00883	0.01194	0.08863	0.00773	0.15256	0.04669	0.10512	0.04396	0.01270	0.03489	0.00618	0.02361	0.00151	0.04686	0.00393	0.02663	0.00616
1	0.01205	0.05497	0.01159	0.03110	0.01208	0.05830	0.04656	0.18831	0.12020	0.07649	0.03745	0.10575	0.08387	0.03613	0.04702	0.00189	0.02203	0.01555	0.01811	0.02055
2	0.13330	0.05232	0.04701	0.01096	0.04079	0.31067	0.02882	0.05232	0.06409	0.01486	0.00953	0.02926	0.00818	0.00568	0.00539	0.00142	0.09872	0.03114	0.04992	0.00561
3	0.01078	0.02154	0.00887	0.00764	0.00948	0.06179	0.03566	0.04848	0.08571	0.10037	0.14257	0.02069	0.03100	0.00937	0.08109	0.00195	0.02742	0.03927	0.25100	0.00534
4	0.19884	0.01056	0.01103	0.03087	0.01243	0.03698	0.00730	0.34048	0.04079	0.14264	0.01109	0.01193	0.00817	0.03036	0.00572	0.04885	0.01866	0.00394	0.00402	0.02536
5	0.86937	0.00900	0.00684	0.00612	0.00900	0.01044	0.00504	0.01368	0.00792	0.02087	0.00648	0.00756	0.00504	0.00432	0.00288	0.00144	0.00360	0.00252	0.00288	0.00504
6	0.00641	0.00460	0.00543	0.00573	0.00657	0.00428	0.00401	0.02593	0.01015	0.01369	0.14698	0.35110	0.22024	0.09092	0.00720	0.00192	0.00272	0.01006	0.07809	0.00396
7	0.00667	0.00461	0.00551	0.00575	0.00670	0.00414	0.00403	0.00771	0.00993	0.05632	0.11366	0.34648	0.29202	0.10528	0.00767	0.00201	0.00280	0.01037	0.00431	0.00401
8	0.00942	0.00831	0.02305	0.03298	0.08011	0.03375	0.06360	0.07296	0.10470	0.02914	0.05127	0.06357	0.23379	0.01012	0.05628	0.03135	0.03792	0.02666	0.02567	0.00534
9	0.05401	0.00646	0.00821	0.00787	0.02918	0.00717	0.00586	0.06876	0.00955	0.04061	0.05656	0.08958	0.01419	0.09657	0.26277	0.00366	0.08947	0.00560	0.11176	0.03213
10	0.06485	0.01105	0.01543	0.14138	0.37978	0.08393	0.03627	0.03543	0.01045	0.01481	0.00854	0.01121	0.00703	0.00534	0.02757	0.00154	0.04486	0.00389	0.01792	0.07873
11	0.01259	0.01092	0.04048	0.04486	0.03532	0.10354	0.15832	0.05705	0.01186	0.14665	0.08510	0.04183	0.02878	0.00559	0.00495	0.00134	0.02816	0.00492	0.02981	0.14792
12	0.07548	0.01022	0.05190	0.07165	0.14224	0.04445	0.05250	0.10101	0.02176	0.06111	0.03532	0.05392	0.03128	0.06306	0.02029	0.00170	0.02218	0.01787	0.00317	0.11889

[dist]
# distance from previous block
# <min> <max>
0	14

[block]
# block no. 8 follows, 55 sequences, length 22
# corresponding to MSA columns:
# 567-588
name=unknown_I
#
# <colnr> <probs for GDERKNQSTAVLIFYWHMCP>
#	G	D	E	R	K	N	Q	S	T	A	V	L	I	F	Y	W	H	M	C	P
0	0.01226	0.22403	0.10104	0.03595	0.12077	0.04540	0.07239	0.11567	0.03519	0.03735	0.01002	0.01133	0.02620	0.00469	0.00430	0.00126	0.02043	0.00377	0.03254	0.08540
1	0.10840	0.13611	0.08541	0.01312	0.11249	0.08182	0.10079	0.12558	0.07931	0.05426	0.01013	0.01122	0.01804	0.00492	0.00469	0.00140	0.03885	0.00391	0.00302	0.00653
2	0.01308	0.01072	0.01460	0.05994	0.11405	0.01156	0.10899	0.21600	0.25856	0.06385	0.03075	0.02622	0.02653	0.00574	0.00499	0.00151	0.01688	0.00503	0.00397	0.00706
3	0.04229	0.00771	0.01035	0.00804	0.01143	0.00675	0.00661	0.02140	0.01316	0.73057	0.07684	0.01703	0.01376	0.00600	0.00469	0.00144	0.00382	0.00490	0.00563	0.00758
4	0.00607	0.00474	0.00550	0.00531	0.00663	0.00417	0.00398	0.00778	0.01195	0.01576	0.44509	0.03951	0.40564	0.01059	0.00549	0.00151	0.00227	0.00908	0.00474	0.00417
5	0.00596	0.00446	0.00554	0.00584	0.00671	0.00403	0.00416	0.00736	0.01085	0.01450	0.31344	0.36138	0.21457	0.01209	0.00567	0.00166	0.00244	0.01069	0.00461	0.00403
6	0.00655	0.00475	0.00617	0.00582	0.00693	0.00437	0.00436	0.00871	0.01308	0.01846	0.78025	0.03508	0.06880	0.00959	0.00549	0.00147	0.00220	0.00846	0.00509	0.00437
7	0.08581	0.05296	0.01084	0.00808	0.01104	0.00906	0.00656	0.14197	0.01165	0.11212	0.01254	0.11137	0.02922	0.00617	0.00518	0.00127	0.08088	0.00475	0.00356	0.29496
8	0.03790	0.06008	0.04874	0.03292	0.01422	0.33466	0.00892	0.19574	0.14419	0.01736	0.01100	0.01297	0.00888	0.00558	0.00443	0.00137	0.00620	0.04514	0.00336	0.00632
9	0.00628	0.00549	0.04145	0.00591	0.00722	0.00447	0.00465	0.00785	0.01069	0.01416	0.24645	0.16889	0.31098	0.07411	0.00689	0.00183	0.00283	0.04808	0.02768	0.00411
10	0.01031	0.06268	0.07537	0.06157	0.13850	0.00967	0.08539	0.09302	0.03281	0.03669	0.05425	0.16800	0.02783	0.00745	0.00567	0.01400	0.04703	0.03562	0.00328	0.03085
11	0.01232	0.79510	0.02384	0.00819	0.01195	0.01819	0.00808	0.01378	0.00933	0.01096	0.00645	0.00761	0.00598	0.00420	0.00364	0.00105	0.04885	0.00257	0.00199	0.00592
12	0.00724	0.00461	0.00581	0.00603	0.00658	0.00439	0.00401	0.00803	0.00895	0.06670	0.11285	0.35553	0.04260	0.30332	0.03958	0.00291	0.00369	0.00944	0.00392	0.00381
13	0.00573	0.00417	0.00533	0.00618	0.00662	0.00385	0.00416	0.00660	0.00917	0.01207	0.05570	0.67392	0.12400	0.05074	0.00666	0.00195	0.00272	0.01235	0.00428	0.00378
14	0.04470	0.00745	0.00936	0.00769	0.01026	0.02113	0.00620	0.02887	0.02769	0.44213	0.20365	0.02191	0.08524	0.00723	0.00549	0.00149	0.05215	0.00585	0.00507	0.00643
15	0.00569	0.00410	0.00539	0.00637	0.00673	0.00381	0.00428	0.00657	0.00914	0.01215	0.05384	0.76828	0.06790	0.01427	0.00590	0.00186	0.00267	0.01290	0.00435	0.00381
16	0.01354	0.00734	0.00908	0.02835	0.01063	0.00706	0.00626	0.14744	0.01347	0.30339	0.08546	0.11576	0.13817	0.00835	0.00507	0.00154	0.00364	0.05471	0.03462	0.00613
17	0.06054	0.02565	0.01186	0.03013	0.01287	0.09691	0.02132	0.25363	0.11223	0.14969	0.02866	0.03140	0.02891	0.04192	0.00571	0.00155	0.03332	0.00462	0.00410	0.04498
18	0.01177	0.01137	0.07224	0.02380	0.08699	0.01100	0.22888	0.16186	0.04080	0.04977	0.03885	0.06867	0.01066	0.00702	0.03536	0.00178	0.10135	0.00533	0.02619	0.00632
19	0.07710	0.01183	0.01729	0.13787	0.45544	0.09269	0.08362	0.04228	0.01091	0.01525	0.00850	0.01111	0.00688	0.00433	0.00452	0.00141	0.00596	0.00403	0.00241	0.00660
20	0.00960	0.00632	0.00778	0.00702	0.00885	0.00603	0.02497	0.05241	0.09332	0.12902	0.14845	0.19478	0.18355	0.03750	0.00581	0.00164	0.00315	0.00814	0.03765	0.03400
21	0.02794	0.02648	0.07069	0.01076	0.04888	0.18773	0.00869	0.16345	0.06622	0.18907	0.01139	0.01155	0.00826	0.00507	0.00457	0.00129	0.02432	0.00379	0.00371	0.12614

[dist]
# distance from previous block
# <min> <max>
0	2

[block]
# block no. 9 follows, 55 sequences, length 7
# corresponding to MSA columns:
# 591-597
name=unknown_J
#
# <colnr> <probs for GDERKNQSTAVLIFYWHMCP>
#	G	D	E	R	K	N	Q	S	T	A	V	L	I	F	Y	W	H	M	C	P
0	0.01237	0.05437	0.02668	0.00940	0.01191	0.06733	0.02402	0.17412	0.24250	0.05574	0.05985	0.07998	0.05204	0.00712	0.00546	0.00152	0.05982	0.02007	0.02935	0.00635
1	0.00675	0.00496	0.00592	0.00634	0.03709	0.00442	0.00432	0.00798	0.01042	0.05096	0.14274	0.20127	0.40556	0.08150	0.00706	0.00186	0.00278	0.00960	0.00430	0.00419
2	0.00658	0.00479	0.00548	0.00533	0.00672	0.00420	0.00399	0.00814	0.01145	0.04458	0.30352	0.08782	0.43642	0.01071	0.00540	0.00153	0.00237	0.00914	0.03757	0.00424
3	0.00852	0.00426	0.00479	0.00479	0.00559	0.00426	0.00346	0.00959	0.00879	0.01491	0.01331	0.01650	0.01092	0.00824	0.00717	0.22777	0.00266	0.00426	0.63650	0.00373
4	0.00567	0.00405	0.00540	0.00648	0.00675	0.00378	0.00432	0.00648	0.00891	0.01188	0.02564	0.83347	0.03077	0.01457	0.00594	0.00189	0.00270	0.01323	0.00432	0.00378
5	0.01150	0.00995	0.01060	0.00795	0.01183	0.05577	0.00636	0.13761	0.05703	0.01745	0.00928	0.01026	0.00742	0.00403	0.00376	0.00088	0.00402	0.00314	0.00315	0.62802
6	0.01151	0.01265	0.01100	0.01011	0.01132	0.31806	0.00783	0.01278	0.00955	0.01103	0.00918	0.01331	0.00853	0.05350	0.29937	0.00378	0.18524	0.00411	0.00237	0.00477

[dist]
# distance from previous block
# <min> <max>
0	2

[block]
# block no. 10 follows, 55 sequences, length 20
# corresponding to MSA columns:
# 600-619
name=unknown_K
#
# <colnr> <probs for GDERKNQSTAVLIFYWHMCP>
#	G	D	E	R	K	N	Q	S	T	A	V	L	I	F	Y	W	H	M	C	P
0	0.01154	0.01053	0.01542	0.06180	0.28107	0.06834	0.13036	0.07434	0.05011	0.03549	0.01266	0.02788	0.04774	0.00576	0.01904	0.00151	0.01908	0.00481	0.11624	0.00627
1	0.01453	0.01358	0.01277	0.01120	0.03787	0.22676	0.03048	0.31594	0.05356	0.01898	0.01145	0.01542	0.00976	0.05002	0.05685	0.00198	0.04380	0.06524	0.00354	0.00624
2	0.00573	0.00418	0.00542	0.00639	0.00683	0.00387	0.00438	0.00664	0.00917	0.01204	0.02785	0.71453	0.11209	0.01420	0.00591	0.00187	0.00274	0.04801	0.00432	0.00382
3	0.01074	0.00892	0.01023	0.00741	0.01149	0.00732	0.00597	0.11776	0.01131	0.01708	0.00866	0.00985	0.00703	0.00374	0.00361	0.00079	0.00367	0.00295	0.00301	0.74847
4	0.01024	0.01119	0.02319	0.01682	0.02101	0.01032	0.62511	0.01364	0.01068	0.01461	0.01193	0.07782	0.03757	0.00499	0.00533	0.00151	0.00682	0.00599	0.00262	0.08862
5	0.00961	0.02807	0.24674	0.01303	0.01704	0.00981	0.26303	0.05857	0.01077	0.01509	0.08519	0.04429	0.02828	0.04883	0.07855	0.00220	0.02693	0.00538	0.00276	0.00584
6	0.00744	0.00505	0.00589	0.00578	0.00700	0.00477	0.00428	0.05350	0.01152	0.03202	0.25311	0.20930	0.20599	0.01010	0.00512	0.00151	0.00254	0.00874	0.16195	0.00441
7	0.00567	0.00405	0.00540	0.00648	0.00675	0.00378	0.00432	0.00648	0.00891	0.01188	0.02564	0.83347	0.03077	0.01457	0.00594	0.00189	0.00270	0.01323	0.00432	0.00378
8	0.00974	0.00835	0.00969	0.00702	0.01108	0.00646	0.00560	0.01235	0.04828	0.01537	0.00879	0.01002	0.00725	0.00359	0.00351	0.00073	0.00346	0.00288	0.00285	0.82297
9	0.08019	0.00899	0.00925	0.00809	0.01034	0.05424	0.00637	0.21806	0.10509	0.06824	0.07076	0.08257	0.06518	0.03294	0.05659	0.00194	0.00454	0.03335	0.07743	0.00584
10	0.00599	0.00424	0.00556	0.00650	0.00682	0.00403	0.00444	0.00682	0.00881	0.01171	0.02414	0.65447	0.02861	0.11951	0.00825	0.00225	0.00309	0.08694	0.00412	0.00371
11	0.00951	0.07176	0.76630	0.01295	0.01966	0.01125	0.01665	0.01469	0.00980	0.01451	0.00824	0.00968	0.00590	0.00439	0.00434	0.00145	0.00676	0.00338	0.00197	0.00682
12	0.03373	0.01235	0.01375	0.24944	0.07887	0.19327	0.05253	0.12998	0.02526	0.03190	0.02433	0.02594	0.02101	0.00525	0.00485	0.00141	0.03159	0.00424	0.02957	0.03073
13	0.00680	0.00492	0.00651	0.00647	0.00686	0.00544	0.00450	0.00762	0.00717	0.01000	0.01365	0.04677	0.01449	0.41574	0.38762	0.00571	0.03747	0.00603	0.00268	0.00354
14	0.01246	0.03916	0.05198	0.04293	0.41723	0.12130	0.14226	0.06423	0.02312	0.01529	0.00881	0.01113	0.00711	0.00440	0.00481	0.00140	0.01897	0.00415	0.00247	0.00680
15	0.01129	0.01372	0.15836	0.04992	0.61173	0.04445	0.01453	0.01446	0.01052	0.01486	0.00860	0.01111	0.00702	0.00424	0.00456	0.00140	0.00590	0.00397	0.00224	0.00713
16	0.00567	0.00418	0.00531	0.00617	0.00668	0.00382	0.00419	0.00658	0.00931	0.01219	0.05216	0.68194	0.15683	0.01397	0.00585	0.00183	0.00263	0.01253	0.00434	0.00382
17	0.00676	0.00529	0.00576	0.00556	0.00707	0.00499	0.00421	0.00962	0.09958	0.01507	0.20508	0.03592	0.44572	0.01088	0.03416	0.00171	0.00281	0.00830	0.08704	0.00446
18	0.00580	0.00412	0.00534	0.00625	0.00652	0.00388	0.00411	0.00652	0.00868	0.01153	0.02482	0.71063	0.04962	0.11876	0.00818	0.00221	0.00292	0.01232	0.00413	0.00366
19	0.00808	0.00404	0.00606	0.00606	0.00606	0.00404	0.00404	0.00606	0.00606	0.00808	0.00808	0.01414	0.00808	0.01616	0.01818	0.86465	0.00404	0.00404	0.00202	0.00202

[dist]
# distance from previous block
# <min> <max>
0	6

[block]
# block no. 11 follows, 55 sequences, length 30
# corresponding to MSA columns:
# 626-653,659,660
name=unknown_L
#
# <colnr> <probs for GDERKNQSTAVLIFYWHMCP>
#	G	D	E	R	K	N	Q	S	T	A	V	L	I	F	Y	W	H	M	C	P
0	0.19851	0.00938	0.02269	0.01179	0.15225	0.00952	0.02355	0.03290	0.12805	0.15181	0.01337	0.03192	0.04476	0.00553	0.00480	0.00142	0.04871	0.00437	0.00359	0.10109
1	0.13136	0.10555	0.02605	0.00917	0.01266	0.02584	0.00778	0.40191	0.04919	0.12497	0.01298	0.01277	0.04863	0.00557	0.00426	0.00138	0.00463	0.00413	0.00416	0.00702
2	0.00796	0.00407	0.00600	0.00600	0.00607	0.00403	0.00402	0.00609	0.00628	0.00830	0.00995	0.01561	0.04635	0.01595	0.01757	0.82323	0.00396	0.00432	0.00213	0.00211
3	0.01175	0.60483	0.06765	0.00898	0.01266	0.05866	0.04170	0.01357	0.00948	0.01134	0.00743	0.00916	0.00667	0.00770	0.09822	0.00183	0.01748	0.00301	0.00208	0.00578
4	0.01586	0.01155	0.01108	0.00933	0.01223	0.16458	0.00740	0.13683	0.19651	0.26353	0.05046	0.01711	0.05652	0.00630	0.00471	0.00144	0.00476	0.01835	0.00458	0.00687
5	0.03925	0.00795	0.01016	0.00829	0.01139	0.00742	0.00685	0.08108	0.05547	0.53945	0.03201	0.02141	0.05398	0.00694	0.00489	0.00153	0.00396	0.09554	0.00529	0.00713
6	0.00964	0.00881	0.01442	0.63419	0.15224	0.01045	0.01262	0.04967	0.01012	0.01342	0.00871	0.01237	0.00665	0.00464	0.00460	0.00150	0.00591	0.00415	0.03029	0.00562
7	0.01387	0.01295	0.02390	0.01191	0.01456	0.18483	0.13794	0.13448	0.09160	0.08912	0.01141	0.01379	0.00904	0.00634	0.01850	0.00161	0.13492	0.03589	0.04713	0.00620
8	0.00670	0.00455	0.00533	0.00532	0.00549	0.00453	0.00319	0.00706	0.00762	0.01032	0.10774	0.05665	0.02030	0.67681	0.05635	0.00420	0.00453	0.00709	0.00312	0.00309
9	0.01986	0.00843	0.01100	0.00848	0.01199	0.00770	0.00699	0.12003	0.01440	0.67745	0.05098	0.01605	0.01244	0.00590	0.00471	0.00143	0.00403	0.00478	0.00559	0.00777
10	0.01179	0.03905	0.08538	0.09594	0.52090	0.03168	0.04386	0.03443	0.01086	0.05547	0.00939	0.02373	0.00762	0.00449	0.00459	0.00141	0.00572	0.00422	0.00251	0.00698
11	0.01151	0.01105	0.01888	0.02855	0.80748	0.01105	0.01428	0.01428	0.01059	0.01520	0.00875	0.01151	0.00737	0.00415	0.00461	0.00138	0.00553	0.00415	0.00230	0.00737
12	0.00586	0.00418	0.00550	0.00648	0.00681	0.00394	0.00441	0.00671	0.00891	0.01183	0.02526	0.70955	0.04561	0.07129	0.00719	0.00208	0.00292	0.06349	0.00421	0.00375
13	0.27097	0.19560	0.07199	0.00880	0.01207	0.19449	0.00779	0.09483	0.01138	0.01667	0.05329	0.01057	0.02447	0.00494	0.00370	0.00129	0.00528	0.00334	0.00285	0.00570
14	0.00961	0.03707	0.69332	0.01265	0.01902	0.01044	0.03555	0.01454	0.01002	0.03192	0.03454	0.01078	0.00734	0.00454	0.00441	0.00143	0.00647	0.00363	0.00220	0.05052
15	0.04177	0.02651	0.08970	0.10052	0.48542	0.10517	0.03853	0.01443	0.01060	0.01446	0.00916	0.01158	0.02283	0.00444	0.00451	0.00139	0.00598	0.00402	0.00232	0.00667
16	0.00879	0.00827	0.01395	0.82532	0.03204	0.01034	0.01292	0.01189	0.00930	0.01189	0.00827	0.01240	0.00620	0.00465	0.00465	0.00155	0.00620	0.00413	0.00207	0.00517
17	0.00867	0.00434	0.00434	0.00434	0.00542	0.00434	0.00325	0.01084	0.00976	0.01734	0.01518	0.01734	0.01192	0.00542	0.00325	0.00108	0.00217	0.00434	0.86233	0.00434
18	0.00824	0.01563	0.01037	0.12572	0.02634	0.01853	0.06037	0.04289	0.01980	0.01218	0.01347	0.13656	0.01367	0.15028	0.24367	0.00382	0.07183	0.01925	0.00285	0.00454
19	0.00731	0.00477	0.00579	0.04045	0.00694	0.00471	0.00377	0.00774	0.00779	0.05071	0.01817	0.17870	0.05660	0.56652	0.01773	0.00360	0.00411	0.00789	0.00329	0.00341
20	0.00621	0.00474	0.00570	0.00546	0.00672	0.00423	0.00410	0.00806	0.01229	0.01657	0.54557	0.03818	0.30465	0.01029	0.00549	0.00150	0.00225	0.00889	0.00485	0.00423
21	0.00929	0.00878	0.01486	0.67864	0.17480	0.01047	0.01317	0.01233	0.00954	0.01250	0.00836	0.01224	0.00642	0.00456	0.00464	0.00152	0.00608	0.00414	0.00211	0.00557
22	0.00985	0.00846	0.00994	0.00720	0.01115	0.00672	0.00578	0.02921	0.00982	0.01531	0.00824	0.00970	0.00688	0.00369	0.00397	0.00076	0.03809	0.00284	0.00277	0.80961
23	0.01168	0.00953	0.00959	0.00855	0.01105	0.06144	0.00668	0.06365	0.45069	0.08484	0.02393	0.02296	0.18523	0.00744	0.00489	0.00154	0.00381	0.02143	0.00457	0.00651
24	0.04204	0.52217	0.18401	0.00904	0.01333	0.04584	0.00953	0.01436	0.00992	0.05309	0.02881	0.02359	0.01796	0.00463	0.00356	0.00117	0.00525	0.00324	0.00237	0.00610
25	0.11387	0.05550	0.02982	0.06489	0.14246	0.09318	0.07373	0.08943	0.10335	0.10196	0.01166	0.04113	0.00938	0.00578	0.01392	0.00152	0.01454	0.02411	0.00334	0.00642
26	0.00999	0.01248	0.12466	0.01393	0.01727	0.06452	0.33805	0.02659	0.02569	0.01388	0.01348	0.13583	0.05132	0.00784	0.04090	0.00187	0.08706	0.00623	0.00276	0.00565
27	0.00944	0.00829	0.01067	0.02237	0.07076	0.02726	0.05063	0.01158	0.01038	0.02590	0.10508	0.04233	0.06269	0.00522	0.00416	0.00101	0.00379	0.00453	0.00315	0.52078
28	0.01222	0.01912	0.02128	0.14021	0.01527	0.02766	0.02941	0.19101	0.20034	0.07703	0.01498	0.13971	0.01283	0.00694	0.00514	0.00154	0.03040	0.00581	0.02598	0.02312
29	0.01209	0.00794	0.00967	0.00717	0.01096	0.00622	0.00575	0.01406	0.01061	0.20443	0.03726	0.03782	0.00995	0.00454	0.00388	0.00093	0.00350	0.00373	0.00360	0.60587

[dist]
# distance from previous block
# <min> <max>
1	9

[block]
# block no. 12 follows, 55 sequences, length 39
# corresponding to MSA columns:
# 671-678,681,685-714
name=unknown_M
#
# <colnr> <probs for GDERKNQSTAVLIFYWHMCP>
#	G	D	E	R	K	N	Q	S	T	A	V	L	I	F	Y	W	H	M	C	P
0	0.01199	0.04839	0.04569	0.11435	0.18210	0.14499	0.00955	0.02712	0.02074	0.10416	0.02834	0.13360	0.02432	0.00664	0.00472	0.00145	0.00525	0.03930	0.00321	0.04409
1	0.28483	0.09174	0.08432	0.11477	0.01530	0.15589	0.03381	0.09498	0.01101	0.01687	0.02800	0.00983	0.00691	0.00479	0.00419	0.00139	0.02960	0.00336	0.00272	0.00569
2	0.04259	0.00747	0.06132	0.00965	0.03412	0.00679	0.11090	0.02279	0.00907	0.01288	0.01757	0.28253	0.06119	0.03047	0.24885	0.00348	0.02270	0.00777	0.00318	0.00467
3	0.01457	0.35895	0.03202	0.01029	0.01371	0.33133	0.04039	0.08150	0.01205	0.01311	0.00739	0.00850	0.00623	0.00441	0.00375	0.00113	0.00640	0.00298	0.00243	0.04887
4	0.00609	0.00448	0.00543	0.00587	0.00650	0.00410	0.00391	0.00689	0.00890	0.01175	0.05430	0.45969	0.15514	0.19502	0.00966	0.00235	0.00306	0.01059	0.00395	0.04231
5	0.01159	0.04070	0.01702	0.06990	0.45931	0.07653	0.05995	0.06040	0.01136	0.01531	0.06024	0.04617	0.01040	0.00521	0.00507	0.00143	0.03545	0.00472	0.00268	0.00657
6	0.07057	0.02688	0.08117	0.04784	0.06537	0.07604	0.00929	0.20541	0.06866	0.09198	0.01210	0.02732	0.04119	0.00591	0.00586	0.00148	0.11361	0.00432	0.00347	0.04153
7	0.00571	0.00481	0.00498	0.00507	0.00652	0.00416	0.00375	0.00723	0.03566	0.01271	0.04378	0.13357	0.69216	0.01192	0.00552	0.00161	0.00244	0.01006	0.00433	0.00402
8	0.00583	0.00438	0.00541	0.00589	0.00666	0.00398	0.00413	0.00700	0.01008	0.01326	0.17723	0.44936	0.23337	0.02876	0.02054	0.00188	0.00272	0.01117	0.00441	0.00392
9	0.03027	0.05008	0.01726	0.02717	0.12431	0.12286	0.18154	0.20982	0.05009	0.12426	0.01088	0.01183	0.00799	0.00486	0.00467	0.00140	0.00599	0.00431	0.00348	0.00693
10	0.07997	0.09160	0.08847	0.05325	0.18086	0.21232	0.01015	0.04951	0.09338	0.01519	0.00941	0.01085	0.00750	0.00480	0.00436	0.00134	0.02293	0.00364	0.05426	0.00621
11	0.02049	0.00854	0.01118	0.00857	0.01218	0.00776	0.00708	0.11588	0.01435	0.71603	0.01748	0.01527	0.01108	0.00574	0.00468	0.00143	0.00410	0.00462	0.00562	0.00792
12	0.01146	0.04094	0.03146	0.07000	0.14281	0.01160	0.42449	0.01613	0.11534	0.05088	0.01070	0.01289	0.00812	0.00452	0.00531	0.00152	0.02752	0.00496	0.00277	0.00656
13	0.01072	0.00871	0.01053	0.00861	0.06281	0.00713	0.00636	0.07252	0.01088	0.04525	0.02927	0.01075	0.00812	0.00390	0.00371	0.00084	0.00370	0.00317	0.00304	0.68999
14	0.00851	0.00528	0.00658	0.00643	0.00800	0.00474	0.00508	0.01015	0.01140	0.13730	0.18901	0.11286	0.30150	0.01087	0.00560	0.00167	0.00299	0.16265	0.00470	0.00469
15	0.00993	0.00569	0.00809	0.07206	0.00985	0.00588	0.01892	0.01043	0.02108	0.12993	0.06528	0.07794	0.04860	0.01109	0.01080	0.34574	0.05650	0.00544	0.08266	0.00408
