[name]
unknown

[dist]
# distance from previous block
# <min> <max>
1	33

[block]
# block no. 0 follows, 48 sequences, length 10
# corresponding to MSA columns:
# 35-37,39-45
name=unknown_A
#
# <colnr> <probs for GDERKNQSTAVLIFYWHMCP>
#	G	D	E	R	K	N	Q	S	T	A	V	L	I	F	Y	W	H	M	C	P
0	0.05691	0.20376	0.01544	0.01046	0.01333	0.34596	0.00851	0.03741	0.06090	0.01435	0.01513	0.01709	0.10832	0.00669	0.00498	0.00144	0.03196	0.03819	0.00315	0.00601
1	0.00729	0.00546	0.00739	0.08114	0.01011	0.00576	0.00567	0.00884	0.03021	0.01262	0.04692	0.31722	0.04784	0.20819	0.17772	0.00399	0.00607	0.00953	0.00376	0.00428
2	0.01015	0.00921	0.10935	0.00869	0.01081	0.00769	0.00772	0.01283	0.03131	0.10035	0.23236	0.11983	0.07747	0.00929	0.00709	0.00172	0.11992	0.00753	0.11101	0.00568
3	0.01062	0.00918	0.02509	0.16596	0.12299	0.00955	0.03759	0.03468	0.17855	0.03033	0.05159	0.02246	0.13458	0.02961	0.00575	0.00170	0.00469	0.00615	0.09718	0.02177
4	0.00741	0.00519	0.00668	0.00668	0.00706	0.00557	0.00447	0.00816	0.00778	0.01075	0.01517	0.02807	0.01626	0.49885	0.34367	0.00632	0.00858	0.00666	0.00296	0.00371
5	0.66834	0.00915	0.00806	0.08096	0.01196	0.01056	0.00626	0.01388	0.00901	0.02083	0.01004	0.11267	0.00932	0.00625	0.00379	0.00166	0.00411	0.00446	0.00330	0.00539
6	0.01407	0.01143	0.03787	0.01021	0.01334	0.03053	0.00829	0.13387	0.45815	0.09373	0.09720	0.02007	0.03389	0.00717	0.00528	0.00167	0.00437	0.00590	0.00518	0.00778
7	0.03130	0.00979	0.01322	0.15030	0.01758	0.00902	0.05830	0.06481	0.03493	0.12732	0.01130	0.01267	0.00847	0.00470	0.00449	0.00121	0.00487	0.00399	0.00355	0.42817
8	0.00812	0.00596	0.00762	0.04621	0.00987	0.00602	0.00586	0.10554	0.01168	0.01557	0.02531	0.67442	0.02939	0.01427	0.00630	0.00200	0.00351	0.01282	0.00469	0.00483
9	0.01324	0.20062	0.26319	0.01133	0.01645	0.11440	0.01169	0.08633	0.04706	0.01665	0.00937	0.01052	0.00736	0.00483	0.00432	0.00130	0.00626	0.00352	0.00281	0.16875

[dist]
# distance from previous block
# <min> <max>
2	7

[block]
# block no. 1 follows, 48 sequences, length 9
# corresponding to MSA columns:
# 53-61
name=unknown_B
#
# <colnr> <probs for GDERKNQSTAVLIFYWHMCP>
#	G	D	E	R	K	N	Q	S	T	A	V	L	I	F	Y	W	H	M	C	P
0	0.00698	0.00537	0.00642	0.00624	0.00763	0.00472	0.00455	0.00868	0.01225	0.01648	0.34104	0.17244	0.26487	0.04967	0.00692	0.00183	0.00279	0.01012	0.00492	0.06609
1	0.01126	0.00903	0.01122	0.03536	0.06889	0.00724	0.00699	0.01354	0.01105	0.06842	0.01303	0.01417	0.06459	0.00474	0.00419	0.00097	0.00402	0.00391	0.00333	0.64406
2	0.01459	0.01150	0.01616	0.31053	0.06622	0.01285	0.06671	0.26420	0.08487	0.08263	0.01224	0.01399	0.00886	0.00564	0.00521	0.00164	0.00609	0.00485	0.00384	0.00738
3	0.01270	0.01219	0.02083	0.03149	0.78767	0.01219	0.01575	0.01575	0.01168	0.01676	0.00965	0.01270	0.00813	0.00457	0.00508	0.00152	0.00610	0.00457	0.00254	0.00813
4	0.01187	0.01135	0.01933	0.24517	0.58047	0.01197	0.01533	0.01502	0.01129	0.01576	0.00951	0.01297	0.00777	0.00473	0.00509	0.00158	0.00630	0.00457	0.00247	0.00746
5	0.01152	0.00937	0.01189	0.01121	0.12467	0.00792	0.00749	0.01455	0.06235	0.05843	0.01110	0.01354	0.00930	0.06349	0.00578	0.00129	0.00427	0.00388	0.00330	0.56466
6	0.00810	0.00662	0.00957	0.00963	0.06161	0.00659	0.06123	0.01022	0.03292	0.01508	0.19951	0.09308	0.13913	0.16040	0.09395	0.00305	0.02848	0.05190	0.00409	0.00485
7	0.03202	0.01103	0.01572	0.06444	0.07296	0.01186	0.13712	0.11508	0.25307	0.06043	0.02934	0.01794	0.01254	0.00824	0.05184	0.00207	0.02933	0.03945	0.00409	0.03142
8	0.00814	0.00666	0.00951	0.00904	0.05409	0.00596	0.07844	0.01020	0.01250	0.04111	0.26514	0.09803	0.32412	0.01055	0.00592	0.00167	0.00346	0.00932	0.00468	0.04145

[dist]
# distance from previous block
# <min> <max>
5	9

[block]
# block no. 2 follows, 48 sequences, length 44
# corresponding to MSA columns:
# 71-114
name=unknown_C
#
# <colnr> <probs for GDERKNQSTAVLIFYWHMCP>
#	G	D	E	R	K	N	Q	S	T	A	V	L	I	F	Y	W	H	M	C	P
0	0.05022	0.08069	0.20566	0.04332	0.14597	0.01111	0.04371	0.03560	0.02585	0.24587	0.05251	0.01461	0.01100	0.00556	0.00492	0.00156	0.00571	0.00466	0.00383	0.00765
1	0.01337	0.01610	0.05383	0.01669	0.02017	0.22492	0.35672	0.01628	0.01176	0.01439	0.00948	0.01270	0.00774	0.00843	0.08079	0.00229	0.12053	0.00495	0.00256	0.00629
2	0.82578	0.01008	0.00782	0.00693	0.01014	0.01167	0.00571	0.04231	0.00929	0.02336	0.00733	0.00848	0.00567	0.00481	0.00325	0.00159	0.00403	0.00284	0.00325	0.00567
3	0.01040	0.00984	0.01667	0.62421	0.21292	0.01159	0.01460	0.01373	0.01060	0.01397	0.00925	0.01345	0.00714	0.00500	0.00512	0.00167	0.00666	0.00456	0.00234	0.00627
4	0.00985	0.00943	0.01636	0.75595	0.03478	0.01150	0.06362	0.01333	0.01038	0.01333	0.00920	0.01369	0.00690	0.00508	0.00519	0.00171	0.00696	0.00466	0.00230	0.00578
5	0.00969	0.00912	0.01539	0.80734	0.03534	0.01140	0.01425	0.01311	0.01026	0.01311	0.00912	0.01368	0.00684	0.00513	0.00513	0.00171	0.00684	0.00456	0.00228	0.00570
6	0.00746	0.00497	0.00560	0.00560	0.00560	0.00497	0.00311	0.00746	0.00746	0.00995	0.01617	0.03358	0.01865	0.81967	0.02612	0.00497	0.00497	0.00746	0.00311	0.00311
7	0.01123	0.01123	0.01572	0.01347	0.01347	0.01572	0.01123	0.01235	0.00786	0.01235	0.00674	0.01123	0.00674	0.00898	0.01684	0.00225	0.81028	0.00449	0.00225	0.00561
8	0.85592	0.00992	0.00754	0.00675	0.00992	0.01151	0.00556	0.01508	0.00873	0.02302	0.00714	0.00834	0.00556	0.00476	0.00318	0.00159	0.00397	0.00278	0.00318	0.00556
9	0.02302	0.00873	0.01191	0.00913	0.01310	0.00754	0.00754	0.02501	0.01469	0.79122	0.02024	0.01746	0.01270	0.00635	0.00516	0.00159	0.00437	0.00516	0.00635	0.00873
10	0.00746	0.00497	0.00560	0.00560	0.00560	0.00497	0.00311	0.00746	0.00746	0.00995	0.01617	0.03358	0.01865	0.81967	0.02612	0.00497	0.00497	0.00746	0.00311	0.00311
11	0.01276	0.01102	0.01160	0.01044	0.01334	0.01276	0.00812	0.02727	0.77840	0.02146	0.02088	0.01914	0.01566	0.00696	0.00522	0.00174	0.00406	0.00580	0.00522	0.00812
12	0.85592	0.00992	0.00754	0.00675	0.00992	0.01151	0.00556	0.01508	0.00873	0.02302	0.00714	0.00834	0.00556	0.00476	0.00318	0.00159	0.00397	0.00278	0.00318	0.00556
13	0.85592	0.00992	0.00754	0.00675	0.00992	0.01151	0.00556	0.01508	0.00873	0.02302	0.00714	0.00834	0.00556	0.00476	0.00318	0.00159	0.00397	0.00278	0.00318	0.00556
14	0.00746	0.00500	0.00571	0.00571	0.00575	0.00503	0.00325	0.00753	0.00749	0.01003	0.01607	0.03302	0.01841	0.78702	0.05843	0.00511	0.00534	0.00738	0.00309	0.00317
15	0.01929	0.01426	0.01527	0.01176	0.01583	0.01581	0.00970	0.74629	0.04875	0.03198	0.01260	0.01254	0.00895	0.00619	0.00514	0.00155	0.00559	0.00466	0.00514	0.00871
16	0.02302	0.00873	0.01191	0.00913	0.01310	0.00754	0.00754	0.02501	0.01469	0.79122	0.02024	0.01746	0.01270	0.00635	0.00516	0.00159	0.00437	0.00516	0.00635	0.00873
17	0.85592	0.00992	0.00754	0.00675	0.00992	0.01151	0.00556	0.01508	0.00873	0.02302	0.00714	0.00834	0.00556	0.00476	0.00318	0.00159	0.00397	0.00278	0.00318	0.00556
18	0.00738	0.00529	0.00719	0.00719	0.00775	0.00584	0.00510	0.00849	0.00793	0.01113	0.01471	0.02549	0.01514	0.34897	0.49202	0.00695	0.01026	0.00628	0.00289	0.00400
19	0.12305	0.00554	0.00634	0.00626	0.00679	0.00579	0.00411	0.00852	0.00763	0.01185	0.01304	0.02469	0.01397	0.40620	0.05360	0.24823	0.00500	0.02463	0.02143	0.00333
20	0.01917	0.02445	0.01454	0.01322	0.01586	0.79907	0.00991	0.02049	0.01454	0.01256	0.00793	0.00925	0.00661	0.00529	0.00463	0.00132	0.00925	0.00330	0.00264	0.00595
21	0.01439	0.01183	0.01252	0.01077	0.01396	0.01352	0.00852	0.20688	0.59613	0.02409	0.01881	0.01749	0.01399	0.00677	0.00520	0.00169	0.00444	0.00552	0.00520	0.00827
22	0.00726	0.00524	0.00686	0.00646	0.00767	0.00484	0.00484	0.00968	0.01452	0.02058	0.78496	0.03833	0.04841	0.01049	0.00605	0.00161	0.00242	0.00928	0.00565	0.00484
23	0.82112	0.00987	0.00772	0.00685	0.01006	0.01134	0.00564	0.01550	0.00898	0.05512	0.00769	0.00872	0.00586	0.00483	0.00326	0.00159	0.00399	0.00288	0.00331	0.00569
24	0.01659	0.01292	0.01376	0.01122	0.01480	0.01455	0.00905	0.44896	0.35048	0.02763	0.01602	0.01527	0.01173	0.00651	0.00517	0.00163	0.00496	0.00513	0.00517	0.00846
25	0.00982	0.00974	0.06531	0.25634	0.12050	0.00894	0.05165	0.01258	0.01076	0.03055	0.03668	0.19825	0.01473	0.00748	0.00529	0.00161	0.00532	0.00680	0.00320	0.14445
26	0.01142	0.28855	0.54096	0.01270	0.01923	0.01468	0.01561	0.01596	0.01070	0.01487	0.00853	0.00998	0.00653	0.00472	0.00435	0.00145	0.00689	0.00345	0.00218	0.00725
27	0.85592	0.00992	0.00754	0.00675	0.00992	0.01151	0.00556	0.01508	0.00873	0.02302	0.00714	0.00834	0.00556	0.00476	0.00318	0.00159	0.00397	0.00278	0.00318	0.00556
28	0.00875	0.00451	0.00656	0.00656	0.00656	0.00451	0.00431	0.00677	0.00677	0.00903	0.00973	0.01761	0.01000	0.10771	0.02073	0.75591	0.00451	0.00479	0.00233	0.00233
29	0.01218	0.01093	0.01434	0.22836	0.16685	0.03538	0.01118	0.02055	0.36948	0.03388	0.01536	0.03466	0.01195	0.00616	0.00518	0.00168	0.00533	0.00535	0.00386	0.00733
30	0.01064	0.00912	0.01064	0.00760	0.01216	0.00684	0.00608	0.01292	0.01064	0.01672	0.00912	0.01064	0.00760	0.00380	0.00380	0.00076	0.00380	0.00304	0.00304	0.85104
31	0.01642	0.01265	0.02079	0.03277	0.02025	0.01263	0.33367	0.22936	0.06604	0.18103	0.01362	0.01451	0.00956	0.00545	0.00554	0.00165	0.00659	0.00542	0.00424	0.00785
32	0.01490	0.01442	0.10398	0.02891	0.01984	0.02862	0.26627	0.18859	0.16146	0.09894	0.01362	0.01446	0.00982	0.00554	0.00543	0.00166	0.00653	0.00527	0.00399	0.00777
33	0.00746	0.00497	0.00560	0.00560	0.00560	0.00497	0.00311	0.00746	0.00746	0.00995	0.01617	0.03358	0.01865	0.81967	0.02612	0.00497	0.00497	0.00746	0.00311	0.00311
34	0.01261	0.01207	0.02040	0.05397	0.74272	0.01218	0.01548	0.01600	0.03398	0.01679	0.00996	0.01292	0.00831	0.00466	0.00509	0.00154	0.00606	0.00461	0.00261	0.00806
35	0.01951	0.01437	0.01540	0.01181	0.01591	0.01591	0.00975	0.77056	0.02412	0.03234	0.01232	0.01232	0.00873	0.00616	0.00513	0.00154	0.00565	0.00462	0.00513	0.00873
36	0.01886	0.01405	0.01503	0.01167	0.01567	0.01561	0.00960	0.69924	0.09649	0.03129	0.01314	0.01297	0.00939	0.00624	0.00514	0.00156	0.00549	0.00473	0.00514	0.00867
37	0.00982	0.00925	0.01562	0.77491	0.06678	0.01143	0.01431	0.01322	0.01032	0.01326	0.00914	0.01364	0.00689	0.00511	0.00513	0.00170	0.00681	0.00456	0.00229	0.00580
38	0.06664	0.01368	0.04778	0.01166	0.03191	0.06341	0.03195	0.41267	0.04905	0.16364	0.03282	0.01385	0.01034	0.00605	0.00501	0.00155	0.00553	0.00470	0.01970	0.00806
39	0.01379	0.10121	0.34027	0.01412	0.08573	0.04239	0.01371	0.21008	0.02990	0.04237	0.01127	0.01242	0.02191	0.00647	0.03076	0.00175	0.00675	0.00421	0.00323	0.00765
40	0.01254	0.01203	0.02055	0.07151	0.74887	0.01215	0.01567	0.01561	0.01161	0.01657	0.00962	0.01275	0.00806	0.00460	0.00508	0.00153	0.00613	0.00457	0.00253	0.00800
41	0.02210	0.00928	0.01273	0.01013	0.03223	0.00833	0.02563	0.06338	0.03253	0.69743	0.01936	0.01704	0.01234	0.00626	0.00518	0.00159	0.00457	0.00515	0.00608	0.00866
42	0.11182	0.17467	0.15391	0.01182	0.03129	0.02935	0.06703	0.12309	0.09182	0.06341	0.01119	0.02797	0.00875	0.00557	0.00504	0.00152	0.03933	0.00427	0.00340	0.03475
43	0.05527	0.01280	0.04328	0.05726	0.08537	0.14441	0.05300	0.15311	0.01437	0.04829	0.08188	0.09258	0.09054	0.00747	0.00524	0.00158	0.00559	0.00625	0.00389	0.03783

[dist]
# distance from previous block
# <min> <max>
1	2

[block]
# block no. 3 follows, 48 sequences, length 32
# corresponding to MSA columns:
# 119-123,125-151
name=unknown_D
#
# <colnr> <probs for GDERKNQSTAVLIFYWHMCP>
#	G	D	E	R	K	N	Q	S	T	A	V	L	I	F	Y	W	H	M	C	P
0	0.04890	0.01221	0.01449	0.01178	0.01491	0.12657	0.14556	0.08723	0.16643	0.09604	0.12290	0.05103	0.02839	0.02391	0.00577	0.00168	0.00555	0.00607	0.00432	0.02625
1	0.01164	0.01297	0.02790	0.02018	0.02490	0.01218	0.69253	0.01563	0.01185	0.01604	0.01164	0.03825	0.00963	0.03875	0.00693	0.00189	0.00822	0.02951	0.00274	0.00662
2	0.01127	0.01128	0.01699	0.47798	0.18470	0.08183	0.06391	0.01438	0.01102	0.01416	0.00969	0.02778	0.00779	0.00527	0.00534	0.00164	0.02128	0.00474	0.02273	0.00625
3	0.01129	0.00896	0.01053	0.00762	0.01204	0.00680	0.00610	0.01352	0.01094	0.06755	0.01137	0.01246	0.03551	0.00429	0.00397	0.00085	0.00379	0.00346	0.00332	0.76564
4	0.01086	0.04023	0.59193	0.01440	0.02093	0.01204	0.07822	0.03944	0.06699	0.01699	0.01117	0.01420	0.00858	0.00551	0.00509	0.00167	0.00716	0.04451	0.00265	0.00743
5	0.01372	0.82276	0.02689	0.00878	0.01317	0.02030	0.00878	0.01536	0.01043	0.01207	0.00713	0.00823	0.00658	0.00439	0.00329	0.00110	0.00549	0.00274	0.00219	0.00658
6	0.00746	0.00497	0.00560	0.00560	0.00560	0.00497	0.00311	0.00746	0.00746	0.00995	0.01617	0.03358	0.01865	0.81967	0.02612	0.00497	0.00497	0.00746	0.00311	0.00311
7	0.00827	0.00591	0.00827	0.00945	0.01063	0.00591	0.00827	0.01063	0.01181	0.01536	0.02717	0.05788	0.02953	0.01417	0.00709	0.00236	0.00472	0.75313	0.00472	0.00472
8	0.01372	0.82276	0.02689	0.00878	0.01317	0.02030	0.00878	0.01536	0.01043	0.01207	0.00713	0.00823	0.00658	0.00439	0.00329	0.00110	0.00549	0.00274	0.00219	0.00658
9	0.01175	0.26974	0.49407	0.01332	0.03479	0.04242	0.03623	0.01612	0.01089	0.01485	0.00857	0.01010	0.00660	0.00472	0.00442	0.00145	0.00700	0.00353	0.00221	0.00721
10	0.01029	0.02654	0.79309	0.01462	0.02221	0.01192	0.01896	0.01625	0.01083	0.01625	0.00921	0.01083	0.00650	0.00487	0.00487	0.00162	0.00758	0.00379	0.00217	0.00758
11	0.01372	0.82276	0.02689	0.00878	0.01317	0.02030	0.00878	0.01536	0.01043	0.01207	0.00713	0.00823	0.00658	0.00439	0.00329	0.00110	0.00549	0.00274	0.00219	0.00658
12	0.00980	0.00828	0.01088	0.16319	0.01581	0.00935	0.02436	0.01623	0.27487	0.01679	0.07721	0.16428	0.02109	0.03461	0.00676	0.00198	0.02876	0.10541	0.00433	0.00602
13	0.53792	0.09965	0.05232	0.00848	0.01222	0.01344	0.00752	0.18031	0.01239	0.02352	0.00838	0.00933	0.00641	0.00503	0.00370	0.00153	0.00469	0.00323	0.00344	0.00647
14	0.01030	0.02321	0.62606	0.01453	0.02112	0.03032	0.09109	0.01553	0.01100	0.01590	0.01166	0.06681	0.02804	0.00580	0.00513	0.00166	0.00729	0.00491	0.00246	0.00716
15	0.00771	0.00538	0.00626	0.00611	0.00611	0.00568	0.00364	0.00778	0.00749	0.01011	0.01555	0.03211	0.01787	0.76653	0.02551	0.00480	0.05777	0.00727	0.00305	0.00327
16	0.85592	0.00992	0.00754	0.00675	0.00992	0.01151	0.00556	0.01508	0.00873	0.02302	0.00714	0.00834	0.00556	0.00476	0.00318	0.00159	0.00397	0.00278	0.00318	0.00556
17	0.00612	0.00519	0.00521	0.00521	0.00688	0.00436	0.00387	0.00737	0.01152	0.01370	0.05049	0.04873	0.75378	0.04645	0.00690	0.00187	0.00270	0.01069	0.00470	0.00428
18	0.02302	0.00873	0.01191	0.00913	0.01310	0.00754	0.00754	0.02501	0.01469	0.79122	0.02024	0.01746	0.01270	0.00635	0.00516	0.00159	0.00437	0.00516	0.00635	0.00873
19	0.01066	0.00921	0.01085	0.00784	0.01221	0.00721	0.00629	0.01290	0.01052	0.01654	0.00902	0.01066	0.00756	0.00401	0.00434	0.00082	0.03723	0.00310	0.00301	0.81600
20	0.01204	0.01169	0.01996	0.16972	0.28606	0.01226	0.19490	0.03330	0.15300	0.01716	0.01228	0.01543	0.00972	0.00532	0.00540	0.00167	0.00643	0.02324	0.00311	0.00731
21	0.30988	0.00953	0.01201	0.12327	0.07129	0.01046	0.05683	0.04157	0.04316	0.08774	0.11759	0.04343	0.01415	0.00637	0.00506	0.00166	0.03089	0.00513	0.00376	0.00620
22	0.00635	0.00500	0.00575	0.00610	0.00731	0.00440	0.00443	0.00771	0.01150	0.01457	0.14124	0.28456	0.43142	0.01365	0.00625	0.00185	0.00276	0.03592	0.00488	0.00436
23	0.01087	0.01140	0.04020	0.42727	0.06295	0.01193	0.28620	0.03295	0.01147	0.01524	0.03303	0.01433	0.00853	0.00500	0.00548	0.00170	0.00732	0.00522	0.00257	0.00634
24	0.01596	0.00921	0.01095	0.00919	0.01235	0.00928	0.00734	0.05200	0.29312	0.32131	0.09118	0.02235	0.06377	0.00743	0.00531	0.00164	0.00401	0.02237	0.00559	0.03564
25	0.01291	0.01223	0.01560	0.17104	0.15161	0.07220	0.05130	0.06500	0.30880	0.01821	0.01379	0.01508	0.01061	0.00600	0.00584	0.00168	0.05207	0.00503	0.00368	0.00731
26	0.05568	0.11838	0.21174	0.03210	0.01757	0.06573	0.06032	0.23920	0.02826	0.06085	0.02296	0.01190	0.00841	0.00534	0.00473	0.00149	0.00627	0.00415	0.00352	0.04138
27	0.02963	0.51708	0.25465	0.01070	0.01592	0.04816	0.01179	0.01612	0.02963	0.01379	0.00812	0.00932	0.00676	0.00464	0.00386	0.00129	0.00620	0.00316	0.00230	0.00688
28	0.00739	0.00525	0.00699	0.00699	0.00747	0.00573	0.00485	0.00836	0.00787	0.01098	0.01489	0.02653	0.01559	0.40923	0.43238	0.00669	0.00958	0.00643	0.00292	0.00388
29	0.04258	0.04566	0.03274	0.03665	0.01456	0.04685	0.00875	0.24856	0.20448	0.17111	0.04195	0.01748	0.04009	0.00669	0.00509	0.00160	0.00497	0.01747	0.00492	0.00779
30	0.18679	0.21226	0.04752	0.01109	0.04077	0.08843	0.03657	0.18021	0.01361	0.04583	0.01064	0.01165	0.03477	0.00560	0.00499	0.00148	0.05374	0.00391	0.00334	0.00682
31	0.11363	0.01277	0.07453	0.03577	0.01616	0.04496	0.13300	0.15280	0.01289	0.04851	0.03002	0.01447	0.03242	0.02485	0.02721	0.00194	0.16532	0.00487	0.03260	0.02127

[dist]
# distance from previous block
# <min> <max>
14	26

[block]
# block no. 4 follows, 48 sequences, length 21
# corresponding to MSA columns:
# 178,181-190,192-201
name=unknown_E
#
# <colnr> <probs for GDERKNQSTAVLIFYWHMCP>
#	G	D	E	R	K	N	Q	S	T	A	V	L	I	F	Y	W	H	M	C	P
0	0.01136	0.05602	0.26039	0.01414	0.09576	0.02346	0.05686	0.01752	0.17722	0.03523	0.10810	0.02901	0.01492	0.00657	0.00591	0.00167	0.05472	0.02053	0.00352	0.00710
1	0.05941	0.00929	0.01077	0.00791	0.01211	0.00765	0.00636	0.01301	0.01036	0.01682	0.00886	0.01054	0.00743	0.00417	0.00456	0.00090	0.05294	0.00311	0.00300	0.75079
2	0.00830	0.00546	0.00705	0.00659	0.00800	0.00497	0.00496	0.01051	0.01404	0.07815	0.62250	0.08088	0.10758	0.01070	0.00601	0.00165	0.00261	0.00939	0.00558	0.00506
3	0.00625	0.00447	0.00595	0.00714	0.00744	0.00417	0.00476	0.00714	0.00982	0.01310	0.02828	0.81633	0.03394	0.01608	0.00655	0.00208	0.00298	0.01459	0.00476	0.00417
4	0.03219	0.01527	0.19139	0.07607	0.23736	0.05984	0.08994	0.02919	0.01130	0.01588	0.02270	0.01534	0.00942	0.00699	0.03253	0.00192	0.09385	0.04927	0.00267	0.00688
5	0.03314	0.05763	0.24922	0.01649	0.06496	0.06407	0.24225	0.08237	0.04081	0.04627	0.01035	0.01226	0.00774	0.00513	0.00572	0.00163	0.04513	0.00464	0.00290	0.00728
6	0.00622	0.00459	0.00582	0.00680	0.00735	0.00420	0.00461	0.00718	0.01015	0.01323	0.03244	0.68185	0.16573	0.01554	0.00646	0.00202	0.00291	0.01393	0.00476	0.00420
7	0.00629	0.00467	0.00587	0.00671	0.00736	0.00425	0.00460	0.00737	0.01054	0.01380	0.08834	0.60716	0.18421	0.01506	0.00642	0.00198	0.00286	0.01345	0.00483	0.00425
8	0.01174	0.01229	0.10351	0.17702	0.33752	0.01095	0.08975	0.01513	0.01163	0.06063	0.04825	0.03418	0.01158	0.00585	0.00536	0.00166	0.00624	0.04667	0.00299	0.00707
9	0.01219	0.00930	0.01094	0.00796	0.01240	0.00735	0.00639	0.03931	0.03029	0.09281	0.01060	0.01157	0.00833	0.00420	0.00401	0.00089	0.00392	0.00337	0.00348	0.72068
10	0.01158	0.00720	0.00843	0.00745	0.00953	0.04323	0.00573	0.01393	0.03194	0.19910	0.40611	0.07495	0.11069	0.00952	0.00570	0.00160	0.00334	0.00818	0.00543	0.03636
11	0.01243	0.01200	0.01817	0.23975	0.31528	0.05002	0.05559	0.06959	0.03644	0.01621	0.00962	0.01285	0.00778	0.00554	0.00674	0.00168	0.11600	0.00462	0.00271	0.00699
12	0.06189	0.25311	0.35036	0.01342	0.01883	0.01555	0.01393	0.06327	0.01371	0.01954	0.05057	0.01784	0.04029	0.00876	0.03144	0.00231	0.00745	0.00521	0.00391	0.00861
13	0.01311	0.01195	0.01451	0.04615	0.23446	0.05764	0.01054	0.06739	0.39997	0.01992	0.05767	0.01717	0.01403	0.00626	0.00518	0.00163	0.00505	0.00538	0.00422	0.00777
14	0.01014	0.00626	0.00768	0.00696	0.00891	0.00576	0.00540	0.01301	0.06552	0.15532	0.37840	0.03689	0.23519	0.01030	0.00587	0.00167	0.00300	0.03261	0.00548	0.00561
15	0.50582	0.01026	0.00989	0.00814	0.01167	0.01108	0.00672	0.12970	0.01263	0.23302	0.01147	0.01140	0.00797	0.00540	0.00400	0.00158	0.00433	0.00370	0.00433	0.00689
16	0.00777	0.00786	0.08783	0.00769	0.00977	0.00607	0.00678	0.01100	0.05715	0.01791	0.38542	0.03976	0.20350	0.01081	0.00604	0.00176	0.00343	0.11933	0.00493	0.00518
17	0.01080	0.00946	0.01491	0.38353	0.17800	0.01055	0.03163	0.02766	0.07668	0.04254	0.04868	0.02031	0.06509	0.00654	0.00538	0.00171	0.00578	0.05112	0.00325	0.00639
18	0.00658	0.00498	0.00616	0.00698	0.00790	0.00456	0.00517	0.00789	0.01080	0.01378	0.03558	0.42557	0.27145	0.01473	0.00650	0.00203	0.00320	0.15705	0.00476	0.00433
19	0.00624	0.00451	0.00591	0.00704	0.00741	0.00418	0.00472	0.00716	0.00993	0.01314	0.02957	0.77448	0.07495	0.01591	0.00652	0.00206	0.00296	0.01438	0.00476	0.00418
20	0.01143	0.01056	0.01769	0.16165	0.52785	0.01100	0.01400	0.01440	0.01123	0.01582	0.01144	0.01718	0.01007	0.00735	0.04855	0.00198	0.00642	0.06613	0.02812	0.00713

[dist]
# distance from previous block
# <min> <max>
0	6

[block]
# block no. 5 follows, 48 sequences, length 13
# corresponding to MSA columns:
# 208-220
name=unknown_F
#
# <colnr> <probs for GDERKNQSTAVLIFYWHMCP>
#	G	D	E	R	K	N	Q	S	T	A	V	L	I	F	Y	W	H	M	C	P
0	0.76699	0.01039	0.00813	0.00729	0.01026	0.04162	0.00596	0.01501	0.00891	0.02189	0.00736	0.00884	0.00586	0.00596	0.02797	0.00180	0.03416	0.00294	0.00311	0.00554
1	0.01211	0.01384	0.03028	0.02163	0.02682	0.01298	0.76903	0.01644	0.01211	0.01644	0.01038	0.01384	0.00779	0.00433	0.00606	0.00173	0.00865	0.00606	0.00260	0.00692
2	0.85592	0.00992	0.00754	0.00675	0.00992	0.01151	0.00556	0.01508	0.00873	0.02302	0.00714	0.00834	0.00556	0.00476	0.00318	0.00159	0.00397	0.00278	0.00318	0.00556
3	0.00815	0.00602	0.00714	0.00668	0.00828	0.00574	0.00504	0.01162	0.10285	0.04508	0.46654	0.03799	0.22552	0.03276	0.00648	0.00175	0.00279	0.00907	0.00533	0.00518
4	0.85592	0.00992	0.00754	0.00675	0.00992	0.01151	0.00556	0.01508	0.00873	0.02302	0.00714	0.00834	0.00556	0.00476	0.00318	0.00159	0.00397	0.00278	0.00318	0.00556
5	0.01248	0.03559	0.14690	0.00972	0.01441	0.02875	0.00910	0.16829	0.01372	0.01985	0.04957	0.01252	0.00980	0.00491	0.00437	0.00114	0.00491	0.00385	0.02170	0.42843
6	0.00959	0.00890	0.01491	0.75345	0.03367	0.01103	0.01385	0.01294	0.01036	0.01326	0.01034	0.01666	0.00837	0.00574	0.00526	0.00175	0.00670	0.05512	0.00245	0.00563
7	0.00767	0.00660	0.01112	0.00988	0.01145	0.00614	0.16173	0.00963	0.01143	0.01549	0.19495	0.44283	0.06571	0.01227	0.00631	0.00189	0.00400	0.01148	0.00452	0.00489
8	0.01451	0.01178	0.01226	0.01063	0.01372	0.03756	0.00836	0.16686	0.55433	0.05772	0.01905	0.04137	0.01448	0.00700	0.00522	0.00169	0.00450	0.00573	0.00516	0.00808
9	0.04286	0.01036	0.03462	0.23703	0.39911	0.01075	0.01321	0.01371	0.01066	0.01522	0.03483	0.01435	0.00936	0.00837	0.06567	0.05944	0.00660	0.00470	0.00258	0.00659
10	0.03336	0.01089	0.01764	0.20837	0.34311	0.01148	0.07288	0.05729	0.05381	0.06950	0.04251	0.03444	0.01073	0.00555	0.00521	0.00162	0.00595	0.00519	0.00322	0.00724
11	0.01108	0.02399	0.65194	0.01539	0.02249	0.01189	0.12539	0.01664	0.01118	0.04845	0.00983	0.01154	0.00694	0.00486	0.00505	0.00164	0.00760	0.00417	0.00240	0.00754
12	0.01270	0.01219	0.02083	0.03149	0.78767	0.01219	0.01575	0.01575	0.01168	0.01676	0.00965	0.01270	0.00813	0.00457	0.00508	0.00152	0.00610	0.00457	0.00254	0.00813

[dist]
# distance from previous block
# <min> <max>
7	44

[block]
# block no. 6 follows, 48 sequences, length 36
# corresponding to MSA columns:
# 287-322
name=unknown_G
#
# <colnr> <probs for GDERKNQSTAVLIFYWHMCP>
#	G	D	E	R	K	N	Q	S	T	A	V	L	I	F	Y	W	H	M	C	P
0	0.05538	0.26169	0.13466	0.01092	0.01543	0.04505	0.01045	0.30407	0.05618	0.03387	0.01050	0.01108	0.00800	0.00537	0.00441	0.00142	0.00580	0.00386	0.01431	0.00757
1	0.10737	0.30219	0.10610	0.01052	0.01500	0.03065	0.00999	0.32214	0.01592	0.02197	0.00949	0.01021	0.00733	0.00522	0.00423	0.00139	0.00569	0.00364	0.00350	0.00744
2	0.03233	0.43327	0.15271	0.01029	0.01469	0.06802	0.01030	0.11893	0.01256	0.01593	0.01012	0.08048	0.00925	0.00581	0.00419	0.00136	0.00586	0.00426	0.00287	0.00677
3	0.07032	0.32872	0.30702	0.01116	0.01640	0.02536	0.01231	0.08743	0.02896	0.01661	0.00968	0.03088	0.00807	0.00534	0.00427	0.00144	0.00611	0.02020	0.00272	0.00701
4	0.01182	0.28587	0.23718	0.01021	0.01450	0.03629	0.01061	0.09573	0.01199	0.01561	0.02781	0.07028	0.06162	0.08182	0.00655	0.00178	0.00574	0.00516	0.00301	0.00641
5	0.01213	0.39490	0.11082	0.05232	0.01483	0.04532	0.02060	0.03028	0.03271	0.02205	0.02255	0.02383	0.00975	0.04323	0.07599	0.00211	0.01923	0.02495	0.00269	0.03971
6	0.05381	0.14695	0.18209	0.01072	0.01459	0.04231	0.05552	0.02608	0.07422	0.02443	0.06562	0.02954	0.01264	0.01176	0.14691	0.00269	0.00716	0.02575	0.00313	0.06408
7	0.02576	0.25708	0.29210	0.01373	0.07014	0.17181	0.03574	0.03810	0.02420	0.01496	0.00866	0.01011	0.00689	0.00485	0.00440	0.00141	0.00707	0.00355	0.00246	0.00699
8	0.00760	0.00628	0.00738	0.00688	0.00861	0.00599	0.02265	0.03241	0.06657	0.01665	0.22709	0.06036	0.44340	0.01153	0.00635	0.00174	0.02818	0.03048	0.00490	0.00496
9	0.01100	0.00907	0.00998	0.00947	0.01160	0.01015	0.00716	0.05544	0.49374	0.01929	0.02287	0.26533	0.02120	0.00985	0.00566	0.00185	0.00381	0.02059	0.00507	0.00688
10	0.00740	0.00495	0.00562	0.00568	0.00569	0.00493	0.00320	0.00744	0.00759	0.01012	0.01681	0.07531	0.01947	0.77683	0.02507	0.00482	0.00487	0.00784	0.00320	0.00317
11	0.02217	0.00876	0.01182	0.00902	0.01303	0.00749	0.00744	0.02418	0.01441	0.73828	0.01948	0.01700	0.01235	0.00618	0.00507	0.00153	0.00433	0.00502	0.00612	0.06631
12	0.01064	0.00912	0.01064	0.00760	0.01216	0.00684	0.00608	0.01292	0.01064	0.01672	0.00912	0.01064	0.00760	0.00380	0.00380	0.00076	0.00380	0.00304	0.00304	0.85104
13	0.01282	0.66307	0.13746	0.00954	0.01418	0.01822	0.01005	0.01506	0.01045	0.01274	0.00856	0.05169	0.00803	0.00508	0.00370	0.00123	0.00566	0.00353	0.00233	0.00660
14	0.01333	0.72469	0.06662	0.00901	0.01358	0.01894	0.00914	0.01524	0.01046	0.01261	0.00738	0.00853	0.00665	0.00438	0.00341	0.00110	0.00548	0.00282	0.00225	0.06436
15	0.00763	0.00587	0.00749	0.00749	0.00834	0.02949	0.00553	0.00907	0.00887	0.01224	0.04148	0.06201	0.06864	0.17583	0.49449	0.00629	0.01005	0.00668	0.02817	0.00433
16	0.01159	0.21699	0.49177	0.01350	0.01968	0.03625	0.06701	0.01640	0.03379	0.01521	0.00904	0.01062	0.00689	0.00489	0.00487	0.00151	0.02669	0.00376	0.00231	0.00722
17	0.01067	0.01010	0.06479	0.00905	0.01330	0.00748	0.04781	0.01357	0.03245	0.03819	0.01225	0.06252	0.01102	0.00552	0.00447	0.00111	0.00436	0.05705	0.00333	0.59095
18	0.00811	0.00646	0.00785	0.00754	0.00842	0.02996	0.00547	0.00922	0.00886	0.01210	0.03297	0.07107	0.06675	0.29554	0.26630	0.00491	0.06254	0.03014	0.00322	0.06258
19	0.00856	0.00651	0.00885	0.19996	0.01447	0.00658	0.00690	0.01063	0.01124	0.03718	0.19855	0.10310	0.11237	0.10568	0.00787	0.00199	0.00405	0.00759	0.06170	0.08621
20	0.01001	0.00576	0.00681	0.00649	0.00800	0.00559	0.00491	0.04685	0.01204	0.09698	0.12590	0.14691	0.10629	0.01174	0.07299	0.00211	0.00383	0.00765	0.31393	0.00522
21	0.03720	0.01444	0.03134	0.04060	0.21002	0.22060	0.08462	0.01766	0.07423	0.08084	0.04400	0.05234	0.04207	0.00629	0.00538	0.00157	0.02120	0.00536	0.00342	0.00682
22	0.02628	0.00910	0.01057	0.06420	0.01327	0.02596	0.00685	0.06560	0.03498	0.11181	0.03582	0.03952	0.10205	0.02046	0.00499	0.00128	0.00417	0.00506	0.00391	0.41412
23	0.01270	0.01219	0.02083	0.03149	0.78767	0.01219	0.01575	0.01575	0.01168	0.01676	0.00965	0.01270	0.00813	0.00457	0.00508	0.00152	0.00610	0.00457	0.00254	0.00813
24	0.01505	0.35070	0.11805	0.01241	0.04659	0.15767	0.04991	0.13808	0.03753	0.01664	0.00907	0.01020	0.00733	0.00498	0.00430	0.00134	0.00659	0.00362	0.00287	0.00707
25	0.01688	0.35980	0.01973	0.01135	0.01473	0.47193	0.00944	0.01834	0.01281	0.01235	0.00760	0.00882	0.00660	0.00491	0.00407	0.00123	0.00767	0.00307	0.00246	0.00622
26	0.01071	0.00845	0.01218	0.33259	0.05201	0.00973	0.00995	0.10007	0.04120	0.03563	0.05563	0.01770	0.01211	0.04573	0.15231	0.00297	0.00703	0.00521	0.08291	0.00587
27	0.00745	0.00504	0.00591	0.00591	0.00602	0.00515	0.00350	0.00766	0.00755	0.01018	0.01588	0.03199	0.01796	0.72712	0.11773	0.00536	0.00601	0.00723	0.00307	0.00328
28	0.85592	0.00992	0.00754	0.00675	0.00992	0.01151	0.00556	0.01508	0.00873	0.02302	0.00714	0.00834	0.00556	0.00476	0.00318	0.00159	0.00397	0.00278	0.00318	0.00556
29	0.00635	0.00491	0.00584	0.00653	0.00751	0.00439	0.00471	0.00755	0.01080	0.01362	0.03824	0.42280	0.35257	0.01460	0.00639	0.00196	0.00297	0.07921	0.00476	0.00429
30	0.77407	0.01076	0.00828	0.00730	0.01051	0.04280	0.00597	0.05944	0.00986	0.02315	0.00748	0.00860	0.00578	0.00487	0.00335	0.00157	0.00428	0.00291	0.00327	0.00576
31	0.00733	0.00550	0.00825	0.00825	0.00916	0.00641	0.00641	0.00916	0.00825	0.01191	0.01374	0.02016	0.01283	0.03848	0.79934	0.00825	0.01374	0.00550	0.00275	0.00458
32	0.01579	0.01331	0.05641	0.06728	0.06272	0.01362	0.05404	0.46317	0.06662	0.02640	0.09546	0.01567	0.01310	0.00634	0.00527	0.00159	0.00558	0.00523	0.00454	0.00786
33	0.71683	0.00999	0.00828	0.00710	0.01047	0.01112	0.00583	0.04507	0.00970	0.04555	0.00793	0.00899	0.00609	0.00477	0.00337	0.00151	0.00403	0.00295	0.00333	0.08709
34	0.00714	0.00554	0.00656	0.00752	0.00802	0.03596	0.00511	0.02952	0.01042	0.01363	0.02702	0.76137	0.03213	0.01536	0.00643	0.00204	0.00330	0.01385	0.00469	0.00437
35	0.01500	0.39625	0.05943	0.02828	0.03382	0.06225	0.00967	0.24525	0.01485	0.01870	0.01041	0.06501	0.00914	0.00582	0.00432	0.00136	0.00573	0.00429	0.00330	0.00710

[dist]
# distance from previous block
# <min> <max>
13	29

[block]
# block no. 7 follows, 48 sequences, length 23
# corresponding to MSA columns:
# 384-394,400-411
name=unknown_H
#
# <colnr> <probs for GDERKNQSTAVLIFYWHMCP>
#	G	D	E	R	K	N	Q	S	T	A	V	L	I	F	Y	W	H	M	C	P
0	0.03265	0.01147	0.08182	0.04297	0.05032	0.07504	0.04430	0.07523	0.12789	0.04992	0.15216	0.03943	0.10077	0.00779	0.00532	0.00163	0.00482	0.03091	0.05920	0.00637
1	0.00821	0.00582	0.00752	0.00767	0.00898	0.00569	0.00608	0.01089	0.06030	0.03806	0.28314	0.09359	0.12138	0.01365	0.04715	0.03862	0.00398	0.22948	0.00491	0.00489
2	0.14713	0.08322	0.06504	0.07687	0.13014	0.02809	0.26289	0.07079	0.03797	0.01812	0.01012	0.01305	0.00801	0.00498	0.00498	0.00161	0.00662	0.02055	0.00292	0.00690
3	0.01306	0.27799	0.21195	0.06861	0.18913	0.01475	0.01318	0.08152	0.01211	0.03753	0.00920	0.01090	0.00730	0.00479	0.00443	0.00141	0.00617	0.00377	0.00266	0.02953
4	0.01463	0.06404	0.01874	0.02314	0.45041	0.24705	0.01310	0.01751	0.04518	0.01527	0.00936	0.01163	0.00786	0.00504	0.00527	0.00147	0.03620	0.00414	0.00265	0.00730
5	0.10040	0.04611	0.01576	0.01457	0.09646	0.49481	0.05550	0.05944	0.01376	0.01547	0.00844	0.00998	0.00688	0.00507	0.00457	0.00138	0.00785	0.00359	0.00282	0.03714
6	0.01249	0.01211	0.02108	0.07499	0.69968	0.01219	0.06045	0.01564	0.01163	0.01654	0.00966	0.01282	0.00803	0.00459	0.00514	0.00155	0.00629	0.00466	0.00253	0.00792
7	0.01290	0.01292	0.02141	0.04691	0.64949	0.05217	0.09675	0.01600	0.01184	0.01643	0.00963	0.01267	0.00798	0.00459	0.00516	0.00154	0.00655	0.00467	0.00255	0.00783
8	0.00668	0.00489	0.00621	0.00674	0.00752	0.00452	0.00478	0.00809	0.01136	0.01520	0.23544	0.41080	0.14402	0.05579	0.00739	0.00207	0.00298	0.05624	0.00491	0.00435
9	0.01756	0.01276	0.01391	0.01098	0.01469	0.01386	0.00892	0.57035	0.09024	0.06407	0.01455	0.07629	0.01146	0.00690	0.00519	0.00156	0.00514	0.00545	0.00506	0.05104
10	0.00626	0.00517	0.00525	0.00525	0.00674	0.00442	0.00379	0.00738	0.01109	0.01330	0.04687	0.04713	0.67617	0.12808	0.00892	0.00220	0.00294	0.01035	0.00453	0.00416
11	0.01148	0.01014	0.01543	0.33484	0.10372	0.01193	0.05279	0.04332	0.12434	0.04079	0.01148	0.01517	0.00923	0.04756	0.00831	0.02301	0.12208	0.00498	0.00303	0.00636
12	0.85592	0.00992	0.00754	0.00675	0.00992	0.01151	0.00556	0.01508	0.00873	0.02302	0.00714	0.00834	0.00556	0.00476	0.00318	0.00159	0.00397	0.00278	0.00318	0.00556
13	0.01210	0.01343	0.02797	0.02206	0.11226	0.01312	0.61926	0.01601	0.01170	0.01613	0.00999	0.01349	0.00774	0.00475	0.00686	0.00175	0.07612	0.00575	0.00256	0.00695
14	0.11779	0.00887	0.01141	0.00886	0.01274	0.00799	0.00732	0.02388	0.01401	0.70381	0.01875	0.01643	0.01189	0.00617	0.00493	0.00159	0.00432	0.00489	0.00599	0.00837
15	0.00746	0.00497	0.00560	0.00560	0.00560	0.00497	0.00311	0.00746	0.00746	0.00995	0.01617	0.03358	0.01865	0.81967	0.02612	0.00497	0.00497	0.00746	0.00311	0.00311
16	0.85592	0.00992	0.00754	0.00675	0.00992	0.01151	0.00556	0.01508	0.00873	0.02302	0.00714	0.00834	0.00556	0.00476	0.00318	0.00159	0.00397	0.00278	0.00318	0.00556
17	0.00718	0.00524	0.00675	0.00637	0.00762	0.00481	0.00478	0.00953	0.01433	0.02013	0.73581	0.03907	0.09785	0.01066	0.00605	0.00162	0.00243	0.00938	0.00559	0.00481
18	0.85592	0.00992	0.00754	0.00675	0.00992	0.01151	0.00556	0.01508	0.00873	0.02302	0.00714	0.00834	0.00556	0.00476	0.00318	0.00159	0.00397	0.00278	0.00318	0.00556
19	0.02216	0.00854	0.01163	0.00898	0.01280	0.00739	0.00739	0.02417	0.01468	0.74911	0.06202	0.01860	0.01465	0.00658	0.00521	0.00159	0.00426	0.00539	0.00631	0.00852
20	0.00724	0.00495	0.00599	0.00644	0.00665	0.00487	0.00413	0.00774	0.00858	0.01139	0.02059	0.24138	0.02390	0.51752	0.01883	0.00392	0.00442	0.09417	0.00373	0.00357
21	0.01029	0.02654	0.79309	0.01462	0.02221	0.01192	0.01896	0.01625	0.01083	0.01625	0.00921	0.01083	0.00650	0.00487	0.00487	0.00162	0.00758	0.00379	0.00217	0.00758
22	0.03286	0.27487	0.20503	0.01021	0.01500	0.01283	0.01054	0.01891	0.03807	0.27386	0.05061	0.01379	0.01094	0.00555	0.00450	0.00145	0.00539	0.00423	0.00387	0.00749

[dist]
# distance from previous block
# <min> <max>
1	2

[block]
# block no. 8 follows, 48 sequences, length 28
# corresponding to MSA columns:
# 414-441
name=unknown_I
#
# <colnr> <probs for GDERKNQSTAVLIFYWHMCP>
#	G	D	E	R	K	N	Q	S	T	A	V	L	I	F	Y	W	H	M	C	P
0	0.01372	0.82276	0.02689	0.00878	0.01317	0.02030	0.00878	0.01536	0.01043	0.01207	0.00713	0.00823	0.00658	0.00439	0.00329	0.00110	0.00549	0.00274	0.00219	0.00658
1	0.01176	0.20375	0.52627	0.01265	0.01894	0.01340	0.01524	0.01673	0.04123	0.05802	0.01030	0.03185	0.00793	0.00522	0.00459	0.00152	0.00668	0.00399	0.00259	0.00735
2	0.01372	0.82276	0.02689	0.00878	0.01317	0.02030	0.00878	0.01536	0.01043	0.01207	0.00713	0.00823	0.00658	0.00439	0.00329	0.00110	0.00549	0.00274	0.00219	0.00658
3	0.00622	0.00520	0.00541	0.00536	0.00703	0.00440	0.00402	0.00766	0.01206	0.01473	0.14635	0.04796	0.69067	0.01267	0.00606	0.00172	0.00258	0.01063	0.00488	0.00440
4	0.00734	0.00547	0.00812	0.00812	0.00900	0.00635	0.00626	0.00908	0.00821	0.01182	0.01386	0.02077	0.01310	0.07434	0.76385	0.00810	0.01334	0.00559	0.00277	0.00451
5	0.02046	0.01190	0.11231	0.01019	0.01458	0.00949	0.00929	0.15358	0.01574	0.54115	0.01736	0.01576	0.01123	0.00612	0.00508	0.00157	0.00495	0.00488	0.02584	0.00849
6	0.04949	0.01021	0.01553	0.33300	0.13997	0.01149	0.07050	0.05648	0.14509	0.01714	0.03517	0.04591	0.01162	0.00619	0.00526	0.00171	0.00585	0.02945	0.00332	0.00663
7	0.01215	0.44120	0.36956	0.01145	0.01722	0.01632	0.01332	0.01613	0.03423	0.01423	0.00849	0.00973	0.00683	0.00469	0.00406	0.00135	0.00638	0.00331	0.00228	0.00708
8	0.01414	0.78588	0.02621	0.00880	0.01317	0.01972	0.00872	0.01580	0.01062	0.04737	0.00773	0.00865	0.00686	0.00448	0.00338	0.00112	0.00544	0.00285	0.00238	0.00668
9	0.00824	0.00603	0.00851	0.01001	0.03990	0.00599	0.00820	0.01050	0.01167	0.01522	0.02729	0.10569	0.05089	0.01390	0.00695	0.00229	0.00460	0.65467	0.00465	0.00481
10	0.01785	0.01319	0.01422	0.01129	0.01502	0.01460	0.00919	0.57836	0.16430	0.05416	0.01478	0.04438	0.01111	0.00669	0.00520	0.00160	0.00521	0.00524	0.00517	0.00844
11	0.01173	0.01238	0.01828	0.37875	0.02654	0.11276	0.17523	0.02695	0.01105	0.01395	0.00945	0.03473	0.00777	0.00589	0.00712	0.00176	0.13218	0.00499	0.00250	0.00599
12	0.00733	0.00550	0.00825	0.00825	0.00916	0.00641	0.00641	0.00916	0.00825	0.01191	0.01374	0.02016	0.01283	0.03848	0.79934	0.00825	0.01374	0.00550	0.00275	0.00458
13	0.01386	0.80160	0.02656	0.00890	0.01324	0.04095	0.00881	0.01550	0.01053	0.01208	0.00715	0.00826	0.00659	0.00441	0.00333	0.00110	0.00559	0.00276	0.00221	0.00657
14	0.00810	0.00558	0.00650	0.03185	0.00721	0.00577	0.00393	0.04419	0.00838	0.01121	0.01565	0.03133	0.01754	0.72006	0.05857	0.00485	0.00545	0.00715	0.00316	0.00353
15	0.01783	0.01228	0.04804	0.01089	0.01474	0.01222	0.02977	0.37620	0.10931	0.21421	0.08644	0.01676	0.01406	0.00659	0.00525	0.00159	0.00502	0.00532	0.00529	0.00820
16	0.00633	0.00457	0.00602	0.00714	0.00756	0.00425	0.00487	0.00731	0.01001	0.01324	0.02947	0.74283	0.07296	0.01583	0.00655	0.00208	0.00303	0.04699	0.00476	0.00420
17	0.39511	0.11535	0.28356	0.00986	0.01480	0.01240	0.01071	0.01579	0.00996	0.04659	0.00841	0.00961	0.00635	0.00478	0.00388	0.00151	0.00542	0.00322	0.00281	0.03988
18	0.12083	0.18846	0.03990	0.00956	0.03274	0.06163	0.00801	0.10214	0.08252	0.01855	0.01012	0.01110	0.00812	0.00484	0.00400	0.00122	0.00489	0.00352	0.03661	0.25122
19	0.03918	0.01711	0.31414	0.08256	0.16660	0.02757	0.01407	0.06893	0.02947	0.03819	0.02740	0.01239	0.00843	0.00512	0.00509	0.00151	0.02557	0.00415	0.00287	0.10965
20	0.01276	0.04791	0.09833	0.15072	0.17527	0.04439	0.04662	0.07592	0.06657	0.06635	0.08029	0.01523	0.01199	0.00569	0.00529	0.00154	0.02323	0.00487	0.00339	0.06367
21	0.01350	0.01295	0.07799	0.03600	0.35990	0.01201	0.05905	0.12740	0.09502	0.05003	0.02695	0.01472	0.01020	0.00540	0.00513	0.00154	0.00578	0.01970	0.00346	0.06327
22	0.01306	0.04168	0.03728	0.03238	0.18218	0.06471	0.07995	0.08351	0.20272	0.03911	0.01562	0.06309	0.04454	0.00645	0.00533	0.00158	0.01739	0.00562	0.00377	0.06005
23	0.01354	0.01231	0.03376	0.06010	0.49252	0.02647	0.05202	0.08257	0.05390	0.05859	0.01139	0.03036	0.00922	0.00518	0.00512	0.00154	0.00596	0.00487	0.00316	0.03742
24	0.04659	0.04674	0.04679	0.10023	0.26500	0.03618	0.03612	0.10942	0.09799	0.05743	0.01470	0.01661	0.06254	0.00597	0.00506	0.00158	0.00563	0.02034	0.00353	0.02158
25	0.01289	0.02813	0.03720	0.25140	0.20436	0.01138	0.05651	0.05298	0.05903	0.11421	0.04318	0.01574	0.03008	0.00581	0.00569	0.00164	0.04136	0.00507	0.00339	0.01994
26	0.01066	0.00825	0.01295	0.10999	0.25082	0.00828	0.02383	0.02593	0.01072	0.05012	0.07117	0.07449	0.06056	0.00966	0.00889	0.20570	0.00494	0.00597	0.00320	0.04387
27	0.01503	0.01251	0.03730	0.04818	0.20290	0.04203	0.11307	0.21571	0.03002	0.10966	0.01509	0.01618	0.06982	0.00618	0.00557	0.01889	0.00591	0.00526	0.00389	0.02679

[dist]
# distance from previous block
# <min> <max>
3	19

[block]
# block no. 9 follows, 48 sequences, length 12
# corresponding to MSA columns:
# 470-481
name=unknown_J
#
# <colnr> <probs for GDERKNQSTAVLIFYWHMCP>
#	G	D	E	R	K	N	Q	S	T	A	V	L	I	F	Y	W	H	M	C	P
0	0.10500	0.11911	0.10868	0.05251	0.04471	0.09239	0.03004	0.12046	0.09842	0.05392	0.02477	0.03163	0.02080	0.01972	0.02740	0.00180	0.01873	0.01953	0.00353	0.00684
1	0.09698	0.13142	0.08499	0.01166	0.04779	0.18017	0.03671	0.07680	0.03586	0.03676	0.01399	0.11933	0.05088	0.00717	0.00541	0.00157	0.04733	0.00554	0.00333	0.00631
2	0.00943	0.00630	0.00730	0.00666	0.00831	0.00622	0.00511	0.06726	0.03696	0.03987	0.30402	0.05765	0.12110	0.00893	0.00547	0.00151	0.02418	0.00750	0.24446	0.03175
3	0.00645	0.00484	0.00571	0.00622	0.00700	0.00439	0.00422	0.00744	0.01038	0.01335	0.08474	0.38936	0.27915	0.14126	0.00944	0.00239	0.00313	0.01188	0.00456	0.00410
4	0.04647	0.17702	0.43811	0.01189	0.01748	0.01259	0.02740	0.03051	0.03516	0.01622	0.05179	0.05444	0.03131	0.00592	0.00469	0.00153	0.00618	0.00468	0.00278	0.02383
5	0.69500	0.06389	0.08255	0.00783	0.01148	0.03842	0.00716	0.01539	0.00923	0.02134	0.00736	0.00859	0.00575	0.00477	0.00339	0.00155	0.00458	0.00289	0.00300	0.00583
6	0.00746	0.00497	0.00560	0.00560	0.00560	0.00497	0.00311	0.00746	0.00746	0.00995	0.01617	0.03358	0.01865	0.81967	0.02612	0.00497	0.00497	0.00746	0.00311	0.00311
7	0.00995	0.00709	0.00861	0.00779	0.00947	0.00728	0.00610	0.11257	0.03215	0.05273	0.37028	0.07356	0.11907	0.01008	0.00650	0.00170	0.05476	0.05029	0.05447	0.00555
8	0.01118	0.00914	0.05184	0.08339	0.09464	0.00815	0.02757	0.03048	0.01143	0.11640	0.04511	0.19685	0.06533	0.00894	0.02024	0.00172	0.04743	0.00720	0.00388	0.15909
9	0.07588	0.13880	0.05427	0.00948	0.01339	0.01159	0.00840	0.17016	0.03009	0.33402	0.03876	0.01562	0.01167	0.00611	0.00471	0.00151	0.00479	0.02044	0.04261	0.00772
10	0.01295	0.01240	0.04028	0.12363	0.32647	0.05620	0.02918	0.12063	0.11110	0.01866	0.03620	0.06550	0.01174	0.00613	0.00523	0.00161	0.00584	0.00546	0.00344	0.00737
11	0.02698	0.05277	0.11736	0.05603	0.14742	0.13819	0.04659	0.09307	0.10086	0.05242	0.04339	0.01564	0.05351	0.00606	0.00534	0.00157	0.02732	0.00492	0.00346	0.00710

[dist]
# distance from previous block
# <min> <max>
2	6

[block]
# block no. 10 follows, 48 sequences, length 16
# corresponding to MSA columns:
# 488-503
name=unknown_K
#
# <colnr> <probs for GDERKNQSTAVLIFYWHMCP>
#	G	D	E	R	K	N	Q	S	T	A	V	L	I	F	Y	W	H	M	C	P
