[name]
unknown

[dist]
# distance from previous block
# <min> <max>
0	43

[block]
# block no. 0 follows, 52 sequences, length 20
# corresponding to MSA columns:
# 1223-1242
name=unknown_A
#
# <colnr> <probs for GDERKNQSTAVLIFYWHMCP>
#	G	D	E	R	K	N	Q	S	T	A	V	L	I	F	Y	W	H	M	C	P
0	0.01418	0.01030	0.01181	0.01016	0.01298	0.02319	0.01967	0.35975	0.10682	0.07387	0.01747	0.04400	0.01562	0.00832	0.00543	0.00171	0.00483	0.23364	0.00470	0.02155
1	0.07025	0.20267	0.06770	0.02812	0.01467	0.01489	0.00926	0.43131	0.03530	0.06530	0.01053	0.01085	0.00776	0.00527	0.00432	0.00138	0.00524	0.00384	0.00391	0.00744
2	0.00792	0.00541	0.00764	0.00755	0.00863	0.00544	0.02797	0.00933	0.00966	0.07955	0.05881	0.32312	0.10664	0.03742	0.23561	0.00359	0.02667	0.03051	0.00397	0.00456
3	0.00603	0.00448	0.00571	0.00648	0.00712	0.00416	0.00453	0.00711	0.00982	0.01288	0.07145	0.56898	0.17759	0.01547	0.05064	0.00221	0.00332	0.03353	0.00444	0.00404
4	0.01329	0.01023	0.01158	0.00971	0.01202	0.02897	0.02559	0.40338	0.03729	0.02143	0.01484	0.17009	0.01417	0.11368	0.04548	0.00230	0.04892	0.00657	0.00418	0.00629
5	0.02095	0.00861	0.01136	0.00881	0.01249	0.00778	0.00724	0.05468	0.06685	0.71839	0.01885	0.01640	0.01203	0.00603	0.00488	0.00151	0.00415	0.00489	0.00588	0.00821
6	0.01079	0.20839	0.59632	0.01251	0.01880	0.04468	0.01538	0.01532	0.01028	0.01431	0.00820	0.00961	0.00616	0.00452	0.00426	0.00141	0.00677	0.00334	0.00207	0.00689
7	0.00587	0.00451	0.00538	0.00603	0.00685	0.00402	0.00419	0.00691	0.01010	0.01288	0.06074	0.50351	0.32384	0.01390	0.00600	0.00183	0.00266	0.01226	0.00453	0.00402
8	0.01565	0.21264	0.01476	0.00901	0.01246	0.01225	0.00765	0.12091	0.21685	0.25243	0.04586	0.01560	0.03111	0.00597	0.00450	0.00142	0.00436	0.00468	0.00454	0.00735
9	0.02174	0.00825	0.01125	0.00862	0.01237	0.00712	0.00712	0.02362	0.01387	0.80282	0.01912	0.01649	0.01200	0.00600	0.00487	0.00150	0.00412	0.00487	0.00600	0.00825
10	0.01214	0.01003	0.01072	0.00961	0.01230	0.01145	0.00748	0.02475	0.71802	0.05010	0.06275	0.01902	0.01640	0.00674	0.00497	0.00163	0.00376	0.00564	0.00499	0.00752
11	0.00903	0.00452	0.00452	0.00452	0.00565	0.00452	0.00339	0.01129	0.01016	0.01807	0.01581	0.01807	0.01242	0.00565	0.00339	0.00113	0.00226	0.00452	0.85659	0.00452
12	0.01892	0.11549	0.01433	0.01027	0.01367	0.28142	0.00834	0.13720	0.01469	0.31989	0.01252	0.01206	0.00877	0.00540	0.00448	0.00135	0.00600	0.00392	0.00416	0.00711
13	0.01969	0.00976	0.01200	0.00928	0.01290	0.00952	0.00763	0.26916	0.01675	0.50105	0.06752	0.01621	0.01298	0.00619	0.00492	0.00149	0.00440	0.00496	0.00558	0.00801
14	0.00589	0.00426	0.00557	0.00662	0.00700	0.00395	0.00444	0.00676	0.00940	0.01242	0.02825	0.77290	0.08469	0.01498	0.00615	0.00195	0.00279	0.01353	0.00450	0.00395
15	0.82954	0.00918	0.00702	0.00630	0.00922	0.01062	0.00517	0.01413	0.00832	0.02159	0.00711	0.00828	0.00554	0.00454	0.00301	0.00148	0.00369	0.00270	0.03733	0.00522
16	0.00804	0.02991	0.00824	0.02967	0.00918	0.00691	0.00585	0.01095	0.10759	0.01262	0.01409	0.03988	0.01304	0.11209	0.45222	0.05280	0.00896	0.00544	0.06794	0.00457
17	0.03507	0.00850	0.00873	0.04010	0.01026	0.12298	0.00628	0.04963	0.00983	0.05478	0.01362	0.03502	0.01328	0.23198	0.29196	0.00455	0.00818	0.04754	0.00309	0.00463
18	0.01324	0.63102	0.08633	0.01032	0.05558	0.08513	0.00953	0.03762	0.01065	0.01256	0.00723	0.00839	0.00635	0.00431	0.00348	0.00113	0.00568	0.00286	0.00221	0.00638
19	0.54444	0.01139	0.03647	0.01001	0.08039	0.06716	0.01988	0.07196	0.02082	0.06628	0.00837	0.00944	0.00636	0.00482	0.00393	0.00149	0.02437	0.00323	0.00319	0.00600

[dist]
# distance from previous block
# <min> <max>
0	2

[block]
# block no. 1 follows, 52 sequences, length 24
# corresponding to MSA columns:
# 1245-1268
name=unknown_B
#
# <colnr> <probs for GDERKNQSTAVLIFYWHMCP>
#	G	D	E	R	K	N	Q	S	T	A	V	L	I	F	Y	W	H	M	C	P
0	0.09596	0.06860	0.17605	0.01378	0.09323	0.07878	0.11700	0.11524	0.05047	0.03053	0.03212	0.02894	0.02936	0.00558	0.00502	0.00151	0.03082	0.01729	0.00308	0.00662
1	0.01202	0.03149	0.01729	0.07313	0.47947	0.08814	0.04798	0.01540	0.06229	0.02773	0.06757	0.01479	0.03091	0.00518	0.00486	0.00146	0.00570	0.00478	0.00287	0.00694
2	0.00693	0.00516	0.00763	0.00762	0.00845	0.00595	0.00586	0.00859	0.00792	0.01139	0.03526	0.02014	0.01333	0.07407	0.74963	0.00746	0.01228	0.00538	0.00269	0.00427
3	0.00908	0.00790	0.01152	0.06227	0.04814	0.02905	0.06895	0.01072	0.00943	0.04232	0.04081	0.18904	0.06747	0.05021	0.11566	0.00276	0.19339	0.03304	0.00325	0.00498
4	0.00975	0.00629	0.00795	0.00827	0.05346	0.00582	0.00579	0.04681	0.03303	0.14191	0.02883	0.31939	0.22718	0.01115	0.00561	0.00171	0.00334	0.04408	0.00459	0.03502
5	0.04456	0.58065	0.20053	0.00949	0.01425	0.01651	0.01030	0.01511	0.01006	0.04932	0.00775	0.00874	0.00643	0.00435	0.00353	0.00119	0.00553	0.00292	0.00228	0.00649
6	0.03874	0.12141	0.05811	0.06441	0.13463	0.05603	0.03207	0.04467	0.03550	0.04511	0.02244	0.01118	0.00802	0.00441	0.00411	0.00116	0.00502	0.00359	0.00287	0.30652
7	0.03473	0.22689	0.05181	0.01040	0.01271	0.18556	0.03251	0.01366	0.00972	0.01198	0.00851	0.01212	0.00790	0.06530	0.12792	0.00261	0.17402	0.00387	0.00235	0.00543
8	0.01355	0.00779	0.00880	0.00759	0.01001	0.00808	0.00599	0.07760	0.23201	0.20786	0.05269	0.01802	0.01417	0.00620	0.00440	0.00141	0.00339	0.00505	0.30880	0.00659
9	0.00776	0.00585	0.00862	0.03841	0.09121	0.00555	0.03733	0.00928	0.01047	0.05366	0.10819	0.46496	0.11602	0.01187	0.00581	0.00178	0.00343	0.01074	0.00428	0.00478
10	0.01222	0.13165	0.39172	0.04994	0.01970	0.13405	0.12642	0.01612	0.01103	0.05062	0.00889	0.01050	0.00663	0.00460	0.00455	0.00144	0.00711	0.00378	0.00237	0.00668
11	0.13899	0.00993	0.01011	0.00877	0.01144	0.04041	0.00692	0.13384	0.32142	0.06779	0.17916	0.01896	0.01840	0.00676	0.00477	0.00155	0.00392	0.00545	0.00469	0.00670
12	0.00625	0.00481	0.00574	0.00597	0.00704	0.00435	0.00430	0.00792	0.02733	0.01488	0.26285	0.30094	0.30521	0.01242	0.00586	0.00171	0.00255	0.01087	0.00476	0.00426
13	0.01160	0.01111	0.01896	0.13841	0.69386	0.01141	0.01468	0.01453	0.01085	0.01536	0.00905	0.01212	0.00751	0.00439	0.00480	0.00146	0.00585	0.00432	0.00236	0.00736
14	0.01217	0.57252	0.05352	0.00974	0.01286	0.01766	0.00932	0.01375	0.00919	0.01163	0.00671	0.00866	0.00626	0.00537	0.00672	0.00136	0.23140	0.00309	0.00209	0.00600
15	0.00593	0.00426	0.00563	0.00668	0.00702	0.00396	0.00448	0.00683	0.00946	0.01261	0.05092	0.78066	0.05373	0.01494	0.00616	0.00195	0.00279	0.01352	0.00452	0.00396
16	0.00576	0.00491	0.00496	0.00495	0.00657	0.00411	0.00371	0.00702	0.01113	0.01329	0.07260	0.04631	0.77386	0.01220	0.00573	0.00163	0.00245	0.01018	0.00453	0.00411
17	0.00943	0.00789	0.01313	0.45833	0.15674	0.00908	0.01114	0.01112	0.00898	0.01187	0.00864	0.01326	0.00721	0.00808	0.00874	0.23930	0.00572	0.00428	0.00218	0.00487
18	0.00675	0.00528	0.00704	0.00696	0.00792	0.00574	0.00529	0.00815	0.00861	0.01161	0.02294	0.02752	0.23014	0.10166	0.48330	0.00557	0.04149	0.00672	0.00314	0.00417
19	0.00590	0.00422	0.00562	0.00675	0.00703	0.00394	0.00450	0.00675	0.00928	0.01237	0.02671	0.82653	0.03205	0.01518	0.00619	0.00197	0.00281	0.01378	0.00450	0.00394
20	0.00980	0.00928	0.01571	0.63786	0.20849	0.01094	0.01378	0.01295	0.01000	0.01317	0.00873	0.01271	0.00674	0.00472	0.00483	0.00157	0.00630	0.00431	0.00221	0.00591
21	0.00947	0.00906	0.01546	0.70429	0.07198	0.01106	0.04837	0.01262	0.00974	0.01267	0.00859	0.01277	0.00656	0.00495	0.00538	0.00163	0.04331	0.00437	0.00218	0.00555
22	0.01296	0.83261	0.02539	0.00829	0.01244	0.01917	0.00829	0.01451	0.00985	0.01140	0.00674	0.00777	0.00622	0.00415	0.00311	0.00104	0.00518	0.00259	0.00207	0.00622
23	0.16815	0.33373	0.05122	0.07797	0.01414	0.12597	0.00850	0.07131	0.01101	0.01511	0.00911	0.07681	0.00836	0.00545	0.00386	0.00133	0.00543	0.00392	0.00271	0.00589

[dist]
# distance from previous block
# <min> <max>
1	2

[block]
# block no. 2 follows, 52 sequences, length 20
# corresponding to MSA columns:
# 1271-1290
name=unknown_C
#
# <colnr> <probs for GDERKNQSTAVLIFYWHMCP>
#	G	D	E	R	K	N	Q	S	T	A	V	L	I	F	Y	W	H	M	C	P
0	0.01500	0.12307	0.01402	0.01026	0.01331	0.19549	0.00827	0.19699	0.24161	0.05073	0.01393	0.02628	0.03017	0.00695	0.03121	0.00163	0.00575	0.00451	0.00392	0.00690
1	0.01062	0.01066	0.01447	0.02829	0.01296	0.03492	0.01038	0.01172	0.00763	0.01163	0.00675	0.01119	0.00670	0.02503	0.03202	0.00226	0.75109	0.00429	0.00216	0.00524
2	0.01049	0.12316	0.35535	0.01053	0.01518	0.01116	0.01153	0.04610	0.15488	0.03348	0.07224	0.01777	0.10542	0.00628	0.00470	0.00150	0.00524	0.00503	0.00331	0.00665
3	0.00698	0.00507	0.00610	0.00588	0.00728	0.00469	0.00447	0.00870	0.01146	0.04203	0.28792	0.03648	0.36165	0.01495	0.13751	0.00258	0.00417	0.00850	0.03913	0.00445
4	0.00915	0.00861	0.01453	0.81804	0.03338	0.01077	0.01346	0.01238	0.00969	0.01238	0.00861	0.01292	0.00646	0.00484	0.00484	0.00161	0.00646	0.00431	0.00215	0.00538
5	0.00988	0.00935	0.01633	0.58132	0.02907	0.01092	0.14283	0.03785	0.01036	0.01382	0.00927	0.01314	0.00702	0.00492	0.00527	0.00160	0.03338	0.00456	0.05350	0.00562
6	0.00828	0.00715	0.01097	0.00961	0.01047	0.00834	0.09192	0.00961	0.00795	0.01135	0.01218	0.04742	0.01243	0.24187	0.29494	0.00475	0.19789	0.00583	0.00263	0.00441
7	0.00602	0.00435	0.00558	0.00652	0.00693	0.00405	0.00438	0.00687	0.00933	0.01227	0.02796	0.67276	0.10404	0.07636	0.00755	0.00215	0.00296	0.03166	0.00438	0.00389
8	0.76278	0.01101	0.00791	0.00710	0.01004	0.10645	0.00574	0.01486	0.00890	0.02056	0.00684	0.00798	0.00537	0.00456	0.00316	0.00147	0.00435	0.00268	0.00294	0.00529
9	0.04581	0.04397	0.12965	0.10129	0.01924	0.05017	0.24843	0.06300	0.03922	0.01510	0.00997	0.01412	0.00836	0.10364	0.00834	0.00197	0.08425	0.00482	0.00264	0.00599
10	0.11671	0.01070	0.01165	0.01073	0.06403	0.03753	0.00805	0.17710	0.27491	0.15478	0.01627	0.01700	0.02955	0.00634	0.00475	0.00157	0.00447	0.04200	0.00459	0.00729
11	0.01180	0.01183	0.04318	0.07633	0.52846	0.05525	0.04068	0.04402	0.01155	0.01577	0.01108	0.01694	0.00989	0.00553	0.00503	0.00155	0.00593	0.09546	0.00272	0.00699
12	0.00687	0.00545	0.00699	0.00682	0.00772	0.00556	0.00511	0.00848	0.01143	0.01568	0.38364	0.21930	0.17777	0.01141	0.00705	0.00172	0.10032	0.00966	0.00460	0.00442
13	0.00620	0.00446	0.00605	0.00685	0.00733	0.00431	0.00479	0.00736	0.00970	0.01317	0.11984	0.61123	0.03123	0.01701	0.10232	0.00262	0.00401	0.03308	0.00437	0.00408
14	0.01870	0.01894	0.11270	0.05471	0.07223	0.01591	0.53930	0.02035	0.01592	0.02242	0.01716	0.02297	0.01446	0.00936	0.00868	0.00300	0.01002	0.00766	0.00505	0.01047
15	0.11424	0.01053	0.01145	0.03182	0.08185	0.02978	0.00826	0.05257	0.51616	0.03421	0.01657	0.01710	0.01281	0.00627	0.00474	0.00161	0.00426	0.03423	0.00435	0.00719
16	0.01284	0.73443	0.02471	0.01086	0.10655	0.01826	0.00908	0.01455	0.00999	0.01193	0.00702	0.00828	0.00639	0.00417	0.00331	0.00108	0.00525	0.00280	0.00211	0.00639
17	0.01407	0.01013	0.01145	0.01212	0.01312	0.00879	0.00803	0.01280	0.01424	0.01976	0.03224	0.73953	0.03635	0.01903	0.00929	0.00331	0.00561	0.01511	0.00691	0.00810
18	0.01429	0.01063	0.01144	0.01145	0.01311	0.00914	0.00783	0.01367	0.03495	0.02118	0.14458	0.33152	0.31324	0.01705	0.00903	0.00313	0.00544	0.01295	0.00703	0.00833
19	0.01000	0.00905	0.01277	0.02556	0.21307	0.00799	0.03903	0.01228	0.01033	0.01517	0.01369	0.01535	0.10192	0.00590	0.02700	0.00130	0.02777	0.00436	0.00289	0.44458

[dist]
# distance from previous block
# <min> <max>
0	2

[block]
# block no. 3 follows, 52 sequences, length 17
# corresponding to MSA columns:
# 1293-1295,1300-1313
name=unknown_D
#
# <colnr> <probs for GDERKNQSTAVLIFYWHMCP>
#	G	D	E	R	K	N	Q	S	T	A	V	L	I	F	Y	W	H	M	C	P
0	0.00789	0.00717	0.00700	0.00737	0.00876	0.09856	0.00583	0.00941	0.01118	0.01333	0.03364	0.13959	0.35352	0.01215	0.00595	0.00183	0.00391	0.26426	0.00425	0.00438
1	0.00691	0.00468	0.00587	0.00639	0.00709	0.00432	0.00441	0.00789	0.00981	0.04979	0.07712	0.47944	0.14775	0.12650	0.00860	0.00225	0.00311	0.03959	0.00441	0.00408
2	0.00893	0.00737	0.01036	0.01114	0.13967	0.00736	0.04702	0.01143	0.05724	0.04323	0.16186	0.02838	0.22577	0.10417	0.00835	0.00194	0.06537	0.00712	0.02611	0.02718
3	0.01199	0.24608	0.08324	0.02667	0.02687	0.04237	0.09053	0.07266	0.01119	0.03750	0.03190	0.01289	0.00925	0.02212	0.00564	0.00143	0.08578	0.00410	0.17182	0.00599
4	0.01051	0.01099	0.02973	0.01115	0.01223	0.13081	0.03755	0.01236	0.03069	0.01198	0.00943	0.01380	0.00872	0.03345	0.27307	0.00385	0.34760	0.00452	0.00244	0.00514
5	0.04626	0.02074	0.00925	0.00776	0.00961	0.00791	0.00603	0.15050	0.03235	0.09965	0.22715	0.02079	0.01962	0.05182	0.04848	0.14106	0.03888	0.00566	0.02778	0.02871
6	0.01957	0.17826	0.23548	0.01884	0.11177	0.12025	0.06149	0.04026	0.01565	0.02131	0.01590	0.02056	0.01387	0.00980	0.00828	0.00278	0.06089	0.00612	0.02859	0.01032
7	0.01245	0.22020	0.13653	0.01488	0.20643	0.14983	0.01105	0.01495	0.01075	0.01395	0.00888	0.01086	0.00739	0.00530	0.01747	0.00142	0.04585	0.00360	0.10186	0.00634
8	0.01107	0.05727	0.14426	0.01077	0.07246	0.05014	0.00903	0.09094	0.14699	0.03402	0.04423	0.07329	0.13386	0.00707	0.00482	0.00146	0.00464	0.00583	0.01663	0.08123
9	0.01185	0.22740	0.48755	0.01160	0.01739	0.01261	0.01381	0.01587	0.01048	0.10602	0.00956	0.01063	0.00704	0.00572	0.03133	0.00161	0.00650	0.00353	0.00253	0.00695
10	0.00761	0.00552	0.00697	0.00733	0.00818	0.00554	0.00526	0.09774	0.01103	0.01483	0.06998	0.54717	0.04179	0.03610	0.08008	0.00249	0.00411	0.03938	0.00437	0.00451
11	0.00966	0.00622	0.00728	0.00664	0.00747	0.00644	0.00446	0.11843	0.03954	0.04245	0.03984	0.02464	0.01513	0.46602	0.01862	0.16929	0.00456	0.00603	0.00332	0.00396
12	0.02023	0.64134	0.07493	0.01395	0.01842	0.07232	0.01194	0.01987	0.01489	0.01899	0.01463	0.01861	0.01342	0.00927	0.00667	0.00250	0.00798	0.00529	0.00473	0.01003
13	0.00791	0.00525	0.00689	0.00657	0.00783	0.00499	0.00494	0.01010	0.02814	0.07633	0.49626	0.12540	0.08204	0.01339	0.09952	0.00231	0.00377	0.00866	0.00491	0.00478
14	0.01549	0.01164	0.01231	0.01239	0.01393	0.05189	0.00846	0.01538	0.06932	0.04464	0.10283	0.49757	0.08091	0.01686	0.00892	0.00314	0.00590	0.01299	0.00689	0.00854
15	0.00660	0.00539	0.00828	0.00807	0.00912	0.00497	0.09504	0.00798	0.01008	0.01336	0.08549	0.57787	0.12271	0.01314	0.00604	0.00186	0.00335	0.01203	0.00432	0.00431
16	0.00877	0.00810	0.01350	0.72345	0.03030	0.00997	0.01241	0.01172	0.00964	0.01238	0.01072	0.10778	0.00944	0.00605	0.00500	0.00166	0.00603	0.00541	0.00243	0.00521

[dist]
# distance from previous block
# <min> <max>
0	5

[block]
# block no. 4 follows, 52 sequences, length 39
# corresponding to MSA columns:
# 1319-1357
name=unknown_E
#
# <colnr> <probs for GDERKNQSTAVLIFYWHMCP>
#	G	D	E	R	K	N	Q	S	T	A	V	L	I	F	Y	W	H	M	C	P
0	0.00590	0.00422	0.00562	0.00675	0.00703	0.00394	0.00450	0.00675	0.00928	0.01237	0.02671	0.82653	0.03205	0.01518	0.00619	0.00197	0.00281	0.01378	0.00450	0.00394
1	0.00603	0.00454	0.00561	0.00634	0.00710	0.00412	0.00449	0.00714	0.01012	0.01308	0.07310	0.51851	0.24512	0.01398	0.00607	0.00187	0.00279	0.06140	0.00454	0.00405
2	0.00689	0.00501	0.00611	0.00590	0.00723	0.00449	0.00445	0.00876	0.01258	0.03860	0.47915	0.07946	0.28077	0.01091	0.00575	0.00160	0.00248	0.03036	0.00502	0.00449
3	0.01706	0.02157	0.01299	0.01185	0.01427	0.74257	0.00889	0.01831	0.01351	0.01196	0.01098	0.01192	0.07266	0.00560	0.00448	0.00128	0.00821	0.00372	0.00267	0.00549
4	0.00590	0.00425	0.00559	0.00666	0.00701	0.00394	0.00446	0.00676	0.00936	0.01240	0.02775	0.79028	0.06763	0.01505	0.00616	0.00195	0.00279	0.01361	0.00450	0.00394
5	0.01217	0.01029	0.01097	0.00988	0.01258	0.01182	0.00777	0.07063	0.69406	0.02052	0.01962	0.02004	0.01524	0.00697	0.00504	0.00167	0.00397	0.05438	0.00490	0.00750
6	0.01573	0.01406	0.01264	0.01058	0.01342	0.19455	0.00833	0.35579	0.16066	0.02181	0.01243	0.01367	0.00971	0.05576	0.00627	0.00165	0.03434	0.00445	0.04722	0.00692
7	0.01103	0.00919	0.01057	0.00764	0.01190	0.00746	0.00615	0.10226	0.01154	0.01751	0.00897	0.01023	0.00730	0.00385	0.00374	0.00080	0.00379	0.00305	0.00310	0.75992
8	0.01591	0.00811	0.01017	0.00833	0.01130	0.00771	0.00666	0.05846	0.14557	0.41292	0.17166	0.04902	0.01941	0.00707	0.00504	0.00151	0.00370	0.00594	0.00543	0.04607
9	0.00696	0.00583	0.04268	0.00726	0.00814	0.00510	0.00541	0.04963	0.01004	0.01350	0.04483	0.58948	0.04652	0.06983	0.04798	0.00239	0.00381	0.03207	0.00423	0.00430
10	0.00641	0.00513	0.02754	0.00689	0.00767	0.00447	0.00513	0.00773	0.01015	0.01354	0.12727	0.49874	0.09916	0.05496	0.00704	0.00204	0.00313	0.10442	0.00446	0.00413
11	0.00615	0.00449	0.00561	0.00631	0.00687	0.00416	0.00431	0.00712	0.00970	0.01275	0.08750	0.52247	0.15303	0.10885	0.00824	0.00221	0.00299	0.03894	0.00438	0.00391
12	0.00712	0.00498	0.00708	0.00708	0.00766	0.00556	0.00518	0.00804	0.00746	0.01053	0.01296	0.02129	0.01289	0.20557	0.55218	0.10233	0.01021	0.00548	0.00261	0.00378
13	0.04430	0.01717	0.03186	0.23925	0.05153	0.43283	0.08610	0.01659	0.01201	0.01294	0.00809	0.01046	0.00643	0.00481	0.00461	0.00141	0.00772	0.00374	0.00240	0.00574
14	0.06301	0.09202	0.58543	0.01254	0.01863	0.08068	0.01509	0.01593	0.01055	0.05099	0.00878	0.01004	0.00637	0.00466	0.00437	0.00146	0.00678	0.00346	0.00233	0.00688
15	0.08248	0.08974	0.32555	0.01353	0.04075	0.05996	0.17117	0.01538	0.05029	0.01590	0.06997	0.01325	0.02081	0.00507	0.00468	0.00149	0.00636	0.00443	0.00268	0.00650
16	0.00718	0.00588	0.03447	0.00656	0.00813	0.00485	0.00512	0.00885	0.01098	0.04183	0.20739	0.24804	0.23690	0.01283	0.05438	0.00200	0.00350	0.02529	0.00441	0.07140
17	0.01005	0.00861	0.01005	0.00718	0.01148	0.00646	0.00574	0.01220	0.01005	0.01579	0.00861	0.01005	0.00718	0.00359	0.00359	0.00072	0.00359	0.00287	0.00287	0.85932
18	0.01311	0.02361	0.02984	0.01569	0.25350	0.02834	0.00993	0.10616	0.26712	0.08764	0.06389	0.01740	0.03961	0.00613	0.00493	0.00153	0.00468	0.01545	0.00409	0.00736
19	0.01184	0.45406	0.35413	0.01075	0.01616	0.01564	0.01240	0.04991	0.01060	0.01394	0.00779	0.00899	0.00628	0.00442	0.00382	0.00127	0.00603	0.00309	0.00219	0.00671
20	0.05663	0.01115	0.01547	0.09469	0.43539	0.08004	0.01159	0.03582	0.01122	0.06306	0.01150	0.04616	0.03021	0.04001	0.00555	0.00158	0.00554	0.00476	0.00288	0.03674
21	0.01271	0.00983	0.01100	0.00952	0.01194	0.07268	0.03450	0.03959	0.26891	0.14235	0.10327	0.02218	0.07545	0.00751	0.00601	0.00161	0.07277	0.05056	0.01986	0.02775
22	0.11092	0.04930	0.12299	0.01207	0.03714	0.08158	0.12651	0.10878	0.09276	0.09726	0.04889	0.01511	0.01091	0.00565	0.00473	0.00151	0.00564	0.04019	0.00358	0.02446
23	0.00924	0.00871	0.01470	0.61499	0.02846	0.01072	0.05895	0.01206	0.00939	0.01234	0.00901	0.02782	0.00731	0.00726	0.04778	0.02336	0.08578	0.00460	0.00223	0.00528
24	0.01465	0.01518	0.01641	0.10600	0.12349	0.26877	0.10542	0.14147	0.04973	0.03196	0.00958	0.01149	0.00751	0.00561	0.01497	0.00156	0.06253	0.00418	0.00298	0.00652
25	0.00921	0.00882	0.00963	0.00971	0.05747	0.12745	0.03450	0.01092	0.02575	0.01328	0.09742	0.15652	0.12187	0.07929	0.12327	0.00276	0.07293	0.00736	0.02706	0.00477
26	0.00694	0.00511	0.00736	0.00736	0.00808	0.00583	0.00553	0.00838	0.00766	0.01094	0.01337	0.02119	0.01305	0.17076	0.67735	0.00726	0.01158	0.00551	0.00265	0.00409
27	0.00702	0.00638	0.03747	0.00899	0.01035	0.00554	0.10948	0.00869	0.00999	0.01324	0.02536	0.52546	0.08528	0.01286	0.00610	0.00192	0.00388	0.11339	0.00413	0.00448
28	0.01102	0.07374	0.15525	0.09205	0.11526	0.01220	0.38932	0.01524	0.03825	0.01500	0.00963	0.01239	0.00740	0.00517	0.02518	0.00170	0.00731	0.00482	0.00241	0.00663
29	0.00593	0.00452	0.00546	0.00612	0.00693	0.00405	0.00428	0.00700	0.01014	0.01299	0.07014	0.50266	0.29926	0.01389	0.00601	0.00184	0.00270	0.02751	0.00454	0.00403
30	0.00806	0.00911	0.09612	0.00771	0.00967	0.08833	0.00659	0.01038	0.03313	0.01493	0.21837	0.18309	0.22912	0.01054	0.00558	0.00166	0.00381	0.05476	0.00423	0.00480
31	0.03961	0.10175	0.20979	0.01058	0.01478	0.01258	0.01034	0.31860	0.05091	0.06378	0.01203	0.05587	0.00973	0.04804	0.01887	0.00174	0.00555	0.00466	0.00372	0.00708
32	0.00854	0.00808	0.01158	0.01001	0.01101	0.00977	0.06814	0.00996	0.00884	0.01224	0.02048	0.02341	0.23929	0.04289	0.13580	0.00291	0.36294	0.00636	0.00295	0.00481
33	0.00824	0.00616	0.00785	0.00787	0.00900	0.00625	0.03261	0.09267	0.08768	0.01556	0.02315	0.58187	0.02574	0.01236	0.00573	0.00182	0.00334	0.01110	0.05612	0.00489
34	0.05411	0.01290	0.07241	0.01828	0.03479	0.01166	0.60636	0.01480	0.01082	0.01541	0.00976	0.01306	0.00755	0.00685	0.07112	0.00213	0.02387	0.00534	0.00246	0.00632
35	0.14515	0.04478	0.20549	0.01162	0.06569	0.05880	0.01047	0.17042	0.08087	0.10542	0.01172	0.01248	0.01960	0.02053	0.01521	0.00162	0.00554	0.00406	0.00355	0.00700
36	0.03153	0.00576	0.00816	0.00792	0.00905	0.00663	0.00620	0.04449	0.00863	0.03173	0.01290	0.01833	0.01175	0.03333	0.73176	0.00717	0.01216	0.00508	0.00279	0.00463
37	0.01199	0.01151	0.01967	0.02974	0.79946	0.01151	0.01487	0.01487	0.01103	0.01583	0.00912	0.01199	0.00768	0.00432	0.00480	0.00144	0.00576	0.00432	0.00240	0.00768
38	0.01217	0.01522	0.31370	0.02420	0.07262	0.00994	0.04977	0.12831	0.01307	0.12031	0.11540	0.01729	0.05103	0.02880	0.00550	0.00161	0.00550	0.00513	0.00359	0.00684

[dist]
# distance from previous block
# <min> <max>
4	5

[block]
# block no. 5 follows, 52 sequences, length 16
# corresponding to MSA columns:
# 1364-1379
name=unknown_F
#
# <colnr> <probs for GDERKNQSTAVLIFYWHMCP>
#	G	D	E	R	K	N	Q	S	T	A	V	L	I	F	Y	W	H	M	C	P
0	0.03092	0.29515	0.19503	0.01035	0.03134	0.02462	0.04291	0.06380	0.03645	0.01552	0.10026	0.01539	0.04578	0.00637	0.02296	0.00149	0.00542	0.01909	0.00295	0.03420
1	0.02361	0.07315	0.12802	0.09551	0.15281	0.08672	0.05945	0.09241	0.05116	0.12284	0.01219	0.01333	0.03636	0.00533	0.00498	0.00148	0.02610	0.00439	0.00324	0.00692
2	0.00783	0.00570	0.00664	0.00627	0.00768	0.01987	0.00467	0.01027	0.05578	0.05794	0.44214	0.07909	0.21418	0.05239	0.00661	0.00174	0.00278	0.00880	0.00493	0.00473
3	0.00829	0.00421	0.00628	0.00634	0.00635	0.00419	0.00422	0.00634	0.00647	0.00862	0.00937	0.05719	0.00965	0.01675	0.01827	0.81418	0.00414	0.00471	0.00223	0.00220
4	0.05607	0.01085	0.03094	0.02905	0.07448	0.06432	0.06653	0.14878	0.13088	0.14572	0.07403	0.07577	0.05743	0.00688	0.00501	0.00155	0.00481	0.00585	0.00429	0.00676
5	0.00944	0.00640	0.00754	0.00670	0.00863	0.02288	0.00517	0.02943	0.03821	0.11701	0.40970	0.04373	0.18194	0.00924	0.00540	0.00150	0.00295	0.02110	0.00496	0.06806
6	0.00626	0.00452	0.00567	0.00619	0.00675	0.00421	0.00418	0.00732	0.01005	0.01347	0.18924	0.45286	0.11458	0.14089	0.00892	0.00227	0.00296	0.01129	0.00443	0.00393
7	0.07389	0.01034	0.01198	0.02472	0.07405	0.05281	0.02082	0.21836	0.06587	0.16535	0.10508	0.01666	0.01391	0.03596	0.04597	0.00192	0.02900	0.00501	0.02155	0.00677
8	0.10000	0.07801	0.14430	0.02980	0.17250	0.16621	0.03889	0.03035	0.07085	0.01578	0.05090	0.01335	0.00992	0.00637	0.03390	0.00167	0.00631	0.02163	0.00284	0.00640
9	0.01034	0.01001	0.01587	0.44171	0.30329	0.03702	0.01324	0.01320	0.01029	0.01360	0.01069	0.01405	0.04633	0.00516	0.00525	0.00156	0.03532	0.00456	0.00237	0.00614
10	0.00608	0.00438	0.00576	0.00680	0.00721	0.00410	0.00469	0.00704	0.00947	0.01251	0.02750	0.70311	0.07081	0.03486	0.00666	0.00204	0.00298	0.07560	0.00446	0.00396
11	0.21740	0.01219	0.07815	0.03845	0.12049	0.01185	0.02510	0.25092	0.05673	0.12650	0.01119	0.01174	0.00806	0.00520	0.00441	0.00149	0.00502	0.00403	0.00387	0.00721
12	0.02838	0.04638	0.06090	0.02120	0.44668	0.05920	0.03875	0.05444	0.07042	0.05363	0.03116	0.01438	0.02725	0.00519	0.00479	0.00147	0.00561	0.01992	0.00303	0.00721
13	0.04939	0.00505	0.00576	0.00594	0.00717	0.00461	0.00432	0.00821	0.01071	0.04122	0.14464	0.27752	0.34652	0.04158	0.00640	0.00183	0.00279	0.02753	0.00454	0.00428
14	0.00598	0.00430	0.00555	0.00652	0.00687	0.00400	0.00433	0.00678	0.00922	0.01219	0.02726	0.71733	0.07924	0.07649	0.00755	0.00215	0.00293	0.01304	0.00438	0.00387
15	0.02846	0.04562	0.37282	0.03215	0.13596	0.16737	0.05537	0.03775	0.03418	0.01518	0.00884	0.01057	0.00676	0.00477	0.00484	0.00147	0.02491	0.00377	0.00239	0.00681

[dist]
# distance from previous block
# <min> <max>
0	19

[block]
# block no. 6 follows, 52 sequences, length 30
# corresponding to MSA columns:
# 1399-1428
name=unknown_G
#
# <colnr> <probs for GDERKNQSTAVLIFYWHMCP>
#	G	D	E	R	K	N	Q	S	T	A	V	L	I	F	Y	W	H	M	C	P
0	0.00841	0.00687	0.02246	0.00895	0.08518	0.00629	0.01798	0.01155	0.10279	0.06188	0.10618	0.08805	0.39541	0.01023	0.00555	0.00165	0.00332	0.04755	0.00444	0.00525
1	0.01269	0.45687	0.25304	0.01021	0.01514	0.05624	0.01106	0.04300	0.01079	0.04487	0.00810	0.00913	0.00654	0.00444	0.00377	0.00121	0.00585	0.00308	0.00238	0.04162
2	0.02769	0.00986	0.01024	0.00896	0.01087	0.11122	0.02946	0.17236	0.08418	0.01619	0.02630	0.06532	0.02348	0.07871	0.08835	0.18033	0.00583	0.00525	0.00340	0.04201
3	0.08845	0.01069	0.07977	0.00990	0.02524	0.04791	0.03309	0.10279	0.03843	0.21751	0.05319	0.09878	0.03800	0.00807	0.02448	0.00175	0.05340	0.04199	0.00421	0.02234
4	0.00969	0.10906	0.53746	0.01175	0.01736	0.01095	0.02713	0.03437	0.01086	0.01539	0.07466	0.03612	0.07316	0.00588	0.00468	0.00150	0.00604	0.00473	0.00265	0.00654
5	0.00932	0.00879	0.01484	0.77114	0.07896	0.01081	0.01354	0.01253	0.00977	0.01259	0.00864	0.01286	0.00653	0.00481	0.00484	0.00160	0.00642	0.00431	0.00217	0.00552
6	0.36594	0.20154	0.05130	0.00856	0.01216	0.03405	0.00764	0.16531	0.08011	0.02038	0.00894	0.00961	0.00696	0.00487	0.00366	0.00139	0.00469	0.00326	0.00326	0.00637
7	0.01030	0.17010	0.66464	0.01282	0.01944	0.01268	0.01618	0.01520	0.01016	0.01464	0.00834	0.00979	0.00615	0.00452	0.00434	0.00145	0.00681	0.00340	0.00205	0.00699
8	0.01131	0.34464	0.47529	0.01149	0.01737	0.01429	0.01382	0.01523	0.01017	0.03415	0.00819	0.00942	0.00632	0.00446	0.00402	0.00134	0.00630	0.00322	0.00216	0.00682
9	0.01352	0.10689	0.04201	0.03231	0.14800	0.24634	0.17125	0.01759	0.11922	0.01460	0.01049	0.01298	0.00859	0.00507	0.00475	0.00144	0.00682	0.02882	0.00280	0.00651
10	0.17099	0.01771	0.27930	0.01152	0.01600	0.14433	0.04794	0.17273	0.01328	0.01932	0.05569	0.01151	0.00883	0.00519	0.00444	0.00147	0.00618	0.00390	0.00309	0.00659
11	0.00700	0.00550	0.00711	0.08072	0.01016	0.02557	0.00594	0.00870	0.03457	0.01308	0.05036	0.56555	0.02821	0.02735	0.00635	0.00197	0.00355	0.10976	0.00425	0.00430
12	0.00894	0.00736	0.00779	0.00732	0.00922	0.02843	0.00567	0.09865	0.15331	0.01706	0.11574	0.10250	0.33750	0.01040	0.00556	0.00167	0.00337	0.06955	0.00465	0.00531
13	0.00714	0.00541	0.00581	0.00566	0.00738	0.00479	0.00429	0.00920	0.05763	0.06006	0.07770	0.08506	0.61391	0.01164	0.00567	0.00165	0.00269	0.02510	0.00465	0.00457
14	0.00949	0.02324	0.73137	0.01320	0.01980	0.01067	0.01679	0.01481	0.01047	0.01556	0.05614	0.01321	0.00920	0.00520	0.00474	0.00156	0.00678	0.02853	0.00232	0.00692
15	0.00915	0.00861	0.01453	0.81804	0.03338	0.01077	0.01346	0.01238	0.00969	0.01238	0.00861	0.01292	0.00646	0.00484	0.00484	0.00161	0.00646	0.00431	0.00215	0.00538
16	0.00619	0.00495	0.00522	0.00525	0.00681	0.00419	0.00393	0.00746	0.01105	0.03190	0.06858	0.10821	0.68067	0.01231	0.00576	0.00167	0.00256	0.02453	0.00456	0.00420
17	0.00597	0.00425	0.00560	0.00666	0.00693	0.00398	0.00441	0.00677	0.00915	0.01220	0.02604	0.77997	0.03121	0.06290	0.00727	0.00213	0.00292	0.01338	0.00441	0.00388
18	0.00757	0.00574	0.00639	0.00603	0.00775	0.00533	0.00458	0.01064	0.10579	0.05318	0.26094	0.03875	0.44815	0.01060	0.00559	0.00160	0.00265	0.00898	0.00486	0.00486
19	0.00621	0.00437	0.00563	0.00651	0.00676	0.00415	0.00428	0.00692	0.00887	0.01181	0.02425	0.63163	0.02885	0.18781	0.01012	0.00256	0.00327	0.03810	0.00417	0.00374
20	0.00809	0.00572	0.00647	0.00606	0.00784	0.00523	0.00462	0.01079	0.08427	0.08883	0.23113	0.05735	0.44425	0.01064	0.00558	0.00160	0.00270	0.00901	0.00489	0.00493
21	0.00915	0.00861	0.01453	0.81804	0.03338	0.01077	0.01346	0.01238	0.00969	0.01238	0.00861	0.01292	0.00646	0.00484	0.00484	0.00161	0.00646	0.00431	0.00215	0.00538
22	0.01745	0.02205	0.01338	0.01221	0.01461	0.76313	0.00917	0.01872	0.01338	0.01182	0.00781	0.00934	0.00659	0.00683	0.05159	0.00163	0.00899	0.00324	0.00250	0.00554
23	0.00659	0.00494	0.00611	0.00582	0.00708	0.00446	0.00436	0.00863	0.01309	0.01794	0.62046	0.03866	0.22310	0.01047	0.00572	0.00155	0.00233	0.00911	0.00514	0.00446
24	0.00590	0.00424	0.00560	0.00670	0.00702	0.00394	0.00448	0.00675	0.00932	0.01239	0.02730	0.80599	0.05221	0.01511	0.00617	0.00196	0.00280	0.01368	0.00450	0.00394
25	0.01091	0.01135	0.02204	0.05343	0.02058	0.01209	0.45899	0.01392	0.01005	0.03244	0.00943	0.01313	0.00765	0.00849	0.08888	0.00237	0.21058	0.00521	0.00245	0.00599
26	0.00663	0.00494	0.00617	0.00586	0.00710	0.00448	0.00440	0.00871	0.01319	0.01817	0.64796	0.03828	0.19546	0.01038	0.00572	0.00155	0.00232	0.00906	0.00517	0.00448
27	0.00983	0.00838	0.00982	0.00716	0.01125	0.00633	0.00568	0.01192	0.01001	0.01561	0.00956	0.05271	0.00848	0.00419	0.00372	0.00078	0.00355	0.00344	0.00296	0.81462
28	0.01699	0.03365	0.01172	0.00866	0.01245	0.00879	0.00710	0.13005	0.07475	0.39154	0.03026	0.01441	0.01094	0.00543	0.00451	0.00129	0.00414	0.00435	0.00483	0.22416
29	0.01510	0.42036	0.05502	0.01036	0.01396	0.29732	0.00923	0.08823	0.01241	0.01354	0.00754	0.00863	0.00642	0.00470	0.00400	0.00119	0.02028	0.00302	0.00248	0.00622

[dist]
# distance from previous block
# <min> <max>
6	8

[block]
# block no. 7 follows, 52 sequences, length 25
# corresponding to MSA columns:
# 1437,1438,1440-1459,1461-1463
name=unknown_H
#
# <colnr> <probs for GDERKNQSTAVLIFYWHMCP>
#	G	D	E	R	K	N	Q	S	T	A	V	L	I	F	Y	W	H	M	C	P
0	0.04716	0.08571	0.01446	0.01187	0.01459	0.67660	0.00913	0.06072	0.01373	0.01319	0.00763	0.00879	0.00632	0.00496	0.00425	0.00125	0.00810	0.00313	0.00261	0.00580
1	0.01271	0.74496	0.07606	0.00872	0.01301	0.01835	0.00890	0.01504	0.04264	0.01203	0.00741	0.00837	0.00657	0.00428	0.00328	0.00109	0.00526	0.00278	0.00219	0.00634
2	0.04694	0.04240	0.01067	0.00810	0.01130	0.00754	0.00660	0.01987	0.06282	0.52666	0.08382	0.06427	0.04711	0.00692	0.00488	0.00150	0.00383	0.00572	0.00536	0.03369
3	0.01650	0.01469	0.01332	0.01106	0.01431	0.18429	0.00879	0.39901	0.24473	0.02355	0.01311	0.01289	0.00972	0.00586	0.00477	0.00147	0.00562	0.00442	0.00437	0.00751
4	0.00675	0.00551	0.02448	0.00646	0.00785	0.00470	0.02499	0.00856	0.01195	0.02749	0.37984	0.18896	0.26188	0.01128	0.00577	0.00164	0.00273	0.00990	0.00479	0.00447
5	0.01060	0.01060	0.01484	0.01272	0.01272	0.01484	0.01060	0.01166	0.00742	0.01166	0.00636	0.01060	0.00636	0.00848	0.01590	0.00212	0.82082	0.00424	0.00212	0.00530
6	0.01296	0.83261	0.02539	0.00829	0.01244	0.01917	0.00829	0.01451	0.00985	0.01140	0.00674	0.00777	0.00622	0.00415	0.00311	0.00104	0.00518	0.00259	0.00207	0.00622
7	0.01062	0.01566	0.24969	0.01825	0.09866	0.01122	0.42176	0.01480	0.01089	0.01539	0.01053	0.05817	0.00856	0.00492	0.00527	0.00159	0.00718	0.00539	0.02481	0.00663
8	0.00655	0.00486	0.00610	0.00597	0.00709	0.00441	0.00441	0.00848	0.01272	0.01748	0.57438	0.13306	0.17467	0.01095	0.00577	0.00160	0.00238	0.00962	0.00509	0.00441
9	0.00592	0.00435	0.00555	0.00645	0.00697	0.00398	0.00438	0.00687	0.00971	0.01276	0.06098	0.68166	0.14354	0.01455	0.00610	0.00190	0.00274	0.01306	0.00453	0.00398
10	0.00799	0.00440	0.00595	0.00595	0.00604	0.00443	0.00384	0.00689	0.00680	0.00935	0.01104	0.02017	0.01153	0.26171	0.04502	0.52610	0.00453	0.00511	0.05058	0.00256
11	0.04754	0.00849	0.01125	0.00865	0.01238	0.00754	0.00715	0.05281	0.01404	0.74880	0.01845	0.01604	0.01164	0.00594	0.00481	0.00150	0.00416	0.00478	0.00586	0.00815
12	0.00627	0.00439	0.00566	0.00658	0.00694	0.00416	0.00445	0.00716	0.00918	0.01234	0.02532	0.63056	0.04669	0.11841	0.00846	0.00230	0.00313	0.06046	0.03365	0.00387
13	0.01322	0.06119	0.01596	0.01289	0.01424	0.27300	0.05928	0.01456	0.00986	0.01196	0.00697	0.01000	0.00638	0.00682	0.01079	0.00175	0.45947	0.00388	0.00226	0.00553
14	0.01332	0.01299	0.09517	0.01444	0.01863	0.04281	0.33240	0.05751	0.15989	0.13649	0.05529	0.01526	0.01141	0.00533	0.00524	0.00158	0.00620	0.00533	0.00370	0.00701
15	0.01847	0.01271	0.01391	0.01075	0.01454	0.01384	0.00885	0.64140	0.06698	0.12872	0.01307	0.01264	0.00911	0.00589	0.00486	0.00147	0.00509	0.00449	0.00500	0.00821
16	0.75982	0.01008	0.00853	0.00796	0.04150	0.04223	0.02693	0.01466	0.00875	0.03382	0.00716	0.00835	0.00555	0.00452	0.00323	0.00149	0.00415	0.00283	0.00299	0.00544
17	0.00659	0.00500	0.00600	0.00653	0.00774	0.00458	0.00516	0.00815	0.01086	0.01385	0.06591	0.17686	0.36642	0.01278	0.00603	0.00186	0.00314	0.25261	0.03572	0.00422
18	0.00793	0.03899	0.00769	0.00704	0.00827	0.03367	0.00521	0.03249	0.08040	0.01577	0.27383	0.28686	0.09011	0.05733	0.00672	0.00186	0.00323	0.03331	0.00456	0.00472
19	0.01230	0.64462	0.14928	0.00920	0.01378	0.01721	0.00972	0.01498	0.03851	0.01251	0.00759	0.00862	0.00655	0.00429	0.00343	0.00113	0.00540	0.00287	0.00220	0.03582
20	0.00626	0.00496	0.00570	0.00616	0.00732	0.00451	0.00456	0.00795	0.04104	0.01328	0.03782	0.31158	0.42413	0.01316	0.00596	0.00181	0.00285	0.09223	0.00451	0.00422
21	0.00622	0.00467	0.00546	0.00581	0.00662	0.00425	0.00400	0.00723	0.00998	0.01285	0.11451	0.29053	0.29851	0.17466	0.00964	0.00235	0.00305	0.03150	0.00428	0.00388
22	0.00642	0.00473	0.00607	0.00684	0.00744	0.00454	0.00475	0.00825	0.05571	0.01377	0.11950	0.63284	0.06260	0.01388	0.00605	0.00189	0.00284	0.03302	0.00462	0.00425
23	0.00697	0.00500	0.00682	0.00682	0.00735	0.00553	0.00485	0.00803	0.00750	0.01053	0.01386	0.02394	0.01424	0.34294	0.50680	0.00659	0.00978	0.00591	0.00273	0.00379
24	0.00623	0.00497	0.00565	0.00591	0.00728	0.00439	0.00458	0.00771	0.01120	0.01396	0.12412	0.11659	0.51259	0.01247	0.00594	0.00176	0.00282	0.14307	0.00458	0.00419

[dist]
# distance from previous block
# <min> <max>
0	1

[block]
# block no. 8 follows, 52 sequences, length 58
# corresponding to MSA columns:
# 1465-1478,1506-1549
name=unknown_I
#
# <colnr> <probs for GDERKNQSTAVLIFYWHMCP>
#	G	D	E	R	K	N	Q	S	T	A	V	L	I	F	Y	W	H	M	C	P
0	0.10679	0.01261	0.01301	0.01018	0.01374	0.02659	0.00836	0.63288	0.02017	0.02839	0.01136	0.01167	0.00820	0.00565	0.00454	0.00143	0.00499	0.00417	0.06764	0.00761
1	0.01818	0.01588	0.01425	0.01145	0.01496	0.21373	0.00921	0.57349	0.03963	0.02562	0.01080	0.01107	0.00790	0.00563	0.00473	0.00141	0.00615	0.00408	0.00426	0.00757
2	0.03043	0.03271	0.23945	0.05752	0.05238	0.08206	0.05305	0.15017	0.04893	0.06148	0.04963	0.01308	0.01979	0.00525	0.00465	0.00142	0.00587	0.00426	0.00326	0.08463
3	0.01540	0.07944	0.01511	0.01345	0.11379	0.25679	0.02546	0.14599	0.05917	0.08694	0.01047	0.01181	0.00825	0.00776	0.06581	0.00190	0.06854	0.00403	0.00328	0.00662
4	0.00972	0.02507	0.80458	0.01381	0.02097	0.01125	0.01790	0.01535	0.01023	0.01535	0.00870	0.01023	0.00614	0.00460	0.00460	0.00153	0.00716	0.00358	0.00205	0.00716
5	0.01277	0.03282	0.06633	0.05942	0.12135	0.11498	0.35368	0.09136	0.02783	0.01637	0.02577	0.01245	0.00811	0.00477	0.00545	0.00153	0.03082	0.00482	0.00274	0.00665
6	0.01235	0.02504	0.04817	0.05643	0.04817	0.06449	0.52431	0.01584	0.01160	0.08205	0.02546	0.04274	0.00919	0.00488	0.00543	0.00159	0.00732	0.00559	0.00285	0.00649
7	0.00696	0.00505	0.00708	0.00707	0.00771	0.00566	0.00518	0.00823	0.00772	0.01093	0.03066	0.02284	0.01434	0.25050	0.58028	0.00682	0.01051	0.00577	0.00275	0.00396
8	0.00912	0.00827	0.01212	0.01060	0.01126	0.01045	0.05662	0.02650	0.00815	0.01196	0.01061	0.05491	0.01066	0.11151	0.24452	0.00400	0.38598	0.00539	0.00254	0.00482
9	0.00705	0.00509	0.00678	0.00769	0.00856	0.00494	0.00618	0.00868	0.01042	0.01357	0.04220	0.25408	0.09792	0.06916	0.00768	0.00226	0.00382	0.43534	0.00439	0.00419
10	0.01071	0.01116	0.01891	0.01496	0.01655	0.01365	0.25528	0.01276	0.00871	0.01287	0.00773	0.01174	0.00692	0.00825	0.04598	0.00220	0.52894	0.00475	0.00225	0.00565
11	0.05886	0.00604	0.00676	0.00623	0.00822	0.00555	0.00479	0.01168	0.05912	0.15203	0.13279	0.09406	0.41506	0.01030	0.00540	0.00162	0.00291	0.00864	0.00481	0.00515
12	0.00599	0.00431	0.00569	0.00674	0.00713	0.00402	0.00459	0.00693	0.00950	0.01260	0.04043	0.74835	0.06637	0.01489	0.00618	0.00196	0.00285	0.04299	0.00451	0.00397
13	0.00972	0.02507	0.80458	0.01381	0.02097	0.01125	0.01790	0.01535	0.01023	0.01535	0.00870	0.01023	0.00614	0.00460	0.00460	0.00153	0.00716	0.00358	0.00205	0.00716
14	0.00580	0.00489	0.00503	0.00504	0.00660	0.00412	0.00376	0.00708	0.01115	0.01345	0.09400	0.07176	0.72633	0.01222	0.00574	0.00164	0.00246	0.01026	0.00455	0.00412
15	0.00627	0.00501	0.00564	0.00575	0.00705	0.00450	0.00421	0.00817	0.04394	0.01460	0.20307	0.20356	0.44664	0.01213	0.00579	0.00168	0.00255	0.01045	0.00470	0.00431
16	0.01531	0.01079	0.01250	0.00992	0.01303	0.01170	0.04015	0.47916	0.03984	0.06680	0.03638	0.01452	0.01069	0.00874	0.08048	0.00202	0.00552	0.00471	0.13060	0.00713
17	0.00693	0.00540	0.00776	0.00782	0.00836	0.00558	0.04981	0.00795	0.00887	0.01217	0.02131	0.52894	0.02473	0.13269	0.05173	0.00264	0.07310	0.01080	0.02930	0.00410
18	0.00797	0.00541	0.00735	0.00814	0.00928	0.00523	0.00679	0.00989	0.01108	0.05219	0.05957	0.17812	0.08498	0.01310	0.00641	0.00208	0.00394	0.51936	0.00458	0.00454
19	0.00622	0.00444	0.00589	0.00666	0.00703	0.00432	0.00450	0.00716	0.00911	0.01232	0.07172	0.58501	0.02878	0.11541	0.10457	0.00297	0.00422	0.01163	0.00414	0.00390
20	0.00932	0.00880	0.01498	0.72043	0.03131	0.01083	0.05276	0.01248	0.00970	0.01268	0.00879	0.01298	0.00668	0.00498	0.00529	0.00162	0.03935	0.00438	0.02720	0.00541
21	0.08100	0.11868	0.64681	0.01255	0.01901	0.01215	0.01572	0.01516	0.01002	0.01541	0.00830	0.00975	0.00607	0.00454	0.00430	0.00147	0.00665	0.00339	0.00213	0.00689
22	0.01144	0.01307	0.02859	0.02042	0.02533	0.01225	0.78186	0.01552	0.01144	0.01552	0.00980	0.01307	0.00735	0.00408	0.00572	0.00163	0.00817	0.00572	0.00245	0.00654
23	0.01639	0.01753	0.01401	0.02485	0.10404	0.43065	0.00958	0.14785	0.08388	0.03824	0.00987	0.01078	0.00772	0.00513	0.00452	0.00132	0.00691	0.00373	0.00321	0.05978
24	0.01675	0.00814	0.01047	0.00793	0.01170	0.00671	0.00646	0.01872	0.01250	0.48378	0.04902	0.01598	0.03341	0.00552	0.00450	0.00124	0.00382	0.00451	0.00488	0.29396
25	0.03858	0.02840	0.22344	0.01097	0.01539	0.01229	0.01073	0.33944	0.11167	0.09057	0.05011	0.01357	0.01055	0.00573	0.00474	0.00150	0.00530	0.00447	0.01500	0.00754
26	0.01202	0.03573	0.13344	0.05291	0.10588	0.01136	0.13347	0.15331	0.06228	0.04934	0.01360	0.09389	0.03662	0.02263	0.00619	0.00167	0.05998	0.00566	0.00335	0.00665
27	0.00590	0.00422	0.00562	0.00675	0.00703	0.00394	0.00450	0.00675	0.00928	0.01237	0.02671	0.82653	0.03205	0.01518	0.00619	0.00197	0.00281	0.01378	0.00450	0.00394
28	0.04530	0.00842	0.01122	0.00862	0.01236	0.00743	0.00712	0.04321	0.01395	0.76071	0.01858	0.01613	0.01171	0.00595	0.00482	0.00150	0.00414	0.00480	0.00588	0.00816
29	0.02520	0.20597	0.03365	0.06387	0.11433	0.07832	0.08040	0.07003	0.10988	0.07818	0.03977	0.01373	0.02760	0.00529	0.00445	0.00139	0.00542	0.00439	0.03146	0.00666
30	0.01718	0.00887	0.01092	0.00879	0.01194	0.00870	0.00710	0.16381	0.10735	0.41922	0.14082	0.04162	0.01751	0.00691	0.00505	0.00153	0.00399	0.00571	0.00551	0.00748
31	0.23661	0.01045	0.03592	0.01044	0.04497	0.01035	0.07043	0.14783	0.06674	0.26353	0.01353	0.04686	0.00992	0.00574	0.00450	0.00153	0.00464	0.00463	0.00434	0.00705
32	0.00899	0.00640	0.03407	0.03100	0.04137	0.00567	0.00618	0.04235	0.01117	0.10845	0.12282	0.46369	0.05027	0.01164	0.00572	0.00176	0.00340	0.02166	0.00454	0.01887
33	0.01224	0.01457	0.10506	0.01902	0.07057	0.06049	0.54738	0.03101	0.01167	0.04738	0.00985	0.01251	0.00737	0.00441	0.00563	0.00159	0.02481	0.00517	0.00259	0.00669
34	0.00927	0.00875	0.01470	0.77539	0.05691	0.01088	0.01344	0.01244	0.00968	0.01247	0.00858	0.01284	0.00650	0.00491	0.00509	0.00162	0.02460	0.00431	0.00216	0.00545
35	0.03628	0.01306	0.01373	0.01079	0.01444	0.02625	0.00883	0.64166	0.12500	0.02850	0.01261	0.01247	0.00909	0.00587	0.00479	0.00147	0.00510	0.00446	0.01759	0.00800
36	0.01171	0.03445	0.04887	0.00977	0.03600	0.07532	0.05228	0.04632	0.12177	0.12394	0.21499	0.06010	0.08642	0.02569	0.00582	0.00162	0.01945	0.01510	0.00437	0.00603
37	0.01484	0.15714	0.10653	0.01004	0.02343	0.01213	0.00904	0.10311	0.23480	0.21474	0.01553	0.01482	0.03296	0.00587	0.00481	0.00147	0.02250	0.00457	0.00424	0.00741
38	0.00972	0.02507	0.80458	0.01381	0.02097	0.01125	0.01790	0.01535	0.01023	0.01535	0.00870	0.01023	0.00614	0.00460	0.00460	0.00153	0.00716	0.00358	0.00205	0.00716
39	0.01181	0.01137	0.01956	0.07754	0.73539	0.01149	0.03205	0.01474	0.01096	0.01561	0.00910	0.01207	0.00759	0.00434	0.00482	0.00145	0.00585	0.00435	0.00238	0.00751
