[name]
unknown

[dist]
# distance from previous block
# <min> <max>
0	2

[block]
# block no. 0 follows, 63 sequences, length 61
# corresponding to MSA columns:
# 52,59-86,101-132
name=unknown_A
#
# <colnr> <probs for GDERKNQSTAVLIFYWHMCP>
#	G	D	E	R	K	N	Q	S	T	A	V	L	I	F	Y	W	H	M	C	P
0	0.00546	0.00390	0.00527	0.00624	0.00664	0.00371	0.00449	0.00644	0.00838	0.01111	0.02298	0.68418	0.02706	0.01285	0.00546	0.00175	0.00273	0.17393	0.00390	0.00351
1	0.01027	0.00960	0.01283	0.01082	0.01135	0.01290	0.00901	0.13688	0.00854	0.01271	0.00624	0.00934	0.00578	0.00699	0.01228	0.00175	0.71179	0.00370	0.00221	0.00500
2	0.00579	0.00429	0.00540	0.00512	0.00618	0.00390	0.00384	0.00763	0.01153	0.01597	0.69815	0.03286	0.16589	0.00892	0.00496	0.00134	0.00201	0.00781	0.00451	0.00390
3	0.00872	0.00747	0.00872	0.00623	0.00996	0.00560	0.00498	0.01058	0.00872	0.01370	0.00747	0.00872	0.00623	0.00311	0.00311	0.00062	0.00311	0.00249	0.00249	0.87796
4	0.01035	0.00996	0.01710	0.04093	0.79833	0.00999	0.02559	0.01287	0.00956	0.01367	0.00791	0.01043	0.00663	0.00375	0.00418	0.00125	0.00504	0.00376	0.00208	0.00661
5	0.03393	0.00711	0.00946	0.00725	0.01047	0.00612	0.00596	0.01900	0.01162	0.71029	0.04042	0.01416	0.01080	0.00508	0.00411	0.00124	0.00348	0.00413	0.00488	0.09051
6	0.00872	0.00747	0.00872	0.00623	0.00996	0.00560	0.00498	0.01058	0.00872	0.01370	0.00747	0.00872	0.00623	0.00311	0.00311	0.00062	0.00311	0.00249	0.00249	0.87796
7	0.88196	0.00813	0.00618	0.00553	0.00813	0.00943	0.00455	0.01236	0.00715	0.01886	0.00585	0.00683	0.00455	0.00390	0.00260	0.00130	0.00325	0.00228	0.00260	0.00455
8	0.00610	0.00428	0.00537	0.00538	0.00599	0.00412	0.00384	0.00730	0.00933	0.01282	0.37947	0.04651	0.04416	0.31948	0.01114	0.00243	0.00304	0.12212	0.00373	0.00341
9	0.01621	0.00840	0.01027	0.00792	0.01118	0.00799	0.00651	0.21716	0.05091	0.46963	0.01390	0.01318	0.00941	0.00503	0.00411	0.00122	0.00377	0.01815	0.00453	0.12050
10	0.03138	0.01133	0.02245	0.01617	0.02024	0.01098	0.66562	0.13897	0.01140	0.01564	0.00869	0.01104	0.00646	0.00379	0.00479	0.00139	0.00661	0.00471	0.00246	0.00588
11	0.00677	0.00484	0.00677	0.00774	0.00871	0.00484	0.00677	0.00871	0.00968	0.01258	0.02226	0.04742	0.02419	0.01161	0.00581	0.00194	0.00387	0.79775	0.00387	0.00387
12	0.00536	0.00383	0.00515	0.00613	0.00647	0.00362	0.00432	0.00627	0.00828	0.01100	0.02304	0.73376	0.02728	0.01295	0.00543	0.00174	0.00265	0.12536	0.00390	0.00348
13	0.01040	0.00999	0.01706	0.02580	0.82604	0.00999	0.01290	0.01290	0.00957	0.01373	0.00791	0.01040	0.00666	0.00375	0.00416	0.00125	0.00499	0.00375	0.00208	0.00666
14	0.00983	0.43544	0.42900	0.00960	0.01452	0.01317	0.01139	0.01295	0.00871	0.01161	0.00670	0.00782	0.00536	0.00380	0.00335	0.00112	0.00536	0.00268	0.00179	0.00581
15	0.88196	0.00813	0.00618	0.00553	0.00813	0.00943	0.00455	0.01236	0.00715	0.01886	0.00585	0.00683	0.00455	0.00390	0.00260	0.00130	0.00325	0.00228	0.00260	0.00455
16	0.01767	0.00728	0.00964	0.00751	0.01061	0.00655	0.00616	0.05000	0.05356	0.71613	0.05697	0.01508	0.01188	0.00539	0.00427	0.00131	0.00352	0.00441	0.00509	0.00697
17	0.00783	0.00731	0.01226	0.80036	0.02787	0.00907	0.01135	0.01056	0.00842	0.01078	0.00824	0.03531	0.00663	0.00462	0.00427	0.00142	0.00548	0.02162	0.00197	0.00462
18	0.00799	0.00604	0.00849	0.02475	0.00922	0.00719	0.00668	0.02311	0.00802	0.05937	0.01306	0.02278	0.01286	0.04801	0.29551	0.00358	0.20924	0.20938	0.02049	0.00422
19	0.00610	0.00433	0.00544	0.00548	0.00568	0.00462	0.00358	0.00657	0.00648	0.00888	0.01352	0.10999	0.01508	0.53694	0.21417	0.00439	0.03692	0.00625	0.00259	0.00300
20	0.01504	0.01133	0.01266	0.00981	0.01300	0.01254	0.03604	0.70295	0.06410	0.02481	0.01072	0.03376	0.00799	0.00530	0.00443	0.00130	0.01912	0.00411	0.00409	0.00692
21	0.88196	0.00813	0.00618	0.00553	0.00813	0.00943	0.00455	0.01236	0.00715	0.01886	0.00585	0.00683	0.00455	0.00390	0.00260	0.00130	0.00325	0.00228	0.00260	0.00455
22	0.00512	0.00366	0.00488	0.00585	0.00610	0.00341	0.00390	0.00585	0.00805	0.01073	0.02317	0.84952	0.02780	0.01317	0.00537	0.00171	0.00244	0.01195	0.00390	0.00341
23	0.00865	0.08708	0.76708	0.01161	0.01761	0.01030	0.01488	0.01326	0.00885	0.01304	0.00741	0.00871	0.00533	0.00396	0.00389	0.00130	0.00608	0.00304	0.00178	0.00615
24	0.00843	0.02174	0.83048	0.01198	0.01819	0.00976	0.01553	0.01331	0.00888	0.01331	0.00754	0.00888	0.00533	0.00399	0.00399	0.00133	0.00621	0.00311	0.00178	0.00621
25	0.01838	0.00705	0.00960	0.00740	0.01057	0.00610	0.00610	0.02002	0.01203	0.79871	0.04664	0.01494	0.01150	0.00533	0.00425	0.00130	0.00352	0.00435	0.00518	0.00704
26	0.00641	0.00440	0.00575	0.00535	0.00643	0.00404	0.00403	0.00836	0.01186	0.04698	0.77764	0.03095	0.05477	0.00851	0.00493	0.00132	0.00205	0.00750	0.00463	0.00408
27	0.00603	0.00450	0.00631	0.00627	0.00691	0.00506	0.00469	0.00724	0.00694	0.00977	0.03821	0.02008	0.05404	0.17977	0.60231	0.00573	0.02505	0.00510	0.00246	0.00354
28	0.05532	0.00780	0.01225	0.76713	0.02726	0.02365	0.01116	0.02597	0.00861	0.01147	0.00742	0.01089	0.00557	0.00420	0.00411	0.00139	0.00549	0.00364	0.00196	0.00471
29	0.01570	0.02004	0.01191	0.01083	0.01300	0.83539	0.00812	0.01679	0.01191	0.01029	0.00650	0.00758	0.00541	0.00433	0.00379	0.00108	0.00758	0.00271	0.00217	0.00487
30	0.00497	0.00424	0.00428	0.00431	0.00569	0.00354	0.00322	0.00603	0.00954	0.01134	0.04200	0.06470	0.80046	0.01072	0.00498	0.00143	0.00214	0.00896	0.00390	0.00354
31	0.02705	0.02921	0.01156	0.01030	0.06337	0.18627	0.02123	0.16329	0.31978	0.10531	0.01238	0.01206	0.00917	0.00501	0.00410	0.00129	0.00469	0.00393	0.00366	0.00634
32	0.01850	0.00707	0.00964	0.00742	0.01061	0.00612	0.00612	0.02014	0.01203	0.80638	0.03902	0.01478	0.01122	0.00530	0.00425	0.00130	0.00353	0.00432	0.00519	0.00707
33	0.00784	0.00392	0.00392	0.00392	0.00490	0.00392	0.00294	0.00980	0.00882	0.01567	0.01371	0.01567	0.01077	0.00490	0.00294	0.00098	0.00196	0.00392	0.87560	0.00392
34	0.01040	0.00999	0.01706	0.02580	0.82604	0.00999	0.01290	0.01290	0.00957	0.01373	0.00791	0.01040	0.00666	0.00375	0.00416	0.00125	0.00499	0.00375	0.00208	0.00666
35	0.00928	0.04185	0.40255	0.01436	0.01945	0.01040	0.38284	0.01370	0.03949	0.01344	0.00829	0.01020	0.00609	0.00384	0.00441	0.00136	0.00646	0.00400	0.00203	0.00595
36	0.00609	0.00407	0.00459	0.00461	0.00461	0.00406	0.00257	0.00611	0.00615	0.00820	0.01344	0.04345	0.01553	0.83599	0.02109	0.00403	0.00404	0.00623	0.00257	0.00256
37	0.01772	0.00714	0.00957	0.00746	0.01054	0.00633	0.00614	0.04302	0.02838	0.73250	0.05884	0.01567	0.01213	0.00550	0.00429	0.00131	0.00352	0.01793	0.00510	0.00692
38	0.01067	0.10516	0.09906	0.01499	0.03139	0.06562	0.51385	0.02461	0.00987	0.04008	0.00816	0.01034	0.00622	0.00387	0.00483	0.00134	0.03785	0.00423	0.00218	0.00568
39	0.01247	0.01003	0.01064	0.00896	0.01170	0.01140	0.00714	0.31094	0.52655	0.02084	0.01455	0.01364	0.01076	0.00546	0.00425	0.00137	0.00380	0.00440	0.00425	0.00683
40	0.00596	0.00434	0.00566	0.00560	0.00657	0.00403	0.00431	0.00782	0.01125	0.01563	0.62595	0.07788	0.08156	0.00937	0.00510	0.00143	0.00228	0.11691	0.00444	0.00390
41	0.00825	0.00779	0.01318	0.73799	0.13066	0.00942	0.01183	0.01102	0.00855	0.01112	0.00753	0.01111	0.00574	0.00414	0.00420	0.00138	0.00553	0.00374	0.00190	0.00492
42	0.01312	0.01035	0.01101	0.00909	0.01195	0.01170	0.00730	0.40326	0.43318	0.02188	0.01372	0.01299	0.01009	0.00539	0.00424	0.00135	0.00395	0.00429	0.00424	0.00689
43	0.01827	0.00711	0.00962	0.00744	0.01060	0.00621	0.00612	0.02014	0.03048	0.78532	0.04151	0.01487	0.01136	0.00532	0.00425	0.00130	0.00352	0.00434	0.00516	0.00704
44	0.00601	0.00450	0.00676	0.00676	0.00751	0.00525	0.00525	0.00751	0.00676	0.00976	0.01126	0.01651	0.01051	0.03153	0.83560	0.00676	0.01126	0.00450	0.00225	0.00375
45	0.88196	0.00813	0.00618	0.00553	0.00813	0.00943	0.00455	0.01236	0.00715	0.01886	0.00585	0.00683	0.00455	0.00390	0.00260	0.00130	0.00325	0.00228	0.00260	0.00455
46	0.00872	0.00747	0.00872	0.00623	0.00996	0.00560	0.00498	0.01058	0.00872	0.01370	0.00747	0.00872	0.00623	0.00311	0.00311	0.00062	0.00311	0.00249	0.00249	0.87796
47	0.01547	0.01966	0.01179	0.01073	0.01286	0.81532	0.00805	0.01656	0.01179	0.01028	0.00661	0.00780	0.00554	0.00499	0.02390	0.00122	0.00767	0.00275	0.00217	0.00485
48	0.88196	0.00813	0.00618	0.00553	0.00813	0.00943	0.00455	0.01236	0.00715	0.01886	0.00585	0.00683	0.00455	0.00390	0.00260	0.00130	0.00325	0.00228	0.00260	0.00455
49	0.00677	0.00484	0.00677	0.00774	0.00871	0.00484	0.00677	0.00871	0.00968	0.01258	0.02226	0.04742	0.02419	0.01161	0.00581	0.00194	0.00387	0.79775	0.00387	0.00387
50	0.01570	0.02004	0.01191	0.01083	0.01300	0.83539	0.00812	0.01679	0.01191	0.01029	0.00650	0.00758	0.00541	0.00433	0.00379	0.00108	0.00758	0.00271	0.00217	0.00487
51	0.01040	0.00999	0.01706	0.02580	0.82604	0.00999	0.01290	0.01290	0.00957	0.01373	0.00791	0.01040	0.00666	0.00375	0.00416	0.00125	0.00499	0.00375	0.00208	0.00666
52	0.00647	0.00472	0.00636	0.00719	0.00820	0.00461	0.00618	0.00824	0.00961	0.01235	0.02518	0.07046	0.13844	0.01152	0.00567	0.00186	0.00358	0.66167	0.00388	0.00381
53	0.00547	0.00428	0.00495	0.00478	0.00598	0.00376	0.00359	0.00700	0.01076	0.01414	0.43858	0.03587	0.42660	0.00961	0.00496	0.00137	0.00206	0.00823	0.00427	0.00376
54	0.00497	0.00426	0.00426	0.00426	0.00568	0.00355	0.00319	0.00603	0.00958	0.01136	0.04259	0.04046	0.82433	0.01065	0.00497	0.00142	0.00213	0.00887	0.00390	0.00355
55	0.01570	0.02004	0.01191	0.01083	0.01300	0.83539	0.00812	0.01679	0.01191	0.01029	0.00650	0.00758	0.00541	0.00433	0.00379	0.00108	0.00758	0.00271	0.00217	0.00487
56	0.00912	0.00939	0.03094	0.01098	0.01113	0.01267	0.00927	0.01014	0.00650	0.01018	0.00567	0.00932	0.00560	0.00772	0.02840	0.00192	0.81090	0.00368	0.00185	0.00462
57	0.00655	0.00530	0.00586	0.00582	0.00714	0.00453	0.02188	0.00721	0.01004	0.01246	0.03797	0.18921	0.61952	0.03767	0.00610	0.00179	0.00285	0.00959	0.00424	0.00425
58	0.01032	0.18717	0.65483	0.01184	0.01754	0.01183	0.01426	0.01406	0.00966	0.01387	0.00854	0.01028	0.00661	0.00479	0.00431	0.00149	0.00628	0.00338	0.00224	0.00671
59	0.01170	0.01087	0.01782	0.02633	0.81046	0.01069	0.01333	0.01380	0.01041	0.01496	0.00923	0.01220	0.00790	0.00463	0.00473	0.00149	0.00542	0.00418	0.00254	0.00731
60	0.00866	0.00807	0.01449	0.01190	0.01399	0.00753	0.34496	0.01026	0.00973	0.01320	0.01801	0.43061	0.03673	0.00959	0.00593	0.00182	0.02417	0.02171	0.00353	0.00512

[dist]
# distance from previous block
# <min> <max>
0	2

[block]
# block no. 1 follows, 63 sequences, length 55
# corresponding to MSA columns:
# 135-189
name=unknown_B
#
# <colnr> <probs for GDERKNQSTAVLIFYWHMCP>
#	G	D	E	R	K	N	Q	S	T	A	V	L	I	F	Y	W	H	M	C	P
0	0.01127	0.00960	0.01008	0.00911	0.01153	0.01089	0.00700	0.02279	0.80861	0.01831	0.01783	0.01675	0.01354	0.00624	0.00463	0.00158	0.00362	0.00501	0.00454	0.00707
1	0.01661	0.01568	0.01286	0.01068	0.01360	0.34849	0.00838	0.47835	0.01696	0.02050	0.00943	0.01021	0.00722	0.00530	0.00439	0.00134	0.00611	0.00362	0.00364	0.00663
2	0.01205	0.84452	0.02244	0.00776	0.01139	0.01699	0.00754	0.01316	0.00908	0.01071	0.00670	0.00792	0.00620	0.00416	0.00307	0.00106	0.00477	0.00254	0.00209	0.00582
3	0.01886	0.00715	0.00976	0.00748	0.01073	0.00618	0.00618	0.02049	0.01203	0.82895	0.01658	0.01431	0.01041	0.00520	0.00423	0.00130	0.00358	0.00423	0.00520	0.00715
4	0.32676	0.00744	0.00839	0.00674	0.00971	0.00729	0.00555	0.01731	0.01029	0.52219	0.03016	0.01201	0.00895	0.00481	0.00366	0.00130	0.00343	0.00360	0.00426	0.00616
5	0.01046	0.00903	0.00951	0.00855	0.01093	0.01046	0.00665	0.02234	0.81845	0.01759	0.01711	0.01568	0.01283	0.00570	0.00428	0.00143	0.00333	0.00475	0.00428	0.00665
6	0.00500	0.00426	0.00430	0.00429	0.00570	0.00356	0.00322	0.00609	0.00965	0.01151	0.06493	0.04020	0.80189	0.01059	0.00497	0.00142	0.00213	0.00884	0.00392	0.00356
7	0.00556	0.00440	0.00508	0.00526	0.00650	0.00392	0.00417	0.00699	0.01000	0.01259	0.17246	0.04053	0.50082	0.01052	0.00516	0.00152	0.00251	0.19427	0.00402	0.00370
8	0.01011	0.01049	0.01390	0.46004	0.21876	0.15607	0.03308	0.02632	0.00955	0.01173	0.00748	0.01035	0.00587	0.00411	0.00414	0.00131	0.00583	0.00359	0.00202	0.00526
9	0.00843	0.02174	0.83048	0.01198	0.01819	0.00976	0.01553	0.01331	0.00888	0.01331	0.00754	0.00888	0.00533	0.00399	0.00399	0.00133	0.00621	0.00311	0.00178	0.00621
10	0.00512	0.00366	0.00488	0.00585	0.00610	0.00341	0.00390	0.00585	0.00805	0.01073	0.02317	0.84952	0.02780	0.01317	0.00537	0.00171	0.00244	0.01195	0.00390	0.00341
11	0.00992	0.46211	0.40311	0.00945	0.01428	0.01339	0.01112	0.01293	0.00870	0.01150	0.00665	0.00775	0.00536	0.00378	0.00331	0.00110	0.00530	0.00265	0.00179	0.00578
12	0.00575	0.00429	0.00535	0.00508	0.00616	0.00388	0.00381	0.00755	0.01144	0.01576	0.66763	0.03321	0.19655	0.00900	0.00496	0.00134	0.00201	0.00786	0.00448	0.00388
13	0.00843	0.02174	0.83048	0.01198	0.01819	0.00976	0.01553	0.01331	0.00888	0.01331	0.00754	0.00888	0.00533	0.00399	0.00399	0.00133	0.00621	0.00311	0.00178	0.00621
14	0.00920	0.00920	0.01288	0.01104	0.01104	0.01288	0.00920	0.01012	0.00644	0.01012	0.00552	0.00920	0.00552	0.00736	0.01380	0.00184	0.84457	0.00368	0.00184	0.00460
15	0.00872	0.00747	0.00872	0.00623	0.00996	0.00560	0.00498	0.01058	0.00872	0.01370	0.00747	0.00872	0.00623	0.00311	0.00311	0.00062	0.00311	0.00249	0.00249	0.87796
16	0.01886	0.00715	0.00976	0.00748	0.01073	0.00618	0.00618	0.02049	0.01203	0.82895	0.01658	0.01431	0.01041	0.00520	0.00423	0.00130	0.00358	0.00423	0.00520	0.00715
17	0.01886	0.00715	0.00976	0.00748	0.01073	0.00618	0.00618	0.02049	0.01203	0.82895	0.01658	0.01431	0.01041	0.00520	0.00423	0.00130	0.00358	0.00423	0.00520	0.00715
18	0.01037	0.01006	0.01668	0.07465	0.76016	0.02809	0.01272	0.01286	0.00955	0.01348	0.00785	0.01039	0.00657	0.00379	0.00416	0.00125	0.00509	0.00372	0.00207	0.00650
19	0.00514	0.00375	0.00484	0.00566	0.00606	0.00345	0.00383	0.00595	0.00835	0.01102	0.05418	0.73256	0.11429	0.01273	0.00531	0.00166	0.00239	0.01146	0.00393	0.00345
20	0.00613	0.00445	0.00598	0.00684	0.00766	0.00431	0.00560	0.00764	0.00923	0.01194	0.02476	0.26413	0.11398	0.01193	0.00559	0.00182	0.00329	0.49713	0.00388	0.00371
21	0.00563	0.00428	0.00517	0.00495	0.00608	0.00383	0.00371	0.00731	0.01114	0.01505	0.56695	0.03438	0.29767	0.00927	0.00496	0.00135	0.00203	0.00802	0.00439	0.00383
22	0.00565	0.00438	0.01972	0.00648	0.00707	0.00398	0.01697	0.00675	0.00843	0.01116	0.02261	0.59412	0.04519	0.04108	0.00597	0.00182	0.00294	0.18831	0.00379	0.00357
23	0.09032	0.00740	0.00956	0.00740	0.01060	0.00670	0.00611	0.04840	0.01191	0.73280	0.01546	0.01354	0.00980	0.00509	0.00409	0.00130	0.00359	0.00405	0.00495	0.00694
24	0.01612	0.01155	0.01248	0.00956	0.01292	0.01270	0.00790	0.77314	0.01939	0.06592	0.01041	0.01030	0.00731	0.00505	0.00421	0.00126	0.00457	0.00381	0.00425	0.00715
25	0.00977	0.01386	0.22166	0.01730	0.16646	0.03997	0.42691	0.01332	0.00967	0.01333	0.00866	0.01091	0.01980	0.00384	0.00453	0.00135	0.00643	0.00427	0.00206	0.00592
26	0.00686	0.00501	0.00726	0.00801	0.00906	0.00499	0.02826	0.00884	0.00968	0.01260	0.02189	0.04645	0.02372	0.01140	0.00578	0.00192	0.00396	0.77656	0.00382	0.00392
27	0.00984	0.01118	0.02436	0.01747	0.02164	0.01049	0.79074	0.01335	0.00992	0.01344	0.00885	0.01224	0.00682	0.00374	0.00498	0.00143	0.00701	0.02472	0.00217	0.00562
28	0.00948	0.33234	0.52905	0.01020	0.01543	0.01232	0.01242	0.01304	0.00875	0.01204	0.00691	0.00808	0.00535	0.00385	0.00351	0.00117	0.00557	0.00279	0.00178	0.00591
29	0.01556	0.01022	0.10198	0.01018	0.02627	0.00853	0.12824	0.14802	0.03415	0.45230	0.01321	0.01256	0.00872	0.00479	0.00431	0.00132	0.00458	0.00415	0.00413	0.00681
30	0.00843	0.02174	0.83048	0.01198	0.01819	0.00976	0.01553	0.01331	0.00888	0.01331	0.00754	0.00888	0.00533	0.00399	0.00399	0.00133	0.00621	0.00311	0.00178	0.00621
31	0.00651	0.00444	0.00569	0.00530	0.00645	0.00404	0.00400	0.00838	0.01167	0.05761	0.70307	0.03146	0.11821	0.00863	0.00492	0.00133	0.00208	0.00756	0.00458	0.00409
32	0.88196	0.00813	0.00618	0.00553	0.00813	0.00943	0.00455	0.01236	0.00715	0.01886	0.00585	0.00683	0.00455	0.00390	0.00260	0.00130	0.00325	0.00228	0.00260	0.00455
33	0.01124	0.85479	0.02203	0.00719	0.01079	0.01663	0.00719	0.01259	0.00854	0.00989	0.00584	0.00674	0.00539	0.00360	0.00270	0.00090	0.00450	0.00225	0.00180	0.00539
34	0.86008	0.00810	0.00627	0.00558	0.00820	0.00935	0.00459	0.01256	0.00728	0.03939	0.00613	0.00702	0.00470	0.00394	0.00264	0.00130	0.00326	0.00233	0.00267	0.00462
35	0.01059	0.00910	0.00958	0.00858	0.01098	0.01052	0.00669	0.04145	0.79911	0.01780	0.01694	0.01555	0.01269	0.00569	0.00428	0.00142	0.00336	0.00473	0.00428	0.00667
36	0.01578	0.01972	0.01186	0.01075	0.01294	0.81525	0.00808	0.01688	0.01192	0.03017	0.00674	0.00774	0.00554	0.00435	0.00380	0.00109	0.00748	0.00274	0.00224	0.00493
37	0.00611	0.00408	0.00458	0.00458	0.00458	0.00408	0.00255	0.00611	0.00611	0.00815	0.01325	0.02751	0.01528	0.85226	0.02140	0.00408	0.00408	0.00611	0.00255	0.00255
38	0.00595	0.00430	0.00562	0.00529	0.00628	0.00397	0.00397	0.00793	0.01190	0.01686	0.82382	0.03140	0.03966	0.00859	0.00496	0.00132	0.00198	0.00760	0.00463	0.00397
39	0.00522	0.00422	0.00464	0.00464	0.00586	0.00364	0.00344	0.00649	0.01003	0.01266	0.23366	0.10321	0.56687	0.01034	0.00500	0.00142	0.00212	0.00881	0.00408	0.00364
40	0.00524	0.00429	0.00463	0.00460	0.00591	0.00368	0.00348	0.00653	0.01008	0.01257	0.20844	0.03876	0.62972	0.01024	0.00499	0.00142	0.00216	0.03556	0.00406	0.00365
41	0.00568	0.00391	0.00470	0.00510	0.00523	0.00379	0.00311	0.00601	0.00698	0.00927	0.01790	0.36408	0.03691	0.49180	0.01450	0.00305	0.00337	0.00856	0.00313	0.00292
42	0.06177	0.00760	0.00929	0.00729	0.01022	0.00729	0.00598	0.16289	0.01275	0.52933	0.01445	0.01334	0.00956	0.00506	0.00396	0.00125	0.00353	0.00400	0.12385	0.00658
43	0.88196	0.00813	0.00618	0.00553	0.00813	0.00943	0.00455	0.01236	0.00715	0.01886	0.00585	0.00683	0.00455	0.00390	0.00260	0.00130	0.00325	0.00228	0.00260	0.00455
44	0.03510	0.00854	0.05802	0.00796	0.01133	0.00730	0.00688	0.08805	0.06082	0.64694	0.01531	0.01356	0.00985	0.00512	0.00418	0.00131	0.00380	0.00412	0.00481	0.00702
45	0.00512	0.00366	0.00488	0.00585	0.00610	0.00341	0.00390	0.00585	0.00805	0.01073	0.02317	0.84952	0.02780	0.01317	0.00537	0.00171	0.00244	0.01195	0.00390	0.00341
46	0.00512	0.00366	0.00488	0.00585	0.00610	0.00341	0.00390	0.00585	0.00805	0.01073	0.02317	0.84952	0.02780	0.01317	0.00537	0.00171	0.00244	0.01195	0.00390	0.00341
47	0.00869	0.07604	0.70412	0.01158	0.01707	0.01050	0.01441	0.01298	0.00864	0.01280	0.00725	0.00876	0.00535	0.00427	0.00478	0.00135	0.08053	0.00310	0.00178	0.00601
48	0.07493	0.00986	0.07339	0.00886	0.04076	0.09113	0.02429	0.06531	0.01138	0.42692	0.04140	0.01281	0.00962	0.00537	0.01600	0.00135	0.02596	0.00392	0.05051	0.00622
49	0.03332	0.00742	0.00982	0.00757	0.01080	0.00664	0.00624	0.05708	0.02891	0.76118	0.01611	0.01401	0.01020	0.00518	0.00420	0.00130	0.00361	0.00418	0.00509	0.00710
50	0.00826	0.03525	0.72633	0.01157	0.01720	0.00940	0.03719	0.01270	0.00883	0.01305	0.00880	0.07643	0.00716	0.00471	0.00411	0.00136	0.00590	0.00385	0.00196	0.00596
51	0.04236	0.15069	0.57508	0.01059	0.01589	0.01058	0.02591	0.01288	0.00871	0.01295	0.00718	0.00850	0.00540	0.00392	0.00389	0.00122	0.02345	0.00293	0.00187	0.07600
52	0.00516	0.00368	0.00492	0.00589	0.00615	0.00344	0.00396	0.00591	0.00808	0.01077	0.02315	0.83277	0.02773	0.01314	0.00537	0.00171	0.00247	0.02836	0.00390	0.00342
53	0.00511	0.00370	0.00483	0.00573	0.00607	0.00342	0.00385	0.00587	0.00816	0.01078	0.02463	0.78882	0.08757	0.01298	0.00534	0.00169	0.00242	0.01172	0.00390	0.00342
54	0.00826	0.00779	0.01302	0.72776	0.10927	0.00950	0.01167	0.01113	0.02129	0.01114	0.00763	0.01115	0.00582	0.00425	0.00441	0.00140	0.02394	0.00375	0.00193	0.00490

[dist]
# distance from previous block
# <min> <max>
0	1

[block]
# block no. 2 follows, 63 sequences, length 36
# corresponding to MSA columns:
# 191-226
name=unknown_C
#
# <colnr> <probs for GDERKNQSTAVLIFYWHMCP>
#	G	D	E	R	K	N	Q	S	T	A	V	L	I	F	Y	W	H	M	C	P
0	0.00564	0.00404	0.00551	0.00644	0.00692	0.00391	0.00480	0.00676	0.00846	0.01122	0.02235	0.57830	0.02595	0.01358	0.04427	0.00201	0.00327	0.23919	0.00382	0.00356
1	0.84150	0.00869	0.00645	0.00578	0.00836	0.04800	0.00472	0.01256	0.00738	0.01846	0.00588	0.00686	0.00459	0.00392	0.00266	0.00129	0.00345	0.00230	0.00258	0.00457
2	0.00557	0.00424	0.00518	0.00541	0.00640	0.00384	0.00411	0.00699	0.01001	0.01313	0.27990	0.20009	0.30167	0.01065	0.00517	0.00152	0.00240	0.12589	0.00412	0.00370
3	0.01071	0.00959	0.00979	0.00906	0.02944	0.05078	0.00687	0.02185	0.76074	0.01714	0.01638	0.01517	0.01233	0.00559	0.00425	0.00141	0.00357	0.00463	0.00412	0.00657
4	0.00982	0.00827	0.00911	0.00744	0.01035	0.00821	0.00587	0.07494	0.37293	0.01649	0.05265	0.01373	0.02828	0.00485	0.00385	0.00108	0.00324	0.00399	0.00355	0.36135
5	0.05160	0.00965	0.01051	0.00848	0.01131	0.01052	0.00685	0.42319	0.19241	0.12026	0.06565	0.01356	0.01105	0.02340	0.00454	0.00136	0.00392	0.00429	0.02089	0.00656
6	0.00925	0.15755	0.62903	0.01138	0.01696	0.01106	0.05102	0.04366	0.00928	0.01326	0.00741	0.00869	0.00546	0.00395	0.00383	0.00126	0.00591	0.00308	0.00189	0.00609
7	0.00512	0.00426	0.00447	0.00442	0.00577	0.00361	0.00331	0.00633	0.00994	0.01221	0.16390	0.03905	0.70249	0.01033	0.00497	0.00140	0.00211	0.00867	0.00402	0.00361
8	0.01043	0.00567	0.00693	0.00596	0.00790	0.00524	0.00469	0.04631	0.05049	0.26175	0.27157	0.02537	0.19935	0.00745	0.00452	0.00131	0.00267	0.00628	0.07100	0.00510
9	0.00962	0.19623	0.54552	0.01088	0.01614	0.01140	0.04617	0.07661	0.00973	0.01361	0.00808	0.00921	0.02074	0.00410	0.00380	0.00124	0.00568	0.00316	0.00203	0.00604
10	0.88196	0.00813	0.00618	0.00553	0.00813	0.00943	0.00455	0.01236	0.00715	0.01886	0.00585	0.00683	0.00455	0.00390	0.00260	0.00130	0.00325	0.00228	0.00260	0.00455
11	0.00602	0.00446	0.00654	0.00654	0.00722	0.00514	0.00498	0.00737	0.00669	0.00960	0.01146	0.01761	0.01099	0.11335	0.75444	0.00649	0.01054	0.00466	0.00228	0.00363
12	0.00858	0.05323	0.77763	0.01196	0.01802	0.01005	0.03695	0.01329	0.00889	0.01319	0.00751	0.00886	0.00536	0.00397	0.00397	0.00132	0.00617	0.00312	0.00179	0.00617
13	0.02348	0.00753	0.01097	0.08113	0.22277	0.02653	0.04744	0.06065	0.04786	0.06507	0.08019	0.23449	0.03000	0.00733	0.00464	0.00143	0.00398	0.03600	0.00329	0.00520
14	0.10276	0.00737	0.00934	0.00730	0.01036	0.00680	0.00600	0.06869	0.01203	0.65076	0.06295	0.01432	0.01136	0.00527	0.00411	0.00130	0.00352	0.00421	0.00485	0.00671
15	0.00524	0.00374	0.00501	0.00596	0.00626	0.00351	0.00408	0.00607	0.00822	0.01096	0.03887	0.78537	0.02782	0.01299	0.00538	0.00171	0.00252	0.05894	0.00391	0.00345
16	0.01025	0.18101	0.48266	0.01053	0.01540	0.08661	0.02863	0.05892	0.00984	0.03466	0.00885	0.00980	0.03655	0.00428	0.00380	0.00123	0.00571	0.00323	0.00213	0.00590
17	0.01032	0.00999	0.01733	0.04589	0.76701	0.01000	0.05160	0.01287	0.00956	0.01365	0.00793	0.01047	0.00662	0.00375	0.00420	0.00126	0.00511	0.00380	0.00208	0.00656
18	0.01489	0.00673	0.00845	0.00685	0.00945	0.00632	0.00553	0.04244	0.10497	0.50745	0.05225	0.01602	0.03310	0.00549	0.00405	0.00126	0.00318	0.00449	0.16078	0.00628
19	0.00525	0.00384	0.00522	0.00595	0.00635	0.00357	0.01661	0.00612	0.00839	0.01121	0.07733	0.75397	0.05525	0.01263	0.00532	0.00167	0.00247	0.01144	0.00392	0.00349
20	0.00881	0.09120	0.68504	0.01213	0.01793	0.01043	0.09089	0.01327	0.00895	0.01304	0.00749	0.00893	0.00543	0.00392	0.00398	0.00130	0.00615	0.00321	0.00181	0.00609
21	0.00542	0.00559	0.07004	0.00516	0.00675	0.00410	0.00432	0.00685	0.00959	0.01209	0.14119	0.10716	0.56008	0.03621	0.00543	0.00151	0.00252	0.00843	0.00379	0.00377
22	0.00512	0.00366	0.00488	0.00585	0.00610	0.00341	0.00390	0.00585	0.00805	0.01073	0.02317	0.84952	0.02780	0.01317	0.00537	0.00171	0.00244	0.01195	0.00390	0.00341
23	0.01948	0.06909	0.04283	0.00844	0.04392	0.00769	0.07009	0.05971	0.02138	0.01428	0.00774	0.00902	0.00630	0.00340	0.00338	0.00082	0.00382	0.00285	0.00250	0.60326
24	0.04037	0.02030	0.02651	0.01153	0.13127	0.04394	0.02204	0.23387	0.34826	0.05833	0.01260	0.01242	0.00938	0.00501	0.00415	0.00132	0.00423	0.00410	0.00373	0.00664
25	0.00520	0.00373	0.00493	0.00586	0.00616	0.00348	0.00397	0.00597	0.00813	0.01078	0.02358	0.78033	0.05220	0.02678	0.00563	0.00175	0.00251	0.04173	0.00388	0.00342
26	0.00700	0.00538	0.00634	0.00582	0.00721	0.00532	0.00444	0.05795	0.12076	0.01662	0.53554	0.02951	0.16517	0.00833	0.00482	0.00135	0.00235	0.00720	0.00443	0.00445
27	0.00793	0.00434	0.00477	0.00453	0.00573	0.00416	0.00344	0.02226	0.00987	0.06375	0.17609	0.02129	0.10485	0.00627	0.00365	0.00112	0.00212	0.00520	0.54449	0.00413
28	0.04171	0.04998	0.02762	0.02096	0.01006	0.01921	0.02380	0.01027	0.01494	0.06890	0.00946	0.05047	0.00872	0.01558	0.30613	0.00345	0.30754	0.00428	0.00238	0.00454
29	0.00914	0.04285	0.62890	0.01269	0.08233	0.04124	0.02407	0.01419	0.08027	0.01351	0.00834	0.00952	0.00611	0.00412	0.00400	0.00131	0.00588	0.00329	0.00204	0.00621
30	0.00566	0.00439	0.00497	0.00477	0.00610	0.00379	0.00358	0.00708	0.01041	0.02747	0.32403	0.05433	0.48791	0.00968	0.00492	0.00137	0.00213	0.00825	0.00415	0.02502
31	0.01089	0.05099	0.09368	0.03102	0.52698	0.02216	0.01161	0.05308	0.09993	0.04527	0.00921	0.01077	0.00729	0.00411	0.00409	0.00126	0.00488	0.00373	0.00250	0.00655
32	0.01137	0.83107	0.02176	0.00726	0.01085	0.01653	0.00722	0.03508	0.00886	0.01036	0.00596	0.00684	0.00544	0.00364	0.00274	0.00091	0.00450	0.00229	0.00187	0.00544
33	0.00737	0.03722	0.00675	0.00586	0.00701	0.02616	0.00451	0.00901	0.01857	0.02825	0.16366	0.01942	0.04621	0.07249	0.24878	0.01588	0.03351	0.00495	0.19642	0.04797
34	0.00866	0.00884	0.04522	0.56145	0.21604	0.00963	0.05489	0.01148	0.00875	0.01168	0.00760	0.01091	0.00588	0.00410	0.00437	0.00137	0.01816	0.00378	0.00193	0.00525
35	0.01377	0.30454	0.05523	0.00976	0.02367	0.44374	0.00822	0.07366	0.01116	0.01154	0.00661	0.00758	0.00555	0.00411	0.00346	0.00105	0.00621	0.00266	0.00217	0.00531

[dist]
# distance from previous block
# <min> <max>
1	6

[block]
# block no. 3 follows, 63 sequences, length 34
# corresponding to MSA columns:
# 233-266
name=unknown_D
#
# <colnr> <probs for GDERKNQSTAVLIFYWHMCP>
#	G	D	E	R	K	N	Q	S	T	A	V	L	I	F	Y	W	H	M	C	P
0	0.00595	0.00446	0.00555	0.00529	0.00640	0.00413	0.00400	0.00809	0.03728	0.01582	0.64185	0.03290	0.17203	0.00894	0.00496	0.00136	0.00211	0.03045	0.00447	0.00398
1	0.02210	0.00915	0.05758	0.07744	0.35352	0.00873	0.05986	0.01338	0.13270	0.04033	0.09055	0.04419	0.04540	0.00536	0.00439	0.00135	0.00439	0.02081	0.00291	0.00585
2	0.01113	0.05345	0.10573	0.06963	0.36470	0.05381	0.05444	0.01362	0.00988	0.12735	0.04449	0.03229	0.00898	0.00462	0.00432	0.00129	0.01639	0.01518	0.00264	0.00608
3	0.46873	0.00723	0.00705	0.00601	0.00847	0.00767	0.00488	0.04001	0.00951	0.21649	0.12047	0.01266	0.01124	0.00496	0.00339	0.00128	0.00312	0.00363	0.05803	0.00515
4	0.00522	0.00421	0.00466	0.00484	0.00601	0.00366	0.00362	0.00639	0.00960	0.01192	0.12061	0.16129	0.56876	0.01087	0.00508	0.00149	0.00228	0.06192	0.00398	0.00359
5	0.00919	0.00878	0.01430	0.28050	0.47734	0.02357	0.01147	0.01162	0.00927	0.01258	0.02565	0.02503	0.06342	0.00460	0.00426	0.00131	0.00494	0.00427	0.00221	0.00569
6	0.01246	0.00886	0.00986	0.00820	0.01105	0.00940	0.00653	0.12566	0.46153	0.16285	0.01481	0.01378	0.01077	0.00518	0.00411	0.00128	0.00352	0.00423	0.00420	0.12174
7	0.01677	0.00929	0.01090	0.00847	0.01166	0.00950	0.00696	0.37252	0.07376	0.39815	0.01368	0.01256	0.00914	0.00516	0.00420	0.00129	0.00400	0.00406	0.02090	0.00706
8	0.00514	0.00425	0.00451	0.00448	0.00579	0.00362	0.00334	0.00635	0.00993	0.01227	0.17410	0.06050	0.67048	0.01037	0.00498	0.00141	0.00211	0.00874	0.00403	0.00362
9	0.00729	0.00617	0.02616	0.00934	0.01092	0.00582	0.12918	0.00953	0.00970	0.01273	0.01987	0.04115	0.02110	0.01023	0.00564	0.00184	0.00441	0.66116	0.00356	0.00419
10	0.01598	0.01177	0.01262	0.00967	0.01304	0.01304	0.00799	0.81202	0.01976	0.02649	0.01009	0.01009	0.00715	0.00505	0.00421	0.00126	0.00463	0.00378	0.00421	0.00715
11	0.01040	0.00999	0.01706	0.02580	0.82604	0.00999	0.01290	0.01290	0.00957	0.01373	0.00791	0.01040	0.00666	0.00375	0.00416	0.00125	0.00499	0.00375	0.00208	0.00666
12	0.00992	0.01134	0.02481	0.01772	0.02197	0.01063	0.81077	0.01347	0.00992	0.01347	0.00850	0.01134	0.00638	0.00354	0.00496	0.00142	0.00709	0.00496	0.00213	0.00567
13	0.00616	0.00472	0.00653	0.00657	0.00724	0.02154	0.00496	0.00745	0.00687	0.00967	0.01208	0.06778	0.01192	0.11055	0.68882	0.00607	0.00995	0.00508	0.00238	0.00364
14	0.85696	0.00811	0.00636	0.02946	0.00873	0.00943	0.00476	0.01231	0.00719	0.01863	0.00590	0.00695	0.00458	0.00391	0.00265	0.00130	0.00332	0.00232	0.00258	0.00456
15	0.01288	0.01550	0.01440	0.01246	0.04560	0.48588	0.18045	0.01470	0.02165	0.01112	0.00754	0.00972	0.00633	0.02081	0.06700	0.00169	0.06160	0.00351	0.00217	0.00500
16	0.00843	0.02174	0.83048	0.01198	0.01819	0.00976	0.01553	0.01331	0.00888	0.01331	0.00754	0.00888	0.00533	0.00399	0.00399	0.00133	0.00621	0.00311	0.00178	0.00621
17	0.01064	0.64619	0.16814	0.00878	0.01290	0.01498	0.06419	0.01278	0.00870	0.01075	0.00633	0.00745	0.00545	0.00366	0.00309	0.00101	0.00498	0.00259	0.00182	0.00556
18	0.00616	0.00431	0.00491	0.00490	0.00527	0.00416	0.00301	0.01825	0.00701	0.00930	0.01688	0.12009	0.08873	0.62124	0.01687	0.00336	0.00369	0.02213	0.00287	0.03687
19	0.00508	0.00383	0.00470	0.00539	0.00597	0.00345	0.00370	0.00591	0.00850	0.01091	0.02885	0.61302	0.26064	0.01243	0.00525	0.00162	0.00235	0.01105	0.00390	0.00345
20	0.04438	0.00890	0.00984	0.00815	0.01093	0.04226	0.00653	0.12512	0.31379	0.32579	0.04803	0.01443	0.01167	0.00543	0.00420	0.00133	0.00371	0.00437	0.00449	0.00666
21	0.04288	0.27297	0.13627	0.03162	0.11600	0.07771	0.03530	0.21203	0.01177	0.01549	0.00759	0.00868	0.00599	0.00412	0.00364	0.00115	0.00515	0.00311	0.00250	0.00603
22	0.00514	0.00370	0.00484	0.00574	0.00603	0.00344	0.00383	0.00587	0.00806	0.01069	0.02378	0.78854	0.06420	0.03718	0.00581	0.00176	0.00247	0.01164	0.00386	0.00340
23	0.00558	0.00428	0.00511	0.00490	0.00605	0.00381	0.00367	0.00722	0.01102	0.01478	0.52890	0.03482	0.33588	0.00937	0.00496	0.00136	0.00204	0.00808	0.00435	0.00381
24	0.03158	0.00827	0.00959	0.00792	0.01060	0.00867	0.00637	0.17709	0.25704	0.30205	0.01495	0.03204	0.01078	0.00674	0.04469	0.00159	0.00396	0.00442	0.05514	0.00651
25	0.02698	0.01040	0.05099	0.06490	0.66703	0.01002	0.07057	0.01280	0.00942	0.01360	0.00784	0.01036	0.00647	0.00382	0.00432	0.00128	0.01695	0.00378	0.00207	0.00640
26	0.01886	0.00715	0.00976	0.00748	0.01073	0.00618	0.00618	0.02049	0.01203	0.82895	0.01658	0.01431	0.01041	0.00520	0.00423	0.00130	0.00358	0.00423	0.00520	0.00715
27	0.00806	0.00414	0.00416	0.00408	0.00512	0.00417	0.00308	0.03201	0.00912	0.01597	0.01361	0.01552	0.01067	0.00490	0.00297	0.00099	0.00203	0.00391	0.85147	0.00401
28	0.00657	0.00511	0.00632	0.00636	0.04660	0.00484	0.00450	0.04694	0.04291	0.01579	0.51346	0.03106	0.23641	0.00860	0.00486	0.00134	0.00235	0.00745	0.00428	0.00425
29	0.01654	0.01088	0.01206	0.00925	0.01259	0.01171	0.00764	0.65863	0.01827	0.18200	0.01135	0.01091	0.00778	0.00508	0.00421	0.00127	0.00442	0.00387	0.00440	0.00715
30	0.00542	0.00477	0.00466	0.00459	0.00598	0.03024	0.00344	0.00660	0.00992	0.01195	0.13090	0.03837	0.70823	0.01021	0.00493	0.00140	0.00229	0.00853	0.00393	0.00364
31	0.00545	0.00385	0.00514	0.00597	0.00636	0.00362	0.00420	0.00627	0.00836	0.01111	0.06427	0.64824	0.05364	0.01274	0.00592	0.04442	0.00263	0.10056	0.00383	0.00342
32	0.00880	0.00755	0.00876	0.00634	0.01001	0.00584	0.00506	0.01116	0.04820	0.01389	0.00794	0.00906	0.00655	0.00324	0.00317	0.00066	0.00312	0.00260	0.00258	0.83548
33	0.05203	0.10127	0.62671	0.01135	0.03950	0.02429	0.01347	0.02916	0.00916	0.04496	0.00769	0.00882	0.00557	0.00402	0.00381	0.00128	0.00576	0.00305	0.00201	0.00610

[dist]
# distance from previous block
# <min> <max>
1	6

[block]
# block no. 4 follows, 63 sequences, length 60
# corresponding to MSA columns:
# 273-332
name=unknown_E
#
# <colnr> <probs for GDERKNQSTAVLIFYWHMCP>
#	G	D	E	R	K	N	Q	S	T	A	V	L	I	F	Y	W	H	M	C	P
0	0.10073	0.02740	0.00948	0.00818	0.01062	0.02875	0.00643	0.03979	0.63390	0.04380	0.03506	0.01460	0.01209	0.00548	0.00407	0.00138	0.00345	0.00443	0.00404	0.00633
1	0.01094	0.00927	0.00978	0.00865	0.01112	0.01068	0.00677	0.09212	0.74787	0.01837	0.01649	0.01519	0.01233	0.00565	0.00427	0.00141	0.00344	0.00467	0.00427	0.00670
2	0.00611	0.00408	0.00458	0.00458	0.00458	0.00408	0.00255	0.00611	0.00611	0.00815	0.01325	0.02751	0.01528	0.85226	0.02140	0.00408	0.00408	0.00611	0.00255	0.00255
3	0.01578	0.01973	0.01186	0.01075	0.01294	0.81559	0.00808	0.01687	0.01192	0.02984	0.00674	0.00774	0.00553	0.00435	0.00380	0.00109	0.00749	0.00274	0.00224	0.00493
4	0.00595	0.00430	0.00562	0.00529	0.00628	0.00397	0.00397	0.00793	0.01190	0.01686	0.82382	0.03140	0.03966	0.00859	0.00496	0.00132	0.00198	0.00760	0.00463	0.00397
5	0.01124	0.85479	0.02203	0.00719	0.01079	0.01663	0.00719	0.01259	0.00854	0.00989	0.00584	0.00674	0.00539	0.00360	0.00270	0.00090	0.00450	0.00225	0.00180	0.00539
6	0.01553	0.01967	0.01173	0.01067	0.01281	0.81674	0.00801	0.01663	0.01184	0.01041	0.00666	0.00776	0.00554	0.00434	0.00377	0.00108	0.00745	0.00273	0.02175	0.00485
7	0.00561	0.00428	0.00515	0.00493	0.00607	0.00382	0.00370	0.00728	0.01110	0.01496	0.55461	0.03452	0.31006	0.00930	0.00496	0.00136	0.00203	0.00804	0.00438	0.00382
8	0.00794	0.00747	0.01261	0.84216	0.02895	0.00934	0.01167	0.01074	0.00841	0.01074	0.00747	0.01121	0.00560	0.00420	0.00420	0.00140	0.00560	0.00374	0.00187	0.00467
9	0.00573	0.00429	0.00531	0.00505	0.00614	0.00387	0.00379	0.00750	0.01137	0.01560	0.64518	0.03347	0.21909	0.00906	0.00496	0.00134	0.00202	0.00789	0.00446	0.00387
10	0.00805	0.00427	0.00467	0.00442	0.00553	0.00428	0.02603	0.02462	0.00905	0.01581	0.01350	0.01545	0.01058	0.00486	0.00302	0.00100	0.00215	0.00395	0.83474	0.00403
11	0.01040	0.00999	0.01706	0.02580	0.82604	0.00999	0.01290	0.01290	0.00957	0.01373	0.00791	0.01040	0.00666	0.00375	0.00416	0.00125	0.00499	0.00375	0.00208	0.00666
12	0.00504	0.00426	0.00435	0.00433	0.00572	0.00358	0.00325	0.00617	0.00975	0.01174	0.09766	0.03982	0.76901	0.01050	0.00497	0.00141	0.00212	0.00878	0.00395	0.00358
13	0.00562	0.00409	0.00529	0.00593	0.00646	0.00381	0.00406	0.02911	0.00860	0.01158	0.05565	0.73970	0.04154	0.01226	0.00521	0.00163	0.00251	0.01106	0.00388	0.04202
14	0.88196	0.00813	0.00618	0.00553	0.00813	0.00943	0.00455	0.01236	0.00715	0.01886	0.00585	0.00683	0.00455	0.00390	0.00260	0.00130	0.00325	0.00228	0.00260	0.00455
15	0.09580	0.01016	0.01129	0.00875	0.01191	0.01091	0.02499	0.53370	0.01638	0.16861	0.01103	0.01089	0.00768	0.00493	0.00401	0.00126	0.00422	0.00376	0.05303	0.00670
16	0.75294	0.00898	0.00705	0.00618	0.00882	0.04484	0.00505	0.08433	0.02216	0.01916	0.00645	0.00730	0.00496	0.00405	0.00282	0.00129	0.00356	0.00247	0.00275	0.00483
17	0.00520	0.00379	0.00490	0.00568	0.00612	0.00350	0.00389	0.00608	0.00852	0.01127	0.08103	0.68847	0.11380	0.01255	0.00530	0.00165	0.00241	0.02841	0.00395	0.00348
18	0.02946	0.00884	0.01042	0.02309	0.01088	0.10028	0.07788	0.13299	0.04847	0.02387	0.01354	0.22128	0.03100	0.04972	0.04782	0.00189	0.13746	0.02326	0.00309	0.00477
19	0.01399	0.01303	0.01446	0.01352	0.14885	0.21549	0.11532	0.29650	0.04158	0.05865	0.00939	0.01068	0.00716	0.00459	0.00422	0.00125	0.00564	0.01630	0.00312	0.00624
20	0.01598	0.01177	0.01262	0.00967	0.01304	0.01304	0.00799	0.81202	0.01976	0.02649	0.01009	0.01009	0.00715	0.00505	0.00421	0.00126	0.00463	0.00378	0.00421	0.00715
21	0.00947	0.06106	0.46423	0.03082	0.03341	0.01055	0.24409	0.05468	0.02656	0.01390	0.00807	0.00976	0.00591	0.00393	0.00423	0.00133	0.00620	0.00369	0.00206	0.00605
22	0.00673	0.00472	0.00602	0.00561	0.00678	0.00447	0.00426	0.00931	0.06331	0.04818	0.70981	0.03022	0.05295	0.00838	0.00490	0.00134	0.00217	0.02198	0.00460	0.00425
23	0.00572	0.00422	0.00536	0.00528	0.00624	0.00386	0.00392	0.00741	0.01100	0.01515	0.58578	0.14179	0.14854	0.00957	0.00504	0.00140	0.00211	0.02936	0.00441	0.00383
24	0.01087	0.01151	0.01785	0.04514	0.01721	0.12607	0.40738	0.10916	0.01080	0.01392	0.00938	0.08547	0.00814	0.00509	0.00555	0.00141	0.08841	0.00492	0.00251	0.01921
25	0.88196	0.00813	0.00618	0.00553	0.00813	0.00943	0.00455	0.01236	0.00715	0.01886	0.00585	0.00683	0.00455	0.00390	0.00260	0.00130	0.00325	0.00228	0.00260	0.00455
26	0.00677	0.00484	0.00677	0.00774	0.00871	0.00484	0.00677	0.00871	0.00968	0.01258	0.02226	0.04742	0.02419	0.01161	0.00581	0.00194	0.00387	0.79775	0.00387	0.00387
27	0.00593	0.00430	0.00559	0.00527	0.00627	0.00396	0.00395	0.00789	0.01185	0.01674	0.80653	0.03160	0.05703	0.00864	0.00496	0.00132	0.00199	0.00763	0.00461	0.00396
28	0.00611	0.00408	0.00458	0.00458	0.00458	0.00408	0.00255	0.00611	0.00611	0.00815	0.01325	0.02751	0.01528	0.85226	0.02140	0.00408	0.00408	0.00611	0.00255	0.00255
29	0.01031	0.00989	0.01689	0.05742	0.79517	0.00996	0.01285	0.01282	0.00953	0.01362	0.00789	0.01044	0.00662	0.00376	0.00416	0.00125	0.00502	0.00375	0.00207	0.00658
30	0.00794	0.00747	0.01261	0.84216	0.02895	0.00934	0.01167	0.01074	0.00841	0.01074	0.00747	0.01121	0.00560	0.00420	0.00420	0.00140	0.00560	0.00374	0.00187	0.00467
31	0.06591	0.05995	0.12392	0.01149	0.01446	0.03958	0.30136	0.01203	0.04956	0.01233	0.00947	0.03184	0.00854	0.17344	0.00837	0.00192	0.06403	0.00458	0.00230	0.00493
32	0.00639	0.00468	0.00581	0.00543	0.00650	0.02129	0.00408	0.00833	0.01186	0.03297	0.77485	0.03074	0.05414	0.00848	0.00492	0.00132	0.00213	0.00746	0.00457	0.00404
33	0.00855	0.04643	0.78752	0.01197	0.01806	0.00999	0.03381	0.01329	0.00889	0.01321	0.00752	0.00887	0.00535	0.00397	0.00398	0.00132	0.00618	0.00312	0.00178	0.00618
34	0.85604	0.00824	0.00637	0.00565	0.00828	0.00954	0.00466	0.03629	0.00753	0.01909	0.00598	0.00693	0.00463	0.00394	0.00265	0.00130	0.00329	0.00232	0.00265	0.00463
35	0.01053	0.64436	0.22625	0.00840	0.01266	0.01490	0.00930	0.01277	0.00863	0.01075	0.00627	0.00728	0.00538	0.00370	0.00302	0.00101	0.00493	0.00246	0.00179	0.00560
36	0.00555	0.00427	0.00508	0.00491	0.00605	0.00379	0.00367	0.00716	0.01092	0.01461	0.50580	0.05440	0.33959	0.00949	0.00497	0.00137	0.00205	0.00819	0.00433	0.00379
37	0.01115	0.00924	0.02764	0.00866	0.01121	0.01006	0.02144	0.11803	0.58812	0.05969	0.01684	0.04079	0.03587	0.00596	0.00434	0.00141	0.00358	0.01529	0.00420	0.00649
38	0.01108	0.00991	0.01462	0.07116	0.43324	0.03525	0.04872	0.17878	0.02801	0.01572	0.00900	0.01157	0.00740	0.03925	0.05516	0.00171	0.00540	0.00394	0.01390	0.00616
39	0.01247	0.00801	0.01307	0.01447	0.28640	0.00755	0.09468	0.01467	0.01082	0.30102	0.12908	0.01709	0.01373	0.00540	0.00448	0.00134	0.00422	0.05167	0.00366	0.00617
40	0.01026	0.05563	0.17225	0.01036	0.06604	0.05604	0.03715	0.12234	0.24449	0.01579	0.04865	0.09018	0.02180	0.02450	0.00464	0.00141	0.00447	0.00487	0.00325	0.00589
41	0.04865	0.09342	0.01514	0.04789	0.31467	0.28316	0.04947	0.04989	0.01055	0.01289	0.00726	0.00899	0.00599	0.00398	0.00385	0.00116	0.00578	0.00322	0.00221	0.03183
42	0.01837	0.00712	0.00962	0.00741	0.01061	0.00619	0.00610	0.02016	0.02408	0.78862	0.01640	0.01428	0.01039	0.00517	0.00419	0.00129	0.00353	0.00420	0.02266	0.01962
43	0.01040	0.00999	0.01706	0.02580	0.82604	0.00999	0.01290	0.01290	0.00957	0.01373	0.00791	0.01040	0.00666	0.00375	0.00416	0.00125	0.00499	0.00375	0.00208	0.00666
44	0.00536	0.00427	0.00480	0.00467	0.00592	0.00371	0.00350	0.00678	0.01050	0.01353	0.35126	0.03688	0.51431	0.00984	0.00496	0.00138	0.00207	0.00837	0.00419	0.00371
45	0.01681	0.00670	0.00910	0.00713	0.01002	0.00583	0.00583	0.01849	0.01201	0.69984	0.14492	0.01703	0.01506	0.00574	0.00434	0.00130	0.00332	0.00476	0.00511	0.00665
46	0.00557	0.00423	0.00513	0.00501	0.00607	0.00379	0.00372	0.00716	0.01085	0.01462	0.51132	0.10123	0.28675	0.00962	0.00499	0.00138	0.00207	0.00836	0.00434	0.00379
47	0.00604	0.00438	0.00615	0.00615	0.00669	0.00492	0.00449	0.00712	0.00658	0.00931	0.01182	0.01960	0.01185	0.26218	0.60678	0.00600	0.00924	0.00496	0.00233	0.00341
48	0.02825	0.01018	0.01077	0.00898	0.01178	0.01154	0.00719	0.35808	0.46433	0.02140	0.01393	0.01315	0.01027	0.00539	0.00422	0.00135	0.00388	0.00430	0.00422	0.00683
49	0.02580	0.00400	0.00396	0.00395	0.00496	0.00403	0.00297	0.00985	0.00878	0.01574	0.01355	0.01549	0.01065	0.00488	0.00293	0.00099	0.00199	0.00388	0.85766	0.00393
50	0.01321	0.00733	0.00918	0.00678	0.01030	0.00586	0.00551	0.01497	0.01019	0.37510	0.01151	0.01120	0.00808	0.00404	0.00361	0.00092	0.00332	0.00326	0.00369	0.49193
