[name]
unknown

[dist]
# distance from previous block
# <min> <max>
3	252

[block]
# block no. 0 follows, 66 sequences, length 11
# corresponding to MSA columns:
# 361-371
name=unknown_A
#
# <colnr> <probs for GDERKNQSTAVLIFYWHMCP>
#	G	D	E	R	K	N	Q	S	T	A	V	L	I	F	Y	W	H	M	C	P
0	0.03497	0.09563	0.09971	0.01797	0.01064	0.09407	0.02791	0.05586	0.08525	0.10261	0.12960	0.09186	0.01380	0.02133	0.00451	0.00128	0.02488	0.01512	0.01594	0.05706
1	0.04720	0.11075	0.10967	0.00899	0.06923	0.08276	0.02688	0.07698	0.03759	0.05648	0.09070	0.12022	0.08578	0.02786	0.00475	0.00134	0.02971	0.00515	0.00298	0.00496
2	0.01122	0.15999	0.13082	0.00891	0.01192	0.10876	0.07217	0.10602	0.05752	0.10459	0.04919	0.05571	0.02689	0.02726	0.00448	0.00127	0.02212	0.00411	0.03162	0.00540
3	0.07071	0.31696	0.31120	0.00843	0.01235	0.02857	0.00929	0.03692	0.03324	0.01232	0.00863	0.00972	0.03748	0.00553	0.04908	0.00141	0.00506	0.00302	0.03478	0.00530
4	0.04723	0.00468	0.00621	0.00629	0.00721	0.00452	0.04855	0.03415	0.00860	0.01169	0.04276	0.43493	0.14564	0.06725	0.00601	0.00173	0.00293	0.11244	0.00355	0.00362
5	0.01036	0.14247	0.26027	0.11651	0.03561	0.03513	0.02432	0.07388	0.03440	0.11671	0.02999	0.06789	0.00886	0.00495	0.00390	0.00125	0.00478	0.02049	0.00267	0.00556
6	0.00840	0.05071	0.16523	0.03963	0.02224	0.03333	0.07727	0.04995	0.09898	0.03555	0.08148	0.10580	0.09641	0.00736	0.02580	0.00151	0.01976	0.07260	0.00306	0.00494
7	0.00550	0.00381	0.00450	0.00483	0.00500	0.00368	0.00295	0.00581	0.00677	0.00893	0.01795	0.31493	0.07187	0.50916	0.01425	0.00297	0.00326	0.00803	0.00300	0.00281
8	0.00942	0.01162	0.09061	0.04775	0.04300	0.04884	0.61119	0.01265	0.00937	0.01256	0.00840	0.03031	0.00662	0.00465	0.03276	0.00152	0.00671	0.00460	0.00206	0.00536
9	0.03860	0.04629	0.08843	0.03223	0.09734	0.23120	0.12220	0.10020	0.06038	0.07247	0.00953	0.02803	0.02509	0.00454	0.00420	0.00123	0.02612	0.00373	0.00264	0.00554
10	0.02605	0.01017	0.01127	0.02786	0.02548	0.14904	0.05846	0.20988	0.01150	0.13501	0.01021	0.07090	0.00850	0.00827	0.09592	0.00189	0.12692	0.00421	0.00308	0.00538

[dist]
# distance from previous block
# <min> <max>
0	1

[block]
# block no. 1 follows, 66 sequences, length 19
# corresponding to MSA columns:
# 373-391
name=unknown_B
#
# <colnr> <probs for GDERKNQSTAVLIFYWHMCP>
#	G	D	E	R	K	N	Q	S	T	A	V	L	I	F	Y	W	H	M	C	P
0	0.00531	0.00412	0.00573	0.00612	0.00674	0.00386	0.04393	0.00651	0.03270	0.01075	0.02356	0.69734	0.11445	0.01176	0.00508	0.00159	0.00257	0.01066	0.00369	0.00351
1	0.00681	0.02534	0.00627	0.00603	0.00700	0.02980	0.00445	0.00875	0.07345	0.05561	0.18952	0.38801	0.11605	0.00986	0.00506	0.00147	0.02819	0.03048	0.00385	0.00399
2	0.22976	0.01144	0.12416	0.06051	0.18899	0.11035	0.00890	0.03537	0.06339	0.08345	0.00843	0.00991	0.00651	0.00427	0.00384	0.00126	0.02475	0.01665	0.00256	0.00550
3	0.00982	0.01158	0.07427	0.04622	0.01969	0.03673	0.60688	0.05250	0.00972	0.01316	0.00790	0.01045	0.00600	0.00386	0.00530	0.00138	0.07260	0.00441	0.00210	0.00544
4	0.00756	0.00378	0.00378	0.00378	0.00473	0.00378	0.00284	0.00945	0.00851	0.01513	0.01324	0.01513	0.01040	0.00473	0.00284	0.00095	0.00189	0.00378	0.87994	0.00378
5	0.00494	0.00355	0.00469	0.00560	0.00587	0.00330	0.00374	0.00566	0.00782	0.01038	0.02300	0.82687	0.05432	0.01263	0.00517	0.00164	0.00234	0.01143	0.00377	0.00330
6	0.00756	0.00378	0.00378	0.00378	0.00473	0.00378	0.00284	0.00945	0.00851	0.01513	0.01324	0.01513	0.01040	0.00473	0.00284	0.00095	0.00189	0.00378	0.87994	0.00378
7	0.34527	0.04586	0.01011	0.12473	0.01274	0.11430	0.03533	0.12689	0.03263	0.03162	0.00727	0.00850	0.00560	0.00413	0.00358	0.00121	0.02814	0.00291	0.01298	0.04620
8	0.00546	0.00406	0.00505	0.00527	0.00604	0.00384	0.00386	0.00663	0.00882	0.01168	0.21234	0.19897	0.22395	0.11564	0.08386	0.00224	0.00330	0.09195	0.00362	0.00343
9	0.01171	0.10927	0.05511	0.00793	0.01141	0.06553	0.00686	0.30817	0.01253	0.01709	0.00790	0.00861	0.00615	0.00387	0.00343	0.00092	0.00414	0.00288	0.00288	0.35358
10	0.05983	0.05043	0.64992	0.01089	0.01614	0.03518	0.03861	0.01326	0.05162	0.01322	0.02024	0.00909	0.00602	0.00399	0.00378	0.00127	0.00562	0.00312	0.00195	0.00581
11	0.03303	0.01155	0.04507	0.13479	0.01432	0.15719	0.00800	0.29187	0.13773	0.05026	0.01984	0.01052	0.00755	0.00460	0.00390	0.00120	0.00479	0.00353	0.00320	0.05706
12	0.00946	0.00730	0.00837	0.07304	0.01047	0.01986	0.00603	0.19741	0.19639	0.03286	0.15778	0.10343	0.05297	0.03309	0.00490	0.00143	0.00339	0.04862	0.02808	0.00513
13	0.00539	0.04323	0.00566	0.00562	0.00622	0.00409	0.00401	0.00636	0.00830	0.01104	0.11593	0.58783	0.08831	0.01258	0.05382	0.00184	0.00290	0.02972	0.00366	0.00349
14	0.00841	0.00816	0.04915	0.38141	0.06256	0.03251	0.04321	0.06313	0.06739	0.01243	0.05745	0.07767	0.00994	0.00640	0.03138	0.03647	0.02757	0.00453	0.01551	0.00473
15	0.03431	0.00913	0.05500	0.12777	0.38812	0.00883	0.11262	0.01163	0.03094	0.01292	0.04822	0.01457	0.05311	0.00479	0.00449	0.00132	0.02803	0.04636	0.00234	0.00549
16	0.00880	0.00761	0.04674	0.00773	0.05744	0.00635	0.00590	0.08276	0.03181	0.03967	0.03479	0.11793	0.03531	0.00564	0.00456	0.04447	0.02601	0.00430	0.00285	0.42934
17	0.00615	0.05386	0.00547	0.00473	0.00495	0.00456	0.00289	0.00621	0.00618	0.00816	0.01300	0.10274	0.01498	0.68908	0.01792	0.04404	0.00379	0.00610	0.00251	0.00267
18	0.00903	0.16794	0.09128	0.16657	0.01588	0.02124	0.17625	0.02032	0.08921	0.04111	0.02079	0.09285	0.05982	0.00524	0.00408	0.00128	0.00476	0.00473	0.00254	0.00509

[dist]
# distance from previous block
# <min> <max>
3	41

[block]
# block no. 2 follows, 66 sequences, length 27
# corresponding to MSA columns:
# 433-459
name=unknown_C
#
# <colnr> <probs for GDERKNQSTAVLIFYWHMCP>
#	G	D	E	R	K	N	Q	S	T	A	V	L	I	F	Y	W	H	M	C	P
0	0.00970	0.00882	0.00863	0.00758	0.00943	0.15149	0.00593	0.08920	0.08876	0.03766	0.14169	0.08209	0.03692	0.00779	0.05329	0.00154	0.06867	0.04490	0.00323	0.14267
1	0.00573	0.03458	0.00553	0.00556	0.00628	0.04001	0.00396	0.00668	0.00853	0.01102	0.08116	0.53768	0.17469	0.01098	0.00486	0.00150	0.00256	0.02510	0.03008	0.00351
2	0.01235	0.05731	0.07337	0.02664	0.02673	0.03415	0.00701	0.25365	0.06608	0.18326	0.06798	0.01519	0.10061	0.00546	0.00403	0.00121	0.00388	0.00436	0.01300	0.04374
3	0.07095	0.03244	0.39561	0.01124	0.03880	0.05391	0.09186	0.09782	0.11069	0.01475	0.00851	0.00955	0.00632	0.00424	0.00422	0.00129	0.03617	0.00339	0.00238	0.00585
4	0.06816	0.00383	0.00530	0.00531	0.00550	0.00390	0.00360	0.00577	0.00554	0.00802	0.00785	0.06155	0.00803	0.01329	0.01430	0.76875	0.00343	0.00390	0.00193	0.00204
5	0.03818	0.12578	0.09353	0.00788	0.01130	0.05129	0.00709	0.16341	0.07464	0.06358	0.00858	0.00916	0.00661	0.00401	0.00367	0.00099	0.02639	0.00297	0.00281	0.29811
6	0.00833	0.02772	0.09679	0.21264	0.01412	0.01597	0.00757	0.03403	0.10018	0.05845	0.01546	0.09153	0.13530	0.03268	0.00490	0.00136	0.02949	0.00504	0.00287	0.10557
7	0.01027	0.44664	0.10804	0.00858	0.03239	0.06643	0.02632	0.03014	0.07294	0.01104	0.00744	0.00934	0.00655	0.06347	0.00502	0.00126	0.05999	0.00297	0.00208	0.02910
8	0.00922	0.00834	0.01345	0.23358	0.24134	0.01934	0.11226	0.08418	0.00942	0.01313	0.00857	0.01168	0.00700	0.03687	0.05648	0.00169	0.04178	0.00389	0.08260	0.00518
9	0.00809	0.00627	0.00738	0.00758	0.06525	0.00646	0.00529	0.09476	0.20085	0.03929	0.08918	0.20754	0.20532	0.00820	0.00452	0.00138	0.00286	0.00707	0.02790	0.00481
10	0.00493	0.00358	0.00466	0.00553	0.00585	0.00331	0.00371	0.00566	0.00788	0.01040	0.02384	0.79024	0.09040	0.01252	0.00515	0.00163	0.00233	0.01130	0.00377	0.00331
11	0.00866	0.01084	0.14425	0.01428	0.11570	0.00884	0.37018	0.01253	0.09350	0.01297	0.01154	0.14619	0.02062	0.00530	0.00454	0.00138	0.00531	0.00547	0.00251	0.00539
12	0.00582	0.00396	0.00470	0.00477	0.00488	0.00403	0.00287	0.00605	0.00611	0.00823	0.01321	0.08294	0.01502	0.69631	0.12106	0.00409	0.00468	0.00610	0.00251	0.00266
13	0.00509	0.00372	0.00479	0.00540	0.00591	0.00342	0.00374	0.00605	0.00860	0.01146	0.16167	0.60331	0.12613	0.01164	0.00507	0.00155	0.00226	0.02289	0.00388	0.00341
14	0.04600	0.01093	0.01171	0.00906	0.01223	0.01206	0.00746	0.72075	0.05362	0.05986	0.01016	0.01004	0.00719	0.00487	0.00401	0.00123	0.00432	0.00366	0.00405	0.00679
15	0.03214	0.01107	0.00999	0.00894	0.03476	0.22167	0.00681	0.12800	0.22699	0.11659	0.02124	0.01197	0.01841	0.00504	0.00440	0.00123	0.05424	0.00376	0.07708	0.00566
16	0.00545	0.00396	0.00510	0.00555	0.00619	0.00371	0.00406	0.00663	0.00898	0.01202	0.22666	0.37237	0.11513	0.06995	0.00618	0.00172	0.00254	0.13650	0.00385	0.00346
17	0.00953	0.06139	0.06878	0.01581	0.01974	0.01068	0.67709	0.01275	0.00924	0.01259	0.00784	0.01043	0.00599	0.00366	0.00511	0.00136	0.05612	0.00446	0.00200	0.00543
18	0.00502	0.00362	0.00483	0.00564	0.00596	0.00342	0.00383	0.00583	0.00789	0.01058	0.05747	0.75496	0.04268	0.01346	0.05216	0.00190	0.00281	0.01089	0.00371	0.00334
19	0.00513	0.00371	0.00488	0.00572	0.00613	0.00347	0.00402	0.00602	0.00815	0.01076	0.04697	0.68721	0.08278	0.01225	0.00519	0.00164	0.00247	0.09636	0.00378	0.00337
20	0.00637	0.00386	0.00424	0.00429	0.00461	0.00385	0.00266	0.00702	0.00684	0.01033	0.01349	0.07169	0.01408	0.53606	0.01406	0.00285	0.00319	0.00556	0.28204	0.00293
21	0.00999	0.45199	0.33800	0.00902	0.01333	0.01313	0.01019	0.05983	0.00893	0.01178	0.00651	0.00759	0.00528	0.00384	0.00357	0.00108	0.03584	0.00263	0.00187	0.00559
22	0.00595	0.00471	0.00544	0.00535	0.00653	0.00453	0.00400	0.00876	0.12532	0.01371	0.32478	0.14442	0.29557	0.00923	0.00477	0.00139	0.00224	0.02526	0.00407	0.00399
23	0.01136	0.00635	0.04354	0.00695	0.00898	0.00585	0.00581	0.04815	0.00931	0.33766	0.01286	0.01445	0.00976	0.01631	0.37846	0.00359	0.00681	0.00411	0.06452	0.00518
24	0.00533	0.00404	0.00487	0.00530	0.00606	0.00371	0.00377	0.03047	0.00894	0.01156	0.09453	0.47648	0.27948	0.01129	0.00501	0.00152	0.00234	0.03798	0.00383	0.00350
25	0.01005	0.00990	0.01569	0.11983	0.69246	0.05631	0.01205	0.01242	0.00923	0.01273	0.00751	0.00998	0.00624	0.00370	0.00400	0.00121	0.00503	0.00356	0.00199	0.00611
26	0.00958	0.01094	0.02394	0.01710	0.02120	0.01026	0.81737	0.01300	0.00958	0.01300	0.00821	0.01094	0.00616	0.00342	0.00479	0.00137	0.00684	0.00479	0.00205	0.00547

[dist]
# distance from previous block
# <min> <max>
0	1

[block]
# block no. 3 follows, 66 sequences, length 22
# corresponding to MSA columns:
# 461-482
name=unknown_D
#
# <colnr> <probs for GDERKNQSTAVLIFYWHMCP>
#	G	D	E	R	K	N	Q	S	T	A	V	L	I	F	Y	W	H	M	C	P
0	0.01479	0.01750	0.01138	0.01020	0.01221	0.70625	0.00776	0.01607	0.02720	0.06586	0.00706	0.00803	0.00570	0.00448	0.00442	0.00112	0.06996	0.00282	0.00231	0.00487
1	0.10064	0.00984	0.00936	0.04651	0.02439	0.15825	0.00650	0.17176	0.10205	0.12686	0.05355	0.04012	0.08029	0.00622	0.02314	0.00138	0.01791	0.01241	0.00345	0.00538
2	0.00977	0.00969	0.03880	0.28451	0.29372	0.06218	0.02949	0.05447	0.06360	0.02445	0.02164	0.01072	0.00689	0.00434	0.00474	0.00131	0.06823	0.00369	0.00225	0.00550
3	0.88607	0.00785	0.00596	0.00534	0.00785	0.00910	0.00439	0.01193	0.00690	0.01820	0.00565	0.00659	0.00439	0.00377	0.00251	0.00126	0.00314	0.00220	0.00251	0.00439
4	0.00892	0.00728	0.02452	0.02153	0.04635	0.06033	0.00579	0.08206	0.10742	0.06911	0.15215	0.10704	0.04623	0.12969	0.03758	0.00193	0.04157	0.04247	0.00344	0.00460
5	0.00581	0.00481	0.00635	0.00604	0.00741	0.00441	0.05913	0.00763	0.03462	0.01241	0.16878	0.07112	0.41427	0.00962	0.00495	0.00147	0.00275	0.17086	0.00378	0.00378
6	0.00756	0.00378	0.00378	0.00378	0.00473	0.00378	0.00284	0.00945	0.00851	0.01513	0.01324	0.01513	0.01040	0.00473	0.00284	0.00095	0.00189	0.00378	0.87994	0.00378
7	0.08946	0.00963	0.01104	0.11649	0.04336	0.01052	0.00759	0.43004	0.09052	0.06091	0.00971	0.01021	0.00707	0.00453	0.00384	0.00120	0.00419	0.00352	0.00347	0.08272
8	0.03657	0.00802	0.03896	0.65538	0.14258	0.00905	0.01121	0.01102	0.00833	0.03036	0.00743	0.01057	0.00562	0.00400	0.00399	0.00132	0.00522	0.00355	0.00193	0.00488
9	0.00510	0.00400	0.00461	0.00472	0.00573	0.00351	0.00344	0.00631	0.00957	0.01234	0.26203	0.21148	0.43224	0.01023	0.00487	0.00140	0.00208	0.00885	0.00397	0.00351
10	0.10041	0.00599	0.00711	0.00666	0.00833	0.03112	0.00545	0.03995	0.01035	0.18981	0.21475	0.04193	0.03038	0.00886	0.04287	0.00168	0.00359	0.24219	0.00395	0.00463
11	0.01044	0.38059	0.12594	0.07835	0.01386	0.12033	0.07796	0.03350	0.04394	0.01116	0.00754	0.03862	0.00650	0.00459	0.01687	0.00119	0.01814	0.00321	0.00205	0.00520
12	0.00811	0.00564	0.00646	0.00595	0.00742	0.03480	0.00461	0.06985	0.03431	0.10517	0.35761	0.09587	0.17757	0.00838	0.00468	0.00135	0.00269	0.06098	0.00416	0.00438
13	0.00751	0.00405	0.00442	0.06686	0.00648	0.00416	0.00347	0.00944	0.00850	0.01468	0.01341	0.01534	0.02856	0.00480	0.00297	0.00099	0.00216	0.00388	0.79450	0.00383
14	0.01014	0.43869	0.27547	0.02109	0.04248	0.07563	0.00974	0.01302	0.04596	0.01109	0.00687	0.00794	0.00564	0.00415	0.01574	0.00114	0.00516	0.00268	0.00188	0.00548
15	0.01194	0.00621	0.00814	0.06957	0.01026	0.00607	0.00580	0.05093	0.07326	0.36150	0.05790	0.08390	0.06852	0.02751	0.05852	0.00174	0.00383	0.05669	0.03233	0.00540
16	0.00510	0.00369	0.00465	0.00528	0.00567	0.00343	0.00353	0.00584	0.00796	0.01052	0.07801	0.60087	0.12032	0.11667	0.00702	0.00187	0.00248	0.01020	0.00365	0.00324
17	0.00760	0.00487	0.00587	0.00542	0.00686	0.00448	0.00412	0.03129	0.04833	0.13048	0.33013	0.11313	0.27442	0.00866	0.00468	0.00134	0.00235	0.00745	0.00423	0.00429
18	0.02187	0.00768	0.01184	0.56737	0.04753	0.00907	0.03391	0.07223	0.08070	0.05013	0.00886	0.01142	0.00663	0.00521	0.03401	0.00151	0.00519	0.00376	0.01608	0.00501
19	0.01450	0.01645	0.01083	0.00967	0.01182	0.63090	0.00738	0.11230	0.01214	0.03882	0.00796	0.00958	0.00651	0.00455	0.00373	0.00109	0.00637	0.02860	0.06186	0.00495
20	0.06782	0.08688	0.51652	0.09178	0.01696	0.00967	0.06587	0.01230	0.00844	0.01273	0.00708	0.00863	0.00525	0.00374	0.00368	0.00121	0.00544	0.00301	0.00185	0.07114
21	0.00904	0.00867	0.02146	0.02605	0.01038	0.05689	0.00770	0.07061	0.04523	0.01151	0.00866	0.01157	0.03334	0.01056	0.15088	0.00242	0.47301	0.00385	0.03363	0.00456

[dist]
# distance from previous block
# <min> <max>
0	10

[block]
# block no. 4 follows, 66 sequences, length 10
# corresponding to MSA columns:
# 508-517
name=unknown_E
#
# <colnr> <probs for GDERKNQSTAVLIFYWHMCP>
#	G	D	E	R	K	N	Q	S	T	A	V	L	I	F	Y	W	H	M	C	P
0	0.00566	0.02698	0.00532	0.00539	0.00602	0.02506	0.00378	0.00623	0.00815	0.01047	0.08457	0.46588	0.19447	0.01158	0.00635	0.11572	0.00259	0.00907	0.00346	0.00325
1	0.00570	0.00418	0.00472	0.00463	0.00580	0.00366	0.00340	0.00686	0.00952	0.04888	0.21900	0.10387	0.48669	0.06780	0.00588	0.00154	0.00224	0.00815	0.00390	0.00360
2	0.01011	0.49089	0.16977	0.00845	0.01205	0.01336	0.02830	0.03258	0.07439	0.01142	0.00703	0.00804	0.00588	0.00400	0.00388	0.00106	0.06927	0.00273	0.00202	0.04477
3	0.00879	0.04869	0.28433	0.02779	0.08574	0.03544	0.29921	0.01199	0.00884	0.01222	0.00888	0.07477	0.00762	0.02043	0.03196	0.00154	0.01993	0.00441	0.00206	0.00537
4	0.00503	0.00389	0.00460	0.00499	0.00581	0.00346	0.00357	0.00607	0.00892	0.01143	0.13500	0.37925	0.36702	0.01107	0.00498	0.00149	0.00221	0.03392	0.00386	0.00343
5	0.00551	0.00446	0.00489	0.00486	0.00607	0.00410	0.00361	0.00753	0.07820	0.01226	0.17660	0.10321	0.50035	0.04500	0.00545	0.00150	0.00227	0.02658	0.00387	0.00371
6	0.12950	0.20056	0.28735	0.00866	0.01251	0.03065	0.02885	0.08640	0.00964	0.07095	0.04471	0.04495	0.01985	0.00459	0.00356	0.00119	0.00459	0.00350	0.00252	0.00546
7	0.00605	0.00486	0.00532	0.00602	0.00649	0.06757	0.00421	0.00693	0.00817	0.01069	0.02020	0.64466	0.02351	0.03807	0.00544	0.00165	0.00287	0.07714	0.05671	0.00344
8	0.08662	0.00891	0.07209	0.00747	0.01015	0.00844	0.00648	0.30536	0.01275	0.18524	0.01183	0.06246	0.00904	0.00522	0.00393	0.00122	0.02046	0.00407	0.17250	0.00575
9	0.14474	0.16175	0.11422	0.00746	0.01018	0.08912	0.00690	0.08727	0.00969	0.08412	0.01034	0.07622	0.00907	0.00601	0.02867	0.00136	0.00435	0.05222	0.09128	0.00501

[dist]
# distance from previous block
# <min> <max>
0	4

[block]
# block no. 5 follows, 66 sequences, length 24
# corresponding to MSA columns:
# 522-539,543-548
name=unknown_F
#
# <colnr> <probs for GDERKNQSTAVLIFYWHMCP>
#	G	D	E	R	K	N	Q	S	T	A	V	L	I	F	Y	W	H	M	C	P
0	0.03698	0.00794	0.00981	0.00869	0.00982	0.00992	0.00703	0.05970	0.24835	0.01316	0.01206	0.03119	0.04889	0.00963	0.11035	0.00217	0.34133	0.02513	0.00286	0.00497
1	0.05150	0.01167	0.06582	0.14036	0.07278	0.13921	0.03405	0.24669	0.05989	0.03614	0.00847	0.00967	0.00640	0.00442	0.00430	0.00122	0.04401	0.00340	0.00280	0.05722
2	0.01355	0.21929	0.01334	0.00888	0.01140	0.43655	0.00720	0.14812	0.01173	0.01286	0.00726	0.00816	0.00592	0.00417	0.00340	0.00102	0.00568	0.00277	0.07358	0.00512
3	0.01044	0.01020	0.03330	0.09427	0.40895	0.08333	0.06816	0.04034	0.03665	0.04402	0.00832	0.01048	0.00670	0.00388	0.00394	0.00116	0.00491	0.01422	0.00232	0.11441
4	0.00586	0.00410	0.00529	0.00529	0.00559	0.00440	0.00354	0.00646	0.00616	0.00851	0.01199	0.02216	0.01285	0.51557	0.35989	0.00500	0.00680	0.00526	0.00234	0.00294
5	0.00562	0.00467	0.00634	0.00566	0.00703	0.00416	0.06954	0.00725	0.01027	0.01356	0.40141	0.05392	0.37769	0.00887	0.00480	0.00133	0.00239	0.00777	0.00395	0.00377
6	0.01164	0.01088	0.01209	0.07817	0.03970	0.18007	0.12429	0.22647	0.07649	0.01609	0.03364	0.03920	0.00877	0.00480	0.00398	0.00121	0.00490	0.00406	0.11817	0.00538
7	0.00611	0.00446	0.00570	0.00556	0.00578	0.00497	0.00377	0.00662	0.00611	0.00849	0.01160	0.02192	0.01260	0.53961	0.26695	0.00454	0.07469	0.00524	0.00232	0.00297
8	0.00932	0.00531	0.00674	0.00633	0.00779	0.00506	0.00481	0.04383	0.07775	0.21970	0.15494	0.32659	0.05978	0.00895	0.00471	0.00144	0.00276	0.04522	0.00424	0.00472
9	0.03331	0.00823	0.01002	0.00782	0.01089	0.00810	0.00642	0.22204	0.09210	0.53523	0.01427	0.01277	0.00937	0.00501	0.00405	0.00126	0.00368	0.00398	0.00464	0.00681
10	0.22163	0.00830	0.00875	0.00703	0.00974	0.00878	0.00576	0.30957	0.01279	0.21513	0.01228	0.01207	0.05097	0.00491	0.00361	0.00122	0.00351	0.00368	0.09449	0.00580
11	0.00848	0.00804	0.01364	0.56585	0.30339	0.00923	0.01167	0.01108	0.00850	0.01136	0.00736	0.01055	0.00576	0.00391	0.00404	0.00130	0.00521	0.00361	0.00187	0.00516
12	0.00988	0.00508	0.00666	0.00573	0.00747	0.00452	0.00448	0.01160	0.01132	0.29375	0.47931	0.02553	0.10327	0.00737	0.00455	0.00128	0.00245	0.00635	0.00459	0.00483
13	0.00499	0.00360	0.00469	0.00550	0.00582	0.00334	0.00369	0.00574	0.00794	0.01054	0.05261	0.74858	0.07785	0.03739	0.00560	0.00168	0.00237	0.01103	0.00375	0.00330
14	0.01545	0.00904	0.01048	0.00822	0.01128	0.00933	0.00672	0.34821	0.14442	0.34522	0.01323	0.01218	0.00900	0.00497	0.00404	0.00124	0.00382	0.00393	0.00440	0.03484
15	0.01469	0.00988	0.01105	0.07673	0.01291	0.05400	0.00739	0.44979	0.03612	0.21339	0.01108	0.01119	0.00778	0.00644	0.05714	0.00157	0.00483	0.00376	0.00388	0.00637
16	0.00593	0.00390	0.00441	0.00447	0.00453	0.00388	0.00256	0.00607	0.00616	0.00841	0.01342	0.07860	0.01529	0.75862	0.01872	0.00363	0.00372	0.00615	0.04894	0.00258
17	0.00525	0.00372	0.00456	0.00511	0.00536	0.00352	0.00327	0.00575	0.00727	0.00957	0.02076	0.50717	0.09187	0.29550	0.01033	0.00239	0.00286	0.00939	0.00333	0.00303
18	0.00498	0.00401	0.00445	0.00462	0.00570	0.00348	0.00339	0.00607	0.00923	0.01152	0.13453	0.20225	0.55327	0.01054	0.00489	0.00143	0.00213	0.02623	0.00385	0.00346
19	0.00571	0.00429	0.00497	0.00491	0.00608	0.00385	0.00366	0.00735	0.03682	0.03661	0.29084	0.14357	0.40491	0.00967	0.00481	0.00138	0.00215	0.02064	0.00404	0.00374
20	0.03269	0.00788	0.00914	0.00740	0.01003	0.00804	0.00598	0.23270	0.14526	0.30670	0.09506	0.01637	0.07642	0.00575	0.00415	0.00127	0.00339	0.00467	0.02097	0.00614
21	0.00942	0.00894	0.01493	0.19227	0.60027	0.00917	0.01159	0.01184	0.00894	0.01266	0.00751	0.01007	0.00618	0.00366	0.00394	0.00119	0.00479	0.00351	0.00200	0.07712
22	0.01177	0.25111	0.11431	0.00930	0.01282	0.02182	0.10800	0.12790	0.13970	0.12540	0.01082	0.01100	0.02961	0.00443	0.00374	0.00118	0.00454	0.00362	0.00298	0.00594
23	0.02116	0.04934	0.13130	0.12990	0.05821	0.29766	0.00954	0.03841	0.08417	0.01176	0.00750	0.00910	0.00601	0.00460	0.00512	0.00126	0.12442	0.00318	0.00218	0.00516

[dist]
# distance from previous block
# <min> <max>
1	3

[block]
# block no. 6 follows, 66 sequences, length 6
# corresponding to MSA columns:
# 558-563
name=unknown_G
#
# <colnr> <probs for GDERKNQSTAVLIFYWHMCP>
#	G	D	E	R	K	N	Q	S	T	A	V	L	I	F	Y	W	H	M	C	P
0	0.02472	0.08307	0.18620	0.10132	0.05319	0.12977	0.12539	0.05895	0.02711	0.07012	0.02242	0.03318	0.02067	0.02663	0.00439	0.00130	0.00535	0.00381	0.00243	0.01998
1	0.00687	0.00364	0.00546	0.00546	0.00557	0.00375	0.00375	0.00557	0.00546	0.00739	0.00760	0.01285	0.00749	0.01644	0.13436	0.75629	0.00458	0.00364	0.00182	0.00203
2	0.00541	0.00366	0.00450	0.00513	0.00554	0.00344	0.00344	0.00624	0.00780	0.01083	0.02159	0.58303	0.08850	0.09802	0.00640	0.00176	0.00243	0.00960	0.12941	0.00329
3	0.00933	0.12321	0.38355	0.01348	0.08656	0.04411	0.22245	0.01277	0.00887	0.01226	0.00722	0.00901	0.00553	0.00382	0.00434	0.00126	0.04128	0.00342	0.00185	0.00568
4	0.01069	0.00946	0.01338	0.18426	0.13014	0.04236	0.12058	0.16374	0.16319	0.04122	0.01051	0.05046	0.00837	0.00485	0.00446	0.00132	0.02807	0.00431	0.00292	0.00574
5	0.00588	0.00443	0.00523	0.00569	0.00645	0.00393	0.00395	0.00658	0.00918	0.01199	0.11190	0.49761	0.28742	0.01192	0.00536	0.00167	0.00252	0.01032	0.00411	0.00385

[dist]
# distance from previous block
# <min> <max>
7	43

[block]
# block no. 7 follows, 66 sequences, length 22
# corresponding to MSA columns:
# 607-628
name=unknown_H
#
# <colnr> <probs for GDERKNQSTAVLIFYWHMCP>
#	G	D	E	R	K	N	Q	S	T	A	V	L	I	F	Y	W	H	M	C	P
0	0.01201	0.10119	0.01196	0.00861	0.01097	0.03835	0.03669	0.23006	0.09761	0.12416	0.03343	0.04993	0.03980	0.00566	0.00550	0.00129	0.14309	0.00422	0.00334	0.04211
1	0.00696	0.00556	0.00685	0.00573	0.00777	0.00471	0.00435	0.00848	0.00851	0.01260	0.17699	0.10149	0.01596	0.07887	0.11812	0.00192	0.00385	0.00488	0.00294	0.42349
2	0.01084	0.09176	0.02449	0.17181	0.06997	0.05709	0.18302	0.14306	0.05827	0.06121	0.05459	0.01179	0.01841	0.00448	0.00428	0.00126	0.02141	0.00402	0.00273	0.00552
3	0.01023	0.01032	0.01697	0.07904	0.43403	0.05680	0.20906	0.04085	0.07662	0.01352	0.00847	0.01057	0.00672	0.00383	0.00420	0.00126	0.00535	0.00393	0.00225	0.00597
4	0.00689	0.00471	0.00595	0.00614	0.00741	0.00442	0.00508	0.00875	0.03152	0.07524	0.14158	0.03832	0.26378	0.00989	0.00509	0.00158	0.00294	0.37278	0.00396	0.00397
5	0.01215	0.01122	0.00967	0.00852	0.01039	0.28793	0.01696	0.14038	0.04910	0.10004	0.03042	0.16812	0.02314	0.00640	0.00473	0.00127	0.06126	0.00501	0.03549	0.01780
6	0.00617	0.00448	0.00471	0.00475	0.00485	0.03513	0.00277	0.00626	0.00626	0.00815	0.01333	0.09379	0.01539	0.75626	0.01875	0.00364	0.00393	0.00624	0.00255	0.00261
7	0.01305	0.00872	0.00985	0.00803	0.01062	0.00940	0.00649	0.36502	0.18348	0.16141	0.06231	0.01391	0.02358	0.00741	0.07280	0.00169	0.00429	0.00428	0.02745	0.00621
8	0.00502	0.00356	0.00468	0.00555	0.00576	0.00335	0.00366	0.00567	0.00761	0.01015	0.02158	0.78681	0.02584	0.08202	0.00645	0.00184	0.00248	0.01107	0.00366	0.00323
9	0.06286	0.59093	0.23179	0.00804	0.01211	0.01391	0.00888	0.01232	0.00825	0.01092	0.00607	0.00705	0.00514	0.00359	0.00292	0.00100	0.00470	0.00239	0.00178	0.00536
10	0.00588	0.00423	0.00516	0.00488	0.00603	0.00378	0.00368	0.00752	0.01082	0.04255	0.56492	0.03237	0.27564	0.00878	0.00476	0.00130	0.00201	0.00759	0.00427	0.00381
11	0.00526	0.00414	0.00473	0.00483	0.00593	0.00367	0.00367	0.00651	0.00951	0.01208	0.20653	0.08826	0.48107	0.04528	0.00557	0.00153	0.00232	0.10175	0.00386	0.00350
12	0.00922	0.00879	0.01504	0.19635	0.59399	0.00914	0.03101	0.01162	0.00892	0.01247	0.00844	0.06110	0.00744	0.00425	0.00411	0.00127	0.00484	0.00412	0.00207	0.00581
13	0.00789	0.00737	0.01199	0.69863	0.04301	0.00926	0.01070	0.01052	0.02234	0.01062	0.00736	0.01079	0.00569	0.00442	0.00503	0.00138	0.09705	0.00362	0.02777	0.00455
14	0.00536	0.00413	0.00489	0.00470	0.00583	0.00367	0.00353	0.00692	0.01058	0.01413	0.51244	0.03382	0.35714	0.00909	0.00479	0.00131	0.00197	0.00783	0.00418	0.00367
15	0.00579	0.00430	0.00543	0.00535	0.00632	0.00405	0.00402	0.00788	0.04662	0.01478	0.56468	0.13334	0.11599	0.00910	0.00486	0.00137	0.00215	0.05589	0.00425	0.00383
16	0.00814	0.02099	0.83640	0.01156	0.01756	0.00942	0.01499	0.01285	0.00857	0.01285	0.00728	0.00857	0.00514	0.00385	0.00385	0.00128	0.00600	0.00300	0.00171	0.00600
17	0.00732	0.00463	0.00677	0.00642	0.00647	0.00537	0.00468	0.00630	0.00555	0.00774	0.00697	0.01190	0.00692	0.01385	0.07233	0.64917	0.16980	0.00359	0.00179	0.00241
18	0.00989	0.00949	0.01620	0.07617	0.78200	0.00960	0.01238	0.01232	0.00917	0.01307	0.00761	0.01009	0.00636	0.00364	0.00402	0.00121	0.00486	0.00361	0.00200	0.00631
19	0.01085	0.80874	0.05103	0.00720	0.01073	0.03568	0.00726	0.01227	0.00833	0.00968	0.00572	0.00660	0.00520	0.00350	0.00267	0.00089	0.00447	0.00221	0.00174	0.00522
20	0.01700	0.00631	0.06343	0.00582	0.00711	0.03631	0.00481	0.03081	0.00904	0.01311	0.14430	0.08848	0.14514	0.07733	0.01663	0.00156	0.06312	0.02646	0.23935	0.00391
21	0.03798	0.38212	0.21275	0.00959	0.06189	0.04378	0.00921	0.13386	0.03915	0.01360	0.01763	0.00834	0.00617	0.00395	0.00332	0.00108	0.00479	0.00285	0.00225	0.00570

[dist]
# distance from previous block
# <min> <max>
0	1

[block]
# block no. 8 follows, 66 sequences, length 8
# corresponding to MSA columns:
# 630-637
name=unknown_I
#
# <colnr> <probs for GDERKNQSTAVLIFYWHMCP>
#	G	D	E	R	K	N	Q	S	T	A	V	L	I	F	Y	W	H	M	C	P
0	0.03005	0.00968	0.19308	0.00880	0.05650	0.02657	0.06303	0.01077	0.11515	0.01257	0.02204	0.10522	0.29291	0.00733	0.00443	0.00137	0.00380	0.02888	0.00307	0.00475
1	0.00931	0.00961	0.01236	0.01064	0.01078	0.07020	0.00880	0.01021	0.00658	0.00978	0.00539	0.00877	0.00532	0.00690	0.01264	0.00172	0.79124	0.00349	0.00180	0.00446
2	0.00771	0.00647	0.00760	0.00572	0.00872	0.00500	0.00452	0.00947	0.00899	0.01357	0.14729	0.01428	0.07084	0.00441	0.00343	0.00077	0.00275	0.00367	0.00285	0.67192
3	0.00547	0.00406	0.00536	0.05275	0.00733	0.00395	0.00428	0.03350	0.00838	0.01110	0.04895	0.70186	0.07444	0.01167	0.00504	0.00159	0.00256	0.01050	0.00369	0.00351
4	0.00922	0.20865	0.56806	0.01035	0.01536	0.01123	0.01248	0.06179	0.00904	0.01275	0.00698	0.00819	0.00527	0.00397	0.00398	0.00121	0.04092	0.00287	0.00186	0.00581
5	0.00964	0.50270	0.29556	0.00881	0.01304	0.01301	0.04132	0.01220	0.00856	0.01112	0.04568	0.00851	0.00680	0.00383	0.00322	0.00105	0.00488	0.00280	0.00187	0.00542
6	0.02624	0.07371	0.07294	0.13131	0.03950	0.04180	0.05354	0.26936	0.09597	0.07952	0.02670	0.01107	0.00784	0.02072	0.00424	0.00127	0.00462	0.00370	0.00312	0.03283
7	0.08957	0.17587	0.13105	0.04844	0.01228	0.09480	0.05656	0.09078	0.02376	0.07568	0.01234	0.01295	0.11624	0.00525	0.00415	0.03414	0.00457	0.00380	0.00265	0.00513

[dist]
# distance from previous block
# <min> <max>
1	214

[block]
# block no. 9 follows, 66 sequences, length 6
# corresponding to MSA columns:
# 873-878
name=unknown_J
#
# <colnr> <probs for GDERKNQSTAVLIFYWHMCP>
#	G	D	E	R	K	N	Q	S	T	A	V	L	I	F	Y	W	H	M	C	P
0	0.04431	0.00808	0.03438	0.00737	0.00973	0.06757	0.04679	0.08446	0.02435	0.15051	0.07125	0.08655	0.07976	0.06768	0.00551	0.00139	0.02757	0.01773	0.00334	0.16166
1	0.05865	0.01064	0.08488	0.00842	0.01147	0.11055	0.04630	0.15084	0.01080	0.04913	0.04669	0.02900	0.00858	0.00464	0.00419	0.00108	0.04747	0.03146	0.00282	0.28237
2	0.02733	0.01096	0.04749	0.04605	0.01261	0.15915	0.07820	0.16854	0.05356	0.07092	0.05058	0.04396	0.02707	0.00506	0.00462	0.00120	0.06355	0.00401	0.00299	0.12214
3	0.25179	0.03994	0.00993	0.00844	0.03059	0.14339	0.03158	0.15374	0.08937	0.01614	0.04172	0.03995	0.03113	0.00532	0.00429	0.00129	0.05873	0.03463	0.00297	0.00508
4	0.00769	0.00427	0.00461	0.00444	0.00529	0.00461	0.00341	0.00948	0.00829	0.01461	0.01248	0.01453	0.00992	0.00495	0.00383	0.00102	0.08269	0.00376	0.79628	0.00384
5	0.01053	0.03069	0.03973	0.04355	0.01219	0.16536	0.06801	0.12731	0.06645	0.01384	0.12196	0.01319	0.03626	0.00580	0.00654	0.00137	0.22524	0.00418	0.00277	0.00501

[dist]
# distance from previous block
# <min> <max>
0	2

[block]
# block no. 10 follows, 66 sequences, length 6
# corresponding to MSA columns:
# 881-883,895-897
name=unknown_K
#
# <colnr> <probs for GDERKNQSTAVLIFYWHMCP>
#	G	D	E	R	K	N	Q	S	T	A	V	L	I	F	Y	W	H	M	C	P
0	0.01048	0.18833	0.01287	0.00829	0.01102	0.02687	0.07598	0.19988	0.15982	0.01570	0.05499	0.05140	0.06203	0.00592	0.02039	0.00129	0.00410	0.02028	0.00320	0.06717
1	0.00685	0.00507	0.00607	0.00588	0.00695	0.00506	0.00437	0.12729	0.01029	0.01375	0.18730	0.25511	0.16229	0.07515	0.07390	0.00204	0.00339	0.04157	0.00372	0.00395
2	0.01261	0.13672	0.03565	0.04513	0.01220	0.03672	0.00745	0.36276	0.18142	0.05561	0.03822	0.01235	0.00933	0.00503	0.00391	0.00123	0.00420	0.02975	0.00355	0.00615
3	0.01108	0.64763	0.06084	0.00739	0.01085	0.01456	0.00728	0.13184	0.00992	0.01217	0.00812	0.00873	0.04692	0.00404	0.00299	0.00097	0.00433	0.00275	0.00218	0.00541
4	0.01423	0.00864	0.01009	0.00773	0.01095	0.00841	0.00631	0.28702	0.08234	0.29556	0.01183	0.01126	0.00821	0.00453	0.00382	0.00110	0.00367	0.00358	0.00399	0.21674
5	0.00953	0.11455	0.62148	0.01071	0.01601	0.01064	0.01300	0.13264	0.01009	0.01437	0.00746	0.00851	0.00541	0.00396	0.00374	0.00123	0.00558	0.00300	0.00206	0.00604

[dist]
# distance from previous block
# <min> <max>
0	1

[block]
# block no. 11 follows, 66 sequences, length 20
# corresponding to MSA columns:
# 899-902,907-922
name=unknown_L
#
# <colnr> <probs for GDERKNQSTAVLIFYWHMCP>
#	G	D	E	R	K	N	Q	S	T	A	V	L	I	F	Y	W	H	M	C	P
0	0.00689	0.03723	0.00596	0.00536	0.00602	0.00469	0.00365	0.00769	0.02194	0.06827	0.03976	0.19737	0.01649	0.42194	0.11385	0.00324	0.00432	0.00656	0.00295	0.02580
1	0.01085	0.85986	0.02126	0.00694	0.01041	0.01605	0.00694	0.01215	0.00824	0.00955	0.00564	0.00651	0.00521	0.00347	0.00260	0.00087	0.00434	0.00217	0.00174	0.00521
2	0.01191	0.00997	0.04191	0.00857	0.01132	0.01069	0.00707	0.33786	0.42587	0.02000	0.01414	0.01348	0.03521	0.00532	0.00408	0.00130	0.00375	0.00426	0.02689	0.00643
3	0.01307	0.01003	0.01172	0.01009	0.06048	0.01102	0.04408	0.40097	0.30858	0.06752	0.01235	0.01199	0.00900	0.00497	0.00412	0.00128	0.00408	0.00406	0.00393	0.00663
4	0.02398	0.09435	0.03432	0.05514	0.01273	0.01011	0.09373	0.05863	0.02267	0.14684	0.00829	0.00981	0.00647	0.00494	0.00668	0.00130	0.26684	0.00345	0.00261	0.13710
5	0.00572	0.00416	0.00485	0.00479	0.00594	0.00365	0.00355	0.00700	0.00983	0.04983	0.28275	0.15815	0.42553	0.00979	0.00482	0.00138	0.00212	0.00843	0.00404	0.00369
6	0.01004	0.00964	0.01647	0.02490	0.83211	0.00964	0.01245	0.01245	0.00924	0.01325	0.00763	0.01004	0.00643	0.00361	0.00402	0.00120	0.00482	0.00361	0.00201	0.00643
7	0.15144	0.00573	0.01950	0.00525	0.00705	0.00568	0.00426	0.05432	0.00927	0.16784	0.01210	0.01316	0.00908	0.00614	0.05258	0.00140	0.00311	0.00360	0.46384	0.00465
8	0.00719	0.00620	0.05132	0.00658	0.00787	0.03949	0.00529	0.05611	0.03482	0.04939	0.04131	0.37899	0.13786	0.02250	0.00513	0.00157	0.00315	0.13749	0.00366	0.00406
9	0.00766	0.00530	0.00547	0.00523	0.00664	0.00556	0.00398	0.01216	0.24980	0.01466	0.02025	0.04626	0.18093	0.00635	0.00370	0.00118	0.00233	0.00525	0.41283	0.00447
10	0.00552	0.00453	0.00491	0.00474	0.00609	0.00413	0.00358	0.00771	0.08302	0.01288	0.24376	0.03463	0.55132	0.00933	0.00473	0.00135	0.00212	0.00789	0.00398	0.00380
11	0.01013	0.06000	0.01629	0.08339	0.60972	0.03647	0.04351	0.03074	0.00927	0.01283	0.00741	0.00978	0.00619	0.00384	0.00438	0.00122	0.04325	0.00354	0.00202	0.00604
12	0.04086	0.00709	0.00908	0.03440	0.04271	0.00703	0.03121	0.09912	0.11589	0.31679	0.07232	0.06592	0.08081	0.00599	0.00416	0.00129	0.00337	0.00505	0.05118	0.00574
13	0.00494	0.00353	0.00471	0.00565	0.00588	0.00330	0.00377	0.00565	0.00777	0.01036	0.02236	0.85477	0.02683	0.01271	0.00518	0.00165	0.00235	0.01153	0.00377	0.00330
14	0.10806	0.01800	0.65108	0.01070	0.01594	0.00910	0.04633	0.01276	0.00862	0.03885	0.03906	0.00944	0.00652	0.00403	0.00378	0.00128	0.00547	0.00318	0.00203	0.00574
15	0.03207	0.01074	0.01152	0.00976	0.03749	0.10573	0.01860	0.35478	0.07274	0.09661	0.03064	0.02588	0.00821	0.00541	0.00573	0.00133	0.15961	0.00384	0.00339	0.00593
16	0.00951	0.00924	0.01489	0.15651	0.59055	0.03158	0.01154	0.01178	0.00890	0.01236	0.00860	0.01108	0.03656	0.00420	0.00470	0.00127	0.06510	0.00376	0.00203	0.00582
17	0.00705	0.00352	0.00529	0.00529	0.00529	0.00352	0.00352	0.00529	0.00529	0.00705	0.00705	0.01233	0.00705	0.01409	0.01586	0.88196	0.00352	0.00352	0.00176	0.00176
18	0.00908	0.00792	0.00930	0.00699	0.01032	0.02044	0.03887	0.05327	0.12844	0.01428	0.00963	0.01036	0.02889	0.00370	0.00336	0.00081	0.00331	0.00305	0.00276	0.63524
19	0.01126	0.07110	0.12335	0.00732	0.01012	0.03320	0.00669	0.07675	0.05747	0.25918	0.09189	0.07673	0.14493	0.00642	0.00419	0.00128	0.00361	0.00528	0.00376	0.00546

[dist]
# distance from previous block
# <min> <max>
0	2

[block]
# block no. 12 follows, 66 sequences, length 12
# corresponding to MSA columns:
# 925-936
name=unknown_M
#
# <colnr> <probs for GDERKNQSTAVLIFYWHMCP>
#	G	D	E	R	K	N	Q	S	T	A	V	L	I	F	Y	W	H	M	C	P
0	0.00502	0.00365	0.00473	0.00546	0.00587	0.00336	0.00371	0.00588	0.00830	0.01105	0.11129	0.69614	0.09651	0.01203	0.00510	0.00158	0.00228	0.01083	0.00384	0.00336
1	0.00551	0.00414	0.00510	0.00486	0.00592	0.00373	0.00365	0.00721	0.01094	0.01498	0.63792	0.03243	0.23113	0.00878	0.00479	0.00130	0.00195	0.00764	0.00430	0.00373
2	0.05447	0.01180	0.07883	0.08327	0.21267	0.14666	0.00936	0.16488	0.05174	0.02550	0.00814	0.00963	0.00639	0.00495	0.02592	0.00135	0.04668	0.00334	0.00255	0.05188
3	0.01076	0.01161	0.04095	0.18303	0.36189	0.19933	0.01058	0.05492	0.01003	0.01257	0.03825	0.01024	0.00710	0.00417	0.00422	0.00122	0.02794	0.00350	0.00217	0.00551
4	0.00571	0.00416	0.00489	0.00505	0.00574	0.00394	0.00364	0.00660	0.00817	0.01056	0.11353	0.03446	0.24497	0.35062	0.01133	0.00249	0.00315	0.17452	0.00331	0.00315
5	0.04026	0.25856	0.07455	0.05527	0.09534	0.01195	0.11594	0.16948	0.01059	0.04961	0.00776	0.00917	0.00612	0.00487	0.02894	0.00133	0.04884	0.00330	0.00244	0.00567
6	0.05233	0.05126	0.07191	0.09894	0.01337	0.13566	0.06241	0.08302	0.05447	0.15548	0.01121	0.06546	0.03063	0.00645	0.04515	0.00154	0.04827	0.00417	0.00296	0.00531
7	0.00564	0.00410	0.00509	0.00568	0.00636	0.00388	0.00413	0.03663	0.00871	0.01149	0.02477	0.52776	0.17042	0.01143	0.00502	0.00158	0.00255	0.11974	0.04151	0.00354
8	0.00528	0.00422	0.00479	0.00510	0.00613	0.00385	0.00377	0.00685	0.05178	0.01132	0.05165	0.29082	0.45326	0.01081	0.00494	0.00149	0.00234	0.07421	0.00380	0.00358
9	0.12852	0.00832	0.02391	0.09805	0.04315	0.02140	0.03320	0.18343	0.09707	0.14343	0.05955	0.08258	0.01158	0.00574	0.00408	0.00133	0.00391	0.04168	0.00354	0.00553
10	0.02754	0.03222	0.02530	0.06836	0.01261	0.06917	0.05952	0.20536	0.10846	0.12632	0.01241	0.04862	0.05403	0.00542	0.00485	0.00128	0.07707	0.00427	0.00332	0.05385
11	0.00870	0.03358	0.00922	0.00801	0.00933	0.15077	0.04849	0.03886	0.03632	0.02771	0.01100	0.11101	0.01068	0.06831	0.32490	0.00346	0.06952	0.00481	0.00251	0.02281

[dist]
# distance from previous block
# <min> <max>
2	39

[block]
# block no. 13 follows, 66 sequences, length 40
# corresponding to MSA columns:
# 976-995,998-1017
name=unknown_N
#
# <colnr> <probs for GDERKNQSTAVLIFYWHMCP>
#	G	D	E	R	K	N	Q	S	T	A	V	L	I	F	Y	W	H	M	C	P
0	0.02187	0.03612	0.19049	0.01156	0.01499	0.15015	0.22378	0.05402	0.04385	0.08094	0.00872	0.01031	0.00665	0.00641	0.07517	0.00172	0.05168	0.00371	0.00241	0.00545
1	0.01136	0.00862	0.02877	0.00988	0.07664	0.04955	0.03230	0.08519	0.04072	0.20183	0.02753	0.01466	0.09207	0.03000	0.04752	0.00172	0.22875	0.00438	0.00315	0.00533
2	0.00860	0.03126	0.69060	0.01193	0.01750	0.00956	0.10497	0.01326	0.03393	0.02969	0.00782	0.00911	0.00558	0.00387	0.00395	0.00129	0.00593	0.00326	0.00189	0.00596
3	0.01356	0.01214	0.03629	0.00913	0.01163	0.21188	0.00744	0.27618	0.15769	0.09717	0.01043	0.01064	0.00775	0.00498	0.00468	0.00124	0.07467	0.00359	0.04300	0.00591
4	0.01045	0.00597	0.00677	0.00599	0.00781	0.00617	0.00469	0.02454	0.24138	0.18869	0.07564	0.01593	0.01292	0.00573	0.01839	0.00126	0.00279	0.00435	0.35531	0.00523
5	0.00602	0.00440	0.00502	0.00476	0.00610	0.00389	0.00360	0.00768	0.03203	0.05847	0.32748	0.03382	0.47371	0.00913	0.00473	0.00133	0.00211	0.00776	0.00410	0.00384
6	0.00504	0.00387	0.00462	0.00497	0.00577	0.00345	0.00352	0.00610	0.00904	0.01172	0.18510	0.39038	0.32994	0.01095	0.00496	0.00147	0.00216	0.00961	0.00390	0.00345
7	0.01115	0.00973	0.00947	0.00844	0.01077	0.09569	0.00658	0.04084	0.66495	0.06147	0.01532	0.01452	0.01152	0.00540	0.00409	0.00134	0.00369	0.01482	0.00396	0.00625
8	0.00590	0.00393	0.00442	0.00442	0.00442	0.00393	0.00246	0.00590	0.00590	0.00787	0.01278	0.02655	0.01475	0.85742	0.02065	0.00393	0.00393	0.00590	0.00246	0.00246
9	0.00502	0.00360	0.00467	0.00548	0.00576	0.00336	0.00364	0.00571	0.00775	0.01030	0.03564	0.74517	0.06057	0.07493	0.00630	0.00180	0.00245	0.01092	0.00368	0.00325
10	0.08245	0.17190	0.05008	0.04093	0.01268	0.01981	0.09110	0.17403	0.08777	0.10411	0.00981	0.01171	0.00773	0.00486	0.00454	0.00127	0.07143	0.04511	0.00299	0.00567
11	0.00494	0.00353	0.00471	0.00565	0.00588	0.00330	0.00377	0.00565	0.00777	0.01036	0.02236	0.85477	0.02683	0.01271	0.00518	0.00165	0.00235	0.01153	0.00377	0.00330
12	0.00705	0.00352	0.00529	0.00529	0.00529	0.00352	0.00352	0.00529	0.00529	0.00705	0.00705	0.01233	0.00705	0.01409	0.01586	0.88196	0.00352	0.00352	0.00176	0.00176
13	0.00814	0.02099	0.83640	0.01156	0.01756	0.00942	0.01499	0.01285	0.00857	0.01285	0.00728	0.00857	0.00514	0.00385	0.00385	0.00128	0.00600	0.00300	0.00171	0.00600
14	0.01450	0.01091	0.01100	0.10198	0.01345	0.15972	0.00756	0.32945	0.05334	0.20571	0.01142	0.01196	0.02223	0.00496	0.00404	0.00124	0.00473	0.02205	0.00366	0.00608
15	0.00528	0.00449	0.00460	0.00453	0.00594	0.00400	0.00341	0.00722	0.07913	0.01161	0.06058	0.05820	0.71709	0.00987	0.00475	0.00138	0.00216	0.00827	0.00382	0.00369
16	0.00485	0.00411	0.00418	0.00416	0.00551	0.00345	0.00312	0.00592	0.00937	0.01125	0.08457	0.03856	0.78681	0.01017	0.00479	0.00136	0.00205	0.00850	0.00381	0.00345
17	0.01555	0.01179	0.01197	0.00931	0.01246	0.08206	0.00763	0.70692	0.01803	0.06885	0.00979	0.00976	0.00693	0.00482	0.00403	0.00121	0.00465	0.00359	0.00395	0.00671
18	0.00574	0.00415	0.00542	0.00510	0.00606	0.00383	0.00383	0.00766	0.01148	0.01627	0.82997	0.03031	0.03828	0.00829	0.00479	0.00128	0.00191	0.00734	0.00447	0.00383
19	0.00991	0.08111	0.01652	0.09057	0.69718	0.01013	0.01189	0.01226	0.00906	0.01271	0.00743	0.00981	0.00624	0.00364	0.00390	0.00119	0.00483	0.00349	0.00197	0.00617
20	0.01717	0.00713	0.00938	0.00735	0.01038	0.00649	0.00602	0.02000	0.11502	0.73091	0.01607	0.01398	0.01034	0.00508	0.00409	0.00127	0.00342	0.00414	0.00491	0.00684
21	0.01452	0.01803	0.01085	0.00989	0.01188	0.77054	0.00742	0.01563	0.01125	0.01037	0.00686	0.00797	0.00566	0.00423	0.00359	0.00104	0.00686	0.00271	0.07609	0.00463
22	0.00493	0.00358	0.00466	0.00552	0.00585	0.00331	0.00371	0.00566	0.00789	0.01041	0.02394	0.78600	0.09458	0.01251	0.00515	0.00162	0.00233	0.01128	0.00377	0.00331
23	0.01542	0.01136	0.01218	0.00933	0.01258	0.01258	0.00771	0.81858	0.01908	0.02557	0.00974	0.00974	0.00690	0.00487	0.00406	0.00122	0.00446	0.00365	0.00406	0.00690
24	0.00560	0.00412	0.00513	0.00489	0.00583	0.00377	0.00359	0.00721	0.01065	0.01470	0.63340	0.03140	0.16451	0.08019	0.00612	0.00152	0.00211	0.00741	0.00418	0.00365
25	0.00725	0.11857	0.00753	0.01993	0.00725	0.00573	0.00429	0.02619	0.01015	0.07970	0.26351	0.02897	0.38984	0.00814	0.00441	0.00126	0.00254	0.00679	0.00377	0.00416
26	0.01069	0.61907	0.18497	0.00808	0.01204	0.01442	0.00863	0.08027	0.00922	0.01156	0.00632	0.00720	0.00534	0.00367	0.00298	0.00098	0.00468	0.00246	0.00193	0.00551
27	0.00982	0.00848	0.00891	0.00804	0.01029	0.00974	0.00625	0.02074	0.78237	0.01666	0.01779	0.01638	0.05492	0.00575	0.00416	0.00138	0.00315	0.00479	0.00411	0.00627
28	0.00888	0.00952	0.08507	0.07943	0.54251	0.00859	0.04173	0.01128	0.00888	0.01254	0.00993	0.14407	0.00947	0.00510	0.00422	0.00130	0.00465	0.00486	0.00225	0.00572
29	0.00780	0.00657	0.00776	0.00595	0.00896	0.00504	0.00462	0.00941	0.00830	0.01272	0.00987	0.15687	0.00966	0.00471	0.00339	0.00078	0.00289	0.00401	0.00264	0.72804
