[name]
unknown

[dist]
# distance from previous block
# <min> <max>
0	99

[block]
# block no. 0 follows, 55 sequences, length 15
# corresponding to MSA columns:
# 99-113
name=unknown_A
#
# <colnr> <probs for GDERKNQSTAVLIFYWHMCP>
#	G	D	E	R	K	N	Q	S	T	A	V	L	I	F	Y	W	H	M	C	P
0	0.03411	0.29511	0.22751	0.00934	0.01329	0.05333	0.00967	0.05945	0.01091	0.06171	0.08811	0.02961	0.01176	0.04869	0.00510	0.00147	0.00520	0.02677	0.00287	0.00598
1	0.11348	0.08573	0.06079	0.00748	0.00951	0.02693	0.04654	0.02244	0.00984	0.01402	0.04317	0.30103	0.18564	0.00970	0.00492	0.00158	0.00366	0.01996	0.02889	0.00465
2	0.03854	0.41131	0.12559	0.01019	0.04259	0.03416	0.03758	0.11761	0.01135	0.03719	0.00933	0.05216	0.00820	0.00588	0.02635	0.00142	0.00547	0.01618	0.00268	0.00624
3	0.01022	0.05251	0.06408	0.00947	0.03191	0.06831	0.08899	0.06970	0.01152	0.08672	0.06855	0.18986	0.17208	0.03053	0.00563	0.00163	0.00441	0.02478	0.00380	0.00531
4	0.00594	0.00452	0.00651	0.00708	0.00764	0.00420	0.04521	0.00693	0.00909	0.01206	0.02578	0.75476	0.06488	0.01389	0.00589	0.00186	0.00295	0.01267	0.00422	0.00392
5	0.01292	0.20183	0.30558	0.01175	0.06247	0.13260	0.01154	0.03491	0.01101	0.11913	0.00999	0.04867	0.00798	0.00504	0.00419	0.00133	0.00597	0.00384	0.00273	0.00650
6	0.01284	0.22967	0.14761	0.01426	0.16440	0.11441	0.06033	0.10836	0.02842	0.03307	0.00928	0.04021	0.00773	0.00485	0.00422	0.00131	0.00588	0.00391	0.00267	0.00655
7	0.00665	0.00469	0.00581	0.00643	0.00705	0.00452	0.00450	0.04389	0.00963	0.01295	0.02488	0.54422	0.08863	0.09489	0.00748	0.00207	0.00305	0.06943	0.05529	0.00396
8	0.00628	0.00458	0.00580	0.00650	0.00712	0.00433	0.00455	0.03595	0.00983	0.01297	0.06369	0.61215	0.11456	0.03476	0.00631	0.00190	0.00287	0.05757	0.00433	0.00398
9	0.07091	0.06122	0.04016	0.02877	0.05863	0.00864	0.00722	0.11409	0.04077	0.26278	0.01565	0.15417	0.01314	0.00685	0.00450	0.00145	0.00399	0.00570	0.09500	0.00636
10	0.03955	0.01256	0.10815	0.00957	0.01250	0.17853	0.04455	0.04476	0.06413	0.19348	0.03834	0.07956	0.06695	0.07892	0.00636	0.00172	0.00523	0.00546	0.00375	0.00592
11	0.10907	0.23947	0.12742	0.00889	0.01288	0.05221	0.00855	0.04562	0.01147	0.31021	0.02494	0.01156	0.00863	0.00493	0.00397	0.00131	0.00485	0.00363	0.00365	0.00673
12	0.00965	0.13783	0.27584	0.03205	0.01368	0.02157	0.00993	0.07315	0.06609	0.01488	0.07156	0.14517	0.02488	0.05550	0.02667	0.00180	0.00517	0.00574	0.00308	0.00576
13	0.07263	0.13883	0.26056	0.01103	0.04540	0.12253	0.01069	0.08519	0.04332	0.06428	0.08080	0.01222	0.01020	0.00517	0.00439	0.00136	0.01822	0.00387	0.00297	0.00635
14	0.05223	0.13505	0.38685	0.01141	0.05007	0.06594	0.02486	0.02852	0.01017	0.02399	0.04487	0.01197	0.00859	0.05921	0.00540	0.00152	0.00582	0.00372	0.00242	0.06738

[dist]
# distance from previous block
# <min> <max>
39	119

[block]
# block no. 1 follows, 55 sequences, length 12
# corresponding to MSA columns:
# 257-268
name=unknown_B
#
# <colnr> <probs for GDERKNQSTAVLIFYWHMCP>
#	G	D	E	R	K	N	Q	S	T	A	V	L	I	F	Y	W	H	M	C	P
0	0.00857	0.00698	0.05797	0.00764	0.00915	0.00677	0.00629	0.09026	0.00940	0.03747	0.01275	0.01834	0.01155	0.12421	0.49292	0.00539	0.00926	0.00496	0.07545	0.00468
1	0.63801	0.00939	0.02613	0.00662	0.00942	0.04707	0.00547	0.01399	0.00881	0.09116	0.01056	0.01180	0.05625	0.04379	0.00427	0.00158	0.00390	0.00341	0.00318	0.00519
2	0.01085	0.01109	0.08733	0.29344	0.18895	0.02417	0.04729	0.11486	0.03803	0.02635	0.01186	0.01415	0.05715	0.00586	0.02264	0.00161	0.01970	0.00454	0.01393	0.00620
3	0.04314	0.17998	0.15675	0.01068	0.01460	0.09829	0.08255	0.19010	0.01322	0.05015	0.06934	0.01308	0.02898	0.02369	0.00475	0.00141	0.00560	0.00418	0.00316	0.00635
4	0.00630	0.00504	0.00620	0.08021	0.00905	0.00477	0.00496	0.00784	0.01063	0.01356	0.18668	0.09975	0.39909	0.06252	0.00668	0.00181	0.00302	0.08364	0.00417	0.00409
5	0.01315	0.01212	0.01642	0.04232	0.53310	0.13005	0.01213	0.04264	0.01171	0.08767	0.04659	0.01254	0.00924	0.00470	0.00460	0.00137	0.00566	0.00422	0.00284	0.00695
6	0.04665	0.11489	0.04406	0.08552	0.21028	0.06772	0.11889	0.16872	0.04029	0.02803	0.00922	0.01098	0.00720	0.00466	0.00467	0.00139	0.02329	0.00401	0.00286	0.00668
7	0.00797	0.04492	0.00923	0.03120	0.09919	0.00661	0.02466	0.03398	0.05130	0.02483	0.02153	0.40009	0.07672	0.08610	0.00710	0.00197	0.00373	0.06038	0.00379	0.00472
8	0.00626	0.00471	0.00587	0.00665	0.00729	0.00456	0.00463	0.00827	0.08112	0.01271	0.02717	0.65072	0.10760	0.01348	0.00580	0.00184	0.00281	0.04002	0.00436	0.00414
9	0.03442	0.09570	0.08354	0.05080	0.39870	0.01057	0.05793	0.01326	0.01034	0.01484	0.06540	0.04639	0.01048	0.00491	0.00444	0.00133	0.00515	0.00450	0.00258	0.08472
10	0.06014	0.11940	0.18935	0.03179	0.13234	0.06401	0.08171	0.04377	0.10343	0.01522	0.00925	0.01081	0.00730	0.00484	0.00517	0.00141	0.07349	0.00381	0.00260	0.04017
11	0.01162	0.07123	0.10519	0.11630	0.20638	0.07405	0.14287	0.07221	0.04142	0.03147	0.01067	0.05031	0.02240	0.00515	0.00485	0.00145	0.01868	0.00467	0.00269	0.00640

[dist]
# distance from previous block
# <min> <max>
15	77

[block]
# block no. 2 follows, 55 sequences, length 44
# corresponding to MSA columns:
# 360-403
name=unknown_C
#
# <colnr> <probs for GDERKNQSTAVLIFYWHMCP>
#	G	D	E	R	K	N	Q	S	T	A	V	L	I	F	Y	W	H	M	C	P
0	0.02749	0.02215	0.02154	0.01150	0.09959	0.09722	0.05870	0.15055	0.08019	0.08061	0.04995	0.07198	0.04884	0.02470	0.00502	0.00141	0.00478	0.00514	0.00365	0.13498
1	0.02472	0.02543	0.01187	0.01137	0.11605	0.03491	0.05737	0.09755	0.11889	0.09532	0.13700	0.10657	0.04410	0.00705	0.00486	0.00144	0.00416	0.01838	0.00402	0.07895
2	0.04933	0.01020	0.07940	0.01257	0.17099	0.02302	0.02762	0.08911	0.11155	0.08093	0.05548	0.04894	0.08920	0.06182	0.01357	0.00171	0.00456	0.01652	0.00361	0.04987
3	0.03276	0.04294	0.03176	0.04753	0.09381	0.04408	0.08796	0.12334	0.04901	0.09829	0.02905	0.02312	0.05319	0.00524	0.00469	0.00129	0.02569	0.00442	0.00338	0.19845
4	0.01267	0.07643	0.03427	0.05029	0.22533	0.03329	0.08563	0.17100	0.06349	0.05937	0.01166	0.04586	0.00976	0.02509	0.00508	0.00149	0.00526	0.03159	0.01815	0.03430
5	0.06582	0.44905	0.07097	0.00926	0.01283	0.11834	0.00866	0.07743	0.02502	0.05718	0.00791	0.00885	0.00653	0.00468	0.00430	0.00122	0.06023	0.00303	0.00257	0.00613
6	0.00900	0.05754	0.00862	0.00684	0.00864	0.04359	0.00537	0.09060	0.03125	0.03587	0.53485	0.02872	0.08391	0.00841	0.00511	0.00141	0.00306	0.00718	0.00465	0.02538
7	0.00860	0.04497	0.00953	0.00821	0.00938	0.04982	0.02337	0.05737	0.02889	0.01208	0.01212	0.03717	0.01165	0.14080	0.46277	0.00528	0.06566	0.00512	0.00271	0.00452
8	0.01201	0.00882	0.00982	0.00856	0.01086	0.00966	0.00672	0.21887	0.28254	0.05907	0.08842	0.06095	0.01643	0.05894	0.04307	0.00197	0.00427	0.03858	0.05409	0.00635
9	0.01174	0.70833	0.02172	0.00779	0.01139	0.01653	0.00753	0.01385	0.04587	0.01219	0.09618	0.01096	0.01058	0.00470	0.00334	0.00107	0.00461	0.00328	0.00246	0.00586
10	0.01125	0.04707	0.01110	0.00772	0.01170	0.00844	0.00629	0.14578	0.05284	0.01761	0.00924	0.01021	0.00740	0.00398	0.00370	0.00087	0.00381	0.00312	0.00315	0.63471
11	0.00708	0.00536	0.00608	0.00587	0.00707	0.00516	0.00429	0.03623	0.06634	0.01468	0.24105	0.05151	0.27784	0.18598	0.00930	0.00219	0.00306	0.04816	0.01853	0.00422
12	0.00664	0.00453	0.00504	0.00504	0.00519	0.00445	0.00289	0.00676	0.00713	0.00936	0.01777	0.03182	0.09258	0.75738	0.02193	0.00423	0.00430	0.00706	0.00296	0.00293
13	0.79905	0.00923	0.00741	0.03846	0.01007	0.02457	0.00555	0.01363	0.00804	0.02011	0.00655	0.00783	0.00513	0.00444	0.00329	0.00145	0.02470	0.00263	0.00282	0.00505
14	0.00605	0.00454	0.00564	0.00631	0.00714	0.00418	0.00467	0.00727	0.00989	0.01273	0.07071	0.39688	0.24943	0.03565	0.00637	0.00190	0.00293	0.15946	0.00431	0.00392
15	0.00951	0.00933	0.01428	0.71587	0.08924	0.05961	0.01278	0.01247	0.00964	0.01210	0.00824	0.01209	0.00628	0.00462	0.00462	0.00152	0.00628	0.00407	0.00210	0.00535
16	0.00574	0.00472	0.00507	0.00517	0.00659	0.00406	0.00391	0.00706	0.01077	0.01320	0.11750	0.08597	0.64096	0.01178	0.00558	0.00161	0.00248	0.05944	0.00439	0.00399
17	0.00792	0.00574	0.00669	0.00613	0.00777	0.00544	0.00469	0.04975	0.07498	0.05848	0.40855	0.03454	0.29236	0.00962	0.00535	0.00150	0.00261	0.00822	0.00483	0.00483
18	0.01451	0.01638	0.01565	0.01762	0.27733	0.39319	0.04622	0.05503	0.05807	0.01415	0.00864	0.01035	0.00707	0.00481	0.00492	0.00134	0.04206	0.00373	0.00260	0.00631
19	0.00963	0.00827	0.00975	0.02671	0.01153	0.00630	0.00569	0.01172	0.00964	0.01508	0.00827	0.00971	0.00687	0.00347	0.00347	0.00071	0.00351	0.00279	0.00274	0.84413
20	0.00632	0.00472	0.00619	0.00719	0.02753	0.00454	0.00491	0.00806	0.05122	0.01313	0.09442	0.60692	0.06960	0.01317	0.00581	0.00182	0.00287	0.06305	0.00436	0.00415
21	0.00598	0.00469	0.00534	0.00524	0.00651	0.00412	0.00387	0.00749	0.01138	0.01477	0.33981	0.07269	0.44658	0.04332	0.00622	0.00166	0.00239	0.00929	0.00457	0.00406
22	0.01706	0.01287	0.01467	0.01115	0.01494	0.01405	0.05641	0.72384	0.02088	0.02806	0.01098	0.01121	0.00783	0.00543	0.00467	0.00139	0.00524	0.00423	0.00446	0.03062
23	0.03078	0.01222	0.01350	0.01042	0.01397	0.01335	0.02394	0.67907	0.02024	0.07562	0.01196	0.03373	0.00887	0.02402	0.00510	0.00148	0.00500	0.00451	0.00460	0.00761
24	0.06687	0.01026	0.01307	0.05304	0.02612	0.03677	0.09982	0.14617	0.21486	0.21601	0.03278	0.01553	0.02483	0.00574	0.00471	0.00149	0.00474	0.01588	0.00433	0.00697
25	0.01041	0.04256	0.15508	0.00891	0.01175	0.00864	0.00816	0.08328	0.18341	0.08499	0.12575	0.20363	0.01974	0.00824	0.00501	0.00158	0.00405	0.02464	0.00415	0.00602
26	0.00581	0.00422	0.00536	0.00615	0.00662	0.00391	0.00416	0.00669	0.00920	0.01212	0.06797	0.62237	0.12428	0.07747	0.00724	0.00203	0.00280	0.02358	0.00424	0.00376
27	0.01018	0.01014	0.05736	0.09289	0.29845	0.00956	0.14013	0.05227	0.03533	0.02365	0.05426	0.11809	0.01290	0.05667	0.00613	0.00170	0.00535	0.00591	0.00294	0.00610
28	0.01024	0.10777	0.58658	0.01236	0.01826	0.01131	0.05512	0.02788	0.03246	0.04363	0.04524	0.01130	0.00816	0.00470	0.00439	0.00143	0.00629	0.00378	0.00239	0.00670
29	0.00907	0.00848	0.01411	0.65071	0.13843	0.01013	0.01252	0.01227	0.02958	0.01254	0.00951	0.05516	0.00785	0.00514	0.00471	0.00155	0.00586	0.00464	0.00229	0.00546
30	0.00796	0.00541	0.00755	0.00848	0.00963	0.00536	0.00736	0.01004	0.01075	0.04506	0.02442	0.07837	0.02632	0.01263	0.00634	0.00211	0.00422	0.71926	0.00434	0.00441
31	0.02340	0.01187	0.10786	0.01449	0.11178	0.03240	0.23746	0.08086	0.04263	0.12869	0.07721	0.04691	0.05119	0.00577	0.00499	0.00149	0.00555	0.00549	0.00347	0.00649
32	0.66067	0.16009	0.01041	0.00682	0.00987	0.06268	0.00582	0.01403	0.00853	0.01848	0.00652	0.00759	0.00527	0.00429	0.00298	0.00134	0.00415	0.00254	0.00269	0.00523
33	0.00961	0.00911	0.01536	0.53513	0.29194	0.01040	0.01312	0.01255	0.00977	0.01302	0.00949	0.01299	0.02844	0.00468	0.00466	0.00149	0.00587	0.00429	0.00221	0.00587
34	0.01061	0.01197	0.14895	0.03647	0.19913	0.04626	0.02377	0.01606	0.20236	0.05121	0.12026	0.01877	0.07076	0.00621	0.00481	0.00148	0.00474	0.01620	0.00353	0.00645
35	0.01425	0.00744	0.00946	0.00737	0.01057	0.00631	0.00590	0.02796	0.01145	0.38051	0.05189	0.01705	0.05200	0.05054	0.05494	0.00174	0.00420	0.00462	0.00434	0.27745
36	0.00633	0.00471	0.00589	0.00567	0.00681	0.00427	0.00422	0.00826	0.01246	0.01715	0.62090	0.07713	0.18859	0.01020	0.00551	0.00151	0.00225	0.00893	0.00493	0.00427
37	0.08857	0.01091	0.02988	0.03053	0.03406	0.05236	0.01739	0.14826	0.25413	0.06229	0.01236	0.01286	0.00943	0.01771	0.00523	0.00142	0.05463	0.00412	0.00374	0.15012
38	0.00659	0.00478	0.00582	0.00604	0.00696	0.00450	0.00454	0.00798	0.01027	0.01361	0.21099	0.08082	0.20958	0.19449	0.00971	0.00234	0.00326	0.18782	0.02602	0.00388
39	0.03549	0.01004	0.01186	0.02827	0.01282	0.03834	0.03856	0.32456	0.01550	0.20639	0.06231	0.08653	0.01329	0.02789	0.00571	0.00157	0.03682	0.01917	0.01818	0.00669
40	0.04279	0.03191	0.06880	0.34080	0.21335	0.02355	0.09561	0.04630	0.02411	0.03578	0.00906	0.01193	0.00698	0.00520	0.02330	0.00161	0.00616	0.00417	0.00244	0.00615
41	0.00763	0.00489	0.00613	0.00603	0.00727	0.00437	0.00444	0.00914	0.01136	0.10203	0.31623	0.26414	0.21656	0.01109	0.00553	0.00161	0.00257	0.00972	0.00477	0.00449
42	0.01278	0.01141	0.01792	0.07021	0.55421	0.05142	0.06622	0.06185	0.01158	0.08303	0.00965	0.01182	0.00760	0.00441	0.00466	0.00140	0.00571	0.00423	0.00273	0.00715
43	0.01044	0.01001	0.01310	0.17793	0.03409	0.09832	0.10681	0.06318	0.10477	0.01376	0.01130	0.02821	0.00985	0.10561	0.13674	0.00282	0.06000	0.00489	0.00282	0.00536

[dist]
# distance from previous block
# <min> <max>
4	11

[block]
# block no. 3 follows, 55 sequences, length 16
# corresponding to MSA columns:
# 416-431
name=unknown_D
#
# <colnr> <probs for GDERKNQSTAVLIFYWHMCP>
#	G	D	E	R	K	N	Q	S	T	A	V	L	I	F	Y	W	H	M	C	P
0	0.03489	0.32632	0.04019	0.03247	0.09647	0.11386	0.00825	0.01346	0.03746	0.02554	0.02912	0.06630	0.04007	0.06298	0.00562	0.00153	0.02084	0.03638	0.00271	0.00556
1	0.00867	0.07723	0.01047	0.00938	0.07150	0.00710	0.05439	0.04760	0.02333	0.04681	0.12063	0.35008	0.06638	0.00991	0.00525	0.00159	0.00362	0.03828	0.00395	0.04380
2	0.03593	0.12028	0.05795	0.01352	0.14903	0.07529	0.05283	0.17406	0.09202	0.07252	0.01078	0.03379	0.00857	0.00526	0.00490	0.00138	0.04582	0.00419	0.00329	0.03857
3	0.01215	0.04914	0.11289	0.03344	0.32424	0.06686	0.08130	0.08655	0.03310	0.05641	0.08830	0.01366	0.01104	0.00501	0.00466	0.00140	0.00559	0.00451	0.00299	0.00675
4	0.01279	0.78065	0.02357	0.00825	0.01212	0.07579	0.00803	0.01426	0.00972	0.01098	0.00652	0.00753	0.00597	0.00404	0.00307	0.00101	0.00522	0.00252	0.00202	0.00593
5	0.00808	0.00404	0.00606	0.00606	0.00606	0.00404	0.00404	0.00606	0.00606	0.00808	0.00808	0.01414	0.00808	0.01616	0.01818	0.86465	0.00404	0.00404	0.00202	0.00202
6	0.00739	0.00489	0.00626	0.00583	0.00701	0.00451	0.00434	0.00937	0.01252	0.06026	0.65145	0.03329	0.07081	0.06609	0.00662	0.00166	0.00245	0.00803	0.03276	0.00445
7	0.00644	0.00517	0.00566	0.00564	0.00696	0.00483	0.00414	0.00880	0.08807	0.01367	0.13893	0.11479	0.45248	0.09348	0.00730	0.00190	0.00277	0.03043	0.00432	0.00421
8	0.08796	0.00770	0.00977	0.00772	0.01088	0.00702	0.00628	0.04479	0.01266	0.60815	0.04188	0.01746	0.04498	0.04239	0.00538	0.00157	0.00382	0.00489	0.02762	0.00709
9	0.82664	0.00894	0.00704	0.00623	0.00914	0.01026	0.00513	0.01413	0.00819	0.06064	0.00708	0.00797	0.00536	0.00439	0.00297	0.00144	0.00362	0.00263	0.00302	0.00518
10	0.00839	0.00517	0.00672	0.00609	0.00755	0.00468	0.00465	0.01046	0.01301	0.12245	0.64945	0.03295	0.09197	0.00917	0.00538	0.00147	0.00244	0.00802	0.00515	0.00482
11	0.00572	0.00443	0.00522	0.00563	0.00658	0.00393	0.00399	0.00689	0.01023	0.01312	0.14387	0.38152	0.36691	0.01266	0.00569	0.00169	0.00248	0.01108	0.00443	0.00393
12	0.00724	0.00503	0.00623	0.00596	0.00725	0.00462	0.00445	0.00943	0.04065	0.06108	0.48417	0.13155	0.19426	0.01026	0.00547	0.00154	0.00244	0.00896	0.00488	0.00453
13	0.08516	0.01391	0.01323	0.11866	0.03305	0.26383	0.03505	0.18026	0.01311	0.06687	0.00906	0.01073	0.00702	0.00657	0.04108	0.00170	0.08787	0.00377	0.00305	0.00602
14	0.01123	0.01072	0.01806	0.11084	0.69727	0.01100	0.01388	0.01442	0.03965	0.01501	0.00908	0.01182	0.00750	0.00428	0.00462	0.00141	0.00553	0.00419	0.00237	0.00714
15	0.08866	0.01143	0.01246	0.00996	0.01311	0.03679	0.03293	0.52387	0.01762	0.05910	0.01220	0.07998	0.00990	0.00817	0.06051	0.00186	0.00543	0.00488	0.00423	0.00693

[dist]
# distance from previous block
# <min> <max>
0	1

[block]
# block no. 4 follows, 55 sequences, length 20
# corresponding to MSA columns:
# 433-438,446-459
name=unknown_E
#
# <colnr> <probs for GDERKNQSTAVLIFYWHMCP>
#	G	D	E	R	K	N	Q	S	T	A	V	L	I	F	Y	W	H	M	C	P
0	0.01075	0.00813	0.00936	0.00768	0.01053	0.00779	0.00604	0.08950	0.20012	0.07177	0.20088	0.03806	0.03069	0.00631	0.00452	0.00124	0.00337	0.00531	0.00423	0.28371
1	0.01101	0.01071	0.01878	0.16272	0.60962	0.01099	0.08002	0.01393	0.01041	0.01461	0.00873	0.01175	0.00714	0.00421	0.00469	0.00143	0.00584	0.00426	0.00227	0.00690
2	0.01154	0.01049	0.04262	0.01291	0.14278	0.03962	0.04698	0.04544	0.38776	0.05250	0.09160	0.01913	0.01543	0.00638	0.00489	0.00154	0.00443	0.05310	0.00408	0.00679
3	0.01646	0.01282	0.01324	0.01051	0.01396	0.04866	0.00856	0.60617	0.17578	0.02659	0.01254	0.01228	0.00908	0.00569	0.00465	0.00142	0.00498	0.00435	0.00457	0.00769
4	0.01208	0.01198	0.02240	0.01918	0.17297	0.03509	0.47600	0.08267	0.01201	0.05309	0.02532	0.03575	0.00873	0.00463	0.00518	0.00151	0.00674	0.00528	0.00281	0.00657
5	0.01252	0.01179	0.01796	0.02605	0.69739	0.07735	0.01342	0.01510	0.01096	0.05957	0.00916	0.01150	0.00749	0.00429	0.00458	0.00137	0.00567	0.00408	0.00250	0.00724
6	0.79339	0.05514	0.00849	0.00667	0.00967	0.01092	0.03126	0.01373	0.00810	0.02012	0.00657	0.00772	0.00516	0.00429	0.00297	0.00142	0.00382	0.00262	0.00281	0.00513
7	0.03098	0.09349	0.01553	0.01284	0.09277	0.22602	0.05767	0.28140	0.09668	0.03296	0.01017	0.01086	0.00777	0.00503	0.00440	0.00134	0.00598	0.00388	0.00342	0.00680
8	0.01242	0.01214	0.01788	0.01397	0.04431	0.09946	0.31541	0.11309	0.06918	0.04096	0.01079	0.04760	0.00870	0.00491	0.00494	0.00136	0.01862	0.00480	0.00307	0.15640
9	0.00668	0.00483	0.00670	0.00670	0.00726	0.00539	0.00485	0.00781	0.00725	0.01023	0.01317	0.02220	0.01333	0.29340	0.56189	0.00652	0.00990	0.00556	0.00260	0.00372
10	0.01266	0.00861	0.00944	0.00797	0.01035	0.00921	0.00638	0.33931	0.07059	0.05597	0.05643	0.06128	0.05680	0.00756	0.02382	0.00154	0.00395	0.03182	0.22019	0.00615
11	0.00607	0.00506	0.00536	0.00532	0.00687	0.00449	0.00406	0.00810	0.05623	0.01371	0.12838	0.04249	0.63448	0.01127	0.00550	0.00159	0.00252	0.04987	0.00443	0.00420
12	0.00790	0.00406	0.00599	0.00604	0.00610	0.00403	0.00404	0.00610	0.00632	0.00838	0.00997	0.05077	0.03209	0.01597	0.01728	0.80210	0.00393	0.00461	0.00219	0.00215
13	0.01089	0.00990	0.01429	0.13609	0.31299	0.01073	0.03254	0.03445	0.29298	0.01644	0.01454	0.01562	0.05188	0.00545	0.00471	0.00149	0.00479	0.00488	0.01856	0.00679
14	0.00571	0.00432	0.00529	0.00596	0.00668	0.00389	0.00416	0.00674	0.00971	0.01254	0.08052	0.53427	0.26094	0.01340	0.00579	0.00177	0.00260	0.02745	0.00437	0.00387
15	0.01689	0.01241	0.01327	0.01030	0.01383	0.01374	0.00847	0.71058	0.06190	0.02817	0.01179	0.01182	0.00845	0.00561	0.00458	0.00139	0.00489	0.00425	0.04995	0.00769
16	0.01244	0.83930	0.02438	0.00796	0.01194	0.01841	0.00796	0.01393	0.00945	0.01095	0.00647	0.00746	0.00597	0.00398	0.00299	0.00100	0.00498	0.00249	0.00199	0.00597
17	0.00567	0.00405	0.00540	0.00648	0.00675	0.00378	0.00432	0.00648	0.00891	0.01188	0.02564	0.83347	0.03077	0.01457	0.00594	0.00189	0.00270	0.01323	0.00432	0.00378
18	0.01193	0.01060	0.01581	0.20132	0.28673	0.01177	0.04537	0.18889	0.03777	0.01727	0.01059	0.01288	0.03469	0.00531	0.00577	0.00151	0.08785	0.00443	0.00290	0.00660
19	0.30668	0.20904	0.08853	0.00863	0.01188	0.05367	0.02628	0.06852	0.03689	0.01647	0.00853	0.02282	0.00737	0.04098	0.00505	0.00150	0.04826	0.01908	0.00273	0.01709

[dist]
# distance from previous block
# <min> <max>
0	2

[block]
# block no. 5 follows, 55 sequences, length 36
# corresponding to MSA columns:
# 462-497
name=unknown_F
#
# <colnr> <probs for GDERKNQSTAVLIFYWHMCP>
#	G	D	E	R	K	N	Q	S	T	A	V	L	I	F	Y	W	H	M	C	P
0	0.09442	0.31532	0.18857	0.01021	0.03264	0.16043	0.00985	0.04570	0.01072	0.04617	0.00852	0.04260	0.00722	0.00483	0.00380	0.00126	0.00576	0.00342	0.00250	0.00607
1	0.00627	0.00478	0.00591	0.00640	0.00747	0.00434	0.00488	0.00766	0.01020	0.01321	0.09018	0.31631	0.26611	0.01250	0.00579	0.00177	0.00296	0.19166	0.00431	0.03727
2	0.01248	0.01300	0.03950	0.02301	0.56004	0.14196	0.01259	0.05936	0.01155	0.01525	0.00928	0.04334	0.00805	0.00474	0.00456	0.00136	0.00585	0.00427	0.00253	0.02729
3	0.01218	0.01001	0.01087	0.03391	0.01283	0.01144	0.00769	0.11147	0.62891	0.03713	0.01801	0.01827	0.01383	0.00650	0.00481	0.00158	0.00396	0.04475	0.00464	0.00721
4	0.00729	0.00500	0.00624	0.00583	0.00704	0.00462	0.00432	0.00936	0.02898	0.05667	0.57849	0.03425	0.13325	0.08971	0.00720	0.00177	0.00256	0.00817	0.00482	0.00442
5	0.03363	0.01138	0.01225	0.00972	0.01299	0.01250	0.00792	0.56019	0.11067	0.07051	0.01313	0.03775	0.00979	0.00592	0.00456	0.00141	0.00456	0.00460	0.06914	0.00739
6	0.00600	0.00443	0.00564	0.00621	0.00695	0.00407	0.00447	0.00730	0.01031	0.01371	0.20692	0.45423	0.16373	0.01281	0.00580	0.00176	0.00266	0.07452	0.00450	0.00398
7	0.00674	0.00450	0.00508	0.00511	0.00512	0.00449	0.00286	0.00676	0.00682	0.00909	0.01494	0.05128	0.01727	0.81518	0.02322	0.00444	0.00446	0.00693	0.00286	0.00284
8	0.00600	0.00432	0.00575	0.00678	0.00719	0.00412	0.00475	0.00723	0.02568	0.01227	0.02538	0.72585	0.02996	0.01420	0.00597	0.00191	0.00290	0.10148	0.00432	0.00391
9	0.00677	0.00451	0.00507	0.00507	0.00507	0.00451	0.00282	0.00677	0.00677	0.00902	0.01466	0.03044	0.01691	0.83650	0.02368	0.00451	0.00451	0.00677	0.00282	0.00282
10	0.29605	0.01114	0.01260	0.12214	0.11528	0.04266	0.03196	0.27940	0.01350	0.02129	0.00872	0.01013	0.00657	0.00478	0.00407	0.00143	0.00502	0.00362	0.00327	0.00638
11	0.12206	0.02633	0.05242	0.07221	0.15360	0.16114	0.05008	0.21039	0.02664	0.06784	0.00949	0.01069	0.00714	0.00482	0.00435	0.00139	0.00581	0.00380	0.00320	0.00662
12	0.02003	0.00792	0.01055	0.00815	0.01161	0.00700	0.00671	0.05352	0.01346	0.73255	0.01787	0.01573	0.01139	0.00573	0.00459	0.00142	0.00390	0.00464	0.05551	0.00771
13	0.00816	0.00675	0.00961	0.00887	0.00941	0.00855	0.00704	0.00946	0.00743	0.02884	0.01066	0.01658	0.01024	0.09613	0.46005	0.00525	0.28526	0.00483	0.00244	0.00443
14	0.01317	0.01298	0.04114	0.02129	0.47003	0.12224	0.03431	0.08782	0.07494	0.04885	0.00993	0.01165	0.00787	0.00467	0.00476	0.00139	0.01890	0.00412	0.00286	0.00709
15	0.01173	0.24290	0.19036	0.01174	0.01599	0.04433	0.15005	0.09888	0.10322	0.01549	0.01036	0.04661	0.00853	0.00571	0.02312	0.00151	0.00597	0.00428	0.00278	0.00643
16	0.00623	0.00464	0.00612	0.00680	0.00704	0.00475	0.00468	0.00699	0.00853	0.01150	0.02257	0.63174	0.02680	0.12714	0.00913	0.00227	0.06748	0.03788	0.00393	0.00377
17	0.04193	0.00475	0.00655	0.00633	0.00666	0.00489	0.00436	0.05204	0.00705	0.00981	0.00820	0.01371	0.00795	0.01509	0.01680	0.78110	0.00409	0.00399	0.00221	0.00248
18	0.01151	0.01105	0.01888	0.02855	0.80748	0.01105	0.01428	0.01428	0.01059	0.01520	0.00875	0.01151	0.00737	0.00415	0.00461	0.00138	0.00553	0.00415	0.00230	0.00737
19	0.01070	0.04125	0.01060	0.02665	0.01174	0.01086	0.00718	0.03489	0.57363	0.01780	0.04320	0.05930	0.07164	0.00717	0.00539	0.00159	0.04955	0.00586	0.00438	0.00663
20	0.06421	0.04354	0.01087	0.00842	0.01154	0.04422	0.00681	0.14019	0.17014	0.22194	0.03512	0.03255	0.04726	0.00598	0.00442	0.00136	0.00406	0.01399	0.02037	0.11301
21	0.00875	0.03607	0.20865	0.00920	0.01244	0.00824	0.05440	0.04815	0.12443	0.01631	0.19543	0.08626	0.13865	0.00773	0.00499	0.00150	0.00421	0.00665	0.00377	0.02417
22	0.82004	0.00893	0.00707	0.00624	0.00916	0.01023	0.00514	0.01420	0.00823	0.06679	0.00717	0.00804	0.00541	0.00440	0.00298	0.00144	0.00362	0.00264	0.00305	0.00521
23	0.01163	0.00944	0.01026	0.02763	0.01209	0.02875	0.00743	0.09281	0.50250	0.04729	0.06608	0.03700	0.01681	0.00731	0.00499	0.00162	0.00396	0.10108	0.00461	0.00671
24	0.00831	0.00507	0.00651	0.00595	0.00734	0.00464	0.00453	0.01042	0.01279	0.10617	0.62035	0.03151	0.06611	0.00882	0.00520	0.00143	0.00239	0.00770	0.08000	0.00476
25	0.00595	0.00461	0.00542	0.00548	0.00663	0.00408	0.00401	0.00745	0.01129	0.01480	0.33641	0.18471	0.36965	0.01141	0.00557	0.00159	0.00236	0.00990	0.00463	0.00408
26	0.49508	0.00855	0.00842	0.00699	0.01010	0.00898	0.00575	0.04183	0.01044	0.31021	0.01208	0.01175	0.02612	0.00508	0.00366	0.00143	0.00372	0.00357	0.02009	0.00615
27	0.00590	0.00470	0.00529	0.00521	0.00655	0.00409	0.00388	0.00742	0.01145	0.01472	0.31866	0.07798	0.49553	0.01110	0.00551	0.00155	0.00231	0.00947	0.00461	0.00409
28	0.00567	0.00405	0.00540	0.00648	0.00675	0.00378	0.00432	0.00648	0.00891	0.01188	0.02564	0.83347	0.03077	0.01457	0.00594	0.00189	0.00270	0.01323	0.00432	0.00378
29	0.01738	0.02217	0.01318	0.01199	0.01438	0.81783	0.00899	0.01858	0.01318	0.01139	0.00719	0.00839	0.00599	0.00479	0.00419	0.00120	0.00839	0.00300	0.00240	0.00539
30	0.00965	0.00827	0.00965	0.00689	0.01102	0.00620	0.00551	0.01171	0.00965	0.01516	0.00827	0.00965	0.00689	0.00345	0.00345	0.00069	0.00345	0.00276	0.00276	0.86494
31	0.13311	0.03875	0.01287	0.01215	0.09785	0.32691	0.00865	0.13686	0.14272	0.03205	0.00999	0.01062	0.00775	0.00502	0.00419	0.00134	0.00597	0.00363	0.00323	0.00633
32	0.00663	0.00572	0.03915	0.00602	0.00759	0.00464	0.00481	0.00870	0.01216	0.01685	0.54926	0.06573	0.18642	0.00959	0.00534	0.00146	0.00251	0.00834	0.00467	0.05440
33	0.00626	0.00443	0.00585	0.00678	0.00720	0.00426	0.00486	0.00727	0.00903	0.01196	0.02383	0.53247	0.02784	0.13172	0.00859	0.00232	0.00334	0.19415	0.00410	0.00376
34	0.01179	0.36429	0.38300	0.01067	0.01589	0.04045	0.01221	0.05522	0.01054	0.04522	0.00806	0.00909	0.00626	0.00436	0.00383	0.00126	0.00592	0.00311	0.00228	0.00654
35	0.08279	0.05489	0.01430	0.22206	0.09521	0.20913	0.02693	0.16513	0.03334	0.04024	0.00898	0.01069	0.00687	0.00482	0.00433	0.00138	0.00609	0.00373	0.00292	0.00616

[dist]
# distance from previous block
# <min> <max>
1	3

[block]
# block no. 6 follows, 55 sequences, length 61
# corresponding to MSA columns:
# 501-561
name=unknown_G
#
# <colnr> <probs for GDERKNQSTAVLIFYWHMCP>
#	G	D	E	R	K	N	Q	S	T	A	V	L	I	F	Y	W	H	M	C	P
0	0.08014	0.33447	0.09133	0.02875	0.01353	0.24629	0.00888	0.04919	0.01095	0.03183	0.00776	0.00912	0.00648	0.00638	0.05552	0.00159	0.00652	0.00305	0.00241	0.00581
1	0.05501	0.10533	0.03438	0.01197	0.07928	0.16232	0.00925	0.42348	0.02664	0.02168	0.00946	0.01014	0.00717	0.00511	0.00446	0.00133	0.01873	0.00370	0.00356	0.00698
2	0.05671	0.06375	0.03333	0.02932	0.30457	0.05832	0.02053	0.07956	0.13324	0.06622	0.04345	0.01517	0.06487	0.00548	0.00452	0.00141	0.00487	0.00465	0.00334	0.00671
3	0.02810	0.55833	0.08656	0.00837	0.01206	0.08108	0.00822	0.01363	0.01002	0.02477	0.04434	0.01202	0.06597	0.00565	0.02270	0.00128	0.00524	0.00349	0.00241	0.00575
4	0.00882	0.01528	0.37513	0.01321	0.05357	0.00904	0.17443	0.01263	0.01041	0.01487	0.11965	0.14381	0.01530	0.00660	0.00504	0.00155	0.00572	0.00612	0.00286	0.00595
5	0.02026	0.00790	0.01064	0.00819	0.01172	0.00688	0.00676	0.03671	0.01338	0.76708	0.01925	0.01679	0.04008	0.00597	0.00471	0.00144	0.00392	0.00485	0.00569	0.00777
6	0.01274	0.00821	0.00922	0.00824	0.02891	0.00876	0.00631	0.11993	0.29077	0.14336	0.05586	0.01704	0.01363	0.00598	0.00432	0.00138	0.00345	0.00490	0.25046	0.00651
7	0.00567	0.00405	0.00540	0.00648	0.00675	0.00378	0.00432	0.00648	0.00891	0.01188	0.02564	0.83347	0.03077	0.01457	0.00594	0.00189	0.00270	0.01323	0.00432	0.00378
8	0.01706	0.01277	0.01400	0.01146	0.05103	0.01411	0.00901	0.71369	0.06416	0.02812	0.01148	0.01153	0.00823	0.00556	0.00466	0.00141	0.00506	0.00425	0.00455	0.00786
9	0.00623	0.00488	0.00565	0.00543	0.00679	0.00438	0.00408	0.00826	0.03390	0.01590	0.43679	0.03885	0.39114	0.01046	0.00547	0.00152	0.00231	0.00897	0.00474	0.00426
10	0.01233	0.57818	0.05994	0.03818	0.01307	0.09618	0.00848	0.03347	0.03948	0.01233	0.04441	0.00983	0.00822	0.00521	0.02258	0.00126	0.00546	0.00312	0.00236	0.00591
11	0.01583	0.01706	0.01416	0.02724	0.05580	0.43135	0.05879	0.21207	0.05704	0.01706	0.04263	0.01117	0.00865	0.00518	0.00451	0.00132	0.00683	0.00388	0.00319	0.00624
12	0.06132	0.00967	0.03221	0.00840	0.01213	0.00877	0.00703	0.17849	0.03060	0.24354	0.01187	0.01190	0.00849	0.00520	0.01482	0.00125	0.02417	0.00372	0.00401	0.32240
13	0.01185	0.28629	0.04073	0.03591	0.01889	0.02444	0.40559	0.01490	0.02462	0.05183	0.00915	0.02364	0.00733	0.00436	0.00473	0.00138	0.02130	0.00443	0.00245	0.00618
14	0.01059	0.01038	0.01828	0.26520	0.43727	0.01102	0.11663	0.01376	0.02466	0.01415	0.00882	0.01199	0.00707	0.00440	0.00500	0.00148	0.02618	0.00434	0.00228	0.00651
15	0.00635	0.00470	0.00595	0.00590	0.00698	0.00430	0.00442	0.00822	0.01210	0.01658	0.54283	0.13036	0.16715	0.01067	0.00560	0.00157	0.00240	0.05483	0.00485	0.00424
16	0.00713	0.00512	0.00705	0.00809	0.00905	0.00505	0.00684	0.00902	0.01041	0.01354	0.02561	0.17959	0.05557	0.01309	0.00631	0.00208	0.00396	0.62402	0.00429	0.00419
17	0.00577	0.00469	0.00511	0.00507	0.00647	0.00403	0.00378	0.00717	0.01114	0.01399	0.22803	0.08146	0.58431	0.01138	0.00552	0.00156	0.00233	0.00965	0.00451	0.00403
18	0.00606	0.00418	0.00553	0.00632	0.00667	0.00393	0.00428	0.00669	0.00891	0.01188	0.07383	0.61280	0.05799	0.05515	0.00796	0.08458	0.00292	0.03263	0.00407	0.00362
19	0.86937	0.00900	0.00684	0.00612	0.00900	0.01044	0.00504	0.01368	0.00792	0.02087	0.00648	0.00756	0.00504	0.00432	0.00288	0.00144	0.00360	0.00252	0.00288	0.00504
20	0.01157	0.02483	0.02951	0.06589	0.16217	0.08481	0.28938	0.03700	0.15617	0.01551	0.02575	0.03556	0.00957	0.00507	0.00520	0.00151	0.02613	0.00502	0.00292	0.00644
21	0.01789	0.01271	0.01376	0.01055	0.01426	0.01394	0.00871	0.74298	0.02133	0.07908	0.01163	0.01147	0.00814	0.00560	0.00466	0.00140	0.00505	0.00422	0.00472	0.00791
22	0.01130	0.01083	0.01849	0.09228	0.74546	0.01100	0.01417	0.01409	0.01049	0.01493	0.00871	0.01159	0.00728	0.00419	0.00461	0.00140	0.00558	0.00414	0.00228	0.00719
23	0.01244	0.83930	0.02438	0.00796	0.01194	0.01841	0.00796	0.01393	0.00945	0.01095	0.00647	0.00746	0.00597	0.00398	0.00299	0.00100	0.00498	0.00249	0.00199	0.00597
24	0.00647	0.00460	0.00615	0.00677	0.00725	0.00466	0.00490	0.00753	0.00849	0.01141	0.02031	0.33608	0.02301	0.20361	0.17390	0.00366	0.00539	0.15850	0.00361	0.00374
25	0.79264	0.00904	0.00728	0.00638	0.00932	0.01031	0.00525	0.03498	0.00863	0.07139	0.00736	0.00818	0.00553	0.00444	0.00304	0.00144	0.00366	0.00270	0.00311	0.00530
26	0.01026	0.00884	0.01145	0.04821	0.17285	0.02563	0.02660	0.01631	0.29846	0.04497	0.04405	0.07296	0.11993	0.02957	0.00572	0.00165	0.02413	0.02837	0.00386	0.00618
27	0.00867	0.00434	0.00434	0.00434	0.00542	0.00434	0.00325	0.01084	0.00976	0.01734	0.01518	0.01734	0.01192	0.00542	0.00325	0.00108	0.00217	0.00434	0.86233	0.00434
28	0.01092	0.01058	0.01841	0.19204	0.59795	0.01095	0.06343	0.01382	0.01035	0.01450	0.00869	0.01176	0.00711	0.00424	0.00467	0.00143	0.00581	0.00423	0.00226	0.00685
29	0.04866	0.01131	0.01277	0.00993	0.01338	0.01220	0.00819	0.49994	0.04655	0.23104	0.01291	0.01243	0.00889	0.00573	0.00509	0.00145	0.04283	0.00429	0.00476	0.00766
30	0.00932	0.00835	0.01215	0.17947	0.24399	0.02322	0.00963	0.01326	0.11855	0.01548	0.18206	0.03288	0.06409	0.00689	0.00501	0.00153	0.00445	0.06042	0.00347	0.00579
31	0.01151	0.01105	0.01888	0.02855	0.80748	0.01105	0.01428	0.01428	0.01059	0.01520	0.00875	0.01151	0.00737	0.00415	0.00461	0.00138	0.00553	0.00415	0.00230	0.00737
32	0.01206	0.01228	0.01772	0.09307	0.63841	0.11696	0.01347	0.01464	0.01083	0.01442	0.00851	0.01118	0.00709	0.00427	0.00456	0.00137	0.00596	0.00399	0.00230	0.00693
33	0.01674	0.13317	0.01480	0.01129	0.01405	0.61921	0.00883	0.10365	0.01364	0.01331	0.00753	0.00857	0.00620	0.00477	0.00408	0.00119	0.00756	0.00306	0.00259	0.00575
34	0.86937	0.00900	0.00684	0.00612	0.00900	0.01044	0.00504	0.01368	0.00792	0.02087	0.00648	0.00756	0.00504	0.00432	0.00288	0.00144	0.00360	0.00252	0.00288	0.00504
35	0.02565	0.32859	0.40902	0.01084	0.01613	0.01374	0.02236	0.03424	0.06028	0.02692	0.00853	0.00954	0.00659	0.00442	0.00390	0.00130	0.00582	0.00325	0.00230	0.00657
36	0.01029	0.00887	0.01186	0.08452	0.12615	0.02060	0.04046	0.06085	0.01099	0.03550	0.05632	0.01474	0.07351	0.00490	0.00420	0.00109	0.00421	0.00422	0.00306	0.42366
37	0.00867	0.00434	0.00434	0.00434	0.00542	0.00434	0.00325	0.01084	0.00976	0.01734	0.01518	0.01734	0.01192	0.00542	0.00325	0.00108	0.00217	0.00434	0.86233	0.00434
38	0.10183	0.04223	0.01133	0.00961	0.01233	0.16139	0.00753	0.06716	0.49727	0.01838	0.01456	0.01396	0.01106	0.00570	0.00437	0.00146	0.00468	0.00439	0.00400	0.00674
39	0.01829	0.00979	0.01181	0.00933	0.01272	0.03523	0.02283	0.24001	0.04337	0.45851	0.02953	0.01676	0.01178	0.00615	0.00479	0.00147	0.00449	0.05051	0.00513	0.00751
40	0.00641	0.00484	0.00538	0.00520	0.00620	0.00436	0.00350	0.00727	0.00921	0.01196	0.11613	0.06500	0.31922	0.34509	0.01274	0.00270	0.00329	0.00809	0.00370	0.05971
41	0.00661	0.00487	0.00620	0.00585	0.00702	0.00452	0.00439	0.00898	0.03116	0.01819	0.72617	0.03515	0.10417	0.00962	0.00547	0.00147	0.00224	0.00845	0.00505	0.00442
42	0.01738	0.02217	0.01318	0.01199	0.01438	0.81783	0.00899	0.01858	0.01318	0.01139	0.00719	0.00839	0.00599	0.00479	0.00419	0.00120	0.00839	0.00300	0.00240	0.00539
43	0.00900	0.00690	0.00862	0.00978	0.10732	0.02639	0.00637	0.01257	0.15354	0.07550	0.09768	0.31833	0.11810	0.01003	0.00533	0.00164	0.00340	0.01989	0.00428	0.00531
44	0.04327	0.02765	0.01333	0.05132	0.01457	0.20371	0.00887	0.36134	0.08226	0.05180	0.01030	0.01100	0.00774	0.00560	0.00550	0.00143	0.08595	0.00392	0.00369	0.00673
45	0.01073	0.11560	0.09212	0.18642	0.09210	0.04057	0.12669	0.06789	0.05257	0.01447	0.02514	0.04725	0.00916	0.02808	0.02435	0.00168	0.03940	0.00464	0.01519	0.00594
46	0.05266	0.00566	0.00567	0.00522	0.00673	0.00590	0.00404	0.10887	0.01118	0.01902	0.01424	0.01608	0.01108	0.00539	0.00341	0.00114	0.00261	0.00423	0.71205	0.00482
47	0.01023	0.21483	0.52349	0.04252	0.06889	0.01263	0.03776	0.01442	0.00980	0.01377	0.00796	0.00955	0.00605	0.00429	0.00413	0.00136	0.00635	0.00334	0.00201	0.00661
48	0.00753	0.00586	0.00772	0.00731	0.00801	0.00674	0.00547	0.00965	0.06599	0.01260	0.15491	0.02303	0.01817	0.21821	0.29844	0.00440	0.11515	0.00592	0.02067	0.00423
49	0.00857	0.00437	0.00450	0.00450	0.00557	0.00441	0.00338	0.01071	0.00964	0.01701	0.01504	0.01739	0.01191	0.00694	0.04518	0.00141	0.00270	0.00437	0.81808	0.00433
50	0.00644	0.00507	0.00588	0.00577	0.00712	0.00467	0.00437	0.00883	0.06196	0.01553	0.35273	0.07845	0.36532	0.01070	0.00551	0.00157	0.00249	0.04856	0.00467	0.00435
51	0.00684	0.00518	0.00737	0.00730	0.00790	0.00601	0.00548	0.00812	0.00740	0.01056	0.01313	0.06188	0.01321	0.17515	0.58344	0.00631	0.06247	0.00567	0.00262	0.00396
52	0.01025	0.01022	0.01449	0.01305	0.05314	0.01408	0.01039	0.01135	0.00730	0.01140	0.00624	0.01025	0.00617	0.00794	0.01472	0.00200	0.78567	0.00408	0.00205	0.00521
53	0.00687	0.00557	0.00628	0.00626	0.00736	0.04613	0.00467	0.00862	0.01189	0.01587	0.46209	0.16647	0.16396	0.01068	0.00556	0.00158	0.00276	0.05846	0.00466	0.00426
54	0.01131	0.01150	0.03657	0.06233	0.62121	0.05435	0.05095	0.01409	0.01084	0.01503	0.05937	0.01288	0.00952	0.00454	0.00468	0.00140	0.00564	0.00440	0.00247	0.00691
55	0.01183	0.01244	0.02311	0.07683	0.08259	0.05316	0.53328	0.06492	0.04976	0.03003	0.00990	0.01245	0.00745	0.00429	0.00519	0.00152	0.00713	0.00505	0.00265	0.00642
56	0.00995	0.02272	0.73488	0.01336	0.01997	0.01067	0.05651	0.01511	0.01004	0.05161	0.00887	0.01024	0.00621	0.00446	0.00449	0.00148	0.00679	0.00360	0.00216	0.00689
57	0.00688	0.00535	0.00837	0.00796	0.00895	0.00605	0.04603	0.00856	0.00762	0.01091	0.01243	0.01868	0.01170	0.07906	0.73091	0.00700	0.01177	0.00511	0.00250	0.00419
58	0.16949	0.01187	0.01779	0.02934	0.27066	0.07489	0.23900	0.07156	0.01123	0.01675	0.00996	0.01203	0.03555	0.00455	0.00455	0.00144	0.00594	0.00436	0.00267	0.00635
59	0.01179	0.01157	0.01862	0.02779	0.77075	0.04842	0.01403	0.01448	0.01071	0.01502	0.00868	0.01137	0.00731	0.00418	0.00459	0.00137	0.00566	0.00409	0.00231	0.00728
60	0.00935	0.00580	0.00683	0.00638	0.00770	0.00594	0.00484	0.03055	0.05977	0.07552	0.01624	0.02337	0.03321	0.18515	0.07762	0.00255	0.03390	0.08029	0.28613	0.04885

[dist]
# distance from previous block
# <min> <max>
2	36

[block]
# block no. 7 follows, 55 sequences, length 13
# corresponding to MSA columns:
# 609-621
name=unknown_H
#
# <colnr> <probs for GDERKNQSTAVLIFYWHMCP>
#	G	D	E	R	K	N	Q	S	T	A	V	L	I	F	Y	W	H	M	C	P
0	0.09662	0.00850	0.00953	0.07056	0.01162	0.08490	0.05219	0.06405	0.02664	0.01655	0.26969	0.07595	0.04080	0.06818	0.00615	0.00163	0.00412	0.00618	0.00374	0.08241
1	0.05236	0.00883	0.00828	0.02780	0.00949	0.14434	0.00579	0.04746	0.01000	0.05940	0.01800	0.02463	0.13948	0.24379	0.09588	0.00299	0.04534	0.04844	0.00324	0.00447
2	0.01032	0.04255	0.00962	0.00831	0.00997	0.19178	0.00635	0.06401	0.01006	0.01258	0.01156	0.05575	0.01100	0.10257	0.33896	0.00410	0.00847	0.00478	0.02666	0.07061
3	0.30754	0.01105	0.04848	0.00861	0.01130	0.11284	0.02917	0.08188	0.01082	0.14124	0.01097	0.06713	0.00917	0.05180	0.00573	0.00164	0.05320	0.00429	0.02747	0.00568
4	0.42009	0.00954	0.04604	0.00806	0.01036	0.05406	0.00691	0.01327	0.00918	0.07780	0.01183	0.06633	0.01112	0.00699	0.00531	0.00164	0.09322	0.13981	0.00327	0.00516
5	0.01261	0.01043	0.01612	0.03224	0.26441	0.02639	0.14111	0.08217	0.05819	0.11542	0.01155	0.05262	0.00930	0.00504	0.00480	0.00136	0.01581	0.00473	0.00325	0.13245
6	0.01491	0.01474	0.12931	0.01032	0.01421	0.15555	0.00921	0.30771	0.02733	0.08964	0.01072	0.03395	0.00816	0.00520	0.00438	0.00127	0.00549	0.00394	0.00363	0.15034
7	0.00683	0.00478	0.00612	0.00625	0.00673	0.00492	0.00440	0.00780	0.00832	0.01136	0.11304	0.03168	0.02059	0.42882	0.19542	0.00443	0.00596	0.12576	0.00326	0.00354
8	0.01108	0.00881	0.00994	0.00875	0.01083	0.04435	0.02853	0.18587	0.16980	0.04800	0.13853	0.16456	0.07359	0.00864	0.00553	0.00159	0.03254	0.03876	0.00443	0.00587
9	0.05035	0.00872	0.01024	0.00862	0.03076	0.06187	0.00668	0.05901	0.01269	0.46447	0.06270	0.09882	0.01405	0.00650	0.00464	0.00140	0.00407	0.00536	0.00482	0.08423
10	0.00702	0.00599	0.02233	0.00701	0.00865	0.00537	0.05714	0.00976	0.06402	0.01631	0.42276	0.11881	0.19325	0.00967	0.00541	0.00152	0.00288	0.00856	0.00453	0.02901
11	0.00969	0.00764	0.01032	0.00937	0.08614	0.00637	0.03988	0.01176	0.01053	0.06920	0.14086	0.10834	0.01601	0.00595	0.00434	0.00111	0.00358	0.00525	0.00346	0.45019
12	0.03378	0.00850	0.01110	0.00883	0.02674	0.00778	0.00710	0.09830	0.02838	0.65305	0.01688	0.01505	0.01089	0.00617	0.01969	0.00153	0.00423	0.00455	0.00537	0.03209

[dist]
# distance from previous block
# <min> <max>
3	6

[block]
# block no. 8 follows, 55 sequences, length 21
# corresponding to MSA columns:
# 628-648
name=unknown_I
#
# <colnr> <probs for GDERKNQSTAVLIFYWHMCP>
#	G	D	E	R	K	N	Q	S	T	A	V	L	I	F	Y	W	H	M	C	P
0	0.00750	0.00653	0.01084	0.00969	0.01129	0.00628	0.17629	0.01008	0.06240	0.01377	0.07351	0.41901	0.05534	0.01105	0.00577	0.00179	0.00404	0.10620	0.00397	0.00467
1	0.00900	0.01028	0.14640	0.05433	0.08356	0.03663	0.01705	0.02595	0.05712	0.04028	0.10867	0.11104	0.10562	0.01047	0.07696	0.00211	0.04310	0.05256	0.00343	0.00542
2	0.01149	0.07095	0.28398	0.02724	0.10190	0.01033	0.10446	0.05426	0.04479	0.10833	0.05006	0.03518	0.03521	0.00531	0.00462	0.00143	0.00554	0.00464	0.00306	0.03721
3	0.01114	0.01157	0.05208	0.13930	0.57531	0.03673	0.03700	0.01396	0.01030	0.01438	0.00850	0.01143	0.00702	0.00444	0.00515	0.00144	0.04704	0.00411	0.00225	0.00683
4	0.01232	0.75612	0.08494	0.00847	0.01263	0.03763	0.00870	0.01411	0.00957	0.01125	0.00663	0.00767	0.00596	0.00403	0.00313	0.00104	0.00521	0.00257	0.00200	0.00603
5	0.02937	0.01230	0.06257	0.17346	0.10470	0.13345	0.12346	0.07275	0.04459	0.10346	0.01112	0.03609	0.00868	0.00518	0.00465	0.00145	0.00593	0.01461	0.04598	0.00621
6	0.01438	0.06939	0.09496	0.01267	0.09897	0.23022	0.05557	0.09724	0.01264	0.13851	0.04502	0.05350	0.01037	0.02451	0.00517	0.00145	0.02131	0.00451	0.00329	0.00631
7	0.00862	0.00800	0.01330	0.70616	0.06270	0.00972	0.01207	0.01155	0.00957	0.01238	0.04969	0.03720	0.02937	0.00533	0.00475	0.00155	0.00578	0.00475	0.00235	0.00515
8	0.00575	0.00416	0.00546	0.00647	0.00687	0.00387	0.00444	0.00666	0.00911	0.01203	0.02699	0.74068	0.08110	0.01430	0.00594	0.00188	0.00276	0.05339	0.00432	0.00382
9	0.01302	0.01089	0.08054	0.03730	0.06232	0.05031	0.13473	0.12728	0.01283	0.17727	0.03501	0.07776	0.01390	0.00708	0.00516	0.00160	0.00531	0.13750	0.00387	0.00632
10	0.04221	0.03447	0.01107	0.08539	0.03883	0.04443	0.03227	0.16688	0.10547	0.08120	0.01633	0.24119	0.01555	0.00809	0.00493	0.00157	0.00436	0.03186	0.02800	0.00589
11	0.00567	0.00405	0.00540	0.00648	0.00675	0.00378	0.00432	0.00648	0.00891	0.01188	0.02564	0.83347	0.03077	0.01457	0.00594	0.00189	0.00270	0.01323	0.00432	0.00378
12	0.04613	0.01222	0.01344	0.05025	0.06297	0.07261	0.03039	0.45287	0.07630	0.07067	0.01183	0.01333	0.00897	0.03115	0.00521	0.00153	0.00524	0.02367	0.00410	0.00712
13	0.35600	0.10337	0.18183	0.00906	0.01301	0.05677	0.02507	0.10950	0.01068	0.01833	0.00818	0.03182	0.00658	0.00472	0.00368	0.00136	0.00496	0.00332	0.00280	0.04897
