[name]
unknown

[dist]
# distance from previous block
# <min> <max>
0	54

[block]
# block no. 0 follows, 43 sequences, length 8
# corresponding to MSA columns:
# 355-362
name=unknown_A
#
# <colnr> <probs for GDERKNQSTAVLIFYWHMCP>
#	G	D	E	R	K	N	Q	S	T	A	V	L	I	F	Y	W	H	M	C	P
0	0.05457	0.01519	0.09239	0.01944	0.28928	0.13557	0.01231	0.05445	0.06402	0.01756	0.01284	0.01883	0.01160	0.13897	0.00916	0.00230	0.00674	0.03430	0.00329	0.00718
1	0.01319	0.01264	0.02155	0.15358	0.65524	0.01302	0.01674	0.01655	0.01237	0.01747	0.01033	0.01387	0.00855	0.00503	0.00549	0.00168	0.00671	0.00493	0.00270	0.00836
2	0.01046	0.00984	0.01661	0.79205	0.03814	0.01230	0.01538	0.01415	0.01107	0.01415	0.00984	0.01477	0.00738	0.00554	0.00554	0.00185	0.00738	0.00492	0.00246	0.00615
3	0.01241	0.01102	0.01867	0.37131	0.13529	0.01204	0.13307	0.01718	0.08768	0.06748	0.04112	0.01785	0.03808	0.00611	0.00578	0.00181	0.00677	0.00579	0.00340	0.00714
4	0.01352	0.00904	0.01179	0.17047	0.01703	0.00943	0.00872	0.15861	0.01647	0.14100	0.27503	0.02803	0.10018	0.00878	0.00598	0.00176	0.00463	0.00745	0.00526	0.00684
5	0.01691	0.01317	0.02178	0.02372	0.35087	0.01299	0.16569	0.13511	0.01546	0.16858	0.01327	0.01490	0.00976	0.00553	0.00573	0.00171	0.00671	0.00540	0.00400	0.00873
6	0.01351	0.01083	0.01233	0.00933	0.01369	0.00964	0.00745	0.20421	0.01516	0.02203	0.01270	0.08685	0.01121	0.00602	0.00475	0.00117	0.00453	0.00490	0.00404	0.54563
7	0.14309	0.00883	0.01127	0.01298	0.16690	0.00879	0.00812	0.05027	0.01332	0.07240	0.18530	0.10131	0.05830	0.00840	0.00539	0.00168	0.00415	0.00716	0.08338	0.04896

[dist]
# distance from previous block
# <min> <max>
2	7

[block]
# block no. 1 follows, 43 sequences, length 6
# corresponding to MSA columns:
# 370-375
name=unknown_B
#
# <colnr> <probs for GDERKNQSTAVLIFYWHMCP>
#	G	D	E	R	K	N	Q	S	T	A	V	L	I	F	Y	W	H	M	C	P
0	0.01458	0.07041	0.01285	0.00945	0.01280	0.01079	0.00754	0.22849	0.03629	0.08526	0.01673	0.15954	0.01536	0.04771	0.00637	0.00171	0.00468	0.00667	0.05655	0.19621
1	0.00741	0.00728	0.07998	0.00808	0.00928	0.00548	0.00632	0.00892	0.01088	0.01468	0.08527	0.52168	0.07616	0.12009	0.00963	0.00255	0.00390	0.01293	0.00471	0.00477
2	0.01022	0.15302	0.01205	0.00868	0.01037	0.00956	0.00667	0.10367	0.01235	0.01623	0.02188	0.43614	0.02462	0.06413	0.08168	0.00281	0.00531	0.01064	0.00437	0.00557
3	0.01215	0.44986	0.05406	0.01072	0.06939	0.01528	0.00878	0.01380	0.01070	0.01336	0.01312	0.13043	0.01393	0.15274	0.00879	0.00216	0.00557	0.00596	0.00298	0.00621
4	0.00880	0.01292	0.25957	0.00958	0.01233	0.00766	0.00933	0.01111	0.00975	0.01365	0.01756	0.17941	0.01908	0.38653	0.01648	0.00356	0.00587	0.00827	0.00337	0.00517
5	0.01440	0.72286	0.11129	0.01017	0.01529	0.02092	0.01069	0.01669	0.01130	0.01353	0.00795	0.00919	0.00710	0.00480	0.00374	0.00125	0.00617	0.00309	0.00237	0.00723

[dist]
# distance from previous block
# <min> <max>
2	4

[block]
# block no. 2 follows, 43 sequences, length 11
# corresponding to MSA columns:
# 381-391
name=unknown_C
#
# <colnr> <probs for GDERKNQSTAVLIFYWHMCP>
#	G	D	E	R	K	N	Q	S	T	A	V	L	I	F	Y	W	H	M	C	P
0	0.01911	0.01630	0.08996	0.01284	0.01746	0.01630	0.01126	0.58388	0.12326	0.03164	0.01421	0.01413	0.01019	0.00663	0.00553	0.00170	0.00607	0.00507	0.00524	0.00921
1	0.02105	0.01551	0.01662	0.01274	0.01717	0.01717	0.01053	0.75235	0.02604	0.03490	0.01330	0.01330	0.00942	0.00665	0.00554	0.00166	0.00609	0.00499	0.00554	0.00942
2	0.01805	0.39628	0.02257	0.01117	0.01575	0.01945	0.01002	0.39915	0.01894	0.02440	0.01061	0.01118	0.00831	0.00573	0.00459	0.00143	0.00601	0.00401	0.00402	0.00831
3	0.01481	0.80869	0.02902	0.00948	0.01421	0.02191	0.00948	0.01658	0.01125	0.01303	0.00770	0.00888	0.00711	0.00474	0.00355	0.00118	0.00592	0.00296	0.00237	0.00711
4	0.01875	0.01855	0.19253	0.01345	0.01875	0.01618	0.01283	0.58228	0.02272	0.03089	0.01252	0.01293	0.00886	0.00633	0.00548	0.00168	0.00658	0.00478	0.00480	0.00913
5	0.01565	0.70224	0.02736	0.00991	0.01461	0.02128	0.00962	0.11534	0.01324	0.01597	0.00845	0.00948	0.00742	0.00499	0.00382	0.00125	0.00595	0.00323	0.00279	0.00742
6	0.00805	0.00537	0.00604	0.00604	0.00604	0.00537	0.00336	0.00805	0.00805	0.01074	0.01745	0.03624	0.02013	0.80536	0.02819	0.00537	0.00537	0.00805	0.00336	0.00336
7	0.01110	0.01075	0.01647	0.59880	0.03265	0.06224	0.06568	0.01450	0.01152	0.01473	0.01147	0.05886	0.00946	0.00620	0.00556	0.00181	0.00719	0.00557	0.04934	0.00611
8	0.00777	0.00656	0.00709	0.00632	0.00881	0.00533	0.00483	0.00952	0.01267	0.01635	0.11504	0.04286	0.53014	0.01156	0.00600	0.00162	0.00307	0.00966	0.00482	0.18998
9	0.01207	0.19227	0.56564	0.01574	0.07455	0.01479	0.01790	0.01730	0.01166	0.01663	0.00950	0.01124	0.00716	0.00513	0.00492	0.00163	0.00759	0.00391	0.00237	0.00800
10	0.01441	0.55836	0.07772	0.01013	0.01454	0.12151	0.00983	0.01643	0.01203	0.01364	0.01339	0.01421	0.09237	0.00595	0.00420	0.00133	0.00628	0.00410	0.00274	0.00682

[dist]
# distance from previous block
# <min> <max>
3	6

[block]
# block no. 3 follows, 43 sequences, length 13
# corresponding to MSA columns:
# 398-410
name=unknown_D
#
# <colnr> <probs for GDERKNQSTAVLIFYWHMCP>
#	G	D	E	R	K	N	Q	S	T	A	V	L	I	F	Y	W	H	M	C	P
0	0.01996	0.04383	0.05335	0.01399	0.05635	0.07276	0.01131	0.60116	0.02341	0.03091	0.01245	0.01285	0.00903	0.00636	0.00542	0.00163	0.00650	0.00477	0.00494	0.00903
1	0.01539	0.66460	0.04992	0.01093	0.03945	0.05681	0.01019	0.07052	0.01260	0.01495	0.00830	0.00950	0.00733	0.00495	0.00388	0.00126	0.00622	0.00324	0.00263	0.00733
2	0.04637	0.64956	0.02598	0.01098	0.06885	0.01955	0.00951	0.01613	0.01116	0.01400	0.00839	0.01047	0.00776	0.03700	0.00471	0.00139	0.00580	0.00333	0.00252	0.04653
3	0.01407	0.51800	0.18345	0.01088	0.01604	0.01839	0.01156	0.07514	0.01244	0.01599	0.00930	0.01080	0.00782	0.00664	0.03754	0.00168	0.00667	0.00357	0.03267	0.00736
4	0.08873	0.25342	0.01869	0.01078	0.01489	0.01686	0.00930	0.38131	0.01855	0.05271	0.01282	0.07478	0.01076	0.00681	0.00488	0.00157	0.00561	0.00509	0.00442	0.00804
5	0.08476	0.29093	0.03259	0.00955	0.01283	0.10885	0.00829	0.08398	0.01370	0.01777	0.10998	0.08670	0.07988	0.00810	0.00500	0.00158	0.00541	0.02979	0.00384	0.00644
6	0.11824	0.32484	0.14508	0.01094	0.01573	0.01697	0.01081	0.20835	0.01485	0.02092	0.01055	0.03688	0.00889	0.02889	0.00516	0.00162	0.00603	0.00424	0.00344	0.00756
7	0.01688	0.19902	0.10418	0.01179	0.01617	0.07507	0.01083	0.33859	0.03882	0.02398	0.01282	0.03562	0.01045	0.00660	0.00504	0.00158	0.00625	0.03117	0.04715	0.00799
8	0.19001	0.15055	0.05213	0.01219	0.04233	0.26809	0.00992	0.10897	0.01452	0.05171	0.03386	0.01164	0.00896	0.00578	0.00479	0.00154	0.01858	0.00391	0.00346	0.00707
9	0.02926	0.28652	0.10260	0.01220	0.04804	0.09508	0.01078	0.17383	0.03933	0.06516	0.02826	0.03672	0.01047	0.00612	0.00476	0.00150	0.00624	0.00454	0.03086	0.00771
10	0.09271	0.18890	0.16208	0.01256	0.05838	0.02696	0.01145	0.23922	0.01611	0.02263	0.05479	0.01501	0.04612	0.00627	0.00492	0.00157	0.00598	0.00473	0.00381	0.02580
11	0.23964	0.06220	0.04006	0.06985	0.08267	0.10171	0.01037	0.24210	0.01618	0.07017	0.01084	0.01194	0.00808	0.00576	0.00478	0.00164	0.00616	0.00417	0.00399	0.00769
12	0.12888	0.13071	0.07824	0.02719	0.16798	0.05264	0.01158	0.17545	0.05393	0.10470	0.01201	0.01288	0.00901	0.00572	0.00491	0.00161	0.00606	0.00440	0.00395	0.00816

[dist]
# distance from previous block
# <min> <max>
35	84

[block]
# block no. 4 follows, 43 sequences, length 115
# corresponding to MSA columns:
# 507-621
name=unknown_E
#
# <colnr> <probs for GDERKNQSTAVLIFYWHMCP>
#	G	D	E	R	K	N	Q	S	T	A	V	L	I	F	Y	W	H	M	C	P
0	0.16765	0.01513	0.13091	0.05611	0.18314	0.06942	0.03561	0.07735	0.02686	0.06239	0.01224	0.07205	0.01032	0.00641	0.00543	0.00172	0.02312	0.00522	0.00351	0.03542
1	0.21783	0.03189	0.02482	0.02763	0.04043	0.03818	0.06398	0.12085	0.01364	0.06195	0.03750	0.13754	0.09155	0.00841	0.00557	0.00177	0.02103	0.00690	0.00424	0.04431
2	0.03242	0.03665	0.04571	0.01235	0.08258	0.05886	0.06320	0.08713	0.01351	0.06065	0.06452	0.06318	0.09232	0.09474	0.02456	0.00212	0.00565	0.00652	0.00399	0.14933
3	0.01078	0.05495	0.06895	0.01142	0.07346	0.03223	0.04352	0.02810	0.04461	0.06115	0.05793	0.20963	0.12070	0.12213	0.00922	0.00237	0.00500	0.03358	0.00432	0.00597
4	0.01345	0.16629	0.14524	0.05376	0.09347	0.06813	0.02758	0.04023	0.05991	0.06083	0.03038	0.11640	0.01333	0.00705	0.00519	0.00160	0.00606	0.00585	0.00354	0.08169
5	0.03359	0.14638	0.22855	0.01572	0.13582	0.05606	0.03257	0.09973	0.01401	0.04454	0.07256	0.03792	0.01243	0.00615	0.00515	0.00159	0.00648	0.00500	0.00341	0.04235
6	0.01478	0.08498	0.05539	0.02694	0.53416	0.06377	0.01504	0.05270	0.01337	0.04493	0.01082	0.01333	0.00882	0.00518	0.00522	0.00159	0.00660	0.00466	0.02932	0.00839
7	0.01277	0.08220	0.01195	0.01079	0.07255	0.05170	0.00753	0.03683	0.01325	0.15711	0.11791	0.33737	0.04294	0.01141	0.00609	0.00187	0.00440	0.00997	0.00501	0.00636
8	0.01593	0.01315	0.04002	0.01251	0.07547	0.13328	0.00930	0.13328	0.02710	0.14974	0.03388	0.13964	0.03359	0.00834	0.00563	0.00166	0.00566	0.03941	0.00462	0.11780
9	0.04355	0.01251	0.01936	0.02170	0.31698	0.05453	0.14939	0.03900	0.02864	0.09598	0.03372	0.03745	0.08963	0.00685	0.00582	0.00175	0.00636	0.02530	0.00378	0.00770
10	0.00954	0.00824	0.01235	0.01402	0.14867	0.00799	0.06884	0.01278	0.05994	0.01711	0.08413	0.12404	0.20532	0.01170	0.00663	0.00203	0.00472	0.19133	0.00461	0.00603
11	0.00932	0.00707	0.00965	0.04798	0.07301	0.00681	0.00757	0.04573	0.01211	0.03288	0.02568	0.43709	0.05312	0.01339	0.00655	0.00204	0.00420	0.11818	0.00470	0.08292
12	0.00709	0.00600	0.00681	0.06987	0.01023	0.00542	0.00543	0.00883	0.01276	0.01559	0.11134	0.04960	0.61081	0.01317	0.00652	0.00189	0.00327	0.04551	0.00500	0.00486
13	0.01032	0.00516	0.00516	0.00516	0.00645	0.00516	0.00387	0.01290	0.01161	0.02065	0.01807	0.02065	0.01420	0.00645	0.00387	0.00129	0.00258	0.00516	0.83611	0.00516
14	0.01108	0.00602	0.00630	0.00601	0.00746	0.00618	0.00453	0.06158	0.03460	0.02076	0.01720	0.01985	0.01359	0.00754	0.00548	0.06941	0.00305	0.00515	0.68888	0.00533
15	0.48444	0.00899	0.00844	0.00746	0.01036	0.00965	0.00599	0.01573	0.01205	0.11725	0.21871	0.02062	0.04640	0.00735	0.00465	0.00173	0.00383	0.00554	0.00464	0.00617
16	0.01032	0.00516	0.00516	0.00516	0.00645	0.00516	0.00387	0.01290	0.01161	0.02065	0.01807	0.02065	0.01420	0.00645	0.00387	0.00129	0.00258	0.00516	0.83611	0.00516
17	0.00675	0.00482	0.00643	0.00771	0.00803	0.00450	0.00514	0.00771	0.01060	0.01414	0.03053	0.80175	0.03663	0.01735	0.00707	0.00225	0.00321	0.01574	0.00514	0.00450
18	0.84448	0.01071	0.00814	0.00728	0.01071	0.01242	0.00600	0.01628	0.00943	0.02485	0.00771	0.00900	0.00600	0.00514	0.00343	0.00171	0.00428	0.00300	0.00343	0.00600
19	0.01450	0.74444	0.09060	0.01000	0.01502	0.02117	0.01038	0.01666	0.01129	0.01340	0.00788	0.00912	0.00710	0.00478	0.00369	0.00123	0.00611	0.00305	0.00237	0.00720
20	0.01202	0.01143	0.01945	0.51708	0.08119	0.01329	0.12632	0.07483	0.01254	0.01659	0.01022	0.01445	0.00779	0.00570	0.00643	0.00186	0.05409	0.00517	0.00278	0.00678
21	0.02102	0.01640	0.01655	0.01287	0.01717	0.07944	0.01054	0.69299	0.02520	0.03317	0.01291	0.01303	0.00923	0.00657	0.00550	0.00164	0.00641	0.00487	0.00532	0.00917
22	0.01502	0.78129	0.02859	0.00959	0.01432	0.02175	0.00951	0.04201	0.01176	0.01379	0.00789	0.00904	0.00719	0.00480	0.00362	0.00120	0.00593	0.00303	0.00248	0.00719
23	0.13583	0.54517	0.02339	0.00959	0.01391	0.01889	0.00903	0.06643	0.01226	0.08019	0.00925	0.01015	0.00766	0.00528	0.00435	0.00138	0.03348	0.00339	0.00311	0.00726
24	0.01157	0.00838	0.01058	0.00904	0.01142	0.00826	0.05147	0.12358	0.06443	0.07774	0.24241	0.03548	0.19784	0.08741	0.00840	0.00215	0.00422	0.03410	0.00532	0.00623
25	0.02021	0.08998	0.01678	0.01388	0.01689	0.72125	0.01060	0.02167	0.01533	0.01351	0.00849	0.00990	0.00713	0.00563	0.00488	0.00141	0.00966	0.00352	0.00281	0.00648
26	0.01111	0.02865	0.77667	0.01579	0.02397	0.01286	0.02046	0.01754	0.01169	0.01754	0.00994	0.01169	0.00702	0.00526	0.00526	0.00175	0.00818	0.00409	0.00234	0.00818
27	0.00656	0.00555	0.00568	0.00578	0.00753	0.00466	0.00428	0.00793	0.01246	0.01489	0.05403	0.11414	0.70907	0.01430	0.00659	0.00190	0.00284	0.01202	0.00514	0.00466
28	0.00804	0.00575	0.00723	0.00681	0.00828	0.00520	0.00512	0.01044	0.01515	0.03997	0.62591	0.04286	0.17519	0.01168	0.00651	0.00176	0.00270	0.01019	0.00595	0.00524
29	0.01111	0.02865	0.77667	0.01579	0.02397	0.01286	0.02046	0.01754	0.01169	0.01754	0.00994	0.01169	0.00702	0.00526	0.00526	0.00175	0.00818	0.00409	0.00234	0.00818
30	0.01032	0.00516	0.00516	0.00516	0.00645	0.00516	0.00387	0.01290	0.01161	0.02065	0.01807	0.02065	0.01420	0.00645	0.00387	0.00129	0.00258	0.00516	0.83611	0.00516
31	0.01481	0.80869	0.02902	0.00948	0.01421	0.02191	0.00948	0.01658	0.01125	0.01303	0.00770	0.00888	0.00711	0.00474	0.00355	0.00118	0.00592	0.00296	0.00237	0.00711
32	0.49471	0.01249	0.01143	0.01006	0.03950	0.03712	0.00786	0.23693	0.01493	0.04547	0.01021	0.01112	0.00763	0.00569	0.00425	0.00167	0.00503	0.00382	0.03287	0.00719
33	0.01032	0.00516	0.00516	0.00516	0.00645	0.00516	0.00387	0.01290	0.01161	0.02065	0.01807	0.02065	0.01420	0.00645	0.00387	0.00129	0.00258	0.00516	0.83611	0.00516
34	0.77412	0.01097	0.00923	0.00909	0.05885	0.01257	0.00679	0.03233	0.00999	0.02464	0.00800	0.00939	0.00625	0.00516	0.00360	0.00171	0.00447	0.00316	0.00343	0.00625
35	0.00827	0.00578	0.00742	0.00694	0.00839	0.00527	0.00523	0.01076	0.01542	0.04538	0.68416	0.04167	0.11157	0.01141	0.00650	0.00175	0.00270	0.01002	0.00604	0.00531
36	0.01601	0.01301	0.01378	0.01172	0.01525	0.01482	0.00931	0.25181	0.53478	0.02678	0.01970	0.01840	0.01460	0.00725	0.00561	0.00181	0.00491	0.00587	0.00561	0.00897
37	0.00784	0.00566	0.00740	0.00697	0.00827	0.00523	0.00523	0.01045	0.01568	0.02221	0.76789	0.04137	0.05226	0.01132	0.00653	0.00174	0.00261	0.01002	0.00610	0.00523
38	0.01212	0.01212	0.01696	0.01454	0.01454	0.01696	0.01212	0.01333	0.00848	0.01333	0.00727	0.01212	0.00727	0.00969	0.01818	0.00242	0.79523	0.00485	0.00242	0.00606
39	0.01111	0.02865	0.77667	0.01579	0.02397	0.01286	0.02046	0.01754	0.01169	0.01754	0.00994	0.01169	0.00702	0.00526	0.00526	0.00175	0.00818	0.00409	0.00234	0.00818
40	0.63263	0.01068	0.01014	0.00991	0.07310	0.01173	0.00727	0.01822	0.01082	0.15632	0.01042	0.01111	0.00758	0.00543	0.00397	0.00171	0.00455	0.00361	0.00398	0.00683
41	0.01032	0.00516	0.00516	0.00516	0.00645	0.00516	0.00387	0.01290	0.01161	0.02065	0.01807	0.02065	0.01420	0.00645	0.00387	0.00129	0.00258	0.00516	0.83611	0.00516
42	0.00791	0.00593	0.00890	0.00890	0.00989	0.00692	0.00692	0.00989	0.00890	0.01286	0.01483	0.02176	0.01385	0.04154	0.78341	0.00890	0.01483	0.00593	0.00297	0.00494
43	0.84448	0.01071	0.00814	0.00728	0.01071	0.01242	0.00600	0.01628	0.00943	0.02485	0.00771	0.00900	0.00600	0.00514	0.00343	0.00171	0.00428	0.00300	0.00343	0.00600
44	0.00771	0.00571	0.00723	0.00701	0.00840	0.00523	0.00536	0.01012	0.01493	0.02055	0.58988	0.04506	0.16933	0.01209	0.00663	0.00183	0.00285	0.06910	0.00586	0.00512
45	0.02011	0.01551	0.01718	0.01319	0.01760	0.04909	0.05509	0.61521	0.04439	0.04834	0.01329	0.01352	0.00952	0.00643	0.00553	0.00164	0.00631	0.00501	0.00521	0.03783
46	0.01451	0.74541	0.08967	0.00999	0.01501	0.02118	0.01037	0.01666	0.01129	0.01340	0.00788	0.00911	0.00710	0.00478	0.00369	0.00123	0.00611	0.00305	0.00237	0.00719
47	0.01638	0.01318	0.01272	0.01062	0.01368	0.13053	0.00841	0.29968	0.05291	0.07799	0.23270	0.02306	0.04618	0.00813	0.00574	0.00166	0.00532	0.00653	0.02712	0.00746
48	0.01403	0.17628	0.23548	0.01146	0.01614	0.08470	0.01166	0.01862	0.08957	0.11267	0.09311	0.04587	0.05341	0.00713	0.00523	0.00164	0.00605	0.00563	0.00393	0.00741
49	0.02105	0.01551	0.01662	0.01274	0.01717	0.01717	0.01053	0.75235	0.02604	0.03490	0.01330	0.01330	0.00942	0.00665	0.00554	0.00166	0.00609	0.00499	0.00554	0.00942
50	0.00764	0.00559	0.00663	0.00673	0.00758	0.00530	0.00456	0.00930	0.03528	0.01574	0.23441	0.19663	0.16386	0.26058	0.01337	0.00300	0.00369	0.01075	0.00486	0.00451
51	0.04627	0.01326	0.01448	0.01133	0.01534	0.01433	0.00930	0.51173	0.05918	0.14543	0.01534	0.01508	0.01079	0.00666	0.00532	0.00165	0.00541	0.00509	0.08515	0.00887
52	0.02105	0.01551	0.01662	0.01274	0.01717	0.01717	0.01053	0.75235	0.02604	0.03490	0.01330	0.01330	0.00942	0.00665	0.00554	0.00166	0.00609	0.00499	0.00554	0.00942
53	0.01443	0.01181	0.01264	0.01108	0.01426	0.01341	0.00869	0.12075	0.59206	0.03846	0.08193	0.02137	0.01876	0.00770	0.00569	0.00184	0.00447	0.00639	0.00568	0.00857
54	0.01464	0.50581	0.04964	0.01033	0.01426	0.15542	0.00956	0.01655	0.01242	0.01418	0.07608	0.01422	0.04725	0.00611	0.00478	0.00137	0.03357	0.00420	0.00291	0.00671
55	0.02105	0.01551	0.01662	0.01274	0.01717	0.01717	0.01053	0.75235	0.02604	0.03490	0.01330	0.01330	0.00942	0.00665	0.00554	0.00166	0.00609	0.00499	0.00554	0.00942
56	0.01217	0.00930	0.01062	0.00967	0.01199	0.00965	0.00730	0.21389	0.13075	0.02155	0.02263	0.39138	0.02347	0.01166	0.00615	0.00190	0.00426	0.01017	0.00515	0.08636
57	0.01368	0.00979	0.00888	0.02131	0.01039	0.09828	0.00620	0.16202	0.01497	0.02256	0.01586	0.01783	0.01230	0.00639	0.00436	0.00139	0.00423	0.00494	0.55844	0.00618
58	0.01503	0.01315	0.01926	0.01404	0.01900	0.01246	0.22248	0.25369	0.01665	0.02341	0.01135	0.01307	0.00865	0.00509	0.00527	0.00139	0.00626	0.00477	0.00387	0.33112
59	0.01596	0.07771	0.01505	0.01155	0.01519	0.01542	0.00933	0.23690	0.48795	0.02573	0.01867	0.01758	0.01395	0.00704	0.00544	0.00176	0.00500	0.00563	0.00534	0.00882
60	0.01682	0.01577	0.26810	0.01188	0.01691	0.01019	0.01213	0.02224	0.11997	0.33442	0.01884	0.08137	0.01421	0.00747	0.00565	0.00181	0.00572	0.02310	0.00499	0.00841
61	0.01185	0.00983	0.01152	0.00825	0.01315	0.00740	0.00661	0.01431	0.01161	0.03895	0.01018	0.01169	0.00836	0.00418	0.00414	0.00084	0.00412	0.00334	0.00338	0.81629
62	0.00962	0.00481	0.00722	0.00722	0.00722	0.00481	0.00481	0.00722	0.00722	0.00962	0.00962	0.01684	0.00962	0.01924	0.02165	0.83886	0.00481	0.00481	0.00241	0.00241
63	0.00805	0.00537	0.00604	0.00604	0.00604	0.00537	0.00336	0.00805	0.00805	0.01074	0.01745	0.03624	0.02013	0.80536	0.02819	0.00537	0.00537	0.00805	0.00336	0.00336
64	0.01032	0.00516	0.00516	0.00516	0.00645	0.00516	0.00387	0.01290	0.01161	0.02065	0.01807	0.02065	0.01420	0.00645	0.00387	0.00129	0.00258	0.00516	0.83611	0.00516
65	0.01198	0.21331	0.59968	0.01429	0.02166	0.01501	0.01786	0.01731	0.01159	0.01647	0.00941	0.01103	0.00704	0.00514	0.00486	0.00162	0.00765	0.00382	0.00235	0.00793
66	0.02378	0.01014	0.01320	0.01014	0.01443	0.00921	0.00836	0.10319	0.03509	0.65579	0.02061	0.01809	0.01317	0.00677	0.00552	0.00169	0.00483	0.00546	0.00658	0.03394
67	0.01032	0.00516	0.00516	0.00516	0.00645	0.00516	0.00387	0.01290	0.01161	0.02065	0.01807	0.02065	0.01420	0.00645	0.00387	0.00129	0.00258	0.00516	0.83611	0.00516
68	0.01470	0.01274	0.01887	0.28497	0.25745	0.01407	0.03971	0.22850	0.03665	0.02173	0.01141	0.01418	0.00870	0.00570	0.00556	0.00173	0.00675	0.00504	0.00354	0.00802
69	0.02485	0.00943	0.01285	0.00985	0.01414	0.00814	0.00814	0.02699	0.01585	0.77465	0.02185	0.01885	0.01371	0.00685	0.00557	0.00171	0.00471	0.00557	0.00685	0.00943
70	0.79246	0.01170	0.00862	0.00772	0.01112	0.06109	0.00629	0.01665	0.00982	0.02414	0.00777	0.00906	0.00607	0.00518	0.00353	0.00170	0.00464	0.00303	0.00339	0.00602
71	0.00746	0.00613	0.02495	0.00679	0.00835	0.00520	0.00524	0.00965	0.01422	0.01921	0.47573	0.09024	0.26826	0.02555	0.00690	0.00187	0.00289	0.01070	0.00561	0.00505
72	0.01316	0.13596	0.23358	0.01667	0.16332	0.01374	0.03241	0.11451	0.05367	0.01952	0.04104	0.03537	0.03900	0.00689	0.00543	0.00171	0.00638	0.05632	0.00352	0.00779
73	0.01580	0.35635	0.17377	0.03567	0.01782	0.23922	0.01222	0.04119	0.03378	0.01507	0.00904	0.01040	0.00745	0.00528	0.00449	0.00142	0.00756	0.00357	0.00269	0.00721
74	0.01138	0.00975	0.01136	0.00815	0.01300	0.00732	0.00651	0.01382	0.01151	0.01798	0.01084	0.01238	0.02458	0.00432	0.00415	0.00084	0.00407	0.00346	0.00332	0.82124
75	0.01523	0.14640	0.05671	0.01053	0.01435	0.06912	0.00912	0.22911	0.09082	0.03904	0.12659	0.01852	0.03703	0.00696	0.00516	0.00153	0.00535	0.00544	0.03778	0.07521
76	0.01032	0.00516	0.00516	0.00516	0.00645	0.00516	0.00387	0.01290	0.01161	0.02065	0.01807	0.02065	0.01420	0.00645	0.00387	0.00129	0.00258	0.00516	0.83611	0.00516
77	0.01111	0.02865	0.77667	0.01579	0.02397	0.01286	0.02046	0.01754	0.01169	0.01754	0.00994	0.01169	0.00702	0.00526	0.00526	0.00175	0.00818	0.00409	0.00234	0.00818
78	0.00675	0.00482	0.00643	0.00771	0.00803	0.00450	0.00514	0.00771	0.01060	0.01414	0.03053	0.80175	0.03663	0.01735	0.00707	0.00225	0.00321	0.01574	0.00514	0.00450
79	0.01032	0.00516	0.00516	0.00516	0.00645	0.00516	0.00387	0.01290	0.01161	0.02065	0.01807	0.02065	0.01420	0.00645	0.00387	0.00129	0.00258	0.00516	0.83611	0.00516
80	0.01148	0.00984	0.01148	0.00820	0.01312	0.00738	0.00656	0.01395	0.01148	0.01805	0.00984	0.01148	0.00820	0.00410	0.00410	0.00082	0.00410	0.00328	0.00328	0.83922
81	0.02070	0.02603	0.01573	0.01422	0.01712	0.75741	0.01070	0.04664	0.01604	0.01427	0.00872	0.01010	0.00721	0.00574	0.00501	0.00143	0.00986	0.00361	0.00294	0.00652
82	0.01522	0.01313	0.01886	0.06190	0.41801	0.01362	0.01367	0.22190	0.05019	0.02270	0.01329	0.01519	0.03547	0.00582	0.00546	0.00163	0.00610	0.00514	0.00375	0.05894
83	0.84448	0.01071	0.00814	0.00728	0.01071	0.01242	0.00600	0.01628	0.00943	0.02485	0.00771	0.00900	0.00600	0.00514	0.00343	0.00171	0.00428	0.00300	0.00343	0.00600
84	0.84448	0.01071	0.00814	0.00728	0.01071	0.01242	0.00600	0.01628	0.00943	0.02485	0.00771	0.00900	0.00600	0.00514	0.00343	0.00171	0.00428	0.00300	0.00343	0.00600
85	0.00662	0.00561	0.00571	0.00569	0.00753	0.00471	0.00427	0.00809	0.01280	0.01537	0.09659	0.05262	0.72782	0.01387	0.00654	0.00186	0.00279	0.01159	0.00520	0.00471
86	0.00802	0.00549	0.00665	0.00665	0.00686	0.00570	0.00411	0.00844	0.00823	0.01119	0.01689	0.03316	0.01880	0.64306	0.18866	0.00612	0.00738	0.00760	0.00327	0.00369
87	0.01371	0.01316	0.02248	0.03399	0.77081	0.01316	0.01700	0.01700	0.01261	0.01809	0.01042	0.01371	0.00877	0.00493	0.00548	0.00164	0.00658	0.00493	0.00274	0.00877
88	0.01159	0.02797	0.74969	0.01558	0.02362	0.01270	0.02003	0.01787	0.01184	0.04428	0.01036	0.01195	0.00725	0.00532	0.00527	0.00175	0.00806	0.00414	0.00250	0.00823
89	0.01378	0.01190	0.01252	0.01127	0.01440	0.01378	0.00877	0.02943	0.76081	0.02317	0.02254	0.02066	0.01691	0.00751	0.00564	0.00188	0.00438	0.00626	0.00564	0.00877
90	0.01481	0.80869	0.02902	0.00948	0.01421	0.02191	0.00948	0.01658	0.01125	0.01303	0.00770	0.00888	0.00711	0.00474	0.00355	0.00118	0.00592	0.00296	0.00237	0.00711
91	0.00800	0.00563	0.00726	0.00685	0.00816	0.00522	0.00514	0.01061	0.01542	0.02211	0.72054	0.04006	0.04985	0.01101	0.00636	0.00171	0.00261	0.00971	0.05851	0.00522
92	0.84448	0.01071	0.00814	0.00728	0.01071	0.01242	0.00600	0.01628	0.00943	0.02485	0.00771	0.00900	0.00600	0.00514	0.00343	0.00171	0.00428	0.00300	0.00343	0.00600
93	0.01324	0.01269	0.02164	0.14224	0.66619	0.01304	0.01677	0.01659	0.01239	0.01753	0.01034	0.01386	0.00857	0.00502	0.00549	0.00167	0.00669	0.00493	0.00270	0.00840
94	0.00962	0.00481	0.00722	0.00722	0.00722	0.00481	0.00481	0.00722	0.00722	0.00962	0.00962	0.01684	0.00962	0.01924	0.02165	0.83886	0.00481	0.00481	0.00241	0.00241
95	0.00802	0.00588	0.00754	0.00709	0.00847	0.00551	0.00533	0.01106	0.04181	0.02208	0.72601	0.04090	0.06679	0.01125	0.00650	0.00175	0.00268	0.00992	0.00606	0.00534
96	0.01212	0.01212	0.01696	0.01454	0.01454	0.01696	0.01212	0.01333	0.00848	0.01333	0.00727	0.01212	0.00727	0.00969	0.01818	0.00242	0.79523	0.00485	0.00242	0.00606
97	0.00675	0.00482	0.00643	0.00771	0.00803	0.00450	0.00514	0.00771	0.01060	0.01414	0.03053	0.80175	0.03663	0.01735	0.00707	0.00225	0.00321	0.01574	0.00514	0.00450
98	0.00766	0.00565	0.00715	0.00678	0.00816	0.00515	0.00508	0.01010	0.01525	0.02120	0.66914	0.04303	0.15164	0.01170	0.00653	0.00176	0.00264	0.01025	0.00596	0.00515
99	0.01032	0.00516	0.00516	0.00516	0.00645	0.00516	0.00387	0.01290	0.01161	0.02065	0.01807	0.02065	0.01420	0.00645	0.00387	0.00129	0.00258	0.00516	0.83611	0.00516
100	0.02485	0.00943	0.01285	0.00985	0.01414	0.00814	0.00814	0.02699	0.01585	0.77465	0.02185	0.01885	0.01371	0.00685	0.00557	0.00171	0.00471	0.00557	0.00685	0.00943
101	0.00675	0.00482	0.00643	0.00771	0.00803	0.00450	0.00514	0.00771	0.01060	0.01414	0.03053	0.80175	0.03663	0.01735	0.00707	0.00225	0.00321	0.01574	0.00514	0.00450
102	0.00791	0.00593	0.00890	0.00890	0.00989	0.00692	0.00692	0.00989	0.00890	0.01286	0.01483	0.02176	0.01385	0.04154	0.78341	0.00890	0.01483	0.00593	0.00297	0.00494
103	0.00815	0.00581	0.00739	0.00712	0.00859	0.00532	0.00548	0.01054	0.01490	0.03895	0.56156	0.04480	0.16746	0.01204	0.00662	0.00184	0.00293	0.07941	0.00586	0.00523
104	0.01148	0.00984	0.01148	0.00820	0.01312	0.00738	0.00656	0.01395	0.01148	0.01805	0.00984	0.01148	0.00820	0.00410	0.00410	0.00082	0.00410	0.00328	0.00328	0.83922
105	0.84448	0.01071	0.00814	0.00728	0.01071	0.01242	0.00600	0.01628	0.00943	0.02485	0.00771	0.00900	0.00600	0.00514	0.00343	0.00171	0.00428	0.00300	0.00343	0.00600
106	0.00775	0.00559	0.00732	0.00703	0.00825	0.00517	0.00522	0.01023	0.01526	0.02155	0.70796	0.10318	0.05099	0.01181	0.00658	0.00178	0.00266	0.01048	0.00602	0.00517
107	0.02348	0.00910	0.01230	0.00954	0.01348	0.00791	0.00775	0.02545	0.01522	0.71256	0.02149	0.02026	0.01423	0.07176	0.00741	0.00201	0.00477	0.00577	0.00657	0.00893
108	0.00833	0.00573	0.00648	0.00622	0.00662	0.00553	0.00362	0.00853	0.00833	0.01133	0.01683	0.03423	0.01917	0.74023	0.02623	0.00500	0.00527	0.00767	0.00335	0.07130
109	0.72795	0.01102	0.00911	0.00788	0.01144	0.01255	0.00650	0.07676	0.01116	0.07104	0.00902	0.00994	0.00674	0.00537	0.00373	0.00171	0.00446	0.00332	0.00381	0.00648
110	0.01154	0.11948	0.68961	0.01505	0.02283	0.01392	0.01918	0.01743	0.01164	0.01701	0.00968	0.01137	0.00703	0.00520	0.00506	0.00169	0.00792	0.00396	0.00234	0.00806
111	0.07584	0.00607	0.00746	0.00699	0.00847	0.00581	0.00529	0.01093	0.01517	0.02242	0.70610	0.03874	0.04850	0.01082	0.00628	0.00174	0.00275	0.00945	0.00588	0.00529
112	0.01420	0.68044	0.15195	0.01051	0.01582	0.02043	0.01128	0.01674	0.01133	0.01377	0.00807	0.00935	0.00709	0.00482	0.00383	0.00128	0.00629	0.00315	0.00236	0.00728
113	0.04192	0.01251	0.02269	0.25943	0.34180	0.01308	0.19498	0.01629	0.01215	0.01706	0.01034	0.01416	0.00816	0.00506	0.00568	0.00176	0.00741	0.00525	0.00270	0.00757
114	0.00675	0.00482	0.00643	0.00771	0.00803	0.00450	0.00514	0.00771	0.01060	0.01414	0.03053	0.80175	0.03663	0.01735	0.00707	0.00225	0.00321	0.01574	0.00514	0.00450

[dist]
# distance from previous block
# <min> <max>
0	3

[block]
# block no. 5 follows, 43 sequences, length 59
# corresponding to MSA columns:
# 625-669,678-691
name=unknown_F
#
# <colnr> <probs for GDERKNQSTAVLIFYWHMCP>
#	G	D	E	R	K	N	Q	S	T	A	V	L	I	F	Y	W	H	M	C	P
0	0.01433	0.01217	0.01283	0.01138	0.01461	0.01403	0.00890	0.08438	0.70496	0.02406	0.02184	0.02010	0.01634	0.00745	0.00563	0.00186	0.00451	0.00616	0.00563	0.00882
1	0.00675	0.00482	0.00643	0.00771	0.00803	0.00450	0.00514	0.00771	0.01060	0.01414	0.03053	0.80175	0.03663	0.01735	0.00707	0.00225	0.00321	0.01574	0.00514	0.00450
2	0.00907	0.00616	0.00687	0.00656	0.00691	0.00629	0.00392	0.06621	0.00946	0.01263	0.01713	0.03445	0.01930	0.74296	0.02642	0.00508	0.00543	0.00781	0.00353	0.00383
3	0.01131	0.02747	0.71934	0.01717	0.08074	0.01288	0.02020	0.01750	0.01176	0.01758	0.00998	0.01185	0.00715	0.00524	0.00528	0.00175	0.00806	0.00416	0.00237	0.00823
4	0.00875	0.00625	0.00873	0.01001	0.01121	0.00623	0.00863	0.01118	0.01258	0.01638	0.02942	0.12024	0.03225	0.01546	0.00760	0.00253	0.00495	0.67745	0.00510	0.00505
5	0.01664	0.01103	0.01651	0.01205	0.01688	0.00948	0.15876	0.05669	0.01397	0.26476	0.01420	0.01467	0.01010	0.00524	0.00515	0.00137	0.00547	0.00477	0.00446	0.35779
6	0.00792	0.00589	0.00868	0.00868	0.00959	0.00680	0.00664	0.00975	0.00883	0.01269	0.01504	0.02289	0.01434	0.10122	0.72441	0.00862	0.01410	0.00610	0.00300	0.00482
7	0.02099	0.01692	0.01601	0.01275	0.01683	0.15757	0.01031	0.53474	0.05165	0.08674	0.01343	0.01339	0.00961	0.00652	0.00545	0.00163	0.00664	0.00482	0.00515	0.00884
8	0.01363	0.01308	0.02233	0.05273	0.75271	0.01314	0.01696	0.01693	0.01257	0.01800	0.01040	0.01373	0.00874	0.00495	0.00548	0.00165	0.00660	0.00493	0.00273	0.00871
9	0.00949	0.00490	0.00734	0.00734	0.00742	0.00497	0.00497	0.00742	0.00734	0.00987	0.01002	0.01721	0.00994	0.02093	0.07954	0.77578	0.00557	0.00490	0.00245	0.00260
10	0.84448	0.01071	0.00814	0.00728	0.01071	0.01242	0.00600	0.01628	0.00943	0.02485	0.00771	0.00900	0.00600	0.00514	0.00343	0.00171	0.00428	0.00300	0.00343	0.00600
11	0.06852	0.01071	0.01335	0.01029	0.01456	0.01017	0.00850	0.17064	0.01753	0.58693	0.01938	0.01721	0.01244	0.00672	0.00545	0.00170	0.00496	0.00531	0.00641	0.00924
12	0.01371	0.01316	0.02248	0.03399	0.77081	0.01316	0.01700	0.01700	0.01261	0.01809	0.01042	0.01371	0.00877	0.00493	0.00548	0.00164	0.00658	0.00493	0.00274	0.00877
13	0.01353	0.00990	0.01402	0.01133	0.01463	0.00965	0.12179	0.05896	0.17036	0.13347	0.15935	0.08270	0.03566	0.00825	0.00588	0.00172	0.00478	0.02090	0.02325	0.09988
14	0.01032	0.00516	0.00516	0.00516	0.00645	0.00516	0.00387	0.01290	0.01161	0.02065	0.01807	0.02065	0.01420	0.00645	0.00387	0.00129	0.00258	0.00516	0.83611	0.00516
15	0.01831	0.01410	0.01700	0.01312	0.01725	0.01531	0.09331	0.52829	0.09183	0.03051	0.04338	0.01570	0.01195	0.00667	0.00560	0.00169	0.00595	0.00549	0.05582	0.00872
16	0.00717	0.00539	0.00725	0.00825	0.00854	0.00547	0.00569	0.00815	0.01044	0.01407	0.02871	0.74005	0.03434	0.01675	0.00794	0.00226	0.06510	0.01489	0.00493	0.00462
17	0.01032	0.00516	0.00516	0.00516	0.00645	0.00516	0.00387	0.01290	0.01161	0.02065	0.01807	0.02065	0.01420	0.00645	0.00387	0.00129	0.00258	0.00516	0.83611	0.00516
18	0.01223	0.07265	0.47267	0.01675	0.06076	0.01358	0.12590	0.05915	0.02742	0.01838	0.02994	0.03035	0.00944	0.00574	0.00568	0.00175	0.02192	0.00494	0.00283	0.00793
19	0.01544	0.67861	0.04171	0.01023	0.01477	0.11561	0.00983	0.01758	0.02881	0.01341	0.00819	0.00934	0.00733	0.00493	0.00381	0.00124	0.00643	0.00313	0.00250	0.00708
20	0.01707	0.10883	0.10671	0.05296	0.04422	0.01327	0.06866	0.16002	0.04377	0.21147	0.04311	0.03040	0.01206	0.00651	0.00588	0.00169	0.03651	0.00530	0.00450	0.02707
21	0.01045	0.00978	0.01651	0.69406	0.04953	0.01198	0.03468	0.01398	0.01110	0.01442	0.01091	0.05001	0.00886	0.00612	0.00583	0.00186	0.02146	0.00545	0.01686	0.00615
22	0.00784	0.00541	0.00668	0.00686	0.00711	0.00556	0.00433	0.00838	0.00859	0.01165	0.01877	0.14188	0.02120	0.53840	0.17864	0.00564	0.00699	0.00871	0.00353	0.00384
23	0.02387	0.01067	0.01359	0.01045	0.01474	0.01003	0.00862	0.16965	0.03342	0.61352	0.02018	0.01780	0.01293	0.00683	0.00557	0.00171	0.00498	0.00547	0.00657	0.00941
24	0.01139	0.01091	0.01656	0.72218	0.03626	0.05188	0.01495	0.04309	0.01189	0.01492	0.00991	0.01446	0.00745	0.00559	0.00551	0.00182	0.00747	0.00486	0.00260	0.00629
25	0.01378	0.01190	0.01252	0.01127	0.01440	0.01378	0.00877	0.02943	0.76081	0.02317	0.02254	0.02066	0.01691	0.00751	0.00564	0.00188	0.00438	0.00626	0.00564	0.00877
26	0.84448	0.01071	0.00814	0.00728	0.01071	0.01242	0.00600	0.01628	0.00943	0.02485	0.00771	0.00900	0.00600	0.00514	0.00343	0.00171	0.00428	0.00300	0.00343	0.00600
27	0.00779	0.00566	0.00733	0.00692	0.00824	0.00520	0.00519	0.01035	0.01556	0.02193	0.74038	0.04183	0.07995	0.01143	0.00653	0.00175	0.00262	0.01008	0.00606	0.00520
28	0.01149	0.00644	0.00632	0.00612	0.00765	0.03566	0.00461	0.01436	0.03727	0.06312	0.01870	0.06005	0.01513	0.00704	0.00423	0.00139	0.00308	0.00570	0.68609	0.00554
29	0.00670	0.00555	0.00587	0.00592	0.00761	0.00472	0.00439	0.00820	0.01279	0.01567	0.13037	0.11050	0.63463	0.01400	0.00659	0.00189	0.00282	0.01183	0.00524	0.00472
30	0.43234	0.01785	0.29186	0.01193	0.01732	0.01295	0.06971	0.05447	0.01139	0.02213	0.00909	0.01067	0.00673	0.00523	0.00445	0.00174	0.00620	0.00378	0.00309	0.00709
31	0.01032	0.00516	0.00516	0.00516	0.00645	0.00516	0.00387	0.01290	0.01161	0.02065	0.01807	0.02065	0.01420	0.00645	0.00387	0.00129	0.00258	0.00516	0.83611	0.00516
32	0.01481	0.80869	0.02902	0.00948	0.01421	0.02191	0.00948	0.01658	0.01125	0.01303	0.00770	0.00888	0.00711	0.00474	0.00355	0.00118	0.00592	0.00296	0.00237	0.00711
33	0.02485	0.00943	0.01285	0.00985	0.01414	0.00814	0.00814	0.02699	0.01585	0.77465	0.02185	0.01885	0.01371	0.00685	0.00557	0.00171	0.00471	0.00557	0.00685	0.00943
34	0.84448	0.01071	0.00814	0.00728	0.01071	0.01242	0.00600	0.01628	0.00943	0.02485	0.00771	0.00900	0.00600	0.00514	0.00343	0.00171	0.00428	0.00300	0.00343	0.00600
35	0.00872	0.00623	0.00869	0.00996	0.01114	0.00619	0.00856	0.01111	0.01254	0.01634	0.02944	0.13334	0.03233	0.01550	0.00759	0.00252	0.00492	0.66473	0.00510	0.00504
36	0.01032	0.00516	0.00516	0.00516	0.00645	0.00516	0.00387	0.01290	0.01161	0.02065	0.01807	0.02065	0.01420	0.00645	0.00387	0.00129	0.00258	0.00516	0.83611	0.00516
37	0.01203	0.01161	0.01868	0.31232	0.27696	0.01394	0.01498	0.01487	0.01084	0.01523	0.00929	0.01364	0.00782	0.00654	0.00919	0.00195	0.23567	0.00490	0.00254	0.00700
38	0.01460	0.01206	0.01234	0.01101	0.01416	0.04903	0.00858	0.02780	0.62935	0.08101	0.02355	0.02169	0.05460	0.00771	0.00565	0.00184	0.00459	0.00636	0.00557	0.00850
39	0.00857	0.00694	0.00906	0.00899	0.01001	0.04648	0.00688	0.01040	0.00919	0.01276	0.01468	0.02209	0.01391	0.08922	0.69468	0.00829	0.01397	0.00595	0.00299	0.00492
40	0.00805	0.00537	0.00604	0.00604	0.00604	0.00537	0.00336	0.00805	0.00805	0.01074	0.01745	0.03624	0.02013	0.80536	0.02819	0.00537	0.00537	0.00805	0.00336	0.00336
41	0.01212	0.01212	0.01696	0.01454	0.01454	0.01696	0.01212	0.01333	0.00848	0.01333	0.00727	0.01212	0.00727	0.00969	0.01818	0.00242	0.79523	0.00485	0.00242	0.00606
42	0.00913	0.00595	0.00782	0.00719	0.00872	0.00545	0.00545	0.01171	0.01569	0.07940	0.71119	0.03966	0.04933	0.01098	0.00646	0.00174	0.00277	0.00968	0.00615	0.00554
43	0.01433	0.01217	0.01283	0.01138	0.01461	0.01403	0.00890	0.08438	0.70496	0.02406	0.02184	0.02010	0.01634	0.00745	0.00563	0.00186	0.00451	0.00616	0.00563	0.00882
44	0.01032	0.00516	0.00516	0.00516	0.00645	0.00516	0.00387	0.01290	0.01161	0.02065	0.01807	0.02065	0.01420	0.00645	0.00387	0.00129	0.00258	0.00516	0.83611	0.00516
45	0.20520	0.00971	0.01182	0.00929	0.01338	0.00908	0.00767	0.02463	0.01444	0.60966	0.01874	0.01668	0.01201	0.00648	0.00510	0.00171	0.00462	0.00500	0.00610	0.00867
46	0.01307	0.01494	0.03268	0.02334	0.02894	0.01401	0.75070	0.01774	0.01307	0.01774	0.01120	0.01494	0.00840	0.00467	0.00654	0.00187	0.00934	0.00654	0.00280	0.00747
47	0.01225	0.01005	0.01627	0.52289	0.13421	0.01162	0.01395	0.01613	0.04286	0.08883	0.04565	0.01664	0.01076	0.00690	0.02672	0.00199	0.00688	0.00530	0.00323	0.00686
48	0.01362	0.02247	0.54369	0.01398	0.02066	0.01126	0.01674	0.01877	0.01253	0.16975	0.01394	0.01727	0.01044	0.00733	0.02665	0.00200	0.00743	0.05988	0.00347	0.00811
49	0.84448	0.01071	0.00814	0.00728	0.01071	0.01242	0.00600	0.01628	0.00943	0.02485	0.00771	0.00900	0.00600	0.00514	0.00343	0.00171	0.00428	0.00300	0.00343	0.00600
50	0.00713	0.00498	0.00631	0.00722	0.00745	0.00475	0.00462	0.00781	0.00985	0.01314	0.02668	0.57686	0.03178	0.24885	0.01327	0.00317	0.00385	0.01349	0.00462	0.00416
51	0.00675	0.00482	0.00643	0.00771	0.00803	0.00450	0.00514	0.00771	0.01060	0.01414	0.03053	0.80175	0.03663	0.01735	0.00707	0.00225	0.00321	0.01574	0.00514	0.00450
52	0.01882	0.01382	0.01626	0.01270	0.01686	0.01494	0.06597	0.46632	0.15670	0.09776	0.01750	0.01705	0.04505	0.00700	0.00568	0.00173	0.00576	0.00569	0.00545	0.00894
53	0.01111	0.02865	0.77667	0.01579	0.02397	0.01286	0.02046	0.01754	0.01169	0.01754	0.00994	0.01169	0.00702	0.00526	0.00526	0.00175	0.00818	0.00409	0.00234	0.00818
54	0.02447	0.00951	0.01284	0.00990	0.01415	0.00833	0.00816	0.02707	0.04102	0.74926	0.02187	0.01891	0.01382	0.00688	0.00557	0.00172	0.00470	0.00559	0.00681	0.00940
55	0.01207	0.01194	0.01654	0.01405	0.01443	0.01621	0.01168	0.01338	0.00872	0.01370	0.00747	0.01207	0.00734	0.00926	0.01708	0.00230	0.73341	0.00472	0.00249	0.07116
56	0.01833	0.01356	0.01553	0.01227	0.01577	0.01525	0.01010	0.44522	0.06466	0.08645	0.01324	0.01396	0.00981	0.00708	0.00774	0.00175	0.15143	0.00496	0.02116	0.07175
57	0.01124	0.05576	0.75068	0.01557	0.02363	0.01318	0.02008	0.01751	0.01168	0.01738	0.00986	0.01160	0.00702	0.00524	0.00520	0.00173	0.00811	0.00405	0.00234	0.00815
58	0.01143	0.09583	0.71227	0.01524	0.02313	0.01364	0.01952	0.01746	0.01165	0.01715	0.00975	0.01145	0.00702	0.00522	0.00511	0.00170	0.00799	0.00400	0.00234	0.00809

[dist]
# distance from previous block
# <min> <max>
0	1

[block]
# block no. 6 follows, 43 sequences, length 38
# corresponding to MSA columns:
# 693-700,703-732
name=unknown_G
#
# <colnr> <probs for GDERKNQSTAVLIFYWHMCP>
#	G	D	E	R	K	N	Q	S	T	A	V	L	I	F	Y	W	H	M	C	P
0	0.01430	0.70086	0.13238	0.01035	0.01556	0.02066	0.01100	0.01672	0.01131	0.01365	0.00801	0.00927	0.00709	0.00481	0.00379	0.00126	0.00624	0.00312	0.00236	0.00726
1	0.01423	0.01340	0.02697	0.01964	0.02460	0.01268	0.55111	0.01931	0.07227	0.11191	0.06385	0.01763	0.01265	0.00561	0.00635	0.00184	0.00793	0.00663	0.00374	0.00766
2	0.02351	0.00913	0.01242	0.00963	0.01368	0.00791	0.00791	0.02569	0.01584	0.71560	0.08039	0.02062	0.01673	0.00721	0.00565	0.00172	0.00455	0.00592	0.00680	0.00910
3	0.01481	0.80869	0.02902	0.00948	0.01421	0.02191	0.00948	0.01658	0.01125	0.01303	0.00770	0.00888	0.00711	0.00474	0.00355	0.00118	0.00592	0.00296	0.00237	0.00711
4	0.01166	0.01010	0.01235	0.01023	0.07258	0.00784	0.00738	0.01418	0.01157	0.01805	0.00989	0.01166	0.00825	0.00417	0.00421	0.00089	0.00430	0.00341	0.00324	0.77405
5	0.00805	0.00539	0.00615	0.00615	0.00618	0.00543	0.00349	0.00812	0.00809	0.01082	0.01735	0.03571	0.01990	0.77733	0.05590	0.00550	0.00572	0.00798	0.00334	0.00341
6	0.00792	0.00590	0.00871	0.00871	0.00963	0.00682	0.00668	0.00976	0.00884	0.01271	0.01501	0.02275	0.01428	0.09378	0.73176	0.00866	0.01419	0.00608	0.00299	0.00484
7	0.02485	0.00943	0.01285	0.00985	0.01414	0.00814	0.00814	0.02699	0.01585	0.77465	0.02185	0.01885	0.01371	0.00685	0.00557	0.00171	0.00471	0.00557	0.00685	0.00943
8	0.01274	0.01315	0.01687	0.01452	0.01473	0.07253	0.01201	0.01397	0.00900	0.01334	0.00736	0.01196	0.00726	0.00940	0.01722	0.00235	0.73828	0.00475	0.00245	0.00608
9	0.01032	0.00516	0.00516	0.00516	0.00645	0.00516	0.00387	0.01290	0.01161	0.02065	0.01807	0.02065	0.01420	0.00645	0.00387	0.00129	0.00258	0.00516	0.83611	0.00516
10	0.01371	0.01316	0.02248	0.03399	0.77081	0.01316	0.01700	0.01700	0.01261	0.01809	0.01042	0.01371	0.00877	0.00493	0.00548	0.00164	0.00658	0.00493	0.00274	0.00877
11	0.00719	0.00587	0.03216	0.00780	0.00868	0.00499	0.00573	0.00876	0.01192	0.01618	0.19931	0.55854	0.06329	0.01541	0.00688	0.00211	0.00327	0.03180	0.00527	0.00481
12	0.01212	0.01212	0.01696	0.01454	0.01454	0.01696	0.01212	0.01333	0.00848	0.01333	0.00727	0.01212	0.00727	0.00969	0.01818	0.00242	0.79523	0.00485	0.00242	0.00606
13	0.01947	0.01436	0.01533	0.01203	0.01609	0.01593	0.00985	0.61831	0.10672	0.03256	0.01467	0.01465	0.01060	0.00673	0.00543	0.00166	0.00565	0.00514	0.06578	0.00904
14	0.01403	0.64502	0.18589	0.01080	0.01626	0.02001	0.01178	0.01678	0.01135	0.01398	0.00817	0.00947	0.00709	0.00485	0.00391	0.00130	0.00640	0.00320	0.00236	0.00733
15	0.01371	0.01316	0.02248	0.03399	0.77081	0.01316	0.01700	0.01700	0.01261	0.01809	0.01042	0.01371	0.00877	0.00493	0.00548	0.00164	0.00658	0.00493	0.00274	0.00877
16	0.01447	0.01605	0.15801	0.01214	0.01615	0.07906	0.01100	0.10109	0.38322	0.04661	0.03195	0.03053	0.01466	0.03799	0.00645	0.00194	0.00578	0.02007	0.00470	0.00813
17	0.00809	0.00663	0.01084	0.01052	0.01181	0.00627	0.11840	0.00990	0.01136	0.01512	0.02739	0.55003	0.03151	0.01507	0.00709	0.00225	0.00448	0.14340	0.00478	0.00506
18	0.00859	0.00593	0.00716	0.00696	0.00865	0.00528	0.00535	0.01058	0.01390	0.07289	0.31888	0.09109	0.33427	0.01279	0.00660	0.00189	0.00310	0.07522	0.00562	0.00526
19	0.01218	0.01160	0.01973	0.38941	0.42730	0.01276	0.01624	0.01566	0.01189	0.01624	0.01015	0.01420	0.00812	0.00522	0.00551	0.00174	0.00696	0.00493	0.00261	0.00754
20	0.01247	0.01159	0.01858	0.40437	0.27552	0.01343	0.01522	0.06854	0.01239	0.01687	0.01001	0.01403	0.00798	0.00585	0.00684	0.00183	0.08954	0.00492	0.00277	0.00724
21	0.01069	0.01008	0.01704	0.73708	0.09128	0.01237	0.01550	0.01436	0.01119	0.01444	0.00989	0.01469	0.00748	0.00549	0.00553	0.00183	0.00732	0.00492	0.00248	0.00634
