[name]
unknown

[dist]
# distance from previous block
# <min> <max>
4	92

[block]
# block no. 0 follows, 55 sequences, length 9
# corresponding to MSA columns:
# 138-146
name=unknown_A
#
# <colnr> <probs for GDERKNQSTAVLIFYWHMCP>
#	G	D	E	R	K	N	Q	S	T	A	V	L	I	F	Y	W	H	M	C	P
0	0.09454	0.05454	0.04928	0.02843	0.25133	0.01003	0.07332	0.08426	0.03544	0.05774	0.02150	0.03563	0.04641	0.02935	0.02207	0.02869	0.00502	0.00463	0.02639	0.04140
1	0.01036	0.03380	0.03425	0.01209	0.07049	0.10481	0.04693	0.01235	0.03346	0.01264	0.04788	0.04931	0.01033	0.01053	0.10989	0.00241	0.34925	0.00474	0.03925	0.00525
2	0.12606	0.07400	0.01289	0.03850	0.17672	0.11635	0.02124	0.09327	0.07699	0.03624	0.04686	0.07497	0.07459	0.00622	0.00444	0.00142	0.00483	0.00508	0.00331	0.00601
3	0.19424	0.06478	0.10462	0.06201	0.06156	0.01888	0.04636	0.03624	0.02651	0.07420	0.01270	0.08314	0.05233	0.00706	0.03210	0.00168	0.06016	0.00480	0.02964	0.02700
4	0.01140	0.00842	0.00922	0.02671	0.01087	0.06652	0.00624	0.05202	0.11113	0.13822	0.07839	0.15417	0.03862	0.02043	0.00502	0.00142	0.00386	0.03964	0.00408	0.21362
5	0.00641	0.00456	0.00577	0.00580	0.00674	0.00420	0.00422	0.00819	0.01171	0.01643	0.50155	0.22211	0.10633	0.01063	0.00544	0.00155	0.00233	0.00939	0.06244	0.00420
6	0.02726	0.00991	0.01080	0.06368	0.01303	0.03568	0.00741	0.22552	0.26967	0.05582	0.11024	0.01690	0.02919	0.00615	0.00462	0.00141	0.00412	0.00500	0.03374	0.06985
7	0.01035	0.00525	0.00580	0.00535	0.00683	0.00527	0.00414	0.05501	0.01064	0.10397	0.01510	0.01691	0.01164	0.00763	0.06343	0.00161	0.00328	0.00441	0.65845	0.00491
8	0.00687	0.00479	0.00612	0.00587	0.00703	0.00436	0.00437	0.00878	0.01242	0.04544	0.60549	0.12113	0.12947	0.01018	0.00551	0.00152	0.00233	0.00896	0.00496	0.00440

[dist]
# distance from previous block
# <min> <max>
0	4

[block]
# block no. 1 follows, 55 sequences, length 20
# corresponding to MSA columns:
# 151-170
name=unknown_B
#
# <colnr> <probs for GDERKNQSTAVLIFYWHMCP>
#	G	D	E	R	K	N	Q	S	T	A	V	L	I	F	Y	W	H	M	C	P
0	0.01453	0.01332	0.01145	0.01000	0.01266	0.25571	0.00779	0.10786	0.29810	0.10177	0.01359	0.01367	0.01030	0.00823	0.07812	0.00194	0.00609	0.00430	0.00388	0.02667
1	0.01037	0.20851	0.52277	0.08547	0.01907	0.05050	0.01431	0.01447	0.00985	0.01345	0.00786	0.00945	0.00594	0.00436	0.00410	0.00136	0.00645	0.00326	0.00200	0.00644
2	0.00972	0.13696	0.62965	0.08599	0.02006	0.01183	0.01551	0.01436	0.00972	0.01394	0.00808	0.00972	0.00593	0.00438	0.00424	0.00141	0.00655	0.00337	0.00198	0.00659
3	0.00610	0.00474	0.00566	0.00552	0.00678	0.00431	0.00415	0.00778	0.01145	0.01516	0.38799	0.05410	0.37159	0.01290	0.07903	0.00206	0.00320	0.00881	0.00452	0.00415
4	0.00646	0.00478	0.00655	0.00669	0.00739	0.00516	0.00493	0.00770	0.00788	0.01084	0.01797	0.11569	0.09301	0.16955	0.49302	0.00565	0.00883	0.02107	0.00297	0.00386
5	0.01434	0.01057	0.01137	0.00912	0.01191	0.01150	0.00723	0.55457	0.03499	0.02379	0.01534	0.04663	0.07483	0.14297	0.00790	0.00194	0.00468	0.00541	0.00432	0.00659
6	0.07864	0.00530	0.00553	0.00522	0.00669	0.00535	0.00400	0.02365	0.03892	0.05840	0.12166	0.03398	0.05450	0.00639	0.00382	0.00124	0.00250	0.00520	0.53429	0.00472
7	0.54525	0.01014	0.00954	0.07372	0.01248	0.01162	0.00681	0.24614	0.01220	0.02267	0.00802	0.00903	0.00599	0.00472	0.00355	0.00144	0.00426	0.00315	0.00334	0.00591
8	0.01200	0.52183	0.23368	0.00966	0.01434	0.01578	0.01048	0.07747	0.04170	0.01378	0.00784	0.00878	0.00643	0.00432	0.00357	0.00118	0.00544	0.00299	0.00231	0.00642
9	0.01233	0.80976	0.05293	0.00815	0.01224	0.01813	0.00829	0.01396	0.00947	0.01108	0.00654	0.00755	0.00597	0.00400	0.00304	0.00101	0.00504	0.00252	0.00199	0.00600
10	0.01181	0.01201	0.01400	0.04399	0.01358	0.13924	0.03451	0.07560	0.00960	0.01313	0.00730	0.01048	0.00654	0.00701	0.01138	0.00177	0.53588	0.00397	0.04283	0.00537
11	0.00954	0.00933	0.01596	0.01355	0.07078	0.04041	0.31278	0.01315	0.08640	0.02625	0.14577	0.18455	0.03541	0.00749	0.00538	0.00159	0.00515	0.00741	0.00353	0.00557
12	0.00568	0.00422	0.00529	0.00607	0.00666	0.00384	0.00416	0.00663	0.00948	0.01236	0.06886	0.62644	0.19589	0.01373	0.00582	0.00180	0.00260	0.01226	0.00436	0.00384
13	0.00723	0.00541	0.00685	0.03617	0.00874	0.00544	0.00545	0.07103	0.01047	0.01376	0.05944	0.30623	0.15965	0.06282	0.09178	0.00254	0.00432	0.13438	0.00402	0.00428
14	0.01242	0.01026	0.01537	0.06926	0.47046	0.01063	0.01138	0.16849	0.01271	0.03871	0.01035	0.01242	0.00815	0.00468	0.00443	0.00135	0.00498	0.00419	0.12280	0.00694
15	0.00813	0.00407	0.00590	0.00590	0.00600	0.00407	0.00397	0.00649	0.00639	0.00892	0.00872	0.01443	0.00843	0.01519	0.01683	0.78651	0.00387	0.00407	0.07986	0.00223
16	0.01511	0.01425	0.01351	0.02894	0.05170	0.21902	0.00919	0.32187	0.10965	0.01956	0.01019	0.01122	0.00792	0.00626	0.02023	0.00157	0.12564	0.00401	0.00350	0.00664
17	0.01024	0.04276	0.01041	0.00862	0.01053	0.00795	0.06923	0.15458	0.07759	0.06993	0.09503	0.34281	0.02155	0.04884	0.00615	0.00176	0.00386	0.00848	0.00426	0.00542
18	0.01194	0.04672	0.16231	0.00934	0.01259	0.05283	0.02164	0.13753	0.06777	0.12040	0.13194	0.01880	0.05437	0.03870	0.07901	0.00210	0.00547	0.01659	0.00381	0.00613
19	0.19731	0.01262	0.01093	0.00946	0.01233	0.15810	0.00747	0.18054	0.32606	0.02035	0.01253	0.01235	0.00945	0.00546	0.00422	0.00144	0.00482	0.00404	0.00390	0.00662

[dist]
# distance from previous block
# <min> <max>
0	2

[block]
# block no. 2 follows, 55 sequences, length 10
# corresponding to MSA columns:
# 173-182
name=unknown_C
#
# <colnr> <probs for GDERKNQSTAVLIFYWHMCP>
#	G	D	E	R	K	N	Q	S	T	A	V	L	I	F	Y	W	H	M	C	P
0	0.06389	0.01114	0.01224	0.16437	0.13208	0.15942	0.00915	0.06801	0.06218	0.13071	0.07591	0.04610	0.03325	0.00588	0.00460	0.00144	0.00524	0.00483	0.00348	0.00610
1	0.01123	0.11334	0.38503	0.01291	0.01751	0.06324	0.10898	0.03700	0.01016	0.04443	0.00827	0.01012	0.00636	0.00505	0.00623	0.00150	0.14624	0.00373	0.00228	0.00637
2	0.01502	0.01071	0.01114	0.00904	0.01202	0.05909	0.00726	0.36390	0.11705	0.11720	0.01354	0.01469	0.01024	0.04032	0.00523	0.00148	0.00449	0.02033	0.11104	0.05623
3	0.03311	0.00949	0.03923	0.04141	0.06971	0.07229	0.04062	0.08603	0.14418	0.01681	0.15101	0.09147	0.11599	0.00803	0.00508	0.00155	0.00426	0.06015	0.00396	0.00561
4	0.00969	0.01026	0.07358	0.01794	0.34565	0.00906	0.12113	0.01305	0.05119	0.01571	0.16281	0.01960	0.09715	0.00603	0.00495	0.00144	0.00486	0.00570	0.00316	0.02706
5	0.00616	0.00470	0.00566	0.00551	0.00671	0.00420	0.00410	0.00793	0.01205	0.01620	0.50358	0.08610	0.29901	0.01058	0.00552	0.00152	0.00228	0.00917	0.00480	0.00420
6	0.01480	0.00816	0.00953	0.00803	0.01080	0.00832	0.00640	0.04517	0.30426	0.33608	0.01891	0.01758	0.04215	0.00613	0.00450	0.00144	0.00355	0.00502	0.14219	0.00699
7	0.01108	0.11404	0.23586	0.01608	0.17436	0.03102	0.16609	0.03983	0.10626	0.01549	0.03846	0.01223	0.00886	0.00467	0.00457	0.00142	0.00600	0.00428	0.00265	0.00671
8	0.00630	0.00437	0.00528	0.00574	0.00596	0.00423	0.00362	0.00676	0.00794	0.01050	0.02086	0.34884	0.05901	0.44289	0.01519	0.00325	0.00369	0.03873	0.00354	0.00330
9	0.07391	0.04521	0.01130	0.00864	0.04777	0.02951	0.00663	0.13293	0.01167	0.04759	0.00888	0.00992	0.00705	0.00402	0.00369	0.00094	0.00402	0.00309	0.00311	0.54012

[dist]
# distance from previous block
# <min> <max>
1	3

[block]
# block no. 3 follows, 55 sequences, length 13
# corresponding to MSA columns:
# 186-198
name=unknown_D
#
# <colnr> <probs for GDERKNQSTAVLIFYWHMCP>
#	G	D	E	R	K	N	Q	S	T	A	V	L	I	F	Y	W	H	M	C	P
0	0.00697	0.00483	0.00567	0.00565	0.00607	0.00477	0.00359	0.03972	0.00887	0.01196	0.14142	0.16328	0.04684	0.51152	0.01655	0.00338	0.00381	0.00808	0.00355	0.00347
1	0.00793	0.00642	0.00768	0.03859	0.00885	0.05371	0.00556	0.00917	0.00863	0.03113	0.07878	0.04531	0.08136	0.21218	0.29828	0.00436	0.07369	0.00606	0.01821	0.00411
2	0.01061	0.00824	0.00975	0.00701	0.01110	0.00626	0.00563	0.01266	0.00996	0.08355	0.00914	0.01018	0.00729	0.00364	0.00355	0.00075	0.00349	0.00292	0.00301	0.79127
3	0.01082	0.00938	0.00963	0.00871	0.01113	0.03026	0.00674	0.05921	0.58401	0.01836	0.02311	0.04980	0.14393	0.00742	0.00488	0.00157	0.00362	0.00617	0.00459	0.00665
4	0.09363	0.69707	0.02154	0.00774	0.01149	0.01695	0.00753	0.04250	0.00978	0.01282	0.00699	0.00800	0.00619	0.00413	0.00305	0.00106	0.00474	0.00263	0.03628	0.00589
5	0.00664	0.00468	0.00620	0.00706	0.00760	0.00457	0.00533	0.00784	0.00922	0.01215	0.02304	0.35261	0.02637	0.17715	0.00966	0.00251	0.00371	0.32585	0.00401	0.00380
6	0.01135	0.01216	0.01814	0.01439	0.01617	0.09268	0.24689	0.03624	0.00933	0.01288	0.00737	0.01075	0.00644	0.00646	0.01089	0.00179	0.47386	0.00440	0.00225	0.00556
7	0.00904	0.00534	0.00686	0.00661	0.00732	0.00543	0.00467	0.09375	0.00902	0.04275	0.01359	0.14123	0.01400	0.14065	0.02958	0.37885	0.00411	0.03806	0.04559	0.00353
8	0.00709	0.00560	0.00732	0.00736	0.00750	0.00640	0.00523	0.00772	0.00786	0.01085	0.01766	0.36338	0.02062	0.28271	0.01385	0.00279	0.18695	0.03204	0.00332	0.00377
9	0.01037	0.00832	0.00950	0.00740	0.01067	0.00735	0.00585	0.17058	0.01230	0.01764	0.04952	0.10805	0.07565	0.00610	0.00423	0.00108	0.00356	0.00507	0.00356	0.48320
10	0.03090	0.00856	0.01322	0.41052	0.17765	0.00957	0.01092	0.06852	0.01056	0.05396	0.01113	0.09921	0.00972	0.02150	0.00504	0.00156	0.00527	0.00511	0.02016	0.02692
11	0.13202	0.00983	0.01055	0.01113	0.14089	0.09736	0.00738	0.03299	0.08016	0.05788	0.06568	0.05655	0.10512	0.00634	0.00476	0.00136	0.03316	0.00508	0.00342	0.13836
12	0.16514	0.01293	0.04145	0.01084	0.01409	0.17223	0.13496	0.16058	0.01297	0.07541	0.03225	0.01431	0.05911	0.00556	0.00461	0.00142	0.01697	0.02592	0.00338	0.03587

[dist]
# distance from previous block
# <min> <max>
4	16

[block]
# block no. 4 follows, 55 sequences, length 10
# corresponding to MSA columns:
# 215-224
name=unknown_E
#
# <colnr> <probs for GDERKNQSTAVLIFYWHMCP>
#	G	D	E	R	K	N	Q	S	T	A	V	L	I	F	Y	W	H	M	C	P
0	0.17048	0.00984	0.01039	0.00905	0.01120	0.10239	0.06508	0.12215	0.05043	0.03638	0.03774	0.15253	0.07085	0.03129	0.02831	0.00181	0.05077	0.03038	0.00359	0.00535
1	0.01154	0.63420	0.18658	0.00896	0.01342	0.01622	0.00971	0.01387	0.00969	0.01207	0.04176	0.00914	0.00761	0.00431	0.00339	0.00111	0.00525	0.00294	0.00212	0.00609
2	0.00914	0.00820	0.01149	0.00966	0.01173	0.04590	0.15681	0.06310	0.10909	0.01610	0.20462	0.20436	0.04742	0.04944	0.00622	0.00171	0.00422	0.00781	0.00399	0.02898
3	0.00570	0.00439	0.00524	0.00583	0.00667	0.00392	0.00412	0.00677	0.00983	0.01252	0.06811	0.45994	0.33729	0.01319	0.00576	0.00175	0.00260	0.03814	0.00435	0.00388
4	0.00567	0.00405	0.00540	0.00648	0.00675	0.00378	0.00432	0.00648	0.00891	0.01188	0.02564	0.83347	0.03077	0.01457	0.00594	0.00189	0.00270	0.01323	0.00432	0.00378
5	0.00560	0.00465	0.00490	0.00499	0.00638	0.00395	0.00368	0.00682	0.01062	0.01297	0.10362	0.12813	0.66386	0.01190	0.00554	0.00160	0.00238	0.01007	0.00438	0.00395
6	0.05547	0.00945	0.01013	0.00878	0.01150	0.01052	0.00693	0.10665	0.49884	0.11804	0.01702	0.01601	0.01250	0.00598	0.00448	0.00148	0.00372	0.00484	0.09057	0.00707
7	0.05060	0.01118	0.01194	0.00959	0.01281	0.01235	0.00779	0.47703	0.19579	0.07497	0.01350	0.01320	0.00976	0.00570	0.00449	0.00142	0.00443	0.00441	0.07167	0.00739
8	0.04106	0.04134	0.01229	0.00946	0.01282	0.10839	0.00770	0.23004	0.10998	0.35675	0.01438	0.01333	0.00982	0.00556	0.00451	0.00140	0.00480	0.00427	0.00471	0.00739
9	0.01280	0.78019	0.02357	0.00825	0.01212	0.07624	0.00803	0.01427	0.00972	0.01098	0.00652	0.00753	0.00597	0.00404	0.00307	0.00101	0.00522	0.00252	0.00202	0.00593

[dist]
# distance from previous block
# <min> <max>
0	19

[block]
# block no. 5 follows, 55 sequences, length 57
# corresponding to MSA columns:
# 259-315
name=unknown_F
#
# <colnr> <probs for GDERKNQSTAVLIFYWHMCP>
#	G	D	E	R	K	N	Q	S	T	A	V	L	I	F	Y	W	H	M	C	P
0	0.86937	0.00900	0.00684	0.00612	0.00900	0.01044	0.00504	0.01368	0.00792	0.02087	0.00648	0.00756	0.00504	0.00432	0.00288	0.00144	0.00360	0.00252	0.00288	0.00504
1	0.01065	0.01017	0.01731	0.28215	0.56068	0.01083	0.01385	0.01352	0.01018	0.01414	0.00860	0.01180	0.00700	0.00431	0.00462	0.00144	0.00574	0.00414	0.00223	0.00667
2	0.00670	0.00454	0.00538	0.00543	0.00554	0.00463	0.00325	0.00693	0.00696	0.00938	0.01495	0.06960	0.01699	0.69988	0.11699	0.00473	0.00536	0.00688	0.00286	0.00303
3	0.00873	0.00833	0.01131	0.00999	0.01039	0.01090	0.00815	0.00987	0.00818	0.01185	0.05743	0.05716	0.15415	0.01063	0.05615	0.00221	0.55127	0.00583	0.00275	0.00473
4	0.00563	0.00436	0.00513	0.00569	0.00655	0.00386	0.00398	0.00664	0.00979	0.01240	0.06131	0.46495	0.36671	0.01319	0.00573	0.00174	0.00253	0.01159	0.00435	0.00386
5	0.00626	0.00461	0.00591	0.00623	0.00714	0.00426	0.00464	0.00786	0.01114	0.01503	0.34807	0.28502	0.15260	0.01185	0.00575	0.00170	0.00265	0.11053	0.00464	0.00412
6	0.13999	0.01876	0.01240	0.01101	0.01351	0.58027	0.00846	0.09877	0.01306	0.01463	0.00746	0.00864	0.00606	0.00496	0.00456	0.00129	0.04478	0.00310	0.00269	0.00559
7	0.01094	0.01062	0.01706	0.17090	0.55904	0.03732	0.01327	0.01356	0.01010	0.01405	0.00859	0.01175	0.00720	0.00571	0.03701	0.00169	0.05818	0.00413	0.00225	0.00663
8	0.05901	0.01671	0.01239	0.01066	0.01347	0.42448	0.00829	0.23753	0.07347	0.04175	0.01151	0.01186	0.04769	0.00549	0.00438	0.00132	0.00644	0.00387	0.00343	0.00624
9	0.63909	0.00898	0.00800	0.00684	0.00987	0.00995	0.00562	0.04168	0.04939	0.16882	0.00948	0.00972	0.00681	0.00473	0.00337	0.00145	0.00372	0.00312	0.00357	0.00579
10	0.00898	0.00847	0.01430	0.76869	0.08716	0.01039	0.01302	0.01206	0.00939	0.01212	0.00830	0.01234	0.00628	0.00462	0.00465	0.00154	0.00615	0.00414	0.00208	0.00532
11	0.00583	0.00469	0.00505	0.00500	0.00631	0.00407	0.00365	0.00708	0.01070	0.01338	0.18769	0.05633	0.57301	0.08810	0.00720	0.00183	0.00253	0.00933	0.00433	0.00391
12	0.00954	0.07907	0.75923	0.01290	0.01958	0.01132	0.01657	0.01468	0.00980	0.01448	0.00822	0.00966	0.00590	0.00439	0.00432	0.00144	0.00675	0.00337	0.00197	0.00681
13	0.01052	0.01004	0.01708	0.31978	0.52406	0.01079	0.01378	0.01340	0.01012	0.01399	0.00857	0.01184	0.00694	0.00433	0.00462	0.00144	0.00577	0.00414	0.00222	0.00656
14	0.01688	0.01318	0.01337	0.01058	0.01406	0.07186	0.00861	0.61637	0.12789	0.04127	0.01208	0.01191	0.00870	0.00563	0.00463	0.00141	0.00514	0.00426	0.00452	0.00765
15	0.00625	0.00474	0.00575	0.00550	0.00674	0.00425	0.00412	0.00812	0.01237	0.01675	0.56836	0.03788	0.28176	0.01022	0.00549	0.00150	0.00225	0.00885	0.00487	0.00425
16	0.01320	0.20681	0.24203	0.01060	0.01501	0.09755	0.01070	0.19389	0.08685	0.03283	0.02086	0.01061	0.00783	0.00487	0.00414	0.00131	0.00568	0.00359	0.00303	0.02861
17	0.02087	0.00792	0.01080	0.00828	0.01188	0.00684	0.00684	0.02267	0.01332	0.81071	0.01835	0.01583	0.01152	0.00576	0.00468	0.00144	0.00396	0.00468	0.00576	0.00792
18	0.01018	0.01018	0.01425	0.01221	0.01221	0.01425	0.01018	0.01120	0.00712	0.01120	0.00611	0.01018	0.00611	0.00814	0.01527	0.00204	0.82799	0.00407	0.00204	0.00509
19	0.02690	0.05177	0.06956	0.03793	0.36757	0.06410	0.11501	0.06737	0.07083	0.06880	0.01012	0.01180	0.00784	0.00455	0.00460	0.00141	0.00580	0.00422	0.00285	0.00698
20	0.74614	0.00884	0.00741	0.00643	0.00941	0.00991	0.00530	0.01498	0.00870	0.13558	0.00820	0.00876	0.00598	0.00453	0.00314	0.00144	0.00365	0.00283	0.00330	0.00546
21	0.02035	0.00874	0.01095	0.00847	0.01203	0.04796	0.00695	0.03635	0.01337	0.73567	0.01740	0.01521	0.01105	0.00565	0.00462	0.00141	0.00419	0.00454	0.00549	0.02959
22	0.00942	0.00624	0.00692	0.00631	0.00826	0.00609	0.00487	0.01354	0.18276	0.12087	0.12901	0.03001	0.32462	0.00865	0.00492	0.00148	0.00281	0.00723	0.12068	0.00532
23	0.00836	0.00640	0.00743	0.00743	0.00870	0.00671	0.00540	0.09337	0.18820	0.01579	0.05745	0.46550	0.06100	0.02405	0.00572	0.00176	0.00316	0.00987	0.01866	0.00505
24	0.01117	0.00728	0.00868	0.02079	0.00987	0.00738	0.00591	0.14102	0.11535	0.13430	0.38193	0.02534	0.06245	0.00778	0.00504	0.00146	0.00319	0.00661	0.03861	0.00585
25	0.66085	0.00869	0.00754	0.00652	0.00943	0.00966	0.00535	0.02974	0.02343	0.14570	0.00910	0.00960	0.00663	0.00466	0.00325	0.00142	0.00361	0.00303	0.04624	0.00555
26	0.00989	0.00948	0.01736	0.34573	0.20344	0.01008	0.19938	0.01284	0.01005	0.03185	0.01070	0.09806	0.00936	0.00542	0.00498	0.00155	0.00603	0.00543	0.00251	0.00585
27	0.00808	0.00404	0.00606	0.00606	0.00606	0.00404	0.00404	0.00606	0.00606	0.00808	0.00808	0.01414	0.00808	0.01616	0.01818	0.86465	0.00404	0.00404	0.00202	0.00202
28	0.05675	0.01425	0.01351	0.01069	0.01417	0.13783	0.00869	0.63726	0.01990	0.02617	0.01034	0.01058	0.00748	0.00540	0.00450	0.00137	0.00555	0.00393	0.00423	0.00739
29	0.01113	0.01069	0.01061	0.00872	0.01149	0.14840	0.00689	0.06675	0.04520	0.01456	0.00993	0.01193	0.02283	0.00948	0.13228	0.00207	0.08540	0.00362	0.00283	0.38519
30	0.01263	0.80742	0.02394	0.00812	0.01204	0.04960	0.00800	0.01411	0.00960	0.01096	0.00650	0.00750	0.00597	0.00401	0.00303	0.00100	0.00511	0.00251	0.00201	0.00595
31	0.80757	0.00892	0.00713	0.00628	0.00921	0.01017	0.00517	0.01433	0.00831	0.07840	0.00734	0.00816	0.00551	0.00442	0.00301	0.00144	0.00362	0.00268	0.00309	0.00525
32	0.01782	0.04304	0.01261	0.00950	0.01299	0.02980	0.00781	0.33083	0.13211	0.33154	0.01484	0.01369	0.01012	0.00568	0.00460	0.00142	0.00453	0.00444	0.00494	0.00770
33	0.48669	0.00928	0.00897	0.00745	0.01057	0.01009	0.00611	0.12660	0.05128	0.21057	0.02540	0.01104	0.00818	0.00504	0.00370	0.00144	0.00388	0.00352	0.00395	0.00624
34	0.00575	0.00413	0.00533	0.00625	0.00658	0.00385	0.00414	0.00651	0.00883	0.01168	0.02603	0.71692	0.07727	0.08402	0.00741	0.00209	0.00283	0.01247	0.00419	0.00371
35	0.00575	0.00410	0.00547	0.00649	0.00678	0.00387	0.00436	0.00658	0.00884	0.01180	0.02502	0.77824	0.02989	0.04111	0.02229	0.00209	0.00297	0.02636	0.00423	0.00376
36	0.01189	0.01015	0.01070	0.00953	0.01222	0.01172	0.00744	0.06444	0.75884	0.01997	0.01853	0.01704	0.01388	0.00627	0.00473	0.00157	0.00376	0.00520	0.00473	0.00739
37	0.11215	0.00828	0.01047	0.00817	0.01166	0.00766	0.00673	0.04798	0.04173	0.66981	0.01685	0.01484	0.01079	0.00562	0.00449	0.00144	0.00395	0.00445	0.00537	0.00759
38	0.86937	0.00900	0.00684	0.00612	0.00900	0.01044	0.00504	0.01368	0.00792	0.02087	0.00648	0.00756	0.00504	0.00432	0.00288	0.00144	0.00360	0.00252	0.00288	0.00504
39	0.00941	0.02352	0.77524	0.01356	0.02033	0.01085	0.05380	0.01474	0.00988	0.01474	0.00840	0.00995	0.00595	0.00440	0.00447	0.00148	0.00692	0.00353	0.00198	0.00685
40	0.01232	0.80884	0.05382	0.00816	0.01225	0.01812	0.00831	0.01396	0.00947	0.01109	0.00654	0.00755	0.00597	0.00400	0.00304	0.00101	0.00505	0.00252	0.00199	0.00600
41	0.86937	0.00900	0.00684	0.00612	0.00900	0.01044	0.00504	0.01368	0.00792	0.02087	0.00648	0.00756	0.00504	0.00432	0.00288	0.00144	0.00360	0.00252	0.00288	0.00504
42	0.00856	0.00717	0.00901	0.00794	0.00941	0.05699	0.09527	0.07227	0.01074	0.01417	0.10508	0.18928	0.13208	0.15720	0.00899	0.03433	0.00408	0.00782	0.06522	0.00439
43	0.00626	0.00473	0.00547	0.00543	0.00674	0.00415	0.00404	0.00776	0.01132	0.03250	0.29477	0.13030	0.43512	0.01123	0.00554	0.00158	0.00241	0.02186	0.00462	0.00416
44	0.01151	0.01105	0.01888	0.02855	0.80748	0.01105	0.01428	0.01428	0.01059	0.01520	0.00875	0.01151	0.00737	0.00415	0.00461	0.00138	0.00553	0.00415	0.00230	0.00737
45	0.03831	0.00513	0.00541	0.00525	0.00681	0.00464	0.00397	0.00827	0.04841	0.01458	0.21576	0.03982	0.56588	0.01073	0.00536	0.00154	0.00243	0.00901	0.00447	0.00424
46	0.00802	0.00406	0.00601	0.00601	0.00601	0.00406	0.00398	0.00610	0.00610	0.00813	0.00841	0.01495	0.00852	0.05705	0.01846	0.82177	0.00406	0.00418	0.00206	0.00206
47	0.01768	0.01303	0.01396	0.01070	0.01443	0.01443	0.00884	0.79197	0.02187	0.02932	0.01117	0.01117	0.00791	0.00558	0.00465	0.00140	0.00512	0.00419	0.00465	0.00791
48	0.00887	0.00816	0.01346	0.74106	0.04314	0.00992	0.01222	0.01188	0.00936	0.01231	0.00855	0.01245	0.00648	0.00462	0.00454	0.00149	0.00590	0.00408	0.03567	0.04587
49	0.04615	0.01362	0.01290	0.01033	0.01366	0.13693	0.00835	0.55392	0.05433	0.04336	0.01273	0.01271	0.04821	0.00577	0.00457	0.00139	0.00534	0.00429	0.00426	0.00720
50	0.86937	0.00900	0.00684	0.00612	0.00900	0.01044	0.00504	0.01368	0.00792	0.02087	0.00648	0.00756	0.00504	0.00432	0.00288	0.00144	0.00360	0.00252	0.00288	0.00504
51	0.00709	0.00507	0.00704	0.00811	0.00900	0.00501	0.00680	0.00894	0.01031	0.01347	0.02485	0.22419	0.02765	0.01323	0.00632	0.00209	0.00394	0.60842	0.00429	0.00417
52	0.00567	0.00405	0.00540	0.00648	0.00675	0.00378	0.00432	0.00648	0.00891	0.01188	0.02564	0.83347	0.03077	0.01457	0.00594	0.00189	0.00270	0.01323	0.00432	0.00378
53	0.00879	0.00827	0.01395	0.82532	0.03204	0.01034	0.01292	0.01189	0.00930	0.01189	0.00827	0.01240	0.00620	0.00465	0.00465	0.00155	0.00620	0.00413	0.00207	0.00517
54	0.01705	0.01224	0.01328	0.01033	0.01383	0.01348	0.00847	0.67302	0.07473	0.06483	0.01193	0.01193	0.00852	0.00604	0.00517	0.03367	0.00492	0.00428	0.00461	0.00765
55	0.01122	0.00934	0.01041	0.00994	0.05162	0.01049	0.00731	0.06368	0.58340	0.03156	0.09139	0.05584	0.02940	0.00691	0.00486	0.00156	0.00366	0.00586	0.00463	0.00691
56	0.00714	0.00483	0.00613	0.00597	0.00716	0.00438	0.00444	0.00890	0.01198	0.06463	0.48371	0.17299	0.16461	0.01059	0.00553	0.00157	0.00245	0.02370	0.00487	0.00442

[dist]
# distance from previous block
# <min> <max>
3	8

[block]
# block no. 6 follows, 55 sequences, length 94
# corresponding to MSA columns:
# 324-359,368-392,394-399,474-481,483-501
name=unknown_G
#
# <colnr> <probs for GDERKNQSTAVLIFYWHMCP>
#	G	D	E	R	K	N	Q	S	T	A	V	L	I	F	Y	W	H	M	C	P
0	0.07930	0.34388	0.12957	0.03271	0.01374	0.10434	0.00918	0.06371	0.08610	0.04352	0.02132	0.01141	0.00825	0.00494	0.00384	0.00128	0.00534	0.02860	0.00279	0.00618
1	0.09654	0.01108	0.13675	0.00947	0.01222	0.04998	0.07981	0.09385	0.04128	0.03182	0.14181	0.08347	0.03995	0.10081	0.00729	0.00185	0.03579	0.00588	0.01493	0.00541
2	0.01240	0.00925	0.01116	0.00835	0.01211	0.00827	0.03541	0.19766	0.01300	0.09264	0.03135	0.04744	0.00958	0.00483	0.00408	0.00103	0.00399	0.00398	0.00360	0.48988
3	0.00678	0.00475	0.00536	0.00519	0.00655	0.00422	0.00390	0.00846	0.01138	0.03816	0.29797	0.05512	0.38797	0.00996	0.00515	0.00147	0.00233	0.00846	0.13258	0.00426
4	0.00709	0.00556	0.00801	0.11853	0.01115	0.00628	0.00637	0.02925	0.00874	0.01203	0.05046	0.26803	0.01812	0.06685	0.32036	0.00412	0.04404	0.00758	0.00316	0.00425
5	0.13235	0.02754	0.00970	0.00787	0.01052	0.00990	0.00641	0.27142	0.10276	0.08926	0.01357	0.01519	0.01041	0.00575	0.00409	0.00137	0.00382	0.03898	0.23279	0.00629
6	0.01980	0.00839	0.01096	0.00848	0.01198	0.00767	0.00697	0.10274	0.03457	0.68056	0.04530	0.01605	0.01235	0.00589	0.00471	0.00144	0.00401	0.00477	0.00559	0.00778
7	0.01380	0.05182	0.01102	0.16238	0.01451	0.02190	0.00751	0.11879	0.02579	0.27176	0.07488	0.04550	0.03905	0.01995	0.00486	0.00146	0.00424	0.00512	0.09943	0.00622
8	0.00805	0.00405	0.00604	0.00604	0.00604	0.00405	0.00401	0.00608	0.00608	0.00810	0.00822	0.01450	0.00827	0.03399	0.01830	0.84596	0.00405	0.00410	0.00204	0.00204
9	0.07749	0.01266	0.01296	0.01013	0.01368	0.06927	0.00830	0.57320	0.01906	0.13962	0.01160	0.01139	0.00809	0.00547	0.00450	0.00139	0.00508	0.00406	0.00453	0.00754
10	0.03337	0.00879	0.01008	0.00733	0.01137	0.00722	0.00591	0.09653	0.01105	0.04391	0.00888	0.00997	0.00711	0.00378	0.00360	0.00081	0.00365	0.00297	0.00307	0.72061
11	0.01339	0.65796	0.02183	0.00879	0.01243	0.17607	0.00815	0.01511	0.02925	0.01124	0.00691	0.00788	0.00617	0.00420	0.00327	0.00105	0.00562	0.00265	0.00214	0.00589
12	0.02888	0.01149	0.01153	0.00922	0.01225	0.07480	0.00747	0.50175	0.01783	0.07714	0.01212	0.01252	0.00881	0.00548	0.00429	0.00132	0.00465	0.00413	0.18742	0.00691
13	0.01452	0.01355	0.01396	0.01179	0.03513	0.18400	0.09201	0.28404	0.20589	0.02014	0.01272	0.04127	0.01005	0.00579	0.00470	0.00144	0.00562	0.01558	0.02100	0.00679
14	0.01531	0.01033	0.01375	0.01157	0.05572	0.01077	0.09744	0.25302	0.15268	0.21864	0.01471	0.02749	0.01092	0.00597	0.00509	0.00150	0.02609	0.03489	0.02689	0.00723
15	0.00601	0.00477	0.00519	0.00506	0.00654	0.00409	0.00380	0.00745	0.01130	0.02623	0.23955	0.04178	0.59972	0.01111	0.00548	0.00154	0.00234	0.00938	0.00455	0.00411
16	0.00879	0.00515	0.00672	0.00671	0.00788	0.00476	0.00487	0.02130	0.02655	0.15238	0.19946	0.45643	0.05761	0.01152	0.00556	0.00169	0.00285	0.01026	0.00476	0.00477
17	0.00691	0.00523	0.00752	0.00741	0.00808	0.00613	0.00565	0.00832	0.00745	0.01077	0.01268	0.03850	0.01237	0.12952	0.63319	0.00650	0.06470	0.00532	0.01972	0.00405
18	0.01410	0.00990	0.01074	0.00899	0.01185	0.01090	0.00718	0.26198	0.35646	0.11033	0.01591	0.01525	0.01161	0.00590	0.00449	0.00144	0.00395	0.00473	0.12712	0.00716
19	0.01132	0.01187	0.02364	0.05024	0.10934	0.01160	0.55792	0.08287	0.01165	0.01588	0.00990	0.03583	0.00786	0.00495	0.01712	0.00163	0.02207	0.00536	0.00259	0.00637
20	0.74265	0.03097	0.02589	0.04351	0.01042	0.01068	0.00590	0.01349	0.00807	0.01966	0.00674	0.00809	0.00529	0.00448	0.00345	0.00145	0.03373	0.00270	0.01774	0.00510
21	0.09714	0.04147	0.01343	0.04740	0.20903	0.11682	0.00916	0.12277	0.01218	0.09086	0.03295	0.02588	0.00881	0.00510	0.00472	0.00133	0.04222	0.00398	0.02614	0.08862
22	0.01070	0.00924	0.01169	0.01010	0.01143	0.05013	0.05683	0.07903	0.10117	0.04324	0.01242	0.04809	0.01158	0.12109	0.06549	0.00250	0.26781	0.04925	0.03289	0.00530
23	0.00581	0.00430	0.00541	0.00614	0.00677	0.00394	0.00428	0.00684	0.00960	0.01254	0.08560	0.56296	0.18928	0.02998	0.00619	0.00186	0.00270	0.04760	0.00434	0.00386
24	0.00994	0.00635	0.00756	0.00680	0.00853	0.00622	0.00516	0.09428	0.07448	0.12644	0.27016	0.12792	0.13298	0.06311	0.00639	0.00171	0.00310	0.00774	0.03589	0.00524
25	0.00578	0.00461	0.00498	0.00508	0.00625	0.00402	0.00362	0.00686	0.01017	0.01262	0.11166	0.13758	0.54338	0.11324	0.00778	0.00196	0.00265	0.00972	0.00421	0.00382
26	0.01122	0.01137	0.02102	0.04865	0.52126	0.01138	0.23957	0.01425	0.01051	0.01483	0.00881	0.01178	0.00719	0.00428	0.00535	0.00147	0.04336	0.00453	0.00230	0.00688
27	0.01244	0.01070	0.01331	0.01006	0.01353	0.03879	0.09675	0.24996	0.01331	0.01870	0.00935	0.01139	0.00758	0.04249	0.00599	0.00131	0.07444	0.00381	0.00322	0.36288
28	0.00572	0.00407	0.00538	0.00641	0.00667	0.00381	0.00425	0.00649	0.00880	0.01174	0.02511	0.79486	0.03010	0.05409	0.00679	0.00202	0.00279	0.01291	0.00425	0.00373
29	0.01691	0.01261	0.01229	0.01068	0.04182	0.24868	0.04311	0.04937	0.08397	0.34097	0.06483	0.01520	0.01200	0.00575	0.00466	0.00140	0.00542	0.01932	0.00428	0.00673
30	0.01549	0.00977	0.01122	0.00862	0.01224	0.02276	0.00698	0.23113	0.07788	0.26014	0.01310	0.01298	0.00936	0.02267	0.00470	0.00127	0.00419	0.00402	0.00434	0.26714
31	0.04207	0.01999	0.01328	0.01236	0.04999	0.64996	0.00906	0.10392	0.03223	0.01401	0.00795	0.00902	0.00643	0.00487	0.00424	0.00124	0.00765	0.00322	0.00271	0.00580
32	0.01589	0.01200	0.01245	0.00995	0.01325	0.04921	0.00807	0.52389	0.14845	0.07089	0.01551	0.01497	0.07164	0.00616	0.00471	0.00143	0.00475	0.00478	0.00460	0.00739
33	0.01156	0.01120	0.01866	0.04709	0.77386	0.02657	0.01414	0.01430	0.01061	0.01505	0.00871	0.01148	0.00731	0.00417	0.00460	0.00138	0.00560	0.00412	0.00230	0.00728
34	0.00912	0.00713	0.00833	0.00686	0.00967	0.00604	0.00528	0.04247	0.05620	0.04750	0.04624	0.18159	0.11184	0.00728	0.00445	0.00118	0.00322	0.00622	0.00366	0.43575
35	0.00918	0.00896	0.03081	0.12871	0.01351	0.07589	0.02338	0.02859	0.17236	0.01417	0.05159	0.16455	0.14273	0.00948	0.03511	0.00183	0.07333	0.00700	0.00359	0.00524
36	0.01065	0.01008	0.01708	0.25782	0.56296	0.01067	0.01360	0.01350	0.01020	0.01430	0.00878	0.01192	0.00715	0.00432	0.00458	0.00142	0.00563	0.00415	0.02452	0.00666
37	0.00776	0.00409	0.00597	0.00604	0.00615	0.00403	0.00405	0.00620	0.00665	0.00885	0.03429	0.07899	0.03984	0.01568	0.01640	0.74145	0.00382	0.00509	0.00237	0.00229
38	0.00994	0.00899	0.01517	0.16430	0.36629	0.00956	0.06354	0.01217	0.00960	0.02941	0.01092	0.10587	0.01021	0.02092	0.05054	0.04088	0.05792	0.00535	0.00255	0.00587
39	0.06496	0.00797	0.01059	0.00816	0.01173	0.00702	0.00674	0.02220	0.01303	0.76967	0.01774	0.01540	0.01118	0.00568	0.00458	0.00144	0.00394	0.00457	0.00561	0.00777
40	0.01018	0.01018	0.01425	0.01221	0.01221	0.01425	0.01018	0.01120	0.00712	0.01120	0.00611	0.01018	0.00611	0.00814	0.01527	0.00204	0.82799	0.00407	0.00204	0.00509
41	0.01134	0.43005	0.37499	0.01050	0.01573	0.03044	0.01213	0.04263	0.01014	0.01331	0.00749	0.00867	0.00601	0.00425	0.00371	0.00123	0.00589	0.00298	0.00208	0.00643
42	0.70381	0.04042	0.02224	0.00701	0.01006	0.05073	0.00589	0.08512	0.00954	0.02071	0.00697	0.00796	0.00540	0.00445	0.00314	0.00141	0.00408	0.00271	0.00297	0.00538
43	0.00579	0.00420	0.00548	0.00638	0.00684	0.00389	0.00438	0.00677	0.00939	0.01246	0.07940	0.68871	0.09186	0.01395	0.00589	0.00185	0.00270	0.04184	0.00437	0.00385
44	0.00602	0.00483	0.00538	0.00523	0.00664	0.00425	0.00393	0.00781	0.02696	0.01496	0.32710	0.04053	0.50820	0.01083	0.00548	0.00153	0.00232	0.00921	0.00462	0.00417
45	0.00566	0.00406	0.00538	0.00644	0.00674	0.00378	0.00430	0.00648	0.00895	0.01189	0.02614	0.81505	0.04887	0.01451	0.00593	0.00188	0.00269	0.01315	0.00432	0.00378
46	0.01241	0.00793	0.01029	0.01112	0.16186	0.00798	0.00722	0.13191	0.05856	0.15109	0.13345	0.01808	0.02720	0.00602	0.00442	0.00134	0.00365	0.00508	0.23416	0.00623
47	0.00742	0.00508	0.00647	0.00640	0.00748	0.00480	0.00468	0.03750	0.02949	0.05459	0.41443	0.31538	0.06642	0.01100	0.00556	0.00162	0.00260	0.00977	0.00481	0.00452
48	0.05635	0.03382	0.01138	0.00857	0.01189	0.00976	0.00708	0.29556	0.01559	0.37814	0.01452	0.01373	0.00982	0.00554	0.00437	0.00137	0.00417	0.00430	0.10672	0.00730
49	0.00808	0.00404	0.00606	0.00606	0.00606	0.00404	0.00404	0.00606	0.00606	0.00808	0.00808	0.01414	0.00808	0.01616	0.01818	0.86465	0.00404	0.00404	0.00202	0.00202
50	0.03172	0.05174	0.01308	0.01046	0.01340	0.35731	0.00828	0.31975	0.01606	0.05415	0.00980	0.01044	0.00742	0.00515	0.00425	0.00127	0.00621	0.00361	0.06949	0.00642
51	0.01319	0.01018	0.03463	0.08212	0.01538	0.03899	0.10621	0.08147	0.04146	0.19730	0.02434	0.01309	0.00898	0.00735	0.05650	0.00184	0.14721	0.00436	0.00343	0.11197
52	0.03626	0.01289	0.02836	0.01094	0.03578	0.20075	0.05946	0.17270	0.10269	0.08756	0.09280	0.01510	0.01242	0.05486	0.00640	0.00162	0.05483	0.00468	0.00369	0.00621
53	0.03656	0.01648	0.01362	0.01194	0.03451	0.39512	0.02465	0.19626	0.04314	0.04522	0.00885	0.01005	0.00699	0.00553	0.00601	0.00141	0.13078	0.00365	0.00308	0.00615
54	0.32185	0.09189	0.11924	0.00957	0.01294	0.32003	0.00851	0.02746	0.01057	0.01554	0.00710	0.00826	0.00568	0.00449	0.00364	0.00130	0.00602	0.00285	0.00252	0.02053
55	0.00603	0.00450	0.00593	0.04182	0.00792	0.00438	0.00476	0.00695	0.00903	0.01184	0.02638	0.60805	0.12424	0.04696	0.00696	0.01709	0.01920	0.04005	0.00407	0.00383
56	0.00556	0.00463	0.00486	0.00498	0.00637	0.00393	0.00367	0.00673	0.01049	0.01271	0.07274	0.14367	0.67961	0.01205	0.00555	0.00161	0.00239	0.01019	0.00435	0.00393
57	0.02661	0.00530	0.00656	0.00604	0.00763	0.00476	0.00460	0.01049	0.01211	0.14808	0.41038	0.10177	0.21830	0.00975	0.00534	0.00152	0.00260	0.00842	0.00492	0.00483
58	0.01746	0.01292	0.01383	0.01066	0.01434	0.01432	0.00879	0.76329	0.05093	0.02895	0.01146	0.01140	0.00815	0.00561	0.00466	0.00140	0.00507	0.00423	0.00466	0.00789
59	0.80792	0.00892	0.00712	0.00627	0.00921	0.01018	0.00517	0.01433	0.00831	0.07807	0.00734	0.00816	0.00551	0.00442	0.00301	0.00144	0.00362	0.00268	0.00309	0.00525
60	0.70832	0.04658	0.00835	0.00663	0.00967	0.01065	0.00553	0.05244	0.00918	0.09613	0.00784	0.00852	0.00584	0.00450	0.00314	0.00142	0.00377	0.00280	0.00320	0.00549
61	0.00933	0.02406	0.81240	0.01326	0.02014	0.01080	0.01719	0.01473	0.00982	0.01473	0.00835	0.00982	0.00589	0.00442	0.00442	0.00147	0.00688	0.00344	0.00196	0.00688
62	0.01244	0.83930	0.02438	0.00796	0.01194	0.01841	0.00796	0.01393	0.00945	0.01095	0.00647	0.00746	0.00597	0.00398	0.00299	0.00100	0.00498	0.00249	0.00199	0.00597
63	0.13711	0.00565	0.00526	0.00508	0.00643	0.02126	0.00380	0.01161	0.04383	0.01699	0.01381	0.01694	0.01134	0.08258	0.01608	0.00156	0.00292	0.00431	0.58899	0.00445
64	0.00890	0.00819	0.01373	0.52343	0.16007	0.00959	0.02504	0.01162	0.00919	0.01223	0.00923	0.01382	0.00763	0.04165	0.12428	0.00250	0.00696	0.00439	0.00220	0.00532
65	0.00756	0.00572	0.00775	0.00744	0.00839	0.00653	0.00568	0.05918	0.02617	0.01204	0.01417	0.02040	0.04784	0.14206	0.57125	0.00608	0.03928	0.00537	0.00279	0.00431
66	0.01123	0.01076	0.01837	0.11157	0.72669	0.01098	0.01414	0.01403	0.01046	0.01485	0.00870	0.01161	0.00725	0.00420	0.00461	0.00140	0.00560	0.00414	0.00228	0.00714
67	0.00612	0.00470	0.00560	0.00546	0.00669	0.00418	0.00406	0.00785	0.01194	0.01594	0.47142	0.08664	0.33122	0.01067	0.00552	0.00153	0.00229	0.00923	0.00477	0.00418
68	0.00808	0.00404	0.00606	0.00606	0.00606	0.00404	0.00404	0.00606	0.00606	0.00808	0.00808	0.01414	0.00808	0.01616	0.01818	0.86465	0.00404	0.00404	0.00202	0.00202
69	0.01257	0.81794	0.02409	0.00807	0.01200	0.03931	0.00799	0.01405	0.00955	0.01096	0.00649	0.00749	0.00597	0.00400	0.00302	0.00100	0.00506	0.00250	0.00200	0.00596
70	0.04402	0.01056	0.01191	0.00954	0.01278	0.02666	0.03735	0.31397	0.18858	0.10102	0.04156	0.01490	0.02250	0.00617	0.01629	0.00147	0.00452	0.01732	0.01847	0.10041
71	0.01073	0.00996	0.01410	0.01160	0.02961	0.08188	0.21496	0.08740	0.07727	0.02869	0.01221	0.03452	0.01114	0.20558	0.11835	0.00302	0.03526	0.00543	0.00300	0.00530
72	0.81646	0.00922	0.00789	0.00680	0.00978	0.01056	0.04057	0.02666	0.00829	0.02074	0.00669	0.00784	0.00518	0.00432	0.00303	0.00144	0.00382	0.00268	0.00288	0.00514
73	0.01360	0.01274	0.01511	0.17452	0.01872	0.19671	0.14091	0.04640	0.13633	0.11902	0.01117	0.01253	0.00832	0.00527	0.00550	0.00149	0.06790	0.00435	0.00319	0.00621
74	0.01141	0.01246	0.01789	0.01390	0.01709	0.17637	0.36924	0.05592	0.01153	0.01432	0.01305	0.17725	0.02859	0.00648	0.00516	0.00150	0.00642	0.00640	0.00295	0.05208
75	0.00584	0.00436	0.00542	0.00606	0.00676	0.00397	0.00426	0.00693	0.00979	0.01277	0.11172	0.50462	0.21411	0.03460	0.00627	0.00185	0.00269	0.04972	0.00436	0.00388
76	0.00792	0.00571	0.00721	0.00683	0.00757	0.00630	0.00487	0.08915	0.00865	0.01193	0.01318	0.02283	0.01350	0.39111	0.36067	0.00540	0.02465	0.00568	0.00285	0.00396
77	0.01380	0.00977	0.01077	0.00888	0.01167	0.01061	0.00712	0.34351	0.21189	0.08700	0.12589	0.01748	0.02670	0.00691	0.01863	0.00154	0.00411	0.00519	0.07165	0.00688
78	0.01740	0.01311	0.01379	0.01068	0.01432	0.03331	0.00878	0.73902	0.05676	0.02845	0.01143	0.01138	0.00815	0.00560	0.00465	0.00140	0.00513	0.00421	0.00460	0.00783
79	0.07213	0.01035	0.03963	0.00966	0.04736	0.08950	0.01861	0.16816	0.05767	0.15814	0.13787	0.04933	0.03068	0.04480	0.00565	0.00161	0.00451	0.04395	0.00422	0.00616
80	0.06210	0.00911	0.08562	0.01071	0.12227	0.00767	0.00784	0.03809	0.06750	0.07094	0.13508	0.13792	0.05288	0.00733	0.00493	0.00143	0.01880	0.02251	0.00371	0.13356
81	0.22566	0.09446	0.10618	0.00991	0.01216	0.01207	0.04346	0.01268	0.03081	0.01449	0.00832	0.04049	0.00759	0.04366	0.00867	0.00177	0.29548	0.00401	0.02281	0.00532
82	0.01165	0.48470	0.26244	0.00977	0.01441	0.05332	0.01069	0.04241	0.01036	0.01313	0.04330	0.00959	0.00773	0.00446	0.00365	0.00119	0.00560	0.00313	0.00224	0.00622
83	0.00945	0.00929	0.01282	0.01098	0.01215	0.08176	0.11048	0.01110	0.00835	0.01161	0.00950	0.01417	0.00877	0.04180	0.31915	0.00403	0.29459	0.00459	0.02056	0.00483
84	0.01142	0.00843	0.01020	0.00752	0.01129	0.00699	0.00608	0.02617	0.01020	0.12884	0.00961	0.01059	0.00751	0.00414	0.00447	0.00090	0.06119	0.00315	0.00317	0.66813
85	0.00585	0.00470	0.00498	0.00491	0.00637	0.00403	0.00368	0.00726	0.01105	0.01392	0.18780	0.04165	0.62693	0.01107	0.00539	0.00153	0.00232	0.00931	0.04321	0.00403
86	0.01137	0.00965	0.01030	0.00930	0.01183	0.01107	0.00728	0.04788	0.70493	0.01951	0.05569	0.01942	0.01591	0.00671	0.00484	0.00159	0.00368	0.03719	0.00473	0.00711
87	0.01771	0.01151	0.01279	0.00990	0.01345	0.01236	0.00815	0.57062	0.05370	0.18784	0.01313	0.01264	0.00908	0.00565	0.00461	0.00140	0.00470	0.00434	0.03867	0.00775
88	0.00643	0.00482	0.00599	0.00604	0.00704	0.00452	0.00445	0.00794	0.01109	0.02755	0.34105	0.24865	0.23938	0.01141	0.00597	0.00164	0.03242	0.02485	0.00458	0.00418
89	0.03438	0.09493	0.03017	0.00934	0.01283	0.07143	0.00790	0.33800	0.01604	0.26548	0.01271	0.01231	0.00884	0.00536	0.00433	0.00134	0.00481	0.00404	0.05854	0.00723
90	0.00779	0.00415	0.00582	0.00582	0.00587	0.00413	0.00379	0.00628	0.00634	0.00850	0.01020	0.01785	0.02562	0.16911	0.01871	0.67271	0.00406	0.00467	0.01633	0.00225
91	0.01539	0.01088	0.01102	0.00945	0.04044	0.09566	0.00728	0.35946	0.02654	0.12987	0.01281	0.01324	0.00933	0.00544	0.00424	0.00130	0.00452	0.00418	0.23229	0.00667
92	0.01017	0.00809	0.00956	0.00733	0.01055	0.00704	0.00577	0.08498	0.01036	0.03813	0.00998	0.02556	0.00881	0.08742	0.06941	0.00174	0.03215	0.00372	0.00301	0.56622
93	0.07581	0.11122	0.12501	0.01021	0.01388	0.12047	0.00931	0.27085	0.01439	0.13015	0.01051	0.03184	0.00796	0.00541	0.00475	0.00138	0.04261	0.00390	0.00357	0.00677

[dist]
# distance from previous block
# <min> <max>
0	1

[block]
# block no. 7 follows, 55 sequences, length 26
# corresponding to MSA columns:
# 503-528
name=unknown_H
#
# <colnr> <probs for GDERKNQSTAVLIFYWHMCP>
#	G	D	E	R	K	N	Q	S	T	A	V	L	I	F	Y	W	H	M	C	P
0	0.72961	0.00933	0.00880	0.00977	0.13908	0.01054	0.00654	0.01377	0.00835	0.01995	0.00685	0.00820	0.00542	0.00429	0.00316	0.00143	0.00391	0.00278	0.00279	0.00542
1	0.05974	0.49406	0.12524	0.00992	0.03436	0.16690	0.00940	0.03067	0.01040	0.01255	0.00701	0.00814	0.00599	0.00425	0.00347	0.00114	0.00581	0.00279	0.00217	0.00601
2	0.00644	0.00470	0.00627	0.00673	0.00729	0.00480	0.00489	0.00767	0.00922	0.01271	0.12106	0.40655	0.04818	0.07237	0.13332	0.00287	0.03825	0.06956	0.03317	0.00397
3	0.00639	0.00437	0.00524	0.00561	0.00572	0.00430	0.00340	0.00671	0.00750	0.01003	0.01829	0.29999	0.02144	0.53993	0.03791	0.00370	0.00410	0.00889	0.00331	0.00318
4	0.01399	0.00643	0.00854	0.00724	0.00955	0.00575	0.00569	0.03153	0.01269	0.42234	0.24520	0.14143	0.03980	0.00824	0.00509	0.00151	0.00323	0.00709	0.01852	0.00616
5	0.00807	0.00509	0.00651	0.00601	0.00743	0.00459	0.00456	0.01002	0.01264	0.11065	0.57185	0.07070	0.14477	0.00962	0.00541	0.00149	0.00245	0.00839	0.00505	0.00471
6	0.74733	0.00957	0.00786	0.00677	0.00977	0.01101	0.00558	0.12519	0.00992	0.02208	0.00715	0.00807	0.00545	0.00450	0.00313	0.00143	0.00382	0.00276	0.00313	0.00545
7	0.09678	0.01124	0.01178	0.00944	0.01250	0.01250	0.00757	0.52536	0.11913	0.02483	0.01214	0.01392	0.00952	0.10432	0.00676	0.00179	0.00472	0.00447	0.00428	0.00696
8	0.00687	0.00488	0.00613	0.00605	0.00628	0.00528	0.00397	0.00738	0.00698	0.00961	0.01369	0.02617	0.01497	0.57558	0.24821	0.00525	0.04056	0.00615	0.00269	0.00329
9	0.01721	0.05001	0.01356	0.01185	0.01430	0.79060	0.00895	0.01842	0.01306	0.01137	0.00717	0.00836	0.00599	0.00477	0.00415	0.00119	0.00827	0.00298	0.00238	0.00541
10	0.00995	0.00787	0.00955	0.01012	0.07157	0.00850	0.00738	0.01706	0.37869	0.04900	0.02127	0.13752	0.04126	0.00904	0.00533	0.00174	0.00381	0.19991	0.00441	0.00603
11	0.00583	0.00445	0.00537	0.00597	0.00676	0.00407	0.00416	0.00716	0.02997	0.01275	0.08531	0.51407	0.27092	0.01315	0.00574	0.00175	0.00258	0.01164	0.00438	0.00396
12	0.01049	0.00960	0.01557	0.32978	0.38820	0.01047	0.01257	0.07239	0.01083	0.01476	0.01007	0.07578	0.00879	0.00526	0.00473	0.00149	0.00553	0.00485	0.00255	0.00629
13	0.00567	0.00405	0.00540	0.00648	0.00675	0.00378	0.00432	0.00648	0.00891	0.01188	0.02564	0.83347	0.03077	0.01457	0.00594	0.00189	0.00270	0.01323	0.00432	0.00378
14	0.00879	0.00478	0.00510	0.00494	0.00594	0.00510	0.00378	0.01087	0.00955	0.01687	0.01448	0.01679	0.01148	0.00563	0.00417	0.00116	0.06549	0.00432	0.79636	0.00439
15	0.01402	0.40162	0.01873	0.00990	0.01291	0.17408	0.00866	0.15606	0.01209	0.01442	0.00741	0.00873	0.00635	0.00507	0.00540	0.00127	0.13149	0.00314	0.00256	0.00608
16	0.01286	0.07443	0.03236	0.04534	0.25957	0.03602	0.07095	0.15746	0.03436	0.08456	0.01058	0.01282	0.00843	0.02983	0.08900	0.00211	0.02524	0.00431	0.00309	0.00667
17	0.01522	0.07543	0.01251	0.00957	0.01251	0.14762	0.00771	0.20579	0.18669	0.16295	0.02983	0.01411	0.02152	0.00796	0.06779	0.00186	0.00561	0.00441	0.00412	0.00680
18	0.86937	0.00900	0.00684	0.00612	0.00900	0.01044	0.00504	0.01368	0.00792	0.02087	0.00648	0.00756	0.00504	0.00432	0.00288	0.00144	0.00360	0.00252	0.00288	0.00504
