[name]
unknown

[dist]
# distance from previous block
# <min> <max>
0	88

[block]
# block no. 0 follows, 61 sequences, length 28
# corresponding to MSA columns:
# 88-115
name=unknown_A
#
# <colnr> <probs for GDERKNQSTAVLIFYWHMCP>
#	G	D	E	R	K	N	Q	S	T	A	V	L	I	F	Y	W	H	M	C	P
0	0.00581	0.00408	0.00491	0.00532	0.00562	0.00392	0.00343	0.00634	0.00765	0.01007	0.04110	0.32745	0.09691	0.40394	0.01316	0.00286	0.00331	0.04762	0.00337	0.00313
1	0.30975	0.00832	0.01058	0.26783	0.14333	0.01984	0.00846	0.02232	0.00863	0.03822	0.00797	0.03091	0.00647	0.00515	0.02835	0.00148	0.00466	0.00345	0.00245	0.07181
2	0.26789	0.00955	0.01160	0.20914	0.06184	0.03560	0.06014	0.18286	0.03550	0.05189	0.00865	0.01046	0.00655	0.02579	0.00431	0.00142	0.00474	0.00356	0.00292	0.00560
3	0.00787	0.00529	0.00610	0.00574	0.00685	0.00522	0.00409	0.04317	0.07364	0.08147	0.06089	0.04954	0.20998	0.33020	0.06206	0.00283	0.00391	0.03356	0.00356	0.00402
4	0.00945	0.00922	0.01166	0.07122	0.13756	0.11141	0.06403	0.01178	0.04462	0.01214	0.00923	0.01263	0.00808	0.05519	0.19664	0.00264	0.04487	0.00388	0.00237	0.18136
5	0.00547	0.00416	0.00503	0.00554	0.00635	0.00377	0.00402	0.00654	0.00922	0.01181	0.08788	0.38735	0.31238	0.03697	0.00586	0.00171	0.00256	0.09575	0.00401	0.00361
6	0.00950	0.00799	0.00924	0.00665	0.01045	0.00633	0.00534	0.07190	0.00980	0.01504	0.00786	0.00904	0.00645	0.00334	0.00328	0.00069	0.00331	0.00265	0.00269	0.80845
7	0.01129	0.02994	0.01058	0.00759	0.01122	0.00851	0.00620	0.25541	0.01235	0.01789	0.00840	0.00933	0.00663	0.00390	0.00375	0.00087	0.02104	0.00298	0.00306	0.56905
8	0.00586	0.00412	0.00508	0.00539	0.00600	0.00381	0.00367	0.00673	0.00892	0.02581	0.17625	0.37038	0.16552	0.15944	0.00852	0.02500	0.00270	0.00943	0.00386	0.00350
9	0.23016	0.01038	0.02904	0.13830	0.22453	0.03111	0.05070	0.20561	0.01160	0.01800	0.00804	0.00973	0.00617	0.00428	0.00391	0.00133	0.00487	0.00349	0.00276	0.00599
10	0.01742	0.01187	0.01067	0.00874	0.01173	0.28848	0.00692	0.01892	0.01203	0.48409	0.01274	0.01186	0.00859	0.00486	0.00409	0.00120	0.00503	0.00366	0.00405	0.07303
11	0.01148	0.00652	0.00791	0.00690	0.00898	0.00639	0.00538	0.01557	0.20497	0.28176	0.17883	0.04449	0.10250	0.06595	0.00588	0.00161	0.00314	0.03152	0.00458	0.00564
12	0.00560	0.00413	0.00528	0.00577	0.00649	0.00381	0.00418	0.00685	0.00967	0.01287	0.22824	0.43063	0.16094	0.01173	0.00537	0.00162	0.00247	0.08646	0.00418	0.00371
13	0.08162	0.09934	0.01296	0.01080	0.03969	0.63935	0.00811	0.03839	0.01164	0.01176	0.00669	0.00779	0.00557	0.00433	0.00371	0.00112	0.00695	0.00276	0.00227	0.00515
14	0.00729	0.03288	0.00664	0.00566	0.00694	0.00467	0.00435	0.00927	0.01209	0.07892	0.73082	0.02999	0.03717	0.00837	0.00495	0.00134	0.00224	0.00734	0.00469	0.00436
15	0.05218	0.00688	0.00910	0.00731	0.01014	0.00614	0.00592	0.01841	0.02430	0.64769	0.05650	0.07975	0.01363	0.02273	0.00476	0.00143	0.00349	0.01802	0.00500	0.00661
16	0.02413	0.00491	0.00663	0.02736	0.00755	0.00503	0.00482	0.07593	0.00855	0.02398	0.10358	0.08620	0.01491	0.01232	0.01147	0.47640	0.00360	0.09656	0.00289	0.00317
17	0.01046	0.01564	0.35885	0.01463	0.01973	0.01006	0.39461	0.01446	0.00994	0.09584	0.00914	0.01087	0.00650	0.00400	0.00459	0.00140	0.00652	0.00421	0.00235	0.00620
18	0.01048	0.00875	0.00931	0.00842	0.01075	0.00997	0.00653	0.02139	0.72158	0.04060	0.01903	0.04794	0.05339	0.00636	0.00446	0.00147	0.00332	0.00534	0.00438	0.00655
19	0.01030	0.00562	0.00767	0.03087	0.05555	0.00516	0.00538	0.01190	0.01090	0.26508	0.27255	0.15533	0.09094	0.04598	0.00560	0.00154	0.00301	0.00713	0.00442	0.00506
20	0.00958	0.00931	0.01498	0.43710	0.39065	0.04023	0.01240	0.01225	0.00929	0.01239	0.00782	0.01097	0.00623	0.00410	0.00427	0.00135	0.00553	0.00379	0.00202	0.00572
21	0.01372	0.01058	0.01808	0.01330	0.01709	0.01037	0.39109	0.21543	0.03253	0.19821	0.01147	0.01284	0.00819	0.00462	0.00472	0.00140	0.00566	0.02067	0.00351	0.00652
22	0.01023	0.00912	0.01463	0.01454	0.19874	0.03258	0.19916	0.03986	0.08969	0.07012	0.05379	0.05191	0.05843	0.00721	0.04515	0.00171	0.04566	0.04866	0.00308	0.00571
23	0.00602	0.00428	0.00538	0.00565	0.00651	0.00394	0.00426	0.00689	0.00931	0.01207	0.16902	0.16377	0.27987	0.01179	0.00726	0.14670	0.00278	0.14727	0.00377	0.00346
24	0.00893	0.00766	0.00893	0.00638	0.01021	0.00574	0.00510	0.01085	0.00893	0.01404	0.00766	0.00893	0.00638	0.00319	0.00319	0.00064	0.00319	0.00255	0.00255	0.87495
25	0.01122	0.27527	0.38858	0.01013	0.01491	0.03581	0.01138	0.14749	0.01108	0.03118	0.02103	0.00908	0.00648	0.00426	0.00373	0.00121	0.00546	0.00312	0.00238	0.00621
26	0.01192	0.04784	0.01534	0.18166	0.33701	0.19075	0.04347	0.05823	0.01071	0.03742	0.00801	0.01014	0.00640	0.00416	0.00415	0.00126	0.00579	0.00358	0.00232	0.01983
27	0.11356	0.01036	0.03536	0.01115	0.12276	0.03803	0.05046	0.27947	0.04281	0.06358	0.02041	0.01095	0.00780	0.00456	0.00392	0.00121	0.00438	0.00367	0.06997	0.10560

[dist]
# distance from previous block
# <min> <max>
35	117

[block]
# block no. 1 follows, 61 sequences, length 9
# corresponding to MSA columns:
# 253-261
name=unknown_B
#
# <colnr> <probs for GDERKNQSTAVLIFYWHMCP>
#	G	D	E	R	K	N	Q	S	T	A	V	L	I	F	Y	W	H	M	C	P
0	0.18528	0.00983	0.01171	0.01275	0.23192	0.03078	0.00810	0.19805	0.04949	0.04242	0.00893	0.00999	0.00691	0.00425	0.00374	0.00118	0.00422	0.00337	0.02303	0.15406
1	0.40659	0.09469	0.02655	0.06203	0.04176	0.03304	0.00664	0.03364	0.20617	0.01698	0.01005	0.01060	0.02623	0.00464	0.00342	0.00132	0.00389	0.00333	0.00297	0.00545
2	0.02213	0.00660	0.03906	0.00665	0.00823	0.00639	0.00545	0.04664	0.06058	0.06782	0.22459	0.02733	0.27027	0.03171	0.02008	0.00162	0.10435	0.01931	0.02660	0.00460
3	0.01101	0.01064	0.01525	0.02115	0.57239	0.06155	0.01134	0.01584	0.20734	0.01482	0.01033	0.01181	0.00830	0.00437	0.00427	0.00131	0.00486	0.00403	0.00269	0.00671
4	0.00615	0.00561	0.00653	0.00607	0.00717	0.00598	0.00478	0.00721	0.00903	0.01132	0.03431	0.03359	0.62012	0.01008	0.00731	0.00156	0.20800	0.00778	0.00348	0.00390
5	0.01221	0.18976	0.01251	0.00891	0.01100	0.39219	0.00698	0.03750	0.05054	0.01144	0.01136	0.21377	0.01161	0.00660	0.00408	0.00125	0.00550	0.00514	0.00275	0.00490
6	0.00802	0.01789	0.62490	0.01059	0.01565	0.00855	0.01301	0.01229	0.00986	0.01453	0.20697	0.01476	0.01409	0.00525	0.00434	0.00136	0.00530	0.00431	0.00254	0.00580
7	0.00689	0.00406	0.00570	0.00575	0.00601	0.00417	0.00398	0.00629	0.00638	0.00856	0.01180	0.01951	0.05064	0.15940	0.16472	0.48276	0.00517	0.04339	0.00228	0.00255
8	0.00979	0.01424	0.22199	0.01671	0.02156	0.01067	0.61215	0.01376	0.00990	0.01376	0.00847	0.01100	0.00627	0.00374	0.00484	0.00143	0.00704	0.00462	0.00209	0.00595

[dist]
# distance from previous block
# <min> <max>
0	1

[block]
# block no. 2 follows, 61 sequences, length 54
# corresponding to MSA columns:
# 263-316
name=unknown_C
#
# <colnr> <probs for GDERKNQSTAVLIFYWHMCP>
#	G	D	E	R	K	N	Q	S	T	A	V	L	I	F	Y	W	H	M	C	P
0	0.01844	0.00857	0.07788	0.00805	0.01163	0.00664	0.00713	0.02038	0.01206	0.75728	0.01622	0.01420	0.01023	0.00523	0.00431	0.00134	0.00389	0.00424	0.00504	0.00725
1	0.00737	0.00380	0.00562	0.00560	0.00568	0.00377	0.00377	0.00582	0.00616	0.00830	0.07500	0.01468	0.01024	0.01445	0.01586	0.80205	0.00360	0.00408	0.00211	0.00205
2	0.01519	0.01913	0.01161	0.01067	0.01273	0.76248	0.00796	0.01627	0.01188	0.01058	0.00808	0.07746	0.00746	0.00519	0.00402	0.00116	0.00733	0.00356	0.00237	0.00487
3	0.00614	0.00445	0.00582	0.00560	0.00663	0.00413	0.00429	0.00815	0.01195	0.01678	0.73560	0.03375	0.05703	0.00911	0.00515	0.00141	0.00220	0.07309	0.00466	0.00405
4	0.01116	0.01019	0.00995	0.00896	0.01138	0.07895	0.00694	0.02242	0.74729	0.01740	0.01663	0.01538	0.01252	0.00573	0.00434	0.00143	0.00377	0.00470	0.00420	0.00667
5	0.01519	0.01913	0.01161	0.01067	0.01273	0.76248	0.00796	0.01627	0.01188	0.01058	0.00808	0.07746	0.00746	0.00519	0.00402	0.00116	0.00733	0.00356	0.00237	0.00487
6	0.01933	0.00733	0.01000	0.00766	0.01100	0.00633	0.00633	0.02099	0.01233	0.82473	0.01699	0.01466	0.01066	0.00533	0.00433	0.00133	0.00367	0.00433	0.00533	0.00733
7	0.00539	0.00585	0.07271	0.00502	0.00688	0.00417	0.00432	0.00680	0.00976	0.01180	0.04065	0.03876	0.75226	0.01034	0.00501	0.00145	0.00253	0.00860	0.00382	0.00386
8	0.01004	0.01251	0.09202	0.01767	0.02219	0.01082	0.74039	0.01379	0.01008	0.01379	0.00863	0.01141	0.00645	0.00367	0.00500	0.00145	0.00719	0.00493	0.00215	0.00586
9	0.87904	0.00833	0.00633	0.00566	0.00833	0.00966	0.00467	0.01266	0.00733	0.01933	0.00600	0.00700	0.00467	0.00400	0.00267	0.00133	0.00333	0.00233	0.00267	0.00467
10	0.00694	0.00496	0.00694	0.00793	0.00892	0.00496	0.00694	0.00892	0.00992	0.01289	0.02281	0.04859	0.02479	0.01190	0.00595	0.00198	0.00397	0.79275	0.00397	0.00397
11	0.00626	0.00418	0.00470	0.00470	0.00470	0.00418	0.00261	0.00626	0.00626	0.00835	0.01357	0.02819	0.01566	0.84862	0.02192	0.00418	0.00418	0.00626	0.00261	0.00261
12	0.00522	0.00437	0.00454	0.00450	0.00590	0.00369	0.00337	0.00643	0.01012	0.01236	0.14291	0.04027	0.72028	0.01064	0.00509	0.00144	0.00216	0.00892	0.00409	0.00369
13	0.00610	0.00440	0.00576	0.00542	0.00644	0.00406	0.00406	0.00813	0.01219	0.01727	0.81947	0.03218	0.04064	0.00881	0.00508	0.00135	0.00203	0.00779	0.00474	0.00406
14	0.01636	0.01242	0.01290	0.00996	0.01336	0.04742	0.00819	0.77447	0.01992	0.02646	0.01019	0.01023	0.00725	0.00514	0.00429	0.00129	0.00487	0.00383	0.00422	0.00723
15	0.00525	0.00375	0.00500	0.00600	0.00625	0.00350	0.00400	0.00600	0.00825	0.01100	0.02374	0.84580	0.02849	0.01350	0.00550	0.00175	0.00250	0.01225	0.00400	0.00350
16	0.00893	0.00766	0.00893	0.00638	0.01021	0.00574	0.00510	0.01085	0.00893	0.01404	0.00766	0.00893	0.00638	0.00319	0.00319	0.00064	0.00319	0.00255	0.00255	0.87495
17	0.00626	0.00418	0.00470	0.00470	0.00470	0.00418	0.00261	0.00626	0.00626	0.00835	0.01357	0.02819	0.01566	0.84862	0.02192	0.00418	0.00418	0.00626	0.00261	0.00261
18	0.01923	0.00773	0.01006	0.00777	0.01107	0.03153	0.00639	0.02088	0.01233	0.79986	0.01668	0.01445	0.01051	0.00530	0.00432	0.00133	0.00379	0.00428	0.00524	0.00726
19	0.00610	0.00440	0.00576	0.00542	0.00644	0.00406	0.00406	0.00813	0.01219	0.01727	0.81947	0.03218	0.04064	0.00881	0.00508	0.00135	0.00203	0.00779	0.00474	0.00406
20	0.00555	0.00419	0.00606	0.02980	0.00760	0.00399	0.03595	0.00650	0.00836	0.01114	0.02268	0.77459	0.02692	0.01282	0.00546	0.00173	0.00281	0.02635	0.00387	0.00363
21	0.00840	0.00819	0.01404	0.61446	0.02575	0.00991	0.10183	0.01106	0.00860	0.01127	0.00896	0.01244	0.03797	0.00487	0.00558	0.00149	0.10412	0.00417	0.00202	0.00485
22	0.87904	0.00833	0.00633	0.00566	0.00833	0.00966	0.00467	0.01266	0.00733	0.01933	0.00600	0.00700	0.00467	0.00400	0.00267	0.00133	0.00333	0.00233	0.00267	0.00467
23	0.87904	0.00833	0.00633	0.00566	0.00833	0.00966	0.00467	0.01266	0.00733	0.01933	0.00600	0.00700	0.00467	0.00400	0.00267	0.00133	0.00333	0.00233	0.00267	0.00467
24	0.00615	0.00462	0.00692	0.00692	0.00769	0.00538	0.00538	0.00769	0.00692	0.01000	0.01154	0.01692	0.01077	0.03231	0.83154	0.00692	0.01154	0.00462	0.00231	0.00385
25	0.00748	0.00374	0.00561	0.00561	0.00561	0.00374	0.00374	0.00561	0.00561	0.00748	0.00748	0.01309	0.00748	0.01496	0.01684	0.87467	0.00374	0.00374	0.00187	0.00187
26	0.01933	0.00733	0.01000	0.00766	0.01100	0.00633	0.00633	0.02099	0.01233	0.82473	0.01699	0.01466	0.01066	0.00533	0.00433	0.00133	0.00367	0.00433	0.00533	0.00733
27	0.00511	0.00436	0.00439	0.00439	0.00583	0.00365	0.00329	0.00622	0.00987	0.01176	0.06079	0.04125	0.80276	0.01086	0.00509	0.00145	0.00218	0.00906	0.00402	0.00365
28	0.03935	0.00594	0.00752	0.00633	0.00844	0.00532	0.00488	0.01413	0.01060	0.42689	0.09906	0.06542	0.13412	0.14355	0.00738	0.00184	0.00330	0.00603	0.00449	0.00542
29	0.01933	0.00733	0.01000	0.00766	0.01100	0.00633	0.00633	0.02099	0.01233	0.82473	0.01699	0.01466	0.01066	0.00533	0.00433	0.00133	0.00367	0.00433	0.00533	0.00733
30	0.00694	0.00496	0.00694	0.00793	0.00892	0.00496	0.00694	0.00892	0.00992	0.01289	0.02281	0.04859	0.02479	0.01190	0.00595	0.00198	0.00397	0.79275	0.00397	0.00397
31	0.00552	0.00438	0.00496	0.00481	0.00608	0.00382	0.00361	0.00701	0.01083	0.01404	0.37506	0.03749	0.48707	0.01001	0.00509	0.00141	0.00212	0.00854	0.00432	0.00382
32	0.84454	0.00815	0.00628	0.00568	0.00825	0.00942	0.00464	0.01240	0.00737	0.01900	0.00670	0.04012	0.00561	0.00437	0.00278	0.00135	0.00330	0.00272	0.00272	0.00462
33	0.00540	0.00452	0.00472	0.00464	0.00607	0.00391	0.00349	0.00696	0.03471	0.01261	0.14953	0.03940	0.68818	0.01047	0.00507	0.00144	0.00220	0.00878	0.00411	0.00379
34	0.01933	0.00733	0.01000	0.00766	0.01100	0.00633	0.00633	0.02099	0.01233	0.82473	0.01699	0.01466	0.01066	0.00533	0.00433	0.00133	0.00367	0.00433	0.00533	0.00733
35	0.00821	0.00768	0.01128	0.00991	0.01037	0.01012	0.03934	0.00948	0.00686	0.01036	0.00802	0.01237	0.00764	0.01683	0.32566	0.00379	0.49144	0.00414	0.00206	0.00442
36	0.00509	0.00436	0.00436	0.00436	0.00582	0.00364	0.00327	0.00618	0.00982	0.01164	0.04364	0.04146	0.82000	0.01091	0.00509	0.00145	0.00218	0.00909	0.00400	0.00364
37	0.00803	0.00401	0.00401	0.00401	0.00502	0.00401	0.00301	0.01004	0.00903	0.01606	0.01405	0.01606	0.01104	0.00502	0.00301	0.00100	0.00201	0.00401	0.87253	0.00401
38	0.00803	0.00401	0.00401	0.00401	0.00502	0.00401	0.00301	0.01004	0.00903	0.01606	0.01405	0.01606	0.01104	0.00502	0.00301	0.00100	0.00201	0.00401	0.87253	0.00401
39	0.00615	0.00462	0.00692	0.00692	0.00769	0.00538	0.00538	0.00769	0.00692	0.01000	0.01154	0.01692	0.01077	0.03231	0.83154	0.00692	0.01154	0.00462	0.00231	0.00385
40	0.01071	0.00925	0.00974	0.00877	0.01120	0.01071	0.00682	0.02289	0.81396	0.01802	0.01753	0.01607	0.01315	0.00584	0.00438	0.00146	0.00341	0.00487	0.00438	0.00682
41	0.87904	0.00833	0.00633	0.00566	0.00833	0.00966	0.00467	0.01266	0.00733	0.01933	0.00600	0.00700	0.00467	0.00400	0.00267	0.00133	0.00333	0.00233	0.00267	0.00467
42	0.01057	0.01014	0.01732	0.05621	0.79270	0.01021	0.01317	0.01314	0.00976	0.01396	0.00809	0.01069	0.00678	0.00386	0.00427	0.00129	0.00514	0.00384	0.00212	0.00675
43	0.00521	0.00437	0.00453	0.00449	0.00589	0.00369	0.00337	0.00641	0.01010	0.01230	0.13502	0.04036	0.72820	0.01066	0.00509	0.00144	0.00216	0.00894	0.00409	0.00369
44	0.00525	0.00375	0.00500	0.00600	0.00625	0.00350	0.00400	0.00600	0.00825	0.01100	0.02374	0.84580	0.02849	0.01350	0.00550	0.00175	0.00250	0.01225	0.00400	0.00350
45	0.00607	0.00440	0.00572	0.00539	0.00642	0.00405	0.00404	0.00808	0.01213	0.01713	0.79971	0.03241	0.06049	0.00886	0.00508	0.00136	0.00204	0.00782	0.00472	0.00405
46	0.00906	0.06808	0.61666	0.01305	0.03101	0.01053	0.13855	0.01349	0.00923	0.01341	0.00799	0.01000	0.00595	0.00417	0.00436	0.00137	0.01930	0.01570	0.00192	0.00617
47	0.00803	0.00401	0.00401	0.00401	0.00502	0.00401	0.00301	0.01004	0.00903	0.01606	0.01405	0.01606	0.01104	0.00502	0.00301	0.00100	0.00201	0.00401	0.87253	0.00401
48	0.00525	0.00375	0.00500	0.00600	0.00625	0.00350	0.00400	0.00600	0.00825	0.01100	0.02374	0.84580	0.02849	0.01350	0.00550	0.00175	0.00250	0.01225	0.00400	0.00350
49	0.00615	0.00462	0.00692	0.00692	0.00769	0.00538	0.00538	0.00769	0.00692	0.01000	0.01154	0.01692	0.01077	0.03231	0.83154	0.00692	0.01154	0.00462	0.00231	0.00385
50	0.00864	0.02228	0.82630	0.01228	0.01864	0.01000	0.01592	0.01364	0.00909	0.01364	0.00773	0.00909	0.00546	0.00409	0.00409	0.00136	0.00637	0.00318	0.00182	0.00637
51	0.00745	0.12605	0.04646	0.00657	0.00854	0.00654	0.02549	0.00895	0.02158	0.02467	0.03075	0.29806	0.12586	0.08870	0.00611	0.00159	0.00336	0.00727	0.00321	0.15279
52	0.01136	0.82751	0.02210	0.00732	0.01093	0.01668	0.00728	0.01277	0.00885	0.01033	0.02875	0.00762	0.00651	0.00383	0.00283	0.00093	0.00453	0.00246	0.00192	0.00549
53	0.00965	0.03161	0.02992	0.00728	0.01022	0.00750	0.00589	0.03660	0.24009	0.05257	0.06381	0.08417	0.02467	0.00548	0.00397	0.00110	0.00329	0.00459	0.00350	0.37408

[dist]
# distance from previous block
# <min> <max>
0	32

[block]
# block no. 3 follows, 61 sequences, length 57
# corresponding to MSA columns:
# 360-416
name=unknown_D
#
# <colnr> <probs for GDERKNQSTAVLIFYWHMCP>
#	G	D	E	R	K	N	Q	S	T	A	V	L	I	F	Y	W	H	M	C	P
0	0.05723	0.00962	0.01003	0.00877	0.01137	0.01105	0.00691	0.13818	0.65434	0.01944	0.01586	0.01475	0.01184	0.00565	0.00428	0.00143	0.00360	0.00459	0.00428	0.00678
1	0.83336	0.00843	0.00692	0.00676	0.05112	0.00969	0.00512	0.01269	0.00746	0.01905	0.00611	0.00719	0.00478	0.00399	0.00275	0.00133	0.00343	0.00241	0.00264	0.00478
2	0.00944	0.01211	0.13516	0.10974	0.04828	0.01010	0.52051	0.01303	0.00997	0.01372	0.06677	0.01270	0.00876	0.00415	0.00483	0.00143	0.00652	0.00483	0.00228	0.00568
3	0.00826	0.00771	0.01310	0.52180	0.06002	0.00865	0.09360	0.01092	0.00898	0.01188	0.01021	0.05428	0.00908	0.00540	0.00454	0.00144	0.00533	0.09122	0.00232	0.07125
4	0.00605	0.00441	0.00569	0.00540	0.00644	0.00405	0.00407	0.00802	0.01199	0.01681	0.75206	0.03312	0.09213	0.00901	0.00510	0.00137	0.00208	0.02350	0.00468	0.00403
5	0.00813	0.00766	0.01292	0.83826	0.02967	0.00957	0.01196	0.01101	0.00861	0.01101	0.00766	0.01148	0.00574	0.00431	0.00431	0.00144	0.00574	0.00383	0.00191	0.00479
6	0.00630	0.00462	0.00594	0.00557	0.00665	0.00436	0.00419	0.00879	0.04835	0.01731	0.78331	0.03145	0.03940	0.00867	0.00505	0.00136	0.00209	0.00766	0.00473	0.00419
7	0.00813	0.00766	0.01292	0.83826	0.02967	0.00957	0.01196	0.01101	0.00861	0.01101	0.00766	0.01148	0.00574	0.00431	0.00431	0.00144	0.00574	0.00383	0.00191	0.00479
8	0.01170	0.81830	0.02216	0.00752	0.01115	0.04930	0.00741	0.01307	0.00889	0.01015	0.00602	0.00694	0.00553	0.00372	0.00281	0.00093	0.00473	0.00232	0.00186	0.00551
9	0.01637	0.01207	0.01293	0.00991	0.01336	0.01336	0.00819	0.80738	0.02025	0.02715	0.01034	0.01034	0.00733	0.00517	0.00431	0.00129	0.00474	0.00388	0.00431	0.00733
10	0.00615	0.00462	0.00692	0.00692	0.00769	0.00538	0.00538	0.00769	0.00692	0.01000	0.01154	0.01692	0.01077	0.03231	0.83154	0.00692	0.01154	0.00462	0.00231	0.00385
11	0.00610	0.00440	0.00576	0.00542	0.00644	0.00406	0.00406	0.00813	0.01219	0.01727	0.81947	0.03218	0.04064	0.00881	0.00508	0.00135	0.00203	0.00779	0.00474	0.00406
12	0.11062	0.00947	0.01086	0.00841	0.01172	0.00970	0.00695	0.35751	0.01519	0.39580	0.01296	0.01198	0.00859	0.00512	0.00414	0.00132	0.00409	0.00392	0.00461	0.00704
13	0.00514	0.00437	0.00443	0.00441	0.00585	0.00366	0.00331	0.00627	0.00993	0.01189	0.07862	0.04104	0.78485	0.01081	0.00509	0.00145	0.00218	0.00903	0.00403	0.00366
14	0.01933	0.00733	0.01000	0.00766	0.01100	0.00633	0.00633	0.02099	0.01233	0.82473	0.01699	0.01466	0.01066	0.00533	0.00433	0.00133	0.00367	0.00433	0.00533	0.00733
15	0.01059	0.00966	0.01610	0.20175	0.59413	0.01010	0.01255	0.04442	0.01003	0.03730	0.00835	0.01094	0.00672	0.00404	0.00428	0.00132	0.00520	0.00385	0.00226	0.00641
16	0.00873	0.14134	0.46260	0.00958	0.01403	0.00937	0.01119	0.01230	0.00997	0.03930	0.22325	0.01507	0.01497	0.00532	0.00416	0.00129	0.00487	0.00431	0.00271	0.00566
17	0.00836	0.00411	0.00419	0.00412	0.00519	0.00408	0.00311	0.01035	0.00913	0.03937	0.01414	0.01602	0.01103	0.00503	0.00305	0.00101	0.00206	0.00402	0.84753	0.00411
18	0.00621	0.00415	0.00471	0.00477	0.00478	0.00414	0.00268	0.00625	0.00637	0.00849	0.01411	0.07120	0.01634	0.80468	0.02106	0.00405	0.00409	0.00658	0.00268	0.00266
19	0.87904	0.00833	0.00633	0.00566	0.00833	0.00966	0.00467	0.01266	0.00733	0.01933	0.00600	0.00700	0.00467	0.00400	0.00267	0.00133	0.00333	0.00233	0.00267	0.00467
20	0.00987	0.00855	0.02772	0.13996	0.18677	0.00751	0.02376	0.01215	0.00932	0.06617	0.00838	0.01012	0.00664	0.00367	0.00372	0.00097	0.00417	0.00320	0.00252	0.46484
21	0.00932	0.00854	0.01263	0.16320	0.31536	0.02291	0.02319	0.01377	0.17878	0.01459	0.13076	0.05101	0.02618	0.00560	0.00449	0.00138	0.00434	0.00508	0.00306	0.00581
22	0.00657	0.00407	0.00586	0.00598	0.00638	0.00421	0.00426	0.00647	0.00700	0.00955	0.06562	0.13240	0.05292	0.01930	0.25520	0.39731	0.00569	0.00570	0.00259	0.00291
23	0.87904	0.00833	0.00633	0.00566	0.00833	0.00966	0.00467	0.01266	0.00733	0.01933	0.00600	0.00700	0.00467	0.00400	0.00267	0.00133	0.00333	0.00233	0.00267	0.00467
24	0.03439	0.00742	0.00995	0.05125	0.01178	0.00669	0.00651	0.04623	0.01215	0.66839	0.04937	0.01467	0.01124	0.00530	0.00428	0.00131	0.00371	0.00432	0.00491	0.04613
25	0.00826	0.00777	0.01300	0.71751	0.10972	0.00937	0.01170	0.01102	0.00879	0.01135	0.00932	0.01275	0.04257	0.00456	0.00434	0.00142	0.00552	0.00407	0.00203	0.00494
26	0.01283	0.00590	0.00766	0.00647	0.00875	0.00514	0.00514	0.01436	0.01140	0.44304	0.14853	0.08959	0.19329	0.00785	0.00473	0.00141	0.00300	0.02044	0.00482	0.00565
27	0.00610	0.00440	0.00576	0.00542	0.00644	0.00406	0.00406	0.00813	0.01219	0.01727	0.81947	0.03218	0.04064	0.00881	0.00508	0.00135	0.00203	0.00779	0.00474	0.00406
28	0.01581	0.01795	0.01243	0.01083	0.01322	0.59499	0.00835	0.20356	0.01381	0.01446	0.00748	0.00846	0.00597	0.00478	0.00452	0.00119	0.05087	0.00309	0.00270	0.00553
29	0.00683	0.00507	0.00548	0.00526	0.00675	0.00470	0.00401	0.06524	0.03380	0.03393	0.09128	0.09920	0.50030	0.00977	0.00487	0.00143	0.00249	0.03302	0.08242	0.00415
30	0.01933	0.00733	0.01000	0.00766	0.01100	0.00633	0.00633	0.02099	0.01233	0.82473	0.01699	0.01466	0.01066	0.00533	0.00433	0.00133	0.00367	0.00433	0.00533	0.00733
31	0.01017	0.01162	0.02542	0.01816	0.02251	0.01089	0.80610	0.01380	0.01017	0.01380	0.00871	0.01162	0.00654	0.00363	0.00508	0.00145	0.00726	0.00508	0.00218	0.00581
32	0.00535	0.00428	0.00483	0.00520	0.00629	0.00376	0.00389	0.00646	0.00943	0.01162	0.03614	0.24588	0.52573	0.01168	0.00530	0.00159	0.00247	0.10245	0.00400	0.00364
33	0.00509	0.00436	0.00436	0.00436	0.00582	0.00364	0.00327	0.00618	0.00982	0.01164	0.04364	0.04146	0.82000	0.01091	0.00509	0.00145	0.00218	0.00909	0.00400	0.00364
34	0.00864	0.02228	0.82630	0.01228	0.01864	0.01000	0.01592	0.01364	0.00909	0.01364	0.00773	0.00909	0.00546	0.00409	0.00409	0.00136	0.00637	0.00318	0.00182	0.00637
35	0.00525	0.00375	0.00500	0.00600	0.00625	0.00350	0.00400	0.00600	0.00825	0.01100	0.02374	0.84580	0.02849	0.01350	0.00550	0.00175	0.00250	0.01225	0.00400	0.00350
36	0.00527	0.00376	0.00501	0.00599	0.00625	0.00351	0.00400	0.00604	0.00833	0.01113	0.04061	0.82855	0.02875	0.01340	0.00549	0.00174	0.00249	0.01215	0.00401	0.00351
37	0.00694	0.00496	0.00694	0.00793	0.00892	0.00496	0.00694	0.00892	0.00992	0.01289	0.02281	0.04859	0.02479	0.01190	0.00595	0.00198	0.00397	0.79275	0.00397	0.00397
38	0.01071	0.00925	0.00974	0.00877	0.01120	0.01071	0.00682	0.02289	0.81396	0.01802	0.01753	0.01607	0.01315	0.00584	0.00438	0.00146	0.00341	0.00487	0.00438	0.00682
39	0.00803	0.00401	0.00401	0.00401	0.00502	0.00401	0.00301	0.01004	0.00903	0.01606	0.01405	0.01606	0.01104	0.00502	0.00301	0.00100	0.00201	0.00401	0.87253	0.00401
40	0.00509	0.00436	0.00436	0.00436	0.00582	0.00364	0.00327	0.00618	0.00982	0.01164	0.04364	0.04146	0.82000	0.01091	0.00509	0.00145	0.00218	0.00909	0.00400	0.00364
41	0.00525	0.00375	0.00500	0.00600	0.00625	0.00350	0.00400	0.00600	0.00825	0.01100	0.02374	0.84580	0.02849	0.01350	0.00550	0.00175	0.00250	0.01225	0.00400	0.00350
42	0.00615	0.00462	0.00692	0.00692	0.00769	0.00538	0.00538	0.00769	0.00692	0.01000	0.01154	0.01692	0.01077	0.03231	0.83154	0.00692	0.01154	0.00462	0.00231	0.00385
43	0.00610	0.00440	0.00576	0.00542	0.00644	0.00406	0.00406	0.00813	0.01219	0.01727	0.81947	0.03218	0.04064	0.00881	0.00508	0.00135	0.00203	0.00779	0.00474	0.00406
44	0.00610	0.00440	0.00576	0.00542	0.00644	0.00406	0.00406	0.00813	0.01219	0.01727	0.81947	0.03218	0.04064	0.00881	0.00508	0.00135	0.00203	0.00779	0.00474	0.00406
45	0.00643	0.00448	0.00587	0.00548	0.00655	0.00412	0.00412	0.00846	0.01220	0.03775	0.79913	0.03173	0.03988	0.00872	0.00506	0.00135	0.00207	0.00770	0.00476	0.00415
46	0.00803	0.00401	0.00401	0.00401	0.00502	0.00401	0.00301	0.01004	0.00903	0.01606	0.01405	0.01606	0.01104	0.00502	0.00301	0.00100	0.00201	0.00401	0.87253	0.00401
47	0.87904	0.00833	0.00633	0.00566	0.00833	0.00966	0.00467	0.01266	0.00733	0.01933	0.00600	0.00700	0.00467	0.00400	0.00267	0.00133	0.00333	0.00233	0.00267	0.00467
48	0.01152	0.85121	0.02257	0.00737	0.01106	0.01704	0.00737	0.01290	0.00875	0.01013	0.00599	0.00691	0.00553	0.00369	0.00276	0.00092	0.00461	0.00230	0.00184	0.00553
49	0.00529	0.00378	0.00505	0.00605	0.00631	0.00354	0.00407	0.00607	0.00829	0.01104	0.02372	0.82600	0.02840	0.01346	0.00551	0.00176	0.00254	0.03163	0.00400	0.00351
50	0.00662	0.00473	0.00657	0.00757	0.00842	0.00468	0.00639	0.00837	0.00960	0.01253	0.02298	0.19902	0.02549	0.01220	0.00586	0.00194	0.00369	0.64547	0.00397	0.00388
51	0.02472	0.00573	0.02712	0.00599	0.02127	0.00478	0.00471	0.01060	0.01071	0.21275	0.16164	0.03091	0.42829	0.00919	0.02088	0.00151	0.00288	0.00726	0.00431	0.00476
52	0.87904	0.00833	0.00633	0.00566	0.00833	0.00966	0.00467	0.01266	0.00733	0.01933	0.00600	0.00700	0.00467	0.00400	0.00267	0.00133	0.00333	0.00233	0.00267	0.00467
53	0.01243	0.00978	0.01047	0.00896	0.01167	0.01107	0.00710	0.19816	0.59436	0.06250	0.01590	0.01472	0.01172	0.00567	0.00436	0.00142	0.00372	0.00462	0.00442	0.00696
54	0.00625	0.00425	0.00508	0.00508	0.00521	0.00438	0.00308	0.00651	0.00638	0.00863	0.01323	0.02628	0.01483	0.71015	0.15926	0.00464	0.00542	0.00598	0.00256	0.00282
55	0.00897	0.00776	0.00937	0.00670	0.01054	0.00588	0.02661	0.01093	0.00897	0.01403	0.00768	0.00900	0.00638	0.00320	0.00324	0.00066	0.00330	0.00262	0.00254	0.85161
56	0.02469	0.37299	0.36922	0.01064	0.01551	0.01310	0.09628	0.01351	0.02497	0.01235	0.00726	0.00854	0.00574	0.00390	0.00362	0.00119	0.00560	0.00303	0.00193	0.00593

[dist]
# distance from previous block
# <min> <max>
0	1

[block]
# block no. 4 follows, 61 sequences, length 176
# corresponding to MSA columns:
# 442-471,475-620
name=unknown_E
#
# <colnr> <probs for GDERKNQSTAVLIFYWHMCP>
#	G	D	E	R	K	N	Q	S	T	A	V	L	I	F	Y	W	H	M	C	P
0	0.01703	0.00832	0.01032	0.00801	0.01116	0.00794	0.00654	0.22415	0.01393	0.51683	0.02874	0.04022	0.01083	0.03054	0.00485	0.00139	0.00387	0.00450	0.00481	0.04601
1	0.00530	0.00430	0.00457	0.00472	0.00586	0.00373	0.00342	0.00627	0.00927	0.01126	0.03741	0.13108	0.61534	0.10057	0.00696	0.00180	0.00250	0.03827	0.00385	0.00352
2	0.01152	0.85121	0.02257	0.00737	0.01106	0.01704	0.00737	0.01290	0.00875	0.01013	0.00599	0.00691	0.00553	0.00369	0.00276	0.00092	0.00461	0.00230	0.00184	0.00553
3	0.01240	0.00952	0.01025	0.00880	0.01148	0.01070	0.00696	0.17225	0.57782	0.08716	0.01668	0.01541	0.02928	0.00578	0.00438	0.00142	0.00366	0.00473	0.00444	0.00689
4	0.00813	0.00766	0.01292	0.83826	0.02967	0.00957	0.01196	0.01101	0.00861	0.01101	0.00766	0.01148	0.00574	0.00431	0.00431	0.00144	0.00574	0.00383	0.00191	0.00479
5	0.01637	0.01207	0.01293	0.00991	0.01336	0.01336	0.00819	0.80738	0.02025	0.02715	0.01034	0.01034	0.00733	0.00517	0.00431	0.00129	0.00474	0.00388	0.00431	0.00733
6	0.00748	0.00374	0.00561	0.00561	0.00561	0.00374	0.00374	0.00561	0.00561	0.00748	0.00748	0.01309	0.00748	0.01496	0.01684	0.87467	0.00374	0.00374	0.00187	0.00187
7	0.00694	0.00496	0.00694	0.00793	0.00892	0.00496	0.00694	0.00892	0.00992	0.01289	0.02281	0.04859	0.02479	0.01190	0.00595	0.00198	0.00397	0.79275	0.00397	0.00397
8	0.00681	0.00487	0.00679	0.00779	0.00872	0.00485	0.00672	0.00870	0.00979	0.01275	0.02288	0.10864	0.02507	0.01202	0.00592	0.00197	0.00386	0.73396	0.00397	0.00393
9	0.00540	0.00384	0.00495	0.00575	0.00602	0.00361	0.00378	0.00608	0.00810	0.01077	0.03914	0.68799	0.05191	0.13165	0.00780	0.00208	0.00272	0.01121	0.00382	0.00339
10	0.00687	0.00536	0.00586	0.00556	0.00704	0.00528	0.00422	0.01065	0.17861	0.01508	0.26186	0.03076	0.33841	0.00862	0.00472	0.00138	0.00238	0.00729	0.09558	0.00447
11	0.87904	0.00833	0.00633	0.00566	0.00833	0.00966	0.00467	0.01266	0.00733	0.01933	0.00600	0.00700	0.00467	0.00400	0.00267	0.00133	0.00333	0.00233	0.00267	0.00467
12	0.00527	0.00435	0.00446	0.00443	0.00584	0.00368	0.00333	0.00647	0.00998	0.01224	0.10325	0.03982	0.73013	0.01053	0.00502	0.00143	0.00216	0.00881	0.03511	0.00368
13	0.00624	0.00423	0.00482	0.00491	0.00499	0.00423	0.00284	0.00655	0.02161	0.00882	0.01474	0.11586	0.01699	0.74304	0.01983	0.00386	0.00398	0.00688	0.00279	0.00278
14	0.00525	0.00375	0.00500	0.00600	0.00625	0.00350	0.00400	0.00600	0.00825	0.01100	0.02374	0.84580	0.02849	0.01350	0.00550	0.00175	0.00250	0.01225	0.00400	0.00350
15	0.00530	0.00403	0.00488	0.00538	0.00613	0.00361	0.00376	0.00632	0.00926	0.01199	0.12892	0.47663	0.29413	0.01205	0.00531	0.00160	0.00234	0.01064	0.00409	0.00361
16	0.00893	0.00766	0.00893	0.00638	0.01021	0.00574	0.00510	0.01085	0.00893	0.01404	0.00766	0.00893	0.00638	0.00319	0.00319	0.00064	0.00319	0.00255	0.00255	0.87495
17	0.00547	0.00390	0.00523	0.00620	0.00654	0.00369	0.00432	0.00635	0.00841	0.01117	0.02343	0.73405	0.02779	0.02985	0.00588	0.00183	0.00271	0.10568	0.00397	0.00354
18	0.60746	0.00816	0.00758	0.00636	0.00924	0.00882	0.00525	0.03863	0.00914	0.25000	0.00927	0.00929	0.00646	0.00441	0.00319	0.00133	0.00347	0.00295	0.00348	0.00551
19	0.00625	0.00417	0.00470	0.00472	0.00473	0.00416	0.00264	0.00626	0.00630	0.00840	0.01376	0.04314	0.01590	0.83334	0.02162	0.00413	0.00415	0.00637	0.00264	0.00263
20	0.00524	0.00376	0.00499	0.00596	0.00624	0.00350	0.00398	0.00600	0.00828	0.01101	0.02416	0.82904	0.04498	0.01344	0.00549	0.00174	0.00249	0.01218	0.00400	0.00350
21	0.01062	0.01019	0.01741	0.03970	0.80881	0.01022	0.01320	0.01318	0.00979	0.01402	0.00810	0.01067	0.00681	0.00385	0.00427	0.00128	0.00513	0.00384	0.00213	0.00679
22	0.01596	0.01189	0.01283	0.00992	0.01322	0.01326	0.00818	0.75559	0.04677	0.02631	0.01044	0.01051	0.00747	0.00527	0.00462	0.00132	0.03109	0.00391	0.00424	0.00723
23	0.00525	0.00376	0.00499	0.00597	0.00624	0.00350	0.00399	0.00600	0.00828	0.01101	0.02411	0.83098	0.04308	0.01345	0.00549	0.00174	0.00249	0.01219	0.00400	0.00350
24	0.01003	0.01021	0.01750	0.01815	0.29593	0.01164	0.19380	0.01215	0.00853	0.01244	0.00721	0.01036	0.00626	0.00535	0.00862	0.00157	0.35842	0.00410	0.00204	0.00570
25	0.01108	0.00901	0.01158	0.01003	0.01128	0.01109	0.00841	0.21498	0.01110	0.05060	0.01121	0.01870	0.01060	0.00782	0.00935	0.00173	0.40171	0.18127	0.00312	0.00533
26	0.00610	0.00440	0.00576	0.00542	0.00644	0.00406	0.00406	0.00813	0.01219	0.01727	0.81947	0.03218	0.04064	0.00881	0.00508	0.00135	0.00203	0.00779	0.00474	0.00406
27	0.01637	0.01207	0.01293	0.00991	0.01336	0.01336	0.00819	0.80738	0.02025	0.02715	0.01034	0.01034	0.00733	0.00517	0.00431	0.00129	0.00474	0.00388	0.00431	0.00733
28	0.00695	0.00530	0.00657	0.00662	0.00779	0.00537	0.00514	0.01059	0.15810	0.01527	0.34739	0.16360	0.05816	0.00975	0.00520	0.00157	0.00278	0.17503	0.00437	0.00444
29	0.00525	0.00375	0.00500	0.00600	0.00625	0.00350	0.00400	0.00600	0.00825	0.01100	0.02374	0.84580	0.02849	0.01350	0.00550	0.00175	0.00250	0.01225	0.00400	0.00350
30	0.01637	0.01207	0.01293	0.00991	0.01336	0.01336	0.00819	0.80738	0.02025	0.02715	0.01034	0.01034	0.00733	0.00517	0.00431	0.00129	0.00474	0.00388	0.00431	0.00733
31	0.00626	0.00418	0.00470	0.00470	0.00470	0.00418	0.00261	0.00626	0.00626	0.00835	0.01357	0.02819	0.01566	0.84862	0.02192	0.00418	0.00418	0.00626	0.00261	0.00261
32	0.00748	0.00374	0.00561	0.00561	0.00561	0.00374	0.00374	0.00561	0.00561	0.00748	0.00748	0.01309	0.00748	0.01496	0.01684	0.87467	0.00374	0.00374	0.00187	0.00187
33	0.00803	0.00401	0.00401	0.00401	0.00502	0.00401	0.00301	0.01004	0.00903	0.01606	0.01405	0.01606	0.01104	0.00502	0.00301	0.00100	0.00201	0.00401	0.87253	0.00401
34	0.01071	0.00925	0.00974	0.00877	0.01120	0.01071	0.00682	0.02289	0.81396	0.01802	0.01753	0.01607	0.01315	0.00584	0.00438	0.00146	0.00341	0.00487	0.00438	0.00682
35	0.00694	0.00496	0.00694	0.00793	0.00892	0.00496	0.00694	0.00892	0.00992	0.01289	0.02281	0.04859	0.02479	0.01190	0.00595	0.00198	0.00397	0.79275	0.00397	0.00397
36	0.01681	0.01137	0.01250	0.00958	0.01301	0.01233	0.00792	0.69249	0.01910	0.14368	0.01131	0.01097	0.00781	0.00519	0.00431	0.00130	0.00458	0.00394	0.00446	0.00733
37	0.00942	0.00942	0.01319	0.01131	0.01131	0.01319	0.00942	0.01037	0.00660	0.01037	0.00565	0.00942	0.00565	0.00754	0.01414	0.00188	0.84073	0.00377	0.00188	0.00471
38	0.00519	0.00398	0.00476	0.00539	0.00609	0.00355	0.00373	0.00607	0.00883	0.01123	0.03113	0.54711	0.32242	0.01253	0.00535	0.00164	0.00238	0.01107	0.00400	0.00355
39	0.00594	0.00423	0.00512	0.00511	0.00571	0.00399	0.00344	0.00696	0.00927	0.01260	0.33812	0.13371	0.11868	0.31539	0.01127	0.00244	0.00289	0.00794	0.00379	0.00342
40	0.00509	0.00436	0.00436	0.00436	0.00582	0.00364	0.00327	0.00618	0.00982	0.01164	0.04364	0.04146	0.82000	0.01091	0.00509	0.00145	0.00218	0.00909	0.00400	0.00364
41	0.01609	0.02053	0.01221	0.01110	0.01332	0.83132	0.00832	0.01720	0.01221	0.01054	0.00666	0.00777	0.00555	0.00444	0.00388	0.00111	0.00777	0.00277	0.00222	0.00499
42	0.01565	0.00652	0.00875	0.00698	0.00969	0.00569	0.00565	0.01734	0.01209	0.60330	0.18445	0.01990	0.05999	0.01777	0.00477	0.00138	0.00326	0.00533	0.00510	0.00639
43	0.00546	0.00438	0.00488	0.00476	0.00605	0.00380	0.00357	0.00691	0.01070	0.01373	0.33188	0.03801	0.53045	0.01013	0.00509	0.00142	0.00213	0.00861	0.00428	0.00380
44	0.00521	0.00437	0.00452	0.00448	0.00589	0.00369	0.00336	0.00640	0.01009	0.01228	0.13189	0.04040	0.73134	0.01067	0.00509	0.00144	0.00216	0.00894	0.00408	0.00369
45	0.00545	0.00400	0.00503	0.00561	0.00617	0.00368	0.00387	0.00643	0.00901	0.01193	0.14746	0.52874	0.15576	0.06216	0.00636	0.00179	0.00251	0.02645	0.00403	0.00356
46	0.82776	0.00827	0.00655	0.00578	0.00849	0.00946	0.00476	0.01316	0.00763	0.06737	0.00665	0.00745	0.00502	0.00408	0.00277	0.00133	0.00335	0.00245	0.00282	0.00482
47	0.00616	0.00460	0.00686	0.00686	0.00760	0.00535	0.00530	0.00765	0.00690	0.00995	0.01160	0.01726	0.01091	0.05653	0.80752	0.00684	0.01132	0.00466	0.00232	0.00381
48	0.00803	0.00401	0.00401	0.00401	0.00502	0.00401	0.00301	0.01004	0.00903	0.01606	0.01405	0.01606	0.01104	0.00502	0.00301	0.00100	0.00201	0.00401	0.87253	0.00401
49	0.00525	0.00404	0.00482	0.00537	0.00613	0.00360	0.00377	0.00622	0.00908	0.01158	0.07029	0.48161	0.33611	0.01224	0.00533	0.00162	0.00238	0.02295	0.00403	0.00359
50	0.00541	0.00391	0.00514	0.00608	0.00640	0.00372	0.00408	0.00650	0.03240	0.01121	0.02356	0.82093	0.02803	0.01327	0.00546	0.00174	0.00253	0.01202	0.00401	0.00360
51	0.00891	0.05285	0.52146	0.01204	0.01700	0.04404	0.12541	0.01288	0.00903	0.01284	0.00833	0.01049	0.00642	0.00829	0.12918	0.00219	0.00726	0.00361	0.00196	0.00581
52	0.00512	0.00426	0.00447	0.00465	0.00589	0.00361	0.00340	0.00615	0.00955	0.01153	0.04018	0.18123	0.68245	0.01136	0.00516	0.00151	0.00224	0.00964	0.00400	0.00361
53	0.60807	0.00823	0.00732	0.00607	0.00906	0.00870	0.00496	0.03654	0.00836	0.06423	0.00713	0.00797	0.00547	0.00393	0.00293	0.00118	0.00336	0.00254	0.00284	0.20110
54	0.01123	0.69962	0.14347	0.00821	0.01227	0.02784	0.00869	0.02673	0.00905	0.01096	0.00634	0.00731	0.00555	0.00378	0.00301	0.00100	0.00492	0.00247	0.00189	0.00568
55	0.00748	0.00374	0.00561	0.00561	0.00561	0.00374	0.00374	0.00561	0.00561	0.00748	0.00748	0.01309	0.00748	0.01496	0.01684	0.87467	0.00374	0.00374	0.00187	0.00187
56	0.87904	0.00833	0.00633	0.00566	0.00833	0.00966	0.00467	0.01266	0.00733	0.01933	0.00600	0.00700	0.00467	0.00400	0.00267	0.00133	0.00333	0.00233	0.00267	0.00467
57	0.00748	0.00374	0.00561	0.00561	0.00561	0.00374	0.00374	0.00561	0.00561	0.00748	0.00748	0.01309	0.00748	0.01496	0.01684	0.87467	0.00374	0.00374	0.00187	0.00187
58	0.10062	0.01154	0.01218	0.00942	0.01279	0.01275	0.00778	0.70231	0.01871	0.05433	0.01015	0.01017	0.00718	0.00506	0.00415	0.00130	0.00457	0.00374	0.00418	0.00707
59	0.01077	0.01045	0.01737	0.02612	0.80490	0.02734	0.01312	0.01330	0.00986	0.01400	0.00807	0.01060	0.00680	0.00385	0.00426	0.00128	0.00517	0.00382	0.00213	0.00679
60	0.00610	0.00440	0.00576	0.00542	0.00644	0.00406	0.00406	0.00813	0.01219	0.01727	0.81947	0.03218	0.04064	0.00881	0.00508	0.00135	0.00203	0.00779	0.00474	0.00406
61	0.01028	0.00982	0.01660	0.14855	0.68191	0.01015	0.01287	0.01313	0.02973	0.01371	0.00827	0.01092	0.00682	0.00396	0.00427	0.00131	0.00517	0.00386	0.00216	0.00652
62	0.00736	0.00378	0.00553	0.00553	0.00558	0.00376	0.00368	0.00566	0.00577	0.00765	0.00883	0.01462	0.03197	0.05290	0.01672	0.80902	0.00371	0.00402	0.00197	0.00196
63	0.01305	0.02378	0.03612	0.04582	0.03343	0.03576	0.00811	0.35349	0.35070	0.02093	0.01312	0.01322	0.00982	0.00541	0.00432	0.00137	0.00436	0.01638	0.00400	0.00681
64	0.00536	0.00419	0.00487	0.00530	0.00623	0.00370	0.00381	0.00637	0.00915	0.01154	0.04885	0.37197	0.40736	0.02632	0.00557	0.00164	0.00246	0.05431	0.00397	0.01703
65	0.01159	0.83719	0.02240	0.00743	0.01109	0.03079	0.00739	0.01297	0.00881	0.01014	0.00600	0.00692	0.00553	0.00370	0.00278	0.00092	0.00466	0.00231	0.00185	0.00552
66	0.00628	0.00445	0.00558	0.00607	0.00661	0.00437	0.00444	0.00741	0.02218	0.01100	0.04598	0.19750	0.07281	0.31911	0.01162	0.00268	0.00357	0.26143	0.00351	0.00341
67	0.00908	0.02048	0.70860	0.01402	0.12180	0.00997	0.01541	0.01371	0.00924	0.02729	0.00793	0.00939	0.00572	0.00408	0.00412	0.00135	0.00616	0.00329	0.00192	0.00644
68	0.01535	0.01901	0.01206	0.01122	0.03329	0.71896	0.00828	0.01774	0.10187	0.01147	0.00791	0.00877	0.00643	0.00458	0.00395	0.00115	0.00721	0.00304	0.00246	0.00524
69	0.00626	0.00418	0.00470	0.00470	0.00470	0.00418	0.00261	0.00626	0.00626	0.00835	0.01357	0.02819	0.01566	0.84862	0.02192	0.00418	0.00418	0.00626	0.00261	0.00261
70	0.00893	0.00766	0.00893	0.00638	0.01021	0.00574	0.00510	0.01085	0.00893	0.01404	0.00766	0.00893	0.00638	0.00319	0.00319	0.00064	0.00319	0.00255	0.00255	0.87495
71	0.00509	0.00436	0.00436	0.00436	0.00582	0.00364	0.00327	0.00618	0.00982	0.01164	0.04364	0.04146	0.82000	0.01091	0.00509	0.00145	0.00218	0.00909	0.00400	0.00364
72	0.01620	0.01190	0.01275	0.00979	0.01319	0.01317	0.00808	0.79114	0.02002	0.02692	0.01042	0.01046	0.00740	0.00517	0.00428	0.00129	0.00468	0.00388	0.02200	0.00726
73	0.00525	0.00375	0.00500	0.00600	0.00625	0.00350	0.00400	0.00600	0.00825	0.01100	0.02374	0.84580	0.02849	0.01350	0.00550	0.00175	0.00250	0.01225	0.00400	0.00350
74	0.87904	0.00833	0.00633	0.00566	0.00833	0.00966	0.00467	0.01266	0.00733	0.01933	0.00600	0.00700	0.00467	0.00400	0.00267	0.00133	0.00333	0.00233	0.00267	0.00467
75	0.00612	0.00442	0.00580	0.00550	0.00651	0.00409	0.00416	0.00815	0.01212	0.01714	0.79432	0.03269	0.04014	0.00890	0.00511	0.00137	0.00209	0.03257	0.00472	0.00406
76	0.00509	0.00436	0.00436	0.00436	0.00582	0.00364	0.00327	0.00618	0.00982	0.01164	0.04364	0.04146	0.82000	0.01091	0.00509	0.00145	0.00218	0.00909	0.00400	0.00364
77	0.00610	0.00440	0.00576	0.00542	0.00644	0.00406	0.00406	0.00813	0.01219	0.01727	0.81947	0.03218	0.04064	0.00881	0.00508	0.00135	0.00203	0.00779	0.00474	0.00406
78	0.00626	0.00418	0.00470	0.00470	0.00470	0.00418	0.00261	0.00626	0.00626	0.00835	0.01357	0.02819	0.01566	0.84862	0.02192	0.00418	0.00418	0.00626	0.00261	0.00261
79	0.01637	0.01207	0.01293	0.00991	0.01336	0.01336	0.00819	0.80738	0.02025	0.02715	0.01034	0.01034	0.00733	0.00517	0.00431	0.00129	0.00474	0.00388	0.00431	0.00733
80	0.00615	0.00462	0.00692	0.00692	0.00769	0.00538	0.00538	0.00769	0.00692	0.01000	0.01154	0.01692	0.01077	0.03231	0.83154	0.00692	0.01154	0.00462	0.00231	0.00385
81	0.01071	0.00925	0.00974	0.00877	0.01120	0.01071	0.00682	0.02289	0.81396	0.01802	0.01753	0.01607	0.01315	0.00584	0.00438	0.00146	0.00341	0.00487	0.00438	0.00682
82	0.01637	0.01207	0.01293	0.00991	0.01336	0.01336	0.00819	0.80738	0.02025	0.02715	0.01034	0.01034	0.00733	0.00517	0.00431	0.00129	0.00474	0.00388	0.00431	0.00733
83	0.01014	0.01154	0.02495	0.01789	0.02208	0.01098	0.77555	0.01367	0.01003	0.01367	0.00860	0.01154	0.00650	0.00378	0.00543	0.00147	0.03922	0.00503	0.00217	0.00577
84	0.00509	0.00436	0.00436	0.00436	0.00582	0.00364	0.00327	0.00618	0.00982	0.01164	0.04364	0.04146	0.82000	0.01091	0.00509	0.00145	0.00218	0.00909	0.00400	0.00364
85	0.00626	0.00418	0.00470	0.00470	0.00470	0.00418	0.00261	0.00626	0.00626	0.00835	0.01357	0.02819	0.01566	0.84862	0.02192	0.00418	0.00418	0.00626	0.00261	0.00261
86	0.00525	0.00375	0.00500	0.00600	0.00625	0.00350	0.00400	0.00600	0.00825	0.01100	0.02374	0.84580	0.02849	0.01350	0.00550	0.00175	0.00250	0.01225	0.00400	0.00350
87	0.00893	0.00766	0.00893	0.00638	0.01021	0.00574	0.00510	0.01085	0.00893	0.01404	0.00766	0.00893	0.00638	0.00319	0.00319	0.00064	0.00319	0.00255	0.00255	0.87495
88	0.01098	0.00939	0.00989	0.00882	0.01130	0.01084	0.00688	0.06040	0.77601	0.01846	0.01719	0.01580	0.01287	0.00581	0.00438	0.00145	0.00347	0.00482	0.00438	0.00684
