[name]
unknown

[dist]
# distance from previous block
# <min> <max>
0	144

[block]
# block no. 0 follows, 50 sequences, length 7
# corresponding to MSA columns:
# 156-162
name=unknown_A
#
# <colnr> <probs for GDERKNQSTAVLIFYWHMCP>
#	G	D	E	R	K	N	Q	S	T	A	V	L	I	F	Y	W	H	M	C	P
0	0.00948	0.01885	0.51040	0.01300	0.01830	0.00981	0.05598	0.01409	0.01089	0.01552	0.01446	0.02496	0.01337	0.00753	0.00547	0.00181	0.00655	0.24016	0.00290	0.00646
1	0.26109	0.00592	0.00624	0.00683	0.00795	0.00618	0.00486	0.00924	0.00923	0.01560	0.02134	0.57864	0.02473	0.01233	0.00538	0.00188	0.00318	0.01074	0.00417	0.00445
2	0.00977	0.00745	0.00920	0.00836	0.01013	0.00818	0.00654	0.13181	0.13358	0.01863	0.24648	0.02351	0.02259	0.01957	0.31644	0.00408	0.00737	0.00635	0.00425	0.00569
3	0.01530	0.00795	0.00932	0.00793	0.01063	0.00800	0.00629	0.02099	0.24316	0.32208	0.01879	0.01796	0.01333	0.00623	0.00455	0.00147	0.00355	0.00508	0.27027	0.00711
4	0.00835	0.00664	0.00851	0.00725	0.00960	0.00594	0.00565	0.01047	0.01074	0.01590	0.24387	0.02126	0.02081	0.01616	0.25473	0.00326	0.00631	0.00551	0.00362	0.33544
5	0.00633	0.00479	0.00584	0.00617	0.00715	0.00430	0.00440	0.00777	0.01151	0.01522	0.27294	0.34549	0.26395	0.01303	0.00607	0.00178	0.00261	0.01147	0.00490	0.00430
6	0.01056	0.01010	0.01695	0.01321	0.01641	0.01018	0.30553	0.01729	0.25397	0.01869	0.24651	0.02216	0.02174	0.00679	0.00563	0.00165	0.00520	0.00674	0.00420	0.00648

[dist]
# distance from previous block
# <min> <max>
0	8

[block]
# block no. 1 follows, 50 sequences, length 7
# corresponding to MSA columns:
# 171-177
name=unknown_B
#
# <colnr> <probs for GDERKNQSTAVLIFYWHMCP>
#	G	D	E	R	K	N	Q	S	T	A	V	L	I	F	Y	W	H	M	C	P
0	0.01523	0.01034	0.01540	0.01658	0.23291	0.01158	0.01092	0.01713	0.01095	0.28194	0.01183	0.01338	0.00891	0.00664	0.00926	0.00177	0.30982	0.00461	0.00363	0.00718
1	0.00832	0.00667	0.00763	0.00711	0.00886	0.00677	0.00542	0.01376	0.23067	0.01891	0.42404	0.03416	0.18878	0.00972	0.00565	0.00163	0.00284	0.00837	0.00520	0.00550
2	0.01389	0.01228	0.01797	0.12595	0.01957	0.01421	0.16554	0.30058	0.01474	0.02020	0.00962	0.01215	0.00749	0.00626	0.00837	0.00175	0.23451	0.00473	0.00331	0.00686
3	0.01450	0.00728	0.00885	0.00700	0.01010	0.00622	0.00561	0.01664	0.01185	0.31067	0.01546	0.01565	0.01109	0.00535	0.00412	0.00119	0.00343	0.00431	0.29493	0.24576
4	0.00834	0.01236	0.27824	0.00981	0.01309	0.00735	0.01033	0.01185	0.01214	0.01712	0.30795	0.03344	0.02793	0.00933	0.00577	0.00178	0.00470	0.21883	0.00408	0.00558
5	0.00872	0.00645	0.01010	0.01345	0.22857	0.00634	0.00753	0.00914	0.00901	0.01234	0.01593	0.31757	0.01758	0.01305	0.01045	0.29380	0.00424	0.00806	0.00318	0.00449
6	0.03900	0.08434	0.10978	0.01044	0.01432	0.01218	0.00964	0.34563	0.01622	0.02231	0.01354	0.02008	0.01189	0.00693	0.00497	0.00154	0.00525	0.15693	0.00400	0.11101

[dist]
# distance from previous block
# <min> <max>
0	7

[block]
# block no. 2 follows, 50 sequences, length 57
# corresponding to MSA columns:
# 185-197,227-260,278-287
name=unknown_C
#
# <colnr> <probs for GDERKNQSTAVLIFYWHMCP>
#	G	D	E	R	K	N	Q	S	T	A	V	L	I	F	Y	W	H	M	C	P
0	0.05468	0.02467	0.01880	0.04467	0.40944	0.01067	0.17247	0.01394	0.01122	0.01621	0.06841	0.10697	0.01337	0.00611	0.00524	0.00159	0.00574	0.00607	0.00297	0.00675
1	0.02141	0.00958	0.01170	0.00920	0.01291	0.05656	0.00751	0.02418	0.07043	0.69249	0.01898	0.01660	0.01219	0.00615	0.00499	0.00154	0.00451	0.00495	0.00587	0.00827
2	0.70188	0.05104	0.00809	0.00671	0.00948	0.01066	0.00546	0.01363	0.00871	0.02052	0.00969	0.11724	0.00915	0.00608	0.00353	0.00158	0.00380	0.00424	0.00324	0.00527
3	0.00682	0.05549	0.00706	0.00585	0.00747	0.00544	0.00453	0.00852	0.01209	0.01557	0.30807	0.04026	0.43989	0.01252	0.04685	0.00193	0.00319	0.00924	0.00468	0.00453
4	0.01093	0.00982	0.01520	0.51124	0.15501	0.01117	0.01272	0.09915	0.01178	0.01570	0.01051	0.01378	0.02997	0.00513	0.00491	0.00155	0.00606	0.00451	0.00269	0.06817
5	0.01180	0.01103	0.01875	0.09954	0.66770	0.01123	0.01437	0.01442	0.01087	0.01541	0.00928	0.01263	0.00784	0.00543	0.00600	0.06372	0.00587	0.00443	0.00242	0.00726
6	0.70182	0.00902	0.00769	0.06529	0.01106	0.01042	0.00583	0.01366	0.00857	0.02039	0.00867	0.05185	0.00769	0.05547	0.00476	0.00178	0.00407	0.00369	0.00310	0.00519
7	0.01261	0.67570	0.02377	0.05111	0.06136	0.01770	0.00894	0.01443	0.01048	0.01266	0.06435	0.01067	0.00946	0.00474	0.00359	0.00116	0.00522	0.00333	0.00240	0.00632
8	0.01092	0.01005	0.07173	0.66398	0.03096	0.01069	0.01344	0.01426	0.01049	0.10139	0.01008	0.01350	0.00726	0.00510	0.00497	0.00164	0.00643	0.00444	0.00265	0.00600
9	0.00684	0.00570	0.00577	0.00552	0.00737	0.00503	0.00420	0.06329	0.01224	0.01477	0.04769	0.04534	0.73461	0.01214	0.00583	0.00167	0.00274	0.01008	0.00465	0.00452
10	0.00771	0.00561	0.00814	0.00826	0.00924	0.00535	0.06118	0.00969	0.05744	0.05383	0.02536	0.67205	0.02897	0.01376	0.00618	0.00195	0.00343	0.01257	0.00458	0.00471
11	0.01095	0.02236	0.63088	0.01337	0.02000	0.01103	0.03776	0.01663	0.05062	0.06396	0.01021	0.01140	0.00725	0.00484	0.00473	0.00152	0.00676	0.00387	0.00258	0.06926
12	0.05955	0.00551	0.00712	0.04782	0.00890	0.00540	0.00519	0.00969	0.01300	0.01893	0.64575	0.03261	0.03960	0.01010	0.00665	0.06379	0.00281	0.00805	0.00493	0.00460
13	0.01862	0.02376	0.01413	0.01284	0.01541	0.80482	0.00963	0.01990	0.01413	0.01220	0.00770	0.00899	0.00642	0.00514	0.00449	0.00128	0.00899	0.00321	0.00257	0.00578
14	0.44783	0.01506	0.01096	0.01017	0.03910	0.29483	0.00770	0.06316	0.01148	0.01870	0.00759	0.00890	0.00608	0.00504	0.00426	0.00147	0.03580	0.00311	0.00296	0.00581
15	0.00749	0.00577	0.02918	0.00649	0.00795	0.00494	0.00511	0.00986	0.01384	0.04090	0.70189	0.03658	0.09093	0.01007	0.00582	0.00157	0.00256	0.00885	0.00536	0.00485
16	0.01850	0.02084	0.01424	0.01240	0.01534	0.57862	0.00953	0.21175	0.04218	0.01735	0.00920	0.01006	0.00723	0.00541	0.00464	0.00135	0.00793	0.00361	0.00326	0.00653
17	0.00705	0.00510	0.00666	0.00627	0.00745	0.00470	0.00470	0.00941	0.01411	0.01999	0.79110	0.03723	0.04703	0.01019	0.00588	0.00157	0.00235	0.00901	0.00549	0.00470
18	0.01000	0.02578	0.79900	0.01421	0.02157	0.01158	0.01842	0.01579	0.01052	0.01579	0.00895	0.01052	0.00631	0.00474	0.00474	0.00158	0.00737	0.00368	0.00210	0.00737
19	0.86003	0.00964	0.00733	0.00655	0.00964	0.01118	0.00540	0.01465	0.00848	0.02236	0.00694	0.00810	0.00540	0.00463	0.00308	0.00154	0.00386	0.00270	0.00308	0.00540
20	0.02185	0.00930	0.01208	0.00926	0.01313	0.00855	0.00765	0.13724	0.01564	0.68229	0.01851	0.01622	0.01176	0.00614	0.00501	0.00154	0.00443	0.00493	0.00599	0.00848
21	0.01240	0.01071	0.01127	0.01014	0.01296	0.01240	0.00789	0.02649	0.78473	0.02085	0.02029	0.01860	0.01522	0.00676	0.00507	0.00169	0.00394	0.00564	0.00507	0.00789
22	0.01091	0.01091	0.01527	0.01309	0.01309	0.01527	0.01091	0.01200	0.00763	0.01200	0.00654	0.01091	0.00654	0.00872	0.01636	0.00218	0.81570	0.00436	0.00218	0.00545
23	0.01216	0.01166	0.01991	0.07757	0.74813	0.01180	0.01521	0.01514	0.01127	0.01607	0.00934	0.01239	0.00782	0.00447	0.00494	0.00149	0.00596	0.00444	0.00245	0.00775
24	0.01176	0.01345	0.02941	0.02101	0.02605	0.01261	0.77563	0.01597	0.01176	0.01597	0.01008	0.01345	0.00756	0.00420	0.00588	0.00168	0.00840	0.00588	0.00252	0.00672
25	0.00705	0.00510	0.00666	0.00627	0.00745	0.00470	0.00470	0.00941	0.01411	0.01999	0.79110	0.03723	0.04703	0.01019	0.00588	0.00157	0.00235	0.00901	0.00549	0.00470
26	0.00705	0.00510	0.00666	0.00627	0.00745	0.00470	0.00470	0.00941	0.01411	0.01999	0.79110	0.03723	0.04703	0.01019	0.00588	0.00157	0.00235	0.00901	0.00549	0.00470
27	0.01323	0.80571	0.04743	0.00869	0.01304	0.01950	0.00880	0.01495	0.01014	0.01184	0.00699	0.00807	0.00639	0.00428	0.00324	0.00108	0.00539	0.00269	0.00213	0.00642
28	0.00607	0.00434	0.00578	0.00694	0.00723	0.00405	0.00463	0.00694	0.00954	0.01272	0.02747	0.82157	0.03297	0.01562	0.00636	0.00202	0.00289	0.01417	0.00463	0.00405
29	0.00589	0.00505	0.00505	0.00505	0.00673	0.00421	0.00379	0.00715	0.01136	0.01347	0.05049	0.04797	0.79171	0.01262	0.00589	0.00168	0.00252	0.01052	0.00463	0.00421
30	0.01234	0.01184	0.02023	0.03059	0.79373	0.01184	0.01530	0.01530	0.01135	0.01628	0.00938	0.01234	0.00790	0.00444	0.00493	0.00148	0.00592	0.00444	0.00247	0.00790
31	0.01895	0.01396	0.01496	0.01147	0.01546	0.01546	0.00947	0.77711	0.02344	0.03141	0.01197	0.01197	0.00848	0.00598	0.00499	0.00150	0.00548	0.00449	0.00499	0.00848
32	0.86003	0.00964	0.00733	0.00655	0.00964	0.01118	0.00540	0.01465	0.00848	0.02236	0.00694	0.00810	0.00540	0.00463	0.00308	0.00154	0.00386	0.00270	0.00308	0.00540
33	0.86003	0.00964	0.00733	0.00655	0.00964	0.01118	0.00540	0.01465	0.00848	0.02236	0.00694	0.00810	0.00540	0.00463	0.00308	0.00154	0.00386	0.00270	0.00308	0.00540
34	0.01333	0.82783	0.02612	0.00853	0.01279	0.01972	0.00853	0.01493	0.01013	0.01173	0.00693	0.00800	0.00640	0.00426	0.00320	0.00107	0.00533	0.00267	0.00213	0.00640
35	0.00774	0.00520	0.00635	0.00602	0.00727	0.00496	0.00453	0.01050	0.04165	0.01958	0.57382	0.03252	0.05163	0.00912	0.00531	0.00148	0.00241	0.00793	0.19720	0.00480
36	0.00607	0.00434	0.00578	0.00694	0.00723	0.00405	0.00463	0.00694	0.00954	0.01272	0.02747	0.82157	0.03297	0.01562	0.00636	0.00202	0.00289	0.01417	0.00463	0.00405
37	0.01283	0.01081	0.01160	0.01060	0.02930	0.01241	0.00809	0.05482	0.72563	0.03525	0.01973	0.01818	0.01475	0.00667	0.00506	0.00168	0.00405	0.00556	0.00503	0.00792
38	0.00607	0.00434	0.00578	0.00694	0.00723	0.00405	0.00463	0.00694	0.00954	0.01272	0.02747	0.82157	0.03297	0.01562	0.00636	0.00202	0.00289	0.01417	0.00463	0.00405
39	0.01240	0.01074	0.01153	0.01074	0.03570	0.01238	0.00811	0.02616	0.76221	0.02072	0.01997	0.01841	0.01500	0.00669	0.00507	0.00168	0.00400	0.00560	0.00500	0.00789
40	0.00705	0.00510	0.00666	0.00627	0.00745	0.00470	0.00470	0.00941	0.01411	0.01999	0.79110	0.03723	0.04703	0.01019	0.00588	0.00157	0.00235	0.00901	0.00549	0.00470
41	0.00589	0.00505	0.00505	0.00505	0.00673	0.00421	0.00379	0.00715	0.01136	0.01347	0.05049	0.04797	0.79171	0.01262	0.00589	0.00168	0.00252	0.01052	0.00463	0.00421
42	0.01895	0.01396	0.01496	0.01147	0.01546	0.01546	0.00947	0.77711	0.02344	0.03141	0.01197	0.01197	0.00848	0.00598	0.00499	0.00150	0.00548	0.00449	0.00499	0.00848
43	0.00705	0.00510	0.00666	0.00627	0.00745	0.00470	0.00470	0.00941	0.01411	0.01999	0.79110	0.03723	0.04703	0.01019	0.00588	0.00157	0.00235	0.00901	0.00549	0.00470
44	0.01258	0.01080	0.01137	0.01018	0.01303	0.01248	0.00793	0.04737	0.76354	0.02114	0.02006	0.01841	0.01503	0.00674	0.00507	0.00169	0.00399	0.00560	0.00507	0.00791
45	0.01144	0.01055	0.01750	0.01253	0.01716	0.00890	0.29250	0.01438	0.01105	0.05303	0.00983	0.01181	0.00768	0.00400	0.00457	0.00113	0.00547	0.00414	0.00294	0.49941
46	0.01166	0.01308	0.02802	0.06911	0.07042	0.01247	0.68643	0.01573	0.01163	0.01579	0.00997	0.01337	0.00753	0.00426	0.00577	0.00167	0.00816	0.00571	0.00250	0.00672
47	0.01000	0.02578	0.79900	0.01421	0.02157	0.01158	0.01842	0.01579	0.01052	0.01579	0.00895	0.01052	0.00631	0.00474	0.00474	0.00158	0.00737	0.00368	0.00210	0.00737
48	0.02236	0.00848	0.01157	0.00887	0.01272	0.00733	0.00733	0.02429	0.01427	0.79719	0.01966	0.01697	0.01234	0.00617	0.00501	0.00154	0.00424	0.00501	0.00617	0.00848
49	0.01015	0.06353	0.76263	0.01394	0.02116	0.01196	0.01795	0.01574	0.01050	0.01559	0.00885	0.01040	0.00632	0.00471	0.00466	0.00155	0.00727	0.00364	0.00211	0.00732
50	0.00969	0.00914	0.01545	0.73863	0.10637	0.01115	0.01398	0.01298	0.01010	0.01307	0.00891	0.01320	0.00676	0.00493	0.00498	0.00164	0.00658	0.00443	0.00224	0.00576
51	0.00607	0.00434	0.00578	0.00694	0.00723	0.00405	0.00463	0.00694	0.00954	0.01272	0.02747	0.82157	0.03297	0.01562	0.00636	0.00202	0.00289	0.01417	0.00463	0.00405
52	0.01000	0.02578	0.79900	0.01421	0.02157	0.01158	0.01842	0.01579	0.01052	0.01579	0.00895	0.01052	0.00631	0.00474	0.00474	0.00158	0.00737	0.00368	0.00210	0.00737
53	0.01034	0.00886	0.01034	0.00738	0.01181	0.00664	0.00591	0.01255	0.01034	0.01624	0.00886	0.01034	0.00738	0.00369	0.00369	0.00074	0.00369	0.00295	0.00295	0.85530
54	0.03082	0.00975	0.01111	0.00929	0.01159	0.06715	0.08995	0.14663	0.13877	0.01886	0.01512	0.01887	0.02458	0.14881	0.00819	0.00203	0.00476	0.00531	0.23255	0.00587
55	0.01084	0.22994	0.60227	0.01276	0.01934	0.01365	0.01590	0.01557	0.01042	0.01475	0.00843	0.00988	0.00634	0.00462	0.00434	0.00145	0.00685	0.00342	0.00211	0.00712
56	0.01279	0.69859	0.15065	0.00944	0.01421	0.01841	0.01012	0.01506	0.01019	0.01238	0.00725	0.00840	0.00638	0.00434	0.00345	0.00115	0.00566	0.00283	0.00213	0.00655

[dist]
# distance from previous block
# <min> <max>
1	18

[block]
# block no. 3 follows, 50 sequences, length 22
# corresponding to MSA columns:
# 306-327
name=unknown_D
#
# <colnr> <probs for GDERKNQSTAVLIFYWHMCP>
#	G	D	E	R	K	N	Q	S	T	A	V	L	I	F	Y	W	H	M	C	P
0	0.00751	0.00598	0.00966	0.00898	0.01017	0.00670	0.06913	0.00942	0.00829	0.01186	0.01317	0.01958	0.01228	0.06494	0.70963	0.00737	0.01262	0.00546	0.00267	0.00458
1	0.01652	0.01216	0.01528	0.01188	0.01547	0.10464	0.14915	0.19030	0.05544	0.23300	0.10680	0.01657	0.01405	0.00609	0.00518	0.00152	0.00559	0.00530	0.00458	0.03048
2	0.01140	0.00861	0.01137	0.12014	0.03870	0.00967	0.00843	0.22671	0.01299	0.03500	0.01230	0.01601	0.01026	0.02074	0.38730	0.00460	0.00927	0.00486	0.02247	0.02917
3	0.00661	0.00515	0.00632	0.00624	0.00753	0.00490	0.00474	0.00830	0.01119	0.01476	0.24726	0.03767	0.35062	0.03847	0.20642	0.00333	0.00529	0.02649	0.00434	0.00439
4	0.01333	0.82783	0.02612	0.00853	0.01279	0.01972	0.00853	0.01493	0.01013	0.01173	0.00693	0.00800	0.00640	0.00426	0.00320	0.00107	0.00533	0.00267	0.00213	0.00640
5	0.00712	0.00534	0.00801	0.00801	0.00890	0.00623	0.00623	0.00890	0.00801	0.01157	0.01335	0.01958	0.01246	0.03738	0.80507	0.00801	0.01335	0.00534	0.00267	0.00445
6	0.01785	0.01341	0.01434	0.01125	0.01504	0.01494	0.00921	0.65073	0.15161	0.02964	0.01337	0.01308	0.00961	0.00611	0.00500	0.00153	0.00523	0.00468	0.00500	0.00838
7	0.01102	0.27161	0.56211	0.01247	0.01888	0.01407	0.01539	0.01552	0.01040	0.01454	0.00833	0.00975	0.00634	0.00459	0.00426	0.00142	0.00674	0.00337	0.00211	0.00707
8	0.01234	0.01184	0.02023	0.03059	0.79373	0.01184	0.01530	0.01530	0.01135	0.01628	0.00938	0.01234	0.00790	0.00444	0.00493	0.00148	0.00592	0.00444	0.00247	0.00790
9	0.00941	0.00886	0.01495	0.81285	0.03433	0.01107	0.01384	0.01274	0.00997	0.01274	0.00886	0.01329	0.00664	0.00498	0.00498	0.00166	0.00664	0.00443	0.00221	0.00554
10	0.01895	0.01396	0.01496	0.01147	0.01546	0.01546	0.00947	0.77711	0.02344	0.03141	0.01197	0.01197	0.00848	0.00598	0.00499	0.00150	0.00548	0.00449	0.00499	0.00848
11	0.00607	0.00434	0.00578	0.00694	0.00723	0.00405	0.00463	0.00694	0.00954	0.01272	0.02747	0.82157	0.03297	0.01562	0.00636	0.00202	0.00289	0.01417	0.00463	0.00405
12	0.01034	0.00886	0.01034	0.00738	0.01181	0.00664	0.00591	0.01255	0.01034	0.01624	0.00886	0.01034	0.00738	0.00369	0.00369	0.00074	0.00369	0.00295	0.00295	0.85530
13	0.00609	0.00506	0.00532	0.00526	0.00685	0.00429	0.00394	0.00753	0.01182	0.01456	0.17519	0.04616	0.66633	0.01221	0.00589	0.00166	0.00250	0.01027	0.00477	0.00429
14	0.01895	0.01396	0.01496	0.01147	0.01546	0.01546	0.00947	0.77711	0.02344	0.03141	0.01197	0.01197	0.00848	0.00598	0.00499	0.00150	0.00548	0.00449	0.00499	0.00848
15	0.00639	0.00507	0.00574	0.00557	0.00704	0.00442	0.00418	0.00812	0.01254	0.01626	0.36779	0.04337	0.47267	0.01158	0.00589	0.00163	0.00245	0.00987	0.00500	0.00442
16	0.01034	0.00886	0.01034	0.00738	0.01181	0.00664	0.00591	0.01255	0.01034	0.01624	0.00886	0.01034	0.00738	0.00369	0.00369	0.00074	0.00369	0.00295	0.00295	0.85530
17	0.01333	0.82783	0.02612	0.00853	0.01279	0.01972	0.00853	0.01493	0.01013	0.01173	0.00693	0.00800	0.00640	0.00426	0.00320	0.00107	0.00533	0.00267	0.00213	0.00640
18	0.00712	0.00534	0.00801	0.00801	0.00890	0.00623	0.00623	0.00890	0.00801	0.01157	0.01335	0.01958	0.01246	0.03738	0.80507	0.00801	0.01335	0.00534	0.00267	0.00445
19	0.04628	0.01145	0.01439	0.14702	0.01663	0.07143	0.01070	0.07126	0.00989	0.01410	0.00914	0.01256	0.03684	0.00761	0.01176	0.00193	0.49431	0.00447	0.00256	0.00567
20	0.00707	0.00534	0.00681	0.00664	0.00788	0.00531	0.00503	0.00946	0.04270	0.01604	0.34380	0.05925	0.18914	0.01821	0.22881	0.00340	0.00554	0.00822	0.02670	0.00464
21	0.00949	0.00897	0.01040	0.27438	0.01754	0.11366	0.00843	0.03091	0.01229	0.01559	0.27230	0.10640	0.08315	0.00843	0.00543	0.00161	0.00481	0.00725	0.00385	0.00511

[dist]
# distance from previous block
# <min> <max>
3	5

[block]
# block no. 4 follows, 50 sequences, length 90
# corresponding to MSA columns:
# 333-377,379-415,418-425
name=unknown_E
#
# <colnr> <probs for GDERKNQSTAVLIFYWHMCP>
#	G	D	E	R	K	N	Q	S	T	A	V	L	I	F	Y	W	H	M	C	P
0	0.54099	0.01055	0.01052	0.00911	0.01127	0.03282	0.02061	0.02881	0.00871	0.01892	0.00699	0.00917	0.00588	0.00595	0.00737	0.00174	0.25896	0.00332	0.00282	0.00551
1	0.01016	0.07933	0.64822	0.11278	0.02254	0.01208	0.01716	0.01535	0.01043	0.01513	0.00879	0.01069	0.00636	0.00473	0.00466	0.00155	0.00714	0.00371	0.00212	0.00707
2	0.01112	0.01003	0.01590	0.57257	0.16884	0.01176	0.01356	0.10792	0.01188	0.01569	0.00934	0.01295	0.00710	0.00501	0.00497	0.00161	0.00637	0.00444	0.00260	0.00633
3	0.00714	0.00526	0.00759	0.00759	0.00834	0.00600	0.00571	0.00863	0.00789	0.01126	0.01373	0.02170	0.01338	0.16560	0.67812	0.00749	0.01196	0.00565	0.00273	0.00422
4	0.00822	0.00538	0.00687	0.00634	0.00781	0.00486	0.00481	0.01039	0.01377	0.08571	0.62912	0.03689	0.14049	0.01016	0.00581	0.00158	0.00254	0.00887	0.00543	0.00496
5	0.01097	0.00623	0.00811	0.00707	0.00897	0.00575	0.00549	0.04598	0.01455	0.19308	0.58602	0.03164	0.03766	0.00911	0.00565	0.00156	0.00291	0.00793	0.00562	0.00571
6	0.00725	0.00485	0.00550	0.00550	0.00552	0.00487	0.00310	0.00729	0.00727	0.00971	0.01565	0.03229	0.01798	0.80483	0.04517	0.00491	0.00505	0.00720	0.00301	0.00306
7	0.01862	0.02376	0.01413	0.01284	0.01541	0.80482	0.00963	0.01990	0.01413	0.01220	0.00770	0.00899	0.00642	0.00514	0.00449	0.00128	0.00899	0.00321	0.00257	0.00578
8	0.00639	0.00507	0.00575	0.00558	0.00704	0.00442	0.00418	0.00813	0.01255	0.01628	0.37043	0.04333	0.47002	0.01157	0.00589	0.00163	0.00245	0.00987	0.00500	0.00442
9	0.00930	0.00855	0.01220	0.01094	0.01132	0.01144	0.00893	0.01069	0.00779	0.01182	0.00942	0.01458	0.00905	0.02085	0.35000	0.00465	0.47629	0.00478	0.00239	0.00503
10	0.00803	0.00574	0.00803	0.00918	0.01033	0.00574	0.00803	0.01033	0.01147	0.01492	0.02639	0.05622	0.02869	0.01377	0.00688	0.00229	0.00459	0.76018	0.00459	0.00459
11	0.02236	0.00848	0.01157	0.00887	0.01272	0.00733	0.00733	0.02429	0.01427	0.79719	0.01966	0.01697	0.01234	0.00617	0.00501	0.00154	0.00424	0.00501	0.00617	0.00848
12	0.86003	0.00964	0.00733	0.00655	0.00964	0.01118	0.00540	0.01465	0.00848	0.02236	0.00694	0.00810	0.00540	0.00463	0.00308	0.00154	0.00386	0.00270	0.00308	0.00540
13	0.00941	0.00886	0.01495	0.81285	0.03433	0.01107	0.01384	0.01274	0.00997	0.01274	0.00886	0.01329	0.00664	0.00498	0.00498	0.00166	0.00664	0.00443	0.00221	0.00554
14	0.01104	0.01129	0.01741	0.01429	0.01505	0.01486	0.12665	0.01260	0.00826	0.01260	0.00708	0.01129	0.00670	0.00804	0.01477	0.00211	0.69351	0.00459	0.00223	0.00564
15	0.00607	0.00434	0.00578	0.00694	0.00723	0.00405	0.00463	0.00694	0.00954	0.01272	0.02747	0.82157	0.03297	0.01562	0.00636	0.00202	0.00289	0.01417	0.00463	0.00405
16	0.00929	0.00465	0.00465	0.00465	0.00581	0.00465	0.00348	0.01161	0.01045	0.01858	0.01626	0.01858	0.01278	0.00581	0.00348	0.00116	0.00232	0.00465	0.85250	0.00465
17	0.01895	0.01396	0.01496	0.01147	0.01546	0.01546	0.00947	0.77711	0.02344	0.03141	0.01197	0.01197	0.00848	0.00598	0.00499	0.00150	0.00548	0.00449	0.00499	0.00848
18	0.00953	0.00898	0.01516	0.78121	0.06505	0.01111	0.01390	0.01284	0.01002	0.01288	0.00888	0.01325	0.00670	0.00496	0.00498	0.00165	0.00662	0.00443	0.00223	0.00563
19	0.00941	0.00886	0.01495	0.81285	0.03433	0.01107	0.01384	0.01274	0.00997	0.01274	0.00886	0.01329	0.00664	0.00498	0.00498	0.00166	0.00664	0.00443	0.00221	0.00554
20	0.00712	0.00534	0.00801	0.00801	0.00890	0.00623	0.00623	0.00890	0.00801	0.01157	0.01335	0.01958	0.01246	0.03738	0.80507	0.00801	0.01335	0.00534	0.00267	0.00445
21	0.01029	0.00933	0.01495	0.73885	0.03259	0.01148	0.01344	0.08332	0.01121	0.01446	0.00915	0.01317	0.00681	0.00508	0.00498	0.00165	0.00654	0.00444	0.00247	0.00581
22	0.01000	0.02578	0.79900	0.01421	0.02157	0.01158	0.01842	0.01579	0.01052	0.01579	0.00895	0.01052	0.00631	0.00474	0.00474	0.00158	0.00737	0.00368	0.00210	0.00737
23	0.00725	0.00483	0.00544	0.00544	0.00544	0.00483	0.00302	0.00725	0.00725	0.00966	0.01571	0.03262	0.01812	0.82483	0.02537	0.00483	0.00483	0.00725	0.00302	0.00302
24	0.02109	0.00975	0.01225	0.00942	0.01321	0.00929	0.00774	0.21187	0.01636	0.58424	0.01763	0.01615	0.01153	0.02864	0.00557	0.00162	0.00457	0.00494	0.00579	0.00833
25	0.01928	0.01479	0.01375	0.01348	0.12425	0.30956	0.00934	0.02142	0.03336	0.37024	0.01370	0.01334	0.00955	0.00555	0.00481	0.00144	0.00627	0.00427	0.00426	0.00736
26	0.00607	0.00434	0.00578	0.00694	0.00723	0.00405	0.00463	0.00694	0.00954	0.01272	0.02747	0.82157	0.03297	0.01562	0.00636	0.00202	0.00289	0.01417	0.00463	0.00405
27	0.01108	0.01120	0.01524	0.01308	0.01314	0.03368	0.01088	0.01218	0.00778	0.01200	0.00657	0.01086	0.00654	0.00864	0.01608	0.00216	0.79689	0.00434	0.00219	0.00546
28	0.01271	0.01100	0.01350	0.01164	0.01414	0.10759	0.11784	0.13613	0.06812	0.06291	0.05635	0.07359	0.01798	0.00886	0.00626	0.00181	0.04266	0.22660	0.00417	0.00613
29	0.01596	0.12657	0.01555	0.01065	0.01411	0.09838	0.11283	0.03907	0.07276	0.29492	0.05036	0.04647	0.06724	0.00652	0.00497	0.00150	0.00525	0.00552	0.00439	0.00698
30	0.00607	0.00434	0.00578	0.00694	0.00723	0.00405	0.00463	0.00694	0.00954	0.01272	0.02747	0.82157	0.03297	0.01562	0.00636	0.00202	0.00289	0.01417	0.00463	0.00405
31	0.01166	0.01116	0.01902	0.21075	0.61884	0.01167	0.01496	0.01471	0.01103	0.01547	0.00926	0.01256	0.00761	0.00457	0.00495	0.00152	0.00609	0.00444	0.00241	0.00735
32	0.01213	0.01164	0.01987	0.08486	0.74105	0.01179	0.01520	0.01512	0.01125	0.01604	0.00934	0.01240	0.00781	0.00448	0.00494	0.00149	0.00597	0.00444	0.00245	0.00773
33	0.01009	0.04898	0.77664	0.01404	0.02132	0.01181	0.01813	0.01576	0.01051	0.01567	0.00889	0.01045	0.00632	0.00472	0.00469	0.00156	0.00731	0.00365	0.00211	0.00734
34	0.00725	0.00483	0.00544	0.00544	0.00544	0.00483	0.00302	0.00725	0.00725	0.00966	0.01571	0.03262	0.01812	0.82483	0.02537	0.00483	0.00483	0.00725	0.00302	0.00302
35	0.00813	0.00632	0.00739	0.00688	0.00872	0.00594	0.02719	0.05725	0.07061	0.04352	0.11907	0.13882	0.44321	0.01144	0.00582	0.00171	0.00312	0.02505	0.00477	0.00501
36	0.86003	0.00964	0.00733	0.00655	0.00964	0.01118	0.00540	0.01465	0.00848	0.02236	0.00694	0.00810	0.00540	0.00463	0.00308	0.00154	0.00386	0.00270	0.00308	0.00540
37	0.00724	0.00487	0.00564	0.00564	0.00571	0.00494	0.00327	0.00738	0.00731	0.00981	0.01552	0.03161	0.01768	0.76375	0.08584	0.00508	0.00549	0.00710	0.00299	0.00313
38	0.01797	0.04262	0.01422	0.01211	0.01502	0.55033	0.00933	0.14352	0.09664	0.03710	0.01002	0.01067	0.00784	0.00545	0.00461	0.00136	0.00766	0.00371	0.00331	0.00653
39	0.00725	0.00483	0.00544	0.00544	0.00544	0.00483	0.00302	0.00725	0.00725	0.00966	0.01571	0.03262	0.01812	0.82483	0.02537	0.00483	0.00483	0.00725	0.00302	0.00302
40	0.01034	0.00886	0.01034	0.00738	0.01181	0.00664	0.00591	0.01255	0.01034	0.01624	0.00886	0.01034	0.00738	0.00369	0.00369	0.00074	0.00369	0.00295	0.00295	0.85530
41	0.01234	0.01184	0.02023	0.03059	0.79373	0.01184	0.01530	0.01530	0.01135	0.01628	0.00938	0.01234	0.00790	0.00444	0.00493	0.00148	0.00592	0.00444	0.00247	0.00790
42	0.00621	0.00446	0.00586	0.00694	0.00732	0.00417	0.00472	0.00714	0.00965	0.01278	0.02798	0.72540	0.06297	0.04032	0.00696	0.00211	0.00303	0.05336	0.00458	0.00405
43	0.01034	0.00886	0.01034	0.00738	0.01181	0.00664	0.00591	0.01255	0.01034	0.01624	0.00886	0.01034	0.00738	0.00369	0.00369	0.00074	0.00369	0.00295	0.00295	0.85530
44	0.86003	0.00964	0.00733	0.00655	0.00964	0.01118	0.00540	0.01465	0.00848	0.02236	0.00694	0.00810	0.00540	0.00463	0.00308	0.00154	0.00386	0.00270	0.00308	0.00540
45	0.01234	0.01184	0.02023	0.03059	0.79373	0.01184	0.01530	0.01530	0.01135	0.01628	0.00938	0.01234	0.00790	0.00444	0.00493	0.00148	0.00592	0.00444	0.00247	0.00790
46	0.00866	0.00433	0.00649	0.00649	0.00649	0.00433	0.00433	0.00649	0.00649	0.00866	0.00866	0.01515	0.00866	0.01732	0.01948	0.85498	0.00433	0.00433	0.00216	0.00216
47	0.01034	0.00886	0.01034	0.00738	0.01181	0.00664	0.00591	0.01255	0.01034	0.01624	0.00886	0.01034	0.00738	0.00369	0.00369	0.00074	0.00369	0.00295	0.00295	0.85530
48	0.00725	0.00483	0.00544	0.00544	0.00544	0.00483	0.00302	0.00725	0.00725	0.00966	0.01571	0.03262	0.01812	0.82483	0.02537	0.00483	0.00483	0.00725	0.00302	0.00302
49	0.01329	0.01265	0.02023	0.01545	0.01928	0.07385	0.37846	0.03852	0.20612	0.08421	0.03629	0.01646	0.01152	0.00566	0.00572	0.00166	0.02364	0.02631	0.00367	0.00699
50	0.00607	0.00434	0.00578	0.00694	0.00723	0.00405	0.00463	0.00694	0.00954	0.01272	0.02747	0.82157	0.03297	0.01562	0.00636	0.00202	0.00289	0.01417	0.00463	0.00405
51	0.01882	0.01415	0.01487	0.01148	0.01541	0.03554	0.00945	0.74411	0.03708	0.03073	0.01201	0.01201	0.00855	0.00598	0.00498	0.00149	0.00555	0.00448	0.00493	0.00840
52	0.08290	0.04646	0.70993	0.01340	0.02031	0.01177	0.01703	0.01566	0.01034	0.01624	0.00872	0.01025	0.00624	0.00471	0.00455	0.00156	0.00701	0.00357	0.00219	0.00717
53	0.01141	0.01288	0.02794	0.02013	0.02488	0.01207	0.72768	0.01541	0.01163	0.01576	0.01117	0.06370	0.00914	0.00491	0.00591	0.00170	0.00806	0.00640	0.00265	0.00656
54	0.01176	0.01345	0.02941	0.02101	0.02605	0.01261	0.77563	0.01597	0.01176	0.01597	0.01008	0.01345	0.00756	0.00420	0.00588	0.00168	0.00840	0.00588	0.00252	0.00672
55	0.00616	0.00440	0.00586	0.00688	0.00725	0.00410	0.00463	0.00715	0.00993	0.01335	0.09288	0.75439	0.03417	0.01515	0.00632	0.00199	0.00285	0.01373	0.00470	0.00410
56	0.01333	0.82783	0.02612	0.00853	0.01279	0.01972	0.00853	0.01493	0.01013	0.01173	0.00693	0.00800	0.00640	0.00426	0.00320	0.00107	0.00533	0.00267	0.00213	0.00640
57	0.09133	0.00989	0.01265	0.00985	0.01362	0.00967	0.04968	0.13361	0.09694	0.49371	0.01700	0.01546	0.01123	0.00597	0.00490	0.00156	0.00459	0.00485	0.00542	0.00806
58	0.00941	0.00886	0.01495	0.81285	0.03433	0.01107	0.01384	0.01274	0.00997	0.01274	0.00886	0.01329	0.00664	0.00498	0.00498	0.00166	0.00664	0.00443	0.00221	0.00554
59	0.00941	0.00886	0.01495	0.81285	0.03433	0.01107	0.01384	0.01274	0.00997	0.01274	0.00886	0.01329	0.00664	0.00498	0.00498	0.00166	0.00664	0.00443	0.00221	0.00554
60	0.00941	0.00886	0.01495	0.81285	0.03433	0.01107	0.01384	0.01274	0.00997	0.01274	0.00886	0.01329	0.00664	0.00498	0.00498	0.00166	0.00664	0.00443	0.00221	0.00554
61	0.86003	0.00964	0.00733	0.00655	0.00964	0.01118	0.00540	0.01465	0.00848	0.02236	0.00694	0.00810	0.00540	0.00463	0.00308	0.00154	0.00386	0.00270	0.00308	0.00540
62	0.00607	0.00434	0.00578	0.00694	0.00723	0.00405	0.00463	0.00694	0.00954	0.01272	0.02747	0.82157	0.03297	0.01562	0.00636	0.00202	0.00289	0.01417	0.00463	0.00405
63	0.01000	0.02578	0.79900	0.01421	0.02157	0.01158	0.01842	0.01579	0.01052	0.01579	0.00895	0.01052	0.00631	0.00474	0.00474	0.00158	0.00737	0.00368	0.00210	0.00737
64	0.01089	0.01205	0.02578	0.01885	0.02316	0.01129	0.65720	0.01458	0.01142	0.01547	0.01276	0.13758	0.01147	0.00595	0.00596	0.00173	0.00756	0.00716	0.00284	0.00631
65	0.00712	0.00534	0.00801	0.00801	0.00890	0.00623	0.00623	0.00890	0.00801	0.01157	0.01335	0.01958	0.01246	0.03738	0.80507	0.00801	0.01335	0.00534	0.00267	0.00445
66	0.00612	0.00437	0.00584	0.00700	0.00731	0.00409	0.00472	0.00703	0.00959	0.01278	0.02744	0.80122	0.03285	0.01557	0.00638	0.00203	0.00294	0.03401	0.00463	0.00406
67	0.01000	0.02578	0.79900	0.01421	0.02157	0.01158	0.01842	0.01579	0.01052	0.01579	0.00895	0.01052	0.00631	0.00474	0.00474	0.00158	0.00737	0.00368	0.00210	0.00737
68	0.01192	0.01142	0.01948	0.14127	0.68629	0.01173	0.01509	0.01493	0.01115	0.01578	0.00930	0.01247	0.00772	0.00452	0.00494	0.00151	0.00602	0.00444	0.00243	0.00756
69	0.00705	0.00510	0.00666	0.00627	0.00745	0.00470	0.00470	0.00941	0.01411	0.01999	0.79110	0.03723	0.04703	0.01019	0.00588	0.00157	0.00235	0.00901	0.00549	0.00470
70	0.00929	0.00465	0.00465	0.00465	0.00581	0.00465	0.00348	0.01161	0.01045	0.01858	0.01626	0.01858	0.01278	0.00581	0.00348	0.00116	0.00232	0.00465	0.85250	0.00465
71	0.02236	0.00848	0.01157	0.00887	0.01272	0.00733	0.00733	0.02429	0.01427	0.79719	0.01966	0.01697	0.01234	0.00617	0.00501	0.00154	0.00424	0.00501	0.00617	0.00848
72	0.00701	0.00509	0.00660	0.00622	0.00742	0.00468	0.00467	0.00932	0.01400	0.01974	0.76249	0.03765	0.07580	0.01028	0.00588	0.00157	0.00236	0.00907	0.00545	0.00468
73	0.00941	0.00886	0.01495	0.81285	0.03433	0.01107	0.01384	0.01274	0.00997	0.01274	0.00886	0.01329	0.00664	0.00498	0.00498	0.00166	0.00664	0.00443	0.00221	0.00554
74	0.00732	0.00516	0.00672	0.00629	0.00753	0.00474	0.00473	0.00964	0.01405	0.03453	0.75955	0.03710	0.06345	0.01017	0.00586	0.00157	0.00239	0.00897	0.00548	0.00476
75	0.00589	0.00505	0.00505	0.00505	0.00673	0.00421	0.00379	0.00715	0.01136	0.01347	0.05049	0.04797	0.79171	0.01262	0.00589	0.00168	0.00252	0.01052	0.00463	0.00421
76	0.02236	0.00848	0.01157	0.00887	0.01272	0.00733	0.00733	0.02429	0.01427	0.79719	0.01966	0.01697	0.01234	0.00617	0.00501	0.00154	0.00424	0.00501	0.00617	0.00848
77	0.01009	0.04796	0.77763	0.01405	0.02133	0.01180	0.01814	0.01576	0.01051	0.01567	0.00889	0.01045	0.00632	0.00472	0.00469	0.00156	0.00731	0.00366	0.00211	0.00734
78	0.01833	0.01337	0.01430	0.01103	0.01484	0.01477	0.00909	0.72846	0.02261	0.03060	0.01224	0.01239	0.00875	0.00597	0.00489	0.00147	0.00528	0.00450	0.05885	0.00823
79	0.01288	0.71930	0.13070	0.00930	0.01398	0.01862	0.00987	0.01504	0.01018	0.01228	0.00720	0.00834	0.00639	0.00433	0.00341	0.00114	0.00561	0.00280	0.00213	0.00653
80	0.01523	0.00720	0.00902	0.00743	0.01027	0.00634	0.00595	0.04746	0.01341	0.42674	0.07692	0.02863	0.28267	0.00894	0.00577	0.02527	0.00359	0.00711	0.00544	0.00660
81	0.00767	0.00550	0.00752	0.00810	0.00926	0.00535	0.00680	0.00999	0.01245	0.01680	0.31042	0.04917	0.03550	0.01244	0.00651	0.00202	0.00376	0.48118	0.00492	0.00463
82	0.01169	0.01323	0.02820	0.02033	0.02494	0.01283	0.71013	0.01563	0.01141	0.01563	0.00978	0.01323	0.00748	0.00459	0.00678	0.00172	0.07755	0.00575	0.00249	0.00661
83	0.01092	0.20726	0.55688	0.01377	0.04184	0.01350	0.05935	0.01559	0.01053	0.01489	0.00856	0.01017	0.00645	0.00459	0.00446	0.00146	0.00692	0.00360	0.00215	0.00712
84	0.00725	0.00483	0.00544	0.00544	0.00544	0.00483	0.00302	0.00725	0.00725	0.00966	0.01571	0.03262	0.01812	0.82483	0.02537	0.00483	0.00483	0.00725	0.00302	0.00302
85	0.00607	0.00434	0.00578	0.00694	0.00723	0.00405	0.00463	0.00694	0.00954	0.01272	0.02747	0.82157	0.03297	0.01562	0.00636	0.00202	0.00289	0.01417	0.00463	0.00405
86	0.01359	0.01057	0.01140	0.01005	0.01301	0.01197	0.00788	0.04702	0.68541	0.10001	0.01999	0.01825	0.01474	0.00668	0.00506	0.00167	0.00402	0.00554	0.00518	0.00797
87	0.01323	0.80557	0.04756	0.00869	0.01304	0.01950	0.00880	0.01495	0.01014	0.01184	0.00699	0.00807	0.00639	0.00428	0.00324	0.00108	0.00539	0.00269	0.00213	0.00642
88	0.03660	0.01124	0.01525	0.27729	0.02187	0.03655	0.10346	0.19837	0.14417	0.03328	0.01210	0.01385	0.00898	0.00545	0.00495	0.00157	0.00583	0.00473	0.04089	0.02357
89	0.04425	0.31348	0.19885	0.00917	0.01271	0.01191	0.00930	0.01234	0.01002	0.01360	0.03402	0.26587	0.01593	0.02154	0.00498	0.00158	0.00490	0.00676	0.00305	0.00575

[dist]
# distance from previous block
# <min> <max>
2	6

[block]
# block no. 5 follows, 50 sequences, length 96
# corresponding to MSA columns:
# 443-455,457-484,486-525,529-543
name=unknown_F
#
# <colnr> <probs for GDERKNQSTAVLIFYWHMCP>
#	G	D	E	R	K	N	Q	S	T	A	V	L	I	F	Y	W	H	M	C	P
0	0.01591	0.01773	0.01746	0.01407	0.01741	0.40977	0.21781	0.09322	0.01413	0.04416	0.01175	0.01317	0.04810	0.00542	0.00498	0.00144	0.00772	0.00456	0.03492	0.00628
1	0.29787	0.05219	0.01035	0.00789	0.01117	0.05139	0.00645	0.07502	0.02938	0.18568	0.05421	0.01573	0.07746	0.00598	0.00422	0.00143	0.00420	0.00444	0.00410	0.10087
2	0.01539	0.01182	0.01274	0.00985	0.01370	0.02501	0.00800	0.42714	0.08904	0.04480	0.01404	0.01410	0.04998	0.00577	0.00468	0.00131	0.00472	0.00448	0.00441	0.23900
3	0.01383	0.00859	0.01046	0.00778	0.01185	0.00686	0.00627	0.01617	0.02893	0.25482	0.01458	0.01450	0.04973	0.00498	0.00424	0.00105	0.00380	0.00403	0.00407	0.53346
4	0.00705	0.00510	0.00666	0.00627	0.00745	0.00470	0.00470	0.00941	0.01411	0.01999	0.79110	0.03723	0.04703	0.01019	0.00588	0.00157	0.00235	0.00901	0.00549	0.00470
5	0.01296	0.73854	0.11216	0.00916	0.01377	0.01882	0.00963	0.01502	0.01017	0.01218	0.00715	0.00828	0.00639	0.00432	0.00337	0.00112	0.00556	0.00278	0.00213	0.00650
6	0.00605	0.00443	0.00568	0.00668	0.00716	0.00407	0.00451	0.00697	0.00979	0.01282	0.03060	0.71644	0.13608	0.01521	0.00630	0.00198	0.00284	0.01367	0.00463	0.00407
7	0.01234	0.01184	0.02023	0.03059	0.79373	0.01184	0.01530	0.01530	0.01135	0.01628	0.00938	0.01234	0.00790	0.00444	0.00493	0.00148	0.00592	0.00444	0.00247	0.00790
8	0.00676	0.00508	0.00626	0.00597	0.00727	0.00458	0.00447	0.00884	0.01342	0.01836	0.60591	0.03992	0.23324	0.01080	0.00588	0.00160	0.00239	0.00939	0.00527	0.00458
9	0.00683	0.00536	0.00811	0.00837	0.00926	0.00503	0.07221	0.00820	0.01009	0.01334	0.02700	0.60706	0.06951	0.01422	0.00637	0.00201	0.00358	0.11464	0.00444	0.00436
10	0.00615	0.00439	0.00587	0.00703	0.00735	0.00412	0.00476	0.00708	0.00962	0.01281	0.02743	0.79102	0.03280	0.01554	0.00638	0.00204	0.00296	0.04396	0.00463	0.00407
11	0.01034	0.00886	0.01034	0.00738	0.01181	0.00664	0.00591	0.01255	0.01034	0.01624	0.00886	0.01034	0.00738	0.00369	0.00369	0.00074	0.00369	0.00295	0.00295	0.85530
12	0.01333	0.82783	0.02612	0.00853	0.01279	0.01972	0.00853	0.01493	0.01013	0.01173	0.00693	0.00800	0.00640	0.00426	0.00320	0.00107	0.00533	0.00267	0.00213	0.00640
13	0.01011	0.00969	0.01614	0.56859	0.14316	0.01180	0.03317	0.01310	0.00990	0.01324	0.00865	0.01283	0.00684	0.00539	0.00654	0.00171	0.11653	0.00446	0.00226	0.00590
14	0.01163	0.10604	0.59846	0.01345	0.01988	0.07585	0.03123	0.04475	0.01135	0.03021	0.00898	0.01038	0.00655	0.00478	0.00460	0.00150	0.00718	0.00364	0.00234	0.00719
15	0.00686	0.00507	0.00640	0.00610	0.00733	0.00461	0.00456	0.00901	0.01359	0.01883	0.66146	0.05568	0.16064	0.01068	0.00589	0.00160	0.00239	0.00936	0.00534	0.00461
16	0.00809	0.00585	0.00723	0.00675	0.00823	0.00560	0.00515	0.03628	0.06476	0.03947	0.57542	0.05549	0.11735	0.01022	0.00582	0.00162	0.00271	0.03357	0.00532	0.00507
17	0.01233	0.01016	0.01090	0.00977	0.01249	0.01157	0.00760	0.02498	0.69172	0.04991	0.08438	0.02009	0.01775	0.00703	0.00514	0.00167	0.00382	0.00589	0.00515	0.00765
18	0.00688	0.00509	0.00642	0.00609	0.00734	0.00463	0.00457	0.00907	0.01370	0.01901	0.68001	0.03884	0.15874	0.01056	0.00588	0.00159	0.00238	0.00924	0.00536	0.00463
19	0.01560	0.01233	0.01311	0.05230	0.01513	0.03829	0.00887	0.36990	0.33651	0.04243	0.01538	0.01494	0.01128	0.00623	0.00497	0.00157	0.00492	0.00493	0.02339	0.00791
20	0.00726	0.00535	0.00685	0.00669	0.00787	0.00509	0.00504	0.01003	0.05335	0.01879	0.60522	0.11950	0.06185	0.01086	0.00595	0.00167	0.00263	0.05590	0.00530	0.00478
21	0.01254	0.00899	0.01375	0.17837	0.24067	0.00885	0.01036	0.01496	0.01119	0.17205	0.01359	0.11286	0.01165	0.00700	0.02543	0.00165	0.00519	0.00554	0.00351	0.14187
22	0.01202	0.01152	0.01967	0.11418	0.71259	0.01176	0.01514	0.01502	0.01120	0.01591	0.00932	0.01244	0.00776	0.00450	0.00494	0.00150	0.00600	0.00444	0.00244	0.00764
23	0.01979	0.01512	0.01381	0.01113	0.01470	0.22721	0.00893	0.36664	0.01841	0.23495	0.01291	0.01252	0.00897	0.00580	0.00486	0.00145	0.00610	0.00428	0.00465	0.00775
24	0.02045	0.01002	0.01233	0.00962	0.01339	0.00980	0.00789	0.20143	0.10217	0.53085	0.01793	0.01597	0.01175	0.00619	0.00501	0.00155	0.00450	0.00496	0.00577	0.00842
25	0.01602	0.03760	0.01343	0.03199	0.01477	0.38682	0.00889	0.15342	0.16251	0.01752	0.01187	0.04952	0.00977	0.00597	0.00471	0.00140	0.00664	0.00441	0.00357	0.05916
26	0.01925	0.00808	0.01076	0.00853	0.01189	0.00723	0.00694	0.02203	0.06444	0.62129	0.14409	0.02034	0.01812	0.00686	0.00516	0.00156	0.00392	0.00570	0.00599	0.00783
27	0.04694	0.27676	0.13383	0.03759	0.17451	0.05657	0.10253	0.04833	0.01143	0.04094	0.00881	0.01060	0.00708	0.00465	0.00457	0.00140	0.02015	0.00382	0.00256	0.00692
28	0.01147	0.32320	0.24400	0.01016	0.01441	0.02924	0.01073	0.05354	0.01153	0.02872	0.12217	0.06417	0.01410	0.00627	0.00487	0.00142	0.03581	0.00480	0.00299	0.00638
29	0.00705	0.00510	0.00666	0.00627	0.00745	0.00470	0.00470	0.00941	0.01411	0.01999	0.79110	0.03723	0.04703	0.01019	0.00588	0.00157	0.00235	0.00901	0.00549	0.00470
30	0.00734	0.00515	0.00754	0.00754	0.00822	0.00583	0.00565	0.00841	0.00773	0.01098	0.01295	0.02031	0.01252	0.11483	0.61893	0.12279	0.01126	0.00540	0.00264	0.00399
31	0.01270	0.19613	0.21809	0.09596	0.07177	0.08885	0.01174	0.07070	0.01174	0.06407	0.01074	0.06179	0.00916	0.02988	0.02467	0.00171	0.00636	0.00448	0.00285	0.00659
32	0.01837	0.00896	0.01221	0.00959	0.01311	0.00832	0.05934	0.09053	0.06324	0.51222	0.02163	0.04676	0.08656	0.00710	0.00523	0.00160	0.00442	0.01758	0.00552	0.00771
33	0.00711	0.00519	0.00670	0.00650	0.00761	0.00488	0.00480	0.00966	0.03999	0.01903	0.66082	0.14318	0.04403	0.01081	0.00592	0.00163	0.00248	0.00960	0.00536	0.00472
34	0.00816	0.00513	0.00580	0.00556	0.00694	0.00481	0.00420	0.01052	0.02869	0.03819	0.31330	0.03153	0.18492	0.00887	0.00495	0.00144	0.00246	0.00751	0.32227	0.00475
35	0.03424	0.21474	0.15025	0.06150	0.08074	0.06643	0.11473	0.08061	0.01192	0.01630	0.00971	0.01162	0.00766	0.00481	0.00435	0.00138	0.00605	0.00398	0.11244	0.00656
36	0.01094	0.01042	0.01771	0.40415	0.43108	0.01148	0.01460	0.01407	0.01069	0.01459	0.00913	0.01279	0.00730	0.00470	0.00496	0.00157	0.00627	0.00444	0.00235	0.00677
37	0.00941	0.00574	0.00671	0.00609	0.00808	0.00494	0.00470	0.01106	0.01257	0.16956	0.21581	0.03937	0.46565	0.01079	0.00571	0.00163	0.00282	0.00909	0.00513	0.00517
38	0.33810	0.01297	0.03717	0.08340	0.01527	0.14496	0.06468	0.06143	0.01102	0.05970	0.00867	0.01045	0.00672	0.00539	0.00556	0.00159	0.10230	0.00368	0.02098	0.00597
39	0.00672	0.00483	0.00644	0.00747	0.00810	0.00461	0.00557	0.00804	0.01023	0.01345	0.04019	0.50707	0.07169	0.04184	0.00712	0.00218	0.00345	0.24224	0.00458	0.00420
40	0.01560	0.25397	0.01776	0.01060	0.01426	0.10174	0.05593	0.18801	0.11930	0.09667	0.01178	0.01212	0.00897	0.00537	0.00456	0.00137	0.01743	0.00407	0.03169	0.02881
41	0.01538	0.03437	0.05616	0.03497	0.26488	0.11380	0.01110	0.13638	0.04558	0.15066	0.03253	0.01402	0.02626	0.00548	0.00485	0.00145	0.00572	0.00454	0.00372	0.03814
42	0.01314	0.09351	0.18141	0.02503	0.05665	0.15383	0.07048	0.12063	0.06964	0.01661	0.01043	0.01240	0.00832	0.00957	0.11377	0.00237	0.02838	0.00422	0.00294	0.00669
43	0.01268	0.00972	0.01070	0.00944	0.01210	0.01075	0.00740	0.11295	0.47401	0.07471	0.12364	0.05177	0.03690	0.00770	0.00527	0.00167	0.00388	0.02230	0.00516	0.00728
44	0.01818	0.01044	0.01619	0.05978	0.01736	0.01005	0.18110	0.11487	0.06164	0.43256	0.01595	0.01544	0.01062	0.00567	0.00521	0.00158	0.00546	0.00515	0.00490	0.00787
45	0.01269	0.03277	0.01976	0.09542	0.44529	0.05348	0.13649	0.01566	0.01149	0.05613	0.01002	0.01267	0.00798	0.00459	0.00494	0.00147	0.00625	0.00454	0.02930	0.03907
46	0.00730	0.00556	0.00818	0.00808	0.00887	0.00655	0.00624	0.00894	0.00795	0.01147	0.01319	0.02000	0.01255	0.08484	0.72159	0.00755	0.04867	0.00541	0.00267	0.00441
47	0.00725	0.00483	0.00544	0.00544	0.00544	0.00483	0.00302	0.00725	0.00725	0.00966	0.01571	0.03262	0.01812	0.82483	0.02537	0.00483	0.00483	0.00725	0.00302	0.00302
48	0.00773	0.00547	0.00815	0.00804	0.00905	0.00627	0.00627	0.00952	0.00826	0.04294	0.01360	0.01948	0.01246	0.03614	0.77313	0.00775	0.01299	0.00533	0.00281	0.00461
49	0.00607	0.00434	0.00578	0.00694	0.00723	0.00405	0.00463	0.00694	0.00954	0.01272	0.02747	0.82157	0.03297	0.01562	0.00636	0.00202	0.00289	0.01417	0.00463	0.00405
50	0.00725	0.00483	0.00544	0.00544	0.00544	0.00483	0.00302	0.00725	0.00725	0.00966	0.01571	0.03262	0.01812	0.82483	0.02537	0.00483	0.00483	0.00725	0.00302	0.00302
51	0.01000	0.02578	0.79900	0.01421	0.02157	0.01158	0.01842	0.01579	0.01052	0.01579	0.00895	0.01052	0.00631	0.00474	0.00474	0.00158	0.00737	0.00368	0.00210	0.00737
