[name]
unknown

[dist]
# distance from previous block
# <min> <max>
0	73

[block]
# block no. 0 follows, 64 sequences, length 55
# corresponding to MSA columns:
# 76-130
name=unknown_A
#
# <colnr> <probs for GDERKNQSTAVLIFYWHMCP>
#	G	D	E	R	K	N	Q	S	T	A	V	L	I	F	Y	W	H	M	C	P
0	0.00590	0.00435	0.00568	0.01848	0.00735	0.00419	0.00495	0.02393	0.00909	0.01183	0.04713	0.40189	0.13941	0.01170	0.00535	0.00170	0.00294	0.28665	0.00384	0.00366
1	0.02274	0.11562	0.15268	0.11949	0.21726	0.01077	0.21348	0.04133	0.00950	0.03384	0.00783	0.00994	0.00607	0.00387	0.00424	0.00128	0.01842	0.00371	0.00211	0.00583
2	0.01023	0.15140	0.25590	0.01412	0.14933	0.01084	0.20463	0.05723	0.00979	0.04976	0.00882	0.02294	0.02048	0.00413	0.00414	0.00126	0.01304	0.00380	0.00224	0.00594
3	0.00690	0.00495	0.00642	0.00640	0.00738	0.00477	0.03260	0.09330	0.00955	0.04157	0.02314	0.55604	0.14077	0.01877	0.00546	0.02162	0.00284	0.00974	0.00381	0.00396
4	0.03754	0.10543	0.59650	0.01116	0.02579	0.09092	0.01313	0.01324	0.00887	0.01256	0.00704	0.00840	0.00528	0.00408	0.00419	0.00127	0.04402	0.00295	0.00183	0.00581
5	0.01231	0.03985	0.25816	0.02720	0.17008	0.04204	0.04693	0.05893	0.03723	0.23210	0.02805	0.01129	0.00799	0.00441	0.00408	0.00127	0.00497	0.00372	0.00302	0.00636
6	0.00909	0.06710	0.61533	0.01125	0.01650	0.03602	0.06402	0.01331	0.02747	0.04274	0.00874	0.01032	0.02059	0.03438	0.00457	0.00139	0.00583	0.00341	0.00203	0.00588
7	0.01828	0.00732	0.01020	0.00778	0.01102	0.00641	0.03268	0.03938	0.01201	0.78447	0.01597	0.01394	0.01007	0.00508	0.00420	0.00129	0.00367	0.00419	0.00502	0.00702
8	0.00920	0.00959	0.06777	0.18174	0.54048	0.00913	0.01178	0.01178	0.00929	0.01297	0.04374	0.01284	0.05280	0.00438	0.00419	0.00128	0.00485	0.00410	0.00220	0.00589
9	0.01365	0.02439	0.06425	0.01160	0.09268	0.00806	0.18048	0.05021	0.03718	0.37954	0.01380	0.04110	0.02782	0.00513	0.00439	0.00134	0.00457	0.02980	0.00374	0.00630
10	0.04104	0.00865	0.01104	0.08694	0.15499	0.04665	0.00788	0.11227	0.09509	0.29050	0.03957	0.05686	0.01064	0.00534	0.00419	0.00131	0.00413	0.01294	0.00377	0.00619
11	0.10261	0.00748	0.00938	0.00731	0.01037	0.00698	0.00602	0.09606	0.01215	0.63537	0.05219	0.01379	0.01074	0.00515	0.00405	0.00128	0.00353	0.00410	0.00477	0.00667
12	0.00841	0.00762	0.07871	0.03985	0.00995	0.00692	0.00621	0.05001	0.25651	0.06443	0.06674	0.24636	0.12478	0.00819	0.00462	0.00145	0.00322	0.00708	0.00384	0.00508
13	0.01129	0.01059	0.01563	0.07338	0.55430	0.08001	0.04628	0.07131	0.03709	0.04746	0.00850	0.01044	0.00678	0.00398	0.00413	0.00125	0.00514	0.00372	0.00240	0.00632
14	0.00834	0.11418	0.10725	0.01028	0.05965	0.03643	0.07406	0.01025	0.00804	0.01102	0.01044	0.09557	0.01031	0.01168	0.17895	0.00255	0.17066	0.07333	0.00231	0.00469
15	0.02213	0.00431	0.00524	0.00511	0.00617	0.00392	0.00376	0.00754	0.01038	0.04274	0.44862	0.14976	0.22838	0.03665	0.00541	0.00147	0.00220	0.00818	0.00421	0.00382
16	0.00827	0.00693	0.01000	0.01250	0.26494	0.00686	0.02633	0.03526	0.08327	0.03367	0.06352	0.06399	0.20656	0.00754	0.00467	0.00143	0.00361	0.13617	0.01943	0.00507
17	0.03507	0.09996	0.01241	0.01004	0.01235	0.67036	0.00773	0.01653	0.07758	0.01092	0.00720	0.00805	0.00593	0.00431	0.00365	0.00109	0.00675	0.00279	0.00229	0.00500
18	0.00645	0.00471	0.00631	0.00702	0.00797	0.00466	0.00587	0.00853	0.03912	0.01273	0.10123	0.14067	0.07240	0.01110	0.00550	0.00178	0.00335	0.55285	0.00392	0.00386
19	0.00556	0.00388	0.00492	0.00555	0.00578	0.00374	0.00370	0.00616	0.00747	0.00993	0.01947	0.48803	0.02290	0.29849	0.01073	0.00251	0.00311	0.09155	0.00340	0.00313
20	0.01031	0.01156	0.02262	0.01675	0.04648	0.05938	0.68841	0.03882	0.01018	0.01354	0.00828	0.01083	0.00627	0.00359	0.00473	0.00135	0.00676	0.00462	0.00218	0.03333
21	0.00869	0.00788	0.01260	0.73658	0.05281	0.00960	0.01122	0.08879	0.00943	0.01222	0.00765	0.01094	0.00572	0.00422	0.00415	0.00137	0.00542	0.00370	0.00208	0.00492
22	0.00979	0.00808	0.00924	0.00671	0.01034	0.00674	0.00541	0.14214	0.01040	0.01561	0.00781	0.00884	0.00630	0.00339	0.00325	0.00072	0.00332	0.00267	0.00274	0.73651
23	0.79327	0.05799	0.00727	0.00580	0.00840	0.04721	0.00481	0.01242	0.00736	0.01774	0.00581	0.00678	0.00459	0.00386	0.00263	0.00125	0.00348	0.00227	0.00250	0.00456
24	0.00980	0.01120	0.02451	0.01751	0.02171	0.01050	0.81303	0.01331	0.00980	0.01331	0.00840	0.01120	0.00630	0.00350	0.00490	0.00140	0.00700	0.00490	0.00210	0.00560
25	0.00516	0.00371	0.00491	0.00584	0.00617	0.00347	0.00401	0.00597	0.00811	0.01074	0.02352	0.77222	0.05570	0.01283	0.00531	0.00169	0.00249	0.06089	0.00385	0.00341
26	0.00877	0.15211	0.70567	0.01110	0.01683	0.01071	0.01406	0.01304	0.00872	0.01263	0.00719	0.00844	0.00527	0.00388	0.00375	0.00125	0.00587	0.00294	0.00176	0.00601
27	0.01020	0.00979	0.01672	0.05148	0.80273	0.00985	0.01271	0.01268	0.00942	0.01348	0.00780	0.01031	0.00655	0.00372	0.00411	0.00124	0.00495	0.00370	0.00205	0.00652
28	0.00549	0.00422	0.00503	0.00485	0.00598	0.00375	0.00363	0.00708	0.01080	0.01446	0.51009	0.05370	0.33715	0.00937	0.00491	0.00135	0.00202	0.00809	0.00428	0.00375
29	0.01019	0.36238	0.41902	0.00975	0.01447	0.06632	0.01124	0.04115	0.00921	0.01203	0.00679	0.00787	0.00536	0.00384	0.00342	0.00112	0.00548	0.00272	0.00187	0.00575
30	0.00940	0.00983	0.01899	0.01433	0.01724	0.01010	0.50702	0.03861	0.03685	0.01316	0.01802	0.04135	0.00914	0.00542	0.00645	0.00153	0.15082	0.08407	0.00244	0.00524
31	0.00615	0.00479	0.00677	0.00664	0.00723	0.00559	0.00506	0.00733	0.00680	0.00963	0.01323	0.06021	0.05967	0.12587	0.56801	0.00532	0.09049	0.00519	0.00240	0.00362
32	0.00959	0.00912	0.01538	0.17664	0.62668	0.00950	0.01201	0.01202	0.00917	0.01289	0.00879	0.02061	0.02747	0.00414	0.00430	0.00128	0.01930	0.00392	0.01116	0.00604
33	0.00895	0.00909	0.01482	0.42448	0.11203	0.05076	0.14731	0.01139	0.00855	0.01128	0.00763	0.03028	0.00628	0.00468	0.00573	0.00143	0.13432	0.00403	0.00197	0.00497
34	0.02779	0.00773	0.01231	0.68717	0.02556	0.00942	0.03707	0.01226	0.11621	0.01178	0.00865	0.01157	0.00649	0.00432	0.00415	0.00139	0.00523	0.00383	0.00219	0.00490
35	0.00565	0.00493	0.03136	0.00523	0.00654	0.00421	0.00412	0.00749	0.03825	0.01304	0.28629	0.07250	0.39478	0.03030	0.06296	0.00182	0.00294	0.01989	0.00389	0.00382
36	0.06503	0.00798	0.02190	0.00781	0.01028	0.00814	0.05867	0.18748	0.15235	0.12060	0.01891	0.01871	0.19067	0.00866	0.08385	0.00184	0.00434	0.00512	0.02214	0.00553
37	0.00785	0.00740	0.01221	0.74261	0.02629	0.00933	0.01105	0.01039	0.00813	0.01056	0.00776	0.04034	0.00630	0.00473	0.00501	0.00143	0.07816	0.00397	0.00191	0.00456
38	0.01077	0.01088	0.01664	0.02377	0.72015	0.09032	0.04079	0.01314	0.00970	0.01323	0.00770	0.01004	0.00645	0.00375	0.00410	0.00122	0.00526	0.00364	0.00207	0.00637
39	0.01052	0.01032	0.01663	0.02483	0.79121	0.04733	0.01253	0.01292	0.00956	0.01342	0.00775	0.01015	0.00652	0.00373	0.00410	0.00123	0.00505	0.00365	0.00206	0.00650
40	0.05320	0.00672	0.00828	0.00679	0.00942	0.02069	0.00546	0.01564	0.03674	0.47868	0.03763	0.08452	0.09391	0.00635	0.00423	0.00129	0.00328	0.03195	0.00439	0.09085
41	0.01561	0.01154	0.01236	0.00952	0.01281	0.01280	0.00785	0.78750	0.04659	0.02588	0.01021	0.01016	0.00725	0.00501	0.00416	0.00125	0.00453	0.00377	0.00416	0.00705
42	0.00722	0.05238	0.00688	0.00576	0.00705	0.05269	0.00443	0.00915	0.03686	0.04129	0.49702	0.02880	0.12454	0.06510	0.00580	0.00149	0.00275	0.04267	0.00403	0.00409
43	0.00850	0.07359	0.78191	0.01154	0.01752	0.01007	0.01483	0.01311	0.00875	0.01294	0.00735	0.00864	0.00527	0.00392	0.00387	0.00129	0.00603	0.00302	0.00176	0.00609
44	0.11074	0.00787	0.00929	0.00756	0.01047	0.00790	0.00613	0.05044	0.23743	0.48405	0.01513	0.01355	0.01020	0.00513	0.00401	0.00132	0.00347	0.00409	0.00457	0.00665
45	0.00695	0.00590	0.00975	0.00893	0.01837	0.00573	0.17001	0.00911	0.04640	0.01203	0.04641	0.27513	0.02036	0.09175	0.00682	0.00189	0.00399	0.25298	0.00338	0.00408
46	0.00516	0.00365	0.00479	0.00566	0.00588	0.00344	0.00373	0.00581	0.00777	0.01036	0.02194	0.77121	0.02627	0.09476	0.00684	0.00191	0.00257	0.01125	0.00373	0.00329
47	0.01004	0.00963	0.01643	0.10506	0.75040	0.00981	0.01263	0.01254	0.00935	0.01328	0.00777	0.01036	0.00648	0.00374	0.00412	0.00125	0.00499	0.00370	0.00204	0.00639
48	0.01203	0.00938	0.01010	0.00858	0.01111	0.01052	0.00679	0.31641	0.42532	0.03712	0.01489	0.09464	0.01197	0.00610	0.00430	0.00137	0.00369	0.00502	0.00418	0.00646
49	0.08799	0.00755	0.00932	0.00731	0.01031	0.00717	0.00600	0.10977	0.04265	0.59266	0.01464	0.01319	0.00955	0.00502	0.00397	0.00127	0.00352	0.00397	0.05751	0.00665
50	0.00640	0.00456	0.00620	0.00694	0.00775	0.00450	0.00577	0.00803	0.00929	0.01221	0.09108	0.10473	0.03837	0.09321	0.00711	0.00204	0.00355	0.58082	0.00377	0.00367
51	0.09492	0.01112	0.02188	0.01600	0.02869	0.03830	0.68125	0.01349	0.02692	0.01381	0.00826	0.01073	0.00623	0.00361	0.00461	0.00138	0.00655	0.00455	0.00219	0.00550
52	0.09674	0.01261	0.01349	0.01099	0.04262	0.15749	0.11433	0.46328	0.01534	0.02049	0.00867	0.00940	0.00640	0.00451	0.00403	0.00124	0.00529	0.00356	0.00330	0.00621
53	0.00969	0.01204	0.10212	0.01750	0.09086	0.01042	0.64832	0.01317	0.00960	0.01324	0.00819	0.01084	0.00621	0.00365	0.00494	0.00139	0.02548	0.00459	0.00206	0.00572
54	0.00572	0.00430	0.00546	0.00598	0.00668	0.00400	0.00412	0.00722	0.05715	0.01130	0.02102	0.71886	0.02451	0.01160	0.00502	0.00157	0.00253	0.01047	0.00374	0.08872

[dist]
# distance from previous block
# <min> <max>
0	2

[block]
# block no. 1 follows, 64 sequences, length 20
# corresponding to MSA columns:
# 133-152
name=unknown_B
#
# <colnr> <probs for GDERKNQSTAVLIFYWHMCP>
#	G	D	E	R	K	N	Q	S	T	A	V	L	I	F	Y	W	H	M	C	P
0	0.00618	0.03871	0.00605	0.00518	0.00624	0.00442	0.00393	0.00803	0.01121	0.01591	0.70413	0.02920	0.05003	0.03782	0.00527	0.00137	0.00213	0.00707	0.05318	0.00392
1	0.08276	0.00799	0.01083	0.35493	0.12447	0.02682	0.00882	0.10872	0.03292	0.01413	0.01258	0.01439	0.10900	0.00509	0.00413	0.00131	0.01376	0.00423	0.05809	0.00503
2	0.00781	0.03643	0.03141	0.00718	0.00890	0.00676	0.05054	0.07824	0.10219	0.01630	0.46492	0.02499	0.06560	0.00745	0.00507	0.00135	0.04017	0.03600	0.00400	0.00469
3	0.77508	0.00818	0.00677	0.02645	0.00892	0.00937	0.00493	0.05739	0.00801	0.05472	0.00653	0.00736	0.00492	0.00398	0.00277	0.00129	0.00336	0.00245	0.00275	0.00476
4	0.00583	0.00524	0.05222	0.00647	0.00735	0.00436	0.04819	0.00691	0.00801	0.01072	0.05278	0.45183	0.06934	0.19575	0.00866	0.00214	0.00327	0.05402	0.00338	0.00352
5	0.09702	0.07918	0.14972	0.02581	0.26410	0.16338	0.08748	0.04301	0.00978	0.01340	0.00722	0.00895	0.00579	0.00397	0.00405	0.00123	0.02482	0.00327	0.00212	0.00573
6	0.00930	0.01072	0.06570	0.01548	0.05149	0.00984	0.56134	0.01291	0.05478	0.01315	0.01015	0.06552	0.00867	0.00481	0.00531	0.00145	0.05136	0.04021	0.00237	0.00545
7	0.00505	0.00365	0.00479	0.00570	0.00600	0.00338	0.00382	0.00579	0.00803	0.01064	0.02393	0.80770	0.07042	0.01288	0.00528	0.00167	0.00239	0.01164	0.00386	0.00338
8	0.00950	0.03629	0.17734	0.01614	0.18880	0.01028	0.30545	0.03328	0.00944	0.01333	0.04213	0.01175	0.00781	0.00446	0.00544	0.00138	0.09781	0.02148	0.00218	0.00572
9	0.01161	0.03448	0.07365	0.06648	0.01298	0.07470	0.05086	0.24636	0.14167	0.06511	0.05903	0.06503	0.04646	0.00571	0.00423	0.00130	0.00440	0.00473	0.02540	0.00580
10	0.01379	0.00829	0.00910	0.00731	0.00982	0.02803	0.00592	0.35124	0.01421	0.21086	0.04566	0.01329	0.01009	0.00511	0.00383	0.00118	0.00355	0.00401	0.24872	0.00599
11	0.00621	0.00458	0.00616	0.00654	0.00723	0.00446	0.02684	0.07039	0.00920	0.01229	0.05147	0.66302	0.02541	0.01181	0.00522	0.00165	0.00281	0.07706	0.00386	0.00379
12	0.00982	0.10635	0.32015	0.04422	0.08391	0.04022	0.19177	0.06182	0.01986	0.02516	0.01902	0.01101	0.03954	0.00422	0.00411	0.00128	0.00569	0.00381	0.00222	0.00580
13	0.01203	0.35371	0.13020	0.00900	0.01251	0.10412	0.03877	0.17974	0.02283	0.03605	0.00812	0.00987	0.00672	0.03864	0.00423	0.00123	0.00507	0.01897	0.00252	0.00568
14	0.00723	0.00492	0.00579	0.00551	0.00695	0.00452	0.00425	0.03506	0.04088	0.09509	0.23395	0.10041	0.36088	0.00938	0.00488	0.00142	0.00249	0.06798	0.00419	0.00421
15	0.04466	0.01032	0.05127	0.07827	0.18769	0.05397	0.19639	0.07290	0.02548	0.12457	0.03264	0.02394	0.00810	0.00456	0.00482	0.00133	0.05510	0.00415	0.01401	0.00583
16	0.04889	0.13072	0.36397	0.01034	0.03728	0.01044	0.04639	0.07598	0.11379	0.07298	0.01811	0.02519	0.01899	0.00454	0.00387	0.00127	0.00495	0.00363	0.00265	0.00603
17	0.00540	0.00435	0.00482	0.00468	0.00596	0.00384	0.00352	0.00706	0.03213	0.01331	0.31852	0.03615	0.52618	0.00967	0.00489	0.00137	0.00208	0.00821	0.00412	0.00374
18	0.08802	0.07209	0.14961	0.08622	0.36072	0.03578	0.06112	0.07356	0.00982	0.01427	0.00755	0.00948	0.00598	0.00389	0.00389	0.00125	0.00517	0.00341	0.00218	0.00599
19	0.02789	0.10782	0.23113	0.03491	0.05008	0.07297	0.16315	0.09264	0.02125	0.01366	0.02133	0.03194	0.04088	0.00573	0.03812	0.00150	0.03310	0.00400	0.00236	0.00553

[dist]
# distance from previous block
# <min> <max>
0	1

[block]
# block no. 2 follows, 64 sequences, length 55
# corresponding to MSA columns:
# 154-208
name=unknown_C
#
# <colnr> <probs for GDERKNQSTAVLIFYWHMCP>
#	G	D	E	R	K	N	Q	S	T	A	V	L	I	F	Y	W	H	M	C	P
0	0.00656	0.00473	0.00593	0.00658	0.00737	0.00435	0.00491	0.00751	0.00940	0.02354	0.05867	0.43566	0.16865	0.01229	0.00565	0.00182	0.00303	0.22515	0.00415	0.00403
1	0.01186	0.19044	0.05638	0.03854	0.28317	0.06191	0.02281	0.10829	0.03490	0.02990	0.01014	0.01250	0.03448	0.00517	0.00483	0.00138	0.05880	0.02549	0.00273	0.00628
2	0.03674	0.04931	0.24074	0.03855	0.05401	0.09385	0.05103	0.06820	0.07774	0.02457	0.02723	0.03401	0.03233	0.00692	0.02676	0.06738	0.05150	0.01065	0.00276	0.00570
3	0.00751	0.00528	0.00631	0.00627	0.00751	0.00487	0.00474	0.00932	0.05842	0.06339	0.26568	0.15288	0.24077	0.02642	0.00565	0.00168	0.00284	0.12157	0.00440	0.00447
4	0.09078	0.06919	0.22777	0.02540	0.11912	0.16046	0.06994	0.01316	0.00985	0.02433	0.03745	0.03141	0.05061	0.04591	0.00509	0.00153	0.00559	0.00416	0.00258	0.00566
5	0.02224	0.05852	0.14981	0.04929	0.18368	0.14132	0.12780	0.06568	0.03832	0.05461	0.02031	0.01121	0.00758	0.00481	0.00487	0.00142	0.04571	0.00389	0.00267	0.00624
6	0.00806	0.00595	0.00734	0.00708	0.00825	0.00613	0.02440	0.20241	0.03243	0.01469	0.01877	0.52780	0.02083	0.03822	0.00550	0.00165	0.00318	0.04816	0.01473	0.00441
7	0.00562	0.00393	0.00476	0.00520	0.00546	0.00378	0.00336	0.00610	0.00727	0.00957	0.01963	0.34969	0.08054	0.40922	0.01277	0.00278	0.00324	0.06083	0.00322	0.00301
8	0.05568	0.04402	0.09936	0.05464	0.10110	0.02009	0.21803	0.13733	0.05339	0.01551	0.04265	0.04895	0.03546	0.00484	0.00422	0.00130	0.00496	0.00450	0.02511	0.02886
9	0.18531	0.16033	0.05012	0.00968	0.08434	0.11678	0.03310	0.12910	0.02158	0.07116	0.03476	0.02297	0.01392	0.00442	0.00353	0.00116	0.00454	0.00331	0.00279	0.04709
10	0.00602	0.00427	0.00540	0.00528	0.00623	0.00394	0.00387	0.00774	0.02342	0.03525	0.53634	0.17072	0.12873	0.03728	0.00548	0.00147	0.00218	0.00821	0.00431	0.00385
11	0.00819	0.00731	0.03005	0.00628	0.00959	0.00545	0.00509	0.01015	0.02126	0.01331	0.02219	0.10358	0.00914	0.00434	0.00340	0.00078	0.00307	0.00364	0.00266	0.73052
12	0.01011	0.11374	0.27853	0.04857	0.10223	0.04310	0.01006	0.05851	0.03961	0.06097	0.06313	0.01083	0.00850	0.00426	0.00379	0.00114	0.00477	0.00342	0.00252	0.13220
13	0.00508	0.00373	0.00477	0.00553	0.00597	0.00342	0.00376	0.00591	0.00835	0.01098	0.06400	0.69480	0.14360	0.01244	0.00523	0.00163	0.00234	0.01116	0.00389	0.00342
14	0.12643	0.00760	0.00781	0.01818	0.00879	0.08656	0.00554	0.12222	0.01014	0.03370	0.14721	0.04304	0.01395	0.04276	0.21547	0.00274	0.04299	0.00461	0.05575	0.00451
15	0.04284	0.17674	0.09007	0.00998	0.09350	0.12053	0.00796	0.09081	0.05434	0.13541	0.01118	0.06447	0.03263	0.00590	0.03088	0.00137	0.00483	0.00396	0.00296	0.01965
16	0.03539	0.02471	0.01385	0.13021	0.30622	0.02416	0.04569	0.11051	0.06355	0.16432	0.01001	0.01120	0.00742	0.00441	0.00439	0.00129	0.02962	0.00382	0.00299	0.00624
17	0.00506	0.00361	0.00482	0.00578	0.00602	0.00337	0.00386	0.00578	0.00795	0.01060	0.02289	0.85131	0.02747	0.01301	0.00530	0.00169	0.00241	0.01181	0.00386	0.00337
18	0.01076	0.04110	0.20348	0.01421	0.01845	0.09667	0.42252	0.10223	0.01075	0.01421	0.00803	0.00996	0.00601	0.00391	0.00455	0.00132	0.01980	0.00402	0.00224	0.00578
19	0.01192	0.22667	0.08939	0.00768	0.01078	0.02703	0.01708	0.08212	0.01075	0.21840	0.10889	0.05440	0.01240	0.00584	0.01983	0.00127	0.00410	0.02026	0.00337	0.06780
20	0.00580	0.00419	0.00549	0.00528	0.00619	0.00387	0.00391	0.00765	0.01141	0.01611	0.75334	0.10516	0.03813	0.00890	0.00494	0.00134	0.00200	0.00790	0.00451	0.00387
21	0.00852	0.00836	0.01512	0.55282	0.11218	0.00949	0.17130	0.01134	0.00870	0.01158	0.00775	0.01109	0.00593	0.00405	0.00446	0.00137	0.02268	0.00394	0.02432	0.00500
22	0.01025	0.18833	0.46514	0.01008	0.01478	0.05621	0.01156	0.04434	0.05313	0.06508	0.00836	0.00929	0.00625	0.00507	0.03377	0.00141	0.00567	0.00311	0.00224	0.00593
23	0.00872	0.01902	0.65251	0.01420	0.13077	0.00975	0.08088	0.01311	0.00895	0.01322	0.00758	0.00918	0.00553	0.00388	0.00405	0.00131	0.00604	0.00331	0.00182	0.00616
24	0.01482	0.08679	0.01292	0.01057	0.01289	0.71968	0.03406	0.01631	0.03539	0.01045	0.00674	0.00778	0.00560	0.00424	0.00371	0.00108	0.00710	0.00277	0.00217	0.00493
25	0.00956	0.00751	0.00823	0.02369	0.00999	0.07431	0.00664	0.08386	0.16477	0.06879	0.01885	0.07905	0.04797	0.00870	0.00496	0.00160	0.00395	0.36881	0.00385	0.00491
26	0.00874	0.00843	0.01469	0.48975	0.25829	0.00944	0.09051	0.01164	0.02654	0.01188	0.00815	0.02893	0.00654	0.00418	0.00424	0.00135	0.00539	0.00401	0.00203	0.00530
27	0.00892	0.00885	0.01241	0.01069	0.01072	0.01233	0.00889	0.00986	0.00638	0.00998	0.00575	0.00946	0.00571	0.00851	0.05632	0.00207	0.80314	0.00368	0.00184	0.00450
28	0.01516	0.01116	0.01202	0.00928	0.01246	0.01231	0.00764	0.76281	0.01903	0.02557	0.06203	0.01132	0.00911	0.00521	0.00420	0.00125	0.00440	0.00398	0.00418	0.00686
29	0.00980	0.01120	0.02451	0.01751	0.02171	0.01050	0.81303	0.01331	0.00980	0.01331	0.00840	0.01120	0.00630	0.00350	0.00490	0.00140	0.00700	0.00490	0.00210	0.00560
30	0.00591	0.00441	0.00657	0.00660	0.00731	0.00511	0.00509	0.00733	0.00670	0.00964	0.01155	0.04357	0.01104	0.04855	0.79279	0.00646	0.01069	0.00472	0.00228	0.00367
31	0.00882	0.00554	0.03366	0.00617	0.00781	0.00476	0.00503	0.01094	0.02864	0.19105	0.49974	0.05446	0.04558	0.00799	0.00478	0.00137	0.00263	0.07182	0.00450	0.00469
32	0.00998	0.00862	0.00906	0.00818	0.01047	0.00989	0.00635	0.02103	0.76808	0.01698	0.01854	0.01708	0.06537	0.00595	0.00427	0.00141	0.00321	0.00496	0.00420	0.00638
33	0.01822	0.00698	0.00950	0.00732	0.01046	0.00603	0.00603	0.01983	0.01188	0.80411	0.04310	0.01470	0.01124	0.00525	0.00420	0.00129	0.00348	0.00429	0.00512	0.00697
34	0.00779	0.00677	0.00976	0.08468	0.23468	0.03337	0.00813	0.00982	0.00975	0.01290	0.11564	0.02983	0.09908	0.00802	0.00490	0.00153	0.00400	0.31148	0.00321	0.00466
35	0.00871	0.12888	0.70097	0.01120	0.01680	0.01062	0.01408	0.01296	0.00865	0.01261	0.00717	0.00851	0.00528	0.00400	0.00410	0.00128	0.03346	0.00298	0.00176	0.00598
36	0.01554	0.01914	0.01183	0.01061	0.01284	0.77074	0.00802	0.08103	0.01240	0.01146	0.00671	0.00769	0.00549	0.00434	0.00378	0.00108	0.00725	0.00276	0.00230	0.00500
37	0.00519	0.00378	0.00502	0.00590	0.00619	0.00361	0.00403	0.00597	0.00802	0.01067	0.02313	0.78188	0.05276	0.01277	0.00547	0.00169	0.01954	0.03715	0.00381	0.00342
38	0.01028	0.00981	0.01638	0.02441	0.77597	0.00990	0.01235	0.01334	0.06121	0.01381	0.00839	0.01061	0.00697	0.00382	0.00412	0.00124	0.00483	0.00376	0.00219	0.00658
39	0.00978	0.00998	0.01264	0.01085	0.01111	0.07582	0.00897	0.03432	0.00717	0.01049	0.00566	0.00899	0.00549	0.00697	0.01259	0.00174	0.75729	0.00356	0.00191	0.00464
40	0.00533	0.00441	0.00471	0.00478	0.00604	0.00393	0.00353	0.00705	0.05962	0.01185	0.08750	0.16580	0.59984	0.01048	0.00493	0.00144	0.00222	0.00891	0.00393	0.00370
41	0.00601	0.00401	0.00454	0.00457	0.00458	0.00401	0.00256	0.00603	0.00610	0.00814	0.01340	0.05384	0.01550	0.82682	0.02063	0.00395	0.00397	0.00623	0.00256	0.00254
42	0.01222	0.01092	0.01037	0.00903	0.01153	0.14936	0.02206	0.09274	0.54509	0.06879	0.01432	0.01348	0.01066	0.00528	0.00415	0.00133	0.00420	0.00424	0.00389	0.00634
43	0.00584	0.00423	0.00552	0.00528	0.00624	0.00391	0.00396	0.00774	0.01152	0.01623	0.76318	0.06393	0.05321	0.00877	0.00493	0.00134	0.00202	0.02376	0.00452	0.00389
44	0.00887	0.05989	0.07350	0.02946	0.01243	0.00720	0.10404	0.01113	0.00875	0.01318	0.00742	0.00889	0.00604	0.00325	0.00337	0.00080	0.00393	0.00282	0.00231	0.63275
45	0.01125	0.16500	0.46248	0.01010	0.01499	0.01087	0.01161	0.13365	0.01072	0.11878	0.00867	0.00926	0.00618	0.00419	0.00378	0.00123	0.00527	0.00316	0.00255	0.00625
46	0.01529	0.01126	0.01204	0.00928	0.01250	0.01242	0.00765	0.77372	0.01901	0.02550	0.01109	0.01105	0.03398	0.00517	0.00416	0.00125	0.00444	0.00391	0.01939	0.00689
47	0.00580	0.00424	0.00544	0.00514	0.00615	0.00388	0.00385	0.00768	0.01156	0.01619	0.75911	0.03179	0.10629	0.00866	0.00490	0.00131	0.00197	0.00762	0.00451	0.00388
48	0.01019	0.03404	0.55082	0.01209	0.04351	0.00954	0.10108	0.03628	0.03189	0.11800	0.00901	0.00995	0.00631	0.00411	0.00407	0.00131	0.00571	0.00348	0.00237	0.00623
49	0.00971	0.00927	0.01585	0.16476	0.64365	0.00957	0.02740	0.01223	0.00927	0.01301	0.00831	0.01188	0.00708	0.00408	0.00420	0.00129	0.00503	0.03519	0.00209	0.00612
50	0.01107	0.00876	0.00941	0.00836	0.01078	0.00995	0.00653	0.02191	0.74825	0.09017	0.01686	0.01538	0.01247	0.00559	0.00422	0.00140	0.00331	0.00465	0.00431	0.00662
51	0.00921	0.00884	0.03590	0.02029	0.58570	0.00849	0.02136	0.01155	0.00943	0.01318	0.01213	0.03798	0.03756	0.00570	0.00450	0.00139	0.00462	0.16383	0.00250	0.00583
52	0.02380	0.03051	0.02166	0.01607	0.05574	0.03738	0.62301	0.02592	0.03302	0.07692	0.00910	0.01120	0.00673	0.00375	0.00466	0.00136	0.00640	0.00459	0.00243	0.00576
53	0.00690	0.00361	0.00533	0.00547	0.00550	0.00357	0.00364	0.00547	0.00578	0.00771	0.00950	0.13471	0.01016	0.01422	0.01464	0.75142	0.00343	0.00480	0.00210	0.00203
54	0.00495	0.00422	0.00427	0.00430	0.00569	0.00354	0.00325	0.00603	0.00947	0.01125	0.04156	0.04015	0.80588	0.01054	0.00493	0.00142	0.00215	0.02902	0.00386	0.00351

[dist]
# distance from previous block
# <min> <max>
0	1

[block]
# block no. 3 follows, 64 sequences, length 36
# corresponding to MSA columns:
# 210-245
name=unknown_D
#
# <colnr> <probs for GDERKNQSTAVLIFYWHMCP>
#	G	D	E	R	K	N	Q	S	T	A	V	L	I	F	Y	W	H	M	C	P
0	0.08015	0.07871	0.11288	0.00994	0.02946	0.43357	0.00838	0.12342	0.01166	0.01352	0.00867	0.00950	0.04282	0.00453	0.00371	0.00114	0.00601	0.00312	0.01354	0.00526
1	0.00885	0.14867	0.65581	0.01148	0.01710	0.01074	0.06597	0.01305	0.00879	0.01265	0.00726	0.00861	0.00534	0.00386	0.00381	0.00126	0.00594	0.00306	0.00178	0.00598
2	0.62852	0.19310	0.00999	0.00613	0.00897	0.01113	0.00532	0.07223	0.00830	0.01727	0.00609	0.00697	0.00487	0.00387	0.00271	0.00120	0.00358	0.00235	0.00252	0.00487
3	0.01065	0.04000	0.01670	0.02389	0.74662	0.06392	0.01224	0.01299	0.00957	0.01322	0.00765	0.00997	0.00646	0.00373	0.00404	0.00121	0.00508	0.00358	0.00205	0.00642
4	0.00511	0.00363	0.00481	0.00573	0.00595	0.00340	0.00379	0.00580	0.00786	0.01048	0.02244	0.81287	0.02690	0.05224	0.00604	0.00180	0.00249	0.01154	0.00379	0.00333
5	0.00506	0.00361	0.00482	0.00578	0.00602	0.00337	0.00386	0.00578	0.00795	0.01060	0.02289	0.85131	0.02747	0.01301	0.00530	0.00169	0.00241	0.01181	0.00386	0.00337
6	0.00912	0.00929	0.01067	0.00950	0.00994	0.13036	0.00759	0.01007	0.00724	0.00984	0.00779	0.04475	0.00785	0.07791	0.14281	0.00265	0.49218	0.00414	0.00206	0.00424
7	0.01749	0.00733	0.00961	0.00754	0.01063	0.00669	0.00617	0.02050	0.12395	0.71824	0.01646	0.01433	0.01061	0.00521	0.00418	0.00130	0.00350	0.00425	0.00501	0.00700
8	0.00908	0.00904	0.01290	0.05342	0.04884	0.01242	0.00938	0.01015	0.00660	0.01019	0.00566	0.00924	0.00551	0.00695	0.01272	0.00177	0.76603	0.00364	0.00183	0.00464
9	0.00974	0.01100	0.02339	0.01688	0.02069	0.01071	0.73688	0.01299	0.00948	0.01299	0.00812	0.01100	0.00622	0.00386	0.00573	0.00144	0.08651	0.00478	0.00207	0.00550
10	0.01167	0.00797	0.00855	0.03305	0.00974	0.00861	0.00574	0.42018	0.01427	0.02051	0.01339	0.01413	0.06172	0.00526	0.00371	0.00115	0.00340	0.00412	0.34732	0.00550
11	0.00505	0.00367	0.00477	0.00565	0.00599	0.00339	0.00380	0.00580	0.00808	0.01066	0.02452	0.78249	0.09525	0.01280	0.00527	0.00166	0.00238	0.01155	0.00386	0.00339
12	0.01118	0.00822	0.00927	0.10180	0.01225	0.08857	0.00726	0.13209	0.07701	0.14745	0.01629	0.04811	0.03606	0.00750	0.00472	0.00151	0.00431	0.27745	0.00374	0.00522
13	0.01089	0.79256	0.08386	0.00747	0.01122	0.01592	0.00774	0.01249	0.00847	0.01003	0.00590	0.00682	0.00533	0.00358	0.00276	0.00092	0.00457	0.00229	0.00178	0.00539
14	0.00506	0.00361	0.00482	0.00578	0.00602	0.00337	0.00386	0.00578	0.00795	0.01060	0.02289	0.85131	0.02747	0.01301	0.00530	0.00169	0.00241	0.01181	0.00386	0.00337
15	0.00833	0.02149	0.83250	0.01184	0.01798	0.00965	0.01535	0.01315	0.00877	0.01315	0.00745	0.00877	0.00526	0.00395	0.00395	0.00132	0.00614	0.00307	0.00175	0.00614
16	0.01486	0.01798	0.01189	0.01126	0.05617	0.68668	0.00818	0.06678	0.05347	0.01176	0.00748	0.00879	0.00617	0.00447	0.00384	0.00112	0.00690	0.01468	0.00239	0.00513
17	0.01593	0.01141	0.01233	0.00945	0.01277	0.01255	0.00781	0.77521	0.01915	0.06575	0.01029	0.01018	0.00722	0.00499	0.00416	0.00125	0.00452	0.00376	0.00420	0.00706
18	0.00790	0.00742	0.01239	0.82450	0.02819	0.00925	0.01142	0.01088	0.02730	0.01077	0.00761	0.01118	0.00570	0.00419	0.00415	0.00138	0.00548	0.00371	0.00190	0.00466
19	0.01111	0.85652	0.02177	0.00711	0.01066	0.01644	0.00711	0.01244	0.00844	0.00977	0.00577	0.00666	0.00533	0.00355	0.00267	0.00089	0.00444	0.00222	0.00178	0.00533
20	0.01090	0.72260	0.13206	0.00776	0.01166	0.01527	0.00821	0.01272	0.00857	0.02960	0.00625	0.00713	0.00544	0.00364	0.00288	0.00096	0.00465	0.00238	0.00185	0.00548
21	0.00511	0.00367	0.00487	0.00581	0.00610	0.00343	0.00394	0.00589	0.00805	0.01069	0.02340	0.79998	0.04983	0.01289	0.00531	0.00169	0.00245	0.03965	0.00385	0.00339
22	0.00519	0.00371	0.00497	0.00593	0.00623	0.00348	0.00408	0.00601	0.00808	0.01075	0.02282	0.78804	0.02719	0.01289	0.00534	0.00170	0.00252	0.07381	0.00385	0.00341
23	0.00606	0.00439	0.00618	0.00615	0.00666	0.00496	0.00451	0.00703	0.00646	0.00915	0.01140	0.01888	0.01141	0.24305	0.58383	0.03629	0.02313	0.00482	0.00228	0.00335
24	0.00833	0.02149	0.83250	0.01184	0.01798	0.00965	0.01535	0.01315	0.00877	0.01315	0.00745	0.00877	0.00526	0.00395	0.00395	0.00132	0.00614	0.00307	0.00175	0.00614
25	0.00536	0.00394	0.00506	0.00586	0.00627	0.00376	0.00398	0.00671	0.05147	0.01115	0.04482	0.75595	0.05530	0.01241	0.00522	0.00165	0.00243	0.01121	0.00389	0.00356
26	0.00888	0.00878	0.01232	0.01062	0.01067	0.01222	0.00883	0.00982	0.00638	0.00997	0.00583	0.00957	0.00578	0.00888	0.06906	0.00214	0.79022	0.00369	0.00184	0.00449
27	0.00986	0.00944	0.01610	0.16760	0.68931	0.00976	0.01254	0.01238	0.00926	0.01306	0.00774	0.01042	0.00640	0.00378	0.00412	0.00126	0.00504	0.00370	0.00202	0.00624
28	0.00602	0.00485	0.00739	0.00716	0.00808	0.00457	0.09883	0.03492	0.00884	0.01177	0.05745	0.63388	0.07742	0.01125	0.00517	0.00160	0.00298	0.01033	0.00369	0.00380
29	0.00917	0.00774	0.00891	0.00648	0.01009	0.00623	0.00519	0.06609	0.04148	0.01455	0.00794	0.00898	0.00647	0.00331	0.00320	0.00069	0.00319	0.00264	0.00265	0.78501
30	0.09114	0.01574	0.01245	0.01342	0.18989	0.50984	0.00878	0.05027	0.01095	0.01236	0.00678	0.00821	0.00562	0.00428	0.00419	0.00117	0.04446	0.00295	0.00223	0.00526
31	0.00974	0.01175	0.07471	0.01674	0.02098	0.01044	0.72622	0.01369	0.04650	0.01348	0.00873	0.01125	0.00653	0.00363	0.00481	0.00140	0.00678	0.00478	0.00218	0.00568
32	0.01433	0.01114	0.01252	0.01090	0.07619	0.09016	0.02857	0.43553	0.01480	0.11454	0.00969	0.01043	0.00716	0.00613	0.03902	0.00152	0.10379	0.00373	0.00351	0.00634
33	0.01137	0.00784	0.00996	0.00765	0.01081	0.00706	0.05459	0.10552	0.08366	0.17939	0.05176	0.02976	0.02003	0.00474	0.00386	0.00104	0.00354	0.02552	0.00351	0.37837
34	0.01437	0.00813	0.01050	0.00842	0.01070	0.00869	0.00690	0.13084	0.03172	0.39920	0.01233	0.03585	0.00903	0.02579	0.00691	0.00145	0.21447	0.00415	0.00389	0.05667
35	0.01111	0.85652	0.02177	0.00711	0.01066	0.01644	0.00711	0.01244	0.00844	0.00977	0.00577	0.00666	0.00533	0.00355	0.00267	0.00089	0.00444	0.00222	0.00178	0.00533

[dist]
# distance from previous block
# <min> <max>
0	3

[block]
# block no. 4 follows, 64 sequences, length 64
# corresponding to MSA columns:
# 249-312
name=unknown_E
#
# <colnr> <probs for GDERKNQSTAVLIFYWHMCP>
#	G	D	E	R	K	N	Q	S	T	A	V	L	I	F	Y	W	H	M	C	P
0	0.00991	0.00923	0.01481	0.11108	0.56934	0.00964	0.02318	0.01384	0.13444	0.01391	0.00941	0.01140	0.00757	0.00409	0.00410	0.00127	0.00465	0.00388	0.03803	0.00624
1	0.02788	0.00544	0.00572	0.00544	0.00686	0.03104	0.00417	0.07774	0.01085	0.01409	0.23615	0.08828	0.41530	0.00937	0.00481	0.00139	0.00258	0.04493	0.00398	0.00400
2	0.00715	0.00547	0.00687	0.00738	0.00848	0.00574	0.00596	0.01108	0.20034	0.01314	0.02102	0.23849	0.02214	0.01048	0.00527	0.00174	0.00335	0.41762	0.00393	0.00436
3	0.00506	0.00361	0.00482	0.00578	0.00602	0.00337	0.00386	0.00578	0.00795	0.01060	0.02289	0.85131	0.02747	0.01301	0.00530	0.00169	0.00241	0.01181	0.00386	0.00337
4	0.01067	0.01052	0.06211	0.02314	0.68830	0.00983	0.04783	0.03849	0.00985	0.04724	0.00824	0.01038	0.00666	0.00381	0.00414	0.00125	0.00502	0.00374	0.00223	0.00655
5	0.01541	0.04500	0.03024	0.10792	0.01271	0.00728	0.00700	0.05481	0.03029	0.54660	0.01445	0.01465	0.00989	0.00519	0.00411	0.00129	0.00386	0.03897	0.04396	0.00638
6	0.00707	0.00575	0.00752	0.00721	0.00796	0.04500	0.00563	0.02685	0.00717	0.01013	0.01013	0.01476	0.00938	0.02497	0.61845	0.05656	0.09750	0.00420	0.02991	0.00382
7	0.00599	0.00400	0.00455	0.00460	0.00461	0.00399	0.00259	0.00603	0.00614	0.00819	0.01362	0.07180	0.01577	0.80849	0.02028	0.00390	0.00394	0.00635	0.00259	0.00256
8	0.01038	0.05593	0.55068	0.01134	0.04179	0.01021	0.02209	0.12519	0.04852	0.07211	0.00882	0.00961	0.00627	0.00422	0.00396	0.00129	0.00550	0.00332	0.00245	0.00632
9	0.01044	0.50329	0.14976	0.01210	0.18795	0.01367	0.02920	0.01284	0.02547	0.01137	0.00677	0.00807	0.00576	0.00369	0.00327	0.00105	0.00486	0.00279	0.00189	0.00576
10	0.00578	0.00423	0.00543	0.00515	0.00615	0.00388	0.00386	0.00765	0.01150	0.01610	0.74706	0.04639	0.10380	0.00874	0.00491	0.00132	0.00198	0.00769	0.00450	0.00388
11	0.04709	0.10808	0.69711	0.01105	0.01665	0.01040	0.01390	0.01298	0.00862	0.01299	0.00717	0.00847	0.00524	0.00396	0.00392	0.00128	0.02040	0.00295	0.00179	0.00595
12	0.00984	0.03639	0.08970	0.00908	0.04693	0.00800	0.04267	0.04733	0.24327	0.10530	0.14364	0.03616	0.02672	0.00670	0.00453	0.00142	0.00376	0.12917	0.00380	0.00558
13	0.00639	0.00419	0.00553	0.00575	0.00652	0.00389	0.00412	0.00783	0.02156	0.06812	0.33169	0.45253	0.03055	0.01061	0.00506	0.00151	0.00235	0.02368	0.00422	0.00389
14	0.01585	0.01172	0.01238	0.00953	0.01283	0.03211	0.00786	0.77690	0.01917	0.04466	0.01004	0.01001	0.00710	0.00497	0.00415	0.00124	0.00462	0.00372	0.00413	0.00701
15	0.03105	0.04874	0.01737	0.01341	0.04940	0.14932	0.37800	0.04674	0.09317	0.02228	0.04428	0.04759	0.00909	0.00466	0.00464	0.00132	0.02627	0.00460	0.00261	0.00545
16	0.00751	0.00598	0.04897	0.03080	0.03496	0.00528	0.04346	0.02123	0.04283	0.08492	0.03738	0.45327	0.02073	0.04062	0.02495	0.00179	0.00353	0.08386	0.00362	0.00430
17	0.00537	0.00387	0.00516	0.00608	0.00651	0.00365	0.00438	0.00634	0.00833	0.01099	0.02356	0.65958	0.06189	0.01261	0.00537	0.00172	0.00267	0.16462	0.00385	0.00347
18	0.06271	0.01922	0.67983	0.01247	0.06754	0.00962	0.05055	0.01320	0.00881	0.02796	0.00757	0.00894	0.00543	0.00393	0.00392	0.00131	0.00588	0.00316	0.00190	0.00606
19	0.01025	0.04831	0.01736	0.03846	0.73940	0.01019	0.04995	0.01272	0.00941	0.01333	0.00774	0.01017	0.00649	0.00369	0.00408	0.00123	0.00502	0.00369	0.00204	0.00644
20	0.00992	0.01089	0.02271	0.01939	0.21179	0.01035	0.62439	0.01317	0.00972	0.01337	0.00826	0.01099	0.00637	0.00355	0.00472	0.00136	0.00652	0.00462	0.00209	0.00583
21	0.00510	0.00396	0.00465	0.00508	0.00592	0.00351	0.00362	0.00611	0.00899	0.01144	0.09947	0.39927	0.38586	0.01148	0.00510	0.00153	0.00227	0.02923	0.00392	0.00349
22	0.00850	0.00784	0.01293	0.53084	0.24281	0.00903	0.01108	0.01140	0.03697	0.01186	0.00857	0.03667	0.00696	0.00438	0.00412	0.00134	0.00504	0.00398	0.04051	0.00514
23	0.00516	0.00368	0.00476	0.00558	0.00584	0.00345	0.00368	0.00582	0.00780	0.01035	0.02259	0.72712	0.05866	0.10591	0.00704	0.00193	0.00258	0.01105	0.00371	0.00328
24	0.00573	0.00486	0.00505	0.00487	0.00614	0.03797	0.00366	0.00713	0.01046	0.01331	0.34790	0.03513	0.48403	0.00947	0.00486	0.00135	0.00227	0.00802	0.00407	0.00372
25	0.00513	0.00366	0.00484	0.00574	0.00599	0.00343	0.00383	0.00585	0.00793	0.01058	0.03177	0.79452	0.02700	0.05110	0.00602	0.00179	0.00250	0.02115	0.00380	0.00335
26	0.07574	0.01823	0.01199	0.00980	0.04920	0.02583	0.02488	0.58788	0.01681	0.07386	0.04819	0.01135	0.00868	0.00503	0.00409	0.00126	0.00440	0.01225	0.00393	0.00660
27	0.00792	0.00754	0.01295	0.81004	0.02832	0.00928	0.04451	0.01072	0.00837	0.01072	0.00742	0.01108	0.00557	0.00413	0.00418	0.00138	0.00560	0.00374	0.00186	0.00465
28	0.01021	0.00869	0.00913	0.00824	0.01052	0.01003	0.00640	0.02149	0.78258	0.01729	0.01675	0.01550	0.01258	0.00560	0.00416	0.00139	0.00322	0.00466	0.04511	0.00645
29	0.00506	0.00361	0.00482	0.00578	0.00602	0.00337	0.00386	0.00578	0.00795	0.01060	0.02289	0.85131	0.02747	0.01301	0.00530	0.00169	0.00241	0.01181	0.00386	0.00337
30	0.01507	0.01821	0.01131	0.01027	0.01238	0.74067	0.00772	0.01642	0.03223	0.04882	0.00788	0.04509	0.00674	0.00474	0.00385	0.00112	0.00697	0.00320	0.00241	0.00490
31	0.01058	0.00874	0.00933	0.00839	0.01074	0.01002	0.00656	0.02165	0.76666	0.05072	0.01701	0.01624	0.01287	0.00576	0.00426	0.00142	0.00331	0.02496	0.00425	0.00652
32	0.00619	0.00431	0.00564	0.00529	0.00631	0.00397	0.00397	0.00812	0.01170	0.03694	0.79331	0.04322	0.03829	0.00848	0.00489	0.00131	0.00201	0.00749	0.00458	0.00399
33	0.00784	0.00738	0.01246	0.84404	0.02861	0.00923	0.01154	0.01061	0.00831	0.01061	0.00738	0.01107	0.00554	0.00415	0.00415	0.00138	0.00554	0.00369	0.00185	0.00461
34	0.01028	0.00987	0.01686	0.02550	0.82811	0.00987	0.01275	0.01275	0.00946	0.01357	0.00781	0.01028	0.00658	0.00370	0.00411	0.00123	0.00493	0.00370	0.00206	0.00658
35	0.00892	0.10623	0.63954	0.01212	0.07055	0.03531	0.02298	0.01302	0.00896	0.01283	0.02815	0.00921	0.00624	0.00401	0.00385	0.00126	0.00583	0.00315	0.00186	0.00598
36	0.00874	0.00746	0.00868	0.00621	0.00990	0.00567	0.00497	0.02465	0.00881	0.01376	0.00743	0.00864	0.00617	0.00311	0.00310	0.00063	0.00310	0.00248	0.00249	0.86401
37	0.01098	0.00910	0.00977	0.00911	0.04222	0.02929	0.00685	0.04048	0.69151	0.06259	0.01621	0.01546	0.01221	0.00559	0.00423	0.00139	0.00350	0.01883	0.00414	0.00652
38	0.00569	0.00476	0.03025	0.00517	0.00640	0.00401	0.00406	0.00744	0.01082	0.01474	0.55112	0.03245	0.25683	0.02210	0.02462	0.00150	0.00237	0.00763	0.00420	0.00385
39	0.00491	0.00419	0.00423	0.00426	0.00562	0.00350	0.00318	0.00596	0.00942	0.01120	0.04150	0.06456	0.80222	0.01060	0.00492	0.00141	0.00211	0.00886	0.00386	0.00350
40	0.00588	0.00425	0.00555	0.00523	0.00621	0.00392	0.00392	0.00784	0.01176	0.01666	0.82592	0.03103	0.03919	0.00849	0.00490	0.00131	0.00196	0.00751	0.00457	0.00392
41	0.01033	0.00892	0.00939	0.00845	0.01080	0.01033	0.00657	0.02207	0.82061	0.01738	0.01691	0.01550	0.01268	0.00564	0.00423	0.00141	0.00329	0.00470	0.00423	0.00657
42	0.01663	0.00675	0.00911	0.00707	0.01005	0.00582	0.00579	0.01829	0.01171	0.69426	0.11098	0.01584	0.01347	0.00543	0.00421	0.00125	0.00333	0.00448	0.00494	0.05057
43	0.00518	0.00369	0.00490	0.00582	0.00608	0.00347	0.00393	0.00593	0.00795	0.01058	0.02245	0.77973	0.02680	0.04754	0.00597	0.00179	0.00254	0.04850	0.00380	0.00336
44	0.00784	0.00738	0.01246	0.84404	0.02861	0.00923	0.01154	0.01061	0.00831	0.01061	0.00738	0.01107	0.00554	0.00415	0.00415	0.00138	0.00554	0.00369	0.00185	0.00461
45	0.00493	0.00421	0.00424	0.00423	0.00562	0.00352	0.00317	0.00600	0.00952	0.01134	0.05938	0.03978	0.80905	0.01047	0.00491	0.00140	0.00210	0.00874	0.00387	0.00352
46	0.00504	0.00421	0.00439	0.00435	0.00569	0.00356	0.00326	0.00622	0.00978	0.01196	0.14879	0.03876	0.71925	0.01024	0.00491	0.00139	0.00208	0.00860	0.00395	0.00356
47	0.00871	0.06856	0.66958	0.03255	0.11362	0.01006	0.01447	0.01301	0.00882	0.01295	0.00740	0.00888	0.00543	0.00390	0.00390	0.00128	0.00588	0.00311	0.00179	0.00611
48	0.01838	0.00743	0.01234	0.69676	0.09195	0.00892	0.01099	0.01102	0.00843	0.04686	0.00779	0.01116	0.00589	0.00457	0.00463	0.03714	0.00529	0.00369	0.00201	0.00477
49	0.00839	0.02107	0.79957	0.01207	0.01813	0.00968	0.04785	0.01316	0.00881	0.01316	0.00749	0.00887	0.00530	0.00393	0.00399	0.00132	0.00617	0.00314	0.00177	0.00612
50	0.00833	0.02149	0.83250	0.01184	0.01798	0.00965	0.01535	0.01315	0.00877	0.01315	0.00745	0.00877	0.00526	0.00395	0.00395	0.00132	0.00614	0.00307	0.00175	0.00614
51	0.01007	0.00964	0.01553	0.03754	0.68701	0.02872	0.01180	0.01285	0.04739	0.01343	0.00908	0.03172	0.00799	0.00442	0.00440	0.00129	0.02222	0.03637	0.00227	0.00627
52	0.01491	0.00883	0.01102	0.06298	0.08642	0.09405	0.04004	0.06748	0.02012	0.44433	0.03249	0.07643	0.01076	0.00546	0.00426	0.00130	0.00429	0.00461	0.00403	0.00621
53	0.01111	0.85652	0.02177	0.00711	0.01066	0.01644	0.00711	0.01244	0.00844	0.00977	0.00577	0.00666	0.00533	0.00355	0.00267	0.00089	0.00444	0.00222	0.00178	0.00533
54	0.01004	0.01226	0.21511	0.02931	0.01600	0.02872	0.27236	0.02878	0.03546	0.10002	0.09345	0.01328	0.02497	0.00496	0.00545	0.00139	0.09569	0.00447	0.00270	0.00558
55	0.00667	0.05648	0.09424	0.00605	0.00710	0.00554	0.00493	0.00764	0.00703	0.00944	0.01325	0.02624	0.01448	0.53909	0.06548	0.00340	0.00468	0.12235	0.00257	0.00333
56	0.01736	0.00711	0.00950	0.00741	0.01033	0.00649	0.00610	0.03757	0.02566	0.71400	0.01560	0.01392	0.01006	0.00522	0.00452	0.00129	0.04050	0.00413	0.05647	0.00676
57	0.00612	0.00514	0.04242	0.00652	0.00759	0.00430	0.04436	0.00751	0.02261	0.04476	0.05513	0.55312	0.14584	0.01111	0.00509	0.00158	0.00283	0.02632	0.00376	0.00386
58	0.02508	0.01050	0.03828	0.03557	0.13504	0.00979	0.57524	0.01282	0.00962	0.02741	0.00943	0.03917	0.00778	0.00424	0.00475	0.00140	0.00625	0.03978	0.00227	0.00559
59	0.00880	0.00912	0.01770	0.37560	0.07378	0.00976	0.35730	0.01176	0.00890	0.01190	0.00794	0.01123	0.00613	0.00505	0.03906	0.00161	0.03300	0.00424	0.00198	0.00512
60	0.00958	0.01883	0.14250	0.05175	0.12625	0.01011	0.32837	0.01244	0.00885	0.04602	0.00817	0.01096	0.00650	0.02070	0.04349	0.00171	0.14200	0.00415	0.00212	0.00552
61	0.01029	0.02423	0.04279	0.06628	0.61272	0.01880	0.08510	0.04656	0.01731	0.01388	0.01785	0.01056	0.00689	0.00385	0.00417	0.00126	0.00515	0.00381	0.00217	0.00632
62	0.00962	0.01039	0.02024	0.02999	0.04437	0.05244	0.59540	0.01262	0.01003	0.02832	0.09463	0.05123	0.01072	0.00454	0.00481	0.00138	0.00614	0.00530	0.00249	0.00532
63	0.01340	0.01064	0.01111	0.00910	0.01197	0.03084	0.00732	0.45027	0.36877	0.02197	0.01291	0.01232	0.00947	0.00525	0.00418	0.00131	0.00408	0.00413	0.00414	0.00680

[dist]
# distance from previous block
# <min> <max>
0	1

[block]
# block no. 5 follows, 64 sequences, length 35
# corresponding to MSA columns:
# 314-348
name=unknown_F
#
# <colnr> <probs for GDERKNQSTAVLIFYWHMCP>
#	G	D	E	R	K	N	Q	S	T	A	V	L	I	F	Y	W	H	M	C	P
0	0.69434	0.02188	0.00754	0.00646	0.00905	0.10863	0.00524	0.08011	0.00870	0.01813	0.00621	0.00711	0.00483	0.00400	0.00285	0.00125	0.00386	0.00242	0.00264	0.00476
1	0.00603	0.00406	0.00469	0.00469	0.00474	0.00411	0.00271	0.00614	0.00609	0.00817	0.01295	0.02640	0.01476	0.79452	0.08018	0.00422	0.00454	0.00593	0.00250	0.00260
2	0.00617	0.00455	0.00594	0.02586	0.01859	0.00442	0.00518	0.02709	0.00923	0.01211	0.03908	0.31374	0.15602	0.01111	0.00524	0.00167	0.00303	0.31112	0.03611	0.00376
3	0.00965	0.00752	0.00893	0.02691	0.01048	0.00594	0.00529	0.04098	0.00927	0.07806	0.00819	0.00916	0.00649	0.00334	0.00323	0.00071	0.00323	0.00267	0.00272	0.75725
4	0.00872	0.00714	0.00833	0.00606	0.00957	0.00541	0.00484	0.01050	0.00880	0.04362	0.01023	0.01109	0.06562	0.00369	0.00325	0.00070	0.00302	0.00298	0.00266	0.78379
5	0.80341	0.00812	0.00654	0.00572	0.00836	0.00928	0.00471	0.04298	0.00780	0.06321	0.00652	0.00727	0.00491	0.00397	0.00272	0.00128	0.00328	0.00241	0.00277	0.00474
