[name]
unknown

[dist]
# distance from previous block
# <min> <max>
29	830

[block]
# block no. 0 follows, 52 sequences, length 16
# corresponding to MSA columns:
# 910-925
name=unknown_A
#
# <colnr> <probs for GDERKNQSTAVLIFYWHMCP>
#	G	D	E	R	K	N	Q	S	T	A	V	L	I	F	Y	W	H	M	C	P
0	0.00893	0.03381	0.05906	0.02724	0.04907	0.02614	0.04158	0.06360	0.02282	0.01596	0.18235	0.24708	0.07067	0.00943	0.00576	0.01760	0.01877	0.00808	0.00394	0.08811
1	0.01072	0.01085	0.09028	0.09721	0.11014	0.05341	0.03710	0.03446	0.09518	0.06044	0.05810	0.07131	0.10499	0.03979	0.00607	0.00164	0.02861	0.00591	0.00348	0.08031
2	0.01070	0.02606	0.04650	0.04862	0.04351	0.03993	0.02189	0.04336	0.05069	0.11090	0.12099	0.10210	0.03894	0.08424	0.08570	0.00242	0.00523	0.04228	0.00389	0.07205
3	0.01268	0.01082	0.01379	0.01446	0.18687	0.07471	0.05964	0.06608	0.04397	0.06981	0.05436	0.11743	0.04356	0.03442	0.00617	0.00169	0.02214	0.00615	0.00383	0.15741
4	0.05324	0.13622	0.08511	0.04122	0.19564	0.10690	0.06786	0.08298	0.03215	0.01613	0.02872	0.01331	0.02365	0.00521	0.00472	0.00140	0.02171	0.02812	0.00283	0.05290
5	0.01298	0.52118	0.13320	0.01076	0.05629	0.08391	0.01007	0.05604	0.02749	0.01344	0.00792	0.00917	0.00674	0.00533	0.02620	0.00137	0.00599	0.00310	0.00235	0.00647
6	0.01303	0.00921	0.01142	0.04966	0.05292	0.00816	0.00728	0.09553	0.04382	0.15499	0.01135	0.01212	0.00855	0.00524	0.02317	0.00122	0.00435	0.00368	0.00364	0.48066
7	0.01383	0.58032	0.06162	0.01053	0.05319	0.18490	0.00933	0.01559	0.01074	0.01192	0.00711	0.00831	0.00629	0.00436	0.00353	0.00113	0.00606	0.00284	0.00218	0.00621
8	0.01061	0.00869	0.01024	0.02975	0.01171	0.02361	0.04329	0.10010	0.29330	0.03588	0.22005	0.06552	0.11034	0.00822	0.00530	0.00160	0.00376	0.00708	0.00474	0.00621
9	0.00705	0.00470	0.00529	0.00529	0.00529	0.00470	0.00294	0.00705	0.00705	0.00940	0.01527	0.03171	0.01762	0.82969	0.02467	0.00470	0.00470	0.00705	0.00294	0.00294
10	0.86392	0.00937	0.00712	0.00637	0.00937	0.01087	0.00525	0.01425	0.00825	0.02174	0.00675	0.00787	0.00525	0.00450	0.00300	0.00150	0.00375	0.00262	0.00300	0.00525
11	0.02666	0.24623	0.04067	0.00971	0.01308	0.12696	0.03053	0.04984	0.22396	0.04068	0.01314	0.05331	0.02632	0.00575	0.00428	0.00134	0.00512	0.00446	0.00341	0.07454
12	0.00890	0.00606	0.00835	0.00828	0.03406	0.00559	0.04377	0.02387	0.01069	0.11431	0.02762	0.40563	0.18610	0.01168	0.00593	0.00176	0.01898	0.03434	0.00442	0.03966
13	0.16361	0.01224	0.04641	0.01107	0.06012	0.04027	0.02851	0.36580	0.05213	0.04919	0.03307	0.03866	0.03257	0.00592	0.00456	0.00147	0.00493	0.00461	0.00407	0.04079
14	0.21525	0.07471	0.09853	0.09299	0.07120	0.02217	0.02890	0.02818	0.04632	0.04870	0.05008	0.01351	0.02614	0.00760	0.06673	0.00192	0.01537	0.00411	0.02305	0.06454
15	0.01255	0.10947	0.08610	0.12309	0.10088	0.09720	0.07468	0.07527	0.06922	0.07318	0.01285	0.09815	0.02234	0.01774	0.00508	0.00154	0.00576	0.00528	0.00321	0.00640

[dist]
# distance from previous block
# <min> <max>
1	14

[block]
# block no. 1 follows, 52 sequences, length 6
# corresponding to MSA columns:
# 940-945
name=unknown_B
#
# <colnr> <probs for GDERKNQSTAVLIFYWHMCP>
#	G	D	E	R	K	N	Q	S	T	A	V	L	I	F	Y	W	H	M	C	P
0	0.01027	0.07935	0.22781	0.02640	0.08417	0.00920	0.01006	0.03018	0.05075	0.06461	0.05283	0.13823	0.05849	0.02827	0.00530	0.00154	0.00481	0.00595	0.00333	0.10846
1	0.02645	0.03389	0.23117	0.02553	0.01384	0.00818	0.07417	0.01165	0.02713	0.01406	0.01845	0.15150	0.07252	0.08176	0.00734	0.00202	0.02060	0.15240	0.00329	0.02406
2	0.01284	0.57566	0.08469	0.00919	0.01317	0.11799	0.00895	0.01472	0.01025	0.01197	0.00747	0.00890	0.00663	0.00628	0.05383	0.00151	0.00621	0.00291	0.00219	0.04464
3	0.01197	0.10801	0.40406	0.01228	0.06070	0.01113	0.01289	0.05147	0.04368	0.10494	0.01087	0.03841	0.00833	0.00508	0.00445	0.00140	0.00577	0.00404	0.00294	0.09757
4	0.27052	0.26544	0.10384	0.04652	0.04440	0.01297	0.00863	0.01517	0.06524	0.05078	0.00978	0.03015	0.00829	0.02501	0.00428	0.00148	0.00482	0.02373	0.00288	0.00607
5	0.01245	0.48563	0.23751	0.01015	0.01500	0.01615	0.01096	0.07802	0.06667	0.01467	0.00860	0.00950	0.00697	0.00458	0.00379	0.00125	0.00564	0.00321	0.00249	0.00675

[dist]
# distance from previous block
# <min> <max>
0	2

[block]
# block no. 2 follows, 52 sequences, length 6
# corresponding to MSA columns:
# 948-953
name=unknown_C
#
# <colnr> <probs for GDERKNQSTAVLIFYWHMCP>
#	G	D	E	R	K	N	Q	S	T	A	V	L	I	F	Y	W	H	M	C	P
0	0.01112	0.07146	0.38596	0.03291	0.14879	0.03470	0.05012	0.01547	0.04388	0.06335	0.03070	0.03025	0.04933	0.00542	0.00474	0.00150	0.00610	0.00457	0.00276	0.00687
1	0.00986	0.06185	0.57485	0.01427	0.07076	0.01105	0.07158	0.01465	0.01071	0.01561	0.08988	0.01311	0.01041	0.00507	0.00474	0.00151	0.00654	0.00427	0.00244	0.00684
2	0.06394	0.01951	0.55050	0.01201	0.01764	0.01016	0.04340	0.03854	0.01065	0.01596	0.03879	0.01549	0.09559	0.00698	0.03882	0.00181	0.00649	0.00460	0.00261	0.00651
3	0.05159	0.09585	0.28220	0.11348	0.16426	0.07972	0.04798	0.01539	0.05068	0.01489	0.01024	0.01206	0.03134	0.00488	0.00453	0.00147	0.00633	0.00402	0.00245	0.00663
4	0.00780	0.03810	0.00828	0.07960	0.00993	0.00658	0.00574	0.00899	0.00821	0.03375	0.01558	0.09207	0.04355	0.28452	0.30835	0.00490	0.03045	0.00650	0.00296	0.00414
5	0.00946	0.08034	0.06844	0.00970	0.07770	0.00764	0.03730	0.01180	0.05309	0.08304	0.06524	0.18561	0.18053	0.06633	0.00714	0.03562	0.00405	0.00783	0.00384	0.00530

[dist]
# distance from previous block
# <min> <max>
0	4

[block]
# block no. 3 follows, 52 sequences, length 36
# corresponding to MSA columns:
# 958-993
name=unknown_D
#
# <colnr> <probs for GDERKNQSTAVLIFYWHMCP>
#	G	D	E	R	K	N	Q	S	T	A	V	L	I	F	Y	W	H	M	C	P
0	0.07667	0.00979	0.01294	0.07074	0.21931	0.04220	0.03619	0.06526	0.04686	0.03014	0.06164	0.03178	0.07463	0.00610	0.00488	0.00142	0.01904	0.02995	0.03237	0.12809
1	0.02047	0.03078	0.03395	0.04438	0.07331	0.00730	0.00680	0.01229	0.08963	0.01630	0.18920	0.04166	0.15139	0.00718	0.00477	0.00131	0.00357	0.00611	0.00382	0.25579
2	0.01036	0.08161	0.07644	0.07600	0.03110	0.00887	0.00796	0.04048	0.04740	0.04499	0.01398	0.10652	0.05893	0.00617	0.00475	0.00125	0.03102	0.00505	0.00321	0.34391
3	0.10512	0.01012	0.05570	0.34669	0.12282	0.01033	0.05597	0.02318	0.01005	0.02454	0.01064	0.02449	0.04172	0.00520	0.00508	0.00150	0.04174	0.00441	0.00259	0.09811
4	0.02632	0.01069	0.01398	0.14968	0.18051	0.02958	0.01022	0.26944	0.03444	0.01928	0.01068	0.03887	0.00878	0.00788	0.04496	0.06454	0.02829	0.00458	0.00332	0.04398
5	0.00958	0.03693	0.05460	0.05100	0.16855	0.00953	0.21926	0.01260	0.03894	0.01446	0.03127	0.16249	0.09745	0.02520	0.00615	0.00172	0.03028	0.02098	0.00316	0.00586
6	0.01129	0.01061	0.01861	0.24183	0.47719	0.01109	0.08907	0.01423	0.01065	0.03214	0.00925	0.01252	0.00743	0.00481	0.00528	0.02422	0.00611	0.00446	0.00241	0.00681
7	0.00805	0.00598	0.00826	0.08240	0.01109	0.00566	0.01957	0.00952	0.00963	0.05459	0.01987	0.48494	0.02204	0.01232	0.04662	0.00197	0.01888	0.00963	0.00388	0.16508
8	0.01508	0.01237	0.01453	0.14986	0.09336	0.07229	0.02391	0.33971	0.09965	0.06291	0.01155	0.01256	0.00853	0.00551	0.00510	0.00148	0.02813	0.00437	0.00387	0.03522
9	0.01032	0.00824	0.01018	0.00897	0.02682	0.00823	0.04038	0.03348	0.25141	0.05246	0.03193	0.08272	0.11076	0.00934	0.04467	0.04689	0.01691	0.02203	0.00400	0.18027
10	0.24266	0.02942	0.03954	0.10847	0.24324	0.01065	0.04716	0.04747	0.03208	0.01738	0.02788	0.03321	0.04481	0.00640	0.02581	0.00170	0.00523	0.02774	0.00297	0.00617
11	0.01119	0.05509	0.19543	0.03469	0.05960	0.04481	0.45961	0.01519	0.01098	0.01490	0.00940	0.01223	0.00719	0.00568	0.04052	0.00183	0.00789	0.00488	0.00234	0.00655
12	0.00702	0.00516	0.00763	0.00763	0.00851	0.00598	0.00593	0.00878	0.00790	0.01158	0.01312	0.01899	0.01213	0.03486	0.77158	0.00747	0.01246	0.00516	0.04376	0.00434
13	0.04434	0.00812	0.01076	0.00909	0.03720	0.00770	0.00711	0.04311	0.01299	0.53829	0.05973	0.04275	0.05139	0.00684	0.00567	0.00155	0.06229	0.00544	0.03837	0.00725
14	0.01194	0.31607	0.04545	0.07042	0.20741	0.03808	0.05219	0.01519	0.07419	0.02422	0.01082	0.01412	0.02298	0.01632	0.00480	0.00143	0.02007	0.04513	0.00266	0.00650
15	0.00712	0.00546	0.00762	0.00882	0.05023	0.00522	0.02231	0.00875	0.01041	0.01354	0.02816	0.31212	0.14518	0.03183	0.00666	0.00205	0.00374	0.32207	0.00430	0.00440
16	0.00587	0.00490	0.00513	0.00522	0.00674	0.00416	0.00393	0.00716	0.01107	0.01339	0.07976	0.08754	0.69315	0.01237	0.00579	0.00167	0.00255	0.04093	0.00454	0.00412
17	0.01230	0.03726	0.02017	0.02752	0.67886	0.05383	0.06921	0.01514	0.01117	0.01547	0.00901	0.01177	0.00753	0.00433	0.00479	0.00143	0.00607	0.00430	0.00240	0.00744
18	0.04274	0.13102	0.15118	0.01293	0.04215	0.05991	0.13261	0.17972	0.02994	0.07444	0.01038	0.02842	0.00807	0.00580	0.01726	0.00158	0.05744	0.00432	0.00319	0.00688
19	0.00862	0.00763	0.01066	0.02581	0.01046	0.00986	0.00778	0.00978	0.00782	0.01155	0.01188	0.12386	0.01251	0.10033	0.21694	0.00378	0.39244	0.00605	0.01766	0.00462
20	0.00614	0.00474	0.00563	0.00610	0.00713	0.00425	0.00448	0.00742	0.01063	0.01355	0.11229	0.32204	0.35755	0.02788	0.00633	0.00186	0.00281	0.09051	0.00455	0.00410
21	0.03558	0.04719	0.07886	0.10046	0.23857	0.14067	0.02005	0.13115	0.05511	0.07072	0.01118	0.01255	0.02630	0.00515	0.00466	0.00144	0.00602	0.00421	0.00316	0.00697
22	0.01378	0.01465	0.04936	0.03077	0.28207	0.20868	0.14841	0.02983	0.01180	0.06885	0.00971	0.02100	0.00788	0.01582	0.01696	0.00161	0.05502	0.00443	0.00272	0.00667
23	0.22189	0.01201	0.01468	0.14215	0.30189	0.11724	0.02109	0.01464	0.01018	0.01585	0.00800	0.01058	0.00658	0.00490	0.00531	0.00152	0.07900	0.00375	0.00250	0.00622
24	0.01227	0.29900	0.01907	0.23663	0.16971	0.12214	0.02169	0.01456	0.01059	0.01286	0.00815	0.01055	0.00679	0.00454	0.00413	0.00131	0.00607	0.00357	0.03022	0.00614
25	0.00599	0.00449	0.00550	0.00614	0.00685	0.00407	0.00423	0.00704	0.01007	0.01309	0.10330	0.51504	0.23528	0.04685	0.00677	0.00195	0.00274	0.01210	0.00451	0.00400
26	0.01268	0.08557	0.10267	0.05567	0.32976	0.06804	0.04047	0.05603	0.04271	0.07251	0.04555	0.04584	0.01050	0.00537	0.00474	0.00145	0.00570	0.00472	0.00303	0.00698
27	0.03599	0.13874	0.35042	0.01121	0.01612	0.01258	0.01212	0.22265	0.01352	0.03868	0.01127	0.09455	0.00952	0.00599	0.00457	0.00148	0.00575	0.00470	0.00319	0.00696
28	0.02174	0.00825	0.01125	0.00862	0.01237	0.00712	0.00712	0.02362	0.01387	0.80282	0.01912	0.01649	0.01200	0.00600	0.00487	0.00150	0.00412	0.00487	0.00600	0.00825
29	0.00635	0.00652	0.07304	0.00649	0.00813	0.00487	0.00532	0.00819	0.03025	0.01357	0.07907	0.31213	0.40377	0.01235	0.00577	0.00174	0.00300	0.01069	0.00435	0.00441
30	0.05550	0.35122	0.06080	0.01309	0.14090	0.15137	0.02084	0.07403	0.01191	0.06666	0.00858	0.00970	0.00696	0.00461	0.00396	0.00126	0.00590	0.00334	0.00272	0.00665
31	0.00674	0.00494	0.00632	0.00600	0.00717	0.00452	0.00449	0.00889	0.01338	0.01871	0.71245	0.05250	0.11534	0.01023	0.00573	0.00154	0.00231	0.00900	0.00524	0.00452
32	0.00596	0.00433	0.00563	0.00654	0.00700	0.00400	0.00444	0.00695	0.00977	0.01298	0.08861	0.69899	0.09786	0.01453	0.00611	0.00191	0.00274	0.01309	0.00456	0.00400
33	0.01150	0.22983	0.47745	0.01180	0.01745	0.04923	0.01381	0.05556	0.01100	0.03279	0.00926	0.04274	0.00746	0.00503	0.00429	0.00141	0.00639	0.00379	0.00241	0.00680
34	0.00810	0.00790	0.06556	0.00832	0.02025	0.02850	0.03610	0.02097	0.11040	0.01676	0.32487	0.23298	0.07978	0.01012	0.00560	0.00166	0.00347	0.00897	0.00455	0.00515
35	0.00900	0.00785	0.01170	0.33183	0.14280	0.02605	0.00989	0.01159	0.01081	0.01461	0.13034	0.02338	0.08231	0.02425	0.00548	0.00164	0.00488	0.07090	0.07535	0.00532

[dist]
# distance from previous block
# <min> <max>
0	2

[block]
# block no. 4 follows, 52 sequences, length 60
# corresponding to MSA columns:
# 996-1055
name=unknown_E
#
# <colnr> <probs for GDERKNQSTAVLIFYWHMCP>
#	G	D	E	R	K	N	Q	S	T	A	V	L	I	F	Y	W	H	M	C	P
0	0.01169	0.01140	0.01998	0.06828	0.67533	0.01142	0.08569	0.01467	0.01100	0.01558	0.00984	0.01274	0.02120	0.00446	0.00490	0.00147	0.00596	0.00455	0.00243	0.00739
1	0.01109	0.10727	0.47215	0.04699	0.14475	0.01205	0.04701	0.03727	0.01088	0.04165	0.02004	0.01108	0.00727	0.00465	0.00456	0.00147	0.00652	0.00385	0.00238	0.00708
2	0.01490	0.35458	0.09897	0.01121	0.02814	0.37640	0.00991	0.01674	0.01162	0.01209	0.00731	0.00859	0.00625	0.00466	0.00410	0.00121	0.02203	0.00299	0.00227	0.00605
3	0.03192	0.02214	0.01467	0.64983	0.09332	0.02566	0.01280	0.03676	0.01018	0.01341	0.00881	0.01274	0.00678	0.00598	0.03445	0.00180	0.00656	0.00425	0.00230	0.00564
4	0.02668	0.34641	0.03692	0.00751	0.01038	0.01120	0.00676	0.01336	0.01178	0.11330	0.31890	0.02071	0.02273	0.02801	0.00495	0.00140	0.00393	0.00544	0.00388	0.00575
5	0.01188	0.01155	0.02017	0.04947	0.72453	0.01155	0.06945	0.01485	0.01103	0.01572	0.00915	0.01209	0.00762	0.00431	0.00486	0.00146	0.00595	0.00442	0.00240	0.00754
6	0.01005	0.00861	0.01005	0.00718	0.01148	0.00646	0.00574	0.01220	0.01005	0.01579	0.00861	0.01005	0.00718	0.00359	0.00359	0.00072	0.00359	0.00287	0.00287	0.85932
7	0.01164	0.11540	0.23892	0.01099	0.01507	0.07272	0.02252	0.01973	0.35257	0.01690	0.04392	0.01545	0.01205	0.00586	0.00466	0.00152	0.00534	0.02423	0.00354	0.00697
8	0.01259	0.04545	0.05598	0.01079	0.04754	0.24915	0.00840	0.04911	0.13466	0.03102	0.08329	0.07882	0.01551	0.02915	0.03512	0.00181	0.00588	0.06481	0.00359	0.03735
9	0.00703	0.00526	0.00763	0.00758	0.00830	0.00610	0.00575	0.00851	0.00768	0.01101	0.01312	0.02053	0.01271	0.14227	0.68466	0.00723	0.03242	0.00542	0.00263	0.00416
10	0.00663	0.00517	0.00626	0.00673	0.00799	0.00480	0.00541	0.00823	0.01099	0.01384	0.07681	0.13016	0.38821	0.01280	0.00628	0.00189	0.01565	0.28342	0.00449	0.00425
11	0.00695	0.00509	0.00726	0.00726	0.00794	0.00577	0.00539	0.00831	0.00763	0.01085	0.01347	0.02174	0.01329	0.20531	0.64312	0.00713	0.01122	0.00559	0.00267	0.00403
12	0.01662	0.01948	0.04013	0.05240	0.03755	0.52896	0.00980	0.12388	0.09659	0.01555	0.00949	0.01047	0.00747	0.00523	0.00454	0.00135	0.00751	0.00365	0.00304	0.00629
13	0.00600	0.00446	0.00578	0.00670	0.00712	0.00423	0.00456	0.00690	0.00943	0.01243	0.02866	0.71990	0.11569	0.01469	0.00638	0.00194	0.02358	0.01314	0.00444	0.00399
14	0.00606	0.00441	0.00574	0.00668	0.00713	0.00414	0.00452	0.00726	0.02510	0.01292	0.06630	0.73087	0.07167	0.01460	0.00611	0.00192	0.00279	0.01318	0.00455	0.00405
15	0.00582	0.00481	0.00512	0.00532	0.00671	0.00410	0.00392	0.00703	0.01080	0.01312	0.05954	0.17778	0.63829	0.01274	0.00582	0.00170	0.00255	0.02622	0.00452	0.00408
16	0.25510	0.04235	0.01200	0.23516	0.04074	0.01143	0.00894	0.15827	0.03141	0.01862	0.00982	0.03878	0.00806	0.00828	0.07920	0.00212	0.02651	0.00419	0.00310	0.00590
17	0.33629	0.01034	0.07107	0.00837	0.01204	0.00950	0.00738	0.05382	0.05852	0.36699	0.01337	0.01265	0.00901	0.00535	0.00415	0.00151	0.00425	0.00394	0.00445	0.00700
18	0.00813	0.00478	0.00535	0.00537	0.00613	0.00493	0.00379	0.00966	0.00912	0.01477	0.01683	0.08085	0.03482	0.20118	0.07406	0.00260	0.02719	0.00597	0.48036	0.00410
19	0.18313	0.00871	0.01061	0.00831	0.01192	0.00821	0.00686	0.05758	0.01321	0.61664	0.01639	0.01461	0.01052	0.00570	0.00451	0.00150	0.00411	0.00442	0.00537	0.00767
20	0.01023	0.11077	0.05299	0.20541	0.17456	0.04195	0.05654	0.01284	0.01075	0.01424	0.10974	0.03970	0.03677	0.00643	0.00556	0.00156	0.05247	0.04874	0.00288	0.00587
21	0.01062	0.02248	0.03169	0.01323	0.01634	0.00900	0.35016	0.01355	0.01197	0.09520	0.24726	0.08371	0.02114	0.00709	0.00607	0.00162	0.04218	0.00702	0.00380	0.00587
22	0.86392	0.00937	0.00712	0.00637	0.00937	0.01087	0.00525	0.01425	0.00825	0.02174	0.00675	0.00787	0.00525	0.00450	0.00300	0.00150	0.00375	0.00262	0.00300	0.00525
23	0.00973	0.27757	0.03743	0.00851	0.01070	0.05612	0.00744	0.01146	0.00896	0.01154	0.01078	0.01567	0.01014	0.03535	0.41783	0.00465	0.02984	0.02871	0.00246	0.00511
24	0.00970	0.00787	0.00874	0.00810	0.01009	0.00847	0.00621	0.06870	0.35565	0.01881	0.19694	0.12114	0.12233	0.00917	0.00539	0.00166	0.00331	0.02678	0.00490	0.00605
25	0.01202	0.03857	0.03885	0.07164	0.63022	0.04294	0.03037	0.01522	0.03534	0.01541	0.00925	0.01194	0.00767	0.00449	0.00488	0.00145	0.01568	0.00426	0.00245	0.00735
26	0.06833	0.01160	0.01999	0.02500	0.54134	0.01165	0.16407	0.01571	0.06448	0.01647	0.00982	0.01235	0.00794	0.00444	0.00487	0.00150	0.00596	0.00456	0.00262	0.00729
27	0.01652	0.00710	0.00882	0.00721	0.00995	0.00657	0.00581	0.04143	0.04305	0.45674	0.01769	0.01700	0.01215	0.00588	0.00432	0.00137	0.00345	0.00475	0.32335	0.00683
28	0.00713	0.00472	0.00562	0.00562	0.00571	0.00481	0.00335	0.00717	0.00708	0.00953	0.01456	0.02923	0.01642	0.69102	0.10715	0.06283	0.00554	0.00666	0.00284	0.00303
29	0.02798	0.01300	0.01924	0.06405	0.27795	0.09597	0.20657	0.13625	0.03459	0.01749	0.01009	0.01308	0.00812	0.01528	0.00549	0.00156	0.02374	0.01973	0.00292	0.00692
30	0.00602	0.00432	0.00583	0.00685	0.00719	0.00413	0.00466	0.00696	0.00925	0.01240	0.03555	0.74536	0.03066	0.01670	0.06714	0.00241	0.00360	0.02265	0.00436	0.00398
31	0.00697	0.00501	0.00684	0.00684	0.00738	0.00554	0.00488	0.00805	0.00751	0.01055	0.01384	0.02382	0.01419	0.33592	0.51375	0.00662	0.00985	0.00589	0.00272	0.00380
32	0.01672	0.01923	0.01335	0.03464	0.03945	0.57058	0.00924	0.04970	0.13134	0.04316	0.01028	0.02223	0.00824	0.00542	0.00454	0.00135	0.00746	0.00381	0.00310	0.00616
33	0.01250	0.15163	0.09994	0.06090	0.28710	0.06301	0.15202	0.06740	0.03154	0.01566	0.00911	0.01128	0.00728	0.00450	0.00464	0.00142	0.00638	0.00417	0.00254	0.00696
34	0.00854	0.00556	0.00765	0.00844	0.00965	0.00540	0.00712	0.01050	0.01108	0.07576	0.02609	0.16860	0.05295	0.01304	0.00644	0.00211	0.00412	0.56771	0.00459	0.00467
35	0.01152	0.01100	0.01872	0.10513	0.69997	0.01120	0.01440	0.01437	0.01085	0.01539	0.00963	0.03831	0.00834	0.00472	0.00485	0.00147	0.00573	0.00462	0.00244	0.00733
36	0.01258	0.03714	0.02085	0.09009	0.43547	0.01165	0.20483	0.03829	0.01155	0.07541	0.01000	0.01254	0.00779	0.00447	0.00499	0.00149	0.00626	0.00466	0.00273	0.00722
37	0.01048	0.00879	0.01394	0.64093	0.02868	0.01074	0.01225	0.05335	0.01049	0.06367	0.00959	0.01319	0.00716	0.00570	0.01813	0.00171	0.05350	0.00436	0.02765	0.00567
38	0.52785	0.07269	0.01160	0.00952	0.06386	0.03205	0.05749	0.01604	0.00982	0.14636	0.00913	0.00990	0.00674	0.00469	0.00365	0.00146	0.00447	0.00331	0.00332	0.00606
39	0.00625	0.00464	0.00616	0.00699	0.00745	0.00455	0.00492	0.00730	0.00955	0.01277	0.06043	0.64383	0.07416	0.01526	0.03783	0.00218	0.03341	0.05388	0.00437	0.00407
40	0.01147	0.01127	0.01762	0.07397	0.43708	0.06312	0.11120	0.03693	0.02054	0.01552	0.04011	0.02602	0.04940	0.02834	0.00561	0.00161	0.00587	0.03481	0.00283	0.00668
41	0.00844	0.00723	0.02281	0.00683	0.00963	0.00585	0.00544	0.01109	0.04932	0.01653	0.24236	0.05552	0.12556	0.00736	0.00473	0.00121	0.00313	0.02003	0.00398	0.39296
42	0.01465	0.03591	0.01420	0.05262	0.12674	0.27253	0.00982	0.11500	0.25050	0.01732	0.01196	0.01264	0.00931	0.00556	0.00499	0.00146	0.03022	0.00424	0.00348	0.00686
43	0.31775	0.04120	0.07044	0.00831	0.01185	0.05063	0.02097	0.04022	0.01069	0.16439	0.01130	0.07371	0.00919	0.00551	0.00400	0.00138	0.00442	0.00416	0.00357	0.14634
44	0.18174	0.08872	0.01266	0.00908	0.01245	0.09517	0.00753	0.13004	0.01326	0.31816	0.01230	0.01199	0.00857	0.00544	0.00476	0.00143	0.04318	0.00387	0.00423	0.03544
45	0.01022	0.00867	0.00929	0.00850	0.01081	0.00960	0.00658	0.02009	0.54184	0.01889	0.13422	0.02585	0.14802	0.00808	0.00520	0.00163	0.00340	0.01759	0.00491	0.00660
46	0.00693	0.00517	0.00769	0.00769	0.00852	0.00600	0.00594	0.00859	0.00776	0.01118	0.01307	0.01953	0.01233	0.06722	0.77990	0.00767	0.01266	0.00526	0.00261	0.00427
47	0.04046	0.01073	0.01068	0.00964	0.01226	0.05720	0.00747	0.02386	0.66699	0.01978	0.07175	0.01844	0.01610	0.00664	0.00489	0.00161	0.00401	0.00547	0.00475	0.00726
48	0.05784	0.01170	0.01255	0.00981	0.01326	0.01274	0.00806	0.57845	0.01963	0.09266	0.01259	0.01273	0.00898	0.00575	0.00456	0.00142	0.00474	0.00434	0.12059	0.00759
49	0.00594	0.00427	0.00564	0.00667	0.00702	0.00397	0.00448	0.00685	0.00950	0.01267	0.05740	0.77335	0.05452	0.01489	0.00615	0.00194	0.00278	0.01348	0.00453	0.00397
50	0.00668	0.00466	0.00527	0.00543	0.00573	0.00450	0.00327	0.00699	0.00798	0.01039	0.02216	0.14458	0.14193	0.58823	0.01913	0.00384	0.00408	0.00848	0.00340	0.00326
51	0.01716	0.03731	0.06947	0.01245	0.01527	0.69354	0.00995	0.03404	0.02348	0.01257	0.00777	0.00905	0.00639	0.00508	0.00467	0.00130	0.02895	0.00323	0.00253	0.00581
52	0.02111	0.00855	0.01136	0.00874	0.01243	0.00764	0.00721	0.07918	0.01452	0.72535	0.03901	0.01665	0.01261	0.00609	0.00489	0.00150	0.00416	0.00494	0.00590	0.00815
53	0.00903	0.00452	0.00452	0.00452	0.00565	0.00452	0.00339	0.01129	0.01016	0.01807	0.01581	0.01807	0.01242	0.00565	0.00339	0.00113	0.00226	0.00452	0.85659	0.00452
54	0.04289	0.00879	0.01132	0.00878	0.01243	0.00807	0.00725	0.11353	0.01468	0.65928	0.01875	0.01697	0.03147	0.00620	0.00487	0.00151	0.00422	0.01527	0.00572	0.00801
55	0.01491	0.01917	0.09018	0.02857	0.05290	0.51617	0.00992	0.01766	0.06998	0.01339	0.03612	0.06171	0.01053	0.00610	0.00470	0.00141	0.00732	0.03053	0.00290	0.00584
56	0.09768	0.04814	0.01309	0.00983	0.01332	0.01319	0.00811	0.51485	0.06044	0.08609	0.01259	0.03392	0.00937	0.00591	0.00456	0.00145	0.00477	0.00448	0.05070	0.00752
57	0.01142	0.05398	0.03867	0.03071	0.05800	0.03268	0.05045	0.07983	0.05614	0.01685	0.00947	0.01084	0.00761	0.00415	0.00402	0.00101	0.00455	0.00344	0.00301	0.52316
58	0.01161	0.05957	0.09582	0.00924	0.01124	0.22982	0.00767	0.04780	0.01004	0.01180	0.00964	0.01457	0.00898	0.10689	0.11765	0.22931	0.00711	0.00421	0.00249	0.00453
59	0.01187	0.02552	0.03297	0.13477	0.11984	0.03136	0.00925	0.12079	0.12192	0.04273	0.03192	0.05771	0.02154	0.00566	0.00460	0.00135	0.00477	0.00477	0.00349	0.21318

[dist]
# distance from previous block
# <min> <max>
0	2

[block]
# block no. 5 follows, 52 sequences, length 50
# corresponding to MSA columns:
# 1058-1068,1070-1108
name=unknown_F
#
# <colnr> <probs for GDERKNQSTAVLIFYWHMCP>
#	G	D	E	R	K	N	Q	S	T	A	V	L	I	F	Y	W	H	M	C	P
0	0.02108	0.34832	0.04482	0.01290	0.17642	0.03544	0.02607	0.01288	0.01028	0.01335	0.06189	0.10977	0.02934	0.00860	0.06750	0.00185	0.00561	0.00516	0.00276	0.00596
1	0.40657	0.00914	0.00960	0.00778	0.01119	0.00941	0.00642	0.07404	0.01194	0.39007	0.01292	0.01220	0.00864	0.00530	0.00401	0.00150	0.00404	0.00381	0.00454	0.00688
2	0.00599	0.00431	0.00564	0.00667	0.00703	0.00402	0.00450	0.00686	0.00934	0.01236	0.02739	0.73865	0.06921	0.04312	0.00682	0.00205	0.00291	0.03477	0.00444	0.00392
3	0.03170	0.09739	0.20977	0.01538	0.15683	0.05243	0.11107	0.02936	0.12105	0.04908	0.01287	0.01430	0.04815	0.00535	0.00486	0.00150	0.01529	0.01374	0.00298	0.00688
4	0.00996	0.00914	0.01452	0.25451	0.14546	0.03122	0.08803	0.01267	0.02493	0.03027	0.01174	0.03206	0.02682	0.03158	0.13314	0.00268	0.08563	0.02444	0.02554	0.00564
5	0.01460	0.00643	0.00871	0.00778	0.00996	0.00569	0.00594	0.01601	0.01180	0.44623	0.02254	0.38192	0.02104	0.01014	0.00547	0.00171	0.00353	0.00889	0.00532	0.00630
6	0.01237	0.03571	0.12959	0.06645	0.17160	0.18143	0.09072	0.01608	0.07924	0.04324	0.01351	0.05672	0.06123	0.00591	0.00500	0.00150	0.01526	0.00506	0.00295	0.00642
7	0.06502	0.03221	0.03475	0.15697	0.17711	0.06712	0.03186	0.04577	0.02773	0.01441	0.00965	0.01309	0.02651	0.03809	0.02989	0.00194	0.21498	0.00438	0.00255	0.00595
8	0.00593	0.00435	0.00557	0.00647	0.00698	0.00399	0.00439	0.00690	0.00974	0.01282	0.06880	0.68365	0.13356	0.01453	0.00610	0.00190	0.00274	0.01305	0.00454	0.00399
9	0.00965	0.00914	0.01564	0.58166	0.12092	0.01087	0.06225	0.01255	0.00967	0.01278	0.00869	0.01286	0.00683	0.00596	0.02068	0.03302	0.05465	0.00441	0.00221	0.00559
10	0.02791	0.11339	0.33994	0.01398	0.07093	0.10467	0.09542	0.06926	0.04140	0.04301	0.00988	0.03123	0.00770	0.00499	0.00459	0.00146	0.00660	0.00410	0.00269	0.00686
11	0.00892	0.00815	0.04314	0.00947	0.06286	0.04677	0.00692	0.09967	0.01109	0.01465	0.02950	0.24396	0.13426	0.03982	0.19420	0.00320	0.02666	0.00805	0.00365	0.00504
12	0.00736	0.00518	0.00689	0.00777	0.00864	0.00510	0.00631	0.00905	0.01031	0.01360	0.02532	0.17074	0.06487	0.11447	0.00867	0.00242	0.00405	0.48838	0.03669	0.00417
13	0.03666	0.03527	0.00870	0.00809	0.02592	0.04723	0.03493	0.02455	0.00988	0.02248	0.02377	0.20977	0.18694	0.09839	0.14383	0.00305	0.02598	0.04642	0.00362	0.00452
14	0.00988	0.02050	0.55303	0.03077	0.01956	0.05067	0.09819	0.01452	0.01053	0.01499	0.04707	0.04549	0.00952	0.00687	0.04579	0.00187	0.00722	0.00455	0.00240	0.00658
15	0.01187	0.01123	0.01892	0.10480	0.58946	0.01150	0.06599	0.05590	0.03105	0.01628	0.00996	0.03305	0.00836	0.00477	0.00491	0.00149	0.00584	0.00468	0.00263	0.00731
16	0.35979	0.03366	0.01312	0.03658	0.11854	0.16565	0.07141	0.05750	0.05065	0.01822	0.00891	0.01106	0.00721	0.00494	0.00407	0.00147	0.00557	0.02264	0.00296	0.00604
17	0.00676	0.00607	0.04640	0.00649	0.00781	0.00533	0.00514	0.00832	0.01000	0.01336	0.17961	0.03295	0.27365	0.15826	0.19882	0.00360	0.02169	0.00775	0.00378	0.00422
18	0.01001	0.02416	0.36779	0.01197	0.04234	0.00952	0.06159	0.02697	0.02472	0.03549	0.06237	0.06361	0.01141	0.03411	0.00579	0.00154	0.03661	0.00480	0.00284	0.16236
19	0.00785	0.00629	0.00759	0.00681	0.00899	0.00517	0.00505	0.00933	0.00974	0.01387	0.02004	0.32312	0.08485	0.05342	0.00603	0.00155	0.00330	0.04625	0.00370	0.37704
20	0.06057	0.02147	0.01333	0.03991	0.01525	0.71487	0.00924	0.01907	0.03972	0.01267	0.00791	0.00916	0.00649	0.00502	0.00434	0.00129	0.00824	0.00322	0.00259	0.00566
21	0.01041	0.11839	0.22128	0.01126	0.03546	0.03719	0.07093	0.01352	0.02615	0.05071	0.11232	0.06109	0.07375	0.00692	0.00597	0.00154	0.08772	0.01677	0.00315	0.03548
22	0.01361	0.00901	0.01145	0.01074	0.07221	0.00927	0.03578	0.07805	0.26750	0.21036	0.05330	0.04375	0.06912	0.03968	0.00594	0.00174	0.00421	0.05255	0.00477	0.00695
23	0.01414	0.01644	0.01421	0.01242	0.01405	0.39377	0.03889	0.01627	0.06439	0.01255	0.00951	0.01163	0.03578	0.00666	0.00889	0.00164	0.31650	0.00407	0.00259	0.00562
24	0.00775	0.00532	0.00783	0.00772	0.00870	0.00600	0.00596	0.00940	0.00817	0.05710	0.01388	0.04677	0.01297	0.06092	0.70966	0.00712	0.01184	0.00553	0.00287	0.00449
25	0.01563	0.01855	0.01312	0.01175	0.01374	0.54559	0.00904	0.04317	0.03346	0.01298	0.01006	0.01161	0.04477	0.00608	0.00656	0.00144	0.15788	0.00383	0.03516	0.00559
26	0.01737	0.00795	0.01016	0.00816	0.01124	0.00738	0.00661	0.06935	0.07227	0.50947	0.13699	0.02038	0.04378	0.00682	0.00496	0.00150	0.00375	0.00564	0.04892	0.00732
27	0.00717	0.00512	0.00706	0.00813	0.00898	0.00502	0.00663	0.00896	0.01065	0.01400	0.05413	0.30029	0.02987	0.01383	0.00650	0.00212	0.00386	0.49889	0.00451	0.00430
28	0.00603	0.00491	0.00534	0.00526	0.00674	0.00422	0.00394	0.00754	0.01173	0.01478	0.24913	0.05898	0.58110	0.01170	0.00573	0.00161	0.00242	0.00990	0.00472	0.00422
29	0.01199	0.01151	0.01967	0.02974	0.79946	0.01151	0.01487	0.01487	0.01103	0.01583	0.00912	0.01199	0.00768	0.00432	0.00480	0.00144	0.00576	0.00432	0.00240	0.00768
30	0.02115	0.00827	0.01116	0.00862	0.01229	0.00725	0.00710	0.02345	0.04127	0.76226	0.03200	0.01688	0.01265	0.00608	0.00489	0.00150	0.00408	0.00496	0.00595	0.00817
31	0.00698	0.00498	0.00671	0.00671	0.00720	0.00547	0.00471	0.00796	0.00747	0.01045	0.01397	0.02452	0.01450	0.37956	0.47053	0.00645	0.00940	0.00599	0.00274	0.00373
32	0.67100	0.01023	0.00876	0.00742	0.01061	0.01167	0.00611	0.17584	0.01140	0.03792	0.00800	0.00882	0.00600	0.00480	0.00342	0.00149	0.00409	0.00303	0.00344	0.00593
33	0.00919	0.00826	0.01379	0.56585	0.02643	0.01005	0.05022	0.01149	0.00919	0.01208	0.02869	0.01397	0.00800	0.02497	0.00811	0.11282	0.07517	0.00453	0.00226	0.00493
34	0.02686	0.00797	0.01017	0.00896	0.00971	0.02367	0.02639	0.01179	0.02411	0.01464	0.01080	0.01407	0.00917	0.00744	0.00989	0.04662	0.36826	0.00436	0.36023	0.00489
35	0.47513	0.05326	0.01181	0.03063	0.15031	0.13719	0.01802	0.01524	0.00990	0.03568	0.00794	0.02146	0.00649	0.00472	0.00371	0.00144	0.00508	0.00330	0.00283	0.00585
36	0.01198	0.39834	0.15340	0.03053	0.08652	0.01452	0.12074	0.01478	0.01034	0.04071	0.00878	0.01053	0.00716	0.00529	0.02694	0.00147	0.00607	0.00364	0.04180	0.00647
37	0.00627	0.00482	0.00579	0.00622	0.00714	0.00449	0.00440	0.00790	0.03991	0.01353	0.11606	0.39610	0.27766	0.03756	0.04693	0.00217	0.00324	0.01115	0.00447	0.00419
38	0.02532	0.08902	0.19748	0.01325	0.12241	0.05211	0.06195	0.03597	0.03572	0.05582	0.02791	0.12186	0.05372	0.00676	0.00497	0.00151	0.01498	0.02286	0.00315	0.05324
39	0.01080	0.01220	0.15284	0.04137	0.06778	0.01049	0.04254	0.03396	0.36361	0.02801	0.01889	0.02213	0.07034	0.00710	0.00516	0.00167	0.00484	0.09548	0.00397	0.00683
40	0.02145	0.00872	0.01154	0.00885	0.01261	0.00782	0.00731	0.09111	0.01466	0.73420	0.01845	0.01606	0.01166	0.00598	0.00487	0.00150	0.00423	0.00483	0.00590	0.00825
41	0.00695	0.00474	0.00568	0.00576	0.00591	0.00485	0.00351	0.00726	0.00731	0.00988	0.01573	0.08551	0.01781	0.65530	0.13961	0.00496	0.00579	0.00724	0.00300	0.00321
42	0.07841	0.01321	0.15257	0.03000	0.19754	0.01101	0.14267	0.11109	0.04405	0.05711	0.01265	0.03639	0.02573	0.00580	0.00499	0.00158	0.00582	0.05930	0.00322	0.00687
43	0.00591	0.00463	0.00536	0.00577	0.00681	0.00408	0.00410	0.00709	0.01060	0.01343	0.11471	0.36209	0.41176	0.01322	0.00591	0.00176	0.00258	0.01152	0.00458	0.00408
44	0.01048	0.00572	0.00755	0.00676	0.00841	0.00519	0.00515	0.01243	0.01300	0.20955	0.49519	0.07167	0.03441	0.06672	0.00688	0.00178	0.00298	0.02555	0.00527	0.00532
45	0.01264	0.72288	0.06480	0.00933	0.01353	0.01828	0.04778	0.01451	0.00987	0.01182	0.00698	0.00826	0.00628	0.00431	0.00374	0.00113	0.03267	0.00285	0.00209	0.00625
46	0.00995	0.02320	0.68890	0.01454	0.02120	0.01149	0.10559	0.01524	0.01028	0.01524	0.00875	0.01057	0.00629	0.00467	0.00511	0.00157	0.03445	0.00385	0.00210	0.00703
47	0.00938	0.00588	0.00820	0.00889	0.01030	0.00575	0.00773	0.01157	0.01146	0.10348	0.02492	0.05036	0.02610	0.01255	0.00649	0.00215	0.00442	0.68084	0.00464	0.00489
48	0.01002	0.00772	0.01145	0.24303	0.10588	0.00814	0.02700	0.04720	0.02161	0.08197	0.06189	0.05148	0.15809	0.00810	0.00533	0.00166	0.00468	0.11351	0.02563	0.00560
49	0.01357	0.39131	0.15771	0.01067	0.02372	0.01521	0.05291	0.16001	0.02814	0.05981	0.03796	0.01099	0.00859	0.00490	0.00409	0.00129	0.00554	0.00370	0.00301	0.00688

[dist]
# distance from previous block
# <min> <max>
3	5

[block]
# block no. 6 follows, 52 sequences, length 58
# corresponding to MSA columns:
# 1114-1171
name=unknown_G
#
# <colnr> <probs for GDERKNQSTAVLIFYWHMCP>
#	G	D	E	R	K	N	Q	S	T	A	V	L	I	F	Y	W	H	M	C	P
0	0.00639	0.00498	0.00559	0.00578	0.00701	0.00450	0.00425	0.00807	0.03410	0.01395	0.12889	0.17845	0.43361	0.06152	0.00692	0.00189	0.00279	0.05776	0.02936	0.00419
1	0.20677	0.07483	0.01382	0.11880	0.12113	0.07065	0.02055	0.12766	0.16604	0.01908	0.01068	0.01178	0.00823	0.00512	0.00428	0.00148	0.00516	0.00397	0.00334	0.00662
2	0.07096	0.08732	0.14393	0.00939	0.02715	0.02950	0.00859	0.09994	0.07139	0.12426	0.18258	0.04067	0.04615	0.00671	0.00474	0.00146	0.00445	0.00545	0.00408	0.03131
3	0.03707	0.21289	0.12489	0.03015	0.02857	0.03528	0.00957	0.11680	0.05679	0.04221	0.08919	0.01436	0.03462	0.00615	0.00597	0.00147	0.12072	0.00441	0.02256	0.00633
4	0.01135	0.00974	0.01032	0.00942	0.01199	0.01111	0.00735	0.02351	0.69179	0.01942	0.02239	0.02207	0.07923	0.00735	0.00508	0.00167	0.00375	0.04037	0.00487	0.00723
5	0.00675	0.00484	0.00596	0.00616	0.00671	0.00485	0.00422	0.00757	0.00847	0.01120	0.03563	0.12169	0.13686	0.38863	0.16797	0.00428	0.00567	0.06550	0.00344	0.00363
6	0.01818	0.02054	0.01320	0.01176	0.01440	0.66694	0.00892	0.05164	0.01400	0.09376	0.00914	0.00997	0.00713	0.00515	0.00441	0.00128	0.00790	0.00340	0.03232	0.00596
7	0.01145	0.00910	0.00981	0.00843	0.00985	0.05064	0.00628	0.24183	0.01280	0.01706	0.07708	0.02247	0.03098	0.35102	0.01461	0.00289	0.10907	0.00588	0.00361	0.00513
8	0.00594	0.00424	0.00565	0.00673	0.00704	0.00396	0.00450	0.00683	0.00943	0.01261	0.05319	0.79935	0.03252	0.01500	0.00617	0.00195	0.00279	0.01360	0.00453	0.00396
9	0.00631	0.00444	0.00575	0.00664	0.00694	0.00424	0.00448	0.00711	0.00899	0.01195	0.02426	0.59258	0.02870	0.18283	0.01004	0.00255	0.00335	0.08087	0.00417	0.00378
10	0.01090	0.01133	0.02065	0.01574	0.01847	0.03150	0.40589	0.01357	0.00981	0.02528	0.00944	0.01357	0.00799	0.03873	0.07911	0.00241	0.25454	0.00517	0.02009	0.00580
11	0.06625	0.00865	0.01120	0.00867	0.01236	0.00788	0.00715	0.06409	0.03529	0.69814	0.01807	0.01582	0.01151	0.00592	0.00477	0.00150	0.00416	0.00474	0.00575	0.00807
12	0.01306	0.00599	0.00700	0.00609	0.00811	0.00570	0.00479	0.02805	0.03336	0.25800	0.04991	0.01825	0.01370	0.00596	0.00401	0.00128	0.00292	0.00483	0.52318	0.00581
13	0.00991	0.00740	0.00705	0.00645	0.00850	0.08918	0.00494	0.01130	0.01194	0.15249	0.07808	0.04970	0.52420	0.01033	0.00544	0.00157	0.00340	0.00852	0.00460	0.00501
14	0.08123	0.01294	0.03513	0.01068	0.01444	0.02519	0.02026	0.53908	0.10485	0.08838	0.01258	0.01238	0.00893	0.00574	0.00472	0.00148	0.00510	0.00438	0.00466	0.00786
15	0.01355	0.73904	0.02405	0.00878	0.01273	0.11061	0.00842	0.01507	0.01030	0.01145	0.00682	0.00789	0.00622	0.00424	0.00326	0.00106	0.00559	0.00265	0.00212	0.00615
16	0.01241	0.01150	0.03412	0.07428	0.54428	0.01145	0.04291	0.07565	0.05869	0.03963	0.02215	0.01284	0.00872	0.00472	0.00483	0.00146	0.00562	0.00448	0.00288	0.02739
17	0.01123	0.07645	0.45273	0.01706	0.20845	0.08678	0.02635	0.01538	0.01084	0.01498	0.03048	0.01111	0.00765	0.00468	0.00457	0.00145	0.00671	0.00382	0.00227	0.00700
18	0.01627	0.01152	0.01206	0.00999	0.01272	0.14113	0.02583	0.17494	0.04875	0.26118	0.02953	0.02851	0.02463	0.05783	0.05317	0.00208	0.05930	0.01950	0.00433	0.00673
19	0.86392	0.00937	0.00712	0.00637	0.00937	0.01087	0.00525	0.01425	0.00825	0.02174	0.00675	0.00787	0.00525	0.00450	0.00300	0.00150	0.00375	0.00262	0.00300	0.00525
20	0.00678	0.00470	0.00574	0.00624	0.00650	0.00460	0.00400	0.02308	0.00858	0.01143	0.02095	0.40103	0.02456	0.39967	0.01491	0.00326	0.00383	0.04279	0.00377	0.00358
21	0.04585	0.00917	0.01513	0.60367	0.18970	0.01082	0.01324	0.01289	0.00986	0.01346	0.00873	0.01265	0.00678	0.00541	0.02225	0.00171	0.00634	0.00426	0.00225	0.00583
22	0.00970	0.00932	0.01318	0.03567	0.01236	0.01270	0.00961	0.01092	0.00766	0.01167	0.00872	0.06379	0.00887	0.01301	0.13509	0.00295	0.62236	0.00499	0.00234	0.00507
23	0.01923	0.00782	0.01036	0.00816	0.01151	0.00693	0.00667	0.02160	0.04557	0.65484	0.05805	0.01888	0.04701	0.00646	0.00487	0.00149	0.00385	0.00529	0.05377	0.00766
24	0.00593	0.00430	0.00561	0.00659	0.00700	0.00397	0.00445	0.00686	0.00959	0.01272	0.06084	0.73915	0.08558	0.01476	0.00613	0.00193	0.00276	0.01332	0.00453	0.00397
25	0.00741	0.00590	0.00742	0.02872	0.04214	0.00590	0.00571	0.03267	0.07860	0.01473	0.10916	0.36518	0.19931	0.01199	0.00604	0.00179	0.02191	0.04624	0.00443	0.00474
26	0.00710	0.00543	0.00659	0.00642	0.00769	0.00522	0.00476	0.01025	0.09857	0.01739	0.46908	0.16004	0.16161	0.01075	0.00570	0.00163	0.00257	0.00942	0.00502	0.00474
27	0.00842	0.00421	0.00631	0.00631	0.00631	0.00421	0.00421	0.00631	0.00631	0.00842	0.00842	0.01473	0.00842	0.01684	0.01894	0.85901	0.00421	0.00421	0.00210	0.00210
28	0.01023	0.01026	0.01641	0.27418	0.02093	0.01321	0.10472	0.01236	0.00864	0.01236	0.00751	0.01165	0.00651	0.00677	0.01110	0.00190	0.45917	0.00444	0.00217	0.00548
29	0.01048	0.00977	0.01577	0.03355	0.47277	0.02302	0.05199	0.01345	0.04613	0.01514	0.01493	0.15256	0.02868	0.00729	0.00528	0.00163	0.00518	0.08276	0.00311	0.00654
30	0.00746	0.00533	0.00731	0.00834	0.00930	0.00527	0.00701	0.00937	0.01070	0.01392	0.02592	0.15668	0.04897	0.05436	0.00750	0.00230	0.00420	0.60735	0.00439	0.00431
31	0.00828	0.00736	0.01192	0.17653	0.12535	0.00782	0.07278	0.01059	0.02350	0.01340	0.04008	0.25578	0.07497	0.01234	0.09855	0.00243	0.02811	0.02174	0.00330	0.00516
32	0.02359	0.03479	0.08096	0.23154	0.24117	0.03374	0.10225	0.03706	0.01077	0.03762	0.01008	0.04906	0.00851	0.00546	0.00566	0.00158	0.06164	0.01549	0.00260	0.00642
33	0.01034	0.00926	0.01369	0.11192	0.21571	0.04550	0.06045	0.03583	0.05149	0.02759	0.01418	0.14090	0.01382	0.01013	0.06380	0.03753	0.05029	0.07863	0.00315	0.00579
34	0.08749	0.01070	0.01516	0.23621	0.36743	0.07409	0.01195	0.01385	0.01032	0.02833	0.00944	0.03076	0.00808	0.04015	0.00597	0.03112	0.00581	0.00440	0.00252	0.00621
35	0.00713	0.00738	0.09751	0.00720	0.02351	0.00529	0.00612	0.00914	0.01140	0.03701	0.20887	0.14643	0.35872	0.01098	0.00566	0.00166	0.00320	0.04365	0.00441	0.00473
36	0.01225	0.01156	0.03182	0.08976	0.38912	0.07049	0.02290	0.07079	0.04349	0.04084	0.02199	0.03988	0.02108	0.01603	0.00504	0.00147	0.00552	0.01851	0.00300	0.08447
37	0.00983	0.00845	0.00992	0.02546	0.01176	0.00645	0.00582	0.01197	0.01009	0.01559	0.01045	0.01177	0.04298	0.00401	0.00371	0.00078	0.00360	0.00324	0.00293	0.80120
38	0.01552	0.32590	0.01801	0.01028	0.01375	0.23262	0.00872	0.19574	0.10524	0.01701	0.00960	0.01014	0.00770	0.00505	0.00407	0.00126	0.00603	0.00348	0.00317	0.00669
39	0.00656	0.00509	0.00601	0.01820	0.00765	0.00474	0.00455	0.00837	0.03782	0.02606	0.14343	0.20589	0.40303	0.01448	0.08344	0.00228	0.00366	0.00995	0.00444	0.00436
40	0.00773	0.00609	0.02475	0.00742	0.00840	0.00639	0.00563	0.00985	0.06756	0.02674	0.01712	0.06181	0.07579	0.20368	0.38528	0.03084	0.04116	0.00632	0.00311	0.00434
41	0.01453	0.01209	0.01293	0.01081	0.01363	0.04100	0.00869	0.31514	0.36922	0.02284	0.01450	0.01433	0.01091	0.00647	0.00627	0.00162	0.10824	0.00481	0.00446	0.00752
42	0.00697	0.00500	0.00681	0.00681	0.00734	0.00553	0.00484	0.00803	0.00750	0.01053	0.01387	0.02398	0.01426	0.34562	0.50415	0.00658	0.00975	0.00592	0.00273	0.00378
43	0.01810	0.02310	0.01373	0.01248	0.01498	0.81024	0.00936	0.01935	0.01373	0.01186	0.00749	0.00874	0.00624	0.00499	0.00437	0.00125	0.00874	0.00312	0.00250	0.00562
44	0.00709	0.00453	0.00605	0.00687	0.00742	0.00418	0.00469	0.00804	0.00972	0.07036	0.04415	0.74881	0.03090	0.01439	0.00608	0.00192	0.00290	0.01301	0.00463	0.00427
45	0.00654	0.00476	0.00620	0.00704	0.00778	0.00450	0.00529	0.00788	0.01020	0.01335	0.07214	0.42456	0.12839	0.04934	0.00705	0.00210	0.00330	0.23103	0.00447	0.00410
46	0.00596	0.00424	0.00561	0.00667	0.00694	0.00397	0.00442	0.00676	0.00917	0.01222	0.02614	0.78668	0.03133	0.05602	0.00711	0.00210	0.00291	0.01344	0.00442	0.00389
47	0.00941	0.00888	0.01500	0.74622	0.10318	0.01083	0.01359	0.01261	0.00981	0.01270	0.00866	0.01284	0.00657	0.00480	0.00484	0.00160	0.00640	0.00431	0.00218	0.00559
48	0.04992	0.00681	0.00777	0.00666	0.00896	0.00672	0.00528	0.04663	0.08369	0.27034	0.01668	0.01688	0.01204	0.00580	0.00405	0.00132	0.00318	0.00463	0.43645	0.00618
49	0.00828	0.00594	0.00672	0.00632	0.00811	0.00560	0.00488	0.01159	0.11807	0.07627	0.22618	0.03734	0.38780	0.01028	0.00552	0.00161	0.00281	0.04118	0.03044	0.00504
50	0.00978	0.00947	0.01574	0.67371	0.12032	0.02872	0.04835	0.01296	0.01001	0.01291	0.00870	0.01273	0.00663	0.00475	0.00487	0.00159	0.00651	0.00435	0.00220	0.00570
51	0.01239	0.69943	0.11674	0.00877	0.01314	0.01757	0.00921	0.01446	0.00991	0.01217	0.00738	0.00853	0.00649	0.00427	0.00330	0.00110	0.00528	0.00280	0.04080	0.00625
52	0.01038	0.00679	0.00701	0.00652	0.00828	0.00739	0.00501	0.04499	0.26694	0.01926	0.01694	0.01783	0.01304	0.00596	0.00395	0.00131	0.00289	0.00483	0.54500	0.00569
53	0.31087	0.01414	0.04695	0.01416	0.16896	0.19041	0.06360	0.09404	0.01183	0.01841	0.00848	0.02215	0.00685	0.00485	0.00416	0.00144	0.00587	0.00367	0.00290	0.00627
54	0.00694	0.00494	0.00608	0.00659	0.00709	0.00486	0.00450	0.02071	0.03603	0.01242	0.04662	0.37941	0.05425	0.28820	0.01236	0.00287	0.00368	0.09455	0.00402	0.00388
55	0.86392	0.00937	0.00712	0.00637	0.00937	0.01087	0.00525	0.01425	0.00825	0.02174	0.00675	0.00787	0.00525	0.00450	0.00300	0.00150	0.00375	0.00262	0.00300	0.00525
56	0.05144	0.37968	0.08689	0.01126	0.06676	0.17574	0.00963	0.09489	0.04172	0.01500	0.00837	0.00943	0.00691	0.00467	0.00385	0.00124	0.00596	0.00322	0.01688	0.00647
57	0.00742	0.02482	0.01900	0.02072	0.09303	0.00576	0.00609	0.02838	0.01020	0.01379	0.06584	0.49038	0.08211	0.04674	0.00652	0.00190	0.00343	0.03137	0.02495	0.01756

[dist]
# distance from previous block
# <min> <max>
0	1

[block]
# block no. 7 follows, 52 sequences, length 13
# corresponding to MSA columns:
# 1173-1185
name=unknown_H
#
# <colnr> <probs for GDERKNQSTAVLIFYWHMCP>
#	G	D	E	R	K	N	Q	S	T	A	V	L	I	F	Y	W	H	M	C	P
