[name]
unknown

[dist]
# distance from previous block
# <min> <max>
0	2

[block]
# block no. 0 follows, 57 sequences, length 92
# corresponding to MSA columns:
# 4-95
name=unknown_A
#
# <colnr> <probs for GDERKNQSTAVLIFYWHMCP>
#	G	D	E	R	K	N	Q	S	T	A	V	L	I	F	Y	W	H	M	C	P
0	0.19118	0.00745	0.00826	0.00724	0.00946	0.00770	0.00588	0.15450	0.01285	0.09364	0.28427	0.02400	0.02193	0.00742	0.00465	0.00147	0.00343	0.11482	0.00431	0.03552
1	0.00897	0.00828	0.01294	0.15960	0.34295	0.00829	0.02586	0.01141	0.01925	0.01369	0.03115	0.02124	0.18828	0.00633	0.00473	0.00141	0.00454	0.05054	0.00287	0.07767
2	0.24170	0.00865	0.01269	0.45683	0.11273	0.01008	0.04837	0.01232	0.00891	0.01444	0.00812	0.03170	0.00651	0.00460	0.00413	0.00147	0.00527	0.00389	0.00232	0.00526
3	0.01098	0.01068	0.01610	0.02303	0.62079	0.06430	0.01195	0.01332	0.01020	0.01418	0.00950	0.05881	0.00864	0.03028	0.00501	0.00140	0.00521	0.00443	0.00241	0.07877
4	0.01113	0.01071	0.01809	0.02674	0.75871	0.01098	0.01364	0.01371	0.01009	0.01454	0.00835	0.01113	0.00710	0.00430	0.00518	0.00139	0.06094	0.00403	0.00223	0.00703
5	0.01122	0.01077	0.01839	0.02781	0.81248	0.01077	0.01391	0.01391	0.01032	0.01480	0.00852	0.01122	0.00718	0.00404	0.00449	0.00135	0.00538	0.00404	0.00224	0.00718
6	0.00650	0.00475	0.00676	0.00676	0.00739	0.00538	0.00502	0.00776	0.00713	0.01014	0.01261	0.02043	0.01247	0.21275	0.64559	0.00664	0.01042	0.00524	0.00250	0.00376
7	0.01180	0.05218	0.23599	0.01505	0.08910	0.01184	0.25244	0.16457	0.07881	0.02893	0.00993	0.01137	0.00735	0.00450	0.00465	0.00143	0.00616	0.00429	0.00284	0.00677
8	0.01587	0.01187	0.04477	0.00996	0.01344	0.01241	0.00837	0.51336	0.17949	0.11081	0.02441	0.01287	0.00975	0.00561	0.00455	0.00140	0.00461	0.00437	0.00457	0.00751
9	0.87276	0.00876	0.00666	0.00596	0.00876	0.01017	0.00491	0.01332	0.00771	0.02033	0.00631	0.00736	0.00491	0.00421	0.00280	0.00140	0.00351	0.00245	0.00280	0.00491
10	0.00915	0.02306	0.79485	0.01281	0.01939	0.01054	0.01648	0.01462	0.03165	0.01448	0.00842	0.00977	0.00596	0.00436	0.00431	0.00144	0.00661	0.00340	0.00199	0.00671
11	0.63954	0.00848	0.00771	0.00653	0.00953	0.00921	0.00539	0.01572	0.00915	0.23791	0.00947	0.00957	0.00663	0.00459	0.00328	0.00140	0.00360	0.00303	0.00357	0.00567
12	0.01753	0.00978	0.01094	0.00884	0.01202	0.07266	0.00713	0.11511	0.18214	0.47492	0.02977	0.01494	0.01146	0.00569	0.00454	0.00141	0.00424	0.00455	0.00500	0.00734
13	0.01075	0.01207	0.07365	0.06075	0.03413	0.01094	0.57730	0.01473	0.04174	0.04711	0.01023	0.01377	0.00792	0.00450	0.00546	0.00155	0.02993	0.03481	0.00254	0.00611
14	0.00653	0.00462	0.00609	0.00609	0.00649	0.00502	0.00418	0.00733	0.00693	0.00964	0.01323	0.02383	0.01395	0.44425	0.41610	0.00581	0.00820	0.00574	0.00259	0.00338
15	0.00658	0.00479	0.00618	0.00667	0.00771	0.00455	0.00540	0.00797	0.01002	0.01290	0.10149	0.08751	0.24979	0.01311	0.03814	0.07483	0.00365	0.35084	0.00401	0.00386
16	0.01404	0.01111	0.01181	0.00978	0.01284	0.01257	0.00784	0.38399	0.43987	0.02342	0.01492	0.01410	0.01098	0.00582	0.00457	0.00145	0.00424	0.00464	0.00457	0.00742
17	0.00856	0.00805	0.01359	0.82986	0.03121	0.01007	0.01258	0.01158	0.00906	0.01158	0.00805	0.01208	0.00604	0.00453	0.00453	0.00151	0.00604	0.00403	0.00201	0.00503
18	0.01097	0.00991	0.01555	0.28378	0.43617	0.04270	0.01238	0.01382	0.02860	0.06227	0.00961	0.03712	0.00786	0.00468	0.00453	0.00141	0.00549	0.00432	0.00249	0.00633
19	0.01733	0.00860	0.01260	0.01041	0.05606	0.00799	0.09205	0.04968	0.08246	0.55438	0.04805	0.01555	0.01190	0.00552	0.00467	0.00142	0.00430	0.00479	0.00492	0.00732
20	0.02005	0.00765	0.01043	0.00801	0.01147	0.00661	0.00661	0.02181	0.01297	0.79945	0.03394	0.01580	0.01186	0.00568	0.00457	0.00140	0.00382	0.00463	0.00560	0.00764
21	0.00571	0.00412	0.00544	0.00641	0.00684	0.00386	0.00448	0.00667	0.00901	0.01191	0.03738	0.70016	0.07357	0.01380	0.00580	0.00184	0.00276	0.09226	0.00421	0.00375
22	0.01119	0.01139	0.01625	0.26178	0.47733	0.11748	0.01284	0.01377	0.01028	0.01336	0.00819	0.01107	0.00667	0.00427	0.00445	0.00137	0.00594	0.00389	0.00219	0.00629
23	0.01109	0.01061	0.01810	0.04234	0.78309	0.01065	0.01376	0.01378	0.01030	0.01472	0.00880	0.01197	0.00751	0.00420	0.00452	0.00136	0.00537	0.01847	0.00227	0.00708
24	0.00552	0.00394	0.00526	0.00631	0.00657	0.00368	0.00421	0.00631	0.00868	0.01157	0.02498	0.83779	0.02997	0.01420	0.00578	0.00184	0.00263	0.01288	0.00421	0.00368
25	0.01070	0.01222	0.02674	0.01910	0.02368	0.01146	0.79603	0.01451	0.01070	0.01451	0.00917	0.01222	0.00688	0.00382	0.00535	0.00153	0.00764	0.00535	0.00229	0.00611
26	0.00556	0.00397	0.00529	0.00629	0.00658	0.00370	0.00421	0.00640	0.00884	0.01183	0.05587	0.80615	0.03047	0.01400	0.00577	0.00182	0.00261	0.01270	0.00424	0.00370
27	0.01620	0.01312	0.01296	0.01035	0.01367	0.09759	0.00839	0.58699	0.15146	0.02514	0.01174	0.01161	0.00854	0.00548	0.00450	0.00137	0.00508	0.00413	0.00432	0.00736
28	0.00564	0.00405	0.00537	0.00638	0.00675	0.00379	0.00439	0.00653	0.00886	0.01173	0.02571	0.75370	0.05962	0.01398	0.00580	0.00185	0.00272	0.06521	0.00420	0.00372
29	0.01383	0.01572	0.01566	0.01919	0.38364	0.38468	0.03374	0.02600	0.02890	0.01332	0.00858	0.01039	0.01733	0.00448	0.00434	0.00128	0.00665	0.00366	0.00239	0.00622
30	0.01195	0.67070	0.08575	0.00894	0.01300	0.03034	0.05048	0.03007	0.04091	0.01185	0.00718	0.00818	0.00622	0.00404	0.00327	0.00107	0.00515	0.00280	0.00212	0.00598
31	0.00659	0.00439	0.00494	0.00494	0.00494	0.00439	0.00275	0.00659	0.00659	0.00879	0.01428	0.02965	0.01647	0.84075	0.02306	0.00439	0.00439	0.00659	0.00275	0.00275
32	0.00861	0.00811	0.01369	0.81270	0.04792	0.01008	0.01261	0.01163	0.00909	0.01165	0.00806	0.01206	0.00606	0.00452	0.00453	0.00151	0.00603	0.00403	0.00202	0.00508
33	0.00964	0.00911	0.01496	0.49653	0.23163	0.01044	0.04233	0.01373	0.10047	0.01337	0.00941	0.01241	0.00726	0.00456	0.00456	0.00147	0.00565	0.00421	0.00238	0.00588
34	0.00552	0.00403	0.00520	0.00611	0.00653	0.00371	0.00412	0.00638	0.00894	0.01177	0.04295	0.73307	0.11743	0.01379	0.00573	0.00180	0.00258	0.01242	0.00422	0.00371
35	0.00845	0.00422	0.00422	0.00422	0.00528	0.00422	0.00317	0.01056	0.00950	0.01689	0.01478	0.01689	0.01161	0.00528	0.00317	0.00106	0.00211	0.00422	0.86591	0.00422
36	0.00536	0.00459	0.00459	0.00459	0.00612	0.00383	0.00344	0.00650	0.01033	0.01224	0.04590	0.04361	0.81065	0.01148	0.00536	0.00153	0.00230	0.00956	0.00421	0.00383
37	0.00552	0.00407	0.00518	0.00602	0.00651	0.00372	0.00409	0.00641	0.00906	0.01187	0.05175	0.68799	0.15400	0.01362	0.00570	0.00178	0.00256	0.01222	0.00423	0.00372
38	0.01122	0.01077	0.01839	0.02781	0.81248	0.01077	0.01391	0.01391	0.01032	0.01480	0.00852	0.01122	0.00718	0.00404	0.00449	0.00135	0.00538	0.00404	0.00224	0.00718
39	0.87276	0.00876	0.00666	0.00596	0.00876	0.01017	0.00491	0.01332	0.00771	0.02033	0.00631	0.00736	0.00491	0.00421	0.00280	0.00140	0.00351	0.00245	0.00280	0.00491
40	0.00555	0.00460	0.00486	0.00479	0.00624	0.00391	0.00360	0.00688	0.01079	0.01333	0.18610	0.04182	0.66977	0.01107	0.00535	0.00151	0.00227	0.00931	0.00435	0.00391
41	0.00647	0.00485	0.00728	0.00728	0.00809	0.00566	0.00566	0.00809	0.00728	0.01052	0.01214	0.01780	0.01133	0.03398	0.82279	0.00728	0.01214	0.00485	0.00243	0.00405
42	0.00940	0.00805	0.00940	0.00671	0.01074	0.00604	0.00537	0.01141	0.00940	0.01477	0.00805	0.00940	0.00671	0.00336	0.00336	0.00067	0.00336	0.00268	0.00268	0.86845
43	0.00856	0.00805	0.01359	0.82986	0.03121	0.01007	0.01258	0.01158	0.00906	0.01158	0.00805	0.01208	0.00604	0.00453	0.00453	0.00151	0.00604	0.00403	0.00201	0.00503
44	0.00909	0.02344	0.81727	0.01292	0.01961	0.01052	0.01674	0.01435	0.00957	0.01435	0.00813	0.00957	0.00574	0.00431	0.00431	0.00144	0.00670	0.00335	0.00191	0.00670
45	0.00940	0.00805	0.00940	0.00671	0.01074	0.00604	0.00537	0.01141	0.00940	0.01477	0.00805	0.00940	0.00671	0.00336	0.00336	0.00067	0.00336	0.00268	0.00268	0.86845
46	0.00975	0.00884	0.01489	0.56565	0.25993	0.01015	0.01277	0.01263	0.00957	0.04061	0.00853	0.01194	0.00656	0.00442	0.00452	0.00146	0.00577	0.00405	0.00221	0.00576
47	0.01487	0.01871	0.04561	0.01243	0.04640	0.58265	0.00954	0.01622	0.01134	0.01133	0.00688	0.00873	0.00591	0.00533	0.00643	0.00136	0.18548	0.00321	0.00224	0.00533
48	0.00856	0.00805	0.01359	0.82986	0.03121	0.01007	0.01258	0.01158	0.00906	0.01158	0.00805	0.01208	0.00604	0.00453	0.00453	0.00151	0.00604	0.00403	0.00201	0.00503
49	0.01124	0.00996	0.01680	0.20341	0.58634	0.01034	0.01313	0.01394	0.01022	0.06788	0.00905	0.01169	0.00720	0.00425	0.00450	0.00139	0.00543	0.00407	0.00242	0.00674
50	0.00876	0.00820	0.01371	0.65810	0.14081	0.00975	0.01217	0.01164	0.00943	0.01233	0.04198	0.01376	0.03091	0.00485	0.00458	0.00148	0.00568	0.00436	0.00223	0.00527
51	0.02033	0.00771	0.01052	0.00806	0.01157	0.00666	0.00666	0.02208	0.01297	0.81562	0.01788	0.01542	0.01122	0.00561	0.00456	0.00140	0.00386	0.00456	0.00561	0.00771
52	0.01070	0.01222	0.02674	0.01910	0.02368	0.01146	0.79603	0.01451	0.01070	0.01451	0.00917	0.01222	0.00688	0.00382	0.00535	0.00153	0.00764	0.00535	0.00229	0.00611
53	0.04546	0.01046	0.01773	0.10724	0.60852	0.01088	0.06331	0.01353	0.00993	0.01448	0.00829	0.01115	0.00689	0.00428	0.00502	0.00141	0.04847	0.00405	0.00223	0.00668
54	0.87276	0.00876	0.00666	0.00596	0.00876	0.01017	0.00491	0.01332	0.00771	0.02033	0.00631	0.00736	0.00491	0.00421	0.00280	0.00140	0.00351	0.00245	0.00280	0.00491
55	0.01438	0.14317	0.13243	0.01279	0.14621	0.02341	0.02045	0.18183	0.03200	0.19981	0.02136	0.01161	0.00836	0.00494	0.00453	0.00134	0.02702	0.00389	0.00349	0.00699
56	0.14268	0.00945	0.01013	0.03980	0.01212	0.01008	0.00692	0.17526	0.26816	0.02982	0.02207	0.01453	0.01044	0.00545	0.00416	0.00133	0.00392	0.04596	0.00382	0.18390
57	0.54148	0.09557	0.10809	0.05270	0.01237	0.01122	0.03155	0.04275	0.04011	0.01822	0.00736	0.00853	0.00568	0.00431	0.00330	0.00138	0.00435	0.00290	0.00268	0.00545
58	0.00545	0.00462	0.00472	0.00475	0.00626	0.00389	0.00360	0.00665	0.01037	0.01239	0.05748	0.04374	0.76811	0.01148	0.00539	0.00155	0.00236	0.03914	0.00422	0.00385
59	0.01107	0.01072	0.01844	0.04908	0.73070	0.01088	0.04568	0.01376	0.01018	0.01457	0.00845	0.01123	0.00709	0.00418	0.00489	0.00138	0.03438	0.00409	0.00223	0.00700
60	0.00896	0.00770	0.00806	0.00745	0.00957	0.00834	0.00574	0.01719	0.49165	0.01640	0.04261	0.04424	0.29704	0.00826	0.00491	0.00154	0.00308	0.00692	0.00447	0.00586
61	0.00552	0.00394	0.00526	0.00631	0.00657	0.00368	0.00421	0.00631	0.00868	0.01157	0.02498	0.83779	0.02997	0.01420	0.00578	0.00184	0.00263	0.01288	0.00421	0.00368
62	0.00647	0.00485	0.00728	0.00728	0.00809	0.00566	0.00566	0.00809	0.00728	0.01052	0.01214	0.01780	0.01133	0.03398	0.82279	0.00728	0.01214	0.00485	0.00243	0.00405
63	0.01113	0.01039	0.01330	0.01139	0.01191	0.06222	0.00939	0.04400	0.00832	0.06121	0.00761	0.03910	0.00718	0.00771	0.01284	0.00187	0.66857	0.00425	0.00241	0.00521
64	0.01126	0.00915	0.01402	0.01890	0.45968	0.00919	0.01040	0.01517	0.12718	0.10060	0.09745	0.03244	0.04340	0.00575	0.00470	0.00142	0.00442	0.02483	0.00340	0.00666
65	0.01122	0.01077	0.01839	0.02781	0.81248	0.01077	0.01391	0.01391	0.01032	0.01480	0.00852	0.01122	0.00718	0.00404	0.00449	0.00135	0.00538	0.00404	0.00224	0.00718
66	0.01211	0.84348	0.02374	0.00775	0.01163	0.01793	0.00775	0.01357	0.00921	0.01066	0.00630	0.00727	0.00582	0.00388	0.00291	0.00097	0.00485	0.00242	0.00194	0.00582
67	0.00538	0.00459	0.00463	0.00462	0.00614	0.00384	0.00346	0.00656	0.01039	0.01239	0.06532	0.04336	0.79114	0.01142	0.00536	0.00153	0.00229	0.00953	0.00423	0.00384
68	0.01016	0.01077	0.02031	0.14097	0.10166	0.03531	0.44527	0.01397	0.06359	0.01401	0.01100	0.09129	0.00942	0.00512	0.00509	0.00153	0.00643	0.00565	0.00258	0.00587
69	0.00659	0.00439	0.00494	0.00494	0.00494	0.00439	0.00275	0.00659	0.00659	0.00879	0.01428	0.02965	0.01647	0.84075	0.02306	0.00439	0.00439	0.00659	0.00275	0.00275
70	0.00554	0.00396	0.00527	0.00630	0.00658	0.00369	0.00421	0.00635	0.00875	0.01169	0.03919	0.82324	0.03020	0.01411	0.00578	0.00183	0.00262	0.01280	0.00422	0.00369
71	0.00680	0.00459	0.00624	0.00713	0.00785	0.00439	0.00548	0.00813	0.00954	0.04518	0.02460	0.49265	0.03864	0.01317	0.00591	0.00191	0.00326	0.30622	0.00425	0.00404
72	0.01062	0.01028	0.01370	0.01173	0.01197	0.04541	0.00974	0.01164	0.00742	0.04378	0.00648	0.01007	0.00616	0.00771	0.01402	0.00193	0.76617	0.00395	0.00214	0.00508
73	0.00930	0.08210	0.76051	0.01255	0.01904	0.01105	0.01610	0.01429	0.00954	0.01409	0.00800	0.00940	0.00575	0.00427	0.00421	0.00140	0.00656	0.00328	0.00192	0.00663
74	0.00987	0.00838	0.00990	0.00756	0.03551	0.00661	0.00580	0.05345	0.01006	0.01550	0.00822	0.00953	0.00678	0.00349	0.00345	0.00073	0.00351	0.00280	0.00277	0.79607
75	0.00643	0.00600	0.00545	0.00543	0.00696	0.06908	0.00409	0.00774	0.02072	0.01225	0.04059	0.08235	0.66799	0.01104	0.00530	0.00154	0.00286	0.03613	0.00406	0.00399
76	0.00560	0.00457	0.00494	0.00491	0.00628	0.00392	0.00366	0.00695	0.01081	0.01352	0.21390	0.07389	0.60908	0.01110	0.00537	0.00152	0.00227	0.00940	0.00438	0.00392
77	0.00782	0.00394	0.00589	0.00591	0.00592	0.00393	0.00394	0.00591	0.00596	0.00794	0.00821	0.03018	0.00831	0.01571	0.01747	0.85091	0.00391	0.00411	0.00201	0.00200
78	0.01105	0.01033	0.01603	0.07715	0.55922	0.01085	0.01213	0.01630	0.20921	0.01563	0.01098	0.01270	0.00877	0.00460	0.00452	0.00140	0.00498	0.00431	0.00282	0.00703
79	0.00572	0.00408	0.00533	0.00624	0.00657	0.00384	0.00423	0.00652	0.00865	0.01146	0.02470	0.68873	0.05686	0.08952	0.00738	0.00208	0.00287	0.05753	0.00407	0.00363
80	0.00853	0.00789	0.01328	0.79676	0.03019	0.00982	0.01224	0.01135	0.00893	0.01143	0.00805	0.01215	0.00611	0.00498	0.00506	0.03633	0.00596	0.00402	0.00201	0.00491
81	0.01117	0.48396	0.31707	0.01033	0.03693	0.01484	0.01129	0.04472	0.00985	0.01285	0.00722	0.00837	0.00590	0.00410	0.00353	0.00117	0.00555	0.00288	0.00204	0.00625
82	0.04165	0.00554	0.00799	0.06267	0.00991	0.00610	0.03520	0.02155	0.00830	0.01177	0.01614	0.17733	0.05144	0.07713	0.38149	0.00445	0.02572	0.04850	0.00297	0.00414
83	0.01098	0.01068	0.01860	0.07698	0.68397	0.01085	0.07246	0.01373	0.01018	0.01448	0.00848	0.01131	0.00705	0.00415	0.00482	0.00139	0.02661	0.00413	0.00223	0.00691
84	0.00697	0.00518	0.00586	0.00548	0.00703	0.00469	0.00417	0.04059	0.03027	0.04751	0.32199	0.03695	0.44655	0.01006	0.00527	0.00148	0.00244	0.00853	0.00457	0.00438
85	0.00697	0.00529	0.00689	0.00656	0.00688	0.00574	0.02744	0.00751	0.00724	0.00985	0.01537	0.09057	0.04714	0.52614	0.09068	0.00391	0.09912	0.03050	0.00283	0.00337
86	0.10017	0.01510	0.01367	0.01156	0.01436	0.34347	0.09605	0.05970	0.03300	0.16477	0.01204	0.04212	0.00980	0.04026	0.00587	0.00173	0.02154	0.00456	0.00372	0.00652
87	0.01005	0.00995	0.01670	0.38734	0.32678	0.03874	0.10029	0.01295	0.00994	0.01326	0.02577	0.01210	0.00736	0.00437	0.00461	0.00144	0.00596	0.00423	0.00221	0.00596
88	0.01090	0.01061	0.01774	0.15409	0.64962	0.02833	0.03531	0.01365	0.01018	0.01420	0.00843	0.01131	0.00696	0.00412	0.00451	0.00137	0.00561	0.00405	0.00221	0.00677
89	0.00717	0.00570	0.00675	0.00684	0.03977	0.00548	0.00490	0.05134	0.08125	0.01591	0.31357	0.09596	0.31426	0.00982	0.00526	0.00151	0.00268	0.02275	0.00446	0.00462
90	0.40890	0.00917	0.00968	0.15418	0.06471	0.04086	0.00738	0.06108	0.03980	0.09778	0.01113	0.01210	0.05632	0.00501	0.00377	0.00142	0.00431	0.00370	0.00315	0.00555
91	0.00967	0.00888	0.01476	0.52865	0.21636	0.01033	0.02260	0.01243	0.00936	0.03561	0.00832	0.01176	0.00648	0.00464	0.00522	0.00148	0.06281	0.00403	0.00219	0.02441

[dist]
# distance from previous block
# <min> <max>
0	3

[block]
# block no. 1 follows, 57 sequences, length 162
# corresponding to MSA columns:
# 99-197,209-271
name=unknown_B
#
# <colnr> <probs for GDERKNQSTAVLIFYWHMCP>
#	G	D	E	R	K	N	Q	S	T	A	V	L	I	F	Y	W	H	M	C	P
0	0.01913	0.11314	0.01247	0.00822	0.01179	0.00816	0.02061	0.02088	0.01246	0.70014	0.01627	0.01434	0.01046	0.00536	0.00436	0.00135	0.00405	0.00430	0.00509	0.00744
1	0.01064	0.03000	0.01600	0.34542	0.40102	0.01066	0.01266	0.02693	0.00997	0.04922	0.00864	0.01160	0.00683	0.00447	0.00486	0.00143	0.03707	0.00401	0.00232	0.00624
2	0.08610	0.00870	0.01098	0.00879	0.02575	0.00848	0.00710	0.13702	0.01346	0.58103	0.01516	0.01376	0.00986	0.00556	0.00493	0.00142	0.04527	0.00428	0.00499	0.00734
3	0.00774	0.00573	0.00810	0.00903	0.07202	0.00549	0.03139	0.00980	0.03088	0.05350	0.08525	0.19262	0.15201	0.01097	0.00566	0.00177	0.00359	0.30575	0.00412	0.00458
4	0.11758	0.01028	0.01496	0.28031	0.32419	0.06398	0.04654	0.01313	0.00962	0.01398	0.00857	0.01137	0.02044	0.00455	0.00478	0.00143	0.04224	0.00392	0.00227	0.00588
5	0.01316	0.40182	0.24134	0.02140	0.01587	0.16694	0.04587	0.01542	0.01078	0.01305	0.00825	0.00996	0.00694	0.00491	0.00415	0.00138	0.00649	0.00331	0.00242	0.00653
6	0.00785	0.00629	0.00804	0.02866	0.08180	0.03398	0.02253	0.02292	0.00784	0.01049	0.01302	0.02477	0.01401	0.51046	0.11955	0.00398	0.03700	0.04035	0.00268	0.00377
7	0.20099	0.06717	0.13748	0.14421	0.10917	0.04691	0.01945	0.09504	0.01078	0.08562	0.00931	0.03846	0.00730	0.00484	0.00404	0.00139	0.00513	0.00379	0.00286	0.00605
8	0.01142	0.04512	0.09621	0.03390	0.17269	0.10429	0.03863	0.02656	0.04953	0.10797	0.01369	0.17779	0.01291	0.00704	0.00526	0.00151	0.04621	0.04016	0.00322	0.00588
9	0.00799	0.00546	0.00765	0.04505	0.05653	0.00530	0.00652	0.00971	0.01030	0.08023	0.07797	0.23633	0.10143	0.01118	0.00567	0.00180	0.00360	0.31860	0.00415	0.00453
10	0.03089	0.04790	0.01667	0.24654	0.44714	0.07179	0.03205	0.01372	0.01011	0.02890	0.00832	0.01107	0.00672	0.00424	0.00438	0.00137	0.00573	0.00388	0.00225	0.00631
11	0.00866	0.00794	0.01306	0.52393	0.17602	0.00912	0.01132	0.01131	0.00966	0.01276	0.07806	0.01655	0.05626	0.00564	0.00493	0.01797	0.00529	0.02380	0.00249	0.00523
12	0.00681	0.00537	0.00817	0.19564	0.01289	0.00618	0.00678	0.00844	0.00794	0.01086	0.01393	0.17699	0.01421	0.07335	0.40269	0.01774	0.00817	0.01704	0.00272	0.00409
13	0.00668	0.00458	0.00588	0.00655	0.00719	0.00438	0.00462	0.00820	0.04859	0.04761	0.02463	0.59929	0.06581	0.06315	0.00674	0.00197	0.00296	0.08292	0.00420	0.00403
14	0.01377	0.07421	0.04251	0.15448	0.09873	0.22108	0.02384	0.10439	0.01191	0.11443	0.00932	0.01093	0.00714	0.00607	0.03785	0.00159	0.05512	0.00373	0.00287	0.00604
15	0.01404	0.12084	0.01443	0.06300	0.08716	0.41396	0.02911	0.06247	0.04711	0.02582	0.00950	0.07441	0.00844	0.00535	0.00422	0.00127	0.00645	0.00406	0.00269	0.00566
16	0.00835	0.00750	0.01057	0.02822	0.04997	0.00941	0.00765	0.00958	0.00746	0.01097	0.01073	0.01605	0.04447	0.11085	0.24837	0.00368	0.36985	0.00473	0.00234	0.03926
17	0.00904	0.00767	0.00899	0.00661	0.01031	0.00583	0.00524	0.01099	0.00954	0.01474	0.04470	0.04444	0.02396	0.00420	0.00358	0.00077	0.00325	0.00346	0.00288	0.77981
18	0.01025	0.03643	0.24234	0.08846	0.03475	0.01107	0.05557	0.04166	0.30903	0.01603	0.03268	0.01398	0.02466	0.00549	0.00518	0.00150	0.05679	0.00448	0.00317	0.00648
19	0.00568	0.00431	0.00526	0.00582	0.00664	0.00389	0.00418	0.00681	0.00976	0.01259	0.11099	0.44023	0.28849	0.01269	0.00563	0.00171	0.00258	0.06462	0.00428	0.00382
20	0.01255	0.01293	0.03436	0.07307	0.43687	0.18099	0.03698	0.01574	0.07096	0.04959	0.00934	0.01120	0.00745	0.00442	0.00442	0.00133	0.00587	0.00390	0.00258	0.02546
21	0.00559	0.00419	0.00521	0.00596	0.00660	0.00381	0.00417	0.00657	0.00929	0.01200	0.04986	0.57682	0.22838	0.01330	0.00569	0.00176	0.00261	0.05020	0.00422	0.00376
22	0.01211	0.84348	0.02374	0.00775	0.01163	0.01793	0.00775	0.01357	0.00921	0.01066	0.00630	0.00727	0.00582	0.00388	0.00291	0.00097	0.00485	0.00242	0.00194	0.00582
23	0.00991	0.00991	0.01388	0.01190	0.01190	0.01388	0.00991	0.01091	0.00694	0.01091	0.00595	0.00991	0.00595	0.00793	0.01487	0.00198	0.83246	0.00397	0.00198	0.00496
24	0.00544	0.00456	0.00473	0.00476	0.00619	0.00385	0.00354	0.00663	0.01041	0.01261	0.09737	0.08709	0.71436	0.01147	0.00538	0.00154	0.00230	0.00965	0.00426	0.00385
25	0.00630	0.00463	0.00590	0.00558	0.00670	0.00423	0.00419	0.00834	0.01256	0.01755	0.72952	0.03488	0.12372	0.00950	0.00535	0.00144	0.00215	0.00834	0.00491	0.00423
26	0.01122	0.01077	0.01839	0.02781	0.81248	0.01077	0.01391	0.01391	0.01032	0.01480	0.00852	0.01122	0.00718	0.00404	0.00449	0.00135	0.00538	0.00404	0.00224	0.00718
27	0.00909	0.02344	0.81727	0.01292	0.01961	0.01052	0.01674	0.01435	0.00957	0.01435	0.00813	0.00957	0.00574	0.00431	0.00431	0.00144	0.00670	0.00335	0.00191	0.00670
28	0.00856	0.00805	0.01359	0.82986	0.03121	0.01007	0.01258	0.01158	0.00906	0.01158	0.00805	0.01208	0.00604	0.00453	0.00453	0.00151	0.00604	0.00403	0.00201	0.00503
29	0.00648	0.00483	0.00717	0.00717	0.00793	0.00560	0.00552	0.00802	0.00725	0.01043	0.01224	0.01839	0.01159	0.07424	0.78289	0.00714	0.01175	0.00494	0.00244	0.00398
30	0.00940	0.00805	0.00940	0.00671	0.01074	0.00604	0.00537	0.01141	0.00940	0.01477	0.00805	0.00940	0.00671	0.00336	0.00336	0.00067	0.00336	0.00268	0.00268	0.86845
31	0.01153	0.00986	0.01039	0.00927	0.01188	0.01139	0.00724	0.05820	0.76975	0.01938	0.01811	0.01664	0.01356	0.00612	0.00461	0.00153	0.00365	0.00508	0.00461	0.00720
32	0.00659	0.00440	0.00500	0.00500	0.00502	0.00442	0.00282	0.00663	0.00661	0.00883	0.01422	0.02936	0.01635	0.82062	0.04302	0.00447	0.00459	0.00655	0.00274	0.00278
33	0.00590	0.00496	0.00515	0.00510	0.00648	0.02187	0.00381	0.00724	0.01082	0.01344	0.20879	0.06041	0.58035	0.02612	0.00567	0.00157	0.00247	0.02162	0.00431	0.00394
34	0.01231	0.81183	0.02336	0.00786	0.01172	0.01778	0.00779	0.04343	0.00967	0.01134	0.00647	0.00741	0.00589	0.00394	0.00297	0.00098	0.00485	0.00249	0.00204	0.00589
35	0.02033	0.00771	0.01052	0.00806	0.01157	0.00666	0.00666	0.02208	0.01297	0.81562	0.01788	0.01542	0.01122	0.00561	0.00456	0.00140	0.00386	0.00456	0.00561	0.00771
36	0.00553	0.00411	0.00516	0.00593	0.00649	0.00374	0.00405	0.00645	0.00920	0.01201	0.06550	0.63862	0.18985	0.01341	0.00568	0.00176	0.00254	0.01199	0.00424	0.00374
37	0.00968	0.00902	0.01499	0.57775	0.22342	0.01046	0.02528	0.05131	0.01001	0.01327	0.00833	0.01181	0.00642	0.00444	0.00453	0.00146	0.00585	0.00405	0.00220	0.00571
38	0.01188	0.77887	0.08627	0.00816	0.01226	0.01735	0.00846	0.01363	0.00924	0.01095	0.00644	0.00745	0.00581	0.00391	0.00302	0.00101	0.00499	0.00250	0.00194	0.00588
39	0.00563	0.00402	0.00538	0.00643	0.00674	0.00377	0.00439	0.00649	0.00878	0.01169	0.02492	0.79097	0.02974	0.01410	0.00581	0.00185	0.00272	0.05866	0.00420	0.00371
40	0.01211	0.84348	0.02374	0.00775	0.01163	0.01793	0.00775	0.01357	0.00921	0.01066	0.00630	0.00727	0.00582	0.00388	0.00291	0.00097	0.00485	0.00242	0.00194	0.00582
41	0.01211	0.84348	0.02374	0.00775	0.01163	0.01793	0.00775	0.01357	0.00921	0.01066	0.00630	0.00727	0.00582	0.00388	0.00291	0.00097	0.00485	0.00242	0.00194	0.00582
42	0.00897	0.00438	0.00450	0.00439	0.00556	0.00433	0.00332	0.01107	0.00966	0.05228	0.01492	0.01683	0.01160	0.00529	0.00323	0.00107	0.00219	0.00424	0.82779	0.00438
43	0.00566	0.00404	0.00542	0.00647	0.00679	0.00380	0.00445	0.00655	0.00881	0.01172	0.02490	0.77581	0.02966	0.01406	0.00582	0.00186	0.00275	0.07348	0.00420	0.00372
44	0.01149	0.00984	0.01037	0.00926	0.01186	0.01137	0.00722	0.05195	0.77608	0.01930	0.01817	0.01669	0.01361	0.00612	0.00461	0.00153	0.00364	0.00509	0.00461	0.00719
45	0.00568	0.00406	0.00544	0.00649	0.00682	0.00382	0.00448	0.00658	0.00883	0.01174	0.02489	0.76867	0.02963	0.01405	0.00583	0.00186	0.00276	0.08046	0.00420	0.00372
46	0.00780	0.00429	0.00467	0.00490	0.00578	0.00424	0.00355	0.02298	0.00948	0.01564	0.01750	0.24133	0.01657	0.00772	0.00391	0.00128	0.00230	0.00659	0.61534	0.00414
47	0.00697	0.00475	0.00534	0.00527	0.00551	0.00488	0.00316	0.00795	0.05839	0.00987	0.01449	0.02784	0.01590	0.72062	0.04981	0.00416	0.00452	0.00633	0.04110	0.00314
48	0.00569	0.00405	0.00538	0.00638	0.00668	0.00382	0.00434	0.00653	0.00869	0.01156	0.02438	0.74499	0.02904	0.05522	0.00668	0.00198	0.00282	0.06398	0.00413	0.00367
49	0.00658	0.00443	0.00515	0.00515	0.00522	0.00450	0.00300	0.00672	0.00665	0.00894	0.01409	0.02861	0.01602	0.76986	0.09334	0.00465	0.00507	0.00644	0.00272	0.00286
50	0.03377	0.01218	0.01320	0.01013	0.01373	0.01333	0.00837	0.71434	0.02031	0.09756	0.01141	0.01121	0.00796	0.00543	0.00450	0.00136	0.00486	0.00409	0.00459	0.00765
51	0.01163	0.00991	0.01045	0.00930	0.01192	0.01144	0.00726	0.07129	0.75650	0.01954	0.01798	0.01654	0.01346	0.00610	0.00461	0.00153	0.00367	0.00506	0.00461	0.00720
52	0.00654	0.00437	0.00496	0.00501	0.00502	0.00436	0.00282	0.00658	0.00669	0.00892	0.01481	0.06988	0.01715	0.79961	0.02220	0.00427	0.00431	0.00690	0.00282	0.00279
53	0.00940	0.00805	0.00940	0.00671	0.01074	0.00604	0.00537	0.01141	0.00940	0.01477	0.00805	0.00940	0.00671	0.00336	0.00336	0.00067	0.00336	0.00268	0.00268	0.86845
54	0.01653	0.01166	0.01341	0.01166	0.08863	0.01258	0.00874	0.61340	0.01893	0.10796	0.01192	0.04288	0.00887	0.00566	0.00458	0.00138	0.00482	0.00446	0.00442	0.00750
55	0.00612	0.00446	0.00577	0.00659	0.00713	0.00431	0.00470	0.00766	0.04453	0.01233	0.05470	0.58418	0.05760	0.05444	0.00663	0.00196	0.00296	0.12586	0.00418	0.00389
56	0.01247	0.02409	0.02679	0.10180	0.38644	0.05285	0.04063	0.05372	0.01946	0.11715	0.00963	0.01148	0.00746	0.00455	0.00492	0.00135	0.04685	0.00397	0.00281	0.07158
57	0.00978	0.00879	0.01232	0.07703	0.11130	0.01073	0.00904	0.04639	0.05556	0.03053	0.01178	0.09909	0.04551	0.02627	0.02424	0.00186	0.37357	0.00527	0.00275	0.03820
58	0.00583	0.00457	0.00527	0.00518	0.00643	0.00401	0.00385	0.00739	0.01132	0.01479	0.37873	0.08783	0.42726	0.01067	0.00538	0.00150	0.00225	0.00917	0.00455	0.00401
59	0.00959	0.00823	0.00948	0.00697	0.01085	0.00658	0.00556	0.01272	0.09155	0.01520	0.00913	0.01017	0.00745	0.00364	0.00349	0.00076	0.00338	0.00294	0.00288	0.77944
60	0.00867	0.00812	0.01346	0.76505	0.04799	0.00986	0.01221	0.01162	0.00911	0.01183	0.00806	0.01191	0.00610	0.00445	0.00446	0.00146	0.00587	0.00395	0.00206	0.05375
61	0.01240	0.50397	0.21202	0.00944	0.01383	0.08414	0.00997	0.04395	0.01024	0.05232	0.00755	0.00844	0.00614	0.00419	0.00349	0.00113	0.00553	0.00286	0.00225	0.00614
62	0.00988	0.01095	0.02226	0.01635	0.02010	0.02574	0.61711	0.01306	0.01040	0.01387	0.01351	0.08810	0.07637	0.00554	0.00569	0.00156	0.03498	0.00628	0.00261	0.00565
63	0.01446	0.01092	0.01178	0.00940	0.01253	0.01191	0.00764	0.54282	0.12907	0.02457	0.05416	0.01599	0.06173	0.01659	0.00486	0.00143	0.00439	0.02146	0.00445	0.03987
64	0.01252	0.02029	0.03966	0.04492	0.01134	0.14188	0.00690	0.06011	0.01152	0.22362	0.04134	0.23113	0.03906	0.03561	0.00553	0.00162	0.00448	0.05897	0.00404	0.00546
65	0.00579	0.00413	0.00556	0.00661	0.00699	0.00391	0.00467	0.00677	0.00894	0.01186	0.02483	0.72058	0.02939	0.01395	0.00585	0.00188	0.00286	0.12748	0.00420	0.00375
66	0.00984	0.00489	0.00517	0.00482	0.00620	0.00487	0.00370	0.04662	0.01032	0.08448	0.01487	0.01650	0.01141	0.00531	0.00335	0.00110	0.00239	0.00425	0.75526	0.00467
67	0.00868	0.00825	0.01413	0.78821	0.04347	0.01013	0.04043	0.01172	0.00914	0.01173	0.00810	0.01207	0.00609	0.00450	0.00456	0.00151	0.00609	0.00407	0.00203	0.00511
68	0.00863	0.00816	0.01388	0.80418	0.04370	0.01010	0.02491	0.01166	0.00911	0.01168	0.00808	0.01207	0.00607	0.00451	0.00454	0.00151	0.00605	0.00405	0.00202	0.00509
69	0.00552	0.00394	0.00526	0.00631	0.00657	0.00368	0.00421	0.00631	0.00868	0.01157	0.02498	0.83779	0.02997	0.01420	0.00578	0.00184	0.00263	0.01288	0.00421	0.00368
70	0.01142	0.00955	0.01018	0.00902	0.01155	0.01087	0.00707	0.10828	0.63613	0.01971	0.06495	0.01854	0.03497	0.00650	0.00469	0.00152	0.00364	0.01989	0.00461	0.00692
71	0.00621	0.00473	0.00571	0.00580	0.00687	0.00439	0.00431	0.00815	0.04188	0.01460	0.32791	0.18247	0.25801	0.04259	0.00614	0.00170	0.00257	0.06743	0.00446	0.00409
72	0.00909	0.02344	0.81727	0.01292	0.01961	0.01052	0.01674	0.01435	0.00957	0.01435	0.00813	0.00957	0.00574	0.00431	0.00431	0.00144	0.00670	0.00335	0.00191	0.00670
73	0.00659	0.00439	0.00494	0.00494	0.00494	0.00439	0.00275	0.00659	0.00659	0.00879	0.01428	0.02965	0.01647	0.84075	0.02306	0.00439	0.00439	0.00659	0.00275	0.00275
74	0.00671	0.00503	0.00738	0.00798	0.00889	0.00487	0.04522	0.00833	0.00972	0.01277	0.02405	0.37163	0.04069	0.01275	0.00600	0.00195	0.00368	0.41419	0.00409	0.00406
75	0.01006	0.01022	0.01466	0.01234	0.01266	0.02533	0.05868	0.01123	0.00726	0.01113	0.00616	0.01003	0.00600	0.00763	0.01412	0.00194	0.76945	0.00404	0.00201	0.00503
76	0.01609	0.00682	0.00941	0.00769	0.01038	0.00625	0.00623	0.01781	0.01159	0.56979	0.06897	0.01737	0.01340	0.02323	0.19029	0.00278	0.00563	0.00489	0.00481	0.00659
77	0.00640	0.00458	0.00559	0.00534	0.00650	0.00418	0.00401	0.00834	0.01202	0.01689	0.58432	0.03414	0.19011	0.00932	0.00514	0.00141	0.00217	0.00808	0.08728	0.00418
78	0.00538	0.00460	0.00463	0.00464	0.00617	0.00385	0.00350	0.00654	0.01033	0.01226	0.04559	0.04372	0.79933	0.01149	0.00537	0.00154	0.00232	0.02071	0.00421	0.00383
79	0.01740	0.01001	0.11082	0.00876	0.01245	0.01750	0.00794	0.06032	0.05376	0.57466	0.05605	0.01541	0.01201	0.00598	0.01432	0.00148	0.00432	0.00458	0.00493	0.00731
80	0.06614	0.02785	0.01167	0.00878	0.01229	0.00974	0.00728	0.29258	0.02495	0.46919	0.01454	0.01323	0.00955	0.00544	0.00442	0.00138	0.00425	0.00423	0.00498	0.00751
81	0.01074	0.01049	0.01850	0.15445	0.60546	0.01073	0.09577	0.01360	0.01016	0.01426	0.00852	0.01146	0.00697	0.00409	0.00458	0.00139	0.00572	0.00417	0.00221	0.00672
82	0.01907	0.00840	0.01083	0.00838	0.01173	0.00785	0.00688	0.15835	0.01408	0.63175	0.01616	0.01460	0.01047	0.00645	0.01918	0.03452	0.00420	0.00445	0.00522	0.00743
83	0.00551	0.00397	0.00523	0.00624	0.00655	0.00369	0.00418	0.00632	0.00874	0.01159	0.02582	0.80579	0.06143	0.01409	0.00577	0.00183	0.00262	0.01275	0.00421	0.00369
84	0.00856	0.00805	0.01359	0.82986	0.03121	0.01007	0.01258	0.01158	0.00906	0.01158	0.00805	0.01208	0.00604	0.00453	0.00453	0.00151	0.00604	0.00403	0.00201	0.00503
85	0.01150	0.01134	0.01802	0.03739	0.75699	0.05678	0.01360	0.01411	0.01044	0.01455	0.00843	0.01105	0.00709	0.00408	0.00446	0.00134	0.00555	0.00397	0.00225	0.00704
86	0.00707	0.00478	0.00623	0.00578	0.00699	0.00438	0.00436	0.00915	0.01275	0.05765	0.74368	0.03328	0.06830	0.00916	0.00531	0.00143	0.00223	0.00806	0.00499	0.00443
87	0.00659	0.00439	0.00494	0.00494	0.00494	0.00439	0.00275	0.00659	0.00659	0.00879	0.01428	0.02965	0.01647	0.84075	0.02306	0.00439	0.00439	0.00659	0.00275	0.00275
88	0.00581	0.00461	0.00522	0.00506	0.00640	0.00402	0.00380	0.00738	0.01139	0.01477	0.37140	0.03945	0.48358	0.01053	0.00535	0.00149	0.00223	0.00898	0.00454	0.00402
89	0.01723	0.01269	0.01360	0.01043	0.01405	0.01405	0.00861	0.79738	0.02131	0.02856	0.01088	0.01088	0.00771	0.00544	0.00453	0.00136	0.00499	0.00408	0.00453	0.00771
90	0.00553	0.00460	0.00483	0.00477	0.00623	0.00390	0.00358	0.00684	0.01074	0.01321	0.17130	0.04201	0.68464	0.01111	0.00535	0.00151	0.00227	0.00934	0.00434	0.00390
91	0.01122	0.01077	0.01839	0.02781	0.81248	0.01077	0.01391	0.01391	0.01032	0.01480	0.00852	0.01122	0.00718	0.00404	0.00449	0.00135	0.00538	0.00404	0.00224	0.00718
92	0.87276	0.00876	0.00666	0.00596	0.00876	0.01017	0.00491	0.01332	0.00771	0.02033	0.00631	0.00736	0.00491	0.00421	0.00280	0.00140	0.00351	0.00245	0.00280	0.00491
93	0.00644	0.00477	0.00678	0.00678	0.00749	0.00537	0.00509	0.00777	0.00730	0.01031	0.01399	0.02089	0.04759	0.16565	0.65507	0.00655	0.01043	0.00535	0.00256	0.00382
94	0.00647	0.00485	0.00728	0.00728	0.00809	0.00566	0.00566	0.00809	0.00728	0.01052	0.01214	0.01780	0.01133	0.03398	0.82279	0.00728	0.01214	0.00485	0.00243	0.00405
95	0.00654	0.00458	0.00591	0.00591	0.00625	0.00492	0.00396	0.00721	0.00688	0.00951	0.01339	0.02473	0.01434	0.50574	0.35515	0.00559	0.00761	0.00587	0.00261	0.00329
96	0.01070	0.01222	0.02674	0.01910	0.02368	0.01146	0.79603	0.01451	0.01070	0.01451	0.00917	0.01222	0.00688	0.00382	0.00535	0.00153	0.00764	0.00535	0.00229	0.00611
97	0.01862	0.00733	0.00997	0.00777	0.01098	0.00637	0.00637	0.02042	0.01295	0.71771	0.11515	0.01769	0.01509	0.00606	0.00465	0.00140	0.00364	0.00500	0.00553	0.00729
98	0.00960	0.11545	0.71057	0.01231	0.01859	0.02915	0.01556	0.01434	0.00960	0.01386	0.00790	0.00928	0.00575	0.00426	0.00414	0.00138	0.00652	0.00324	0.00193	0.00657
99	0.00545	0.00450	0.00472	0.00485	0.00615	0.00384	0.00353	0.00653	0.01002	0.01214	0.05864	0.14695	0.65970	0.04496	0.00612	0.00168	0.00242	0.00985	0.00417	0.00377
100	0.01078	0.01223	0.11931	0.07268	0.65377	0.01071	0.02681	0.01384	0.01016	0.01455	0.00846	0.01107	0.00692	0.00410	0.00448	0.00137	0.00562	0.00397	0.00219	0.00697
101	0.87276	0.00876	0.00666	0.00596	0.00876	0.01017	0.00491	0.01332	0.00771	0.02033	0.00631	0.00736	0.00491	0.00421	0.00280	0.00140	0.00351	0.00245	0.00280	0.00491
102	0.01031	0.01396	0.16182	0.01770	0.02256	0.01112	0.64260	0.01434	0.01055	0.01458	0.02898	0.01231	0.00758	0.00404	0.00517	0.00151	0.00734	0.00508	0.00229	0.00617
103	0.01017	0.00882	0.01015	0.01060	0.09582	0.02111	0.00734	0.01902	0.52333	0.01691	0.02778	0.14472	0.02449	0.00737	0.00481	0.00155	0.00368	0.03021	0.00420	0.02794
104	0.00577	0.00461	0.00517	0.00503	0.00638	0.00400	0.00377	0.00731	0.01131	0.01457	0.34626	0.03977	0.50884	0.01061	0.00535	0.00149	0.00223	0.00903	0.00451	0.00400
105	0.01150	0.01021	0.01035	0.00932	0.01187	0.04417	0.00724	0.02384	0.77220	0.01864	0.01798	0.01655	0.01351	0.00609	0.00459	0.00152	0.00377	0.00503	0.00452	0.00709
106	0.00787	0.00394	0.00590	0.00590	0.00590	0.00394	0.00394	0.00590	0.00590	0.00787	0.00787	0.01377	0.00787	0.01574	0.01771	0.86816	0.00394	0.00394	0.00197	0.00197
107	0.00570	0.00485	0.00494	0.00487	0.00643	0.00422	0.00367	0.00747	0.04996	0.01284	0.07840	0.04185	0.73696	0.01111	0.00532	0.00153	0.00235	0.00928	0.00426	0.00401
108	0.00655	0.00482	0.00620	0.00611	0.00725	0.00452	0.00477	0.00877	0.02583	0.01681	0.58628	0.03750	0.11321	0.00999	0.00549	0.00155	0.00253	0.14279	0.00476	0.00426
109	0.00954	0.00814	0.00947	0.00678	0.01080	0.00618	0.00543	0.02541	0.00961	0.01501	0.00810	0.00942	0.00673	0.00339	0.00338	0.00068	0.00338	0.00271	0.00272	0.85312
110	0.00991	0.00991	0.01388	0.01190	0.01190	0.01388	0.00991	0.01091	0.00694	0.01091	0.00595	0.00991	0.00595	0.00793	0.01487	0.00198	0.83246	0.00397	0.00198	0.00496
111	0.01003	0.01036	0.01435	0.01197	0.01309	0.08759	0.12508	0.01159	0.00816	0.01146	0.00773	0.01157	0.00711	0.01186	0.16502	0.00282	0.46265	0.00422	0.00216	0.02120
112	0.00656	0.00451	0.00553	0.00553	0.00574	0.00471	0.00348	0.00697	0.00676	0.00922	0.01374	0.02667	0.01518	0.63739	0.22465	0.00512	0.00635	0.00615	0.00267	0.00307
113	0.08542	0.00913	0.00983	0.00772	0.01086	0.00920	0.00625	0.29218	0.05327	0.06533	0.01119	0.01182	0.00841	0.00478	0.00382	0.00113	0.00376	0.00367	0.15981	0.24241
114	0.00673	0.00467	0.00552	0.00543	0.00550	0.00491	0.00329	0.00690	0.00666	0.00902	0.01374	0.02784	0.01560	0.74029	0.08571	0.00451	0.04169	0.00634	0.00269	0.00295
115	0.01122	0.01739	0.39099	0.01573	0.12906	0.05112	0.18138	0.05016	0.03250	0.06339	0.00934	0.01091	0.00683	0.00436	0.00458	0.00143	0.00646	0.00400	0.00247	0.00669
116	0.00939	0.00839	0.02710	0.00685	0.01093	0.00614	0.00562	0.01147	0.00940	0.01476	0.00806	0.00940	0.00669	0.00338	0.00338	0.00069	0.00343	0.00270	0.00267	0.84957
117	0.01111	0.01165	0.02388	0.01738	0.02132	0.01148	0.63974	0.01486	0.04063	0.05416	0.00960	0.01231	0.00725	0.00445	0.00633	0.00157	0.09852	0.00515	0.00251	0.00610
118	0.01488	0.01195	0.03964	0.07701	0.11040	0.06905	0.03814	0.32391	0.10479	0.12790	0.01168	0.01209	0.00843	0.00511	0.00450	0.00138	0.00515	0.00416	0.00385	0.02597
119	0.04932	0.01033	0.01711	0.12252	0.66522	0.01067	0.01320	0.01383	0.02771	0.01476	0.00859	0.01127	0.00709	0.00415	0.00442	0.00137	0.00534	0.00399	0.00229	0.00682
120	0.01312	0.14091	0.16306	0.02158	0.01469	0.14407	0.08415	0.09669	0.02198	0.12587	0.01116	0.07725	0.00934	0.00567	0.00474	0.00138	0.03341	0.02170	0.00308	0.00615
121	0.00930	0.12492	0.65385	0.01187	0.01776	0.01105	0.01481	0.01382	0.00948	0.01372	0.00875	0.01141	0.00685	0.00563	0.03220	0.00161	0.00654	0.03801	0.00203	0.00638
122	0.00709	0.00478	0.00625	0.00580	0.00700	0.00439	0.00438	0.00919	0.01279	0.05775	0.75613	0.03312	0.05579	0.00912	0.00531	0.00143	0.00223	0.00804	0.00500	0.00444
123	0.01211	0.84348	0.02374	0.00775	0.01163	0.01793	0.00775	0.01357	0.00921	0.01066	0.00630	0.00727	0.00582	0.00388	0.00291	0.00097	0.00485	0.00242	0.00194	0.00582
124	0.00654	0.00437	0.00496	0.00500	0.00501	0.00436	0.00281	0.00658	0.00668	0.00891	0.01475	0.06569	0.01708	0.80389	0.02229	0.00428	0.00431	0.00687	0.00281	0.00279
125	0.05374	0.00998	0.01599	0.15121	0.54695	0.01048	0.01235	0.06305	0.01056	0.01521	0.00936	0.01205	0.02238	0.00568	0.04069	0.00164	0.00561	0.00410	0.00243	0.00656
126	0.00627	0.00504	0.00565	0.00554	0.00692	0.00467	0.00415	0.00879	0.08565	0.01462	0.27090	0.10034	0.43480	0.01054	0.00533	0.00153	0.00242	0.01811	0.00448	0.00427
127	0.00730	0.00522	0.00730	0.00835	0.00939	0.00522	0.00730	0.00939	0.01043	0.01356	0.02399	0.05111	0.02608	0.01252	0.00626	0.00209	0.00417	0.78199	0.00417	0.00417
128	0.01706	0.01204	0.01367	0.01156	0.07671	0.01305	0.00883	0.65763	0.01960	0.10667	0.01140	0.01136	0.00802	0.00535	0.00453	0.00136	0.00490	0.00412	0.00446	0.00766
129	0.01079	0.00934	0.00964	0.00860	0.01100	0.03013	0.00671	0.08141	0.56299	0.01814	0.02223	0.02086	0.15622	0.00705	0.00495	0.00152	0.02172	0.00576	0.00442	0.00652
130	0.00659	0.00439	0.00494	0.00494	0.00494	0.00439	0.00275	0.00659	0.00659	0.00879	0.01428	0.02965	0.01647	0.84075	0.02306	0.00439	0.00439	0.00659	0.00275	0.00275
131	0.04633	0.00525	0.00659	0.00603	0.00743	0.00499	0.00460	0.01042	0.04276	0.08090	0.68190	0.03058	0.03749	0.00863	0.00514	0.00143	0.00239	0.00754	0.00493	0.00468
132	0.01009	0.14105	0.54780	0.01303	0.01887	0.01189	0.13633	0.04409	0.01014	0.01438	0.00813	0.00969	0.00600	0.00421	0.00427	0.00138	0.00651	0.00355	0.00208	0.00652
133	0.00657	0.00438	0.00495	0.00497	0.00498	0.00438	0.00278	0.00658	0.00663	0.00885	0.01451	0.04701	0.01676	0.82300	0.02269	0.00434	0.00436	0.00672	0.00278	0.00277
134	0.00648	0.00482	0.00710	0.00710	0.00784	0.00556	0.00543	0.00797	0.00723	0.01038	0.01231	0.01874	0.01173	0.09755	0.75978	0.00705	0.01153	0.00499	0.00245	0.00394
135	0.00873	0.00720	0.00765	0.00704	0.00902	0.00759	0.00541	0.06657	0.33587	0.01662	0.09264	0.06928	0.31205	0.00872	0.00497	0.00152	0.00300	0.00732	0.02331	0.00549
136	0.00735	0.00618	0.00677	0.00656	0.00794	0.04593	0.00511	0.01026	0.09346	0.01555	0.36160	0.03536	0.23642	0.00973	0.00552	0.00156	0.01882	0.11695	0.00444	0.00450
137	0.00739	0.00498	0.00688	0.00775	0.00870	0.00486	0.00641	0.00912	0.01010	0.04862	0.03376	0.26001	0.02667	0.01262	0.00604	0.00198	0.00372	0.53193	0.00426	0.00420
138	0.00676	0.00425	0.00565	0.00640	0.00693	0.00393	0.00437	0.00766	0.00903	0.07505	0.02417	0.75284	0.02804	0.01330	0.00562	0.00179	0.00271	0.01201	0.02548	0.00401
139	0.87276	0.00876	0.00666	0.00596	0.00876	0.01017	0.00491	0.01332	0.00771	0.02033	0.00631	0.00736	0.00491	0.00421	0.00280	0.00140	0.00351	0.00245	0.00280	0.00491
140	0.00659	0.00439	0.00494	0.00494	0.00494	0.00439	0.00275	0.00659	0.00659	0.00879	0.01428	0.02965	0.01647	0.84075	0.02306	0.00439	0.00439	0.00659	0.00275	0.00275
141	0.00645	0.00476	0.00604	0.00569	0.00684	0.00442	0.00428	0.00877	0.03320	0.01767	0.72168	0.03427	0.11014	0.00938	0.00533	0.00144	0.00219	0.00824	0.00491	0.00431
142	0.01693	0.02160	0.01284	0.01167	0.01401	0.82256	0.00876	0.01809	0.01284	0.01109	0.00700	0.00817	0.00584	0.00467	0.00409	0.00117	0.00817	0.00292	0.00233	0.00525
143	0.00656	0.00453	0.00562	0.00562	0.00585	0.00476	0.00359	0.00702	0.00679	0.00929	0.01366	0.02622	0.01499	0.60733	0.25445	0.00523	0.00663	0.00609	0.00265	0.00312
144	0.00914	0.00865	0.01465	0.65285	0.20363	0.01022	0.01288	0.01209	0.00934	0.01229	0.00816	0.01189	0.00629	0.00442	0.00452	0.00147	0.00590	0.00403	0.00206	0.00551
145	0.00552	0.00396	0.00524	0.00626	0.00656	0.00368	0.00419	0.00631	0.00872	0.01159	0.02555	0.81612	0.05128	0.01412	0.00577	0.00183	0.00262	0.01279	0.00421	0.00368
146	0.00649	0.00478	0.00691	0.00691	0.00759	0.00546	0.00520	0.00785	0.00717	0.01024	0.01248	0.01970	0.01215	0.16311	0.69480	0.00682	0.01090	0.00513	0.00248	0.00384
147	0.01094	0.01142	0.01375	0.01184	0.01221	0.11344	0.00974	0.02984	0.00800	0.01133	0.00619	0.00972	0.00597	0.00747	0.01331	0.00187	0.71199	0.00384	0.00208	0.00506
148	0.08591	0.02205	0.01348	0.01051	0.01374	0.05976	0.09467	0.44531	0.09515	0.02270	0.01193	0.04570	0.02145	0.00576	0.00466	0.01321	0.00500	0.00455	0.01775	0.00672
