[name]
unknown

[dist]
# distance from previous block
# <min> <max>
0	971

[block]
# block no. 0 follows, 55 sequences, length 15
# corresponding to MSA columns:
# 1057-1071
name=unknown_A
#
# <colnr> <probs for GDERKNQSTAVLIFYWHMCP>
#	G	D	E	R	K	N	Q	S	T	A	V	L	I	F	Y	W	H	M	C	P
0	0.04619	0.01128	0.01220	0.01173	0.10536	0.12599	0.03097	0.20451	0.04052	0.10252	0.01531	0.01933	0.06833	0.00651	0.00475	0.00144	0.00504	0.10909	0.00381	0.07509
1	0.07031	0.00992	0.03107	0.00896	0.02635	0.05117	0.02198	0.19536	0.15724	0.05475	0.06769	0.03720	0.15515	0.00726	0.00478	0.00147	0.00413	0.04169	0.00417	0.04934
2	0.04011	0.05200	0.05788	0.25897	0.08810	0.05312	0.02108	0.17248	0.03561	0.13737	0.01073	0.01213	0.00777	0.00497	0.00446	0.00142	0.00544	0.00406	0.02576	0.00653
3	0.00840	0.00687	0.00791	0.00787	0.02354	0.08195	0.00563	0.00954	0.03086	0.02204	0.01223	0.04179	0.01210	0.19429	0.37480	0.10660	0.04172	0.00524	0.00264	0.00397
4	0.00585	0.00414	0.00543	0.00638	0.00664	0.00391	0.00424	0.00661	0.00871	0.01160	0.02431	0.71419	0.02901	0.11145	0.00805	0.00221	0.00296	0.03647	0.00414	0.00368
5	0.00754	0.00533	0.00612	0.00568	0.00708	0.00494	0.00422	0.05630	0.01188	0.04755	0.32417	0.03506	0.31515	0.10733	0.00747	0.00184	0.00278	0.00817	0.03701	0.00439
6	0.11379	0.21247	0.17078	0.01027	0.02788	0.14064	0.00962	0.06465	0.17753	0.01592	0.00991	0.01047	0.00773	0.00483	0.00394	0.00133	0.00547	0.00348	0.00290	0.00638
7	0.01240	0.38958	0.13454	0.01147	0.06261	0.08760	0.03597	0.06858	0.03466	0.01349	0.00771	0.00918	0.00648	0.00480	0.00510	0.00129	0.10272	0.00326	0.00233	0.00622
8	0.01116	0.03444	0.03812	0.00783	0.01138	0.00844	0.00644	0.18794	0.02612	0.01751	0.01013	0.02742	0.00880	0.10248	0.00619	0.00137	0.00410	0.00380	0.00321	0.48312
9	0.04548	0.01412	0.17173	0.05256	0.34850	0.11462	0.03423	0.03443	0.01073	0.01467	0.01043	0.10761	0.00952	0.00557	0.00463	0.00145	0.00583	0.00490	0.00256	0.00639
10	0.00695	0.00528	0.00741	0.00715	0.00827	0.00563	0.00544	0.00847	0.00776	0.01123	0.01295	0.06810	0.01267	0.09567	0.60720	0.00609	0.01015	0.00537	0.00266	0.10554
11	0.17891	0.09101	0.01288	0.02488	0.03688	0.03593	0.00784	0.31132	0.12398	0.11480	0.01150	0.01148	0.00837	0.00523	0.00415	0.00139	0.00461	0.00387	0.00401	0.00696
12	0.00677	0.00451	0.00507	0.00507	0.00507	0.00451	0.00282	0.00677	0.00677	0.00902	0.01466	0.03044	0.01691	0.83650	0.02368	0.00451	0.00451	0.00677	0.00282	0.00282
13	0.00567	0.00405	0.00540	0.00648	0.00675	0.00378	0.00432	0.00648	0.00891	0.01188	0.02564	0.83347	0.03077	0.01457	0.00594	0.00189	0.00270	0.01323	0.00432	0.00378
14	0.01255	0.01104	0.04194	0.08579	0.54804	0.01067	0.06306	0.04623	0.01127	0.10929	0.00997	0.01209	0.00773	0.00443	0.00467	0.00142	0.00557	0.00427	0.00278	0.00720

[dist]
# distance from previous block
# <min> <max>
6	7

[block]
# block no. 1 follows, 55 sequences, length 8
# corresponding to MSA columns:
# 1080-1087
name=unknown_B
#
# <colnr> <probs for GDERKNQSTAVLIFYWHMCP>
#	G	D	E	R	K	N	Q	S	T	A	V	L	I	F	Y	W	H	M	C	P
0	0.00978	0.06066	0.22183	0.03673	0.09583	0.03610	0.01055	0.04616	0.08637	0.01578	0.11114	0.02369	0.01654	0.00720	0.00496	0.00158	0.00500	0.18164	0.02254	0.00591
1	0.01591	0.01996	0.01646	0.01373	0.01666	0.63283	0.18837	0.01773	0.01268	0.01219	0.00770	0.00934	0.00624	0.00459	0.00449	0.00128	0.00826	0.00357	0.00239	0.00560
2	0.02603	0.00886	0.01214	0.02880	0.23333	0.02261	0.02845	0.07619	0.01116	0.03278	0.06742	0.08023	0.03467	0.02807	0.01937	0.00143	0.00441	0.00502	0.02562	0.25341
3	0.67463	0.00875	0.00775	0.00661	0.00966	0.00961	0.00545	0.01574	0.00916	0.20214	0.00920	0.00946	0.00652	0.00465	0.00329	0.00144	0.00368	0.00301	0.00354	0.00570
4	0.00818	0.00638	0.00768	0.00717	0.00858	0.00669	0.00543	0.04413	0.19314	0.01814	0.46367	0.13393	0.03265	0.00924	0.00566	0.00156	0.02981	0.00801	0.00481	0.00516
5	0.00646	0.00462	0.00622	0.00647	0.00690	0.00493	0.00450	0.00739	0.00758	0.01047	0.01620	0.20930	0.01773	0.28919	0.37505	0.00524	0.00765	0.00745	0.00302	0.00364
6	0.01257	0.28315	0.01505	0.00918	0.01165	0.22765	0.00754	0.08659	0.04690	0.01339	0.01205	0.19818	0.01222	0.00704	0.00469	0.00136	0.03683	0.00543	0.00301	0.00552
7	0.86937	0.00900	0.00684	0.00612	0.00900	0.01044	0.00504	0.01368	0.00792	0.02087	0.00648	0.00756	0.00504	0.00432	0.00288	0.00144	0.00360	0.00252	0.00288	0.00504

[dist]
# distance from previous block
# <min> <max>
6	14

[block]
# block no. 2 follows, 55 sequences, length 42
# corresponding to MSA columns:
# 1105-1146
name=unknown_C
#
# <colnr> <probs for GDERKNQSTAVLIFYWHMCP>
#	G	D	E	R	K	N	Q	S	T	A	V	L	I	F	Y	W	H	M	C	P
0	0.00723	0.00558	0.00688	0.00689	0.02642	0.00538	0.00504	0.02565	0.08909	0.01673	0.41875	0.13381	0.15899	0.01005	0.00544	0.00156	0.00270	0.04837	0.00469	0.02075
1	0.00678	0.00515	0.00595	0.00580	0.00720	0.00473	0.00437	0.02724	0.04305	0.03093	0.29915	0.12077	0.37643	0.01085	0.00550	0.00158	0.00255	0.03292	0.00464	0.00439
2	0.01067	0.01460	0.23505	0.01583	0.15615	0.03230	0.17641	0.01697	0.21361	0.01601	0.03221	0.01429	0.03415	0.00512	0.00481	0.00150	0.00581	0.00477	0.00298	0.00677
3	0.01732	0.01282	0.01376	0.01056	0.01428	0.01412	0.00871	0.75257	0.03774	0.02869	0.01124	0.01125	0.00801	0.00554	0.00462	0.00138	0.00504	0.00417	0.00460	0.03357
4	0.00612	0.00487	0.00574	0.00564	0.00681	0.00463	0.00420	0.00746	0.01013	0.01308	0.17949	0.05221	0.42913	0.08235	0.14434	0.00280	0.02461	0.00842	0.00398	0.00399
5	0.01372	0.27893	0.01473	0.00807	0.01119	0.01285	0.00703	0.31210	0.01442	0.04334	0.01090	0.01172	0.00844	0.00503	0.00375	0.00119	0.00427	0.00369	0.22829	0.00635
6	0.00965	0.00827	0.00965	0.00689	0.01102	0.00620	0.00551	0.01171	0.00965	0.01516	0.00827	0.00965	0.00689	0.00345	0.00345	0.00069	0.00345	0.00276	0.00276	0.86494
7	0.19017	0.00897	0.01048	0.00823	0.01166	0.00884	0.00679	0.15440	0.01372	0.50388	0.02728	0.01367	0.01011	0.00550	0.00433	0.00143	0.00406	0.00422	0.00498	0.00728
8	0.01488	0.01537	0.01214	0.01068	0.01339	0.33615	0.00825	0.14446	0.35934	0.01778	0.01298	0.01277	0.00990	0.00559	0.00450	0.00140	0.00580	0.00418	0.00378	0.00666
9	0.77490	0.00938	0.00762	0.02864	0.02892	0.03399	0.00564	0.01406	0.00834	0.04459	0.00697	0.00806	0.00535	0.00438	0.00306	0.00143	0.00387	0.00268	0.00292	0.00520
10	0.01105	0.03984	0.08339	0.13536	0.47284	0.01103	0.06674	0.01428	0.03122	0.03702	0.00949	0.03065	0.00783	0.00465	0.00488	0.00145	0.02470	0.00437	0.00244	0.00678
11	0.00845	0.00627	0.00811	0.00780	0.06446	0.00551	0.00547	0.01077	0.02776	0.06217	0.44986	0.02680	0.08964	0.00766	0.00490	0.00129	0.00285	0.00667	0.00436	0.19917
12	0.00550	0.00471	0.00471	0.00471	0.00628	0.00393	0.00353	0.00668	0.01060	0.01257	0.04713	0.04477	0.80560	0.01178	0.00550	0.00157	0.00236	0.00982	0.00432	0.00393
13	0.02087	0.00792	0.01080	0.00828	0.01188	0.00684	0.00684	0.02267	0.01332	0.81071	0.01835	0.01583	0.01152	0.00576	0.00468	0.00144	0.00396	0.00468	0.00576	0.00792
14	0.01179	0.01715	0.35692	0.05452	0.22756	0.05708	0.04840	0.07908	0.02965	0.06007	0.00946	0.01105	0.00702	0.00457	0.00455	0.00144	0.00624	0.00389	0.00260	0.00697
15	0.00649	0.00475	0.00609	0.00576	0.00689	0.00435	0.00432	0.00860	0.01295	0.01815	0.74179	0.03559	0.10745	0.00970	0.00549	0.00147	0.00221	0.00853	0.00505	0.00435
16	0.01013	0.01007	0.03254	0.38880	0.13803	0.01073	0.20874	0.01379	0.04694	0.03239	0.03188	0.01314	0.00814	0.00473	0.00519	0.00154	0.03016	0.00465	0.00247	0.00594
17	0.02320	0.01253	0.12959	0.02829	0.03829	0.04836	0.15677	0.06266	0.25305	0.08883	0.04270	0.01652	0.01188	0.00626	0.01900	0.00164	0.00549	0.04459	0.00367	0.00668
18	0.52665	0.00967	0.00907	0.00752	0.01069	0.01068	0.00619	0.17541	0.03453	0.15566	0.00980	0.00998	0.00698	0.00488	0.00360	0.00143	0.00397	0.00331	0.00378	0.00618
19	0.04012	0.04037	0.01228	0.01012	0.01303	0.18839	0.00800	0.22973	0.35504	0.02001	0.01396	0.01357	0.02327	0.00574	0.00449	0.00142	0.00512	0.00438	0.00405	0.00691
20	0.00931	0.00770	0.04615	0.00773	0.02334	0.00628	0.02815	0.05161	0.02548	0.06938	0.28199	0.08525	0.06861	0.00724	0.00474	0.00127	0.00334	0.00628	0.00404	0.26211
21	0.01269	0.07156	0.14437	0.01569	0.07667	0.03394	0.33316	0.11003	0.01210	0.09051	0.00994	0.01175	0.00736	0.00506	0.01879	0.00157	0.03075	0.00451	0.00286	0.00669
22	0.01101	0.46577	0.38544	0.01039	0.01570	0.01492	0.01219	0.01430	0.00962	0.01268	0.00733	0.00854	0.00593	0.00418	0.00364	0.00121	0.00585	0.00292	0.00198	0.00638
23	0.00880	0.00528	0.00747	0.00740	0.00861	0.00538	0.00576	0.01042	0.00959	0.13867	0.08564	0.19088	0.02024	0.02113	0.34960	0.00418	0.00719	0.10523	0.00384	0.00471
24	0.03671	0.13019	0.38483	0.06917	0.01806	0.08809	0.04382	0.12346	0.02375	0.01597	0.00905	0.01037	0.01727	0.00468	0.00427	0.00138	0.00630	0.00359	0.00251	0.00653
25	0.01426	0.02829	0.17135	0.06513	0.09959	0.22980	0.05882	0.16084	0.02523	0.07207	0.00945	0.01070	0.00706	0.00488	0.00472	0.00139	0.02302	0.00381	0.00296	0.00661
26	0.01285	0.00647	0.00737	0.00636	0.00846	0.00644	0.00502	0.06492	0.09788	0.23263	0.01619	0.01655	0.01181	0.00562	0.00389	0.00125	0.00300	0.00452	0.48289	0.00586
27	0.00810	0.00529	0.00640	0.00603	0.00756	0.00477	0.00459	0.03288	0.01202	0.10678	0.32224	0.12427	0.29964	0.01040	0.00545	0.00156	0.00265	0.02990	0.00479	0.00467
28	0.07065	0.02621	0.11191	0.06969	0.15181	0.03458	0.12046	0.04668	0.19850	0.10454	0.01210	0.01294	0.00895	0.00496	0.00459	0.00148	0.00538	0.00440	0.00334	0.00685
29	0.01375	0.01275	0.22927	0.01065	0.05834	0.04203	0.00980	0.04239	0.05396	0.30182	0.08992	0.07143	0.03036	0.00636	0.00476	0.00148	0.00477	0.00529	0.00411	0.00677
30	0.19687	0.00841	0.00990	0.00789	0.01117	0.00817	0.00651	0.09482	0.01279	0.51201	0.01520	0.01472	0.01025	0.00562	0.00428	0.00144	0.00392	0.02529	0.04367	0.00705
31	0.00998	0.03072	0.08756	0.18497	0.07796	0.03362	0.17179	0.04734	0.07874	0.01569	0.16505	0.03553	0.01509	0.00585	0.00512	0.00151	0.01907	0.00542	0.00313	0.00586
32	0.01200	0.18652	0.24834	0.01655	0.27518	0.04397	0.01265	0.05227	0.02575	0.05716	0.00920	0.02402	0.00736	0.00458	0.00423	0.00134	0.00573	0.00375	0.00252	0.00685
33	0.02044	0.00799	0.01078	0.00829	0.01183	0.00700	0.00684	0.04472	0.01356	0.76899	0.03699	0.01615	0.01219	0.00584	0.00470	0.00144	0.00395	0.00475	0.00571	0.00783
34	0.00758	0.00435	0.00642	0.00642	0.00667	0.00459	0.00449	0.00677	0.00652	0.00894	0.00975	0.01630	0.00964	0.06898	0.25483	0.56182	0.00656	0.00448	0.00221	0.00270
35	0.01144	0.01185	0.06773	0.01739	0.29497	0.04932	0.08330	0.05099	0.01056	0.02869	0.00849	0.01079	0.00698	0.00471	0.00600	0.00134	0.12887	0.00386	0.00252	0.20021
36	0.01033	0.01200	0.12258	0.01370	0.01746	0.01024	0.34621	0.07005	0.08644	0.02716	0.05462	0.03897	0.09396	0.00695	0.03264	0.00176	0.03990	0.00582	0.00313	0.00607
37	0.00808	0.00404	0.00606	0.00606	0.00606	0.00404	0.00404	0.00606	0.00606	0.00808	0.00808	0.01414	0.00808	0.01616	0.01818	0.86465	0.00404	0.00404	0.00202	0.00202
38	0.01593	0.00847	0.01126	0.12051	0.04783	0.00848	0.00788	0.13513	0.04818	0.39800	0.09116	0.01645	0.01333	0.00588	0.00467	0.00144	0.00423	0.00488	0.04933	0.00697
39	0.05207	0.17307	0.14967	0.01269	0.05895	0.09887	0.11996	0.23446	0.01362	0.01806	0.00902	0.02262	0.00708	0.00477	0.00430	0.00134	0.00603	0.00386	0.00293	0.00665
40	0.00607	0.00446	0.00574	0.00636	0.00710	0.00413	0.00463	0.00740	0.01027	0.01365	0.19045	0.45089	0.14578	0.01289	0.00584	0.00179	0.00275	0.11131	0.00448	0.00399
41	0.00988	0.00841	0.00977	0.00700	0.01113	0.00644	0.00561	0.03480	0.01001	0.01558	0.00835	0.00969	0.00692	0.00351	0.00348	0.00071	0.00349	0.00280	0.00281	0.83959

[dist]
# distance from previous block
# <min> <max>
6	100

[block]
# block no. 3 follows, 55 sequences, length 133
# corresponding to MSA columns:
# 1247-1253,1255-1271,1284-1392
name=unknown_D
#
# <colnr> <probs for GDERKNQSTAVLIFYWHMCP>
#	G	D	E	R	K	N	Q	S	T	A	V	L	I	F	Y	W	H	M	C	P
0	0.00562	0.00472	0.00488	0.00484	0.00636	0.00398	0.00363	0.00690	0.01088	0.01322	0.12897	0.04369	0.72335	0.01154	0.00550	0.00156	0.00234	0.00967	0.00441	0.00398
1	0.00642	0.00473	0.00601	0.00579	0.00691	0.00432	0.00434	0.00842	0.01259	0.01747	0.65637	0.07297	0.14148	0.01010	0.00553	0.00151	0.00228	0.02351	0.00496	0.00430
2	0.00879	0.00827	0.01395	0.82532	0.03204	0.01034	0.01292	0.01189	0.00930	0.01189	0.00827	0.01240	0.00620	0.00465	0.00465	0.00155	0.00620	0.00413	0.00207	0.00517
3	0.01091	0.01240	0.02700	0.04677	0.02457	0.01172	0.76437	0.01480	0.01092	0.01480	0.00937	0.01254	0.00703	0.00395	0.00546	0.00157	0.00779	0.00544	0.00234	0.00624
4	0.00557	0.00473	0.00481	0.00483	0.00637	0.00397	0.00364	0.00680	0.01068	0.01277	0.06820	0.04465	0.76779	0.01174	0.00552	0.00158	0.00239	0.02567	0.00434	0.00395
5	0.86937	0.00900	0.00684	0.00612	0.00900	0.01044	0.00504	0.01368	0.00792	0.02087	0.00648	0.00756	0.00504	0.00432	0.00288	0.00144	0.00360	0.00252	0.00288	0.00504
6	0.01240	0.60835	0.10089	0.00888	0.01282	0.09148	0.00887	0.03514	0.01034	0.01221	0.03581	0.00998	0.00789	0.00456	0.00346	0.00112	0.00537	0.02221	0.00227	0.00596
7	0.01457	0.01674	0.44860	0.01100	0.01639	0.00900	0.01249	0.01834	0.01141	0.37597	0.01289	0.01255	0.00845	0.00503	0.00454	0.00146	0.00555	0.00400	0.00369	0.00735
8	0.00576	0.00413	0.00545	0.00647	0.00680	0.00386	0.00438	0.00661	0.00896	0.01190	0.02587	0.76063	0.05064	0.03661	0.00642	0.00196	0.00280	0.04266	0.00428	0.00378
9	0.00879	0.00827	0.01395	0.82532	0.03204	0.01034	0.01292	0.01189	0.00930	0.01189	0.00827	0.01240	0.00620	0.00465	0.00465	0.00155	0.00620	0.00413	0.00207	0.00517
10	0.01234	0.07643	0.16799	0.06991	0.32234	0.08937	0.08027	0.05735	0.01132	0.05604	0.00901	0.01094	0.00700	0.00442	0.00450	0.00138	0.00616	0.00392	0.00252	0.00681
11	0.01220	0.01315	0.01394	0.01740	0.33137	0.27560	0.01020	0.01407	0.01057	0.01269	0.00923	0.01270	0.00820	0.04659	0.17678	0.00275	0.02031	0.00405	0.00239	0.00581
12	0.00696	0.00569	0.00852	0.10112	0.14003	0.00570	0.00687	0.00836	0.00929	0.01245	0.02183	0.57610	0.05572	0.01166	0.00556	0.00176	0.00354	0.01060	0.00374	0.00452
13	0.00972	0.03428	0.35498	0.04590	0.14846	0.02421	0.14375	0.01361	0.01056	0.01494	0.10525	0.01468	0.03629	0.00520	0.00493	0.00147	0.01820	0.00470	0.00255	0.00633
14	0.00992	0.03639	0.01024	0.00701	0.01113	0.00680	0.00567	0.02906	0.00991	0.01533	0.00827	0.00961	0.00688	0.00351	0.00346	0.00072	0.00353	0.00278	0.00277	0.81701
15	0.00567	0.00405	0.00540	0.00648	0.00675	0.00378	0.00432	0.00648	0.00891	0.01188	0.02564	0.83347	0.03077	0.01457	0.00594	0.00189	0.00270	0.01323	0.00432	0.00378
16	0.85475	0.00907	0.00696	0.00620	0.00909	0.01050	0.00510	0.02703	0.00816	0.02102	0.00656	0.00762	0.00509	0.00434	0.00291	0.00144	0.00362	0.00255	0.00291	0.00509
17	0.01132	0.01103	0.01981	0.10497	0.47087	0.01111	0.20591	0.05248	0.01109	0.01556	0.00919	0.01203	0.00734	0.00425	0.00479	0.00144	0.00604	0.00449	0.02948	0.00681
18	0.00567	0.00405	0.00540	0.00648	0.00675	0.00378	0.00432	0.00648	0.00891	0.01188	0.02564	0.83347	0.03077	0.01457	0.00594	0.00189	0.00270	0.01323	0.00432	0.00378
19	0.00658	0.00476	0.00622	0.00585	0.00695	0.00439	0.00439	0.00878	0.01317	0.01866	0.80503	0.03475	0.04390	0.00951	0.00549	0.00146	0.00219	0.00841	0.00512	0.00439
20	0.01781	0.01284	0.01384	0.01061	0.01433	0.01414	0.00877	0.76287	0.02155	0.05888	0.01144	0.01135	0.00805	0.00559	0.00465	0.00140	0.00508	0.00421	0.00470	0.00791
21	0.00566	0.00409	0.00536	0.00638	0.00672	0.00379	0.00428	0.00649	0.00900	0.01191	0.02682	0.79015	0.07332	0.01442	0.00591	0.00187	0.00268	0.01304	0.00432	0.00379
22	0.00933	0.02406	0.81240	0.01326	0.02014	0.01080	0.01719	0.01473	0.00982	0.01473	0.00835	0.00982	0.00589	0.00442	0.00442	0.00147	0.00688	0.00344	0.00196	0.00688
23	0.00742	0.00535	0.00733	0.00808	0.00920	0.00532	0.00691	0.00984	0.03011	0.01494	0.17020	0.04832	0.02967	0.01207	0.00621	0.00200	0.00388	0.61430	0.00445	0.00438
24	0.86937	0.00900	0.00684	0.00612	0.00900	0.01044	0.00504	0.01368	0.00792	0.02087	0.00648	0.00756	0.00504	0.00432	0.00288	0.00144	0.00360	0.00252	0.00288	0.00504
25	0.01151	0.01105	0.01888	0.02855	0.80748	0.01105	0.01428	0.01428	0.01059	0.01520	0.00875	0.01151	0.00737	0.00415	0.00461	0.00138	0.00553	0.00415	0.00230	0.00737
26	0.00550	0.00471	0.00471	0.00471	0.00628	0.00393	0.00353	0.00668	0.01060	0.01257	0.04713	0.04477	0.80560	0.01178	0.00550	0.00157	0.00236	0.00982	0.00432	0.00393
27	0.00677	0.00548	0.00847	0.00897	0.05026	0.00550	0.06703	0.00807	0.00893	0.01217	0.03563	0.52861	0.02389	0.04798	0.11491	0.00269	0.03454	0.02217	0.00369	0.00424
28	0.05574	0.00907	0.01052	0.00789	0.01172	0.00810	0.00641	0.14445	0.03904	0.19857	0.01131	0.01146	0.00827	0.00447	0.00394	0.00104	0.00386	0.00350	0.00383	0.45681
29	0.00933	0.02406	0.81240	0.01326	0.02014	0.01080	0.01719	0.01473	0.00982	0.01473	0.00835	0.00982	0.00589	0.00442	0.00442	0.00147	0.00688	0.00344	0.00196	0.00688
30	0.73458	0.00883	0.00747	0.00646	0.00945	0.00986	0.00532	0.01510	0.00877	0.14634	0.00836	0.00887	0.00607	0.00455	0.00316	0.00144	0.00366	0.00286	0.00334	0.00550
31	0.00659	0.00593	0.00850	0.02868	0.00966	0.00531	0.11590	0.00842	0.01115	0.01414	0.19683	0.03727	0.51410	0.01001	0.00547	0.00155	0.00320	0.00876	0.00415	0.00439
32	0.86937	0.00900	0.00684	0.00612	0.00900	0.01044	0.00504	0.01368	0.00792	0.02087	0.00648	0.00756	0.00504	0.00432	0.00288	0.00144	0.00360	0.00252	0.00288	0.00504
33	0.00933	0.02406	0.81240	0.01326	0.02014	0.01080	0.01719	0.01473	0.00982	0.01473	0.00835	0.00982	0.00589	0.00442	0.00442	0.00147	0.00688	0.00344	0.00196	0.00688
34	0.00653	0.00475	0.00614	0.00580	0.00692	0.00437	0.00435	0.00868	0.01304	0.01836	0.76790	0.03524	0.08122	0.00962	0.00549	0.00147	0.00220	0.00848	0.00508	0.00437
35	0.01023	0.01130	0.02398	0.01735	0.02150	0.01056	0.66459	0.01383	0.01122	0.01523	0.10307	0.01655	0.04694	0.00492	0.00549	0.00156	0.00695	0.00602	0.00276	0.00595
36	0.00933	0.02406	0.81240	0.01326	0.02014	0.01080	0.01719	0.01473	0.00982	0.01473	0.00835	0.00982	0.00589	0.00442	0.00442	0.00147	0.00688	0.00344	0.00196	0.00688
37	0.00694	0.00493	0.00638	0.00630	0.00681	0.00533	0.00435	0.02614	0.00754	0.01040	0.01428	0.02472	0.03166	0.43093	0.38715	0.00573	0.00812	0.00595	0.00275	0.00358
38	0.00586	0.00473	0.00521	0.00509	0.00650	0.00408	0.00382	0.00737	0.01145	0.01457	0.29617	0.04148	0.55530	0.01104	0.00549	0.00154	0.00230	0.00936	0.00458	0.00408
39	0.01214	0.72830	0.02302	0.00853	0.01198	0.01785	0.00826	0.01356	0.00914	0.01098	0.00642	0.00783	0.00599	0.00454	0.00463	0.00113	0.11516	0.00270	0.00200	0.00585
40	0.00575	0.00472	0.00507	0.00498	0.00644	0.00404	0.00374	0.00717	0.01121	0.01399	0.22480	0.04242	0.62703	0.01125	0.00550	0.00155	0.00232	0.00949	0.00451	0.00404
41	0.00867	0.00434	0.00434	0.00434	0.00542	0.00434	0.00325	0.01084	0.00976	0.01734	0.01518	0.01734	0.01192	0.00542	0.00325	0.00108	0.00217	0.00434	0.86233	0.00434
42	0.01244	0.83930	0.02438	0.00796	0.01194	0.01841	0.00796	0.01393	0.00945	0.01095	0.00647	0.00746	0.00597	0.00398	0.00299	0.00100	0.00498	0.00249	0.00199	0.00597
43	0.00652	0.00485	0.00714	0.00729	0.00802	0.00551	0.00554	0.00803	0.00765	0.01090	0.01428	0.12770	0.01432	0.05113	0.69055	0.00666	0.01097	0.00613	0.00274	0.00407
44	0.04105	0.00794	0.01070	0.00823	0.01181	0.00692	0.00679	0.02246	0.01319	0.79193	0.01807	0.01564	0.01136	0.00572	0.00464	0.00144	0.00395	0.00463	0.00569	0.00785
45	0.00736	0.00508	0.00649	0.00620	0.00738	0.00482	0.00462	0.00998	0.05792	0.04860	0.60597	0.13953	0.03841	0.00976	0.00542	0.00152	0.00242	0.00863	0.02528	0.00462
46	0.86937	0.00900	0.00684	0.00612	0.00900	0.01044	0.00504	0.01368	0.00792	0.02087	0.00648	0.00756	0.00504	0.00432	0.00288	0.00144	0.00360	0.00252	0.00288	0.00504
47	0.00572	0.00408	0.00545	0.00653	0.00683	0.00382	0.00440	0.00656	0.00896	0.01193	0.02561	0.81240	0.03066	0.01453	0.00595	0.00190	0.00274	0.03381	0.00432	0.00379
48	0.01751	0.01286	0.01378	0.01058	0.01425	0.01423	0.00873	0.77688	0.02164	0.02909	0.01125	0.01129	0.00799	0.00558	0.00463	0.00139	0.00506	0.00419	0.02123	0.00784
49	0.00879	0.00827	0.01395	0.82532	0.03204	0.01034	0.01292	0.01189	0.00930	0.01189	0.00827	0.01240	0.00620	0.00465	0.00465	0.00155	0.00620	0.00413	0.00207	0.00517
50	0.00957	0.00758	0.00871	0.00846	0.01040	0.00812	0.00694	0.09450	0.27390	0.01712	0.02502	0.03530	0.14765	0.00976	0.00553	0.00178	0.00386	0.31569	0.00448	0.00562
51	0.00613	0.00437	0.00574	0.00634	0.00670	0.00437	0.00430	0.00695	0.00822	0.01107	0.02115	0.46170	0.04427	0.20373	0.16778	0.00356	0.00502	0.02133	0.00362	0.00365
52	0.06979	0.01021	0.01143	0.00869	0.01244	0.04660	0.02538	0.21577	0.01374	0.20605	0.01125	0.01137	0.00808	0.00467	0.00409	0.00114	0.00434	0.00364	0.00393	0.32738
53	0.86937	0.00900	0.00684	0.00612	0.00900	0.01044	0.00504	0.01368	0.00792	0.02087	0.00648	0.00756	0.00504	0.00432	0.00288	0.00144	0.00360	0.00252	0.00288	0.00504
54	0.01374	0.01193	0.01723	0.04140	0.06241	0.05663	0.24557	0.24931	0.10600	0.07006	0.01179	0.02805	0.00894	0.00605	0.03007	0.00165	0.00609	0.00483	0.00358	0.02467
55	0.00588	0.00468	0.00529	0.00537	0.00666	0.00409	0.00402	0.00731	0.01105	0.01403	0.22714	0.12728	0.49986	0.01158	0.00559	0.00161	0.00245	0.04757	0.00451	0.00404
56	0.00613	0.00447	0.00517	0.00544	0.00599	0.00422	0.00354	0.00674	0.00842	0.01082	0.02642	0.23969	0.23994	0.35965	0.05018	0.00315	0.00381	0.00919	0.00361	0.00343
57	0.01076	0.01029	0.01026	0.00775	0.01153	0.12184	0.00612	0.01268	0.01009	0.01452	0.00806	0.00948	0.00674	0.00375	0.00385	0.00080	0.02474	0.00282	0.00269	0.72122
58	0.01768	0.01303	0.01396	0.01070	0.01443	0.01443	0.00884	0.79197	0.02187	0.02932	0.01117	0.01117	0.00791	0.00558	0.00465	0.00140	0.00512	0.00419	0.00465	0.00791
59	0.00933	0.02406	0.81240	0.01326	0.02014	0.01080	0.01719	0.01473	0.00982	0.01473	0.00835	0.00982	0.00589	0.00442	0.00442	0.00147	0.00688	0.00344	0.00196	0.00688
60	0.00879	0.00827	0.01395	0.82532	0.03204	0.01034	0.01292	0.01189	0.00930	0.01189	0.00827	0.01240	0.00620	0.00465	0.00465	0.00155	0.00620	0.00413	0.00207	0.00517
61	0.02798	0.01025	0.02418	0.01283	0.20287	0.06572	0.00829	0.02715	0.02970	0.10982	0.00978	0.01091	0.00763	0.00412	0.00398	0.00104	0.00445	0.00342	0.00305	0.43284
62	0.36515	0.17183	0.05775	0.01050	0.06225	0.12658	0.08139	0.03396	0.00986	0.01639	0.00733	0.00879	0.00593	0.00489	0.01917	0.00144	0.00545	0.00310	0.00254	0.00568
63	0.01018	0.01018	0.01425	0.01221	0.01221	0.01425	0.01018	0.01120	0.00712	0.01120	0.00611	0.01018	0.00611	0.00814	0.01527	0.00204	0.82799	0.00407	0.00204	0.00509
64	0.00987	0.02862	0.02748	0.00715	0.00912	0.00656	0.00575	0.02608	0.13700	0.13886	0.39670	0.06738	0.07852	0.00860	0.00519	0.00151	0.00303	0.03222	0.00487	0.00549
65	0.00567	0.00429	0.00524	0.00599	0.00668	0.00387	0.00416	0.00662	0.00948	0.01214	0.03221	0.57035	0.26845	0.01367	0.00582	0.00180	0.00264	0.03276	0.00432	0.00384
66	0.00588	0.00435	0.00551	0.00636	0.00698	0.00402	0.00453	0.00691	0.00943	0.01221	0.02961	0.56344	0.18526	0.02953	0.00625	0.00191	0.00286	0.10681	0.00429	0.00385
67	0.00933	0.02406	0.81240	0.01326	0.02014	0.01080	0.01719	0.01473	0.00982	0.01473	0.00835	0.00982	0.00589	0.00442	0.00442	0.00147	0.00688	0.00344	0.00196	0.00688
68	0.01298	0.01142	0.01820	0.04329	0.46268	0.06806	0.13498	0.01564	0.01118	0.12793	0.02656	0.01255	0.00852	0.00458	0.00494	0.00142	0.02079	0.00444	0.00286	0.00697
69	0.00808	0.00404	0.00606	0.00606	0.00606	0.00404	0.00404	0.00606	0.00606	0.00808	0.00808	0.01414	0.00808	0.01616	0.01818	0.86465	0.00404	0.00404	0.00202	0.00202
70	0.01572	0.01949	0.01333	0.16871	0.01778	0.66223	0.00975	0.01729	0.01244	0.01148	0.00740	0.00916	0.00603	0.00477	0.00428	0.00127	0.00797	0.00322	0.00233	0.00535
71	0.00978	0.00835	0.00972	0.00696	0.01108	0.00634	0.00557	0.02491	0.00985	0.01540	0.00832	0.00967	0.00691	0.00348	0.00347	0.00070	0.00347	0.00278	0.00279	0.85045
72	0.00569	0.00409	0.00541	0.00641	0.00674	0.00380	0.00430	0.00655	0.00908	0.01210	0.05041	0.78894	0.05053	0.01435	0.00591	0.00187	0.00267	0.01299	0.00434	0.00380
73	0.86937	0.00900	0.00684	0.00612	0.00900	0.01044	0.00504	0.01368	0.00792	0.02087	0.00648	0.00756	0.00504	0.00432	0.00288	0.00144	0.00360	0.00252	0.00288	0.00504
74	0.00711	0.00478	0.00619	0.00615	0.00721	0.00435	0.00447	0.00877	0.01143	0.05612	0.42763	0.30655	0.06217	0.01084	0.00548	0.00158	0.00250	0.00964	0.02367	0.03336
75	0.00624	0.00474	0.00574	0.00549	0.00674	0.00424	0.00412	0.00810	0.01235	0.01670	0.56171	0.03797	0.28843	0.01024	0.00549	0.00150	0.00225	0.00886	0.00486	0.00424
76	0.85428	0.00898	0.00691	0.00616	0.00905	0.01037	0.00507	0.01384	0.00801	0.03492	0.00669	0.00770	0.00515	0.00434	0.00291	0.00144	0.00361	0.00256	0.00293	0.00509
77	0.00629	0.00474	0.00582	0.00555	0.00677	0.00427	0.00416	0.00822	0.01249	0.01703	0.60307	0.03742	0.24687	0.01012	0.00549	0.00149	0.00224	0.00879	0.00491	0.00427
78	0.00550	0.00471	0.00471	0.00471	0.00628	0.00393	0.00353	0.00668	0.01060	0.01257	0.04713	0.04477	0.80560	0.01178	0.00550	0.00157	0.00236	0.00982	0.00432	0.00393
79	0.01628	0.01233	0.01317	0.01042	0.01389	0.01377	0.00850	0.61555	0.20058	0.02705	0.01295	0.01259	0.00936	0.00575	0.00467	0.00144	0.00479	0.00443	0.00467	0.00779
80	0.02087	0.00792	0.01080	0.00828	0.01188	0.00684	0.00684	0.02267	0.01332	0.81071	0.01835	0.01583	0.01152	0.00576	0.00468	0.00144	0.00396	0.00468	0.00576	0.00792
81	0.00674	0.00460	0.00552	0.00552	0.00567	0.00475	0.00337	0.00705	0.00690	0.00935	0.01425	0.02819	0.01593	0.68789	0.17095	0.00506	0.00598	0.00644	0.00276	0.00307
82	0.01738	0.02217	0.01318	0.01199	0.01438	0.81783	0.00899	0.01858	0.01318	0.01139	0.00719	0.00839	0.00599	0.00479	0.00419	0.00120	0.00839	0.00300	0.00240	0.00539
83	0.00677	0.00451	0.00507	0.00507	0.00507	0.00451	0.00282	0.00677	0.00677	0.00902	0.01466	0.03044	0.01691	0.83650	0.02368	0.00451	0.00451	0.00677	0.00282	0.00282
84	0.00965	0.00827	0.00965	0.00689	0.01102	0.00620	0.00551	0.01171	0.00965	0.01516	0.00827	0.00965	0.00689	0.00345	0.00345	0.00069	0.00345	0.00276	0.00276	0.86494
85	0.00906	0.00800	0.00706	0.00658	0.00820	0.15017	0.00497	0.01071	0.01206	0.05675	0.30701	0.03111	0.28941	0.00893	0.00505	0.00142	0.00345	0.00742	0.06804	0.00459
86	0.02087	0.00792	0.01080	0.00828	0.01188	0.00684	0.00684	0.02267	0.01332	0.81071	0.01835	0.01583	0.01152	0.00576	0.00468	0.00144	0.00396	0.00468	0.00576	0.00792
87	0.00658	0.00476	0.00622	0.00585	0.00695	0.00439	0.00439	0.00878	0.01317	0.01866	0.80503	0.03475	0.04390	0.00951	0.00549	0.00146	0.00219	0.00841	0.00512	0.00439
88	0.00670	0.00478	0.00645	0.00645	0.00693	0.00526	0.00453	0.00765	0.00717	0.01004	0.01340	0.02348	0.01389	0.37756	0.47848	0.00621	0.00906	0.00575	0.00263	0.00358
89	0.86937	0.00900	0.00684	0.00612	0.00900	0.01044	0.00504	0.01368	0.00792	0.02087	0.00648	0.00756	0.00504	0.00432	0.00288	0.00144	0.00360	0.00252	0.00288	0.00504
90	0.00808	0.00404	0.00606	0.00606	0.00606	0.00404	0.00404	0.00606	0.00606	0.00808	0.00808	0.01414	0.00808	0.01616	0.01818	0.86465	0.00404	0.00404	0.00202	0.00202
91	0.01738	0.02217	0.01318	0.01199	0.01438	0.81783	0.00899	0.01858	0.01318	0.01139	0.00719	0.00839	0.00599	0.00479	0.00419	0.00120	0.00839	0.00300	0.00240	0.00539
92	0.01825	0.01112	0.01266	0.00981	0.01341	0.01172	0.00807	0.48020	0.07956	0.28456	0.01413	0.01318	0.00958	0.00570	0.00467	0.00142	0.00463	0.00443	0.00502	0.00787
93	0.02081	0.00802	0.01086	0.00833	0.01193	0.00700	0.00688	0.03870	0.01349	0.79442	0.01820	0.01574	0.01144	0.00575	0.00468	0.00144	0.00398	0.00467	0.00573	0.00792
94	0.00556	0.00470	0.00481	0.00481	0.00633	0.00395	0.00360	0.00679	0.01071	0.01288	0.08778	0.05962	0.74920	0.01171	0.00551	0.00157	0.00235	0.00981	0.00436	0.00395
95	0.04490	0.00809	0.01077	0.00828	0.01186	0.00714	0.00684	0.04317	0.01339	0.76718	0.01782	0.01547	0.01123	0.00571	0.00463	0.00144	0.00398	0.00460	0.00565	0.00784
96	0.00687	0.00491	0.00677	0.00785	0.00864	0.00481	0.00640	0.00855	0.01009	0.01322	0.02498	0.32121	0.02815	0.01344	0.00626	0.00205	0.00374	0.51365	0.00430	0.00411
97	0.00908	0.00618	0.00749	0.00678	0.00850	0.00611	0.00520	0.01343	0.17597	0.10410	0.49797	0.02987	0.09340	0.00862	0.00524	0.00149	0.00271	0.00746	0.00505	0.00535
98	0.00870	0.00502	0.00528	0.00511	0.00637	0.00514	0.00386	0.01208	0.09718	0.01776	0.12593	0.01978	0.01664	0.00609	0.00373	0.00119	0.00234	0.00501	0.64811	0.00468
99	0.86937	0.00900	0.00684	0.00612	0.00900	0.01044	0.00504	0.01368	0.00792	0.02087	0.00648	0.00756	0.00504	0.00432	0.00288	0.00144	0.00360	0.00252	0.00288	0.00504
100	0.01547	0.33753	0.01750	0.01043	0.01344	0.50930	0.00859	0.01678	0.01174	0.01122	0.00691	0.00803	0.00598	0.00448	0.00373	0.00112	0.00707	0.00280	0.00224	0.00562
101	0.01376	0.00959	0.01071	0.00908	0.01191	0.01046	0.00721	0.15844	0.43684	0.16160	0.10263	0.01788	0.01583	0.00643	0.00479	0.00151	0.00382	0.00531	0.00494	0.00724
102	0.00768	0.00574	0.00685	0.00640	0.00783	0.00555	0.00487	0.09899	0.02753	0.01791	0.45297	0.12210	0.17924	0.01006	0.00545	0.00154	0.00270	0.02711	0.00480	0.00470
103	0.00606	0.00441	0.00570	0.00606	0.00680	0.00406	0.00429	0.00750	0.01091	0.01491	0.36952	0.42039	0.09784	0.01213	0.00571	0.00168	0.00245	0.01084	0.00467	0.00406
104	0.00808	0.00404	0.00606	0.00606	0.00606	0.00404	0.00404	0.00606	0.00606	0.00808	0.00808	0.01414	0.00808	0.01616	0.01818	0.86465	0.00404	0.00404	0.00202	0.00202
105	0.01144	0.01098	0.01875	0.04954	0.78706	0.01103	0.01424	0.01421	0.01056	0.01511	0.00874	0.01154	0.00734	0.00416	0.00461	0.00139	0.00554	0.00414	0.00230	0.00731
106	0.67121	0.00962	0.04319	0.00665	0.00993	0.00982	0.00573	0.02792	0.00855	0.01980	0.00695	0.00808	0.00544	0.00420	0.00308	0.00131	0.00375	0.00263	0.00285	0.14929
107	0.02009	0.00917	0.01157	0.00887	0.01250	0.00870	0.00733	0.21107	0.01541	0.61934	0.01659	0.01469	0.01063	0.00572	0.00467	0.00143	0.00424	0.00456	0.00549	0.00792
108	0.01028	0.09022	0.19289	0.00878	0.01319	0.00904	0.00862	0.07814	0.02812	0.01572	0.00980	0.06691	0.00848	0.00473	0.00393	0.00106	0.00446	0.00379	0.00282	0.43902
109	0.01400	0.01120	0.01189	0.00996	0.01302	0.01271	0.00795	0.32934	0.49051	0.02337	0.01585	0.01490	0.01170	0.00602	0.00470	0.00151	0.00425	0.00483	0.00470	0.00758
110	0.01157	0.00999	0.01052	0.00947	0.01210	0.01157	0.00736	0.02472	0.79908	0.01946	0.01893	0.01736	0.01420	0.00631	0.00473	0.00158	0.00368	0.00526	0.00473	0.00736
111	0.01154	0.00937	0.01098	0.00804	0.01207	0.00813	0.02481	0.17119	0.02860	0.03139	0.00928	0.01029	0.00733	0.00399	0.00379	0.00088	0.00390	0.00320	0.00322	0.63798
112	0.00567	0.00405	0.00540	0.00648	0.00675	0.00378	0.00432	0.00648	0.00891	0.01188	0.02564	0.83347	0.03077	0.01457	0.00594	0.00189	0.00270	0.01323	0.00432	0.00378
113	0.00736	0.00564	0.00677	0.00633	0.00774	0.00557	0.00479	0.01132	0.14763	0.01813	0.57823	0.03255	0.11830	0.00914	0.00532	0.00149	0.00247	0.00796	0.01841	0.00485
114	0.01829	0.01178	0.01315	0.01011	0.01378	0.01260	0.00834	0.59660	0.03709	0.21029	0.01301	0.01239	0.00889	0.00564	0.00466	0.00141	0.00482	0.00433	0.00491	0.00790
115	0.00609	0.00472	0.00554	0.00537	0.00666	0.00417	0.00402	0.00781	0.01196	0.01586	0.45783	0.05679	0.37520	0.01061	0.00550	0.00152	0.00228	0.00913	0.00475	0.00417
116	0.02087	0.00792	0.01080	0.00828	0.01188	0.00684	0.00684	0.02267	0.01332	0.81071	0.01835	0.01583	0.01152	0.00576	0.00468	0.00144	0.00396	0.00468	0.00576	0.00792
117	0.01090	0.00929	0.00994	0.00898	0.01141	0.01061	0.00697	0.02259	0.69386	0.01935	0.12418	0.01969	0.01818	0.00674	0.00483	0.00156	0.00348	0.00568	0.00479	0.00697
118	0.01143	0.00950	0.01019	0.00923	0.01176	0.01081	0.00726	0.04471	0.67295	0.03652	0.02017	0.02072	0.04443	0.00696	0.00488	0.00161	0.00372	0.06139	0.00471	0.00704
119	0.01128	0.01085	0.01863	0.09498	0.72842	0.01101	0.02829	0.01409	0.01049	0.01492	0.00872	0.01161	0.00727	0.00418	0.00463	0.00140	0.00563	0.00417	0.00228	0.00717
120	0.00559	0.00470	0.00486	0.00485	0.00635	0.00396	0.00363	0.00685	0.01078	0.01307	0.11114	0.06287	0.72213	0.01166	0.00551	0.00157	0.00235	0.00978	0.00439	0.00396
121	0.00624	0.00466	0.00580	0.00569	0.00678	0.00421	0.00420	0.00804	0.01208	0.01650	0.54526	0.13951	0.20261	0.01064	0.00555	0.00154	0.00229	0.00933	0.00485	0.00421
122	0.01691	0.01117	0.11849	0.00944	0.01326	0.00929	0.00856	0.17695	0.09993	0.41787	0.05735	0.01525	0.01204	0.00580	0.00469	0.00145	0.00446	0.00467	0.00488	0.00753
123	0.09129	0.19799	0.15372	0.03564	0.10765	0.07241	0.02999	0.21501	0.01307	0.02953	0.00862	0.00976	0.00665	0.00462	0.00406	0.00132	0.00562	0.00348	0.00289	0.00668
124	0.00655	0.00475	0.00618	0.00582	0.00693	0.00438	0.00437	0.00872	0.01310	0.01848	0.78349	0.03504	0.06555	0.00958	0.00549	0.00147	0.00220	0.00845	0.00510	0.00438
125	0.00574	0.00412	0.00541	0.00637	0.00668	0.00387	0.00425	0.00654	0.00883	0.01173	0.02556	0.74459	0.05807	0.05644	0.02613	0.00214	0.00301	0.01258	0.00420	0.00374
126	0.01025	0.01831	0.46886	0.05496	0.19215	0.02693	0.05591	0.01495	0.04270	0.02983	0.03540	0.01167	0.00800	0.00462	0.00458	0.00146	0.00629	0.00399	0.00236	0.00680
127	0.01022	0.04225	0.04272	0.48574	0.27075	0.02448	0.01308	0.01317	0.00989	0.03185	0.00857	0.01186	0.00667	0.00449	0.00456	0.00147	0.00595	0.00404	0.00223	0.00601
128	0.01718	0.02176	0.01309	0.01190	0.01430	0.79064	0.00893	0.01878	0.03968	0.01166	0.00759	0.00869	0.00627	0.00485	0.00421	0.00121	0.00823	0.00307	0.00248	0.00546
129	0.32317	0.04985	0.01166	0.01048	0.05315	0.39877	0.00779	0.03049	0.01098	0.02951	0.00722	0.00845	0.00586	0.00469	0.00405	0.00132	0.03150	0.00295	0.00264	0.00547
130	0.00617	0.00448	0.00536	0.00582	0.00675	0.00397	0.00410	0.00723	0.00996	0.03947	0.07924	0.45473	0.33002	0.01290	0.00570	0.00173	0.00258	0.01134	0.00441	0.00401
131	0.00965	0.00827	0.00965	0.00689	0.01102	0.00620	0.00551	0.01171	0.00965	0.01516	0.00827	0.00965	0.00689	0.00345	0.00345	0.00069	0.00345	0.00276	0.00276	0.86494
132	0.55251	0.00892	0.00805	0.00663	0.00990	0.00931	0.00540	0.03579	0.03751	0.03311	0.00778	0.00876	0.00610	0.00420	0.00319	0.00123	0.00361	0.00277	0.00301	0.25223

[dist]
# distance from previous block
# <min> <max>
0	1

[block]
# block no. 4 follows, 55 sequences, length 109
# corresponding to MSA columns:
# 1394-1487,1509-1523
name=unknown_E
#
# <colnr> <probs for GDERKNQSTAVLIFYWHMCP>
#	G	D	E	R	K	N	Q	S	T	A	V	L	I	F	Y	W	H	M	C	P
0	0.00654	0.00489	0.00581	0.00553	0.00688	0.00438	0.00416	0.00852	0.02488	0.03197	0.49119	0.03787	0.32988	0.01024	0.00546	0.00151	0.00231	0.00882	0.00483	0.00433
1	0.01589	0.00722	0.00921	0.00750	0.01028	0.00664	0.00603	0.05677	0.05271	0.48309	0.12395	0.04076	0.06051	0.00680	0.00472	0.00143	0.00347	0.00565	0.09061	0.00674
2	0.01552	0.01124	0.01198	0.00977	0.01295	0.03318	0.00787	0.37903	0.29022	0.11906	0.02818	0.01437	0.01119	0.00590	0.00465	0.00145	0.00444	0.00466	0.02684	0.00750
3	0.00587	0.00419	0.00563	0.00671	0.00707	0.00395	0.00467	0.00683	0.00911	0.01210	0.02553	0.74659	0.03032	0.01438	0.00599	0.00192	0.00288	0.09810	0.00431	0.00383
4	0.00765	0.00447	0.00477	0.00474	0.00589	0.00426	0.00354	0.00961	0.01049	0.01658	0.16285	0.04924	0.15775	0.00754	0.00413	0.00126	0.00222	0.00629	0.53247	0.00426
5	0.01079	0.00911	0.01368	0.01083	0.01360	0.00940	0.22032	0.11541	0.20139	0.01883	0.13400	0.03164	0.01579	0.00602	0.00478	0.00145	0.00447	0.00562	0.16682	0.00605
6	0.81666	0.00910	0.00719	0.00633	0.00926	0.01047	0.00522	0.04053	0.00854	0.04312	0.00697	0.00791	0.00532	0.00440	0.00299	0.00144	0.00366	0.00264	0.00302	0.00522
7	0.81237	0.03021	0.00758	0.02140	0.00962	0.01073	0.00534	0.03128	0.00830	0.02065	0.00662	0.00773	0.00515	0.00434	0.00295	0.00143	0.00372	0.00259	0.00288	0.00513
8	0.03805	0.01009	0.05290	0.01110	0.10945	0.00933	0.00823	0.15635	0.12095	0.22645	0.06724	0.01564	0.03900	0.00567	0.00454	0.00136	0.00423	0.00467	0.00427	0.11047
9	0.05070	0.58043	0.11467	0.00881	0.01283	0.04002	0.00892	0.03214	0.02156	0.04554	0.01995	0.00885	0.00691	0.00442	0.00370	0.00115	0.02802	0.00292	0.00235	0.00611
10	0.00623	0.00474	0.00572	0.00548	0.00673	0.00424	0.00411	0.00809	0.01232	0.01665	0.55531	0.03805	0.29487	0.01026	0.00549	0.00150	0.00225	0.00888	0.00486	0.00424
11	0.84025	0.00913	0.00708	0.00627	0.00918	0.01057	0.00517	0.04028	0.00839	0.02116	0.00664	0.00768	0.00514	0.00436	0.00294	0.00144	0.00365	0.00258	0.00294	0.00514
12	0.01100	0.07660	0.26522	0.04578	0.22593	0.03380	0.20001	0.01469	0.01054	0.03788	0.02911	0.01160	0.00771	0.00438	0.00466	0.00143	0.00643	0.00422	0.00236	0.00666
13	0.01420	0.00930	0.01294	0.04876	0.13072	0.00948	0.06014	0.10087	0.18716	0.25457	0.06781	0.05663	0.01369	0.00614	0.00485	0.00149	0.00443	0.00538	0.00440	0.00704
14	0.00627	0.00459	0.00602	0.00694	0.00767	0.00434	0.00529	0.00759	0.00977	0.01268	0.02840	0.45252	0.14141	0.01358	0.00604	0.00193	0.00319	0.27350	0.00431	0.00397
15	0.01060	0.00591	0.00768	0.00671	0.00855	0.00548	0.00521	0.01339	0.06314	0.22357	0.55162	0.02875	0.03363	0.00834	0.00523	0.00146	0.00275	0.00725	0.00526	0.00549
16	0.01551	0.01352	0.03639	0.05580	0.17244	0.22370	0.06375	0.07667	0.05450	0.20781	0.01152	0.01220	0.00838	0.00497	0.00456	0.00138	0.00594	0.00411	0.02009	0.00676
17	0.01260	0.81318	0.02402	0.00809	0.01202	0.04396	0.00799	0.01408	0.00957	0.01096	0.00649	0.00749	0.00597	0.00401	0.00302	0.00100	0.00508	0.00250	0.00200	0.00595
18	0.01183	0.02698	0.17778	0.04812	0.23788	0.06563	0.03111	0.06272	0.12293	0.04244	0.01028	0.01168	0.00794	0.00481	0.00490	0.00139	0.03994	0.00398	0.00286	0.08481
19	0.00905	0.00841	0.01395	0.80142	0.03152	0.01046	0.01280	0.03478	0.00967	0.01240	0.00835	0.01237	0.00625	0.00468	0.00465	0.00155	0.00617	0.00414	0.00214	0.00525
20	0.00628	0.00474	0.00584	0.00587	0.00703	0.00430	0.00447	0.00804	0.01174	0.01570	0.42262	0.11396	0.26670	0.01102	0.00563	0.00161	0.00252	0.09304	0.00472	0.00418
21	0.01133	0.01095	0.03398	0.04048	0.35463	0.07307	0.01010	0.01373	0.01043	0.03565	0.00866	0.01060	0.00710	0.00397	0.00410	0.00109	0.00491	0.00348	0.00257	0.35918
22	0.00572	0.00408	0.00545	0.00653	0.00682	0.00382	0.00440	0.00656	0.00895	0.01193	0.02561	0.81297	0.03066	0.01453	0.00595	0.00190	0.00274	0.03325	0.00432	0.00379
23	0.00626	0.00462	0.00587	0.00596	0.00694	0.00423	0.00440	0.00799	0.01170	0.01599	0.47819	0.21801	0.15302	0.01116	0.00564	0.00161	0.00243	0.04703	0.00478	0.00418
24	0.01768	0.01303	0.01396	0.01070	0.01443	0.01443	0.00884	0.79197	0.02187	0.02932	0.01117	0.01117	0.00791	0.00558	0.00465	0.00140	0.00512	0.00419	0.00465	0.00791
25	0.00677	0.00451	0.00507	0.00507	0.00507	0.00451	0.00282	0.00677	0.00677	0.00902	0.01466	0.03044	0.01691	0.83650	0.02368	0.00451	0.00451	0.00677	0.00282	0.00282
26	0.01157	0.00999	0.01052	0.00947	0.01210	0.01157	0.00736	0.02472	0.79908	0.01946	0.01893	0.01736	0.01420	0.00631	0.00473	0.00158	0.00368	0.00526	0.00473	0.00736
27	0.86937	0.00900	0.00684	0.00612	0.00900	0.01044	0.00504	0.01368	0.00792	0.02087	0.00648	0.00756	0.00504	0.00432	0.00288	0.00144	0.00360	0.00252	0.00288	0.00504
28	0.01768	0.01303	0.01396	0.01070	0.01443	0.01443	0.00884	0.79197	0.02187	0.02932	0.01117	0.01117	0.00791	0.00558	0.00465	0.00140	0.00512	0.00419	0.00465	0.00791
29	0.01140	0.00905	0.00950	0.00851	0.01090	0.01030	0.00663	0.07361	0.58675	0.01970	0.01765	0.01694	0.01332	0.00608	0.00443	0.00147	0.00347	0.00500	0.17852	0.00679
30	0.01454	0.01326	0.11882	0.01496	0.14215	0.09895	0.16262	0.03734	0.03940	0.24392	0.01173	0.01250	0.00836	0.00490	0.00507	0.00144	0.03402	0.00435	0.00342	0.02826
31	0.00801	0.00572	0.00702	0.00646	0.00795	0.00559	0.00492	0.01181	0.13439	0.05902	0.59179	0.03177	0.08935	0.00898	0.00533	0.00149	0.00253	0.00783	0.00504	0.00500
32	0.86937	0.00900	0.00684	0.00612	0.00900	0.01044	0.00504	0.01368	0.00792	0.02087	0.00648	0.00756	0.00504	0.00432	0.00288	0.00144	0.00360	0.00252	0.00288	0.00504
33	0.01039	0.01115	0.04590	0.29635	0.18775	0.03811	0.23136	0.01348	0.01002	0.01354	0.00860	0.01194	0.00676	0.00464	0.00572	0.00154	0.07513	0.00445	0.01722	0.00598
34	0.01161	0.09036	0.13056	0.01754	0.15552	0.11138	0.33337	0.01514	0.03361	0.01416	0.00943	0.03859	0.00772	0.00457	0.00479	0.00144	0.00682	0.00465	0.00240	0.00636
35	0.00655	0.00475	0.00617	0.00581	0.00693	0.00437	0.00436	0.00871	0.01308	0.01845	0.77912	0.03509	0.06994	0.00959	0.00549	0.00147	0.00220	0.00846	0.00509	0.00437
36	0.56904	0.00861	0.00824	0.00688	0.01002	0.00916	0.00568	0.01686	0.00983	0.30044	0.01068	0.01049	0.00733	0.00483	0.00352	0.00144	0.00373	0.00328	0.00390	0.00606
37	0.00630	0.00455	0.00598	0.00619	0.00702	0.00423	0.00453	0.00800	0.01153	0.01595	0.47772	0.30154	0.06055	0.01146	0.00569	0.00165	0.00249	0.05567	0.00478	0.00417
38	0.01013	0.03137	0.43724	0.01744	0.25520	0.01050	0.05307	0.01435	0.02332	0.03050	0.01006	0.06758	0.00836	0.00507	0.00462	0.00147	0.00609	0.00447	0.00237	0.00679
