[name]
unknown

[dist]
# distance from previous block
# <min> <max>
7	376

[block]
# block no. 0 follows, 50 sequences, length 36
# corresponding to MSA columns:
# 608-643
name=unknown_A
#
# <colnr> <probs for GDERKNQSTAVLIFYWHMCP>
#	G	D	E	R	K	N	Q	S	T	A	V	L	I	F	Y	W	H	M	C	P
0	0.03404	0.08651	0.20693	0.05634	0.09455	0.03407	0.03171	0.07027	0.09243	0.04924	0.02564	0.07342	0.04508	0.00618	0.00478	0.00150	0.00546	0.00514	0.00330	0.07340
1	0.03267	0.04183	0.10097	0.14887	0.07313	0.01096	0.03322	0.11843	0.13242	0.05718	0.01303	0.06396	0.01053	0.00588	0.00476	0.00149	0.00517	0.00496	0.03874	0.10180
2	0.01103	0.03324	0.03214	0.06828	0.19625	0.00943	0.02994	0.10436	0.04237	0.01736	0.01479	0.15187	0.03621	0.00688	0.00486	0.00144	0.00462	0.00606	0.07013	0.15876
3	0.08752	0.03712	0.03063	0.02635	0.15483	0.01005	0.05800	0.08733	0.07027	0.03702	0.04464	0.02724	0.03995	0.00629	0.02768	0.00151	0.00497	0.00460	0.00341	0.24060
4	0.01160	0.01078	0.06218	0.02279	0.07838	0.03398	0.03050	0.18173	0.02893	0.01880	0.03885	0.16695	0.04497	0.00747	0.00501	0.00144	0.00464	0.02245	0.00381	0.22476
5	0.01090	0.02667	0.10138	0.07997	0.01526	0.04429	0.02492	0.02869	0.01106	0.03058	0.05027	0.01215	0.00934	0.00445	0.00416	0.00104	0.00472	0.00362	0.00298	0.53352
6	0.00810	0.00571	0.00794	0.05885	0.01009	0.00570	0.02747	0.00991	0.02895	0.06684	0.12443	0.28205	0.10690	0.09159	0.13899	0.00310	0.00519	0.00932	0.00417	0.00469
7	0.04581	0.00901	0.07131	0.00818	0.01079	0.02643	0.00697	0.09255	0.02697	0.13553	0.22702	0.11921	0.11063	0.00905	0.00540	0.00161	0.00385	0.03868	0.00474	0.04625
8	0.03300	0.07797	0.04041	0.01078	0.01444	0.11227	0.06051	0.17873	0.07450	0.13685	0.03413	0.02574	0.01020	0.00567	0.00508	0.00139	0.03534	0.00443	0.00394	0.13465
9	0.01395	0.11486	0.03207	0.00781	0.01064	0.03160	0.00659	0.03321	0.06962	0.24269	0.14136	0.01890	0.01695	0.00688	0.01699	0.00148	0.00400	0.00517	0.19320	0.03205
10	0.00963	0.00675	0.00877	0.00806	0.00944	0.00743	0.00623	0.07250	0.04172	0.07602	0.06994	0.02361	0.08881	0.11945	0.37118	0.00493	0.06064	0.00616	0.00362	0.00512
11	0.01260	0.20427	0.01626	0.01074	0.04294	0.03465	0.11118	0.05821	0.12814	0.08335	0.03883	0.04720	0.08325	0.00645	0.00467	0.00145	0.00481	0.00548	0.09906	0.00647
12	0.09244	0.01777	0.01500	0.06562	0.08270	0.40353	0.04611	0.16018	0.01454	0.01727	0.00873	0.01030	0.00691	0.00525	0.00499	0.00144	0.03399	0.00375	0.00302	0.00645
13	0.01026	0.00641	0.00737	0.00654	0.00763	0.00631	0.00432	0.08952	0.00986	0.09611	0.01534	0.02750	0.01588	0.60455	0.01982	0.00390	0.00477	0.00647	0.00356	0.05391
14	0.01407	0.01367	0.12982	0.01464	0.01884	0.05902	0.30521	0.01729	0.01205	0.21096	0.03964	0.03222	0.03248	0.00586	0.00625	0.00165	0.07037	0.00548	0.00356	0.00690
15	0.00716	0.00539	0.00681	0.00707	0.00781	0.00557	0.00506	0.00905	0.05700	0.01308	0.07584	0.27718	0.10801	0.17489	0.15490	0.00358	0.02824	0.04511	0.00398	0.00429
16	0.02223	0.00870	0.01170	0.00897	0.01283	0.00766	0.00741	0.05480	0.01464	0.76616	0.01935	0.01676	0.01218	0.00616	0.00501	0.00154	0.00429	0.00499	0.00612	0.00848
17	0.01155	0.01105	0.01882	0.23977	0.59066	0.01164	0.01491	0.01461	0.01098	0.01534	0.00924	0.01259	0.00756	0.00459	0.00495	0.00153	0.00611	0.00444	0.00240	0.00726
18	0.01190	0.07613	0.08426	0.18745	0.38723	0.05088	0.04486	0.01581	0.06499	0.01526	0.00975	0.01237	0.00781	0.00475	0.00482	0.00151	0.00626	0.00432	0.00255	0.00709
19	0.00754	0.00564	0.00795	0.00849	0.00936	0.00561	0.03455	0.03179	0.01061	0.01407	0.02502	0.43629	0.02853	0.04752	0.00750	0.00221	0.02187	0.28656	0.00443	0.00447
20	0.01395	0.01015	0.01443	0.01258	0.04534	0.01263	0.02303	0.01537	0.00963	0.22337	0.01053	0.01329	0.00852	0.03231	0.01292	0.00205	0.52562	0.00465	0.00330	0.00632
21	0.01332	0.00972	0.01680	0.05528	0.09884	0.00945	0.22800	0.03641	0.02909	0.20563	0.10519	0.07461	0.01631	0.00697	0.00589	0.00168	0.02992	0.04611	0.00409	0.00672
22	0.12632	0.22468	0.40272	0.01130	0.01669	0.06403	0.01291	0.01572	0.02840	0.01568	0.03399	0.01052	0.00776	0.00485	0.00415	0.00143	0.00624	0.00348	0.00245	0.00668
23	0.01802	0.02276	0.01367	0.01245	0.01488	0.76259	0.00928	0.01924	0.01376	0.01207	0.00813	0.01024	0.00704	0.04840	0.00560	0.00147	0.00877	0.00342	0.00259	0.00563
24	0.00646	0.00496	0.00740	0.00791	0.00852	0.00464	0.05751	0.00756	0.00970	0.01295	0.02628	0.76615	0.03122	0.01483	0.00633	0.00200	0.00327	0.01360	0.00448	0.00423
25	0.01108	0.11099	0.30686	0.01891	0.25013	0.01221	0.12430	0.01497	0.01087	0.01531	0.01039	0.05506	0.00890	0.00530	0.00492	0.00154	0.00655	0.02216	0.00247	0.00708
26	0.01091	0.01091	0.01527	0.01309	0.01309	0.01527	0.01091	0.01200	0.00763	0.01200	0.00654	0.01091	0.00654	0.00872	0.01636	0.00218	0.81570	0.00436	0.00218	0.00545
27	0.01173	0.01418	0.08179	0.05953	0.05271	0.05809	0.50375	0.01539	0.01127	0.01521	0.02580	0.01313	0.00808	0.00499	0.00685	0.00170	0.10145	0.00533	0.00250	0.00651
28	0.01034	0.00886	0.01034	0.00738	0.01181	0.00664	0.00591	0.01255	0.01034	0.01624	0.00886	0.01034	0.00738	0.00369	0.00369	0.00074	0.00369	0.00295	0.00295	0.85530
29	0.00607	0.00434	0.00578	0.00694	0.00723	0.00405	0.00463	0.00694	0.00954	0.01272	0.02747	0.82157	0.03297	0.01562	0.00636	0.00202	0.00289	0.01417	0.00463	0.00405
30	0.01034	0.00886	0.01034	0.00738	0.01181	0.00664	0.00591	0.01255	0.01034	0.01624	0.00886	0.01034	0.00738	0.00369	0.00369	0.00074	0.00369	0.00295	0.00295	0.85530
31	0.01333	0.82783	0.02612	0.00853	0.01279	0.01972	0.00853	0.01493	0.01013	0.01173	0.00693	0.00800	0.00640	0.00426	0.00320	0.00107	0.00533	0.00267	0.00213	0.00640
32	0.01184	0.00899	0.01158	0.12573	0.11180	0.00983	0.00880	0.01898	0.32137	0.09138	0.03893	0.03961	0.04651	0.00687	0.00502	0.00162	0.00432	0.03349	0.09651	0.00681
33	0.00695	0.00528	0.00643	0.00629	0.00755	0.00491	0.00466	0.00947	0.05356	0.01760	0.48254	0.14473	0.20893	0.01128	0.00590	0.00166	0.00255	0.00987	0.00516	0.00467
34	0.12828	0.21321	0.12609	0.00996	0.01381	0.04695	0.02516	0.06745	0.06166	0.11087	0.02355	0.02532	0.02617	0.00579	0.00497	0.00147	0.05226	0.01916	0.00337	0.03449
35	0.01304	0.61386	0.02207	0.00880	0.01236	0.04280	0.00829	0.01465	0.01009	0.05319	0.00848	0.01019	0.00754	0.00905	0.11233	0.00208	0.03932	0.00324	0.00243	0.00618

[dist]
# distance from previous block
# <min> <max>
0	3

[block]
# block no. 1 follows, 50 sequences, length 7
# corresponding to MSA columns:
# 647-653
name=unknown_B
#
# <colnr> <probs for GDERKNQSTAVLIFYWHMCP>
#	G	D	E	R	K	N	Q	S	T	A	V	L	I	F	Y	W	H	M	C	P
0	0.01129	0.01089	0.04906	0.36861	0.25124	0.01152	0.04546	0.01578	0.10104	0.04563	0.01075	0.01359	0.00826	0.00515	0.00535	0.00162	0.03061	0.00462	0.00278	0.00674
1	0.03868	0.04918	0.01661	0.07750	0.28017	0.23963	0.01160	0.13862	0.01389	0.05371	0.00952	0.01127	0.00752	0.00511	0.00498	0.00144	0.02647	0.00400	0.00305	0.00704
2	0.05204	0.00739	0.03488	0.07104	0.01271	0.00677	0.07073	0.01179	0.01092	0.10048	0.09347	0.24929	0.02286	0.05858	0.00689	0.00198	0.00436	0.13328	0.00418	0.04635
3	0.05236	0.01117	0.01884	0.11726	0.09409	0.03374	0.30464	0.01620	0.12379	0.01637	0.01164	0.01424	0.00907	0.00703	0.05866	0.00199	0.00686	0.00505	0.05053	0.04649
4	0.01009	0.00809	0.01170	0.16937	0.14978	0.00824	0.00933	0.05989	0.01166	0.04642	0.04298	0.11291	0.07787	0.03009	0.00599	0.00176	0.00476	0.14506	0.00368	0.09037
5	0.01264	0.04199	0.06662	0.04060	0.13852	0.02990	0.09244	0.07444	0.04603	0.13051	0.09812	0.02013	0.07380	0.00802	0.04283	0.00185	0.00551	0.02442	0.04498	0.00665
6	0.20616	0.01051	0.07555	0.13874	0.11350	0.01007	0.06566	0.04643	0.01084	0.07646	0.01167	0.06887	0.00965	0.00582	0.00478	0.00157	0.02512	0.00483	0.10761	0.00616

[dist]
# distance from previous block
# <min> <max>
27	72

[block]
# block no. 2 follows, 50 sequences, length 15
# corresponding to MSA columns:
# 736-750
name=unknown_C
#
# <colnr> <probs for GDERKNQSTAVLIFYWHMCP>
#	G	D	E	R	K	N	Q	S	T	A	V	L	I	F	Y	W	H	M	C	P
0	0.01060	0.00890	0.05205	0.13139	0.12377	0.00842	0.00881	0.07413	0.01130	0.04551	0.03086	0.01690	0.03288	0.04104	0.12733	0.00250	0.00600	0.00481	0.16031	0.10248
1	0.01276	0.08154	0.01915	0.06528	0.35432	0.04196	0.11882	0.07200	0.07090	0.03946	0.01260	0.03968	0.03828	0.00545	0.00500	0.00152	0.00592	0.00509	0.00308	0.00719
2	0.01310	0.04570	0.12501	0.02382	0.50145	0.05984	0.03542	0.03805	0.04098	0.05430	0.01013	0.01220	0.00803	0.00472	0.00485	0.00148	0.00618	0.00431	0.00276	0.00765
3	0.01212	0.09821	0.03631	0.07173	0.26046	0.03918	0.01054	0.03602	0.01110	0.03802	0.00906	0.01114	0.00746	0.00454	0.00487	0.00123	0.04453	0.00369	0.00274	0.29703
4	0.00848	0.00726	0.05259	0.01041	0.10002	0.00626	0.00747	0.02528	0.01176	0.04105	0.20733	0.21874	0.06862	0.04015	0.00669	0.00194	0.00387	0.17251	0.00443	0.00515
5	0.15480	0.01231	0.01273	0.04201	0.01454	0.06326	0.03279	0.23818	0.30510	0.02278	0.01361	0.01369	0.01020	0.00600	0.00512	0.00160	0.03514	0.00458	0.00426	0.00729
6	0.01209	0.05296	0.22253	0.06676	0.08641	0.00972	0.04270	0.01519	0.01092	0.15023	0.01290	0.10269	0.01090	0.00723	0.03194	0.00172	0.03432	0.00522	0.00328	0.12027
7	0.00744	0.00555	0.00721	0.00804	0.00934	0.00532	0.00687	0.00945	0.01144	0.01452	0.03302	0.05396	0.23847	0.01345	0.00661	0.00213	0.00402	0.55408	0.00460	0.00448
8	0.01263	0.63082	0.14506	0.01014	0.01471	0.01796	0.04174	0.01496	0.01014	0.01254	0.00735	0.00875	0.00644	0.00455	0.00418	0.00122	0.04512	0.00304	0.00215	0.00651
9	0.00607	0.00434	0.00578	0.00694	0.00723	0.00405	0.00463	0.00694	0.00954	0.01272	0.02747	0.82157	0.03297	0.01562	0.00636	0.00202	0.00289	0.01417	0.00463	0.00405
10	0.02236	0.00848	0.01157	0.00887	0.01272	0.00733	0.00733	0.02429	0.01427	0.79719	0.01966	0.01697	0.01234	0.00617	0.00501	0.00154	0.00424	0.00501	0.00617	0.00848
11	0.00592	0.00492	0.00518	0.00538	0.00682	0.00418	0.00394	0.00712	0.01104	0.01333	0.04641	0.18517	0.65714	0.01315	0.00597	0.00174	0.00259	0.01117	0.00463	0.00418
12	0.08075	0.00537	0.00561	0.06247	0.00816	0.00565	0.00438	0.01195	0.01025	0.01848	0.01495	0.01732	0.01172	0.00565	0.00356	0.00123	0.00276	0.00447	0.72049	0.00477
13	0.00866	0.00433	0.00649	0.00649	0.00649	0.00433	0.00433	0.00649	0.00649	0.00866	0.00866	0.01515	0.00866	0.01732	0.01948	0.85498	0.00433	0.00433	0.00216	0.00216
14	0.01296	0.65261	0.14494	0.00991	0.01462	0.04596	0.03195	0.01526	0.01038	0.01249	0.00736	0.00858	0.00642	0.00437	0.00356	0.00117	0.00586	0.00293	0.00215	0.00653

[dist]
# distance from previous block
# <min> <max>
2	6

[block]
# block no. 3 follows, 50 sequences, length 31
# corresponding to MSA columns:
# 757-769,771-788
name=unknown_D
#
# <colnr> <probs for GDERKNQSTAVLIFYWHMCP>
#	G	D	E	R	K	N	Q	S	T	A	V	L	I	F	Y	W	H	M	C	P
0	0.06692	0.04985	0.10831	0.04435	0.15700	0.03858	0.02348	0.05821	0.04727	0.08434	0.15302	0.01920	0.05246	0.00663	0.00540	0.00155	0.03638	0.02096	0.00371	0.02236
1	0.03029	0.29238	0.03179	0.04435	0.02464	0.01266	0.11286	0.01257	0.00962	0.01293	0.02871	0.04434	0.01037	0.01513	0.24673	0.00341	0.05430	0.00471	0.00255	0.00565
2	0.01021	0.05212	0.73543	0.01459	0.04134	0.01188	0.03516	0.01575	0.01056	0.01567	0.00891	0.01055	0.00639	0.00470	0.00472	0.00156	0.00728	0.00372	0.00212	0.00733
3	0.01078	0.00921	0.01098	0.00788	0.01231	0.00720	0.02327	0.04922	0.01099	0.01696	0.00904	0.01048	0.00744	0.00381	0.00380	0.00080	0.00388	0.00309	0.00304	0.79581
4	0.01139	0.01049	0.01635	0.31653	0.26982	0.02822	0.04335	0.05099	0.01124	0.02985	0.00993	0.03941	0.00822	0.00521	0.00534	0.00152	0.03702	0.00464	0.00268	0.09779
5	0.01046	0.00905	0.01366	0.43479	0.10156	0.00980	0.01116	0.05633	0.01101	0.03338	0.01094	0.08178	0.00941	0.00566	0.00483	0.00147	0.00552	0.00498	0.00285	0.18136
6	0.01439	0.00981	0.01237	0.00918	0.01338	0.00861	0.05071	0.11846	0.05171	0.19486	0.01236	0.01264	0.00905	0.00474	0.00436	0.00112	0.00434	0.00392	0.00403	0.45997
7	0.01161	0.00953	0.01272	0.10714	0.17139	0.00991	0.00936	0.03846	0.24641	0.06203	0.06300	0.05746	0.03311	0.00654	0.00501	0.00152	0.00451	0.02145	0.00396	0.12487
8	0.01050	0.01031	0.01450	0.01255	0.01264	0.01431	0.01041	0.01167	0.00767	0.01195	0.00727	0.01183	0.00717	0.01177	0.10018	0.00280	0.73044	0.00447	0.00223	0.00535
9	0.00616	0.00512	0.00542	0.00553	0.00714	0.00439	0.00427	0.00756	0.01146	0.01383	0.07136	0.04851	0.68707	0.01267	0.00600	0.00174	0.00274	0.09014	0.00465	0.00426
10	0.01333	0.82783	0.02612	0.00853	0.01279	0.01972	0.00853	0.01493	0.01013	0.01173	0.00693	0.00800	0.00640	0.00426	0.00320	0.00107	0.00533	0.00267	0.00213	0.00640
11	0.86003	0.00964	0.00733	0.00655	0.00964	0.01118	0.00540	0.01465	0.00848	0.02236	0.00694	0.00810	0.00540	0.00463	0.00308	0.00154	0.00386	0.00270	0.00308	0.00540
12	0.01853	0.01376	0.01473	0.01138	0.01530	0.01526	0.00937	0.72965	0.07157	0.03075	0.01249	0.01239	0.00890	0.00603	0.00499	0.00151	0.00539	0.00456	0.00499	0.00844
13	0.01544	0.11746	0.18861	0.01452	0.09917	0.45398	0.01203	0.01792	0.01257	0.01337	0.00806	0.00956	0.00655	0.00487	0.00444	0.00134	0.00788	0.00338	0.00240	0.00642
14	0.60980	0.13785	0.03701	0.00728	0.01081	0.01208	0.00644	0.01509	0.00920	0.05828	0.00774	0.00873	0.00604	0.00460	0.00329	0.00142	0.00421	0.00285	0.00305	0.05425
15	0.25689	0.01256	0.01260	0.01000	0.01367	0.01408	0.00823	0.52061	0.06026	0.02828	0.01099	0.01123	0.00797	0.00564	0.00445	0.00152	0.00494	0.00404	0.00445	0.00757
16	0.01418	0.00840	0.01218	0.01150	0.09787	0.00781	0.06350	0.07184	0.01340	0.28668	0.12034	0.10661	0.06520	0.00802	0.00541	0.00161	0.00432	0.04769	0.00482	0.04862
17	0.18107	0.00870	0.01076	0.00843	0.01214	0.00806	0.00696	0.02247	0.01317	0.65038	0.01725	0.01529	0.01102	0.00588	0.00465	0.00154	0.00417	0.00457	0.00558	0.00790
18	0.01034	0.00886	0.01034	0.00738	0.01181	0.00664	0.00591	0.01255	0.01034	0.01624	0.00886	0.01034	0.00738	0.00369	0.00369	0.00074	0.00369	0.00295	0.00295	0.85530
19	0.07228	0.00905	0.01146	0.00878	0.01266	0.00817	0.00724	0.08502	0.01426	0.60293	0.01709	0.01530	0.01106	0.00580	0.00475	0.00145	0.00426	0.00461	0.00554	0.09828
20	0.00649	0.00507	0.00588	0.00568	0.00710	0.00446	0.00426	0.00832	0.01278	0.01683	0.43249	0.04243	0.40762	0.01137	0.00588	0.00162	0.00244	0.00974	0.00507	0.00446
21	0.00725	0.00483	0.00544	0.00544	0.00544	0.00483	0.00302	0.00725	0.00725	0.00966	0.01571	0.03262	0.01812	0.82483	0.02537	0.00483	0.00483	0.00725	0.00302	0.00302
22	0.01490	0.01398	0.12221	0.01091	0.01464	0.07968	0.00961	0.11389	0.40163	0.13933	0.01653	0.01560	0.01197	0.00616	0.00496	0.00159	0.00508	0.00492	0.00460	0.00780
23	0.00727	0.00510	0.00659	0.00715	0.00802	0.00498	0.00541	0.02269	0.01090	0.01497	0.13529	0.31966	0.07869	0.04039	0.06466	0.00244	0.00400	0.18052	0.07686	0.00440
24	0.00688	0.00509	0.00642	0.00609	0.00734	0.00463	0.00457	0.00907	0.01370	0.01902	0.68135	0.03882	0.15738	0.01055	0.00588	0.00158	0.00238	0.00924	0.00536	0.00463
25	0.01174	0.01417	0.12852	0.03634	0.22855	0.03175	0.19385	0.03565	0.01065	0.01517	0.00870	0.01187	0.00717	0.00571	0.00836	0.00174	0.23624	0.00463	0.00242	0.00677
26	0.04102	0.01062	0.01339	0.04968	0.01461	0.01208	0.05042	0.07218	0.28333	0.05639	0.01308	0.01406	0.01017	0.00638	0.00752	0.00163	0.19821	0.00467	0.00376	0.13682
27	0.04710	0.00902	0.01077	0.02820	0.04363	0.00796	0.00684	0.03644	0.10080	0.11295	0.03924	0.02799	0.03089	0.00517	0.00428	0.00113	0.00392	0.00423	0.00377	0.47568
28	0.01290	0.04704	0.03256	0.15433	0.26353	0.01167	0.03870	0.14761	0.04767	0.04727	0.01095	0.03464	0.00879	0.00517	0.00479	0.00144	0.00554	0.00455	0.00322	0.11764
29	0.01233	0.20511	0.27562	0.04064	0.05571	0.06114	0.04198	0.05760	0.03548	0.04393	0.05537	0.01228	0.00955	0.00515	0.00470	0.00141	0.02207	0.00401	0.00282	0.05310
30	0.05045	0.15716	0.23478	0.01037	0.01453	0.05151	0.03134	0.06055	0.04441	0.01583	0.01394	0.14274	0.03931	0.00693	0.00468	0.00148	0.00539	0.02192	0.00312	0.08957

[dist]
# distance from previous block
# <min> <max>
30	209

[block]
# block no. 4 follows, 50 sequences, length 9
# corresponding to MSA columns:
# 1130-1138
name=unknown_E
#
# <colnr> <probs for GDERKNQSTAVLIFYWHMCP>
#	G	D	E	R	K	N	Q	S	T	A	V	L	I	F	Y	W	H	M	C	P
0	0.03912	0.06268	0.06339	0.07031	0.08832	0.03487	0.04704	0.17876	0.04430	0.01943	0.01213	0.04724	0.00987	0.00571	0.00472	0.00141	0.02202	0.00466	0.17599	0.06801
1	0.02815	0.04125	0.05387	0.05668	0.09209	0.11006	0.06959	0.07387	0.05324	0.01614	0.08898	0.03544	0.01216	0.00670	0.00776	0.00165	0.20506	0.00498	0.00310	0.03923
2	0.04441	0.01143	0.01542	0.11163	0.31442	0.04781	0.01142	0.14428	0.05306	0.01836	0.01114	0.05604	0.00945	0.00575	0.00543	0.00152	0.04839	0.00482	0.02599	0.05923
3	0.04060	0.01177	0.01226	0.09745	0.01507	0.18799	0.06502	0.07634	0.03624	0.10084	0.08553	0.08400	0.04802	0.02974	0.00591	0.00168	0.02008	0.04056	0.03499	0.00590
4	0.11092	0.03106	0.01012	0.02388	0.01123	0.03342	0.03967	0.04868	0.03259	0.14818	0.09435	0.12929	0.06927	0.02572	0.02877	0.00180	0.00434	0.03426	0.03539	0.08706
5	0.03277	0.04663	0.01354	0.04492	0.17400	0.09069	0.00912	0.08182	0.07049	0.01625	0.01133	0.01565	0.01001	0.08090	0.05949	0.00211	0.03583	0.03204	0.00311	0.16930
6	0.03618	0.04927	0.13744	0.05381	0.03115	0.09990	0.01023	0.10552	0.02876	0.06590	0.03393	0.05699	0.01093	0.08242	0.00908	0.00196	0.17214	0.00502	0.00320	0.00617
7	0.00998	0.01036	0.07035	0.43084	0.18449	0.01022	0.01288	0.01312	0.01038	0.01420	0.01045	0.04671	0.00895	0.00549	0.00493	0.00155	0.00595	0.03641	0.00255	0.11019
8	0.01218	0.04567	0.01322	0.05184	0.10377	0.12413	0.00879	0.05503	0.01107	0.04349	0.01131	0.09845	0.01080	0.06458	0.00808	0.00170	0.14253	0.00512	0.00305	0.18520

[dist]
# distance from previous block
# <min> <max>
2	24

[block]
# block no. 5 follows, 50 sequences, length 7
# corresponding to MSA columns:
# 1164-1170
name=unknown_F
#
# <colnr> <probs for GDERKNQSTAVLIFYWHMCP>
#	G	D	E	R	K	N	Q	S	T	A	V	L	I	F	Y	W	H	M	C	P
0	0.11879	0.01219	0.04999	0.10229	0.14753	0.11274	0.07978	0.03183	0.03176	0.03274	0.01180	0.09525	0.01072	0.00623	0.00502	0.00153	0.01919	0.03414	0.00307	0.09341
1	0.01020	0.00919	0.01287	0.17787	0.08948	0.02456	0.04825	0.05604	0.02953	0.01585	0.10682	0.01948	0.08714	0.04635	0.00709	0.00165	0.08525	0.00549	0.00328	0.16360
2	0.01060	0.00980	0.01630	0.30373	0.28028	0.01101	0.05753	0.01347	0.01040	0.01467	0.01044	0.01546	0.00882	0.00570	0.00622	0.00165	0.09407	0.04434	0.07925	0.00625
3	0.01325	0.03079	0.08488	0.07564	0.01601	0.02728	0.04681	0.25187	0.10190	0.04714	0.01521	0.08861	0.04176	0.00715	0.00578	0.00161	0.05287	0.03052	0.00398	0.05693
4	0.04249	0.15737	0.21338	0.00964	0.01372	0.03191	0.00969	0.01627	0.10004	0.10829	0.04062	0.07964	0.03902	0.00638	0.00454	0.00144	0.00494	0.00510	0.04824	0.06732
5	0.00991	0.00653	0.00802	0.00736	0.00890	0.00684	0.00563	0.11977	0.01191	0.06399	0.10974	0.05241	0.08013	0.09688	0.26729	0.00394	0.00676	0.00645	0.12239	0.00516
6	0.11262	0.01141	0.01837	0.13771	0.48323	0.01194	0.07487	0.06107	0.01158	0.01739	0.00923	0.01204	0.00743	0.00461	0.00480	0.00153	0.00595	0.00435	0.00266	0.00720

[dist]
# distance from previous block
# <min> <max>
0	3

[block]
# block no. 6 follows, 50 sequences, length 6
# corresponding to MSA columns:
# 1174-1178,1180
name=unknown_G
#
# <colnr> <probs for GDERKNQSTAVLIFYWHMCP>
#	G	D	E	R	K	N	Q	S	T	A	V	L	I	F	Y	W	H	M	C	P
0	0.01157	0.00784	0.01062	0.01190	0.15172	0.00775	0.00770	0.09683	0.03229	0.12583	0.14194	0.11984	0.06487	0.07763	0.00721	0.00194	0.00416	0.08487	0.02745	0.00604
1	0.01856	0.00790	0.01057	0.00827	0.01169	0.00679	0.00673	0.02059	0.01390	0.58980	0.15856	0.02007	0.01820	0.00669	0.00506	0.00148	0.00385	0.00556	0.00577	0.07993
2	0.00938	0.00676	0.00755	0.00725	0.00838	0.00716	0.00506	0.09563	0.15082	0.01573	0.01910	0.22251	0.01969	0.30419	0.01256	0.00283	0.00401	0.00811	0.08836	0.00492
3	0.30789	0.01094	0.01387	0.15426	0.24841	0.01213	0.01055	0.15270	0.01230	0.02053	0.00891	0.01096	0.00692	0.00488	0.00431	0.00154	0.00525	0.00384	0.00309	0.00672
4	0.01607	0.00870	0.01231	0.00992	0.01302	0.00826	0.08332	0.10187	0.05439	0.37521	0.11945	0.09725	0.01899	0.00784	0.00545	0.00165	0.00442	0.04944	0.00530	0.00714
5	0.31729	0.01381	0.20717	0.01067	0.01479	0.01101	0.09360	0.01670	0.15059	0.01952	0.08807	0.01408	0.01178	0.00555	0.00444	0.00160	0.00509	0.00445	0.00338	0.00642

[dist]
# distance from previous block
# <min> <max>
6	32

[block]
# block no. 7 follows, 50 sequences, length 11
# corresponding to MSA columns:
# 1216-1226
name=unknown_H
#
# <colnr> <probs for GDERKNQSTAVLIFYWHMCP>
#	G	D	E	R	K	N	Q	S	T	A	V	L	I	F	Y	W	H	M	C	P
0	0.12120	0.03147	0.08207	0.01163	0.06089	0.02729	0.07439	0.19811	0.05097	0.04705	0.01288	0.11315	0.01136	0.03035	0.00536	0.00160	0.00512	0.00542	0.00372	0.10596
1	0.03313	0.02950	0.01646	0.12823	0.30810	0.08290	0.04353	0.08547	0.05629	0.04150	0.01245	0.01490	0.04675	0.00560	0.00533	0.00153	0.03529	0.01813	0.00310	0.03180
2	0.13020	0.01050	0.04615	0.08504	0.23704	0.03684	0.04424	0.04127	0.01145	0.01720	0.10220	0.03609	0.07525	0.00698	0.02597	0.00166	0.00521	0.00532	0.00323	0.07816
3	0.00814	0.00572	0.00704	0.00713	0.00820	0.00568	0.00516	0.02762	0.08356	0.04827	0.15299	0.30001	0.09237	0.12693	0.05114	0.00258	0.00391	0.05426	0.00456	0.00473
4	0.01282	0.02971	0.01668	0.06928	0.18604	0.04157	0.14144	0.04786	0.12552	0.10189	0.11306	0.01753	0.02814	0.00611	0.00568	0.00159	0.03886	0.00553	0.00375	0.00693
5	0.00747	0.00529	0.00638	0.00610	0.00761	0.00471	0.00467	0.00938	0.01292	0.05848	0.42323	0.04133	0.33110	0.01111	0.00589	0.00165	0.00264	0.05020	0.00514	0.00471
6	0.01152	0.00970	0.01168	0.00973	0.07489	0.00810	0.00708	0.10330	0.01197	0.01804	0.00927	0.01069	0.00755	0.00402	0.00394	0.00089	0.00408	0.00325	0.00315	0.68713
7	0.01108	0.01056	0.01795	0.36794	0.46624	0.01151	0.01467	0.01419	0.01075	0.01475	0.00915	0.01275	0.00736	0.00467	0.00496	0.00156	0.00623	0.00444	0.00236	0.00688
8	0.00990	0.00865	0.01203	0.00934	0.01306	0.00708	0.10008	0.01230	0.01067	0.01580	0.01300	0.05860	0.01240	0.00611	0.00465	0.00119	0.00438	0.13693	0.00327	0.56054
9	0.01060	0.01000	0.01660	0.44923	0.32288	0.01101	0.01376	0.01370	0.01053	0.01437	0.00906	0.01269	0.00718	0.00467	0.00486	0.00152	0.00613	0.00432	0.00237	0.07452
10	0.01308	0.16364	0.06445	0.01125	0.03312	0.03573	0.03798	0.05177	0.28800	0.07318	0.05476	0.01505	0.01232	0.00635	0.00629	0.00159	0.11580	0.00479	0.00381	0.00704

[dist]
# distance from previous block
# <min> <max>
0	1

[block]
# block no. 8 follows, 50 sequences, length 20
# corresponding to MSA columns:
# 1228,1230-1248
name=unknown_I
#
# <colnr> <probs for GDERKNQSTAVLIFYWHMCP>
#	G	D	E	R	K	N	Q	S	T	A	V	L	I	F	Y	W	H	M	C	P
0	0.00728	0.00510	0.00680	0.00680	0.00735	0.00559	0.00480	0.00837	0.00783	0.01116	0.01445	0.02477	0.01475	0.35246	0.45079	0.00638	0.00937	0.00607	0.04597	0.00389
1	0.06649	0.00959	0.01183	0.01016	0.04814	0.00952	0.00784	0.12645	0.13754	0.43538	0.05681	0.01754	0.01372	0.00641	0.00498	0.00157	0.00433	0.01836	0.00543	0.00792
2	0.03144	0.01102	0.01738	0.26475	0.47138	0.04167	0.01380	0.01455	0.01087	0.02955	0.00953	0.01325	0.00787	0.03566	0.00566	0.00166	0.00614	0.00447	0.00250	0.00687
3	0.01104	0.01041	0.01712	0.37849	0.38891	0.01155	0.01403	0.01509	0.07554	0.01508	0.01006	0.01329	0.00795	0.00488	0.00497	0.00158	0.00608	0.00454	0.00257	0.00684
4	0.05696	0.01662	0.01401	0.01152	0.01493	0.27852	0.00917	0.42002	0.05010	0.06373	0.01105	0.01132	0.00812	0.00568	0.00474	0.00144	0.00646	0.00405	0.00416	0.00741
5	0.00732	0.00539	0.00749	0.00734	0.00819	0.00590	0.00542	0.00868	0.00794	0.01133	0.01371	0.02235	0.01361	0.23127	0.57069	0.00685	0.01074	0.00569	0.00277	0.04731
6	0.01323	0.11106	0.01201	0.00860	0.01124	0.03265	0.00703	0.16046	0.19282	0.06789	0.06197	0.01723	0.03306	0.00642	0.00492	0.00144	0.03518	0.00498	0.21119	0.00663
7	0.00589	0.00505	0.00505	0.00505	0.00673	0.00421	0.00379	0.00715	0.01136	0.01347	0.05049	0.04797	0.79171	0.01262	0.00589	0.00168	0.00252	0.01052	0.00463	0.00421
8	0.08388	0.32966	0.05068	0.01067	0.05767	0.15529	0.00886	0.01645	0.07812	0.01460	0.00873	0.00985	0.00732	0.00469	0.00404	0.00121	0.01922	0.00324	0.00269	0.13314
9	0.01409	0.01155	0.01223	0.01049	0.01361	0.01319	0.00830	0.22078	0.58767	0.02359	0.01813	0.01688	0.01347	0.00656	0.00505	0.00164	0.00434	0.00534	0.00505	0.00804
10	0.00607	0.00434	0.00578	0.00694	0.00723	0.00405	0.00463	0.00694	0.00954	0.01272	0.02747	0.82157	0.03297	0.01562	0.00636	0.00202	0.00289	0.01417	0.00463	0.00405
11	0.01748	0.00900	0.01065	0.00868	0.01175	0.05289	0.00696	0.06018	0.07514	0.46401	0.18747	0.02150	0.03735	0.00717	0.00520	0.00155	0.00410	0.00593	0.00563	0.00736
12	0.01108	0.00903	0.01120	0.00803	0.01246	0.00693	0.03793	0.01336	0.01062	0.06067	0.00952	0.01084	0.00767	0.00385	0.00386	0.00082	0.00392	0.00319	0.00312	0.77190
13	0.01034	0.00886	0.01034	0.00738	0.01181	0.00664	0.00591	0.01255	0.01034	0.01624	0.00886	0.01034	0.00738	0.00369	0.00369	0.00074	0.00369	0.00295	0.00295	0.85530
14	0.00720	0.00481	0.00545	0.00549	0.00551	0.00480	0.00308	0.00724	0.00734	0.00978	0.01616	0.06288	0.01869	0.79379	0.02464	0.00472	0.00476	0.00751	0.00308	0.00306
15	0.01750	0.01303	0.01538	0.07853	0.06787	0.01431	0.02915	0.58558	0.04571	0.06435	0.01213	0.01259	0.00867	0.00579	0.00501	0.00152	0.00557	0.00458	0.00459	0.00813
16	0.00806	0.00599	0.00706	0.02264	0.00846	0.00590	0.00502	0.08831	0.03319	0.01644	0.20588	0.24588	0.17890	0.11816	0.00838	0.00213	0.00331	0.00972	0.02186	0.00470
17	0.00881	0.00669	0.01135	0.01048	0.05519	0.00647	0.13989	0.00963	0.00976	0.01328	0.15680	0.02439	0.05010	0.06382	0.04073	0.31869	0.00506	0.06149	0.00321	0.00415
18	0.10480	0.03099	0.03107	0.12467	0.17706	0.12143	0.02782	0.07010	0.04705	0.05082	0.00972	0.01154	0.00762	0.00494	0.00485	0.00141	0.03168	0.00391	0.00302	0.13549
19	0.57849	0.17866	0.01263	0.00928	0.08010	0.01316	0.00708	0.04357	0.00964	0.01997	0.00734	0.00860	0.00594	0.00459	0.00334	0.00144	0.00440	0.00291	0.00291	0.00594

[dist]
# distance from previous block
# <min> <max>
2	5

[block]
# block no. 9 follows, 50 sequences, length 16
# corresponding to MSA columns:
# 1254-1269
name=unknown_J
#
# <colnr> <probs for GDERKNQSTAVLIFYWHMCP>
#	G	D	E	R	K	N	Q	S	T	A	V	L	I	F	Y	W	H	M	C	P
0	0.33043	0.40517	0.08850	0.00832	0.01241	0.01513	0.00819	0.01540	0.00977	0.05784	0.00779	0.00874	0.00633	0.00454	0.00339	0.00132	0.00491	0.00290	0.00270	0.00622
1	0.00713	0.00530	0.00781	0.00781	0.00864	0.00612	0.00598	0.00877	0.00795	0.01143	0.01353	0.02058	0.01289	0.09766	0.74539	0.00777	0.01270	0.00549	0.00270	0.00434
2	0.01034	0.00886	0.01034	0.00738	0.01181	0.00664	0.00591	0.01255	0.01034	0.01624	0.00886	0.01034	0.00738	0.00369	0.00369	0.00074	0.00369	0.00295	0.00295	0.85530
3	0.01096	0.15447	0.63634	0.01323	0.01986	0.05185	0.01640	0.01585	0.01064	0.01496	0.00856	0.01004	0.00633	0.00468	0.00448	0.00148	0.00712	0.00350	0.00213	0.00713
4	0.01056	0.01039	0.01460	0.01262	0.01270	0.01444	0.01048	0.01171	0.00767	0.01196	0.00717	0.01170	0.00709	0.01136	0.08884	0.00272	0.74197	0.00445	0.00223	0.00536
5	0.00866	0.00433	0.00649	0.00649	0.00649	0.00433	0.00433	0.00649	0.00649	0.00866	0.00866	0.01515	0.00866	0.01732	0.01948	0.85498	0.00433	0.00433	0.00216	0.00216
6	0.00941	0.00886	0.01495	0.81285	0.03433	0.01107	0.01384	0.01274	0.00997	0.01274	0.00886	0.01329	0.00664	0.00498	0.00498	0.00166	0.00664	0.00443	0.00221	0.00554
7	0.00607	0.00434	0.00578	0.00694	0.00723	0.00405	0.00463	0.00694	0.00954	0.01272	0.02747	0.82157	0.03297	0.01562	0.00636	0.00202	0.00289	0.01417	0.00463	0.00405
8	0.01675	0.00759	0.01013	0.00872	0.01161	0.00692	0.00725	0.01939	0.05365	0.48647	0.05798	0.02937	0.05432	0.00861	0.00557	0.00175	0.00415	0.19706	0.00561	0.00709
9	0.01843	0.01370	0.01467	0.01136	0.01526	0.01522	0.00935	0.71789	0.08350	0.03058	0.01262	0.01249	0.00901	0.00605	0.00499	0.00151	0.00536	0.00458	0.00499	0.00843
10	0.00693	0.00509	0.00649	0.00614	0.00737	0.00465	0.00461	0.00917	0.01382	0.01930	0.71345	0.03836	0.12511	0.01045	0.00588	0.00158	0.00237	0.00917	0.00540	0.00465
11	0.00712	0.00534	0.00801	0.00801	0.00890	0.00623	0.00623	0.00890	0.00801	0.01157	0.01335	0.01958	0.01246	0.03738	0.80507	0.00801	0.01335	0.00534	0.00267	0.00445
12	0.01176	0.01345	0.02941	0.02101	0.02605	0.01261	0.77563	0.01597	0.01176	0.01597	0.01008	0.01345	0.00756	0.00420	0.00588	0.00168	0.00840	0.00588	0.00252	0.00672
13	0.01124	0.01190	0.02082	0.01619	0.01817	0.01422	0.31094	0.01355	0.00925	0.01355	0.00793	0.01190	0.00694	0.00695	0.01225	0.00198	0.49896	0.00496	0.00231	0.00595
14	0.02040	0.01163	0.01352	0.01036	0.01429	0.01200	0.00856	0.45689	0.01954	0.35715	0.01524	0.01409	0.01012	0.00606	0.00500	0.00152	0.00496	0.00471	0.00549	0.00848
15	0.00713	0.00530	0.00780	0.00780	0.00862	0.00612	0.00597	0.00877	0.00795	0.01142	0.01354	0.02063	0.01291	0.10043	0.74265	0.00776	0.01267	0.00549	0.00270	0.00434

[dist]
# distance from previous block
# <min> <max>
0	1

[block]
# block no. 10 follows, 50 sequences, length 11
# corresponding to MSA columns:
# 1271-1281
name=unknown_K
#
# <colnr> <probs for GDERKNQSTAVLIFYWHMCP>
#	G	D	E	R	K	N	Q	S	T	A	V	L	I	F	Y	W	H	M	C	P
0	0.01121	0.01069	0.01820	0.33218	0.50096	0.01155	0.01474	0.01431	0.01082	0.01492	0.00918	0.01270	0.00741	0.00465	0.00495	0.00155	0.00620	0.00444	0.00237	0.00699
1	0.01432	0.01516	0.01234	0.01015	0.01351	0.32293	0.00790	0.08913	0.01291	0.01578	0.00881	0.01036	0.00729	0.00605	0.03780	0.00138	0.03315	0.00335	0.00296	0.37472
2	0.00932	0.00751	0.00878	0.00688	0.01022	0.00587	0.00537	0.01127	0.01092	0.04023	0.08666	0.07832	0.15296	0.00680	0.00451	0.00110	0.00332	0.00571	0.00370	0.54055
3	0.03294	0.05518	0.23403	0.06794	0.01718	0.01074	0.10895	0.04619	0.01072	0.01549	0.08528	0.01538	0.01177	0.01210	0.16616	0.00289	0.07754	0.00486	0.00278	0.02186
4	0.01268	0.01064	0.01778	0.14292	0.31460	0.01095	0.12786	0.05612	0.04685	0.09919	0.01251	0.07202	0.01036	0.00577	0.00540	0.00160	0.02116	0.00548	0.01905	0.00706
5	0.00929	0.00864	0.01482	0.62334	0.02965	0.01033	0.06637	0.01246	0.01010	0.01309	0.01095	0.01789	0.00924	0.00804	0.06105	0.00217	0.00704	0.07759	0.00250	0.00545
6	0.01079	0.01026	0.01756	0.49286	0.26239	0.01157	0.06775	0.04048	0.01098	0.01469	0.00921	0.01297	0.00715	0.00480	0.00503	0.00160	0.00651	0.00454	0.00241	0.00644
7	0.01252	0.10741	0.01561	0.17220	0.20106	0.05081	0.01060	0.08225	0.04424	0.06613	0.04773	0.01547	0.04183	0.00711	0.03937	0.00177	0.03250	0.00476	0.04008	0.00657
8	0.01104	0.00818	0.01045	0.10694	0.01395	0.00773	0.00728	0.04074	0.06525	0.09094	0.01311	0.01796	0.01127	0.06676	0.10993	0.00236	0.00559	0.05749	0.00348	0.34956
9	0.00840	0.00682	0.00971	0.12404	0.08793	0.00734	0.00777	0.04427	0.01033	0.01382	0.02059	0.33052	0.05478	0.10087	0.00876	0.00223	0.05765	0.09555	0.00375	0.00488
10	0.00797	0.00650	0.00709	0.00724	0.00814	0.04213	0.00517	0.01024	0.08460	0.01368	0.02603	0.35131	0.15655	0.11192	0.00886	0.00218	0.06010	0.00987	0.07586	0.00455

[dist]
# distance from previous block
# <min> <max>
0	7

# created by:
# /st0/software/busco_prod/Augustus/scripts/msa2prfl.pl ./align_prep/38523.fa
