[name]
unknown

[dist]
# distance from previous block
# <min> <max>
4	1467

[block]
# block no. 0 follows, 57 sequences, length 21
# corresponding to MSA columns:
# 1547-1567
name=unknown_A
#
# <colnr> <probs for GDERKNQSTAVLIFYWHMCP>
#	G	D	E	R	K	N	Q	S	T	A	V	L	I	F	Y	W	H	M	C	P
0	0.00552	0.00397	0.00523	0.00625	0.00656	0.00369	0.00418	0.00632	0.00873	0.01159	0.02571	0.81005	0.05724	0.01410	0.00577	0.00183	0.00262	0.01277	0.00421	0.00369
1	0.00599	0.00452	0.00532	0.00531	0.00637	0.00407	0.00386	0.00743	0.01080	0.01433	0.34270	0.12940	0.32052	0.08116	0.00687	0.00177	0.00248	0.02188	0.02132	0.00391
2	0.00984	0.00520	0.00571	0.00525	0.00672	0.00517	0.00404	0.04449	0.04395	0.09608	0.11593	0.01865	0.01546	0.00586	0.00370	0.00117	0.00247	0.00479	0.60068	0.00484
3	0.87276	0.00876	0.00666	0.00596	0.00876	0.01017	0.00491	0.01332	0.00771	0.02033	0.00631	0.00736	0.00491	0.00421	0.00280	0.00140	0.00351	0.00245	0.00280	0.00491
4	0.01248	0.78108	0.02292	0.00805	0.01181	0.07901	0.00783	0.01391	0.00948	0.01069	0.00635	0.00734	0.00582	0.00394	0.00300	0.00098	0.00510	0.00246	0.00197	0.00577
5	0.00691	0.00474	0.00622	0.00578	0.00694	0.00436	0.00436	0.00903	0.01283	0.04654	0.78191	0.03319	0.04163	0.00913	0.00532	0.00142	0.00220	0.00807	0.00501	0.00440
6	0.04782	0.07738	0.38312	0.15721	0.04898	0.11355	0.05972	0.01413	0.00988	0.01353	0.00802	0.00999	0.00605	0.00434	0.00419	0.00137	0.00638	0.00348	0.02487	0.00600
7	0.79819	0.00911	0.00726	0.00635	0.00922	0.01050	0.00523	0.08166	0.00890	0.02105	0.00671	0.00767	0.00515	0.00431	0.00295	0.00140	0.00363	0.00260	0.00295	0.00515
8	0.01190	0.01292	0.01615	0.15761	0.26667	0.21515	0.09539	0.01414	0.01030	0.01280	0.00791	0.01065	0.00654	0.00482	0.00587	0.00143	0.11928	0.00389	0.02072	0.00585
9	0.00650	0.00439	0.00494	0.00497	0.00504	0.00435	0.00282	0.00658	0.00681	0.00902	0.01597	0.05413	0.05132	0.78036	0.02179	0.00419	0.00425	0.00690	0.00285	0.00282
10	0.01279	0.15228	0.04219	0.03936	0.38809	0.21975	0.01134	0.03033	0.02180	0.01332	0.00787	0.00980	0.00661	0.00433	0.00433	0.00126	0.02245	0.00348	0.00227	0.00636
11	0.01178	0.00821	0.01122	0.00981	0.04601	0.02118	0.10146	0.08388	0.15133	0.17148	0.03718	0.08136	0.03167	0.16826	0.04253	0.00229	0.00478	0.00591	0.00390	0.00576
12	0.00578	0.00412	0.00530	0.00603	0.00640	0.00387	0.00404	0.00663	0.00890	0.01191	0.10169	0.60182	0.06221	0.12542	0.00807	0.00214	0.00283	0.02512	0.00409	0.00363
13	0.00673	0.00461	0.00534	0.00532	0.00536	0.00475	0.00318	0.00685	0.00676	0.00906	0.01440	0.02987	0.01651	0.77821	0.02209	0.00422	0.03256	0.03852	0.00278	0.00288
14	0.01391	0.08348	0.01657	0.04655	0.13621	0.11855	0.13235	0.17930	0.08317	0.09219	0.01035	0.01144	0.00782	0.00489	0.00493	0.00138	0.04296	0.00411	0.00322	0.00662
15	0.00969	0.00921	0.01564	0.48780	0.36441	0.01037	0.01315	0.01257	0.00960	0.01295	0.00825	0.01171	0.00653	0.00432	0.00451	0.00144	0.00576	0.00403	0.00211	0.00595
16	0.00677	0.00477	0.00576	0.00545	0.00680	0.00423	0.00411	0.00850	0.01184	0.05952	0.47387	0.05754	0.31416	0.00998	0.00532	0.00147	0.00230	0.00861	0.00472	0.00429
17	0.04796	0.09096	0.48369	0.04703	0.08685	0.05152	0.01355	0.04665	0.01036	0.03959	0.03557	0.01051	0.00736	0.00452	0.00418	0.00137	0.00601	0.00353	0.00234	0.00643
18	0.01535	0.01202	0.01273	0.03647	0.06430	0.15937	0.04909	0.26326	0.05999	0.16949	0.03116	0.01328	0.00961	0.03835	0.00519	0.00146	0.00525	0.00428	0.04275	0.00659
19	0.00558	0.00450	0.00496	0.00505	0.00631	0.00389	0.00371	0.00685	0.01055	0.01324	0.18452	0.15953	0.55251	0.01147	0.00542	0.00156	0.00232	0.00980	0.00435	0.00389
20	0.01514	0.01662	0.01173	0.01039	0.01270	0.54425	0.03242	0.05135	0.01277	0.07956	0.06620	0.04677	0.03077	0.00567	0.00433	0.00126	0.00658	0.00419	0.04192	0.00538

[dist]
# distance from previous block
# <min> <max>
2	6

[block]
# block no. 1 follows, 57 sequences, length 16
# corresponding to MSA columns:
# 1574-1589
name=unknown_B
#
# <colnr> <probs for GDERKNQSTAVLIFYWHMCP>
#	G	D	E	R	K	N	Q	S	T	A	V	L	I	F	Y	W	H	M	C	P
0	0.74622	0.00908	0.00779	0.00758	0.05641	0.01040	0.00569	0.04332	0.04881	0.02024	0.00723	0.00820	0.00560	0.00434	0.00306	0.00140	0.00368	0.00274	0.00293	0.00526
1	0.01093	0.02715	0.01087	0.00819	0.03582	0.04814	0.03399	0.01295	0.00997	0.08714	0.00891	0.00999	0.00708	0.00368	0.00360	0.00082	0.00389	0.00300	0.00289	0.67101
2	0.00659	0.00439	0.00494	0.00494	0.00494	0.00439	0.00275	0.00659	0.00659	0.00879	0.01428	0.02965	0.01647	0.84075	0.02306	0.00439	0.00439	0.00659	0.00275	0.00275
3	0.01237	0.53627	0.18288	0.00925	0.01366	0.01577	0.00972	0.14673	0.01133	0.01445	0.00745	0.00835	0.00612	0.00423	0.00347	0.00113	0.00524	0.00289	0.00237	0.00631
4	0.00623	0.00445	0.00537	0.00568	0.00629	0.00426	0.00395	0.00715	0.00879	0.01166	0.09084	0.21556	0.16973	0.28245	0.05132	0.00284	0.00370	0.08629	0.02990	0.00354
5	0.00568	0.00409	0.00539	0.00623	0.00667	0.00381	0.00428	0.00669	0.00930	0.01247	0.12211	0.68463	0.06079	0.01344	0.00573	0.00179	0.00260	0.03623	0.00430	0.00377
6	0.00587	0.00408	0.00510	0.00584	0.00618	0.00385	0.00384	0.00661	0.00844	0.01140	0.02370	0.59868	0.07244	0.16310	0.00874	0.00224	0.00290	0.01106	0.05238	0.00355
7	0.00845	0.00422	0.00422	0.00422	0.00528	0.00422	0.00317	0.01056	0.00950	0.01689	0.01478	0.01689	0.01161	0.00528	0.00317	0.00106	0.00211	0.00422	0.86591	0.00422
8	0.00695	0.00469	0.00604	0.00568	0.00682	0.00433	0.00427	0.00902	0.01246	0.04475	0.69632	0.05293	0.05983	0.00909	0.00520	0.00142	0.00221	0.00799	0.05563	0.00436
9	0.87276	0.00876	0.00666	0.00596	0.00876	0.01017	0.00491	0.01332	0.00771	0.02033	0.00631	0.00736	0.00491	0.00421	0.00280	0.00140	0.00351	0.00245	0.00280	0.00491
10	0.01512	0.19890	0.06226	0.01106	0.03282	0.46506	0.00905	0.10083	0.04070	0.01343	0.00777	0.00873	0.00634	0.00460	0.00392	0.00118	0.00679	0.00307	0.00254	0.00584
11	0.00659	0.00439	0.00494	0.00494	0.00494	0.00439	0.00275	0.00659	0.00659	0.00879	0.01428	0.02965	0.01647	0.84075	0.02306	0.00439	0.00439	0.00659	0.00275	0.00275
12	0.00659	0.00439	0.00494	0.00494	0.00494	0.00439	0.00275	0.00659	0.00659	0.00879	0.01428	0.02965	0.01647	0.84075	0.02306	0.00439	0.00439	0.00659	0.00275	0.00275
13	0.75695	0.00930	0.00760	0.00656	0.00948	0.01069	0.00541	0.11946	0.00955	0.02144	0.00693	0.00784	0.00529	0.00437	0.00304	0.00140	0.00371	0.00267	0.00304	0.00529
14	0.01133	0.26798	0.20252	0.00985	0.05468	0.02972	0.00939	0.02837	0.06843	0.09393	0.04117	0.01392	0.07938	0.00519	0.00400	0.00124	0.00477	0.00403	0.00293	0.06718
15	0.01373	0.26487	0.03399	0.01029	0.04418	0.25873	0.00836	0.11475	0.05459	0.03203	0.05518	0.01080	0.00895	0.00504	0.00445	0.00122	0.04764	0.00351	0.02179	0.00590

[dist]
# distance from previous block
# <min> <max>
1	4

[block]
# block no. 2 follows, 57 sequences, length 26
# corresponding to MSA columns:
# 1594-1605,1623-1636
name=unknown_C
#
# <colnr> <probs for GDERKNQSTAVLIFYWHMCP>
#	G	D	E	R	K	N	Q	S	T	A	V	L	I	F	Y	W	H	M	C	P
0	0.02948	0.13594	0.15130	0.01321	0.18025	0.02337	0.01016	0.15406	0.08040	0.08415	0.01289	0.01346	0.06741	0.00537	0.00448	0.01515	0.00492	0.00419	0.00319	0.00663
1	0.02288	0.06707	0.49031	0.01230	0.01765	0.02688	0.10466	0.06754	0.03566	0.05068	0.05450	0.01163	0.00859	0.00470	0.00441	0.00141	0.00609	0.00394	0.00258	0.00651
2	0.00603	0.00405	0.00526	0.00594	0.00616	0.00386	0.00386	0.00632	0.00797	0.01057	0.02135	0.55029	0.04889	0.17429	0.01065	0.11406	0.00313	0.01041	0.00363	0.00328
3	0.03913	0.12169	0.42737	0.01089	0.01564	0.04873	0.05128	0.03888	0.02227	0.01420	0.03223	0.01429	0.10773	0.00544	0.00462	0.00140	0.03149	0.00425	0.00248	0.00600
4	0.01327	0.05990	0.10397	0.00869	0.03689	0.00770	0.00760	0.03881	0.01119	0.29119	0.04234	0.02790	0.02665	0.00521	0.00417	0.00118	0.00406	0.02888	0.00379	0.27661
5	0.00641	0.00479	0.00698	0.00701	0.00778	0.00546	0.00536	0.00788	0.00740	0.01051	0.01391	0.04567	0.04134	0.08208	0.71782	0.00672	0.01100	0.00539	0.00257	0.00395
6	0.01049	0.00970	0.01620	0.16891	0.53949	0.01006	0.03147	0.01356	0.04493	0.03149	0.01073	0.05922	0.02376	0.00496	0.00461	0.00142	0.00523	0.00473	0.00253	0.00652
7	0.01421	0.01300	0.01224	0.05333	0.05382	0.23417	0.02286	0.23163	0.11486	0.06763	0.01313	0.05288	0.02278	0.00623	0.00464	0.00142	0.00552	0.06571	0.00367	0.00625
8	0.67228	0.02515	0.00790	0.03311	0.03778	0.05290	0.00566	0.01362	0.00842	0.04218	0.00737	0.00854	0.00571	0.00434	0.00306	0.00136	0.00384	0.00276	0.05895	0.00506
9	0.02832	0.04810	0.18006	0.05315	0.08387	0.04330	0.00982	0.10253	0.10306	0.05472	0.01432	0.01762	0.07047	0.04002	0.00584	0.00160	0.05003	0.06239	0.02478	0.00602
10	0.00999	0.00980	0.03231	0.11206	0.55498	0.00966	0.04666	0.01256	0.01002	0.01398	0.01208	0.09279	0.05226	0.00547	0.00470	0.00143	0.00515	0.00523	0.00251	0.00637
11	0.01204	0.01159	0.05664	0.01536	0.25579	0.06368	0.01007	0.13549	0.20334	0.03038	0.04707	0.01394	0.02645	0.00599	0.01693	0.00154	0.07917	0.00450	0.00335	0.00668
12	0.00599	0.00459	0.00548	0.00531	0.00652	0.00409	0.00396	0.00771	0.01175	0.01573	0.49803	0.06673	0.32714	0.01026	0.00536	0.00148	0.00221	0.00887	0.00467	0.00409
13	0.01164	0.00904	0.01020	0.00767	0.01132	0.03196	0.00616	0.11114	0.03817	0.09207	0.00991	0.02556	0.00788	0.00428	0.00403	0.00093	0.02552	0.00335	0.00326	0.58593
14	0.00642	0.00467	0.00563	0.00543	0.00668	0.00415	0.00405	0.00811	0.01167	0.04059	0.46440	0.09127	0.30980	0.01026	0.00535	0.00149	0.00228	0.00888	0.00468	0.00418
15	0.01015	0.00845	0.01040	0.02545	0.01189	0.00706	0.04052	0.03023	0.08990	0.04561	0.01011	0.01107	0.01887	0.00393	0.00369	0.00087	0.00366	0.00327	0.00302	0.66184
16	0.01070	0.00916	0.00975	0.00885	0.01126	0.01048	0.00689	0.02226	0.71357	0.01856	0.06434	0.01961	0.04089	0.00666	0.00472	0.00154	0.00348	0.02584	0.00461	0.00682
17	0.00646	0.00481	0.00709	0.00711	0.00785	0.00554	0.00544	0.00796	0.00727	0.01043	0.01255	0.03582	0.01206	0.08648	0.75316	0.00698	0.01143	0.00514	0.00249	0.00395
18	0.00557	0.00460	0.00489	0.00481	0.00625	0.00392	0.00361	0.00692	0.01083	0.01343	0.19961	0.04165	0.65619	0.01103	0.00535	0.00151	0.00226	0.00929	0.00436	0.00392
19	0.00564	0.00421	0.00511	0.00574	0.00636	0.00384	0.00393	0.00651	0.00907	0.01169	0.04883	0.50710	0.24283	0.09178	0.00731	0.00199	0.00273	0.02761	0.00409	0.00366
20	0.87276	0.00876	0.00666	0.00596	0.00876	0.01017	0.00491	0.01332	0.00771	0.02033	0.00631	0.00736	0.00491	0.00421	0.00280	0.00140	0.00351	0.00245	0.00280	0.00491
21	0.01023	0.00803	0.00948	0.00682	0.01080	0.00609	0.00547	0.01223	0.00967	0.07610	0.00881	0.00986	0.00706	0.00353	0.00345	0.00073	0.00339	0.00283	0.00291	0.80253
22	0.01464	0.01627	0.01151	0.01028	0.01262	0.48364	0.00785	0.10134	0.15225	0.01505	0.06554	0.01236	0.01037	0.00607	0.02416	0.00141	0.00646	0.00390	0.03856	0.00571
23	0.01237	0.10097	0.02892	0.24745	0.16262	0.17832	0.02971	0.09582	0.04660	0.02821	0.00930	0.01123	0.01982	0.00468	0.00429	0.00134	0.00597	0.00380	0.00259	0.00600
24	0.01020	0.09647	0.30962	0.04963	0.16312	0.01024	0.03709	0.05080	0.01069	0.04026	0.09792	0.02959	0.01099	0.00500	0.00435	0.00133	0.00530	0.00424	0.00267	0.06048
25	0.01174	0.12375	0.35779	0.02860	0.06465	0.06875	0.02763	0.12933	0.04333	0.04667	0.03367	0.02641	0.00827	0.00488	0.00426	0.00135	0.00579	0.00384	0.00274	0.00654

[dist]
# distance from previous block
# <min> <max>
0	2

[block]
# block no. 3 follows, 57 sequences, length 6
# corresponding to MSA columns:
# 1644-1649
name=unknown_D
#
# <colnr> <probs for GDERKNQSTAVLIFYWHMCP>
#	G	D	E	R	K	N	Q	S	T	A	V	L	I	F	Y	W	H	M	C	P
0	0.03735	0.15172	0.01625	0.01122	0.01333	0.03079	0.14314	0.05852	0.04415	0.04574	0.03626	0.07829	0.00988	0.00659	0.00808	0.00159	0.29399	0.00482	0.00275	0.00555
1	0.03593	0.00746	0.03293	0.00779	0.00961	0.05992	0.05072	0.01210	0.05898	0.12767	0.19207	0.23994	0.06501	0.00905	0.00507	0.00155	0.00358	0.03969	0.03591	0.00501
2	0.03377	0.06811	0.10577	0.03668	0.25431	0.03164	0.10072	0.03671	0.03191	0.07481	0.08776	0.01324	0.01067	0.00493	0.00490	0.00136	0.04241	0.00433	0.00286	0.05310
3	0.00896	0.03387	0.05131	0.00897	0.03663	0.11913	0.00689	0.01022	0.00842	0.01105	0.01251	0.09933	0.03287	0.18249	0.17304	0.00328	0.15685	0.00551	0.03430	0.00437
4	0.00650	0.00475	0.00676	0.00676	0.00739	0.00538	0.00501	0.00776	0.00713	0.01013	0.01261	0.02044	0.01247	0.21345	0.64489	0.00664	0.01041	0.00524	0.00250	0.00376
5	0.01148	0.04107	0.19031	0.00995	0.03860	0.07694	0.03468	0.09685	0.05341	0.05271	0.00992	0.01097	0.00758	0.00439	0.00394	0.00113	0.00484	0.00348	0.08627	0.26148

[dist]
# distance from previous block
# <min> <max>
2	8

[block]
# block no. 4 follows, 57 sequences, length 17
# corresponding to MSA columns:
# 1660-1676
name=unknown_E
#
# <colnr> <probs for GDERKNQSTAVLIFYWHMCP>
#	G	D	E	R	K	N	Q	S	T	A	V	L	I	F	Y	W	H	M	C	P
0	0.23065	0.02585	0.00799	0.00677	0.00880	0.05283	0.00527	0.13025	0.03795	0.05719	0.01144	0.01466	0.00959	0.12393	0.06805	0.00216	0.00450	0.00407	0.19296	0.00507
1	0.00947	0.09252	0.68743	0.01296	0.01925	0.01123	0.07723	0.01430	0.00962	0.01405	0.00806	0.00958	0.00584	0.00423	0.00427	0.00140	0.00661	0.00343	0.00195	0.00658
2	0.00550	0.00439	0.00494	0.00532	0.00639	0.00383	0.00384	0.00659	0.00985	0.01224	0.06248	0.31068	0.50033	0.01235	0.00553	0.00165	0.00246	0.03358	0.00423	0.00380
3	0.00948	0.00465	0.00514	0.00482	0.00615	0.00449	0.00369	0.01156	0.01030	0.10361	0.11500	0.01886	0.01548	0.00582	0.00359	0.00114	0.00230	0.00476	0.66456	0.00461
4	0.01027	0.02600	0.12068	0.01031	0.01457	0.02522	0.15704	0.02938	0.05755	0.03205	0.01954	0.01082	0.00758	0.00400	0.00417	0.00106	0.01589	0.00358	0.00272	0.44756
5	0.01695	0.02090	0.01290	0.01158	0.01401	0.75900	0.00874	0.07935	0.01351	0.01246	0.00731	0.00838	0.00598	0.00473	0.00412	0.00118	0.00792	0.00301	0.00251	0.00545
6	0.00594	0.00432	0.00560	0.00591	0.00664	0.00398	0.00419	0.00741	0.01079	0.01480	0.40620	0.39956	0.08452	0.01164	0.00554	0.00162	0.00237	0.01041	0.00458	0.00398
7	0.01068	0.00888	0.00915	0.00807	0.01015	0.05226	0.00620	0.16328	0.29878	0.01801	0.12278	0.02173	0.09945	0.09735	0.05104	0.00208	0.00432	0.00582	0.00417	0.00580
8	0.00665	0.00478	0.00693	0.00693	0.00773	0.00549	0.00534	0.00824	0.00745	0.01100	0.01245	0.01819	0.01155	0.06305	0.72142	0.00664	0.01098	0.00487	0.07632	0.00401
9	0.00577	0.00412	0.00554	0.00659	0.00696	0.00389	0.00463	0.00674	0.00892	0.01184	0.02484	0.72886	0.02943	0.01396	0.00585	0.00187	0.00284	0.11938	0.00420	0.00375
10	0.79882	0.00870	0.00725	0.07645	0.01068	0.01016	0.00556	0.01317	0.00783	0.01958	0.00646	0.00776	0.00500	0.00423	0.00295	0.00141	0.00372	0.00259	0.00274	0.00492
11	0.01146	0.01066	0.01750	0.10753	0.66507	0.01098	0.01332	0.08071	0.01113	0.01565	0.00868	0.01127	0.00711	0.00421	0.00449	0.00136	0.00542	0.00404	0.00242	0.00701
12	0.00919	0.00858	0.01435	0.59442	0.15380	0.01015	0.03325	0.03432	0.00952	0.01259	0.00844	0.01220	0.00659	0.00621	0.05176	0.00182	0.02111	0.00411	0.00215	0.00542
13	0.87276	0.00876	0.00666	0.00596	0.00876	0.01017	0.00491	0.01332	0.00771	0.02033	0.00631	0.00736	0.00491	0.00421	0.00280	0.00140	0.00351	0.00245	0.00280	0.00491
14	0.00602	0.00463	0.00613	0.00618	0.00717	0.00421	0.02858	0.00751	0.01063	0.01423	0.30906	0.32835	0.20184	0.01148	0.00554	0.00162	0.00259	0.03579	0.00443	0.00402
15	0.00640	0.00463	0.00643	0.00655	0.00708	0.00511	0.00472	0.00749	0.00725	0.01017	0.01411	0.11071	0.01475	0.24771	0.51938	0.00591	0.00902	0.00620	0.00271	0.00366
16	0.01285	0.01231	0.01075	0.03154	0.01248	0.21989	0.00751	0.09251	0.38072	0.04285	0.03956	0.04347	0.04484	0.00635	0.00459	0.00144	0.00486	0.02125	0.00395	0.00629

[dist]
# distance from previous block
# <min> <max>
0	1

[block]
# block no. 5 follows, 57 sequences, length 16
# corresponding to MSA columns:
# 1678-1693
name=unknown_F
#
# <colnr> <probs for GDERKNQSTAVLIFYWHMCP>
#	G	D	E	R	K	N	Q	S	T	A	V	L	I	F	Y	W	H	M	C	P
0	0.05845	0.01215	0.03443	0.00980	0.01319	0.03914	0.00816	0.55066	0.11510	0.05366	0.01330	0.01305	0.04673	0.00570	0.00448	0.00139	0.00472	0.00435	0.00434	0.00721
1	0.05623	0.01258	0.03791	0.01194	0.08895	0.06285	0.03467	0.50058	0.03598	0.07361	0.01079	0.01117	0.00779	0.00514	0.00440	0.00135	0.00511	0.00400	0.02777	0.00718
2	0.75651	0.12151	0.00897	0.00620	0.00915	0.01121	0.00529	0.01335	0.00791	0.01902	0.00631	0.00735	0.00503	0.00416	0.00282	0.00134	0.00369	0.00245	0.00269	0.00503
3	0.00603	0.00437	0.00564	0.00616	0.00675	0.00413	0.00431	0.00748	0.02705	0.01351	0.24349	0.48652	0.05769	0.06223	0.00668	0.00187	0.00268	0.04518	0.00434	0.00389
4	0.01078	0.01025	0.01704	0.15923	0.62816	0.01069	0.01322	0.01422	0.06471	0.01456	0.00913	0.01175	0.00745	0.00426	0.00450	0.00139	0.00537	0.00411	0.00237	0.00682
5	0.00553	0.00459	0.00485	0.00489	0.00631	0.00391	0.00368	0.00679	0.01050	0.01282	0.11687	0.07556	0.67930	0.01141	0.00540	0.00155	0.00236	0.03553	0.00428	0.00387
6	0.01943	0.00751	0.01023	0.00791	0.01126	0.00651	0.00651	0.02121	0.01296	0.76392	0.06924	0.01662	0.01326	0.00585	0.00461	0.00140	0.00374	0.00479	0.00557	0.00749
7	0.00715	0.00534	0.00775	0.00772	0.00859	0.00605	0.00595	0.00858	0.00771	0.01115	0.01274	0.01861	0.01189	0.03412	0.81493	0.00734	0.01228	0.00505	0.00265	0.00439
8	0.00578	0.00424	0.00544	0.00607	0.00671	0.00391	0.00429	0.00696	0.00983	0.01309	0.18399	0.52455	0.13844	0.01275	0.00567	0.00173	0.00257	0.05577	0.00436	0.00385
9	0.01642	0.01229	0.01315	0.01026	0.01375	0.01368	0.00842	0.69292	0.12707	0.02726	0.01190	0.01169	0.00853	0.00554	0.00454	0.00138	0.00480	0.00422	0.00454	0.00763
10	0.87276	0.00876	0.00666	0.00596	0.00876	0.01017	0.00491	0.01332	0.00771	0.02033	0.00631	0.00736	0.00491	0.00421	0.00280	0.00140	0.00351	0.00245	0.00280	0.00491
11	0.00764	0.00624	0.00742	0.00818	0.07221	0.02772	0.00554	0.01077	0.12771	0.03154	0.16851	0.23398	0.22383	0.01011	0.00527	0.00159	0.00306	0.03969	0.00423	0.00477
12	0.01155	0.01847	0.49394	0.01171	0.01692	0.03786	0.03407	0.17076	0.01221	0.06928	0.02858	0.01148	0.00780	0.02251	0.03159	0.00166	0.00627	0.00384	0.00281	0.00668
13	0.14761	0.03234	0.05093	0.15014	0.12836	0.02992	0.03039	0.12109	0.02184	0.13796	0.04587	0.01237	0.00897	0.00500	0.00449	0.00140	0.02737	0.00401	0.03378	0.00618
14	0.05991	0.04382	0.10987	0.12247	0.10900	0.09690	0.03568	0.06981	0.08412	0.04709	0.05535	0.01239	0.00943	0.00481	0.00421	0.00130	0.00513	0.00395	0.02648	0.09826
15	0.11636	0.08695	0.21377	0.01180	0.09073	0.08356	0.02562	0.15231	0.06748	0.03834	0.02384	0.03257	0.00819	0.00495	0.00412	0.00135	0.00532	0.00384	0.00298	0.02592

[dist]
# distance from previous block
# <min> <max>
0	8

[block]
# block no. 6 follows, 57 sequences, length 20
# corresponding to MSA columns:
# 1702-1721
name=unknown_G
#
# <colnr> <probs for GDERKNQSTAVLIFYWHMCP>
#	G	D	E	R	K	N	Q	S	T	A	V	L	I	F	Y	W	H	M	C	P
0	0.07176	0.01348	0.11816	0.06648	0.20170	0.12500	0.04987	0.13181	0.02765	0.04519	0.00929	0.02765	0.00735	0.00465	0.00428	0.00131	0.00559	0.00386	0.00283	0.08209
1	0.04067	0.16161	0.17172	0.01042	0.07040	0.03432	0.00928	0.08517	0.02124	0.07208	0.01170	0.05841	0.02962	0.02546	0.00504	0.00140	0.03807	0.05194	0.00295	0.09848
2	0.00791	0.00544	0.00681	0.00644	0.00728	0.00595	0.00483	0.00959	0.06487	0.02643	0.09726	0.02182	0.11425	0.08305	0.11228	0.15156	0.09743	0.00557	0.16724	0.00399
3	0.02302	0.01106	0.07439	0.01026	0.05992	0.08963	0.00806	0.07452	0.31298	0.01638	0.01412	0.01518	0.03211	0.02490	0.09060	0.00211	0.05586	0.00456	0.07425	0.00608
4	0.00665	0.00465	0.00566	0.00562	0.00577	0.00492	0.00353	0.00699	0.00678	0.00923	0.01391	0.04879	0.01559	0.65056	0.16053	0.00474	0.03393	0.00637	0.00270	0.00307
5	0.03141	0.15406	0.07217	0.01018	0.01345	0.16367	0.03846	0.13041	0.30667	0.01699	0.01183	0.01188	0.00908	0.00513	0.00418	0.00134	0.00523	0.00393	0.00340	0.00654
6	0.01062	0.01366	0.29496	0.01371	0.17821	0.02547	0.02738	0.01373	0.01026	0.11899	0.03799	0.09802	0.03833	0.00596	0.00472	0.00142	0.01574	0.01944	0.00299	0.06841
7	0.02521	0.12270	0.14068	0.01363	0.14106	0.16402	0.04314	0.17072	0.02887	0.05047	0.00909	0.02185	0.00718	0.00485	0.00462	0.00133	0.03752	0.00372	0.00284	0.00648
8	0.01192	0.79189	0.07366	0.00808	0.01213	0.01746	0.00832	0.01362	0.00923	0.01089	0.00641	0.00741	0.00581	0.00390	0.00300	0.00100	0.00496	0.00248	0.00194	0.00587
9	0.00751	0.00496	0.00603	0.00563	0.00701	0.00453	0.00426	0.00964	0.03326	0.07844	0.47659	0.04871	0.21601	0.00922	0.00512	0.00143	0.00235	0.00795	0.06684	0.00450
10	0.02466	0.00943	0.09529	0.01086	0.12722	0.00828	0.00804	0.14005	0.09893	0.01719	0.13262	0.09405	0.14273	0.02062	0.00521	0.00155	0.00396	0.04978	0.00384	0.00569
11	0.06062	0.04746	0.05387	0.01007	0.04916	0.01058	0.01922	0.28165	0.07296	0.31510	0.01336	0.01271	0.00914	0.00527	0.00436	0.00137	0.00449	0.00416	0.01714	0.00729
12	0.00587	0.00438	0.00546	0.00569	0.00656	0.00397	0.00408	0.00732	0.01082	0.01457	0.36899	0.32347	0.19922	0.01149	0.00550	0.00160	0.00235	0.01016	0.00454	0.00397
13	0.00931	0.00810	0.01318	0.39865	0.22882	0.00902	0.02488	0.01212	0.02165	0.03341	0.03635	0.01482	0.04505	0.00630	0.04131	0.00168	0.00544	0.00452	0.07988	0.00552
14	0.01393	0.35660	0.04032	0.01020	0.01340	0.34177	0.05028	0.06225	0.01144	0.01224	0.00767	0.03074	0.00674	0.00511	0.01835	0.00125	0.00647	0.00323	0.00234	0.00565
15	0.01429	0.00946	0.01047	0.00854	0.01132	0.03535	0.00689	0.34039	0.06426	0.18387	0.14895	0.03466	0.07892	0.00694	0.00479	0.00142	0.00402	0.02417	0.00472	0.00656
16	0.00934	0.00448	0.00469	0.00451	0.00575	0.00441	0.00343	0.01142	0.00976	0.07663	0.01501	0.01678	0.01158	0.00530	0.00327	0.00108	0.00224	0.00425	0.80156	0.00448
17	0.00634	0.00493	0.00597	0.00674	0.03206	0.01823	0.00445	0.00784	0.04535	0.01242	0.10316	0.47076	0.14189	0.10893	0.00757	0.00201	0.00296	0.01040	0.00404	0.00395
18	0.01090	0.00914	0.01456	0.23834	0.38260	0.00966	0.01139	0.06835	0.01127	0.06984	0.11726	0.01476	0.01198	0.00508	0.00462	0.00141	0.00499	0.00463	0.00294	0.00628
19	0.47756	0.04106	0.00974	0.00783	0.01081	0.13186	0.00636	0.18001	0.01154	0.01995	0.00822	0.00901	0.02125	0.00463	0.00344	0.00131	0.00453	0.00301	0.00309	0.04479

[dist]
# distance from previous block
# <min> <max>
0	4

[block]
# block no. 7 follows, 57 sequences, length 20
# corresponding to MSA columns:
# 1726-1745
name=unknown_H
#
# <colnr> <probs for GDERKNQSTAVLIFYWHMCP>
#	G	D	E	R	K	N	Q	S	T	A	V	L	I	F	Y	W	H	M	C	P
0	0.15951	0.06130	0.01051	0.00765	0.01091	0.02973	0.00623	0.14563	0.07169	0.03667	0.02644	0.03654	0.00869	0.00477	0.00392	0.00111	0.02039	0.00359	0.01847	0.33626
1	0.01291	0.20660	0.27035	0.01054	0.01491	0.07607	0.01086	0.26108	0.01343	0.01776	0.02395	0.00995	0.00720	0.00480	0.00431	0.00129	0.02638	0.00346	0.01758	0.00657
2	0.00643	0.00464	0.00606	0.00606	0.00659	0.00497	0.00424	0.00732	0.00724	0.00992	0.01584	0.02499	0.07960	0.37617	0.41417	0.00557	0.00802	0.00598	0.00271	0.00347
3	0.00913	0.00863	0.01479	0.63381	0.09936	0.01013	0.07703	0.03654	0.00968	0.01264	0.00892	0.04320	0.00717	0.00482	0.00464	0.00150	0.00595	0.00447	0.00222	0.00535
4	0.80114	0.00842	0.00661	0.00594	0.00860	0.00968	0.00486	0.01293	0.00813	0.02015	0.07276	0.00955	0.00804	0.00462	0.00301	0.00140	0.00339	0.00293	0.00298	0.00486
5	0.00638	0.00481	0.00587	0.00557	0.00676	0.00445	0.00415	0.00864	0.04201	0.01661	0.59059	0.03510	0.20199	0.03997	0.00597	0.00156	0.00231	0.00831	0.00473	0.00423
6	0.01211	0.84348	0.02374	0.00775	0.01163	0.01793	0.00775	0.01357	0.00921	0.01066	0.00630	0.00727	0.00582	0.00388	0.00291	0.00097	0.00485	0.00242	0.00194	0.00582
7	0.00578	0.00456	0.00506	0.00505	0.00625	0.00401	0.00369	0.00705	0.01048	0.01331	0.22389	0.07690	0.49676	0.09310	0.00714	0.00181	0.00252	0.02457	0.00425	0.00383
8	0.00552	0.00394	0.00526	0.00631	0.00657	0.00368	0.00421	0.00631	0.00868	0.01157	0.02498	0.83779	0.02997	0.01420	0.00578	0.00184	0.00263	0.01288	0.00421	0.00368
9	0.00588	0.00439	0.00555	0.00610	0.00688	0.00398	0.00436	0.00705	0.00965	0.01281	0.13074	0.51116	0.16161	0.01257	0.00560	0.00171	0.00265	0.06766	0.00425	0.03539
10	0.01242	0.01031	0.01090	0.00945	0.01222	0.01181	0.00745	0.17383	0.65267	0.02081	0.01698	0.01574	0.01265	0.00601	0.00460	0.00150	0.00386	0.00492	0.00460	0.00728
11	0.01586	0.01181	0.01281	0.01007	0.01338	0.01314	0.00825	0.67011	0.08293	0.02630	0.01159	0.01193	0.00850	0.00786	0.07219	0.00186	0.00547	0.00423	0.00437	0.00736
12	0.01020	0.01058	0.04404	0.01390	0.01778	0.00941	0.44195	0.06527	0.01088	0.01531	0.01098	0.08461	0.00953	0.00502	0.00484	0.00136	0.00584	0.02426	0.03538	0.17887
13	0.00827	0.00431	0.00623	0.00610	0.00625	0.00437	0.00414	0.03974	0.00656	0.00876	0.00800	0.01365	0.00786	0.01530	0.01715	0.83111	0.00398	0.00394	0.00208	0.00221
14	0.00986	0.00804	0.00944	0.00677	0.01077	0.00607	0.00542	0.01186	0.00955	0.04883	0.00847	0.00965	0.00690	0.00345	0.00341	0.00070	0.00338	0.00276	0.00281	0.83184
15	0.01232	0.03820	0.09086	0.01179	0.10952	0.05049	0.04457	0.12750	0.02806	0.15101	0.01252	0.04894	0.02304	0.03196	0.15862	0.00260	0.04387	0.00472	0.00331	0.00610
16	0.44079	0.19324	0.01201	0.00799	0.02646	0.13931	0.00654	0.02701	0.00925	0.04222	0.00713	0.00847	0.00587	0.01879	0.01640	0.00142	0.02640	0.00279	0.00262	0.00530
17	0.00580	0.00461	0.00524	0.00532	0.00660	0.00405	0.00405	0.00725	0.01084	0.01377	0.23076	0.09657	0.49733	0.01121	0.00546	0.00158	0.00245	0.07874	0.00440	0.00396
18	0.02381	0.04703	0.06952	0.02407	0.05082	0.07482	0.10186	0.06689	0.30815	0.03208	0.03818	0.01652	0.03249	0.00585	0.00477	0.00146	0.01942	0.04086	0.03507	0.00632
19	0.01293	0.06201	0.19040	0.04074	0.08016	0.25155	0.08731	0.10413	0.02414	0.02759	0.00912	0.02617	0.00741	0.00491	0.00451	0.00134	0.01658	0.02277	0.00262	0.02362

[dist]
# distance from previous block
# <min> <max>
1	12

[block]
# block no. 8 follows, 57 sequences, length 38
# corresponding to MSA columns:
# 1762-1799
name=unknown_I
#
# <colnr> <probs for GDERKNQSTAVLIFYWHMCP>
#	G	D	E	R	K	N	Q	S	T	A	V	L	I	F	Y	W	H	M	C	P
0	0.02904	0.05445	0.06836	0.02474	0.10209	0.04069	0.03126	0.01247	0.03797	0.07331	0.03646	0.03667	0.02841	0.04340	0.15670	0.00257	0.09690	0.00453	0.02064	0.09934
1	0.03261	0.05212	0.07052	0.05277	0.09749	0.21766	0.09141	0.07811	0.05363	0.08072	0.02615	0.01230	0.00852	0.04580	0.00564	0.00150	0.03613	0.00405	0.02691	0.00597
2	0.35113	0.00846	0.00891	0.00780	0.02648	0.00897	0.02597	0.10656	0.07786	0.09948	0.05115	0.09840	0.01152	0.00590	0.00393	0.00139	0.00366	0.00463	0.02314	0.07465
3	0.01650	0.01210	0.01294	0.01003	0.01347	0.01339	0.00825	0.72298	0.05075	0.02753	0.01139	0.01145	0.00816	0.00546	0.00446	0.00135	0.00477	0.00413	0.05343	0.00749
4	0.01103	0.20066	0.06232	0.11959	0.39437	0.01195	0.01156	0.02684	0.00982	0.03140	0.00828	0.01099	0.00701	0.02848	0.00524	0.02611	0.02213	0.00371	0.00224	0.00627
5	0.00608	0.00425	0.00558	0.00637	0.00678	0.00408	0.00439	0.00692	0.00877	0.02530	0.02455	0.68342	0.06704	0.02656	0.00646	0.02139	0.02389	0.03566	0.02875	0.00377
6	0.00612	0.00484	0.00555	0.00550	0.00684	0.00424	0.00403	0.02396	0.01057	0.01374	0.18502	0.23468	0.39846	0.01104	0.00531	0.00152	0.00248	0.00954	0.00426	0.06229
7	0.08649	0.01098	0.01218	0.00941	0.01293	0.01167	0.00777	0.51753	0.01788	0.24836	0.01247	0.01187	0.00847	0.00539	0.00440	0.00138	0.00455	0.00408	0.00470	0.00748
8	0.00770	0.00520	0.02536	0.00681	0.00714	0.00528	0.02199	0.00702	0.00651	0.00892	0.00978	0.04227	0.01014	0.15756	0.09230	0.50513	0.07112	0.00478	0.00222	0.00278
9	0.00552	0.00394	0.00526	0.00631	0.00657	0.00368	0.00421	0.00631	0.00868	0.01157	0.02498	0.83779	0.02997	0.01420	0.00578	0.00184	0.00263	0.01288	0.00421	0.00368
10	0.01484	0.03143	0.00941	0.00732	0.01005	0.00757	0.00595	0.14453	0.05177	0.36150	0.04389	0.01836	0.09600	0.00623	0.00435	0.00134	0.00350	0.00502	0.17050	0.00644
11	0.01095	0.04141	0.01010	0.08111	0.05615	0.08806	0.00734	0.01449	0.13631	0.13422	0.06270	0.06570	0.11406	0.00846	0.02349	0.00167	0.00445	0.12989	0.00390	0.00553
12	0.02884	0.06971	0.12764	0.01622	0.17002	0.03616	0.20229	0.01393	0.00956	0.06012	0.00828	0.01071	0.00666	0.00510	0.00713	0.00154	0.21352	0.00410	0.00233	0.00613
13	0.00566	0.00441	0.00515	0.00537	0.00641	0.00389	0.00387	0.00695	0.01046	0.01350	0.22740	0.27516	0.39211	0.01173	0.00548	0.00160	0.00235	0.01020	0.00440	0.00389
14	0.01092	0.01046	0.01786	0.11709	0.72552	0.01069	0.01376	0.01365	0.01018	0.01444	0.00847	0.01131	0.00705	0.00409	0.00449	0.00136	0.00546	0.00404	0.00222	0.00694
15	0.00940	0.00805	0.00940	0.00671	0.01074	0.00604	0.00537	0.01141	0.00940	0.01477	0.00805	0.00940	0.00671	0.00336	0.00336	0.00067	0.00336	0.00268	0.00268	0.86845
16	0.00873	0.00839	0.01464	0.76504	0.03061	0.01018	0.07522	0.01181	0.00919	0.01181	0.00814	0.01209	0.00611	0.00447	0.00460	0.00151	0.00617	0.00413	0.00204	0.00512
17	0.00647	0.00485	0.00728	0.00728	0.00809	0.00566	0.00566	0.00809	0.00728	0.01052	0.01214	0.01780	0.01133	0.03398	0.82279	0.00728	0.01214	0.00485	0.00243	0.00405
18	0.00957	0.00942	0.01314	0.01138	0.01148	0.01299	0.00946	0.01062	0.00729	0.01120	0.02814	0.02852	0.02418	0.00829	0.01402	0.00196	0.75533	0.02593	0.00221	0.00487
19	0.00662	0.00456	0.00529	0.00516	0.00589	0.00427	0.00345	0.00757	0.00938	0.02986	0.24525	0.05080	0.18697	0.37512	0.01306	0.00275	0.00321	0.00768	0.02955	0.00357
20	0.01266	0.00786	0.00873	0.00723	0.00944	0.00833	0.00580	0.29962	0.01445	0.09969	0.09685	0.01614	0.01326	0.00586	0.00435	0.00126	0.02571	0.00461	0.35228	0.00587
21	0.49643	0.00851	0.00818	0.00679	0.00990	0.00891	0.00555	0.01590	0.07281	0.19878	0.01012	0.01021	0.00728	0.00456	0.00342	0.00132	0.00357	0.00317	0.00356	0.12101
22	0.00764	0.00536	0.00682	0.00698	0.00800	0.00526	0.02220	0.09567	0.01056	0.03187	0.02348	0.51800	0.08005	0.01175	0.00541	0.00171	0.00310	0.07864	0.07312	0.00437
23	0.01166	0.01964	0.42641	0.01314	0.07895	0.20505	0.02190	0.04798	0.01095	0.02635	0.01990	0.00989	0.00667	0.00452	0.00446	0.00132	0.02336	0.00341	0.00231	0.06214
24	0.34244	0.16779	0.07656	0.02048	0.10956	0.12399	0.00838	0.03643	0.00966	0.03391	0.00722	0.00851	0.00581	0.00437	0.00378	0.00130	0.02867	0.00293	0.00252	0.00569
25	0.00861	0.05247	0.05515	0.01342	0.26948	0.00786	0.00829	0.02477	0.05378	0.01453	0.14732	0.06041	0.21767	0.00799	0.01353	0.02551	0.00393	0.00644	0.00340	0.00544
26	0.00870	0.00714	0.00955	0.00861	0.00936	0.00881	0.00677	0.09581	0.00862	0.01234	0.01052	0.01664	0.01018	0.15519	0.36254	0.00459	0.25276	0.00479	0.00258	0.00451
27	0.00670	0.00486	0.00683	0.00708	0.02879	0.00540	0.00499	0.00790	0.00724	0.01035	0.01272	0.02092	0.01267	0.25838	0.55091	0.00612	0.00947	0.00530	0.02959	0.00377
28	0.00917	0.03696	0.78764	0.01296	0.01956	0.01067	0.03268	0.01434	0.00958	0.01429	0.00812	0.00958	0.00576	0.00429	0.00430	0.00143	0.00669	0.00337	0.00192	0.00667
29	0.00923	0.00831	0.01290	0.55675	0.08977	0.00933	0.01091	0.03939	0.00967	0.01320	0.00842	0.01164	0.00651	0.00433	0.00427	0.00132	0.00532	0.00379	0.03179	0.16314
30	0.01267	0.00875	0.01176	0.00867	0.01249	0.00747	0.08889	0.09194	0.01150	0.19747	0.01118	0.03595	0.00854	0.00445	0.00403	0.00103	0.00406	0.00383	0.00353	0.47178
31	0.00933	0.00797	0.00933	0.00676	0.01070	0.00602	0.00543	0.01135	0.00943	0.01473	0.00854	0.01067	0.00730	0.00363	0.00344	0.00071	0.00338	0.02641	0.00273	0.84214
32	0.00653	0.00465	0.00622	0.00622	0.00666	0.00509	0.00434	0.00741	0.00697	0.00973	0.01311	0.02318	0.01366	0.39998	0.45999	0.00597	0.00862	0.00564	0.00257	0.00346
33	0.00884	0.00828	0.01365	0.69772	0.09419	0.00980	0.01212	0.01176	0.00919	0.01210	0.00809	0.01179	0.00619	0.00440	0.00443	0.00143	0.00577	0.00392	0.00209	0.07424
34	0.01347	0.01475	0.01052	0.00967	0.01142	0.46229	0.00734	0.03122	0.01143	0.04302	0.01223	0.06737	0.04520	0.04839	0.00612	0.00150	0.07227	0.04376	0.08308	0.00494
35	0.00963	0.02829	0.03899	0.01109	0.06117	0.03810	0.17597	0.01182	0.00973	0.03123	0.05772	0.08701	0.01173	0.07213	0.00641	0.00147	0.04604	0.00501	0.00282	0.29363
36	0.05787	0.09279	0.01314	0.01014	0.05290	0.10741	0.00788	0.32028	0.06099	0.10950	0.03348	0.01212	0.02384	0.00525	0.00431	0.00129	0.01417	0.00395	0.01263	0.05605
37	0.00987	0.24034	0.10608	0.03523	0.05127	0.01051	0.10538	0.03445	0.02121	0.04331	0.04820	0.15335	0.05288	0.04168	0.00523	0.00151	0.00475	0.01680	0.00295	0.01501

[dist]
# distance from previous block
# <min> <max>
2	6

[block]
# block no. 9 follows, 57 sequences, length 28
# corresponding to MSA columns:
# 1809-1824,1827-1838
name=unknown_J
#
# <colnr> <probs for GDERKNQSTAVLIFYWHMCP>
#	G	D	E	R	K	N	Q	S	T	A	V	L	I	F	Y	W	H	M	C	P
0	0.04612	0.00642	0.02306	0.06347	0.02268	0.03205	0.00579	0.02975	0.04340	0.01338	0.07162	0.18892	0.19853	0.09977	0.00719	0.00196	0.00365	0.13418	0.00376	0.00430
1	0.00997	0.06199	0.55059	0.01220	0.01763	0.05623	0.07061	0.06241	0.01054	0.01465	0.01069	0.04926	0.04316	0.00512	0.00443	0.00142	0.00626	0.00418	0.00234	0.00632
2	0.03276	0.00661	0.00776	0.00723	0.00849	0.00722	0.00557	0.08578	0.05742	0.01453	0.04512	0.23525	0.23825	0.00988	0.00675	0.00162	0.14624	0.00797	0.05248	0.02306
3	0.01407	0.00675	0.00834	0.00694	0.00928	0.02714	0.00554	0.04105	0.01231	0.39958	0.20333	0.01981	0.01848	0.00769	0.04211	0.00161	0.00366	0.00531	0.16096	0.00604
4	0.01188	0.01003	0.01059	0.00934	0.01201	0.01155	0.00732	0.10279	0.72460	0.01993	0.01767	0.01629	0.01321	0.00608	0.00460	0.00152	0.00373	0.00502	0.00460	0.00723
5	0.00856	0.00805	0.01359	0.82986	0.03121	0.01007	0.01258	0.01158	0.00906	0.01158	0.00805	0.01208	0.00604	0.00453	0.00453	0.00151	0.00604	0.00403	0.00201	0.00503
6	0.00658	0.00440	0.00498	0.00496	0.00500	0.00439	0.00279	0.00665	0.00677	0.00906	0.03784	0.02978	0.01725	0.81613	0.02254	0.00431	0.00433	0.00664	0.00281	0.00279
7	0.00553	0.00453	0.00488	0.00494	0.00627	0.00388	0.00365	0.00679	0.01053	0.01306	0.15870	0.12717	0.61146	0.01143	0.00540	0.00155	0.00231	0.00971	0.00433	0.00388
8	0.28156	0.00869	0.00974	0.00773	0.01104	0.00872	0.00638	0.12222	0.01246	0.46712	0.01340	0.01235	0.00881	0.00516	0.00402	0.00140	0.00390	0.00385	0.00461	0.00685
9	0.00555	0.00397	0.00528	0.00629	0.00658	0.00370	0.00421	0.00638	0.00881	0.01178	0.05048	0.81168	0.03039	0.01404	0.00577	0.00183	0.00261	0.01273	0.00423	0.00370
10	0.04789	0.03287	0.01090	0.00808	0.01157	0.00740	0.00671	0.05165	0.01301	0.73499	0.01688	0.01474	0.01071	0.00550	0.00445	0.00139	0.00392	0.00441	0.00537	0.00756
11	0.05075	0.07296	0.06898	0.17622	0.11401	0.05632	0.00960	0.12405	0.03271	0.07643	0.00927	0.01072	0.00704	0.00443	0.00407	0.00123	0.00504	0.00355	0.00290	0.16974
12	0.00644	0.00482	0.00645	0.00608	0.00718	0.00445	0.02600	0.00834	0.01187	0.01646	0.59810	0.07541	0.10901	0.05601	0.00640	0.00165	0.00255	0.04398	0.00464	0.00416
13	0.56369	0.04762	0.00891	0.00811	0.06151	0.05839	0.00610	0.02651	0.00913	0.07188	0.02622	0.02966	0.01883	0.00515	0.00346	0.00141	0.00398	0.04110	0.00308	0.00526
14	0.01693	0.02160	0.01284	0.01167	0.01401	0.82256	0.00876	0.01809	0.01284	0.01109	0.00700	0.00817	0.00584	0.00467	0.00409	0.00117	0.00817	0.00292	0.00233	0.00525
15	0.01286	0.02960	0.10384	0.01113	0.09597	0.04032	0.02962	0.10923	0.12145	0.15715	0.02357	0.03047	0.01945	0.00505	0.00428	0.00125	0.00455	0.00419	0.00359	0.19243
16	0.02911	0.07346	0.22113	0.01344	0.09624	0.10173	0.11843	0.07768	0.09032	0.06209	0.02342	0.03546	0.00864	0.00502	0.00467	0.00140	0.02421	0.00424	0.00287	0.00643
17	0.01122	0.01077	0.01839	0.02781	0.81248	0.01077	0.01391	0.01391	0.01032	0.01480	0.00852	0.01122	0.00718	0.00404	0.00449	0.00135	0.00538	0.00404	0.00224	0.00718
18	0.01119	0.06070	0.20524	0.09027	0.23205	0.01117	0.13037	0.08817	0.01105	0.04783	0.00945	0.02342	0.00752	0.00474	0.00486	0.00143	0.03056	0.02089	0.00255	0.00653
19	0.01113	0.01068	0.01825	0.05235	0.78858	0.01075	0.01387	0.01384	0.01028	0.01471	0.00851	0.01124	0.00714	0.00405	0.00449	0.00135	0.00540	0.00404	0.00224	0.00711
20	0.00835	0.00530	0.00679	0.00657	0.00699	0.03501	0.00464	0.04341	0.00728	0.00977	0.00935	0.01532	0.00909	0.07781	0.15944	0.54129	0.02128	0.00427	0.02516	0.00289
21	0.00557	0.00437	0.00506	0.00549	0.00648	0.00386	0.00396	0.00669	0.00985	0.01241	0.08491	0.35093	0.42478	0.01244	0.00556	0.00167	0.00250	0.04540	0.00425	0.00381
22	0.00644	0.00478	0.00704	0.00709	0.00782	0.00549	0.00541	0.00791	0.00730	0.01045	0.01285	0.05535	0.01250	0.08595	0.73377	0.00685	0.01120	0.00533	0.00253	0.00394
23	0.02033	0.00771	0.01052	0.00806	0.01157	0.00666	0.00666	0.02208	0.01297	0.81562	0.01788	0.01542	0.01122	0.00561	0.00456	0.00140	0.00386	0.00456	0.00561	0.00771
24	0.00629	0.00413	0.00530	0.00606	0.00653	0.00386	0.00410	0.00720	0.00886	0.03785	0.02422	0.67505	0.05753	0.04945	0.00627	0.00186	0.00269	0.01147	0.07746	0.00382
25	0.06577	0.01511	0.01326	0.04887	0.03388	0.29526	0.03214	0.37554	0.02922	0.02012	0.02269	0.01032	0.00747	0.00505	0.00431	0.00131	0.00608	0.00370	0.00344	0.00644
26	0.00564	0.00416	0.00528	0.00593	0.00653	0.00380	0.00409	0.00671	0.00962	0.01276	0.15715	0.57815	0.15764	0.01295	0.00564	0.00172	0.00249	0.01158	0.00433	0.00380
27	0.01105	0.01058	0.05523	0.01190	0.07009	0.02120	0.12809	0.04438	0.43795	0.03929	0.03700	0.03109	0.04047	0.00595	0.00476	0.00150	0.00451	0.01783	0.00389	0.02324

[dist]
# distance from previous block
# <min> <max>
0	1

[block]
# block no. 10 follows, 57 sequences, length 15
# corresponding to MSA columns:
# 1840-1854
name=unknown_K
#
# <colnr> <probs for GDERKNQSTAVLIFYWHMCP>
#	G	D	E	R	K	N	Q	S	T	A	V	L	I	F	Y	W	H	M	C	P
0	0.00940	0.00805	0.00940	0.00671	0.01074	0.00604	0.00537	0.01141	0.00940	0.01477	0.00805	0.00940	0.00671	0.00336	0.00336	0.00067	0.00336	0.00268	0.00268	0.86845
1	0.00623	0.00500	0.00565	0.00567	0.00680	0.02705	0.00420	0.00777	0.01121	0.01469	0.36956	0.16819	0.30438	0.01081	0.00541	0.00154	0.00251	0.03478	0.00449	0.00405
2	0.01211	0.43473	0.11349	0.00895	0.01257	0.05660	0.00877	0.10301	0.03084	0.03942	0.04538	0.01366	0.00987	0.00534	0.00402	0.00124	0.01830	0.07297	0.00277	0.00597
3	0.00993	0.04832	0.11103	0.16565	0.35140	0.01036	0.01203	0.01362	0.07432	0.01423	0.05606	0.01443	0.01013	0.00583	0.02522	0.00159	0.03267	0.03436	0.00257	0.00624
4	0.00915	0.00675	0.00825	0.00829	0.00991	0.00706	0.00692	0.11535	0.12134	0.02963	0.02279	0.07472	0.07837	0.02990	0.00608	0.00191	0.00399	0.45029	0.00428	0.00503
5	0.00973	0.00960	0.01367	0.44935	0.21397	0.09109	0.01145	0.01232	0.01006	0.01289	0.08053	0.04541	0.01051	0.00522	0.00460	0.00144	0.00562	0.00463	0.00245	0.00545
6	0.00759	0.00617	0.04412	0.00852	0.07534	0.00529	0.00610	0.00949	0.02862	0.06397	0.13079	0.32930	0.13094	0.01129	0.02572	0.00179	0.00344	0.08991	0.00407	0.01755
7	0.01223	0.01091	0.08374	0.01085	0.06354	0.01053	0.03116	0.26215	0.20101	0.04884	0.02535	0.06823	0.04795	0.00677	0.00504	0.00151	0.02638	0.05737	0.01987	0.00657
8	0.01068	0.44987	0.26089	0.00934	0.01383	0.01392	0.01020	0.01360	0.03031	0.01240	0.00786	0.03233	0.00678	0.00444	0.00386	0.00115	0.03000	0.00314	0.00213	0.08327
9	0.00556	0.00399	0.00522	0.00618	0.00648	0.00372	0.00411	0.00633	0.00864	0.01147	0.02526	0.77154	0.05831	0.05173	0.00655	0.00195	0.00270	0.01247	0.00414	0.00364
10	0.00831	0.00567	0.00746	0.00700	0.00856	0.00529	0.02588	0.04516	0.01039	0.08226	0.10258	0.20623	0.14578	0.02423	0.07025	0.04094	0.00398	0.11425	0.00397	0.08179
11	0.00967	0.01045	0.04257	0.08853	0.02035	0.00986	0.49003	0.01351	0.05155	0.01430	0.02926	0.04421	0.01181	0.00591	0.00537	0.00163	0.00641	0.13613	0.00281	0.00565
12	0.08535	0.01189	0.11190	0.08462	0.43120	0.01063	0.04507	0.07855	0.01101	0.07366	0.00914	0.01108	0.00704	0.00434	0.00437	0.00139	0.00538	0.00391	0.00266	0.00679
13	0.01179	0.08461	0.01170	0.00918	0.01194	0.01207	0.00733	0.08066	0.67487	0.01893	0.01679	0.01559	0.01266	0.00589	0.00445	0.00147	0.00380	0.00480	0.00437	0.00709
14	0.01092	0.00935	0.00996	0.00905	0.01149	0.01075	0.00707	0.02287	0.74077	0.01870	0.04826	0.01900	0.01544	0.00654	0.00471	0.00156	0.00356	0.03846	0.00461	0.00694

[dist]
# distance from previous block
# <min> <max>
0	2

[block]
# block no. 11 follows, 57 sequences, length 14
# corresponding to MSA columns:
# 1857-1870
name=unknown_L
#
# <colnr> <probs for GDERKNQSTAVLIFYWHMCP>
#	G	D	E	R	K	N	Q	S	T	A	V	L	I	F	Y	W	H	M	C	P
0	0.00968	0.00813	0.00868	0.00797	0.01014	0.00894	0.00619	0.05707	0.49398	0.01742	0.05678	0.05476	0.19307	0.00798	0.00491	0.00156	0.00330	0.03885	0.00450	0.00608
1	0.01052	0.07995	0.14962	0.01142	0.12020	0.05277	0.02326	0.04254	0.02144	0.03675	0.01060	0.05605	0.02651	0.00496	0.00419	0.00115	0.01444	0.02313	0.00273	0.30778
2	0.01141	0.00763	0.00759	0.00661	0.00847	0.04817	0.00514	0.22431	0.03390	0.04019	0.01436	0.04085	0.02547	0.04053	0.00461	0.00134	0.00339	0.00461	0.46611	0.00530
