[name]
unknown

[dist]
# distance from previous block
# <min> <max>
0	481

[block]
# block no. 0 follows, 50 sequences, length 11
# corresponding to MSA columns:
# 501-511
name=unknown_A
#
# <colnr> <probs for GDERKNQSTAVLIFYWHMCP>
#	G	D	E	R	K	N	Q	S	T	A	V	L	I	F	Y	W	H	M	C	P
0	0.06770	0.11135	0.31643	0.01294	0.05420	0.09280	0.05460	0.04467	0.03049	0.10628	0.01117	0.02953	0.00876	0.00548	0.00466	0.00152	0.00636	0.03105	0.00305	0.00697
1	0.00759	0.00540	0.00698	0.00690	0.00753	0.00577	0.00482	0.04134	0.00889	0.01228	0.06529	0.09379	0.01857	0.35564	0.33143	0.00550	0.00792	0.00707	0.00326	0.00402
2	0.01264	0.01155	0.05419	0.09977	0.16279	0.02565	0.09759	0.16065	0.11919	0.04624	0.01505	0.09999	0.03550	0.00664	0.00520	0.00161	0.00547	0.00595	0.02737	0.00697
3	0.01217	0.15380	0.25354	0.06686	0.15592	0.14388	0.01289	0.01580	0.03897	0.01475	0.05569	0.03413	0.01010	0.00538	0.00461	0.00145	0.00645	0.00429	0.00263	0.00669
4	0.06671	0.00883	0.04224	0.00865	0.01102	0.00880	0.00714	0.09801	0.11411	0.13296	0.07979	0.07668	0.13483	0.01252	0.11718	0.00256	0.06085	0.00660	0.00437	0.00615
5	0.00629	0.00454	0.00587	0.00663	0.00714	0.00421	0.00450	0.00739	0.01032	0.01385	0.15879	0.59649	0.08374	0.05655	0.00724	0.00207	0.00288	0.01269	0.00469	0.00412
6	0.01272	0.01563	0.16736	0.05463	0.14355	0.12491	0.15033	0.09729	0.02805	0.03486	0.01316	0.04455	0.05600	0.00663	0.02675	0.00173	0.00688	0.00518	0.00303	0.00678
7	0.01245	0.06834	0.20160	0.06636	0.18132	0.07903	0.12882	0.01685	0.07766	0.06362	0.01146	0.05007	0.00924	0.00538	0.00497	0.00155	0.00649	0.00485	0.00291	0.00703
8	0.04545	0.00912	0.01102	0.00901	0.01187	0.04148	0.03373	0.10848	0.04219	0.30623	0.03442	0.01629	0.01190	0.00968	0.09811	0.00222	0.03267	0.00484	0.13536	0.03593
9	0.03819	0.00730	0.03653	0.00706	0.00824	0.03363	0.00511	0.03792	0.05758	0.01299	0.01799	0.11989	0.05582	0.42007	0.06175	0.00362	0.00510	0.02827	0.00346	0.03947
10	0.01248	0.01174	0.07005	0.01764	0.28479	0.03824	0.06851	0.06566	0.12226	0.07823	0.01550	0.07096	0.04897	0.06474	0.00661	0.00182	0.00543	0.00582	0.00356	0.00700

[dist]
# distance from previous block
# <min> <max>
0	3

[block]
# block no. 1 follows, 50 sequences, length 7
# corresponding to MSA columns:
# 515-521
name=unknown_B
#
# <colnr> <probs for GDERKNQSTAVLIFYWHMCP>
#	G	D	E	R	K	N	Q	S	T	A	V	L	I	F	Y	W	H	M	C	P
0	0.05084	0.10700	0.09811	0.05539	0.08900	0.01088	0.03894	0.04059	0.17467	0.06030	0.09008	0.08201	0.05148	0.00697	0.00492	0.00157	0.00471	0.00591	0.02008	0.00658
1	0.03990	0.01422	0.06545	0.06917	0.11752	0.12676	0.10211	0.19502	0.05032	0.05061	0.01238	0.01373	0.04440	0.00567	0.00547	0.00153	0.04344	0.00466	0.00343	0.03423
2	0.05409	0.37685	0.01907	0.01119	0.07121	0.13453	0.00893	0.10978	0.08309	0.04442	0.01022	0.03791	0.00864	0.00532	0.00408	0.00131	0.00563	0.00385	0.00311	0.00675
3	0.00818	0.00559	0.00660	0.00628	0.00778	0.00522	0.00470	0.01068	0.06071	0.07100	0.29692	0.09134	0.26805	0.04742	0.03238	0.00197	0.00314	0.00888	0.05828	0.00488
4	0.04182	0.18250	0.18465	0.01372	0.07582	0.09041	0.10601	0.10765	0.06190	0.05431	0.02894	0.01191	0.00867	0.00506	0.00459	0.00144	0.00630	0.00414	0.00307	0.00706
5	0.05737	0.00857	0.02457	0.01007	0.08129	0.03927	0.02121	0.06281	0.07992	0.07798	0.12000	0.17177	0.16005	0.00937	0.00541	0.00165	0.00395	0.02638	0.00441	0.03396
6	0.00630	0.00460	0.00555	0.00619	0.00672	0.00426	0.00408	0.00706	0.00942	0.01219	0.02978	0.47646	0.19332	0.19774	0.01055	0.00258	0.00325	0.01182	0.00426	0.00385

[dist]
# distance from previous block
# <min> <max>
6	10

[block]
# block no. 2 follows, 50 sequences, length 21
# corresponding to MSA columns:
# 532-552
name=unknown_C
#
# <colnr> <probs for GDERKNQSTAVLIFYWHMCP>
#	G	D	E	R	K	N	Q	S	T	A	V	L	I	F	Y	W	H	M	C	P
0	0.07939	0.01176	0.04032	0.10225	0.05873	0.11523	0.00892	0.09158	0.10535	0.18617	0.06078	0.04659	0.04508	0.00650	0.00490	0.00155	0.00517	0.00525	0.00419	0.02027
1	0.01555	0.03907	0.04591	0.01096	0.01422	0.28963	0.00891	0.21921	0.14237	0.01937	0.03507	0.01471	0.05938	0.00611	0.00477	0.00141	0.00615	0.00456	0.00382	0.05883
2	0.03303	0.38653	0.32830	0.01073	0.01580	0.01481	0.01213	0.01493	0.01052	0.02915	0.06455	0.01138	0.00939	0.00508	0.00450	0.00137	0.03506	0.00363	0.00247	0.00664
3	0.09397	0.01115	0.01180	0.01078	0.05347	0.09983	0.00815	0.11409	0.08338	0.14651	0.03142	0.03868	0.12134	0.00751	0.00688	0.00166	0.14328	0.00552	0.00407	0.00650
4	0.01316	0.72462	0.10158	0.00922	0.01373	0.04287	0.00953	0.01516	0.01029	0.01214	0.00715	0.00827	0.00639	0.00434	0.00339	0.00112	0.00564	0.00278	0.00214	0.00647
5	0.01040	0.00964	0.01593	0.27546	0.39912	0.01033	0.01285	0.01348	0.02966	0.01510	0.05933	0.10214	0.01279	0.00624	0.00517	0.00161	0.00556	0.00580	0.00287	0.00653
6	0.01164	0.01116	0.01881	0.19037	0.58404	0.01192	0.01470	0.01454	0.01081	0.01526	0.00908	0.01243	0.00755	0.00485	0.00573	0.00157	0.06149	0.00443	0.00240	0.00724
7	0.01636	0.01049	0.01204	0.00977	0.01311	0.01085	0.00791	0.33101	0.11500	0.20286	0.01723	0.08886	0.02533	0.00728	0.00513	0.00156	0.00454	0.04184	0.00506	0.07377
8	0.01590	0.00829	0.01038	0.00795	0.01166	0.00695	0.00645	0.04512	0.01298	0.39802	0.04871	0.01882	0.09818	0.00622	0.00471	0.00129	0.00384	0.00508	0.00488	0.28455
9	0.00668	0.00489	0.00624	0.00686	0.00768	0.00457	0.00506	0.00810	0.01091	0.01444	0.17350	0.35855	0.15248	0.06335	0.00746	0.00211	0.00318	0.15503	0.00468	0.00424
10	0.01274	0.67288	0.12693	0.00955	0.01396	0.01838	0.00997	0.01486	0.01003	0.01228	0.00717	0.00850	0.00639	0.00460	0.00420	0.00120	0.05484	0.00290	0.00213	0.00647
11	0.01164	0.01308	0.02737	0.01986	0.02418	0.01299	0.66523	0.01539	0.01117	0.01539	0.00957	0.01308	0.00742	0.00485	0.00739	0.00175	0.12495	0.00566	0.00247	0.00654
12	0.01812	0.00801	0.01053	0.00843	0.01159	0.00727	0.00682	0.06656	0.03229	0.54068	0.18876	0.04309	0.02035	0.00731	0.00524	0.00156	0.00386	0.00612	0.00588	0.00752
13	0.00669	0.00465	0.00560	0.00607	0.00630	0.00447	0.00377	0.00718	0.00860	0.01143	0.04572	0.36027	0.06225	0.42604	0.01597	0.00342	0.00384	0.01033	0.00384	0.00355
14	0.00959	0.00904	0.01527	0.76493	0.08085	0.01112	0.01393	0.01289	0.01005	0.01295	0.00889	0.01323	0.00672	0.00495	0.00498	0.00165	0.00660	0.00443	0.00223	0.00568
15	0.01235	0.57950	0.17666	0.00950	0.01407	0.03622	0.01014	0.01483	0.01051	0.01319	0.04511	0.01031	0.00856	0.00472	0.00367	0.00120	0.00557	0.00326	0.03420	0.00643
16	0.00912	0.00765	0.01028	0.01099	0.09366	0.00828	0.02194	0.02402	0.17246	0.01647	0.16456	0.19271	0.05307	0.01214	0.07005	0.00229	0.07321	0.04718	0.00425	0.00568
17	0.00657	0.00452	0.00592	0.00681	0.00727	0.00420	0.00459	0.00750	0.00980	0.03284	0.05632	0.70161	0.06386	0.05386	0.00720	0.00212	0.00298	0.01326	0.00462	0.00414
18	0.00638	0.00462	0.00609	0.00713	0.00767	0.00433	0.00509	0.00753	0.01007	0.01327	0.04619	0.63244	0.08689	0.01500	0.00640	0.00203	0.00311	0.12697	0.00464	0.00416
19	0.01173	0.11397	0.13103	0.01347	0.14817	0.04162	0.02271	0.08592	0.09927	0.03247	0.09334	0.04683	0.05017	0.06056	0.00653	0.00174	0.02488	0.00552	0.00349	0.00658
20	0.00852	0.05758	0.01097	0.06702	0.08078	0.03458	0.05136	0.01082	0.04286	0.01401	0.08706	0.19469	0.18294	0.04383	0.08820	0.00244	0.00517	0.00834	0.00375	0.00510

[dist]
# distance from previous block
# <min> <max>
4	12

[block]
# block no. 3 follows, 50 sequences, length 127
# corresponding to MSA columns:
# 565-669,680-701
name=unknown_D
#
# <colnr> <probs for GDERKNQSTAVLIFYWHMCP>
#	G	D	E	R	K	N	Q	S	T	A	V	L	I	F	Y	W	H	M	C	P
0	0.04359	0.13961	0.14608	0.04641	0.06474	0.04091	0.12185	0.10255	0.08175	0.03362	0.01049	0.02604	0.00832	0.00527	0.00526	0.00148	0.04899	0.00434	0.00303	0.06568
1	0.01348	0.01069	0.04200	0.04475	0.07149	0.09008	0.03202	0.08163	0.08501	0.17117	0.19963	0.08768	0.02061	0.00760	0.00547	0.00159	0.01753	0.00646	0.00453	0.00657
2	0.00654	0.00464	0.00571	0.00621	0.00688	0.00429	0.00424	0.00753	0.01018	0.01360	0.13445	0.41576	0.17456	0.10367	0.00872	0.03587	0.00300	0.01123	0.03890	0.00400
3	0.13650	0.01953	0.47695	0.10227	0.07307	0.01157	0.08133	0.01527	0.01032	0.01648	0.00877	0.01084	0.00643	0.00468	0.00463	0.00158	0.00676	0.00386	0.00232	0.00685
4	0.02877	0.07486	0.06281	0.11038	0.06923	0.07587	0.06123	0.19022	0.06853	0.09659	0.03677	0.02693	0.01141	0.00621	0.00500	0.00157	0.00578	0.05706	0.00380	0.00698
5	0.00701	0.00506	0.00695	0.00727	0.00779	0.00538	0.00522	0.00808	0.00884	0.01221	0.06997	0.28399	0.02254	0.15206	0.28443	0.03915	0.03183	0.03459	0.00358	0.00405
6	0.00659	0.00527	0.00593	0.00577	0.00727	0.00472	0.00432	0.00877	0.04374	0.01617	0.32430	0.06653	0.45962	0.01157	0.00587	0.00165	0.00253	0.00987	0.00497	0.00454
7	0.01370	0.03114	0.05934	0.07215	0.12664	0.08007	0.02659	0.17634	0.28113	0.02040	0.03974	0.01496	0.01158	0.00588	0.00494	0.00155	0.00541	0.00486	0.01615	0.00742
8	0.00696	0.00490	0.00592	0.00628	0.00654	0.00487	0.00405	0.00747	0.00846	0.01120	0.02179	0.26494	0.07073	0.46555	0.01718	0.00359	0.02299	0.05937	0.00367	0.00355
9	0.01391	0.00862	0.00925	0.00773	0.01021	0.00917	0.00618	0.28567	0.06306	0.08275	0.01524	0.01611	0.01136	0.00596	0.00423	0.00134	0.00369	0.00468	0.43432	0.00650
10	0.00650	0.00523	0.00574	0.00555	0.00712	0.00458	0.00418	0.02264	0.01245	0.01584	0.28023	0.04394	0.54492	0.01174	0.00587	0.00164	0.00253	0.00994	0.00490	0.00444
11	0.02595	0.09409	0.42509	0.01276	0.04402	0.02817	0.04073	0.04255	0.01121	0.08033	0.01265	0.09909	0.02815	0.00629	0.00514	0.00158	0.02729	0.00511	0.00293	0.00686
12	0.01438	0.00789	0.00970	0.00850	0.01090	0.00769	0.00657	0.15059	0.05783	0.28970	0.02280	0.31186	0.06005	0.00996	0.00555	0.00173	0.00386	0.00859	0.00525	0.00660
13	0.01154	0.00601	0.00675	0.00609	0.00787	0.00595	0.00472	0.04205	0.06211	0.13697	0.11324	0.02042	0.01697	0.00648	0.00417	0.00132	0.00284	0.00530	0.53363	0.00558
14	0.00986	0.00946	0.01643	0.68367	0.10818	0.01125	0.06454	0.01320	0.01022	0.01330	0.00899	0.01321	0.00683	0.00488	0.00504	0.00164	0.00669	0.00453	0.00226	0.00585
15	0.01320	0.01061	0.01625	0.16273	0.34532	0.04249	0.05050	0.03033	0.02813	0.14652	0.01463	0.04347	0.06191	0.00585	0.00510	0.00156	0.00564	0.00532	0.00337	0.00706
16	0.10765	0.32949	0.31779	0.01111	0.01616	0.01482	0.03505	0.03271	0.01032	0.01510	0.00828	0.02457	0.00684	0.00496	0.00461	0.00142	0.04666	0.00350	0.00236	0.00662
17	0.00747	0.00553	0.00690	0.00746	0.00854	0.00532	0.00572	0.05911	0.01152	0.01498	0.05842	0.37762	0.17925	0.01369	0.00630	0.00198	0.00344	0.21754	0.00467	0.00455
18	0.01277	0.00764	0.00903	0.00791	0.01022	0.00773	0.00617	0.06442	0.19619	0.19919	0.20970	0.07658	0.04699	0.00807	0.00516	0.00157	0.00340	0.00684	0.11395	0.00650
19	0.01593	0.01258	0.01272	0.01063	0.01389	0.07582	0.00847	0.28909	0.37403	0.09000	0.03273	0.01576	0.01258	0.00638	0.00501	0.00157	0.00488	0.00506	0.00495	0.00791
20	0.01442	0.00884	0.01036	0.00814	0.01164	0.04028	0.00650	0.03412	0.03456	0.28339	0.09527	0.04661	0.03116	0.00619	0.00466	0.00126	0.00397	0.01705	0.00453	0.33704
21	0.01341	0.01045	0.01133	0.00973	0.01256	0.01167	0.00766	0.20738	0.43658	0.05064	0.07023	0.01985	0.04712	0.03605	0.03075	0.00193	0.00449	0.00580	0.00496	0.00742
22	0.00809	0.00603	0.00759	0.00809	0.00953	0.00588	0.00680	0.05956	0.01226	0.01573	0.05996	0.07835	0.22300	0.01290	0.00645	0.00205	0.00398	0.46438	0.00466	0.00473
23	0.01059	0.00885	0.01036	0.00741	0.01183	0.00666	0.00594	0.01280	0.01042	0.03270	0.00909	0.01048	0.00749	0.00374	0.00372	0.00076	0.00370	0.00300	0.00302	0.83746
24	0.00702	0.00509	0.00661	0.00623	0.00742	0.00469	0.00467	0.00934	0.01402	0.01979	0.76836	0.03756	0.06990	0.01026	0.00588	0.00157	0.00236	0.00906	0.00546	0.00469
25	0.00838	0.00659	0.00774	0.00762	0.00905	0.03489	0.00604	0.03729	0.06460	0.01826	0.42375	0.06362	0.08255	0.01085	0.00601	0.00177	0.00340	0.19757	0.00503	0.00500
26	0.00608	0.00438	0.00577	0.00685	0.00721	0.00407	0.00459	0.00699	0.00970	0.01288	0.04161	0.77660	0.06402	0.01540	0.00633	0.00200	0.00287	0.01393	0.00464	0.00407
27	0.00614	0.00439	0.00586	0.00702	0.00734	0.00411	0.00475	0.00706	0.00961	0.01280	0.02743	0.79410	0.03281	0.01555	0.00638	0.00203	0.00295	0.04095	0.00463	0.00407
28	0.53819	0.01013	0.00915	0.00772	0.01087	0.01134	0.00632	0.19547	0.01273	0.05216	0.06176	0.01291	0.04201	0.00570	0.00391	0.00154	0.00410	0.00395	0.00387	0.00615
29	0.01333	0.82783	0.02612	0.00853	0.01279	0.01972	0.00853	0.01493	0.01013	0.01173	0.00693	0.00800	0.00640	0.00426	0.00320	0.00107	0.00533	0.00267	0.00213	0.00640
30	0.00689	0.00561	0.00621	0.00623	0.00785	0.00516	0.00486	0.00949	0.07421	0.01521	0.15117	0.04523	0.51306	0.01196	0.00596	0.00175	0.00291	0.11682	0.00478	0.00463
31	0.00725	0.00483	0.00544	0.00544	0.00544	0.00483	0.00302	0.00725	0.00725	0.00966	0.01571	0.03262	0.01812	0.82483	0.02537	0.00483	0.00483	0.00725	0.00302	0.00302
32	0.01295	0.73656	0.11407	0.00917	0.01379	0.01880	0.00965	0.01502	0.01017	0.01219	0.00716	0.00828	0.00639	0.00432	0.00337	0.00112	0.00556	0.00278	0.00213	0.00651
33	0.01609	0.00911	0.01090	0.00901	0.01202	0.00923	0.00720	0.14611	0.19314	0.31778	0.15057	0.04926	0.01905	0.00730	0.00519	0.00158	0.00398	0.00608	0.01891	0.00748
34	0.00794	0.00626	0.02220	0.00831	0.03324	0.00596	0.00619	0.03393	0.06994	0.01681	0.28275	0.26476	0.03305	0.04137	0.00677	0.00195	0.00342	0.14542	0.00478	0.00493
35	0.01240	0.01071	0.01127	0.01014	0.01296	0.01240	0.00789	0.02649	0.78473	0.02085	0.02029	0.01860	0.01522	0.00676	0.00507	0.00169	0.00394	0.00564	0.00507	0.00789
36	0.00615	0.00439	0.00588	0.00703	0.00736	0.00412	0.00477	0.00708	0.00962	0.01281	0.02743	0.79049	0.03279	0.01554	0.00638	0.00204	0.00296	0.04447	0.00463	0.00407
37	0.01420	0.62710	0.05092	0.00975	0.01391	0.11642	0.02694	0.06617	0.01156	0.01333	0.00750	0.00860	0.00656	0.00450	0.00359	0.00115	0.00594	0.00296	0.00238	0.00650
38	0.01057	0.00936	0.01525	0.19774	0.23221	0.00998	0.08316	0.04104	0.03180	0.03338	0.14757	0.05805	0.01632	0.03463	0.00650	0.00173	0.04350	0.00600	0.01502	0.00621
39	0.01044	0.00498	0.00525	0.00502	0.00641	0.00488	0.00382	0.01273	0.01079	0.08684	0.01656	0.01844	0.01274	0.00584	0.00362	0.00119	0.00249	0.00468	0.77831	0.00498
40	0.01019	0.02445	0.71588	0.01494	0.02206	0.01169	0.10020	0.01580	0.01066	0.01580	0.00907	0.01084	0.00645	0.00468	0.00486	0.00159	0.00748	0.00392	0.00215	0.00730
41	0.01247	0.04804	0.11500	0.09080	0.20940	0.07787	0.31020	0.03209	0.01178	0.03031	0.00957	0.01226	0.00738	0.00455	0.00518	0.00155	0.00731	0.00475	0.00254	0.00696
42	0.00645	0.00476	0.00613	0.00707	0.00779	0.00444	0.00519	0.00770	0.01028	0.01332	0.03145	0.51806	0.17072	0.01468	0.00639	0.00202	0.00318	0.17154	0.00462	0.00419
43	0.00725	0.00483	0.00544	0.00544	0.00544	0.00483	0.00302	0.00725	0.00725	0.00966	0.01571	0.03262	0.01812	0.82483	0.02537	0.00483	0.00483	0.00725	0.00302	0.00302
44	0.01429	0.04626	0.06616	0.01224	0.05744	0.07500	0.04328	0.17493	0.31218	0.06478	0.01567	0.03432	0.01233	0.00649	0.00505	0.00160	0.00527	0.04091	0.00431	0.00749
45	0.00734	0.00532	0.00707	0.00698	0.00741	0.00593	0.00488	0.00824	0.00763	0.01068	0.01420	0.02547	0.01493	0.41320	0.39977	0.00625	0.04186	0.00621	0.00282	0.00381
46	0.00703	0.00509	0.00663	0.00625	0.00743	0.00469	0.00469	0.00936	0.01406	0.01987	0.77727	0.03743	0.06094	0.01024	0.00588	0.00157	0.00235	0.00904	0.00547	0.00469
47	0.01011	0.02496	0.74793	0.01466	0.02187	0.01164	0.06866	0.01580	0.01061	0.01580	0.00902	0.01072	0.00640	0.00470	0.00481	0.00159	0.00744	0.00383	0.00213	0.00732
48	0.04554	0.07991	0.16772	0.06735	0.05678	0.35043	0.04918	0.09723	0.01338	0.01567	0.00859	0.01017	0.00672	0.00497	0.00457	0.00141	0.00751	0.00365	0.00269	0.00654
49	0.10915	0.01780	0.03927	0.01122	0.01354	0.48835	0.00887	0.01654	0.01240	0.01384	0.01173	0.08574	0.01146	0.00721	0.00525	0.00155	0.03660	0.10098	0.00303	0.00548
50	0.00699	0.00504	0.00660	0.00632	0.00743	0.00466	0.00470	0.00924	0.01381	0.01951	0.74043	0.08928	0.04610	0.01055	0.00591	0.00160	0.00239	0.00936	0.00543	0.00466
51	0.01357	0.03240	0.13058	0.01144	0.03072	0.21093	0.02598	0.12138	0.08791	0.04600	0.09697	0.01806	0.09239	0.00684	0.00565	0.00154	0.05225	0.00525	0.00369	0.00647
52	0.00752	0.00583	0.00694	0.00653	0.00803	0.00562	0.00494	0.01121	0.11610	0.01875	0.53468	0.03698	0.19748	0.01024	0.00577	0.00161	0.00260	0.00888	0.00525	0.00502
53	0.00837	0.00436	0.00637	0.00646	0.00648	0.00434	0.00427	0.00658	0.00678	0.00904	0.01057	0.07837	0.01115	0.07005	0.01886	0.73367	0.00425	0.00528	0.00241	0.00237
54	0.01220	0.01170	0.01998	0.06752	0.75789	0.01181	0.01523	0.01518	0.01128	0.01612	0.00935	0.01238	0.00784	0.00447	0.00494	0.00149	0.00596	0.00444	0.00246	0.00778
55	0.03707	0.02450	0.72232	0.01379	0.02080	0.01182	0.01742	0.06627	0.01132	0.01703	0.00908	0.01054	0.00643	0.00482	0.00470	0.00157	0.00713	0.00371	0.00233	0.00738
56	0.01219	0.35419	0.37698	0.01142	0.01700	0.06079	0.01303	0.04167	0.01101	0.01446	0.00815	0.00944	0.00647	0.00457	0.00406	0.00131	0.00641	0.00324	0.00228	0.04135
57	0.00697	0.00542	0.00746	0.00767	0.00847	0.00536	0.03643	0.00814	0.01001	0.01330	0.05597	0.45179	0.15625	0.02895	0.00771	0.03262	0.05647	0.07437	0.02235	0.00427
58	0.00722	0.00482	0.00544	0.00547	0.00548	0.00481	0.00306	0.00724	0.00730	0.00973	0.01598	0.05071	0.01846	0.80627	0.02493	0.00477	0.00479	0.00741	0.00306	0.00304
59	0.00725	0.00483	0.00544	0.00544	0.00544	0.00483	0.00302	0.00725	0.00725	0.00966	0.01571	0.03262	0.01812	0.82483	0.02537	0.00483	0.00483	0.00725	0.00302	0.00302
60	0.04656	0.01095	0.01226	0.01020	0.01333	0.02823	0.03577	0.24771	0.28395	0.10553	0.06939	0.01973	0.04949	0.00703	0.00515	0.00162	0.00456	0.03616	0.00493	0.00744
61	0.07647	0.00983	0.01208	0.00924	0.01312	0.00930	0.02525	0.18337	0.01511	0.42624	0.01521	0.01424	0.01018	0.00560	0.00466	0.00141	0.00445	0.00444	0.02376	0.13604
62	0.00929	0.00465	0.00465	0.00465	0.00581	0.00465	0.00348	0.01161	0.01045	0.01858	0.01626	0.01858	0.01278	0.00581	0.00348	0.00116	0.00232	0.00465	0.85250	0.00465
63	0.01234	0.01184	0.02023	0.03059	0.79373	0.01184	0.01530	0.01530	0.01135	0.01628	0.00938	0.01234	0.00790	0.00444	0.00493	0.00148	0.00592	0.00444	0.00247	0.00790
64	0.01818	0.02302	0.01419	0.01286	0.01528	0.75968	0.00970	0.01945	0.01375	0.01219	0.00764	0.00910	0.00643	0.00534	0.00517	0.00134	0.05510	0.00328	0.00255	0.00576
65	0.01733	0.02130	0.01374	0.01237	0.01472	0.67054	0.00939	0.04466	0.01400	0.01336	0.05976	0.01110	0.00919	0.00575	0.00542	0.00137	0.06369	0.00372	0.00282	0.00578
66	0.00603	0.00450	0.00561	0.00650	0.00711	0.00409	0.00443	0.00699	0.00997	0.01290	0.03286	0.64048	0.21058	0.01492	0.00625	0.00194	0.00281	0.01332	0.00463	0.00409
67	0.00607	0.00434	0.00578	0.00694	0.00723	0.00405	0.00463	0.00694	0.00954	0.01272	0.02747	0.82157	0.03297	0.01562	0.00636	0.00202	0.00289	0.01417	0.00463	0.00405
68	0.00941	0.00886	0.01495	0.81285	0.03433	0.01107	0.01384	0.01274	0.00997	0.01274	0.00886	0.01329	0.00664	0.00498	0.00498	0.00166	0.00664	0.00443	0.00221	0.00554
69	0.00790	0.00564	0.00788	0.00902	0.01011	0.00562	0.00780	0.01009	0.01134	0.01476	0.02647	0.10926	0.02898	0.01390	0.00685	0.00228	0.00447	0.70849	0.00459	0.00455
70	0.00929	0.00465	0.00465	0.00465	0.00581	0.00465	0.00348	0.01161	0.01045	0.01858	0.01626	0.01858	0.01278	0.00581	0.00348	0.00116	0.00232	0.00465	0.85250	0.00465
71	0.01862	0.02376	0.01413	0.01284	0.01541	0.80482	0.00963	0.01990	0.01413	0.01220	0.00770	0.00899	0.00642	0.00514	0.00449	0.00128	0.00899	0.00321	0.00257	0.00578
72	0.01333	0.82783	0.02612	0.00853	0.01279	0.01972	0.00853	0.01493	0.01013	0.01173	0.00693	0.00800	0.00640	0.00426	0.00320	0.00107	0.00533	0.00267	0.00213	0.00640
73	0.00607	0.00434	0.00578	0.00694	0.00723	0.00405	0.00463	0.00694	0.00954	0.01272	0.02747	0.82157	0.03297	0.01562	0.00636	0.00202	0.00289	0.01417	0.00463	0.00405
74	0.00607	0.00434	0.00578	0.00694	0.00723	0.00405	0.00463	0.00694	0.00954	0.01272	0.02747	0.82157	0.03297	0.01562	0.00636	0.00202	0.00289	0.01417	0.00463	0.00405
75	0.00952	0.00897	0.01514	0.78476	0.06159	0.01110	0.01389	0.01283	0.01002	0.01286	0.00888	0.01325	0.00669	0.00496	0.00498	0.00165	0.00662	0.00443	0.00222	0.00562
76	0.00950	0.00895	0.01510	0.79011	0.05641	0.01110	0.01389	0.01281	0.01001	0.01284	0.00887	0.01326	0.00668	0.00497	0.00498	0.00166	0.00662	0.00443	0.00222	0.00561
77	0.00612	0.00436	0.00577	0.00689	0.00717	0.00408	0.00457	0.00695	0.00946	0.01261	0.02705	0.79325	0.03243	0.04467	0.00704	0.00213	0.00296	0.01392	0.00457	0.00401
78	0.01838	0.01362	0.01465	0.01120	0.01522	0.01487	0.00924	0.72638	0.02257	0.03041	0.01176	0.01186	0.00840	0.00583	0.00490	0.00145	0.00537	0.00439	0.00485	0.06467
79	0.00941	0.00886	0.01495	0.81285	0.03433	0.01107	0.01384	0.01274	0.00997	0.01274	0.00886	0.01329	0.00664	0.00498	0.00498	0.00166	0.00664	0.00443	0.00221	0.00554
80	0.01885	0.01258	0.01391	0.01084	0.01467	0.01360	0.00890	0.55297	0.10704	0.17267	0.01433	0.01364	0.00995	0.00611	0.00500	0.00153	0.00508	0.00471	0.00522	0.00841
81	0.01214	0.01289	0.02557	0.05217	0.07541	0.01261	0.57430	0.05547	0.09392	0.01716	0.01116	0.01383	0.00840	0.00461	0.00565	0.00166	0.00755	0.00563	0.00290	0.00696
82	0.01752	0.01884	0.01747	0.01422	0.01760	0.48585	0.19714	0.01962	0.01357	0.13584	0.01016	0.01133	0.00763	0.00507	0.00492	0.00142	0.00810	0.00415	0.00312	0.00643
83	0.01240	0.01071	0.01127	0.01014	0.01296	0.01240	0.00789	0.02649	0.78473	0.02085	0.02029	0.01860	0.01522	0.00676	0.00507	0.00169	0.00394	0.00564	0.00507	0.00789
84	0.00717	0.00534	0.00715	0.05975	0.00920	0.00511	0.00528	0.00955	0.01373	0.01927	0.71227	0.03603	0.07143	0.00993	0.00582	0.00158	0.00264	0.00876	0.00524	0.00474
85	0.00725	0.00483	0.00544	0.00544	0.00544	0.00483	0.00302	0.00725	0.00725	0.00966	0.01571	0.03262	0.01812	0.82483	0.02537	0.00483	0.00483	0.00725	0.00302	0.00302
86	0.00929	0.00465	0.00465	0.00465	0.00581	0.00465	0.00348	0.01161	0.01045	0.01858	0.01626	0.01858	0.01278	0.00581	0.00348	0.00116	0.00232	0.00465	0.85250	0.00465
87	0.86003	0.00964	0.00733	0.00655	0.00964	0.01118	0.00540	0.01465	0.00848	0.02236	0.00694	0.00810	0.00540	0.00463	0.00308	0.00154	0.00386	0.00270	0.00308	0.00540
88	0.00971	0.00930	0.01616	0.72331	0.06969	0.01121	0.06446	0.01307	0.01015	0.01312	0.00897	0.01325	0.00676	0.00491	0.00504	0.00165	0.00673	0.00453	0.00225	0.00573
89	0.00589	0.00505	0.00505	0.00505	0.00673	0.00421	0.00379	0.00715	0.01136	0.01347	0.05049	0.04797	0.79171	0.01262	0.00589	0.00168	0.00252	0.01052	0.00463	0.00421
90	0.00640	0.00486	0.00713	0.00774	0.00830	0.00454	0.04867	0.00746	0.00967	0.01291	0.02648	0.77541	0.03152	0.01496	0.00633	0.00200	0.00321	0.01370	0.00451	0.00420
91	0.00614	0.00439	0.00586	0.00702	0.00734	0.00411	0.00474	0.00706	0.00961	0.01280	0.02744	0.79530	0.03282	0.01555	0.00638	0.00203	0.00295	0.03978	0.00463	0.00407
92	0.00725	0.00483	0.00544	0.00544	0.00544	0.00483	0.00302	0.00725	0.00725	0.00966	0.01571	0.03262	0.01812	0.82483	0.02537	0.00483	0.00483	0.00725	0.00302	0.00302
93	0.00607	0.00434	0.00578	0.00694	0.00723	0.00405	0.00463	0.00694	0.00954	0.01272	0.02747	0.82157	0.03297	0.01562	0.00636	0.00202	0.00289	0.01417	0.00463	0.00405
94	0.02186	0.00930	0.01207	0.00925	0.01313	0.00853	0.00765	0.13611	0.01563	0.68345	0.01852	0.01622	0.01176	0.00614	0.00501	0.00154	0.00443	0.00493	0.00599	0.00848
95	0.01192	0.01130	0.01895	0.02829	0.71351	0.01135	0.01432	0.01514	0.03899	0.01621	0.01097	0.06626	0.00982	0.00527	0.00503	0.00152	0.00565	0.00513	0.00270	0.00764
96	0.00725	0.00483	0.00544	0.00544	0.00544	0.00483	0.00302	0.00725	0.00725	0.00966	0.01571	0.03262	0.01812	0.82483	0.02537	0.00483	0.00483	0.00725	0.00302	0.00302
97	0.00725	0.00483	0.00544	0.00544	0.00544	0.00483	0.00302	0.00725	0.00725	0.00966	0.01571	0.03262	0.01812	0.82483	0.02537	0.00483	0.00483	0.00725	0.00302	0.00302
98	0.01060	0.00902	0.01048	0.00751	0.01192	0.00692	0.00602	0.03603	0.01074	0.01671	0.00895	0.01039	0.00742	0.00376	0.00373	0.00076	0.00375	0.00300	0.00302	0.82930
99	0.00725	0.00483	0.00544	0.00544	0.00544	0.00483	0.00302	0.00725	0.00725	0.00966	0.01571	0.03262	0.01812	0.82483	0.02537	0.00483	0.00483	0.00725	0.00302	0.00302
100	0.01895	0.01396	0.01496	0.01147	0.01546	0.01546	0.00947	0.77711	0.02344	0.03141	0.01197	0.01197	0.00848	0.00598	0.00499	0.00150	0.00548	0.00449	0.00499	0.00848
101	0.01000	0.02578	0.79900	0.01421	0.02157	0.01158	0.01842	0.01579	0.01052	0.01579	0.00895	0.01052	0.00631	0.00474	0.00474	0.00158	0.00737	0.00368	0.00210	0.00737
102	0.00941	0.00886	0.01495	0.81285	0.03433	0.01107	0.01384	0.01274	0.00997	0.01274	0.00886	0.01329	0.00664	0.00498	0.00498	0.00166	0.00664	0.00443	0.00221	0.00554
103	0.01895	0.01396	0.01496	0.01147	0.01546	0.01546	0.00947	0.77711	0.02344	0.03141	0.01197	0.01197	0.00848	0.00598	0.00499	0.00150	0.00548	0.00449	0.00499	0.00848
104	0.86003	0.00964	0.00733	0.00655	0.00964	0.01118	0.00540	0.01465	0.00848	0.02236	0.00694	0.00810	0.00540	0.00463	0.00308	0.00154	0.00386	0.00270	0.00308	0.00540
105	0.00609	0.00435	0.00580	0.00693	0.00723	0.00406	0.00463	0.00699	0.00964	0.01288	0.04351	0.80511	0.03326	0.01550	0.00635	0.00201	0.00288	0.01406	0.00465	0.00406
106	0.01862	0.02376	0.01413	0.01284	0.01541	0.80482	0.00963	0.01990	0.01413	0.01220	0.00770	0.00899	0.00642	0.00514	0.00449	0.00128	0.00899	0.00321	0.00257	0.00578
107	0.00596	0.00505	0.00515	0.00512	0.00678	0.00424	0.00384	0.00729	0.01153	0.01385	0.09467	0.04733	0.74729	0.01248	0.00589	0.00168	0.00251	0.01043	0.00468	0.00424
108	0.00682	0.00509	0.00634	0.00602	0.00730	0.00460	0.00452	0.00895	0.01356	0.01867	0.64200	0.03939	0.19696	0.01068	0.00588	0.00159	0.00239	0.00932	0.00531	0.00460
109	0.01870	0.01383	0.01496	0.03236	0.01595	0.01534	0.00959	0.75719	0.02308	0.03093	0.01189	0.01200	0.00843	0.00596	0.00499	0.00150	0.00552	0.00449	0.00491	0.00840
110	0.01000	0.02578	0.79900	0.01421	0.02157	0.01158	0.01842	0.01579	0.01052	0.01579	0.00895	0.01052	0.00631	0.00474	0.00474	0.00158	0.00737	0.00368	0.00210	0.00737
111	0.00725	0.00483	0.00544	0.00544	0.00544	0.00483	0.00302	0.00725	0.00725	0.00966	0.01571	0.03262	0.01812	0.82483	0.02537	0.00483	0.00483	0.00725	0.00302	0.00302
112	0.01862	0.02376	0.01413	0.01284	0.01541	0.80482	0.00963	0.01990	0.01413	0.01220	0.00770	0.00899	0.00642	0.00514	0.00449	0.00128	0.00899	0.00321	0.00257	0.00578
113	0.00703	0.00505	0.00648	0.00717	0.00780	0.00487	0.00496	0.05830	0.01093	0.01470	0.10417	0.68802	0.03277	0.01442	0.00622	0.00194	0.00301	0.01300	0.00474	0.00441
114	0.01073	0.20198	0.62921	0.01296	0.01964	0.01337	0.01624	0.01560	0.01044	0.01489	0.00850	0.00997	0.00633	0.00463	0.00440	0.00147	0.00692	0.00346	0.00211	0.00715
115	0.01862	0.02376	0.01413	0.01284	0.01541	0.80482	0.00963	0.01990	0.01413	0.01220	0.00770	0.00899	0.00642	0.00514	0.00449	0.00128	0.00899	0.00321	0.00257	0.00578
116	0.00750	0.00611	0.00796	0.00738	0.00854	0.00632	0.02472	0.00968	0.04095	0.01604	0.35096	0.09654	0.20157	0.05823	0.04060	0.00215	0.09678	0.00877	0.00450	0.00469
117	0.01240	0.01071	0.01127	0.01014	0.01296	0.01240	0.00789	0.02649	0.78473	0.02085	0.02029	0.01860	0.01522	0.00676	0.00507	0.00169	0.00394	0.00564	0.00507	0.00789
118	0.01027	0.05332	0.71989	0.01509	0.07250	0.01188	0.01786	0.01572	0.01056	0.01567	0.00890	0.01055	0.00642	0.00470	0.00469	0.00155	0.00720	0.00370	0.00213	0.00737
119	0.00718	0.00511	0.00683	0.00683	0.00731	0.00559	0.00476	0.00814	0.00766	0.01070	0.01443	0.02555	0.01505	0.39788	0.44812	0.00656	0.00945	0.00621	0.00283	0.00380
120	0.66797	0.04050	0.03594	0.00757	0.01074	0.06409	0.00641	0.05279	0.00978	0.02114	0.00814	0.04147	0.00681	0.00517	0.00347	0.00153	0.00441	0.00332	0.00314	0.00563
121	0.09173	0.09691	0.01184	0.00877	0.01151	0.02335	0.00708	0.15657	0.17174	0.10690	0.12305	0.09210	0.01807	0.03557	0.00562	0.00169	0.00421	0.02210	0.00458	0.00661
122	0.01197	0.30906	0.38267	0.01156	0.01694	0.08073	0.01305	0.01632	0.06114	0.01450	0.03322	0.01085	0.00820	0.00490	0.00423	0.00138	0.00640	0.00357	0.00245	0.00684
123	0.17039	0.03927	0.02487	0.02796	0.17278	0.17806	0.00960	0.13551	0.02557	0.07881	0.00981	0.01093	0.00754	0.00497	0.00435	0.00138	0.00577	0.00373	0.00335	0.08535
124	0.04150	0.02349	0.01387	0.01360	0.14407	0.08160	0.00938	0.29253	0.08054	0.07222	0.06328	0.01674	0.04039	0.03156	0.00607	0.00164	0.03817	0.01797	0.00417	0.00722
125	0.01168	0.23230	0.27804	0.01112	0.01578	0.05196	0.05639	0.08685	0.02841	0.01581	0.04184	0.01590	0.08784	0.03906	0.00541	0.00157	0.00594	0.00466	0.00291	0.00652
126	0.08976	0.23461	0.10414	0.01134	0.06344	0.10204	0.02163	0.01541	0.08697	0.01488	0.01258	0.09380	0.01197	0.00689	0.00505	0.00155	0.03939	0.07534	0.00306	0.00616

[dist]
# distance from previous block
# <min> <max>
6	21

[block]
# block no. 4 follows, 50 sequences, length 59
# corresponding to MSA columns:
# 723-781
name=unknown_E
#
# <colnr> <probs for GDERKNQSTAVLIFYWHMCP>
#	G	D	E	R	K	N	Q	S	T	A	V	L	I	F	Y	W	H	M	C	P
0	0.06159	0.08389	0.34186	0.01203	0.04209	0.02845	0.02648	0.13190	0.04249	0.05802	0.04738	0.02317	0.04164	0.00571	0.00468	0.00151	0.00582	0.00450	0.01525	0.02153
1	0.01236	0.22977	0.26055	0.01562	0.15277	0.07294	0.08876	0.03779	0.01142	0.02574	0.01045	0.01202	0.03896	0.00492	0.00452	0.00142	0.00651	0.00405	0.00249	0.00694
2	0.01255	0.04541	0.03582	0.01234	0.10874	0.13253	0.03070	0.11262	0.11847	0.03928	0.02031	0.08509	0.15299	0.00773	0.00534	0.00156	0.01978	0.02147	0.00386	0.03340
3	0.01321	0.01211	0.01778	0.02144	0.41738	0.06054	0.08169	0.05125	0.07451	0.05857	0.01080	0.01266	0.00855	0.00470	0.00482	0.00140	0.00573	0.00440	0.00307	0.13537
4	0.00809	0.00656	0.00746	0.00735	0.00860	0.02828	0.00552	0.07074	0.02669	0.01577	0.15334	0.27843	0.23902	0.02561	0.00689	0.00186	0.05036	0.05007	0.00458	0.00477
5	0.01166	0.01065	0.01496	0.03133	0.35443	0.05453	0.03062	0.04614	0.04184	0.02982	0.13738	0.04289	0.01525	0.00584	0.00493	0.00139	0.00499	0.00527	0.00338	0.15268
6	0.00628	0.00511	0.00560	0.00561	0.00716	0.00443	0.00430	0.00784	0.01189	0.01482	0.18936	0.04659	0.58857	0.01225	0.00597	0.00171	0.00266	0.07071	0.00479	0.00433
7	0.01375	0.76296	0.02515	0.00888	0.01300	0.08306	0.00862	0.01533	0.01045	0.01177	0.00699	0.00808	0.00640	0.00433	0.00330	0.00108	0.00563	0.00271	0.00217	0.00635
8	0.00866	0.00753	0.00962	0.04677	0.08390	0.07122	0.00727	0.01034	0.00880	0.01186	0.01264	0.01952	0.01205	0.13669	0.52346	0.00614	0.01084	0.00530	0.00267	0.00474
9	0.01659	0.12698	0.01560	0.01190	0.01459	0.50581	0.00939	0.06584	0.05733	0.01392	0.00850	0.00982	0.00709	0.00548	0.00553	0.00136	0.08742	0.00346	0.00278	0.03059
10	0.00627	0.00442	0.00573	0.00669	0.00693	0.00418	0.00436	0.00699	0.00916	0.01221	0.02551	0.69025	0.03050	0.15032	0.00953	0.00249	0.00321	0.01302	0.00436	0.00388
11	0.00712	0.00534	0.00801	0.00801	0.00890	0.00623	0.00623	0.00890	0.00801	0.01157	0.01335	0.01958	0.01246	0.03738	0.80507	0.00801	0.01335	0.00534	0.00267	0.00445
12	0.00993	0.00683	0.00848	0.17628	0.01357	0.00755	0.00686	0.06239	0.09720	0.01771	0.01639	0.09424	0.01410	0.00704	0.00450	0.00148	0.00377	0.03995	0.40635	0.00538
13	0.01197	0.01151	0.01976	0.12667	0.68572	0.01176	0.02954	0.01499	0.01119	0.01584	0.00933	0.01247	0.00774	0.00450	0.00496	0.00151	0.00606	0.00447	0.00244	0.00758
14	0.00725	0.00483	0.00544	0.00544	0.00544	0.00483	0.00302	0.00725	0.00725	0.00966	0.01571	0.03262	0.01812	0.82483	0.02537	0.00483	0.00483	0.00725	0.00302	0.00302
15	0.00866	0.00433	0.00649	0.00649	0.00649	0.00433	0.00433	0.00649	0.00649	0.00866	0.00866	0.01515	0.00866	0.01732	0.01948	0.85498	0.00433	0.00433	0.00216	0.00216
16	0.05828	0.01130	0.01371	0.01094	0.03673	0.01154	0.03088	0.37056	0.01808	0.36348	0.01496	0.01402	0.00997	0.00591	0.00494	0.00152	0.00497	0.00467	0.00527	0.00827
17	0.00607	0.00434	0.00578	0.00694	0.00723	0.00405	0.00463	0.00694	0.00954	0.01272	0.02747	0.82157	0.03297	0.01562	0.00636	0.00202	0.00289	0.01417	0.00463	0.00405
18	0.01176	0.01345	0.02941	0.02101	0.02605	0.01261	0.77563	0.01597	0.01176	0.01597	0.01008	0.01345	0.00756	0.00420	0.00588	0.00168	0.00840	0.00588	0.00252	0.00672
19	0.01267	0.66952	0.17867	0.00965	0.01453	0.01811	0.01048	0.01510	0.01021	0.01253	0.00733	0.00849	0.00638	0.00436	0.00350	0.00117	0.00573	0.00287	0.00213	0.00659
20	0.00765	0.00536	0.00617	0.00608	0.00640	0.00559	0.00374	0.00897	0.07005	0.01076	0.01583	0.03015	0.01731	0.67825	0.10352	0.00490	0.00563	0.00692	0.00315	0.00356
21	0.00724	0.00485	0.00555	0.00555	0.00559	0.00489	0.00316	0.00732	0.00728	0.00975	0.01560	0.03204	0.01787	0.78992	0.05994	0.00497	0.00521	0.00716	0.00300	0.00308
22	0.00941	0.00886	0.01495	0.81285	0.03433	0.01107	0.01384	0.01274	0.00997	0.01274	0.00886	0.01329	0.00664	0.00498	0.00498	0.00166	0.00664	0.00443	0.00221	0.00554
23	0.01770	0.02187	0.01319	0.01203	0.01446	0.72589	0.00902	0.01909	0.01376	0.01283	0.00855	0.00994	0.00705	0.00520	0.00439	0.00127	0.00833	0.00335	0.08641	0.00567
24	0.01034	0.00886	0.01034	0.00738	0.01181	0.00664	0.00591	0.01255	0.01034	0.01624	0.00886	0.01034	0.00738	0.00369	0.00369	0.00074	0.00369	0.00295	0.00295	0.85530
25	0.01711	0.02090	0.01339	0.01220	0.01471	0.64813	0.00920	0.02027	0.12487	0.01341	0.00982	0.01094	0.00801	0.00709	0.04715	0.00170	0.00849	0.00367	0.00293	0.00601
26	0.01120	0.01233	0.02310	0.01723	0.02121	0.05960	0.54345	0.01528	0.06026	0.01551	0.01489	0.11585	0.05283	0.00629	0.00581	0.00170	0.00716	0.00698	0.00306	0.00627
27	0.00915	0.00463	0.00470	0.00475	0.00587	0.00462	0.00353	0.01141	0.01041	0.01833	0.01675	0.05353	0.01365	0.00623	0.00361	0.00120	0.00235	0.00506	0.81559	0.00462
28	0.00712	0.00534	0.00801	0.00801	0.00890	0.00623	0.00623	0.00890	0.00801	0.01157	0.01335	0.01958	0.01246	0.03738	0.80507	0.00801	0.01335	0.00534	0.00267	0.00445
29	0.03203	0.15829	0.01592	0.01212	0.04617	0.43922	0.00927	0.11958	0.05823	0.01563	0.01883	0.03447	0.00851	0.00553	0.00443	0.00134	0.00713	0.00386	0.00306	0.00638
30	0.01128	0.01194	0.08095	0.05185	0.60353	0.01082	0.01400	0.01418	0.01097	0.01555	0.01209	0.05048	0.04131	0.04261	0.00595	0.00168	0.00574	0.00519	0.00264	0.00723
31	0.01104	0.00890	0.08284	0.00857	0.01098	0.04185	0.00751	0.01401	0.04793	0.15887	0.27618	0.07044	0.05136	0.00954	0.00571	0.00172	0.00405	0.16378	0.00485	0.01987
32	0.01201	0.01261	0.02165	0.01853	0.12315	0.04832	0.34038	0.04690	0.01087	0.01507	0.00902	0.01266	0.00754	0.01811	0.02788	0.00198	0.25934	0.00505	0.00253	0.00641
33	0.00858	0.00436	0.00644	0.00644	0.00644	0.00436	0.00426	0.00653	0.00653	0.00871	0.00903	0.01608	0.00916	0.06025	0.01979	0.80977	0.00436	0.00448	0.00221	0.00221
34	0.01221	0.01171	0.02000	0.06528	0.76007	0.01181	0.01523	0.01518	0.01129	0.01613	0.00935	0.01238	0.00784	0.00447	0.00494	0.00149	0.00595	0.00444	0.00246	0.00779
35	0.00942	0.07358	0.01112	0.01120	0.12179	0.00857	0.00762	0.01396	0.17174	0.01691	0.19391	0.14233	0.05472	0.00952	0.00555	0.00171	0.00385	0.12058	0.01610	0.00583
36	0.00725	0.00483	0.00544	0.00544	0.00544	0.00483	0.00302	0.00725	0.00725	0.00966	0.01571	0.03262	0.01812	0.82483	0.02537	0.00483	0.00483	0.00725	0.00302	0.00302
37	0.01326	0.01013	0.02508	0.01000	0.01291	0.01046	0.08350	0.29038	0.08840	0.04826	0.15052	0.01980	0.04847	0.00689	0.00523	0.00151	0.01926	0.00580	0.14341	0.00672
38	0.01735	0.01230	0.07591	0.01047	0.01424	0.03735	0.00907	0.23962	0.18476	0.27824	0.01667	0.01712	0.01202	0.00649	0.00507	0.00159	0.00496	0.04372	0.00506	0.00797
39	0.01120	0.01140	0.01465	0.01263	0.01323	0.07774	0.03538	0.01308	0.04367	0.01250	0.00814	0.01215	0.00762	0.01139	0.10242	0.00272	0.59767	0.00449	0.00241	0.00552
40	0.01887	0.01008	0.01199	0.00949	0.01305	0.01012	0.00774	0.23653	0.12490	0.41287	0.01884	0.01720	0.04622	0.00648	0.00501	0.00154	0.00442	0.00518	0.03139	0.00809
41	0.13830	0.06042	0.10432	0.01185	0.06834	0.02926	0.00982	0.25370	0.21013	0.02257	0.01285	0.01392	0.00986	0.00584	0.00464	0.00155	0.00514	0.02606	0.00400	0.00742
42	0.01610	0.05270	0.05544	0.01101	0.01428	0.21713	0.00912	0.32103	0.11439	0.02142	0.01188	0.01303	0.00923	0.03919	0.00568	0.00158	0.01770	0.00430	0.05776	0.00704
43	0.00677	0.00508	0.00627	0.00597	0.00727	0.00458	0.00448	0.00885	0.01343	0.01839	0.60915	0.03987	0.22999	0.01079	0.00588	0.00160	0.00239	0.00938	0.00528	0.00458
44	0.00618	0.00442	0.00578	0.00682	0.00715	0.00414	0.00455	0.00703	0.00948	0.01258	0.02740	0.72771	0.05691	0.07101	0.00766	0.00221	0.00304	0.02741	0.00452	0.00399
45	0.03419	0.01419	0.06665	0.01313	0.07818	0.09462	0.04933	0.35935	0.08183	0.09468	0.01313	0.05521	0.01017	0.00616	0.00500	0.00154	0.00574	0.00499	0.00427	0.00764
46	0.01838	0.00919	0.01135	0.00926	0.01259	0.00902	0.00744	0.09420	0.19640	0.47885	0.01972	0.08179	0.01432	0.00705	0.00513	0.00161	0.00418	0.00585	0.00567	0.00798
47	0.00725	0.00483	0.00544	0.00544	0.00544	0.00483	0.00302	0.00725	0.00725	0.00966	0.01571	0.03262	0.01812	0.82483	0.02537	0.00483	0.00483	0.00725	0.00302	0.00302
48	0.02943	0.03237	0.01851	0.01618	0.14225	0.04832	0.18004	0.32995	0.03589	0.07233	0.02445	0.01308	0.00911	0.00534	0.00508	0.00152	0.00611	0.00480	0.01761	0.00764
49	0.18356	0.01420	0.01337	0.01066	0.01431	0.10235	0.00869	0.54370	0.01947	0.02751	0.01051	0.01088	0.00765	0.00562	0.00456	0.00148	0.00556	0.00400	0.00435	0.00757
50	0.00733	0.00507	0.00605	0.00610	0.00642	0.00525	0.00394	0.00791	0.00812	0.01127	0.01861	0.12735	0.06335	0.50079	0.09688	0.00421	0.03821	0.00777	0.07178	0.00359
51	0.01234	0.01184	0.02023	0.03059	0.79373	0.01184	0.01530	0.01530	0.01135	0.01628	0.00938	0.01234	0.00790	0.00444	0.00493	0.00148	0.00592	0.00444	0.00247	0.00790
52	0.00661	0.00487	0.00625	0.00718	0.00770	0.00474	0.00489	0.00858	0.07219	0.01355	0.04506	0.73813	0.03187	0.01477	0.00625	0.00199	0.00296	0.01336	0.00468	0.00437
53	0.01068	0.18992	0.64083	0.01304	0.01978	0.01324	0.01639	0.01561	0.01044	0.01495	0.00853	0.01001	0.00633	0.00464	0.00442	0.00147	0.00695	0.00347	0.00211	0.00717
54	0.01139	0.21800	0.30795	0.01289	0.07862	0.01318	0.01263	0.01506	0.03626	0.04917	0.00963	0.01174	0.00780	0.00906	0.10190	0.00228	0.08936	0.00389	0.00250	0.00669
55	0.01047	0.00941	0.01417	0.01118	0.01411	0.02213	0.20223	0.10915	0.06475	0.01862	0.20582	0.06149	0.11970	0.00786	0.00571	0.00158	0.01785	0.01996	0.00415	0.07965
56	0.05833	0.01357	0.12386	0.28923	0.05811	0.09071	0.03768	0.09807	0.05074	0.09840	0.02719	0.01317	0.00866	0.00532	0.00485	0.00157	0.00626	0.00438	0.00322	0.00668
57	0.06724	0.06592	0.01438	0.04487	0.08869	0.06366	0.03281	0.31820	0.02539	0.04356	0.03616	0.09528	0.01174	0.00650	0.00482	0.00148	0.00522	0.00529	0.01845	0.05034
58	0.06348	0.05265	0.03248	0.01118	0.03987	0.07242	0.06866	0.26864	0.01520	0.06769	0.04706	0.02762	0.01177	0.00983	0.09799	0.00226	0.00635	0.03563	0.06254	0.00668

[dist]
# distance from previous block
# <min> <max>
2	44

[block]
# block no. 5 follows, 50 sequences, length 48
# corresponding to MSA columns:
# 826-853,857-876
name=unknown_F
#
# <colnr> <probs for GDERKNQSTAVLIFYWHMCP>
#	G	D	E	R	K	N	Q	S	T	A	V	L	I	F	Y	W	H	M	C	P
0	0.03684	0.04985	0.10650	0.12834	0.32441	0.02486	0.11541	0.06884	0.04648	0.01682	0.01076	0.01311	0.02564	0.00492	0.00494	0.00154	0.00628	0.00459	0.00275	0.00714
1	0.03969	0.07226	0.22866	0.01278	0.06024	0.16068	0.02373	0.15166	0.06133	0.07374	0.05909	0.01301	0.01030	0.00553	0.00472	0.00147	0.00629	0.00426	0.00344	0.00711
2	0.05677	0.06703	0.05415	0.01307	0.03428	0.06331	0.21800	0.03299	0.18362	0.07219	0.05928	0.01757	0.03882	0.00599	0.00509	0.00157	0.00571	0.03047	0.00370	0.03641
3	0.06074	0.01135	0.01329	0.01119	0.01273	0.07110	0.00918	0.08740	0.01044	0.01541	0.02324	0.01333	0.03346	0.00745	0.01093	0.00177	0.44666	0.02166	0.00285	0.13582
4	0.00716	0.00519	0.00723	0.00723	0.00784	0.00580	0.00525	0.00840	0.00778	0.01099	0.01407	0.02356	0.01419	0.27753	0.56729	0.00704	0.01075	0.00592	0.00278	0.00401
5	0.00839	0.00573	0.00637	0.00603	0.00642	0.00587	0.00365	0.08254	0.00883	0.01179	0.01534	0.03060	0.01718	0.74475	0.02338	0.00451	0.00490	0.00698	0.00321	0.00355
6	0.01977	0.00868	0.01140	0.00899	0.01264	0.00776	0.00746	0.08146	0.01442	0.60050	0.01889	0.01990	0.01325	0.00671	0.00509	0.00155	0.00433	0.07867	0.00568	0.07287
7	0.01234	0.01184	0.02023	0.03059	0.79373	0.01184	0.01530	0.01530	0.01135	0.01628	0.00938	0.01234	0.00790	0.00444	0.00493	0.00148	0.00592	0.00444	0.00247	0.00790
8	0.00718	0.00512	0.00691	0.00691	0.00742	0.00563	0.00486	0.00819	0.00768	0.01076	0.01436	0.02515	0.01488	0.37397	0.47179	0.00665	0.00971	0.00616	0.00282	0.00384
9	0.00607	0.00434	0.00578	0.00694	0.00723	0.00405	0.00463	0.00694	0.00954	0.01272	0.02747	0.82157	0.03297	0.01562	0.00636	0.00202	0.00289	0.01417	0.00463	0.00405
