[name]
unknown

[dist]
# distance from previous block
# <min> <max>
0	266

[block]
# block no. 0 follows, 56 sequences, length 11
# corresponding to MSA columns:
# 302-312
name=unknown_A
#
# <colnr> <probs for GDERKNQSTAVLIFYWHMCP>
#	G	D	E	R	K	N	Q	S	T	A	V	L	I	F	Y	W	H	M	C	P
0	0.60394	0.00859	0.00811	0.00716	0.00981	0.00964	0.04083	0.07256	0.00946	0.01990	0.00964	0.01402	0.00836	0.00544	0.00354	0.00148	0.00384	0.09790	0.06066	0.00511
1	0.00856	0.00428	0.00428	0.00428	0.00535	0.00428	0.00321	0.01070	0.00963	0.01712	0.01498	0.01712	0.01177	0.00535	0.00321	0.00107	0.00214	0.00428	0.86414	0.00428
2	0.01056	0.04252	0.12423	0.06380	0.07343	0.06661	0.09783	0.06539	0.02618	0.06460	0.04203	0.01915	0.17016	0.02801	0.02600	0.00164	0.02119	0.00534	0.00315	0.04816
3	0.01004	0.01004	0.01406	0.01205	0.01205	0.01406	0.01004	0.01105	0.00703	0.01105	0.00603	0.01004	0.00603	0.00804	0.01507	0.00201	0.83025	0.00402	0.00201	0.00502
4	0.00601	0.00437	0.00538	0.00585	0.00639	0.00416	0.00398	0.00686	0.00878	0.01153	0.06867	0.36928	0.16557	0.21690	0.06240	0.00278	0.00369	0.03998	0.00383	0.00360
5	0.05389	0.03968	0.07110	0.01588	0.15458	0.16183	0.22347	0.06807	0.05372	0.04027	0.03461	0.01174	0.00831	0.00475	0.00501	0.00142	0.03832	0.00428	0.00277	0.00630
6	0.01330	0.07055	0.18675	0.07297	0.01566	0.18919	0.02393	0.10773	0.03676	0.11130	0.02564	0.03889	0.00924	0.00643	0.03008	0.00159	0.02702	0.02370	0.00311	0.00619
7	0.00656	0.00469	0.00615	0.00615	0.00662	0.00505	0.00426	0.00742	0.00721	0.00993	0.01499	0.02488	0.05315	0.40516	0.41174	0.00574	0.00818	0.00597	0.00270	0.00348
8	0.00944	0.00868	0.01440	0.01943	0.46981	0.00857	0.05340	0.01181	0.01054	0.01481	0.14952	0.04276	0.07038	0.03439	0.06034	0.00192	0.00514	0.00568	0.00298	0.00601
9	0.01480	0.01088	0.01488	0.07218	0.35843	0.06470	0.01075	0.12233	0.04345	0.22400	0.01168	0.01250	0.00850	0.00486	0.00455	0.00139	0.00516	0.00420	0.00356	0.00721
10	0.01305	0.09100	0.26184	0.01302	0.13763	0.04670	0.01127	0.06988	0.07861	0.17646	0.01286	0.01314	0.04402	0.00513	0.00439	0.00139	0.00531	0.00413	0.00328	0.00690

[dist]
# distance from previous block
# <min> <max>
0	2

[block]
# block no. 1 follows, 56 sequences, length 17
# corresponding to MSA columns:
# 315-331
name=unknown_B
#
# <colnr> <probs for GDERKNQSTAVLIFYWHMCP>
#	G	D	E	R	K	N	Q	S	T	A	V	L	I	F	Y	W	H	M	C	P
0	0.59794	0.04057	0.00920	0.00764	0.01050	0.16913	0.00617	0.08459	0.01012	0.01918	0.00695	0.00794	0.00544	0.00445	0.00326	0.00136	0.00466	0.00272	0.00288	0.00533
1	0.00658	0.00519	0.00658	0.03090	0.02955	0.00501	0.00498	0.00877	0.06515	0.01372	0.16723	0.33247	0.19521	0.01276	0.06181	0.00202	0.00344	0.00949	0.00413	0.03503
2	0.01258	0.26716	0.15956	0.01369	0.09809	0.13187	0.15112	0.04509	0.01089	0.04343	0.00818	0.00971	0.00650	0.00432	0.00430	0.00128	0.02002	0.00356	0.00236	0.00629
3	0.01188	0.00909	0.01040	0.00847	0.01155	0.00910	0.00677	0.12569	0.24934	0.08338	0.01379	0.05218	0.01120	0.00576	0.00477	0.00126	0.03945	0.03066	0.00390	0.31136
4	0.00651	0.00471	0.00653	0.00661	0.00715	0.00520	0.00477	0.00761	0.00729	0.01024	0.01397	0.08757	0.01451	0.26495	0.52455	0.00609	0.00925	0.00608	0.00270	0.00369
5	0.01082	0.01194	0.09906	0.26737	0.39356	0.03970	0.04272	0.05386	0.01067	0.01453	0.00854	0.01137	0.00674	0.00436	0.00456	0.00142	0.00596	0.00403	0.00229	0.00648
6	0.00771	0.00560	0.00666	0.00626	0.00753	0.00555	0.00465	0.07111	0.07500	0.01517	0.26517	0.06429	0.22393	0.03606	0.04085	0.14538	0.00335	0.00738	0.00407	0.00426
7	0.00567	0.00463	0.00500	0.00498	0.00637	0.00397	0.00371	0.00703	0.01094	0.01367	0.21066	0.07883	0.60604	0.01127	0.00544	0.00154	0.00231	0.00954	0.00443	0.00397
8	0.01116	0.10369	0.01405	0.01071	0.01176	0.09580	0.00887	0.07486	0.00909	0.01235	0.00751	0.01126	0.00711	0.04773	0.08165	0.00234	0.47861	0.00394	0.00232	0.00519
9	0.09837	0.00950	0.01105	0.00873	0.01205	0.00965	0.00714	0.27519	0.05635	0.40063	0.01505	0.05265	0.01064	0.00594	0.00450	0.00143	0.00418	0.00469	0.00494	0.00732
10	0.00690	0.00510	0.00649	0.00628	0.00720	0.00530	0.00460	0.04404	0.00930	0.01267	0.15020	0.02735	0.14517	0.20999	0.33408	0.00451	0.00688	0.00661	0.00335	0.00397
11	0.00668	0.00445	0.00501	0.00501	0.00501	0.00445	0.00278	0.00668	0.00668	0.00890	0.01447	0.03004	0.01669	0.83866	0.02337	0.00445	0.00445	0.00668	0.00278	0.00278
12	0.00970	0.00694	0.00821	0.00718	0.00900	0.00707	0.00558	0.17807	0.07823	0.04984	0.49649	0.06017	0.04794	0.00842	0.00517	0.00146	0.00299	0.00725	0.00490	0.00541
13	0.01393	0.00796	0.01010	0.00895	0.04138	0.00805	0.00686	0.11020	0.12857	0.29911	0.18654	0.02055	0.01841	0.00734	0.00584	0.03885	0.03478	0.04137	0.00477	0.00644
14	0.11894	0.00848	0.00834	0.04040	0.01022	0.06026	0.00575	0.12861	0.07517	0.05542	0.01217	0.01327	0.00930	0.00502	0.00369	0.00119	0.00365	0.00384	0.32811	0.10814
15	0.04055	0.00935	0.00997	0.04186	0.01176	0.03645	0.00687	0.20572	0.27601	0.02006	0.15981	0.04534	0.07055	0.00696	0.00474	0.00145	0.00384	0.00574	0.00436	0.03862
16	0.01519	0.04263	0.01318	0.02699	0.04619	0.21232	0.00853	0.36027	0.13068	0.02077	0.04889	0.01222	0.00979	0.00543	0.00444	0.00133	0.00550	0.00410	0.00379	0.02776

[dist]
# distance from previous block
# <min> <max>
1	4

[block]
# block no. 2 follows, 56 sequences, length 15
# corresponding to MSA columns:
# 340-354
name=unknown_C
#
# <colnr> <probs for GDERKNQSTAVLIFYWHMCP>
#	G	D	E	R	K	N	Q	S	T	A	V	L	I	F	Y	W	H	M	C	P
0	0.01038	0.01122	0.12629	0.14319	0.18990	0.05442	0.07092	0.03082	0.01095	0.07171	0.10170	0.06595	0.05980	0.00624	0.00485	0.00148	0.00521	0.02597	0.00309	0.00590
1	0.00954	0.00793	0.01232	0.26496	0.11649	0.00883	0.05159	0.01348	0.12185	0.06076	0.01341	0.03334	0.03377	0.01210	0.18439	0.00283	0.00674	0.03713	0.00297	0.00558
2	0.01123	0.01102	0.01720	0.07532	0.63853	0.05627	0.01306	0.01377	0.01046	0.01454	0.04503	0.01223	0.00871	0.00460	0.00511	0.00140	0.04814	0.00422	0.00238	0.00678
3	0.01573	0.00756	0.01116	0.00879	0.01174	0.00677	0.09100	0.03712	0.01232	0.50219	0.08249	0.09079	0.05191	0.04149	0.00569	0.00161	0.00405	0.00605	0.00493	0.00661
4	0.00745	0.00568	0.00712	0.00775	0.05750	0.00575	0.00531	0.01044	0.10957	0.01510	0.20914	0.23478	0.11299	0.03412	0.00599	0.00166	0.02809	0.03525	0.10167	0.00464
5	0.01483	0.01275	0.01165	0.00986	0.01230	0.20682	0.00774	0.31628	0.04917	0.08025	0.01241	0.10091	0.01069	0.04031	0.00608	0.00155	0.06352	0.00499	0.03167	0.00623
6	0.01257	0.00680	0.00748	0.00634	0.00841	0.00693	0.00504	0.18856	0.01290	0.15318	0.01461	0.01550	0.01081	0.00544	0.00376	0.00120	0.00309	0.00430	0.52743	0.00566
7	0.00770	0.00622	0.00767	0.02898	0.04527	0.03738	0.02702	0.01019	0.09444	0.01279	0.03307	0.28917	0.05799	0.14454	0.09977	0.00270	0.00464	0.00802	0.07804	0.00439
8	0.00856	0.00428	0.00428	0.00428	0.00535	0.00428	0.00321	0.01070	0.00963	0.01712	0.01498	0.01712	0.01177	0.00535	0.00321	0.00107	0.00214	0.00428	0.86414	0.00428
9	0.00875	0.00753	0.01012	0.09587	0.01138	0.00946	0.00724	0.04154	0.03199	0.01129	0.01037	0.01835	0.01062	0.30780	0.08062	0.00322	0.32188	0.00509	0.00251	0.00433
10	0.00969	0.10016	0.13619	0.00927	0.04320	0.00962	0.00810	0.01608	0.29369	0.03195	0.21238	0.02086	0.07638	0.00677	0.00467	0.00144	0.00388	0.00566	0.00394	0.00608
11	0.00856	0.00428	0.00428	0.00428	0.00535	0.00428	0.00321	0.01070	0.00963	0.01712	0.01498	0.01712	0.01177	0.00535	0.00321	0.00107	0.00214	0.00428	0.86414	0.00428
12	0.30197	0.05528	0.05925	0.04898	0.24791	0.11223	0.06283	0.03509	0.01005	0.01639	0.00764	0.00946	0.00612	0.00428	0.00389	0.00137	0.00538	0.00337	0.00250	0.00600
13	0.04513	0.01211	0.04645	0.06716	0.12653	0.09352	0.07658	0.21068	0.16029	0.01852	0.01198	0.05058	0.00975	0.00652	0.03104	0.00165	0.00560	0.01593	0.00343	0.00655
14	0.00948	0.00743	0.01069	0.18131	0.01479	0.00815	0.04361	0.08306	0.02069	0.05721	0.02569	0.04624	0.02925	0.08098	0.21084	0.00319	0.05711	0.02589	0.00298	0.08139

[dist]
# distance from previous block
# <min> <max>
0	3

[block]
# block no. 3 follows, 56 sequences, length 16
# corresponding to MSA columns:
# 358-373
name=unknown_D
#
# <colnr> <probs for GDERKNQSTAVLIFYWHMCP>
#	G	D	E	R	K	N	Q	S	T	A	V	L	I	F	Y	W	H	M	C	P
0	0.03918	0.15065	0.01132	0.00718	0.01031	0.07085	0.00589	0.04689	0.01022	0.01436	0.01267	0.06552	0.07564	0.00614	0.02790	0.00120	0.00417	0.00415	0.05278	0.38298
1	0.00922	0.00914	0.01555	0.41803	0.04819	0.03857	0.19179	0.01184	0.00935	0.01216	0.00994	0.05798	0.00883	0.09957	0.00736	0.00188	0.03805	0.00512	0.00233	0.00509
2	0.00587	0.00430	0.00559	0.00639	0.00697	0.00395	0.00446	0.00689	0.00923	0.01228	0.05663	0.66182	0.08946	0.01349	0.00576	0.00180	0.00275	0.06527	0.00424	0.03283
3	0.00833	0.00754	0.01049	0.00962	0.00984	0.00983	0.00766	0.00936	0.00750	0.01104	0.01183	0.16945	0.01287	0.07302	0.14263	0.00302	0.45890	0.03000	0.00263	0.00445
4	0.04806	0.00977	0.01138	0.00891	0.01224	0.01000	0.00730	0.33738	0.05839	0.35870	0.05724	0.01457	0.01155	0.00578	0.00455	0.00140	0.00421	0.00456	0.02659	0.00740
5	0.00856	0.00428	0.00428	0.00428	0.00535	0.00428	0.00321	0.01070	0.00963	0.01712	0.01498	0.01712	0.01177	0.00535	0.00321	0.00107	0.00214	0.00428	0.86414	0.00428
6	0.00577	0.00412	0.00553	0.00660	0.00694	0.00388	0.00457	0.00670	0.00897	0.01192	0.02520	0.75787	0.02997	0.01421	0.00591	0.00189	0.00282	0.08907	0.00426	0.00378
7	0.01024	0.01180	0.10184	0.01209	0.01316	0.03710	0.03025	0.03406	0.00803	0.01202	0.00681	0.01041	0.00632	0.00857	0.04993	0.00214	0.63383	0.00400	0.00211	0.00529
8	0.00856	0.00428	0.00428	0.00428	0.00535	0.00428	0.00321	0.01070	0.00963	0.01712	0.01498	0.01712	0.01177	0.00535	0.00321	0.00107	0.00214	0.00428	0.86414	0.00428
9	0.00568	0.00466	0.00501	0.00492	0.00636	0.00398	0.00369	0.00709	0.01107	0.01384	0.22879	0.04181	0.62498	0.01109	0.00542	0.00152	0.00229	0.00936	0.00445	0.00398
10	0.00689	0.00513	0.00689	0.00673	0.00712	0.00586	0.00480	0.00777	0.00704	0.00992	0.01273	0.02262	0.01331	0.38283	0.40739	0.00566	0.07554	0.00561	0.00256	0.00360
11	0.00666	0.00448	0.00516	0.00528	0.00535	0.00446	0.00313	0.00683	0.00701	0.00933	0.01559	0.07283	0.01796	0.74831	0.02148	0.00418	0.00435	0.05176	0.00294	0.00291
12	0.71660	0.00868	0.00746	0.00642	0.00939	0.00965	0.00529	0.01511	0.00878	0.16457	0.00852	0.00894	0.00613	0.00452	0.00316	0.00142	0.00362	0.00287	0.00336	0.00549
13	0.00856	0.00428	0.00428	0.00428	0.00535	0.00428	0.00321	0.01070	0.00963	0.01712	0.01498	0.01712	0.01177	0.00535	0.00321	0.00107	0.00214	0.00428	0.86414	0.00428
14	0.00817	0.00715	0.01097	0.14417	0.12132	0.00856	0.00859	0.00994	0.00804	0.01144	0.01062	0.04911	0.01008	0.06265	0.35149	0.00423	0.16138	0.00493	0.00237	0.00478
15	0.26502	0.03455	0.02226	0.05059	0.09412	0.12615	0.03178	0.05188	0.03771	0.09612	0.11495	0.01415	0.03179	0.00543	0.00412	0.00139	0.00466	0.00423	0.00337	0.00574

[dist]
# distance from previous block
# <min> <max>
0	2

[block]
# block no. 4 follows, 56 sequences, length 8
# corresponding to MSA columns:
# 376-383
name=unknown_E
#
# <colnr> <probs for GDERKNQSTAVLIFYWHMCP>
#	G	D	E	R	K	N	Q	S	T	A	V	L	I	F	Y	W	H	M	C	P
0	0.01004	0.01004	0.01406	0.01205	0.01205	0.01406	0.01004	0.01105	0.00703	0.01105	0.00603	0.01004	0.00603	0.00804	0.01507	0.00201	0.83025	0.00402	0.00201	0.00502
1	0.00700	0.00494	0.00539	0.00518	0.00676	0.00425	0.00391	0.00822	0.01058	0.08417	0.08325	0.04033	0.61260	0.06939	0.00665	0.00176	0.00267	0.03446	0.00433	0.00419
2	0.03793	0.01063	0.01658	0.14704	0.01894	0.04954	0.27265	0.05928	0.16042	0.06554	0.01191	0.04108	0.00946	0.03499	0.00598	0.00164	0.04210	0.00506	0.00314	0.00607
3	0.01034	0.16534	0.47484	0.01108	0.01621	0.01176	0.01281	0.08647	0.06285	0.01526	0.01038	0.08378	0.00875	0.00541	0.00429	0.00141	0.00572	0.00428	0.00258	0.00648
4	0.01004	0.01004	0.01406	0.01205	0.01205	0.01406	0.01004	0.01105	0.00703	0.01105	0.00603	0.01004	0.00603	0.00804	0.01507	0.00201	0.83025	0.00402	0.00201	0.00502
5	0.01255	0.00755	0.00865	0.00776	0.00968	0.04461	0.00600	0.10777	0.06179	0.23206	0.01777	0.15100	0.01635	0.12734	0.02980	0.00214	0.00427	0.09370	0.05363	0.00559
6	0.01171	0.04975	0.06377	0.16282	0.41599	0.01130	0.01236	0.08556	0.08202	0.04570	0.00989	0.01188	0.00772	0.00457	0.00449	0.00140	0.00537	0.00409	0.00275	0.00687
7	0.01288	0.07979	0.01313	0.01116	0.08345	0.06571	0.05276	0.10043	0.19810	0.12866	0.01464	0.04113	0.02647	0.07287	0.00656	0.00171	0.03904	0.04140	0.00377	0.00633

[dist]
# distance from previous block
# <min> <max>
0	1

[block]
# block no. 5 follows, 56 sequences, length 45
# corresponding to MSA columns:
# 385-429
name=unknown_F
#
# <colnr> <probs for GDERKNQSTAVLIFYWHMCP>
#	G	D	E	R	K	N	Q	S	T	A	V	L	I	F	Y	W	H	M	C	P
0	0.01163	0.02935	0.06045	0.02124	0.48365	0.05045	0.05173	0.03597	0.09014	0.03521	0.01058	0.03454	0.00892	0.00502	0.00496	0.00143	0.03174	0.02341	0.00273	0.00685
1	0.03379	0.01151	0.01744	0.06242	0.60216	0.06551	0.03775	0.05720	0.01122	0.04420	0.00895	0.01127	0.00724	0.00429	0.00451	0.00137	0.00562	0.00404	0.00253	0.00699
2	0.01004	0.01004	0.01406	0.01205	0.01205	0.01406	0.01004	0.01105	0.00703	0.01105	0.00603	0.01004	0.00603	0.00804	0.01507	0.00201	0.83025	0.00402	0.00201	0.00502
3	0.00950	0.00732	0.00794	0.00730	0.00828	0.06283	0.00530	0.09674	0.02651	0.04189	0.03189	0.09125	0.01457	0.31702	0.11822	0.00336	0.07660	0.00600	0.06311	0.00438
4	0.00579	0.00432	0.00528	0.00590	0.00657	0.00395	0.00411	0.00677	0.00940	0.01216	0.07467	0.47216	0.23543	0.08042	0.00717	0.00198	0.00278	0.05322	0.00418	0.00375
5	0.05441	0.00838	0.01033	0.00827	0.01126	0.00826	0.00670	0.17259	0.04208	0.44873	0.04508	0.01604	0.01194	0.04920	0.08323	0.00213	0.00487	0.00472	0.00483	0.00694
6	0.00621	0.00455	0.00587	0.00610	0.00700	0.00420	0.00453	0.00786	0.01125	0.01533	0.41655	0.27038	0.12203	0.01142	0.00564	0.00165	0.00254	0.08817	0.00465	0.00410
7	0.01145	0.42084	0.35491	0.01043	0.01540	0.09077	0.01177	0.01451	0.00983	0.01241	0.00723	0.00843	0.00586	0.00419	0.00365	0.00120	0.00601	0.00290	0.00199	0.00621
8	0.00566	0.00407	0.00537	0.00628	0.00666	0.00378	0.00424	0.00658	0.00919	0.01229	0.08951	0.74296	0.05863	0.01388	0.00581	0.00182	0.00261	0.01255	0.00433	0.00378
9	0.03786	0.01182	0.04594	0.00907	0.01189	0.11387	0.00750	0.36422	0.07355	0.03352	0.01225	0.03878	0.00954	0.00635	0.02465	0.00147	0.00488	0.00432	0.18213	0.00637
10	0.00850	0.00782	0.00958	0.00889	0.00951	0.07717	0.00696	0.00974	0.00768	0.01064	0.01023	0.01611	0.00995	0.10849	0.43013	0.00496	0.25228	0.00467	0.00235	0.00434
11	0.81103	0.00894	0.00711	0.00625	0.00915	0.01025	0.00515	0.03469	0.00841	0.05560	0.00703	0.00791	0.00533	0.00436	0.00297	0.00142	0.00361	0.00262	0.00301	0.00517
12	0.01305	0.01388	0.01436	0.01219	0.01455	0.30361	0.14949	0.01634	0.10970	0.05343	0.01203	0.01749	0.01059	0.00647	0.00620	0.00156	0.11160	0.12480	0.00306	0.00564
13	0.00615	0.00480	0.00562	0.00566	0.00685	0.00438	0.00419	0.00814	0.04578	0.01471	0.30632	0.17863	0.34847	0.01112	0.00549	0.00158	0.00244	0.03095	0.00456	0.00417
14	0.00699	0.00548	0.00738	0.00727	0.00756	0.00637	0.00527	0.00782	0.00744	0.01045	0.01494	0.21601	0.01659	0.26643	0.24122	0.00421	0.15465	0.00723	0.00291	0.00378
15	0.00856	0.00428	0.00428	0.00428	0.00535	0.00428	0.00321	0.01070	0.00963	0.01712	0.01498	0.01712	0.01177	0.00535	0.00321	0.00107	0.00214	0.00428	0.86414	0.00428
16	0.01098	0.00874	0.00851	0.00765	0.00890	0.13503	0.00559	0.05766	0.04050	0.09744	0.04575	0.02029	0.01334	0.32102	0.08006	0.00304	0.07081	0.00523	0.05483	0.00462
17	0.02758	0.01222	0.06252	0.01456	0.03745	0.05047	0.36456	0.16167	0.01274	0.09315	0.01128	0.06700	0.00905	0.00598	0.02490	0.00165	0.02839	0.00525	0.00318	0.00640
18	0.00856	0.00428	0.00428	0.00428	0.00535	0.00428	0.00321	0.01070	0.00963	0.01712	0.01498	0.01712	0.01177	0.00535	0.00321	0.00107	0.00214	0.00428	0.86414	0.00428
19	0.32192	0.05607	0.01249	0.17283	0.06648	0.02763	0.08282	0.01327	0.00899	0.05071	0.00837	0.01063	0.00659	0.00604	0.04280	0.00172	0.05699	0.00358	0.04469	0.00537
20	0.01224	0.80691	0.02349	0.00792	0.01179	0.01789	0.00783	0.01419	0.04221	0.01115	0.00689	0.00777	0.00623	0.00402	0.00302	0.00101	0.00486	0.00257	0.00208	0.00595
21	0.00658	0.00482	0.00686	0.00686	0.00749	0.00545	0.00509	0.00786	0.00722	0.01027	0.01278	0.02068	0.01263	0.21180	0.64467	0.00673	0.01057	0.00531	0.00253	0.00381
22	0.00605	0.00479	0.00546	0.00527	0.00663	0.00425	0.00396	0.00793	0.02925	0.01529	0.39263	0.03907	0.44201	0.01049	0.00540	0.00150	0.00228	0.00896	0.00463	0.00416
23	0.00673	0.00517	0.00770	0.00761	0.00839	0.00615	0.00595	0.00834	0.00736	0.01068	0.01199	0.01765	0.01121	0.03314	0.78109	0.00712	0.05228	0.00487	0.00244	0.00414
24	0.01250	0.77383	0.02323	0.00812	0.01192	0.01784	0.00796	0.05632	0.00994	0.01180	0.00663	0.00764	0.00600	0.00412	0.00336	0.00103	0.02710	0.00259	0.00211	0.00597
25	0.02724	0.04455	0.01392	0.24577	0.06082	0.01140	0.03343	0.27569	0.04514	0.11752	0.01125	0.01341	0.00843	0.00534	0.00476	0.00145	0.02050	0.03125	0.00357	0.02457
26	0.00959	0.12469	0.47384	0.11519	0.11385	0.01123	0.01418	0.01360	0.00971	0.01365	0.01013	0.01179	0.04985	0.00470	0.00429	0.00140	0.00606	0.00378	0.00212	0.00636
27	0.00697	0.00485	0.00558	0.00578	0.00673	0.00463	0.00410	0.05947	0.01025	0.01411	0.06943	0.36263	0.20298	0.06736	0.00639	0.00178	0.00275	0.00951	0.15063	0.00409
28	0.00911	0.15883	0.10939	0.11119	0.01444	0.00952	0.07961	0.01223	0.07926	0.03697	0.01481	0.26759	0.01498	0.03779	0.02245	0.00175	0.00484	0.00683	0.00311	0.00529
29	0.01314	0.08441	0.22771	0.01297	0.13312	0.10514	0.01094	0.05264	0.06787	0.16003	0.01280	0.01322	0.05337	0.00527	0.00467	0.00139	0.02735	0.00413	0.00317	0.00667
30	0.00575	0.00462	0.00520	0.00521	0.00650	0.00406	0.00387	0.00714	0.01076	0.01367	0.22256	0.11060	0.51870	0.01249	0.04645	0.00185	0.00282	0.00942	0.00436	0.00398
31	0.05040	0.00968	0.01074	0.00866	0.01187	0.08474	0.00700	0.07313	0.11645	0.52364	0.04386	0.01517	0.01183	0.00573	0.00454	0.00141	0.00429	0.00455	0.00504	0.00728
32	0.02354	0.01258	0.17442	0.06178	0.12963	0.07274	0.03123	0.06554	0.06210	0.07949	0.04634	0.09631	0.01286	0.00668	0.00524	0.00154	0.03946	0.06916	0.00325	0.00609
33	0.01115	0.05210	0.14123	0.10309	0.17036	0.02441	0.03122	0.03833	0.12086	0.10061	0.06249	0.01624	0.06948	0.00654	0.03063	0.00162	0.00518	0.00482	0.00327	0.00637
34	0.01253	0.01433	0.01427	0.01208	0.01392	0.33365	0.12182	0.03180	0.01058	0.01214	0.01040	0.04627	0.05128	0.00799	0.05305	0.00187	0.23979	0.00453	0.00250	0.00521
35	0.00964	0.00906	0.01352	0.24569	0.21816	0.07233	0.07180	0.01156	0.00960	0.01243	0.01203	0.09138	0.03991	0.00737	0.00651	0.11080	0.00540	0.03730	0.01037	0.00514
36	0.01037	0.00789	0.01128	0.09842	0.10261	0.00823	0.05094	0.13912	0.03971	0.06450	0.06014	0.12270	0.04866	0.00958	0.04134	0.02512	0.00482	0.14525	0.00375	0.00554
37	0.01064	0.01174	0.11019	0.07213	0.26228	0.05407	0.08903	0.08094	0.03199	0.02210	0.01225	0.17122	0.01162	0.00649	0.00519	0.00152	0.03171	0.00585	0.00290	0.00614
38	0.02653	0.01325	0.24347	0.01065	0.02913	0.00958	0.03192	0.16711	0.06471	0.20850	0.01339	0.02913	0.01028	0.00647	0.00542	0.04874	0.00508	0.06614	0.00378	0.00671
39	0.14307	0.00749	0.00942	0.00841	0.05233	0.00709	0.00630	0.01773	0.02395	0.48326	0.01674	0.06073	0.03698	0.04753	0.02694	0.00174	0.00400	0.00500	0.03475	0.00654
40	0.01091	0.01030	0.01714	0.16589	0.56199	0.01071	0.04033	0.04611	0.03266	0.01502	0.01032	0.01288	0.03608	0.00456	0.00462	0.00141	0.00547	0.00437	0.00247	0.00675
41	0.01399	0.11410	0.01291	0.04276	0.01256	0.04100	0.00739	0.42266	0.01560	0.03516	0.01091	0.01367	0.00898	0.12680	0.00697	0.00172	0.00483	0.00420	0.05535	0.04841
42	0.04941	0.00597	0.00755	0.03461	0.06591	0.02576	0.00577	0.03641	0.00935	0.01295	0.03210	0.55540	0.03807	0.04800	0.00672	0.00187	0.04592	0.01016	0.00377	0.00431
43	0.19665	0.03474	0.05803	0.01416	0.18982	0.09505	0.08525	0.17033	0.01242	0.04711	0.00993	0.01119	0.02805	0.00475	0.00418	0.00137	0.00533	0.00386	0.02138	0.00638
44	0.00885	0.00758	0.01153	0.16084	0.25624	0.00791	0.00924	0.04876	0.01025	0.01373	0.02742	0.12072	0.08563	0.09016	0.00693	0.00189	0.00462	0.11932	0.00313	0.00525

[dist]
# distance from previous block
# <min> <max>
0	2

[block]
# block no. 6 follows, 56 sequences, length 7
# corresponding to MSA columns:
# 432-438
name=unknown_G
#
# <colnr> <probs for GDERKNQSTAVLIFYWHMCP>
#	G	D	E	R	K	N	Q	S	T	A	V	L	I	F	Y	W	H	M	C	P
0	0.04205	0.00789	0.10796	0.00712	0.00908	0.00617	0.00607	0.02908	0.04240	0.04810	0.08651	0.13476	0.10399	0.18887	0.10355	0.00280	0.00483	0.00678	0.00345	0.05854
1	0.05695	0.01113	0.11754	0.00945	0.06106	0.08350	0.00766	0.13831	0.01166	0.03930	0.04864	0.03668	0.12267	0.11102	0.00737	0.03588	0.00466	0.00518	0.00328	0.08807
2	0.00888	0.00699	0.00742	0.00711	0.00796	0.10001	0.00515	0.05775	0.00868	0.01119	0.01270	0.04205	0.04743	0.13054	0.24494	0.25367	0.00682	0.00505	0.03199	0.00367
3	0.01008	0.04625	0.01181	0.21754	0.01643	0.00922	0.04632	0.01480	0.19479	0.07769	0.03580	0.07158	0.05136	0.00762	0.03135	0.00171	0.03915	0.05338	0.00347	0.05962
4	0.01199	0.00899	0.01037	0.00816	0.01149	0.00865	0.00655	0.17272	0.14420	0.08225	0.01178	0.01257	0.00912	0.00809	0.09886	0.00181	0.00485	0.00383	0.00363	0.38008
5	0.00842	0.00512	0.00807	0.07380	0.10141	0.00528	0.00586	0.00738	0.00675	0.00909	0.00807	0.01352	0.00775	0.01367	0.01533	0.69726	0.00433	0.00401	0.00203	0.00285
6	0.01021	0.18848	0.20312	0.09287	0.01470	0.11199	0.00966	0.03531	0.02549	0.01315	0.06186	0.07645	0.06216	0.03361	0.02592	0.00162	0.00554	0.01964	0.00273	0.00547

[dist]
# distance from previous block
# <min> <max>
0	2

[block]
# block no. 7 follows, 56 sequences, length 6
# corresponding to MSA columns:
# 441-445,447
name=unknown_H
#
# <colnr> <probs for GDERKNQSTAVLIFYWHMCP>
#	G	D	E	R	K	N	Q	S	T	A	V	L	I	F	Y	W	H	M	C	P
0	0.01064	0.00794	0.00940	0.00709	0.01068	0.00651	0.00565	0.01367	0.08335	0.10506	0.08801	0.01332	0.01153	0.00450	0.00385	0.00092	0.00336	0.00370	0.00346	0.60738
1	0.01307	0.01097	0.01105	0.00924	0.01209	0.07850	0.00732	0.30660	0.24218	0.02054	0.01548	0.05150	0.05914	0.00777	0.04853	0.00170	0.00487	0.00498	0.00410	0.09037
2	0.01215	0.03833	0.21568	0.04126	0.05050	0.06389	0.08836	0.16388	0.08760	0.04908	0.02705	0.03173	0.00923	0.00533	0.00484	0.00142	0.02800	0.02117	0.00315	0.05734
3	0.01152	0.05045	0.20965	0.01199	0.11330	0.09378	0.01005	0.09023	0.06287	0.07683	0.05078	0.04508	0.06479	0.04012	0.04689	0.00183	0.00562	0.00489	0.00320	0.00615
4	0.08908	0.15884	0.55987	0.01113	0.01673	0.01152	0.01358	0.01397	0.00965	0.01470	0.05458	0.01054	0.00795	0.00457	0.00404	0.00137	0.00590	0.00344	0.00221	0.00632
5	0.01025	0.00749	0.00974	0.19584	0.05741	0.03915	0.00768	0.01333	0.08967	0.14356	0.10044	0.09495	0.14910	0.00792	0.00502	0.00155	0.00411	0.05344	0.00392	0.00543

[dist]
# distance from previous block
# <min> <max>
0	1

[block]
# block no. 8 follows, 56 sequences, length 10
# corresponding to MSA columns:
# 449,450,453-460
name=unknown_I
#
# <colnr> <probs for GDERKNQSTAVLIFYWHMCP>
#	G	D	E	R	K	N	Q	S	T	A	V	L	I	F	Y	W	H	M	C	P
0	0.01149	0.20441	0.12750	0.01082	0.06678	0.09811	0.04933	0.05614	0.05486	0.05987	0.01558	0.05002	0.10707	0.00639	0.00446	0.00139	0.00514	0.06164	0.00309	0.00590
1	0.00783	0.00488	0.00641	0.00659	0.00748	0.00463	0.00469	0.03374	0.01031	0.09849	0.17312	0.49385	0.02859	0.04749	0.04735	0.00211	0.00334	0.01029	0.00442	0.00439
2	0.00713	0.00627	0.00641	0.00721	0.00779	0.10327	0.00505	0.00808	0.00943	0.01181	0.02301	0.67743	0.02710	0.01308	0.00569	0.00180	0.00346	0.06800	0.00403	0.00396
3	0.00980	0.04239	0.03941	0.29807	0.13138	0.04329	0.09524	0.01321	0.07472	0.03568	0.01307	0.13797	0.03365	0.00626	0.00481	0.00152	0.00537	0.00572	0.00283	0.00563
4	0.01147	0.01013	0.03232	0.10531	0.13441	0.05142	0.10686	0.05267	0.01046	0.09992	0.01233	0.05987	0.04203	0.00643	0.00703	0.00159	0.18445	0.02672	0.03875	0.00584
5	0.11645	0.01268	0.01296	0.05744	0.05379	0.24583	0.06729	0.01336	0.00963	0.01284	0.00908	0.09745	0.00872	0.00725	0.02771	0.00172	0.23352	0.00462	0.00250	0.00515
6	0.01043	0.00873	0.01030	0.09488	0.01347	0.00840	0.00689	0.01634	0.28235	0.04127	0.01210	0.01262	0.00936	0.00457	0.00400	0.00110	0.00379	0.00377	0.00341	0.45222
7	0.01056	0.01025	0.01626	0.26111	0.50091	0.04689	0.01292	0.01329	0.01034	0.01406	0.05263	0.01275	0.00887	0.00456	0.00459	0.00141	0.00560	0.00427	0.00236	0.00638
8	0.00902	0.00849	0.01401	0.50572	0.24438	0.00963	0.01199	0.01176	0.00969	0.01272	0.01296	0.01589	0.10411	0.00531	0.00468	0.00149	0.00547	0.00477	0.00238	0.00555
9	0.00827	0.10858	0.01216	0.32162	0.10649	0.00886	0.00876	0.01038	0.00982	0.01244	0.06507	0.02270	0.23870	0.04093	0.00544	0.00157	0.00452	0.00584	0.00290	0.00495

[dist]
# distance from previous block
# <min> <max>
0	1

[block]
# block no. 9 follows, 56 sequences, length 46
# corresponding to MSA columns:
# 462-507
name=unknown_J
#
# <colnr> <probs for GDERKNQSTAVLIFYWHMCP>
#	G	D	E	R	K	N	Q	S	T	A	V	L	I	F	Y	W	H	M	C	P
0	0.00710	0.00502	0.00602	0.00572	0.00709	0.00454	0.00430	0.03179	0.01201	0.05681	0.41512	0.11183	0.29495	0.01030	0.00540	0.00152	0.00244	0.00890	0.00473	0.00440
1	0.03622	0.01119	0.12623	0.10739	0.02675	0.03869	0.00887	0.13030	0.20717	0.02775	0.17803	0.03505	0.03394	0.00645	0.00472	0.00147	0.00444	0.00536	0.00385	0.00613
2	0.01252	0.01369	0.24720	0.01033	0.04466	0.06459	0.02275	0.01544	0.01069	0.19956	0.01087	0.03132	0.00811	0.00461	0.00415	0.00118	0.00498	0.00373	0.00317	0.28643
3	0.03553	0.05855	0.07397	0.01090	0.01322	0.37592	0.02342	0.08037	0.01157	0.01330	0.01986	0.06088	0.00853	0.01888	0.04802	0.00176	0.13319	0.00410	0.00262	0.00542
4	0.05831	0.01318	0.08219	0.01062	0.01414	0.06544	0.04694	0.37923	0.22003	0.02263	0.03267	0.01279	0.00984	0.00550	0.00453	0.00143	0.00503	0.00435	0.00405	0.00710
5	0.01252	0.01015	0.01250	0.04046	0.05727	0.01125	0.06528	0.09119	0.54216	0.08036	0.01635	0.01563	0.01209	0.00578	0.00470	0.00152	0.00427	0.00497	0.00435	0.00720
6	0.00561	0.00459	0.00494	0.00500	0.00635	0.00393	0.00369	0.00688	0.01068	0.01325	0.16016	0.12183	0.61403	0.01156	0.00547	0.00157	0.00233	0.00981	0.00438	0.00393
7	0.87108	0.00888	0.00675	0.00604	0.00888	0.01030	0.00497	0.01350	0.00781	0.02060	0.00639	0.00746	0.00497	0.00426	0.00284	0.00142	0.00355	0.00249	0.00284	0.00497
8	0.00568	0.00411	0.00539	0.00638	0.00678	0.00382	0.00438	0.00658	0.00901	0.01188	0.02680	0.73513	0.08690	0.01409	0.00585	0.00186	0.00272	0.05461	0.00426	0.00377
9	0.00867	0.00816	0.01377	0.82762	0.03162	0.01020	0.01275	0.01173	0.00918	0.01173	0.00816	0.01224	0.00612	0.00459	0.00459	0.00153	0.00612	0.00408	0.00204	0.00510
10	0.87108	0.00888	0.00675	0.00604	0.00888	0.01030	0.00497	0.01350	0.00781	0.02060	0.00639	0.00746	0.00497	0.00426	0.00284	0.00142	0.00355	0.00249	0.00284	0.00497
11	0.00582	0.00416	0.00559	0.00666	0.00702	0.00393	0.00466	0.00679	0.00902	0.01198	0.02518	0.73568	0.02986	0.01417	0.00592	0.00190	0.00286	0.11076	0.00426	0.00379
12	0.00629	0.00531	0.00721	0.00676	0.00812	0.00483	0.07756	0.00790	0.03201	0.01270	0.07529	0.27773	0.38293	0.06566	0.00671	0.00183	0.00310	0.00991	0.00404	0.00410
13	0.01715	0.02188	0.01301	0.01183	0.01419	0.82022	0.00887	0.01833	0.01301	0.01124	0.00710	0.00828	0.00591	0.00473	0.00414	0.00118	0.00828	0.00296	0.00237	0.00532
14	0.00567	0.00405	0.00528	0.00624	0.00653	0.00379	0.00413	0.00642	0.00868	0.01153	0.02511	0.75474	0.05112	0.07445	0.00713	0.00204	0.00278	0.01249	0.00415	0.00366
15	0.87108	0.00888	0.00675	0.00604	0.00888	0.01030	0.00497	0.01350	0.00781	0.02060	0.00639	0.00746	0.00497	0.00426	0.00284	0.00142	0.00355	0.00249	0.00284	0.00497
16	0.01707	0.05644	0.01448	0.01107	0.02743	0.16268	0.04114	0.48852	0.01790	0.10232	0.01066	0.01085	0.00767	0.00521	0.00446	0.00133	0.00565	0.00393	0.00402	0.00717
17	0.01208	0.01019	0.01075	0.00948	0.01219	0.01173	0.00743	0.10823	0.71682	0.02026	0.01785	0.01646	0.01334	0.00615	0.00466	0.00154	0.00379	0.00508	0.00466	0.00733
18	0.00856	0.00428	0.00428	0.00428	0.00535	0.00428	0.00321	0.01070	0.00963	0.01712	0.01498	0.01712	0.01177	0.00535	0.00321	0.00107	0.00214	0.00428	0.86414	0.00428
19	0.00667	0.00449	0.00518	0.00518	0.00524	0.00454	0.00300	0.00679	0.00673	0.00903	0.01431	0.02917	0.01631	0.77997	0.08153	0.00466	0.00502	0.00655	0.00276	0.00288
20	0.00714	0.00514	0.00707	0.00804	0.00906	0.00507	0.00689	0.00911	0.01050	0.01364	0.04590	0.10814	0.06721	0.01267	0.00624	0.00205	0.00396	0.66372	0.00425	0.00418
21	0.01715	0.02188	0.01301	0.01183	0.01419	0.82022	0.00887	0.01833	0.01301	0.01124	0.00710	0.00828	0.00591	0.00473	0.00414	0.00118	0.00828	0.00296	0.00237	0.00532
22	0.00901	0.00472	0.00477	0.00460	0.00580	0.00479	0.00349	0.05088	0.01024	0.01772	0.01477	0.01680	0.01156	0.00536	0.00328	0.00109	0.00229	0.00427	0.82009	0.00446
23	0.00546	0.00465	0.00470	0.00469	0.00623	0.00389	0.00352	0.00666	0.01056	0.01262	0.07423	0.04382	0.78030	0.01155	0.00543	0.00155	0.00232	0.00964	0.00429	0.00389
24	0.00654	0.00477	0.00615	0.00604	0.00713	0.00443	0.00465	0.00854	0.01223	0.01691	0.60272	0.03758	0.10902	0.03455	0.00608	0.00164	0.00254	0.11946	0.00480	0.00423
25	0.01084	0.01238	0.02709	0.01935	0.02399	0.01161	0.79334	0.01471	0.01084	0.01471	0.00929	0.01238	0.00697	0.00387	0.00542	0.00155	0.00774	0.00542	0.00232	0.00619
26	0.01873	0.00773	0.01027	0.00808	0.01135	0.00694	0.00660	0.02146	0.07771	0.68534	0.08057	0.01722	0.01411	0.00602	0.00468	0.00143	0.00375	0.00496	0.00555	0.00749
27	0.00565	0.00404	0.00528	0.00625	0.00655	0.00377	0.00415	0.00642	0.00874	0.01159	0.02548	0.76287	0.05794	0.05927	0.00680	0.00199	0.00275	0.01258	0.00418	0.00368
28	0.00669	0.00542	0.00596	0.00598	0.00740	0.00518	0.00455	0.00960	0.12206	0.01363	0.08598	0.08282	0.44920	0.07135	0.00676	0.00184	0.00291	0.10409	0.00426	0.00434
29	0.01004	0.01004	0.01406	0.01205	0.01205	0.01406	0.01004	0.01105	0.00703	0.01105	0.00603	0.01004	0.00603	0.00804	0.01507	0.00201	0.83025	0.00402	0.00201	0.00502
30	0.01142	0.00986	0.01038	0.00934	0.01194	0.01142	0.00727	0.02440	0.80172	0.01920	0.01869	0.01713	0.01401	0.00623	0.00467	0.00156	0.00363	0.00519	0.00467	0.00727
31	0.00952	0.00816	0.00952	0.00680	0.01088	0.00612	0.00544	0.01156	0.00952	0.01496	0.00816	0.00952	0.00680	0.00340	0.00340	0.00068	0.00340	0.00272	0.00272	0.86672
32	0.00574	0.00416	0.00544	0.00634	0.00679	0.00386	0.00438	0.00673	0.00928	0.01232	0.07807	0.68261	0.08775	0.01376	0.00583	0.00183	0.00269	0.05430	0.00431	0.00381
33	0.00559	0.00400	0.00533	0.00639	0.00666	0.00373	0.00426	0.00639	0.00879	0.01172	0.02530	0.83566	0.03036	0.01438	0.00586	0.00186	0.00266	0.01305	0.00426	0.00373
34	0.00973	0.00869	0.01360	0.69304	0.02852	0.01067	0.01202	0.10253	0.01056	0.01381	0.00856	0.01213	0.00642	0.00481	0.00487	0.00152	0.03025	0.00409	0.01879	0.00540
35	0.01218	0.77689	0.04564	0.03229	0.01265	0.03442	0.00828	0.01381	0.00941	0.01094	0.00650	0.00759	0.00590	0.00398	0.00306	0.00102	0.00507	0.00254	0.00197	0.00588
36	0.00671	0.00508	0.00742	0.00734	0.00806	0.00595	0.00564	0.00817	0.00730	0.01051	0.01225	0.01883	0.01174	0.10788	0.71454	0.00689	0.04415	0.00505	0.00247	0.00401
37	0.00668	0.00445	0.00501	0.00501	0.00501	0.00445	0.00278	0.00668	0.00668	0.00890	0.01447	0.03004	0.01669	0.83866	0.02337	0.00445	0.00445	0.00668	0.00278	0.00278
38	0.00590	0.00417	0.00544	0.00634	0.00663	0.00396	0.00428	0.00668	0.00861	0.01145	0.02358	0.65183	0.02798	0.13963	0.00856	0.00228	0.00306	0.07198	0.00403	0.00362
39	0.06572	0.01003	0.01135	0.00912	0.01242	0.01059	0.00742	0.26823	0.22762	0.30475	0.01534	0.01410	0.01058	0.00569	0.00452	0.00144	0.00418	0.00450	0.00490	0.00750
40	0.01096	0.43916	0.34221	0.01174	0.08502	0.01451	0.01207	0.01410	0.00957	0.01268	0.00733	0.00865	0.00598	0.00412	0.00366	0.00121	0.00571	0.00298	0.00198	0.00637
41	0.01035	0.01121	0.04687	0.44872	0.17321	0.12509	0.01211	0.01298	0.00989	0.01237	0.00919	0.02471	0.02637	0.00503	0.00515	0.00148	0.05335	0.00417	0.00221	0.00555
42	0.01004	0.01004	0.01406	0.01205	0.01205	0.01406	0.01004	0.01105	0.00703	0.01105	0.00603	0.01004	0.00603	0.00804	0.01507	0.00201	0.83025	0.00402	0.00201	0.00502
43	0.01026	0.05326	0.15571	0.01516	0.18927	0.07589	0.08401	0.01286	0.00995	0.01366	0.08735	0.03208	0.02265	0.00704	0.03639	0.00174	0.16538	0.01895	0.00255	0.00584
44	0.00856	0.00428	0.00428	0.00428	0.00535	0.00428	0.00321	0.01070	0.00963	0.01712	0.01498	0.01712	0.01177	0.00535	0.00321	0.00107	0.00214	0.00428	0.86414	0.00428
45	0.05342	0.01156	0.01345	0.03509	0.20035	0.14992	0.05672	0.04206	0.06797	0.01487	0.01008	0.07080	0.00890	0.00521	0.00484	0.00128	0.04747	0.00432	0.00280	0.19890

[dist]
# distance from previous block
# <min> <max>
2	8

[block]
# block no. 10 follows, 56 sequences, length 16
# corresponding to MSA columns:
# 517-532
name=unknown_K
#
# <colnr> <probs for GDERKNQSTAVLIFYWHMCP>
#	G	D	E	R	K	N	Q	S	T	A	V	L	I	F	Y	W	H	M	C	P
0	0.00681	0.00487	0.00614	0.00669	0.00729	0.00478	0.00464	0.07403	0.00996	0.01332	0.05708	0.63065	0.02768	0.08354	0.00724	0.00203	0.00306	0.04195	0.00420	0.00404
1	0.00746	0.00538	0.00676	0.00623	0.00738	0.00531	0.00464	0.07558	0.01248	0.01749	0.57498	0.03040	0.03432	0.11239	0.07695	0.00231	0.00355	0.00746	0.00452	0.00442
2	0.00856	0.00428	0.00428	0.00428	0.00535	0.00428	0.00321	0.01070	0.00963	0.01712	0.01498	0.01712	0.01177	0.00535	0.00321	0.00107	0.00214	0.00428	0.86414	0.00428
3	0.00910	0.01854	0.54333	0.01214	0.01721	0.01014	0.04955	0.01317	0.00933	0.01392	0.00947	0.08045	0.00808	0.00556	0.00576	0.00150	0.10668	0.00433	0.00223	0.07952
4	0.00617	0.00460	0.00555	0.00543	0.00645	0.00418	0.00392	0.00771	0.01126	0.01519	0.45451	0.09441	0.23975	0.11153	0.00764	0.00187	0.00252	0.00881	0.00451	0.00398
5	0.01718	0.01233	0.01335	0.01028	0.01385	0.01353	0.00847	0.73110	0.02089	0.06303	0.04138	0.01210	0.00930	0.00566	0.00462	0.00138	0.00489	0.00431	0.00466	0.00768
6	0.01063	0.01103	0.05112	0.41411	0.15347	0.07687	0.01212	0.06414	0.02346	0.01351	0.00823	0.01136	0.00651	0.00507	0.00597	0.00153	0.11884	0.00397	0.00231	0.00575
7	0.00558	0.00405	0.00527	0.00625	0.00662	0.00374	0.00420	0.00641	0.00893	0.01178	0.02707	0.76988	0.09501	0.01415	0.00582	0.00184	0.00264	0.01277	0.00426	0.00374
8	0.00667	0.00447	0.00512	0.00512	0.00516	0.00451	0.00292	0.00675	0.00671	0.00899	0.01436	0.02947	0.01644	0.80007	0.06161	0.00459	0.00483	0.00659	0.00277	0.00284
9	0.01047	0.01175	0.02540	0.01833	0.02264	0.01111	0.72601	0.01415	0.01054	0.01436	0.00955	0.01287	0.00735	0.00648	0.07509	0.00205	0.00813	0.00538	0.00233	0.00601
10	0.00962	0.02116	0.64704	0.01549	0.11666	0.01078	0.08625	0.01450	0.00989	0.01461	0.00838	0.01014	0.00610	0.00428	0.00448	0.00145	0.00671	0.00366	0.00201	0.00679
11	0.00665	0.00455	0.00550	0.00550	0.00567	0.00472	0.00339	0.00699	0.00682	0.00927	0.01402	0.02756	0.01561	0.67202	0.18852	0.00506	0.00608	0.00631	0.00272	0.00305
12	0.00656	0.00492	0.00738	0.00738	0.00820	0.00574	0.00574	0.00820	0.00738	0.01066	0.01230	0.01804	0.01148	0.03443	0.82046	0.00738	0.01230	0.00492	0.00246	0.00410
13	0.01732	0.01349	0.01337	0.04249	0.03094	0.14444	0.00877	0.52758	0.01845	0.12080	0.01109	0.01119	0.00786	0.00534	0.00452	0.00136	0.00549	0.00400	0.00422	0.00729
14	0.69288	0.11174	0.07768	0.00686	0.01017	0.01129	0.00634	0.01361	0.00816	0.01889	0.00655	0.00764	0.00516	0.00423	0.00298	0.00137	0.00399	0.00256	0.00266	0.00524
15	0.01342	0.12745	0.18909	0.01322	0.11936	0.08913	0.06428	0.13299	0.02630	0.12388	0.01077	0.05099	0.00849	0.00514	0.00439	0.00136	0.00566	0.00423	0.00312	0.00670

[dist]
# distance from previous block
# <min> <max>
0	1

[block]
# block no. 11 follows, 56 sequences, length 45
# corresponding to MSA columns:
# 534-578
name=unknown_L
#
# <colnr> <probs for GDERKNQSTAVLIFYWHMCP>
#	G	D	E	R	K	N	Q	S	T	A	V	L	I	F	Y	W	H	M	C	P
0	0.01167	0.03134	0.01631	0.20941	0.43209	0.01146	0.01232	0.13060	0.06974	0.01652	0.00956	0.01184	0.00754	0.00457	0.00453	0.00141	0.00540	0.00413	0.00273	0.00681
1	0.06886	0.01022	0.01122	0.00910	0.01220	0.02191	0.00738	0.33290	0.17557	0.19588	0.08078	0.01561	0.01291	0.00605	0.00460	0.00144	0.00421	0.01728	0.00474	0.00714
2	0.00907	0.00766	0.00895	0.00692	0.01032	0.00613	0.00539	0.01168	0.06422	0.01477	0.01144	0.13314	0.01081	0.00523	0.00385	0.00092	0.00331	0.00443	0.00308	0.67868
3	0.00571	0.00416	0.00539	0.00614	0.00665	0.00383	0.00420	0.00675	0.00957	0.01278	0.14379	0.64428	0.10303	0.01339	0.00575	0.00177	0.00256	0.01204	0.00438	0.00383
4	0.01374	0.00952	0.01043	0.00860	0.01151	0.01011	0.00691	0.29926	0.22895	0.14347	0.02176	0.02046	0.18086	0.00704	0.00480	0.00147	0.00391	0.00568	0.00471	0.00682
5	0.00618	0.00462	0.00595	0.00645	0.00729	0.00409	0.00444	0.00716	0.00890	0.01220	0.02275	0.71257	0.02685	0.01275	0.00549	0.00169	0.00277	0.01151	0.00403	0.13231
6	0.01028	0.02434	0.01391	0.01165	0.01205	0.04035	0.00968	0.01137	0.00742	0.01130	0.00620	0.00991	0.00607	0.00757	0.01377	0.00188	0.73729	0.00387	0.00206	0.05904
7	0.00997	0.12724	0.28313	0.25665	0.20833	0.01160	0.01380	0.01350	0.00967	0.01331	0.00806	0.01052	0.00626	0.00431	0.00428	0.00139	0.00602	0.00363	0.00205	0.00628
8	0.00584	0.00421	0.00541	0.00611	0.00658	0.00392	0.00416	0.00683	0.00939	0.01257	0.14242	0.58057	0.08491	0.08092	0.00721	0.00200	0.00274	0.02621	0.00426	0.00376
9	0.00575	0.00406	0.00528	0.00619	0.00641	0.00384	0.00404	0.00643	0.00847	0.01130	0.02369	0.71563	0.02833	0.13720	0.00847	0.00225	0.00293	0.01210	0.00404	0.00359
10	0.00883	0.00823	0.01160	0.01028	0.01054	0.01107	0.00838	0.01002	0.00733	0.01112	0.03673	0.01386	0.00926	0.04648	0.23648	0.00356	0.54478	0.00452	0.00227	0.00466
11	0.00590	0.00438	0.00589	0.00678	0.00706	0.00436	0.00469	0.00676	0.00875	0.01175	0.02418	0.76398	0.02886	0.01397	0.00640	0.00188	0.04971	0.03678	0.00413	0.00382
12	0.00604	0.00499	0.00533	0.00519	0.00670	0.00445	0.00391	0.00816	0.06060	0.01414	0.21082	0.04033	0.59153	0.01080	0.00538	0.00153	0.00237	0.00910	0.00446	0.00419
13	0.00797	0.00399	0.00598	0.00598	0.00598	0.00399	0.00399	0.00598	0.00598	0.00797	0.00797	0.01396	0.00797	0.01595	0.01794	0.86643	0.00399	0.00399	0.00199	0.00199
14	0.01182	0.01166	0.01304	0.13371	0.07450	0.13209	0.06320	0.02018	0.45309	0.01628	0.01400	0.01433	0.01065	0.00544	0.00462	0.00148	0.00512	0.00463	0.00360	0.00658
15	0.01214	0.01222	0.01485	0.05867	0.01471	0.12850	0.06969	0.12917	0.01046	0.01406	0.00729	0.01024	0.00635	0.00667	0.01062	0.00173	0.48058	0.00399	0.00247	0.00557
16	0.01782	0.18947	0.01327	0.00794	0.01140	0.00907	0.00682	0.01955	0.01230	0.58372	0.06961	0.01510	0.01236	0.00555	0.00431	0.00133	0.00401	0.00440	0.00483	0.00716
17	0.01034	0.01036	0.06040	0.36826	0.21725	0.01064	0.03797	0.07068	0.06011	0.01472	0.00913	0.01185	0.00708	0.00461	0.00480	0.00143	0.02809	0.00407	0.00250	0.06570
18	0.01081	0.01151	0.01369	0.01175	0.01236	0.13339	0.03537	0.01195	0.00829	0.01129	0.00909	0.01222	0.06153	0.00765	0.01245	0.00184	0.62325	0.00430	0.00223	0.00503
19	0.00559	0.00400	0.00533	0.00639	0.00666	0.00373	0.00426	0.00639	0.00879	0.01172	0.02530	0.83566	0.03036	0.01438	0.00586	0.00186	0.00266	0.01305	0.00426	0.00373
20	0.01793	0.01031	0.13030	0.00882	0.01271	0.00769	0.00818	0.07390	0.01299	0.59006	0.01595	0.01452	0.01032	0.00545	0.00449	0.00140	0.00430	0.00438	0.05884	0.00744
21	0.87108	0.00888	0.00675	0.00604	0.00888	0.01030	0.00497	0.01350	0.00781	0.02060	0.00639	0.00746	0.00497	0.00426	0.00284	0.00142	0.00355	0.00249	0.00284	0.00497
22	0.00835	0.00777	0.00864	0.00833	0.00933	0.12762	0.00648	0.00989	0.00820	0.01077	0.01113	0.01608	0.01031	0.02835	0.64837	0.00612	0.06295	0.00457	0.00242	0.00434
23	0.00935	0.02092	0.66074	0.01472	0.12652	0.01034	0.01585	0.01414	0.00998	0.01482	0.05368	0.01132	0.00814	0.00461	0.00445	0.00144	0.00634	0.00377	0.00216	0.00671
24	0.01084	0.01238	0.02709	0.01935	0.02399	0.01161	0.79334	0.01471	0.01084	0.01471	0.00929	0.01238	0.00697	0.00387	0.00542	0.00155	0.00774	0.00542	0.00232	0.00619
25	0.01090	0.01192	0.02443	0.02082	0.19474	0.01161	0.57425	0.01434	0.01051	0.01454	0.00894	0.01201	0.00697	0.00418	0.00583	0.00154	0.05878	0.00504	0.00229	0.00635
26	0.01227	0.84142	0.02406	0.00786	0.01178	0.01817	0.00786	0.01375	0.00933	0.01080	0.00638	0.00736	0.00589	0.00393	0.00295	0.00098	0.00491	0.00245	0.00196	0.00589
27	0.02060	0.00781	0.01065	0.00817	0.01172	0.00675	0.00675	0.02237	0.01314	0.81320	0.01811	0.01563	0.01136	0.00568	0.00462	0.00142	0.00391	0.00462	0.00568	0.00781
28	0.01009	0.01018	0.01480	0.01247	0.01273	0.01392	0.05452	0.01126	0.00725	0.01126	0.00621	0.01018	0.00608	0.00780	0.01452	0.00198	0.78355	0.00410	0.00203	0.00509
