[name]
unknown

[dist]
# distance from previous block
# <min> <max>
9	139

[block]
# block no. 0 follows, 64 sequences, length 196
# corresponding to MSA columns:
# 139-334
name=unknown_A
#
# <colnr> <probs for GDERKNQSTAVLIFYWHMCP>
#	G	D	E	R	K	N	Q	S	T	A	V	L	I	F	Y	W	H	M	C	P
0	0.01500	0.01123	0.01224	0.05005	0.01349	0.01252	0.00797	0.71695	0.07787	0.02477	0.01036	0.01043	0.00740	0.00499	0.00416	0.00127	0.00452	0.00381	0.00405	0.00691
1	0.00928	0.28846	0.54603	0.01077	0.04235	0.01183	0.01262	0.01291	0.00869	0.01209	0.00693	0.00814	0.00533	0.00381	0.00354	0.00118	0.00556	0.00282	0.00177	0.00589
2	0.01001	0.00957	0.01620	0.09691	0.73075	0.00967	0.01238	0.01248	0.00933	0.01331	0.00776	0.01030	0.00647	0.00372	0.00408	0.00123	0.00493	0.00366	0.00205	0.03519
3	0.01514	0.01412	0.01204	0.03743	0.01318	0.30986	0.00801	0.42299	0.03718	0.04668	0.00885	0.00937	0.00660	0.00481	0.00435	0.00121	0.03541	0.00339	0.00331	0.00607
4	0.00933	0.00905	0.01466	0.40338	0.43165	0.03686	0.01203	0.01189	0.00900	0.01209	0.00757	0.01056	0.00606	0.00393	0.00412	0.00130	0.00530	0.00366	0.00196	0.00561
5	0.01009	0.00992	0.01776	0.02362	0.67122	0.00980	0.14143	0.01270	0.00952	0.01349	0.00838	0.01164	0.00711	0.00393	0.00429	0.00128	0.00523	0.03016	0.00212	0.00633
6	0.00608	0.00460	0.00677	0.00673	0.00753	0.00536	0.00524	0.00790	0.03351	0.00990	0.01132	0.01629	0.01046	0.03031	0.81008	0.00650	0.01087	0.00446	0.00229	0.00380
7	0.01111	0.85652	0.02177	0.00711	0.01066	0.01644	0.00711	0.01244	0.00844	0.00977	0.00577	0.00666	0.00533	0.00355	0.00267	0.00089	0.00444	0.00222	0.00178	0.00533
8	0.00811	0.00752	0.01246	0.81652	0.02809	0.00935	0.01142	0.03711	0.00868	0.01113	0.00747	0.01104	0.00559	0.00418	0.00415	0.00138	0.00551	0.00369	0.00192	0.00470
9	0.01000	0.01122	0.02411	0.01724	0.02142	0.01058	0.78648	0.03972	0.01012	0.01373	0.00846	0.01116	0.00633	0.00355	0.00488	0.00140	0.00692	0.00486	0.00217	0.00565
10	0.03398	0.00390	0.00472	0.00540	0.00599	0.00360	0.00371	0.00604	0.00828	0.01102	0.02690	0.63001	0.21721	0.01212	0.00512	0.00161	0.00236	0.01077	0.00381	0.00344
11	0.00775	0.00728	0.01219	0.81635	0.02785	0.00904	0.01126	0.01046	0.00834	0.01063	0.00853	0.01203	0.03260	0.00436	0.00418	0.00138	0.00542	0.00386	0.00191	0.00458
12	0.00506	0.00361	0.00482	0.00578	0.00602	0.00337	0.00386	0.00578	0.00795	0.01060	0.02289	0.85131	0.02747	0.01301	0.00530	0.00169	0.00241	0.01181	0.00386	0.00337
13	0.00722	0.00361	0.00541	0.00541	0.00541	0.00361	0.00361	0.00541	0.00541	0.00722	0.00722	0.01263	0.00722	0.01443	0.01623	0.87915	0.00361	0.00361	0.00180	0.00180
14	0.83682	0.00866	0.00641	0.00574	0.00829	0.05372	0.00469	0.01244	0.00732	0.01818	0.00582	0.00679	0.00454	0.00388	0.00263	0.00127	0.00344	0.00227	0.00255	0.00452
15	0.01052	0.67891	0.19421	0.00811	0.01222	0.01499	0.00886	0.01259	0.00851	0.01049	0.00613	0.00711	0.00532	0.00364	0.00294	0.00098	0.00480	0.00240	0.00177	0.00550
16	0.00919	0.00929	0.01308	0.01111	0.01127	0.02336	0.03426	0.01019	0.00654	0.01010	0.00556	0.00913	0.00548	0.00711	0.01323	0.00179	0.80923	0.00366	0.00183	0.00458
17	0.88336	0.00803	0.00611	0.00546	0.00803	0.00932	0.00450	0.01221	0.00707	0.01864	0.00578	0.00675	0.00450	0.00386	0.00257	0.00129	0.00321	0.00225	0.00257	0.00450
18	0.00980	0.01120	0.02451	0.01751	0.02171	0.01050	0.81303	0.01331	0.00980	0.01331	0.00840	0.01120	0.00630	0.00350	0.00490	0.00140	0.00700	0.00490	0.00210	0.00560
19	0.02751	0.00895	0.01142	0.03579	0.09260	0.03519	0.04667	0.16599	0.14128	0.31773	0.03267	0.03016	0.01038	0.00524	0.00424	0.00131	0.00412	0.01823	0.00406	0.00648
20	0.01235	0.05104	0.00850	0.00685	0.00885	0.02602	0.00535	0.04117	0.03977	0.37653	0.04535	0.26483	0.01637	0.04356	0.01498	0.00156	0.00341	0.01479	0.01332	0.00539
21	0.00506	0.00361	0.00482	0.00578	0.00602	0.00337	0.00386	0.00578	0.00795	0.01060	0.02289	0.85131	0.02747	0.01301	0.00530	0.00169	0.00241	0.01181	0.00386	0.00337
22	0.00833	0.02149	0.83250	0.01184	0.01798	0.00965	0.01535	0.01315	0.00877	0.01315	0.00745	0.00877	0.00526	0.00395	0.00395	0.00132	0.00614	0.00307	0.00175	0.00614
23	0.09081	0.01276	0.02437	0.00951	0.03758	0.29021	0.00736	0.16843	0.07552	0.18917	0.01029	0.01984	0.00760	0.00526	0.01854	0.00132	0.01868	0.00351	0.00337	0.00587
24	0.13956	0.00821	0.00964	0.00753	0.01061	0.00814	0.00621	0.21243	0.01297	0.49349	0.01323	0.01212	0.00869	0.00491	0.00390	0.00127	0.00369	0.00379	0.03299	0.00660
25	0.00960	0.00980	0.01566	0.03165	0.14663	0.02599	0.17949	0.01203	0.05874	0.01176	0.00723	0.01014	0.00627	0.00567	0.00928	0.00159	0.44720	0.00396	0.00207	0.00523
26	0.00539	0.00421	0.00489	0.00476	0.00592	0.00371	0.00355	0.00688	0.01056	0.01389	0.42919	0.05868	0.41432	0.00959	0.00492	0.00136	0.00204	0.00823	0.00421	0.00371
27	0.00774	0.00387	0.00387	0.00387	0.00484	0.00387	0.00290	0.00968	0.00871	0.01549	0.01355	0.01549	0.01065	0.00484	0.00290	0.00097	0.00194	0.00387	0.87708	0.00387
28	0.00510	0.00365	0.00485	0.00574	0.00603	0.00340	0.00385	0.00589	0.00817	0.01092	0.06428	0.79906	0.03814	0.01275	0.00528	0.00166	0.00238	0.01155	0.00389	0.00340
29	0.00529	0.00425	0.00451	0.00445	0.00579	0.00361	0.00334	0.00647	0.00979	0.02630	0.15129	0.06307	0.67700	0.01022	0.00491	0.00140	0.00212	0.00860	0.00398	0.00362
30	0.01552	0.01980	0.01177	0.01070	0.01284	0.83735	0.00803	0.01659	0.01177	0.01017	0.00642	0.00749	0.00535	0.00428	0.00375	0.00107	0.00749	0.00268	0.00214	0.00482
31	0.03329	0.00683	0.00920	0.00716	0.01015	0.00596	0.00588	0.01896	0.01179	0.74157	0.09031	0.01555	0.01282	0.00542	0.00421	0.00129	0.00338	0.00445	0.00504	0.00673
32	0.01117	0.01052	0.00979	0.00879	0.01113	0.12777	0.00681	0.03599	0.69093	0.01652	0.01529	0.01426	0.01154	0.00543	0.00416	0.00136	0.00391	0.00439	0.00393	0.00633
33	0.32494	0.00729	0.00817	0.00658	0.00948	0.00716	0.00542	0.01701	0.01006	0.51288	0.01252	0.01157	0.00824	0.00467	0.00356	0.00127	0.00336	0.00348	0.03629	0.00604
34	0.00512	0.00368	0.00483	0.00567	0.00598	0.00342	0.00380	0.00590	0.00813	0.01085	0.06301	0.76233	0.05215	0.03669	0.00572	0.00173	0.00242	0.01134	0.00385	0.00338
35	0.88336	0.00803	0.00611	0.00546	0.00803	0.00932	0.00450	0.01221	0.00707	0.01864	0.00578	0.00675	0.00450	0.00386	0.00257	0.00129	0.00321	0.00225	0.00257	0.00450
36	0.01014	0.00840	0.00882	0.00796	0.01017	0.00965	0.00618	0.03445	0.71528	0.01732	0.01641	0.01540	0.01235	0.00553	0.00408	0.00136	0.00316	0.00459	0.10248	0.00628
37	0.00833	0.02149	0.83250	0.01184	0.01798	0.00965	0.01535	0.01315	0.00877	0.01315	0.00745	0.00877	0.00526	0.00395	0.00395	0.00132	0.00614	0.00307	0.00175	0.00614
38	0.00586	0.00479	0.00500	0.00484	0.00634	0.00435	0.00366	0.00818	0.10062	0.02848	0.09236	0.04780	0.65339	0.00976	0.00482	0.00140	0.00226	0.00818	0.00397	0.00395
39	0.00576	0.00380	0.00509	0.00589	0.00629	0.00353	0.00401	0.00654	0.00817	0.05130	0.02256	0.79773	0.02657	0.01260	0.00525	0.00167	0.00249	0.02327	0.00392	0.00356
40	0.01028	0.00987	0.01686	0.02550	0.82811	0.00987	0.01275	0.01275	0.00946	0.01357	0.00781	0.01028	0.00658	0.00370	0.00411	0.00123	0.00493	0.00370	0.00206	0.00658
41	0.16832	0.01123	0.01133	0.00887	0.01203	0.03576	0.00730	0.65050	0.01712	0.02440	0.00913	0.00933	0.00656	0.00477	0.00386	0.00125	0.00442	0.00345	0.00382	0.00655
42	0.00509	0.00377	0.00476	0.00550	0.00599	0.00344	0.00377	0.00594	0.00840	0.01097	0.05618	0.65522	0.17850	0.01235	0.00522	0.00162	0.00236	0.02361	0.00388	0.00343
43	0.00586	0.00425	0.00553	0.00521	0.00620	0.00391	0.00391	0.00781	0.01172	0.01658	0.81457	0.03116	0.05059	0.00852	0.00490	0.00131	0.00196	0.00753	0.00456	0.00391
44	0.00506	0.00361	0.00482	0.00578	0.00602	0.00337	0.00386	0.00578	0.00795	0.01060	0.02289	0.85131	0.02747	0.01301	0.00530	0.00169	0.00241	0.01181	0.00386	0.00337
45	0.00888	0.00743	0.00868	0.00622	0.00990	0.00565	0.00498	0.02146	0.00882	0.02792	0.00757	0.00873	0.00624	0.00314	0.00311	0.00064	0.00310	0.00251	0.00253	0.85249
46	0.88336	0.00803	0.00611	0.00546	0.00803	0.00932	0.00450	0.01221	0.00707	0.01864	0.00578	0.00675	0.00450	0.00386	0.00257	0.00129	0.00321	0.00225	0.00257	0.00450
47	0.00511	0.00422	0.00448	0.00442	0.00573	0.00359	0.00331	0.00635	0.00994	0.01234	0.20296	0.03814	0.66484	0.01010	0.00491	0.00138	0.00207	0.00851	0.00400	0.00359
48	0.88336	0.00803	0.00611	0.00546	0.00803	0.00932	0.00450	0.01221	0.00707	0.01864	0.00578	0.00675	0.00450	0.00386	0.00257	0.00129	0.00321	0.00225	0.00257	0.00450
49	0.24258	0.00813	0.00916	0.00727	0.01025	0.00824	0.00599	0.17676	0.01206	0.42779	0.02651	0.01172	0.00864	0.00535	0.02024	0.00138	0.00378	0.00365	0.00421	0.00628
50	0.00591	0.00405	0.00453	0.00452	0.00470	0.00397	0.00263	0.00609	0.00659	0.00866	0.04069	0.02872	0.10612	0.73479	0.01885	0.00365	0.00375	0.00639	0.00273	0.00267
51	0.01043	0.00913	0.00944	0.00850	0.01084	0.02635	0.00660	0.02197	0.80495	0.01724	0.01670	0.01534	0.01254	0.00561	0.00422	0.00140	0.00337	0.00466	0.00419	0.00654
52	0.00500	0.00420	0.00434	0.00433	0.00567	0.00354	0.00324	0.00613	0.00965	0.01172	0.11473	0.05383	0.73865	0.01038	0.00492	0.00140	0.00210	0.00870	0.00392	0.00354
53	0.00630	0.00438	0.00547	0.00512	0.00630	0.00394	0.00386	0.00805	0.01128	0.05586	0.61856	0.03210	0.20572	0.00876	0.00487	0.00133	0.00207	0.00761	0.00445	0.00399
54	0.01111	0.85652	0.02177	0.00711	0.01066	0.01644	0.00711	0.01244	0.00844	0.00977	0.00577	0.00666	0.00533	0.00355	0.00267	0.00089	0.00444	0.00222	0.00178	0.00533
55	0.55534	0.10464	0.03844	0.00707	0.00976	0.05111	0.02074	0.06917	0.00848	0.03102	0.00638	0.00746	0.00505	0.00419	0.00369	0.00127	0.06617	0.00259	0.00252	0.00491
56	0.06844	0.01337	0.16357	0.03962	0.30442	0.15076	0.01074	0.08994	0.01041	0.03375	0.00836	0.00993	0.02013	0.00431	0.00432	0.00125	0.04075	0.00342	0.01661	0.00588
57	0.00919	0.00854	0.01202	0.01629	0.43336	0.05513	0.00892	0.01207	0.08584	0.02657	0.09340	0.06663	0.12763	0.00591	0.00434	0.00129	0.00403	0.00529	0.00293	0.02062
58	0.00569	0.00432	0.00525	0.00500	0.00612	0.00392	0.00375	0.00757	0.02525	0.01516	0.59416	0.03324	0.25730	0.00900	0.00489	0.00133	0.00202	0.00781	0.00437	0.00385
59	0.01130	0.00931	0.01043	0.00988	0.07989	0.01041	0.00719	0.21869	0.48911	0.01888	0.03062	0.02627	0.04790	0.00568	0.00426	0.00135	0.00366	0.00470	0.00401	0.00647
60	0.02117	0.29253	0.46074	0.01021	0.01502	0.05692	0.03518	0.02310	0.00897	0.01213	0.01526	0.00831	0.00568	0.00392	0.00366	0.00117	0.01555	0.00288	0.00186	0.00574
61	0.00855	0.09067	0.73286	0.01144	0.01723	0.01012	0.03085	0.01300	0.00882	0.01294	0.02252	0.00906	0.00592	0.00399	0.00388	0.00128	0.00594	0.00312	0.00182	0.00602
62	0.01111	0.85652	0.02177	0.00711	0.01066	0.01644	0.00711	0.01244	0.00844	0.00977	0.00577	0.00666	0.00533	0.00355	0.00267	0.00089	0.00444	0.00222	0.00178	0.00533
63	0.00515	0.00411	0.00462	0.00472	0.00582	0.00357	0.00345	0.00634	0.00969	0.01230	0.21056	0.18855	0.50540	0.01054	0.00498	0.00143	0.00213	0.00906	0.00401	0.00357
64	0.82533	0.00869	0.04148	0.00583	0.00857	0.00942	0.00504	0.03143	0.00744	0.01858	0.00596	0.00691	0.00459	0.00389	0.00267	0.00129	0.00337	0.00232	0.00257	0.00463
65	0.01331	0.00871	0.00925	0.00753	0.01005	0.04954	0.00605	0.32090	0.07219	0.18126	0.05366	0.01485	0.05892	0.00548	0.00399	0.00121	0.00366	0.00433	0.16017	0.01493
66	0.01552	0.01980	0.01177	0.01070	0.01284	0.83735	0.00803	0.01659	0.01177	0.01017	0.00642	0.00749	0.00535	0.00428	0.00375	0.00107	0.00749	0.00268	0.00214	0.00482
67	0.00604	0.00403	0.00453	0.00453	0.00453	0.00403	0.00252	0.00604	0.00604	0.00805	0.01309	0.02718	0.01510	0.85402	0.02114	0.00403	0.00403	0.00604	0.00252	0.00252
68	0.00604	0.00403	0.00453	0.00453	0.00453	0.00403	0.00252	0.00604	0.00604	0.00805	0.01309	0.02718	0.01510	0.85402	0.02114	0.00403	0.00403	0.00604	0.00252	0.00252
69	0.00515	0.00368	0.00484	0.00568	0.00596	0.00344	0.00379	0.00591	0.00811	0.01085	0.06869	0.75776	0.03761	0.04986	0.00597	0.00176	0.00245	0.01127	0.00384	0.00337
70	0.00957	0.39293	0.42938	0.00951	0.01426	0.01257	0.01118	0.01297	0.03405	0.01173	0.00730	0.02430	0.00595	0.00400	0.00341	0.00114	0.00522	0.00291	0.00188	0.00574
71	0.01334	0.00837	0.02198	0.00746	0.01012	0.05788	0.00607	0.14910	0.06376	0.30078	0.04255	0.02938	0.05036	0.01563	0.01657	0.01099	0.01488	0.01728	0.06005	0.10348
72	0.02918	0.39430	0.12355	0.00856	0.01222	0.05476	0.00830	0.24015	0.03585	0.02975	0.00839	0.00892	0.02097	0.00427	0.00342	0.00109	0.00474	0.00301	0.00265	0.00592
73	0.01451	0.01109	0.01189	0.00975	0.03773	0.04387	0.00773	0.65869	0.01740	0.02328	0.01002	0.01107	0.00755	0.01930	0.04590	0.00157	0.02294	0.01450	0.02466	0.00655
74	0.00641	0.00496	0.00660	0.00744	0.09633	0.00458	0.01928	0.00798	0.01869	0.03358	0.23074	0.17733	0.29990	0.02311	0.00504	0.00143	0.00259	0.00795	0.04197	0.00408
75	0.83390	0.02185	0.00660	0.00568	0.00827	0.02304	0.00468	0.03205	0.00747	0.01854	0.00590	0.00684	0.00459	0.00389	0.00263	0.00127	0.00334	0.00229	0.00259	0.00458
76	0.00908	0.00936	0.04144	0.01832	0.40188	0.02191	0.20291	0.01164	0.02199	0.01290	0.01170	0.16127	0.02473	0.00567	0.00456	0.00138	0.00496	0.02621	0.00249	0.00561
77	0.01460	0.01215	0.01214	0.00994	0.03810	0.12836	0.01904	0.57627	0.01676	0.02186	0.00954	0.03352	0.00730	0.00490	0.00405	0.00118	0.00484	0.00373	0.00363	0.07808
78	0.00815	0.00770	0.01301	0.74068	0.12956	0.00931	0.01169	0.01088	0.00845	0.01099	0.00744	0.01097	0.00567	0.00410	0.00415	0.00137	0.00546	0.00369	0.00187	0.00486
79	0.18284	0.00740	0.00906	0.00710	0.01019	0.00694	0.00586	0.04490	0.01122	0.65010	0.01416	0.01260	0.00908	0.00489	0.00387	0.00128	0.00351	0.00380	0.00462	0.00658
80	0.01091	0.01094	0.09267	0.05623	0.11857	0.00978	0.34065	0.12447	0.03996	0.08324	0.01030	0.06455	0.00822	0.00462	0.00452	0.00136	0.00554	0.00473	0.00278	0.00594
81	0.00904	0.00801	0.13980	0.02124	0.00952	0.00591	0.00643	0.05253	0.01110	0.15159	0.35362	0.02262	0.10366	0.00689	0.00463	0.00130	0.02128	0.00579	0.06009	0.00495
82	0.01486	0.00685	0.00846	0.00687	0.00946	0.00656	0.00555	0.05946	0.12704	0.49003	0.01549	0.01442	0.01054	0.00514	0.00390	0.00123	0.00319	0.00416	0.20051	0.00628
83	0.00900	0.00734	0.00824	0.00810	0.02278	0.02383	0.00623	0.04076	0.43062	0.02947	0.03440	0.16737	0.01760	0.00807	0.00472	0.00154	0.00337	0.16715	0.00403	0.00540
84	0.00917	0.01041	0.05224	0.20825	0.03972	0.01004	0.52520	0.01240	0.00929	0.01254	0.00848	0.01219	0.00666	0.00407	0.00499	0.00142	0.03428	0.03127	0.00208	0.00532
85	0.00606	0.00422	0.00533	0.00600	0.00652	0.01432	0.00430	0.01782	0.00847	0.02425	0.04049	0.55962	0.02425	0.05824	0.02123	0.00186	0.00293	0.12612	0.06438	0.00357
86	0.00507	0.00364	0.00481	0.00572	0.00601	0.00339	0.00383	0.00582	0.00806	0.01072	0.03661	0.81179	0.05341	0.01286	0.00528	0.00167	0.00239	0.01164	0.00387	0.00339
87	0.00638	0.00576	0.02218	0.00853	0.00990	0.00522	0.19594	0.00797	0.00876	0.01193	0.08339	0.53416	0.03556	0.00996	0.00507	0.00156	0.00350	0.00939	0.03083	0.00401
88	0.00833	0.02149	0.83250	0.01184	0.01798	0.00965	0.01535	0.01315	0.00877	0.01315	0.00745	0.00877	0.00526	0.00395	0.00395	0.00132	0.00614	0.00307	0.00175	0.00614
89	0.00515	0.00368	0.00492	0.00588	0.00616	0.00345	0.00401	0.00594	0.00804	0.01070	0.02285	0.80800	0.02728	0.01293	0.00533	0.00170	0.00249	0.05425	0.00385	0.00340
90	0.01552	0.01980	0.01177	0.01070	0.01284	0.83735	0.00803	0.01659	0.01177	0.01017	0.00642	0.00749	0.00535	0.00428	0.00375	0.00107	0.00749	0.00268	0.00214	0.00482
91	0.01020	0.00857	0.01007	0.00743	0.01098	0.01903	0.03940	0.17080	0.03569	0.01608	0.00838	0.01794	0.00675	0.00367	0.00343	0.00082	0.00360	0.00299	0.00285	0.62131
92	0.01223	0.71986	0.01990	0.00722	0.01072	0.01498	0.00700	0.03851	0.00923	0.11688	0.00728	0.00774	0.00603	0.00380	0.00291	0.00095	0.00433	0.00252	0.00229	0.00561
93	0.00606	0.00438	0.00564	0.00530	0.00632	0.00412	0.00398	0.00832	0.03704	0.01666	0.78386	0.03022	0.03777	0.00833	0.00484	0.00130	0.00200	0.00735	0.02250	0.00400
94	0.01060	0.01138	0.01463	0.30756	0.10835	0.19542	0.14312	0.03612	0.05363	0.01205	0.00785	0.01028	0.00616	0.00433	0.00481	0.00133	0.06129	0.00372	0.00217	0.00521
95	0.85863	0.00814	0.00629	0.00558	0.00817	0.00942	0.00460	0.03507	0.00742	0.01885	0.00590	0.00684	0.00457	0.00389	0.00262	0.00128	0.00325	0.00229	0.00262	0.00457
96	0.01044	0.64390	0.06779	0.00797	0.01102	0.01505	0.00784	0.01192	0.00807	0.01000	0.00602	0.00752	0.00553	0.00515	0.03459	0.00127	0.13638	0.00257	0.00180	0.00520
97	0.00899	0.00536	0.00724	0.00663	0.00791	0.00571	0.00512	0.06832	0.00852	0.15738	0.01233	0.01691	0.01077	0.13520	0.49054	0.00477	0.00803	0.00455	0.03130	0.00440
98	0.00543	0.00420	0.00495	0.00482	0.00595	0.00372	0.00359	0.00695	0.01062	0.01409	0.45864	0.07261	0.37034	0.00955	0.00492	0.00136	0.00204	0.00824	0.00424	0.00372
99	0.01077	0.69090	0.05045	0.00872	0.01246	0.01514	0.12122	0.01255	0.00865	0.01047	0.00624	0.00742	0.00548	0.00355	0.00303	0.00097	0.00484	0.00263	0.00184	0.02268
100	0.00845	0.05597	0.79902	0.01164	0.01768	0.00993	0.01501	0.01312	0.00876	0.01301	0.00738	0.00868	0.00526	0.00393	0.00389	0.00130	0.00607	0.00303	0.00175	0.00611
101	0.08859	0.08650	0.13423	0.00867	0.01207	0.10014	0.00795	0.26373	0.03787	0.03305	0.00855	0.00945	0.00656	0.01795	0.00406	0.00117	0.01911	0.00316	0.03030	0.12689
102	0.00806	0.00609	0.00719	0.00592	0.00825	0.00524	0.00460	0.04287	0.04747	0.05940	0.23411	0.06882	0.13480	0.00649	0.00412	0.00108	0.00269	0.00552	0.00361	0.34368
103	0.00960	0.40764	0.38696	0.00993	0.03166	0.01263	0.03691	0.01259	0.00864	0.01152	0.00720	0.03430	0.00605	0.00403	0.00343	0.00113	0.00524	0.00302	0.00185	0.00567
104	0.00971	0.01102	0.06155	0.01452	0.05666	0.06232	0.45632	0.02679	0.04997	0.01284	0.02545	0.01187	0.00758	0.01978	0.06104	0.02862	0.07195	0.00448	0.00226	0.00530
105	0.00512	0.00403	0.00462	0.00487	0.00584	0.00353	0.00350	0.00621	0.00936	0.01191	0.16412	0.29490	0.44529	0.01098	0.00503	0.00148	0.00218	0.00952	0.00397	0.00353
106	0.00527	0.00382	0.00503	0.00591	0.00634	0.00357	0.00418	0.00618	0.00829	0.01090	0.02424	0.68094	0.08802	0.01262	0.00533	0.00170	0.00258	0.11781	0.00385	0.00344
107	0.01165	0.11034	0.11463	0.03612	0.08685	0.03184	0.04953	0.16332	0.03780	0.13676	0.03924	0.05307	0.00954	0.00719	0.07263	0.00170	0.01642	0.00419	0.01135	0.00584
108	0.04523	0.07177	0.09133	0.01029	0.01275	0.53619	0.02139	0.02906	0.02794	0.01122	0.00721	0.03438	0.00621	0.00473	0.00453	0.00119	0.07427	0.00313	0.00220	0.00499
109	0.01370	0.04570	0.01292	0.10426	0.01482	0.36302	0.05185	0.23004	0.07984	0.01526	0.00841	0.00942	0.00649	0.00456	0.00416	0.00121	0.02259	0.00336	0.00280	0.00560
110	0.00922	0.00789	0.01032	0.00749	0.01107	0.00646	0.08225	0.03988	0.02340	0.03410	0.02233	0.00957	0.00699	0.00344	0.00353	0.00077	0.01670	0.00293	0.00261	0.69906
111	0.03917	0.55084	0.11859	0.00822	0.01183	0.13569	0.00814	0.02762	0.00928	0.04808	0.00663	0.00744	0.00555	0.00382	0.00307	0.00100	0.00502	0.00251	0.00205	0.00544
112	0.00603	0.00401	0.00459	0.00462	0.00464	0.00402	0.00262	0.00605	0.00610	0.00815	0.01328	0.05261	0.01529	0.80163	0.03409	0.01693	0.00409	0.00616	0.00254	0.00255
113	0.00599	0.00401	0.00454	0.00459	0.00460	0.00400	0.00258	0.00603	0.00613	0.00817	0.01355	0.06603	0.01568	0.81438	0.02040	0.00392	0.00395	0.00631	0.00258	0.00256
114	0.01273	0.12009	0.01442	0.05804	0.21378	0.38372	0.02570	0.05192	0.02417	0.01193	0.00786	0.00931	0.02344	0.00427	0.00399	0.00115	0.02263	0.00320	0.00222	0.00542
115	0.04711	0.02992	0.01173	0.01044	0.05081	0.42686	0.00779	0.21945	0.10018	0.02867	0.00876	0.00931	0.00677	0.00457	0.00385	0.00117	0.00580	0.00323	0.01789	0.00568
116	0.00611	0.00414	0.00471	0.00467	0.00467	0.00421	0.00266	0.00613	0.00605	0.00810	0.01292	0.02680	0.01489	0.83591	0.02098	0.00398	0.02204	0.00599	0.00250	0.00256
117	0.01254	0.16621	0.01321	0.00924	0.03486	0.02559	0.00748	0.30397	0.29519	0.02692	0.01132	0.01125	0.00861	0.00502	0.00441	0.00126	0.04922	0.00377	0.00354	0.00639
118	0.00586	0.00419	0.00545	0.00534	0.00625	0.00386	0.00396	0.00759	0.01105	0.02368	0.64669	0.15382	0.07181	0.00928	0.00497	0.00138	0.00209	0.02447	0.00442	0.00385
119	0.00581	0.00424	0.00546	0.00515	0.00616	0.00389	0.00386	0.00770	0.01159	0.01627	0.76972	0.03167	0.09564	0.00864	0.00490	0.00131	0.00197	0.00760	0.00452	0.00389
120	0.00528	0.00422	0.00472	0.00460	0.00584	0.00366	0.00345	0.00668	0.01034	0.01330	0.34219	0.03655	0.52502	0.00974	0.00491	0.00137	0.00205	0.00829	0.00413	0.00366
121	0.10534	0.00749	0.00932	0.00735	0.01040	0.00706	0.00603	0.05285	0.08327	0.63208	0.02566	0.01355	0.01015	0.00509	0.00403	0.00129	0.00350	0.00405	0.00475	0.00672
122	0.01114	0.00907	0.00958	0.00835	0.01078	0.01036	0.00657	0.16331	0.62292	0.01883	0.01544	0.01451	0.01154	0.00547	0.00413	0.00135	0.00343	0.00447	0.06231	0.00648
123	0.06274	0.01061	0.02638	0.02299	0.01179	0.13032	0.00704	0.25437	0.04166	0.34966	0.01207	0.01146	0.00821	0.00487	0.00399	0.00124	0.00444	0.00370	0.02604	0.00644
124	0.00516	0.00374	0.00489	0.00567	0.00608	0.00347	0.00389	0.00605	0.00843	0.01122	0.09350	0.70079	0.08578	0.01240	0.00525	0.00164	0.00239	0.03230	0.00392	0.00344
125	0.06852	0.01153	0.01065	0.00935	0.05033	0.19668	0.00705	0.20833	0.11836	0.02558	0.02720	0.01057	0.00792	0.00460	0.00407	0.00112	0.03098	0.01275	0.00309	0.19131
126	0.00833	0.02149	0.83250	0.01184	0.01798	0.00965	0.01535	0.01315	0.00877	0.01315	0.00745	0.00877	0.00526	0.00395	0.00395	0.00132	0.00614	0.00307	0.00175	0.00614
127	0.00981	0.00974	0.03037	0.19120	0.59515	0.02202	0.03905	0.01259	0.02594	0.01298	0.00791	0.01051	0.00644	0.00384	0.00414	0.00127	0.00515	0.00373	0.00206	0.00611
128	0.01144	0.00916	0.04963	0.00850	0.03024	0.00928	0.00685	0.21159	0.33569	0.08828	0.11119	0.01619	0.03574	0.01935	0.00451	0.00136	0.00359	0.00473	0.02473	0.01795
129	0.00535	0.00402	0.00499	0.00563	0.00621	0.00378	0.00388	0.00676	0.05056	0.01136	0.06559	0.62895	0.16358	0.01198	0.00516	0.00161	0.00238	0.01071	0.00391	0.00359
130	0.00613	0.00504	0.00710	0.03015	0.00832	0.00463	0.08286	0.00778	0.02169	0.02694	0.19329	0.15222	0.36678	0.00954	0.00513	0.01484	0.00284	0.04702	0.00377	0.00391
131	0.03566	0.08611	0.04332	0.07767	0.05810	0.02158	0.03466	0.05122	0.07523	0.03653	0.03566	0.17082	0.02202	0.00620	0.00407	0.00123	0.00382	0.04166	0.00299	0.19146
132	0.00506	0.00361	0.00482	0.00578	0.00602	0.00337	0.00386	0.00578	0.00795	0.01060	0.02289	0.85131	0.02747	0.01301	0.00530	0.00169	0.00241	0.01181	0.00386	0.00337
133	0.01609	0.01115	0.01217	0.00933	0.01264	0.01216	0.00771	0.73031	0.01872	0.11127	0.01065	0.01041	0.00740	0.00500	0.00416	0.00125	0.00446	0.00379	0.00426	0.00706
134	0.01067	0.02606	0.12661	0.10370	0.24537	0.15776	0.15542	0.02906	0.04127	0.01271	0.00783	0.00991	0.00620	0.00412	0.00461	0.00129	0.04591	0.00366	0.00213	0.00572
135	0.00838	0.00784	0.01203	0.21996	0.21588	0.02513	0.03298	0.01047	0.02503	0.01169	0.02463	0.15245	0.01942	0.00668	0.01737	0.00153	0.16767	0.00522	0.03075	0.00489
136	0.00506	0.00361	0.00482	0.00578	0.00602	0.00337	0.00386	0.00578	0.00795	0.01060	0.02289	0.85131	0.02747	0.01301	0.00530	0.00169	0.00241	0.01181	0.00386	0.00337
137	0.00720	0.00361	0.00540	0.00540	0.00540	0.00361	0.00359	0.00542	0.00542	0.00723	0.00729	0.01281	0.00732	0.02509	0.01630	0.86804	0.00361	0.00364	0.00181	0.00181
138	0.00975	0.28646	0.45958	0.01015	0.02440	0.03543	0.01164	0.03019	0.07262	0.01259	0.00769	0.00863	0.00592	0.00398	0.00356	0.00118	0.00537	0.00294	0.00202	0.00590
139	0.00886	0.00561	0.00739	0.00731	0.04159	0.01648	0.03301	0.05724	0.00978	0.15991	0.03402	0.35589	0.12815	0.02541	0.03115	0.00168	0.00333	0.02333	0.04532	0.00454
140	0.12090	0.13101	0.03513	0.00997	0.02691	0.54532	0.01861	0.01504	0.01039	0.01133	0.00630	0.00748	0.00528	0.00421	0.00385	0.00111	0.03747	0.00266	0.00212	0.00491
141	0.00522	0.00422	0.00464	0.00453	0.00580	0.00364	0.00340	0.00656	0.01020	0.01296	0.29344	0.03711	0.57398	0.00987	0.00491	0.00137	0.00206	0.00836	0.00409	0.00364
142	0.00890	0.00737	0.00864	0.00619	0.00987	0.00555	0.00496	0.01074	0.00871	0.03684	0.00764	0.00877	0.00627	0.00314	0.00311	0.00063	0.00309	0.00251	0.00254	0.85455
143	0.00534	0.00373	0.00474	0.00543	0.00560	0.00356	0.00348	0.00586	0.00741	0.00988	0.02012	0.61831	0.02397	0.25079	0.00978	0.00235	0.00287	0.01018	0.00348	0.00313
144	0.00517	0.00410	0.00465	0.00486	0.00589	0.00359	0.00355	0.00630	0.00941	0.01188	0.15281	0.22592	0.48213	0.02437	0.00529	0.00152	0.00225	0.03885	0.00394	0.00353
145	0.00727	0.00520	0.00659	0.00615	0.00731	0.02089	0.01645	0.05353	0.02160	0.05725	0.42482	0.14609	0.05078	0.03206	0.12271	0.00218	0.00380	0.00715	0.00398	0.00418
146	0.03435	0.00445	0.00464	0.00437	0.00563	0.00445	0.00335	0.02413	0.01875	0.08553	0.01355	0.01502	0.01040	0.00485	0.00304	0.00101	0.00217	0.00386	0.75222	0.00425
147	0.00841	0.00815	0.01433	0.63570	0.12355	0.00947	0.10442	0.01138	0.02251	0.01140	0.00772	0.01107	0.00587	0.00405	0.00424	0.00137	0.00560	0.00385	0.00194	0.00500
148	0.01557	0.01152	0.01234	0.00951	0.01280	0.01278	0.00784	0.78175	0.05240	0.02582	0.01026	0.01020	0.00729	0.00501	0.00416	0.00125	0.00452	0.00378	0.00416	0.00704
149	0.00543	0.00414	0.00515	0.00525	0.00614	0.00391	0.00384	0.00671	0.00921	0.01225	0.25249	0.19499	0.27676	0.04176	0.15028	0.00244	0.00376	0.00818	0.00373	0.00360
150	0.88336	0.00803	0.00611	0.00546	0.00803	0.00932	0.00450	0.01221	0.00707	0.01864	0.00578	0.00675	0.00450	0.00386	0.00257	0.00129	0.00321	0.00225	0.00257	0.00450
151	0.00606	0.00407	0.00470	0.00480	0.00488	0.00406	0.00286	0.00622	0.00636	0.00845	0.01404	0.05366	0.01612	0.76657	0.01953	0.00380	0.00396	0.06457	0.00265	0.00264
152	0.00558	0.00408	0.00488	0.00517	0.00598	0.00373	0.00367	0.00652	0.00861	0.03054	0.07668	0.31967	0.32229	0.10506	0.05193	0.00208	0.00299	0.03334	0.00369	0.00348
153	0.67684	0.00773	0.00681	0.00584	0.00851	0.00850	0.00481	0.01387	0.00814	0.19290	0.00825	0.00854	0.00589	0.00416	0.00292	0.00128	0.00325	0.00270	0.02403	0.00504
154	0.01020	0.00753	0.00910	0.00790	0.00970	0.00845	0.00633	0.30680	0.05229	0.03428	0.05573	0.04249	0.01158	0.01604	0.33264	0.00345	0.03949	0.02724	0.01356	0.00520
155	0.02307	0.00499	0.00598	0.00587	0.00726	0.00467	0.00459	0.00962	0.04756	0.13514	0.04960	0.09695	0.29708	0.10172	0.00671	0.00180	0.00301	0.18629	0.00391	0.00417
156	0.00784	0.00738	0.01246	0.84404	0.02861	0.00923	0.01154	0.01061	0.00831	0.01061	0.00738	0.01107	0.00554	0.00415	0.00415	0.00138	0.00554	0.00369	0.00185	0.00461
157	0.00516	0.00406	0.00468	0.00503	0.00594	0.00362	0.00358	0.00637	0.02470	0.01158	0.10502	0.37409	0.40877	0.01127	0.00506	0.00151	0.00224	0.00983	0.00393	0.00355
158	0.00980	0.01120	0.02451	0.01751	0.02171	0.01050	0.81303	0.01331	0.00980	0.01331	0.00840	0.01120	0.00630	0.00350	0.00490	0.00140	0.00700	0.00490	0.00210	0.00560
159	0.00571	0.00439	0.00520	0.00513	0.00622	0.00404	0.00384	0.00757	0.04212	0.01378	0.38815	0.08746	0.31312	0.04555	0.00564	0.00152	0.00228	0.05037	0.00413	0.00378
160	0.01087	0.01022	0.03261	0.15139	0.47539	0.07101	0.04978	0.02966	0.00985	0.07501	0.01897	0.01073	0.00698	0.00399	0.00412	0.00125	0.00515	0.00372	0.00234	0.02696
161	0.00838	0.03123	0.81333	0.01185	0.01794	0.00974	0.02471	0.01315	0.00878	0.01312	0.00745	0.00877	0.00527	0.00394	0.00394	0.00131	0.00613	0.00308	0.00176	0.00612
162	0.00894	0.00888	0.01244	0.01071	0.01074	0.01238	0.00891	0.00987	0.00639	0.00999	0.00585	0.02030	0.00588	0.00804	0.03764	0.00196	0.81095	0.00377	0.00186	0.00450
163	0.01076	0.00743	0.00805	0.01837	0.00945	0.02157	0.00562	0.02815	0.43203	0.12714	0.03530	0.01570	0.01224	0.00542	0.00390	0.00127	0.00308	0.01442	0.21846	0.02164
164	0.00556	0.00425	0.00511	0.00494	0.00607	0.00380	0.00374	0.00720	0.01088	0.01460	0.52270	0.03470	0.31795	0.00930	0.00493	0.00136	0.00207	0.03279	0.00430	0.00377
165	0.00572	0.00437	0.00497	0.00477	0.00606	0.00385	0.00359	0.00733	0.02368	0.03312	0.35837	0.03534	0.47495	0.00949	0.00488	0.00136	0.00210	0.00808	0.00418	0.00381
166	0.00839	0.02112	0.80694	0.01227	0.04336	0.00965	0.01527	0.01314	0.00879	0.01317	0.00747	0.00882	0.00530	0.00394	0.00395	0.00131	0.00610	0.00309	0.00176	0.00615
167	0.01288	0.00922	0.01013	0.00843	0.01111	0.01013	0.00674	0.28700	0.38309	0.12663	0.05353	0.02580	0.02488	0.00567	0.00425	0.00134	0.00366	0.00460	0.00433	0.00659
168	0.00909	0.00909	0.01272	0.01091	0.01091	0.01272	0.00909	0.01000	0.00636	0.01000	0.00545	0.00909	0.00545	0.00727	0.01363	0.00182	0.84642	0.00364	0.00182	0.00454
169	0.00861	0.00738	0.00861	0.00615	0.00984	0.00554	0.00492	0.01046	0.00861	0.01354	0.00738	0.00861	0.00615	0.00308	0.00308	0.00062	0.00308	0.00246	0.00246	0.87941
170	0.01091	0.79877	0.07783	0.00743	0.01117	0.01597	0.00768	0.01249	0.00846	0.01001	0.00589	0.00681	0.00533	0.00358	0.00275	0.00092	0.00456	0.00228	0.00178	0.00539
171	0.01506	0.04707	0.01203	0.01031	0.01261	0.67959	0.00789	0.10217	0.03899	0.01210	0.00720	0.00814	0.00586	0.00482	0.01758	0.00119	0.00699	0.00287	0.00241	0.00511
172	0.00905	0.04173	0.37838	0.08136	0.10150	0.00968	0.16798	0.02428	0.02584	0.02515	0.00906	0.02676	0.02598	0.00427	0.00434	0.00131	0.02196	0.00387	0.00211	0.03536
173	0.01092	0.01182	0.01531	0.01245	0.03874	0.20946	0.29245	0.03645	0.09972	0.02144	0.04055	0.02441	0.03824	0.00509	0.00500	0.00133	0.05722	0.03731	0.00267	0.03944
174	0.00894	0.00745	0.00915	0.00717	0.00987	0.00687	0.03825	0.08960	0.07563	0.01400	0.01070	0.04288	0.03723	0.06309	0.04345	0.02645	0.04355	0.00385	0.00280	0.45906
175	0.01111	0.85652	0.02177	0.00711	0.01066	0.01644	0.00711	0.01244	0.00844	0.00977	0.00577	0.00666	0.00533	0.00355	0.00267	0.00089	0.00444	0.00222	0.00178	0.00533
176	0.00506	0.00362	0.00481	0.00576	0.00602	0.00338	0.00385	0.00579	0.00797	0.01061	0.02315	0.84041	0.03821	0.01298	0.00530	0.00168	0.00241	0.01177	0.00386	0.00338
177	0.00784	0.00738	0.01246	0.84404	0.02861	0.00923	0.01154	0.01061	0.00831	0.01061	0.00738	0.01107	0.00554	0.00415	0.00415	0.00138	0.00554	0.00369	0.00185	0.00461
178	0.00506	0.00363	0.00481	0.00575	0.00601	0.00338	0.00384	0.00579	0.00799	0.01062	0.02335	0.83191	0.04658	0.01295	0.00529	0.00168	0.00240	0.01174	0.00386	0.00338
179	0.01026	0.61212	0.23707	0.00839	0.01254	0.01440	0.00928	0.01250	0.00850	0.01069	0.00646	0.01943	0.00563	0.00384	0.00317	0.00102	0.01478	0.00260	0.00180	0.00551
180	0.00944	0.00981	0.08723	0.10783	0.25072	0.02840	0.11056	0.02780	0.02118	0.04382	0.08645	0.01353	0.03371	0.00531	0.01645	0.00141	0.09145	0.00432	0.04510	0.00546
181	0.00883	0.00738	0.00864	0.00618	0.00986	0.00555	0.00495	0.01067	0.00868	0.03113	0.00758	0.00873	0.00624	0.00312	0.00310	0.00063	0.00309	0.00250	0.00252	0.86064
182	0.00620	0.00397	0.00465	0.00465	0.00465	0.00397	0.00266	0.00596	0.00596	0.00794	0.01231	0.02527	0.01406	0.74350	0.02050	0.11923	0.00397	0.00572	0.00242	0.00242
183	0.02973	0.08346	0.21163	0.01009	0.05127	0.00858	0.11415	0.02122	0.03204	0.01351	0.02222	0.01008	0.00693	0.00376	0.00365	0.00102	0.00455	0.01614	0.00230	0.35368
184	0.08605	0.02135	0.02466	0.00872	0.03676	0.00946	0.00698	0.24825	0.14893	0.31272	0.01306	0.02645	0.00920	0.00517	0.00424	0.00131	0.02188	0.00404	0.00420	0.00660
185	0.00506	0.00361	0.00482	0.00578	0.00602	0.00337	0.00386	0.00578	0.00795	0.01060	0.02289	0.85131	0.02747	0.01301	0.00530	0.00169	0.00241	0.01181	0.00386	0.00337
186	0.00984	0.00963	0.08181	0.12875	0.38570	0.00879	0.06756	0.04583	0.00990	0.06655	0.05481	0.02774	0.04192	0.01867	0.00458	0.00136	0.00480	0.02339	0.00258	0.00581
187	0.01039	0.06575	0.31782	0.02490	0.28166	0.06056	0.09393	0.03267	0.00966	0.05238	0.00799	0.00962	0.00609	0.00390	0.00403	0.00125	0.00565	0.00346	0.00213	0.00615
188	0.00798	0.00745	0.01055	0.00937	0.00962	0.01005	0.00766	0.00906	0.00646	0.00984	0.00749	0.01187	0.00729	0.03328	0.28632	0.00347	0.55211	0.00396	0.00197	0.00422
189	0.00585	0.00400	0.00516	0.00563	0.00614	0.00378	0.00395	0.00685	0.00862	0.02911	0.16501	0.44668	0.04395	0.14344	0.00768	0.00198	0.00273	0.08619	0.01977	0.00347
190	0.01168	0.47222	0.17291	0.00853	0.01231	0.10276	0.00868	0.03125	0.04184	0.07860	0.00782	0.00881	0.00634	0.00407	0.00329	0.00107	0.00497	0.01494	0.00227	0.00564
191	0.06893	0.03767	0.04222	0.02188	0.05059	0.04194	0.02194	0.47993	0.07725	0.10090	0.01035	0.01041	0.00740	0.00477	0.00401	0.00125	0.00452	0.00367	0.00376	0.00661
192	0.00632	0.00495	0.00541	0.00518	0.00644	0.00477	0.00379	0.00896	0.13050	0.02650	0.15067	0.03169	0.41394	0.14748	0.03353	0.00198	0.00288	0.00731	0.00377	0.00393
193	0.01211	0.33200	0.14938	0.01022	0.03091	0.28467	0.06350	0.01425	0.02178	0.02679	0.00685	0.00796	0.00562	0.00396	0.00358	0.00109	0.01511	0.00281	0.00202	0.00538
194	0.00525	0.00393	0.00487	0.00537	0.00605	0.00358	0.00380	0.00629	0.00894	0.01170	0.14718	0.46080	0.23179	0.03173	0.00554	0.00163	0.00238	0.05175	0.00393	0.00349
195	0.04578	0.28285	0.21525	0.00894	0.01268	0.06056	0.00902	0.07905	0.17257	0.03674	0.00910	0.00954	0.00704	0.00434	0.00372	0.00118	0.02035	0.00316	0.00261	0.01552

[dist]
# distance from previous block
# <min> <max>
0	7

[block]
# block no. 1 follows, 64 sequences, length 20
# corresponding to MSA columns:
# 342-361
name=unknown_B
#
# <colnr> <probs for GDERKNQSTAVLIFYWHMCP>
#	G	D	E	R	K	N	Q	S	T	A	V	L	I	F	Y	W	H	M	C	P
0	0.10404	0.00993	0.01018	0.00818	0.01098	0.07941	0.00665	0.34435	0.02267	0.19913	0.01112	0.02809	0.00819	0.00507	0.00415	0.00123	0.02773	0.01493	0.05496	0.04903
1	0.00934	0.00926	0.01402	0.04845	0.20608	0.01184	0.03247	0.01077	0.00727	0.01096	0.00617	0.00951	0.00575	0.00619	0.01074	0.00165	0.58888	0.00369	0.00188	0.00506
2	0.00608	0.00469	0.00561	0.00536	0.00655	0.00445	0.00404	0.00875	0.09091	0.01517	0.51987	0.05442	0.22649	0.00888	0.00486	0.00136	0.00217	0.02194	0.00433	0.00406
3	0.00861	0.00738	0.00861	0.00615	0.00984	0.00554	0.00492	0.01046	0.00861	0.01354	0.00738	0.00861	0.00615	0.00308	0.00308	0.00062	0.00308	0.00246	0.00246	0.87941
4	0.00831	0.00483	0.00671	0.00631	0.00721	0.01845	0.00471	0.00856	0.00702	0.11459	0.01015	0.01439	0.00902	0.03300	0.36458	0.33260	0.00686	0.00402	0.00245	0.03624
5	0.00569	0.00425	0.00527	0.00548	0.00633	0.00389	0.00391	0.02870	0.00960	0.01290	0.24542	0.43412	0.16485	0.01076	0.00501	0.00148	0.00232	0.00954	0.00401	0.03647
6	0.00593	0.00459	0.00539	0.00525	0.00629	0.02031	0.00389	0.00781	0.03249	0.01472	0.51978	0.12679	0.19556	0.00920	0.00487	0.00136	0.00218	0.00802	0.02171	0.00386
7	0.00558	0.00454	0.00505	0.00472	0.00620	0.00384	0.00354	0.00693	0.00987	0.01281	0.24267	0.05054	0.50004	0.02693	0.00506	0.00135	0.00222	0.00777	0.00387	0.09645
8	0.00513	0.00368	0.00489	0.00579	0.00610	0.00344	0.00393	0.00593	0.00814	0.01084	0.04577	0.78566	0.04472	0.01278	0.00530	0.00168	0.00244	0.03649	0.00387	0.00341
9	0.00675	0.00575	0.00725	0.03833	0.00850	0.06569	0.00556	0.00812	0.00715	0.00972	0.01127	0.06693	0.01094	0.06280	0.63232	0.00549	0.03656	0.00479	0.00230	0.00378
10	0.00933	0.00878	0.01501	0.02124	0.62515	0.00887	0.04370	0.01162	0.00893	0.01277	0.00887	0.03635	0.00786	0.00884	0.15221	0.00222	0.00604	0.00412	0.00214	0.00593
11	0.00902	0.00570	0.00728	0.00665	0.00786	0.02058	0.00511	0.06894	0.00872	0.13589	0.03439	0.03120	0.01162	0.13837	0.38338	0.00411	0.03948	0.00468	0.07267	0.00436
12	0.00527	0.00379	0.00501	0.00576	0.00616	0.00356	0.00399	0.00620	0.00844	0.01133	0.11509	0.66201	0.04869	0.03015	0.02262	0.00180	0.00263	0.05017	0.00388	0.00345
13	0.02804	0.06049	0.22005	0.02762	0.09041	0.06955	0.31511	0.05001	0.00984	0.02757	0.00810	0.01046	0.00629	0.00410	0.00465	0.00133	0.04032	0.01816	0.00217	0.00573
14	0.02546	0.01084	0.12905	0.01895	0.48586	0.01865	0.06572	0.01278	0.02058	0.06188	0.04721	0.03749	0.03774	0.00458	0.00422	0.00128	0.00483	0.00429	0.00247	0.00610
15	0.00696	0.00375	0.00552	0.00552	0.00562	0.00385	0.00374	0.00572	0.00562	0.00760	0.00814	0.01412	0.00818	0.07428	0.12638	0.70245	0.00464	0.00389	0.00191	0.00211
16	0.00848	0.00808	0.01394	0.14824	0.27024	0.00813	0.16791	0.03445	0.00981	0.01323	0.09201	0.04732	0.13343	0.00573	0.00454	0.00135	0.00461	0.02055	0.00270	0.00521
17	0.01032	0.04602	0.15870	0.01167	0.11940	0.06254	0.07199	0.12844	0.09684	0.03974	0.03633	0.11370	0.03454	0.00579	0.00453	0.00133	0.02963	0.00493	0.01788	0.00568
18	0.01059	0.04646	0.19244	0.02505	0.10240	0.06049	0.10744	0.14860	0.05713	0.04925	0.02632	0.07213	0.03321	0.02930	0.01943	0.00148	0.00515	0.00455	0.00284	0.00574
19	0.02482	0.01091	0.01265	0.02748	0.06305	0.16726	0.04373	0.01194	0.04260	0.01088	0.00740	0.01013	0.02255	0.00712	0.04172	0.00177	0.48343	0.00367	0.00208	0.00480

[dist]
# distance from previous block
# <min> <max>
1	4

[block]
# block no. 2 follows, 64 sequences, length 21
# corresponding to MSA columns:
# 366-386
name=unknown_C
#
# <colnr> <probs for GDERKNQSTAVLIFYWHMCP>
#	G	D	E	R	K	N	Q	S	T	A	V	L	I	F	Y	W	H	M	C	P
0	0.04780	0.12574	0.09812	0.12193	0.14417	0.04617	0.04917	0.06537	0.03811	0.10996	0.02712	0.01160	0.00786	0.00462	0.00438	0.00127	0.04613	0.02458	0.02020	0.00570
1	0.05748	0.00450	0.00546	0.00578	0.00642	0.01556	0.00405	0.00728	0.03394	0.02252	0.05959	0.42704	0.06014	0.05488	0.04063	0.14975	0.00320	0.02338	0.00333	0.01507
2	0.00858	0.00738	0.00877	0.04135	0.01063	0.00569	0.00520	0.01047	0.00860	0.01341	0.00738	0.00872	0.00613	0.00312	0.00312	0.00065	0.00318	0.00251	0.00244	0.84267
3	0.01066	0.00957	0.04861	0.04925	0.31894	0.02777	0.02897	0.11099	0.13315	0.05830	0.02573	0.02686	0.02094	0.00553	0.00439	0.00137	0.00450	0.10535	0.00309	0.00603
4	0.01316	0.01324	0.01091	0.00976	0.02964	0.30693	0.00742	0.18324	0.32163	0.01641	0.02505	0.02439	0.00943	0.00513	0.00406	0.00125	0.00506	0.00391	0.00342	0.00595
5	0.00694	0.00576	0.00895	0.33626	0.01570	0.00690	0.00758	0.02887	0.00760	0.01033	0.00975	0.01482	0.00871	0.07506	0.43375	0.00428	0.00828	0.00424	0.00214	0.00407
6	0.01106	0.00976	0.05173	0.06937	0.51861	0.03917	0.01091	0.01355	0.02181	0.12901	0.04456	0.01293	0.02557	0.00448	0.00418	0.00127	0.00469	0.01843	0.00268	0.00622
7	0.00883	0.13031	0.64153	0.01160	0.01707	0.01070	0.07217	0.01297	0.00873	0.01262	0.00724	0.00868	0.00535	0.00397	0.00415	0.00128	0.03198	0.00311	0.00178	0.00594
8	0.01018	0.00977	0.01668	0.05925	0.79514	0.00984	0.01270	0.01266	0.00941	0.01345	0.00780	0.01031	0.00654	0.00372	0.00411	0.00124	0.00496	0.00370	0.00205	0.00650
9	0.01120	0.04930	0.21215	0.01223	0.05969	0.18069	0.16875	0.09181	0.02147	0.04345	0.00949	0.07111	0.00800	0.00489	0.00429	0.00129	0.01406	0.01689	0.01368	0.00560
10	0.00962	0.06032	0.37704	0.02521	0.03342	0.01739	0.21474	0.04650	0.00982	0.06517	0.04688	0.03947	0.02622	0.00459	0.00426	0.00132	0.00561	0.00422	0.00241	0.00578
11	0.00525	0.00384	0.00474	0.00527	0.00575	0.00354	0.00354	0.00604	0.00829	0.01090	0.09923	0.50911	0.16877	0.13662	0.00754	0.00195	0.00255	0.01002	0.00372	0.00332
12	0.00890	0.00843	0.01422	0.41613	0.40933	0.00929	0.01176	0.01146	0.00895	0.01215	0.02351	0.01181	0.02785	0.00418	0.00417	0.00131	0.00510	0.00390	0.00205	0.00551
13	0.01070	0.16282	0.32638	0.01251	0.07495	0.10538	0.14378	0.05296	0.02617	0.03530	0.00778	0.00911	0.00593	0.00394	0.00389	0.00122	0.00585	0.00332	0.00214	0.00587
14	0.00634	0.00489	0.00594	0.00651	0.00744	0.02269	0.00519	0.01666	0.03238	0.01193	0.04046	0.22829	0.17333	0.04534	0.00599	0.00180	0.00322	0.37409	0.00378	0.00375
15	0.00494	0.00418	0.00427	0.00431	0.00564	0.00351	0.00321	0.00600	0.00946	0.01133	0.06094	0.07666	0.77026	0.01058	0.00493	0.00141	0.00211	0.00887	0.00388	0.00351
16	0.00912	0.03270	0.06250	0.43486	0.19466	0.02470	0.09791	0.03296	0.02537	0.01217	0.00774	0.01061	0.00600	0.00409	0.00442	0.00134	0.02773	0.00375	0.00202	0.00535
17	0.05481	0.15525	0.18982	0.01180	0.09874	0.09034	0.08767	0.16167	0.02694	0.07251	0.00840	0.00932	0.00631	0.00415	0.00382	0.00121	0.00527	0.00333	0.00263	0.00603
18	0.34432	0.03154	0.04718	0.00830	0.06314	0.04981	0.01597	0.15090	0.00992	0.06429	0.00862	0.01123	0.00718	0.11455	0.02852	0.00176	0.01650	0.00340	0.01780	0.00507
19	0.04050	0.00525	0.00610	0.00648	0.02964	0.02552	0.00502	0.00807	0.00936	0.01245	0.08361	0.06194	0.28825	0.02762	0.03102	0.00173	0.00332	0.27835	0.02449	0.05129
20	0.02981	0.02105	0.01135	0.32120	0.15236	0.04089	0.00899	0.04976	0.09575	0.01288	0.04475	0.06449	0.02759	0.02124	0.02542	0.02418	0.01859	0.00451	0.00259	0.02260

[dist]
# distance from previous block
# <min> <max>
2	10

[block]
# block no. 3 follows, 64 sequences, length 58
# corresponding to MSA columns:
# 397-454
name=unknown_D
#
# <colnr> <probs for GDERKNQSTAVLIFYWHMCP>
#	G	D	E	R	K	N	Q	S	T	A	V	L	I	F	Y	W	H	M	C	P
0	0.00837	0.04582	0.75585	0.01172	0.01754	0.00970	0.04268	0.01293	0.00877	0.01298	0.00788	0.03311	0.00594	0.00418	0.00398	0.00132	0.00601	0.00336	0.00183	0.00602
