[name]
unknown

[dist]
# distance from previous block
# <min> <max>
1	635

[block]
# block no. 0 follows, 38 sequences, length 10
# corresponding to MSA columns:
# 879-881,885-891
name=unknown_A
#
# <colnr> <probs for GDERKNQSTAVLIFYWHMCP>
#	G	D	E	R	K	N	Q	S	T	A	V	L	I	F	Y	W	H	M	C	P
0	0.01396	0.01168	0.01806	0.34449	0.21205	0.01232	0.01436	0.01814	0.05013	0.08042	0.01266	0.01580	0.00967	0.00579	0.00572	0.00174	0.00673	0.00516	0.00349	0.15761
1	0.76153	0.01109	0.00876	0.00790	0.01131	0.01279	0.00641	0.01685	0.01003	0.02559	0.00855	0.01049	0.00685	0.00688	0.00540	0.07162	0.00470	0.00342	0.00363	0.00618
2	0.01317	0.14182	0.10190	0.01176	0.04228	0.01128	0.03681	0.05179	0.01396	0.09724	0.02608	0.18547	0.13827	0.01068	0.00623	0.00192	0.00543	0.04707	0.00464	0.05218
3	0.01360	0.01081	0.01455	0.06123	0.01705	0.01127	0.07285	0.03527	0.22719	0.07929	0.09609	0.04795	0.05138	0.00934	0.00711	0.00199	0.04354	0.09037	0.00520	0.10392
4	0.83108	0.01163	0.00884	0.00791	0.01163	0.01350	0.00651	0.01768	0.01024	0.02699	0.00838	0.00977	0.00651	0.00558	0.00372	0.00186	0.00465	0.00326	0.00372	0.00651
5	0.01241	0.01170	0.06014	0.00965	0.01460	0.00862	0.00816	0.05399	0.01325	0.02007	0.01357	0.10409	0.01256	0.00639	0.00500	0.00119	0.00475	0.00533	0.00387	0.63067
6	0.01193	0.01114	0.01812	0.50724	0.10347	0.01233	0.04702	0.01567	0.01253	0.01700	0.03504	0.01625	0.00998	0.00584	0.00581	0.00178	0.00722	0.00529	0.00301	0.15331
7	0.83108	0.01163	0.00884	0.00791	0.01163	0.01350	0.00651	0.01768	0.01024	0.02699	0.00838	0.00977	0.00651	0.00558	0.00372	0.00186	0.00465	0.00326	0.00372	0.00651
8	0.01294	0.01217	0.01773	0.39607	0.16220	0.04155	0.01449	0.04716	0.03329	0.01782	0.01441	0.01795	0.05648	0.00665	0.00651	0.00186	0.04126	0.00562	0.00326	0.09057
9	0.03371	0.01144	0.01408	0.04010	0.03548	0.01024	0.03126	0.10822	0.04777	0.06260	0.03532	0.05423	0.01275	0.00624	0.00523	0.00135	0.00508	0.00521	0.00434	0.47537

[dist]
# distance from previous block
# <min> <max>
7	13

[block]
# block no. 1 follows, 38 sequences, length 10
# corresponding to MSA columns:
# 905-914
name=unknown_B
#
# <colnr> <probs for GDERKNQSTAVLIFYWHMCP>
#	G	D	E	R	K	N	Q	S	T	A	V	L	I	F	Y	W	H	M	C	P
0	0.01241	0.01096	0.03889	0.09022	0.14112	0.03664	0.01032	0.01738	0.13375	0.07125	0.08133	0.10877	0.20161	0.01042	0.00651	0.00199	0.00518	0.00899	0.00495	0.00732
1	0.01327	0.01117	0.01290	0.00929	0.01460	0.00884	0.00746	0.07027	0.01369	0.02101	0.01098	0.01263	0.00901	0.00467	0.00458	0.00096	0.00462	0.00371	0.00375	0.76259
2	0.71159	0.01190	0.00989	0.00855	0.01242	0.01350	0.00704	0.06928	0.01206	0.08396	0.00999	0.01093	0.00743	0.00584	0.00407	0.00186	0.00483	0.00363	0.00417	0.00707
3	0.07592	0.00652	0.00673	0.00664	0.00861	0.00588	0.00499	0.00987	0.01391	0.01854	0.18063	0.09009	0.52284	0.01409	0.00686	0.00201	0.00317	0.01181	0.00562	0.00530
4	0.01584	0.01493	0.01536	0.01296	0.01615	0.16521	0.08428	0.13315	0.18038	0.02370	0.16336	0.04692	0.02210	0.00837	0.00616	0.00184	0.00628	0.00707	0.06820	0.00775
5	0.02517	0.01036	0.01365	0.01059	0.01487	0.00932	0.00860	0.07943	0.01733	0.64040	0.02265	0.02160	0.01513	0.07240	0.00809	0.00219	0.00529	0.00623	0.00702	0.00969
6	0.00944	0.00589	0.00884	0.00884	0.00942	0.00648	0.00648	0.00942	0.00884	0.01237	0.01354	0.02120	0.01295	0.03412	0.42813	0.37992	0.01117	0.00589	0.00295	0.00412
7	0.01592	0.01551	0.05174	0.04865	0.37381	0.07760	0.07460	0.02130	0.11651	0.07409	0.03357	0.01682	0.01207	0.00636	0.00655	0.00187	0.03453	0.00574	0.00382	0.00893
8	0.00948	0.00758	0.00974	0.06740	0.01287	0.00733	0.00719	0.01283	0.05455	0.01975	0.29013	0.05521	0.14187	0.01595	0.11611	0.00295	0.00564	0.03371	0.00513	0.12460
9	0.04054	0.01789	0.07538	0.05168	0.15689	0.21809	0.08634	0.03168	0.05272	0.03948	0.01433	0.07387	0.01294	0.06286	0.00805	0.00216	0.02297	0.02093	0.00363	0.00755

[dist]
# distance from previous block
# <min> <max>
2	12

[block]
# block no. 2 follows, 38 sequences, length 13
# corresponding to MSA columns:
# 931-943
name=unknown_C
#
# <colnr> <probs for GDERKNQSTAVLIFYWHMCP>
#	G	D	E	R	K	N	Q	S	T	A	V	L	I	F	Y	W	H	M	C	P
0	0.01950	0.06176	0.06604	0.03275	0.01858	0.29950	0.01171	0.22664	0.11836	0.02359	0.05314	0.01551	0.01258	0.00700	0.00573	0.00173	0.00794	0.00514	0.00447	0.00835
1	0.01499	0.34569	0.17928	0.04127	0.12595	0.01849	0.04342	0.04841	0.09434	0.01840	0.01157	0.01314	0.00931	0.00574	0.00509	0.00165	0.00707	0.00450	0.00318	0.00851
2	0.00757	0.00549	0.00703	0.00799	0.00855	0.00518	0.00538	0.00867	0.01150	0.01523	0.05530	0.56169	0.11042	0.10369	0.05369	0.00317	0.00441	0.01493	0.00527	0.00482
3	0.00733	0.00524	0.00698	0.00838	0.00873	0.00489	0.00558	0.00838	0.01152	0.01536	0.03316	0.78466	0.03979	0.01885	0.00768	0.00244	0.00349	0.01710	0.00558	0.00489
4	0.00818	0.00685	0.00721	0.00699	0.00908	0.00625	0.00528	0.01160	0.09341	0.01844	0.16338	0.05202	0.56184	0.01401	0.00700	0.00201	0.00320	0.01177	0.00581	0.00566
5	0.01517	0.01095	0.01299	0.00944	0.01465	0.00870	0.00761	0.05488	0.01401	0.12958	0.01282	0.01376	0.00987	0.00504	0.00477	0.00108	0.00467	0.00403	0.00427	0.66170
6	0.01247	0.01069	0.01247	0.00891	0.01426	0.00802	0.00713	0.01515	0.01247	0.01960	0.01069	0.01247	0.00891	0.00446	0.00446	0.00089	0.00446	0.00356	0.00356	0.82536
7	0.02227	0.01786	0.01763	0.01391	0.01844	0.09968	0.01132	0.60473	0.07717	0.03449	0.01459	0.01461	0.01053	0.00718	0.00596	0.00179	0.00695	0.00535	0.00571	0.00983
8	0.00711	0.00609	0.00609	0.00609	0.00813	0.00508	0.00457	0.00863	0.01371	0.01625	0.06094	0.05789	0.74862	0.01524	0.00711	0.00203	0.00305	0.01270	0.00559	0.00508
9	0.01486	0.00803	0.01020	0.00921	0.01171	0.00748	0.00712	0.04415	0.05626	0.25189	0.18720	0.20452	0.11039	0.01232	0.00685	0.00206	0.00408	0.03796	0.00644	0.00725
10	0.49557	0.14183	0.13739	0.01026	0.01512	0.01554	0.01008	0.05202	0.03802	0.02404	0.00964	0.01091	0.00749	0.00570	0.00427	0.00178	0.00574	0.00368	0.00353	0.00739
11	0.04501	0.10207	0.08479	0.01133	0.01483	0.05959	0.01003	0.09521	0.02883	0.13810	0.03887	0.06369	0.12886	0.03060	0.03642	0.00231	0.09028	0.00702	0.00466	0.00753
12	0.18650	0.01573	0.05900	0.07364	0.01881	0.10459	0.05143	0.11522	0.11238	0.04683	0.04219	0.01545	0.01159	0.00701	0.00687	0.00191	0.08305	0.00515	0.00421	0.03843

[dist]
# distance from previous block
# <min> <max>
2	44

[block]
# block no. 3 follows, 38 sequences, length 31
# corresponding to MSA columns:
# 988-1018
name=unknown_D
#
# <colnr> <probs for GDERKNQSTAVLIFYWHMCP>
#	G	D	E	R	K	N	Q	S	T	A	V	L	I	F	Y	W	H	M	C	P
0	0.29094	0.06325	0.06241	0.16788	0.07664	0.03169	0.06194	0.04900	0.01263	0.02144	0.03685	0.01383	0.00955	0.00618	0.00590	0.00187	0.04962	0.00469	0.00339	0.03031
1	0.01197	0.00990	0.01127	0.02647	0.01321	0.03193	0.00745	0.06942	0.09224	0.02146	0.18821	0.12834	0.02587	0.02697	0.03147	0.00197	0.00483	0.00787	0.00497	0.28419
2	0.00887	0.00727	0.00770	0.00738	0.00953	0.00679	0.00558	0.05174	0.08055	0.01906	0.12563	0.09328	0.52674	0.01404	0.00699	0.00203	0.00341	0.01182	0.00577	0.00582
3	0.01471	0.01039	0.01183	0.00998	0.01307	0.01056	0.00796	0.23411	0.06977	0.08243	0.24611	0.03405	0.15337	0.01046	0.00657	0.00189	0.00450	0.03418	0.00613	0.03793
4	0.00967	0.00639	0.00830	0.00773	0.00937	0.00583	0.00583	0.01233	0.01664	0.07415	0.63128	0.07249	0.09220	0.01238	0.00705	0.00192	0.00303	0.01089	0.00658	0.00593
5	0.01359	0.01718	0.19284	0.10121	0.06150	0.03810	0.10123	0.03443	0.05372	0.04550	0.01230	0.01547	0.00972	0.01006	0.07643	0.00263	0.12355	0.00533	0.00329	0.08192
6	0.01207	0.03112	0.75741	0.01715	0.02604	0.01397	0.02223	0.01905	0.01270	0.01905	0.01080	0.01270	0.00762	0.00572	0.00572	0.00191	0.00889	0.00445	0.00254	0.00889
7	0.75854	0.01222	0.03380	0.05102	0.01377	0.01350	0.00760	0.01760	0.01042	0.02608	0.00858	0.01022	0.00664	0.00561	0.00392	0.00187	0.00498	0.00341	0.00363	0.00660
8	0.01659	0.19808	0.08491	0.06992	0.09813	0.03102	0.01242	0.19221	0.09514	0.05240	0.01555	0.06864	0.02499	0.00735	0.00561	0.00178	0.00647	0.00589	0.00431	0.00859
9	0.02005	0.02373	0.01662	0.01525	0.03294	0.53518	0.01145	0.05734	0.08687	0.01690	0.01133	0.01314	0.00936	0.00896	0.04915	0.00216	0.07424	0.00452	0.00350	0.00731
10	0.00790	0.00579	0.00741	0.00770	0.00879	0.00530	0.00551	0.00989	0.01453	0.01984	0.39330	0.32993	0.13152	0.01515	0.00732	0.00212	0.00311	0.01348	0.00610	0.00530
11	0.01341	0.01379	0.01853	0.56349	0.03557	0.12306	0.05522	0.01812	0.06854	0.01624	0.01163	0.01578	0.00883	0.00615	0.00600	0.00194	0.00830	0.00534	0.00302	0.00702
12	0.00741	0.00528	0.00700	0.00829	0.00866	0.00494	0.00552	0.00848	0.01159	0.01550	0.05444	0.73625	0.03968	0.04536	0.00846	0.00254	0.00355	0.01662	0.00555	0.00487
13	0.01439	0.01437	0.07102	0.32526	0.09148	0.01557	0.05536	0.15099	0.01486	0.02029	0.01100	0.01486	0.00858	0.00699	0.00872	0.00206	0.15766	0.00538	0.00333	0.00781
14	0.01121	0.00561	0.00561	0.00561	0.00701	0.00561	0.00421	0.01402	0.01262	0.02243	0.01962	0.02243	0.01542	0.00701	0.00421	0.00140	0.00280	0.00561	0.82198	0.00561
15	0.08954	0.01102	0.01307	0.01043	0.01437	0.01078	0.00840	0.15452	0.05280	0.37493	0.07542	0.02228	0.03381	0.06200	0.00760	0.00211	0.00515	0.00635	0.00629	0.03915
16	0.02635	0.01063	0.01412	0.01090	0.01551	0.00950	0.00898	0.05994	0.04558	0.69587	0.02336	0.02029	0.01482	0.00746	0.00605	0.00187	0.00517	0.00605	0.00733	0.01021
17	0.01958	0.01580	0.01606	0.01313	0.01726	0.05897	0.01056	0.42375	0.27577	0.03146	0.01916	0.01844	0.03675	0.00775	0.00606	0.00188	0.00609	0.00605	0.00588	0.00963
18	0.83108	0.01163	0.00884	0.00791	0.01163	0.01350	0.00651	0.01768	0.01024	0.02699	0.00838	0.00977	0.00651	0.00558	0.00372	0.00186	0.00465	0.00326	0.00372	0.00651
19	0.01656	0.01712	0.01839	0.06262	0.22201	0.21887	0.03317	0.07423	0.11126	0.02006	0.06925	0.01740	0.01392	0.00836	0.03467	0.00211	0.04233	0.00566	0.00391	0.00810
20	0.01247	0.01069	0.01247	0.00891	0.01426	0.00802	0.00713	0.01515	0.01247	0.01960	0.01069	0.01247	0.00891	0.00446	0.00446	0.00089	0.00446	0.00356	0.00356	0.82536
21	0.01374	0.01347	0.03425	0.16720	0.12061	0.03736	0.15449	0.04327	0.15117	0.02019	0.03288	0.02098	0.01366	0.00695	0.00625	0.00190	0.00710	0.05771	0.00396	0.09287
22	0.01247	0.01069	0.01247	0.00891	0.01426	0.00802	0.00713	0.01515	0.01247	0.01960	0.01069	0.01247	0.00891	0.00446	0.00446	0.00089	0.00446	0.00356	0.00356	0.82536
23	0.01253	0.03297	0.03292	0.04423	0.10005	0.01175	0.06846	0.04779	0.06215	0.04936	0.25737	0.02842	0.08245	0.00958	0.00868	0.00201	0.12934	0.00790	0.00480	0.00722
24	0.00786	0.00612	0.00714	0.00688	0.00859	0.00540	0.00516	0.01009	0.01549	0.02047	0.42865	0.05096	0.37828	0.01366	0.00710	0.00196	0.00294	0.01172	0.00614	0.00540
25	0.01405	0.01905	0.22194	0.01886	0.02488	0.01442	0.31877	0.08673	0.11557	0.02178	0.03854	0.01872	0.04458	0.00655	0.00649	0.00197	0.00819	0.00656	0.00384	0.00850
26	0.01045	0.00522	0.00784	0.00784	0.00784	0.00522	0.00522	0.00784	0.00784	0.01045	0.01045	0.01829	0.01045	0.02090	0.02351	0.82497	0.00522	0.00522	0.00261	0.00261
27	0.01444	0.01254	0.01860	0.20251	0.07271	0.01397	0.11027	0.17526	0.07412	0.02167	0.01538	0.06305	0.01348	0.07827	0.00951	0.00239	0.06062	0.02943	0.00411	0.00767
28	0.01325	0.01240	0.02039	0.42426	0.32308	0.01396	0.01694	0.03749	0.04566	0.01815	0.01166	0.01582	0.00915	0.00588	0.00600	0.00191	0.00749	0.00542	0.00304	0.00805
29	0.01242	0.11632	0.08232	0.01007	0.01354	0.01133	0.00879	0.10024	0.08343	0.03373	0.05019	0.18044	0.14867	0.03770	0.00698	0.00200	0.00498	0.00896	0.00481	0.08308
30	0.06066	0.57869	0.06009	0.03254	0.01680	0.06365	0.01091	0.05865	0.04026	0.01687	0.00953	0.01078	0.00819	0.00551	0.00429	0.00144	0.00669	0.00363	0.00299	0.00784

[dist]
# distance from previous block
# <min> <max>
4	7

[block]
# block no. 4 follows, 38 sequences, length 63
# corresponding to MSA columns:
# 1027-1083,1087-1092
name=unknown_E
#
# <colnr> <probs for GDERKNQSTAVLIFYWHMCP>
#	G	D	E	R	K	N	Q	S	T	A	V	L	I	F	Y	W	H	M	C	P
0	0.69638	0.01359	0.01028	0.00919	0.01263	0.09601	0.00745	0.01820	0.01093	0.02494	0.00845	0.01008	0.00673	0.00593	0.00481	0.00187	0.04893	0.00344	0.00359	0.00657
1	0.15565	0.01327	0.01403	0.01110	0.01543	0.03837	0.00899	0.25441	0.05635	0.21101	0.01583	0.01628	0.01145	0.03986	0.00648	0.00189	0.00565	0.00514	0.00549	0.11333
2	0.01010	0.00543	0.00786	0.00789	0.00814	0.00536	0.00543	0.00842	0.00913	0.01221	0.07654	0.02482	0.03774	0.04053	0.02104	0.66630	0.00499	0.04172	0.00322	0.00312
3	0.01276	0.01765	0.21035	0.07102	0.07025	0.01531	0.12103	0.01701	0.03599	0.01708	0.01082	0.01485	0.00897	0.01016	0.06375	0.00273	0.28432	0.00547	0.00285	0.00761
4	0.01515	0.16900	0.04614	0.00995	0.01324	0.01073	0.00880	0.01778	0.01520	0.20996	0.23525	0.05876	0.02958	0.01024	0.00633	0.00193	0.00489	0.12410	0.00562	0.00736
5	0.01901	0.03719	0.04653	0.01234	0.01645	0.05518	0.01034	0.29066	0.17914	0.12935	0.08491	0.02180	0.03761	0.00817	0.00612	0.00188	0.00586	0.02249	0.00587	0.00911
6	0.03931	0.01591	0.01857	0.01429	0.01903	0.03749	0.07537	0.49495	0.07601	0.12343	0.01584	0.01573	0.01114	0.00706	0.00606	0.00184	0.00669	0.00566	0.00580	0.00982
7	0.00895	0.00635	0.00778	0.00741	0.00915	0.00569	0.00565	0.01136	0.01589	0.05374	0.47556	0.04879	0.26516	0.01317	0.00711	0.00197	0.00312	0.04118	0.00630	0.00569
8	0.01672	0.01232	0.01315	0.01104	0.01457	0.05398	0.00880	0.21432	0.13083	0.11795	0.03688	0.04343	0.12490	0.01221	0.07251	0.00252	0.00632	0.02445	0.00552	0.07758
9	0.72079	0.03939	0.05863	0.00881	0.01296	0.01406	0.00784	0.04388	0.01113	0.02644	0.00876	0.01013	0.00676	0.00564	0.00394	0.00184	0.00506	0.00341	0.00369	0.00685
10	0.01564	0.04030	0.01890	0.01481	0.01756	0.08731	0.08981	0.10590	0.03232	0.04697	0.01127	0.01446	0.00945	0.01032	0.06245	0.00252	0.29883	0.00521	0.00357	0.11239
11	0.01516	0.01160	0.01284	0.01119	0.01436	0.01276	0.00870	0.11498	0.40393	0.07221	0.04983	0.02409	0.03672	0.07379	0.07323	0.00290	0.00595	0.00687	0.00564	0.04323
12	0.00768	0.00540	0.00687	0.00787	0.00826	0.00509	0.00515	0.00844	0.01103	0.01457	0.03158	0.57387	0.08158	0.16142	0.01242	0.03022	0.00395	0.01487	0.00513	0.00459
13	0.02112	0.02573	0.01812	0.04067	0.11926	0.61159	0.01270	0.04988	0.01687	0.01630	0.00981	0.01169	0.00809	0.00612	0.00554	0.00161	0.01010	0.00418	0.00318	0.00744
14	0.00754	0.00591	0.00633	0.00653	0.00784	0.00523	0.00449	0.00862	0.01220	0.01502	0.04686	0.15753	0.47230	0.20175	0.01285	0.00300	0.00378	0.01238	0.00512	0.00471
15	0.01701	0.01381	0.01467	0.01241	0.01627	0.01551	0.00986	0.24052	0.47725	0.02852	0.02203	0.02071	0.03722	0.00795	0.00606	0.00193	0.00526	0.00644	0.00598	0.04061
16	0.01358	0.01311	0.01553	0.13501	0.10536	0.13552	0.05798	0.07802	0.01582	0.02017	0.21270	0.05726	0.05027	0.05425	0.00782	0.00210	0.00652	0.00766	0.00444	0.00689
17	0.00795	0.00613	0.00726	0.00697	0.00864	0.00544	0.00523	0.01026	0.01569	0.02095	0.47095	0.05016	0.33568	0.01348	0.00710	0.00195	0.00292	0.01161	0.00620	0.00544
18	0.01985	0.02289	0.01652	0.01474	0.01766	0.47773	0.01133	0.06593	0.17129	0.01828	0.01269	0.01379	0.01018	0.00716	0.00720	0.00179	0.09469	0.00474	0.00386	0.00766
19	0.01136	0.01069	0.01804	0.77412	0.04143	0.01337	0.01671	0.01537	0.01203	0.01537	0.01069	0.01604	0.00802	0.00601	0.00601	0.00200	0.00802	0.00535	0.00267	0.00668
20	0.03123	0.16053	0.25448	0.01303	0.01763	0.03650	0.03025	0.03043	0.01305	0.01798	0.08565	0.05377	0.08785	0.00872	0.00770	0.00194	0.11167	0.02669	0.00358	0.00731
21	0.01374	0.08210	0.02200	0.01664	0.01826	0.04521	0.13144	0.01578	0.01061	0.01523	0.00903	0.01371	0.00837	0.01040	0.04611	0.00266	0.52369	0.00539	0.00274	0.00690
22	0.00965	0.00683	0.00951	0.01080	0.01215	0.00680	0.00936	0.01216	0.01359	0.01763	0.03175	0.06547	0.05344	0.01676	0.00892	0.03768	0.00546	0.66120	0.00542	0.00540
23	0.69766	0.01140	0.00969	0.00837	0.01225	0.01272	0.00690	0.01961	0.01140	0.14782	0.01092	0.01155	0.00790	0.00589	0.00411	0.00186	0.00473	0.00372	0.00434	0.00713
24	0.01685	0.06902	0.20441	0.06908	0.07282	0.07870	0.02914	0.04046	0.06989	0.17985	0.03674	0.03971	0.03455	0.00726	0.00621	0.00187	0.02468	0.00586	0.00437	0.00853
25	0.00859	0.00645	0.00967	0.00967	0.01074	0.00752	0.00752	0.01074	0.00967	0.01396	0.01611	0.02363	0.01504	0.04512	0.76474	0.00967	0.01611	0.00645	0.00322	0.00537
26	0.01297	0.01148	0.03543	0.01373	0.06175	0.02655	0.06501	0.02106	0.28653	0.05290	0.07017	0.12300	0.07389	0.01068	0.00705	0.00214	0.02398	0.08859	0.00535	0.00774
27	0.01121	0.00561	0.00561	0.00561	0.00701	0.00561	0.00421	0.01402	0.01262	0.02243	0.01962	0.02243	0.01542	0.00701	0.00421	0.00140	0.00280	0.00561	0.82198	0.00561
28	0.01034	0.00943	0.00911	0.00884	0.01075	0.08644	0.00661	0.01423	0.11872	0.01773	0.11790	0.09945	0.29489	0.05900	0.09229	0.00307	0.00578	0.02433	0.00515	0.00594
29	0.02699	0.01024	0.01396	0.01070	0.01536	0.00884	0.00884	0.02932	0.01722	0.75522	0.02373	0.02048	0.01489	0.00745	0.00605	0.00186	0.00512	0.00605	0.00745	0.01024
30	0.01730	0.64695	0.02877	0.01128	0.01604	0.16470	0.01055	0.01916	0.01314	0.01426	0.00854	0.00988	0.00773	0.00535	0.00416	0.00134	0.00727	0.00334	0.00267	0.00758
31	0.02247	0.02867	0.01705	0.01550	0.01860	0.76443	0.01162	0.02402	0.01705	0.01472	0.00930	0.01085	0.00775	0.00620	0.00542	0.00155	0.01085	0.00387	0.00310	0.00697
32	0.83108	0.01163	0.00884	0.00791	0.01163	0.01350	0.00651	0.01768	0.01024	0.02699	0.00838	0.00977	0.00651	0.00558	0.00372	0.00186	0.00465	0.00326	0.00372	0.00651
33	0.00762	0.00601	0.00688	0.00689	0.00850	0.00526	0.00508	0.00955	0.01459	0.01888	0.29611	0.14242	0.42151	0.01466	0.00717	0.00203	0.00303	0.01260	0.00595	0.00526
34	0.01644	0.01078	0.01298	0.00964	0.01462	0.00879	0.00776	0.05376	0.02820	0.20041	0.01494	0.03582	0.01146	0.00579	0.00504	0.00124	0.00470	0.00469	0.00474	0.54821
35	0.01247	0.01069	0.01247	0.00891	0.01426	0.00802	0.00713	0.01515	0.01247	0.01960	0.01069	0.01247	0.00891	0.00446	0.00446	0.00089	0.00446	0.00356	0.00356	0.82536
36	0.01568	0.01272	0.04327	0.11745	0.02209	0.01189	0.16941	0.12724	0.01665	0.12644	0.13576	0.02061	0.01778	0.00699	0.00620	0.00177	0.00650	0.00647	0.00473	0.13035
37	0.02433	0.01081	0.01454	0.05177	0.03681	0.01005	0.00960	0.09934	0.01797	0.57976	0.06403	0.02090	0.01635	0.00757	0.00610	0.00186	0.00535	0.00621	0.00688	0.00976
38	0.01898	0.02034	0.01579	0.05737	0.04277	0.38399	0.01092	0.16100	0.06847	0.02050	0.04276	0.03225	0.04341	0.04680	0.00709	0.00193	0.00828	0.00565	0.00417	0.00753
39	0.01624	0.01404	0.02626	0.04556	0.24347	0.01386	0.30779	0.02003	0.01402	0.14092	0.01359	0.01650	0.01024	0.00698	0.02672	0.00216	0.06303	0.00621	0.00372	0.00867
40	0.01429	0.01225	0.01621	0.09996	0.13035	0.01360	0.04202	0.04559	0.39031	0.04196	0.02041	0.05591	0.01653	0.00964	0.03818	0.00235	0.00622	0.03053	0.00500	0.00867
41	0.00862	0.00596	0.00708	0.00708	0.00739	0.00608	0.00438	0.00909	0.00923	0.01236	0.02114	0.03779	0.06721	0.60862	0.15792	0.00626	0.00746	0.00860	0.00370	0.00404
42	0.01348	0.01226	0.01482	0.09224	0.16867	0.10704	0.01125	0.04545	0.01412	0.05400	0.05789	0.17471	0.09378	0.01063	0.00766	0.00205	0.07011	0.03849	0.00435	0.00701
43	0.00745	0.00552	0.00696	0.00784	0.00865	0.00503	0.00541	0.00883	0.01269	0.01672	0.13618	0.54628	0.17591	0.01727	0.00749	0.00229	0.00332	0.01542	0.00573	0.00503
44	0.04786	0.02604	0.51744	0.01859	0.02640	0.01446	0.19237	0.05108	0.01366	0.02029	0.01119	0.01351	0.00806	0.00562	0.00598	0.00193	0.00891	0.00508	0.00287	0.00866
45	0.00872	0.00643	0.00819	0.00770	0.00923	0.00604	0.00579	0.01210	0.04730	0.02381	0.68598	0.04458	0.08684	0.01226	0.00705	0.00190	0.00293	0.01079	0.00655	0.00581
46	0.01365	0.01380	0.02056	0.10017	0.16343	0.05733	0.09599	0.01680	0.03921	0.01651	0.01071	0.01520	0.00932	0.01082	0.07168	0.00280	0.32609	0.00558	0.00296	0.00738
47	0.00875	0.00583	0.00656	0.00656	0.00656	0.00583	0.00365	0.00875	0.00875	0.01166	0.01895	0.03937	0.02187	0.78858	0.03062	0.00583	0.00583	0.00875	0.00365	0.00365
48	0.08770	0.01146	0.01403	0.01144	0.05302	0.01006	0.02911	0.08287	0.01473	0.15698	0.01479	0.01547	0.03189	0.00574	0.00506	0.00135	0.00505	0.00463	0.00453	0.44011
49	0.01247	0.01069	0.01247	0.00891	0.01426	0.00802	0.00713	0.01515	0.01247	0.01960	0.01069	0.01247	0.00891	0.00446	0.00446	0.00089	0.00446	0.00356	0.00356	0.82536
50	0.00936	0.00661	0.00905	0.03105	0.01083	0.00651	0.03265	0.01103	0.02875	0.03947	0.02658	0.33967	0.02997	0.25699	0.01478	0.00350	0.00502	0.12825	0.00487	0.00506
51	0.00717	0.00610	0.00618	0.00616	0.00816	0.00511	0.00462	0.00876	0.01386	0.01661	0.09185	0.05731	0.71749	0.01510	0.00711	0.00203	0.00304	0.01261	0.00563	0.00511
52	0.01458	0.01207	0.01767	0.51972	0.05065	0.01424	0.01482	0.19109	0.01619	0.04283	0.01283	0.04387	0.00996	0.00681	0.00608	0.00196	0.00740	0.00581	0.00375	0.00766
53	0.00750	0.00611	0.00663	0.00650	0.00836	0.00524	0.00488	0.00938	0.01463	0.01843	0.25070	0.05431	0.55750	0.01442	0.00711	0.00199	0.00299	0.01219	0.00587	0.00524
54	0.01180	0.01092	0.04500	0.37659	0.06108	0.01169	0.07443	0.03513	0.01256	0.03471	0.03422	0.01879	0.01175	0.01465	0.16995	0.00360	0.00938	0.00589	0.05106	0.00683
55	0.01908	0.05111	0.01824	0.16413	0.04383	0.42055	0.01288	0.09966	0.01636	0.01753	0.01004	0.01253	0.00814	0.00659	0.00680	0.00176	0.07570	0.00447	0.00328	0.00735
56	0.01434	0.04019	0.07959	0.05005	0.04654	0.05667	0.51369	0.01896	0.01396	0.01874	0.01160	0.01513	0.00886	0.00517	0.00652	0.00187	0.00934	0.00621	0.00303	0.07956
57	0.00929	0.00731	0.01030	0.06066	0.01353	0.00741	0.02920	0.01181	0.01381	0.01816	0.14418	0.11699	0.14738	0.01463	0.00817	0.00241	0.03733	0.33646	0.00533	0.00563
58	0.00826	0.00620	0.00722	0.00696	0.00872	0.00544	0.00522	0.01040	0.01529	0.03780	0.38192	0.07122	0.38609	0.01377	0.00709	0.00197	0.00301	0.01181	0.00612	0.00548
59	0.22618	0.01091	0.04900	0.16324	0.03725	0.01153	0.01037	0.03571	0.01166	0.05023	0.01476	0.07822	0.03032	0.01563	0.16476	0.00360	0.05563	0.00610	0.00368	0.02122
60	0.01721	0.00808	0.01080	0.00902	0.01198	0.00716	0.00715	0.01978	0.01705	0.36936	0.39113	0.03366	0.05171	0.01007	0.00660	0.00188	0.00392	0.00864	0.00699	0.00782
61	0.06406	0.01417	0.13833	0.25904	0.02514	0.01208	0.03151	0.08010	0.02823	0.11501	0.08646	0.04371	0.01508	0.00720	0.00593	0.00188	0.00659	0.00607	0.00423	0.05520
62	0.01689	0.01830	0.01423	0.01294	0.01549	0.35735	0.00995	0.09527	0.03119	0.01766	0.01575	0.07001	0.03988	0.01560	0.15424	0.00331	0.04461	0.02968	0.00384	0.03383

[dist]
# distance from previous block
# <min> <max>
0	6

[block]
# block no. 5 follows, 38 sequences, length 18
# corresponding to MSA columns:
# 1099-1116
name=unknown_F
#
# <colnr> <probs for GDERKNQSTAVLIFYWHMCP>
#	G	D	E	R	K	N	Q	S	T	A	V	L	I	F	Y	W	H	M	C	P
0	0.41433	0.01419	0.01790	0.01422	0.01793	0.07085	0.20332	0.01789	0.01164	0.02183	0.00972	0.01294	0.00796	0.02961	0.00773	0.00211	0.11080	0.00478	0.00334	0.00691
1	0.19195	0.01573	0.03000	0.11171	0.02026	0.07233	0.02820	0.36635	0.04204	0.02944	0.02844	0.01430	0.01015	0.00670	0.00553	0.00184	0.00669	0.00502	0.00476	0.00854
2	0.01502	0.01207	0.01326	0.01160	0.01497	0.01318	0.00923	0.15438	0.39292	0.02530	0.04449	0.02638	0.03917	0.00946	0.00704	0.03959	0.00507	0.08067	0.00566	0.08057
3	0.05879	0.01003	0.01298	0.01028	0.01445	0.00910	0.00837	0.02651	0.06904	0.56464	0.10641	0.02274	0.01944	0.00789	0.00603	0.00185	0.00479	0.00647	0.00698	0.03321
4	0.01099	0.00851	0.00990	0.00938	0.01151	0.00894	0.00715	0.01823	0.26187	0.04376	0.24351	0.11757	0.12673	0.01433	0.06238	0.00261	0.00469	0.02505	0.00596	0.00694
5	0.00758	0.00537	0.00704	0.00829	0.00864	0.00507	0.00554	0.00858	0.01131	0.01506	0.03154	0.67371	0.03761	0.10333	0.01022	0.00283	0.00383	0.04430	0.00537	0.00478
6	0.01236	0.02989	0.69148	0.01665	0.02495	0.04648	0.02102	0.01892	0.01308	0.01909	0.04368	0.01406	0.00982	0.00603	0.00576	0.00189	0.00871	0.00471	0.00275	0.00866
7	0.01121	0.00561	0.00561	0.00561	0.00701	0.00561	0.00421	0.01402	0.01262	0.02243	0.01962	0.02243	0.01542	0.00701	0.00421	0.00140	0.00280	0.00561	0.82198	0.00561
8	0.01237	0.10429	0.54981	0.01579	0.02323	0.01420	0.05171	0.03414	0.01313	0.01872	0.01427	0.04071	0.03990	0.00690	0.00582	0.00190	0.00811	0.03366	0.00299	0.00835
9	0.00891	0.00673	0.00830	0.00781	0.00947	0.00642	0.00588	0.01284	0.07969	0.02331	0.60571	0.04447	0.13308	0.01228	0.00701	0.00192	0.00303	0.01073	0.00646	0.00594
10	0.01238	0.09107	0.70024	0.01661	0.02520	0.01475	0.02129	0.01897	0.01266	0.01867	0.01060	0.01246	0.00763	0.00567	0.00557	0.00186	0.00870	0.00435	0.00254	0.00880
11	0.09038	0.01072	0.01378	0.01066	0.01525	0.00976	0.00880	0.06769	0.01729	0.65744	0.02200	0.01929	0.01397	0.00729	0.00586	0.00186	0.00517	0.00579	0.00707	0.00994
12	0.00908	0.00645	0.00772	0.00751	0.00758	0.00694	0.00467	0.00934	0.00885	0.01205	0.01788	0.03619	0.02029	0.67466	0.08174	0.00585	0.06735	0.00831	0.00354	0.00400
13	0.01247	0.01069	0.01247	0.00891	0.01426	0.00802	0.00713	0.01515	0.01247	0.01960	0.01069	0.01247	0.00891	0.00446	0.00446	0.00089	0.00446	0.00356	0.00356	0.82536
14	0.01206	0.06026	0.57150	0.07699	0.06621	0.01383	0.01993	0.01801	0.01251	0.01825	0.01157	0.03498	0.00900	0.00784	0.03995	0.00224	0.00879	0.00496	0.00269	0.00843
15	0.01807	0.01095	0.01331	0.00992	0.01492	0.00915	0.00804	0.05660	0.04815	0.27215	0.01597	0.01576	0.01145	0.00579	0.00515	0.00132	0.00480	0.00465	0.00513	0.46870
16	0.04746	0.01064	0.10903	0.00904	0.01189	0.02602	0.00803	0.01339	0.04243	0.05408	0.22615	0.13538	0.25900	0.01233	0.00671	0.00200	0.00427	0.01048	0.00541	0.00625
17	0.01197	0.00997	0.01461	0.23735	0.10146	0.01135	0.01168	0.01654	0.10489	0.05213	0.12806	0.15396	0.02265	0.00991	0.00786	0.00210	0.08360	0.00842	0.00446	0.00704

[dist]
# distance from previous block
# <min> <max>
23	141

[block]
# block no. 6 follows, 38 sequences, length 19
# corresponding to MSA columns:
# 1264-1282
name=unknown_G
#
# <colnr> <probs for GDERKNQSTAVLIFYWHMCP>
#	G	D	E	R	K	N	Q	S	T	A	V	L	I	F	Y	W	H	M	C	P
0	0.30994	0.04938	0.01303	0.14119	0.01798	0.09297	0.00942	0.06461	0.03989	0.04349	0.03046	0.06428	0.05919	0.00791	0.00530	0.00191	0.00595	0.03211	0.00413	0.00687
1	0.00875	0.00724	0.03634	0.00942	0.01060	0.00747	0.00740	0.01071	0.00962	0.01376	0.01640	0.02587	0.01592	0.16839	0.61400	0.00874	0.01413	0.00676	0.00327	0.00521
2	0.01452	0.01389	0.02351	0.07544	0.62654	0.01410	0.04435	0.01882	0.05002	0.01963	0.01256	0.01691	0.01059	0.00585	0.00608	0.00185	0.00714	0.02579	0.00319	0.00920
3	0.01295	0.00876	0.01054	0.00981	0.01181	0.00915	0.00736	0.10384	0.13231	0.09408	0.09828	0.21516	0.02682	0.11514	0.09180	0.00341	0.00590	0.03053	0.00551	0.00682
4	0.01344	0.01222	0.01847	0.17769	0.31358	0.01340	0.01431	0.06658	0.08144	0.01972	0.03191	0.06063	0.07112	0.00794	0.00732	0.00198	0.06956	0.00680	0.00381	0.00808
5	0.00992	0.00718	0.00986	0.01113	0.01260	0.00727	0.00969	0.01331	0.04542	0.01831	0.03153	0.06588	0.03391	0.01625	0.00821	0.00274	0.00551	0.67997	0.00556	0.00571
6	0.01256	0.01280	0.02427	0.42246	0.10866	0.01384	0.25875	0.01681	0.01298	0.01715	0.01274	0.01722	0.03045	0.00590	0.00641	0.00199	0.00851	0.00616	0.00292	0.00741
7	0.00759	0.00542	0.00727	0.00867	0.00913	0.00511	0.00603	0.00882	0.01177	0.01564	0.03302	0.70702	0.03923	0.01861	0.00775	0.00248	0.00371	0.09221	0.00558	0.00496
8	0.01843	0.02114	0.01802	0.11276	0.16127	0.40651	0.01322	0.02318	0.13297	0.01744	0.01232	0.01414	0.00984	0.00633	0.00571	0.00173	0.00880	0.00482	0.00351	0.00784
9	0.00718	0.00610	0.00619	0.00616	0.00817	0.00511	0.00462	0.00876	0.01387	0.01662	0.09349	0.05728	0.71584	0.01510	0.00711	0.00202	0.00304	0.01261	0.00564	0.00511
10	0.01727	0.01462	0.01423	0.01250	0.01590	0.10832	0.00985	0.15831	0.38016	0.06775	0.04771	0.04618	0.01840	0.00871	0.00623	0.00198	0.00583	0.05143	0.00576	0.00884
11	0.01548	0.04097	0.01930	0.36614	0.14969	0.19750	0.01510	0.05480	0.01423	0.01699	0.01043	0.01415	0.00830	0.00621	0.00648	0.00186	0.04699	0.00492	0.00299	0.00743
12	0.00784	0.00592	0.00723	0.00733	0.00868	0.00532	0.00534	0.00988	0.01480	0.01983	0.38462	0.21968	0.25229	0.01466	0.00723	0.00206	0.00305	0.01284	0.00608	0.00532
13	0.07402	0.04356	0.05335	0.16285	0.02171	0.18214	0.01208	0.06929	0.23498	0.02069	0.01514	0.01738	0.01191	0.00715	0.00609	0.00190	0.02707	0.02656	0.00418	0.00794
14	0.01550	0.04916	0.03057	0.01511	0.13362	0.01257	0.01049	0.20092	0.03212	0.07920	0.04102	0.09020	0.06811	0.03659	0.07141	0.00262	0.03397	0.00716	0.00475	0.06493
15	0.02001	0.15573	0.01808	0.01203	0.01598	0.07268	0.02386	0.14612	0.05403	0.25347	0.01726	0.01948	0.01319	0.01070	0.07020	0.00247	0.03456	0.04636	0.00518	0.00863
16	0.01582	0.74290	0.07855	0.01074	0.01613	0.02317	0.01107	0.01808	0.01225	0.01447	0.00852	0.00985	0.00771	0.00518	0.00398	0.00133	0.00659	0.00330	0.00257	0.00780
17	0.01069	0.00931	0.01193	0.03796	0.01227	0.03104	0.00851	0.01181	0.00987	0.01373	0.01674	0.05196	0.04140	0.29259	0.10443	0.00449	0.27854	0.04405	0.00342	0.00525
18	0.59371	0.04139	0.01192	0.02973	0.01407	0.01422	0.03322	0.06164	0.09195	0.02612	0.01125	0.02874	0.00894	0.00623	0.00440	0.00188	0.00511	0.00427	0.00407	0.00714

[dist]
# distance from previous block
# <min> <max>
0	1

[block]
# block no. 7 follows, 38 sequences, length 12
# corresponding to MSA columns:
# 1284-1295
name=unknown_H
#
# <colnr> <probs for GDERKNQSTAVLIFYWHMCP>
#	G	D	E	R	K	N	Q	S	T	A	V	L	I	F	Y	W	H	M	C	P
0	0.01411	0.05410	0.06353	0.01330	0.06954	0.08364	0.01017	0.08391	0.17210	0.04812	0.05095	0.13239	0.05963	0.01403	0.10019	0.00290	0.00711	0.00786	0.00477	0.00764
1	0.00859	0.00645	0.00967	0.00967	0.01074	0.00752	0.00752	0.01074	0.00967	0.01396	0.01611	0.02363	0.01504	0.04512	0.76474	0.00967	0.01611	0.00645	0.00322	0.00537
2	0.01217	0.01064	0.01418	0.06539	0.01543	0.05164	0.01058	0.01411	0.01043	0.05172	0.01265	0.01830	0.01145	0.02534	0.35137	0.00565	0.30376	0.00577	0.00317	0.00625
3	0.01121	0.00561	0.00561	0.00561	0.00701	0.00561	0.00421	0.01402	0.01262	0.02243	0.01962	0.02243	0.01542	0.00701	0.00421	0.00140	0.00280	0.00561	0.82198	0.00561
4	0.07202	0.00729	0.00851	0.00779	0.00994	0.00690	0.00599	0.01398	0.05280	0.09238	0.42889	0.04178	0.20548	0.01179	0.00670	0.00193	0.00334	0.01005	0.00622	0.00623
5	0.02240	0.01117	0.01389	0.01092	0.01500	0.01078	0.00891	0.20739	0.02004	0.43032	0.15937	0.02358	0.02167	0.00831	0.00624	0.00185	0.00507	0.00681	0.00692	0.00937
6	0.01424	0.01363	0.02324	0.17341	0.61968	0.01412	0.01814	0.01789	0.01339	0.01886	0.01120	0.01510	0.00925	0.00548	0.00597	0.00183	0.00731	0.00536	0.00292	0.00900
7	0.02175	0.02730	0.01775	0.01754	0.08852	0.69282	0.01228	0.02349	0.01673	0.01519	0.00949	0.01123	0.00792	0.00612	0.00547	0.00157	0.01050	0.00402	0.00309	0.00722
8	0.01400	0.17157	0.34701	0.01378	0.01942	0.11654	0.01499	0.01805	0.01329	0.03672	0.05132	0.05507	0.04030	0.02640	0.00668	0.00189	0.03640	0.00559	0.00326	0.00772
9	0.00815	0.00794	0.06609	0.02851	0.01112	0.00634	0.00726	0.01014	0.01239	0.01624	0.07427	0.30582	0.23469	0.05260	0.08062	0.00311	0.00531	0.05900	0.00501	0.00538
10	0.17155	0.23480	0.02187	0.01404	0.03858	0.21519	0.09832	0.05696	0.01457	0.06794	0.01050	0.01191	0.00833	0.00576	0.00496	0.00163	0.00766	0.00424	0.00350	0.00769
11	0.01225	0.00899	0.01079	0.04842	0.03169	0.00909	0.00776	0.01846	0.21032	0.09206	0.16531	0.07418	0.17599	0.03983	0.00745	0.00210	0.00428	0.02546	0.00571	0.04985

[dist]
# distance from previous block
# <min> <max>
0	3

[block]
# block no. 8 follows, 38 sequences, length 8
# corresponding to MSA columns:
# 1299-1306
name=unknown_I
#
# <colnr> <probs for GDERKNQSTAVLIFYWHMCP>
#	G	D	E	R	K	N	Q	S	T	A	V	L	I	F	Y	W	H	M	C	P
0	0.01487	0.01184	0.01369	0.01193	0.01530	0.01306	0.04200	0.02793	0.53979	0.08407	0.08819	0.02615	0.06686	0.00876	0.00631	0.00201	0.00477	0.00747	0.00610	0.00891
1	0.01351	0.01306	0.06358	0.23906	0.31685	0.01268	0.05814	0.01732	0.01340	0.05531	0.01487	0.02339	0.01300	0.00734	0.00638	0.00202	0.00733	0.11123	0.00348	0.00804
2	0.60559	0.01157	0.00970	0.00853	0.01206	0.04453	0.00691	0.01859	0.01215	0.11168	0.09656	0.01518	0.01342	0.00661	0.00446	0.00185	0.00476	0.00450	0.00447	0.00687
3	0.01576	0.01968	0.21410	0.01421	0.04238	0.13866	0.01308	0.16027	0.06082	0.03962	0.10919	0.03881	0.03306	0.04386	0.00755	0.00204	0.02818	0.00629	0.00439	0.00803
4	0.00818	0.00574	0.00670	0.00701	0.00744	0.00550	0.00436	0.00881	0.01058	0.01393	0.07355	0.22394	0.12121	0.45330	0.02054	0.00427	0.00472	0.01142	0.00455	0.00426
5	0.01299	0.01445	0.13360	0.01387	0.03626	0.03218	0.07273	0.01944	0.17722	0.05928	0.06772	0.02956	0.13236	0.00972	0.00812	0.00211	0.09661	0.06945	0.00468	0.00765
6	0.00792	0.00591	0.00738	0.00765	0.00889	0.00537	0.00560	0.00994	0.01454	0.01954	0.35428	0.26532	0.20244	0.01506	0.00733	0.00213	0.00320	0.04616	0.00604	0.00531
7	0.01418	0.10075	0.01576	0.07747	0.01658	0.10783	0.06059	0.01639	0.01268	0.10128	0.01673	0.02622	0.01547	0.12536	0.18017	0.00420	0.00924	0.08870	0.00390	0.00650

[dist]
# distance from previous block
# <min> <max>
24	42

[block]
# block no. 9 follows, 38 sequences, length 8
# corresponding to MSA columns:
# 1363-1370
name=unknown_J
#
# <colnr> <probs for GDERKNQSTAVLIFYWHMCP>
#	G	D	E	R	K	N	Q	S	T	A	V	L	I	F	Y	W	H	M	C	P
0	0.01259	0.01462	0.17592	0.01226	0.01681	0.01043	0.06571	0.07578	0.07361	0.04993	0.14210	0.10398	0.06751	0.00894	0.00621	0.00181	0.00563	0.00777	0.00471	0.14369
1	0.05127	0.01567	0.12253	0.06244	0.07335	0.03939	0.05824	0.07734	0.21302	0.02178	0.03586	0.05888	0.03151	0.00790	0.00713	0.00197	0.06897	0.00645	0.00433	0.04197
2	0.01121	0.00561	0.00561	0.00561	0.00701	0.00561	0.00421	0.01402	0.01262	0.02243	0.01962	0.02243	0.01542	0.00701	0.00421	0.00140	0.00280	0.00561	0.82198	0.00561
3	0.01508	0.13239	0.05696	0.01125	0.03988	0.04170	0.00938	0.03741	0.06594	0.08493	0.03930	0.01473	0.01161	0.00562	0.00492	0.00129	0.00542	0.00440	0.00402	0.41377
4	0.01540	0.07348	0.15344	0.01285	0.04676	0.03645	0.01154	0.09274	0.11690	0.11467	0.10692	0.02380	0.06540	0.00809	0.00596	0.00181	0.00585	0.03186	0.00493	0.07118
5	0.01121	0.00561	0.00561	0.00561	0.00701	0.00561	0.00421	0.01402	0.01262	0.02243	0.01962	0.02243	0.01542	0.00701	0.00421	0.00140	0.00280	0.00561	0.82198	0.00561
6	0.01377	0.10952	0.13010	0.01086	0.01615	0.01163	0.01025	0.05660	0.01363	0.05321	0.04259	0.04236	0.01200	0.00608	0.00546	0.00135	0.03020	0.00473	0.00377	0.42575
7	0.01534	0.07057	0.06273	0.07329	0.13391	0.10213	0.09455	0.09459	0.04391	0.04266	0.10624	0.01963	0.04068	0.00699	0.00595	0.00174	0.00696	0.00607	0.00409	0.06794

[dist]
# distance from previous block
# <min> <max>
23	94

[block]
# block no. 10 follows, 38 sequences, length 18
# corresponding to MSA columns:
# 1535-1552
name=unknown_K
#
# <colnr> <probs for GDERKNQSTAVLIFYWHMCP>
#	G	D	E	R	K	N	Q	S	T	A	V	L	I	F	Y	W	H	M	C	P
0	0.07998	0.01068	0.01423	0.01564	0.16664	0.01063	0.01008	0.02238	0.14351	0.26384	0.03927	0.13745	0.04129	0.00909	0.00617	0.00197	0.00508	0.00783	0.00563	0.00859
1	0.01539	0.45671	0.18708	0.01226	0.01785	0.04038	0.01279	0.05638	0.09281	0.01795	0.03220	0.01301	0.01040	0.00594	0.00476	0.00156	0.00682	0.00423	0.00326	0.00822
2	0.39901	0.00844	0.00723	0.00679	0.00923	0.00932	0.00534	0.01550	0.01129	0.02409	0.01393	0.01627	0.01100	0.00691	0.00477	0.03544	0.00378	0.00448	0.40126	0.00591
3	0.00913	0.00841	0.04834	0.01002	0.01220	0.00715	0.08092	0.01199	0.01487	0.02058	0.41465	0.08612	0.11025	0.04897	0.05967	0.00269	0.00509	0.03758	0.00548	0.00586
4	0.00733	0.00559	0.00675	0.00755	0.00854	0.00500	0.00525	0.00866	0.01263	0.01625	0.09081	0.48852	0.28106	0.01718	0.00745	0.00227	0.00330	0.01519	0.00566	0.00500
5	0.09195	0.05294	0.25428	0.01203	0.01618	0.01121	0.01240	0.01510	0.03210	0.01725	0.01348	0.01799	0.01152	0.02536	0.38332	0.00574	0.01183	0.00533	0.00310	0.00686
6	0.02468	0.00971	0.01313	0.01031	0.01455	0.00840	0.00842	0.02693	0.01679	0.66779	0.04680	0.05945	0.04770	0.00846	0.00620	0.00190	0.00489	0.00700	0.00726	0.00963
7	0.00867	0.00639	0.00800	0.00760	0.00914	0.00592	0.00569	0.03169	0.01656	0.02291	0.58895	0.09277	0.14724	0.01296	0.00710	0.00194	0.00302	0.01136	0.00640	0.00568
8	0.83108	0.01163	0.00884	0.00791	0.01163	0.01350	0.00651	0.01768	0.01024	0.02699	0.00838	0.00977	0.00651	0.00558	0.00372	0.00186	0.00465	0.00326	0.00372	0.00651
9	0.01429	0.01366	0.02301	0.03456	0.69409	0.01359	0.01740	0.01771	0.01370	0.01939	0.01512	0.01819	0.06620	0.00612	0.00604	0.00181	0.00683	0.00592	0.00318	0.00919
10	0.01359	0.01066	0.01259	0.00905	0.01434	0.00808	0.00726	0.01623	0.01284	0.07601	0.01169	0.01309	0.00937	0.00468	0.00458	0.00097	0.00451	0.00375	0.00386	0.76285
11	0.00851	0.00615	0.00804	0.00757	0.00899	0.00568	0.00568	0.01135	0.01703	0.02412	0.74788	0.04494	0.05676	0.01230	0.00710	0.00189	0.00284	0.01088	0.00662	0.00568
12	0.00834	0.00586	0.00756	0.00792	0.00831	0.00607	0.00525	0.00923	0.00972	0.01327	0.02177	0.22533	0.02449	0.37855	0.23538	0.00607	0.00818	0.01022	0.00402	0.00446
13	0.01476	0.01505	0.02079	0.02554	0.36368	0.09233	0.01529	0.01716	0.01220	0.01698	0.01039	0.03623	0.00958	0.00788	0.01141	0.00212	0.31220	0.00551	0.00293	0.00797
14	0.40034	0.01218	0.01514	0.21649	0.18779	0.01383	0.01209	0.04318	0.01215	0.02266	0.00987	0.01276	0.00773	0.00571	0.00492	0.00188	0.00618	0.00436	0.00336	0.00738
15	0.01399	0.01261	0.01486	0.04411	0.01641	0.09411	0.08041	0.11927	0.14856	0.02093	0.09154	0.02323	0.01818	0.08505	0.18533	0.00405	0.00891	0.00676	0.00448	0.00721
16	0.01217	0.00937	0.01128	0.01109	0.01335	0.01002	0.00917	0.08480	0.21400	0.02280	0.14310	0.04679	0.03145	0.01274	0.00730	0.00234	0.00499	0.34024	0.00592	0.00709
17	0.01729	0.49997	0.11575	0.01238	0.01755	0.16973	0.01207	0.06350	0.01424	0.01633	0.00922	0.01056	0.00787	0.00555	0.00453	0.00145	0.00762	0.00363	0.00289	0.00787

[dist]
# distance from previous block
# <min> <max>
1	12

[block]
# block no. 11 follows, 38 sequences, length 10
# corresponding to MSA columns:
# 1565-1574
name=unknown_L
#
# <colnr> <probs for GDERKNQSTAVLIFYWHMCP>
#	G	D	E	R	K	N	Q	S	T	A	V	L	I	F	Y	W	H	M	C	P
0	0.01390	0.01326	0.01455	0.01407	0.06796	0.11919	0.03276	0.07754	0.13487	0.01955	0.06875	0.11450	0.06969	0.03318	0.05923	0.00267	0.12478	0.00789	0.00450	0.00717
1	0.01030	0.00894	0.01099	0.01048	0.01135	0.06278	0.00801	0.01191	0.00997	0.01370	0.01487	0.02383	0.01460	0.16440	0.47173	0.00736	0.12972	0.00648	0.00320	0.00537
2	0.83108	0.01163	0.00884	0.00791	0.01163	0.01350	0.00651	0.01768	0.01024	0.02699	0.00838	0.00977	0.00651	0.00558	0.00372	0.00186	0.00465	0.00326	0.00372	0.00651
3	0.01864	0.01201	0.01332	0.01077	0.01433	0.01276	0.00873	0.38028	0.02103	0.12099	0.02012	0.02067	0.06368	0.01055	0.06157	0.00232	0.00603	0.00612	0.18759	0.00849
4	0.01045	0.00522	0.00784	0.00784	0.00784	0.00522	0.00522	0.00784	0.00784	0.01045	0.01045	0.01829	0.01045	0.02090	0.02351	0.82497	0.00522	0.00522	0.00261	0.00261
5	0.00915	0.00653	0.00907	0.01045	0.01160	0.00645	0.00874	0.01152	0.01331	0.01739	0.03215	0.23358	0.03582	0.01713	0.00816	0.00269	0.00507	0.55023	0.00555	0.00539
6	0.01253	0.01204	0.01959	0.30046	0.16179	0.01443	0.06461	0.01616	0.03784	0.01644	0.01122	0.01606	0.00937	0.01064	0.07979	0.00283	0.19840	0.00560	0.00292	0.00726
7	0.01578	0.73383	0.08720	0.01082	0.01625	0.02305	0.01121	0.01809	0.01226	0.01453	0.00855	0.00988	0.00771	0.00519	0.00400	0.00133	0.00662	0.00331	0.00257	0.00781
8	0.01912	0.01160	0.01378	0.01090	0.01538	0.01101	0.00882	0.10501	0.17630	0.27693	0.01937	0.01951	0.01407	0.00703	0.00568	0.00165	0.00503	0.02901	0.00581	0.24398
9	0.01800	0.01199	0.01429	0.01238	0.03246	0.05986	0.03879	0.16120	0.03572	0.21787	0.02299	0.09635	0.07281	0.02908	0.02730	0.00229	0.05456	0.05081	0.03321	0.00804

[dist]
# distance from previous block
# <min> <max>
2	7

[block]
# block no. 12 follows, 38 sequences, length 10
# corresponding to MSA columns:
# 1583-1592
name=unknown_M
#
# <colnr> <probs for GDERKNQSTAVLIFYWHMCP>
#	G	D	E	R	K	N	Q	S	T	A	V	L	I	F	Y	W	H	M	C	P
0	0.04753	0.18994	0.08169	0.04838	0.01697	0.10176	0.01102	0.10403	0.04493	0.05648	0.01779	0.02383	0.05924	0.03333	0.02979	0.00221	0.02483	0.09467	0.00411	0.00748
1	0.12562	0.01563	0.08974	0.10427	0.01960	0.08783	0.01140	0.12964	0.01521	0.08874	0.01201	0.01381	0.00910	0.00739	0.02869	0.00193	0.05605	0.00457	0.00399	0.17479
2	0.08468	0.21846	0.37424	0.01581	0.07103	0.05457	0.03952	0.01856	0.01274	0.01824	0.01158	0.01329	0.03137	0.00584	0.00517	0.00173	0.00774	0.00442	0.00282	0.00819
3	0.01427	0.01350	0.02240	0.10036	0.60174	0.01393	0.01717	0.01873	0.06265	0.01937	0.01238	0.01592	0.01026	0.00752	0.04235	0.00220	0.00749	0.00551	0.00318	0.00907
4	0.00914	0.00693	0.00828	0.00846	0.00952	0.00719	0.00590	0.01279	0.12963	0.01622	0.05549	0.25978	0.09859	0.22038	0.12007	0.00422	0.00602	0.01108	0.00487	0.00544
