[name]
unknown

[dist]
# distance from previous block
# <min> <max>
5	372

[block]
# block no. 0 follows, 57 sequences, length 17
# corresponding to MSA columns:
# 529-545
name=unknown_A
#
# <colnr> <probs for GDERKNQSTAVLIFYWHMCP>
#	G	D	E	R	K	N	Q	S	T	A	V	L	I	F	Y	W	H	M	C	P
0	0.03964	0.10379	0.04473	0.01122	0.10325	0.16349	0.04963	0.07700	0.03771	0.02327	0.12314	0.02750	0.07195	0.00618	0.01457	0.00136	0.02157	0.00472	0.01473	0.06054
1	0.04330	0.15071	0.07676	0.01173	0.09101	0.11174	0.08370	0.06414	0.09097	0.09449	0.01084	0.01156	0.02720	0.00465	0.00409	0.00124	0.00521	0.00378	0.00302	0.10984
2	0.18930	0.07030	0.11057	0.01031	0.07232	0.08666	0.03194	0.07710	0.06760	0.09184	0.02315	0.03833	0.03765	0.00518	0.00402	0.00132	0.00475	0.00402	0.00318	0.07046
3	0.01172	0.05593	0.14741	0.01112	0.08300	0.07510	0.03050	0.06446	0.15779	0.08188	0.02395	0.02712	0.02933	0.02390	0.00472	0.00136	0.00485	0.02019	0.00328	0.14241
4	0.13144	0.04142	0.10099	0.00968	0.02856	0.07966	0.05719	0.11906	0.12060	0.02859	0.03372	0.02657	0.08236	0.00595	0.00434	0.00139	0.00469	0.04562	0.00337	0.07482
5	0.06571	0.01692	0.42728	0.01591	0.22956	0.01028	0.03264	0.01445	0.05111	0.01513	0.00868	0.01030	0.00660	0.00424	0.00422	0.00136	0.00574	0.00356	0.00227	0.07405
6	0.01135	0.01015	0.01625	0.04790	0.59976	0.01005	0.01204	0.06137	0.01107	0.03920	0.04911	0.01231	0.00903	0.00438	0.00443	0.00129	0.00498	0.00414	0.00265	0.08854
7	0.07694	0.01056	0.13105	0.00958	0.02888	0.00808	0.09044	0.01359	0.11197	0.03186	0.03495	0.10060	0.01102	0.00537	0.00419	0.00122	0.00428	0.00468	0.00307	0.31766
8	0.01283	0.43134	0.04657	0.01022	0.05943	0.23624	0.00850	0.01512	0.05875	0.01178	0.02148	0.00942	0.00731	0.00592	0.04642	0.00143	0.00611	0.00308	0.00230	0.00574
9	0.00824	0.00476	0.00710	0.00759	0.06593	0.00461	0.00478	0.00693	0.00650	0.00892	0.00793	0.01324	0.00773	0.01391	0.01561	0.73628	0.00400	0.00385	0.00204	0.07005
10	0.01232	0.01235	0.06062	0.04030	0.12459	0.20340	0.00861	0.12694	0.02487	0.06094	0.02276	0.10563	0.04356	0.07167	0.00628	0.00164	0.02383	0.02266	0.00321	0.02382
11	0.05943	0.04993	0.38951	0.01608	0.24118	0.01072	0.03468	0.05386	0.02038	0.03043	0.04554	0.01127	0.00814	0.00453	0.00431	0.00139	0.00571	0.00381	0.00244	0.00664
12	0.00675	0.00457	0.00581	0.00602	0.00666	0.00444	0.00422	0.00775	0.00888	0.04227	0.12676	0.24153	0.08731	0.25851	0.10629	0.00315	0.00433	0.06729	0.00372	0.00373
13	0.01081	0.01151	0.08037	0.10001	0.67907	0.01068	0.01401	0.01373	0.01014	0.01447	0.00845	0.01117	0.00696	0.00410	0.00448	0.00137	0.00555	0.00398	0.00220	0.00694
14	0.01189	0.01154	0.06180	0.02341	0.56835	0.01083	0.09959	0.06252	0.03418	0.05762	0.00949	0.01160	0.00750	0.00426	0.00458	0.00138	0.00555	0.00421	0.00262	0.00709
15	0.06281	0.07285	0.25593	0.11232	0.24824	0.01120	0.14544	0.01381	0.00978	0.01429	0.00817	0.01048	0.00633	0.00414	0.00437	0.00140	0.00608	0.00384	0.00214	0.00637
16	0.01139	0.01043	0.01847	0.04565	0.53475	0.01043	0.15029	0.01414	0.01038	0.06339	0.00968	0.01290	0.00794	0.00452	0.00503	0.00142	0.03490	0.02688	0.02066	0.00674

[dist]
# distance from previous block
# <min> <max>
1	49

[block]
# block no. 1 follows, 57 sequences, length 20
# corresponding to MSA columns:
# 599-618
name=unknown_B
#
# <colnr> <probs for GDERKNQSTAVLIFYWHMCP>
#	G	D	E	R	K	N	Q	S	T	A	V	L	I	F	Y	W	H	M	C	P
0	0.09297	0.00767	0.00761	0.00710	0.00873	0.06965	0.00537	0.06913	0.11353	0.03898	0.15384	0.13649	0.14016	0.08178	0.00664	0.00178	0.01801	0.03173	0.00401	0.00486
1	0.00669	0.00497	0.00687	0.00676	0.00729	0.00566	0.00495	0.00778	0.00718	0.01018	0.03114	0.02143	0.01337	0.28108	0.51510	0.00598	0.05188	0.00542	0.00256	0.00370
2	0.01119	0.31636	0.41652	0.01056	0.01569	0.04184	0.01218	0.05477	0.01035	0.04043	0.02659	0.00952	0.00692	0.00438	0.00384	0.00125	0.00580	0.00319	0.00227	0.00636
3	0.00719	0.00648	0.04924	0.00897	0.11173	0.00547	0.00616	0.00928	0.02982	0.03357	0.23111	0.17433	0.25679	0.00983	0.00526	0.00155	0.00309	0.04135	0.00408	0.00469
4	0.02909	0.03414	0.00993	0.00796	0.01053	0.03130	0.00635	0.29788	0.07250	0.06127	0.07076	0.09079	0.17419	0.00819	0.02440	0.00154	0.00403	0.00613	0.00420	0.05478
5	0.01999	0.05453	0.02402	0.01003	0.09123	0.00793	0.06102	0.02690	0.02331	0.01492	0.27029	0.11244	0.11043	0.00827	0.00636	0.00152	0.11872	0.00693	0.02622	0.00493
6	0.02511	0.01514	0.27009	0.07844	0.27852	0.03336	0.15867	0.04291	0.02717	0.01495	0.00870	0.01090	0.00667	0.00423	0.00456	0.00142	0.00625	0.00403	0.00228	0.00660
7	0.04576	0.00787	0.01017	0.00793	0.01121	0.00714	0.00651	0.08501	0.01339	0.64880	0.06444	0.01690	0.04167	0.00598	0.00457	0.00140	0.00378	0.00485	0.00534	0.00728
8	0.01125	0.01091	0.01781	0.02660	0.75812	0.03612	0.01350	0.01387	0.01040	0.01464	0.00904	0.01257	0.00782	0.00437	0.00454	0.00137	0.00543	0.03231	0.00232	0.00701
9	0.01029	0.01038	0.03427	0.03274	0.41752	0.00998	0.22149	0.02987	0.03118	0.01460	0.01142	0.13346	0.01060	0.00557	0.00491	0.00148	0.00556	0.00571	0.00265	0.00635
10	0.00558	0.00444	0.00505	0.00548	0.00656	0.00390	0.00404	0.00670	0.00981	0.01214	0.03720	0.29907	0.48911	0.01244	0.00557	0.00168	0.00257	0.08062	0.00420	0.00381
11	0.23067	0.00719	0.00786	0.00708	0.00871	0.02745	0.00544	0.08272	0.00909	0.09374	0.01051	0.03527	0.00933	0.08410	0.17494	0.16234	0.03177	0.00425	0.00300	0.00452
12	0.01039	0.02162	0.72395	0.01235	0.01868	0.01008	0.01558	0.01524	0.00996	0.10704	0.00926	0.01024	0.00637	0.00446	0.00433	0.00143	0.00637	0.00349	0.00234	0.00681
13	0.01073	0.02469	0.10678	0.04319	0.40602	0.01076	0.16646	0.03487	0.07800	0.01543	0.05086	0.01284	0.00932	0.00452	0.00467	0.00141	0.00565	0.00450	0.00261	0.00670
14	0.00563	0.00421	0.00524	0.00589	0.00657	0.00382	0.00412	0.00668	0.00955	0.01245	0.10785	0.53840	0.22259	0.01299	0.00565	0.00173	0.00255	0.03601	0.00428	0.00379
15	0.00916	0.00890	0.01576	0.62859	0.13503	0.01032	0.10339	0.01223	0.00942	0.01235	0.00825	0.01198	0.00629	0.00438	0.00462	0.00149	0.00614	0.00418	0.00208	0.00545
16	0.00919	0.00790	0.01123	0.44299	0.03930	0.04307	0.03117	0.03243	0.05083	0.01375	0.01153	0.04908	0.00963	0.00554	0.00438	0.00143	0.00494	0.04045	0.18611	0.00503
17	0.01218	0.03062	0.01571	0.15026	0.38631	0.03835	0.01160	0.13546	0.03185	0.05319	0.00942	0.02283	0.00758	0.00492	0.00528	0.00142	0.06947	0.00414	0.00278	0.00662
18	0.01226	0.21909	0.03087	0.08625	0.15792	0.14166	0.00932	0.10067	0.08658	0.01512	0.08839	0.01254	0.01071	0.00502	0.00413	0.00127	0.00524	0.00396	0.00290	0.00610
19	0.00848	0.00536	0.00593	0.00580	0.00707	0.00554	0.00433	0.01241	0.16114	0.03372	0.13084	0.14986	0.01940	0.00744	0.00420	0.00133	0.00252	0.00635	0.42350	0.00478

[dist]
# distance from previous block
# <min> <max>
0	4

[block]
# block no. 2 follows, 57 sequences, length 15
# corresponding to MSA columns:
# 623-637
name=unknown_C
#
# <colnr> <probs for GDERKNQSTAVLIFYWHMCP>
#	G	D	E	R	K	N	Q	S	T	A	V	L	I	F	Y	W	H	M	C	P
0	0.01067	0.12472	0.41756	0.01225	0.05792	0.01123	0.06061	0.07635	0.05588	0.04427	0.03072	0.04089	0.00857	0.00491	0.00430	0.00137	0.00569	0.00405	0.00263	0.02538
1	0.02324	0.09535	0.27552	0.04410	0.18882	0.10560	0.01161	0.01372	0.00997	0.04386	0.03231	0.01350	0.00889	0.09048	0.00618	0.00166	0.00580	0.02100	0.00242	0.00597
2	0.00981	0.00959	0.01709	0.43068	0.31350	0.01051	0.11776	0.01281	0.00973	0.01314	0.00837	0.01179	0.00656	0.00426	0.00462	0.00145	0.00602	0.00421	0.00213	0.00596
3	0.01098	0.12499	0.20220	0.01166	0.09036	0.06260	0.05689	0.04866	0.07186	0.07297	0.09599	0.05952	0.04753	0.00599	0.00450	0.00139	0.00503	0.01765	0.00317	0.00607
4	0.01119	0.03037	0.19062	0.03297	0.35972	0.10074	0.07007	0.01520	0.08358	0.01439	0.00983	0.01164	0.02243	0.00457	0.00469	0.00139	0.02353	0.00403	0.00243	0.00661
5	0.00726	0.00514	0.00693	0.00713	0.00790	0.00510	0.02474	0.04705	0.00968	0.05516	0.04596	0.63395	0.05822	0.01247	0.00609	0.00177	0.04597	0.01108	0.00416	0.00424
6	0.00858	0.00611	0.00688	0.00645	0.00803	0.00627	0.00493	0.04659	0.19335	0.03867	0.24196	0.08716	0.12771	0.00824	0.00475	0.00143	0.00274	0.02345	0.17164	0.00506
7	0.01154	0.01429	0.13867	0.05344	0.26641	0.17687	0.09329	0.04708	0.02908	0.01445	0.05121	0.05248	0.02066	0.00518	0.00459	0.00138	0.00602	0.00458	0.00262	0.00616
8	0.01111	0.04511	0.26275	0.01835	0.29037	0.05777	0.13180	0.04832	0.06285	0.01512	0.00909	0.01091	0.00703	0.00431	0.00449	0.00139	0.00613	0.00398	0.00240	0.00673
9	0.00606	0.00420	0.00546	0.00626	0.00677	0.00390	0.00433	0.00698	0.00905	0.03320	0.04397	0.65432	0.09544	0.04514	0.00639	0.00190	0.00278	0.05583	0.00420	0.00381
10	0.00949	0.00829	0.01155	0.01015	0.01049	0.01098	0.00826	0.01055	0.00737	0.05246	0.00893	0.01468	0.00874	0.09717	0.14341	0.00304	0.55017	0.02717	0.00238	0.00471
11	0.06495	0.19468	0.10180	0.01317	0.17568	0.15722	0.02960	0.03002	0.05386	0.05566	0.02547	0.01124	0.02292	0.00467	0.00396	0.00126	0.00541	0.00363	0.03870	0.00611
12	0.00663	0.00493	0.00640	0.02240	0.02615	0.00479	0.00514	0.04822	0.00995	0.01313	0.06422	0.49450	0.11257	0.03798	0.00620	0.00186	0.00310	0.12362	0.00413	0.00408
13	0.00614	0.00442	0.00557	0.00616	0.00669	0.00420	0.00422	0.03101	0.00936	0.01246	0.09544	0.56011	0.08335	0.11301	0.00778	0.00208	0.00290	0.03721	0.00411	0.00377
14	0.07410	0.02601	0.06837	0.03847	0.46212	0.08562	0.05928	0.03761	0.04381	0.02671	0.00874	0.01082	0.00705	0.00438	0.00463	0.00137	0.02791	0.00388	0.00247	0.00664

[dist]
# distance from previous block
# <min> <max>
0	2

[block]
# block no. 3 follows, 57 sequences, length 13
# corresponding to MSA columns:
# 640-652
name=unknown_D
#
# <colnr> <probs for GDERKNQSTAVLIFYWHMCP>
#	G	D	E	R	K	N	Q	S	T	A	V	L	I	F	Y	W	H	M	C	P
0	0.43753	0.11217	0.05017	0.00793	0.01108	0.11955	0.00685	0.06357	0.06010	0.08156	0.00846	0.00903	0.00642	0.00454	0.00342	0.00133	0.00457	0.00299	0.00304	0.00569
1	0.01254	0.09600	0.02777	0.01369	0.11854	0.17733	0.11075	0.08198	0.08046	0.02984	0.03169	0.03610	0.00888	0.00558	0.00622	0.00144	0.14815	0.00428	0.00279	0.00599
2	0.00636	0.00469	0.00654	0.00667	0.00742	0.00511	0.00502	0.00774	0.00791	0.01104	0.03985	0.10452	0.08035	0.10718	0.52944	0.00552	0.00888	0.03266	0.01921	0.00388
3	0.11195	0.04298	0.05320	0.04266	0.16131	0.05735	0.04595	0.19566	0.01300	0.07608	0.09892	0.04183	0.01181	0.00547	0.00438	0.00137	0.00480	0.00454	0.00343	0.02331
4	0.01221	0.01169	0.01703	0.05812	0.52761	0.08745	0.05651	0.08744	0.03098	0.02925	0.00946	0.01235	0.00781	0.00456	0.00456	0.00137	0.00566	0.02648	0.00263	0.00681
5	0.00668	0.00494	0.00599	0.00604	0.00704	0.00471	0.00445	0.05014	0.01082	0.01441	0.25690	0.20997	0.19557	0.10540	0.02385	0.00205	0.00307	0.07967	0.00425	0.00405
6	0.01039	0.00727	0.00777	0.00689	0.00877	0.07541	0.00538	0.07431	0.01295	0.15369	0.36281	0.02924	0.17857	0.00850	0.00508	0.00144	0.00329	0.03846	0.00465	0.00513
7	0.03881	0.00579	0.00787	0.06393	0.05896	0.00636	0.00606	0.00893	0.03587	0.01170	0.01623	0.24329	0.01772	0.20215	0.12448	0.00313	0.06401	0.07741	0.00316	0.00413
8	0.01449	0.00959	0.01091	0.02874	0.01221	0.01031	0.00726	0.31347	0.20810	0.17785	0.01529	0.04649	0.01205	0.07764	0.00625	0.00172	0.00428	0.03199	0.00453	0.00682
9	0.00983	0.00961	0.01314	0.01104	0.01171	0.01258	0.00916	0.01099	0.00735	0.01154	0.00630	0.00983	0.00607	0.00717	0.01297	0.00177	0.69534	0.00375	0.00210	0.14776
10	0.08557	0.72773	0.06520	0.00788	0.01182	0.01687	0.00800	0.01359	0.00910	0.01169	0.00640	0.00740	0.00573	0.00393	0.00297	0.00103	0.00483	0.00248	0.00201	0.00579
11	0.02971	0.00628	0.00781	0.07334	0.01074	0.00675	0.00654	0.01237	0.21222	0.01430	0.02205	0.27438	0.05431	0.01051	0.00543	0.00179	0.00361	0.23889	0.00409	0.00486
12	0.04217	0.00986	0.01154	0.00903	0.01245	0.01008	0.00741	0.31531	0.10685	0.40400	0.01497	0.01365	0.01001	0.00557	0.00450	0.00140	0.00424	0.00438	0.00501	0.00757

[dist]
# distance from previous block
# <min> <max>
0	2

[block]
# block no. 4 follows, 57 sequences, length 10
# corresponding to MSA columns:
# 655-664
name=unknown_E
#
# <colnr> <probs for GDERKNQSTAVLIFYWHMCP>
#	G	D	E	R	K	N	Q	S	T	A	V	L	I	F	Y	W	H	M	C	P
0	0.00634	0.00469	0.00528	0.00517	0.00644	0.00427	0.00386	0.00833	0.03662	0.01515	0.31206	0.07363	0.36853	0.00983	0.00506	0.00145	0.00227	0.00838	0.11850	0.00414
1	0.01049	0.01264	0.07607	0.01775	0.02186	0.01172	0.64172	0.01403	0.01013	0.01403	0.00867	0.01175	0.00668	0.00439	0.00654	0.00158	0.11670	0.00504	0.00223	0.00600
2	0.00801	0.00487	0.00609	0.00602	0.00673	0.00502	0.00435	0.03036	0.05974	0.01264	0.06931	0.04341	0.01492	0.12192	0.05380	0.28757	0.00390	0.06943	0.18835	0.00355
3	0.00692	0.00566	0.00794	0.00804	0.00886	0.00602	0.03648	0.00831	0.00928	0.01230	0.02414	0.32182	0.13459	0.01194	0.00723	0.00188	0.12864	0.25204	0.00379	0.00414
4	0.00556	0.00419	0.00507	0.00569	0.00637	0.00378	0.00391	0.00648	0.00926	0.01193	0.06517	0.52245	0.26720	0.05278	0.00646	0.00185	0.00259	0.01137	0.00417	0.00371
5	0.01189	0.01089	0.01753	0.06308	0.67026	0.01117	0.01314	0.11745	0.01171	0.01647	0.00881	0.01121	0.00719	0.00425	0.00449	0.00136	0.00536	0.00404	0.00254	0.00715
6	0.00777	0.00682	0.00820	0.00827	0.03711	0.06672	0.00594	0.00901	0.00878	0.01190	0.13489	0.15433	0.03417	0.12989	0.22678	0.00352	0.13189	0.00670	0.00310	0.00418
7	0.32505	0.00812	0.00819	0.00681	0.00952	0.00860	0.00555	0.14522	0.01166	0.21348	0.01182	0.01209	0.00844	0.00500	0.00360	0.00132	0.00352	0.00364	0.20248	0.00589
8	0.01229	0.10695	0.10078	0.03192	0.15321	0.08188	0.00992	0.15363	0.12038	0.01663	0.00964	0.01077	0.00760	0.00482	0.00482	0.00129	0.05856	0.00368	0.00294	0.10831
9	0.01150	0.07830	0.09929	0.01223	0.11959	0.00964	0.09478	0.10695	0.01139	0.06982	0.01011	0.01301	0.00826	0.00462	0.00419	0.00118	0.00484	0.05280	0.00295	0.28454

[dist]
# distance from previous block
# <min> <max>
0	4

[block]
# block no. 5 follows, 57 sequences, length 33
# corresponding to MSA columns:
# 669-701
name=unknown_F
#
# <colnr> <probs for GDERKNQSTAVLIFYWHMCP>
#	G	D	E	R	K	N	Q	S	T	A	V	L	I	F	Y	W	H	M	C	P
0	0.01181	0.22433	0.20279	0.01198	0.07152	0.05967	0.08345	0.10377	0.04581	0.04312	0.01106	0.02158	0.05182	0.00505	0.00453	0.00133	0.03337	0.00401	0.00271	0.00629
1	0.00597	0.00476	0.00539	0.00545	0.00673	0.00429	0.00408	0.00783	0.04407	0.01389	0.22000	0.14527	0.45671	0.01114	0.00542	0.00157	0.00245	0.04650	0.00441	0.00407
2	0.00928	0.00894	0.01470	0.38831	0.19288	0.03424	0.10047	0.01196	0.00973	0.01298	0.03494	0.06761	0.03593	0.00545	0.00491	0.00148	0.02307	0.00504	0.03262	0.00544
3	0.01186	0.09012	0.16744	0.02628	0.09034	0.11042	0.17992	0.06429	0.02816	0.06225	0.01040	0.06662	0.00879	0.00535	0.00504	0.00143	0.04270	0.01972	0.00273	0.00614
4	0.01282	0.08830	0.28155	0.03562	0.03539	0.03592	0.18482	0.09824	0.01173	0.15692	0.01018	0.01119	0.00721	0.00452	0.00448	0.00139	0.00606	0.00402	0.00295	0.00670
5	0.00548	0.00455	0.00478	0.00481	0.00622	0.00386	0.00358	0.00670	0.01048	0.01281	0.12377	0.09259	0.68193	0.01142	0.00538	0.00154	0.00230	0.00963	0.00429	0.00386
6	0.01158	0.00738	0.00847	0.00724	0.00930	0.00753	0.00558	0.19037	0.09174	0.14794	0.13719	0.05559	0.10784	0.12704	0.01979	0.00194	0.00372	0.00623	0.04792	0.00560
7	0.01100	0.08110	0.27927	0.03045	0.13808	0.02988	0.05917	0.06496	0.09879	0.05046	0.01096	0.04980	0.00894	0.00531	0.00478	0.00143	0.03270	0.02079	0.01565	0.00647
8	0.00979	0.02069	0.64283	0.04280	0.12192	0.01073	0.01579	0.05689	0.01029	0.01509	0.00833	0.00994	0.00604	0.00434	0.00435	0.00142	0.00641	0.00350	0.00210	0.00676
9	0.00575	0.00425	0.00543	0.00630	0.00684	0.00397	0.00440	0.00694	0.02527	0.01196	0.02759	0.65273	0.13461	0.01353	0.00574	0.00181	0.00272	0.07214	0.00421	0.00381
10	0.00790	0.00735	0.03464	0.03260	0.18284	0.00680	0.04962	0.03583	0.04771	0.01376	0.03571	0.25146	0.23031	0.00937	0.00520	0.00159	0.00378	0.03489	0.00359	0.00505
11	0.04409	0.07005	0.01098	0.00800	0.04053	0.05925	0.00617	0.03442	0.01006	0.06548	0.00865	0.01002	0.00707	0.02215	0.00393	0.00092	0.00395	0.00296	0.00283	0.58848
12	0.01020	0.09722	0.07539	0.00906	0.01121	0.02854	0.04208	0.15770	0.02288	0.01536	0.07903	0.09874	0.06339	0.09241	0.03059	0.00196	0.13525	0.00571	0.01801	0.00527
13	0.00767	0.00559	0.00656	0.00643	0.00784	0.00547	0.00484	0.01109	0.15058	0.06033	0.20712	0.18950	0.23162	0.02987	0.00573	0.00166	0.00281	0.05608	0.00450	0.00471
14	0.03748	0.00551	0.00722	0.02258	0.05392	0.00524	0.00522	0.00962	0.03014	0.03244	0.53294	0.09722	0.05307	0.00924	0.02105	0.00154	0.00284	0.01786	0.00443	0.05044
15	0.01157	0.09357	0.23188	0.03607	0.08241	0.02932	0.10871	0.08010	0.01124	0.11447	0.04182	0.09239	0.01067	0.00558	0.00452	0.00140	0.00538	0.00488	0.00305	0.03097
16	0.00685	0.00496	0.00674	0.00763	0.00861	0.00484	0.00641	0.00868	0.01029	0.01339	0.06310	0.16181	0.08929	0.01252	0.00608	0.00198	0.00371	0.57482	0.00422	0.00408
17	0.02049	0.00661	0.00776	0.00706	0.00875	0.00661	0.00536	0.17433	0.02374	0.11891	0.08271	0.24822	0.10546	0.07168	0.00663	0.01687	0.00341	0.03514	0.04518	0.00511
18	0.02846	0.00992	0.03137	0.03052	0.12449	0.00967	0.33832	0.03676	0.08962	0.01500	0.05221	0.09283	0.03975	0.02768	0.02095	0.00172	0.02242	0.01951	0.00300	0.00580
19	0.01595	0.01188	0.01303	0.03353	0.01400	0.03931	0.03222	0.61136	0.04075	0.05538	0.01161	0.02830	0.00856	0.00553	0.00449	0.00136	0.00490	0.00431	0.05633	0.00719
20	0.01113	0.03977	0.01831	0.02666	0.76865	0.01088	0.01349	0.01375	0.01028	0.01461	0.00918	0.01171	0.02290	0.00418	0.00445	0.00134	0.00530	0.00409	0.00227	0.00706
21	0.00647	0.00485	0.00728	0.00728	0.00809	0.00566	0.00566	0.00809	0.00728	0.01052	0.01214	0.01780	0.01133	0.03398	0.82279	0.00728	0.01214	0.00485	0.00243	0.00405
22	0.22389	0.00871	0.01000	0.00792	0.01124	0.00866	0.00652	0.12549	0.03889	0.49177	0.01417	0.01292	0.00931	0.00527	0.00414	0.00140	0.00392	0.00401	0.00476	0.00702
23	0.01087	0.01082	0.01454	0.06411	0.28654	0.11017	0.06829	0.04871	0.01055	0.01404	0.05189	0.01512	0.07648	0.02005	0.00665	0.00152	0.14542	0.00471	0.03376	0.00577
24	0.01093	0.01100	0.01015	0.00916	0.01003	0.23133	0.00688	0.02548	0.02256	0.03029	0.01016	0.03553	0.01030	0.26527	0.05573	0.00274	0.24068	0.00478	0.00257	0.00443
25	0.00896	0.00506	0.00539	0.00509	0.00645	0.00503	0.00388	0.05298	0.03677	0.04957	0.08498	0.04039	0.08941	0.00646	0.00380	0.00120	0.00242	0.00530	0.58225	0.00460
26	0.00639	0.00469	0.00579	0.00553	0.00676	0.00423	0.00419	0.00827	0.01212	0.02916	0.57999	0.03654	0.23760	0.00986	0.00536	0.00147	0.00226	0.03081	0.00478	0.00421
27	0.01046	0.00996	0.03191	0.10663	0.50789	0.00992	0.03056	0.05025	0.04149	0.01490	0.01082	0.10454	0.00986	0.00536	0.00462	0.00141	0.00506	0.00505	0.00265	0.03667
28	0.02382	0.00963	0.03691	0.33642	0.07549	0.05163	0.02656	0.07488	0.09022	0.09390	0.02354	0.01406	0.03622	0.00525	0.00470	0.00144	0.02521	0.00438	0.05989	0.00584
29	0.00628	0.00450	0.00577	0.00649	0.00726	0.00421	0.00487	0.00749	0.00953	0.02603	0.04508	0.41422	0.17558	0.04691	0.00651	0.00194	0.00306	0.21621	0.00418	0.00388
30	0.00579	0.00411	0.00531	0.00616	0.00646	0.00389	0.00413	0.00654	0.00849	0.01126	0.02379	0.63832	0.04984	0.14727	0.00859	0.00226	0.00300	0.05727	0.00397	0.00356
31	0.01090	0.01082	0.05337	0.04236	0.61554	0.01021	0.06036	0.01389	0.02942	0.03745	0.01092	0.03654	0.03825	0.00472	0.00461	0.00139	0.00531	0.00459	0.00251	0.00683
32	0.00872	0.03082	0.01043	0.02667	0.02535	0.05411	0.02556	0.04399	0.02868	0.01195	0.02853	0.01534	0.01024	0.04131	0.44636	0.00473	0.17544	0.00457	0.00252	0.00468

[dist]
# distance from previous block
# <min> <max>
0	1

[block]
# block no. 6 follows, 57 sequences, length 34
# corresponding to MSA columns:
# 703-736
name=unknown_G
#
# <colnr> <probs for GDERKNQSTAVLIFYWHMCP>
#	G	D	E	R	K	N	Q	S	T	A	V	L	I	F	Y	W	H	M	C	P
0	0.67891	0.00836	0.00679	0.00602	0.00862	0.00954	0.00491	0.06986	0.00897	0.02040	0.00793	0.00907	0.00613	0.00446	0.00299	0.00135	0.00340	0.00284	0.13444	0.00501
1	0.05865	0.10490	0.01301	0.00956	0.02485	0.09782	0.00768	0.32471	0.15257	0.04152	0.01161	0.04837	0.00923	0.00546	0.00420	0.00130	0.00473	0.00417	0.00377	0.07190
2	0.01179	0.13544	0.07479	0.08236	0.13179	0.05814	0.04790	0.06938	0.02472	0.07052	0.00894	0.01067	0.00711	0.01627	0.00484	0.01129	0.03664	0.00354	0.00269	0.19119
3	0.02725	0.06318	0.22874	0.01294	0.11365	0.05588	0.08256	0.11638	0.03464	0.06598	0.04189	0.01271	0.00906	0.05313	0.01325	0.00156	0.00560	0.00410	0.00290	0.05460
4	0.00804	0.00757	0.04407	0.00733	0.00931	0.02909	0.02568	0.04071	0.19453	0.01526	0.12492	0.10156	0.30838	0.00935	0.00516	0.00156	0.00331	0.05494	0.00420	0.00503
5	0.00940	0.00877	0.01482	0.46083	0.29996	0.00982	0.03106	0.01211	0.00951	0.01284	0.00973	0.01305	0.03454	0.00489	0.00486	0.02346	0.00556	0.00426	0.02487	0.00566
6	0.01369	0.01300	0.09911	0.06044	0.19813	0.09641	0.05200	0.16473	0.03895	0.12616	0.01015	0.01140	0.00757	0.00506	0.00546	0.00143	0.08242	0.00402	0.00316	0.00672
7	0.01096	0.04914	0.23185	0.08684	0.21099	0.03700	0.04607	0.06900	0.03710	0.05883	0.01161	0.04502	0.03654	0.00520	0.00446	0.00140	0.00545	0.01275	0.03341	0.00637
8	0.00722	0.00508	0.00606	0.00587	0.00725	0.00467	0.00444	0.02482	0.03888	0.06574	0.30349	0.14602	0.30859	0.01045	0.00536	0.00155	0.00257	0.04294	0.00459	0.00442
9	0.00620	0.00456	0.00544	0.00559	0.00668	0.00407	0.00411	0.00755	0.01055	0.03510	0.23350	0.23134	0.34304	0.03287	0.00594	0.00168	0.00253	0.05084	0.00440	0.00400
10	0.01334	0.20004	0.07500	0.02827	0.15296	0.19688	0.07390	0.09791	0.04874	0.04376	0.00903	0.02416	0.00732	0.00463	0.00414	0.00127	0.00596	0.00371	0.00268	0.00629
11	0.12067	0.01052	0.05098	0.02351	0.10656	0.02936	0.05235	0.19121	0.04350	0.24792	0.04358	0.01310	0.00982	0.00605	0.02937	0.00158	0.00490	0.00424	0.00398	0.00680
12	0.00688	0.00434	0.00516	0.00557	0.00615	0.00424	0.00392	0.00795	0.00862	0.01250	0.02001	0.23878	0.06083	0.22744	0.00989	0.02101	0.00317	0.11378	0.23615	0.00362
13	0.00811	0.00650	0.00935	0.00886	0.04224	0.00681	0.07518	0.08286	0.02573	0.01345	0.01804	0.09547	0.11456	0.10216	0.27503	0.00373	0.02170	0.05075	0.03486	0.00460
14	0.75881	0.00901	0.00779	0.00767	0.06567	0.01022	0.00568	0.03904	0.00839	0.02005	0.00667	0.00781	0.00521	0.00421	0.00300	0.00138	0.00368	0.00263	0.00282	0.03028
15	0.01332	0.03693	0.01360	0.03930	0.05734	0.37521	0.00939	0.05092	0.01058	0.01202	0.00715	0.00961	0.00629	0.00710	0.04478	0.00175	0.29359	0.00351	0.00229	0.00532
16	0.00784	0.00523	0.00627	0.00577	0.00734	0.00476	0.00441	0.01017	0.05415	0.10365	0.42243	0.03423	0.29764	0.00945	0.00522	0.00146	0.00246	0.00810	0.00477	0.00465
17	0.00725	0.00608	0.02898	0.00653	0.00791	0.02712	0.00516	0.03352	0.04793	0.01690	0.53730	0.07579	0.08545	0.01043	0.04171	0.00175	0.00317	0.04792	0.00455	0.00453
18	0.01212	0.01121	0.01674	0.11020	0.46679	0.04273	0.05345	0.14466	0.06689	0.01686	0.00952	0.01158	0.00753	0.00448	0.00454	0.00138	0.00549	0.00414	0.00277	0.00690
19	0.00576	0.00416	0.00540	0.00629	0.00674	0.00390	0.00438	0.00667	0.00889	0.01168	0.02611	0.63718	0.09806	0.06168	0.00680	0.00199	0.00287	0.09366	0.00412	0.00369
20	0.01092	0.00650	0.00805	0.00753	0.00933	0.00644	0.00587	0.06713	0.12682	0.19938	0.08840	0.25928	0.04779	0.00955	0.00520	0.00163	0.00335	0.10931	0.02199	0.00552
21	0.10426	0.01156	0.01154	0.07173	0.03977	0.10724	0.00796	0.37699	0.06532	0.03298	0.01134	0.06071	0.00909	0.00567	0.00428	0.00137	0.00486	0.00438	0.06255	0.00639
22	0.01140	0.01179	0.01370	0.03686	0.01295	0.13513	0.00974	0.06334	0.00883	0.01211	0.00649	0.00978	0.00605	0.00717	0.01226	0.00181	0.62940	0.00382	0.00220	0.00518
23	0.01335	0.01110	0.01229	0.05036	0.13147	0.09714	0.00853	0.24924	0.15251	0.06910	0.10176	0.01526	0.02985	0.00573	0.00457	0.00137	0.00469	0.00469	0.00391	0.03308
24	0.00707	0.00599	0.00660	0.00667	0.03184	0.04221	0.00468	0.00911	0.05964	0.01394	0.26506	0.09288	0.28034	0.11613	0.00785	0.00188	0.03176	0.00808	0.00406	0.00423
25	0.09115	0.01141	0.01239	0.00956	0.01311	0.01230	0.00789	0.58207	0.01847	0.16022	0.01160	0.01131	0.00804	0.00532	0.00436	0.00136	0.00463	0.00399	0.00453	0.02629
26	0.05562	0.01041	0.01135	0.00899	0.01229	0.07288	0.00732	0.26047	0.06136	0.40798	0.03498	0.01367	0.01041	0.00555	0.00446	0.00138	0.00447	0.00432	0.00482	0.00727
27	0.06445	0.00990	0.03780	0.01007	0.08477	0.03658	0.03767	0.09050	0.05965	0.05311	0.04550	0.01150	0.00894	0.00439	0.00410	0.00106	0.01878	0.00357	0.00312	0.41456
28	0.00691	0.00477	0.00582	0.02084	0.00731	0.00429	0.00432	0.00836	0.01087	0.07222	0.26818	0.19775	0.32401	0.02156	0.00561	0.00160	0.00256	0.02430	0.00448	0.00423
29	0.00597	0.00440	0.00538	0.00571	0.00646	0.00406	0.00404	0.00712	0.00980	0.01295	0.20724	0.29953	0.20740	0.13634	0.00821	0.00208	0.00281	0.06258	0.00416	0.00374
30	0.01136	0.30099	0.41918	0.01055	0.01568	0.03946	0.01220	0.02742	0.01004	0.07711	0.00875	0.01043	0.00683	0.00453	0.00390	0.00128	0.00579	0.02578	0.00234	0.00637
31	0.00980	0.06619	0.07212	0.00940	0.05943	0.03487	0.01876	0.07608	0.01934	0.07745	0.02594	0.15298	0.05012	0.05963	0.17346	0.00285	0.03759	0.03152	0.01730	0.00517
32	0.01157	0.00595	0.00761	0.00684	0.00886	0.00540	0.00542	0.01349	0.03774	0.31339	0.10972	0.10474	0.19574	0.03224	0.03061	0.00182	0.00351	0.09519	0.00473	0.00544
33	0.00672	0.00514	0.00737	0.00725	0.00786	0.00603	0.00550	0.00803	0.00719	0.01031	0.01233	0.04017	0.01219	0.15308	0.62127	0.00631	0.07159	0.00526	0.00249	0.00391

[dist]
# distance from previous block
# <min> <max>
2	13

[block]
# block no. 7 follows, 57 sequences, length 20
# corresponding to MSA columns:
# 750-769
name=unknown_H
#
# <colnr> <probs for GDERKNQSTAVLIFYWHMCP>
#	G	D	E	R	K	N	Q	S	T	A	V	L	I	F	Y	W	H	M	C	P
0	0.06012	0.00749	0.00949	0.00753	0.01064	0.00684	0.00615	0.03763	0.05167	0.60070	0.01912	0.01728	0.07290	0.00599	0.00444	0.00139	0.00361	0.00483	0.06516	0.00700
1	0.04826	0.01226	0.01271	0.01238	0.11589	0.12999	0.02617	0.18934	0.34820	0.01914	0.01287	0.01294	0.00978	0.00542	0.00468	0.00142	0.02363	0.00431	0.00377	0.00684
2	0.05434	0.07203	0.08679	0.02531	0.11648	0.08549	0.06045	0.06509	0.02740	0.06994	0.02385	0.01064	0.00762	0.00434	0.00423	0.00116	0.02395	0.00351	0.00283	0.25455
3	0.01100	0.01283	0.21674	0.07987	0.09875	0.05158	0.08095	0.04518	0.04075	0.11643	0.05151	0.05480	0.08345	0.01833	0.00512	0.00150	0.01682	0.00518	0.00316	0.00607
4	0.01015	0.10339	0.30614	0.01504	0.02010	0.01168	0.38679	0.01429	0.02575	0.01401	0.00944	0.01151	0.02449	0.00430	0.00490	0.00145	0.02374	0.00439	0.00220	0.00623
5	0.01076	0.01052	0.01857	0.14722	0.60993	0.01074	0.09831	0.01362	0.01017	0.01429	0.00852	0.01145	0.00697	0.00409	0.00459	0.00139	0.00573	0.00418	0.00221	0.00674
6	0.01153	0.00931	0.00959	0.02085	0.01076	0.14718	0.05241	0.08445	0.04602	0.12263	0.08182	0.12770	0.12695	0.00783	0.00480	0.00145	0.00428	0.04026	0.08488	0.00531
7	0.00960	0.00795	0.01105	0.02080	0.02884	0.03479	0.09492	0.04363	0.07924	0.06186	0.01435	0.09421	0.04608	0.12277	0.15533	0.00300	0.13776	0.00582	0.02302	0.00498
8	0.00658	0.00467	0.00619	0.00703	0.00767	0.00456	0.00546	0.00788	0.00923	0.01209	0.02320	0.28883	0.04663	0.15600	0.00899	0.00239	0.00369	0.39119	0.00394	0.00377
9	0.00924	0.00876	0.01483	0.28063	0.29999	0.00927	0.08714	0.01212	0.02550	0.01355	0.03929	0.01867	0.09924	0.00577	0.00483	0.00149	0.00525	0.05604	0.00265	0.00572
10	0.01098	0.01152	0.02380	0.01872	0.10265	0.01114	0.61026	0.01434	0.01046	0.04896	0.00966	0.03285	0.00761	0.00445	0.00586	0.00154	0.06131	0.00528	0.00246	0.00615
11	0.00949	0.04967	0.74976	0.01246	0.01892	0.01055	0.01590	0.01446	0.00964	0.03554	0.00833	0.00964	0.00591	0.00430	0.00424	0.00140	0.00648	0.00333	0.00203	0.02794
12	0.00633	0.00431	0.00517	0.00553	0.00567	0.00424	0.00343	0.00668	0.00741	0.00986	0.01788	0.25944	0.02086	0.55785	0.01718	0.00353	0.00388	0.05441	0.00324	0.00309
13	0.00648	0.00481	0.00705	0.00705	0.00778	0.00554	0.00538	0.00794	0.00721	0.01035	0.01235	0.01897	0.01184	0.11363	0.74384	0.00700	0.01137	0.00503	0.00246	0.00392
14	0.72830	0.00907	0.00747	0.00652	0.00935	0.01040	0.00537	0.11001	0.00949	0.02112	0.00744	0.00893	0.00585	0.00456	0.00310	0.00140	0.00367	0.01885	0.02387	0.00522
15	0.10408	0.53725	0.09347	0.00872	0.02990	0.04647	0.00836	0.01481	0.04396	0.06539	0.00783	0.00857	0.00644	0.00420	0.00329	0.00113	0.00490	0.00282	0.00241	0.00599
16	0.00726	0.00571	0.00630	0.00674	0.00777	0.05800	0.00508	0.00852	0.00997	0.04643	0.05376	0.36658	0.20681	0.01245	0.02083	0.00184	0.00344	0.16426	0.00413	0.00411
17	0.00836	0.00583	0.00797	0.00743	0.00863	0.00647	0.00576	0.06100	0.00866	0.06241	0.01246	0.03325	0.01143	0.09104	0.54786	0.00552	0.04455	0.00493	0.02451	0.04192
18	0.01064	0.01048	0.03595	0.12974	0.55104	0.01039	0.06759	0.04492	0.01061	0.01474	0.01105	0.01348	0.05978	0.00464	0.00461	0.00139	0.00544	0.00448	0.00243	0.00661
19	0.02801	0.04508	0.01382	0.01314	0.12937	0.19464	0.13331	0.03140	0.04216	0.01363	0.05851	0.20749	0.01480	0.00725	0.00512	0.00148	0.02814	0.02421	0.00307	0.00536

[dist]
# distance from previous block
# <min> <max>
5	12

[block]
# block no. 8 follows, 57 sequences, length 25
# corresponding to MSA columns:
# 799-823
name=unknown_I
#
# <colnr> <probs for GDERKNQSTAVLIFYWHMCP>
#	G	D	E	R	K	N	Q	S	T	A	V	L	I	F	Y	W	H	M	C	P
0	0.00651	0.00448	0.00599	0.00616	0.00664	0.00462	0.00433	0.00721	0.00788	0.01077	0.08624	0.14746	0.04800	0.23943	0.26149	0.10244	0.00616	0.03767	0.00309	0.00343
1	0.01221	0.03100	0.09195	0.01739	0.33392	0.04789	0.06529	0.07666	0.05897	0.08710	0.03365	0.01206	0.00873	0.00453	0.00439	0.00130	0.00519	0.00406	0.00296	0.10075
2	0.06435	0.14151	0.08823	0.01150	0.10269	0.11858	0.07166	0.04619	0.08346	0.02393	0.09815	0.02517	0.09447	0.00582	0.00435	0.00134	0.00496	0.00480	0.00308	0.00577
3	0.01659	0.01264	0.01150	0.00953	0.01247	0.22183	0.00755	0.24831	0.07288	0.24424	0.01424	0.04160	0.03916	0.00586	0.00448	0.00135	0.00516	0.00449	0.01940	0.00669
4	0.05418	0.08701	0.11003	0.00905	0.04564	0.00878	0.02700	0.03216	0.08088	0.07357	0.04978	0.02350	0.01790	0.00459	0.00388	0.00109	0.00411	0.00372	0.00308	0.36006
5	0.02533	0.19374	0.16870	0.00990	0.01340	0.16143	0.00943	0.08595	0.08811	0.06125	0.01055	0.01310	0.00870	0.00736	0.06434	0.00176	0.01704	0.05098	0.00290	0.00604
6	0.00693	0.00502	0.00680	0.00766	0.00856	0.00499	0.00627	0.00912	0.04289	0.01357	0.07851	0.25698	0.02776	0.01247	0.00600	0.00195	0.00360	0.49247	0.00426	0.00417
7	0.01106	0.01051	0.01735	0.07384	0.69163	0.01077	0.01320	0.01471	0.08396	0.01500	0.00942	0.01179	0.00773	0.00426	0.00450	0.00137	0.00526	0.00414	0.00245	0.00705
8	0.01403	0.09584	0.06524	0.01030	0.06260	0.09212	0.00828	0.19978	0.06675	0.15578	0.03466	0.05998	0.01073	0.00569	0.00434	0.00131	0.00476	0.02038	0.00375	0.08367
9	0.11003	0.00835	0.01012	0.00796	0.01125	0.00799	0.00654	0.12531	0.03674	0.54659	0.01757	0.01586	0.06338	0.00584	0.00442	0.00141	0.00386	0.00462	0.00504	0.00714
10	0.00759	0.00594	0.00641	0.00609	0.00783	0.00579	0.00462	0.01165	0.20272	0.05201	0.10116	0.09005	0.46119	0.00991	0.00517	0.00154	0.00269	0.00837	0.00444	0.00485
11	0.00554	0.00398	0.00522	0.00621	0.00651	0.00370	0.00414	0.00632	0.00869	0.01152	0.02551	0.78666	0.05977	0.03502	0.00620	0.00189	0.00266	0.01259	0.00417	0.00366
12	0.09084	0.02828	0.01331	0.07234	0.05215	0.11629	0.04790	0.31480	0.14009	0.05338	0.01091	0.01145	0.00808	0.00513	0.00446	0.00139	0.01484	0.00400	0.00367	0.00669
13	0.05817	0.00998	0.01209	0.01218	0.16008	0.05615	0.00825	0.15997	0.08456	0.31060	0.03808	0.03094	0.01081	0.00550	0.00445	0.00139	0.00444	0.00451	0.02085	0.00703
14	0.00912	0.00685	0.00778	0.00707	0.00885	0.00722	0.00546	0.06852	0.26711	0.03472	0.35021	0.04414	0.06593	0.00785	0.00487	0.00145	0.00288	0.01666	0.07783	0.00547
15	0.01096	0.01048	0.01753	0.02479	0.66574	0.01074	0.04186	0.01429	0.06512	0.01476	0.00928	0.01186	0.00775	0.00551	0.03733	0.00162	0.03685	0.00419	0.00241	0.00693
16	0.08201	0.06345	0.05560	0.01918	0.09179	0.04724	0.00799	0.06745	0.11014	0.28074	0.01548	0.01627	0.05323	0.00579	0.00436	0.00140	0.00435	0.04087	0.02605	0.00658
17	0.01378	0.01651	0.01122	0.01027	0.01210	0.54703	0.00778	0.01524	0.03573	0.01137	0.01255	0.01549	0.09341	0.06400	0.00665	0.00155	0.08425	0.03347	0.00267	0.00492
18	0.00559	0.00415	0.00521	0.00589	0.00650	0.00378	0.00406	0.00660	0.00949	0.01246	0.11855	0.58315	0.19188	0.01308	0.00565	0.00173	0.00250	0.01167	0.00430	0.00378
19	0.02118	0.05422	0.04174	0.04324	0.02385	0.10507	0.07754	0.05371	0.09679	0.02260	0.09171	0.15128	0.09527	0.00875	0.02583	0.00167	0.00474	0.07208	0.00357	0.00519
20	0.01071	0.01001	0.01689	0.21774	0.38085	0.01085	0.09785	0.01412	0.06487	0.04141	0.00925	0.01195	0.00736	0.00469	0.00555	0.00148	0.08134	0.00426	0.00245	0.00636
21	0.00683	0.00484	0.00565	0.00560	0.00674	0.00443	0.00403	0.03183	0.01036	0.05208	0.16452	0.20707	0.33841	0.10942	0.02577	0.00203	0.00297	0.00917	0.00421	0.00406
22	0.00862	0.00503	0.00645	0.00651	0.00767	0.00462	0.00474	0.02907	0.01024	0.15740	0.07621	0.45898	0.12389	0.04008	0.00606	0.00178	0.00296	0.04069	0.00447	0.00455
23	0.03395	0.12203	0.12952	0.01156	0.04374	0.39705	0.03367	0.06397	0.03219	0.04363	0.00886	0.04337	0.00740	0.00497	0.00412	0.00126	0.00661	0.00362	0.00262	0.00585
24	0.01122	0.01077	0.01839	0.02781	0.81248	0.01077	0.01391	0.01391	0.01032	0.01480	0.00852	0.01122	0.00718	0.00404	0.00449	0.00135	0.00538	0.00404	0.00224	0.00718

[dist]
# distance from previous block
# <min> <max>
0	3

[block]
# block no. 9 follows, 57 sequences, length 20
# corresponding to MSA columns:
# 827-846
name=unknown_J
#
# <colnr> <probs for GDERKNQSTAVLIFYWHMCP>
#	G	D	E	R	K	N	Q	S	T	A	V	L	I	F	Y	W	H	M	C	P
0	0.00779	0.00554	0.00633	0.00651	0.00742	0.03126	0.00462	0.07734	0.01046	0.03908	0.09092	0.49022	0.05649	0.05385	0.00616	0.00177	0.00304	0.00983	0.08712	0.00427
1	0.00813	0.00604	0.00757	0.00720	0.00846	0.00629	0.00554	0.04257	0.07802	0.05603	0.19562	0.22532	0.11965	0.01110	0.04166	0.00187	0.08216	0.06002	0.00416	0.03258
2	0.02734	0.31439	0.06039	0.04624	0.11350	0.21118	0.06250	0.03895	0.01067	0.01265	0.02261	0.00937	0.00682	0.00447	0.00431	0.00122	0.04200	0.00328	0.00225	0.00586
3	0.07869	0.01217	0.01143	0.00956	0.01236	0.13435	0.00768	0.41206	0.10165	0.02170	0.01200	0.01490	0.00977	0.04075	0.02128	0.00164	0.00519	0.06186	0.02449	0.00645
4	0.07448	0.01320	0.12963	0.02349	0.01376	0.09697	0.02754	0.22583	0.16611	0.06654	0.02542	0.03912	0.02189	0.00552	0.00437	0.00138	0.00497	0.00435	0.00367	0.05176
5	0.00555	0.00404	0.00517	0.00605	0.00645	0.00373	0.00406	0.00634	0.00879	0.01153	0.02701	0.71045	0.12191	0.04788	0.00644	0.00191	0.00266	0.01223	0.00415	0.00366
6	0.00626	0.00457	0.00581	0.00580	0.00669	0.00427	0.00418	0.00814	0.02787	0.01582	0.52720	0.21271	0.08381	0.05841	0.00645	0.00170	0.00242	0.00916	0.00463	0.00409
7	0.01029	0.01076	0.01687	0.01356	0.01509	0.04947	0.23097	0.01250	0.03331	0.01231	0.00849	0.03035	0.00784	0.00690	0.01081	0.00180	0.48281	0.03827	0.00231	0.00530
8	0.01494	0.05448	0.01176	0.00927	0.02822	0.04700	0.00736	0.27952	0.20861	0.17478	0.01454	0.01401	0.02285	0.00558	0.00433	0.00136	0.00425	0.00439	0.08578	0.00697
9	0.00633	0.00475	0.00589	0.00575	0.00686	0.00443	0.00426	0.00859	0.04618	0.01636	0.54631	0.14235	0.16471	0.01015	0.00537	0.00150	0.00229	0.00891	0.00474	0.00425
10	0.00654	0.00442	0.00572	0.00638	0.00705	0.00412	0.00450	0.00776	0.02337	0.05361	0.06024	0.60811	0.10081	0.02582	0.00594	0.00182	0.00279	0.06269	0.00430	0.00401
11	0.02861	0.00550	0.00733	0.00716	0.00807	0.01668	0.02274	0.05012	0.00877	0.05032	0.01576	0.29133	0.01657	0.03779	0.23548	0.13491	0.01960	0.00729	0.03191	0.00405
12	0.01039	0.24476	0.48545	0.01213	0.01767	0.04417	0.09795	0.01430	0.00972	0.01324	0.00770	0.00918	0.00589	0.00415	0.00403	0.00131	0.00635	0.00330	0.00198	0.00634
13	0.00644	0.00463	0.00635	0.00643	0.00693	0.00509	0.00459	0.00746	0.00716	0.01002	0.01380	0.08247	0.01442	0.30097	0.49618	0.00592	0.00886	0.00603	0.00267	0.00359
14	0.00569	0.00420	0.00519	0.00584	0.00642	0.00386	0.00400	0.00659	0.00910	0.01184	0.06807	0.52070	0.19830	0.09388	0.00737	0.00201	0.00275	0.03641	0.00410	0.00367
15	0.03626	0.02669	0.07466	0.08949	0.05999	0.10397	0.12668	0.14469	0.05928	0.01648	0.02844	0.04887	0.00932	0.00548	0.00519	0.00142	0.06436	0.00455	0.08828	0.00589
16	0.01062	0.01589	0.32148	0.01160	0.03309	0.13594	0.06288	0.01381	0.02621	0.05667	0.05147	0.04019	0.02719	0.05063	0.04293	0.00188	0.08466	0.00452	0.00262	0.00574
17	0.01030	0.00551	0.00606	0.00558	0.00713	0.00555	0.00433	0.07208	0.04621	0.10340	0.02784	0.05991	0.01322	0.00610	0.00375	0.00121	0.00267	0.02807	0.58610	0.00497
18	0.09037	0.13365	0.17099	0.01053	0.03686	0.04666	0.00975	0.35486	0.03936	0.03843	0.00965	0.02215	0.00731	0.00497	0.00410	0.00133	0.00521	0.00368	0.00336	0.00680
19	0.04976	0.09624	0.22413	0.01095	0.08284	0.04240	0.02100	0.03297	0.08655	0.11182	0.11217	0.01437	0.02419	0.00527	0.00427	0.00132	0.00477	0.00428	0.00325	0.06745

[dist]
# distance from previous block
# <min> <max>
1	3

[block]
# block no. 10 follows, 57 sequences, length 12
# corresponding to MSA columns:
# 850-861
name=unknown_K
#
# <colnr> <probs for GDERKNQSTAVLIFYWHMCP>
#	G	D	E	R	K	N	Q	S	T	A	V	L	I	F	Y	W	H	M	C	P
0	0.05063	0.55665	0.12060	0.01106	0.11742	0.01554	0.00959	0.04969	0.00989	0.01292	0.00703	0.00824	0.00603	0.00404	0.00336	0.00111	0.00509	0.00283	0.00213	0.00615
1	0.00929	0.00831	0.01369	0.43345	0.21514	0.00942	0.02931	0.01187	0.00953	0.03499	0.02793	0.06580	0.03622	0.00555	0.00508	0.00149	0.04238	0.00491	0.03016	0.00548
2	0.05351	0.08148	0.18162	0.01044	0.03641	0.10290	0.00956	0.16327	0.12725	0.08406	0.03505	0.03833	0.01047	0.00570	0.00437	0.00140	0.00515	0.03911	0.00346	0.00646
3	0.01018	0.14650	0.65160	0.01186	0.01795	0.01142	0.01481	0.01467	0.00971	0.05921	0.00841	0.00955	0.00606	0.00431	0.00411	0.00136	0.00626	0.00328	0.00213	0.00662
4	0.00656	0.00504	0.00606	0.00650	0.00744	0.00496	0.00475	0.00919	0.11348	0.01318	0.07688	0.39620	0.17416	0.05339	0.00644	0.00187	0.00293	0.10250	0.00423	0.00421
5	0.00603	0.00460	0.00548	0.04231	0.00745	0.00425	0.00424	0.00736	0.01005	0.01314	0.16113	0.21326	0.35474	0.06187	0.00640	0.00175	0.00269	0.03638	0.05299	0.00389
6	0.02887	0.04906	0.15784	0.00920	0.01266	0.00987	0.00859	0.15803	0.19011	0.15832	0.09194	0.04457	0.03489	0.00628	0.00458	0.00144	0.00431	0.01866	0.00413	0.00663
7	0.01073	0.00901	0.06879	0.04618	0.01267	0.02687	0.06659	0.10484	0.06825	0.11572	0.04256	0.12705	0.07868	0.00846	0.00553	0.00164	0.03267	0.16424	0.00394	0.00558
8	0.00682	0.00443	0.00569	0.00609	0.00675	0.00417	0.00419	0.00772	0.00896	0.06898	0.06300	0.49046	0.10471	0.13427	0.05955	0.00247	0.00351	0.01030	0.00402	0.00390
9	0.03623	0.00912	0.01355	0.14956	0.17508	0.02636	0.08912	0.10539	0.01179	0.16625	0.02793	0.07803	0.04118	0.00580	0.00463	0.00144	0.00486	0.00519	0.04232	0.00619
10	0.01328	0.09804	0.07456	0.00886	0.01266	0.09709	0.00774	0.16549	0.06792	0.10382	0.01010	0.01052	0.00763	0.00446	0.00390	0.00109	0.00467	0.00338	0.00332	0.30146
11	0.01011	0.03335	0.03159	0.00899	0.01027	0.05795	0.00715	0.17236	0.01094	0.01468	0.01409	0.27923	0.01506	0.07947	0.02806	0.00204	0.20936	0.00699	0.00332	0.00500

[dist]
# distance from previous block
# <min> <max>
0	1

[block]
# block no. 11 follows, 57 sequences, length 35
# corresponding to MSA columns:
# 863-867,871-900
name=unknown_L
#
# <colnr> <probs for GDERKNQSTAVLIFYWHMCP>
#	G	D	E	R	K	N	Q	S	T	A	V	L	I	F	Y	W	H	M	C	P
0	0.00605	0.00464	0.00516	0.00523	0.00645	0.00409	0.00380	0.01900	0.01033	0.02867	0.12804	0.19643	0.50057	0.05310	0.00630	0.00172	0.00252	0.00972	0.00426	0.00393
1	0.01010	0.00724	0.03029	0.03343	0.02996	0.00682	0.00653	0.04086	0.02283	0.14452	0.22525	0.07619	0.05957	0.02357	0.00619	0.00151	0.08445	0.06107	0.00402	0.12562
2	0.02769	0.04851	0.09778	0.00910	0.01183	0.05648	0.07036	0.04437	0.04753	0.09663	0.11520	0.17464	0.03239	0.00737	0.00515	0.00144	0.04004	0.01604	0.00358	0.09387
3	0.00600	0.00445	0.00552	0.00622	0.00684	0.00424	0.00436	0.00742	0.04386	0.01194	0.02707	0.53312	0.15451	0.08482	0.00720	0.00202	0.00291	0.07961	0.00409	0.00382
4	0.01233	0.00870	0.00961	0.00811	0.01048	0.00927	0.00639	0.36579	0.07800	0.06371	0.03759	0.13892	0.10290	0.03618	0.02700	0.00170	0.00406	0.00631	0.06690	0.00604
5	0.02982	0.01377	0.04953	0.03240	0.08340	0.18252	0.13626	0.16351	0.15772	0.03313	0.01050	0.01159	0.00803	0.00511	0.00524	0.00143	0.06225	0.00417	0.00317	0.00644
6	0.01333	0.01063	0.01133	0.00956	0.01244	0.01202	0.00760	0.32405	0.46483	0.02237	0.01579	0.05061	0.01216	0.00623	0.00463	0.00148	0.00409	0.00506	0.00456	0.00723
7	0.01038	0.00983	0.01666	0.14378	0.63481	0.01011	0.01295	0.01297	0.01000	0.01408	0.00974	0.07604	0.00879	0.00490	0.00459	0.00141	0.00526	0.00473	0.00236	0.00659
