[name]
unknown

[dist]
# distance from previous block
# <min> <max>
0	693

[block]
# block no. 0 follows, 53 sequences, length 18
# corresponding to MSA columns:
# 695-712
name=unknown_A
#
# <colnr> <probs for GDERKNQSTAVLIFYWHMCP>
#	G	D	E	R	K	N	Q	S	T	A	V	L	I	F	Y	W	H	M	C	P
0	0.09386	0.13516	0.12793	0.03696	0.01368	0.13340	0.04474	0.01352	0.01023	0.03728	0.01250	0.01829	0.03363	0.01161	0.15059	0.00261	0.00716	0.10855	0.00281	0.00550
1	0.10887	0.02992	0.03769	0.00952	0.02897	0.08860	0.00750	0.23002	0.15496	0.04315	0.04799	0.01571	0.01166	0.11962	0.00718	0.00186	0.00488	0.00464	0.00387	0.04338
2	0.06202	0.17096	0.12740	0.01014	0.01403	0.01169	0.06786	0.09252	0.01130	0.09248	0.01082	0.03863	0.02764	0.00537	0.00523	0.00134	0.08113	0.00408	0.00306	0.16231
3	0.57609	0.00895	0.00919	0.20405	0.01527	0.01034	0.00732	0.01450	0.00902	0.09520	0.00828	0.00980	0.00611	0.00466	0.00358	0.00151	0.00438	0.00321	0.00304	0.00550
4	0.00720	0.00606	0.02993	0.00795	0.00898	0.00570	0.00627	0.00864	0.00953	0.01306	0.02204	0.46395	0.02521	0.01254	0.00680	0.00189	0.07801	0.19493	0.00399	0.08732
5	0.00582	0.00416	0.00555	0.00666	0.00693	0.00388	0.00444	0.00666	0.00915	0.01220	0.02634	0.82891	0.03161	0.01497	0.00610	0.00194	0.00277	0.01359	0.00444	0.00388
6	0.01087	0.00911	0.01005	0.00950	0.01182	0.01034	0.00760	0.02164	0.60371	0.01861	0.02087	0.02659	0.01772	0.00811	0.00529	0.00176	0.00393	0.19092	0.00475	0.00680
7	0.00582	0.00416	0.00555	0.00666	0.00693	0.00388	0.00444	0.00666	0.00915	0.01220	0.02634	0.82891	0.03161	0.01497	0.00610	0.00194	0.00277	0.01359	0.00444	0.00388
8	0.01095	0.01102	0.01737	0.01527	0.08698	0.01342	0.17250	0.01453	0.11852	0.01386	0.00908	0.01212	0.00776	0.00682	0.01107	0.00186	0.46358	0.00467	0.00257	0.00602
9	0.00683	0.00512	0.00768	0.00768	0.00853	0.00597	0.00597	0.00853	0.00768	0.01110	0.01280	0.01878	0.01195	0.03585	0.81308	0.00768	0.01280	0.00512	0.00256	0.00427
10	0.55854	0.01056	0.01013	0.00966	0.08290	0.01189	0.00710	0.22324	0.01227	0.02326	0.00817	0.00914	0.00619	0.00477	0.00361	0.00146	0.00430	0.00320	0.00340	0.00619
11	0.01187	0.01181	0.01757	0.02562	0.65354	0.08836	0.01321	0.01437	0.01098	0.01492	0.01041	0.08585	0.00962	0.00530	0.00482	0.00145	0.00570	0.00499	0.00256	0.00704
12	0.01046	0.01046	0.01464	0.01255	0.01255	0.01464	0.01046	0.01150	0.00732	0.01150	0.00627	0.01046	0.00627	0.00837	0.01569	0.00209	0.82328	0.00418	0.00209	0.00523
13	0.21785	0.00973	0.01175	0.00982	0.01148	0.01186	0.00812	0.01224	0.00809	0.01481	0.00686	0.00968	0.00619	0.00635	0.00991	0.00164	0.44322	0.00350	0.00247	0.19445
14	0.01512	0.01181	0.20350	0.00937	0.01353	0.00777	0.00922	0.01832	0.03716	0.40333	0.10811	0.01752	0.01443	0.00603	0.00477	0.00144	0.00453	0.02456	0.00454	0.08494
15	0.01067	0.00763	0.00875	0.08145	0.01159	0.00856	0.00649	0.05403	0.30800	0.04163	0.01604	0.01710	0.01236	0.00880	0.08264	0.00201	0.00442	0.00486	0.30696	0.00598
16	0.00573	0.00454	0.00516	0.00566	0.00667	0.00397	0.00399	0.00677	0.01011	0.01259	0.03850	0.39776	0.45492	0.01339	0.00585	0.00176	0.00258	0.01166	0.00444	0.00397
17	0.00965	0.00534	0.00713	0.00708	0.00841	0.00487	0.00531	0.01114	0.01128	0.18923	0.18373	0.38676	0.05403	0.01164	0.00575	0.00176	0.00310	0.08384	0.00493	0.00501

[dist]
# distance from previous block
# <min> <max>
0	1

[block]
# block no. 1 follows, 53 sequences, length 6
# corresponding to MSA columns:
# 714-719
name=unknown_B
#
# <colnr> <probs for GDERKNQSTAVLIFYWHMCP>
#	G	D	E	R	K	N	Q	S	T	A	V	L	I	F	Y	W	H	M	C	P
0	0.04835	0.25383	0.06225	0.01194	0.09164	0.11145	0.05125	0.01755	0.01141	0.24573	0.01081	0.01126	0.00798	0.00496	0.00464	0.00134	0.03975	0.00374	0.00332	0.00678
1	0.00959	0.02472	0.80726	0.01362	0.02069	0.01110	0.01766	0.01514	0.01009	0.01514	0.00858	0.01009	0.00605	0.00454	0.00454	0.00151	0.00706	0.00353	0.00202	0.00706
2	0.00611	0.00486	0.00548	0.00533	0.00674	0.00423	0.00400	0.00776	0.01199	0.01551	0.36058	0.04172	0.48649	0.01114	0.00564	0.00157	0.00235	0.00949	0.00478	0.00423
3	0.43208	0.00976	0.01259	0.15563	0.19500	0.01077	0.05594	0.01435	0.00944	0.05253	0.00823	0.01025	0.00635	0.00450	0.00393	0.00149	0.00490	0.00354	0.00277	0.00595
4	0.01703	0.00957	0.01276	0.01011	0.01352	0.00951	0.07948	0.11920	0.20299	0.40595	0.01757	0.05438	0.01254	0.00629	0.00496	0.00154	0.00446	0.00538	0.00512	0.00764
5	0.01285	0.00555	0.00751	0.00663	0.00811	0.00518	0.00495	0.01298	0.00951	0.27887	0.01334	0.01578	0.01029	0.01076	0.01089	0.39649	0.00373	0.00443	0.17753	0.00460

[dist]
# distance from previous block
# <min> <max>
0	2

[block]
# block no. 2 follows, 53 sequences, length 14
# corresponding to MSA columns:
# 722-735
name=unknown_C
#
# <colnr> <probs for GDERKNQSTAVLIFYWHMCP>
#	G	D	E	R	K	N	Q	S	T	A	V	L	I	F	Y	W	H	M	C	P
0	0.52961	0.10002	0.01058	0.00755	0.01072	0.01201	0.00634	0.17117	0.01148	0.05242	0.00897	0.04466	0.00730	0.00518	0.00355	0.00144	0.00414	0.00350	0.00341	0.00594
1	0.01194	0.21841	0.50028	0.01168	0.01753	0.01280	0.01390	0.05728	0.01101	0.08958	0.00924	0.01016	0.00673	0.00463	0.00422	0.00139	0.00621	0.00346	0.00254	0.00700
2	0.01250	0.01424	0.05587	0.26622	0.02001	0.26203	0.02830	0.04472	0.01097	0.01319	0.00831	0.01114	0.00673	0.00558	0.00668	0.00154	0.16617	0.00388	0.05638	0.00554
3	0.00910	0.00686	0.00891	0.00787	0.00893	0.00768	0.00599	0.01028	0.00820	0.05284	0.01177	0.01880	0.01142	0.24404	0.17690	0.00363	0.20383	0.00501	0.07067	0.12726
4	0.01527	0.00852	0.01017	0.00837	0.01120	0.00860	0.00671	0.14764	0.16683	0.31184	0.16486	0.01956	0.01806	0.00670	0.00485	0.00147	0.00372	0.00554	0.07304	0.00705
5	0.01278	0.83490	0.02505	0.00818	0.01227	0.01891	0.00818	0.01431	0.00971	0.01125	0.00664	0.00767	0.00613	0.00409	0.00307	0.00102	0.00511	0.00256	0.00204	0.00613
6	0.00646	0.00470	0.00615	0.00663	0.00746	0.00439	0.00494	0.00806	0.01117	0.01512	0.30718	0.35321	0.09679	0.01258	0.00598	0.00180	0.00283	0.13564	0.00473	0.00421
7	0.01104	0.00924	0.07238	0.00871	0.01127	0.00863	0.00733	0.01846	0.36140	0.11414	0.22746	0.06488	0.02305	0.00781	0.00516	0.00160	0.00364	0.03251	0.00483	0.00648
8	0.00607	0.00450	0.00550	0.00619	0.00683	0.00414	0.00430	0.00700	0.00947	0.01218	0.03044	0.47064	0.22376	0.11546	0.00829	0.00221	0.00304	0.07189	0.00424	0.00384
9	0.01007	0.00640	0.00848	0.00894	0.09507	0.00586	0.00610	0.02759	0.01254	0.16649	0.28740	0.03289	0.25440	0.00922	0.00542	0.00156	0.00320	0.04814	0.00477	0.00546
10	0.00868	0.00450	0.00467	0.00463	0.00574	0.00446	0.00347	0.01091	0.01041	0.01797	0.10125	0.01977	0.01584	0.00603	0.00359	0.00116	0.00223	0.00491	0.76534	0.00446
11	0.01158	0.46757	0.29221	0.01235	0.10145	0.01541	0.01213	0.01463	0.00997	0.01305	0.00756	0.00895	0.00626	0.00426	0.00375	0.00123	0.00584	0.00308	0.00207	0.00661
12	0.13327	0.39218	0.02004	0.01385	0.19274	0.10876	0.05053	0.01497	0.01029	0.01395	0.00743	0.00902	0.00639	0.00427	0.00371	0.00123	0.00561	0.00317	0.00232	0.00627
13	0.35891	0.01018	0.01227	0.04808	0.22544	0.01090	0.00889	0.12011	0.01170	0.13691	0.00983	0.01084	0.00726	0.00480	0.00404	0.00146	0.00461	0.00367	0.00345	0.00667

[dist]
# distance from previous block
# <min> <max>
0	2

[block]
# block no. 3 follows, 53 sequences, length 26
# corresponding to MSA columns:
# 738-763
name=unknown_D
#
# <colnr> <probs for GDERKNQSTAVLIFYWHMCP>
#	G	D	E	R	K	N	Q	S	T	A	V	L	I	F	Y	W	H	M	C	P
0	0.01014	0.00795	0.00990	0.00989	0.09152	0.00793	0.00685	0.01523	0.22091	0.07041	0.20570	0.05485	0.08958	0.00743	0.00530	0.00144	0.03078	0.00631	0.00430	0.14359
1	0.00605	0.00443	0.00569	0.00628	0.00693	0.00407	0.00437	0.00731	0.01051	0.01413	0.23399	0.52999	0.12208	0.01327	0.00593	0.00179	0.00260	0.01188	0.00466	0.00407
2	0.01324	0.01058	0.01533	0.26470	0.18230	0.03279	0.03230	0.13732	0.01229	0.12368	0.01018	0.01241	0.00765	0.00545	0.00628	0.00158	0.11783	0.00433	0.00312	0.00663
3	0.02144	0.00813	0.01109	0.00850	0.01220	0.00702	0.00702	0.02329	0.01368	0.80552	0.01886	0.01627	0.01183	0.00592	0.00481	0.00148	0.00407	0.00481	0.00592	0.00813
4	0.01046	0.01046	0.01464	0.01255	0.01255	0.01464	0.01046	0.01150	0.00732	0.01150	0.00627	0.01046	0.00627	0.00837	0.01569	0.00209	0.82328	0.00418	0.00209	0.00523
5	0.01050	0.00979	0.01620	0.48973	0.31580	0.01109	0.01359	0.05038	0.01067	0.01433	0.00882	0.01234	0.00690	0.00463	0.00476	0.00152	0.00606	0.00425	0.00234	0.00628
6	0.00605	0.00445	0.00568	0.00623	0.00692	0.00407	0.00435	0.00732	0.01058	0.01419	0.23907	0.50726	0.13987	0.01317	0.00591	0.00178	0.00258	0.01177	0.00466	0.00407
7	0.00654	0.00488	0.00607	0.00577	0.00700	0.00441	0.00433	0.00858	0.01299	0.01788	0.64549	0.03782	0.20010	0.01025	0.00564	0.00153	0.00229	0.00894	0.00509	0.00441
8	0.00643	0.00459	0.00624	0.00735	0.00789	0.00440	0.00549	0.00770	0.00975	0.01288	0.02601	0.57984	0.03029	0.01441	0.00626	0.00202	0.00330	0.25669	0.00443	0.00405
9	0.02144	0.00813	0.01109	0.00850	0.01220	0.00702	0.00702	0.02329	0.01368	0.80552	0.01886	0.01627	0.01183	0.00592	0.00481	0.00148	0.00407	0.00481	0.00592	0.00813
10	0.01991	0.01021	0.01233	0.00949	0.01321	0.01015	0.00783	0.31497	0.04015	0.48588	0.01605	0.01448	0.01050	0.00586	0.00480	0.00147	0.00451	0.00463	0.00545	0.00812
11	0.01960	0.00794	0.01057	0.00824	0.01163	0.00704	0.00676	0.05311	0.01388	0.67725	0.08268	0.01773	0.01443	0.00621	0.00482	0.00146	0.00389	0.00509	0.03998	0.00769
12	0.01817	0.01339	0.01434	0.01100	0.01482	0.01482	0.00908	0.78627	0.02247	0.03012	0.01148	0.01148	0.00813	0.00574	0.00478	0.00143	0.00526	0.00430	0.00478	0.00813
13	0.00991	0.00850	0.00991	0.00708	0.01133	0.00637	0.00566	0.01203	0.00991	0.01557	0.00850	0.00991	0.00708	0.00354	0.00354	0.00071	0.00354	0.00283	0.00283	0.86124
14	0.00586	0.00417	0.00554	0.00661	0.00688	0.00391	0.00439	0.00666	0.00908	0.01211	0.02599	0.80375	0.03116	0.04074	0.00668	0.00203	0.00283	0.01338	0.00439	0.00385
15	0.00598	0.00465	0.00545	0.00569	0.00677	0.00411	0.00410	0.00734	0.01103	0.01428	0.23158	0.28184	0.37529	0.01239	0.00578	0.00169	0.00249	0.01079	0.00465	0.00411
16	0.01261	0.00861	0.01384	0.54065	0.08531	0.00970	0.01168	0.01540	0.01078	0.22761	0.01134	0.01363	0.00794	0.00505	0.00478	0.00155	0.00569	0.00440	0.00317	0.00625
17	0.03683	0.02718	0.04175	0.23439	0.15850	0.09065	0.05871	0.15882	0.06493	0.01735	0.01053	0.01360	0.00835	0.00525	0.00473	0.00150	0.00595	0.03260	0.02190	0.00649
18	0.00581	0.00450	0.00530	0.00585	0.00674	0.00399	0.00410	0.00690	0.01018	0.01296	0.08668	0.44562	0.35745	0.01342	0.00588	0.00177	0.00259	0.01178	0.00449	0.00399
19	0.00582	0.00416	0.00555	0.00666	0.00693	0.00388	0.00444	0.00666	0.00915	0.01220	0.02634	0.82891	0.03161	0.01497	0.00610	0.00194	0.00277	0.01359	0.00444	0.00388
20	0.15409	0.15737	0.16685	0.22505	0.08393	0.01179	0.04312	0.01335	0.00960	0.01456	0.00935	0.07359	0.00816	0.00527	0.00426	0.00147	0.00557	0.00431	0.00244	0.00589
21	0.04152	0.31439	0.28695	0.01107	0.01570	0.22898	0.01158	0.01586	0.01082	0.01303	0.00750	0.00875	0.00608	0.00448	0.00390	0.00126	0.00667	0.00303	0.00218	0.00626
22	0.01298	0.06629	0.01226	0.00909	0.01255	0.04308	0.00735	0.18115	0.26141	0.03861	0.01283	0.01301	0.00987	0.00619	0.03190	0.00145	0.00462	0.00408	0.00389	0.26741
23	0.01377	0.00956	0.03287	0.00906	0.01237	0.04653	0.05378	0.06037	0.01239	0.25436	0.11649	0.01688	0.04520	0.00596	0.00530	0.00131	0.05502	0.00484	0.00415	0.23978
24	0.00997	0.00805	0.00984	0.00897	0.01022	0.00929	0.00696	0.16102	0.08301	0.01686	0.07053	0.30071	0.05322	0.01018	0.00783	0.00179	0.19323	0.00816	0.02476	0.00541
25	0.01340	0.23241	0.01431	0.00847	0.01121	0.01144	0.00727	0.10860	0.01215	0.18129	0.08339	0.04590	0.05020	0.00751	0.03089	0.00160	0.10086	0.00492	0.04496	0.02922

[dist]
# distance from previous block
# <min> <max>
0	25

[block]
# block no. 4 follows, 53 sequences, length 22
# corresponding to MSA columns:
# 789-810
name=unknown_E
#
# <colnr> <probs for GDERKNQSTAVLIFYWHMCP>
#	G	D	E	R	K	N	Q	S	T	A	V	L	I	F	Y	W	H	M	C	P
0	0.00968	0.00805	0.00990	0.00881	0.01018	0.00933	0.00695	0.10126	0.14194	0.01765	0.26794	0.10296	0.06454	0.00905	0.00793	0.00171	0.20525	0.00707	0.00423	0.00552
1	0.00914	0.00751	0.00869	0.00799	0.00973	0.00825	0.00614	0.01620	0.35661	0.01863	0.35776	0.06345	0.04985	0.00855	0.00585	0.00161	0.04608	0.00725	0.00486	0.00585
2	0.00629	0.00482	0.00577	0.00564	0.00688	0.00429	0.00419	0.00807	0.01226	0.01641	0.47317	0.09634	0.31656	0.01099	0.00567	0.00157	0.00235	0.00952	0.00491	0.00429
3	0.00949	0.00931	0.01490	0.01245	0.01348	0.01156	0.14755	0.01115	0.00830	0.01220	0.01023	0.10622	0.01027	0.01276	0.14075	0.00289	0.45319	0.00567	0.00249	0.00514
4	0.00661	0.00468	0.00579	0.00636	0.00684	0.00451	0.00444	0.00744	0.00889	0.01161	0.02423	0.29378	0.10532	0.31851	0.01294	0.00296	0.00376	0.16385	0.00386	0.00364
5	0.01382	0.01037	0.01170	0.00868	0.01273	0.00968	0.00707	0.31221	0.01500	0.07021	0.01029	0.01091	0.00778	0.00454	0.00410	0.00104	0.00424	0.00352	0.00378	0.47833
6	0.59488	0.19333	0.08790	0.00741	0.01101	0.01257	0.00704	0.01421	0.00867	0.01858	0.00684	0.00797	0.00547	0.00437	0.00313	0.00138	0.00433	0.00267	0.00267	0.00557
7	0.00623	0.00486	0.00565	0.00546	0.00681	0.00428	0.00409	0.00799	0.01227	0.01619	0.44180	0.04061	0.40484	0.01088	0.00564	0.00156	0.00233	0.00933	0.00487	0.00428
8	0.01276	0.01366	0.01694	0.23973	0.26397	0.21447	0.08057	0.04767	0.01160	0.01414	0.00852	0.01130	0.00684	0.00475	0.00508	0.00146	0.03377	0.00408	0.00242	0.00628
9	0.01382	0.01195	0.07009	0.08266	0.15033	0.08553	0.00995	0.18723	0.01393	0.13500	0.06646	0.05825	0.05196	0.00644	0.00527	0.00150	0.03388	0.00526	0.00379	0.00670
10	0.02745	0.04852	0.01077	0.00875	0.01133	0.08568	0.00688	0.13885	0.30799	0.05482	0.03785	0.01772	0.05257	0.04962	0.00556	0.00160	0.00429	0.00505	0.10106	0.02366
11	0.01005	0.08560	0.04445	0.01380	0.08824	0.01141	0.17307	0.03318	0.00946	0.01326	0.01084	0.10147	0.01050	0.03800	0.11600	0.00260	0.22431	0.00557	0.00260	0.00558
12	0.00674	0.00478	0.00641	0.00716	0.00774	0.00474	0.00536	0.00801	0.00943	0.01259	0.05861	0.33981	0.02673	0.15177	0.08501	0.00299	0.00451	0.24961	0.00403	0.00395
13	0.01102	0.01015	0.01398	0.35467	0.20095	0.08496	0.01139	0.02472	0.05393	0.05035	0.01198	0.08973	0.02231	0.00599	0.00507	0.00155	0.02210	0.00520	0.01397	0.00598
14	0.00968	0.00891	0.01194	0.04799	0.01210	0.01160	0.00870	0.01267	0.12656	0.01273	0.01153	0.07076	0.01129	0.08675	0.05735	0.00254	0.45828	0.03057	0.00285	0.00520
15	0.00598	0.00439	0.00564	0.00648	0.00706	0.00405	0.00453	0.00706	0.00984	0.01294	0.08500	0.60933	0.14485	0.01407	0.00603	0.00188	0.00279	0.05962	0.00449	0.00398
16	0.00594	0.00425	0.00565	0.00658	0.00696	0.00396	0.00445	0.00694	0.00968	0.01304	0.11982	0.73303	0.03324	0.01435	0.00604	0.00189	0.00271	0.01299	0.00454	0.00396
17	0.01038	0.36388	0.24891	0.00953	0.01360	0.03478	0.01017	0.01310	0.01014	0.01325	0.08175	0.08944	0.01273	0.00761	0.04665	0.00167	0.00569	0.01817	0.00263	0.00590
18	0.00680	0.00466	0.00517	0.00517	0.00535	0.00457	0.00298	0.00694	0.00740	0.00968	0.01886	0.03295	0.10655	0.73864	0.02220	0.00429	0.00438	0.00731	0.00307	0.00303
19	0.00592	0.00425	0.00546	0.00639	0.00674	0.00396	0.00423	0.00670	0.00907	0.01198	0.02687	0.69785	0.08543	0.09146	0.00778	0.00217	0.00292	0.01271	0.00429	0.00380
20	0.00683	0.00512	0.00768	0.00768	0.00853	0.00597	0.00597	0.00853	0.00768	0.01110	0.01280	0.01878	0.01195	0.03585	0.81308	0.00768	0.01280	0.00512	0.00256	0.00427
21	0.01486	0.01443	0.01242	0.01067	0.01331	0.25546	0.00837	0.23002	0.22649	0.01969	0.08608	0.01454	0.01264	0.00622	0.00537	0.00147	0.05266	0.00463	0.00399	0.00668

[dist]
# distance from previous block
# <min> <max>
4	8

[block]
# block no. 5 follows, 53 sequences, length 19
# corresponding to MSA columns:
# 819-826,831-841
name=unknown_F
#
# <colnr> <probs for GDERKNQSTAVLIFYWHMCP>
#	G	D	E	R	K	N	Q	S	T	A	V	L	I	F	Y	W	H	M	C	P
0	0.18613	0.04364	0.06368	0.12107	0.01563	0.11559	0.00902	0.16656	0.10724	0.03306	0.05028	0.01234	0.00948	0.00551	0.00480	0.00148	0.04078	0.00403	0.00340	0.00629
1	0.01013	0.13525	0.65144	0.01328	0.01980	0.01223	0.06402	0.01503	0.01011	0.01461	0.00838	0.00993	0.00614	0.00445	0.00441	0.00145	0.00686	0.00353	0.00205	0.00690
2	0.00637	0.00470	0.00600	0.00648	0.00729	0.00444	0.00476	0.00775	0.01034	0.01374	0.18266	0.32720	0.16403	0.06619	0.05946	0.00238	0.00360	0.11416	0.00438	0.00407
3	0.01240	0.27433	0.13092	0.01150	0.05424	0.12691	0.03166	0.03225	0.11656	0.01407	0.01027	0.01147	0.02551	0.00533	0.00532	0.00138	0.09419	0.00377	0.03161	0.00630
4	0.06461	0.12929	0.10490	0.07564	0.01509	0.02833	0.03822	0.14141	0.01157	0.01657	0.00897	0.01106	0.00729	0.00814	0.09308	0.00198	0.05911	0.00366	0.00280	0.17827
5	0.00612	0.00448	0.00580	0.00663	0.00725	0.00416	0.00474	0.00730	0.01002	0.01322	0.10403	0.56000	0.12856	0.01390	0.00606	0.00189	0.00288	0.10443	0.00451	0.00403
6	0.01043	0.01087	0.01795	0.21962	0.07612	0.06098	0.24795	0.01317	0.01038	0.01384	0.07662	0.01510	0.03683	0.00587	0.00719	0.00165	0.16196	0.00516	0.00259	0.00570
7	0.01080	0.19535	0.59172	0.01231	0.01854	0.01299	0.01511	0.06370	0.01079	0.01526	0.00835	0.00967	0.00620	0.00452	0.00424	0.00140	0.00654	0.00337	0.00220	0.00693
8	0.00597	0.00432	0.00570	0.00667	0.00709	0.00397	0.00448	0.00685	0.00918	0.01232	0.02569	0.79908	0.03072	0.01456	0.00601	0.00190	0.00280	0.01320	0.00438	0.03511
9	0.00639	0.00453	0.00536	0.00568	0.00609	0.00430	0.00362	0.00701	0.00874	0.01152	0.08706	0.28742	0.13482	0.38949	0.01437	0.00310	0.00354	0.00964	0.00380	0.00350
10	0.01271	0.09686	0.30766	0.01190	0.05563	0.06105	0.03331	0.01681	0.07456	0.17139	0.01322	0.10113	0.01081	0.00606	0.00467	0.00149	0.00560	0.00501	0.00335	0.00679
11	0.00598	0.00428	0.00571	0.00670	0.00708	0.00400	0.00458	0.00699	0.00959	0.01286	0.08908	0.73089	0.03253	0.01448	0.00608	0.00192	0.00280	0.04601	0.00450	0.00396
12	0.00582	0.00416	0.00555	0.00666	0.00693	0.00388	0.00444	0.00666	0.00915	0.01220	0.02634	0.82891	0.03161	0.01497	0.00610	0.00194	0.00277	0.01359	0.00444	0.00388
13	0.08032	0.05738	0.21303	0.01685	0.02202	0.01209	0.49806	0.01512	0.01066	0.01556	0.00901	0.01154	0.00674	0.00419	0.00503	0.00155	0.00732	0.00473	0.00235	0.00648
14	0.00565	0.00484	0.00484	0.00484	0.00646	0.00403	0.00363	0.00686	0.01089	0.01291	0.04842	0.04600	0.80027	0.01210	0.00565	0.00161	0.00242	0.01009	0.00444	0.00403
15	0.01220	0.07848	0.01904	0.10995	0.55749	0.04056	0.03500	0.06249	0.01147	0.01565	0.00886	0.01148	0.00730	0.00441	0.00462	0.00141	0.00585	0.00412	0.00247	0.00714
16	0.01669	0.01211	0.01321	0.01023	0.01397	0.01298	0.00837	0.55880	0.10766	0.07751	0.01250	0.01232	0.00897	0.00557	0.00464	0.00137	0.00481	0.00429	0.00463	0.10935
17	0.04908	0.39108	0.27217	0.01020	0.01509	0.04466	0.01109	0.06550	0.01105	0.07765	0.00858	0.00942	0.00665	0.00453	0.00383	0.00127	0.00573	0.00318	0.00258	0.00666
18	0.00840	0.00821	0.05781	0.00813	0.00992	0.05650	0.03989	0.05367	0.06105	0.01547	0.17500	0.25757	0.14490	0.03368	0.00610	0.00176	0.00382	0.04897	0.00424	0.00491

[dist]
# distance from previous block
# <min> <max>
0	1

[block]
# block no. 6 follows, 53 sequences, length 9
# corresponding to MSA columns:
# 843-851
name=unknown_G
#
# <colnr> <probs for GDERKNQSTAVLIFYWHMCP>
#	G	D	E	R	K	N	Q	S	T	A	V	L	I	F	Y	W	H	M	C	P
0	0.00885	0.06920	0.00787	0.00641	0.00690	0.00589	0.00445	0.04354	0.00740	0.00974	0.00962	0.01708	0.00987	0.17230	0.01790	0.58883	0.00437	0.00457	0.00236	0.00283
1	0.07545	0.16572	0.25237	0.04424	0.20607	0.05445	0.10761	0.01492	0.01037	0.01476	0.00825	0.01025	0.00653	0.00435	0.00433	0.00140	0.00630	0.00372	0.00225	0.00666
2	0.01356	0.01271	0.05846	0.10142	0.07726	0.08095	0.00958	0.26001	0.13937	0.02015	0.01113	0.01203	0.00843	0.00508	0.00450	0.00133	0.00524	0.00404	0.00358	0.17118
3	0.14489	0.01298	0.01304	0.01120	0.03816	0.16186	0.06832	0.14219	0.20132	0.06732	0.01178	0.01220	0.00888	0.00538	0.00484	0.00145	0.03573	0.00413	0.00370	0.05061
4	0.01184	0.14847	0.08027	0.02964	0.11574	0.03580	0.11809	0.11732	0.06086	0.01639	0.01148	0.08056	0.01022	0.00583	0.00494	0.00142	0.02815	0.03128	0.00305	0.08865
5	0.06559	0.03894	0.17122	0.03089	0.01481	0.01050	0.05366	0.11977	0.09400	0.06291	0.05182	0.01307	0.01003	0.00631	0.03296	0.00159	0.04727	0.00418	0.00334	0.16715
6	0.01245	0.07133	0.11591	0.07449	0.06154	0.01100	0.15518	0.11219	0.04688	0.09582	0.01109	0.01276	0.00836	0.00648	0.04640	0.00173	0.02707	0.00436	0.05192	0.07304
7	0.07457	0.05455	0.08679	0.02379	0.06201	0.05293	0.09766	0.11256	0.13588	0.07056	0.01292	0.03035	0.03653	0.00693	0.03581	0.00175	0.06914	0.00469	0.00342	0.02716
8	0.04744	0.09600	0.07406	0.01090	0.04966	0.01069	0.08466	0.19207	0.01374	0.16697	0.05162	0.06483	0.01170	0.00587	0.00458	0.00140	0.00483	0.00495	0.04848	0.05554

[dist]
# distance from previous block
# <min> <max>
17	194

[block]
# block no. 7 follows, 53 sequences, length 23
# corresponding to MSA columns:
# 1102-1124
name=unknown_H
#
# <colnr> <probs for GDERKNQSTAVLIFYWHMCP>
#	G	D	E	R	K	N	Q	S	T	A	V	L	I	F	Y	W	H	M	C	P
0	0.08215	0.14521	0.12866	0.00984	0.01353	0.09503	0.04461	0.18078	0.01319	0.03825	0.05201	0.03429	0.01007	0.00538	0.00420	0.00132	0.00522	0.00415	0.08607	0.04602
1	0.10241	0.06819	0.05272	0.10736	0.01552	0.15130	0.02970	0.22056	0.05185	0.01920	0.07538	0.01375	0.02771	0.00563	0.00444	0.00141	0.00547	0.00433	0.03684	0.00624
2	0.03307	0.01124	0.02416	0.12708	0.05820	0.14930	0.00836	0.10794	0.07302	0.04864	0.05028	0.04048	0.14242	0.02578	0.00560	0.00154	0.03164	0.00550	0.00354	0.05219
3	0.01218	0.03362	0.16376	0.04894	0.01506	0.07383	0.05243	0.15784	0.05553	0.07005	0.03381	0.07696	0.08841	0.00685	0.00523	0.00151	0.03082	0.02160	0.00359	0.04798
4	0.06091	0.03379	0.03079	0.08332	0.04104	0.13262	0.08713	0.12360	0.05262	0.04921	0.03066	0.03627	0.05311	0.00563	0.00456	0.00135	0.00540	0.01432	0.00334	0.15032
5	0.06444	0.03357	0.12425	0.07879	0.08041	0.11199	0.00963	0.07227	0.01163	0.09373	0.02857	0.05660	0.00942	0.00537	0.00462	0.00132	0.02402	0.00424	0.00314	0.18198
6	0.10576	0.01187	0.04731	0.43241	0.02467	0.11653	0.08382	0.05140	0.05406	0.01486	0.00901	0.01178	0.00682	0.00482	0.00459	0.00153	0.00636	0.00408	0.00256	0.00576
7	0.05419	0.01166	0.01387	0.44739	0.02418	0.15540	0.04137	0.10071	0.01171	0.01473	0.01021	0.03277	0.03159	0.00543	0.00495	0.00153	0.02560	0.00442	0.00267	0.00563
8	0.05420	0.01074	0.01306	0.44668	0.02358	0.09173	0.01070	0.17012	0.03677	0.01655	0.01231	0.01454	0.06797	0.00559	0.00471	0.00152	0.00586	0.00454	0.00300	0.00587
9	0.09798	0.16012	0.01495	0.06998	0.01469	0.05720	0.00851	0.38984	0.03722	0.02221	0.03405	0.01121	0.00851	0.00523	0.00424	0.00134	0.00513	0.00384	0.00371	0.05006
10	0.06481	0.01246	0.01329	0.01042	0.01398	0.01377	0.00854	0.64991	0.06078	0.04980	0.01245	0.04604	0.00939	0.00610	0.00474	0.00147	0.00496	0.00467	0.00470	0.00776
11	0.01233	0.00974	0.01044	0.00867	0.01144	0.04293	0.00679	0.33249	0.01524	0.02056	0.03760	0.22042	0.05634	0.00802	0.00490	0.00141	0.00418	0.00671	0.00418	0.18559
12	0.01577	0.22561	0.01592	0.01082	0.01363	0.54712	0.00864	0.01742	0.03199	0.01206	0.03423	0.01041	0.02715	0.00509	0.00409	0.00121	0.00726	0.00336	0.00256	0.00567
13	0.00991	0.00850	0.00991	0.00708	0.01133	0.00637	0.00566	0.01203	0.00991	0.01557	0.00850	0.00991	0.00708	0.00354	0.00354	0.00071	0.00354	0.00283	0.00283	0.86124
14	0.00676	0.00489	0.00639	0.00601	0.00714	0.00451	0.00451	0.00902	0.01353	0.01917	0.79969	0.03570	0.04510	0.00977	0.00564	0.00150	0.00225	0.00864	0.00526	0.00451
15	0.01785	0.02278	0.01354	0.01231	0.01478	0.81284	0.00924	0.01909	0.01354	0.01170	0.00739	0.00862	0.00616	0.00493	0.00431	0.00123	0.00862	0.00308	0.00246	0.00554
16	0.00582	0.00416	0.00555	0.00666	0.00693	0.00388	0.00444	0.00666	0.00915	0.01220	0.02634	0.82891	0.03161	0.01497	0.00610	0.00194	0.00277	0.01359	0.00444	0.00388
17	0.01760	0.01300	0.01391	0.01077	0.01446	0.01441	0.00886	0.72531	0.06479	0.02926	0.01202	0.01198	0.00859	0.00577	0.00475	0.00144	0.00510	0.00437	0.02561	0.00801
18	0.00590	0.00433	0.00555	0.00635	0.00689	0.00397	0.00434	0.00694	0.00985	0.01305	0.11281	0.64200	0.13237	0.01404	0.00599	0.00185	0.00267	0.01260	0.00453	0.00397
19	0.10334	0.13053	0.05769	0.01025	0.01345	0.33768	0.00859	0.09272	0.05529	0.09230	0.04763	0.01130	0.00912	0.00523	0.00420	0.00132	0.00620	0.00366	0.00326	0.00623
20	0.01202	0.01089	0.01270	0.10892	0.09671	0.08748	0.04135	0.15448	0.20242	0.01789	0.01623	0.12103	0.05651	0.00699	0.00497	0.00154	0.00498	0.00598	0.00379	0.03313
21	0.15072	0.03771	0.01452	0.16552	0.22620	0.13884	0.02825	0.01508	0.04230	0.02899	0.00866	0.01085	0.00695	0.00472	0.00473	0.00141	0.04005	0.00373	0.00261	0.06816
22	0.06127	0.03526	0.05214	0.07075	0.02977	0.11629	0.08374	0.17518	0.21914	0.06607	0.01262	0.01309	0.00936	0.00540	0.00463	0.00147	0.00551	0.00441	0.02699	0.00690

[dist]
# distance from previous block
# <min> <max>
52	184

[block]
# block no. 8 follows, 53 sequences, length 8
# corresponding to MSA columns:
# 1425-1432
name=unknown_I
#
# <colnr> <probs for GDERKNQSTAVLIFYWHMCP>
#	G	D	E	R	K	N	Q	S	T	A	V	L	I	F	Y	W	H	M	C	P
0	0.01224	0.01109	0.01160	0.00957	0.01254	0.14568	0.06128	0.10732	0.07990	0.05324	0.01380	0.17704	0.01290	0.00676	0.00466	0.00131	0.00482	0.00574	0.00362	0.26488
1	0.04723	0.01262	0.11702	0.00948	0.01296	0.08107	0.00839	0.26037	0.01433	0.05372	0.01521	0.13279	0.06787	0.00693	0.00470	0.00140	0.00485	0.00559	0.00380	0.13967
2	0.01224	0.00867	0.01024	0.00769	0.01163	0.00722	0.00616	0.01583	0.11519	0.15735	0.01181	0.01210	0.00893	0.00436	0.00394	0.00097	0.00367	0.00353	0.00365	0.59482
3	0.01131	0.18803	0.47790	0.01311	0.01900	0.01256	0.12710	0.01556	0.01044	0.06903	0.00905	0.01043	0.00665	0.00447	0.00442	0.00142	0.00660	0.00373	0.00235	0.00686
4	0.01559	0.07120	0.01377	0.11906	0.04773	0.29944	0.00899	0.07247	0.01277	0.15566	0.01005	0.01099	0.00753	0.00485	0.00431	0.00126	0.00616	0.00361	0.00322	0.13133
5	0.00716	0.00553	0.00775	0.00741	0.00875	0.00581	0.00573	0.00885	0.00824	0.01190	0.01451	0.07629	0.04298	0.02872	0.60616	0.00602	0.01033	0.00558	0.00281	0.12947
6	0.00640	0.00486	0.00592	0.00588	0.00710	0.00438	0.00445	0.00822	0.01219	0.01631	0.44697	0.09727	0.28611	0.01114	0.00574	0.00162	0.00250	0.06375	0.00488	0.00430
7	0.00648	0.00478	0.00605	0.00593	0.00701	0.00436	0.00437	0.00839	0.01256	0.01732	0.58667	0.14309	0.15366	0.01081	0.00570	0.00158	0.00235	0.00951	0.00503	0.00436

[dist]
# distance from previous block
# <min> <max>
0	5

[block]
# block no. 9 follows, 53 sequences, length 13
# corresponding to MSA columns:
# 1439-1451
name=unknown_J
#
# <colnr> <probs for GDERKNQSTAVLIFYWHMCP>
#	G	D	E	R	K	N	Q	S	T	A	V	L	I	F	Y	W	H	M	C	P
0	0.00921	0.00866	0.01404	0.69420	0.02966	0.01065	0.01249	0.01214	0.00939	0.01239	0.00831	0.01235	0.00641	0.00499	0.00561	0.00157	0.07507	0.00414	0.00217	0.06652
1	0.01139	0.01091	0.01861	0.15266	0.68230	0.01124	0.01445	0.01429	0.01068	0.01508	0.00891	0.01197	0.00738	0.00434	0.00474	0.00145	0.00579	0.00426	0.00233	0.00722
2	0.00964	0.00930	0.01627	0.63416	0.14782	0.01085	0.07856	0.01284	0.00990	0.01298	0.00867	0.01262	0.00663	0.00464	0.00484	0.00157	0.00641	0.00437	0.00218	0.00575
3	0.00920	0.00884	0.01543	0.75754	0.03229	0.01073	0.07400	0.01246	0.00969	0.01246	0.00859	0.01275	0.00644	0.00472	0.00485	0.00159	0.00650	0.00436	0.00215	0.00540
4	0.00991	0.00850	0.00991	0.00708	0.01133	0.00637	0.00566	0.01203	0.00991	0.01557	0.00850	0.00991	0.00708	0.00354	0.00354	0.00071	0.00354	0.00283	0.00283	0.86124
5	0.86579	0.00924	0.00702	0.00629	0.00924	0.01072	0.00518	0.01405	0.00813	0.02144	0.00666	0.00776	0.00518	0.00444	0.00296	0.00148	0.00370	0.00259	0.00296	0.00518
6	0.00695	0.00463	0.00521	0.00521	0.00521	0.00463	0.00290	0.00695	0.00695	0.00927	0.01506	0.03128	0.01738	0.83203	0.02433	0.00463	0.00463	0.00695	0.00290	0.00290
7	0.01035	0.01028	0.01505	0.01268	0.01325	0.01372	0.07096	0.01232	0.04829	0.01221	0.00766	0.01158	0.00716	0.00976	0.06752	0.00240	0.66271	0.00442	0.00229	0.00538
8	0.01696	0.02068	0.01353	0.01214	0.01448	0.66851	0.00924	0.05559	0.05378	0.01299	0.00812	0.00938	0.00670	0.00532	0.00528	0.00133	0.07421	0.00335	0.00267	0.00574
9	0.01662	0.01095	0.01237	0.00959	0.01331	0.01123	0.00783	0.37876	0.12424	0.19885	0.01370	0.01315	0.00966	0.00550	0.00458	0.00134	0.00450	0.00431	0.00471	0.15481
10	0.01070	0.00927	0.01184	0.00852	0.01278	0.00755	0.07267	0.07504	0.01105	0.01673	0.00884	0.01029	0.00718	0.00376	0.00382	0.00084	0.00407	0.00319	0.00295	0.71893
11	0.01963	0.01073	0.01217	0.00955	0.01314	0.06087	0.00780	0.24430	0.06823	0.47790	0.01603	0.01450	0.01058	0.00584	0.00477	0.00146	0.00468	0.00459	0.00530	0.00793
12	0.06829	0.08273	0.02477	0.01722	0.02124	0.01291	0.56647	0.01465	0.01043	0.01488	0.00877	0.01179	0.00689	0.00462	0.00654	0.00161	0.11265	0.00498	0.00238	0.00618

[dist]
# distance from previous block
# <min> <max>
0	1

[block]
# block no. 10 follows, 53 sequences, length 6
# corresponding to MSA columns:
# 1453-1458
name=unknown_K
#
# <colnr> <probs for GDERKNQSTAVLIFYWHMCP>
#	G	D	E	R	K	N	Q	S	T	A	V	L	I	F	Y	W	H	M	C	P
0	0.01036	0.00963	0.01415	0.01143	0.06678	0.00841	0.16493	0.01420	0.10124	0.01592	0.01176	0.01312	0.04226	0.00440	0.00429	0.00108	0.00458	0.00411	0.00302	0.49430
1	0.01366	0.00838	0.01029	0.00754	0.01161	0.00658	0.00611	0.01569	0.01113	0.27202	0.01186	0.01197	0.00862	0.00431	0.00395	0.00096	0.00371	0.00347	0.00383	0.58429
2	0.00695	0.00463	0.00521	0.00521	0.00521	0.00463	0.00290	0.00695	0.00695	0.00927	0.01506	0.03128	0.01738	0.83203	0.02433	0.00463	0.00463	0.00695	0.00290	0.00290
3	0.00917	0.00594	0.00750	0.00677	0.00840	0.00572	0.00519	0.01275	0.10878	0.11466	0.60971	0.03116	0.03734	0.00890	0.00544	0.00151	0.00266	0.00778	0.00529	0.00532
4	0.01318	0.01043	0.01167	0.00863	0.01271	0.00972	0.00702	0.31890	0.01489	0.02134	0.00968	0.01053	0.00750	0.00441	0.00403	0.00100	0.00422	0.00341	0.00360	0.52312
5	0.00871	0.00607	0.00717	0.00675	0.00761	0.00645	0.00473	0.12562	0.00984	0.01353	0.01489	0.05594	0.01552	0.43999	0.18167	0.00441	0.00622	0.03505	0.04570	0.00414

[dist]
# distance from previous block
# <min> <max>
0	1

[block]
# block no. 11 follows, 53 sequences, length 7
# corresponding to MSA columns:
# 1460-1466
name=unknown_L
#
# <colnr> <probs for GDERKNQSTAVLIFYWHMCP>
#	G	D	E	R	K	N	Q	S	T	A	V	L	I	F	Y	W	H	M	C	P
0	0.00918	0.00786	0.01123	0.03341	0.01223	0.00694	0.11460	0.04893	0.01047	0.01503	0.07099	0.15261	0.01539	0.11369	0.00722	0.00167	0.00426	0.00611	0.00331	0.35489
1	0.09565	0.05932	0.06397	0.01097	0.01400	0.03158	0.04580	0.36936	0.01516	0.02149	0.01054	0.07090	0.00891	0.00650	0.00659	0.00158	0.15268	0.00469	0.00360	0.00669
2	0.01020	0.10830	0.06834	0.05573	0.01209	0.07519	0.00756	0.09092	0.03686	0.01380	0.01228	0.07598	0.01173	0.13386	0.22161	0.00351	0.00730	0.00519	0.00293	0.04661
3	0.00780	0.09765	0.18348	0.00822	0.01094	0.00739	0.00792	0.01004	0.01007	0.01355	0.06061	0.30004	0.13619	0.01001	0.00522	0.00162	0.00405	0.06302	0.00359	0.05859
4	0.01087	0.22279	0.11634	0.10540	0.01412	0.01085	0.00856	0.01429	0.10249	0.09120	0.01520	0.09605	0.05764	0.10618	0.00686	0.00183	0.00481	0.00549	0.00324	0.00579
5	0.01075	0.20693	0.16097	0.06923	0.01491	0.01076	0.05762	0.03391	0.01032	0.05866	0.01265	0.05364	0.05851	0.06467	0.00569	0.00151	0.00510	0.00460	0.00283	0.15675
6	0.03259	0.01122	0.13567	0.27085	0.01969	0.00993	0.01064	0.11660	0.06069	0.04717	0.01395	0.06373	0.05051	0.00644	0.00505	0.00155	0.02115	0.04888	0.00324	0.07045

[dist]
# distance from previous block
# <min> <max>
16	60

[block]
# block no. 12 follows, 53 sequences, length 6
# corresponding to MSA columns:
# 1548-1553
name=unknown_M
#
# <colnr> <probs for GDERKNQSTAVLIFYWHMCP>
#	G	D	E	R	K	N	Q	S	T	A	V	L	I	F	Y	W	H	M	C	P
0	0.01132	0.01041	0.01266	0.20450	0.17293	0.10236	0.00968	0.12526	0.01279	0.01667	0.10058	0.01839	0.10189	0.00622	0.00480	0.00144	0.00514	0.00524	0.04768	0.03007
1	0.07006	0.01143	0.10327	0.05212	0.01346	0.08089	0.02672	0.08902	0.01030	0.01468	0.01094	0.01434	0.03466	0.03307	0.23763	0.00338	0.14294	0.00441	0.00272	0.04397
2	0.00903	0.00850	0.01434	0.82054	0.03292	0.01062	0.01327	0.01221	0.00956	0.01221	0.00850	0.01274	0.00637	0.00478	0.00478	0.00159	0.00637	0.00425	0.00212	0.00531
3	0.01158	0.01065	0.10316	0.00896	0.01274	0.00841	0.00805	0.01388	0.01002	0.12571	0.00958	0.01092	0.00749	0.00481	0.00589	0.00114	0.14286	0.00342	0.00305	0.49766
4	0.01045	0.09155	0.01481	0.01163	0.10467	0.00890	0.11112	0.01286	0.01026	0.01502	0.00970	0.01338	0.00849	0.00442	0.00412	0.00105	0.00461	0.05684	0.00275	0.50338
5	0.01726	0.01285	0.01386	0.01057	0.01444	0.01390	0.00871	0.70137	0.02110	0.02853	0.01115	0.01130	0.00801	0.00550	0.00465	0.00135	0.00507	0.00414	0.00457	0.10168

[dist]
# distance from previous block
# <min> <max>
7	49

[block]
# block no. 13 follows, 53 sequences, length 9
# corresponding to MSA columns:
# 1609-1617
name=unknown_N
#
# <colnr> <probs for GDERKNQSTAVLIFYWHMCP>
#	G	D	E	R	K	N	Q	S	T	A	V	L	I	F	Y	W	H	M	C	P
0	0.06990	0.00712	0.00887	0.00897	0.06548	0.00689	0.00626	0.10140	0.01183	0.13681	0.05686	0.33997	0.06143	0.00973	0.00521	0.00162	0.00358	0.02301	0.00437	0.07070
1	0.01110	0.00785	0.00798	0.00694	0.00918	0.08675	0.00523	0.01279	0.01052	0.12002	0.01517	0.16114	0.01391	0.04789	0.00523	0.00139	0.00369	0.00569	0.22911	0.23842
2	0.01028	0.00929	0.01520	0.06017	0.01622	0.00872	0.25067	0.08773	0.01187	0.03116	0.01787	0.05116	0.12598	0.00688	0.00519	0.00149	0.00522	0.10038	0.00339	0.18113
3	0.07474	0.01031	0.01318	0.01029	0.01360	0.01075	0.07147	0.19073	0.09876	0.25325	0.01315	0.01316	0.00933	0.00569	0.00582	0.00148	0.09531	0.00439	0.00430	0.10030
4	0.11548	0.01068	0.01490	0.13706	0.01790	0.04805	0.17056	0.13758	0.06095	0.16057	0.01275	0.07051	0.00996	0.00577	0.00482	0.00155	0.00551	0.00513	0.00374	0.00653
5	0.08065	0.00702	0.00969	0.04614	0.01145	0.00669	0.06114	0.01260	0.01079	0.15076	0.13574	0.07701	0.03278	0.07223	0.05490	0.00214	0.00458	0.10492	0.00400	0.11478
6	0.14897	0.03780	0.01163	0.00908	0.01226	0.12808	0.04637	0.15053	0.01282	0.08554	0.02769	0.07959	0.04706	0.00598	0.00433	0.00132	0.00480	0.00472	0.00361	0.17784
7	0.15095	0.06747	0.01204	0.00952	0.04858	0.09410	0.03401	0.06034	0.01110	0.06811	0.04951	0.01188	0.00926	0.00498	0.00466	0.00123	0.05791	0.00368	0.06368	0.23700
8	0.07732	0.12438	0.01132	0.00795	0.01060	0.00920	0.01997	0.10679	0.06680	0.06547	0.01669	0.26013	0.04275	0.00808	0.00464	0.00143	0.00384	0.00682	0.00384	0.15196

[dist]
# distance from previous block
# <min> <max>
2	63

[block]
# block no. 14 follows, 53 sequences, length 70
# corresponding to MSA columns:
# 1691-1760
name=unknown_O
#
# <colnr> <probs for GDERKNQSTAVLIFYWHMCP>
#	G	D	E	R	K	N	Q	S	T	A	V	L	I	F	Y	W	H	M	C	P
0	0.15163	0.07614	0.07988	0.01041	0.05245	0.01211	0.00863	0.17252	0.24798	0.09313	0.01293	0.01278	0.00954	0.00539	0.00432	0.00145	0.00456	0.00415	0.00398	0.03605
1	0.14408	0.19012	0.11094	0.01371	0.12313	0.04541	0.13326	0.06732	0.04811	0.03286	0.00969	0.04362	0.00804	0.00495	0.00427	0.00141	0.00564	0.00417	0.00280	0.00647
2	0.16607	0.23801	0.04558	0.01039	0.01408	0.05015	0.12915	0.16538	0.01248	0.03303	0.01091	0.03705	0.03984	0.00525	0.00413	0.00137	0.00531	0.00418	0.02137	0.00625
3	0.04646	0.01055	0.01090	0.00902	0.02706	0.08659	0.00707	0.20760	0.03466	0.08793	0.08990	0.01567	0.01267	0.00567	0.00440	0.00123	0.00442	0.03725	0.03869	0.26226
4	0.16168	0.01001	0.01038	0.02628	0.01195	0.05920	0.02297	0.15584	0.04153	0.01898	0.03806	0.06585	0.02486	0.00561	0.00433	0.00125	0.01944	0.00438	0.03026	0.28711
5	0.09416	0.01079	0.01511	0.01935	0.42072	0.02757	0.01094	0.06260	0.07423	0.01723	0.03429	0.01224	0.00895	0.00486	0.00503	0.00138	0.04943	0.00411	0.00292	0.12410
6	0.04144	0.01192	0.01531	0.01189	0.01532	0.05667	0.16574	0.29165	0.11520	0.08955	0.01400	0.01448	0.04627	0.00578	0.00530	0.00150	0.03866	0.00488	0.03236	0.02208
7	0.13556	0.01097	0.01135	0.00957	0.01250	0.10493	0.05383	0.06118	0.27416	0.13118	0.08257	0.03066	0.01372	0.00606	0.00460	0.00148	0.00456	0.00492	0.00425	0.04196
8	0.01227	0.01004	0.01398	0.01026	0.01442	0.00895	0.14806	0.11956	0.06134	0.07664	0.01057	0.01164	0.00808	0.00429	0.00427	0.00109	0.00465	0.00385	0.00338	0.47266
9	0.03511	0.00565	0.00702	0.00639	0.00788	0.00537	0.00488	0.05123	0.01359	0.06769	0.62450	0.05371	0.07975	0.00941	0.00547	0.00151	0.00259	0.00819	0.00514	0.00490
10	0.00912	0.00859	0.01451	0.79366	0.05905	0.01064	0.01332	0.01230	0.00960	0.01233	0.00851	0.01271	0.00641	0.00476	0.00478	0.00159	0.00635	0.00425	0.00213	0.00539
11	0.00970	0.05292	0.78004	0.01343	0.02039	0.01137	0.01733	0.01511	0.01008	0.01500	0.00851	0.01001	0.00606	0.00453	0.00449	0.00150	0.00700	0.00350	0.00202	0.00703
12	0.00683	0.00512	0.00768	0.00768	0.00853	0.00597	0.00597	0.00853	0.00768	0.01110	0.01280	0.01878	0.01195	0.03585	0.81308	0.00768	0.01280	0.00512	0.00256	0.00427
13	0.00919	0.00866	0.01463	0.77498	0.07722	0.01066	0.01335	0.01235	0.00963	0.01241	0.00852	0.01269	0.00644	0.00475	0.00478	0.00158	0.00633	0.00425	0.00214	0.00544
14	0.00891	0.00445	0.00445	0.00445	0.00557	0.00445	0.00334	0.01114	0.01002	0.01782	0.01559	0.01782	0.01225	0.00557	0.00334	0.00111	0.00223	0.00445	0.85856	0.00445
15	0.01222	0.03505	0.43931	0.01253	0.01796	0.01234	0.04506	0.20933	0.13402	0.01956	0.01098	0.01170	0.00794	0.00511	0.00467	0.00150	0.00611	0.00408	0.00316	0.00736
16	0.00683	0.00512	0.00768	0.00768	0.00853	0.00597	0.00597	0.00853	0.00768	0.01110	0.01280	0.01878	0.01195	0.03585	0.81308	0.00768	0.01280	0.00512	0.00256	0.00427
17	0.00891	0.00445	0.00445	0.00445	0.00557	0.00445	0.00334	0.01114	0.01002	0.01782	0.01559	0.01782	0.01225	0.00557	0.00334	0.00111	0.00223	0.00445	0.85856	0.00445
18	0.86579	0.00924	0.00702	0.00629	0.00924	0.01072	0.00518	0.01405	0.00813	0.02144	0.00666	0.00776	0.00518	0.00444	0.00296	0.00148	0.00370	0.00259	0.00296	0.00518
19	0.01183	0.01136	0.01940	0.02934	0.80221	0.01136	0.01467	0.01467	0.01088	0.01562	0.00899	0.01183	0.00757	0.00426	0.00473	0.00142	0.00568	0.00426	0.00237	0.00757
20	0.01132	0.01272	0.02708	0.01948	0.02417	0.01207	0.73489	0.01596	0.06156	0.01561	0.01030	0.01321	0.00772	0.00419	0.00559	0.00161	0.00778	0.00563	0.00257	0.00652
21	0.00695	0.00463	0.00521	0.00521	0.00521	0.00463	0.00290	0.00695	0.00695	0.00927	0.01506	0.03128	0.01738	0.83203	0.02433	0.00463	0.00463	0.00695	0.00290	0.00290
22	0.86579	0.00924	0.00702	0.00629	0.00924	0.01072	0.00518	0.01405	0.00813	0.02144	0.00666	0.00776	0.00518	0.00444	0.00296	0.00148	0.00370	0.00259	0.00296	0.00518
23	0.00770	0.00550	0.00770	0.00880	0.00990	0.00550	0.00770	0.00990	0.01100	0.01430	0.02531	0.05391	0.02751	0.01320	0.00660	0.00220	0.00440	0.77004	0.00440	0.00440
24	0.01817	0.01339	0.01434	0.01100	0.01482	0.01482	0.00908	0.78627	0.02247	0.03012	0.01148	0.01148	0.00813	0.00574	0.00478	0.00143	0.00526	0.00430	0.00478	0.00813
25	0.00830	0.00415	0.00623	0.00623	0.00623	0.00415	0.00415	0.00623	0.00623	0.00830	0.00830	0.01453	0.00830	0.01660	0.01868	0.86094	0.00415	0.00415	0.00208	0.00208
26	0.01785	0.02278	0.01354	0.01231	0.01478	0.81284	0.00924	0.01909	0.01354	0.01170	0.00739	0.00862	0.00616	0.00493	0.00431	0.00123	0.00862	0.00308	0.00246	0.00554
27	0.00582	0.00416	0.00555	0.00666	0.00693	0.00388	0.00444	0.00666	0.00915	0.01220	0.02634	0.82891	0.03161	0.01497	0.00610	0.00194	0.00277	0.01359	0.00444	0.00388
28	0.01183	0.01136	0.01940	0.02934	0.80221	0.01136	0.01467	0.01467	0.01088	0.01562	0.00899	0.01183	0.00757	0.00426	0.00473	0.00142	0.00568	0.00426	0.00237	0.00757
29	0.01189	0.01027	0.01081	0.00973	0.01243	0.01189	0.00757	0.02540	0.79357	0.01999	0.01945	0.01783	0.01459	0.00648	0.00486	0.00162	0.00378	0.00540	0.00486	0.00757
30	0.01046	0.01046	0.01464	0.01255	0.01255	0.01464	0.01046	0.01150	0.00732	0.01150	0.00627	0.01046	0.00627	0.00837	0.01569	0.00209	0.82328	0.00418	0.00209	0.00523
31	0.00582	0.00416	0.00555	0.00666	0.00693	0.00388	0.00444	0.00666	0.00915	0.01220	0.02634	0.82891	0.03161	0.01497	0.00610	0.00194	0.00277	0.01359	0.00444	0.00388
32	0.00903	0.00850	0.01434	0.82054	0.03292	0.01062	0.01327	0.01221	0.00956	0.01221	0.00850	0.01274	0.00637	0.00478	0.00478	0.00159	0.00637	0.00425	0.00212	0.00531
33	0.00676	0.00489	0.00639	0.00601	0.00714	0.00451	0.00451	0.00902	0.01353	0.01917	0.79969	0.03570	0.04510	0.00977	0.00564	0.00150	0.00225	0.00864	0.00526	0.00451
34	0.01046	0.01046	0.01464	0.01255	0.01255	0.01464	0.01046	0.01150	0.00732	0.01150	0.00627	0.01046	0.00627	0.00837	0.01569	0.00209	0.82328	0.00418	0.00209	0.00523
35	0.01189	0.01027	0.01081	0.00973	0.01243	0.01189	0.00757	0.02540	0.79357	0.01999	0.01945	0.01783	0.01459	0.00648	0.00486	0.00162	0.00378	0.00540	0.00486	0.00757
