[name]
unknown

[dist]
# distance from previous block
# <min> <max>
6	65

[block]
# block no. 0 follows, 52 sequences, length 40
# corresponding to MSA columns:
# 108-147
name=unknown_A
#
# <colnr> <probs for GDERKNQSTAVLIFYWHMCP>
#	G	D	E	R	K	N	Q	S	T	A	V	L	I	F	Y	W	H	M	C	P
0	0.09621	0.02353	0.02284	0.00897	0.01197	0.06329	0.00725	0.14746	0.11476	0.28636	0.04240	0.11583	0.02373	0.00713	0.00483	0.00155	0.00438	0.00578	0.00480	0.00696
1	0.05054	0.00759	0.00990	0.00798	0.01117	0.00676	0.00657	0.02032	0.01298	0.60539	0.02033	0.02045	0.05338	0.00673	0.00483	0.00152	0.00387	0.05648	0.08591	0.00731
2	0.06173	0.01179	0.01335	0.01039	0.01384	0.01285	0.00858	0.48576	0.01829	0.19033	0.01236	0.01231	0.00866	0.00597	0.00576	0.00150	0.08184	0.00432	0.00467	0.03567
3	0.05657	0.01135	0.01429	0.01193	0.01341	0.03457	0.03868	0.16164	0.08469	0.02846	0.00916	0.01169	0.00771	0.00795	0.02988	0.00200	0.46247	0.00436	0.00304	0.00616
4	0.01085	0.02348	0.72978	0.01332	0.02016	0.01086	0.01689	0.01613	0.01057	0.08960	0.00968	0.01082	0.00669	0.00474	0.00463	0.00153	0.00688	0.00370	0.00242	0.00726
5	0.00754	0.08275	0.00724	0.00569	0.00611	0.00605	0.00358	0.00776	0.00744	0.00977	0.01502	0.07075	0.01720	0.69587	0.03497	0.00426	0.00479	0.00695	0.00293	0.00332
6	0.05205	0.01125	0.06562	0.00943	0.01364	0.03461	0.05573	0.11932	0.06192	0.09239	0.01068	0.01144	0.00808	0.00449	0.00416	0.00112	0.00459	0.00365	0.00348	0.43236
7	0.00960	0.00596	0.00755	0.00678	0.00843	0.00566	0.00517	0.01278	0.08668	0.13775	0.56095	0.03144	0.04658	0.04539	0.00635	0.00167	0.00282	0.00781	0.00528	0.00534
8	0.00761	0.00624	0.00994	0.00915	0.01049	0.00665	0.09482	0.00951	0.00900	0.01233	0.01770	0.02769	0.07525	0.08795	0.42918	0.00522	0.03033	0.14338	0.00308	0.00450
9	0.01113	0.01130	0.04950	0.61030	0.02891	0.08668	0.01276	0.10500	0.01165	0.01463	0.00887	0.01225	0.00664	0.00496	0.00479	0.00156	0.00657	0.00417	0.00250	0.00582
10	0.00836	0.00560	0.00756	0.00834	0.00963	0.00547	0.00719	0.01048	0.01124	0.05376	0.02711	0.05038	0.09898	0.01257	0.00637	0.00209	0.00416	0.62376	0.04234	0.00462
11	0.01234	0.01169	0.01766	0.01382	0.01656	0.06605	0.26757	0.13551	0.03983	0.04229	0.05212	0.09031	0.01201	0.00735	0.02048	0.00180	0.17721	0.00589	0.00331	0.00620
12	0.01104	0.01191	0.02304	0.01892	0.11355	0.01245	0.46288	0.01410	0.01037	0.01449	0.01060	0.01381	0.04219	0.00558	0.00816	0.00173	0.21110	0.00538	0.00245	0.00625
13	0.00732	0.00699	0.08214	0.00760	0.00875	0.00617	0.00622	0.00882	0.00790	0.01113	0.01385	0.02413	0.01411	0.31144	0.41069	0.00578	0.02063	0.03946	0.00274	0.00412
14	0.01310	0.67824	0.02331	0.08498	0.01465	0.05326	0.00887	0.05279	0.01065	0.01247	0.00719	0.00849	0.00634	0.00433	0.00342	0.00112	0.00547	0.00286	0.00224	0.00621
15	0.00679	0.00484	0.00617	0.00675	0.00731	0.00467	0.00460	0.04717	0.01036	0.01398	0.12869	0.60298	0.03131	0.09079	0.00780	0.00214	0.00305	0.01198	0.00448	0.00415
16	0.01214	0.01475	0.09008	0.01333	0.01488	0.17993	0.06690	0.01389	0.00929	0.01233	0.00707	0.01036	0.00639	0.00707	0.01170	0.00185	0.51615	0.00405	0.00222	0.00563
17	0.79584	0.00972	0.00753	0.00672	0.00971	0.02452	0.00550	0.02697	0.04575	0.02164	0.00745	0.00843	0.00577	0.00463	0.00314	0.00150	0.00386	0.00280	0.00311	0.00542
18	0.00917	0.04928	0.02286	0.00776	0.00970	0.00682	0.05782	0.01222	0.08070	0.08338	0.36840	0.04458	0.10695	0.08625	0.00725	0.00186	0.00353	0.03170	0.00458	0.00520
19	0.03409	0.00940	0.01200	0.00911	0.01281	0.00867	0.04689	0.08731	0.05090	0.22403	0.01214	0.01257	0.00890	0.00545	0.01726	0.00130	0.05947	0.00393	0.00390	0.37987
20	0.00901	0.00816	0.01144	0.06324	0.01179	0.01064	0.00833	0.01029	0.00817	0.01204	0.08348	0.01770	0.01271	0.13431	0.14852	0.00336	0.43422	0.00525	0.00263	0.00473
21	0.86392	0.00937	0.00712	0.00637	0.00937	0.01087	0.00525	0.01425	0.00825	0.02174	0.00675	0.00787	0.00525	0.00450	0.00300	0.00150	0.00375	0.00262	0.00300	0.00525
22	0.01067	0.00643	0.00624	0.00572	0.00729	0.03402	0.00441	0.11982	0.01206	0.01960	0.01493	0.01684	0.01162	0.00565	0.00363	0.00118	0.00291	0.00445	0.70745	0.00508
23	0.00929	0.00876	0.01479	0.77881	0.07151	0.01080	0.01353	0.01251	0.00976	0.01255	0.00864	0.01287	0.00652	0.00482	0.00484	0.00161	0.00642	0.00431	0.00217	0.00550
24	0.01679	0.01320	0.01293	0.01056	0.01373	0.13238	0.00850	0.43805	0.07213	0.10168	0.05220	0.04305	0.01205	0.00658	0.00511	0.00150	0.01860	0.02908	0.00457	0.00731
25	0.01939	0.01012	0.01215	0.00943	0.01300	0.01011	0.00770	0.30369	0.04627	0.44671	0.01618	0.01554	0.01100	0.04845	0.00589	0.00165	0.00459	0.00482	0.00537	0.00795
26	0.03567	0.01023	0.01192	0.00924	0.01276	0.02389	0.03435	0.26978	0.02847	0.15483	0.02740	0.03461	0.07871	0.00611	0.00492	0.00133	0.02552	0.00487	0.00428	0.22111
27	0.00604	0.00482	0.00530	0.00536	0.00664	0.00420	0.00389	0.00733	0.01106	0.01390	0.17872	0.13551	0.52103	0.06590	0.00702	0.00186	0.00261	0.01017	0.00455	0.00408
28	0.01776	0.01794	0.01428	0.01192	0.01506	0.40065	0.02923	0.37216	0.01774	0.02061	0.00997	0.03166	0.00787	0.00562	0.00467	0.00137	0.00699	0.00404	0.00364	0.00681
29	0.00590	0.00423	0.00561	0.00671	0.00702	0.00394	0.00448	0.00675	0.00932	0.01239	0.02722	0.80886	0.04939	0.01512	0.00617	0.00196	0.00280	0.01370	0.00450	0.00394
30	0.00984	0.05552	0.77520	0.01360	0.02065	0.01155	0.01754	0.01532	0.01022	0.01520	0.00862	0.01014	0.00614	0.00459	0.00455	0.00152	0.00709	0.00354	0.00205	0.00713
31	0.14313	0.00841	0.01065	0.00830	0.01194	0.00766	0.00685	0.02227	0.01306	0.69024	0.01734	0.01525	0.01102	0.00578	0.00460	0.00150	0.00407	0.00455	0.00557	0.00781
32	0.00962	0.00909	0.01539	0.68719	0.16054	0.01089	0.01369	0.01280	0.00991	0.01295	0.00870	0.01277	0.00666	0.00476	0.00484	0.00159	0.00634	0.00431	0.00219	0.00576
33	0.07246	0.01304	0.01386	0.01072	0.01451	0.01441	0.00884	0.68776	0.04149	0.05682	0.01179	0.01173	0.00835	0.00576	0.00473	0.00146	0.00515	0.00430	0.00477	0.00804
34	0.00593	0.00428	0.00562	0.00662	0.00701	0.00397	0.00446	0.00685	0.00955	0.01268	0.05784	0.75277	0.07487	0.01482	0.00614	0.00193	0.00277	0.01339	0.00453	0.00397
35	0.01255	0.01012	0.01178	0.01083	0.05149	0.03175	0.01917	0.19121	0.29077	0.04432	0.02785	0.01702	0.02344	0.01300	0.18187	0.00294	0.03511	0.01387	0.00411	0.00680
36	0.30615	0.01115	0.01085	0.03006	0.01271	0.03342	0.00753	0.21227	0.25989	0.02265	0.01215	0.01231	0.00912	0.00565	0.00461	0.00155	0.03306	0.00408	0.00401	0.00679
37	0.00884	0.00437	0.00645	0.00636	0.00649	0.00433	0.00427	0.00694	0.00660	0.03633	0.00901	0.01533	0.00884	0.04229	0.01863	0.80175	0.00422	0.00432	0.00227	0.00235
38	0.05277	0.01359	0.01497	0.04366	0.01608	0.06794	0.06475	0.58307	0.03832	0.02668	0.02364	0.01198	0.00860	0.00563	0.00482	0.00147	0.00566	0.00440	0.00434	0.00763
39	0.01291	0.01083	0.01144	0.01003	0.01293	0.01245	0.00788	0.12731	0.68776	0.02165	0.01864	0.01722	0.01391	0.00647	0.00492	0.00162	0.00404	0.00533	0.00492	0.00775

[dist]
# distance from previous block
# <min> <max>
0	1

[block]
# block no. 1 follows, 52 sequences, length 12
# corresponding to MSA columns:
# 149-160
name=unknown_B
#
# <colnr> <probs for GDERKNQSTAVLIFYWHMCP>
#	G	D	E	R	K	N	Q	S	T	A	V	L	I	F	Y	W	H	M	C	P
0	0.05369	0.01211	0.01462	0.01118	0.01498	0.01281	0.08210	0.51962	0.01893	0.12869	0.01271	0.04386	0.00941	0.00590	0.00486	0.00147	0.00522	0.00480	0.00461	0.03844
1	0.00915	0.00861	0.01453	0.81804	0.03338	0.01077	0.01346	0.01238	0.00969	0.01238	0.00861	0.01292	0.00646	0.00484	0.00484	0.00161	0.00646	0.00431	0.00215	0.00538
2	0.01065	0.01075	0.01565	0.01318	0.01347	0.01469	0.05613	0.01189	0.00766	0.01189	0.00656	0.01075	0.00642	0.00822	0.01530	0.00209	0.77285	0.00433	0.00214	0.00537
3	0.00890	0.00454	0.00463	0.00461	0.00574	0.00452	0.00346	0.01116	0.01037	0.01815	0.06204	0.01914	0.01439	0.00590	0.00353	0.00115	0.00226	0.00477	0.80621	0.00452
4	0.00665	0.00495	0.00619	0.00588	0.00711	0.00448	0.00441	0.00874	0.01322	0.01826	0.65806	0.03814	0.18530	0.01035	0.00572	0.00154	0.00232	0.00904	0.00518	0.00448
5	0.00664	0.00488	0.00600	0.00590	0.00690	0.00449	0.00427	0.00829	0.01182	0.01608	0.45904	0.09338	0.18028	0.13315	0.00861	0.00208	0.00279	0.03647	0.00473	0.00419
6	0.01671	0.00922	0.01104	0.00906	0.01223	0.00936	0.00728	0.10745	0.26918	0.38205	0.09650	0.01845	0.01588	0.00656	0.00497	0.00154	0.00398	0.00541	0.00545	0.00769
7	0.01041	0.00925	0.01555	0.46399	0.22031	0.01051	0.04073	0.01326	0.01018	0.05306	0.01048	0.06953	0.00885	0.00561	0.00539	0.00161	0.03762	0.00505	0.00258	0.00604
8	0.00888	0.00513	0.00664	0.00683	0.00778	0.00475	0.00484	0.00992	0.01003	0.14187	0.05937	0.42299	0.05914	0.16438	0.00940	0.00238	0.00345	0.06321	0.00449	0.00453
9	0.02842	0.06937	0.13132	0.01362	0.05316	0.02385	0.24452	0.06215	0.04285	0.01558	0.01522	0.21632	0.03170	0.00755	0.00530	0.00164	0.00572	0.02245	0.00323	0.00603
10	0.01332	0.59807	0.05094	0.05002	0.01420	0.12066	0.00917	0.03244	0.01053	0.01210	0.00709	0.00847	0.00628	0.00456	0.00408	0.00117	0.04564	0.00290	0.00220	0.00613
11	0.00625	0.00480	0.00624	0.00667	0.00750	0.00440	0.02680	0.00737	0.00994	0.01285	0.06161	0.46513	0.23057	0.07059	0.00735	0.00206	0.00309	0.05837	0.00436	0.00404

[dist]
# distance from previous block
# <min> <max>
0	2

[block]
# block no. 2 follows, 52 sequences, length 19
# corresponding to MSA columns:
# 163-181
name=unknown_C
#
# <colnr> <probs for GDERKNQSTAVLIFYWHMCP>
#	G	D	E	R	K	N	Q	S	T	A	V	L	I	F	Y	W	H	M	C	P
0	0.01276	0.32540	0.24841	0.01114	0.01569	0.05245	0.03829	0.10794	0.02424	0.03600	0.00904	0.02992	0.00742	0.00515	0.00486	0.00138	0.05689	0.00371	0.00265	0.00668
1	0.01341	0.10298	0.06463	0.03001	0.01787	0.02611	0.22848	0.09267	0.07591	0.01829	0.05827	0.09734	0.02590	0.01955	0.00737	0.00207	0.08143	0.02642	0.00401	0.00728
2	0.00682	0.00470	0.00564	0.00580	0.00600	0.00474	0.00358	0.00720	0.00760	0.01019	0.01782	0.14546	0.04626	0.58394	0.11991	0.00458	0.00539	0.00790	0.00317	0.00330
3	0.01042	0.08534	0.06232	0.23208	0.06733	0.03285	0.13522	0.03853	0.01047	0.01392	0.02145	0.02798	0.01006	0.00809	0.05684	0.00204	0.09619	0.08045	0.00263	0.00579
4	0.01331	0.06152	0.23338	0.04235	0.15622	0.10275	0.05709	0.15306	0.03471	0.04402	0.01005	0.02690	0.00783	0.00519	0.00503	0.00148	0.03090	0.00420	0.00295	0.00706
5	0.00581	0.00482	0.00508	0.00521	0.00664	0.00410	0.00383	0.00704	0.01095	0.01333	0.08479	0.14725	0.65941	0.01253	0.00579	0.00167	0.00249	0.01061	0.00454	0.00410
6	0.01103	0.00904	0.01484	0.41862	0.26495	0.01000	0.01234	0.01387	0.01049	0.08527	0.01090	0.04669	0.00875	0.00526	0.00480	0.00154	0.00562	0.00476	0.05498	0.00624
7	0.03730	0.01460	0.08734	0.04022	0.05865	0.13728	0.12198	0.23083	0.08718	0.06348	0.01173	0.04503	0.00917	0.00571	0.00518	0.00152	0.02749	0.00475	0.00359	0.00698
8	0.10740	0.01172	0.01778	0.06794	0.55405	0.03831	0.04463	0.07120	0.01162	0.01724	0.00898	0.01149	0.00732	0.00449	0.00463	0.00146	0.00574	0.00415	0.00264	0.00721
9	0.02121	0.00910	0.01177	0.00903	0.01280	0.00839	0.00746	0.14496	0.01529	0.67947	0.01792	0.01572	0.01140	0.00597	0.00487	0.00149	0.00432	0.00479	0.00581	0.00825
10	0.82810	0.00934	0.00725	0.00641	0.00946	0.01069	0.00527	0.01416	0.00832	0.02149	0.00683	0.00796	0.00533	0.00446	0.00302	0.00147	0.00374	0.00263	0.00299	0.04108
11	0.25563	0.00874	0.01021	0.00808	0.01163	0.00843	0.00667	0.04668	0.01261	0.55971	0.01543	0.01393	0.00999	0.00558	0.00435	0.00150	0.00406	0.00423	0.00513	0.00741
12	0.00590	0.00422	0.00562	0.00675	0.00703	0.00394	0.00450	0.00675	0.00928	0.01237	0.02671	0.82653	0.03205	0.01518	0.00619	0.00197	0.00281	0.01378	0.00450	0.00394
13	0.00613	0.00464	0.00566	0.00601	0.00695	0.00417	0.00428	0.00751	0.01111	0.01466	0.25955	0.36297	0.26323	0.01277	0.00591	0.00174	0.00255	0.01125	0.00474	0.00417
14	0.00616	0.00469	0.00566	0.00592	0.00694	0.00420	0.00425	0.00760	0.01132	0.01492	0.28602	0.30629	0.29353	0.01248	0.00588	0.00171	0.00252	0.01095	0.00477	0.00420
15	0.00696	0.00560	0.02789	0.02238	0.00854	0.00495	0.00560	0.00911	0.01242	0.01703	0.47691	0.11141	0.11164	0.01102	0.00589	0.00171	0.00296	0.14859	0.00487	0.00453
16	0.00600	0.00431	0.00570	0.00670	0.00710	0.00402	0.00455	0.00697	0.00963	0.01285	0.07176	0.73973	0.05578	0.01475	0.00616	0.00194	0.00281	0.03071	0.00455	0.00399
17	0.01005	0.00861	0.01005	0.00718	0.01148	0.00646	0.00574	0.01220	0.01005	0.01579	0.00861	0.01005	0.00718	0.00359	0.00359	0.00072	0.00359	0.00287	0.00287	0.85932
18	0.01213	0.01559	0.22549	0.08190	0.26463	0.05538	0.10850	0.07675	0.01188	0.03928	0.00943	0.01155	0.00720	0.00457	0.00478	0.00145	0.00644	0.00417	0.00263	0.05627

[dist]
# distance from previous block
# <min> <max>
0	4

[block]
# block no. 3 follows, 52 sequences, length 19
# corresponding to MSA columns:
# 186-204
name=unknown_D
#
# <colnr> <probs for GDERKNQSTAVLIFYWHMCP>
#	G	D	E	R	K	N	Q	S	T	A	V	L	I	F	Y	W	H	M	C	P
0	0.01586	0.13024	0.01449	0.01077	0.04188	0.13580	0.00846	0.21387	0.15958	0.14040	0.01363	0.05825	0.01073	0.00613	0.00479	0.00144	0.01769	0.00473	0.00413	0.00713
1	0.02549	0.06047	0.09573	0.02627	0.10464	0.11762	0.01852	0.20395	0.06753	0.04998	0.04728	0.05968	0.02864	0.00602	0.00469	0.00141	0.00543	0.00485	0.00361	0.06817
2	0.00615	0.00440	0.00592	0.00692	0.00729	0.00423	0.00478	0.00712	0.00922	0.01233	0.02526	0.68865	0.02984	0.04468	0.06471	0.00250	0.00372	0.06403	0.00431	0.00397
3	0.01434	0.04874	0.01324	0.01148	0.05825	0.09378	0.00866	0.24390	0.37775	0.02149	0.01521	0.03229	0.01185	0.00627	0.00482	0.00153	0.00493	0.01965	0.00437	0.00742
4	0.01269	0.15444	0.08248	0.06853	0.04240	0.02878	0.04992	0.09774	0.04316	0.12146	0.03563	0.07437	0.03607	0.02858	0.00531	0.00151	0.01449	0.01985	0.00354	0.07907
5	0.01040	0.15853	0.62467	0.01339	0.04864	0.01260	0.01592	0.01546	0.03058	0.01484	0.00867	0.01009	0.00644	0.00457	0.00437	0.00145	0.00669	0.00349	0.00214	0.00704
6	0.01114	0.08612	0.48512	0.01398	0.04622	0.01143	0.12022	0.01586	0.03170	0.07530	0.01118	0.01324	0.02531	0.00506	0.00476	0.00153	0.00659	0.02566	0.00262	0.00697
7	0.01083	0.01036	0.01770	0.20717	0.50497	0.01095	0.04714	0.01363	0.01049	0.01463	0.01020	0.07079	0.00909	0.00536	0.00535	0.00155	0.03551	0.00505	0.00249	0.00675
8	0.01118	0.01741	0.28402	0.04106	0.03880	0.06918	0.40385	0.01540	0.01102	0.01498	0.00943	0.02539	0.00724	0.00463	0.00544	0.00159	0.02561	0.00485	0.00234	0.00660
9	0.01153	0.01057	0.01483	0.01234	0.01339	0.04152	0.08062	0.03674	0.00945	0.07000	0.05177	0.03554	0.03203	0.00805	0.01232	0.00193	0.54387	0.00505	0.00283	0.00562
10	0.00624	0.00489	0.00561	0.00598	0.00709	0.00442	0.00437	0.00773	0.02884	0.01333	0.08094	0.26723	0.41049	0.05761	0.00696	0.00194	0.00287	0.07486	0.00447	0.00413
11	0.00971	0.00818	0.01177	0.03434	0.01278	0.03180	0.11268	0.03224	0.08099	0.05270	0.03713	0.23278	0.04943	0.01022	0.00705	0.00188	0.10137	0.16370	0.00394	0.00533
12	0.01155	0.02383	0.15808	0.00939	0.01233	0.05097	0.00861	0.15175	0.01287	0.10255	0.03141	0.23355	0.08887	0.02609	0.00591	0.00172	0.02050	0.03997	0.00406	0.00596
13	0.00595	0.00432	0.00553	0.00647	0.00688	0.00399	0.00433	0.00679	0.00935	0.01229	0.02851	0.69994	0.11387	0.05836	0.00712	0.00208	0.00287	0.01303	0.00442	0.00390
14	0.00972	0.02507	0.80458	0.01381	0.02097	0.01125	0.01790	0.01535	0.01023	0.01535	0.00870	0.01023	0.00614	0.00460	0.00460	0.00153	0.00716	0.00358	0.00205	0.00716
15	0.01198	0.04304	0.14878	0.02434	0.05729	0.09248	0.21711	0.03536	0.03588	0.06766	0.05017	0.02984	0.01229	0.00638	0.00581	0.00163	0.04990	0.10059	0.00315	0.00631
16	0.01731	0.01028	0.01320	0.01064	0.02680	0.03860	0.07092	0.17265	0.09494	0.37073	0.04283	0.03487	0.01242	0.01722	0.01823	0.00168	0.02908	0.00519	0.00492	0.00750
17	0.00771	0.00542	0.00737	0.00821	0.00936	0.00533	0.00694	0.00967	0.01086	0.03419	0.02748	0.12329	0.11136	0.01447	0.04942	0.00242	0.00453	0.55311	0.00441	0.00446
18	0.00688	0.00574	0.03556	0.00759	0.00861	0.00509	0.00599	0.00900	0.04980	0.01366	0.04080	0.45871	0.09803	0.01351	0.00616	0.00197	0.00344	0.22062	0.00444	0.00441

[dist]
# distance from previous block
# <min> <max>
0	1

[block]
# block no. 4 follows, 52 sequences, length 12
# corresponding to MSA columns:
# 206-217
name=unknown_E
#
# <colnr> <probs for GDERKNQSTAVLIFYWHMCP>
#	G	D	E	R	K	N	Q	S	T	A	V	L	I	F	Y	W	H	M	C	P
0	0.17261	0.07530	0.07708	0.01024	0.01355	0.01039	0.11814	0.06427	0.10555	0.11375	0.03557	0.10954	0.01323	0.02402	0.00515	0.00165	0.00482	0.03511	0.00378	0.00626
1	0.03919	0.05856	0.07390	0.01480	0.01893	0.03248	0.34799	0.12310	0.05120	0.01741	0.00972	0.01183	0.00750	0.00488	0.00594	0.00151	0.08102	0.00462	0.00289	0.09253
2	0.01126	0.11632	0.52475	0.01252	0.01849	0.01214	0.04179	0.04784	0.08224	0.04993	0.01008	0.01108	0.00735	0.00479	0.00449	0.00146	0.00636	0.00378	0.00264	0.03070
3	0.00967	0.00789	0.00817	0.00756	0.00952	0.04753	0.00579	0.02778	0.26605	0.04953	0.19620	0.05120	0.22028	0.03073	0.00584	0.00168	0.00341	0.02550	0.01999	0.00566
4	0.01362	0.01102	0.01278	0.01098	0.04388	0.05307	0.04865	0.26046	0.13794	0.05298	0.02816	0.04645	0.01265	0.02123	0.00548	0.00154	0.01916	0.07902	0.00414	0.13679
5	0.00761	0.00527	0.00586	0.00552	0.00728	0.00450	0.00421	0.00910	0.01183	0.09668	0.18387	0.04157	0.57688	0.01118	0.00564	0.00160	0.00260	0.00940	0.00481	0.00461
6	0.01094	0.00878	0.01028	0.00740	0.01166	0.00681	0.00594	0.04151	0.01071	0.05562	0.00925	0.01043	0.00746	0.00379	0.00370	0.00078	0.00368	0.00303	0.00310	0.78513
7	0.00692	0.00522	0.00643	0.00608	0.00739	0.00487	0.00457	0.00960	0.05232	0.01838	0.62819	0.03710	0.17450	0.01015	0.00568	0.00155	0.00239	0.00885	0.00517	0.00464
8	0.00692	0.00519	0.00779	0.00779	0.00865	0.00606	0.00606	0.00865	0.00779	0.01125	0.01298	0.01904	0.01211	0.03634	0.81049	0.00779	0.01298	0.00519	0.00260	0.00433
9	0.00696	0.00471	0.00526	0.00526	0.00536	0.00466	0.00298	0.00704	0.00730	0.00963	0.01740	0.03265	0.06672	0.77822	0.02347	0.00451	0.00456	0.00725	0.00303	0.00301
10	0.01615	0.00865	0.01040	0.00847	0.01145	0.00849	0.00681	0.19028	0.07363	0.35667	0.08196	0.07003	0.08741	0.00744	0.00504	0.00153	0.00392	0.00614	0.03841	0.00712
11	0.01161	0.01210	0.08175	0.06023	0.16770	0.07002	0.06680	0.06043	0.05896	0.03233	0.01166	0.05407	0.02345	0.00537	0.00481	0.00133	0.01918	0.01638	0.00304	0.23877

[dist]
# distance from previous block
# <min> <max>
0	1

[block]
# block no. 5 follows, 52 sequences, length 17
# corresponding to MSA columns:
# 219-235
name=unknown_F
#
# <colnr> <probs for GDERKNQSTAVLIFYWHMCP>
#	G	D	E	R	K	N	Q	S	T	A	V	L	I	F	Y	W	H	M	C	P
0	0.01545	0.04433	0.01362	0.01131	0.01397	0.29525	0.00892	0.18518	0.24260	0.01832	0.01183	0.01226	0.00919	0.00596	0.00578	0.00149	0.08992	0.00418	0.00366	0.00677
1	0.02861	0.03185	0.03063	0.01007	0.08171	0.03541	0.00745	0.07504	0.08278	0.03563	0.01122	0.01227	0.02919	0.00522	0.02187	0.00119	0.00443	0.00366	0.00323	0.48855
2	0.01113	0.16185	0.40221	0.01463	0.10554	0.06137	0.07599	0.01502	0.01060	0.01456	0.03466	0.01101	0.00778	0.00473	0.00475	0.00142	0.02829	0.00381	0.00228	0.02837
3	0.00614	0.00444	0.00573	0.00654	0.00703	0.00413	0.00449	0.00718	0.00984	0.01309	0.10980	0.59986	0.09336	0.06346	0.00724	0.00207	0.00291	0.04424	0.00449	0.00398
4	0.01209	0.13501	0.28191	0.01562	0.05782	0.11218	0.25419	0.03365	0.01127	0.01472	0.00866	0.01071	0.00667	0.00451	0.00492	0.00146	0.02151	0.00412	0.00232	0.00666
5	0.04223	0.13918	0.05162	0.06880	0.06871	0.10860	0.02880	0.11498	0.10738	0.03387	0.06539	0.04535	0.08183	0.00650	0.00468	0.00146	0.00518	0.01562	0.00353	0.00629
6	0.00595	0.00492	0.00524	0.00530	0.00680	0.00421	0.00400	0.00733	0.01127	0.01381	0.12704	0.07626	0.65115	0.01219	0.00579	0.00167	0.00254	0.04581	0.00459	0.00415
7	0.00642	0.00486	0.00598	0.00645	0.00739	0.00451	0.00470	0.00818	0.03637	0.01441	0.18628	0.38193	0.22367	0.01297	0.00598	0.00181	0.00279	0.07637	0.00468	0.00427
8	0.01309	0.25989	0.14608	0.06630	0.11903	0.10626	0.02460	0.05091	0.04867	0.06581	0.01017	0.01150	0.02020	0.00588	0.03065	0.00155	0.00621	0.00378	0.00275	0.00664
9	0.01245	0.58452	0.21832	0.00991	0.01471	0.06356	0.01074	0.01500	0.01017	0.01241	0.00727	0.00844	0.00620	0.00431	0.00355	0.00117	0.00588	0.00287	0.00209	0.00642
10	0.00603	0.00467	0.00550	0.00582	0.00687	0.00414	0.00416	0.00735	0.01099	0.01419	0.20075	0.32136	0.36522	0.01280	0.00589	0.00173	0.00255	0.01118	0.00468	0.00414
11	0.05011	0.04323	0.13711	0.01149	0.01568	0.01258	0.07709	0.28443	0.17999	0.11884	0.01327	0.01321	0.00949	0.00555	0.00477	0.00151	0.00533	0.00452	0.00419	0.00761
12	0.03147	0.06269	0.05243	0.10691	0.06816	0.10399	0.05658	0.14370	0.09225	0.01671	0.01108	0.01307	0.02885	0.00780	0.05709	0.00196	0.13143	0.00441	0.00306	0.00636
13	0.19822	0.01363	0.03038	0.04793	0.01402	0.16816	0.00829	0.23747	0.16722	0.02114	0.01249	0.01281	0.03671	0.00568	0.00440	0.00148	0.00536	0.00415	0.00380	0.00666
14	0.01061	0.00922	0.03566	0.01055	0.08546	0.04853	0.04336	0.10977	0.10455	0.03711	0.07112	0.08100	0.06172	0.23106	0.03684	0.00262	0.00504	0.00657	0.00373	0.00550
15	0.01064	0.08923	0.01056	0.02526	0.04733	0.00854	0.00643	0.11780	0.06881	0.08007	0.12809	0.08884	0.22970	0.02985	0.00561	0.00159	0.00370	0.00723	0.00432	0.03640
16	0.04091	0.03804	0.01227	0.03947	0.09241	0.03100	0.00827	0.12139	0.28682	0.15420	0.03409	0.03521	0.07148	0.00658	0.00486	0.00154	0.00438	0.00542	0.00450	0.00718

[dist]
# distance from previous block
# <min> <max>
3	15

[block]
# block no. 6 follows, 52 sequences, length 9
# corresponding to MSA columns:
# 251-259
name=unknown_G
#
# <colnr> <probs for GDERKNQSTAVLIFYWHMCP>
#	G	D	E	R	K	N	Q	S	T	A	V	L	I	F	Y	W	H	M	C	P
0	0.06174	0.04258	0.01450	0.13439	0.10067	0.09969	0.03346	0.19895	0.09144	0.15674	0.01206	0.01273	0.00873	0.00534	0.00466	0.00147	0.00556	0.00429	0.00385	0.00712
1	0.26227	0.06054	0.11713	0.01218	0.09906	0.09911	0.06473	0.07549	0.03356	0.03443	0.01212	0.01316	0.07308	0.00541	0.00443	0.00148	0.01841	0.00414	0.00304	0.00622
2	0.01612	0.01212	0.01306	0.01044	0.01398	0.01334	0.00847	0.47786	0.25971	0.05587	0.01426	0.01373	0.01036	0.00594	0.00481	0.00147	0.00473	0.00465	0.00481	0.05427
3	0.04726	0.00959	0.06850	0.00883	0.01250	0.00791	0.00765	0.07513	0.01349	0.59971	0.01711	0.01666	0.01154	0.07373	0.00642	0.00176	0.00446	0.00485	0.00528	0.00763
4	0.01265	0.07420	0.00941	0.00731	0.00930	0.00662	0.00562	0.01398	0.02585	0.29845	0.05770	0.23572	0.07159	0.07553	0.00782	0.06664	0.00371	0.00774	0.00458	0.00558
5	0.01207	0.07111	0.33476	0.11113	0.04860	0.04131	0.09295	0.06987	0.03395	0.08287	0.03322	0.01232	0.00843	0.00504	0.00495	0.00151	0.02198	0.00422	0.00285	0.00685
6	0.01649	0.01265	0.16208	0.01103	0.01519	0.04096	0.08767	0.08244	0.03138	0.39634	0.01577	0.08107	0.01160	0.00626	0.00500	0.00155	0.00527	0.00535	0.00451	0.00740
7	0.00660	0.00498	0.00614	0.00666	0.00761	0.00469	0.00495	0.00844	0.04083	0.01408	0.13667	0.33613	0.21742	0.04284	0.00672	0.00196	0.00305	0.14141	0.00457	0.00426
8	0.00754	0.00553	0.00658	0.00657	0.00757	0.00545	0.00475	0.07158	0.01074	0.01415	0.11081	0.18185	0.18182	0.22052	0.07095	0.00296	0.00428	0.07805	0.00408	0.00422

[dist]
# distance from previous block
# <min> <max>
0	8

[block]
# block no. 7 follows, 52 sequences, length 9
# corresponding to MSA columns:
# 268,269,335-341
name=unknown_H
#
# <colnr> <probs for GDERKNQSTAVLIFYWHMCP>
#	G	D	E	R	K	N	Q	S	T	A	V	L	I	F	Y	W	H	M	C	P
0	0.01088	0.01207	0.02466	0.01806	0.02194	0.01205	0.60248	0.01428	0.01078	0.01473	0.01219	0.01519	0.06611	0.00539	0.00732	0.00171	0.13562	0.00582	0.00255	0.00616
1	0.00783	0.00545	0.00645	0.00588	0.00759	0.00473	0.00444	0.00956	0.01211	0.07721	0.35245	0.03651	0.32765	0.04977	0.00641	0.00166	0.00271	0.00850	0.00477	0.06832
2	0.00898	0.00718	0.00798	0.00726	0.00884	0.05114	0.00557	0.04232	0.09248	0.04340	0.51340	0.03125	0.11025	0.00919	0.00590	0.00155	0.03541	0.00778	0.00493	0.00519
3	0.00667	0.00495	0.00622	0.00590	0.00713	0.00449	0.00443	0.00879	0.01328	0.01840	0.67540	0.03789	0.16787	0.01029	0.00572	0.00154	0.00231	0.00900	0.00520	0.00449
4	0.10286	0.01326	0.01226	0.01015	0.01344	0.15161	0.00810	0.27866	0.19300	0.11350	0.01300	0.01272	0.00947	0.00564	0.00455	0.00144	0.00521	0.00422	0.00432	0.04259
5	0.25704	0.00936	0.01004	0.00812	0.01154	0.00951	0.00661	0.09879	0.11805	0.27089	0.01448	0.01385	0.03308	0.00552	0.00421	0.00142	0.00399	0.00417	0.00444	0.11490
6	0.32604	0.01083	0.01048	0.00935	0.04817	0.07544	0.00710	0.07947	0.10684	0.12125	0.01077	0.01120	0.00804	0.00506	0.00424	0.00139	0.02557	0.00360	0.00366	0.13150
7	0.01406	0.01204	0.01707	0.06393	0.06277	0.06028	0.20605	0.19565	0.14054	0.08773	0.02888	0.01418	0.01003	0.00667	0.03723	0.00180	0.02531	0.00497	0.00376	0.00705
8	0.01283	0.00905	0.01141	0.00966	0.05758	0.00846	0.00730	0.04844	0.04899	0.17576	0.01342	0.01404	0.05260	0.00546	0.00571	0.00122	0.10710	0.00414	0.00366	0.40317

[dist]
# distance from previous block
# <min> <max>
0	1

[block]
# block no. 8 follows, 52 sequences, length 19
# corresponding to MSA columns:
# 343-361
name=unknown_I
#
# <colnr> <probs for GDERKNQSTAVLIFYWHMCP>
#	G	D	E	R	K	N	Q	S	T	A	V	L	I	F	Y	W	H	M	C	P
0	0.01285	0.00817	0.01079	0.00874	0.01146	0.03931	0.06582	0.01481	0.01207	0.26043	0.16829	0.09077	0.07747	0.00757	0.00563	0.00146	0.04718	0.00643	0.00449	0.14626
1	0.01302	0.01351	0.01742	0.18942	0.40066	0.17856	0.04330	0.05867	0.01200	0.01510	0.00884	0.01153	0.00714	0.00464	0.00476	0.00144	0.00660	0.00412	0.00251	0.00675
2	0.02892	0.01045	0.01304	0.01478	0.22091	0.06248	0.02187	0.04742	0.22777	0.05234	0.03203	0.11233	0.01355	0.00748	0.02694	0.00169	0.02781	0.00573	0.00373	0.06871
3	0.01379	0.49646	0.08630	0.01087	0.01493	0.20819	0.08077	0.01584	0.01096	0.01221	0.00736	0.00870	0.00632	0.00438	0.00378	0.00118	0.00648	0.00309	0.00221	0.00618
4	0.01321	0.00896	0.01020	0.00841	0.01104	0.00925	0.00672	0.32686	0.03779	0.11022	0.25450	0.04612	0.11966	0.00815	0.00526	0.00152	0.00381	0.00677	0.00507	0.00648
5	0.01285	0.01189	0.01888	0.06850	0.57843	0.04265	0.06320	0.06572	0.02890	0.04751	0.00986	0.01227	0.00790	0.00457	0.00485	0.00146	0.00593	0.00441	0.00275	0.00746
6	0.00658	0.00537	0.00598	0.00553	0.00734	0.00452	0.00419	0.00822	0.01170	0.01525	0.26050	0.03921	0.48479	0.01054	0.00547	0.00149	0.00254	0.00892	0.00455	0.10733
7	0.01497	0.00828	0.01028	0.00804	0.01143	0.00732	0.00646	0.08076	0.04600	0.33668	0.12424	0.04740	0.01585	0.00619	0.00466	0.00129	0.00375	0.00515	0.00479	0.25645
8	0.01168	0.00970	0.00983	0.00872	0.01129	0.04757	0.00680	0.09486	0.42755	0.05392	0.05178	0.02451	0.20541	0.00790	0.00511	0.00159	0.00384	0.00650	0.00476	0.00668
9	0.00597	0.00473	0.00539	0.00573	0.00689	0.00415	0.00417	0.00723	0.01079	0.01357	0.11768	0.28096	0.46129	0.01295	0.00590	0.00175	0.00262	0.03952	0.00458	0.00411
10	0.01073	0.01151	0.02211	0.01670	0.01961	0.01250	0.45565	0.01360	0.00978	0.01385	0.00899	0.01284	0.00749	0.00863	0.08656	0.00239	0.27361	0.00519	0.00236	0.00592
11	0.86392	0.00937	0.00712	0.00637	0.00937	0.01087	0.00525	0.01425	0.00825	0.02174	0.00675	0.00787	0.00525	0.00450	0.00300	0.00150	0.00375	0.00262	0.00300	0.00525
12	0.01100	0.01490	0.22717	0.03927	0.40141	0.02572	0.06006	0.01440	0.01051	0.01509	0.03103	0.01263	0.00841	0.02674	0.00635	0.00163	0.07998	0.00437	0.00238	0.00696
13	0.00590	0.00422	0.00562	0.00675	0.00703	0.00394	0.00450	0.00675	0.00928	0.01237	0.02671	0.82653	0.03205	0.01518	0.00619	0.00197	0.00281	0.01378	0.00450	0.00394
14	0.01316	0.00919	0.03163	0.00880	0.01161	0.00908	0.02584	0.17597	0.17067	0.16877	0.13403	0.02328	0.13083	0.03008	0.03313	0.00184	0.00430	0.00629	0.00484	0.00665
15	0.63789	0.00915	0.00797	0.00667	0.00998	0.00974	0.00546	0.01435	0.00894	0.06457	0.00784	0.00881	0.00603	0.00439	0.00323	0.00134	0.00374	0.00280	0.00314	0.18397
16	0.01072	0.00925	0.01114	0.12967	0.01471	0.07203	0.02854	0.04090	0.20777	0.05198	0.01504	0.03572	0.03824	0.01592	0.25897	0.00356	0.04132	0.00527	0.00343	0.00583
17	0.36807	0.01070	0.01166	0.05001	0.06737	0.03105	0.04059	0.17433	0.05842	0.07269	0.01041	0.03860	0.00817	0.00549	0.00453	0.00154	0.03230	0.00408	0.00360	0.00640
18	0.07650	0.00897	0.02530	0.01076	0.10011	0.02957	0.02846	0.08067	0.04749	0.14160	0.13638	0.07699	0.06282	0.06750	0.00686	0.00176	0.03946	0.00615	0.00411	0.04853

[dist]
# distance from previous block
# <min> <max>
1	15

[block]
# block no. 9 follows, 52 sequences, length 23
# corresponding to MSA columns:
# 382-404
name=unknown_J
#
# <colnr> <probs for GDERKNQSTAVLIFYWHMCP>
#	G	D	E	R	K	N	Q	S	T	A	V	L	I	F	Y	W	H	M	C	P
0	0.01030	0.00929	0.01197	0.03087	0.01344	0.02177	0.07853	0.01265	0.01024	0.01560	0.00870	0.01039	0.00716	0.00370	0.00384	0.00084	0.00419	0.00318	0.00281	0.74054
1	0.01002	0.00826	0.00917	0.00871	0.01066	0.00918	0.00661	0.03254	0.48423	0.01830	0.10347	0.21558	0.02247	0.00918	0.00537	0.00172	0.00347	0.02986	0.00485	0.00636
2	0.00582	0.00488	0.00506	0.00508	0.00662	0.00412	0.00379	0.00711	0.01117	0.01354	0.10447	0.08177	0.70554	0.01223	0.00575	0.00164	0.00246	0.01028	0.00456	0.00412
3	0.01198	0.00605	0.00778	0.00688	0.00896	0.00532	0.00532	0.01367	0.01252	0.30723	0.23012	0.15422	0.19059	0.00978	0.00548	0.00161	0.00308	0.00841	0.00527	0.00573
4	0.00606	0.00477	0.00543	0.00557	0.00677	0.00419	0.00404	0.00742	0.01120	0.01432	0.21710	0.20534	0.44475	0.03310	0.00630	0.00176	0.00255	0.01054	0.00465	0.00414
5	0.01192	0.00749	0.00902	0.00790	0.01016	0.00761	0.00617	0.01786	0.26922	0.19614	0.36621	0.02580	0.02796	0.00793	0.00527	0.00156	0.00321	0.00681	0.00535	0.00642
6	0.05187	0.00873	0.01116	0.00877	0.01237	0.00813	0.00719	0.04807	0.11115	0.65080	0.01849	0.01621	0.01197	0.00601	0.00481	0.00152	0.00411	0.00485	0.00572	0.00806
7	0.01097	0.01087	0.01421	0.01220	0.01281	0.05788	0.03033	0.03906	0.04081	0.01274	0.00797	0.01183	0.00742	0.01104	0.10081	0.00263	0.60419	0.00438	0.00241	0.00544
8	0.00652	0.00486	0.00690	0.00726	0.00799	0.00524	0.00540	0.00793	0.00848	0.01173	0.01979	0.28171	0.07014	0.02793	0.49780	0.00550	0.00900	0.00830	0.00334	0.00419
9	0.01347	0.64920	0.02340	0.01106	0.09582	0.11290	0.00911	0.01513	0.01044	0.01192	0.00708	0.00833	0.00638	0.00427	0.00344	0.00110	0.00567	0.00284	0.00216	0.00630
10	0.01647	0.01205	0.01304	0.01050	0.01397	0.01337	0.00851	0.45993	0.28900	0.08802	0.01504	0.01426	0.01082	0.00609	0.00488	0.00152	0.00472	0.00479	0.00497	0.00804
11	0.01090	0.00737	0.00803	0.00713	0.00826	0.03714	0.00491	0.10984	0.04306	0.10195	0.01483	0.02527	0.01485	0.53769	0.01801	0.00358	0.03288	0.00615	0.00357	0.00459
12	0.68844	0.00955	0.00823	0.00703	0.01020	0.01070	0.00580	0.07441	0.01010	0.12508	0.00875	0.00929	0.00636	0.00480	0.00339	0.00150	0.00392	0.00305	0.00353	0.00587
13	0.00715	0.00490	0.00615	0.00618	0.00731	0.00442	0.00450	0.00875	0.01181	0.05920	0.36212	0.27672	0.19911	0.01179	0.00581	0.00168	0.00258	0.01038	0.00494	0.00448
14	0.01340	0.00706	0.00898	0.00771	0.01003	0.00685	0.00604	0.02775	0.10996	0.32217	0.14253	0.02391	0.08748	0.07420	0.12683	0.00271	0.00503	0.00624	0.00487	0.00624
15	0.01349	0.01433	0.01164	0.00948	0.01299	0.30875	0.00734	0.04226	0.06183	0.01511	0.00901	0.01013	0.00735	0.00438	0.00401	0.00100	0.00560	0.00318	0.00293	0.45518
16	0.09577	0.16438	0.48500	0.01149	0.01709	0.02854	0.01356	0.04507	0.02443	0.01611	0.04960	0.01108	0.00837	0.00488	0.00425	0.00144	0.00612	0.00364	0.00249	0.00669
17	0.00694	0.00620	0.04043	0.03970	0.01020	0.00557	0.04639	0.00853	0.00920	0.01262	0.02081	0.46908	0.04249	0.01777	0.18689	0.00315	0.00574	0.00990	0.00368	0.05472
18	0.01523	0.01061	0.01253	0.00967	0.01322	0.01063	0.03772	0.36920	0.03651	0.13059	0.01320	0.06120	0.01055	0.04887	0.00572	0.00151	0.00466	0.00487	0.00435	0.19917
19	0.00875	0.00738	0.00937	0.00882	0.03137	0.04861	0.06299	0.04066	0.05845	0.01359	0.08689	0.15880	0.01915	0.25045	0.13440	0.00345	0.01483	0.00731	0.00348	0.03125
20	0.54651	0.01452	0.00960	0.00867	0.01148	0.31085	0.00679	0.01616	0.01031	0.01803	0.00703	0.00820	0.00562	0.00468	0.00351	0.00141	0.00562	0.00281	0.00281	0.00539
21	0.06776	0.00820	0.01052	0.00829	0.01172	0.00746	0.00679	0.04089	0.04572	0.62627	0.05831	0.01849	0.05432	0.00645	0.00485	0.00151	0.00394	0.00523	0.00564	0.00765
22	0.01284	0.71785	0.10385	0.00902	0.01341	0.05058	0.00931	0.01479	0.01004	0.01182	0.00697	0.00806	0.00621	0.00423	0.00331	0.00110	0.00553	0.00271	0.00209	0.00629

[dist]
# distance from previous block
# <min> <max>
0	5

[block]
# block no. 10 follows, 52 sequences, length 17
# corresponding to MSA columns:
# 410-426
name=unknown_K
#
# <colnr> <probs for GDERKNQSTAVLIFYWHMCP>
#	G	D	E	R	K	N	Q	S	T	A	V	L	I	F	Y	W	H	M	C	P
0	0.01186	0.00632	0.00811	0.00706	0.00916	0.00578	0.00550	0.01454	0.06032	0.27314	0.39111	0.06497	0.10431	0.00890	0.00542	0.00155	0.00302	0.00766	0.00541	0.00588
1	0.01632	0.00803	0.01012	0.00816	0.01113	0.00756	0.00659	0.11880	0.04703	0.43111	0.20510	0.02258	0.07103	0.00734	0.00513	0.00151	0.00372	0.00611	0.00555	0.00708
2	0.00971	0.00574	0.00756	0.00737	0.00902	0.00530	0.00601	0.01173	0.01242	0.15919	0.27574	0.05745	0.13556	0.01081	0.00591	0.00178	0.00339	0.26515	0.00503	0.00512
3	0.00605	0.00435	0.00577	0.00677	0.00718	0.00406	0.00465	0.00706	0.00967	0.01290	0.07026	0.71989	0.05428	0.01471	0.00617	0.00195	0.00286	0.05286	0.00454	0.00400
4	0.00607	0.00434	0.00580	0.00687	0.00724	0.00407	0.00472	0.00706	0.00958	0.01279	0.05640	0.74389	0.03230	0.01486	0.00620	0.00197	0.00290	0.06442	0.00453	0.00400
5	0.01017	0.01898	0.52052	0.01184	0.01722	0.01029	0.01378	0.01655	0.15287	0.04881	0.04550	0.05785	0.04230	0.00610	0.00485	0.00158	0.00581	0.00500	0.00310	0.00690
6	0.00588	0.00431	0.00553	0.00651	0.00697	0.00396	0.00439	0.00677	0.00951	0.01246	0.02959	0.72621	0.13052	0.01481	0.00613	0.00193	0.00277	0.01332	0.00450	0.00396
7	0.01597	0.00704	0.00924	0.00766	0.01052	0.00614	0.00624	0.01779	0.01308	0.50513	0.10498	0.02746	0.17048	0.00822	0.00527	0.00159	0.00364	0.06726	0.00551	0.00676
8	0.00989	0.11844	0.15387	0.53102	0.06927	0.01198	0.01364	0.01331	0.00988	0.01295	0.00841	0.01174	0.00644	0.00468	0.00458	0.00152	0.00638	0.00396	0.00214	0.00592
9	0.00630	0.00483	0.00584	0.00644	0.00734	0.00448	0.00461	0.00800	0.04404	0.01353	0.08379	0.46017	0.25709	0.01349	0.00600	0.00184	0.00282	0.06059	0.00457	0.00422
10	0.00697	0.00468	0.00539	0.00551	0.00557	0.00466	0.00321	0.00711	0.00736	0.00980	0.01654	0.10025	0.01915	0.73667	0.02257	0.00439	0.00453	0.02946	0.00311	0.00307
11	0.01855	0.01337	0.01441	0.01105	0.01492	0.01472	0.00913	0.75367	0.02244	0.06066	0.01193	0.01182	0.00839	0.00582	0.00485	0.00146	0.00529	0.00438	0.00489	0.00824
12	0.06016	0.00994	0.01458	0.17438	0.25547	0.02168	0.02377	0.04800	0.05077	0.13563	0.05033	0.02680	0.02199	0.00580	0.00581	0.00157	0.07846	0.00481	0.00335	0.00668
13	0.00607	0.00435	0.00575	0.00673	0.00712	0.00407	0.00459	0.00706	0.00965	0.01289	0.07949	0.70492	0.04882	0.03270	0.00657	0.00200	0.00288	0.04581	0.00452	0.00398
14	0.00804	0.00684	0.00993	0.00929	0.00989	0.00873	0.00744	0.00957	0.00768	0.01138	0.01097	0.01647	0.01037	0.02788	0.56906	0.00607	0.25844	0.00490	0.00245	0.00462
15	0.01822	0.01300	0.01359	0.01068	0.01428	0.07055	0.00872	0.55533	0.04634	0.14595	0.01281	0.01269	0.00905	0.00704	0.03732	0.00171	0.00565	0.00442	0.00477	0.00788
16	0.01282	0.12312	0.06696	0.05496	0.01417	0.08439	0.00877	0.14456	0.26110	0.03162	0.08251	0.01763	0.03926	0.00644	0.00474	0.00149	0.00493	0.02980	0.00398	0.00674

[dist]
# distance from previous block
# <min> <max>
0	3

[block]
# block no. 11 follows, 52 sequences, length 14
# corresponding to MSA columns:
# 430-443
name=unknown_L
#
# <colnr> <probs for GDERKNQSTAVLIFYWHMCP>
#	G	D	E	R	K	N	Q	S	T	A	V	L	I	F	Y	W	H	M	C	P
0	0.01096	0.00876	0.01345	0.43477	0.02321	0.01054	0.02565	0.01387	0.04055	0.11679	0.03909	0.01594	0.05592	0.00636	0.00707	0.00170	0.16167	0.00494	0.00301	0.00575
1	0.30820	0.00870	0.00902	0.00704	0.01070	0.00798	0.00568	0.01395	0.00980	0.10112	0.00965	0.03586	0.00781	0.00453	0.00360	0.00111	0.00368	0.00334	0.00330	0.44493
2	0.03931	0.01112	0.01754	0.12240	0.33614	0.03496	0.11030	0.05617	0.01172	0.12574	0.01040	0.01249	0.00791	0.00486	0.00533	0.00149	0.04368	0.00443	0.00303	0.04097
3	0.00863	0.00614	0.00868	0.00788	0.00933	0.00646	0.02079	0.01029	0.00882	0.07006	0.05759	0.01957	0.01366	0.10669	0.48182	0.00546	0.04416	0.00525	0.00304	0.10567
4	0.01572	0.01743	0.01385	0.19316	0.01896	0.44710	0.01014	0.14125	0.06819	0.01557	0.00926	0.01079	0.00721	0.00520	0.00459	0.00139	0.00734	0.00375	0.00297	0.00613
5	0.00599	0.00451	0.00551	0.00624	0.00697	0.00409	0.00435	0.00702	0.00993	0.01277	0.05293	0.52078	0.25876	0.03668	0.00657	0.00194	0.00281	0.04367	0.00448	0.00399
6	0.00709	0.00494	0.00651	0.02906	0.00825	0.00463	0.00507	0.00871	0.01137	0.04598	0.30067	0.35081	0.11049	0.01223	0.00593	0.00177	0.00288	0.07440	0.00479	0.00443
7	0.00705	0.00470	0.00529	0.00529	0.00529	0.00470	0.00294	0.00705	0.00705	0.00940	0.01527	0.03171	0.01762	0.82969	0.02467	0.00470	0.00470	0.00705	0.00294	0.00294
8	0.00667	0.00471	0.00582	0.00616	0.00707	0.00426	0.00435	0.00793	0.01078	0.04121	0.20580	0.40050	0.21800	0.04536	0.00666	0.00188	0.00273	0.01121	0.00468	0.00423
9	0.00708	0.00474	0.00611	0.00671	0.00746	0.00439	0.00467	0.00846	0.02809	0.06097	0.10580	0.61098	0.09895	0.01364	0.00599	0.00186	0.00283	0.01223	0.00468	0.00436
10	0.01492	0.01157	0.01237	0.01032	0.01354	0.01303	0.00825	0.32263	0.45985	0.05435	0.01653	0.01549	0.01212	0.00626	0.00490	0.00156	0.00443	0.00502	0.00494	0.00792
11	0.50627	0.09206	0.14320	0.00845	0.01239	0.01208	0.00820	0.10575	0.01067	0.05098	0.00813	0.00904	0.00611	0.00470	0.00357	0.00146	0.00466	0.00307	0.00309	0.00613
12	0.23219	0.00948	0.01042	0.00847	0.01172	0.00983	0.00689	0.17668	0.07276	0.31788	0.05844	0.04007	0.01225	0.00613	0.00449	0.00152	0.00411	0.00474	0.00484	0.00710
13	0.86392	0.00937	0.00712	0.00637	0.00937	0.01087	0.00525	0.01425	0.00825	0.02174	0.00675	0.00787	0.00525	0.00450	0.00300	0.00150	0.00375	0.00262	0.00300	0.00525

[dist]
# distance from previous block
# <min> <max>
0	1

[block]
# block no. 12 follows, 52 sequences, length 15
# corresponding to MSA columns:
# 445-459
name=unknown_M
#
# <colnr> <probs for GDERKNQSTAVLIFYWHMCP>
#	G	D	E	R	K	N	Q	S	T	A	V	L	I	F	Y	W	H	M	C	P
0	0.01093	0.00961	0.01497	0.04594	0.46254	0.00977	0.01126	0.10089	0.01185	0.01644	0.01433	0.24080	0.01455	0.00756	0.00519	0.00160	0.00490	0.00698	0.00326	0.00662
1	0.00603	0.00437	0.00561	0.00650	0.00696	0.00406	0.00440	0.00695	0.00954	0.01258	0.05572	0.65384	0.11260	0.06015	0.00716	0.00208	0.00290	0.03017	0.00444	0.00393
2	0.01810	0.02310	0.01373	0.01248	0.01498	0.81024	0.00936	0.01935	0.01373	0.01186	0.00749	0.00874	0.00624	0.00499	0.00437	0.00125	0.00874	0.00312	0.00250	0.00562
3	0.00696	0.00503	0.00696	0.00696	0.00753	0.00561	0.00502	0.00812	0.00754	0.01063	0.01374	0.02325	0.01394	0.29983	0.54950	0.00676	0.01023	0.00581	0.00271	0.00386
4	0.01041	0.01029	0.02063	0.01552	0.01885	0.00987	0.49087	0.01332	0.01052	0.04206	0.01321	0.07103	0.01226	0.12731	0.02568	0.00229	0.03178	0.06552	0.00293	0.00566
5	0.74708	0.00950	0.00787	0.00682	0.00993	0.01077	0.00562	0.05556	0.00950	0.08927	0.00807	0.00881	0.00599	0.00470	0.00326	0.00150	0.00386	0.00291	0.00335	0.00566
6	0.01679	0.01154	0.01283	0.01028	0.01368	0.01250	0.00844	0.50201	0.11475	0.12773	0.05039	0.01721	0.01263	0.00665	0.00503	0.00154	0.00479	0.05847	0.00500	0.00774
7	0.01199	0.01151	0.01967	0.02974	0.79946	0.01151	0.01487	0.01487	0.01103	0.01583	0.00912	0.01199	0.00768	0.00432	0.00480	0.00144	0.00576	0.00432	0.00240	0.00768
8	0.01254	0.01264	0.01887	0.05424	0.69105	0.09583	0.01424	0.01526	0.01127	0.01530	0.00893	0.01168	0.00748	0.00441	0.00475	0.00142	0.00610	0.00419	0.00240	0.00738
9	0.00835	0.00423	0.00626	0.00626	0.00626	0.00423	0.00414	0.00635	0.00635	0.00847	0.00876	0.01559	0.00888	0.05789	0.01923	0.81586	0.00423	0.00435	0.00215	0.00215
10	0.00589	0.00427	0.00557	0.00660	0.00699	0.00395	0.00443	0.00676	0.00942	0.01243	0.02845	0.76589	0.09156	0.01496	0.00615	0.00194	0.00278	0.01350	0.00450	0.00395
11	0.01043	0.20286	0.63303	0.01260	0.01909	0.01300	0.01579	0.01516	0.01015	0.01448	0.00827	0.00969	0.00616	0.00450	0.00427	0.00142	0.00673	0.00336	0.00205	0.00695
12	0.01199	0.41353	0.18755	0.01057	0.01502	0.03704	0.07023	0.06624	0.03214	0.01450	0.03374	0.01316	0.04262	0.00523	0.00413	0.00131	0.00568	0.02627	0.00264	0.00641
13	0.01273	0.06374	0.05867	0.01768	0.02204	0.16790	0.53318	0.01610	0.01163	0.01446	0.00904	0.01173	0.00699	0.00440	0.00552	0.00153	0.02901	0.00490	0.00241	0.00633
14	0.00684	0.05418	0.04150	0.00701	0.00804	0.00543	0.00540	0.00818	0.00999	0.01333	0.12610	0.47335	0.06881	0.08069	0.00742	0.00207	0.00334	0.06983	0.00423	0.00426

[dist]
# distance from previous block
# <min> <max>
3	25

[block]
