[name]
unknown

[dist]
# distance from previous block
# <min> <max>
2	49

[block]
# block no. 0 follows, 57 sequences, length 6
# corresponding to MSA columns:
# 55-60
name=unknown_A
#
# <colnr> <probs for GDERKNQSTAVLIFYWHMCP>
#	G	D	E	R	K	N	Q	S	T	A	V	L	I	F	Y	W	H	M	C	P
0	0.01078	0.13623	0.05527	0.00985	0.06015	0.05682	0.06247	0.06775	0.07776	0.08033	0.12961	0.12133	0.08165	0.00708	0.00463	0.00139	0.00428	0.00605	0.00363	0.02292
1	0.03520	0.03386	0.03678	0.08518	0.20782	0.00952	0.05054	0.01454	0.16688	0.01541	0.07443	0.03326	0.01147	0.00515	0.00468	0.00131	0.03204	0.00448	0.00303	0.17441
2	0.01027	0.01037	0.05715	0.20359	0.18113	0.03810	0.07362	0.08602	0.06238	0.01471	0.01258	0.07348	0.04927	0.00614	0.00562	0.00153	0.07485	0.03050	0.00283	0.00585
3	0.00888	0.00689	0.00859	0.14110	0.01232	0.00751	0.00657	0.04296	0.18531	0.04500	0.20954	0.02489	0.13495	0.02833	0.00564	0.00156	0.03182	0.02979	0.06315	0.00520
4	0.00710	0.00499	0.00658	0.00741	0.06434	0.00458	0.00486	0.00846	0.01033	0.06510	0.21727	0.33758	0.18940	0.04314	0.00609	0.00171	0.00279	0.00966	0.00429	0.00433
5	0.01137	0.00925	0.01489	0.01162	0.01451	0.00923	0.27246	0.17782	0.06249	0.07382	0.04405	0.18795	0.01433	0.00693	0.00501	0.00151	0.00491	0.00663	0.06532	0.00591

[dist]
# distance from previous block
# <min> <max>
0	1

[block]
# block no. 1 follows, 57 sequences, length 9
# corresponding to MSA columns:
# 62-70
name=unknown_B
#
# <colnr> <probs for GDERKNQSTAVLIFYWHMCP>
#	G	D	E	R	K	N	Q	S	T	A	V	L	I	F	Y	W	H	M	C	P
0	0.00860	0.00787	0.01334	0.50534	0.09623	0.00900	0.07903	0.01120	0.00927	0.01236	0.06153	0.01577	0.01008	0.10948	0.00693	0.00184	0.00555	0.00474	0.02689	0.00496
1	0.00693	0.00509	0.00670	0.00811	0.10644	0.00503	0.00447	0.00744	0.00752	0.01016	0.01594	0.20764	0.01832	0.55156	0.01688	0.00344	0.00412	0.00767	0.00301	0.00351
2	0.01069	0.00947	0.01460	0.02002	0.51085	0.00952	0.01077	0.11054	0.01214	0.01695	0.15531	0.01753	0.07048	0.00568	0.00471	0.00137	0.00453	0.00518	0.00316	0.00649
3	0.01623	0.01258	0.01303	0.01003	0.01363	0.05544	0.00821	0.65809	0.01937	0.02591	0.01032	0.01055	0.00748	0.00514	0.00436	0.00126	0.00495	0.00384	0.00419	0.11537
4	0.01124	0.60707	0.25251	0.00924	0.01393	0.01579	0.01034	0.01379	0.00931	0.01172	0.00683	0.00793	0.00579	0.00400	0.00331	0.00110	0.00538	0.00269	0.00193	0.00607
5	0.01284	0.02794	0.01183	0.01119	0.09582	0.07494	0.00800	0.15436	0.40898	0.06059	0.04935	0.01583	0.03622	0.00591	0.00456	0.00143	0.00432	0.00483	0.00417	0.00689
6	0.81594	0.00962	0.00707	0.00634	0.00911	0.06410	0.00516	0.01364	0.00805	0.01972	0.00636	0.00741	0.00497	0.00424	0.00289	0.00139	0.00382	0.00248	0.00277	0.00493
7	0.00935	0.09373	0.65042	0.01303	0.06996	0.01085	0.01508	0.01393	0.00976	0.01427	0.05235	0.01082	0.00789	0.00452	0.00425	0.00139	0.00620	0.00358	0.00211	0.00652
8	0.00736	0.01090	0.25626	0.00855	0.03739	0.00659	0.00832	0.01047	0.04034	0.01452	0.19937	0.07896	0.22992	0.02998	0.00539	0.00153	0.00389	0.00685	0.00353	0.03987

[dist]
# distance from previous block
# <min> <max>
1	2

[block]
# block no. 2 follows, 57 sequences, length 25
# corresponding to MSA columns:
# 74-98
name=unknown_C
#
# <colnr> <probs for GDERKNQSTAVLIFYWHMCP>
#	G	D	E	R	K	N	Q	S	T	A	V	L	I	F	Y	W	H	M	C	P
0	0.64922	0.02089	0.03460	0.00727	0.03081	0.06226	0.00590	0.04026	0.00881	0.01914	0.00706	0.00819	0.00552	0.00428	0.00308	0.00133	0.00396	0.00269	0.03773	0.04699
1	0.23934	0.20220	0.01244	0.00750	0.01075	0.06417	0.00636	0.11166	0.04719	0.01710	0.00838	0.00930	0.00674	0.00430	0.00335	0.00112	0.00419	0.00296	0.05839	0.18256
2	0.06357	0.00689	0.01960	0.00760	0.00975	0.00630	0.04186	0.01117	0.10500	0.01441	0.02931	0.27871	0.04669	0.00869	0.00479	0.00145	0.00345	0.10038	0.00364	0.23674
3	0.00591	0.00427	0.00538	0.00606	0.00657	0.00401	0.00421	0.00682	0.00894	0.01174	0.06293	0.48334	0.12783	0.14610	0.00853	0.00222	0.00301	0.09451	0.00401	0.00363
4	0.01215	0.69194	0.08491	0.00852	0.01238	0.05600	0.00858	0.01388	0.00938	0.02403	0.00665	0.00773	0.00590	0.00414	0.00359	0.00106	0.03865	0.00262	0.00202	0.00585
5	0.00551	0.00397	0.00523	0.00623	0.00655	0.00369	0.00417	0.00632	0.00875	0.01160	0.02597	0.79993	0.06719	0.01407	0.00576	0.00183	0.00261	0.01272	0.00421	0.00369
6	0.00940	0.00805	0.00940	0.00671	0.01074	0.00604	0.00537	0.01141	0.00940	0.01477	0.00805	0.00940	0.00671	0.00336	0.00336	0.00067	0.00336	0.00268	0.00268	0.86845
7	0.04912	0.00530	0.00660	0.07534	0.00919	0.00523	0.00505	0.00924	0.03592	0.06281	0.18857	0.23016	0.21884	0.03311	0.04326	0.00191	0.00337	0.00855	0.00409	0.00436
8	0.11328	0.16672	0.01423	0.01053	0.03738	0.42023	0.00819	0.11003	0.05410	0.01468	0.00791	0.00879	0.00641	0.00462	0.00382	0.00121	0.00633	0.00306	0.00270	0.00577
9	0.00732	0.00515	0.00594	0.00564	0.00703	0.00492	0.00426	0.01022	0.09231	0.04076	0.36167	0.05764	0.23801	0.00901	0.00495	0.00142	0.00239	0.00771	0.12911	0.00453
10	0.02594	0.07457	0.01175	0.00929	0.01210	0.08246	0.00739	0.09969	0.55140	0.01845	0.01515	0.01435	0.01148	0.00563	0.00435	0.00141	0.00421	0.00448	0.00409	0.04180
11	0.00854	0.00627	0.00856	0.02390	0.10010	0.00629	0.00617	0.01148	0.07896	0.07661	0.48004	0.05633	0.06372	0.00825	0.00557	0.00147	0.04104	0.00715	0.00444	0.00511
12	0.01204	0.22306	0.22157	0.03887	0.06594	0.09800	0.11797	0.11331	0.01148	0.01486	0.00806	0.00955	0.00631	0.00427	0.00409	0.00126	0.00608	0.00348	0.00240	0.03739
13	0.01070	0.03736	0.04990	0.01915	0.23613	0.03794	0.38692	0.01362	0.01000	0.01368	0.00885	0.01249	0.00739	0.05813	0.00690	0.00167	0.07612	0.00471	0.00226	0.00607
14	0.00552	0.00394	0.00526	0.00631	0.00657	0.00368	0.00421	0.00631	0.00868	0.01157	0.02498	0.83779	0.02997	0.01420	0.00578	0.00184	0.00263	0.01288	0.00421	0.00368
15	0.13043	0.01344	0.17173	0.01365	0.01794	0.01122	0.33593	0.06427	0.16403	0.01701	0.01047	0.01186	0.00778	0.00452	0.00460	0.00148	0.00594	0.00444	0.00288	0.00636
16	0.00894	0.01977	0.07762	0.06278	0.06266	0.04540	0.01853	0.06244	0.01034	0.07132	0.01955	0.44623	0.05613	0.00999	0.00517	0.00163	0.00397	0.00885	0.00372	0.00496
17	0.00550	0.00460	0.00470	0.00474	0.00615	0.00391	0.00353	0.00660	0.01009	0.01206	0.04315	0.04296	0.73366	0.06487	0.00652	0.00173	0.00249	0.03485	0.00411	0.00377
18	0.00820	0.00424	0.00439	0.00440	0.00543	0.00421	0.00328	0.01026	0.00972	0.01680	0.07357	0.04636	0.01453	0.00588	0.00342	0.00111	0.00213	0.00481	0.77303	0.00421
19	0.01598	0.01953	0.01346	0.05088	0.09495	0.67096	0.00944	0.04893	0.01276	0.01219	0.00736	0.00877	0.00606	0.00463	0.00416	0.00121	0.00766	0.00313	0.00240	0.00554
20	0.01856	0.00915	0.01116	0.00931	0.04199	0.04751	0.00726	0.08836	0.10090	0.59109	0.01646	0.01469	0.01079	0.00555	0.00454	0.00140	0.00419	0.00448	0.00512	0.00751
21	0.00560	0.00407	0.00524	0.00605	0.00649	0.00376	0.00409	0.00650	0.00908	0.01204	0.08486	0.67249	0.10904	0.04002	0.00626	0.00186	0.00262	0.01200	0.00422	0.00371
22	0.00552	0.00394	0.00526	0.00631	0.00657	0.00368	0.00421	0.00631	0.00868	0.01157	0.02498	0.83779	0.02997	0.01420	0.00578	0.00184	0.00263	0.01288	0.00421	0.00368
23	0.08047	0.05243	0.07466	0.03474	0.28086	0.03254	0.29435	0.01449	0.01024	0.05286	0.00879	0.01108	0.00683	0.00416	0.00477	0.00142	0.02224	0.00425	0.00242	0.00640
24	0.01185	0.01620	0.17553	0.01573	0.04518	0.18748	0.37622	0.02562	0.05718	0.01411	0.00897	0.01100	0.00684	0.00435	0.00499	0.00143	0.02446	0.00433	0.00238	0.00613

[dist]
# distance from previous block
# <min> <max>
2	5

[block]
# block no. 3 follows, 57 sequences, length 20
# corresponding to MSA columns:
# 104-123
name=unknown_D
#
# <colnr> <probs for GDERKNQSTAVLIFYWHMCP>
#	G	D	E	R	K	N	Q	S	T	A	V	L	I	F	Y	W	H	M	C	P
0	0.00977	0.00820	0.00949	0.00701	0.01078	0.00660	0.00558	0.06326	0.03200	0.01563	0.00936	0.05046	0.00812	0.00410	0.00359	0.00080	0.00343	0.00335	0.00293	0.74555
1	0.00628	0.00452	0.00609	0.00630	0.00678	0.00482	0.00443	0.00723	0.00746	0.01027	0.01649	0.18781	0.04325	0.26928	0.39259	0.00513	0.00758	0.00715	0.00294	0.00358
2	0.01160	0.00586	0.00760	0.00702	0.00879	0.00536	0.00529	0.03909	0.03021	0.31273	0.05603	0.39050	0.08080	0.01010	0.00521	0.00161	0.00314	0.00885	0.00478	0.00544
3	0.00659	0.00439	0.00494	0.00494	0.00494	0.00439	0.00275	0.00659	0.00659	0.00879	0.01428	0.02965	0.01647	0.84075	0.02306	0.00439	0.00439	0.00659	0.00275	0.00275
4	0.00654	0.00458	0.00590	0.00590	0.00624	0.00492	0.00394	0.00721	0.00687	0.00950	0.01340	0.02479	0.01436	0.50941	0.35151	0.00558	0.00757	0.00588	0.00261	0.00328
5	0.00658	0.00472	0.00581	0.00548	0.00675	0.00423	0.00413	0.00844	0.01216	0.04243	0.57804	0.03589	0.24909	0.00974	0.00532	0.00145	0.00224	0.00845	0.00480	0.00427
6	0.09265	0.17272	0.05437	0.01187	0.08154	0.48982	0.00905	0.01628	0.01132	0.01232	0.00700	0.00826	0.00586	0.00441	0.00380	0.00118	0.00682	0.00290	0.00227	0.00556
7	0.01210	0.51601	0.21761	0.00962	0.01396	0.13887	0.01012	0.01445	0.00985	0.01164	0.00686	0.00797	0.00580	0.00410	0.00343	0.00111	0.00581	0.00273	0.00199	0.00595
8	0.01014	0.14122	0.03524	0.03019	0.22290	0.04909	0.02286	0.01342	0.09085	0.03812	0.24525	0.01907	0.05089	0.00615	0.00453	0.00134	0.00422	0.00530	0.00340	0.00582
9	0.00925	0.02234	0.73957	0.01352	0.02001	0.01062	0.09334	0.01437	0.00968	0.01437	0.00823	0.00983	0.00585	0.00426	0.00441	0.00144	0.00679	0.00354	0.00195	0.00664
10	0.00560	0.00460	0.00492	0.00484	0.00627	0.00393	0.00363	0.00697	0.01090	0.01359	0.21952	0.04139	0.63619	0.01097	0.00535	0.00151	0.00226	0.00925	0.00439	0.00393
11	0.01101	0.00973	0.01262	0.05032	0.21650	0.04974	0.04332	0.01763	0.33694	0.05031	0.09328	0.01726	0.03346	0.03141	0.00524	0.00154	0.00442	0.00513	0.00369	0.00646
12	0.09685	0.23057	0.07368	0.01263	0.15845	0.09590	0.00945	0.07860	0.06276	0.03908	0.00918	0.01037	0.02266	0.00488	0.00478	0.00131	0.07653	0.00349	0.00266	0.00617
13	0.01323	0.08848	0.01223	0.00915	0.01206	0.04263	0.00743	0.28973	0.35124	0.02093	0.03364	0.01465	0.03078	0.00580	0.00437	0.00138	0.00422	0.00456	0.04663	0.00686
14	0.00555	0.00400	0.00526	0.00621	0.00656	0.00371	0.00418	0.00641	0.00892	0.01187	0.05832	0.77145	0.06303	0.01388	0.00575	0.00181	0.00259	0.01255	0.00424	0.00371
15	0.02443	0.06881	0.36144	0.03969	0.08230	0.03931	0.19339	0.02810	0.01035	0.03086	0.04846	0.01201	0.02009	0.00461	0.00466	0.00142	0.01727	0.00417	0.00237	0.00627
16	0.03323	0.19335	0.18169	0.03275	0.18383	0.08946	0.07775	0.09274	0.01132	0.05078	0.00847	0.00991	0.00659	0.00432	0.00411	0.00129	0.00585	0.00354	0.00251	0.00649
17	0.01294	0.01013	0.00992	0.00903	0.03371	0.14494	0.00680	0.07509	0.22615	0.15111	0.10235	0.01679	0.01428	0.02501	0.07099	0.00190	0.00499	0.00483	0.07297	0.00608
18	0.00561	0.00415	0.00524	0.00592	0.00652	0.00378	0.00408	0.00664	0.00952	0.01255	0.13160	0.58791	0.17379	0.01306	0.00565	0.00173	0.00250	0.01166	0.00431	0.00378
19	0.10451	0.41213	0.04308	0.01219	0.16863	0.12033	0.00901	0.02823	0.01004	0.02720	0.00720	0.00849	0.00613	0.00411	0.00347	0.00114	0.00525	0.00291	0.00227	0.02366

[dist]
# distance from previous block
# <min> <max>
2	5

[block]
# block no. 4 follows, 57 sequences, length 30
# corresponding to MSA columns:
# 129-158
name=unknown_E
#
# <colnr> <probs for GDERKNQSTAVLIFYWHMCP>
#	G	D	E	R	K	N	Q	S	T	A	V	L	I	F	Y	W	H	M	C	P
0	0.01331	0.20076	0.01388	0.00958	0.02646	0.31648	0.00757	0.09965	0.09961	0.01400	0.02726	0.02706	0.09205	0.02790	0.00462	0.00133	0.00562	0.00424	0.00301	0.00563
1	0.01350	0.05853	0.01186	0.00921	0.01205	0.03988	0.00745	0.29194	0.31223	0.06114	0.04815	0.01562	0.04890	0.00610	0.00478	0.00142	0.02621	0.00478	0.01940	0.00686
2	0.00909	0.02344	0.81727	0.01292	0.01961	0.01052	0.01674	0.01435	0.00957	0.01435	0.00813	0.00957	0.00574	0.00431	0.00431	0.00144	0.00670	0.00335	0.00191	0.00670
3	0.03932	0.29153	0.12644	0.05716	0.01451	0.22048	0.03319	0.02766	0.03009	0.04033	0.00877	0.02752	0.01824	0.00480	0.00415	0.00124	0.03057	0.00343	0.01484	0.00574
4	0.02238	0.00490	0.00611	0.00578	0.00696	0.00462	0.00434	0.00907	0.04449	0.01768	0.69194	0.04868	0.09740	0.00930	0.00528	0.00144	0.00224	0.00816	0.00486	0.00436
5	0.00593	0.00443	0.00551	0.00563	0.00657	0.00401	0.00407	0.00746	0.01110	0.01499	0.41926	0.26315	0.20898	0.01115	0.00547	0.00157	0.00231	0.00982	0.00459	0.00401
6	0.01163	0.40266	0.31680	0.01074	0.03836	0.09454	0.01140	0.04311	0.01018	0.01285	0.00728	0.00846	0.00590	0.00418	0.00365	0.00119	0.00588	0.00292	0.00207	0.00620
7	0.00536	0.00459	0.00459	0.00459	0.00612	0.00383	0.00344	0.00650	0.01033	0.01224	0.04590	0.04361	0.81065	0.01148	0.00536	0.00153	0.00230	0.00956	0.00421	0.00383
8	0.00608	0.00460	0.00561	0.00539	0.00657	0.00413	0.00403	0.00789	0.01199	0.01627	0.56618	0.05658	0.26805	0.01004	0.00536	0.00147	0.00220	0.00871	0.00474	0.00413
9	0.00659	0.00482	0.00711	0.00711	0.00793	0.00558	0.00552	0.00823	0.00741	0.01089	0.01229	0.01775	0.01134	0.03233	0.77561	0.00692	0.01156	0.00482	0.05213	0.00406
10	0.01065	0.01256	0.05020	0.01892	0.02356	0.01143	0.77290	0.01451	0.01066	0.01451	0.00914	0.01214	0.00684	0.00383	0.00532	0.00153	0.00761	0.00529	0.00228	0.00613
11	0.00978	0.01052	0.07096	0.01180	0.03126	0.00826	0.27854	0.01263	0.00986	0.01459	0.00877	0.02608	0.00715	0.00380	0.00417	0.00105	0.00509	0.00387	0.00252	0.47929
12	0.01060	0.01287	0.07224	0.01874	0.02345	0.01141	0.75117	0.01451	0.01063	0.01451	0.00911	0.01207	0.00681	0.00385	0.00529	0.00152	0.00759	0.00523	0.00227	0.00615
13	0.02008	0.00812	0.01077	0.00826	0.01177	0.00727	0.00682	0.08587	0.01366	0.75086	0.01730	0.01505	0.01093	0.00559	0.00455	0.00140	0.00395	0.00452	0.00552	0.00771
14	0.00669	0.00529	0.00615	0.00593	0.00706	0.03277	0.00440	0.00884	0.03459	0.01654	0.58520	0.11443	0.13550	0.00979	0.00533	0.00147	0.00246	0.00857	0.00471	0.00428
15	0.00659	0.00439	0.00494	0.00494	0.00494	0.00439	0.00275	0.00659	0.00659	0.00879	0.01428	0.02965	0.01647	0.84075	0.02306	0.00439	0.00439	0.00659	0.00275	0.00275
16	0.01016	0.00977	0.01683	0.27496	0.47324	0.01045	0.05875	0.01295	0.00994	0.01379	0.03617	0.01229	0.00801	0.00447	0.00487	0.00143	0.02911	0.00425	0.00226	0.00629
17	0.00641	0.00463	0.00606	0.00570	0.00677	0.00428	0.00428	0.00855	0.01283	0.01817	0.81009	0.03385	0.04276	0.00926	0.00534	0.00143	0.00214	0.00819	0.00499	0.00428
18	0.00884	0.00840	0.01435	0.73929	0.09880	0.01016	0.03298	0.01186	0.00921	0.01193	0.00812	0.01201	0.00616	0.00447	0.00455	0.00150	0.00602	0.00406	0.00204	0.00525
19	0.01406	0.00791	0.00987	0.00729	0.01109	0.00630	0.00592	0.01596	0.01092	0.35619	0.01224	0.01197	0.00863	0.00432	0.00387	0.00098	0.00357	0.00348	0.00393	0.50149
20	0.00634	0.00463	0.00596	0.00563	0.00673	0.00425	0.00422	0.00842	0.01266	0.01778	0.76031	0.03448	0.09278	0.00941	0.00535	0.00143	0.00215	0.00828	0.00494	0.00425
21	0.01154	0.00987	0.01040	0.00928	0.01189	0.01140	0.00724	0.05930	0.76863	0.01939	0.01810	0.01663	0.01355	0.00612	0.00461	0.00153	0.00365	0.00508	0.00461	0.00720
22	0.00856	0.00805	0.01359	0.82986	0.03121	0.01007	0.01258	0.01158	0.00906	0.01158	0.00805	0.01208	0.00604	0.00453	0.00453	0.00151	0.00604	0.00403	0.00201	0.00503
23	0.00845	0.00422	0.00422	0.00422	0.00528	0.00422	0.00317	0.01056	0.00950	0.01689	0.01478	0.01689	0.01161	0.00528	0.00317	0.00106	0.00211	0.00422	0.86591	0.00422
24	0.01127	0.00973	0.01025	0.00922	0.01178	0.01127	0.00717	0.02408	0.80430	0.01896	0.01844	0.01691	0.01383	0.00615	0.00461	0.00154	0.00359	0.00512	0.00461	0.00717
25	0.29656	0.01130	0.01126	0.00891	0.01227	0.01261	0.00736	0.52365	0.01668	0.04393	0.00955	0.00984	0.00687	0.00504	0.00397	0.00137	0.00448	0.00356	0.00399	0.00679
26	0.01654	0.01235	0.01321	0.01029	0.01379	0.01373	0.00845	0.70855	0.11124	0.02745	0.01175	0.01157	0.00841	0.00552	0.00454	0.00138	0.00483	0.00420	0.00454	0.00764
27	0.00624	0.00462	0.00598	0.00681	0.00767	0.00436	0.00536	0.00765	0.00976	0.01255	0.02892	0.33902	0.19098	0.01292	0.00590	0.00188	0.00321	0.33805	0.00419	0.00392
28	0.00929	0.01343	0.29164	0.00888	0.01384	0.00761	0.00934	0.01244	0.00946	0.01462	0.00808	0.00946	0.00637	0.00369	0.00369	0.00094	0.00452	0.00292	0.00242	0.56738
29	0.87276	0.00876	0.00666	0.00596	0.00876	0.01017	0.00491	0.01332	0.00771	0.02033	0.00631	0.00736	0.00491	0.00421	0.00280	0.00140	0.00351	0.00245	0.00280	0.00491

[dist]
# distance from previous block
# <min> <max>
0	14

[block]
# block no. 5 follows, 57 sequences, length 80
# corresponding to MSA columns:
# 173-213,239-277
name=unknown_F
#
# <colnr> <probs for GDERKNQSTAVLIFYWHMCP>
#	G	D	E	R	K	N	Q	S	T	A	V	L	I	F	Y	W	H	M	C	P
0	0.00991	0.00991	0.01388	0.01190	0.01190	0.01388	0.00991	0.01091	0.00694	0.01091	0.00595	0.00991	0.00595	0.00793	0.01487	0.00198	0.83246	0.00397	0.00198	0.00496
1	0.01776	0.00857	0.01252	0.03890	0.19721	0.00793	0.00858	0.04253	0.01248	0.58204	0.01520	0.01421	0.01002	0.00521	0.00454	0.00139	0.00431	0.00441	0.00469	0.00750
2	0.00909	0.02344	0.81727	0.01292	0.01961	0.01052	0.01674	0.01435	0.00957	0.01435	0.00813	0.00957	0.00574	0.00431	0.00431	0.00144	0.00670	0.00335	0.00191	0.00670
3	0.02014	0.00802	0.01071	0.00821	0.01172	0.00713	0.00678	0.07087	0.01349	0.76610	0.01744	0.01514	0.01100	0.00560	0.00456	0.00140	0.00393	0.00453	0.00554	0.00771
4	0.00637	0.00463	0.00599	0.00565	0.00674	0.00426	0.00424	0.00846	0.01272	0.01792	0.77738	0.03427	0.07563	0.00936	0.00534	0.00143	0.00214	0.00825	0.00495	0.00426
5	0.00569	0.00460	0.00505	0.00494	0.00632	0.00397	0.00370	0.00714	0.01111	0.01409	0.28474	0.04056	0.57065	0.01078	0.00535	0.00150	0.00225	0.00914	0.00445	0.00397
6	0.01687	0.01210	0.01311	0.01012	0.01363	0.01329	0.00833	0.71707	0.03473	0.06617	0.04048	0.01205	0.00926	0.00560	0.00457	0.00137	0.00480	0.00427	0.00460	0.00757
7	0.00716	0.00522	0.00638	0.00619	0.00742	0.00504	0.00459	0.01021	0.10853	0.04220	0.44470	0.18603	0.12897	0.00998	0.00531	0.00153	0.00248	0.00876	0.00472	0.00457
8	0.04409	0.01102	0.01277	0.01078	0.06085	0.04511	0.03100	0.41456	0.01665	0.24406	0.01289	0.02465	0.00926	0.00557	0.00453	0.00139	0.00477	0.02272	0.01609	0.00725
9	0.00659	0.00439	0.00494	0.00494	0.00494	0.00439	0.00275	0.00659	0.00659	0.00879	0.01428	0.02965	0.01647	0.84075	0.02306	0.00439	0.00439	0.00659	0.00275	0.00275
10	0.04603	0.01277	0.01335	0.01031	0.01387	0.03310	0.00849	0.75249	0.02065	0.02787	0.01063	0.01070	0.00757	0.00538	0.00446	0.00136	0.00501	0.00400	0.00442	0.00755
11	0.00940	0.00805	0.00940	0.00671	0.01074	0.00604	0.00537	0.01141	0.00940	0.01477	0.00805	0.00940	0.00671	0.00336	0.00336	0.00067	0.00336	0.00268	0.00268	0.86845
12	0.01425	0.46883	0.01883	0.02866	0.01304	0.23664	0.00821	0.11091	0.01181	0.04069	0.00749	0.00835	0.00624	0.00436	0.00352	0.00110	0.00577	0.00287	0.00249	0.00594
13	0.70280	0.00954	0.00804	0.00685	0.00981	0.01094	0.00564	0.16908	0.01041	0.02197	0.00722	0.00806	0.00546	0.00445	0.00315	0.00139	0.00380	0.00278	0.00315	0.00546
14	0.01059	0.03044	0.08484	0.16507	0.28397	0.01011	0.09565	0.05638	0.05787	0.04824	0.01180	0.08825	0.02569	0.00547	0.00468	0.00146	0.00534	0.00509	0.00280	0.00626
15	0.02180	0.01037	0.02606	0.02593	0.07956	0.03946	0.09693	0.04483	0.04468	0.01309	0.00809	0.01132	0.00710	0.00833	0.06400	0.00210	0.45604	0.00419	0.03069	0.00543
16	0.00552	0.00396	0.00524	0.00627	0.00656	0.00368	0.00419	0.00631	0.00871	0.01158	0.02540	0.82159	0.04590	0.01414	0.00577	0.00183	0.00262	0.01281	0.00421	0.00368
17	0.02033	0.00771	0.01052	0.00806	0.01157	0.00666	0.00666	0.02208	0.01297	0.81562	0.01788	0.01542	0.01122	0.00561	0.00456	0.00140	0.00386	0.00456	0.00561	0.00771
18	0.01723	0.01269	0.01360	0.01043	0.01405	0.01405	0.00861	0.79738	0.02131	0.02856	0.01088	0.01088	0.00771	0.00544	0.00453	0.00136	0.00499	0.00408	0.00453	0.00771
19	0.87276	0.00876	0.00666	0.00596	0.00876	0.01017	0.00491	0.01332	0.00771	0.02033	0.00631	0.00736	0.00491	0.00421	0.00280	0.00140	0.00351	0.00245	0.00280	0.00491
20	0.01723	0.01269	0.01360	0.01043	0.01405	0.01405	0.00861	0.79738	0.02131	0.02856	0.01088	0.01088	0.00771	0.00544	0.00453	0.00136	0.00499	0.00408	0.00453	0.00771
21	0.87276	0.00876	0.00666	0.00596	0.00876	0.01017	0.00491	0.01332	0.00771	0.02033	0.00631	0.00736	0.00491	0.00421	0.00280	0.00140	0.00351	0.00245	0.00280	0.00491
22	0.01211	0.84348	0.02374	0.00775	0.01163	0.01793	0.00775	0.01357	0.00921	0.01066	0.00630	0.00727	0.00582	0.00388	0.00291	0.00097	0.00485	0.00242	0.00194	0.00582
23	0.01125	0.00987	0.01127	0.01074	0.06499	0.01124	0.03069	0.02313	0.72867	0.01855	0.01752	0.01639	0.01319	0.00594	0.00462	0.00152	0.00382	0.00506	0.00439	0.00714
24	0.01140	0.00980	0.01032	0.00925	0.01183	0.01133	0.00720	0.04033	0.78784	0.01916	0.01828	0.01678	0.01370	0.00613	0.00461	0.00153	0.00362	0.00510	0.00461	0.00718
25	0.00624	0.00453	0.00588	0.00574	0.00672	0.00417	0.00423	0.00815	0.01213	0.01698	0.66642	0.15016	0.07153	0.01006	0.00541	0.00149	0.00221	0.00893	0.00484	0.00417
26	0.00856	0.00805	0.01359	0.82986	0.03121	0.01007	0.01258	0.01158	0.00906	0.01158	0.00805	0.01208	0.00604	0.00453	0.00453	0.00151	0.00604	0.00403	0.00201	0.00503
27	0.00611	0.00419	0.00509	0.00556	0.00568	0.00407	0.00341	0.00646	0.00753	0.01004	0.01912	0.39536	0.02258	0.46671	0.01524	0.00324	0.00359	0.00944	0.00341	0.00317
28	0.00787	0.00394	0.00590	0.00590	0.00590	0.00394	0.00394	0.00590	0.00590	0.00787	0.00787	0.01377	0.00787	0.01574	0.01771	0.86816	0.00394	0.00394	0.00197	0.00197
29	0.01211	0.84348	0.02374	0.00775	0.01163	0.01793	0.00775	0.01357	0.00921	0.01066	0.00630	0.00727	0.00582	0.00388	0.00291	0.00097	0.00485	0.00242	0.00194	0.00582
30	0.00563	0.00430	0.00517	0.00559	0.00645	0.00384	0.00395	0.00679	0.01003	0.01303	0.17857	0.41011	0.30553	0.01233	0.00555	0.00165	0.00242	0.01085	0.00435	0.00384
31	0.01197	0.07267	0.01201	0.00972	0.01161	0.21947	0.01880	0.07058	0.15944	0.02593	0.01098	0.02643	0.00946	0.05077	0.15375	0.00262	0.12107	0.00427	0.00296	0.00547
32	0.01105	0.00951	0.01006	0.00911	0.01161	0.01096	0.00711	0.02333	0.76655	0.01867	0.01911	0.01839	0.02891	0.00643	0.00467	0.00155	0.00358	0.02779	0.00459	0.00702
33	0.01022	0.01552	0.25920	0.01728	0.02249	0.01118	0.56687	0.01447	0.01036	0.01447	0.00886	0.01144	0.00654	0.00396	0.00504	0.00150	0.00736	0.00476	0.00218	0.00628
34	0.01174	0.01012	0.01050	0.00934	0.01196	0.02537	0.00729	0.07270	0.74139	0.01943	0.01777	0.01638	0.01331	0.00608	0.00460	0.00152	0.00375	0.00502	0.00457	0.00717
35	0.00940	0.00805	0.00940	0.00671	0.01074	0.00604	0.00537	0.01141	0.00940	0.01477	0.00805	0.00940	0.00671	0.00336	0.00336	0.00067	0.00336	0.00268	0.00268	0.86845
36	0.00894	0.00845	0.01212	0.01099	0.03692	0.02488	0.06596	0.02446	0.02839	0.01202	0.02654	0.19127	0.01284	0.02773	0.07783	0.00234	0.41456	0.00622	0.00272	0.00481
37	0.00781	0.00662	0.00915	0.00864	0.02478	0.00828	0.00648	0.00876	0.00702	0.01024	0.01051	0.01834	0.01085	0.25829	0.29038	0.00446	0.29796	0.00503	0.00236	0.00405
38	0.01059	0.00904	0.00985	0.00916	0.02975	0.01027	0.00692	0.02166	0.67436	0.01875	0.12966	0.01916	0.01775	0.00654	0.00471	0.00152	0.00342	0.00553	0.00461	0.00676
39	0.00824	0.00420	0.00430	0.00437	0.00537	0.00419	0.00324	0.01026	0.00944	0.01652	0.01550	0.07446	0.01290	0.00590	0.00335	0.00111	0.00215	0.00483	0.80548	0.00419
40	0.01181	0.01339	0.18170	0.01624	0.23083	0.01118	0.09893	0.10902	0.19567	0.05235	0.01145	0.01243	0.00861	0.00486	0.00478	0.00144	0.02085	0.00432	0.00314	0.00700
41	0.79992	0.00912	0.03152	0.00638	0.00928	0.00998	0.01941	0.01317	0.00797	0.01987	0.02309	0.00863	0.01868	0.00442	0.00299	0.00141	0.00363	0.00276	0.00283	0.00495
42	0.00991	0.00991	0.01388	0.01190	0.01190	0.01388	0.00991	0.01091	0.00694	0.01091	0.00595	0.00991	0.00595	0.00793	0.01487	0.00198	0.83246	0.00397	0.00198	0.00496
43	0.01163	0.01092	0.01550	0.11881	0.46454	0.06953	0.01175	0.06260	0.08992	0.02764	0.01011	0.01293	0.00829	0.00471	0.00449	0.00137	0.00533	0.02910	0.00273	0.03811
44	0.01332	0.01579	0.01600	0.01325	0.01526	0.38799	0.16840	0.01497	0.01043	0.01172	0.00709	0.00957	0.00608	0.00559	0.00795	0.00151	0.28378	0.00376	0.00221	0.00533
45	0.00792	0.00407	0.00602	0.00593	0.00606	0.00400	0.00398	0.00608	0.00602	0.00809	0.00788	0.01363	0.00783	0.01534	0.01725	0.84020	0.00392	0.00390	0.00199	0.02990
46	0.00641	0.00463	0.00606	0.00570	0.00677	0.00428	0.00428	0.00855	0.01283	0.01817	0.81009	0.03385	0.04276	0.00926	0.00534	0.00143	0.00214	0.00819	0.00499	0.00428
47	0.00570	0.00407	0.00546	0.00651	0.00685	0.00383	0.00451	0.00661	0.00885	0.01177	0.02488	0.75980	0.02958	0.01403	0.00583	0.00186	0.00278	0.08914	0.00420	0.00373
48	0.00883	0.00476	0.00492	0.00470	0.00591	0.00482	0.00357	0.05771	0.01045	0.01769	0.07198	0.01776	0.01363	0.00558	0.00341	0.00110	0.00229	0.00450	0.75197	0.00444
49	0.00568	0.00451	0.00510	0.00515	0.00637	0.00393	0.00379	0.00705	0.01079	0.01381	0.25721	0.15763	0.48045	0.01126	0.00542	0.00155	0.00230	0.00967	0.00443	0.00393
50	0.01862	0.01019	0.01191	0.00918	0.01268	0.02353	0.00756	0.37957	0.01681	0.42654	0.02696	0.01350	0.01001	0.00557	0.00455	0.00138	0.00442	0.00437	0.00505	0.00761
51	0.00787	0.00394	0.00590	0.00590	0.00590	0.00394	0.00394	0.00590	0.00590	0.00787	0.00787	0.01377	0.00787	0.01574	0.01771	0.86816	0.00394	0.00394	0.00197	0.00197
52	0.01734	0.01173	0.01289	0.00994	0.01348	0.01272	0.00819	0.64545	0.04627	0.14347	0.01222	0.01184	0.00849	0.00549	0.00452	0.00137	0.00473	0.00419	0.01804	0.00763
53	0.00977	0.00828	0.00960	0.00689	0.01090	0.00642	0.00552	0.04906	0.00997	0.01543	0.00819	0.00947	0.00676	0.00346	0.00341	0.00070	0.00343	0.00275	0.00277	0.82722
54	0.01146	0.57020	0.01792	0.00708	0.01011	0.06594	0.00661	0.01307	0.00952	0.01233	0.00857	0.00986	0.00734	0.00430	0.00305	0.00100	0.00434	0.00293	0.22902	0.00536
55	0.55724	0.01021	0.00922	0.00761	0.01071	0.01160	0.00627	0.30248	0.01272	0.02336	0.00799	0.00866	0.00594	0.00466	0.00344	0.00139	0.00405	0.00305	0.00344	0.00594
56	0.01228	0.01071	0.02942	0.06172	0.23067	0.03520	0.05247	0.18716	0.17258	0.04680	0.01286	0.07825	0.01075	0.00588	0.00485	0.00147	0.01778	0.01894	0.00351	0.00670
57	0.01067	0.01022	0.01742	0.09904	0.65634	0.01054	0.03146	0.01329	0.00998	0.01418	0.00883	0.02729	0.00758	0.00528	0.02869	0.00157	0.03439	0.00426	0.00226	0.00672
58	0.00567	0.00411	0.00530	0.00603	0.00650	0.00380	0.00410	0.00665	0.00930	0.01243	0.13562	0.62945	0.09424	0.04625	0.00638	0.00186	0.00260	0.01171	0.00426	0.00374
59	0.01846	0.00730	0.00990	0.00773	0.01092	0.00633	0.00633	0.02024	0.01291	0.70914	0.11075	0.01804	0.02829	0.00613	0.00466	0.00141	0.00363	0.00507	0.00551	0.00725
60	0.01723	0.01269	0.01360	0.01043	0.01405	0.01405	0.00861	0.79738	0.02131	0.02856	0.01088	0.01088	0.00771	0.00544	0.00453	0.00136	0.00499	0.00408	0.00453	0.00771
61	0.19837	0.00821	0.00988	0.00776	0.01112	0.00781	0.00640	0.06382	0.01234	0.60513	0.01507	0.01348	0.00970	0.00531	0.00419	0.00140	0.00385	0.00409	0.00496	0.00713
62	0.00873	0.06881	0.00573	0.00450	0.00577	0.00528	0.00352	0.01079	0.00948	0.01641	0.01413	0.01615	0.01117	0.00517	0.00315	0.00105	0.00232	0.00408	0.79942	0.00435
63	0.01120	0.01081	0.01866	0.02753	0.78706	0.01079	0.03912	0.01393	0.01033	0.01479	0.00854	0.01125	0.00717	0.00403	0.00451	0.00135	0.00546	0.00408	0.00224	0.00714
64	0.01606	0.08214	0.01485	0.01122	0.01430	0.36732	0.10440	0.12038	0.01333	0.16572	0.02562	0.01100	0.00805	0.00540	0.01911	0.00138	0.00656	0.00378	0.00326	0.00615
65	0.87276	0.00876	0.00666	0.00596	0.00876	0.01017	0.00491	0.01332	0.00771	0.02033	0.00631	0.00736	0.00491	0.00421	0.00280	0.00140	0.00351	0.00245	0.00280	0.00491
66	0.01045	0.01186	0.12297	0.12804	0.17964	0.06149	0.06373	0.07087	0.10772	0.01515	0.03130	0.06690	0.03766	0.00603	0.00506	0.00150	0.03220	0.03841	0.00296	0.00606
67	0.00548	0.00455	0.00480	0.00483	0.00622	0.00387	0.00359	0.00672	0.01049	0.01285	0.12904	0.09660	0.67252	0.01142	0.00538	0.00154	0.00230	0.00964	0.00429	0.00387
68	0.00678	0.00572	0.00735	0.12929	0.02636	0.02022	0.00614	0.00837	0.00974	0.01239	0.05729	0.15432	0.31307	0.02450	0.03720	0.00192	0.03389	0.12575	0.01554	0.00418
69	0.00667	0.00510	0.00638	0.00639	0.00754	0.00481	0.02542	0.03094	0.03915	0.03204	0.10566	0.37398	0.29100	0.01167	0.00561	0.00166	0.01435	0.02315	0.00426	0.00422
70	0.00787	0.00394	0.00590	0.00590	0.00590	0.00394	0.00394	0.00590	0.00590	0.00787	0.00787	0.01377	0.00787	0.01574	0.01771	0.86816	0.00394	0.00394	0.00197	0.00197
71	0.01259	0.62530	0.03665	0.00822	0.01171	0.13542	0.00776	0.02985	0.01002	0.01163	0.00717	0.00825	0.00629	0.00414	0.00316	0.00102	0.00517	0.00268	0.06729	0.00567
72	0.01028	0.00822	0.00984	0.00713	0.01103	0.00649	0.01828	0.04909	0.01027	0.05761	0.03204	0.01054	0.00805	0.00375	0.00356	0.00078	0.00349	0.00305	0.00299	0.74352
73	0.02226	0.16093	0.27184	0.01210	0.08840	0.12381	0.03613	0.05531	0.03928	0.01405	0.03227	0.05298	0.03584	0.02027	0.00469	0.00139	0.01566	0.00423	0.00256	0.00601
74	0.01257	0.02799	0.01118	0.00959	0.01228	0.09998	0.00752	0.11039	0.61406	0.01902	0.01610	0.01508	0.01211	0.00586	0.00451	0.00147	0.00427	0.00471	0.00430	0.00700
75	0.87276	0.00876	0.00666	0.00596	0.00876	0.01017	0.00491	0.01332	0.00771	0.02033	0.00631	0.00736	0.00491	0.00421	0.00280	0.00140	0.00351	0.00245	0.00280	0.00491
76	0.01205	0.01183	0.03439	0.02245	0.53094	0.08600	0.09717	0.02546	0.04048	0.05435	0.00965	0.02387	0.00786	0.00443	0.00455	0.00136	0.00567	0.00426	0.01644	0.00681
77	0.01028	0.01145	0.02449	0.04206	0.05141	0.01083	0.68733	0.01381	0.01049	0.01423	0.01026	0.07205	0.00854	0.00460	0.00532	0.00154	0.00715	0.00581	0.00242	0.00594
78	0.00625	0.00510	0.00595	0.00655	0.03395	0.02385	0.00463	0.00762	0.01043	0.01336	0.18117	0.25370	0.33876	0.01147	0.00549	0.00163	0.00277	0.07902	0.00424	0.00405
79	0.84169	0.00872	0.00680	0.00604	0.00887	0.01004	0.00497	0.01364	0.00790	0.04931	0.00673	0.00765	0.00514	0.00426	0.00287	0.00140	0.00352	0.00253	0.00291	0.00501

[dist]
# distance from previous block
# <min> <max>
0	1

[block]
# block no. 6 follows, 57 sequences, length 102
# corresponding to MSA columns:
# 279-297,303-367,375-392
name=unknown_G
#
# <colnr> <probs for GDERKNQSTAVLIFYWHMCP>
#	G	D	E	R	K	N	Q	S	T	A	V	L	I	F	Y	W	H	M	C	P
0	0.01202	0.04827	0.01152	0.00876	0.01202	0.02301	0.04677	0.03066	0.34972	0.12202	0.03006	0.01394	0.01104	0.00507	0.00420	0.00123	0.00389	0.00423	0.00391	0.25767
1	0.00667	0.00476	0.00657	0.00762	0.00839	0.00467	0.00620	0.00829	0.00981	0.01285	0.02434	0.33136	0.02746	0.01312	0.00609	0.00200	0.00362	0.50800	0.00418	0.00400
2	0.01025	0.00785	0.00854	0.02426	0.00995	0.04080	0.00597	0.10200	0.21010	0.07910	0.19135	0.08811	0.15301	0.00815	0.00513	0.00149	0.02055	0.00682	0.02099	0.00559
3	0.85502	0.00884	0.00680	0.00605	0.00887	0.01025	0.00498	0.02957	0.00799	0.02050	0.00640	0.00743	0.00497	0.00423	0.00284	0.00140	0.00354	0.00249	0.00284	0.00497
4	0.00991	0.00991	0.01388	0.01190	0.01190	0.01388	0.00991	0.01091	0.00694	0.01091	0.00595	0.00991	0.00595	0.00793	0.01487	0.00198	0.83246	0.00397	0.00198	0.00496
5	0.01097	0.01052	0.01795	0.10115	0.74105	0.01070	0.01379	0.01369	0.01020	0.01451	0.00848	0.01129	0.00707	0.00408	0.00449	0.00136	0.00544	0.00404	0.00222	0.00698
6	0.03221	0.00991	0.01840	0.01887	0.28322	0.00968	0.30635	0.02460	0.01058	0.01473	0.01259	0.02142	0.01172	0.00609	0.00521	0.00160	0.00588	0.19816	0.00279	0.00598
7	0.00794	0.00428	0.00631	0.00620	0.00620	0.00450	0.00423	0.00620	0.00598	0.00807	0.00798	0.01409	0.00805	0.04256	0.01773	0.79190	0.04961	0.00402	0.00199	0.00216
8	0.00577	0.00461	0.00516	0.00502	0.00637	0.00400	0.00377	0.00730	0.01130	0.01454	0.34185	0.03983	0.51326	0.01062	0.00535	0.00149	0.00223	0.00903	0.00451	0.00400
9	0.01260	0.01205	0.01116	0.01034	0.03875	0.15664	0.00776	0.06412	0.59442	0.01792	0.01566	0.01483	0.01185	0.00578	0.00451	0.00145	0.00454	0.00464	0.00412	0.00686
10	0.03794	0.00852	0.00971	0.00777	0.01057	0.00873	0.00632	0.29970	0.01479	0.27089	0.01407	0.01402	0.00989	0.00587	0.01716	0.00138	0.00390	0.00424	0.24796	0.00659
11	0.00559	0.00404	0.00531	0.00629	0.00667	0.00376	0.00430	0.00646	0.00885	0.01169	0.02620	0.75551	0.07697	0.01396	0.00578	0.00183	0.00268	0.04621	0.00420	0.00371
12	0.01594	0.00989	0.01101	0.00870	0.01176	0.01049	0.00710	0.44494	0.05718	0.19415	0.01349	0.01328	0.00950	0.00548	0.00429	0.00132	0.00414	0.00426	0.16603	0.00703
13	0.00783	0.00395	0.00587	0.00587	0.00587	0.00395	0.00390	0.00592	0.00592	0.00790	0.00807	0.01426	0.00813	0.04104	0.01787	0.84167	0.00395	0.00402	0.00199	0.00199
14	0.00939	0.02301	0.79534	0.01278	0.01939	0.01042	0.01647	0.01456	0.00966	0.03614	0.00840	0.00973	0.00589	0.00434	0.00431	0.00143	0.00662	0.00338	0.00201	0.00672
15	0.00940	0.00805	0.00940	0.00671	0.01074	0.00604	0.00537	0.01141	0.00940	0.01477	0.00805	0.00940	0.00671	0.00336	0.00336	0.00067	0.00336	0.00268	0.00268	0.86845
16	0.00649	0.00479	0.00696	0.00696	0.00766	0.00549	0.00527	0.00789	0.00719	0.01028	0.01243	0.01942	0.01203	0.14411	0.71363	0.00689	0.01108	0.00509	0.00247	0.00387
17	0.00967	0.00956	0.01335	0.01155	0.01161	0.01325	0.00960	0.01068	0.00712	0.01101	0.00750	0.03267	0.01953	0.00826	0.01428	0.00197	0.77779	0.02357	0.00213	0.00489
18	0.01027	0.03740	0.01619	0.22500	0.24719	0.04269	0.14193	0.06718	0.01073	0.01416	0.01199	0.09684	0.04721	0.00563	0.00475	0.00146	0.00557	0.00532	0.00264	0.00585
19	0.01685	0.03676	0.01308	0.01154	0.01397	0.77130	0.00873	0.05273	0.01315	0.01186	0.00716	0.00828	0.00592	0.00469	0.00408	0.00117	0.00797	0.00296	0.00243	0.00537
20	0.01112	0.02719	0.01086	0.00855	0.04758	0.00822	0.00653	0.12676	0.07196	0.04242	0.02334	0.01084	0.00815	0.00418	0.00397	0.00094	0.02059	0.00331	0.00318	0.56031
21	0.01041	0.22960	0.50221	0.01187	0.02956	0.02736	0.04655	0.03643	0.04067	0.01394	0.00817	0.00942	0.00620	0.00428	0.00401	0.00132	0.00611	0.00329	0.00213	0.00648
22	0.00845	0.00422	0.00422	0.00422	0.00528	0.00422	0.00317	0.01056	0.00950	0.01689	0.01478	0.01689	0.01161	0.00528	0.00317	0.00106	0.00211	0.00422	0.86591	0.00422
23	0.00863	0.00825	0.01436	0.72881	0.02961	0.00994	0.07708	0.01165	0.00920	0.01185	0.00883	0.03530	0.00704	0.00485	0.00466	0.00153	0.00605	0.01516	0.00213	0.00507
24	0.00860	0.00776	0.01177	0.20478	0.22455	0.02844	0.00932	0.01056	0.00867	0.01182	0.01138	0.04541	0.03153	0.10380	0.21325	0.00327	0.05270	0.00495	0.00240	0.00502
25	0.00567	0.00409	0.00520	0.00602	0.00640	0.00381	0.00403	0.00643	0.00864	0.01136	0.02584	0.64794	0.10715	0.10845	0.00773	0.00211	0.00283	0.02867	0.00404	0.00360
26	0.01779	0.00715	0.00967	0.00760	0.01068	0.00622	0.00620	0.01958	0.01287	0.67151	0.13813	0.01904	0.03975	0.00633	0.00470	0.00141	0.00355	0.00525	0.00547	0.00708
27	0.01713	0.01264	0.01354	0.01041	0.01401	0.01401	0.00859	0.78450	0.03434	0.02840	0.01101	0.01098	0.00781	0.00545	0.00453	0.00136	0.00496	0.00410	0.00453	0.00770
28	0.06547	0.00973	0.01152	0.00888	0.01239	0.00976	0.00733	0.32642	0.01596	0.46293	0.01450	0.01320	0.00949	0.00547	0.00445	0.00139	0.00428	0.00425	0.00503	0.00756
29	0.21132	0.01180	0.01202	0.00941	0.01285	0.01317	0.00777	0.61949	0.01822	0.02669	0.00984	0.01008	0.00707	0.00516	0.00414	0.00137	0.00465	0.00371	0.00414	0.00707
30	0.02889	0.01157	0.01660	0.02260	0.57558	0.06912	0.01221	0.10435	0.03372	0.04266	0.00915	0.01114	0.00738	0.00448	0.00476	0.00136	0.03076	0.00398	0.00269	0.00701
31	0.01211	0.84348	0.02374	0.00775	0.01163	0.01793	0.00775	0.01357	0.00921	0.01066	0.00630	0.00727	0.00582	0.00388	0.00291	0.00097	0.00485	0.00242	0.00194	0.00582
32	0.51432	0.01023	0.00789	0.00702	0.00949	0.13837	0.01805	0.04957	0.02186	0.01850	0.00839	0.00960	0.00657	0.00455	0.00322	0.00130	0.00413	0.00301	0.15889	0.00502
33	0.01226	0.80512	0.02313	0.00780	0.01163	0.01753	0.00772	0.01401	0.02965	0.02725	0.00685	0.00768	0.00613	0.00397	0.00298	0.00099	0.00479	0.00254	0.00208	0.00589
34	0.00651	0.00448	0.00540	0.00543	0.00647	0.00409	0.00397	0.00814	0.01099	0.02887	0.36252	0.19910	0.20257	0.01017	0.00513	0.00148	0.00230	0.00887	0.11940	0.00411
35	0.00856	0.00805	0.01359	0.82986	0.03121	0.01007	0.01258	0.01158	0.00906	0.01158	0.00805	0.01208	0.00604	0.00453	0.00453	0.00151	0.00604	0.00403	0.00201	0.00503
36	0.00539	0.00459	0.00464	0.00463	0.00614	0.00384	0.00347	0.00657	0.01041	0.01244	0.07111	0.04329	0.78531	0.01140	0.00536	0.00153	0.00229	0.00952	0.00423	0.00384
37	0.00787	0.00394	0.00590	0.00590	0.00590	0.00394	0.00394	0.00590	0.00590	0.00787	0.00787	0.01377	0.00787	0.01574	0.01771	0.86816	0.00394	0.00394	0.00197	0.00197
38	0.01220	0.82885	0.02355	0.00782	0.01167	0.03225	0.00777	0.01365	0.00927	0.01067	0.00631	0.00728	0.00582	0.00389	0.00293	0.00097	0.00491	0.00243	0.00195	0.00581
39	0.00999	0.00802	0.00883	0.00794	0.01008	0.00879	0.00615	0.04995	0.47569	0.03953	0.24276	0.02318	0.07513	0.00734	0.00486	0.00149	0.00316	0.00623	0.00471	0.00617
40	0.00780	0.00621	0.00876	0.01051	0.18192	0.00592	0.00639	0.01026	0.03965	0.03624	0.46535	0.02946	0.15714	0.00829	0.00511	0.00143	0.00296	0.00732	0.00427	0.00502
41	0.00680	0.00535	0.00705	0.09905	0.01018	0.00566	0.00568	0.00959	0.12346	0.01262	0.02171	0.58615	0.02436	0.02579	0.00589	0.00181	0.01318	0.02735	0.00397	0.00435
42	0.56836	0.00839	0.00735	0.00638	0.00902	0.00939	0.00518	0.08986	0.03186	0.07926	0.00925	0.01028	0.00702	0.01987	0.00357	0.00141	0.00350	0.00316	0.12155	0.00532
43	0.01087	0.01103	0.01875	0.06157	0.09634	0.04718	0.36648	0.07088	0.10757	0.01529	0.01165	0.09697	0.01004	0.00559	0.00554	0.00154	0.04814	0.00562	0.00290	0.00605
44	0.01002	0.00736	0.00756	0.00696	0.00884	0.01928	0.00537	0.03348	0.39995	0.01804	0.04386	0.01765	0.02605	0.00593	0.00402	0.00132	0.00298	0.00486	0.37070	0.00575
45	0.00766	0.00745	0.08418	0.00717	0.00912	0.00615	0.02729	0.04646	0.10416	0.01608	0.26635	0.15586	0.16554	0.00900	0.00504	0.00150	0.00312	0.00781	0.06518	0.00487
46	0.00788	0.00687	0.01089	0.36771	0.12066	0.00770	0.00948	0.01030	0.02748	0.01236	0.01526	0.27351	0.01588	0.00834	0.00509	0.00165	0.00465	0.08647	0.00301	0.00485
47	0.00968	0.00832	0.00837	0.00747	0.00933	0.08732	0.00576	0.11463	0.16578	0.01840	0.40189	0.02602	0.10277	0.00793	0.00498	0.00142	0.00339	0.00668	0.00452	0.00533
48	0.00546	0.00417	0.00503	0.00571	0.00642	0.00373	0.00394	0.00638	0.00925	0.01180	0.03224	0.56223	0.30084	0.01325	0.00564	0.00173	0.00251	0.01173	0.00421	0.00373
49	0.01677	0.01058	0.01192	0.00943	0.01277	0.01128	0.00770	0.41337	0.17566	0.24701	0.01441	0.01345	0.00998	0.00563	0.00453	0.00140	0.00435	0.00442	0.01781	0.00755
50	0.74646	0.00956	0.00767	0.00665	0.00954	0.03075	0.00546	0.10978	0.00951	0.02111	0.00689	0.00781	0.00527	0.00437	0.00305	0.00139	0.00380	0.00266	0.00301	0.00526
51	0.00991	0.00991	0.01388	0.01190	0.01190	0.01388	0.00991	0.01091	0.00694	0.01091	0.00595	0.00991	0.00595	0.00793	0.01487	0.00198	0.83246	0.00397	0.00198	0.00496
52	0.01177	0.00968	0.01055	0.00925	0.01183	0.01098	0.02037	0.12879	0.60712	0.02936	0.01755	0.06590	0.01377	0.00647	0.00465	0.00152	0.00376	0.00543	0.02430	0.00695
53	0.03127	0.01061	0.01597	0.08102	0.44532	0.05481	0.05451	0.04930	0.02863	0.14643	0.01065	0.01293	0.00828	0.00469	0.00454	0.00139	0.00533	0.02449	0.00300	0.00684
54	0.03310	0.01032	0.01179	0.00911	0.01257	0.01067	0.00750	0.43696	0.03440	0.29941	0.01344	0.01271	0.00913	0.00541	0.00441	0.00134	0.00436	0.00419	0.04014	0.03904
55	0.00638	0.00463	0.00602	0.00567	0.00675	0.00426	0.00425	0.00850	0.01276	0.01801	0.78932	0.03411	0.06363	0.00932	0.00534	0.00143	0.00214	0.00823	0.00497	0.00426
56	0.01139	0.00979	0.01031	0.00925	0.01183	0.01133	0.00720	0.03958	0.78861	0.01915	0.01829	0.01679	0.01371	0.00613	0.00461	0.00153	0.00361	0.00510	0.00461	0.00718
57	0.02584	0.00698	0.00779	0.00660	0.00873	0.03330	0.00523	0.11388	0.01248	0.24069	0.12435	0.01764	0.01500	0.00632	0.01606	0.00134	0.00333	0.00478	0.34394	0.00569
58	0.00627	0.00458	0.00589	0.00566	0.00671	0.00420	0.00421	0.00824	0.01235	0.01727	0.69798	0.08987	0.10029	0.00977	0.00538	0.00146	0.00218	0.00862	0.00488	0.00420
59	0.00980	0.00929	0.01568	0.36472	0.44215	0.01011	0.01284	0.01254	0.00975	0.01330	0.00971	0.03288	0.02829	0.00469	0.00456	0.00143	0.00551	0.00440	0.00225	0.00610
60	0.00787	0.00394	0.00590	0.00590	0.00590	0.00394	0.00394	0.00590	0.00590	0.00787	0.00787	0.01377	0.00787	0.01574	0.01771	0.86816	0.00394	0.00394	0.00197	0.00197
61	0.87276	0.00876	0.00666	0.00596	0.00876	0.01017	0.00491	0.01332	0.00771	0.02033	0.00631	0.00736	0.00491	0.00421	0.00280	0.00140	0.00351	0.00245	0.00280	0.00491
62	0.87276	0.00876	0.00666	0.00596	0.00876	0.01017	0.00491	0.01332	0.00771	0.02033	0.00631	0.00736	0.00491	0.00421	0.00280	0.00140	0.00351	0.00245	0.00280	0.00491
63	0.05937	0.01045	0.01142	0.10012	0.02381	0.07831	0.00792	0.26672	0.09087	0.19877	0.05975	0.04886	0.01160	0.00590	0.00452	0.00141	0.00464	0.00472	0.00421	0.00663
