[name]
unknown

[dist]
# distance from previous block
# <min> <max>
0	155

[block]
# block no. 0 follows, 50 sequences, length 31
# corresponding to MSA columns:
# 260-290
name=unknown_A
#
# <colnr> <probs for GDERKNQSTAVLIFYWHMCP>
#	G	D	E	R	K	N	Q	S	T	A	V	L	I	F	Y	W	H	M	C	P
0	0.01194	0.01133	0.01926	0.02882	0.73103	0.01138	0.01462	0.01482	0.01117	0.01599	0.01003	0.01386	0.00868	0.00647	0.04831	0.00185	0.00629	0.02399	0.00253	0.00762
1	0.00702	0.00540	0.00679	0.00639	0.00760	0.00517	0.00485	0.00908	0.01319	0.01820	0.59436	0.03804	0.19995	0.01062	0.00645	0.00162	0.04643	0.00908	0.00513	0.00464
2	0.05630	0.00991	0.01525	0.53160	0.19725	0.04068	0.01313	0.01341	0.01033	0.01401	0.00967	0.04916	0.00803	0.00533	0.00491	0.00162	0.00625	0.00473	0.00244	0.00599
3	0.00628	0.00448	0.00602	0.00717	0.00755	0.00422	0.00498	0.00729	0.00974	0.01295	0.02736	0.74165	0.03252	0.01542	0.00642	0.00205	0.00307	0.09208	0.00462	0.00411
4	0.09996	0.01092	0.01145	0.00983	0.01275	0.02976	0.00782	0.23059	0.33569	0.05558	0.01570	0.03595	0.01217	0.01002	0.09698	0.00234	0.00554	0.00512	0.00455	0.00728
5	0.12465	0.10384	0.28215	0.01240	0.06331	0.02647	0.01202	0.03275	0.07736	0.10934	0.01050	0.01155	0.00785	0.00549	0.00577	0.00158	0.09899	0.00390	0.00307	0.00699
6	0.01262	0.01038	0.01259	0.04667	0.04106	0.04460	0.05055	0.11867	0.07333	0.06820	0.01221	0.06887	0.01021	0.00542	0.00451	0.00120	0.00465	0.00459	0.00363	0.40605
7	0.01494	0.01213	0.01345	0.01212	0.06927	0.04249	0.02390	0.36915	0.23378	0.02403	0.01680	0.01869	0.05061	0.02234	0.00555	0.00167	0.00506	0.05183	0.00461	0.00758
8	0.86003	0.00964	0.00733	0.00655	0.00964	0.01118	0.00540	0.01465	0.00848	0.02236	0.00694	0.00810	0.00540	0.00463	0.00308	0.00154	0.00386	0.00270	0.00308	0.00540
9	0.01161	0.00985	0.01144	0.00975	0.01220	0.04235	0.06003	0.17565	0.21383	0.01931	0.07380	0.05909	0.13426	0.04996	0.07377	0.00233	0.02341	0.00670	0.00435	0.00631
10	0.00592	0.00505	0.00509	0.00508	0.00675	0.00422	0.00381	0.00722	0.01144	0.01365	0.07116	0.04767	0.77093	0.01256	0.00589	0.00168	0.00252	0.01048	0.00465	0.00422
11	0.01162	0.01110	0.01530	0.01289	0.01384	0.01454	0.05170	0.06586	0.11536	0.01473	0.00914	0.01236	0.00805	0.00867	0.03113	0.00217	0.58808	0.00465	0.00280	0.00604
12	0.01322	0.80329	0.04976	0.00870	0.01306	0.01947	0.00883	0.01495	0.01014	0.01185	0.00699	0.00807	0.00639	0.00428	0.00325	0.00108	0.00539	0.00270	0.00213	0.00643
13	0.86003	0.00964	0.00733	0.00655	0.00964	0.01118	0.00540	0.01465	0.00848	0.02236	0.00694	0.00810	0.00540	0.00463	0.00308	0.00154	0.00386	0.00270	0.00308	0.00540
14	0.00808	0.00628	0.00742	0.00701	0.00837	0.02805	0.01655	0.02370	0.02213	0.02648	0.12898	0.21080	0.17862	0.10764	0.03734	0.06133	0.01950	0.00873	0.00405	0.08894
15	0.86003	0.00964	0.00733	0.00655	0.00964	0.01118	0.00540	0.01465	0.00848	0.02236	0.00694	0.00810	0.00540	0.00463	0.00308	0.00154	0.00386	0.00270	0.00308	0.00540
16	0.01862	0.02376	0.01413	0.01284	0.01541	0.80482	0.00963	0.01990	0.01413	0.01220	0.00770	0.00899	0.00642	0.00514	0.00449	0.00128	0.00899	0.00321	0.00257	0.00578
17	0.00712	0.00534	0.00801	0.00801	0.00890	0.00623	0.00623	0.00890	0.00801	0.01157	0.01335	0.01958	0.01246	0.03738	0.80507	0.00801	0.01335	0.00534	0.00267	0.00445
18	0.01688	0.01293	0.01379	0.01105	0.01467	0.01449	0.00897	0.53964	0.26428	0.02807	0.01460	0.01406	0.01061	0.00623	0.00501	0.00156	0.00500	0.00485	0.00501	0.00829
19	0.01080	0.00647	0.00786	0.00714	0.00915	0.00608	0.00547	0.01410	0.11148	0.19413	0.23737	0.13434	0.21532	0.01013	0.00564	0.00166	0.00310	0.00871	0.00527	0.00576
20	0.17317	0.37338	0.01823	0.00913	0.01301	0.03091	0.00817	0.23280	0.03098	0.05502	0.00925	0.00980	0.00727	0.00498	0.00383	0.00132	0.00509	0.00337	0.00338	0.00692
21	0.00923	0.00652	0.00804	0.00747	0.00912	0.00652	0.00578	0.04458	0.13184	0.06199	0.51033	0.06558	0.03673	0.00977	0.00577	0.00166	0.00302	0.06522	0.00534	0.00552
22	0.01235	0.01167	0.02051	0.09275	0.62621	0.01172	0.09567	0.01544	0.01137	0.03998	0.00973	0.01267	0.00789	0.00451	0.00504	0.00152	0.00619	0.00461	0.00257	0.00760
23	0.00929	0.00465	0.00465	0.00465	0.00581	0.00465	0.00348	0.01161	0.01045	0.01858	0.01626	0.01858	0.01278	0.00581	0.00348	0.00116	0.00232	0.00465	0.85250	0.00465
24	0.01841	0.01369	0.01465	0.01136	0.01525	0.01520	0.00934	0.71506	0.08637	0.03054	0.01265	0.01252	0.00903	0.00605	0.00499	0.00151	0.00536	0.00458	0.00499	0.00843
25	0.00866	0.00433	0.00649	0.00649	0.00649	0.00433	0.00433	0.00649	0.00649	0.00866	0.00866	0.01515	0.00866	0.01732	0.01948	0.85498	0.00433	0.00433	0.00216	0.00216
26	0.00607	0.00434	0.00578	0.00694	0.00723	0.00405	0.00463	0.00694	0.00954	0.01272	0.02747	0.82157	0.03297	0.01562	0.00636	0.00202	0.00289	0.01417	0.00463	0.00405
27	0.00601	0.00501	0.00524	0.00528	0.00683	0.00424	0.00392	0.00734	0.01149	0.01400	0.11540	0.09538	0.67756	0.01259	0.00592	0.00169	0.00253	0.01061	0.00471	0.00424
28	0.01304	0.38706	0.30645	0.01131	0.03061	0.01538	0.01226	0.07882	0.03038	0.05897	0.00916	0.01008	0.00711	0.00475	0.00409	0.00134	0.00600	0.00342	0.00266	0.00710
29	0.04513	0.01084	0.01236	0.00959	0.01344	0.02664	0.00783	0.26503	0.07938	0.32483	0.01491	0.01401	0.01022	0.00570	0.00473	0.00141	0.00462	0.00446	0.00503	0.13985
30	0.10150	0.01181	0.03273	0.16255	0.03490	0.05703	0.00920	0.22443	0.06074	0.02042	0.01015	0.01158	0.00774	0.00498	0.00441	0.00133	0.00523	0.00386	0.00346	0.23194

[dist]
# distance from previous block
# <min> <max>
0	23

[block]
# block no. 1 follows, 50 sequences, length 30
# corresponding to MSA columns:
# 314-343
name=unknown_B
#
# <colnr> <probs for GDERKNQSTAVLIFYWHMCP>
#	G	D	E	R	K	N	Q	S	T	A	V	L	I	F	Y	W	H	M	C	P
0	0.01556	0.01782	0.04242	0.01179	0.04052	0.44928	0.00899	0.04155	0.06091	0.04334	0.01036	0.04636	0.00877	0.00617	0.02208	0.00143	0.00710	0.00401	0.00307	0.15847
1	0.01458	0.01126	0.01399	0.01217	0.08210	0.01145	0.05180	0.29164	0.12982	0.07220	0.01297	0.02694	0.00994	0.00675	0.03612	0.00163	0.00524	0.00461	0.00416	0.20063
2	0.01400	0.01183	0.01316	0.03140	0.10288	0.05115	0.00907	0.24310	0.31786	0.02236	0.05993	0.03487	0.01366	0.00641	0.00501	0.00155	0.00480	0.00529	0.00447	0.04720
3	0.00595	0.00501	0.00516	0.00521	0.00679	0.00422	0.00387	0.00724	0.01138	0.01371	0.08183	0.08926	0.71800	0.01268	0.00592	0.00170	0.00254	0.01065	0.00467	0.00422
4	0.00972	0.00895	0.01399	0.63977	0.02942	0.01099	0.01245	0.01441	0.11586	0.01424	0.05449	0.01531	0.01009	0.00560	0.00530	0.00167	0.02431	0.00485	0.00279	0.00581
5	0.00681	0.00500	0.00645	0.00725	0.00813	0.00471	0.00556	0.00829	0.01075	0.01400	0.08567	0.34724	0.16463	0.04276	0.00709	0.00212	0.00342	0.26121	0.00462	0.00427
6	0.01083	0.01070	0.01506	0.08888	0.01510	0.01474	0.01105	0.01270	0.04204	0.01246	0.00737	0.01147	0.00693	0.00828	0.01478	0.00211	0.70319	0.00442	0.00231	0.00557
7	0.00644	0.00472	0.00583	0.00625	0.00697	0.00434	0.00430	0.00765	0.01074	0.01432	0.22461	0.38551	0.16881	0.11573	0.00855	0.00220	0.00293	0.01134	0.00464	0.00411
8	0.01016	0.05349	0.62490	0.09936	0.03880	0.01205	0.01706	0.01520	0.01030	0.01510	0.00873	0.01078	0.00640	0.00496	0.00536	0.00160	0.05278	0.00378	0.00213	0.00704
9	0.01173	0.06633	0.46676	0.01482	0.02091	0.01265	0.17818	0.12137	0.01254	0.01771	0.00985	0.02681	0.00740	0.00498	0.00496	0.00157	0.00713	0.00441	0.00264	0.00726
10	0.00725	0.00483	0.00544	0.00544	0.00544	0.00483	0.00302	0.00725	0.00725	0.00966	0.01571	0.03262	0.01812	0.82483	0.02537	0.00483	0.00483	0.00725	0.00302	0.00302
11	0.02185	0.00838	0.01136	0.00875	0.01254	0.00723	0.00722	0.02376	0.01418	0.77279	0.02062	0.01793	0.03660	0.00637	0.00504	0.00155	0.00419	0.00518	0.00612	0.00835
12	0.01223	0.01052	0.01115	0.01011	0.01286	0.01215	0.00789	0.02588	0.75565	0.02063	0.02052	0.02001	0.01572	0.00703	0.00514	0.00171	0.00397	0.03401	0.00505	0.00777
13	0.01000	0.02578	0.79900	0.01421	0.02157	0.01158	0.01842	0.01579	0.01052	0.01579	0.00895	0.01052	0.00631	0.00474	0.00474	0.00158	0.00737	0.00368	0.00210	0.00737
14	0.00929	0.00465	0.00465	0.00465	0.00581	0.00465	0.00348	0.01161	0.01045	0.01858	0.01626	0.01858	0.01278	0.00581	0.00348	0.00116	0.00232	0.00465	0.85250	0.00465
15	0.74148	0.01080	0.00835	0.00732	0.01046	0.05631	0.00598	0.07940	0.01006	0.02256	0.00741	0.00847	0.00572	0.00477	0.00332	0.00152	0.00428	0.00288	0.00322	0.00568
16	0.00866	0.00433	0.00649	0.00649	0.00649	0.00433	0.00433	0.00649	0.00649	0.00866	0.00866	0.01515	0.00866	0.01732	0.01948	0.85498	0.00433	0.00433	0.00216	0.00216
17	0.01333	0.82783	0.02612	0.00853	0.01279	0.01972	0.00853	0.01493	0.01013	0.01173	0.00693	0.00800	0.00640	0.00426	0.00320	0.00107	0.00533	0.00267	0.00213	0.00640
18	0.01054	0.01037	0.01457	0.01260	0.01268	0.01439	0.01045	0.01170	0.00767	0.01195	0.00720	0.01174	0.00712	0.01149	0.09260	0.00274	0.73815	0.00446	0.00223	0.00536
19	0.00613	0.00438	0.00585	0.00701	0.00732	0.00410	0.00473	0.00704	0.00960	0.01279	0.02744	0.79865	0.03284	0.01556	0.00638	0.00203	0.00294	0.03651	0.00463	0.00406
20	0.00712	0.00534	0.00801	0.00801	0.00890	0.00623	0.00623	0.00890	0.00801	0.01157	0.01335	0.01958	0.01246	0.03738	0.80507	0.00801	0.01335	0.00534	0.00267	0.00445
21	0.00621	0.00506	0.00549	0.00539	0.00693	0.00434	0.00404	0.00777	0.01212	0.01526	0.25420	0.04502	0.58689	0.01195	0.00589	0.00165	0.00248	0.01011	0.00486	0.00434
22	0.00715	0.00523	0.00744	0.00744	0.00814	0.00592	0.00552	0.00854	0.00784	0.01115	0.01387	0.02246	0.01371	0.21136	0.63280	0.00731	0.01147	0.00576	0.00275	0.00413
23	0.01333	0.82783	0.02612	0.00853	0.01279	0.01972	0.00853	0.01493	0.01013	0.01173	0.00693	0.00800	0.00640	0.00426	0.00320	0.00107	0.00533	0.00267	0.00213	0.00640
24	0.86003	0.00964	0.00733	0.00655	0.00964	0.01118	0.00540	0.01465	0.00848	0.02236	0.00694	0.00810	0.00540	0.00463	0.00308	0.00154	0.00386	0.00270	0.00308	0.00540
25	0.01333	0.82783	0.02612	0.00853	0.01279	0.01972	0.00853	0.01493	0.01013	0.01173	0.00693	0.00800	0.00640	0.00426	0.00320	0.00107	0.00533	0.00267	0.00213	0.00640
26	0.04428	0.01383	0.01473	0.01132	0.01528	0.01533	0.00935	0.75415	0.02299	0.03114	0.01182	0.01185	0.00838	0.00594	0.00493	0.00150	0.00544	0.00443	0.00493	0.00838
27	0.00702	0.00509	0.00661	0.00623	0.00742	0.00469	0.00467	0.00933	0.01402	0.01977	0.76610	0.03760	0.07217	0.01027	0.00588	0.00157	0.00236	0.00907	0.00546	0.00469
28	0.01108	0.14585	0.39799	0.12438	0.02084	0.05486	0.05040	0.01500	0.01028	0.01409	0.00832	0.01062	0.00646	0.00517	0.00597	0.00157	0.10453	0.00379	0.00218	0.00662
29	0.02080	0.01098	0.01312	0.01006	0.01397	0.01104	0.00831	0.36804	0.01845	0.44752	0.01615	0.01468	0.01058	0.00608	0.00500	0.00152	0.00481	0.00477	0.00563	0.00848

[dist]
# distance from previous block
# <min> <max>
0	1

[block]
# block no. 2 follows, 50 sequences, length 18
# corresponding to MSA columns:
# 345-362
name=unknown_C
#
# <colnr> <probs for GDERKNQSTAVLIFYWHMCP>
#	G	D	E	R	K	N	Q	S	T	A	V	L	I	F	Y	W	H	M	C	P
0	0.01083	0.00949	0.01239	0.05356	0.14740	0.00798	0.00802	0.03105	0.01080	0.01642	0.00902	0.01087	0.00746	0.00394	0.00400	0.00093	0.00427	0.00332	0.00288	0.64536
1	0.00611	0.00437	0.00582	0.00691	0.00724	0.00407	0.00463	0.00704	0.00972	0.01300	0.05683	0.79142	0.03351	0.01541	0.00634	0.00201	0.00287	0.01397	0.00466	0.00407
2	0.00616	0.00441	0.00586	0.00688	0.00725	0.00411	0.00463	0.00716	0.00996	0.01338	0.09637	0.75081	0.03424	0.01513	0.00632	0.00198	0.00284	0.01370	0.00470	0.00411
3	0.18588	0.00871	0.01074	0.00842	0.01212	0.00808	0.00695	0.02241	0.01314	0.64594	0.01718	0.01523	0.01098	0.00587	0.00464	0.00154	0.00417	0.00456	0.00557	0.00788
4	0.00701	0.00509	0.00660	0.00623	0.00742	0.00469	0.00467	0.00933	0.01401	0.01975	0.76442	0.03762	0.07386	0.01028	0.00588	0.00157	0.00236	0.00907	0.00546	0.00469
5	0.00718	0.00487	0.00578	0.00583	0.00595	0.00497	0.00350	0.00744	0.00745	0.01004	0.01594	0.06655	0.01808	0.68897	0.12290	0.00511	0.00582	0.00732	0.00305	0.00325
6	0.01858	0.01407	0.01473	0.01144	0.01532	0.03858	0.00939	0.71384	0.06468	0.03027	0.01230	0.01224	0.00878	0.00600	0.00498	0.00150	0.00550	0.00451	0.00492	0.00837
7	0.86003	0.00964	0.00733	0.00655	0.00964	0.01118	0.00540	0.01465	0.00848	0.02236	0.00694	0.00810	0.00540	0.00463	0.00308	0.00154	0.00386	0.00270	0.00308	0.00540
8	0.00625	0.00455	0.00589	0.00664	0.00723	0.00419	0.00457	0.00745	0.01062	0.01424	0.18197	0.59522	0.10423	0.01426	0.00622	0.00190	0.00275	0.01281	0.00480	0.00419
9	0.00764	0.00546	0.00758	0.00873	0.00971	0.00540	0.00735	0.00965	0.01109	0.01448	0.02661	0.20899	0.02954	0.01414	0.00678	0.00224	0.00425	0.61128	0.00460	0.00448
10	0.00928	0.14123	0.04215	0.04145	0.01174	0.01093	0.00823	0.01091	0.00836	0.01173	0.01049	0.01613	0.01006	0.09342	0.34696	0.00466	0.21003	0.00474	0.00245	0.00504
11	0.01241	0.05465	0.01995	0.16221	0.48244	0.04080	0.08277	0.05616	0.01184	0.01607	0.00930	0.01223	0.00755	0.00461	0.00492	0.00150	0.00633	0.00443	0.00255	0.00726
12	0.15669	0.31047	0.07136	0.01171	0.06480	0.09138	0.06761	0.03506	0.10628	0.01606	0.00930	0.01042	0.00755	0.00486	0.00420	0.00138	0.01790	0.00359	0.00282	0.00657
13	0.22976	0.23725	0.10217	0.08213	0.01548	0.15534	0.00948	0.04810	0.01122	0.05633	0.00833	0.00958	0.00655	0.00480	0.00390	0.00138	0.00590	0.00324	0.00278	0.00626
14	0.00904	0.00673	0.00878	0.00818	0.00931	0.00766	0.00622	0.12187	0.01011	0.01411	0.01337	0.02085	0.01282	0.19672	0.49225	0.00615	0.04240	0.00558	0.00307	0.00478
15	0.05869	0.04702	0.01505	0.10810	0.04150	0.05063	0.01028	0.25297	0.02718	0.05607	0.00956	0.01163	0.00756	0.00656	0.00854	0.00172	0.27262	0.00425	0.00337	0.00673
16	0.02161	0.00512	0.00592	0.03774	0.00791	0.00466	0.00442	0.00754	0.01042	0.01309	0.09440	0.06643	0.50719	0.01304	0.00853	0.17200	0.00307	0.00892	0.00408	0.00391
17	0.01034	0.00986	0.01605	0.53372	0.02852	0.01163	0.10878	0.01587	0.16478	0.01475	0.01124	0.01431	0.00847	0.00533	0.00538	0.00168	0.02546	0.00485	0.00282	0.00615

[dist]
# distance from previous block
# <min> <max>
0	2

[block]
# block no. 3 follows, 50 sequences, length 39
# corresponding to MSA columns:
# 365-394,442-450
name=unknown_D
#
# <colnr> <probs for GDERKNQSTAVLIFYWHMCP>
#	G	D	E	R	K	N	Q	S	T	A	V	L	I	F	Y	W	H	M	C	P
0	0.01021	0.00886	0.01098	0.12016	0.01497	0.00726	0.00702	0.01258	0.01028	0.01575	0.00886	0.01075	0.00728	0.00387	0.00387	0.00087	0.00410	0.00316	0.00285	0.73631
1	0.01048	0.02240	0.58815	0.01607	0.02280	0.01186	0.22587	0.01583	0.01086	0.01583	0.00926	0.01132	0.00666	0.00459	0.00505	0.00161	0.00765	0.00429	0.00222	0.00719
2	0.00680	0.00505	0.00634	0.00610	0.00731	0.00458	0.00454	0.00889	0.01340	0.01848	0.62338	0.08051	0.17437	0.01090	0.00591	0.00161	0.00241	0.00955	0.00529	0.00458
3	0.00687	0.00538	0.00617	0.00593	0.00736	0.00493	0.00441	0.00930	0.05589	0.01676	0.39461	0.04057	0.36292	0.04879	0.00674	0.00178	0.00263	0.00939	0.00498	0.00459
4	0.02090	0.00824	0.01114	0.00874	0.01232	0.00722	0.00714	0.02309	0.03352	0.71842	0.03763	0.05997	0.01429	0.00677	0.00511	0.00157	0.00412	0.00560	0.00604	0.00815
5	0.01049	0.01033	0.01565	0.41391	0.06564	0.04410	0.06043	0.01371	0.05002	0.01329	0.00917	0.01309	0.00747	0.00752	0.04742	0.00208	0.20290	0.00456	0.00242	0.00579
6	0.01895	0.01396	0.01496	0.01147	0.01546	0.01546	0.00947	0.77711	0.02344	0.03141	0.01197	0.01197	0.00848	0.00598	0.00499	0.00150	0.00548	0.00449	0.00499	0.00848
7	0.86003	0.00964	0.00733	0.00655	0.00964	0.01118	0.00540	0.01465	0.00848	0.02236	0.00694	0.00810	0.00540	0.00463	0.00308	0.00154	0.00386	0.00270	0.00308	0.00540
8	0.01572	0.01144	0.01247	0.01010	0.01316	0.01262	0.00802	0.46654	0.15402	0.05869	0.01437	0.01667	0.01140	0.12565	0.04417	0.00231	0.00542	0.00515	0.00466	0.00740
9	0.06401	0.00816	0.01063	0.00843	0.01182	0.00738	0.00688	0.02177	0.04731	0.61236	0.12847	0.01944	0.01702	0.00668	0.00504	0.00155	0.00394	0.00549	0.00586	0.00776
10	0.00612	0.00436	0.00577	0.00688	0.00716	0.00408	0.00456	0.00695	0.00945	0.01260	0.02698	0.78881	0.03235	0.04922	0.00715	0.00214	0.00297	0.01388	0.00456	0.00401
11	0.00628	0.00457	0.00593	0.00673	0.00732	0.00422	0.00467	0.00747	0.01052	0.01407	0.15677	0.59921	0.10196	0.01439	0.00626	0.00193	0.00282	0.03591	0.00477	0.00419
12	0.01072	0.01063	0.01491	0.01283	0.01288	0.01482	0.01067	0.01184	0.00765	0.01197	0.00688	0.01134	0.00684	0.01015	0.05559	0.00247	0.77580	0.00441	0.00221	0.00540
13	0.00725	0.00483	0.00544	0.00544	0.00544	0.00483	0.00302	0.00725	0.00725	0.00966	0.01571	0.03262	0.01812	0.82483	0.02537	0.00483	0.00483	0.00725	0.00302	0.00302
14	0.00719	0.00504	0.00648	0.00646	0.00687	0.00536	0.00434	0.00799	0.00790	0.01094	0.05577	0.02788	0.01749	0.48095	0.32223	0.00587	0.00796	0.00661	0.00302	0.00366
15	0.01895	0.01396	0.01496	0.01147	0.01546	0.01546	0.00947	0.77711	0.02344	0.03141	0.01197	0.01197	0.00848	0.00598	0.00499	0.00150	0.00548	0.00449	0.00499	0.00848
16	0.01333	0.82783	0.02612	0.00853	0.01279	0.01972	0.00853	0.01493	0.01013	0.01173	0.00693	0.00800	0.00640	0.00426	0.00320	0.00107	0.00533	0.00267	0.00213	0.00640
17	0.01118	0.50376	0.01849	0.00764	0.01078	0.01385	0.00704	0.01301	0.01155	0.03449	0.25585	0.01958	0.06207	0.00663	0.00423	0.00127	0.00421	0.00515	0.00342	0.00580
18	0.02236	0.00848	0.01157	0.00887	0.01272	0.00733	0.00733	0.02429	0.01427	0.79719	0.01966	0.01697	0.01234	0.00617	0.00501	0.00154	0.00424	0.00501	0.00617	0.00848
19	0.00712	0.00532	0.00793	0.00793	0.00879	0.00619	0.00613	0.00885	0.00799	0.01151	0.01343	0.01999	0.01264	0.06229	0.78041	0.00791	0.01308	0.00540	0.00268	0.00441
20	0.01867	0.02151	0.01361	0.01220	0.01487	0.69307	0.00923	0.02005	0.01414	0.09787	0.03344	0.01074	0.00833	0.00541	0.00459	0.00132	0.00827	0.00359	0.00305	0.00604
21	0.00795	0.00568	0.00794	0.00909	0.01020	0.00567	0.00790	0.01019	0.01140	0.01483	0.02643	0.08650	0.02886	0.01384	0.00686	0.00228	0.00452	0.73067	0.00459	0.00457
22	0.01684	0.01519	0.12426	0.01168	0.01599	0.01451	0.01052	0.57236	0.12117	0.02784	0.01263	0.01263	0.00906	0.00591	0.00496	0.00153	0.00555	0.00453	0.00459	0.00824
23	0.86003	0.00964	0.00733	0.00655	0.00964	0.01118	0.00540	0.01465	0.00848	0.02236	0.00694	0.00810	0.00540	0.00463	0.00308	0.00154	0.00386	0.00270	0.00308	0.00540
24	0.00725	0.00483	0.00544	0.00544	0.00544	0.00483	0.00302	0.00725	0.00725	0.00966	0.01571	0.03262	0.01812	0.82483	0.02537	0.00483	0.00483	0.00725	0.00302	0.00302
25	0.01862	0.02376	0.01413	0.01284	0.01541	0.80482	0.00963	0.01990	0.01413	0.01220	0.00770	0.00899	0.00642	0.00514	0.00449	0.00128	0.00899	0.00321	0.00257	0.00578
26	0.00625	0.00501	0.00561	0.00578	0.00716	0.00437	0.00433	0.00771	0.01158	0.01454	0.16825	0.15037	0.51594	0.01270	0.00602	0.00175	0.00268	0.06087	0.00477	0.00429
27	0.01522	0.01211	0.01286	0.01072	0.01404	0.01372	0.00857	0.35030	0.45632	0.02541	0.01670	0.01574	0.01231	0.00643	0.00503	0.00161	0.00461	0.00514	0.00503	0.00814
28	0.00712	0.00534	0.00801	0.00801	0.00890	0.00623	0.00623	0.00890	0.00801	0.01157	0.01335	0.01958	0.01246	0.03738	0.80507	0.00801	0.01335	0.00534	0.00267	0.00445
29	0.01250	0.03296	0.03710	0.34406	0.30929	0.01139	0.02933	0.04543	0.01155	0.10336	0.01037	0.01309	0.00782	0.00492	0.00493	0.00156	0.00608	0.00447	0.00286	0.00695
30	0.00886	0.00550	0.00689	0.00700	0.00833	0.00506	0.00525	0.01052	0.02852	0.12359	0.08946	0.29971	0.20623	0.06187	0.00722	0.00204	0.00332	0.11096	0.00482	0.00485
31	0.01637	0.11780	0.01471	0.01165	0.01418	0.59866	0.00902	0.01776	0.01279	0.01205	0.00840	0.01035	0.00726	0.00955	0.11644	0.00220	0.00916	0.00344	0.00253	0.00567
32	0.10989	0.01055	0.01219	0.00953	0.01325	0.01074	0.00784	0.28784	0.04735	0.39692	0.03291	0.01478	0.01113	0.00605	0.00482	0.00153	0.00458	0.00470	0.00536	0.00804
33	0.00929	0.00465	0.00465	0.00465	0.00581	0.00465	0.00348	0.01161	0.01045	0.01858	0.01626	0.01858	0.01278	0.00581	0.00348	0.00116	0.00232	0.00465	0.85250	0.00465
34	0.01059	0.00901	0.01047	0.00750	0.01192	0.00690	0.00601	0.03509	0.01072	0.01669	0.00895	0.01038	0.00742	0.00376	0.00373	0.00076	0.00374	0.00300	0.00301	0.83034
35	0.01723	0.01311	0.01399	0.01112	0.01480	0.01466	0.00906	0.58037	0.22298	0.02865	0.01415	0.01370	0.01024	0.00619	0.00501	0.00155	0.00508	0.00479	0.00501	0.00832
36	0.01228	0.10706	0.01475	0.29540	0.05844	0.13241	0.01029	0.05206	0.11865	0.03190	0.06372	0.01536	0.01137	0.04888	0.00585	0.00168	0.00595	0.00468	0.00315	0.00613
37	0.01099	0.20878	0.01338	0.00866	0.01102	0.10003	0.00716	0.05529	0.09069	0.01474	0.08515	0.03827	0.08712	0.01511	0.21329	0.00314	0.00710	0.02103	0.00342	0.00564
38	0.01655	0.07743	0.10166	0.01162	0.01552	0.01504	0.01044	0.50892	0.03836	0.04661	0.01106	0.01169	0.00814	0.00605	0.00611	0.00156	0.09696	0.00429	0.00417	0.00784

[dist]
# distance from previous block
# <min> <max>
0	13

[block]
# block no. 4 follows, 50 sequences, length 11
# corresponding to MSA columns:
# 464-474
name=unknown_E
#
# <colnr> <probs for GDERKNQSTAVLIFYWHMCP>
#	G	D	E	R	K	N	Q	S	T	A	V	L	I	F	Y	W	H	M	C	P
0	0.15105	0.04625	0.12929	0.09656	0.01640	0.01274	0.02599	0.16820	0.03012	0.04180	0.01002	0.03535	0.00815	0.00762	0.04298	0.00197	0.16151	0.00437	0.00317	0.00647
1	0.00886	0.00755	0.02851	0.03008	0.04043	0.00725	0.04686	0.01342	0.17550	0.04038	0.17807	0.18511	0.16952	0.01019	0.00573	0.00174	0.00365	0.03695	0.00462	0.00558
2	0.01387	0.26537	0.16648	0.01097	0.01478	0.31828	0.01033	0.01613	0.01192	0.01311	0.03961	0.04624	0.04185	0.00574	0.00434	0.00133	0.00679	0.00412	0.00263	0.00609
3	0.00929	0.00465	0.00465	0.00465	0.00581	0.00465	0.00348	0.01161	0.01045	0.01858	0.01626	0.01858	0.01278	0.00581	0.00348	0.00116	0.00232	0.00465	0.85250	0.00465
4	0.01895	0.01396	0.01496	0.01147	0.01546	0.01546	0.00947	0.77711	0.02344	0.03141	0.01197	0.01197	0.00848	0.00598	0.00499	0.00150	0.00548	0.00449	0.00499	0.00848
5	0.65842	0.06583	0.03017	0.04180	0.01181	0.06952	0.00674	0.03832	0.00958	0.02061	0.00728	0.00856	0.00571	0.00470	0.00338	0.00150	0.00459	0.00289	0.00298	0.00564
6	0.01297	0.01437	0.01493	0.05502	0.01485	0.23463	0.01071	0.01423	0.00956	0.01209	0.00699	0.01050	0.00651	0.00753	0.01246	0.00190	0.54886	0.00405	0.00229	0.00555
7	0.86003	0.00964	0.00733	0.00655	0.00964	0.01118	0.00540	0.01465	0.00848	0.02236	0.00694	0.00810	0.00540	0.00463	0.00308	0.00154	0.00386	0.00270	0.00308	0.00540
8	0.01020	0.04780	0.13210	0.04443	0.05958	0.00806	0.02710	0.03570	0.03185	0.09468	0.33609	0.02662	0.10947	0.00802	0.00535	0.00156	0.00415	0.00690	0.00437	0.00598
9	0.00929	0.00465	0.00465	0.00465	0.00581	0.00465	0.00348	0.01161	0.01045	0.01858	0.01626	0.01858	0.01278	0.00581	0.00348	0.00116	0.00232	0.00465	0.85250	0.00465
10	0.00814	0.05095	0.07896	0.05799	0.02985	0.02567	0.00684	0.04255	0.01188	0.01514	0.14656	0.08831	0.37549	0.01031	0.00589	0.02418	0.00377	0.00841	0.00410	0.00501

[dist]
# distance from previous block
# <min> <max>
0	2

[block]
# block no. 5 follows, 50 sequences, length 26
# corresponding to MSA columns:
# 477-502
name=unknown_F
#
# <colnr> <probs for GDERKNQSTAVLIFYWHMCP>
#	G	D	E	R	K	N	Q	S	T	A	V	L	I	F	Y	W	H	M	C	P
0	0.06145	0.42108	0.27175	0.01052	0.01542	0.07233	0.01148	0.01522	0.01033	0.01368	0.00797	0.00950	0.00663	0.00625	0.04623	0.00164	0.00659	0.00318	0.00224	0.00650
1	0.72757	0.02629	0.00918	0.00808	0.03269	0.04161	0.02352	0.05230	0.00962	0.02190	0.00736	0.00856	0.00573	0.00469	0.00335	0.00152	0.00432	0.00293	0.00311	0.00568
2	0.01063	0.10270	0.09421	0.00887	0.01171	0.02969	0.02307	0.04990	0.17869	0.04600	0.27348	0.02454	0.07329	0.04434	0.00605	0.00168	0.00418	0.00647	0.00436	0.00613
3	0.00929	0.00465	0.00465	0.00465	0.00581	0.00465	0.00348	0.01161	0.01045	0.01858	0.01626	0.01858	0.01278	0.00581	0.00348	0.00116	0.00232	0.00465	0.85250	0.00465
4	0.01164	0.01016	0.01121	0.06405	0.04991	0.03298	0.00811	0.06440	0.49626	0.01935	0.04735	0.05316	0.09479	0.00751	0.00520	0.00166	0.00420	0.00632	0.00464	0.00707
5	0.00929	0.00465	0.00465	0.00465	0.00581	0.00465	0.00348	0.01161	0.01045	0.01858	0.01626	0.01858	0.01278	0.00581	0.00348	0.00116	0.00232	0.00465	0.85250	0.00465
6	0.01345	0.59702	0.09310	0.01021	0.03977	0.11789	0.00959	0.01537	0.01061	0.01223	0.00760	0.00937	0.00686	0.03369	0.00435	0.00129	0.00598	0.00305	0.00223	0.00633
7	0.22029	0.05611	0.01149	0.00889	0.03970	0.02578	0.00700	0.05818	0.01217	0.30690	0.01360	0.01329	0.03046	0.00529	0.00420	0.00135	0.00428	0.00399	0.00426	0.17277
8	0.12389	0.11156	0.01162	0.02561	0.03320	0.03030	0.02423	0.02775	0.12267	0.04264	0.01599	0.13034	0.01579	0.11937	0.00790	0.00209	0.02086	0.09652	0.00369	0.03398
9	0.00809	0.00465	0.00676	0.00676	0.00699	0.00488	0.00466	0.00720	0.00697	0.00953	0.01071	0.01837	0.01077	0.11864	0.22283	0.53527	0.00672	0.00494	0.00240	0.00286
10	0.07829	0.04912	0.01187	0.12240	0.04581	0.01108	0.00855	0.08428	0.31025	0.01892	0.05294	0.04062	0.05969	0.00742	0.00508	0.00168	0.00448	0.07673	0.00420	0.00659
11	0.86003	0.00964	0.00733	0.00655	0.00964	0.01118	0.00540	0.01465	0.00848	0.02236	0.00694	0.00810	0.00540	0.00463	0.00308	0.00154	0.00386	0.00270	0.00308	0.00540
12	0.01156	0.05737	0.35059	0.01146	0.04149	0.01005	0.01192	0.06040	0.01194	0.10928	0.10130	0.03722	0.05128	0.03732	0.00608	0.00166	0.03438	0.00518	0.00342	0.04610
13	0.02236	0.00848	0.01157	0.00887	0.01272	0.00733	0.00733	0.02429	0.01427	0.79719	0.01966	0.01697	0.01234	0.00617	0.00501	0.00154	0.00424	0.00501	0.00617	0.00848
14	0.00929	0.00465	0.00465	0.00465	0.00581	0.00465	0.00348	0.01161	0.01045	0.01858	0.01626	0.01858	0.01278	0.00581	0.00348	0.00116	0.00232	0.00465	0.85250	0.00465
15	0.01333	0.37662	0.07086	0.01187	0.01516	0.15251	0.08503	0.01528	0.01044	0.01254	0.00741	0.00951	0.00654	0.00543	0.00672	0.00145	0.18735	0.00352	0.00225	0.00617
16	0.00806	0.00713	0.04253	0.00784	0.00987	0.00613	0.05950	0.02420	0.06442	0.03958	0.23750	0.12770	0.29538	0.01073	0.00583	0.00170	0.00342	0.03870	0.00468	0.00510
17	0.01299	0.01342	0.17649	0.03200	0.04794	0.00951	0.15583	0.04127	0.01180	0.15351	0.01113	0.01233	0.00811	0.00457	0.00468	0.00131	0.00565	0.00417	0.00329	0.29001
18	0.01066	0.00781	0.01087	0.04032	0.20942	0.02690	0.00802	0.01272	0.01220	0.13041	0.19344	0.11751	0.18152	0.00895	0.00550	0.00161	0.00395	0.00786	0.00436	0.00595
19	0.00929	0.00465	0.00465	0.00465	0.00581	0.00465	0.00348	0.01161	0.01045	0.01858	0.01626	0.01858	0.01278	0.00581	0.00348	0.00116	0.00232	0.00465	0.85250	0.00465
20	0.01034	0.00886	0.01034	0.00738	0.01181	0.00664	0.00591	0.01255	0.01034	0.01624	0.00886	0.01034	0.00738	0.00369	0.00369	0.00074	0.00369	0.00295	0.00295	0.85530
21	0.07806	0.13423	0.01579	0.01304	0.06916	0.55171	0.00962	0.01820	0.01272	0.01315	0.00761	0.00909	0.00645	0.00506	0.00469	0.00132	0.03839	0.00323	0.00252	0.00597
22	0.03699	0.14398	0.05439	0.03296	0.01605	0.51160	0.05436	0.03939	0.01301	0.01330	0.00811	0.00970	0.00672	0.00604	0.03166	0.00154	0.00818	0.00343	0.00255	0.00602
23	0.00929	0.00465	0.00465	0.00465	0.00581	0.00465	0.00348	0.01161	0.01045	0.01858	0.01626	0.01858	0.01278	0.00581	0.00348	0.00116	0.00232	0.00465	0.85250	0.00465
24	0.16643	0.01326	0.01218	0.01012	0.01322	0.12493	0.00807	0.39212	0.06777	0.02394	0.01188	0.03484	0.00969	0.04796	0.00600	0.01924	0.00544	0.02186	0.00414	0.00690
25	0.06171	0.02173	0.09754	0.03022	0.01356	0.02345	0.04875	0.08322	0.01207	0.23254	0.04900	0.01771	0.03207	0.07734	0.11932	0.00276	0.06146	0.00516	0.00395	0.00645

[dist]
# distance from previous block
# <min> <max>
8	11

[block]
# block no. 6 follows, 50 sequences, length 30
# corresponding to MSA columns:
# 515-544
name=unknown_G
#
# <colnr> <probs for GDERKNQSTAVLIFYWHMCP>
#	G	D	E	R	K	N	Q	S	T	A	V	L	I	F	Y	W	H	M	C	P
0	0.03412	0.01267	0.10619	0.07242	0.06681	0.04457	0.03106	0.06175	0.03906	0.09560	0.01065	0.01462	0.00893	0.02467	0.00979	0.00190	0.31573	0.04003	0.00306	0.00638
1	0.32687	0.01023	0.02886	0.30587	0.04364	0.01187	0.05602	0.03231	0.00961	0.01704	0.00802	0.01095	0.00630	0.00528	0.00576	0.00167	0.10750	0.00385	0.00263	0.00572
2	0.00929	0.00465	0.00465	0.00465	0.00581	0.00465	0.00348	0.01161	0.01045	0.01858	0.01626	0.01858	0.01278	0.00581	0.00348	0.00116	0.00232	0.00465	0.85250	0.00465
3	0.00994	0.14048	0.24672	0.05315	0.03140	0.03780	0.04699	0.03870	0.01162	0.01533	0.11081	0.03398	0.17867	0.00724	0.00512	0.00153	0.01532	0.00595	0.00323	0.00602
4	0.00929	0.00465	0.00465	0.00465	0.00581	0.00465	0.00348	0.01161	0.01045	0.01858	0.01626	0.01858	0.01278	0.00581	0.00348	0.00116	0.00232	0.00465	0.85250	0.00465
5	0.01367	0.03343	0.08575	0.03301	0.06787	0.14322	0.00934	0.07354	0.11155	0.12167	0.05138	0.03464	0.03702	0.05684	0.04803	0.00210	0.04976	0.01691	0.00377	0.00651
6	0.09531	0.03878	0.06182	0.02657	0.10135	0.08484	0.03291	0.12697	0.01241	0.03826	0.00910	0.01077	0.00726	0.00506	0.00555	0.00134	0.09144	0.00370	0.00307	0.24347
7	0.39957	0.09753	0.07056	0.02644	0.07399	0.01271	0.00847	0.14978	0.04023	0.02131	0.00880	0.00989	0.00680	0.00486	0.00384	0.00145	0.00477	0.00338	0.00325	0.05239
8	0.00798	0.00624	0.00922	0.12133	0.06926	0.00704	0.00705	0.00942	0.00826	0.01145	0.01287	0.02173	0.01277	0.26194	0.36756	0.02815	0.02501	0.00566	0.00267	0.00439
9	0.13286	0.02750	0.01525	0.07193	0.32458	0.02175	0.01096	0.08472	0.08299	0.16135	0.01203	0.01306	0.00894	0.00517	0.00467	0.00152	0.00518	0.00436	0.00367	0.00749
10	0.81479	0.00958	0.00756	0.00668	0.00981	0.01097	0.00550	0.01517	0.00880	0.06421	0.00763	0.00858	0.00577	0.00471	0.00319	0.00154	0.00388	0.00282	0.00325	0.00556
11	0.01575	0.14361	0.11290	0.01003	0.01408	0.11705	0.00919	0.13263	0.01396	0.20433	0.04344	0.01470	0.03641	0.00576	0.00457	0.00137	0.00545	0.01676	0.00392	0.09409
12	0.01376	0.78810	0.02541	0.00855	0.01279	0.01912	0.00847	0.01538	0.01033	0.04981	0.00755	0.00843	0.00668	0.00436	0.00329	0.00109	0.00528	0.00278	0.00233	0.00650
13	0.00929	0.00465	0.00465	0.00465	0.00581	0.00465	0.00348	0.01161	0.01045	0.01858	0.01626	0.01858	0.01278	0.00581	0.00348	0.00116	0.00232	0.00465	0.85250	0.00465
14	0.15244	0.01271	0.01310	0.02935	0.01452	0.03993	0.00866	0.49994	0.06097	0.08086	0.01230	0.01311	0.00902	0.00597	0.00472	0.00153	0.00518	0.02338	0.00461	0.00770
15	0.01126	0.01247	0.02633	0.18988	0.02782	0.01228	0.61317	0.01528	0.01138	0.01528	0.00982	0.01341	0.00737	0.00437	0.00569	0.00168	0.00803	0.00557	0.00246	0.00647
16	0.01096	0.14776	0.06855	0.11386	0.08552	0.05284	0.00900	0.01366	0.04022	0.07521	0.10952	0.11590	0.08655	0.00823	0.02222	0.00166	0.00499	0.00637	0.00357	0.02340
17	0.07773	0.00976	0.01223	0.07345	0.08834	0.02051	0.00864	0.15604	0.06089	0.28924	0.06391	0.01925	0.04403	0.00670	0.00504	0.00159	0.00467	0.04591	0.00477	0.00729
18	0.09469	0.18980	0.14456	0.01080	0.03308	0.03206	0.05097	0.09067	0.01252	0.22430	0.01177	0.01265	0.00866	0.03809	0.00521	0.00156	0.00547	0.00405	0.00366	0.02542
19	0.02954	0.03246	0.01371	0.13777	0.02506	0.08885	0.05658	0.09455	0.01159	0.05768	0.01398	0.11277	0.04314	0.02788	0.02503	0.00197	0.18368	0.03468	0.00330	0.00579
20	0.68125	0.00961	0.00837	0.00715	0.01041	0.01069	0.00590	0.04701	0.01009	0.15678	0.00934	0.00979	0.00672	0.00495	0.00349	0.00154	0.00399	0.00317	0.00369	0.00606
21	0.18949	0.00620	0.00715	0.00687	0.00814	0.00680	0.00510	0.01019	0.00869	0.03882	0.07611	0.02243	0.03413	0.22435	0.32948	0.00496	0.00775	0.00567	0.00323	0.00443
22	0.00858	0.00436	0.00644	0.00644	0.00644	0.00436	0.00426	0.00653	0.00653	0.00871	0.00904	0.01610	0.00917	0.06131	0.01980	0.80866	0.00436	0.00449	0.00221	0.00221
23	0.09061	0.06293	0.44689	0.04163	0.01845	0.01191	0.03005	0.08073	0.07186	0.01773	0.01120	0.01472	0.00893	0.00568	0.00475	0.00161	0.00627	0.06419	0.00289	0.00696
24	0.01320	0.00986	0.01105	0.03041	0.05422	0.06155	0.00764	0.10436	0.27538	0.09688	0.06871	0.03151	0.01410	0.00898	0.00816	0.18359	0.00461	0.00530	0.00420	0.00631
25	0.05492	0.00586	0.00708	0.04531	0.00921	0.00547	0.00517	0.01066	0.01255	0.10307	0.35397	0.06555	0.28217	0.01019	0.00561	0.00162	0.00293	0.00870	0.00496	0.00501
26	0.01243	0.13011	0.02638	0.01081	0.04046	0.08975	0.04427	0.06294	0.15147	0.03553	0.01163	0.03056	0.00997	0.00952	0.03340	0.18374	0.07575	0.01537	0.00316	0.02274
27	0.00950	0.00770	0.01026	0.17942	0.01537	0.00788	0.00769	0.02816	0.08822	0.03516	0.04616	0.03444	0.07710	0.01335	0.18036	0.02415	0.00636	0.00528	0.00333	0.22012
28	0.03368	0.04643	0.23646	0.11001	0.24226	0.02434	0.04367	0.05832	0.09659	0.01692	0.01068	0.02581	0.00840	0.00510	0.00482	0.00154	0.00615	0.00442	0.00281	0.02158
29	0.12090	0.22778	0.12432	0.04051	0.03388	0.06717	0.06351	0.06413	0.02485	0.07004	0.00935	0.01104	0.00744	0.02568	0.00525	0.00149	0.04363	0.00372	0.00290	0.05241

[dist]
# distance from previous block
# <min> <max>
1	13

[block]
# block no. 7 follows, 50 sequences, length 26
# corresponding to MSA columns:
# 558-583
name=unknown_H
#
# <colnr> <probs for GDERKNQSTAVLIFYWHMCP>
#	G	D	E	R	K	N	Q	S	T	A	V	L	I	F	Y	W	H	M	C	P
0	0.03924	0.00869	0.01017	0.00745	0.01164	0.00676	0.00596	0.01350	0.01064	0.08864	0.01088	0.02881	0.02121	0.00435	0.00389	0.00088	0.00371	0.00350	0.00332	0.71676
1	0.01137	0.07598	0.14132	0.02300	0.02968	0.01890	0.02853	0.03903	0.01102	0.04766	0.00960	0.02439	0.00779	0.00435	0.00408	0.00104	0.00477	0.00351	0.00294	0.51104
2	0.56800	0.00932	0.00853	0.00703	0.01051	0.00970	0.00576	0.01546	0.00964	0.12217	0.00901	0.00974	0.00673	0.00463	0.00347	0.00137	0.00387	0.00306	0.00346	0.18855
3	0.01753	0.01215	0.01339	0.01054	0.01412	0.01318	0.00861	0.53633	0.10464	0.11843	0.08593	0.01561	0.01323	0.00648	0.00508	0.00153	0.00488	0.00509	0.00518	0.00806
4	0.02227	0.00864	0.01166	0.00894	0.01280	0.00756	0.00739	0.04557	0.01453	0.77554	0.01945	0.01682	0.01223	0.00616	0.00501	0.00154	0.00428	0.00500	0.00614	0.00848
5	0.25641	0.01239	0.01259	0.00992	0.01364	0.01374	0.00819	0.51427	0.01864	0.07746	0.01104	0.01119	0.00785	0.00561	0.00445	0.00151	0.00495	0.00402	0.00452	0.00761
6	0.01091	0.01091	0.01527	0.01309	0.01309	0.01527	0.01091	0.01200	0.00763	0.01200	0.00654	0.01091	0.00654	0.00872	0.01636	0.00218	0.81570	0.00436	0.00218	0.00545
7	0.25443	0.00823	0.00833	0.00720	0.00967	0.00880	0.00574	0.13343	0.04811	0.09240	0.16023	0.01795	0.01656	0.00640	0.00427	0.00146	0.00351	0.00497	0.20235	0.00596
8	0.01585	0.00849	0.01028	0.00864	0.01133	0.00838	0.00682	0.22011	0.01517	0.30778	0.03294	0.21965	0.01718	0.00855	0.00522	0.00162	0.00402	0.00723	0.08383	0.00694
9	0.01191	0.08231	0.00963	0.00726	0.00949	0.00690	0.00576	0.01401	0.03522	0.24358	0.23367	0.15249	0.14861	0.00961	0.00543	0.00161	0.00334	0.00821	0.00509	0.00587
10	0.00976	0.00827	0.04976	0.00759	0.00945	0.08245	0.00612	0.01195	0.01337	0.09835	0.48403	0.10420	0.07580	0.00963	0.00564	0.00159	0.00351	0.00832	0.00497	0.00525
11	0.00932	0.00514	0.00750	0.00721	0.00761	0.00545	0.00514	0.00837	0.00734	0.05943	0.01036	0.01654	0.00984	0.05343	0.15544	0.57252	0.04896	0.00467	0.00254	0.00317
12	0.24118	0.01065	0.01456	0.25044	0.20916	0.01205	0.03089	0.11341	0.01162	0.01869	0.00882	0.01140	0.00687	0.00500	0.00490	0.00158	0.03539	0.00401	0.00288	0.00648
13	0.01332	0.62681	0.09587	0.00938	0.01379	0.09084	0.00938	0.01532	0.01055	0.01243	0.00731	0.00847	0.00645	0.00435	0.00349	0.00111	0.00575	0.00283	0.00222	0.06030
14	0.01571	0.21907	0.01789	0.01243	0.08661	0.01565	0.02186	0.37643	0.14562	0.02302	0.01181	0.01213	0.00900	0.00551	0.00456	0.00142	0.00528	0.00424	0.00401	0.00777
15	0.00643	0.00463	0.00611	0.00717	0.00768	0.00437	0.00512	0.00754	0.00992	0.01306	0.02834	0.62531	0.07659	0.03596	0.00691	0.00212	0.00321	0.14082	0.00458	0.00412
16	0.00712	0.00560	0.00780	0.00787	0.00856	0.00635	0.00594	0.00849	0.00865	0.01201	0.01991	0.21982	0.09420	0.05639	0.42059	0.00520	0.08979	0.00800	0.00331	0.00437
17	0.00712	0.00585	0.00773	0.16242	0.01256	0.00581	0.00632	0.00924	0.01209	0.01576	0.30809	0.03786	0.32588	0.01033	0.00577	0.00167	0.00338	0.05299	0.00447	0.00467
18	0.00721	0.00561	0.00662	0.00631	0.00779	0.00528	0.00478	0.01031	0.08458	0.01797	0.47807	0.03916	0.27236	0.01069	0.00583	0.00163	0.00259	0.02319	0.00517	0.00484
19	0.69561	0.00959	0.00827	0.00709	0.01033	0.01069	0.00585	0.04131	0.00992	0.14916	0.00918	0.00967	0.00663	0.00492	0.00346	0.00154	0.00397	0.00314	0.00365	0.00600
20	0.86003	0.00964	0.00733	0.00655	0.00964	0.01118	0.00540	0.01465	0.00848	0.02236	0.00694	0.00810	0.00540	0.00463	0.00308	0.00154	0.00386	0.00270	0.00308	0.00540
21	0.00985	0.03879	0.68873	0.01372	0.02036	0.01127	0.03906	0.01514	0.01032	0.01532	0.00935	0.01140	0.00692	0.00773	0.07886	0.00217	0.00791	0.00388	0.00217	0.00706
22	0.01612	0.01226	0.01362	0.06013	0.01566	0.01369	0.00931	0.51951	0.16016	0.02675	0.01468	0.01753	0.01154	0.00682	0.00518	0.00162	0.00519	0.07761	0.00479	0.00781
23	0.00719	0.00505	0.00654	0.00654	0.00692	0.00543	0.00440	0.00796	0.00758	0.01048	0.01470	0.02703	0.01569	0.48714	0.35973	0.00620	0.00849	0.00643	0.00287	0.00363
24	0.21747	0.03798	0.03019	0.02903	0.03452	0.19766	0.05435	0.11014	0.01185	0.01737	0.00813	0.01026	0.00670	0.00655	0.02515	0.00176	0.18818	0.00376	0.00287	0.00608
25	0.02591	0.05859	0.04578	0.39086	0.13048	0.01177	0.05378	0.01375	0.02533	0.02692	0.01022	0.01342	0.02988	0.00541	0.00605	0.00160	0.09214	0.00447	0.00250	0.05117

[dist]
# distance from previous block
# <min> <max>
1	7

[block]
# block no. 8 follows, 50 sequences, length 18
# corresponding to MSA columns:
# 591-608
name=unknown_I
#
# <colnr> <probs for GDERKNQSTAVLIFYWHMCP>
#	G	D	E	R	K	N	Q	S	T	A	V	L	I	F	Y	W	H	M	C	P
0	0.01195	0.08175	0.24822	0.01638	0.20541	0.01112	0.06840	0.04195	0.01125	0.08470	0.01179	0.07610	0.01017	0.05093	0.00624	0.00172	0.02220	0.00510	0.00296	0.03167
1	0.00760	0.00550	0.00685	0.00736	0.00812	0.00552	0.00547	0.00977	0.07020	0.01344	0.05432	0.20761	0.05296	0.26371	0.01226	0.00292	0.00409	0.25386	0.00419	0.00424
2	0.00664	0.00492	0.00632	0.00715	0.00802	0.00460	0.00542	0.00808	0.01072	0.01390	0.07433	0.40189	0.18900	0.01417	0.00639	0.00201	0.00327	0.22425	0.00466	0.00427
3	0.00842	0.00675	0.00868	0.00840	0.00958	0.03893	0.00651	0.04754	0.04758	0.01297	0.01347	0.01912	0.01233	0.05598	0.67163	0.00702	0.01208	0.00528	0.00291	0.00483
4	0.00957	0.00793	0.01053	0.24677	0.01719	0.00890	0.00847	0.01557	0.23701	0.03139	0.26387	0.02546	0.05458	0.00780	0.00540	0.00166	0.00421	0.03344	0.00434	0.00592
5	0.00712	0.00534	0.00801	0.00801	0.00890	0.00623	0.00623	0.00890	0.00801	0.01157	0.01335	0.01958	0.01246	0.03738	0.80507	0.00801	0.01335	0.00534	0.00267	0.00445
6	0.01347	0.52226	0.02350	0.01530	0.24467	0.01705	0.01061	0.07451	0.01153	0.01462	0.00805	0.00959	0.00700	0.00445	0.00385	0.00122	0.00552	0.00333	0.00245	0.00700
7	0.00805	0.00591	0.00688	0.00653	0.00739	0.00603	0.00435	0.01044	0.10819	0.01285	0.09825	0.04122	0.01983	0.49079	0.09689	0.00410	0.00520	0.00688	0.00353	0.05669
8	0.01659	0.08106	0.01425	0.05590	0.01536	0.42748	0.00914	0.10429	0.09894	0.06619	0.01145	0.05659	0.00950	0.00599	0.00468	0.00141	0.00698	0.00438	0.00341	0.00643
9	0.49429	0.01135	0.10472	0.00891	0.01227	0.01064	0.05627	0.01549	0.10865	0.01984	0.01151	0.10557	0.01014	0.00618	0.00410	0.00163	0.00447	0.00474	0.00337	0.00588
10	0.05851	0.01906	0.02967	0.06118	0.18635	0.50249	0.01102	0.01780	0.01270	0.01369	0.00819	0.01017	0.00681	0.00558	0.01878	0.00150	0.02416	0.00359	0.00254	0.00621
11	0.00828	0.00748	0.05741	0.06088	0.06057	0.00653	0.00705	0.05315	0.01352	0.01889	0.51551	0.09257	0.05976	0.00941	0.00568	0.00160	0.00339	0.00829	0.00475	0.00527
12	0.00866	0.00433	0.00649	0.00649	0.00649	0.00433	0.00433	0.00649	0.00649	0.00866	0.00866	0.01515	0.00866	0.01732	0.01948	0.85498	0.00433	0.00433	0.00216	0.00216
13	0.02899	0.01964	0.48947	0.01532	0.06812	0.01096	0.15579	0.01477	0.01065	0.01558	0.01207	0.01409	0.05706	0.00723	0.05685	0.00201	0.00747	0.00466	0.00242	0.00685
14	0.01187	0.00934	0.01040	0.00925	0.01185	0.01025	0.00719	0.05914	0.48063	0.06277	0.06727	0.07060	0.03237	0.00977	0.06754	0.00212	0.00456	0.00620	0.00479	0.06208
15	0.00916	0.00761	0.00993	0.00884	0.04181	0.02032	0.04877	0.01124	0.01165	0.04389	0.19582	0.04922	0.18244	0.00838	0.00573	0.00144	0.04099	0.05481	0.00405	0.24388
16	0.01155	0.01322	0.11412	0.02980	0.06595	0.04477	0.06805	0.07285	0.01059	0.01524	0.05199	0.01277	0.00923	0.00744	0.02253	0.00190	0.39190	0.00456	0.00268	0.04886
17	0.01215	0.00850	0.01067	0.00899	0.01166	0.00853	0.04931	0.13103	0.13963	0.12843	0.14968	0.04162	0.13994	0.00970	0.04158	0.00190	0.00441	0.04974	0.00482	0.04771

[dist]
# distance from previous block
# <min> <max>
3	8

[block]
# block no. 9 follows, 50 sequences, length 25
# corresponding to MSA columns:
# 617-641
name=unknown_J
#
# <colnr> <probs for GDERKNQSTAVLIFYWHMCP>
#	G	D	E	R	K	N	Q	S	T	A	V	L	I	F	Y	W	H	M	C	P
0	0.01034	0.00886	0.01034	0.00738	0.01181	0.00664	0.00591	0.01255	0.01034	0.01624	0.00886	0.01034	0.00738	0.00369	0.00369	0.00074	0.00369	0.00295	0.00295	0.85530
