[name]
unknown

[dist]
# distance from previous block
# <min> <max>
4	113

[block]
# block no. 0 follows, 57 sequences, length 77
# corresponding to MSA columns:
# 116-192
name=unknown_A
#
# <colnr> <probs for GDERKNQSTAVLIFYWHMCP>
#	G	D	E	R	K	N	Q	S	T	A	V	L	I	F	Y	W	H	M	C	P
0	0.02684	0.21756	0.17319	0.01025	0.02132	0.07231	0.05810	0.15994	0.02482	0.05373	0.02671	0.01167	0.01936	0.01718	0.02323	0.00143	0.00554	0.01366	0.00290	0.06025
1	0.04283	0.09945	0.12694	0.01060	0.06951	0.02427	0.02039	0.16948	0.02349	0.03414	0.04928	0.02813	0.04879	0.00705	0.03602	0.00162	0.09074	0.03263	0.04559	0.03907
2	0.03527	0.05246	0.21550	0.02359	0.02406	0.10097	0.08768	0.16886	0.05871	0.02972	0.03505	0.03653	0.00909	0.00617	0.03343	0.00157	0.01701	0.00422	0.02685	0.03326
3	0.03328	0.16258	0.03348	0.01059	0.03814	0.17071	0.05373	0.25030	0.05261	0.02650	0.03785	0.02744	0.01947	0.00701	0.05523	0.00166	0.00594	0.00406	0.00323	0.00619
4	0.01438	0.10821	0.01321	0.00943	0.01255	0.12372	0.02911	0.28651	0.10043	0.08919	0.02547	0.01409	0.03334	0.00557	0.00430	0.00130	0.00488	0.03250	0.03253	0.05926
5	0.13481	0.18399	0.08065	0.00821	0.01126	0.03454	0.03349	0.14751	0.01157	0.04560	0.02496	0.01378	0.00934	0.00527	0.00388	0.00128	0.01215	0.05206	0.17994	0.00568
6	0.02572	0.16531	0.04377	0.00995	0.01330	0.01036	0.16848	0.13584	0.01207	0.07922	0.06537	0.05947	0.12597	0.00620	0.00452	0.00134	0.00466	0.00543	0.00340	0.05962
7	0.00805	0.00702	0.00811	0.02065	0.06096	0.05670	0.02879	0.07598	0.01151	0.01456	0.12814	0.12270	0.32413	0.02064	0.00551	0.00160	0.00355	0.09280	0.00398	0.00461
8	0.00942	0.01425	0.37205	0.01022	0.02676	0.00853	0.01090	0.01427	0.11518	0.07096	0.14951	0.03114	0.04741	0.00658	0.00494	0.00150	0.02057	0.06428	0.00336	0.01815
9	0.00698	0.00576	0.00635	0.00635	0.00754	0.05535	0.00492	0.00874	0.01152	0.01509	0.39484	0.06699	0.20245	0.02995	0.00588	0.00165	0.00301	0.15805	0.00441	0.00416
10	0.01207	0.66949	0.02078	0.00801	0.01146	0.10947	0.00754	0.01348	0.00962	0.01080	0.00889	0.00986	0.05258	0.00551	0.03316	0.00126	0.00535	0.00298	0.00213	0.00557
11	0.01665	0.06915	0.01347	0.01145	0.01387	0.77601	0.00870	0.01783	0.01263	0.01107	0.00696	0.00812	0.00584	0.00462	0.00402	0.00116	0.00798	0.00289	0.00231	0.00529
12	0.01719	0.01230	0.01330	0.01025	0.01383	0.01352	0.00845	0.72425	0.04945	0.07374	0.01156	0.01136	0.00813	0.00548	0.00454	0.00137	0.00487	0.00415	0.00460	0.00769
13	0.04968	0.04242	0.15371	0.13224	0.10405	0.17841	0.10681	0.08581	0.02454	0.02751	0.00839	0.01032	0.00647	0.00464	0.00487	0.00140	0.04643	0.00375	0.00248	0.00606
14	0.03769	0.01180	0.01161	0.00971	0.01232	0.12656	0.00778	0.26745	0.20560	0.09763	0.01339	0.01340	0.03332	0.00592	0.00551	0.00144	0.09225	0.00433	0.03567	0.00662
15	0.00623	0.00458	0.00584	0.00561	0.00668	0.00419	0.00417	0.00817	0.01228	0.01707	0.67168	0.08511	0.13187	0.00983	0.00537	0.00146	0.00219	0.00865	0.00485	0.00419
16	0.00552	0.00394	0.00526	0.00631	0.00657	0.00368	0.00421	0.00631	0.00868	0.01157	0.02498	0.83779	0.02997	0.01420	0.00578	0.00184	0.00263	0.01288	0.00421	0.00368
17	0.00899	0.00910	0.04514	0.06896	0.26159	0.08176	0.00909	0.01089	0.00985	0.01307	0.06190	0.29408	0.01745	0.00884	0.01906	0.00167	0.03530	0.03490	0.00311	0.00524
18	0.01048	0.01002	0.01538	0.02209	0.59255	0.03832	0.01153	0.01359	0.06336	0.01490	0.06579	0.01641	0.09513	0.00533	0.00463	0.00138	0.00482	0.00493	0.00279	0.00656
19	0.00559	0.00458	0.00497	0.00522	0.00654	0.00396	0.00396	0.00679	0.01013	0.01230	0.04081	0.14700	0.62420	0.01194	0.00551	0.00163	0.00254	0.09428	0.00420	0.00384
20	0.01716	0.00860	0.01299	0.10131	0.11776	0.00812	0.05752	0.04680	0.01235	0.54670	0.01481	0.01416	0.00974	0.00517	0.00459	0.00141	0.00457	0.00446	0.00454	0.00725
21	0.01391	0.01484	0.01236	0.03491	0.06750	0.34296	0.00865	0.08044	0.31234	0.01569	0.01172	0.01207	0.00911	0.00537	0.00478	0.00138	0.03836	0.00399	0.00334	0.00628
22	0.00557	0.00402	0.00527	0.00618	0.00656	0.00372	0.00417	0.00646	0.00902	0.01201	0.07498	0.74728	0.07048	0.01375	0.00573	0.00180	0.00258	0.01242	0.00426	0.00372
23	0.00665	0.00498	0.00738	0.00731	0.00803	0.00584	0.00564	0.00805	0.00719	0.01037	0.01184	0.01780	0.01120	0.06173	0.73502	0.03921	0.04053	0.00485	0.00241	0.00395
24	0.01727	0.00807	0.01151	0.00898	0.01201	0.00765	0.06005	0.04678	0.02737	0.58129	0.04228	0.01580	0.01169	0.03055	0.03840	0.00177	0.06192	0.00475	0.00485	0.00700
25	0.01018	0.17741	0.58557	0.01182	0.01745	0.06267	0.01428	0.01430	0.00960	0.01331	0.00763	0.00906	0.00577	0.00439	0.00445	0.00135	0.03926	0.00317	0.00195	0.00637
26	0.01007	0.01021	0.01920	0.32256	0.27814	0.01072	0.25594	0.01323	0.00997	0.01352	0.00855	0.01185	0.00666	0.00415	0.00477	0.00146	0.00633	0.00444	0.00217	0.00605
27	0.00671	0.00597	0.04012	0.03506	0.00976	0.00529	0.07778	0.03725	0.00953	0.01282	0.04951	0.64254	0.02572	0.01203	0.00558	0.00175	0.00343	0.01102	0.00391	0.00424
28	0.00709	0.00506	0.00706	0.00810	0.00905	0.00503	0.00693	0.00902	0.01022	0.01332	0.02411	0.14613	0.02655	0.01272	0.00620	0.00206	0.00399	0.68909	0.00418	0.00411
29	0.01481	0.01390	0.01097	0.00938	0.01187	0.31362	0.00732	0.29150	0.04382	0.01892	0.01063	0.01151	0.00816	0.00514	0.00404	0.00122	0.00544	0.00372	0.20807	0.00594
30	0.01211	0.84348	0.02374	0.00775	0.01163	0.01793	0.00775	0.01357	0.00921	0.01066	0.00630	0.00727	0.00582	0.00388	0.00291	0.00097	0.00485	0.00242	0.00194	0.00582
31	0.00568	0.00454	0.00508	0.00508	0.00635	0.00394	0.00376	0.00707	0.01089	0.01388	0.26321	0.11783	0.51453	0.01110	0.00539	0.00153	0.00228	0.00949	0.00443	0.00394
32	0.00940	0.00654	0.00678	0.00625	0.00778	0.03591	0.00473	0.07005	0.12724	0.04272	0.06441	0.02156	0.11100	0.08499	0.06903	0.00203	0.00382	0.00545	0.31545	0.00487
33	0.00552	0.00396	0.00524	0.00627	0.00656	0.00368	0.00419	0.00631	0.00871	0.01158	0.02540	0.82164	0.04585	0.01414	0.00577	0.00183	0.00262	0.01281	0.00421	0.00368
34	0.00748	0.02345	0.04398	0.03663	0.09556	0.00619	0.04128	0.01011	0.03780	0.01641	0.49768	0.10762	0.04101	0.00840	0.00515	0.00146	0.00321	0.00754	0.00418	0.00486
35	0.00637	0.00463	0.00600	0.00566	0.00674	0.00426	0.00424	0.00847	0.01273	0.01794	0.77972	0.03424	0.07328	0.00935	0.00534	0.00143	0.00214	0.00825	0.00496	0.00426
36	0.52544	0.19077	0.01166	0.00733	0.01041	0.08618	0.01768	0.04536	0.00931	0.05134	0.00708	0.00797	0.00560	0.00428	0.00312	0.00129	0.00436	0.00269	0.00275	0.00538
37	0.50664	0.08431	0.06341	0.00878	0.05367	0.11140	0.00717	0.06567	0.00973	0.02936	0.00713	0.00818	0.00558	0.00432	0.00331	0.00132	0.00461	0.00279	0.00273	0.01989
38	0.00979	0.01000	0.04593	0.04173	0.26445	0.09006	0.03238	0.03869	0.04254	0.01528	0.20775	0.02109	0.12838	0.00665	0.00505	0.00141	0.02408	0.00576	0.00333	0.00565
39	0.03594	0.03471	0.52110	0.09514	0.02008	0.02382	0.09988	0.07358	0.01059	0.03126	0.00853	0.01019	0.00613	0.00438	0.00439	0.00143	0.00644	0.00366	0.00227	0.00647
40	0.00684	0.00533	0.00772	0.00752	0.00817	0.00638	0.00581	0.00823	0.00718	0.01038	0.01172	0.01819	0.01129	0.11255	0.65930	0.00645	0.09559	0.00494	0.00241	0.00401
41	0.06709	0.00811	0.00935	0.00689	0.01068	0.00659	0.00554	0.03586	0.00983	0.07367	0.00887	0.01003	0.00710	0.00466	0.03074	0.00101	0.00374	0.00292	0.00295	0.69436
42	0.01950	0.00772	0.01034	0.00801	0.01140	0.00681	0.00659	0.03149	0.03913	0.74913	0.03361	0.01581	0.01190	0.00569	0.00455	0.00140	0.00380	0.00464	0.02092	0.00756
43	0.00991	0.00991	0.01388	0.01190	0.01190	0.01388	0.00991	0.01091	0.00694	0.01091	0.00595	0.00991	0.00595	0.00793	0.01487	0.00198	0.83246	0.00397	0.00198	0.00496
44	0.00862	0.00812	0.01370	0.81088	0.04970	0.01008	0.01262	0.01163	0.00909	0.01165	0.00807	0.01206	0.00607	0.00452	0.00453	0.00151	0.00602	0.00403	0.00202	0.00508
45	0.00579	0.00417	0.00533	0.00592	0.00641	0.00388	0.00401	0.00679	0.00940	0.01262	0.17752	0.53843	0.09317	0.09549	0.00739	0.00199	0.00268	0.01108	0.00421	0.00371
46	0.00552	0.00463	0.00482	0.00487	0.00635	0.00393	0.00372	0.00676	0.01043	0.01256	0.07491	0.04369	0.73122	0.01145	0.00541	0.00156	0.00241	0.05766	0.00424	0.00386
47	0.00552	0.00394	0.00526	0.00631	0.00657	0.00368	0.00421	0.00631	0.00868	0.01157	0.02498	0.83779	0.02997	0.01420	0.00578	0.00184	0.00263	0.01288	0.00421	0.00368
48	0.00845	0.00422	0.00422	0.00422	0.00528	0.00422	0.00317	0.01056	0.00950	0.01689	0.01478	0.01689	0.01161	0.00528	0.00317	0.00106	0.00211	0.00422	0.86591	0.00422
49	0.01940	0.00752	0.01015	0.00785	0.01123	0.00648	0.00646	0.02111	0.01280	0.76554	0.01962	0.01718	0.06105	0.00597	0.00461	0.00141	0.00376	0.00487	0.00552	0.00747
50	0.01615	0.01191	0.01274	0.00994	0.01328	0.01319	0.00812	0.69019	0.07327	0.02683	0.01165	0.01213	0.00855	0.03330	0.00511	0.00146	0.00477	0.00424	0.03581	0.00738
51	0.01723	0.01269	0.01360	0.01043	0.01405	0.01405	0.00861	0.79738	0.02131	0.02856	0.01088	0.01088	0.00771	0.00544	0.00453	0.00136	0.00499	0.00408	0.00453	0.00771
52	0.01119	0.59305	0.26608	0.00933	0.01407	0.01567	0.01050	0.01381	0.00932	0.01179	0.00686	0.00797	0.00579	0.00401	0.00333	0.00111	0.00541	0.00271	0.00193	0.00608
53	0.00641	0.00463	0.00606	0.00570	0.00677	0.00428	0.00428	0.00855	0.01283	0.01817	0.81009	0.03385	0.04276	0.00926	0.00534	0.00143	0.00214	0.00819	0.00499	0.00428
54	0.00659	0.00439	0.00494	0.00494	0.00494	0.00439	0.00275	0.00659	0.00659	0.00879	0.01428	0.02965	0.01647	0.84075	0.02306	0.00439	0.00439	0.00659	0.00275	0.00275
55	0.01058	0.01325	0.11123	0.04672	0.02303	0.01142	0.64897	0.03285	0.01069	0.01465	0.00899	0.01185	0.00672	0.00402	0.00539	0.00152	0.02465	0.00503	0.00229	0.00615
56	0.01008	0.00580	0.00738	0.00649	0.00830	0.00541	0.00504	0.01297	0.08033	0.20787	0.50367	0.02865	0.08301	0.00827	0.00509	0.00144	0.00268	0.00716	0.00505	0.00531
57	0.00730	0.00522	0.00730	0.00835	0.00939	0.00522	0.00730	0.00939	0.01043	0.01356	0.02399	0.05111	0.02608	0.01252	0.00626	0.00209	0.00417	0.78199	0.00417	0.00417
58	0.00552	0.00394	0.00526	0.00631	0.00657	0.00368	0.00421	0.00631	0.00868	0.01157	0.02498	0.83779	0.02997	0.01420	0.00578	0.00184	0.00263	0.01288	0.00421	0.00368
59	0.00760	0.00544	0.00745	0.00834	0.00945	0.00548	0.00723	0.03793	0.01076	0.01403	0.02355	0.07935	0.02556	0.01232	0.00618	0.00205	0.00414	0.72465	0.00419	0.00428
60	0.01601	0.01761	0.01398	0.01416	0.15179	0.49051	0.00961	0.20241	0.01442	0.01588	0.00819	0.00934	0.00651	0.00474	0.00426	0.00124	0.00693	0.00339	0.00284	0.00617
61	0.01073	0.00850	0.01021	0.07229	0.01274	0.00719	0.00634	0.09045	0.01076	0.06146	0.00889	0.01010	0.00701	0.00378	0.00363	0.00085	0.00376	0.00304	0.00298	0.66529
62	0.01023	0.01715	0.41199	0.01443	0.01973	0.01065	0.29098	0.01551	0.08867	0.04480	0.01020	0.02724	0.00761	0.00455	0.00474	0.00148	0.00654	0.00446	0.00250	0.00652
63	0.00787	0.00394	0.00590	0.00590	0.00590	0.00394	0.00394	0.00590	0.00590	0.00787	0.00787	0.01377	0.00787	0.01574	0.01771	0.86816	0.00394	0.00394	0.00197	0.00197
64	0.01578	0.01339	0.01271	0.04023	0.01408	0.15324	0.00841	0.50557	0.12218	0.02326	0.01123	0.01145	0.00826	0.00536	0.00442	0.00135	0.00530	0.00402	0.03276	0.00700
65	0.00928	0.07456	0.76781	0.01259	0.01911	0.01099	0.01618	0.01430	0.00954	0.01412	0.00802	0.00942	0.00574	0.00428	0.00422	0.00141	0.00658	0.00329	0.00191	0.00664
66	0.01205	0.00787	0.00877	0.00739	0.00925	0.00846	0.00572	0.35345	0.01363	0.01936	0.01135	0.01417	0.00924	0.05175	0.00837	0.21389	0.00394	0.00421	0.23201	0.00512
67	0.04208	0.01044	0.01676	0.22579	0.09398	0.03829	0.19962	0.07200	0.01003	0.01398	0.00815	0.01136	0.00660	0.00622	0.03675	0.00179	0.19391	0.00427	0.00234	0.00564
68	0.01001	0.04904	0.51477	0.01626	0.18791	0.01074	0.08744	0.01430	0.00988	0.03281	0.00872	0.02234	0.00663	0.00436	0.00442	0.00141	0.00631	0.00381	0.00214	0.00669
69	0.01528	0.01261	0.06329	0.03449	0.01438	0.02452	0.00916	0.53487	0.09182	0.05303	0.01104	0.01143	0.00804	0.00565	0.00556	0.00145	0.08800	0.00412	0.00406	0.00720
70	0.00855	0.00779	0.01180	0.42426	0.11603	0.03297	0.00995	0.01113	0.01035	0.01394	0.24265	0.01822	0.01699	0.00600	0.00511	0.00147	0.03576	0.00521	0.01675	0.00506
71	0.00589	0.00461	0.00533	0.00515	0.00645	0.00405	0.00386	0.00754	0.01159	0.01524	0.43238	0.03867	0.42230	0.01036	0.00535	0.00148	0.00222	0.00887	0.00460	0.00405
72	0.00878	0.01372	0.34121	0.01022	0.03215	0.00852	0.03260	0.01420	0.15893	0.02622	0.23498	0.02001	0.05763	0.00647	0.00476	0.00146	0.00457	0.01414	0.00347	0.00595
73	0.00552	0.00394	0.00526	0.00631	0.00657	0.00368	0.00421	0.00631	0.00868	0.01157	0.02498	0.83779	0.02997	0.01420	0.00578	0.00184	0.00263	0.01288	0.00421	0.00368
74	0.04075	0.01088	0.02144	0.04540	0.16822	0.01074	0.48008	0.01352	0.01044	0.01480	0.08043	0.01366	0.00999	0.00462	0.00562	0.00151	0.05425	0.00513	0.00252	0.00600
75	0.00909	0.02344	0.81727	0.01292	0.01961	0.01052	0.01674	0.01435	0.00957	0.01435	0.00813	0.00957	0.00574	0.00431	0.00431	0.00144	0.00670	0.00335	0.00191	0.00670
76	0.00942	0.06354	0.15725	0.00900	0.01177	0.02560	0.00819	0.01640	0.35405	0.01568	0.06644	0.18917	0.01722	0.00770	0.00478	0.00155	0.00405	0.02840	0.00383	0.00596

[dist]
# distance from previous block
# <min> <max>
0	1

[block]
# block no. 1 follows, 57 sequences, length 18
# corresponding to MSA columns:
# 194-196,205-216,218-220
name=unknown_B
#
# <colnr> <probs for GDERKNQSTAVLIFYWHMCP>
#	G	D	E	R	K	N	Q	S	T	A	V	L	I	F	Y	W	H	M	C	P
0	0.01045	0.00926	0.05236	0.00805	0.03588	0.00711	0.00654	0.05790	0.04164	0.05126	0.00908	0.01011	0.00721	0.00376	0.00361	0.00084	0.00372	0.00302	0.00294	0.67526
1	0.01160	0.01002	0.05738	0.05476	0.01611	0.00925	0.27971	0.12115	0.04324	0.10541	0.03100	0.01690	0.06402	0.00551	0.00474	0.00143	0.00519	0.02961	0.12697	0.00600
2	0.00954	0.00455	0.00480	0.00458	0.00586	0.00445	0.00349	0.01162	0.00982	0.09056	0.01507	0.01676	0.01158	0.00531	0.00330	0.00109	0.00227	0.00425	0.78656	0.00455
3	0.01423	0.01160	0.17981	0.00961	0.01342	0.00870	0.05003	0.14186	0.05081	0.30805	0.09790	0.01628	0.03918	0.00581	0.00461	0.00141	0.00453	0.00483	0.03052	0.00680
4	0.07290	0.01048	0.11097	0.00899	0.02968	0.02747	0.00793	0.08510	0.05742	0.25563	0.03543	0.01575	0.01089	0.00551	0.00431	0.00131	0.00428	0.06765	0.00391	0.18438
5	0.00612	0.00539	0.03899	0.00566	0.00711	0.00441	0.00453	0.00797	0.01146	0.01538	0.44667	0.05222	0.32397	0.01095	0.03757	0.00170	0.00279	0.00847	0.00446	0.00419
6	0.00659	0.00439	0.00494	0.00494	0.00494	0.00439	0.00275	0.00659	0.00659	0.00879	0.01428	0.02965	0.01647	0.84075	0.02306	0.00439	0.00439	0.00659	0.00275	0.00275
7	0.21857	0.03269	0.01038	0.00786	0.01096	0.00974	0.00646	0.15735	0.01085	0.01798	0.00798	0.00942	0.00648	0.00535	0.02783	0.00132	0.09932	0.00309	0.00295	0.35342
8	0.00998	0.05116	0.23634	0.03710	0.05075	0.03402	0.26196	0.01361	0.03233	0.02797	0.03686	0.06463	0.01005	0.00562	0.00570	0.00153	0.07635	0.03558	0.00254	0.00592
9	0.00659	0.00439	0.00494	0.00494	0.00494	0.00439	0.00275	0.00659	0.00659	0.00879	0.01428	0.02965	0.01647	0.84075	0.02306	0.00439	0.00439	0.00659	0.00275	0.00275
10	0.00550	0.00401	0.00519	0.00614	0.00653	0.00369	0.00413	0.00633	0.00884	0.01163	0.02701	0.76054	0.10591	0.01393	0.00574	0.00181	0.00260	0.01256	0.00421	0.00369
11	0.01005	0.01206	0.14453	0.26073	0.36040	0.01060	0.07535	0.01376	0.04259	0.01393	0.00878	0.01152	0.00686	0.00430	0.00454	0.00143	0.00589	0.00407	0.00222	0.00638
12	0.00647	0.00485	0.00728	0.00728	0.00809	0.00566	0.00566	0.00809	0.00728	0.01052	0.01214	0.01780	0.01133	0.03398	0.82279	0.00728	0.01214	0.00485	0.00243	0.00405
13	0.00631	0.00430	0.00516	0.00553	0.00566	0.00422	0.00342	0.00665	0.00742	0.00987	0.01800	0.27337	0.02103	0.54920	0.01700	0.00351	0.00385	0.04914	0.00326	0.00310
14	0.00647	0.00485	0.00728	0.00728	0.00809	0.00566	0.00566	0.00809	0.00728	0.01052	0.01214	0.01780	0.01133	0.03398	0.82279	0.00728	0.01214	0.00485	0.00243	0.00405
15	0.01006	0.00835	0.00914	0.00824	0.01040	0.00933	0.00638	0.04644	0.54602	0.01906	0.24928	0.02164	0.02206	0.00703	0.00482	0.00150	0.00321	0.00598	0.00472	0.00635
16	0.82937	0.05084	0.00752	0.00605	0.00891	0.01056	0.00505	0.01333	0.00779	0.01984	0.00631	0.00736	0.00495	0.00419	0.00281	0.00138	0.00357	0.00245	0.00276	0.00495
17	0.01046	0.01094	0.02075	0.07184	0.19900	0.01129	0.39705	0.01398	0.05007	0.01425	0.03550	0.01263	0.00830	0.00477	0.00635	0.00154	0.11788	0.00486	0.00243	0.00612

[dist]
# distance from previous block
# <min> <max>
0	1

[block]
# block no. 2 follows, 57 sequences, length 18
# corresponding to MSA columns:
# 222-224,229-243
name=unknown_C
#
# <colnr> <probs for GDERKNQSTAVLIFYWHMCP>
#	G	D	E	R	K	N	Q	S	T	A	V	L	I	F	Y	W	H	M	C	P
0	0.03839	0.14878	0.06220	0.26976	0.10537	0.04369	0.00997	0.01331	0.08560	0.01312	0.01121	0.05272	0.04058	0.00546	0.00476	0.00141	0.04820	0.00439	0.03553	0.00556
1	0.00552	0.00456	0.00480	0.00480	0.00617	0.00389	0.00355	0.00673	0.01042	0.01278	0.13178	0.07462	0.66419	0.03871	0.00596	0.00163	0.00236	0.00944	0.00425	0.00384
2	0.01437	0.03552	0.04538	0.00999	0.01328	0.21841	0.00820	0.28086	0.16473	0.01915	0.01066	0.01096	0.00811	0.00497	0.00420	0.00123	0.00535	0.00370	0.00353	0.13739
3	0.00996	0.00875	0.01143	0.00986	0.01112	0.03674	0.05361	0.14945	0.01068	0.01482	0.05639	0.14625	0.03658	0.01190	0.12177	0.00248	0.28282	0.00598	0.01431	0.00511
4	0.08502	0.18396	0.06742	0.01134	0.04852	0.06111	0.12885	0.13488	0.14107	0.01667	0.01127	0.04291	0.02663	0.00520	0.00434	0.00136	0.01584	0.00430	0.00307	0.00624
5	0.14162	0.01016	0.00882	0.00796	0.01020	0.14728	0.00616	0.04794	0.26584	0.02968	0.14608	0.02016	0.12642	0.00681	0.00447	0.00143	0.00400	0.00541	0.00397	0.00560
6	0.00793	0.13198	0.00883	0.00603	0.00770	0.00643	0.00485	0.00985	0.01203	0.06021	0.56668	0.02980	0.11386	0.00847	0.00493	0.00137	0.00266	0.00726	0.00448	0.00465
7	0.00907	0.00576	0.00733	0.00760	0.00891	0.02363	0.00609	0.01118	0.04647	0.13501	0.06639	0.26610	0.04337	0.01128	0.00567	0.00182	0.00359	0.33157	0.00442	0.00473
8	0.01128	0.01003	0.00998	0.00768	0.01123	0.13006	0.00606	0.03310	0.01034	0.06549	0.00882	0.01010	0.00715	0.00543	0.04856	0.00117	0.00464	0.00299	0.00285	0.61304
9	0.00817	0.00518	0.00626	0.00611	0.00774	0.00460	0.00489	0.00971	0.01096	0.13494	0.11708	0.06673	0.41056	0.01067	0.00544	0.00163	0.00294	0.17736	0.00450	0.00453
10	0.13700	0.00469	0.00545	0.00621	0.00689	0.00467	0.00429	0.00738	0.00857	0.01291	0.02269	0.69114	0.04656	0.01261	0.00532	0.00177	0.00275	0.01121	0.00399	0.00387
11	0.03000	0.00995	0.04590	0.01030	0.05598	0.01010	0.00820	0.22793	0.04379	0.26803	0.06480	0.03513	0.01155	0.00622	0.00612	0.00149	0.12979	0.00469	0.02329	0.00675
12	0.00730	0.00527	0.00652	0.00693	0.00771	0.00525	0.00487	0.12625	0.01059	0.01414	0.02284	0.71242	0.02659	0.01287	0.00559	0.00177	0.00299	0.01155	0.00426	0.00429
13	0.05084	0.00758	0.00982	0.00790	0.01090	0.00694	0.00638	0.08140	0.01278	0.59993	0.01795	0.13943	0.01353	0.00684	0.00467	0.00147	0.00375	0.00570	0.00520	0.00699
14	0.01178	0.64727	0.04418	0.00835	0.01190	0.01648	0.00805	0.01504	0.12964	0.01204	0.00817	0.00894	0.00704	0.00446	0.00387	0.00112	0.05039	0.00294	0.00235	0.00600
15	0.01122	0.01077	0.01839	0.02781	0.81248	0.01077	0.01391	0.01391	0.01032	0.01480	0.00852	0.01122	0.00718	0.00404	0.00449	0.00135	0.00538	0.00404	0.00224	0.00718
16	0.00647	0.00485	0.00728	0.00728	0.00809	0.00566	0.00566	0.00809	0.00728	0.01052	0.01214	0.01780	0.01133	0.03398	0.82279	0.00728	0.01214	0.00485	0.00243	0.00405
17	0.01543	0.01938	0.01179	0.01080	0.01300	0.71659	0.00809	0.01659	0.01247	0.01122	0.01145	0.03496	0.08818	0.00563	0.00426	0.00122	0.00742	0.00387	0.00258	0.00506

[dist]
# distance from previous block
# <min> <max>
0	2

[block]
# block no. 3 follows, 57 sequences, length 34
# corresponding to MSA columns:
# 246-279
name=unknown_D
#
# <colnr> <probs for GDERKNQSTAVLIFYWHMCP>
#	G	D	E	R	K	N	Q	S	T	A	V	L	I	F	Y	W	H	M	C	P
0	0.03829	0.70619	0.02186	0.00806	0.01187	0.01717	0.00779	0.11977	0.01080	0.01337	0.00692	0.00776	0.00604	0.00410	0.00312	0.00103	0.00483	0.00265	0.00232	0.00604
1	0.00552	0.00394	0.00526	0.00631	0.00657	0.00368	0.00421	0.00631	0.00868	0.01157	0.02498	0.83779	0.02997	0.01420	0.00578	0.00184	0.00263	0.01288	0.00421	0.00368
2	0.00780	0.00620	0.00696	0.00642	0.00812	0.00622	0.00495	0.06626	0.16886	0.01701	0.32977	0.03247	0.28606	0.00918	0.00517	0.00149	0.00272	0.02482	0.00461	0.00494
3	0.01277	0.07992	0.08967	0.13006	0.06433	0.11556	0.09796	0.14078	0.07970	0.07737	0.01073	0.01977	0.01775	0.00566	0.01891	0.01977	0.00586	0.00415	0.00304	0.00623
4	0.00593	0.00437	0.00551	0.00625	0.00681	0.00413	0.00429	0.02332	0.02912	0.01245	0.05885	0.67718	0.11833	0.01330	0.00566	0.00177	0.00264	0.01194	0.00426	0.00389
5	0.00845	0.00422	0.00422	0.00422	0.00528	0.00422	0.00317	0.01056	0.00950	0.01689	0.01478	0.01689	0.01161	0.00528	0.00317	0.00106	0.00211	0.00422	0.86591	0.00422
6	0.00620	0.00489	0.00643	0.00645	0.00750	0.00455	0.03646	0.00809	0.04705	0.01377	0.21312	0.37663	0.21500	0.01157	0.00552	0.00165	0.00271	0.02395	0.00433	0.00412
7	0.03460	0.28471	0.21563	0.01091	0.03093	0.22228	0.03468	0.04271	0.03345	0.01310	0.00814	0.01010	0.00678	0.00459	0.00387	0.00124	0.00617	0.02784	0.00231	0.00596
8	0.00648	0.00481	0.00708	0.00708	0.00782	0.00555	0.00541	0.00796	0.00722	0.01037	0.01232	0.01883	0.01178	0.10419	0.75321	0.00703	0.01146	0.00501	0.00246	0.00393
9	0.00730	0.00522	0.00730	0.00835	0.00939	0.00522	0.00730	0.00939	0.01043	0.01356	0.02399	0.05111	0.02608	0.01252	0.00626	0.00209	0.00417	0.78199	0.00417	0.00417
10	0.02909	0.00811	0.01183	0.07940	0.07856	0.01900	0.13234	0.11076	0.04505	0.01655	0.01365	0.03437	0.02783	0.00770	0.05802	0.00178	0.00496	0.06919	0.24641	0.00539
11	0.02190	0.03751	0.08427	0.04122	0.19930	0.16911	0.10368	0.10759	0.03908	0.01543	0.02222	0.07959	0.00985	0.00553	0.00457	0.00139	0.00580	0.02162	0.02425	0.00610
12	0.01011	0.01025	0.01385	0.01189	0.01196	0.03699	0.00988	0.01111	0.00711	0.01091	0.00598	0.00986	0.00595	0.00784	0.01456	0.00196	0.80890	0.00394	0.00199	0.00497
13	0.00576	0.00465	0.00514	0.00511	0.00644	0.00408	0.00380	0.00737	0.02612	0.01388	0.24522	0.10550	0.52892	0.01101	0.00537	0.00153	0.00231	0.00939	0.00442	0.00400
14	0.04425	0.00917	0.01098	0.00847	0.01196	0.07369	0.03863	0.03444	0.01204	0.49397	0.01418	0.02731	0.00971	0.00509	0.00426	0.00124	0.00425	0.00413	0.00446	0.18776
15	0.00935	0.03739	0.01494	0.01503	0.20526	0.00967	0.14564	0.01134	0.00936	0.02700	0.06729	0.17901	0.01410	0.00851	0.04052	0.00185	0.18916	0.00630	0.00283	0.00543
16	0.02024	0.00786	0.01061	0.00813	0.01164	0.00688	0.00672	0.04551	0.01322	0.79184	0.01767	0.01529	0.01111	0.00560	0.00456	0.00140	0.00389	0.00454	0.00558	0.00771
17	0.04853	0.00808	0.01041	0.00814	0.01149	0.00746	0.00666	0.05736	0.07781	0.67287	0.01714	0.01530	0.01114	0.02008	0.00482	0.00146	0.00388	0.00454	0.00533	0.00748
18	0.01149	0.03705	0.01052	0.02961	0.06216	0.02268	0.02426	0.09633	0.21759	0.13495	0.08400	0.02235	0.16711	0.00798	0.03080	0.00165	0.00408	0.02507	0.00423	0.00610
19	0.01132	0.01191	0.01608	0.11648	0.08219	0.12829	0.14309	0.04392	0.04197	0.01296	0.00782	0.01075	0.00659	0.00586	0.00876	0.00164	0.33837	0.00411	0.00232	0.00558
20	0.53626	0.01343	0.00890	0.00804	0.01064	0.31175	0.00630	0.01503	0.00966	0.01682	0.00675	0.00787	0.00540	0.00440	0.00329	0.00131	0.00521	0.00266	0.02126	0.00502
21	0.00970	0.00948	0.01664	0.03320	0.01615	0.00992	0.34273	0.01461	0.17856	0.01472	0.06118	0.01691	0.01199	0.04309	0.08607	0.00224	0.07394	0.02877	0.02443	0.00566
22	0.00564	0.00400	0.00527	0.00624	0.00649	0.00377	0.00415	0.00639	0.00854	0.01138	0.02408	0.75656	0.02879	0.08179	0.00721	0.00205	0.00280	0.02714	0.00409	0.00361
23	0.00702	0.00507	0.00604	0.00564	0.00688	0.00473	0.00417	0.04931	0.01188	0.03327	0.45654	0.04406	0.23339	0.10343	0.00729	0.00179	0.00262	0.00813	0.00452	0.00423
24	0.01585	0.01250	0.07843	0.01014	0.01379	0.01242	0.00880	0.54782	0.10637	0.10292	0.01260	0.03637	0.00923	0.00570	0.00456	0.00140	0.00479	0.00444	0.00442	0.00745
25	0.00787	0.00394	0.00590	0.00590	0.00590	0.00394	0.00394	0.00590	0.00590	0.00787	0.00787	0.01377	0.00787	0.01574	0.01771	0.86816	0.00394	0.00394	0.00197	0.00197
26	0.00611	0.00444	0.00586	0.00656	0.00689	0.00445	0.00460	0.00698	0.00851	0.01142	0.03771	0.54667	0.02608	0.14573	0.03469	0.00244	0.03715	0.09619	0.00384	0.00366
27	0.01058	0.02519	0.05166	0.01798	0.02216	0.01178	0.67764	0.01413	0.01025	0.01408	0.00876	0.01182	0.00673	0.00426	0.00625	0.00156	0.09184	0.00509	0.00224	0.00601
28	0.00739	0.00620	0.00764	0.00754	0.00849	0.07245	0.00584	0.00899	0.00781	0.01077	0.01180	0.01698	0.01089	0.03067	0.72966	0.00658	0.01149	0.00468	0.02997	0.00415
29	0.01285	0.00978	0.01060	0.00916	0.01191	0.01097	0.00723	0.13302	0.58768	0.09917	0.04455	0.01649	0.01370	0.00610	0.00462	0.00149	0.00376	0.00502	0.00471	0.00720
30	0.00842	0.00657	0.00853	0.00799	0.00957	0.00662	0.05495	0.14945	0.04163	0.01547	0.02442	0.32728	0.15976	0.01144	0.02575	0.00184	0.00381	0.12759	0.00411	0.00479
31	0.01580	0.01283	0.01286	0.01036	0.01344	0.22103	0.07211	0.19486	0.05964	0.21064	0.03262	0.01324	0.03467	0.00543	0.00474	0.00133	0.02597	0.00426	0.00389	0.05028
32	0.00754	0.00436	0.00482	0.03100	0.00632	0.00432	0.00359	0.00905	0.00900	0.01434	0.01857	0.12289	0.09046	0.11545	0.00668	0.02308	0.00266	0.00610	0.51588	0.00390
33	0.59412	0.03581	0.00817	0.00671	0.00949	0.03822	0.00549	0.09359	0.04894	0.02006	0.00814	0.00905	0.00629	0.00450	0.00316	0.00134	0.00375	0.00292	0.07364	0.02664

[dist]
# distance from previous block
# <min> <max>
0	31

[block]
# block no. 4 follows, 57 sequences, length 15
# corresponding to MSA columns:
# 311-325
name=unknown_E
#
# <colnr> <probs for GDERKNQSTAVLIFYWHMCP>
#	G	D	E	R	K	N	Q	S	T	A	V	L	I	F	Y	W	H	M	C	P
0	0.04230	0.00823	0.01080	0.01052	0.11307	0.00799	0.00746	0.06862	0.11450	0.39872	0.05843	0.01932	0.05725	0.00638	0.00469	0.00146	0.00392	0.05478	0.00469	0.00687
1	0.00784	0.00423	0.00449	0.00468	0.00564	0.00416	0.00346	0.00971	0.00944	0.01579	0.01794	0.14121	0.04960	0.00710	0.00375	0.00123	0.00226	0.03010	0.67324	0.00412
2	0.01013	0.01149	0.06554	0.08388	0.16900	0.02983	0.39465	0.01328	0.01013	0.01389	0.03385	0.04888	0.00900	0.00589	0.03494	0.00172	0.05042	0.00515	0.00239	0.00594
3	0.01481	0.07676	0.01380	0.18614	0.01752	0.56498	0.00950	0.04230	0.01206	0.01174	0.00731	0.00903	0.00594	0.00461	0.00411	0.00123	0.00737	0.00316	0.00231	0.00533
4	0.00657	0.00449	0.00541	0.00541	0.00558	0.00465	0.00333	0.00689	0.00673	0.00914	0.01385	0.02726	0.01544	0.67802	0.18438	0.00498	0.00596	0.00624	0.00268	0.00301
5	0.00576	0.00444	0.00518	0.00539	0.00640	0.00396	0.00388	0.00700	0.01026	0.01323	0.20944	0.23878	0.37604	0.06077	0.00653	0.00177	0.00252	0.03052	0.00429	0.00384
6	0.01122	0.01072	0.01804	0.02702	0.77816	0.01079	0.01362	0.01434	0.04436	0.01498	0.00895	0.01146	0.00746	0.00413	0.00449	0.00135	0.00531	0.00408	0.00234	0.00718
7	0.00787	0.00394	0.00590	0.00590	0.00590	0.00394	0.00394	0.00590	0.00590	0.00787	0.00787	0.01377	0.00787	0.01574	0.01771	0.86816	0.00394	0.00394	0.00197	0.00197
8	0.01693	0.02160	0.01284	0.01167	0.01401	0.82256	0.00876	0.01809	0.01284	0.01109	0.00700	0.00817	0.00584	0.00467	0.00409	0.00117	0.00817	0.00292	0.00233	0.00525
9	0.00576	0.00414	0.00516	0.00581	0.00620	0.00387	0.00383	0.00649	0.00863	0.01139	0.06143	0.54850	0.11593	0.17994	0.00919	0.00230	0.00292	0.01103	0.00395	0.00354
10	0.02756	0.16448	0.60309	0.01203	0.01797	0.01196	0.04541	0.04235	0.00993	0.01435	0.00792	0.00928	0.00585	0.00425	0.00408	0.00135	0.00629	0.00327	0.00204	0.00652
11	0.00828	0.00560	0.00718	0.03663	0.02547	0.00554	0.00549	0.06835	0.03959	0.06817	0.02357	0.34084	0.14717	0.01166	0.00680	0.09855	0.00336	0.08940	0.00397	0.00439
12	0.00681	0.00493	0.00613	0.00579	0.00701	0.00462	0.00442	0.03725	0.01259	0.01759	0.62052	0.03414	0.12979	0.00935	0.00526	0.00145	0.00235	0.04172	0.04394	0.00434
13	0.01687	0.00796	0.01007	0.00797	0.01090	0.00753	0.00644	0.16806	0.01375	0.49458	0.06935	0.01717	0.04876	0.02205	0.00605	0.07197	0.00390	0.00492	0.00495	0.00675
14	0.01229	0.07468	0.22999	0.03568	0.20158	0.17726	0.04293	0.08183	0.02562	0.03175	0.00914	0.04029	0.00747	0.00479	0.00434	0.00134	0.00617	0.00392	0.00253	0.00639

[dist]
# distance from previous block
# <min> <max>
0	7

[block]
# block no. 5 follows, 57 sequences, length 42
# corresponding to MSA columns:
# 333-364,375-384
name=unknown_F
#
# <colnr> <probs for GDERKNQSTAVLIFYWHMCP>
#	G	D	E	R	K	N	Q	S	T	A	V	L	I	F	Y	W	H	M	C	P
0	0.04854	0.69236	0.10688	0.00811	0.01215	0.01635	0.00844	0.01354	0.00919	0.01168	0.00678	0.00784	0.00596	0.00398	0.00306	0.00104	0.00489	0.00258	0.03082	0.00582
1	0.00650	0.00434	0.00516	0.00529	0.00537	0.00436	0.00315	0.00661	0.00686	0.00920	0.01523	0.13036	0.01752	0.65477	0.06649	0.04124	0.00459	0.00717	0.00288	0.00290
2	0.29880	0.02809	0.06566	0.00824	0.02710	0.07732	0.00688	0.11576	0.04224	0.07558	0.14853	0.01425	0.01322	0.00660	0.03496	0.00159	0.00447	0.00418	0.02090	0.00562
3	0.01351	0.07649	0.24530	0.01200	0.01580	0.43729	0.05755	0.01643	0.03780	0.01245	0.00793	0.00930	0.00628	0.00530	0.02635	0.00143	0.00744	0.00328	0.00226	0.00579
4	0.00635	0.00429	0.00513	0.00557	0.00590	0.00415	0.00364	0.00700	0.00802	0.01094	0.02048	0.31407	0.06572	0.38098	0.01327	0.00291	0.00346	0.06068	0.07410	0.00335
5	0.01096	0.33112	0.32073	0.01056	0.01513	0.04305	0.05202	0.04757	0.02894	0.01340	0.00808	0.00969	0.00653	0.02227	0.00458	0.00132	0.03515	0.00328	0.02952	0.00611
6	0.09524	0.05538	0.02254	0.00693	0.00901	0.00711	0.00558	0.01083	0.00957	0.06966	0.11596	0.17896	0.04756	0.00744	0.00528	0.00134	0.08312	0.00602	0.06566	0.19681
7	0.04919	0.36879	0.26646	0.00962	0.01410	0.06331	0.01036	0.02859	0.01015	0.10179	0.00883	0.01040	0.00703	0.00457	0.00373	0.00123	0.00544	0.02769	0.00251	0.00621
8	0.00759	0.00619	0.00664	0.00625	0.00792	0.01609	0.00477	0.07689	0.12371	0.01560	0.17345	0.10073	0.39987	0.00998	0.00522	0.00153	0.00282	0.02562	0.00441	0.00472
9	0.00597	0.00423	0.00557	0.00645	0.00683	0.00404	0.00452	0.00691	0.00883	0.01175	0.04828	0.58314	0.02804	0.11818	0.00803	0.00219	0.00309	0.13626	0.00404	0.00366
10	0.00907	0.00675	0.02084	0.00679	0.00859	0.04051	0.02046	0.06277	0.02949	0.10416	0.38983	0.07667	0.18835	0.00889	0.00515	0.00146	0.00305	0.00765	0.00460	0.00493
11	0.04019	0.00923	0.01094	0.03296	0.07677	0.07240	0.04156	0.16800	0.05813	0.06302	0.04269	0.15925	0.03924	0.00811	0.00597	0.05477	0.03157	0.05261	0.00365	0.02894
12	0.00559	0.00404	0.00527	0.00618	0.00656	0.00375	0.00417	0.00646	0.00892	0.01184	0.05647	0.72882	0.07996	0.03079	0.00610	0.00186	0.00265	0.02268	0.00421	0.00370
13	0.00595	0.00415	0.00546	0.00636	0.00682	0.00385	0.00440	0.00688	0.00904	0.02897	0.03994	0.71478	0.07432	0.01367	0.00575	0.00182	0.00272	0.05708	0.00425	0.00381
14	0.01056	0.06017	0.04861	0.03465	0.07745	0.01222	0.48975	0.01360	0.00974	0.01350	0.00823	0.01130	0.00659	0.00472	0.00706	0.00157	0.17746	0.00471	0.00219	0.00593
15	0.01068	0.01217	0.05516	0.01767	0.02196	0.01117	0.67131	0.04434	0.01086	0.01478	0.00964	0.01348	0.00757	0.00459	0.00580	0.02225	0.02458	0.03358	0.00242	0.00600
16	0.01671	0.07632	0.01393	0.01088	0.01386	0.43078	0.00863	0.34027	0.01609	0.01829	0.00856	0.00923	0.00661	0.00493	0.00419	0.00123	0.00662	0.00336	0.00322	0.00631
17	0.02844	0.66346	0.02139	0.00830	0.01206	0.04922	0.00788	0.13868	0.01125	0.01370	0.00706	0.00788	0.00610	0.00416	0.00321	0.00105	0.00498	0.00271	0.00238	0.00608
18	0.00555	0.00410	0.00519	0.00597	0.00650	0.00374	0.00408	0.00648	0.00922	0.01209	0.07655	0.64817	0.16896	0.01341	0.00568	0.00176	0.00254	0.01201	0.00425	0.00374
19	0.00632	0.00461	0.00594	0.00564	0.00672	0.00423	0.00422	0.00837	0.01257	0.01764	0.74284	0.05243	0.09244	0.00952	0.00535	0.00144	0.00216	0.00839	0.00492	0.00423
20	0.00601	0.00452	0.00556	0.00551	0.00658	0.00407	0.00405	0.00769	0.01157	0.01567	0.49763	0.15751	0.23588	0.01057	0.00541	0.00151	0.00225	0.00925	0.00467	0.00407
21	0.00996	0.00910	0.01329	0.07417	0.18765	0.01065	0.03444	0.05301	0.10866	0.01418	0.04302	0.04007	0.01028	0.00964	0.10585	0.00229	0.24211	0.00472	0.00277	0.02412
22	0.01541	0.28951	0.01659	0.01011	0.01324	0.37863	0.00839	0.18981	0.01353	0.01483	0.00763	0.00848	0.00625	0.00458	0.00380	0.00115	0.00637	0.00301	0.00269	0.00598
23	0.00909	0.02344	0.81727	0.01292	0.01961	0.01052	0.01674	0.01435	0.00957	0.01435	0.00813	0.00957	0.00574	0.00431	0.00431	0.00144	0.00670	0.00335	0.00191	0.00670
24	0.00696	0.00503	0.00691	0.00763	0.00857	0.00512	0.00638	0.00872	0.00956	0.01255	0.02258	0.05671	0.07100	0.08137	0.14596	0.00311	0.00540	0.52867	0.00377	0.00401
25	0.01165	0.01001	0.04908	0.05977	0.07884	0.01012	0.07173	0.11684	0.31436	0.07560	0.10681	0.01787	0.01477	0.00609	0.00478	0.00149	0.00440	0.03516	0.00404	0.00659
26	0.00558	0.00399	0.00531	0.00627	0.00659	0.00372	0.00421	0.00646	0.00895	0.01200	0.07651	0.78502	0.03081	0.01387	0.00575	0.00181	0.00260	0.01257	0.00426	0.00372
27	0.00648	0.00469	0.00653	0.00657	0.00712	0.00523	0.00476	0.00759	0.00712	0.01005	0.01318	0.04781	0.01344	0.26962	0.56214	0.00626	0.00956	0.00562	0.00258	0.00365
28	0.10893	0.03971	0.11590	0.03607	0.21178	0.18586	0.08026	0.07499	0.07595	0.01571	0.00886	0.01035	0.00694	0.00449	0.00423	0.00135	0.00596	0.00369	0.00264	0.00630
29	0.00726	0.00460	0.00538	0.00540	0.00622	0.00478	0.00395	0.00872	0.00869	0.01344	0.01893	0.10459	0.11624	0.11598	0.14336	0.00269	0.03861	0.00617	0.38107	0.00393
30	0.00677	0.00452	0.00598	0.00613	0.00699	0.00417	0.00443	0.00833	0.01109	0.05522	0.43342	0.36058	0.03560	0.01116	0.00550	0.00161	0.00247	0.02714	0.00468	0.00420
31	0.00865	0.01324	0.33033	0.01026	0.01411	0.00786	0.09986	0.02956	0.01144	0.04299	0.34284	0.02079	0.03569	0.00651	0.00489	0.00144	0.00470	0.00576	0.00346	0.00563
32	0.01146	0.01865	0.01282	0.31905	0.11540	0.07070	0.00998	0.13447	0.06832	0.06214	0.06437	0.03184	0.02410	0.01327	0.01525	0.00154	0.01296	0.00464	0.00314	0.00590
33	0.00807	0.00427	0.00616	0.00610	0.00624	0.00436	0.00412	0.00696	0.05225	0.00851	0.00848	0.01396	0.00822	0.01518	0.01695	0.81785	0.00392	0.00400	0.00212	0.00227
34	0.00625	0.00504	0.00564	0.00642	0.00686	0.05127	0.00432	0.00702	0.00887	0.01139	0.02444	0.68672	0.07406	0.07044	0.00685	0.00196	0.00305	0.01167	0.00400	0.00372
35	0.02882	0.19650	0.17924	0.05481	0.01333	0.16980	0.00900	0.02001	0.00996	0.01233	0.02249	0.19115	0.01233	0.02850	0.00479	0.00146	0.00534	0.02054	0.01440	0.00522
36	0.00843	0.00676	0.00979	0.04069	0.03482	0.00785	0.03171	0.00979	0.00835	0.05733	0.01501	0.17384	0.04415	0.07848	0.16356	0.00302	0.22544	0.05668	0.00301	0.02128
37	0.01016	0.01108	0.02311	0.13862	0.06935	0.01080	0.58915	0.01370	0.01056	0.01431	0.05546	0.01340	0.00885	0.00425	0.00518	0.00151	0.00695	0.00524	0.00240	0.00591
38	0.01118	0.00997	0.06573	0.25569	0.26566	0.02342	0.01116	0.03989	0.02634	0.11394	0.02471	0.01423	0.03026	0.05349	0.00596	0.00161	0.03340	0.00443	0.00282	0.00610
39	0.03706	0.15665	0.12316	0.04805	0.01370	0.09709	0.07685	0.02959	0.01075	0.14898	0.03141	0.08535	0.10300	0.00650	0.01122	0.00142	0.00507	0.00518	0.00323	0.00574
40	0.00952	0.00960	0.05940	0.33933	0.10716	0.00951	0.17326	0.02917	0.02911	0.03950	0.03582	0.07145	0.03998	0.00564	0.00486	0.00152	0.00566	0.02123	0.00269	0.00559
41	0.00591	0.00438	0.00577	0.00685	0.03356	0.00411	0.00459	0.00696	0.00910	0.01208	0.04769	0.58604	0.13282	0.02706	0.03031	0.00197	0.00304	0.05155	0.02233	0.00387

[dist]
# distance from previous block
# <min> <max>
0	51

[block]
# block no. 6 follows, 57 sequences, length 28
# corresponding to MSA columns:
# 436-463
name=unknown_G
#
# <colnr> <probs for GDERKNQSTAVLIFYWHMCP>
#	G	D	E	R	K	N	Q	S	T	A	V	L	I	F	Y	W	H	M	C	P
0	0.05631	0.02135	0.08211	0.01111	0.01371	0.05945	0.12232	0.02783	0.18673	0.08294	0.01136	0.01301	0.00893	0.00930	0.11157	0.00230	0.16626	0.00438	0.00308	0.00595
1	0.00638	0.00450	0.00577	0.00635	0.00694	0.00434	0.00466	0.00728	0.00878	0.01147	0.03790	0.27107	0.12569	0.17871	0.04063	0.05734	0.00377	0.21115	0.00371	0.00356
2	0.01921	0.06465	0.13076	0.11952	0.14842	0.07017	0.03819	0.05489	0.01072	0.02930	0.06595	0.07603	0.04617	0.00676	0.01354	0.00154	0.03111	0.06455	0.00290	0.00566
3	0.02909	0.08245	0.09347	0.01365	0.06034	0.09523	0.25290	0.17912	0.02997	0.05255	0.02214	0.01274	0.04556	0.00488	0.00460	0.00138	0.00603	0.00447	0.00303	0.00638
4	0.00604	0.00448	0.00568	0.00649	0.00706	0.00432	0.00454	0.00774	0.06208	0.01220	0.02588	0.65029	0.08853	0.02913	0.00604	0.00186	0.00281	0.06671	0.00420	0.00394
5	0.00631	0.00481	0.00583	0.00569	0.00685	0.00446	0.00422	0.00861	0.05336	0.01599	0.49017	0.12996	0.22650	0.01022	0.00536	0.00151	0.00231	0.00892	0.00469	0.00425
6	0.00898	0.01492	0.40020	0.06009	0.02979	0.00886	0.04750	0.01261	0.01865	0.05312	0.08123	0.01765	0.12405	0.02092	0.00564	0.00154	0.06098	0.00498	0.02252	0.00578
7	0.07753	0.03963	0.06273	0.04474	0.01490	0.02401	0.14660	0.09776	0.04457	0.26814	0.02494	0.01539	0.01012	0.00565	0.00516	0.00149	0.04856	0.05779	0.00381	0.00648
8	0.00790	0.00577	0.00678	0.00626	0.00785	0.00564	0.00478	0.01181	0.16199	0.06295	0.44507	0.03175	0.20592	0.00895	0.00516	0.00147	0.00255	0.00771	0.00478	0.00492
9	0.00682	0.00485	0.00638	0.00693	0.00774	0.00474	0.00552	0.00838	0.00995	0.01320	0.15667	0.08656	0.06069	0.18118	0.00947	0.00241	0.00371	0.41690	0.00402	0.00386
10	0.02972	0.00923	0.01077	0.02403	0.01181	0.00979	0.04131	0.36172	0.08012	0.04909	0.12040	0.03780	0.13305	0.02047	0.00516	0.00151	0.00408	0.03943	0.00436	0.00616
11	0.01042	0.00965	0.01207	0.01019	0.01134	0.05967	0.02499	0.06757	0.00888	0.02696	0.00832	0.02101	0.00777	0.06333	0.07845	0.00228	0.44388	0.00414	0.01804	0.11103
12	0.00572	0.00460	0.00510	0.00497	0.00634	0.00398	0.00373	0.00721	0.01119	0.01428	0.30914	0.04025	0.54614	0.01071	0.00535	0.00149	0.00224	0.00909	0.00448	0.00398
13	0.00856	0.00805	0.01359	0.82986	0.03121	0.01007	0.01258	0.01158	0.00906	0.01158	0.00805	0.01208	0.00604	0.00453	0.00453	0.00151	0.00604	0.00403	0.00201	0.00503
14	0.00657	0.00445	0.00524	0.00524	0.00534	0.00455	0.00312	0.00678	0.00668	0.00901	0.01400	0.02814	0.01582	0.73801	0.12491	0.00476	0.00538	0.00637	0.00271	0.00291
15	0.12970	0.00816	0.00928	0.00699	0.01068	0.00696	0.00564	0.01435	0.04465	0.17525	0.01023	0.01065	0.00767	0.00404	0.00357	0.00095	0.00349	0.00313	0.00337	0.54123
16	0.00730	0.00522	0.00730	0.00835	0.00939	0.00522	0.00730	0.00939	0.01043	0.01356	0.02399	0.05111	0.02608	0.01252	0.00626	0.00209	0.00417	0.78199	0.00417	0.00417
17	0.00708	0.00515	0.00700	0.00792	0.00902	0.00506	0.00687	0.00906	0.01042	0.01341	0.02646	0.05027	0.11451	0.01240	0.00616	0.00202	0.00396	0.69493	0.00418	0.00413
18	0.01431	0.01097	0.01149	0.00944	0.01234	0.03509	0.00760	0.47425	0.20171	0.02368	0.01388	0.05709	0.01098	0.00619	0.00454	0.00141	0.00439	0.02265	0.07105	0.00695
19	0.00918	0.00783	0.00917	0.00669	0.01051	0.00591	0.00531	0.01113	0.00936	0.01459	0.00898	0.05476	0.00799	0.00395	0.00349	0.00074	0.00332	0.00324	0.00277	0.82109
20	0.01062	0.00924	0.01321	0.49870	0.06850	0.05053	0.01098	0.03853	0.05007	0.07600	0.00924	0.01198	0.00698	0.00492	0.00531	0.00147	0.07431	0.00399	0.00257	0.05285
21	0.01022	0.06612	0.30375	0.01625	0.02153	0.01152	0.47540	0.01440	0.01021	0.01423	0.00863	0.01099	0.00641	0.00399	0.00484	0.00146	0.00714	0.00447	0.00214	0.00630
22	0.00563	0.00405	0.00537	0.00635	0.00671	0.00378	0.00435	0.00654	0.00893	0.01187	0.04726	0.75137	0.05252	0.01389	0.00578	0.00183	0.00269	0.05311	0.00423	0.00373
23	0.02018	0.00796	0.01067	0.00818	0.01169	0.00702	0.00676	0.06002	0.01338	0.77711	0.01753	0.01520	0.01105	0.00560	0.00456	0.00140	0.00391	0.00453	0.00556	0.00771
24	0.01174	0.17771	0.22877	0.01323	0.08867	0.10435	0.07920	0.07927	0.02737	0.01409	0.00790	0.00966	0.00636	0.00486	0.00569	0.00139	0.12769	0.00354	0.00231	0.00619
25	0.00558	0.00408	0.00525	0.00606	0.00654	0.00375	0.00413	0.00653	0.00923	0.01224	0.09772	0.67654	0.11877	0.01345	0.00570	0.00177	0.00255	0.01209	0.00428	0.00375
26	0.00551	0.00397	0.00523	0.00623	0.00655	0.00369	0.00417	0.00632	0.00875	0.01160	0.02589	0.80306	0.06412	0.01408	0.00576	0.00183	0.00261	0.01274	0.00421	0.00369
27	0.00606	0.00449	0.00574	0.00653	0.00722	0.00427	0.00478	0.00760	0.03713	0.01250	0.05253	0.52838	0.13645	0.01307	0.00576	0.00182	0.00289	0.15461	0.00424	0.00393

[dist]
# distance from previous block
# <min> <max>
0	1

[block]
# block no. 7 follows, 57 sequences, length 30
# corresponding to MSA columns:
# 465-494
name=unknown_H
#
# <colnr> <probs for GDERKNQSTAVLIFYWHMCP>
#	G	D	E	R	K	N	Q	S	T	A	V	L	I	F	Y	W	H	M	C	P
