[name]
unknown

[dist]
# distance from previous block
# <min> <max>
0	38

[block]
# block no. 0 follows, 59 sequences, length 37
# corresponding to MSA columns:
# 88-124
name=unknown_A
#
# <colnr> <probs for GDERKNQSTAVLIFYWHMCP>
#	G	D	E	R	K	N	Q	S	T	A	V	L	I	F	Y	W	H	M	C	P
0	0.01165	0.01290	0.01962	0.01570	0.06840	0.16927	0.42694	0.05239	0.01101	0.01393	0.00911	0.01281	0.00752	0.00465	0.00538	0.00141	0.05582	0.04716	0.00245	0.05185
1	0.01203	0.05689	0.01401	0.15340	0.14746	0.09695	0.04335	0.15014	0.22975	0.01663	0.01133	0.01289	0.00884	0.00503	0.00437	0.00138	0.00514	0.02088	0.00319	0.00635
2	0.00566	0.00475	0.00495	0.00485	0.00634	0.00418	0.00365	0.00751	0.05405	0.01298	0.13552	0.03994	0.67892	0.01064	0.00518	0.00148	0.00229	0.00892	0.00421	0.00396
3	0.00534	0.00448	0.00463	0.00460	0.00604	0.00378	0.00345	0.00656	0.01034	0.01258	0.13085	0.04144	0.72893	0.01094	0.00522	0.00148	0.00222	0.00917	0.00419	0.00378
4	0.00585	0.00450	0.00535	0.00514	0.00635	0.00400	0.00385	0.00757	0.01156	0.01548	0.51810	0.03666	0.33987	0.00986	0.00521	0.00143	0.00214	0.00850	0.00457	0.00400
5	0.00525	0.00444	0.00455	0.00460	0.00601	0.00373	0.00342	0.00638	0.01003	0.01203	0.06203	0.08967	0.75024	0.01129	0.00524	0.00151	0.00225	0.00948	0.00412	0.00373
6	0.00966	0.00966	0.01353	0.01160	0.01160	0.01353	0.00966	0.01063	0.00676	0.01063	0.00580	0.00966	0.00580	0.00773	0.01449	0.00193	0.83670	0.00387	0.00193	0.00483
7	0.00916	0.00785	0.00916	0.00654	0.01047	0.00589	0.00523	0.01112	0.00916	0.01439	0.00785	0.00916	0.00654	0.00327	0.00327	0.00065	0.00327	0.00262	0.00262	0.87178
8	0.87598	0.00854	0.00649	0.00581	0.00854	0.00991	0.00478	0.01298	0.00752	0.01982	0.00615	0.00717	0.00478	0.00410	0.00273	0.00137	0.00342	0.00239	0.00273	0.00478
9	0.01679	0.01237	0.01325	0.01016	0.01370	0.01370	0.00839	0.80251	0.02077	0.02783	0.01060	0.01060	0.00751	0.00530	0.00442	0.00133	0.00486	0.00398	0.00442	0.00751
10	0.00669	0.00553	0.00893	0.02113	0.04287	0.00536	0.10739	0.00816	0.00903	0.01207	0.02084	0.52015	0.02382	0.02634	0.00602	0.00182	0.01568	0.15036	0.00369	0.00414
11	0.00999	0.01059	0.00929	0.00878	0.01001	0.28643	0.00674	0.01135	0.00891	0.01043	0.00980	0.01393	0.00900	0.03911	0.47988	0.00469	0.06030	0.00407	0.00232	0.00437
12	0.00558	0.00402	0.00528	0.00594	0.00643	0.00373	0.00409	0.00666	0.00946	0.01279	0.20840	0.62201	0.06397	0.01262	0.00552	0.00169	0.00244	0.01137	0.00428	0.00373
13	0.00871	0.00837	0.01459	0.70693	0.09452	0.00997	0.07131	0.01168	0.00905	0.01176	0.00797	0.01172	0.00604	0.00432	0.00447	0.00146	0.00595	0.00402	0.00200	0.00516
14	0.00564	0.00461	0.00505	0.00528	0.00666	0.00403	0.00418	0.00696	0.01009	0.01221	0.04005	0.04411	0.64198	0.01141	0.00541	0.00161	0.00264	0.18019	0.00409	0.00380
15	0.87598	0.00854	0.00649	0.00581	0.00854	0.00991	0.00478	0.01298	0.00752	0.01982	0.00615	0.00717	0.00478	0.00410	0.00273	0.00137	0.00342	0.00239	0.00273	0.00478
16	0.00850	0.00797	0.01342	0.70905	0.11687	0.00962	0.01206	0.01132	0.00895	0.01163	0.00861	0.04717	0.00701	0.00476	0.00446	0.00147	0.00567	0.00430	0.00208	0.00508
17	0.01982	0.00752	0.01025	0.00786	0.01127	0.00649	0.00649	0.02152	0.01264	0.82029	0.01742	0.01503	0.01093	0.00547	0.00444	0.00137	0.00376	0.00444	0.00547	0.00752
18	0.01614	0.05740	0.01321	0.00966	0.01308	0.01313	0.00803	0.66276	0.05306	0.06432	0.01113	0.01107	0.00795	0.00525	0.00429	0.00130	0.00465	0.00396	0.03232	0.00728
19	0.01155	0.80139	0.02227	0.00759	0.01122	0.01680	0.00753	0.01300	0.00904	0.01055	0.00708	0.00942	0.00675	0.00424	0.00301	0.00100	0.00469	0.04529	0.00201	0.00558
20	0.00563	0.00417	0.00544	0.00609	0.00655	0.00398	0.00422	0.00664	0.00916	0.01231	0.14841	0.63084	0.09031	0.01271	0.00580	0.00171	0.02683	0.01134	0.00416	0.00372
21	0.01402	0.01681	0.01149	0.01101	0.04775	0.57979	0.00797	0.02807	0.05682	0.01195	0.03411	0.08230	0.04366	0.00591	0.00457	0.00127	0.03033	0.00432	0.00273	0.00512
22	0.00916	0.00785	0.00916	0.00654	0.01047	0.00589	0.00523	0.01112	0.00916	0.01439	0.00785	0.00916	0.00654	0.00327	0.00327	0.00065	0.00327	0.00262	0.00262	0.87178
23	0.00756	0.00737	0.06872	0.00789	0.02194	0.02752	0.03999	0.00932	0.00952	0.01361	0.20883	0.14485	0.08638	0.06490	0.01887	0.00177	0.13625	0.00681	0.11354	0.00436
24	0.01024	0.00902	0.01121	0.05151	0.18370	0.02326	0.00827	0.04431	0.41347	0.01682	0.08733	0.01898	0.05824	0.00624	0.00462	0.00146	0.00393	0.03722	0.00384	0.00633
25	0.00704	0.00764	0.09308	0.00841	0.01053	0.00605	0.11560	0.02445	0.03272	0.01321	0.07745	0.20365	0.24506	0.01092	0.05157	0.00190	0.00425	0.07836	0.00358	0.00453
26	0.00543	0.00388	0.00517	0.00612	0.00642	0.00362	0.00410	0.00627	0.00868	0.01164	0.06890	0.79631	0.02991	0.01357	0.00561	0.00177	0.00254	0.01230	0.00414	0.00362
27	0.01157	0.01284	0.01325	0.01153	0.01217	0.24065	0.00935	0.01259	0.00837	0.01068	0.00609	0.00919	0.00577	0.00684	0.01156	0.00171	0.60534	0.00358	0.00203	0.00491
28	0.06442	0.00673	0.00842	0.00679	0.00947	0.00619	0.00551	0.03988	0.01179	0.51414	0.06767	0.01596	0.01257	0.00554	0.00408	0.00129	0.00327	0.00447	0.20546	0.00636
29	0.00564	0.00444	0.00509	0.00503	0.00625	0.00389	0.00374	0.00712	0.01092	0.01420	0.35183	0.09735	0.44773	0.01052	0.00525	0.00147	0.00220	0.00902	0.00441	0.00389
30	0.05639	0.00756	0.01009	0.00777	0.01116	0.00664	0.00642	0.02116	0.01242	0.78610	0.01694	0.01470	0.01067	0.00541	0.00437	0.00137	0.00374	0.00435	0.00535	0.00740
31	0.00823	0.00770	0.01309	0.73937	0.02827	0.00948	0.03473	0.01108	0.00873	0.01128	0.00822	0.01226	0.00635	0.00686	0.07505	0.00196	0.00644	0.00403	0.00201	0.00485
32	0.00890	0.00827	0.01385	0.47183	0.27866	0.00935	0.01175	0.01159	0.00941	0.01267	0.05432	0.03446	0.00938	0.00561	0.02427	0.00157	0.00549	0.02087	0.00230	0.00546
33	0.00876	0.00840	0.01282	0.68442	0.04275	0.05540	0.02743	0.01148	0.00910	0.01160	0.00881	0.04723	0.00714	0.00483	0.00440	0.00145	0.00572	0.00427	0.03910	0.00489
34	0.02345	0.00702	0.01082	0.17185	0.24870	0.00741	0.00864	0.02673	0.03256	0.01284	0.01515	0.34604	0.01614	0.02230	0.02864	0.00176	0.00437	0.00747	0.00305	0.00504
35	0.02672	0.00857	0.02651	0.02296	0.04058	0.02873	0.03019	0.06372	0.03006	0.01481	0.02745	0.06844	0.05624	0.00559	0.01834	0.00113	0.04023	0.00419	0.00292	0.48262
36	0.45192	0.01144	0.00998	0.00893	0.03852	0.15385	0.03600	0.10496	0.07873	0.03829	0.00824	0.00905	0.00632	0.00457	0.00374	0.00135	0.02247	0.00311	0.00301	0.00553

[dist]
# distance from previous block
# <min> <max>
0	8

[block]
# block no. 1 follows, 59 sequences, length 14
# corresponding to MSA columns:
# 133-146
name=unknown_B
#
# <colnr> <probs for GDERKNQSTAVLIFYWHMCP>
#	G	D	E	R	K	N	Q	S	T	A	V	L	I	F	Y	W	H	M	C	P
0	0.62928	0.04909	0.00850	0.00743	0.04272	0.05568	0.00579	0.03612	0.00870	0.04222	0.00782	0.01032	0.00651	0.00465	0.00319	0.00136	0.00390	0.04998	0.00285	0.02389
1	0.02402	0.00826	0.02846	0.07770	0.11937	0.02588	0.15618	0.02388	0.06330	0.05592	0.02881	0.20043	0.05242	0.02292	0.04040	0.02642	0.00494	0.01718	0.00315	0.02035
2	0.03656	0.01072	0.14667	0.03148	0.04091	0.05706	0.04056	0.07658	0.05631	0.06533	0.08087	0.04209	0.19006	0.02136	0.00483	0.00140	0.00427	0.00552	0.00340	0.08404
3	0.00758	0.00660	0.00961	0.05850	0.01044	0.00849	0.00727	0.00899	0.00707	0.01040	0.00958	0.01468	0.00906	0.04337	0.47880	0.00492	0.29373	0.00443	0.00220	0.00427
4	0.00995	0.00978	0.03861	0.27548	0.21050	0.03079	0.08739	0.03913	0.00983	0.03062	0.06109	0.01338	0.00915	0.00526	0.00608	0.00149	0.13138	0.02202	0.00244	0.00562
5	0.01181	0.84744	0.02314	0.00756	0.01134	0.01748	0.00756	0.01323	0.00897	0.01039	0.00614	0.00708	0.00567	0.00378	0.00283	0.00094	0.00472	0.00236	0.00189	0.00567
6	0.04323	0.04493	0.03646	0.02396	0.01293	0.02403	0.07031	0.18596	0.15019	0.04100	0.01082	0.03560	0.00858	0.00489	0.00446	0.00120	0.03772	0.00395	0.00334	0.25642
7	0.00593	0.00422	0.00509	0.00548	0.00590	0.00401	0.00363	0.00663	0.00829	0.01091	0.08318	0.30814	0.13130	0.33702	0.01214	0.00271	0.00324	0.05525	0.00360	0.00332
8	0.00542	0.00392	0.00512	0.00600	0.00638	0.00363	0.00405	0.00628	0.00878	0.01166	0.06714	0.74273	0.08579	0.01340	0.00559	0.00175	0.00251	0.01209	0.00414	0.00363
9	0.00916	0.00785	0.00916	0.00654	0.01047	0.00589	0.00523	0.01112	0.00916	0.01439	0.00785	0.00916	0.00654	0.00327	0.00327	0.00065	0.00327	0.00262	0.00262	0.87178
10	0.03165	0.03903	0.04885	0.00935	0.01280	0.06788	0.09506	0.09753	0.01072	0.03151	0.03573	0.01040	0.00771	0.00435	0.00477	0.00107	0.07913	0.00341	0.00276	0.40627
11	0.01055	0.00792	0.03849	0.11315	0.01304	0.00779	0.05044	0.15119	0.05966	0.11635	0.12742	0.17086	0.01797	0.05815	0.00595	0.00167	0.00409	0.03598	0.00392	0.00542
12	0.00825	0.06444	0.00946	0.00710	0.00919	0.00646	0.07158	0.04081	0.03884	0.05250	0.40750	0.02668	0.15150	0.00767	0.00479	0.00132	0.00307	0.00670	0.00412	0.07801
13	0.06613	0.08801	0.06118	0.00952	0.08252	0.07137	0.02244	0.06428	0.05022	0.04307	0.02305	0.02566	0.02753	0.00454	0.00372	0.00107	0.00421	0.00361	0.07060	0.27728

[dist]
# distance from previous block
# <min> <max>
1	11

[block]
# block no. 2 follows, 59 sequences, length 24
# corresponding to MSA columns:
# 158-181
name=unknown_C
#
# <colnr> <probs for GDERKNQSTAVLIFYWHMCP>
#	G	D	E	R	K	N	Q	S	T	A	V	L	I	F	Y	W	H	M	C	P
0	0.04249	0.25391	0.37752	0.01121	0.01607	0.06766	0.07759	0.03782	0.01008	0.03904	0.00813	0.00953	0.00631	0.00485	0.01842	0.00141	0.00613	0.00330	0.00227	0.00625
1	0.03503	0.00615	0.00792	0.00755	0.00884	0.00618	0.05296	0.06690	0.09277	0.01474	0.11133	0.43155	0.10491	0.01075	0.00550	0.00168	0.01694	0.00947	0.00416	0.00467
2	0.00914	0.00939	0.11921	0.00940	0.01200	0.00770	0.08817	0.01334	0.16545	0.05914	0.04249	0.15680	0.10158	0.00835	0.00540	0.00162	0.02968	0.10949	0.00374	0.04792
3	0.01129	0.03790	0.08494	0.02723	0.04020	0.00956	0.31525	0.03194	0.04393	0.12802	0.09701	0.06470	0.01279	0.00571	0.00537	0.00150	0.04298	0.00545	0.00328	0.03092
4	0.02709	0.03443	0.60905	0.01136	0.01686	0.00959	0.01368	0.01473	0.02275	0.11626	0.03530	0.03879	0.02000	0.00515	0.00441	0.00146	0.00581	0.00404	0.00269	0.00656
5	0.00669	0.00471	0.00599	0.00660	0.00714	0.00457	0.00486	0.00764	0.00882	0.01166	0.04685	0.24673	0.04910	0.27399	0.01119	0.00269	0.00373	0.28961	0.00377	0.00367
6	0.00987	0.21826	0.62902	0.01159	0.01746	0.01213	0.01433	0.01402	0.00944	0.01343	0.00782	0.00923	0.00592	0.00431	0.00401	0.00135	0.00620	0.00316	0.00198	0.00648
7	0.01045	0.18887	0.54677	0.01173	0.03958	0.01175	0.01354	0.04481	0.00997	0.04231	0.00845	0.00986	0.00639	0.00533	0.03036	0.00154	0.00623	0.00332	0.00223	0.00651
8	0.04194	0.00869	0.01182	0.00923	0.01198	0.00891	0.14801	0.25157	0.03510	0.10411	0.07633	0.01473	0.01156	0.00527	0.00421	0.00129	0.00413	0.00458	0.24060	0.00593
9	0.00834	0.00785	0.01325	0.83417	0.03042	0.00981	0.01227	0.01128	0.00883	0.01128	0.00785	0.01178	0.00589	0.00442	0.00442	0.00147	0.00589	0.00393	0.00196	0.00491
10	0.00538	0.00387	0.00510	0.00609	0.00639	0.00359	0.00407	0.00616	0.00851	0.01130	0.02506	0.81380	0.05685	0.01374	0.00562	0.00178	0.00255	0.01244	0.00410	0.00359
11	0.03880	0.01057	0.01989	0.01460	0.01834	0.01022	0.50501	0.10932	0.01172	0.09011	0.04088	0.04257	0.04260	0.00500	0.00513	0.00147	0.01932	0.00541	0.00304	0.00599
12	0.00687	0.00468	0.00585	0.00549	0.00676	0.00420	0.00414	0.00868	0.01187	0.06742	0.57595	0.05864	0.20404	0.00941	0.00518	0.00142	0.00224	0.00819	0.00472	0.00427
13	0.01659	0.01227	0.01314	0.01012	0.01362	0.01360	0.00835	0.77593	0.04767	0.02752	0.01086	0.01080	0.00771	0.00533	0.00442	0.00133	0.00481	0.00401	0.00442	0.00749
14	0.00944	0.00935	0.01333	0.09886	0.01349	0.01293	0.00983	0.01061	0.00702	0.01071	0.00639	0.02654	0.00628	0.00750	0.01325	0.00188	0.73175	0.00405	0.00198	0.00481
15	0.01173	0.00861	0.00946	0.00830	0.01077	0.00938	0.00662	0.14157	0.41700	0.10273	0.02031	0.02132	0.10893	0.00695	0.00466	0.00149	0.00359	0.07106	0.02911	0.00641
16	0.00539	0.00394	0.00508	0.00594	0.00636	0.00362	0.00402	0.00624	0.00877	0.01156	0.05236	0.72527	0.11845	0.01338	0.00558	0.00175	0.00251	0.01204	0.00412	0.00362
17	0.07454	0.01166	0.02461	0.01767	0.02201	0.01108	0.74219	0.01406	0.01021	0.01457	0.00873	0.01156	0.00656	0.00375	0.00503	0.00148	0.00715	0.00500	0.00227	0.00587
18	0.01616	0.01271	0.01314	0.01031	0.01350	0.06887	0.00845	0.67792	0.03944	0.02532	0.01022	0.01051	0.00743	0.00543	0.00504	0.00136	0.05899	0.00392	0.00411	0.00716
19	0.00870	0.00515	0.00577	0.00542	0.00651	0.00562	0.00421	0.06321	0.00961	0.01610	0.01322	0.01566	0.01062	0.00847	0.09595	0.00179	0.06590	0.00416	0.64956	0.00438
20	0.00698	0.00461	0.00600	0.00629	0.00718	0.00433	0.00459	0.00870	0.03819	0.07217	0.23875	0.44206	0.06219	0.01142	0.00541	0.00165	0.00265	0.06823	0.00442	0.00419
21	0.00937	0.00966	0.01885	0.01408	0.01761	0.00899	0.49235	0.01276	0.03798	0.01434	0.06483	0.01949	0.04515	0.00554	0.00509	0.00146	0.00582	0.11045	0.00285	0.10335
22	0.01510	0.10071	0.01506	0.01043	0.01390	0.01359	0.06765	0.58140	0.03875	0.02358	0.00992	0.01040	0.00731	0.00508	0.00469	0.00131	0.03936	0.00388	0.00383	0.03406
23	0.01275	0.45414	0.01831	0.00936	0.01232	0.27378	0.04063	0.01417	0.00993	0.01068	0.00688	0.00842	0.00612	0.00634	0.06437	0.00152	0.04000	0.00287	0.00206	0.00535

[dist]
# distance from previous block
# <min> <max>
0	7

[block]
# block no. 3 follows, 59 sequences, length 25
# corresponding to MSA columns:
# 189-213
name=unknown_D
#
# <colnr> <probs for GDERKNQSTAVLIFYWHMCP>
#	G	D	E	R	K	N	Q	S	T	A	V	L	I	F	Y	W	H	M	C	P
0	0.68716	0.01003	0.00881	0.00863	0.07664	0.08792	0.03824	0.01352	0.00832	0.01828	0.00651	0.00775	0.00513	0.00411	0.00309	0.00135	0.00417	0.00268	0.00262	0.00505
1	0.01085	0.03866	0.01487	0.52535	0.02498	0.03556	0.11036	0.07510	0.01049	0.09793	0.00912	0.01176	0.00663	0.00449	0.00445	0.00142	0.00580	0.00406	0.00256	0.00555
2	0.00808	0.00739	0.01224	0.58385	0.11642	0.00871	0.01086	0.01057	0.00890	0.01164	0.01104	0.16950	0.01045	0.00615	0.00464	0.00151	0.00518	0.00557	0.00239	0.00490
3	0.00834	0.00785	0.01325	0.83417	0.03042	0.00981	0.01227	0.01128	0.00883	0.01128	0.00785	0.01178	0.00589	0.00442	0.00442	0.00147	0.00589	0.00393	0.00196	0.00491
4	0.00623	0.00469	0.00678	0.00674	0.00760	0.00524	0.00521	0.00784	0.00797	0.01130	0.11519	0.02093	0.06641	0.02868	0.67099	0.00602	0.00999	0.00544	0.00279	0.00396
5	0.09521	0.00745	0.00969	0.00756	0.01079	0.00667	0.00622	0.02007	0.01218	0.70714	0.05816	0.01527	0.01200	0.00553	0.00433	0.00137	0.00364	0.00444	0.00519	0.00710
6	0.01099	0.00949	0.00999	0.00899	0.01148	0.01099	0.00699	0.02347	0.80925	0.01848	0.01798	0.01648	0.01348	0.00599	0.00449	0.00150	0.00350	0.00499	0.00449	0.00699
7	0.00916	0.00785	0.00916	0.00654	0.01047	0.00589	0.00523	0.01112	0.00916	0.01439	0.00785	0.00916	0.00654	0.00327	0.00327	0.00065	0.00327	0.00262	0.00262	0.87178
8	0.00958	0.00810	0.00939	0.00674	0.01065	0.00632	0.00541	0.05490	0.00980	0.01514	0.00800	0.00924	0.00660	0.00338	0.00333	0.00069	0.00336	0.00269	0.00272	0.82397
9	0.01042	0.01191	0.02606	0.01862	0.02308	0.01117	0.80119	0.01415	0.01042	0.01415	0.00894	0.01191	0.00670	0.00372	0.00521	0.00149	0.00745	0.00521	0.00223	0.00596
10	0.01042	0.01191	0.02606	0.01862	0.02308	0.01117	0.80119	0.01415	0.01042	0.01415	0.00894	0.01191	0.00670	0.00372	0.00521	0.00149	0.00745	0.00521	0.00223	0.00596
11	0.00526	0.00433	0.00462	0.00486	0.00607	0.00370	0.00353	0.00630	0.00970	0.01178	0.04007	0.22573	0.63523	0.01179	0.00532	0.00156	0.00231	0.01006	0.00410	0.00370
12	0.01933	0.00830	0.01073	0.00823	0.01166	0.00765	0.00680	0.14738	0.01395	0.69258	0.01633	0.01432	0.01038	0.00544	0.00444	0.00136	0.00394	0.00437	0.00530	0.00752
13	0.01658	0.00835	0.01171	0.00912	0.01221	0.00805	0.07074	0.06264	0.07824	0.53163	0.01545	0.04122	0.01069	0.00573	0.00526	0.00142	0.06601	0.00469	0.00467	0.03561
14	0.00641	0.00433	0.00508	0.00508	0.00517	0.00442	0.00300	0.00659	0.00650	0.00876	0.01368	0.02757	0.01548	0.75124	0.11523	0.00461	0.00515	0.00623	0.00264	0.00282
15	0.01650	0.02105	0.01252	0.01138	0.01365	0.82705	0.00853	0.01764	0.01252	0.01081	0.00683	0.00796	0.00569	0.00455	0.00398	0.00114	0.00796	0.00284	0.00228	0.00512
16	0.00882	0.00834	0.01411	0.68499	0.17586	0.00994	0.01250	0.01170	0.00906	0.01187	0.00793	0.01162	0.00609	0.00433	0.00441	0.00144	0.00577	0.00393	0.00200	0.00529
17	0.00936	0.00915	0.01383	0.68910	0.06044	0.06564	0.03946	0.03861	0.00959	0.01204	0.00793	0.01145	0.00600	0.00441	0.00441	0.00144	0.00602	0.00390	0.00209	0.00513
18	0.01512	0.01086	0.01188	0.00934	0.01246	0.01185	0.00763	0.60261	0.07230	0.06573	0.12096	0.01427	0.01274	0.00586	0.00453	0.00135	0.00433	0.00461	0.00454	0.00702
19	0.01001	0.00976	0.03935	0.02767	0.05283	0.09758	0.12160	0.09246	0.06379	0.03121	0.19013	0.12514	0.05862	0.00727	0.00541	0.00146	0.05054	0.00634	0.00355	0.00530
20	0.01107	0.00791	0.00943	0.00684	0.01068	0.00617	0.00551	0.03197	0.01000	0.14522	0.00947	0.01014	0.00728	0.00368	0.00349	0.00079	0.00339	0.00295	0.00312	0.71090
21	0.00942	0.04019	0.66734	0.01294	0.05895	0.01015	0.03955	0.01419	0.02371	0.04226	0.03514	0.01054	0.00722	0.00439	0.00425	0.00139	0.00615	0.00357	0.00216	0.00648
22	0.01893	0.02371	0.04297	0.00893	0.09554	0.00697	0.01730	0.03090	0.14367	0.04690	0.14915	0.04471	0.23979	0.00880	0.04237	0.00165	0.00366	0.00642	0.03219	0.03544
23	0.00748	0.00587	0.02014	0.00719	0.03643	0.00541	0.03257	0.07064	0.02252	0.03479	0.30057	0.19739	0.19432	0.00949	0.00509	0.00148	0.00286	0.00833	0.03288	0.00453
24	0.09446	0.06222	0.04201	0.00912	0.02284	0.09827	0.00757	0.28010	0.04137	0.07671	0.00939	0.00993	0.00706	0.00465	0.00421	0.00118	0.03257	0.00336	0.00337	0.18961

[dist]
# distance from previous block
# <min> <max>
10	24

[block]
# block no. 4 follows, 59 sequences, length 14
# corresponding to MSA columns:
# 244-257
name=unknown_E
#
# <colnr> <probs for GDERKNQSTAVLIFYWHMCP>
#	G	D	E	R	K	N	Q	S	T	A	V	L	I	F	Y	W	H	M	C	P
0	0.01162	0.43630	0.15261	0.00887	0.01278	0.11495	0.00883	0.04415	0.04335	0.01266	0.03583	0.00919	0.00740	0.00423	0.00346	0.00107	0.00516	0.00296	0.00231	0.08226
1	0.00853	0.00746	0.03058	0.03503	0.04138	0.07559	0.00598	0.01148	0.09128	0.05981	0.32513	0.03885	0.15780	0.00962	0.05373	0.00176	0.00387	0.03325	0.00404	0.00482
2	0.00648	0.00452	0.00556	0.00549	0.00662	0.00404	0.00404	0.00800	0.01100	0.05603	0.39470	0.19878	0.25750	0.01043	0.00526	0.00150	0.00231	0.00911	0.00452	0.00410
3	0.00603	0.00446	0.00533	0.00521	0.00604	0.00423	0.00365	0.00718	0.00947	0.01265	0.28400	0.03266	0.23931	0.25921	0.09900	0.00289	0.00383	0.00753	0.00374	0.00358
4	0.62729	0.24996	0.01128	0.00631	0.00935	0.01209	0.00558	0.01305	0.00794	0.01710	0.00615	0.00715	0.00504	0.00401	0.00276	0.00125	0.00379	0.00238	0.00249	0.00504
5	0.01222	0.44891	0.14351	0.01132	0.11175	0.13073	0.00973	0.01455	0.02620	0.04368	0.00747	0.00853	0.00619	0.00408	0.00349	0.00112	0.00547	0.00290	0.00217	0.00599
6	0.03902	0.40112	0.18833	0.04616	0.01445	0.03583	0.08543	0.01308	0.00929	0.03590	0.00893	0.08733	0.00811	0.00492	0.00376	0.00123	0.00523	0.00393	0.00227	0.00566
7	0.00574	0.00444	0.00503	0.00495	0.00619	0.00390	0.00369	0.00725	0.01088	0.01428	0.33473	0.07763	0.44946	0.01025	0.00515	0.00145	0.00219	0.00876	0.04012	0.00390
8	0.00577	0.00412	0.00530	0.00610	0.00645	0.00392	0.00407	0.02732	0.00865	0.01150	0.02361	0.73041	0.04756	0.08411	0.00702	0.00198	0.00276	0.01172	0.00399	0.00362
9	0.01153	0.08895	0.01435	0.19906	0.10438	0.07349	0.07377	0.12572	0.02251	0.06517	0.01024	0.02318	0.00848	0.00684	0.04763	0.01926	0.02995	0.04807	0.02174	0.00568
10	0.00539	0.00397	0.00506	0.00587	0.00635	0.00363	0.00399	0.00627	0.00888	0.01165	0.06158	0.68410	0.15064	0.01322	0.00555	0.00173	0.00249	0.01186	0.00413	0.00363
11	0.05260	0.24741	0.01520	0.04290	0.03714	0.40455	0.00820	0.06316	0.01154	0.04336	0.01869	0.00873	0.00652	0.00442	0.00369	0.00113	0.00620	0.00296	0.00247	0.01915
12	0.01038	0.03391	0.06912	0.00794	0.03949	0.00692	0.00657	0.01302	0.04498	0.10272	0.04950	0.01132	0.00900	0.00402	0.00364	0.00089	0.00363	0.00327	0.00303	0.57666
13	0.03944	0.14289	0.25593	0.01150	0.09471	0.11299	0.01034	0.04994	0.08851	0.05026	0.04520	0.02309	0.00920	0.04179	0.00485	0.00142	0.00536	0.00384	0.00271	0.00603

[dist]
# distance from previous block
# <min> <max>
1	3

[block]
# block no. 5 follows, 59 sequences, length 75
# corresponding to MSA columns:
# 261-335
name=unknown_F
#
# <colnr> <probs for GDERKNQSTAVLIFYWHMCP>
#	G	D	E	R	K	N	Q	S	T	A	V	L	I	F	Y	W	H	M	C	P
0	0.05320	0.35313	0.11578	0.00904	0.02185	0.14845	0.00846	0.03891	0.03594	0.05459	0.00804	0.00926	0.00661	0.00430	0.00361	0.00110	0.01398	0.01457	0.00245	0.09671
1	0.00636	0.00449	0.00589	0.00590	0.00627	0.00485	0.00403	0.00710	0.00677	0.00939	0.01308	0.03422	0.01388	0.45391	0.39896	0.00557	0.00779	0.00571	0.00255	0.00328
2	0.01613	0.08601	0.01335	0.01108	0.01347	0.76341	0.00846	0.01729	0.01224	0.01078	0.00677	0.00790	0.00569	0.00449	0.00389	0.00112	0.00771	0.00281	0.00225	0.00516
3	0.00561	0.00455	0.00499	0.00491	0.00626	0.00398	0.00367	0.00718	0.02558	0.01357	0.24950	0.07099	0.56245	0.01062	0.00522	0.00148	0.00223	0.00901	0.00431	0.00390
4	0.00949	0.00937	0.01305	0.01123	0.01123	0.01302	0.00928	0.01040	0.00675	0.01052	0.00624	0.01071	0.00636	0.05344	0.01493	0.00206	0.79124	0.00400	0.00197	0.00471
5	0.00642	0.00428	0.00482	0.00482	0.00482	0.00428	0.00268	0.00642	0.00642	0.00856	0.01392	0.02890	0.01606	0.84478	0.02248	0.00428	0.00428	0.00642	0.00268	0.00268
6	0.00916	0.00785	0.00916	0.00654	0.01047	0.00589	0.00523	0.01112	0.00916	0.01439	0.00785	0.00916	0.00654	0.00327	0.00327	0.00065	0.00327	0.00262	0.00262	0.87178
7	0.00609	0.00463	0.00596	0.00609	0.00705	0.00471	0.00468	0.00734	0.00839	0.01097	0.02443	0.03110	0.28108	0.10893	0.34673	0.01991	0.00668	0.10832	0.00319	0.00372
8	0.00931	0.00902	0.01589	0.40970	0.29044	0.00992	0.10574	0.01209	0.00938	0.01266	0.00900	0.05681	0.00763	0.00474	0.00473	0.00145	0.01911	0.00455	0.00219	0.00565
9	0.00879	0.00857	0.01321	0.78924	0.02950	0.05444	0.01206	0.01163	0.00903	0.01126	0.00779	0.01157	0.00588	0.00442	0.00439	0.00145	0.00600	0.00387	0.00198	0.00492
10	0.87598	0.00854	0.00649	0.00581	0.00854	0.00991	0.00478	0.01298	0.00752	0.01982	0.00615	0.00717	0.00478	0.00410	0.00273	0.00137	0.00342	0.00239	0.00273	0.00478
11	0.01030	0.41439	0.42238	0.01035	0.01552	0.01371	0.03186	0.01363	0.00919	0.01228	0.00710	0.00833	0.00566	0.00399	0.00357	0.00119	0.00569	0.00288	0.00189	0.00610
12	0.00569	0.00397	0.00503	0.00575	0.00593	0.00379	0.00368	0.00623	0.00785	0.01047	0.02125	0.60066	0.02531	0.26041	0.01064	0.00253	0.00307	0.01074	0.00368	0.00332
13	0.01616	0.02049	0.01246	0.01132	0.01351	0.79231	0.00852	0.01730	0.01228	0.01080	0.00687	0.00815	0.00577	0.00506	0.01650	0.00125	0.03098	0.00290	0.00227	0.00509
14	0.00575	0.00447	0.00548	0.01886	0.01958	0.00404	0.00413	0.00715	0.01044	0.01373	0.29625	0.24609	0.32615	0.01093	0.00530	0.00153	0.00238	0.00954	0.00429	0.00391
15	0.01004	0.01028	0.01347	0.01158	0.01171	0.05795	0.00960	0.01101	0.00708	0.01064	0.00585	0.00957	0.00579	0.00756	0.01392	0.00189	0.79145	0.00381	0.00195	0.00485
16	0.11538	0.02513	0.01291	0.02771	0.09958	0.06475	0.02834	0.43532	0.04489	0.03668	0.00974	0.01037	0.00722	0.00481	0.00411	0.00129	0.00483	0.00370	0.01533	0.04790
17	0.54510	0.01203	0.12724	0.01728	0.01245	0.07211	0.09213	0.04114	0.00900	0.02632	0.00705	0.00830	0.00535	0.00417	0.00340	0.00137	0.00472	0.00295	0.00260	0.00531
18	0.00755	0.00611	0.00756	0.00693	0.05123	0.00509	0.00495	0.00940	0.01055	0.02367	0.29683	0.04571	0.16362	0.00703	0.00443	0.00113	0.00276	0.00604	0.00371	0.33566
19	0.83496	0.00872	0.00681	0.00602	0.00879	0.01009	0.00496	0.05068	0.00815	0.02020	0.00636	0.00734	0.00491	0.00416	0.00281	0.00136	0.00349	0.00247	0.00281	0.00491
20	0.87598	0.00854	0.00649	0.00581	0.00854	0.00991	0.00478	0.01298	0.00752	0.01982	0.00615	0.00717	0.00478	0.00410	0.00273	0.00137	0.00342	0.00239	0.00273	0.00478
21	0.01679	0.01237	0.01325	0.01016	0.01370	0.01370	0.00839	0.80251	0.02077	0.02783	0.01060	0.01060	0.00751	0.00530	0.00442	0.00133	0.00486	0.00398	0.00442	0.00751
22	0.00579	0.00433	0.00545	0.00614	0.00685	0.00405	0.00446	0.00718	0.02957	0.01223	0.07282	0.50412	0.18392	0.01261	0.00557	0.00174	0.00271	0.12252	0.00415	0.00380
23	0.01225	0.00981	0.01240	0.11350	0.03445	0.01088	0.07037	0.21467	0.33895	0.06045	0.01378	0.01493	0.01052	0.04474	0.00538	0.00158	0.00455	0.01636	0.00388	0.00656
24	0.05736	0.00919	0.01080	0.00839	0.01165	0.00925	0.00691	0.31972	0.01528	0.42368	0.01408	0.01307	0.00936	0.00532	0.00426	0.00133	0.00405	0.00415	0.06502	0.00715
25	0.00675	0.00497	0.00619	0.00576	0.00697	0.00475	0.00436	0.02990	0.05422	0.01764	0.68982	0.03179	0.08547	0.00883	0.00511	0.00139	0.00224	0.00773	0.02174	0.00438
26	0.00570	0.00412	0.00545	0.00638	0.00688	0.00388	0.00460	0.00674	0.00894	0.01177	0.03747	0.62857	0.08484	0.01328	0.00569	0.00181	0.00281	0.15329	0.00411	0.00369
27	0.01667	0.01150	0.08989	0.00962	0.01317	0.10529	0.05028	0.11593	0.06454	0.43965	0.02887	0.01336	0.00989	0.00522	0.00442	0.00135	0.00481	0.00422	0.00437	0.00696
28	0.01225	0.62304	0.02042	0.00858	0.01171	0.11574	0.00795	0.03429	0.00945	0.01093	0.00630	0.00760	0.00573	0.00439	0.00443	0.00110	0.10588	0.00265	0.00201	0.00555
29	0.00553	0.00402	0.00525	0.00617	0.00662	0.00374	0.00431	0.00645	0.00877	0.01152	0.02626	0.68986	0.10605	0.01342	0.00564	0.00179	0.00267	0.08420	0.00410	0.00365
30	0.00904	0.01530	0.38758	0.07372	0.17588	0.00961	0.10921	0.01281	0.00939	0.01355	0.03358	0.01200	0.00787	0.02064	0.08889	0.00203	0.00671	0.00403	0.00214	0.00604
31	0.01201	0.00855	0.00987	0.07321	0.01238	0.00937	0.00698	0.07715	0.44446	0.15308	0.07786	0.01796	0.05370	0.00620	0.00454	0.00145	0.00364	0.00517	0.01588	0.00654
32	0.00522	0.00447	0.00447	0.00447	0.00597	0.00373	0.00336	0.00634	0.01007	0.01193	0.04474	0.04250	0.81544	0.01119	0.00522	0.00149	0.00224	0.00932	0.00410	0.00373
33	0.00761	0.00387	0.00581	0.00581	0.00584	0.00391	0.00391	0.00584	0.00581	0.00778	0.00785	0.01359	0.00781	0.01610	0.05168	0.83477	0.00418	0.00387	0.00194	0.00200
34	0.03466	0.01435	0.27529	0.04908	0.01518	0.01112	0.01049	0.27400	0.18292	0.01944	0.01170	0.04634	0.00899	0.00537	0.00434	0.00141	0.00498	0.00428	0.01942	0.00666
35	0.00864	0.00668	0.00918	0.00833	0.00911	0.00816	0.00658	0.08977	0.00830	0.02469	0.00975	0.01445	0.00902	0.04321	0.39121	0.12142	0.22040	0.00435	0.00246	0.00428
36	0.01018	0.00553	0.00690	0.00611	0.00795	0.00498	0.00478	0.03431	0.01176	0.23931	0.28532	0.07085	0.20602	0.00856	0.00491	0.00143	0.00275	0.03133	0.05198	0.00506
37	0.00531	0.00414	0.00482	0.00537	0.00620	0.00365	0.00375	0.00624	0.00921	0.01158	0.03389	0.46759	0.39736	0.01260	0.00544	0.00165	0.00241	0.01104	0.00410	0.00365
38	0.01083	0.01541	0.29555	0.07185	0.09536	0.08876	0.08790	0.04903	0.14100	0.03587	0.03119	0.01178	0.00834	0.00479	0.00474	0.00141	0.03321	0.00401	0.00269	0.00629
39	0.01090	0.02877	0.17885	0.02789	0.09489	0.18372	0.02532	0.03504	0.09061	0.03496	0.02342	0.01331	0.02380	0.04685	0.13454	0.00238	0.03242	0.00408	0.00263	0.00560
40	0.00993	0.00973	0.01469	0.20280	0.39294	0.06171	0.02064	0.01219	0.00929	0.01262	0.00898	0.05664	0.00803	0.00710	0.06405	0.00184	0.09442	0.00440	0.00223	0.00576
41	0.00579	0.00410	0.00543	0.00635	0.00671	0.00392	0.00447	0.00669	0.00854	0.01132	0.02309	0.62180	0.02719	0.10011	0.00747	0.00209	0.00300	0.14441	0.00395	0.00357
42	0.22059	0.21907	0.10405	0.02769	0.09251	0.15192	0.08357	0.01401	0.00953	0.01396	0.00730	0.00925	0.00606	0.00422	0.00363	0.00125	0.00548	0.01810	0.00226	0.00557
43	0.00533	0.00446	0.00464	0.00463	0.00604	0.00377	0.00346	0.00654	0.01028	0.01251	0.12353	0.06267	0.71495	0.01103	0.00523	0.00149	0.00223	0.00927	0.00418	0.00377
44	0.01072	0.02663	0.02606	0.00957	0.09039	0.08802	0.00698	0.08406	0.02355	0.01517	0.00880	0.02127	0.00746	0.00409	0.00369	0.00091	0.00418	0.02379	0.00276	0.54192
45	0.00733	0.00577	0.00804	0.08461	0.04659	0.00580	0.03247	0.03508	0.05304	0.03398	0.02175	0.48117	0.10132	0.01050	0.00532	0.00162	0.01609	0.00938	0.00373	0.03640
46	0.00984	0.05288	0.02721	0.24231	0.26772	0.03762	0.04584	0.02763	0.09275	0.01361	0.01276	0.01535	0.07968	0.00518	0.00444	0.00138	0.00506	0.02738	0.00263	0.02874
47	0.01143	0.46990	0.22087	0.01008	0.03512	0.02697	0.04660	0.04598	0.05051	0.03407	0.00786	0.00881	0.00634	0.00411	0.00353	0.00115	0.00528	0.00302	0.00224	0.00611
48	0.00566	0.00406	0.00535	0.02789	0.00689	0.00390	0.00420	0.00642	0.00826	0.01096	0.02272	0.66584	0.03927	0.13207	0.00802	0.00214	0.00294	0.03605	0.00384	0.00351
49	0.07056	0.01024	0.05291	0.10712	0.35509	0.06733	0.01039	0.01234	0.00984	0.01411	0.08859	0.01433	0.03846	0.00569	0.02100	0.00146	0.05044	0.01691	0.00256	0.05061
50	0.01098	0.01116	0.01485	0.03922	0.10923	0.12138	0.13303	0.03883	0.07238	0.02503	0.00952	0.04443	0.00850	0.00674	0.02339	0.00170	0.28964	0.03191	0.00256	0.00551
51	0.00675	0.00526	0.00767	0.00745	0.00813	0.00635	0.00583	0.00821	0.00709	0.01040	0.01128	0.01684	0.01062	0.05720	0.68529	0.00625	0.10541	0.00467	0.02525	0.00401
52	0.03865	0.00882	0.01394	0.45884	0.26105	0.01003	0.01162	0.07434	0.01011	0.01408	0.00848	0.01152	0.00659	0.00437	0.00428	0.00139	0.00534	0.00389	0.04696	0.00569
53	0.01616	0.00655	0.00862	0.00690	0.00961	0.00579	0.00559	0.01798	0.01198	0.58149	0.10101	0.01720	0.01425	0.00578	0.00426	0.00130	0.00326	0.00475	0.17100	0.00651
54	0.00622	0.00454	0.00586	0.00559	0.00666	0.00418	0.00424	0.00823	0.01223	0.01712	0.72741	0.03437	0.09509	0.00931	0.00525	0.00142	0.00218	0.04121	0.00477	0.00413
55	0.00538	0.00384	0.00512	0.00615	0.00641	0.00359	0.00410	0.00615	0.00846	0.01127	0.02434	0.84190	0.02921	0.01384	0.00564	0.00179	0.00256	0.01256	0.00410	0.00359
56	0.00565	0.00440	0.00514	0.00515	0.00628	0.00388	0.00379	0.00710	0.01079	0.01413	0.34712	0.15801	0.39127	0.01073	0.00528	0.00150	0.00222	0.00927	0.00440	0.00388
57	0.00560	0.00461	0.00494	0.00484	0.00625	0.00401	0.00363	0.00723	0.03091	0.01343	0.22112	0.03966	0.61721	0.01056	0.00520	0.00147	0.00223	0.00890	0.00429	0.00391
58	0.01027	0.00921	0.00971	0.00718	0.01094	0.07099	0.00571	0.06724	0.01024	0.01505	0.00796	0.00917	0.00654	0.00351	0.00341	0.00074	0.00375	0.00273	0.00272	0.74293
59	0.01181	0.84744	0.02314	0.00756	0.01134	0.01748	0.00756	0.01323	0.00897	0.01039	0.00614	0.00708	0.00567	0.00378	0.00283	0.00094	0.00472	0.00236	0.00189	0.00567
60	0.00548	0.00445	0.00486	0.00483	0.00615	0.00383	0.00360	0.00682	0.01059	0.01333	0.23473	0.08247	0.58185	0.01079	0.00524	0.00148	0.00222	0.00916	0.00429	0.00383
61	0.00637	0.00468	0.00684	0.00684	0.00757	0.00539	0.00523	0.00783	0.00710	0.01027	0.01206	0.01825	0.01145	0.09727	0.74229	0.00672	0.01098	0.00485	0.02416	0.00385
62	0.01483	0.05482	0.01261	0.01100	0.03761	0.56595	0.00825	0.08770	0.02349	0.01317	0.07092	0.01054	0.00891	0.00510	0.00457	0.00121	0.04599	0.00346	0.01454	0.00534
63	0.00834	0.00785	0.01325	0.83417	0.03042	0.00981	0.01227	0.01128	0.00883	0.01128	0.00785	0.01178	0.00589	0.00442	0.00442	0.00147	0.00589	0.00393	0.00196	0.00491
64	0.08253	0.00951	0.01410	0.07673	0.07229	0.00998	0.18763	0.14525	0.13421	0.03187	0.05532	0.06634	0.01115	0.00593	0.01477	0.01158	0.01566	0.00499	0.00329	0.04686
65	0.00802	0.00731	0.01015	0.03273	0.01015	0.02008	0.00749	0.00931	0.00736	0.01075	0.03700	0.01529	0.04368	0.03350	0.33699	0.00397	0.39492	0.00462	0.00231	0.00437
66	0.00554	0.00398	0.00527	0.00613	0.00653	0.00371	0.00422	0.00650	0.00897	0.01200	0.10165	0.70579	0.05277	0.01322	0.00560	0.00176	0.00257	0.04594	0.00417	0.00367
67	0.00987	0.00941	0.01601	0.35684	0.49577	0.01022	0.01303	0.01263	0.00956	0.01314	0.00812	0.01128	0.00654	0.00413	0.00439	0.00138	0.00551	0.00393	0.00209	0.00614
68	0.00860	0.01970	0.66585	0.01165	0.01706	0.02073	0.01432	0.01299	0.00905	0.01342	0.00899	0.04552	0.00718	0.00737	0.07968	0.00194	0.03248	0.00382	0.01358	0.00606
69	0.00560	0.00399	0.00533	0.00622	0.00653	0.00383	0.00425	0.00644	0.00833	0.01113	0.02283	0.69337	0.02701	0.07241	0.05566	0.00229	0.00331	0.05398	0.00390	0.00357
70	0.00920	0.00717	0.00823	0.00800	0.00977	0.02315	0.00648	0.01541	0.33505	0.05017	0.13282	0.03130	0.05837	0.00875	0.00517	0.00165	0.00353	0.27597	0.00438	0.00542
71	0.04933	0.01014	0.01063	0.02399	0.01206	0.03874	0.00728	0.23544	0.42813	0.04301	0.01453	0.02499	0.01103	0.00761	0.06121	0.00182	0.00463	0.00458	0.00415	0.00670
72	0.00553	0.00395	0.00529	0.00628	0.00661	0.00371	0.00432	0.00644	0.00871	0.01161	0.04873	0.75929	0.02932	0.01357	0.00566	0.00180	0.00266	0.06875	0.00412	0.00364
73	0.00556	0.00407	0.00527	0.00616	0.00666	0.00378	0.00435	0.00652	0.00886	0.01158	0.02685	0.64838	0.12979	0.01331	0.00564	0.00178	0.00269	0.10099	0.00410	0.00366
74	0.00546	0.00387	0.00510	0.00605	0.00629	0.00364	0.00400	0.00617	0.00831	0.01108	0.02360	0.78407	0.02828	0.07294	0.00684	0.00197	0.00268	0.01212	0.00400	0.00352

[dist]
# distance from previous block
# <min> <max>
0	1

[block]
# block no. 6 follows, 59 sequences, length 9
# corresponding to MSA columns:
# 337-345
name=unknown_G
#
# <colnr> <probs for GDERKNQSTAVLIFYWHMCP>
#	G	D	E	R	K	N	Q	S	T	A	V	L	I	F	Y	W	H	M	C	P
0	0.02973	0.29764	0.13089	0.17747	0.13154	0.03066	0.04882	0.08022	0.01027	0.01352	0.00757	0.00944	0.00608	0.00414	0.00383	0.00124	0.00547	0.00331	0.00220	0.00596
1	0.00613	0.00454	0.00588	0.00667	0.00754	0.00429	0.00529	0.00754	0.00959	0.01230	0.02849	0.30591	0.20397	0.01251	0.00575	0.00183	0.00317	0.36069	0.00409	0.00383
2	0.70275	0.00924	0.03774	0.05229	0.09961	0.00998	0.00657	0.01299	0.00793	0.01856	0.00654	0.00791	0.00512	0.00410	0.00306	0.00137	0.00386	0.00268	0.00260	0.00510
3	0.00642	0.00428	0.00482	0.00482	0.00482	0.00428	0.00268	0.00642	0.00642	0.00856	0.01392	0.02890	0.01606	0.84478	0.02248	0.00428	0.00428	0.00642	0.00268	0.00268
4	0.54480	0.00928	0.01025	0.09488	0.11908	0.01043	0.04134	0.09572	0.00950	0.01882	0.00720	0.00871	0.00556	0.00422	0.00341	0.00137	0.00424	0.00304	0.00274	0.00543
5	0.11065	0.00949	0.01123	0.09949	0.01367	0.02962	0.00776	0.23852	0.01323	0.29129	0.01164	0.01187	0.00808	0.00536	0.00524	0.00141	0.09146	0.00392	0.02958	0.00649
6	0.00857	0.00429	0.00442	0.00431	0.00548	0.00420	0.00326	0.01056	0.00947	0.05277	0.01643	0.01802	0.06123	0.00554	0.00328	0.00107	0.00215	0.00445	0.77626	0.00425
7	0.00619	0.00428	0.00479	0.00487	0.00508	0.00416	0.00286	0.00639	0.00704	0.00919	0.01864	0.08788	0.12035	0.67851	0.01906	0.00375	0.00390	0.00723	0.00296	0.00288
8	0.00551	0.00392	0.00521	0.00618	0.00647	0.00369	0.00418	0.00631	0.00845	0.01124	0.02382	0.76585	0.02842	0.05209	0.00644	0.00192	0.00271	0.04998	0.00403	0.00357

[dist]
# distance from previous block
# <min> <max>
0	24

[block]
# block no. 7 follows, 59 sequences, length 66
# corresponding to MSA columns:
# 370-382,384-436
name=unknown_H
#
# <colnr> <probs for GDERKNQSTAVLIFYWHMCP>
#	G	D	E	R	K	N	Q	S	T	A	V	L	I	F	Y	W	H	M	C	P
0	0.01115	0.66465	0.20021	0.00867	0.01306	0.01588	0.00950	0.01339	0.00905	0.01119	0.00654	0.00758	0.00565	0.00387	0.00314	0.00105	0.00512	0.00256	0.00188	0.00586
1	0.01154	0.01038	0.01346	0.01122	0.01215	0.01357	0.00933	0.21947	0.01046	0.01517	0.00707	0.00991	0.00625	0.00709	0.01184	0.00177	0.61732	0.00389	0.00259	0.00554
2	0.00678	0.00463	0.00607	0.00565	0.00678	0.00426	0.00426	0.00885	0.01251	0.04905	0.78376	0.03229	0.04047	0.00889	0.00518	0.00139	0.00215	0.00785	0.00489	0.00430
3	0.22750	0.00787	0.00941	0.00741	0.01067	0.00748	0.00612	0.03696	0.01158	0.60829	0.01454	0.01303	0.00936	0.00513	0.00403	0.00137	0.00370	0.00393	0.00478	0.00685
4	0.01955	0.00795	0.01052	0.00806	0.01149	0.00714	0.00666	0.09138	0.01337	0.74941	0.01681	0.01464	0.01063	0.00545	0.00444	0.00136	0.00386	0.00440	0.00537	0.00752
5	0.01065	0.00914	0.00971	0.00883	0.01123	0.01051	0.00691	0.02232	0.74901	0.01805	0.01890	0.01881	0.03363	0.00644	0.00459	0.00153	0.00349	0.04503	0.00446	0.00676
6	0.00641	0.00433	0.00504	0.00504	0.00512	0.00441	0.00296	0.00657	0.00649	0.00873	0.01371	0.02775	0.01556	0.76402	0.10256	0.00456	0.00503	0.00625	0.00265	0.00280
7	0.87598	0.00854	0.00649	0.00581	0.00854	0.00991	0.00478	0.01298	0.00752	0.01982	0.00615	0.00717	0.00478	0.00410	0.00273	0.00137	0.00342	0.00239	0.00273	0.00478
8	0.01886	0.00805	0.01039	0.00801	0.01134	0.00740	0.00660	0.13157	0.01364	0.67120	0.01632	0.01447	0.01047	0.00543	0.00438	0.00135	0.00384	0.00436	0.04498	0.00736
9	0.87598	0.00854	0.00649	0.00581	0.00854	0.00991	0.00478	0.01298	0.00752	0.01982	0.00615	0.00717	0.00478	0.00410	0.00273	0.00137	0.00342	0.00239	0.00273	0.00478
10	0.00550	0.00404	0.00502	0.00568	0.00629	0.00368	0.00391	0.00649	0.00916	0.01210	0.09327	0.57793	0.20018	0.01261	0.00544	0.00167	0.00244	0.01123	0.02968	0.00368
11	0.67168	0.00915	0.00792	0.00670	0.00962	0.01037	0.00553	0.15288	0.01017	0.07044	0.00763	0.00826	0.00564	0.00440	0.00314	0.00136	0.00369	0.00280	0.00320	0.00543
12	0.00894	0.00674	0.00858	0.00780	0.00921	0.00771	0.00613	0.17613	0.05953	0.01459	0.02491	0.01653	0.01107	0.06951	0.50889	0.00505	0.03395	0.00470	0.01518	0.00484
13	0.10608	0.00762	0.00987	0.00765	0.01100	0.00684	0.00632	0.02066	0.01212	0.73964	0.01629	0.01424	0.01031	0.00533	0.00427	0.00137	0.00372	0.00423	0.00519	0.00724
14	0.00823	0.00412	0.00412	0.00412	0.00515	0.00412	0.00309	0.01029	0.00926	0.01647	0.01441	0.01647	0.01132	0.00515	0.00309	0.00103	0.00206	0.00412	0.86930	0.00412
15	0.00620	0.00451	0.00583	0.00550	0.00657	0.00414	0.00413	0.00823	0.01238	0.01742	0.77560	0.03348	0.08116	0.00914	0.00521	0.00139	0.00209	0.00806	0.00482	0.00414
16	0.00619	0.00451	0.00582	0.00549	0.00656	0.00414	0.00412	0.00822	0.01236	0.01738	0.77082	0.03354	0.08596	0.00915	0.00521	0.00139	0.00209	0.00806	0.00482	0.00414
17	0.01181	0.84744	0.02314	0.00756	0.01134	0.01748	0.00756	0.01323	0.00897	0.01039	0.00614	0.00708	0.00567	0.00378	0.00283	0.00094	0.00472	0.00236	0.00189	0.00567
18	0.00607	0.00445	0.00522	0.00505	0.00624	0.00400	0.00378	0.00780	0.01128	0.01549	0.45820	0.04710	0.30713	0.00948	0.00501	0.00140	0.00214	0.00815	0.08801	0.00400
19	0.87598	0.00854	0.00649	0.00581	0.00854	0.00991	0.00478	0.01298	0.00752	0.01982	0.00615	0.00717	0.00478	0.00410	0.00273	0.00137	0.00342	0.00239	0.00273	0.00478
20	0.01289	0.51059	0.04045	0.00848	0.01158	0.01444	0.00797	0.01439	0.00930	0.16770	0.00832	0.00915	0.00671	0.00483	0.00529	0.00122	0.15514	0.00306	0.00259	0.00590
21	0.02437	0.01253	0.09083	0.04255	0.02176	0.01102	0.62167	0.06292	0.01095	0.04305	0.00917	0.01165	0.00675	0.00395	0.00499	0.00146	0.00697	0.00486	0.00245	0.00610
22	0.01093	0.01049	0.01793	0.02711	0.81723	0.01049	0.01355	0.01355	0.01006	0.01443	0.00831	0.01093	0.00700	0.00394	0.00437	0.00131	0.00525	0.00394	0.00219	0.00700
23	0.01011	0.00849	0.00896	0.00817	0.01042	0.00962	0.00635	0.02046	0.65196	0.01762	0.03512	0.01985	0.08718	0.00660	0.00451	0.00148	0.00327	0.02170	0.06173	0.00639
24	0.01728	0.01158	0.01276	0.00979	0.01330	0.01252	0.00808	0.67522	0.01944	0.15699	0.01172	0.01133	0.00807	0.00533	0.00442	0.00133	0.00468	0.00405	0.00459	0.00751
25	0.00581	0.00450	0.00530	0.00510	0.00633	0.00398	0.00382	0.00749	0.01147	0.01525	0.48732	0.03704	0.37079	0.00995	0.00521	0.00143	0.00215	0.00855	0.00454	0.00398
26	0.01709	0.01188	0.01295	0.00993	0.01345	0.01297	0.00820	0.72382	0.01995	0.10768	0.01129	0.01105	0.00786	0.00532	0.00442	0.00133	0.00475	0.00402	0.00452	0.00751
27	0.00823	0.00412	0.00412	0.00412	0.00515	0.00412	0.00309	0.01029	0.00926	0.01647	0.01441	0.01647	0.01132	0.00515	0.00309	0.00103	0.00206	0.00412	0.86930	0.00412
28	0.00615	0.00451	0.00576	0.00545	0.00654	0.00412	0.00409	0.00814	0.01226	0.01713	0.73798	0.03394	0.11895	0.00924	0.00521	0.00140	0.00210	0.00812	0.00479	0.00412
29	0.00893	0.04294	0.80244	0.01247	0.01893	0.01043	0.01610	0.01397	0.00932	0.01390	0.00788	0.00927	0.00560	0.00419	0.00416	0.00139	0.00648	0.00324	0.00187	0.00651
30	0.01181	0.84744	0.02314	0.00756	0.01134	0.01748	0.00756	0.01323	0.00897	0.01039	0.00614	0.00708	0.00567	0.00378	0.00283	0.00094	0.00472	0.00236	0.00189	0.00567
31	0.74518	0.00838	0.00707	0.00612	0.00896	0.00939	0.00504	0.01429	0.00830	0.14210	0.00787	0.00838	0.00572	0.00431	0.00299	0.00137	0.00347	0.00270	0.00315	0.00520
32	0.00543	0.00461	0.00471	0.00475	0.00619	0.00397	0.00353	0.00692	0.03778	0.01211	0.04242	0.09617	0.73385	0.01119	0.00522	0.00151	0.00230	0.00939	0.00411	0.00383
33	0.01608	0.01169	0.01250	0.00966	0.01299	0.01290	0.00795	0.73686	0.01981	0.02689	0.01092	0.01109	0.00783	0.00529	0.00431	0.00130	0.00463	0.00399	0.07609	0.00723
34	0.00981	0.01009	0.01589	0.01292	0.01376	0.01308	0.15862	0.01129	0.00745	0.01129	0.00639	0.01009	0.00597	0.00698	0.01275	0.00185	0.68064	0.00412	0.00199	0.00504
