[name]
unknown

[dist]
# distance from previous block
# <min> <max>
4	408

[block]
# block no. 0 follows, 50 sequences, length 232
# corresponding to MSA columns:
# 499-524,526-544,551-572,594-726,739-770
name=unknown_A
#
# <colnr> <probs for GDERKNQSTAVLIFYWHMCP>
#	G	D	E	R	K	N	Q	S	T	A	V	L	I	F	Y	W	H	M	C	P
0	0.01229	0.01475	0.17542	0.05955	0.03708	0.02742	0.41966	0.01617	0.01147	0.09842	0.01128	0.03411	0.00867	0.02732	0.00622	0.00174	0.02337	0.00542	0.00287	0.00678
1	0.00841	0.00655	0.02885	0.02900	0.00946	0.00619	0.00575	0.03416	0.11805	0.05316	0.02654	0.44537	0.11975	0.07549	0.00741	0.00209	0.00351	0.01071	0.00452	0.00501
2	0.03562	0.01125	0.05278	0.03385	0.01306	0.06178	0.00791	0.11880	0.28048	0.14739	0.01681	0.01886	0.02742	0.14195	0.00832	0.00212	0.00490	0.00537	0.00444	0.00689
3	0.01052	0.00811	0.01288	0.28336	0.14820	0.00882	0.03046	0.05547	0.01039	0.05238	0.01223	0.12603	0.01137	0.00923	0.00844	0.19267	0.00535	0.00583	0.00294	0.00531
4	0.06147	0.00814	0.00880	0.00773	0.00973	0.06354	0.00593	0.07753	0.03821	0.14956	0.36872	0.04803	0.02813	0.07653	0.02439	0.00196	0.00400	0.00699	0.00491	0.00571
5	0.00993	0.00676	0.00790	0.00718	0.00828	0.00701	0.01902	0.11980	0.05752	0.04584	0.01654	0.09887	0.01703	0.46731	0.03880	0.00360	0.00483	0.00707	0.05209	0.00461
6	0.05519	0.03312	0.01215	0.03169	0.01261	0.09063	0.00836	0.09111	0.11828	0.06414	0.01525	0.08945	0.05340	0.02489	0.00858	0.00183	0.23031	0.02853	0.02444	0.00604
7	0.03735	0.37357	0.33506	0.01076	0.01605	0.01495	0.01220	0.05287	0.03207	0.01500	0.01067	0.01163	0.04842	0.00506	0.00410	0.00136	0.00593	0.00367	0.00250	0.00678
8	0.01270	0.50289	0.12057	0.00930	0.01345	0.04780	0.00926	0.03758	0.01085	0.04434	0.01020	0.09678	0.00961	0.00568	0.00394	0.00126	0.00535	0.00422	0.00271	0.05151
9	0.01145	0.34684	0.44993	0.01173	0.01762	0.01489	0.01393	0.01597	0.04867	0.01441	0.00870	0.00991	0.00679	0.00465	0.00414	0.00138	0.00638	0.00337	0.00226	0.00700
10	0.01967	0.19272	0.01536	0.00944	0.01326	0.09580	0.00802	0.08520	0.01410	0.47432	0.01491	0.01370	0.01006	0.00562	0.00455	0.00141	0.00509	0.00425	0.00479	0.00773
11	0.01035	0.01430	0.21374	0.05422	0.01965	0.01099	0.26441	0.03408	0.01089	0.01540	0.03151	0.10668	0.01153	0.00665	0.00678	0.00171	0.10642	0.02436	0.00282	0.05352
12	0.00609	0.00511	0.00535	0.00538	0.00700	0.00428	0.00398	0.00734	0.01109	0.01348	0.04593	0.14445	0.66454	0.01265	0.00586	0.00169	0.00262	0.01068	0.00456	0.03792
13	0.01640	0.01934	0.01271	0.01144	0.01402	0.56698	0.00867	0.08169	0.07364	0.01464	0.01497	0.01539	0.11644	0.00637	0.00477	0.00139	0.00741	0.00452	0.00325	0.00595
14	0.01195	0.01145	0.01954	0.13318	0.69414	0.01174	0.01511	0.01496	0.01117	0.01582	0.00931	0.01246	0.00773	0.00451	0.00494	0.00150	0.00602	0.00444	0.00243	0.00759
15	0.01243	0.01233	0.02090	0.02777	0.62717	0.03358	0.12048	0.01607	0.04974	0.01635	0.00997	0.01271	0.00817	0.00454	0.00506	0.00151	0.00625	0.00467	0.00261	0.00767
16	0.00624	0.00456	0.00624	0.04681	0.00857	0.00440	0.00508	0.00723	0.00956	0.01272	0.02655	0.78159	0.03166	0.01509	0.00629	0.00201	0.00308	0.01369	0.00451	0.00412
17	0.01012	0.00867	0.01007	0.00727	0.01156	0.00652	0.00580	0.01228	0.01039	0.01610	0.01092	0.01220	0.04619	0.00413	0.00380	0.00079	0.00363	0.00333	0.00304	0.81319
18	0.01206	0.01156	0.01973	0.10528	0.72123	0.01177	0.01516	0.01505	0.01122	0.01595	0.00933	0.01243	0.00778	0.00449	0.00494	0.00150	0.00599	0.00444	0.00244	0.00767
19	0.00979	0.02476	0.75972	0.01375	0.02084	0.01121	0.01769	0.01536	0.01056	0.01567	0.01100	0.01238	0.04517	0.00513	0.00479	0.00158	0.00713	0.00402	0.00223	0.00721
20	0.00638	0.00497	0.00686	0.00724	0.00808	0.00454	0.04261	0.00757	0.01027	0.01345	0.07566	0.58791	0.17752	0.01416	0.00622	0.00192	0.00306	0.01276	0.00457	0.00425
21	0.00635	0.00471	0.00645	0.04695	0.00870	0.00465	0.00523	0.00734	0.00952	0.01271	0.02607	0.76298	0.03106	0.01493	0.00652	0.00201	0.02173	0.01346	0.00445	0.00415
22	0.00607	0.00434	0.00578	0.00694	0.00723	0.00405	0.00463	0.00694	0.00954	0.01272	0.02747	0.82157	0.03297	0.01562	0.00636	0.00202	0.00289	0.01417	0.00463	0.00405
23	0.00988	0.00911	0.01495	0.77320	0.03340	0.01129	0.01363	0.05055	0.01063	0.01366	0.00901	0.01322	0.00674	0.00503	0.00498	0.00165	0.00659	0.00443	0.00235	0.00568
24	0.00596	0.00505	0.00514	0.00512	0.00677	0.00424	0.00384	0.00729	0.01152	0.01385	0.09380	0.04734	0.74817	0.01248	0.00589	0.00168	0.00251	0.01043	0.00468	0.00424
25	0.00680	0.00465	0.00561	0.00608	0.00621	0.00454	0.00372	0.00717	0.00820	0.01093	0.02046	0.34180	0.02408	0.49697	0.01768	0.00370	0.00407	0.02023	0.00367	0.00344
26	0.01895	0.01396	0.01496	0.01147	0.01546	0.01546	0.00947	0.77711	0.02344	0.03141	0.01197	0.01197	0.00848	0.00598	0.00499	0.00150	0.00548	0.00449	0.00499	0.00848
27	0.00717	0.00528	0.00783	0.00783	0.00864	0.00610	0.00600	0.00874	0.00792	0.01138	0.01334	0.02015	0.01265	0.07927	0.73919	0.03350	0.01262	0.00541	0.00267	0.00430
28	0.00607	0.00435	0.00577	0.00690	0.00722	0.00405	0.00461	0.00694	0.00958	0.01274	0.02795	0.80543	0.04880	0.01555	0.00635	0.00202	0.00288	0.01409	0.00463	0.00405
29	0.01333	0.82783	0.02612	0.00853	0.01279	0.01972	0.00853	0.01493	0.01013	0.01173	0.00693	0.00800	0.00640	0.00426	0.00320	0.00107	0.00533	0.00267	0.00213	0.00640
30	0.00705	0.00510	0.00666	0.00627	0.00745	0.00470	0.00470	0.00941	0.01411	0.01999	0.79110	0.03723	0.04703	0.01019	0.00588	0.00157	0.00235	0.00901	0.00549	0.00470
31	0.00723	0.00539	0.00676	0.00636	0.00767	0.00507	0.00479	0.01010	0.05481	0.01942	0.68015	0.03726	0.11571	0.01024	0.00584	0.00159	0.00245	0.00898	0.00538	0.00483
32	0.01895	0.01396	0.01496	0.01147	0.01546	0.01546	0.00947	0.77711	0.02344	0.03141	0.01197	0.01197	0.00848	0.00598	0.00499	0.00150	0.00548	0.00449	0.00499	0.00848
33	0.00607	0.00434	0.00578	0.00694	0.00723	0.00405	0.00463	0.00694	0.00954	0.01272	0.02747	0.82157	0.03297	0.01562	0.00636	0.00202	0.00289	0.01417	0.00463	0.00405
34	0.00929	0.00465	0.00465	0.00465	0.00581	0.00465	0.00348	0.01161	0.01045	0.01858	0.01626	0.01858	0.01278	0.00581	0.00348	0.00116	0.00232	0.00465	0.85250	0.00465
35	0.00941	0.00886	0.01495	0.81285	0.03433	0.01107	0.01384	0.01274	0.00997	0.01274	0.00886	0.01329	0.00664	0.00498	0.00498	0.00166	0.00664	0.00443	0.00221	0.00554
36	0.00958	0.00493	0.00496	0.00485	0.00610	0.00497	0.00367	0.03481	0.01085	0.01897	0.01613	0.01838	0.01265	0.00581	0.00353	0.00117	0.00242	0.00464	0.82682	0.00476
37	0.06689	0.00854	0.01134	0.00875	0.01256	0.00753	0.00722	0.02378	0.01396	0.75600	0.01899	0.01649	0.01197	0.00609	0.00491	0.00154	0.00422	0.00489	0.00601	0.00832
38	0.01176	0.01345	0.02941	0.02101	0.02605	0.01261	0.77563	0.01597	0.01176	0.01597	0.01008	0.01345	0.00756	0.00420	0.00588	0.00168	0.00840	0.00588	0.00252	0.00672
39	0.00705	0.00510	0.00666	0.00627	0.00745	0.00470	0.00470	0.00941	0.01411	0.01999	0.79110	0.03723	0.04703	0.01019	0.00588	0.00157	0.00235	0.00901	0.00549	0.00470
40	0.01800	0.01305	0.01395	0.01080	0.01451	0.01440	0.00889	0.70201	0.02216	0.03015	0.01239	0.01262	0.00890	0.00597	0.00484	0.00146	0.00517	0.00450	0.08813	0.00810
41	0.01191	0.01141	0.01946	0.14475	0.68291	0.01173	0.01509	0.01492	0.01115	0.01577	0.00930	0.01248	0.00771	0.00452	0.00494	0.00151	0.00603	0.00444	0.00243	0.00755
42	0.01577	0.00780	0.01066	0.00895	0.01164	0.00755	0.02571	0.07795	0.03235	0.40473	0.01822	0.11643	0.01456	0.01508	0.20486	0.00322	0.00654	0.00622	0.00489	0.00687
43	0.00866	0.00433	0.00649	0.00649	0.00649	0.00433	0.00433	0.00649	0.00649	0.00866	0.00866	0.01515	0.00866	0.01732	0.01948	0.85498	0.00433	0.00433	0.00216	0.00216
44	0.01862	0.02376	0.01413	0.01284	0.01541	0.80482	0.00963	0.01990	0.01413	0.01220	0.00770	0.00899	0.00642	0.00514	0.00449	0.00128	0.00899	0.00321	0.00257	0.00578
45	0.00659	0.00508	0.00601	0.00578	0.00716	0.00450	0.00434	0.00850	0.01301	0.01737	0.49367	0.04154	0.34610	0.01117	0.00588	0.00161	0.00242	0.00962	0.00514	0.00450
46	0.00607	0.00434	0.00578	0.00694	0.00723	0.00405	0.00463	0.00694	0.00954	0.01272	0.02747	0.82157	0.03297	0.01562	0.00636	0.00202	0.00289	0.01417	0.00463	0.00405
47	0.02236	0.00848	0.01157	0.00887	0.01272	0.00733	0.00733	0.02429	0.01427	0.79719	0.01966	0.01697	0.01234	0.00617	0.00501	0.00154	0.00424	0.00501	0.00617	0.00848
48	0.00607	0.00434	0.00578	0.00694	0.00723	0.00405	0.00463	0.00694	0.00954	0.01272	0.02747	0.82157	0.03297	0.01562	0.00636	0.00202	0.00289	0.01417	0.00463	0.00405
49	0.01333	0.82783	0.02612	0.00853	0.01279	0.01972	0.00853	0.01493	0.01013	0.01173	0.00693	0.00800	0.00640	0.00426	0.00320	0.00107	0.00533	0.00267	0.00213	0.00640
50	0.86003	0.00964	0.00733	0.00655	0.00964	0.01118	0.00540	0.01465	0.00848	0.02236	0.00694	0.00810	0.00540	0.00463	0.00308	0.00154	0.00386	0.00270	0.00308	0.00540
51	0.01895	0.01396	0.01496	0.01147	0.01546	0.01546	0.00947	0.77711	0.02344	0.03141	0.01197	0.01197	0.00848	0.00598	0.00499	0.00150	0.00548	0.00449	0.00499	0.00848
52	0.01827	0.02201	0.01382	0.01237	0.01502	0.69463	0.00936	0.09385	0.01489	0.01435	0.00847	0.00967	0.00688	0.00525	0.00450	0.00130	0.00837	0.00339	0.03759	0.00600
53	0.00866	0.00433	0.00649	0.00649	0.00649	0.00433	0.00433	0.00649	0.00649	0.00866	0.00866	0.01515	0.00866	0.01732	0.01948	0.85498	0.00433	0.00433	0.00216	0.00216
54	0.01176	0.01345	0.02941	0.02101	0.02605	0.01261	0.77563	0.01597	0.01176	0.01597	0.01008	0.01345	0.00756	0.00420	0.00588	0.00168	0.00840	0.00588	0.00252	0.00672
55	0.01028	0.00975	0.01652	0.57987	0.26050	0.01130	0.01428	0.01350	0.01038	0.01379	0.00901	0.01301	0.00702	0.00482	0.00497	0.00161	0.00643	0.00443	0.00229	0.00624
56	0.00594	0.00505	0.00512	0.00510	0.00676	0.00423	0.00382	0.00725	0.01147	0.01373	0.08080	0.04753	0.76124	0.01252	0.00589	0.00168	0.00252	0.01046	0.00466	0.00423
57	0.01410	0.71076	0.02437	0.00916	0.01317	0.13403	0.00869	0.01565	0.01071	0.01180	0.00704	0.00814	0.00640	0.00439	0.00339	0.00110	0.00586	0.00274	0.00220	0.00631
58	0.00607	0.00434	0.00578	0.00694	0.00723	0.00405	0.00463	0.00694	0.00954	0.01272	0.02747	0.82157	0.03297	0.01562	0.00636	0.00202	0.00289	0.01417	0.00463	0.00405
59	0.00725	0.00483	0.00544	0.00544	0.00544	0.00483	0.00302	0.00725	0.00725	0.00966	0.01571	0.03262	0.01812	0.82483	0.02537	0.00483	0.00483	0.00725	0.00302	0.00302
60	0.01307	0.57927	0.09467	0.01004	0.02669	0.05314	0.00973	0.01502	0.01017	0.03321	0.00769	0.00921	0.00677	0.00582	0.02889	0.00146	0.08334	0.00312	0.00228	0.00639
61	0.00725	0.00483	0.00544	0.00544	0.00544	0.00483	0.00302	0.00725	0.00725	0.00966	0.01571	0.03262	0.01812	0.82483	0.02537	0.00483	0.00483	0.00725	0.00302	0.00302
62	0.01176	0.01345	0.02941	0.02101	0.02605	0.01261	0.77563	0.01597	0.01176	0.01597	0.01008	0.01345	0.00756	0.00420	0.00588	0.00168	0.00840	0.00588	0.00252	0.00672
63	0.01022	0.00940	0.01453	0.55966	0.10165	0.01124	0.01266	0.01556	0.15941	0.01470	0.01164	0.01551	0.00908	0.00554	0.00505	0.00167	0.00599	0.02743	0.00286	0.00619
64	0.01333	0.82783	0.02612	0.00853	0.01279	0.01972	0.00853	0.01493	0.01013	0.01173	0.00693	0.00800	0.00640	0.00426	0.00320	0.00107	0.00533	0.00267	0.00213	0.00640
65	0.00671	0.00508	0.00618	0.00591	0.00723	0.00456	0.00443	0.00873	0.01329	0.01804	0.56964	0.04044	0.26971	0.01092	0.00588	0.00160	0.00240	0.00946	0.00523	0.00456
66	0.02799	0.02544	0.78224	0.01404	0.02132	0.01157	0.01814	0.01576	0.01048	0.01592	0.00890	0.01047	0.00629	0.00473	0.00470	0.00158	0.00729	0.00366	0.00213	0.00732
67	0.77044	0.01055	0.05484	0.00712	0.01050	0.01103	0.00627	0.01517	0.00887	0.05785	0.00765	0.00865	0.00577	0.00470	0.00327	0.00154	0.00408	0.00287	0.00317	0.00566
68	0.01076	0.00913	0.01107	0.02592	0.03062	0.00741	0.01837	0.06040	0.01138	0.01730	0.04778	0.01193	0.00941	0.00421	0.00397	0.00088	0.00393	0.00346	0.00317	0.70889
69	0.00693	0.00509	0.00649	0.00614	0.00737	0.00465	0.00461	0.00917	0.01382	0.01930	0.71272	0.03837	0.12585	0.01045	0.00588	0.00158	0.00237	0.00917	0.00540	0.00465
70	0.00595	0.00505	0.00513	0.00511	0.00677	0.00423	0.00383	0.00726	0.01150	0.01379	0.08713	0.04744	0.75487	0.01250	0.00589	0.00168	0.00252	0.01045	0.00467	0.00423
71	0.01010	0.04033	0.75582	0.02681	0.03795	0.01173	0.01809	0.01571	0.01052	0.01567	0.00891	0.01056	0.00635	0.00472	0.00471	0.00157	0.00729	0.00369	0.00211	0.00733
72	0.01862	0.02376	0.01413	0.01284	0.01541	0.80482	0.00963	0.01990	0.01413	0.01220	0.00770	0.00899	0.00642	0.00514	0.00449	0.00128	0.00899	0.00321	0.00257	0.00578
73	0.00590	0.00503	0.00507	0.00510	0.00675	0.00420	0.00381	0.00715	0.01132	0.01345	0.04991	0.06761	0.77245	0.01270	0.00590	0.00169	0.00253	0.01061	0.00463	0.00420
74	0.01912	0.01369	0.01479	0.01134	0.01532	0.01506	0.00937	0.73987	0.02298	0.06930	0.01235	0.01221	0.00867	0.00599	0.00499	0.00150	0.00542	0.00451	0.00504	0.00848
75	0.01040	0.01076	0.01887	0.45065	0.04047	0.04635	0.25014	0.01371	0.01073	0.01379	0.01125	0.03694	0.03741	0.00539	0.00553	0.00167	0.02226	0.00533	0.00249	0.00586
76	0.00941	0.00886	0.01495	0.81285	0.03433	0.01107	0.01384	0.01274	0.00997	0.01274	0.00886	0.01329	0.00664	0.00498	0.00498	0.00166	0.00664	0.00443	0.00221	0.00554
77	0.00929	0.00465	0.00465	0.00465	0.00581	0.00465	0.00348	0.01161	0.01045	0.01858	0.01626	0.01858	0.01278	0.00581	0.00348	0.00116	0.00232	0.00465	0.85250	0.00465
78	0.79112	0.00942	0.00760	0.03872	0.01053	0.01091	0.00571	0.01436	0.00877	0.02188	0.03917	0.00950	0.00715	0.00487	0.00327	0.00155	0.00391	0.00303	0.00315	0.00538
79	0.86003	0.00964	0.00733	0.00655	0.00964	0.01118	0.00540	0.01465	0.00848	0.02236	0.00694	0.00810	0.00540	0.00463	0.00308	0.00154	0.00386	0.00270	0.00308	0.00540
80	0.00725	0.00483	0.00544	0.00544	0.00544	0.00483	0.00302	0.00725	0.00725	0.00966	0.01571	0.03262	0.01812	0.82483	0.02537	0.00483	0.00483	0.00725	0.00302	0.00302
81	0.00607	0.00434	0.00578	0.00694	0.00723	0.00405	0.00463	0.00694	0.00954	0.01272	0.02747	0.82157	0.03297	0.01562	0.00636	0.00202	0.00289	0.01417	0.00463	0.00405
82	0.01032	0.00979	0.01660	0.56892	0.27113	0.01131	0.01430	0.01353	0.01040	0.01384	0.00902	0.01299	0.00703	0.00481	0.00497	0.00160	0.00642	0.00443	0.00229	0.00627
83	0.01132	0.01157	0.03807	0.04882	0.19865	0.01118	0.35120	0.05888	0.02428	0.01591	0.01094	0.01534	0.00915	0.07422	0.09544	0.00257	0.00776	0.00541	0.00273	0.00654
84	0.00607	0.00436	0.00576	0.00688	0.00721	0.00405	0.00460	0.00695	0.00960	0.01275	0.02820	0.79704	0.05703	0.01552	0.00635	0.00201	0.00288	0.01405	0.00463	0.00405
85	0.01844	0.01357	0.01467	0.03153	0.01567	0.01505	0.00942	0.73645	0.02273	0.03058	0.01201	0.01218	0.00855	0.00595	0.00494	0.00149	0.00543	0.00449	0.02855	0.00830
86	0.00607	0.00434	0.00578	0.00694	0.00723	0.00405	0.00463	0.00694	0.00954	0.01272	0.02747	0.82157	0.03297	0.01562	0.00636	0.00202	0.00289	0.01417	0.00463	0.00405
87	0.00995	0.00953	0.01553	0.69443	0.11859	0.02695	0.01387	0.01315	0.01016	0.01311	0.00885	0.01305	0.00678	0.00500	0.00518	0.00164	0.02178	0.00441	0.00225	0.00580
88	0.86003	0.00964	0.00733	0.00655	0.00964	0.01118	0.00540	0.01465	0.00848	0.02236	0.00694	0.00810	0.00540	0.00463	0.00308	0.00154	0.00386	0.00270	0.00308	0.00540
89	0.00929	0.00465	0.00465	0.00465	0.00581	0.00465	0.00348	0.01161	0.01045	0.01858	0.01626	0.01858	0.01278	0.00581	0.00348	0.00116	0.00232	0.00465	0.85250	0.00465
90	0.01158	0.01487	0.12378	0.02076	0.07266	0.01243	0.63551	0.01590	0.01159	0.01596	0.00990	0.01302	0.00743	0.00428	0.00568	0.00166	0.00812	0.00552	0.00247	0.00687
91	0.01895	0.01396	0.01496	0.01147	0.01546	0.01546	0.00947	0.77711	0.02344	0.03141	0.01197	0.01197	0.00848	0.00598	0.00499	0.00150	0.00548	0.00449	0.00499	0.00848
92	0.00646	0.00507	0.00585	0.00572	0.00714	0.00446	0.00430	0.00822	0.01255	0.01639	0.37956	0.05926	0.42823	0.01162	0.00592	0.00165	0.00250	0.02568	0.00501	0.00443
93	0.59753	0.00941	0.02819	0.00720	0.01036	0.00985	0.00605	0.01609	0.01007	0.17596	0.06026	0.03046	0.01010	0.00555	0.00376	0.00156	0.00390	0.00385	0.00386	0.00599
94	0.01457	0.64032	0.02337	0.00946	0.01340	0.16034	0.00878	0.05633	0.01155	0.01286	0.00734	0.00838	0.00651	0.00451	0.00353	0.00113	0.00599	0.00286	0.00236	0.00640
95	0.34305	0.01335	0.03087	0.01211	0.04565	0.13538	0.14958	0.10700	0.02989	0.01976	0.02572	0.01169	0.02472	0.00523	0.00466	0.00154	0.02630	0.00408	0.00319	0.00623
96	0.01912	0.01369	0.01479	0.01134	0.01532	0.01506	0.00937	0.73987	0.02298	0.06930	0.01235	0.01221	0.00867	0.00599	0.00499	0.00150	0.00542	0.00451	0.00504	0.00848
97	0.00727	0.00545	0.00698	0.00771	0.00900	0.00517	0.00647	0.00920	0.01148	0.01460	0.06442	0.07718	0.26627	0.01333	0.00652	0.00207	0.00381	0.47398	0.00464	0.00446
98	0.01066	0.01013	0.01717	0.43551	0.34894	0.01129	0.03035	0.01402	0.02647	0.01445	0.00977	0.03170	0.00797	0.00502	0.00502	0.00160	0.00624	0.00472	0.00244	0.00656
99	0.01213	0.01024	0.01085	0.00980	0.01244	0.01175	0.00758	0.05222	0.68311	0.02054	0.02017	0.05997	0.01589	0.02395	0.00551	0.00175	0.00393	0.00604	0.02460	0.00754
100	0.00619	0.00439	0.00575	0.00679	0.00705	0.00413	0.00446	0.00697	0.00931	0.01241	0.02627	0.74099	0.03145	0.09827	0.00830	0.00231	0.00309	0.01346	0.00446	0.00394
101	0.02236	0.00848	0.01157	0.00887	0.01272	0.00733	0.00733	0.02429	0.01427	0.79719	0.01966	0.01697	0.01234	0.00617	0.00501	0.00154	0.00424	0.00501	0.00617	0.00848
102	0.03398	0.03088	0.03510	0.03545	0.02137	0.09392	0.48324	0.04719	0.01191	0.03206	0.01087	0.05350	0.00910	0.03773	0.00674	0.00177	0.04031	0.00572	0.00281	0.00635
103	0.01165	0.00903	0.01173	0.01022	0.01199	0.01017	0.04563	0.23541	0.01347	0.03656	0.01640	0.24459	0.01654	0.01258	0.08734	0.00245	0.14737	0.04005	0.03093	0.00591
104	0.00929	0.00465	0.00465	0.00465	0.00581	0.00465	0.00348	0.01161	0.01045	0.01858	0.01626	0.01858	0.01278	0.00581	0.00348	0.00116	0.00232	0.00465	0.85250	0.00465
105	0.01181	0.01097	0.01247	0.03393	0.01355	0.09773	0.04198	0.03087	0.02075	0.04037	0.02481	0.01250	0.02816	0.00538	0.00638	0.00123	0.15055	0.00389	0.02042	0.43224
106	0.01825	0.02317	0.01393	0.01269	0.01520	0.77949	0.00952	0.01955	0.01393	0.01218	0.00788	0.00932	0.00661	0.00616	0.02989	0.00150	0.00913	0.00328	0.00257	0.00574
107	0.00608	0.00506	0.00531	0.00525	0.00685	0.00429	0.00393	0.00752	0.01180	0.01452	0.16969	0.04624	0.67186	0.01223	0.00589	0.00166	0.00250	0.01028	0.00477	0.00429
108	0.01000	0.02578	0.79900	0.01421	0.02157	0.01158	0.01842	0.01579	0.01052	0.01579	0.00895	0.01052	0.00631	0.00474	0.00474	0.00158	0.00737	0.00368	0.00210	0.00737
109	0.01189	0.38414	0.19605	0.03311	0.01583	0.04704	0.04259	0.01450	0.00992	0.01289	0.00787	0.01006	0.00678	0.00692	0.04877	0.00178	0.13780	0.00351	0.00220	0.00632
110	0.00607	0.00436	0.00576	0.00688	0.00721	0.00405	0.00460	0.00695	0.00960	0.01275	0.02820	0.79704	0.05703	0.01552	0.00635	0.00201	0.00288	0.01405	0.00463	0.00405
111	0.01730	0.22441	0.01712	0.01176	0.01476	0.60889	0.00936	0.01866	0.01313	0.01208	0.00751	0.00874	0.00641	0.00492	0.00417	0.00123	0.00808	0.00307	0.00246	0.00593
112	0.00610	0.00436	0.00581	0.00692	0.00724	0.00407	0.00463	0.00701	0.00967	0.01292	0.04788	0.80061	0.03334	0.01547	0.00635	0.00201	0.00288	0.01403	0.00465	0.00407
113	0.01823	0.04306	0.02889	0.02289	0.01557	0.38154	0.00963	0.33473	0.04097	0.04239	0.01020	0.01080	0.00771	0.00553	0.00470	0.00140	0.00708	0.00387	0.00372	0.00708
114	0.26752	0.10765	0.17705	0.02633	0.12868	0.01265	0.18234	0.01527	0.01025	0.01737	0.00843	0.01045	0.00656	0.00449	0.00435	0.00152	0.00609	0.00388	0.00255	0.00657
115	0.00929	0.00465	0.00465	0.00465	0.00581	0.00465	0.00348	0.01161	0.01045	0.01858	0.01626	0.01858	0.01278	0.00581	0.00348	0.00116	0.00232	0.00465	0.85250	0.00465
116	0.01253	0.01221	0.01942	0.04588	0.70673	0.04430	0.01467	0.01598	0.04969	0.01627	0.00984	0.01253	0.00817	0.00460	0.00492	0.00149	0.00596	0.00445	0.00259	0.00776
117	0.01219	0.01199	0.01938	0.14250	0.63284	0.04794	0.03043	0.01515	0.01129	0.01558	0.00924	0.01234	0.00764	0.00455	0.00494	0.00150	0.00622	0.00441	0.00244	0.00743
118	0.00596	0.00494	0.00523	0.00539	0.00684	0.00420	0.00395	0.00721	0.01119	0.01361	0.07591	0.16641	0.64602	0.01299	0.00596	0.00173	0.00257	0.01102	0.00466	0.00420
119	0.01463	0.01182	0.01253	0.01059	0.01381	0.01344	0.00843	0.28208	0.52550	0.02445	0.01745	0.01634	0.01292	0.00650	0.00504	0.00162	0.00447	0.00524	0.00504	0.00809
120	0.01333	0.82783	0.02612	0.00853	0.01279	0.01972	0.00853	0.01493	0.01013	0.01173	0.00693	0.00800	0.00640	0.00426	0.00320	0.00107	0.00533	0.00267	0.00213	0.00640
121	0.02565	0.01035	0.01340	0.01054	0.01391	0.02641	0.10624	0.21868	0.09368	0.21283	0.08801	0.02117	0.12218	0.00714	0.00529	0.00158	0.00476	0.00610	0.00489	0.00718
122	0.01487	0.01080	0.01180	0.01005	0.01320	0.01196	0.00798	0.15809	0.51428	0.13884	0.01953	0.01797	0.03435	0.00669	0.00507	0.00163	0.00422	0.00547	0.00521	0.00798
123	0.00985	0.00600	0.00613	0.00582	0.00740	0.00626	0.00444	0.03805	0.14191	0.01896	0.01956	0.02074	0.07568	0.00652	0.00399	0.00130	0.00271	0.00528	0.61410	0.00528
124	0.03281	0.01321	0.10963	0.01550	0.01966	0.02449	0.36326	0.01735	0.06451	0.14997	0.01237	0.03358	0.00936	0.00641	0.02822	0.00186	0.08220	0.00539	0.00331	0.00689
125	0.02042	0.01020	0.01292	0.00983	0.01379	0.00975	0.02728	0.23926	0.01660	0.51257	0.01659	0.01506	0.01082	0.00592	0.00495	0.00149	0.00467	0.00476	0.00555	0.05756
126	0.00609	0.00447	0.00565	0.00657	0.00708	0.00410	0.00443	0.00699	0.00976	0.01273	0.03086	0.66343	0.15857	0.04538	0.00699	0.00207	0.00290	0.01330	0.00457	0.00404
127	0.12250	0.01296	0.01385	0.04215	0.01534	0.01435	0.00904	0.61556	0.02061	0.06774	0.01161	0.01179	0.00822	0.00579	0.00475	0.00151	0.00527	0.00429	0.00470	0.00798
128	0.01229	0.01112	0.01738	0.37854	0.25452	0.03136	0.06410	0.12131	0.01258	0.03475	0.00975	0.01281	0.00746	0.00494	0.00502	0.00157	0.00639	0.00452	0.00280	0.00680
129	0.01079	0.01091	0.01336	0.09867	0.04315	0.11389	0.00999	0.01240	0.00896	0.01215	0.00884	0.01325	0.00814	0.01524	0.22061	0.00352	0.38395	0.00448	0.00237	0.00533
130	0.00929	0.00465	0.00465	0.00465	0.00581	0.00465	0.00348	0.01161	0.01045	0.01858	0.01626	0.01858	0.01278	0.00581	0.00348	0.00116	0.00232	0.00465	0.85250	0.00465
131	0.06901	0.01166	0.01287	0.04453	0.07554	0.06319	0.00858	0.27021	0.04551	0.06298	0.04802	0.03165	0.01058	0.00569	0.00492	0.00136	0.02661	0.00444	0.00394	0.19874
132	0.01222	0.01172	0.02002	0.06160	0.76363	0.01181	0.01524	0.01520	0.01129	0.01614	0.00936	0.01237	0.00785	0.00446	0.00494	0.00149	0.00595	0.00444	0.00246	0.00780
133	0.00607	0.00434	0.00578	0.00694	0.00723	0.00405	0.00463	0.00694	0.00954	0.01272	0.02747	0.82157	0.03297	0.01562	0.00636	0.00202	0.00289	0.01417	0.00463	0.00405
134	0.01310	0.01237	0.02271	0.03640	0.02157	0.01227	0.47697	0.10541	0.13448	0.06595	0.01301	0.03993	0.00994	0.00531	0.00559	0.00166	0.00690	0.00586	0.00349	0.00710
135	0.01308	0.00963	0.01489	0.46526	0.13027	0.01082	0.01223	0.09357	0.01223	0.15508	0.01117	0.01372	0.00806	0.00547	0.00528	0.01888	0.00595	0.00454	0.00324	0.00661
136	0.00610	0.00463	0.00564	0.00638	0.00717	0.00417	0.00446	0.00719	0.01032	0.01325	0.05784	0.52607	0.27717	0.01443	0.00621	0.00191	0.00281	0.03544	0.00465	0.00414
137	0.01738	0.21391	0.01699	0.01178	0.01479	0.59508	0.00937	0.04154	0.01346	0.01267	0.00765	0.00884	0.00648	0.00496	0.00420	0.00124	0.00802	0.00312	0.00254	0.00601
138	0.00620	0.00449	0.00588	0.00693	0.00732	0.00422	0.00466	0.00735	0.02372	0.01304	0.04318	0.76698	0.05699	0.01525	0.00631	0.00200	0.00289	0.01380	0.00465	0.00414
139	0.15551	0.43340	0.15314	0.04873	0.01533	0.01582	0.04036	0.01536	0.04034	0.01479	0.00801	0.00939	0.00662	0.00462	0.00396	0.00133	0.02124	0.00321	0.00242	0.00640
140	0.09219	0.01359	0.01429	0.01104	0.01495	0.01509	0.00912	0.71072	0.02213	0.03063	0.01153	0.01163	0.00821	0.00587	0.00482	0.00150	0.00534	0.00433	0.00482	0.00821
141	0.00924	0.00466	0.00469	0.00468	0.00584	0.00465	0.00351	0.01156	0.01054	0.01862	0.03404	0.01901	0.01356	0.00591	0.00354	0.00117	0.00232	0.00475	0.83306	0.00465
142	0.01401	0.01035	0.01149	0.00878	0.01252	0.01002	0.00712	0.33243	0.01612	0.05353	0.03000	0.01466	0.05443	0.00557	0.00444	0.00119	0.00426	0.00437	0.07090	0.33383
143	0.03467	0.01770	0.22538	0.01349	0.05224	0.17993	0.07541	0.14840	0.01412	0.12515	0.01179	0.03472	0.00911	0.00575	0.00494	0.00153	0.00669	0.02837	0.00348	0.00712
144	0.00605	0.00506	0.00527	0.00522	0.00683	0.00428	0.00391	0.00746	0.01173	0.01435	0.15089	0.04651	0.69076	0.01229	0.00589	0.00167	0.00250	0.01032	0.00475	0.00428
145	0.01320	0.01110	0.01172	0.01031	0.01327	0.01277	0.00808	0.11806	0.69185	0.02214	0.01927	0.01779	0.01439	0.00667	0.00506	0.00167	0.00413	0.00550	0.00506	0.00796
146	0.01333	0.82783	0.02612	0.00853	0.01279	0.01972	0.00853	0.01493	0.01013	0.01173	0.00693	0.00800	0.00640	0.00426	0.00320	0.00107	0.00533	0.00267	0.00213	0.00640
147	0.00996	0.04140	0.00957	0.00969	0.06887	0.13409	0.00665	0.04639	0.01176	0.02710	0.07170	0.31092	0.12759	0.03147	0.00608	0.00178	0.00437	0.04782	0.02773	0.00507
148	0.01907	0.01377	0.01484	0.01138	0.01536	0.01518	0.00940	0.75109	0.02312	0.05788	0.01223	0.01214	0.00861	0.00599	0.00499	0.00150	0.00544	0.00451	0.00503	0.00848
149	0.00607	0.00434	0.00578	0.00694	0.00723	0.00405	0.00463	0.00694	0.00954	0.01272	0.02747	0.82157	0.03297	0.01562	0.00636	0.00202	0.00289	0.01417	0.00463	0.00405
150	0.01236	0.01277	0.05842	0.02891	0.72006	0.02958	0.01515	0.01568	0.02926	0.01627	0.00957	0.01232	0.00795	0.00452	0.00492	0.00149	0.00602	0.00440	0.00251	0.00782
151	0.03793	0.19318	0.01470	0.00912	0.01255	0.05105	0.00775	0.09693	0.03282	0.35516	0.01425	0.01423	0.01023	0.00999	0.11576	0.00232	0.00610	0.00435	0.00437	0.00723
152	0.00604	0.00446	0.00566	0.00662	0.00714	0.00408	0.00448	0.00698	0.00985	0.01285	0.03140	0.68959	0.16241	0.01511	0.00628	0.00197	0.00283	0.01355	0.00463	0.00408
153	0.01974	0.01269	0.01417	0.01086	0.01482	0.01357	0.00897	0.60191	0.02130	0.20963	0.01376	0.01313	0.00938	0.00603	0.00499	0.00151	0.00520	0.00461	0.00526	0.00848
154	0.01347	0.65722	0.10300	0.00924	0.01364	0.04508	0.00942	0.01548	0.01051	0.05267	0.00829	0.02757	0.00731	0.00470	0.00357	0.00117	0.00555	0.00317	0.00241	0.00653
155	0.81842	0.00985	0.00770	0.00680	0.00993	0.01139	0.00560	0.05237	0.00922	0.02281	0.00719	0.00829	0.00555	0.00469	0.00318	0.00154	0.00394	0.00279	0.00318	0.00555
156	0.00961	0.00516	0.00551	0.00525	0.00658	0.00522	0.01900	0.02758	0.03040	0.01885	0.01615	0.01835	0.01265	0.00580	0.00360	0.00119	0.00255	0.00469	0.79700	0.00485
157	0.01095	0.00937	0.01199	0.04981	0.03176	0.00816	0.03855	0.04304	0.02732	0.03131	0.03026	0.01177	0.00868	0.00446	0.00477	0.00101	0.05134	0.00358	0.00309	0.61875
158	0.01367	0.01435	0.01215	0.01099	0.01297	0.35169	0.05981	0.05493	0.01257	0.05257	0.01524	0.25479	0.01565	0.02652	0.00615	0.00169	0.03808	0.02125	0.01946	0.00548
159	0.00611	0.00437	0.00583	0.00699	0.00729	0.00408	0.00470	0.00701	0.00958	0.01277	0.02745	0.80549	0.03288	0.01558	0.00637	0.00203	0.00293	0.02985	0.00463	0.00406
160	0.01200	0.00968	0.01089	0.00988	0.01241	0.01084	0.02383	0.04184	0.57628	0.05705	0.02104	0.12829	0.01768	0.00814	0.00533	0.00175	0.00398	0.03685	0.00499	0.00726
161	0.01109	0.01490	0.21048	0.01305	0.01516	0.03408	0.01244	0.03769	0.02978	0.01375	0.00792	0.01150	0.00704	0.02623	0.01270	0.00203	0.52750	0.00427	0.00236	0.00604
162	0.00613	0.00506	0.00538	0.00530	0.00688	0.00431	0.00397	0.00762	0.01192	0.01480	0.20230	0.04577	0.63907	0.01212	0.00589	0.00166	0.00249	0.01021	0.00480	0.00431
163	0.01862	0.02376	0.01413	0.01284	0.01541	0.80482	0.00963	0.01990	0.01413	0.01220	0.00770	0.00899	0.00642	0.00514	0.00449	0.00128	0.00899	0.00321	0.00257	0.00578
164	0.00630	0.00489	0.00573	0.00588	0.00707	0.00432	0.00427	0.00780	0.01178	0.01531	0.27504	0.22866	0.37993	0.01258	0.00600	0.00173	0.00256	0.01092	0.00489	0.00432
165	0.01905	0.01380	0.01486	0.01139	0.01537	0.01521	0.00941	0.75431	0.02316	0.05461	0.01220	0.01212	0.00859	0.00599	0.00499	0.00150	0.00545	0.00450	0.00502	0.00848
166	0.00866	0.00433	0.00649	0.00649	0.00649	0.00433	0.00433	0.00649	0.00649	0.00866	0.00866	0.01515	0.00866	0.01732	0.01948	0.85498	0.00433	0.00433	0.00216	0.00216
167	0.00949	0.00484	0.00486	0.00479	0.00601	0.00487	0.00361	0.02759	0.01072	0.01885	0.01617	0.01844	0.01269	0.00581	0.00352	0.00117	0.00239	0.00464	0.83481	0.00473
168	0.01269	0.14063	0.27798	0.01369	0.03191	0.08981	0.10701	0.09947	0.01197	0.01608	0.00880	0.01077	0.00693	0.00539	0.00636	0.00156	0.12778	0.00398	0.02041	0.00678
169	0.03859	0.01119	0.00990	0.04907	0.01204	0.21475	0.00720	0.09018	0.03333	0.03491	0.01832	0.40160	0.01979	0.01040	0.00572	0.00173	0.02321	0.00880	0.00396	0.00531
170	0.00607	0.00488	0.00541	0.00565	0.00693	0.00423	0.00410	0.00736	0.01124	0.01404	0.13059	0.23314	0.52276	0.01306	0.00600	0.00175	0.00259	0.01123	0.00473	0.00423
171	0.01297	0.01104	0.01183	0.01042	0.01321	0.01284	0.00819	0.09941	0.67160	0.02145	0.01879	0.01757	0.01413	0.00678	0.00562	0.00170	0.04426	0.00546	0.00492	0.00783
172	0.01096	0.24400	0.56504	0.01287	0.01932	0.01383	0.03866	0.01556	0.01045	0.01468	0.00843	0.00992	0.00637	0.00459	0.00435	0.00144	0.00684	0.00347	0.00212	0.00708
173	0.01818	0.04264	0.01474	0.01361	0.05481	0.72980	0.00989	0.03451	0.01407	0.01277	0.00785	0.00919	0.00654	0.00510	0.00449	0.00129	0.00867	0.00328	0.00260	0.00595
174	0.86003	0.00964	0.00733	0.00655	0.00964	0.01118	0.00540	0.01465	0.00848	0.02236	0.00694	0.00810	0.00540	0.00463	0.00308	0.00154	0.00386	0.00270	0.00308	0.00540
175	0.00724	0.00516	0.00655	0.00616	0.00747	0.00469	0.00464	0.00943	0.01374	0.03649	0.67313	0.03824	0.14753	0.01043	0.00586	0.00158	0.00242	0.00913	0.00539	0.00472
176	0.01017	0.06713	0.75916	0.01391	0.02112	0.01200	0.01791	0.01574	0.01050	0.01558	0.00884	0.01039	0.00632	0.00471	0.00466	0.00155	0.00726	0.00363	0.00211	0.00732
177	0.02236	0.00848	0.01157	0.00887	0.01272	0.00733	0.00733	0.02429	0.01427	0.79719	0.01966	0.01697	0.01234	0.00617	0.00501	0.00154	0.00424	0.00501	0.00617	0.00848
178	0.00607	0.00436	0.00576	0.00689	0.00722	0.00405	0.00460	0.00695	0.00959	0.01274	0.02811	0.80000	0.05412	0.01553	0.00635	0.00201	0.00288	0.01407	0.00463	0.00405
179	0.02182	0.00898	0.01183	0.00911	0.01295	0.00812	0.00751	0.08487	0.03600	0.71447	0.01906	0.01661	0.01211	0.00617	0.00501	0.00154	0.00433	0.00499	0.00604	0.00847
180	0.00984	0.00932	0.01559	0.67804	0.12205	0.01139	0.01385	0.01300	0.01000	0.01311	0.00879	0.01305	0.00679	0.00512	0.00559	0.00167	0.05032	0.00443	0.00224	0.00581
181	0.79251	0.01015	0.00792	0.00697	0.01011	0.02473	0.00573	0.06319	0.00953	0.02277	0.00727	0.00836	0.00561	0.00472	0.00323	0.00154	0.00405	0.00282	0.00320	0.00560
182	0.00929	0.00465	0.00465	0.00465	0.00581	0.00465	0.00348	0.01161	0.01045	0.01858	0.01626	0.01858	0.01278	0.00581	0.00348	0.00116	0.00232	0.00465	0.85250	0.00465
183	0.01164	0.01098	0.01214	0.02731	0.07658	0.10170	0.02431	0.04676	0.02801	0.01650	0.05643	0.01303	0.02441	0.00482	0.00457	0.00106	0.02728	0.00386	0.00314	0.50547
184	0.01162	0.01431	0.17573	0.09147	0.51435	0.01178	0.02763	0.03112	0.01119	0.01602	0.00933	0.01217	0.00754	0.00531	0.02084	0.00166	0.02371	0.00433	0.00243	0.00747
185	0.00609	0.00440	0.00577	0.00682	0.00721	0.00408	0.00458	0.00702	0.00977	0.01297	0.05004	0.75685	0.07539	0.01530	0.00632	0.00199	0.00286	0.01382	0.00465	0.00408
186	0.01085	0.01027	0.01713	0.42733	0.37098	0.01148	0.01421	0.01452	0.04698	0.01469	0.00963	0.01311	0.00760	0.00483	0.00497	0.00158	0.00620	0.00449	0.00246	0.00670
187	0.01639	0.01307	0.01530	0.03712	0.18826	0.04855	0.01044	0.48414	0.03564	0.02557	0.01160	0.01256	0.00865	0.00558	0.00485	0.00147	0.00552	0.00446	0.06297	0.00787
188	0.00725	0.00483	0.00544	0.00544	0.00544	0.00483	0.00302	0.00725	0.00725	0.00966	0.01571	0.03262	0.01812	0.82483	0.02537	0.00483	0.00483	0.00725	0.00302	0.00302
189	0.00894	0.00681	0.00752	0.00709	0.00882	0.00683	0.00542	0.13880	0.05117	0.01726	0.04770	0.20338	0.33923	0.01120	0.00588	0.00171	0.02202	0.03211	0.07297	0.00516
190	0.01681	0.01147	0.01233	0.00971	0.01302	0.01248	0.00794	0.55745	0.01989	0.06595	0.01337	0.01379	0.00969	0.00595	0.00463	0.00142	0.00467	0.00455	0.20732	0.00756
191	0.01178	0.01120	0.01889	0.14319	0.64215	0.01156	0.01470	0.01502	0.02846	0.01583	0.01006	0.01394	0.00851	0.00485	0.00500	0.00154	0.00594	0.02736	0.00255	0.00745
192	0.86003	0.00964	0.00733	0.00655	0.00964	0.01118	0.00540	0.01465	0.00848	0.02236	0.00694	0.00810	0.00540	0.00463	0.00308	0.00154	0.00386	0.00270	0.00308	0.00540
193	0.00929	0.00465	0.00465	0.00465	0.00581	0.00465	0.00348	0.01161	0.01045	0.01858	0.01626	0.01858	0.01278	0.00581	0.00348	0.00116	0.00232	0.00465	0.85250	0.00465
194	0.01099	0.01001	0.03654	0.21031	0.39104	0.01009	0.01252	0.01408	0.03548	0.05341	0.02940	0.12387	0.02772	0.00653	0.00518	0.00162	0.00544	0.00602	0.00306	0.00669
195	0.01246	0.01433	0.02607	0.06923	0.04812	0.11027	0.59551	0.01615	0.01185	0.01523	0.00962	0.01280	0.00735	0.00446	0.00584	0.00163	0.02464	0.00539	0.00250	0.00654
196	0.00654	0.00490	0.00608	0.00626	0.00731	0.00444	0.00457	0.00822	0.01211	0.01628	0.38091	0.25718	0.21837	0.01238	0.00605	0.00174	0.00261	0.03462	0.00502	0.00440
197	0.01505	0.01626	0.01249	0.01129	0.01400	0.34963	0.00863	0.02368	0.45678	0.01717	0.01493	0.01451	0.01147	0.00607	0.00483	0.00152	0.00609	0.00460	0.00401	0.00699
198	0.01434	0.61713	0.02291	0.00928	0.01331	0.09366	0.00865	0.09809	0.03652	0.01430	0.00802	0.00891	0.00693	0.00460	0.00359	0.00115	0.00561	0.00302	0.00260	0.02738
199	0.01263	0.01251	0.01654	0.36104	0.29236	0.14334	0.01332	0.03832	0.01167	0.03807	0.00927	0.01232	0.00727	0.00489	0.00489	0.00153	0.00668	0.00425	0.00256	0.00657
200	0.06214	0.00854	0.01127	0.00871	0.01247	0.00758	0.00718	0.03566	0.01405	0.73082	0.01886	0.01650	0.01195	0.00608	0.00489	0.00153	0.00420	0.00489	0.02442	0.00825
201	0.00670	0.00506	0.00618	0.00595	0.00724	0.00454	0.00444	0.00870	0.01320	0.01794	0.56022	0.06387	0.25563	0.01104	0.00590	0.00161	0.00242	0.00959	0.00522	0.00454
202	0.04966	0.00995	0.01182	0.01248	0.13923	0.03387	0.00857	0.18979	0.10292	0.07367	0.02195	0.02587	0.15991	0.00886	0.02563	0.00182	0.00485	0.10816	0.00433	0.00666
203	0.01131	0.00605	0.00648	0.00587	0.00755	0.00613	0.00453	0.08989	0.02897	0.08461	0.03966	0.01865	0.01351	0.02389	0.00435	0.00133	0.00289	0.00487	0.63406	0.00539
204	0.00609	0.00437	0.00579	0.00689	0.00723	0.00407	0.00461	0.00700	0.00968	0.01290	0.04551	0.79063	0.04585	0.01544	0.00634	0.00201	0.00287	0.01399	0.00465	0.00407
205	0.02229	0.00860	0.01164	0.00893	0.01278	0.00750	0.00737	0.04073	0.01447	0.78047	0.01950	0.01686	0.01225	0.00617	0.00501	0.00154	0.00427	0.00500	0.00614	0.00848
206	0.01110	0.01197	0.07365	0.25488	0.14851	0.03535	0.14832	0.03253	0.12757	0.01570	0.01208	0.06604	0.01002	0.00581	0.00546	0.00165	0.02439	0.00541	0.00296	0.00659
207	0.00850	0.00732	0.00885	0.02426	0.00957	0.06688	0.00643	0.00977	0.00829	0.01125	0.01260	0.02070	0.01253	0.21440	0.45635	0.00597	0.10383	0.00549	0.00268	0.00435
208	0.00929	0.00465	0.00465	0.00465	0.00581	0.00465	0.00348	0.01161	0.01045	0.01858	0.01626	0.01858	0.01278	0.00581	0.00348	0.00116	0.00232	0.00465	0.85250	0.00465
209	0.01088	0.02684	0.01255	0.06641	0.03530	0.02541	0.02394	0.03368	0.03982	0.01585	0.03380	0.01189	0.00876	0.00503	0.00601	0.00117	0.13155	0.00371	0.00295	0.50445
210	0.06181	0.19445	0.03515	0.02956	0.07088	0.33999	0.09065	0.03740	0.01218	0.01391	0.00869	0.03083	0.00758	0.02346	0.00511	0.00144	0.02428	0.00390	0.00259	0.00613
211	0.00608	0.00443	0.00574	0.00678	0.00722	0.00409	0.00459	0.00701	0.00976	0.01283	0.02985	0.73050	0.11169	0.01528	0.00632	0.00199	0.00288	0.02427	0.00463	0.00407
212	0.01011	0.02148	0.60362	0.01376	0.01992	0.01078	0.06646	0.01547	0.03190	0.02889	0.01193	0.01740	0.00985	0.00604	0.00512	0.00169	0.00690	0.10908	0.00263	0.00697
213	0.01120	0.00602	0.00794	0.00693	0.00886	0.00540	0.00538	0.01339	0.01403	0.23304	0.54564	0.03216	0.07138	0.00920	0.00564	0.00157	0.00288	0.00798	0.00564	0.00572
214	0.00637	0.00482	0.00589	0.00623	0.00723	0.00434	0.00449	0.00784	0.01151	0.01519	0.26408	0.33344	0.26434	0.01304	0.00609	0.00179	0.00266	0.03146	0.00489	0.00431
215	0.01852	0.03943	0.01438	0.01273	0.01536	0.77207	0.00961	0.03634	0.01425	0.01261	0.00778	0.00903	0.00646	0.00514	0.00448	0.00128	0.00884	0.00323	0.00261	0.00585
216	0.00619	0.00445	0.00588	0.00682	0.00725	0.00413	0.00462	0.00725	0.01015	0.01364	0.12273	0.70891	0.04970	0.01488	0.00629	0.00196	0.00282	0.01346	0.00473	0.00413
217	0.01085	0.01073	0.01661	0.01403	0.03253	0.01356	0.13241	0.03541	0.00908	0.01339	0.00944	0.06643	0.00937	0.02556	0.01336	0.00211	0.55142	0.02552	0.00257	0.00564
218	0.41408	0.01497	0.21337	0.00985	0.01428	0.01244	0.00985	0.22066	0.01304	0.02311	0.00881	0.00977	0.00646	0.00502	0.00402	0.00154	0.00520	0.00344	0.00335	0.00674
219	0.00929	0.00465	0.00465	0.00465	0.00581	0.00465	0.00348	0.01161	0.01045	0.01858	0.01626	0.01858	0.01278	0.00581	0.00348	0.00116	0.00232	0.00465	0.85250	0.00465
220	0.03443	0.17423	0.15252	0.20078	0.01863	0.06673	0.01073	0.04763	0.02900	0.05419	0.09950	0.01523	0.02801	0.00573	0.00456	0.00146	0.00561	0.00453	0.04029	0.00620
221	0.01694	0.03674	0.01444	0.01243	0.02711	0.44319	0.02602	0.15835	0.16587	0.01751	0.01097	0.01157	0.00856	0.00563	0.00495	0.00143	0.02406	0.00400	0.00348	0.00674
222	0.00613	0.00497	0.00544	0.00551	0.00693	0.00428	0.00406	0.00755	0.01165	0.01460	0.18669	0.14061	0.55910	0.01253	0.00595	0.00170	0.00254	0.01068	0.00479	0.00428
223	0.01173	0.01279	0.13370	0.10049	0.01680	0.01189	0.02724	0.06443	0.48009	0.01928	0.01806	0.01772	0.05075	0.00644	0.00506	0.00166	0.00489	0.00538	0.00421	0.00737
224	0.01333	0.82783	0.02612	0.00853	0.01279	0.01972	0.00853	0.01493	0.01013	0.01173	0.00693	0.00800	0.00640	0.00426	0.00320	0.00107	0.00533	0.00267	0.00213	0.00640
225	0.01347	0.24360	0.32243	0.01120	0.01635	0.02937	0.01220	0.12519	0.03597	0.08945	0.01078	0.03310	0.00833	0.00530	0.00439	0.00142	0.00595	0.00399	0.02029	0.00720
226	0.17564	0.01080	0.01209	0.00944	0.01320	0.01116	0.00779	0.31118	0.01671	0.36056	0.01436	0.01341	0.00958	0.00581	0.00465	0.00152	0.00465	0.00438	0.00515	0.00791
227	0.00673	0.00511	0.00621	0.00602	0.00736	0.00459	0.00457	0.00872	0.01309	0.01762	0.51294	0.04166	0.28778	0.01116	0.00593	0.00164	0.00252	0.04667	0.00516	0.00454
228	0.02873	0.01049	0.01663	0.32168	0.04066	0.01146	0.16922	0.17130	0.02925	0.03274	0.02785	0.04007	0.05326	0.00593	0.00522	0.00163	0.00611	0.00547	0.01593	0.00639
229	0.01305	0.01518	0.20453	0.10650	0.22735	0.05000	0.13691	0.04168	0.01194	0.11098	0.01073	0.01271	0.00792	0.00486	0.00500	0.00155	0.00660	0.00451	0.02076	0.00724
230	0.00613	0.00453	0.00575	0.00665	0.00724	0.00415	0.00458	0.00716	0.01006	0.01314	0.05457	0.63624	0.16912	0.01486	0.00628	0.00196	0.00286	0.03596	0.00465	0.00411
231	0.12488	0.00993	0.01185	0.00920	0.01299	0.00974	0.00760	0.20218	0.01573	0.51945	0.01626	0.01468	0.01056	0.00593	0.00477	0.00153	0.00449	0.00460	0.00551	0.00810

[dist]
# distance from previous block
# <min> <max>
0	3

[block]
# block no. 1 follows, 50 sequences, length 55
# corresponding to MSA columns:
# 774-828
name=unknown_B
#
# <colnr> <probs for GDERKNQSTAVLIFYWHMCP>
#	G	D	E	R	K	N	Q	S	T	A	V	L	I	F	Y	W	H	M	C	P
0	0.05347	0.00965	0.01087	0.03330	0.01256	0.04157	0.00699	0.05485	0.04205	0.07223	0.01186	0.03264	0.02813	0.00544	0.00525	0.00118	0.07613	0.01733	0.02507	0.45943
1	0.05955	0.01340	0.01560	0.22153	0.23635	0.17041	0.01187	0.12291	0.01330	0.07381	0.00989	0.01197	0.00755	0.00507	0.00477	0.00150	0.00643	0.00415	0.00308	0.00686
2	0.00643	0.00466	0.00613	0.00715	0.00764	0.00443	0.00499	0.00781	0.02896	0.01340	0.05536	0.68830	0.04996	0.01497	0.00635	0.00202	0.00304	0.07952	0.00467	0.00422
3	0.01069	0.01072	0.01752	0.20390	0.09134	0.01328	0.12649	0.01294	0.00919	0.01318	0.00842	0.03290	0.00753	0.00695	0.01081	0.00192	0.40918	0.00487	0.00233	0.00585
4	0.00966	0.00915	0.01334	0.15605	0.13304	0.07561	0.07216	0.01205	0.00968	0.01290	0.01121	0.01598	0.00983	0.02125	0.41008	0.00482	0.01027	0.00491	0.00254	0.00546
5	0.00631	0.00458	0.00595	0.00663	0.00725	0.00423	0.00458	0.00758	0.01083	0.01461	0.22191	0.56429	0.09476	0.01402	0.00620	0.00188	0.00273	0.01259	0.00484	0.00423
6	0.00960	0.00495	0.00498	0.00487	0.00612	0.00500	0.00368	0.03640	0.01087	0.01900	0.01612	0.01837	0.01264	0.00581	0.00353	0.00117	0.00243	0.00464	0.82505	0.00477
7	0.00689	0.00476	0.00623	0.00667	0.00744	0.00438	0.00470	0.00833	0.01139	0.03803	0.30023	0.48487	0.07082	0.01328	0.00613	0.00183	0.00272	0.01191	0.00498	0.00442
8	0.01876	0.01351	0.01456	0.01120	0.01512	0.01483	0.00924	0.72612	0.02275	0.06284	0.01327	0.01309	0.02862	0.00616	0.00501	0.00150	0.00536	0.00466	0.00503	0.00837
