[name]
unknown

[dist]
# distance from previous block
# <min> <max>
2	88

[block]
# block no. 0 follows, 61 sequences, length 6
# corresponding to MSA columns:
# 115-120
name=unknown_A
#
# <colnr> <probs for GDERKNQSTAVLIFYWHMCP>
#	G	D	E	R	K	N	Q	S	T	A	V	L	I	F	Y	W	H	M	C	P
0	0.08461	0.00708	0.00832	0.00740	0.03601	0.00697	0.00557	0.05045	0.13350	0.19692	0.05640	0.05870	0.01234	0.03016	0.04310	0.00156	0.00364	0.00457	0.11538	0.13730
1	0.10548	0.00497	0.00588	0.00573	0.00658	0.00524	0.00415	0.05514	0.00813	0.01274	0.05612	0.11303	0.01305	0.07515	0.10866	0.25783	0.00419	0.00515	0.14929	0.00347
2	0.00592	0.00438	0.00538	0.00582	0.00656	0.00412	0.00414	0.04070	0.00947	0.01241	0.10299	0.48325	0.19100	0.05034	0.00610	0.00176	0.00265	0.05528	0.00402	0.00373
3	0.00627	0.00424	0.00525	0.00547	0.00620	0.00390	0.00378	0.00728	0.00925	0.05211	0.19887	0.35794	0.16191	0.14786	0.00796	0.00199	0.00267	0.00937	0.00400	0.00369
4	0.00651	0.00434	0.00548	0.00570	0.00643	0.00396	0.00390	0.00732	0.00861	0.05453	0.10183	0.45113	0.08647	0.14488	0.00826	0.03318	0.00284	0.00934	0.00377	0.05152
5	0.00802	0.00536	0.00608	0.00603	0.00700	0.04800	0.00426	0.00904	0.00950	0.12172	0.15675	0.34060	0.10092	0.14714	0.00783	0.00196	0.00310	0.00864	0.00398	0.00406

[dist]
# distance from previous block
# <min> <max>
5	14

[block]
# block no. 1 follows, 61 sequences, length 31
# corresponding to MSA columns:
# 135-165
name=unknown_B
#
# <colnr> <probs for GDERKNQSTAVLIFYWHMCP>
#	G	D	E	R	K	N	Q	S	T	A	V	L	I	F	Y	W	H	M	C	P
0	0.01446	0.01181	0.01185	0.01034	0.05240	0.12070	0.00793	0.39453	0.18948	0.07025	0.01218	0.01313	0.00926	0.00541	0.00432	0.00132	0.00474	0.03770	0.00395	0.02423
1	0.02495	0.01126	0.02022	0.01511	0.03756	0.04788	0.52406	0.08591	0.05526	0.04544	0.01046	0.01231	0.03078	0.00419	0.00473	0.00137	0.00622	0.00473	0.00269	0.05488
2	0.03707	0.04885	0.06457	0.01020	0.11049	0.04350	0.00765	0.06019	0.02583	0.38485	0.05895	0.08972	0.01232	0.00582	0.00430	0.00133	0.00408	0.00485	0.00406	0.02135
3	0.11629	0.18938	0.53816	0.01043	0.01568	0.03536	0.01257	0.01347	0.00890	0.01353	0.00713	0.00835	0.00538	0.00401	0.00364	0.00126	0.00568	0.00289	0.00194	0.00595
4	0.00548	0.00430	0.00496	0.00496	0.00610	0.00378	0.00366	0.00688	0.01051	0.01365	0.32896	0.13675	0.43376	0.01045	0.00514	0.00145	0.00217	0.00900	0.00428	0.00378
5	0.01234	0.40270	0.17264	0.03366	0.02740	0.20677	0.00946	0.04469	0.01019	0.03437	0.00704	0.00807	0.00576	0.00406	0.00345	0.00110	0.00571	0.00277	0.00213	0.00568
6	0.01076	0.01161	0.03906	0.26341	0.40357	0.14943	0.03504	0.01327	0.00985	0.01255	0.00773	0.01040	0.00624	0.00408	0.00423	0.00130	0.00585	0.00367	0.00207	0.00587
7	0.00904	0.00894	0.01217	0.01065	0.01073	0.02771	0.00874	0.00996	0.00691	0.01045	0.00789	0.11207	0.00846	0.00821	0.01288	0.00185	0.72184	0.00479	0.00215	0.00457
8	0.00525	0.00375	0.00500	0.00600	0.00625	0.00350	0.00400	0.00600	0.00825	0.01100	0.02374	0.84580	0.02849	0.01350	0.00550	0.00175	0.00250	0.01225	0.00400	0.00350
9	0.00985	0.04810	0.68900	0.01187	0.01777	0.00991	0.04371	0.01435	0.00944	0.09403	0.00863	0.00967	0.00602	0.00418	0.00411	0.00135	0.00607	0.00334	0.00218	0.00641
10	0.00588	0.00446	0.00661	0.00710	0.00774	0.00427	0.05054	0.00706	0.00862	0.01148	0.02223	0.61534	0.02585	0.01336	0.03770	0.00198	0.00340	0.15882	0.00382	0.00373
11	0.87904	0.00833	0.00633	0.00566	0.00833	0.00966	0.00467	0.01266	0.00733	0.01933	0.00600	0.00700	0.00467	0.00400	0.00267	0.00133	0.00333	0.00233	0.00267	0.00467
12	0.11036	0.00864	0.01290	0.41031	0.23287	0.00992	0.01072	0.01347	0.12307	0.01377	0.00898	0.01140	0.00695	0.00437	0.00412	0.00139	0.00497	0.00380	0.00241	0.00560
13	0.00987	0.31408	0.35420	0.02949	0.01667	0.01253	0.16280	0.01320	0.00915	0.01231	0.00762	0.02572	0.00616	0.00405	0.00384	0.00123	0.00582	0.00343	0.00194	0.00587
14	0.00617	0.00422	0.00510	0.00522	0.00538	0.00431	0.00325	0.00651	0.00664	0.00895	0.01447	0.10249	0.01639	0.63267	0.13547	0.00429	0.00507	0.02776	0.00273	0.00290
15	0.00525	0.00375	0.00500	0.00600	0.00625	0.00350	0.00400	0.00600	0.00825	0.01100	0.02374	0.84580	0.02849	0.01350	0.00550	0.00175	0.00250	0.01225	0.00400	0.00350
16	0.01731	0.00817	0.01043	0.00815	0.01119	0.00790	0.00672	0.18074	0.01366	0.56505	0.06160	0.01522	0.01177	0.00572	0.00481	0.00136	0.03880	0.01951	0.00492	0.00697
17	0.01002	0.00969	0.01398	0.35050	0.29022	0.06748	0.01133	0.03814	0.07165	0.01308	0.00895	0.01231	0.00730	0.00471	0.00482	0.00140	0.04806	0.02833	0.00234	0.00569
18	0.81598	0.00922	0.00676	0.00606	0.00869	0.06971	0.00493	0.01299	0.00769	0.01868	0.00605	0.00705	0.00473	0.00403	0.00275	0.00132	0.00366	0.00236	0.00263	0.00469
19	0.00975	0.01098	0.03595	0.12906	0.04750	0.01061	0.61513	0.01312	0.00976	0.01324	0.00873	0.02830	0.00683	0.00408	0.00528	0.00147	0.03750	0.00494	0.00216	0.00562
20	0.00547	0.00386	0.00516	0.00597	0.00624	0.00373	0.00400	0.00616	0.00790	0.01060	0.02140	0.68383	0.02532	0.08268	0.08097	0.02529	0.00348	0.01086	0.00368	0.00342
21	0.10039	0.01112	0.01959	0.01430	0.01821	0.01106	0.48760	0.20049	0.01238	0.06796	0.00934	0.01104	0.00679	0.00414	0.00461	0.00140	0.00605	0.00447	0.00292	0.00614
22	0.01152	0.85121	0.02257	0.00737	0.01106	0.01704	0.00737	0.01290	0.00875	0.01013	0.00599	0.00691	0.00553	0.00369	0.00276	0.00092	0.00461	0.00230	0.00184	0.00553
23	0.01933	0.00733	0.01000	0.00766	0.01100	0.00633	0.00633	0.02099	0.01233	0.82473	0.01699	0.01466	0.01066	0.00533	0.00433	0.00133	0.00367	0.00433	0.00533	0.00733
24	0.00525	0.00375	0.00500	0.00600	0.00625	0.00350	0.00400	0.00600	0.00825	0.01100	0.02374	0.84580	0.02849	0.01350	0.00550	0.00175	0.00250	0.01225	0.00400	0.00350
25	0.01367	0.01074	0.01212	0.00976	0.01278	0.01197	0.04403	0.46177	0.29711	0.02260	0.01284	0.01269	0.00948	0.00651	0.04025	0.00160	0.00468	0.00431	0.00415	0.00693
26	0.00905	0.00938	0.03848	0.01125	0.01183	0.01198	0.06158	0.01037	0.00695	0.01065	0.00664	0.01048	0.00633	0.01022	0.11357	0.00246	0.65816	0.00394	0.00195	0.00473
27	0.00618	0.00453	0.00649	0.00649	0.00711	0.00515	0.00484	0.00741	0.00679	0.00968	0.01193	0.01912	0.01172	0.19155	0.67360	0.00639	0.01010	0.00494	0.00237	0.00360
28	0.00971	0.00991	0.01315	0.01130	0.01140	0.04868	0.00938	0.01066	0.00684	0.01037	0.00570	0.00935	0.00565	0.00740	0.01369	0.00185	0.80460	0.00373	0.00190	0.00472
29	0.01697	0.00946	0.11024	0.00836	0.01192	0.00734	0.00757	0.09837	0.01258	0.60085	0.02958	0.04439	0.01087	0.00552	0.00436	0.00135	0.00403	0.00450	0.00474	0.00701
30	0.01933	0.00733	0.01000	0.00766	0.01100	0.00633	0.00633	0.02099	0.01233	0.82473	0.01699	0.01466	0.01066	0.00533	0.00433	0.00133	0.00367	0.00433	0.00533	0.00733

[dist]
# distance from previous block
# <min> <max>
0	18

[block]
# block no. 2 follows, 61 sequences, length 68
# corresponding to MSA columns:
# 184-251
name=unknown_C
#
# <colnr> <probs for GDERKNQSTAVLIFYWHMCP>
#	G	D	E	R	K	N	Q	S	T	A	V	L	I	F	Y	W	H	M	C	P
0	0.00598	0.00438	0.00562	0.00535	0.00638	0.00401	0.00400	0.00789	0.01186	0.01659	0.72712	0.06155	0.10488	0.00915	0.00510	0.00138	0.00206	0.00805	0.00465	0.00401
1	0.00893	0.11009	0.71561	0.03726	0.01818	0.01074	0.01488	0.01348	0.00904	0.01319	0.00754	0.00894	0.00547	0.00406	0.00396	0.00132	0.00616	0.00311	0.00182	0.00623
2	0.82634	0.00838	0.00684	0.00649	0.03908	0.00961	0.00503	0.01288	0.00754	0.03781	0.00633	0.00731	0.00489	0.00402	0.00276	0.00133	0.00341	0.00244	0.00271	0.00481
3	0.02655	0.79970	0.03469	0.00753	0.01119	0.04023	0.00749	0.01303	0.00883	0.01036	0.00604	0.00697	0.00551	0.00372	0.00282	0.00094	0.00470	0.00233	0.00187	0.00551
4	0.00993	0.00853	0.00943	0.00714	0.02413	0.04904	0.00556	0.04251	0.00966	0.03867	0.00800	0.00913	0.00651	0.00341	0.00332	0.00072	0.00353	0.00269	0.00268	0.75540
5	0.01399	0.04201	0.04469	0.07233	0.03321	0.45614	0.02753	0.06952	0.07927	0.04491	0.00833	0.00950	0.00658	0.00480	0.00479	0.00126	0.06973	0.00332	0.00259	0.00549
6	0.01593	0.04974	0.01257	0.01097	0.01324	0.80269	0.00829	0.01705	0.01209	0.01053	0.00663	0.00774	0.00555	0.00441	0.00384	0.00110	0.00766	0.00276	0.00221	0.00501
7	0.00659	0.00469	0.00694	0.00686	0.00768	0.00537	0.00531	0.00807	0.00708	0.03685	0.01180	0.01730	0.01096	0.06383	0.77207	0.00663	0.01099	0.00467	0.00242	0.00391
8	0.00532	0.00380	0.00507	0.00602	0.00632	0.00355	0.00407	0.00614	0.00842	0.01125	0.05001	0.80044	0.02881	0.01330	0.00549	0.00174	0.00252	0.03020	0.00402	0.00353
9	0.01061	0.00886	0.00943	0.00847	0.01085	0.01012	0.00659	0.02176	0.73578	0.04100	0.04858	0.01742	0.03907	0.00610	0.00443	0.00145	0.00333	0.00510	0.00441	0.00663
10	0.00612	0.00462	0.00678	0.00688	0.00753	0.00532	0.00525	0.00749	0.00711	0.01014	0.01329	0.14597	0.01346	0.04343	0.66234	0.00591	0.03623	0.00581	0.00256	0.00380
11	0.00623	0.00432	0.00544	0.00544	0.00570	0.00458	0.00353	0.00674	0.00648	0.00890	0.01289	0.02443	0.01403	0.57663	0.29168	0.00509	0.00663	0.00571	0.00251	0.00302
12	0.01099	0.01063	0.01743	0.02520	0.74707	0.03397	0.03744	0.03959	0.01023	0.01439	0.00815	0.01060	0.00679	0.00389	0.00428	0.00128	0.00525	0.00385	0.00221	0.00676
13	0.00813	0.00766	0.01292	0.83826	0.02967	0.00957	0.01196	0.01101	0.00861	0.01101	0.00766	0.01148	0.00574	0.00431	0.00431	0.00144	0.00574	0.00383	0.00191	0.00479
14	0.81249	0.00834	0.00658	0.00581	0.00848	0.00960	0.00478	0.04070	0.00792	0.03478	0.00654	0.00747	0.00502	0.00409	0.00276	0.00132	0.00336	0.00246	0.02268	0.00479
15	0.01090	0.00896	0.00958	0.00862	0.01103	0.01023	0.00674	0.02211	0.74066	0.05431	0.01811	0.01738	0.02727	0.00608	0.00444	0.00147	0.00342	0.02758	0.00441	0.00670
16	0.00603	0.00440	0.00566	0.00535	0.00639	0.00404	0.00401	0.00800	0.01203	0.01690	0.76740	0.03280	0.09295	0.00895	0.00508	0.00136	0.00204	0.00788	0.00469	0.00404
17	0.00616	0.00459	0.00680	0.00680	0.00753	0.00532	0.00524	0.00762	0.00689	0.00991	0.01165	0.01753	0.01103	0.07619	0.78802	0.00678	0.01114	0.00470	0.00232	0.00378
18	0.00538	0.00385	0.00518	0.00603	0.00632	0.00372	0.00408	0.00618	0.00803	0.01078	0.02207	0.72663	0.02615	0.05257	0.08870	0.00237	0.00348	0.01122	0.00377	0.00349
19	0.01933	0.00733	0.01000	0.00766	0.01100	0.00633	0.00633	0.02099	0.01233	0.82473	0.01699	0.01466	0.01066	0.00533	0.00433	0.00133	0.00367	0.00433	0.00533	0.00733
20	0.00534	0.00381	0.00510	0.00610	0.00639	0.00358	0.00416	0.00616	0.00834	0.01110	0.02369	0.80212	0.02829	0.01341	0.00552	0.00176	0.00258	0.05501	0.00400	0.00352
21	0.80423	0.00839	0.00674	0.00591	0.00864	0.00959	0.00487	0.03766	0.00801	0.06471	0.00675	0.00753	0.00508	0.00411	0.00281	0.00133	0.00339	0.00249	0.00287	0.00490
22	0.01066	0.01023	0.01748	0.02644	0.82174	0.01023	0.01322	0.01322	0.00981	0.01407	0.00810	0.01066	0.00682	0.00384	0.00426	0.00128	0.00512	0.00384	0.00213	0.00682
23	0.01823	0.00806	0.01032	0.00803	0.01130	0.00755	0.00659	0.11474	0.08306	0.65959	0.01625	0.01427	0.01048	0.00536	0.00433	0.00134	0.00377	0.00432	0.00513	0.00729
24	0.01071	0.01018	0.01610	0.18733	0.58407	0.03743	0.01248	0.06444	0.01033	0.01419	0.00811	0.01071	0.00660	0.00404	0.00426	0.00131	0.00531	0.00380	0.00223	0.00639
25	0.00802	0.00721	0.00853	0.00760	0.00857	0.10405	0.10512	0.02610	0.00830	0.01041	0.02694	0.14724	0.01578	0.45388	0.01395	0.00291	0.00471	0.03422	0.00284	0.00361
26	0.01898	0.00729	0.00988	0.00761	0.01088	0.00635	0.00627	0.02081	0.02384	0.79742	0.01694	0.01471	0.01071	0.00533	0.00431	0.00133	0.00363	0.00433	0.02211	0.00726
27	0.00525	0.00395	0.00483	0.00549	0.00609	0.00357	0.00376	0.00612	0.00875	0.01129	0.05184	0.57600	0.25084	0.03366	0.00579	0.00172	0.00244	0.01108	0.00399	0.00353
28	0.03903	0.00894	0.01331	0.01064	0.01320	0.02003	0.21698	0.17750	0.08724	0.08466	0.01426	0.21269	0.01326	0.02451	0.00545	0.00155	0.03107	0.01650	0.00357	0.00562
29	0.01152	0.85121	0.02257	0.00737	0.01106	0.01704	0.00737	0.01290	0.00875	0.01013	0.00599	0.00691	0.00553	0.00369	0.00276	0.00092	0.00461	0.00230	0.00184	0.00553
30	0.00579	0.00398	0.00484	0.00531	0.00542	0.00386	0.00326	0.00614	0.00719	0.00959	0.01833	0.41053	0.02166	0.45808	0.01424	0.00304	0.00339	0.00906	0.00326	0.00303
31	0.02991	0.52004	0.01816	0.00831	0.01161	0.12114	0.00748	0.11774	0.10428	0.01350	0.00798	0.00853	0.00663	0.00423	0.00330	0.00106	0.00487	0.00287	0.00252	0.00582
32	0.00979	0.00943	0.01638	0.22273	0.54067	0.00983	0.06607	0.01242	0.00948	0.01318	0.00869	0.04595	0.00745	0.00434	0.00438	0.00135	0.00530	0.00427	0.00216	0.00612
33	0.00710	0.00462	0.00608	0.00559	0.00678	0.00424	0.00424	0.00910	0.01220	0.07845	0.75867	0.03085	0.03837	0.00854	0.00502	0.00135	0.00216	0.00753	0.00479	0.00431
34	0.00527	0.00380	0.00499	0.00591	0.00623	0.00352	0.00397	0.00607	0.00844	0.01122	0.04924	0.78475	0.06418	0.01323	0.00547	0.00172	0.00247	0.01197	0.00402	0.00352
35	0.00904	0.10150	0.68409	0.01228	0.01822	0.01076	0.07879	0.01358	0.00915	0.01332	0.00764	0.00909	0.00555	0.00402	0.00404	0.00133	0.00627	0.00325	0.00185	0.00624
36	0.00550	0.00405	0.00549	0.00666	0.03160	0.00383	0.00440	0.00639	0.00837	0.01114	0.02363	0.72775	0.06119	0.01374	0.03662	0.00192	0.00296	0.03724	0.00388	0.00364
37	0.01083	0.01056	0.01732	0.02595	0.79617	0.03621	0.01306	0.01335	0.00988	0.01396	0.00806	0.01057	0.00678	0.00386	0.00425	0.00127	0.00520	0.00380	0.00214	0.00677
38	0.01043	0.00826	0.01989	0.00692	0.01067	0.00665	0.00565	0.09830	0.01044	0.07178	0.01856	0.00977	0.00719	0.00363	0.00343	0.00078	0.00342	0.00289	0.00295	0.69840
39	0.03896	0.82454	0.02206	0.00732	0.01097	0.01681	0.00728	0.01289	0.00871	0.01043	0.00599	0.00691	0.00550	0.00370	0.00276	0.00093	0.00457	0.00230	0.00187	0.00550
40	0.00623	0.00416	0.00471	0.00475	0.00476	0.00415	0.00266	0.00625	0.00634	0.00845	0.01396	0.05904	0.01614	0.81711	0.02130	0.00408	0.00411	0.00649	0.00266	0.00264
41	0.01003	0.02938	0.00938	0.00828	0.02151	0.00928	0.00646	0.08589	0.47175	0.02889	0.10188	0.02114	0.08282	0.00745	0.02360	0.00158	0.01260	0.05788	0.00420	0.00601
42	0.10233	0.00849	0.01001	0.00782	0.01103	0.00830	0.00641	0.18914	0.05852	0.42790	0.04190	0.01316	0.01017	0.00513	0.00409	0.00127	0.00375	0.00403	0.00453	0.08201
43	0.01883	0.00722	0.00984	0.00758	0.01082	0.00625	0.00625	0.02051	0.01232	0.79426	0.04727	0.01532	0.01179	0.00546	0.00436	0.00133	0.00360	0.00446	0.00531	0.00721
44	0.00853	0.00810	0.01380	0.70756	0.14264	0.00969	0.02646	0.01137	0.00881	0.01149	0.00774	0.01137	0.00591	0.00423	0.00431	0.00141	0.00568	0.00385	0.00195	0.00509
45	0.00697	0.00512	0.00677	0.00670	0.00771	0.01857	0.03725	0.00828	0.01855	0.06568	0.05853	0.37658	0.16886	0.03909	0.08854	0.00223	0.02741	0.04940	0.00375	0.00403
46	0.02220	0.01161	0.02338	0.01691	0.02090	0.02224	0.68144	0.07193	0.01070	0.01462	0.00860	0.01129	0.00651	0.00398	0.00549	0.00146	0.05375	0.00485	0.00233	0.00583
47	0.00829	0.00781	0.01319	0.78987	0.07688	0.00961	0.01204	0.01114	0.00868	0.01119	0.00768	0.01144	0.00581	0.00428	0.00430	0.00143	0.00570	0.00383	0.00193	0.00491
48	0.64780	0.00806	0.00732	0.00620	0.00905	0.00877	0.00511	0.01490	0.00868	0.23596	0.00896	0.00906	0.00628	0.00436	0.00311	0.00133	0.00342	0.00287	0.00338	0.00538
49	0.01257	0.01393	0.02015	0.01053	0.03713	0.38378	0.05000	0.06211	0.11153	0.02373	0.09404	0.02719	0.04460	0.00613	0.01558	0.00138	0.06180	0.01551	0.00301	0.00528
50	0.00612	0.00453	0.00545	0.00517	0.00641	0.00408	0.00389	0.00800	0.02394	0.03306	0.53256	0.03461	0.29758	0.00938	0.00506	0.00139	0.00214	0.00810	0.00450	0.00404
51	0.00695	0.00572	0.00790	0.00775	0.00817	0.00684	0.00594	0.02788	0.00777	0.01096	0.01510	0.32862	0.01676	0.04638	0.22603	0.00323	0.22244	0.03861	0.00296	0.00399
52	0.00574	0.00403	0.00538	0.00623	0.00661	0.00385	0.00444	0.00662	0.00843	0.01121	0.04480	0.58144	0.02646	0.07974	0.00723	0.02893	0.00293	0.15860	0.00384	0.00348
53	0.01066	0.01023	0.01748	0.02644	0.82174	0.01023	0.01322	0.01322	0.00981	0.01407	0.00810	0.01066	0.00682	0.00384	0.00426	0.00128	0.00512	0.00384	0.00213	0.00682
54	0.00995	0.01043	0.02955	0.01373	0.01690	0.05936	0.45805	0.08187	0.02186	0.01427	0.01297	0.14236	0.03613	0.00607	0.00511	0.00149	0.01541	0.04579	0.01336	0.00536
55	0.36360	0.00773	0.00853	0.00686	0.00993	0.00767	0.00566	0.01766	0.01033	0.50221	0.01259	0.01159	0.00826	0.00480	0.00366	0.00133	0.00353	0.00353	0.00426	0.00626
56	0.01114	0.19959	0.20688	0.04097	0.12000	0.10401	0.14482	0.06454	0.01024	0.01325	0.00752	0.00926	0.00598	0.00415	0.00440	0.00126	0.04049	0.00344	0.00214	0.00593
57	0.00590	0.00420	0.00555	0.00585	0.00622	0.00438	0.00400	0.00667	0.00716	0.00978	0.01654	0.27106	0.03385	0.29966	0.29487	0.00433	0.00616	0.00756	0.00295	0.00332
58	0.01146	0.34188	0.18997	0.02458	0.03270	0.07651	0.02138	0.03863	0.07038	0.07014	0.03460	0.01009	0.00778	0.00492	0.01709	0.00128	0.03496	0.00328	0.00250	0.00586
59	0.00954	0.10383	0.29109	0.02164	0.10821	0.05181	0.09856	0.01246	0.00947	0.04991	0.01197	0.14764	0.02922	0.00597	0.00439	0.00139	0.00527	0.02945	0.00255	0.00562
60	0.01924	0.00746	0.01008	0.00773	0.01106	0.00653	0.00638	0.04294	0.01255	0.80246	0.01681	0.01454	0.01057	0.00533	0.00433	0.00133	0.00370	0.00432	0.00530	0.00733
61	0.06341	0.05424	0.27196	0.06333	0.17818	0.00966	0.10388	0.02448	0.03309	0.05048	0.01079	0.07437	0.03337	0.00502	0.00426	0.00137	0.00525	0.00446	0.00249	0.00592
62	0.01013	0.02579	0.13654	0.06168	0.10794	0.04197	0.15423	0.02538	0.03640	0.11157	0.04356	0.11522	0.08006	0.00627	0.00465	0.00142	0.00490	0.02363	0.00309	0.00559
63	0.01145	0.66383	0.11486	0.00863	0.01255	0.07305	0.04015	0.01332	0.00909	0.01071	0.00635	0.00741	0.00556	0.00378	0.00309	0.00101	0.00514	0.00255	0.00188	0.00560
64	0.00605	0.00417	0.00513	0.00532	0.00550	0.00425	0.00334	0.00646	0.00675	0.00913	0.01516	0.18169	0.01727	0.55151	0.15604	0.00418	0.00511	0.00712	0.00282	0.00299
65	0.00827	0.02924	0.12027	0.10690	0.04717	0.02840	0.06861	0.02338	0.05028	0.03479	0.02456	0.18262	0.03073	0.01198	0.16056	0.00252	0.03118	0.03081	0.00284	0.00490
66	0.01200	0.20746	0.07537	0.05117	0.02457	0.19270	0.11004	0.04982	0.02611	0.07060	0.05051	0.02150	0.00870	0.00632	0.05338	0.00156	0.02635	0.00377	0.00259	0.00550
67	0.00694	0.00481	0.00610	0.00568	0.00687	0.00451	0.00428	0.03669	0.02186	0.04941	0.65655	0.07704	0.08496	0.00890	0.00504	0.00138	0.00225	0.00781	0.00466	0.00429

[dist]
# distance from previous block
# <min> <max>
4	132

[block]
# block no. 3 follows, 61 sequences, length 83
# corresponding to MSA columns:
# 384-399,405-471
name=unknown_D
#
# <colnr> <probs for GDERKNQSTAVLIFYWHMCP>
#	G	D	E	R	K	N	Q	S	T	A	V	L	I	F	Y	W	H	M	C	P
0	0.05207	0.09179	0.03228	0.00921	0.01103	0.17305	0.07655	0.02149	0.00868	0.01123	0.00919	0.01346	0.00845	0.05883	0.30430	0.00349	0.08707	0.02096	0.00228	0.00458
1	0.01556	0.04346	0.01252	0.01088	0.01312	0.71275	0.00830	0.05564	0.03297	0.01153	0.00706	0.00815	0.00584	0.00462	0.00431	0.00115	0.04173	0.00291	0.00235	0.00516
2	0.06350	0.02729	0.37483	0.04873	0.02720	0.00940	0.07432	0.04414	0.04829	0.07717	0.04958	0.01250	0.02890	0.00485	0.00453	0.00135	0.03585	0.01349	0.00266	0.05141
3	0.00969	0.28813	0.44707	0.01047	0.03441	0.01198	0.01189	0.03872	0.00947	0.01302	0.04343	0.02327	0.00782	0.00452	0.00390	0.00124	0.01595	0.01697	0.00212	0.00593
4	0.01705	0.00723	0.00950	0.00747	0.01048	0.00650	0.00610	0.05372	0.04527	0.64937	0.09553	0.01719	0.04259	0.00588	0.00443	0.00134	0.00349	0.00484	0.00514	0.00686
5	0.00987	0.00989	0.03114	0.02684	0.02881	0.20294	0.03824	0.04385	0.01975	0.04561	0.02743	0.18622	0.08218	0.04243	0.11557	0.01728	0.05829	0.00608	0.00300	0.00457
6	0.01162	0.07649	0.23232	0.01040	0.01372	0.25434	0.04480	0.05639	0.03253	0.04291	0.00960	0.01150	0.03054	0.03956	0.07886	0.00189	0.04099	0.00365	0.00243	0.00546
7	0.11572	0.00857	0.01124	0.00936	0.01158	0.06373	0.13458	0.07264	0.02629	0.16763	0.01377	0.18148	0.01276	0.01930	0.01735	0.01825	0.05930	0.04772	0.00348	0.00526
8	0.00587	0.00457	0.00628	0.01811	0.00742	0.00472	0.01951	0.00704	0.00803	0.01072	0.02177	0.29097	0.17066	0.06381	0.29217	0.00361	0.02695	0.03086	0.00322	0.00370
9	0.02609	0.09299	0.01449	0.05568	0.02420	0.05149	0.14700	0.13517	0.01067	0.06016	0.03598	0.01298	0.02183	0.02265	0.10195	0.00209	0.14606	0.01509	0.00277	0.02065
10	0.00973	0.00922	0.01501	0.35470	0.36280	0.03034	0.04634	0.01273	0.03893	0.02510	0.00889	0.01257	0.00726	0.00447	0.00450	0.00139	0.01573	0.03228	0.00224	0.00578
11	0.00587	0.00442	0.00496	0.00508	0.00630	0.00387	0.00373	0.00717	0.02211	0.04314	0.10346	0.22323	0.51726	0.01105	0.00516	0.00152	0.00234	0.02137	0.00412	0.00384
12	0.02153	0.28643	0.11241	0.03642	0.01341	0.06647	0.06879	0.07949	0.03909	0.12432	0.01828	0.01050	0.00753	0.00647	0.06717	0.00161	0.00556	0.00344	0.00276	0.02832
13	0.06127	0.00884	0.03701	0.02666	0.01168	0.03366	0.06374	0.06123	0.02308	0.05117	0.03147	0.05360	0.02532	0.00454	0.00391	0.00099	0.01823	0.00377	0.00290	0.47695
14	0.01269	0.00599	0.00793	0.00694	0.00901	0.00549	0.00543	0.01474	0.05494	0.41543	0.10396	0.21145	0.05127	0.00927	0.04337	0.00172	0.00352	0.02649	0.00468	0.00567
15	0.00993	0.00979	0.08521	0.18537	0.18851	0.02029	0.11701	0.04214	0.02421	0.08015	0.05086	0.03109	0.08346	0.00553	0.00475	0.00141	0.02055	0.03127	0.00283	0.00565
16	0.00975	0.15572	0.50283	0.03290	0.01632	0.02885	0.02985	0.04707	0.03554	0.02883	0.00882	0.01119	0.00693	0.00525	0.02582	0.00146	0.00592	0.03868	0.00221	0.00604
17	0.01052	0.36115	0.05362	0.07512	0.04043	0.03204	0.19717	0.01270	0.00921	0.04712	0.00916	0.02945	0.02554	0.03022	0.04774	0.00158	0.00570	0.00388	0.00224	0.00542
18	0.00659	0.00539	0.02663	0.00834	0.10683	0.00485	0.00555	0.00763	0.00895	0.01178	0.09517	0.17616	0.24107	0.01189	0.04569	0.13858	0.00355	0.08813	0.00337	0.00387
19	0.02163	0.09530	0.14971	0.17763	0.08503	0.01006	0.07773	0.07870	0.01905	0.08543	0.05408	0.04197	0.02397	0.00525	0.00471	0.00137	0.04055	0.01935	0.00277	0.00572
20	0.00862	0.00821	0.02345	0.00788	0.01858	0.14304	0.02585	0.06555	0.01007	0.02470	0.05474	0.32503	0.10039	0.04209	0.06526	0.00201	0.03205	0.03474	0.00343	0.00431
21	0.01407	0.00616	0.00819	0.00668	0.00912	0.00540	0.00536	0.01581	0.01205	0.50520	0.26445	0.02192	0.07617	0.00678	0.00459	0.00134	0.00303	0.00572	0.02195	0.00601
22	0.00966	0.15560	0.33602	0.03533	0.11524	0.03728	0.11259	0.01315	0.03041	0.01277	0.00878	0.06331	0.00748	0.00474	0.00452	0.00133	0.03977	0.00401	0.00213	0.00589
23	0.01092	0.12468	0.07322	0.05597	0.02502	0.02620	0.08660	0.05247	0.02111	0.15142	0.02192	0.02485	0.02438	0.05153	0.14442	0.00243	0.06660	0.02794	0.00293	0.00539
24	0.00692	0.00542	0.00787	0.00752	0.00846	0.00575	0.05491	0.06404	0.00893	0.01230	0.06481	0.34624	0.01925	0.04117	0.27318	0.00342	0.04137	0.02109	0.00328	0.00409
25	0.00684	0.00537	0.00730	0.01921	0.00840	0.00560	0.02643	0.03280	0.02676	0.01280	0.14593	0.07567	0.13568	0.05458	0.21744	0.00307	0.04164	0.14701	0.00343	0.02406
26	0.12645	0.05543	0.03443	0.23801	0.08554	0.04115	0.07033	0.09743	0.01015	0.06550	0.02027	0.02823	0.00755	0.00681	0.06829	0.00179	0.03066	0.00391	0.00264	0.00543
27	0.14032	0.07487	0.06067	0.13315	0.04287	0.16884	0.06313	0.04709	0.00944	0.01313	0.00766	0.01057	0.00648	0.00666	0.05872	0.00174	0.12353	0.02375	0.00228	0.00511
28	0.43750	0.06762	0.08235	0.05652	0.06011	0.08950	0.02337	0.02555	0.00860	0.03662	0.00700	0.00869	0.00561	0.02366	0.00430	0.00139	0.05111	0.00292	0.00246	0.00513
29	0.01166	0.68717	0.05938	0.00824	0.01181	0.05345	0.02101	0.04403	0.00929	0.01105	0.00630	0.00738	0.00562	0.00398	0.00352	0.00102	0.04499	0.00254	0.00196	0.00558
30	0.00737	0.00604	0.00851	0.00795	0.00857	0.00751	0.00630	0.03434	0.00731	0.01069	0.01036	0.01603	0.00991	0.07924	0.51656	0.00510	0.22069	0.01646	0.01697	0.00410
31	0.06062	0.01024	0.05244	0.17544	0.03873	0.08274	0.11736	0.04690	0.05329	0.13089	0.04371	0.02874	0.00900	0.00568	0.02405	0.00151	0.07137	0.00422	0.00294	0.04013
32	0.02795	0.03065	0.06094	0.00945	0.01255	0.17602	0.02896	0.17803	0.15240	0.22747	0.01292	0.01252	0.02538	0.00561	0.01843	0.00140	0.00505	0.00400	0.00384	0.00645
33	0.04077	0.00728	0.00961	0.00747	0.01061	0.00646	0.00614	0.04715	0.01239	0.70881	0.05744	0.01606	0.03821	0.00565	0.00435	0.00134	0.00356	0.00459	0.00515	0.00698
34	0.00741	0.00480	0.00554	0.00512	0.00673	0.00414	0.00392	0.00883	0.01081	0.13028	0.24531	0.03514	0.49694	0.00955	0.00498	0.00141	0.00236	0.00806	0.00439	0.00428
35	0.01099	0.11432	0.15331	0.06546	0.01651	0.05800	0.21516	0.02326	0.02517	0.09072	0.02396	0.01069	0.00721	0.00442	0.00503	0.00130	0.07832	0.00381	0.00249	0.08988
36	0.00728	0.03047	0.00949	0.00862	0.02481	0.00645	0.09926	0.03005	0.04505	0.01257	0.07379	0.35286	0.02090	0.04430	0.05947	0.00209	0.05689	0.10788	0.00346	0.00430
37	0.00655	0.00427	0.00532	0.00571	0.00660	0.00384	0.00406	0.00755	0.00917	0.08351	0.05144	0.51290	0.23243	0.01182	0.00525	0.00162	0.00253	0.02536	0.01616	0.00391
38	0.01291	0.05503	0.01148	0.00921	0.01196	0.09592	0.00734	0.22281	0.47214	0.03332	0.01396	0.01325	0.01043	0.00541	0.00423	0.00135	0.00426	0.00426	0.00403	0.00670
39	0.01008	0.01114	0.12001	0.24222	0.12118	0.01010	0.20334	0.09150	0.02029	0.03376	0.00905	0.01216	0.00705	0.00515	0.02604	0.00154	0.02313	0.02505	0.00242	0.02478
40	0.00734	0.00453	0.00569	0.00571	0.00684	0.00404	0.00416	0.00856	0.00998	0.12623	0.18290	0.37082	0.22523	0.01080	0.00515	0.00154	0.00249	0.00949	0.00433	0.00418
41	0.00515	0.00413	0.00460	0.00497	0.00598	0.00359	0.00354	0.00611	0.00923	0.01140	0.03623	0.34074	0.52549	0.01187	0.00524	0.00156	0.00230	0.01026	0.00400	0.00359
42	0.00877	0.06096	0.78879	0.01205	0.01829	0.01033	0.01552	0.01361	0.00908	0.01348	0.00765	0.00899	0.00546	0.00407	0.00403	0.00134	0.00628	0.00314	0.00182	0.00633
43	0.00732	0.02804	0.00659	0.00576	0.00722	0.02652	0.00440	0.02653	0.05234	0.05207	0.28871	0.06099	0.32092	0.04927	0.00593	0.00153	0.02476	0.00749	0.00408	0.01953
44	0.01177	0.00748	0.00790	0.00658	0.00866	0.00801	0.00526	0.34767	0.01384	0.03578	0.01254	0.01361	0.00946	0.00509	0.00358	0.00113	0.00319	0.00396	0.48899	0.00548
45	0.00944	0.00796	0.00920	0.00662	0.01042	0.00626	0.00531	0.06491	0.00970	0.01493	0.00784	0.00903	0.00644	0.00332	0.00327	0.00068	0.00330	0.00264	0.00267	0.81606
46	0.00755	0.00393	0.00609	0.00591	0.00602	0.00391	0.02310	0.00581	0.00572	0.00763	0.00751	0.01306	0.00746	0.01469	0.01655	0.85360	0.00383	0.00377	0.00188	0.00197
47	0.01699	0.03135	0.01190	0.00890	0.01224	0.01078	0.00737	0.49611	0.01693	0.29606	0.01260	0.01190	0.00853	0.00518	0.00424	0.00129	0.00429	0.00400	0.03219	0.00718
48	0.01247	0.00768	0.00925	0.02310	0.01044	0.00725	0.00593	0.19331	0.01264	0.22740	0.10790	0.05095	0.05458	0.03099	0.02675	0.00142	0.00375	0.00485	0.00405	0.20528
49	0.02503	0.04214	0.30155	0.06547	0.03859	0.05374	0.06792	0.07361	0.02185	0.03254	0.00871	0.01987	0.00702	0.00735	0.08019	0.00189	0.10362	0.01485	0.00234	0.03172
50	0.00549	0.00389	0.00502	0.00578	0.00606	0.00367	0.00384	0.00620	0.00814	0.01086	0.05164	0.64583	0.04217	0.14934	0.00816	0.00213	0.00279	0.03180	0.00380	0.00339
51	0.00784	0.00718	0.01196	0.71189	0.02626	0.00891	0.01090	0.01047	0.00834	0.01081	0.00830	0.01258	0.00662	0.02821	0.11051	0.00220	0.00645	0.00399	0.00198	0.00461
52	0.00941	0.08203	0.55118	0.01364	0.04952	0.02891	0.17835	0.01368	0.00939	0.01336	0.00779	0.00948	0.00574	0.00396	0.00420	0.00134	0.00640	0.00353	0.00192	0.00618
53	0.00794	0.00577	0.02741	0.07365	0.01859	0.00549	0.03806	0.02141	0.03058	0.10482	0.01907	0.50068	0.02081	0.06106	0.00638	0.00179	0.02436	0.02405	0.00372	0.00437
54	0.00813	0.00766	0.01292	0.83826	0.02967	0.00957	0.01196	0.01101	0.00861	0.01101	0.00766	0.01148	0.00574	0.00431	0.00431	0.00144	0.00574	0.00383	0.00191	0.00479
55	0.01839	0.00883	0.01093	0.00838	0.01175	0.00856	0.00692	0.27058	0.01484	0.57159	0.01488	0.01329	0.00960	0.00528	0.00432	0.00132	0.00401	0.00419	0.00501	0.00733
56	0.01011	0.16262	0.36680	0.03131	0.07620	0.06069	0.12621	0.03133	0.00957	0.01297	0.00789	0.01026	0.00630	0.00436	0.00453	0.00132	0.04516	0.02438	0.00204	0.00594
57	0.01071	0.00633	0.00714	0.02536	0.00851	0.01632	0.00511	0.16348	0.01166	0.12316	0.01638	0.10555	0.04650	0.00671	0.00404	0.00128	0.00311	0.06270	0.37091	0.00504
58	0.00763	0.00683	0.00955	0.04408	0.01005	0.02625	0.00718	0.00899	0.00701	0.01021	0.00933	0.02819	0.00888	0.02112	0.46481	0.00463	0.31450	0.00437	0.00216	0.00422
59	0.00722	0.02107	0.08620	0.01900	0.03234	0.00561	0.00610	0.03858	0.03062	0.04024	0.16278	0.16076	0.24771	0.00949	0.00503	0.00152	0.00320	0.11420	0.00386	0.00448
60	0.02569	0.02593	0.10037	0.02558	0.03625	0.05244	0.04191	0.06710	0.01152	0.43716	0.01404	0.06959	0.01044	0.02182	0.00496	0.00143	0.02630	0.01697	0.00407	0.00643
61	0.00806	0.00739	0.01935	0.00710	0.00840	0.10720	0.00541	0.06070	0.08011	0.01345	0.09462	0.31843	0.14164	0.01958	0.00524	0.00158	0.00351	0.09000	0.00385	0.00437
62	0.42233	0.11747	0.04760	0.00813	0.01093	0.30586	0.00682	0.01437	0.00934	0.01478	0.00631	0.00736	0.00513	0.00412	0.00318	0.00120	0.00522	0.00253	0.00237	0.00497
63	0.01172	0.65702	0.08130	0.00839	0.01206	0.11362	0.02396	0.01339	0.00919	0.01052	0.00636	0.00746	0.00564	0.00435	0.01870	0.00110	0.00530	0.00252	0.00190	0.00550
64	0.00764	0.00713	0.06681	0.05724	0.01016	0.01781	0.00630	0.00995	0.05624	0.04179	0.06094	0.18404	0.08397	0.04025	0.14605	0.00244	0.05005	0.02612	0.00316	0.12192
65	0.00749	0.00608	0.02667	0.00762	0.00906	0.00570	0.06305	0.04579	0.06130	0.03107	0.05868	0.26612	0.07662	0.08184	0.03061	0.00200	0.00382	0.18014	0.00370	0.03262
66	0.06988	0.01055	0.01139	0.00907	0.01199	0.05813	0.00742	0.40277	0.03855	0.22775	0.01168	0.02443	0.00837	0.00602	0.02359	0.00147	0.06211	0.00400	0.00413	0.00669
67	0.01933	0.00733	0.01000	0.00766	0.01100	0.00633	0.00633	0.02099	0.01233	0.82473	0.01699	0.01466	0.01066	0.00533	0.00433	0.00133	0.00367	0.00433	0.00533	0.00733
68	0.00584	0.00445	0.00507	0.00487	0.00619	0.00388	0.00367	0.00733	0.01085	0.03355	0.35868	0.03703	0.48335	0.00992	0.00507	0.00141	0.00216	0.00845	0.00433	0.00390
69	0.03550	0.01099	0.01149	0.00927	0.01212	0.06462	0.00754	0.53282	0.02701	0.06839	0.01164	0.06113	0.00949	0.00618	0.00493	0.02042	0.02884	0.04542	0.00399	0.02822
70	0.01152	0.85121	0.02257	0.00737	0.01106	0.01704	0.00737	0.01290	0.00875	0.01013	0.00599	0.00691	0.00553	0.00369	0.00276	0.00092	0.00461	0.00230	0.00184	0.00553
71	0.00539	0.00413	0.00488	0.00530	0.00611	0.00370	0.00376	0.00639	0.00916	0.01171	0.09922	0.37340	0.34311	0.06233	0.00631	0.00175	0.00250	0.04330	0.00398	0.00357
72	0.00859	0.00812	0.01370	0.68712	0.16470	0.00974	0.01214	0.01137	0.00879	0.01152	0.00770	0.01131	0.00593	0.00428	0.00445	0.00142	0.01821	0.00383	0.00195	0.00513
73	0.01560	0.01088	0.01255	0.00972	0.01301	0.01170	0.04536	0.57807	0.07121	0.13093	0.01269	0.02871	0.02811	0.00547	0.00440	0.00133	0.00452	0.00435	0.00434	0.00706
74	0.02368	0.00721	0.00854	0.00736	0.00960	0.00741	0.00579	0.03703	0.30516	0.23484	0.27943	0.02069	0.02121	0.00663	0.00457	0.00139	0.00306	0.00562	0.00473	0.00604
75	0.01284	0.01297	0.01052	0.00947	0.01182	0.29389	0.00726	0.03403	0.46944	0.04592	0.01381	0.03712	0.01077	0.00555	0.00424	0.00134	0.00492	0.00432	0.00366	0.00612
76	0.00984	0.00940	0.01601	0.28955	0.56504	0.01002	0.01281	0.01250	0.00942	0.01308	0.00796	0.01093	0.00647	0.00399	0.00428	0.00133	0.00532	0.00383	0.00206	0.00616
77	0.00525	0.00375	0.00500	0.00600	0.00625	0.00350	0.00400	0.00600	0.00825	0.01100	0.02374	0.84580	0.02849	0.01350	0.00550	0.00175	0.00250	0.01225	0.00400	0.00350
78	0.01004	0.02877	0.01645	0.03369	0.03925	0.00966	0.34830	0.12729	0.10569	0.01559	0.02355	0.13445	0.04258	0.00623	0.00489	0.00148	0.00521	0.03809	0.00316	0.00563
79	0.01335	0.01071	0.01580	0.01176	0.01527	0.01095	0.24957	0.37018	0.01474	0.08420	0.04954	0.01199	0.00884	0.00481	0.00483	0.00131	0.03404	0.00435	0.00353	0.08021
80	0.01152	0.85121	0.02257	0.00737	0.01106	0.01704	0.00737	0.01290	0.00875	0.01013	0.00599	0.00691	0.00553	0.00369	0.00276	0.00092	0.00461	0.00230	0.00184	0.00553
81	0.05102	0.05199	0.01266	0.01035	0.01298	0.48180	0.00812	0.26844	0.01428	0.01617	0.00775	0.00856	0.00608	0.00470	0.00419	0.00119	0.02799	0.00311	0.00288	0.00574
82	0.01069	0.00909	0.00965	0.00865	0.01105	0.01045	0.00675	0.05404	0.73477	0.01829	0.05285	0.01701	0.01429	0.00603	0.00443	0.00146	0.00341	0.01602	0.00439	0.00668

[dist]
# distance from previous block
# <min> <max>
0	4

[block]
# block no. 4 follows, 61 sequences, length 32
# corresponding to MSA columns:
# 476-507
name=unknown_E
#
# <colnr> <probs for GDERKNQSTAVLIFYWHMCP>
#	G	D	E	R	K	N	Q	S	T	A	V	L	I	F	Y	W	H	M	C	P
0	0.02636	0.23500	0.23776	0.03219	0.04946	0.03229	0.05342	0.03010	0.02770	0.11882	0.08007	0.03887	0.01029	0.00490	0.00395	0.00125	0.00491	0.00397	0.00278	0.00589
1	0.82208	0.00835	0.00671	0.00595	0.00852	0.00974	0.00491	0.01276	0.00742	0.03776	0.00624	0.00728	0.00485	0.00418	0.00319	0.00136	0.03885	0.00244	0.00269	0.00473
2	0.00634	0.00481	0.00664	0.00654	0.00708	0.00550	0.00484	0.00741	0.00689	0.00970	0.01330	0.04050	0.04639	0.23443	0.51601	0.00552	0.06669	0.00535	0.00247	0.00358
3	0.00625	0.00456	0.00618	0.00612	0.00653	0.00492	0.01764	0.00704	0.00682	0.00944	0.01357	0.11087	0.01467	0.39559	0.34536	0.00492	0.02742	0.00616	0.00261	0.00331
4	0.01055	0.01161	0.07891	0.13073	0.53262	0.07496	0.02500	0.01345	0.03103	0.01334	0.00809	0.01054	0.00660	0.00413	0.00454	0.00132	0.03040	0.00375	0.00214	0.00629
5	0.00525	0.00382	0.00496	0.00585	0.00622	0.00352	0.00394	0.00606	0.00847	0.01120	0.04401	0.75844	0.09606	0.01317	0.00545	0.00172	0.00246	0.01187	0.00402	0.00352
6	0.03417	0.00937	0.01118	0.00859	0.01195	0.00939	0.00709	0.35657	0.01562	0.46912	0.01395	0.01267	0.00913	0.00524	0.00429	0.00132	0.00412	0.00410	0.00485	0.00728
7	0.01031	0.03197	0.03067	0.01377	0.22292	0.04237	0.07371	0.04867	0.24322	0.03955	0.01503	0.10934	0.04203	0.00634	0.00458	0.00143	0.00439	0.05036	0.00335	0.00600
8	0.00557	0.00403	0.00521	0.00604	0.00648	0.00382	0.00416	0.00668	0.03458	0.01124	0.02445	0.69391	0.08666	0.01303	0.00583	0.03108	0.00261	0.04709	0.00394	0.00358
9	0.00633	0.00520	0.00726	0.00741	0.00769	0.00590	0.01845	0.00720	0.00780	0.01080	0.01861	0.58542	0.02184	0.02985	0.05108	0.00210	0.19017	0.00972	0.00338	0.00381
10	0.00615	0.00462	0.00692	0.00692	0.00769	0.00538	0.00538	0.00769	0.00692	0.01000	0.01154	0.01692	0.01077	0.03231	0.83154	0.00692	0.01154	0.00462	0.00231	0.00385
11	0.01001	0.03313	0.05074	0.23016	0.13926	0.05457	0.28664	0.03975	0.03836	0.01327	0.00912	0.04784	0.00746	0.00451	0.00468	0.00140	0.01660	0.00455	0.00231	0.00563
12	0.00577	0.00431	0.00548	0.02157	0.00701	0.00409	0.00434	0.01786	0.02697	0.01244	0.13464	0.51598	0.15266	0.01190	0.00534	0.00165	0.00259	0.05756	0.00407	0.00377
13	0.87904	0.00833	0.00633	0.00566	0.00833	0.00966	0.00467	0.01266	0.00733	0.01933	0.00600	0.00700	0.00467	0.00400	0.00267	0.00133	0.00333	0.00233	0.00267	0.00467
14	0.00958	0.07242	0.08439	0.04928	0.03182	0.01166	0.22698	0.02908	0.00853	0.01208	0.00809	0.03119	0.00732	0.02555	0.00886	0.00166	0.34420	0.02992	0.00215	0.00521
15	0.01181	0.00604	0.00789	0.00656	0.00874	0.00544	0.00520	0.03479	0.02631	0.33400	0.40713	0.02280	0.02497	0.00735	0.01828	0.00140	0.00300	0.00591	0.00478	0.05760
16	0.03468	0.11250	0.23450	0.01048	0.02581	0.04034	0.07459	0.09239	0.18172	0.09453	0.01083	0.01124	0.00800	0.00508	0.01867	0.00140	0.00514	0.00375	0.00305	0.03131
17	0.01123	0.37252	0.33813	0.00989	0.01447	0.09592	0.01091	0.07777	0.01016	0.01293	0.00710	0.00814	0.00565	0.00404	0.00353	0.00115	0.00563	0.00283	0.00207	0.00595
18	0.01772	0.00990	0.01159	0.00889	0.01228	0.01015	0.00734	0.44852	0.01664	0.39111	0.01338	0.01231	0.00885	0.00524	0.00432	0.00131	0.00425	0.00409	0.00478	0.00733
19	0.00525	0.00375	0.00500	0.00600	0.00625	0.00350	0.00400	0.00600	0.00825	0.01100	0.02374	0.84580	0.02849	0.01350	0.00550	0.00175	0.00250	0.01225	0.00400	0.00350
20	0.01003	0.01021	0.05213	0.20143	0.61502	0.01008	0.01307	0.01276	0.00952	0.01339	0.00799	0.01077	0.00653	0.00395	0.00427	0.00132	0.00531	0.00381	0.00207	0.00636
21	0.00995	0.03364	0.63993	0.01166	0.01728	0.01036	0.02787	0.12471	0.01066	0.03312	0.00844	0.00980	0.00609	0.01559	0.02121	0.00150	0.00614	0.00339	0.00227	0.00640
22	0.00674	0.00479	0.00527	0.00495	0.00653	0.00414	0.00378	0.02425	0.01066	0.08383	0.17299	0.03690	0.59977	0.00995	0.00501	0.00142	0.00234	0.00835	0.00425	0.00411
23	0.00807	0.00749	0.01250	0.72986	0.06253	0.00912	0.01133	0.01085	0.00898	0.01169	0.07848	0.01325	0.00883	0.00468	0.00437	0.00142	0.00539	0.00417	0.00217	0.00481
24	0.02313	0.05201	0.67523	0.01163	0.01721	0.01047	0.01433	0.01426	0.07914	0.01384	0.00840	0.00960	0.00613	0.00438	0.00449	0.00138	0.04275	0.00331	0.00206	0.00627
25	0.00876	0.00472	0.00479	0.00453	0.00575	0.00483	0.00346	0.07958	0.01001	0.01703	0.01373	0.01556	0.01072	0.00503	0.00312	0.00103	0.00225	0.00400	0.79681	0.00430
26	0.00525	0.00375	0.00500	0.00600	0.00625	0.00350	0.00400	0.00600	0.00825	0.01100	0.02374	0.84580	0.02849	0.01350	0.00550	0.00175	0.00250	0.01225	0.00400	0.00350
27	0.01004	0.00948	0.01587	0.08780	0.66260	0.00975	0.01208	0.01235	0.00930	0.01322	0.00847	0.01222	0.00747	0.07767	0.00612	0.00156	0.03158	0.00405	0.00215	0.00623
28	0.00533	0.00378	0.00497	0.00589	0.00612	0.00356	0.00388	0.00602	0.00808	0.01078	0.02290	0.77785	0.02742	0.08290	0.00686	0.00195	0.00264	0.01175	0.00388	0.00342
29	0.01116	0.77729	0.02109	0.00722	0.01058	0.01588	0.00705	0.01226	0.00848	0.00990	0.00612	0.00745	0.00570	0.00467	0.00399	0.07713	0.00453	0.00243	0.00185	0.00521
30	0.00933	0.00802	0.00981	0.00824	0.08109	0.00638	0.00591	0.03699	0.00938	0.01447	0.00778	0.00913	0.00645	0.00331	0.00332	0.00072	0.00341	0.00271	0.00257	0.77099
31	0.00929	0.21076	0.64354	0.01116	0.01692	0.01160	0.01397	0.01347	0.00902	0.01284	0.00733	0.00860	0.00547	0.00400	0.00379	0.00126	0.00597	0.00298	0.00182	0.00618

[dist]
# distance from previous block
# <min> <max>
0	9

[block]
# block no. 5 follows, 61 sequences, length 15
# corresponding to MSA columns:
# 531-545
name=unknown_F
#
# <colnr> <probs for GDERKNQSTAVLIFYWHMCP>
#	G	D	E	R	K	N	Q	S	T	A	V	L	I	F	Y	W	H	M	C	P
0	0.00942	0.00942	0.01319	0.01131	0.01131	0.01319	0.00942	0.01037	0.00660	0.01037	0.00565	0.00942	0.00565	0.00754	0.01414	0.00188	0.84073	0.00377	0.00188	0.00471
1	0.04251	0.01019	0.05183	0.01815	0.46725	0.04511	0.01031	0.08078	0.01062	0.01472	0.01465	0.01593	0.15683	0.00535	0.00447	0.00131	0.01780	0.00465	0.00268	0.02488
2	0.04188	0.20268	0.10114	0.16547	0.16163	0.01115	0.05397	0.02303	0.03366	0.01250	0.00933	0.10012	0.00857	0.00524	0.00458	0.00134	0.05154	0.00437	0.00230	0.00550
3	0.00749	0.00408	0.00408	0.00408	0.00517	0.00394	0.00306	0.00933	0.00918	0.01524	0.01952	0.02075	0.16045	0.00611	0.00340	0.00109	0.00204	0.00495	0.71212	0.00394
4	0.00635	0.00438	0.00506	0.00503	0.00504	0.00452	0.00295	0.00642	0.00636	0.00855	0.01369	0.06316	0.01581	0.77717	0.02088	0.00397	0.03884	0.00642	0.00264	0.00274
5	0.01081	0.16377	0.01182	0.00701	0.01067	0.00859	0.00590	0.05859	0.05450	0.08256	0.00884	0.00952	0.00701	0.00372	0.00334	0.00083	0.00359	0.00286	0.00286	0.54321
6	0.00846	0.00639	0.00761	0.00693	0.00761	0.00718	0.00496	0.15483	0.00924	0.01260	0.01348	0.16339	0.01476	0.41541	0.01460	0.00286	0.13621	0.00646	0.00305	0.00397
7	0.00804	0.00599	0.00803	0.00747	0.00874	0.00686	0.00590	0.15539	0.00938	0.01317	0.01132	0.01571	0.01013	0.02729	0.67876	0.00588	0.01028	0.00448	0.00268	0.00449
8	0.01066	0.01023	0.01748	0.02644	0.82174	0.01023	0.01322	0.01322	0.00981	0.01407	0.00810	0.01066	0.00682	0.00384	0.00426	0.00128	0.00512	0.00384	0.00213	0.00682
9	0.00911	0.00867	0.01425	0.04391	0.54846	0.00851	0.04468	0.01136	0.00984	0.01345	0.03454	0.01867	0.20480	0.00567	0.00452	0.00134	0.00445	0.00525	0.00264	0.00589
10	0.00773	0.00742	0.00664	0.00642	0.00768	0.15687	0.00475	0.00950	0.03566	0.01383	0.34956	0.15072	0.20874	0.00909	0.00490	0.00139	0.00324	0.00773	0.00399	0.00414
11	0.00924	0.00860	0.01447	0.21170	0.48712	0.00918	0.01148	0.01168	0.00900	0.01261	0.00863	0.01201	0.00730	0.00920	0.15707	0.00236	0.00645	0.00398	0.00211	0.00580
12	0.01091	0.01040	0.04428	0.02180	0.59619	0.01018	0.02930	0.01532	0.15841	0.04493	0.01018	0.01178	0.00808	0.00427	0.00430	0.00132	0.00484	0.00405	0.00266	0.00680
13	0.00573	0.00440	0.00546	0.00536	0.00645	0.00414	0.00403	0.00729	0.01024	0.01373	0.37057	0.06753	0.30126	0.01407	0.15774	0.00243	0.00386	0.00784	0.00401	0.00385
14	0.01269	0.34248	0.21396	0.00945	0.03524	0.02693	0.00946	0.08115	0.01063	0.17457	0.02516	0.00993	0.00742	0.00442	0.00383	0.00118	0.01922	0.00324	0.00281	0.00622

[dist]
# distance from previous block
# <min> <max>
0	18

[block]
# block no. 6 follows, 61 sequences, length 9
# corresponding to MSA columns:
# 564-572
name=unknown_G
#
