[name]
unknown

[dist]
# distance from previous block
# <min> <max>
6	9

[block]
# block no. 0 follows, 54 sequences, length 71
# corresponding to MSA columns:
# 67-137
name=unknown_A
#
# <colnr> <probs for GDERKNQSTAVLIFYWHMCP>
#	G	D	E	R	K	N	Q	S	T	A	V	L	I	F	Y	W	H	M	C	P
0	0.01294	0.68258	0.08589	0.00880	0.01304	0.01760	0.00891	0.09886	0.01099	0.01343	0.00723	0.00816	0.00626	0.00425	0.00333	0.00109	0.00521	0.00279	0.00231	0.00634
1	0.00586	0.00479	0.00518	0.00508	0.00655	0.00410	0.00381	0.00733	0.01143	0.01436	0.24636	0.04270	0.60336	0.01134	0.00557	0.00156	0.00235	0.00958	0.00459	0.00410
2	0.01414	0.03355	0.01297	0.03332	0.03794	0.04514	0.03079	0.38983	0.19739	0.02252	0.02570	0.04804	0.04644	0.03390	0.00544	0.00158	0.00482	0.00520	0.00427	0.00702
3	0.02031	0.00938	0.01178	0.00903	0.01271	0.00894	0.00746	0.22336	0.01576	0.60457	0.01670	0.01481	0.01072	0.00579	0.00474	0.00145	0.00432	0.00461	0.00554	0.00802
4	0.00946	0.02439	0.80987	0.01344	0.02041	0.01095	0.01742	0.01493	0.00995	0.01493	0.00846	0.00995	0.00597	0.00448	0.00448	0.00149	0.00697	0.00348	0.00199	0.00697
5	0.00678	0.00571	0.00689	0.00636	0.00772	0.02526	0.03340	0.00845	0.01158	0.01518	0.36072	0.05802	0.34876	0.04573	0.00671	0.00169	0.03355	0.00875	0.00445	0.00430
6	0.01086	0.01037	0.01767	0.26219	0.57798	0.01099	0.01407	0.01376	0.01035	0.01442	0.00873	0.01193	0.00712	0.00435	0.00468	0.00145	0.00580	0.00420	0.00226	0.00681
7	0.86760	0.00912	0.00693	0.00620	0.00912	0.01058	0.00511	0.01386	0.00802	0.02115	0.00657	0.00766	0.00511	0.00438	0.00292	0.00146	0.00365	0.00255	0.00292	0.00511
8	0.01528	0.00768	0.00952	0.00786	0.01047	0.02063	0.00630	0.07922	0.05095	0.40252	0.13783	0.04331	0.03899	0.00798	0.03535	0.00169	0.02459	0.00564	0.08759	0.00661
9	0.00756	0.00575	0.00736	0.00837	0.00933	0.03317	0.00699	0.00942	0.01057	0.01359	0.02456	0.21175	0.02724	0.01310	0.00633	0.00209	0.00416	0.59010	0.00428	0.00428
10	0.01157	0.00844	0.00910	0.00801	0.01031	0.00928	0.00627	0.12541	0.37388	0.04986	0.10628	0.01912	0.02954	0.00652	0.00453	0.00144	0.00339	0.00538	0.20523	0.00644
11	0.02878	0.00910	0.01065	0.00789	0.01186	0.00782	0.01923	0.11575	0.04789	0.06620	0.01012	0.02213	0.00805	0.00424	0.00385	0.00093	0.00383	0.00341	0.00334	0.61493
12	0.86760	0.00912	0.00693	0.00620	0.00912	0.01058	0.00511	0.01386	0.00802	0.02115	0.00657	0.00766	0.00511	0.00438	0.00292	0.00146	0.00365	0.00255	0.00292	0.00511
13	0.00987	0.00936	0.01588	0.54639	0.30152	0.01073	0.01357	0.01289	0.00988	0.01322	0.00855	0.01226	0.00670	0.00454	0.00470	0.00151	0.00605	0.00419	0.00218	0.00601
14	0.00577	0.00417	0.00546	0.00644	0.00682	0.00386	0.00434	0.00666	0.00927	0.01231	0.05411	0.75995	0.07454	0.01444	0.00598	0.00188	0.00270	0.01304	0.00441	0.00386
15	0.01167	0.01120	0.01914	0.02894	0.80488	0.01120	0.01447	0.01447	0.01074	0.01540	0.00887	0.01167	0.00747	0.00420	0.00467	0.00140	0.00560	0.00420	0.00233	0.00747
16	0.00650	0.00463	0.00618	0.00714	0.00771	0.00447	0.00535	0.00773	0.00951	0.01252	0.02510	0.46306	0.04666	0.09050	0.00786	0.00225	0.00347	0.28123	0.00422	0.00392
17	0.01245	0.01048	0.01090	0.00968	0.01242	0.02871	0.00756	0.06311	0.71704	0.04423	0.01853	0.01704	0.01381	0.00631	0.00478	0.00158	0.00391	0.00521	0.00478	0.00747
18	0.01248	0.63722	0.13719	0.00946	0.01382	0.07668	0.03034	0.01461	0.00996	0.01179	0.00696	0.00812	0.00607	0.00416	0.00339	0.00111	0.00566	0.00278	0.00205	0.00615
19	0.01144	0.04410	0.05547	0.01846	0.02313	0.03017	0.66777	0.03309	0.03867	0.01536	0.00971	0.01247	0.00732	0.00414	0.00535	0.00155	0.00761	0.00528	0.00249	0.00643
20	0.01533	0.01584	0.01353	0.01161	0.01363	0.36777	0.02107	0.13646	0.02939	0.06430	0.00886	0.01088	0.00731	0.03278	0.00806	0.00161	0.22885	0.00384	0.00296	0.00591
21	0.00575	0.00466	0.00512	0.00537	0.00663	0.00403	0.00395	0.00696	0.01054	0.01301	0.08845	0.21397	0.56364	0.01245	0.00570	0.00168	0.00252	0.03718	0.00443	0.00399
22	0.00665	0.00538	0.00593	0.00562	0.00717	0.00494	0.00428	0.04053	0.03293	0.01542	0.26615	0.03965	0.51289	0.01079	0.00568	0.00156	0.01634	0.00907	0.00460	0.00440
23	0.00695	0.00455	0.00528	0.00528	0.00531	0.00457	0.00303	0.00685	0.00682	0.00912	0.01430	0.02928	0.01633	0.75128	0.04551	0.06855	0.00476	0.00660	0.00279	0.00283
24	0.01167	0.01120	0.01914	0.02894	0.80488	0.01120	0.01447	0.01447	0.01074	0.01540	0.00887	0.01167	0.00747	0.00420	0.00467	0.00140	0.00560	0.00420	0.00233	0.00747
25	0.01765	0.02133	0.01346	0.01199	0.01458	0.71701	0.00909	0.11345	0.01444	0.01377	0.00778	0.00885	0.00631	0.00496	0.00431	0.00124	0.00810	0.00319	0.00271	0.00578
26	0.01424	0.07279	0.04690	0.01319	0.05002	0.09466	0.17416	0.32040	0.06857	0.02046	0.03281	0.02252	0.00925	0.00623	0.03096	0.00162	0.00621	0.00458	0.00354	0.00689
27	0.01137	0.01090	0.01860	0.11450	0.72165	0.01112	0.01432	0.01421	0.01060	0.01504	0.00882	0.01177	0.00734	0.00426	0.00467	0.00142	0.00568	0.00420	0.00231	0.00723
28	0.01173	0.01013	0.01066	0.00960	0.01226	0.01173	0.00746	0.02505	0.79636	0.01972	0.01919	0.01759	0.01439	0.00640	0.00480	0.00160	0.00373	0.00533	0.00480	0.00746
29	0.86760	0.00912	0.00693	0.00620	0.00912	0.01058	0.00511	0.01386	0.00802	0.02115	0.00657	0.00766	0.00511	0.00438	0.00292	0.00146	0.00365	0.00255	0.00292	0.00511
30	0.01167	0.01120	0.01914	0.02894	0.80488	0.01120	0.01447	0.01447	0.01074	0.01540	0.00887	0.01167	0.00747	0.00420	0.00467	0.00140	0.00560	0.00420	0.00233	0.00747
31	0.00667	0.00482	0.00630	0.00593	0.00704	0.00445	0.00445	0.00890	0.01335	0.01891	0.80239	0.03522	0.04449	0.00964	0.00556	0.00148	0.00222	0.00853	0.00519	0.00445
32	0.00999	0.16167	0.67725	0.01253	0.01900	0.01225	0.01584	0.01479	0.00989	0.01428	0.00814	0.00955	0.00599	0.00440	0.00423	0.00141	0.00664	0.00332	0.00200	0.00681
33	0.01122	0.01309	0.05607	0.01917	0.02394	0.01194	0.72200	0.03086	0.03305	0.01552	0.00980	0.01272	0.00733	0.00409	0.00549	0.00158	0.00774	0.00545	0.00248	0.00645
34	0.00562	0.00470	0.00489	0.00501	0.00644	0.00397	0.00369	0.00679	0.01060	0.01279	0.06164	0.13740	0.69586	0.01222	0.00562	0.00163	0.00243	0.01033	0.00440	0.00397
35	0.01562	0.01317	0.03941	0.01086	0.01443	0.11899	0.06728	0.36175	0.07828	0.09764	0.05428	0.01311	0.01036	0.00549	0.00466	0.00137	0.00537	0.00440	0.00412	0.07939
36	0.07555	0.00963	0.01172	0.00951	0.03806	0.00944	0.00753	0.24104	0.01539	0.46096	0.03130	0.01416	0.01056	0.00563	0.00458	0.00142	0.00432	0.00444	0.00508	0.03969
37	0.03743	0.14530	0.06024	0.01014	0.01381	0.15179	0.00875	0.30605	0.08393	0.06163	0.01044	0.01075	0.00785	0.00508	0.00423	0.00129	0.00549	0.00369	0.00362	0.06846
38	0.01234	0.76839	0.09111	0.00852	0.01280	0.01800	0.00886	0.01419	0.00961	0.01142	0.00672	0.00777	0.00604	0.00407	0.00315	0.00105	0.00521	0.00260	0.00201	0.00613
39	0.00617	0.00480	0.00557	0.00597	0.00711	0.00433	0.00455	0.00746	0.01029	0.01284	0.06007	0.16474	0.43210	0.07645	0.00728	0.00200	0.00303	0.17698	0.00428	0.00396
40	0.01074	0.35683	0.48871	0.01124	0.01701	0.01410	0.01360	0.01460	0.00980	0.01336	0.00768	0.00898	0.00600	0.00430	0.00388	0.00129	0.00618	0.00309	0.00200	0.00659
41	0.00786	0.00542	0.00678	0.00711	0.00817	0.00534	0.00540	0.03229	0.06504	0.04749	0.09241	0.31699	0.08371	0.07018	0.00706	0.00202	0.00335	0.19244	0.03642	0.00452
42	0.00810	0.00509	0.00641	0.00594	0.00735	0.00461	0.00450	0.01009	0.01262	0.09854	0.53759	0.06127	0.14597	0.00949	0.00535	0.00149	0.00245	0.00824	0.06017	0.00472
43	0.01717	0.02173	0.01343	0.01216	0.01444	0.76637	0.00918	0.01837	0.01299	0.01153	0.00722	0.00861	0.00608	0.00507	0.00494	0.00127	0.05849	0.00310	0.00241	0.00545
44	0.00876	0.00577	0.00722	0.00676	0.00747	0.00615	0.00472	0.11776	0.00899	0.01219	0.01204	0.02086	0.01222	0.31778	0.19237	0.24084	0.00628	0.00533	0.00283	0.00366
45	0.01093	0.01236	0.02664	0.01918	0.02364	0.01175	0.73550	0.01470	0.01093	0.01487	0.00995	0.03908	0.00790	0.00447	0.00592	0.00162	0.03613	0.00577	0.00244	0.00624
46	0.01229	0.01271	0.01747	0.13664	0.56417	0.14662	0.01338	0.01487	0.01100	0.01429	0.00853	0.01126	0.00707	0.00438	0.00460	0.00139	0.00619	0.00400	0.00232	0.00682
47	0.00662	0.00447	0.00521	0.00544	0.00550	0.00441	0.00318	0.00679	0.00732	0.00976	0.01722	0.20059	0.02012	0.66050	0.02019	0.00401	0.00418	0.00825	0.00318	0.00306
48	0.00818	0.00519	0.00657	0.00601	0.00751	0.00466	0.00458	0.01017	0.01289	0.11102	0.57209	0.03481	0.17903	0.00961	0.00547	0.00150	0.00247	0.00834	0.00512	0.00479
49	0.80195	0.05539	0.00807	0.00640	0.00940	0.01111	0.00535	0.03027	0.00841	0.02077	0.00667	0.00773	0.00522	0.00438	0.00296	0.00143	0.00376	0.00259	0.00291	0.00522
50	0.01394	0.01226	0.01196	0.01023	0.01306	0.10211	0.00809	0.23779	0.44602	0.02116	0.01578	0.01514	0.02804	0.00620	0.00513	0.00152	0.03512	0.00482	0.00440	0.00724
51	0.00784	0.00418	0.00589	0.00595	0.00600	0.00417	0.00388	0.00642	0.00654	0.00884	0.01058	0.06654	0.01118	0.15230	0.01818	0.64371	0.00404	0.00513	0.02628	0.00236
52	0.80193	0.00903	0.00724	0.00637	0.00934	0.01029	0.00525	0.01457	0.00845	0.08221	0.00750	0.00831	0.00562	0.00449	0.00306	0.00146	0.00368	0.00272	0.00314	0.00533
53	0.00572	0.00432	0.00529	0.00602	0.00671	0.00389	0.00415	0.00670	0.00966	0.01245	0.05616	0.57753	0.25676	0.01379	0.00587	0.00181	0.00262	0.01225	0.00440	0.00389
54	0.00890	0.00838	0.01414	0.82296	0.03247	0.01048	0.01309	0.01205	0.00943	0.01205	0.00838	0.01257	0.00629	0.00471	0.00471	0.00157	0.00629	0.00419	0.00210	0.00524
55	0.00598	0.00462	0.00540	0.00555	0.00664	0.00410	0.00400	0.00735	0.01098	0.01428	0.26478	0.22782	0.37062	0.03850	0.00627	0.00173	0.00249	0.01025	0.00457	0.00405
56	0.00696	0.00474	0.00541	0.00535	0.00535	0.00486	0.00307	0.00699	0.00687	0.00921	0.01461	0.03026	0.01683	0.81045	0.02375	0.00450	0.02827	0.00678	0.00283	0.00292
57	0.00684	0.00518	0.00645	0.00718	0.00790	0.00523	0.00506	0.00982	0.14037	0.01343	0.02480	0.65376	0.02817	0.01328	0.00584	0.00188	0.00299	0.05291	0.00445	0.00446
58	0.01167	0.01120	0.01914	0.02894	0.80488	0.01120	0.01447	0.01447	0.01074	0.01540	0.00887	0.01167	0.00747	0.00420	0.00467	0.00140	0.00560	0.00420	0.00233	0.00747
59	0.03463	0.02110	0.01324	0.01185	0.01442	0.70987	0.00898	0.08760	0.03142	0.01354	0.00790	0.00894	0.00641	0.00495	0.00428	0.00125	0.00800	0.00319	0.00270	0.00573
60	0.86760	0.00912	0.00693	0.00620	0.00912	0.01058	0.00511	0.01386	0.00802	0.02115	0.00657	0.00766	0.00511	0.00438	0.00292	0.00146	0.00365	0.00255	0.00292	0.00511
61	0.02686	0.01146	0.01113	0.00965	0.01238	0.09637	0.00756	0.19929	0.41641	0.03704	0.05375	0.04510	0.03877	0.00664	0.00479	0.00152	0.00443	0.00536	0.00451	0.00698
62	0.00574	0.00410	0.00547	0.00657	0.00684	0.00383	0.00438	0.00657	0.00903	0.01204	0.02599	0.83122	0.03119	0.01477	0.00602	0.00191	0.00274	0.01340	0.00438	0.00383
63	0.01010	0.01001	0.01409	0.03057	0.01264	0.01393	0.01016	0.01122	0.00729	0.01134	0.00656	0.01078	0.00647	0.00952	0.05515	0.00233	0.76647	0.00417	0.00209	0.00511
64	0.00890	0.00838	0.01414	0.82296	0.03247	0.01048	0.01309	0.01205	0.00943	0.01205	0.00838	0.01257	0.00629	0.00471	0.00471	0.00157	0.00629	0.00419	0.00210	0.00524
65	0.00683	0.00469	0.00572	0.00572	0.00593	0.00489	0.00358	0.00723	0.00703	0.00957	0.01432	0.02791	0.01586	0.64351	0.21304	0.00529	0.00650	0.00643	0.00278	0.00318
66	0.11465	0.00826	0.01028	0.14656	0.06589	0.00896	0.00773	0.07285	0.15420	0.10674	0.14690	0.04684	0.04568	0.00662	0.00468	0.00151	0.00402	0.00554	0.03608	0.00603
67	0.86760	0.00912	0.00693	0.00620	0.00912	0.01058	0.00511	0.01386	0.00802	0.02115	0.00657	0.00766	0.00511	0.00438	0.00292	0.00146	0.00365	0.00255	0.00292	0.00511
68	0.00686	0.00457	0.00514	0.00514	0.00514	0.00457	0.00286	0.00686	0.00686	0.00914	0.01486	0.03086	0.01714	0.83430	0.02400	0.00457	0.00457	0.00686	0.00286	0.00286
69	0.01139	0.01102	0.01787	0.15640	0.63013	0.03354	0.01385	0.01457	0.03795	0.01490	0.00911	0.01193	0.00748	0.00438	0.00467	0.00143	0.00573	0.00421	0.00238	0.00705
70	0.04076	0.33719	0.45897	0.01105	0.01666	0.01400	0.01317	0.03402	0.01005	0.01404	0.00773	0.00899	0.00602	0.00433	0.00387	0.00130	0.00606	0.00310	0.00210	0.00658

[dist]
# distance from previous block
# <min> <max>
4	5

[block]
# block no. 1 follows, 54 sequences, length 42
# corresponding to MSA columns:
# 143-184
name=unknown_B
#
# <colnr> <probs for GDERKNQSTAVLIFYWHMCP>
#	G	D	E	R	K	N	Q	S	T	A	V	L	I	F	Y	W	H	M	C	P
0	0.00577	0.00462	0.00515	0.00536	0.00657	0.00401	0.00389	0.00702	0.01071	0.01343	0.14810	0.22881	0.51543	0.01229	0.00568	0.00165	0.00245	0.01056	0.00449	0.00401
1	0.16465	0.00834	0.01007	0.00796	0.01133	0.00793	0.00655	0.06001	0.03125	0.57418	0.01602	0.01449	0.01045	0.00557	0.00435	0.00144	0.00391	0.00434	0.04984	0.00732
2	0.01237	0.05813	0.06667	0.02462	0.61380	0.04510	0.01361	0.08061	0.01171	0.01620	0.00886	0.01118	0.00729	0.00436	0.00455	0.00138	0.00574	0.00402	0.00250	0.00732
3	0.00684	0.00462	0.00540	0.00540	0.00549	0.00471	0.00318	0.00702	0.00693	0.00933	0.01462	0.02955	0.01657	0.74951	0.10801	0.00489	0.00543	0.00667	0.00282	0.00300
4	0.00666	0.00457	0.00517	0.00522	0.00543	0.00446	0.00308	0.00689	0.00758	0.00999	0.04401	0.08349	0.09529	0.67563	0.02047	0.00401	0.00417	0.00763	0.00318	0.00308
5	0.01341	0.01162	0.01614	0.02059	0.45288	0.03803	0.01165	0.22785	0.06884	0.03065	0.01126	0.05543	0.00938	0.00536	0.00475	0.00144	0.00528	0.00475	0.00332	0.00737
6	0.01464	0.04536	0.01498	0.01448	0.16837	0.18582	0.05389	0.16815	0.14375	0.07621	0.04678	0.01315	0.01029	0.00539	0.00480	0.00141	0.01765	0.00439	0.00360	0.00690
7	0.01622	0.01629	0.01335	0.01290	0.09331	0.40799	0.00921	0.10049	0.09774	0.10916	0.01092	0.01228	0.00855	0.00554	0.00505	0.00139	0.04532	0.02452	0.00335	0.00641
8	0.00674	0.00503	0.00745	0.00745	0.00825	0.00582	0.00574	0.00834	0.00754	0.01085	0.01275	0.01917	0.01207	0.07705	0.77431	0.00742	0.01221	0.00515	0.00254	0.00414
9	0.01312	0.01295	0.03913	0.05266	0.46429	0.09106	0.04763	0.15321	0.01283	0.01725	0.00903	0.01127	0.00727	0.00473	0.00516	0.00143	0.04301	0.00413	0.00274	0.00712
10	0.00890	0.00850	0.01427	0.01624	0.27645	0.00829	0.14624	0.01110	0.01042	0.01394	0.02232	0.13500	0.22569	0.00822	0.00581	0.00162	0.04111	0.03703	0.00324	0.00561
11	0.01200	0.62597	0.20766	0.00943	0.01411	0.03786	0.01028	0.01443	0.00977	0.01200	0.00702	0.00815	0.00603	0.00416	0.00340	0.00113	0.00558	0.00276	0.00202	0.00625
12	0.00769	0.00563	0.00756	0.00840	0.00953	0.00571	0.00711	0.01059	0.07146	0.01459	0.06518	0.12623	0.02746	0.01251	0.00628	0.00207	0.00403	0.59904	0.00442	0.00454
13	0.00746	0.00615	0.00686	0.00704	0.00812	0.05462	0.00499	0.02755	0.02882	0.01391	0.12920	0.54559	0.02796	0.01185	0.00552	0.00166	0.00318	0.01057	0.00422	0.09472
14	0.00958	0.05718	0.77819	0.01322	0.02007	0.01126	0.01704	0.01490	0.00994	0.01478	0.00838	0.00986	0.00598	0.00446	0.00442	0.00147	0.00689	0.00345	0.00199	0.00693
15	0.01156	0.01109	0.01894	0.06098	0.77372	0.01117	0.01441	0.01437	0.01068	0.01527	0.00885	0.01171	0.00742	0.00422	0.00467	0.00141	0.00563	0.00420	0.00232	0.00738
16	0.00946	0.02439	0.80987	0.01344	0.02041	0.01095	0.01742	0.01493	0.00995	0.01493	0.00846	0.00995	0.00597	0.00448	0.00448	0.00149	0.00697	0.00348	0.00199	0.00697
17	0.00596	0.00426	0.00572	0.00681	0.00718	0.00402	0.00475	0.00694	0.00924	0.01228	0.02587	0.74004	0.03071	0.01457	0.00608	0.00194	0.00292	0.10243	0.00437	0.00389
18	0.01639	0.01142	0.01226	0.00959	0.01287	0.01248	0.00786	0.61921	0.01962	0.05711	0.01233	0.01263	0.00889	0.00564	0.00446	0.00136	0.00460	0.00429	0.15962	0.00736
19	0.00642	0.00468	0.00611	0.00665	0.00740	0.00444	0.00486	0.00820	0.03143	0.01468	0.26982	0.43127	0.06373	0.01261	0.00589	0.00179	0.00279	0.10838	0.00464	0.00419
20	0.01101	0.01053	0.01794	0.21939	0.61961	0.01103	0.01414	0.01389	0.01042	0.01460	0.00875	0.01189	0.00718	0.00432	0.00468	0.00144	0.00577	0.00420	0.00228	0.00693
21	0.86760	0.00912	0.00693	0.00620	0.00912	0.01058	0.00511	0.01386	0.00802	0.02115	0.00657	0.00766	0.00511	0.00438	0.00292	0.00146	0.00365	0.00255	0.00292	0.00511
22	0.00819	0.00410	0.00614	0.00614	0.00614	0.00410	0.00410	0.00614	0.00614	0.00819	0.00819	0.01433	0.00819	0.01638	0.01843	0.86282	0.00410	0.00410	0.00205	0.00205
23	0.01761	0.02247	0.01336	0.01215	0.01458	0.81537	0.00911	0.01883	0.01336	0.01154	0.00729	0.00850	0.00607	0.00486	0.00425	0.00121	0.00850	0.00304	0.00243	0.00547
24	0.00819	0.00410	0.00614	0.00614	0.00614	0.00410	0.00410	0.00614	0.00614	0.00819	0.00819	0.01433	0.00819	0.01638	0.01843	0.86282	0.00410	0.00410	0.00205	0.00205
25	0.86760	0.00912	0.00693	0.00620	0.00912	0.01058	0.00511	0.01386	0.00802	0.02115	0.00657	0.00766	0.00511	0.00438	0.00292	0.00146	0.00365	0.00255	0.00292	0.00511
26	0.05696	0.01008	0.01056	0.00934	0.01210	0.01150	0.00732	0.07744	0.65403	0.04629	0.01873	0.01733	0.03461	0.00637	0.00471	0.00157	0.00380	0.00521	0.00472	0.00730
27	0.01904	0.00793	0.01051	0.00828	0.01162	0.00715	0.00676	0.02194	0.08408	0.66828	0.08695	0.01786	0.01478	0.00622	0.00482	0.00147	0.00383	0.00512	0.00569	0.00766
28	0.01149	0.01150	0.01782	0.18956	0.53954	0.07173	0.03845	0.01423	0.01058	0.01430	0.00859	0.01161	0.00707	0.00446	0.00498	0.00145	0.02941	0.00415	0.00229	0.00676
29	0.00686	0.00457	0.00514	0.00514	0.00514	0.00457	0.00286	0.00686	0.00686	0.00914	0.01486	0.03086	0.01714	0.83430	0.02400	0.00457	0.00457	0.00686	0.00286	0.00286
30	0.01351	0.01398	0.01281	0.01287	0.11442	0.30989	0.04228	0.10244	0.07388	0.03149	0.03975	0.05563	0.05286	0.00777	0.03995	0.00170	0.00634	0.04941	0.01308	0.00593
31	0.86760	0.00912	0.00693	0.00620	0.00912	0.01058	0.00511	0.01386	0.00802	0.02115	0.00657	0.00766	0.00511	0.00438	0.00292	0.00146	0.00365	0.00255	0.00292	0.00511
32	0.01811	0.05857	0.01416	0.01042	0.01408	0.08181	0.00861	0.56133	0.01937	0.14862	0.01185	0.01161	0.00831	0.00553	0.00459	0.00138	0.00528	0.00412	0.00455	0.00769
33	0.00736	0.00496	0.00642	0.00601	0.00726	0.00453	0.00452	0.00943	0.01299	0.06197	0.67373	0.06775	0.09551	0.00980	0.00554	0.00151	0.00236	0.00862	0.00514	0.00459
34	0.00579	0.00414	0.00551	0.00653	0.00685	0.00386	0.00438	0.00669	0.00925	0.01240	0.06657	0.78961	0.03188	0.01450	0.00599	0.00189	0.00271	0.01315	0.00442	0.00386
35	0.05854	0.01339	0.01377	0.01068	0.01436	0.04750	0.00878	0.72028	0.02113	0.02856	0.01093	0.01103	0.00780	0.00557	0.00461	0.00141	0.00525	0.00411	0.00454	0.00777
36	0.00686	0.00457	0.00514	0.00514	0.00514	0.00457	0.00286	0.00686	0.00686	0.00914	0.01486	0.03086	0.01714	0.83430	0.02400	0.00457	0.00457	0.00686	0.00286	0.00286
37	0.01307	0.68836	0.06689	0.00889	0.01288	0.11956	0.00872	0.01476	0.01008	0.01136	0.00675	0.00782	0.00605	0.00416	0.00326	0.00106	0.00559	0.00264	0.00207	0.00603
38	0.00713	0.00567	0.00761	0.00874	0.11650	0.00525	0.00556	0.00916	0.01220	0.01674	0.46963	0.03419	0.24074	0.00939	0.00538	0.00149	0.00273	0.00819	0.02896	0.00474
39	0.45542	0.15709	0.06905	0.00841	0.01170	0.15481	0.00747	0.04684	0.00995	0.01742	0.00702	0.00816	0.00564	0.00454	0.00359	0.00135	0.02050	0.00280	0.00267	0.00559
40	0.01437	0.04828	0.07408	0.01248	0.03720	0.25302	0.04141	0.18799	0.06078	0.01652	0.00884	0.01044	0.00711	0.00582	0.00707	0.00152	0.19998	0.00385	0.00294	0.00631
41	0.01165	0.01180	0.01425	0.01675	0.27566	0.14355	0.01040	0.03464	0.07720	0.01400	0.01105	0.11053	0.01050	0.00756	0.02704	0.00176	0.20757	0.00522	0.00281	0.00607

[dist]
# distance from previous block
# <min> <max>
0	2

[block]
# block no. 2 follows, 54 sequences, length 46
# corresponding to MSA columns:
# 187-195,199-235
name=unknown_C
#
# <colnr> <probs for GDERKNQSTAVLIFYWHMCP>
#	G	D	E	R	K	N	Q	S	T	A	V	L	I	F	Y	W	H	M	C	P
0	0.01264	0.01031	0.01103	0.00961	0.01247	0.01163	0.00758	0.12374	0.62770	0.04303	0.01787	0.01719	0.01348	0.00632	0.00477	0.00155	0.00393	0.02125	0.00473	0.03916
1	0.01849	0.00817	0.01043	0.00816	0.01152	0.00742	0.00668	0.11256	0.01413	0.59848	0.02199	0.01977	0.12688	0.00671	0.00486	0.00147	0.00392	0.00544	0.00549	0.00743
2	0.00683	0.00456	0.00515	0.00518	0.00518	0.00455	0.00289	0.00685	0.00691	0.00921	0.01513	0.05047	0.01749	0.81421	0.02356	0.00451	0.00453	0.00702	0.00289	0.00288
3	0.00955	0.04896	0.78613	0.01328	0.02016	0.01118	0.01714	0.01491	0.00994	0.01482	0.00840	0.00988	0.00598	0.00447	0.00444	0.00148	0.00691	0.00346	0.00199	0.00694
4	0.00575	0.00478	0.00503	0.00497	0.00648	0.00406	0.00372	0.00712	0.01117	0.01375	0.17121	0.04372	0.67889	0.01156	0.00557	0.00157	0.00236	0.00972	0.00451	0.00406
5	0.00978	0.00838	0.00978	0.00698	0.01117	0.00629	0.00559	0.01187	0.00978	0.01536	0.00838	0.00978	0.00698	0.00349	0.00349	0.00070	0.00349	0.00279	0.00279	0.86312
6	0.00574	0.00410	0.00547	0.00657	0.00684	0.00383	0.00438	0.00657	0.00903	0.01204	0.02599	0.83122	0.03119	0.01477	0.00602	0.00191	0.00274	0.01340	0.00438	0.00383
7	0.01357	0.01324	0.01349	0.03872	0.04263	0.23199	0.06285	0.19017	0.03428	0.03180	0.01006	0.01244	0.00824	0.01201	0.18323	0.00279	0.08524	0.00421	0.00305	0.00597
8	0.01218	0.22627	0.01585	0.01052	0.01228	0.20959	0.00881	0.01347	0.00938	0.01127	0.00747	0.01034	0.00693	0.01021	0.12387	0.00237	0.29808	0.00358	0.00221	0.00533
9	0.00667	0.00482	0.00630	0.00593	0.00704	0.00445	0.00445	0.00890	0.01335	0.01891	0.80239	0.03522	0.04449	0.00964	0.00556	0.00148	0.00222	0.00853	0.00519	0.00445
10	0.01792	0.01321	0.01415	0.01085	0.01462	0.01462	0.00896	0.78916	0.02217	0.02972	0.01132	0.01132	0.00802	0.00566	0.00472	0.00142	0.00519	0.00425	0.00472	0.00802
11	0.01113	0.01272	0.02782	0.01987	0.02464	0.01192	0.78776	0.01510	0.01113	0.01510	0.00954	0.01272	0.00715	0.00397	0.00556	0.00159	0.00795	0.00556	0.00238	0.00636
12	0.01015	0.00542	0.00544	0.00538	0.00659	0.00523	0.00394	0.01195	0.01074	0.01876	0.01658	0.01927	0.01325	0.00637	0.00390	0.00135	0.00270	0.00482	0.84305	0.00511
13	0.01235	0.01274	0.01049	0.00960	0.01192	0.25740	0.00740	0.01910	0.35882	0.01621	0.09235	0.02028	0.06351	0.00692	0.00483	0.00148	0.00501	0.05526	0.00399	0.03033
14	0.01192	0.00972	0.01045	0.00928	0.01198	0.01096	0.00723	0.02375	0.69259	0.06009	0.05315	0.01800	0.01530	0.00640	0.00478	0.00155	0.00367	0.00535	0.00479	0.03904
15	0.86760	0.00912	0.00693	0.00620	0.00912	0.01058	0.00511	0.01386	0.00802	0.02115	0.00657	0.00766	0.00511	0.00438	0.00292	0.00146	0.00365	0.00255	0.00292	0.00511
16	0.01167	0.01120	0.01914	0.02894	0.80488	0.01120	0.01447	0.01447	0.01074	0.01540	0.00887	0.01167	0.00747	0.00420	0.00467	0.00140	0.00560	0.00420	0.00233	0.00747
17	0.01761	0.02247	0.01336	0.01215	0.01458	0.81537	0.00911	0.01883	0.01336	0.01154	0.00729	0.00850	0.00607	0.00486	0.00425	0.00121	0.00850	0.00304	0.00243	0.00547
18	0.00946	0.02439	0.80987	0.01344	0.02041	0.01095	0.01742	0.01493	0.00995	0.01493	0.00846	0.00995	0.00597	0.00448	0.00448	0.00149	0.00697	0.00348	0.00199	0.00697
19	0.00645	0.00481	0.00600	0.00570	0.00691	0.00436	0.00428	0.00847	0.01283	0.01768	0.65170	0.03725	0.19595	0.01010	0.00556	0.00150	0.00226	0.00881	0.00503	0.00436
20	0.01173	0.01013	0.01066	0.00960	0.01226	0.01173	0.00746	0.02505	0.79636	0.01972	0.01919	0.01759	0.01439	0.00640	0.00480	0.00160	0.00373	0.00533	0.00480	0.00746
21	0.00627	0.00455	0.00601	0.00683	0.00750	0.00428	0.00506	0.00761	0.01013	0.01344	0.12668	0.49215	0.09084	0.01350	0.00604	0.00189	0.00301	0.18571	0.00447	0.00404
22	0.00946	0.02439	0.80987	0.01344	0.02041	0.01095	0.01742	0.01493	0.00995	0.01493	0.00846	0.00995	0.00597	0.00448	0.00448	0.00149	0.00697	0.00348	0.00199	0.00697
23	0.00685	0.00460	0.00529	0.00529	0.00534	0.00465	0.00304	0.00695	0.00690	0.00925	0.01472	0.03012	0.01682	0.78659	0.07126	0.00475	0.00505	0.00675	0.00284	0.00294
24	0.01032	0.01032	0.01444	0.01238	0.01238	0.01444	0.01032	0.01135	0.00722	0.01135	0.00619	0.01032	0.00619	0.00825	0.01547	0.00206	0.82567	0.00413	0.00206	0.00516
25	0.01094	0.01219	0.02573	0.03845	0.02352	0.01134	0.69249	0.01471	0.01096	0.01505	0.00940	0.01243	0.00712	0.00395	0.00534	0.00150	0.00747	0.00526	0.00242	0.08973
26	0.01763	0.02203	0.01340	0.01208	0.01458	0.77709	0.00910	0.05565	0.01378	0.01241	0.00748	0.00864	0.00617	0.00490	0.00427	0.00122	0.00834	0.00309	0.00254	0.00559
27	0.01261	0.83713	0.02471	0.00807	0.01210	0.01866	0.00807	0.01412	0.00958	0.01109	0.00656	0.00756	0.00605	0.00403	0.00303	0.00101	0.00504	0.00252	0.00202	0.00605
28	0.01202	0.68518	0.17150	0.00907	0.01365	0.01722	0.00982	0.01427	0.00965	0.01181	0.00691	0.00801	0.00604	0.00412	0.00330	0.00110	0.00540	0.00270	0.00201	0.00622
29	0.01987	0.00831	0.01090	0.00855	0.01207	0.00759	0.00700	0.02326	0.12060	0.70028	0.01868	0.01626	0.01204	0.00591	0.00475	0.00148	0.00397	0.00482	0.00569	0.00795
30	0.01056	0.00836	0.00986	0.00708	0.01123	0.00633	0.00568	0.01264	0.01003	0.07012	0.00909	0.01021	0.00731	0.00365	0.00358	0.00075	0.00353	0.00293	0.00300	0.80406
31	0.00684	0.00617	0.06177	0.00643	0.00795	0.00489	0.00533	0.00927	0.01306	0.01850	0.73123	0.03369	0.05824	0.00933	0.00549	0.00149	0.00256	0.00821	0.00495	0.00461
32	0.14208	0.01312	0.01305	0.01024	0.01382	0.05824	0.00841	0.63332	0.01962	0.02746	0.01040	0.01063	0.00749	0.00543	0.00443	0.00141	0.00515	0.00393	0.00433	0.00745
33	0.00574	0.00410	0.00547	0.00657	0.00684	0.00383	0.00438	0.00657	0.00903	0.01204	0.02599	0.83122	0.03119	0.01477	0.00602	0.00191	0.00274	0.01340	0.00438	0.00383
34	0.00712	0.00511	0.00691	0.00781	0.00880	0.00499	0.00652	0.00901	0.01067	0.01403	0.07217	0.17886	0.08210	0.01288	0.00624	0.00203	0.00377	0.53450	0.02224	0.00424
35	0.00946	0.02439	0.80987	0.01344	0.02041	0.01095	0.01742	0.01493	0.00995	0.01493	0.00846	0.00995	0.00597	0.00448	0.00448	0.00149	0.00697	0.00348	0.00199	0.00697
36	0.00746	0.00538	0.00740	0.00841	0.00953	0.00533	0.00732	0.00956	0.01085	0.01401	0.02656	0.05264	0.08148	0.01295	0.00645	0.00213	0.00420	0.71969	0.00434	0.00432
37	0.00890	0.00838	0.01414	0.82296	0.03247	0.01048	0.01309	0.01205	0.00943	0.01205	0.00838	0.01257	0.00629	0.00471	0.00471	0.00157	0.00629	0.00419	0.00210	0.00524
38	0.00682	0.00458	0.00524	0.00527	0.00531	0.00460	0.00301	0.00691	0.00694	0.00929	0.01508	0.05202	0.01733	0.78323	0.05218	0.00461	0.00481	0.00697	0.00289	0.00293
39	0.00950	0.00903	0.01253	0.01095	0.01103	0.01228	0.00889	0.01046	0.00721	0.01102	0.00798	0.01382	0.00819	0.11792	0.09933	0.00296	0.63535	0.00458	0.00221	0.00476
40	0.00557	0.00478	0.00478	0.00478	0.00637	0.00398	0.00358	0.00677	0.01075	0.01274	0.04776	0.04538	0.80297	0.01194	0.00557	0.00159	0.00239	0.00995	0.00438	0.00398
41	0.00978	0.00838	0.00978	0.00698	0.01117	0.00629	0.00559	0.01187	0.00978	0.01536	0.00838	0.00978	0.00698	0.00349	0.00349	0.00070	0.00349	0.00279	0.00279	0.86312
42	0.01353	0.00914	0.01036	0.00854	0.01139	0.00949	0.00683	0.23619	0.19704	0.15442	0.16199	0.02076	0.08421	0.00702	0.00491	0.00146	0.00379	0.00578	0.00489	0.04829
43	0.01580	0.01331	0.01234	0.01013	0.01315	0.17247	0.00808	0.41618	0.08688	0.06169	0.10805	0.01529	0.03293	0.00621	0.00476	0.00141	0.00524	0.00479	0.00437	0.00693
44	0.01019	0.21341	0.62726	0.01219	0.01848	0.01274	0.01525	0.01474	0.00987	0.01404	0.00802	0.00940	0.00599	0.00438	0.00414	0.00138	0.00652	0.00326	0.00200	0.00675
45	0.01134	0.00904	0.02685	0.00861	0.01072	0.03263	0.00678	0.33012	0.02746	0.01963	0.02082	0.33948	0.08925	0.01005	0.00535	0.00165	0.00405	0.03599	0.00441	0.00576

[dist]
# distance from previous block
# <min> <max>
2	4

[block]
# block no. 3 follows, 54 sequences, length 105
# corresponding to MSA columns:
# 240-326,331-348
name=unknown_D
#
# <colnr> <probs for GDERKNQSTAVLIFYWHMCP>
#	G	D	E	R	K	N	Q	S	T	A	V	L	I	F	Y	W	H	M	C	P
0	0.01261	0.83713	0.02471	0.00807	0.01210	0.01866	0.00807	0.01412	0.00958	0.01109	0.00656	0.00756	0.00605	0.00403	0.00303	0.00101	0.00504	0.00252	0.00202	0.00605
1	0.01099	0.00850	0.01007	0.00729	0.01136	0.00669	0.00587	0.03292	0.01038	0.08457	0.00931	0.01037	0.00741	0.00383	0.00382	0.00080	0.01657	0.00302	0.00310	0.75315
2	0.00667	0.00482	0.00630	0.00593	0.00704	0.00445	0.00445	0.00890	0.01335	0.01891	0.80239	0.03522	0.04449	0.00964	0.00556	0.00148	0.00222	0.00853	0.00519	0.00445
3	0.01038	0.26323	0.57913	0.01186	0.01797	0.01321	0.01467	0.01469	0.00984	0.01380	0.00790	0.00925	0.00600	0.00435	0.00405	0.00135	0.00640	0.00320	0.00200	0.00670
4	0.04598	0.00916	0.02565	0.01031	0.05976	0.00829	0.03951	0.07772	0.04044	0.60702	0.01660	0.01500	0.01076	0.00560	0.00471	0.00146	0.00438	0.00464	0.00521	0.00779
5	0.00686	0.00457	0.00514	0.00514	0.00514	0.00457	0.00286	0.00686	0.00686	0.00914	0.01486	0.03086	0.01714	0.83430	0.02400	0.00457	0.00457	0.00686	0.00286	0.00286
6	0.01028	0.01054	0.01776	0.01493	0.05960	0.01277	0.22507	0.01229	0.00853	0.01257	0.00787	0.01182	0.00705	0.00937	0.08677	0.00241	0.47801	0.00461	0.00221	0.00553
7	0.01178	0.07491	0.09858	0.01871	0.14503	0.04211	0.43886	0.05575	0.03838	0.01563	0.00945	0.01185	0.00726	0.00427	0.00501	0.00149	0.00700	0.00476	0.00252	0.00666
8	0.01308	0.01618	0.06791	0.03518	0.02133	0.24883	0.47465	0.03756	0.01199	0.01438	0.00884	0.01127	0.00677	0.00433	0.00507	0.00147	0.00794	0.00463	0.00243	0.00615
9	0.00665	0.00482	0.00627	0.00590	0.00703	0.00444	0.00443	0.00885	0.01328	0.01876	0.78385	0.03547	0.06312	0.00970	0.00556	0.00149	0.00223	0.00856	0.00517	0.00444
10	0.00745	0.00536	0.00740	0.00839	0.00948	0.00531	0.00727	0.00956	0.01090	0.01417	0.05157	0.06552	0.06138	0.01290	0.00643	0.00212	0.00416	0.70196	0.00437	0.00432
11	0.01379	0.08716	0.16778	0.01625	0.19425	0.18601	0.08068	0.16746	0.01333	0.01689	0.00879	0.01034	0.00684	0.00465	0.00449	0.00136	0.00657	0.00380	0.00273	0.00683
12	0.01178	0.01223	0.04223	0.02664	0.64926	0.04419	0.11470	0.01474	0.01087	0.01519	0.00888	0.01163	0.00733	0.00421	0.00476	0.00142	0.00606	0.00431	0.00233	0.00723
13	0.02115	0.00802	0.01094	0.00839	0.01204	0.00693	0.00693	0.02298	0.01350	0.80815	0.01860	0.01605	0.01167	0.00584	0.00474	0.00146	0.00401	0.00474	0.00584	0.00802
14	0.01792	0.01321	0.01415	0.01085	0.01462	0.01462	0.00896	0.78916	0.02217	0.02972	0.01132	0.01132	0.00802	0.00566	0.00472	0.00142	0.00519	0.00425	0.00472	0.00802
15	0.00667	0.00482	0.00630	0.00593	0.00704	0.00445	0.00445	0.00890	0.01335	0.01891	0.80239	0.03522	0.04449	0.00964	0.00556	0.00148	0.00222	0.00853	0.00519	0.00445
16	0.00559	0.00473	0.00483	0.00491	0.00640	0.00397	0.00364	0.00675	0.01062	0.01268	0.04610	0.10529	0.74413	0.01216	0.00561	0.00162	0.00241	0.01021	0.00438	0.00397
17	0.01786	0.01515	0.01398	0.01112	0.01461	0.18275	0.00899	0.62742	0.02032	0.02590	0.01047	0.01073	0.00761	0.00549	0.00462	0.00137	0.00588	0.00399	0.00424	0.00748
18	0.00906	0.00533	0.00694	0.00631	0.00785	0.00481	0.00481	0.01104	0.01289	0.15620	0.55522	0.08456	0.09745	0.00949	0.00545	0.00152	0.00258	0.00829	0.00519	0.00500
19	0.01755	0.01302	0.01394	0.01077	0.01448	0.01445	0.00887	0.74306	0.06887	0.02911	0.01180	0.01170	0.00840	0.00570	0.00472	0.00143	0.00510	0.00431	0.00472	0.00798
20	0.86760	0.00912	0.00693	0.00620	0.00912	0.01058	0.00511	0.01386	0.00802	0.02115	0.00657	0.00766	0.00511	0.00438	0.00292	0.00146	0.00365	0.00255	0.00292	0.00511
21	0.01234	0.76798	0.09151	0.00852	0.01281	0.01800	0.00886	0.01419	0.00961	0.01142	0.00672	0.00777	0.00604	0.00407	0.00315	0.00105	0.00521	0.00260	0.00201	0.00613
22	0.02082	0.00856	0.01128	0.00865	0.01231	0.00773	0.00714	0.10275	0.01440	0.72710	0.01784	0.01556	0.01129	0.00582	0.00474	0.00145	0.00413	0.00469	0.00572	0.00802
23	0.00565	0.00476	0.00489	0.00490	0.00643	0.00401	0.00366	0.00689	0.01086	0.01310	0.09426	0.06912	0.73162	0.01189	0.00559	0.00160	0.00239	0.00997	0.00443	0.00401
24	0.02095	0.00807	0.01094	0.00842	0.01204	0.00703	0.00694	0.02302	0.03063	0.79089	0.01861	0.01608	0.01173	0.00585	0.00474	0.00146	0.00401	0.00475	0.00581	0.00801
25	0.00604	0.00519	0.00572	0.00544	0.00712	0.00451	0.02407	0.00784	0.04042	0.01356	0.10633	0.04267	0.69189	0.01134	0.00554	0.00158	0.00257	0.00955	0.00441	0.00421
26	0.00686	0.00457	0.00514	0.00514	0.00514	0.00457	0.00286	0.00686	0.00686	0.00914	0.01486	0.03086	0.01714	0.83430	0.02400	0.00457	0.00457	0.00686	0.00286	0.00286
27	0.00962	0.00940	0.01451	0.71180	0.09562	0.05543	0.01299	0.01263	0.00976	0.01230	0.00836	0.01227	0.00637	0.00468	0.00468	0.00154	0.00635	0.00413	0.00213	0.00544
28	0.00959	0.05793	0.77746	0.01322	0.02006	0.01127	0.01703	0.01490	0.00994	0.01477	0.00838	0.00986	0.00598	0.00446	0.00442	0.00147	0.00689	0.00344	0.00199	0.00693
29	0.00569	0.00471	0.00500	0.00517	0.00656	0.00402	0.00384	0.00690	0.01060	0.01287	0.06539	0.14608	0.65667	0.01228	0.00566	0.00165	0.00249	0.03601	0.00440	0.00399
30	0.01044	0.01131	0.02233	0.01671	0.01985	0.01187	0.51278	0.01341	0.00984	0.01378	0.00955	0.04623	0.00817	0.00734	0.05552	0.00207	0.21508	0.00549	0.00239	0.00582
31	0.00860	0.00442	0.00442	0.00442	0.00555	0.00437	0.00331	0.01074	0.00994	0.01729	0.01730	0.01923	0.05894	0.00588	0.00343	0.00113	0.00221	0.00472	0.80976	0.00437
32	0.00599	0.00435	0.00569	0.00669	0.00706	0.00416	0.00450	0.00733	0.04152	0.01235	0.02571	0.79764	0.03049	0.01443	0.00597	0.00190	0.00278	0.01307	0.00439	0.00398
33	0.01173	0.01013	0.01066	0.00960	0.01226	0.01173	0.00746	0.02505	0.79636	0.01972	0.01919	0.01759	0.01439	0.00640	0.00480	0.00160	0.00373	0.00533	0.00480	0.00746
34	0.00978	0.00838	0.00978	0.00698	0.01117	0.00629	0.00559	0.01187	0.00978	0.01536	0.00838	0.00978	0.00698	0.00349	0.00349	0.00070	0.00349	0.00279	0.00279	0.86312
35	0.00890	0.00838	0.01414	0.82296	0.03247	0.01048	0.01309	0.01205	0.00943	0.01205	0.00838	0.01257	0.00629	0.00471	0.00471	0.00157	0.00629	0.00419	0.00210	0.00524
36	0.86760	0.00912	0.00693	0.00620	0.00912	0.01058	0.00511	0.01386	0.00802	0.02115	0.00657	0.00766	0.00511	0.00438	0.00292	0.00146	0.00365	0.00255	0.00292	0.00511
37	0.00890	0.00838	0.01414	0.82296	0.03247	0.01048	0.01309	0.01205	0.00943	0.01205	0.00838	0.01257	0.00629	0.00471	0.00471	0.00157	0.00629	0.00419	0.00210	0.00524
38	0.00674	0.00505	0.00758	0.00758	0.00842	0.00589	0.00589	0.00842	0.00758	0.01095	0.01263	0.01852	0.01179	0.03536	0.81561	0.00758	0.01263	0.00505	0.00253	0.00421
39	0.01261	0.83713	0.02471	0.00807	0.01210	0.01866	0.00807	0.01412	0.00958	0.01109	0.00656	0.00756	0.00605	0.00403	0.00303	0.00101	0.00504	0.00252	0.00202	0.00605
40	0.00557	0.00478	0.00478	0.00478	0.00637	0.00398	0.00358	0.00677	0.01075	0.01274	0.04776	0.04538	0.80297	0.01194	0.00557	0.00159	0.00239	0.00995	0.00438	0.00398
41	0.01167	0.01115	0.01876	0.02807	0.76931	0.01123	0.01416	0.01495	0.04600	0.01560	0.00933	0.01194	0.00778	0.00430	0.00467	0.00141	0.00552	0.00425	0.00244	0.00747
42	0.00602	0.00478	0.00542	0.00537	0.00673	0.00418	0.00404	0.00758	0.01157	0.01486	0.30324	0.07460	0.48713	0.01131	0.00562	0.00159	0.00241	0.03474	0.00465	0.00415
43	0.00685	0.00459	0.00524	0.00524	0.00528	0.00463	0.00298	0.00692	0.00689	0.00922	0.01476	0.03035	0.01692	0.80132	0.05667	0.00470	0.00490	0.00678	0.00284	0.00291
44	0.01322	0.01361	0.02307	0.01693	0.02114	0.08210	0.52073	0.19209	0.01373	0.01803	0.00966	0.01197	0.00723	0.00456	0.00554	0.00153	0.03032	0.00500	0.00291	0.00663
45	0.01528	0.01175	0.01255	0.01025	0.01353	0.01319	0.00826	0.43823	0.36055	0.04239	0.01492	0.01417	0.01089	0.00599	0.00475	0.00150	0.00453	0.00473	0.00478	0.00778
46	0.00686	0.00457	0.00514	0.00514	0.00514	0.00457	0.00286	0.00686	0.00686	0.00914	0.01486	0.03086	0.01714	0.83430	0.02400	0.00457	0.00457	0.00686	0.00286	0.00286
47	0.00686	0.00457	0.00514	0.00514	0.00514	0.00457	0.00286	0.00686	0.00686	0.00914	0.01486	0.03086	0.01714	0.83430	0.02400	0.00457	0.00457	0.00686	0.00286	0.00286
48	0.01113	0.01272	0.02782	0.01987	0.02464	0.01192	0.78776	0.01510	0.01113	0.01510	0.00954	0.01272	0.00715	0.00397	0.00556	0.00159	0.00795	0.00556	0.00238	0.00636
49	0.00574	0.00410	0.00547	0.00657	0.00684	0.00383	0.00438	0.00657	0.00903	0.01204	0.02599	0.83122	0.03119	0.01477	0.00602	0.00191	0.00274	0.01340	0.00438	0.00383
50	0.01032	0.01032	0.01444	0.01238	0.01238	0.01444	0.01032	0.01135	0.00722	0.01135	0.00619	0.01032	0.00619	0.00825	0.01547	0.00206	0.82567	0.00413	0.00206	0.00516
51	0.86760	0.00912	0.00693	0.00620	0.00912	0.01058	0.00511	0.01386	0.00802	0.02115	0.00657	0.00766	0.00511	0.00438	0.00292	0.00146	0.00365	0.00255	0.00292	0.00511
52	0.01167	0.01120	0.01914	0.02894	0.80488	0.01120	0.01447	0.01447	0.01074	0.01540	0.00887	0.01167	0.00747	0.00420	0.00467	0.00140	0.00560	0.00420	0.00233	0.00747
53	0.01173	0.01013	0.01066	0.00960	0.01226	0.01173	0.00746	0.02505	0.79636	0.01972	0.01919	0.01759	0.01439	0.00640	0.00480	0.00160	0.00373	0.00533	0.00480	0.00746
54	0.00685	0.00459	0.00521	0.00521	0.00524	0.00461	0.00295	0.00690	0.00688	0.00919	0.01479	0.03050	0.01699	0.81110	0.04698	0.00466	0.00481	0.00680	0.00285	0.00290
55	0.01261	0.83713	0.02471	0.00807	0.01210	0.01866	0.00807	0.01412	0.00958	0.01109	0.00656	0.00756	0.00605	0.00403	0.00303	0.00101	0.00504	0.00252	0.00202	0.00605
56	0.00674	0.00504	0.00751	0.00751	0.00832	0.00586	0.00581	0.00837	0.00756	0.01089	0.01269	0.01888	0.01194	0.05856	0.79263	0.00749	0.01240	0.00510	0.00254	0.00417
57	0.01167	0.01120	0.01914	0.02894	0.80488	0.01120	0.01447	0.01447	0.01074	0.01540	0.00887	0.01167	0.00747	0.00420	0.00467	0.00140	0.00560	0.00420	0.00233	0.00747
58	0.00557	0.00478	0.00478	0.00478	0.00637	0.00398	0.00358	0.00677	0.01075	0.01274	0.04776	0.04538	0.80297	0.01194	0.00557	0.00159	0.00239	0.00995	0.00438	0.00398
59	0.00978	0.00838	0.00978	0.00698	0.01117	0.00629	0.00559	0.01187	0.00978	0.01536	0.00838	0.00978	0.00698	0.00349	0.00349	0.00070	0.00349	0.00279	0.00279	0.86312
60	0.00789	0.00560	0.00740	0.00811	0.00938	0.00553	0.00689	0.01044	0.05090	0.03886	0.04203	0.08264	0.11939	0.01235	0.00622	0.00203	0.00396	0.57140	0.00443	0.00455
61	0.01672	0.12025	0.01506	0.01027	0.01396	0.01458	0.00862	0.58370	0.09859	0.05367	0.01175	0.01163	0.00854	0.00553	0.00451	0.00138	0.00498	0.00415	0.00441	0.00771
62	0.01290	0.01058	0.01122	0.00977	0.01263	0.01209	0.00769	0.14692	0.65742	0.03685	0.01792	0.01656	0.01332	0.00627	0.00478	0.00157	0.00397	0.00515	0.00481	0.00756
63	0.00667	0.00482	0.00630	0.00593	0.00704	0.00445	0.00445	0.00890	0.01335	0.01891	0.80239	0.03522	0.04449	0.00964	0.00556	0.00148	0.00222	0.00853	0.00519	0.00445
64	0.00574	0.00410	0.00547	0.00657	0.00684	0.00383	0.00438	0.00657	0.00903	0.01204	0.02599	0.83122	0.03119	0.01477	0.00602	0.00191	0.00274	0.01340	0.00438	0.00383
65	0.00890	0.00838	0.01414	0.82296	0.03247	0.01048	0.01309	0.01205	0.00943	0.01205	0.00838	0.01257	0.00629	0.00471	0.00471	0.00157	0.00629	0.00419	0.00210	0.00524
66	0.00583	0.00417	0.00557	0.00666	0.00698	0.00390	0.00453	0.00672	0.00911	0.01213	0.02594	0.79464	0.03099	0.01469	0.00604	0.00193	0.00281	0.04912	0.00438	0.00385
67	0.00686	0.00457	0.00514	0.00514	0.00514	0.00457	0.00286	0.00686	0.00686	0.00914	0.01486	0.03086	0.01714	0.83430	0.02400	0.00457	0.00457	0.00686	0.00286	0.00286
68	0.00625	0.00469	0.00587	0.00660	0.00732	0.00446	0.00469	0.00802	0.05359	0.01312	0.07180	0.55771	0.14949	0.01344	0.00590	0.00184	0.00284	0.07379	0.00444	0.00413
69	0.00574	0.00410	0.00547	0.00657	0.00684	0.00383	0.00438	0.00657	0.00903	0.01204	0.02599	0.83122	0.03119	0.01477	0.00602	0.00191	0.00274	0.01340	0.00438	0.00383
70	0.00978	0.00838	0.00978	0.00698	0.01117	0.00629	0.00559	0.01187	0.00978	0.01536	0.00838	0.00978	0.00698	0.00349	0.00349	0.00070	0.00349	0.00279	0.00279	0.86312
71	0.01032	0.01032	0.01444	0.01238	0.01238	0.01444	0.01032	0.01135	0.00722	0.01135	0.00619	0.01032	0.00619	0.00825	0.01547	0.00206	0.82567	0.00413	0.00206	0.00516
72	0.01142	0.01097	0.01862	0.08734	0.72299	0.01125	0.01424	0.01419	0.01053	0.01503	0.00875	0.01169	0.00734	0.00436	0.00501	0.00143	0.03109	0.00420	0.00231	0.00723
73	0.01261	0.83713	0.02471	0.00807	0.01210	0.01866	0.00807	0.01412	0.00958	0.01109	0.00656	0.00756	0.00605	0.00403	0.00303	0.00101	0.00504	0.00252	0.00202	0.00605
74	0.19409	0.01564	0.01219	0.01084	0.03776	0.32556	0.00826	0.23692	0.08272	0.01953	0.00937	0.01002	0.00719	0.00510	0.00417	0.00136	0.00605	0.00351	0.00338	0.00635
75	0.00890	0.00838	0.01414	0.82296	0.03247	0.01048	0.01309	0.01205	0.00943	0.01205	0.00838	0.01257	0.00629	0.00471	0.00471	0.00157	0.00629	0.00419	0.00210	0.00524
76	0.01113	0.01272	0.02782	0.01987	0.02464	0.01192	0.78776	0.01510	0.01113	0.01510	0.00954	0.01272	0.00715	0.00397	0.00556	0.00159	0.00795	0.00556	0.00238	0.00636
77	0.00862	0.00721	0.00819	0.00883	0.01009	0.07781	0.00748	0.01112	0.04810	0.01392	0.02366	0.04584	0.06226	0.02982	0.00674	0.00208	0.02021	0.59934	0.00412	0.00455
78	0.00684	0.00463	0.00545	0.00545	0.00555	0.00474	0.00324	0.00705	0.00695	0.00937	0.01458	0.02931	0.01647	0.73430	0.12308	0.00495	0.00558	0.00663	0.00282	0.00303
79	0.00682	0.00455	0.00515	0.00520	0.00521	0.00454	0.00291	0.00685	0.00694	0.00925	0.01527	0.06050	0.01766	0.80394	0.02333	0.00447	0.00450	0.00710	0.00291	0.00289
