[name]
unknown

[dist]
# distance from previous block
# <min> <max>
0	180

[block]
# block no. 0 follows, 56 sequences, length 19
# corresponding to MSA columns:
# 184-202
name=unknown_A
#
# <colnr> <probs for GDERKNQSTAVLIFYWHMCP>
#	G	D	E	R	K	N	Q	S	T	A	V	L	I	F	Y	W	H	M	C	P
0	0.00882	0.00743	0.01048	0.01071	0.11209	0.00722	0.05835	0.03803	0.09072	0.01459	0.05499	0.10661	0.04621	0.06600	0.08849	0.00225	0.00493	0.10766	0.00341	0.16103
1	0.02631	0.01042	0.01422	0.13475	0.35075	0.08107	0.01075	0.06663	0.01065	0.01460	0.01007	0.07835	0.00916	0.02849	0.00580	0.00151	0.06647	0.00470	0.03276	0.04251
2	0.01046	0.01130	0.06745	0.20352	0.08459	0.15533	0.00931	0.05228	0.03960	0.01389	0.03888	0.01692	0.11548	0.00754	0.04805	0.00173	0.04249	0.00481	0.07101	0.00535
3	0.77575	0.00912	0.00735	0.00638	0.00933	0.01039	0.00525	0.06726	0.00883	0.02093	0.00679	0.00779	0.00524	0.00431	0.00299	0.00139	0.00365	0.00261	0.00296	0.04168
4	0.00789	0.00606	0.00660	0.00615	0.00798	0.00589	0.00471	0.01203	0.19658	0.06067	0.17507	0.03444	0.43923	0.00962	0.00520	0.00153	0.00269	0.00810	0.00458	0.00498
5	0.00703	0.00477	0.00601	0.00564	0.00686	0.00437	0.00425	0.00907	0.01249	0.04656	0.63998	0.03353	0.12468	0.00922	0.00523	0.00143	0.00225	0.00804	0.06420	0.00440
6	0.01172	0.01034	0.01737	0.02552	0.70927	0.01025	0.01303	0.01435	0.01078	0.07021	0.05478	0.01296	0.00961	0.00450	0.00460	0.00137	0.00516	0.00437	0.00267	0.00714
7	0.00986	0.01276	0.14304	0.01695	0.06551	0.01025	0.50757	0.01346	0.01038	0.01430	0.01156	0.11225	0.01033	0.00554	0.00529	0.00158	0.00673	0.03409	0.00256	0.00598
8	0.00634	0.00469	0.00592	0.00561	0.00676	0.00426	0.00421	0.00836	0.01262	0.01752	0.69471	0.03576	0.15676	0.00972	0.00542	0.00146	0.00219	0.00851	0.00494	0.00426
9	0.00764	0.00669	0.00739	0.06260	0.02734	0.08029	0.00573	0.00973	0.07274	0.01262	0.06169	0.46726	0.05235	0.06321	0.00657	0.00188	0.00369	0.04238	0.00387	0.00433
10	0.01745	0.01286	0.01378	0.01056	0.01424	0.01424	0.00873	0.79471	0.02159	0.02893	0.01102	0.01102	0.00781	0.00551	0.00459	0.00138	0.00505	0.00413	0.00459	0.00781
11	0.87108	0.00888	0.00675	0.00604	0.00888	0.01030	0.00497	0.01350	0.00781	0.02060	0.00639	0.00746	0.00497	0.00426	0.00284	0.00142	0.00355	0.00249	0.00284	0.00497
12	0.01262	0.78585	0.02337	0.00804	0.01195	0.01790	0.00791	0.06613	0.01015	0.01202	0.00669	0.00761	0.00602	0.00403	0.00306	0.00101	0.00492	0.00257	0.00214	0.00602
13	0.01453	0.01140	0.01306	0.01052	0.01379	0.01265	0.05724	0.39266	0.35606	0.04618	0.01441	0.01386	0.01052	0.00572	0.00468	0.00147	0.00458	0.00468	0.00452	0.00747
14	0.00612	0.00466	0.00562	0.00542	0.00664	0.00416	0.00405	0.00791	0.01204	0.01624	0.53419	0.05998	0.29571	0.01027	0.00543	0.00149	0.00223	0.00889	0.00477	0.00416
15	0.00693	0.00555	0.00630	0.00596	0.00747	0.00536	0.00451	0.01055	0.14596	0.01628	0.38666	0.03511	0.32674	0.00969	0.00529	0.00150	0.00248	0.00830	0.00469	0.00466
16	0.00549	0.00465	0.00474	0.00472	0.00624	0.00390	0.00354	0.00672	0.01062	0.01278	0.09423	0.04356	0.76020	0.01149	0.00543	0.00154	0.00232	0.00960	0.00431	0.00390
17	0.00861	0.00810	0.01385	0.74173	0.02976	0.00995	0.04210	0.01161	0.00912	0.01177	0.00848	0.01263	0.00651	0.00656	0.05934	0.00192	0.00660	0.00419	0.00208	0.00507
18	0.47804	0.03474	0.03185	0.08148	0.04583	0.00982	0.00701	0.03777	0.00982	0.21054	0.00965	0.01018	0.00685	0.00465	0.00359	0.00141	0.00412	0.00328	0.00343	0.00592

[dist]
# distance from previous block
# <min> <max>
1	3

[block]
# block no. 1 follows, 56 sequences, length 26
# corresponding to MSA columns:
# 206-231
name=unknown_B
#
# <colnr> <probs for GDERKNQSTAVLIFYWHMCP>
#	G	D	E	R	K	N	Q	S	T	A	V	L	I	F	Y	W	H	M	C	P
0	0.00998	0.00908	0.01443	0.05678	0.36211	0.01942	0.07545	0.05625	0.03070	0.01522	0.06446	0.05678	0.05990	0.00794	0.04245	0.00180	0.00529	0.10285	0.00309	0.00601
1	0.63185	0.17758	0.01072	0.00685	0.00988	0.07473	0.00586	0.01392	0.00852	0.01790	0.00645	0.00750	0.00523	0.00423	0.00296	0.00131	0.00419	0.00252	0.00263	0.00518
2	0.55317	0.00922	0.00895	0.03606	0.03597	0.01015	0.00632	0.11175	0.01062	0.16609	0.00924	0.00968	0.00660	0.00468	0.00350	0.00142	0.00395	0.00318	0.00353	0.00592
3	0.00938	0.00801	0.00942	0.00683	0.01076	0.00610	0.00545	0.01141	0.00942	0.01476	0.00835	0.00991	0.00701	0.00482	0.04089	0.00099	0.00381	0.00282	0.00271	0.82714
4	0.00949	0.00988	0.09858	0.00749	0.01187	0.00662	0.00671	0.01189	0.00954	0.01491	0.00817	0.00954	0.00669	0.00351	0.00351	0.00077	0.00377	0.00279	0.00263	0.77163
5	0.01010	0.00847	0.00987	0.00839	0.05770	0.03460	0.00611	0.04626	0.01025	0.04035	0.01076	0.11436	0.00997	0.00504	0.00390	0.00094	0.00369	0.00424	0.00305	0.61196
6	0.00879	0.02164	0.72527	0.01215	0.01836	0.00991	0.01547	0.01366	0.00978	0.01430	0.01247	0.01351	0.09454	0.00517	0.00448	0.00146	0.00629	0.00409	0.00220	0.00646
7	0.00958	0.00872	0.01396	0.05556	0.48613	0.00872	0.01064	0.01238	0.03576	0.01545	0.18153	0.02056	0.08258	0.00622	0.00487	0.00144	0.00443	0.03214	0.00316	0.00617
8	0.01134	0.01167	0.01669	0.01311	0.01627	0.10030	0.30266	0.01809	0.31063	0.01623	0.07998	0.01545	0.01256	0.00544	0.00525	0.00150	0.03065	0.00521	0.00345	0.02352
9	0.00556	0.00436	0.00504	0.00550	0.00645	0.00384	0.00388	0.00662	0.00986	0.01245	0.08207	0.39827	0.41433	0.01273	0.00562	0.00168	0.00247	0.01111	0.00431	0.00384
10	0.02965	0.01058	0.01006	0.00940	0.04809	0.15267	0.00691	0.09189	0.21951	0.10501	0.10625	0.03332	0.12566	0.02417	0.00511	0.00150	0.00437	0.00565	0.00416	0.00604
11	0.00606	0.00419	0.00519	0.00580	0.00595	0.00404	0.00363	0.00651	0.00789	0.01052	0.02067	0.49128	0.02452	0.36673	0.01334	0.00297	0.00343	0.01033	0.00363	0.00332
12	0.01524	0.01290	0.10071	0.00985	0.01340	0.04893	0.00872	0.49148	0.04839	0.06844	0.01178	0.01209	0.00849	0.00536	0.00436	0.00134	0.00487	0.00409	0.12249	0.00707
13	0.14739	0.10757	0.01251	0.00977	0.01214	0.44048	0.00765	0.05559	0.01137	0.01342	0.00809	0.02854	0.00719	0.04337	0.04792	0.00172	0.03405	0.00342	0.00256	0.00524
14	0.00595	0.00465	0.00539	0.00526	0.00654	0.00409	0.00392	0.00758	0.01162	0.01527	0.41196	0.07050	0.40952	0.01066	0.00544	0.00151	0.00226	0.00915	0.00464	0.00409
15	0.00986	0.00912	0.00893	0.00879	0.04525	0.09783	0.00634	0.04260	0.32526	0.01582	0.06085	0.10647	0.21538	0.02018	0.00522	0.00157	0.00379	0.00695	0.00415	0.00566
16	0.02060	0.00781	0.01065	0.00817	0.01172	0.00675	0.00675	0.02237	0.01314	0.81320	0.01811	0.01563	0.01136	0.00568	0.00462	0.00142	0.00391	0.00462	0.00568	0.00781
17	0.00952	0.00816	0.00952	0.00680	0.01088	0.00612	0.00544	0.01156	0.00952	0.01496	0.00816	0.00952	0.00680	0.00340	0.00340	0.00068	0.00340	0.00272	0.00272	0.86672
18	0.01100	0.01054	0.01798	0.13554	0.70549	0.01081	0.01391	0.01377	0.01028	0.01456	0.00857	0.01148	0.00712	0.00416	0.00455	0.00139	0.00554	0.00409	0.00224	0.00698
19	0.00564	0.00403	0.00536	0.00636	0.00667	0.00376	0.00426	0.00650	0.00899	0.01203	0.06177	0.79830	0.03097	0.01415	0.00584	0.00184	0.00264	0.01283	0.00430	0.00376
20	0.28385	0.01104	0.15561	0.00840	0.01231	0.00857	0.00805	0.01818	0.01085	0.42077	0.01266	0.01200	0.00836	0.00500	0.00402	0.00143	0.00432	0.00373	0.00412	0.00674
21	0.00922	0.00872	0.01476	0.66458	0.19037	0.01034	0.01302	0.01221	0.00944	0.01240	0.00826	0.01206	0.00635	0.00449	0.00458	0.00150	0.00598	0.00408	0.00209	0.00554
22	0.00904	0.00762	0.01282	0.49280	0.04733	0.00863	0.07628	0.01119	0.00925	0.04900	0.01295	0.01615	0.09542	0.00691	0.00659	0.12049	0.00542	0.00483	0.00248	0.00482
23	0.05456	0.00943	0.01231	0.04022	0.16216	0.03014	0.02668	0.10139	0.01210	0.20529	0.05327	0.01282	0.00989	0.00475	0.00422	0.00120	0.00436	0.00398	0.00363	0.24760
24	0.26917	0.01065	0.00982	0.00847	0.01118	0.13477	0.03721	0.01705	0.20638	0.08773	0.07866	0.01415	0.02803	0.00586	0.01465	0.00146	0.00446	0.00421	0.00365	0.05243
25	0.08052	0.17284	0.05063	0.01051	0.06130	0.28673	0.00834	0.01696	0.01147	0.18371	0.02968	0.01058	0.00807	0.00474	0.00395	0.00122	0.00572	0.00339	0.00309	0.04656

[dist]
# distance from previous block
# <min> <max>
1	5

[block]
# block no. 2 follows, 56 sequences, length 18
# corresponding to MSA columns:
# 239-256
name=unknown_C
#
# <colnr> <probs for GDERKNQSTAVLIFYWHMCP>
#	G	D	E	R	K	N	Q	S	T	A	V	L	I	F	Y	W	H	M	C	P
0	0.02706	0.34620	0.20514	0.01014	0.03979	0.07895	0.00993	0.05120	0.06702	0.02879	0.00945	0.02556	0.02001	0.00524	0.01895	0.00133	0.00550	0.00346	0.00252	0.04376
1	0.05875	0.08761	0.53851	0.01112	0.01663	0.01069	0.01328	0.04248	0.03581	0.03395	0.04314	0.01162	0.02628	0.00478	0.00420	0.00138	0.00576	0.00370	0.00248	0.04783
2	0.01259	0.03864	0.04953	0.00973	0.01281	0.01176	0.02552	0.18907	0.49433	0.03954	0.03823	0.01604	0.02938	0.00604	0.00463	0.00149	0.00416	0.00496	0.00441	0.00715
3	0.01092	0.03817	0.04488	0.14066	0.62674	0.01105	0.03354	0.01377	0.01022	0.01437	0.00850	0.01133	0.00701	0.00416	0.00452	0.00138	0.00563	0.00405	0.00222	0.00687
4	0.01227	0.84142	0.02406	0.00786	0.01178	0.01817	0.00786	0.01375	0.00933	0.01080	0.00638	0.00736	0.00589	0.00393	0.00295	0.00098	0.00491	0.00245	0.00196	0.00589
5	0.00931	0.02314	0.77744	0.01379	0.05701	0.01067	0.01683	0.01452	0.00973	0.01456	0.00826	0.00977	0.00588	0.00435	0.00437	0.00145	0.00672	0.00343	0.00195	0.00681
6	0.00952	0.00816	0.00952	0.00680	0.01088	0.00612	0.00544	0.01156	0.00952	0.01496	0.00816	0.00952	0.00680	0.00340	0.00340	0.00068	0.00340	0.00272	0.00272	0.86672
7	0.00716	0.00448	0.00653	0.00653	0.00692	0.00487	0.00468	0.00711	0.00672	0.00935	0.01076	0.01771	0.01062	0.11771	0.39947	0.36125	0.00798	0.00473	0.00230	0.00308
8	0.06902	0.00787	0.01043	0.00805	0.01156	0.00695	0.00665	0.02187	0.01284	0.76807	0.01744	0.01516	0.01100	0.00560	0.00452	0.00142	0.00389	0.00450	0.00552	0.00765
9	0.00797	0.00399	0.00598	0.00598	0.00598	0.00399	0.00399	0.00598	0.00598	0.00797	0.00797	0.01396	0.00797	0.01595	0.01794	0.86643	0.00399	0.00399	0.00199	0.00199
10	0.00966	0.14534	0.69727	0.01231	0.01867	0.01178	0.01561	0.01442	0.00964	0.01398	0.00796	0.00935	0.00583	0.00430	0.00415	0.00138	0.00651	0.00325	0.00194	0.00665
11	0.02006	0.00868	0.01119	0.00858	0.01215	0.00804	0.00709	0.15552	0.01460	0.67800	0.01689	0.01483	0.01075	0.00565	0.00461	0.00141	0.00410	0.00453	0.00549	0.00781
12	0.00867	0.00816	0.01377	0.82762	0.03162	0.01020	0.01275	0.01173	0.00918	0.01173	0.00816	0.01224	0.00612	0.00459	0.00459	0.00153	0.00612	0.00408	0.00204	0.00510
13	0.00921	0.02375	0.81487	0.01309	0.01987	0.01066	0.01696	0.01454	0.00969	0.01454	0.00824	0.00969	0.00582	0.00436	0.00436	0.00145	0.00678	0.00339	0.00194	0.00678
14	0.00666	0.00453	0.00540	0.00540	0.00554	0.00467	0.00328	0.00693	0.00679	0.00919	0.01410	0.02804	0.01582	0.70438	0.15645	0.00494	0.00576	0.00638	0.00273	0.00300
15	0.00559	0.00400	0.00533	0.00639	0.00666	0.00373	0.00426	0.00639	0.00879	0.01172	0.02530	0.83566	0.03036	0.01438	0.00586	0.00186	0.00266	0.01305	0.00426	0.00373
16	0.00867	0.00816	0.01377	0.82762	0.03162	0.01020	0.01275	0.01173	0.00918	0.01173	0.00816	0.01224	0.00612	0.00459	0.00459	0.00153	0.00612	0.00408	0.00204	0.00510
17	0.01100	0.01123	0.04392	0.09593	0.63151	0.01092	0.09987	0.01397	0.01036	0.01467	0.00865	0.01150	0.00709	0.00412	0.00464	0.00140	0.00580	0.00421	0.00225	0.00695

[dist]
# distance from previous block
# <min> <max>
0	1

[block]
# block no. 3 follows, 56 sequences, length 14
# corresponding to MSA columns:
# 258-271
name=unknown_D
#
# <colnr> <probs for GDERKNQSTAVLIFYWHMCP>
#	G	D	E	R	K	N	Q	S	T	A	V	L	I	F	Y	W	H	M	C	P
0	0.00565	0.00404	0.00538	0.00635	0.00667	0.00377	0.00427	0.00653	0.00905	0.01214	0.07412	0.78565	0.03117	0.01407	0.00583	0.00184	0.00263	0.01275	0.00431	0.00377
1	0.00572	0.00466	0.00505	0.00495	0.00638	0.00400	0.00372	0.00715	0.01115	0.01403	0.25230	0.04151	0.60134	0.01102	0.00542	0.00152	0.00228	0.00931	0.00448	0.00400
2	0.77189	0.00878	0.00743	0.06813	0.01071	0.01015	0.00563	0.01372	0.00813	0.05171	0.00700	0.00815	0.00531	0.00434	0.00304	0.00143	0.00376	0.00269	0.00289	0.00510
3	0.01064	0.01408	0.19928	0.03582	0.25802	0.01093	0.32319	0.01435	0.01047	0.02912	0.02956	0.01206	0.00779	0.00431	0.00505	0.00147	0.02039	0.00458	0.00234	0.00659
4	0.01018	0.10863	0.40471	0.08193	0.05799	0.03395	0.01262	0.06213	0.01039	0.01454	0.03505	0.01156	0.00789	0.04404	0.00529	0.00148	0.02038	0.00370	0.00235	0.07119
5	0.00632	0.00469	0.00589	0.00559	0.00675	0.00426	0.00419	0.00832	0.01257	0.01740	0.67991	0.03595	0.17163	0.00976	0.00542	0.00146	0.00219	0.00854	0.00492	0.00426
6	0.08328	0.00690	0.00798	0.00733	0.00890	0.00731	0.02217	0.09771	0.14950	0.03754	0.06573	0.16758	0.06467	0.11468	0.03756	0.07450	0.00396	0.01647	0.02134	0.00488
7	0.00764	0.00517	0.00585	0.00557	0.00591	0.00531	0.00340	0.07438	0.00795	0.01064	0.01391	0.02760	0.01552	0.72110	0.04126	0.03164	0.00468	0.00633	0.00290	0.00322
8	0.01146	0.08029	0.01175	0.02065	0.05231	0.02445	0.03618	0.06273	0.31875	0.09248	0.14252	0.01952	0.05385	0.03333	0.01802	0.00163	0.00408	0.00549	0.00419	0.00631
9	0.01171	0.00939	0.08647	0.00863	0.01111	0.00858	0.00739	0.14087	0.16728	0.13408	0.03390	0.11592	0.02552	0.08261	0.01668	0.00190	0.02774	0.06429	0.03993	0.00601
10	0.01049	0.10913	0.52021	0.01278	0.07710	0.01115	0.01385	0.01553	0.07791	0.05549	0.00947	0.01050	0.00697	0.00448	0.00422	0.00137	0.00590	0.00353	0.00243	0.04751
11	0.05464	0.07262	0.01603	0.10382	0.48728	0.03354	0.01154	0.01307	0.01007	0.01437	0.05843	0.01287	0.00950	0.00709	0.07447	0.00187	0.00585	0.00419	0.00245	0.00632
12	0.01218	0.07341	0.05083	0.00964	0.04231	0.04206	0.04769	0.19067	0.01295	0.05246	0.07781	0.01226	0.01024	0.00468	0.00408	0.00109	0.00446	0.00381	0.00333	0.34403
13	0.01135	0.00881	0.01062	0.00899	0.04902	0.02443	0.03186	0.12144	0.09420	0.08235	0.12741	0.01685	0.04941	0.00560	0.00435	0.00117	0.00382	0.01511	0.00380	0.32942

[dist]
# distance from previous block
# <min> <max>
0	9

[block]
# block no. 4 follows, 56 sequences, length 8
# corresponding to MSA columns:
# 281-288
name=unknown_E
#
# <colnr> <probs for GDERKNQSTAVLIFYWHMCP>
#	G	D	E	R	K	N	Q	S	T	A	V	L	I	F	Y	W	H	M	C	P
0	0.00750	0.00579	0.00827	0.00792	0.00886	0.00688	0.00624	0.05839	0.00826	0.01185	0.01176	0.01701	0.01085	0.03068	0.71028	0.00661	0.07108	0.00480	0.00256	0.00440
1	0.73917	0.00853	0.00714	0.00632	0.00909	0.00969	0.00518	0.01396	0.00827	0.09184	0.00783	0.00887	0.00596	0.00630	0.05482	0.00180	0.00414	0.00283	0.00307	0.00517
2	0.00987	0.04632	0.00983	0.05786	0.01116	0.00886	0.02491	0.05998	0.31250	0.03286	0.14581	0.02141	0.04265	0.12579	0.03264	0.00207	0.00407	0.00575	0.04003	0.00564
3	0.00601	0.00457	0.00554	0.00552	0.00662	0.00409	0.00405	0.00764	0.01152	0.01544	0.44175	0.16674	0.28200	0.01090	0.00549	0.00155	0.00230	0.00951	0.00468	0.00409
4	0.00724	0.00443	0.00611	0.00611	0.00647	0.00471	0.00425	0.00724	0.00689	0.00978	0.01144	0.01924	0.01143	0.20876	0.29098	0.31357	0.00678	0.00494	0.06656	0.00306
5	0.00681	0.00466	0.00592	0.00633	0.00708	0.00452	0.00444	0.00830	0.04066	0.04945	0.04915	0.46792	0.11414	0.07938	0.10374	0.00262	0.00398	0.01012	0.02671	0.00408
6	0.65406	0.07344	0.00862	0.00636	0.00948	0.01020	0.00533	0.01357	0.00836	0.04769	0.00706	0.00803	0.00553	0.00417	0.00299	0.00128	0.00365	0.00259	0.00286	0.12473
7	0.01167	0.11157	0.01697	0.01998	0.47880	0.04944	0.01119	0.03804	0.07042	0.01504	0.00905	0.01090	0.00750	0.00421	0.00418	0.00123	0.00508	0.00373	0.00255	0.12845

[dist]
# distance from previous block
# <min> <max>
0	3

[block]
# block no. 5 follows, 56 sequences, length 19
# corresponding to MSA columns:
# 292-310
name=unknown_F
#
# <colnr> <probs for GDERKNQSTAVLIFYWHMCP>
#	G	D	E	R	K	N	Q	S	T	A	V	L	I	F	Y	W	H	M	C	P
0	0.01342	0.01307	0.01320	0.01379	0.16941	0.21474	0.02941	0.13455	0.21165	0.03243	0.01261	0.07576	0.01055	0.00581	0.00458	0.00139	0.00541	0.00479	0.00348	0.02995
1	0.35274	0.14542	0.12229	0.04956	0.02405	0.01096	0.00798	0.05322	0.00984	0.11662	0.00968	0.06248	0.00790	0.00513	0.00368	0.00139	0.00444	0.00374	0.00306	0.00583
2	0.00978	0.04711	0.55569	0.01266	0.04496	0.01088	0.02950	0.03687	0.03785	0.01484	0.02017	0.01040	0.00688	0.00471	0.00512	0.00142	0.06985	0.00358	0.00225	0.07549
3	0.01664	0.01996	0.01254	0.01124	0.01365	0.69551	0.00851	0.08926	0.01359	0.01323	0.00795	0.00908	0.00645	0.00484	0.00412	0.00119	0.00760	0.00315	0.05601	0.00549
4	0.00616	0.00468	0.00569	0.00563	0.00681	0.00421	0.00426	0.00791	0.01175	0.01574	0.45989	0.08837	0.28868	0.01064	0.00551	0.00155	0.00239	0.06129	0.00469	0.00414
5	0.01048	0.00866	0.00866	0.00779	0.00990	0.08020	0.00601	0.04534	0.30527	0.07292	0.22576	0.02516	0.15926	0.00779	0.00494	0.00148	0.00351	0.00650	0.00456	0.00580
6	0.01015	0.05083	0.63526	0.01417	0.07831	0.07356	0.04585	0.01478	0.01004	0.01419	0.00816	0.00973	0.00598	0.00434	0.00435	0.00141	0.00677	0.00346	0.00201	0.00665
7	0.03041	0.00946	0.07165	0.00870	0.01120	0.00894	0.00724	0.22202	0.16089	0.09135	0.04411	0.27965	0.01755	0.00854	0.00499	0.00158	0.00392	0.00730	0.00437	0.00613
8	0.00681	0.00446	0.00593	0.00670	0.00736	0.00415	0.00482	0.00787	0.00942	0.06356	0.02589	0.62709	0.07216	0.01343	0.00582	0.00185	0.00295	0.12130	0.00435	0.00407
9	0.00674	0.00468	0.00607	0.00589	0.00694	0.00429	0.00435	0.00862	0.01218	0.04191	0.61580	0.16394	0.08086	0.01020	0.00546	0.00152	0.00231	0.00903	0.00490	0.00432
10	0.01543	0.01213	0.07624	0.06962	0.13595	0.02476	0.04116	0.34356	0.04209	0.17501	0.01174	0.01216	0.00829	0.00512	0.00460	0.00141	0.00521	0.00423	0.00395	0.00734
11	0.00982	0.02360	0.75288	0.01299	0.01943	0.07324	0.01634	0.01483	0.00995	0.01428	0.00815	0.00958	0.00582	0.00439	0.00434	0.00143	0.00690	0.00336	0.00197	0.00667
12	0.87108	0.00888	0.00675	0.00604	0.00888	0.01030	0.00497	0.01350	0.00781	0.02060	0.00639	0.00746	0.00497	0.00426	0.00284	0.00142	0.00355	0.00249	0.00284	0.00497
13	0.00567	0.00405	0.00539	0.00637	0.00665	0.00383	0.00425	0.00647	0.00865	0.01156	0.02438	0.77230	0.02910	0.04920	0.03653	0.00217	0.00309	0.01249	0.00413	0.00370
14	0.00822	0.00503	0.00664	0.00614	0.00747	0.00458	0.00464	0.01021	0.01260	0.12011	0.62866	0.11103	0.03792	0.00940	0.00536	0.00148	0.00244	0.00830	0.00506	0.00472
15	0.01232	0.02415	0.04148	0.03101	0.12552	0.02199	0.07009	0.17423	0.36263	0.01917	0.01408	0.01454	0.02078	0.02172	0.00526	0.00154	0.02392	0.00475	0.00381	0.00700
16	0.00639	0.00463	0.00602	0.00580	0.00682	0.00427	0.00430	0.00840	0.01255	0.01764	0.71587	0.10515	0.06514	0.00989	0.00545	0.00148	0.00221	0.00876	0.00496	0.00427
17	0.00948	0.00899	0.01524	0.58665	0.26625	0.01041	0.01315	0.01244	0.00956	0.01272	0.00830	0.01198	0.00647	0.00444	0.00458	0.00148	0.00592	0.00408	0.00211	0.00575
18	0.07935	0.08223	0.08792	0.36200	0.12054	0.07334	0.01122	0.01369	0.03126	0.03200	0.00837	0.01083	0.00649	0.00443	0.00418	0.00137	0.00567	0.00362	0.00234	0.05915

[dist]
# distance from previous block
# <min> <max>
1	11

[block]
# block no. 6 follows, 56 sequences, length 23
# corresponding to MSA columns:
# 322-344
name=unknown_G
#
# <colnr> <probs for GDERKNQSTAVLIFYWHMCP>
#	G	D	E	R	K	N	Q	S	T	A	V	L	I	F	Y	W	H	M	C	P
0	0.01066	0.13555	0.49791	0.01229	0.01792	0.01120	0.10558	0.01479	0.01013	0.07626	0.03031	0.01080	0.00743	0.00445	0.00430	0.00137	0.00617	0.00370	0.00239	0.03681
1	0.01960	0.00765	0.01171	0.00998	0.01174	0.04835	0.19276	0.00991	0.00976	0.01316	0.08133	0.35344	0.03532	0.04900	0.00676	0.00178	0.04614	0.03570	0.00348	0.05243
2	0.01344	0.01131	0.06828	0.01535	0.14414	0.02229	0.24882	0.04466	0.12935	0.20934	0.01343	0.02736	0.01983	0.00507	0.00486	0.00148	0.00553	0.00495	0.00359	0.00693
3	0.01120	0.01035	0.03826	0.39837	0.22157	0.06384	0.01204	0.01427	0.04069	0.08668	0.00942	0.01207	0.00717	0.00482	0.00511	0.00148	0.05000	0.00408	0.00255	0.00604
4	0.00569	0.00405	0.00539	0.00636	0.00663	0.00384	0.00424	0.00648	0.00863	0.01153	0.02425	0.76273	0.02894	0.05800	0.03769	0.00221	0.00312	0.01241	0.00412	0.00369
5	0.02308	0.00653	0.00952	0.00853	0.04011	0.00614	0.12142	0.02333	0.03233	0.03968	0.18650	0.05871	0.32924	0.00888	0.00531	0.00151	0.01407	0.02579	0.05454	0.00478
6	0.00953	0.06703	0.70717	0.01373	0.05714	0.01111	0.04295	0.01448	0.00975	0.01436	0.00819	0.00974	0.00593	0.00431	0.00433	0.00143	0.00665	0.00344	0.00197	0.00674
7	0.00572	0.00421	0.00549	0.03046	0.00727	0.00397	0.00436	0.00659	0.00888	0.01166	0.02655	0.68824	0.11227	0.05299	0.00661	0.00194	0.00281	0.01212	0.00413	0.00374
8	0.00937	0.02165	0.68357	0.05499	0.02094	0.01075	0.10624	0.01442	0.00980	0.01442	0.00836	0.01013	0.00596	0.00432	0.00450	0.00147	0.00686	0.00366	0.00199	0.00663
9	0.01251	0.41732	0.24950	0.01028	0.01467	0.20036	0.01071	0.01503	0.01028	0.01198	0.00708	0.00825	0.00587	0.00424	0.00363	0.00116	0.00622	0.00284	0.00205	0.00602
10	0.02381	0.00973	0.05607	0.01207	0.05752	0.00882	0.19535	0.02956	0.07484	0.26664	0.07192	0.01872	0.06994	0.00619	0.00548	0.00153	0.04660	0.03477	0.00398	0.00646
11	0.02060	0.00781	0.01065	0.00817	0.01172	0.00675	0.00675	0.02237	0.01314	0.81320	0.01811	0.01563	0.01136	0.00568	0.00462	0.00142	0.00391	0.00462	0.00568	0.00781
12	0.01095	0.01048	0.01788	0.15212	0.68934	0.01080	0.01388	0.01372	0.01026	0.01449	0.00856	0.01150	0.00709	0.00417	0.00455	0.00139	0.00556	0.00409	0.00224	0.00694
13	0.01724	0.00959	0.01137	0.02351	0.01256	0.03186	0.00747	0.18026	0.14567	0.42558	0.02752	0.01510	0.02240	0.00593	0.00509	0.00146	0.04043	0.00466	0.00494	0.00738
14	0.03255	0.00893	0.01438	0.01073	0.01448	0.00804	0.18980	0.03539	0.01268	0.58204	0.03185	0.01502	0.01081	0.00531	0.00479	0.00145	0.00478	0.00483	0.00482	0.00732
15	0.50879	0.01109	0.05147	0.03730	0.22662	0.06838	0.00855	0.01400	0.00903	0.01785	0.00719	0.00883	0.00574	0.00426	0.00352	0.00139	0.00464	0.00305	0.00258	0.00571
16	0.01145	0.01032	0.01746	0.14979	0.64732	0.01057	0.01349	0.01418	0.01040	0.05772	0.00908	0.01173	0.00732	0.00425	0.00456	0.00139	0.00547	0.00412	0.00242	0.00697
17	0.87108	0.00888	0.00675	0.00604	0.00888	0.01030	0.00497	0.01350	0.00781	0.02060	0.00639	0.00746	0.00497	0.00426	0.00284	0.00142	0.00355	0.00249	0.00284	0.00497
18	0.00968	0.00902	0.01479	0.13282	0.51011	0.00918	0.01160	0.01210	0.01019	0.01395	0.01530	0.06606	0.11438	0.00618	0.00483	0.00148	0.00491	0.04453	0.00272	0.00617
19	0.00796	0.00448	0.00648	0.00634	0.00636	0.00479	0.00433	0.00646	0.00616	0.00834	0.00860	0.01545	0.00882	0.10187	0.03486	0.69718	0.06282	0.00429	0.00209	0.00233
20	0.22116	0.05637	0.01226	0.00909	0.01253	0.02663	0.00756	0.45990	0.02925	0.10685	0.01046	0.01050	0.00746	0.00514	0.00408	0.00137	0.00460	0.00370	0.00411	0.00698
21	0.11470	0.12051	0.08268	0.01098	0.08310	0.09150	0.00880	0.11133	0.07422	0.04456	0.02012	0.02725	0.00809	0.00517	0.00503	0.00133	0.08460	0.00371	0.00298	0.09934
22	0.03238	0.18644	0.03899	0.00980	0.01310	0.17260	0.02104	0.22558	0.11294	0.09012	0.04560	0.01183	0.00956	0.00521	0.00418	0.00129	0.00532	0.00387	0.00358	0.00658

[dist]
# distance from previous block
# <min> <max>
0	3

[block]
# block no. 7 follows, 56 sequences, length 12
# corresponding to MSA columns:
# 348-359
name=unknown_H
#
# <colnr> <probs for GDERKNQSTAVLIFYWHMCP>
#	G	D	E	R	K	N	Q	S	T	A	V	L	I	F	Y	W	H	M	C	P
0	0.01400	0.02489	0.01439	0.01089	0.01424	0.02718	0.15858	0.26883	0.10052	0.14108	0.12616	0.01578	0.01382	0.00572	0.00479	0.00141	0.00482	0.00505	0.00422	0.04362
1	0.01087	0.18474	0.23653	0.01474	0.22722	0.04893	0.01160	0.02831	0.01021	0.01408	0.02112	0.02682	0.00751	0.00438	0.00402	0.00121	0.00541	0.00355	0.00232	0.13644
2	0.01098	0.01112	0.01327	0.01252	0.07705	0.10787	0.00943	0.02905	0.08093	0.01269	0.00886	0.06003	0.00837	0.00731	0.01075	0.00174	0.49224	0.00450	0.00253	0.03875
3	0.00767	0.00586	0.00757	0.00676	0.00841	0.00562	0.04276	0.01112	0.11646	0.04780	0.47238	0.03235	0.19923	0.00904	0.00529	0.00149	0.00273	0.00791	0.00473	0.00485
4	0.00899	0.00836	0.01337	0.73096	0.02929	0.01034	0.01210	0.01323	0.10280	0.01261	0.00940	0.01282	0.00705	0.00478	0.00460	0.00153	0.00583	0.00421	0.00235	0.00536
5	0.01248	0.27484	0.12625	0.01317	0.13756	0.14445	0.05100	0.06651	0.01099	0.01380	0.00770	0.00922	0.00636	0.00432	0.00422	0.00120	0.03055	0.00325	0.00233	0.07979
6	0.00638	0.00534	0.00669	0.00783	0.10134	0.00480	0.00499	0.00792	0.01088	0.01399	0.20962	0.10572	0.47687	0.01047	0.00536	0.00153	0.00269	0.00901	0.00420	0.00437
7	0.01153	0.01206	0.04565	0.02279	0.57709	0.10593	0.01238	0.01459	0.04740	0.01504	0.08171	0.01329	0.01065	0.00476	0.00458	0.00136	0.00545	0.00437	0.00264	0.00676
8	0.02511	0.00460	0.00604	0.00593	0.00653	0.00452	0.00415	0.00724	0.03999	0.00986	0.01641	0.02018	0.17117	0.01491	0.04713	0.58226	0.00395	0.00518	0.00262	0.02223
9	0.01259	0.00984	0.01106	0.00922	0.01190	0.03193	0.04059	0.25131	0.28876	0.05714	0.10427	0.01885	0.08232	0.00706	0.00536	0.03726	0.00411	0.00547	0.00443	0.00653
10	0.00807	0.07815	0.00979	0.00734	0.00939	0.03681	0.06392	0.01021	0.04353	0.02643	0.18854	0.02961	0.35178	0.00865	0.00558	0.00144	0.05341	0.00720	0.00382	0.05631
11	0.01135	0.37811	0.35451	0.01048	0.01540	0.08313	0.01173	0.01511	0.05725	0.01291	0.00796	0.00901	0.00635	0.00432	0.00375	0.00123	0.00591	0.00306	0.00215	0.00630

[dist]
# distance from previous block
# <min> <max>
1	6

[block]
# block no. 8 follows, 56 sequences, length 27
# corresponding to MSA columns:
# 367-393
name=unknown_I
#
# <colnr> <probs for GDERKNQSTAVLIFYWHMCP>
#	G	D	E	R	K	N	Q	S	T	A	V	L	I	F	Y	W	H	M	C	P
0	0.00627	0.02212	0.00561	0.00564	0.00602	0.00447	0.00364	0.00681	0.00800	0.01054	0.03517	0.32420	0.09659	0.39629	0.04553	0.00322	0.00387	0.00916	0.00347	0.00338
1	0.00635	0.00458	0.00590	0.00577	0.00669	0.00424	0.00419	0.00816	0.01194	0.01669	0.62563	0.13991	0.06740	0.06403	0.00664	0.00170	0.00239	0.00887	0.00477	0.00414
2	0.01224	0.38055	0.21467	0.01241	0.11924	0.11595	0.01102	0.03153	0.02712	0.02548	0.00777	0.00899	0.00636	0.00427	0.00375	0.00120	0.00582	0.00309	0.00222	0.00632
3	0.01061	0.06908	0.01738	0.02234	0.55677	0.01083	0.04540	0.01297	0.01001	0.01407	0.02030	0.06521	0.02795	0.00590	0.01976	0.00154	0.06660	0.01427	0.00247	0.00653
4	0.00912	0.00829	0.00928	0.00840	0.00943	0.12499	0.06371	0.02466	0.00879	0.02157	0.01310	0.08995	0.01361	0.29735	0.16330	0.00363	0.07292	0.02555	0.02819	0.00415
5	0.36341	0.04570	0.03908	0.01080	0.06928	0.16588	0.07576	0.07271	0.01079	0.07874	0.00823	0.00933	0.00628	0.00457	0.00400	0.00137	0.02201	0.00329	0.00293	0.00583
6	0.48025	0.01026	0.01116	0.03400	0.23217	0.06793	0.01909	0.01369	0.00895	0.01742	0.00739	0.00929	0.00603	0.00560	0.03778	0.00166	0.02593	0.00319	0.00258	0.00562
7	0.01148	0.01127	0.03494	0.05517	0.63682	0.03096	0.04583	0.01436	0.02507	0.03254	0.00886	0.01146	0.00730	0.00441	0.00513	0.00141	0.04950	0.00413	0.00237	0.00698
8	0.00947	0.00816	0.00978	0.05658	0.01214	0.00637	0.00588	0.01157	0.00950	0.01476	0.00816	0.00968	0.00676	0.00347	0.00347	0.00073	0.00356	0.00280	0.00268	0.81447
9	0.00588	0.00467	0.00528	0.00519	0.00653	0.00408	0.00391	0.00743	0.01138	0.01467	0.33088	0.05671	0.48775	0.01087	0.00545	0.00153	0.00232	0.02686	0.00456	0.00405
10	0.01137	0.02717	0.01827	0.06373	0.72987	0.02611	0.01369	0.01424	0.02442	0.01477	0.00872	0.01137	0.00729	0.00416	0.00451	0.00136	0.00549	0.00406	0.00230	0.00711
11	0.02005	0.00794	0.01064	0.00824	0.01173	0.00703	0.00678	0.02249	0.06041	0.76560	0.01815	0.01572	0.01152	0.00571	0.00462	0.00143	0.00389	0.00465	0.00562	0.00778
12	0.00604	0.00479	0.00544	0.00526	0.00662	0.00425	0.00395	0.00791	0.02970	0.01521	0.38223	0.03919	0.45195	0.01051	0.00540	0.00150	0.00228	0.00897	0.00462	0.00415
13	0.00555	0.00466	0.00482	0.00478	0.00627	0.00393	0.00358	0.00682	0.01075	0.01308	0.13204	0.04307	0.72220	0.01138	0.00542	0.00154	0.00231	0.00953	0.00435	0.00393
14	0.00921	0.02375	0.81487	0.01309	0.01987	0.01066	0.01696	0.01454	0.00969	0.01454	0.00824	0.00969	0.00582	0.00436	0.00436	0.00145	0.00678	0.00339	0.00194	0.00678
15	0.00991	0.00932	0.01182	0.03169	0.04049	0.05952	0.00842	0.05808	0.00846	0.01195	0.00871	0.01414	0.00852	0.12582	0.14377	0.00308	0.43461	0.00448	0.00238	0.00484
16	0.00647	0.00469	0.00610	0.00574	0.00684	0.00432	0.00431	0.00861	0.01293	0.01824	0.78649	0.03457	0.06453	0.00945	0.00542	0.00145	0.00217	0.00834	0.00503	0.00432
17	0.00824	0.00756	0.01257	0.57045	0.02473	0.00885	0.06587	0.01070	0.00897	0.01154	0.01199	0.03804	0.05710	0.13583	0.00767	0.00200	0.00566	0.00515	0.00237	0.00471
18	0.01275	0.76506	0.02309	0.00813	0.01201	0.03501	0.00794	0.06933	0.01028	0.01210	0.00673	0.00764	0.00603	0.00406	0.00309	0.00101	0.00499	0.00258	0.00216	0.00602
19	0.87108	0.00888	0.00675	0.00604	0.00888	0.01030	0.00497	0.01350	0.00781	0.02060	0.00639	0.00746	0.00497	0.00426	0.00284	0.00142	0.00355	0.00249	0.00284	0.00497
20	0.01745	0.01286	0.01378	0.01056	0.01424	0.01424	0.00873	0.79471	0.02159	0.02893	0.01102	0.01102	0.00781	0.00551	0.00459	0.00138	0.00505	0.00413	0.00459	0.00781
21	0.01129	0.00960	0.01020	0.00913	0.01166	0.01102	0.00711	0.05153	0.71707	0.01951	0.07446	0.01812	0.01587	0.00643	0.00472	0.00154	0.00358	0.00537	0.00470	0.00708
22	0.00634	0.00467	0.00595	0.00567	0.00679	0.00428	0.00425	0.00833	0.01245	0.01731	0.67315	0.05445	0.14311	0.01029	0.02132	0.00158	0.00240	0.00853	0.00488	0.00425
23	0.00959	0.00907	0.01528	0.49084	0.30868	0.01039	0.01290	0.01243	0.00951	0.01284	0.00843	0.01208	0.00673	0.00559	0.03477	0.00170	0.02707	0.00411	0.00214	0.00584
24	0.01532	0.00653	0.00876	0.00735	0.00985	0.00578	0.00585	0.01703	0.01219	0.51344	0.12762	0.14154	0.01905	0.00767	0.00488	0.00149	0.00339	0.02905	0.05680	0.00641
25	0.00716	0.00489	0.00553	0.00563	0.00606	0.00499	0.00356	0.00885	0.08720	0.01140	0.01702	0.18144	0.01849	0.50383	0.01588	0.00329	0.00377	0.00748	0.09998	0.00358
26	0.00565	0.00404	0.00538	0.00636	0.00667	0.00377	0.00427	0.00653	0.00904	0.01212	0.07220	0.78762	0.03114	0.01408	0.00583	0.00184	0.00263	0.01277	0.00431	0.00377

[dist]
# distance from previous block
# <min> <max>
3	6

[block]
# block no. 9 follows, 56 sequences, length 16
# corresponding to MSA columns:
# 402-417
name=unknown_J
#
# <colnr> <probs for GDERKNQSTAVLIFYWHMCP>
#	G	D	E	R	K	N	Q	S	T	A	V	L	I	F	Y	W	H	M	C	P
0	0.06125	0.00509	0.00586	0.00577	0.00624	0.00542	0.00374	0.00828	0.04559	0.01050	0.01372	0.02553	0.01475	0.58071	0.18466	0.00472	0.00596	0.00598	0.00281	0.00341
1	0.00844	0.00767	0.01019	0.00920	0.01056	0.06916	0.07156	0.01125	0.08249	0.01212	0.03791	0.01666	0.01155	0.02416	0.52602	0.00527	0.07348	0.00488	0.00270	0.00474
2	0.01096	0.01079	0.01226	0.05075	0.01318	0.14890	0.05507	0.08038	0.04208	0.01356	0.01014	0.01472	0.00909	0.01260	0.18837	0.00285	0.20469	0.05284	0.00271	0.06405
3	0.00631	0.00513	0.00565	0.00549	0.00698	0.00470	0.00417	0.00881	0.07984	0.01476	0.26249	0.03921	0.49679	0.01054	0.00538	0.00154	0.00245	0.03091	0.00453	0.00431
4	0.01047	0.00896	0.00952	0.00863	0.01100	0.01015	0.00668	0.02149	0.66470	0.01855	0.08950	0.02096	0.08545	0.00697	0.00480	0.00155	0.00339	0.00585	0.00467	0.00672
5	0.00576	0.00412	0.00549	0.00640	0.00678	0.00385	0.00438	0.00676	0.00932	0.01254	0.11284	0.71762	0.03167	0.01376	0.00583	0.00183	0.00266	0.04021	0.00435	0.00381
6	0.00773	0.00527	0.00743	0.00818	0.00927	0.00534	0.00697	0.00969	0.01011	0.04613	0.02230	0.08340	0.02376	0.01573	0.12808	0.00286	0.00535	0.59406	0.00402	0.00433
7	0.00563	0.00456	0.00504	0.00537	0.00659	0.00396	0.00400	0.00679	0.01009	0.01236	0.03978	0.22521	0.56420	0.01235	0.00560	0.00167	0.00256	0.07610	0.00426	0.00387
8	0.01738	0.01237	0.01340	0.01034	0.01396	0.01359	0.00852	0.70548	0.05807	0.08191	0.01187	0.01163	0.00834	0.00556	0.00460	0.00139	0.00491	0.00422	0.00467	0.00778
9	0.87108	0.00888	0.00675	0.00604	0.00888	0.01030	0.00497	0.01350	0.00781	0.02060	0.00639	0.00746	0.00497	0.00426	0.00284	0.00142	0.00355	0.00249	0.00284	0.00497
10	0.00556	0.00466	0.00484	0.00479	0.00628	0.00393	0.00359	0.00685	0.01078	0.01316	0.14204	0.04294	0.71215	0.01135	0.00542	0.00154	0.00231	0.00952	0.00436	0.00393
11	0.00912	0.00862	0.01458	0.69427	0.16147	0.01032	0.01297	0.01212	0.00939	0.01228	0.00824	0.01209	0.00631	0.00451	0.00458	0.00150	0.00601	0.00408	0.00208	0.00546
12	0.00915	0.00445	0.00459	0.00447	0.00566	0.00440	0.00338	0.01127	0.00980	0.05632	0.01513	0.01704	0.01175	0.00537	0.00328	0.00109	0.00223	0.00430	0.82187	0.00445
13	0.01033	0.00924	0.00992	0.00728	0.01123	0.05926	0.00579	0.04349	0.01023	0.01528	0.00821	0.00950	0.00678	0.00357	0.00350	0.00074	0.00378	0.00279	0.00277	0.77630
14	0.46098	0.01100	0.02092	0.00802	0.01108	0.11997	0.02829	0.05294	0.02506	0.10509	0.00850	0.00925	0.00638	0.00456	0.00375	0.00133	0.02225	0.00307	0.00315	0.09442
15	0.00697	0.00595	0.05690	0.00645	0.00743	0.00512	0.00507	0.00795	0.00902	0.01224	0.19001	0.04716	0.11408	0.24231	0.05117	0.12006	0.03125	0.07379	0.00341	0.00367

[dist]
# distance from previous block
# <min> <max>
0	12

[block]
# block no. 10 follows, 56 sequences, length 31
# corresponding to MSA columns:
# 431-461
name=unknown_K
#
# <colnr> <probs for GDERKNQSTAVLIFYWHMCP>
#	G	D	E	R	K	N	Q	S	T	A	V	L	I	F	Y	W	H	M	C	P
0	0.19043	0.06080	0.07870	0.01358	0.22097	0.01095	0.00933	0.15784	0.04877	0.04260	0.05153	0.01225	0.02482	0.00493	0.00410	0.00134	0.00458	0.00393	0.00319	0.05536
1	0.00853	0.13422	0.28022	0.00870	0.01229	0.00883	0.00923	0.01206	0.04415	0.01565	0.32837	0.03091	0.04324	0.00667	0.00460	0.00136	0.00424	0.00556	0.00342	0.03776
2	0.01020	0.06038	0.10674	0.01029	0.09724	0.00834	0.02460	0.04520	0.01016	0.01525	0.00826	0.00973	0.00673	0.00372	0.00370	0.00091	0.00427	0.00304	0.00261	0.56865
3	0.00670	0.00455	0.00605	0.00612	0.00646	0.00485	0.00416	0.00717	0.00702	0.00967	0.01365	0.07717	0.01465	0.38436	0.33109	0.09691	0.00733	0.00613	0.00267	0.00327
4	0.07956	0.00774	0.01008	0.00788	0.01118	0.00696	0.00647	0.03593	0.01292	0.67882	0.07955	0.01643	0.01337	0.00587	0.00455	0.00142	0.00377	0.00475	0.00541	0.00734
5	0.01148	0.37128	0.27307	0.05721	0.05927	0.09992	0.01156	0.01429	0.00980	0.01233	0.00726	0.00879	0.00596	0.00435	0.00416	0.00124	0.03685	0.00305	0.00202	0.00611
6	0.00935	0.02278	0.74799	0.01362	0.02022	0.01074	0.08287	0.01455	0.00979	0.01455	0.00833	0.00992	0.00591	0.00432	0.00445	0.00146	0.00687	0.00356	0.00197	0.00673
7	0.02060	0.00781	0.01065	0.00817	0.01172	0.00675	0.00675	0.02237	0.01314	0.81320	0.01811	0.01563	0.01136	0.00568	0.00462	0.00142	0.00391	0.00462	0.00568	0.00781
8	0.00970	0.00934	0.01616	0.45506	0.31459	0.01036	0.06590	0.01263	0.00980	0.01315	0.00961	0.01293	0.03171	0.00458	0.00466	0.00147	0.00587	0.00435	0.00221	0.00593
9	0.00706	0.00554	0.00860	0.00778	0.00870	0.00589	0.08825	0.00833	0.00749	0.01044	0.01277	0.02185	0.01291	0.32656	0.44119	0.00568	0.00893	0.00562	0.00256	0.00384
10	0.00666	0.00449	0.00521	0.00520	0.00529	0.00454	0.00304	0.00684	0.00690	0.00929	0.03628	0.02928	0.01704	0.75654	0.08149	0.00458	0.00496	0.00659	0.00282	0.00292
11	0.00671	0.00493	0.00632	0.00601	0.00712	0.00468	0.00449	0.00938	0.05601	0.01802	0.71326	0.08563	0.04086	0.00954	0.00540	0.00148	0.00228	0.00844	0.00498	0.00445
12	0.00921	0.02375	0.81487	0.01309	0.01987	0.01066	0.01696	0.01454	0.00969	0.01454	0.00824	0.00969	0.00582	0.00436	0.00436	0.00145	0.00678	0.00339	0.00194	0.00678
13	0.01209	0.00862	0.00939	0.00787	0.01016	0.00921	0.00614	0.32056	0.11829	0.05148	0.09116	0.03146	0.09925	0.11583	0.00712	0.00181	0.00388	0.00573	0.08397	0.00596
14	0.00860	0.00797	0.01333	0.70116	0.07729	0.00968	0.01212	0.01146	0.00927	0.01199	0.00977	0.06796	0.00836	0.00543	0.00472	0.00156	0.00580	0.02615	0.00226	0.00512
15	0.00558	0.00404	0.00529	0.00629	0.00663	0.00374	0.00421	0.00640	0.00889	0.01176	0.02659	0.78750	0.07769	0.01422	0.00583	0.00185	0.00264	0.01285	0.00426	0.00374
16	0.00571	0.00404	0.00529	0.00625	0.00648	0.00381	0.00410	0.00642	0.00857	0.01142	0.02415	0.75015	0.02891	0.10188	0.00772	0.00214	0.00285	0.01237	0.00410	0.00363
17	0.01099	0.01247	0.02476	0.01806	0.02199	0.04583	0.65581	0.01437	0.01042	0.01407	0.00876	0.01190	0.00680	0.00446	0.00665	0.00159	0.11766	0.00513	0.00228	0.00600
18	0.00943	0.00908	0.01594	0.54054	0.20061	0.01031	0.09129	0.01246	0.00968	0.01282	0.00898	0.01354	0.00722	0.00471	0.00473	0.00152	0.00607	0.03322	0.00220	0.00565
19	0.01199	0.70873	0.13040	0.00867	0.01294	0.03910	0.00911	0.01398	0.00948	0.01132	0.00665	0.00770	0.00588	0.00401	0.00317	0.00105	0.00525	0.00260	0.00197	0.00600
20	0.00638	0.00469	0.00598	0.00566	0.00679	0.00428	0.00424	0.00844	0.01273	0.01777	0.72681	0.03534	0.12450	0.00962	0.00542	0.00146	0.00218	0.00845	0.00497	0.00428
21	0.00958	0.08660	0.69940	0.01350	0.05505	0.01128	0.03375	0.01446	0.00972	0.01427	0.00814	0.00965	0.00591	0.00430	0.00428	0.00142	0.00660	0.00340	0.00196	0.00672
22	0.00570	0.00466	0.00503	0.00494	0.00637	0.00399	0.00370	0.00712	0.01111	0.01393	0.24052	0.04166	0.61319	0.01106	0.00542	0.00152	0.00228	0.00934	0.00446	0.00399
23	0.00686	0.00545	0.00681	0.09791	0.00968	0.00545	0.00513	0.00949	0.07683	0.01492	0.34275	0.05901	0.23381	0.09736	0.00718	0.00182	0.00303	0.00792	0.00421	0.00436
24	0.00571	0.00404	0.00529	0.00625	0.00648	0.00381	0.00410	0.00642	0.00857	0.01142	0.02415	0.75015	0.02891	0.10188	0.00772	0.00214	0.00285	0.01237	0.00410	0.00363
25	0.00950	0.05020	0.76956	0.01288	0.01947	0.03078	0.01647	0.01461	0.00976	0.01434	0.00815	0.00958	0.00582	0.00436	0.00431	0.00143	0.00676	0.00335	0.00195	0.00672
26	0.05566	0.01127	0.01239	0.00975	0.01305	0.01235	0.00801	0.58214	0.03615	0.10346	0.01181	0.01219	0.00856	0.00856	0.09112	0.00202	0.00561	0.00421	0.00439	0.00727
27	0.00905	0.00623	0.00742	0.00671	0.00838	0.01876	0.00515	0.01302	0.15294	0.10649	0.52370	0.02932	0.07749	0.00847	0.00517	0.00146	0.00273	0.00733	0.00497	0.00523
28	0.01507	0.01866	0.03250	0.01138	0.01372	0.61964	0.03788	0.04181	0.01233	0.01199	0.00872	0.04758	0.00773	0.00831	0.09094	0.00190	0.00829	0.00377	0.00252	0.00527
29	0.01716	0.02147	0.01305	0.01177	0.01419	0.78322	0.00886	0.05398	0.01340	0.01205	0.00728	0.00841	0.00600	0.00477	0.00416	0.00119	0.00813	0.00301	0.00247	0.00544
30	0.01687	0.01841	0.01260	0.01111	0.01374	0.57731	0.00850	0.10122	0.09853	0.08410	0.00972	0.01016	0.00746	0.00506	0.00429	0.00126	0.00706	0.00347	0.00314	0.00601

[dist]
# distance from previous block
# <min> <max>
0	4

[block]
# block no. 11 follows, 56 sequences, length 26
# corresponding to MSA columns:
# 466-491
name=unknown_L
#
# <colnr> <probs for GDERKNQSTAVLIFYWHMCP>
#	G	D	E	R	K	N	Q	S	T	A	V	L	I	F	Y	W	H	M	C	P
0	0.01571	0.01849	0.01319	0.01159	0.01406	0.60387	0.05762	0.06804	0.03493	0.03138	0.02906	0.04878	0.00863	0.00585	0.01770	0.00137	0.00746	0.00393	0.00281	0.00553
1	0.00644	0.00442	0.00507	0.00521	0.00538	0.00434	0.00309	0.00666	0.00726	0.00957	0.01829	0.13519	0.07922	0.65183	0.03607	0.00395	0.00422	0.00770	0.00308	0.00302
2	0.00645	0.00490	0.00583	0.00555	0.00678	0.00453	0.00413	0.02953	0.01171	0.01570	0.44044	0.03594	0.29645	0.06530	0.04483	0.00195	0.00292	0.00839	0.00451	0.00416
3	0.87108	0.00888	0.00675	0.00604	0.00888	0.01030	0.00497	0.01350	0.00781	0.02060	0.00639	0.00746	0.00497	0.00426	0.00284	0.00142	0.00355	0.00249	0.00284	0.00497
4	0.01447	0.01194	0.01206	0.01004	0.01311	0.06228	0.00802	0.36902	0.40397	0.02307	0.01454	0.01385	0.01074	0.00582	0.00460	0.00145	0.00455	0.00458	0.00449	0.00739
5	0.00549	0.00464	0.00475	0.00476	0.00625	0.00390	0.00355	0.00670	0.01057	0.01272	0.08879	0.06240	0.74671	0.01157	0.00544	0.00155	0.00232	0.00969	0.00431	0.00390
6	0.00633	0.00512	0.00675	0.00756	0.04486	0.00520	0.00516	0.00743	0.00918	0.01216	0.05657	0.44866	0.21451	0.01369	0.05648	0.00210	0.07996	0.01030	0.00388	0.00410
7	0.00954	0.00926	0.01291	0.01120	0.01126	0.01275	0.00920	0.01052	0.00703	0.01086	0.00710	0.01209	0.00720	0.07099	0.07398	0.00258	0.71034	0.00428	0.00210	0.00479
8	0.00951	0.00878	0.04165	0.00705	0.01124	0.00630	0.00590	0.01168	0.00953	0.01494	0.00816	0.00953	0.00676	0.00344	0.00344	0.00071	0.00354	0.00275	0.00269	0.83242
9	0.01273	0.01096	0.01801	0.06224	0.53351	0.04425	0.10345	0.01541	0.01093	0.12873	0.00998	0.01200	0.00771	0.00434	0.00464	0.00139	0.00565	0.00427	0.00276	0.00704
10	0.87108	0.00888	0.00675	0.00604	0.00888	0.01030	0.00497	0.01350	0.00781	0.02060	0.00639	0.00746	0.00497	0.00426	0.00284	0.00142	0.00355	0.00249	0.00284	0.00497
11	0.01664	0.02178	0.06533	0.01188	0.01456	0.74772	0.00939	0.03706	0.01300	0.01188	0.00727	0.00844	0.00595	0.00473	0.00417	0.00121	0.00810	0.00301	0.00239	0.00548
12	0.00543	0.00465	0.00465	0.00465	0.00620	0.00388	0.00349	0.00659	0.01046	0.01240	0.04651	0.04418	0.80815	0.01163	0.00543	0.00155	0.00233	0.00969	0.00426	0.00388
13	0.02060	0.00781	0.01065	0.00817	0.01172	0.00675	0.00675	0.02237	0.01314	0.81320	0.01811	0.01563	0.01136	0.00568	0.00462	0.00142	0.00391	0.00462	0.00568	0.00781
