[name]
unknown

[dist]
# distance from previous block
# <min> <max>
0	314

[block]
# block no. 0 follows, 50 sequences, length 29
# corresponding to MSA columns:
# 314-342
name=unknown_A
#
# <colnr> <probs for GDERKNQSTAVLIFYWHMCP>
#	G	D	E	R	K	N	Q	S	T	A	V	L	I	F	Y	W	H	M	C	P
0	0.00803	0.00574	0.00803	0.00918	0.01033	0.00574	0.00803	0.01033	0.01147	0.01492	0.02639	0.05622	0.02869	0.01377	0.00688	0.00229	0.00459	0.76018	0.00459	0.00459
1	0.01758	0.01333	0.01494	0.05702	0.04074	0.01493	0.00987	0.64388	0.06128	0.02865	0.01195	0.01236	0.00864	0.00602	0.00540	0.00154	0.03453	0.00454	0.00466	0.00815
2	0.01150	0.10827	0.01106	0.04266	0.01108	0.00872	0.00668	0.02654	0.06346	0.17136	0.03650	0.16686	0.18126	0.02256	0.02172	0.02203	0.07014	0.00758	0.00426	0.00574
3	0.00987	0.09479	0.04865	0.03503	0.01510	0.02748	0.23953	0.01216	0.01049	0.03259	0.03042	0.08593	0.09671	0.15501	0.03235	0.00242	0.00600	0.05692	0.00321	0.00532
4	0.00805	0.00574	0.00812	0.04473	0.00986	0.00610	0.03000	0.02241	0.00959	0.03259	0.01902	0.29723	0.02011	0.06940	0.21439	0.00362	0.03531	0.05037	0.10878	0.00458
5	0.37779	0.01221	0.07414	0.07873	0.03006	0.08369	0.04364	0.06680	0.01127	0.09810	0.01056	0.02712	0.00842	0.00558	0.00424	0.00157	0.00524	0.03948	0.01521	0.00616
6	0.01293	0.01287	0.01824	0.12430	0.52208	0.11097	0.01388	0.02832	0.01152	0.02816	0.00912	0.01201	0.00755	0.00494	0.00567	0.00153	0.06189	0.00429	0.00253	0.00719
7	0.00629	0.00451	0.00598	0.00679	0.00728	0.00419	0.00464	0.00749	0.01056	0.01434	0.19740	0.64703	0.03610	0.01441	0.00625	0.00192	0.00277	0.01302	0.00482	0.00419
8	0.00907	0.00538	0.00547	0.00535	0.00660	0.02412	0.00401	0.02662	0.01141	0.01846	0.14426	0.05309	0.05463	0.00719	0.00415	0.00129	0.00258	0.00595	0.60564	0.00472
9	0.01686	0.01349	0.03426	0.04593	0.03677	0.05017	0.00963	0.58929	0.02035	0.02699	0.01288	0.05902	0.01040	0.02035	0.00543	0.00161	0.00557	0.02873	0.00455	0.00772
10	0.01175	0.00870	0.04713	0.02556	0.01172	0.00811	0.03482	0.19355	0.01440	0.10407	0.14882	0.24293	0.04157	0.00957	0.00552	0.00168	0.00405	0.02656	0.05345	0.00603
11	0.00602	0.00486	0.00535	0.00564	0.00691	0.00420	0.00407	0.00724	0.01105	0.01370	0.09308	0.25520	0.53873	0.01327	0.00602	0.00177	0.00261	0.01140	0.00468	0.00420
12	0.00634	0.00462	0.00599	0.00690	0.00740	0.00435	0.00470	0.00773	0.03259	0.01362	0.09446	0.70087	0.06228	0.01477	0.00626	0.00196	0.00286	0.01334	0.00471	0.00422
13	0.04004	0.01225	0.17560	0.03249	0.08880	0.03429	0.10865	0.01307	0.04602	0.01525	0.04238	0.21911	0.01658	0.02247	0.01731	0.00188	0.03831	0.03938	0.03024	0.00587
14	0.01054	0.05790	0.49681	0.09111	0.02350	0.01216	0.20708	0.01550	0.01076	0.01536	0.00913	0.01140	0.00666	0.00460	0.00498	0.00159	0.00746	0.00426	0.00222	0.00699
15	0.01006	0.00906	0.01273	0.10220	0.01400	0.01194	0.00951	0.03377	0.00895	0.01353	0.04149	0.01438	0.00981	0.01251	0.13716	0.00290	0.46381	0.00475	0.08214	0.00529
16	0.00724	0.00486	0.00555	0.00555	0.00559	0.00490	0.00316	0.00732	0.00728	0.00975	0.01560	0.03203	0.01787	0.78943	0.06042	0.00498	0.00522	0.00716	0.00300	0.00308
17	0.86003	0.00964	0.00733	0.00655	0.00964	0.01118	0.00540	0.01465	0.00848	0.02236	0.00694	0.00810	0.00540	0.00463	0.00308	0.00154	0.00386	0.00270	0.00308	0.00540
18	0.01248	0.06158	0.25285	0.01291	0.08574	0.04980	0.03514	0.07397	0.02630	0.06464	0.00985	0.01117	0.00752	0.00473	0.00478	0.00130	0.02962	0.00373	0.00294	0.24895
19	0.00835	0.00688	0.00701	0.00663	0.00840	0.05007	0.00502	0.01137	0.09966	0.04927	0.22585	0.05883	0.40831	0.01117	0.01938	0.00174	0.00327	0.00896	0.00481	0.00502
20	0.00861	0.00584	0.00730	0.00666	0.00823	0.00550	0.00508	0.03443	0.04705	0.07459	0.60660	0.03530	0.11575	0.00987	0.00576	0.00158	0.00267	0.00860	0.00542	0.00517
21	0.03662	0.01404	0.13725	0.07926	0.06176	0.01172	0.44561	0.02842	0.03139	0.05223	0.01069	0.01328	0.00792	0.00462	0.00534	0.00162	0.00725	0.00516	0.03903	0.00680
22	0.01280	0.01137	0.06842	0.01630	0.23978	0.02176	0.07688	0.11745	0.08144	0.08068	0.01658	0.02944	0.07786	0.00630	0.00503	0.00154	0.00515	0.02935	0.09484	0.00703
23	0.00702	0.00524	0.00654	0.00619	0.00748	0.00483	0.00465	0.00952	0.03462	0.01899	0.65436	0.03841	0.16260	0.01048	0.00586	0.00159	0.00242	0.00916	0.00534	0.00471
24	0.62383	0.00921	0.00826	0.00711	0.01025	0.01012	0.00583	0.01668	0.03365	0.17736	0.04901	0.01165	0.00916	0.00528	0.00367	0.00155	0.00386	0.00357	0.00388	0.00606
25	0.01339	0.35601	0.08328	0.01027	0.02558	0.13606	0.02335	0.05001	0.08140	0.03454	0.01190	0.02872	0.03695	0.00623	0.01927	0.00146	0.01789	0.01805	0.03922	0.00641
26	0.01208	0.35435	0.07360	0.00831	0.01149	0.07544	0.00772	0.06492	0.01125	0.01487	0.01213	0.01429	0.04233	0.04452	0.04548	0.00172	0.00538	0.00402	0.19028	0.00582
27	0.00607	0.00434	0.00578	0.00694	0.00723	0.00405	0.00463	0.00694	0.00954	0.01272	0.02747	0.82157	0.03297	0.01562	0.00636	0.00202	0.00289	0.01417	0.00463	0.00405
28	0.00755	0.00493	0.00589	0.00601	0.00632	0.00485	0.00374	0.00795	0.00815	0.03875	0.01909	0.16994	0.04486	0.57315	0.05954	0.00424	0.00482	0.02320	0.00348	0.00354

[dist]
# distance from previous block
# <min> <max>
3	5

[block]
# block no. 1 follows, 50 sequences, length 35
# corresponding to MSA columns:
# 348-354,361-388
name=unknown_B
#
# <colnr> <probs for GDERKNQSTAVLIFYWHMCP>
#	G	D	E	R	K	N	Q	S	T	A	V	L	I	F	Y	W	H	M	C	P
0	0.01159	0.01098	0.01773	0.32026	0.37840	0.03265	0.05259	0.05549	0.01160	0.01576	0.02147	0.01316	0.00811	0.00485	0.00497	0.00155	0.00624	0.00455	0.02125	0.00681
1	0.03478	0.01045	0.01134	0.00922	0.01280	0.01067	0.00731	0.12587	0.37269	0.02067	0.01456	0.01435	0.01113	0.00547	0.00450	0.00131	0.00406	0.00441	0.00423	0.32018
2	0.00622	0.00458	0.00580	0.00666	0.00726	0.00421	0.00461	0.00727	0.01010	0.01323	0.06790	0.59453	0.16086	0.03632	0.00679	0.00203	0.00294	0.04995	0.00462	0.00411
3	0.13990	0.02401	0.01227	0.10958	0.04384	0.02152	0.02531	0.12357	0.05465	0.06366	0.01299	0.09079	0.02936	0.00806	0.03945	0.00186	0.10030	0.00523	0.00353	0.09012
4	0.04701	0.00984	0.05047	0.01072	0.01317	0.05945	0.12358	0.02957	0.01131	0.15582	0.03118	0.15719	0.03586	0.07367	0.03072	0.00220	0.05628	0.09223	0.00395	0.00577
5	0.00605	0.00496	0.00529	0.00546	0.00686	0.00426	0.00400	0.00728	0.01109	0.01354	0.07747	0.15649	0.61204	0.04021	0.00663	0.00184	0.00269	0.02506	0.00461	0.00417
6	0.01016	0.00774	0.01113	0.14043	0.09912	0.00794	0.03656	0.01373	0.08767	0.08439	0.21271	0.04704	0.10968	0.00789	0.00549	0.00159	0.01703	0.02142	0.05192	0.02635
7	0.03337	0.01125	0.01554	0.06682	0.30511	0.05428	0.03938	0.13211	0.02979	0.05000	0.06265	0.02961	0.01184	0.06536	0.01808	0.00189	0.05765	0.00512	0.00333	0.00681
8	0.07170	0.01119	0.01228	0.05135	0.04411	0.04152	0.00851	0.21805	0.26130	0.08487	0.01457	0.01528	0.01104	0.03430	0.02362	0.00184	0.04347	0.00484	0.03893	0.00724
9	0.01190	0.01022	0.01056	0.00952	0.01213	0.03082	0.00738	0.04470	0.62209	0.02039	0.07568	0.02114	0.06056	0.00724	0.00511	0.00165	0.00387	0.00602	0.03171	0.00732
10	0.21132	0.09715	0.05279	0.06578	0.23962	0.10655	0.02765	0.01510	0.01045	0.01613	0.00841	0.01118	0.00710	0.00510	0.00521	0.00150	0.07064	0.01833	0.00259	0.02739
11	0.00618	0.00443	0.00570	0.00667	0.00702	0.00414	0.00441	0.00699	0.00943	0.01247	0.02782	0.69212	0.08147	0.09593	0.00822	0.00228	0.00306	0.01324	0.00447	0.00396
12	0.01281	0.01026	0.01150	0.00880	0.01281	0.00960	0.00706	0.17337	0.16445	0.03911	0.01199	0.01245	0.00926	0.00482	0.00426	0.00110	0.00412	0.00384	0.00386	0.49450
13	0.00976	0.00763	0.01158	0.26577	0.13069	0.00806	0.00940	0.03014	0.01106	0.07387	0.06628	0.24346	0.06980	0.00879	0.00544	0.00169	0.00465	0.00785	0.00368	0.03039
14	0.01402	0.04665	0.06907	0.08020	0.11999	0.09624	0.02850	0.16238	0.07549	0.10003	0.05481	0.01743	0.08802	0.00631	0.00498	0.00151	0.00548	0.00519	0.00387	0.01984
15	0.01126	0.01500	0.21591	0.02346	0.44797	0.01134	0.09904	0.01513	0.02495	0.01597	0.01076	0.06664	0.00928	0.00528	0.00509	0.00157	0.00632	0.00509	0.00257	0.00737
16	0.00676	0.00506	0.00627	0.00602	0.00728	0.00457	0.00449	0.00881	0.01332	0.01825	0.59579	0.06883	0.21434	0.01094	0.00590	0.00161	0.00241	0.00955	0.00526	0.00457
17	0.02940	0.00992	0.01493	0.05924	0.42412	0.01011	0.01114	0.09764	0.01281	0.03285	0.09713	0.01796	0.06329	0.00596	0.00492	0.00148	0.00486	0.00533	0.09001	0.00689
18	0.01080	0.06342	0.51565	0.01461	0.08579	0.01168	0.04290	0.03050	0.05412	0.03302	0.02299	0.03972	0.00895	0.02061	0.00545	0.00164	0.02395	0.00445	0.00262	0.00714
19	0.09584	0.01033	0.01219	0.00946	0.01322	0.01032	0.00780	0.27418	0.01680	0.45206	0.03609	0.01503	0.01133	0.00607	0.00485	0.00153	0.00457	0.00473	0.00548	0.00811
20	0.00617	0.00443	0.00587	0.00699	0.00737	0.00414	0.00477	0.00712	0.00970	0.01286	0.02814	0.75885	0.05666	0.01543	0.00637	0.00203	0.00297	0.05144	0.00463	0.00408
21	0.04852	0.00743	0.00905	0.10505	0.01228	0.00791	0.00664	0.10496	0.01235	0.16578	0.01464	0.01622	0.01092	0.00754	0.04777	0.00175	0.02973	0.00462	0.38085	0.00598
22	0.00818	0.00605	0.00711	0.00661	0.00826	0.00579	0.00502	0.03943	0.08868	0.04456	0.43485	0.05962	0.24604	0.01039	0.00576	0.00162	0.00275	0.00895	0.00519	0.00513
23	0.00620	0.00443	0.00593	0.00709	0.00743	0.00416	0.00485	0.00716	0.00967	0.01287	0.02740	0.77193	0.03269	0.01550	0.00640	0.00204	0.00300	0.06256	0.00462	0.00408
24	0.00640	0.00518	0.00568	0.00583	0.00722	0.00462	0.00430	0.00822	0.04274	0.01423	0.11529	0.17544	0.51964	0.03097	0.00641	0.00182	0.00274	0.03421	0.00469	0.00436
25	0.01214	0.01196	0.02136	0.05845	0.65462	0.01192	0.12492	0.01530	0.01136	0.01611	0.00946	0.01253	0.00780	0.00443	0.00507	0.00152	0.00631	0.00465	0.00247	0.00764
26	0.00822	0.00591	0.00800	0.00763	0.00823	0.00675	0.00559	0.00929	0.00812	0.04318	0.03637	0.02375	0.01485	0.31867	0.37576	0.00574	0.10073	0.00602	0.00297	0.00422
27	0.37662	0.19044	0.01540	0.12511	0.01600	0.06277	0.07790	0.03884	0.01016	0.01748	0.00770	0.00955	0.00618	0.00473	0.00408	0.00146	0.02364	0.00336	0.00271	0.00588
28	0.00651	0.00465	0.00581	0.00651	0.00693	0.00443	0.00436	0.00730	0.00920	0.01209	0.02626	0.46887	0.10464	0.22980	0.03126	0.00290	0.00373	0.05676	0.00415	0.00384
29	0.00956	0.00565	0.00743	0.00667	0.00830	0.00512	0.00511	0.01181	0.01406	0.14852	0.64248	0.03418	0.06226	0.00959	0.00574	0.00157	0.00267	0.00839	0.00558	0.00532
30	0.02930	0.02642	0.04108	0.04721	0.09218	0.04520	0.00897	0.11069	0.33995	0.04552	0.03880	0.01983	0.05415	0.04370	0.00598	0.00176	0.00477	0.03313	0.00428	0.00707
31	0.00842	0.00647	0.00821	0.00759	0.00809	0.00741	0.00543	0.03288	0.00818	0.01162	0.01320	0.02419	0.01403	0.43941	0.18061	0.00465	0.15406	0.00602	0.02401	0.03551
32	0.03926	0.03234	0.24529	0.07309	0.03941	0.02443	0.11017	0.09609	0.07249	0.09261	0.01322	0.01441	0.04962	0.00583	0.00586	0.00163	0.06920	0.00476	0.00328	0.00700
33	0.01246	0.01103	0.07656	0.05416	0.11028	0.00909	0.12509	0.03183	0.02901	0.12986	0.01260	0.03149	0.01026	0.00542	0.00485	0.00137	0.00528	0.05715	0.00343	0.27878
34	0.06467	0.05852	0.01303	0.01063	0.02559	0.22980	0.02375	0.18036	0.11830	0.03123	0.01316	0.04884	0.02948	0.00755	0.04148	0.00172	0.00612	0.00467	0.04535	0.04574

[dist]
# distance from previous block
# <min> <max>
0	4

[block]
# block no. 2 follows, 50 sequences, length 19
# corresponding to MSA columns:
# 393-411
name=unknown_C
#
# <colnr> <probs for GDERKNQSTAVLIFYWHMCP>
#	G	D	E	R	K	N	Q	S	T	A	V	L	I	F	Y	W	H	M	C	P
0	0.04800	0.06330	0.04587	0.14339	0.14281	0.10458	0.00967	0.04774	0.07077	0.03958	0.09712	0.03720	0.01413	0.10643	0.00735	0.00192	0.00552	0.00527	0.00330	0.00604
1	0.16096	0.00861	0.04103	0.08246	0.03060	0.00860	0.00733	0.08779	0.04496	0.05943	0.14788	0.10023	0.12542	0.00931	0.02984	0.00185	0.02414	0.01973	0.00414	0.00567
2	0.01325	0.00769	0.00907	0.00775	0.01035	0.04218	0.00614	0.01552	0.03702	0.28725	0.18347	0.05859	0.13461	0.00915	0.02318	0.00168	0.00391	0.04815	0.00504	0.09600
3	0.04564	0.10784	0.40543	0.03423	0.05393	0.06305	0.03598	0.01432	0.01060	0.01480	0.01311	0.08806	0.06243	0.00631	0.00501	0.00156	0.02354	0.00507	0.00262	0.00647
4	0.00712	0.00534	0.00801	0.00801	0.00890	0.00623	0.00623	0.00890	0.00801	0.01157	0.01335	0.01958	0.01246	0.03738	0.80507	0.00801	0.01335	0.00534	0.00267	0.00445
5	0.01402	0.01099	0.01270	0.04209	0.08729	0.02783	0.00879	0.28246	0.19975	0.06093	0.05772	0.04153	0.09313	0.00723	0.00551	0.00160	0.02871	0.00587	0.00457	0.00727
6	0.00611	0.00454	0.00559	0.00640	0.00700	0.00414	0.00432	0.00701	0.00982	0.01270	0.03213	0.58781	0.21080	0.06769	0.00749	0.00213	0.00293	0.01286	0.00452	0.00402
7	0.01197	0.12623	0.04371	0.06497	0.10152	0.09650	0.08539	0.09280	0.01226	0.01582	0.07406	0.10483	0.04529	0.00717	0.00626	0.00159	0.09440	0.00587	0.00321	0.00614
8	0.01077	0.00882	0.01195	0.14902	0.01590	0.00912	0.04886	0.08160	0.07340	0.03988	0.04077	0.04934	0.04286	0.00898	0.07711	0.00200	0.05497	0.00515	0.04659	0.22291
9	0.01236	0.37669	0.34795	0.01195	0.03975	0.06753	0.01294	0.03337	0.02967	0.01426	0.00834	0.00960	0.00667	0.00462	0.00406	0.00133	0.00641	0.00329	0.00230	0.00689
10	0.01301	0.06761	0.08607	0.14497	0.37725	0.17366	0.03702	0.01588	0.01156	0.01456	0.00878	0.01140	0.00716	0.00467	0.00475	0.00146	0.00682	0.00405	0.00240	0.00692
11	0.00636	0.00503	0.00567	0.00557	0.00697	0.00440	0.00413	0.00797	0.01218	0.01570	0.31822	0.07113	0.47142	0.03524	0.00646	0.00174	0.00254	0.01001	0.00489	0.00435
12	0.00642	0.00486	0.00585	0.00639	0.00721	0.00453	0.00446	0.00782	0.03089	0.01331	0.07560	0.42390	0.25064	0.08409	0.03354	0.00233	0.00332	0.02618	0.00449	0.00417
13	0.00821	0.00646	0.00809	0.00841	0.00952	0.03445	0.02969	0.02408	0.06396	0.01437	0.02359	0.32069	0.04289	0.05630	0.06463	0.00257	0.00472	0.23299	0.03968	0.00470
14	0.00669	0.00494	0.00594	0.00637	0.00744	0.00446	0.00467	0.00801	0.01093	0.02974	0.11557	0.31681	0.32068	0.04492	0.00690	0.00198	0.00298	0.09201	0.00468	0.00429
15	0.00616	0.00449	0.00582	0.00677	0.00727	0.00415	0.00463	0.00719	0.01005	0.01329	0.07584	0.67751	0.10991	0.01494	0.00630	0.00197	0.00286	0.03205	0.00468	0.00412
16	0.00941	0.00886	0.01495	0.81285	0.03433	0.01107	0.01384	0.01274	0.00997	0.01274	0.00886	0.01329	0.00664	0.00498	0.00498	0.00166	0.00664	0.00443	0.00221	0.00554
17	0.00732	0.00564	0.00831	0.00822	0.00901	0.00667	0.00638	0.00897	0.00803	0.01160	0.01357	0.05257	0.01308	0.05483	0.70239	0.00731	0.06322	0.00569	0.00273	0.00446
18	0.01209	0.00939	0.01106	0.00811	0.01228	0.00787	0.00655	0.08492	0.01176	0.07791	0.00989	0.01102	0.00783	0.00430	0.00443	0.00093	0.03662	0.00331	0.00336	0.67636

[dist]
# distance from previous block
# <min> <max>
0	6

[block]
# block no. 3 follows, 50 sequences, length 29
# corresponding to MSA columns:
# 489-517
name=unknown_D
#
# <colnr> <probs for GDERKNQSTAVLIFYWHMCP>
#	G	D	E	R	K	N	Q	S	T	A	V	L	I	F	Y	W	H	M	C	P
0	0.03410	0.00962	0.01570	0.59744	0.16919	0.01149	0.01364	0.03126	0.01040	0.01406	0.00888	0.01284	0.00687	0.00505	0.00539	0.00164	0.03967	0.00438	0.00235	0.00602
1	0.00713	0.00531	0.00787	0.00787	0.00871	0.00615	0.00606	0.00881	0.00797	0.01147	0.01348	0.02029	0.01277	0.08015	0.76272	0.00784	0.01289	0.00544	0.00269	0.00437
2	0.00729	0.00546	0.00692	0.00730	0.00846	0.00527	0.00569	0.00989	0.06081	0.01611	0.25526	0.21197	0.14495	0.01250	0.00622	0.00190	0.00322	0.22124	0.00490	0.00466
3	0.00914	0.00814	0.01157	0.02495	0.03196	0.03778	0.09197	0.01132	0.04909	0.01302	0.01492	0.15171	0.01532	0.15299	0.15298	0.00346	0.15077	0.02595	0.03804	0.00492
4	0.00771	0.00618	0.00926	0.04235	0.01028	0.00646	0.07853	0.00889	0.00887	0.01199	0.01836	0.26116	0.02059	0.29912	0.07546	0.00346	0.05855	0.06516	0.00345	0.00417
5	0.00786	0.00550	0.00659	0.00652	0.00811	0.00496	0.00513	0.00983	0.02436	0.07144	0.23298	0.06360	0.37435	0.01173	0.00601	0.00176	0.00301	0.14653	0.00496	0.00476
6	0.01175	0.01204	0.03453	0.02518	0.48341	0.01207	0.19107	0.01475	0.01095	0.01558	0.00996	0.04567	0.00867	0.00532	0.00648	0.00163	0.09608	0.00515	0.00253	0.00719
7	0.01408	0.01223	0.01401	0.01495	0.18207	0.06881	0.00996	0.21742	0.29289	0.02139	0.01546	0.03716	0.01261	0.00664	0.00513	0.00162	0.00515	0.05657	0.00427	0.00757
8	0.01133	0.01159	0.04799	0.01978	0.39302	0.09752	0.02177	0.01382	0.01130	0.01528	0.05712	0.04292	0.03228	0.03227	0.04993	0.00201	0.02655	0.06383	0.04326	0.00643
9	0.00795	0.00543	0.00702	0.00695	0.00774	0.00598	0.00519	0.02091	0.00887	0.01321	0.01598	0.03554	0.03377	0.19934	0.34695	0.00498	0.04018	0.04475	0.18498	0.00428
10	0.78285	0.00974	0.02422	0.02122	0.01030	0.01093	0.00587	0.01434	0.00853	0.02150	0.00735	0.00883	0.00580	0.00633	0.04453	0.00188	0.00447	0.00289	0.00303	0.00539
11	0.01487	0.34824	0.06503	0.01041	0.01408	0.20296	0.00934	0.10944	0.02929	0.03718	0.03129	0.01044	0.00823	0.00519	0.00468	0.00128	0.04796	0.00349	0.00289	0.04369
12	0.00922	0.02917	0.51087	0.01186	0.01717	0.00960	0.02993	0.01386	0.02528	0.01613	0.12534	0.06591	0.04797	0.00686	0.00512	0.00161	0.00590	0.03651	0.00303	0.02864
13	0.23636	0.01020	0.03972	0.00869	0.01233	0.00983	0.00740	0.16140	0.01411	0.37609	0.01433	0.01361	0.00963	0.00566	0.00440	0.00151	0.00437	0.00425	0.05872	0.00740
14	0.06409	0.01944	0.49638	0.01213	0.01811	0.01051	0.01413	0.05019	0.01201	0.23795	0.01199	0.01226	0.00806	0.00519	0.00473	0.00156	0.00620	0.00404	0.00343	0.00761
15	0.00916	0.00622	0.00767	0.00775	0.00925	0.00606	0.00611	0.06062	0.05000	0.07729	0.07213	0.21481	0.17074	0.04647	0.00694	0.00204	0.00371	0.23320	0.00476	0.00506
16	0.00648	0.00492	0.00607	0.00683	0.00780	0.00451	0.00515	0.00782	0.01063	0.01350	0.03509	0.37417	0.29138	0.01415	0.00633	0.00197	0.00317	0.19119	0.00462	0.00423
17	0.00878	0.00568	0.00694	0.00690	0.00820	0.00541	0.00507	0.02629	0.05643	0.09196	0.16214	0.28121	0.15035	0.07510	0.00736	0.00201	0.00321	0.05149	0.04055	0.00491
18	0.01068	0.06704	0.71277	0.01383	0.02076	0.05885	0.01739	0.01598	0.01072	0.01536	0.00877	0.01030	0.00632	0.00473	0.00464	0.00153	0.00736	0.00360	0.00213	0.00722
19	0.00997	0.05430	0.72961	0.01359	0.02052	0.01152	0.01734	0.01542	0.01069	0.01585	0.04922	0.01181	0.00842	0.00500	0.00474	0.00156	0.00703	0.00392	0.00228	0.00719
20	0.00640	0.00472	0.00594	0.00636	0.00717	0.00431	0.00446	0.00780	0.01129	0.01516	0.28282	0.40927	0.16546	0.03679	0.00667	0.00190	0.00271	0.01165	0.00486	0.00426
21	0.00640	0.00492	0.00713	0.00765	0.00831	0.00456	0.05012	0.00749	0.00979	0.01296	0.02794	0.72346	0.08087	0.01475	0.00630	0.00198	0.00319	0.01344	0.00450	0.00422
22	0.01149	0.01169	0.01949	0.17031	0.28571	0.04359	0.16758	0.01430	0.01050	0.01445	0.00913	0.01315	0.00768	0.00604	0.01999	0.00180	0.16726	0.01689	0.00242	0.00654
23	0.03820	0.01254	0.01564	0.09532	0.03755	0.12120	0.12928	0.18883	0.01435	0.08978	0.07947	0.01476	0.01152	0.00721	0.03564	0.00182	0.08196	0.00494	0.01335	0.00662
24	0.70441	0.00994	0.00860	0.00775	0.03079	0.01122	0.00613	0.07482	0.01019	0.08583	0.00843	0.00923	0.00627	0.00485	0.00344	0.00154	0.00407	0.00307	0.00347	0.00595
25	0.01082	0.00827	0.01083	0.00982	0.03690	0.00899	0.03550	0.18762	0.03799	0.01794	0.04521	0.01861	0.01292	0.04302	0.33872	0.00429	0.02880	0.02484	0.06923	0.04967
26	0.04575	0.21522	0.09662	0.01124	0.04273	0.01167	0.14207	0.04268	0.01092	0.01524	0.02567	0.04007	0.09752	0.00682	0.00565	0.04629	0.02605	0.01351	0.09843	0.00585
27	0.01211	0.01020	0.01075	0.00954	0.01234	0.01149	0.00745	0.07868	0.61523	0.02071	0.02232	0.02084	0.09226	0.00719	0.00508	0.00164	0.00387	0.00595	0.02274	0.02960
28	0.08598	0.00872	0.01131	0.00882	0.01246	0.00802	0.00727	0.03762	0.02646	0.67587	0.03206	0.01642	0.01225	0.00619	0.00517	0.00156	0.02506	0.00489	0.00578	0.00809

[dist]
# distance from previous block
# <min> <max>
0	1

[block]
# block no. 4 follows, 50 sequences, length 10
# corresponding to MSA columns:
# 519-528
name=unknown_E
#
# <colnr> <probs for GDERKNQSTAVLIFYWHMCP>
#	G	D	E	R	K	N	Q	S	T	A	V	L	I	F	Y	W	H	M	C	P
0	0.01599	0.01367	0.05132	0.05554	0.01603	0.04778	0.00967	0.43788	0.25318	0.02560	0.01400	0.01386	0.01023	0.00607	0.00498	0.00156	0.00532	0.00474	0.00462	0.00797
1	0.06383	0.04314	0.13712	0.03386	0.05679	0.09527	0.07822	0.12563	0.04267	0.04839	0.06220	0.06939	0.01262	0.02437	0.06349	0.00207	0.00637	0.00530	0.02285	0.00643
2	0.00800	0.00550	0.00670	0.00673	0.00803	0.00515	0.00491	0.01044	0.07230	0.07430	0.22132	0.32290	0.21044	0.01217	0.00593	0.00177	0.00286	0.01068	0.00499	0.00488
3	0.00608	0.00485	0.00548	0.00594	0.00712	0.00425	0.00433	0.00728	0.01075	0.01330	0.04123	0.31003	0.48839	0.01371	0.00611	0.00184	0.00278	0.05773	0.00463	0.00418
4	0.00850	0.00546	0.00677	0.00660	0.00789	0.00505	0.00483	0.03624	0.01231	0.08753	0.30276	0.26024	0.14837	0.04280	0.00657	0.00182	0.00291	0.00996	0.03854	0.00485
5	0.01289	0.01306	0.04389	0.11880	0.40739	0.08644	0.05531	0.08121	0.08016	0.01704	0.01078	0.03140	0.00881	0.00516	0.00499	0.00153	0.00620	0.00471	0.00293	0.00729
6	0.01155	0.00713	0.00825	0.00738	0.00945	0.00728	0.00574	0.05726	0.17050	0.13864	0.15428	0.04759	0.08672	0.00964	0.05399	0.00191	0.00384	0.00648	0.20631	0.00605
7	0.01092	0.02199	0.00938	0.00833	0.01017	0.00673	0.03177	0.01350	0.06472	0.18664	0.06001	0.15631	0.06982	0.03898	0.24058	0.00366	0.00665	0.04993	0.00431	0.00559
8	0.01585	0.03687	0.05294	0.06961	0.11414	0.13050	0.08091	0.11341	0.07828	0.19395	0.03426	0.01397	0.01018	0.00562	0.00526	0.00153	0.02689	0.00466	0.00389	0.00729
9	0.01199	0.09753	0.05019	0.22855	0.24350	0.09714	0.04913	0.03338	0.01113	0.01430	0.01034	0.01309	0.03926	0.00537	0.00576	0.00155	0.07441	0.00440	0.00249	0.00647

[dist]
# distance from previous block
# <min> <max>
3	12

[block]
# block no. 5 follows, 50 sequences, length 25
# corresponding to MSA columns:
# 541-565
name=unknown_F
#
# <colnr> <probs for GDERKNQSTAVLIFYWHMCP>
#	G	D	E	R	K	N	Q	S	T	A	V	L	I	F	Y	W	H	M	C	P
0	0.01265	0.05018	0.10687	0.01058	0.03265	0.13206	0.04553	0.08074	0.03982	0.08776	0.11480	0.06817	0.07988	0.00711	0.00501	0.00146	0.00522	0.01918	0.00386	0.09646
1	0.03637	0.01176	0.01347	0.01295	0.11604	0.04260	0.02639	0.24128	0.27238	0.02201	0.01426	0.02897	0.01115	0.02262	0.01710	0.00166	0.00503	0.00492	0.02134	0.07770
2	0.00732	0.00511	0.00631	0.00647	0.00765	0.00458	0.00472	0.00879	0.01142	0.05454	0.21994	0.31448	0.22867	0.03252	0.00648	0.00185	0.00288	0.04546	0.00483	0.02600
3	0.02987	0.02934	0.18344	0.01063	0.05186	0.00951	0.00957	0.12217	0.06431	0.06809	0.16640	0.05327	0.01709	0.00649	0.00487	0.00142	0.00464	0.00540	0.00393	0.15768
4	0.02722	0.08296	0.12021	0.01286	0.09935	0.07229	0.05665	0.08777	0.14330	0.03871	0.07818	0.07274	0.02881	0.03876	0.00580	0.00169	0.00537	0.01700	0.00368	0.00665
5	0.00659	0.00503	0.00660	0.00718	0.00767	0.00512	0.00506	0.00762	0.00966	0.01297	0.07179	0.55525	0.10440	0.04938	0.05805	0.00247	0.06474	0.01193	0.00430	0.00419
6	0.01045	0.00984	0.01653	0.42232	0.35646	0.01093	0.01376	0.01343	0.01051	0.01419	0.01062	0.03231	0.02595	0.02565	0.00552	0.00167	0.00611	0.00486	0.00245	0.00642
7	0.01298	0.43833	0.26457	0.01095	0.01589	0.12423	0.01173	0.01630	0.03912	0.01339	0.00815	0.00931	0.00670	0.00462	0.00392	0.00128	0.00641	0.00317	0.00229	0.00667
8	0.01270	0.01207	0.04384	0.01945	0.37489	0.08287	0.01147	0.01771	0.17147	0.06508	0.06375	0.01818	0.04502	0.00614	0.00509	0.00156	0.00533	0.03255	0.00359	0.00724
9	0.00711	0.00482	0.00543	0.00548	0.00560	0.00476	0.00314	0.00723	0.00760	0.01004	0.01838	0.06873	0.06652	0.73864	0.02332	0.00451	0.00460	0.00776	0.00319	0.00314
10	0.02819	0.04927	0.21979	0.00874	0.01189	0.00809	0.00867	0.07033	0.01178	0.03390	0.12212	0.15894	0.12117	0.05099	0.00620	0.00177	0.00439	0.00736	0.07079	0.00562
11	0.01199	0.08203	0.05260	0.02969	0.04177	0.01052	0.06045	0.18644	0.04186	0.05857	0.03229	0.25937	0.01706	0.00886	0.00586	0.00169	0.04448	0.01886	0.02937	0.00626
12	0.00647	0.00466	0.00621	0.00731	0.00784	0.00440	0.00529	0.00765	0.01002	0.01321	0.02830	0.62911	0.06671	0.01510	0.00645	0.00206	0.00322	0.16720	0.00462	0.00417
13	0.00883	0.00552	0.00685	0.00631	0.00797	0.00490	0.00480	0.01074	0.01313	0.12722	0.43317	0.07385	0.25655	0.01058	0.00578	0.00162	0.00269	0.00912	0.00530	0.00506
14	0.01391	0.01245	0.01663	0.06480	0.25121	0.07870	0.08948	0.08540	0.24352	0.07191	0.01346	0.01438	0.01020	0.00545	0.00505	0.00156	0.00573	0.00488	0.00372	0.00755
15	0.03737	0.14305	0.07118	0.01231	0.08522	0.22903	0.00967	0.01851	0.01241	0.23462	0.01232	0.04242	0.00971	0.00592	0.00503	0.00145	0.03652	0.02282	0.00360	0.00683
16	0.09710	0.01410	0.02013	0.06292	0.12621	0.15754	0.30239	0.01643	0.04925	0.01564	0.00934	0.01195	0.00741	0.00504	0.00611	0.00161	0.08307	0.00464	0.00265	0.00645
17	0.00711	0.00512	0.00684	0.00684	0.00742	0.00558	0.00484	0.00816	0.00787	0.01091	0.01611	0.02615	0.05294	0.34851	0.45659	0.00644	0.00944	0.00635	0.00291	0.00387
18	0.00629	0.00464	0.00561	0.00619	0.00683	0.00426	0.00417	0.00722	0.00993	0.01292	0.08525	0.45063	0.21442	0.14668	0.00932	0.00237	0.00308	0.01179	0.00443	0.00397
19	0.00784	0.00688	0.01041	0.00935	0.01141	0.00643	0.13571	0.01042	0.04024	0.01474	0.04993	0.06800	0.34538	0.01139	0.00619	0.00189	0.00424	0.25037	0.00430	0.00490
20	0.01034	0.01020	0.01740	0.56706	0.13332	0.02839	0.10622	0.01359	0.01037	0.01356	0.00897	0.01300	0.00691	0.00495	0.00548	0.00165	0.03570	0.00458	0.00229	0.00600
21	0.01423	0.02827	0.01102	0.05044	0.01250	0.02913	0.00750	0.18914	0.01421	0.19758	0.04095	0.13634	0.04225	0.00821	0.00593	0.00163	0.06232	0.04081	0.10108	0.00647
22	0.01033	0.00852	0.01043	0.00869	0.03842	0.00729	0.02513	0.05428	0.06249	0.03140	0.04299	0.10974	0.07038	0.00639	0.00453	0.00116	0.00378	0.00546	0.00365	0.49495
23	0.06861	0.04901	0.10378	0.01006	0.03071	0.04815	0.05580	0.10970	0.01261	0.01803	0.16378	0.06389	0.03240	0.01171	0.12016	0.00248	0.00606	0.03139	0.05589	0.00579
24	0.03264	0.02900	0.02314	0.00824	0.01073	0.02594	0.00649	0.11066	0.09382	0.11076	0.08484	0.18688	0.05715	0.05823	0.00641	0.00175	0.00399	0.02577	0.00447	0.11909

[dist]
# distance from previous block
# <min> <max>
5	20

[block]
# block no. 6 follows, 50 sequences, length 18
# corresponding to MSA columns:
# 659-676
name=unknown_G
#
# <colnr> <probs for GDERKNQSTAVLIFYWHMCP>
#	G	D	E	R	K	N	Q	S	T	A	V	L	I	F	Y	W	H	M	C	P
0	0.01086	0.12503	0.37122	0.01248	0.08133	0.01079	0.01258	0.02849	0.01152	0.06646	0.12058	0.04461	0.05281	0.00627	0.00482	0.00150	0.00557	0.00514	0.00316	0.02479
1	0.01209	0.06790	0.04298	0.02860	0.29323	0.02594	0.04083	0.03397	0.04399	0.06949	0.02748	0.01478	0.03510	0.00765	0.06569	0.00188	0.02225	0.00459	0.04790	0.11364
2	0.04006	0.11184	0.10108	0.02044	0.02464	0.05321	0.06329	0.01364	0.04799	0.01586	0.10251	0.04982	0.04294	0.00710	0.02854	0.00155	0.03142	0.00508	0.06645	0.17255
3	0.01234	0.15220	0.05761	0.00934	0.02682	0.04593	0.02658	0.04051	0.01124	0.16024	0.03035	0.16794	0.01572	0.06570	0.09185	0.00245	0.00573	0.03633	0.00380	0.03731
4	0.00877	0.00644	0.00760	0.00716	0.00791	0.00711	0.00495	0.05479	0.09833	0.01301	0.01514	0.02584	0.01542	0.47081	0.15736	0.00456	0.04907	0.00632	0.03506	0.00434
5	0.01220	0.10658	0.04025	0.05371	0.04562	0.14385	0.09068	0.08445	0.06764	0.03180	0.03317	0.09880	0.12552	0.02492	0.00554	0.00162	0.00560	0.01847	0.00355	0.00603
6	0.00840	0.00674	0.02411	0.02776	0.01002	0.00619	0.00625	0.01067	0.04375	0.04227	0.12703	0.25038	0.10533	0.02441	0.00657	0.00176	0.04631	0.10714	0.00428	0.14062
7	0.01082	0.00972	0.01056	0.00770	0.01202	0.05290	0.00612	0.01298	0.01056	0.01601	0.00879	0.01026	0.00733	0.00378	0.00374	0.00077	0.00400	0.00297	0.00293	0.80607
8	0.01299	0.31890	0.23810	0.01260	0.06135	0.10932	0.03716	0.04838	0.05695	0.01478	0.00886	0.01015	0.00713	0.00480	0.00442	0.00135	0.02214	0.00351	0.00252	0.02458
9	0.00609	0.00468	0.00554	0.00611	0.00700	0.00417	0.00425	0.00718	0.01048	0.01337	0.08278	0.44519	0.33375	0.03704	0.00669	0.00194	0.00277	0.01221	0.00463	0.00412
10	0.01475	0.49332	0.05236	0.02779	0.01447	0.27363	0.00946	0.01644	0.01136	0.01207	0.00729	0.00862	0.00641	0.00471	0.00411	0.00120	0.03056	0.00297	0.00228	0.00619
11	0.00707	0.00508	0.00637	0.00690	0.00781	0.00477	0.00501	0.02209	0.02362	0.03049	0.12452	0.43947	0.16847	0.03378	0.00667	0.00198	0.00308	0.09364	0.00473	0.00442
12	0.01245	0.01103	0.04214	0.18692	0.23022	0.01113	0.08635	0.07986	0.03955	0.08148	0.01156	0.04303	0.00941	0.00567	0.00570	0.00158	0.05226	0.01898	0.00316	0.06754
13	0.02712	0.08192	0.07017	0.01097	0.05419	0.00909	0.07720	0.01752	0.06005	0.30669	0.05499	0.13294	0.01593	0.03983	0.00595	0.00173	0.00474	0.01765	0.00448	0.00685
14	0.00610	0.00469	0.00560	0.00627	0.00716	0.00419	0.00443	0.00721	0.01044	0.01328	0.05617	0.47114	0.32886	0.01424	0.00619	0.00189	0.00280	0.04054	0.00465	0.00415
15	0.02835	0.01034	0.03884	0.01129	0.09015	0.05258	0.02974	0.15685	0.06956	0.12258	0.06833	0.09691	0.16150	0.02019	0.00578	0.00166	0.01753	0.00689	0.00442	0.00651
16	0.02721	0.05180	0.04700	0.08255	0.23622	0.08536	0.14999	0.08432	0.01260	0.06322	0.02662	0.06201	0.01044	0.00623	0.01790	0.00166	0.00641	0.01848	0.00312	0.00684
17	0.00975	0.00688	0.00955	0.02327	0.08206	0.00687	0.02090	0.02619	0.01145	0.11267	0.10165	0.19414	0.18980	0.01165	0.03269	0.00201	0.06683	0.08187	0.00438	0.00539

[dist]
# distance from previous block
# <min> <max>
10	15

[block]
# block no. 7 follows, 50 sequences, length 50
# corresponding to MSA columns:
# 693-723,725-738,740-744
name=unknown_H
#
# <colnr> <probs for GDERKNQSTAVLIFYWHMCP>
#	G	D	E	R	K	N	Q	S	T	A	V	L	I	F	Y	W	H	M	C	P
0	0.00683	0.00547	0.00614	0.00609	0.00760	0.00502	0.00462	0.00930	0.06574	0.01570	0.23921	0.07271	0.44858	0.02525	0.00624	0.00176	0.00277	0.06153	0.00485	0.00459
1	0.00758	0.00591	0.00844	0.00824	0.00896	0.00700	0.00638	0.00912	0.00825	0.01187	0.02930	0.03931	0.02937	0.10298	0.55969	0.00640	0.10435	0.02817	0.01424	0.00443
2	0.00861	0.00435	0.00646	0.00646	0.00646	0.00435	0.00429	0.00652	0.00652	0.00869	0.00888	0.01571	0.00896	0.04331	0.01967	0.82761	0.00435	0.00442	0.00219	0.00219
3	0.03840	0.01097	0.03795	0.16054	0.24560	0.02710	0.07778	0.01577	0.14062	0.01588	0.03771	0.04968	0.01129	0.03055	0.00668	0.00175	0.07673	0.00531	0.00306	0.00660
4	0.00711	0.00509	0.00645	0.00621	0.00743	0.00463	0.00462	0.00916	0.01330	0.03419	0.59824	0.10902	0.15407	0.01095	0.00591	0.00163	0.00246	0.00962	0.00530	0.00465
5	0.01862	0.02376	0.01413	0.01284	0.01541	0.80482	0.00963	0.01990	0.01413	0.01220	0.00770	0.00899	0.00642	0.00514	0.00449	0.00128	0.00899	0.00321	0.00257	0.00578
6	0.00722	0.00518	0.00633	0.00629	0.00662	0.00541	0.00411	0.00780	0.00820	0.01110	0.06235	0.08623	0.07063	0.51629	0.13398	0.00458	0.04316	0.00764	0.00329	0.00359
7	0.01340	0.66256	0.10602	0.00982	0.03051	0.01837	0.00978	0.07494	0.01124	0.01380	0.00759	0.00866	0.00658	0.00445	0.00354	0.00116	0.00557	0.00295	0.00236	0.00669
8	0.00985	0.00921	0.01567	0.65611	0.12777	0.01096	0.03887	0.01312	0.01022	0.01352	0.00926	0.01339	0.00708	0.00492	0.00495	0.00162	0.00644	0.00449	0.03671	0.00583
9	0.00707	0.00476	0.00549	0.00567	0.00571	0.00471	0.00327	0.00720	0.00760	0.01014	0.01752	0.15426	0.02041	0.70007	0.02244	0.00440	0.00453	0.00832	0.00327	0.00318
10	0.01117	0.01106	0.02430	0.01203	0.01291	0.03185	0.00994	0.01532	0.18643	0.01416	0.01189	0.01442	0.04665	0.00833	0.01284	0.00202	0.56082	0.00492	0.00297	0.00598
11	0.01087	0.01277	0.06398	0.05096	0.02382	0.01144	0.61197	0.01472	0.01142	0.01545	0.01289	0.08750	0.03577	0.00557	0.00583	0.00171	0.00759	0.00662	0.00275	0.00638
12	0.01285	0.70201	0.06296	0.00898	0.01300	0.01847	0.00900	0.01465	0.00999	0.01220	0.00734	0.00870	0.00663	0.00465	0.00419	0.00117	0.06108	0.00290	0.03292	0.00632
13	0.00700	0.00483	0.00588	0.00636	0.00665	0.00473	0.00418	0.00759	0.00860	0.01136	0.02154	0.24967	0.04930	0.46524	0.01699	0.00361	0.00420	0.11499	0.00373	0.00356
14	0.00941	0.00886	0.01495	0.81285	0.03433	0.01107	0.01384	0.01274	0.00997	0.01274	0.00886	0.01329	0.00664	0.00498	0.00498	0.00166	0.00664	0.00443	0.00221	0.00554
15	0.01362	0.78273	0.02545	0.00877	0.01294	0.06375	0.00859	0.01520	0.01035	0.01175	0.00697	0.00805	0.00640	0.00431	0.00327	0.00108	0.00554	0.00270	0.00216	0.00636
16	0.01296	0.04142	0.16087	0.01818	0.18201	0.01190	0.23780	0.06484	0.08602	0.09089	0.01214	0.03744	0.00937	0.00523	0.00519	0.00159	0.00643	0.00513	0.00323	0.00738
17	0.00650	0.00528	0.00569	0.00564	0.00720	0.00469	0.00424	0.00855	0.04651	0.01503	0.17514	0.08005	0.56314	0.01195	0.00584	0.00168	0.00261	0.02300	0.02281	0.00447
18	0.00711	0.00524	0.00684	0.00759	0.00867	0.00498	0.00613	0.00892	0.01137	0.01479	0.12122	0.21000	0.17692	0.01351	0.00647	0.00204	0.00358	0.37550	0.00471	0.00442
19	0.00678	0.00560	0.02718	0.00586	0.00742	0.00467	0.00460	0.00876	0.01260	0.01700	0.40372	0.03990	0.36182	0.01080	0.00570	0.00159	0.00256	0.00923	0.05965	0.00456
20	0.08193	0.11724	0.08243	0.01392	0.12428	0.13462	0.03211	0.25284	0.05297	0.03182	0.01041	0.02503	0.00818	0.00537	0.00456	0.00144	0.00604	0.00412	0.00346	0.00723
21	0.02078	0.00908	0.01167	0.00908	0.01281	0.00839	0.00746	0.10314	0.06400	0.63888	0.02001	0.01766	0.04033	0.00642	0.00505	0.00155	0.00429	0.00520	0.00592	0.00829
22	0.00679	0.00521	0.00591	0.00594	0.00740	0.00464	0.00455	0.00830	0.01148	0.03055	0.15363	0.04489	0.49797	0.06314	0.03292	0.00214	0.00328	0.10229	0.00462	0.00435
23	0.01244	0.04856	0.25460	0.04081	0.06303	0.01234	0.01194	0.10385	0.29031	0.04580	0.01466	0.01526	0.02552	0.00598	0.00514	0.00161	0.02192	0.01500	0.00374	0.00751
24	0.01070	0.01059	0.01647	0.55181	0.16924	0.06023	0.05393	0.01400	0.02138	0.01370	0.00911	0.01287	0.00704	0.00485	0.00497	0.00159	0.00665	0.00442	0.00235	0.02410
25	0.01045	0.00982	0.01666	0.37336	0.27643	0.01074	0.07153	0.03606	0.01099	0.01476	0.01212	0.07656	0.03045	0.00599	0.00521	0.00164	0.00607	0.02215	0.00270	0.00631
26	0.00646	0.00485	0.00555	0.00580	0.00665	0.00442	0.00396	0.00743	0.01012	0.01296	0.11015	0.21829	0.31865	0.23264	0.01128	0.00261	0.00326	0.02674	0.00428	0.00391
27	0.17900	0.62601	0.02182	0.00837	0.01231	0.05906	0.00797	0.01513	0.01002	0.01383	0.00697	0.00807	0.00620	0.00438	0.00324	0.00117	0.00523	0.00270	0.00234	0.00617
28	0.01366	0.25320	0.25056	0.01176	0.05951	0.01348	0.01153	0.11871	0.02855	0.11089	0.04269	0.01272	0.02236	0.00529	0.00441	0.00139	0.00563	0.00405	0.00327	0.02634
29	0.01722	0.04960	0.03238	0.01240	0.03251	0.47526	0.00957	0.18204	0.06920	0.01700	0.00977	0.01117	0.00788	0.03182	0.00549	0.00149	0.02163	0.00382	0.00324	0.00652
30	0.02194	0.00858	0.01155	0.00892	0.01273	0.00754	0.00735	0.02439	0.04711	0.76410	0.01969	0.01704	0.01246	0.00619	0.00502	0.00155	0.00423	0.00504	0.00612	0.00846
31	0.52738	0.01015	0.02626	0.00840	0.03197	0.01063	0.00681	0.08862	0.01148	0.22025	0.01076	0.01088	0.00754	0.00514	0.00384	0.00154	0.00424	0.00352	0.00401	0.00658
32	0.01025	0.02484	0.74828	0.01441	0.03970	0.01159	0.01791	0.03592	0.01094	0.01627	0.02012	0.01098	0.00699	0.00484	0.00476	0.00157	0.00721	0.00380	0.00224	0.00737
33	0.00797	0.00488	0.00582	0.00630	0.00718	0.00468	0.00447	0.00977	0.03335	0.04661	0.02479	0.43145	0.07669	0.02728	0.00572	0.00176	0.00285	0.02669	0.26720	0.00453
34	0.00741	0.00524	0.00678	0.00740	0.00817	0.00513	0.00573	0.00886	0.01033	0.01362	0.09784	0.12355	0.06871	0.24279	0.01191	0.00288	0.00416	0.36116	0.00424	0.00408
35	0.02748	0.01079	0.04262	0.45583	0.24191	0.01163	0.07277	0.03651	0.01084	0.01480	0.00911	0.01276	0.00708	0.00485	0.00520	0.00161	0.02090	0.00449	0.00240	0.00642
36	0.00869	0.00820	0.03149	0.05079	0.01410	0.00820	0.20268	0.01078	0.00954	0.01329	0.04742	0.14965	0.01613	0.15976	0.15553	0.00347	0.06963	0.00723	0.02850	0.00492
37	0.00636	0.00474	0.00594	0.00678	0.00753	0.00437	0.00490	0.00752	0.01022	0.01316	0.03265	0.49357	0.21817	0.03611	0.00683	0.00206	0.00311	0.12727	0.00458	0.00414
38	0.00605	0.00443	0.00569	0.00671	0.00717	0.00407	0.00452	0.00697	0.00977	0.01282	0.03032	0.72604	0.12667	0.01525	0.00630	0.00198	0.00285	0.01372	0.00463	0.00407
39	0.01183	0.01303	0.07870	0.03815	0.15173	0.09975	0.25828	0.01511	0.03427	0.04320	0.02820	0.01673	0.03897	0.08120	0.04462	0.00216	0.00704	0.00539	0.02536	0.00630
40	0.00862	0.00808	0.01390	0.02453	0.02466	0.02166	0.24150	0.03203	0.01081	0.01432	0.02187	0.45066	0.06968	0.01103	0.00625	0.00186	0.01909	0.01048	0.00384	0.00513
41	0.00795	0.00570	0.00792	0.00900	0.01016	0.00567	0.00784	0.01021	0.01152	0.01498	0.04243	0.05560	0.05171	0.01366	0.00684	0.00226	0.00448	0.72288	0.00461	0.00458
42	0.00777	0.02529	0.04071	0.03489	0.01032	0.00705	0.00694	0.02678	0.00859	0.01229	0.01298	0.01902	0.01200	0.06147	0.66741	0.00700	0.01202	0.00522	0.01756	0.00469
43	0.00867	0.01030	0.13158	0.01097	0.08675	0.04630	0.02350	0.01199	0.08506	0.01471	0.04274	0.32343	0.14302	0.01061	0.00567	0.00177	0.00436	0.02912	0.00395	0.00550
44	0.01079	0.01031	0.01479	0.56759	0.09252	0.05605	0.01275	0.02920	0.12746	0.01456	0.01062	0.01375	0.00806	0.00523	0.00497	0.00163	0.00629	0.00455	0.00274	0.00615
45	0.01305	0.01103	0.01164	0.01028	0.01321	0.01270	0.00805	0.10155	0.70860	0.02191	0.01946	0.01793	0.01454	0.00668	0.00506	0.00167	0.00410	0.00552	0.00506	0.00795
46	0.01654	0.26116	0.09111	0.01099	0.04808	0.08364	0.03622	0.04412	0.01252	0.28485	0.01208	0.01206	0.00867	0.00508	0.00434	0.00133	0.00552	0.00389	0.00373	0.05405
47	0.01512	0.01071	0.03818	0.00906	0.01330	0.00940	0.00760	0.21009	0.04253	0.18472	0.01234	0.01245	0.00895	0.00494	0.00438	0.00116	0.00440	0.00390	0.00420	0.40255
48	0.00866	0.00433	0.00649	0.00649	0.00649	0.00433	0.00433	0.00649	0.00649	0.00866	0.00866	0.01515	0.00866	0.01732	0.01948	0.85498	0.00433	0.00433	0.00216	0.00216
49	0.01707	0.01284	0.12032	0.02557	0.03923	0.04205	0.16743	0.07279	0.02655	0.37846	0.03646	0.01512	0.01085	0.00557	0.00515	0.00157	0.00582	0.00500	0.00445	0.00768

[dist]
# distance from previous block
# <min> <max>
1	2

[block]
# block no. 8 follows, 50 sequences, length 16
# corresponding to MSA columns:
# 747-762
name=unknown_I
#
# <colnr> <probs for GDERKNQSTAVLIFYWHMCP>
#	G	D	E	R	K	N	Q	S	T	A	V	L	I	F	Y	W	H	M	C	P
0	0.01085	0.04035	0.13717	0.00940	0.01250	0.00995	0.00853	0.07331	0.29105	0.03286	0.16048	0.05597	0.05147	0.00842	0.02950	0.00179	0.00447	0.00625	0.04906	0.00662
1	0.01825	0.01346	0.01440	0.01116	0.01499	0.01492	0.00918	0.70905	0.06572	0.03039	0.01258	0.01256	0.00900	0.00602	0.00494	0.00150	0.00529	0.00456	0.03371	0.00831
2	0.01705	0.01974	0.01327	0.01182	0.01453	0.55999	0.00901	0.11100	0.10794	0.01564	0.01264	0.01315	0.06098	0.00594	0.00472	0.00139	0.00752	0.00415	0.00330	0.00625
3	0.01023	0.00895	0.01140	0.00828	0.01255	0.00692	0.05749	0.01252	0.01039	0.01606	0.00982	0.04871	0.00860	0.00429	0.00396	0.00086	0.00397	0.00368	0.00300	0.75831
4	0.00674	0.00534	0.00592	0.00581	0.00718	0.00489	0.00423	0.00890	0.05807	0.01515	0.23610	0.08225	0.42774	0.10005	0.00798	0.00201	0.00284	0.00967	0.00470	0.00442
5	0.01216	0.00935	0.01057	0.00815	0.01194	0.00846	0.00650	0.09699	0.14805	0.05965	0.01239	0.01301	0.00959	0.00478	0.00412	0.00106	0.00384	0.00384	0.07579	0.49973
6	0.01057	0.00577	0.00759	0.00715	0.00859	0.00549	0.00531	0.01198	0.01080	0.20084	0.11856	0.17366	0.07444	0.15138	0.14362	0.00330	0.00525	0.03103	0.01953	0.00513
7	0.05286	0.00832	0.00898	0.00823	0.01016	0.04737	0.00630	0.07346	0.16956	0.08179	0.23816	0.15354	0.05046	0.03004	0.00613	0.00176	0.01658	0.02558	0.00485	0.00588
8	0.01072	0.18049	0.61672	0.01340	0.02006	0.01320	0.04868	0.01563	0.01050	0.01501	0.00860	0.01016	0.00638	0.00462	0.00449	0.00148	0.00702	0.00358	0.00213	0.00715
9	0.00605	0.00478	0.00546	0.00588	0.00698	0.00419	0.00419	0.00725	0.01088	0.01370	0.10107	0.34614	0.43862	0.01358	0.00607	0.00181	0.00265	0.01181	0.00470	0.00419
10	0.01127	0.01076	0.01831	0.31532	0.51733	0.01156	0.01477	0.01436	0.01085	0.01499	0.00919	0.01268	0.00744	0.00464	0.00495	0.00155	0.00618	0.00444	0.00238	0.00704
11	0.01175	0.24824	0.29941	0.01430	0.01961	0.01450	0.22137	0.03891	0.01098	0.01494	0.00864	0.01067	0.00676	0.00473	0.00531	0.00149	0.05515	0.00406	0.00232	0.00684
12	0.04388	0.03365	0.03128	0.06978	0.03831	0.03485	0.01665	0.10885	0.07167	0.21090	0.04650	0.11909	0.07222	0.03405	0.03020	0.00192	0.00485	0.02038	0.00447	0.00653
13	0.00924	0.00536	0.00643	0.00614	0.00767	0.00491	0.00469	0.01117	0.01213	0.11374	0.24824	0.10295	0.18186	0.00974	0.00527	0.00156	0.00277	0.04416	0.21699	0.00499
14	0.01033	0.03814	0.23680	0.27033	0.20923	0.01125	0.04158	0.01438	0.03031	0.01492	0.03014	0.05091	0.00936	0.00541	0.00497	0.00159	0.00634	0.00483	0.00252	0.00665
15	0.03882	0.01092	0.01784	0.28173	0.48242	0.01176	0.01421	0.05433	0.01144	0.01612	0.00927	0.01249	0.00744	0.00470	0.00489	0.00154	0.00607	0.00438	0.00254	0.00708

[dist]
# distance from previous block
# <min> <max>
1	7

[block]
