[name]
unknown

[dist]
# distance from previous block
# <min> <max>
2	24

[block]
# block no. 0 follows, 50 sequences, length 7
# corresponding to MSA columns:
# 28-34
name=unknown_A
#
# <colnr> <probs for GDERKNQSTAVLIFYWHMCP>
#	G	D	E	R	K	N	Q	S	T	A	V	L	I	F	Y	W	H	M	C	P
0	0.08379	0.00732	0.00908	0.03910	0.08559	0.02206	0.00661	0.06074	0.01264	0.04386	0.31507	0.18462	0.05860	0.00938	0.00541	0.00161	0.00355	0.00817	0.00449	0.03830
1	0.01704	0.01200	0.01322	0.01132	0.05667	0.05687	0.00864	0.36570	0.10355	0.16991	0.08210	0.01563	0.01313	0.00624	0.00499	0.00148	0.00495	0.00496	0.00489	0.04671
2	0.05277	0.01294	0.01437	0.01130	0.01465	0.01469	0.00933	0.57084	0.04590	0.07135	0.01172	0.01217	0.00853	0.00635	0.00649	0.00160	0.11806	0.00446	0.00459	0.00791
3	0.00863	0.00686	0.00794	0.07891	0.01097	0.00684	0.00601	0.14397	0.01304	0.01650	0.03480	0.18048	0.41417	0.01136	0.00577	0.00173	0.00356	0.03890	0.00447	0.00507
4	0.00777	0.00579	0.00753	0.06003	0.01023	0.00583	0.00618	0.07677	0.01129	0.01483	0.02646	0.50490	0.08666	0.01351	0.00620	0.00197	0.00363	0.14128	0.00450	0.00465
5	0.01328	0.01214	0.01960	0.10791	0.41934	0.01262	0.12223	0.16883	0.04081	0.01907	0.01033	0.01274	0.00809	0.00486	0.00509	0.00154	0.00620	0.00470	0.00305	0.00759
6	0.05261	0.05518	0.01541	0.01505	0.18998	0.06457	0.04779	0.22212	0.07004	0.07437	0.01310	0.09587	0.01115	0.00630	0.00490	0.00150	0.00533	0.00533	0.00386	0.04554

[dist]
# distance from previous block
# <min> <max>
2	17

[block]
# block no. 1 follows, 50 sequences, length 7
# corresponding to MSA columns:
# 52-58
name=unknown_B
#
# <colnr> <probs for GDERKNQSTAVLIFYWHMCP>
#	G	D	E	R	K	N	Q	S	T	A	V	L	I	F	Y	W	H	M	C	P
0	0.01442	0.01081	0.05059	0.04188	0.10888	0.00996	0.15454	0.07943	0.09163	0.21314	0.02992	0.01628	0.03534	0.00566	0.00502	0.00151	0.00525	0.00517	0.07470	0.04585
1	0.03682	0.01072	0.01370	0.15573	0.05810	0.07584	0.08201	0.12595	0.01292	0.05889	0.03939	0.02879	0.08227	0.00658	0.00561	0.03084	0.01708	0.02015	0.00345	0.13517
2	0.03007	0.06259	0.01472	0.10440	0.16820	0.25893	0.01037	0.07600	0.04275	0.01548	0.01239	0.05657	0.02587	0.00642	0.00490	0.00151	0.00638	0.06904	0.00311	0.03032
3	0.01118	0.01018	0.01693	0.19690	0.40322	0.01052	0.06313	0.03822	0.01169	0.03802	0.05500	0.01786	0.09376	0.00582	0.00516	0.00156	0.00563	0.00544	0.00299	0.00677
4	0.00749	0.00769	0.08502	0.00812	0.01011	0.00590	0.06992	0.00987	0.01225	0.01692	0.42016	0.11747	0.13111	0.06704	0.00718	0.00187	0.00359	0.00886	0.00454	0.00488
5	0.01024	0.00958	0.03070	0.30031	0.09191	0.06090	0.03431	0.03967	0.02607	0.01456	0.01236	0.01589	0.03588	0.01141	0.15224	0.00273	0.02918	0.00481	0.11162	0.00564
6	0.00701	0.00480	0.00557	0.00572	0.00590	0.00475	0.00342	0.00727	0.00783	0.01038	0.01924	0.13848	0.06575	0.63503	0.05475	0.00440	0.00480	0.00829	0.00332	0.00329

[dist]
# distance from previous block
# <min> <max>
9	18

[block]
# block no. 2 follows, 50 sequences, length 16
# corresponding to MSA columns:
# 77-92
name=unknown_C
#
# <colnr> <probs for GDERKNQSTAVLIFYWHMCP>
#	G	D	E	R	K	N	Q	S	T	A	V	L	I	F	Y	W	H	M	C	P
0	0.19491	0.05199	0.03933	0.03735	0.11266	0.10354	0.07622	0.09032	0.04295	0.03668	0.02627	0.02408	0.04082	0.00562	0.00485	0.00149	0.03261	0.00443	0.04172	0.03215
1	0.05888	0.20355	0.09268	0.05835	0.01642	0.29943	0.05730	0.05196	0.03709	0.01456	0.02436	0.01108	0.02050	0.00522	0.00469	0.00138	0.02987	0.00374	0.00270	0.00623
2	0.01018	0.00838	0.01152	0.08846	0.07311	0.02222	0.06064	0.08547	0.06928	0.03486	0.07701	0.10859	0.06380	0.16806	0.05642	0.00267	0.04320	0.00699	0.00368	0.00548
3	0.10430	0.01173	0.05937	0.09948	0.31578	0.01161	0.11637	0.01548	0.03429	0.06766	0.01103	0.01338	0.02968	0.00532	0.00597	0.00162	0.08253	0.00464	0.00285	0.00690
4	0.03753	0.16339	0.16849	0.06641	0.01540	0.01080	0.03960	0.04253	0.02600	0.08783	0.02421	0.10273	0.02161	0.00612	0.00451	0.00139	0.00507	0.00505	0.02902	0.14232
5	0.00715	0.00529	0.00768	0.00778	0.00865	0.00590	0.00601	0.00891	0.00888	0.01258	0.08860	0.05529	0.01805	0.06914	0.60005	0.00658	0.01083	0.06506	0.00318	0.00440
6	0.04063	0.10480	0.38760	0.01454	0.07622	0.09960	0.08715	0.02735	0.01123	0.01544	0.02943	0.02434	0.00868	0.00533	0.00500	0.00153	0.02497	0.02686	0.00250	0.00677
7	0.03223	0.19908	0.34531	0.03864	0.06564	0.15433	0.01314	0.01576	0.01130	0.01461	0.05892	0.01157	0.00908	0.00504	0.00441	0.00141	0.00669	0.00377	0.00246	0.00662
8	0.00671	0.00480	0.00614	0.00693	0.00732	0.00471	0.00469	0.00799	0.03618	0.01246	0.02409	0.54419	0.02809	0.18668	0.04326	0.00287	0.00388	0.06078	0.00422	0.00402
9	0.00746	0.00578	0.00665	0.00635	0.00790	0.00540	0.00481	0.05802	0.03674	0.01743	0.34043	0.09866	0.34418	0.01130	0.00586	0.00167	0.00277	0.02880	0.00501	0.00479
10	0.01120	0.00832	0.04622	0.04731	0.07179	0.00827	0.00769	0.07995	0.04343	0.08841	0.05453	0.05512	0.01376	0.01191	0.14040	0.00260	0.05860	0.00541	0.23921	0.00588
11	0.00879	0.03063	0.04624	0.00963	0.08045	0.00749	0.00688	0.05808	0.05711	0.01524	0.10760	0.11675	0.15071	0.15839	0.05408	0.00263	0.02372	0.05652	0.00393	0.00513
12	0.00619	0.00459	0.00580	0.00669	0.00734	0.00421	0.00468	0.00726	0.01015	0.01320	0.05138	0.59679	0.18543	0.01476	0.00629	0.00196	0.00291	0.06159	0.00465	0.00413
13	0.01063	0.01015	0.03331	0.39379	0.22632	0.01099	0.04630	0.03760	0.07533	0.01532	0.01195	0.03909	0.02841	0.00552	0.00503	0.00161	0.00593	0.00504	0.03127	0.00642
14	0.01280	0.40586	0.27436	0.01061	0.01561	0.03714	0.01156	0.03063	0.05496	0.06422	0.00989	0.03460	0.00809	0.00508	0.00409	0.00134	0.00587	0.00371	0.00269	0.00688
15	0.09230	0.03651	0.07313	0.01045	0.03695	0.05302	0.00872	0.22048	0.05784	0.19287	0.01369	0.03645	0.01035	0.00992	0.10527	0.00233	0.00617	0.00470	0.02170	0.00715

[dist]
# distance from previous block
# <min> <max>
0	2

[block]
# block no. 3 follows, 50 sequences, length 77
# corresponding to MSA columns:
# 95-171
name=unknown_D
#
# <colnr> <probs for GDERKNQSTAVLIFYWHMCP>
#	G	D	E	R	K	N	Q	S	T	A	V	L	I	F	Y	W	H	M	C	P
0	0.01368	0.13192	0.21468	0.01102	0.01543	0.16554	0.03116	0.07832	0.02276	0.07647	0.04964	0.01308	0.02909	0.00534	0.00449	0.00134	0.00608	0.00407	0.02085	0.10503
1	0.00633	0.00490	0.00578	0.00607	0.00717	0.00432	0.00431	0.00760	0.01093	0.01419	0.15542	0.34842	0.33001	0.03498	0.00653	0.00185	0.00274	0.01138	0.00466	0.03240
2	0.02750	0.06657	0.03746	0.03350	0.31775	0.10773	0.05929	0.11507	0.03213	0.01729	0.03264	0.04062	0.00994	0.02139	0.01681	0.00163	0.02357	0.00474	0.00303	0.03134
3	0.01327	0.76205	0.06979	0.00896	0.01336	0.03893	0.00912	0.01510	0.01025	0.01197	0.00706	0.00816	0.00639	0.00431	0.00332	0.00110	0.00554	0.00274	0.00214	0.00644
4	0.01341	0.22903	0.17347	0.01161	0.04580	0.11869	0.01072	0.11938	0.06598	0.03297	0.02025	0.02921	0.02465	0.00697	0.03341	0.00167	0.02372	0.02920	0.00311	0.00674
5	0.01303	0.27856	0.33136	0.01291	0.06364	0.14877	0.01302	0.01670	0.03336	0.03338	0.00871	0.00996	0.00686	0.00473	0.00423	0.00136	0.00673	0.00341	0.00240	0.00686
6	0.00653	0.00465	0.00576	0.00630	0.00672	0.00443	0.00413	0.00732	0.00932	0.01239	0.08428	0.41926	0.10100	0.25966	0.04246	0.00303	0.00380	0.01100	0.00413	0.00382
7	0.00943	0.00736	0.02495	0.11267	0.02757	0.00711	0.04201	0.07335	0.02450	0.06884	0.14359	0.19457	0.18212	0.02364	0.00598	0.00176	0.00398	0.02130	0.01991	0.00536
8	0.01133	0.05773	0.22934	0.07518	0.12190	0.07907	0.10015	0.07071	0.01210	0.01595	0.02929	0.06049	0.08632	0.00642	0.00510	0.00158	0.00626	0.02160	0.00297	0.00652
9	0.00651	0.00486	0.00572	0.00612	0.00687	0.00452	0.00414	0.00776	0.02912	0.01311	0.09770	0.35196	0.24015	0.18615	0.01020	0.00248	0.00318	0.01103	0.00437	0.00403
10	0.00646	0.00466	0.00588	0.00664	0.00718	0.00437	0.00458	0.00743	0.00978	0.01285	0.06208	0.49715	0.12458	0.14278	0.00934	0.00243	0.00328	0.08012	0.00441	0.00398
11	0.01389	0.06221	0.09881	0.03010	0.16835	0.07880	0.05443	0.12100	0.17033	0.06932	0.04149	0.01409	0.01074	0.00570	0.00536	0.00154	0.03815	0.00469	0.00363	0.00736
12	0.02794	0.32477	0.35559	0.01191	0.03118	0.05829	0.03176	0.05316	0.01122	0.01505	0.00848	0.00986	0.00669	0.00465	0.00412	0.00135	0.00638	0.00339	0.02735	0.00685
13	0.03406	0.00765	0.00941	0.00794	0.01054	0.00735	0.00631	0.09337	0.05576	0.33562	0.15058	0.08885	0.03301	0.00782	0.00508	0.00156	0.00363	0.01931	0.11543	0.00673
14	0.00996	0.00907	0.01402	0.29025	0.13615	0.01025	0.05215	0.04593	0.07124	0.01490	0.01598	0.11335	0.07500	0.00827	0.02673	0.00190	0.07056	0.02521	0.00316	0.00592
15	0.01339	0.06862	0.13511	0.07319	0.10605	0.03146	0.23255	0.15706	0.05556	0.04745	0.01072	0.01250	0.00801	0.00492	0.00505	0.00154	0.00664	0.00467	0.00314	0.02235
16	0.00924	0.00514	0.00565	0.00551	0.00681	0.00510	0.00416	0.03357	0.01099	0.04352	0.06153	0.07512	0.07924	0.00961	0.06350	0.00181	0.00335	0.00605	0.56532	0.00480
17	0.00678	0.00518	0.00599	0.00580	0.00723	0.00466	0.00437	0.00890	0.02877	0.01702	0.40518	0.04099	0.36830	0.01104	0.00578	0.00161	0.00250	0.02210	0.04325	0.00455
18	0.01455	0.01233	0.01386	0.01111	0.01410	0.07753	0.05305	0.35690	0.04244	0.02250	0.08858	0.04371	0.01294	0.00744	0.02529	0.00168	0.10092	0.00515	0.00409	0.09180
19	0.00825	0.04333	0.00950	0.00837	0.00980	0.02194	0.06725	0.06626	0.01135	0.01479	0.06641	0.42527	0.12430	0.04991	0.00686	0.00198	0.00386	0.05149	0.00430	0.00477
20	0.00638	0.00453	0.00599	0.00705	0.00740	0.00429	0.00484	0.00732	0.00955	0.01269	0.02636	0.67500	0.03126	0.08413	0.00803	0.00229	0.00323	0.09116	0.00449	0.00402
21	0.29817	0.14770	0.01444	0.05748	0.05474	0.14004	0.03036	0.09552	0.08708	0.01871	0.00921	0.01032	0.00727	0.00500	0.00401	0.00144	0.00550	0.00353	0.00314	0.00636
22	0.01088	0.01090	0.06976	0.15836	0.05901	0.02332	0.08324	0.03203	0.04756	0.03690	0.02441	0.01433	0.05049	0.00505	0.00479	0.00128	0.01876	0.00439	0.00303	0.34151
23	0.01245	0.16013	0.16256	0.08753	0.13913	0.15435	0.03058	0.02902	0.01153	0.03060	0.04066	0.04268	0.01940	0.01619	0.03142	0.00170	0.00665	0.01428	0.00272	0.00641
24	0.00826	0.00683	0.00913	0.02866	0.00934	0.00828	0.00648	0.00912	0.00827	0.01180	0.03719	0.20148	0.01775	0.26467	0.06807	0.00330	0.26809	0.00767	0.02133	0.00428
25	0.07792	0.01146	0.06451	0.11732	0.29796	0.01123	0.02654	0.06658	0.10907	0.07295	0.02792	0.01489	0.03591	0.00556	0.00510	0.00157	0.02269	0.00477	0.01892	0.00713
26	0.04973	0.00773	0.00952	0.00937	0.03605	0.06015	0.06614	0.02270	0.04148	0.01446	0.03935	0.40411	0.05317	0.06422	0.00716	0.00198	0.01942	0.02990	0.01845	0.04494
27	0.00684	0.00471	0.00567	0.00600	0.00622	0.00459	0.00371	0.00732	0.00851	0.01141	0.07060	0.27962	0.03949	0.48745	0.03317	0.00374	0.00419	0.00955	0.00371	0.00350
28	0.00690	0.00507	0.00645	0.00614	0.00736	0.00463	0.00459	0.00909	0.01369	0.01906	0.68717	0.05485	0.13524	0.01059	0.00589	0.00159	0.00238	0.00930	0.00537	0.00463
29	0.02556	0.05370	0.51277	0.01570	0.05584	0.04203	0.15550	0.02995	0.01103	0.01584	0.00900	0.01098	0.00665	0.00476	0.00519	0.00158	0.03044	0.00408	0.00229	0.00711
30	0.01550	0.00782	0.00986	0.00817	0.01092	0.00741	0.00648	0.06588	0.09750	0.38471	0.22597	0.04209	0.05226	0.03489	0.00599	0.00169	0.00371	0.00661	0.00560	0.00697
31	0.00623	0.00455	0.00583	0.00663	0.00720	0.00420	0.00455	0.00732	0.01026	0.01360	0.11687	0.59922	0.12835	0.03768	0.00680	0.00202	0.00287	0.02703	0.00468	0.00412
32	0.00645	0.00442	0.00563	0.00658	0.00705	0.00414	0.00446	0.00754	0.00981	0.01357	0.04078	0.67993	0.06491	0.01425	0.00600	0.00190	0.00280	0.01281	0.10284	0.00414
33	0.01462	0.05652	0.03168	0.05077	0.06701	0.12416	0.10608	0.25702	0.04332	0.05136	0.03767	0.03890	0.07400	0.00635	0.00505	0.00151	0.00590	0.00533	0.01586	0.00690
34	0.00718	0.00571	0.00710	0.00675	0.00818	0.00531	0.03351	0.03422	0.03797	0.01580	0.23790	0.19250	0.32266	0.05393	0.00693	0.00188	0.00304	0.01013	0.00472	0.00461
35	0.01359	0.06992	0.13304	0.08357	0.21270	0.21584	0.02624	0.05582	0.04307	0.01552	0.00922	0.01108	0.00735	0.00480	0.00460	0.00138	0.00670	0.00384	0.00267	0.07904
36	0.00866	0.00433	0.00649	0.00649	0.00649	0.00433	0.00433	0.00649	0.00649	0.00866	0.00866	0.01515	0.00866	0.01732	0.01948	0.85498	0.00433	0.00433	0.00216	0.00216
37	0.01158	0.00842	0.00960	0.04567	0.02685	0.02558	0.00692	0.01804	0.30660	0.12779	0.05817	0.10263	0.15353	0.00862	0.00531	0.00166	0.00380	0.02480	0.02977	0.02464
38	0.04486	0.12632	0.03132	0.01468	0.15900	0.17799	0.02911	0.12647	0.06296	0.03792	0.01111	0.01373	0.02143	0.02336	0.00603	0.00157	0.07262	0.02959	0.00319	0.00674
39	0.00957	0.00898	0.01514	0.72115	0.09565	0.01097	0.01370	0.01281	0.01001	0.01299	0.00906	0.01343	0.00695	0.00605	0.03245	0.00186	0.00682	0.00446	0.00225	0.00569
40	0.12100	0.01449	0.03052	0.02558	0.03261	0.12438	0.02729	0.46586	0.04053	0.02552	0.01091	0.01152	0.00804	0.00559	0.00465	0.00148	0.00576	0.00414	0.03267	0.00745
41	0.03710	0.03330	0.20215	0.03439	0.05572	0.04739	0.01050	0.13225	0.02966	0.09057	0.02916	0.05984	0.01995	0.00591	0.00470	0.00141	0.00533	0.02037	0.00353	0.17676
42	0.03836	0.13432	0.40793	0.01403	0.07726	0.06440	0.04713	0.05891	0.03272	0.06572	0.00976	0.01097	0.00722	0.00486	0.00456	0.00148	0.00662	0.00381	0.00271	0.00723
43	0.01046	0.00626	0.00759	0.00687	0.00863	0.02027	0.00521	0.03265	0.01318	0.17399	0.36882	0.11114	0.14111	0.04169	0.00640	0.00173	0.00311	0.00853	0.02696	0.00538
44	0.00815	0.00645	0.00844	0.08263	0.02628	0.00629	0.03136	0.01126	0.08136	0.04652	0.28689	0.05381	0.31153	0.00996	0.00569	0.00164	0.00331	0.00861	0.00468	0.00514
45	0.03964	0.08438	0.27396	0.01507	0.13942	0.05255	0.04710	0.13287	0.02702	0.07379	0.01065	0.02580	0.00828	0.02578	0.00546	0.00160	0.02198	0.00430	0.00309	0.00726
46	0.01548	0.01096	0.13611	0.01003	0.03552	0.02332	0.00883	0.05406	0.03241	0.37677	0.05439	0.14642	0.04348	0.00793	0.00528	0.00164	0.00458	0.02077	0.00490	0.00712
47	0.00714	0.00526	0.00761	0.00761	0.00836	0.00601	0.00573	0.00865	0.00789	0.01128	0.01372	0.02160	0.01334	0.15925	0.68441	0.00752	0.01203	0.00564	0.00272	0.00423
48	0.03424	0.01243	0.05687	0.05523	0.33957	0.01231	0.13647	0.10546	0.08119	0.01811	0.01147	0.01364	0.02496	0.00530	0.00576	0.00159	0.05650	0.00483	0.01678	0.00730
49	0.10813	0.03350	0.15200	0.09985	0.06227	0.01074	0.05465	0.11323	0.05982	0.12733	0.01402	0.09096	0.02608	0.01928	0.00521	0.00166	0.00537	0.00540	0.00370	0.00680
50	0.00721	0.00482	0.00545	0.00548	0.00549	0.00481	0.00307	0.00724	0.00731	0.00975	0.01605	0.05542	0.01855	0.80144	0.02482	0.00475	0.00478	0.00745	0.00307	0.00305
51	0.00721	0.00505	0.00609	0.00631	0.00738	0.00470	0.00454	0.02557	0.01120	0.03345	0.16661	0.32999	0.22539	0.02929	0.04205	0.00208	0.00325	0.01057	0.07479	0.00446
52	0.00775	0.01013	0.18546	0.00941	0.02680	0.00654	0.05334	0.01018	0.01077	0.02921	0.08220	0.32640	0.20013	0.01103	0.00577	0.00177	0.00418	0.00975	0.00399	0.00519
53	0.03634	0.40650	0.14133	0.01076	0.01497	0.24094	0.01035	0.06119	0.01206	0.01392	0.00776	0.00891	0.00649	0.00470	0.00391	0.00124	0.00666	0.00309	0.00244	0.00647
54	0.00612	0.00448	0.00577	0.00674	0.00725	0.00413	0.00461	0.00711	0.00993	0.01305	0.04825	0.68421	0.13069	0.01506	0.00630	0.00198	0.00288	0.03270	0.00465	0.00410
55	0.00808	0.00551	0.00689	0.00700	0.00824	0.00530	0.00543	0.03529	0.02541	0.03671	0.28008	0.18046	0.10499	0.01136	0.00584	0.00177	0.00310	0.16464	0.09910	0.00478
56	0.01106	0.00772	0.00867	0.00810	0.03252	0.00816	0.00604	0.12972	0.17653	0.03570	0.19207	0.03739	0.04639	0.00740	0.00479	0.00146	0.00331	0.00619	0.27074	0.00606
57	0.01702	0.00839	0.03354	0.00877	0.01191	0.00734	0.00740	0.04520	0.05238	0.48288	0.11073	0.02557	0.04937	0.00790	0.00539	0.00166	0.00412	0.10754	0.00560	0.00729
58	0.01128	0.01176	0.01909	0.03226	0.06555	0.03275	0.21226	0.01338	0.00916	0.01332	0.00788	0.01187	0.00703	0.00778	0.03082	0.00211	0.49869	0.00476	0.00231	0.00592
59	0.03743	0.01415	0.01190	0.01072	0.03877	0.25947	0.00805	0.15141	0.14587	0.04811	0.05619	0.01826	0.11592	0.00674	0.00489	0.00145	0.00559	0.00520	0.00401	0.05589
60	0.00946	0.03670	0.04932	0.02676	0.09804	0.07324	0.00822	0.01192	0.04487	0.01295	0.01296	0.06031	0.01224	0.08274	0.37161	0.00475	0.04588	0.00544	0.02736	0.00525
61	0.00886	0.00787	0.01124	0.01025	0.01070	0.01032	0.00826	0.01026	0.00781	0.01170	0.01032	0.01605	0.00994	0.05077	0.41796	0.00524	0.38017	0.00496	0.00246	0.00486
62	0.01166	0.00694	0.00836	0.00799	0.03239	0.00680	0.00587	0.05319	0.11446	0.17717	0.08682	0.18370	0.12648	0.00923	0.00523	0.00161	0.00334	0.00790	0.14487	0.00597
63	0.01216	0.05143	0.07231	0.07657	0.26149	0.05830	0.07273	0.05460	0.08040	0.01663	0.01073	0.01361	0.00879	0.00498	0.00475	0.00140	0.00578	0.02962	0.00294	0.16079
64	0.00837	0.00678	0.00820	0.04091	0.00991	0.03316	0.03330	0.02589	0.07193	0.02803	0.03851	0.21575	0.18089	0.16392	0.04990	0.00268	0.01960	0.04258	0.01502	0.00467
65	0.13893	0.00684	0.00778	0.00690	0.00898	0.00679	0.00539	0.03535	0.05687	0.13996	0.38799	0.02751	0.08215	0.00831	0.00510	0.00155	0.00306	0.00696	0.05794	0.00564
66	0.00673	0.00525	0.00606	0.00619	0.00751	0.00479	0.00470	0.00862	0.03374	0.01495	0.19861	0.09948	0.40030	0.06721	0.00735	0.00198	0.00300	0.11445	0.00471	0.00438
67	0.01432	0.28561	0.14048	0.02801	0.01536	0.11962	0.01036	0.14696	0.06010	0.04268	0.00994	0.01140	0.00797	0.00527	0.00460	0.00136	0.02940	0.01852	0.00308	0.04498
68	0.01236	0.01202	0.01766	0.07723	0.38986	0.08415	0.09654	0.05222	0.02686	0.01627	0.01130	0.01394	0.03061	0.00585	0.02158	0.00165	0.04446	0.00472	0.07387	0.00687
69	0.00616	0.00440	0.00570	0.00674	0.00712	0.00409	0.00451	0.00707	0.00962	0.01283	0.02838	0.73679	0.07947	0.03425	0.00672	0.00205	0.00290	0.01357	0.02358	0.00405
70	0.00679	0.00515	0.00627	0.00613	0.00741	0.00470	0.00459	0.00896	0.02942	0.01748	0.48859	0.10453	0.25209	0.01132	0.00593	0.00166	0.00253	0.02673	0.00515	0.00458
71	0.04179	0.02849	0.13152	0.03384	0.21054	0.06578	0.03187	0.11999	0.05344	0.07746	0.09929	0.01553	0.01286	0.01963	0.00546	0.00158	0.02038	0.00487	0.01864	0.00705
72	0.00919	0.00795	0.02442	0.02488	0.02562	0.03520	0.11903	0.03352	0.02522	0.03731	0.07381	0.39848	0.02296	0.01067	0.00643	0.00180	0.05719	0.00958	0.07156	0.00516
73	0.00749	0.00472	0.00566	0.00569	0.00570	0.00471	0.00333	0.00709	0.00717	0.00955	0.01465	0.05196	0.01668	0.64142	0.02365	0.17322	0.00468	0.00687	0.00290	0.00288
74	0.00943	0.00839	0.01250	0.07808	0.32444	0.00838	0.00960	0.02962	0.03407	0.01529	0.04242	0.08451	0.24748	0.02429	0.01981	0.00179	0.00460	0.02008	0.01922	0.00599
75	0.04390	0.00910	0.01057	0.02338	0.03495	0.03013	0.00663	0.04133	0.01128	0.08802	0.04044	0.06521	0.02606	0.00542	0.00451	0.00109	0.02294	0.00439	0.00350	0.52714
76	0.04754	0.27019	0.12917	0.03153	0.03329	0.04280	0.02162	0.02899	0.06435	0.07547	0.16188	0.02960	0.01584	0.00608	0.00448	0.00140	0.00498	0.00482	0.00347	0.02248

[dist]
# distance from previous block
# <min> <max>
0	20

[block]
# block no. 4 follows, 50 sequences, length 37
# corresponding to MSA columns:
# 193-209,213-232
name=unknown_E
#
# <colnr> <probs for GDERKNQSTAVLIFYWHMCP>
#	G	D	E	R	K	N	Q	S	T	A	V	L	I	F	Y	W	H	M	C	P
0	0.05660	0.04023	0.37593	0.01367	0.07321	0.05024	0.05885	0.04848	0.03994	0.07500	0.01129	0.01261	0.02178	0.00530	0.00515	0.00155	0.04066	0.00419	0.05835	0.00699
1	0.01100	0.34691	0.08450	0.01009	0.03959	0.03511	0.03205	0.01429	0.08369	0.01409	0.06111	0.09328	0.02946	0.00913	0.05989	0.00191	0.00562	0.05910	0.00314	0.00603
2	0.00979	0.02636	0.05947	0.09000	0.11879	0.03066	0.10955	0.02719	0.02874	0.03432	0.11083	0.16176	0.08979	0.00846	0.00549	0.00167	0.00492	0.04059	0.03584	0.00576
3	0.01178	0.02833	0.16311	0.08198	0.04430	0.16839	0.12509	0.02903	0.05339	0.02805	0.04350	0.06715	0.08803	0.00683	0.00540	0.00160	0.02030	0.02443	0.00315	0.00615
4	0.10216	0.02697	0.10602	0.24195	0.23312	0.04142	0.04729	0.02795	0.02603	0.03278	0.03153	0.02800	0.02325	0.00528	0.00480	0.00157	0.00599	0.00460	0.00276	0.00654
5	0.00761	0.00509	0.00636	0.00678	0.00733	0.00504	0.00466	0.04878	0.00967	0.01319	0.02160	0.40264	0.04013	0.17766	0.03357	0.09098	0.00390	0.04884	0.06221	0.00397
6	0.04021	0.04288	0.12060	0.03044	0.12308	0.18957	0.08926	0.14857	0.02713	0.05082	0.04117	0.01418	0.04876	0.00563	0.00489	0.00148	0.00650	0.00463	0.00331	0.00688
7	0.01406	0.03652	0.01385	0.02893	0.01379	0.26413	0.00940	0.03885	0.03604	0.06644	0.02501	0.06246	0.00971	0.00733	0.00918	0.00170	0.31557	0.00469	0.00300	0.03934
8	0.00647	0.00504	0.00587	0.00573	0.00710	0.00444	0.00427	0.00825	0.01263	0.01662	0.41182	0.07668	0.39406	0.01156	0.00591	0.00164	0.00246	0.00994	0.00505	0.00444
9	0.01091	0.01091	0.01527	0.01309	0.01309	0.01527	0.01091	0.01200	0.00763	0.01200	0.00654	0.01091	0.00654	0.00872	0.01636	0.00218	0.81570	0.00436	0.00218	0.00545
10	0.01358	0.33163	0.03999	0.01171	0.07546	0.15888	0.03953	0.03573	0.10600	0.02724	0.04165	0.01261	0.00996	0.02456	0.01709	0.01940	0.00595	0.00398	0.01864	0.00641
11	0.00697	0.00511	0.00631	0.00655	0.00761	0.00475	0.00474	0.00902	0.04445	0.03015	0.28209	0.33854	0.19323	0.01263	0.00604	0.00179	0.00275	0.02776	0.00496	0.00455
12	0.00611	0.00459	0.00559	0.00631	0.00701	0.00416	0.00432	0.00711	0.01012	0.01307	0.06249	0.53691	0.24625	0.05267	0.00711	0.00204	0.00286	0.01262	0.00458	0.00407
13	0.05408	0.05185	0.07721	0.13283	0.15443	0.11218	0.01815	0.04565	0.01207	0.10886	0.08133	0.01581	0.03536	0.02063	0.00560	0.00158	0.03668	0.00478	0.02445	0.00646
14	0.01124	0.03354	0.04976	0.18463	0.30570	0.06246	0.07668	0.01428	0.02590	0.03121	0.01408	0.05210	0.07226	0.00670	0.02213	0.00172	0.00618	0.02009	0.00284	0.00651
15	0.00625	0.00489	0.00554	0.00595	0.00697	0.00440	0.00416	0.00758	0.02830	0.01318	0.05496	0.33978	0.40265	0.08257	0.00771	0.00208	0.00289	0.01148	0.00452	0.00414
16	0.00665	0.00499	0.00677	0.00820	0.05023	0.00469	0.00543	0.00791	0.01035	0.01379	0.09414	0.57906	0.09672	0.01413	0.00625	0.00195	0.00312	0.07665	0.00458	0.00437
17	0.01349	0.01450	0.13833	0.12503	0.21515	0.11419	0.01237	0.06664	0.07067	0.09711	0.01313	0.01448	0.04884	0.00565	0.00524	0.00155	0.02871	0.00462	0.00324	0.00706
18	0.00996	0.00692	0.00757	0.00695	0.00875	0.05741	0.00529	0.01208	0.03220	0.13820	0.34597	0.08476	0.23083	0.01057	0.01851	0.00171	0.00338	0.00859	0.00507	0.00527
19	0.00736	0.00571	0.00657	0.00637	0.00794	0.00527	0.00495	0.05852	0.01301	0.01689	0.28470	0.06098	0.39688	0.01160	0.00595	0.00171	0.00290	0.09308	0.00493	0.00469
20	0.01006	0.00856	0.01004	0.00735	0.01151	0.00647	0.00582	0.01218	0.01028	0.01601	0.01008	0.06332	0.00905	0.00447	0.00387	0.00082	0.00364	0.00369	0.00306	0.79970
21	0.00775	0.00559	0.00767	0.00875	0.00987	0.00551	0.00751	0.00987	0.01133	0.01466	0.02804	0.11159	0.07883	0.01383	0.00678	0.00224	0.00433	0.65673	0.00460	0.00453
22	0.01534	0.06360	0.01216	0.00903	0.01216	0.01139	0.00737	0.34429	0.09493	0.12716	0.01829	0.01849	0.09381	0.03786	0.00557	0.00160	0.00442	0.00532	0.11007	0.00714
23	0.04426	0.03879	0.01245	0.04197	0.08064	0.07479	0.02395	0.20478	0.09891	0.01885	0.01405	0.01781	0.04483	0.16046	0.00858	0.00206	0.00519	0.00507	0.02659	0.07595
24	0.02784	0.34614	0.23494	0.01349	0.12591	0.04487	0.02261	0.03605	0.02511	0.01498	0.05763	0.01156	0.00936	0.00492	0.00420	0.00135	0.00592	0.00377	0.00255	0.00681
25	0.00795	0.01969	0.00740	0.00706	0.00837	0.00544	0.02132	0.01024	0.05998	0.06153	0.19594	0.34756	0.17065	0.01251	0.02026	0.00188	0.00319	0.01056	0.02364	0.00484
26	0.00647	0.00477	0.00600	0.00672	0.00734	0.00451	0.00460	0.00802	0.04103	0.01377	0.11182	0.58391	0.11419	0.05328	0.00712	0.00206	0.00293	0.01255	0.00466	0.00424
27	0.00688	0.00520	0.00699	0.02798	0.03844	0.00496	0.00584	0.00833	0.01055	0.01385	0.07992	0.42865	0.13872	0.03117	0.00670	0.00203	0.00342	0.17150	0.00450	0.00439
28	0.01200	0.08618	0.15795	0.05230	0.08336	0.05160	0.23661	0.06054	0.05012	0.01605	0.02840	0.01272	0.00856	0.00593	0.02385	0.00173	0.08228	0.00467	0.00272	0.02244
29	0.01639	0.01138	0.03383	0.04275	0.06627	0.01143	0.07138	0.28483	0.10031	0.20845	0.03080	0.01608	0.03925	0.00611	0.00506	0.00155	0.00509	0.00514	0.03618	0.00772
30	0.00655	0.00475	0.00563	0.00605	0.00699	0.00432	0.00429	0.00791	0.01088	0.01461	0.15752	0.34678	0.26057	0.03939	0.00651	0.00186	0.00274	0.02543	0.08299	0.00424
31	0.01034	0.04754	0.13308	0.19447	0.06438	0.00994	0.01030	0.07125	0.09389	0.02679	0.04562	0.02012	0.14913	0.00746	0.00596	0.05730	0.00510	0.00556	0.00335	0.03840
32	0.05631	0.06155	0.08729	0.01373	0.13823	0.06329	0.01028	0.21432	0.11289	0.11894	0.01276	0.02786	0.00978	0.02751	0.00554	0.00161	0.02211	0.00459	0.00395	0.00748
33	0.01147	0.01173	0.05341	0.09148	0.10278	0.08075	0.19122	0.04671	0.01115	0.04346	0.01269	0.11618	0.01196	0.07848	0.03044	0.00215	0.07978	0.01517	0.00302	0.00597
34	0.00721	0.00497	0.00614	0.00614	0.00639	0.00522	0.00390	0.00770	0.00746	0.01019	0.01506	0.02904	0.01657	0.60881	0.23926	0.00570	0.00717	0.00673	0.00292	0.00341
35	0.01034	0.00886	0.01034	0.00738	0.01181	0.00664	0.00591	0.01255	0.01034	0.01624	0.00886	0.01034	0.00738	0.00369	0.00369	0.00074	0.00369	0.00295	0.00295	0.85530
36	0.00751	0.00590	0.00874	0.02975	0.00982	0.00709	0.00673	0.00921	0.00800	0.01157	0.01272	0.01911	0.01199	0.06091	0.68891	0.00723	0.08237	0.00530	0.00263	0.00452

[dist]
# distance from previous block
# <min> <max>
0	1

[block]
# block no. 5 follows, 50 sequences, length 6
# corresponding to MSA columns:
# 234-239
name=unknown_F
#
# <colnr> <probs for GDERKNQSTAVLIFYWHMCP>
#	G	D	E	R	K	N	Q	S	T	A	V	L	I	F	Y	W	H	M	C	P
0	0.00900	0.00791	0.00928	0.00952	0.05680	0.06856	0.00671	0.01061	0.03716	0.01311	0.09516	0.05442	0.12188	0.13612	0.13419	0.05850	0.12195	0.04108	0.00339	0.00465
1	0.04330	0.01221	0.01551	0.10784	0.35118	0.11253	0.01161	0.07176	0.07929	0.04274	0.06874	0.01542	0.03493	0.00563	0.00493	0.00151	0.00570	0.00486	0.00329	0.00699
2	0.01223	0.01359	0.13942	0.12625	0.15732	0.08740	0.07077	0.01504	0.01099	0.09450	0.01274	0.07894	0.03757	0.00655	0.00661	0.00167	0.11360	0.00536	0.00298	0.00649
3	0.33001	0.07433	0.01262	0.00920	0.01283	0.06345	0.04525	0.16333	0.05975	0.04933	0.00967	0.01045	0.00738	0.00492	0.00397	0.00138	0.00484	0.00353	0.00353	0.13024
4	0.01264	0.00945	0.01005	0.03276	0.01184	0.04889	0.00698	0.11221	0.28820	0.08241	0.01932	0.05240	0.07830	0.00866	0.02386	0.06724	0.00438	0.00577	0.09968	0.02495
5	0.02943	0.00847	0.01182	0.04299	0.02709	0.02620	0.05747	0.02899	0.00993	0.06549	0.06968	0.10738	0.01487	0.06419	0.10324	0.00273	0.24908	0.00621	0.06944	0.00531

[dist]
# distance from previous block
# <min> <max>
0	41

[block]
# block no. 6 follows, 50 sequences, length 11
# corresponding to MSA columns:
# 281-291
name=unknown_G
#
# <colnr> <probs for GDERKNQSTAVLIFYWHMCP>
#	G	D	E	R	K	N	Q	S	T	A	V	L	I	F	Y	W	H	M	C	P
0	0.01112	0.01455	0.28676	0.11686	0.01962	0.00955	0.14378	0.01492	0.01141	0.11398	0.08360	0.07336	0.03115	0.00634	0.00519	0.00162	0.00597	0.00575	0.03799	0.00650
1	0.20306	0.00839	0.01051	0.03482	0.01187	0.00894	0.07403	0.08625	0.02682	0.07987	0.13459	0.05487	0.06981	0.03249	0.06072	0.00213	0.03828	0.00594	0.05092	0.00568
2	0.00713	0.00529	0.00778	0.00778	0.00859	0.00610	0.00594	0.00875	0.00794	0.01140	0.01356	0.02075	0.01297	0.10823	0.73492	0.00772	0.01258	0.00551	0.00270	0.00432
3	0.00686	0.00540	0.00688	0.00678	0.00808	0.00497	0.02963	0.00887	0.03466	0.01553	0.25878	0.20083	0.28821	0.03714	0.00663	0.00186	0.00301	0.06659	0.00477	0.00450
4	0.04630	0.00845	0.01200	0.01062	0.01125	0.01091	0.03495	0.01075	0.00791	0.01223	0.00988	0.01583	0.00962	0.09039	0.29264	0.00441	0.39952	0.00494	0.00248	0.00493
5	0.01878	0.01882	0.01323	0.01153	0.01434	0.53167	0.00880	0.08915	0.01463	0.16938	0.01089	0.01211	0.00841	0.04959	0.00577	0.00155	0.00750	0.00390	0.00353	0.00641
6	0.00723	0.00532	0.00668	0.00729	0.00810	0.00518	0.00520	0.04969	0.04260	0.01486	0.09132	0.57830	0.08077	0.01397	0.00620	0.00194	0.00312	0.06296	0.00473	0.00455
7	0.00611	0.00451	0.00562	0.00647	0.00701	0.00413	0.00436	0.00700	0.00975	0.01267	0.03125	0.61746	0.18171	0.06781	0.00751	0.00214	0.00295	0.01300	0.00452	0.00401
8	0.01031	0.01110	0.10909	0.07556	0.06708	0.00949	0.24334	0.02745	0.05380	0.01424	0.01132	0.03828	0.00976	0.00974	0.04187	0.20992	0.00652	0.02914	0.01650	0.00550
9	0.00629	0.00499	0.00570	0.00605	0.00734	0.00440	0.00456	0.00768	0.01121	0.01400	0.10093	0.21059	0.47947	0.01320	0.00611	0.00182	0.00284	0.10386	0.00469	0.00426
10	0.00930	0.00705	0.00809	0.00790	0.00943	0.00725	0.00589	0.15132	0.09916	0.01721	0.02708	0.37330	0.15151	0.04564	0.00670	0.00197	0.00361	0.05761	0.00467	0.00531

[dist]
# distance from previous block
# <min> <max>
0	2

[block]
# block no. 7 follows, 50 sequences, length 32
# corresponding to MSA columns:
# 294-325
name=unknown_H
#
# <colnr> <probs for GDERKNQSTAVLIFYWHMCP>
#	G	D	E	R	K	N	Q	S	T	A	V	L	I	F	Y	W	H	M	C	P
0	0.01258	0.11940	0.32194	0.01692	0.20292	0.05756	0.02951	0.10734	0.01236	0.01701	0.00918	0.01096	0.00712	0.00492	0.00500	0.00148	0.03368	0.00389	0.01894	0.00729
1	0.00739	0.00554	0.00814	0.00805	0.00891	0.00652	0.00628	0.00917	0.00812	0.01196	0.01322	0.01917	0.01223	0.03454	0.73040	0.00741	0.04608	0.00526	0.04710	0.00450
2	0.01449	0.00948	0.03137	0.01332	0.11536	0.00862	0.14685	0.04860	0.02837	0.28492	0.05899	0.08267	0.06893	0.00695	0.00528	0.00159	0.00488	0.00636	0.05600	0.00697
3	0.01150	0.05198	0.01149	0.00775	0.01212	0.00788	0.00631	0.05852	0.01127	0.04933	0.00939	0.01059	0.00760	0.00396	0.00380	0.00083	0.00391	0.00311	0.00316	0.72551
4	0.01132	0.03297	0.02416	0.01183	0.05304	0.03724	0.14340	0.15972	0.03695	0.01792	0.04583	0.07025	0.14701	0.03593	0.03314	0.00193	0.02357	0.04881	0.01451	0.05048
5	0.00694	0.00491	0.00645	0.00695	0.00750	0.00476	0.02007	0.00796	0.00930	0.01256	0.02376	0.39863	0.05804	0.22563	0.04256	0.00296	0.00408	0.10456	0.04844	0.00396
6	0.02762	0.01013	0.05386	0.42869	0.07375	0.01081	0.06337	0.02617	0.12802	0.01544	0.02391	0.03594	0.01034	0.00584	0.00506	0.00166	0.00587	0.03106	0.03633	0.00614
7	0.02389	0.04863	0.28783	0.06069	0.15300	0.01267	0.01357	0.19822	0.01345	0.01903	0.00985	0.02183	0.00767	0.00617	0.02639	0.00171	0.05392	0.00419	0.00296	0.03433
8	0.01195	0.29195	0.20261	0.01254	0.01700	0.09645	0.15991	0.01492	0.01074	0.01353	0.00970	0.05183	0.00858	0.02969	0.04654	0.00184	0.00706	0.00443	0.00242	0.00631
9	0.00624	0.00498	0.00556	0.00573	0.00706	0.00436	0.00424	0.00763	0.01138	0.01428	0.15464	0.15923	0.50718	0.03741	0.00660	0.00184	0.00273	0.04994	0.00470	0.00424
10	0.00647	0.00471	0.00604	0.00687	0.00749	0.00440	0.00489	0.00762	0.01018	0.01338	0.07880	0.51320	0.12662	0.07040	0.00766	0.00218	0.00318	0.11723	0.00457	0.00412
11	0.04876	0.09853	0.04225	0.03207	0.02603	0.04461	0.10806	0.13056	0.10802	0.05319	0.03052	0.03830	0.01265	0.06214	0.03114	0.00203	0.04088	0.06745	0.01643	0.00640
12	0.00835	0.00530	0.00660	0.00694	0.00804	0.00490	0.00492	0.01004	0.04813	0.10828	0.03030	0.52091	0.17343	0.03100	0.00646	0.00195	0.00308	0.01180	0.00480	0.00478
13	0.00616	0.00498	0.00548	0.00552	0.00694	0.00430	0.00408	0.00761	0.01174	0.01477	0.20594	0.13263	0.54753	0.01244	0.00594	0.00170	0.00253	0.01061	0.00481	0.00430
14	0.00661	0.00516	0.00567	0.00583	0.00703	0.00470	0.00422	0.00811	0.03396	0.01328	0.06032	0.12320	0.45391	0.16358	0.00958	0.00234	0.00319	0.06983	0.01534	0.00413
15	0.01495	0.01751	0.08866	0.04883	0.04179	0.31623	0.15599	0.11560	0.03661	0.03280	0.01001	0.01196	0.00782	0.00768	0.06959	0.00200	0.00818	0.00430	0.00297	0.00652
16	0.03980	0.01101	0.01673	0.34575	0.34398	0.04876	0.01357	0.01462	0.03729	0.01473	0.00920	0.01255	0.00740	0.00506	0.00562	0.00160	0.05893	0.00436	0.00246	0.00659
17	0.00645	0.00459	0.00616	0.00727	0.00770	0.00436	0.00516	0.00753	0.00980	0.01300	0.02690	0.66454	0.03174	0.04211	0.00708	0.00216	0.00325	0.14153	0.00457	0.00411
18	0.00775	0.00549	0.00674	0.00668	0.00808	0.00510	0.00510	0.01014	0.04933	0.05589	0.33116	0.14981	0.23437	0.01161	0.00598	0.00175	0.00289	0.09228	0.00506	0.00481
19	0.01015	0.03353	0.05058	0.00932	0.03130	0.00845	0.03733	0.08148	0.10320	0.06125	0.12137	0.10731	0.21435	0.00964	0.00615	0.00171	0.04639	0.05623	0.00443	0.00582
20	0.00645	0.00472	0.00614	0.00710	0.00776	0.00441	0.00517	0.00769	0.01028	0.01344	0.05013	0.54780	0.13646	0.01471	0.00639	0.00202	0.00315	0.15735	0.00464	0.00419
21	0.01333	0.82783	0.02612	0.00853	0.01279	0.01972	0.00853	0.01493	0.01013	0.01173	0.00693	0.00800	0.00640	0.00426	0.00320	0.00107	0.00533	0.00267	0.00213	0.00640
22	0.03274	0.00628	0.00762	0.00699	0.00857	0.00626	0.00533	0.03112	0.11886	0.03747	0.62795	0.03280	0.03981	0.00937	0.00565	0.00158	0.00273	0.00818	0.00536	0.00533
23	0.01646	0.01953	0.01354	0.01221	0.01437	0.56713	0.00931	0.06899	0.02990	0.01369	0.00971	0.07229	0.00888	0.00688	0.01625	0.00156	0.10624	0.00436	0.00290	0.00582
24	0.01339	0.00698	0.00856	0.00735	0.00991	0.00630	0.00585	0.04278	0.04532	0.32623	0.11585	0.05154	0.29097	0.00943	0.00553	0.00164	0.00344	0.03729	0.00536	0.00628
25	0.01145	0.00967	0.03386	0.00889	0.03807	0.00802	0.00699	0.05986	0.09839	0.05430	0.06868	0.01373	0.01147	0.00482	0.00422	0.00104	0.00393	0.00396	0.00361	0.55504
26	0.00993	0.03500	0.10981	0.47188	0.12637	0.01093	0.02590	0.01337	0.01775	0.01388	0.00986	0.03963	0.00801	0.00592	0.02204	0.00172	0.01551	0.00462	0.02099	0.03686
27	0.01512	0.10099	0.12612	0.06130	0.06132	0.07296	0.03325	0.30622	0.03395	0.06374	0.01138	0.03904	0.00887	0.00644	0.02236	0.00164	0.01977	0.00452	0.00367	0.00734
28	0.01148	0.07919	0.55833	0.01402	0.04574	0.03512	0.06197	0.01622	0.01113	0.07385	0.04037	0.01207	0.00850	0.00499	0.00476	0.00153	0.00685	0.00406	0.00259	0.00721
29	0.02206	0.00688	0.00783	0.00889	0.10299	0.02864	0.00577	0.01033	0.05157	0.04138	0.07986	0.05535	0.53873	0.01070	0.00563	0.00164	0.00327	0.00900	0.00440	0.00508
30	0.01213	0.08411	0.41992	0.01433	0.07629	0.13749	0.05097	0.03272	0.02841	0.03038	0.02416	0.02930	0.02750	0.00533	0.00475	0.00150	0.00693	0.00426	0.00261	0.00691
31	0.01342	0.19798	0.13731	0.03283	0.20061	0.11638	0.03481	0.01634	0.02706	0.08858	0.02369	0.04755	0.00996	0.00559	0.00463	0.00144	0.00608	0.02593	0.00295	0.00686

[dist]
# distance from previous block
# <min> <max>
13	43

[block]
# block no. 8 follows, 50 sequences, length 24
# corresponding to MSA columns:
# 378-401
name=unknown_I
#
# <colnr> <probs for GDERKNQSTAVLIFYWHMCP>
#	G	D	E	R	K	N	Q	S	T	A	V	L	I	F	Y	W	H	M	C	P
0	0.01144	0.05166	0.05926	0.00887	0.01288	0.04094	0.03489	0.03056	0.06875	0.05788	0.03798	0.06459	0.01110	0.00526	0.00429	0.00110	0.00437	0.00437	0.00339	0.48643
1	0.03723	0.02027	0.00652	0.00626	0.00766	0.00524	0.00464	0.00927	0.03852	0.03831	0.20641	0.21676	0.32476	0.03190	0.00629	0.00180	0.00287	0.02594	0.00474	0.00460
2	0.11319	0.00983	0.03026	0.00909	0.01285	0.00915	0.00764	0.15281	0.01512	0.52886	0.04810	0.01579	0.01217	0.00610	0.00482	0.00154	0.00441	0.00480	0.00550	0.00796
3	0.01147	0.09679	0.16920	0.04240	0.07088	0.06453	0.05951	0.01394	0.00953	0.01332	0.00848	0.01148	0.02199	0.00664	0.00998	0.00179	0.37543	0.00421	0.00228	0.00617
4	0.01248	0.01027	0.01171	0.01163	0.08158	0.01147	0.00834	0.05066	0.57861	0.05310	0.02053	0.04253	0.04397	0.00722	0.00518	0.00169	0.00413	0.03248	0.00484	0.00758
5	0.00615	0.00439	0.00588	0.00703	0.00736	0.00412	0.00477	0.00708	0.00962	0.01281	0.02743	0.79040	0.03279	0.01554	0.00638	0.00204	0.00296	0.04456	0.00463	0.00407
6	0.01333	0.82783	0.02612	0.00853	0.01279	0.01972	0.00853	0.01493	0.01013	0.01173	0.00693	0.00800	0.00640	0.00426	0.00320	0.00107	0.00533	0.00267	0.00213	0.00640
7	0.00840	0.00625	0.00780	0.03601	0.00953	0.00640	0.00581	0.03764	0.07372	0.03947	0.26099	0.06556	0.19754	0.01375	0.10335	0.02655	0.02877	0.04242	0.02503	0.00501
8	0.00993	0.00552	0.00567	0.00542	0.00678	0.00568	0.00409	0.06607	0.03899	0.01914	0.01642	0.04262	0.01332	0.02928	0.00435	0.00133	0.00269	0.00503	0.71271	0.00497
9	0.00739	0.00531	0.00727	0.00838	0.00930	0.00520	0.00690	0.00924	0.01092	0.01424	0.02769	0.27182	0.06148	0.01424	0.00670	0.00219	0.00403	0.51867	0.00460	0.00442
10	0.02666	0.12659	0.31308	0.01123	0.03406	0.06116	0.01152	0.03306	0.03902	0.03161	0.04213	0.13303	0.02756	0.02512	0.00541	0.00168	0.00569	0.06197	0.00316	0.00625
11	0.00964	0.01055	0.10920	0.15247	0.16962	0.00901	0.08867	0.01278	0.02951	0.03324	0.01807	0.17235	0.07571	0.00828	0.00555	0.00175	0.00542	0.07889	0.00332	0.00599
12	0.00677	0.00494	0.00608	0.00642	0.00723	0.00462	0.00462	0.00806	0.01070	0.01416	0.20064	0.23146	0.17620	0.18122	0.01017	0.00248	0.00333	0.11233	0.00448	0.00409
13	0.00675	0.00471	0.00600	0.00652	0.00680	0.00470	0.00427	0.00742	0.00845	0.01137	0.02073	0.37087	0.02403	0.35094	0.12034	0.00398	0.00512	0.02960	0.00371	0.00369
14	0.01360	0.02971	0.09883	0.10202	0.24896	0.18474	0.01220	0.06652	0.03565	0.05206	0.01204	0.02454	0.04767	0.00570	0.00541	0.00152	0.04449	0.00456	0.00296	0.00681
15	0.00734	0.00507	0.00707	0.00707	0.00759	0.00559	0.00505	0.00812	0.00760	0.01066	0.01348	0.02289	0.01367	0.26703	0.48001	0.10979	0.00975	0.00578	0.00271	0.00375
16	0.00672	0.00497	0.00606	0.00655	0.00752	0.00460	0.00488	0.00812	0.01082	0.01412	0.12651	0.25422	0.25318	0.08989	0.00799	0.00217	0.00322	0.15897	0.02528	0.00420
17	0.01078	0.14800	0.16541	0.02546	0.10371	0.04079	0.07492	0.01372	0.02254	0.01379	0.02879	0.01364	0.02180	0.01149	0.15256	0.00276	0.13672	0.00446	0.00249	0.00618
18	0.04229	0.17296	0.14337	0.05206	0.05341	0.08770	0.04495	0.16683	0.06179	0.03110	0.02397	0.02599	0.02785	0.00568	0.00506	0.00148	0.03908	0.00434	0.00321	0.00689
19	0.01058	0.01405	0.25159	0.08563	0.12642	0.01017	0.03947	0.06399	0.08567	0.01661	0.03405	0.01735	0.01134	0.09592	0.02799	0.00209	0.00596	0.02710	0.06754	0.00646
20	0.01012	0.00668	0.00725	0.08768	0.02597	0.04631	0.00551	0.04267	0.01129	0.03633	0.05724	0.04578	0.04233	0.03828	0.00497	0.00146	0.00347	0.00540	0.51626	0.00501
21	0.01032	0.05822	0.08452	0.06434	0.03578	0.01102	0.02808	0.06435	0.06120	0.01442	0.01331	0.01793	0.05963	0.13174	0.08619	0.00276	0.19955	0.00518	0.00294	0.04852
22	0.01176	0.11433	0.03033	0.01071	0.06340	0.09684	0.06066	0.05102	0.03910	0.05414	0.15192	0.05334	0.07676	0.00729	0.01843	0.00148	0.00496	0.00570	0.00370	0.14415
23	0.02967	0.16006	0.12332	0.05265	0.04331	0.11522	0.02787	0.10271	0.03178	0.08892	0.03354	0.01451	0.06667	0.00565	0.00453	0.00137	0.00567	0.00438	0.00335	0.08483

[dist]
# distance from previous block
# <min> <max>
0	55

[block]
# block no. 9 follows, 50 sequences, length 16
# corresponding to MSA columns:
# 472-475,578-589
name=unknown_J
#
# <colnr> <probs for GDERKNQSTAVLIFYWHMCP>
#	G	D	E	R	K	N	Q	S	T	A	V	L	I	F	Y	W	H	M	C	P
0	0.00724	0.00591	0.03863	0.00752	0.00843	0.00578	0.00583	0.00853	0.00826	0.01150	0.01644	0.09765	0.04423	0.17787	0.45336	0.05524	0.00935	0.03112	0.00300	0.00413
1	0.05940	0.01267	0.05472	0.08415	0.14542	0.12231	0.13568	0.04402	0.01115	0.01503	0.03449	0.05333	0.02250	0.09425	0.00836	0.00197	0.08638	0.00535	0.00284	0.00596
2	0.01199	0.42031	0.08724	0.00884	0.01237	0.01384	0.00851	0.01472	0.05713	0.07373	0.06078	0.05775	0.07761	0.00681	0.00475	0.00141	0.03264	0.04009	0.00326	0.00621
3	0.00646	0.00484	0.00602	0.00664	0.00751	0.00446	0.00485	0.00776	0.01063	0.01381	0.10936	0.38353	0.23681	0.04514	0.02423	0.00216	0.00327	0.11374	0.00461	0.00420
4	0.00710	0.00532	0.00723	0.00798	0.04664	0.00500	0.03403	0.00842	0.01013	0.01381	0.06627	0.40697	0.14968	0.09871	0.00793	0.00213	0.00336	0.02919	0.08573	0.00436
5	0.01359	0.09288	0.04614	0.03836	0.09921	0.12922	0.10118	0.07284	0.09154	0.07818	0.02234	0.01402	0.00976	0.02797	0.08273	0.00221	0.05134	0.00461	0.01524	0.00662
6	0.01097	0.00731	0.00870	0.00765	0.00983	0.03721	0.02471	0.03613	0.04931	0.16832	0.20902	0.06184	0.22988	0.01160	0.06688	0.00209	0.00428	0.02015	0.00483	0.02929
7	0.00725	0.00483	0.00544	0.00544	0.00544	0.00483	0.00302	0.00725	0.00725	0.00966	0.01571	0.03262	0.01812	0.82483	0.02537	0.00483	0.00483	0.00725	0.00302	0.00302
8	0.01191	0.36133	0.41295	0.01217	0.04024	0.01519	0.01373	0.05318	0.01102	0.01487	0.00826	0.00959	0.00650	0.00459	0.00411	0.00136	0.00638	0.00332	0.00227	0.00703
9	0.01291	0.01417	0.13979	0.16479	0.25442	0.06806	0.06199	0.05278	0.09087	0.07501	0.01115	0.01303	0.00840	0.00506	0.00496	0.00155	0.00631	0.00449	0.00304	0.00723
10	0.00790	0.00755	0.04986	0.00781	0.00956	0.02160	0.03439	0.02388	0.02892	0.01706	0.39018	0.07301	0.22267	0.01019	0.00663	0.00167	0.06892	0.00861	0.00460	0.00498
11	0.00604	0.00498	0.00530	0.00537	0.00686	0.00425	0.00397	0.00738	0.01148	0.01410	0.12859	0.12370	0.63547	0.01266	0.00594	0.00170	0.00254	0.01072	0.00472	0.00425
12	0.00615	0.00437	0.00576	0.00684	0.00711	0.00410	0.00452	0.00696	0.00938	0.01251	0.02666	0.76720	0.03194	0.07138	0.00767	0.00222	0.00303	0.01369	0.00452	0.00398
