[name]
unknown

[dist]
# distance from previous block
# <min> <max>
0	297

[block]
# block no. 0 follows, 55 sequences, length 73
# corresponding to MSA columns:
# 395-467
name=unknown_A
#
# <colnr> <probs for GDERKNQSTAVLIFYWHMCP>
#	G	D	E	R	K	N	Q	S	T	A	V	L	I	F	Y	W	H	M	C	P
0	0.05034	0.16563	0.33867	0.01251	0.09952	0.04117	0.01203	0.01571	0.11037	0.03072	0.02265	0.01220	0.00848	0.00490	0.00419	0.00137	0.00557	0.02740	0.00264	0.03396
1	0.03878	0.08994	0.33546	0.03739	0.14181	0.04212	0.02580	0.01593	0.08712	0.08016	0.01106	0.01208	0.02987	0.00489	0.00452	0.00142	0.01820	0.00393	0.00273	0.01677
2	0.01123	0.02652	0.09258	0.03088	0.48842	0.02037	0.04023	0.03833	0.04958	0.03004	0.01036	0.06045	0.00894	0.00500	0.00477	0.00140	0.01785	0.00461	0.00266	0.05579
3	0.05079	0.00843	0.01192	0.01050	0.07782	0.00794	0.11315	0.04630	0.05887	0.07362	0.08775	0.04595	0.11148	0.00622	0.00490	0.00132	0.02943	0.00542	0.03148	0.21670
4	0.00917	0.00717	0.01075	0.08264	0.23401	0.00703	0.00816	0.01140	0.02469	0.06750	0.16332	0.19587	0.05326	0.01801	0.00529	0.00155	0.00388	0.02645	0.01674	0.05310
5	0.09536	0.01426	0.01523	0.01302	0.04265	0.29254	0.19584	0.05574	0.06399	0.01492	0.01064	0.02646	0.00920	0.00693	0.04259	0.00175	0.02210	0.06820	0.00288	0.00572
6	0.00694	0.00473	0.00535	0.00518	0.00543	0.00461	0.00298	0.00706	0.00694	0.00939	0.01428	0.02921	0.01632	0.78692	0.02247	0.00428	0.00445	0.00653	0.00282	0.05414
7	0.01070	0.01042	0.01403	0.01198	0.01229	0.02672	0.00995	0.06302	0.00821	0.01239	0.00663	0.01043	0.00637	0.00863	0.03574	0.00212	0.73878	0.00409	0.00223	0.00526
8	0.00985	0.13225	0.57350	0.01279	0.01863	0.01154	0.09790	0.01413	0.00967	0.01384	0.00819	0.01005	0.00616	0.00501	0.00516	0.05280	0.00655	0.00356	0.00201	0.00640
9	0.00686	0.00486	0.00656	0.00742	0.00815	0.00477	0.00589	0.00839	0.00989	0.01306	0.07016	0.26000	0.02769	0.11205	0.00831	0.00232	0.00376	0.43171	0.00417	0.00398
10	0.23399	0.03455	0.56365	0.01126	0.01691	0.03570	0.01360	0.01456	0.00942	0.01616	0.00779	0.00915	0.00567	0.00440	0.00399	0.00145	0.00603	0.00317	0.00222	0.00633
11	0.00571	0.00421	0.00536	0.00616	0.00669	0.00385	0.00420	0.00669	0.00950	0.01252	0.09035	0.65053	0.14966	0.01375	0.00584	0.00181	0.00261	0.01233	0.00438	0.00385
12	0.01225	0.79078	0.07129	0.00828	0.01243	0.01796	0.00851	0.01398	0.00947	0.01117	0.00658	0.00760	0.00597	0.00401	0.00307	0.00102	0.00509	0.00254	0.00199	0.00602
13	0.01310	0.65790	0.04966	0.00885	0.01283	0.01680	0.03716	0.06082	0.01046	0.06537	0.00770	0.00857	0.00649	0.00430	0.00362	0.00111	0.02369	0.00291	0.00241	0.00624
14	0.00874	0.00802	0.01348	0.77656	0.03049	0.00996	0.01239	0.01154	0.00911	0.01166	0.00826	0.01251	0.00631	0.00534	0.00546	0.05293	0.00607	0.00413	0.00206	0.00498
15	0.05698	0.00484	0.00501	0.00518	0.00655	0.00430	0.00380	0.00710	0.01016	0.01306	0.05754	0.20022	0.58561	0.01185	0.00543	0.00162	0.00250	0.01003	0.00425	0.00397
16	0.00638	0.00514	0.00588	0.00679	0.00721	0.05225	0.00460	0.00725	0.00925	0.01199	0.04107	0.76742	0.02957	0.01389	0.00582	0.00184	0.00303	0.01251	0.00422	0.00389
17	0.01123	0.01090	0.01900	0.10080	0.68465	0.01104	0.06565	0.01410	0.01050	0.01488	0.00875	0.01166	0.00724	0.00418	0.00467	0.00141	0.00574	0.00423	0.00228	0.00710
18	0.06142	0.03463	0.01113	0.00823	0.01181	0.00760	0.00684	0.04416	0.01318	0.72457	0.01719	0.01503	0.01092	0.00563	0.00454	0.00142	0.00401	0.00449	0.00547	0.00772
19	0.00596	0.00478	0.00509	0.00498	0.00650	0.00406	0.00374	0.00733	0.01111	0.02784	0.18070	0.04248	0.65672	0.01127	0.00548	0.00155	0.00236	0.00948	0.00449	0.00408
20	0.01957	0.00921	0.02317	0.00886	0.01248	0.00856	0.00739	0.16316	0.06160	0.60919	0.01693	0.01498	0.01093	0.00574	0.00467	0.00144	0.00420	0.00461	0.00544	0.00787
21	0.01115	0.06582	0.01868	0.06427	0.54551	0.03591	0.09183	0.01381	0.01046	0.01436	0.00970	0.04067	0.00858	0.00537	0.02083	0.00154	0.00585	0.02651	0.00241	0.00672
22	0.00655	0.00570	0.02847	0.00840	0.00945	0.00506	0.10292	0.00797	0.00937	0.01257	0.03750	0.64941	0.02719	0.01280	0.00586	0.00185	0.00353	0.05718	0.00403	0.00421
23	0.81861	0.00895	0.00700	0.00621	0.00908	0.01030	0.00511	0.02631	0.00831	0.04001	0.00701	0.00800	0.00537	0.00439	0.00296	0.00143	0.00360	0.00263	0.01957	0.00514
24	0.00799	0.00407	0.00600	0.00600	0.00600	0.00407	0.00396	0.00611	0.00611	0.00814	0.00852	0.01522	0.00867	0.07057	0.01855	0.80759	0.00407	0.00422	0.00207	0.00207
25	0.01010	0.00883	0.06396	0.00938	0.01200	0.01743	0.10774	0.03731	0.12239	0.09964	0.04624	0.18822	0.11015	0.00827	0.00530	0.00155	0.02049	0.03522	0.02281	0.07296
26	0.01091	0.01769	0.42636	0.03002	0.10566	0.02069	0.11188	0.05182	0.07062	0.05171	0.01040	0.01182	0.01637	0.00478	0.00487	0.00148	0.02513	0.00411	0.01686	0.00682
27	0.00965	0.00827	0.00965	0.00689	0.01102	0.00620	0.00551	0.01171	0.00965	0.01516	0.00827	0.00965	0.00689	0.00345	0.00345	0.00069	0.00345	0.00276	0.00276	0.86494
28	0.01157	0.00999	0.01052	0.00947	0.01210	0.01157	0.00736	0.02472	0.79908	0.01946	0.01893	0.01736	0.01420	0.00631	0.00473	0.00158	0.00368	0.00526	0.00473	0.00736
29	0.00669	0.00471	0.00630	0.00728	0.03348	0.00438	0.00486	0.00793	0.02118	0.04151	0.06089	0.66493	0.05121	0.01310	0.00573	0.00179	0.00287	0.02613	0.00430	0.03073
30	0.00570	0.00472	0.00499	0.00492	0.00640	0.00401	0.00369	0.00706	0.01107	0.01367	0.18443	0.04296	0.66761	0.01137	0.00550	0.00155	0.00233	0.00956	0.00447	0.00401
31	0.01098	0.01255	0.02745	0.01961	0.02431	0.01176	0.79059	0.01490	0.01098	0.01490	0.00941	0.01255	0.00706	0.00392	0.00549	0.00157	0.00784	0.00549	0.00235	0.00627
32	0.02938	0.02176	0.67320	0.01306	0.01915	0.01113	0.04136	0.04327	0.01014	0.02793	0.00846	0.01003	0.00609	0.00471	0.00515	0.00151	0.06119	0.00357	0.00216	0.00675
33	0.01191	0.01054	0.01635	0.10391	0.51123	0.02117	0.02197	0.01657	0.15723	0.06576	0.01119	0.01294	0.00876	0.00471	0.00464	0.00144	0.00522	0.00439	0.00295	0.00714
34	0.04564	0.00835	0.01070	0.00843	0.01187	0.00777	0.00690	0.03899	0.12306	0.65932	0.01792	0.01569	0.01162	0.00579	0.00463	0.00146	0.00393	0.00468	0.00550	0.00775
35	0.00550	0.00471	0.00471	0.00471	0.00628	0.00393	0.00353	0.00668	0.01060	0.01257	0.04713	0.04477	0.80560	0.01178	0.00550	0.00157	0.00236	0.00982	0.00432	0.00393
36	0.00969	0.00831	0.00967	0.00695	0.01105	0.00632	0.00555	0.01200	0.02699	0.01525	0.00850	0.00982	0.00705	0.00351	0.00347	0.00071	0.00345	0.00281	0.00280	0.84611
37	0.00587	0.00421	0.00556	0.00657	0.00695	0.00396	0.00455	0.00679	0.00906	0.01200	0.02588	0.70852	0.05473	0.04054	0.00654	0.00199	0.00290	0.08531	0.00427	0.00380
38	0.00723	0.00464	0.00591	0.00642	0.00730	0.00422	0.00459	0.00827	0.00971	0.08787	0.02861	0.53722	0.17249	0.03366	0.00621	0.00187	0.00291	0.06226	0.00442	0.00421
39	0.00577	0.00423	0.00563	0.03001	0.00749	0.00400	0.00456	0.00669	0.00906	0.01195	0.02661	0.74439	0.08349	0.01407	0.00588	0.00186	0.00280	0.02342	0.00425	0.00384
40	0.01002	0.13290	0.66417	0.01267	0.01898	0.03513	0.03506	0.01474	0.00990	0.01413	0.00809	0.00953	0.00594	0.00436	0.00425	0.00140	0.00669	0.00335	0.00199	0.00670
41	0.82589	0.00910	0.00745	0.00726	0.04947	0.01047	0.00551	0.01371	0.00805	0.02059	0.00659	0.00776	0.00516	0.00431	0.00297	0.00144	0.00370	0.00260	0.00285	0.00516
42	0.01130	0.01097	0.01913	0.07959	0.70529	0.01105	0.06568	0.01416	0.01054	0.01496	0.00876	0.01164	0.00727	0.00416	0.00467	0.00141	0.00572	0.00423	0.00229	0.00715
43	0.01269	0.79727	0.02380	0.00817	0.01207	0.05953	0.00801	0.01417	0.00964	0.01097	0.00650	0.00751	0.00597	0.00402	0.00305	0.00101	0.00515	0.00251	0.00201	0.00594
44	0.00644	0.00471	0.00606	0.00590	0.00696	0.00433	0.00441	0.00843	0.01251	0.01742	0.65058	0.10647	0.10428	0.01024	0.00556	0.00153	0.00232	0.03260	0.00496	0.00429
45	0.00575	0.00413	0.00546	0.00637	0.00675	0.00384	0.00430	0.00670	0.00935	0.01253	0.09924	0.73590	0.05438	0.01402	0.00588	0.00184	0.00264	0.01268	0.00439	0.00384
46	0.00622	0.00469	0.00543	0.00548	0.00672	0.00419	0.00414	0.00783	0.01124	0.01489	0.28662	0.10698	0.38605	0.01094	0.00545	0.00157	0.00246	0.06352	0.06149	0.00412
47	0.00923	0.00878	0.01505	0.69166	0.13680	0.01048	0.03797	0.01231	0.00953	0.01243	0.00837	0.01229	0.00639	0.00456	0.00467	0.00153	0.00616	0.00418	0.00211	0.00550
48	0.02087	0.00792	0.01080	0.00828	0.01188	0.00684	0.00684	0.02267	0.01332	0.81071	0.01835	0.01583	0.01152	0.00576	0.00468	0.00144	0.00396	0.00468	0.00576	0.00792
49	0.00911	0.00860	0.01455	0.72949	0.12531	0.01042	0.01308	0.01217	0.00946	0.01228	0.00833	0.01230	0.00634	0.00459	0.00465	0.00153	0.00612	0.00414	0.00210	0.00543
50	0.01157	0.00999	0.01052	0.00947	0.01210	0.01157	0.00736	0.02472	0.79908	0.01946	0.01893	0.01736	0.01420	0.00631	0.00473	0.00158	0.00368	0.00526	0.00473	0.00736
51	0.86937	0.00900	0.00684	0.00612	0.00900	0.01044	0.00504	0.01368	0.00792	0.02087	0.00648	0.00756	0.00504	0.00432	0.00288	0.00144	0.00360	0.00252	0.00288	0.00504
52	0.01720	0.01273	0.01403	0.01075	0.01441	0.01402	0.03099	0.74414	0.02116	0.02851	0.01125	0.01141	0.00802	0.00553	0.00463	0.00139	0.00510	0.00423	0.03274	0.00775
53	0.86937	0.00900	0.00684	0.00612	0.00900	0.01044	0.00504	0.01368	0.00792	0.02087	0.00648	0.00756	0.00504	0.00432	0.00288	0.00144	0.00360	0.00252	0.00288	0.00504
54	0.01151	0.01105	0.01888	0.02855	0.80748	0.01105	0.01428	0.01428	0.01059	0.01520	0.00875	0.01151	0.00737	0.00415	0.00461	0.00138	0.00553	0.00415	0.00230	0.00737
55	0.01157	0.00999	0.01052	0.00947	0.01210	0.01157	0.00736	0.02472	0.79908	0.01946	0.01893	0.01736	0.01420	0.00631	0.00473	0.00158	0.00368	0.00526	0.00473	0.00736
56	0.18306	0.00812	0.01004	0.00786	0.01133	0.00753	0.00649	0.02095	0.01228	0.65973	0.01608	0.01425	0.01028	0.00548	0.00433	0.00144	0.00389	0.00427	0.00521	0.00737
57	0.01951	0.00857	0.01101	0.00861	0.01210	0.00800	0.00706	0.08388	0.10750	0.65462	0.01785	0.01565	0.01155	0.00581	0.00468	0.00145	0.00402	0.00471	0.00555	0.00785
58	0.00675	0.00457	0.00538	0.00538	0.00548	0.00467	0.00320	0.00696	0.00685	0.00924	0.01438	0.02891	0.01625	0.73566	0.12362	0.00488	0.00551	0.00654	0.00278	0.00299
59	0.01664	0.00785	0.00997	0.00809	0.01106	0.00738	0.00651	0.07667	0.10083	0.50575	0.09597	0.06823	0.04979	0.00696	0.00487	0.00149	0.00370	0.00581	0.00535	0.00709
60	0.00565	0.00457	0.00503	0.00522	0.00646	0.00395	0.00380	0.00686	0.01052	0.01308	0.12498	0.21466	0.55470	0.01214	0.00559	0.00163	0.00241	0.01040	0.00441	0.00395
61	0.00965	0.00827	0.00965	0.00689	0.01102	0.00620	0.00551	0.01171	0.00965	0.01516	0.00827	0.00965	0.00689	0.00345	0.00345	0.00069	0.00345	0.00276	0.00276	0.86494
62	0.00712	0.00486	0.00618	0.00629	0.00730	0.00454	0.00454	0.00909	0.04480	0.05946	0.33652	0.35994	0.10876	0.01145	0.00559	0.00165	0.00258	0.01017	0.00474	0.00442
63	0.00560	0.00465	0.00490	0.00498	0.00638	0.00395	0.00368	0.00682	0.01063	0.01296	0.10259	0.12326	0.66982	0.01189	0.00554	0.00159	0.00238	0.01005	0.00438	0.00395
64	0.01143	0.01258	0.02656	0.01902	0.02366	0.01194	0.73874	0.06644	0.01170	0.01586	0.00953	0.01246	0.00712	0.00403	0.00543	0.00156	0.00766	0.00540	0.00251	0.00638
65	0.06877	0.03552	0.01794	0.03793	0.65491	0.06344	0.02599	0.01448	0.01054	0.01515	0.00844	0.01096	0.00706	0.00420	0.00443	0.00137	0.00562	0.00394	0.00234	0.00699
66	0.00557	0.00469	0.00483	0.00484	0.00634	0.00395	0.00361	0.00680	0.01070	0.01291	0.09222	0.07111	0.73308	0.01174	0.00551	0.00158	0.00236	0.00985	0.00437	0.00395
67	0.00566	0.00409	0.00535	0.00636	0.00672	0.00379	0.00427	0.00649	0.00902	0.01192	0.02703	0.78236	0.08098	0.01439	0.00591	0.00187	0.00268	0.01300	0.00432	0.00379
68	0.01405	0.01566	0.06005	0.03786	0.06662	0.35195	0.00918	0.15620	0.07469	0.01604	0.03033	0.09284	0.01120	0.00637	0.00466	0.00141	0.00622	0.03541	0.00327	0.00599
69	0.03096	0.01086	0.01110	0.07702	0.01325	0.12079	0.00784	0.29116	0.01418	0.03308	0.01528	0.13010	0.06941	0.03404	0.03216	0.00183	0.06548	0.03195	0.00371	0.00581
70	0.01151	0.01105	0.01888	0.02855	0.80748	0.01105	0.01428	0.01428	0.01059	0.01520	0.00875	0.01151	0.00737	0.00415	0.00461	0.00138	0.00553	0.00415	0.00230	0.00737
71	0.01124	0.07019	0.06455	0.14654	0.10277	0.07746	0.09870	0.12433	0.03705	0.01573	0.02506	0.12221	0.01144	0.00625	0.00475	0.00147	0.00549	0.02717	0.01286	0.03475
72	0.01198	0.02964	0.06428	0.04320	0.01282	0.11435	0.00797	0.10060	0.27027	0.06318	0.06253	0.04431	0.10005	0.00705	0.00497	0.00151	0.01684	0.03416	0.00403	0.00625

[dist]
# distance from previous block
# <min> <max>
1	3

[block]
# block no. 1 follows, 55 sequences, length 42
# corresponding to MSA columns:
# 472-513
name=unknown_B
#
# <colnr> <probs for GDERKNQSTAVLIFYWHMCP>
#	G	D	E	R	K	N	Q	S	T	A	V	L	I	F	Y	W	H	M	C	P
0	0.01241	0.04415	0.05642	0.04446	0.16174	0.03606	0.02660	0.10067	0.15197	0.10724	0.01467	0.03299	0.05811	0.00621	0.01957	0.00149	0.00482	0.01510	0.00359	0.10170
1	0.01048	0.01526	0.30674	0.05860	0.13996	0.02833	0.03819	0.08561	0.01102	0.01574	0.08020	0.01285	0.00996	0.00600	0.02110	0.00162	0.11971	0.00426	0.00262	0.03176
2	0.01169	0.01168	0.02381	0.07540	0.02287	0.01126	0.60809	0.04058	0.04034	0.07315	0.01045	0.01303	0.00770	0.00487	0.02171	0.00167	0.00730	0.00527	0.00275	0.00637
3	0.03837	0.03997	0.29568	0.01127	0.06266	0.02039	0.04653	0.05267	0.08373	0.05362	0.02882	0.03258	0.00979	0.00606	0.02560	0.00156	0.02325	0.00433	0.15689	0.00622
4	0.00800	0.00662	0.00711	0.00660	0.00847	0.00671	0.00506	0.04147	0.24970	0.01647	0.18754	0.03327	0.38616	0.00945	0.00523	0.00155	0.00283	0.00796	0.00462	0.00520
5	0.01291	0.01027	0.01479	0.13453	0.30375	0.01086	0.02651	0.18485	0.08670	0.09102	0.01301	0.04031	0.03849	0.00550	0.00474	0.00146	0.00506	0.00484	0.00347	0.00695
6	0.15890	0.00788	0.00944	0.00758	0.01068	0.00751	0.00619	0.05526	0.03119	0.50338	0.07148	0.01682	0.04463	0.00601	0.00441	0.00143	0.00368	0.00476	0.04188	0.00687
7	0.00572	0.00414	0.00541	0.00632	0.00673	0.00383	0.00427	0.00665	0.00931	0.01238	0.08034	0.72823	0.08138	0.01405	0.00588	0.00184	0.00264	0.01268	0.00437	0.00383
8	0.00588	0.00473	0.00524	0.00511	0.00652	0.00409	0.00383	0.00741	0.01150	0.01470	0.31286	0.04126	0.53853	0.01099	0.00549	0.00153	0.00230	0.00933	0.00460	0.00409
9	0.00588	0.00424	0.00560	0.00650	0.00696	0.00396	0.00453	0.00694	0.00953	0.01272	0.10233	0.66507	0.06450	0.01384	0.00591	0.00185	0.00275	0.06862	0.00439	0.00388
10	0.05313	0.00842	0.01048	0.00827	0.01152	0.00803	0.00676	0.12601	0.06045	0.53818	0.07405	0.01638	0.01329	0.00597	0.00461	0.00143	0.00389	0.00482	0.03693	0.00738
11	0.00965	0.00827	0.00965	0.00689	0.01102	0.00620	0.00551	0.01171	0.00965	0.01516	0.00827	0.00965	0.00689	0.00345	0.00345	0.00069	0.00345	0.00276	0.00276	0.86494
12	0.01656	0.01247	0.01333	0.01048	0.01400	0.01390	0.00857	0.65042	0.16526	0.02750	0.01260	0.01231	0.00907	0.00572	0.00467	0.00143	0.00485	0.00439	0.00467	0.00781
13	0.01104	0.01065	0.01842	0.16085	0.64561	0.01096	0.04652	0.01391	0.01039	0.01463	0.00870	0.01171	0.00716	0.00422	0.00465	0.00142	0.00574	0.00420	0.00227	0.00696
14	0.00943	0.07980	0.73242	0.01268	0.01915	0.01111	0.01614	0.01442	0.00977	0.01438	0.00876	0.03567	0.00668	0.00471	0.00437	0.00145	0.00661	0.00368	0.00204	0.00671
15	0.00567	0.00405	0.00540	0.00648	0.00675	0.00378	0.00432	0.00648	0.00891	0.01188	0.02564	0.83347	0.03077	0.01457	0.00594	0.00189	0.00270	0.01323	0.00432	0.00378
16	0.01003	0.00505	0.00530	0.00495	0.00636	0.00504	0.00380	0.05206	0.01064	0.07570	0.01520	0.01692	0.01169	0.00545	0.00343	0.00113	0.00245	0.00435	0.75568	0.00478
17	0.07382	0.07159	0.02720	0.11433	0.25295	0.05305	0.16270	0.03049	0.01010	0.01434	0.00857	0.03333	0.00729	0.00504	0.00597	0.00151	0.11488	0.00434	0.00238	0.00613
18	0.01098	0.01255	0.02745	0.01961	0.02431	0.01176	0.79059	0.01490	0.01098	0.01490	0.00941	0.01255	0.00706	0.00392	0.00549	0.00157	0.00784	0.00549	0.00235	0.00627
19	0.00754	0.00621	0.00647	0.00600	0.00788	0.00598	0.00461	0.08293	0.11835	0.01551	0.09510	0.03719	0.56845	0.01030	0.00531	0.00155	0.00278	0.00857	0.00447	0.00480
20	0.01029	0.03404	0.01154	0.15946	0.03318	0.01878	0.02062	0.01253	0.04106	0.10465	0.01158	0.01647	0.01004	0.07113	0.17552	0.00305	0.18697	0.03299	0.04089	0.00521
21	0.04046	0.11040	0.08852	0.03282	0.24632	0.09081	0.08501	0.07246	0.09815	0.03704	0.01058	0.04819	0.00876	0.00506	0.00447	0.00140	0.00563	0.00440	0.00289	0.00663
22	0.01046	0.00825	0.00847	0.00749	0.00921	0.11261	0.00577	0.08696	0.01389	0.09085	0.53439	0.02675	0.03166	0.00814	0.00538	0.00143	0.02153	0.00686	0.00471	0.00520
23	0.00610	0.00471	0.00540	0.00555	0.00666	0.00424	0.00410	0.00738	0.01039	0.01324	0.17079	0.11029	0.40836	0.12512	0.00814	0.00205	0.00287	0.09648	0.00425	0.00388
24	0.08268	0.03210	0.24718	0.03346	0.07050	0.01721	0.04321	0.01285	0.04583	0.04836	0.08676	0.07818	0.11934	0.00713	0.00494	0.00154	0.01673	0.04303	0.00325	0.00572
25	0.05528	0.19057	0.05600	0.07194	0.03425	0.04678	0.22690	0.14956	0.01223	0.04704	0.00913	0.01085	0.00702	0.00461	0.00468	0.00138	0.03055	0.00403	0.03088	0.00633
26	0.00587	0.00419	0.00551	0.00649	0.00682	0.00395	0.00442	0.00673	0.00891	0.01183	0.02521	0.70360	0.04524	0.07421	0.00725	0.00209	0.00294	0.06679	0.00421	0.00375
27	0.01280	0.00990	0.01072	0.00935	0.01208	0.01113	0.00734	0.12487	0.58774	0.08375	0.03844	0.04323	0.01446	0.00652	0.00478	0.00155	0.00382	0.00541	0.00480	0.00729
28	0.00890	0.05039	0.09900	0.03754	0.01072	0.01814	0.00685	0.03495	0.09444	0.07249	0.10400	0.07130	0.29287	0.01025	0.05087	0.00186	0.00417	0.02202	0.00396	0.00526
29	0.01188	0.01088	0.01699	0.02396	0.61877	0.02626	0.01261	0.10586	0.01165	0.01631	0.00944	0.01241	0.00797	0.02887	0.06431	0.00191	0.00601	0.00426	0.00261	0.00704
30	0.00867	0.00434	0.00434	0.00434	0.00542	0.00434	0.00325	0.01084	0.00976	0.01734	0.01518	0.01734	0.01192	0.00542	0.00325	0.00108	0.00217	0.00434	0.86233	0.00434
31	0.19256	0.01085	0.01218	0.03366	0.01340	0.01190	0.03529	0.40710	0.01590	0.13916	0.01102	0.01141	0.00785	0.00573	0.01492	0.00152	0.03740	0.00397	0.02727	0.00693
32	0.00980	0.00956	0.01690	0.48136	0.22024	0.01054	0.12330	0.01289	0.00987	0.01326	0.00855	0.01209	0.00664	0.00437	0.00471	0.00148	0.00615	0.00427	0.00219	0.04182
33	0.00898	0.15084	0.35747	0.00956	0.01366	0.00972	0.01061	0.03517	0.01102	0.01542	0.23692	0.07422	0.03444	0.00668	0.00462	0.00142	0.00480	0.00552	0.00316	0.00578
34	0.00627	0.00472	0.00580	0.00559	0.00677	0.00425	0.00417	0.00816	0.01235	0.01684	0.58212	0.06840	0.23691	0.01028	0.00551	0.00151	0.00226	0.00896	0.00489	0.00425
35	0.00990	0.00943	0.01531	0.51736	0.16389	0.02978	0.06900	0.02986	0.03220	0.01344	0.00916	0.01294	0.00718	0.00478	0.00488	0.00151	0.02119	0.01499	0.02749	0.00572
36	0.01009	0.00561	0.00662	0.00594	0.00757	0.00543	0.00459	0.05663	0.02402	0.13273	0.25386	0.02388	0.07004	0.01948	0.03039	0.00155	0.00300	0.00600	0.32749	0.00507
37	0.00774	0.00505	0.00610	0.00574	0.00725	0.00444	0.00434	0.00938	0.01184	0.10738	0.35675	0.10204	0.33380	0.01037	0.00543	0.00154	0.00250	0.00892	0.00482	0.00457
38	0.01254	0.71543	0.04464	0.00981	0.07018	0.05840	0.00872	0.01421	0.00974	0.01138	0.00672	0.00787	0.00607	0.00405	0.00320	0.00105	0.00524	0.00266	0.00203	0.00607
39	0.00573	0.00450	0.00518	0.00549	0.00655	0.00395	0.00393	0.00695	0.01045	0.01332	0.16224	0.30661	0.42387	0.01235	0.00564	0.00166	0.00244	0.01073	0.00445	0.00395
40	0.01766	0.01211	0.01307	0.01020	0.01377	0.03449	0.00836	0.56645	0.09220	0.16358	0.01303	0.01248	0.00907	0.00566	0.00465	0.00142	0.00487	0.00434	0.00479	0.00779
41	0.06644	0.10851	0.01359	0.00895	0.01281	0.01045	0.05950	0.21549	0.01314	0.09977	0.01006	0.02263	0.00777	0.00455	0.00397	0.00111	0.00441	0.00361	0.00347	0.32980

[dist]
# distance from previous block
# <min> <max>
0	2

[block]
# block no. 2 follows, 55 sequences, length 8
# corresponding to MSA columns:
# 516-523
name=unknown_C
#
# <colnr> <probs for GDERKNQSTAVLIFYWHMCP>
#	G	D	E	R	K	N	Q	S	T	A	V	L	I	F	Y	W	H	M	C	P
0	0.09868	0.00850	0.04231	0.00754	0.00979	0.05180	0.01883	0.10926	0.03785	0.03133	0.20179	0.12055	0.15582	0.00847	0.00492	0.00149	0.00364	0.02869	0.00411	0.05465
1	0.01265	0.50753	0.13529	0.00965	0.01376	0.09907	0.03368	0.07960	0.01114	0.01352	0.04031	0.00950	0.00773	0.00449	0.00364	0.00116	0.00559	0.00316	0.00239	0.00615
2	0.05793	0.03521	0.00854	0.00848	0.06062	0.00683	0.00598	0.01174	0.12369	0.03342	0.09815	0.25947	0.05013	0.05029	0.00600	0.00173	0.00345	0.08873	0.00397	0.08564
3	0.09867	0.08658	0.01398	0.01087	0.05597	0.11593	0.07979	0.16307	0.04090	0.17888	0.08295	0.01419	0.02694	0.00551	0.00444	0.00138	0.00506	0.00446	0.00387	0.00653
4	0.01439	0.00858	0.05278	0.00816	0.01115	0.00765	0.00687	0.01930	0.21559	0.37756	0.12068	0.02140	0.10124	0.00695	0.00487	0.00149	0.00365	0.00579	0.00505	0.00684
5	0.01043	0.01213	0.05770	0.01750	0.02151	0.01133	0.61627	0.01394	0.01058	0.01459	0.04635	0.04337	0.00949	0.00500	0.00642	0.00162	0.08758	0.00568	0.00251	0.00601
6	0.01049	0.01022	0.01776	0.29010	0.43512	0.01106	0.08330	0.01337	0.01000	0.01385	0.00850	0.01182	0.00688	0.00452	0.00531	0.00149	0.05332	0.00426	0.00221	0.00641
7	0.01147	0.00948	0.01198	0.00953	0.01205	0.01016	0.02568	0.12267	0.04984	0.05800	0.02598	0.03866	0.00895	0.00597	0.00757	0.00136	0.25851	0.00412	0.00315	0.32487

[dist]
# distance from previous block
# <min> <max>
0	1

[block]
# block no. 3 follows, 55 sequences, length 22
# corresponding to MSA columns:
# 525-546
name=unknown_D
#
# <colnr> <probs for GDERKNQSTAVLIFYWHMCP>
#	G	D	E	R	K	N	Q	S	T	A	V	L	I	F	Y	W	H	M	C	P
0	0.00566	0.00408	0.00536	0.00639	0.00672	0.00379	0.00428	0.00649	0.00899	0.01191	0.02672	0.79383	0.06971	0.01443	0.00592	0.00187	0.00268	0.01305	0.00432	0.00379
1	0.01481	0.00973	0.01157	0.01081	0.09315	0.03756	0.00784	0.25917	0.06578	0.21904	0.12621	0.03453	0.04682	0.00674	0.00488	0.00146	0.00430	0.03406	0.00465	0.00687
2	0.01060	0.12047	0.50598	0.01253	0.01808	0.06773	0.07971	0.03118	0.05882	0.01458	0.00995	0.01116	0.02956	0.00470	0.00438	0.00141	0.00647	0.00378	0.00232	0.00658
3	0.02914	0.01098	0.01419	0.21954	0.24203	0.11310	0.02596	0.08438	0.01135	0.01492	0.01052	0.06199	0.00943	0.00569	0.00491	0.00145	0.02410	0.05289	0.00275	0.06069
4	0.00940	0.00801	0.00939	0.00687	0.01076	0.00605	0.00544	0.01139	0.00960	0.01496	0.00934	0.06022	0.00836	0.00413	0.00360	0.00076	0.00340	0.00340	0.00285	0.81208
5	0.01222	0.78273	0.07906	0.00833	0.01251	0.01788	0.00860	0.01399	0.00948	0.01121	0.00660	0.00763	0.00596	0.00401	0.00308	0.00103	0.00511	0.00255	0.00199	0.00603
6	0.00568	0.00472	0.00496	0.00490	0.00639	0.00400	0.00367	0.00702	0.01102	0.01356	0.17079	0.04314	0.68132	0.01141	0.00550	0.00155	0.00233	0.00959	0.00445	0.00400
7	0.00635	0.00475	0.00589	0.00560	0.00680	0.00429	0.00420	0.00832	0.01261	0.01732	0.63867	0.03695	0.21109	0.01001	0.00549	0.00149	0.00223	0.00872	0.00495	0.00429
8	0.00621	0.00474	0.00570	0.00546	0.00672	0.00423	0.00409	0.00805	0.01228	0.01656	0.54382	0.03820	0.30641	0.01029	0.00549	0.00150	0.00225	0.00890	0.00485	0.00423
9	0.19136	0.01039	0.01123	0.00890	0.01229	0.01108	0.00731	0.35054	0.06637	0.24684	0.02993	0.01266	0.00953	0.00551	0.00432	0.00143	0.00433	0.00415	0.00462	0.00722
10	0.01180	0.01011	0.01065	0.00951	0.01218	0.01168	0.00742	0.05307	0.77036	0.01983	0.01865	0.01713	0.01397	0.00628	0.00473	0.00157	0.00373	0.00522	0.00473	0.00738
11	0.00965	0.00827	0.00965	0.00689	0.01102	0.00620	0.00551	0.01171	0.00965	0.01516	0.00827	0.00965	0.00689	0.00345	0.00345	0.00069	0.00345	0.00276	0.00276	0.86494
12	0.19256	0.00966	0.01078	0.00857	0.01194	0.00998	0.00703	0.24417	0.05887	0.36132	0.01402	0.02955	0.00969	0.00562	0.00433	0.00144	0.00418	0.00430	0.00476	0.00721
13	0.00978	0.00958	0.01483	0.63077	0.17552	0.05624	0.01295	0.01271	0.00976	0.01248	0.00830	0.01201	0.00641	0.00456	0.00462	0.00150	0.00620	0.00407	0.00213	0.00559
14	0.01117	0.00571	0.00734	0.00669	0.00851	0.00510	0.00509	0.01287	0.02443	0.28622	0.16793	0.24751	0.15016	0.00982	0.00526	0.00158	0.00298	0.00852	0.02769	0.00540
15	0.00603	0.00423	0.00575	0.03586	0.00759	0.00406	0.00459	0.00683	0.00891	0.01200	0.05092	0.70742	0.02853	0.01393	0.00657	0.05480	0.00288	0.01197	0.02337	0.00375
16	0.01308	0.03257	0.01670	0.01389	0.08304	0.05082	0.23863	0.04912	0.08170	0.17791	0.02349	0.09572	0.01136	0.00618	0.00598	0.00156	0.08265	0.00561	0.00355	0.00643
17	0.01021	0.01040	0.01405	0.01199	0.01250	0.06229	0.05703	0.01146	0.00805	0.01172	0.03631	0.05272	0.00892	0.00886	0.03732	0.00209	0.63195	0.00474	0.00232	0.00506
18	0.00672	0.00445	0.00582	0.00648	0.00715	0.00409	0.00454	0.00779	0.00973	0.06089	0.08950	0.62397	0.09328	0.01334	0.00581	0.00181	0.00277	0.04328	0.00447	0.00411
19	0.01146	0.01153	0.05425	0.04962	0.52578	0.02827	0.12194	0.01474	0.03792	0.04372	0.02679	0.03417	0.00897	0.00468	0.00477	0.00144	0.00573	0.00466	0.00261	0.00694
20	0.04300	0.03910	0.04138	0.00933	0.01304	0.00842	0.06328	0.06329	0.04657	0.58199	0.03123	0.01501	0.01114	0.00556	0.00463	0.00144	0.00439	0.00462	0.00504	0.00752
21	0.40351	0.03529	0.05322	0.04503	0.12986	0.19078	0.02469	0.04181	0.01023	0.01714	0.00736	0.00887	0.00585	0.00444	0.00370	0.00137	0.00540	0.00310	0.00263	0.00571

[dist]
# distance from previous block
# <min> <max>
5	7

[block]
# block no. 4 follows, 55 sequences, length 26
# corresponding to MSA columns:
# 555-580
name=unknown_E
#
# <colnr> <probs for GDERKNQSTAVLIFYWHMCP>
#	G	D	E	R	K	N	Q	S	T	A	V	L	I	F	Y	W	H	M	C	P
0	0.01508	0.08168	0.03894	0.02715	0.11718	0.06699	0.00971	0.40192	0.08518	0.04130	0.01060	0.01130	0.00799	0.00539	0.00516	0.00141	0.05805	0.00404	0.00372	0.00720
1	0.00575	0.00422	0.00537	0.00619	0.00671	0.00388	0.00423	0.00670	0.00938	0.01232	0.07045	0.63925	0.14710	0.03257	0.00626	0.00188	0.00269	0.02690	0.00433	0.00382
2	0.01139	0.08145	0.44758	0.05301	0.05238	0.01146	0.07561	0.10901	0.01166	0.06403	0.03308	0.01133	0.00779	0.00472	0.00449	0.00143	0.00619	0.00391	0.00266	0.00681
3	0.00895	0.00720	0.00824	0.00799	0.00974	0.00791	0.00626	0.01591	0.37277	0.01623	0.06154	0.09414	0.08944	0.01185	0.09717	0.00233	0.00442	0.12585	0.04643	0.00562
4	0.00587	0.00422	0.00558	0.00637	0.00684	0.00393	0.00438	0.00697	0.00976	0.01316	0.16666	0.65255	0.05219	0.01355	0.00586	0.00181	0.00264	0.02932	0.00446	0.00390
5	0.00651	0.00500	0.00598	0.00569	0.00700	0.00460	0.00428	0.00893	0.05095	0.01688	0.54046	0.03689	0.26959	0.01003	0.00545	0.00150	0.00232	0.00868	0.00486	0.00440
6	0.00591	0.00470	0.00532	0.00535	0.00666	0.00411	0.00402	0.00739	0.01119	0.01427	0.25546	0.10183	0.49824	0.01141	0.00557	0.00159	0.00243	0.04593	0.00454	0.00406
7	0.01244	0.83930	0.02438	0.00796	0.01194	0.01841	0.00796	0.01393	0.00945	0.01095	0.00647	0.00746	0.00597	0.00398	0.00299	0.00100	0.00498	0.00249	0.00199	0.00597
8	0.00933	0.02406	0.81240	0.01326	0.02014	0.01080	0.01719	0.01473	0.00982	0.01473	0.00835	0.00982	0.00589	0.00442	0.00442	0.00147	0.00688	0.00344	0.00196	0.00688
9	0.02087	0.00792	0.01080	0.00828	0.01188	0.00684	0.00684	0.02267	0.01332	0.81071	0.01835	0.01583	0.01152	0.00576	0.00468	0.00144	0.00396	0.00468	0.00576	0.00792
10	0.01244	0.83930	0.02438	0.00796	0.01194	0.01841	0.00796	0.01393	0.00945	0.01095	0.00647	0.00746	0.00597	0.00398	0.00299	0.00100	0.00498	0.00249	0.00199	0.00597
11	0.00567	0.00405	0.00540	0.00648	0.00675	0.00378	0.00432	0.00648	0.00891	0.01188	0.02564	0.83347	0.03077	0.01457	0.00594	0.00189	0.00270	0.01323	0.00432	0.00378
12	0.00633	0.00471	0.00595	0.00615	0.00718	0.00433	0.00467	0.00804	0.01147	0.01541	0.38356	0.18940	0.19608	0.01144	0.00572	0.00167	0.00264	0.12643	0.00468	0.00416
13	0.00668	0.00448	0.00510	0.00518	0.00520	0.00446	0.00293	0.00674	0.00693	0.00924	0.01549	0.09101	0.01796	0.77452	0.02234	0.00431	0.00437	0.00725	0.00293	0.00289
14	0.01762	0.01251	0.01356	0.01047	0.01413	0.01373	0.00862	0.69785	0.05937	0.08621	0.01208	0.01182	0.00848	0.00563	0.00466	0.00141	0.00496	0.00428	0.00474	0.00789
15	0.00691	0.00467	0.00548	0.00544	0.00558	0.00484	0.00331	0.00721	0.00699	0.00965	0.01428	0.02812	0.01590	0.69555	0.10641	0.00461	0.02215	0.00641	0.04343	0.00308
16	0.86937	0.00900	0.00684	0.00612	0.00900	0.01044	0.00504	0.01368	0.00792	0.02087	0.00648	0.00756	0.00504	0.00432	0.00288	0.00144	0.00360	0.00252	0.00288	0.00504
17	0.00677	0.00500	0.00705	0.00699	0.00759	0.00571	0.00517	0.00799	0.00729	0.01036	0.01285	0.02116	0.01283	0.23817	0.59448	0.00658	0.03221	0.00541	0.00256	0.00384
18	0.00973	0.08450	0.68580	0.01382	0.05692	0.01143	0.04555	0.01466	0.00987	0.01448	0.00827	0.00983	0.00601	0.00435	0.00436	0.00144	0.00670	0.00348	0.00200	0.00681
19	0.01329	0.21640	0.16275	0.02790	0.16320	0.12220	0.02421	0.10948	0.02331	0.06223	0.00929	0.01109	0.00741	0.00475	0.00419	0.00131	0.00588	0.02172	0.00274	0.00664
20	0.01111	0.47840	0.35183	0.01047	0.01568	0.01507	0.03284	0.01429	0.00965	0.01263	0.00733	0.00858	0.00597	0.00416	0.00365	0.00121	0.00584	0.00296	0.00199	0.00635
21	0.00617	0.00470	0.00552	0.00579	0.00672	0.00433	0.00413	0.00767	0.03368	0.01323	0.16271	0.26603	0.29647	0.11382	0.00789	0.00203	0.00283	0.04808	0.00428	0.00395
22	0.01127	0.01253	0.10868	0.02682	0.71838	0.01103	0.01461	0.01433	0.01051	0.01515	0.00871	0.01132	0.00720	0.00418	0.00458	0.00139	0.00568	0.00407	0.00226	0.00731
23	0.01259	0.06701	0.33828	0.03850	0.09313	0.12354	0.08034	0.05119	0.04288	0.09453	0.00975	0.01092	0.00715	0.00465	0.00447	0.00141	0.00641	0.00382	0.00271	0.00673
24	0.00630	0.00444	0.00571	0.00613	0.00688	0.00406	0.00432	0.00761	0.01055	0.03307	0.27496	0.47584	0.11789	0.01246	0.00572	0.00171	0.00253	0.01113	0.00461	0.00409
25	0.00677	0.00495	0.00620	0.00670	0.00750	0.00476	0.00480	0.06617	0.01058	0.01404	0.10001	0.56157	0.10955	0.01302	0.00579	0.00180	0.00291	0.06426	0.00442	0.00420

[dist]
# distance from previous block
# <min> <max>
0	1

[block]
# block no. 5 follows, 55 sequences, length 30
# corresponding to MSA columns:
# 582-587,589-612
name=unknown_F
#
# <colnr> <probs for GDERKNQSTAVLIFYWHMCP>
#	G	D	E	R	K	N	Q	S	T	A	V	L	I	F	Y	W	H	M	C	P
0	0.06875	0.05007	0.10921	0.03998	0.17938	0.07413	0.00979	0.09442	0.12870	0.04156	0.01060	0.02704	0.00855	0.00651	0.00616	0.11360	0.00514	0.00411	0.00301	0.01931
1	0.00910	0.00739	0.00987	0.02135	0.02879	0.00891	0.00701	0.11076	0.00923	0.01309	0.01102	0.01743	0.01062	0.17365	0.33871	0.00459	0.20609	0.00496	0.00271	0.00471
2	0.00580	0.00424	0.00543	0.00633	0.00681	0.00393	0.00436	0.00672	0.00916	0.01199	0.02795	0.65037	0.13069	0.04529	0.00659	0.00196	0.00282	0.06151	0.00426	0.00379
3	0.00971	0.00833	0.00968	0.00698	0.01106	0.00638	0.00557	0.01214	0.03563	0.01530	0.00862	0.00990	0.00713	0.00354	0.00349	0.00072	0.00345	0.00284	0.00282	0.83672
4	0.01250	0.03477	0.01401	0.08394	0.21433	0.02992	0.02589	0.16293	0.14513	0.05540	0.01261	0.03375	0.03010	0.00528	0.00451	0.00135	0.00479	0.00451	0.00346	0.12082
5	0.11981	0.00652	0.00658	0.00614	0.00792	0.03262	0.00469	0.01113	0.09157	0.05204	0.24845	0.04600	0.31350	0.02646	0.00539	0.00157	0.00293	0.00755	0.00437	0.00476
6	0.00767	0.00610	0.00832	0.00799	0.00893	0.00727	0.00621	0.01068	0.11033	0.01199	0.01287	0.01807	0.01175	0.07512	0.57210	0.00588	0.08949	0.00502	0.01962	0.00459
7	0.01098	0.01255	0.02745	0.01961	0.02431	0.01176	0.79059	0.01490	0.01098	0.01490	0.00941	0.01255	0.00706	0.00392	0.00549	0.00157	0.00784	0.00549	0.00235	0.00627
8	0.08568	0.00905	0.01093	0.00863	0.01207	0.00889	0.00707	0.13945	0.11632	0.52691	0.01640	0.01467	0.01081	0.00569	0.00454	0.00145	0.00407	0.00451	0.00523	0.00762
9	0.00890	0.00575	0.00707	0.00661	0.00831	0.00542	0.00521	0.01182	0.08535	0.12719	0.34162	0.03517	0.21439	0.00966	0.00543	0.00158	0.00289	0.10771	0.00488	0.00504
10	0.00591	0.00422	0.00567	0.00675	0.00712	0.00398	0.00473	0.00689	0.00914	0.01214	0.02551	0.73197	0.03025	0.01435	0.00600	0.00192	0.00291	0.11238	0.00431	0.00384
11	0.01677	0.00717	0.00961	0.00791	0.01077	0.00642	0.00652	0.03705	0.01303	0.55755	0.11911	0.02295	0.01755	0.00714	0.00495	0.00152	0.00374	0.10540	0.03796	0.00686
12	0.01716	0.01252	0.01340	0.01033	0.01390	0.01383	0.00851	0.74607	0.02116	0.02862	0.01140	0.01153	0.00815	0.00557	0.00457	0.00138	0.00495	0.00420	0.05506	0.00770
13	0.02087	0.00792	0.01080	0.00828	0.01188	0.00684	0.00684	0.02267	0.01332	0.81071	0.01835	0.01583	0.01152	0.00576	0.00468	0.00144	0.00396	0.00468	0.00576	0.00792
14	0.01157	0.00999	0.01052	0.00947	0.01210	0.01157	0.00736	0.02472	0.79908	0.01946	0.01893	0.01736	0.01420	0.00631	0.00473	0.00158	0.00368	0.00526	0.00473	0.00736
15	0.00595	0.00432	0.00575	0.00669	0.00718	0.00411	0.00477	0.00701	0.00917	0.01213	0.02618	0.63104	0.08121	0.01536	0.05370	0.00223	0.00346	0.11167	0.00421	0.00388
16	0.01518	0.01275	0.06375	0.01047	0.01404	0.01327	0.00890	0.49455	0.27219	0.02520	0.01350	0.01308	0.00981	0.00575	0.00466	0.00146	0.00477	0.00449	0.00451	0.00767
17	0.02398	0.26426	0.37967	0.01183	0.05980	0.02430	0.02873	0.01564	0.01030	0.12711	0.00921	0.01007	0.00681	0.00446	0.00404	0.00132	0.00581	0.00339	0.00256	0.00672
18	0.01176	0.66245	0.19533	0.00911	0.01372	0.01676	0.00996	0.01410	0.00953	0.01177	0.00688	0.00797	0.00595	0.00408	0.00330	0.00110	0.00539	0.00269	0.00198	0.00617
19	0.00644	0.00475	0.00602	0.00570	0.00686	0.00433	0.00428	0.00851	0.01284	0.01786	0.70653	0.03605	0.14289	0.00981	0.00549	0.00148	0.00222	0.00860	0.00502	0.00433
20	0.00844	0.11466	0.01126	0.01017	0.10064	0.00790	0.04213	0.02668	0.06624	0.01433	0.12477	0.29660	0.05247	0.00978	0.00525	0.00163	0.00377	0.09439	0.00384	0.00507
21	0.01455	0.06338	0.04585	0.05660	0.06184	0.12575	0.04719	0.28754	0.16341	0.05119	0.02903	0.01252	0.00940	0.00534	0.00455	0.00140	0.00547	0.00426	0.00375	0.00696
22	0.00597	0.00426	0.00575	0.00682	0.00723	0.00404	0.00484	0.00700	0.00920	0.01221	0.02547	0.70433	0.03011	0.01429	0.00602	0.00193	0.00296	0.13938	0.00431	0.00386
23	0.01151	0.01105	0.01888	0.02855	0.80748	0.01105	0.01428	0.01428	0.01059	0.01520	0.00875	0.01151	0.00737	0.00415	0.00461	0.00138	0.00553	0.00415	0.00230	0.00737
24	0.07742	0.01256	0.03987	0.04295	0.51758	0.09535	0.01234	0.10622	0.01197	0.02750	0.00881	0.01088	0.00710	0.00444	0.00444	0.00138	0.00567	0.00389	0.00266	0.00699
25	0.00579	0.00440	0.00537	0.00605	0.00685	0.00398	0.00434	0.00688	0.00974	0.01247	0.05383	0.48166	0.28859	0.01336	0.00582	0.00179	0.00271	0.07813	0.00434	0.00389
26	0.00669	0.00484	0.00585	0.00567	0.00672	0.00454	0.00414	0.00871	0.03463	0.01608	0.47597	0.06166	0.15583	0.11727	0.00774	0.00189	0.00262	0.02326	0.05172	0.00417
27	0.00580	0.00417	0.00567	0.00661	0.00695	0.00404	0.00451	0.00672	0.00872	0.01174	0.02393	0.72752	0.02828	0.01722	0.11149	0.00262	0.00397	0.01215	0.00408	0.00383
28	0.01066	0.01082	0.01493	0.16789	0.13676	0.07337	0.03386	0.01249	0.00878	0.01229	0.00722	0.01070	0.00638	0.00623	0.00983	0.00169	0.41392	0.00398	0.00216	0.05604
29	0.01698	0.03963	0.01359	0.02605	0.03449	0.76640	0.00917	0.01825	0.01297	0.01148	0.00723	0.00852	0.00603	0.00476	0.00419	0.00120	0.00821	0.00303	0.00238	0.00545

[dist]
# distance from previous block
# <min> <max>
0	2

[block]
# block no. 6 follows, 55 sequences, length 13
# corresponding to MSA columns:
# 615-627
name=unknown_G
#
# <colnr> <probs for GDERKNQSTAVLIFYWHMCP>
#	G	D	E	R	K	N	Q	S	T	A	V	L	I	F	Y	W	H	M	C	P
0	0.01126	0.00815	0.00962	0.00704	0.01091	0.00645	0.00566	0.03944	0.01053	0.11512	0.01004	0.01093	0.00780	0.00392	0.00363	0.00083	0.00349	0.00314	0.05441	0.67764
1	0.01062	0.00658	0.01022	0.00832	0.01051	0.00599	0.11247	0.01295	0.01290	0.20832	0.50736	0.02717	0.03108	0.00785	0.00529	0.00147	0.00339	0.00712	0.00490	0.00549
2	0.00811	0.00666	0.00717	0.00679	0.00858	0.00680	0.00514	0.05887	0.24089	0.01598	0.09573	0.14180	0.35944	0.01002	0.00528	0.00160	0.00294	0.00851	0.00453	0.00518
3	0.00567	0.00405	0.00540	0.00648	0.00675	0.00378	0.00432	0.00648	0.00891	0.01188	0.02564	0.83347	0.03077	0.01457	0.00594	0.00189	0.00270	0.01323	0.00432	0.00378
4	0.01175	0.12458	0.01925	0.05520	0.64137	0.04061	0.01318	0.01429	0.01048	0.01436	0.00837	0.01088	0.00708	0.00416	0.00437	0.00133	0.00558	0.00388	0.00225	0.00702
5	0.00567	0.00405	0.00540	0.00648	0.00675	0.00378	0.00432	0.00648	0.00891	0.01188	0.02564	0.83347	0.03077	0.01457	0.00594	0.00189	0.00270	0.01323	0.00432	0.00378
6	0.01135	0.01861	0.49727	0.01423	0.06774	0.01056	0.11773	0.01594	0.03111	0.12360	0.01007	0.01132	0.00713	0.00471	0.00504	0.00150	0.03854	0.00400	0.00263	0.00691
7	0.00933	0.02406	0.81240	0.01326	0.02014	0.01080	0.01719	0.01473	0.00982	0.01473	0.00835	0.00982	0.00589	0.00442	0.00442	0.00147	0.00688	0.00344	0.00196	0.00688
8	0.01097	0.00849	0.00996	0.00720	0.01127	0.00668	0.00579	0.05306	0.01058	0.07977	0.00923	0.01022	0.00731	0.00374	0.00361	0.00079	0.00357	0.00298	0.00310	0.75169
9	0.06223	0.30861	0.23589	0.00957	0.01433	0.01247	0.03960	0.03152	0.00992	0.03010	0.00785	0.00906	0.00630	0.00407	0.00365	0.00112	0.00516	0.00301	0.00236	0.20315
10	0.12386	0.00488	0.00563	0.00618	0.00704	0.00478	0.00435	0.00777	0.00947	0.01403	0.12356	0.54296	0.10426	0.01226	0.00542	0.00174	0.00273	0.01082	0.00422	0.00404
11	0.01690	0.00985	0.11985	0.00860	0.01245	0.00708	0.00790	0.01925	0.01249	0.55351	0.09252	0.01630	0.01348	0.00573	0.00461	0.00138	0.00414	0.00470	0.00491	0.08435
12	0.12758	0.00853	0.00940	0.00699	0.01081	0.00723	0.00561	0.06101	0.01031	0.01697	0.03859	0.01041	0.00811	0.00393	0.00352	0.00087	0.00352	0.00303	0.00298	0.66058

[dist]
# distance from previous block
# <min> <max>
0	1

[block]
# block no. 7 follows, 55 sequences, length 93
# corresponding to MSA columns:
# 629-669,679-730
name=unknown_H
#
# <colnr> <probs for GDERKNQSTAVLIFYWHMCP>
#	G	D	E	R	K	N	Q	S	T	A	V	L	I	F	Y	W	H	M	C	P
0	0.01418	0.08238	0.08041	0.01017	0.01376	0.01330	0.00887	0.37367	0.30189	0.02278	0.01377	0.01338	0.01902	0.00569	0.00453	0.00144	0.00470	0.00444	0.00423	0.00742
1	0.08291	0.01220	0.02542	0.01831	0.02275	0.01171	0.70661	0.01471	0.01063	0.01532	0.00909	0.01208	0.00687	0.00405	0.00550	0.00157	0.02655	0.00521	0.00239	0.00614
2	0.00574	0.00411	0.00547	0.00643	0.00676	0.00383	0.00432	0.00667	0.00926	0.01244	0.09097	0.76652	0.03187	0.01415	0.00590	0.00185	0.00266	0.01282	0.00439	0.00383
3	0.01484	0.01031	0.01319	0.01072	0.02667	0.01088	0.09417	0.22324	0.27639	0.19342	0.02826	0.01563	0.01167	0.04195	0.00562	0.00162	0.00462	0.00498	0.00456	0.00726
4	0.01026	0.01042	0.01557	0.01295	0.01343	0.01400	0.08839	0.01157	0.00751	0.01157	0.00644	0.01042	0.00620	0.00772	0.01429	0.00199	0.74579	0.00421	0.00207	0.00521
5	0.00719	0.00598	0.01011	0.00908	0.01040	0.00647	0.11842	0.00906	0.00808	0.01144	0.01318	0.08608	0.01271	0.04867	0.61344	0.00609	0.01078	0.00579	0.00263	0.00439
6	0.01032	0.00937	0.01305	0.14438	0.09935	0.02274	0.02856	0.07906	0.10373	0.01527	0.11178	0.01534	0.01261	0.00852	0.06189	0.00204	0.24833	0.00488	0.00305	0.00573
7	0.00627	0.00495	0.00597	0.02924	0.00783	0.00478	0.00463	0.00839	0.07580	0.01295	0.06033	0.41913	0.28105	0.01339	0.04105	0.00198	0.00318	0.01065	0.00424	0.00421
8	0.01251	0.00825	0.02920	0.07689	0.02357	0.04090	0.00704	0.10253	0.01948	0.22683	0.01592	0.17197	0.01459	0.11818	0.06009	0.00232	0.02814	0.01631	0.00398	0.02129
9	0.01985	0.00762	0.01025	0.00795	0.01133	0.00663	0.00654	0.02168	0.01302	0.74421	0.01809	0.01596	0.01155	0.00573	0.00456	0.00141	0.00381	0.00465	0.07755	0.00762
10	0.08145	0.02253	0.72675	0.01281	0.01930	0.01080	0.03404	0.01465	0.00969	0.01525	0.00822	0.00970	0.00585	0.00440	0.00432	0.00147	0.00662	0.00341	0.00205	0.00671
11	0.00946	0.03572	0.77083	0.01376	0.04962	0.01093	0.01694	0.01470	0.00985	0.01469	0.00834	0.00985	0.00595	0.00440	0.00441	0.00146	0.00680	0.00345	0.00198	0.00688
12	0.01280	0.22740	0.11630	0.01115	0.05828	0.30739	0.00941	0.01511	0.03391	0.01267	0.04895	0.06471	0.01083	0.00583	0.00425	0.00131	0.00614	0.04522	0.00266	0.00569
13	0.01156	0.60772	0.24823	0.00947	0.01427	0.01625	0.01058	0.01416	0.00956	0.01202	0.00700	0.00813	0.00595	0.00411	0.00339	0.00113	0.00551	0.00276	0.00198	0.00623
14	0.01151	0.01105	0.01888	0.02855	0.80748	0.01105	0.01428	0.01428	0.01059	0.01520	0.00875	0.01151	0.00737	0.00415	0.00461	0.00138	0.00553	0.00415	0.00230	0.00737
15	0.01765	0.00770	0.01011	0.00776	0.01115	0.00653	0.00626	0.01935	0.01210	0.59924	0.01621	0.01594	0.01113	0.07497	0.00605	0.00156	0.00391	0.00450	0.00497	0.16291
16	0.01598	0.00739	0.00957	0.00795	0.01070	0.00688	0.00632	0.02861	0.11661	0.50116	0.11237	0.12240	0.01811	0.00740	0.00494	0.00152	0.00357	0.00628	0.00535	0.00690
17	0.00577	0.00482	0.00509	0.00514	0.00659	0.00422	0.00382	0.00730	0.03265	0.01285	0.07000	0.10875	0.66160	0.01265	0.03607	0.00182	0.00280	0.00974	0.00429	0.00404
18	0.00694	0.00440	0.00582	0.00656	0.00716	0.00404	0.00450	0.00784	0.00934	0.07886	0.02584	0.73528	0.05829	0.01373	0.00582	0.00184	0.00279	0.01238	0.00444	0.00413
