[name]
unknown

[dist]
# distance from previous block
# <min> <max>
3	372

[block]
# block no. 0 follows, 46 sequences, length 11
# corresponding to MSA columns:
# 372-382
name=unknown_A
#
# <colnr> <probs for GDERKNQSTAVLIFYWHMCP>
#	G	D	E	R	K	N	Q	S	T	A	V	L	I	F	Y	W	H	M	C	P
0	0.01432	0.01121	0.01263	0.04830	0.03508	0.02600	0.00872	0.22504	0.25875	0.05557	0.01747	0.08763	0.01472	0.02272	0.00579	0.00173	0.00486	0.04295	0.00478	0.10173
1	0.04360	0.00894	0.01079	0.01029	0.06572	0.00898	0.00735	0.11264	0.10541	0.01905	0.09306	0.05484	0.01731	0.09390	0.10532	0.00273	0.00563	0.04081	0.00406	0.18956
2	0.01219	0.01270	0.02348	0.09891	0.05084	0.01314	0.41614	0.01781	0.13942	0.01703	0.01189	0.01468	0.00917	0.00550	0.00704	0.00178	0.09277	0.00566	0.00308	0.04676
3	0.01577	0.01793	0.01733	0.01459	0.01665	0.34841	0.09500	0.06998	0.01272	0.01475	0.00830	0.01108	0.00715	0.00688	0.00986	0.00180	0.31846	0.00429	0.00274	0.00631
4	0.15192	0.00974	0.01471	0.45401	0.15799	0.01133	0.01281	0.01406	0.01072	0.01611	0.01105	0.01766	0.00945	0.00608	0.00514	0.00178	0.00619	0.08026	0.00281	0.00618
5	0.01835	0.00881	0.01116	0.00938	0.01257	0.00844	0.00743	0.02321	0.19057	0.47741	0.02240	0.15174	0.01748	0.00837	0.00557	0.00176	0.00418	0.00710	0.00600	0.00806
6	0.00720	0.00535	0.00693	0.08793	0.00992	0.00535	0.00524	0.00812	0.00955	0.01248	0.02542	0.38979	0.10328	0.28361	0.01333	0.00307	0.00413	0.01110	0.00407	0.00411
7	0.00999	0.00938	0.01242	0.14380	0.01575	0.06595	0.00966	0.01190	0.00919	0.01266	0.01085	0.01619	0.00991	0.02265	0.38037	0.00507	0.24131	0.00504	0.00259	0.00532
8	0.01130	0.00882	0.00783	0.08805	0.01093	0.13820	0.00586	0.01341	0.01132	0.01690	0.01485	0.01905	0.01237	0.09412	0.00657	0.00173	0.00441	0.00495	0.52430	0.00504
9	0.00966	0.00718	0.00963	0.00898	0.01050	0.00814	0.00707	0.13633	0.01172	0.01647	0.07009	0.02079	0.01520	0.03193	0.60287	0.00683	0.01190	0.00580	0.00346	0.00546
10	0.08853	0.00714	0.00802	0.00777	0.00943	0.00724	0.00583	0.13589	0.01363	0.01920	0.14497	0.33324	0.15058	0.01227	0.00603	0.00188	0.00353	0.03448	0.00496	0.00537

[dist]
# distance from previous block
# <min> <max>
1	4

[block]
# block no. 1 follows, 46 sequences, length 22
# corresponding to MSA columns:
# 387-408
name=unknown_B
#
# <colnr> <probs for GDERKNQSTAVLIFYWHMCP>
#	G	D	E	R	K	N	Q	S	T	A	V	L	I	F	Y	W	H	M	C	P
0	0.00746	0.00561	0.00655	0.00642	0.00796	0.00487	0.00467	0.00897	0.01197	0.03517	0.19152	0.21990	0.33308	0.05323	0.00719	0.00193	0.00300	0.01073	0.00490	0.07485
1	0.00894	0.00466	0.00676	0.00676	0.00691	0.00458	0.00454	0.00695	0.00732	0.00961	0.01289	0.01897	0.07343	0.01795	0.01946	0.77572	0.00443	0.00514	0.00251	0.00248
2	0.00637	0.00527	0.00559	0.00571	0.00727	0.00449	0.00421	0.00776	0.01206	0.01476	0.11105	0.14320	0.62689	0.01356	0.00631	0.00182	0.00271	0.01150	0.00498	0.00449
3	0.00764	0.00495	0.00575	0.00610	0.00636	0.00486	0.00376	0.00825	0.00886	0.01252	0.02028	0.25285	0.02288	0.47289	0.01788	0.00373	0.00416	0.00938	0.12313	0.00376
4	0.00860	0.00674	0.00724	0.00775	0.00867	0.07044	0.00545	0.00978	0.01130	0.05317	0.08630	0.52130	0.10125	0.04599	0.00724	0.00211	0.00373	0.03340	0.00481	0.00473
5	0.07722	0.00532	0.00650	0.00740	0.00820	0.00516	0.00530	0.00855	0.01059	0.01496	0.05784	0.57126	0.09277	0.01490	0.00646	0.00209	0.00329	0.09286	0.00480	0.00452
6	0.00855	0.00591	0.00684	0.00657	0.00819	0.00539	0.00488	0.01077	0.05093	0.08016	0.20866	0.10112	0.36069	0.08897	0.00817	0.00211	0.00318	0.02878	0.00511	0.00504
7	0.15257	0.00872	0.01053	0.00851	0.01200	0.00810	0.00689	0.02065	0.04352	0.45729	0.07650	0.05556	0.04186	0.00714	0.00506	0.00161	0.00410	0.00576	0.00554	0.06811
8	0.57999	0.07004	0.00910	0.00704	0.00990	0.01085	0.00579	0.01419	0.01060	0.02224	0.19762	0.01620	0.01670	0.00633	0.00401	0.00160	0.00381	0.00451	0.00382	0.00562
9	0.07198	0.00654	0.00842	0.06550	0.01174	0.00673	0.00749	0.01138	0.03994	0.01706	0.15077	0.10103	0.09841	0.01233	0.00647	0.00209	0.00422	0.36807	0.00475	0.00507
10	0.00797	0.00608	0.00865	0.00853	0.00965	0.00699	0.00662	0.01089	0.06664	0.01366	0.06975	0.02204	0.01608	0.03512	0.67704	0.00750	0.01257	0.00597	0.00324	0.00502
11	0.01222	0.01269	0.07417	0.10323	0.53954	0.01197	0.01478	0.01628	0.06893	0.01672	0.01122	0.01510	0.00949	0.06329	0.00680	0.00187	0.00622	0.00496	0.00281	0.00771
12	0.06998	0.00663	0.00911	0.00963	0.06466	0.00720	0.00664	0.01125	0.00913	0.07144	0.01438	0.02193	0.01353	0.18884	0.46500	0.00630	0.01031	0.00578	0.00320	0.00507
13	0.00857	0.00611	0.00722	0.00702	0.00854	0.00572	0.00531	0.06350	0.01313	0.04516	0.21150	0.14267	0.29558	0.05332	0.00784	0.03114	0.00336	0.07432	0.00503	0.00495
14	0.40503	0.04479	0.11062	0.01134	0.07154	0.06122	0.00943	0.13393	0.01241	0.02193	0.00921	0.01084	0.00721	0.00766	0.06095	0.00209	0.00613	0.00367	0.00330	0.00670
15	0.01384	0.06878	0.01244	0.01987	0.01259	0.06813	0.00744	0.17751	0.03934	0.08366	0.10293	0.02089	0.10347	0.03719	0.00678	0.03390	0.02500	0.00570	0.00431	0.15623
16	0.01293	0.24374	0.09202	0.12373	0.06289	0.05931	0.02659	0.05494	0.06965	0.04643	0.04928	0.07171	0.02929	0.00662	0.00523	0.00157	0.02870	0.00529	0.00331	0.00679
17	0.03532	0.04173	0.30585	0.01343	0.01902	0.06091	0.09281	0.15124	0.04154	0.06279	0.01105	0.01219	0.00808	0.00523	0.00498	0.00152	0.00670	0.00427	0.00336	0.11800
18	0.10585	0.06229	0.01593	0.07786	0.18694	0.13377	0.03642	0.12398	0.03735	0.04640	0.09474	0.01584	0.02828	0.00608	0.00502	0.00157	0.00598	0.00497	0.00366	0.00706
19	0.04639	0.01180	0.07043	0.01036	0.01369	0.02662	0.02780	0.24819	0.09007	0.04567	0.07285	0.11741	0.03972	0.02818	0.00602	0.00176	0.00494	0.05032	0.00462	0.08317
20	0.05136	0.06812	0.01163	0.00914	0.01180	0.04546	0.00722	0.22129	0.06990	0.05017	0.05226	0.20998	0.11531	0.00998	0.01395	0.00177	0.00456	0.00801	0.00470	0.03338
21	0.02652	0.03392	0.09356	0.01937	0.01491	0.10864	0.03809	0.21427	0.06970	0.08403	0.05844	0.03785	0.10158	0.02805	0.00592	0.00171	0.00568	0.02222	0.00438	0.03115

[dist]
# distance from previous block
# <min> <max>
14	60

[block]
# block no. 2 follows, 46 sequences, length 20
# corresponding to MSA columns:
# 471-490
name=unknown_C
#
# <colnr> <probs for GDERKNQSTAVLIFYWHMCP>
#	G	D	E	R	K	N	Q	S	T	A	V	L	I	F	Y	W	H	M	C	P
0	0.01388	0.01330	0.08096	0.14441	0.37198	0.05229	0.01376	0.04170	0.01253	0.09894	0.01093	0.01318	0.00841	0.00503	0.00507	0.00152	0.00624	0.00447	0.00311	0.09831
1	0.01185	0.01118	0.01710	0.17537	0.33398	0.03769	0.05814	0.04908	0.01212	0.01650	0.01373	0.04809	0.05943	0.03586	0.00608	0.00170	0.00602	0.00553	0.00301	0.09755
2	0.00834	0.00768	0.00746	0.03645	0.00948	0.09283	0.00547	0.00981	0.01176	0.01432	0.13036	0.08340	0.36872	0.09571	0.09223	0.00280	0.00508	0.00914	0.00429	0.00466
3	0.00988	0.03199	0.01418	0.16227	0.08287	0.00935	0.12363	0.01287	0.06662	0.01400	0.01604	0.05250	0.03650	0.28555	0.01304	0.00295	0.00596	0.05114	0.00325	0.00542
4	0.10225	0.01378	0.14881	0.20049	0.22915	0.01215	0.04338	0.04124	0.06963	0.01763	0.01130	0.05008	0.00930	0.00580	0.00537	0.00171	0.02284	0.00501	0.00296	0.00714
5	0.10087	0.06039	0.03651	0.14088	0.01408	0.00876	0.00750	0.03776	0.01077	0.06781	0.06329	0.11754	0.06076	0.17845	0.07004	0.00295	0.00559	0.00700	0.00371	0.00533
6	0.00985	0.00493	0.00493	0.00493	0.00616	0.00493	0.00370	0.01232	0.01109	0.01971	0.01725	0.01971	0.01355	0.00616	0.00370	0.00123	0.00246	0.00493	0.84356	0.00493
7	0.01857	0.02206	0.09781	0.01310	0.01651	0.52654	0.01087	0.04580	0.06077	0.09940	0.01063	0.01142	0.00813	0.00577	0.00528	0.00149	0.03178	0.00391	0.00332	0.00685
8	0.01121	0.03925	0.01131	0.00878	0.01177	0.04459	0.01940	0.05493	0.01151	0.03878	0.01502	0.17399	0.02969	0.06542	0.00723	0.00161	0.05624	0.00631	0.00364	0.38932
9	0.10009	0.00791	0.00896	0.00761	0.01058	0.00702	0.00585	0.01224	0.04809	0.01686	0.03231	0.17747	0.07913	0.01045	0.06633	0.00190	0.00445	0.00664	0.00379	0.39232
10	0.04122	0.08511	0.18601	0.01543	0.07754	0.06916	0.15151	0.07510	0.01246	0.05464	0.01020	0.01278	0.00810	0.03444	0.00704	0.00174	0.08745	0.00453	0.00297	0.06260
11	0.05200	0.17737	0.18445	0.03514	0.01765	0.05192	0.11326	0.09126	0.01269	0.04466	0.01265	0.09976	0.01145	0.00687	0.00551	0.00166	0.03299	0.03861	0.00325	0.00686
12	0.00705	0.00579	0.00628	0.00649	0.00800	0.00535	0.00473	0.00974	0.09345	0.01491	0.04337	0.25680	0.49185	0.01359	0.00629	0.00189	0.00295	0.01166	0.00496	0.00484
13	0.03612	0.01020	0.04248	0.05814	0.02469	0.04404	0.06352	0.06526	0.09389	0.07614	0.23533	0.06840	0.03872	0.00845	0.01967	0.00173	0.00482	0.00684	0.00454	0.09706
14	0.01125	0.03321	0.02269	0.21953	0.01783	0.00878	0.01824	0.03153	0.07241	0.10906	0.05662	0.19286	0.06149	0.02318	0.00591	0.00176	0.00475	0.00759	0.00415	0.09717
15	0.51599	0.08768	0.05439	0.05711	0.03871	0.01177	0.00773	0.01514	0.00989	0.05568	0.01064	0.09533	0.00952	0.00621	0.00404	0.00165	0.00461	0.00451	0.00337	0.00604
16	0.01642	0.24211	0.16967	0.01116	0.01590	0.02858	0.01098	0.13496	0.09550	0.18833	0.01310	0.01305	0.00951	0.00575	0.00496	0.00152	0.02228	0.00427	0.00401	0.00795
17	0.01212	0.13700	0.59700	0.01391	0.02087	0.01394	0.01704	0.09717	0.01258	0.01792	0.00953	0.01095	0.00696	0.00510	0.00482	0.00159	0.00729	0.00385	0.00257	0.00780
18	0.72799	0.01061	0.01048	0.00870	0.01223	0.01186	0.08738	0.01610	0.00962	0.05338	0.00826	0.00958	0.00627	0.00492	0.00367	0.00165	0.00463	0.00332	0.00334	0.00601
19	0.30602	0.03120	0.03865	0.03727	0.14374	0.07151	0.02439	0.01545	0.03750	0.05962	0.01505	0.13059	0.05445	0.00726	0.00477	0.00169	0.00504	0.00587	0.00360	0.00633

[dist]
# distance from previous block
# <min> <max>
2	178

[block]
# block no. 3 follows, 46 sequences, length 24
# corresponding to MSA columns:
# 672-695
name=unknown_D
#
# <colnr> <probs for GDERKNQSTAVLIFYWHMCP>
#	G	D	E	R	K	N	Q	S	T	A	V	L	I	F	Y	W	H	M	C	P
0	0.29732	0.01719	0.01427	0.01407	0.11101	0.33011	0.04719	0.07950	0.01329	0.01897	0.00862	0.01016	0.00688	0.00520	0.00444	0.00152	0.00696	0.00364	0.00310	0.00656
1	0.00803	0.00479	0.00683	0.00718	0.00745	0.00482	0.00491	0.00745	0.00821	0.01104	0.01702	0.24554	0.03666	0.05168	0.13127	0.42700	0.00555	0.00802	0.00322	0.00332
2	0.01357	0.01178	0.01342	0.01409	0.14272	0.05080	0.00946	0.14528	0.35444	0.02189	0.07664	0.05945	0.04804	0.00754	0.00548	0.00171	0.00483	0.00637	0.00476	0.00774
3	0.00650	0.00468	0.00618	0.00737	0.00776	0.00436	0.00499	0.00749	0.01026	0.01360	0.02996	0.75958	0.06115	0.01639	0.00675	0.00214	0.00311	0.03852	0.00491	0.00432
4	0.12573	0.01658	0.19367	0.04056	0.09239	0.03884	0.29712	0.05507	0.05573	0.01873	0.01050	0.01276	0.00789	0.00498	0.00530	0.00169	0.00731	0.00489	0.00293	0.00730
5	0.78931	0.01040	0.00828	0.00727	0.01060	0.01196	0.00599	0.05090	0.00991	0.04556	0.00799	0.00904	0.00609	0.00502	0.00342	0.00163	0.00418	0.00302	0.00346	0.00597
6	0.00688	0.00525	0.00632	0.00632	0.00760	0.00469	0.00464	0.00872	0.01315	0.01753	0.40330	0.17191	0.29919	0.01266	0.00633	0.00179	0.00265	0.01102	0.00535	0.00469
7	0.00675	0.00511	0.00627	0.00706	0.00785	0.00477	0.00488	0.00847	0.04640	0.01433	0.05898	0.58295	0.19625	0.01524	0.00656	0.00204	0.00302	0.01358	0.00496	0.00454
8	0.00687	0.00528	0.00632	0.00655	0.00782	0.00474	0.00490	0.00858	0.01258	0.01641	0.27180	0.20096	0.33640	0.01333	0.00644	0.00188	0.00289	0.07643	0.00519	0.00463
9	0.00690	0.00491	0.00609	0.00666	0.00712	0.00463	0.00437	0.00780	0.01022	0.01363	0.12276	0.43502	0.09315	0.23744	0.01225	0.00288	0.00354	0.01198	0.00455	0.00409
10	0.00720	0.00597	0.00640	0.00641	0.00808	0.00553	0.00475	0.01022	0.10449	0.01560	0.09665	0.16320	0.52061	0.01294	0.00622	0.00183	0.00291	0.01101	0.00503	0.00495
11	0.00998	0.00940	0.01586	0.80150	0.03641	0.01175	0.01468	0.01351	0.01057	0.01351	0.00940	0.01409	0.00705	0.00529	0.00529	0.00176	0.00705	0.00470	0.00235	0.00587
12	0.01157	0.01157	0.01619	0.01388	0.01388	0.01619	0.01157	0.01272	0.00810	0.01272	0.00694	0.01157	0.00694	0.00925	0.01735	0.00231	0.80453	0.00463	0.00231	0.00578
13	0.85155	0.01022	0.00777	0.00695	0.01022	0.01186	0.00573	0.01554	0.00900	0.02372	0.00736	0.00859	0.00573	0.00491	0.00327	0.00164	0.00409	0.00286	0.00327	0.00573
14	0.01367	0.76111	0.02627	0.00888	0.01318	0.01981	0.00876	0.01542	0.01103	0.01305	0.06080	0.01063	0.00977	0.00496	0.00359	0.00117	0.00543	0.00329	0.00251	0.00666
15	0.00998	0.00940	0.01586	0.80150	0.03641	0.01175	0.01468	0.01351	0.01057	0.01351	0.00940	0.01409	0.00705	0.00529	0.00529	0.00176	0.00705	0.00470	0.00235	0.00587
16	0.76690	0.01010	0.00823	0.00720	0.01056	0.01144	0.00593	0.01659	0.00962	0.10156	0.00874	0.00955	0.00648	0.00507	0.00348	0.00164	0.00413	0.00311	0.00361	0.00606
17	0.01160	0.00977	0.01130	0.00813	0.01280	0.00770	0.00653	0.06532	0.01193	0.01834	0.00962	0.01108	0.00791	0.00408	0.00401	0.00084	0.00405	0.00324	0.00328	0.78847
18	0.00700	0.00503	0.00675	0.00794	0.00854	0.00478	0.00586	0.00834	0.01074	0.01415	0.02962	0.58268	0.05787	0.01593	0.00688	0.00221	0.00354	0.21278	0.00490	0.00445
19	0.01777	0.01405	0.01661	0.01311	0.01694	0.13070	0.14135	0.19356	0.16031	0.18973	0.04035	0.01587	0.01209	0.00622	0.00543	0.00164	0.00622	0.00533	0.00475	0.00798
20	0.01157	0.01157	0.01619	0.01388	0.01388	0.01619	0.01157	0.01272	0.00810	0.01272	0.00694	0.01157	0.00694	0.00925	0.01735	0.00231	0.80453	0.00463	0.00231	0.00578
21	0.00712	0.00533	0.00662	0.00657	0.00784	0.00483	0.00491	0.00915	0.01358	0.01842	0.48526	0.13277	0.21924	0.01226	0.00635	0.00178	0.00272	0.04500	0.00545	0.00478
22	0.01039	0.00986	0.01679	0.62735	0.12010	0.01176	0.04503	0.01380	0.01092	0.01437	0.04004	0.01492	0.00894	0.00552	0.00569	0.00175	0.02911	0.00495	0.00253	0.00617
23	0.11809	0.10226	0.01579	0.01349	0.07027	0.48321	0.00989	0.06176	0.05028	0.01608	0.00901	0.01023	0.00736	0.00537	0.00454	0.00142	0.00779	0.00357	0.00301	0.00658

[dist]
# distance from previous block
# <min> <max>
0	1

[block]
# block no. 4 follows, 46 sequences, length 7
# corresponding to MSA columns:
# 697-703
name=unknown_E
#
# <colnr> <probs for GDERKNQSTAVLIFYWHMCP>
#	G	D	E	R	K	N	Q	S	T	A	V	L	I	F	Y	W	H	M	C	P
0	0.01741	0.11098	0.01601	0.01176	0.03796	0.07900	0.00947	0.37587	0.08855	0.07525	0.01367	0.01571	0.01070	0.00644	0.00506	0.00153	0.00569	0.05005	0.00455	0.06436
1	0.12379	0.04983	0.04450	0.01276	0.08786	0.08428	0.00968	0.20888	0.09807	0.07491	0.01486	0.01550	0.06027	0.00756	0.02963	0.00185	0.05942	0.00488	0.00408	0.00739
2	0.00672	0.00525	0.00610	0.00615	0.00750	0.00462	0.00451	0.00841	0.01278	0.01664	0.31021	0.17092	0.39532	0.01298	0.00633	0.00180	0.00268	0.01122	0.00524	0.00462
3	0.01637	0.32111	0.01944	0.01135	0.01481	0.38702	0.00946	0.01794	0.01265	0.01315	0.00792	0.00938	0.00691	0.00515	0.00481	0.00127	0.04821	0.00322	0.00257	0.08726
4	0.00985	0.00493	0.00493	0.00493	0.00616	0.00493	0.00370	0.01232	0.01109	0.01971	0.01725	0.01971	0.01355	0.00616	0.00370	0.00123	0.00246	0.00493	0.84356	0.00493
5	0.43735	0.12221	0.01264	0.00855	0.01221	0.01323	0.00726	0.16361	0.01334	0.11753	0.04061	0.01176	0.00917	0.00557	0.00405	0.00156	0.00463	0.00380	0.00403	0.00689
6	0.23298	0.00844	0.00926	0.00912	0.04993	0.00904	0.00669	0.05030	0.08777	0.06507	0.15379	0.05173	0.08308	0.04883	0.03740	0.00216	0.02377	0.03983	0.02483	0.00597

[dist]
# distance from previous block
# <min> <max>
0	9

[block]
# block no. 5 follows, 46 sequences, length 17
# corresponding to MSA columns:
# 715-731
name=unknown_F
#
# <colnr> <probs for GDERKNQSTAVLIFYWHMCP>
#	G	D	E	R	K	N	Q	S	T	A	V	L	I	F	Y	W	H	M	C	P
0	0.07605	0.03193	0.06553	0.01057	0.01320	0.16463	0.00876	0.12885	0.03893	0.01794	0.03169	0.17244	0.01504	0.01126	0.07568	0.00229	0.05860	0.02162	0.00375	0.05124
1	0.03556	0.38746	0.15314	0.01094	0.01562	0.07766	0.01084	0.09765	0.10697	0.04272	0.01055	0.01118	0.00835	0.00528	0.00429	0.00140	0.00609	0.00374	0.00317	0.00739
2	0.04209	0.05227	0.10117	0.06519	0.08046	0.11469	0.07655	0.11003	0.06660	0.01868	0.02740	0.03406	0.00981	0.00552	0.00490	0.00144	0.00621	0.00459	0.00334	0.17499
3	0.00900	0.01001	0.11777	0.00956	0.03108	0.04990	0.00789	0.01224	0.07933	0.02884	0.11529	0.37107	0.08271	0.02782	0.00652	0.00196	0.00428	0.02471	0.00450	0.00553
4	0.00708	0.00518	0.00705	0.00746	0.00814	0.00536	0.00534	0.00843	0.00972	0.01332	0.08229	0.30939	0.07091	0.11176	0.31782	0.00490	0.00758	0.00989	0.00398	0.00441
5	0.04201	0.01556	0.10114	0.05911	0.10923	0.14574	0.13398	0.06620	0.13408	0.05452	0.03933	0.03186	0.03119	0.00612	0.00535	0.00165	0.00667	0.00536	0.00362	0.00727
6	0.09688	0.01387	0.01533	0.11571	0.07274	0.13256	0.05921	0.24027	0.05788	0.08086	0.01274	0.05595	0.01009	0.00630	0.00516	0.00164	0.00628	0.00512	0.00404	0.00738
7	0.00749	0.00556	0.00816	0.00824	0.00909	0.00636	0.00628	0.00919	0.00855	0.01222	0.01530	0.07320	0.01503	0.08852	0.69211	0.00786	0.01285	0.00641	0.00299	0.00459
8	0.01134	0.01469	0.17106	0.16213	0.14935	0.05593	0.13464	0.01568	0.05275	0.01660	0.09493	0.03674	0.03167	0.00627	0.00576	0.00171	0.02307	0.00572	0.00311	0.00686
9	0.03693	0.04106	0.05841	0.01448	0.05823	0.22830	0.10011	0.24706	0.01656	0.06523	0.01102	0.01245	0.00839	0.00754	0.04868	0.00194	0.02800	0.00449	0.00369	0.00743
10	0.00748	0.00528	0.00665	0.00673	0.00715	0.00552	0.00446	0.00823	0.00834	0.01133	0.01865	0.08162	0.05927	0.46800	0.27282	0.00584	0.00779	0.00770	0.00329	0.00383
11	0.00677	0.00488	0.00633	0.00706	0.00773	0.00451	0.00493	0.00799	0.01124	0.01502	0.17706	0.52942	0.11798	0.01509	0.00705	0.02874	0.00302	0.03578	0.00500	0.00440
12	0.01234	0.05771	0.03275	0.01654	0.09107	0.03586	0.24657	0.05530	0.03105	0.04036	0.01255	0.09202	0.01133	0.01039	0.08830	0.00251	0.14740	0.00618	0.00314	0.00664
13	0.01975	0.02520	0.01498	0.01362	0.01634	0.79299	0.01021	0.02111	0.01498	0.01294	0.00817	0.00953	0.00681	0.00545	0.00477	0.00136	0.00953	0.00340	0.00272	0.00613
14	0.01110	0.00791	0.00995	0.00869	0.01095	0.00776	0.04644	0.13227	0.06140	0.08908	0.18909	0.17640	0.20581	0.01082	0.00605	0.00178	0.00380	0.00940	0.00522	0.00606
15	0.01649	0.01283	0.01367	0.01123	0.01470	0.01442	0.00897	0.41171	0.34009	0.02734	0.01664	0.01684	0.01256	0.05001	0.00649	0.00186	0.00509	0.00543	0.00522	0.00842
16	0.09732	0.01107	0.03332	0.00978	0.01284	0.01147	0.00796	0.33520	0.06823	0.07396	0.03616	0.10709	0.06747	0.05308	0.04899	0.00225	0.00532	0.00658	0.00479	0.00712

[dist]
# distance from previous block
# <min> <max>
1	20

[block]
# block no. 6 follows, 46 sequences, length 10
# corresponding to MSA columns:
# 764-773
name=unknown_G
#
# <colnr> <probs for GDERKNQSTAVLIFYWHMCP>
#	G	D	E	R	K	N	Q	S	T	A	V	L	I	F	Y	W	H	M	C	P
0	0.01218	0.01250	0.01761	0.01376	0.01704	0.12194	0.28034	0.05069	0.06037	0.01628	0.04005	0.02274	0.08493	0.13319	0.00906	0.00219	0.00670	0.03396	0.00348	0.06098
1	0.12438	0.00735	0.00917	0.04822	0.11159	0.00769	0.00656	0.04600	0.00998	0.01505	0.01694	0.21148	0.01862	0.32855	0.01392	0.00314	0.00477	0.00810	0.00360	0.00490
2	0.05169	0.00703	0.00891	0.00851	0.01023	0.02406	0.04185	0.01127	0.03944	0.05215	0.06674	0.47011	0.02682	0.01219	0.00598	0.00184	0.00379	0.03249	0.00457	0.12033
3	0.62472	0.01147	0.00998	0.00837	0.01191	0.01310	0.00690	0.21962	0.01332	0.02634	0.00882	0.00971	0.00662	0.00530	0.00382	0.00162	0.00456	0.00338	0.00382	0.00662
4	0.01151	0.00973	0.01168	0.00920	0.01244	0.00944	0.00739	0.08590	0.06221	0.01904	0.13550	0.01645	0.01520	0.00632	0.00663	0.00131	0.12941	0.00476	0.00380	0.44209
5	0.00746	0.00516	0.00570	0.00570	0.00598	0.00502	0.00333	0.00767	0.00837	0.01088	0.02244	0.03715	0.13835	0.68865	0.02367	0.00460	0.00474	0.00823	0.00347	0.00340
6	0.01145	0.01163	0.01849	0.14360	0.01971	0.01502	0.12973	0.01351	0.00919	0.01351	0.00793	0.01240	0.00713	0.00785	0.01364	0.00214	0.54978	0.00489	0.00238	0.00601
7	0.40741	0.04029	0.01252	0.07598	0.07729	0.25134	0.00886	0.01747	0.01145	0.04265	0.00841	0.00999	0.00665	0.00513	0.00412	0.00154	0.00624	0.00341	0.00305	0.00621
8	0.00925	0.00671	0.00751	0.00699	0.00813	0.00683	0.00482	0.12631	0.01151	0.01507	0.02439	0.07547	0.18038	0.40964	0.08097	0.00397	0.00534	0.00820	0.00396	0.00456
9	0.01106	0.00975	0.01181	0.00882	0.01275	0.00854	0.00713	0.01322	0.01050	0.01649	0.00900	0.01106	0.00769	0.00479	0.00611	0.00103	0.13444	0.00338	0.00300	0.70946

[dist]
# distance from previous block
# <min> <max>
4	8

[block]
# block no. 7 follows, 46 sequences, length 35
# corresponding to MSA columns:
# 786-820
name=unknown_H
#
# <colnr> <probs for GDERKNQSTAVLIFYWHMCP>
#	G	D	E	R	K	N	Q	S	T	A	V	L	I	F	Y	W	H	M	C	P
0	0.13289	0.01206	0.01510	0.31000	0.17676	0.09638	0.01208	0.01668	0.07610	0.03458	0.01034	0.01299	0.00805	0.00534	0.00511	0.00163	0.02153	0.00435	0.00297	0.04507
1	0.12144	0.19015	0.19005	0.03633	0.01758	0.04799	0.11681	0.01638	0.01130	0.08016	0.02664	0.05502	0.00976	0.00596	0.00547	0.00161	0.05274	0.00474	0.00304	0.00682
2	0.00985	0.00493	0.00493	0.00493	0.00616	0.00493	0.00370	0.01232	0.01109	0.01971	0.01725	0.01971	0.01355	0.00616	0.00370	0.00123	0.00246	0.00493	0.84356	0.00493
3	0.01234	0.03333	0.07265	0.10020	0.11711	0.01075	0.18947	0.07314	0.01262	0.07956	0.01486	0.16762	0.01365	0.00819	0.02685	0.00190	0.00637	0.00696	0.00357	0.04886
4	0.00639	0.00482	0.00591	0.00679	0.00752	0.00434	0.00465	0.00743	0.01067	0.01372	0.03607	0.59492	0.24633	0.01566	0.00661	0.00204	0.00296	0.01393	0.00491	0.00434
5	0.73994	0.01032	0.00853	0.00740	0.01079	0.01169	0.00610	0.04950	0.01025	0.09301	0.00882	0.00962	0.00654	0.00512	0.00355	0.00163	0.00420	0.00317	0.00366	0.00617
6	0.01187	0.01394	0.05912	0.02069	0.02569	0.01253	0.66611	0.01609	0.01222	0.01663	0.01226	0.08391	0.01033	0.00554	0.00623	0.00181	0.00836	0.00692	0.00285	0.00691
7	0.00644	0.00460	0.00613	0.00736	0.00767	0.00429	0.00491	0.00736	0.01012	0.01350	0.02914	0.81076	0.03497	0.01656	0.00675	0.00215	0.00307	0.01503	0.00491	0.00429
8	0.01338	0.01147	0.01208	0.01080	0.01383	0.01326	0.00842	0.05241	0.74699	0.02249	0.02123	0.01949	0.01590	0.00714	0.00538	0.00179	0.00424	0.00594	0.00538	0.00839
9	0.02692	0.00901	0.01184	0.03012	0.08016	0.00917	0.02679	0.01614	0.17917	0.03678	0.01711	0.02571	0.01560	0.03855	0.09646	0.00258	0.02619	0.16335	0.00396	0.18438
10	0.01019	0.00927	0.01527	0.01594	0.18054	0.00906	0.15870	0.04725	0.05664	0.01729	0.10030	0.24155	0.09597	0.00965	0.00607	0.00182	0.00502	0.00909	0.00410	0.00629
11	0.85155	0.01022	0.00777	0.00695	0.01022	0.01186	0.00573	0.01554	0.00900	0.02372	0.00736	0.00859	0.00573	0.00491	0.00327	0.00164	0.00409	0.00286	0.00327	0.00573
12	0.00913	0.00583	0.00698	0.00650	0.00833	0.00510	0.00494	0.01096	0.01342	0.12348	0.31102	0.08635	0.36476	0.01169	0.00614	0.00174	0.00289	0.00999	0.00547	0.00527
13	0.11572	0.01156	0.01229	0.01009	0.01344	0.04440	0.00810	0.31218	0.05975	0.19864	0.05116	0.10937	0.01479	0.00764	0.00526	0.00168	0.00490	0.00611	0.00521	0.00772
14	0.01248	0.01426	0.03119	0.02228	0.02763	0.01337	0.76203	0.01693	0.01248	0.01693	0.01070	0.01426	0.00802	0.00446	0.00624	0.00178	0.00891	0.00624	0.00267	0.00713
15	0.00726	0.00543	0.00739	0.00834	0.00882	0.00556	0.00616	0.00851	0.01039	0.01392	0.02722	0.59515	0.03191	0.01561	0.00766	0.00222	0.06395	0.16528	0.00470	0.00453
16	0.00652	0.00471	0.00620	0.00735	0.00779	0.00439	0.00502	0.00754	0.01033	0.01365	0.03050	0.73228	0.07801	0.01629	0.00674	0.00214	0.00313	0.04818	0.00491	0.00433
17	0.01441	0.01219	0.01826	0.04166	0.39687	0.04155	0.02804	0.01761	0.05584	0.12470	0.01143	0.01374	0.00908	0.00615	0.00794	0.00176	0.18296	0.00483	0.00326	0.00772
18	0.00954	0.00764	0.00883	0.00852	0.01024	0.00816	0.00635	0.01673	0.32393	0.01960	0.27618	0.22898	0.03223	0.01079	0.00602	0.00184	0.00333	0.00949	0.00541	0.00620
19	0.85155	0.01022	0.00777	0.00695	0.01022	0.01186	0.00573	0.01554	0.00900	0.02372	0.00736	0.00859	0.00573	0.00491	0.00327	0.00164	0.00409	0.00286	0.00327	0.00573
20	0.01161	0.12000	0.08312	0.07456	0.04394	0.05740	0.17463	0.01488	0.03997	0.03462	0.04402	0.07081	0.08758	0.00828	0.02785	0.00191	0.07181	0.02339	0.00326	0.00637
21	0.00788	0.00568	0.00658	0.00666	0.00818	0.00513	0.00494	0.00994	0.04567	0.06128	0.13375	0.23633	0.39499	0.01322	0.00632	0.00188	0.00301	0.03848	0.00514	0.00494
22	0.00663	0.00480	0.00625	0.00731	0.00781	0.00447	0.00505	0.00771	0.01049	0.01384	0.04982	0.65563	0.09600	0.03626	0.00724	0.00220	0.00320	0.06605	0.00488	0.00434
23	0.01124	0.01088	0.01713	0.54733	0.12566	0.03890	0.04188	0.03553	0.01113	0.01457	0.00932	0.01352	0.00729	0.00562	0.00652	0.00178	0.08818	0.00471	0.00249	0.00632
24	0.03085	0.01683	0.10553	0.05877	0.07439	0.18388	0.21910	0.11402	0.01417	0.01796	0.03299	0.03474	0.03985	0.00601	0.00577	0.00165	0.02795	0.00537	0.00319	0.00695
25	0.01601	0.00877	0.01092	0.04501	0.01297	0.00858	0.00739	0.11388	0.08962	0.32200	0.19455	0.02578	0.10486	0.00824	0.00563	0.00167	0.00410	0.00688	0.00574	0.00739
26	0.00755	0.00566	0.00850	0.00850	0.00944	0.00661	0.00661	0.00944	0.00850	0.01227	0.01416	0.02077	0.01322	0.03965	0.79326	0.00850	0.01416	0.00566	0.00283	0.00472
27	0.12738	0.00926	0.01195	0.01183	0.09683	0.00991	0.00840	0.10216	0.01248	0.20325	0.01458	0.05870	0.01204	0.03885	0.19731	0.00346	0.06521	0.00548	0.00413	0.00679
28	0.01370	0.08510	0.07950	0.01395	0.06509	0.11358	0.01139	0.09940	0.03101	0.01603	0.00895	0.01211	0.00786	0.03146	0.01078	0.00191	0.34727	0.00434	0.00285	0.04373
29	0.01249	0.00991	0.01450	0.14587	0.21683	0.00995	0.02950	0.09884	0.01358	0.08437	0.08287	0.05522	0.10079	0.00709	0.00541	0.00159	0.00514	0.00624	0.00391	0.09591
30	0.00699	0.00460	0.00628	0.00727	0.00751	0.00435	0.00484	0.00727	0.00948	0.01264	0.02516	0.65229	0.02982	0.01692	0.00952	0.17046	0.00337	0.01295	0.00439	0.00390
31	0.28220	0.03490	0.01239	0.03707	0.03184	0.22213	0.00821	0.07063	0.01266	0.07273	0.00938	0.01054	0.00728	0.00517	0.00442	0.00141	0.01892	0.00350	0.00339	0.15122
32	0.00795	0.00640	0.00916	0.05830	0.11749	0.00614	0.00707	0.00955	0.01091	0.01484	0.08711	0.48071	0.06887	0.03328	0.00673	0.00198	0.00379	0.01143	0.00436	0.05395
33	0.21344	0.03093	0.05529	0.00916	0.01182	0.05098	0.02480	0.09963	0.04489	0.05385	0.01758	0.20038	0.05400	0.02801	0.06510	0.01762	0.00544	0.00708	0.00403	0.00598
34	0.01542	0.05290	0.01415	0.07066	0.01608	0.33864	0.03199	0.07348	0.11493	0.04482	0.01436	0.10140	0.02595	0.00905	0.05100	0.00199	0.00741	0.00562	0.00364	0.00647

[dist]
# distance from previous block
# <min> <max>
2	31

[block]
# block no. 8 follows, 46 sequences, length 23
# corresponding to MSA columns:
# 903-925
name=unknown_I
#
# <colnr> <probs for GDERKNQSTAVLIFYWHMCP>
#	G	D	E	R	K	N	Q	S	T	A	V	L	I	F	Y	W	H	M	C	P
0	0.07320	0.00574	0.00640	0.00617	0.00777	0.00530	0.00465	0.00938	0.01319	0.01840	0.40501	0.06067	0.34228	0.01153	0.00602	0.00172	0.00271	0.00982	0.00523	0.00482
1	0.00996	0.00686	0.00956	0.00953	0.06845	0.00630	0.03956	0.02594	0.01373	0.11097	0.34744	0.10961	0.19997	0.01059	0.00608	0.00173	0.00347	0.00932	0.00522	0.00572
2	0.00914	0.00576	0.00739	0.00685	0.00844	0.00520	0.00518	0.01133	0.01429	0.10853	0.54826	0.08878	0.13847	0.01102	0.00616	0.00171	0.00279	0.00963	0.00573	0.00534
3	0.00757	0.00560	0.00815	0.00815	0.00897	0.00642	0.00617	0.00922	0.00839	0.01201	0.01448	0.02254	0.01398	0.13867	0.69528	0.00807	0.01301	0.00592	0.00288	0.00453
4	0.01942	0.01447	0.01548	0.01203	0.01614	0.01608	0.00988	0.69181	0.09775	0.03222	0.01355	0.01338	0.00969	0.00643	0.00530	0.00161	0.00566	0.00488	0.00530	0.00893
5	0.01315	0.01136	0.01195	0.01076	0.01375	0.01315	0.00837	0.02809	0.77168	0.02211	0.02152	0.01972	0.01614	0.00717	0.00538	0.00179	0.00418	0.00598	0.00538	0.00837
6	0.01242	0.01023	0.01544	0.53382	0.07312	0.01181	0.01298	0.12487	0.01310	0.06373	0.01192	0.01502	0.03069	0.00566	0.00525	0.00167	0.00640	0.00487	0.00316	0.04383
7	0.00755	0.00565	0.00844	0.00843	0.00938	0.00655	0.00655	0.00946	0.00874	0.01261	0.04323	0.02148	0.01461	0.03855	0.76332	0.00824	0.01372	0.00581	0.00295	0.00473
8	0.01094	0.01000	0.01620	0.69450	0.08016	0.01215	0.01442	0.07093	0.01175	0.01525	0.00968	0.01393	0.00728	0.00533	0.00528	0.00174	0.00691	0.00470	0.00259	0.00626
9	0.00998	0.00940	0.01586	0.80150	0.03641	0.01175	0.01468	0.01351	0.01057	0.01351	0.00940	0.01409	0.00705	0.00529	0.00529	0.00176	0.00705	0.00470	0.00235	0.00587
10	0.01315	0.01136	0.01195	0.01076	0.01375	0.01315	0.00837	0.02809	0.77168	0.02211	0.02152	0.01972	0.01614	0.00717	0.00538	0.00179	0.00418	0.00598	0.00538	0.00837
11	0.00748	0.00521	0.00619	0.00610	0.00664	0.00500	0.00392	0.00843	0.01047	0.01427	0.27212	0.07040	0.07625	0.46493	0.01793	0.00365	0.00402	0.00883	0.00425	0.00392
12	0.01241	0.01405	0.03005	0.02164	0.02658	0.01358	0.70475	0.01661	0.01214	0.01661	0.01041	0.01405	0.00794	0.00482	0.00709	0.00182	0.06964	0.00612	0.00265	0.00703
13	0.02010	0.01481	0.01587	0.01216	0.01639	0.01639	0.01005	0.76360	0.02486	0.03332	0.01269	0.01269	0.00899	0.00635	0.00529	0.00159	0.00582	0.00476	0.00529	0.00899
14	0.04480	0.00835	0.01106	0.00896	0.01235	0.00747	0.00721	0.02232	0.03876	0.59660	0.06755	0.11638	0.01789	0.00800	0.00549	0.00171	0.00418	0.00672	0.00616	0.00806
15	0.00733	0.00569	0.00851	0.00859	0.00960	0.00533	0.06469	0.00901	0.01153	0.01557	0.17979	0.50109	0.05075	0.01419	0.00665	0.00204	0.00358	0.08644	0.00491	0.00472
16	0.02350	0.00935	0.01248	0.00957	0.01367	0.00829	0.00791	0.06998	0.01571	0.73985	0.02037	0.01768	0.01284	0.00653	0.00531	0.00163	0.00458	0.00528	0.00647	0.00900
17	0.00716	0.00499	0.00619	0.00676	0.00711	0.00481	0.00443	0.00794	0.00969	0.01295	0.08340	0.36711	0.04778	0.34019	0.01493	0.00333	0.00397	0.05902	0.00428	0.00395
18	0.00766	0.00551	0.00707	0.00791	0.00858	0.00537	0.00557	0.06697	0.01142	0.01522	0.02777	0.69502	0.03261	0.01562	0.00667	0.00212	0.00341	0.06588	0.00493	0.00470
19	0.00883	0.00629	0.00857	0.00825	0.00907	0.00716	0.00613	0.01071	0.05477	0.03714	0.01454	0.02283	0.01405	0.21077	0.43379	0.07244	0.06095	0.00599	0.00312	0.00461
20	0.22163	0.01186	0.04594	0.00981	0.01363	0.03934	0.00828	0.11459	0.15726	0.30128	0.01573	0.01477	0.01086	0.00613	0.00480	0.00165	0.00483	0.00464	0.00505	0.00793
21	0.00716	0.00495	0.00608	0.00652	0.00680	0.00477	0.00412	0.00784	0.00957	0.01292	0.11534	0.35077	0.02939	0.39118	0.01617	0.00349	0.00397	0.01090	0.00422	0.00387
22	0.07293	0.00528	0.00625	0.00699	0.00781	0.00506	0.00488	0.00830	0.01046	0.01461	0.05901	0.52447	0.14801	0.06185	0.00759	0.00222	0.00326	0.04188	0.00471	0.00442

[dist]
# distance from previous block
# <min> <max>
3	11

[block]
# block no. 9 follows, 46 sequences, length 28
# corresponding to MSA columns:
# 942-954,956-970
name=unknown_J
#
# <colnr> <probs for GDERKNQSTAVLIFYWHMCP>
#	G	D	E	R	K	N	Q	S	T	A	V	L	I	F	Y	W	H	M	C	P
0	0.00778	0.00543	0.00647	0.00651	0.00788	0.00482	0.00477	0.00933	0.01236	0.06330	0.22256	0.22165	0.33615	0.04054	0.00704	0.00196	0.00297	0.02850	0.00517	0.00480
1	0.02699	0.01440	0.01406	0.01182	0.01488	0.20700	0.06835	0.12263	0.20653	0.08796	0.10327	0.01868	0.04392	0.00703	0.00571	0.00164	0.02777	0.00565	0.00451	0.00721
2	0.00796	0.00541	0.00661	0.00684	0.00799	0.00494	0.00498	0.00933	0.01158	0.06231	0.14430	0.26254	0.24478	0.11424	0.00903	0.00234	0.00339	0.08184	0.00493	0.00465
3	0.03338	0.01123	0.02089	0.26382	0.13934	0.01193	0.27789	0.01454	0.01108	0.01531	0.01084	0.03643	0.00912	0.04546	0.03787	0.00220	0.04391	0.00565	0.00266	0.00647
4	0.01142	0.02623	0.73163	0.01476	0.02231	0.01225	0.01877	0.04247	0.01178	0.04605	0.01002	0.01147	0.00701	0.00512	0.00504	0.00167	0.00762	0.00399	0.00250	0.00790
5	0.01858	0.01294	0.01427	0.01115	0.01495	0.01402	0.00913	0.57160	0.05027	0.10172	0.11110	0.01685	0.01483	0.00696	0.00541	0.00161	0.00521	0.00547	0.00548	0.00846
6	0.01338	0.05691	0.02340	0.01741	0.04126	0.01483	0.34418	0.12445	0.01283	0.01785	0.00963	0.01278	0.00778	0.00615	0.00914	0.00184	0.24427	0.00522	0.00294	0.03375
7	0.02010	0.01481	0.01587	0.01216	0.01639	0.01639	0.01005	0.76360	0.02486	0.03332	0.01269	0.01269	0.00899	0.00635	0.00529	0.00159	0.00582	0.00476	0.00529	0.00899
8	0.00735	0.00538	0.00735	0.00805	0.00892	0.00542	0.00620	0.00903	0.01066	0.01428	0.07293	0.29207	0.08412	0.03825	0.20275	0.00381	0.00629	0.20813	0.00440	0.00459
9	0.02003	0.01091	0.01283	0.01028	0.01396	0.03001	0.00833	0.21886	0.11221	0.41215	0.01871	0.05689	0.01335	0.00794	0.02659	0.00185	0.00512	0.00571	0.00579	0.00849
10	0.00767	0.00518	0.00604	0.00604	0.00613	0.00527	0.00354	0.00786	0.00777	0.01045	0.01641	0.03321	0.01862	0.73686	0.10344	0.00546	0.00603	0.00749	0.00317	0.00335
11	0.00985	0.00493	0.00493	0.00493	0.00616	0.00493	0.00370	0.01232	0.01109	0.01971	0.01725	0.01971	0.01355	0.00616	0.00370	0.00123	0.00246	0.00493	0.84356	0.00493
12	0.02497	0.00913	0.00797	0.00761	0.00835	0.14708	0.00499	0.03158	0.00957	0.01179	0.01465	0.02785	0.01596	0.56628	0.08717	0.00458	0.00669	0.00658	0.00315	0.00406
13	0.06993	0.13464	0.04092	0.08045	0.10493	0.15844	0.01048	0.06902	0.13774	0.06264	0.04465	0.01390	0.01083	0.00593	0.00523	0.00156	0.03348	0.00449	0.00358	0.00716
14	0.01325	0.59335	0.15180	0.01060	0.01514	0.01894	0.01107	0.01562	0.01050	0.01318	0.00766	0.00928	0.00679	0.00515	0.00528	0.00136	0.09869	0.00321	0.00226	0.00684
15	0.00985	0.00493	0.00493	0.00493	0.00616	0.00493	0.00370	0.01232	0.01109	0.01971	0.01725	0.01971	0.01355	0.00616	0.00370	0.00123	0.00246	0.00493	0.84356	0.00493
16	0.13664	0.00982	0.03200	0.00922	0.01307	0.00893	0.00775	0.07138	0.02978	0.53853	0.07370	0.01777	0.01438	0.00659	0.00509	0.00164	0.00446	0.00523	0.00582	0.00820
17	0.00985	0.00493	0.00493	0.00493	0.00616	0.00493	0.00370	0.01232	0.01109	0.01971	0.01725	0.01971	0.01355	0.00616	0.00370	0.00123	0.00246	0.00493	0.84356	0.00493
18	0.03243	0.00998	0.01282	0.00961	0.01349	0.00897	0.05677	0.05010	0.01144	0.06350	0.01041	0.01298	0.00869	0.04879	0.00691	0.00136	0.09162	0.00395	0.00333	0.54284
19	0.01716	0.01122	0.01533	0.03568	0.08715	0.08261	0.11607	0.04352	0.02866	0.33664	0.09991	0.02073	0.05016	0.00690	0.00557	0.00166	0.00558	0.02298	0.00490	0.00757
20	0.02039	0.00991	0.01260	0.01001	0.01357	0.00977	0.00818	0.10804	0.10790	0.51769	0.06025	0.01837	0.01461	0.00700	0.00611	0.00169	0.05391	0.00552	0.00596	0.00850
21	0.01305	0.21329	0.38283	0.01271	0.01807	0.11214	0.01408	0.01681	0.01152	0.04818	0.02644	0.01160	0.00821	0.00660	0.03242	0.00178	0.05668	0.00388	0.00259	0.00711
22	0.01180	0.01013	0.01539	0.03437	0.31788	0.02287	0.04733	0.09772	0.01299	0.03459	0.06714	0.13434	0.03424	0.01238	0.11999	0.00269	0.00671	0.00692	0.00364	0.00686
23	0.00720	0.00529	0.00714	0.00759	0.00815	0.00556	0.00540	0.00836	0.00925	0.01260	0.02255	0.33194	0.06135	0.16031	0.27959	0.00482	0.02630	0.02843	0.00384	0.00431
24	0.01094	0.05931	0.01506	0.12200	0.11882	0.02881	0.09447	0.06835	0.03765	0.01561	0.02952	0.18062	0.01590	0.09974	0.02252	0.04438	0.01963	0.00734	0.00344	0.00589
25	0.01285	0.06950	0.02051	0.08118	0.58958	0.01296	0.01488	0.03662	0.01210	0.01691	0.01069	0.01529	0.00934	0.00545	0.00557	0.00162	0.02957	0.04477	0.00276	0.00784
26	0.04978	0.01233	0.05607	0.14421	0.17493	0.03624	0.25276	0.01539	0.02939	0.03197	0.02577	0.08587	0.01155	0.02810	0.02074	0.00195	0.00700	0.00618	0.00303	0.00674
27	0.00811	0.00668	0.00936	0.00866	0.00953	0.00721	0.04917	0.00948	0.01029	0.01413	0.14717	0.18245	0.11236	0.18479	0.08989	0.00329	0.12978	0.00907	0.00396	0.00463

[dist]
# distance from previous block
# <min> <max>
1	16

[block]
# block no. 10 follows, 46 sequences, length 28
# corresponding to MSA columns:
# 987-1014
name=unknown_K
#
# <colnr> <probs for GDERKNQSTAVLIFYWHMCP>
#	G	D	E	R	K	N	Q	S	T	A	V	L	I	F	Y	W	H	M	C	P
0	0.01511	0.01228	0.01747	0.07104	0.24671	0.08091	0.10715	0.07535	0.04182	0.15726	0.03053	0.05403	0.04160	0.00650	0.00551	0.00166	0.00613	0.01745	0.00393	0.00754
1	0.01283	0.06831	0.36079	0.01407	0.06155	0.02822	0.03465	0.13897	0.04372	0.04307	0.01302	0.04684	0.01085	0.00788	0.03781	0.00197	0.00695	0.05762	0.00336	0.00751
2	0.16204	0.01107	0.04136	0.01165	0.05914	0.04184	0.07900	0.12913	0.06373	0.04857	0.05379	0.08723	0.09744	0.02801	0.00594	0.00184	0.00509	0.06240	0.00423	0.00649
3	0.02653	0.10212	0.01656	0.01450	0.14306	0.08847	0.01018	0.32450	0.01758	0.08794	0.03694	0.06506	0.01180	0.00732	0.02238	0.00171	0.00600	0.00527	0.00428	0.00781
4	0.04672	0.09440	0.05543	0.14641	0.20356	0.12052	0.07089	0.02373	0.01162	0.03927	0.01006	0.03367	0.00859	0.02859	0.00681	0.00174	0.08372	0.00471	0.00276	0.00679
5	0.04507	0.08582	0.01996	0.16523	0.02126	0.05611	0.21530	0.01451	0.01066	0.01465	0.03739	0.01435	0.00936	0.03540	0.03074	0.00212	0.20819	0.00509	0.00265	0.00613
6	0.00660	0.00474	0.00613	0.00711	0.00750	0.00447	0.00473	0.00748	0.00993	0.01316	0.02879	0.65583	0.07773	0.10062	0.03631	0.00266	0.00365	0.01370	0.00466	0.00421
7	0.04255	0.01182	0.04419	0.16235	0.27705	0.06117	0.03287	0.03181	0.07766	0.01662	0.01521	0.10242	0.04407	0.00722	0.00568	0.00174	0.02062	0.03480	0.00331	0.00685
8	0.01795	0.01390	0.01642	0.04624	0.10669	0.04180	0.03978	0.52275	0.02080	0.05579	0.01320	0.05644	0.01029	0.00657	0.00538	0.00162	0.00597	0.00534	0.00469	0.00837
9	0.01145	0.01165	0.01712	0.15193	0.01894	0.03970	0.08243	0.01334	0.00930	0.01332	0.00944	0.01361	0.03491	0.00814	0.01339	0.00212	0.53588	0.00499	0.00246	0.00589
10	0.03755	0.00964	0.01137	0.05919	0.01415	0.00788	0.00694	0.04345	0.01143	0.01783	0.00946	0.01116	0.00776	0.00413	0.00404	0.00091	0.00420	0.00329	0.00317	0.73243
11	0.01940	0.08931	0.06547	0.00986	0.01389	0.01003	0.00873	0.07511	0.05786	0.48167	0.06740	0.01937	0.01499	0.00686	0.00525	0.00163	0.00479	0.03458	0.00557	0.00824
12	0.00718	0.00542	0.00665	0.00641	0.00780	0.00488	0.00485	0.00936	0.01406	0.01910	0.55164	0.04336	0.24945	0.01166	0.00628	0.00172	0.00263	0.03717	0.00553	0.00484
13	0.09844	0.01098	0.08974	0.01033	0.04119	0.00951	0.00861	0.14700	0.03415	0.20941	0.04768	0.12532	0.07087	0.03601	0.00618	0.00186	0.00473	0.03609	0.00484	0.00706
14	0.06750	0.07864	0.15371	0.09066	0.14864	0.07420	0.01224	0.06805	0.04114	0.09648	0.05797	0.03286	0.01143	0.00610	0.00549	0.00162	0.03772	0.00484	0.00347	0.00726
15	0.00703	0.00516	0.00665	0.00740	0.00814	0.00491	0.00524	0.00893	0.04179	0.01549	0.17158	0.54061	0.08026	0.01479	0.00660	0.00204	0.00310	0.06056	0.00510	0.00464
16	0.00992	0.00623	0.00785	0.00753	0.00932	0.00577	0.00594	0.01250	0.04480	0.12889	0.29899	0.09138	0.19620	0.01164	0.00629	0.00186	0.00335	0.14052	0.00548	0.00553
17	0.01273	0.06356	0.07482	0.13093	0.23866	0.04179	0.22740	0.04311	0.01203	0.01633	0.00965	0.01287	0.00771	0.00523	0.00649	0.00170	0.08020	0.00492	0.00262	0.00724
18	0.01308	0.01014	0.01536	0.01390	0.09063	0.01052	0.14690	0.14045	0.13307	0.04484	0.01267	0.01569	0.01024	0.01101	0.03881	0.27167	0.00604	0.00522	0.00356	0.00620
19	0.01217	0.00746	0.00883	0.00797	0.01033	0.00719	0.00620	0.02970	0.15463	0.19830	0.13818	0.10662	0.24299	0.01047	0.00593	0.00179	0.00353	0.03579	0.00551	0.00641
20	0.44386	0.01143	0.01125	0.00922	0.01267	0.01284	0.00762	0.22869	0.01430	0.13422	0.01077	0.01128	0.00778	0.00583	0.00504	0.00167	0.05629	0.00386	0.00425	0.00712
21	0.15469	0.01529	0.04333	0.09079	0.08224	0.19091	0.06207	0.13947	0.03895	0.11634	0.01129	0.01241	0.00831	0.00554	0.00489	0.00159	0.00661	0.00431	0.00373	0.00725
22	0.01278	0.00906	0.01061	0.00917	0.01181	0.02791	0.03667	0.11158	0.15946	0.13614	0.12041	0.09112	0.20333	0.00968	0.00585	0.00176	0.00412	0.02658	0.00526	0.00668
23	0.00738	0.00519	0.00659	0.00681	0.00786	0.00472	0.00489	0.00906	0.01259	0.04099	0.34342	0.34625	0.15784	0.01336	0.00641	0.00187	0.00281	0.01185	0.00534	0.00476
24	0.00739	0.00540	0.00684	0.00717	0.00745	0.00564	0.00478	0.00806	0.00890	0.01202	0.02198	0.33255	0.05221	0.34529	0.09550	0.00401	0.05674	0.01025	0.00383	0.00399
25	0.01246	0.03083	0.30639	0.01638	0.02211	0.01267	0.28630	0.12422	0.01354	0.01896	0.01162	0.06406	0.00938	0.00570	0.00554	0.00169	0.00742	0.00555	0.00305	0.04213
26	0.01241	0.02662	0.01178	0.03497	0.01287	0.10540	0.00827	0.11795	0.04334	0.04578	0.04672	0.13769	0.10211	0.02465	0.00807	0.00190	0.13730	0.07731	0.00414	0.04072
27	0.06375	0.04166	0.01487	0.01112	0.01512	0.04825	0.11443	0.08058	0.18153	0.01963	0.03081	0.03391	0.01125	0.00555	0.00479	0.00136	0.00513	0.00478	0.00381	0.30765

[dist]
# distance from previous block
# <min> <max>
2	12

[block]
# block no. 11 follows, 46 sequences, length 24
# corresponding to MSA columns:
# 1027-1045,1048-1052
name=unknown_L
#
# <colnr> <probs for GDERKNQSTAVLIFYWHMCP>
#	G	D	E	R	K	N	Q	S	T	A	V	L	I	F	Y	W	H	M	C	P
0	0.03053	0.01274	0.02716	0.04585	0.04985	0.11838	0.00894	0.18284	0.19863	0.02129	0.05433	0.06896	0.03679	0.00752	0.00529	0.00164	0.00529	0.03349	0.05247	0.03801
