[name]
unknown

[dist]
# distance from previous block
# <min> <max>
31	132

[block]
# block no. 0 follows, 57 sequences, length 19
# corresponding to MSA columns:
# 220-238
name=unknown_A
#
# <colnr> <probs for GDERKNQSTAVLIFYWHMCP>
#	G	D	E	R	K	N	Q	S	T	A	V	L	I	F	Y	W	H	M	C	P
0	0.06644	0.03173	0.02121	0.04962	0.01078	0.00756	0.04415	0.06507	0.13357	0.05192	0.06177	0.21349	0.10755	0.04131	0.01805	0.01529	0.00381	0.02129	0.00383	0.03156
1	0.04846	0.03380	0.05672	0.33718	0.12839	0.05081	0.05271	0.09862	0.02112	0.01475	0.00917	0.02161	0.00733	0.02547	0.00514	0.02313	0.00553	0.00409	0.05037	0.00563
2	0.00591	0.00549	0.04909	0.00579	0.00711	0.00433	0.00459	0.00722	0.00975	0.01239	0.08808	0.22376	0.41080	0.08572	0.00704	0.00188	0.00291	0.06022	0.00400	0.00391
3	0.03786	0.05001	0.00620	0.00556	0.00661	0.00496	0.00402	0.00744	0.00950	0.01259	0.13823	0.25229	0.28115	0.13904	0.00799	0.00202	0.00291	0.02388	0.00392	0.00384
4	0.29576	0.00816	0.00820	0.03153	0.00997	0.02623	0.00594	0.09272	0.13800	0.01713	0.01332	0.16499	0.01278	0.05665	0.02671	0.02399	0.03429	0.02507	0.00347	0.00510
5	0.00864	0.00466	0.00632	0.00602	0.00652	0.00459	0.00414	0.03981	0.00769	0.05907	0.05655	0.01851	0.05462	0.11869	0.01568	0.57423	0.00384	0.00486	0.00269	0.00288
6	0.06843	0.00497	0.00672	0.00665	0.00753	0.00546	0.00502	0.00820	0.00769	0.02486	0.05670	0.05288	0.05171	0.05915	0.48528	0.12836	0.00848	0.00536	0.00275	0.00381
7	0.00900	0.00711	0.00831	0.00654	0.00947	0.00583	0.00502	0.01124	0.05244	0.04339	0.05033	0.05203	0.05106	0.11106	0.00632	0.00137	0.00339	0.01944	0.00318	0.54348
8	0.20939	0.05593	0.01094	0.09654	0.03555	0.07876	0.05356	0.03833	0.05309	0.08696	0.06991	0.04783	0.02556	0.01972	0.04876	0.00176	0.00490	0.01471	0.04243	0.00536
9	0.00676	0.00484	0.00682	0.04055	0.00817	0.00470	0.04257	0.00772	0.00866	0.03462	0.07997	0.41871	0.02421	0.25667	0.01076	0.00253	0.00357	0.03074	0.00369	0.00375
10	0.00611	0.00422	0.00531	0.00593	0.00644	0.00394	0.00404	0.00703	0.00899	0.02382	0.07820	0.53122	0.09909	0.12273	0.00789	0.00209	0.00284	0.03564	0.04075	0.00371
11	0.00719	0.00490	0.00613	0.01904	0.00743	0.00467	0.00447	0.03283	0.00945	0.05795	0.07118	0.36870	0.13358	0.15123	0.05430	0.00244	0.00364	0.03111	0.00393	0.02585
12	0.19674	0.00997	0.01164	0.25640	0.05454	0.09886	0.03117	0.06052	0.01037	0.04793	0.08285	0.01259	0.00968	0.00528	0.00507	0.00145	0.07643	0.00402	0.01916	0.00534
13	0.00736	0.00519	0.00606	0.00567	0.00696	0.00467	0.00400	0.00865	0.02614	0.05098	0.10768	0.12825	0.19459	0.26297	0.01047	0.00231	0.00325	0.02729	0.01668	0.12083
14	0.00873	0.00529	0.00651	0.00626	0.00753	0.00494	0.00454	0.03509	0.03473	0.14331	0.15962	0.28393	0.15381	0.11535	0.00755	0.00195	0.00302	0.00888	0.00441	0.00457
15	0.00910	0.00864	0.03031	0.23225	0.10845	0.00873	0.16058	0.03966	0.03884	0.01350	0.04744	0.09221	0.01192	0.10897	0.00728	0.01654	0.00528	0.00557	0.00274	0.05198
16	0.17505	0.01041	0.03350	0.07565	0.01271	0.11853	0.00726	0.09526	0.06751	0.20385	0.01418	0.04921	0.05284	0.02432	0.02535	0.00163	0.00482	0.01823	0.00376	0.00593
17	0.00665	0.00456	0.00547	0.00574	0.00676	0.00410	0.00415	0.00777	0.00982	0.06146	0.08726	0.33073	0.31401	0.06314	0.00657	0.00183	0.00274	0.05427	0.01896	0.00400
18	0.00674	0.00469	0.00585	0.00605	0.00687	0.00453	0.00429	0.00814	0.03247	0.04529	0.11619	0.28406	0.15980	0.16020	0.10392	0.00280	0.00407	0.03620	0.00390	0.00394

[dist]
# distance from previous block
# <min> <max>
2	6

[block]
# block no. 1 follows, 57 sequences, length 6
# corresponding to MSA columns:
# 245-250
name=unknown_B
#
# <colnr> <probs for GDERKNQSTAVLIFYWHMCP>
#	G	D	E	R	K	N	Q	S	T	A	V	L	I	F	Y	W	H	M	C	P
0	0.00825	0.00600	0.00798	0.03535	0.02805	0.00569	0.02452	0.01010	0.03700	0.08379	0.07699	0.28767	0.13546	0.03333	0.00604	0.00162	0.03867	0.04969	0.00389	0.11990
1	0.01010	0.00662	0.00777	0.00702	0.00882	0.00659	0.00540	0.11813	0.09815	0.12746	0.16427	0.13656	0.15671	0.07599	0.00658	0.00177	0.00330	0.04901	0.00451	0.00525
2	0.00766	0.00456	0.00687	0.10031	0.00898	0.00489	0.00503	0.00689	0.00650	0.00871	0.00901	0.01554	0.00888	0.09243	0.11665	0.58280	0.00524	0.00430	0.00210	0.00265
3	0.04363	0.00893	0.01120	0.08910	0.14833	0.05396	0.00816	0.08856	0.08294	0.18294	0.04094	0.05711	0.08566	0.00845	0.06804	0.00189	0.00502	0.00527	0.00376	0.00613
4	0.00990	0.00987	0.01726	0.07591	0.01795	0.00871	0.34975	0.01277	0.00994	0.01441	0.00854	0.01083	0.00673	0.00365	0.00431	0.00111	0.00543	0.00395	0.00246	0.42653
5	0.00926	0.00508	0.00652	0.00640	0.00766	0.00460	0.00468	0.01036	0.00996	0.20122	0.06004	0.35355	0.13554	0.10992	0.00750	0.00199	0.00315	0.05356	0.00440	0.00459

[dist]
# distance from previous block
# <min> <max>
0	6

[block]
# block no. 2 follows, 57 sequences, length 17
# corresponding to MSA columns:
# 258-270,272-275
name=unknown_C
#
# <colnr> <probs for GDERKNQSTAVLIFYWHMCP>
#	G	D	E	R	K	N	Q	S	T	A	V	L	I	F	Y	W	H	M	C	P
0	0.00574	0.00409	0.00520	0.00594	0.00626	0.00384	0.00390	0.00646	0.00854	0.01134	0.05422	0.61654	0.06902	0.16593	0.00892	0.00228	0.00292	0.01137	0.00397	0.00354
1	0.04339	0.00420	0.00585	0.00582	0.00598	0.00428	0.00390	0.00644	0.00616	0.00876	0.00860	0.01494	0.00861	0.08025	0.03583	0.72087	0.00409	0.00411	0.02566	0.00226
2	0.04121	0.00521	0.00605	0.00579	0.00730	0.00474	0.00431	0.00977	0.03090	0.13150	0.14365	0.19466	0.34262	0.04423	0.00593	0.00167	0.00273	0.00879	0.00442	0.00452
3	0.01736	0.01193	0.01306	0.01007	0.01363	0.01298	0.00830	0.66429	0.05442	0.12897	0.01211	0.01172	0.00842	0.00549	0.00454	0.00137	0.00478	0.00419	0.00467	0.00768
4	0.02742	0.00641	0.00828	0.00719	0.00948	0.00586	0.00575	0.01568	0.04620	0.40765	0.09624	0.09950	0.08438	0.03276	0.00547	0.00161	0.00342	0.09244	0.03831	0.00595
5	0.04906	0.00546	0.00691	0.00639	0.00737	0.00554	0.00464	0.09222	0.00910	0.07579	0.05291	0.06057	0.02405	0.01184	0.01172	0.47944	0.00366	0.00476	0.08493	0.00362
6	0.00572	0.00419	0.00531	0.00590	0.00648	0.00385	0.00406	0.00679	0.00963	0.01284	0.18145	0.53827	0.13893	0.04655	0.00634	0.00182	0.00256	0.01125	0.00430	0.00378
7	0.00767	0.00571	0.06959	0.00637	0.00717	0.00483	0.00501	0.00759	0.00695	0.01006	0.01016	0.01620	0.00967	0.10424	0.15041	0.45438	0.00535	0.00436	0.11122	0.00306
8	0.00652	0.00456	0.00547	0.00581	0.00674	0.00424	0.00433	0.00782	0.00976	0.02589	0.10396	0.21046	0.24681	0.10870	0.00747	0.00198	0.00295	0.14903	0.08365	0.00387
9	0.00627	0.00427	0.00504	0.00533	0.00550	0.00414	0.00324	0.00648	0.00738	0.00974	0.01902	0.25062	0.07186	0.52875	0.01698	0.03698	0.00376	0.00840	0.00321	0.00304
10	0.03387	0.00496	0.00666	0.03983	0.00776	0.00520	0.00472	0.02699	0.06781	0.01060	0.02233	0.04726	0.03033	0.01323	0.01366	0.60044	0.00382	0.02156	0.03597	0.00299
11	0.00993	0.00918	0.01591	0.02027	0.46983	0.00897	0.11618	0.01248	0.01069	0.03002	0.13274	0.07524	0.03663	0.00597	0.00489	0.00144	0.00486	0.02563	0.00297	0.00619
12	0.00811	0.00492	0.00553	0.00540	0.00677	0.00453	0.00404	0.03126	0.01034	0.09187	0.04273	0.16565	0.30697	0.03135	0.00522	0.00152	0.00262	0.02639	0.24039	0.00438
13	0.00599	0.00440	0.00535	0.00551	0.00626	0.00405	0.00382	0.00719	0.01011	0.01354	0.30401	0.25118	0.19023	0.15758	0.00859	0.00208	0.00270	0.00945	0.00422	0.00375
14	0.02820	0.01189	0.03338	0.10349	0.02074	0.02797	0.42126	0.19149	0.05038	0.05014	0.01011	0.01204	0.00740	0.00448	0.00492	0.00147	0.00644	0.00474	0.00301	0.00644
15	0.00729	0.00464	0.00564	0.00584	0.00673	0.00435	0.00412	0.00852	0.02128	0.07531	0.05312	0.33076	0.16909	0.14217	0.03704	0.00226	0.00327	0.03208	0.08246	0.00403
16	0.00916	0.00778	0.00913	0.00663	0.01043	0.00590	0.00528	0.01119	0.00967	0.01503	0.07109	0.01132	0.00954	0.00382	0.00351	0.00073	0.00326	0.00312	0.00287	0.80053

[dist]
# distance from previous block
# <min> <max>
0	4

[block]
# block no. 3 follows, 57 sequences, length 8
# corresponding to MSA columns:
# 280-282,290-294
name=unknown_D
#
# <colnr> <probs for GDERKNQSTAVLIFYWHMCP>
#	G	D	E	R	K	N	Q	S	T	A	V	L	I	F	Y	W	H	M	C	P
0	0.01125	0.01103	0.01670	0.02424	0.65906	0.06684	0.01254	0.01431	0.05661	0.01458	0.01004	0.06389	0.00892	0.00485	0.00455	0.00138	0.00530	0.00459	0.00251	0.00682
1	0.08557	0.00496	0.00640	0.02408	0.00745	0.00519	0.00475	0.00806	0.03724	0.01077	0.01311	0.05128	0.04048	0.09065	0.05063	0.43798	0.00427	0.11134	0.00270	0.00309
2	0.00672	0.00476	0.00560	0.00565	0.00666	0.00440	0.00405	0.00815	0.03122	0.04610	0.16493	0.17013	0.28328	0.17835	0.00900	0.00217	0.00296	0.05783	0.00411	0.00394
3	0.10482	0.00477	0.00550	0.00589	0.00677	0.00462	0.00413	0.00772	0.00899	0.03479	0.07477	0.46030	0.15403	0.06554	0.00682	0.02992	0.00283	0.00993	0.00397	0.00388
4	0.01279	0.01257	0.05899	0.10138	0.01526	0.14028	0.03393	0.22543	0.22521	0.01869	0.05886	0.01526	0.03016	0.00583	0.00460	0.00143	0.00517	0.02407	0.00371	0.00639
5	0.04883	0.00644	0.00762	0.05258	0.00970	0.03851	0.00563	0.01202	0.04223	0.18014	0.13290	0.15302	0.10472	0.06911	0.00684	0.03412	0.00360	0.08293	0.00417	0.00487
6	0.00710	0.06658	0.08673	0.00677	0.00843	0.00566	0.00576	0.00868	0.00969	0.04260	0.07398	0.37699	0.19488	0.01091	0.00521	0.00162	0.00320	0.05116	0.02964	0.00439
7	0.01035	0.00969	0.06007	0.00889	0.01049	0.08007	0.00726	0.13202	0.03798	0.04624	0.01479	0.16570	0.05269	0.10467	0.08268	0.00245	0.15941	0.00619	0.00328	0.00508

[dist]
# distance from previous block
# <min> <max>
3	16

[block]
# block no. 4 follows, 57 sequences, length 25
# corresponding to MSA columns:
# 314-338
name=unknown_E
#
# <colnr> <probs for GDERKNQSTAVLIFYWHMCP>
#	G	D	E	R	K	N	Q	S	T	A	V	L	I	F	Y	W	H	M	C	P
0	0.02476	0.00995	0.04166	0.55423	0.06270	0.06430	0.09992	0.01246	0.00970	0.01260	0.03807	0.01237	0.00753	0.00457	0.00455	0.00145	0.00610	0.00417	0.00222	0.02667
1	0.01115	0.01120	0.01480	0.24030	0.31321	0.12651	0.02528	0.04168	0.03563	0.01380	0.00941	0.02784	0.02007	0.00475	0.00470	0.00136	0.02783	0.00410	0.00244	0.06394
2	0.01090	0.01059	0.01833	0.04618	0.62084	0.01036	0.10332	0.01367	0.01024	0.01468	0.00854	0.01117	0.00707	0.00396	0.00447	0.00130	0.00546	0.00405	0.00229	0.09258
3	0.00874	0.00824	0.01392	0.77447	0.08516	0.01012	0.01268	0.01174	0.00915	0.01180	0.00809	0.01202	0.00612	0.00450	0.00453	0.00150	0.00600	0.00403	0.00203	0.00518
4	0.01104	0.00863	0.00909	0.00820	0.01049	0.00979	0.00637	0.04040	0.60375	0.03634	0.01749	0.01672	0.01317	0.00594	0.00431	0.00143	0.00332	0.00490	0.18202	0.00659
5	0.00628	0.00463	0.00588	0.00556	0.00669	0.00422	0.00417	0.00830	0.01252	0.01744	0.71593	0.03505	0.13737	0.00954	0.00535	0.00144	0.00216	0.00836	0.00489	0.00422
6	0.00561	0.00401	0.00536	0.00641	0.00671	0.00376	0.00436	0.00646	0.00876	0.01167	0.02493	0.79875	0.02978	0.01411	0.00581	0.00185	0.00271	0.05105	0.00420	0.00370
7	0.00537	0.00453	0.00465	0.00476	0.00616	0.00381	0.00352	0.00648	0.01017	0.01218	0.04390	0.11966	0.73589	0.01174	0.00540	0.00156	0.00233	0.00988	0.00421	0.00381
8	0.01723	0.01269	0.01360	0.01043	0.01405	0.01405	0.00861	0.79738	0.02131	0.02856	0.01088	0.01088	0.00771	0.00544	0.00453	0.00136	0.00499	0.00408	0.00453	0.00771
9	0.63930	0.00754	0.00600	0.00549	0.00782	0.00856	0.00444	0.01257	0.00820	0.01940	0.00860	0.00994	0.00672	0.00450	0.00290	0.00131	0.00313	0.00293	0.23593	0.00472
10	0.87276	0.00876	0.00666	0.00596	0.00876	0.01017	0.00491	0.01332	0.00771	0.02033	0.00631	0.00736	0.00491	0.00421	0.00280	0.00140	0.00351	0.00245	0.00280	0.00491
11	0.05651	0.01251	0.01328	0.01022	0.01381	0.01387	0.00844	0.76138	0.02068	0.02818	0.01067	0.01072	0.00758	0.00538	0.00445	0.00136	0.00492	0.00401	0.00445	0.00758
12	0.01264	0.01041	0.01102	0.00950	0.01230	0.01191	0.00750	0.20176	0.62439	0.02116	0.01671	0.01552	0.01242	0.00598	0.00459	0.00150	0.00391	0.00488	0.00459	0.00729
13	0.00580	0.00455	0.00524	0.00518	0.00642	0.00400	0.00384	0.00731	0.01120	0.01458	0.35287	0.10391	0.43734	0.01080	0.00539	0.00151	0.00226	0.00928	0.00452	0.00400
14	0.01070	0.01222	0.02674	0.01910	0.02368	0.01146	0.79603	0.01451	0.01070	0.01451	0.00917	0.01222	0.00688	0.00382	0.00535	0.00153	0.00764	0.00535	0.00229	0.00611
15	0.01607	0.00878	0.01048	0.00866	0.01174	0.00899	0.00695	0.04469	0.37804	0.42631	0.01794	0.01598	0.01232	0.00585	0.00458	0.00146	0.00376	0.00480	0.00512	0.00746
16	0.00570	0.00411	0.00539	0.00611	0.00659	0.00381	0.00419	0.00678	0.00961	0.01297	0.18866	0.63700	0.06614	0.01306	0.00567	0.00174	0.00251	0.01177	0.00437	0.00381
17	0.00998	0.01010	0.01492	0.01248	0.01285	0.01368	0.07351	0.01120	0.00724	0.01120	0.00621	0.01010	0.00602	0.00760	0.01410	0.00195	0.76573	0.00408	0.00201	0.00505
18	0.00566	0.00405	0.00542	0.00647	0.00680	0.00380	0.00446	0.00656	0.00882	0.01173	0.02490	0.77415	0.02966	0.01406	0.00582	0.00186	0.00275	0.07510	0.00420	0.00372
19	0.01913	0.00758	0.01023	0.00793	0.01124	0.00664	0.00651	0.03882	0.01315	0.73301	0.08180	0.01681	0.01369	0.00590	0.00462	0.00140	0.00374	0.00484	0.00553	0.00743
20	0.00856	0.00805	0.01359	0.82986	0.03121	0.01007	0.01258	0.01158	0.00906	0.01158	0.00805	0.01208	0.00604	0.00453	0.00453	0.00151	0.00604	0.00403	0.00201	0.00503
21	0.01693	0.02160	0.01284	0.01167	0.01401	0.82256	0.00876	0.01809	0.01284	0.01109	0.00700	0.00817	0.00584	0.00467	0.00409	0.00117	0.00817	0.00292	0.00233	0.00525
22	0.00655	0.00438	0.00495	0.00499	0.00500	0.00437	0.00280	0.00658	0.00667	0.00889	0.01468	0.05985	0.01698	0.80986	0.02242	0.00430	0.00433	0.00682	0.00280	0.00278
23	0.00755	0.00636	0.00933	0.00864	0.00928	0.00795	0.02241	0.00901	0.00729	0.01081	0.01051	0.01585	0.00992	0.04871	0.54266	0.00548	0.23587	0.00466	0.02340	0.00430
24	0.09666	0.07822	0.01422	0.02651	0.20879	0.01218	0.00916	0.33735	0.05873	0.06817	0.01042	0.01117	0.00782	0.00488	0.00418	0.00133	0.00470	0.00387	0.03467	0.00696

[dist]
# distance from previous block
# <min> <max>
0	1

[block]
# block no. 5 follows, 57 sequences, length 35
# corresponding to MSA columns:
# 340,341,344,360-391
name=unknown_F
#
# <colnr> <probs for GDERKNQSTAVLIFYWHMCP>
#	G	D	E	R	K	N	Q	S	T	A	V	L	I	F	Y	W	H	M	C	P
0	0.01895	0.00831	0.01068	0.00826	0.01164	0.00767	0.00680	0.14376	0.01420	0.64171	0.04212	0.01615	0.03634	0.00588	0.00460	0.00140	0.00393	0.00475	0.00538	0.00748
1	0.87276	0.00876	0.00666	0.00596	0.00876	0.01017	0.00491	0.01332	0.00771	0.02033	0.00631	0.00736	0.00491	0.00421	0.00280	0.00140	0.00351	0.00245	0.00280	0.00491
2	0.01946	0.00802	0.01056	0.00818	0.01157	0.00724	0.00671	0.07006	0.04309	0.71698	0.01737	0.01554	0.01122	0.02599	0.00501	0.00148	0.00393	0.00460	0.00543	0.00757
3	0.00868	0.00818	0.01382	0.79137	0.06870	0.01010	0.01265	0.01169	0.00912	0.01173	0.00808	0.01204	0.00610	0.00451	0.00453	0.00150	0.00601	0.00403	0.00202	0.00514
4	0.00637	0.00463	0.00600	0.00566	0.00674	0.00426	0.00424	0.00847	0.01273	0.01795	0.78103	0.03422	0.07196	0.00935	0.00534	0.00143	0.00214	0.00825	0.00496	0.00426
5	0.00623	0.00462	0.00580	0.00551	0.00666	0.00420	0.00413	0.00820	0.01239	0.01715	0.67800	0.03554	0.17549	0.00965	0.00535	0.00144	0.00216	0.00843	0.00485	0.00420
6	0.00857	0.00512	0.00670	0.00603	0.00750	0.00463	0.00462	0.01060	0.01274	0.14399	0.65166	0.03136	0.07112	0.00878	0.00522	0.00143	0.00242	0.00768	0.00505	0.00480
7	0.00738	0.00432	0.00470	0.00471	0.00525	0.00429	0.00307	0.00847	0.00832	0.01305	0.06179	0.04918	0.01627	0.39315	0.01260	0.00265	0.00319	0.00582	0.38828	0.00352
8	0.00928	0.07604	0.76638	0.01258	0.01910	0.01100	0.01617	0.01430	0.00954	0.01411	0.00801	0.00942	0.00574	0.00428	0.00422	0.00141	0.00658	0.00329	0.00191	0.00664
9	0.00640	0.00503	0.00643	0.00618	0.00721	0.00478	0.03554	0.00812	0.04263	0.01338	0.22883	0.20335	0.23804	0.15014	0.00854	0.00206	0.01633	0.00897	0.00407	0.00398
10	0.00978	0.14011	0.65037	0.01239	0.01852	0.01171	0.04978	0.03205	0.00983	0.01415	0.00798	0.00939	0.00585	0.00425	0.00416	0.00137	0.00643	0.00332	0.00199	0.00657
11	0.87276	0.00876	0.00666	0.00596	0.00876	0.01017	0.00491	0.01332	0.00771	0.02033	0.00631	0.00736	0.00491	0.00421	0.00280	0.00140	0.00351	0.00245	0.00280	0.00491
12	0.00761	0.00687	0.01010	0.00986	0.04926	0.04819	0.13033	0.02070	0.02289	0.01258	0.03402	0.53450	0.02247	0.02337	0.02970	0.00191	0.01762	0.00993	0.00363	0.00446
13	0.00659	0.00439	0.00494	0.00494	0.00494	0.00439	0.00275	0.00659	0.00659	0.00879	0.01428	0.02965	0.01647	0.84075	0.02306	0.00439	0.00439	0.00659	0.00275	0.00275
14	0.52294	0.00895	0.00857	0.00705	0.01018	0.00960	0.00581	0.10980	0.01073	0.21931	0.00981	0.00987	0.00689	0.00467	0.00347	0.00137	0.00376	0.00318	0.00371	0.04035
15	0.00552	0.00394	0.00526	0.00631	0.00657	0.00368	0.00421	0.00631	0.00868	0.01157	0.02498	0.83779	0.02997	0.01420	0.00578	0.00184	0.00263	0.01288	0.00421	0.00368
16	0.03909	0.00736	0.00956	0.00785	0.01073	0.00677	0.00628	0.01957	0.09602	0.58349	0.01876	0.14539	0.01430	0.00699	0.00471	0.00149	0.00362	0.00588	0.00521	0.00694
17	0.00942	0.00893	0.01515	0.57018	0.28416	0.01029	0.01301	0.01233	0.00947	0.01262	0.00821	0.01180	0.00641	0.00437	0.00452	0.00146	0.00583	0.00403	0.00209	0.00573
18	0.00657	0.00449	0.00541	0.00541	0.00558	0.00465	0.00333	0.00689	0.00673	0.00914	0.01385	0.02727	0.01544	0.67820	0.18420	0.00498	0.00595	0.00624	0.00268	0.00301
19	0.01723	0.01269	0.01360	0.01043	0.01405	0.01405	0.00861	0.79738	0.02131	0.02856	0.01088	0.01088	0.00771	0.00544	0.00453	0.00136	0.00499	0.00408	0.00453	0.00771
20	0.01290	0.00899	0.01004	0.00882	0.01150	0.00985	0.00697	0.02262	0.58294	0.18916	0.01924	0.01863	0.03400	0.00642	0.00468	0.00153	0.00363	0.03619	0.00480	0.00708
21	0.02033	0.00771	0.01052	0.00806	0.01157	0.00666	0.00666	0.02208	0.01297	0.81562	0.01788	0.01542	0.01122	0.00561	0.00456	0.00140	0.00386	0.00456	0.00561	0.00771
22	0.00694	0.00453	0.00558	0.00532	0.00638	0.00426	0.00399	0.00907	0.01196	0.01784	0.60341	0.02944	0.03466	0.00823	0.00478	0.00133	0.00213	0.00716	0.22872	0.00426
23	0.01410	0.25971	0.04060	0.00992	0.01308	0.04768	0.00874	0.35862	0.04885	0.01906	0.00887	0.00977	0.00701	0.00531	0.00557	0.00134	0.12841	0.00355	0.00322	0.00658
24	0.01110	0.01022	0.01751	0.16566	0.62071	0.01050	0.03774	0.01385	0.01022	0.04614	0.00883	0.01156	0.00713	0.00418	0.00452	0.00138	0.00551	0.00410	0.00234	0.00679
25	0.00657	0.00445	0.00525	0.00525	0.00535	0.00456	0.00312	0.00678	0.00668	0.00901	0.01400	0.02811	0.01581	0.73598	0.12692	0.00477	0.00540	0.00636	0.00270	0.00291
26	0.00672	0.00521	0.00775	0.00761	0.00836	0.00625	0.00597	0.00829	0.00726	0.01055	0.01170	0.01724	0.01095	0.03214	0.76545	0.00691	0.07036	0.00479	0.00240	0.00411
27	0.01154	0.00960	0.01007	0.00894	0.01144	0.02641	0.00696	0.06997	0.64177	0.04292	0.06360	0.01801	0.02871	0.02309	0.00502	0.00157	0.00368	0.00528	0.00457	0.00687
28	0.00614	0.00459	0.00569	0.00549	0.00662	0.00415	0.00409	0.00798	0.01206	0.01653	0.60152	0.07928	0.20915	0.01001	0.00537	0.00147	0.00220	0.00875	0.00478	0.00415
29	0.00973	0.00823	0.01018	0.00729	0.01132	0.00629	0.03984	0.01182	0.00954	0.03521	0.00835	0.00967	0.00683	0.00343	0.00347	0.00073	0.00356	0.00285	0.00274	0.80890
30	0.00983	0.00962	0.05397	0.38807	0.25533	0.00977	0.05160	0.02785	0.01000	0.03433	0.02397	0.01317	0.03243	0.00466	0.00451	0.00141	0.00551	0.00428	0.02475	0.03494
31	0.00940	0.00805	0.00940	0.00671	0.01074	0.00604	0.00537	0.01141	0.00940	0.01477	0.00805	0.00940	0.00671	0.00336	0.00336	0.00067	0.00336	0.00268	0.00268	0.86845
32	0.21468	0.02658	0.04271	0.02369	0.05095	0.20229	0.00767	0.08991	0.16026	0.02981	0.04691	0.02423	0.01021	0.02704	0.00457	0.00146	0.00502	0.02291	0.00330	0.00580
33	0.22827	0.00859	0.00916	0.00707	0.01058	0.00799	0.00572	0.09330	0.02369	0.09904	0.00950	0.03081	0.00753	0.00433	0.00354	0.00104	0.00360	0.00326	0.00327	0.43970
34	0.11426	0.29692	0.11520	0.09602	0.02609	0.06931	0.02190	0.04556	0.01029	0.12779	0.00866	0.00965	0.00661	0.00452	0.00404	0.00127	0.02994	0.00323	0.00271	0.00604

[dist]
# distance from previous block
# <min> <max>
0	3

[block]
# block no. 6 follows, 57 sequences, length 95
# corresponding to MSA columns:
# 396-421,428-441,443,444,446-448,450-486,488-500
name=unknown_G
#
# <colnr> <probs for GDERKNQSTAVLIFYWHMCP>
#	G	D	E	R	K	N	Q	S	T	A	V	L	I	F	Y	W	H	M	C	P
0	0.10495	0.00768	0.00970	0.00770	0.01067	0.00706	0.05022	0.03492	0.06314	0.22992	0.16237	0.03814	0.03486	0.00589	0.00432	0.00126	0.00353	0.00496	0.00413	0.21457
1	0.02451	0.13097	0.15704	0.01005	0.01315	0.02458	0.12683	0.02621	0.02447	0.05439	0.11934	0.14480	0.06493	0.00714	0.00527	0.00147	0.05010	0.00615	0.00319	0.00544
2	0.01258	0.03369	0.36874	0.02758	0.09161	0.12764	0.08553	0.03338	0.01096	0.14022	0.00963	0.01072	0.00691	0.00456	0.00455	0.00139	0.01730	0.00374	0.00268	0.00659
3	0.00647	0.00485	0.00728	0.00728	0.00809	0.00566	0.00566	0.00809	0.00728	0.01052	0.01214	0.01780	0.01133	0.03398	0.82279	0.00728	0.01214	0.00485	0.00243	0.00405
4	0.00784	0.00518	0.00623	0.00603	0.02790	0.00453	0.00442	0.00944	0.01153	0.12011	0.30203	0.03573	0.42257	0.00976	0.00522	0.00147	0.00253	0.00829	0.00461	0.00458
5	0.01183	0.01196	0.16851	0.21464	0.21860	0.00995	0.02720	0.06745	0.04304	0.13607	0.01054	0.01218	0.00769	0.00467	0.00445	0.00141	0.00539	0.00406	0.03380	0.00655
6	0.02033	0.00771	0.01052	0.00806	0.01157	0.00666	0.00666	0.02208	0.01297	0.81562	0.01788	0.01542	0.01122	0.00561	0.00456	0.00140	0.00386	0.00456	0.00561	0.00771
7	0.00568	0.00408	0.00539	0.00616	0.00660	0.00379	0.00420	0.00672	0.00947	0.01278	0.16769	0.67205	0.05209	0.01323	0.00569	0.00176	0.00253	0.01195	0.00435	0.00379
8	0.00979	0.00740	0.01132	0.12181	0.31152	0.00762	0.02104	0.01225	0.00994	0.03605	0.03202	0.01446	0.00994	0.00480	0.00397	0.00125	0.00399	0.00426	0.37100	0.00556
9	0.01073	0.23892	0.30853	0.06034	0.06022	0.02757	0.01200	0.03408	0.03544	0.02688	0.00786	0.00959	0.00630	0.00489	0.00566	0.00139	0.13791	0.00337	0.00218	0.00614
10	0.00536	0.00459	0.00459	0.00459	0.00612	0.00383	0.00344	0.00650	0.01033	0.01224	0.04590	0.04361	0.81065	0.01148	0.00536	0.00153	0.00230	0.00956	0.00421	0.00383
11	0.00857	0.00511	0.00675	0.00607	0.00751	0.00465	0.00465	0.01065	0.01285	0.14196	0.68712	0.03099	0.03786	0.00870	0.00522	0.00142	0.00240	0.00763	0.00508	0.00481
12	0.01033	0.08483	0.40001	0.06641	0.07519	0.01102	0.12605	0.06984	0.01064	0.03156	0.00967	0.03345	0.00779	0.00491	0.00451	0.00144	0.00615	0.03740	0.00242	0.00637
13	0.01012	0.00978	0.02961	0.28543	0.47107	0.01020	0.02626	0.02707	0.01005	0.01389	0.00969	0.03276	0.02418	0.00465	0.00455	0.00142	0.00548	0.00438	0.01312	0.00627
14	0.00909	0.02344	0.81727	0.01292	0.01961	0.01052	0.01674	0.01435	0.00957	0.01435	0.00813	0.00957	0.00574	0.00431	0.00431	0.00144	0.00670	0.00335	0.00191	0.00670
15	0.01192	0.01242	0.09003	0.17469	0.30307	0.06566	0.07799	0.12602	0.02262	0.03756	0.00901	0.01122	0.00696	0.00455	0.00480	0.00141	0.02686	0.00404	0.00262	0.00654
16	0.01215	0.00654	0.00841	0.00676	0.00941	0.00554	0.00537	0.01409	0.01203	0.30902	0.31570	0.02182	0.04513	0.00665	0.00460	0.00125	0.00305	0.00565	0.00467	0.20216
17	0.02942	0.00904	0.02966	0.00835	0.01091	0.02895	0.00688	0.24585	0.10099	0.14112	0.25755	0.02191	0.02076	0.00714	0.00486	0.00145	0.00383	0.06045	0.00466	0.00621
18	0.00667	0.00497	0.00700	0.00688	0.00753	0.00560	0.00516	0.00797	0.00797	0.01135	0.12653	0.05071	0.01689	0.14951	0.49379	0.02576	0.05315	0.00581	0.00287	0.00387
19	0.00648	0.00483	0.00714	0.00714	0.00790	0.00559	0.00548	0.00800	0.00724	0.01041	0.01227	0.01854	0.01165	0.08393	0.77329	0.00710	0.01166	0.00496	0.00245	0.00397
20	0.00555	0.00458	0.00488	0.00484	0.00625	0.00390	0.00362	0.00688	0.01075	0.01332	0.18649	0.06137	0.64964	0.01113	0.00536	0.00152	0.00227	0.00939	0.00435	0.00390
21	0.00940	0.00805	0.00940	0.00671	0.01074	0.00604	0.00537	0.01141	0.00940	0.01477	0.00805	0.00940	0.00671	0.00336	0.00336	0.00067	0.00336	0.00268	0.00268	0.86845
22	0.00665	0.00489	0.00627	0.00588	0.00702	0.00462	0.00442	0.00932	0.05214	0.01821	0.77077	0.03301	0.04132	0.00911	0.00531	0.00143	0.00221	0.00804	0.00497	0.00442
23	0.01412	0.00958	0.01019	0.00816	0.01087	0.01041	0.00663	0.50342	0.01694	0.03596	0.01238	0.01311	0.00916	0.00538	0.00404	0.00125	0.00394	0.00414	0.31386	0.00646
24	0.01714	0.00934	0.05532	0.00856	0.01196	0.00828	0.00735	0.19026	0.02962	0.48638	0.09215	0.01661	0.03379	0.00601	0.00463	0.00140	0.00405	0.00487	0.00505	0.00722
25	0.01310	0.01037	0.01096	0.00942	0.01225	0.02465	0.00744	0.17390	0.58895	0.07165	0.01675	0.01550	0.01235	0.00595	0.00458	0.00149	0.00395	0.00485	0.00462	0.00728
26	0.01514	0.01392	0.01228	0.01033	0.01328	0.21511	0.00816	0.34170	0.28345	0.02095	0.01246	0.01224	0.00931	0.00549	0.00445	0.00137	0.00531	0.00414	0.00401	0.00691
27	0.01191	0.00902	0.01015	0.00809	0.01145	0.00873	0.00644	0.09157	0.29955	0.10223	0.01370	0.01341	0.02194	0.00493	0.00408	0.00114	0.00363	0.00400	0.00389	0.37013
28	0.01995	0.00763	0.01039	0.00800	0.01144	0.00660	0.00660	0.02172	0.01297	0.79394	0.03941	0.01592	0.01207	0.00571	0.00458	0.00140	0.00381	0.00466	0.00559	0.00762
29	0.00666	0.00513	0.00764	0.00753	0.00830	0.00611	0.00589	0.00824	0.00726	0.01054	0.01180	0.01737	0.01104	0.03257	0.77894	0.00699	0.05666	0.00481	0.00240	0.00410
30	0.00648	0.00484	0.00719	0.00719	0.00796	0.00561	0.00554	0.00803	0.00725	0.01045	0.01223	0.01829	0.01154	0.06710	0.78997	0.00716	0.01182	0.00493	0.00244	0.00399
31	0.01211	0.84348	0.02374	0.00775	0.01163	0.01793	0.00775	0.01357	0.00921	0.01066	0.00630	0.00727	0.00582	0.00388	0.00291	0.00097	0.00485	0.00242	0.00194	0.00582
32	0.01992	0.00818	0.01078	0.00829	0.01179	0.00738	0.00684	0.08992	0.02617	0.73423	0.01727	0.01505	0.01095	0.00560	0.00456	0.00140	0.00395	0.00452	0.00550	0.00770
33	0.00580	0.00430	0.00592	0.00646	0.00703	0.00399	0.02458	0.00692	0.00952	0.01283	0.16312	0.64271	0.06390	0.01295	0.00568	0.00175	0.00266	0.01173	0.00429	0.00385
34	0.01751	0.00704	0.00956	0.00767	0.01061	0.00613	0.00619	0.01919	0.01249	0.65893	0.08827	0.10563	0.01601	0.00685	0.00476	0.00145	0.00357	0.00577	0.00540	0.00698
35	0.01115	0.01071	0.01828	0.04595	0.79481	0.01075	0.01388	0.01385	0.01029	0.01473	0.00851	0.01123	0.00715	0.00405	0.00449	0.00135	0.00540	0.00404	0.00224	0.00713
36	0.00954	0.00822	0.00986	0.00705	0.01109	0.00628	0.02386	0.02285	0.00960	0.01496	0.00812	0.00948	0.00673	0.00340	0.00342	0.00070	0.00348	0.00277	0.00270	0.83588
37	0.00949	0.02982	0.01357	0.04829	0.01254	0.01274	0.02790	0.01071	0.00731	0.01102	0.00780	0.01164	0.02916	0.00997	0.08457	0.00238	0.65990	0.00420	0.00209	0.00490
38	0.00561	0.00401	0.00536	0.00638	0.00669	0.00376	0.00434	0.00648	0.00882	0.01176	0.03821	0.79115	0.03002	0.01404	0.00580	0.00184	0.00269	0.04511	0.00422	0.00371
39	0.00954	0.02284	0.77274	0.01278	0.01930	0.01072	0.01629	0.05774	0.01022	0.01514	0.00828	0.00964	0.00585	0.00437	0.00432	0.00143	0.00660	0.00339	0.00206	0.00675
40	0.00702	0.00515	0.00694	0.02795	0.00835	0.00491	0.03299	0.03075	0.03252	0.04258	0.24011	0.40159	0.11938	0.01114	0.00546	0.00163	0.00286	0.00997	0.00436	0.00433
41	0.00658	0.00463	0.00638	0.05112	0.00874	0.00452	0.00549	0.00790	0.00945	0.03487	0.05284	0.52383	0.04667	0.01277	0.00577	0.00185	0.00321	0.20523	0.00415	0.00402
42	0.85252	0.00881	0.00694	0.00647	0.02765	0.01018	0.00512	0.01333	0.00777	0.02020	0.00636	0.00745	0.00496	0.00420	0.00284	0.00140	0.00355	0.00249	0.00279	0.00496
43	0.00827	0.00437	0.00454	0.00448	0.00556	0.00436	0.00336	0.01058	0.02442	0.01707	0.10338	0.01878	0.01512	0.00574	0.00344	0.00111	0.00214	0.00468	0.75431	0.00428
44	0.01367	0.01344	0.18042	0.01206	0.04412	0.02193	0.11352	0.22142	0.15424	0.14311	0.01264	0.02830	0.00920	0.00525	0.00463	0.00144	0.00528	0.00451	0.00376	0.00706
45	0.00976	0.00610	0.00654	0.00587	0.00746	0.00637	0.00455	0.14543	0.06331	0.01925	0.15750	0.01892	0.01670	0.00608	0.00389	0.00121	0.00270	0.00497	0.50838	0.00502
46	0.00659	0.00439	0.00494	0.00494	0.00494	0.00439	0.00275	0.00659	0.00659	0.00879	0.01428	0.02965	0.01647	0.84075	0.02306	0.00439	0.00439	0.00659	0.00275	0.00275
47	0.00727	0.00466	0.00538	0.00528	0.00644	0.00444	0.00403	0.02546	0.01114	0.01657	0.31510	0.05275	0.13934	0.00837	0.00459	0.00136	0.00236	0.05681	0.32443	0.00424
48	0.00952	0.00816	0.00945	0.00687	0.01081	0.00638	0.00549	0.01223	0.06060	0.01504	0.00872	0.00988	0.00717	0.00354	0.00344	0.00073	0.00337	0.00284	0.00281	0.81298
49	0.52370	0.06102	0.00855	0.00666	0.00933	0.04796	0.00548	0.11907	0.01017	0.01985	0.00833	0.00941	0.00647	0.00455	0.00316	0.00130	0.00378	0.00298	0.14295	0.00525
50	0.01199	0.00612	0.00784	0.00698	0.00894	0.00565	0.00535	0.02683	0.06673	0.32385	0.15115	0.23443	0.08715	0.02843	0.00550	0.00161	0.00314	0.00780	0.00487	0.00563
51	0.02259	0.01105	0.03766	0.18244	0.26249	0.01125	0.20010	0.14534	0.03976	0.01663	0.00938	0.01177	0.00720	0.00442	0.00467	0.00143	0.00589	0.00436	0.01508	0.00650
52	0.00967	0.18134	0.62994	0.01194	0.01794	0.01187	0.03398	0.01410	0.00958	0.01371	0.02211	0.00962	0.00644	0.00430	0.00408	0.00135	0.00628	0.00331	0.00198	0.00647
53	0.00759	0.00590	0.00706	0.00655	0.00800	0.00600	0.00497	0.01236	0.20948	0.01822	0.59395	0.02988	0.05505	0.00855	0.00516	0.00146	0.00250	0.00747	0.00487	0.00498
54	0.00946	0.00685	0.00860	0.05334	0.02887	0.00730	0.03152	0.07455	0.19673	0.02916	0.10701	0.10643	0.02954	0.00822	0.00621	0.11042	0.00348	0.00589	0.17134	0.00508
55	0.01112	0.00728	0.00965	0.03745	0.01104	0.02031	0.06587	0.04615	0.11889	0.20414	0.19531	0.10615	0.13139	0.00798	0.00502	0.00150	0.00358	0.00697	0.00452	0.00567
56	0.00552	0.00394	0.00526	0.00631	0.00657	0.00368	0.00421	0.00631	0.00868	0.01157	0.02498	0.83779	0.02997	0.01420	0.00578	0.00184	0.00263	0.01288	0.00421	0.00368
57	0.01201	0.81413	0.05215	0.00794	0.01192	0.01766	0.00808	0.01360	0.00922	0.01079	0.00637	0.00735	0.00581	0.00389	0.00296	0.00099	0.00491	0.00246	0.00194	0.00585
58	0.01221	0.82752	0.02353	0.00783	0.01168	0.03355	0.00777	0.01366	0.00928	0.01067	0.00631	0.00729	0.00582	0.00389	0.00293	0.00097	0.00491	0.00243	0.00195	0.00580
59	0.03229	0.00674	0.00755	0.00632	0.00877	0.00617	0.00493	0.03418	0.11355	0.03202	0.17359	0.02080	0.11981	0.00634	0.00418	0.00115	0.00289	0.00527	0.12707	0.28637
60	0.00652	0.00455	0.00599	0.00659	0.00710	0.00450	0.00465	0.00771	0.03165	0.03173	0.04663	0.54546	0.04614	0.07399	0.04449	0.03326	0.02288	0.06836	0.00396	0.00386
61	0.00930	0.02136	0.67984	0.01379	0.02005	0.01057	0.13721	0.01428	0.00976	0.01436	0.00859	0.01075	0.00629	0.00438	0.00450	0.00146	0.00680	0.01813	0.00201	0.00656
62	0.00598	0.00424	0.00551	0.00603	0.00650	0.00400	0.00414	0.00707	0.00956	0.01303	0.23495	0.47513	0.03133	0.13113	0.00816	0.00210	0.00281	0.04039	0.00421	0.00373
63	0.00626	0.00457	0.00612	0.00689	0.00742	0.00457	0.00514	0.00740	0.00891	0.01182	0.02342	0.45488	0.05983	0.07962	0.06013	0.00245	0.02720	0.21567	0.00391	0.00380
64	0.00990	0.01003	0.02710	0.45093	0.16100	0.03342	0.17784	0.03412	0.01014	0.01335	0.02371	0.01220	0.00715	0.00441	0.00470	0.00147	0.00623	0.00435	0.00224	0.00571
65	0.00871	0.00807	0.01349	0.49934	0.15516	0.00919	0.04572	0.01161	0.02289	0.01310	0.10221	0.03639	0.03396	0.00556	0.00486	0.01164	0.00530	0.00496	0.00257	0.00528
66	0.00904	0.00480	0.00486	0.00464	0.00587	0.00489	0.00354	0.06398	0.01030	0.01769	0.01452	0.01649	0.01135	0.00529	0.00326	0.00108	0.00231	0.00421	0.80742	0.00446
67	0.01053	0.03747	0.11140	0.34733	0.06762	0.03978	0.18063	0.01389	0.02838	0.06460	0.00901	0.01170	0.00674	0.00458	0.00513	0.00148	0.04732	0.00420	0.00237	0.00583
68	0.03516	0.00837	0.01093	0.03320	0.07746	0.00844	0.03685	0.15830	0.08703	0.23886	0.06365	0.09862	0.06719	0.02201	0.00514	0.00154	0.00406	0.03247	0.00438	0.00635
69	0.01050	0.01226	0.20107	0.03088	0.01439	0.08602	0.13128	0.01321	0.01054	0.11910	0.09088	0.15115	0.01547	0.03259	0.02902	0.00177	0.00548	0.03556	0.00330	0.00554
70	0.53522	0.01176	0.02467	0.01986	0.03135	0.14005	0.08953	0.07262	0.00997	0.01851	0.00717	0.00846	0.00555	0.00433	0.00349	0.00138	0.00493	0.00303	0.00277	0.00538
71	0.00599	0.00461	0.00578	0.00666	0.02701	0.00424	0.00481	0.00721	0.00962	0.01226	0.03137	0.37097	0.29524	0.02358	0.00593	0.00181	0.00293	0.17195	0.00413	0.00391
72	0.01429	0.02147	0.07081	0.04093	0.01340	0.02810	0.03372	0.13613	0.03384	0.27713	0.01266	0.01269	0.02227	0.00540	0.01926	0.00132	0.01384	0.00394	0.00387	0.23493
73	0.00998	0.00862	0.00905	0.00844	0.01050	0.03041	0.00643	0.01949	0.58042	0.01719	0.05642	0.15827	0.04964	0.00784	0.00486	0.00157	0.00342	0.00670	0.00448	0.00626
74	0.00940	0.00805	0.00940	0.00671	0.01074	0.00604	0.00537	0.01141	0.00940	0.01477	0.00805	0.00940	0.00671	0.00336	0.00336	0.00067	0.00336	0.00268	0.00268	0.86845
75	0.01003	0.02371	0.08743	0.00979	0.01277	0.09481	0.12720	0.03036	0.02275	0.04500	0.08025	0.10723	0.04910	0.00695	0.01809	0.00143	0.02464	0.03825	0.03385	0.17635
76	0.00810	0.00697	0.00956	0.00867	0.00894	0.00897	0.00678	0.00908	0.00705	0.01051	0.00998	0.01707	0.01016	0.21251	0.24430	0.00402	0.37513	0.00485	0.03321	0.00415
77	0.00841	0.00638	0.00928	0.02386	0.00965	0.00711	0.06065	0.03618	0.05104	0.03485	0.07106	0.01952	0.01343	0.15410	0.24838	0.11782	0.09733	0.02385	0.00286	0.00423
78	0.00910	0.00714	0.03796	0.05305	0.03905	0.00609	0.00612	0.04958	0.01142	0.08575	0.27726	0.08395	0.08442	0.02101	0.00498	0.00133	0.00330	0.00626	0.00394	0.20829
79	0.00593	0.00440	0.00553	0.00570	0.00659	0.00400	0.00410	0.00745	0.01102	0.01494	0.41538	0.29742	0.17832	0.01127	0.00549	0.00158	0.00233	0.00997	0.00459	0.00400
80	0.01183	0.00921	0.01232	0.15476	0.03000	0.02990	0.07727	0.14084	0.17220	0.10175	0.07575	0.03296	0.01311	0.02831	0.02663	0.00172	0.02530	0.03546	0.01458	0.00610
81	0.01664	0.01217	0.01262	0.00987	0.01321	0.05470	0.00807	0.63663	0.03466	0.07516	0.01154	0.01158	0.00823	0.00541	0.00441	0.00133	0.00484	0.00408	0.06752	0.00731
82	0.01043	0.06303	0.06903	0.09917	0.33454	0.00950	0.02249	0.02247	0.03468	0.05624	0.06979	0.03588	0.02088	0.00551	0.00454	0.00137	0.00482	0.05881	0.00289	0.07393
83	0.01024	0.18004	0.44038	0.04579	0.01839	0.01188	0.13557	0.01413	0.00973	0.04209	0.00911	0.01065	0.02492	0.00445	0.00447	0.00137	0.02460	0.00371	0.00217	0.00630
84	0.01131	0.58523	0.20074	0.00994	0.01450	0.01569	0.08147	0.01383	0.00942	0.01183	0.00697	0.00823	0.00589	0.00397	0.00344	0.00112	0.00551	0.00290	0.00196	0.00604
85	0.00626	0.00449	0.00571	0.00576	0.00671	0.00409	0.00418	0.00788	0.01132	0.02972	0.46985	0.25834	0.14706	0.01088	0.00545	0.00155	0.00233	0.00963	0.00467	0.00411
86	0.01045	0.01853	0.01049	0.11662	0.01298	0.00841	0.03824	0.13962	0.03144	0.08772	0.01400	0.10138	0.04096	0.05047	0.13482	0.05839	0.06982	0.01967	0.01727	0.01872
87	0.01166	0.01090	0.11068	0.33637	0.08181	0.03963	0.09675	0.01490	0.03097	0.16982	0.01106	0.02294	0.00828	0.00500	0.00465	0.00148	0.00574	0.02840	0.00292	0.00606
88	0.00595	0.00402	0.00536	0.00616	0.00647	0.00378	0.00416	0.00633	0.00832	0.01100	0.02316	0.62640	0.06916	0.03522	0.00808	0.13748	0.00290	0.02884	0.00382	0.00341
89	0.00648	0.00484	0.00722	0.00722	0.00800	0.00563	0.00558	0.00805	0.00726	0.01047	0.01220	0.01814	0.01148	0.05722	0.79976	0.00720	0.01191	0.00490	0.00244	0.00401
90	0.01082	0.29237	0.48209	0.01106	0.01647	0.05921	0.01304	0.04233	0.01005	0.01346	0.00756	0.00878	0.00584	0.00423	0.00384	0.00126	0.00611	0.00305	0.00204	0.00636
91	0.07977	0.05994	0.06792	0.09582	0.05662	0.14546	0.09161	0.20767	0.08366	0.03742	0.01037	0.01142	0.02260	0.00490	0.00433	0.00137	0.00570	0.00396	0.00314	0.00632
92	0.63202	0.03343	0.06209	0.00748	0.01049	0.14300	0.00645	0.01444	0.02850	0.01814	0.00685	0.00787	0.00536	0.00433	0.00316	0.00136	0.00452	0.00265	0.00269	0.00516
93	0.01205	0.03878	0.00917	0.00778	0.03010	0.00721	0.00581	0.01570	0.18075	0.24652	0.11486	0.04117	0.02624	0.12651	0.00823	0.06500	0.00368	0.01967	0.00423	0.03655
94	0.00728	0.00534	0.00626	0.00627	0.00724	0.00524	0.00443	0.11074	0.01068	0.01408	0.09615	0.38685	0.16526	0.14279	0.00823	0.00209	0.00311	0.00971	0.00409	0.00414

[dist]
# distance from previous block
# <min> <max>
2	4

[block]
# block no. 7 follows, 57 sequences, length 9
# corresponding to MSA columns:
# 513-521
name=unknown_H
#
# <colnr> <probs for GDERKNQSTAVLIFYWHMCP>
#	G	D	E	R	K	N	Q	S	T	A	V	L	I	F	Y	W	H	M	C	P
0	0.00903	0.00873	0.01293	0.62536	0.07477	0.06360	0.01151	0.01176	0.00966	0.01215	0.04478	0.01559	0.03271	0.00532	0.00464	0.00150	0.00577	0.04278	0.00235	0.00507
1	0.01006	0.03145	0.01077	0.00946	0.01023	0.18353	0.00736	0.01105	0.00836	0.01056	0.00968	0.05731	0.00989	0.14672	0.16527	0.00316	0.30356	0.00476	0.00238	0.00445
2	0.00668	0.00527	0.00600	0.00617	0.00710	0.03221	0.00455	0.00826	0.03006	0.01321	0.20855	0.16598	0.19299	0.14305	0.03967	0.00229	0.00352	0.11649	0.00403	0.00393
3	0.00765	0.00527	0.00696	0.00760	0.00877	0.00516	0.00631	0.00989	0.04683	0.05515	0.02613	0.17574	0.11655	0.01202	0.00591	0.00192	0.00366	0.48984	0.00428	0.00437
4	0.00955	0.00637	0.00823	0.00746	0.00905	0.00633	0.03974	0.08161	0.08124	0.10708	0.17238	0.17636	0.04765	0.11985	0.00758	0.00196	0.00354	0.07906	0.03000	0.00497
5	0.01596	0.01136	0.01156	0.00946	0.01254	0.10446	0.00756	0.29649	0.18505	0.21655	0.01431	0.04901	0.01061	0.00587	0.00453	0.00139	0.00463	0.00463	0.00450	0.02952
6	0.01450	0.00721	0.00901	0.00734	0.00996	0.00678	0.00590	0.11171	0.03807	0.39737	0.20828	0.02176	0.08576	0.00695	0.00474	0.00140	0.00336	0.00579	0.04773	0.00637
7	0.87276	0.00876	0.00666	0.00596	0.00876	0.01017	0.00491	0.01332	0.00771	0.02033	0.00631	0.00736	0.00491	0.00421	0.00280	0.00140	0.00351	0.00245	0.00280	0.00491
8	0.00978	0.05329	0.00958	0.00716	0.01005	0.00679	0.00575	0.01199	0.04420	0.08261	0.04336	0.11349	0.01320	0.02654	0.00495	0.00120	0.03156	0.06403	0.00334	0.45714

[dist]
# distance from previous block
# <min> <max>
5	7

[block]
# block no. 8 follows, 57 sequences, length 13
# corresponding to MSA columns:
# 530-542
name=unknown_I
#
# <colnr> <probs for GDERKNQSTAVLIFYWHMCP>
#	G	D	E	R	K	N	Q	S	T	A	V	L	I	F	Y	W	H	M	C	P
0	0.01057	0.00994	0.01680	0.18019	0.62448	0.01032	0.01314	0.01330	0.01004	0.01429	0.00873	0.01165	0.00717	0.00419	0.00443	0.00136	0.00535	0.00404	0.04337	0.00663
1	0.00608	0.00453	0.00552	0.00562	0.00645	0.00432	0.00400	0.00724	0.00943	0.01247	0.19019	0.13976	0.24531	0.18944	0.12009	0.00295	0.00415	0.03494	0.00382	0.00371
2	0.00726	0.00633	0.03539	0.02463	0.00870	0.03237	0.02118	0.00899	0.01084	0.03814	0.29895	0.19913	0.18525	0.00993	0.00554	0.00154	0.02607	0.03678	0.00417	0.03883
3	0.00607	0.00434	0.00588	0.00683	0.00736	0.00414	0.00506	0.00731	0.00944	0.01257	0.07851	0.56592	0.02977	0.01340	0.00588	0.00188	0.00302	0.22450	0.00425	0.00386
4	0.00940	0.00805	0.00940	0.00671	0.01074	0.00604	0.00537	0.01141	0.00940	0.01477	0.00805	0.00940	0.00671	0.00336	0.00336	0.00067	0.00336	0.00268	0.00268	0.86845
5	0.01136	0.03240	0.12742	0.06294	0.08076	0.11750	0.03503	0.06834	0.03461	0.05870	0.03930	0.04867	0.03183	0.00535	0.00460	0.00126	0.02911	0.01544	0.00295	0.19245
6	0.01228	0.07504	0.09633	0.04064	0.04661	0.09725	0.04703	0.14823	0.22993	0.03148	0.04883	0.02905	0.01084	0.00560	0.00489	0.00141	0.04143	0.00447	0.02222	0.00643
7	0.01028	0.00838	0.01342	0.39385	0.23090	0.00923	0.01105	0.04141	0.01031	0.08245	0.04880	0.02729	0.03178	0.01789	0.00521	0.02054	0.00519	0.02355	0.00277	0.00572
8	0.01177	0.01041	0.04895	0.33666	0.06272	0.07759	0.06184	0.06511	0.05394	0.11994	0.01039	0.01297	0.00784	0.00610	0.02511	0.03351	0.03035	0.01612	0.00289	0.00580
9	0.01037	0.25197	0.39602	0.01284	0.06399	0.03133	0.10382	0.01393	0.00963	0.01313	0.00808	0.02935	0.00657	0.00445	0.00434	0.00133	0.02695	0.00360	0.00205	0.00626
10	0.00627	0.00426	0.00504	0.00535	0.00543	0.00418	0.00319	0.00651	0.00722	0.00963	0.01751	0.27351	0.02055	0.59134	0.01785	0.00362	0.00386	0.00849	0.00319	0.00303
11	0.00993	0.00939	0.01604	0.42045	0.31801	0.01037	0.06674	0.03839	0.01009	0.01360	0.00898	0.01317	0.00731	0.00462	0.00463	0.00147	0.00580	0.03276	0.00228	0.00596
12	0.03433	0.02488	0.04643	0.00746	0.00897	0.16633	0.00571	0.03059	0.00994	0.06246	0.07260	0.17254	0.03298	0.23862	0.00979	0.00226	0.00460	0.02809	0.02417	0.01724

[dist]
# distance from previous block
# <min> <max>
2	10

[block]
# block no. 9 follows, 57 sequences, length 16
# corresponding to MSA columns:
# 558-568,570-574
name=unknown_J
#
# <colnr> <probs for GDERKNQSTAVLIFYWHMCP>
#	G	D	E	R	K	N	Q	S	T	A	V	L	I	F	Y	W	H	M	C	P
0	0.01080	0.11203	0.50139	0.01137	0.01655	0.01086	0.03006	0.03690	0.02870	0.10014	0.00980	0.03119	0.00743	0.00596	0.03545	0.00163	0.03692	0.00380	0.00254	0.00649
1	0.00619	0.00505	0.00533	0.00515	0.00669	0.00448	0.00389	0.05385	0.01119	0.01387	0.13222	0.08056	0.63357	0.01099	0.00533	0.00152	0.00245	0.00924	0.00432	0.00410
