[name]
unknown

[dist]
# distance from previous block
# <min> <max>
3	29

[block]
# block no. 0 follows, 66 sequences, length 11
# corresponding to MSA columns:
# 31-41
name=unknown_A
#
# <colnr> <probs for GDERKNQSTAVLIFYWHMCP>
#	G	D	E	R	K	N	Q	S	T	A	V	L	I	F	Y	W	H	M	C	P
0	0.01497	0.00988	0.01133	0.00941	0.05182	0.01048	0.00733	0.49180	0.10327	0.20116	0.01166	0.01118	0.00813	0.00485	0.00403	0.00122	0.00408	0.00380	0.00412	0.03547
1	0.01295	0.01475	0.01102	0.00983	0.01169	0.48185	0.00759	0.06415	0.16865	0.01219	0.00851	0.00953	0.00692	0.00592	0.03805	0.00144	0.12405	0.00326	0.00256	0.00509
2	0.00518	0.00429	0.00485	0.00514	0.03533	0.00372	0.00361	0.00642	0.00962	0.01208	0.19821	0.07943	0.59832	0.00976	0.00479	0.00136	0.00214	0.00829	0.00385	0.00361
3	0.00563	0.00406	0.00532	0.00518	0.00604	0.00375	0.00382	0.00737	0.01095	0.01541	0.71290	0.14982	0.03662	0.00893	0.00484	0.00133	0.00198	0.00795	0.00436	0.00375
4	0.01004	0.00964	0.01647	0.02490	0.83211	0.00964	0.01245	0.01245	0.00924	0.01325	0.00763	0.01004	0.00643	0.00361	0.00402	0.00120	0.00482	0.00361	0.00201	0.00643
5	0.00480	0.00408	0.00414	0.00420	0.00550	0.00342	0.00312	0.00581	0.00916	0.01093	0.04003	0.08553	0.78466	0.01041	0.00482	0.00139	0.00207	0.00873	0.00377	0.00342
6	0.01820	0.00690	0.00942	0.00722	0.01036	0.00596	0.00596	0.01977	0.01161	0.83492	0.01601	0.01381	0.01004	0.00502	0.00408	0.00126	0.00345	0.00408	0.00502	0.00690
7	0.00569	0.00415	0.00535	0.00505	0.00603	0.00381	0.00379	0.00756	0.01136	0.01599	0.78786	0.03077	0.08057	0.00840	0.00479	0.00128	0.00192	0.00740	0.00443	0.00381
8	0.00850	0.01862	0.65321	0.01349	0.08975	0.00956	0.12440	0.01283	0.00876	0.01290	0.00744	0.00902	0.00539	0.00377	0.00400	0.00129	0.00601	0.00330	0.00179	0.00596
9	0.00688	0.00518	0.00726	0.05537	0.04942	0.00535	0.00657	0.02978	0.03284	0.01209	0.01885	0.12426	0.02027	0.05457	0.03282	0.00201	0.00398	0.52508	0.00345	0.00396
10	0.00952	0.10029	0.17561	0.00868	0.02853	0.00834	0.04719	0.01394	0.19666	0.11544	0.05449	0.15703	0.02767	0.00614	0.00412	0.00130	0.00389	0.00527	0.00325	0.03264

[dist]
# distance from previous block
# <min> <max>
2	8

[block]
# block no. 1 follows, 66 sequences, length 19
# corresponding to MSA columns:
# 50-68
name=unknown_B
#
# <colnr> <probs for GDERKNQSTAVLIFYWHMCP>
#	G	D	E	R	K	N	Q	S	T	A	V	L	I	F	Y	W	H	M	C	P
0	0.00712	0.01643	0.00664	0.00608	0.00732	0.04557	0.01970	0.00950	0.07226	0.05200	0.46032	0.12575	0.08280	0.00896	0.02755	0.00149	0.00285	0.03947	0.00405	0.00416
1	0.01165	0.00738	0.00893	0.00656	0.01001	0.00601	0.00532	0.06285	0.00999	0.24972	0.00989	0.01004	0.00722	0.00370	0.00338	0.00083	0.00322	0.00296	0.00326	0.57707
2	0.00964	0.01058	0.02192	0.01609	0.03322	0.03181	0.71188	0.01276	0.00955	0.03167	0.00923	0.06473	0.00754	0.00407	0.00475	0.00137	0.00645	0.00512	0.00223	0.00536
3	0.00501	0.00356	0.00469	0.00557	0.00578	0.00334	0.00368	0.00567	0.00764	0.01019	0.02171	0.79824	0.02601	0.07036	0.00623	0.00180	0.00246	0.01115	0.00368	0.00324
4	0.00545	0.00467	0.00540	0.06263	0.03012	0.00434	0.00422	0.00710	0.03961	0.01140	0.06972	0.03425	0.63439	0.01025	0.03902	0.00158	0.00280	0.02577	0.00356	0.00373
5	0.04266	0.07570	0.56982	0.01057	0.01541	0.07876	0.04533	0.02300	0.00901	0.01292	0.04069	0.02009	0.00694	0.00416	0.00377	0.00123	0.00558	0.00326	0.02552	0.00558
6	0.00583	0.00394	0.00460	0.00478	0.00487	0.00391	0.00289	0.00604	0.00636	0.00846	0.01453	0.12774	0.01679	0.69780	0.01776	0.00352	0.00373	0.06110	0.00270	0.00265
7	0.01348	0.30199	0.01500	0.00990	0.04762	0.52694	0.00774	0.01467	0.01030	0.00995	0.00612	0.00716	0.00527	0.00392	0.00332	0.00099	0.00620	0.00251	0.00197	0.00495
8	0.00958	0.01094	0.02394	0.01710	0.02120	0.01026	0.81737	0.01300	0.00958	0.01300	0.00821	0.01094	0.00616	0.00342	0.00479	0.00137	0.00684	0.00479	0.00205	0.00547
9	0.01015	0.00940	0.01519	0.19056	0.40814	0.02158	0.10117	0.07165	0.08673	0.03246	0.00877	0.01081	0.00685	0.00399	0.00412	0.00127	0.00499	0.00383	0.00239	0.00594
10	0.00928	0.01014	0.01891	0.01418	0.01703	0.03952	0.52312	0.01233	0.05104	0.01227	0.00968	0.05694	0.03009	0.00496	0.00639	0.00145	0.17038	0.00493	0.00225	0.00512
11	0.00868	0.00739	0.00855	0.00619	0.00973	0.00580	0.00495	0.03309	0.04170	0.01371	0.00766	0.00872	0.00629	0.00316	0.00308	0.00065	0.00305	0.00253	0.00252	0.82255
12	0.00494	0.00353	0.00471	0.00565	0.00588	0.00330	0.00377	0.00565	0.00777	0.01036	0.02236	0.85477	0.02683	0.01271	0.00518	0.00165	0.00235	0.01153	0.00377	0.00330
13	0.03792	0.00882	0.00980	0.00802	0.01077	0.02996	0.00646	0.21234	0.28795	0.28719	0.04704	0.01358	0.01094	0.00522	0.00407	0.00128	0.00364	0.00419	0.00432	0.00649
14	0.31495	0.00893	0.00875	0.00715	0.00991	0.05674	0.00582	0.20158	0.04483	0.23397	0.01006	0.00995	0.00707	0.00459	0.00360	0.01233	0.00374	0.00322	0.02690	0.02589
15	0.00574	0.00504	0.00582	0.00669	0.09685	0.00457	0.00434	0.00764	0.06553	0.01163	0.03572	0.03420	0.68327	0.00921	0.00466	0.00135	0.00244	0.00774	0.00360	0.00396
16	0.00480	0.00411	0.00411	0.00411	0.00548	0.00343	0.00308	0.00582	0.00925	0.01096	0.04110	0.03905	0.83046	0.01028	0.00480	0.00137	0.00206	0.00856	0.00377	0.00343
17	0.00937	0.01085	0.04440	0.04630	0.04534	0.01000	0.72271	0.01270	0.00944	0.01284	0.00849	0.03223	0.00663	0.00370	0.00472	0.00137	0.00659	0.00483	0.00208	0.00543
18	0.04179	0.16138	0.50197	0.00996	0.01454	0.03276	0.03570	0.04059	0.00891	0.01270	0.02310	0.08269	0.00771	0.00467	0.00375	0.00124	0.00522	0.00372	0.00208	0.00551

[dist]
# distance from previous block
# <min> <max>
0	1

[block]
# block no. 2 follows, 66 sequences, length 19
# corresponding to MSA columns:
# 70-88
name=unknown_C
#
# <colnr> <probs for GDERKNQSTAVLIFYWHMCP>
#	G	D	E	R	K	N	Q	S	T	A	V	L	I	F	Y	W	H	M	C	P
0	0.00492	0.00363	0.00460	0.00538	0.00581	0.00332	0.00365	0.00568	0.00803	0.01046	0.02567	0.71091	0.16856	0.01228	0.00511	0.00160	0.00230	0.01101	0.00377	0.00332
1	0.00784	0.00405	0.00408	0.00398	0.00500	0.00409	0.00301	0.03776	0.00888	0.01549	0.01311	0.01494	0.01028	0.00473	0.00288	0.00095	0.00198	0.00378	0.84930	0.00389
2	0.01439	0.01641	0.01278	0.01206	0.09662	0.55679	0.05059	0.16681	0.01259	0.01338	0.00716	0.00824	0.00571	0.00421	0.00383	0.00111	0.00650	0.00302	0.00245	0.00533
3	0.44202	0.00889	0.02012	0.00663	0.00904	0.09110	0.01758	0.08438	0.02287	0.07070	0.01872	0.00983	0.00680	0.04497	0.04553	0.00157	0.00414	0.00301	0.04137	0.05071
4	0.00705	0.00352	0.00529	0.00529	0.00529	0.00352	0.00352	0.00529	0.00529	0.00705	0.00705	0.01233	0.00705	0.01409	0.01586	0.88196	0.00352	0.00352	0.00176	0.00176
5	0.47680	0.12812	0.00991	0.00696	0.00958	0.13338	0.02638	0.06683	0.00907	0.05061	0.04473	0.00841	0.00665	0.00411	0.00303	0.00117	0.00407	0.00274	0.00263	0.00483
6	0.00495	0.00371	0.00459	0.00523	0.00579	0.00336	0.00359	0.00580	0.00834	0.01082	0.06936	0.60295	0.23308	0.01186	0.00506	0.00156	0.00225	0.01055	0.00380	0.00336
7	0.01241	0.01017	0.03030	0.00823	0.01104	0.09118	0.00671	0.32191	0.11286	0.08233	0.04838	0.05974	0.01001	0.00518	0.00407	0.00115	0.01652	0.00408	0.00357	0.16015
8	0.01063	0.69954	0.14206	0.00778	0.01157	0.04999	0.00818	0.01242	0.00843	0.01005	0.00591	0.00685	0.00520	0.00356	0.00283	0.00094	0.00471	0.00231	0.00175	0.00530
9	0.01065	0.05228	0.01005	0.00710	0.01015	0.00753	0.00584	0.08122	0.00952	0.13523	0.00841	0.00928	0.00656	0.00399	0.00451	0.00091	0.10810	0.00289	0.00282	0.52294
10	0.00878	0.14273	0.57708	0.01114	0.01630	0.01038	0.09472	0.02778	0.02437	0.01280	0.03261	0.00932	0.00644	0.00394	0.00380	0.00123	0.00563	0.00323	0.00192	0.00578
11	0.01218	0.01275	0.01394	0.03174	0.01420	0.27855	0.20297	0.19101	0.05618	0.01454	0.00956	0.08914	0.00825	0.00514	0.00461	0.00127	0.04150	0.00438	0.00276	0.00532
12	0.00580	0.00435	0.00652	0.00652	0.00724	0.00507	0.00507	0.00724	0.00652	0.00942	0.01087	0.01594	0.01014	0.03043	0.84134	0.00652	0.01087	0.00435	0.00217	0.00362
13	0.06117	0.00776	0.00974	0.00751	0.01064	0.00732	0.00620	0.16476	0.01273	0.64671	0.01435	0.01271	0.00919	0.00493	0.00400	0.00125	0.00362	0.00391	0.00472	0.00678
14	0.00502	0.00359	0.00480	0.00574	0.00601	0.00336	0.00390	0.00579	0.00785	0.01045	0.02232	0.81425	0.02666	0.01264	0.00520	0.00166	0.00242	0.05127	0.00376	0.00332
15	0.00943	0.01124	0.06359	0.05550	0.03946	0.01015	0.72216	0.01285	0.00945	0.01287	0.00810	0.01080	0.00608	0.00348	0.00469	0.00136	0.00669	0.00462	0.00202	0.00547
16	0.00590	0.00393	0.00442	0.00442	0.00442	0.00393	0.00246	0.00590	0.00590	0.00787	0.01278	0.02655	0.01475	0.85742	0.02065	0.00393	0.00393	0.00590	0.00246	0.00246
17	0.01322	0.03058	0.01027	0.00809	0.01062	0.07934	0.00655	0.45252	0.07381	0.05818	0.01076	0.01119	0.00798	0.00537	0.02146	0.00128	0.01712	0.00366	0.17206	0.00594
18	0.04494	0.20999	0.60092	0.01054	0.03231	0.01091	0.01268	0.01264	0.00844	0.01233	0.00685	0.00805	0.00515	0.00376	0.00352	0.00119	0.00548	0.00279	0.00176	0.00576

[dist]
# distance from previous block
# <min> <max>
1	4

[block]
# block no. 3 follows, 66 sequences, length 38
# corresponding to MSA columns:
# 93-130
name=unknown_D
#
# <colnr> <probs for GDERKNQSTAVLIFYWHMCP>
#	G	D	E	R	K	N	Q	S	T	A	V	L	I	F	Y	W	H	M	C	P
0	0.01409	0.01733	0.01253	0.01345	0.18254	0.66866	0.00880	0.01542	0.01103	0.01062	0.00655	0.00788	0.00548	0.00406	0.00373	0.00108	0.00680	0.00282	0.00207	0.00506
1	0.00580	0.00435	0.00652	0.00652	0.00724	0.00507	0.00507	0.00724	0.00652	0.00942	0.01087	0.01594	0.01014	0.03043	0.84134	0.00652	0.01087	0.00435	0.00217	0.00362
2	0.00512	0.00412	0.00457	0.00446	0.00568	0.00357	0.00334	0.00646	0.01003	0.01281	0.31530	0.03601	0.55511	0.00959	0.00479	0.00134	0.00201	0.00814	0.00401	0.00357
3	0.01021	0.00897	0.00923	0.00831	0.01060	0.03000	0.00646	0.02143	0.80530	0.01680	0.01627	0.01495	0.01221	0.00547	0.00412	0.00137	0.00331	0.00454	0.00408	0.00638
4	0.00833	0.07988	0.77917	0.01124	0.01706	0.00989	0.01442	0.01280	0.00854	0.01262	0.00717	0.00842	0.00514	0.00383	0.00377	0.00126	0.00588	0.00294	0.00171	0.00594
5	0.00991	0.01044	0.07403	0.02397	0.77492	0.00962	0.01263	0.01248	0.00919	0.01323	0.00761	0.00994	0.00634	0.00363	0.00401	0.00121	0.00490	0.00357	0.00199	0.00640
6	0.01516	0.01934	0.01150	0.01045	0.01254	0.84113	0.00784	0.01620	0.01150	0.00993	0.00627	0.00732	0.00523	0.00418	0.00366	0.00105	0.00732	0.00261	0.00209	0.00470
7	0.00766	0.00721	0.01217	0.84767	0.02794	0.00901	0.01127	0.01037	0.00811	0.01037	0.00721	0.01082	0.00541	0.00406	0.00406	0.00135	0.00541	0.00361	0.00180	0.00451
8	0.01460	0.01843	0.01141	0.01036	0.01231	0.77877	0.00782	0.01565	0.01111	0.00991	0.00634	0.00762	0.00536	0.00500	0.02581	0.00122	0.04882	0.00270	0.00208	0.00466
9	0.00832	0.07811	0.78089	0.01125	0.01707	0.00987	0.01444	0.01280	0.00854	0.01262	0.00717	0.00843	0.00514	0.00383	0.00377	0.00126	0.00588	0.00294	0.00171	0.00594
10	0.00512	0.00412	0.00456	0.00445	0.00568	0.00356	0.00334	0.00645	0.01001	0.01277	0.31021	0.03606	0.56022	0.00960	0.00479	0.00134	0.00201	0.00814	0.00401	0.00356
11	0.01004	0.00964	0.01647	0.02490	0.83211	0.00964	0.01245	0.01245	0.00924	0.01325	0.00763	0.01004	0.00643	0.00361	0.00402	0.00120	0.00482	0.00361	0.00201	0.00643
12	0.01516	0.01934	0.01150	0.01045	0.01254	0.84113	0.00784	0.01620	0.01150	0.00993	0.00627	0.00732	0.00523	0.00418	0.00366	0.00105	0.00732	0.00261	0.00209	0.00470
13	0.88607	0.00785	0.00596	0.00534	0.00785	0.00910	0.00439	0.01193	0.00690	0.01820	0.00565	0.00659	0.00439	0.00377	0.00251	0.00126	0.00314	0.00220	0.00251	0.00439
14	0.01462	0.01065	0.01172	0.00910	0.01215	0.01170	0.02080	0.70974	0.03615	0.04513	0.01053	0.03759	0.00787	0.00551	0.01685	0.00131	0.00442	0.00397	0.02355	0.00663
15	0.00546	0.00413	0.00501	0.00479	0.00585	0.00371	0.00357	0.00706	0.01068	0.01447	0.57390	0.03282	0.27414	0.03029	0.00519	0.00137	0.00201	0.00767	0.00421	0.00367
16	0.00494	0.00354	0.00470	0.00562	0.00588	0.00330	0.00375	0.00565	0.00780	0.01037	0.02275	0.83766	0.04369	0.01266	0.00517	0.00164	0.00235	0.01147	0.00377	0.00330
17	0.00835	0.00785	0.01300	0.64019	0.14251	0.00937	0.02986	0.03187	0.02693	0.01137	0.00751	0.01071	0.00577	0.00414	0.00439	0.00134	0.03435	0.00366	0.00195	0.00491
18	0.00502	0.00359	0.00480	0.00574	0.00601	0.00336	0.00390	0.00578	0.00784	0.01044	0.02232	0.81501	0.02666	0.01264	0.00520	0.00166	0.00242	0.05052	0.00376	0.00332
19	0.00988	0.07322	0.32528	0.05972	0.01560	0.01860	0.12487	0.05084	0.14862	0.07608	0.05005	0.01151	0.00862	0.00441	0.00403	0.00128	0.00504	0.00382	0.00267	0.00584
20	0.00677	0.01980	0.00813	0.00720	0.00774	0.01675	0.05988	0.00759	0.00671	0.00930	0.01184	0.14002	0.01291	0.32546	0.17372	0.00342	0.17107	0.00578	0.00242	0.00347
21	0.01542	0.01136	0.01218	0.00933	0.01258	0.01258	0.00771	0.81858	0.01908	0.02557	0.00974	0.00974	0.00690	0.00487	0.00406	0.00122	0.00446	0.00365	0.00406	0.00690
22	0.00850	0.00698	0.00815	0.00592	0.00935	0.00529	0.00473	0.01024	0.00858	0.04182	0.00990	0.01075	0.06403	0.00359	0.00317	0.00068	0.00295	0.00289	0.00259	0.78989
23	0.01488	0.02839	0.01141	0.00873	0.01176	0.01109	0.00717	0.59139	0.07380	0.14209	0.01162	0.04940	0.00862	0.00527	0.00409	0.00125	0.00413	0.00411	0.00414	0.00667
24	0.00994	0.00950	0.01601	0.06157	0.76584	0.00963	0.01218	0.01269	0.03881	0.01326	0.00794	0.01026	0.00660	0.00370	0.00402	0.00122	0.00479	0.00365	0.00208	0.00634
25	0.00988	0.00853	0.00897	0.00809	0.01035	0.00983	0.00629	0.02093	0.79222	0.01673	0.01749	0.01609	0.04504	0.00569	0.00415	0.00138	0.00316	0.00475	0.00411	0.00630
26	0.01516	0.00631	0.00849	0.00676	0.00937	0.00557	0.00548	0.01703	0.02997	0.62845	0.20291	0.01763	0.01658	0.00578	0.00424	0.00126	0.00309	0.00484	0.00487	0.00619
27	0.07063	0.01112	0.04921	0.02018	0.01474	0.11036	0.29802	0.12576	0.03883	0.04843	0.00937	0.01098	0.02630	0.00513	0.02572	0.00144	0.08502	0.00399	0.03942	0.00535
28	0.01038	0.71536	0.16167	0.00774	0.01164	0.01491	0.00833	0.01227	0.00830	0.01011	0.00592	0.00686	0.00519	0.00354	0.00282	0.00094	0.00462	0.00231	0.00173	0.00534
29	0.00606	0.00462	0.00482	0.00460	0.00616	0.00406	0.00351	0.00784	0.06586	0.06647	0.03772	0.03570	0.71898	0.00959	0.00470	0.00136	0.00223	0.00799	0.00388	0.00387
30	0.00500	0.00362	0.00474	0.00562	0.00596	0.00336	0.00383	0.00577	0.00794	0.01047	0.02364	0.76457	0.08311	0.01248	0.00517	0.00164	0.00239	0.04362	0.00376	0.00332
31	0.05831	0.01986	0.17237	0.01008	0.01323	0.03357	0.12437	0.11622	0.09772	0.14119	0.01849	0.03249	0.00820	0.02167	0.02421	0.00151	0.09380	0.00401	0.00299	0.00572
32	0.00944	0.00859	0.01343	0.01893	0.56742	0.00870	0.01002	0.04022	0.09440	0.01431	0.09744	0.01434	0.05346	0.00472	0.00412	0.00123	0.00412	0.00437	0.02478	0.00594
33	0.00495	0.00363	0.00463	0.00540	0.00580	0.00334	0.00365	0.00572	0.00802	0.01051	0.04019	0.70775	0.14202	0.02705	0.00539	0.00164	0.00233	0.01093	0.00376	0.00331
34	0.01205	0.01401	0.01162	0.10788	0.05384	0.46002	0.04777	0.01448	0.08945	0.01112	0.00899	0.05527	0.01867	0.00495	0.00445	0.00121	0.05375	0.00372	0.02193	0.00484
35	0.08009	0.03942	0.01039	0.00854	0.01098	0.22679	0.00677	0.20297	0.20845	0.07078	0.05245	0.01185	0.00956	0.00500	0.00397	0.00122	0.01617	0.01273	0.01616	0.00569
36	0.71195	0.00842	0.02711	0.00589	0.00849	0.02765	0.00494	0.02444	0.03472	0.01744	0.01982	0.00754	0.00542	0.00393	0.00289	0.00122	0.01692	0.00245	0.00257	0.06617
37	0.03473	0.01232	0.02449	0.00983	0.05195	0.22631	0.00748	0.27395	0.23287	0.03358	0.02840	0.02702	0.00894	0.00498	0.00397	0.00123	0.00476	0.00382	0.00341	0.00597

[dist]
# distance from previous block
# <min> <max>
3	7

[block]
# block no. 4 follows, 66 sequences, length 39
# corresponding to MSA columns:
# 138-176
name=unknown_E
#
# <colnr> <probs for GDERKNQSTAVLIFYWHMCP>
#	G	D	E	R	K	N	Q	S	T	A	V	L	I	F	Y	W	H	M	C	P
0	0.02383	0.00732	0.02096	0.00707	0.00914	0.02471	0.01633	0.09540	0.25388	0.12771	0.19764	0.05450	0.11948	0.00684	0.00437	0.00133	0.00309	0.01693	0.00412	0.00534
1	0.04395	0.03850	0.06144	0.05756	0.08060	0.02578	0.15252	0.06168	0.07460	0.16353	0.08233	0.04585	0.02226	0.00533	0.00463	0.00133	0.04080	0.02860	0.00318	0.00553
2	0.03059	0.00717	0.02724	0.06140	0.01092	0.00659	0.00618	0.10295	0.01178	0.50262	0.10851	0.01494	0.01249	0.00525	0.00403	0.00124	0.00344	0.00430	0.07228	0.00608
3	0.00514	0.00369	0.00492	0.00578	0.00614	0.00346	0.00404	0.00604	0.00815	0.01086	0.06475	0.71567	0.04082	0.01229	0.00519	0.00165	0.00247	0.09178	0.00380	0.00337
4	0.04182	0.02571	0.20567	0.01430	0.14528	0.02168	0.26374	0.05726	0.09033	0.03983	0.00966	0.01141	0.02243	0.00420	0.00432	0.00131	0.01745	0.01532	0.00244	0.00583
5	0.01003	0.07169	0.06652	0.05176	0.60759	0.03963	0.05738	0.01250	0.00914	0.01267	0.00740	0.00966	0.00615	0.00369	0.00407	0.00120	0.01732	0.00350	0.00197	0.00610
6	0.00494	0.00353	0.00471	0.00565	0.00588	0.00330	0.00377	0.00565	0.00777	0.01036	0.02236	0.85477	0.02683	0.01271	0.00518	0.00165	0.00235	0.01153	0.00377	0.00330
7	0.01417	0.01009	0.01137	0.02689	0.01221	0.01093	0.02510	0.57704	0.08207	0.09141	0.02618	0.01136	0.01614	0.00494	0.00403	0.00121	0.00415	0.00387	0.03281	0.03402
8	0.03763	0.02520	0.02883	0.06616	0.09788	0.04900	0.06714	0.13197	0.28864	0.01608	0.07660	0.04745	0.03179	0.00544	0.00416	0.00131	0.00409	0.01157	0.00335	0.00569
9	0.00502	0.00356	0.00471	0.00559	0.00587	0.00332	0.00375	0.00579	0.00790	0.01065	0.04834	0.81023	0.02686	0.01240	0.00512	0.00162	0.00233	0.01123	0.02238	0.00332
10	0.01513	0.01095	0.01176	0.00906	0.01220	0.01208	0.00747	0.76908	0.01848	0.03957	0.01000	0.01005	0.00711	0.00487	0.00401	0.00121	0.00433	0.00367	0.04222	0.00676
11	0.01129	0.00800	0.00945	0.06442	0.06726	0.02637	0.00669	0.16591	0.22183	0.14815	0.05291	0.04964	0.08227	0.00597	0.00419	0.00130	0.00359	0.02298	0.04201	0.00575
12	0.01085	0.85986	0.02126	0.00694	0.01041	0.01605	0.00694	0.01215	0.00824	0.00955	0.00564	0.00651	0.00521	0.00347	0.00260	0.00087	0.00434	0.00217	0.00174	0.00521
13	0.00637	0.00539	0.00626	0.00640	0.00736	0.03652	0.00507	0.00806	0.04233	0.01169	0.08877	0.17034	0.27069	0.01005	0.00583	0.00157	0.08491	0.22502	0.00357	0.00379
14	0.01031	0.00918	0.00928	0.00835	0.01064	0.04628	0.00648	0.02133	0.78936	0.01667	0.01607	0.01480	0.01207	0.00545	0.00411	0.00136	0.00339	0.00450	0.00404	0.00635
15	0.00590	0.00393	0.00442	0.00442	0.00442	0.00393	0.00246	0.00590	0.00590	0.00787	0.01278	0.02655	0.01475	0.85742	0.02065	0.00393	0.00393	0.00590	0.00246	0.00246
16	0.01820	0.00690	0.00942	0.00722	0.01036	0.00596	0.00596	0.01977	0.01161	0.83492	0.01601	0.01381	0.01004	0.00502	0.00408	0.00126	0.00345	0.00408	0.00502	0.00690
17	0.00566	0.00454	0.00610	0.03697	0.00757	0.02128	0.02865	0.00658	0.00794	0.01046	0.02085	0.65300	0.05859	0.02898	0.00580	0.00167	0.04212	0.04628	0.00349	0.00349
18	0.00838	0.09718	0.76236	0.01114	0.01691	0.01002	0.01426	0.01278	0.00854	0.01255	0.00713	0.00838	0.00515	0.00382	0.00374	0.00125	0.00585	0.00292	0.00172	0.00592
19	0.00590	0.00393	0.00442	0.00442	0.00442	0.00393	0.00246	0.00590	0.00590	0.00787	0.01278	0.02655	0.01475	0.85742	0.02065	0.00393	0.00393	0.00590	0.00246	0.00246
20	0.00498	0.00427	0.00429	0.00426	0.00566	0.00366	0.00320	0.00639	0.03845	0.01118	0.04022	0.03819	0.80117	0.01010	0.00477	0.00137	0.00210	0.00842	0.00378	0.00353
21	0.01375	0.01652	0.02958	0.01403	0.21753	0.57241	0.00913	0.05772	0.01127	0.01165	0.00682	0.00815	0.00561	0.00407	0.00377	0.00110	0.00651	0.00293	0.00217	0.00528
22	0.00981	0.01249	0.19056	0.03099	0.58483	0.04582	0.04159	0.01269	0.00919	0.01298	0.00751	0.00965	0.00608	0.00369	0.00399	0.00122	0.00526	0.00348	0.00195	0.00620
23	0.01009	0.01115	0.02065	0.01849	0.23756	0.07197	0.51608	0.01299	0.00952	0.01274	0.00782	0.01037	0.00613	0.00364	0.00476	0.00131	0.03276	0.00427	0.00203	0.00564
24	0.88607	0.00785	0.00596	0.00534	0.00785	0.00910	0.00439	0.01193	0.00690	0.01820	0.00565	0.00659	0.00439	0.00377	0.00251	0.00126	0.00314	0.00220	0.00251	0.00439
25	0.00513	0.00375	0.00503	0.00588	0.00612	0.00366	0.00402	0.00587	0.00775	0.01038	0.02172	0.80428	0.02597	0.01247	0.00548	0.00166	0.03325	0.03055	0.00369	0.00335
26	0.06962	0.07648	0.01097	0.02668	0.01131	0.08533	0.02005	0.12519	0.18517	0.32045	0.01249	0.01176	0.00873	0.00480	0.00393	0.00124	0.01201	0.00372	0.00387	0.00621
27	0.00510	0.00376	0.00473	0.00544	0.00589	0.00351	0.00369	0.00611	0.02781	0.01062	0.03930	0.67364	0.14056	0.04235	0.00565	0.00168	0.00238	0.01066	0.00374	0.00337
28	0.00489	0.00408	0.00427	0.00430	0.00556	0.00345	0.00319	0.00598	0.00935	0.01140	0.11074	0.09106	0.70729	0.01025	0.00482	0.00138	0.00206	0.00864	0.00383	0.00345
29	0.00505	0.00428	0.00438	0.00432	0.00570	0.00369	0.00325	0.00651	0.03908	0.01151	0.08931	0.03763	0.75137	0.00998	0.00477	0.00136	0.00209	0.00834	0.00382	0.00356
30	0.02995	0.01196	0.01296	0.04336	0.13373	0.17568	0.06252	0.34281	0.05288	0.06155	0.00923	0.01993	0.00700	0.00456	0.00410	0.00122	0.01368	0.00365	0.00315	0.00607
31	0.00816	0.01682	0.01298	0.02612	0.01305	0.08440	0.28840	0.01036	0.02198	0.01184	0.02347	0.19022	0.04899	0.00770	0.00507	0.00152	0.02023	0.20134	0.00293	0.00441
32	0.00513	0.00421	0.00452	0.00443	0.00572	0.00366	0.00333	0.00658	0.02663	0.01232	0.22482	0.03651	0.62855	0.00971	0.00478	0.00135	0.00205	0.00819	0.00394	0.00358
33	0.03842	0.03116	0.77089	0.01132	0.01709	0.00957	0.02518	0.02795	0.00872	0.01323	0.00726	0.00853	0.00516	0.00386	0.00381	0.00128	0.00586	0.00300	0.00179	0.00594
34	0.23490	0.17459	0.05391	0.02685	0.06930	0.16237	0.00731	0.10600	0.06915	0.03696	0.00766	0.00844	0.00601	0.00409	0.00329	0.00114	0.00459	0.00285	0.01525	0.00533
35	0.56200	0.01011	0.12192	0.00690	0.02065	0.04978	0.00625	0.01245	0.04876	0.01646	0.03995	0.00848	0.00646	0.00401	0.00299	0.00120	0.00371	0.00269	0.00252	0.07271
36	0.07566	0.02282	0.01554	0.03368	0.59733	0.03080	0.06589	0.06262	0.01914	0.01420	0.00817	0.01019	0.01821	0.00383	0.00394	0.00122	0.00482	0.00363	0.00222	0.00610
37	0.02383	0.00598	0.04499	0.00677	0.00817	0.00569	0.08325	0.04534	0.00817	0.01235	0.02632	0.01782	0.04643	0.14899	0.22935	0.00304	0.02095	0.01954	0.23908	0.00394
38	0.01030	0.01057	0.05979	0.03453	0.55509	0.05173	0.04494	0.07491	0.02988	0.01404	0.02245	0.01097	0.02702	0.00402	0.00403	0.00120	0.00487	0.00375	0.00230	0.03361

[dist]
# distance from previous block
# <min> <max>
0	1

[block]
# block no. 5 follows, 66 sequences, length 39
# corresponding to MSA columns:
# 178-216
name=unknown_F
#
# <colnr> <probs for GDERKNQSTAVLIFYWHMCP>
#	G	D	E	R	K	N	Q	S	T	A	V	L	I	F	Y	W	H	M	C	P
0	0.51880	0.08953	0.08774	0.00656	0.00939	0.01821	0.00596	0.08312	0.03584	0.02485	0.03166	0.02385	0.01554	0.02995	0.00355	0.00131	0.00365	0.00299	0.00266	0.00484
1	0.01174	0.09597	0.09434	0.04070	0.12985	0.21105	0.02067	0.05914	0.09535	0.08940	0.03045	0.01244	0.02154	0.00474	0.00389	0.00119	0.00502	0.04212	0.00276	0.02763
2	0.01776	0.00573	0.00688	0.00621	0.00804	0.00545	0.00499	0.07990	0.05145	0.17698	0.13653	0.05907	0.21158	0.00796	0.00454	0.00137	0.00291	0.13890	0.03561	0.03813
3	0.00494	0.00353	0.00471	0.00565	0.00588	0.00330	0.00377	0.00565	0.00777	0.01036	0.02236	0.85477	0.02683	0.01271	0.00518	0.00165	0.00235	0.01153	0.00377	0.00330
4	0.05621	0.00825	0.04037	0.02679	0.27028	0.00743	0.00825	0.01623	0.02522	0.44968	0.01330	0.01294	0.03710	0.00465	0.00400	0.00125	0.00394	0.00396	0.00372	0.00643
5	0.00727	0.02066	0.00800	0.00737	0.00815	0.08380	0.02037	0.00848	0.00714	0.00967	0.01061	0.05307	0.01047	0.10451	0.46020	0.00445	0.12296	0.02795	0.02110	0.00377
6	0.01285	0.00780	0.00891	0.00731	0.00971	0.00813	0.00586	0.29753	0.11189	0.21318	0.08378	0.06079	0.01263	0.00569	0.00401	0.00123	0.00335	0.00464	0.13477	0.00591
7	0.00500	0.00357	0.00478	0.00572	0.00598	0.00335	0.00387	0.00575	0.00783	0.01042	0.02233	0.82413	0.02670	0.01265	0.00519	0.00166	0.00241	0.04158	0.00376	0.00331
8	0.02814	0.00720	0.01170	0.01066	0.09522	0.00702	0.19659	0.04898	0.04909	0.10308	0.09738	0.17068	0.07943	0.00681	0.00468	0.00138	0.01738	0.02550	0.03413	0.00497
9	0.01473	0.01102	0.01178	0.00919	0.01232	0.01226	0.00754	0.71452	0.12427	0.02445	0.01062	0.01045	0.00762	0.00495	0.00407	0.00124	0.00430	0.00377	0.00407	0.00684
10	0.00590	0.00393	0.00442	0.00442	0.00442	0.00393	0.00246	0.00590	0.00590	0.00787	0.01278	0.02655	0.01475	0.85742	0.02065	0.00393	0.00393	0.00590	0.00246	0.00246
11	0.00593	0.00435	0.00559	0.00527	0.00627	0.00412	0.00395	0.00828	0.05050	0.01616	0.77137	0.04946	0.03676	0.00827	0.00476	0.00129	0.00199	0.00731	0.00443	0.00394
12	0.00837	0.06064	0.74466	0.01193	0.04120	0.00978	0.04270	0.01281	0.00861	0.01271	0.00724	0.00859	0.00522	0.00381	0.00383	0.00127	0.00591	0.00304	0.00173	0.00595
13	0.00494	0.00353	0.00471	0.00565	0.00588	0.00330	0.00377	0.00565	0.00777	0.01036	0.02236	0.85477	0.02683	0.01271	0.00518	0.00165	0.00235	0.01153	0.00377	0.00330
14	0.00654	0.00467	0.00654	0.00747	0.00841	0.00467	0.00654	0.00841	0.00934	0.01214	0.02148	0.04576	0.02335	0.01121	0.00560	0.00187	0.00374	0.80480	0.00374	0.00374
15	0.00955	0.47341	0.37962	0.00897	0.01349	0.01291	0.01045	0.01236	0.00835	0.01100	0.00647	0.00760	0.00528	0.00419	0.02015	0.00117	0.00520	0.00258	0.00173	0.00552
16	0.00875	0.00868	0.01210	0.01039	0.01048	0.01199	0.00863	0.00965	0.00631	0.00986	0.00588	0.03431	0.00599	0.00717	0.01283	0.00174	0.80481	0.00376	0.00185	0.02481
17	0.81456	0.04373	0.00680	0.00554	0.00811	0.00949	0.00461	0.03108	0.02055	0.01799	0.00592	0.00680	0.00462	0.00381	0.00258	0.00124	0.00322	0.00227	0.00254	0.00452
18	0.00682	0.00617	0.00593	0.00561	0.00726	0.04957	0.00427	0.01073	0.23141	0.01276	0.06490	0.03050	0.53169	0.00857	0.00455	0.00135	0.00264	0.00712	0.00381	0.00432
19	0.00566	0.00430	0.00516	0.00488	0.00602	0.00390	0.00368	0.02592	0.01094	0.01477	0.55560	0.03266	0.29393	0.00886	0.00477	0.00131	0.00202	0.00765	0.00423	0.00377
20	0.01462	0.01074	0.01152	0.00892	0.01189	0.01185	0.00727	0.75005	0.01796	0.02408	0.01000	0.01116	0.00756	0.07676	0.00546	0.00145	0.00442	0.00384	0.00392	0.00653
21	0.00705	0.00352	0.00529	0.00529	0.00529	0.00352	0.00352	0.00529	0.00529	0.00705	0.00705	0.01233	0.00705	0.01409	0.01586	0.88196	0.00352	0.00352	0.00176	0.00176
22	0.01028	0.68395	0.19220	0.00791	0.01191	0.01466	0.00863	0.01230	0.00831	0.01024	0.00598	0.00694	0.00519	0.00355	0.00287	0.00096	0.00469	0.00234	0.00173	0.00537
23	0.00491	0.00411	0.00428	0.00424	0.00555	0.00348	0.00318	0.00605	0.00953	0.01163	0.14075	0.03794	0.73039	0.01002	0.00479	0.00136	0.00204	0.00841	0.00386	0.00348
24	0.00518	0.00377	0.00495	0.00565	0.00612	0.00344	0.00383	0.00599	0.00792	0.01071	0.04573	0.77847	0.02591	0.01199	0.00503	0.00157	0.00238	0.01085	0.00370	0.05679
25	0.02949	0.03502	0.58397	0.01220	0.01739	0.08447	0.15532	0.01314	0.00896	0.01267	0.00728	0.00879	0.00531	0.00380	0.00395	0.00127	0.00616	0.00324	0.00183	0.00573
26	0.09966	0.01089	0.00926	0.00793	0.01032	0.22389	0.00620	0.15322	0.15092	0.06812	0.07541	0.02235	0.03439	0.00506	0.00378	0.00116	0.00429	0.00385	0.02989	0.07941
27	0.01099	0.04378	0.04193	0.00936	0.04318	0.10570	0.08961	0.16088	0.05054	0.03101	0.00841	0.01809	0.00666	0.00386	0.00361	0.00096	0.00441	0.00319	0.00272	0.36112
28	0.00590	0.00393	0.00442	0.00442	0.00442	0.00393	0.00246	0.00590	0.00590	0.00787	0.01278	0.02655	0.01475	0.85742	0.02065	0.00393	0.00393	0.00590	0.00246	0.00246
29	0.00494	0.00412	0.00431	0.00426	0.00557	0.00349	0.00320	0.00611	0.00959	0.01178	0.16346	0.03769	0.70759	0.00997	0.00479	0.00136	0.00203	0.00837	0.00388	0.00349
30	0.02780	0.01338	0.02558	0.00969	0.01208	0.38117	0.08576	0.09430	0.11670	0.04778	0.04215	0.01318	0.04832	0.00508	0.00401	0.00120	0.00546	0.03191	0.02930	0.00517
31	0.00898	0.00842	0.01357	0.37337	0.37333	0.00936	0.01110	0.01266	0.11198	0.01248	0.00878	0.01153	0.00699	0.00415	0.00407	0.00130	0.00485	0.01531	0.00221	0.00557
32	0.00814	0.00827	0.00685	0.00639	0.00772	0.23163	0.00479	0.00966	0.01110	0.01362	0.46854	0.02557	0.16711	0.00752	0.00448	0.00123	0.00341	0.00626	0.00370	0.00400
33	0.01339	0.00601	0.00767	0.00623	0.00870	0.00524	0.00503	0.03416	0.01111	0.51997	0.08315	0.02213	0.24598	0.00676	0.00434	0.00129	0.00296	0.00559	0.00460	0.00568
34	0.07103	0.01166	0.06150	0.00965	0.04304	0.09035	0.00789	0.49309	0.01489	0.04900	0.00907	0.00995	0.00680	0.01873	0.05122	0.00157	0.03760	0.00350	0.00337	0.00611
35	0.00563	0.00418	0.00540	0.00549	0.00601	0.00440	0.00388	0.00646	0.00692	0.00932	0.01758	0.13730	0.14095	0.27564	0.32784	0.00415	0.02647	0.00644	0.00272	0.00321
36	0.00556	0.00409	0.00520	0.00502	0.00597	0.00374	0.00373	0.00727	0.01091	0.01514	0.66700	0.09521	0.13830	0.00889	0.00482	0.00132	0.00197	0.00782	0.00432	0.00374
37	0.01357	0.01576	0.01098	0.10446	0.01357	0.58686	0.00774	0.09680	0.01149	0.01170	0.00734	0.00921	0.00609	0.04529	0.00453	0.00123	0.00642	0.00304	0.03915	0.00476
38	0.06993	0.01590	0.01053	0.00946	0.01153	0.58983	0.00721	0.06341	0.06625	0.01194	0.00961	0.01029	0.06535	0.00484	0.00409	0.00114	0.03814	0.00325	0.00248	0.00483

[dist]
# distance from previous block
# <min> <max>
4	8

[block]
# block no. 6 follows, 66 sequences, length 18
# corresponding to MSA columns:
# 225-242
name=unknown_G
#
# <colnr> <probs for GDERKNQSTAVLIFYWHMCP>
#	G	D	E	R	K	N	Q	S	T	A	V	L	I	F	Y	W	H	M	C	P
0	0.01101	0.05348	0.12511	0.04370	0.30609	0.18133	0.09219	0.07021	0.03300	0.01313	0.00846	0.01005	0.02597	0.00405	0.00396	0.00120	0.00556	0.00352	0.00222	0.00576
1	0.00570	0.00408	0.00470	0.00455	0.00565	0.00368	0.00341	0.00730	0.01023	0.01423	0.42439	0.03096	0.31105	0.00842	0.00448	0.00126	0.00196	0.00720	0.14309	0.00368
2	0.06133	0.00565	0.00573	0.00547	0.00692	0.03581	0.00414	0.00971	0.14628	0.01380	0.24758	0.07223	0.35345	0.00843	0.00452	0.00134	0.00249	0.00710	0.00388	0.00414
3	0.00880	0.01337	0.27348	0.01488	0.07214	0.00951	0.43377	0.01229	0.00901	0.01268	0.00883	0.07164	0.00734	0.00435	0.00471	0.00136	0.02963	0.00461	0.00206	0.00551
4	0.01605	0.00794	0.00965	0.00754	0.01047	0.00780	0.00618	0.23820	0.05601	0.49582	0.01406	0.01288	0.00934	0.00498	0.00396	0.00122	0.00358	0.00396	0.08375	0.00660
5	0.01555	0.00872	0.01009	0.00784	0.01077	0.00896	0.00645	0.41190	0.01491	0.33710	0.01259	0.01197	0.00854	0.00491	0.00392	0.00120	0.00376	0.00383	0.11048	0.00652
6	0.00494	0.00353	0.00471	0.00565	0.00588	0.00330	0.00377	0.00565	0.00777	0.01036	0.02236	0.85477	0.02683	0.01271	0.00518	0.00165	0.00235	0.01153	0.00377	0.00330
7	0.01498	0.01133	0.01307	0.00992	0.01324	0.01241	0.06912	0.75748	0.01835	0.02462	0.00962	0.00983	0.00684	0.00476	0.00411	0.00123	0.00464	0.00374	0.00391	0.00679
8	0.00676	0.00674	0.00552	0.00527	0.00681	0.13658	0.00398	0.03198	0.00990	0.01124	0.03463	0.03313	0.67473	0.00915	0.00459	0.00131	0.00296	0.00747	0.00351	0.00373
9	0.00494	0.00353	0.00471	0.00565	0.00588	0.00330	0.00377	0.00565	0.00777	0.01036	0.02236	0.85477	0.02683	0.01271	0.00518	0.00165	0.00235	0.01153	0.00377	0.00330
10	0.00814	0.02099	0.83640	0.01156	0.01756	0.00942	0.01499	0.01285	0.00857	0.01285	0.00728	0.00857	0.00514	0.00385	0.00385	0.00128	0.00600	0.00300	0.00171	0.00600
11	0.01519	0.01841	0.01158	0.01032	0.01255	0.74493	0.00782	0.10936	0.01238	0.01175	0.00667	0.00760	0.00542	0.00426	0.00370	0.00107	0.00699	0.00273	0.00232	0.00496
12	0.00492	0.00412	0.00429	0.00425	0.00556	0.00348	0.00318	0.00607	0.00955	0.01168	0.14837	0.03786	0.72275	0.01001	0.00479	0.00136	0.00204	0.00840	0.00386	0.00348
13	0.00608	0.00423	0.00541	0.00509	0.00615	0.00385	0.00382	0.00784	0.01112	0.04612	0.68673	0.05805	0.12315	0.00853	0.00477	0.00130	0.00200	0.00749	0.00439	0.00388
14	0.00612	0.00532	0.00919	0.00824	0.00947	0.00498	0.18874	0.00759	0.00858	0.01152	0.08590	0.54697	0.04021	0.01013	0.00507	0.00156	0.00338	0.03975	0.00343	0.00385
15	0.01477	0.01781	0.01098	0.00992	0.01200	0.74335	0.00747	0.03773	0.01152	0.03335	0.00707	0.00805	0.00573	0.00426	0.00363	0.00105	0.00679	0.00275	0.05701	0.00477
16	0.04060	0.01097	0.01178	0.00912	0.01217	0.01225	0.00753	0.74412	0.01797	0.02450	0.00955	0.00976	0.00686	0.00492	0.00432	0.00123	0.03546	0.00361	0.02663	0.00665
17	0.01353	0.01099	0.01089	0.00889	0.01168	0.08983	0.00714	0.46707	0.24854	0.03822	0.01266	0.01224	0.03919	0.00519	0.00407	0.00125	0.00426	0.00401	0.00390	0.00642

[dist]
# distance from previous block
# <min> <max>
6	11

[block]
# block no. 7 follows, 66 sequences, length 14
# corresponding to MSA columns:
# 259-272
name=unknown_H
#
# <colnr> <probs for GDERKNQSTAVLIFYWHMCP>
#	G	D	E	R	K	N	Q	S	T	A	V	L	I	F	Y	W	H	M	C	P
0	0.04271	0.05334	0.06899	0.19442	0.46228	0.04618	0.03471	0.01213	0.00887	0.01240	0.00726	0.00968	0.00591	0.00381	0.00407	0.00123	0.02091	0.00343	0.00195	0.00572
1	0.00873	0.15874	0.62181	0.01134	0.01674	0.01060	0.09244	0.01275	0.00861	0.01232	0.00710	0.00846	0.00525	0.00375	0.00374	0.00122	0.00580	0.00304	0.00175	0.00581
2	0.00535	0.00409	0.00492	0.00480	0.00585	0.00365	0.00357	0.00687	0.01043	0.01399	0.49651	0.09577	0.31085	0.00931	0.00482	0.00134	0.00200	0.00808	0.00417	0.00365
3	0.04735	0.00829	0.00959	0.00952	0.10544	0.00883	0.00663	0.05502	0.45552	0.02985	0.03331	0.04280	0.02310	0.00517	0.00393	0.00123	0.00335	0.00434	0.00354	0.14318
4	0.00534	0.00386	0.00451	0.00478	0.00523	0.00361	0.00310	0.00592	0.00763	0.00991	0.07639	0.28791	0.20877	0.34191	0.01111	0.00245	0.00287	0.00837	0.00330	0.00303
5	0.05251	0.02690	0.08756	0.04995	0.01428	0.00877	0.21118	0.02673	0.09392	0.01348	0.00821	0.00982	0.00647	0.00393	0.00456	0.00112	0.07685	0.00345	0.00237	0.29792
6	0.01340	0.17262	0.01287	0.00902	0.01158	0.38615	0.00726	0.19356	0.07733	0.01409	0.03014	0.01002	0.03575	0.00463	0.00366	0.00109	0.00548	0.00325	0.00274	0.00536
7	0.00493	0.00360	0.00464	0.00547	0.00584	0.00331	0.00369	0.00567	0.00794	0.01043	0.02454	0.76004	0.12016	0.01243	0.00513	0.00162	0.00232	0.01119	0.00377	0.00331
8	0.00571	0.00533	0.06801	0.00582	0.00697	0.00419	0.00470	0.02275	0.00967	0.01318	0.32770	0.34446	0.12753	0.00989	0.00487	0.00144	0.00250	0.02761	0.00388	0.00380
9	0.04170	0.00742	0.00990	0.12417	0.12636	0.03038	0.02691	0.11674	0.06677	0.02870	0.08988	0.13415	0.01525	0.00709	0.00473	0.01067	0.01548	0.13556	0.00322	0.00490
10	0.00741	0.00688	0.00962	0.03418	0.00945	0.00901	0.00710	0.00831	0.00681	0.00998	0.01138	0.30012	0.01284	0.00950	0.03011	0.00183	0.51265	0.00632	0.00247	0.00403
11	0.00494	0.00356	0.00468	0.00557	0.00587	0.00330	0.00373	0.00566	0.00784	0.01039	0.02327	0.81540	0.06562	0.01259	0.00516	0.00163	0.00234	0.01139	0.00377	0.00330
12	0.03799	0.01174	0.11362	0.04187	0.01999	0.01021	0.63070	0.01268	0.00914	0.01289	0.00783	0.01042	0.00591	0.00370	0.00506	0.00138	0.05306	0.00440	0.00201	0.00541
13	0.01257	0.19325	0.09780	0.00908	0.01217	0.21243	0.03837	0.15527	0.10826	0.06561	0.00909	0.00956	0.00695	0.00433	0.00361	0.00112	0.00503	0.00321	0.04665	0.00565

[dist]
# distance from previous block
# <min> <max>
0	9

[block]
# block no. 8 follows, 66 sequences, length 18
# corresponding to MSA columns:
# 282-299
name=unknown_I
#
# <colnr> <probs for GDERKNQSTAVLIFYWHMCP>
#	G	D	E	R	K	N	Q	S	T	A	V	L	I	F	Y	W	H	M	C	P
0	0.00708	0.00599	0.02058	0.00807	0.03938	0.00540	0.14875	0.00924	0.03310	0.05615	0.31299	0.10935	0.21167	0.00785	0.00473	0.00135	0.00315	0.00715	0.00370	0.00433
1	0.00545	0.00449	0.00489	0.00476	0.00618	0.00393	0.00366	0.00711	0.04061	0.01217	0.15338	0.03574	0.58161	0.00949	0.00473	0.00135	0.00225	0.06521	0.00381	0.04916
2	0.00962	0.01038	0.02141	0.05380	0.07234	0.00997	0.64823	0.05429	0.00994	0.01346	0.00916	0.02473	0.01936	0.00392	0.00469	0.00136	0.00633	0.01929	0.00222	0.00547
3	0.00935	0.01053	0.02254	0.01629	0.02002	0.01008	0.74162	0.01252	0.00933	0.01272	0.00865	0.04595	0.00697	0.00400	0.00525	0.00140	0.05035	0.00500	0.00211	0.00533
4	0.01516	0.01934	0.01150	0.01045	0.01254	0.84113	0.00784	0.01620	0.01150	0.00993	0.00627	0.00732	0.00523	0.00418	0.00366	0.00105	0.00732	0.00261	0.00209	0.00470
5	0.03278	0.00727	0.00907	0.00732	0.01008	0.00702	0.00593	0.04728	0.19602	0.53867	0.08114	0.01515	0.01262	0.00536	0.00412	0.00128	0.00330	0.00440	0.00469	0.00650
6	0.00502	0.00404	0.00449	0.00463	0.00574	0.00351	0.00343	0.00615	0.00933	0.01167	0.15180	0.17537	0.55111	0.01043	0.00489	0.00142	0.00215	0.03748	0.00387	0.00347
7	0.01798	0.00727	0.00964	0.00739	0.01054	0.00650	0.00611	0.08501	0.01222	0.76882	0.01549	0.01348	0.00979	0.00501	0.00408	0.00125	0.00353	0.00405	0.00494	0.00690
8	0.00501	0.00358	0.00477	0.00561	0.00590	0.00334	0.00377	0.00581	0.00807	0.01083	0.08730	0.78848	0.02775	0.01236	0.00515	0.00162	0.00232	0.01120	0.00382	0.00334
9	0.00486	0.00404	0.00426	0.00443	0.00562	0.00344	0.00328	0.00587	0.00903	0.01090	0.03780	0.15971	0.68979	0.01066	0.00487	0.00142	0.00214	0.03068	0.00377	0.00341
10	0.01516	0.01934	0.01150	0.01045	0.01254	0.84113	0.00784	0.01620	0.01150	0.00993	0.00627	0.00732	0.00523	0.00418	0.00366	0.00105	0.00732	0.00261	0.00209	0.00470
11	0.06305	0.00695	0.00924	0.00712	0.01023	0.00613	0.00588	0.01937	0.01137	0.79271	0.01547	0.01344	0.00975	0.00496	0.00400	0.00126	0.00344	0.00398	0.00489	0.00677
12	0.00504	0.00364	0.00468	0.00547	0.00581	0.00339	0.00368	0.00575	0.00781	0.01028	0.02334	0.70468	0.09730	0.07149	0.00624	0.00179	0.00247	0.03023	0.00367	0.00326
13	0.00563	0.00387	0.00445	0.00464	0.00479	0.00377	0.00276	0.00585	0.00653	0.00859	0.01690	0.18683	0.08266	0.62685	0.01640	0.00329	0.00348	0.00720	0.00282	0.00270
14	0.00821	0.00566	0.00712	0.00666	0.00804	0.00561	0.02881	0.14463	0.03103	0.07686	0.10717	0.35897	0.10591	0.00937	0.00477	0.00146	0.00295	0.06089	0.02146	0.00443
15	0.00988	0.00948	0.01618	0.07914	0.77909	0.00960	0.01237	0.01231	0.00916	0.01306	0.00760	0.01009	0.00636	0.00364	0.00402	0.00121	0.00486	0.00361	0.00199	0.00630
16	0.07721	0.00708	0.00925	0.00714	0.01024	0.00634	0.00590	0.03920	0.01148	0.75910	0.01514	0.01322	0.00958	0.00493	0.00397	0.00125	0.00346	0.00394	0.00483	0.00673
17	0.02763	0.62425	0.06308	0.00776	0.01126	0.08861	0.03588	0.01242	0.00859	0.01034	0.00600	0.00700	0.00529	0.00352	0.00287	0.00091	0.00465	0.00237	0.00185	0.07572

[dist]
# distance from previous block
# <min> <max>
0	1

[block]
# block no. 9 follows, 66 sequences, length 21
# corresponding to MSA columns:
# 301-321
name=unknown_J
#
# <colnr> <probs for GDERKNQSTAVLIFYWHMCP>
#	G	D	E	R	K	N	Q	S	T	A	V	L	I	F	Y	W	H	M	C	P
0	0.00891	0.05569	0.12478	0.00768	0.01011	0.05181	0.03896	0.03735	0.02425	0.10087	0.06660	0.16234	0.09246	0.02710	0.03141	0.00152	0.02943	0.03903	0.00313	0.08658
1	0.07087	0.02975	0.00954	0.02105	0.01046	0.07599	0.00615	0.12975	0.12791	0.28882	0.05773	0.01378	0.04602	0.00554	0.01631	0.00129	0.01686	0.00405	0.00387	0.06428
2	0.00963	0.00922	0.01573	0.16656	0.69365	0.00953	0.01225	0.01209	0.00904	0.01276	0.00756	0.01017	0.00625	0.00369	0.00402	0.00123	0.00492	0.00361	0.00197	0.00610
3	0.00818	0.00779	0.01332	0.66490	0.18455	0.00917	0.03319	0.01084	0.00837	0.01100	0.00732	0.01067	0.00563	0.00395	0.00407	0.00132	0.00533	0.00364	0.00185	0.00491
4	0.00882	0.00847	0.01461	0.43887	0.39353	0.00935	0.04526	0.01142	0.00869	0.01179	0.00744	0.01047	0.00590	0.00383	0.00407	0.00129	0.00520	0.00366	0.00191	0.00542
5	0.01347	0.00975	0.06165	0.03063	0.01244	0.05217	0.07364	0.20747	0.09478	0.27386	0.05424	0.01457	0.02135	0.00532	0.00437	0.00130	0.01791	0.04112	0.00386	0.00612
6	0.00516	0.00413	0.00463	0.00471	0.00584	0.00364	0.00351	0.00652	0.02243	0.01209	0.19674	0.14770	0.51833	0.01016	0.00486	0.00141	0.00215	0.03854	0.00391	0.00355
7	0.01649	0.00734	0.00945	0.00734	0.01028	0.00681	0.00603	0.14665	0.01280	0.62217	0.09748	0.01483	0.01240	0.00533	0.00415	0.00125	0.00346	0.00434	0.00481	0.00659
8	0.08128	0.03562	0.04963	0.00804	0.01083	0.04840	0.02905	0.04860	0.05040	0.46595	0.02454	0.03974	0.00944	0.00522	0.00471	0.00130	0.07321	0.00403	0.00395	0.00608
9	0.00974	0.00871	0.03083	0.00895	0.04450	0.00942	0.03226	0.01933	0.65874	0.03153	0.03229	0.01650	0.06773	0.00568	0.00419	0.00136	0.00337	0.00482	0.00391	0.00614
10	0.00502	0.00373	0.00462	0.00526	0.00577	0.00341	0.00360	0.00582	0.00814	0.01057	0.05178	0.58327	0.20491	0.06056	0.00598	0.00171	0.00239	0.02646	0.00371	0.00330
11	0.05016	0.07895	0.01262	0.00909	0.01184	0.04679	0.15303	0.25286	0.08880	0.05953	0.01096	0.01196	0.02252	0.02401	0.00418	0.00125	0.00430	0.00390	0.14769	0.00557
12	0.01510	0.01090	0.01118	0.00883	0.01180	0.07897	0.00719	0.55351	0.07136	0.13674	0.01094	0.01070	0.00772	0.00487	0.00398	0.00121	0.00436	0.00370	0.04038	0.00656
13	0.00995	0.00966	0.01594	0.09125	0.70329	0.02859	0.03021	0.01267	0.03500	0.01305	0.00786	0.01022	0.00650	0.00372	0.00403	0.00122	0.00492	0.00365	0.00206	0.00621
14	0.01006	0.01057	0.02086	0.01579	0.06550	0.01021	0.60556	0.09024	0.01026	0.01411	0.00814	0.01052	0.00620	0.00369	0.00490	0.00131	0.04047	0.00440	0.00226	0.06496
