[name]
unknown

[dist]
# distance from previous block
# <min> <max>
0	23

[block]
# block no. 0 follows, 53 sequences, length 7
# corresponding to MSA columns:
# 521-527
name=unknown_A
#
# <colnr> <probs for GDERKNQSTAVLIFYWHMCP>
#	G	D	E	R	K	N	Q	S	T	A	V	L	I	F	Y	W	H	M	C	P
0	0.00737	0.00539	0.00668	0.00686	0.00786	0.00535	0.00500	0.00983	0.08679	0.04095	0.16874	0.35866	0.13649	0.04974	0.02467	0.00203	0.02604	0.04248	0.00450	0.00454
1	0.00654	0.00449	0.00567	0.00628	0.00689	0.00414	0.00426	0.00747	0.00961	0.04085	0.08016	0.55738	0.13396	0.09921	0.00786	0.00213	0.00293	0.01177	0.00438	0.00399
2	0.09657	0.01097	0.01678	0.06719	0.56437	0.01146	0.01266	0.04963	0.09306	0.01711	0.00994	0.01209	0.00803	0.00460	0.00457	0.00146	0.00530	0.00421	0.00278	0.00723
3	0.06563	0.00624	0.00830	0.06242	0.01051	0.00704	0.00639	0.01086	0.05843	0.05686	0.01741	0.06692	0.10134	0.02316	0.43917	0.00489	0.04053	0.00591	0.00319	0.00481
4	0.18883	0.00955	0.01024	0.00842	0.01143	0.01014	0.00677	0.22053	0.12798	0.20737	0.05846	0.01673	0.05046	0.04559	0.00545	0.00165	0.00411	0.00488	0.00461	0.00680
5	0.05580	0.00631	0.00752	0.00695	0.00876	0.00608	0.00526	0.02903	0.07805	0.19872	0.11775	0.21062	0.12597	0.05753	0.00633	0.00180	0.00326	0.02334	0.04551	0.00541
6	0.09365	0.00573	0.00649	0.00637	0.00783	0.00560	0.00471	0.01048	0.06496	0.07539	0.16095	0.24179	0.21665	0.04973	0.02635	0.00195	0.00320	0.00902	0.00445	0.00470

[dist]
# distance from previous block
# <min> <max>
3	7

[block]
# block no. 1 follows, 53 sequences, length 8
# corresponding to MSA columns:
# 535-537,541-545
name=unknown_B
#
# <colnr> <probs for GDERKNQSTAVLIFYWHMCP>
#	G	D	E	R	K	N	Q	S	T	A	V	L	I	F	Y	W	H	M	C	P
0	0.13927	0.00600	0.00693	0.00654	0.00816	0.00586	0.00490	0.01154	0.03331	0.13289	0.26618	0.20810	0.08999	0.05159	0.00614	0.00177	0.00304	0.00822	0.00462	0.00497
1	0.59365	0.00994	0.00887	0.00750	0.01059	0.01120	0.00614	0.19099	0.01175	0.06571	0.00916	0.03989	0.00721	0.00521	0.00359	0.00149	0.00404	0.00351	0.00359	0.00596
2	0.04429	0.00933	0.01006	0.00895	0.01144	0.01039	0.00699	0.12437	0.45590	0.04905	0.07123	0.07536	0.04652	0.02670	0.00544	0.00168	0.00381	0.02695	0.00474	0.00679
3	0.21630	0.00653	0.00738	0.00684	0.00877	0.00644	0.00519	0.01300	0.01052	0.21958	0.10600	0.26863	0.04756	0.04881	0.00582	0.00178	0.00335	0.00769	0.00448	0.00532
4	0.01062	0.00601	0.00783	0.02206	0.00913	0.00583	0.00551	0.04111	0.02360	0.20020	0.12009	0.14570	0.10334	0.09333	0.13328	0.03445	0.00497	0.02346	0.00434	0.00513
5	0.01661	0.01179	0.01284	0.01014	0.01345	0.01289	0.00820	0.59341	0.07275	0.07857	0.01344	0.05112	0.01054	0.06414	0.00622	0.00170	0.00492	0.00502	0.00471	0.00753
6	0.00611	0.00429	0.00567	0.00650	0.00682	0.00408	0.00434	0.00690	0.00910	0.01224	0.07736	0.64502	0.02976	0.09166	0.03706	0.02975	0.00331	0.01202	0.00421	0.00379
7	0.01007	0.00973	0.01308	0.21848	0.10112	0.06411	0.01016	0.01267	0.06282	0.01259	0.01047	0.07081	0.00984	0.06476	0.05351	0.00227	0.26043	0.00512	0.00259	0.00538

[dist]
# distance from previous block
# <min> <max>
0	2

[block]
# block no. 2 follows, 53 sequences, length 35
# corresponding to MSA columns:
# 548-566,574-589
name=unknown_C
#
# <colnr> <probs for GDERKNQSTAVLIFYWHMCP>
#	G	D	E	R	K	N	Q	S	T	A	V	L	I	F	Y	W	H	M	C	P
0	0.09034	0.03811	0.01178	0.03322	0.03667	0.07860	0.00762	0.09555	0.13134	0.33213	0.04951	0.01471	0.01162	0.00570	0.00453	0.00143	0.00455	0.00449	0.00458	0.04353
1	0.01721	0.02093	0.04698	0.01188	0.01463	0.65944	0.00931	0.07405	0.01405	0.04221	0.04002	0.01025	0.00807	0.00520	0.00442	0.00128	0.00789	0.00347	0.00285	0.00584
2	0.01283	0.21908	0.21715	0.05185	0.01788	0.21514	0.12993	0.01578	0.01112	0.02693	0.00871	0.01126	0.00712	0.00477	0.00438	0.00136	0.00696	0.02922	0.00235	0.00620
3	0.00830	0.04036	0.00891	0.00797	0.00922	0.08537	0.00618	0.00987	0.00840	0.01126	0.01196	0.01768	0.01125	0.07939	0.61316	0.00626	0.01113	0.00482	0.00256	0.04595
4	0.01328	0.55006	0.04947	0.01134	0.07229	0.14115	0.05641	0.01543	0.02907	0.01223	0.00749	0.00877	0.00651	0.00430	0.00363	0.00115	0.00591	0.00305	0.00222	0.00623
5	0.00632	0.00470	0.00564	0.00580	0.00676	0.00422	0.00408	0.00741	0.01038	0.01366	0.20997	0.26335	0.27369	0.08528	0.00807	0.04733	0.00280	0.00997	0.00432	0.02625
6	0.19724	0.17349	0.12127	0.01023	0.01386	0.29289	0.00925	0.08360	0.03104	0.01597	0.00790	0.00893	0.00631	0.00472	0.00387	0.00131	0.00628	0.00310	0.00269	0.00606
7	0.04879	0.03874	0.01375	0.01030	0.01404	0.05210	0.00850	0.56060	0.01940	0.13440	0.01185	0.01168	0.00833	0.00554	0.00459	0.00139	0.00513	0.00414	0.00459	0.04215
8	0.00622	0.00496	0.00561	0.00568	0.00695	0.00450	0.00416	0.00803	0.04135	0.01410	0.18485	0.16696	0.44824	0.03428	0.04052	0.00198	0.00300	0.00990	0.00449	0.00422
9	0.78417	0.00892	0.00711	0.00637	0.00922	0.01020	0.00520	0.01401	0.00852	0.04947	0.03084	0.03370	0.00738	0.00496	0.00320	0.00149	0.00364	0.00318	0.00318	0.00522
10	0.00756	0.00512	0.00591	0.00579	0.00730	0.00446	0.00435	0.00893	0.01117	0.09474	0.13929	0.14537	0.46054	0.03751	0.00625	0.00175	0.00277	0.04205	0.00465	0.00448
11	0.00662	0.00489	0.00614	0.00590	0.00707	0.00447	0.00443	0.00862	0.01276	0.01759	0.61612	0.03801	0.17130	0.03783	0.00630	0.00165	0.00245	0.03847	0.00501	0.00437
12	0.00903	0.00850	0.01434	0.82054	0.03292	0.01062	0.01327	0.01221	0.00956	0.01221	0.00850	0.01274	0.00637	0.00478	0.00478	0.00159	0.00637	0.00425	0.00212	0.00531
13	0.00610	0.00428	0.00546	0.00630	0.00651	0.00407	0.00406	0.00673	0.00861	0.01147	0.02355	0.63128	0.02809	0.21741	0.01062	0.00261	0.00323	0.01194	0.00406	0.00364
14	0.37157	0.01016	0.00993	0.00833	0.01134	0.01138	0.00679	0.26325	0.09725	0.05179	0.05770	0.01326	0.01041	0.00682	0.03558	0.00174	0.00450	0.01779	0.00400	0.00640
15	0.00956	0.00936	0.01429	0.77153	0.03182	0.05926	0.01303	0.01263	0.00980	0.01218	0.00843	0.01249	0.00636	0.00479	0.00475	0.00157	0.00651	0.00418	0.00214	0.00532
16	0.02048	0.00892	0.01150	0.00885	0.01249	0.00825	0.00730	0.15009	0.01514	0.65389	0.03983	0.01602	0.01216	0.00600	0.00483	0.00147	0.00421	0.00483	0.00571	0.00803
17	0.04627	0.00829	0.01097	0.00847	0.01208	0.00737	0.00698	0.05235	0.01385	0.73132	0.03855	0.01633	0.01235	0.00596	0.00477	0.00148	0.00406	0.00482	0.00577	0.00795
18	0.00987	0.00666	0.00853	0.04094	0.04819	0.00670	0.00618	0.07485	0.06180	0.10458	0.17983	0.13302	0.10141	0.08855	0.05513	0.00226	0.00417	0.04524	0.01679	0.00528
19	0.01441	0.00956	0.01083	0.00951	0.02583	0.01037	0.00738	0.06176	0.50021	0.21647	0.01850	0.01702	0.01332	0.00621	0.00475	0.00154	0.00387	0.00512	0.05579	0.00755
20	0.03800	0.00555	0.00705	0.00638	0.00800	0.00508	0.00489	0.01134	0.01302	0.15070	0.55734	0.06098	0.09440	0.00931	0.00543	0.00152	0.00264	0.00808	0.00520	0.00508
21	0.03206	0.00522	0.00635	0.00670	0.03522	0.00519	0.00421	0.02135	0.00890	0.03744	0.09965	0.16442	0.03289	0.42836	0.04771	0.00339	0.00425	0.00778	0.04503	0.00387
22	0.01253	0.28087	0.07713	0.03533	0.09343	0.10422	0.07858	0.07188	0.01168	0.04087	0.04240	0.01413	0.07884	0.00551	0.00470	0.00134	0.03315	0.00435	0.00283	0.00622
23	0.00580	0.00485	0.00506	0.00500	0.00655	0.00410	0.00375	0.00716	0.01126	0.01378	0.15216	0.04458	0.69599	0.01178	0.00565	0.00160	0.00240	0.00989	0.00455	0.00410
24	0.39716	0.00872	0.00921	0.00762	0.01086	0.00896	0.00628	0.03194	0.04444	0.38240	0.01353	0.01372	0.00944	0.00552	0.00404	0.00151	0.00392	0.02957	0.00448	0.00666
25	0.00969	0.00739	0.00924	0.12657	0.01273	0.03686	0.00702	0.10791	0.03544	0.04966	0.08075	0.16573	0.04484	0.04765	0.16923	0.03406	0.01590	0.01823	0.01607	0.00505
26	0.00874	0.00781	0.01032	0.00931	0.01053	0.00918	0.04242	0.01229	0.14923	0.01381	0.02155	0.12009	0.17841	0.01180	0.07524	0.00231	0.24851	0.03772	0.02558	0.00516
27	0.00683	0.00512	0.00768	0.00768	0.00853	0.00597	0.00597	0.00853	0.00768	0.01110	0.01280	0.01878	0.01195	0.03585	0.81308	0.00768	0.01280	0.00512	0.00256	0.00427
28	0.01198	0.01209	0.01977	0.07335	0.61671	0.06163	0.10469	0.01488	0.01102	0.01514	0.00894	0.01181	0.00737	0.00430	0.00481	0.00144	0.00618	0.00435	0.00236	0.00718
29	0.01141	0.01067	0.01639	0.22866	0.29443	0.04634	0.08591	0.06041	0.07866	0.02903	0.04857	0.01403	0.00987	0.00625	0.03739	0.00175	0.00612	0.00469	0.00288	0.00654
30	0.01254	0.09210	0.24207	0.01394	0.08689	0.12068	0.08573	0.05074	0.15482	0.03881	0.01069	0.01177	0.00816	0.00511	0.00511	0.00147	0.04554	0.00409	0.00291	0.00684
31	0.02802	0.00432	0.00562	0.00662	0.00700	0.00408	0.00446	0.00693	0.00929	0.01270	0.05443	0.77841	0.03143	0.01451	0.00600	0.00191	0.00278	0.01312	0.00443	0.00394
32	0.00741	0.00604	0.00790	0.00780	0.00869	0.04515	0.00600	0.00898	0.00799	0.01108	0.01329	0.01936	0.02851	0.07458	0.70193	0.00698	0.02622	0.00521	0.00260	0.00427
33	0.11356	0.04134	0.01211	0.02230	0.08333	0.05203	0.03043	0.16422	0.04965	0.11876	0.01396	0.04251	0.04831	0.04018	0.11931	0.00247	0.03069	0.00492	0.00368	0.00624
34	0.02508	0.01160	0.01459	0.14941	0.23177	0.06698	0.01069	0.22084	0.06468	0.01882	0.01159	0.01318	0.03966	0.00529	0.00491	0.00142	0.02479	0.00435	0.00326	0.07709

[dist]
# distance from previous block
# <min> <max>
0	5

[block]
# block no. 3 follows, 53 sequences, length 10
# corresponding to MSA columns:
# 597-606
name=unknown_D
#
# <colnr> <probs for GDERKNQSTAVLIFYWHMCP>
#	G	D	E	R	K	N	Q	S	T	A	V	L	I	F	Y	W	H	M	C	P
0	0.01295	0.53890	0.05972	0.00991	0.04998	0.12295	0.00880	0.03204	0.02807	0.01260	0.00898	0.00995	0.03582	0.00459	0.00358	0.00112	0.00550	0.00315	0.00237	0.04903
1	0.01184	0.01077	0.01538	0.07839	0.40637	0.03819	0.01120	0.08355	0.03145	0.01663	0.00951	0.01174	0.00774	0.00453	0.00472	0.00129	0.02757	0.00396	0.04169	0.18349
2	0.07089	0.08035	0.06057	0.01331	0.11188	0.17835	0.04480	0.22980	0.11432	0.01943	0.02475	0.01162	0.00864	0.00519	0.00447	0.00140	0.00588	0.00403	0.00342	0.00690
3	0.01556	0.05775	0.01351	0.01025	0.01358	0.01362	0.00836	0.51193	0.20177	0.02548	0.01409	0.06819	0.01113	0.00645	0.00479	0.00149	0.00474	0.00509	0.00462	0.00760
4	0.01126	0.10402	0.08818	0.01180	0.10324	0.02797	0.08103	0.02756	0.02855	0.05971	0.01140	0.04808	0.03397	0.00487	0.00423	0.00116	0.00482	0.00420	0.00295	0.34100
5	0.01051	0.08803	0.65451	0.01384	0.05639	0.06610	0.01620	0.01532	0.01033	0.01462	0.00836	0.00988	0.00614	0.00452	0.00442	0.00145	0.00695	0.00346	0.00207	0.00691
6	0.00684	0.00507	0.00743	0.00743	0.00820	0.00584	0.00567	0.00838	0.00761	0.01091	0.01303	0.02003	0.01249	0.11557	0.73410	0.00738	0.01198	0.00530	0.00259	0.00413
7	0.00975	0.00922	0.03539	0.09062	0.20665	0.06344	0.06150	0.03152	0.01061	0.03594	0.03783	0.28119	0.04155	0.05511	0.00637	0.00180	0.00489	0.00776	0.00335	0.00550
8	0.01204	0.06994	0.22747	0.02839	0.18712	0.06226	0.08062	0.03762	0.02906	0.09532	0.03532	0.01472	0.06104	0.00631	0.03071	0.00165	0.00612	0.00462	0.00297	0.00672
9	0.00746	0.00682	0.06330	0.00911	0.06173	0.00554	0.05052	0.00888	0.00971	0.03751	0.04723	0.43475	0.12993	0.05689	0.00733	0.04103	0.00371	0.01013	0.00390	0.00453

[dist]
# distance from previous block
# <min> <max>
0	1

[block]
# block no. 4 follows, 53 sequences, length 48
# corresponding to MSA columns:
# 608-655
name=unknown_E
#
# <colnr> <probs for GDERKNQSTAVLIFYWHMCP>
#	G	D	E	R	K	N	Q	S	T	A	V	L	I	F	Y	W	H	M	C	P
0	0.01791	0.01330	0.01455	0.01175	0.04695	0.01468	0.00931	0.75479	0.02200	0.02953	0.01137	0.01149	0.00811	0.00568	0.00478	0.00143	0.00528	0.00430	0.00468	0.00811
1	0.01117	0.09311	0.11041	0.12621	0.26648	0.03495	0.01178	0.05765	0.01095	0.03343	0.02610	0.01542	0.05300	0.02528	0.02303	0.00170	0.06300	0.02726	0.00271	0.00636
2	0.01165	0.00655	0.00796	0.00693	0.00898	0.00635	0.00542	0.04652	0.10234	0.20731	0.33112	0.02538	0.05465	0.00769	0.00493	0.00145	0.00299	0.00652	0.14942	0.00585
3	0.01046	0.01046	0.01464	0.01255	0.01255	0.01464	0.01046	0.01150	0.00732	0.01150	0.00627	0.01046	0.00627	0.00837	0.01569	0.00209	0.82328	0.00418	0.00209	0.00523
4	0.01108	0.01048	0.04839	0.08264	0.34979	0.01033	0.07660	0.03058	0.09798	0.05075	0.01338	0.10693	0.02710	0.00676	0.01970	0.00168	0.04037	0.00569	0.00309	0.00666
5	0.00857	0.02612	0.12016	0.08377	0.13955	0.00791	0.03928	0.01093	0.00954	0.02716	0.01714	0.09511	0.10353	0.09056	0.16701	0.00309	0.00660	0.03573	0.00295	0.00528
6	0.36423	0.00906	0.00973	0.00783	0.01123	0.00923	0.00646	0.08813	0.01222	0.41723	0.01324	0.01238	0.00879	0.00530	0.00405	0.00147	0.00402	0.00386	0.00461	0.00693
7	0.02144	0.00813	0.01109	0.00850	0.01220	0.00702	0.00702	0.02329	0.01368	0.80552	0.01886	0.01627	0.01183	0.00592	0.00481	0.00148	0.00407	0.00481	0.00592	0.00813
8	0.01050	0.02014	0.51202	0.01567	0.05172	0.03011	0.22322	0.01527	0.01068	0.03137	0.02862	0.01164	0.00752	0.00456	0.00487	0.00153	0.00713	0.00427	0.00231	0.00684
9	0.01093	0.01111	0.03534	0.15717	0.46422	0.04853	0.05757	0.01365	0.01059	0.01440	0.01143	0.04753	0.04240	0.00545	0.00530	0.00152	0.03620	0.01756	0.00252	0.00658
10	0.00582	0.00416	0.00555	0.00666	0.00693	0.00388	0.00444	0.00666	0.00915	0.01220	0.02634	0.82891	0.03161	0.01497	0.00610	0.00194	0.00277	0.01359	0.00444	0.00388
11	0.00582	0.00416	0.00555	0.00666	0.00693	0.00388	0.00444	0.00666	0.00915	0.01220	0.02634	0.82891	0.03161	0.01497	0.00610	0.00194	0.00277	0.01359	0.00444	0.00388
12	0.02552	0.22682	0.44621	0.01344	0.06228	0.05906	0.07426	0.01512	0.01030	0.01411	0.00810	0.00967	0.00624	0.00439	0.00423	0.00138	0.00660	0.00345	0.00212	0.00669
13	0.00582	0.00416	0.00555	0.00666	0.00693	0.00388	0.00444	0.00666	0.00915	0.01220	0.02634	0.82891	0.03161	0.01497	0.00610	0.00194	0.00277	0.01359	0.00444	0.00388
14	0.00836	0.00452	0.00452	0.00452	0.00572	0.00438	0.00339	0.01042	0.01017	0.01699	0.02112	0.02256	0.14483	0.00667	0.00373	0.00120	0.00226	0.00540	0.71486	0.00438
15	0.00913	0.00534	0.00649	0.08380	0.06650	0.00555	0.00511	0.01150	0.01004	0.01713	0.01443	0.01690	0.01135	0.00540	0.00358	0.00118	0.00287	0.00442	0.71451	0.00476
16	0.01512	0.00805	0.01004	0.00884	0.02795	0.00791	0.00686	0.02024	0.23579	0.38653	0.06299	0.08374	0.05760	0.00758	0.00508	0.00159	0.00375	0.03802	0.00525	0.00707
17	0.01785	0.02278	0.01354	0.01231	0.01478	0.81284	0.00924	0.01909	0.01354	0.01170	0.00739	0.00862	0.00616	0.00493	0.00431	0.00123	0.00862	0.00308	0.00246	0.00554
18	0.01126	0.01077	0.01837	0.19042	0.64559	0.01121	0.01438	0.01417	0.01061	0.01492	0.00889	0.01202	0.00733	0.00436	0.00474	0.00145	0.00582	0.00426	0.00232	0.00711
19	0.86579	0.00924	0.00702	0.00629	0.00924	0.01072	0.00518	0.01405	0.00813	0.02144	0.00666	0.00776	0.00518	0.00444	0.00296	0.00148	0.00370	0.00259	0.00296	0.00518
20	0.00686	0.00501	0.00646	0.00607	0.00725	0.00467	0.00456	0.00935	0.03164	0.01905	0.76472	0.03552	0.06127	0.00975	0.00562	0.00151	0.00229	0.00860	0.00523	0.00457
21	0.00684	0.00507	0.00741	0.00741	0.00818	0.00583	0.00564	0.00836	0.00760	0.01090	0.01305	0.02013	0.01254	0.12194	0.72780	0.00735	0.01192	0.00532	0.00260	0.00412
22	0.00575	0.00485	0.00498	0.00494	0.00652	0.00408	0.00371	0.00705	0.01112	0.01345	0.11366	0.04510	0.73469	0.01190	0.00565	0.00160	0.00241	0.00996	0.00451	0.00408
23	0.01183	0.01136	0.01940	0.02934	0.80221	0.01136	0.01467	0.01467	0.01088	0.01562	0.00899	0.01183	0.00757	0.00426	0.00473	0.00142	0.00568	0.00426	0.00237	0.00757
24	0.00689	0.00508	0.00646	0.00608	0.00730	0.00476	0.00457	0.00950	0.04245	0.01881	0.72461	0.03567	0.09019	0.00979	0.00561	0.00151	0.00232	0.00861	0.00520	0.00459
25	0.86579	0.00924	0.00702	0.00629	0.00924	0.01072	0.00518	0.01405	0.00813	0.02144	0.00666	0.00776	0.00518	0.00444	0.00296	0.00148	0.00370	0.00259	0.00296	0.00518
26	0.01128	0.01289	0.02820	0.02015	0.02498	0.01209	0.78485	0.01531	0.01128	0.01531	0.00967	0.01289	0.00725	0.00403	0.00564	0.00161	0.00806	0.00564	0.00242	0.00645
27	0.01046	0.01046	0.01464	0.01255	0.01255	0.01464	0.01046	0.01150	0.00732	0.01150	0.00627	0.01046	0.00627	0.00837	0.01569	0.00209	0.82328	0.00418	0.00209	0.00523
28	0.00577	0.00476	0.00507	0.00517	0.00658	0.00406	0.00381	0.00703	0.01091	0.01338	0.11241	0.14386	0.63616	0.01226	0.00570	0.00165	0.00245	0.01040	0.00451	0.00406
29	0.70250	0.00903	0.00781	0.00671	0.00982	0.01001	0.00553	0.01584	0.00921	0.17308	0.00901	0.00941	0.00646	0.00472	0.00332	0.00148	0.00377	0.00302	0.00353	0.00575
30	0.02088	0.00847	0.01123	0.00867	0.01233	0.00760	0.00715	0.05934	0.04743	0.73540	0.01853	0.01611	0.01177	0.00593	0.00481	0.00148	0.00411	0.00481	0.00582	0.00811
31	0.00582	0.00416	0.00555	0.00666	0.00693	0.00388	0.00444	0.00666	0.00915	0.01220	0.02634	0.82891	0.03161	0.01497	0.00610	0.00194	0.00277	0.01359	0.00444	0.00388
32	0.01188	0.52934	0.29051	0.01018	0.01522	0.04575	0.01144	0.01477	0.00998	0.01258	0.00733	0.00853	0.00611	0.00427	0.00361	0.00120	0.00591	0.00291	0.00205	0.00643
33	0.00724	0.00581	0.00784	0.00783	0.00873	0.03904	0.00605	0.00889	0.00798	0.01117	0.01313	0.05142	0.01251	0.03372	0.74692	0.00718	0.01222	0.00538	0.00263	0.00430
34	0.00581	0.00421	0.00550	0.00653	0.00690	0.00389	0.00438	0.00667	0.00927	0.01225	0.02782	0.77659	0.08297	0.01478	0.00607	0.00192	0.00275	0.01335	0.00444	0.00389
35	0.00592	0.00425	0.00555	0.00648	0.00685	0.00396	0.00434	0.00682	0.00939	0.01252	0.07265	0.71702	0.06332	0.04812	0.00680	0.00201	0.00280	0.01288	0.00442	0.00389
36	0.00991	0.00850	0.00991	0.00708	0.01133	0.00637	0.00566	0.01203	0.00991	0.01557	0.00850	0.00991	0.00708	0.00354	0.00354	0.00071	0.00354	0.00283	0.00283	0.86124
37	0.01241	0.01022	0.01521	0.01702	0.29614	0.01031	0.07179	0.10635	0.08389	0.08371	0.04527	0.01541	0.04855	0.00657	0.03358	0.00165	0.03902	0.00487	0.00344	0.09460
38	0.00959	0.02472	0.80726	0.01362	0.02069	0.01110	0.01766	0.01514	0.01009	0.01514	0.00858	0.01009	0.00605	0.00454	0.00454	0.00151	0.00706	0.00353	0.00202	0.00706
39	0.00685	0.00505	0.00732	0.00732	0.00805	0.00578	0.00553	0.00830	0.00757	0.01083	0.01313	0.02060	0.01274	0.15195	0.69806	0.00724	0.01161	0.00539	0.00261	0.00407
40	0.00710	0.00530	0.00664	0.00623	0.00751	0.00506	0.00469	0.01016	0.07439	0.01884	0.69131	0.03495	0.09029	0.00966	0.00558	0.00152	0.00238	0.00848	0.00518	0.00472
41	0.01228	0.11722	0.13497	0.04632	0.07519	0.09156	0.28552	0.07202	0.02731	0.01522	0.00889	0.01115	0.00696	0.00475	0.00563	0.00150	0.07017	0.00434	0.00250	0.00650
42	0.01167	0.01004	0.01062	0.00957	0.01220	0.01157	0.00743	0.02470	0.76023	0.01996	0.05281	0.01860	0.01589	0.00663	0.00490	0.00162	0.00372	0.00554	0.00488	0.00743
43	0.00731	0.00522	0.00725	0.00836	0.00929	0.00517	0.00702	0.00923	0.01062	0.01387	0.02552	0.21473	0.02836	0.01357	0.00650	0.00215	0.00406	0.61307	0.00441	0.00429
44	0.01093	0.01048	0.01796	0.28120	0.54176	0.01114	0.02947	0.01390	0.01047	0.01452	0.00885	0.01214	0.00718	0.00442	0.00476	0.00148	0.00595	0.00428	0.00229	0.00683
45	0.00649	0.00487	0.00600	0.00572	0.00697	0.00439	0.00429	0.00848	0.01287	0.01760	0.61170	0.03828	0.23406	0.01036	0.00564	0.00153	0.00230	0.00901	0.00506	0.00439
46	0.00582	0.00416	0.00555	0.00666	0.00693	0.00388	0.00444	0.00666	0.00915	0.01220	0.02634	0.82891	0.03161	0.01497	0.00610	0.00194	0.00277	0.01359	0.00444	0.00388
47	0.01046	0.01046	0.01464	0.01255	0.01255	0.01464	0.01046	0.01150	0.00732	0.01150	0.00627	0.01046	0.00627	0.00837	0.01569	0.00209	0.82328	0.00418	0.00209	0.00523

[dist]
# distance from previous block
# <min> <max>
0	2

[block]
# block no. 5 follows, 53 sequences, length 47
# corresponding to MSA columns:
# 658-704
name=unknown_F
#
# <colnr> <probs for GDERKNQSTAVLIFYWHMCP>
#	G	D	E	R	K	N	Q	S	T	A	V	L	I	F	Y	W	H	M	C	P
0	0.05486	0.00822	0.01092	0.00844	0.01209	0.00726	0.00696	0.02296	0.02813	0.75954	0.01838	0.01596	0.01162	0.00587	0.00473	0.00148	0.00405	0.00473	0.00578	0.00801
1	0.00991	0.00850	0.00991	0.00708	0.01133	0.00637	0.00566	0.01203	0.00991	0.01557	0.00850	0.00991	0.00708	0.00354	0.00354	0.00071	0.00354	0.00283	0.00283	0.86124
2	0.01221	0.01188	0.03270	0.02928	0.05216	0.01170	0.38890	0.16465	0.11537	0.01864	0.01366	0.01581	0.04982	0.00535	0.00524	0.00155	0.00625	0.02212	0.01909	0.02364
3	0.01751	0.01661	0.01374	0.01138	0.01460	0.31137	0.00901	0.43519	0.08577	0.02239	0.01064	0.01096	0.00795	0.00550	0.00461	0.00138	0.00638	0.00394	0.00393	0.00712
4	0.01412	0.02670	0.01324	0.01153	0.09565	0.07064	0.00838	0.31617	0.07048	0.02121	0.01037	0.01115	0.00798	0.00479	0.00429	0.00117	0.00486	0.00375	0.00365	0.29987
5	0.00643	0.00465	0.00560	0.00596	0.00658	0.00437	0.00409	0.00738	0.00954	0.01253	0.13037	0.25989	0.17415	0.26875	0.01169	0.00268	0.00336	0.07420	0.00406	0.00373
6	0.02565	0.08494	0.33056	0.01715	0.24655	0.08479	0.01394	0.07858	0.01153	0.01592	0.00859	0.01035	0.00670	0.00461	0.00464	0.00141	0.02219	0.00367	0.00242	0.02581
7	0.01205	0.62151	0.17624	0.00927	0.01381	0.01669	0.00996	0.03280	0.01020	0.01269	0.02446	0.00985	0.00747	0.00454	0.00353	0.00116	0.00542	0.01984	0.00223	0.00629
8	0.00621	0.00472	0.00571	0.00577	0.00688	0.00423	0.00421	0.00783	0.01176	0.01569	0.39581	0.20588	0.28469	0.01162	0.00574	0.00163	0.00242	0.01015	0.00482	0.00423
9	0.00689	0.00515	0.00735	0.00746	0.00824	0.00553	0.02087	0.02868	0.00862	0.01194	0.01778	0.28027	0.03080	0.08668	0.44450	0.00523	0.00851	0.00805	0.00327	0.00418
10	0.01240	0.01089	0.01573	0.07606	0.36347	0.03833	0.04323	0.04839	0.18134	0.06740	0.01263	0.01449	0.02177	0.03118	0.00589	0.00161	0.04014	0.00473	0.00326	0.00705
11	0.00676	0.00489	0.00639	0.00601	0.00714	0.00451	0.00451	0.00902	0.01353	0.01917	0.79969	0.03570	0.04510	0.00977	0.00564	0.00150	0.00225	0.00864	0.00526	0.00451
12	0.00570	0.00465	0.00504	0.00536	0.00659	0.00399	0.00386	0.00680	0.01040	0.01271	0.04217	0.26765	0.58265	0.01292	0.00578	0.00171	0.00252	0.01108	0.00444	0.00399
13	0.01069	0.01045	0.03648	0.38974	0.40647	0.01112	0.01393	0.03803	0.01063	0.01451	0.00883	0.01219	0.00700	0.00455	0.00475	0.00150	0.00602	0.00424	0.00232	0.00654
14	0.01006	0.02123	0.58019	0.01536	0.02167	0.01144	0.22422	0.01510	0.01035	0.01510	0.00882	0.01085	0.00638	0.00449	0.00508	0.00155	0.02500	0.00411	0.00213	0.00686
15	0.01268	0.80952	0.04955	0.00835	0.01253	0.01867	0.00848	0.01434	0.00972	0.01137	0.00671	0.00774	0.00613	0.00410	0.00311	0.00104	0.00517	0.00259	0.00204	0.00616
16	0.00622	0.00433	0.00545	0.00616	0.00637	0.00414	0.00393	0.00680	0.00852	0.01138	0.03895	0.54820	0.02719	0.28523	0.01212	0.00282	0.00338	0.01129	0.00394	0.00357
17	0.06646	0.01106	0.01811	0.05516	0.67202	0.01150	0.01373	0.01433	0.01043	0.01560	0.00865	0.01151	0.00729	0.00456	0.00534	0.00147	0.05907	0.00415	0.00238	0.00718
18	0.01153	0.01020	0.01832	0.16117	0.33169	0.01028	0.19184	0.01455	0.01105	0.07876	0.04769	0.01477	0.00999	0.00492	0.00496	0.00150	0.00587	0.01859	0.04572	0.00660
19	0.01380	0.53035	0.08762	0.01036	0.03868	0.21056	0.00945	0.02808	0.01092	0.01213	0.00714	0.00830	0.00621	0.00436	0.00357	0.00113	0.00615	0.00285	0.00220	0.00615
20	0.01071	0.00851	0.01000	0.00724	0.01136	0.00660	0.00581	0.03465	0.01059	0.06107	0.03186	0.01106	0.00847	0.00392	0.00371	0.00080	0.00358	0.00315	0.00313	0.76379
21	0.01013	0.04983	0.18257	0.01159	0.10020	0.00924	0.00964	0.11875	0.01094	0.03629	0.01260	0.09182	0.01165	0.07693	0.24250	0.00355	0.00758	0.00538	0.00300	0.00582
22	0.01047	0.22405	0.57252	0.01263	0.01884	0.01308	0.05636	0.01494	0.01006	0.01419	0.00816	0.00964	0.00614	0.00440	0.00424	0.00140	0.00664	0.00340	0.00205	0.00680
23	0.00583	0.00472	0.00520	0.00544	0.00671	0.00408	0.00399	0.00707	0.01073	0.01330	0.10290	0.21578	0.55073	0.01257	0.00577	0.00169	0.00254	0.03239	0.00450	0.00405
24	0.00695	0.00463	0.00521	0.00521	0.00521	0.00463	0.00290	0.00695	0.00695	0.00927	0.01506	0.03128	0.01738	0.83203	0.02433	0.00463	0.00463	0.00695	0.00290	0.00290
25	0.01248	0.13939	0.26270	0.01261	0.06137	0.01179	0.08966	0.09892	0.06764	0.10496	0.01268	0.05323	0.02625	0.00566	0.00466	0.00147	0.00567	0.01873	0.00323	0.00689
26	0.01423	0.05844	0.14832	0.02167	0.01486	0.03049	0.01004	0.39063	0.11456	0.02225	0.02266	0.01305	0.00930	0.03931	0.02541	0.00176	0.04764	0.00437	0.00383	0.00717
27	0.00627	0.00478	0.00512	0.00514	0.00607	0.00433	0.00347	0.00705	0.00938	0.01167	0.05811	0.03992	0.43843	0.34432	0.01324	0.00285	0.00337	0.02906	0.00384	0.00360
28	0.01182	0.38570	0.36152	0.01080	0.01608	0.01486	0.01232	0.09171	0.01111	0.01481	0.00809	0.00932	0.00642	0.00510	0.02057	0.00141	0.00613	0.00320	0.00232	0.00670
29	0.01063	0.03235	0.08005	0.07628	0.07114	0.00831	0.00823	0.05034	0.02730	0.03274	0.00987	0.01133	0.02293	0.00418	0.00396	0.00100	0.00435	0.00341	0.00288	0.53873
30	0.01047	0.02036	0.54431	0.01411	0.07898	0.05070	0.04566	0.01591	0.07615	0.03090	0.04674	0.01278	0.02156	0.00507	0.00469	0.00151	0.00645	0.00417	0.00258	0.00690
31	0.00991	0.00850	0.00991	0.00708	0.01133	0.00637	0.00566	0.01203	0.00991	0.01557	0.00850	0.00991	0.00708	0.00354	0.00354	0.00071	0.00354	0.00283	0.00283	0.86124
32	0.00595	0.00432	0.00563	0.00657	0.00704	0.00400	0.00452	0.00695	0.00962	0.01274	0.07152	0.68533	0.09532	0.01437	0.00606	0.00190	0.00279	0.04693	0.00448	0.00395
33	0.86579	0.00924	0.00702	0.00629	0.00924	0.01072	0.00518	0.01405	0.00813	0.02144	0.00666	0.00776	0.00518	0.00444	0.00296	0.00148	0.00370	0.00259	0.00296	0.00518
34	0.01389	0.00956	0.01070	0.00930	0.01217	0.01047	0.00732	0.02426	0.58240	0.20140	0.05036	0.01818	0.01517	0.00648	0.00488	0.00158	0.00379	0.00539	0.00512	0.00758
35	0.02144	0.00813	0.01109	0.00850	0.01220	0.00702	0.00702	0.02329	0.01368	0.80552	0.01886	0.01627	0.01183	0.00592	0.00481	0.00148	0.00407	0.00481	0.00592	0.00813
36	0.01817	0.01339	0.01434	0.01100	0.01482	0.01482	0.00908	0.78627	0.02247	0.03012	0.01148	0.01148	0.00813	0.00574	0.00478	0.00143	0.00526	0.00430	0.00478	0.00813
37	0.00582	0.00416	0.00555	0.00666	0.00693	0.00388	0.00444	0.00666	0.00915	0.01220	0.02634	0.82891	0.03161	0.01497	0.00610	0.00194	0.00277	0.01359	0.00444	0.00388
38	0.02144	0.00813	0.01109	0.00850	0.01220	0.00702	0.00702	0.02329	0.01368	0.80552	0.01886	0.01627	0.01183	0.00592	0.00481	0.00148	0.00407	0.00481	0.00592	0.00813
39	0.01128	0.01289	0.02820	0.02015	0.02498	0.01209	0.78485	0.01531	0.01128	0.01531	0.00967	0.01289	0.00725	0.00403	0.00564	0.00161	0.00806	0.00564	0.00242	0.00645
40	0.00676	0.00489	0.00639	0.00601	0.00714	0.00451	0.00451	0.00902	0.01353	0.01917	0.79969	0.03570	0.04510	0.00977	0.00564	0.00150	0.00225	0.00864	0.00526	0.00451
41	0.01046	0.01046	0.01464	0.01255	0.01255	0.01464	0.01046	0.01150	0.00732	0.01150	0.00627	0.01046	0.00627	0.00837	0.01569	0.00209	0.82328	0.00418	0.00209	0.00523
42	0.01107	0.01058	0.01803	0.24308	0.59439	0.01116	0.01429	0.01400	0.01052	0.01470	0.00886	0.01208	0.00725	0.00440	0.00474	0.00147	0.00587	0.00426	0.00230	0.00696
43	0.02144	0.00813	0.01109	0.00850	0.01220	0.00702	0.00702	0.02329	0.01368	0.80552	0.01886	0.01627	0.01183	0.00592	0.00481	0.00148	0.00407	0.00481	0.00592	0.00813
44	0.00974	0.00835	0.01089	0.06775	0.15745	0.00896	0.00804	0.01628	0.30666	0.01772	0.24240	0.02335	0.06108	0.03337	0.00571	0.00164	0.00383	0.00633	0.00424	0.00621
45	0.00587	0.00420	0.00560	0.00671	0.00701	0.00393	0.00452	0.00674	0.00920	0.01226	0.02632	0.80830	0.03150	0.01493	0.00611	0.00195	0.00282	0.03370	0.00444	0.00390
46	0.01139	0.01092	0.01812	0.06886	0.63719	0.01155	0.01375	0.01416	0.02316	0.01494	0.00920	0.02979	0.00800	0.00504	0.00606	0.00152	0.10238	0.00447	0.00241	0.00709

[dist]
# distance from previous block
# <min> <max>
0	1

[block]
# block no. 6 follows, 53 sequences, length 22
# corresponding to MSA columns:
# 711-732
name=unknown_G
#
# <colnr> <probs for GDERKNQSTAVLIFYWHMCP>
#	G	D	E	R	K	N	Q	S	T	A	V	L	I	F	Y	W	H	M	C	P
0	0.03721	0.51342	0.01999	0.00930	0.01280	0.20542	0.00827	0.01687	0.11222	0.01277	0.00848	0.00921	0.00721	0.00461	0.00359	0.00116	0.00573	0.00305	0.00253	0.00615
1	0.86579	0.00924	0.00702	0.00629	0.00924	0.01072	0.00518	0.01405	0.00813	0.02144	0.00666	0.00776	0.00518	0.00444	0.00296	0.00148	0.00370	0.00259	0.00296	0.00518
2	0.01349	0.10869	0.16828	0.10631	0.01780	0.04360	0.04966	0.23747	0.14802	0.04314	0.01136	0.01212	0.00839	0.00522	0.00458	0.00146	0.00570	0.00417	0.00347	0.00709
3	0.00896	0.00877	0.07031	0.00886	0.02458	0.03879	0.04943	0.02511	0.15937	0.02972	0.35946	0.11351	0.06614	0.00871	0.00536	0.00157	0.00368	0.00766	0.00449	0.00550
4	0.00670	0.00486	0.00631	0.00598	0.00711	0.00447	0.00447	0.00887	0.01331	0.01874	0.74962	0.05751	0.07408	0.01000	0.00565	0.00152	0.00228	0.00883	0.00521	0.00447
5	0.02144	0.00813	0.01109	0.00850	0.01220	0.00702	0.00702	0.02329	0.01368	0.80552	0.01886	0.01627	0.01183	0.00592	0.00481	0.00148	0.00407	0.00481	0.00592	0.00813
6	0.00659	0.00482	0.00619	0.00598	0.00707	0.00441	0.00443	0.00863	0.01292	0.01802	0.66770	0.10857	0.10596	0.01044	0.00568	0.00155	0.00232	0.00921	0.00512	0.00441
7	0.01183	0.01136	0.01940	0.02934	0.80221	0.01136	0.01467	0.01467	0.01088	0.01562	0.00899	0.01183	0.00757	0.00426	0.00473	0.00142	0.00568	0.00426	0.00237	0.00757
8	0.00664	0.00488	0.00622	0.00588	0.00706	0.00446	0.00441	0.00878	0.01324	0.01847	0.71652	0.03684	0.12870	0.01003	0.00564	0.00152	0.00227	0.00880	0.00517	0.00446
9	0.01128	0.01289	0.02820	0.02015	0.02498	0.01209	0.78485	0.01531	0.01128	0.01531	0.00967	0.01289	0.00725	0.00403	0.00564	0.00161	0.00806	0.00564	0.00242	0.00645
10	0.01046	0.01046	0.01464	0.01255	0.01255	0.01464	0.01046	0.01150	0.00732	0.01150	0.00627	0.01046	0.00627	0.00837	0.01569	0.00209	0.82328	0.00418	0.00209	0.00523
11	0.03695	0.00917	0.01218	0.28816	0.01918	0.00947	0.00900	0.09483	0.01096	0.03085	0.00880	0.01115	0.00692	0.00461	0.00496	0.00123	0.06271	0.00360	0.00281	0.37247
12	0.01199	0.00801	0.00949	0.00846	0.01035	0.05789	0.00662	0.12150	0.02879	0.16603	0.01424	0.04895	0.01215	0.06628	0.40127	0.00469	0.00877	0.00526	0.00365	0.00561
13	0.00671	0.00488	0.00631	0.00595	0.00710	0.00448	0.00446	0.00891	0.01339	0.01884	0.76025	0.03624	0.08474	0.00989	0.00564	0.00151	0.00226	0.00872	0.00522	0.00448
14	0.01057	0.01021	0.01796	0.28168	0.42048	0.01080	0.09805	0.01358	0.01047	0.01436	0.00994	0.03244	0.00847	0.00499	0.00495	0.00154	0.00605	0.03454	0.00242	0.00651
15	0.47090	0.09425	0.01104	0.00852	0.03526	0.03364	0.00679	0.11905	0.11973	0.04666	0.00957	0.01007	0.00729	0.00492	0.00363	0.00144	0.00427	0.00334	0.00344	0.00618
16	0.01708	0.05371	0.01408	0.01217	0.01450	0.71935	0.00929	0.01831	0.01291	0.01166	0.00727	0.00873	0.00616	0.00516	0.00515	0.00129	0.07208	0.00314	0.00242	0.00554
17	0.01805	0.01124	0.01272	0.00991	0.01347	0.01189	0.00813	0.48560	0.06482	0.24098	0.04609	0.01427	0.01111	0.00599	0.00480	0.00145	0.00466	0.00469	0.02226	0.00788
18	0.00911	0.00836	0.01118	0.15425	0.16696	0.07171	0.00893	0.01143	0.02973	0.01299	0.03341	0.09044	0.05614	0.05509	0.19383	0.00318	0.00698	0.06812	0.00299	0.00518
19	0.00773	0.00641	0.04924	0.00649	0.00824	0.00529	0.00532	0.04108	0.01320	0.04889	0.54774	0.03461	0.18825	0.00964	0.00551	0.00152	0.00274	0.00833	0.00493	0.00484
20	0.01241	0.79067	0.02401	0.00810	0.01198	0.01811	0.00798	0.01390	0.00968	0.01130	0.00769	0.05139	0.00749	0.00467	0.00323	0.00107	0.00499	0.00314	0.00217	0.00601
21	0.00682	0.00526	0.00648	0.00701	0.00830	0.00501	0.00573	0.00884	0.03421	0.01359	0.03396	0.10023	0.34156	0.01388	0.04907	0.00222	0.00391	0.34527	0.00433	0.00430

[dist]
# distance from previous block
# <min> <max>
0	3

[block]
# block no. 7 follows, 53 sequences, length 38
# corresponding to MSA columns:
# 736-773
name=unknown_H
#
# <colnr> <probs for GDERKNQSTAVLIFYWHMCP>
#	G	D	E	R	K	N	Q	S	T	A	V	L	I	F	Y	W	H	M	C	P
0	0.01258	0.01052	0.01700	0.14185	0.52724	0.01084	0.01302	0.04610	0.04359	0.09766	0.01080	0.01351	0.00855	0.00484	0.00479	0.00148	0.00549	0.01995	0.00294	0.00725
1	0.01268	0.00977	0.01050	0.00924	0.01199	0.01095	0.00725	0.06909	0.60846	0.09017	0.02027	0.01876	0.05424	0.00664	0.00484	0.00158	0.00377	0.00549	0.03698	0.00735
2	0.00756	0.00544	0.00750	0.00849	0.00962	0.00539	0.00737	0.00971	0.01110	0.01442	0.05716	0.05279	0.06790	0.01301	0.00651	0.00214	0.00421	0.70084	0.00444	0.00439
3	0.01252	0.02016	0.53925	0.01316	0.04955	0.01128	0.01472	0.14562	0.02436	0.10888	0.01043	0.01122	0.00726	0.00492	0.00462	0.00149	0.00631	0.00387	0.00299	0.00739
4	0.01190	0.00643	0.00834	0.00746	0.00947	0.00617	0.00579	0.01480	0.09134	0.27520	0.17922	0.14347	0.07955	0.01290	0.12277	0.00248	0.00463	0.00738	0.00486	0.00585
5	0.00762	0.00464	0.00604	0.00665	0.00741	0.00428	0.00465	0.00869	0.00979	0.09215	0.02597	0.64009	0.06636	0.01328	0.00578	0.00183	0.00288	0.02766	0.05987	0.00436
6	0.00680	0.00486	0.00622	0.00588	0.00703	0.00448	0.00441	0.00899	0.01323	0.01876	0.72375	0.03549	0.08539	0.00972	0.00554	0.00149	0.00226	0.00854	0.04268	0.00448
7	0.01245	0.01285	0.03504	0.06238	0.52507	0.12615	0.01305	0.04616	0.01146	0.01517	0.00945	0.01312	0.00813	0.00560	0.02156	0.00159	0.03694	0.03442	0.00253	0.00690
8	0.00615	0.00472	0.00540	0.00564	0.00684	0.00413	0.00410	0.00741	0.01078	0.02731	0.13376	0.26526	0.46170	0.01254	0.00578	0.00170	0.00257	0.02552	0.00456	0.00413
9	0.05321	0.00666	0.00800	0.00788	0.00954	0.00692	0.00630	0.01402	0.19322	0.06628	0.21599	0.11332	0.02693	0.00993	0.00555	0.00177	0.00346	0.22618	0.01946	0.00538
10	0.08423	0.01258	0.03586	0.01059	0.01440	0.01289	0.00881	0.49901	0.04397	0.20522	0.01368	0.01348	0.00960	0.00616	0.00497	0.00160	0.00512	0.00454	0.00506	0.00822
11	0.00821	0.00533	0.00759	0.03712	0.05487	0.00546	0.00549	0.04593	0.00840	0.01126	0.01474	0.18240	0.05085	0.04780	0.08590	0.41088	0.00482	0.00656	0.00290	0.00351
12	0.00691	0.00514	0.00607	0.00589	0.00726	0.00468	0.00439	0.00914	0.04835	0.03853	0.38309	0.12087	0.32023	0.01091	0.00563	0.00159	0.00249	0.00943	0.00487	0.00451
13	0.00695	0.00463	0.00521	0.00521	0.00521	0.00463	0.00290	0.00695	0.00695	0.00927	0.01506	0.03128	0.01738	0.83203	0.02433	0.00463	0.00463	0.00695	0.00290	0.00290
14	0.00990	0.00930	0.04940	0.00740	0.01179	0.00661	0.00626	0.01219	0.00992	0.01555	0.00850	0.00992	0.00703	0.00359	0.00359	0.00075	0.00371	0.00287	0.00279	0.81894
15	0.01189	0.61031	0.24189	0.00969	0.01460	0.01675	0.01081	0.01454	0.00982	0.01232	0.00718	0.00834	0.00611	0.00421	0.00348	0.00116	0.00565	0.00283	0.00204	0.00639
16	0.00703	0.00463	0.00518	0.00518	0.00523	0.00463	0.00291	0.00711	0.00707	0.00959	0.01508	0.03077	0.01718	0.80066	0.02353	0.00450	0.00454	0.00686	0.03537	0.00296
17	0.01164	0.01141	0.01909	0.12005	0.65426	0.03277	0.05180	0.01453	0.01082	0.01510	0.00892	0.01190	0.00738	0.00433	0.00477	0.00144	0.00595	0.00429	0.00234	0.00720
18	0.00685	0.00475	0.00544	0.00553	0.00588	0.00463	0.00350	0.00729	0.00808	0.01058	0.05058	0.03540	0.11838	0.62078	0.01960	0.00391	0.00424	0.07801	0.00332	0.00324
19	0.01157	0.21635	0.04901	0.03235	0.06410	0.03170	0.39204	0.02629	0.01064	0.01400	0.00917	0.04178	0.00777	0.00487	0.00562	0.00149	0.06778	0.00481	0.00239	0.00625
20	0.00830	0.00415	0.00623	0.00623	0.00623	0.00415	0.00415	0.00623	0.00623	0.00830	0.00830	0.01453	0.00830	0.01660	0.01868	0.86094	0.00415	0.00415	0.00208	0.00208
21	0.00586	0.00419	0.00552	0.00656	0.00686	0.00391	0.00436	0.00667	0.00910	0.01210	0.02633	0.78294	0.04576	0.04666	0.00680	0.00204	0.00284	0.01326	0.00438	0.00385
22	0.00669	0.00488	0.00628	0.00593	0.00709	0.00448	0.00445	0.00887	0.01335	0.01874	0.74843	0.03641	0.09662	0.00993	0.00564	0.00151	0.00227	0.00874	0.00521	0.00448
23	0.01275	0.55860	0.10062	0.01179	0.11503	0.01628	0.02441	0.03352	0.03259	0.04358	0.00814	0.00925	0.00684	0.00433	0.00363	0.00118	0.00536	0.00314	0.00238	0.00658
24	0.00967	0.02412	0.76724	0.01396	0.02091	0.01115	0.05707	0.01515	0.01015	0.01515	0.00863	0.01024	0.00612	0.00451	0.00460	0.00152	0.00711	0.00364	0.00204	0.00703
25	0.01379	0.01098	0.01181	0.01010	0.01307	0.01239	0.00813	0.29895	0.44652	0.02316	0.01708	0.01869	0.01339	0.00680	0.00499	0.00160	0.00437	0.07189	0.00479	0.00749
26	0.01169	0.01122	0.01915	0.06780	0.76481	0.01132	0.01460	0.01455	0.01082	0.01545	0.00897	0.01187	0.00751	0.00428	0.00473	0.00143	0.00571	0.00426	0.00235	0.00746
27	0.01072	0.01024	0.01742	0.24748	0.47782	0.01084	0.05307	0.01404	0.04086	0.01465	0.01015	0.05284	0.00868	0.00501	0.00486	0.00151	0.00578	0.00483	0.00250	0.00670
28	0.01785	0.02278	0.01354	0.01231	0.01478	0.81284	0.00924	0.01909	0.01354	0.01170	0.00739	0.00862	0.00616	0.00493	0.00431	0.00123	0.00862	0.00308	0.00246	0.00554
29	0.00573	0.00461	0.00512	0.00548	0.00663	0.00399	0.00392	0.00684	0.01037	0.01282	0.05887	0.31036	0.52247	0.01302	0.00580	0.00172	0.00254	0.01124	0.00446	0.00399
30	0.00976	0.00832	0.00974	0.00703	0.01112	0.00628	0.00561	0.01189	0.01009	0.01575	0.04696	0.01117	0.00893	0.00384	0.00364	0.00075	0.00348	0.00311	0.00295	0.81959
31	0.00889	0.00894	0.02983	0.19360	0.14934	0.00874	0.18546	0.01158	0.01066	0.01395	0.03632	0.05531	0.21981	0.00731	0.00534	0.00161	0.00530	0.03938	0.00309	0.00553
32	0.00959	0.02472	0.80726	0.01362	0.02069	0.01110	0.01766	0.01514	0.01009	0.01514	0.00858	0.01009	0.00605	0.00454	0.00454	0.00151	0.00706	0.00353	0.00202	0.00706
33	0.00588	0.00420	0.00561	0.00672	0.00703	0.00393	0.00454	0.00676	0.00921	0.01227	0.02631	0.80417	0.03148	0.01492	0.00612	0.00195	0.00282	0.03773	0.00444	0.00390
34	0.01419	0.60956	0.02185	0.00933	0.01296	0.23920	0.00847	0.01564	0.01078	0.01137	0.00685	0.00793	0.00614	0.00432	0.00341	0.00108	0.00608	0.00270	0.00216	0.00597
35	0.00695	0.00463	0.00521	0.00521	0.00521	0.00463	0.00290	0.00695	0.00695	0.00927	0.01506	0.03128	0.01738	0.83203	0.02433	0.00463	0.00463	0.00695	0.00290	0.00290
36	0.01002	0.00829	0.05270	0.00870	0.02819	0.00790	0.00678	0.03951	0.26151	0.08775	0.02359	0.26253	0.11755	0.02718	0.01981	0.00186	0.01759	0.00822	0.00443	0.00587
37	0.01244	0.01585	0.09937	0.06056	0.03020	0.28484	0.20114	0.01486	0.01119	0.01307	0.01147	0.06840	0.04903	0.00621	0.00622	0.01392	0.08792	0.00505	0.00258	0.00567

[dist]
# distance from previous block
# <min> <max>
0	6

[block]
# block no. 8 follows, 53 sequences, length 7
# corresponding to MSA columns:
# 780-786
name=unknown_I
#
# <colnr> <probs for GDERKNQSTAVLIFYWHMCP>
#	G	D	E	R	K	N	Q	S	T	A	V	L	I	F	Y	W	H	M	C	P
0	0.01206	0.01150	0.01939	0.08569	0.65893	0.01162	0.05855	0.01535	0.04789	0.01599	0.00996	0.01289	0.00825	0.00471	0.00500	0.00154	0.00593	0.00454	0.00263	0.00757
1	0.00807	0.00519	0.00651	0.00617	0.00762	0.00465	0.00469	0.00989	0.01242	0.10388	0.43404	0.11162	0.21919	0.01051	0.00563	0.00159	0.00262	0.03596	0.00503	0.00473
2	0.03050	0.02956	0.05787	0.15972	0.11259	0.01035	0.18112	0.06125	0.03912	0.20187	0.01212	0.01431	0.00897	0.05224	0.00600	0.00170	0.00582	0.00478	0.00342	0.00671
3	0.03396	0.04453	0.04868	0.11474	0.29620	0.11880	0.07413	0.14917	0.01309	0.04765	0.00942	0.01138	0.00730	0.00472	0.00465	0.00143	0.00620	0.00411	0.00290	0.00693
4	0.00718	0.00586	0.00909	0.00888	0.01023	0.00554	0.10332	0.00898	0.01037	0.01348	0.02710	0.32218	0.13971	0.01252	0.00616	0.00195	0.00399	0.29487	0.00417	0.00442
5	0.00689	0.00467	0.00549	0.00565	0.00577	0.00468	0.00344	0.00717	0.00740	0.00988	0.01648	0.09845	0.01890	0.68114	0.05743	0.00441	0.00483	0.05109	0.00310	0.00313
6	0.02839	0.03789	0.08302	0.04517	0.24174	0.01164	0.05158	0.19306	0.07715	0.04461	0.03536	0.03922	0.01023	0.00714	0.04709	0.00182	0.02976	0.00478	0.00337	0.00699

[dist]
# distance from previous block
# <min> <max>
0	1

[block]
# block no. 9 follows, 53 sequences, length 78
# corresponding to MSA columns:
# 788-814,816-830,845-880
name=unknown_J
#
# <colnr> <probs for GDERKNQSTAVLIFYWHMCP>
#	G	D	E	R	K	N	Q	S	T	A	V	L	I	F	Y	W	H	M	C	P
0	0.06979	0.12652	0.01613	0.01401	0.13716	0.13755	0.02344	0.04672	0.01000	0.01382	0.00745	0.01008	0.00660	0.00608	0.00868	0.00160	0.33225	0.00373	0.02250	0.00589
1	0.00703	0.00513	0.00695	0.00692	0.00765	0.00559	0.00506	0.02760	0.00841	0.01171	0.05679	0.08017	0.04406	0.21899	0.47948	0.00587	0.00907	0.00648	0.00304	0.00402
2	0.01254	0.08423	0.05182	0.08446	0.17353	0.05632	0.01038	0.11901	0.02527	0.04365	0.00899	0.01094	0.00725	0.00513	0.00602	0.00137	0.13009	0.00378	0.00284	0.16237
3	0.00830	0.00415	0.00623	0.00623	0.00623	0.00415	0.00415	0.00623	0.00623	0.00830	0.00830	0.01453	0.00830	0.01660	0.01868	0.86094	0.00415	0.00415	0.00208	0.00208
4	0.00582	0.00416	0.00555	0.00666	0.00693	0.00388	0.00444	0.00666	0.00915	0.01220	0.02634	0.82891	0.03161	0.01497	0.00610	0.00194	0.00277	0.01359	0.00444	0.00388
5	0.01082	0.01023	0.01703	0.13843	0.56998	0.01074	0.01314	0.01342	0.01036	0.01461	0.02853	0.02795	0.02124	0.04119	0.00626	0.00164	0.05051	0.00472	0.00248	0.00673
6	0.00614	0.00486	0.00553	0.00536	0.00676	0.00425	0.00402	0.00782	0.01206	0.01569	0.38190	0.04143	0.46506	0.01107	0.00564	0.00156	0.00235	0.00945	0.00480	0.00425
