[name]
unknown

[dist]
# distance from previous block
# <min> <max>
0	533

[block]
# block no. 0 follows, 58 sequences, length 28
# corresponding to MSA columns:
# 533,534,537-560,564,565
name=unknown_A
#
# <colnr> <probs for GDERKNQSTAVLIFYWHMCP>
#	G	D	E	R	K	N	Q	S	T	A	V	L	I	F	Y	W	H	M	C	P
0	0.00721	0.00515	0.00721	0.00824	0.00927	0.00515	0.00721	0.00927	0.01030	0.01339	0.02368	0.05046	0.02574	0.01236	0.00618	0.00206	0.00412	0.78478	0.00412	0.00412
1	0.87439	0.00865	0.00657	0.00588	0.00865	0.01003	0.00484	0.01315	0.00761	0.02007	0.00623	0.00727	0.00484	0.00415	0.00277	0.00138	0.00346	0.00242	0.00277	0.00484
2	0.01107	0.01063	0.01816	0.02746	0.81489	0.01063	0.01373	0.01373	0.01019	0.01461	0.00841	0.01107	0.00709	0.00399	0.00443	0.00133	0.00531	0.00399	0.00221	0.00709
3	0.00882	0.00833	0.01409	0.71757	0.14237	0.01004	0.01261	0.01176	0.00912	0.01188	0.00802	0.01180	0.00612	0.00440	0.00447	0.00147	0.00587	0.00398	0.00202	0.00527
4	0.01056	0.01207	0.02640	0.01885	0.02338	0.01131	0.79864	0.01433	0.01056	0.01433	0.00905	0.01207	0.00679	0.00377	0.00528	0.00151	0.00754	0.00528	0.00226	0.00603
5	0.00979	0.00979	0.01370	0.01174	0.01174	0.01370	0.00979	0.01077	0.00685	0.01077	0.00587	0.00979	0.00587	0.00783	0.01468	0.00196	0.83461	0.00391	0.00196	0.00489
6	0.01056	0.01207	0.02640	0.01885	0.02338	0.01131	0.79864	0.01433	0.01056	0.01433	0.00905	0.01207	0.00679	0.00377	0.00528	0.00151	0.00754	0.00528	0.00226	0.00603
7	0.01132	0.01071	0.01796	0.02673	0.78094	0.01077	0.01351	0.04705	0.01065	0.01519	0.00851	0.01106	0.00711	0.00404	0.00443	0.00133	0.00530	0.00399	0.00231	0.00711
8	0.01196	0.84548	0.02344	0.00765	0.01148	0.01770	0.00765	0.01339	0.00909	0.01052	0.00622	0.00718	0.00574	0.00383	0.00287	0.00096	0.00478	0.00239	0.00191	0.00574
9	0.01107	0.01063	0.01816	0.02746	0.81489	0.01063	0.01373	0.01373	0.01019	0.01461	0.00841	0.01107	0.00709	0.00399	0.00443	0.00133	0.00531	0.00399	0.00221	0.00709
10	0.00708	0.00506	0.00706	0.00809	0.00907	0.00504	0.00699	0.00905	0.01017	0.01324	0.02375	0.10744	0.02602	0.01248	0.00614	0.00204	0.00401	0.72905	0.00412	0.00408
11	0.00639	0.00479	0.00719	0.00719	0.00799	0.00559	0.00559	0.00799	0.00719	0.01038	0.01198	0.01757	0.01118	0.03355	0.82507	0.00719	0.01198	0.00479	0.00240	0.00399
12	0.00544	0.00394	0.00514	0.00610	0.00645	0.00364	0.00409	0.00624	0.00869	0.01147	0.02627	0.77739	0.09102	0.01380	0.00568	0.00179	0.00257	0.01246	0.00415	0.00364
13	0.01113	0.00961	0.01011	0.00910	0.01163	0.01113	0.00708	0.02377	0.80681	0.01871	0.01821	0.01669	0.01365	0.00607	0.00455	0.00152	0.00354	0.00506	0.00455	0.00708
14	0.00685	0.00513	0.00746	0.00732	0.00824	0.00595	0.00572	0.04230	0.00779	0.01116	0.01193	0.01728	0.01103	0.03233	0.78952	0.00694	0.01168	0.00476	0.00249	0.00415
15	0.01180	0.00994	0.01049	0.00924	0.01189	0.01144	0.00724	0.11274	0.71674	0.01980	0.01735	0.01601	0.01296	0.00599	0.00454	0.00150	0.00370	0.00494	0.00454	0.00714
16	0.00897	0.02314	0.81962	0.01275	0.01936	0.01039	0.01653	0.01417	0.00944	0.01417	0.00803	0.00944	0.00567	0.00425	0.00425	0.00142	0.00661	0.00331	0.00189	0.00661
17	0.00777	0.00389	0.00583	0.00583	0.00583	0.00389	0.00389	0.00583	0.00583	0.00777	0.00777	0.01360	0.00777	0.01554	0.01748	0.86985	0.00389	0.00389	0.00194	0.00194
18	0.09775	0.01025	0.01067	0.00902	0.01186	0.01162	0.00720	0.27599	0.43674	0.02191	0.04900	0.01454	0.01205	0.00578	0.00438	0.00144	0.00392	0.00459	0.00437	0.00691
19	0.01073	0.01198	0.13995	0.01056	0.01392	0.01103	0.08027	0.02139	0.60826	0.01759	0.01576	0.01512	0.01177	0.00557	0.00457	0.00150	0.00439	0.00480	0.00392	0.00691
20	0.00558	0.00395	0.00515	0.00606	0.00629	0.00372	0.00397	0.00626	0.00831	0.01108	0.02333	0.73837	0.02792	0.11779	0.00785	0.00213	0.00281	0.01194	0.00397	0.00352
21	0.00639	0.00479	0.00719	0.00719	0.00799	0.00559	0.00559	0.00799	0.00719	0.01038	0.01198	0.01757	0.01118	0.03355	0.82507	0.00719	0.01198	0.00479	0.00240	0.00399
22	0.87439	0.00865	0.00657	0.00588	0.00865	0.01003	0.00484	0.01315	0.00761	0.02007	0.00623	0.00727	0.00484	0.00415	0.00277	0.00138	0.00346	0.00242	0.00277	0.00484
23	0.87439	0.00865	0.00657	0.00588	0.00865	0.01003	0.00484	0.01315	0.00761	0.02007	0.00623	0.00727	0.00484	0.00415	0.00277	0.00138	0.00346	0.00242	0.00277	0.00484
24	0.01083	0.01040	0.01765	0.08735	0.72817	0.01068	0.01349	0.01345	0.00998	0.01424	0.00829	0.01109	0.00696	0.00416	0.00479	0.00136	0.03409	0.00398	0.00219	0.00685
25	0.01052	0.00979	0.01656	0.18512	0.56293	0.01015	0.03615	0.02673	0.01023	0.02789	0.02332	0.01308	0.02535	0.00452	0.00453	0.00139	0.00534	0.01754	0.00239	0.00648
26	0.02751	0.00990	0.04708	0.02162	0.01210	0.00952	0.00729	0.31432	0.07024	0.16613	0.08671	0.02761	0.01227	0.03235	0.01925	0.00149	0.00428	0.00455	0.00419	0.12159
27	0.56295	0.07303	0.20938	0.00820	0.02743	0.01071	0.00816	0.01365	0.02453	0.01778	0.00696	0.00807	0.00534	0.00419	0.00321	0.00136	0.00437	0.00272	0.00251	0.00544

[dist]
# distance from previous block
# <min> <max>
0	7

[block]
# block no. 1 follows, 58 sequences, length 69
# corresponding to MSA columns:
# 573-590,593-615,617-644
name=unknown_B
#
# <colnr> <probs for GDERKNQSTAVLIFYWHMCP>
#	G	D	E	R	K	N	Q	S	T	A	V	L	I	F	Y	W	H	M	C	P
0	0.01064	0.25474	0.20732	0.01168	0.06998	0.04682	0.03933	0.03386	0.03551	0.01277	0.02281	0.01058	0.02405	0.00573	0.02143	0.00149	0.17960	0.00359	0.00223	0.00584
1	0.02226	0.02433	0.05520	0.00994	0.09169	0.02443	0.02354	0.09794	0.18837	0.08268	0.08590	0.05990	0.17709	0.00712	0.00469	0.00142	0.00382	0.00601	0.00396	0.02970
2	0.02415	0.02570	0.05216	0.01618	0.29844	0.14710	0.01022	0.08268	0.21974	0.03183	0.01134	0.01269	0.00898	0.00547	0.01932	0.00147	0.00538	0.01739	0.00312	0.00664
3	0.00650	0.00435	0.00494	0.00494	0.00496	0.00437	0.00279	0.00654	0.00652	0.00872	0.01404	0.02897	0.01613	0.82161	0.04377	0.00441	0.00454	0.00646	0.00270	0.00274
4	0.00998	0.00918	0.01552	0.43831	0.39190	0.01016	0.01286	0.01277	0.00962	0.03507	0.00843	0.01162	0.00662	0.00428	0.00445	0.00141	0.00560	0.00399	0.00219	0.00602
5	0.00847	0.00798	0.01342	0.81687	0.03046	0.01001	0.01237	0.01142	0.00891	0.01142	0.00791	0.01189	0.00596	0.00453	0.00466	0.00150	0.02129	0.00397	0.00199	0.00497
6	0.00545	0.00389	0.00519	0.00623	0.00649	0.00363	0.00415	0.00623	0.00856	0.01142	0.02465	0.83987	0.02959	0.01401	0.00571	0.00182	0.00260	0.01272	0.00415	0.00363
7	0.00928	0.00795	0.00928	0.00663	0.01060	0.00596	0.00530	0.01126	0.00928	0.01458	0.00795	0.00928	0.00663	0.00331	0.00331	0.00066	0.00331	0.00265	0.00265	0.87014
8	0.00647	0.00447	0.00556	0.00556	0.00580	0.00471	0.00357	0.00695	0.00671	0.00918	0.01347	0.02580	0.01476	0.60259	0.26090	0.00518	0.00661	0.00600	0.00262	0.00309
9	0.01196	0.70153	0.08390	0.00823	0.01209	0.07319	0.00829	0.01369	0.00938	0.01100	0.00663	0.00767	0.00589	0.00395	0.00307	0.00101	0.00508	0.00254	0.02518	0.00573
10	0.00950	0.00919	0.01281	0.01107	0.01117	0.01271	0.00918	0.01057	0.00700	0.01105	0.00670	0.01063	0.00649	0.00930	0.06454	0.00224	0.74055	0.00398	0.04652	0.00480
11	0.00834	0.00417	0.00417	0.00417	0.00521	0.00417	0.00313	0.01042	0.00938	0.01668	0.01459	0.01668	0.01147	0.00521	0.00313	0.00104	0.00208	0.00417	0.86763	0.00417
12	0.00941	0.00520	0.00531	0.00492	0.00628	0.00537	0.00379	0.10778	0.01082	0.01810	0.01412	0.01594	0.01099	0.00523	0.00329	0.00108	0.00243	0.00415	0.76120	0.00459
13	0.00556	0.00416	0.00517	0.00572	0.00641	0.00377	0.00398	0.00665	0.00966	0.01270	0.16503	0.50929	0.22053	0.01253	0.00553	0.00167	0.00243	0.01113	0.00429	0.00377
14	0.01364	0.01024	0.01103	0.00937	0.03128	0.01139	0.00733	0.41259	0.26480	0.02307	0.01363	0.01355	0.01010	0.00553	0.00428	0.00135	0.00405	0.00437	0.14150	0.00688
15	0.00600	0.00446	0.00601	0.00683	0.00716	0.00452	0.00490	0.00694	0.00863	0.01157	0.02301	0.65705	0.02715	0.03564	0.00682	0.00193	0.05740	0.11626	0.00397	0.00376
16	0.01009	0.01002	0.01871	0.04518	0.06904	0.03701	0.44180	0.01301	0.01090	0.05718	0.13736	0.01809	0.08494	0.00552	0.00527	0.00147	0.02000	0.00581	0.00300	0.00561
17	0.00957	0.00794	0.00931	0.00666	0.01062	0.00598	0.00534	0.01155	0.00937	0.03666	0.00822	0.00944	0.00675	0.00337	0.00335	0.00068	0.00333	0.00270	0.00273	0.84643
18	0.00660	0.00435	0.00524	0.00524	0.00533	0.00445	0.00316	0.00662	0.00653	0.00880	0.01329	0.02651	0.01491	0.67395	0.11757	0.08079	0.00520	0.00607	0.00261	0.00280
19	0.00974	0.14854	0.56836	0.01273	0.06280	0.02800	0.04279	0.01414	0.02536	0.01376	0.02904	0.01002	0.00692	0.00432	0.00411	0.00134	0.00614	0.00343	0.00207	0.00640
20	0.01025	0.06374	0.02537	0.00969	0.01101	0.13863	0.00796	0.01293	0.10991	0.01244	0.05005	0.03343	0.11481	0.00758	0.00868	0.00162	0.34157	0.03239	0.00287	0.00507
21	0.00941	0.00803	0.00935	0.00669	0.01066	0.00610	0.00536	0.02479	0.00948	0.01481	0.00800	0.00930	0.00664	0.00335	0.00333	0.00067	0.00334	0.00267	0.00268	0.85535
22	0.00640	0.00474	0.00693	0.00693	0.00764	0.00545	0.00527	0.00782	0.00711	0.01020	0.01222	0.01887	0.01174	0.12291	0.73647	0.00687	0.01114	0.00498	0.00243	0.00385
23	0.00937	0.00524	0.00542	0.00507	0.00643	0.00541	0.00394	0.10813	0.01086	0.01799	0.01444	0.01714	0.01149	0.00548	0.00340	0.00112	0.00251	0.03180	0.73019	0.00459
24	0.01196	0.84548	0.02344	0.00765	0.01148	0.01770	0.00765	0.01339	0.00909	0.01052	0.00622	0.00718	0.00574	0.00383	0.00287	0.00096	0.00478	0.00239	0.00191	0.00574
25	0.00973	0.00870	0.07333	0.07893	0.11480	0.02099	0.00797	0.07285	0.04133	0.07601	0.05681	0.23649	0.03076	0.00757	0.00472	0.00142	0.00404	0.02553	0.00349	0.12453
26	0.01200	0.40431	0.11517	0.01094	0.01465	0.11540	0.12968	0.04814	0.01011	0.01238	0.00711	0.00870	0.00599	0.00441	0.00473	0.00123	0.08391	0.00322	0.00213	0.00582
27	0.87439	0.00865	0.00657	0.00588	0.00865	0.01003	0.00484	0.01315	0.00761	0.02007	0.00623	0.00727	0.00484	0.00415	0.00277	0.00138	0.00346	0.00242	0.00277	0.00484
28	0.01658	0.02111	0.01270	0.01153	0.01379	0.81012	0.00866	0.01773	0.01257	0.01094	0.00690	0.00810	0.00576	0.00467	0.00423	0.00117	0.02306	0.00290	0.00230	0.00518
29	0.00573	0.00454	0.00515	0.00502	0.00632	0.00396	0.00376	0.00727	0.01121	0.01454	0.36813	0.05230	0.47529	0.01045	0.00529	0.00147	0.00221	0.00893	0.00448	0.00396
30	0.00650	0.00437	0.00504	0.00504	0.00509	0.00442	0.00291	0.00661	0.00655	0.00879	0.01395	0.02847	0.01591	0.78695	0.07813	0.00453	0.00486	0.00639	0.00269	0.00280
31	0.01003	0.22780	0.59004	0.01138	0.01718	0.01235	0.01401	0.04423	0.00980	0.01380	0.00768	0.00893	0.00576	0.00419	0.00391	0.00130	0.00609	0.00311	0.00199	0.00643
32	0.00579	0.00416	0.00554	0.00638	0.00675	0.00404	0.00435	0.02177	0.00863	0.01159	0.02293	0.72658	0.02708	0.03224	0.08687	0.00239	0.00360	0.01164	0.00396	0.00373
33	0.01021	0.06544	0.46641	0.01382	0.03252	0.01077	0.22147	0.03340	0.01014	0.04864	0.00898	0.02524	0.00672	0.00433	0.00447	0.00140	0.00643	0.00401	0.00227	0.02334
34	0.01857	0.00807	0.02679	0.00795	0.01154	0.00673	0.00667	0.03650	0.01251	0.69527	0.01622	0.01435	0.01039	0.00526	0.00436	0.00130	0.00383	0.00426	0.00512	0.10430
35	0.00540	0.00436	0.00480	0.00505	0.00620	0.00377	0.00365	0.00649	0.00991	0.01227	0.08743	0.25609	0.55513	0.01191	0.00540	0.00159	0.00234	0.01024	0.00420	0.00377
36	0.00667	0.00500	0.00629	0.00646	0.00731	0.00501	0.00477	0.00819	0.03581	0.04122	0.12530	0.38927	0.21568	0.01161	0.00626	0.00169	0.07362	0.04162	0.00412	0.00412
37	0.02561	0.14197	0.16395	0.04803	0.09089	0.09318	0.02925	0.02426	0.04681	0.11194	0.00932	0.01027	0.00709	0.00426	0.00391	0.00117	0.00514	0.00336	0.00274	0.17685
38	0.00645	0.00455	0.00594	0.00594	0.00631	0.00491	0.00403	0.00719	0.00682	0.00946	0.01312	0.02389	0.01393	0.47081	0.39156	0.00565	0.00785	0.00572	0.00257	0.00330
39	0.00562	0.00431	0.00531	0.01567	0.00679	0.00396	0.00414	0.00678	0.00957	0.01242	0.12808	0.40672	0.28967	0.01346	0.05086	0.00196	0.00301	0.02372	0.00412	0.00380
40	0.01102	0.01057	0.01806	0.04447	0.79831	0.01061	0.01370	0.01368	0.01016	0.01455	0.00840	0.01109	0.00706	0.00400	0.00443	0.00133	0.00533	0.00399	0.00221	0.00704
41	0.01048	0.01031	0.01767	0.09657	0.43360	0.01086	0.15020	0.01408	0.08287	0.01422	0.01004	0.01250	0.02702	0.00473	0.00559	0.00146	0.08451	0.00444	0.00244	0.00642
42	0.00672	0.00493	0.00604	0.00592	0.00627	0.02216	0.01624	0.00728	0.00695	0.00936	0.01356	0.04750	0.01484	0.56324	0.24552	0.00495	0.00655	0.00610	0.00265	0.00320
43	0.01107	0.01063	0.01816	0.02746	0.81489	0.01063	0.01373	0.01373	0.01019	0.01461	0.00841	0.01107	0.00709	0.00399	0.00443	0.00133	0.00531	0.00399	0.00221	0.00709
44	0.00797	0.00727	0.00950	0.00991	0.10276	0.02477	0.00692	0.00962	0.02211	0.01331	0.17790	0.05026	0.24235	0.00866	0.00800	0.00160	0.25926	0.00659	0.02655	0.00468
45	0.01672	0.02101	0.01270	0.01148	0.01383	0.79611	0.00864	0.04556	0.01297	0.01156	0.00705	0.00816	0.00583	0.00464	0.00405	0.00116	0.00796	0.00292	0.00238	0.00527
46	0.00928	0.00795	0.00928	0.00663	0.01060	0.00596	0.00530	0.01126	0.00928	0.01458	0.00795	0.00928	0.00663	0.00331	0.00331	0.00066	0.00331	0.00265	0.00265	0.87014
47	0.00600	0.00456	0.00552	0.00528	0.00648	0.00408	0.00396	0.00780	0.01188	0.01609	0.57067	0.03645	0.28521	0.00983	0.00528	0.00144	0.00216	0.00852	0.00468	0.00408
48	0.01127	0.00968	0.01020	0.00913	0.01169	0.01120	0.00712	0.04333	0.78700	0.01895	0.01802	0.01654	0.01350	0.00605	0.00455	0.00151	0.00358	0.00503	0.00455	0.00709
49	0.84853	0.00903	0.00676	0.00605	0.00881	0.03460	0.00496	0.01329	0.00777	0.01979	0.00625	0.00729	0.00487	0.00417	0.00281	0.00138	0.00360	0.00244	0.00275	0.00485
50	0.01106	0.01250	0.12928	0.02327	0.58121	0.02147	0.06876	0.04171	0.01054	0.02764	0.00893	0.02716	0.00737	0.00429	0.00449	0.00136	0.00560	0.00415	0.00234	0.00688
51	0.01149	0.00943	0.01197	0.01118	0.14836	0.00852	0.02101	0.17685	0.01200	0.03767	0.00888	0.01008	0.00702	0.00392	0.00381	0.00095	0.00407	0.00326	0.00302	0.50650
52	0.00655	0.00453	0.00594	0.00641	0.00716	0.00424	0.01915	0.00779	0.02480	0.04798	0.02572	0.54770	0.12780	0.05608	0.00644	0.00188	0.00291	0.06789	0.02512	0.00394
53	0.01167	0.76663	0.09979	0.00814	0.01224	0.01700	0.00850	0.01347	0.00912	0.01087	0.00639	0.00739	0.00573	0.00387	0.00300	0.00100	0.00496	0.00248	0.00191	0.00582
54	0.02629	0.00663	0.00823	0.00694	0.00931	0.00602	0.00544	0.06808	0.02159	0.32940	0.10426	0.12493	0.12346	0.04552	0.00557	0.00154	0.00333	0.02185	0.00459	0.07702
55	0.01114	0.01050	0.01781	0.04227	0.76427	0.01063	0.01347	0.01374	0.01012	0.02821	0.00849	0.01112	0.00710	0.00413	0.00471	0.00135	0.02769	0.00399	0.00226	0.00699
56	0.01508	0.01190	0.01247	0.01058	0.04553	0.06780	0.00822	0.49061	0.17032	0.04857	0.04302	0.01324	0.01028	0.00567	0.00464	0.00138	0.01481	0.01450	0.00427	0.00711
57	0.00548	0.00390	0.00518	0.00619	0.00645	0.00365	0.00412	0.00624	0.00851	0.01135	0.02439	0.81965	0.02925	0.03469	0.00614	0.00188	0.00264	0.01256	0.00412	0.00361
58	0.00652	0.00536	0.00577	0.00559	0.00706	0.00512	0.00416	0.00969	0.14494	0.01398	0.16693	0.07462	0.46947	0.05339	0.00609	0.00166	0.00258	0.00848	0.00428	0.00435
59	0.01105	0.01069	0.01853	0.02707	0.77911	0.01066	0.04921	0.01376	0.01020	0.01460	0.00844	0.01112	0.00707	0.00398	0.00447	0.00134	0.00541	0.00404	0.00222	0.00704
60	0.00545	0.00389	0.00519	0.00623	0.00649	0.00363	0.00415	0.00623	0.00856	0.01142	0.02465	0.83987	0.02959	0.01401	0.00571	0.00182	0.00260	0.01272	0.00415	0.00363
61	0.01611	0.02019	0.01303	0.01261	0.07022	0.74117	0.00899	0.01757	0.02616	0.01134	0.00720	0.00845	0.00599	0.00464	0.00423	0.00118	0.02022	0.00301	0.00233	0.00535
62	0.00642	0.00435	0.00485	0.00485	0.00496	0.00430	0.00276	0.00650	0.00676	0.00891	0.01625	0.03022	0.07130	0.78537	0.02156	0.00414	0.00419	0.00671	0.00281	0.00278
63	0.01058	0.00816	0.01098	0.00973	0.03200	0.00983	0.02406	0.08082	0.05006	0.09954	0.01071	0.01569	0.00974	0.17396	0.11434	0.00291	0.32418	0.00469	0.00291	0.00508
64	0.01088	0.01059	0.01735	0.13644	0.68406	0.03509	0.01340	0.01354	0.01009	0.01407	0.00831	0.01110	0.00689	0.00407	0.00442	0.00135	0.00549	0.00395	0.00219	0.00674
65	0.01653	0.05289	0.01309	0.01138	0.01374	0.79391	0.00861	0.01769	0.01254	0.01093	0.00689	0.00803	0.00576	0.00458	0.00399	0.00114	0.00794	0.00286	0.00229	0.00521
66	0.01712	0.00976	0.04818	0.00995	0.05145	0.02603	0.02414	0.13096	0.08113	0.48968	0.01530	0.01414	0.01893	0.00552	0.00488	0.00141	0.03503	0.00442	0.00469	0.00727
67	0.01131	0.12803	0.40901	0.01274	0.04234	0.09278	0.11896	0.01540	0.04406	0.07119	0.00895	0.01013	0.00661	0.00433	0.00422	0.00134	0.00627	0.00359	0.00237	0.00638
68	0.45808	0.32464	0.05953	0.00722	0.01058	0.05366	0.00676	0.01353	0.00853	0.01569	0.00636	0.00740	0.00527	0.00406	0.00295	0.00121	0.00437	0.00248	0.00237	0.00530

[dist]
# distance from previous block
# <min> <max>
0	8

[block]
# block no. 2 follows, 58 sequences, length 52
# corresponding to MSA columns:
# 657-677,680-710
name=unknown_C
#
# <colnr> <probs for GDERKNQSTAVLIFYWHMCP>
#	G	D	E	R	K	N	Q	S	T	A	V	L	I	F	Y	W	H	M	C	P
0	0.01032	0.13460	0.38928	0.03409	0.14550	0.01148	0.12927	0.02328	0.00984	0.03586	0.00846	0.02085	0.00656	0.00431	0.00442	0.00136	0.01815	0.00376	0.00216	0.00642
1	0.00666	0.00519	0.00685	0.00689	0.00764	0.03062	0.00519	0.00804	0.00780	0.01079	0.05626	0.07448	0.03076	0.12282	0.57097	0.00576	0.00943	0.02723	0.00276	0.00387
2	0.00987	0.01167	0.09988	0.01342	0.01510	0.01283	0.18472	0.01190	0.00794	0.01190	0.00680	0.01025	0.00605	0.00656	0.01152	0.00180	0.56627	0.00415	0.00202	0.00532
3	0.00834	0.00417	0.00417	0.00417	0.00521	0.00417	0.00313	0.01042	0.00938	0.01668	0.01459	0.01668	0.01147	0.00521	0.00313	0.00104	0.00208	0.00417	0.86763	0.00417
4	0.00928	0.00795	0.00928	0.00663	0.01060	0.00596	0.00530	0.01126	0.00928	0.01458	0.00795	0.00928	0.00663	0.00331	0.00331	0.00066	0.00331	0.00265	0.00265	0.87014
5	0.00830	0.00528	0.00673	0.00607	0.00754	0.00493	0.00465	0.02308	0.04676	0.11400	0.62918	0.03067	0.07794	0.00864	0.00514	0.00141	0.00243	0.00754	0.00493	0.00478
6	0.00579	0.00423	0.00550	0.00643	0.00683	0.00407	0.00438	0.00723	0.05087	0.01185	0.02429	0.77708	0.02865	0.01355	0.00566	0.00181	0.00268	0.03110	0.00417	0.00383
7	0.00649	0.00440	0.00519	0.00519	0.00530	0.00451	0.00310	0.00671	0.00660	0.00891	0.01381	0.02767	0.01557	0.73219	0.13242	0.00473	0.00538	0.00627	0.00267	0.00289
8	0.01107	0.01063	0.01816	0.02746	0.81489	0.01063	0.01373	0.01373	0.01019	0.01461	0.00841	0.01107	0.00709	0.00399	0.00443	0.00133	0.00531	0.00399	0.00221	0.00709
9	0.00968	0.00891	0.04403	0.00831	0.01122	0.04060	0.06000	0.06016	0.12878	0.03333	0.10759	0.12518	0.03356	0.00631	0.00439	0.00122	0.00381	0.00548	0.00353	0.30389
10	0.00636	0.00429	0.00491	0.00502	0.00508	0.00425	0.00288	0.00647	0.00681	0.00905	0.01591	0.11767	0.03479	0.73490	0.02054	0.00400	0.00410	0.00724	0.00290	0.00283
11	0.01214	0.01028	0.01064	0.00931	0.01196	0.03177	0.00730	0.15287	0.64086	0.01996	0.01680	0.03088	0.01275	0.00606	0.00455	0.00148	0.00387	0.00497	0.00448	0.00706
12	0.01203	0.01214	0.01664	0.03655	0.55301	0.13226	0.03924	0.05577	0.01106	0.01472	0.00829	0.01052	0.00685	0.00410	0.00432	0.00126	0.00565	0.00377	0.00238	0.06942
13	0.01320	0.01442	0.01312	0.01133	0.01285	0.33329	0.02857	0.10277	0.02837	0.01302	0.00755	0.01000	0.00658	0.01787	0.04337	0.00180	0.33045	0.00365	0.00247	0.00533
14	0.01644	0.01218	0.01309	0.01018	0.01363	0.01350	0.00839	0.73865	0.06175	0.02731	0.01147	0.01210	0.00840	0.00559	0.00452	0.00137	0.00483	0.02464	0.00447	0.00749
15	0.00985	0.00991	0.01349	0.02958	0.01211	0.03475	0.00970	0.01089	0.00706	0.01077	0.00611	0.01000	0.00602	0.00838	0.03653	0.00207	0.77201	0.00391	0.00198	0.00488
16	0.00543	0.00450	0.00476	0.00478	0.00615	0.00382	0.00355	0.00666	0.01040	0.01278	0.14077	0.09234	0.66618	0.01122	0.00531	0.00152	0.00227	0.00948	0.00425	0.00382
17	0.03203	0.00508	0.00654	0.00592	0.00734	0.00468	0.00453	0.01027	0.01250	0.12151	0.67510	0.03049	0.04945	0.00857	0.00511	0.00140	0.00237	0.00749	0.00493	0.00467
18	0.01791	0.00721	0.00974	0.00765	0.01074	0.00633	0.00625	0.01992	0.02854	0.68697	0.13206	0.01787	0.01561	0.00607	0.00461	0.00139	0.00356	0.00503	0.00543	0.00711
19	0.00590	0.00502	0.00517	0.00509	0.00646	0.02839	0.00380	0.00727	0.01083	0.01351	0.23856	0.07303	0.55986	0.01069	0.00526	0.00149	0.00241	0.00904	0.00429	0.00393
20	0.05683	0.00955	0.03163	0.11230	0.31940	0.00922	0.04923	0.04071	0.01117	0.29790	0.01160	0.01245	0.00822	0.00464	0.00442	0.00138	0.00489	0.00414	0.00345	0.00687
21	0.01157	0.01023	0.01079	0.01017	0.05584	0.04480	0.00751	0.05991	0.66237	0.01847	0.01646	0.01546	0.01241	0.00576	0.00447	0.00145	0.00388	0.00477	0.00426	0.03944
22	0.01154	0.00981	0.01035	0.00919	0.01179	0.01132	0.00718	0.07819	0.75172	0.01938	0.01768	0.01627	0.01323	0.00602	0.00455	0.00150	0.00364	0.00499	0.00455	0.00712
23	0.87439	0.00865	0.00657	0.00588	0.00865	0.01003	0.00484	0.01315	0.00761	0.02007	0.00623	0.00727	0.00484	0.00415	0.00277	0.00138	0.00346	0.00242	0.00277	0.00484
24	0.01655	0.02105	0.01270	0.01153	0.01378	0.80617	0.00867	0.01770	0.01254	0.01094	0.00689	0.00811	0.00576	0.00468	0.00428	0.00117	0.02708	0.00290	0.00230	0.00518
25	0.00648	0.00473	0.00611	0.00574	0.00684	0.00444	0.00431	0.00892	0.03730	0.01796	0.78788	0.03290	0.04132	0.00905	0.00525	0.00141	0.00215	0.00800	0.00491	0.00431
26	0.00648	0.00452	0.00577	0.00579	0.00610	0.00481	0.00385	0.00710	0.00683	0.00939	0.01350	0.02539	0.01458	0.53062	0.31641	0.00534	0.00713	0.02057	0.00262	0.00321
27	0.01438	0.01037	0.01122	0.00904	0.01186	0.01133	0.00729	0.59879	0.01795	0.02450	0.01318	0.13203	0.01122	0.00661	0.00451	0.00138	0.00428	0.00531	0.09810	0.00666
28	0.00752	0.00603	0.00812	0.00788	0.00869	0.04359	0.02334	0.00874	0.00777	0.01071	0.01236	0.02050	0.01206	0.04290	0.47674	0.10014	0.07411	0.10601	0.01887	0.00393
29	0.00913	0.06667	0.77747	0.01248	0.01894	0.01078	0.01606	0.01413	0.00943	0.01397	0.00793	0.00932	0.00567	0.00423	0.00418	0.00139	0.00651	0.00326	0.00189	0.00656
30	0.02007	0.00761	0.01038	0.00796	0.01142	0.00657	0.00657	0.02180	0.01280	0.81799	0.01765	0.01523	0.01107	0.00554	0.00450	0.00138	0.00381	0.00450	0.00554	0.00761
31	0.00616	0.00471	0.00567	0.00540	0.00664	0.00429	0.00406	0.00829	0.03563	0.01620	0.55844	0.03581	0.27283	0.00971	0.00526	0.00144	0.00220	0.00840	0.00468	0.00417
32	0.00968	0.12735	0.68470	0.01205	0.01813	0.04558	0.01507	0.01422	0.00954	0.01357	0.00775	0.00910	0.00568	0.00421	0.00407	0.00135	0.00644	0.00317	0.00191	0.00644
33	0.01034	0.01264	0.08517	0.06171	0.04764	0.01115	0.67417	0.01414	0.01038	0.01417	0.00890	0.01183	0.00667	0.00385	0.00513	0.00149	0.00732	0.00502	0.00222	0.00605
34	0.00545	0.00389	0.00519	0.00623	0.00649	0.00363	0.00415	0.00623	0.00856	0.01142	0.02465	0.83987	0.02959	0.01401	0.00571	0.00182	0.00260	0.01272	0.00415	0.00363
35	0.01671	0.02132	0.01268	0.01152	0.01383	0.82483	0.00864	0.01786	0.01268	0.01095	0.00691	0.00807	0.00576	0.00461	0.00403	0.00115	0.00807	0.00288	0.00230	0.00519
36	0.00588	0.00459	0.00482	0.00477	0.00616	0.00392	0.00351	0.00697	0.01005	0.03613	0.07774	0.06830	0.66387	0.07540	0.00663	0.00173	0.00248	0.00912	0.00412	0.00382
37	0.01107	0.01063	0.01816	0.02746	0.81489	0.01063	0.01373	0.01373	0.01019	0.01461	0.00841	0.01107	0.00709	0.00399	0.00443	0.00133	0.00531	0.00399	0.00221	0.00709
38	0.12709	0.01097	0.00985	0.00869	0.01129	0.14587	0.00679	0.04582	0.39834	0.11027	0.01619	0.01535	0.06278	0.00583	0.00427	0.00142	0.00428	0.00453	0.00403	0.00633
39	0.03831	0.01066	0.01647	0.20425	0.52889	0.06348	0.03338	0.01361	0.01004	0.02677	0.00831	0.01104	0.00673	0.00416	0.00438	0.00136	0.00561	0.00390	0.00224	0.00640
40	0.01555	0.01868	0.01189	0.01081	0.01299	0.67120	0.00822	0.05688	0.01266	0.01233	0.00848	0.01104	0.00729	0.00516	0.00431	0.00122	0.02277	0.04444	0.05890	0.00518
41	0.00745	0.00398	0.00578	0.00584	0.00589	0.00401	0.00388	0.00604	0.00611	0.00820	0.00951	0.05906	0.00993	0.09532	0.06321	0.69244	0.00432	0.00465	0.00216	0.00222
42	0.01084	0.01035	0.01734	0.06169	0.73060	0.01048	0.01319	0.01391	0.04365	0.01460	0.00953	0.01198	0.02320	0.00424	0.00445	0.00135	0.00521	0.00414	0.00234	0.00693
43	0.01196	0.84548	0.02344	0.00765	0.01148	0.01770	0.00765	0.01339	0.00909	0.01052	0.00622	0.00718	0.00574	0.00383	0.00287	0.00096	0.00478	0.00239	0.00191	0.00574
44	0.00545	0.00389	0.00519	0.00623	0.00649	0.00363	0.00415	0.00623	0.00856	0.01142	0.02465	0.83987	0.02959	0.01401	0.00571	0.00182	0.00260	0.01272	0.00415	0.00363
45	0.00589	0.00466	0.00523	0.00534	0.00656	0.00416	0.00394	0.03100	0.01055	0.01334	0.15302	0.21103	0.48478	0.01143	0.00538	0.00157	0.00245	0.03147	0.00428	0.00394
46	0.01369	0.16154	0.01357	0.00974	0.01246	0.30272	0.00779	0.09913	0.27691	0.01524	0.01149	0.03686	0.00931	0.00533	0.00410	0.00128	0.00549	0.00394	0.00326	0.00611
47	0.04837	0.78947	0.02248	0.00765	0.01142	0.01728	0.00756	0.03303	0.00933	0.01137	0.00633	0.00727	0.00575	0.00388	0.00291	0.00098	0.00473	0.00243	0.00201	0.00575
48	0.01063	0.03648	0.29946	0.01229	0.04317	0.01045	0.13526	0.04127	0.23531	0.05844	0.03994	0.03598	0.01042	0.00521	0.00456	0.00145	0.00533	0.00462	0.00315	0.00656
49	0.00999	0.00829	0.02905	0.00691	0.01084	0.00620	0.00568	0.02566	0.00969	0.06437	0.00895	0.02706	0.00737	0.00373	0.00348	0.00076	0.00344	0.00302	0.00287	0.76263
50	0.00650	0.00435	0.00495	0.00495	0.00497	0.00437	0.00280	0.00655	0.00653	0.00872	0.01403	0.02892	0.01611	0.81856	0.04679	0.00442	0.00457	0.00645	0.00270	0.00275
51	0.01075	0.02910	0.14452	0.01148	0.05636	0.03772	0.12910	0.03979	0.23768	0.07748	0.05464	0.07296	0.06600	0.00620	0.00471	0.00146	0.00477	0.00551	0.00355	0.00621

[dist]
# distance from previous block
# <min> <max>
0	1

[block]
# block no. 3 follows, 58 sequences, length 34
# corresponding to MSA columns:
# 712-733,751-762
name=unknown_D
#
# <colnr> <probs for GDERKNQSTAVLIFYWHMCP>
#	G	D	E	R	K	N	Q	S	T	A	V	L	I	F	Y	W	H	M	C	P
0	0.00857	0.00807	0.01363	0.79540	0.06652	0.00997	0.01248	0.01153	0.00900	0.01157	0.00797	0.01189	0.00601	0.00445	0.00447	0.00148	0.00593	0.00398	0.00200	0.00507
1	0.01277	0.04921	0.01701	0.02145	0.53619	0.03516	0.02757	0.16502	0.02926	0.04947	0.00931	0.01105	0.00738	0.00436	0.00438	0.00132	0.00524	0.00396	0.00282	0.00707
2	0.01186	0.80788	0.02300	0.00784	0.01149	0.01752	0.00775	0.01328	0.00899	0.01054	0.00620	0.00729	0.00575	0.00401	0.00340	0.00100	0.04212	0.00246	0.00192	0.00570
3	0.00545	0.00443	0.00485	0.00507	0.00629	0.00383	0.00374	0.00661	0.01002	0.01235	0.08551	0.20028	0.58264	0.01177	0.00540	0.00159	0.00239	0.03979	0.00420	0.00379
4	0.00531	0.00446	0.00461	0.00473	0.00609	0.00376	0.00349	0.00640	0.01001	0.01201	0.04294	0.13479	0.72287	0.01164	0.00534	0.00155	0.00230	0.00982	0.00415	0.00376
5	0.00994	0.00840	0.00908	0.00827	0.01046	0.00945	0.00642	0.01999	0.61398	0.01820	0.16479	0.02147	0.05020	0.00697	0.00475	0.00151	0.00324	0.02192	0.00460	0.00637
6	0.00538	0.00431	0.00481	0.00516	0.00622	0.00374	0.00369	0.00642	0.00970	0.01203	0.06175	0.32100	0.51571	0.01220	0.00543	0.00161	0.00238	0.01054	0.00418	0.00374
7	0.01054	0.01201	0.02610	0.01869	0.02311	0.01137	0.78033	0.01425	0.01047	0.01425	0.00898	0.01201	0.00677	0.00386	0.00550	0.00152	0.02674	0.00525	0.00226	0.00601
8	0.01202	0.78699	0.05191	0.00797	0.01185	0.04554	0.00801	0.01358	0.00923	0.01067	0.00631	0.00729	0.00574	0.00387	0.00296	0.00098	0.00496	0.00244	0.00193	0.00575
9	0.00928	0.00795	0.00928	0.00663	0.01060	0.00596	0.00530	0.01126	0.00928	0.01458	0.00795	0.00928	0.00663	0.00331	0.00331	0.00066	0.00331	0.00265	0.00265	0.87014
10	0.02541	0.07103	0.01503	0.01163	0.01452	0.35236	0.13298	0.11370	0.11422	0.04950	0.00991	0.02764	0.00787	0.00503	0.00462	0.00132	0.03035	0.00394	0.00300	0.00596
11	0.01448	0.08997	0.03493	0.04070	0.09393	0.50018	0.04736	0.04812	0.01177	0.01222	0.00733	0.00896	0.00609	0.00498	0.01453	0.00131	0.05201	0.00324	0.00231	0.00556
12	0.00829	0.00483	0.00632	0.00647	0.00750	0.00444	0.00464	0.02724	0.01011	0.14970	0.11409	0.55429	0.06110	0.01170	0.00541	0.00167	0.00278	0.01045	0.00448	0.00447
13	0.03630	0.07565	0.25887	0.03009	0.04268	0.08928	0.12950	0.06834	0.08502	0.03360	0.01098	0.02501	0.00913	0.00536	0.00451	0.00144	0.00585	0.07952	0.00278	0.00611
14	0.01107	0.01063	0.01816	0.02746	0.81489	0.01063	0.01373	0.01373	0.01019	0.01461	0.00841	0.01107	0.00709	0.00399	0.00443	0.00133	0.00531	0.00399	0.00221	0.00709
15	0.00650	0.00435	0.00494	0.00494	0.00496	0.00437	0.00278	0.00654	0.00652	0.00872	0.01404	0.02898	0.01614	0.82254	0.04285	0.00441	0.00453	0.00646	0.00270	0.00274
16	0.01585	0.16999	0.01462	0.01083	0.01341	0.67924	0.00846	0.01706	0.01203	0.01087	0.00679	0.00791	0.00576	0.00447	0.00382	0.00112	0.00747	0.00279	0.00223	0.00529
17	0.00548	0.00432	0.00497	0.00545	0.00643	0.00381	0.00395	0.00653	0.00956	0.01191	0.03569	0.35883	0.45034	0.01246	0.00551	0.00167	0.00252	0.06266	0.00415	0.00374
18	0.01528	0.01434	0.17385	0.01064	0.01478	0.01278	0.00997	0.58163	0.05065	0.05534	0.01077	0.01090	0.00760	0.00518	0.00443	0.00137	0.00516	0.00394	0.00400	0.00739
19	0.03185	0.01178	0.01321	0.07181	0.18717	0.14279	0.04017	0.08516	0.31154	0.01653	0.01244	0.03517	0.00986	0.00529	0.00445	0.00141	0.00508	0.00447	0.00335	0.00649
20	0.00651	0.00434	0.00488	0.00488	0.00488	0.00434	0.00271	0.00651	0.00651	0.00867	0.01409	0.02927	0.01626	0.84279	0.02277	0.00434	0.00434	0.00651	0.00271	0.00271
21	0.00876	0.00825	0.01165	0.01028	0.01050	0.01119	0.00842	0.00987	0.00693	0.01059	0.00780	0.01253	0.00765	0.04146	0.23573	0.00346	0.58401	0.00424	0.00210	0.00458
22	0.00954	0.00941	0.01317	0.01136	0.01140	0.01308	0.00941	0.01053	0.00686	0.01070	0.00637	0.01063	0.00638	0.02847	0.05528	0.00227	0.77433	0.00402	0.00200	0.00480
23	0.00562	0.00446	0.00504	0.00507	0.00629	0.00389	0.00374	0.00699	0.01072	0.01373	0.26961	0.14169	0.48527	0.01102	0.00534	0.00152	0.00226	0.00946	0.00438	0.00389
24	0.01031	0.00975	0.01649	0.13557	0.63990	0.01000	0.01275	0.01297	0.01022	0.01446	0.07586	0.01306	0.00988	0.00449	0.00451	0.00136	0.00513	0.00433	0.00241	0.00656
25	0.01338	0.01550	0.01343	0.01500	0.22039	0.44048	0.00956	0.01502	0.01146	0.01268	0.09995	0.01193	0.01031	0.00528	0.00531	0.00131	0.08705	0.00387	0.00255	0.00554
26	0.01525	0.03536	0.01401	0.02451	0.09799	0.57607	0.04714	0.05815	0.06581	0.01291	0.00813	0.00932	0.00658	0.00462	0.00417	0.00122	0.00719	0.00332	0.00254	0.00569
27	0.00628	0.00511	0.00696	0.06272	0.04747	0.00525	0.00556	0.00743	0.00891	0.01172	0.02528	0.49872	0.17728	0.01184	0.00619	0.00173	0.06736	0.03641	0.00374	0.00403
28	0.00950	0.01017	0.06871	0.52338	0.24985	0.03762	0.01294	0.01248	0.00945	0.01249	0.00805	0.01139	0.00625	0.00433	0.00443	0.00143	0.00589	0.00390	0.00206	0.00568
29	0.00699	0.00463	0.00601	0.00587	0.00695	0.00423	0.00435	0.00871	0.01154	0.06957	0.51639	0.21314	0.09328	0.01019	0.00533	0.00151	0.00237	0.01993	0.00473	0.00428
30	0.00840	0.03449	0.43947	0.01239	0.10703	0.00874	0.03327	0.01218	0.02579	0.01389	0.06114	0.13703	0.07425	0.00652	0.00463	0.00147	0.00518	0.00561	0.00268	0.00584
31	0.01190	0.30295	0.11274	0.00930	0.01280	0.08614	0.00862	0.05049	0.32999	0.01502	0.01150	0.01149	0.00899	0.00491	0.00388	0.00127	0.00480	0.00368	0.00311	0.00641
32	0.01043	0.18520	0.55713	0.01118	0.01686	0.01168	0.01352	0.05207	0.01007	0.04785	0.00820	0.00929	0.00604	0.00424	0.00396	0.00129	0.00592	0.00318	0.00220	0.03969
33	0.01029	0.11583	0.57964	0.01147	0.01702	0.04805	0.01376	0.01513	0.06318	0.05270	0.02692	0.01042	0.00729	0.00451	0.00414	0.00136	0.00603	0.00346	0.00233	0.00647

[dist]
# distance from previous block
# <min> <max>
5	10

[block]
# block no. 4 follows, 58 sequences, length 18
# corresponding to MSA columns:
# 773-781,787-795
name=unknown_E
#
# <colnr> <probs for GDERKNQSTAVLIFYWHMCP>
#	G	D	E	R	K	N	Q	S	T	A	V	L	I	F	Y	W	H	M	C	P
0	0.24513	0.00901	0.01045	0.00923	0.06811	0.00916	0.00697	0.15500	0.03114	0.39287	0.01277	0.01207	0.00859	0.00504	0.00403	0.00138	0.00401	0.00384	0.00436	0.00683
1	0.01083	0.01047	0.01450	0.44602	0.23444	0.10724	0.01193	0.04516	0.01027	0.03539	0.00829	0.01123	0.00644	0.00450	0.00465	0.00141	0.02534	0.00386	0.00228	0.00573
2	0.00540	0.00407	0.00501	0.00576	0.00636	0.00367	0.00394	0.00628	0.00902	0.01160	0.03037	0.61927	0.24650	0.01327	0.00559	0.00173	0.00250	0.01181	0.00415	0.00367
3	0.01128	0.01118	0.01848	0.02620	0.72724	0.04539	0.06656	0.01395	0.01032	0.01444	0.00839	0.01101	0.00701	0.00400	0.00447	0.00133	0.00558	0.00403	0.00222	0.00693
4	0.01171	0.01052	0.01137	0.01153	0.11547	0.07766	0.00796	0.09342	0.45728	0.01736	0.01439	0.01522	0.01136	0.06196	0.00615	0.00165	0.04267	0.00467	0.02113	0.00652
5	0.00631	0.00471	0.00600	0.00607	0.00721	0.00440	0.00480	0.00818	0.01134	0.01528	0.42676	0.03889	0.20475	0.01137	0.03885	0.00182	0.00302	0.19168	0.00446	0.00409
6	0.01649	0.01676	0.01284	0.01084	0.01371	0.42102	0.00849	0.35913	0.06544	0.01894	0.00928	0.00977	0.00705	0.00503	0.00426	0.00126	0.00642	0.00352	0.00339	0.00636
7	0.02206	0.00921	0.01073	0.01206	0.17575	0.10283	0.00791	0.05778	0.05273	0.10347	0.01681	0.11186	0.06792	0.00744	0.00478	0.00146	0.00443	0.14268	0.00357	0.08451
8	0.00894	0.02130	0.72705	0.01213	0.01819	0.01007	0.01528	0.01436	0.05371	0.01464	0.05587	0.01125	0.00826	0.00464	0.00433	0.00142	0.00618	0.00368	0.00221	0.00650
9	0.01170	0.00919	0.00993	0.00888	0.01140	0.01039	0.00691	0.02285	0.70057	0.09137	0.01843	0.05136	0.01409	0.00636	0.00460	0.00152	0.00352	0.00533	0.00462	0.00698
10	0.01018	0.00979	0.01704	0.22936	0.46654	0.01021	0.09817	0.02806	0.01027	0.01423	0.05567	0.01270	0.00884	0.00442	0.00458	0.00139	0.00553	0.00437	0.00236	0.00627
11	0.01083	0.29242	0.35232	0.01039	0.01497	0.01227	0.04302	0.01394	0.00937	0.08297	0.00854	0.00997	0.00666	0.00672	0.07060	0.00175	0.04154	0.00333	0.00228	0.00610
12	0.00736	0.00624	0.00656	0.00618	0.00799	0.00629	0.00472	0.01246	0.27790	0.01492	0.11641	0.03319	0.46411	0.00933	0.00504	0.00150	0.00268	0.00783	0.00437	0.00493
13	0.00545	0.00389	0.00519	0.00623	0.00649	0.00363	0.00415	0.00623	0.00856	0.01142	0.02465	0.83987	0.02959	0.01401	0.00571	0.00182	0.00260	0.01272	0.00415	0.00363
14	0.04516	0.16679	0.23963	0.01108	0.06146	0.04756	0.04875	0.06220	0.02856	0.20981	0.01090	0.01140	0.01732	0.01507	0.00432	0.00135	0.00527	0.00371	0.00312	0.00655
15	0.01019	0.01847	0.52573	0.01294	0.01844	0.01042	0.14265	0.01602	0.12452	0.06209	0.01022	0.01126	0.00732	0.00451	0.00448	0.00144	0.00616	0.00395	0.00255	0.00664
16	0.00552	0.00392	0.00517	0.00615	0.00639	0.00368	0.00406	0.00625	0.00844	0.01125	0.02400	0.78974	0.02876	0.06527	0.00676	0.00197	0.00270	0.01233	0.00406	0.00358
17	0.01155	0.15299	0.31307	0.01533	0.21294	0.10700	0.03766	0.02978	0.01031	0.04589	0.00814	0.00966	0.00633	0.00427	0.00423	0.00130	0.01749	0.00341	0.00223	0.00644

[dist]
# distance from previous block
# <min> <max>
0	1

[block]
# block no. 5 follows, 58 sequences, length 8
# corresponding to MSA columns:
# 797-804
name=unknown_F
#
# <colnr> <probs for GDERKNQSTAVLIFYWHMCP>
#	G	D	E	R	K	N	Q	S	T	A	V	L	I	F	Y	W	H	M	C	P
0	0.01104	0.39683	0.29339	0.01046	0.04282	0.05376	0.01089	0.01510	0.10243	0.01289	0.00835	0.00924	0.00669	0.00428	0.00365	0.00120	0.00544	0.00310	0.00224	0.00621
1	0.00663	0.00509	0.00745	0.00732	0.00800	0.00604	0.00565	0.00806	0.00711	0.01028	0.01173	0.01795	0.01122	0.09425	0.70881	0.00662	0.06658	0.00487	0.00239	0.00396
2	0.01071	0.01035	0.01799	0.06762	0.68731	0.01038	0.06756	0.01344	0.01025	0.01456	0.04055	0.01208	0.00841	0.00420	0.00452	0.00135	0.00537	0.00424	0.00231	0.00679
3	0.01056	0.01049	0.13885	0.00873	0.01277	0.00735	0.06808	0.05492	0.01074	0.10384	0.08042	0.01329	0.03248	0.00458	0.00403	0.00105	0.00417	0.00389	0.00315	0.42659
4	0.01263	0.00855	0.01151	0.00998	0.08282	0.00775	0.05985	0.07330	0.08192	0.21587	0.05698	0.01444	0.04043	0.00497	0.00421	0.00116	0.00393	0.00427	0.00379	0.30164
5	0.01007	0.09714	0.41944	0.01243	0.09318	0.01055	0.03105	0.01530	0.12974	0.05032	0.05828	0.01306	0.03013	0.00497	0.00430	0.00138	0.00537	0.00409	0.00273	0.00646
6	0.00993	0.03828	0.10460	0.01139	0.14659	0.03587	0.02569	0.07382	0.09484	0.05252	0.15010	0.03974	0.15386	0.00676	0.00466	0.00138	0.00411	0.00576	0.00359	0.03651
7	0.03575	0.05811	0.20571	0.01776	0.33704	0.02989	0.05855	0.08213	0.04215	0.05647	0.02831	0.01130	0.00791	0.00445	0.00433	0.00135	0.00548	0.00392	0.00266	0.00674

[dist]
# distance from previous block
# <min> <max>
2	7

[block]
# block no. 6 follows, 58 sequences, length 10
# corresponding to MSA columns:
# 812-821
name=unknown_G
#
# <colnr> <probs for GDERKNQSTAVLIFYWHMCP>
#	G	D	E	R	K	N	Q	S	T	A	V	L	I	F	Y	W	H	M	C	P
0	0.01141	0.10876	0.14007	0.01055	0.07422	0.05018	0.02658	0.18072	0.06659	0.03387	0.14091	0.01546	0.04699	0.00560	0.00433	0.00128	0.00461	0.00456	0.00339	0.06991
1	0.01163	0.03431	0.04326	0.04252	0.53283	0.01025	0.01178	0.04439	0.05540	0.08542	0.01109	0.03546	0.02285	0.00493	0.00466	0.00138	0.02010	0.01813	0.00281	0.00680
2	0.00980	0.02734	0.16831	0.05255	0.18714	0.00898	0.12325	0.02940	0.02777	0.03699	0.14398	0.01459	0.01279	0.00491	0.00447	0.00129	0.00498	0.00454	0.00285	0.13407
3	0.00936	0.00831	0.01284	0.08600	0.34691	0.00849	0.03192	0.04246	0.07334	0.01600	0.24435	0.02025	0.05212	0.00622	0.00479	0.00141	0.00420	0.02179	0.00337	0.00586
4	0.01748	0.00744	0.00989	0.00764	0.01099	0.00630	0.00623	0.01920	0.01199	0.64234	0.01654	0.06395	0.01148	0.00570	0.00438	0.00130	0.00366	0.00470	0.00500	0.14379
5	0.01196	0.84548	0.02344	0.00765	0.01148	0.01770	0.00765	0.01339	0.00909	0.01052	0.00622	0.00718	0.00574	0.00383	0.00287	0.00096	0.00478	0.00239	0.00191	0.00574
6	0.01158	0.01079	0.01775	0.02599	0.74661	0.01090	0.01328	0.08074	0.01111	0.01577	0.00861	0.01104	0.00713	0.00410	0.00443	0.00133	0.00528	0.00399	0.00241	0.00713
7	0.00632	0.00435	0.00489	0.00493	0.00514	0.00424	0.00290	0.00655	0.00720	0.00948	0.04570	0.06641	0.10282	0.68867	0.01954	0.00382	0.00396	0.00715	0.00300	0.00292
8	0.01671	0.02132	0.01268	0.01152	0.01383	0.82483	0.00864	0.01786	0.01268	0.01095	0.00691	0.00807	0.00576	0.00461	0.00403	0.00115	0.00807	0.00288	0.00230	0.00519
9	0.01948	0.00775	0.01036	0.00803	0.01143	0.00688	0.00661	0.02193	0.06561	0.76483	0.01768	0.01532	0.01124	0.00557	0.00450	0.00139	0.00379	0.00454	0.00547	0.00758

[dist]
# distance from previous block
# <min> <max>
0	6

[block]
# block no. 7 follows, 58 sequences, length 92
# corresponding to MSA columns:
# 828-858,861-887,896-912,928-937,940-946
name=unknown_H
#
# <colnr> <probs for GDERKNQSTAVLIFYWHMCP>
#	G	D	E	R	K	N	Q	S	T	A	V	L	I	F	Y	W	H	M	C	P
0	0.02007	0.00761	0.01038	0.00796	0.01142	0.00657	0.00657	0.02180	0.01280	0.81799	0.01765	0.01523	0.01107	0.00554	0.00450	0.00138	0.00381	0.00450	0.00554	0.00761
1	0.00977	0.00974	0.01360	0.01162	0.01172	0.01352	0.00968	0.01078	0.00691	0.01086	0.00592	0.00977	0.00589	0.00772	0.01441	0.00193	0.81502	0.00388	0.00197	0.02528
2	0.00639	0.00478	0.00715	0.00715	0.00793	0.00557	0.00554	0.00796	0.00718	0.01035	0.01202	0.01777	0.01127	0.04744	0.81130	0.00714	0.01185	0.00482	0.00240	0.00397
3	0.01687	0.01246	0.01335	0.01027	0.01382	0.01381	0.00847	0.78246	0.03877	0.02798	0.01091	0.01087	0.00774	0.00539	0.00448	0.00135	0.00489	0.00405	0.00448	0.00760
4	0.01111	0.00971	0.01084	0.00992	0.03488	0.01112	0.03144	0.02320	0.75979	0.01846	0.01765	0.01639	0.01326	0.00594	0.00457	0.00151	0.00371	0.00503	0.00442	0.00705
5	0.87439	0.00865	0.00657	0.00588	0.00865	0.01003	0.00484	0.01315	0.00761	0.02007	0.00623	0.00727	0.00484	0.00415	0.00277	0.00138	0.00346	0.00242	0.00277	0.00484
6	0.01540	0.00911	0.07158	0.03817	0.14969	0.00784	0.00890	0.01756	0.01138	0.46773	0.01511	0.03176	0.01121	0.00602	0.00516	0.00148	0.04667	0.07414	0.00425	0.00684
7	0.00715	0.00475	0.00624	0.00577	0.00697	0.00436	0.00436	0.00924	0.01267	0.06589	0.76489	0.03232	0.04034	0.00893	0.00523	0.00141	0.00221	0.00787	0.00496	0.00442
8	0.01997	0.00778	0.01048	0.00804	0.01150	0.00682	0.00664	0.04781	0.01308	0.79159	0.01742	0.01508	0.01096	0.00553	0.00450	0.00138	0.00384	0.00448	0.00550	0.00761
9	0.02007	0.00761	0.01038	0.00796	0.01142	0.00657	0.00657	0.02180	0.01280	0.81799	0.01765	0.01523	0.01107	0.00554	0.00450	0.00138	0.00381	0.00450	0.00554	0.00761
10	0.38973	0.01076	0.01039	0.00833	0.01156	0.01208	0.00688	0.44433	0.01505	0.03851	0.00890	0.00931	0.00647	0.00484	0.00373	0.00136	0.00427	0.00334	0.00375	0.00641
11	0.00639	0.00429	0.00491	0.00503	0.00506	0.00426	0.00287	0.00647	0.00673	0.00898	0.01526	0.11864	0.01773	0.75143	0.02089	0.00406	0.00414	0.00719	0.00287	0.00281
12	0.01113	0.00961	0.01011	0.00910	0.01163	0.01113	0.00708	0.02377	0.80681	0.01871	0.01821	0.01669	0.01365	0.00607	0.00455	0.00152	0.00354	0.00506	0.00455	0.00708
