[name]
unknown

[dist]
# distance from previous block
# <min> <max>
0	42

[block]
# block no. 0 follows, 51 sequences, length 37
# corresponding to MSA columns:
# 42-78
name=unknown_A
#
# <colnr> <probs for GDERKNQSTAVLIFYWHMCP>
#	G	D	E	R	K	N	Q	S	T	A	V	L	I	F	Y	W	H	M	C	P
0	0.15647	0.04389	0.06685	0.01133	0.07762	0.01076	0.04383	0.17543	0.03065	0.12839	0.01226	0.02482	0.00979	0.01640	0.00478	0.00149	0.00488	0.05366	0.00382	0.12288
1	0.09730	0.01918	0.01113	0.08740	0.10529	0.03687	0.02934	0.06616	0.03559	0.06827	0.03660	0.05436	0.10605	0.08958	0.05916	0.02754	0.02183	0.03924	0.00353	0.00555
2	0.00676	0.00485	0.00588	0.00639	0.00716	0.00456	0.00443	0.03480	0.01053	0.01415	0.09513	0.49385	0.16467	0.05918	0.00697	0.00198	0.00290	0.01157	0.06004	0.00421
3	0.03660	0.01000	0.01173	0.00924	0.01266	0.03753	0.00747	0.22477	0.01577	0.47363	0.01667	0.04145	0.01181	0.05986	0.00623	0.00173	0.00466	0.00512	0.00533	0.00772
4	0.06010	0.13398	0.12643	0.04813	0.03438	0.06933	0.04328	0.10180	0.05995	0.06590	0.04343	0.10959	0.01248	0.00758	0.03080	0.00172	0.02257	0.00536	0.01685	0.00636
5	0.03074	0.00840	0.01111	0.03057	0.06980	0.00837	0.04751	0.13341	0.06050	0.11728	0.10767	0.14159	0.08032	0.03820	0.03504	0.00191	0.00451	0.00704	0.00434	0.06171
6	0.03411	0.00542	0.00643	0.00653	0.00762	0.00524	0.00471	0.03615	0.04207	0.01586	0.25254	0.30608	0.16472	0.06823	0.00715	0.00196	0.00296	0.02305	0.00468	0.00449
7	0.62816	0.04514	0.00950	0.00789	0.01090	0.15126	0.00638	0.03989	0.03285	0.02011	0.00752	0.00856	0.00592	0.00474	0.00341	0.00146	0.00480	0.00289	0.00303	0.00560
8	0.01450	0.00798	0.00975	0.00823	0.01091	0.00788	0.00652	0.05770	0.19251	0.31685	0.22468	0.03792	0.04675	0.00762	0.00519	0.00156	0.00356	0.00643	0.02652	0.00694
9	0.03036	0.04352	0.01256	0.00980	0.02536	0.04104	0.00776	0.28138	0.15570	0.06189	0.01344	0.06553	0.01085	0.00597	0.00459	0.00134	0.00457	0.00476	0.00420	0.21538
10	0.00964	0.06094	0.46710	0.01102	0.01629	0.00984	0.01285	0.01430	0.04724	0.03062	0.11951	0.01761	0.08325	0.00611	0.00478	0.00148	0.00556	0.00495	0.00303	0.07388
11	0.01388	0.03865	0.10489	0.00874	0.01295	0.00793	0.00795	0.01632	0.01125	0.26840	0.01236	0.01285	0.00901	0.00684	0.05691	0.00159	0.02147	0.00382	0.00377	0.38041
12	0.08494	0.00845	0.01109	0.00857	0.01232	0.00751	0.00708	0.02324	0.01364	0.74179	0.01845	0.01607	0.01165	0.00597	0.00480	0.00152	0.00415	0.00477	0.00585	0.00814
13	0.00614	0.00449	0.00563	0.00643	0.00695	0.00415	0.00435	0.00706	0.00968	0.01268	0.05814	0.58497	0.14856	0.09178	0.00797	0.00220	0.00299	0.02743	0.00444	0.00395
14	0.02901	0.01039	0.06670	0.61113	0.14248	0.01117	0.01386	0.03249	0.01036	0.01393	0.00885	0.01264	0.00673	0.00484	0.00485	0.00160	0.00640	0.00428	0.00230	0.00598
15	0.00599	0.00428	0.00570	0.00684	0.00713	0.00399	0.00456	0.00684	0.00941	0.01254	0.02709	0.82409	0.03250	0.01540	0.00627	0.00200	0.00285	0.01397	0.00456	0.00399
16	0.00620	0.00451	0.00584	0.00658	0.00710	0.00425	0.00450	0.00724	0.00979	0.01306	0.10142	0.57303	0.10720	0.06306	0.05959	0.00246	0.00355	0.01216	0.00443	0.00404
17	0.00672	0.00494	0.00569	0.00602	0.00700	0.00454	0.00420	0.00822	0.03771	0.02770	0.06867	0.33693	0.31332	0.10667	0.00807	0.00212	0.00295	0.01083	0.03350	0.00420
18	0.03445	0.01248	0.01325	0.01052	0.01404	0.01389	0.00858	0.57298	0.16504	0.02801	0.01351	0.01337	0.00981	0.00600	0.00480	0.00149	0.00489	0.00461	0.06035	0.00794
19	0.00614	0.00485	0.00542	0.00554	0.00677	0.00425	0.00399	0.00743	0.01114	0.01410	0.18165	0.17541	0.47666	0.06569	0.00714	0.00190	0.00267	0.01049	0.00462	0.00414
20	0.00738	0.00527	0.00646	0.00691	0.00763	0.00516	0.00481	0.07081	0.01058	0.01412	0.04957	0.50741	0.07940	0.13446	0.00886	0.00232	0.00338	0.04900	0.02220	0.00427
21	0.03631	0.00624	0.00768	0.00730	0.00902	0.00587	0.00549	0.04267	0.03584	0.20794	0.04022	0.32128	0.14795	0.05432	0.00669	0.00193	0.00346	0.04953	0.00485	0.00541
22	0.74192	0.00959	0.00798	0.00691	0.01006	0.01085	0.00569	0.05102	0.00960	0.09733	0.00828	0.00900	0.00612	0.00477	0.00331	0.00152	0.00391	0.00296	0.00342	0.00576
23	0.00693	0.00504	0.00706	0.00719	0.00780	0.00558	0.00523	0.00818	0.00790	0.01111	0.01530	0.11502	0.01590	0.21607	0.53550	0.00650	0.01004	0.00670	0.00293	0.00402
24	0.04184	0.00859	0.00990	0.00723	0.01139	0.00662	0.00575	0.01223	0.01009	0.01610	0.00939	0.04222	0.00820	0.00414	0.00372	0.00081	0.00361	0.00334	0.00298	0.79185
25	0.00617	0.00482	0.00553	0.00580	0.00691	0.00429	0.00418	0.00741	0.01077	0.01368	0.13526	0.24044	0.41982	0.06610	0.02202	0.00206	0.00296	0.03312	0.00453	0.00411
26	0.07720	0.00814	0.01056	0.00831	0.01172	0.00734	0.00680	0.04040	0.01388	0.62440	0.12085	0.01865	0.01613	0.00650	0.00492	0.00152	0.00394	0.00530	0.00576	0.00766
27	0.00780	0.00539	0.00664	0.00677	0.00786	0.00520	0.00487	0.03638	0.04064	0.05623	0.08266	0.36170	0.19171	0.05930	0.07581	0.02784	0.00396	0.01028	0.00441	0.00453
28	0.00682	0.00513	0.00594	0.00606	0.00708	0.00485	0.00426	0.00886	0.06136	0.01448	0.19230	0.23038	0.25427	0.14041	0.00882	0.00219	0.00299	0.00995	0.02958	0.00428
29	0.00881	0.00789	0.01133	0.01030	0.01075	0.01041	0.00835	0.01024	0.00772	0.01161	0.00995	0.01521	0.00949	0.02331	0.42835	0.00514	0.39907	0.00480	0.00240	0.00486
30	0.00986	0.00949	0.01529	0.60977	0.02914	0.02636	0.06119	0.01321	0.03435	0.01306	0.00906	0.01305	0.00701	0.00538	0.00625	0.00168	0.10206	0.00447	0.02375	0.00558
31	0.02857	0.01010	0.01438	0.04090	0.31379	0.06477	0.03768	0.03571	0.02680	0.01445	0.01168	0.04389	0.02116	0.04126	0.22013	0.00335	0.05747	0.00508	0.00273	0.00610
32	0.00881	0.00686	0.00869	0.03387	0.02422	0.00776	0.00626	0.01289	0.18867	0.02838	0.01623	0.10059	0.01570	0.21941	0.25074	0.00435	0.05154	0.00655	0.00348	0.00501
33	0.00641	0.00485	0.00615	0.00704	0.03496	0.00446	0.00463	0.00757	0.01035	0.01364	0.14458	0.43963	0.20138	0.08156	0.00762	0.00207	0.00296	0.01150	0.00448	0.00417
34	0.03922	0.00725	0.01078	0.09529	0.07080	0.00810	0.04395	0.02782	0.00943	0.03817	0.05811	0.02036	0.04685	0.12218	0.31340	0.00442	0.07026	0.00560	0.00299	0.00501
35	0.47531	0.05125	0.03694	0.05182	0.06205	0.07452	0.05910	0.06118	0.01049	0.01955	0.02532	0.00994	0.00700	0.00474	0.00380	0.00146	0.00501	0.00339	0.00297	0.03415
36	0.01194	0.01165	0.03227	0.06735	0.39125	0.06180	0.11205	0.03378	0.01148	0.04330	0.03666	0.01603	0.04367	0.02185	0.03210	0.00182	0.04033	0.02105	0.00285	0.00676

[dist]
# distance from previous block
# <min> <max>
0	5

[block]
# block no. 1 follows, 51 sequences, length 42
# corresponding to MSA columns:
# 84-120,124-128
name=unknown_B
#
# <colnr> <probs for GDERKNQSTAVLIFYWHMCP>
#	G	D	E	R	K	N	Q	S	T	A	V	L	I	F	Y	W	H	M	C	P
0	0.02628	0.03029	0.10723	0.03985	0.06420	0.12317	0.05910	0.03167	0.12825	0.03196	0.07273	0.05925	0.09493	0.00741	0.01695	0.00162	0.02259	0.01951	0.00352	0.05951
1	0.00786	0.00721	0.04857	0.07644	0.01161	0.00689	0.03495	0.03136	0.03060	0.01431	0.14316	0.18324	0.12485	0.04506	0.14091	0.02783	0.04857	0.00807	0.00374	0.00477
2	0.01124	0.01214	0.02260	0.19409	0.02479	0.03981	0.44352	0.01517	0.04934	0.01463	0.00963	0.01299	0.00746	0.00506	0.00689	0.00171	0.11502	0.00518	0.00250	0.00623
3	0.01273	0.01350	0.01453	0.01257	0.01333	0.18792	0.01023	0.04838	0.00970	0.01290	0.00719	0.01058	0.00667	0.00763	0.01274	0.00190	0.58394	0.00407	0.02394	0.00556
4	0.00677	0.00493	0.00608	0.00648	0.00747	0.00454	0.00463	0.00832	0.02723	0.02885	0.11824	0.43621	0.20537	0.01390	0.03515	0.00201	0.00317	0.02478	0.02665	0.02920
5	0.00698	0.00496	0.00651	0.00658	0.00703	0.00532	0.00451	0.00786	0.00773	0.01066	0.01607	0.07551	0.03693	0.40122	0.37438	0.00592	0.00835	0.00681	0.00296	0.00370
6	0.00705	0.00478	0.00533	0.00533	0.00545	0.00472	0.00303	0.00714	0.00743	0.00979	0.01792	0.03323	0.07301	0.76945	0.02365	0.00454	0.00460	0.00738	0.00309	0.00306
7	0.01103	0.00670	0.00774	0.00686	0.00908	0.00625	0.00531	0.04211	0.09765	0.20247	0.10995	0.06064	0.36328	0.04085	0.00622	0.00174	0.00324	0.00818	0.00501	0.00571
8	0.02569	0.00631	0.00755	0.00702	0.00874	0.00605	0.00524	0.04235	0.07694	0.16203	0.15099	0.21573	0.15283	0.06882	0.00689	0.00189	0.00327	0.00874	0.03753	0.00540
9	0.01199	0.00811	0.00860	0.00759	0.00980	0.00883	0.00594	0.14032	0.26102	0.04597	0.04873	0.01798	0.01406	0.00624	0.00432	0.00139	0.00336	0.00506	0.38436	0.00633
10	0.86201	0.00950	0.00722	0.00646	0.00950	0.01102	0.00532	0.01445	0.00836	0.02205	0.00684	0.00798	0.00532	0.00456	0.00304	0.00152	0.00380	0.00266	0.00304	0.00532
11	0.00774	0.00498	0.00625	0.00660	0.00734	0.00468	0.00451	0.02279	0.00998	0.07188	0.06959	0.46389	0.09123	0.18190	0.00997	0.00247	0.00336	0.02217	0.00440	0.00425
12	0.11687	0.14189	0.01190	0.00822	0.01074	0.01071	0.00664	0.19860	0.04270	0.06332	0.03357	0.20883	0.04781	0.05042	0.02473	0.00187	0.00441	0.00677	0.00406	0.00596
13	0.00612	0.00483	0.00556	0.00606	0.00721	0.00428	0.00450	0.00736	0.01064	0.01321	0.03968	0.29784	0.45899	0.01353	0.00607	0.00184	0.00285	0.10074	0.00456	0.00414
14	0.38314	0.00831	0.00772	0.00671	0.00931	0.02552	0.00540	0.06115	0.01105	0.14737	0.04058	0.01364	0.01021	0.00543	0.00370	0.00141	0.00358	0.00392	0.24610	0.00577
15	0.00810	0.00551	0.00719	0.00715	0.00802	0.00577	0.00520	0.05160	0.00943	0.04148	0.03247	0.18038	0.04852	0.19940	0.30167	0.02961	0.00726	0.03017	0.01675	0.00431
16	0.00752	0.00470	0.00630	0.00635	0.00657	0.00489	0.00420	0.00727	0.00718	0.00977	0.01320	0.05755	0.01419	0.34763	0.20433	0.28004	0.00647	0.00607	0.00269	0.00308
17	0.01800	0.02270	0.01357	0.01235	0.01483	0.77673	0.00926	0.01931	0.01379	0.01227	0.00792	0.00923	0.00657	0.00509	0.00439	0.00126	0.00861	0.00322	0.03525	0.00565
18	0.00706	0.00511	0.00710	0.00710	0.00770	0.00571	0.00515	0.00826	0.00766	0.01082	0.01389	0.02334	0.01404	0.28514	0.56193	0.00691	0.01052	0.00586	0.00274	0.00394
19	0.75105	0.07639	0.04844	0.00700	0.01034	0.01172	0.00621	0.01452	0.00859	0.02088	0.00694	0.00809	0.00545	0.00454	0.00313	0.00148	0.00409	0.00271	0.00292	0.00550
20	0.00803	0.00607	0.02438	0.02466	0.02942	0.00582	0.00548	0.02575	0.06313	0.01303	0.05590	0.20811	0.06191	0.17121	0.05326	0.14879	0.00441	0.03851	0.02313	0.02902
21	0.03588	0.35590	0.12010	0.01033	0.01432	0.15844	0.00977	0.12700	0.03535	0.03654	0.00936	0.03764	0.00789	0.00524	0.00423	0.00131	0.01756	0.00368	0.00288	0.00660
22	0.00838	0.00626	0.00730	0.00719	0.00886	0.00616	0.00565	0.01232	0.15421	0.05171	0.16501	0.07565	0.28098	0.02880	0.00625	0.00184	0.00327	0.16019	0.00482	0.00513
23	0.02206	0.00534	0.00700	0.00719	0.00802	0.00564	0.00527	0.04014	0.00931	0.01285	0.03223	0.24905	0.07409	0.13103	0.33496	0.00472	0.00745	0.03582	0.00357	0.00426
24	0.01064	0.01059	0.01484	0.01275	0.01278	0.01479	0.01061	0.01174	0.00754	0.01181	0.00665	0.01101	0.00663	0.00944	0.03976	0.00232	0.79427	0.00433	0.00216	0.00535
25	0.01665	0.01362	0.01282	0.01049	0.01366	0.14191	0.00839	0.46448	0.08775	0.04120	0.01303	0.04387	0.01007	0.00618	0.00474	0.00144	0.00539	0.00471	0.09227	0.00732
26	0.01004	0.00620	0.00774	0.00747	0.00900	0.00599	0.00563	0.05697	0.06219	0.13982	0.14360	0.30602	0.08915	0.05274	0.00678	0.00194	0.00341	0.07512	0.00490	0.00529
27	0.04197	0.00639	0.00736	0.00700	0.00863	0.00634	0.00519	0.02414	0.13592	0.09841	0.13514	0.19402	0.19480	0.08234	0.02806	0.00212	0.00351	0.00876	0.00467	0.00522
28	0.05651	0.01021	0.01149	0.00907	0.01271	0.04443	0.00735	0.14036	0.11632	0.36510	0.01539	0.01438	0.01058	0.00561	0.00460	0.00139	0.00440	0.00442	0.01987	0.14580
29	0.00870	0.00546	0.00687	0.00660	0.00808	0.00496	0.00498	0.01071	0.02880	0.12078	0.34514	0.18577	0.19134	0.01110	0.00580	0.00168	0.00283	0.04032	0.00512	0.00497
30	0.00863	0.00545	0.00659	0.00654	0.00766	0.00538	0.00474	0.02430	0.07170	0.05966	0.19270	0.25430	0.04275	0.05780	0.02312	0.03000	0.00317	0.00859	0.18215	0.00476
31	0.09960	0.00617	0.00699	0.00661	0.00810	0.00621	0.00493	0.01167	0.08966	0.05700	0.31301	0.07132	0.10656	0.12681	0.02667	0.00221	0.00343	0.02779	0.02037	0.00489
32	0.01106	0.00914	0.00979	0.00872	0.01120	0.01006	0.00679	0.10386	0.45628	0.02030	0.13308	0.02534	0.15737	0.00808	0.00525	0.00163	0.00359	0.00676	0.00497	0.00676
33	0.00715	0.00541	0.00797	0.00790	0.00869	0.00634	0.00609	0.00877	0.00784	0.01130	0.01309	0.01984	0.01245	0.08537	0.73373	0.00752	0.03822	0.00535	0.00264	0.00433
34	0.07202	0.00551	0.00660	0.02316	0.00841	0.00540	0.00506	0.01017	0.03958	0.07896	0.02532	0.44467	0.10433	0.04842	0.00646	0.00194	0.00323	0.04288	0.06322	0.00466
35	0.00869	0.00674	0.00742	0.00712	0.00884	0.00692	0.00532	0.01413	0.26285	0.03634	0.12009	0.15344	0.24709	0.03827	0.00612	0.00178	0.00309	0.00862	0.05166	0.00545
36	0.02201	0.00659	0.00738	0.00759	0.00879	0.03533	0.00556	0.03365	0.12901	0.02596	0.09509	0.40335	0.09184	0.03374	0.02094	0.00202	0.00360	0.05807	0.00456	0.00492
37	0.01024	0.00934	0.01316	0.06872	0.27098	0.04873	0.02638	0.03349	0.07398	0.01523	0.05482	0.20340	0.01746	0.04096	0.00666	0.00182	0.04062	0.05453	0.00348	0.00599
38	0.00771	0.00531	0.00646	0.02285	0.00793	0.00514	0.00474	0.00954	0.05177	0.05131	0.10850	0.25491	0.15693	0.19218	0.02080	0.00252	0.00356	0.05215	0.03133	0.00436
39	0.00642	0.00456	0.00559	0.00616	0.00652	0.00434	0.00398	0.00709	0.00894	0.01182	0.05204	0.43475	0.10099	0.29148	0.02999	0.00302	0.00367	0.01094	0.00401	0.00369
40	0.54281	0.01017	0.02557	0.10606	0.07441	0.03817	0.02405	0.01403	0.00905	0.01884	0.00785	0.00997	0.00629	0.00685	0.05875	0.00196	0.01768	0.00331	0.00280	0.02139
41	0.38121	0.01130	0.01069	0.00973	0.06121	0.08360	0.00728	0.10796	0.03999	0.07867	0.00935	0.01024	0.00713	0.00493	0.00421	0.00139	0.02942	0.00339	0.00343	0.13487

[dist]
# distance from previous block
# <min> <max>
2	4

[block]
# block no. 2 follows, 51 sequences, length 20
# corresponding to MSA columns:
# 133-135,141-143,145-158
name=unknown_C
#
# <colnr> <probs for GDERKNQSTAVLIFYWHMCP>
#	G	D	E	R	K	N	Q	S	T	A	V	L	I	F	Y	W	H	M	C	P
0	0.05364	0.01182	0.01139	0.00974	0.01236	0.11881	0.00769	0.35166	0.04220	0.05297	0.01490	0.11243	0.01354	0.06790	0.00650	0.00181	0.00517	0.06380	0.03517	0.00650
1	0.00869	0.00580	0.00752	0.00726	0.03484	0.00534	0.00526	0.02921	0.01349	0.08472	0.55675	0.06431	0.09935	0.00957	0.00559	0.00154	0.00274	0.00837	0.02222	0.02746
2	0.05717	0.00624	0.00735	0.00666	0.00871	0.00572	0.00511	0.01230	0.03836	0.18129	0.13832	0.12511	0.27745	0.02701	0.04142	0.00194	0.00356	0.00823	0.00475	0.04332
3	0.00769	0.00549	0.00647	0.00632	0.00780	0.00505	0.00479	0.02779	0.03819	0.05553	0.26003	0.14984	0.32590	0.01142	0.00579	0.00169	0.00280	0.05176	0.02092	0.00473
4	0.01320	0.01202	0.01107	0.00970	0.01231	0.14422	0.00755	0.16028	0.33922	0.02040	0.12828	0.02009	0.06901	0.00711	0.00502	0.00154	0.00465	0.00572	0.02183	0.00678
5	0.00765	0.00522	0.00597	0.00594	0.00621	0.00527	0.00359	0.05279	0.00843	0.01125	0.01702	0.15086	0.01952	0.65582	0.02099	0.00415	0.00451	0.00802	0.00333	0.00345
6	0.00935	0.00635	0.00747	0.00695	0.00863	0.00617	0.00521	0.05532	0.10182	0.09602	0.24699	0.15615	0.20535	0.05741	0.00675	0.00183	0.00313	0.00889	0.00494	0.00528
7	0.00748	0.00511	0.00585	0.00574	0.00599	0.00520	0.00345	0.03275	0.00785	0.01049	0.01623	0.03096	0.04071	0.71470	0.08397	0.00480	0.00536	0.00701	0.00306	0.00330
8	0.01549	0.01816	0.01367	0.01223	0.01423	0.48029	0.00947	0.01903	0.15446	0.01355	0.00961	0.01103	0.00795	0.00617	0.00721	0.00154	0.19315	0.00386	0.00290	0.00601
9	0.00750	0.00537	0.00732	0.00835	0.00930	0.00529	0.00696	0.00938	0.01077	0.01401	0.02636	0.17396	0.05392	0.06191	0.00775	0.00235	0.00421	0.57651	0.00444	0.00434
10	0.22143	0.00926	0.00945	0.00818	0.01092	0.01007	0.00648	0.14377	0.21162	0.09314	0.06757	0.04946	0.10216	0.02904	0.00522	0.00167	0.00387	0.00571	0.00451	0.00645
11	0.00772	0.00598	0.00868	0.00840	0.00932	0.00714	0.00660	0.03641	0.00841	0.01213	0.01261	0.01839	0.01171	0.03362	0.71952	0.00724	0.07369	0.00516	0.00268	0.00460
12	0.00598	0.00430	0.00567	0.00677	0.00711	0.00400	0.00453	0.00685	0.00948	0.01257	0.02795	0.79458	0.06145	0.01528	0.00625	0.00198	0.00284	0.01383	0.00456	0.00400
13	0.00644	0.00466	0.00604	0.00698	0.00749	0.00441	0.00482	0.02983	0.01000	0.01323	0.02776	0.72379	0.07107	0.01488	0.00623	0.00198	0.00299	0.04869	0.00457	0.00415
14	0.00994	0.00589	0.00751	0.00696	0.00864	0.00565	0.00536	0.01219	0.04498	0.16556	0.20040	0.07530	0.16560	0.05111	0.15451	0.00292	0.00498	0.03092	0.03634	0.00524
15	0.82452	0.00969	0.00756	0.00668	0.00976	0.01121	0.00550	0.04848	0.00902	0.02245	0.00706	0.00815	0.00546	0.00462	0.00312	0.00152	0.00387	0.00274	0.00312	0.00546
16	0.00702	0.00527	0.00790	0.00790	0.00878	0.00614	0.00614	0.00878	0.00790	0.01141	0.01316	0.01931	0.01229	0.03686	0.80782	0.00790	0.01316	0.00527	0.00263	0.00439
17	0.00788	0.00527	0.00723	0.00706	0.00800	0.00567	0.00532	0.00903	0.00864	0.04495	0.03672	0.02346	0.11387	0.08676	0.43786	0.10321	0.02551	0.00597	0.05340	0.00420
18	0.02648	0.00694	0.00898	0.00944	0.06557	0.00734	0.00665	0.03557	0.13910	0.05391	0.13387	0.09821	0.02129	0.10382	0.18104	0.00339	0.00592	0.08303	0.00407	0.00538
19	0.01265	0.01104	0.01118	0.01004	0.01274	0.05925	0.00781	0.04285	0.66043	0.03654	0.01865	0.01764	0.01410	0.00832	0.05241	0.00200	0.00478	0.00536	0.00473	0.00748

[dist]
# distance from previous block
# <min> <max>
0	1

[block]
# block no. 3 follows, 51 sequences, length 27
# corresponding to MSA columns:
# 160-186
name=unknown_D
#
# <colnr> <probs for GDERKNQSTAVLIFYWHMCP>
#	G	D	E	R	K	N	Q	S	T	A	V	L	I	F	Y	W	H	M	C	P
0	0.11193	0.01538	0.21222	0.01106	0.01560	0.01273	0.01075	0.34784	0.10208	0.09450	0.01208	0.01217	0.00855	0.00554	0.00465	0.00153	0.00542	0.00420	0.00410	0.00767
1	0.01406	0.01147	0.01215	0.01037	0.01348	0.01308	0.00822	0.24093	0.56995	0.02352	0.01767	0.01647	0.01311	0.00645	0.00498	0.00161	0.00432	0.00523	0.00498	0.00794
2	0.04843	0.29157	0.29123	0.01170	0.01651	0.15212	0.05920	0.01558	0.01081	0.01377	0.00869	0.04335	0.00741	0.00499	0.00419	0.00136	0.00660	0.00374	0.00233	0.00641
3	0.07459	0.33517	0.11440	0.01002	0.01389	0.15945	0.00940	0.07525	0.09514	0.01574	0.04726	0.01119	0.00927	0.00512	0.00403	0.00131	0.00578	0.00361	0.00293	0.00648
4	0.00702	0.00527	0.00790	0.00790	0.00878	0.00614	0.00614	0.00878	0.00790	0.01141	0.01316	0.01931	0.01229	0.03686	0.80782	0.00790	0.01316	0.00527	0.00263	0.00439
5	0.01314	0.83025	0.02575	0.00841	0.01261	0.01945	0.00841	0.01472	0.00999	0.01156	0.00683	0.00788	0.00631	0.00420	0.00315	0.00105	0.00526	0.00263	0.00210	0.00631
6	0.00590	0.00496	0.00501	0.00501	0.00655	0.00419	0.00368	0.00706	0.01091	0.01301	0.04732	0.04621	0.73894	0.07088	0.00719	0.00188	0.00265	0.01014	0.00445	0.00406
7	0.01057	0.00942	0.01273	0.01659	0.31757	0.03925	0.00946	0.01541	0.18613	0.01663	0.06527	0.14175	0.05753	0.00749	0.00509	0.00157	0.00439	0.00668	0.06998	0.00649
8	0.00844	0.00430	0.00633	0.00633	0.00633	0.00430	0.00418	0.00646	0.00646	0.00861	0.00903	0.01617	0.00921	0.07518	0.01962	0.79590	0.00430	0.00447	0.00219	0.00219
9	0.01255	0.01072	0.01129	0.01007	0.01290	0.01237	0.00786	0.06384	0.74951	0.02108	0.01959	0.01801	0.01467	0.00663	0.00500	0.00166	0.00397	0.00550	0.00500	0.00781
10	0.00806	0.00584	0.00800	0.00904	0.01022	0.00590	0.00783	0.01079	0.04499	0.01491	0.02578	0.07237	0.02781	0.01332	0.00670	0.00223	0.00446	0.71254	0.00455	0.00465
11	0.01079	0.00854	0.01002	0.00724	0.01145	0.00650	0.00580	0.01296	0.01040	0.05844	0.00962	0.01088	0.00777	0.00386	0.00370	0.00079	0.00361	0.00309	0.03886	0.77568
12	0.01056	0.01100	0.01950	0.01529	0.01730	0.01280	0.31102	0.01286	0.00927	0.01339	0.00962	0.07048	0.00900	0.00871	0.04968	0.00222	0.40348	0.00563	0.00248	0.00572
13	0.00916	0.00458	0.00458	0.00458	0.00573	0.00458	0.00344	0.01145	0.01031	0.01832	0.01603	0.01832	0.01260	0.00573	0.00344	0.00115	0.00229	0.00458	0.85457	0.00458
14	0.00671	0.00501	0.00623	0.00592	0.00719	0.00453	0.00444	0.00879	0.01333	0.01832	0.63341	0.03899	0.20788	0.01056	0.00580	0.00157	0.00236	0.00921	0.00523	0.00453
15	0.00614	0.00438	0.00587	0.00701	0.00737	0.00412	0.00482	0.00710	0.00956	0.01271	0.02700	0.76424	0.03217	0.01525	0.00631	0.00202	0.00298	0.07233	0.00456	0.00403
16	0.01068	0.00817	0.00923	0.00834	0.01051	0.00886	0.00644	0.01920	0.42992	0.06346	0.31411	0.02523	0.02670	0.00789	0.00526	0.00160	0.00327	0.00676	0.02783	0.00653
17	0.00599	0.00428	0.00570	0.00684	0.00713	0.00399	0.00456	0.00684	0.00941	0.01254	0.02709	0.82409	0.03250	0.01540	0.00627	0.00200	0.00285	0.01397	0.00456	0.00399
18	0.00973	0.00924	0.01538	0.66076	0.12181	0.01133	0.01359	0.01280	0.00981	0.01291	0.00862	0.01281	0.00669	0.00514	0.00578	0.00166	0.06967	0.00436	0.00221	0.00573
19	0.00618	0.00442	0.00593	0.00707	0.00744	0.00416	0.00490	0.00718	0.00960	0.01277	0.02698	0.74564	0.03207	0.01521	0.00633	0.00202	0.00302	0.09047	0.00456	0.00405
20	0.00695	0.00576	0.00600	0.00585	0.00764	0.00524	0.00452	0.04813	0.05113	0.01466	0.04463	0.04457	0.66026	0.01190	0.00579	0.00169	0.00285	0.06324	0.00460	0.00458
21	0.74099	0.00934	0.00783	0.00679	0.00994	0.01048	0.00560	0.01581	0.00918	0.13414	0.00865	0.00924	0.00631	0.00478	0.00332	0.00152	0.00386	0.00299	0.00348	0.00576
22	0.00656	0.00476	0.00615	0.00684	0.00735	0.00465	0.00466	0.00815	0.04651	0.01332	0.10534	0.58106	0.03056	0.09274	0.05473	0.00254	0.00363	0.01188	0.00441	0.00417
23	0.09645	0.00921	0.01092	0.00878	0.01213	0.00917	0.00714	0.12817	0.12668	0.43141	0.07272	0.01693	0.01387	0.00628	0.00479	0.00153	0.00409	0.00502	0.02705	0.00763
24	0.00711	0.00478	0.00552	0.00555	0.00564	0.00480	0.00324	0.00721	0.00732	0.00977	0.01632	0.04777	0.03759	0.72699	0.06765	0.02433	0.00512	0.00720	0.00301	0.00309
25	0.01428	0.65365	0.02316	0.00934	0.01318	0.19195	0.00865	0.01579	0.01085	0.01166	0.00700	0.00810	0.00631	0.00439	0.00343	0.00110	0.00604	0.00275	0.00220	0.00617
26	0.00673	0.00485	0.00622	0.00656	0.00750	0.00457	0.00476	0.00814	0.01061	0.03403	0.17816	0.35254	0.19649	0.01650	0.11994	0.00267	0.00420	0.02671	0.00449	0.00433

[dist]
# distance from previous block
# <min> <max>
14	21

[block]
# block no. 4 follows, 51 sequences, length 40
# corresponding to MSA columns:
# 209-248
name=unknown_E
#
# <colnr> <probs for GDERKNQSTAVLIFYWHMCP>
#	G	D	E	R	K	N	Q	S	T	A	V	L	I	F	Y	W	H	M	C	P
0	0.01107	0.01047	0.05152	0.15286	0.22249	0.02479	0.07379	0.03429	0.06069	0.05387	0.08432	0.04304	0.03272	0.00706	0.03538	0.00175	0.01647	0.00534	0.00323	0.07487
1	0.01142	0.01609	0.27584	0.08849	0.20514	0.02991	0.12105	0.08424	0.01196	0.01674	0.03813	0.01314	0.00883	0.02946	0.00554	0.00161	0.00653	0.00452	0.00267	0.02870
2	0.00964	0.00800	0.01221	0.11086	0.08135	0.00790	0.10233	0.02554	0.06787	0.05174	0.16540	0.08818	0.11005	0.02035	0.00567	0.00163	0.00442	0.04033	0.01525	0.07127
3	0.00999	0.00852	0.00998	0.00726	0.01143	0.00643	0.00576	0.01211	0.01015	0.01585	0.00961	0.04883	0.00848	0.00420	0.00376	0.00079	0.00360	0.00344	0.00299	0.81683
4	0.01633	0.03796	0.03347	0.01095	0.01456	0.05042	0.00907	0.47579	0.25312	0.02600	0.01386	0.01349	0.01016	0.00601	0.00486	0.00151	0.00515	0.00464	0.00468	0.00797
5	0.00699	0.00490	0.00603	0.00634	0.00703	0.00451	0.00419	0.00777	0.00911	0.02847	0.04078	0.44150	0.07644	0.25573	0.01159	0.00268	0.00347	0.01057	0.00402	0.06790
6	0.03170	0.00488	0.00627	0.00700	0.00771	0.00463	0.00487	0.00869	0.02709	0.06131	0.05350	0.67365	0.04633	0.01404	0.00605	0.00193	0.00299	0.02829	0.00465	0.00442
7	0.01007	0.04869	0.72677	0.01429	0.02131	0.01172	0.06888	0.01555	0.01045	0.01546	0.00883	0.01049	0.00631	0.00462	0.00470	0.00155	0.00727	0.00375	0.00210	0.00719
8	0.00661	0.00497	0.00617	0.00665	0.00766	0.00464	0.00499	0.00834	0.02557	0.01454	0.16657	0.30794	0.23409	0.01370	0.02905	0.00202	0.00324	0.13256	0.01636	0.00432
9	0.02930	0.00638	0.00797	0.00703	0.00899	0.00582	0.00526	0.02580	0.01134	0.32368	0.04149	0.14731	0.12262	0.18782	0.00961	0.00232	0.00380	0.01865	0.02916	0.00565
10	0.40721	0.00889	0.00949	0.00770	0.01115	0.00897	0.00635	0.01959	0.01145	0.44329	0.01364	0.01272	0.00903	0.00539	0.00407	0.00152	0.00401	0.00390	0.00469	0.00697
11	0.00782	0.00609	0.00812	0.00759	0.00790	0.00700	0.02218	0.00849	0.00753	0.01055	0.01363	0.04799	0.01489	0.47684	0.18665	0.00482	0.14891	0.00642	0.00280	0.00380
12	0.01394	0.00829	0.00987	0.00836	0.01098	0.00836	0.00666	0.13348	0.15800	0.23884	0.21162	0.03955	0.06486	0.00788	0.00524	0.00157	0.00368	0.02815	0.03391	0.00678
13	0.00700	0.00511	0.00725	0.00730	0.00797	0.00575	0.00539	0.00834	0.00780	0.01105	0.01426	0.05657	0.01436	0.20685	0.60421	0.00697	0.01091	0.00605	0.00279	0.00407
14	0.00714	0.00478	0.00546	0.00553	0.00558	0.00477	0.00320	0.00724	0.00736	0.00979	0.01617	0.05486	0.01864	0.77627	0.02385	0.00460	0.00470	0.03390	0.00308	0.00306
15	0.01019	0.00873	0.01019	0.00728	0.01165	0.00655	0.00582	0.01237	0.01019	0.01601	0.00873	0.01019	0.00728	0.00364	0.00364	0.00073	0.00364	0.00291	0.00291	0.85734
16	0.30087	0.00993	0.01041	0.00838	0.01185	0.01038	0.00687	0.17653	0.06594	0.25407	0.01286	0.01250	0.00896	0.00540	0.00418	0.00146	0.00420	0.00397	0.02799	0.06325
17	0.06201	0.01077	0.01182	0.00941	0.01275	0.01151	0.00767	0.40081	0.08859	0.18651	0.01448	0.01418	0.01022	0.00591	0.00461	0.00146	0.00447	0.00456	0.13067	0.00759
18	0.00726	0.00480	0.00554	0.00550	0.00573	0.00481	0.00331	0.00771	0.00802	0.01114	0.08671	0.03103	0.01985	0.65935	0.05895	0.00437	0.00477	0.00704	0.06080	0.00330
19	0.00614	0.00444	0.00584	0.00691	0.00736	0.00414	0.00479	0.00714	0.00969	0.01278	0.02849	0.70725	0.08246	0.01505	0.00629	0.00200	0.00297	0.07766	0.00456	0.00405
20	0.00654	0.00501	0.00600	0.00575	0.00709	0.00446	0.00431	0.00847	0.01294	0.01739	0.52621	0.04052	0.31565	0.01091	0.00580	0.00159	0.00238	0.00942	0.00511	0.00446
21	0.86201	0.00950	0.00722	0.00646	0.00950	0.01102	0.00532	0.01445	0.00836	0.02205	0.00684	0.00798	0.00532	0.00456	0.00304	0.00152	0.00380	0.00266	0.00304	0.00532
22	0.01019	0.00873	0.01019	0.00728	0.01165	0.00655	0.00582	0.01237	0.01019	0.01601	0.00873	0.01019	0.00728	0.00364	0.00364	0.00073	0.00364	0.00291	0.00291	0.85734
23	0.01074	0.01203	0.02545	0.01839	0.02287	0.01120	0.66421	0.01446	0.01154	0.01538	0.01583	0.01829	0.12383	0.00537	0.00580	0.00166	0.00743	0.00648	0.00279	0.00626
24	0.00715	0.00476	0.00536	0.00536	0.00536	0.00476	0.00298	0.00715	0.00715	0.00953	0.01548	0.03216	0.01787	0.82729	0.02501	0.00476	0.00476	0.00715	0.00298	0.00298
25	0.01539	0.01186	0.01307	0.00989	0.01387	0.01211	0.00810	0.47818	0.03315	0.02508	0.01076	0.01134	0.00807	0.00517	0.00470	0.00123	0.02164	0.00391	0.00415	0.30832
26	0.00743	0.00527	0.00691	0.00756	0.00831	0.00528	0.00594	0.00886	0.00969	0.01272	0.02297	0.07739	0.05985	0.26289	0.07484	0.00342	0.00511	0.40766	0.00391	0.00400
27	0.01091	0.01068	0.01626	0.43086	0.31200	0.06073	0.01350	0.01420	0.03469	0.01406	0.00967	0.03338	0.00792	0.00505	0.00490	0.00156	0.00626	0.00458	0.00245	0.00636
28	0.00938	0.00884	0.01492	0.78790	0.06064	0.01094	0.01370	0.01264	0.00987	0.01268	0.00875	0.01307	0.00659	0.00489	0.00491	0.00163	0.00653	0.00437	0.00219	0.00554
29	0.00698	0.00520	0.00768	0.00774	0.00855	0.00598	0.00593	0.00861	0.00794	0.01138	0.01392	0.05806	0.01348	0.06971	0.73623	0.00748	0.01231	0.00576	0.00274	0.00431
30	0.00976	0.00910	0.01575	0.02934	0.16943	0.00907	0.21128	0.05052	0.04054	0.01526	0.01714	0.30019	0.03249	0.00986	0.03613	0.00197	0.02449	0.00834	0.00346	0.00587
31	0.01343	0.47622	0.05223	0.12018	0.04600	0.11311	0.03891	0.05159	0.01125	0.02531	0.00790	0.00949	0.00663	0.00454	0.00388	0.00124	0.00608	0.00327	0.00239	0.00635
32	0.00715	0.00497	0.00610	0.00609	0.00629	0.00523	0.00385	0.00758	0.00739	0.01007	0.01518	0.05353	0.01690	0.61637	0.19319	0.00531	0.02161	0.00690	0.00294	0.00336
33	0.00668	0.00518	0.00611	0.00592	0.00728	0.00471	0.00442	0.00897	0.04182	0.01701	0.45224	0.07930	0.32028	0.01107	0.00579	0.00161	0.00247	0.00956	0.00504	0.00454
34	0.05269	0.14690	0.07434	0.01074	0.01431	0.19399	0.02783	0.12710	0.05389	0.17636	0.01195	0.01335	0.00913	0.00571	0.00486	0.00144	0.02999	0.03484	0.00371	0.00689
35	0.58604	0.13674	0.02836	0.02211	0.05393	0.01215	0.00686	0.02691	0.00935	0.05320	0.00784	0.00896	0.00613	0.00461	0.00334	0.00144	0.00427	0.00296	0.01898	0.00582
36	0.01161	0.03241	0.17780	0.08776	0.37107	0.03098	0.07768	0.01519	0.02544	0.04656	0.02295	0.03765	0.01908	0.00517	0.00509	0.00153	0.01752	0.00476	0.00267	0.00708
37	0.00688	0.00485	0.00609	0.00636	0.00658	0.00501	0.00412	0.00743	0.00792	0.01074	0.01820	0.25475	0.02087	0.45198	0.14293	0.00441	0.02525	0.00872	0.00335	0.00355
38	0.04984	0.06514	0.07960	0.08687	0.10001	0.05220	0.00930	0.05851	0.04464	0.03662	0.07678	0.03118	0.08017	0.00655	0.00522	0.00145	0.03971	0.04091	0.00335	0.13196
39	0.04785	0.05591	0.14815	0.01319	0.08841	0.09062	0.10543	0.08846	0.03111	0.01697	0.09090	0.07740	0.01394	0.02417	0.00552	0.00158	0.01649	0.02676	0.00326	0.05387

[dist]
# distance from previous block
# <min> <max>
0	14

[block]
# block no. 5 follows, 51 sequences, length 26
# corresponding to MSA columns:
# 347-372
name=unknown_F
#
# <colnr> <probs for GDERKNQSTAVLIFYWHMCP>
#	G	D	E	R	K	N	Q	S	T	A	V	L	I	F	Y	W	H	M	C	P
0	0.05588	0.02579	0.04223	0.01216	0.13849	0.00903	0.03593	0.05587	0.01109	0.05517	0.00966	0.02567	0.00793	0.00452	0.00458	0.00111	0.03604	0.00370	0.00305	0.46210
1	0.16413	0.24798	0.10112	0.01012	0.01395	0.12402	0.06810	0.03761	0.04373	0.04736	0.04707	0.01254	0.03934	0.00524	0.00411	0.00136	0.00558	0.00393	0.00298	0.01973
2	0.01211	0.00916	0.00939	0.02962	0.01069	0.09799	0.02322	0.14959	0.03322	0.04627	0.01381	0.03117	0.01127	0.03578	0.11468	0.00234	0.02336	0.00479	0.33592	0.00560
3	0.02303	0.00756	0.10024	0.00741	0.00934	0.00553	0.00645	0.00958	0.01140	0.02869	0.26931	0.20574	0.15212	0.01108	0.00610	0.02609	0.00340	0.07721	0.00440	0.03529
4	0.03941	0.07602	0.13482	0.06608	0.08349	0.05371	0.03582	0.08485	0.05009	0.07144	0.13131	0.04184	0.02896	0.00768	0.02444	0.04965	0.00539	0.00526	0.00352	0.00623
5	0.01444	0.00917	0.02528	0.01022	0.02929	0.00800	0.09658	0.01686	0.02607	0.29895	0.02672	0.01427	0.01019	0.00739	0.05549	0.02282	0.03922	0.00441	0.00400	0.28061
6	0.50036	0.00926	0.00917	0.00756	0.01093	0.00975	0.00624	0.05253	0.01122	0.32231	0.01190	0.01152	0.00810	0.00521	0.00386	0.00152	0.00402	0.00362	0.00430	0.00663
7	0.00814	0.00541	0.00688	0.03001	0.00878	0.00516	0.00538	0.00990	0.03836	0.08202	0.07196	0.32800	0.15812	0.09427	0.00792	0.00217	0.00346	0.12494	0.00453	0.00459
8	0.02568	0.01106	0.05752	0.10320	0.38139	0.02777	0.05681	0.04409	0.04707	0.01592	0.03266	0.10686	0.04160	0.00653	0.00533	0.01552	0.00547	0.00585	0.00301	0.00664
9	0.00957	0.00899	0.01498	0.73591	0.08523	0.01101	0.01356	0.01317	0.03500	0.01305	0.00913	0.01321	0.00691	0.00493	0.00491	0.00163	0.00642	0.00441	0.00229	0.00569
10	0.03912	0.00613	0.00756	0.00727	0.00874	0.00593	0.00537	0.01302	0.06676	0.19738	0.02198	0.25692	0.04761	0.18523	0.00972	0.00243	0.00381	0.08102	0.02880	0.00519
11	0.08888	0.00681	0.00793	0.00720	0.00914	0.00664	0.00543	0.07364	0.03040	0.20297	0.06673	0.22836	0.11341	0.08741	0.00711	0.00195	0.00357	0.00809	0.03875	0.00557
12	0.00908	0.00705	0.01121	0.00957	0.01157	0.00667	0.15512	0.01183	0.05898	0.08108	0.17848	0.23949	0.11542	0.03568	0.02515	0.00197	0.00427	0.02776	0.00439	0.00524
13	0.83479	0.00947	0.00736	0.00654	0.00960	0.01090	0.00538	0.01475	0.00855	0.04726	0.00725	0.00827	0.00554	0.00461	0.00310	0.00152	0.00381	0.00273	0.00314	0.00542
14	0.00790	0.00520	0.00634	0.00637	0.00721	0.00499	0.00438	0.00953	0.04492	0.06203	0.18250	0.24281	0.08336	0.26300	0.01172	0.00267	0.00345	0.02461	0.02270	0.00429
15	0.05219	0.00536	0.00619	0.00606	0.00732	0.00501	0.00437	0.00959	0.01069	0.08471	0.16216	0.16592	0.22726	0.16401	0.00918	0.00225	0.00320	0.02682	0.04325	0.00445
16	0.00708	0.00525	0.00780	0.00780	0.00869	0.00610	0.00607	0.00885	0.00797	0.01160	0.01324	0.01928	0.01229	0.03599	0.78530	0.00771	0.01286	0.00525	0.02648	0.00439
17	0.00641	0.00465	0.00593	0.00667	0.00732	0.00436	0.00467	0.00788	0.02686	0.01402	0.13267	0.57059	0.10532	0.01384	0.00608	0.00188	0.00282	0.04410	0.02972	0.00421
18	0.16354	0.00681	0.00751	0.00672	0.00886	0.00663	0.00517	0.02975	0.03219	0.19251	0.13489	0.09842	0.19430	0.06721	0.00644	0.00183	0.00337	0.00729	0.02111	0.00547
19	0.00854	0.00535	0.00656	0.00634	0.00778	0.00478	0.00472	0.01007	0.01176	0.12189	0.24343	0.17177	0.26799	0.06625	0.00710	0.00190	0.00297	0.04114	0.00489	0.00477
20	0.00886	0.00709	0.00824	0.04630	0.00958	0.05577	0.00582	0.06124	0.00919	0.01240	0.01325	0.02225	0.01324	0.31822	0.32439	0.00518	0.03467	0.00567	0.03434	0.00431
21	0.01103	0.01194	0.02473	0.01810	0.02228	0.01146	0.62002	0.01527	0.05235	0.01586	0.03164	0.06980	0.01070	0.00537	0.00599	0.00167	0.02878	0.00635	0.03030	0.00636
22	0.00701	0.00496	0.00620	0.00613	0.00724	0.00450	0.00447	0.00874	0.01228	0.03972	0.45463	0.18931	0.18089	0.04349	0.00662	0.00178	0.00260	0.00996	0.00501	0.00447
23	0.72348	0.00869	0.00699	0.00647	0.00908	0.00992	0.00516	0.01328	0.00859	0.02061	0.02803	0.10250	0.00970	0.02559	0.00400	0.00165	0.00368	0.00421	0.00327	0.00510
24	0.11077	0.00972	0.01052	0.02500	0.01218	0.01056	0.00720	0.20278	0.24853	0.10800	0.08008	0.06630	0.07275	0.00735	0.00495	0.00160	0.00404	0.00597	0.00479	0.00692
25	0.05967	0.00856	0.01069	0.03894	0.01229	0.03414	0.07285	0.14768	0.04769	0.03571	0.03633	0.14905	0.13339	0.03151	0.06831	0.00228	0.00521	0.09604	0.00408	0.00555

[dist]
# distance from previous block
# <min> <max>
0	1

[block]
# block no. 6 follows, 51 sequences, length 9
# corresponding to MSA columns:
# 374-382
name=unknown_G
#
# <colnr> <probs for GDERKNQSTAVLIFYWHMCP>
#	G	D	E	R	K	N	Q	S	T	A	V	L	I	F	Y	W	H	M	C	P
0	0.00699	0.00505	0.00688	0.00687	0.00773	0.00527	0.00513	0.00837	0.00951	0.01313	0.18220	0.05154	0.10285	0.11442	0.36479	0.05675	0.00765	0.03719	0.00356	0.00411
1	0.00729	0.00501	0.00624	0.00616	0.00701	0.00478	0.00432	0.00860	0.01062	0.03917	0.29556	0.11134	0.12134	0.25202	0.07771	0.00309	0.00411	0.02723	0.00429	0.00413
2	0.01486	0.03940	0.01302	0.00988	0.01360	0.14070	0.00795	0.30769	0.05474	0.02103	0.01036	0.01120	0.00804	0.00589	0.02827	0.00137	0.00551	0.00372	0.00369	0.29906
3	0.01316	0.58669	0.02105	0.00858	0.01225	0.07734	0.00804	0.01482	0.01080	0.05628	0.04049	0.01383	0.03114	0.00542	0.00378	0.00120	0.00518	0.05318	0.00274	0.03402
4	0.03306	0.18121	0.06588	0.05969	0.13261	0.05362	0.12620	0.14496	0.02803	0.03850	0.01051	0.01390	0.00870	0.00543	0.00506	0.00149	0.03105	0.05025	0.00305	0.00682
5	0.00697	0.00517	0.00758	0.00764	0.00842	0.00591	0.00581	0.00854	0.00793	0.01133	0.01414	0.06644	0.01388	0.09667	0.70141	0.00732	0.01192	0.00591	0.00277	0.00426
6	0.00707	0.00533	0.00678	0.05176	0.00907	0.00508	0.00536	0.00839	0.00993	0.01306	0.06565	0.24532	0.15220	0.17881	0.00987	0.00244	0.00374	0.16024	0.00404	0.05587
7	0.00720	0.05594	0.02556	0.00805	0.00941	0.00603	0.07360	0.00866	0.01014	0.01327	0.06739	0.44171	0.14050	0.05773	0.00698	0.00199	0.00369	0.05354	0.00413	0.00446
8	0.07213	0.05812	0.08206	0.01082	0.01478	0.01429	0.00949	0.48044	0.16407	0.02604	0.01249	0.01244	0.00911	0.00576	0.00469	0.00150	0.00517	0.00435	0.00441	0.00784

[dist]
# distance from previous block
# <min> <max>
3	5

[block]
# block no. 7 follows, 51 sequences, length 43
# corresponding to MSA columns:
# 388-418,422-433
name=unknown_H
#
# <colnr> <probs for GDERKNQSTAVLIFYWHMCP>
#	G	D	E	R	K	N	Q	S	T	A	V	L	I	F	Y	W	H	M	C	P
0	0.03053	0.04074	0.24153	0.01650	0.12969	0.20735	0.15045	0.05209	0.03623	0.03524	0.00943	0.01113	0.00719	0.00477	0.00480	0.00147	0.00725	0.00409	0.00265	0.00687
1	0.01055	0.01047	0.07530	0.01175	0.04108	0.03923	0.10939	0.05531	0.10089	0.04837	0.05971	0.18471	0.03752	0.01037	0.05371	0.00212	0.10456	0.03535	0.00371	0.00590
2	0.09865	0.01377	0.01267	0.02965	0.01399	0.17515	0.00834	0.32406	0.04688	0.04793	0.01040	0.01155	0.00799	0.02157	0.00572	0.02641	0.03630	0.00393	0.00378	0.10126
3	0.00677	0.00477	0.00558	0.00580	0.00618	0.00466	0.00368	0.00727	0.00829	0.01084	0.02269	0.16162	0.13736	0.50291	0.06538	0.00397	0.00461	0.03068	0.00350	0.00345
4	0.00711	0.00478	0.00573	0.00585	0.00644	0.00448	0.00382	0.00741	0.00878	0.02344	0.05527	0.19226	0.18140	0.32134	0.01496	0.12096	0.00371	0.00875	0.00365	0.01987
5	0.01032	0.00915	0.01529	0.15701	0.27632	0.00968	0.08369	0.04060	0.03038	0.01457	0.01174	0.01804	0.01046	0.01164	0.13301	0.07565	0.00702	0.07670	0.00275	0.00596
6	0.01049	0.00997	0.01693	0.48528	0.35458	0.01124	0.01425	0.01362	0.01040	0.01403	0.00895	0.01271	0.00707	0.00469	0.00489	0.00156	0.00625	0.00437	0.00229	0.00644
7	0.00797	0.00593	0.00758	0.00754	0.00825	0.00662	0.00583	0.00944	0.00980	0.01432	0.07278	0.22928	0.09681	0.02907	0.02333	0.01299	0.16503	0.09103	0.19192	0.00447
8	0.02874	0.00505	0.00599	0.00612	0.00693	0.00484	0.00420	0.00850	0.00945	0.05113	0.07451	0.22003	0.15922	0.28943	0.05525	0.00311	0.00408	0.03292	0.02649	0.00402
9	0.00699	0.03651	0.02460	0.00730	0.00834	0.00574	0.00559	0.00875	0.02993	0.01313	0.09430	0.33399	0.08732	0.02047	0.25666	0.01940	0.00627	0.02641	0.00386	0.00442
10	0.00682	0.00491	0.00596	0.00650	0.00741	0.00460	0.00470	0.03127	0.01080	0.01448	0.09092	0.43681	0.20122	0.01308	0.00590	0.00182	0.00289	0.07055	0.07506	0.00430
11	0.78083	0.00957	0.00774	0.00677	0.00989	0.01092	0.00558	0.04048	0.00921	0.07159	0.00780	0.00866	0.00586	0.00470	0.00322	0.00152	0.00388	0.00286	0.00330	0.00562
12	0.00638	0.00471	0.00556	0.00593	0.00679	0.00429	0.00414	0.00755	0.01043	0.01372	0.14740	0.31695	0.27167	0.11574	0.00832	0.00215	0.00291	0.02531	0.03601	0.00404
13	0.00854	0.00427	0.00640	0.00640	0.00640	0.00427	0.00427	0.00640	0.00640	0.00854	0.00854	0.01494	0.00854	0.01707	0.01921	0.85702	0.00427	0.00427	0.00213	0.00213
14	0.56112	0.00910	0.00872	0.00728	0.01059	0.00966	0.00600	0.01785	0.01041	0.30074	0.01134	0.01112	0.00777	0.00511	0.00372	0.00152	0.00394	0.00348	0.00413	0.00641
15	0.01043	0.01006	0.01615	0.38605	0.22132	0.01230	0.01318	0.01299	0.00951	0.01323	0.00821	0.01219	0.00684	0.00584	0.00812	0.00174	0.23923	0.00435	0.00224	0.00602
16	0.00728	0.00506	0.00577	0.00571	0.00668	0.00476	0.00394	0.00865	0.02767	0.03510	0.14165	0.09981	0.25867	0.26976	0.03659	0.00280	0.00361	0.00860	0.06381	0.00407
17	0.01551	0.01188	0.01181	0.00994	0.01275	0.15482	0.03003	0.14055	0.16222	0.19503	0.07030	0.03950	0.04802	0.02776	0.00571	0.00160	0.02132	0.00546	0.02893	0.00685
18	0.00606	0.00436	0.00571	0.00676	0.00713	0.00406	0.00456	0.00695	0.00947	0.01254	0.02781	0.74256	0.06912	0.04030	0.00684	0.00207	0.00293	0.03227	0.00451	0.00398
19	0.00743	0.00532	0.00782	0.00775	0.00873	0.00608	0.00603	0.00919	0.00821	0.03181	0.01437	0.01995	0.03298	0.03459	0.74441	0.00739	0.01236	0.00537	0.02573	0.00449
20	0.01214	0.01174	0.02029	0.02981	0.76756	0.01170	0.04388	0.01511	0.01121	0.01604	0.00927	0.01220	0.00777	0.00437	0.00490	0.00147	0.00593	0.00443	0.00243	0.00774
21	0.00702	0.00527	0.00790	0.00790	0.00878	0.00614	0.00614	0.00878	0.00790	0.01141	0.01316	0.01931	0.01229	0.03686	0.80782	0.00790	0.01316	0.00527	0.00263	0.00439
22	0.00596	0.00498	0.00518	0.00513	0.00673	0.00421	0.00385	0.00734	0.01155	0.01410	0.14568	0.04593	0.69823	0.01214	0.00581	0.00164	0.00247	0.01018	0.00467	0.00421
23	0.05805	0.01201	0.01289	0.01007	0.01360	0.01310	0.00827	0.59017	0.02018	0.08682	0.02629	0.01313	0.00962	0.00590	0.00468	0.00145	0.00485	0.00447	0.09671	0.00774
24	0.00867	0.00465	0.00477	0.00474	0.00594	0.00454	0.00356	0.01086	0.01067	0.01795	0.08038	0.02250	0.08910	0.00670	0.00384	0.00123	0.00231	0.00547	0.70756	0.00454
25	0.00854	0.00427	0.00640	0.00640	0.00640	0.00427	0.00427	0.00640	0.00640	0.00854	0.00854	0.01494	0.00854	0.01707	0.01921	0.85702	0.00427	0.00427	0.00213	0.00213
26	0.00597	0.00434	0.00564	0.00668	0.00709	0.00400	0.00449	0.00686	0.00956	0.01261	0.02903	0.75771	0.09763	0.01514	0.00623	0.00197	0.00282	0.01366	0.00456	0.00400
27	0.00614	0.00455	0.00553	0.00624	0.00685	0.00417	0.00423	0.00701	0.00960	0.01238	0.03110	0.50943	0.21796	0.12237	0.00866	0.00229	0.00306	0.03018	0.00435	0.00391
28	0.04091	0.01046	0.01140	0.00971	0.01277	0.01157	0.00771	0.15393	0.47644	0.14274	0.03782	0.01712	0.01388	0.00645	0.00490	0.00159	0.00412	0.00524	0.02349	0.00774
29	0.00986	0.02542	0.80183	0.01401	0.02127	0.01141	0.01816	0.01556	0.01038	0.01556	0.00882	0.01038	0.00623	0.00467	0.00467	0.00156	0.00726	0.00363	0.00208	0.00726
30	0.72452	0.00945	0.00799	0.00690	0.01007	0.01060	0.00569	0.03469	0.00952	0.13031	0.00871	0.00929	0.00635	0.00481	0.00335	0.00152	0.00389	0.00302	0.00351	0.00582
