[name]
unknown

[dist]
# distance from previous block
# <min> <max>
20	416

[block]
# block no. 0 follows, 54 sequences, length 75
# corresponding to MSA columns:
# 454-528
name=unknown_A
#
# <colnr> <probs for GDERKNQSTAVLIFYWHMCP>
#	G	D	E	R	K	N	Q	S	T	A	V	L	I	F	Y	W	H	M	C	P
0	0.19112	0.06740	0.04851	0.03805	0.03084	0.14211	0.00730	0.01408	0.07941	0.01538	0.03603	0.02487	0.07686	0.01887	0.04372	0.00169	0.02578	0.01455	0.02187	0.10155
1	0.01247	0.01126	0.05914	0.06477	0.02958	0.06475	0.03797	0.13091	0.11732	0.08023	0.03431	0.02895	0.02651	0.00541	0.00488	0.00129	0.03834	0.00435	0.00355	0.24399
2	0.17222	0.02561	0.03751	0.02601	0.01123	0.04140	0.00647	0.05603	0.07477	0.06569	0.09089	0.01498	0.04880	0.00545	0.00420	0.00123	0.01674	0.00420	0.03736	0.25921
3	0.00992	0.00869	0.01196	0.05917	0.28218	0.04007	0.00889	0.09353	0.01229	0.01659	0.19335	0.11760	0.09336	0.02476	0.00550	0.00157	0.00429	0.00682	0.00366	0.00579
4	0.00936	0.00814	0.01211	0.06685	0.06160	0.00849	0.12610	0.01318	0.14319	0.04879	0.07360	0.02484	0.25280	0.00828	0.00678	0.04207	0.07806	0.00664	0.00366	0.00545
5	0.00668	0.00491	0.00670	0.00801	0.03926	0.00473	0.00577	0.00803	0.00972	0.01278	0.02566	0.43491	0.07459	0.05836	0.00709	0.00211	0.00349	0.27888	0.00420	0.00411
6	0.13056	0.45239	0.01828	0.00863	0.01220	0.05935	0.00776	0.12485	0.11714	0.01628	0.00897	0.00950	0.00732	0.00467	0.00355	0.00122	0.00488	0.00317	0.00292	0.00636
7	0.01130	0.01132	0.02087	0.13055	0.45701	0.01140	0.23841	0.03370	0.01096	0.01523	0.00906	0.01208	0.00724	0.00424	0.00494	0.00148	0.00636	0.00460	0.00238	0.00687
8	0.01302	0.01072	0.01140	0.00973	0.01273	0.01206	0.00769	0.19760	0.57436	0.02173	0.01677	0.01571	0.01251	0.00606	0.00470	0.00150	0.00405	0.00493	0.00466	0.05806
9	0.01584	0.19172	0.03277	0.01110	0.01398	0.51461	0.00900	0.06176	0.05900	0.01303	0.00806	0.00909	0.00667	0.00491	0.00439	0.00124	0.03119	0.00317	0.00259	0.00588
10	0.01085	0.01281	0.06177	0.07460	0.02427	0.01193	0.65326	0.01466	0.01073	0.01466	0.00921	0.01244	0.00698	0.00430	0.00604	0.00161	0.05602	0.00529	0.00233	0.00624
11	0.01138	0.52137	0.32976	0.01015	0.01533	0.01566	0.01170	0.01443	0.00973	0.01258	0.00730	0.00849	0.00602	0.00421	0.00359	0.00120	0.00579	0.00290	0.00201	0.00641
12	0.00569	0.00481	0.00494	0.00501	0.00657	0.00407	0.00382	0.00694	0.01075	0.01282	0.04642	0.04584	0.75721	0.01201	0.00563	0.00163	0.00250	0.05497	0.00438	0.00400
13	0.00650	0.00481	0.00606	0.00575	0.00694	0.00437	0.00431	0.00856	0.01294	0.01793	0.68311	0.03683	0.16438	0.01000	0.00556	0.00150	0.00225	0.00875	0.00506	0.00437
14	0.00897	0.00851	0.01455	0.79904	0.03224	0.01052	0.03617	0.01214	0.00948	0.01214	0.00841	0.01258	0.00631	0.00469	0.00474	0.00157	0.00633	0.00423	0.00210	0.00527
15	0.00574	0.00410	0.00547	0.00657	0.00684	0.00383	0.00438	0.00657	0.00903	0.01204	0.02599	0.83122	0.03119	0.01477	0.00602	0.00191	0.00274	0.01340	0.00438	0.00383
16	0.00560	0.00478	0.00481	0.00480	0.00638	0.00399	0.00360	0.00681	0.01080	0.01287	0.06359	0.04516	0.78707	0.01189	0.00557	0.00159	0.00238	0.00992	0.00440	0.00399
17	0.86760	0.00912	0.00693	0.00620	0.00912	0.01058	0.00511	0.01386	0.00802	0.02115	0.00657	0.00766	0.00511	0.00438	0.00292	0.00146	0.00365	0.00255	0.00292	0.00511
18	0.01113	0.01272	0.02782	0.01987	0.02464	0.01192	0.78776	0.01510	0.01113	0.01510	0.00954	0.01272	0.00715	0.00397	0.00556	0.00159	0.00795	0.00556	0.00238	0.00636
19	0.00886	0.00816	0.01158	0.01035	0.01067	0.01092	0.00843	0.01011	0.00735	0.01113	0.00888	0.01402	0.00863	0.04268	0.31816	0.00422	0.49432	0.00456	0.00226	0.00473
20	0.00574	0.00410	0.00547	0.00657	0.00684	0.00383	0.00438	0.00657	0.00903	0.01204	0.02599	0.83122	0.03119	0.01477	0.00602	0.00191	0.00274	0.01340	0.00438	0.00383
21	0.01096	0.01063	0.01835	0.07005	0.58219	0.01094	0.08139	0.01362	0.01033	0.01467	0.00989	0.06831	0.00892	0.00522	0.00560	0.00151	0.06318	0.00495	0.00245	0.00683
22	0.01343	0.16326	0.01360	0.00939	0.01226	0.13070	0.00763	0.18390	0.23783	0.03656	0.01566	0.08548	0.05730	0.00662	0.00452	0.00142	0.00483	0.00520	0.00389	0.00653
23	0.00677	0.00812	0.14260	0.00692	0.00915	0.00539	0.00644	0.00915	0.01168	0.01583	0.37248	0.07194	0.28126	0.00981	0.00542	0.00155	0.00315	0.02332	0.00433	0.00470
24	0.86760	0.00912	0.00693	0.00620	0.00912	0.01058	0.00511	0.01386	0.00802	0.02115	0.00657	0.00766	0.00511	0.00438	0.00292	0.00146	0.00365	0.00255	0.00292	0.00511
25	0.00581	0.00413	0.00545	0.00648	0.00674	0.00387	0.00429	0.00658	0.00890	0.01187	0.02533	0.78401	0.03036	0.06311	0.00708	0.00207	0.00284	0.01302	0.00429	0.00377
26	0.04410	0.30124	0.17600	0.01131	0.03394	0.20054	0.05277	0.03845	0.04810	0.01364	0.00884	0.00998	0.02177	0.00469	0.00412	0.00128	0.01722	0.00339	0.00242	0.00619
27	0.00982	0.00961	0.01718	0.53744	0.19630	0.01084	0.12524	0.01301	0.00995	0.01321	0.00865	0.01240	0.00666	0.00450	0.00483	0.00154	0.00638	0.00439	0.00219	0.00588
28	0.01401	0.01126	0.01195	0.01006	0.01313	0.01279	0.00802	0.30681	0.51089	0.02341	0.01629	0.01528	0.01204	0.00613	0.00477	0.00153	0.00427	0.00493	0.00477	0.00767
29	0.01806	0.00730	0.00982	0.00777	0.01086	0.00638	0.00633	0.01997	0.01329	0.63363	0.15338	0.01942	0.01734	0.00647	0.00481	0.00145	0.00362	0.00538	0.04750	0.00723
30	0.01212	0.41554	0.21137	0.01268	0.10473	0.03308	0.06523	0.01519	0.02909	0.04887	0.00834	0.00960	0.00672	0.00431	0.00388	0.00125	0.00577	0.00333	0.00232	0.00656
31	0.00980	0.00700	0.00846	0.00816	0.00961	0.00740	0.00623	0.13169	0.11977	0.06133	0.05181	0.36013	0.02284	0.03761	0.00655	0.00188	0.03351	0.10644	0.00446	0.00532
32	0.00574	0.00410	0.00547	0.00657	0.00684	0.00383	0.00438	0.00657	0.00903	0.01204	0.02599	0.83122	0.03119	0.01477	0.00602	0.00191	0.00274	0.01340	0.00438	0.00383
33	0.00734	0.00535	0.00724	0.00819	0.00934	0.00525	0.00710	0.00939	0.01084	0.01394	0.02782	0.05221	0.12423	0.01289	0.00639	0.00210	0.00410	0.67763	0.00435	0.00430
34	0.04779	0.01337	0.12036	0.04396	0.03470	0.06911	0.38218	0.03334	0.01148	0.11516	0.03317	0.04083	0.02171	0.00507	0.00507	0.00153	0.00660	0.00520	0.00301	0.00637
35	0.00946	0.02439	0.80987	0.01344	0.02041	0.01095	0.01742	0.01493	0.00995	0.01493	0.00846	0.00995	0.00597	0.00448	0.00448	0.00149	0.00697	0.00348	0.00199	0.00697
36	0.01800	0.01308	0.01407	0.01079	0.01456	0.01443	0.00891	0.76988	0.02195	0.04931	0.01150	0.01144	0.00811	0.00566	0.00472	0.00142	0.00516	0.00426	0.00474	0.00802
37	0.86760	0.00912	0.00693	0.00620	0.00912	0.01058	0.00511	0.01386	0.00802	0.02115	0.00657	0.00766	0.00511	0.00438	0.00292	0.00146	0.00365	0.00255	0.00292	0.00511
38	0.00858	0.00437	0.00447	0.00454	0.00559	0.00436	0.00337	0.01068	0.00983	0.01720	0.01611	0.07376	0.01340	0.00613	0.00348	0.00116	0.00223	0.00502	0.80136	0.00436
39	0.00890	0.00762	0.01177	0.46055	0.03909	0.00926	0.01014	0.02912	0.02916	0.01336	0.03893	0.01482	0.00946	0.01012	0.13351	0.00249	0.06315	0.00453	0.09890	0.00511
40	0.00574	0.00410	0.00547	0.00657	0.00684	0.00383	0.00438	0.00657	0.00903	0.01204	0.02599	0.83122	0.03119	0.01477	0.00602	0.00191	0.00274	0.01340	0.00438	0.00383
41	0.01106	0.43711	0.41115	0.01071	0.01619	0.01486	0.01267	0.01452	0.00976	0.01298	0.00749	0.00874	0.00601	0.00425	0.00374	0.00125	0.00599	0.00300	0.00200	0.00650
42	0.01032	0.01032	0.01444	0.01238	0.01238	0.01444	0.01032	0.01135	0.00722	0.01135	0.00619	0.01032	0.00619	0.00825	0.01547	0.00206	0.82567	0.00413	0.00206	0.00516
43	0.00978	0.00838	0.00978	0.00698	0.01117	0.00629	0.00559	0.01187	0.00978	0.01536	0.00838	0.00978	0.00698	0.00349	0.00349	0.00070	0.00349	0.00279	0.00279	0.86312
44	0.01915	0.00935	0.01149	0.00890	0.01245	0.00904	0.00732	0.24131	0.02947	0.52473	0.01825	0.01645	0.05735	0.00616	0.00478	0.00146	0.00425	0.00492	0.00541	0.00777
45	0.02030	0.00784	0.01067	0.00824	0.01174	0.00678	0.00678	0.02215	0.01349	0.76160	0.06483	0.01718	0.01361	0.00606	0.00479	0.00146	0.00391	0.00496	0.00580	0.00781
46	0.01746	0.05797	0.01189	0.00887	0.01225	0.00965	0.00728	0.10350	0.22311	0.45145	0.01791	0.01609	0.02868	0.00599	0.00467	0.00147	0.00409	0.00483	0.00518	0.00767
47	0.01165	0.01119	0.01890	0.02725	0.71934	0.01127	0.04452	0.01523	0.06500	0.01569	0.00961	0.01212	0.00793	0.00434	0.00471	0.00142	0.00557	0.00433	0.00251	0.00742
48	0.00686	0.00457	0.00514	0.00514	0.00514	0.00457	0.00286	0.00686	0.00686	0.00914	0.01486	0.03086	0.01714	0.83430	0.02400	0.00457	0.00457	0.00686	0.00286	0.00286
49	0.00909	0.00865	0.01470	0.75246	0.05388	0.01066	0.03613	0.01219	0.00945	0.01221	0.00836	0.01248	0.00634	0.00478	0.00505	0.00158	0.03030	0.00423	0.00211	0.00533
50	0.01065	0.03462	0.16482	0.01622	0.03512	0.01210	0.40935	0.01496	0.06895	0.01465	0.01039	0.01286	0.02733	0.00515	0.00685	0.00163	0.14061	0.00494	0.00248	0.00631
51	0.01019	0.01012	0.01419	0.01220	0.01223	0.01413	0.01015	0.01124	0.00723	0.01133	0.00642	0.01061	0.00639	0.00924	0.04459	0.00226	0.79608	0.00416	0.00208	0.00512
52	0.00660	0.00482	0.00620	0.00585	0.00700	0.00442	0.00439	0.00875	0.01316	0.01848	0.74963	0.03593	0.09752	0.00980	0.00556	0.00149	0.00224	0.00863	0.00513	0.00442
53	0.00683	0.00488	0.00671	0.00780	0.00855	0.00476	0.00626	0.00843	0.01009	0.01325	0.02539	0.37715	0.02882	0.01375	0.00631	0.00206	0.00367	0.45680	0.00436	0.00413
54	0.01374	0.51158	0.01989	0.00952	0.05039	0.01555	0.00822	0.16585	0.01238	0.07022	0.00974	0.04028	0.00841	0.00511	0.00375	0.00120	0.00486	0.02047	0.02235	0.00648
55	0.81767	0.00905	0.00717	0.00633	0.00929	0.01036	0.00521	0.01440	0.00835	0.06757	0.00728	0.00815	0.00549	0.00446	0.00303	0.00146	0.00367	0.00268	0.00309	0.00528
56	0.01199	0.67772	0.17871	0.00912	0.01373	0.01715	0.00990	0.01428	0.00965	0.01185	0.00693	0.00803	0.00604	0.00412	0.00331	0.00110	0.00542	0.00271	0.00201	0.00623
57	0.00819	0.00410	0.00614	0.00614	0.00614	0.00410	0.00410	0.00614	0.00614	0.00819	0.00819	0.01433	0.00819	0.01638	0.01843	0.86282	0.00410	0.00410	0.00205	0.00205
58	0.01417	0.01359	0.01204	0.01027	0.01278	0.23179	0.00809	0.23473	0.16144	0.01922	0.11022	0.01519	0.02775	0.00636	0.00563	0.00144	0.07679	0.00470	0.00387	0.02993
59	0.01159	0.01113	0.01900	0.05074	0.78367	0.01118	0.01443	0.01440	0.01070	0.01531	0.00886	0.01169	0.00744	0.00422	0.00467	0.00141	0.00562	0.00420	0.00233	0.00741
60	0.02058	0.00790	0.01076	0.00829	0.01184	0.00683	0.00683	0.02242	0.01349	0.77698	0.04955	0.01681	0.01297	0.00599	0.00477	0.00146	0.00394	0.00489	0.00581	0.00788
61	0.01260	0.75000	0.07704	0.00854	0.01276	0.01798	0.00873	0.04478	0.01010	0.01209	0.00687	0.00787	0.00612	0.00413	0.00319	0.00106	0.00518	0.00265	0.00212	0.00619
62	0.01239	0.01072	0.01290	0.01109	0.01209	0.09669	0.00905	0.04669	0.00957	0.11955	0.02549	0.04220	0.00906	0.00952	0.06473	0.00221	0.49300	0.00459	0.00290	0.00557
63	0.01238	0.79243	0.02384	0.00808	0.01197	0.01807	0.00798	0.01410	0.02323	0.01124	0.00700	0.00814	0.00641	0.00522	0.03262	0.00126	0.00530	0.00266	0.00208	0.00601
64	0.00574	0.00410	0.00547	0.00657	0.00684	0.00383	0.00438	0.00657	0.00903	0.01204	0.02599	0.83122	0.03119	0.01477	0.00602	0.00191	0.00274	0.01340	0.00438	0.00383
65	0.01360	0.03644	0.01933	0.07304	0.14388	0.27829	0.27235	0.05156	0.01218	0.02545	0.00945	0.01160	0.02160	0.00461	0.00481	0.00141	0.00729	0.00435	0.00255	0.00621
66	0.01047	0.07550	0.70423	0.01274	0.01930	0.01117	0.01610	0.01544	0.01018	0.06946	0.00904	0.01022	0.00637	0.00454	0.00440	0.00146	0.00664	0.00351	0.00226	0.00698
67	0.00574	0.00410	0.00547	0.00657	0.00684	0.00383	0.00438	0.00657	0.00903	0.01204	0.02599	0.83122	0.03119	0.01477	0.00602	0.00191	0.00274	0.01340	0.00438	0.00383
68	0.01057	0.01357	0.17445	0.14701	0.30091	0.01148	0.17069	0.01403	0.01014	0.01436	0.00861	0.01156	0.00681	0.00466	0.00580	0.00154	0.08069	0.00433	0.00222	0.00659
69	0.03854	0.06701	0.01173	0.00844	0.01194	0.02413	0.00692	0.23004	0.09767	0.06339	0.01384	0.01452	0.06457	0.00606	0.02172	0.00132	0.00435	0.01618	0.00379	0.29384
70	0.00613	0.00434	0.00552	0.00630	0.00663	0.00412	0.00422	0.00687	0.00874	0.01155	0.02436	0.55141	0.06435	0.20508	0.01021	0.00254	0.00326	0.06670	0.00402	0.00365
71	0.00584	0.00437	0.00543	0.00605	0.00676	0.00396	0.00420	0.00696	0.01007	0.01322	0.14614	0.52984	0.21328	0.01335	0.00585	0.00178	0.00258	0.01188	0.00450	0.00396
72	0.16380	0.28124	0.17519	0.06615	0.02401	0.16768	0.01004	0.01512	0.01015	0.02774	0.00744	0.00881	0.00600	0.00447	0.00385	0.00129	0.01574	0.00301	0.00233	0.00594
73	0.15059	0.08020	0.01423	0.04103	0.05753	0.24114	0.05449	0.18835	0.02794	0.01786	0.00954	0.01067	0.02675	0.00502	0.00439	0.00134	0.02160	0.00367	0.00307	0.04059
74	0.15109	0.05053	0.02803	0.04917	0.08819	0.01206	0.00873	0.34864	0.02584	0.15605	0.01119	0.01147	0.00797	0.00517	0.00432	0.00140	0.00480	0.00394	0.00405	0.02737

[dist]
# distance from previous block
# <min> <max>
2	13

[block]
# block no. 1 follows, 54 sequences, length 61
# corresponding to MSA columns:
# 542-602
name=unknown_B
#
# <colnr> <probs for GDERKNQSTAVLIFYWHMCP>
#	G	D	E	R	K	N	Q	S	T	A	V	L	I	F	Y	W	H	M	C	P
0	0.00617	0.00455	0.00571	0.00642	0.00707	0.00428	0.00450	0.02469	0.00969	0.01265	0.04001	0.56851	0.16778	0.04464	0.02487	0.00208	0.00310	0.05501	0.00430	0.00396
1	0.03023	0.00844	0.02666	0.00779	0.00986	0.05646	0.00616	0.13442	0.09537	0.07618	0.28945	0.12696	0.09534	0.00873	0.00518	0.00153	0.00358	0.00741	0.00465	0.00560
2	0.00957	0.05443	0.78085	0.01324	0.02010	0.01123	0.01708	0.01490	0.00994	0.01479	0.00839	0.00987	0.00598	0.00446	0.00443	0.00148	0.00690	0.00345	0.00199	0.00693
3	0.00758	0.00541	0.00757	0.00862	0.00970	0.00540	0.00752	0.00975	0.01092	0.01423	0.04394	0.05275	0.02756	0.01294	0.00649	0.00215	0.00429	0.75449	0.00436	0.00434
4	0.01161	0.01114	0.01902	0.04711	0.78721	0.01119	0.01444	0.01441	0.01071	0.01533	0.00886	0.01169	0.00744	0.00421	0.00467	0.00140	0.00562	0.00420	0.00233	0.00742
5	0.00686	0.00457	0.00514	0.00514	0.00514	0.00457	0.00286	0.00686	0.00686	0.00914	0.01486	0.03086	0.01714	0.83430	0.02400	0.00457	0.00457	0.00686	0.00286	0.00286
6	0.00580	0.00423	0.00547	0.00633	0.00681	0.00390	0.00430	0.00678	0.00956	0.01267	0.09116	0.68483	0.11269	0.01406	0.00593	0.00185	0.00266	0.01265	0.00444	0.00390
7	0.00579	0.00428	0.00542	0.00620	0.00677	0.00391	0.00424	0.00679	0.00968	0.01271	0.09267	0.63035	0.16619	0.01386	0.00590	0.00182	0.00263	0.01241	0.00444	0.00391
8	0.00589	0.00414	0.00547	0.00653	0.00684	0.00388	0.00440	0.00679	0.00909	0.01228	0.02558	0.78639	0.03040	0.01440	0.00593	0.00189	0.00275	0.02748	0.03602	0.00386
9	0.00946	0.02439	0.80987	0.01344	0.02041	0.01095	0.01742	0.01493	0.00995	0.01493	0.00846	0.00995	0.00597	0.00448	0.00448	0.00149	0.00697	0.00348	0.00199	0.00697
10	0.01113	0.01272	0.02782	0.01987	0.02464	0.01192	0.78776	0.01510	0.01113	0.01510	0.00954	0.01272	0.00715	0.00397	0.00556	0.00159	0.00795	0.00556	0.00238	0.00636
11	0.01162	0.01150	0.03715	0.02859	0.78702	0.01120	0.01454	0.01448	0.01072	0.01539	0.00886	0.01163	0.00743	0.00421	0.00466	0.00140	0.00563	0.00418	0.00233	0.00746
12	0.00674	0.00505	0.00758	0.00758	0.00842	0.00589	0.00589	0.00842	0.00758	0.01095	0.01263	0.01852	0.01179	0.03536	0.81561	0.00758	0.01263	0.00505	0.00253	0.00421
13	0.00574	0.00410	0.00547	0.00657	0.00684	0.00383	0.00438	0.00657	0.00903	0.01204	0.02599	0.83122	0.03119	0.01477	0.00602	0.00191	0.00274	0.01340	0.00438	0.00383
14	0.00946	0.02439	0.80987	0.01344	0.02041	0.01095	0.01742	0.01493	0.00995	0.01493	0.00846	0.00995	0.00597	0.00448	0.00448	0.00149	0.00697	0.00348	0.00199	0.00697
15	0.00788	0.00665	0.00850	0.00808	0.00865	0.04271	0.00613	0.00904	0.00760	0.01063	0.01175	0.01945	0.01177	0.21269	0.45503	0.00562	0.15598	0.00521	0.00251	0.00412
16	0.00574	0.00410	0.00547	0.00657	0.00684	0.00383	0.00438	0.00657	0.00903	0.01204	0.02599	0.83122	0.03119	0.01477	0.00602	0.00191	0.00274	0.01340	0.00438	0.00383
17	0.00997	0.15788	0.68090	0.01256	0.01904	0.01222	0.01588	0.01480	0.00989	0.01430	0.00815	0.00956	0.00599	0.00441	0.00424	0.00141	0.00665	0.00333	0.00200	0.00682
18	0.01229	0.50856	0.27611	0.00982	0.01477	0.01523	0.01098	0.01510	0.01002	0.07691	0.00814	0.00902	0.00648	0.00432	0.00363	0.00120	0.00558	0.00301	0.00232	0.00651
19	0.73400	0.00950	0.00774	0.02880	0.01019	0.03068	0.00564	0.05255	0.00913	0.04897	0.00747	0.00849	0.00568	0.00454	0.00316	0.00145	0.00390	0.00281	0.01996	0.00535
20	0.00901	0.00817	0.01169	0.37016	0.12639	0.05681	0.01002	0.01135	0.00989	0.01302	0.01393	0.19335	0.01378	0.00750	0.00499	0.00161	0.00511	0.06198	0.06611	0.00512
21	0.00769	0.00577	0.00732	0.00638	0.00815	0.00513	0.00489	0.00981	0.01233	0.03296	0.57923	0.04717	0.03455	0.00833	0.00536	0.00134	0.02317	0.00723	0.00459	0.18861
22	0.00588	0.00424	0.00545	0.00630	0.00669	0.00397	0.00421	0.00671	0.00904	0.01197	0.04521	0.65484	0.09348	0.09014	0.02633	0.00225	0.00309	0.01221	0.00421	0.00378
23	0.01176	0.61768	0.23671	0.00952	0.01434	0.01658	0.01059	0.01434	0.00968	0.01213	0.00707	0.00821	0.00603	0.00415	0.00342	0.00114	0.00556	0.00278	0.00201	0.00630
24	0.02115	0.00802	0.01094	0.00839	0.01204	0.00693	0.00693	0.02298	0.01350	0.80815	0.01860	0.01605	0.01167	0.00584	0.00474	0.00146	0.00401	0.00474	0.00584	0.00802
25	0.00574	0.00412	0.00545	0.00652	0.00683	0.00383	0.00436	0.00657	0.00907	0.01205	0.02651	0.81223	0.04983	0.01470	0.00601	0.00191	0.00273	0.01332	0.00438	0.00383
26	0.01046	0.01074	0.01679	0.01370	0.01453	0.01400	0.14700	0.01201	0.00791	0.01201	0.00678	0.01074	0.00636	0.00750	0.01373	0.00198	0.68190	0.00438	0.00212	0.00537
27	0.00679	0.00494	0.00640	0.00602	0.00716	0.00462	0.00452	0.00927	0.03126	0.01893	0.78448	0.03482	0.04380	0.00957	0.00554	0.00149	0.00226	0.00845	0.00518	0.00452
28	0.00574	0.00410	0.00547	0.00657	0.00684	0.00383	0.00438	0.00657	0.00903	0.01204	0.02599	0.83122	0.03119	0.01477	0.00602	0.00191	0.00274	0.01340	0.00438	0.00383
29	0.00890	0.00838	0.01414	0.82296	0.03247	0.01048	0.01309	0.01205	0.00943	0.01205	0.00838	0.01257	0.00629	0.00471	0.00471	0.00157	0.00629	0.00419	0.00210	0.00524
30	0.01725	0.02166	0.03259	0.01202	0.01462	0.73384	0.00925	0.06497	0.01371	0.01271	0.00765	0.00888	0.00629	0.00542	0.01812	0.00134	0.00834	0.00315	0.00256	0.00563
31	0.00946	0.02439	0.80987	0.01344	0.02041	0.01095	0.01742	0.01493	0.00995	0.01493	0.00846	0.00995	0.00597	0.00448	0.00448	0.00149	0.00697	0.00348	0.00199	0.00697
32	0.00574	0.00410	0.00547	0.00657	0.00684	0.00383	0.00438	0.00657	0.00903	0.01204	0.02599	0.83122	0.03119	0.01477	0.00602	0.00191	0.00274	0.01340	0.00438	0.00383
33	0.01199	0.01007	0.01067	0.00956	0.01225	0.01159	0.00745	0.02500	0.77445	0.04179	0.01917	0.01755	0.01432	0.00638	0.00480	0.00160	0.00374	0.00531	0.00483	0.00748
34	0.00978	0.00838	0.00978	0.00698	0.01117	0.00629	0.00559	0.01187	0.00978	0.01536	0.00838	0.00978	0.00698	0.00349	0.00349	0.00070	0.00349	0.00279	0.00279	0.86312
35	0.00574	0.00410	0.00547	0.00657	0.00684	0.00383	0.00438	0.00657	0.00903	0.01204	0.02599	0.83122	0.03119	0.01477	0.00602	0.00191	0.00274	0.01340	0.00438	0.00383
36	0.28760	0.01180	0.02073	0.01527	0.01939	0.03122	0.51614	0.01479	0.01018	0.01697	0.00852	0.01098	0.00647	0.00413	0.00468	0.00154	0.00657	0.00453	0.00256	0.00593
37	0.00994	0.00977	0.01373	0.01188	0.01197	0.01355	0.00985	0.01104	0.00726	0.01131	0.00686	0.01117	0.00677	0.01108	0.09888	0.00264	0.74091	0.00422	0.00211	0.00506
38	0.01709	0.08825	0.01440	0.01216	0.03034	0.73458	0.00913	0.01836	0.01300	0.01158	0.00726	0.00849	0.00610	0.00478	0.00416	0.00120	0.00816	0.00302	0.00239	0.00555
39	0.01069	0.00923	0.00967	0.00878	0.01127	0.01042	0.00681	0.02198	0.66412	0.01855	0.02400	0.02227	0.14713	0.00733	0.00493	0.00160	0.00351	0.00611	0.00473	0.00688
40	0.25258	0.09684	0.02582	0.00826	0.01173	0.05234	0.00696	0.17142	0.05383	0.08391	0.03400	0.01091	0.00843	0.00485	0.00382	0.00126	0.00437	0.00348	0.00353	0.16166
41	0.00919	0.00867	0.01465	0.74169	0.11153	0.01055	0.01324	0.01229	0.00956	0.01239	0.00843	0.01248	0.00641	0.00466	0.00471	0.00155	0.00622	0.00419	0.00212	0.00547
42	0.00665	0.00482	0.00627	0.00591	0.00703	0.00444	0.00443	0.00885	0.01329	0.01877	0.78584	0.03544	0.06113	0.00969	0.00556	0.00149	0.00223	0.00856	0.00517	0.00444
43	0.01032	0.01032	0.01444	0.01238	0.01238	0.01444	0.01032	0.01135	0.00722	0.01135	0.00619	0.01032	0.00619	0.00825	0.01547	0.00206	0.82567	0.00413	0.00206	0.00516
44	0.01045	0.01411	0.16265	0.08326	0.02386	0.01134	0.56127	0.01452	0.01077	0.01474	0.01067	0.01343	0.03629	0.00442	0.00531	0.00157	0.00744	0.00525	0.00237	0.00629
45	0.00573	0.00416	0.00542	0.00642	0.00680	0.00384	0.00431	0.00658	0.00916	0.01209	0.02772	0.76885	0.09243	0.01455	0.00598	0.00189	0.00271	0.01313	0.00438	0.00384
46	0.01792	0.01321	0.01415	0.01085	0.01462	0.01462	0.00896	0.78916	0.02217	0.02972	0.01132	0.01132	0.00802	0.00566	0.00472	0.00142	0.00519	0.00425	0.00472	0.00802
47	0.01805	0.01093	0.01252	0.00977	0.01325	0.01144	0.00800	0.49343	0.01851	0.27115	0.01466	0.07233	0.01084	0.00638	0.00482	0.00147	0.00464	0.00507	0.00504	0.00772
48	0.00669	0.00474	0.00626	0.00638	0.00678	0.00509	0.00437	0.00752	0.00740	0.01025	0.01501	0.10787	0.01620	0.39285	0.37582	0.00564	0.00798	0.00673	0.00287	0.00356
49	0.00760	0.00543	0.00760	0.00868	0.00977	0.00543	0.00760	0.00977	0.01085	0.01411	0.02496	0.05319	0.02714	0.01303	0.00651	0.00217	0.00434	0.77315	0.00434	0.00434
50	0.00760	0.00543	0.00760	0.00868	0.00977	0.00543	0.00760	0.00977	0.01085	0.01411	0.02496	0.05319	0.02714	0.01303	0.00651	0.00217	0.00434	0.77315	0.00434	0.00434
51	0.00879	0.00439	0.00439	0.00439	0.00549	0.00439	0.00330	0.01099	0.00989	0.01758	0.01538	0.01758	0.01209	0.00549	0.00330	0.00110	0.00220	0.00439	0.86047	0.00439
52	0.08524	0.01218	0.01287	0.01010	0.01366	0.03116	0.00828	0.55064	0.08367	0.12587	0.01242	0.01208	0.00873	0.00562	0.00457	0.00143	0.00487	0.00424	0.00467	0.00768
53	0.49081	0.07985	0.01057	0.00828	0.01120	0.21535	0.00669	0.05290	0.05768	0.01823	0.00774	0.00864	0.00613	0.00465	0.00346	0.00137	0.00507	0.00292	0.00292	0.00556
54	0.02900	0.01172	0.01282	0.32964	0.05375	0.18247	0.01002	0.05204	0.07453	0.07877	0.04510	0.01297	0.00918	0.00511	0.00453	0.00140	0.00584	0.00413	0.00303	0.07396
55	0.01136	0.28544	0.30115	0.03432	0.01717	0.01353	0.10860	0.01493	0.03040	0.05120	0.00857	0.01010	0.00668	0.00463	0.00490	0.00137	0.06236	0.00358	0.00233	0.02737
56	0.01002	0.15158	0.65361	0.01287	0.01928	0.01220	0.04836	0.01481	0.00995	0.01434	0.00821	0.00970	0.00603	0.00439	0.00430	0.00142	0.00671	0.00342	0.00201	0.00680
57	0.00574	0.00410	0.00547	0.00657	0.00684	0.00383	0.00438	0.00657	0.00903	0.01204	0.02599	0.83122	0.03119	0.01477	0.00602	0.00191	0.00274	0.01340	0.00438	0.00383
58	0.00931	0.00923	0.01720	0.08941	0.06122	0.00976	0.30546	0.01198	0.00962	0.01325	0.01235	0.04932	0.02803	0.01259	0.18036	0.00298	0.10473	0.06519	0.00262	0.00541
59	0.01278	0.01199	0.10605	0.05401	0.06155	0.01073	0.19947	0.07989	0.21556	0.13096	0.01446	0.01499	0.03138	0.00537	0.00490	0.00152	0.00544	0.00499	0.02698	0.00697
60	0.00873	0.02636	0.01357	0.70601	0.04460	0.01002	0.01208	0.01165	0.00962	0.01230	0.03014	0.03328	0.05173	0.00543	0.00477	0.00156	0.00585	0.00478	0.00235	0.00518

[dist]
# distance from previous block
# <min> <max>
0	8

[block]
# block no. 2 follows, 54 sequences, length 48
# corresponding to MSA columns:
# 611-636,665-686
name=unknown_C
#
# <colnr> <probs for GDERKNQSTAVLIFYWHMCP>
#	G	D	E	R	K	N	Q	S	T	A	V	L	I	F	Y	W	H	M	C	P
0	0.02325	0.00981	0.06181	0.09019	0.27565	0.02100	0.03687	0.01422	0.02977	0.13726	0.10716	0.10816	0.01508	0.00660	0.00541	0.00154	0.04060	0.00583	0.00346	0.00634
1	0.01808	0.01295	0.01399	0.01073	0.01449	0.01424	0.00886	0.75110	0.02174	0.06839	0.01168	0.01156	0.00820	0.00567	0.00472	0.00142	0.00513	0.00427	0.00477	0.00802
2	0.00890	0.00838	0.01414	0.82296	0.03247	0.01048	0.01309	0.01205	0.00943	0.01205	0.00838	0.01257	0.00629	0.00471	0.00471	0.00157	0.00629	0.00419	0.00210	0.00524
3	0.01702	0.01027	0.01137	0.03108	0.01306	0.06997	0.00761	0.08548	0.28641	0.38945	0.01709	0.01554	0.01176	0.00591	0.00472	0.00149	0.00441	0.00476	0.00503	0.00756
4	0.01272	0.00826	0.01170	0.18362	0.06724	0.04284	0.05247	0.01512	0.03431	0.26546	0.04935	0.15709	0.06448	0.00743	0.00506	0.00157	0.00462	0.00655	0.00407	0.00605
5	0.00596	0.00427	0.00566	0.00642	0.00689	0.00397	0.00439	0.00710	0.01001	0.01360	0.20236	0.65039	0.03421	0.01361	0.00591	0.00182	0.00262	0.01230	0.00456	0.00397
6	0.00721	0.00515	0.00715	0.00819	0.00912	0.00509	0.00688	0.00912	0.01058	0.01385	0.04840	0.20326	0.02844	0.01326	0.00639	0.00210	0.00397	0.60322	0.00437	0.00425
7	0.01370	0.61023	0.09592	0.00881	0.01299	0.05491	0.00884	0.01561	0.01032	0.11845	0.00839	0.00897	0.00680	0.00436	0.00345	0.00112	0.00525	0.00293	0.00255	0.00637
8	0.00975	0.00916	0.01516	0.53445	0.24011	0.01064	0.01302	0.01315	0.04198	0.01332	0.00943	0.01375	0.00758	0.00496	0.00495	0.00155	0.02071	0.02806	0.00234	0.00590
9	0.00588	0.00428	0.00554	0.00630	0.00683	0.00394	0.00432	0.00696	0.00987	0.01320	0.15231	0.63273	0.10304	0.01369	0.00590	0.00182	0.00262	0.01231	0.00451	0.00394
10	0.01108	0.01258	0.02703	0.01943	0.02391	0.01207	0.74161	0.01488	0.01090	0.01488	0.00934	0.01258	0.00710	0.00423	0.00615	0.00162	0.05649	0.00548	0.00237	0.00629
11	0.03170	0.01180	0.05158	0.08732	0.12180	0.02423	0.12212	0.25049	0.11493	0.06715	0.01378	0.01460	0.05570	0.00552	0.00484	0.00149	0.00542	0.00484	0.00369	0.00699
12	0.00678	0.00481	0.00632	0.00627	0.00677	0.00511	0.00435	0.00779	0.00803	0.01121	0.11962	0.02626	0.01856	0.38799	0.35407	0.00542	0.00764	0.00632	0.00303	0.00364
13	0.00591	0.00422	0.00564	0.00665	0.00702	0.00396	0.00457	0.00689	0.00939	0.01256	0.07202	0.73938	0.03174	0.01437	0.00602	0.00190	0.00280	0.05666	0.00442	0.00390
14	0.00978	0.00838	0.00978	0.00698	0.01117	0.00629	0.00559	0.01187	0.00978	0.01536	0.00838	0.00978	0.00698	0.00349	0.00349	0.00070	0.00349	0.00279	0.00279	0.86312
15	0.01119	0.00844	0.00996	0.00730	0.01134	0.00668	0.00585	0.01393	0.05689	0.10630	0.01019	0.01096	0.00796	0.00393	0.00371	0.00084	0.00357	0.00317	0.00326	0.71452
16	0.01630	0.06136	0.01369	0.01030	0.01365	0.05480	0.00845	0.44344	0.18842	0.09545	0.01305	0.01272	0.00946	0.00578	0.00495	0.00144	0.03034	0.00436	0.00448	0.00756
17	0.00610	0.00474	0.00557	0.00565	0.00687	0.00421	0.00423	0.00766	0.01143	0.01489	0.30805	0.14775	0.38742	0.01158	0.00568	0.00163	0.00249	0.05522	0.00466	0.00415
18	0.00760	0.00543	0.00760	0.00868	0.00977	0.00543	0.00760	0.00977	0.01085	0.01411	0.02496	0.05319	0.02714	0.01303	0.00651	0.00217	0.00434	0.77315	0.00434	0.00434
19	0.00624	0.00446	0.00604	0.00713	0.00762	0.00426	0.00524	0.00742	0.00952	0.01259	0.02571	0.62264	0.03010	0.01430	0.00615	0.00198	0.00317	0.21708	0.00437	0.00397
20	0.01205	0.00881	0.01036	0.00755	0.01162	0.00719	0.00609	0.08966	0.01148	0.11964	0.01000	0.01074	0.00769	0.00401	0.00377	0.00087	0.00373	0.00319	0.00338	0.66818
21	0.00978	0.00838	0.00978	0.00698	0.01117	0.00629	0.00559	0.01187	0.00978	0.01536	0.00838	0.00978	0.00698	0.00349	0.00349	0.00070	0.00349	0.00279	0.00279	0.86312
22	0.08244	0.05015	0.01363	0.51317	0.07096	0.03166	0.01106	0.05795	0.01001	0.01378	0.00877	0.01288	0.00713	0.05481	0.02749	0.00185	0.02036	0.00412	0.00239	0.00540
23	0.00890	0.00838	0.01414	0.82296	0.03247	0.01048	0.01309	0.01205	0.00943	0.01205	0.00838	0.01257	0.00629	0.00471	0.00471	0.00157	0.00629	0.00419	0.00210	0.00524
24	0.00574	0.00410	0.00547	0.00657	0.00684	0.00383	0.00438	0.00657	0.00903	0.01204	0.02599	0.83122	0.03119	0.01477	0.00602	0.00191	0.00274	0.01340	0.00438	0.00383
25	0.00981	0.00973	0.01512	0.37553	0.04335	0.03005	0.06752	0.01207	0.00873	0.01203	0.00774	0.01180	0.00654	0.00718	0.03894	0.00198	0.33016	0.00427	0.00213	0.00531
26	0.01547	0.01171	0.05072	0.01036	0.02567	0.05113	0.00855	0.27214	0.21328	0.18020	0.03175	0.01552	0.01152	0.00657	0.01574	0.00159	0.03776	0.02844	0.00454	0.00734
27	0.00574	0.00410	0.00547	0.00657	0.00684	0.00383	0.00438	0.00657	0.00903	0.01204	0.02599	0.83122	0.03119	0.01477	0.00602	0.00191	0.00274	0.01340	0.00438	0.00383
28	0.00574	0.00410	0.00547	0.00657	0.00684	0.00383	0.00438	0.00657	0.00903	0.01204	0.02599	0.83122	0.03119	0.01477	0.00602	0.00191	0.00274	0.01340	0.00438	0.00383
29	0.01353	0.02854	0.01287	0.04336	0.03723	0.13737	0.11163	0.12537	0.05921	0.11745	0.02663	0.03641	0.02604	0.00565	0.00447	0.00137	0.00506	0.00478	0.19692	0.00612
30	0.01113	0.01272	0.02782	0.01987	0.02464	0.01192	0.78776	0.01510	0.01113	0.01510	0.00954	0.01272	0.00715	0.00397	0.00556	0.00159	0.00795	0.00556	0.00238	0.00636
31	0.04195	0.00824	0.01096	0.00842	0.01206	0.00730	0.00696	0.05022	0.01367	0.76080	0.01804	0.01567	0.01138	0.00579	0.00470	0.00146	0.00405	0.00467	0.00572	0.00795
32	0.00804	0.00525	0.00674	0.00634	0.00767	0.00489	0.00476	0.01049	0.04687	0.08931	0.56653	0.13072	0.07432	0.00989	0.00551	0.00154	0.00252	0.00871	0.00509	0.00481
33	0.01057	0.06490	0.64366	0.01231	0.01844	0.01070	0.01519	0.01547	0.02697	0.08656	0.01027	0.04637	0.00777	0.00507	0.00450	0.00149	0.00634	0.00402	0.00250	0.00689
34	0.00704	0.00564	0.00864	0.00870	0.00960	0.00566	0.07660	0.00856	0.00969	0.01298	0.03824	0.47758	0.02663	0.01281	0.00668	0.00196	0.05394	0.22070	0.00406	0.00429
35	0.01113	0.01272	0.02782	0.01987	0.02464	0.01192	0.78776	0.01510	0.01113	0.01510	0.00954	0.01272	0.00715	0.00397	0.00556	0.00159	0.00795	0.00556	0.00238	0.00636
36	0.01461	0.01272	0.01306	0.03849	0.14704	0.18480	0.00923	0.10305	0.22960	0.12571	0.03392	0.01483	0.01111	0.00576	0.00483	0.00146	0.01556	0.02344	0.00388	0.00692
37	0.01141	0.06109	0.13270	0.01371	0.02915	0.04714	0.30000	0.04795	0.01125	0.08663	0.02970	0.13565	0.01221	0.00692	0.02038	0.00168	0.02057	0.02263	0.00312	0.00610
38	0.01025	0.01064	0.01704	0.39680	0.06313	0.07332	0.18649	0.01303	0.00987	0.01277	0.00911	0.05001	0.00767	0.00546	0.00634	0.00162	0.11378	0.00483	0.00230	0.00554
39	0.00879	0.00439	0.00439	0.00439	0.00549	0.00439	0.00330	0.01099	0.00989	0.01758	0.01538	0.01758	0.01209	0.00549	0.00330	0.00110	0.00220	0.00439	0.86047	0.00439
40	0.01147	0.04319	0.01279	0.11910	0.03017	0.03448	0.05130	0.11043	0.25302	0.01751	0.01319	0.05398	0.01080	0.00564	0.00453	0.00136	0.00462	0.01871	0.00358	0.20011
41	0.00763	0.00563	0.00754	0.00722	0.00777	0.00664	0.00543	0.00889	0.00771	0.01160	0.01262	0.02011	0.01228	0.21975	0.37658	0.00501	0.13257	0.00525	0.13573	0.00406
42	0.01032	0.01032	0.01444	0.01238	0.01238	0.01444	0.01032	0.01135	0.00722	0.01135	0.00619	0.01032	0.00619	0.00825	0.01547	0.00206	0.82567	0.00413	0.00206	0.00516
43	0.01383	0.23784	0.01414	0.00881	0.01158	0.28796	0.00724	0.01531	0.01195	0.11924	0.09280	0.01745	0.13084	0.00630	0.00431	0.00127	0.00542	0.00471	0.00334	0.00564
44	0.01177	0.00823	0.00954	0.00881	0.01115	0.00882	0.00712	0.03103	0.40255	0.14069	0.04549	0.02806	0.06467	0.00833	0.00527	0.00171	0.00382	0.19160	0.00483	0.00651
45	0.01484	0.01004	0.02645	0.01279	0.12285	0.00974	0.07452	0.09201	0.04953	0.27790	0.01246	0.01294	0.00896	0.00532	0.00583	0.00140	0.09979	0.00429	0.00388	0.15446
46	0.01027	0.00888	0.03255	0.11895	0.01460	0.03104	0.10362	0.07855	0.15223	0.01459	0.02736	0.01766	0.02526	0.06734	0.00968	0.20164	0.02281	0.03656	0.02137	0.00506
47	0.07078	0.05530	0.22314	0.03758	0.04944	0.03061	0.20787	0.05482	0.03180	0.01589	0.00979	0.05154	0.00802	0.00481	0.00454	0.00139	0.00596	0.00442	0.00264	0.12968

[dist]
# distance from previous block
# <min> <max>
0	20

[block]
# block no. 3 follows, 54 sequences, length 13
# corresponding to MSA columns:
# 707-719
name=unknown_D
#
# <colnr> <probs for GDERKNQSTAVLIFYWHMCP>
#	G	D	E	R	K	N	Q	S	T	A	V	L	I	F	Y	W	H	M	C	P
0	0.09157	0.13083	0.06131	0.00824	0.01141	0.01032	0.00715	0.03924	0.24348	0.07660	0.09027	0.04547	0.05062	0.00620	0.00433	0.00137	0.00391	0.00497	0.00388	0.10882
1	0.20237	0.03323	0.09703	0.00989	0.01329	0.22430	0.00858	0.16804	0.07173	0.08809	0.01015	0.01061	0.00752	0.00507	0.00410	0.00138	0.00562	0.00356	0.02903	0.00640
2	0.00711	0.00552	0.00635	0.00661	0.00762	0.03351	0.00477	0.00824	0.01004	0.04261	0.07285	0.44846	0.22597	0.01239	0.00603	0.00173	0.03233	0.02870	0.00427	0.03487
3	0.01010	0.13348	0.33787	0.01091	0.01548	0.08290	0.06941	0.01375	0.03842	0.01383	0.01558	0.04478	0.13748	0.00601	0.00453	0.00140	0.00571	0.00490	0.00268	0.05077
4	0.01571	0.06468	0.01326	0.01095	0.01369	0.55225	0.00843	0.06384	0.06518	0.01353	0.00860	0.00974	0.00705	0.00596	0.03462	0.00142	0.00741	0.00328	0.00274	0.09764
5	0.00877	0.04916	0.00779	0.00635	0.00801	0.00616	0.00486	0.03839	0.06355	0.08547	0.37390	0.03172	0.18910	0.09750	0.00726	0.00181	0.00302	0.00764	0.00462	0.00490
6	0.01725	0.01287	0.01377	0.01071	0.01437	0.01431	0.00880	0.70636	0.10606	0.02863	0.01217	0.01200	0.00871	0.00574	0.00473	0.00143	0.00503	0.00436	0.00473	0.00796
7	0.00574	0.00410	0.00547	0.00657	0.00684	0.00383	0.00438	0.00657	0.00903	0.01204	0.02599	0.83122	0.03119	0.01477	0.00602	0.00191	0.00274	0.01340	0.00438	0.00383
8	0.00586	0.00418	0.00560	0.00669	0.00701	0.00393	0.00457	0.00676	0.00914	0.01216	0.02593	0.78444	0.03094	0.01467	0.00605	0.00193	0.00283	0.05908	0.00437	0.00386
9	0.00955	0.00631	0.00779	0.00704	0.00871	0.00623	0.00538	0.07168	0.09954	0.10369	0.49243	0.11084	0.03352	0.00910	0.00537	0.00153	0.00286	0.00794	0.00510	0.00537
10	0.01228	0.75398	0.10504	0.00862	0.01295	0.01787	0.00902	0.01420	0.00962	0.01149	0.00675	0.00781	0.00604	0.00408	0.00317	0.00106	0.00524	0.00262	0.00201	0.00614
11	0.01045	0.01041	0.01492	0.01407	0.09346	0.01411	0.01074	0.01167	0.00758	0.01176	0.00646	0.01045	0.00632	0.00784	0.01437	0.00200	0.74176	0.00413	0.00209	0.00539
12	0.01284	0.03724	0.01206	0.07115	0.03737	0.08451	0.00826	0.22855	0.03622	0.04632	0.01229	0.08703	0.01068	0.00683	0.00641	0.00153	0.14544	0.01909	0.13018	0.00601

[dist]
# distance from previous block
# <min> <max>
3	9

[block]
# block no. 4 follows, 54 sequences, length 47
# corresponding to MSA columns:
# 731-777
name=unknown_E
#
# <colnr> <probs for GDERKNQSTAVLIFYWHMCP>
#	G	D	E	R	K	N	Q	S	T	A	V	L	I	F	Y	W	H	M	C	P
0	0.01151	0.34570	0.39771	0.01109	0.01630	0.04925	0.01269	0.05267	0.01046	0.01387	0.00772	0.00902	0.00612	0.00451	0.00428	0.00130	0.03399	0.00314	0.00216	0.00653
1	0.17922	0.03341	0.06119	0.01404	0.01778	0.03886	0.36923	0.05266	0.02509	0.03582	0.00993	0.01355	0.00803	0.00580	0.02575	0.00173	0.05397	0.04514	0.00279	0.00602
2	0.00680	0.00458	0.00513	0.00513	0.00520	0.00455	0.00289	0.00685	0.00702	0.00930	0.01627	0.03148	0.05092	0.79894	0.02321	0.00444	0.00448	0.00699	0.00292	0.00291
3	0.00978	0.00838	0.00978	0.00698	0.01117	0.00629	0.00559	0.01187	0.00978	0.01536	0.00838	0.00978	0.00698	0.00349	0.00349	0.00070	0.00349	0.00279	0.00279	0.86312
4	0.00824	0.00527	0.00598	0.00612	0.00736	0.00531	0.00479	0.02257	0.07979	0.01643	0.07495	0.10248	0.08918	0.00875	0.00468	0.00150	0.00286	0.15606	0.39304	0.00462
5	0.01006	0.01274	0.14882	0.01419	0.03136	0.01232	0.20322	0.01260	0.00872	0.01285	0.00813	0.01203	0.00711	0.03271	0.06453	0.00228	0.39394	0.00452	0.00219	0.00567
6	0.01276	0.01016	0.01097	0.00940	0.01240	0.01122	0.00741	0.10589	0.58979	0.06673	0.01725	0.01606	0.01282	0.00600	0.00466	0.00148	0.00388	0.00493	0.00465	0.09155
7	0.00686	0.00558	0.00614	0.00610	0.00756	0.00534	0.00452	0.02220	0.12811	0.01470	0.13527	0.19633	0.42133	0.01128	0.00553	0.00164	0.00268	0.00968	0.00455	0.00459
8	0.01108	0.01258	0.02704	0.01943	0.02392	0.01207	0.74205	0.01488	0.01090	0.01488	0.00934	0.01258	0.00710	0.00423	0.00615	0.00162	0.05603	0.00548	0.00237	0.00629
9	0.00639	0.00491	0.00586	0.00563	0.00693	0.00444	0.00422	0.00849	0.02975	0.01670	0.51360	0.05189	0.30309	0.01044	0.00556	0.00153	0.00232	0.00903	0.00489	0.00434
10	0.00574	0.00410	0.00547	0.00657	0.00684	0.00383	0.00438	0.00657	0.00903	0.01204	0.02599	0.83122	0.03119	0.01477	0.00602	0.00191	0.00274	0.01340	0.00438	0.00383
11	0.01661	0.01988	0.01307	0.01173	0.01420	0.63479	0.00891	0.06436	0.12109	0.01372	0.00912	0.00997	0.00733	0.00522	0.00469	0.00130	0.03181	0.00345	0.00288	0.00588
12	0.04169	0.56323	0.17849	0.00949	0.01390	0.09958	0.00993	0.01476	0.00999	0.01224	0.00701	0.00814	0.00601	0.00422	0.00344	0.00114	0.00574	0.00277	0.00209	0.00614
13	0.01032	0.01032	0.01444	0.01238	0.01238	0.01444	0.01032	0.01135	0.00722	0.01135	0.00619	0.01032	0.00619	0.00825	0.01547	0.00206	0.82567	0.00413	0.00206	0.00516
14	0.01020	0.00589	0.00611	0.00558	0.00712	0.00617	0.00432	0.12953	0.03143	0.01932	0.01479	0.01665	0.01152	0.00626	0.02307	0.00132	0.00294	0.00441	0.68835	0.00502
15	0.01261	0.83713	0.02471	0.00807	0.01210	0.01866	0.00807	0.01412	0.00958	0.01109	0.00656	0.00756	0.00605	0.00403	0.00303	0.00101	0.00504	0.00252	0.00202	0.00605
16	0.00946	0.02439	0.80987	0.01344	0.02041	0.01095	0.01742	0.01493	0.00995	0.01493	0.00846	0.00995	0.00597	0.00448	0.00448	0.00149	0.00697	0.00348	0.00199	0.00697
17	0.00667	0.00482	0.00630	0.00593	0.00704	0.00445	0.00445	0.00890	0.01335	0.01891	0.80239	0.03522	0.04449	0.00964	0.00556	0.00148	0.00222	0.00853	0.00519	0.00445
18	0.00819	0.00410	0.00614	0.00614	0.00614	0.00410	0.00410	0.00614	0.00614	0.00819	0.00819	0.01433	0.00819	0.01638	0.01843	0.86282	0.00410	0.00410	0.00205	0.00205
19	0.00701	0.00499	0.00657	0.00650	0.00701	0.00545	0.00453	0.02321	0.00753	0.01047	0.01365	0.02416	0.01422	0.40954	0.42816	0.00604	0.00870	0.00588	0.00272	0.00365
20	0.00872	0.00441	0.00446	0.00445	0.00555	0.00440	0.00334	0.01092	0.01001	0.01762	0.04224	0.01818	0.01319	0.00563	0.00337	0.00111	0.00220	0.00454	0.83128	0.00440
21	0.01115	0.01082	0.01881	0.16452	0.58394	0.01115	0.08079	0.01438	0.03083	0.01491	0.00911	0.01207	0.00742	0.00433	0.00476	0.00145	0.00587	0.00435	0.00236	0.00699
22	0.00697	0.00453	0.00523	0.00523	0.00523	0.00453	0.00297	0.00679	0.00679	0.00906	0.01427	0.02939	0.01635	0.76184	0.02351	0.08060	0.00453	0.00661	0.00279	0.00279
23	0.01792	0.01321	0.01415	0.01085	0.01462	0.01462	0.00896	0.78916	0.02217	0.02972	0.01132	0.01132	0.00802	0.00566	0.00472	0.00142	0.00519	0.00425	0.00472	0.00802
24	0.00978	0.00838	0.00978	0.00698	0.01117	0.00629	0.00559	0.01187	0.00978	0.01536	0.00838	0.00978	0.00698	0.00349	0.00349	0.00070	0.00349	0.00279	0.00279	0.86312
25	0.01341	0.70668	0.02289	0.00872	0.01250	0.14623	0.00823	0.01487	0.01019	0.01116	0.00667	0.00771	0.00605	0.00417	0.00322	0.00104	0.00560	0.00260	0.00208	0.00596
26	0.86760	0.00912	0.00693	0.00620	0.00912	0.01058	0.00511	0.01386	0.00802	0.02115	0.00657	0.00766	0.00511	0.00438	0.00292	0.00146	0.00365	0.00255	0.00292	0.00511
27	0.00812	0.00642	0.00885	0.06820	0.10821	0.00660	0.00686	0.07827	0.05124	0.01445	0.02095	0.54470	0.02349	0.01148	0.00559	0.00177	0.00364	0.02219	0.00401	0.00495
28	0.01137	0.01089	0.01859	0.11634	0.71986	0.01112	0.01432	0.01420	0.01059	0.01503	0.00882	0.01177	0.00734	0.00426	0.00467	0.00142	0.00568	0.00420	0.00231	0.00722
29	0.00574	0.00410	0.00547	0.00657	0.00684	0.00383	0.00438	0.00657	0.00903	0.01204	0.02599	0.83122	0.03119	0.01477	0.00602	0.00191	0.00274	0.01340	0.00438	0.00383
30	0.02115	0.00802	0.01094	0.00839	0.01204	0.00693	0.00693	0.02298	0.01350	0.80815	0.01860	0.01605	0.01167	0.00584	0.00474	0.00146	0.00401	0.00474	0.00584	0.00802
31	0.01228	0.01040	0.01097	0.00971	0.01247	0.01198	0.00760	0.09274	0.72778	0.02061	0.01849	0.01704	0.01383	0.00633	0.00479	0.00158	0.00386	0.00523	0.00479	0.00751
32	0.86760	0.00912	0.00693	0.00620	0.00912	0.01058	0.00511	0.01386	0.00802	0.02115	0.00657	0.00766	0.00511	0.00438	0.00292	0.00146	0.00365	0.00255	0.00292	0.00511
33	0.03718	0.01311	0.01399	0.01074	0.01450	0.01453	0.00887	0.77159	0.02185	0.02952	0.01121	0.01124	0.00795	0.00563	0.00468	0.00142	0.00515	0.00421	0.00468	0.00795
34	0.01167	0.01120	0.01914	0.02894	0.80488	0.01120	0.01447	0.01447	0.01074	0.01540	0.00887	0.01167	0.00747	0.00420	0.00467	0.00140	0.00560	0.00420	0.00233	0.00747
35	0.01261	0.83713	0.02471	0.00807	0.01210	0.01866	0.00807	0.01412	0.00958	0.01109	0.00656	0.00756	0.00605	0.00403	0.00303	0.00101	0.00504	0.00252	0.00202	0.00605
36	0.04624	0.01111	0.01089	0.00991	0.01230	0.14650	0.03077	0.09596	0.27222	0.05163	0.01698	0.02412	0.01491	0.00760	0.00505	0.00164	0.00494	0.20541	0.02563	0.00619
37	0.01353	0.01188	0.01130	0.00988	0.01258	0.12185	0.00769	0.13589	0.49781	0.05050	0.01607	0.01583	0.01223	0.03488	0.02513	0.00176	0.00486	0.00488	0.00438	0.00706
38	0.00718	0.00491	0.00631	0.00590	0.00712	0.00450	0.00444	0.00933	0.01309	0.04544	0.70561	0.03455	0.08580	0.00950	0.00546	0.00148	0.00229	0.00834	0.03421	0.00454
39	0.00619	0.00527	0.00542	0.00554	0.00703	0.02255	0.00429	0.00751	0.01076	0.01292	0.05499	0.04514	0.63933	0.03314	0.00616	0.00174	0.00286	0.12082	0.00430	0.00405
